Date,Country/Region,Province/State,Admin2,Confirmed,Deaths,Recovered,Latitude,Longitude,FIPS,Incidence_Rate,Case-Fatality_Ratio,Active Cases,Previous Confirmed,Previous Deaths,Previous Recovered,Previous Active,Prev2 Confirmed,Population,Daily Confirmed,Daily Deaths,Daily Recovered,Daily Active,Previous Daily Confirmed
2020-08-22,US,Alabama,Autauga,1264,22,0,32.53952745,-86.64408227,1001.0,2262.4353398127764,1.7405063291139242,1242,1255,22,0,1233,1240,55601,9,0,0,9,15
2020-08-22,US,Alabama,Baldwin,4037,32,0,30.72774991,-87.72207058,1003.0,1808.4162806740908,0.7926678226405747,4005,3997,32,0,3965,3957,218022,40,0,0,40,40
2020-08-22,US,Alabama,Barbour,626,7,0,31.868263,-85.3871286,1005.0,2535.850279510653,1.1182108626198084,619,622,7,0,615,619,24881,4,0,0,4,3
2020-08-22,US,Alabama,Bibb,503,6,0,32.99642064,-87.12511459999996,1007.0,2246.137358220952,1.1928429423459244,497,501,6,0,495,494,22400,2,0,0,2,7
2020-08-22,US,Alabama,Blount,931,6,0,33.98210918,-86.56790593,1009.0,1610.0024210562722,0.644468313641246,925,930,6,0,924,912,57840,1,0,0,1,18
2020-08-22,US,Alabama,Bullock,527,13,0,32.10030533,-85.71265535,1011.0,5217.305217305217,2.4667931688804554,514,528,13,0,515,527,10138,-1,0,0,-1,1
2020-08-22,US,Alabama,Butler,802,36,0,31.75300095,-86.68057478,1013.0,4123.8173591114755,4.488778054862842,766,802,36,0,766,796,19680,0,0,0,0,6
2020-08-22,US,Alabama,Calhoun,2134,23,0,33.77483727,-85.82630386,1015.0,1878.438449011928,1.0777881911902532,2111,2105,23,0,2082,2072,114277,29,0,0,29,33
2020-08-22,US,Alabama,Chambers,869,38,0,32.91360079,-85.39072749,1017.0,2613.2194623203227,4.372842347525892,831,865,38,0,827,861,33615,4,0,0,4,4
2020-08-22,US,Alabama,Cherokee,330,9,0,34.17805983,-85.60638968,1019.0,1259.734310581768,2.727272727272727,321,324,9,0,315,319,26032,6,0,0,6,5
2020-08-22,US,Alabama,Chilton,923,10,0,32.85044126,-86.7173256,1021.0,2077.5186819123073,1.0834236186348862,913,912,10,0,902,891,44153,11,0,0,11,21
2020-08-22,US,Alabama,Choctaw,304,12,0,32.02227341,-88.26564429999998,1023.0,2414.8065771705456,3.947368421052632,292,304,12,0,292,301,12841,0,0,0,0,3
2020-08-22,US,Alabama,Clarke,882,10,0,31.68099859,-87.83548597,1025.0,3733.807467614936,1.1337868480725624,872,877,10,0,867,861,23920,5,0,0,5,16
2020-08-22,US,Alabama,Clay,316,6,0,33.26984193,-85.85836077,1027.0,2387.6086135247447,1.8987341772151896,310,317,5,0,312,314,13275,-1,1,0,-2,3
2020-08-22,US,Alabama,Cleburne,176,4,0,33.67679204,-85.52005899,1029.0,1180.4158283031522,2.272727272727273,172,171,3,0,168,169,14987,5,1,0,4,2
2020-08-22,US,Alabama,Coffee,899,5,0,31.39932826,-85.98901039,1031.0,1717.5499598792558,0.5561735261401557,894,861,5,0,856,850,51909,38,0,0,38,11
2020-08-22,US,Alabama,Colbert,1337,19,0,34.69847452,-87.80168544,1033.0,2420.3037598884885,1.4210919970082274,1318,1327,19,0,1308,1316,54762,10,0,0,10,11
2020-08-22,US,Alabama,Conecuh,420,11,0,31.43401703,-86.99320044,1035.0,3480.5668351703002,2.619047619047619,409,417,11,0,406,412,12277,3,0,0,3,5
2020-08-22,US,Alabama,Coosa,112,3,0,32.93690146,-86.24847739,1037.0,1050.3610616149301,2.6785714285714284,109,111,3,0,108,109,10715,1,0,0,1,2
2020-08-22,US,Alabama,Covington,817,22,0,31.247785399999998,-86.45050893,1039.0,2205.18772436503,2.692778457772338,795,808,22,0,786,794,36986,9,0,0,9,14
2020-08-22,US,Alabama,Crenshaw,366,13,0,31.72941803,-86.31593104,1041.0,2657.5660760964274,3.551912568306011,353,363,13,0,350,361,13824,3,0,0,3,2
2020-08-22,US,Alabama,Cullman,1361,12,0,34.13020303,-86.86888037,1043.0,1624.7254321459268,0.881704628949302,1349,1346,12,0,1334,1326,83442,15,0,0,15,20
2020-08-22,US,Alabama,Dale,954,36,0,31.43037123,-85.61095742,1045.0,1940.1285284308144,3.7735849056603774,918,902,35,0,867,893,48956,52,1,0,51,9
2020-08-22,US,Alabama,Dallas,1402,25,0,32.32688101,-87.10866709999998,1047.0,3769.222497042693,1.7831669044222542,1377,1400,25,0,1375,1388,38310,2,0,0,2,12
2020-08-22,US,Alabama,DeKalb,1976,14,0,34.45946862,-85.80782906,1049.0,2763.1339756407924,0.7085020242914979,1962,1969,14,0,1955,1951,71385,7,0,0,7,18
2020-08-22,US,Alabama,Elmore,1909,42,0,32.59785413,-86.14415284,1051.0,2350.724673373641,2.200104766893661,1867,1899,42,0,1857,1882,81887,10,0,0,10,17
2020-08-22,US,Alabama,Escambia,1169,20,0,31.1256789,-87.15918694,1053.0,3191.111839052221,1.710863986313088,1149,1161,20,0,1141,1152,36748,8,0,0,8,9
2020-08-22,US,Alabama,Etowah,2479,37,0,34.04567266,-86.04051873,1055.0,2424.0231548480465,1.492537313432836,2442,2455,37,0,2418,2392,102501,24,0,0,24,63
2020-08-22,US,Alabama,Fayette,265,6,0,33.72076938,-87.73886638,1057.0,1625.5674150410991,2.2641509433962264,259,260,6,0,254,256,16433,5,0,0,5,4
2020-08-22,US,Alabama,Franklin,1423,22,0,34.44235334,-87.84289505,1059.0,4537.338179963012,1.5460295151089247,1401,1418,22,0,1396,1406,31363,5,0,0,5,12
2020-08-22,US,Alabama,Geneva,345,2,0,31.09389027,-85.83572839,1061.0,1313.2351261847666,0.5797101449275363,343,307,2,0,305,306,26314,38,0,0,38,1
2020-08-22,US,Alabama,Greene,268,14,0,32.85504247,-87.95684022,1063.0,3304.1548514363208,5.223880597014926,254,269,14,0,255,268,8233,-1,0,0,-1,1
2020-08-22,US,Alabama,Hale,512,26,0,32.76039258,-87.63284988,1065.0,3494.6420039587742,5.078125,486,509,26,0,483,507,14726,3,0,0,3,2
2020-08-22,US,Alabama,Henry,301,3,0,31.51148016,-85.24267944,1067.0,1749.4914269107815,0.9966777408637874,298,281,3,0,278,278,17209,20,0,0,20,3
2020-08-22,US,Alabama,Houston,1725,14,0,31.15197924,-85.29939599,1069.0,1629.172097240324,0.8115942028985508,1711,1596,14,0,1582,1568,104722,129,0,0,129,28
2020-08-22,US,Alabama,Jackson,1208,5,0,34.78144169,-85.99750489,1071.0,2339.90624878937,0.4139072847682119,1203,1193,5,0,1188,1170,51736,15,0,0,15,23
2020-08-22,US,Alabama,Jefferson,14579,285,0,33.55554728,-86.89506300000002,1073.0,2213.725737313859,1.9548665889292816,14294,14538,279,0,14259,14419,659300,41,6,0,35,119
2020-08-22,US,Alabama,Lamar,259,2,0,33.77995024,-88.09668032,1075.0,1876.1318362911984,0.7722007722007722,257,259,2,0,257,255,13844,0,0,0,0,4
2020-08-22,US,Alabama,Lauderdale,1320,22,0,34.90171875,-87.65624729,1077.0,1423.5028955342993,1.6666666666666667,1298,1308,22,0,1286,1287,92387,12,0,0,12,21
2020-08-22,US,Alabama,Lawrence,396,4,0,34.52041498,-87.31069453,1079.0,1202.7700157939494,1.0101010101010102,392,389,4,0,385,383,32957,7,0,0,7,6
2020-08-22,US,Alabama,Lee,2916,47,0,32.60154883,-85.35132246,1081.0,1772.191902371431,1.6117969821673526,2869,2908,47,0,2861,2899,163941,8,0,0,8,9
2020-08-22,US,Alabama,Limestone,1522,14,0,34.81185586,-86.98310072,1083.0,1538.6948390031846,0.9198423127463864,1508,1516,14,0,1502,1498,96174,6,0,0,6,18
2020-08-22,US,Alabama,Lowndes,585,24,0,32.1597283,-86.65158371,1085.0,6014.8056755089465,4.102564102564102,561,585,24,0,561,584,9974,0,0,0,0,1
2020-08-22,US,Alabama,Macon,373,16,0,32.38759944,-85.69267724,1087.0,2064.423289794111,4.289544235924933,357,369,16,0,353,364,18439,4,0,0,4,5
2020-08-22,US,Alabama,Madison,5878,39,0,34.76327133,-86.55069633,1089.0,1576.2558693944104,0.6634909833276624,5839,5861,38,0,5823,5800,366519,17,1,0,16,61
2020-08-22,US,Alabama,Marengo,606,17,0,32.24767634,-87.78796182,1091.0,3212.638498648147,2.8052805280528053,589,606,17,0,589,597,19066,0,0,0,0,9
2020-08-22,US,Alabama,Marion,649,27,0,34.13697363,-87.88704173,1093.0,2184.523208455351,4.160246533127888,622,639,27,0,612,628,29763,10,0,0,10,11
2020-08-22,US,Alabama,Marshall,3409,39,0,34.36975964,-86.30486727,1095.0,3522.6403786140904,1.1440305074801995,3370,3376,38,0,3338,3326,96109,33,1,0,32,50
2020-08-22,US,Alabama,Mobile,11510,241,0,30.78472347,-88.20842409,1097.0,2785.508579172818,2.0938314509122504,11269,11442,237,0,11205,11329,413757,68,4,0,64,113
2020-08-22,US,Alabama,Monroe,446,6,0,31.56729412,-87.36995001,1099.0,2151.15998649496,1.345291479820628,440,446,6,0,440,440,21067,0,0,0,0,6
2020-08-22,US,Alabama,Montgomery,7397,155,0,32.2206831,-86.20969272,1101.0,3265.98553552979,2.095444098959037,7242,7375,156,0,7219,7293,225763,22,-1,0,23,82
2020-08-22,US,Alabama,Morgan,2612,22,0,34.45500589,-86.85475946,1103.0,2182.5048671863897,0.8422664624808576,2590,2604,22,0,2582,2577,119089,8,0,0,8,27
2020-08-22,US,Alabama,Perry,468,4,0,32.64048341,-87.29770589,1105.0,5244.872800627592,0.8547008547008547,464,464,4,0,460,459,9140,4,0,0,4,5
2020-08-22,US,Alabama,Pickens,492,10,0,33.28094866,-88.08818103,1107.0,2468.6402408429503,2.0325203252032518,482,463,10,0,453,461,19938,29,0,0,29,2
2020-08-22,US,Alabama,Pike,774,7,0,31.80396383,-85.9408295,1109.0,2337.379960137706,0.9043927648578812,767,763,7,0,756,753,33338,11,0,0,11,10
2020-08-22,US,Alabama,Randolph,430,11,0,33.29526734,-85.45708831,1111.0,1892.4390458586392,2.5581395348837206,419,425,11,0,414,418,22725,5,0,0,5,7
2020-08-22,US,Alabama,Russell,1493,2,0,32.28725256,-85.18415324,1113.0,2575.869981539311,0.13395847287340926,1491,1476,2,0,1474,1471,57781,17,0,0,17,5
2020-08-22,US,Alabama,Shelby,3625,38,0,33.26879845,-86.66232561,1117.0,1665.1202101955885,1.0482758620689656,3587,3620,39,0,3581,3582,215707,5,-1,0,6,38
2020-08-22,US,Alabama,St. Clair,1514,24,0,33.71902176,-86.31029372,1115.0,1691.39333273751,1.5852047556142668,1490,1512,23,0,1489,1487,88690,2,1,0,1,25
2020-08-22,US,Alabama,Sumter,390,19,0,32.59117397,-88.19916205,1119.0,3138.3278345537933,4.871794871794871,371,387,19,0,368,380,12691,3,0,0,3,7
2020-08-22,US,Alabama,Talladega,1210,16,0,33.37823223,-86.16886178,1121.0,1512.9160519142765,1.3223140495867771,1194,1213,15,0,1198,1208,79828,-3,1,0,-4,5
2020-08-22,US,Alabama,Tallapoosa,917,79,0,32.86698258,-85.79833053,1123.0,2271.657542051676,8.615049073064341,838,913,79,0,834,905,40497,4,0,0,4,8
2020-08-22,US,Alabama,Tuscaloosa,4769,86,0,33.28726072,-87.52556818,1125.0,2277.948938406057,1.8033130635353325,4683,4708,86,0,4622,4648,208911,61,0,0,61,60
2020-08-22,US,Alabama,Unassigned,4966,69,0,0.0,0.0,90001.0,0.0,1.3894482480869916,4897,4966,69,0,4897,4966,,0,0,0,0,0
2020-08-22,US,Alabama,Walker,1706,67,0,33.80270512,-87.30027177,1127.0,2685.7259803844395,3.927315357561548,1639,1696,67,0,1629,1684,63711,10,0,0,10,12
2020-08-22,US,Alabama,Washington,483,13,0,31.4092794,-88.20689944,1129.0,2958.4711503123854,2.691511387163561,470,480,13,0,467,477,16378,3,0,0,3,3
2020-08-22,US,Alabama,Wilcox,468,10,0,31.98773215,-87.30891118,1131.0,4511.713101320736,2.1367521367521367,458,466,10,0,456,461,10627,2,0,0,2,5
2020-08-22,US,Alabama,Winston,498,11,0,34.15030532,-87.37325922,1133.0,2107.5796690507427,2.208835341365462,487,497,11,0,486,492,23660,1,0,0,1,5
2020-08-22,US,Alaska,Aleutians East,2,0,0,55.32222414,-161.9722021,2013.0,59.93407252022774,0.0,2,2,0,0,2,2,3515,0,0,0,0,0
2020-08-22,US,Alaska,Aleutians West,5,0,0,52.3233,-174.1596,2016.0,88.74689385871494,0.0,5,5,0,0,5,5,5723,0,0,0,0,0
2020-08-22,US,Alaska,Anchorage,2665,16,0,61.14998174,-149.14269860000005,2020.0,925.3472222222224,0.600375234521576,2649,2623,16,0,2607,2593,291538,42,0,0,42,30
2020-08-22,US,Alaska,Bethel,38,1,0,60.90980451,-159.8561831,2050.0,206.67899488741435,2.631578947368421,37,37,0,0,37,37,18216,1,1,0,0,0
2020-08-22,US,Alaska,Bristol Bay,11,0,0,58.74513976,-156.701064,2060.0,1315.7894736842104,0.0,11,11,0,0,11,11,877,0,0,0,0,0
2020-08-22,US,Alaska,Denali,1,0,0,63.67264044,-150.0076108,2068.0,47.687172150691474,0.0,1,1,0,0,1,1,2059,0,0,0,0,0
2020-08-22,US,Alaska,Dillingham,5,0,0,59.79603738,-158.23819419999995,2070.0,101.70870626525631,0.0,5,5,0,0,5,5,5000,0,0,0,0,0
2020-08-22,US,Alaska,Fairbanks North Star,549,7,0,64.80726247,-146.5692662,2090.0,566.8618158163739,1.275045537340619,542,537,7,0,530,528,98971,12,0,0,12,9
2020-08-22,US,Alaska,Haines,5,0,0,59.09893571,-135.4679843,2100.0,197.6284584980237,0.0,5,5,0,0,5,5,2474,0,0,0,0,0
2020-08-22,US,Alaska,Juneau,157,1,0,58.45031811,-134.200436,2110.0,491.023956965034,0.6369426751592356,156,155,1,0,154,155,32113,2,0,0,2,0
2020-08-22,US,Alaska,Kenai Peninsula,396,2,0,60.24429722,-151.53888840000005,2122.0,674.5247666416842,0.5050505050505051,394,388,2,0,386,383,58533,8,0,0,8,5
2020-08-22,US,Alaska,Ketchikan Gateway,42,0,0,55.57445008,-130.975561,2130.0,302.1365369397885,0.0,42,40,0,0,40,41,13918,2,0,0,2,-1
2020-08-22,US,Alaska,Kodiak Island,14,0,0,57.65529415,-153.7493579,2150.0,107.70887828896757,0.0,14,14,0,0,14,14,13345,0,0,0,0,0
2020-08-22,US,Alaska,Kusilvak,8,0,0,62.15429159999999,-163.39678830000003,2158.0,96.22323791195574,0.0,8,8,0,0,8,8,8303,0,0,0,0,0
2020-08-22,US,Alaska,Matanuska-Susitna,424,2,0,62.31305045,-149.5741743,2170.0,391.4436330400583,0.4716981132075472,422,411,2,0,409,406,107610,13,0,0,13,5
2020-08-22,US,Alaska,Nome,30,0,0,64.90320724,-164.0353804,2180.0,299.88004798080766,0.0,30,30,0,0,30,27,10008,0,0,0,0,3
2020-08-22,US,Alaska,North Slope,30,0,0,69.31479216,-153.4836093,2185.0,305.12611879576895,0.0,30,29,0,0,29,28,9872,1,0,0,1,1
2020-08-22,US,Alaska,Northwest Arctic,62,0,0,67.04919196,-159.7503946,2188.0,813.5415299829417,0.0,62,61,0,0,61,54,7671,1,0,0,1,7
2020-08-22,US,Alaska,Petersburg,7,1,0,57.13978948,-132.9540995,2195.0,214.32945499081444,14.285714285714285,6,7,1,0,6,7,3221,0,0,0,0,0
2020-08-22,US,Alaska,Prince of Wales-Hyder,20,0,0,55.76261984,-133.0511621,2198.0,322.4246332419797,0.0,20,16,0,0,16,16,6422,4,0,0,4,0
2020-08-22,US,Alaska,Sitka,34,0,0,57.24124555,-135.3206587,2220.0,400.3296832685741,0.0,34,34,0,0,34,33,8647,0,0,0,0,1
2020-08-22,US,Alaska,Southeast Fairbanks,18,0,0,63.87692095,-143.2127643,2240.0,261.13448425939356,0.0,18,18,0,0,18,18,6918,0,0,0,0,0
2020-08-22,US,Alaska,Unassigned,1,0,0,0.0,0.0,90002.0,0.0,0.0,1,1,0,0,1,1,,0,0,0,0,0
2020-08-22,US,Alaska,Valdez-Cordova,69,0,0,61.47502768,-144.7126799,2261.0,749.8369919582698,0.0,69,69,0,0,69,65,9164,0,0,0,0,4
2020-08-22,US,Alaska,Wrangell,9,0,0,56.3202004,-132.05837309999998,2275.0,359.71223021582733,0.0,9,8,0,0,8,8,2503,1,0,0,1,0
2020-08-22,US,Alaska,Yakutat,9,0,0,59.890980799999994,-140.36014509999998,2282.0,1554.4041450777206,0.0,9,9,0,0,9,9,604,0,0,0,0,0
2020-08-22,US,Alaska,Yukon-Koyukuk,66,1,0,65.50815459,-151.39073869999999,2290.0,1261.9502868068835,1.5151515151515151,65,64,1,0,63,60,5327,2,0,0,2,4
2020-08-22,US,Arizona,Apache,3301,148,0,35.39465006,-109.4892383,4001.0,4591.9289996800535,4.483489851560133,3153,3283,145,0,3138,3277,71818,18,3,0,15,6
2020-08-22,US,Arizona,Cochise,1791,56,0,31.87934684,-109.7516088,4003.0,1422.3090484585696,3.126744835287549,1735,1780,57,0,1723,1775,126770,11,-1,0,12,5
2020-08-22,US,Arizona,Coconino,3236,122,0,35.83883429,-111.77071780000001,4005.0,2255.429479494828,3.77008652657602,3114,3222,121,0,3101,3213,142854,14,1,0,13,9
2020-08-22,US,Arizona,Gila,1074,43,0,33.80190085,-110.8132779,4007.0,1988.2261468399427,4.0037243947858485,1031,1060,42,0,1018,1033,53889,14,1,0,13,27
2020-08-22,US,Arizona,Graham,664,22,0,32.93166885,-109.8882178,4009.0,1709.7098128073746,3.3132530120481927,642,651,22,0,629,624,38072,13,0,0,13,27
2020-08-22,US,Arizona,Greenlee,57,1,0,33.21498827,-109.2405279,4011.0,600.1263423878711,1.7543859649122806,56,57,1,0,56,57,9483,0,0,0,0,0
2020-08-22,US,Arizona,La Paz,495,14,0,33.72854224,-113.98100290000001,4012.0,2345.0824332006823,2.8282828282828283,481,495,13,0,482,494,21098,0,1,0,-1,1
2020-08-22,US,Arizona,Maricopa,131685,2776,0,33.34835867,-112.49181540000001,4013.0,2935.849399854729,2.108060902912253,128909,131166,2743,0,128423,130800,4410824,519,33,0,486,366
2020-08-22,US,Arizona,Mohave,3484,194,0,35.70471703,-113.7577902,4015.0,1641.994335025285,5.568312284730196,3290,3468,191,0,3277,3454,209550,16,3,0,13,14
2020-08-22,US,Arizona,Navajo,5500,216,0,35.3997715,-110.3218983,4017.0,4958.349861166204,3.9272727272727272,5284,5489,213,0,5276,5477,110445,11,3,0,8,12
2020-08-22,US,Arizona,Pima,20446,551,0,32.0971334,-111.7890033,4019.0,1952.2973343302026,2.6949036486354303,19895,20173,534,0,19639,20139,1039073,273,17,0,256,34
2020-08-22,US,Arizona,Pinal,9149,177,0,32.90525627,-111.3449483,4021.0,1976.9268500331686,1.934637665318614,8972,9107,176,0,8931,9065,447138,42,1,0,41,42
2020-08-22,US,Arizona,Santa Cruz,2735,55,0,31.52508998,-110.8479088,4023.0,5881.973418211534,2.010968921389397,2680,2718,55,0,2663,2711,46511,17,0,0,17,7
2020-08-22,US,Arizona,Unassigned,0,1,0,0.0,0.0,90004.0,0.0,0.0,-1,,,,,0,,,,,,
2020-08-22,US,Arizona,Yavapai,2235,76,0,34.59933926,-112.5538588,4025.0,950.6633375726822,3.4004474272930647,2159,2221,76,0,2145,2197,231993,14,0,0,14,24
2020-08-22,US,Arizona,Yuma,12043,304,0,32.76895712,-113.90666740000002,4027.0,5633.17694714833,2.5242879681142574,11739,12009,299,0,11710,11964,212128,34,5,0,29,45
2020-08-22,US,Arkansas,Arkansas,263,2,0,34.29145151,-91.37277296,5001.0,1504.0603911700794,0.7604562737642585,261,258,2,0,256,256,17769,5,0,0,5,2
2020-08-22,US,Arkansas,Ashley,376,7,0,33.19153461,-91.76984709999999,5003.0,1912.8045988706315,1.8617021276595744,369,372,7,0,365,369,20046,4,0,0,4,3
2020-08-22,US,Arkansas,Baxter,107,0,0,36.28784385,-92.33782872,5005.0,255.17504531145664,0.0,107,102,0,0,102,96,41619,5,0,0,5,6
2020-08-22,US,Arkansas,Benton,5066,45,0,36.33644656,-94.25680817,5007.0,1814.8534253298515,0.8882747729964469,5021,5046,44,0,5002,5000,272608,20,1,0,19,46
2020-08-22,US,Arkansas,Boone,257,1,0,36.3084504,-93.09374925,5009.0,686.5783287027142,0.3891050583657588,256,251,1,0,250,242,37480,6,0,0,6,9
2020-08-22,US,Arkansas,Bradley,251,4,0,33.46755808,-92.15980837,5011.0,2332.0635510545385,1.593625498007968,247,243,4,0,239,233,10897,8,0,0,8,10
2020-08-22,US,Arkansas,Calhoun,23,0,0,33.55598792,-92.49974403,5013.0,443.24532665253423,0.0,23,22,0,0,22,22,5277,1,0,0,1,0
2020-08-22,US,Arkansas,Carroll,429,7,0,36.34038560000001,-93.54270261,5015.0,1511.6279069767445,1.6317016317016315,422,422,7,0,415,409,28223,7,0,0,7,13
2020-08-22,US,Arkansas,Chicot,935,9,0,33.26458973,-91.29539209,5017.0,9240.956710812414,0.962566844919786,926,933,9,0,924,932,10438,2,0,0,2,1
2020-08-22,US,Arkansas,Clark,206,3,0,34.04613432,-93.17484713,5019.0,922.9390681003584,1.4563106796116505,203,201,3,0,198,196,22061,5,0,0,5,5
2020-08-22,US,Arkansas,Clay,162,5,0,36.36826212,-90.4148172,5021.0,1113.3255446361077,3.08641975308642,157,159,5,0,154,154,14847,3,0,0,3,5
2020-08-22,US,Arkansas,Cleburne,243,5,0,35.53864922,-92.02640019,5023.0,975.1595168345441,2.05761316872428,238,242,5,0,237,237,24965,1,0,0,1,5
2020-08-22,US,Arkansas,Cleveland,127,2,0,33.89723187,-92.18537045,5025.0,1596.279537456008,1.5748031496062993,125,127,2,0,125,124,8018,0,0,0,0,3
2020-08-22,US,Arkansas,Columbia,273,12,0,33.21230701,-93.22642793,5027.0,1163.8316920322293,4.395604395604397,261,265,12,0,253,255,23537,8,0,0,8,10
2020-08-22,US,Arkansas,Conway,188,3,0,35.26205537,-92.70506566,5029.0,901.8516741820973,1.5957446808510638,185,184,3,0,181,178,20891,4,0,0,4,6
2020-08-22,US,Arkansas,Craighead,1675,14,0,35.83018283,-90.63235729,5031.0,1518.1452343834976,0.8358208955223879,1661,1621,13,0,1608,1598,108558,54,1,0,53,23
2020-08-22,US,Arkansas,Crawford,827,6,0,35.58928601,-94.2446814,5033.0,1307.3651927849885,0.7255139056831923,821,814,6,0,808,790,63406,13,0,0,13,24
2020-08-22,US,Arkansas,Crittenden,1563,27,0,35.21247318,-90.30839406,5035.0,3259.305598999061,1.727447216890595,1536,1554,27,0,1527,1530,48342,9,0,0,9,24
2020-08-22,US,Arkansas,Cross,238,4,0,35.29631396,-90.77185818,5037.0,1449.5401668798345,1.680672268907563,234,236,4,0,232,236,16676,2,0,0,2,0
2020-08-22,US,Arkansas,Dallas,88,2,0,33.97042763,-92.65167437,5039.0,1255.5286060779,2.272727272727273,86,86,2,0,84,70,7182,2,0,0,2,16
2020-08-22,US,Arkansas,Desha,220,4,0,33.83011025,-91.25500948,5041.0,1936.4492562274447,1.818181818181818,216,218,4,0,214,213,11512,2,0,0,2,5
2020-08-22,US,Arkansas,Drew,296,4,0,33.59035001,-91.71777921,5043.0,1624.677534442066,1.351351351351351,292,292,4,0,288,286,18328,4,0,0,4,6
2020-08-22,US,Arkansas,Faulkner,1485,7,0,35.14719007,-92.33717519,5045.0,1178.5059560183165,0.4713804713804714,1478,1468,7,0,1461,1438,124806,17,0,0,17,30
2020-08-22,US,Arkansas,Franklin,149,2,0,35.51202821,-93.89299569,5047.0,841.0951171323738,1.342281879194631,147,148,2,0,146,147,17810,1,0,0,1,1
2020-08-22,US,Arkansas,Fulton,55,0,0,36.38177105,-91.81729127,5049.0,440.81109241003446,0.0,55,55,0,0,55,52,12269,0,0,0,0,3
2020-08-22,US,Arkansas,Garland,1288,23,0,34.57692074,-93.14921604,5051.0,1295.9571770671926,1.7857142857142858,1265,1276,23,0,1253,1256,99154,12,0,0,12,20
2020-08-22,US,Arkansas,Grant,164,0,0,34.29017991,-92.42320562,5053.0,897.8921434437448,0.0,164,164,0,0,164,159,18188,0,0,0,0,5
2020-08-22,US,Arkansas,Greene,574,3,0,36.11735460000001,-90.55832668,5055.0,1266.4092664092666,0.5226480836236934,571,570,3,0,567,563,45325,4,0,0,4,7
2020-08-22,US,Arkansas,Hempstead,303,3,0,33.73325583,-93.66935133,5057.0,1407.2078766487089,0.99009900990099,300,294,3,0,291,284,21741,9,0,0,9,10
2020-08-22,US,Arkansas,Hot Spring,1677,16,0,34.31709259,-92.95396325,5059.0,4965.799058363686,0.9540846750149076,1661,1675,15,0,1660,1659,33701,2,1,0,1,16
2020-08-22,US,Arkansas,Howard,389,4,0,34.09007427,-93.9934871,5061.0,2946.5232540524157,1.0282776349614395,385,386,4,0,382,383,13341,3,0,0,3,3
2020-08-22,US,Arkansas,Independence,676,3,0,35.74242707,-91.57001641,5063.0,1787.1777924653006,0.4437869822485207,673,669,3,0,666,651,37678,7,0,0,7,18
2020-08-22,US,Arkansas,Izard,78,0,0,36.09604046,-91.90847954,5065.0,572.309046885318,0.0,78,72,0,0,72,69,13593,6,0,0,6,3
2020-08-22,US,Arkansas,Jackson,171,1,0,35.59802983,-91.21494602,5067.0,1022.7884442849452,0.5847953216374269,170,160,1,0,159,155,16811,11,0,0,11,5
2020-08-22,US,Arkansas,Jefferson,1881,43,0,34.26767081,-91.92619839,5069.0,2814.8569376272,2.28601807549176,1838,1861,43,0,1818,1831,68114,20,0,0,20,30
2020-08-22,US,Arkansas,Johnson,734,3,0,35.56759135,-93.46036368,5071.0,2761.682594627135,0.4087193460490463,731,726,3,0,723,724,26742,8,0,0,8,2
2020-08-22,US,Arkansas,Lafayette,65,2,0,33.24116713,-93.60677071,5073.0,981.2801932367148,3.0769230769230766,63,65,2,0,63,64,6682,0,0,0,0,1
2020-08-22,US,Arkansas,Lawrence,239,10,0,36.04188196,-91.10867198,5075.0,1456.7841033768134,4.184100418410042,229,239,9,0,230,238,16434,0,1,0,-1,1
2020-08-22,US,Arkansas,Lee,991,8,0,34.78498904,-90.78383866,5077.0,11188.89014338941,0.8072653884964682,983,988,8,0,980,986,8985,3,0,0,3,2
2020-08-22,US,Arkansas,Lincoln,1374,13,0,33.95317155,-91.74002806,5079.0,10549.7542997543,0.9461426491994176,1361,1371,12,0,1359,1360,13383,3,1,0,2,11
2020-08-22,US,Arkansas,Little River,254,13,0,33.70375665,-94.23468591,5081.0,2071.947140876091,5.118110236220472,241,252,13,0,239,248,12326,2,0,0,2,4
2020-08-22,US,Arkansas,Logan,347,1,0,35.21413234,-93.71951016,5083.0,1616.5098294978104,0.2881844380403458,346,344,1,0,343,343,21737,3,0,0,3,1
2020-08-22,US,Arkansas,Lonoke,642,2,0,34.75392199,-91.88742357,5085.0,875.7451336125168,0.3115264797507788,640,635,2,0,633,611,73657,7,0,0,7,24
2020-08-22,US,Arkansas,Madison,286,2,0,36.01038185,-93.72524943,5087.0,1725.3861003861005,0.6993006993006993,284,286,2,0,284,286,16481,0,0,0,0,0
2020-08-22,US,Arkansas,Marion,41,0,0,36.26844485,-92.68451899,5089.0,245.59722055828442,0.0,41,40,0,0,40,38,16722,1,0,0,1,2
2020-08-22,US,Arkansas,Miller,566,5,0,33.31403423,-93.89285258,5091.0,1308.45874656125,0.8833922261484098,561,552,5,0,547,541,43592,14,0,0,14,11
2020-08-22,US,Arkansas,Mississippi,1249,16,0,35.76271485,-90.05194370000002,5093.0,3072.4951415709334,1.281024819855885,1233,1231,16,0,1215,1216,41239,18,0,0,18,15
2020-08-22,US,Arkansas,Monroe,89,0,0,34.6815935,-91.20540287,5095.0,1328.1599761229668,0.0,89,86,0,0,86,84,6900,3,0,0,3,2
2020-08-22,US,Arkansas,Montgomery,57,2,0,34.53704874,-93.65824478,5097.0,634.3200534164256,3.5087719298245608,55,58,2,0,56,56,8924,-1,0,0,-1,2
2020-08-22,US,Arkansas,Nevada,156,10,0,33.66340119,-93.30632432,5099.0,1890.450799806108,6.410256410256411,146,151,9,0,142,150,8326,5,1,0,4,1
2020-08-22,US,Arkansas,Newton,108,15,0,35.91947491,-93.21612969,5101.0,1393.0091577453888,13.888888888888891,93,108,15,0,93,107,7805,0,0,0,0,1
2020-08-22,US,Arkansas,Ouachita,129,3,0,33.58839816,-92.87795984,5103.0,551.7064408519374,2.3255813953488373,126,128,3,0,125,124,23606,1,0,0,1,4
2020-08-22,US,Arkansas,Perry,59,0,0,34.945915299999996,-92.94372564,5105.0,564.3232902917265,0.0,59,58,0,0,58,56,10352,1,0,0,1,2
2020-08-22,US,Arkansas,Phillips,374,9,0,34.43268455,-90.84800154,5107.0,2103.2504780114723,2.406417112299465,365,370,9,0,361,366,18029,4,0,0,4,4
2020-08-22,US,Arkansas,Pike,154,1,0,34.16250414,-93.65789349,5109.0,1436.8352304534424,0.6493506493506493,153,154,1,0,153,151,10673,0,0,0,0,3
2020-08-22,US,Arkansas,Poinsett,398,4,0,35.57433534,-90.66268713,5111.0,1691.6014960897653,1.0050251256281406,394,387,4,0,383,367,23974,11,0,0,11,20
2020-08-22,US,Arkansas,Polk,200,2,0,34.48254879,-94.22728802,5113.0,1001.8032458425163,1.0,198,199,2,0,197,191,20049,1,0,0,1,8
2020-08-22,US,Arkansas,Pope,1580,14,0,35.44871474,-93.03212219,5115.0,2465.975777250593,0.8860759493670886,1566,1555,14,0,1541,1520,64000,25,0,0,25,35
2020-08-22,US,Arkansas,Prairie,114,0,0,34.83624419,-91.55162157,5117.0,1414.0411808484243,0.0,114,113,0,0,113,112,8074,1,0,0,1,1
2020-08-22,US,Arkansas,Pulaski,6477,94,0,34.77054088,-92.31355101,5119.0,1652.6711421725852,1.4512891770881582,6383,6436,91,0,6345,6341,392680,41,3,0,38,95
2020-08-22,US,Arkansas,Randolph,288,11,0,36.3415714,-91.02455531,5121.0,1603.7420648179086,3.8194444444444446,277,287,11,0,276,285,17948,1,0,0,1,2
2020-08-22,US,Arkansas,Saline,1367,10,0,34.64916145,-92.67583224,5125.0,1116.4925635224647,0.731528895391368,1357,1352,10,0,1342,1334,121421,15,0,0,15,18
2020-08-22,US,Arkansas,Scott,84,0,0,34.85588887,-94.0632176,5127.0,817.0411438576014,0.0,84,84,0,0,84,84,10319,0,0,0,0,0
2020-08-22,US,Arkansas,Searcy,58,0,0,35.9109364,-92.69936482,5129.0,735.9472148204543,0.0,58,45,0,0,45,39,7958,13,0,0,13,6
2020-08-22,US,Arkansas,Sebastian,2666,27,0,35.19605503,-94.27162713,5131.0,2085.6313611365367,1.0127531882970742,2639,2622,27,0,2595,2583,127753,44,0,0,44,39
2020-08-22,US,Arkansas,Sevier,1114,12,0,33.99780401,-94.2424869,5133.0,6550.244017169401,1.0771992818671454,1102,1109,12,0,1097,1086,17139,5,0,0,5,23
2020-08-22,US,Arkansas,Sharp,132,5,0,36.16258158,-91.47819342,5135.0,756.7939456484347,3.787878787878788,127,132,5,0,127,130,17366,0,0,0,0,2
2020-08-22,US,Arkansas,St. Francis,1263,3,0,35.02201976,-90.74828138,5123.0,5053.212771065057,0.2375296912114014,1260,1258,3,0,1255,1252,25439,5,0,0,5,6
2020-08-22,US,Arkansas,Stone,151,1,0,35.86251946,-92.15684085,5137.0,1207.4204381896684,0.6622516556291391,150,143,1,0,142,113,12457,8,0,0,8,30
2020-08-22,US,Arkansas,Unassigned,813,0,0,0.0,0.0,90005.0,0.0,0.0,813,805,0,0,805,774,,8,0,0,8,31
2020-08-22,US,Arkansas,Union,624,21,0,33.16887091,-92.59746952,5139.0,1613.1534046843494,3.3653846153846154,603,612,21,0,591,597,39126,12,0,0,12,15
2020-08-22,US,Arkansas,Van Buren,75,2,0,35.58095779,-92.51295036,5141.0,453.3091568449682,2.6666666666666665,73,74,2,0,72,70,16603,1,0,0,1,4
2020-08-22,US,Arkansas,Washington,6597,53,0,35.976844,-94.21800746,5143.0,2758.093040173588,0.8033954827952099,6544,6582,53,0,6529,6517,236961,15,0,0,15,65
2020-08-22,US,Arkansas,White,448,8,0,35.25688493,-91.74908296,5145.0,568.8672177567837,1.7857142857142858,440,439,7,0,432,422,78727,9,1,0,8,17
2020-08-22,US,Arkansas,Woodruff,26,0,0,35.18902527,-91.2439489,5147.0,411.39240506329116,0.0,26,26,0,0,26,26,6490,0,0,0,0,0
2020-08-22,US,Arkansas,Yell,1107,21,0,35.00292371,-93.41171338,5149.0,5187.198350592756,1.897018970189702,1086,1104,20,0,1084,1100,21535,3,1,0,2,4
2020-08-22,US,California,Alameda,16693,234,0,37.64629437,-121.8929271,6001.0,998.7859960546367,1.4017851794165221,16459,16469,237,0,16232,16184,1666753,224,-3,0,227,285
2020-08-22,US,California,Alpine,2,0,0,38.59678594,-119.82235940000001,6003.0,177.14791851195747,0.0,2,2,0,0,2,2,1101,0,0,0,0,0
2020-08-22,US,California,Amador,265,14,0,38.44583082,-120.65696000000001,6005.0,666.6331253773395,5.283018867924528,251,264,13,0,251,262,39383,1,1,0,0,2
2020-08-22,US,California,Butte,1582,17,0,39.66727762,-121.6005252,6007.0,721.7614263684725,1.0745891276864727,1565,1549,17,0,1532,1517,231256,33,0,0,33,32
2020-08-22,US,California,Calaveras,197,2,0,38.20537103,-120.55291299999999,6009.0,429.14715172639154,1.0152284263959392,195,181,1,0,180,181,45602,16,1,0,15,0
2020-08-22,US,California,Colusa,419,5,0,39.17881957,-122.2331726,6011.0,1944.5862533067248,1.1933174224343674,414,418,5,0,413,421,21627,1,0,0,1,-3
2020-08-22,US,California,Contra Costa,12362,164,0,37.91923498,-121.9289527,6013.0,1071.670686226405,1.3266461737582915,12198,12108,161,0,11947,11895,1150215,254,3,0,251,213
2020-08-22,US,California,Del Norte,116,1,0,41.74228275,-123.89740630000001,6015.0,417.0861498633684,0.8620689655172413,115,114,1,0,113,112,27828,2,0,0,2,2
2020-08-22,US,California,El Dorado,896,2,0,38.77965956,-120.5233166,6017.0,464.62666521470834,0.22321428571428573,894,885,2,0,883,877,190678,11,0,0,11,8
2020-08-22,US,California,Fresno,22840,226,0,36.75733899,-119.6466953,6019.0,2286.055163592069,0.989492119089317,22614,22535,208,0,22327,22167,994400,305,18,0,287,368
2020-08-22,US,California,Glenn,425,3,0,39.59875897,-122.3938452,6021.0,1496.847814602191,0.7058823529411765,422,424,3,0,421,423,28047,1,0,0,1,1
2020-08-22,US,California,Humboldt,345,4,0,40.69923009,-123.876044,6023.0,254.50360731199933,1.1594202898550725,341,345,4,0,341,342,136373,0,0,0,0,3
2020-08-22,US,California,Imperial,10393,272,0,33.0393082,-115.36690420000001,6025.0,5735.176447865795,2.617146156066583,10121,10366,269,0,10097,10325,181827,27,3,0,24,41
2020-08-22,US,California,Inyo,164,11,0,36.51112084,-117.41119779999998,6027.0,909.1413049503852,6.7073170731707314,153,158,9,0,149,149,17987,6,2,0,4,9
2020-08-22,US,California,Kern,27658,238,0,35.34329425,-118.72777959999999,6029.0,3072.4215231692438,0.8605105213681394,27420,27378,229,0,27149,27184,896764,280,9,0,271,194
2020-08-22,US,California,Kings,5703,68,0,36.07409056,-119.8159973,6031.0,3728.913299333072,1.1923549009293355,5635,5659,68,0,5591,5631,151366,44,0,0,44,28
2020-08-22,US,California,Lake,290,3,0,39.10124298,-122.75362439999999,6033.0,450.40847389183983,1.0344827586206895,287,282,3,0,279,281,64382,8,0,0,8,1
2020-08-22,US,California,Lassen,704,0,0,40.67311306,-120.59350990000002,6035.0,2302.6853759853466,0.0,704,703,0,0,703,703,30802,1,0,0,1,0
2020-08-22,US,California,Los Angeles,230662,5537,0,34.30828379,-118.22824109999999,6037.0,2297.634640212521,2.400482090678135,225125,229054,5491,0,223563,227346,10105518,1608,46,0,1562,1708
2020-08-22,US,California,Madera,3339,49,0,37.21513971,-119.76655890000002,6039.0,2122.3311955354134,1.4675052410901468,3290,3339,49,0,3290,3278,157672,0,0,0,0,61
2020-08-22,US,California,Marin,5879,85,0,38.07122463,-122.72106310000001,6041.0,2271.410136539606,1.4458241197482564,5794,5852,84,0,5768,5832,259666,27,1,0,26,20
2020-08-22,US,California,Mariposa,69,2,0,37.57978556,-119.9073334,6043.0,401.09283264546883,2.898550724637681,67,69,2,0,67,69,17471,0,0,0,0,0
2020-08-22,US,California,Mendocino,605,16,0,39.4381191,-123.39113130000001,6045.0,697.4143794164775,2.6446280991735542,589,584,14,0,570,579,87606,21,2,0,19,5
2020-08-22,US,California,Merced,7428,99,0,37.18922369,-120.72090349999999,6047.0,2675.021607605877,1.332794830371567,7329,7334,99,0,7235,7229,274765,94,0,0,94,105
2020-08-22,US,California,Modoc,5,0,0,41.58965602,-120.7244817,6049.0,56.55468838366701,0.0,5,5,0,0,5,5,8777,0,0,0,0,0
2020-08-22,US,California,Mono,162,2,0,37.93899289,-118.8872409,6051.0,1121.5729714760457,1.2345679012345678,160,162,2,0,160,162,14250,0,0,0,0,0
2020-08-22,US,California,Monterey,6974,51,0,36.21862405,-121.24133970000001,6053.0,1606.6866177795291,0.73128763980499,6923,6892,49,0,6843,6785,435594,82,2,0,80,107
2020-08-22,US,California,Napa,1317,13,0,38.50735751,-122.33283899999999,6055.0,956.1215007550238,0.9870918754745636,1304,1306,13,0,1293,1293,139417,11,0,0,11,13
2020-08-22,US,California,Nevada,406,3,0,39.30394768,-120.76272809999999,6057.0,406.9971430003508,0.7389162561576355,403,401,3,0,398,398,99696,5,0,0,5,3
2020-08-22,US,California,Orange,45801,896,0,33.70147516,-117.76459979999998,6059.0,1442.2368416080649,1.9562891639920523,44905,45308,882,0,44426,44936,3185968,493,14,0,479,372
2020-08-22,US,California,Placer,2740,31,0,39.06167234,-120.72405690000001,6061.0,687.8735919302887,1.131386861313869,2709,2705,30,0,2675,2689,393149,35,1,0,34,16
2020-08-22,US,California,Plumas,40,0,0,40.00355989,-120.8395236,6063.0,212.6867655660127,0.0,40,40,0,0,40,40,18804,0,0,0,0,0
2020-08-22,US,California,Riverside,49482,927,0,33.74314981,-115.9933578,6065.0,2002.8770968037024,1.8734085121862496,48555,49482,927,0,48555,48956,2450758,0,0,0,0,526
2020-08-22,US,California,Sacramento,15247,234,0,38.45106826,-121.34253740000001,6067.0,982.3730814183493,1.5347281432412934,15013,15246,234,0,15012,14764,1540975,1,0,0,1,482
2020-08-22,US,California,San Benito,947,7,0,36.60308176,-121.069975,6069.0,1507.769710864858,0.7391763463569165,940,918,7,0,911,902,61537,29,0,0,29,16
2020-08-22,US,California,San Bernardino,44603,691,0,34.84060306,-116.1774685,6071.0,2045.9294018352496,1.5492231464251285,43912,43943,629,0,43314,43469,2171603,660,62,0,598,474
2020-08-22,US,California,San Diego,36203,660,0,33.03484597,-116.73653259999999,6073.0,1084.4643878825639,1.8230533381211504,35543,35912,652,0,35260,35608,3343364,291,8,0,283,304
2020-08-22,US,California,San Francisco,8791,74,0,37.75215114,-122.43856720000001,6075.0,997.2219354794797,0.8417699920373108,8717,8702,72,0,8630,8611,883305,89,2,0,87,91
2020-08-22,US,California,San Joaquin,15888,295,0,37.93433732,-121.2730061,6077.0,2084.6344804421187,1.8567472306143,15593,15778,295,0,15483,15677,752660,110,0,0,110,101
2020-08-22,US,California,San Luis Obispo,2665,21,0,35.38822029,-120.4039028,6079.0,941.3269000498036,0.7879924953095685,2644,2613,20,0,2593,2579,284010,52,1,0,51,34
2020-08-22,US,California,San Mateo,7535,128,0,37.422880799999994,-122.32755459999998,6081.0,982.9461773373184,1.6987392169873925,7407,7472,128,0,7344,7382,769545,63,0,0,63,90
2020-08-22,US,California,Santa Barbara,7653,87,0,34.65329488,-120.0188492,6083.0,1714.0015991077246,1.1368090944727558,7566,7578,84,0,7494,7508,446527,75,3,0,72,70
2020-08-22,US,California,Santa Clara,15496,224,0,37.23104908,-121.6970462,6085.0,803.7961420275003,1.4455343314403717,15272,15496,222,0,15274,15258,1937570,0,2,0,-2,238
2020-08-22,US,California,Santa Cruz,1617,7,0,37.05580291,-122.0066524,6087.0,591.8459224121839,0.4329004329004329,1610,1605,7,0,1598,1569,274255,12,0,0,12,36
2020-08-22,US,California,Shasta,531,11,0,40.76391419,-122.0396884,6089.0,294.86894713460686,2.071563088512241,520,531,11,0,520,521,180040,0,0,0,0,10
2020-08-22,US,California,Sierra,6,0,0,39.57713498,-120.52007009999998,6091.0,199.6672212978369,0.0,6,6,0,0,6,6,2987,0,0,0,0,0
2020-08-22,US,California,Siskiyou,123,0,0,41.59198861,-122.54074340000001,6093.0,282.50534003996415,0.0,123,115,0,0,115,114,43724,8,0,0,8,1
2020-08-22,US,California,Solano,5048,44,0,38.26827353,-121.9357113,6095.0,1127.6843377423527,0.8716323296354992,5004,5048,44,0,5004,5006,446610,0,0,0,0,42
2020-08-22,US,California,Sonoma,5067,72,0,38.52746429,-122.88625060000001,6097.0,1025.0113283272915,1.4209591474245116,4995,4942,70,0,4872,4863,499942,125,2,0,123,79
2020-08-22,US,California,Stanislaus,13282,228,0,37.55862499,-120.9970722,6099.0,2412.0146733011293,1.7166089444360788,13054,13120,226,0,12894,13084,549815,162,2,0,160,36
2020-08-22,US,California,Sutter,1223,7,0,39.03417539,-121.6945899,6101.0,1261.2018026007775,0.5723630417007359,1216,1213,7,0,1206,1186,96807,10,0,0,10,27
2020-08-22,US,California,Tehama,357,1,0,40.12570935,-122.23701709999999,6103.0,548.5219101468871,0.2801120448179272,356,352,1,0,351,342,63916,5,0,0,5,10
2020-08-22,US,California,Trinity,8,0,0,40.64917670000001,-123.114713,6105.0,65.12006512006512,0.0,8,8,0,0,8,8,12535,0,0,0,0,0
2020-08-22,US,California,Tulare,13117,210,0,36.22026558,-118.8020203,6107.0,2813.6294898057677,1.6009758328886181,12907,13022,208,0,12814,12836,465861,95,2,0,93,186
2020-08-22,US,California,Tuolumne,172,2,0,38.02644018,-119.95250929999999,6109.0,315.72377840596215,1.162790697674419,170,170,2,0,168,166,54539,2,0,0,2,4
2020-08-22,US,California,Ventura,9865,102,0,34.44465746,-119.09106129999999,6111.0,1166.067380136784,1.0339584389254939,9763,9744,101,0,9643,9587,850967,121,1,0,120,157
2020-08-22,US,California,Yolo,2184,47,0,38.68278902,-121.90182879999999,6113.0,990.4761904761904,2.152014652014652,2137,2164,47,0,2117,2147,220408,20,0,0,20,17
2020-08-22,US,California,Yuba,844,4,0,39.26255932,-121.35356440000001,6115.0,1072.8631718106474,0.4739336492890995,840,829,4,0,825,821,78041,15,0,0,15,8
2020-08-22,US,Colorado,Adams,7132,194,0,39.87432092,-104.3362578,8001.0,1378.3746697563492,2.7201346045989903,6938,7021,189,0,6832,7021,511868,111,5,0,106,0
2020-08-22,US,Colorado,Alamosa,236,9,0,37.57250606,-105.7885451,8003.0,1453.8286207108974,3.8135593220338975,227,235,9,0,226,235,16683,1,0,0,1,0
2020-08-22,US,Colorado,Arapahoe,7791,364,0,39.64977461,-104.3353617,8005.0,1186.5852358397176,4.672057502246181,7427,7706,364,0,7342,7706,651215,85,0,0,85,0
2020-08-22,US,Colorado,Archuleta,44,0,0,37.19474156,-107.04768670000001,8007.0,313.6360396321905,0.0,44,43,0,0,43,43,13765,1,0,0,1,0
2020-08-22,US,Colorado,Baca,15,0,0,37.31940883,-102.5603223,8009.0,418.8774085450991,0.0,15,15,0,0,15,15,3585,0,0,0,0,0
2020-08-22,US,Colorado,Bent,11,0,0,37.95474293,-103.0720195,8011.0,197.23865877712032,0.0,11,11,0,0,11,11,5882,0,0,0,0,0
2020-08-22,US,Colorado,Boulder,2215,79,0,40.09313619,-105.3546767,8013.0,679.0395958258225,3.566591422121897,2136,2184,79,0,2105,2184,326078,31,0,0,31,0
2020-08-22,US,Colorado,Broomfield,511,32,0,39.95998787,-105.0566324,8014.0,725.1827148229618,6.262230919765166,479,505,32,0,473,505,69267,6,0,0,6,0
2020-08-22,US,Colorado,Chaffee,309,19,0,38.74745778,-106.19265729999998,8015.0,1517.979956769503,6.148867313915857,290,306,19,0,287,306,20027,3,0,0,3,0
2020-08-22,US,Colorado,Cheyenne,9,0,0,38.82777431,-102.6032558,8017.0,491.53468050245766,0.0,9,9,0,0,9,9,1876,0,0,0,0,0
2020-08-22,US,Colorado,Clear Creek,34,1,0,39.68864463,-105.6463118,8019.0,350.5154639175258,2.9411764705882355,33,31,1,0,30,31,9605,3,0,0,3,0
2020-08-22,US,Colorado,Conejos,30,0,0,37.201606,-106.19174879999998,8021.0,365.6307129798903,0.0,30,29,0,0,29,29,8200,1,0,0,1,0
2020-08-22,US,Colorado,Costilla,26,0,0,37.27732493,-105.4276548,8023.0,668.8963210702342,0.0,26,26,0,0,26,26,3828,0,0,0,0,0
2020-08-22,US,Colorado,Crowley,73,1,0,38.32608609,-103.7844965,8025.0,1204.4217125886814,1.3698630136986298,72,73,1,0,72,73,5858,0,0,0,0,0
2020-08-22,US,Colorado,Custer,13,0,0,38.10883162,-105.3683478,8027.0,256.5114443567482,0.0,13,13,0,0,13,13,4954,0,0,0,0,0
2020-08-22,US,Colorado,Delta,140,1,0,38.86246243,-107.86313419999999,8029.0,449.2651306077916,0.7142857142857143,139,140,1,0,139,140,30953,0,0,0,0,0
2020-08-22,US,Colorado,Denver,10842,422,0,39.76018276,-104.87256950000001,8031.0,1490.9015402682305,3.8922707987456184,10420,10732,422,0,10310,10732,716492,110,0,0,110,0
2020-08-22,US,Colorado,Dolores,2,0,0,37.75208676,-108.5211585,8033.0,97.32360097323601,0.0,2,2,0,0,2,2,2074,0,0,0,0,0
2020-08-22,US,Colorado,Douglas,1894,59,0,39.33133796,-104.930001,8035.0,539.3644953496187,3.1151003167898628,1835,1876,59,0,1817,1876,342776,18,0,0,18,0
2020-08-22,US,Colorado,Eagle,1164,9,0,39.62754308,-106.6933637,8037.0,2111.48801857529,0.7731958762886598,1155,1158,9,0,1149,1158,54993,6,0,0,6,0
2020-08-22,US,Colorado,El Paso,5695,150,0,38.83240149,-104.5251411,8041.0,790.5297451565305,2.633889376646181,5545,5622,149,0,5473,5622,713856,73,1,0,72,0
2020-08-22,US,Colorado,Elbert,117,2,0,39.28656773,-104.13587209999999,8039.0,437.72681357327247,1.709401709401709,115,117,2,0,115,117,26282,0,0,0,0,0
2020-08-22,US,Colorado,Fremont,145,0,0,38.47362326,-105.43996670000001,8043.0,303.0999811868977,0.0,145,143,0,0,143,143,48021,2,0,0,2,0
2020-08-22,US,Colorado,Garfield,814,4,0,39.59921777,-107.902708,8045.0,1355.2887897304406,0.4914004914004914,810,807,4,0,803,807,59770,7,0,0,7,0
2020-08-22,US,Colorado,Gilpin,17,0,0,39.85646523,-105.5252597,8047.0,272.30498157936887,0.0,17,17,0,0,17,17,6121,0,0,0,0,0
2020-08-22,US,Colorado,Grand,56,1,0,40.10603347,-106.11780420000001,8049.0,355.91712215584084,1.7857142857142858,55,56,1,0,55,56,15525,0,0,0,0,0
2020-08-22,US,Colorado,Gunnison,286,7,0,38.66611652,-107.0320729,8051.0,1637.8421715725574,2.4475524475524475,279,281,7,0,274,281,17246,5,0,0,5,0
2020-08-22,US,Colorado,Hinsdale,3,0,0,37.82247444,-107.3004345,8053.0,365.8536585365854,0.0,3,3,0,0,3,3,811,0,0,0,0,0
2020-08-22,US,Colorado,Huerfano,8,1,0,37.68473101,-104.9612585,8055.0,115.99246049006815,12.5,7,8,1,0,7,8,6889,0,0,0,0,0
2020-08-22,US,Colorado,Jackson,9,0,0,40.66593870000001,-106.3408905,8057.0,646.5517241379309,0.0,9,9,0,0,9,9,1399,0,0,0,0,0
2020-08-22,US,Colorado,Jefferson,4562,235,0,39.58635604,-105.2517692,8059.0,782.6640429178511,5.1512494519947385,4327,4501,234,0,4267,4501,580233,61,1,0,60,0
2020-08-22,US,Colorado,Kit Carson,68,3,0,39.30497777,-102.60221990000001,8063.0,958.1513315485415,4.411764705882354,65,68,3,0,65,68,7163,0,0,0,0,0
2020-08-22,US,Colorado,La Plata,230,2,0,37.28632032,-107.8429014,8067.0,409.0998025648778,0.8695652173913043,228,229,2,0,227,229,56310,1,0,0,1,0
2020-08-22,US,Colorado,Lake,80,0,0,39.20278823,-106.35556969999999,8065.0,984.3730773963333,0.0,80,79,0,0,79,79,7824,1,0,0,1,0
2020-08-22,US,Colorado,Larimer,1790,37,0,40.66671597,-105.4625784,8069.0,501.54245318703613,2.0670391061452515,1753,1746,37,0,1709,1746,350518,44,0,0,44,0
2020-08-22,US,Colorado,Las Animas,19,0,0,37.3153406,-104.03764579999999,8071.0,130.98028402040538,0.0,19,19,0,0,19,19,14503,0,0,0,0,0
2020-08-22,US,Colorado,Lincoln,8,0,0,38.98749519,-103.51366490000001,8073.0,140.3262585511314,0.0,8,8,0,0,8,8,5610,0,0,0,0,0
2020-08-22,US,Colorado,Logan,663,5,0,40.7249637,-103.110817,8075.0,2958.632692221875,0.7541478129713424,658,659,5,0,654,659,21528,4,0,0,4,0
2020-08-22,US,Colorado,Mesa,377,5,0,39.01787888,-108.469799,8077.0,244.47182413591855,1.326259946949602,372,372,5,0,367,372,153207,5,0,0,5,0
2020-08-22,US,Colorado,Mineral,19,0,0,37.66954283,-106.92816979999999,8079.0,2470.74122236671,0.0,19,18,0,0,18,18,776,1,0,0,1,0
2020-08-22,US,Colorado,Moffat,33,1,0,40.61810999,-108.2070876,8081.0,248.43785289467738,3.0303030303030303,32,33,1,0,32,33,13188,0,0,0,0,0
2020-08-22,US,Colorado,Montezuma,121,5,0,37.33859579,-108.59588570000001,8083.0,462.1319176564947,4.132231404958676,116,117,5,0,112,117,26158,4,0,0,4,0
2020-08-22,US,Colorado,Montrose,332,13,0,38.40214114,-108.26390220000002,8085.0,776.4628841386408,3.9156626506024095,319,329,13,0,316,329,42214,3,0,0,3,0
2020-08-22,US,Colorado,Morgan,704,47,0,40.26279810000001,-103.8093302,8087.0,2421.9072519609194,6.676136363636362,657,702,47,0,655,702,28558,2,0,0,2,0
2020-08-22,US,Colorado,Otero,80,6,0,37.9014485,-103.7173385,8089.0,437.684648210964,7.5,74,79,6,0,73,79,18432,1,0,0,1,0
2020-08-22,US,Colorado,Ouray,14,1,0,38.14717457,-107.7675136,8091.0,282.71405492730213,7.142857142857142,13,13,1,0,12,13,4833,1,0,0,1,0
2020-08-22,US,Colorado,Park,43,1,0,39.120926000000004,-105.7182065,8093.0,228.1772353409393,2.3255813953488373,42,42,1,0,41,42,18556,1,0,0,1,0
2020-08-22,US,Colorado,Phillips,19,0,0,40.59414277,-102.3577703,8095.0,445.48651817116064,0.0,19,19,0,0,19,19,4286,0,0,0,0,0
2020-08-22,US,Colorado,Pitkin,192,2,0,39.21720112,-106.9310027,8097.0,1080.6551471829796,1.0416666666666667,190,191,2,0,189,191,17950,1,0,0,1,0
2020-08-22,US,Colorado,Prowers,76,0,0,37.95544985,-102.3926052,8099.0,624.3838317449885,0.0,76,76,0,0,76,76,12164,0,0,0,0,0
2020-08-22,US,Colorado,Pueblo,798,34,0,38.17359144,-104.5127437,8101.0,473.80420842635255,4.260651629072681,764,779,34,0,745,779,167529,19,0,0,19,0
2020-08-22,US,Colorado,Rio Blanco,21,0,0,39.97913541,-108.2179009,8103.0,332.0683111954458,0.0,21,20,0,0,20,20,6336,1,0,0,1,0
2020-08-22,US,Colorado,Rio Grande,94,2,0,37.5836865,-106.3847838,8105.0,834.2948433478299,2.127659574468085,92,93,2,0,91,93,11250,1,0,0,1,0
2020-08-22,US,Colorado,Routt,130,8,0,40.48596505,-106.9905548,8107.0,507.0598330603011,6.153846153846153,122,131,8,0,123,131,25733,-1,0,0,-1,0
2020-08-22,US,Colorado,Saguache,108,2,0,38.08054629,-106.28246599999999,8109.0,1582.6494724501758,1.851851851851852,106,108,2,0,106,108,6843,0,0,0,0,0
2020-08-22,US,Colorado,San Juan,2,0,0,37.76248981,-107.67632890000002,8111.0,274.72527472527474,0.0,2,2,0,0,2,2,762,0,0,0,0,0
2020-08-22,US,Colorado,San Miguel,93,0,0,38.00450883,-108.4020725,8113.0,1137.0583200880305,0.0,93,93,0,0,93,93,8191,0,0,0,0,0
2020-08-22,US,Colorado,Sedgwick,12,1,0,40.87595412,-102.3519227,8115.0,533.8078291814946,8.333333333333334,11,11,1,0,10,11,2303,1,0,0,1,0
2020-08-22,US,Colorado,Summit,349,4,0,39.63803232,-106.1150762,8117.0,1125.40711360485,1.146131805157593,345,346,4,0,342,346,31007,3,0,0,3,0
2020-08-22,US,Colorado,Teller,152,3,0,38.88133511,-105.16148929999999,8119.0,598.7080510477391,1.973684210526316,149,149,3,0,146,149,25083,3,0,0,3,0
2020-08-22,US,Colorado,Washington,52,0,0,39.97015535,-103.202587,8121.0,1059.4947025264873,0.0,52,51,0,0,51,51,4909,1,0,0,1,0
2020-08-22,US,Colorado,Weld,3919,146,0,40.55499405,-104.39296209999999,8123.0,1207.7339348889955,3.7254401633069665,3773,3887,145,0,3742,3887,314305,32,1,0,31,0
2020-08-22,US,Colorado,Yuma,63,0,0,40.00346839,-102.4258673,8125.0,628.8052699870246,0.0,63,63,0,0,63,63,10020,0,0,0,0,0
2020-08-22,US,Connecticut,Fairfield,18434,1411,0,41.26809896,-73.3881171,9001.0,1954.137037649523,7.6543343821199965,17023,18434,1411,0,17023,18401,943823,0,0,0,0,33
2020-08-22,US,Connecticut,Hartford,13002,1422,0,41.80283011,-72.73103891,9003.0,1458.0810119768537,10.936778957083526,11580,13002,1422,0,11580,12978,892697,0,0,0,0,24
2020-08-22,US,Connecticut,Litchfield,1645,139,0,41.7937534,-73.2451475,9005.0,912.20131645345,8.449848024316111,1506,1645,139,0,1506,1642,181111,0,0,0,0,3
2020-08-22,US,Connecticut,Middlesex,1426,192,0,41.45949668,-72.53714864,9007.0,877.8842128592185,13.46423562412342,1234,1426,192,0,1234,1425,162682,0,0,0,0,1
2020-08-22,US,Connecticut,New Haven,13442,1111,0,41.408032500000004,-72.93620426,9009.0,1572.610695203432,8.265139116202946,12331,13442,1111,0,12331,13422,857620,0,0,0,0,20
2020-08-22,US,Connecticut,New London,1505,105,0,41.48896435,-72.10430976,9011.0,567.4833902702052,6.9767441860465125,1400,1505,105,0,1400,1503,266784,0,0,0,0,2
2020-08-22,US,Connecticut,Tolland,1083,65,0,41.85853803,-72.3308481,9013.0,718.5461879897293,6.001846722068329,1018,1083,65,0,1018,1082,150921,0,0,0,0,1
2020-08-22,US,Connecticut,Unassigned,214,0,0,0.0,0.0,90009.0,0.0,0.0,214,214,0,0,214,212,,0,0,0,0,2
2020-08-22,US,Connecticut,Windham,768,15,0,41.82972709,-71.98182316,9015.0,657.6355945265537,1.953125,753,768,15,0,753,767,117027,0,0,0,0,1
2020-08-22,US,Delaware,Kent,2543,109,0,39.08646628,-75.56884914,10001.0,1406.635469560696,4.286276051907196,2434,2529,109,0,2420,2525,178550,14,0,0,14,4
2020-08-22,US,Delaware,New Castle,7771,297,0,39.57992638,-75.64054974,10003.0,1390.7755305116932,3.8219019431218633,7474,7737,297,0,7440,7705,559335,34,0,0,34,32
2020-08-22,US,Delaware,Sussex,6242,194,0,38.66143781,-75.39031349,10005.0,2664.958907033835,3.1079782121115027,6048,6235,194,0,6041,6221,229286,7,0,0,7,14
2020-08-22,US,Delaware,Unassigned,272,0,0,0.0,0.0,90010.0,0.0,0.0,272,269,0,0,269,267,,3,0,0,3,2
2020-08-22,US,District of Columbia,District of Columbia,13534,604,0,38.90417773,-77.01655992,11001.0,1917.678948181294,4.462834343135807,12930,13469,602,0,12867,13409,702455,65,2,0,63,60
2020-08-22,US,Florida,Alachua,4919,31,0,29.67866525,-82.35928158,12001.0,1828.3322740231115,0.6302093921528766,4888,4865,31,0,4834,4813,269956,54,0,0,54,52
2020-08-22,US,Florida,Baker,1111,4,0,30.33060121,-82.28467476,12003.0,3803.491954809997,0.36003600360036003,1107,1108,4,0,1104,1098,28355,3,0,0,3,10
2020-08-22,US,Florida,Bay,5120,71,0,30.26548745,-85.62122584,12005.0,2930.6545319252446,1.38671875,5049,5058,69,0,4989,5003,185287,62,2,0,60,55
2020-08-22,US,Florida,Bradford,640,4,0,29.95079741,-82.16611613,12007.0,2269.4230701038973,0.625,636,618,4,0,614,613,27732,22,0,0,22,5
2020-08-22,US,Florida,Brevard,6889,195,0,28.29409504,-80.73091022,12009.0,1144.4624232899514,2.8305995064595733,6694,6797,194,0,6603,6753,596849,92,1,0,91,44
2020-08-22,US,Florida,Broward,68891,1088,0,26.15184651,-80.48725556,12011.0,3527.845971226632,1.5793064406090782,67803,68542,1068,0,67474,68068,1951260,349,20,0,329,474
2020-08-22,US,Florida,Calhoun,534,8,0,30.40666734,-85.19394153,12013.0,3785.891527827012,1.49812734082397,526,531,8,0,523,517,14587,3,0,0,3,14
2020-08-22,US,Florida,Charlotte,2493,107,0,26.90131002,-81.92949121,12015.0,1319.676036207718,4.292017649418371,2386,2462,107,0,2355,2435,184998,31,0,0,31,27
2020-08-22,US,Florida,Citrus,1949,46,0,28.84804315,-82.47614748,12017.0,1302.3112851386838,2.360184710107748,1903,1908,46,0,1862,1882,147929,41,0,0,41,26
2020-08-22,US,Florida,Clay,3650,70,0,29.98319144,-81.85609986,12019.0,1664.751062704103,1.9178082191780816,3580,3609,70,0,3539,3580,216072,41,0,0,41,29
2020-08-22,US,Florida,Collier,11201,163,0,26.11091986,-81.34687065,12021.0,2910.091399888803,1.4552272118560845,11038,11144,162,0,10982,11095,378488,57,1,0,56,49
2020-08-22,US,Florida,Columbia,3178,31,0,30.22509788,-82.62160164,12023.0,4433.222665513489,0.975456261799874,3147,3158,31,0,3127,3125,70503,20,0,0,20,33
2020-08-22,US,Florida,DeSoto,1449,21,0,27.18677893,-81.80941373,12027.0,3813.057551117076,1.4492753623188406,1428,1443,21,0,1422,1438,37489,6,0,0,6,5
2020-08-22,US,Florida,Dixie,657,4,0,29.60631086,-83.15724673,12029.0,3904.67134197076,0.60882800608828,653,643,4,0,639,625,16700,14,0,0,14,18
2020-08-22,US,Florida,Duval,25454,235,0,30.33225875,-81.66976468,12031.0,2657.6734133468367,0.923234069301485,25219,25316,235,0,25081,25117,950181,138,0,0,138,199
2020-08-22,US,Florida,Escambia,10752,171,0,30.67652764,-87.37284571,12033.0,3377.7755437992437,1.5904017857142858,10581,10684,171,0,10513,10595,315534,68,0,0,68,89
2020-08-22,US,Florida,Flagler,1238,15,0,29.45933576,-81.31508595,12035.0,1075.7640270765808,1.2116316639741518,1223,1214,15,0,1199,1194,112067,24,0,0,24,20
2020-08-22,US,Florida,Franklin,509,3,0,29.83791238,-84.82731662,12037.0,4197.938144329897,0.5893909626719057,506,498,3,0,495,485,11736,11,0,0,11,13
2020-08-22,US,Florida,Gadsden,2156,29,0,30.57796289,-84.61915825,12039.0,4721.85720543145,1.3450834879406308,2127,2111,29,0,2082,2085,45894,45,0,0,45,26
2020-08-22,US,Florida,Gilchrist,434,9,0,29.72856978,-82.79880657,12041.0,2335.593585189969,2.0737327188940093,425,428,9,0,419,420,18256,6,0,0,6,8
2020-08-22,US,Florida,Glades,444,3,0,26.95635849,-81.18996211,12043.0,3214.8287596843097,0.6756756756756757,441,440,3,0,437,432,13724,4,0,0,4,8
2020-08-22,US,Florida,Gulf,787,8,0,29.93543004,-85.24270990000002,12045.0,5770.217757900139,1.0165184243964422,779,782,7,0,775,770,16164,5,1,0,4,12
2020-08-22,US,Florida,Hamilton,666,4,0,30.49673973,-82.94998918,12047.0,4616.024397005822,0.6006006006006006,662,653,4,0,649,645,14310,13,0,0,13,8
2020-08-22,US,Florida,Hardee,1050,8,0,27.49293939,-81.80956574,12049.0,3897.9841853213047,0.7619047619047619,1042,1049,8,0,1041,1045,27245,1,0,0,1,4
2020-08-22,US,Florida,Hendry,1923,39,0,26.55386945,-81.16469006,12051.0,4576.174384846033,2.0280811232449296,1884,1917,39,0,1878,1900,41556,6,0,0,6,17
2020-08-22,US,Florida,Hernando,2423,69,0,28.55364461,-82.42700204,12053.0,1249.4843234323432,2.8477094510936856,2354,2396,69,0,2327,2364,190865,27,0,0,27,32
2020-08-22,US,Florida,Highlands,1715,53,0,27.34254618,-81.34071957,12055.0,1614.558326507941,3.090379008746356,1662,1697,53,0,1644,1679,105424,18,0,0,18,18
2020-08-22,US,Florida,Hillsborough,35574,519,0,27.9276559,-82.32013172,12057.0,2416.764494880324,1.4589306797099004,35055,35293,519,0,34774,35061,1436888,281,0,0,281,232
2020-08-22,US,Florida,Holmes,581,4,0,30.86747479,-85.81319222,12059.0,2961.7168782178724,0.6884681583476764,577,572,4,0,568,562,19477,9,0,0,9,10
2020-08-22,US,Florida,Indian River,2736,78,0,27.69308961,-80.60556721,12061.0,1710.8233337293573,2.8508771929824563,2658,2721,72,0,2649,2693,157413,15,6,0,9,28
2020-08-22,US,Florida,Jackson,2220,64,0,30.795459700000002,-85.21500423,12063.0,4783.0396001206545,2.8828828828828827,2156,2198,59,0,2139,2180,48305,22,5,0,17,18
2020-08-22,US,Florida,Jefferson,488,5,0,30.43669112,-83.89442308,12065.0,3425.5229538115973,1.024590163934426,483,481,5,0,476,477,14288,7,0,0,7,4
2020-08-22,US,Florida,Lafayette,1159,4,0,29.98484137,-83.18166636,12067.0,13761.576822607456,0.3451251078515962,1155,1143,4,0,1139,1129,8732,16,0,0,16,14
2020-08-22,US,Florida,Lake,6004,93,0,28.76202069,-81.7125123,12069.0,1635.4414656867816,1.5489673550966023,5911,5947,91,0,5856,5852,356495,57,2,0,55,95
2020-08-22,US,Florida,Lee,17956,398,0,26.58410348,-81.88399313,12071.0,2330.2019136309546,2.216529293829361,17558,17816,397,0,17419,17730,754610,140,1,0,139,86
2020-08-22,US,Florida,Leon,5808,28,0,30.45955727,-84.27491114,12073.0,1978.3229217050089,0.4820936639118457,5780,5705,28,0,5677,5643,292502,103,0,0,103,62
2020-08-22,US,Florida,Levy,847,5,0,29.31829741,-82.74007147,12075.0,2040.8163265306125,0.5903187721369539,842,835,5,0,830,821,40770,12,0,0,12,14
2020-08-22,US,Florida,Liberty,416,7,0,30.23766008,-84.8829258,12077.0,4979.650466842231,1.6826923076923077,409,413,7,0,406,412,8457,3,0,0,3,1
2020-08-22,US,Florida,Madison,822,12,0,30.44396917,-83.47398594,12079.0,4444.925106797166,1.45985401459854,810,807,12,0,795,782,18529,15,0,0,15,25
2020-08-22,US,Florida,Manatee,10123,248,0,27.47196942,-82.31831044,12081.0,2510.3347030276277,2.449866640324015,9875,10059,248,0,9811,9997,394855,64,0,0,64,62
2020-08-22,US,Florida,Marion,7926,134,0,29.21227113,-82.05803627,12083.0,2168.067640646755,1.690638405248549,7792,7807,121,0,7686,7691,359977,119,13,0,106,116
2020-08-22,US,Florida,Martin,4067,112,0,27.0772071,-80.43109784,12085.0,2526.086956521739,2.753872633390705,3955,4046,112,0,3934,4015,160912,21,0,0,21,31
2020-08-22,US,Florida,Miami-Dade,151214,2238,0,25.6112362,-80.55170587,12086.0,5565.599534770735,1.4800216911132569,148976,150305,2219,0,148086,149162,2761581,909,19,0,890,1143
2020-08-22,US,Florida,Monroe,1694,14,0,25.20904673,-81.07812416,12087.0,2282.157676348548,0.8264462809917356,1680,1687,14,0,1673,1675,75027,7,0,0,7,12
2020-08-22,US,Florida,Nassau,1456,15,0,30.61037141,-81.80297522,12089.0,1642.8772919605078,1.03021978021978,1441,1435,15,0,1420,1396,85832,21,0,0,21,39
2020-08-22,US,Florida,Okaloosa,3921,71,0,30.69143028,-86.59267105,12091.0,1860.6041625145913,1.8107625605712832,3850,3878,70,0,3808,3847,207269,43,1,0,42,31
2020-08-22,US,Florida,Okeechobee,1195,13,0,27.386336199999995,-80.88944347,12093.0,2833.902485296908,1.0878661087866108,1182,1183,12,0,1171,1177,41537,12,1,0,11,6
2020-08-22,US,Florida,Orange,34538,361,0,28.51367621,-81.31799498,12095.0,2478.592732293613,1.0452255486710291,34177,34321,358,0,33963,34135,1380645,217,3,0,214,186
2020-08-22,US,Florida,Osceola,10681,127,0,28.06312234,-81.14882926,12097.0,2842.5739385923125,1.189027244640015,10554,10619,125,0,10494,10551,367990,62,2,0,60,68
2020-08-22,US,Florida,Palm Beach,40387,1059,0,26.64676272,-80.46536002,12099.0,2698.276956379404,2.6221308837002004,39328,40157,1048,0,39109,39886,1485941,230,11,0,219,271
2020-08-22,US,Florida,Pasco,7693,157,0,28.30810945,-82.40227529,12101.0,1388.761018653409,2.0408163265306123,7536,7651,157,0,7494,7608,539630,42,0,0,42,43
2020-08-22,US,Florida,Pinellas,19352,595,0,27.93130349,-82.72239666,12103.0,1984.8286557073047,3.074617610582885,18757,19247,591,0,18656,19087,975280,105,4,0,101,160
2020-08-22,US,Florida,Polk,16158,404,0,27.95027105,-81.69732947,12105.0,2229.375380289385,2.500309444238148,15754,16015,399,0,15616,15887,708009,143,5,0,138,128
2020-08-22,US,Florida,Putnam,1709,35,0,29.60779729,-81.74230285,12107.0,2293.313294239208,2.0479812755997657,1674,1689,35,0,1654,1669,74163,20,0,0,20,20
2020-08-22,US,Florida,Santa Rosa,4418,54,0,30.69341450000001,-87.02458128,12113.0,2397.0094350371382,1.2222725215029424,4364,4385,53,0,4332,4341,179349,33,1,0,32,44
2020-08-22,US,Florida,Sarasota,6980,180,0,27.18546175,-82.33174248,12115.0,1609.2515827381255,2.5787965616045847,6800,6905,180,0,6725,6850,426718,75,0,0,75,55
2020-08-22,US,Florida,Seminole,7735,161,0,28.7158582,-81.24060348,12117.0,1639.3755325056272,2.081447963800905,7574,7673,160,0,7513,7641,467832,62,1,0,61,32
2020-08-22,US,Florida,St. Johns,4137,51,0,29.90096506,-81.43589967,12109.0,1563.0667392092855,1.232777374909355,4086,4106,51,0,4055,4075,254261,31,0,0,31,31
2020-08-22,US,Florida,St. Lucie,6585,214,0,27.37763908,-80.47106649,12111.0,2005.8057186023632,3.2498101746393324,6371,6545,212,0,6333,6458,321128,40,2,0,38,87
2020-08-22,US,Florida,Sumter,1704,46,0,28.70181754,-82.0794267,12119.0,1286.8146805618487,2.6995305164319245,1658,1680,46,0,1634,1628,128754,24,0,0,24,52
2020-08-22,US,Florida,Suwannee,2323,53,0,30.19746066,-82.99099670000003,12121.0,5229.979512348876,2.2815325010761947,2270,2317,53,0,2264,2299,44191,6,0,0,6,18
2020-08-22,US,Florida,Taylor,1146,5,0,30.04848048,-83.60445406,12123.0,5313.180954147156,0.4363001745200698,1141,1142,5,0,1137,1125,21623,4,0,0,4,17
2020-08-22,US,Florida,Unassigned,835,0,0,0.0,0.0,90012.0,0.0,0.0,835,812,0,0,812,798,,23,0,0,23,14
2020-08-22,US,Florida,Union,526,5,0,30.04412971,-82.37497443,12125.0,3452.123121349347,0.9505703422053232,521,514,5,0,509,505,14940,12,0,0,12,9
2020-08-22,US,Florida,Volusia,8867,177,0,29.05858895,-81.18263252,12127.0,1602.6127630656226,1.9961655576858013,8690,8761,175,0,8586,8666,547538,106,2,0,104,95
2020-08-22,US,Florida,Wakulla,848,5,0,30.16548905,-84.39895211,12129.0,2513.411778653784,0.589622641509434,843,827,5,0,822,815,32461,21,0,0,21,12
2020-08-22,US,Florida,Walton,1562,20,0,30.64204028,-86.16935664,12131.0,2108.787514681859,1.2804097311139564,1542,1548,18,0,1530,1535,71375,14,2,0,12,13
2020-08-22,US,Florida,Washington,974,14,0,30.61359259,-85.66002461,12133.0,3823.656420523692,1.4373716632443532,960,970,14,0,956,965,24880,4,0,0,4,5
2020-08-22,US,Georgia,Appling,852,21,0,31.74847232,-82.28909114,13001.0,4633.960622212553,2.4647887323943656,831,840,21,0,819,833,18507,12,0,0,12,7
2020-08-22,US,Georgia,Atkinson,379,3,0,31.29633502,-82.87545866,13003.0,4641.76362522964,0.7915567282321899,376,374,3,0,371,370,8297,5,0,0,5,4
2020-08-22,US,Georgia,Bacon,486,8,0,31.55456473,-82.45936528,13005.0,4353.27839484056,1.6460905349794241,478,483,8,0,475,480,11185,3,0,0,3,3
2020-08-22,US,Georgia,Baker,72,3,0,31.32669878,-84.44218806,13007.0,2369.980250164582,4.166666666666667,69,73,3,0,70,73,3092,-1,0,0,-1,0
2020-08-22,US,Georgia,Baldwin,1290,46,0,33.06882326,-83.24701748,13009.0,2873.6912452662073,3.5658914728682167,1244,1252,46,0,1206,1241,44823,38,0,0,38,11
2020-08-22,US,Georgia,Banks,329,7,0,34.35607081,-83.49644388,13011.0,1710.5126338775085,2.127659574468085,322,324,7,0,317,315,18988,5,0,0,5,9
2020-08-22,US,Georgia,Barrow,1578,36,0,33.99148694,-83.71436292,13013.0,1895.7232099951943,2.281368821292776,1542,1553,36,0,1517,1524,80809,25,0,0,25,29
2020-08-22,US,Georgia,Bartow,2225,66,0,34.23732119,-84.83887523,13015.0,2065.1951957526594,2.9662921348314613,2159,2189,66,0,2123,2159,106408,36,0,0,36,30
2020-08-22,US,Georgia,Ben Hill,580,7,0,31.76095874,-83.22145359,13017.0,3473.053892215569,1.206896551724138,573,578,7,0,571,569,16787,2,0,0,2,9
2020-08-22,US,Georgia,Berrien,360,3,0,31.27590016,-83.22529920000002,13019.0,1855.957106769088,0.8333333333333334,357,358,2,0,356,354,19252,2,1,0,1,4
2020-08-22,US,Georgia,Bibb,4496,98,0,32.80904227,-83.70489165,13021.0,2935.5114619447772,2.179715302491103,4398,4393,95,0,4298,4354,153095,103,3,0,100,39
2020-08-22,US,Georgia,Bleckley,310,12,0,32.43829035,-83.33035166,13023.0,2408.141070457547,3.870967741935484,298,299,11,0,288,295,12838,11,1,0,10,4
2020-08-22,US,Georgia,Brantley,289,8,0,31.19576557,-81.97743999,13025.0,1512.3763671568372,2.7681660899653977,281,286,8,0,278,283,18897,3,0,0,3,3
2020-08-22,US,Georgia,Brooks,451,20,0,30.83922642,-83.58303423,13027.0,2917.7718832891246,4.434589800443459,431,446,20,0,426,444,15513,5,0,0,5,2
2020-08-22,US,Georgia,Bryan,785,9,0,32.00979311,-81.44002948,13029.0,1980.9725692078632,1.1464968152866242,776,774,9,0,765,771,38109,11,0,0,11,3
2020-08-22,US,Georgia,Bulloch,1467,19,0,32.39577406,-81.74811421,13031.0,1842.7796201386795,1.2951601908657124,1448,1460,19,0,1441,1435,77296,7,0,0,7,25
2020-08-22,US,Georgia,Burke,614,7,0,33.05917989,-81.99928721,13033.0,2743.153285975964,1.1400651465798046,607,611,7,0,604,602,22423,3,0,0,3,9
2020-08-22,US,Georgia,Butts,530,40,0,33.283094500000004,-83.95435040000002,13035.0,2125.441129290985,7.547169811320754,490,526,40,0,486,526,24193,4,0,0,4,0
2020-08-22,US,Georgia,Calhoun,224,7,0,31.53169785,-84.62725131,13037.0,3619.3246081757957,3.125,217,221,7,0,214,220,6352,3,0,0,3,1
2020-08-22,US,Georgia,Camden,933,7,0,30.92951916,-81.66601818,13039.0,1706.7281308308636,0.7502679528403001,926,923,7,0,916,908,53677,10,0,0,10,15
2020-08-22,US,Georgia,Candler,303,11,0,32.40209349,-82.07702563,13043.0,2804.7764509858366,3.6303630363036303,292,297,11,0,286,293,10836,6,0,0,6,4
2020-08-22,US,Georgia,Carroll,2193,56,0,33.58138199,-85.07976677,13045.0,1827.6218414560967,2.553579571363429,2137,2175,56,0,2119,2136,118121,18,0,0,18,39
2020-08-22,US,Georgia,Catoosa,788,17,0,34.89872298,-85.13757014,13047.0,1166.0254513169575,2.1573604060913705,771,757,17,0,740,747,67420,31,0,0,31,10
2020-08-22,US,Georgia,Charlton,529,5,0,30.78371028,-82.13951596,13049.0,3950.119474313023,0.9451795841209829,524,512,5,0,507,510,12968,17,0,0,17,2
2020-08-22,US,Georgia,Chatham,6632,114,0,32.00043026,-81.12489526,13051.0,2291.400338596552,1.7189384800965015,6518,6571,110,0,6461,6498,289195,61,4,0,57,73
2020-08-22,US,Georgia,Chattahoochee,930,2,0,32.34341231,-84.78809239,13053.0,8526.634271568717,0.21505376344086025,928,896,2,0,894,851,10684,34,0,0,34,45
2020-08-22,US,Georgia,Chattooga,417,5,0,34.47197698,-85.34535662,13055.0,1682.1977490015736,1.1990407673860912,412,401,5,0,396,395,24790,16,0,0,16,6
2020-08-22,US,Georgia,Cherokee,4319,70,0,34.24393976,-84.47431861,13057.0,1669.0303857048457,1.6207455429497568,4249,4262,69,0,4193,4186,254149,57,1,0,56,76
2020-08-22,US,Georgia,Clarke,2473,24,0,33.95436462,-83.37124007,13059.0,1927.0480242497915,0.9704811969268096,2449,2416,23,0,2393,2372,127330,57,1,0,56,44
2020-08-22,US,Georgia,Clay,108,2,0,31.62221166,-84.97713865,13061.0,3810.868031051517,1.851851851851852,106,108,2,0,106,107,2887,0,0,0,0,1
2020-08-22,US,Georgia,Clayton,5980,121,0,33.54187245,-84.35594188,13063.0,2046.151319391219,2.0234113712374584,5859,5914,119,0,5795,5827,289615,66,2,0,64,87
2020-08-22,US,Georgia,Clinch,266,4,0,30.91395822,-82.70432472,13065.0,4019.341190692052,1.5037593984962403,262,226,4,0,222,223,6648,40,0,0,40,3
2020-08-22,US,Georgia,Cobb,15816,368,0,33.94243204,-84.5761255,13067.0,2080.6666131678203,2.3267577137076376,15448,15687,358,0,15329,15449,756865,129,10,0,119,238
2020-08-22,US,Georgia,Coffee,1691,34,0,31.54892966,-82.85492059999999,13069.0,3907.748480576803,2.0106445890005915,1657,1673,33,0,1640,1664,43093,18,1,0,17,9
2020-08-22,US,Georgia,Colquitt,1674,25,0,31.18810588,-83.7677946,13071.0,3671.052631578948,1.4934289127837514,1649,1653,25,0,1628,1649,45592,21,0,0,21,4
2020-08-22,US,Georgia,Columbia,2936,36,0,33.54534185,-82.263524,13073.0,1873.476524113991,1.2261580381471389,2900,2912,36,0,2876,2869,154291,24,0,0,24,43
2020-08-22,US,Georgia,Cook,494,10,0,31.16068491,-83.42947229,13075.0,2860.4516502605675,2.0242914979757085,484,492,10,0,482,490,17162,2,0,0,2,2
2020-08-22,US,Georgia,Coweta,1972,26,0,33.35334302,-84.76129976,13077.0,1327.865651239992,1.3184584178498986,1946,1944,26,0,1918,1925,145864,28,0,0,28,19
2020-08-22,US,Georgia,Crawford,131,0,0,32.71391813,-83.98061238,13079.0,1056.1109319574334,0.0,131,129,0,0,129,128,12318,2,0,0,2,1
2020-08-22,US,Georgia,Crisp,426,15,0,31.92289565,-83.76811843,13081.0,1904.165921687824,3.5211267605633805,411,422,15,0,407,422,22601,4,0,0,4,0
2020-08-22,US,Georgia,Dade,177,3,0,34.854916700000004,-85.50490424,13083.0,1098.2874162323158,1.6949152542372878,174,173,2,0,171,170,16226,4,1,0,3,3
2020-08-22,US,Georgia,Dawson,589,5,0,34.44244079,-84.16964071,13085.0,2256.0134824574843,0.8488964346349746,584,564,5,0,559,548,25083,25,0,0,25,16
2020-08-22,US,Georgia,DeKalb,15860,278,0,33.76944049,-84.22396017,13089.0,2088.7742214179693,1.7528373266078183,15582,15731,272,0,15459,15605,756558,129,6,0,123,126
2020-08-22,US,Georgia,Decatur,915,19,0,30.87967778,-84.57619536,13087.0,3465.384032722315,2.076502732240437,896,902,19,0,883,883,26575,13,0,0,13,19
2020-08-22,US,Georgia,Dodge,280,5,0,32.17265114,-83.16948926,13091.0,1358.893472458141,1.7857142857142858,275,273,5,0,268,272,20705,7,0,0,7,1
2020-08-22,US,Georgia,Dooly,275,14,0,32.15630737,-83.79746561,13093.0,2053.7714712471993,5.090909090909091,261,273,14,0,259,270,13706,2,0,0,2,3
2020-08-22,US,Georgia,Dougherty,2888,174,0,31.53328528,-84.21722377,13095.0,3283.459911774069,6.024930747922437,2714,2869,173,0,2696,2863,91243,19,1,0,18,6
2020-08-22,US,Georgia,Douglas,3015,61,0,33.70291126,-84.77026156,13097.0,2060.2283676021398,2.023217247097844,2954,2992,60,0,2932,2963,145331,23,1,0,22,29
2020-08-22,US,Georgia,Early,398,32,0,31.32155345,-84.90255207,13099.0,3905.789990186457,8.040201005025125,366,395,32,0,363,392,10247,3,0,0,3,3
2020-08-22,US,Georgia,Echols,230,2,0,30.71101099,-82.89687287,13101.0,5741.387918122816,0.8695652173913043,228,228,2,0,226,228,4000,2,0,0,2,0
2020-08-22,US,Georgia,Effingham,936,14,0,32.36616021,-81.34280942,13103.0,1455.7670772676377,1.4957264957264955,922,910,12,0,898,884,62190,26,2,0,24,26
2020-08-22,US,Georgia,Elbert,420,1,0,34.11302332,-82.83936148,13105.0,2188.183807439825,0.2380952380952381,419,418,1,0,417,410,19120,2,0,0,2,8
2020-08-22,US,Georgia,Emanuel,656,16,0,32.59221302,-82.30239915,13107.0,2896.758809502782,2.4390243902439024,640,640,15,0,625,637,22612,16,1,0,15,3
2020-08-22,US,Georgia,Evans,332,4,0,32.15328841,-81.8870105,13109.0,3116.200488079595,1.2048192771084338,328,328,4,0,324,326,10721,4,0,0,4,2
2020-08-22,US,Georgia,Fannin,410,5,0,34.86430205,-84.316964,13111.0,1565.602566060791,1.2195121951219512,405,405,5,0,400,398,25964,5,0,0,5,7
2020-08-22,US,Georgia,Fayette,1404,35,0,33.41357794,-84.49089434,13113.0,1227.0474825425404,2.492877492877493,1369,1394,34,0,1360,1388,113459,10,1,0,9,6
2020-08-22,US,Georgia,Floyd,1998,22,0,34.26268279,-85.21577392,13115.0,2028.467583098134,1.1011011011011012,1976,1950,21,0,1929,1912,97927,48,1,0,47,38
2020-08-22,US,Georgia,Forsyth,2797,31,0,34.22604035,-84.12315129999998,13117.0,1145.128801401831,1.1083303539506617,2766,2754,31,0,2723,2710,236612,43,0,0,43,44
2020-08-22,US,Georgia,Franklin,497,9,0,34.37525597,-83.23159927,13119.0,2128.570816737333,1.8108651911468812,488,491,6,0,485,483,23023,6,3,0,3,8
2020-08-22,US,Georgia,Fulton,23622,489,0,33.79216944,-84.46319413,13121.0,2220.2442437851114,2.0701041402082803,23133,23375,486,0,22889,23068,1050114,247,3,0,244,307
2020-08-22,US,Georgia,Gilmer,713,5,0,34.69316688,-84.45802506,13123.0,2272.9446268609136,0.7012622720897616,708,707,5,0,702,699,30816,6,0,0,6,8
2020-08-22,US,Georgia,Glascock,33,2,0,33.22879932,-82.61297636,13125.0,1110.7371255469538,6.0606060606060606,31,31,1,0,30,32,2995,2,1,0,1,-1
2020-08-22,US,Georgia,Glynn,2856,61,0,31.23279254,-81.53811412,13127.0,3348.4969281995973,2.135854341736694,2795,2822,61,0,2761,2808,85219,34,0,0,34,14
2020-08-22,US,Georgia,Gordon,1432,25,0,34.50487351,-84.87296253,13129.0,2470.5415523696147,1.7458100558659218,1407,1415,25,0,1390,1399,57685,17,0,0,17,16
2020-08-22,US,Georgia,Grady,615,8,0,30.87454847,-84.23418364,13131.0,2496.6508342467428,1.3008130081300813,607,603,7,0,596,599,24748,12,1,0,11,4
2020-08-22,US,Georgia,Greene,395,14,0,33.5769205,-83.17139104,13133.0,2155.642872735211,3.5443037974683542,381,392,14,0,378,389,17698,3,0,0,3,3
2020-08-22,US,Georgia,Gwinnett,22991,304,0,33.96044201,-84.02137802,13135.0,2455.647530040053,1.3222565351659346,22687,22786,302,0,22484,22455,927781,205,2,0,203,331
2020-08-22,US,Georgia,Habersham,1266,55,0,34.63331566,-83.53094677,13137.0,2792.9756441934346,4.344391785150078,1211,1263,54,0,1209,1245,45388,3,1,0,2,18
2020-08-22,US,Georgia,Hall,6981,116,0,34.32207823,-83.81896936,13139.0,3414.677095103233,1.661653058301103,6865,6916,115,0,6801,6848,202148,65,1,0,64,68
2020-08-22,US,Georgia,Hancock,346,39,0,33.2721566,-82.99766919,13141.0,4091.285325765638,11.271676300578036,307,342,38,0,304,342,8348,4,1,0,3,0
2020-08-22,US,Georgia,Haralson,284,7,0,33.79602175,-85.21005667,13143.0,953.2760472610097,2.4647887323943656,277,280,7,0,273,269,29533,4,0,0,4,11
2020-08-22,US,Georgia,Harris,710,19,0,32.73709786,-84.90538572,13145.0,2014.984674764445,2.676056338028169,691,704,19,0,685,699,34475,6,0,0,6,5
2020-08-22,US,Georgia,Hart,377,10,0,34.34626973,-82.96567682,13147.0,1438.6567448960122,2.6525198938992043,367,375,10,0,365,369,26099,2,0,0,2,6
2020-08-22,US,Georgia,Heard,159,5,0,33.29686567,-85.12886832,13149.0,1333.5569906902624,3.1446540880503147,154,157,5,0,152,157,11879,2,0,0,2,0
2020-08-22,US,Georgia,Henry,4087,66,0,33.4533428,-84.14814659999998,13151.0,1742.4038949356454,1.6148764374847075,4021,4006,59,0,3947,3948,230220,81,7,0,74,58
2020-08-22,US,Georgia,Houston,2415,63,0,32.45802497,-83.66879087,13153.0,1529.8074913057526,2.608695652173913,2352,2374,63,0,2311,2333,155469,41,0,0,41,41
2020-08-22,US,Georgia,Irwin,194,2,0,31.60213036,-83.27501387,13155.0,2060.322854715378,1.0309278350515465,192,194,2,0,192,190,9398,0,0,0,0,4
2020-08-22,US,Georgia,Jackson,1311,20,0,34.13794553,-83.56814788,13157.0,1796.4564177754635,1.5255530129672006,1291,1293,19,0,1274,1271,70422,18,1,0,17,22
2020-08-22,US,Georgia,Jasper,187,2,0,33.31535543,-83.68844964,13159.0,1315.1417117940784,1.0695187165775402,185,187,2,0,185,186,14040,0,0,0,0,1
2020-08-22,US,Georgia,Jeff Davis,592,9,0,31.80405727,-82.63724870000001,13161.0,3916.639100231558,1.5202702702702702,583,581,8,0,573,570,15029,11,1,0,10,11
2020-08-22,US,Georgia,Jefferson,607,13,0,33.05867328,-82.41609057,13163.0,3951.308423382372,2.1416803953871497,594,605,13,0,592,600,15430,2,0,0,2,5
2020-08-22,US,Georgia,Jenkins,283,24,0,32.79248718,-81.96040187,13165.0,3261.8718303365613,8.480565371024735,259,283,24,0,259,283,8683,0,0,0,0,0
2020-08-22,US,Georgia,Johnson,283,13,0,32.70211082,-82.66166794,13167.0,2934.7713367209376,4.593639575971731,270,283,13,0,270,274,9708,0,0,0,0,9
2020-08-22,US,Georgia,Jones,378,5,0,33.02512137,-83.56019163,13169.0,1315.468940316687,1.3227513227513228,373,372,5,0,367,371,28616,6,0,0,6,1
2020-08-22,US,Georgia,Lamar,311,15,0,33.07841647,-84.14263877,13171.0,1630.2353619541855,4.823151125401928,296,307,14,0,293,303,19000,4,1,0,3,4
2020-08-22,US,Georgia,Lanier,243,5,0,31.03828570000001,-83.06472457,13173.0,2331.382519428188,2.05761316872428,238,243,5,0,238,242,10340,0,0,0,0,1
2020-08-22,US,Georgia,Laurens,1212,32,0,32.46325233,-82.92221316,13175.0,2549.11033525428,2.64026402640264,1180,1197,27,0,1170,1179,47325,15,5,0,10,18
2020-08-22,US,Georgia,Lee,632,23,0,31.779330600000005,-84.14324253,13177.0,2107.228594291811,3.6392405063291138,609,630,23,0,607,624,29764,2,0,0,2,6
2020-08-22,US,Georgia,Liberty,862,13,0,31.82588896,-81.49251135,13179.0,1403.1089769675266,1.508120649651972,849,851,12,0,839,837,61497,11,1,0,10,14
2020-08-22,US,Georgia,Lincoln,184,6,0,33.79201475,-82.45024131,13181.0,2322.93902285065,3.260869565217391,178,182,5,0,177,180,7915,2,1,0,1,2
2020-08-22,US,Georgia,Long,170,2,0,31.75218791,-81.74952375,13183.0,869.1650902397873,1.1764705882352942,168,167,2,0,165,160,18998,3,0,0,3,7
2020-08-22,US,Georgia,Lowndes,3342,56,0,30.83568832,-83.27056716,13185.0,2846.532545185084,1.6756433273488929,3286,3335,54,0,3281,3306,116321,7,2,0,5,29
2020-08-22,US,Georgia,Lumpkin,558,10,0,34.57286511,-84.00425681,13187.0,1660.2201725676882,1.7921146953405018,548,522,10,0,512,492,32955,36,0,0,36,30
2020-08-22,US,Georgia,Macon,194,10,0,32.35207048,-84.04234127,13193.0,1498.4166216111844,5.154639175257731,184,193,10,0,183,193,13143,1,0,0,1,0
2020-08-22,US,Georgia,Madison,491,7,0,34.12920917,-83.21218732,13195.0,1643.239625167336,1.4256619144602851,484,483,7,0,476,477,29650,8,0,0,8,6
2020-08-22,US,Georgia,Marion,164,5,0,32.3483402,-84.52733571,13197.0,1961.957171910516,3.0487804878048776,159,164,5,0,159,164,8351,0,0,0,0,0
2020-08-22,US,Georgia,McDuffie,472,12,0,33.47851918,-82.48252774,13189.0,2214.714714714715,2.5423728813559316,460,471,12,0,459,460,21531,1,0,0,1,11
2020-08-22,US,Georgia,McIntosh,231,3,0,31.49683595,-81.40163426,13191.0,1606.6212268743914,1.2987012987012987,228,227,3,0,224,223,14340,4,0,0,4,4
2020-08-22,US,Georgia,Meriwether,452,8,0,33.04163534,-84.68859732,13199.0,2135.399442528464,1.7699115044247788,444,447,8,0,439,447,21068,5,0,0,5,0
2020-08-22,US,Georgia,Miller,194,0,0,31.16568912,-84.73151117,13201.0,3392.794683455754,0.0,194,188,0,0,188,181,5686,6,0,0,6,7
2020-08-22,US,Georgia,Mitchell,686,42,0,31.22483255,-84.19381821,13205.0,3137.721264236381,6.1224489795918355,644,679,42,0,637,677,22192,7,0,0,7,2
2020-08-22,US,Georgia,Monroe,532,33,0,33.014289,-83.92097166,13207.0,1929.0738994850967,6.203007518796992,499,522,33,0,489,519,27520,10,0,0,10,3
2020-08-22,US,Georgia,Montgomery,199,3,0,32.17201038,-82.53527476,13209.0,2169.6467509812474,1.5075376884422111,196,198,3,0,195,194,9193,1,0,0,1,4
2020-08-22,US,Georgia,Morgan,379,2,0,33.59232073,-83.49129491,13211.0,1966.1755550944172,0.5277044854881267,377,373,2,0,371,361,18853,6,0,0,6,12
2020-08-22,US,Georgia,Murray,679,3,0,34.78897608,-84.74993177,13213.0,1693.4357541899442,0.4418262150220913,676,676,3,0,673,675,39921,3,0,0,3,1
2020-08-22,US,Georgia,Muscogee,5265,120,0,32.50931999,-84.87142262,13215.0,2689.3941328810997,2.2792022792022792,5145,5231,117,0,5114,5195,194160,34,3,0,31,36
2020-08-22,US,Georgia,Newton,2148,58,0,33.55514538,-83.84547140000002,13217.0,1922.2508591065287,2.7001862197392925,2090,2127,52,0,2075,2095,109541,21,6,0,15,32
2020-08-22,US,Georgia,Oconee,510,20,0,33.83749973,-83.43679568,13219.0,1266.137040714995,3.92156862745098,490,494,19,0,475,486,39272,16,1,0,15,8
2020-08-22,US,Georgia,Oglethorpe,262,8,0,33.878629600000004,-83.08278123,13221.0,1717.0194639229305,3.053435114503817,254,258,8,0,250,256,15054,4,0,0,4,2
2020-08-22,US,Georgia,Out of GA,16439,110,0,0.0,0.0,80013.0,0.0,0.669140458665369,16329,16461,109,0,16352,16453,,-22,1,0,-23,8
2020-08-22,US,Georgia,Paulding,2032,30,0,33.91969522,-84.86848792,13223.0,1204.740702093474,1.4763779527559056,2002,2016,30,0,1986,1982,164044,16,0,0,16,34
2020-08-22,US,Georgia,Peach,495,17,0,32.56934316,-83.82937,13225.0,1796.994118928338,3.4343434343434343,478,490,16,0,474,490,27297,5,1,0,4,0
2020-08-22,US,Georgia,Pickens,475,6,0,34.46589159,-84.46406611,13227.0,1457.4575803135833,1.263157894736842,469,464,6,0,458,463,31980,11,0,0,11,1
2020-08-22,US,Georgia,Pierce,490,10,0,31.35928155,-82.21598442,13229.0,2517.33881325456,2.0408163265306123,480,482,10,0,472,478,19389,8,0,0,8,4
2020-08-22,US,Georgia,Pike,262,8,0,33.09310242,-84.38790389,13231.0,1381.7107900010544,3.053435114503817,254,261,8,0,253,261,18634,1,0,0,1,0
2020-08-22,US,Georgia,Polk,1061,12,0,34.00267074,-85.18677781,13233.0,2489.850515101025,1.1310084825636193,1049,1039,12,0,1027,1018,42470,22,0,0,22,21
2020-08-22,US,Georgia,Pulaski,161,4,0,32.23334561,-83.47549959999998,13235.0,1445.6316781898174,2.4844720496894412,157,157,4,0,153,157,11069,4,0,0,4,0
2020-08-22,US,Georgia,Putnam,556,18,0,33.32056115,-83.37552891,13237.0,2513.6760251367605,3.2374100719424463,538,546,18,0,528,519,21809,10,0,0,10,27
2020-08-22,US,Georgia,Quitman,32,1,0,31.86728114,-85.01773177,13239.0,1391.9095258808175,3.125,31,32,1,0,31,32,2279,0,0,0,0,0
2020-08-22,US,Georgia,Rabun,250,4,0,34.88389445,-83.40304637,13241.0,1458.8317675205694,1.6,246,247,4,0,243,240,16867,3,0,0,3,7
2020-08-22,US,Georgia,Randolph,302,27,0,31.76622818,-84.75732369,13243.0,4455.5916199468875,8.940397350993377,275,299,27,0,272,296,6833,3,0,0,3,3
2020-08-22,US,Georgia,Richmond,5590,114,0,33.35777107,-82.07026432,13245.0,2760.248471740784,2.039355992844365,5476,5553,110,0,5443,5456,201554,37,4,0,33,97
2020-08-22,US,Georgia,Rockdale,1583,28,0,33.65145002,-84.02202167,13247.0,1741.550783312797,1.7687934301958308,1555,1569,28,0,1541,1548,90594,14,0,0,14,21
2020-08-22,US,Georgia,Schley,90,2,0,32.2654021,-84.31258912,13249.0,1712.0030435609665,2.2222222222222223,88,89,2,0,87,87,5236,1,0,0,1,2
2020-08-22,US,Georgia,Screven,248,9,0,32.74976524,-81.60779441,13251.0,1775.741085493341,3.629032258064516,239,247,9,0,238,247,13938,1,0,0,1,0
2020-08-22,US,Georgia,Seminole,259,8,0,30.93464824,-84.86823924,13253.0,3201.4833127317675,3.088803088803089,251,259,8,0,251,256,8315,0,0,0,0,3
2020-08-22,US,Georgia,Spalding,1089,45,0,33.26310031,-84.28013991,13255.0,1632.610227426053,4.132231404958676,1044,1079,44,0,1035,1075,66100,10,1,0,9,4
2020-08-22,US,Georgia,Stephens,749,19,0,34.55151201,-83.29405315,13257.0,2889.1031822565087,2.5367156208277706,730,743,19,0,724,727,26035,6,0,0,6,16
2020-08-22,US,Georgia,Stewart,316,10,0,32.07996777,-84.83208037,13259.0,4772.692946684791,3.1645569620253164,306,313,10,0,303,297,6199,3,0,0,3,16
2020-08-22,US,Georgia,Sumter,817,57,0,32.03650571,-84.19821492,13261.0,2767.240211353475,6.9767441860465125,760,811,56,0,755,803,29733,6,1,0,5,8
2020-08-22,US,Georgia,Talbot,152,5,0,32.69642758,-84.53351366,13263.0,2453.591606133979,3.2894736842105265,147,152,5,0,147,149,6272,0,0,0,0,3
2020-08-22,US,Georgia,Taliaferro,18,0,0,33.56543317,-82.88136816,13265.0,1171.1125569290825,0.0,18,18,0,0,18,17,1608,0,0,0,0,1
2020-08-22,US,Georgia,Tattnall,639,5,0,32.04785085,-82.05539188,13267.0,2527.090089377521,0.7824726134585289,634,630,4,0,626,621,25391,9,1,0,8,9
2020-08-22,US,Georgia,Taylor,114,4,0,32.55792548,-84.25077141,13269.0,1421.4463840399005,3.5087719298245608,110,112,4,0,108,112,8039,2,0,0,2,0
2020-08-22,US,Georgia,Telfair,325,12,0,31.92829517,-82.93491155,13271.0,2049.180327868853,3.692307692307693,313,325,12,0,313,324,15876,0,0,0,0,1
2020-08-22,US,Georgia,Terrell,309,30,0,31.77527543,-84.44069698,13273.0,3622.084163638495,9.70873786407767,279,309,30,0,279,310,8611,0,0,0,0,-1
2020-08-22,US,Georgia,Thomas,1323,46,0,30.86392347,-83.91847289,13275.0,2976.310994128366,3.4769463340891917,1277,1305,46,0,1259,1286,44448,18,0,0,18,19
2020-08-22,US,Georgia,Tift,1438,47,0,31.45743864,-83.5236119,13277.0,3538.037594724929,3.2684283727399164,1391,1422,47,0,1375,1418,40571,16,0,0,16,4
2020-08-22,US,Georgia,Toombs,962,10,0,32.12059861,-82.32957247,13279.0,3585.538576220649,1.0395010395010396,952,956,10,0,946,936,26887,6,0,0,6,20
2020-08-22,US,Georgia,Towns,180,3,0,34.91369188,-83.74107459999998,13281.0,1495.3892165822049,1.6666666666666667,177,177,3,0,174,175,11852,3,0,0,3,2
2020-08-22,US,Georgia,Treutlen,170,3,0,32.40422134,-82.56904553,13283.0,2463.411099840603,1.7647058823529411,167,165,3,0,162,165,6809,5,0,0,5,0
2020-08-22,US,Georgia,Troup,2496,79,0,33.03349196,-85.02812115,13285.0,3569.6919424501593,3.165064102564102,2417,2483,78,0,2405,2454,70034,13,1,0,12,29
2020-08-22,US,Georgia,Turner,273,19,0,31.71612656,-83.62069378,13287.0,3418.9104571070757,6.95970695970696,254,273,18,0,255,268,7912,0,1,0,-1,5
2020-08-22,US,Georgia,Twiggs,157,6,0,32.67435595,-83.43078662,13289.0,1933.4975369458127,3.8216560509554136,151,153,6,0,147,147,8188,4,0,0,4,6
2020-08-22,US,Georgia,Unassigned,2685,4,0,0.0,0.0,90013.0,0.0,0.148975791433892,2681,2689,6,0,2683,2719,,-4,-2,0,-2,-30
2020-08-22,US,Georgia,Union,397,7,0,34.82995757,-83.98967069,13291.0,1619.680959569173,1.7632241813602014,390,386,7,0,379,384,24001,11,0,0,11,2
2020-08-22,US,Georgia,Upson,655,53,0,32.87920671,-84.30024826,13293.0,2488.601823708207,8.091603053435115,602,646,53,0,593,639,26215,9,0,0,9,7
2020-08-22,US,Georgia,Walker,903,19,0,34.73376362,-85.30165174,13295.0,1294.419518068835,2.1040974529346617,884,882,19,0,863,863,69410,21,0,0,21,19
2020-08-22,US,Georgia,Walton,1355,43,0,33.78017694,-83.73552314,13297.0,1432.4527184886829,3.1734317343173437,1312,1347,44,0,1303,1330,93503,8,-1,0,9,17
2020-08-22,US,Georgia,Ware,1286,41,0,31.05449097,-82.42224148,13299.0,3598.813454972855,3.1881804043545876,1245,1281,40,0,1241,1274,35680,5,1,0,4,7
2020-08-22,US,Georgia,Warren,110,3,0,33.41146451,-82.67795848,13301.0,2093.6429387133608,2.727272727272727,107,110,3,0,107,100,5251,0,0,0,0,10
2020-08-22,US,Georgia,Washington,583,3,0,32.96711864,-82.79357039,13303.0,2861.4901344851282,0.5145797598627787,580,579,3,0,576,575,20386,4,0,0,4,4
2020-08-22,US,Georgia,Wayne,914,19,0,31.5521809,-81.91894878,13305.0,3054.0983058776355,2.078774617067834,895,912,16,0,896,905,29808,2,3,0,-1,7
2020-08-22,US,Georgia,Webster,38,2,0,32.04066113,-84.54742852,13307.0,1457.6141158419641,5.2631578947368425,36,38,2,0,36,39,2611,0,0,0,0,-1
2020-08-22,US,Georgia,Wheeler,131,3,0,32.12009104,-82.72574721,13309.0,1667.7275620623807,2.2900763358778624,128,129,3,0,126,127,7879,2,0,0,2,2
2020-08-22,US,Georgia,White,440,9,0,34.64624278,-83.74905525,13311.0,1428.6641989739594,2.0454545454545454,431,431,8,0,423,420,29970,9,1,0,8,11
2020-08-22,US,Georgia,Whitfield,3819,44,0,34.80987459,-84.96093476,13313.0,3650.0745498336964,1.1521340665095574,3775,3805,43,0,3762,3790,104062,14,1,0,13,15
2020-08-22,US,Georgia,Wilcox,210,20,0,31.97496928,-83.43438555,13315.0,2431.9629415170816,9.523809523809524,190,205,20,0,185,203,8812,5,0,0,5,2
2020-08-22,US,Georgia,Wilkes,210,3,0,33.78290391,-82.74286107,13317.0,2147.8981282602026,1.4285714285714286,207,210,3,0,207,209,9876,0,0,0,0,1
2020-08-22,US,Georgia,Wilkinson,257,13,0,32.80291082,-83.17140684,13319.0,2870.225597498325,5.058365758754863,244,250,13,0,237,248,9036,7,0,0,7,2
2020-08-22,US,Georgia,Worth,483,24,0,31.55162306,-83.85090513,13321.0,2385.538598310861,4.9689440993788825,459,482,24,0,458,480,20299,1,0,0,1,2
2020-08-22,US,Hawaii,Hawaii,192,0,0,19.60121157,-155.5210167,15001.0,95.27921275550459,0.0,192,177,0,0,177,164,200983,15,0,0,15,13
2020-08-22,US,Hawaii,Honolulu,5806,39,0,21.45803166,-157.97121819999995,15003.0,595.7541995745786,0.6717189114708921,5767,5547,38,0,5509,5340,980080,259,1,0,258,207
2020-08-22,US,Hawaii,Kauai,56,0,0,22.03935037,-159.5966786,15007.0,77.46254824118517,0.0,56,56,0,0,56,54,72133,0,0,0,0,2
2020-08-22,US,Hawaii,Maui,279,7,0,20.86399628,-156.56890969999995,15009.0,166.64974285765484,2.508960573476702,272,269,7,0,262,263,167207,10,0,0,10,6
2020-08-22,US,Hawaii,Out of HI,23,1,0,0.0,0.0,80015.0,0.0,4.3478260869565215,22,23,1,0,22,23,,0,0,0,0,0
2020-08-22,US,Idaho,Ada,10562,109,0,43.4526575,-116.24155159999998,16001.0,2193.1655131886864,1.032001514864609,10453,10450,109,0,10341,10348,469966,112,0,0,112,102
2020-08-22,US,Idaho,Adams,24,0,0,44.89333571,-116.4545247,16003.0,558.9194224499302,0.0,24,23,0,0,23,23,4250,1,0,0,1,0
2020-08-22,US,Idaho,Bannock,556,2,0,42.67002716,-112.2233311,16005.0,633.1997084548104,0.3597122302158273,554,556,2,0,554,548,87138,0,0,0,0,8
2020-08-22,US,Idaho,Bear Lake,25,0,0,42.28269683,-111.32892379999998,16007.0,408.1632653061225,0.0,25,25,0,0,25,25,6050,0,0,0,0,0
2020-08-22,US,Idaho,Benewah,95,1,0,47.21754179,-116.6586851,16009.0,1021.7251021725102,1.0526315789473684,94,93,1,0,92,92,9226,2,0,0,2,1
2020-08-22,US,Idaho,Bingham,396,4,0,43.21672879999999,-112.3978437,16011.0,845.9550105744377,1.0101010101010102,392,395,4,0,391,387,46236,1,0,0,1,8
2020-08-22,US,Idaho,Blaine,594,6,0,43.4085812,-113.9752658,16013.0,2580.2528126493203,1.0101010101010102,588,593,6,0,587,593,22601,1,0,0,1,0
2020-08-22,US,Idaho,Boise,57,1,0,43.98829931,-115.7309284,16015.0,727.876388711531,1.7543859649122806,56,57,1,0,56,57,7634,0,0,0,0,0
2020-08-22,US,Idaho,Bonner,196,0,0,48.29996017,-116.6017932,16017.0,428.51833227661285,0.0,196,196,0,0,196,194,44727,0,0,0,0,2
2020-08-22,US,Idaho,Bonneville,1506,6,0,43.38713372,-111.6161537,16019.0,1264.8872016260436,0.398406374501992,1500,1479,6,0,1473,1441,116854,27,0,0,27,38
2020-08-22,US,Idaho,Boundary,42,0,0,48.76684761,-116.4630179,16021.0,342.99714169048593,0.0,42,42,0,0,42,42,11948,0,0,0,0,0
2020-08-22,US,Idaho,Butte,4,0,0,43.72592209,-113.1735463,16023.0,154.02387370042356,0.0,4,4,0,0,4,4,2611,0,0,0,0,0
2020-08-22,US,Idaho,Camas,2,0,0,43.46665742,-114.8065892,16025.0,180.83182640144662,0.0,2,2,0,0,2,2,1127,0,0,0,0,0
2020-08-22,US,Idaho,Canyon,6735,64,0,43.61970148,-116.70954990000001,16027.0,2930.184599454425,0.9502598366740904,6671,6663,63,0,6600,6650,223499,72,1,0,71,13
2020-08-22,US,Idaho,Caribou,35,0,0,42.77149116,-111.5597683,16029.0,489.1684136967156,0.0,35,35,0,0,35,35,7060,0,0,0,0,0
2020-08-22,US,Idaho,Cassia,570,1,0,42.28347888,-113.6012409,16031.0,2372.0349563046193,0.17543859649122806,569,570,1,0,569,569,23864,0,0,0,0,1
2020-08-22,US,Idaho,Clark,15,0,0,44.28496071,-112.35057040000001,16033.0,1775.1479289940826,0.0,15,15,0,0,15,15,852,0,0,0,0,0
2020-08-22,US,Idaho,Clearwater,20,0,0,46.67459924,-115.6622393,16035.0,228.41480127912288,0.0,20,20,0,0,20,20,8758,0,0,0,0,0
2020-08-22,US,Idaho,Custer,18,0,0,44.24186819,-114.2855494,16037.0,417.1494785631518,0.0,18,18,0,0,18,17,4280,0,0,0,0,1
2020-08-22,US,Idaho,Elmore,259,3,0,43.3507101,-115.4701578,16039.0,941.4416051761116,1.1583011583011582,256,259,3,0,256,253,27259,0,0,0,0,6
2020-08-22,US,Idaho,Franklin,54,0,0,42.18332217,-111.81496659999999,16041.0,389.16114153934853,0.0,54,54,0,0,54,54,13726,0,0,0,0,0
2020-08-22,US,Idaho,Fremont,97,1,0,44.22800938,-111.48099429999999,16043.0,740.5145430948927,1.0309278350515465,96,97,1,0,96,97,13168,0,0,0,0,0
2020-08-22,US,Idaho,Gem,205,2,0,44.06482372,-116.398376,16045.0,1131.84628975265,0.975609756097561,203,202,2,0,200,198,17634,3,0,0,3,4
2020-08-22,US,Idaho,Gooding,196,1,0,42.96927962,-114.81083059999999,16047.0,1291.2576586072864,0.5102040816326531,195,194,1,0,193,191,15196,2,0,0,2,3
2020-08-22,US,Idaho,Idaho,39,0,0,45.84721541,-115.4634436,16049.0,233.99532009359814,0.0,39,39,0,0,39,38,16513,0,0,0,0,1
2020-08-22,US,Idaho,Jefferson,299,1,0,43.82078483,-112.3131749,16051.0,1000.9708412841887,0.33444816053511706,298,294,1,0,293,289,29439,5,0,0,5,5
2020-08-22,US,Idaho,Jerome,560,6,0,42.68891267,-114.2655033,16053.0,2293.9537932164512,1.0714285714285714,554,546,6,0,540,544,24015,14,0,0,14,2
2020-08-22,US,Idaho,Kootenai,2062,23,0,47.67282258,-116.7020872,16055.0,1244.440152809043,1.115421920465567,2039,2057,23,0,2034,2049,161505,5,0,0,5,8
2020-08-22,US,Idaho,Latah,176,0,0,46.81587887,-116.71136979999999,16057.0,438.81519896280037,0.0,176,176,0,0,176,172,40134,0,0,0,0,4
2020-08-22,US,Idaho,Lemhi,63,0,0,44.9438088,-113.9309747,16059.0,784.8511274448738,0.0,63,62,0,0,62,61,7961,1,0,0,1,1
2020-08-22,US,Idaho,Lincoln,63,0,0,43.0012336,-114.1358773,16063.0,1174.058889303019,0.0,63,63,0,0,63,63,5360,0,0,0,0,0
2020-08-22,US,Idaho,Madison,210,0,0,43.78141028,-111.65384740000002,16065.0,526.2234695667427,0.0,210,208,0,0,208,206,39304,2,0,0,2,2
2020-08-22,US,Idaho,Minidoka,525,2,0,42.85518524,-113.6357257,16067.0,2495.3657493226865,0.3809523809523809,523,525,2,0,523,524,20825,0,0,0,0,1
2020-08-22,US,Idaho,Nez Perce,227,19,0,46.32638236,-116.75009750000001,16069.0,561.7699465452387,8.370044052863436,208,227,19,0,208,219,40408,0,0,0,0,8
2020-08-22,US,Idaho,Oneida,18,0,0,42.19494279999999,-112.5407838,16071.0,397.26329728536746,0.0,18,18,0,0,18,18,4488,0,0,0,0,0
2020-08-22,US,Idaho,Owyhee,290,4,0,42.58016894,-116.16938710000001,16073.0,2452.846147339931,1.3793103448275863,286,287,4,0,283,286,11693,3,0,0,3,1
2020-08-22,US,Idaho,Payette,550,4,0,44.00545243,-116.7647695,16075.0,2296.355058243915,0.7272727272727273,546,514,4,0,510,509,23551,36,0,0,36,5
2020-08-22,US,Idaho,Power,90,0,0,42.69254894,-112.83957420000002,16077.0,1171.7224319750032,0.0,90,90,0,0,90,81,7768,0,0,0,0,9
2020-08-22,US,Idaho,Shoshone,183,9,0,47.35364087,-115.89167490000001,16079.0,1420.5868653935725,4.918032786885246,174,183,9,0,174,182,12796,0,0,0,0,1
2020-08-22,US,Idaho,Teton,117,0,0,43.75303583,-111.2056773,16081.0,963.5974304068524,0.0,117,116,0,0,116,109,11640,1,0,0,1,7
2020-08-22,US,Idaho,Twin Falls,1589,33,0,42.35440512,-114.6685381,16083.0,1829.0015884343563,2.076777847702958,1556,1583,33,0,1550,1571,86081,6,0,0,6,12
2020-08-22,US,Idaho,Unassigned,3,0,0,0.0,0.0,90016.0,0.0,0.0,3,3,0,0,3,3,,0,0,0,0,0
2020-08-22,US,Idaho,Valley,78,1,0,44.76728382,-115.5676773,16085.0,684.6910112359551,1.2820512820512822,77,78,1,0,77,78,11041,0,0,0,0,0
2020-08-22,US,Idaho,Washington,254,3,0,44.45275475,-116.78476880000001,16087.0,2491.661761820679,1.1811023622047243,251,253,3,0,250,253,10161,1,0,0,1,0
2020-08-22,US,Illinois,Adams,705,7,0,39.98815591,-91.18786813,17001.0,1077.4050584549552,0.9929078014184396,698,700,7,0,693,692,65691,5,0,0,5,8
2020-08-22,US,Illinois,Alexander,40,0,0,37.18049267,-89.32910838,17003.0,694.3239021003299,0.0,40,40,0,0,40,40,6060,0,0,0,0,0
2020-08-22,US,Illinois,Bond,100,3,0,38.88829622,-89.43534887,17005.0,608.790941190795,3.0,97,97,3,0,94,95,16630,3,0,0,3,2
2020-08-22,US,Illinois,Boone,815,23,0,42.32359279,-88.82345779,17007.0,1522.1126550126999,2.8220858895705523,792,812,23,0,789,796,53577,3,0,0,3,16
2020-08-22,US,Illinois,Brown,16,0,0,39.96209138,-90.75068024,17009.0,243.2350258437215,0.0,16,16,0,0,16,16,6556,0,0,0,0,0
2020-08-22,US,Illinois,Bureau,312,4,0,41.40385234,-89.5283051,17011.0,956.2339095255608,1.2820512820512822,308,303,4,0,299,291,32993,9,0,0,9,12
2020-08-22,US,Illinois,Calhoun,19,0,0,39.16840183,-90.66330078,17013.0,400.9284659210804,0.0,19,19,0,0,19,19,4802,0,0,0,0,0
2020-08-22,US,Illinois,Carroll,111,4,0,42.06823429,-89.93395545,17015.0,775.9524641733659,3.603603603603604,107,104,4,0,100,97,14312,7,0,0,7,7
2020-08-22,US,Illinois,Cass,283,11,0,39.96991073,-90.24734436,17017.0,2329.7933646167776,3.886925795053004,272,278,11,0,267,272,12260,5,0,0,5,6
2020-08-22,US,Illinois,Champaign,1929,20,0,40.13919438,-88.20046615,17019.0,919.9338067328281,1.0368066355624677,1909,1881,20,0,1861,1835,209983,48,0,0,48,46
2020-08-22,US,Illinois,Christian,182,4,0,39.54581621,-89.27780482,17021.0,563.3977216443784,2.1978021978021984,178,171,4,0,167,167,32661,11,0,0,11,4
2020-08-22,US,Illinois,Clark,112,2,0,39.33425789,-87.78705622,17023.0,725.3416229518814,1.7857142857142858,110,105,2,0,103,104,15596,7,0,0,7,1
2020-08-22,US,Illinois,Clay,57,0,0,38.75388572,-88.48914513,17025.0,432.34223300970876,0.0,57,52,0,0,52,51,13253,5,0,0,5,1
2020-08-22,US,Illinois,Clinton,574,17,0,38.60704876,-89.42385254,17027.0,1528.140141632501,2.9616724738675964,557,553,17,0,536,548,37639,21,0,0,21,5
2020-08-22,US,Illinois,Coles,759,21,0,39.51949084,-88.22358557,17029.0,1499.3777286106556,2.766798418972332,738,733,21,0,712,697,50885,26,0,0,26,36
2020-08-22,US,Illinois,Cook,120567,5008,0,41.84144849,-87.81658794,17031.0,2341.0008828726777,4.153707067439681,115559,119644,4997,0,114647,118757,5180493,923,11,0,912,887
2020-08-22,US,Illinois,Crawford,49,0,0,39.0032229,-87.75954624,17033.0,262.49531258370394,0.0,49,44,0,0,44,43,18807,5,0,0,5,1
2020-08-22,US,Illinois,Cumberland,103,3,0,39.27432424,-88.2401158,17035.0,956.7155861044027,2.9126213592233015,100,95,3,0,92,86,10808,8,0,0,8,9
2020-08-22,US,Illinois,De Witt,37,1,0,40.17514519,-88.90959682,17039.0,236.60314618237626,2.702702702702702,36,37,1,0,36,37,15769,0,0,0,0,0
2020-08-22,US,Illinois,DeKalb,1038,33,0,41.89373302,-88.76958483,17037.0,989.5421222723244,3.1791907514450872,1005,1030,33,0,997,1017,104143,8,0,0,8,13
2020-08-22,US,Illinois,Douglas,185,4,0,39.76768052,-88.21854195,17041.0,950.4238376573337,2.1621621621621623,181,178,3,0,175,167,19479,7,1,0,6,11
2020-08-22,US,Illinois,DuPage,13686,529,0,41.85116968,-88.08642662,17043.0,1482.9004866071964,3.8652637731988895,13157,13530,529,0,13001,13410,928589,156,0,0,156,120
2020-08-22,US,Illinois,Edgar,57,0,0,39.6809186,-87.74759563,17045.0,332.1484761960258,0.0,57,54,0,0,54,49,17360,3,0,0,3,5
2020-08-22,US,Illinois,Edwards,31,0,0,38.41353228,-88.05720863,17047.0,484.7537138389367,0.0,31,29,0,0,29,28,6392,2,0,0,2,1
2020-08-22,US,Illinois,Effingham,367,1,0,39.05935711,-88.58969584,17049.0,1079.1578452128908,0.2724795640326976,366,345,1,0,344,317,34208,22,0,0,22,28
2020-08-22,US,Illinois,Fayette,108,3,0,39.00072038,-89.02452658,17051.0,506.1867266591676,2.7777777777777777,105,103,3,0,100,97,21416,5,0,0,5,6
2020-08-22,US,Illinois,Ford,69,2,0,40.59706922,-88.22350769,17053.0,532.3663297585064,2.898550724637681,67,68,2,0,66,63,13264,1,0,0,1,5
2020-08-22,US,Illinois,Franklin,285,1,0,37.99189086,-88.92567818,17055.0,740.8562738828668,0.3508771929824561,284,274,1,0,273,270,38701,11,0,0,11,4
2020-08-22,US,Illinois,Fulton,68,0,0,40.47289135,-90.20862357,17057.0,198.01980198019803,0.0,68,60,0,0,60,58,34844,8,0,0,8,2
2020-08-22,US,Illinois,Gallatin,60,2,0,37.76430935,-88.22953869,17059.0,1242.7506213753106,3.333333333333333,58,57,2,0,55,57,5058,3,0,0,3,0
2020-08-22,US,Illinois,Greene,93,0,0,39.35907414,-90.388865,17061.0,717.0946102243813,0.0,93,91,0,0,91,87,13044,2,0,0,2,4
2020-08-22,US,Illinois,Grundy,425,5,0,41.28569601,-88.41905692,17063.0,832.4519136600462,1.1764705882352942,420,412,5,0,407,410,50972,13,0,0,13,2
2020-08-22,US,Illinois,Hamilton,40,0,0,38.08163641,-88.53883373,17065.0,492.8536224741252,0.0,40,40,0,0,40,42,8163,0,0,0,0,-2
2020-08-22,US,Illinois,Hancock,113,1,0,40.40423981,-91.16313899,17067.0,638.1296589112268,0.8849557522123894,112,111,1,0,110,106,17844,2,0,0,2,5
2020-08-22,US,Illinois,Hardin,18,0,0,37.51810645,-88.26873022,17069.0,471.08086888249153,0.0,18,18,0,0,18,18,3910,0,0,0,0,0
2020-08-22,US,Illinois,Henderson,28,0,0,40.81908672,-90.92491462,17071.0,421.30604875112846,0.0,28,28,0,0,28,25,6709,0,0,0,0,3
2020-08-22,US,Illinois,Henry,367,1,0,41.3533994,-90.13296166,17073.0,750.3117780549138,0.2724795640326976,366,352,1,0,351,337,49090,15,0,0,15,15
2020-08-22,US,Illinois,Iroquois,283,16,0,40.74717633,-87.82466784,17075.0,1043.7412406874678,5.653710247349824,267,282,15,0,267,281,27604,1,1,0,0,1
2020-08-22,US,Illinois,Jackson,828,20,0,37.78595185,-89.38232563,17077.0,1459.0308370044056,2.415458937198068,808,824,20,0,804,814,57419,4,0,0,4,10
2020-08-22,US,Illinois,Jasper,87,7,0,39.01054275,-88.15437049,17079.0,905.3069719042663,8.045977011494253,80,78,7,0,71,75,9611,9,0,0,9,3
2020-08-22,US,Illinois,Jefferson,384,31,0,38.29980057,-88.9240025,17081.0,1019.0001061458444,8.072916666666666,353,376,31,0,345,369,37820,8,0,0,8,7
2020-08-22,US,Illinois,Jersey,213,2,0,39.08869046,-90.35393073,17083.0,978.2758462315712,0.9389671361502347,211,206,2,0,204,199,21847,7,0,0,7,7
2020-08-22,US,Illinois,Jo Daviess,159,2,0,42.36542373,-90.21094405,17085.0,748.76383329409,1.2578616352201255,157,154,2,0,152,152,21366,5,0,0,5,2
2020-08-22,US,Illinois,Johnson,88,0,0,37.45939802,-88.88165419,17087.0,708.7058065555287,0.0,88,87,0,0,87,87,12456,1,0,0,1,0
2020-08-22,US,Illinois,Kane,10702,307,0,41.93842729,-88.42861412,17089.0,2010.1314230009973,2.868622687348159,10395,10620,306,0,10314,10516,534216,82,1,0,81,104
2020-08-22,US,Illinois,Kankakee,2017,71,0,41.13746989,-87.86205334,17091.0,1835.9396333582129,3.5200793257312832,1946,1986,71,0,1915,1960,110024,31,0,0,31,26
2020-08-22,US,Illinois,Kendall,1568,23,0,41.59081014,-88.42869583,17093.0,1215.5981083804945,1.4668367346938775,1545,1556,23,0,1533,1535,127915,12,0,0,12,21
2020-08-22,US,Illinois,Knox,415,3,0,40.93148779,-90.21330340000002,17095.0,835.0268617074789,0.7228915662650602,412,406,3,0,403,395,50112,9,0,0,9,11
2020-08-22,US,Illinois,LaSalle,1085,39,0,41.34426129999999,-88.88633881,17099.0,998.4448186695378,3.5944700460829493,1046,1063,39,0,1024,1031,109430,22,0,0,22,32
2020-08-22,US,Illinois,Lake,13808,455,0,42.3224907,-88.00367925,17097.0,1982.3842305124647,3.295191193511008,13353,13741,455,0,13286,13668,700832,67,0,0,67,73
2020-08-22,US,Illinois,Lawrence,80,0,0,38.71987914,-87.72884035,17101.0,510.2691669855849,0.0,80,75,0,0,75,74,15765,5,0,0,5,1
2020-08-22,US,Illinois,Lee,211,1,0,41.74583951,-89.29977132,17103.0,618.8409197559831,0.4739336492890995,210,208,1,0,207,205,34223,3,0,0,3,3
2020-08-22,US,Illinois,Livingston,165,3,0,40.89188292,-88.55784752,17105.0,462.85906642728906,1.818181818181818,162,157,3,0,154,157,35761,8,0,0,8,0
2020-08-22,US,Illinois,Logan,223,1,0,40.12581572,-89.36638784,17107.0,779.2298553358028,0.4484304932735426,222,222,1,0,221,211,28925,1,0,0,1,11
2020-08-22,US,Illinois,Macon,832,24,0,39.86064913,-88.96342505,17115.0,799.9307752213748,2.8846153846153846,808,800,24,0,776,785,104712,32,0,0,32,15
2020-08-22,US,Illinois,Macoupin,290,3,0,39.26119767,-89.92424028,17117.0,645.5059431064417,1.0344827586206895,287,281,3,0,278,274,45313,9,0,0,9,7
2020-08-22,US,Illinois,Madison,3503,91,0,38.83042506,-89.90422563,17119.0,1332.1113756150985,2.5977733371395946,3412,3441,90,0,3351,3366,264461,62,1,0,61,75
2020-08-22,US,Illinois,Marion,221,0,0,38.64963204,-88.91899208,17121.0,594.0061819647898,0.0,221,212,0,0,212,209,37620,9,0,0,9,3
2020-08-22,US,Illinois,Marshall,39,0,0,41.0327901,-89.34510444,17123.0,340.96870082182204,0.0,39,37,0,0,37,36,11534,2,0,0,2,1
2020-08-22,US,Illinois,Mason,67,1,0,40.23917274,-89.91824452,17125.0,501.534545998952,1.492537313432836,66,67,1,0,66,66,13565,0,0,0,0,1
2020-08-22,US,Illinois,Massac,51,0,0,37.22078441,-88.71036614,17127.0,370.31658437409243,0.0,51,47,0,0,47,47,14080,4,0,0,4,0
2020-08-22,US,Illinois,McDonough,160,15,0,40.45674722,-90.67775541,17109.0,539.0472340138805,9.375,145,160,15,0,145,160,29955,0,0,0,0,0
2020-08-22,US,Illinois,McHenry,3561,115,0,42.32451172,-88.45248227,17111.0,1157.0178117709747,3.2294299354114013,3446,3526,115,0,3411,3496,308570,35,0,0,35,30
2020-08-22,US,Illinois,McLean,1004,16,0,40.48996987,-88.84621113,17113.0,585.3647160339791,1.593625498007968,988,936,16,0,920,896,172828,68,0,0,68,40
2020-08-22,US,Illinois,Menard,62,0,0,40.02742725,-89.80246001,17129.0,508.36339783535584,0.0,62,61,0,0,61,61,12288,1,0,0,1,0
2020-08-22,US,Illinois,Mercer,90,4,0,41.20596782,-90.74290052,17131.0,583.0148344885664,4.4444444444444455,86,86,4,0,82,83,15601,4,0,0,4,3
2020-08-22,US,Illinois,Monroe,391,13,0,38.27594376,-90.17761038,17133.0,1128.8506510379075,3.3248081841432224,378,383,13,0,370,373,34335,8,0,0,8,10
2020-08-22,US,Illinois,Montgomery,214,8,0,39.23198845,-89.47809254,17135.0,753.1498557049342,3.7383177570093458,206,204,8,0,196,199,28601,10,0,0,10,5
2020-08-22,US,Illinois,Morgan,441,17,0,39.71654544,-90.20255104,17137.0,1310.238279160972,3.8548752834467117,424,430,17,0,413,422,33976,11,0,0,11,8
2020-08-22,US,Illinois,Moultrie,131,0,0,39.64187451,-88.62099969,17139.0,903.385973381146,0.0,131,128,0,0,128,124,14717,3,0,0,3,4
2020-08-22,US,Illinois,Ogle,452,5,0,42.04165196,-89.32184679,17141.0,892.5221649586321,1.106194690265487,447,451,5,0,446,450,50923,1,0,0,1,1
2020-08-22,US,Illinois,Peoria,2142,38,0,40.78702156,-89.76078901,17143.0,1195.4525921006368,1.7740429505135389,2104,2095,38,0,2057,2050,180621,47,0,0,47,45
2020-08-22,US,Illinois,Perry,256,6,0,38.08510853,-89.36856219,17145.0,1223.9433926180914,2.34375,250,246,6,0,240,242,21174,10,0,0,10,4
2020-08-22,US,Illinois,Piatt,71,0,0,40.01360584,-88.59319339,17147.0,434.41018110621627,0.0,71,71,0,0,71,71,16396,0,0,0,0,0
2020-08-22,US,Illinois,Pike,48,0,0,39.62265059,-90.8877017,17149.0,308.4634663582032,0.0,48,47,0,0,47,41,15611,1,0,0,1,6
2020-08-22,US,Illinois,Pope,11,0,0,37.41391284,-88.56152109,17151.0,263.3468996887718,0.0,11,11,0,0,11,11,4212,0,0,0,0,0
2020-08-22,US,Illinois,Pulaski,104,1,0,37.22631423,-89.13085001,17153.0,1949.3908153701968,0.9615384615384616,103,102,1,0,101,102,5463,2,0,0,2,0
2020-08-22,US,Illinois,Putnam,13,0,0,41.2013541,-89.2869272,17155.0,226.5202997037812,0.0,13,13,0,0,13,13,5740,0,0,0,0,0
2020-08-22,US,Illinois,Randolph,622,7,0,38.05095369,-89.82512254,17157.0,1957.0826253854386,1.1254019292604502,615,602,7,0,595,596,32106,20,0,0,20,6
2020-08-22,US,Illinois,Richland,53,1,0,38.71240969,-88.08475366,17159.0,341.64893959904595,1.8867924528301887,52,48,1,0,47,46,15763,5,0,0,5,2
2020-08-22,US,Illinois,Rock Island,1986,46,0,41.46613806,-90.57042164,17161.0,1399.784323261371,2.3162134944612287,1940,1957,46,0,1911,1944,143477,29,0,0,29,13
2020-08-22,US,Illinois,Saline,153,2,0,37.75332999,-88.54119706,17165.0,651.3132689114981,1.30718954248366,151,149,2,0,147,149,23906,4,0,0,4,0
2020-08-22,US,Illinois,Sangamon,1593,37,0,39.75836914,-89.65872023,17167.0,818.2994986438727,2.3226616446955433,1556,1570,36,0,1534,1544,195348,23,1,0,22,26
2020-08-22,US,Illinois,Schuyler,19,0,0,40.157179799999994,-90.61114163,17169.0,280.73286052009456,0.0,19,19,0,0,19,19,6907,0,0,0,0,0
2020-08-22,US,Illinois,Scott,36,0,0,39.642916899999996,-90.47814431,17171.0,727.1258331650173,0.0,36,36,0,0,36,36,4926,0,0,0,0,0
2020-08-22,US,Illinois,Shelby,146,2,0,39.39133527,-88.80611122,17173.0,674.8636405657761,1.3698630136986298,144,129,2,0,127,123,21741,17,0,0,17,6
2020-08-22,US,Illinois,St. Clair,4814,166,0,38.46996033,-89.93063427,17163.0,1853.777254068375,3.4482758620689653,4648,4723,166,0,4557,4664,261059,91,0,0,91,59
2020-08-22,US,Illinois,Stark,9,0,0,41.09309773,-89.79745866,17175.0,168.4762261325346,0.0,9,9,0,0,9,9,5427,0,0,0,0,0
2020-08-22,US,Illinois,Stephenson,360,6,0,42.35129217,-89.662598,17177.0,809.0251247247068,1.6666666666666667,354,361,6,0,355,355,44753,-1,0,0,-1,6
2020-08-22,US,Illinois,Tazewell,913,9,0,40.50716185,-89.51404662,17179.0,692.7004696402963,0.9857612267250822,904,875,9,0,866,852,132328,38,0,0,38,23
2020-08-22,US,Illinois,Unassigned,1464,209,0,0.0,0.0,90017.0,0.0,14.275956284153006,1255,1478,209,0,1269,1384,,-14,0,0,-14,94
2020-08-22,US,Illinois,Union,391,23,0,37.47119609,-89.25548938,17181.0,2347.925298744971,5.882352941176472,368,387,23,0,364,382,16841,4,0,0,4,5
2020-08-22,US,Illinois,Vermilion,285,2,0,40.18417171,-87.73384359,17183.0,376.19789329179764,0.7017543859649122,283,282,2,0,280,276,76806,3,0,0,3,6
2020-08-22,US,Illinois,Wabash,93,1,0,38.44272901,-87.84922065,17185.0,807.2916666666665,1.075268817204301,92,86,1,0,85,80,11549,7,0,0,7,6
2020-08-22,US,Illinois,Warren,226,0,0,40.84925021,-90.6147432,17187.0,1341.724056043695,0.0,226,219,0,0,219,213,17032,7,0,0,7,6
2020-08-22,US,Illinois,Washington,87,1,0,38.35309213,-89.40982703,17189.0,626.4852019874702,1.1494252873563218,86,82,1,0,81,80,13995,5,0,0,5,2
2020-08-22,US,Illinois,Wayne,85,2,0,38.42955355,-88.42586459,17191.0,524.2059821153254,2.3529411764705883,83,84,2,0,82,82,16332,1,0,0,1,2
2020-08-22,US,Illinois,White,108,0,0,38.08706198,-88.17657461,17193.0,797.8134003102608,0.0,108,102,0,0,102,101,13665,6,0,0,6,1
2020-08-22,US,Illinois,Whiteside,440,18,0,41.75509713,-89.91556058,17195.0,797.4626189397372,4.090909090909091,422,429,18,0,411,418,55626,11,0,0,11,11
2020-08-22,US,Illinois,Will,10614,354,0,41.44619267,-87.97862712,17197.0,1536.6062341565537,3.3352176370830984,10260,10501,354,0,10147,10357,692310,113,0,0,113,144
2020-08-22,US,Illinois,Williamson,673,9,0,37.73033511,-88.92994027,17199.0,1010.5560310524498,1.337295690936107,664,654,9,0,645,637,67056,19,0,0,19,17
2020-08-22,US,Illinois,Winnebago,4018,137,0,42.33641854,-89.16085327,17201.0,1421.9384793964014,3.4096565455450474,3881,3998,136,0,3862,3981,284081,20,1,0,19,17
2020-08-22,US,Illinois,Woodford,235,3,0,40.78579374,-89.20973757,17203.0,611.0403286616918,1.2765957446808511,232,225,3,0,222,214,38463,10,0,0,10,11
2020-08-22,US,Indiana,Adams,156,2,0,40.7457653,-84.93671406,18001.0,436.0343237275345,1.2820512820512822,154,152,2,0,150,148,35636,4,0,0,4,4
2020-08-22,US,Indiana,Allen,4526,172,0,41.09194313,-85.06800636,18003.0,1193.253870956686,3.800265134776845,4354,4462,172,0,4290,4421,375351,64,0,0,64,41
2020-08-22,US,Indiana,Bartholomew,985,50,0,39.20744865,-85.89558181,18005.0,1175.7122906694995,5.076142131979696,935,969,50,0,919,950,82753,16,0,0,16,19
2020-08-22,US,Indiana,Benton,76,0,0,40.60626947,-87.31093999,18007.0,868.7700045724738,0.0,76,75,0,0,75,72,8653,1,0,0,1,3
2020-08-22,US,Indiana,Blackford,70,2,0,40.47388153,-85.32499702,18009.0,595.3393434257526,2.8571428571428568,68,69,2,0,67,68,11930,1,0,0,1,1
2020-08-22,US,Indiana,Boone,776,46,0,40.0509304,-86.46841646,18011.0,1143.8173429830638,5.927835051546392,730,771,46,0,725,757,66999,5,0,0,5,14
2020-08-22,US,Indiana,Brown,82,2,0,39.19605589,-86.22868909,18013.0,543.3342168036047,2.4390243902439024,80,82,2,0,80,81,15234,0,0,0,0,1
2020-08-22,US,Indiana,Carroll,243,11,0,40.580783200000006,-86.56198812,18015.0,1199.58532852841,4.526748971193416,232,242,9,0,233,239,20127,1,2,0,-1,3
2020-08-22,US,Indiana,Cass,1838,9,0,40.76135835,-86.34830753,18017.0,4876.754490700204,0.4896626768226333,1829,1834,9,0,1825,1828,37955,4,0,0,4,6
2020-08-22,US,Indiana,Clark,1552,51,0,38.48015445,-85.70510334,18019.0,1311.8966712312556,3.286082474226804,1501,1535,50,0,1485,1497,117360,17,1,0,16,38
2020-08-22,US,Indiana,Clay,197,5,0,39.39561833,-87.11723506,18021.0,751.1916110581508,2.538071065989848,192,193,5,0,188,188,26170,4,0,0,4,5
2020-08-22,US,Indiana,Clinton,501,6,0,40.30319754,-86.47277257,18023.0,1546.3440229636715,1.1976047904191616,495,495,6,0,489,485,32250,6,0,0,6,10
2020-08-22,US,Indiana,Crawford,55,0,0,38.28814402,-86.44518825,18025.0,519.9962182093221,0.0,55,56,0,0,56,54,10558,-1,0,0,-1,2
2020-08-22,US,Indiana,Daviess,398,22,0,38.70186039,-87.07185406,18027.0,1193.3675152169349,5.527638190954773,376,380,22,0,358,360,33147,18,0,0,18,20
2020-08-22,US,Indiana,DeKalb,275,4,0,41.39804622,-84.99906934,18033.0,632.5474410580794,1.4545454545454546,271,270,4,0,266,267,43226,5,0,0,5,3
2020-08-22,US,Indiana,Dearborn,552,28,0,39.14647946,-84.97333539,18029.0,1116.0985078248214,5.0724637681159415,524,548,28,0,520,544,49568,4,0,0,4,4
2020-08-22,US,Indiana,Decatur,367,33,0,39.30712658,-85.50087166,18031.0,1381.8291351331,8.991825613079019,334,365,33,0,332,361,26794,2,0,0,2,4
2020-08-22,US,Indiana,Delaware,860,53,0,40.22787247,-85.39732772,18035.0,753.4936697770185,6.162790697674419,807,847,53,0,794,831,114772,13,0,0,13,16
2020-08-22,US,Indiana,Dubois,788,16,0,38.36597551,-86.87924170000002,18037.0,1843.8786971171849,2.0304568527918785,772,783,16,0,767,772,42565,5,0,0,5,11
2020-08-22,US,Indiana,Elkhart,5314,95,0,41.59761169,-85.85875695,18039.0,2575.3485734778837,1.7877305231464058,5219,5265,95,0,5170,5238,205560,49,0,0,49,27
2020-08-22,US,Indiana,Fayette,265,8,0,39.63684962,-85.17797541,18041.0,1147.086832308891,3.018867924528302,257,258,8,0,250,252,23047,7,0,0,7,6
2020-08-22,US,Indiana,Floyd,967,54,0,38.32117957,-85.90385377,18043.0,1231.5019994396475,5.584281282316444,913,960,54,0,906,937,77781,7,0,0,7,23
2020-08-22,US,Indiana,Fountain,81,2,0,40.12361933,-87.24217689,18045.0,495.5340756148293,2.469135802469136,79,80,2,0,78,81,16351,1,0,0,1,-1
2020-08-22,US,Indiana,Franklin,260,22,0,39.4142482,-85.06062647,18047.0,1142.455400298796,8.461538461538463,238,257,22,0,235,256,22736,3,0,0,3,1
2020-08-22,US,Indiana,Fulton,191,2,0,41.0469907,-86.26252745,18049.0,956.243116050866,1.0471204188481675,189,188,2,0,186,186,20092,3,0,0,3,2
2020-08-22,US,Indiana,Gibson,282,4,0,38.30393723,-87.58054938,18051.0,837.8145518286342,1.4184397163120568,278,276,4,0,272,268,33452,6,0,0,6,8
2020-08-22,US,Indiana,Grant,572,30,0,40.51587228,-85.65468702,18053.0,869.7106539555109,5.244755244755245,542,561,30,0,531,554,65936,11,0,0,11,7
2020-08-22,US,Indiana,Greene,321,35,0,39.03630547,-86.96223202,18055.0,1005.5760917235764,10.903426791277258,286,317,35,0,282,302,32006,4,0,0,4,15
2020-08-22,US,Indiana,Hamilton,3399,106,0,40.07306535,-86.05244729,18057.0,1005.5885755197316,3.1185642836128267,3293,3343,106,0,3237,3308,330086,56,0,0,56,35
2020-08-22,US,Indiana,Hancock,748,41,0,39.82304555,-85.77566351,18059.0,956.9133149114728,5.481283422459893,707,738,41,0,697,735,76351,10,0,0,10,3
2020-08-22,US,Indiana,Harrison,424,24,0,38.19467379,-86.10948271,18061.0,1046.5259780328272,5.660377358490566,400,417,24,0,393,404,40350,7,0,0,7,13
2020-08-22,US,Indiana,Hendricks,2124,110,0,39.76719009,-86.51037283,18063.0,1247.130249954495,5.178907721280604,2014,2102,110,0,1992,2071,167009,22,0,0,22,31
2020-08-22,US,Indiana,Henry,531,21,0,39.93029017,-85.39625719,18065.0,1106.8956891520054,3.9548022598870056,510,525,21,0,504,523,48271,6,0,0,6,2
2020-08-22,US,Indiana,Howard,1014,61,0,40.48527731,-86.11351892,18067.0,1228.4357433611165,6.01577909270217,953,1008,61,0,947,998,82366,6,0,0,6,10
2020-08-22,US,Indiana,Huntington,149,3,0,40.82907273,-85.48822092,18069.0,407.9956188389924,2.0134228187919465,146,145,3,0,142,140,36240,4,0,0,4,5
2020-08-22,US,Indiana,Jackson,650,7,0,38.90915820000001,-86.03851889,18071.0,1469.5575501345209,1.0769230769230769,643,645,7,0,638,642,44111,5,0,0,5,3
2020-08-22,US,Indiana,Jasper,295,2,0,41.02078733,-87.11553319,18073.0,878.9702639890352,0.6779661016949152,293,286,2,0,284,283,33370,9,0,0,9,3
2020-08-22,US,Indiana,Jay,111,0,0,40.43781032,-85.00576229,18075.0,543.1591309453904,0.0,111,110,0,0,110,108,20764,1,0,0,1,2
2020-08-22,US,Indiana,Jefferson,193,3,0,38.78576239,-85.43633383,18077.0,597.3752630927324,1.5544041450777202,190,192,3,0,189,191,32208,1,0,0,1,1
2020-08-22,US,Indiana,Jennings,244,12,0,38.99588883,-85.62710784,18079.0,879.7548224265369,4.918032786885246,232,244,12,0,232,240,27611,0,0,0,0,4
2020-08-22,US,Indiana,Johnson,1910,120,0,39.48994426,-86.10149107,18081.0,1207.5843886525,6.282722513089006,1790,1900,120,0,1780,1885,156225,10,0,0,10,15
2020-08-22,US,Indiana,Knox,266,3,0,38.68861576,-87.4194665,18083.0,726.8951194184839,1.1278195488721805,263,258,3,0,255,250,36895,8,0,0,8,8
2020-08-22,US,Indiana,Kosciusko,902,12,0,41.24521668,-85.86312322,18085.0,1135.2194925493354,1.3303769401330376,890,901,12,0,889,899,79344,1,0,0,1,2
2020-08-22,US,Indiana,LaGrange,578,11,0,41.64232188,-85.42674232,18087.0,1459.0801231887713,1.9031141868512111,567,577,11,0,566,575,39330,1,0,0,1,2
2020-08-22,US,Indiana,LaPorte,1088,31,0,41.54366008,-86.74072188,18091.0,990.0990099009905,2.8492647058823533,1057,1067,30,0,1037,1042,110007,21,1,0,20,25
2020-08-22,US,Indiana,Lake,8523,290,0,41.41874274,-87.38277575,18089.0,1755.5350952536905,3.402557784817553,8233,8438,289,0,8149,8355,484411,85,1,0,84,83
2020-08-22,US,Indiana,Lawrence,381,27,0,38.84112637,-86.48361629,18093.0,839.7619572404673,7.086614173228346,354,377,27,0,350,373,45668,4,0,0,4,4
2020-08-22,US,Indiana,Madison,1174,67,0,40.16143691,-85.71964711,18095.0,906.080929852048,5.706984667802385,1107,1160,67,0,1093,1146,129641,14,0,0,14,14
2020-08-22,US,Indiana,Marion,17339,743,0,39.78163624,-86.13826325,18097.0,1797.5661996595416,4.28513755118519,16596,17200,743,0,16457,17068,954670,139,0,0,139,132
2020-08-22,US,Indiana,Marshall,851,23,0,41.32467367,-86.26185087,18099.0,1839.681784772364,2.702702702702702,828,848,23,0,825,827,46248,3,0,0,3,21
2020-08-22,US,Indiana,Martin,66,0,0,38.7099921,-86.80373186,18101.0,643.5884934178448,0.0,66,62,0,0,62,61,10217,4,0,0,4,1
2020-08-22,US,Indiana,Miami,296,2,0,40.76940965,-86.04525048,18103.0,833.4271877463678,0.6756756756756757,294,294,2,0,292,291,35567,2,0,0,2,3
2020-08-22,US,Indiana,Monroe,845,35,0,39.16130004,-86.52414358,18105.0,569.288086720429,4.142011834319527,810,833,35,0,798,822,146917,12,0,0,12,11
2020-08-22,US,Indiana,Montgomery,384,21,0,40.04034823,-86.89335024,18107.0,1001.6171944285044,5.46875,363,379,21,0,358,376,38346,5,0,0,5,3
2020-08-22,US,Indiana,Morgan,535,35,0,39.47899078,-86.44573375,18109.0,758.983671211111,6.542056074766355,500,529,35,0,494,527,70116,6,0,0,6,2
2020-08-22,US,Indiana,Newton,126,10,0,40.95610449,-87.39635768,18111.0,901.0297482837527,7.936507936507938,116,126,10,0,116,123,14011,0,0,0,0,3
2020-08-22,US,Indiana,Noble,762,30,0,41.39672484,-85.41966713,18113.0,1596.0120643431635,3.9370078740157477,732,753,30,0,723,749,47532,9,0,0,9,4
2020-08-22,US,Indiana,Ohio,70,7,0,38.955304999999996,-84.96515993,18115.0,1191.4893617021276,10.0,63,71,7,0,64,68,5844,-1,0,0,-1,3
2020-08-22,US,Indiana,Orange,205,24,0,38.54118920000001,-86.49523093,18117.0,1043.4694085309986,11.707317073170733,181,202,24,0,178,198,19489,3,0,0,3,4
2020-08-22,US,Indiana,Owen,131,1,0,39.31145587,-86.83900724,18119.0,629.8379729794701,0.7633587786259542,130,128,1,0,127,123,20845,3,0,0,3,5
2020-08-22,US,Indiana,Parke,75,2,0,39.77202286,-87.20375833,18121.0,442.8175001476058,2.6666666666666665,73,74,2,0,72,71,16927,1,0,0,1,3
2020-08-22,US,Indiana,Perry,194,13,0,38.07809328,-86.63741946,18123.0,1012.0507068704679,6.7010309278350535,181,196,13,0,183,196,19102,-2,0,0,-2,0
2020-08-22,US,Indiana,Pike,80,1,0,38.40112197,-87.23574907,18125.0,645.7341189765116,1.25,79,79,0,0,79,77,12410,1,1,0,0,2
2020-08-22,US,Indiana,Porter,1552,40,0,41.45986947,-87.06848888,18127.0,910.8569215148863,2.5773195876288657,1512,1528,39,0,1489,1505,169594,24,1,0,23,23
2020-08-22,US,Indiana,Posey,198,0,0,38.02097333,-87.86480429,18129.0,778.699807291462,0.0,198,197,0,0,197,192,25540,1,0,0,1,5
2020-08-22,US,Indiana,Pulaski,91,1,0,41.04166107,-86.69890683,18131.0,736.6631587468631,1.0989010989010992,90,91,1,0,90,90,12469,0,0,0,0,1
2020-08-22,US,Indiana,Putnam,397,8,0,39.66437981,-86.84517605,18133.0,1056.5254417713434,2.0151133501259446,389,396,8,0,388,386,37779,1,0,0,1,10
2020-08-22,US,Indiana,Randolph,141,6,0,40.15734772,-85.01139319,18135.0,571.6602473140077,4.25531914893617,135,140,6,0,134,140,24851,1,0,0,1,0
2020-08-22,US,Indiana,Ripley,231,8,0,39.10235626,-85.26212744,18137.0,815.5627736195453,3.463203463203463,223,229,8,0,221,229,28523,2,0,0,2,0
2020-08-22,US,Indiana,Rush,125,4,0,39.62002287,-85.4655599,18139.0,753.8749170737593,3.2,121,123,4,0,119,120,16663,2,0,0,2,3
2020-08-22,US,Indiana,Scott,298,10,0,38.68672078,-85.74627859,18143.0,1248.2721065639007,3.355704697986577,288,296,10,0,286,294,23878,2,0,0,2,2
2020-08-22,US,Indiana,Shelby,604,28,0,39.52305623,-85.79158570000001,18145.0,1350.3543562342104,4.635761589403972,576,603,28,0,575,596,44593,1,0,0,1,7
2020-08-22,US,Indiana,Spencer,148,3,0,38.01519732,-87.0079644,18147.0,729.8910095181732,2.0270270270270268,145,144,3,0,141,143,20327,4,0,0,4,1
2020-08-22,US,Indiana,St. Joseph,4178,88,0,41.61756781,-86.29040834,18141.0,1537.0126477967526,2.106270943034945,4090,4105,87,0,4018,4041,270771,73,1,0,72,64
2020-08-22,US,Indiana,Starke,186,7,0,41.27890281,-86.64686895,18149.0,808.8714938030008,3.7634408602150535,179,185,7,0,178,185,22935,1,0,0,1,0
2020-08-22,US,Indiana,Steuben,240,3,0,41.64423868,-85.00101094,18151.0,693.7619240330692,1.25,237,232,3,0,229,231,34586,8,0,0,8,1
2020-08-22,US,Indiana,Sullivan,252,4,0,39.08952258,-87.41414469,18153.0,1219.2171851565147,1.5873015873015872,248,241,4,0,237,222,20690,11,0,0,11,19
2020-08-22,US,Indiana,Switzerland,63,0,0,38.82767338,-85.03022429,18155.0,585.9920007441167,0.0,63,62,0,0,62,62,10717,1,0,0,1,0
2020-08-22,US,Indiana,Tippecanoe,1433,13,0,40.38872739,-86.89413959,18157.0,732.1235158277644,0.9071877180739708,1420,1402,13,0,1389,1383,193048,31,0,0,31,19
2020-08-22,US,Indiana,Tipton,169,19,0,40.31123252,-86.05234925,18159.0,1115.658832849221,11.242603550295858,150,168,18,0,150,167,15128,1,1,0,0,1
2020-08-22,US,Indiana,Unassigned,0,217,0,0.0,0.0,90018.0,0.0,0.0,-217,0,216,0,-216,0,,0,1,0,-1,0
2020-08-22,US,Indiana,Union,52,0,0,39.62550777,-84.92497066,18161.0,737.1703997731784,0.0,52,52,0,0,52,48,7037,0,0,0,0,4
2020-08-22,US,Indiana,Vanderburgh,2317,17,0,38.02658833,-87.58763124,18163.0,1276.9287576260258,0.7337073802330601,2300,2290,17,0,2273,2252,180974,27,0,0,27,38
2020-08-22,US,Indiana,Vermillion,75,0,0,39.8523352,-87.46160542,18165.0,483.9334107626792,0.0,75,71,0,0,71,69,15479,4,0,0,4,2
2020-08-22,US,Indiana,Vigo,1014,14,0,39.42944561,-87.39169027,18167.0,947.3271174722996,1.3806706114398422,1000,971,14,0,957,929,107386,43,0,0,43,42
2020-08-22,US,Indiana,Wabash,194,5,0,40.84704239,-85.79328272,18169.0,625.8872112530651,2.5773195876288657,189,191,5,0,186,190,31280,3,0,0,3,1
2020-08-22,US,Indiana,Warren,34,1,0,40.34728141,-87.35602659,18171.0,411.373260738052,2.9411764705882355,33,33,1,0,32,31,8263,1,0,0,1,2
2020-08-22,US,Indiana,Warrick,683,30,0,38.08922676,-87.2716085,18173.0,1084.1614019492683,4.392386530014641,653,670,30,0,640,653,62567,13,0,0,13,17
2020-08-22,US,Indiana,Washington,179,1,0,38.60219804,-86.1049363,18175.0,638.4648309316592,0.5586592178770949,178,170,1,0,169,167,27943,9,0,0,9,3
2020-08-22,US,Indiana,Wayne,463,10,0,39.863344399999995,-85.01044989,18177.0,702.7502883856474,2.159827213822894,453,455,10,0,445,449,65936,8,0,0,8,6
2020-08-22,US,Indiana,Wells,189,2,0,40.72934187,-85.22132966,18179.0,667.9389312977099,1.058201058201058,187,187,2,0,185,185,28206,2,0,0,2,2
2020-08-22,US,Indiana,White,413,11,0,40.74911165,-86.86492015,18181.0,1713.5507426769566,2.6634382566585955,402,406,11,0,395,399,24133,7,0,0,7,7
2020-08-22,US,Indiana,Whitley,185,6,0,41.13863784,-85.50791236,18183.0,544.6943822871275,3.2432432432432434,179,182,6,0,176,177,34074,3,0,0,3,5
2020-08-22,US,Iowa,Adair,44,1,0,41.33075609,-94.47105874,19001.0,615.2125279642058,2.272727272727273,43,42,1,0,41,42,7063,2,0,0,2,0
2020-08-22,US,Iowa,Adams,20,0,0,41.02903567,-94.69932645,19003.0,555.247084952804,0.0,20,20,0,0,20,20,3645,0,0,0,0,0
2020-08-22,US,Iowa,Allamakee,166,4,0,43.28383218,-91.37860922,19005.0,1212.8296924088552,2.409638554216868,162,165,4,0,161,164,13832,1,0,0,1,1
2020-08-22,US,Iowa,Appanoose,65,3,0,40.74324454,-92.86865906,19007.0,523.0967326573314,4.615384615384615,62,62,3,0,59,62,12437,3,0,0,3,0
2020-08-22,US,Iowa,Audubon,34,1,0,41.6844628,-94.90581859,19009.0,618.63173216885,2.9411764705882355,33,32,1,0,31,30,5506,2,0,0,2,2
2020-08-22,US,Iowa,Benton,182,1,0,42.08011739,-92.06463573,19011.0,709.6899980503023,0.5494505494505495,181,181,1,0,180,181,25642,1,0,0,1,0
2020-08-22,US,Iowa,Black Hawk,3501,69,0,42.4704581,-92.30524729,19013.0,2667.875758222331,1.9708654670094257,3432,3487,69,0,3418,3433,132408,14,0,0,14,54
2020-08-22,US,Iowa,Boone,312,3,0,42.03657094,-93.9313999,19015.0,1189.2963330029731,0.9615384615384616,309,310,3,0,307,302,26346,2,0,0,2,8
2020-08-22,US,Iowa,Bremer,264,7,0,42.77461496,-92.31795937,19017.0,1053.3875987550873,2.6515151515151514,257,260,7,0,253,257,24947,4,0,0,4,3
2020-08-22,US,Iowa,Buchanan,163,1,0,42.4709188,-91.83510825,19019.0,769.775678866588,0.6134969325153374,162,164,1,0,163,157,21199,-1,0,0,-1,7
2020-08-22,US,Iowa,Buena Vista,1814,12,0,42.73545875,-95.15100162,19021.0,9245.667686034658,0.6615214994487321,1802,1811,12,0,1799,1809,19874,3,0,0,3,2
2020-08-22,US,Iowa,Butler,159,2,0,42.73172833,-92.79015971,19023.0,1101.1842925410347,1.2578616352201255,157,151,2,0,149,149,14539,8,0,0,8,2
2020-08-22,US,Iowa,Calhoun,101,2,0,42.38521079,-94.64046046,19025.0,1044.6834919321473,1.98019801980198,99,98,2,0,96,97,9699,3,0,0,3,1
2020-08-22,US,Iowa,Carroll,293,2,0,42.03617207,-94.86032705,19027.0,1453.0126456731962,0.6825938566552902,291,286,2,0,284,269,20154,7,0,0,7,17
2020-08-22,US,Iowa,Cass,105,2,0,41.33149454,-94.92792482,19029.0,818.0118416952322,1.9047619047619049,103,103,2,0,101,102,12930,2,0,0,2,1
2020-08-22,US,Iowa,Cedar,144,1,0,41.77233777,-91.13246684,19031.0,773.0713480431633,0.6944444444444444,143,143,1,0,142,142,18627,1,0,0,1,1
2020-08-22,US,Iowa,Cerro Gordo,709,20,0,43.08177563,-93.2612239,19033.0,1670.2002355712605,2.8208744710860367,689,700,20,0,680,691,42647,9,0,0,9,9
2020-08-22,US,Iowa,Cherokee,126,1,0,42.73538914,-95.62389402,19035.0,1121.4953271028037,0.7936507936507936,125,125,1,0,124,123,11321,1,0,0,1,2
2020-08-22,US,Iowa,Chickasaw,86,0,0,43.06001295,-92.31773347,19037.0,720.6905220816224,0.0,86,84,0,0,84,79,11964,2,0,0,2,5
2020-08-22,US,Iowa,Clarke,215,3,0,41.02868181,-93.78499767,19039.0,2288.451303885045,1.3953488372093024,212,215,3,0,212,216,9423,0,0,0,0,-1
2020-08-22,US,Iowa,Clay,229,2,0,43.08247182,-95.15096481,19041.0,1429.82017982018,0.8733624454148472,227,229,1,0,228,226,16134,0,1,0,-1,3
2020-08-22,US,Iowa,Clayton,152,3,0,42.84443388,-91.34133693,19043.0,866.1462191577867,1.973684210526316,149,147,3,0,144,139,17556,5,0,0,5,8
2020-08-22,US,Iowa,Clinton,647,6,0,41.89981633,-90.53275096,19045.0,1393.5255982252472,0.927357032457496,641,625,5,0,620,600,46518,22,1,0,21,25
2020-08-22,US,Iowa,Crawford,782,3,0,42.03718237,-95.3819718,19047.0,4649.227110582639,0.3836317135549872,779,776,3,0,773,769,17158,6,0,0,6,7
2020-08-22,US,Iowa,Dallas,2100,36,0,41.68560356,-94.04127625,19049.0,2247.118872588361,1.7142857142857142,2064,2073,35,0,2038,2056,90180,27,1,0,26,17
2020-08-22,US,Iowa,Davis,76,2,0,40.74773536,-92.41005468,19051.0,844.4444444444445,2.631578947368421,74,74,2,0,72,72,9017,2,0,0,2,2
2020-08-22,US,Iowa,Decatur,32,0,0,40.73742757,-93.78645949,19053.0,406.6073697585769,0.0,32,32,0,0,32,32,7890,0,0,0,0,0
2020-08-22,US,Iowa,Delaware,162,2,0,42.47104597,-91.3664492,19055.0,952.3249661983424,1.2345679012345678,160,159,2,0,157,151,17069,3,0,0,3,8
2020-08-22,US,Iowa,Des Moines,415,3,0,40.92012606,-91.18326592,19057.0,1065.0037210973387,0.7228915662650602,412,394,2,0,392,368,39138,21,1,0,20,26
2020-08-22,US,Iowa,Dickinson,400,5,0,43.37787725,-95.1510206,19059.0,2317.7656738903697,1.25,395,399,5,0,394,393,17153,1,0,0,1,6
2020-08-22,US,Iowa,Dubuque,1899,35,0,42.46815349,-90.88181925,19061.0,1951.4751672472794,1.8430753027909423,1864,1885,35,0,1850,1868,96854,14,0,0,14,17
2020-08-22,US,Iowa,Emmet,212,7,0,43.37782951,-94.67858943,19063.0,2302.3457862728064,3.30188679245283,205,210,7,0,203,209,9253,2,0,0,2,1
2020-08-22,US,Iowa,Fayette,122,0,0,42.86271799,-91.84412309999999,19065.0,620.8651399491092,0.0,122,120,0,0,120,114,19660,2,0,0,2,6
2020-08-22,US,Iowa,Floyd,183,3,0,43.06000529999999,-92.78940097,19067.0,1169.9271192942078,1.639344262295082,180,183,3,0,180,179,15761,0,0,0,0,4
2020-08-22,US,Iowa,Franklin,274,16,0,42.73270384,-93.26256925,19069.0,2720.953326713009,5.8394160583941614,258,273,16,0,257,268,10124,1,0,0,1,5
2020-08-22,US,Iowa,Fremont,54,0,0,40.74542720000001,-95.60129045,19071.0,775.8620689655173,0.0,54,50,0,0,50,50,6993,4,0,0,4,0
2020-08-22,US,Iowa,Greene,46,0,0,42.03614551,-94.39658081,19073.0,517.5517551755175,0.0,46,45,0,0,45,43,8981,1,0,0,1,2
2020-08-22,US,Iowa,Grundy,110,1,0,42.40183723,-92.78829551,19075.0,899.2805755395682,0.9090909090909092,109,108,1,0,107,104,12304,2,0,0,2,4
2020-08-22,US,Iowa,Guthrie,157,5,0,41.68378965,-94.50111014,19077.0,1468.7997006268124,3.1847133757961785,152,156,5,0,151,155,10720,1,0,0,1,1
2020-08-22,US,Iowa,Hamilton,246,2,0,42.38382428,-93.70197703,19079.0,1665.200027076423,0.8130081300813008,244,244,2,0,242,242,14952,2,0,0,2,2
2020-08-22,US,Iowa,Hancock,132,2,0,43.08178477,-93.73454884,19081.0,1241.7685794920035,1.5151515151515151,130,130,2,0,128,129,10712,2,0,0,2,1
2020-08-22,US,Iowa,Hardin,210,1,0,42.38353877,-93.23654611,19083.0,1246.5867268194231,0.4761904761904762,209,208,1,0,207,205,16868,2,0,0,2,3
2020-08-22,US,Iowa,Harrison,135,1,0,41.68330137,-95.81558439,19085.0,960.9224855861627,0.7407407407407407,134,131,1,0,130,129,14134,4,0,0,4,2
2020-08-22,US,Iowa,Henry,202,4,0,40.98767962,-91.54436349,19087.0,1012.3283552169992,1.98019801980198,198,197,4,0,193,190,20067,5,0,0,5,7
2020-08-22,US,Iowa,Howard,83,0,0,43.35671042,-92.31702714,19089.0,906.3114217077963,0.0,83,83,0,0,83,78,9187,0,0,0,0,5
2020-08-22,US,Iowa,Humboldt,98,2,0,42.7764426,-94.20722537,19091.0,1025.3191044151497,2.0408163265306123,96,97,2,0,95,96,9547,1,0,0,1,1
2020-08-22,US,Iowa,Ida,36,0,0,42.38696136,-95.51355387,19093.0,524.7813411078718,0.0,36,34,0,0,34,35,6841,2,0,0,2,-1
2020-08-22,US,Iowa,Iowa,108,1,0,41.68630265,-92.0643373,19095.0,667.3257538309441,0.925925925925926,107,104,1,0,103,103,16141,4,0,0,4,1
2020-08-22,US,Iowa,Jackson,180,1,0,42.17178824,-90.57354837,19097.0,925.9735583106128,0.5555555555555556,179,177,1,0,176,174,19432,3,0,0,3,3
2020-08-22,US,Iowa,Jasper,520,29,0,41.68576082,-93.05567785,19099.0,1398.413338711846,5.5769230769230775,491,514,29,0,485,510,37147,6,0,0,6,4
2020-08-22,US,Iowa,Jefferson,103,0,0,41.03192394,-91.94849466,19101.0,562.9953539218366,0.0,103,100,0,0,100,98,18381,3,0,0,3,2
2020-08-22,US,Iowa,Johnson,2454,24,0,41.67169354,-91.58754744,19103.0,1623.6601826121478,0.9779951100244498,2430,2370,24,0,2346,2311,151260,84,0,0,84,59
2020-08-22,US,Iowa,Jones,150,2,0,42.12118609,-91.13139641,19105.0,725.3034185967798,1.3333333333333333,148,146,2,0,144,146,20744,4,0,0,4,0
2020-08-22,US,Iowa,Keokuk,46,1,0,41.33649833,-92.1785067,19107.0,448.95569002537576,2.1739130434782608,45,46,1,0,45,47,10225,0,0,0,0,-1
2020-08-22,US,Iowa,Kossuth,110,0,0,43.20405458,-94.20691791,19109.0,742.5909673935057,0.0,110,110,0,0,110,109,14908,0,0,0,0,1
2020-08-22,US,Iowa,Lee,245,5,0,40.64181461,-91.48183025,19111.0,727.9317823929644,2.0408163265306123,240,233,5,0,228,210,34055,12,0,0,12,23
2020-08-22,US,Iowa,Linn,2729,90,0,42.07923082,-91.59809485,19113.0,1203.7617001755575,3.2979113228288752,2639,2701,90,0,2611,2667,225909,28,0,0,28,34
2020-08-22,US,Iowa,Louisa,381,14,0,41.21842119,-91.26102611,19115.0,3452.650657000453,3.674540682414698,367,382,14,0,368,381,11169,-1,0,0,-1,1
2020-08-22,US,Iowa,Lucas,79,4,0,41.02958964,-93.32780803,19117.0,918.6046511627907,5.063291139240507,75,79,4,0,75,79,8645,0,0,0,0,0
2020-08-22,US,Iowa,Lyon,136,2,0,43.38107862,-96.20926845,19119.0,1156.954487452148,1.4705882352941178,134,132,2,0,130,132,11811,4,0,0,4,0
2020-08-22,US,Iowa,Madison,146,2,0,41.33081904,-94.01554631,19121.0,893.6222303831559,1.3698630136986298,144,144,2,0,142,144,16249,2,0,0,2,0
2020-08-22,US,Iowa,Mahaska,158,18,0,41.33521503,-92.64083907,19123.0,715.0939126499208,11.39240506329114,140,156,18,0,138,153,22000,2,0,0,2,3
2020-08-22,US,Iowa,Marion,290,0,0,41.33445101,-93.09934783,19125.0,872.1017652542627,0.0,290,268,0,0,268,247,33407,22,0,0,22,21
2020-08-22,US,Iowa,Marshall,1565,28,0,42.03586837,-92.99908190000001,19127.0,3975.208920724428,1.7891373801916932,1537,1555,28,0,1527,1545,39981,10,0,0,10,10
2020-08-22,US,Iowa,Mills,115,1,0,41.03299766,-95.61920963,19129.0,761.1357469058178,0.8695652173913043,114,112,1,0,111,111,15063,3,0,0,3,1
2020-08-22,US,Iowa,Mitchell,92,0,0,43.35638371,-92.78887719,19131.0,869.0723597203854,0.0,92,88,0,0,88,86,10569,4,0,0,4,2
2020-08-22,US,Iowa,Monona,102,1,0,42.05220391,-95.95743843,19133.0,1183.98142774231,0.9803921568627452,101,101,1,0,100,97,8679,1,0,0,1,4
2020-08-22,US,Iowa,Monroe,91,8,0,41.02988815,-92.8690667,19135.0,1180.7447774750224,8.791208791208794,83,89,8,0,81,87,7790,2,0,0,2,2
2020-08-22,US,Iowa,Montgomery,69,4,0,41.03018714,-95.15642896,19137.0,695.7749319350612,5.797101449275362,65,68,4,0,64,66,10003,1,0,0,1,2
2020-08-22,US,Iowa,Muscatine,923,48,0,41.48370744,-91.11216970000001,19139.0,2163.416463528971,5.200433369447454,875,921,48,0,873,916,42929,2,0,0,2,5
2020-08-22,US,Iowa,O'Brien,162,7,0,43.08310673,-95.62474482,19141.0,1177.9248164036935,4.320987654320987,155,160,7,0,153,158,13840,2,0,0,2,2
2020-08-22,US,Iowa,Osceola,91,0,0,43.37824276,-95.62422844,19143.0,1527.3581738838534,0.0,91,90,0,0,90,90,6040,1,0,0,1,0
2020-08-22,US,Iowa,Page,106,0,0,40.7393172,-95.1497813,19145.0,701.6614814324486,0.0,106,105,0,0,105,105,15249,1,0,0,1,0
2020-08-22,US,Iowa,Palo Alto,105,0,0,43.08193849,-94.67824621,19147.0,1181.6340310600945,0.0,105,104,0,0,104,102,8929,1,0,0,1,2
2020-08-22,US,Iowa,Plymouth,609,15,0,42.737633,-96.21366621,19149.0,2418.874369464193,2.4630541871921183,594,598,15,0,583,572,25095,11,0,0,11,26
2020-08-22,US,Iowa,Pocahontas,121,2,0,42.73420133,-94.67862564,19151.0,1828.070705544644,1.6528925619834711,119,121,2,0,119,119,6740,0,0,0,0,2
2020-08-22,US,Iowa,Polk,11653,214,0,41.68679484,-93.57767461,19153.0,2377.3821254648983,1.836436969020853,11439,11546,214,0,11332,11436,487204,107,0,0,107,110
2020-08-22,US,Iowa,Pottawattamie,1510,31,0,41.33640314,-95.53907776,19155.0,1620.0673776366327,2.052980132450331,1479,1491,31,0,1460,1484,93533,19,0,0,19,7
2020-08-22,US,Iowa,Poweshiek,176,8,0,41.68625425,-92.53155731,19157.0,951.1456982274104,4.545454545454546,168,175,8,0,167,172,18699,1,0,0,1,3
2020-08-22,US,Iowa,Ringgold,29,1,0,40.73518949,-94.24368535,19159.0,592.5623212096444,3.4482758620689653,28,29,1,0,28,28,4968,0,0,0,0,1
2020-08-22,US,Iowa,Sac,99,0,0,42.38624071,-95.10547892,19161.0,1018.4137434420328,0.0,99,98,0,0,98,97,9719,1,0,0,1,1
2020-08-22,US,Iowa,Scott,1992,18,0,41.63935978,-90.61959493,19163.0,1151.8245896046676,0.9036144578313252,1974,1970,18,0,1952,1933,173283,22,0,0,22,37
2020-08-22,US,Iowa,Shelby,205,1,0,41.6850066,-95.31015553,19165.0,1789.76776671905,0.4878048780487805,204,205,1,0,204,203,11578,0,0,0,0,2
2020-08-22,US,Iowa,Sioux,762,3,0,43.08221074,-96.17675679999999,19167.0,2186.199971309712,0.3937007874015748,759,757,3,0,754,735,34909,5,0,0,5,22
2020-08-22,US,Iowa,Story,1564,16,0,42.03621213,-93.46499005,19169.0,1610.4286582163782,1.0230179028132993,1548,1531,16,0,1515,1477,98105,33,0,0,33,54
2020-08-22,US,Iowa,Tama,582,29,0,42.07991767,-92.53266945,19171.0,3453.186187255251,4.9828178694158085,553,582,29,0,553,577,16904,0,0,0,0,5
2020-08-22,US,Iowa,Taylor,105,0,0,40.73710579,-94.69778563,19173.0,1715.4059794151285,0.0,105,105,0,0,105,105,6191,0,0,0,0,0
2020-08-22,US,Iowa,Unassigned,4,0,0,0.0,0.0,90019.0,0.0,0.0,4,8,0,0,8,5,,-4,0,0,-4,3
2020-08-22,US,Iowa,Union,90,3,0,41.0277278,-94.24234847,19175.0,735.2340495057592,3.333333333333333,87,90,3,0,87,89,12359,0,0,0,0,1
2020-08-22,US,Iowa,Van Buren,45,1,0,40.75326764,-91.95017958,19177.0,638.8415672913118,2.2222222222222223,44,45,1,0,44,44,7020,0,0,0,0,1
2020-08-22,US,Iowa,Wapello,1000,43,0,41.03064984,-92.40954728,19179.0,2859.675712774171,4.3,957,991,43,0,948,982,35205,9,0,0,9,9
2020-08-22,US,Iowa,Warren,649,4,0,41.33559454,-93.56007641,19181.0,1261.026697237011,0.6163328197226502,645,632,4,0,628,628,51056,17,0,0,17,4
2020-08-22,US,Iowa,Washington,316,10,0,41.33577126,-91.71725711,19183.0,1438.6524015479172,3.1645569620253164,306,316,10,0,306,316,22141,0,0,0,0,0
2020-08-22,US,Iowa,Wayne,34,2,0,40.73969028,-93.32752197,19185.0,527.868343424934,5.882352941176472,32,31,2,0,29,31,6401,3,0,0,3,0
2020-08-22,US,Iowa,Webster,691,8,0,42.42853483,-94.17987389,19187.0,1924.5766488413547,1.1577424023154848,683,688,8,0,680,687,36277,3,0,0,3,1
2020-08-22,US,Iowa,Winnebago,142,2,0,43.37751174,-93.73407298,19189.0,1371.4506470929111,1.4084507042253518,140,139,2,0,137,123,10518,3,0,0,3,16
2020-08-22,US,Iowa,Winneshiek,165,1,0,43.29094334,-91.84422722,19191.0,825.371417137712,0.6060606060606061,164,161,1,0,160,144,20029,4,0,0,4,17
2020-08-22,US,Iowa,Woodbury,3933,54,0,42.38979414,-96.0459439,19193.0,3814.483982658791,1.3729977116704806,3879,3902,54,0,3848,3884,102539,31,0,0,31,18
2020-08-22,US,Iowa,Worth,75,0,0,43.37750768,-93.26087602,19195.0,1016.1224766291832,0.0,75,74,0,0,74,73,7453,1,0,0,1,1
2020-08-22,US,Iowa,Wright,492,1,0,42.73305373,-93.73515113,19197.0,3916.57379398185,0.2032520325203252,491,490,1,0,489,490,12690,2,0,0,2,0
2020-08-22,US,Kansas,Allen,20,0,0,37.88582951,-95.30030847,20001.0,161.69455897809038,0.0,20,20,0,0,20,20,12444,0,0,0,0,0
2020-08-22,US,Kansas,Anderson,32,0,0,38.21413251,-95.29272815,20003.0,407.22830236701446,0.0,32,32,0,0,32,32,7878,0,0,0,0,0
2020-08-22,US,Kansas,Atchison,157,0,0,39.53185661,-95.30870026,20005.0,976.7933802028247,0.0,157,99,0,0,99,99,16193,58,0,0,58,0
2020-08-22,US,Kansas,Barber,5,0,0,37.2288586,-98.68460053,20007.0,112.943302462164,0.0,5,5,0,0,5,6,4472,0,0,0,0,-1
2020-08-22,US,Kansas,Barton,216,4,0,38.47889676,-98.75636726,20009.0,837.8913068776911,1.851851851851852,212,216,4,0,212,204,26111,0,0,0,0,12
2020-08-22,US,Kansas,Bourbon,82,2,0,37.85508555,-94.84865997,20011.0,564.1943030136233,2.4390243902439024,80,82,2,0,80,82,14653,0,0,0,0,0
2020-08-22,US,Kansas,Brown,59,0,0,39.82652589,-95.56421698,20013.0,616.89669594312,0.0,59,59,0,0,59,53,9598,0,0,0,0,6
2020-08-22,US,Kansas,Butler,378,2,0,37.78134351,-96.83878537,20015.0,564.9295332605999,0.5291005291005291,376,378,2,0,376,374,66765,0,0,0,0,4
2020-08-22,US,Kansas,Chase,58,0,0,38.30292938,-96.59563862,20017.0,2190.332326283988,0.0,58,58,0,0,58,58,2629,0,0,0,0,0
2020-08-22,US,Kansas,Chautauqua,7,0,0,37.14994405,-96.2454192,20019.0,215.38461538461544,0.0,7,7,0,0,7,7,3309,0,0,0,0,0
2020-08-22,US,Kansas,Cherokee,204,0,0,37.16928494,-94.8462897,20021.0,1023.1205175786148,0.0,204,204,0,0,204,191,20015,0,0,0,0,13
2020-08-22,US,Kansas,Cheyenne,5,0,0,39.78580976,-101.7318201,20023.0,188.1821603312006,0.0,5,5,0,0,5,5,2660,0,0,0,0,0
2020-08-22,US,Kansas,Clark,45,1,0,37.23577007,-99.81883015,20025.0,2256.7703109327986,2.2222222222222223,44,45,1,0,44,45,2005,0,0,0,0,0
2020-08-22,US,Kansas,Clay,23,2,0,39.34948772,-97.16518128,20027.0,287.42814296425894,8.695652173913043,21,23,2,0,21,22,7997,0,0,0,0,1
2020-08-22,US,Kansas,Cloud,43,0,0,39.48028352,-97.64925343,20029.0,489.4149783746869,0.0,43,43,0,0,43,43,8729,0,0,0,0,0
2020-08-22,US,Kansas,Coffey,73,8,0,38.2365018,-95.73379515,20031.0,892.5296491013571,10.958904109589039,65,73,8,0,65,71,8233,0,0,0,0,2
2020-08-22,US,Kansas,Comanche,9,0,0,37.19114520000001,-99.27113247,20033.0,529.4117647058823,0.0,9,9,0,0,9,9,1748,0,0,0,0,0
2020-08-22,US,Kansas,Cowley,222,2,0,37.23781842,-96.83776647,20035.0,635.9573736679271,0.9009009009009008,220,222,2,0,220,203,35218,0,0,0,0,19
2020-08-22,US,Kansas,Crawford,413,1,0,37.50675523,-94.85245778,20037.0,1063.9394095522696,0.2421307506053269,412,413,1,0,412,405,39019,0,0,0,0,8
2020-08-22,US,Kansas,Decatur,6,0,0,39.78468441,-100.45940809999999,20039.0,212.2391227449593,0.0,6,6,0,0,6,6,2871,0,0,0,0,0
2020-08-22,US,Kansas,Dickinson,64,1,0,38.86600962,-97.15532383,20041.0,346.5829091302935,1.5625,63,64,1,0,63,53,18717,0,0,0,0,11
2020-08-22,US,Kansas,Doniphan,58,0,0,39.79067154,-95.14056866,20043.0,763.1578947368422,0.0,58,58,0,0,58,58,7682,0,0,0,0,0
2020-08-22,US,Kansas,Douglas,892,8,0,38.88503636,-95.2925121,20045.0,729.5986389550052,0.8968609865470852,884,892,8,0,884,873,121436,0,0,0,0,19
2020-08-22,US,Kansas,Edwards,12,0,0,37.88735543,-99.31263309,20047.0,428.87776983559684,0.0,12,12,0,0,12,12,2849,0,0,0,0,0
2020-08-22,US,Kansas,Elk,1,0,0,37.45338105,-96.24369667,20049.0,39.52569169960474,0.0,1,1,0,0,1,1,2508,0,0,0,0,0
2020-08-22,US,Kansas,Ellis,180,1,0,38.91458712,-99.31751551,20051.0,630.4066122649109,0.5555555555555556,179,180,1,0,179,171,28710,0,0,0,0,9
2020-08-22,US,Kansas,Ellsworth,24,0,0,38.69677695,-98.20462799,20053.0,393.31366764995084,0.0,24,24,0,0,24,22,6196,0,0,0,0,2
2020-08-22,US,Kansas,Finney,1844,12,0,38.04340344,-100.73819379999999,20055.0,5056.626539062714,0.6507592190889371,1832,1844,12,0,1832,1837,36611,0,0,0,0,7
2020-08-22,US,Kansas,Ford,2202,10,0,37.69200114,-99.88825298,20057.0,6549.8676343734205,0.4541326067211626,2192,2202,10,0,2192,2198,33888,0,0,0,0,4
2020-08-22,US,Kansas,Franklin,243,2,0,38.56443815,-95.28644341,20059.0,951.2997181334167,0.8230452674897121,241,243,2,0,241,241,25631,0,0,0,0,2
2020-08-22,US,Kansas,Geary,185,2,0,38.99871131,-96.7577178,20061.0,584.1490369434796,1.0810810810810811,183,182,2,0,180,182,32594,3,0,0,3,0
2020-08-22,US,Kansas,Gove,7,0,0,38.91588178,-100.4829321,20063.0,265.5538694992413,0.0,7,7,0,0,7,6,2612,0,0,0,0,1
2020-08-22,US,Kansas,Graham,23,0,0,39.34987223,-99.88332493,20065.0,926.6720386784853,0.0,23,23,0,0,23,23,2492,0,0,0,0,0
2020-08-22,US,Kansas,Grant,138,3,0,37.56227336,-101.3079758,20067.0,1930.06993006993,2.1739130434782608,135,135,3,0,132,135,7336,3,0,0,3,0
2020-08-22,US,Kansas,Gray,98,0,0,37.73836671,-100.4369088,20069.0,1636.6065464261856,0.0,98,98,0,0,98,98,6033,0,0,0,0,0
2020-08-22,US,Kansas,Greeley,4,0,0,38.4808095,-101.8061079,20071.0,324.67532467532465,0.0,4,4,0,0,4,4,1227,0,0,0,0,0
2020-08-22,US,Kansas,Greenwood,23,0,0,37.8774388,-96.23250453,20073.0,384.4867937144768,0.0,23,23,0,0,23,23,6055,0,0,0,0,0
2020-08-22,US,Kansas,Hamilton,42,0,0,37.99978709,-101.7921066,20075.0,1654.1945647892871,0.0,42,42,0,0,42,42,2607,0,0,0,0,0
2020-08-22,US,Kansas,Harper,35,0,0,37.19175361,-98.07578384,20077.0,643.8557763061075,0.0,35,35,0,0,35,32,5506,0,0,0,0,3
2020-08-22,US,Kansas,Harvey,271,4,0,38.04293782,-97.42747573,20079.0,787.127131197537,1.4760147601476017,267,271,4,0,267,268,34210,0,0,0,0,3
2020-08-22,US,Kansas,Haskell,44,0,0,37.562039399999996,-100.8710738,20081.0,1108.8709677419354,0.0,44,44,0,0,44,44,3997,0,0,0,0,0
2020-08-22,US,Kansas,Hodgeman,12,0,0,38.08780079,-99.89829881,20083.0,668.8963210702342,0.0,12,12,0,0,12,12,1818,0,0,0,0,0
2020-08-22,US,Kansas,Jackson,181,1,0,39.41673394,-95.79356799,20085.0,1374.2312656594033,0.5524861878453039,180,181,1,0,180,176,13280,0,0,0,0,5
2020-08-22,US,Kansas,Jefferson,104,0,0,39.2347941,-95.38289232,20087.0,546.1324371160006,0.0,104,104,0,0,104,99,18975,0,0,0,0,5
2020-08-22,US,Kansas,Jewell,14,1,0,39.78470589,-98.21820662,20089.0,486.2799583188608,7.142857142857142,13,14,1,0,13,14,2841,0,0,0,0,0
2020-08-22,US,Kansas,Johnson,7241,110,0,38.88548175,-94.82250877,20091.0,1202.0232370132187,1.5191271923767435,7131,7004,110,0,6894,6860,597555,237,0,0,237,144
2020-08-22,US,Kansas,Kearny,68,1,0,38.00017981,-101.32168100000001,20093.0,1771.756122980719,1.4705882352941178,67,68,1,0,67,68,3943,0,0,0,0,0
2020-08-22,US,Kansas,Kingman,34,0,0,37.55909527,-98.13638678,20095.0,475.39149888143163,0.0,34,34,0,0,34,33,7310,0,0,0,0,1
2020-08-22,US,Kansas,Kiowa,8,0,0,37.55848695,-99.2856537,20097.0,323.2323232323232,0.0,8,8,0,0,8,8,2516,0,0,0,0,0
2020-08-22,US,Kansas,Labette,166,1,0,37.19113093,-95.29849679,20099.0,846.1616882454888,0.6024096385542169,165,166,1,0,165,165,19964,0,0,0,0,1
2020-08-22,US,Kansas,Lane,7,0,0,38.48119447,-100.46607540000001,20101.0,456.02605863192184,0.0,7,7,0,0,7,6,1560,0,0,0,0,1
2020-08-22,US,Kansas,Leavenworth,1572,9,0,39.20183497,-95.03620809,20103.0,1922.747621027912,0.5725190839694656,1563,1572,9,0,1563,1560,81352,0,0,0,0,12
2020-08-22,US,Kansas,Lincoln,6,0,0,39.04549684,-98.20756994,20105.0,202.56583389601624,0.0,6,6,0,0,6,6,3023,0,0,0,0,0
2020-08-22,US,Kansas,Linn,50,0,0,38.21267844,-94.84254089,20107.0,515.3045449860866,0.0,50,50,0,0,50,50,9750,0,0,0,0,0
2020-08-22,US,Kansas,Logan,2,0,0,38.91735806,-101.148475,20109.0,71.58196134574086,0.0,2,2,0,0,2,2,2844,0,0,0,0,0
2020-08-22,US,Kansas,Lyon,857,14,0,38.45576156,-96.15275715,20111.0,2581.714113571321,1.633605600933489,843,857,14,0,843,842,33406,0,0,0,0,15
2020-08-22,US,Kansas,Marion,60,1,0,38.35855394,-97.09852509999999,20115.0,504.88051161225184,1.6666666666666667,59,60,1,0,59,59,11950,0,0,0,0,1
2020-08-22,US,Kansas,Marshall,13,0,0,39.78359669,-96.52278974,20117.0,133.92397239105802,0.0,13,13,0,0,13,13,9722,0,0,0,0,0
2020-08-22,US,Kansas,McPherson,195,1,0,38.39184858,-97.64769869,20113.0,683.2036998108051,0.5128205128205128,194,195,1,0,194,194,28537,0,0,0,0,1
2020-08-22,US,Kansas,Meade,58,0,0,37.23859987,-100.36483100000001,20119.0,1438.1353830895114,0.0,58,58,0,0,58,56,4146,0,0,0,0,2
2020-08-22,US,Kansas,Miami,167,0,0,38.56383358,-94.83832189,20121.0,487.7763822764845,0.0,167,167,0,0,167,165,33680,0,0,0,0,2
2020-08-22,US,Kansas,Mitchell,28,0,0,39.39331582,-98.20906732,20123.0,468.3057367452751,0.0,28,28,0,0,28,28,6150,0,0,0,0,0
2020-08-22,US,Kansas,Montgomery,204,5,0,37.19236568,-95.74329258,20125.0,640.9249426623518,2.4509803921568634,199,204,5,0,199,198,32120,0,0,0,0,6
2020-08-22,US,Kansas,Morris,15,0,0,38.68827511,-96.65128437,20127.0,266.9039145907473,0.0,15,15,0,0,15,12,5521,0,0,0,0,3
2020-08-22,US,Kansas,Morton,10,2,0,37.19141121,-101.79925190000002,20129.0,386.54812524159263,20.0,8,10,2,0,8,10,2667,0,0,0,0,0
2020-08-22,US,Kansas,Nemaha,53,1,0,39.78345387,-96.01392079,20131.0,518.0334278174176,1.8867924528301887,52,53,1,0,52,53,10155,0,0,0,0,0
2020-08-22,US,Kansas,Neosho,72,0,0,37.55862897,-95.30670046,20133.0,449.8032110951458,0.0,72,72,0,0,72,66,15951,0,0,0,0,6
2020-08-22,US,Kansas,Ness,11,0,0,38.47974157,-99.91547333,20135.0,400.0,0.0,11,11,0,0,11,9,2840,0,0,0,0,2
2020-08-22,US,Kansas,Norton,23,0,0,39.78443827,-99.90286639,20137.0,429.0244357396009,0.0,23,23,0,0,23,23,5430,0,0,0,0,0
2020-08-22,US,Kansas,Osage,53,0,0,38.65235984,-95.72707998,20139.0,332.30923568875784,0.0,53,53,0,0,53,52,15941,0,0,0,0,1
2020-08-22,US,Kansas,Osborne,4,0,0,39.3503437,-98.76753828,20141.0,116.92487576731949,0.0,4,4,0,0,4,4,3475,0,0,0,0,0
2020-08-22,US,Kansas,Ottawa,39,0,0,39.13237408,-97.65020313,20143.0,683.7307152875176,0.0,39,39,0,0,39,39,5802,0,0,0,0,0
2020-08-22,US,Kansas,Pawnee,76,0,0,38.18108732,-99.23692334,20145.0,1184.9080137199876,0.0,76,76,0,0,76,65,6562,0,0,0,0,11
2020-08-22,US,Kansas,Phillips,51,8,0,39.78465501,-99.34668865,20147.0,974.3981658387466,15.68627450980392,43,51,8,0,43,51,5317,0,0,0,0,0
2020-08-22,US,Kansas,Pottawatomie,139,0,0,39.37925655,-96.34564657,20149.0,570.0693105852438,0.0,139,139,0,0,139,139,24277,0,0,0,0,0
2020-08-22,US,Kansas,Pratt,37,0,0,37.64780729,-98.73922153,20151.0,403.7538192928852,0.0,37,37,0,0,37,35,9378,0,0,0,0,2
2020-08-22,US,Kansas,Reno,581,1,0,37.95230263,-98.08607292,20155.0,937.1270040969065,0.1721170395869191,580,563,1,0,562,549,62342,18,0,0,18,14
2020-08-22,US,Kansas,Republic,34,0,0,39.82799632,-97.65036709,20157.0,733.3908541846422,0.0,34,34,0,0,34,34,4664,0,0,0,0,0
2020-08-22,US,Kansas,Rice,42,1,0,38.34616184,-98.19992118,20159.0,440.39005976722234,2.380952380952381,41,42,1,0,41,42,9531,0,0,0,0,0
2020-08-22,US,Kansas,Riley,577,5,0,39.28935726,-96.73420026,20161.0,777.2928117254013,0.8665511265164645,572,577,5,0,572,544,73703,0,0,0,0,33
2020-08-22,US,Kansas,Rooks,20,0,0,39.35022773,-99.32484567,20163.0,406.5040650406504,0.0,20,20,0,0,20,19,5013,0,0,0,0,1
2020-08-22,US,Kansas,Rush,12,0,0,38.52275276,-99.30863983,20165.0,395.2569169960474,0.0,12,12,0,0,12,10,3093,0,0,0,0,2
2020-08-22,US,Kansas,Russell,17,0,0,38.91462787,-98.76254297,20167.0,247.9579929988332,0.0,17,17,0,0,17,17,6907,0,0,0,0,0
2020-08-22,US,Kansas,Saline,432,9,0,38.78369175,-97.65185177,20169.0,796.6951903216287,2.083333333333333,423,432,9,0,423,428,54401,0,0,0,0,4
2020-08-22,US,Kansas,Scott,87,0,0,38.48222076,-100.90665390000001,20171.0,1803.8565208376529,0.0,87,82,0,0,82,82,4897,5,0,0,5,0
2020-08-22,US,Kansas,Sedgwick,6211,48,0,37.6842718,-97.4608198,20173.0,1203.5842043864648,0.7728224118499436,6163,6145,48,0,6097,5615,513607,66,0,0,66,530
2020-08-22,US,Kansas,Seward,1332,4,0,37.19324632,-100.85072009999999,20175.0,6216.165764420384,0.3003003003003003,1328,1332,4,0,1328,1315,21780,0,0,0,0,17
2020-08-22,US,Kansas,Shawnee,1946,21,0,39.04100763,-95.75572640000001,20177.0,1100.2120141342757,1.0791366906474822,1925,1946,21,0,1925,1914,177499,0,0,0,0,32
2020-08-22,US,Kansas,Sheridan,9,0,0,39.35018161,-100.44182590000001,20179.0,357.0011900039666,0.0,9,9,0,0,9,9,2533,0,0,0,0,0
2020-08-22,US,Kansas,Sherman,17,0,0,39.35147699,-101.71976240000001,20181.0,287.30775730944737,0.0,17,17,0,0,17,17,5899,0,0,0,0,0
2020-08-22,US,Kansas,Smith,3,0,0,39.78516566,-98.78566062,20183.0,83.72871895060004,0.0,3,3,0,0,3,3,3603,0,0,0,0,0
2020-08-22,US,Kansas,Stafford,15,1,0,38.03100851,-98.71762001,20185.0,360.9239653512993,6.666666666666668,14,15,1,0,14,13,4178,0,0,0,0,2
2020-08-22,US,Kansas,Stanton,21,1,0,37.56304714,-101.78435340000001,20187.0,1046.8594217347957,4.761904761904762,20,21,1,0,20,20,1987,0,0,0,0,1
2020-08-22,US,Kansas,Stevens,47,0,0,37.1923008,-101.3118967,20189.0,856.8824065633546,0.0,47,47,0,0,47,47,5559,0,0,0,0,0
2020-08-22,US,Kansas,Sumner,110,3,0,37.23682549,-97.47721621,20191.0,481.6955684007707,2.727272727272727,107,110,3,0,107,108,22996,0,0,0,0,2
2020-08-22,US,Kansas,Thomas,53,0,0,39.35107575,-101.0553705,20193.0,681.4967211006815,0.0,53,52,0,0,52,51,7711,1,0,0,1,1
2020-08-22,US,Kansas,Trego,7,1,0,38.91467218,-99.87284448,20195.0,249.73242953977882,14.285714285714285,6,7,1,0,6,7,2793,0,0,0,0,0
2020-08-22,US,Kansas,Wabaunsee,50,0,0,38.95471985,-96.20350509,20197.0,721.3966238638002,0.0,50,50,0,0,50,46,6899,0,0,0,0,4
2020-08-22,US,Kansas,Wallace,1,0,0,38.91686134,-101.76388759999999,20199.0,65.87615283267458,0.0,1,1,0,0,1,1,1503,0,0,0,0,0
2020-08-22,US,Kansas,Washington,2,0,0,39.78420784,-97.08753229999999,20201.0,36.99593044765076,0.0,2,2,0,0,2,2,5420,0,0,0,0,0
2020-08-22,US,Kansas,Wichita,4,0,0,38.48178252,-101.3471509,20203.0,188.76828692779614,0.0,4,4,0,0,4,4,2105,0,0,0,0,0
2020-08-22,US,Kansas,Wilson,16,0,0,37.55937174,-95.74323255,20205.0,187.68328445747798,0.0,16,16,0,0,16,16,8665,0,0,0,0,0
2020-08-22,US,Kansas,Woodson,12,0,0,37.8865336,-95.74006277,20207.0,382.4091778202677,0.0,12,12,0,0,12,12,3183,0,0,0,0,0
2020-08-22,US,Kansas,Wyandotte,5653,111,0,39.11727348,-94.76378225,20209.0,3417.1759485942607,1.9635591721209975,5542,5551,111,0,5440,5552,165324,102,0,0,102,-1
2020-08-22,US,Kentucky,Adair,244,19,0,37.10459774,-85.28129668,21001.0,1270.700968649099,7.786885245901638,225,239,19,0,220,237,19215,5,0,0,5,2
2020-08-22,US,Kentucky,Allen,241,8,0,36.75197631,-86.19457544,21003.0,1130.6591602158105,3.319502074688797,233,239,8,0,231,239,21122,2,0,0,2,0
2020-08-22,US,Kentucky,Anderson,103,1,0,38.00671029,-84.99171713,21005.0,452.8069635556337,0.9708737864077671,102,101,1,0,100,97,22663,2,0,0,2,4
2020-08-22,US,Kentucky,Ballard,39,0,0,37.05842757,-88.99427697,21007.0,494.421906693712,0.0,39,38,0,0,38,38,7979,1,0,0,1,0
2020-08-22,US,Kentucky,Barren,471,6,0,36.96469836,-85.93338945,21009.0,1064.4308345951322,1.2738853503184713,465,464,6,0,458,460,44176,7,0,0,7,4
2020-08-22,US,Kentucky,Bath,52,1,0,38.14735938,-83.74588932,21011.0,416.0,1.9230769230769231,51,51,1,0,50,51,12383,1,0,0,1,0
2020-08-22,US,Kentucky,Bell,367,6,0,36.73355174,-83.67766671,21013.0,1409.8033189920095,1.6348773841961852,361,364,5,0,359,357,26569,3,1,0,2,7
2020-08-22,US,Kentucky,Boone,1218,24,0,38.97065142,-84.72615357,21015.0,911.8063197610437,1.9704433497536944,1194,1206,24,0,1182,1193,131533,12,0,0,12,13
2020-08-22,US,Kentucky,Bourbon,104,1,0,38.2054607,-84.21827874,21017.0,525.5710531635334,0.9615384615384616,103,102,1,0,101,102,20184,2,0,0,2,0
2020-08-22,US,Kentucky,Boyd,214,4,0,38.36176608,-82.68652187,21019.0,458.0675542617407,1.8691588785046729,210,211,4,0,207,208,47240,3,0,0,3,3
2020-08-22,US,Kentucky,Boyle,186,0,0,37.62680923,-84.8633779,21021.0,618.7624750499003,0.0,186,183,0,0,183,182,30100,3,0,0,3,1
2020-08-22,US,Kentucky,Bracken,37,0,0,38.69158994,-84.08532444,21023.0,445.6220643141034,0.0,37,37,0,0,37,37,8239,0,0,0,0,0
2020-08-22,US,Kentucky,Breathitt,39,0,0,37.52333168,-83.31959161,21025.0,308.78859857482183,0.0,39,38,0,0,38,36,12726,1,0,0,1,2
2020-08-22,US,Kentucky,Breckinridge,91,2,0,37.77377239,-86.42885017,21027.0,444.4010353079065,2.1978021978021984,89,91,2,0,89,90,20388,0,0,0,0,1
2020-08-22,US,Kentucky,Bullitt,537,5,0,37.97162523,-85.68955617,21029.0,657.4758803075567,0.931098696461825,532,526,5,0,521,508,81069,11,0,0,11,18
2020-08-22,US,Kentucky,Butler,310,16,0,37.20946153,-86.68748787,21031.0,2407.019178507648,5.161290322580644,294,310,16,0,294,309,12772,0,0,0,0,1
2020-08-22,US,Kentucky,Caldwell,62,0,0,37.14749129,-87.86948214,21033.0,486.3889542637484,0.0,62,62,0,0,62,62,12715,0,0,0,0,0
2020-08-22,US,Kentucky,Calloway,345,5,0,36.62093411,-88.2731593,21035.0,884.5927027512115,1.4492753623188406,340,326,5,0,321,308,39135,19,0,0,19,18
2020-08-22,US,Kentucky,Campbell,650,13,0,38.94384345,-84.37875208,21037.0,694.5631731919988,2.0,637,646,13,0,633,643,93152,4,0,0,4,3
2020-08-22,US,Kentucky,Carlisle,55,1,0,36.85372876,-88.96692220000001,21039.0,1155.4621848739494,1.818181818181818,54,55,1,0,54,55,4771,0,0,0,0,0
2020-08-22,US,Kentucky,Carroll,184,2,0,38.66599534,-85.12601074,21041.0,1730.7873201015893,1.0869565217391304,182,175,2,0,173,175,10737,9,0,0,9,0
2020-08-22,US,Kentucky,Carter,110,3,0,38.31690743,-83.05092385,21043.0,410.4937119826848,2.727272727272727,107,109,3,0,106,108,27004,1,0,0,1,1
2020-08-22,US,Kentucky,Casey,223,11,0,37.32533118,-84.92726209,21045.0,1380.0358933102295,4.932735426008969,212,221,11,0,210,219,15888,2,0,0,2,2
2020-08-22,US,Kentucky,Christian,690,10,0,36.89267803,-87.49055367,21047.0,979.2651253885127,1.4492753623188406,680,665,10,0,655,631,71671,25,0,0,25,34
2020-08-22,US,Kentucky,Clark,220,8,0,37.9689263,-84.14615986,21049.0,606.6789840884649,3.636363636363636,212,220,8,0,212,208,36249,0,0,0,0,12
2020-08-22,US,Kentucky,Clay,196,6,0,37.16451126,-83.712575,21051.0,984.8751319029193,3.0612244897959178,190,195,6,0,189,192,20105,1,0,0,1,3
2020-08-22,US,Kentucky,Clinton,59,1,0,36.72581156,-85.13377529,21053.0,577.4124094734782,1.6949152542372878,58,56,1,0,55,51,10206,3,0,0,3,5
2020-08-22,US,Kentucky,Crittenden,38,1,0,37.35839237,-88.08826090000002,21055.0,431.5239609357257,2.631578947368421,37,38,1,0,37,34,8915,0,0,0,0,4
2020-08-22,US,Kentucky,Cumberland,75,0,0,36.78926125,-85.39050034,21057.0,1133.9582703356516,0.0,75,73,0,0,73,70,6659,2,0,0,2,3
2020-08-22,US,Kentucky,Daviess,876,10,0,37.73028906,-87.09019479999998,21059.0,862.9606643614978,1.1415525114155252,866,861,10,0,851,859,101104,15,0,0,15,2
2020-08-22,US,Kentucky,Edmonson,116,12,0,37.21218923,-86.23955613,21061.0,954.7325102880659,10.344827586206897,104,115,12,0,103,116,12274,1,0,0,1,-1
2020-08-22,US,Kentucky,Elliott,19,0,0,38.11624059,-83.09771563,21063.0,252.76040973792732,0.0,19,19,0,0,19,18,7508,0,0,0,0,1
2020-08-22,US,Kentucky,Estill,28,0,0,37.69241417,-83.95956369,21065.0,198.49709343541755,0.0,28,28,0,0,28,28,14198,0,0,0,0,0
2020-08-22,US,Kentucky,Fayette,3662,52,0,38.0368225,-84.45576892,21067.0,1133.2128533940684,1.4199890770071,3610,3599,52,0,3547,3589,323780,63,0,0,63,10
2020-08-22,US,Kentucky,Fleming,65,0,0,38.36758311,-83.69657514,21069.0,445.7856114121117,0.0,65,64,0,0,64,64,14432,1,0,0,1,0
2020-08-22,US,Kentucky,Floyd,132,2,0,37.56213922,-82.74750924,21071.0,370.90112113293435,1.5151515151515151,130,129,2,0,127,127,35845,3,0,0,3,2
2020-08-22,US,Kentucky,Franklin,428,11,0,38.2379395,-84.87962551,21073.0,839.3638092996804,2.5700934579439254,417,416,11,0,405,405,50815,12,0,0,12,11
2020-08-22,US,Kentucky,Fulton,109,2,0,36.55238827,-89.20140068,21075.0,1826.1015245434744,1.834862385321101,107,109,2,0,107,108,6120,0,0,0,0,1
2020-08-22,US,Kentucky,Gallatin,87,8,0,38.75398691,-84.8558382,21077.0,980.9448641334986,9.195402298850574,79,85,8,0,77,85,8832,2,0,0,2,0
2020-08-22,US,Kentucky,Garrard,99,2,0,37.638866799999995,-84.53289319,21079.0,560.3985056039851,2.0202020202020203,97,99,1,0,98,96,17560,0,1,0,-1,3
2020-08-22,US,Kentucky,Grant,132,6,0,38.64962758,-84.62415957,21081.0,526.5467310223784,4.545454545454546,126,130,6,0,124,131,25121,2,0,0,2,-1
2020-08-22,US,Kentucky,Graves,614,28,0,36.72292505,-88.65143315,21083.0,1647.6144474856437,4.5602605863192185,586,606,28,0,578,602,37317,8,0,0,8,4
2020-08-22,US,Kentucky,Grayson,237,11,0,37.46231118,-86.34248968,21085.0,896.8100805993871,4.641350210970463,226,233,11,0,222,230,26321,4,0,0,4,3
2020-08-22,US,Kentucky,Green,95,3,0,37.26484328,-85.5540745,21087.0,868.2935746275477,3.1578947368421053,92,92,3,0,89,66,11049,3,0,0,3,26
2020-08-22,US,Kentucky,Greenup,166,1,0,38.54332505,-82.9215658,21089.0,472.9614223032651,0.6024096385542169,165,160,1,0,159,157,35268,6,0,0,6,3
2020-08-22,US,Kentucky,Hancock,55,0,0,37.83766422,-86.78280584,21091.0,630.5893143774364,0.0,55,55,0,0,55,55,8758,0,0,0,0,0
2020-08-22,US,Kentucky,Hardin,833,8,0,37.6976111,-85.96319251,21093.0,750.7345121577533,0.9603841536614646,825,810,8,0,802,799,110356,23,0,0,23,11
2020-08-22,US,Kentucky,Harlan,264,5,0,36.85699301,-83.21899516,21095.0,1014.9942329873128,1.893939393939394,259,265,5,0,260,266,26409,-1,0,0,-1,-1
2020-08-22,US,Kentucky,Harrison,139,0,0,38.44188174,-84.32869741,21097.0,735.9949168696388,0.0,139,138,0,0,138,137,18778,1,0,0,1,1
2020-08-22,US,Kentucky,Hart,118,1,0,37.29943898,-85.88461055,21099.0,619.9106908326768,0.8474576271186439,117,117,1,0,116,116,18906,1,0,0,1,1
2020-08-22,US,Kentucky,Henderson,406,3,0,37.79344553,-87.57392021,21101.0,898.031408980314,0.7389162561576355,403,399,3,0,396,395,45591,7,0,0,7,4
2020-08-22,US,Kentucky,Henry,155,2,0,38.44942688,-85.11587507,21103.0,961.1807019719708,1.2903225806451613,153,152,2,0,150,152,16106,3,0,0,3,0
2020-08-22,US,Kentucky,Hickman,63,0,0,36.67948079999999,-88.97875928,21105.0,1438.3561643835615,0.0,63,63,0,0,63,64,4421,0,0,0,0,-1
2020-08-22,US,Kentucky,Hopkins,472,36,0,37.30939025,-87.54670406,21107.0,1056.2592310790849,7.627118644067798,436,468,36,0,432,466,45068,4,0,0,4,2
2020-08-22,US,Kentucky,Jackson,172,15,0,37.41866422,-83.99825483,21109.0,1290.4193863005478,8.720930232558139,157,167,15,0,152,169,13442,5,0,0,5,-2
2020-08-22,US,Kentucky,Jefferson,10490,258,0,38.18664655,-85.65931031,21111.0,1368.0996717343305,2.459485224022879,10232,10249,257,0,9992,10054,770517,241,1,0,240,195
2020-08-22,US,Kentucky,Jessamine,411,0,0,37.87119786,-84.58252003,21113.0,759.4936708860761,0.0,411,404,0,0,404,397,53920,7,0,0,7,7
2020-08-22,US,Kentucky,Johnson,101,0,0,37.85106355,-82.8264322,21115.0,455.2010095547143,0.0,101,100,0,0,100,98,22386,1,0,0,1,2
2020-08-22,US,Kentucky,Kenton,1616,41,0,38.93950319,-84.53241199,21117.0,967.6762595959233,2.5371287128712874,1575,1599,41,0,1558,1589,166051,17,0,0,17,10
2020-08-22,US,Kentucky,Knott,87,1,0,37.35388197,-82.94981134,21119.0,587.5996217749563,1.1494252873563218,86,83,1,0,82,83,15126,4,0,0,4,0
2020-08-22,US,Kentucky,Knox,306,8,0,36.89225732,-83.85403396,21121.0,982.5012040455932,2.6143790849673203,298,305,8,0,297,305,31304,1,0,0,1,0
2020-08-22,US,Kentucky,Larue,76,1,0,37.54567114,-85.70138352,21123.0,527.8510904292261,1.3157894736842106,75,76,1,0,75,75,14307,0,0,0,0,1
2020-08-22,US,Kentucky,Laurel,511,5,0,37.10975748,-84.11321779,21125.0,840.280861000115,0.9784735812133072,506,508,5,0,503,505,60669,3,0,0,3,3
2020-08-22,US,Kentucky,Lawrence,40,0,0,38.07136018,-82.72882223,21127.0,261.1477443363583,0.0,40,39,0,0,39,39,15571,1,0,0,1,0
2020-08-22,US,Kentucky,Lee,11,0,0,37.59645942,-83.71513901,21129.0,148.5884101040119,0.0,11,8,0,0,8,7,7033,3,0,0,3,1
2020-08-22,US,Kentucky,Leslie,38,0,0,37.09246661,-83.37999606,21131.0,384.73220613546624,0.0,38,37,0,0,37,38,10143,1,0,0,1,-1
2020-08-22,US,Kentucky,Letcher,66,2,0,37.12306748,-82.85346474,21133.0,306.2218716651974,3.0303030303030303,64,66,2,0,64,66,21899,0,0,0,0,0
2020-08-22,US,Kentucky,Lewis,116,4,0,38.53184419,-83.37735618,21135.0,873.8229755178908,3.4482758620689653,112,97,2,0,95,87,13257,19,2,0,17,10
2020-08-22,US,Kentucky,Lincoln,130,2,0,37.45475628,-84.6565327,21137.0,529.5531386207177,1.5384615384615383,128,130,2,0,128,128,24644,0,0,0,0,2
2020-08-22,US,Kentucky,Livingston,39,1,0,37.21137452,-88.34797529,21139.0,424.1896889275615,2.5641025641025643,38,38,1,0,37,38,9242,1,0,0,1,0
2020-08-22,US,Kentucky,Logan,377,25,0,36.85949479,-86.877635,21141.0,1391.0412515681494,6.631299734748009,352,369,25,0,344,367,26989,8,0,0,8,2
2020-08-22,US,Kentucky,Lyon,34,4,0,37.02080035,-88.07886257,21143.0,414.12911084043856,11.764705882352944,30,34,4,0,30,32,8009,0,0,0,0,2
2020-08-22,US,Kentucky,Madison,757,2,0,37.71659336,-84.27220275,21151.0,814.0922924709904,0.26420079260237783,755,716,2,0,714,709,92368,41,0,0,41,7
2020-08-22,US,Kentucky,Magoffin,60,0,0,37.70820545,-83.0657714,21153.0,493.3804785790642,0.0,60,60,0,0,60,55,12362,0,0,0,0,5
2020-08-22,US,Kentucky,Marion,155,1,0,37.55218078,-85.26898542,21155.0,804.2339023504385,0.6451612903225806,154,164,1,0,163,161,19404,-9,0,0,-9,3
2020-08-22,US,Kentucky,Marshall,174,2,0,36.88007070000001,-88.32803576,21157.0,559.4855305466236,1.1494252873563218,172,173,2,0,171,169,31191,1,0,0,1,4
2020-08-22,US,Kentucky,Martin,49,0,0,37.79990579,-82.51247478,21159.0,437.69539973202325,0.0,49,46,0,0,46,45,11323,3,0,0,3,1
2020-08-22,US,Kentucky,Mason,71,2,0,38.59471935,-83.82151043,21161.0,415.9343878148798,2.8169014084507036,69,69,2,0,67,67,17150,2,0,0,2,2
2020-08-22,US,Kentucky,McCracken,453,5,0,37.05350953,-88.70445755,21145.0,692.4699623956709,1.1037527593818983,448,445,5,0,440,437,65346,8,0,0,8,8
2020-08-22,US,Kentucky,McCreary,59,0,0,36.73874143,-84.48102924,21147.0,342.40612848935064,0.0,59,57,0,0,57,56,17408,2,0,0,2,1
2020-08-22,US,Kentucky,McLean,50,1,0,37.5301951,-87.26803443,21149.0,543.0650591940913,2.0,49,49,1,0,48,46,9252,1,0,0,1,3
2020-08-22,US,Kentucky,Meade,117,3,0,37.96163597,-86.21028219,21163.0,409.49181016379686,2.5641025641025643,114,113,3,0,110,110,28715,4,0,0,4,3
2020-08-22,US,Kentucky,Menifee,28,0,0,37.94090733,-83.59985712,21165.0,431.4994606256742,0.0,28,28,0,0,28,28,6451,0,0,0,0,0
2020-08-22,US,Kentucky,Mercer,105,1,0,37.81474237,-84.87488475,21167.0,478.7306797975653,0.9523809523809524,104,105,1,0,104,99,21774,0,0,0,0,6
2020-08-22,US,Kentucky,Metcalfe,77,2,0,36.99459295,-85.63123699,21169.0,764.5715420514348,2.5974025974025974,75,76,2,0,74,75,10030,1,0,0,1,1
2020-08-22,US,Kentucky,Monroe,111,2,0,36.71225341,-85.71596443,21171.0,1042.2535211267605,1.8018018018018016,109,110,2,0,108,108,10718,1,0,0,1,2
2020-08-22,US,Kentucky,Montgomery,170,1,0,38.03253032,-83.9145241,21173.0,603.7575025748482,0.5882352941176471,169,170,1,0,169,160,28203,0,0,0,0,10
2020-08-22,US,Kentucky,Morgan,40,0,0,37.92465657,-83.25558245,21175.0,300.5485010143512,0.0,40,40,0,0,40,37,13345,0,0,0,0,3
2020-08-22,US,Kentucky,Muhlenberg,647,11,0,37.21425819,-87.14632053,21177.0,2112.860035268761,1.7001545595054095,636,644,11,0,633,641,30774,3,0,0,3,3
2020-08-22,US,Kentucky,Nelson,312,2,0,37.80335779,-85.4657193,21179.0,674.8426448640581,0.6410256410256411,310,305,2,0,303,291,45851,7,0,0,7,14
2020-08-22,US,Kentucky,Nicholas,22,1,0,38.33342292,-84.01889177,21181.0,302.65511074425643,4.545454545454546,21,21,1,0,20,21,7166,1,0,0,1,0
2020-08-22,US,Kentucky,Ohio,372,9,0,37.47751843,-86.85368087,21183.0,1550.387596899225,2.419354838709677,363,370,9,0,361,368,24087,2,0,0,2,2
2020-08-22,US,Kentucky,Oldham,743,21,0,38.39791089,-85.448222,21185.0,1112.2921001811405,2.826379542395693,722,733,20,0,713,700,66470,10,1,0,9,33
2020-08-22,US,Kentucky,Owen,74,0,0,38.51679143,-84.82404619,21187.0,678.8368039629391,0.0,74,71,0,0,71,70,10880,3,0,0,3,1
2020-08-22,US,Kentucky,Owsley,25,0,0,37.42823949,-83.68811419,21189.0,566.2514156285391,0.0,25,25,0,0,25,22,4472,0,0,0,0,3
2020-08-22,US,Kentucky,Pendleton,58,0,0,38.69607718,-84.35599463,21191.0,397.5325565455792,0.0,58,55,0,0,55,56,14529,3,0,0,3,-1
2020-08-22,US,Kentucky,Perry,268,7,0,37.25023553,-83.22922731,21193.0,1040.4534513549188,2.611940298507463,261,263,6,0,257,263,26092,5,1,0,4,0
2020-08-22,US,Kentucky,Pike,298,3,0,37.47088263,-82.39487445,21195.0,514.8939111203263,1.0067114093959733,295,288,3,0,285,288,58402,10,0,0,10,0
2020-08-22,US,Kentucky,Powell,70,0,0,37.83218794,-83.82553961,21197.0,566.3888664131402,0.0,70,70,0,0,70,70,12442,0,0,0,0,0
2020-08-22,US,Kentucky,Pulaski,437,6,0,37.10466131,-84.57629079,21199.0,672.5249696055647,1.3729977116704806,431,426,6,0,420,417,64623,11,0,0,11,9
2020-08-22,US,Kentucky,Robertson,3,0,0,38.51923469,-84.05055616,21201.0,142.31499051233396,0.0,3,3,0,0,3,3,2135,0,0,0,0,0
2020-08-22,US,Kentucky,Rockcastle,107,0,0,37.36642393,-84.31176452,21203.0,640.9104522312069,0.0,107,107,0,0,107,101,16750,0,0,0,0,6
2020-08-22,US,Kentucky,Rowan,89,0,0,38.19484205,-83.42088935,21205.0,363.8593622240392,0.0,89,89,0,0,89,89,24583,0,0,0,0,0
2020-08-22,US,Kentucky,Russell,150,5,0,36.99308373,-85.06070117,21207.0,836.9134631479103,3.333333333333333,145,148,5,0,143,146,17821,2,0,0,2,2
2020-08-22,US,Kentucky,Scott,498,1,0,38.29622293,-84.5816631,21209.0,873.6229036558838,0.2008032128514056,497,488,0,0,488,486,56031,10,1,0,9,2
2020-08-22,US,Kentucky,Shelby,866,22,0,38.21476019,-85.194223,21211.0,1766.4817232375979,2.540415704387991,844,854,22,0,832,847,48518,12,0,0,12,7
2020-08-22,US,Kentucky,Simpson,188,7,0,36.74058474,-86.58047435,21213.0,1012.2765453370663,3.723404255319149,181,185,7,0,178,183,18529,3,0,0,3,2
2020-08-22,US,Kentucky,Spencer,152,0,0,38.03223971,-85.32749335,21215.0,785.4891220091985,0.0,152,149,0,0,149,146,18794,3,0,0,3,3
2020-08-22,US,Kentucky,Taylor,176,4,0,37.3677562,-85.3329931,21217.0,682.9911909658892,2.272727272727273,172,173,4,0,169,167,25549,3,0,0,3,6
2020-08-22,US,Kentucky,Todd,45,0,0,36.8381152,-87.17878374,21219.0,366.03221083455344,0.0,45,43,0,0,43,38,12311,2,0,0,2,5
2020-08-22,US,Kentucky,Trigg,63,0,0,36.80767017,-87.87333656,21221.0,430.0047778308648,0.0,63,63,0,0,63,61,14643,0,0,0,0,2
2020-08-22,US,Kentucky,Trimble,39,0,0,38.61056487,-85.33775972,21223.0,460.3942863888561,0.0,39,38,0,0,38,38,8515,1,0,0,1,0
2020-08-22,US,Kentucky,Union,79,0,0,37.66166713,-87.94300009,21225.0,549.3359293512274,0.0,79,77,0,0,77,77,14505,2,0,0,2,0
2020-08-22,US,Kentucky,Warren,2969,24,0,36.99903045,-86.42672751,21227.0,2234.077775102336,0.8083529808016167,2945,2918,24,0,2894,2901,131264,51,0,0,51,17
2020-08-22,US,Kentucky,Washington,115,1,0,37.75599461,-85.17407732,21229.0,950.806118230674,0.8695652173913043,114,113,1,0,112,109,12084,2,0,0,2,4
2020-08-22,US,Kentucky,Wayne,83,0,0,36.80310688,-84.8251971,21231.0,408.2034131707077,0.0,83,82,0,0,82,81,20468,1,0,0,1,1
2020-08-22,US,Kentucky,Webster,96,1,0,37.52168356,-87.67989953,21233.0,741.7709782104776,1.0416666666666667,95,96,1,0,95,96,13111,0,0,0,0,0
2020-08-22,US,Kentucky,Whitley,173,1,0,36.75700531,-84.14541217,21235.0,477.0571365541584,0.5780346820809249,172,173,1,0,172,172,36242,0,0,0,0,1
2020-08-22,US,Kentucky,Wolfe,26,0,0,37.73941626,-83.49303612,21237.0,363.2807042056729,0.0,26,23,0,0,23,23,7177,3,0,0,3,0
2020-08-22,US,Kentucky,Woodford,196,0,0,38.04178222,-84.7417556,21239.0,733.1487992818135,0.0,196,189,0,0,189,185,26533,7,0,0,7,4
2020-08-22,US,Louisiana,Acadia,2735,92,0,30.295064899999996,-92.41419698,22001.0,4408.090901764848,3.363802559414991,2643,2735,92,0,2643,2731,62190,0,0,0,0,4
2020-08-22,US,Louisiana,Allen,1402,36,0,30.65385745,-92.82442028,22003.0,5470.79252351036,2.5677603423680457,1366,1402,36,0,1366,1390,25605,0,0,0,0,12
2020-08-22,US,Louisiana,Ascension,3175,85,0,30.20406249,-90.91328409999998,22005.0,2507.819658146662,2.677165354330709,3090,3175,85,0,3090,3140,124672,0,0,0,0,35
2020-08-22,US,Louisiana,Assumption,628,20,0,29.89946234,-91.06461642,22007.0,2868.758850669225,3.1847133757961785,608,628,20,0,608,626,22300,0,0,0,0,2
2020-08-22,US,Louisiana,Avoyelles,1196,40,0,31.07796211,-92.00079449,22009.0,2979.274611398964,3.3444816053511706,1156,1196,40,0,1156,1178,40462,0,0,0,0,18
2020-08-22,US,Louisiana,Beauregard,928,28,0,30.64836518,-93.34173616,22011.0,2474.864655839134,3.0172413793103448,900,928,28,0,900,920,37253,0,0,0,0,8
2020-08-22,US,Louisiana,Bienville,401,30,0,32.34569994,-93.05398492,22013.0,3028.4721697756972,7.481296758104738,371,401,30,0,371,401,13308,0,0,0,0,0
2020-08-22,US,Louisiana,Bossier,2520,87,0,32.67932307,-93.60460152,22015.0,1983.6428183471216,3.452380952380953,2433,2520,87,0,2433,2508,127185,0,0,0,0,12
2020-08-22,US,Louisiana,Caddo,7112,306,0,32.57991587,-93.88375652,22017.0,2960.816639190021,4.302587176602924,6806,7112,306,0,6806,7060,242922,0,0,0,0,52
2020-08-22,US,Louisiana,Calcasieu,7235,166,0,30.22931235,-93.35400434,22019.0,3556.4010302994548,2.2944022114720104,7069,7235,166,0,7069,7194,203112,0,0,0,0,41
2020-08-22,US,Louisiana,Caldwell,263,3,0,32.0902519,-92.11752148,22021.0,2651.7443032869533,1.1406844106463878,260,263,3,0,260,249,9960,0,0,0,0,14
2020-08-22,US,Louisiana,Cameron,174,1,0,29.87592238,-93.19310676,22023.0,2495.339165352072,0.5747126436781609,173,174,1,0,173,174,6968,0,0,0,0,0
2020-08-22,US,Louisiana,Catahoula,338,6,0,31.66778967,-91.84526385,22025.0,3560.1432483673907,1.7751479289940828,332,338,6,0,332,329,9608,0,0,0,0,9
2020-08-22,US,Louisiana,Claiborne,320,12,0,32.82308512,-92.99526883,22027.0,2042.1186981493304,3.75,308,320,12,0,308,311,15944,0,0,0,0,9
2020-08-22,US,Louisiana,Concordia,393,9,0,31.44817835,-91.63814433,22029.0,2040.6043927514406,2.2900763358778624,384,393,9,0,384,386,19572,0,0,0,0,7
2020-08-22,US,Louisiana,De Soto,802,30,0,32.05457447,-93.74130302,22031.0,2920.2927575283106,3.740648379052369,772,802,30,0,772,799,27436,0,0,0,0,3
2020-08-22,US,Louisiana,East Baton Rouge,13226,395,0,30.53842039,-91.09777565,22033.0,3005.506079866563,2.9865416603659463,12831,13226,395,0,12831,13133,440956,0,0,0,0,93
2020-08-22,US,Louisiana,East Carroll,527,2,0,32.73926954,-91.23425694,22035.0,7681.096050138463,0.3795066413662239,525,527,2,0,525,527,7037,0,0,0,0,0
2020-08-22,US,Louisiana,East Feliciana,708,43,0,30.84425359,-91.04976723,22037.0,3700.0261301280375,6.073446327683616,665,708,43,0,665,674,19305,0,0,0,0,34
2020-08-22,US,Louisiana,Evangeline,995,20,0,30.72985248,-92.39915924,22039.0,2979.4879472974994,2.010050251256281,975,995,20,0,975,992,33443,0,0,0,0,3
2020-08-22,US,Louisiana,Franklin,1024,24,0,32.13675181,-91.67589857,22041.0,5116.162877841619,2.34375,1000,1024,24,0,1000,1017,20156,0,0,0,0,7
2020-08-22,US,Louisiana,Grant,374,25,0,31.59882456,-92.56124347,22043.0,1670.4631738800306,6.684491978609627,349,374,25,0,349,369,22482,0,0,0,0,5
2020-08-22,US,Louisiana,Iberia,2648,81,0,29.86803617,-91.75871777,22045.0,3792.0664470857796,3.0589123867069485,2567,2648,81,0,2567,2644,70941,0,0,0,0,4
2020-08-22,US,Louisiana,Iberville,1318,52,0,30.25734305,-91.3499598,22047.0,4054.012488080957,3.9453717754172986,1266,1318,52,0,1266,1318,32721,0,0,0,0,0
2020-08-22,US,Louisiana,Jackson,409,20,0,32.30251776,-92.55692092,22049.0,2597.8150406504064,4.88997555012225,389,409,20,0,389,406,15902,0,0,0,0,3
2020-08-22,US,Louisiana,Jefferson,16006,537,0,29.74075478,-90.11115756,22051.0,3700.8691470150957,3.354991878045733,15469,16006,537,0,15469,15964,434051,0,0,0,0,42
2020-08-22,US,Louisiana,Jefferson Davis,1111,32,0,30.26896765,-92.81210004,22053.0,3541.8260647793927,2.8802880288028803,1079,1111,32,0,1079,1098,31582,0,0,0,0,13
2020-08-22,US,Louisiana,LaSalle,363,4,0,31.67884782,-92.15907765,22059.0,2437.550362610798,1.1019283746556474,359,363,4,0,359,356,14917,0,0,0,0,7
2020-08-22,US,Louisiana,Lafayette,8103,103,0,30.2049055,-92.06959876,22055.0,3315.602111379353,1.2711341478464766,8000,8103,103,0,8000,8074,242782,0,0,0,0,29
2020-08-22,US,Louisiana,Lafourche,3073,107,0,29.52470226,-90.40976986,22057.0,3148.1140000409778,3.481939472827856,2966,3073,107,0,2966,3061,98115,0,0,0,0,12
2020-08-22,US,Louisiana,Lincoln,867,38,0,32.6003154,-92.66597409999999,22061.0,1854.8628642334522,4.382929642445212,829,867,38,0,829,867,47196,0,0,0,0,0
2020-08-22,US,Louisiana,Livingston,3236,60,0,30.44143993,-90.73061664,22063.0,2298.475022906619,1.854140914709518,3176,3236,60,0,3176,3197,139567,0,0,0,0,39
2020-08-22,US,Louisiana,Madison,650,6,0,32.36918118,-91.23973355,22065.0,5935.531001735001,0.9230769230769232,644,650,6,0,644,650,11161,0,0,0,0,0
2020-08-22,US,Louisiana,Morehouse,563,15,0,32.81686191,-91.80421614,22067.0,2263.407574173836,2.6642984014209588,548,563,15,0,548,560,25398,0,0,0,0,3
2020-08-22,US,Louisiana,Natchitoches,874,20,0,31.72321584,-93.09816516,22069.0,2290.476440064993,2.2883295194508007,854,874,20,0,854,857,38659,0,0,0,0,17
2020-08-22,US,Louisiana,Orleans,11134,569,0,30.06971951,-89.92660315,22071.0,2853.8180774278217,5.11047242680079,10565,11134,569,0,10565,11104,391006,0,0,0,0,30
2020-08-22,US,Louisiana,Ouachita,5308,122,0,32.47645559,-92.15704172,22073.0,3462.96622498842,2.298417483044461,5186,5308,122,0,5186,5259,154475,0,0,0,0,49
2020-08-22,US,Louisiana,Plaquemines,481,19,0,29.42245447,-89.60322085,22075.0,2073.543992757684,3.95010395010395,462,481,19,0,462,482,23410,0,0,0,0,-1
2020-08-22,US,Louisiana,Pointe Coupee,874,36,0,30.71409502,-91.60209535,22077.0,4022.089277496549,4.118993135011442,838,874,36,0,838,868,21940,0,0,0,0,6
2020-08-22,US,Louisiana,Rapides,3642,130,0,31.19778499,-92.52997303,22079.0,2809.1447611995563,3.5694673256452503,3512,3642,130,0,3512,3597,130562,0,0,0,0,45
2020-08-22,US,Louisiana,Red River,298,19,0,32.09530039,-93.34213308,22081.0,3529.9692016109925,6.375838926174498,279,298,19,0,279,299,8477,0,0,0,0,-1
2020-08-22,US,Louisiana,Richland,657,8,0,32.41391005,-91.76634876,22083.0,3265.082993738197,1.21765601217656,649,657,8,0,649,653,20192,0,0,0,0,4
2020-08-22,US,Louisiana,Sabine,709,13,0,31.56388699,-93.55433981,22085.0,2968.514486685647,1.833568406205924,696,709,13,0,696,706,24032,0,0,0,0,3
2020-08-22,US,Louisiana,St. Bernard,1169,24,0,29.87761636,-89.51887093,22087.0,2474.3882821098982,2.0530367835757057,1145,1169,24,0,1145,1160,46721,0,0,0,0,9
2020-08-22,US,Louisiana,St. Charles,1568,54,0,29.90709658,-90.35555967,22089.0,2952.919020715631,3.4438775510204085,1514,1568,54,0,1514,1559,52879,0,0,0,0,9
2020-08-22,US,Louisiana,St. Helena,303,2,0,30.82210324,-90.71013176,22091.0,2990.525069088037,0.6600660066006601,301,303,2,0,301,301,10262,0,0,0,0,2
2020-08-22,US,Louisiana,St. James,745,33,0,30.02531716,-90.80212061,22093.0,3531.475161167994,4.429530201342282,712,745,33,0,712,743,21037,0,0,0,0,2
2020-08-22,US,Louisiana,St. John the Baptist,1484,94,0,30.12597499,-90.4753503,22095.0,3464.29488526274,6.334231805929919,1390,1484,94,0,1390,1484,43184,0,0,0,0,0
2020-08-22,US,Louisiana,St. Landry,2976,105,0,30.59724262,-92.00135806,22097.0,3623.7884175149775,3.5282258064516134,2871,2976,105,0,2871,2968,82764,0,0,0,0,8
2020-08-22,US,Louisiana,St. Martin,1827,50,0,30.13112107,-91.61403569,22099.0,3419.363290973405,2.736726874657909,1777,1827,50,0,1777,1809,53621,0,0,0,0,18
2020-08-22,US,Louisiana,St. Mary,1711,65,0,29.69262097,-91.44702164,22101.0,3467.2124503525984,3.798947983635301,1646,1711,65,0,1646,1703,49774,0,0,0,0,8
2020-08-22,US,Louisiana,St. Tammany,5760,226,0,30.40942847,-89.95642711,22103.0,2211.820182091169,3.923611111111111,5534,5760,226,0,5534,5717,258111,0,0,0,0,43
2020-08-22,US,Louisiana,Tangipahoa,3899,88,0,30.62888673,-90.40664996,22105.0,2893.334718532481,2.256988971531162,3811,3899,88,0,3811,3868,133777,0,0,0,0,31
2020-08-22,US,Louisiana,Tensas,124,1,0,32.00760749,-91.32915234,22107.0,2861.0982925703747,0.8064516129032258,123,124,1,0,123,121,4462,0,0,0,0,3
2020-08-22,US,Louisiana,Terrebonne,3285,93,0,29.37343766,-90.82626855,22109.0,2973.900290600303,2.8310502283105023,3192,3285,93,0,3192,3258,111021,0,0,0,0,27
2020-08-22,US,Louisiana,Unassigned,241,141,0,0.0,0.0,90022.0,0.0,58.50622406639004,100,241,141,0,100,248,,0,0,0,0,-7
2020-08-22,US,Louisiana,Union,772,36,0,32.83121059,-92.3749373,22111.0,3491.9486158856516,4.66321243523316,736,772,36,0,736,768,22330,0,0,0,0,4
2020-08-22,US,Louisiana,Vermilion,1768,32,0,29.83517605,-92.30292538,22113.0,2970.879333232512,1.8099547511312215,1736,1768,32,0,1736,1761,59830,0,0,0,0,7
2020-08-22,US,Louisiana,Vernon,869,35,0,31.10884837,-93.18153838,22115.0,1832.212359526872,4.027617951668584,834,869,35,0,834,852,48860,0,0,0,0,17
2020-08-22,US,Louisiana,Washington,1383,59,0,30.85288548,-90.03866652,22117.0,2993.895311079361,4.2660882140274765,1324,1383,59,0,1324,1369,46582,0,0,0,0,14
2020-08-22,US,Louisiana,Webster,977,19,0,32.70847669,-93.33121835,22119.0,2548.2524778299426,1.9447287615148412,958,977,19,0,958,969,38798,0,0,0,0,8
2020-08-22,US,Louisiana,West Baton Rouge,771,38,0,30.46058217,-91.30989571,22121.0,2913.281692801813,4.9286640726329445,733,771,38,0,733,766,26427,0,0,0,0,5
2020-08-22,US,Louisiana,West Carroll,317,8,0,32.78550125,-91.461201,22123.0,2927.0544783010155,2.5236593059936907,309,317,8,0,309,315,10982,0,0,0,0,2
2020-08-22,US,Louisiana,West Feliciana,466,18,0,30.87882871,-91.41485379999999,22125.0,2993.3196300102777,3.862660944206009,448,466,18,0,448,455,15460,0,0,0,0,11
2020-08-22,US,Louisiana,Winn,505,15,0,31.94449367,-92.63789413,22127.0,3632.04833141542,2.9702970297029703,490,505,15,0,490,499,14134,0,0,0,0,6
2020-08-22,US,Maine,Androscoggin,590,10,0,44.1664747,-70.20380627,23001.0,544.8987319560017,1.6949152542372878,580,586,10,0,576,582,107679,4,0,0,4,4
2020-08-22,US,Maine,Aroostook,37,1,0,46.65926321,-68.59841248,23003.0,55.17858474386698,2.702702702702702,36,37,1,0,36,35,67111,0,0,0,0,2
2020-08-22,US,Maine,Cumberland,2158,70,0,43.8370751,-70.37226999,23005.0,731.5179845628688,3.243744207599629,2088,2154,69,0,2085,2148,293557,4,1,0,3,6
2020-08-22,US,Maine,Franklin,47,1,0,44.97330019,-70.44381045,23007.0,155.6342925262426,2.127659574468085,46,47,1,0,46,47,29897,0,0,0,0,0
2020-08-22,US,Maine,Hancock,45,1,0,44.59816444,-68.38401854,23009.0,81.83752523323695,2.2222222222222223,44,44,1,0,43,42,54811,1,0,0,1,2
2020-08-22,US,Maine,Kennebec,179,11,0,44.40759555,-69.76738544,23011.0,146.35901293519322,6.145251396648044,168,176,11,0,165,175,122083,3,0,0,3,1
2020-08-22,US,Maine,Knox,28,1,0,44.11486325,-69.10529169,23013.0,70.40128733782561,3.571428571428572,27,28,1,0,27,28,39771,0,0,0,0,0
2020-08-22,US,Maine,Lincoln,35,1,0,44.05996956,-69.54227124,23015.0,101.05676502858464,2.8571428571428568,34,35,1,0,34,35,34342,0,0,0,0,0
2020-08-22,US,Maine,Oxford,59,0,0,44.49952995,-70.75682123,23017.0,101.76800344976284,0.0,59,59,0,0,59,59,57618,0,0,0,0,0
2020-08-22,US,Maine,Penobscot,212,5,0,45.40194593,-68.65020455,23019.0,139.33801298735443,2.358490566037736,207,207,5,0,202,202,151096,5,0,0,5,5
2020-08-22,US,Maine,Piscataquis,7,0,0,45.83839062,-69.2860223,23021.0,41.70390229371464,0.0,7,7,0,0,7,7,16800,0,0,0,0,0
2020-08-22,US,Maine,Sagadahoc,59,0,0,43.95415864,-69.85074999,23023.0,164.54707719767958,0.0,59,58,0,0,58,58,35634,1,0,0,1,0
2020-08-22,US,Maine,Somerset,42,1,0,45.51229767,-69.95995554,23025.0,83.19467554076539,2.380952380952381,41,42,1,0,41,42,50592,0,0,0,0,0
2020-08-22,US,Maine,Unassigned,1,0,0,0.0,0.0,90023.0,0.0,0.0,1,1,0,0,1,1,,0,0,0,0,0
2020-08-22,US,Maine,Waldo,67,14,0,44.4858305,-69.12061935,23027.0,168.70200176255824,20.895522388059703,53,66,14,0,52,64,39694,1,0,0,1,2
2020-08-22,US,Maine,Washington,15,0,0,45.01607142,-67.62813524,23029.0,47.802670575862855,0.0,15,15,0,0,15,15,31490,0,0,0,0,0
2020-08-22,US,Maine,York,737,14,0,43.47808377,-70.71052375,23031.0,354.9395350629212,1.899592944369064,723,724,14,0,710,713,206229,13,0,0,13,11
2020-08-22,US,Maryland,Allegany,367,20,0,39.62357628,-78.69280486,24001.0,521.1883662803908,5.4495912806539515,347,365,20,0,345,358,70975,2,0,0,2,7
2020-08-22,US,Maryland,Anne Arundel,7922,230,0,39.00670238,-76.60329337,24003.0,1367.6683343864486,2.9033072456450397,7692,7861,230,0,7631,7809,576031,61,0,0,61,52
2020-08-22,US,Maryland,Baltimore,14585,586,0,39.45784712,-76.62911955,24005.0,1762.8147020075662,4.017826534110387,13999,14471,584,0,13887,14327,828431,114,2,0,112,144
2020-08-22,US,Maryland,Baltimore City,13897,449,0,39.30211911,-76.61151012,24510.0,2341.572730795801,3.2309131467223136,13448,13804,449,0,13355,13708,621342,93,0,0,93,96
2020-08-22,US,Maryland,Calvert,759,28,0,38.53961642,-76.56820632,24009.0,820.3188327479062,3.6890645586297763,731,757,28,0,729,755,92003,2,0,0,2,2
2020-08-22,US,Maryland,Caroline,477,3,0,38.87172293,-75.82904158,24011.0,1427.8872058911572,0.6289308176100629,474,472,3,0,469,472,33304,5,0,0,5,0
2020-08-22,US,Maryland,Carroll,1638,119,0,39.56453592,-77.02373735,24013.0,972.4126876703058,7.264957264957265,1519,1632,119,0,1513,1625,168429,6,0,0,6,7
2020-08-22,US,Maryland,Cecil,757,31,0,39.56647682,-75.94627411,24015.0,735.9875552962909,4.095112285336857,726,752,31,0,721,744,102826,5,0,0,5,8
2020-08-22,US,Maryland,Charles,2250,93,0,38.51092331,-76.98580666,24017.0,1378.19511567651,4.133333333333334,2157,2234,93,0,2141,2224,161503,16,0,0,16,10
2020-08-22,US,Maryland,Dorchester,427,5,0,38.45413522,-76.02752426,24019.0,1337.342228068527,1.17096018735363,422,425,5,0,420,416,31998,2,0,0,2,9
2020-08-22,US,Maryland,Frederick,3321,123,0,39.47296601,-77.39999394,24021.0,1279.5370395342654,3.703703703703704,3198,3309,122,0,3187,3289,255648,12,1,0,11,20
2020-08-22,US,Maryland,Garrett,61,0,0,39.52786077,-79.27355126,24023.0,210.24333080581792,0.0,61,61,0,0,61,60,29163,0,0,0,0,1
2020-08-22,US,Maryland,Harford,2285,69,0,39.55010644,-76.30775940000002,24025.0,894.5314182139908,3.0196936542669586,2216,2257,69,0,2188,2225,253956,28,0,0,28,32
2020-08-22,US,Maryland,Howard,4192,117,0,39.25305293,-76.93126208,24027.0,1287.1135128496426,2.791030534351145,4075,4178,118,0,4060,4148,323196,14,-1,0,15,30
2020-08-22,US,Maryland,Kent,254,23,0,39.24976208,-76.04741541,24029.0,1307.7952836988984,9.05511811023622,231,255,23,0,232,251,19383,-1,0,0,-1,4
2020-08-22,US,Maryland,Montgomery,19385,814,0,39.13676329,-77.20358245,24031.0,1844.9815739781934,4.19912303327315,18571,19325,814,0,18511,19264,1052567,60,0,0,60,61
2020-08-22,US,Maryland,Prince George's,25343,777,0,38.83070039,-76.8496441,24033.0,2787.006214486098,3.065935366767944,24566,25197,773,0,24424,25058,909308,146,4,0,142,139
2020-08-22,US,Maryland,Queen Anne's,512,26,0,39.06198912,-76.03530977,24035.0,1016.2561283023364,5.078125,486,508,26,0,482,498,50251,4,0,0,4,10
2020-08-22,US,Maryland,Somerset,176,3,0,38.1163542,-75.75118623,24039.0,687.0705808869458,1.7045454545454546,173,169,3,0,166,164,25675,7,0,0,7,5
2020-08-22,US,Maryland,St. Mary's,1077,52,0,38.30058422,-76.60629279999998,24037.0,948.8150823715973,4.8282265552460535,1025,1075,52,0,1023,1069,112664,2,0,0,2,6
2020-08-22,US,Maryland,Talbot,436,4,0,38.76618159,-76.10882561,24041.0,1172.641940776203,0.9174311926605504,432,433,4,0,429,430,36968,3,0,0,3,3
2020-08-22,US,Maryland,Unassigned,0,13,0,0.0,0.0,90024.0,0.0,0.0,-13,0,9,0,-9,0,,0,4,0,-4,0
2020-08-22,US,Maryland,Washington,1207,32,0,39.60835778,-77.82002295,24043.0,799.0784447430966,2.6512013256006632,1175,1192,32,0,1160,1170,150926,15,0,0,15,22
2020-08-22,US,Maryland,Wicomico,1442,46,0,38.37301947,-75.62705831,24045.0,1391.770985146078,3.19001386962552,1396,1428,46,0,1382,1424,103195,14,0,0,14,4
2020-08-22,US,Maryland,Worcester,753,22,0,38.21274277,-75.33200012,24047.0,1440.431555589563,2.9216467463479416,731,739,21,0,718,741,51823,14,1,0,13,-2
2020-08-22,US,Massachusetts,Barnstable,1583,164,0,41.72980578,-70.28854339,25001.0,743.2273815672098,10.360075805432725,1419,1584,164,0,1420,1582,213413,-1,0,0,-1,2
2020-08-22,US,Massachusetts,Berkshire,633,46,0,42.37428441,-73.20524838,25003.0,506.62696888205915,7.2669826224328595,587,634,46,0,588,633,126348,-1,0,0,-1,1
2020-08-22,US,Massachusetts,Bristol,8919,650,0,41.79228404,-71.10872211,25005.0,1577.9780155232415,7.2878125350375615,8269,8915,649,0,8266,8879,564022,4,1,0,3,36
2020-08-22,US,Massachusetts,Dukes and Nantucket,86,1,0,41.40674725,-70.68763497,0.0,299.3282517141763,1.162790697674419,85,85,1,0,84,85,26707,1,0,0,1,0
2020-08-22,US,Massachusetts,Essex,17574,1215,0,42.6687626,-70.94687179,25009.0,2227.280446723462,6.913622396722431,16359,17550,1210,0,16340,17487,790638,24,5,0,19,63
2020-08-22,US,Massachusetts,Franklin,380,61,0,42.58119713,-72.58602547,25011.0,541.4648047876889,16.05263157894737,319,380,61,0,319,377,70963,0,0,0,0,3
2020-08-22,US,Massachusetts,Hampden,7521,734,0,42.13440424,-72.63235561,25013.0,1612.6611374610825,9.759340513229622,6787,7517,732,0,6785,7505,470406,4,2,0,2,12
2020-08-22,US,Massachusetts,Hampshire,1116,133,0,42.33997957,-72.65898478,25015.0,693.9003917179631,11.917562724014337,983,1116,133,0,983,1110,161355,0,0,0,0,6
2020-08-22,US,Massachusetts,Middlesex,24698,2043,0,42.48607732,-71.39049229,25017.0,1532.4201355215832,8.271924852214754,22655,24671,2038,0,22633,24596,1614714,27,5,0,22,75
2020-08-22,US,Massachusetts,Norfolk,9342,1004,0,42.16073095,-71.20530408,25021.0,1321.7785009373565,10.747163348319418,8338,9340,1004,0,8336,9311,705388,2,0,0,2,29
2020-08-22,US,Massachusetts,Plymouth,8915,736,0,41.94070556,-70.80802823,25023.0,1710.4692614379835,8.255748738081884,8179,8912,732,0,8180,8889,518132,3,4,0,-1,23
2020-08-22,US,Massachusetts,Suffolk,21588,1093,0,42.327951399999996,-71.07850442,25025.0,2685.385249786356,5.062997961830646,20495,21576,1092,0,20484,21459,807252,12,1,0,11,117
2020-08-22,US,Massachusetts,Unassigned,9809,5,0,0.0,0.0,90025.0,0.0,0.05097359567743909,9804,9754,5,0,9749,9684,,55,0,0,55,70
2020-08-22,US,Massachusetts,Worcester,13196,1036,0,42.35026951,-71.90493363,25027.0,1588.688958395034,7.850863898150956,12160,13182,1034,0,12148,13131,830839,14,2,0,12,51
2020-08-22,US,Michigan,Alcona,30,2,0,44.6846864,-83.59507875,26001.0,288.32292167227297,6.666666666666668,28,29,2,0,27,29,10362,1,0,0,1,0
2020-08-22,US,Michigan,Alger,18,0,0,46.41292944,-86.60260122,26003.0,197.6284584980237,0.0,18,18,0,0,18,18,9097,0,0,0,0,0
2020-08-22,US,Michigan,Allegan,583,6,0,42.59147037,-85.89102866,26005.0,493.72888102234907,1.0291595197255574,577,573,6,0,567,573,117327,10,0,0,10,0
2020-08-22,US,Michigan,Alpena,131,14,0,45.03477666,-83.62212411,26007.0,461.1864108431614,10.687022900763358,117,130,14,0,116,130,28360,1,0,0,1,0
2020-08-22,US,Michigan,Antrim,52,0,0,44.99690221,-85.15503082,26009.0,222.94632138569716,0.0,52,45,0,0,45,45,23365,7,0,0,7,0
2020-08-22,US,Michigan,Arenac,49,3,0,44.0636262,-83.89277559,26011.0,329.23469730565074,6.1224489795918355,46,49,3,0,46,49,15041,0,0,0,0,0
2020-08-22,US,Michigan,Baraga,8,0,0,46.6720582,-88.36363591,26013.0,97.45401388719698,0.0,8,8,0,0,8,8,8320,0,0,0,0,0
2020-08-22,US,Michigan,Barry,200,2,0,42.59513984,-85.30834519,26015.0,324.9390739236393,1.0,198,200,2,0,198,200,61157,0,0,0,0,0
2020-08-22,US,Michigan,Bay,764,39,0,43.70639106,-83.98731479,26017.0,740.8413009328392,5.104712041884817,725,749,36,0,713,749,103923,15,3,0,12,0
2020-08-22,US,Michigan,Benzie,39,1,0,44.63899297,-86.01608482,26019.0,219.52043228638973,2.5641025641025643,38,39,1,0,38,39,17753,0,0,0,0,0
2020-08-22,US,Michigan,Berrien,1517,69,0,41.95447397,-86.41313079999998,26021.0,988.9114151798227,4.548450889914305,1448,1493,69,0,1424,1493,154141,24,0,0,24,0
2020-08-22,US,Michigan,Branch,399,3,0,41.91600556,-85.05929476,26023.0,916.8830571960384,0.7518796992481203,396,395,3,0,392,395,43622,4,0,0,4,0
2020-08-22,US,Michigan,Calhoun,873,43,0,42.24633834,-85.00493569,26025.0,650.7204138373124,4.925544100801833,830,864,43,0,821,864,134487,9,0,0,9,0
2020-08-22,US,Michigan,Cass,381,15,0,41.91522292,-85.99405727,26027.0,735.7058721300713,3.9370078740157477,366,372,15,0,357,372,51653,9,0,0,9,0
2020-08-22,US,Michigan,Charlevoix,63,2,0,45.37790017,-85.19614053,26029.0,240.98228971426383,3.1746031746031744,61,58,2,0,56,58,26244,5,0,0,5,0
2020-08-22,US,Michigan,Cheboygan,63,2,0,45.44787015,-84.50122149,26031.0,249.24829878145283,3.1746031746031744,61,58,2,0,56,58,25413,5,0,0,5,0
2020-08-22,US,Michigan,Chippewa,48,0,0,46.29552653,-84.54353449,26033.0,128.51749712174356,0.0,48,47,0,0,47,47,37517,1,0,0,1,0
2020-08-22,US,Michigan,Clare,93,3,0,43.98794227,-84.84819859999998,26035.0,300.48465266558964,3.2258064516129035,90,90,3,0,87,90,30757,3,0,0,3,0
2020-08-22,US,Michigan,Clinton,447,13,0,42.94400871,-84.60145248,26037.0,561.5930648910106,2.9082774049217,434,442,13,0,429,442,79332,5,0,0,5,0
2020-08-22,US,Michigan,Crawford,112,5,0,44.68255561,-84.61006219,26039.0,798.3462827001213,4.464285714285714,107,111,5,0,106,111,13901,1,0,0,1,0
2020-08-22,US,Michigan,Delta,131,3,0,45.90484910000001,-86.9080745,26041.0,366.08540129666886,2.2900763358778624,128,121,3,0,118,121,35857,10,0,0,10,0
2020-08-22,US,Michigan,Dickinson,61,2,0,46.00999672,-87.86961634,26043.0,241.68944886881408,3.278688524590164,59,60,2,0,58,60,25383,1,0,0,1,0
2020-08-22,US,Michigan,Eaton,488,8,0,42.59599185,-84.83740035,26045.0,442.5581310987776,1.639344262295082,480,479,8,0,471,479,109826,9,0,0,9,0
2020-08-22,US,Michigan,Emmet,100,2,0,45.52625509,-84.89083249,26047.0,299.2667963489452,2.0,98,91,2,0,89,91,33308,9,0,0,9,0
2020-08-22,US,Michigan,Federal Correctional Institution (FCI),195,5,0,0.0,0.0,0.0,0.0,2.5641025641025643,190,195,5,0,190,195,,0,0,0,0,0
2020-08-22,US,Michigan,Genesee,3842,302,0,43.02244215,-83.70589709,26049.0,946.7414794498944,7.860489328474753,3540,3814,300,0,3514,3814,406892,28,2,0,26,0
2020-08-22,US,Michigan,Gladwin,73,2,0,43.98901072,-84.38774817,26051.0,286.8482062163543,2.7397260273972597,71,72,2,0,70,72,25337,1,0,0,1,0
2020-08-22,US,Michigan,Gogebic,141,1,0,46.40862701,-89.69377193,26053.0,1008.9445438282647,0.7092198581560284,140,137,1,0,136,137,15096,4,0,0,4,0
2020-08-22,US,Michigan,Grand Traverse,276,5,0,44.69565625,-85.55585247,26055.0,296.4936404262633,1.8115942028985508,271,255,5,0,250,255,92573,21,0,0,21,0
2020-08-22,US,Michigan,Gratiot,171,15,0,43.29265605,-84.60505416,26057.0,420.0338974724276,8.771929824561402,156,168,15,0,153,168,40599,3,0,0,3,0
2020-08-22,US,Michigan,Hillsdale,288,25,0,41.88753639,-84.59312019,26059.0,631.5097028834557,8.680555555555555,263,284,25,0,259,284,45749,4,0,0,4,0
2020-08-22,US,Michigan,Houghton,57,0,0,46.89988536,-88.68495385,26061.0,159.73545566640507,0.0,57,57,0,0,57,57,36219,0,0,0,0,0
2020-08-22,US,Michigan,Huron,189,4,0,43.83353985,-83.04078453,26063.0,610.0513217778638,2.1164021164021163,185,182,4,0,178,182,31166,7,0,0,7,0
2020-08-22,US,Michigan,Ingham,1679,36,0,42.59716886,-84.37472069,26065.0,574.2016237696901,2.144133412745682,1643,1661,36,0,1625,1661,292735,18,0,0,18,0
2020-08-22,US,Michigan,Ionia,281,7,0,42.94502238,-85.07413319,26067.0,434.33234925885284,2.491103202846975,274,281,7,0,274,281,64210,0,0,0,0,0
2020-08-22,US,Michigan,Iosco,140,12,0,44.35486835,-83.63484895,26069.0,557.1695785410117,8.571428571428571,128,138,12,0,126,138,25081,2,0,0,2,0
2020-08-22,US,Michigan,Iron,25,1,0,46.20974132,-88.53136251,26071.0,225.9172239291524,4.0,24,23,1,0,22,23,11117,2,0,0,2,0
2020-08-22,US,Michigan,Isabella,298,9,0,43.64060976,-84.84664923,26073.0,426.49416075108775,3.0201342281879198,289,246,9,0,237,246,70562,52,0,0,52,0
2020-08-22,US,Michigan,Jackson,769,36,0,42.24807035,-84.42258681,26075.0,485.1428931928585,4.681404421326398,733,751,36,0,715,751,158823,18,0,0,18,0
2020-08-22,US,Michigan,Kalamazoo,1809,86,0,42.24542231,-85.53038622,26077.0,682.4715353911856,4.7540077390823665,1723,1784,86,0,1698,1784,264870,25,0,0,25,0
2020-08-22,US,Michigan,Kalkaska,59,4,0,44.68512729,-85.09085699,26079.0,327.0872602284067,6.779661016949151,55,58,4,0,54,58,17824,1,0,0,1,0
2020-08-22,US,Michigan,Kent,7993,160,0,43.03197711,-85.54934642,26081.0,1216.673896994467,2.0017515325910167,7833,7899,159,0,7740,7899,653786,94,1,0,93,0
2020-08-22,US,Michigan,Keweenaw,2,0,0,47.63197653,-88.41434263,26083.0,94.5179584120983,0.0,2,2,0,0,2,2,2113,0,0,0,0,0
2020-08-22,US,Michigan,Lake,29,0,0,43.99050893,-85.802173,26085.0,244.6637981945499,0.0,29,29,0,0,29,29,11881,0,0,0,0,0
2020-08-22,US,Michigan,Lapeer,512,35,0,43.09052506,-83.22153148,26087.0,584.4281849623889,6.8359375,477,508,35,0,473,508,88028,4,0,0,4,0
2020-08-22,US,Michigan,Leelanau,83,0,0,44.94430054,-85.80150326,26089.0,381.41629520702173,0.0,83,80,0,0,80,80,21764,3,0,0,3,0
2020-08-22,US,Michigan,Lenawee,488,13,0,41.89475156,-84.06603727,26091.0,495.6780530416146,2.6639344262295084,475,487,13,0,474,487,98266,1,0,0,1,0
2020-08-22,US,Michigan,Livingston,997,29,0,42.60302282,-83.91297209,26093.0,519.2843563634469,2.908726178535607,968,967,29,0,938,967,191224,30,0,0,30,0
2020-08-22,US,Michigan,Luce,4,0,0,46.47227431,-85.54471223,26095.0,64.21576497030021,0.0,4,4,0,0,4,4,6283,0,0,0,0,0
2020-08-22,US,Michigan,Mackinac,31,0,0,46.07028979,-85.04980537,26097.0,287.06361700157424,0.0,31,29,0,0,29,29,10787,2,0,0,2,0
2020-08-22,US,Michigan,Macomb,11879,958,0,42.69158356,-82.92752801,26099.0,1359.1968621420365,8.064651906726155,10921,11674,958,0,10716,11674,874759,205,0,0,205,0
2020-08-22,US,Michigan,Manistee,45,1,0,44.33352407,-86.05626916,26101.0,183.23967749816762,2.2222222222222223,44,44,1,0,43,44,24528,1,0,0,1,0
2020-08-22,US,Michigan,Marquette,230,11,0,46.4338914,-87.64043701,26103.0,344.83275611328514,4.782608695652174,219,223,11,0,212,223,66516,7,0,0,7,0
2020-08-22,US,Michigan,Mason,109,0,0,43.99509218,-86.24988902,26105.0,374.0049409827065,0.0,109,107,0,0,107,107,29100,2,0,0,2,0
2020-08-22,US,Michigan,Mecosta,76,2,0,43.64064262,-85.32463223,26107.0,174.90161783996498,2.631578947368421,74,76,2,0,74,76,43545,0,0,0,0,0
2020-08-22,US,Michigan,Menominee,222,0,0,45.58038692,-87.55370409,26109.0,974.5390693590872,0.0,222,208,0,0,208,208,22983,14,0,0,14,0
2020-08-22,US,Michigan,Michigan Department of Corrections (MDOC),4906,69,0,0.0,0.0,0.0,0.0,1.4064410925397473,4837,4906,69,0,4837,4906,,0,0,0,0,0
2020-08-22,US,Michigan,Midland,380,10,0,43.64330771,-84.38804374,26111.0,456.97243734667364,2.631578947368421,370,369,10,0,359,369,83209,11,0,0,11,0
2020-08-22,US,Michigan,Missaukee,42,1,0,44.33772443,-85.09256478,26113.0,277.81452573091684,2.380952380952381,41,42,1,0,41,42,15113,0,0,0,0,0
2020-08-22,US,Michigan,Monroe,1170,26,0,41.92734151,-83.53749864,26115.0,777.4086378737543,2.2222222222222223,1144,1136,25,0,1111,1136,150439,34,1,0,33,0
2020-08-22,US,Michigan,Montcalm,210,3,0,43.31082541,-85.15252824,26117.0,328.7002253944403,1.4285714285714286,207,207,3,0,204,207,63968,3,0,0,3,0
2020-08-22,US,Michigan,Montmorency,12,0,0,45.0275929,-84.12696227,26119.0,128.6449399656947,0.0,12,11,0,0,11,11,9265,1,0,0,1,0
2020-08-22,US,Michigan,Muskegon,1269,63,0,43.29123859,-86.15176712,26121.0,731.1339778528052,4.964539007092198,1206,1261,63,0,1198,1261,173588,8,0,0,8,0
2020-08-22,US,Michigan,Newaygo,277,0,0,43.554373999999996,-85.80070107,26123.0,565.5369538587179,0.0,277,271,0,0,271,271,48892,6,0,0,6,0
2020-08-22,US,Michigan,Oakland,17106,1151,0,42.66090111,-83.38595416,26125.0,1360.227229354063,6.728633228107097,15955,16885,1146,0,15739,16885,1259201,221,5,0,216,0
2020-08-22,US,Michigan,Oceana,495,6,0,43.64124435,-86.26726673,26127.0,1870.2535232553744,1.2121212121212122,489,491,6,0,485,491,26625,4,0,0,4,0
2020-08-22,US,Michigan,Ogemaw,54,3,0,44.33481032,-84.12725175,26129.0,257.17959708529787,5.5555555555555545,51,54,3,0,51,54,20952,0,0,0,0,0
2020-08-22,US,Michigan,Ontonagon,32,0,0,46.665226200000006,-89.31390481,26131.0,559.4405594405595,0.0,32,29,0,0,29,29,5795,3,0,0,3,0
2020-08-22,US,Michigan,Osceola,73,0,0,43.98992088,-85.32566756,26133.0,311.1679454390452,0.0,73,72,0,0,72,72,23341,1,0,0,1,0
2020-08-22,US,Michigan,Oscoda,29,1,0,44.68192279,-84.12939244,26135.0,351.8990413784735,3.4482758620689653,28,29,1,0,28,29,8276,0,0,0,0,0
2020-08-22,US,Michigan,Otsego,137,11,0,45.02085831,-84.59898295,26137.0,555.3753851143182,8.02919708029197,126,136,11,0,125,136,24665,1,0,0,1,0
2020-08-22,US,Michigan,Ottawa,1977,63,0,42.95996803,-85.9969107,26139.0,677.4491998766405,3.1866464339908958,1914,1965,61,0,1904,1965,290494,12,2,0,10,0
2020-08-22,US,Michigan,Out of MI,93,0,0,0.0,0.0,80026.0,0.0,0.0,93,92,0,0,92,92,,1,0,0,1,0
2020-08-22,US,Michigan,Presque Isle,21,1,0,45.34018577,-83.91498656,26141.0,166.77255400254128,4.761904761904762,20,21,1,0,20,21,12738,0,0,0,0,0
2020-08-22,US,Michigan,Roscommon,64,3,0,44.33473082,-84.61067651,26143.0,266.4557225529789,4.6875,61,60,3,0,57,60,23884,4,0,0,4,0
2020-08-22,US,Michigan,Saginaw,2341,130,0,43.33433923,-84.05131209999998,26145.0,1228.6198626003074,5.553182400683467,2211,2264,129,0,2135,2264,190800,77,1,0,76,0
2020-08-22,US,Michigan,Sanilac,116,6,0,43.42406072,-82.82055898,26151.0,281.75856205975225,5.172413793103448,110,116,6,0,110,116,41182,0,0,0,0,0
2020-08-22,US,Michigan,Schoolcraft,15,0,0,46.19235734,-86.19972234,26153.0,185.32246108228318,0.0,15,14,0,0,14,14,8068,1,0,0,1,0
2020-08-22,US,Michigan,Shiawassee,378,29,0,42.95392800000001,-84.14585902,26155.0,554.886820704031,7.6719576719576725,349,367,29,0,338,367,68192,11,0,0,11,0
2020-08-22,US,Michigan,St. Clair,873,53,0,42.92655373,-82.67937954,26147.0,548.6149514855965,6.0710194730813285,820,861,53,0,808,861,159337,12,0,0,12,0
2020-08-22,US,Michigan,St. Joseph,657,11,0,41.91441767,-85.52797979,26149.0,1077.6851912604159,1.67427701674277,646,644,10,0,634,644,61043,13,1,0,12,0
2020-08-22,US,Michigan,Tuscola,415,29,0,43.46606813,-83.41897025,26157.0,794.3343860656523,6.987951807228916,386,394,29,0,365,394,52516,21,0,0,21,0
2020-08-22,US,Michigan,Unassigned,6,0,0,0.0,0.0,90026.0,0.0,0.0,6,6,0,0,6,6,,0,0,0,0,0
2020-08-22,US,Michigan,Van Buren,563,14,0,42.25190229,-86.01939087,26159.0,743.9512665671208,2.4866785079928952,549,531,14,0,517,531,75448,32,0,0,32,0
2020-08-22,US,Michigan,Washtenaw,2754,115,0,42.253105,-83.83853204,26161.0,749.1818575031081,4.175744371822804,2639,2722,115,0,2607,2722,370963,32,0,0,32,0
2020-08-22,US,Michigan,Wayne,29854,2857,0,42.28098405,-83.281255,26163.0,1706.583557369824,9.569906880150064,26997,29622,2852,0,26770,29622,1753893,232,5,0,227,0
2020-08-22,US,Michigan,Wexford,83,4,0,44.33853602,-85.57712739,26165.0,246.7961107311706,4.819277108433735,79,76,4,0,72,76,33466,7,0,0,7,0
2020-08-22,US,Minnesota,Aitkin,45,1,0,46.60962049,-93.41168259999999,27001.0,283.2682865416091,2.2222222222222223,44,44,1,0,43,44,15902,1,0,0,1,0
2020-08-22,US,Minnesota,Anoka,4279,116,0,45.27476015,-93.24604565,27003.0,1198.864734773241,2.710913764898341,4163,4229,116,0,4113,4177,353813,50,0,0,50,52
2020-08-22,US,Minnesota,Becker,175,1,0,46.93479392,-95.67158144,27005.0,508.3810243151381,0.5714285714285714,174,171,1,0,170,170,34371,4,0,0,4,1
2020-08-22,US,Minnesota,Beltrami,291,1,0,47.97373527,-94.93732139,27007.0,616.6822073408492,0.3436426116838488,290,287,1,0,286,286,46847,4,0,0,4,1
2020-08-22,US,Minnesota,Benton,350,3,0,45.69804958,-93.99514135,27009.0,855.9759348480031,0.8571428571428571,347,346,3,0,343,342,40545,4,0,0,4,4
2020-08-22,US,Minnesota,Big Stone,30,0,0,45.42712824,-96.41403739,27011.0,601.0819475055099,0.0,30,30,0,0,30,29,4989,0,0,0,0,1
2020-08-22,US,Minnesota,Blue Earth,1047,5,0,44.03554215,-94.06699781,27013.0,1547.603210500643,0.4775549188156638,1042,1034,5,0,1029,1018,67427,13,0,0,13,16
2020-08-22,US,Minnesota,Brown,106,2,0,44.24205652,-94.72562874,27015.0,423.8643634037108,1.8867924528301887,104,103,2,0,101,101,25111,3,0,0,3,2
2020-08-22,US,Minnesota,Carlton,166,1,0,46.59180601,-92.67601019,27017.0,462.7693680131583,0.6024096385542169,165,165,1,0,164,162,35837,1,0,0,1,3
2020-08-22,US,Minnesota,Carver,1014,4,0,44.82017001,-93.80099179999999,27019.0,964.8964211287577,0.3944773175542407,1010,999,4,0,995,991,103551,15,0,0,15,8
2020-08-22,US,Minnesota,Cass,89,3,0,46.95043611,-94.32603968,27021.0,298.86833003123013,3.3707865168539324,86,88,3,0,85,86,29519,1,0,0,1,2
2020-08-22,US,Minnesota,Chippewa,128,1,0,45.02343421,-95.56403693,27023.0,1084.7457627118642,0.78125,127,127,1,0,126,126,11924,1,0,0,1,1
2020-08-22,US,Minnesota,Chisago,256,1,0,45.5021011,-92.90861945,27025.0,452.4646953816787,0.390625,255,247,1,0,246,238,55922,9,0,0,9,9
2020-08-22,US,Minnesota,Clay,819,40,0,46.89289518,-96.48761922,27027.0,1275.2639282488867,4.8840048840048835,779,812,40,0,772,807,63955,7,0,0,7,5
2020-08-22,US,Minnesota,Clearwater,17,0,0,47.57992111,-95.37790562,27029.0,192.78748015423,0.0,17,15,0,0,15,15,8810,2,0,0,2,0
2020-08-22,US,Minnesota,Cook,6,0,0,47.90504893,-90.52629546,27031.0,109.82976386600771,0.0,6,6,0,0,6,6,5393,0,0,0,0,0
2020-08-22,US,Minnesota,Cottonwood,194,0,0,44.00715262,-95.18138802,27033.0,1732.7617006073597,0.0,194,194,0,0,194,193,11277,0,0,0,0,1
2020-08-22,US,Minnesota,Crow Wing,285,16,0,46.48096553,-94.06755609,27035.0,438.09084620705556,5.614035087719297,269,279,15,0,264,279,64889,6,1,0,5,0
2020-08-22,US,Minnesota,Dakota,5191,109,0,44.67172617,-93.06299363,27037.0,1209.9640810123515,2.0997880947794263,5082,5118,109,0,5009,5048,425423,73,0,0,73,70
2020-08-22,US,Minnesota,Dodge,145,0,0,44.02238415,-92.86244324,27039.0,692.6531002197383,0.0,145,144,0,0,144,143,20822,1,0,0,1,1
2020-08-22,US,Minnesota,Douglas,146,1,0,45.93348491,-95.45335469,27041.0,382.79017330431816,0.6849315068493149,145,149,1,0,148,146,37964,-3,0,0,-3,3
2020-08-22,US,Minnesota,Faribault,101,0,0,43.67381499,-93.94787458,27043.0,739.7641543983008,0.0,101,98,0,0,98,99,13758,3,0,0,3,-1
2020-08-22,US,Minnesota,Fillmore,78,0,0,43.67394126,-92.08980382,27045.0,370.2473062135092,0.0,78,78,0,0,78,78,21058,0,0,0,0,0
2020-08-22,US,Minnesota,Freeborn,386,1,0,43.67385583,-93.34884422,27047.0,1274.7267263300419,0.2590673575129533,385,383,1,0,382,377,30444,3,0,0,3,6
2020-08-22,US,Minnesota,Goodhue,238,9,0,44.40849741,-92.72341949999999,27049.0,513.595166163142,3.7815126050420167,229,233,9,0,224,232,46403,5,0,0,5,1
2020-08-22,US,Minnesota,Grant,55,4,0,45.93424769,-96.01139609,27051.0,920.9645010046886,7.272727272727272,51,55,4,0,51,55,6021,0,0,0,0,0
2020-08-22,US,Minnesota,Hennepin,21466,865,0,45.00761521,-93.47694895,27053.0,1695.786918282915,4.029628249324513,20601,21270,862,0,20408,21050,1259428,196,3,0,193,220
2020-08-22,US,Minnesota,Houston,65,0,0,43.67129565,-91.49143057,27055.0,349.46236559139777,0.0,65,65,0,0,65,63,18578,0,0,0,0,2
2020-08-22,US,Minnesota,Hubbard,41,0,0,47.10778564,-94.91693868,27057.0,190.77753478200177,0.0,41,40,0,0,40,39,21332,1,0,0,1,1
2020-08-22,US,Minnesota,Isanti,161,0,0,45.56181234,-93.29487636,27059.0,396.5907971228693,0.0,161,160,0,0,160,156,39966,1,0,0,1,4
2020-08-22,US,Minnesota,Itasca,161,12,0,47.51009045,-93.63092229,27061.0,356.74717482827384,7.453416149068322,149,155,12,0,143,153,45108,6,0,0,6,2
2020-08-22,US,Minnesota,Jackson,89,0,0,43.67423373,-95.15398258,27063.0,903.92037375584,0.0,89,88,0,0,88,87,9911,1,0,0,1,1
2020-08-22,US,Minnesota,Kanabec,52,4,0,45.9459309,-93.29275192,27065.0,318.29589275876845,7.6923076923076925,48,49,4,0,45,48,16207,3,0,0,3,1
2020-08-22,US,Minnesota,Kandiyohi,766,1,0,45.1526059,-95.00586446,27067.0,1773.1891941943106,0.13054830287206268,765,759,1,0,758,753,42855,7,0,0,7,6
2020-08-22,US,Minnesota,Kittson,3,0,0,48.77754106,-96.78317184,27069.0,69.79990693345742,0.0,3,3,0,0,3,3,4248,0,0,0,0,0
2020-08-22,US,Minnesota,Koochiching,85,3,0,48.24539665,-93.78352843,27071.0,695.0690980456293,3.5294117647058822,82,85,3,0,82,84,12440,0,0,0,0,1
2020-08-22,US,Minnesota,Lac qui Parle,11,0,0,44.9973857,-96.17488219,27073.0,166.08787558508232,0.0,11,11,0,0,11,10,6658,0,0,0,0,1
2020-08-22,US,Minnesota,Lake,27,0,0,47.64270764,-91.44557998,27075.0,253.73555117000282,0.0,27,25,0,0,25,25,10658,2,0,0,2,0
2020-08-22,US,Minnesota,Lake of the Woods,7,0,0,48.77217001,-94.90274472,27077.0,187.16577540106945,0.0,7,7,0,0,7,7,3758,0,0,0,0,0
2020-08-22,US,Minnesota,Le Sueur,311,2,0,44.37136597,-93.72844721,27079.0,1076.608855194378,0.6430868167202572,309,302,2,0,300,285,28494,9,0,0,9,17
2020-08-22,US,Minnesota,Lincoln,62,0,0,44.41311883,-96.26688165,27081.0,1099.4857244192233,0.0,62,62,0,0,62,62,5673,0,0,0,0,0
2020-08-22,US,Minnesota,Lyon,442,3,0,44.41327865,-95.83806103,27083.0,1735.1024574075527,0.6787330316742082,439,437,3,0,434,436,25629,5,0,0,5,1
2020-08-22,US,Minnesota,Mahnomen,32,1,0,47.32557075,-95.80921485,27087.0,578.975936312647,3.125,31,32,1,0,31,31,5519,0,0,0,0,1
2020-08-22,US,Minnesota,Marshall,31,0,0,48.35825983,-96.37017407,27089.0,332.0479862896315,0.0,31,30,0,0,30,30,9390,1,0,0,1,0
2020-08-22,US,Minnesota,Martin,217,6,0,43.67429718,-94.55099908,27091.0,1102.4742163288117,2.7649769585253456,211,216,6,0,210,214,19785,1,0,0,1,2
2020-08-22,US,Minnesota,McLeod,296,1,0,44.82367677,-94.27287017,27085.0,824.6733346334938,0.33783783783783783,295,293,1,0,292,282,35873,3,0,0,3,11
2020-08-22,US,Minnesota,Meeker,93,2,0,45.12328869,-94.52839455,27093.0,400.4823012660409,2.150537634408602,91,91,2,0,89,91,23141,2,0,0,2,0
2020-08-22,US,Minnesota,Mille Lacs,83,3,0,45.93705297,-93.63236823,27095.0,315.86558587357763,3.614457831325301,80,83,3,0,80,83,26139,0,0,0,0,0
2020-08-22,US,Minnesota,Morrison,107,1,0,46.01265363,-94.27341528,27097.0,320.49362008027316,0.9345794392523364,106,104,1,0,103,104,33169,3,0,0,3,0
2020-08-22,US,Minnesota,Mower,1148,3,0,43.67142874,-92.75234549,27099.0,2865.558384504019,0.2613240418118467,1145,1147,3,0,1144,1139,40011,1,0,0,1,8
2020-08-22,US,Minnesota,Murray,135,1,0,44.02216709,-95.76328482,27101.0,1647.546985599219,0.7407407407407407,134,133,1,0,132,132,8276,2,0,0,2,1
2020-08-22,US,Minnesota,Nicollet,404,14,0,44.35291112,-94.24710352,27103.0,1178.73606815662,3.4653465346534653,390,402,14,0,388,396,34220,2,0,0,2,6
2020-08-22,US,Minnesota,Nobles,1822,11,0,43.67434621,-95.75329576,27105.0,8423.875352535948,0.6037321624588364,1811,1812,11,0,1801,1807,21924,10,0,0,10,5
2020-08-22,US,Minnesota,Norman,45,0,0,47.32628443,-96.45620947,27107.0,705.8823529411765,0.0,45,43,0,0,43,43,6475,2,0,0,2,0
2020-08-22,US,Minnesota,Olmsted,1907,24,0,44.00374114,-92.40209944,27109.0,1204.727941222922,1.2585212375458836,1883,1890,24,0,1866,1877,156277,17,0,0,17,13
2020-08-22,US,Minnesota,Otter Tail,240,4,0,46.40846929,-95.70835255,27111.0,408.53845368195283,1.6666666666666667,236,233,4,0,229,229,58812,7,0,0,7,4
2020-08-22,US,Minnesota,Pennington,74,1,0,48.06642577,-96.0370814,27113.0,524.1164388412777,1.351351351351351,73,74,1,0,73,74,14178,0,0,0,0,0
2020-08-22,US,Minnesota,Pine,138,0,0,46.12105238,-92.74070188,27115.0,466.5472125494439,0.0,138,136,0,0,136,132,29483,2,0,0,2,4
2020-08-22,US,Minnesota,Pipestone,172,9,0,44.02301619,-96.25841142,27117.0,1884.7249616480387,5.232558139534883,163,170,9,0,161,166,9047,2,0,0,2,4
2020-08-22,US,Minnesota,Polk,178,4,0,47.77372465,-96.40134647,27119.0,567.5296518301237,2.247191011235955,174,172,4,0,168,171,31529,6,0,0,6,1
2020-08-22,US,Minnesota,Pope,56,0,0,45.58606667,-95.44451209,27121.0,497.82202862476646,0.0,56,55,0,0,55,55,11097,1,0,0,1,0
2020-08-22,US,Minnesota,Ramsey,8493,285,0,45.01625271,-93.09872295,27123.0,1543.2811032106713,3.355704697986577,8208,8412,282,0,8130,8312,550210,81,3,0,78,100
2020-08-22,US,Minnesota,Red Lake,28,0,0,47.87197525,-96.09561104,27125.0,690.5055487053021,0.0,28,27,0,0,27,27,3999,1,0,0,1,0
2020-08-22,US,Minnesota,Redwood,46,0,0,44.40555844,-95.25207021,27127.0,303.2300593276203,0.0,46,45,0,0,45,40,15249,1,0,0,1,5
2020-08-22,US,Minnesota,Renville,71,5,0,44.72836381,-94.94553734,27129.0,488.03959307121255,7.042253521126762,66,70,5,0,65,69,14612,1,0,0,1,1
2020-08-22,US,Minnesota,Rice,1116,8,0,44.3543376,-93.29658715,27131.0,1666.3680344024372,0.7168458781362007,1108,1110,8,0,1102,1096,66523,6,0,0,6,14
2020-08-22,US,Minnesota,Rock,96,0,0,43.67482683,-96.25296832,27133.0,1030.5958132045089,0.0,96,95,0,0,95,93,9414,1,0,0,1,2
2020-08-22,US,Minnesota,Roseau,63,0,0,48.77501878,-95.81079919,27135.0,415.43026706231456,0.0,63,58,0,0,58,58,15150,5,0,0,5,0
2020-08-22,US,Minnesota,Scott,1819,27,0,44.6490231,-93.53340251,27139.0,1220.6988651996805,1.4843320505772402,1792,1805,27,0,1778,1782,147381,14,0,0,14,23
2020-08-22,US,Minnesota,Sherburne,821,12,0,45.44447208,-93.77617511,27141.0,844.3201217630967,1.4616321559074301,809,809,11,0,798,801,96036,12,1,0,11,8
2020-08-22,US,Minnesota,Sibley,105,2,0,44.5796592,-94.23164924,27143.0,706.3572149344097,1.9047619047619049,103,101,2,0,99,99,15028,4,0,0,4,2
2020-08-22,US,Minnesota,St. Louis,741,21,0,47.604840700000004,-92.46879855,27137.0,372.2308735620636,2.8340080971659916,720,725,21,0,704,707,199754,16,0,0,16,18
2020-08-22,US,Minnesota,Stearns,3071,21,0,45.55192576,-94.61078221,27145.0,1906.5652646282788,0.6838163464669489,3050,3048,21,0,3027,3019,159256,23,0,0,23,29
2020-08-22,US,Minnesota,Steele,389,2,0,44.02240351,-93.22627088,27147.0,1061.420502605801,0.5141388174807198,387,384,2,0,382,378,36803,5,0,0,5,6
2020-08-22,US,Minnesota,Stevens,25,0,0,45.58613007,-96.00163705,27149.0,254.97195308516064,0.0,25,23,0,0,23,22,9753,2,0,0,2,1
2020-08-22,US,Minnesota,Swift,58,1,0,45.2829032,-95.68264092,27151.0,625.9443125404705,1.7241379310344829,57,58,1,0,57,58,9345,0,0,0,0,0
2020-08-22,US,Minnesota,Todd,441,2,0,46.06996226,-94.89785296,27153.0,1788.0311385014593,0.453514739229025,439,439,2,0,437,436,24582,2,0,0,2,3
2020-08-22,US,Minnesota,Traverse,21,0,0,45.77298854,-96.47062949,27155.0,644.3694384780607,0.0,21,21,0,0,21,19,3308,0,0,0,0,2
2020-08-22,US,Minnesota,Unassigned,120,46,0,0.0,0.0,90027.0,0.0,38.333333333333336,74,136,46,0,90,120,,-16,0,0,-16,16
2020-08-22,US,Minnesota,Wabasha,107,0,0,44.28424356,-92.23121312,27157.0,494.75193045729867,0.0,107,107,0,0,107,107,21645,0,0,0,0,0
2020-08-22,US,Minnesota,Wadena,38,0,0,46.58589171,-94.96968506,27159.0,277.73717292793447,0.0,38,34,0,0,34,31,13773,4,0,0,4,3
2020-08-22,US,Minnesota,Waseca,207,1,0,44.02211116,-93.58720034,27161.0,1112.1856866537717,0.4830917874396135,206,202,1,0,201,193,18691,5,0,0,5,9
2020-08-22,US,Minnesota,Washington,2568,51,0,45.03864533,-92.88429635,27163.0,978.509373571102,1.985981308411215,2517,2521,51,0,2470,2478,259201,47,0,0,47,43
2020-08-22,US,Minnesota,Watonwan,400,3,0,43.97823903,-94.61413846,27165.0,3670.7350646967047,0.75,397,396,3,0,393,395,10980,4,0,0,4,1
2020-08-22,US,Minnesota,Wilkin,43,3,0,46.35721532,-96.4684375,27167.0,692.7662316739163,6.9767441860465125,40,43,3,0,40,41,6254,0,0,0,0,2
2020-08-22,US,Minnesota,Winona,296,17,0,43.98772283,-91.78081305,27169.0,586.3243800015848,5.743243243243242,279,294,17,0,277,286,50825,2,0,0,2,8
2020-08-22,US,Minnesota,Wright,1060,6,0,45.17297924,-93.96234781,27171.0,766.0232553097696,0.5660377358490566,1054,1043,6,0,1037,1019,136349,17,0,0,17,24
2020-08-22,US,Minnesota,Yellow Medicine,60,0,0,44.71710183,-95.86842453,27173.0,617.9833144505099,0.0,60,59,0,0,59,57,9795,1,0,0,1,2
2020-08-22,US,Mississippi,Adams,706,28,0,31.47669768,-91.35326037,28001.0,2300.198742384257,3.966005665722379,678,699,28,0,671,693,31192,7,0,0,7,6
2020-08-22,US,Mississippi,Alcorn,506,6,0,34.88084463,-88.57996173,28003.0,1369.306957486537,1.1857707509881423,500,498,6,0,492,488,36925,8,0,0,8,10
2020-08-22,US,Mississippi,Amite,259,6,0,31.17467303,-90.80501621,28005.0,2106.204765389933,2.3166023166023164,253,259,6,0,253,257,12326,0,0,0,0,2
2020-08-22,US,Mississippi,Attala,570,25,0,33.08658803,-89.57838564,28007.0,3136.3486299108613,4.385964912280701,545,568,25,0,543,563,18365,2,0,0,2,5
2020-08-22,US,Mississippi,Benton,184,1,0,34.81681228,-89.18945516,28009.0,2227.8726238043346,0.5434782608695652,183,183,1,0,182,181,8271,1,0,0,1,2
2020-08-22,US,Mississippi,Bolivar,1333,42,0,33.79696941,-90.87372121,28011.0,4352.226720647774,3.1507876969242314,1291,1310,42,0,1268,1289,31333,23,0,0,23,21
2020-08-22,US,Mississippi,Calhoun,447,9,0,33.93683395,-89.33686647,28013.0,3112.596615834552,2.0134228187919465,438,445,9,0,436,442,14436,2,0,0,2,3
2020-08-22,US,Mississippi,Carroll,283,11,0,33.44834567,-89.91994479,28015.0,2845.078918266814,3.886925795053004,272,279,11,0,268,279,9911,4,0,0,4,0
2020-08-22,US,Mississippi,Chickasaw,547,20,0,33.91983202,-88.9481545,28017.0,3198.2693094778692,3.6563071297989036,527,540,20,0,520,535,17171,7,0,0,7,5
2020-08-22,US,Mississippi,Choctaw,149,4,0,33.34598242,-89.24809382,28019.0,1814.859926918392,2.684563758389262,145,147,4,0,143,147,8278,2,0,0,2,0
2020-08-22,US,Mississippi,Claiborne,421,15,0,31.97061673,-90.90702196,28021.0,4684.023141967067,3.5629453681710213,406,420,15,0,405,418,9002,1,0,0,1,2
2020-08-22,US,Mississippi,Clarke,410,28,0,32.04158545,-88.68896219999998,28023.0,2638.182871115115,6.829268292682928,382,403,28,0,375,395,15604,7,0,0,7,8
2020-08-22,US,Mississippi,Clay,445,14,0,33.65358105,-88.77784255,28025.0,2303.789604472976,3.1460674157303368,431,442,14,0,428,435,19386,3,0,0,3,7
2020-08-22,US,Mississippi,Coahoma,899,14,0,34.22772299,-90.60415045,28027.0,4063.460495389623,1.5572858731924362,885,895,14,0,881,890,22628,4,0,0,4,5
2020-08-22,US,Mississippi,Copiah,1012,30,0,31.86977774,-90.44565118,28029.0,3605.9148405487263,2.9644268774703564,982,1006,30,0,976,1002,28543,6,0,0,6,4
2020-08-22,US,Mississippi,Covington,693,17,0,31.63225413,-89.55389939,28031.0,3718.6091435930457,2.453102453102453,676,682,17,0,665,680,18853,11,0,0,11,2
2020-08-22,US,Mississippi,DeSoto,4238,38,0,34.87625235,-89.99091418,28033.0,2291.492065208576,0.8966493629070316,4200,4185,37,0,4148,4143,182001,53,1,0,52,42
2020-08-22,US,Mississippi,Forrest,2002,60,0,31.18961454,-89.25832496,28035.0,2673.004259182611,2.9970029970029968,1942,1976,59,0,1917,1964,75036,26,1,0,25,12
2020-08-22,US,Mississippi,Franklin,164,3,0,31.47786634,-90.89672989,28037.0,2126.280305976922,1.8292682926829267,161,164,3,0,161,159,7788,0,0,0,0,5
2020-08-22,US,Mississippi,George,667,12,0,30.86259065,-88.64436789,28039.0,2722.4489795918366,1.7991004497751124,655,666,11,0,655,654,24250,1,1,0,0,12
2020-08-22,US,Mississippi,Greene,282,14,0,31.21444233,-88.63922281,28041.0,2075.666126895333,4.964539007092198,268,282,14,0,268,276,13586,0,0,0,0,6
2020-08-22,US,Mississippi,Grenada,899,28,0,33.77036166,-89.80245083,28043.0,4330.860391174488,3.1145717463848723,871,892,28,0,864,888,21055,7,0,0,7,4
2020-08-22,US,Mississippi,Hancock,450,18,0,30.41830223,-89.48851033,28045.0,944.7430298958684,4.0,432,448,18,0,430,442,47334,2,0,0,2,6
2020-08-22,US,Mississippi,Harrison,3012,45,0,30.51359752,-89.12467576,28047.0,1447.5201845444062,1.49402390438247,2967,2984,43,0,2941,2927,206650,28,2,0,26,57
2020-08-22,US,Mississippi,Hinds,6222,132,0,32.2656285,-90.44435448,28049.0,2683.7474120082816,2.1215043394406945,6090,6150,132,0,6018,6098,237085,72,0,0,72,52
2020-08-22,US,Mississippi,Holmes,1003,50,0,33.12345854,-90.08923538,28051.0,5896.531452087008,4.985044865403789,953,995,50,0,945,983,17622,8,0,0,8,12
2020-08-22,US,Mississippi,Humphreys,326,12,0,33.12825718,-90.52252707,28053.0,4042.658730158729,3.6809815950920246,314,321,12,0,309,319,8257,5,0,0,5,2
2020-08-22,US,Mississippi,Issaquena,93,2,0,32.72531359,-90.97392828,28055.0,7008.289374529012,2.150537634408602,91,87,2,0,85,45,1308,6,0,0,6,42
2020-08-22,US,Mississippi,Itawamba,477,14,0,34.27993475,-88.3606733,28057.0,2039.3330483112438,2.9350104821802936,463,469,13,0,456,465,23517,8,1,0,7,4
2020-08-22,US,Mississippi,Jackson,2720,54,0,30.54020656,-88.64184064,28059.0,1893.9262065075861,1.9852941176470589,2666,2696,53,0,2643,2650,143277,24,1,0,23,46
2020-08-22,US,Mississippi,Jasper,457,12,0,32.01922104,-89.11786866,28061.0,2789.4768967832506,2.62582056892779,445,454,12,0,442,448,16428,3,0,0,3,6
2020-08-22,US,Mississippi,Jefferson,210,8,0,31.73397872,-91.03764977,28063.0,3004.291845493562,3.809523809523809,202,209,8,0,201,208,7106,1,0,0,1,1
2020-08-22,US,Mississippi,Jefferson Davis,269,7,0,31.56884708,-89.82670990000004,28065.0,2417.3256649892164,2.6022304832713754,262,263,7,0,256,261,11234,6,0,0,6,2
2020-08-22,US,Mississippi,Jones,2057,69,0,31.62257767,-89.16896899999998,28067.0,3020.646715028341,3.3543996110841032,1988,2041,68,0,1973,2033,68461,16,1,0,15,8
2020-08-22,US,Mississippi,Kemper,257,14,0,32.75462946,-88.64105766,28069.0,2638.061999589407,5.447470817120624,243,255,14,0,241,255,10027,2,0,0,2,0
2020-08-22,US,Mississippi,Lafayette,1152,30,0,34.35687874,-89.48490961,28071.0,2132.5829800625706,2.6041666666666665,1122,1133,27,0,1106,1122,54793,19,3,0,16,11
2020-08-22,US,Mississippi,Lamar,1358,24,0,31.20572971,-89.5077704,28073.0,2143.883302022323,1.7673048600883652,1334,1330,24,0,1306,1317,62447,28,0,0,28,13
2020-08-22,US,Mississippi,Lauderdale,1615,102,0,32.40419769,-88.66229662,28075.0,2178.7521079258013,6.315789473684211,1513,1588,101,0,1487,1578,75317,27,1,0,26,10
2020-08-22,US,Mississippi,Lawrence,373,9,0,31.55147224,-90.10841127,28077.0,2963.6103607182586,2.412868632707774,364,372,9,0,363,369,12455,1,0,0,1,3
2020-08-22,US,Mississippi,Leake,836,27,0,32.7536828,-89.52402044,28079.0,3668.919511981041,3.229665071770335,809,834,27,0,807,828,22763,2,0,0,2,6
2020-08-22,US,Mississippi,Lee,1958,47,0,34.291877500000005,-88.68149954,28081.0,2291.773959455031,2.400408580183861,1911,1916,46,0,1870,1885,85202,42,1,0,41,31
2020-08-22,US,Mississippi,Leflore,1186,70,0,33.55545125,-90.29900733,28083.0,4208.210623425469,5.902192242833053,1116,1172,70,0,1102,1163,28919,14,0,0,14,9
2020-08-22,US,Mississippi,Lincoln,917,46,0,31.53288662,-90.45391915,28085.0,2684.976429596229,5.0163576881134135,871,913,46,0,867,903,34205,4,0,0,4,10
2020-08-22,US,Mississippi,Lowndes,1208,47,0,33.47386518,-88.44191529999998,28087.0,2061.609352333817,3.890728476821192,1161,1200,47,0,1153,1175,58930,8,0,0,8,25
2020-08-22,US,Mississippi,Madison,2774,79,0,32.63389156,-90.03513564,28089.0,2610.283047274917,2.8478731074260994,2695,2693,79,0,2614,2668,105630,81,0,0,81,25
2020-08-22,US,Mississippi,Marion,750,24,0,31.23132643,-89.8209217,28091.0,3052.130387010133,3.2,726,739,24,0,715,725,24715,11,0,0,11,14
2020-08-22,US,Mississippi,Marshall,876,11,0,34.76216286,-89.50299462,28093.0,2482.008273360911,1.2557077625570776,865,873,11,0,862,859,35451,3,0,0,3,14
2020-08-22,US,Mississippi,Monroe,965,56,0,33.89236763,-88.4808438,28095.0,2737.4333371156245,5.8031088082901565,909,950,56,0,894,938,35564,15,0,0,15,12
2020-08-22,US,Mississippi,Montgomery,390,12,0,33.49419589,-89.61729103,28097.0,3989.769820971867,3.0769230769230766,378,383,11,0,372,381,10023,7,1,0,6,2
2020-08-22,US,Mississippi,Neshoba,1370,97,0,32.75339664,-89.11726492,28099.0,4704.993474826568,7.08029197080292,1273,1367,97,0,1270,1364,29125,3,0,0,3,3
2020-08-22,US,Mississippi,Newton,620,13,0,32.40021118,-89.11843336,28101.0,2949.8525073746314,2.096774193548387,607,616,13,0,603,614,21443,4,0,0,4,2
2020-08-22,US,Mississippi,Noxubee,504,13,0,33.11009499,-88.56949061,28103.0,4838.2451761543625,2.5793650793650795,491,502,13,0,489,499,10535,2,0,0,2,3
2020-08-22,US,Mississippi,Oktibbeha,1272,46,0,33.42491685,-88.87905132,28105.0,2565.1884566519448,3.6163522012578615,1226,1256,45,0,1211,1237,49599,16,1,0,15,19
2020-08-22,US,Mississippi,Panola,1229,20,0,34.36398677,-89.95064249,28107.0,3594.408048666355,1.6273393002441008,1209,1200,20,0,1180,1184,34178,29,0,0,29,16
2020-08-22,US,Mississippi,Pearl River,672,45,0,30.77090935,-89.58677275,28109.0,1210.0477176555326,6.696428571428571,627,660,45,0,615,643,55387,12,0,0,12,17
2020-08-22,US,Mississippi,Perry,281,9,0,31.17161885,-88.99281835,28111.0,2346.9472980873634,3.2028469750889683,272,277,9,0,268,274,11931,4,0,0,4,3
2020-08-22,US,Mississippi,Pike,1069,39,0,31.17507789,-90.40392572,28113.0,2720.9326002850744,3.648269410664172,1030,1062,39,0,1023,1052,39563,7,0,0,7,10
2020-08-22,US,Mississippi,Pontotoc,967,9,0,34.226046000000004,-89.03636807,28115.0,3005.532417479953,0.9307135470527405,958,955,9,0,946,927,31833,12,0,0,12,28
2020-08-22,US,Mississippi,Prentiss,558,12,0,34.61810501,-88.51986294,28117.0,2220.807132054445,2.150537634408602,546,545,12,0,533,537,25315,13,0,0,13,8
2020-08-22,US,Mississippi,Quitman,297,2,0,34.25157572,-90.28908,28119.0,4372.791519434629,0.6734006734006734,295,287,2,0,285,284,7051,10,0,0,10,3
2020-08-22,US,Mississippi,Rankin,2635,47,0,32.26469147,-89.94537876,28121.0,1697.0329295232211,1.7836812144212524,2588,2556,45,0,2511,2529,153902,79,2,0,77,27
2020-08-22,US,Mississippi,Scott,1072,21,0,32.406704100000006,-89.53789439,28123.0,3811.6910823495946,1.958955223880597,1051,1065,21,0,1044,1057,28287,7,0,0,7,8
2020-08-22,US,Mississippi,Sharkey,233,7,0,32.88149103,-90.81595379999999,28125.0,5392.270307799121,3.004291845493562,226,230,7,0,223,226,4377,3,0,0,3,4
2020-08-22,US,Mississippi,Simpson,893,38,0,31.91282117,-89.91716179,28127.0,3349.8386975767125,4.25531914893617,855,876,38,0,838,873,26758,17,0,0,17,3
2020-08-22,US,Mississippi,Smith,451,13,0,32.01744532,-89.50644846,28129.0,2833.6265393314893,2.882483370288248,438,441,13,0,428,439,16002,10,0,0,10,2
2020-08-22,US,Mississippi,Stone,280,9,0,30.79187949,-89.11547539,28131.0,1527.0506108202444,3.2142857142857144,271,278,9,0,269,269,18717,2,0,0,2,9
2020-08-22,US,Mississippi,Sunflower,1182,33,0,33.60192578,-90.58882684,28133.0,4707.287933094385,2.7918781725888326,1149,1177,32,0,1145,1165,25735,5,1,0,4,12
2020-08-22,US,Mississippi,Tallahatchie,599,11,0,33.95339918,-90.1729398,28135.0,4337.750742269534,1.8363939899833053,588,595,11,0,584,593,13987,4,0,0,4,2
2020-08-22,US,Mississippi,Tate,826,31,0,34.65133709,-89.94485778,28137.0,2916.5636806609937,3.753026634382567,795,815,31,0,784,801,28759,11,0,0,11,14
2020-08-22,US,Mississippi,Tippah,489,15,0,34.76872156,-88.90988194,28139.0,2221.212809448104,3.0674846625766867,474,478,15,0,463,465,21995,11,0,0,11,13
2020-08-22,US,Mississippi,Tishomingo,504,18,0,34.74023475,-88.23917219,28141.0,2600.216684723727,3.571428571428572,486,503,16,0,487,495,19454,1,2,0,-1,8
2020-08-22,US,Mississippi,Tunica,421,9,0,34.64967704,-90.37481167,28143.0,4370.847176079734,2.1377672209026133,412,417,9,0,408,411,9944,4,0,0,4,6
2020-08-22,US,Mississippi,Union,821,20,0,34.49162015,-89.00776006,28145.0,2849.2104806524376,2.4360535931790497,801,813,19,0,794,802,28606,8,1,0,7,11
2020-08-22,US,Mississippi,Walthall,544,23,0,31.14971548,-90.10446654,28147.0,3807.9238415231694,4.227941176470588,521,541,23,0,518,539,14465,3,0,0,3,2
2020-08-22,US,Mississippi,Warren,1242,41,0,32.35810271,-90.83352619,28149.0,2736.8281880081972,3.3011272141706924,1201,1236,39,0,1197,1220,46176,6,2,0,4,16
2020-08-22,US,Mississippi,Washington,1899,56,0,33.28392041,-90.94196237,28151.0,4324.853674645288,2.9489204844655084,1843,1884,56,0,1828,1868,45063,15,0,0,15,16
2020-08-22,US,Mississippi,Wayne,830,21,0,31.64135687,-88.69573913,28153.0,4112.371798047862,2.5301204819277108,809,825,21,0,804,819,20298,5,0,0,5,6
2020-08-22,US,Mississippi,Webster,280,13,0,33.61300486,-89.28392912,28155.0,2889.8751161110536,4.642857142857143,267,279,13,0,266,278,9788,1,0,0,1,1
2020-08-22,US,Mississippi,Wilkinson,253,14,0,31.16078225,-91.31018819,28157.0,2931.6338354577056,5.533596837944664,239,247,14,0,233,244,8792,6,0,0,6,3
2020-08-22,US,Mississippi,Winston,678,18,0,33.08747908,-89.03391385,28159.0,3776.106934001671,2.6548672566371683,660,674,18,0,656,667,18165,4,0,0,4,7
2020-08-22,US,Mississippi,Yalobusha,344,10,0,34.02824175,-89.70762049999998,28161.0,2841.0967955071033,2.9069767441860463,334,342,10,0,332,339,12392,2,0,0,2,3
2020-08-22,US,Mississippi,Yazoo,926,18,0,32.77890365,-90.39656148,28163.0,3118.8952509262376,1.9438444924406049,908,915,18,0,897,912,28248,11,0,0,11,3
2020-08-22,US,Missouri,Adair,204,0,0,40.19058551,-92.60078167,29001.0,804.9560036301938,0.0,204,199,0,0,199,197,25339,5,0,0,5,2
2020-08-22,US,Missouri,Andrew,107,1,0,39.98492163,-94.80163024,29003.0,604.1102077687443,0.9345794392523364,106,104,1,0,103,103,17607,3,0,0,3,1
2020-08-22,US,Missouri,Atchison,22,0,0,40.43238737,-95.42970639,29005.0,427.7658953917947,0.0,22,21,0,0,21,21,5171,1,0,0,1,0
2020-08-22,US,Missouri,Audrain,238,1,0,39.215877,-91.84242683,29007.0,937.4507641405388,0.4201680672268908,237,235,1,0,234,235,25473,3,0,0,3,0
2020-08-22,US,Missouri,Barry,322,4,0,36.70978521,-93.82919888,29009.0,899.7177903825196,1.2422360248447204,318,318,4,0,314,313,35886,4,0,0,4,5
2020-08-22,US,Missouri,Barton,78,0,0,37.50207671,-94.34757022,29011.0,663.6038795303726,0.0,78,76,0,0,76,75,11798,2,0,0,2,1
2020-08-22,US,Missouri,Bates,60,1,0,38.25271289,-94.34113157,29013.0,371.01162503091757,1.6666666666666667,59,57,1,0,56,56,16320,3,0,0,3,1
2020-08-22,US,Missouri,Benton,141,1,0,38.29503305,-93.28756116,29015.0,725.1967288998611,0.7092198581560284,140,136,1,0,135,130,19278,5,0,0,5,6
2020-08-22,US,Missouri,Bollinger,94,1,0,37.32449052,-90.02725304,29017.0,774.7465589714003,1.0638297872340423,93,93,1,0,92,87,12169,1,0,0,1,6
2020-08-22,US,Missouri,Boone,1890,5,0,38.99186229,-92.30723575,29019.0,1047.306095986435,0.2645502645502645,1885,1816,5,0,1811,1762,180005,74,0,0,74,54
2020-08-22,US,Missouri,Buchanan,1175,10,0,39.65816401,-94.80138942,29021.0,1344.9475756604554,0.851063829787234,1165,1170,10,0,1160,1163,88571,5,0,0,5,7
2020-08-22,US,Missouri,Butler,345,2,0,36.71462476,-90.40421163,29023.0,812.1851311267009,0.5797101449275363,343,337,2,0,335,327,42639,8,0,0,8,10
2020-08-22,US,Missouri,Caldwell,39,1,0,39.65620858,-93.98308093,29025.0,432.37250554323725,2.5641025641025643,38,38,1,0,37,37,9108,1,0,0,1,1
2020-08-22,US,Missouri,Callaway,244,2,0,38.83674754,-91.92186505,29027.0,545.3367007129607,0.819672131147541,242,235,2,0,233,223,44889,9,0,0,9,12
2020-08-22,US,Missouri,Camden,446,8,0,38.02199522,-92.76083747,29029.0,963.1789223625958,1.7937219730941705,438,440,8,0,432,434,45815,6,0,0,6,6
2020-08-22,US,Missouri,Cape Girardeau,847,6,0,37.38489388,-89.6843587,29031.0,1073.9054912451982,0.7083825265643447,841,836,6,0,830,810,78753,11,0,0,11,26
2020-08-22,US,Missouri,Carroll,107,0,0,39.42762566,-93.50626255,29033.0,1232.8609286784192,0.0,107,107,0,0,107,105,8743,0,0,0,0,2
2020-08-22,US,Missouri,Carter,26,1,0,36.94160441,-90.96051322,29035.0,434.63724506853896,3.8461538461538463,25,24,1,0,23,24,6054,2,0,0,2,0
2020-08-22,US,Missouri,Cass,948,9,0,38.64789422,-94.353399,29037.0,896.1996596710153,0.9493670886075948,939,925,9,0,916,912,104954,23,0,0,23,13
2020-08-22,US,Missouri,Cedar,45,0,0,37.72391475,-93.85445441,29039.0,313.6107045787163,0.0,45,45,0,0,45,45,14165,0,0,0,0,0
2020-08-22,US,Missouri,Chariton,22,0,0,39.51499357,-92.9629191,29041.0,296.25639644492327,0.0,22,22,0,0,22,22,7451,0,0,0,0,0
2020-08-22,US,Missouri,Christian,515,1,0,36.9711783,-93.18537118,29043.0,581.2969129183363,0.1941747572815534,514,503,1,0,502,498,86983,12,0,0,12,5
2020-08-22,US,Missouri,Clark,33,0,0,40.41040752,-91.73661677,29045.0,485.5083124908048,0.0,33,31,0,0,31,30,6842,2,0,0,2,1
2020-08-22,US,Missouri,Clay,1245,30,0,39.31132056,-94.41850862,29047.0,498.10360554995435,2.409638554216868,1215,1210,30,0,1180,1194,246365,35,0,0,35,16
2020-08-22,US,Missouri,Clinton,113,0,0,39.6013098,-94.40465394,29049.0,554.2747829499191,0.0,113,112,0,0,112,111,20470,1,0,0,1,1
2020-08-22,US,Missouri,Cole,702,3,0,38.50455671,-92.27860244,29051.0,914.7175711772754,0.4273504273504273,699,690,3,0,687,653,76796,12,0,0,12,37
2020-08-22,US,Missouri,Cooper,184,0,0,38.844478,-92.80896081,29053.0,1039.0197074933646,0.0,184,183,0,0,183,174,17603,1,0,0,1,9
2020-08-22,US,Missouri,Crawford,137,1,0,37.97663738,-91.30528104,29055.0,572.742474916388,0.7299270072992701,136,132,0,0,132,126,23957,5,1,0,4,6
2020-08-22,US,Missouri,Dade,21,0,0,37.431814,-93.8503345,29057.0,277.74103954503374,0.0,21,21,0,0,21,19,7569,0,0,0,0,2
2020-08-22,US,Missouri,Dallas,88,1,0,37.681135499999996,-93.02127031,29059.0,521.388790141012,1.1363636363636365,87,86,1,0,85,85,16762,2,0,0,2,1
2020-08-22,US,Missouri,Daviess,19,0,0,39.96145298,-93.98519678,29061.0,229.52403962309742,0.0,19,20,0,0,20,20,8313,-1,0,0,-1,0
2020-08-22,US,Missouri,DeKalb,50,1,0,39.89201062,-94.40476508,29063.0,398.50163385669885,2.0,49,50,1,0,49,48,12630,0,0,0,0,2
2020-08-22,US,Missouri,Dent,30,0,0,37.60663134,-91.50790473,29065.0,192.64110961279133,0.0,30,30,0,0,30,26,15441,0,0,0,0,4
2020-08-22,US,Missouri,Douglas,97,2,0,36.9325593,-92.49905109,29067.0,735.6844899507014,2.061855670103093,95,97,2,0,95,97,13373,0,0,0,0,0
2020-08-22,US,Missouri,Dunklin,443,4,0,36.27167174,-90.09122243,29069.0,1520.7167622120764,0.9029345372460496,439,440,4,0,436,430,29423,3,0,0,3,10
2020-08-22,US,Missouri,Franklin,844,19,0,38.41127108,-91.07522826,29071.0,811.796050669924,2.2511848341232232,825,818,19,0,799,806,103670,26,0,0,26,12
2020-08-22,US,Missouri,Gasconade,46,0,0,38.43947277,-91.50847147,29073.0,312.7974976200191,0.0,46,42,0,0,42,39,14705,4,0,0,4,3
2020-08-22,US,Missouri,Gentry,87,9,0,40.21097916,-94.40944419,29075.0,1323.9993912646478,10.344827586206897,78,87,9,0,78,87,6628,0,0,0,0,0
2020-08-22,US,Missouri,Greene,2314,10,0,37.2575872,-93.34230916,29077.0,789.5293531591409,0.432152117545376,2304,2249,10,0,2239,2174,291923,65,0,0,65,75
2020-08-22,US,Missouri,Grundy,32,1,0,40.11406587,-93.56509276,29079.0,324.8730964467005,3.125,31,31,1,0,30,31,9914,1,0,0,1,0
2020-08-22,US,Missouri,Harrison,62,1,0,40.35570088,-93.99222144,29081.0,742.337164750958,1.6129032258064515,61,62,1,0,61,62,8414,0,0,0,0,0
2020-08-22,US,Missouri,Henry,106,3,0,38.38482826,-93.79293734,29083.0,485.70381231671547,2.830188679245283,103,101,3,0,98,99,21792,5,0,0,5,2
2020-08-22,US,Missouri,Hickory,51,0,0,37.94163617,-93.3203037,29085.0,534.3671416596815,0.0,51,49,0,0,49,49,9509,2,0,0,2,0
2020-08-22,US,Missouri,Holt,54,0,0,40.09799248,-95.21638879999999,29087.0,1226.4365205541674,0.0,54,50,0,0,50,49,4404,4,0,0,4,1
2020-08-22,US,Missouri,Howard,82,0,0,39.1435761,-92.69756691,29089.0,819.9180081991801,0.0,82,79,0,0,79,77,10137,3,0,0,3,2
2020-08-22,US,Missouri,Howell,199,2,0,36.77383887,-91.88683935,29091.0,496.0490565097091,1.0050251256281406,197,196,2,0,194,186,40076,3,0,0,3,10
2020-08-22,US,Missouri,Iron,40,0,0,37.55487945,-90.7735296,29093.0,395.0617283950617,0.0,40,37,0,0,37,34,10177,3,0,0,3,3
2020-08-22,US,Missouri,Jackson,5005,71,0,39.01002188,-94.34724536,29095.0,711.9376510467122,1.4185814185814185,4934,4869,71,0,4798,4828,700307,136,0,0,136,41
2020-08-22,US,Missouri,Jasper,2089,35,0,37.20351921,-94.34050458,29097.0,1721.778979295793,1.6754427955959792,2054,2067,35,0,2032,2025,120636,22,0,0,22,42
2020-08-22,US,Missouri,Jefferson,2233,30,0,38.25926778,-90.53870896,29099.0,992.0872930189577,1.343484102104792,2203,2176,30,0,2146,2140,224347,57,0,0,57,36
2020-08-22,US,Missouri,Johnson,542,3,0,38.74719601,-93.80691168,29101.0,1002.5526247641596,0.5535055350553506,539,537,3,0,534,527,53652,5,0,0,5,10
2020-08-22,US,Missouri,Kansas City,8331,65,0,39.0997,-94.5786,0.0,1703.8795933268295,0.7802184611691274,8266,8213,66,0,8147,8073,491918,118,-1,0,119,140
2020-08-22,US,Missouri,Knox,38,0,0,40.12699751,-92.14780832,29103.0,959.8383430159132,0.0,38,36,0,0,36,36,3947,2,0,0,2,0
2020-08-22,US,Missouri,Laclede,262,1,0,37.65896829,-92.5888493,29105.0,733.4210452649553,0.3816793893129771,261,256,1,0,255,248,35713,6,0,0,6,8
2020-08-22,US,Missouri,Lafayette,208,2,0,39.06986886,-93.78076396,29107.0,635.9300476947536,0.9615384615384616,206,205,2,0,203,203,32598,3,0,0,3,2
2020-08-22,US,Missouri,Lawrence,301,2,0,37.10626634,-93.83293097,29109.0,784.7738234910703,0.6644518272425249,299,296,2,0,294,293,38359,5,0,0,5,3
2020-08-22,US,Missouri,Lewis,53,1,0,40.09673161,-91.72070156,29111.0,542.1440261865794,1.8867924528301887,52,53,1,0,52,52,9855,0,0,0,0,1
2020-08-22,US,Missouri,Lincoln,488,1,0,39.05345619,-90.95588181,29113.0,826.9364377340587,0.20491803278688525,487,474,1,0,473,468,57686,14,0,0,14,6
2020-08-22,US,Missouri,Linn,43,1,0,39.87001769,-93.10704106,29115.0,360.7382550335569,2.3255813953488373,42,41,1,0,40,41,12037,2,0,0,2,0
2020-08-22,US,Missouri,Livingston,67,1,0,39.78110272,-93.54645978,29117.0,440.00788073816256,1.492537313432836,66,67,1,0,66,68,15146,0,0,0,0,-1
2020-08-22,US,Missouri,Macon,71,0,0,39.83049768,-92.56453089,29121.0,469.6699080505391,0.0,71,71,0,0,71,70,15153,0,0,0,0,1
2020-08-22,US,Missouri,Madison,67,0,0,37.47865134,-90.34671429999999,29123.0,554.2686962276638,0.0,67,54,0,0,54,49,12188,13,0,0,13,5
2020-08-22,US,Missouri,Maries,34,0,0,38.16193985,-91.92249662,29125.0,390.9394043923192,0.0,34,33,0,0,33,33,8769,1,0,0,1,0
2020-08-22,US,Missouri,Marion,325,1,0,39.80601912,-91.62203062,29127.0,1139.1517700665966,0.3076923076923077,324,315,1,0,314,307,28592,10,0,0,10,8
2020-08-22,US,Missouri,McDonald,975,8,0,36.62869595,-94.34867205,29119.0,4269.387397644175,0.8205128205128205,967,973,8,0,965,971,23078,2,0,0,2,2
2020-08-22,US,Missouri,Mercer,15,0,0,40.42212303,-93.56829590000001,29129.0,414.7083218136577,0.0,15,15,0,0,15,15,3641,0,0,0,0,0
2020-08-22,US,Missouri,Miller,198,1,0,38.21450288,-92.42610898,29131.0,772.86389008158,0.5050505050505051,197,186,1,0,185,175,25336,12,0,0,12,11
2020-08-22,US,Missouri,Mississippi,212,0,0,36.82516239,-89.29505753,29133.0,1608.4977238239758,0.0,212,201,0,0,201,191,13336,11,0,0,11,10
2020-08-22,US,Missouri,Moniteau,174,2,0,38.63571781,-92.57976951,29135.0,1078.6015373171335,1.1494252873563218,172,173,2,0,171,172,16121,1,0,0,1,1
2020-08-22,US,Missouri,Monroe,51,0,0,39.49593978,-92.00043978,29137.0,590.0046274872744,0.0,51,45,0,0,45,40,8664,6,0,0,6,5
2020-08-22,US,Missouri,Montgomery,48,1,0,38.94022054,-91.47000721,29139.0,415.5484373647303,2.083333333333333,47,48,1,0,47,47,11534,0,0,0,0,1
2020-08-22,US,Missouri,Morgan,106,0,0,38.4181765,-92.88791859,29141.0,513.8895622242692,0.0,106,104,0,0,104,103,20358,2,0,0,2,1
2020-08-22,US,Missouri,New Madrid,336,3,0,36.59666326,-89.66070007,29143.0,1967.6739283204492,0.8928571428571429,333,334,3,0,331,322,17296,2,0,0,2,12
2020-08-22,US,Missouri,Newton,1010,11,0,36.90519407,-94.3394104,29145.0,1734.322412253589,1.0891089108910892,999,999,11,0,988,985,58266,11,0,0,11,14
2020-08-22,US,Missouri,Nodaway,261,1,0,40.36079813,-94.88133008,29147.0,1181.4231395980444,0.3831417624521073,260,249,0,0,249,247,22304,12,1,0,11,2
2020-08-22,US,Missouri,Oregon,28,0,0,36.68710164,-91.4033755,29149.0,265.9321872922405,0.0,28,27,0,0,27,25,10541,1,0,0,1,2
2020-08-22,US,Missouri,Osage,70,1,0,38.46036182,-91.8613635,29151.0,514.1388174807198,1.4285714285714286,69,68,1,0,67,66,13714,2,0,0,2,2
2020-08-22,US,Missouri,Ozark,18,0,0,36.64916339,-92.44459066,29153.0,196.20667102681492,0.0,18,18,0,0,18,17,9017,0,0,0,0,1
2020-08-22,US,Missouri,Pemiscot,294,9,0,36.2130572,-89.78742322,29155.0,1860.1708320151847,3.0612244897959178,285,283,9,0,274,281,16272,11,0,0,11,2
2020-08-22,US,Missouri,Perry,284,4,0,37.70660776,-89.82741088,29157.0,1484.1137123745816,1.4084507042253518,280,280,4,0,276,274,19150,4,0,0,4,6
2020-08-22,US,Missouri,Pettis,735,5,0,38.72798918,-93.28471706,29159.0,1735.988096081627,0.6802721088435374,730,721,5,0,716,701,42542,14,0,0,14,20
2020-08-22,US,Missouri,Phelps,145,0,0,37.87736118,-91.79351727,29161.0,325.3090435914118,0.0,145,137,0,0,137,132,44732,8,0,0,8,5
2020-08-22,US,Missouri,Pike,130,1,0,39.34310674,-91.16980779,29163.0,710.3048847120532,0.7692307692307693,129,131,1,0,130,133,18504,-1,0,0,-1,-2
2020-08-22,US,Missouri,Platte,441,10,0,39.38154439,-94.77068479,29165.0,422.3409756938459,2.2675736961451247,431,434,10,0,424,424,102985,7,0,0,7,10
2020-08-22,US,Missouri,Polk,259,0,0,37.616229600000004,-93.39828174,29167.0,805.6238141155246,0.0,259,255,0,0,255,252,32201,4,0,0,4,3
2020-08-22,US,Missouri,Pulaski,329,1,0,37.82462075,-92.20783203,29169.0,625.3920580911284,0.30395136778115506,328,324,1,0,323,304,52014,5,0,0,5,20
2020-08-22,US,Missouri,Putnam,18,1,0,40.47942497,-93.02042674,29171.0,383.3049403747871,5.5555555555555545,17,18,1,0,17,16,4757,0,0,0,0,2
2020-08-22,US,Missouri,Ralls,80,0,0,39.52817427,-91.51838643,29173.0,776.0209525657193,0.0,80,69,0,0,69,68,10212,11,0,0,11,1
2020-08-22,US,Missouri,Randolph,102,1,0,39.44007257,-92.49713740000001,29175.0,412.15451753677047,0.9803921568627452,101,97,1,0,96,94,24763,5,0,0,5,3
2020-08-22,US,Missouri,Ray,118,0,0,39.353746799999996,-93.98905745,29177.0,512.6422799548179,0.0,118,118,0,0,118,117,22883,0,0,0,0,1
2020-08-22,US,Missouri,Reynolds,18,0,0,37.36085952,-90.97009925,29179.0,287.08133971291863,0.0,18,18,0,0,18,17,6254,0,0,0,0,1
2020-08-22,US,Missouri,Ripley,79,0,0,36.65460667,-90.85990261,29181.0,594.521372667068,0.0,79,78,0,0,78,77,13401,1,0,0,1,1
2020-08-22,US,Missouri,Saline,517,7,0,39.13734288,-93.20259964,29195.0,2271.4291990685824,1.3539651837524178,510,503,7,0,496,502,22895,14,0,0,14,1
2020-08-22,US,Missouri,Schuyler,13,0,0,40.46921489,-92.52311943,29197.0,278.9699570815451,0.0,13,13,0,0,13,13,4599,0,0,0,0,0
2020-08-22,US,Missouri,Scotland,18,1,0,40.45214695,-92.14709064,29199.0,367.1970624235006,5.5555555555555545,17,20,1,0,19,20,4966,-2,0,0,-2,0
2020-08-22,US,Missouri,Scott,544,13,0,37.05588075,-89.56474493,29201.0,1421.1076280041798,2.389705882352941,531,535,13,0,522,519,38458,9,0,0,9,16
2020-08-22,US,Missouri,Shannon,46,1,0,37.15772072,-91.40190382,29203.0,563.3112907176096,2.1739130434782608,45,45,1,0,44,45,8189,1,0,0,1,0
2020-08-22,US,Missouri,Shelby,43,0,0,39.79742518,-92.07634971,29205.0,725.1264755480607,0.0,43,43,0,0,43,43,6050,0,0,0,0,0
2020-08-22,US,Missouri,St. Charles,5159,96,0,38.77875681,-90.66662425,29183.0,1283.2631050042035,1.8608257414227565,5063,5086,96,0,4990,5000,399182,73,0,0,73,86
2020-08-22,US,Missouri,St. Clair,25,0,0,38.03699437,-93.77631447,29185.0,266.0423539427477,0.0,25,26,0,0,26,25,9395,-1,0,0,-1,1
2020-08-22,US,Missouri,St. Francois,783,4,0,37.81214171,-90.47598685,29187.0,1164.918544967641,0.5108556832694764,779,726,4,0,722,674,66692,57,0,0,57,52
2020-08-22,US,Missouri,St. Louis,17721,713,0,38.63770039999999,-90.4458375,29189.0,1782.4291770811856,4.0234749731956425,17008,17517,710,0,16807,17294,996945,204,3,0,201,223
2020-08-22,US,Missouri,St. Louis City,5861,184,0,38.63555736,-90.24349225,29510.0,1949.9228148621314,3.139396007507252,5677,5816,182,0,5634,5773,302838,45,2,0,43,43
2020-08-22,US,Missouri,Ste. Genevieve,90,1,0,37.89090059,-90.1949941,29186.0,502.9618866659216,1.1111111111111112,89,82,1,0,81,79,17888,8,0,0,8,3
2020-08-22,US,Missouri,Stoddard,257,9,0,36.85571651,-89.9444155,29207.0,885.4435831180017,3.5019455252918283,248,254,9,0,245,250,29206,3,0,0,3,4
2020-08-22,US,Missouri,Stone,237,1,0,36.75000327,-93.45256475,29209.0,741.7376064096144,0.4219409282700422,236,230,1,0,229,223,31749,7,0,0,7,7
2020-08-22,US,Missouri,Sullivan,159,0,0,40.2099105,-93.11150106,29211.0,2611.2662177697493,0.0,159,156,0,0,156,155,6221,3,0,0,3,1
2020-08-22,US,Missouri,Taney,846,3,0,36.65465345,-93.04075153,29213.0,1512.6591331712204,0.3546099290780142,843,832,3,0,829,816,55852,14,0,0,14,16
2020-08-22,US,Missouri,Texas,78,1,0,37.31728859,-91.96564727,29215.0,307.11079612567914,1.2820512820512822,77,75,1,0,74,73,25571,3,0,0,3,2
2020-08-22,US,Missouri,Vernon,69,0,0,37.8457799,-94.34127305,29217.0,335.55415065895056,0.0,69,69,0,0,69,68,20528,0,0,0,0,1
2020-08-22,US,Missouri,Warren,287,0,0,38.76529479,-91.16124662,29219.0,805.0716710146147,0.0,287,280,0,0,280,276,34711,7,0,0,7,4
2020-08-22,US,Missouri,Washington,184,1,0,37.96130078,-90.87948158,29221.0,744.0355843105542,0.5434782608695652,183,181,1,0,180,169,24943,3,0,0,3,12
2020-08-22,US,Missouri,Wayne,71,0,0,37.11303869,-90.46001416,29223.0,551.5419871047931,0.0,71,71,0,0,71,71,13122,0,0,0,0,0
2020-08-22,US,Missouri,Webster,172,1,0,37.2813734,-92.876329,29225.0,434.4311982218631,0.5813953488372093,171,171,1,0,170,166,39109,1,0,0,1,5
2020-08-22,US,Missouri,Worth,10,0,0,40.47945588,-94.42328751,29227.0,496.77098857426734,0.0,10,10,0,0,10,10,2040,0,0,0,0,0
2020-08-22,US,Missouri,Wright,77,0,0,37.27029221,-92.46914488,29229.0,421.01809831045983,0.0,77,76,0,0,76,77,18378,1,0,0,1,-1
2020-08-22,US,Montana,Beaverhead,70,0,0,45.13434354,-112.89846940000001,30001.0,740.5056595789696,0.0,70,69,0,0,69,68,9404,1,0,0,1,1
2020-08-22,US,Montana,Big Horn,585,15,0,45.42335905,-107.492347,30003.0,4392.2216382611305,2.5641025641025643,570,573,16,0,557,558,13338,12,-1,0,13,15
2020-08-22,US,Montana,Blaine,15,0,0,48.43175214,-108.9582723,30005.0,224.51728783116297,0.0,15,15,0,0,15,15,6807,0,0,0,0,0
2020-08-22,US,Montana,Broadwater,14,0,0,46.33277565,-111.49558130000001,30007.0,224.46689113355785,0.0,14,14,0,0,14,14,6085,0,0,0,0,0
2020-08-22,US,Montana,Carbon,82,0,0,45.22850116,-109.0274047,30009.0,764.5687645687645,0.0,82,82,0,0,82,81,10714,0,0,0,0,1
2020-08-22,US,Montana,Cascade,196,5,0,47.30797024,-111.3467922,30013.0,240.88685691812302,2.5510204081632653,191,193,5,0,188,190,81643,3,0,0,3,3
2020-08-22,US,Montana,Chouteau,10,0,0,47.88084126,-110.4353362,30015.0,177.4622892635315,0.0,10,10,0,0,10,10,5745,0,0,0,0,0
2020-08-22,US,Montana,Custer,63,2,0,46.25319932,-105.57375259999998,30017.0,552.5346430450799,3.1746031746031744,61,63,2,0,61,62,11586,0,0,0,0,1
2020-08-22,US,Montana,Daniels,3,0,0,48.78420029,-105.54763429999998,30019.0,177.5147928994083,0.0,3,3,0,0,3,3,1747,0,0,0,0,0
2020-08-22,US,Montana,Dawson,31,0,0,47.26584855,-104.89444170000002,30021.0,359.921049576222,0.0,31,30,0,0,30,30,8680,1,0,0,1,0
2020-08-22,US,Montana,Deer Lodge,32,0,0,46.05953325,-113.073353,30023.0,350.109409190372,0.0,32,31,0,0,31,31,9131,1,0,0,1,0
2020-08-22,US,Montana,Fallon,2,0,0,46.33478338,-104.41835649999999,30025.0,70.27406886858749,0.0,2,2,0,0,2,2,2920,0,0,0,0,0
2020-08-22,US,Montana,Fergus,24,0,0,47.26331584,-109.2245206,30027.0,217.1945701357466,0.0,24,25,0,0,25,24,11113,-1,0,0,-1,1
2020-08-22,US,Montana,Flathead,469,3,0,48.29575866,-114.05205690000001,30029.0,451.8043273028534,0.6396588486140725,466,449,3,0,446,432,102106,20,0,0,20,17
2020-08-22,US,Montana,Gallatin,1011,3,0,45.54486106,-111.1692571,30031.0,883.4786864043903,0.2967359050445104,1008,1004,3,0,1001,1003,111876,7,0,0,7,1
2020-08-22,US,Montana,Garfield,12,0,0,47.27545948,-107.0002351,30033.0,953.8950715421304,0.0,12,12,0,0,12,12,1268,0,0,0,0,0
2020-08-22,US,Montana,Glacier,105,1,0,48.70513576,-112.9934235,30035.0,763.4697884098015,0.9523809523809524,104,99,1,0,98,92,13747,6,0,0,6,7
2020-08-22,US,Montana,Golden Valley,3,0,0,46.3816474,-109.17685220000001,30037.0,365.4080389768576,0.0,3,3,0,0,3,3,826,0,0,0,0,0
2020-08-22,US,Montana,Granite,18,0,0,46.40605220000001,-113.4414186,30039.0,532.7019828351583,0.0,18,18,0,0,18,18,3378,0,0,0,0,0
2020-08-22,US,Montana,Hill,53,2,0,48.62879827,-110.1129252,30041.0,321.5239019655424,3.7735849056603774,51,52,2,0,50,48,16347,1,0,0,1,4
2020-08-22,US,Montana,Jefferson,34,0,0,46.14907081,-112.094396,30043.0,278.20963914573275,0.0,34,34,0,0,34,33,12097,0,0,0,0,1
2020-08-22,US,Montana,Judith Basin,3,0,0,47.04581276,-110.26606880000001,30045.0,149.47683109118088,0.0,3,3,0,0,3,3,1952,0,0,0,0,0
2020-08-22,US,Montana,Lake,192,1,0,47.64514965,-114.0898013,30047.0,630.3762558276973,0.5208333333333334,191,193,1,0,192,191,30250,-1,0,0,-1,2
2020-08-22,US,Montana,Lewis and Clark,191,2,0,47.12610041,-112.39469799999999,30049.0,275.0892960018436,1.0471204188481675,189,188,2,0,186,185,68700,3,0,0,3,3
2020-08-22,US,Montana,Liberty,1,0,0,48.56084317,-111.02430700000001,30051.0,42.78990158322636,0.0,1,1,0,0,1,1,2430,0,0,0,0,0
2020-08-22,US,Montana,Lincoln,80,2,0,48.54265777,-115.4046155,30053.0,400.4004004004004,2.5,78,80,2,0,78,79,19794,0,0,0,0,1
2020-08-22,US,Montana,Madison,90,1,0,45.30080065,-111.9173017,30057.0,1046.5116279069769,1.1111111111111112,89,90,1,0,89,88,8768,0,0,0,0,2
2020-08-22,US,Montana,McCone,5,0,0,47.64469406,-105.79449939999999,30055.0,300.48076923076917,0.0,5,5,0,0,5,5,1675,0,0,0,0,0
2020-08-22,US,Montana,Meagher,4,0,0,46.59907074,-110.8898557,30059.0,214.8227712137487,0.0,4,4,0,0,4,4,1866,0,0,0,0,0
2020-08-22,US,Montana,Mineral,2,0,0,47.15283992,-115.00152390000001,30061.0,45.48555833522857,0.0,2,2,0,0,2,2,4316,0,0,0,0,0
2020-08-22,US,Montana,Missoula,400,3,0,47.03728583,-113.92135079999998,30063.0,334.4481605351171,0.75,397,400,2,0,398,392,118791,0,1,0,-1,8
2020-08-22,US,Montana,Musselshell,6,0,0,46.49684637,-108.39498,30065.0,129.5057198359594,0.0,6,6,0,0,6,4,4651,0,0,0,0,2
2020-08-22,US,Montana,Park,64,0,0,45.48965095,-110.52643940000002,30067.0,385.4028664338191,0.0,64,65,0,0,65,64,16736,-1,0,0,-1,1
2020-08-22,US,Montana,Phillips,107,0,0,48.25936577,-107.9128511,30071.0,2706.12038442084,0.0,107,105,0,0,105,104,4074,2,0,0,2,1
2020-08-22,US,Montana,Pondera,14,0,0,48.22773388,-112.22527029999999,30073.0,236.84655726611402,0.0,14,12,0,0,12,12,5972,2,0,0,2,0
2020-08-22,US,Montana,Powder River,1,0,0,45.39617714,-105.636738,30075.0,59.453032104637344,0.0,1,1,0,0,1,1,1716,0,0,0,0,0
2020-08-22,US,Montana,Powell,2,0,0,46.85538891,-112.93591640000001,30077.0,29.027576197387518,0.0,2,2,0,0,2,2,6968,0,0,0,0,0
2020-08-22,US,Montana,Prairie,1,0,0,46.86048047,-105.379384,30079.0,92.85051067780873,0.0,1,1,0,0,1,1,1087,0,0,0,0,0
2020-08-22,US,Montana,Ravalli,92,2,0,46.08520862,-114.11891640000002,30081.0,210.01689266310555,2.1739130434782608,90,90,2,0,88,90,43172,2,0,0,2,0
2020-08-22,US,Montana,Richland,54,2,0,47.78668011,-104.5610786,30083.0,499.86114968064425,3.703703703703704,52,52,2,0,50,50,10913,2,0,0,2,2
2020-08-22,US,Montana,Roosevelt,34,1,0,48.29607488,-105.00792679999999,30085.0,308.9785532533624,2.9411764705882355,33,31,1,0,30,31,11059,3,0,0,3,0
2020-08-22,US,Montana,Rosebud,134,2,0,46.23397237,-106.72928799999998,30087.0,1499.384580955578,1.492537313432836,132,124,2,0,122,109,9063,10,0,0,10,15
2020-08-22,US,Montana,Sanders,28,0,0,47.67657534,-115.1329916,30089.0,231.1566086023281,0.0,28,28,0,0,28,26,11844,0,0,0,0,2
2020-08-22,US,Montana,Sheridan,5,0,0,48.72085833,-104.50382900000001,30091.0,151.1030522816561,0.0,5,5,0,0,5,5,3424,0,0,0,0,0
2020-08-22,US,Montana,Silver Bow,110,0,0,45.90018933,-112.6620092,30093.0,315.05083774881854,0.0,110,107,0,0,107,107,34993,3,0,0,3,0
2020-08-22,US,Montana,Stillwater,33,1,0,45.67071407,-109.3950061,30095.0,342.25264467952707,3.0303030303030303,32,33,1,0,32,33,9534,0,0,0,0,0
2020-08-22,US,Montana,Sweet Grass,8,1,0,45.81367654,-109.9425686,30097.0,214.07546160021408,12.5,7,8,1,0,7,8,3710,0,0,0,0,0
2020-08-22,US,Montana,Teton,16,0,0,47.83741052,-112.24106880000001,30099.0,260.2895721490158,0.0,16,16,0,0,16,16,6162,0,0,0,0,0
2020-08-22,US,Montana,Toole,47,6,0,48.65577551,-111.69424140000001,30101.0,992.3986486486486,12.76595744680851,41,47,6,0,41,47,4853,0,0,0,0,0
2020-08-22,US,Montana,Treasure,3,0,0,46.20973220000001,-107.26665159999999,30103.0,431.0344827586207,0.0,3,3,0,0,3,3,679,0,0,0,0,0
2020-08-22,US,Montana,Valley,36,0,0,48.36435097,-106.6669635,30105.0,486.749594375338,0.0,36,36,0,0,36,36,7437,0,0,0,0,0
2020-08-22,US,Montana,Wheatland,3,0,0,46.46652491,-109.84646359999999,30107.0,141.11006585136406,0.0,3,3,0,0,3,3,2236,0,0,0,0,0
2020-08-22,US,Montana,Wibaux,5,0,0,46.95925154,-104.2510927,30109.0,515.9958720330237,0.0,5,5,0,0,5,4,1034,0,0,0,0,1
2020-08-22,US,Montana,Yellowstone,1773,35,0,45.93955949,-108.26914860000001,30111.0,1099.1940483570986,1.9740552735476595,1738,1689,34,0,1655,1637,160137,84,1,0,83,52
2020-08-22,US,Nebraska,Adams,381,11,0,40.52449420000001,-98.50117804,31001.0,1214.807256958837,2.8871391076115485,370,381,11,0,370,379,31511,0,0,0,0,2
2020-08-22,US,Nebraska,Antelope,22,1,0,42.17695516,-98.06662829999999,31003.0,349.3172435693872,4.545454545454546,21,21,1,0,20,21,6336,1,0,0,1,0
2020-08-22,US,Nebraska,Arthur,1,0,0,41.56896142,-101.6959559,31005.0,215.98272138228938,0.0,1,1,0,0,1,1,465,0,0,0,0,0
2020-08-22,US,Nebraska,Banner,3,0,0,41.54634427,-103.7114332,31007.0,402.6845637583893,0.0,3,3,0,0,3,2,730,0,0,0,0,1
2020-08-22,US,Nebraska,Boone,16,0,0,41.70759415,-98.06737183,31011.0,308.1664098613251,0.0,16,16,0,0,16,16,5239,0,0,0,0,0
2020-08-22,US,Nebraska,Box Butte,19,0,0,42.22079243,-103.08788340000001,31013.0,176.20328294537697,0.0,19,18,0,0,18,18,10772,1,0,0,1,0
2020-08-22,US,Nebraska,Boyd,10,0,0,42.899727399999996,-98.76486568,31015.0,521.1047420531527,0.0,10,10,0,0,10,10,1955,0,0,0,0,0
2020-08-22,US,Nebraska,Brown,2,0,0,42.43018907,-99.92904055,31017.0,67.68189509306261,0.0,2,2,0,0,2,2,2973,0,0,0,0,0
2020-08-22,US,Nebraska,Buffalo,566,2,0,40.85486962,-99.07500296,31019.0,1139.7732535894802,0.353356890459364,564,554,2,0,552,544,49615,12,0,0,12,10
2020-08-22,US,Nebraska,Burt,57,0,0,41.85056773,-96.32605633,31021.0,882.4895494658616,0.0,57,56,0,0,56,56,6488,1,0,0,1,0
2020-08-22,US,Nebraska,Butler,73,0,0,41.22703692,-97.13106306,31023.0,910.6786427145707,0.0,73,71,0,0,71,70,8058,2,0,0,2,1
2020-08-22,US,Nebraska,Cass,235,2,0,40.90899107,-96.13971217,31025.0,895.3063090521182,0.851063829787234,233,230,2,0,228,226,26159,5,0,0,5,4
2020-08-22,US,Nebraska,Cedar,40,0,0,42.598885100000004,-97.25311951,31027.0,476.0771244941681,0.0,40,39,0,0,39,34,8446,1,0,0,1,5
2020-08-22,US,Nebraska,Chase,11,0,0,40.523719799999995,-101.69780259999999,31029.0,280.32619775739045,0.0,11,11,0,0,11,10,3977,0,0,0,0,1
2020-08-22,US,Nebraska,Cherry,5,0,0,42.54502621,-101.1244332,31031.0,87.88890841975744,0.0,5,5,0,0,5,5,5761,0,0,0,0,0
2020-08-22,US,Nebraska,Cheyenne,27,0,0,41.21999357,-102.9941693,31033.0,303.030303030303,0.0,27,27,0,0,27,27,9310,0,0,0,0,0
2020-08-22,US,Nebraska,Clay,53,0,0,40.52439441,-98.05126296,31035.0,854.4252780912462,0.0,53,53,0,0,53,51,6214,0,0,0,0,2
2020-08-22,US,Nebraska,Colfax,711,4,0,41.57486951,-97.0868542,31037.0,6639.275375852088,0.5625879043600562,707,710,4,0,706,710,10881,1,0,0,1,0
2020-08-22,US,Nebraska,Cuming,73,0,0,41.91637624,-96.78730772,31039.0,825.2317431607506,0.0,73,73,0,0,73,73,8940,0,0,0,0,0
2020-08-22,US,Nebraska,Custer,66,4,0,41.39374521,-99.72805369,31041.0,612.4153289412639,6.0606060606060606,62,66,4,0,62,64,10840,0,0,0,0,2
2020-08-22,US,Nebraska,Dakota,1959,42,0,42.39040144,-96.56656425,31043.0,9782.283032058323,2.14395099540582,1917,1956,42,0,1914,1953,20083,3,0,0,3,3
2020-08-22,US,Nebraska,Dawes,49,0,0,42.71985036,-103.1313774,31045.0,570.4971475142625,0.0,49,44,0,0,44,39,8716,5,0,0,5,5
2020-08-22,US,Nebraska,Dawson,986,9,0,40.87028216,-99.82014609999999,31047.0,4178.851451578725,0.9127789046653144,977,985,9,0,976,983,23709,1,0,0,1,2
2020-08-22,US,Nebraska,Deuel,2,0,0,41.11168186,-102.33333309999999,31049.0,111.48272017837236,0.0,2,2,0,0,2,2,1825,0,0,0,0,0
2020-08-22,US,Nebraska,Dixon,57,2,0,42.49188363,-96.86782408,31051.0,1011.3555713271824,3.5087719298245608,55,57,2,0,55,57,5709,0,0,0,0,0
2020-08-22,US,Nebraska,Dodge,865,11,0,41.58071748,-96.65598179,31053.0,2365.6502119513198,1.2716763005780347,854,863,11,0,852,859,36791,2,0,0,2,4
2020-08-22,US,Nebraska,Douglas,12569,148,0,41.29518299,-96.15085305,31055.0,2199.966043964315,1.1775001989020606,12421,12498,148,0,12350,12421,566880,71,0,0,71,77
2020-08-22,US,Nebraska,Dundy,5,0,0,40.17638677,-101.6876522,31057.0,295.3337271116362,0.0,5,6,0,0,6,3,1770,-1,0,0,-1,3
2020-08-22,US,Nebraska,Fillmore,30,1,0,40.52458567,-97.59646937,31059.0,549.2493592090809,3.333333333333333,29,30,1,0,29,29,5527,0,0,0,0,1
2020-08-22,US,Nebraska,Franklin,16,0,0,40.17636348,-98.95299073,31061.0,537.0929842228936,0.0,16,16,0,0,16,16,3023,0,0,0,0,0
2020-08-22,US,Nebraska,Frontier,5,0,0,40.52993007,-100.3924658,31063.0,190.3311762466692,0.0,5,4,0,0,4,4,2608,1,0,0,1,0
2020-08-22,US,Nebraska,Furnas,18,1,0,40.17642064,-99.91247454,31065.0,384.9443969204448,5.5555555555555545,17,18,1,0,17,17,4715,0,0,0,0,1
2020-08-22,US,Nebraska,Gage,112,4,0,40.26186809,-96.68946704,31067.0,520.6154418258726,3.571428571428572,108,110,4,0,106,110,21493,2,0,0,2,0
2020-08-22,US,Nebraska,Garden,5,0,0,41.61703149,-102.3313973,31069.0,272.18290691344583,0.0,5,5,0,0,5,5,1897,0,0,0,0,0
2020-08-22,US,Nebraska,Garfield,6,0,0,41.91428955,-98.99111827,31071.0,304.7232097511427,0.0,6,6,0,0,6,6,1987,0,0,0,0,0
2020-08-22,US,Nebraska,Gosper,22,0,0,40.51481965,-99.83020279,31073.0,1105.5276381909548,0.0,22,22,0,0,22,22,1996,0,0,0,0,0
2020-08-22,US,Nebraska,Greeley,10,0,0,41.56742671,-98.52150266,31077.0,424.44821731748726,0.0,10,10,0,0,10,10,2356,0,0,0,0,0
2020-08-22,US,Nebraska,Hall,1798,46,0,40.87257079,-98.50218293,31079.0,2930.5820416279557,2.5583982202447157,1752,1790,46,0,1744,1783,61607,8,0,0,8,7
2020-08-22,US,Nebraska,Hamilton,103,12,0,40.87349452,-98.02099117,31081.0,1104.6761046761046,11.650485436893206,91,105,12,0,93,104,9280,-2,0,0,-2,1
2020-08-22,US,Nebraska,Harlan,2,0,0,40.17658508,-99.40438879,31083.0,59.1715976331361,0.0,2,2,0,0,2,2,3401,0,0,0,0,0
2020-08-22,US,Nebraska,Hitchcock,2,0,0,40.17609175,-101.04164770000001,31087.0,72.41129616220131,0.0,2,1,0,0,1,1,2806,1,0,0,1,0
2020-08-22,US,Nebraska,Holt,16,0,0,42.45522056,-98.78402558,31089.0,158.93513459819212,0.0,16,15,0,0,15,15,10178,1,0,0,1,0
2020-08-22,US,Nebraska,Hooker,4,0,0,41.91586243,-101.1354293,31091.0,586.5102639296188,0.0,4,4,0,0,4,4,682,0,0,0,0,0
2020-08-22,US,Nebraska,Howard,60,5,0,41.2200529,-98.5166499,31093.0,930.954228083786,8.333333333333334,55,59,5,0,54,58,6468,1,0,0,1,1
2020-08-22,US,Nebraska,Jefferson,19,0,0,40.17584531,-97.142601,31095.0,269.6565427192733,0.0,19,19,0,0,19,19,7097,0,0,0,0,0
2020-08-22,US,Nebraska,Johnson,21,0,0,40.39257596,-96.26522753,31097.0,414.1195030565963,0.0,21,21,0,0,21,20,5134,0,0,0,0,1
2020-08-22,US,Nebraska,Kearney,97,0,0,40.50663314,-98.94877182,31099.0,1493.4565050038489,0.0,97,96,0,0,96,93,6544,1,0,0,1,3
2020-08-22,US,Nebraska,Keith,44,0,0,41.19930341,-101.66201640000001,31101.0,547.6723923325865,0.0,44,44,0,0,44,40,8021,0,0,0,0,4
2020-08-22,US,Nebraska,Kimball,15,0,0,41.19774275,-103.7148131,31105.0,412.9955947136564,0.0,15,15,0,0,15,15,3618,0,0,0,0,0
2020-08-22,US,Nebraska,Knox,49,0,0,42.63758421,-97.89178836,31107.0,588.0940950552089,0.0,49,48,0,0,48,45,8419,1,0,0,1,3
2020-08-22,US,Nebraska,Lancaster,3594,20,0,40.78416049,-96.68777155,31109.0,1126.3279952364535,0.5564830272676683,3574,3572,20,0,3552,3545,317272,22,0,0,22,27
2020-08-22,US,Nebraska,Lincoln,250,2,0,41.04658298,-100.74753740000001,31111.0,716.0451394855933,0.8,248,248,2,0,246,245,35185,2,0,0,2,3
2020-08-22,US,Nebraska,Logan,2,0,0,41.56650314,-100.4817851,31113.0,267.379679144385,0.0,2,2,0,0,2,2,749,0,0,0,0,0
2020-08-22,US,Nebraska,Madison,542,5,0,41.91676024,-97.6005481,31119.0,1544.2035385623526,0.922509225092251,537,540,5,0,535,519,35392,2,0,0,2,21
2020-08-22,US,Nebraska,McPherson,6,0,0,41.56797682,-101.05993620000001,31117.0,1214.5748987854256,0.0,6,6,0,0,6,6,492,0,0,0,0,0
2020-08-22,US,Nebraska,Merrick,63,0,0,41.16624273,-98.0374887,31121.0,812.3791102514508,0.0,63,65,0,0,65,64,7733,-2,0,0,-2,1
2020-08-22,US,Nebraska,Morrill,63,0,0,41.71711774,-103.0061405,31123.0,1357.1736320551486,0.0,63,63,0,0,63,63,4686,0,0,0,0,0
2020-08-22,US,Nebraska,Nance,11,0,0,41.39750195,-97.99327291,31125.0,312.588803637397,0.0,11,11,0,0,11,11,3532,0,0,0,0,0
2020-08-22,US,Nebraska,Nemaha,59,0,0,40.38514847,-95.85433992,31127.0,846.2421113023523,0.0,59,59,0,0,59,56,6958,0,0,0,0,3
2020-08-22,US,Nebraska,Nuckolls,7,0,0,40.17637905,-98.04743961,31129.0,168.7560270009643,0.0,7,7,0,0,7,8,4195,0,0,0,0,-1
2020-08-22,US,Nebraska,Otoe,86,1,0,40.64843556,-96.13374142,31131.0,537.0971771171621,1.162790697674419,85,86,1,0,85,81,15985,0,0,0,0,5
2020-08-22,US,Nebraska,Pawnee,10,0,0,40.13141096,-96.23705437,31133.0,382.70187523918884,0.0,10,10,0,0,10,10,2632,0,0,0,0,0
2020-08-22,US,Nebraska,Perkins,27,7,0,40.85082525,-101.6502942,31135.0,933.9328951919753,25.92592592592593,20,27,7,0,20,25,2929,0,0,0,0,2
2020-08-22,US,Nebraska,Phelps,52,0,0,40.51156033,-99.41461667,31137.0,575.6032765109586,0.0,52,52,0,0,52,52,8996,0,0,0,0,0
2020-08-22,US,Nebraska,Pierce,56,1,0,42.26434853,-97.60122773,31139.0,783.435926133184,1.7857142857142858,55,56,1,0,55,53,7142,0,0,0,0,3
2020-08-22,US,Nebraska,Platte,832,3,0,41.57246836,-97.52144359,31141.0,2485.808186435614,0.3605769230769231,829,830,3,0,827,830,33363,2,0,0,2,0
2020-08-22,US,Nebraska,Polk,31,0,0,41.18813488,-97.56630712,31143.0,594.6671782083254,0.0,31,30,0,0,30,30,5278,1,0,0,1,0
2020-08-22,US,Nebraska,Red Willow,18,0,0,40.17556879999999,-100.476998,31145.0,167.84781797836632,0.0,18,18,0,0,18,18,10726,0,0,0,0,0
2020-08-22,US,Nebraska,Richardson,28,1,0,40.1247415,-95.71755036,31147.0,356.00762873490135,3.571428571428572,27,28,1,0,27,28,7937,0,0,0,0,0
2020-08-22,US,Nebraska,Rock,4,0,0,42.42252217,-99.44832069,31149.0,294.76787030213706,0.0,4,4,0,0,4,3,1360,0,0,0,0,1
2020-08-22,US,Nebraska,Saline,615,2,0,40.52418865,-97.14085859,31151.0,4323.678290213723,0.3252032520325203,613,613,2,0,611,608,14350,2,0,0,2,5
2020-08-22,US,Nebraska,Sarpy,2632,13,0,41.11314181,-96.11156432,31153.0,1406.0129489946366,0.4939209726443769,2619,2626,13,0,2613,2598,184459,6,0,0,6,28
2020-08-22,US,Nebraska,Saunders,189,2,0,41.227810299999994,-96.63773905,31155.0,875.8921123366391,1.058201058201058,187,190,2,0,188,188,21303,-1,0,0,-1,2
2020-08-22,US,Nebraska,Scotts Bluff,327,6,0,41.85070896,-103.70809859999999,31157.0,918.075130551968,1.834862385321101,321,323,6,0,317,322,35989,4,0,0,4,1
2020-08-22,US,Nebraska,Seward,145,2,0,40.87241834,-97.139673,31159.0,838.9261744966443,1.3793103448275863,143,143,2,0,141,138,17318,2,0,0,2,5
2020-08-22,US,Nebraska,Sheridan,14,0,0,42.50284406,-102.4126613,31161.0,266.8699961875715,0.0,14,14,0,0,14,12,5190,0,0,0,0,2
2020-08-22,US,Nebraska,Sherman,15,1,0,41.22045983,-98.97588642,31163.0,499.8333888703766,6.666666666666668,14,14,1,0,13,14,3038,1,0,0,1,0
2020-08-22,US,Nebraska,Sioux,5,0,0,42.48932059,-103.7576544,31165.0,428.8164665523156,0.0,5,5,0,0,5,5,1187,0,0,0,0,0
2020-08-22,US,Nebraska,Stanton,32,0,0,41.9169835,-97.19394708,31167.0,540.5405405405405,0.0,32,32,0,0,32,32,5970,0,0,0,0,0
2020-08-22,US,Nebraska,Thayer,27,0,0,40.17626377,-97.59504381,31169.0,539.6761942834298,0.0,27,27,0,0,27,27,5039,0,0,0,0,0
2020-08-22,US,Nebraska,Thomas,3,0,0,41.91358968,-100.5556632,31171.0,415.51246537396116,0.0,3,2,0,0,2,2,720,1,0,0,1,0
2020-08-22,US,Nebraska,Thurston,216,4,0,42.15725356,-96.54157099,31173.0,2990.033222591362,1.851851851851852,212,216,4,0,212,215,7303,0,0,0,0,1
2020-08-22,US,Nebraska,Unassigned,170,0,0,0.0,0.0,90031.0,0.0,0.0,170,183,0,0,183,166,,-13,0,0,-13,17
2020-08-22,US,Nebraska,Valley,18,0,0,41.56730777,-98.98197724,31175.0,432.9004329004329,0.0,18,17,0,0,17,17,4190,1,0,0,1,0
2020-08-22,US,Nebraska,Washington,157,1,0,41.52815707,-96.22019892,31177.0,757.3930242655217,0.6369426751592356,156,158,1,0,157,152,20667,-1,0,0,-1,6
2020-08-22,US,Nebraska,Wayne,44,0,0,42.20934475,-97.11926964,31179.0,468.83324453915816,0.0,44,43,0,0,43,40,9403,1,0,0,1,3
2020-08-22,US,Nebraska,Webster,11,0,0,40.17642643,-98.50019851,31181.0,315.4574132492114,0.0,11,11,0,0,11,11,3533,0,0,0,0,0
2020-08-22,US,Nebraska,Wheeler,1,0,0,41.91482725,-98.52798941,31183.0,127.7139208173691,0.0,1,1,0,0,1,1,805,0,0,0,0,0
2020-08-22,US,Nebraska,York,101,0,0,40.87272618,-97.59710186,31185.0,738.3580671101689,0.0,101,96,0,0,96,97,13772,5,0,0,5,-1
2020-08-22,US,Nevada,Carson City,401,8,0,39.15509045,-119.7480219,32510.0,717.1471492953716,1.9950124688279305,393,397,8,0,389,396,55414,4,0,0,4,1
2020-08-22,US,Nevada,Churchill,82,1,0,39.58105744,-118.3394607,32001.0,329.1982817455538,1.2195121951219512,81,82,1,0,81,81,24440,0,0,0,0,1
2020-08-22,US,Nevada,Clark,56010,1027,0,36.21458855,-115.0130241,32003.0,2470.976721819902,1.8336011426530976,54983,55521,1015,0,54506,54795,2231647,489,12,0,477,726
2020-08-22,US,Nevada,Douglas,226,1,0,38.912862,-119.61713329999999,32005.0,462.12043758306913,0.4424778761061947,225,225,1,0,224,223,48467,1,0,0,1,2
2020-08-22,US,Nevada,Elko,719,3,0,41.14531606,-115.3577619,32007.0,1362.3100534313542,0.4172461752433936,716,701,3,0,698,669,52460,18,0,0,18,32
2020-08-22,US,Nevada,Eureka,5,0,0,39.98100864,-116.26832040000001,32011.0,246.4268112370626,0.0,5,5,0,0,5,5,2003,0,0,0,0,0
2020-08-22,US,Nevada,Humboldt,106,4,0,41.40692186,-118.11094270000001,32013.0,629.7902679579347,3.7735849056603774,102,106,4,0,102,105,16786,0,0,0,0,1
2020-08-22,US,Nevada,Lander,54,1,0,39.933223299999995,-117.03970749999999,32015.0,976.1388286334056,1.851851851851852,53,54,1,0,53,54,5575,0,0,0,0,0
2020-08-22,US,Nevada,Lincoln,7,0,0,37.64268459,-114.8790388,32017.0,135.05691684352692,0.0,7,5,0,0,5,5,5201,2,0,0,2,0
2020-08-22,US,Nevada,Lyon,293,6,0,39.01777974,-119.18704790000001,32019.0,509.47661276299766,2.04778156996587,287,284,6,0,278,281,55808,9,0,0,9,3
2020-08-22,US,Nevada,Mineral,12,0,0,38.53841696,-118.4344506,32021.0,266.37069922308547,0.0,12,12,0,0,12,12,4514,0,0,0,0,0
2020-08-22,US,Nevada,Nye,455,14,0,38.04264256,-116.47227020000001,32023.0,978.0108763407347,3.0769230769230766,441,453,14,0,439,442,45346,2,0,0,2,11
2020-08-22,US,Nevada,Pershing,17,0,0,40.44003782,-118.40056409999998,32027.0,252.78810408921933,0.0,17,17,0,0,17,17,6666,0,0,0,0,0
2020-08-22,US,Nevada,Storey,6,0,0,39.44875482,-119.5250207,32029.0,145.52510308028138,0.0,6,6,0,0,6,6,4029,0,0,0,0,0
2020-08-22,US,Nevada,Washoe,6652,131,0,40.66562265,-119.6631594,32031.0,1410.7596936708808,1.9693325315694528,6521,6545,131,0,6414,6473,465735,107,0,0,107,72
2020-08-22,US,Nevada,White Pine,24,1,0,39.44157041,-114.89996599999999,32033.0,250.52192066805844,4.166666666666667,23,20,1,0,19,20,9475,4,0,0,4,0
2020-08-22,US,New Hampshire,Belknap,121,4,0,43.51637314,-71.41684235,33001.0,197.38022609007717,3.3057851239669422,117,121,4,0,117,121,61022,0,0,0,0,0
2020-08-22,US,New Hampshire,Carroll,99,1,0,43.87498583,-71.20430216,33003.0,202.4125945614394,1.0101010101010102,98,99,1,0,98,98,48779,0,0,0,0,1
2020-08-22,US,New Hampshire,Cheshire,111,3,0,42.92015988,-72.25311043,33005.0,145.88946572911874,2.702702702702702,108,109,3,0,106,108,76493,2,0,0,2,1
2020-08-22,US,New Hampshire,Coos,17,0,0,44.69063265,-71.30633239,33007.0,53.86053290244907,0.0,17,17,0,0,17,17,31589,0,0,0,0,0
2020-08-22,US,New Hampshire,Grafton,109,1,0,43.93779815,-71.82057197,33009.0,121.26471308101372,0.9174311926605504,108,107,1,0,106,107,89786,2,0,0,2,0
2020-08-22,US,New Hampshire,Hillsborough,3979,284,0,42.91537785,-71.7200253,33011.0,954.1394400815301,7.137471726564463,3695,3972,283,0,3689,3963,415247,7,1,0,6,9
2020-08-22,US,New Hampshire,Merrimack,485,23,0,43.29662971,-71.6811573,33013.0,320.362505036627,4.742268041237113,462,483,23,0,460,480,151132,2,0,0,2,3
2020-08-22,US,New Hampshire,Rockingham,1756,99,0,42.98499744,-71.12883377,33015.0,566.8740254835054,5.637813211845102,1657,1747,99,0,1648,1742,309176,9,0,0,9,5
2020-08-22,US,New Hampshire,Strafford,371,13,0,43.291833000000004,-71.02336013,33017.0,284.0017453476533,3.5040431266846364,358,370,13,0,357,368,130090,1,0,0,1,2
2020-08-22,US,New Hampshire,Sullivan,44,1,0,43.36094111,-72.22203125,33019.0,101.97932600936356,2.272727272727273,43,44,1,0,43,44,43144,0,0,0,0,0
2020-08-22,US,New Hampshire,Unassigned,2,0,0,0.0,0.0,90033.0,0.0,0.0,2,2,0,0,2,2,,0,0,0,0,0
2020-08-22,US,New Jersey,Atlantic,3665,252,0,39.47538693,-74.65848483,34001.0,1389.995069594569,6.875852660300136,3413,3651,252,0,3399,3643,265429,14,0,0,14,8
2020-08-22,US,New Jersey,Bergen,21316,2031,0,40.96010917,-74.07164325,34003.0,2286.628863701215,9.528054043910677,19285,21282,2032,0,19250,21261,936692,34,-1,0,35,21
2020-08-22,US,New Jersey,Burlington,6260,482,0,39.87681124,-74.66927768,34005.0,1405.6391728734095,7.699680511182108,5778,6247,480,0,5767,6228,445384,13,2,0,11,19
2020-08-22,US,New Jersey,Camden,8938,584,0,39.80343818,-74.96388753,34007.0,1764.7604699972946,6.533900201387335,8354,8920,584,0,8336,8899,507078,18,0,0,18,21
2020-08-22,US,New Jersey,Cape May,874,91,0,39.15008829,-74.80170244,34009.0,949.597453253512,10.411899313501145,783,867,91,0,776,863,92560,7,0,0,7,4
2020-08-22,US,New Jersey,Cumberland,3493,159,0,39.37199394,-75.10712559,34011.0,2336.032957258555,4.551961064987117,3334,3475,159,0,3316,3465,150972,18,0,0,18,10
2020-08-22,US,New Jersey,Essex,20088,2112,0,40.78681335,-74.24657979,34013.0,2514.2213460996904,10.513739545997609,17976,20052,2112,0,17940,20033,799767,36,0,0,36,19
2020-08-22,US,New Jersey,Gloucester,3545,220,0,39.71581067,-75.13995546,34015.0,1215.556378499225,6.205923836389282,3325,3516,220,0,3296,3497,291408,29,0,0,29,19
2020-08-22,US,New Jersey,Hudson,20018,1510,0,40.73766234,-74.07515667,34017.0,2977.136814740233,7.543211110000999,18508,19989,1510,0,18479,19970,676061,29,0,0,29,19
2020-08-22,US,New Jersey,Hunterdon,1190,124,0,40.56335249,-74.91284156,34019.0,956.8146915277678,10.420168067226893,1066,1182,124,0,1058,1180,124714,8,0,0,8,2
2020-08-22,US,New Jersey,Mercer,8258,624,0,40.28047017,-74.70479631,34021.0,2247.502925727349,7.556309033664325,7634,8248,624,0,7624,8237,369811,10,0,0,10,11
2020-08-22,US,New Jersey,Middlesex,18248,1420,0,40.43629879,-74.41426991,34023.0,2211.7125743277475,7.781674704077159,16828,18219,1419,0,16800,18185,829685,29,1,0,28,34
2020-08-22,US,New Jersey,Monmouth,10573,860,0,40.26549699,-74.22240686,34025.0,1708.6434117922736,8.133926038021375,9713,10545,860,0,9685,10533,621354,28,0,0,28,12
2020-08-22,US,New Jersey,Morris,7399,830,0,40.86095313,-74.54553709999998,34027.0,1504.3357155201334,11.217732125962968,6569,7391,830,0,6561,7382,494228,8,0,0,8,9
2020-08-22,US,New Jersey,Ocean,10908,1025,0,39.8895449,-74.28089251,34029.0,1796.4841086586318,9.396773010634396,9883,10857,1025,0,9832,10836,601651,51,0,0,51,21
2020-08-22,US,New Jersey,Passaic,18144,1246,0,41.03238628,-74.29954144,34031.0,3615.595843977793,6.867283950617285,16898,18085,1246,0,16839,18058,503310,59,0,0,59,27
2020-08-22,US,New Jersey,Salem,953,88,0,39.58719656,-75.34696629999998,34033.0,1527.6108038791376,9.233997901364113,865,945,88,0,857,941,62607,8,0,0,8,4
2020-08-22,US,New Jersey,Somerset,5341,564,0,40.56465737,-74.61683016,34035.0,1623.7299883867279,10.55982025837858,4777,5336,564,0,4772,5331,331164,5,0,0,5,5
2020-08-22,US,New Jersey,Sussex,1362,198,0,41.13891592,-74.69118243,34037.0,969.4778201696944,14.537444933920705,1164,1358,198,0,1160,1357,140799,4,0,0,4,1
2020-08-22,US,New Jersey,Unassigned,427,0,0,0.0,0.0,90034.0,0.0,0.0,427,328,0,0,328,324,,99,0,0,99,4
2020-08-22,US,New Jersey,Union,16967,1352,0,40.65835409,-74.30680092,34039.0,3049.748265901668,7.96840926504391,15615,16947,1352,0,15595,16927,558067,20,0,0,20,20
2020-08-22,US,New Jersey,Warren,1379,171,0,40.85951833,-74.99556527,34041.0,1310.0021849202506,12.400290065264684,1208,1377,171,0,1206,1377,105779,2,0,0,2,0
2020-08-22,US,New Mexico,Bernalillo,5526,148,0,35.05163625,-106.6703554,35001.0,813.6988842930789,2.678248280854144,5378,5502,148,0,5354,5474,678701,24,0,0,24,28
2020-08-22,US,New Mexico,Catron,5,1,0,33.91514144,-108.4046587,35003.0,141.7635384179189,20.0,4,5,1,0,4,5,3578,0,0,0,0,0
2020-08-22,US,New Mexico,Chaves,607,6,0,33.36406072,-104.4665365,35005.0,939.4103536330573,0.9884678747940692,601,593,6,0,587,581,64689,14,0,0,14,12
2020-08-22,US,New Mexico,Cibola,384,19,0,34.91131525,-107.998876,35006.0,1439.5501405810685,4.947916666666667,365,392,19,0,373,391,26746,-8,0,0,-8,1
2020-08-22,US,New Mexico,Colfax,19,1,0,36.60569702,-104.64726740000002,35007.0,159.11565195544762,5.2631578947368425,18,19,1,0,18,19,12110,0,0,0,0,0
2020-08-22,US,New Mexico,Curry,636,3,0,34.57421077,-103.34688759999999,35009.0,1299.178820933938,0.4716981132075472,633,621,3,0,618,619,49437,15,0,0,15,2
2020-08-22,US,New Mexico,Dona Ana,2684,38,0,32.35275771,-106.83293870000001,35013.0,1230.092348587273,1.4157973174366616,2646,2699,37,0,2662,2685,217522,-15,1,0,-16,14
2020-08-22,US,New Mexico,Eddy,414,5,0,32.47167456,-104.3053527,35015.0,708.1765309613411,1.207729468599034,409,408,5,0,403,397,57900,6,0,0,6,11
2020-08-22,US,New Mexico,Grant,74,2,0,32.73911281,-108.3827845,35017.0,274.09437736128604,2.702702702702702,72,76,2,0,74,75,27346,-2,0,0,-2,1
2020-08-22,US,New Mexico,Guadalupe,34,1,0,34.86319296,-104.790669,35019.0,790.6976744186046,2.9411764705882355,33,32,0,0,32,32,4341,2,1,0,1,0
2020-08-22,US,New Mexico,Harding,2,0,0,35.85751555,-103.82209379999999,35021.0,320.0,0.0,2,2,0,0,2,2,655,0,0,0,0,0
2020-08-22,US,New Mexico,Hidalgo,93,1,0,31.91383467,-108.7151824,35023.0,2215.340638399238,1.075268817204301,92,93,0,0,93,93,4240,0,1,0,-1,0
2020-08-22,US,New Mexico,Lea,1017,8,0,32.79215361,-103.4123733,35025.0,1430.9835373575347,0.7866273352999017,1009,1010,7,0,1003,991,69611,7,1,0,6,19
2020-08-22,US,New Mexico,Lincoln,162,2,0,33.74526079,-105.4586166,35027.0,827.7130594727162,1.2345679012345678,160,162,2,0,160,161,19556,0,0,0,0,1
2020-08-22,US,New Mexico,Los Alamos,24,0,0,35.86631386,-106.31349850000001,35028.0,123.90933966647735,0.0,24,24,0,0,24,24,19101,0,0,0,0,0
2020-08-22,US,New Mexico,Luna,261,5,0,32.18179341,-107.75088259999998,35029.0,1100.8477793243069,1.9157088122605364,256,264,5,0,259,263,23963,-3,0,0,-3,1
2020-08-22,US,New Mexico,McKinley,4119,237,0,35.58007720000001,-108.262245,35031.0,5771.575097734247,5.753823743627094,3882,4148,237,0,3911,4141,72290,-29,0,0,-29,7
2020-08-22,US,New Mexico,Mora,6,0,0,36.01095101,-104.9497716,35033.0,132.71400132713998,0.0,6,6,0,0,6,6,4506,0,0,0,0,0
2020-08-22,US,New Mexico,Otero,210,11,0,32.61348406,-105.7417604,35035.0,311.1572084753297,5.238095238095238,199,213,11,0,202,212,66781,-3,0,0,-3,1
2020-08-22,US,New Mexico,Quay,61,1,0,35.10403332,-103.54817270000001,35037.0,739.1251666060826,1.639344262295082,60,60,1,0,59,58,8253,1,0,0,1,2
2020-08-22,US,New Mexico,Rio Arriba,344,10,0,36.51072137,-106.69316740000001,35039.0,883.8416279129518,2.9069767441860463,334,343,10,0,333,336,39006,1,0,0,1,7
2020-08-22,US,New Mexico,Roosevelt,193,1,0,34.02097406,-103.4799493,35041.0,1043.2432432432433,0.5181347150259067,192,188,1,0,187,185,18743,5,0,0,5,3
2020-08-22,US,New Mexico,San Juan,3116,189,0,36.50838318,-108.32043700000001,35045.0,2513.754658836057,6.065468549422335,2927,3131,189,0,2942,3123,125043,-15,0,0,-15,8
2020-08-22,US,New Mexico,San Miguel,62,0,0,35.48014807,-104.8163562,35047.0,227.29772335667408,0.0,62,61,0,0,61,58,27591,1,0,0,1,3
2020-08-22,US,New Mexico,Sandoval,1176,35,0,35.68862401,-106.86878030000001,35043.0,801.3737836290784,2.9761904761904763,1141,1181,35,0,1146,1176,145179,-5,0,0,-5,5
2020-08-22,US,New Mexico,Santa Fe,753,3,0,35.50708973,-105.9774716,35049.0,500.8047460061985,0.398406374501992,750,748,3,0,745,736,150056,5,0,0,5,12
2020-08-22,US,New Mexico,Sierra,36,1,0,33.13028233,-107.1925893,35051.0,333.6113427856547,2.7777777777777777,35,36,1,0,35,36,10968,0,0,0,0,0
2020-08-22,US,New Mexico,Socorro,76,6,0,34.00715494,-106.9298354,35053.0,456.8131273667128,7.894736842105262,70,76,6,0,70,75,16735,0,0,0,0,1
2020-08-22,US,New Mexico,Taos,114,2,0,36.58006022,-105.63101979999999,35055.0,348.3788161232161,1.7543859649122806,112,115,2,0,113,115,32835,-1,0,0,-1,0
2020-08-22,US,New Mexico,Torrance,63,1,0,34.64048375,-105.8508949,35057.0,407.4768773041847,1.5873015873015872,62,63,1,0,62,63,15591,0,0,0,0,0
2020-08-22,US,New Mexico,Unassigned,1516,0,0,0.0,0.0,90035.0,0.0,0.0,1516,1314,0,0,1314,1314,,202,0,0,202,0
2020-08-22,US,New Mexico,Union,29,2,0,36.48126404,-103.4709624,35059.0,714.4616900714461,6.896551724137932,27,31,2,0,29,31,4118,-2,0,0,-2,0
2020-08-22,US,New Mexico,Valencia,486,4,0,34.71669834,-106.8103733,35061.0,633.7366993532235,0.8230452674897121,482,479,4,0,475,474,76456,7,0,0,7,5
2020-08-22,US,New York,Albany,2693,129,0,42.60060306,-73.97723916,36001.0,881.4884159394577,4.790196806535462,2564,2691,129,0,2562,2684,307117,2,0,0,2,7
2020-08-22,US,New York,Allegany,84,1,0,42.25748406,-78.02750466,36003.0,182.24816124623032,1.1904761904761905,83,84,1,0,83,81,46430,0,0,0,0,3
2020-08-22,US,New York,Broome,1227,69,0,42.15903158,-75.81326086,36007.0,644.1350636260552,5.623471882640587,1158,1211,69,0,1142,1196,191659,16,0,0,16,15
2020-08-22,US,New York,Cattaraugus,178,6,0,42.24778241,-78.67923096,36009.0,233.85051959483428,3.3707865168539324,172,174,6,0,168,174,76840,4,0,0,4,0
2020-08-22,US,New York,Cayuga,166,2,0,42.91261714,-76.55731592,36011.0,216.77810279983285,1.2048192771084338,164,164,2,0,162,164,77145,2,0,0,2,0
2020-08-22,US,New York,Chautauqua,287,9,0,42.22769210000001,-79.36691763,36013.0,226.1569860444592,3.1358885017421603,278,278,9,0,269,275,127939,9,0,0,9,3
2020-08-22,US,New York,Chemung,194,3,0,42.13891056,-76.7638805,36015.0,232.45782208588957,1.5463917525773196,191,193,3,0,190,193,84254,1,0,0,1,0
2020-08-22,US,New York,Chenango,223,6,0,42.49430041,-75.60887553,36017.0,472.38756964009576,2.690582959641256,217,222,6,0,216,219,47536,1,0,0,1,3
2020-08-22,US,New York,Clinton,141,4,0,44.74530905,-73.67875352,36019.0,175.18792321550598,2.8368794326241136,137,136,4,0,132,135,80695,5,0,0,5,1
2020-08-22,US,New York,Columbia,561,37,0,42.24819348,-73.63089095,36021.0,943.4755554060642,6.595365418894831,524,561,37,0,524,560,59916,0,0,0,0,1
2020-08-22,US,New York,Cortland,98,0,0,42.59509207,-76.07048931,36023.0,205.9645656879847,0.0,98,98,0,0,98,98,47823,0,0,0,0,0
2020-08-22,US,New York,Delaware,109,4,0,42.19837623,-74.96709306,36025.0,246.96952532004082,3.669724770642202,105,109,4,0,105,109,44527,0,0,0,0,0
2020-08-22,US,New York,Dutchess,4753,153,0,41.76486060000001,-73.74356679,36027.0,1615.4688020447422,3.2190195665895223,4600,4734,153,0,4581,4721,293718,19,0,0,19,13
2020-08-22,US,New York,Erie,9413,676,0,42.76249024,-78.73063652,36029.0,1024.5977476918522,7.181557420588549,8737,9364,676,0,8688,9283,919719,49,0,0,49,81
2020-08-22,US,New York,Essex,98,0,0,44.11630765,-73.77297842,36031.0,265.69066015995656,0.0,98,85,0,0,85,85,37300,13,0,0,13,0
2020-08-22,US,New York,Franklin,56,0,0,44.59040891,-74.29926032,36033.0,111.9507416736636,0.0,56,56,0,0,56,56,50293,0,0,0,0,0
2020-08-22,US,New York,Fulton,308,24,0,43.11363907,-74.41798804,36035.0,576.9627034823819,7.792207792207793,284,306,24,0,282,305,53591,2,0,0,2,1
2020-08-22,US,New York,Genesee,290,5,0,43.0022601,-78.19135193,36037.0,506.2849162011173,1.7241379310344829,285,290,5,0,285,290,57511,0,0,0,0,0
2020-08-22,US,New York,Greene,305,18,0,42.275797,-74.12384884,36039.0,646.3507671441891,5.9016393442622945,287,304,18,0,286,301,47491,1,0,0,1,3
2020-08-22,US,New York,Hamilton,12,0,0,43.66146647,-74.49721957,36041.0,271.7391304347826,0.0,12,12,0,0,12,12,4434,0,0,0,0,0
2020-08-22,US,New York,Herkimer,289,4,0,43.42034246,-74.96145307,36043.0,471.30579428888274,1.3840830449826989,285,289,4,0,285,284,61833,0,0,0,0,5
2020-08-22,US,New York,Jefferson,144,0,0,44.04200959,-75.94653457,36045.0,131.10694320520057,0.0,144,144,0,0,144,143,111755,0,0,0,0,1
2020-08-22,US,New York,Lewis,47,0,0,43.784415700000004,-75.44903992,36049.0,178.73440827502282,0.0,47,47,0,0,47,47,26447,0,0,0,0,0
2020-08-22,US,New York,Livingston,179,8,0,42.72596275,-77.77966158,36051.0,284.51537018787553,4.46927374301676,171,178,8,0,170,178,63227,1,0,0,1,0
2020-08-22,US,New York,Madison,432,17,0,42.91653905,-75.67266639,36053.0,608.956738698355,3.935185185185185,415,431,17,0,414,424,70795,1,0,0,1,7
2020-08-22,US,New York,Monroe,5297,285,0,43.14638895,-77.69322942,36055.0,714.1027542230071,5.380404002265433,5012,5273,285,0,4988,5256,742474,24,0,0,24,17
2020-08-22,US,New York,Montgomery,193,4,0,42.90123494,-74.44011632,36057.0,392.10905914142336,2.0725388601036268,189,193,4,0,189,190,49455,0,0,0,0,3
2020-08-22,US,New York,Nassau,44205,2196,0,40.74066522,-73.58941873,36059.0,3257.7358790912385,4.96776382762131,42009,44162,2195,0,41967,44112,1358343,43,1,0,42,50
2020-08-22,US,New York,New York City,231841,23646,0,40.76727260000001,-73.97152637,36061.0,2780.9294602484388,10.199231369774974,208195,231574,23641,0,207933,231288,1628701,267,5,0,262,286
2020-08-22,US,New York,Niagara,1566,98,0,43.19898042,-78.74777412,36063.0,748.276241034781,6.257982120051086,1468,1556,98,0,1458,1547,210433,10,0,0,10,9
2020-08-22,US,New York,Oneida,2242,117,0,43.24375382,-75.43710392,36065.0,980.447892386879,5.218554861730596,2125,2233,117,0,2116,2222,229577,9,0,0,9,11
2020-08-22,US,New York,Onondaga,3756,203,0,43.00491923,-76.19971155,36067.0,815.5855887155612,5.40468583599574,3553,3743,203,0,3540,3719,461809,13,0,0,13,24
2020-08-22,US,New York,Ontario,378,34,0,42.85145728,-77.30874425,36069.0,344.3344234220283,8.994708994708995,344,373,34,0,339,373,109864,5,0,0,5,0
2020-08-22,US,New York,Orange,11328,493,0,41.40337468,-74.30240757,36071.0,2942.796279939731,4.35204802259887,10835,11316,493,0,10823,11292,381951,12,0,0,12,24
2020-08-22,US,New York,Orleans,304,54,0,43.2516977,-78.2320066,36073.0,753.370340999207,17.763157894736842,250,303,54,0,249,303,40612,1,0,0,1,0
2020-08-22,US,New York,Oswego,281,3,0,43.42778894,-76.14635194,36075.0,239.91666951265324,1.0676156583629892,278,279,3,0,276,276,117898,2,0,0,2,3
2020-08-22,US,New York,Otsego,124,5,0,42.63492579,-75.03151402,36077.0,208.4278822718639,4.032258064516129,119,124,5,0,119,123,59749,0,0,0,0,1
2020-08-22,US,New York,Putnam,1473,63,0,41.42630093,-73.74965532,36079.0,1498.1692432872253,4.2769857433808545,1410,1470,63,0,1407,1468,98892,3,0,0,3,2
2020-08-22,US,New York,Rensselaer,813,40,0,42.71348136,-73.51089874,36083.0,512.2421462504883,4.920049200492005,773,810,40,0,770,809,159442,3,0,0,3,1
2020-08-22,US,New York,Rockland,14118,674,0,41.15027894,-74.02560498,36087.0,4333.4796448007755,4.774047315483781,13444,14106,674,0,13432,14089,325695,12,0,0,12,17
2020-08-22,US,New York,Saratoga,813,17,0,43.10904162,-73.86653895,36091.0,353.6889364534527,2.0910209102091017,796,808,17,0,791,802,230163,5,0,0,5,6
2020-08-22,US,New York,Schenectady,1172,37,0,42.81668777,-74.05278291,36093.0,754.6732432275803,3.1569965870307164,1135,1159,37,0,1122,1143,155350,13,0,0,13,16
2020-08-22,US,New York,Schoharie,69,0,0,42.58831742,-74.44339029999998,36095.0,222.58782541372295,0.0,69,69,0,0,69,69,31097,0,0,0,0,0
2020-08-22,US,New York,Schuyler,24,0,0,42.39184015,-76.8773299,36097.0,134.77845790981078,0.0,24,24,0,0,24,23,17912,0,0,0,0,1
2020-08-22,US,New York,Seneca,95,3,0,42.78081007,-76.82497064,36099.0,279.28033866415797,3.1578947368421053,92,95,3,0,92,95,34300,0,0,0,0,0
2020-08-22,US,New York,St. Lawrence,265,4,0,44.4976179,-75.06550039,36089.0,245.96250232040097,1.509433962264151,261,265,4,0,261,264,108047,0,0,0,0,1
2020-08-22,US,New York,Steuben,309,42,0,42.2689144,-77.3829924,36101.0,323.97068537099364,13.592233009708734,267,308,42,0,266,307,95796,1,0,0,1,1
2020-08-22,US,New York,Suffolk,44456,2001,0,40.88320119,-72.8012172,36103.0,3010.698218408358,4.5010797192729886,42455,44400,2000,0,42400,44353,1481093,56,1,0,55,47
2020-08-22,US,New York,Sullivan,1495,48,0,41.71579493,-74.76394559,36105.0,1981.917488599003,3.210702341137124,1447,1495,48,0,1447,1495,75498,0,0,0,0,0
2020-08-22,US,New York,Tioga,204,25,0,42.16852837,-76.30835812,36107.0,423.2101736406448,12.254901960784313,179,203,25,0,178,203,48560,1,0,0,1,0
2020-08-22,US,New York,Tompkins,244,0,0,42.44945765,-76.47229843,36109.0,238.79428459581126,0.0,244,244,0,0,244,240,102793,0,0,0,0,4
2020-08-22,US,New York,Ulster,2126,93,0,41.89027881,-74.26252104,36111.0,1197.2540870515224,4.3744120413922865,2033,2115,93,0,2022,2113,178599,11,0,0,11,2
2020-08-22,US,New York,Warren,315,33,0,43.56173026,-73.8433699,36113.0,492.6185412235706,10.476190476190476,282,314,33,0,281,313,64265,1,0,0,1,1
2020-08-22,US,New York,Washington,266,14,0,43.31153794,-73.43043448,36115.0,434.6121168551075,5.2631578947368425,252,264,14,0,250,264,61197,2,0,0,2,0
2020-08-22,US,New York,Wayne,275,3,0,43.15494365,-77.02976528,36117.0,305.834204497431,1.0909090909090908,272,272,3,0,269,270,90064,3,0,0,3,2
2020-08-22,US,New York,Westchester,36651,1449,0,41.16278376,-73.75741653,36119.0,3788.193561590316,3.953507407710567,35202,36621,1449,0,35172,36586,967612,30,0,0,30,35
2020-08-22,US,New York,Wyoming,121,5,0,42.70145109,-78.22199579,36121.0,303.5700845480318,4.132231404958676,116,121,5,0,116,120,40085,0,0,0,0,1
2020-08-22,US,New York,Yates,59,7,0,42.63505484,-77.10369919,36123.0,236.82414803516238,11.864406779661017,52,59,7,0,52,59,24841,0,0,0,0,0
2020-08-22,US,North Carolina,Alamance,2838,44,0,36.0434701,-79.39976137,37001.0,1674.247385094597,1.5503875968992251,2794,2786,44,0,2742,2726,166436,52,0,0,52,60
2020-08-22,US,North Carolina,Alexander,362,2,0,35.922379600000006,-81.17751948,37003.0,965.4105661786276,0.5524861878453039,360,358,2,0,356,354,37353,4,0,0,4,4
2020-08-22,US,North Carolina,Alleghany,186,0,0,36.49360862,-81.12857041,37005.0,1670.1086468528326,0.0,186,184,0,0,184,181,11161,2,0,0,2,3
2020-08-22,US,North Carolina,Anson,397,3,0,34.97403241,-80.09953279,37007.0,1623.9875644277186,0.7556675062972292,394,395,3,0,392,388,24877,2,0,0,2,7
2020-08-22,US,North Carolina,Ashe,182,1,0,36.43296207,-81.49862729,37009.0,669.0438554571188,0.5494505494505495,181,180,1,0,179,179,27109,2,0,0,2,1
2020-08-22,US,North Carolina,Avery,118,0,0,36.07569796,-81.92308483,37011.0,672.0965996468644,0.0,118,116,0,0,116,114,17505,2,0,0,2,2
2020-08-22,US,North Carolina,Beaufort,491,9,0,35.48531943,-76.84325809,37013.0,1044.8142316040346,1.8329938900203664,482,479,9,0,470,470,47079,12,0,0,12,9
2020-08-22,US,North Carolina,Bertie,354,5,0,36.0688473,-76.96545943,37015.0,1868.3696627434424,1.4124293785310735,349,347,5,0,342,340,19026,7,0,0,7,7
2020-08-22,US,North Carolina,Bladen,670,9,0,34.61296243,-78.56180059,37017.0,2047.552105617016,1.3432835820895523,661,668,9,0,659,663,33190,2,0,0,2,5
2020-08-22,US,North Carolina,Brunswick,1348,22,0,34.070565,-78.22814204,37019.0,943.845399803949,1.632047477744807,1326,1343,22,0,1321,1337,136744,5,0,0,5,6
2020-08-22,US,North Carolina,Buncombe,2237,62,0,35.61113393,-82.53305,37021.0,856.4613635232455,2.7715690657130083,2175,2214,62,0,2152,2167,259103,23,0,0,23,47
2020-08-22,US,North Carolina,Burke,1783,27,0,35.74989637,-81.70755735,37023.0,1970.492346797812,1.5143017386427369,1756,1775,27,0,1748,1753,90382,8,0,0,8,22
2020-08-22,US,North Carolina,Cabarrus,2929,51,0,35.3877799,-80.55267168,37025.0,1353.1805980975084,1.7412086036189829,2878,2906,51,0,2855,2866,211342,23,0,0,23,40
2020-08-22,US,North Carolina,Caldwell,1347,14,0,35.95204977,-81.54799522,37027.0,1639.124826595926,1.0393466963622866,1333,1336,14,0,1322,1320,82029,11,0,0,11,16
2020-08-22,US,North Carolina,Camden,84,2,0,36.33804939,-76.15568396,37029.0,772.9824238520291,2.380952380952381,82,83,2,0,81,83,10710,1,0,0,1,0
2020-08-22,US,North Carolina,Carteret,414,5,0,34.8932941,-76.54120135,37031.0,595.9149597685432,1.207729468599034,409,409,5,0,404,399,69524,5,0,0,5,10
2020-08-22,US,North Carolina,Caswell,214,2,0,36.39312665,-79.33353281,37033.0,946.7350911343125,0.9345794392523364,212,214,2,0,212,207,22698,0,0,0,0,7
2020-08-22,US,North Carolina,Catawba,2423,38,0,35.66211129,-81.2132617,37035.0,1518.6366741668808,1.5683037556747834,2385,2391,38,0,2353,2345,158652,32,0,0,32,46
2020-08-22,US,North Carolina,Chatham,1404,56,0,35.70394416,-79.25541492,37037.0,1885.3229488384586,3.988603988603989,1348,1396,55,0,1341,1380,73139,8,1,0,7,16
2020-08-22,US,North Carolina,Cherokee,361,5,0,35.1349263,-84.05970864,37039.0,1261.7083741087656,1.3850415512465375,356,352,5,0,347,346,28383,9,0,0,9,6
2020-08-22,US,North Carolina,Chowan,176,2,0,36.12908077,-76.60118385,37041.0,1262.282148748476,1.1363636363636365,174,174,2,0,172,170,14029,2,0,0,2,4
2020-08-22,US,North Carolina,Clay,82,1,0,35.05704275,-83.74353633,37043.0,730.1219837948538,1.2195121951219512,81,81,1,0,80,80,11139,1,0,0,1,1
2020-08-22,US,North Carolina,Cleveland,1462,25,0,35.33553364,-81.55204486,37045.0,1492.6439809284616,1.7099863201094392,1437,1422,25,0,1397,1398,97645,40,0,0,40,24
2020-08-22,US,North Carolina,Columbus,1036,50,0,34.26744084,-78.65801424,37047.0,1866.3976363767385,4.826254826254826,986,1021,50,0,971,1013,55655,15,0,0,15,8
2020-08-22,US,North Carolina,Craven,867,24,0,35.11833364,-77.08398081,37049.0,848.8432430315552,2.7681660899653977,843,857,23,0,834,844,102912,10,1,0,9,13
2020-08-22,US,North Carolina,Cumberland,3680,65,0,35.04762133,-78.82623165,37051.0,1096.840919319601,1.766304347826087,3615,3629,64,0,3565,3573,332330,51,1,0,50,56
2020-08-22,US,North Carolina,Currituck,89,0,0,36.36123664,-75.95876401,37053.0,320.57054352915765,0.0,89,88,0,0,88,86,27072,1,0,0,1,2
2020-08-22,US,North Carolina,Dare,225,2,0,35.66520691,-75.71767334,37055.0,607.9602258909995,0.8888888888888888,223,218,2,0,216,218,36501,7,0,0,7,0
2020-08-22,US,North Carolina,Davidson,2002,31,0,35.79115496,-80.21256572,37057.0,1194.4465989296518,1.5484515484515484,1971,1992,31,0,1961,1965,166614,10,0,0,10,27
2020-08-22,US,North Carolina,Davie,455,6,0,35.93099927,-80.54496571,37059.0,1061.9427717873314,1.3186813186813189,449,454,6,0,448,449,42733,1,0,0,1,5
2020-08-22,US,North Carolina,Duplin,2051,49,0,34.93449805,-77.93140529,37061.0,3491.598712994331,2.389078498293516,2002,2048,49,0,1999,2043,58856,3,0,0,3,5
2020-08-22,US,North Carolina,Durham,6577,81,0,36.03638492,-78.87608331,37063.0,2045.7995321753845,1.231564543104759,6496,6535,81,0,6454,6508,316739,42,0,0,42,27
2020-08-22,US,North Carolina,Edgecombe,830,17,0,35.91230639,-77.59436892,37065.0,1612.5271992539633,2.048192771084337,813,815,17,0,798,792,52005,15,0,0,15,23
2020-08-22,US,North Carolina,Forsyth,5790,66,0,36.12859861,-80.25459052,37067.0,1514.5372029453695,1.1398963730569949,5724,5740,66,0,5674,5681,379099,50,0,0,50,59
2020-08-22,US,North Carolina,Franklin,965,28,0,36.081519,-78.28708884,37069.0,1384.8030422616055,2.9015544041450783,937,962,28,0,934,956,67560,3,0,0,3,6
2020-08-22,US,North Carolina,Gaston,3783,60,0,35.29373559,-81.17477045,37071.0,1684.8603075771948,1.5860428231562251,3723,3746,59,0,3687,3716,222846,37,1,0,36,30
2020-08-22,US,North Carolina,Gates,71,2,0,36.44667547,-76.69749701,37073.0,614.0806088911952,2.8169014084507036,69,67,2,0,65,66,11573,4,0,0,4,1
2020-08-22,US,North Carolina,Graham,50,0,0,35.3506925,-83.83369267,37075.0,592.3468783319512,0.0,50,50,0,0,50,49,8484,0,0,0,0,1
2020-08-22,US,North Carolina,Granville,1430,37,0,36.30337451,-78.65184241,37077.0,2365.8653607531064,2.5874125874125875,1393,1404,35,0,1369,1391,60115,26,2,0,24,13
2020-08-22,US,North Carolina,Greene,363,3,0,35.48544173,-77.67578087,37079.0,1722.9104371351275,0.8264462809917356,360,359,3,0,356,355,21012,4,0,0,4,4
2020-08-22,US,North Carolina,Guilford,6314,163,0,36.07959451,-79.78824948,37081.0,1175.4105745996644,2.581564776686728,6151,6257,163,0,6094,6165,533670,57,0,0,57,92
2020-08-22,US,North Carolina,Halifax,806,9,0,36.25669272,-77.6556109,37083.0,1611.6776644671065,1.1166253101736974,797,794,9,0,785,789,50574,12,0,0,12,5
2020-08-22,US,North Carolina,Harnett,1488,43,0,35.36731853,-78.87243571,37085.0,1094.3107607224804,2.8897849462365586,1445,1470,42,0,1428,1463,134214,18,1,0,17,7
2020-08-22,US,North Carolina,Haywood,483,25,0,35.55269063,-82.98196486,37087.0,775.0694032126065,5.175983436853001,458,477,25,0,452,474,61971,6,0,0,6,3
2020-08-22,US,North Carolina,Henderson,1639,59,0,35.33788927,-82.4766782,37089.0,1395.8796426411848,3.599755948749237,1580,1627,59,0,1568,1620,116748,12,0,0,12,7
2020-08-22,US,North Carolina,Hertford,450,12,0,36.3607755,-76.98104134,37091.0,1900.578620602272,2.6666666666666665,438,437,12,0,425,425,23659,13,0,0,13,12
2020-08-22,US,North Carolina,Hoke,809,12,0,35.01888303,-79.23651674,37093.0,1464.677553680704,1.4833127317676142,797,797,12,0,785,794,54764,12,0,0,12,3
2020-08-22,US,North Carolina,Hyde,70,0,0,35.42017674,-76.15180542,37095.0,1417.8651002633178,0.0,70,69,0,0,69,64,5230,1,0,0,1,5
2020-08-22,US,North Carolina,Iredell,2159,18,0,35.80950511,-80.8743128,37097.0,1187.5295644808202,0.8337193144974525,2141,2123,18,0,2105,2083,178435,36,0,0,36,40
2020-08-22,US,North Carolina,Jackson,468,7,0,35.28814273,-83.14093385,37099.0,1065.1372388365423,1.4957264957264955,461,465,7,0,458,462,43327,3,0,0,3,3
2020-08-22,US,North Carolina,Johnston,3562,49,0,35.51745004,-78.36622717,37101.0,1701.5462957212942,1.3756316676024705,3513,3538,48,0,3490,3507,202675,24,1,0,23,31
2020-08-22,US,North Carolina,Jones,122,6,0,35.02254606,-77.35870791,37103.0,1295.254273277418,4.918032786885246,116,122,4,0,118,120,9637,0,2,0,-2,2
2020-08-22,US,North Carolina,Lee,1372,11,0,35.47623147,-79.17569362,37105.0,2220.819372278606,0.8017492711370262,1361,1368,11,0,1357,1362,61452,4,0,0,4,6
2020-08-22,US,North Carolina,Lenoir,706,11,0,35.24032589999999,-77.64245615,37107.0,1261.8634828147062,1.5580736543909348,695,694,11,0,683,689,55976,12,0,0,12,5
2020-08-22,US,North Carolina,Lincoln,1001,10,0,35.48508185,-81.21740317,37109.0,1162.4531128427263,0.999000999000999,991,984,10,0,974,966,83770,17,0,0,17,18
2020-08-22,US,North Carolina,Macon,505,2,0,35.14867843,-83.41696617,37113.0,1408.3328685370072,0.3960396039603961,503,497,2,0,495,492,35285,8,0,0,8,5
2020-08-22,US,North Carolina,Madison,57,1,0,35.85402722,-82.71346418,37115.0,262.00873362445407,1.7543859649122806,56,57,1,0,56,52,21763,0,0,0,0,5
2020-08-22,US,North Carolina,Martin,309,7,0,35.84326734,-77.10860251,37117.0,1377.0053475935827,2.26537216828479,302,298,7,0,291,294,22671,11,0,0,11,4
2020-08-22,US,North Carolina,McDowell,750,23,0,35.67736232,-82.0482425,37111.0,1639.1292945187515,3.066666666666667,727,743,22,0,721,735,45507,7,1,0,6,8
2020-08-22,US,North Carolina,Mecklenburg,23978,271,0,35.24469268,-80.8317671,37119.0,2159.487587764645,1.1302026857953125,23707,23809,269,0,23540,23593,1093901,169,2,0,167,216
2020-08-22,US,North Carolina,Mitchell,84,3,0,36.01059309,-82.1582442,37121.0,561.3472333600641,3.571428571428572,81,84,3,0,81,83,15000,0,0,0,0,1
2020-08-22,US,North Carolina,Montgomery,771,17,0,35.33155144,-79.90416657,37123.0,2837.375335811283,2.2049286640726335,754,753,17,0,736,739,27271,18,0,0,18,14
2020-08-22,US,North Carolina,Moore,1171,21,0,35.30885257,-79.48474178,37125.0,1160.7850911974624,1.7933390264731002,1150,1148,21,0,1127,1132,98682,23,0,0,23,16
2020-08-22,US,North Carolina,Nash,1446,21,0,35.96575634,-77.98422508,37127.0,1533.4365522068338,1.4522821576763485,1425,1419,17,0,1402,1391,94016,27,4,0,23,28
2020-08-22,US,North Carolina,New Hanover,2827,21,0,34.25758282,-77.87075626,37129.0,1205.6825306112005,0.7428369296073576,2806,2803,21,0,2782,2770,232274,24,0,0,24,33
2020-08-22,US,North Carolina,Northampton,331,17,0,36.41736238,-77.39769443,37131.0,1698.917004568085,5.135951661631419,314,325,17,0,308,322,19676,6,0,0,6,3
2020-08-22,US,North Carolina,Onslow,1334,13,0,34.72607366,-77.42908179,37133.0,673.9484080873809,0.974512743628186,1321,1313,12,0,1301,1280,197683,21,1,0,20,33
2020-08-22,US,North Carolina,Orange,1808,50,0,36.06092947,-79.12167935,37135.0,1217.7052183517876,2.765486725663717,1758,1734,49,0,1685,1650,146027,74,1,0,73,84
2020-08-22,US,North Carolina,Pamlico,84,2,0,35.15253315,-76.66559823,37137.0,660.0660066006601,2.380952380952381,82,81,2,0,79,77,12670,3,0,0,3,4
2020-08-22,US,North Carolina,Pasquotank,504,22,0,36.26723798,-76.25134778,37139.0,1265.5685014061874,4.365079365079366,482,483,21,0,462,468,39639,21,1,0,20,15
2020-08-22,US,North Carolina,Pender,732,4,0,34.52265624,-77.90352133,37141.0,1160.7992388201712,0.5464480874316939,728,724,4,0,720,716,62162,8,0,0,8,8
2020-08-22,US,North Carolina,Perquimans,101,2,0,36.17847453,-76.40603143,37143.0,750.2042635371017,1.98019801980198,99,98,2,0,96,97,13422,3,0,0,3,1
2020-08-22,US,North Carolina,Person,271,2,0,36.38989032,-78.97217358,37145.0,686.2496834641681,0.7380073800738007,269,265,2,0,263,259,39507,6,0,0,6,6
2020-08-22,US,North Carolina,Pitt,2572,15,0,35.59535426,-77.37353178,37147.0,1423.022872381627,0.5832037325038879,2557,2493,14,0,2479,2404,179914,79,1,0,78,89
2020-08-22,US,North Carolina,Polk,200,6,0,35.27820615,-82.16812354,37149.0,965.0646593321753,3.0,194,197,6,0,191,190,20611,3,0,0,3,7
2020-08-22,US,North Carolina,Randolph,2307,43,0,35.71015088,-79.80570339,37151.0,1605.7967382906304,1.8638925010836584,2264,2297,42,0,2255,2289,143351,10,1,0,9,8
2020-08-22,US,North Carolina,Richmond,609,9,0,35.00417719,-79.74491009,37153.0,1358.495616676705,1.477832512315271,600,596,9,0,587,584,44887,13,0,0,13,12
2020-08-22,US,North Carolina,Robeson,3198,58,0,34.64244496,-79.10250529999998,37155.0,2448.229665071771,1.813633520950594,3140,3155,56,0,3099,3128,131831,43,2,0,41,27
2020-08-22,US,North Carolina,Rockingham,679,6,0,36.39593137,-79.77504841,37157.0,746.071860235139,0.8836524300441826,673,667,6,0,661,651,90690,12,0,0,12,16
2020-08-22,US,North Carolina,Rowan,2496,54,0,35.64003916,-80.52446628,37159.0,1756.6578458420133,2.1634615384615383,2442,2466,54,0,2412,2443,141262,30,0,0,30,23
2020-08-22,US,North Carolina,Rutherford,875,17,0,35.40114178,-81.92112099,37161.0,1305.4051231556489,1.9428571428571428,858,867,17,0,850,855,66826,8,0,0,8,12
2020-08-22,US,North Carolina,Sampson,1545,19,0,34.98820368,-78.36914061,37163.0,2431.883647353261,1.2297734627831716,1526,1541,19,0,1522,1531,63626,4,0,0,4,10
2020-08-22,US,North Carolina,Scotland,546,8,0,34.8386299,-79.4757978,37165.0,1567.929242167533,1.465201465201465,538,534,8,0,526,495,34810,12,0,0,12,39
2020-08-22,US,North Carolina,Stanly,1363,31,0,35.31647813,-80.25093221,37167.0,2170.174824061396,2.2743947175348502,1332,1345,31,0,1314,1300,62075,18,0,0,18,45
2020-08-22,US,North Carolina,Stokes,318,3,0,36.4017975,-80.23893369,37169.0,697.5060867276436,0.9433962264150944,315,314,3,0,311,310,45467,4,0,0,4,4
2020-08-22,US,North Carolina,Surry,1076,11,0,36.41689489,-80.69102283,37171.0,1498.9621498126294,1.0223048327137547,1065,1062,11,0,1051,1041,71948,14,0,0,14,21
2020-08-22,US,North Carolina,Swain,123,3,0,35.48665845,-83.48748932,37173.0,861.887744376708,2.4390243902439024,120,123,3,0,120,123,14245,0,0,0,0,0
2020-08-22,US,North Carolina,Transylvania,206,1,0,35.20383864,-82.79638423,37175.0,599.0984440889922,0.4854368932038835,205,206,1,0,205,180,34215,0,0,0,0,26
2020-08-22,US,North Carolina,Tyrrell,103,2,0,35.87147226,-76.17055253,37177.0,2564.741035856573,1.9417475728155342,101,103,2,0,101,103,4131,0,0,0,0,0
2020-08-22,US,North Carolina,Union,3648,47,0,34.98960527,-80.52955873,37179.0,1520.8935249459055,1.288377192982456,3601,3600,47,0,3553,3551,235908,48,0,0,48,49
2020-08-22,US,North Carolina,Vance,852,41,0,36.36880673,-78.40670845,37181.0,1913.1020545638266,4.812206572769953,811,841,41,0,800,832,44582,11,0,0,11,9
2020-08-22,US,North Carolina,Wake,13522,188,0,35.78879266,-78.65249174,37183.0,1216.2686044932318,1.3903268747226742,13334,13362,188,0,13174,13163,1092305,160,0,0,160,199
2020-08-22,US,North Carolina,Warren,281,6,0,36.39728256,-78.10652228,37185.0,1424.1548831787545,2.1352313167259784,275,278,6,0,272,277,19807,3,0,0,3,1
2020-08-22,US,North Carolina,Washington,159,4,0,35.83810081,-76.57299037,37187.0,1373.0569948186528,2.5157232704402515,155,156,4,0,152,155,11859,3,0,0,3,1
2020-08-22,US,North Carolina,Watauga,376,0,0,36.23103603,-81.70033724,37189.0,669.3130640653649,0.0,376,367,0,0,367,358,55945,9,0,0,9,9
2020-08-22,US,North Carolina,Wayne,2660,46,0,35.36438125,-78.00027268,37191.0,2160.3008178281666,1.7293233082706767,2614,2634,44,0,2590,2618,123248,26,2,0,24,16
2020-08-22,US,North Carolina,Wilkes,962,20,0,36.2084135,-81.16232895,37193.0,1406.1860492311291,2.079002079002079,942,956,19,0,937,945,68557,6,1,0,5,11
2020-08-22,US,North Carolina,Wilson,1645,36,0,35.70625477,-77.917978,37195.0,2010.9778609063465,2.188449848024316,1609,1620,36,0,1584,1604,81455,25,0,0,25,16
2020-08-22,US,North Carolina,Yadkin,596,7,0,36.16222629,-80.66239436,37197.0,1582.2868824169695,1.174496644295302,589,594,7,0,587,587,37543,2,0,0,2,7
2020-08-22,US,North Carolina,Yancey,85,0,0,35.90079156,-82.31237181,37199.0,470.41894958215727,0.0,85,86,0,0,86,83,17903,-1,0,0,-1,3
2020-08-22,US,North Dakota,Adams,5,0,0,46.09686891,-102.5285397,38001.0,225.6317689530686,0.0,5,5,0,0,5,5,2294,0,0,0,0,0
2020-08-22,US,North Dakota,Barnes,57,0,0,46.93579637,-98.06605978,38003.0,547.2875660105617,0.0,57,51,0,0,51,48,10542,6,0,0,6,3
2020-08-22,US,North Dakota,Benson,203,3,0,48.0683985,-99.35916363,38005.0,2971.311475409836,1.477832512315271,200,202,3,0,199,197,6962,1,0,0,1,5
2020-08-22,US,North Dakota,Billings,4,0,0,47.02366884,-103.3762965,38007.0,431.0344827586207,0.0,4,3,0,0,3,3,919,1,0,0,1,0
2020-08-22,US,North Dakota,Bottineau,24,0,0,48.79106111,-100.8378166,38009.0,382.04393505253097,0.0,24,23,0,0,23,24,6411,1,0,0,1,-1
2020-08-22,US,North Dakota,Bowman,15,0,0,46.11285362,-103.5203343,38011.0,496.03174603174597,0.0,15,15,0,0,15,14,3076,0,0,0,0,1
2020-08-22,US,North Dakota,Burke,24,1,0,48.79094471,-102.51821170000001,38013.0,1134.7517730496456,4.166666666666667,23,24,1,0,23,24,2100,0,0,0,0,0
2020-08-22,US,North Dakota,Burleigh,1673,13,0,46.97847375,-100.46452140000001,38015.0,1749.524187982348,0.7770472205618649,1660,1625,12,0,1613,1552,95273,48,1,0,47,73
2020-08-22,US,North Dakota,Cass,3250,76,0,46.93201724,-97.24447190000001,38017.0,1786.4700999873571,2.3384615384615386,3174,3223,76,0,3147,3203,181516,27,0,0,27,20
2020-08-22,US,North Dakota,Cavalier,31,0,0,48.77286211,-98.46685243,38019.0,824.0297713981925,0.0,31,31,0,0,31,31,3829,0,0,0,0,0
2020-08-22,US,North Dakota,Dickey,16,0,0,46.11017712,-98.50490079999999,38021.0,328.4072249589492,0.0,16,15,0,0,15,15,4903,1,0,0,1,0
2020-08-22,US,North Dakota,Divide,5,0,0,48.814938700000006,-103.48736109999999,38023.0,220.84805653710248,0.0,5,5,0,0,5,5,2283,0,0,0,0,0
2020-08-22,US,North Dakota,Dunn,39,0,0,47.35423935,-102.61604679999999,38025.0,881.5551537070525,0.0,39,37,0,0,37,36,4332,2,0,0,2,1
2020-08-22,US,North Dakota,Eddy,22,0,0,47.71701474,-98.90432337,38027.0,961.9588981198076,0.0,22,22,0,0,22,22,2313,0,0,0,0,0
2020-08-22,US,North Dakota,Emmons,24,1,0,46.28398398,-100.2389766,38029.0,740.5121875964209,4.166666666666667,23,24,1,0,23,24,3295,0,0,0,0,0
2020-08-22,US,North Dakota,Foster,28,0,0,47.457108399999996,-98.88279923,38031.0,872.2741433021807,0.0,28,27,0,0,27,26,3216,1,0,0,1,1
2020-08-22,US,North Dakota,Golden Valley,22,0,0,46.94022281,-103.8465421,38033.0,1249.290176036343,0.0,22,15,0,0,15,15,1769,7,0,0,7,0
2020-08-22,US,North Dakota,Grand Forks,980,10,0,47.92093639,-97.45450447,38035.0,1411.066795294524,1.020408163265306,970,903,10,0,893,858,70770,77,0,0,77,45
2020-08-22,US,North Dakota,Grant,8,0,0,46.35821257,-101.63900129999999,38037.0,351.8029903254178,0.0,8,5,0,0,5,4,2374,3,0,0,3,1
2020-08-22,US,North Dakota,Griggs,38,1,0,47.45785838,-98.23850925,38039.0,1703.2720753025546,2.631578947368421,37,38,1,0,37,38,2232,0,0,0,0,0
2020-08-22,US,North Dakota,Hettinger,12,0,0,46.43375068,-102.4632417,38041.0,480.19207683073233,0.0,12,10,0,0,10,10,2514,2,0,0,2,0
2020-08-22,US,North Dakota,Kidder,24,0,0,46.97830064,-99.77507857,38043.0,967.741935483871,0.0,24,24,0,0,24,24,2450,0,0,0,0,0
2020-08-22,US,North Dakota,LaMoure,18,0,0,46.45681054,-98.53542355,38045.0,444.8838358872961,0.0,18,17,0,0,17,16,4062,1,0,0,1,1
2020-08-22,US,North Dakota,Logan,7,0,0,46.45729487,-99.47719806,38047.0,378.3783783783784,0.0,7,7,0,0,7,7,1903,0,0,0,0,0
2020-08-22,US,North Dakota,McHenry,27,1,0,48.23104458,-100.6324822,38049.0,469.9738903394257,3.703703703703704,26,25,1,0,24,25,5816,2,0,0,2,0
2020-08-22,US,North Dakota,McIntosh,43,2,0,46.11182017,-99.44145858,38051.0,1722.0664797757308,4.651162790697675,41,43,2,0,41,42,2585,0,0,0,0,1
2020-08-22,US,North Dakota,McKenzie,100,2,0,47.74133370000001,-103.395905,38053.0,665.6017039403621,2.0,98,96,2,0,94,94,13632,4,0,0,4,2
2020-08-22,US,North Dakota,McLean,121,1,0,47.60766714,-101.3182418,38055.0,1280.4232804232804,0.8264462809917356,120,116,1,0,115,113,9541,5,0,0,5,3
2020-08-22,US,North Dakota,Mercer,37,0,0,47.31213126,-101.8318399,38057.0,451.93599609136436,0.0,37,35,0,0,35,34,8267,2,0,0,2,1
2020-08-22,US,North Dakota,Morton,529,4,0,46.71681782,-101.2822377,38059.0,1686.6471113378393,0.7561436672967864,525,516,4,0,512,498,31095,13,0,0,13,18
2020-08-22,US,North Dakota,Mountrail,159,1,0,48.20197971,-102.3555315,38061.0,1507.823613086771,0.6289308176100629,158,159,1,0,158,156,10218,0,0,0,0,3
2020-08-22,US,North Dakota,Nelson,28,0,0,47.9226426,-98.19038437,38063.0,972.5599166377216,0.0,28,27,0,0,27,27,2869,1,0,0,1,0
2020-08-22,US,North Dakota,Oliver,7,0,0,47.11530482,-101.3406158,38065.0,357.32516590096986,0.0,7,7,0,0,7,7,1952,0,0,0,0,0
2020-08-22,US,North Dakota,Pembina,28,0,0,48.76623521,-97.5523809,38067.0,411.70416115277163,0.0,28,27,0,0,27,27,6947,1,0,0,1,0
2020-08-22,US,North Dakota,Pierce,22,0,0,48.24977025,-99.96407787,38069.0,553.4591194968554,0.0,22,21,0,0,21,20,4081,1,0,0,1,1
2020-08-22,US,North Dakota,Ramsey,98,2,0,48.26886249,-98.72223879,38071.0,850.7682958590158,2.0408163265306123,96,98,2,0,96,95,11481,0,0,0,0,3
2020-08-22,US,North Dakota,Ransom,34,0,0,46.45621782,-97.65742504,38073.0,651.5906477577616,0.0,34,33,0,0,33,31,5237,1,0,0,1,2
2020-08-22,US,North Dakota,Renville,10,0,0,48.71982533,-101.6603912,38075.0,429.7378599054577,0.0,10,10,0,0,10,10,2374,0,0,0,0,0
2020-08-22,US,North Dakota,Richland,121,1,0,46.26440649,-96.94852979,38077.0,747.9755208011377,0.8264462809917356,120,121,1,0,120,119,16239,0,0,0,0,2
2020-08-22,US,North Dakota,Rolette,100,1,0,48.77245354,-99.84097493,38079.0,705.4176072234766,1.0,99,97,0,0,97,92,14301,3,1,0,2,5
2020-08-22,US,North Dakota,Sargent,10,0,0,46.10830372,-97.63217159,38081.0,256.5418163160595,0.0,10,10,0,0,10,10,3870,0,0,0,0,0
2020-08-22,US,North Dakota,Sheridan,9,0,0,47.57700669,-100.3426391,38083.0,684.4106463878327,0.0,9,9,0,0,9,9,1349,0,0,0,0,0
2020-08-22,US,North Dakota,Sioux,109,2,0,46.11323337,-101.04401490000001,38085.0,2576.8321513002365,1.834862385321101,107,106,2,0,104,106,4358,3,0,0,3,0
2020-08-22,US,North Dakota,Slope,5,0,0,46.44737738,-103.4601547,38087.0,666.6666666666666,0.0,5,5,0,0,5,5,763,0,0,0,0,0
2020-08-22,US,North Dakota,Stark,513,6,0,46.80851182,-102.65763259999999,38089.0,1629.140334720061,1.1695906432748535,507,491,6,0,485,483,30997,22,0,0,22,8
2020-08-22,US,North Dakota,Steele,17,0,0,47.45611548,-97.72728747,38091.0,899.4708994708992,0.0,17,17,0,0,17,16,1903,0,0,0,0,1
2020-08-22,US,North Dakota,Stutsman,137,3,0,46.97962541,-98.95637318,38093.0,661.7078825347759,2.18978102189781,134,135,3,0,132,134,20917,2,0,0,2,1
2020-08-22,US,North Dakota,Towner,6,0,0,48.68565745,-99.24564265,38095.0,274.09776153494744,0.0,6,6,0,0,6,6,2192,0,0,0,0,0
2020-08-22,US,North Dakota,Traill,67,0,0,47.45367788,-97.16323288,38097.0,833.7481333997014,0.0,67,67,0,0,67,65,8037,0,0,0,0,2
2020-08-22,US,North Dakota,Walsh,137,1,0,48.36876964,-97.72574783,38099.0,1287.472981862607,0.7299270072992701,136,137,0,0,137,132,10667,0,1,0,-1,5
2020-08-22,US,North Dakota,Ward,381,1,0,48.22390169,-101.54367629999999,38101.0,563.2678405109327,0.2624671916010499,380,363,1,0,362,343,67744,18,0,0,18,20
2020-08-22,US,North Dakota,Wells,27,0,0,47.58614526,-99.65904998,38103.0,704.2253521126761,0.0,27,27,0,0,27,26,3957,0,0,0,0,1
2020-08-22,US,North Dakota,Williams,325,2,0,48.34522353,-103.4793387,38105.0,864.6146479023117,0.6153846153846154,323,319,2,0,317,316,35350,6,0,0,6,3
2020-08-22,US,Ohio,Adams,84,3,0,38.84541072,-83.4718964,39001.0,303.270994295617,3.571428571428572,81,83,3,0,80,79,27724,1,0,0,1,4
2020-08-22,US,Ohio,Allen,989,49,0,40.77285242,-84.10802343,39003.0,966.2826938671823,4.954499494438827,940,962,47,0,915,945,102663,27,2,0,25,17
2020-08-22,US,Ohio,Ashland,162,3,0,40.84772277,-82.27280781,39005.0,302.89432353601075,1.851851851851852,159,162,3,0,159,162,53745,0,0,0,0,0
2020-08-22,US,Ohio,Ashtabula,592,46,0,41.70860332,-80.74830218,39007.0,608.7967009800392,7.77027027027027,546,592,46,0,546,591,97493,0,0,0,0,1
2020-08-22,US,Ohio,Athens,372,2,0,39.33425634,-82.04278644,39009.0,569.4429562049382,0.5376344086021505,370,370,2,0,368,369,65818,2,0,0,2,1
2020-08-22,US,Ohio,Auglaize,352,8,0,40.55998859,-84.22421429999999,39011.0,770.9830033292446,2.272727272727273,344,340,8,0,332,333,45804,12,0,0,12,7
2020-08-22,US,Ohio,Belmont,672,26,0,40.01625942,-80.9924051,39013.0,1002.8952631107665,3.8690476190476186,646,671,26,0,645,666,67505,1,0,0,1,5
2020-08-22,US,Ohio,Brown,185,2,0,38.93416837,-83.86788395,39015.0,425.95321421993,1.0810810810810811,183,183,2,0,181,182,43602,2,0,0,2,1
2020-08-22,US,Ohio,Butler,3426,69,0,39.44012838,-84.57388716,39017.0,894.2041165754017,2.0140105078809105,3357,3374,69,0,3305,3333,382378,52,0,0,52,41
2020-08-22,US,Ohio,Carroll,121,6,0,40.578968599999996,-81.09178213,39019.0,449.58014416288916,4.958677685950414,115,121,6,0,115,119,27081,0,0,0,0,2
2020-08-22,US,Ohio,Champaign,230,2,0,40.13923427,-83.76875242,39021.0,591.4877202005915,0.8695652173913043,228,227,2,0,225,223,38754,3,0,0,3,4
2020-08-22,US,Ohio,Clark,1330,19,0,39.91592258,-83.78498252,39023.0,991.9229134192999,1.4285714285714286,1311,1312,19,0,1293,1307,134585,18,0,0,18,5
2020-08-22,US,Ohio,Clermont,1132,13,0,39.04847534,-84.15375786,39025.0,548.3752204158351,1.1484098939929328,1119,1117,13,0,1104,1100,205466,15,0,0,15,17
2020-08-22,US,Ohio,Clinton,209,6,0,39.41485808,-83.80852286,39027.0,497.9984750285932,2.8708133971291865,203,203,6,0,197,196,42057,6,0,0,6,7
2020-08-22,US,Ohio,Columbiana,1761,63,0,40.76932373,-80.78094576,39029.0,1728.4532257589588,3.577512776831346,1698,1755,63,0,1692,1746,102665,6,0,0,6,9
2020-08-22,US,Ohio,Coshocton,209,9,0,40.30096166,-81.91729018,39031.0,571.0382513661202,4.30622009569378,200,209,9,0,200,208,36629,0,0,0,0,1
2020-08-22,US,Ohio,Crawford,187,5,0,40.85065156,-82.91989099,39033.0,450.66756639514153,2.6737967914438503,182,187,5,0,182,185,41550,0,0,0,0,2
2020-08-22,US,Ohio,Cuyahoga,14881,552,0,41.424119,-81.65918339,39035.0,1204.8690278785366,3.709428129829985,14329,14774,552,0,14222,14673,1243857,107,0,0,107,101
2020-08-22,US,Ohio,Darke,528,31,0,40.13412966,-84.6194517,39037.0,1033.0053019779705,5.871212121212121,497,516,31,0,485,505,51323,12,0,0,12,11
2020-08-22,US,Ohio,Defiance,188,4,0,41.32398837,-84.49076944,39039.0,493.6067424580565,2.127659574468085,184,184,4,0,180,184,38165,4,0,0,4,0
2020-08-22,US,Ohio,Delaware,1504,20,0,40.27942393,-83.00457058,39041.0,719.008303972234,1.3297872340425532,1484,1483,20,0,1463,1469,204826,21,0,0,21,14
2020-08-22,US,Ohio,Erie,699,33,0,41.36796058,-82.62904521,39043.0,941.2113214660814,4.721030042918455,666,693,33,0,660,677,74615,6,0,0,6,16
2020-08-22,US,Ohio,Fairfield,1578,39,0,39.75107189,-82.63088163,39045.0,1001.4342467665988,2.4714828897338403,1539,1561,37,0,1524,1538,155782,17,2,0,15,23
2020-08-22,US,Ohio,Fayette,168,1,0,39.56021306,-83.4562016,39047.0,588.9570552147239,0.5952380952380952,167,166,0,0,166,147,28666,2,1,0,1,19
2020-08-22,US,Ohio,Franklin,20443,553,0,39.96995815,-83.01115755,39049.0,1552.5275753442554,2.705082424301717,19890,20316,551,0,19765,20150,1310300,127,2,0,125,166
2020-08-22,US,Ohio,Fulton,171,1,0,41.60213491,-84.12571393,39051.0,405.9250818971656,0.5847953216374269,170,169,1,0,168,169,42276,2,0,0,2,0
2020-08-22,US,Ohio,Gallia,106,2,0,38.82708533,-82.31647569,39053.0,354.5387651347916,1.8867924528301887,104,101,2,0,99,100,29979,5,0,0,5,1
2020-08-22,US,Ohio,Geauga,592,46,0,41.49952319,-81.17935342,39055.0,632.1477004559579,7.77027027027027,546,588,46,0,542,586,94031,4,0,0,4,2
2020-08-22,US,Ohio,Greene,862,14,0,39.69116283,-83.89032084,39057.0,510.2493829060537,1.6241299303944317,848,854,14,0,840,842,167995,8,0,0,8,12
2020-08-22,US,Ohio,Guernsey,127,7,0,40.05026529,-81.49248905,39059.0,326.6881028938907,5.511811023622046,120,126,7,0,119,124,39022,1,0,0,1,2
2020-08-22,US,Ohio,Hamilton,10503,279,0,39.19673558,-84.54502924,39061.0,1284.8130763951838,2.6563838903170525,10224,10437,276,0,10161,10362,816684,66,3,0,63,75
2020-08-22,US,Ohio,Hancock,468,5,0,41.00250487,-83.66838948,39063.0,617.5527492973357,1.0683760683760684,463,461,5,0,456,457,75930,7,0,0,7,4
2020-08-22,US,Ohio,Hardin,202,13,0,40.66015414,-83.65929931,39065.0,644.0299697114617,6.435643564356437,189,199,12,0,187,195,31480,3,1,0,2,4
2020-08-22,US,Ohio,Harrison,28,1,0,40.29380509,-81.09068544,39067.0,186.17021276595744,3.571428571428572,27,28,1,0,27,28,15174,0,0,0,0,0
2020-08-22,US,Ohio,Henry,157,2,0,41.333964200000004,-84.06830637,39069.0,581.3522920832407,1.2738853503184713,155,150,2,0,148,144,27086,7,0,0,7,6
2020-08-22,US,Ohio,Highland,182,3,0,39.1839264,-83.60331456,39071.0,421.6769769004425,1.6483516483516485,179,181,3,0,178,180,43058,1,0,0,1,1
2020-08-22,US,Ohio,Hocking,130,9,0,39.49537927,-82.47991446,39073.0,459.9490517973394,6.9230769230769225,121,130,9,0,121,130,28385,0,0,0,0,0
2020-08-22,US,Ohio,Holmes,341,7,0,40.56163713,-81.92635677,39075.0,775.705186533212,2.0527859237536656,334,339,7,0,332,339,43892,2,0,0,2,0
2020-08-22,US,Ohio,Huron,462,6,0,41.14651175,-82.59867951,39077.0,792.9152507465759,1.2987012987012987,456,459,6,0,453,425,58504,3,0,0,3,34
2020-08-22,US,Ohio,Jackson,118,0,0,39.01914254,-82.61818559999998,39079.0,364.0514608336162,0.0,118,108,0,0,108,102,32384,10,0,0,10,6
2020-08-22,US,Ohio,Jefferson,261,4,0,40.38614126,-80.76259514,39081.0,399.5407577497129,1.5325670498084292,257,260,4,0,256,259,65767,1,0,0,1,1
2020-08-22,US,Ohio,Knox,232,13,0,40.39830217,-82.42027563,39083.0,372.2601970411732,5.603448275862068,219,232,13,0,219,232,61893,0,0,0,0,0
2020-08-22,US,Ohio,Lake,1233,44,0,41.69710807,-81.23676539,39085.0,535.7398902450152,3.5685320356853203,1189,1225,44,0,1181,1216,230514,8,0,0,8,9
2020-08-22,US,Ohio,Lawrence,390,6,0,38.59743452,-82.53466552,39087.0,655.8700368296253,1.5384615384615383,384,387,6,0,381,380,59866,3,0,0,3,7
2020-08-22,US,Ohio,Licking,1489,56,0,40.09136236,-82.48185785,39089.0,841.8993339439792,3.7609133646742783,1433,1484,55,0,1429,1469,175769,5,1,0,4,15
2020-08-22,US,Ohio,Logan,214,2,0,40.38996525,-83.76784341,39091.0,468.5584165352951,0.9345794392523364,212,206,2,0,204,201,45358,8,0,0,8,5
2020-08-22,US,Ohio,Lorain,1981,80,0,41.29553751,-82.15083537,39093.0,639.3766964784255,4.038364462392732,1901,1976,80,0,1896,1965,309461,5,0,0,5,11
2020-08-22,US,Ohio,Lucas,6036,338,0,41.62101218,-83.65468618,39095.0,1409.1346288531754,5.59973492379059,5698,5981,337,0,5644,5909,429899,55,1,0,54,72
2020-08-22,US,Ohio,Madison,647,11,0,39.89381073,-83.40178317,39097.0,1446.424180098813,1.7001545595054095,636,632,11,0,621,628,44413,15,0,0,15,4
2020-08-22,US,Ohio,Mahoning,2752,262,0,41.01631101,-80.77287029,39099.0,1203.4125842323215,9.520348837209305,2490,2741,262,0,2479,2729,229642,11,0,0,11,12
2020-08-22,US,Ohio,Marion,2977,45,0,40.58610662,-83.15736305,39101.0,4573.45643924846,1.5115888478333894,2932,2974,45,0,2929,2974,65256,3,0,0,3,0
2020-08-22,US,Ohio,Medina,1074,36,0,41.11770589,-81.89986209999998,39103.0,597.5098194118368,3.35195530726257,1038,1052,36,0,1016,1038,179146,22,0,0,22,14
2020-08-22,US,Ohio,Meigs,79,0,0,39.09224872,-82.0305041,39105.0,344.87274632208494,0.0,79,75,0,0,75,74,23106,4,0,0,4,1
2020-08-22,US,Ohio,Mercer,752,14,0,40.54043046,-84.62912742,39107.0,1826.4840182648402,1.8617021276595744,738,741,14,0,727,733,40959,11,0,0,11,8
2020-08-22,US,Ohio,Miami,979,40,0,40.0543329,-84.22871271,39109.0,915.064447082356,4.085801838610827,939,974,40,0,934,964,106222,5,0,0,5,10
2020-08-22,US,Ohio,Monroe,102,18,0,39.72984936,-81.08464734,39111.0,747.0338362384648,17.647058823529417,84,101,18,0,83,101,13790,1,0,0,1,0
2020-08-22,US,Ohio,Montgomery,4984,115,0,39.75394919,-84.29050975,39113.0,937.3936169212337,2.307383627608347,4869,4908,115,0,4793,4853,532331,76,0,0,76,55
2020-08-22,US,Ohio,Morgan,41,0,0,39.62081738,-81.85308173,39115.0,282.6027019575406,0.0,41,40,0,0,40,39,14604,1,0,0,1,1
2020-08-22,US,Ohio,Morrow,211,2,0,40.52363560000001,-82.7892599,39117.0,597.259963768116,0.9478672985781992,209,209,2,0,207,204,35112,2,0,0,2,5
2020-08-22,US,Ohio,Muskingum,290,1,0,39.96575964,-81.94363275,39119.0,336.368381372151,0.3448275862068966,289,290,1,0,289,289,86183,0,0,0,0,1
2020-08-22,US,Ohio,Noble,21,0,0,39.76818851,-81.45937183,39121.0,145.59068219633943,0.0,21,22,0,0,22,21,14354,-1,0,0,-1,1
2020-08-22,US,Ohio,Ottawa,434,28,0,41.53781826,-83.0940185,39123.0,1070.9438618136953,6.451612903225807,406,432,28,0,404,432,40769,2,0,0,2,0
2020-08-22,US,Ohio,Paulding,76,0,0,41.11676341,-84.5801017,39125.0,407.0265638389032,0.0,76,76,0,0,76,76,18760,0,0,0,0,0
2020-08-22,US,Ohio,Perry,195,5,0,39.73508655,-82.23804971,39127.0,539.6579398904079,2.5641025641025643,190,192,5,0,187,187,36033,3,0,0,3,5
2020-08-22,US,Ohio,Pickaway,2445,42,0,39.64170392,-83.0243386,39129.0,4182.561540961732,1.7177914110429449,2403,2443,42,0,2401,2438,58086,2,0,0,2,5
2020-08-22,US,Ohio,Pike,92,0,0,39.07634001,-83.06769584,39131.0,331.26890393201785,0.0,92,90,0,0,90,90,28067,2,0,0,2,0
2020-08-22,US,Ohio,Portage,817,65,0,41.16793482,-81.19735782,39133.0,502.8744475767238,7.9559363525091795,752,807,65,0,742,804,162927,10,0,0,10,3
2020-08-22,US,Ohio,Preble,299,3,0,39.7420247,-84.64787018,39135.0,731.3732204882344,1.0033444816053512,296,298,2,0,296,289,40997,1,1,0,0,9
2020-08-22,US,Ohio,Putnam,256,17,0,41.02094889,-84.1336111,39137.0,756.0320132305603,6.640625,239,248,17,0,231,242,33780,8,0,0,8,6
2020-08-22,US,Ohio,Richland,667,16,0,40.77180308,-82.53799609999999,39139.0,550.5389834425606,2.39880059970015,651,665,15,0,650,661,121099,2,1,0,1,4
2020-08-22,US,Ohio,Ross,611,8,0,39.33705391,-83.06000914,39141.0,796.963451856103,1.3093289689034369,603,598,6,0,592,592,76931,13,2,0,11,6
2020-08-22,US,Ohio,Sandusky,477,17,0,41.35624126,-83.137872,39143.0,815.1338049830821,3.5639412997903563,460,469,17,0,452,492,58799,8,0,0,8,-23
2020-08-22,US,Ohio,Scioto,309,1,0,38.80270163,-82.98907345,39145.0,410.282284834161,0.32362459546925565,308,299,1,0,298,285,75502,10,0,0,10,14
2020-08-22,US,Ohio,Seneca,288,10,0,41.12351311,-83.12783209,39147.0,521.9471528507738,3.4722222222222223,278,282,10,0,272,279,55207,6,0,0,6,3
2020-08-22,US,Ohio,Shelby,285,4,0,40.33163494,-84.20258189,39149.0,586.5404404198395,1.4035087719298245,281,279,4,0,275,272,48627,6,0,0,6,7
2020-08-22,US,Ohio,Stark,2144,149,0,40.81482476,-81.36437305,39151.0,578.5119506969668,6.949626865671643,1995,2109,147,0,1962,2091,371574,35,2,0,33,18
2020-08-22,US,Ohio,Summit,4122,232,0,41.12464734,-81.53123079,39153.0,761.9040577583162,5.628335759340127,3890,3980,231,0,3749,3937,541918,142,1,0,141,43
2020-08-22,US,Ohio,Trumbull,1695,114,0,41.31735028,-80.76109643,39155.0,856.1730328224918,6.725663716814159,1581,1684,114,0,1570,1675,198627,11,0,0,11,9
2020-08-22,US,Ohio,Tuscarawas,828,15,0,40.44214695,-81.47226262,39157.0,900.1271918858099,1.8115942028985508,813,822,15,0,807,818,92176,6,0,0,6,4
2020-08-22,US,Ohio,Union,323,1,0,40.30016061,-83.37239023,39159.0,547.5689970841527,0.30959752321981426,322,317,1,0,316,312,57835,6,0,0,6,5
2020-08-22,US,Ohio,Van Wert,79,2,0,40.8554138,-84.59111700000003,39161.0,279.39876215738286,2.5316455696202533,77,77,2,0,75,78,28281,2,0,0,2,-1
2020-08-22,US,Ohio,Vinton,35,2,0,39.25208988,-82.4831444,39163.0,267.48184944593044,5.7142857142857135,33,35,2,0,33,35,13139,0,0,0,0,0
2020-08-22,US,Ohio,Warren,2090,41,0,39.42581994,-84.16557457,39165.0,890.8704955626978,1.961722488038277,2049,2067,41,0,2026,2034,232173,23,0,0,23,33
2020-08-22,US,Ohio,Washington,222,23,0,39.45690571,-81.49121382,39167.0,370.5496486454908,10.360360360360358,199,222,23,0,199,218,60155,0,0,0,0,4
2020-08-22,US,Ohio,Wayne,644,61,0,40.82925852,-81.88844833,39169.0,556.5638233514821,9.472049689440992,583,630,61,0,569,618,115967,14,0,0,14,12
2020-08-22,US,Ohio,Williams,147,3,0,41.56052014,-84.58429552,39171.0,400.6322904175297,2.0408163265306123,144,145,3,0,142,143,36804,2,0,0,2,2
2020-08-22,US,Ohio,Wood,1216,60,0,41.36224827,-83.62285108,39173.0,929.5427964255408,4.934210526315789,1156,1206,60,0,1146,1186,130696,10,0,0,10,20
2020-08-22,US,Ohio,Wyandot,173,10,0,40.84339621,-83.30734173,39175.0,794.5985669667463,5.780346820809249,163,173,10,0,163,171,21935,0,0,0,0,2
2020-08-22,US,Oklahoma,Adair,408,6,0,35.88494195,-94.65859267,40001.0,1838.3346850500131,1.4705882352941178,402,395,6,0,389,400,22082,13,0,0,13,-5
2020-08-22,US,Oklahoma,Alfalfa,9,0,0,36.73090616,-98.32408495,40003.0,157.83935461241668,0.0,9,7,0,0,7,6,5754,2,0,0,2,1
2020-08-22,US,Oklahoma,Atoka,95,1,0,34.37366573,-96.03802487,40005.0,690.5073411833115,1.0526315789473684,94,91,1,0,90,90,13838,4,0,0,4,1
2020-08-22,US,Oklahoma,Beaver,41,0,0,36.7496847,-100.4758872,40007.0,771.9826774618716,0.0,41,41,0,0,41,40,5319,0,0,0,0,1
2020-08-22,US,Oklahoma,Beckham,111,1,0,35.26862449,-99.68128023,40009.0,507.79999085045057,0.9009009009009008,110,109,1,0,108,103,21709,2,0,0,2,6
2020-08-22,US,Oklahoma,Blaine,57,0,0,35.87518314,-98.43307003,40011.0,604.5179764556158,0.0,57,53,0,0,53,50,9485,4,0,0,4,3
2020-08-22,US,Oklahoma,Bryan,543,3,0,33.96472458,-96.25903472,40013.0,1131.3678508177934,0.5524861878453039,540,538,3,0,535,532,47192,5,0,0,5,6
2020-08-22,US,Oklahoma,Caddo,504,20,0,35.17364557,-98.37534464,40015.0,1752.3120784368264,3.968253968253968,484,499,20,0,479,492,28977,5,0,0,5,7
2020-08-22,US,Oklahoma,Canadian,1409,9,0,35.5426055,-97.98465569,40017.0,950.0627081844297,0.63875088715401,1400,1393,9,0,1384,1361,144447,16,0,0,16,32
2020-08-22,US,Oklahoma,Carter,390,6,0,34.25103751,-97.28552485,40019.0,810.6254286961401,1.5384615384615383,384,388,6,0,382,375,48177,2,0,0,2,13
2020-08-22,US,Oklahoma,Cherokee,579,3,0,35.90692775,-94.99980896,40021.0,1189.9623897897527,0.5181347150259067,576,562,3,0,559,569,48675,17,0,0,17,-7
2020-08-22,US,Oklahoma,Choctaw,218,1,0,34.02807439,-95.54771129,40023.0,1485.8233369683746,0.4587155963302753,217,218,1,0,217,211,14668,0,0,0,0,7
2020-08-22,US,Oklahoma,Cimarron,14,0,0,36.74817177,-102.5173885,40025.0,655.1240056153488,0.0,14,14,0,0,14,14,2153,0,0,0,0,0
2020-08-22,US,Oklahoma,Cleveland,3510,63,0,35.20413532,-97.32519562,40027.0,1235.854570549339,1.794871794871795,3447,3469,62,0,3407,3399,281669,41,1,0,40,70
2020-08-22,US,Oklahoma,Coal,47,0,0,34.58840127,-96.29798747,40029.0,855.3230209281163,0.0,47,46,0,0,46,46,5520,1,0,0,1,0
2020-08-22,US,Oklahoma,Comanche,999,11,0,34.65973764,-98.47195055,40031.0,827.3360441908421,1.1011011011011012,988,987,11,0,976,923,120422,12,0,0,12,64
2020-08-22,US,Oklahoma,Cotton,25,2,0,34.28845626,-98.37053567,40033.0,441.22837980938937,8.0,23,22,2,0,20,22,5776,3,0,0,3,0
2020-08-22,US,Oklahoma,Craig,101,1,0,36.76268118,-95.20916602,40035.0,714.1846980625087,0.99009900990099,100,98,1,0,97,97,14306,3,0,0,3,1
2020-08-22,US,Oklahoma,Creek,745,19,0,35.90230551,-96.37086028,40037.0,1041.6375381001649,2.5503355704697985,726,735,19,0,716,721,71604,10,0,0,10,14
2020-08-22,US,Oklahoma,Custer,270,0,0,35.63853802,-99.00170785,40039.0,930.9381788090888,0.0,270,257,0,0,257,249,29036,13,0,0,13,8
2020-08-22,US,Oklahoma,Delaware,506,20,0,36.40823634,-94.80325046,40041.0,1176.4979422911485,3.9525691699604737,486,493,20,0,473,493,42733,13,0,0,13,0
2020-08-22,US,Oklahoma,Dewey,18,0,0,35.98772922,-99.00730714,40043.0,368.02289920261705,0.0,18,18,0,0,18,19,4894,0,0,0,0,-1
2020-08-22,US,Oklahoma,Ellis,6,0,0,36.218019399999996,-99.75324573,40045.0,155.48069448043537,0.0,6,6,0,0,6,6,3952,0,0,0,0,0
2020-08-22,US,Oklahoma,Garfield,736,9,0,36.3791334,-97.78265517,40047.0,1205.4507337526206,1.2228260869565215,727,704,9,0,695,671,60913,32,0,0,32,33
2020-08-22,US,Oklahoma,Garvin,253,4,0,34.70418038,-97.30811132,40049.0,912.9948395943848,1.5810276679841897,249,250,4,0,246,250,27811,3,0,0,3,0
2020-08-22,US,Oklahoma,Grady,491,7,0,35.0167709,-97.88339847,40051.0,879.3924848658522,1.4256619144602851,484,489,7,0,482,481,55551,2,0,0,2,8
2020-08-22,US,Oklahoma,Grant,20,0,0,36.796296999999996,-97.78638765,40053.0,461.5739672282483,0.0,20,18,0,0,18,18,4326,2,0,0,2,0
2020-08-22,US,Oklahoma,Greer,86,8,0,34.93535801,-99.56056120000001,40055.0,1505.6022408963586,9.30232558139535,78,84,8,0,76,84,5821,2,0,0,2,0
2020-08-22,US,Oklahoma,Harmon,36,0,0,34.7440135,-99.84741652,40057.0,1356.9543912551828,0.0,36,36,0,0,36,32,2664,0,0,0,0,4
2020-08-22,US,Oklahoma,Harper,15,0,0,36.78836519,-99.6679804,40059.0,406.7245119305857,0.0,15,14,0,0,14,13,3797,1,0,0,1,1
2020-08-22,US,Oklahoma,Haskell,145,2,0,35.22257600000001,-95.11513306,40061.0,1148.3329373564584,1.3793103448275863,143,139,2,0,137,133,12668,6,0,0,6,6
2020-08-22,US,Oklahoma,Hughes,192,3,0,35.04912569,-96.24921145,40063.0,1445.8920099405075,1.5625,189,191,3,0,188,185,13335,1,0,0,1,6
2020-08-22,US,Oklahoma,Jackson,560,7,0,34.58781741,-99.41138784,40065.0,2282.918874847126,1.25,553,555,7,0,548,553,24949,5,0,0,5,2
2020-08-22,US,Oklahoma,Jefferson,34,0,0,34.11130184,-97.83182974,40067.0,566.47784071976,0.0,34,34,0,0,34,34,6123,0,0,0,0,0
2020-08-22,US,Oklahoma,Johnston,66,0,0,34.31440473,-96.66011537,40069.0,595.3991880920162,0.0,66,61,0,0,61,60,10949,5,0,0,5,1
2020-08-22,US,Oklahoma,Kay,286,11,0,36.81799745,-97.14421435,40071.0,656.8974229408793,3.8461538461538463,275,281,11,0,270,275,44161,5,0,0,5,6
2020-08-22,US,Oklahoma,Kingfisher,206,0,0,35.94530008,-97.94193268,40073.0,1306.6920393276246,0.0,206,192,0,0,192,186,15816,14,0,0,14,6
2020-08-22,US,Oklahoma,Kiowa,39,1,0,34.91671958,-98.97720696,40075.0,447.86403307303635,2.5641025641025643,38,36,1,0,35,36,8729,3,0,0,3,0
2020-08-22,US,Oklahoma,Latimer,105,2,0,34.87844729,-95.25215049,40077.0,1042.390548992356,1.9047619047619049,103,104,2,0,102,103,10231,1,0,0,1,1
2020-08-22,US,Oklahoma,Le Flore,531,3,0,34.89851864,-94.70392124,40079.0,1065.1314865705174,0.5649717514124294,528,504,3,0,501,481,49980,27,0,0,27,23
2020-08-22,US,Oklahoma,Lincoln,266,5,0,35.70270942,-96.8812462,40081.0,762.6802763999198,1.8796992481203008,261,261,5,0,256,250,34920,5,0,0,5,11
2020-08-22,US,Oklahoma,Logan,265,1,0,35.91899576,-97.44352845,40083.0,551.956843223428,0.37735849056603776,264,259,1,0,258,253,47291,6,0,0,6,6
2020-08-22,US,Oklahoma,Love,84,0,0,33.95273467,-97.23906784,40085.0,819.2724080756851,0.0,84,83,0,0,83,82,10134,1,0,0,1,1
2020-08-22,US,Oklahoma,Major,43,1,0,36.31149996,-98.53467076,40093.0,563.6387468868793,2.3255813953488373,42,42,1,0,41,38,7644,1,0,0,1,4
2020-08-22,US,Oklahoma,Marshall,126,1,0,34.02311222,-96.76855464,40095.0,744.1970350245113,0.7936507936507936,125,124,1,0,123,123,16806,2,0,0,2,1
2020-08-22,US,Oklahoma,Mayes,386,8,0,36.30179091,-95.23175116,40097.0,939.1727493917276,2.0725388601036268,378,383,8,0,375,380,41107,3,0,0,3,3
2020-08-22,US,Oklahoma,McClain,522,4,0,35.01123903,-97.44572302,40087.0,1289.7168552651085,0.7662835249042146,518,519,4,0,515,506,39985,3,0,0,3,13
2020-08-22,US,Oklahoma,McCurtain,949,29,0,34.11664328,-94.77222373,40089.0,2890.4727095516573,3.0558482613277134,920,929,29,0,900,914,32703,20,0,0,20,15
2020-08-22,US,Oklahoma,McIntosh,222,4,0,35.37235506,-95.66599306,40091.0,1132.8842620943049,1.8018018018018016,218,217,3,0,214,213,19815,5,1,0,4,4
2020-08-22,US,Oklahoma,Murray,85,0,0,34.48116015,-97.06826283,40099.0,603.9934626589924,0.0,85,84,0,0,84,84,13953,1,0,0,1,0
2020-08-22,US,Oklahoma,Muskogee,656,16,0,35.61318461,-95.37802952,40101.0,964.7484447843287,2.4390243902439024,640,639,16,0,623,628,68362,17,0,0,17,11
2020-08-22,US,Oklahoma,Noble,97,2,0,36.38953329,-97.22928674,40103.0,871.4401221812955,2.061855670103093,95,93,2,0,91,92,11289,4,0,0,4,1
2020-08-22,US,Oklahoma,Nowata,73,1,0,36.79843529,-95.61902331,40105.0,724.4938467645891,1.3698630136986298,72,73,1,0,72,70,10218,0,0,0,0,3
2020-08-22,US,Oklahoma,Okfuskee,91,3,0,35.46485198,-96.32639984,40107.0,758.7759526390395,3.2967032967032965,88,90,3,0,87,89,12098,1,0,0,1,1
2020-08-22,US,Oklahoma,Oklahoma,12515,142,0,35.55140095,-97.40716948,40109.0,1569.408878979326,1.1346384338793447,12373,12328,139,0,12189,12037,792582,187,3,0,184,291
2020-08-22,US,Oklahoma,Okmulgee,561,4,0,35.64661916,-95.96432828,40111.0,1458.4687378135968,0.7130124777183601,557,553,4,0,549,531,38335,8,0,0,8,22
2020-08-22,US,Oklahoma,Osage,594,12,0,36.62888819,-96.39635704,40113.0,1264.8255009262614,2.0202020202020203,582,589,12,0,577,582,47014,5,0,0,5,7
2020-08-22,US,Oklahoma,Ottawa,462,4,0,36.83532655,-94.81011909,40115.0,1484.2419764191861,0.8658008658008658,458,456,3,0,453,442,31175,6,1,0,5,14
2020-08-22,US,Oklahoma,Pawnee,194,3,0,36.31743373,-96.70331759999999,40117.0,1184.660478749389,1.5463917525773196,191,186,3,0,183,178,16390,8,0,0,8,8
2020-08-22,US,Oklahoma,Payne,893,4,0,36.07695283,-96.97584944,40119.0,1091.9006162574588,0.4479283314669653,889,874,4,0,870,847,82040,19,0,0,19,27
2020-08-22,US,Oklahoma,Pittsburg,531,12,0,34.92065823,-95.75134320000001,40121.0,1216.3833783845696,2.2598870056497176,519,510,12,0,498,502,43877,21,0,0,21,8
2020-08-22,US,Oklahoma,Pontotoc,222,2,0,34.72959848,-96.68337199,40123.0,579.8767108975029,0.9009009009009008,220,220,2,0,218,215,38247,2,0,0,2,5
2020-08-22,US,Oklahoma,Pottawatomie,664,9,0,35.20614018,-96.94923008,40125.0,914.7013445007716,1.355421686746988,655,640,9,0,631,631,72679,24,0,0,24,9
2020-08-22,US,Oklahoma,Pushmataha,121,0,0,34.41635232,-95.37603505,40127.0,1090.4830569574624,0.0,121,119,0,0,119,118,11179,2,0,0,2,1
2020-08-22,US,Oklahoma,Roger Mills,12,1,0,35.68711719,-99.69666167,40129.0,334.91487580240016,8.333333333333334,11,10,1,0,9,9,3656,2,0,0,2,1
2020-08-22,US,Oklahoma,Rogers,1207,25,0,36.37004357,-95.60406759,40131.0,1305.4434938729598,2.071251035625518,1182,1185,24,0,1161,1179,91984,22,1,0,21,6
2020-08-22,US,Oklahoma,Seminole,284,5,0,35.16478725,-96.61686741,40133.0,1170.7477945420067,1.7605633802816902,279,277,5,0,272,273,24578,7,0,0,7,4
2020-08-22,US,Oklahoma,Sequoyah,503,5,0,35.49447108,-94.75463785,40135.0,1210.0363251461424,0.9940357852882704,498,488,5,0,483,483,41179,15,0,0,15,5
2020-08-22,US,Oklahoma,Stephens,228,4,0,34.48556989,-97.85141892,40137.0,528.4750712745985,1.7543859649122806,224,228,3,0,225,224,43265,0,1,0,-1,4
2020-08-22,US,Oklahoma,Texas,1097,7,0,36.74777635,-101.4889765,40139.0,5489.666216283841,0.6381039197812215,1090,1090,7,0,1083,1083,20455,7,0,0,7,7
2020-08-22,US,Oklahoma,Tillman,60,1,0,34.37288446,-98.92426619,40141.0,827.5862068965519,1.6666666666666667,59,59,1,0,58,59,7348,1,0,0,1,0
2020-08-22,US,Oklahoma,Tulsa,12253,125,0,36.11939621,-95.94013939,40143.0,1880.5866607730466,1.0201583285725944,12128,12095,123,0,11972,11873,648360,158,2,0,156,222
2020-08-22,US,Oklahoma,Unassigned,11,0,0,0.0,0.0,90040.0,0.0,0.0,11,17,0,0,17,17,,-6,0,0,-6,0
2020-08-22,US,Oklahoma,Wagoner,1051,23,0,35.96024096,-95.51911308,40145.0,1292.9178609651985,2.188392007611798,1028,1034,23,0,1011,1003,80110,17,0,0,17,31
2020-08-22,US,Oklahoma,Washington,733,39,0,36.71380786,-95.90514104,40147.0,1422.5551652531688,5.320600272851296,694,729,39,0,690,724,51843,4,0,0,4,5
2020-08-22,US,Oklahoma,Washita,37,0,0,35.29071824,-98.99180434,40149.0,338.95199706852327,0.0,37,37,0,0,37,37,11127,0,0,0,0,0
2020-08-22,US,Oklahoma,Woods,24,0,0,36.76705782,-98.86573064,40151.0,272.9443875810304,0.0,24,24,0,0,24,24,8897,0,0,0,0,0
2020-08-22,US,Oklahoma,Woodward,71,0,0,36.42316318,-99.26283045,40153.0,351.29384988372664,0.0,71,71,0,0,71,63,20222,0,0,0,0,8
2020-08-22,US,Oregon,Baker,64,1,0,44.70915557,-117.6749883,41001.0,396.9238402381543,1.5625,63,55,1,0,54,55,16006,9,0,0,9,0
2020-08-22,US,Oregon,Benton,201,6,0,44.49167306,-123.4316987,41003.0,216.00593210321,2.985074626865672,195,196,6,0,190,194,92101,5,0,0,5,2
2020-08-22,US,Oregon,Clackamas,1792,55,0,45.18787398,-122.2179634,41005.0,428.5164292529418,3.0691964285714284,1737,1769,55,0,1714,1756,416075,23,0,0,23,13
2020-08-22,US,Oregon,Clatsop,93,0,0,45.99712889,-123.660711,41007.0,231.20525059665871,0.0,93,92,0,0,92,92,39764,1,0,0,1,0
2020-08-22,US,Oregon,Columbia,121,1,0,45.94464254,-123.08908980000001,41009.0,231.118921190358,0.8264462809917356,120,121,1,0,120,120,52377,0,0,0,0,1
2020-08-22,US,Oregon,Coos,97,0,0,43.17406868,-124.0594514,41011.0,150.41791368803015,0.0,97,94,0,0,94,93,64389,3,0,0,3,1
2020-08-22,US,Oregon,Crook,54,1,0,44.14230227,-120.356297,41013.0,221.27520078675627,1.851851851851852,53,54,1,0,53,54,23867,0,0,0,0,0
2020-08-22,US,Oregon,Curry,20,0,0,42.45911325,-124.15728200000001,41015.0,87.24100327153762,0.0,20,20,0,0,20,19,22813,0,0,0,0,1
2020-08-22,US,Oregon,Deschutes,664,11,0,43.91570171,-121.2289121,41017.0,335.8760091455395,1.6566265060240963,653,657,11,0,646,655,191996,7,0,0,7,2
2020-08-22,US,Oregon,Douglas,169,2,0,43.27941273,-123.16729099999999,41019.0,152.2796900342404,1.183431952662722,167,169,2,0,167,168,110283,0,0,0,0,1
2020-08-22,US,Oregon,Gilliam,4,0,0,45.37160076,-120.20488689999999,41021.0,209.20502092050208,0.0,4,4,0,0,4,4,1894,0,0,0,0,0
2020-08-22,US,Oregon,Grant,8,0,0,44.49024544,-119.0068631,41023.0,111.12654535352131,0.0,8,4,0,0,4,4,7176,4,0,0,4,0
2020-08-22,US,Oregon,Harney,11,0,0,43.06422669,-118.96663059999999,41025.0,148.7893953740024,0.0,11,11,0,0,11,11,7329,0,0,0,0,0
2020-08-22,US,Oregon,Hood River,225,0,0,45.51872811,-121.65520359999998,41027.0,962.278675904542,0.0,225,223,0,0,223,221,23428,2,0,0,2,2
2020-08-22,US,Oregon,Jackson,674,2,0,42.43201126,-122.72893090000001,41029.0,305.0546744876529,0.2967359050445104,672,654,2,0,652,636,219564,20,0,0,20,18
2020-08-22,US,Oregon,Jefferson,440,6,0,44.62806839,-121.17832,41031.0,1784.410738908265,1.3636363636363635,434,436,6,0,430,430,24192,4,0,0,4,6
2020-08-22,US,Oregon,Josephine,150,2,0,42.3665549,-123.5561938,41033.0,171.45404460091214,1.3333333333333333,148,149,2,0,147,149,87393,1,0,0,1,0
2020-08-22,US,Oregon,Klamath,221,2,0,42.68762984,-121.64964609999998,41035.0,323.86646736422523,0.9049773755656108,219,221,2,0,219,219,67653,0,0,0,0,2
2020-08-22,US,Oregon,Lake,32,0,0,42.79246693,-120.38501629999999,41037.0,406.6590418096328,0.0,32,32,0,0,32,32,7879,0,0,0,0,0
2020-08-22,US,Oregon,Lane,652,5,0,43.93727035,-122.847753,41039.0,170.65069739077174,0.7668711656441718,647,647,5,0,642,643,379611,5,0,0,5,4
2020-08-22,US,Oregon,Lincoln,453,11,0,44.64252874,-123.86991200000001,41041.0,906.6890837036148,2.428256070640177,442,450,11,0,439,444,49388,3,0,0,3,6
2020-08-22,US,Oregon,Linn,356,12,0,44.48899494,-122.53731540000001,41043.0,274.3759104116409,3.3707865168539324,344,353,12,0,341,350,127335,3,0,0,3,3
2020-08-22,US,Oregon,Malheur,1009,16,0,43.1937027,-117.62273950000001,41045.0,3300.513558601289,1.5857284440039645,993,991,16,0,975,963,30725,18,0,0,18,28
2020-08-22,US,Oregon,Marion,3476,75,0,44.90287942,-122.58151170000001,41047.0,999.3732354277237,2.15765247410817,3401,3425,74,0,3351,3369,346868,51,1,0,50,56
2020-08-22,US,Oregon,Morrow,419,3,0,45.41846568,-119.584546,41049.0,3611.135051279841,0.7159904534606205,416,418,3,0,415,415,11372,1,0,0,1,3
2020-08-22,US,Oregon,Multnomah,5597,109,0,45.54747959,-122.4169351,41051.0,688.560690406038,1.94747185992496,5488,5543,108,0,5435,5505,811880,54,1,0,53,38
2020-08-22,US,Oregon,Polk,390,13,0,44.90322804,-123.4128888,41053.0,453.0405994075624,3.333333333333333,377,387,13,0,374,379,85234,3,0,0,3,8
2020-08-22,US,Oregon,Sherman,16,0,0,45.41501554,-120.6827834,41055.0,898.876404494382,0.0,16,17,0,0,17,17,1708,-1,0,0,-1,0
2020-08-22,US,Oregon,Tillamook,37,0,0,45.46248721,-123.712066,41057.0,136.8545642846575,0.0,37,36,0,0,36,37,26787,1,0,0,1,-1
2020-08-22,US,Oregon,Umatilla,2530,32,0,45.59073056,-118.7353826,41059.0,3245.670301475305,1.2648221343873518,2498,2514,32,0,2482,2497,77516,16,0,0,16,17
2020-08-22,US,Oregon,Union,408,2,0,45.30915495,-118.0068979,41061.0,1520.4024594745667,0.4901960784313725,406,407,2,0,405,406,26461,1,0,0,1,1
2020-08-22,US,Oregon,Wallowa,21,1,0,45.57894064,-117.18353799999998,41063.0,291.34295227524973,4.761904761904762,20,21,1,0,20,21,7081,0,0,0,0,0
2020-08-22,US,Oregon,Wasco,207,3,0,45.16292781,-121.16709540000001,41065.0,775.8039127501687,1.4492753623188406,204,206,3,0,203,205,26505,1,0,0,1,1
2020-08-22,US,Oregon,Washington,3518,32,0,45.55972701,-123.0955257,41067.0,584.7817125227729,0.9096077316657192,3486,3477,32,0,3445,3452,597695,41,0,0,41,25
2020-08-22,US,Oregon,Yamhill,581,14,0,45.23330449,-123.3086963,41071.0,542.4836601307188,2.409638554216868,567,568,13,0,555,550,107002,13,1,0,12,18
2020-08-22,US,Pennsylvania,Adams,566,23,0,39.87140411,-77.21610347,42001.0,549.4665514663767,4.063604240282685,543,561,23,0,538,557,102811,5,0,0,5,4
2020-08-22,US,Pennsylvania,Allegheny,9817,291,0,40.46809875,-79.98167747,42003.0,807.2892039357097,2.9642456962412136,9526,9756,287,0,9469,9676,1218452,61,4,0,57,80
2020-08-22,US,Pennsylvania,Armstrong,276,9,0,40.81665618,-79.46290811,42005.0,426.35359542751223,3.260869565217391,267,269,9,0,260,266,65263,7,0,0,7,3
2020-08-22,US,Pennsylvania,Beaver,1496,95,0,40.6825484,-80.34921611,42007.0,912.5902067358428,6.350267379679145,1401,1485,95,0,1390,1447,164742,11,0,0,11,38
2020-08-22,US,Pennsylvania,Bedford,160,5,0,40.00522157,-78.48998442,42009.0,334.11293017039765,3.125,155,159,5,0,154,157,48176,1,0,0,1,2
2020-08-22,US,Pennsylvania,Berks,5781,377,0,40.41570541,-75.92457766,42011.0,1372.6244408353996,6.521363085971285,5404,5743,376,0,5367,5705,420152,38,1,0,37,38
2020-08-22,US,Pennsylvania,Blair,393,8,0,40.47961444,-78.34917412,42013.0,322.58329297622083,2.0356234096692107,385,390,8,0,382,376,122492,3,0,0,3,14
2020-08-22,US,Pennsylvania,Bradford,95,3,0,41.78869215,-76.51570822,42015.0,157.48553619680715,3.1578947368421053,92,94,3,0,91,94,60833,1,0,0,1,0
2020-08-22,US,Pennsylvania,Bucks,7562,584,0,40.33682119,-75.10836643,42017.0,1203.6226463144826,7.722824649563607,6978,7535,584,0,6951,7512,628195,27,0,0,27,23
2020-08-22,US,Pennsylvania,Butler,744,17,0,40.91152759,-79.91351055,42019.0,396.05436165512396,2.28494623655914,727,740,17,0,723,737,187888,4,0,0,4,3
2020-08-22,US,Pennsylvania,Cambria,421,3,0,40.49527404,-78.71377428,42021.0,323.36856335258693,0.7125890736342043,418,416,3,0,413,412,131730,5,0,0,5,4
2020-08-22,US,Pennsylvania,Cameron,8,0,0,41.43625568,-78.20376845,42023.0,179.89655947830002,0.0,8,8,0,0,8,8,4492,0,0,0,0,0
2020-08-22,US,Pennsylvania,Carbon,413,28,0,40.91545395,-75.7068525,42025.0,643.4825963665827,6.779661016949151,385,411,28,0,383,411,64227,2,0,0,2,0
2020-08-22,US,Pennsylvania,Centre,415,11,0,40.92058903,-77.82200624,42027.0,255.56547710687562,2.6506024096385543,404,410,11,0,399,407,162805,5,0,0,5,3
2020-08-22,US,Pennsylvania,Chester,5439,352,0,39.97291773,-75.74768357,42029.0,1036.0217071214825,6.471777900349329,5087,5439,352,0,5087,5427,522046,0,0,0,0,12
2020-08-22,US,Pennsylvania,Clarion,95,3,0,41.19265812,-79.42413524,42031.0,247.15125656902023,3.1578947368421053,92,95,3,0,92,95,38779,0,0,0,0,0
2020-08-22,US,Pennsylvania,Clearfield,207,1,0,41.00110782,-78.47592663,42033.0,261.18225979433475,0.4830917874396135,206,205,1,0,204,201,79388,2,0,0,2,4
2020-08-22,US,Pennsylvania,Clinton,129,5,0,41.23255967,-77.63785995,42035.0,333.92006626630774,3.875968992248062,124,129,5,0,124,129,38684,0,0,0,0,0
2020-08-22,US,Pennsylvania,Columbia,514,35,0,41.04821986,-76.40565017,42037.0,791.2074379656425,6.809338521400777,479,505,35,0,470,499,65456,9,0,0,9,6
2020-08-22,US,Pennsylvania,Crawford,184,2,0,41.68447709,-80.10760592,42039.0,217.4195606706921,1.0869565217391304,182,181,2,0,179,178,85063,3,0,0,3,3
2020-08-22,US,Pennsylvania,Cumberland,1437,71,0,40.1625372,-77.26130755,42041.0,567.1547539171962,4.940848990953375,1366,1424,71,0,1353,1410,251423,13,0,0,13,14
2020-08-22,US,Pennsylvania,Dauphin,3104,161,0,40.41377078,-76.77993242,42043.0,1115.347162584127,5.186855670103093,2943,3073,161,0,2912,3063,277097,31,0,0,31,10
2020-08-22,US,Pennsylvania,Delaware,10011,719,0,39.91680171,-75.40243663,42045.0,1766.3966461225202,7.1820996903406265,9292,9946,718,0,9228,9906,564751,65,1,0,64,40
2020-08-22,US,Pennsylvania,Elk,64,2,0,41.42822061,-78.64524744,42047.0,213.97525911066532,3.125,62,63,2,0,61,63,30169,1,0,0,1,0
2020-08-22,US,Pennsylvania,Erie,1283,29,0,41.99253829,-80.03301954,42049.0,475.66437299798315,2.2603273577552607,1254,1271,28,0,1243,1264,272061,12,1,0,11,7
2020-08-22,US,Pennsylvania,Fayette,656,6,0,39.92041012,-79.64291195,42051.0,507.44929374816286,0.9146341463414634,650,653,6,0,647,644,130441,3,0,0,3,9
2020-08-22,US,Pennsylvania,Forest,13,0,0,41.51095103,-79.23229292,42053.0,179.38457292672834,0.0,13,13,0,0,13,13,7279,0,0,0,0,0
2020-08-22,US,Pennsylvania,Franklin,1457,46,0,39.92956518,-77.72157791,42055.0,939.8362865823372,3.157172271791352,1411,1448,46,0,1402,1439,154835,9,0,0,9,9
2020-08-22,US,Pennsylvania,Fulton,31,2,0,39.92913544,-78.11163677,42057.0,213.351686166552,6.451612903225807,29,28,2,0,26,28,14523,3,0,0,3,0
2020-08-22,US,Pennsylvania,Greene,133,1,0,39.85746531,-80.22357106,42059.0,367.06869428421606,0.7518796992481203,132,132,1,0,131,131,36506,1,0,0,1,1
2020-08-22,US,Pennsylvania,Huntingdon,346,5,0,40.42162652,-77.97673273,42061.0,766.4362927520822,1.4450867052023122,341,346,5,0,341,343,45168,0,0,0,0,3
2020-08-22,US,Pennsylvania,Indiana,396,9,0,40.65241041,-79.08963285,42063.0,471.0192332853592,2.272727272727273,387,388,9,0,379,382,84501,8,0,0,8,6
2020-08-22,US,Pennsylvania,Jefferson,88,1,0,41.12913106,-78.9986361,42065.0,202.6482440990213,1.1363636363636365,87,83,1,0,82,80,43641,5,0,0,5,3
2020-08-22,US,Pennsylvania,Juniata,142,6,0,40.53358749,-77.39975129999998,42067.0,573.4361749384162,4.225352112676056,136,142,6,0,136,142,24704,0,0,0,0,0
2020-08-22,US,Pennsylvania,Lackawanna,1987,213,0,41.43564672,-75.60379201,42069.0,947.6616080200693,10.719677906391547,1774,1981,213,0,1768,1975,210793,6,0,0,6,6
2020-08-22,US,Pennsylvania,Lancaster,6428,428,0,40.03904563,-76.24770128,42071.0,1177.8847915796264,6.658369632856253,6000,6393,427,0,5966,6328,543557,35,1,0,34,65
2020-08-22,US,Pennsylvania,Lawrence,439,17,0,40.99206278,-80.33393706,42073.0,513.3782393114417,3.87243735763098,422,436,16,0,420,433,86184,3,1,0,2,3
2020-08-22,US,Pennsylvania,Lebanon,1665,56,0,40.36680311,-76.45651841,42075.0,1174.2469656471053,3.3633633633633635,1609,1663,56,0,1607,1663,141314,2,0,0,2,0
2020-08-22,US,Pennsylvania,Lehigh,5119,342,0,40.6154815,-75.59435245,42077.0,1386.0683746798154,6.680992381324478,4777,5112,342,0,4770,5103,368100,7,0,0,7,9
2020-08-22,US,Pennsylvania,Luzerne,3678,186,0,41.17823008,-75.98447579,42079.0,1158.7281084503982,5.057096247960848,3492,3666,185,0,3481,3651,317646,12,1,0,11,15
2020-08-22,US,Pennsylvania,Lycoming,471,20,0,41.34310539,-77.06629984,42081.0,415.7141722345299,4.246284501061571,451,467,20,0,447,457,113664,4,0,0,4,10
2020-08-22,US,Pennsylvania,McKean,35,1,0,41.80938602,-78.56478358,42083.0,86.15384615384615,2.8571428571428568,34,35,1,0,34,34,40968,0,0,0,0,1
2020-08-22,US,Pennsylvania,Mercer,518,13,0,41.30248872,-80.25816981,42085.0,473.3879222108495,2.509652509652509,505,513,12,0,501,510,110683,5,1,0,4,3
2020-08-22,US,Pennsylvania,Mifflin,138,1,0,40.61116939,-77.61070738,42087.0,299.1026919242273,0.7246376811594203,137,136,1,0,135,132,46222,2,0,0,2,4
2020-08-22,US,Pennsylvania,Monroe,1688,127,0,41.05934058,-75.34031025,42089.0,991.360830675805,7.523696682464456,1561,1686,127,0,1559,1679,169507,2,0,0,2,7
2020-08-22,US,Pennsylvania,Montgomery,10667,861,0,40.21053671,-75.36652296,42091.0,1283.765487444564,8.071622761788694,9806,10607,861,0,9746,10568,828604,60,0,0,60,39
2020-08-22,US,Pennsylvania,Montour,123,3,0,41.03023987,-76.66345939,42093.0,674.7120131651126,2.4390243902439024,120,122,3,0,119,119,18240,1,0,0,1,3
2020-08-22,US,Pennsylvania,Northampton,4050,296,0,40.75182733,-75.30471829,42095.0,1326.6292153233862,7.3086419753086425,3754,4049,296,0,3753,4036,304807,1,0,0,1,13
2020-08-22,US,Pennsylvania,Northumberland,617,24,0,40.84785433,-76.70798222,42097.0,679.1937738736061,3.8897893030794166,593,602,22,0,580,595,91083,15,2,0,13,7
2020-08-22,US,Pennsylvania,Perry,158,5,0,40.40206612,-77.26297447,42099.0,341.45919778699863,3.1645569620253164,153,155,5,0,150,154,46139,3,0,0,3,1
2020-08-22,US,Pennsylvania,Philadelphia,32936,1736,0,40.00338507,-75.1379271,42101.0,2079.2089208516827,5.270828273014331,31200,32791,1735,0,31056,32674,1584138,145,1,0,144,117
2020-08-22,US,Pennsylvania,Pike,533,21,0,41.33155042,-75.03208106,42103.0,955.0430934078732,3.9399624765478425,512,532,21,0,511,531,55933,1,0,0,1,1
2020-08-22,US,Pennsylvania,Potter,22,0,0,41.74471626,-77.89559864,42105.0,133.1235628706281,0.0,22,22,0,0,22,22,16622,0,0,0,0,0
2020-08-22,US,Pennsylvania,Schuylkill,970,51,0,40.70497338,-76.2150785,42107.0,686.1961389087359,5.257731958762887,919,963,51,0,912,962,142067,7,0,0,7,1
2020-08-22,US,Pennsylvania,Snyder,137,2,0,40.77129231,-77.06840691,42109.0,339.34409987119784,1.45985401459854,135,134,2,0,132,131,40540,3,0,0,3,3
2020-08-22,US,Pennsylvania,Somerset,153,3,0,39.97172723,-79.02699593,42111.0,208.31347774585757,1.96078431372549,150,151,3,0,148,146,73952,2,0,0,2,5
2020-08-22,US,Pennsylvania,Sullivan,10,0,0,41.44634738,-76.51246591,42113.0,164.85328058028355,0.0,10,10,0,0,10,10,6071,0,0,0,0,0
2020-08-22,US,Pennsylvania,Susquehanna,245,27,0,41.82147784,-75.80071959,42115.0,607.5183495338226,11.020408163265307,218,240,27,0,213,235,40589,5,0,0,5,5
2020-08-22,US,Pennsylvania,Tioga,45,3,0,41.77255149,-77.25433032,42117.0,110.8620137468897,6.666666666666668,42,45,3,0,42,45,40763,0,0,0,0,0
2020-08-22,US,Pennsylvania,Union,354,4,0,40.96188846,-77.05996014,42119.0,788.0150479709724,1.1299435028248588,350,347,3,0,344,344,44785,7,1,0,6,3
2020-08-22,US,Pennsylvania,Venango,69,1,0,41.40323442,-79.75845449,42121.0,136.18062682560986,1.4492753623188406,68,69,0,0,69,68,51266,0,1,0,-1,1
2020-08-22,US,Pennsylvania,Warren,25,1,0,41.81304978,-79.26969577,42123.0,63.79015590314104,4.0,24,26,1,0,25,23,39498,-1,0,0,-1,3
2020-08-22,US,Pennsylvania,Washington,968,22,0,40.19208869,-80.24582867,42125.0,467.9380272158171,2.272727272727273,946,956,22,0,934,941,207346,12,0,0,12,15
2020-08-22,US,Pennsylvania,Wayne,169,10,0,41.64938475,-75.29956506,42127.0,329.04343762777205,5.9171597633136095,159,169,10,0,159,168,51276,0,0,0,0,1
2020-08-22,US,Pennsylvania,Westmoreland,1716,49,0,40.31377979999999,-79.46615476,42129.0,491.8328800025223,2.8554778554778557,1667,1696,49,0,1647,1678,350611,20,0,0,20,18
2020-08-22,US,Pennsylvania,Wyoming,65,8,0,41.51955538,-76.01074915,42131.0,242.59162499066954,12.307692307692307,57,64,8,0,56,64,27046,1,0,0,1,0
2020-08-22,US,Pennsylvania,York,3086,114,0,39.9210089,-76.73040131,42133.0,687.2163506718507,3.6941023979261183,2972,3038,112,0,2926,3011,448273,48,2,0,46,27
2020-08-22,US,Puerto Rico,Adjuntas,112,0,0,18.180117000000006,-66.754367,72001.0,574.8601344762101,0.0,112,105,0,0,105,104,,7,0,0,7,1
2020-08-22,US,Puerto Rico,Aguada,185,0,0,18.360255,-67.17513100000001,72003.0,440.90659929931604,0.0,185,178,0,0,178,177,,7,0,0,7,1
2020-08-22,US,Puerto Rico,Aguadilla,281,0,0,18.459681,-67.12081500000001,72005.0,461.04119837897264,0.0,281,272,0,0,272,263,,9,0,0,9,9
2020-08-22,US,Puerto Rico,Aguas Buenas,176,0,0,18.251619,-66.126806,72007.0,614.1177291601243,0.0,176,171,0,0,171,168,,5,0,0,5,3
2020-08-22,US,Puerto Rico,Aibonito,113,0,0,18.131361,-66.264131,72009.0,436.2934362934363,0.0,113,110,0,0,110,104,,3,0,0,3,6
2020-08-22,US,Puerto Rico,Anasco,175,0,0,18.287985,-67.120611,72011.0,598.0656846997709,0.0,175,169,0,0,169,166,,6,0,0,6,3
2020-08-22,US,Puerto Rico,Arecibo,437,0,0,18.406631,-66.675077,72013.0,453.1314807133969,0.0,437,426,0,0,426,420,,11,0,0,11,6
2020-08-22,US,Puerto Rico,Arroyo,111,0,0,17.998457000000005,-66.056546,72015.0,567.0498084291187,0.0,111,108,0,0,108,107,,3,0,0,3,1
2020-08-22,US,Puerto Rico,Barceloneta,116,0,0,18.445532999999998,-66.56053100000001,72017.0,467.44036105738235,0.0,116,115,0,0,115,112,,1,0,0,1,3
2020-08-22,US,Puerto Rico,Barranquitas,301,0,0,18.201592,-66.30963,72019.0,992.8095520812718,0.0,301,297,0,0,297,289,,4,0,0,4,8
2020-08-22,US,Puerto Rico,Bayamon,2176,0,0,18.34946,-66.168435,72021.0,1045.5707393953371,0.0,2176,2125,0,0,2125,2040,,51,0,0,51,85
2020-08-22,US,Puerto Rico,Cabo Rojo,258,0,0,18.040993,-67.154391,72023.0,506.7069937349019,0.0,258,250,0,0,250,247,,8,0,0,8,3
2020-08-22,US,Puerto Rico,Caguas,984,0,0,18.211615,-66.050779,72025.0,688.6271545841994,0.0,984,955,0,0,955,939,,29,0,0,29,16
2020-08-22,US,Puerto Rico,Camuy,185,0,0,18.418578,-66.860206,72027.0,526.1810631701699,0.0,185,176,0,0,176,172,,9,0,0,9,4
2020-08-22,US,Puerto Rico,Canovanas,469,0,0,18.328802,-65.887612,72029.0,984.3015446608464,0.0,469,458,0,0,458,448,,11,0,0,11,10
2020-08-22,US,Puerto Rico,Carolina,1676,0,0,18.374986,-65.95683100000001,72031.0,948.167592582116,0.0,1676,1641,0,0,1641,1595,,35,0,0,35,46
2020-08-22,US,Puerto Rico,Catano,266,0,0,18.437269,-66.14330600000001,72033.0,945.273631840796,0.0,266,259,0,0,259,252,,7,0,0,7,7
2020-08-22,US,Puerto Rico,Cayey,242,0,0,18.102851,-66.14914,72035.0,502.91984455204806,0.0,242,237,0,0,237,232,,5,0,0,5,5
2020-08-22,US,Puerto Rico,Ceiba,80,0,0,18.251818,-65.666416,72037.0,586.8975130217884,0.0,80,80,0,0,80,78,,0,0,0,0,2
2020-08-22,US,Puerto Rico,Ciales,179,0,0,18.28885,-66.516475,72039.0,953.0401448195081,0.0,179,178,0,0,178,174,,1,0,0,1,4
2020-08-22,US,Puerto Rico,Cidra,221,0,0,18.173559,-66.161179,72041.0,508.2796688132476,0.0,221,213,0,0,213,211,,8,0,0,8,2
2020-08-22,US,Puerto Rico,Coamo,194,0,0,18.097597,-66.36014,72043.0,478.870458135861,0.0,194,191,0,0,191,187,,3,0,0,3,4
2020-08-22,US,Puerto Rico,Comerio,154,0,0,18.224687,-66.221622,72045.0,741.1685436519397,0.0,154,150,0,0,150,146,,4,0,0,4,4
2020-08-22,US,Puerto Rico,Corozal,342,0,0,18.304264,-66.327738,72047.0,920.7904797803026,0.0,342,322,0,0,322,318,,20,0,0,20,4
2020-08-22,US,Puerto Rico,Culebra,19,0,0,18.31586,-65.28813000000001,72049.0,1045.1045104510451,0.0,19,19,0,0,19,19,,0,0,0,0,0
2020-08-22,US,Puerto Rico,Dorado,422,0,0,18.436115,-66.278669,72051.0,1105.7251408358445,0.0,422,410,0,0,410,400,,12,0,0,12,10
2020-08-22,US,Puerto Rico,Fajardo,314,0,0,18.318373,-65.666866,72053.0,848.8092341794394,0.0,314,312,0,0,312,306,,2,0,0,2,6
2020-08-22,US,Puerto Rico,Florida,200,0,0,18.373715,-66.560488,72054.0,1577.2870662460568,0.0,200,197,0,0,197,195,,3,0,0,3,2
2020-08-22,US,Puerto Rico,Guanica,74,0,0,17.982429,-66.91964300000001,72055.0,380.91316209399287,0.0,74,73,0,0,73,72,,1,0,0,1,1
2020-08-22,US,Puerto Rico,Guayama,208,0,0,18.007516,-66.13390799999999,72057.0,458.5335743573917,0.0,208,203,0,0,203,196,,5,0,0,5,7
2020-08-22,US,Puerto Rico,Guayanilla,139,0,0,18.039942,-66.79186,72059.0,644.085074834345,0.0,139,139,0,0,139,139,,0,0,0,0,0
2020-08-22,US,Puerto Rico,Guaynabo,1130,0,0,18.345114000000002,-66.11452299999999,72061.0,1153.9561292430865,0.0,1130,1113,0,0,1113,1088,,17,0,0,17,25
2020-08-22,US,Puerto Rico,Gurabo,327,0,0,18.266461,-65.97970500000001,72063.0,720.7564636646167,0.0,327,319,0,0,319,315,,8,0,0,8,4
2020-08-22,US,Puerto Rico,Hatillo,151,0,0,18.410928,-66.79632600000001,72065.0,359.9265845112388,0.0,151,147,0,0,147,144,,4,0,0,4,3
2020-08-22,US,Puerto Rico,Hormigueros,118,0,0,18.134532,-67.113972,72067.0,684.0579710144928,0.0,118,112,0,0,112,111,,6,0,0,6,1
2020-08-22,US,Puerto Rico,Humacao,260,0,0,18.145211,-65.810174,72069.0,444.702904252044,0.0,260,252,0,0,252,241,,8,0,0,8,11
2020-08-22,US,Puerto Rico,Isabela,176,0,0,18.44981,-67.005093,72071.0,385.7027021104074,0.0,176,166,0,0,166,163,,10,0,0,10,3
2020-08-22,US,Puerto Rico,Jayuya,190,0,0,18.211446,-66.58878,72073.0,1141.6897007571206,0.0,190,189,0,0,189,186,,1,0,0,1,3
2020-08-22,US,Puerto Rico,Juana Diaz,241,0,0,18.050764,-66.49458100000001,72075.0,301.63835938771166,0.0,241,237,0,0,237,232,,4,0,0,4,5
2020-08-22,US,Puerto Rico,Juncos,204,0,0,18.223793,-65.909109,72077.0,506.3291139240506,0.0,204,194,0,0,194,185,,10,0,0,10,9
2020-08-22,US,Puerto Rico,Lajas,104,0,0,18.011661,-67.040585,72079.0,403.83644623927313,0.0,104,98,0,0,98,93,,6,0,0,6,5
2020-08-22,US,Puerto Rico,Lares,225,0,0,18.269035000000002,-66.867236,72081.0,731.6359379572725,0.0,225,216,0,0,216,208,,9,0,0,9,8
2020-08-22,US,Puerto Rico,Las Marias,80,0,0,18.23679,-66.98362,72083.0,809.6346523631212,0.0,80,80,0,0,80,79,,0,0,0,0,1
2020-08-22,US,Puerto Rico,Las Piedras,235,0,0,18.187527,-65.86946800000001,72085.0,607.6276664511959,0.0,235,221,0,0,221,209,,14,0,0,14,12
2020-08-22,US,Puerto Rico,Loiza,169,0,0,18.425688,-65.89943000000001,72087.0,562.2089155023286,0.0,169,168,0,0,168,167,,1,0,0,1,1
2020-08-22,US,Puerto Rico,Luquillo,155,0,0,18.342114000000002,-65.72509699999999,72089.0,772.373928642615,0.0,155,147,0,0,147,143,,8,0,0,8,4
2020-08-22,US,Puerto Rico,Manati,320,0,0,18.420473,-66.490461,72091.0,725.4097431596127,0.0,320,315,0,0,315,308,,5,0,0,5,7
2020-08-22,US,Puerto Rico,Maricao,47,0,0,18.171795,-66.942126,72093.0,748.8846398980243,0.0,47,47,0,0,47,45,,0,0,0,0,2
2020-08-22,US,Puerto Rico,Maunabo,78,0,0,18.017889,-65.922235,72095.0,638.036809815951,0.0,78,77,0,0,77,75,,1,0,0,1,2
2020-08-22,US,Puerto Rico,Mayaguez,592,0,0,18.2013,-67.1452,72097.0,664.5711719802424,0.0,592,578,0,0,578,572,,14,0,0,14,6
2020-08-22,US,Puerto Rico,Moca,238,0,0,18.377805,-67.080952,72099.0,593.3830312398712,0.0,238,237,0,0,237,224,,1,0,0,1,13
2020-08-22,US,Puerto Rico,Morovis,342,0,0,18.316963,-66.420383,72101.0,1048.7580496780126,0.0,342,334,0,0,334,323,,8,0,0,8,11
2020-08-22,US,Puerto Rico,Naguabo,115,0,0,18.230636999999998,-65.753897,72103.0,430.38922155688624,0.0,115,111,0,0,111,111,,4,0,0,4,0
2020-08-22,US,Puerto Rico,Naranjito,406,0,0,18.288019,-66.252703,72105.0,1335.4384579961845,0.0,406,395,0,0,395,386,,11,0,0,11,9
2020-08-22,US,Puerto Rico,Orocovis,257,0,0,18.215046,-66.433604,72107.0,1097.2121419117962,0.0,257,256,0,0,256,251,,1,0,0,1,5
2020-08-22,US,Puerto Rico,Out of PR,716,0,0,0.0,0.0,72888.0,0.0,0.0,716,712,0,0,712,700,,4,0,0,4,12
2020-08-22,US,Puerto Rico,Patillas,126,0,0,18.03174,-66.012242,72109.0,653.6286766613063,0.0,126,125,0,0,125,122,,1,0,0,1,3
2020-08-22,US,Puerto Rico,Penuelas,89,0,0,18.059645,-66.721572,72111.0,366.5266452516268,0.0,89,88,0,0,88,87,,1,0,0,1,1
2020-08-22,US,Puerto Rico,Ponce,611,0,0,18.059498,-66.613748,72113.0,367.34865656207353,0.0,611,599,0,0,599,584,,12,0,0,12,15
2020-08-22,US,Puerto Rico,Quebradillas,101,0,0,18.439692,-66.926113,72115.0,389.6755276052317,0.0,101,101,0,0,101,91,,0,0,0,0,10
2020-08-22,US,Puerto Rico,Rincon,119,0,0,18.335442999999998,-67.23174,72117.0,782.8947368421052,0.0,119,117,0,0,117,115,,2,0,0,2,2
2020-08-22,US,Puerto Rico,Rio Grande,396,0,0,18.346329,-65.813742,72119.0,729.2280494991161,0.0,396,388,0,0,388,381,,8,0,0,8,7
2020-08-22,US,Puerto Rico,Sabana Grande,147,0,0,18.08282,-66.943758,72121.0,581.8325747080943,0.0,147,139,0,0,139,138,,8,0,0,8,1
2020-08-22,US,Puerto Rico,Salinas,280,0,0,18.010386999999994,-66.256592,72123.0,900.9588776626551,0.0,280,267,0,0,267,261,,13,0,0,13,6
2020-08-22,US,Puerto Rico,San German,182,0,0,18.111484,-67.03858100000001,72125.0,512.2864300391252,0.0,182,167,0,0,167,166,,15,0,0,15,1
2020-08-22,US,Puerto Rico,San Juan,4647,0,0,18.386933,-66.061128,72127.0,1175.4855486358094,0.0,4647,4537,0,0,4537,4412,,110,0,0,110,125
2020-08-22,US,Puerto Rico,San Lorenzo,232,0,0,18.147987,-65.976392,72129.0,565.0543134102976,0.0,232,229,0,0,229,223,,3,0,0,3,6
2020-08-22,US,Puerto Rico,San Sebastian,267,0,0,18.328646,-66.971214,72131.0,629.2717416921987,0.0,267,262,0,0,262,258,,5,0,0,5,4
2020-08-22,US,Puerto Rico,Santa Isabel,121,0,0,17.994525,-66.388913,72133.0,519.893443327318,0.0,121,119,0,0,119,118,,2,0,0,2,1
2020-08-22,US,Puerto Rico,Toa Alta,798,0,0,18.362406,-66.246616,72135.0,1077.4174385007966,0.0,798,780,0,0,780,755,,18,0,0,18,25
2020-08-22,US,Puerto Rico,Toa Baja,783,0,0,18.431445999999998,-66.213553,72137.0,873.7961588679707,0.0,783,761,0,0,761,738,,22,0,0,22,23
2020-08-22,US,Puerto Rico,Trujillo Alto,669,0,0,18.336159,-65.99888399999999,72139.0,893.8831137596537,0.0,669,658,0,0,658,643,,11,0,0,11,15
2020-08-22,US,Puerto Rico,Unassigned,632,381,0,0.0,0.0,72999.0,0.0,60.28481012658228,251,591,374,0,217,605,,41,7,0,34,-14
2020-08-22,US,Puerto Rico,Utuado,92,0,0,18.271214,-66.702984,72141.0,277.5347672629642,0.0,92,92,0,0,92,90,,0,0,0,0,2
2020-08-22,US,Puerto Rico,Vega Alta,375,0,0,18.409346,-66.33725,72143.0,938.6498460614254,0.0,375,361,0,0,361,351,,14,0,0,14,10
2020-08-22,US,Puerto Rico,Vega Baja,583,0,0,18.428262,-66.397924,72145.0,977.1713988803592,0.0,583,578,0,0,578,551,,5,0,0,5,27
2020-08-22,US,Puerto Rico,Vieques,80,0,0,18.123276,-65.44097099999999,72147.0,860.1225674658638,0.0,80,77,0,0,77,76,,3,0,0,3,1
2020-08-22,US,Puerto Rico,Villalba,91,0,0,18.127951,-66.473115,72149.0,349.0200590649331,0.0,91,90,0,0,90,90,,1,0,0,1,0
2020-08-22,US,Puerto Rico,Yabucoa,179,0,0,18.070399,-65.896289,72151.0,471.7851400859229,0.0,179,176,0,0,176,171,,3,0,0,3,5
2020-08-22,US,Puerto Rico,Yauco,292,0,0,18.080374,-66.858814,72153.0,694.5270318483458,0.0,292,284,0,0,284,282,,8,0,0,8,2
2020-08-22,US,Rhode Island,Bristol,329,0,0,41.71018079,-71.28652315,44001.0,678.6443614761031,0.0,329,329,0,0,329,329,48649,0,0,0,0,0
2020-08-22,US,Rhode Island,Kent,1592,0,0,41.67106337,-71.57641596,44003.0,969.0064032332676,0.0,1592,1592,0,0,1592,1592,163861,0,0,0,0,0
2020-08-22,US,Rhode Island,Newport,411,0,0,41.5642026,-71.26569799,44005.0,500.7187934017202,0.0,411,411,0,0,411,411,82542,0,0,0,0,0
2020-08-22,US,Rhode Island,Providence,16142,0,0,41.87064746,-71.57753536,44007.0,2526.407389843348,0.0,16142,16142,0,0,16142,16142,636084,0,0,0,0,0
2020-08-22,US,Rhode Island,Unassigned,1889,1030,0,0.0,0.0,90044.0,0.0,54.52620434092112,859,1889,1030,0,859,1738,,0,0,0,0,151
2020-08-22,US,Rhode Island,Washington,659,0,0,41.45961631,-71.61435303,44009.0,524.7776264761859,0.0,659,659,0,0,659,659,126179,0,0,0,0,0
2020-08-22,US,South Carolina,Abbeville,385,10,0,34.22333378,-82.46170658,45001.0,1569.6986993925061,2.5974025974025974,375,381,10,0,371,376,24541,4,0,0,4,5
2020-08-22,US,South Carolina,Aiken,2224,56,0,33.54338026,-81.63645384,45003.0,1301.559061753827,2.5179856115107917,2168,2207,53,0,2154,2184,169401,17,3,0,14,23
2020-08-22,US,South Carolina,Allendale,270,6,0,32.98837386,-81.35321066,45005.0,3107.734806629834,2.2222222222222223,264,266,6,0,260,260,8903,4,0,0,4,6
2020-08-22,US,South Carolina,Anderson,2852,90,0,34.51828081,-82.63959517,45007.0,1407.9917850689678,3.1556802244039277,2762,2805,86,0,2719,2761,200482,47,4,0,43,44
2020-08-22,US,South Carolina,Bamberg,513,27,0,33.21927586,-81.05659969,45009.0,3647.092279254941,5.2631578947368425,486,504,27,0,477,499,14275,9,0,0,9,5
2020-08-22,US,South Carolina,Barnwell,497,11,0,33.26679302,-81.43584352,45011.0,2381.8652353110324,2.2132796780684103,486,491,11,0,480,480,21112,6,0,0,6,11
2020-08-22,US,South Carolina,Beaufort,4526,64,0,32.39226291,-80.72619758,45013.0,2355.794755415829,1.4140521431727795,4462,4483,64,0,4419,4452,188715,43,0,0,43,31
2020-08-22,US,South Carolina,Berkeley,4589,76,0,33.20222596,-79.94654523,45015.0,2013.540610863203,1.6561342340379168,4513,4564,75,0,4489,4552,221091,25,1,0,24,12
2020-08-22,US,South Carolina,Calhoun,402,16,0,33.66926881,-80.77722168,45017.0,2762.3170480313343,3.9800995024875614,386,398,16,0,382,399,14520,4,0,0,4,-1
2020-08-22,US,South Carolina,Charleston,13257,226,0,32.82487866,-79.96512315,45019.0,3222.3642824849408,1.7047597495662667,13031,13156,221,0,12935,13111,405905,101,5,0,96,45
2020-08-22,US,South Carolina,Cherokee,761,32,0,35.05122251,-81.61828622,45021.0,1328.0977312390926,4.204993429697766,729,755,31,0,724,747,57078,6,1,0,5,8
2020-08-22,US,South Carolina,Chester,800,16,0,34.69249168,-81.1583216,45023.0,2481.081751643717,2.0,784,786,16,0,770,778,32251,14,0,0,14,8
2020-08-22,US,South Carolina,Chesterfield,897,23,0,34.64137396,-80.15640140000002,45025.0,1964.950711938664,2.5641025641025643,874,885,23,0,862,874,45754,12,0,0,12,11
2020-08-22,US,South Carolina,Clarendon,941,61,0,33.66610974,-80.21647898,45027.0,2788.5612683360496,6.482465462274178,880,939,61,0,878,930,33700,2,0,0,2,9
2020-08-22,US,South Carolina,Colleton,863,36,0,32.87582989,-80.67641292,45029.0,2290.522069166865,4.171494785631518,827,863,36,0,827,859,37660,0,0,0,0,4
2020-08-22,US,South Carolina,Darlington,1535,43,0,34.33358335,-79.96027485,45031.0,2304.182052898616,2.8013029315960907,1492,1516,43,0,1473,1498,66802,19,0,0,19,18
2020-08-22,US,South Carolina,Dillon,708,28,0,34.39007791,-79.37741872,45033.0,2322.910856655402,3.9548022598870056,680,704,28,0,676,696,30599,4,0,0,4,8
2020-08-22,US,South Carolina,Dorchester,3428,68,0,33.0794369,-80.40502652,45035.0,2105.5347063123045,1.9836639439906647,3360,3379,67,0,3312,3353,160647,49,1,0,48,26
2020-08-22,US,South Carolina,Edgefield,430,8,0,33.77221995,-81.96231108,45037.0,1577.4027879677185,1.8604651162790695,422,390,8,0,382,373,27052,40,0,0,40,17
2020-08-22,US,South Carolina,Fairfield,612,26,0,34.39287073,-81.1195624,45039.0,2738.622633910592,4.248366013071895,586,600,26,0,574,597,22402,12,0,0,12,3
2020-08-22,US,South Carolina,Florence,3968,142,0,34.02361754,-79.70189312,45041.0,2869.2703173696427,3.5786290322580645,3826,3941,141,0,3800,3896,138159,27,1,0,26,45
2020-08-22,US,South Carolina,Georgetown,1654,35,0,33.43443342,-79.33202141,45043.0,2638.8002552648372,2.1160822249093107,1619,1630,33,0,1597,1596,62249,24,2,0,22,34
2020-08-22,US,South Carolina,Greenville,11523,243,0,34.89502264,-82.37295012,45045.0,2200.969549720939,2.1088258266076543,11280,11482,243,0,11239,11388,514213,41,0,0,41,94
2020-08-22,US,South Carolina,Greenwood,1644,28,0,34.15272415,-82.12715789,45047.0,2321.673186369349,1.70316301703163,1616,1638,25,0,1613,1596,70741,6,3,0,3,42
2020-08-22,US,South Carolina,Hampton,507,17,0,32.77419582,-81.13845571,45049.0,2637.602746852565,3.3530571992110447,490,500,17,0,483,493,19351,7,0,0,7,7
2020-08-22,US,South Carolina,Horry,9080,177,0,33.9212828,-78.99555293,45051.0,2564.384985356458,1.9493392070484579,8903,9045,177,0,8868,9002,344147,35,0,0,35,43
2020-08-22,US,South Carolina,Jasper,657,18,0,32.43171982,-81.02487495,45053.0,2184.6839357563267,2.7397260273972597,639,652,18,0,634,645,28971,5,0,0,5,7
2020-08-22,US,South Carolina,Kershaw,1504,29,0,34.33988254,-80.58763164,45055.0,2259.9209628705803,1.9281914893617018,1475,1484,29,0,1455,1478,65592,20,0,0,20,6
2020-08-22,US,South Carolina,Lancaster,1517,30,0,34.68270843,-80.70513032,45057.0,1547.7696608578542,1.977587343441002,1487,1477,28,0,1449,1450,95380,40,2,0,38,27
2020-08-22,US,South Carolina,Laurens,1413,53,0,34.48244419,-82.00490796,45059.0,2093.550442268087,3.750884642604388,1360,1406,52,0,1354,1394,66994,7,1,0,6,12
2020-08-22,US,South Carolina,Lee,604,30,0,34.16393091,-80.25690731,45061.0,3589.256001901593,4.966887417218543,574,603,30,0,573,595,17142,1,0,0,1,8
2020-08-22,US,South Carolina,Lexington,5433,131,0,33.89665987,-81.27146426,45063.0,1818.5774058577408,2.4111908706055587,5302,5405,130,0,5275,5347,295032,28,1,0,27,58
2020-08-22,US,South Carolina,Marion,632,17,0,34.07859748,-79.36400756,45067.0,2061.5193919822555,2.6898734177215187,615,625,17,0,608,609,31039,7,0,0,7,16
2020-08-22,US,South Carolina,Marlboro,630,5,0,34.59905577,-79.67561152,45069.0,2412.1295658166778,0.7936507936507936,625,623,5,0,618,615,26398,7,0,0,7,8
2020-08-22,US,South Carolina,McCormick,151,3,0,33.90161443,-82.30794338,45065.0,1595.688470886611,1.9867549668874167,148,150,3,0,147,149,9410,1,0,0,1,1
2020-08-22,US,South Carolina,Newberry,916,13,0,34.28629098,-81.59935761,45071.0,2382.934443288241,1.4192139737991267,903,909,13,0,896,904,38520,7,0,0,7,5
2020-08-22,US,South Carolina,Oconee,933,15,0,34.75225169,-83.06742317,45073.0,1172.90624292862,1.6077170418006432,918,924,15,0,909,903,78374,9,0,0,9,21
2020-08-22,US,South Carolina,Orangeburg,2720,94,0,33.4391073,-80.79886287,45075.0,3156.3678561067595,3.4558823529411766,2626,2702,90,0,2612,2669,86934,18,4,0,14,33
2020-08-22,US,South Carolina,Pickens,2009,30,0,34.88807695,-82.72791551,45077.0,1583.3359604047794,1.4932802389248383,1979,1993,30,0,1963,1964,124937,16,0,0,16,29
2020-08-22,US,South Carolina,Richland,9865,185,0,34.01791263,-80.90267209,45079.0,2372.768839640273,1.875316776482514,9680,9777,183,0,9594,9681,414576,88,2,0,86,96
2020-08-22,US,South Carolina,Saluda,510,11,0,34.00795823,-81.72713237,45081.0,2491.0858203487523,2.156862745098039,499,501,11,0,490,497,20544,9,0,0,9,4
2020-08-22,US,South Carolina,Spartanburg,4685,127,0,34.92960077,-81.99225984,45083.0,1465.0468283377895,2.710779082177161,4558,4651,126,0,4525,4559,313888,34,1,0,33,92
2020-08-22,US,South Carolina,Sumter,2717,59,0,33.91826534,-80.37942316,45085.0,2545.890686931344,2.1715126978284878,2658,2709,59,0,2650,2698,106512,8,0,0,8,11
2020-08-22,US,South Carolina,Union,424,5,0,34.68835752,-81.61730349,45087.0,1552.2038365792941,1.179245283018868,419,417,5,0,412,413,27410,7,0,0,7,4
2020-08-22,US,South Carolina,Williamsburg,1137,34,0,33.62190129,-79.72767442,45089.0,3744.072708113804,2.9903254177660514,1103,1127,34,0,1093,1108,30606,10,0,0,10,19
2020-08-22,US,South Carolina,York,3972,39,0,34.97281497,-81.18085944,45091.0,1413.6287765277832,0.9818731117824774,3933,3935,37,0,3898,3892,274118,37,2,0,35,43
2020-08-22,US,South Dakota,Aurora,41,0,0,43.71757685,-98.56050467,46003.0,1490.367139222101,0.0,41,40,0,0,40,40,2801,1,0,0,1,0
2020-08-22,US,South Dakota,Beadle,612,9,0,44.41464384,-98.27858469,46005.0,3316.533896927329,1.4705882352941178,603,605,9,0,596,602,18883,7,0,0,7,3
2020-08-22,US,South Dakota,Bennett,6,0,0,43.19486375,-101.6665572,46007.0,178.30609212481426,0.0,6,6,0,0,6,6,3468,0,0,0,0,0
2020-08-22,US,South Dakota,Bon Homme,38,0,0,42.98914167,-97.88592746,46009.0,550.6448340820172,0.0,38,36,0,0,36,32,6980,2,0,0,2,4
2020-08-22,US,South Dakota,Brookings,174,1,0,44.36974375,-96.79079945,46011.0,496.0515437466146,0.5747126436781609,173,169,1,0,168,166,35232,5,0,0,5,3
2020-08-22,US,South Dakota,Brown,537,3,0,45.58994323,-98.35165355,46013.0,1382.6308607327685,0.5586592178770949,534,521,3,0,518,503,39316,16,0,0,16,18
2020-08-22,US,South Dakota,Brule,50,0,0,43.71756379,-99.08118954,46015.0,943.9305267132339,0.0,50,48,0,0,48,48,5229,2,0,0,2,0
2020-08-22,US,South Dakota,Buffalo,109,3,0,44.07657829,-99.20814467,46017.0,5555.555555555556,2.7522935779816518,106,109,3,0,106,109,2036,0,0,0,0,0
2020-08-22,US,South Dakota,Butte,26,1,0,44.90608745,-103.5079318,46019.0,249.30482308946208,3.8461538461538463,25,24,1,0,23,22,10222,2,0,0,2,2
2020-08-22,US,South Dakota,Campbell,4,0,0,45.77074915,-100.0510181,46021.0,290.6976744186046,0.0,4,4,0,0,4,4,1377,0,0,0,0,0
2020-08-22,US,South Dakota,Charles Mix,116,0,0,43.20660134,-98.58856175,46023.0,1248.385708136031,0.0,116,116,0,0,116,114,9338,0,0,0,0,2
2020-08-22,US,South Dakota,Clark,17,0,0,44.85834507,-97.72925109,46025.0,455.0321199143468,0.0,17,17,0,0,17,17,3739,0,0,0,0,0
2020-08-22,US,South Dakota,Clay,152,1,0,42.91296147,-96.97656917,46027.0,1080.3127221037669,0.6578947368421053,151,142,1,0,141,142,14041,10,0,0,10,0
2020-08-22,US,South Dakota,Codington,207,1,0,44.97788119,-97.18827677,46029.0,739.0481630904352,0.4830917874396135,206,195,1,0,194,191,28015,12,0,0,12,4
2020-08-22,US,South Dakota,Corson,52,0,0,45.70889983,-101.1970473,46031.0,1272.6382770435634,0.0,52,52,0,0,52,49,4165,0,0,0,0,3
2020-08-22,US,South Dakota,Custer,74,0,0,43.67741105,-103.45345209999999,46033.0,824.7882300490414,0.0,74,64,0,0,64,58,8726,10,0,0,10,6
2020-08-22,US,South Dakota,Davison,106,2,0,43.67490933,-98.14458906,46035.0,536.0303413400759,1.8867924528301887,104,104,2,0,102,104,19790,2,0,0,2,0
2020-08-22,US,South Dakota,Day,30,0,0,45.367281,-97.60737498,46037.0,553.0973451327434,0.0,30,30,0,0,30,30,5505,0,0,0,0,0
2020-08-22,US,South Dakota,Deuel,27,0,0,44.75994309,-96.66943645,46039.0,620.5470006894967,0.0,27,27,0,0,27,26,4337,0,0,0,0,1
2020-08-22,US,South Dakota,Dewey,64,0,0,45.15639647,-100.8709139,46041.0,1086.2186014935505,0.0,64,62,0,0,62,61,5904,2,0,0,2,1
2020-08-22,US,South Dakota,Douglas,20,0,0,43.38520741,-98.36978007,46043.0,684.6970215679562,0.0,20,20,0,0,20,20,2935,0,0,0,0,0
2020-08-22,US,South Dakota,Edmunds,25,0,0,45.41846445,-99.21545423,46045.0,652.9119874640899,0.0,25,22,0,0,22,22,3875,3,0,0,3,0
2020-08-22,US,South Dakota,Fall River,23,0,0,43.23929297,-103.5275691,46047.0,342.6187993445553,0.0,23,23,0,0,23,23,6758,0,0,0,0,0
2020-08-22,US,South Dakota,Faulk,29,1,0,45.07082625,-99.14535601,46049.0,1261.418007829491,3.4482758620689653,28,29,1,0,28,29,2330,0,0,0,0,0
2020-08-22,US,South Dakota,Grant,39,0,0,45.1723937,-96.77002276,46051.0,553.034600113443,0.0,39,38,0,0,38,34,7147,1,0,0,1,4
2020-08-22,US,South Dakota,Gregory,8,0,0,43.19419064,-99.18883902,46053.0,191.15890083632016,0.0,8,8,0,0,8,8,4212,0,0,0,0,0
2020-08-22,US,South Dakota,Haakon,3,0,0,44.29299053,-101.539099,46055.0,157.9778830963665,0.0,3,3,0,0,3,3,1918,0,0,0,0,0
2020-08-22,US,South Dakota,Hamlin,40,0,0,44.67385954,-97.18829593,46057.0,648.9292667099286,0.0,40,36,0,0,36,34,6111,4,0,0,4,2
2020-08-22,US,South Dakota,Hand,13,0,0,44.54708407,-99.00386459,46059.0,407.3958006894391,0.0,13,12,0,0,12,12,3262,1,0,0,1,0
2020-08-22,US,South Dakota,Hanson,21,0,0,43.6746384,-97.78715148,46061.0,608.1668114682883,0.0,21,22,0,0,22,22,3376,-1,0,0,-1,0
2020-08-22,US,South Dakota,Harding,2,0,0,45.58015551,-103.4958629,46063.0,154.08320493066256,0.0,2,2,0,0,2,2,1249,0,0,0,0,0
2020-08-22,US,South Dakota,Hughes,105,3,0,44.39091534,-99.99661148,46065.0,599.1098938719616,2.8571428571428568,102,103,3,0,100,101,17650,2,0,0,2,2
2020-08-22,US,South Dakota,Hutchinson,35,1,0,43.33449012,-97.75536441,46067.0,480.0438897270608,2.8571428571428568,34,35,0,0,35,35,7380,0,1,0,-1,0
2020-08-22,US,South Dakota,Hyde,4,0,0,44.54747703,-99.48572582,46069.0,307.455803228286,0.0,4,4,0,0,4,4,1282,0,0,0,0,0
2020-08-22,US,South Dakota,Jackson,12,1,0,43.69318385,-101.6255063,46071.0,358.85167464114835,8.333333333333334,11,12,1,0,11,12,3307,0,0,0,0,0
2020-08-22,US,South Dakota,Jerauld,40,1,0,44.06637798,-98.62965972,46073.0,1987.083954297069,2.5,39,39,1,0,38,39,2043,1,0,0,1,0
2020-08-22,US,South Dakota,Jones,3,0,0,43.96278565,-100.6940008,46075.0,332.2259136212625,0.0,3,2,0,0,2,2,928,1,0,0,1,0
2020-08-22,US,South Dakota,Kingsbury,17,0,0,44.36956169,-97.4913945,46077.0,344.1992306134845,0.0,17,17,0,0,17,16,4919,0,0,0,0,1
2020-08-22,US,South Dakota,Lake,107,6,0,44.02193107,-97.12926365,46079.0,836.1334687817457,5.607476635514018,101,105,6,0,99,105,13057,2,0,0,2,0
2020-08-22,US,South Dakota,Lawrence,100,1,0,44.35919441,-103.79294279999999,46081.0,386.93700665531645,1.0,99,90,1,0,89,83,25741,10,0,0,10,7
2020-08-22,US,South Dakota,Lincoln,781,2,0,43.27841182,-96.72039050000001,46083.0,1277.6469048553854,0.2560819462227913,779,768,2,0,766,750,58807,13,0,0,13,18
2020-08-22,US,South Dakota,Lyman,93,3,0,43.89522709,-99.85201878,46085.0,2459.6667548267656,3.2258064516129035,90,92,3,0,89,91,3821,1,0,0,1,1
2020-08-22,US,South Dakota,Marshall,13,0,0,45.75870838,-97.59855639,46091.0,263.4245187436677,0.0,13,13,0,0,13,13,5112,0,0,0,0,0
2020-08-22,US,South Dakota,McCook,39,1,0,43.6742571,-97.36863144,46087.0,698.1740064446832,2.5641025641025643,38,37,1,0,36,37,5546,2,0,0,2,0
2020-08-22,US,South Dakota,McPherson,10,0,0,45.76626028,-99.22118798,46089.0,420.34468263976464,0.0,10,9,0,0,9,8,2407,1,0,0,1,1
2020-08-22,US,South Dakota,Meade,152,1,0,44.56676791,-102.71627409999999,46093.0,536.4958350981224,0.6578947368421053,151,138,1,0,137,127,28294,14,0,0,14,11
2020-08-22,US,South Dakota,Mellette,24,0,0,43.58078848,-100.7563186,46095.0,1164.4832605531294,0.0,24,24,0,0,24,24,2042,0,0,0,0,0
2020-08-22,US,South Dakota,Miner,15,0,0,44.02197882,-97.60992207,46097.0,676.8953068592058,0.0,15,15,0,0,15,15,2213,0,0,0,0,0
2020-08-22,US,South Dakota,Minnehaha,4875,70,0,43.67441641,-96.7910885,46099.0,2524.154214172544,1.4358974358974361,4805,4819,70,0,4749,4757,192876,56,0,0,56,62
2020-08-22,US,South Dakota,Moody,36,0,0,44.02266214,-96.67081159,46101.0,547.4452554744526,0.0,36,34,0,0,34,34,6579,2,0,0,2,0
2020-08-22,US,South Dakota,Oglala Lakota,163,2,0,43.33749164,-102.55554980000001,46102.0,1149.7495944134864,1.2269938650306749,161,160,2,0,158,159,14309,3,0,0,3,1
2020-08-22,US,South Dakota,Pennington,1028,33,0,44.0025835,-102.8240777,46103.0,903.5376840254887,3.21011673151751,995,994,33,0,961,975,111729,34,0,0,34,19
2020-08-22,US,South Dakota,Perkins,6,0,0,45.49049506,-102.47555859999999,46105.0,209.42408376963348,0.0,6,6,0,0,6,6,2922,0,0,0,0,0
2020-08-22,US,South Dakota,Potter,4,0,0,45.06583079,-99.95498503,46107.0,185.78727357176032,0.0,4,3,0,0,3,3,2207,1,0,0,1,0
2020-08-22,US,South Dakota,Roberts,89,1,0,45.62975048,-96.94672673,46109.0,856.263228785838,1.1235955056179776,88,88,1,0,87,87,10447,1,0,0,1,1
2020-08-22,US,South Dakota,Sanborn,13,0,0,44.02351092,-98.09098159999999,46111.0,554.6075085324234,0.0,13,13,0,0,13,13,2429,0,0,0,0,0
2020-08-22,US,South Dakota,Spink,34,0,0,44.93837606,-98.34626602,46115.0,533.249686323714,0.0,34,29,0,0,29,27,6495,5,0,0,5,2
2020-08-22,US,South Dakota,Stanley,20,0,0,44.41381872,-100.7349153,46117.0,645.577792123951,0.0,20,20,0,0,20,19,3022,0,0,0,0,1
2020-08-22,US,South Dakota,Sully,7,0,0,44.71571812,-100.1278092,46119.0,503.2350826743351,0.0,7,6,0,0,6,4,1392,1,0,0,1,2
2020-08-22,US,South Dakota,Todd,76,5,0,43.19338568,-100.71955030000001,46121.0,746.7819593200354,6.578947368421053,71,76,5,0,71,75,10283,0,0,0,0,1
2020-08-22,US,South Dakota,Tripp,20,0,0,43.34459388,-99.8854891,46123.0,367.5794890645102,0.0,20,20,0,0,20,20,5478,0,0,0,0,0
2020-08-22,US,South Dakota,Turner,68,0,0,43.3109081,-97.14865776,46125.0,811.0687022900763,0.0,68,65,0,0,65,64,8424,3,0,0,3,1
2020-08-22,US,South Dakota,Union,232,4,0,42.83112163,-96.6557828,46127.0,1456.1888024102436,1.7241379310344829,228,231,4,0,227,230,15619,1,0,0,1,1
2020-08-22,US,South Dakota,Walworth,30,0,0,45.43019636,-100.03075140000001,46129.0,551.9779208831646,0.0,30,27,0,0,27,24,5587,3,0,0,3,3
2020-08-22,US,South Dakota,Yankton,175,3,0,43.00924485,-97.39467635,46135.0,767.0728500043832,1.7142857142857142,172,166,3,0,163,164,22869,9,0,0,9,2
2020-08-22,US,South Dakota,Ziebach,44,0,0,44.97881876,-101.6654622,46137.0,1596.5166908563135,0.0,44,38,0,0,38,35,2742,6,0,0,6,3
2020-08-22,US,Tennessee,Anderson,828,8,0,36.12684348,-84.19965764,47001.0,1075.6319987528902,0.966183574879227,820,816,7,0,809,808,76482,12,1,0,11,8
2020-08-22,US,Tennessee,Bedford,1037,14,0,35.51123746,-86.45549096,47003.0,2085.9734878200875,1.3500482160077143,1023,1023,13,0,1010,1016,49038,14,1,0,13,7
2020-08-22,US,Tennessee,Benton,214,3,0,36.07110411,-88.06849355,47005.0,1324.2574257425742,1.4018691588785046,211,212,3,0,209,205,16184,2,0,0,2,7
2020-08-22,US,Tennessee,Bledsoe,763,3,0,35.59942968,-85.20611967,47007.0,5065.055762081784,0.3931847968545216,760,760,3,0,757,759,14755,3,0,0,3,1
2020-08-22,US,Tennessee,Blount,1715,15,0,35.68938198,-83.92847788,47009.0,1288.62106275547,0.8746355685131195,1700,1677,15,0,1662,1648,131349,38,0,0,38,29
2020-08-22,US,Tennessee,Bradley,2306,16,0,35.15739424,-84.857186,47011.0,2133.0126722782347,0.6938421509106678,2290,2276,16,0,2260,2247,106727,30,0,0,30,29
2020-08-22,US,Tennessee,Campbell,295,2,0,36.40355516,-84.15108559999999,47013.0,740.4246774760303,0.6779661016949152,293,292,2,0,290,288,39583,3,0,0,3,4
2020-08-22,US,Tennessee,Cannon,180,0,0,35.80990797,-86.05738983,47015.0,1226.3251124131352,0.0,180,178,0,0,178,175,14462,2,0,0,2,3
2020-08-22,US,Tennessee,Carroll,482,6,0,35.97366108,-88.45189331,47017.0,1735.873518925343,1.2448132780082988,476,463,6,0,457,449,28020,19,0,0,19,14
2020-08-22,US,Tennessee,Carter,711,14,0,36.28969086,-82.12588974,47019.0,1260.8394956642014,1.969057665260197,697,694,14,0,680,688,56351,17,0,0,17,6
2020-08-22,US,Tennessee,Cheatham,688,10,0,36.26136216,-87.08903581,47021.0,1691.7894115622007,1.4534883720930232,678,678,9,0,669,672,40439,10,1,0,9,6
2020-08-22,US,Tennessee,Chester,325,4,0,35.42527478,-88.6095842,47023.0,1878.9385442562293,1.2307692307692308,321,319,4,0,315,306,17276,6,0,0,6,13
2020-08-22,US,Tennessee,Claiborne,338,2,0,36.48319149,-83.65947309,47025.0,1057.6050564786133,0.591715976331361,336,334,2,0,332,328,31756,4,0,0,4,6
2020-08-22,US,Tennessee,Clay,99,0,0,36.55151008,-85.53930419,47027.0,1300.0656598818125,0.0,99,96,0,0,96,95,7717,3,0,0,3,1
2020-08-22,US,Tennessee,Cocke,591,6,0,35.9278914,-83.11828725,47029.0,1641.4842795244974,1.0152284263959392,585,588,6,0,582,583,35774,3,0,0,3,5
2020-08-22,US,Tennessee,Coffee,675,5,0,35.49090731,-86.07311784,47031.0,1194.2675159235664,0.7407407407407407,670,670,5,0,665,660,55700,5,0,0,5,10
2020-08-22,US,Tennessee,Crockett,349,12,0,35.81830662,-89.14916269,47033.0,2452.565003513703,3.4383954154727787,337,345,12,0,333,340,14328,4,0,0,4,5
2020-08-22,US,Tennessee,Cumberland,688,7,0,35.95271721,-84.99840585,47035.0,1136.8142762723064,1.0174418604651163,681,669,7,0,662,658,59673,19,0,0,19,11
2020-08-22,US,Tennessee,Davidson,22656,245,0,36.17007426,-86.78646056,47037.0,3263.8760833487,1.0813912429378532,22411,22617,245,0,22372,22461,692587,39,0,0,39,156
2020-08-22,US,Tennessee,DeKalb,412,5,0,35.97616272,-85.83689361,47041.0,2010.7369448511467,1.2135922330097086,407,409,5,0,404,405,20138,3,0,0,3,4
2020-08-22,US,Tennessee,Decatur,267,4,0,35.60048904,-88.11043779,47039.0,2289.2909200034296,1.49812734082397,263,260,4,0,256,252,11706,7,0,0,7,8
2020-08-22,US,Tennessee,Dickson,832,7,0,36.14669837,-87.35891709,47043.0,1542.2258471120338,0.8413461538461539,825,832,7,0,825,813,53446,0,0,0,0,19
2020-08-22,US,Tennessee,Dyer,829,9,0,36.05931946,-89.41542855,47045.0,2230.953470222557,1.0856453558504222,820,809,9,0,800,794,37320,20,0,0,20,15
2020-08-22,US,Tennessee,Fayette,806,10,0,35.19615831,-89.41399032,47047.0,1959.497240658352,1.2406947890818858,796,803,10,0,793,797,40507,3,0,0,3,6
2020-08-22,US,Tennessee,Fentress,142,0,0,36.38128818,-84.92870012,47049.0,766.6144792960105,0.0,142,140,0,0,140,137,18217,2,0,0,2,3
2020-08-22,US,Tennessee,Franklin,417,4,0,35.15634626,-86.09201039,47051.0,987.964366944655,0.9592326139088728,413,412,4,0,408,400,41890,5,0,0,5,12
2020-08-22,US,Tennessee,Gibson,969,12,0,35.99438059,-88.93358327,47053.0,1972.1979117904464,1.238390092879257,957,959,11,0,948,912,49045,10,1,0,9,47
2020-08-22,US,Tennessee,Giles,427,14,0,35.20222469,-87.03992678,47055.0,1449.2261743144174,3.278688524590164,413,427,14,0,413,424,29503,0,0,0,0,3
2020-08-22,US,Tennessee,Grainger,244,1,0,36.27469206,-83.51254721,47057.0,1046.3121783876502,0.4098360655737705,243,244,1,0,243,242,23145,0,0,0,0,2
2020-08-22,US,Tennessee,Greene,712,10,0,36.17470125,-82.84691273,47059.0,1030.8532047662484,1.404494382022472,702,685,10,0,675,669,69087,27,0,0,27,16
2020-08-22,US,Tennessee,Grundy,139,2,0,35.38433717,-85.72142731,47061.0,1035.2275266254562,1.4388489208633093,137,139,2,0,137,139,13346,0,0,0,0,0
2020-08-22,US,Tennessee,Hamblen,1564,18,0,36.21990035,-83.26586179,47063.0,2408.599501031817,1.1508951406649617,1546,1559,17,0,1542,1539,64569,5,1,0,4,20
2020-08-22,US,Tennessee,Hamilton,7373,61,0,35.17670231,-85.16652245,47065.0,2004.600276234081,0.8273430082734301,7312,7312,61,0,7251,7223,364286,61,0,0,61,89
2020-08-22,US,Tennessee,Hancock,88,2,0,36.52692871,-83.22375847,47067.0,1329.3051359516614,2.272727272727273,86,88,2,0,86,87,6549,0,0,0,0,1
2020-08-22,US,Tennessee,Hardeman,1167,22,0,35.20772017,-88.99161161,47069.0,4658.682634730539,1.8851756640959725,1145,1155,22,0,1133,1133,25220,12,0,0,12,22
2020-08-22,US,Tennessee,Hardin,592,8,0,35.19732531,-88.18593755,47071.0,2307.81225635428,1.351351351351351,584,579,8,0,571,563,25776,13,0,0,13,16
2020-08-22,US,Tennessee,Hawkins,629,12,0,36.44355426,-82.94885298,47073.0,1107.6673828056212,1.9077901430842608,617,622,12,0,610,613,56530,7,0,0,7,9
2020-08-22,US,Tennessee,Haywood,686,10,0,35.58332824,-89.28536625,47075.0,3964.401294498382,1.4577259475218658,676,663,10,0,653,655,17335,23,0,0,23,8
2020-08-22,US,Tennessee,Henderson,778,6,0,35.65581134,-88.38600175,47077.0,2767.009282640396,0.7712082262210797,772,767,5,0,762,750,27847,11,1,0,10,17
2020-08-22,US,Tennessee,Henry,391,4,0,36.33160906,-88.30121797,47079.0,1208.8421703509046,1.0230179028132993,387,373,4,0,369,368,32358,18,0,0,18,5
2020-08-22,US,Tennessee,Hickman,328,1,0,35.80609681,-87.47643507,47081.0,1302.724600842005,0.3048780487804878,327,327,1,0,326,323,25063,1,0,0,1,4
2020-08-22,US,Tennessee,Houston,71,0,0,36.28872054,-87.71878828,47083.0,865.7480795024996,0.0,71,72,0,0,72,70,8263,-1,0,0,-1,2
2020-08-22,US,Tennessee,Humphreys,150,3,0,36.03958805,-87.77992872,47085.0,807.2328059412332,2.0,147,150,3,0,147,147,18486,0,0,0,0,3
2020-08-22,US,Tennessee,Jackson,188,1,0,36.36380466,-85.67239905,47087.0,1595.112845749194,0.5319148936170213,187,187,1,0,186,174,11758,1,0,0,1,13
2020-08-22,US,Tennessee,Jefferson,688,5,0,36.04818632,-83.45148924,47089.0,1262.5011468942105,0.7267441860465116,683,682,5,0,677,671,54012,6,0,0,6,11
2020-08-22,US,Tennessee,Johnson,384,1,0,36.45523950000001,-81.84886538,47091.0,2158.7587137396,0.2604166666666667,383,372,1,0,371,366,17778,12,0,0,12,6
2020-08-22,US,Tennessee,Knox,5682,49,0,35.99508821,-83.94635435,47093.0,1208.1316059730434,0.8623724040830694,5633,5607,49,0,5558,5520,465289,75,0,0,75,87
2020-08-22,US,Tennessee,Lake,815,1,0,36.34180170000001,-89.48921915,47095.0,11616.30558722919,0.12269938650306747,814,812,1,0,811,809,7411,3,0,0,3,3
2020-08-22,US,Tennessee,Lauderdale,621,12,0,35.75893438,-89.63015909999999,47097.0,2422.6582920454102,1.932367149758454,609,607,12,0,595,598,25825,14,0,0,14,9
2020-08-22,US,Tennessee,Lawrence,694,8,0,35.21675201,-87.39787695,47099.0,1572.1988129219335,1.1527377521613833,686,690,8,0,682,678,43734,4,0,0,4,12
2020-08-22,US,Tennessee,Lewis,117,1,0,35.52853208,-87.49022694,47101.0,953.7006847081841,0.8547008547008547,116,107,1,0,106,98,12086,10,0,0,10,9
2020-08-22,US,Tennessee,Lincoln,379,1,0,35.13738622,-86.58910106,47103.0,1102.8341965896525,0.2638522427440633,378,373,1,0,372,369,34117,6,0,0,6,4
2020-08-22,US,Tennessee,Loudon,862,3,0,35.73939663,-84.31145275,47105.0,1594.2886735222312,0.3480278422273782,859,834,3,0,831,828,53054,28,0,0,28,6
2020-08-22,US,Tennessee,Macon,879,14,0,36.53157855,-86.00778595,47111.0,3572.880253637916,1.5927189988623436,865,876,14,0,862,875,24265,3,0,0,3,1
2020-08-22,US,Tennessee,Madison,1533,31,0,35.61181957,-88.84076036,47113.0,1564.5411495754404,2.0221787345075017,1502,1513,30,0,1483,1487,97605,20,1,0,19,26
2020-08-22,US,Tennessee,Marion,289,5,0,35.12997174,-85.62265895,47115.0,999.7578441208012,1.7301038062283738,284,285,5,0,280,278,28575,4,0,0,4,7
2020-08-22,US,Tennessee,Marshall,443,4,0,35.45798777,-86.76420988,47117.0,1288.7272727272727,0.9029345372460496,439,416,4,0,412,405,33683,27,0,0,27,11
2020-08-22,US,Tennessee,Maury,1540,11,0,35.618741299999996,-87.07462444,47119.0,1597.7258343967549,0.7142857142857143,1529,1519,11,0,1508,1492,94340,21,0,0,21,27
2020-08-22,US,Tennessee,McMinn,695,20,0,35.42812616,-84.61520715,47107.0,1291.9656467264008,2.8776978417266186,675,684,20,0,664,661,53285,11,0,0,11,23
2020-08-22,US,Tennessee,McNairy,482,7,0,35.17468549,-88.5647812,47109.0,1875.9243403129133,1.4522821576763485,475,473,7,0,466,454,25832,9,0,0,9,19
2020-08-22,US,Tennessee,Meigs,134,2,0,35.51558739,-84.81482914,47121.0,1078.731283207213,1.492537313432836,132,131,2,0,129,130,12306,3,0,0,3,1
2020-08-22,US,Tennessee,Monroe,591,10,0,35.44550387,-84.24902965,47123.0,1269.7389622945536,1.6920473773265652,581,580,10,0,570,562,46357,11,0,0,11,18
2020-08-22,US,Tennessee,Montgomery,2294,24,0,36.49609412,-87.38550661,47125.0,1097.6444187125883,1.0462074978204008,2270,2277,23,0,2254,2240,205950,17,1,0,16,37
2020-08-22,US,Tennessee,Moore,82,0,0,35.27724699,-86.36230578,47127.0,1263.8717632552405,0.0,82,83,0,0,83,81,6411,-1,0,0,-1,2
2020-08-22,US,Tennessee,Morgan,176,1,0,36.13248031,-84.64880098,47129.0,822.3146287903564,0.5681818181818182,175,170,1,0,169,167,21579,6,0,0,6,3
2020-08-22,US,Tennessee,Obion,735,5,0,36.35732446,-89.14921589,47131.0,2444.3779307592536,0.6802721088435374,730,730,5,0,725,716,30267,5,0,0,5,14
2020-08-22,US,Tennessee,Out of TN,2830,21,0,0.0,0.0,80047.0,0.0,0.7420494699646644,2809,2912,21,0,2891,2915,,-82,0,0,-82,-3
2020-08-22,US,Tennessee,Overton,347,1,0,36.34117832,-85.28989535,47133.0,1560.1816465087002,0.2881844380403458,346,331,1,0,330,316,22068,16,0,0,16,15
2020-08-22,US,Tennessee,Perry,96,0,0,35.63708728,-87.86139634,47135.0,1188.7072808320952,0.0,96,95,0,0,95,93,8064,1,0,0,1,2
2020-08-22,US,Tennessee,Pickett,45,1,0,36.55606529,-85.07763299999998,47137.0,891.4421553090332,2.2222222222222223,44,43,1,0,42,41,5082,2,0,0,2,2
2020-08-22,US,Tennessee,Polk,298,10,0,35.12245443,-84.52075859,47139.0,1770.4372623574145,3.355704697986577,288,296,10,0,286,294,16898,2,0,0,2,2
2020-08-22,US,Tennessee,Putnam,2121,23,0,36.14005459,-85.50646123,47141.0,2643.155336781108,1.0843941537010844,2098,2087,23,0,2064,2062,78843,34,0,0,34,25
2020-08-22,US,Tennessee,Rhea,612,2,0,35.60536161,-84.93076643,47143.0,1845.2075858534085,0.32679738562091504,610,606,2,0,604,602,33044,6,0,0,6,4
2020-08-22,US,Tennessee,Roane,581,2,0,35.84923189,-84.52458689,47145.0,1088.3818515604512,0.3442340791738382,579,573,2,0,571,567,53140,8,0,0,8,6
2020-08-22,US,Tennessee,Robertson,1732,25,0,36.52454807,-86.87346725,47147.0,2411.8195869828587,1.4434180138568133,1707,1708,25,0,1683,1694,71012,24,0,0,24,14
2020-08-22,US,Tennessee,Rutherford,7404,64,0,35.84591405,-86.4107263,47149.0,2228.207713258197,0.8643976229065371,7340,7363,65,0,7298,7300,324890,41,-1,0,42,63
2020-08-22,US,Tennessee,Scott,153,2,0,36.42325673,-84.50360494,47151.0,693.3115823817293,1.30718954248366,151,151,2,0,149,151,22039,2,0,0,2,0
2020-08-22,US,Tennessee,Sequatchie,135,1,0,35.36979721,-85.41022136,47153.0,898.4426993211766,0.7407407407407407,134,136,1,0,135,132,14876,-1,0,0,-1,4
2020-08-22,US,Tennessee,Sevier,2140,11,0,35.78077323,-83.52244332,47155.0,2178.117048346056,0.514018691588785,2129,2126,11,0,2115,2108,97892,14,0,0,14,18
2020-08-22,US,Tennessee,Shelby,25527,364,0,35.1864775,-89.89692423,47157.0,2723.850417108602,1.425941160340032,25163,25427,360,0,25067,25210,935764,100,4,0,96,217
2020-08-22,US,Tennessee,Smith,498,8,0,36.25359775,-85.95411046,47159.0,2470.6057449025147,1.606425702811245,490,494,8,0,486,492,19942,4,0,0,4,2
2020-08-22,US,Tennessee,Stewart,89,0,0,36.50235092,-87.83920548,47161.0,648.9245351804592,0.0,89,89,0,0,89,89,13561,0,0,0,0,0
2020-08-22,US,Tennessee,Sullivan,1437,22,0,36.51240691,-82.30412917,47163.0,907.494884684366,1.5309672929714684,1415,1273,22,0,1251,1228,157668,164,0,0,164,45
2020-08-22,US,Tennessee,Sumner,3846,82,0,36.46824103,-86.45917204,47165.0,2010.6334593246656,2.1320852834113366,3764,3808,81,0,3727,3781,187149,38,1,0,37,27
2020-08-22,US,Tennessee,Tipton,1309,13,0,35.501942,-89.73694895,47167.0,2125.0344973132683,0.9931245225362872,1296,1301,13,0,1288,1295,61581,8,0,0,8,6
2020-08-22,US,Tennessee,Trousdale,1592,6,0,36.39026213,-86.16087954,47169.0,14108.4721729883,0.3768844221105528,1586,1591,6,0,1585,1589,11012,1,0,0,1,2
2020-08-22,US,Tennessee,Unassigned,3225,6,0,0.0,0.0,90047.0,0.0,0.18604651162790695,3219,3250,6,0,3244,3187,,-25,0,0,-25,63
2020-08-22,US,Tennessee,Unicoi,207,1,0,36.10890856,-82.43709629,47171.0,1157.5239053850025,0.4830917874396135,206,201,1,0,200,195,17761,6,0,0,6,6
2020-08-22,US,Tennessee,Union,201,0,0,36.28590426,-83.83651902,47173.0,1006.4089725615863,0.0,201,199,0,0,199,196,19688,2,0,0,2,3
2020-08-22,US,Tennessee,Van Buren,51,0,0,35.69864497,-85.45221699,47175.0,868.5286103542235,0.0,51,49,0,0,49,49,5765,2,0,0,2,0
2020-08-22,US,Tennessee,Warren,704,7,0,35.672829899999996,-85.77969117,47177.0,1705.5503064660709,0.9943181818181818,697,696,6,0,690,669,40878,8,1,0,7,27
2020-08-22,US,Tennessee,Washington,1555,6,0,36.29472368,-82.49454720000001,47179.0,1201.9323671497584,0.3858520900321543,1549,1541,6,0,1535,1524,128607,14,0,0,14,17
2020-08-22,US,Tennessee,Wayne,253,2,0,35.23868267,-87.78644456,47181.0,1517.423379115936,0.7905138339920948,251,252,2,0,250,246,16558,1,0,0,1,6
2020-08-22,US,Tennessee,Weakley,703,7,0,36.29896232,-88.71990865,47183.0,2109.33749399904,0.9957325746799432,696,686,7,0,679,671,33415,17,0,0,17,15
2020-08-22,US,Tennessee,White,413,7,0,35.92929884,-85.45591799,47185.0,1510.3309562991406,1.6949152542372878,406,400,7,0,393,384,27107,13,0,0,13,16
2020-08-22,US,Tennessee,Williamson,4096,27,0,35.89099229,-86.89281867,47187.0,1718.0343271311847,0.6591796875,4069,4055,27,0,4028,4014,231729,41,0,0,41,41
2020-08-22,US,Tennessee,Wilson,2627,29,0,36.15496772,-86.29775884,47189.0,1816.019964467672,1.103920822230681,2598,2604,28,0,2576,2581,140625,23,1,0,22,23
2020-08-22,US,Texas,Anderson,2425,18,0,31.81534745,-95.65354823,48001.0,4200.225166709968,0.7422680412371134,2407,2417,18,0,2399,2416,58057,8,0,0,8,1
2020-08-22,US,Texas,Andrews,356,8,0,32.30468633,-102.63765479999999,48003.0,1903.2344292969794,2.247191011235955,348,355,8,0,347,350,18128,1,0,0,1,5
2020-08-22,US,Texas,Angelina,1953,61,0,31.25457347,-94.60901487,48005.0,2252.205500778412,3.1233998975934463,1892,1953,58,0,1895,1953,87092,0,3,0,-3,0
2020-08-22,US,Texas,Aransas,197,16,0,28.10556197,-96.9995047,48007.0,837.9413015737982,8.121827411167514,181,194,16,0,178,190,23792,3,0,0,3,4
2020-08-22,US,Texas,Archer,39,0,0,33.61569967,-98.68754589,48009.0,455.9803577692038,0.0,39,36,0,0,36,33,8786,3,0,0,3,3
2020-08-22,US,Texas,Armstrong,10,0,0,34.96507426,-101.35748740000001,48011.0,529.9417064122946,0.0,10,10,0,0,10,9,1892,0,0,0,0,1
2020-08-22,US,Texas,Atascosa,544,23,0,28.89333001,-98.52730485,48013.0,1063.4762379528083,4.227941176470588,521,526,21,0,505,519,50310,18,2,0,16,7
2020-08-22,US,Texas,Austin,371,4,0,29.88548725,-96.27736949,48015.0,1235.3489611081513,1.0781671159029649,367,368,4,0,364,352,29989,3,0,0,3,16
2020-08-22,US,Texas,Bailey,196,4,0,34.06854817,-102.8299707,48017.0,2800.0,2.0408163265306123,192,196,4,0,192,196,7027,0,0,0,0,0
2020-08-22,US,Texas,Bandera,106,3,0,29.74619598,-99.24598147,48019.0,458.6362062997577,2.830188679245283,103,105,3,0,102,103,22824,1,0,0,1,2
2020-08-22,US,Texas,Bastrop,1522,25,0,30.10370699,-97.31206354,48021.0,1715.4514612896319,1.6425755584756898,1497,1513,25,0,1488,1501,86976,9,0,0,9,12
2020-08-22,US,Texas,Baylor,12,0,0,33.61640794,-99.21352901,48023.0,341.9777714448561,0.0,12,12,0,0,12,13,3582,0,0,0,0,-1
2020-08-22,US,Texas,Bee,1456,18,0,28.41761668,-97.74215593,48025.0,4471.057884231537,1.2362637362637363,1438,1450,18,0,1432,1438,32587,6,0,0,6,12
2020-08-22,US,Texas,Bell,4534,55,0,31.03736027,-97.4785025,48027.0,1249.297373554794,1.2130569033965592,4479,4501,52,0,4449,4452,355642,33,3,0,30,49
2020-08-22,US,Texas,Bexar,44814,992,0,29.44928723,-98.52019748,48029.0,2236.725339072468,2.2135939661712856,43822,44814,981,0,43833,44642,1986049,0,11,0,-11,172
2020-08-22,US,Texas,Blanco,127,5,0,30.26640707,-98.3999852,48031.0,1064.4539435085073,3.9370078740157477,122,128,5,0,123,128,11702,-1,0,0,-1,0
2020-08-22,US,Texas,Bosque,196,4,0,31.89978581,-97.63613524,48035.0,1048.9697618410491,2.0408163265306123,192,194,4,0,190,193,18691,2,0,0,2,1
2020-08-22,US,Texas,Bowie,859,41,0,33.44626922,-94.41834132,48037.0,921.2290203228056,4.7729918509895235,818,859,41,0,818,812,94324,0,0,0,0,47
2020-08-22,US,Texas,Brazoria,8605,124,0,29.18757369,-95.44563172,48039.0,2299.179189021653,1.4410226612434631,8481,8514,122,0,8392,8438,370200,91,2,0,89,76
2020-08-22,US,Texas,Brazos,4311,53,0,30.663644800000004,-96.30205577,48041.0,1880.7997870957327,1.2294131292043609,4258,4275,53,0,4222,4251,226758,36,0,0,36,24
2020-08-22,US,Texas,Brewster,189,2,0,29.81008251,-103.25203259999999,48043.0,2053.6781484298604,1.058201058201058,187,187,2,0,185,187,9267,2,0,0,2,0
2020-08-22,US,Texas,Briscoe,12,1,0,34.53026962,-101.2084947,48045.0,776.1966364812421,8.333333333333334,11,12,1,0,11,12,1516,0,0,0,0,0
2020-08-22,US,Texas,Brooks,190,14,0,27.03103197,-98.21808402,48047.0,2678.697307204286,7.36842105263158,176,182,10,0,172,167,7114,8,4,0,4,15
2020-08-22,US,Texas,Brown,435,19,0,31.77430356,-98.99907113,48049.0,1148.848510458483,4.367816091954023,416,428,19,0,409,427,37924,7,0,0,7,1
2020-08-22,US,Texas,Burleson,275,6,0,30.49273808,-96.62158484,48051.0,1491.0806267960745,2.1818181818181817,269,267,6,0,261,266,18389,8,0,0,8,1
2020-08-22,US,Texas,Burnet,603,12,0,30.78801353,-98.181887,48053.0,1252.2064167791507,1.9900497512437807,591,593,12,0,581,595,47542,10,0,0,10,-2
2020-08-22,US,Texas,Caldwell,1208,31,0,29.83668859,-97.61814775,48055.0,2766.581165262001,2.566225165562914,1177,1198,31,0,1167,1195,43247,10,0,0,10,3
2020-08-22,US,Texas,Calhoun,579,7,0,28.47048236,-96.61633945,48057.0,2719.5866604039456,1.2089810017271156,572,579,7,0,572,565,21561,0,0,0,0,14
2020-08-22,US,Texas,Callahan,57,3,0,32.29760619,-99.37326312,48059.0,408.80728681058594,5.2631578947368425,54,56,3,0,53,56,13994,1,0,0,1,0
2020-08-22,US,Texas,Cameron,19001,648,0,26.14524221,-97.48140372,48061.0,4490.2318964559745,3.410346823851376,18353,18874,629,0,18245,18559,423908,127,19,0,108,315
2020-08-22,US,Texas,Camp,273,7,0,32.97195142,-94.97790104,48063.0,2084.924392851688,2.5641025641025643,266,270,7,0,263,270,13033,3,0,0,3,0
2020-08-22,US,Texas,Carson,17,0,0,35.40365929,-101.35426690000001,48065.0,286.87141410732363,0.0,17,17,0,0,17,17,6005,0,0,0,0,0
2020-08-22,US,Texas,Cass,223,9,0,33.07499881,-94.34646905,48067.0,742.6896689535736,4.035874439461884,214,222,9,0,213,218,30119,1,0,0,1,4
2020-08-22,US,Texas,Castro,214,4,0,34.53016752,-102.2617243,48069.0,2841.9654714475428,1.8691588785046729,210,214,4,0,210,209,7665,0,0,0,0,5
2020-08-22,US,Texas,Chambers,1080,5,0,29.70972016,-94.67154501,48071.0,2463.672240344914,0.462962962962963,1075,1080,5,0,1075,1080,42454,0,0,0,0,0
2020-08-22,US,Texas,Cherokee,1334,14,0,31.837258000000002,-95.16559897,48073.0,2533.905709835505,1.0494752623688155,1320,1325,13,0,1312,1307,52592,9,1,0,8,18
2020-08-22,US,Texas,Childress,52,0,0,34.529304100000004,-100.2077916,48075.0,711.7437722419929,0.0,52,53,0,0,53,53,7291,-1,0,0,-1,0
2020-08-22,US,Texas,Clay,59,1,0,33.78686685,-98.20771198,48077.0,563.460987489256,1.6949152542372878,58,59,1,0,58,51,10456,0,0,0,0,8
2020-08-22,US,Texas,Cochran,35,1,0,33.60425307,-102.82844990000001,48079.0,1226.7788293024887,2.8571428571428568,34,35,1,0,34,35,2836,0,0,0,0,0
2020-08-22,US,Texas,Coke,45,2,0,31.88911733,-100.5297533,48081.0,1328.6093888396808,4.4444444444444455,43,45,2,0,43,44,3370,0,0,0,0,1
2020-08-22,US,Texas,Coleman,44,2,0,31.76736834,-99.45240766,48083.0,538.2262996941896,4.545454545454546,42,43,2,0,41,37,8397,1,0,0,1,6
2020-08-22,US,Texas,Collin,10521,107,0,33.18820114,-96.57264368,48085.0,1016.7869879098897,1.0170135918638912,10414,10521,107,0,10414,10451,1005146,0,0,0,0,70
2020-08-22,US,Texas,Collingsworth,15,0,0,34.96489496,-100.27001109999999,48087.0,513.6986301369864,0.0,15,16,0,0,16,16,2962,-1,0,0,-1,0
2020-08-22,US,Texas,Colorado,399,3,0,29.622097999999998,-96.5273805,48089.0,1856.418368771228,0.7518796992481203,396,399,3,0,396,378,21217,0,0,0,0,21
2020-08-22,US,Texas,Comal,2270,93,0,29.80811278,-98.27647225,48091.0,1453.1813147769974,4.096916299559472,2177,2263,92,0,2171,2256,148373,7,1,0,6,7
2020-08-22,US,Texas,Comanche,184,3,0,31.94854689,-98.55876441,48093.0,1349.4682801613494,1.6304347826086956,181,185,3,0,182,183,13534,-1,0,0,-1,2
2020-08-22,US,Texas,Concho,35,0,0,31.32635934,-99.86473038,48095.0,1283.9325018341892,0.0,35,35,0,0,35,36,4276,0,0,0,0,-1
2020-08-22,US,Texas,Cooke,288,4,0,33.63979567,-97.21240912,48097.0,698.0633589451488,1.3888888888888888,284,284,4,0,280,283,40574,4,0,0,4,1
2020-08-22,US,Texas,Coryell,768,8,0,31.39078397,-97.79936155,48099.0,1011.1782596674173,1.0416666666666667,760,763,7,0,756,763,74808,5,1,0,4,0
2020-08-22,US,Texas,Cottle,18,2,0,34.07783319,-100.27850620000001,48101.0,1287.5536480686694,11.111111111111109,16,18,2,0,16,18,1389,0,0,0,0,0
2020-08-22,US,Texas,Crane,70,2,0,31.43052248,-102.5143314,48103.0,1459.245361684386,2.8571428571428568,68,70,2,0,68,71,4794,0,0,0,0,-1
2020-08-22,US,Texas,Crockett,160,4,0,30.72367027,-101.4134238,48105.0,4618.937644341801,2.5,156,159,4,0,155,157,3499,1,0,0,1,2
2020-08-22,US,Texas,Crosby,75,1,0,33.61431553,-101.30003640000001,48107.0,1307.3034687118702,1.3333333333333333,74,74,1,0,73,72,5779,1,0,0,1,2
2020-08-22,US,Texas,Culberson,22,2,0,31.44506775,-104.5185739,48109.0,1013.3578995854443,9.090909090909092,20,22,2,0,20,22,2204,0,0,0,0,0
2020-08-22,US,Texas,Dallam,202,6,0,36.27787176,-102.60207249999999,48111.0,2772.0598325785645,2.9702970297029703,196,201,6,0,195,199,7200,1,0,0,1,2
2020-08-22,US,Texas,Dallas,67486,878,0,32.76670599,-96.77796049999999,48113.0,2560.6370820742504,1.3010105799721423,66608,67486,868,0,66618,66772,2637772,0,10,0,-10,714
2020-08-22,US,Texas,Dawson,187,7,0,32.74255572,-101.94772420000001,48115.0,1469.2017598994346,3.7433155080213902,180,184,7,0,177,181,12619,3,0,0,3,3
2020-08-22,US,Texas,DeWitt,782,24,0,29.08101855,-97.35681170000001,48123.0,3878.968253968254,3.0690537084398977,758,776,24,0,752,777,20187,6,0,0,6,-1
2020-08-22,US,Texas,Deaf Smith,770,19,0,34.96522957,-102.6054267,48117.0,4151.838671411625,2.467532467532468,751,762,19,0,743,761,18760,8,0,0,8,1
2020-08-22,US,Texas,Delta,18,0,0,33.38570922,-95.66921122,48119.0,337.64772087788407,0.0,18,18,0,0,18,18,5349,0,0,0,0,0
2020-08-22,US,Texas,Denton,9095,116,0,33.20521901,-97.11691153,48121.0,1025.12716874416,1.2754260582737769,8979,8950,116,0,8834,8841,859064,145,0,0,145,109
2020-08-22,US,Texas,Dickens,10,1,0,33.61616822,-100.7788855,48125.0,452.2840343735867,10.0,9,6,1,0,5,5,2249,4,0,0,4,1
2020-08-22,US,Texas,Dimmit,171,4,0,28.42270064,-99.75645095,48127.0,1689.0557092058475,2.3391812865497075,167,169,4,0,165,169,10308,2,0,0,2,0
2020-08-22,US,Texas,Donley,52,1,0,34.96517499,-100.8140093,48129.0,1586.333129957291,1.9230769230769231,51,52,1,0,51,50,3319,0,0,0,0,2
2020-08-22,US,Texas,Duval,218,8,0,27.68184592,-98.50864568,48131.0,1953.930267993188,3.669724770642202,210,212,8,0,204,212,11212,6,0,0,6,0
2020-08-22,US,Texas,Eastland,103,1,0,32.32743996,-98.83243566,48133.0,561.0021786492375,0.9708737864077671,102,102,1,0,101,100,18322,1,0,0,1,2
2020-08-22,US,Texas,Ector,4007,64,0,31.86898877,-102.54294279999999,48135.0,2410.6170626206963,1.59720489143998,3943,4007,64,0,3943,3958,162124,0,0,0,0,49
2020-08-22,US,Texas,Edwards,34,0,0,29.98202582,-100.304252,48137.0,1759.8343685300208,0.0,34,34,0,0,34,30,1928,0,0,0,0,4
2020-08-22,US,Texas,El Paso,19316,392,0,31.76980765,-106.23632749999999,48141.0,2301.611700137505,2.0294056740525988,18924,19177,387,0,18790,19057,840758,139,5,0,134,120
2020-08-22,US,Texas,Ellis,3486,54,0,32.34894117,-96.79371841,48139.0,1886.0982762165493,1.5490533562822721,3432,3486,54,0,3432,3445,179436,0,0,0,0,41
2020-08-22,US,Texas,Erath,618,7,0,32.23602653,-98.21773417,48143.0,1447.3745842896624,1.132686084142395,611,614,7,0,607,602,42446,4,0,0,4,12
2020-08-22,US,Texas,Falls,150,3,0,31.25350609,-96.93630086,48145.0,867.2024050413366,2.0,147,150,3,0,147,151,17335,0,0,0,0,-1
2020-08-22,US,Texas,Fannin,388,10,0,33.59564294,-96.10751083,48147.0,1092.5268908036267,2.5773195876288657,378,384,10,0,374,371,35286,4,0,0,4,13
2020-08-22,US,Texas,Fayette,442,15,0,29.87788372,-96.92076062,48149.0,1743.864909650438,3.3936651583710407,427,442,15,0,427,431,25349,0,0,0,0,11
2020-08-22,US,Texas,Fisher,48,1,0,32.74281316,-100.40193020000001,48151.0,1253.2637075718014,2.083333333333333,47,47,1,0,46,45,3839,1,0,0,1,2
2020-08-22,US,Texas,Floyd,98,7,0,34.07227468,-101.3031546,48153.0,1715.686274509804,7.142857142857142,91,98,7,0,91,97,5837,0,0,0,0,1
2020-08-22,US,Texas,Foard,3,0,0,33.97308618,-99.7767797,48155.0,259.7402597402597,0.0,3,3,0,0,3,3,1200,0,0,0,0,0
2020-08-22,US,Texas,Fort Bend,14034,214,0,29.52704478,-95.77219463,48157.0,1728.989463931954,1.5248681772837396,13820,13794,211,0,13583,13688,787858,240,3,0,237,106
2020-08-22,US,Texas,Franklin,100,4,0,33.17653242,-95.21917243,48159.0,932.4009324009323,4.0,96,100,4,0,96,100,10766,0,0,0,0,0
2020-08-22,US,Texas,Freestone,203,0,0,31.70422788,-96.15072516,48161.0,1029.5683927575192,0.0,203,199,0,0,199,199,19808,4,0,0,4,0
2020-08-22,US,Texas,Frio,613,7,0,28.86751206,-99.10804207,48163.0,3018.812173741752,1.1419249592169658,606,607,7,0,600,604,19816,6,0,0,6,3
2020-08-22,US,Texas,Gaines,228,5,0,32.74055318,-102.6353295,48165.0,1060.859854829704,2.1929824561403506,223,225,5,0,220,216,20901,3,0,0,3,9
2020-08-22,US,Texas,Galveston,10350,131,0,29.40167322,-94.90469073,48167.0,3025.086295336106,1.2657004830917875,10219,10308,130,0,10178,10283,337890,42,1,0,41,25
2020-08-22,US,Texas,Garza,102,3,0,33.17969345,-101.2984114,48169.0,1637.5020067426553,2.9411764705882355,99,101,3,0,98,101,6578,1,0,0,1,0
2020-08-22,US,Texas,Gillespie,193,6,0,30.31824095,-98.94676915,48171.0,715.1326515488365,3.1088082901554404,187,192,6,0,186,192,26804,1,0,0,1,0
2020-08-22,US,Texas,Glasscock,6,0,0,31.86942909,-101.5207776,48173.0,425.83392476934,0.0,6,6,0,0,6,6,1388,0,0,0,0,0
2020-08-22,US,Texas,Goliad,121,6,0,28.65696592,-97.42760647,48175.0,1580.0470096630975,4.958677685950414,115,121,6,0,115,121,7584,0,0,0,0,0
2020-08-22,US,Texas,Gonzales,783,12,0,29.45634206,-97.49424032,48177.0,3757.738637999712,1.5325670498084292,771,749,11,0,738,749,20826,34,1,0,33,0
2020-08-22,US,Texas,Gray,239,3,0,35.40081878,-100.8129222,48179.0,1092.0222973590423,1.2552301255230125,236,238,3,0,235,235,21895,1,0,0,1,3
2020-08-22,US,Texas,Grayson,1353,18,0,33.62744998,-96.67753461,48181.0,993.3045546647872,1.3303769401330376,1335,1353,18,0,1335,1344,133991,0,0,0,0,9
2020-08-22,US,Texas,Gregg,1769,43,0,32.47940482,-94.81591935,48183.0,1427.2459558675214,2.430751837196156,1726,1751,43,0,1708,1728,123707,18,0,0,18,23
2020-08-22,US,Texas,Grimes,960,29,0,30.54579585,-95.98902499,48185.0,3324.099722991689,3.020833333333333,931,955,29,0,926,952,28360,5,0,0,5,3
2020-08-22,US,Texas,Guadalupe,1858,66,0,29.58165339,-97.94786822,48187.0,1113.5950901124984,3.552206673842842,1792,1851,66,0,1785,1840,163694,7,0,0,7,11
2020-08-22,US,Texas,Hale,1538,40,0,34.07044901,-101.82681140000001,48189.0,4603.963359875472,2.6007802340702204,1498,1538,39,0,1499,1532,33830,0,1,0,-1,6
2020-08-22,US,Texas,Hall,16,1,0,34.5307555,-100.68138520000001,48191.0,539.8110661268556,6.25,15,16,1,0,15,15,3028,0,0,0,0,1
2020-08-22,US,Texas,Hamilton,96,3,0,31.70470573,-98.11083887,48193.0,1134.6176574872945,3.125,93,95,3,0,92,97,8484,1,0,0,1,-2
2020-08-22,US,Texas,Hansford,99,3,0,36.27743284,-101.3545796,48195.0,1833.6729023893313,3.0303030303030303,96,99,2,0,97,99,5463,0,1,0,-1,0
2020-08-22,US,Texas,Hardeman,22,0,0,34.28944521,-99.74632408,48197.0,559.3694380879734,0.0,22,22,0,0,22,22,3922,0,0,0,0,0
2020-08-22,US,Texas,Hardin,1217,18,0,30.33364686,-94.38931817,48199.0,2112.77386201868,1.4790468364831553,1199,1217,18,0,1199,1177,57207,0,0,0,0,40
2020-08-22,US,Texas,Harris,97745,2011,0,29.85864939,-95.39339521,48201.0,2073.801403467828,2.057394240114584,95734,96658,1978,0,94680,95631,4698619,1087,33,0,1054,1027
2020-08-22,US,Texas,Harrison,774,26,0,32.54935988,-94.36934071,48203.0,1162.9828858203234,3.3591731266149867,748,772,26,0,746,760,66726,2,0,0,2,12
2020-08-22,US,Texas,Hartley,99,0,0,35.84008013,-102.6029022,48205.0,1775.4662840746055,0.0,99,98,0,0,98,97,5619,1,0,0,1,1
2020-08-22,US,Texas,Haskell,50,1,0,33.17823584,-99.73037358,48207.0,883.7044892188053,2.0,49,51,1,0,50,51,5813,-1,0,0,-1,0
2020-08-22,US,Texas,Hays,5250,52,0,30.05669873,-98.02944344,48209.0,2280.714710827096,0.9904761904761904,5198,5250,48,0,5202,5230,222631,0,4,0,-4,20
2020-08-22,US,Texas,Hemphill,47,0,0,35.83764858,-100.2703577,48211.0,1230.688661953391,0.0,47,47,0,0,47,47,3825,0,0,0,0,0
2020-08-22,US,Texas,Henderson,755,15,0,32.21128872,-95.85846587,48213.0,912.5300651461861,1.9867549668874167,740,745,14,0,731,741,82299,10,1,0,9,4
2020-08-22,US,Texas,Hidalgo,23993,1071,0,26.39418217,-98.18299696,48215.0,2761.9208778103553,4.463801942233151,22922,23993,1071,0,22922,23513,865939,0,0,0,0,480
2020-08-22,US,Texas,Hill,343,7,0,31.99045053,-97.13423143,48217.0,935.9054817321072,2.0408163265306123,336,343,7,0,336,343,36354,0,0,0,0,0
2020-08-22,US,Texas,Hockley,242,5,0,33.60771256,-102.3431676,48219.0,1051.2141088571304,2.066115702479338,237,236,5,0,231,232,22980,6,0,0,6,4
2020-08-22,US,Texas,Hood,703,20,0,32.42990927,-97.83242024,48221.0,1140.4376814885713,2.8449502133712663,683,675,18,0,657,668,60537,28,2,0,26,7
2020-08-22,US,Texas,Hopkins,234,4,0,33.14875072,-95.56351139,48223.0,630.9998921367704,1.709401709401709,230,232,3,0,229,227,36810,2,1,0,1,5
2020-08-22,US,Texas,Houston,329,8,0,31.31925973,-95.42226208,48225.0,1432.4277255311738,2.4316109422492405,321,323,8,0,315,325,23169,6,0,0,6,-2
2020-08-22,US,Texas,Howard,248,8,0,32.30621324,-101.4356444,48227.0,676.4128300240018,3.2258064516129035,240,244,8,0,236,229,36459,4,0,0,4,15
2020-08-22,US,Texas,Hudspeth,36,2,0,31.45628381,-105.388178,48229.0,736.7990176013099,5.5555555555555545,34,36,2,0,34,36,4795,0,0,0,0,0
2020-08-22,US,Texas,Hunt,1352,24,0,33.12351514,-96.08551032,48231.0,1371.280199606467,1.7751479289940828,1328,1336,24,0,1312,1310,96493,16,0,0,16,26
2020-08-22,US,Texas,Hutchinson,139,3,0,35.84006574,-101.3546643,48233.0,663.8647435285127,2.1582733812949644,136,138,3,0,135,137,21198,1,0,0,1,1
2020-08-22,US,Texas,Irion,9,0,0,31.30375559,-100.982439,48235.0,585.9375,0.0,9,9,0,0,9,9,1522,0,0,0,0,0
2020-08-22,US,Texas,Jack,116,0,0,33.23377248,-98.17283469,48237.0,1298.2652490207056,0.0,116,112,0,0,112,103,8843,4,0,0,4,9
2020-08-22,US,Texas,Jackson,477,13,0,28.95472367,-96.57749563,48239.0,3231.707317073171,2.7253668763102725,464,477,13,0,464,463,14874,0,0,0,0,14
2020-08-22,US,Texas,Jasper,393,16,0,30.74685667,-94.02667579,48241.0,1106.138647302204,4.0712468193384215,377,390,16,0,374,377,35872,3,0,0,3,13
2020-08-22,US,Texas,Jeff Davis,8,0,0,30.71490589,-104.1399973,48243.0,351.8029903254178,0.0,8,8,0,0,8,8,2252,0,0,0,0,0
2020-08-22,US,Texas,Jefferson,6489,101,0,29.8832777,-94.16434171,48245.0,2579.4526265577483,1.5564801972568962,6388,6456,98,0,6358,6388,255001,33,3,0,30,68
2020-08-22,US,Texas,Jim Hogg,73,2,0,27.04453923,-98.69681870000001,48247.0,1403.8461538461538,2.7397260273972597,71,69,2,0,67,69,5248,4,0,0,4,0
2020-08-22,US,Texas,Jim Wells,916,23,0,27.73103938,-98.0904705,48249.0,2262.734054641569,2.510917030567686,893,906,21,0,885,899,40822,10,2,0,8,7
2020-08-22,US,Texas,Johnson,2393,40,0,32.37877812,-97.36615819,48251.0,1361.0742988448214,1.6715419974926868,2353,2379,38,0,2341,2346,171361,14,2,0,12,33
2020-08-22,US,Texas,Jones,601,0,0,32.73997145,-99.87861576,48253.0,2992.580789722651,0.0,601,600,0,0,600,607,19817,1,0,0,1,-7
2020-08-22,US,Texas,Karnes,720,10,0,28.90705334,-97.85960149,48255.0,4615.088776360491,1.3888888888888888,710,696,10,0,686,694,15650,24,0,0,24,2
2020-08-22,US,Texas,Kaufman,2656,32,0,32.599141700000004,-96.28734728,48257.0,1950.7322590595945,1.2048192771084338,2624,2653,32,0,2621,2620,128622,3,0,0,3,33
2020-08-22,US,Texas,Kendall,193,4,0,29.94414155,-98.7113588,48259.0,406.90687525036367,2.0725388601036268,189,191,4,0,187,183,45641,2,0,0,2,8
2020-08-22,US,Texas,Kenedy,7,1,0,26.92601662,-97.66413984,48261.0,1732.6732673267327,14.285714285714285,6,7,1,0,6,7,442,0,0,0,0,0
2020-08-22,US,Texas,Kent,6,0,0,33.18104136,-100.7780939,48263.0,787.4015748031495,0.0,6,6,0,0,6,4,726,0,0,0,0,2
2020-08-22,US,Texas,Kerr,426,9,0,30.06040006,-99.34930144,48265.0,809.8859315589352,2.112676056338028,417,423,8,0,415,422,52405,3,1,0,2,1
2020-08-22,US,Texas,Kimble,16,1,0,30.48678918,-99.74856473,48267.0,368.9186073322573,6.25,15,16,1,0,15,16,4362,0,0,0,0,0
2020-08-22,US,Texas,Kinney,22,1,0,29.34967888,-100.41866379999999,48271.0,599.9454595036815,4.545454545454546,21,22,0,0,22,22,3767,0,1,0,-1,0
2020-08-22,US,Texas,Kleberg,546,21,0,27.42435506,-97.69894948,48273.0,1779.6610169491526,3.8461538461538463,525,544,20,0,524,541,31129,2,1,0,1,3
2020-08-22,US,Texas,Knox,64,8,0,33.60519951,-99.74229059999999,48275.0,1746.7248908296942,12.5,56,63,6,0,57,62,3653,1,2,0,-1,1
2020-08-22,US,Texas,La Salle,367,2,0,28.34453111,-99.09908775,48283.0,4880.31914893617,0.5449591280653951,365,368,2,0,366,368,7531,-1,0,0,-1,0
2020-08-22,US,Texas,Lamar,783,20,0,33.66981763,-95.57404777,48277.0,1570.4286086764675,2.554278416347382,763,773,20,0,753,766,49728,10,0,0,10,7
2020-08-22,US,Texas,Lamb,263,19,0,34.06859623,-102.35162890000001,48279.0,2039.866594275964,7.224334600760456,244,256,18,0,238,256,13158,7,1,0,6,0
2020-08-22,US,Texas,Lampasas,141,5,0,31.19531316,-98.24206613,48281.0,658.0175471345902,3.5460992907801416,136,140,5,0,135,137,21229,1,0,0,1,3
2020-08-22,US,Texas,Lavaca,661,28,0,29.38508402,-96.93186692,48285.0,3279.745956137739,4.236006051437216,633,661,28,0,633,656,20110,0,0,0,0,5
2020-08-22,US,Texas,Lee,188,13,0,30.31120597,-96.97045773,48287.0,1090.5504959684436,6.914893617021277,175,187,13,0,174,187,17144,1,0,0,1,0
2020-08-22,US,Texas,Leon,165,4,0,31.29872538,-95.9936328,48289.0,948.0579177200644,2.4242424242424243,161,162,4,0,158,161,17270,3,0,0,3,1
2020-08-22,US,Texas,Liberty,1287,39,0,30.15152688,-94.81205615,48291.0,1458.86940455004,3.0303030303030303,1248,1268,39,0,1229,1206,86323,19,0,0,19,62
2020-08-22,US,Texas,Limestone,381,5,0,31.5454767,-96.58095444,48293.0,1625.6346802065111,1.3123359580052494,376,355,5,0,350,337,23519,26,0,0,26,18
2020-08-22,US,Texas,Lipscomb,23,0,0,36.27783108,-100.27331509999999,48295.0,711.4135477884317,0.0,23,22,0,0,22,22,3355,1,0,0,1,0
2020-08-22,US,Texas,Live Oak,282,5,0,28.35101362,-98.1246786,48297.0,2310.1499139837797,1.7730496453900708,277,255,5,0,250,255,12166,27,0,0,27,0
2020-08-22,US,Texas,Llano,98,1,0,30.70645047,-98.68475262,48299.0,449.64441385638906,1.020408163265306,97,95,1,0,94,95,21646,3,0,0,3,0
2020-08-22,US,Texas,Lubbock,6818,82,0,33.61008596,-101.82047890000001,48303.0,2195.3253544300946,1.20269873863303,6736,6750,82,0,6668,6706,307412,68,0,0,68,44
2020-08-22,US,Texas,Lynn,76,4,0,33.17657705,-101.8162849,48305.0,1277.0962863384304,5.2631578947368425,72,76,4,0,72,76,5877,0,0,0,0,0
2020-08-22,US,Texas,Madison,690,3,0,30.96694679,-95.93003775,48313.0,4830.579669560348,0.43478260869565216,687,688,3,0,685,685,14422,2,0,0,2,3
2020-08-22,US,Texas,Marion,139,10,0,32.79868409,-94.35661230000001,48315.0,1410.5946823624924,7.1942446043165456,129,139,10,0,129,136,9928,0,0,0,0,3
2020-08-22,US,Texas,Martin,70,5,0,32.30600051,-101.9513518,48317.0,1212.9613585167215,7.142857142857142,65,68,5,0,63,68,5753,2,0,0,2,0
2020-08-22,US,Texas,Mason,64,0,0,30.71780434,-99.22629416,48319.0,1497.4262985493685,0.0,64,64,0,0,64,64,4280,0,0,0,0,0
2020-08-22,US,Texas,Matagorda,858,38,0,28.81955746,-96.01230294,48321.0,2341.5113391370787,4.428904428904429,820,852,37,0,815,848,36552,6,1,0,5,4
2020-08-22,US,Texas,Maverick,3117,67,0,28.7429195,-100.3157686,48323.0,5308.06171451926,2.149502726981072,3050,2596,67,0,2529,2596,58485,521,0,0,521,0
2020-08-22,US,Texas,McCulloch,74,1,0,31.1925468,-99.34682807,48307.0,926.8537074148296,1.351351351351351,73,74,1,0,73,71,7987,0,0,0,0,3
2020-08-22,US,Texas,McLennan,5642,72,0,31.55255453,-97.20217694,48309.0,2198.5558582044478,1.2761432116270826,5570,5595,72,0,5523,5547,254607,47,0,0,47,48
2020-08-22,US,Texas,McMullen,10,0,0,28.35251708,-98.56769164,48311.0,1345.8950201884254,0.0,10,10,0,0,10,10,749,0,0,0,0,0
2020-08-22,US,Texas,Medina,1069,34,0,29.355730100000002,-99.11030298,48325.0,2072.3480148883373,3.180542563143125,1035,1064,33,0,1031,1063,50921,5,1,0,4,1
2020-08-22,US,Texas,Menard,20,0,0,30.88990665,-99.82047940000001,48327.0,935.4536950420952,0.0,20,20,0,0,20,19,2139,0,0,0,0,1
2020-08-22,US,Texas,Midland,3082,62,0,31.86904128,-102.03156820000001,48329.0,1742.897213174086,2.0116807268007793,3020,3082,62,0,3020,3011,172578,0,0,0,0,71
2020-08-22,US,Texas,Milam,400,4,0,30.78581830000001,-96.97718698,48331.0,1611.4087741207752,1.0,396,400,4,0,396,396,25131,0,0,0,0,4
2020-08-22,US,Texas,Mills,31,0,0,31.49557106,-98.59272068,48333.0,636.1584239688077,0.0,31,31,0,0,31,30,4921,0,0,0,0,1
2020-08-22,US,Texas,Mitchell,72,1,0,32.30623474,-100.9212058,48335.0,842.5980105324751,1.3888888888888888,71,72,1,0,71,72,8145,0,0,0,0,0
2020-08-22,US,Texas,Montague,109,3,0,33.67521893,-97.72500958,48337.0,550.0050459178525,2.7522935779816518,106,104,3,0,101,96,19596,5,0,0,5,8
2020-08-22,US,Texas,Montgomery,7915,112,0,30.30079133,-95.50572772,48339.0,1303.1144682749664,1.4150347441566646,7803,7915,110,0,7805,7743,590925,0,2,0,-2,172
2020-08-22,US,Texas,Moore,1103,17,0,35.83769242,-101.8930281,48341.0,5267.430754536772,1.5412511332728922,1086,1101,16,0,1085,1100,21485,2,1,0,1,1
2020-08-22,US,Texas,Morris,138,3,0,33.11304005,-94.73255695,48343.0,1113.9812721989024,2.1739130434782608,135,137,3,0,134,137,12339,1,0,0,1,0
2020-08-22,US,Texas,Motley,6,0,0,34.07408766,-100.77972199999999,48345.0,500.0,0.0,6,6,0,0,6,6,1234,0,0,0,0,0
2020-08-22,US,Texas,Nacogdoches,1257,45,0,31.62017125,-94.61803994,48347.0,1927.7958407459664,3.5799522673031032,1212,1251,44,0,1207,1244,65711,6,1,0,5,7
2020-08-22,US,Texas,Navarro,1009,13,0,32.04620681,-96.47428766,48349.0,2013.4496038951968,1.288404360753221,996,1006,13,0,993,1003,49565,3,0,0,3,3
2020-08-22,US,Texas,Newton,162,6,0,30.78548982,-93.74408813,48351.0,1191.6145641780067,3.703703703703704,156,162,6,0,156,157,13746,0,0,0,0,5
2020-08-22,US,Texas,Nolan,145,4,0,32.30365282,-100.4060208,48353.0,985.4560282723936,2.7586206896551726,141,143,4,0,139,143,14751,2,0,0,2,0
2020-08-22,US,Texas,Nueces,17854,306,0,27.736286,-97.5433285,48355.0,4928.04186655037,1.7139016466898174,17548,17854,306,0,17548,17600,362265,0,0,0,0,254
2020-08-22,US,Texas,Ochiltree,102,3,0,36.27829105,-100.8158184,48357.0,1037.0069133794223,2.9411764705882355,99,102,3,0,99,101,9947,0,0,0,0,1
2020-08-22,US,Texas,Oldham,14,1,0,35.40425596,-102.6027606,48359.0,662.8787878787879,7.142857142857142,13,14,1,0,13,14,2131,0,0,0,0,0
2020-08-22,US,Texas,Orange,1720,32,0,30.11879481,-93.89412775,48361.0,2062.449038323181,1.8604651162790695,1688,1704,31,0,1673,1651,83572,16,1,0,15,53
2020-08-22,US,Texas,Palo Pinto,405,10,0,32.75310985,-98.31319001,48363.0,1387.5089931138446,2.469135802469136,395,397,10,0,387,392,28875,8,0,0,8,5
2020-08-22,US,Texas,Panola,302,19,0,32.163959600000005,-94.30552481,48365.0,1302.0608778132275,6.291390728476821,283,302,18,0,284,302,23148,0,1,0,-1,0
2020-08-22,US,Texas,Parker,1580,23,0,32.77757172,-97.80500621,48367.0,1105.8385475720545,1.4556962025316456,1557,1566,22,0,1544,1531,138371,14,1,0,13,35
2020-08-22,US,Texas,Parmer,372,7,0,34.52993409,-102.78446679999999,48369.0,3872.982821447163,1.8817204301075268,365,369,7,0,362,366,9864,3,0,0,3,3
2020-08-22,US,Texas,Pecos,272,2,0,30.78097267,-102.72412609999999,48371.0,1719.0166213739496,0.7352941176470589,270,270,2,0,268,268,15673,2,0,0,2,2
2020-08-22,US,Texas,Polk,773,15,0,30.79472531,-94.82766240000001,48373.0,1505.2674624656788,1.9404915912031049,758,773,15,0,758,773,50031,0,0,0,0,0
2020-08-22,US,Texas,Potter,3928,51,0,35.40133773,-101.893964,48375.0,3345.3987991312865,1.2983706720977597,3877,3928,51,0,3877,3901,119648,0,0,0,0,27
2020-08-22,US,Texas,Presidio,49,4,0,29.99954402,-104.24080790000001,48377.0,730.9069212410501,8.16326530612245,45,49,4,0,45,50,6948,0,0,0,0,-1
2020-08-22,US,Texas,Rains,55,1,0,32.87109387,-95.79232691,48379.0,439.5077513185233,1.818181818181818,54,55,1,0,54,55,12159,0,0,0,0,0
2020-08-22,US,Texas,Randall,2042,25,0,34.96585996,-101.8971322,48381.0,1482.7939264993133,1.2242899118511263,2017,2010,25,0,1985,1992,136271,32,0,0,32,18
2020-08-22,US,Texas,Reagan,75,5,0,31.36607041,-101.52326590000001,48383.0,1948.5580670303973,6.666666666666668,70,72,5,0,67,70,3741,3,0,0,3,2
2020-08-22,US,Texas,Real,99,5,0,29.83321503,-99.82018052,48385.0,2867.9026651216686,5.05050505050505,94,91,5,0,86,91,3478,8,0,0,8,0
2020-08-22,US,Texas,Red River,142,13,0,33.61886692,-95.04841765,48387.0,1181.069616568244,9.154929577464786,129,140,13,0,127,140,12175,2,0,0,2,0
2020-08-22,US,Texas,Reeves,161,5,0,31.32323325,-103.69038959999999,48389.0,1007.7616424636957,3.1055900621118013,156,159,5,0,154,158,15695,2,0,0,2,1
2020-08-22,US,Texas,Refugio,247,9,0,28.323897600000002,-97.15766311,48391.0,3554.979850316638,3.643724696356276,238,247,9,0,238,247,7032,0,0,0,0,0
2020-08-22,US,Texas,Roberts,6,0,0,35.83809685,-100.813175,48393.0,702.5761124121782,0.0,6,6,0,0,6,6,903,0,0,0,0,0
2020-08-22,US,Texas,Robertson,243,3,0,31.02539637,-96.51272246,48395.0,1423.2165866229354,1.2345679012345678,240,242,3,0,239,241,17284,1,0,0,1,1
2020-08-22,US,Texas,Rockwall,1266,21,0,32.89779518,-96.40771592,48397.0,1206.691130915503,1.6587677725118484,1245,1260,20,0,1240,1246,100657,6,1,0,5,14
2020-08-22,US,Texas,Runnels,177,3,0,31.8314342,-99.97616148,48399.0,1724.4738893219019,1.6949152542372878,174,175,3,0,172,170,10234,2,0,0,2,5
2020-08-22,US,Texas,Rusk,444,3,0,32.10773545,-94.76176432,48401.0,816.0864610520897,0.6756756756756757,441,440,3,0,437,433,54450,4,0,0,4,7
2020-08-22,US,Texas,Sabine,72,6,0,31.34318809,-93.85440451,48403.0,682.9823562891291,8.333333333333334,66,72,6,0,66,69,10589,0,0,0,0,3
2020-08-22,US,Texas,San Augustine,185,12,0,31.39457611,-94.17000399,48405.0,2245.96333616608,6.486486486486488,173,185,12,0,173,185,8232,0,0,0,0,0
2020-08-22,US,Texas,San Jacinto,193,8,0,30.57933681,-95.16260304,48407.0,668.7688416092034,4.1450777202072535,185,193,8,0,185,191,28719,0,0,0,0,2
2020-08-22,US,Texas,San Patricio,1168,52,0,28.00880118,-97.51763891,48409.0,1750.3371796793049,4.452054794520548,1116,1168,50,0,1118,1168,66893,0,2,0,-2,0
2020-08-22,US,Texas,San Saba,33,0,0,31.1577796,-98.81758731,48411.0,545.0041288191577,0.0,33,32,0,0,32,31,6054,1,0,0,1,1
2020-08-22,US,Texas,Schleicher,36,1,0,30.89740592,-100.5384842,48413.0,1288.936627282492,2.7777777777777777,35,36,1,0,35,36,2895,0,0,0,0,0
2020-08-22,US,Texas,Scurry,515,2,0,32.74613808,-100.91626640000001,48415.0,3083.27845297252,0.3883495145631068,513,507,2,0,505,507,16866,8,0,0,8,0
2020-08-22,US,Texas,Shackelford,20,0,0,32.73587756,-99.35401337,48417.0,612.5574272588054,0.0,20,20,0,0,20,20,3253,0,0,0,0,0
2020-08-22,US,Texas,Shelby,426,18,0,31.79211404,-94.14550696,48419.0,1685.5266281554166,4.225352112676056,408,425,18,0,407,419,25418,1,0,0,1,6
2020-08-22,US,Texas,Sherman,50,0,0,36.27751473,-101.8933156,48421.0,1654.5334215751159,0.0,50,49,0,0,49,47,3079,1,0,0,1,2
2020-08-22,US,Texas,Smith,2978,49,0,32.37474036,-95.27175679999999,48423.0,1279.478928124906,1.6453995970449966,2929,2955,46,0,2909,2928,230221,23,3,0,20,27
2020-08-22,US,Texas,Somervell,113,1,0,32.22236802,-97.77403489,48425.0,1237.94916739702,0.8849557522123894,112,108,1,0,107,106,9016,5,0,0,5,2
2020-08-22,US,Texas,Starr,2543,105,0,26.56150059,-98.73892358,48427.0,3934.522612287841,4.128981517892253,2438,2517,100,0,2417,2504,64525,26,5,0,21,13
2020-08-22,US,Texas,Stephens,111,3,0,32.73553157,-98.83631615,48429.0,1185.137732222934,2.702702702702702,108,115,3,0,112,120,9433,-4,0,0,-4,-5
2020-08-22,US,Texas,Sterling,1,0,0,31.82781912,-101.05007459999999,48431.0,77.45933384972889,0.0,1,1,0,0,1,1,1311,0,0,0,0,0
2020-08-22,US,Texas,Stonewall,7,1,0,33.17906744,-100.25384009999999,48433.0,518.5185185185185,14.285714285714285,6,7,1,0,6,7,1362,0,0,0,0,0
2020-08-22,US,Texas,Sutton,76,2,0,30.49856623,-100.5382014,48435.0,2012.71186440678,2.631578947368421,74,76,2,0,74,72,3758,0,0,0,0,4
2020-08-22,US,Texas,Swisher,88,3,0,34.53028891,-101.73491740000001,48437.0,1189.67148844126,3.4090909090909087,85,88,3,0,85,87,7462,0,0,0,0,1
2020-08-22,US,Texas,Tarrant,37407,557,0,32.77143818,-97.29101614,48439.0,1779.154964411669,1.4890261181062368,36850,37210,547,0,36663,37020,2084931,197,10,0,187,190
2020-08-22,US,Texas,Taylor,1228,32,0,32.30163422,-99.89007449,48441.0,889.6358868104961,2.6058631921824102,1196,1210,31,0,1179,1199,137640,18,1,0,17,11
2020-08-22,US,Texas,Terrell,3,0,0,30.22429013,-102.0766732,48443.0,386.59793814432993,0.0,3,3,0,0,3,3,823,0,0,0,0,0
2020-08-22,US,Texas,Terry,188,2,0,33.17402785,-102.3354521,48445.0,1523.871281510902,1.0638297872340423,186,188,2,0,186,188,12287,0,0,0,0,0
2020-08-22,US,Texas,Throckmorton,4,2,0,33.17751417,-99.21226795,48447.0,266.4890073284477,50.0,2,4,2,0,2,4,1515,0,0,0,0,0
2020-08-22,US,Texas,Titus,1429,18,0,33.21339719,-94.96797273,48449.0,4363.358778625954,1.2596221133659902,1411,1429,18,0,1411,1429,33033,0,0,0,0,0
2020-08-22,US,Texas,Tom Green,3056,42,0,31.40464436,-100.46244300000001,48451.0,2563.758389261745,1.37434554973822,3014,3023,41,0,2982,2996,118189,33,1,0,32,27
2020-08-22,US,Texas,Travis,25559,353,0,30.33432034,-97.78535620000001,48453.0,2006.273381927448,1.381118197112563,25206,25559,353,0,25206,25353,1248743,0,0,0,0,206
2020-08-22,US,Texas,Trinity,169,4,0,31.0879489,-95.1367187,48455.0,1153.5048802129547,2.366863905325444,165,169,4,0,165,168,14740,0,0,0,0,1
2020-08-22,US,Texas,Tyler,175,3,0,30.77031716,-94.37690895,48457.0,807.4935400516797,1.7142857142857142,172,172,3,0,169,166,21696,3,0,0,3,6
2020-08-22,US,Texas,Upshur,310,5,0,32.73706798,-94.93999853,48459.0,742.4616195243456,1.6129032258064515,305,309,5,0,304,290,41260,1,0,0,1,19
2020-08-22,US,Texas,Upton,18,1,0,31.36868194,-102.0423217,48461.0,492.2067268252666,5.5555555555555545,17,18,1,0,17,17,3671,0,0,0,0,1
2020-08-22,US,Texas,Uvalde,649,16,0,29.35739637,-99.76229172,48463.0,2426.9847799259564,2.4653312788906008,633,647,15,0,632,625,26846,2,1,0,1,22
2020-08-22,US,Texas,Val Verde,1869,83,0,29.89149232,-101.1525205,48465.0,3812.340642529322,4.4408774745853385,1786,1869,83,0,1786,1800,49208,0,0,0,0,69
2020-08-22,US,Texas,Van Zandt,488,9,0,32.56483801,-95.83766469,48467.0,862.3431701714084,1.8442622950819672,479,485,9,0,476,476,56019,3,0,0,3,9
2020-08-22,US,Texas,Victoria,3712,69,0,28.79780988,-96.96813006,48469.0,4031.102037270319,1.858836206896552,3643,3681,67,0,3614,3658,92035,31,2,0,29,23
2020-08-22,US,Texas,Walker,3278,46,0,30.73872995,-95.57440968,48471.0,4492.195529730989,1.4032946918852958,3232,3247,46,0,3201,3223,72480,31,0,0,31,24
2020-08-22,US,Texas,Waller,608,5,0,30.01058447,-95.99011759,48473.0,1100.5321652246316,0.8223684210526315,603,579,5,0,574,576,53126,29,0,0,29,3
2020-08-22,US,Texas,Ward,102,1,0,31.50999644,-103.09279090000001,48475.0,850.1416902817135,0.9803921568627452,101,100,1,0,99,100,11720,2,0,0,2,0
2020-08-22,US,Texas,Washington,559,43,0,30.21498498,-96.40946246,48477.0,1557.884175909927,7.6923076923076925,516,553,43,0,510,549,35108,6,0,0,6,4
2020-08-22,US,Texas,Webb,10094,219,0,27.7610369,-99.33237355,48479.0,3648.627156138398,2.169605706360214,9875,10087,218,0,9869,10047,275910,7,1,0,6,40
2020-08-22,US,Texas,Wharton,1087,38,0,29.27765923,-96.22319248,48481.0,2615.7474251612284,3.4958601655933763,1049,1067,36,0,1031,1058,41619,20,2,0,18,9
2020-08-22,US,Texas,Wheeler,40,0,0,35.40114335,-100.26995140000001,48483.0,791.1392405063292,0.0,40,40,0,0,40,40,5191,0,0,0,0,0
2020-08-22,US,Texas,Wichita,1205,14,0,33.98842886,-98.70410340000001,48485.0,911.2909324661574,1.1618257261410792,1191,1192,14,0,1178,1185,132064,13,0,0,13,7
2020-08-22,US,Texas,Wilbarger,95,2,0,34.07945812,-99.24178437,48487.0,743.9893492051062,2.1052631578947367,93,92,2,0,90,89,12820,3,0,0,3,3
2020-08-22,US,Texas,Willacy,805,39,0,26.47411727,-97.61535848,48489.0,3769.0795018260137,4.844720496894411,766,802,39,0,763,799,21515,3,0,0,3,3
2020-08-22,US,Texas,Williamson,7687,113,0,30.64655664,-97.60048540000001,48491.0,1301.6657325108247,1.470014309873813,7574,7687,112,0,7575,7646,566719,0,1,0,-1,41
2020-08-22,US,Texas,Wilson,524,24,0,29.1732598,-98.08693082,48493.0,1026.0426865087136,4.580152671755725,500,520,23,0,497,514,50224,4,1,0,3,6
2020-08-22,US,Texas,Winkler,88,1,0,31.85008651,-103.04851629999999,48495.0,1098.6267166042446,1.1363636363636365,87,88,1,0,87,88,7720,0,0,0,0,0
2020-08-22,US,Texas,Wise,604,11,0,33.21570665,-97.65460265,48497.0,863.0544124371285,1.8211920529801324,593,599,11,0,588,586,68305,5,0,0,5,13
2020-08-22,US,Texas,Wood,378,12,0,32.78722382,-95.38236368,48499.0,830.0577526954918,3.1746031746031744,366,377,12,0,365,374,45129,1,0,0,1,3
2020-08-22,US,Texas,Yoakum,139,4,0,33.17320212,-102.82764329999999,48501.0,1595.3173419029038,2.8776978417266186,135,135,4,0,131,132,8591,4,0,0,4,3
2020-08-22,US,Texas,Young,209,6,0,33.17659707,-98.68790885,48503.0,1160.4664075513604,2.8708133971291865,203,207,6,0,201,206,18045,2,0,0,2,1
2020-08-22,US,Texas,Zapata,235,3,0,27.00156391,-99.16987152,48505.0,1657.3806333309824,1.2765957446808511,232,235,3,0,232,233,14190,0,0,0,0,2
2020-08-22,US,Texas,Zavala,253,8,0,28.86617238,-99.76050829,48507.0,2136.824324324324,3.1620553359683794,245,253,8,0,245,249,11983,0,0,0,0,4
2020-08-22,US,Utah,Bear River,2464,9,0,41.52106798,-113.08328159999999,0.0,1318.9307240201695,0.3652597402597403,2455,2443,9,0,2434,2427,,21,0,0,21,16
2020-08-22,US,Utah,Central Utah,479,2,0,39.37231946,-111.5758676,0.0,584.4742172438197,0.4175365344467641,477,475,2,0,473,472,,4,0,0,4,3
2020-08-22,US,Utah,Davis,3591,21,0,40.99001837,-112.1139997,49011.0,1010.1805722387413,0.5847953216374269,3570,3542,21,0,3521,3496,351713,49,0,0,49,46
2020-08-22,US,Utah,Salt Lake,22631,224,0,40.66616532,-111.92160109999999,49035.0,1950.2135833311072,0.9897927621404268,22407,22483,222,0,22261,22302,1152633,148,2,0,146,181
2020-08-22,US,Utah,San Juan,661,27,0,37.62762978,-109.80337140000002,49037.0,4318.0036582179255,4.084720121028743,634,660,27,0,633,659,15449,1,0,0,1,1
2020-08-22,US,Utah,Southeast Utah,128,1,0,38.99617072,-110.70139579999999,0.0,318.17842849685553,0.78125,127,127,1,0,126,120,,1,0,0,1,7
2020-08-22,US,Utah,Southwest Utah,3444,26,0,37.85447192,-111.4418764,0.0,1366.4389268455254,0.7549361207897793,3418,3429,26,0,3403,3408,,15,0,0,15,21
2020-08-22,US,Utah,Summit,805,1,0,40.86688146,-110.9535882,49043.0,1910.0723692015656,0.12422360248447205,804,792,1,0,791,787,41933,13,0,0,13,5
2020-08-22,US,Utah,Tooele,638,0,0,40.44862644,-113.12957150000001,49045.0,882.9349977165474,0.0,638,635,0,0,635,634,69907,3,0,0,3,1
2020-08-22,US,Utah,TriCounty,197,0,0,40.12491499,-109.5174415,0.0,347.9213026738724,0.0,197,196,0,0,196,195,,1,0,0,1,1
2020-08-22,US,Utah,Utah,10037,42,0,40.116672200000004,-111.66576620000001,49049.0,1577.5617499823181,0.4184517286041646,9995,9949,42,0,9907,9804,622213,88,0,0,88,145
2020-08-22,US,Utah,Wasatch,611,4,0,40.33110236,-111.1691419,49051.0,1792.2618873016336,0.6546644844517185,607,609,4,0,605,604,33240,2,0,0,2,5
2020-08-22,US,Utah,Weber-Morgan,3128,28,0,41.27116049,-111.9145117,0.0,1148.5769469444108,0.8951406649616368,3100,3105,28,0,3077,3074,,23,0,0,23,31
2020-08-22,US,Vermont,Addison,77,2,0,44.03217337,-73.14130877,50001.0,209.36998667645543,2.5974025974025974,75,76,2,0,74,76,36973,1,0,0,1,0
2020-08-22,US,Vermont,Bennington,95,1,0,43.03519828,-73.09048868,50003.0,267.8319706794474,1.0526315789473684,94,92,1,0,91,92,35631,3,0,0,3,0
2020-08-22,US,Vermont,Caledonia,30,0,0,44.46548598,-72.10314651,50005.0,100.02333877904844,0.0,30,30,0,0,30,30,30302,0,0,0,0,0
2020-08-22,US,Vermont,Chittenden,770,39,0,44.46322849,-73.08359212,50007.0,470.16009867256105,5.0649350649350655,731,766,39,0,727,766,164572,4,0,0,4,0
2020-08-22,US,Vermont,Essex,6,0,0,44.72736416,-71.73579864,50009.0,97.35518416355671,0.0,6,6,0,0,6,6,6250,0,0,0,0,0
2020-08-22,US,Vermont,Franklin,122,7,0,44.85627605,-72.91249563,50011.0,246.9535646330108,5.737704918032787,115,122,7,0,115,122,49421,0,0,0,0,0
2020-08-22,US,Vermont,Grand Isle,13,0,0,44.797582399999996,-73.29679772,50013.0,179.68210089841045,0.0,13,13,0,0,13,13,7090,0,0,0,0,0
2020-08-22,US,Vermont,Lamoille,45,1,0,44.60353043,-72.64356694,50015.0,177.43080198722495,2.2222222222222223,44,45,1,0,44,45,25300,0,0,0,0,0
2020-08-22,US,Vermont,Orange,20,0,0,44.00470222,-72.37640104,50017.0,69.22331441229406,0.0,20,20,0,0,20,19,28999,0,0,0,0,1
2020-08-22,US,Vermont,Orleans,15,0,0,44.82964024,-72.24562697,50019.0,55.479528054148034,0.0,15,15,0,0,15,15,26907,0,0,0,0,0
2020-08-22,US,Vermont,Rutland,103,1,0,43.57723578,-73.03741676,50021.0,177.00331666408894,0.9708737864077671,102,103,1,0,102,102,58672,0,0,0,0,1
2020-08-22,US,Vermont,Unassigned,8,0,0,0.0,0.0,90050.0,0.0,0.0,8,8,0,0,8,8,,0,0,0,0,0
2020-08-22,US,Vermont,Washington,60,2,0,44.27343241,-72.61604978,50023.0,102.72389529010941,3.333333333333333,58,59,2,0,57,59,58140,1,0,0,1,0
2020-08-22,US,Vermont,Windham,114,3,0,42.986982,-72.71268875,50025.0,270.00142106011083,2.631578947368421,111,111,3,0,108,109,42756,3,0,0,3,2
2020-08-22,US,Vermont,Windsor,75,2,0,43.58010937,-72.58595157,50027.0,136.21009044350006,2.6666666666666665,73,75,2,0,73,75,55286,0,0,0,0,0
2020-08-22,US,Virginia,Accomack,1135,18,0,37.76707161,-75.63234615,51001.0,3512.1921029830432,1.5859030837004404,1117,1133,18,0,1115,1131,32412,2,0,0,2,2
2020-08-22,US,Virginia,Albemarle,955,16,0,38.02080697,-78.55481085,51003.0,873.5022409219794,1.675392670157068,939,943,16,0,927,930,108718,12,0,0,12,13
2020-08-22,US,Virginia,Alexandria,3238,61,0,38.814003,-77.08183073,51510.0,2031.0108638382212,1.8838789376158125,3177,3203,61,0,3142,3186,160530,35,0,0,35,17
2020-08-22,US,Virginia,Alleghany,61,4,0,37.78636074,-80.00222498,51005.0,410.4979811574697,6.557377049180328,57,60,4,0,56,59,14910,1,0,0,1,1
2020-08-22,US,Virginia,Amelia,92,2,0,37.34081025,-77.98584649,51007.0,699.8858881704068,2.1739130434782608,90,91,2,0,89,89,13013,1,0,0,1,2
2020-08-22,US,Virginia,Amherst,253,1,0,37.60308293,-79.14548696,51009.0,800.5062490112323,0.3952569169960474,252,246,1,0,245,237,31666,7,0,0,7,9
2020-08-22,US,Virginia,Appomattox,130,1,0,37.37569884,-78.81340003,51011.0,817.0448117654453,0.7692307692307693,129,125,0,0,125,121,15841,5,1,0,4,4
2020-08-22,US,Virginia,Arlington,3357,137,0,38.8767675,-77.10139853,51013.0,1417.4006299558355,4.08102472445636,3220,3334,137,0,3197,3310,237521,23,0,0,23,24
2020-08-22,US,Virginia,Augusta,341,4,0,38.16404586,-79.12461614,51015.0,451.3089282405569,1.1730205278592376,337,335,4,0,331,327,75457,6,0,0,6,8
2020-08-22,US,Virginia,Bath,4,0,0,38.05852573,-79.73912095,51017.0,96.45526886906195,0.0,4,4,0,0,4,4,4292,0,0,0,0,0
2020-08-22,US,Virginia,Bedford,467,8,0,37.3080028,-79.5281964,51019.0,591.1616896844184,1.7130620985010707,459,453,8,0,445,447,78747,14,0,0,14,6
2020-08-22,US,Virginia,Bland,38,0,0,37.13128068,-81.13599391,51021.0,605.0955414012739,0.0,38,38,0,0,38,38,6293,0,0,0,0,0
2020-08-22,US,Virginia,Botetourt,226,7,0,37.55531756,-79.80982182,51023.0,676.2620066429276,3.0973451327433628,219,224,7,0,217,221,33277,2,0,0,2,3
2020-08-22,US,Virginia,Bristol,105,2,0,36.616302399999995,-82.16359122,51520.0,626.4168953585491,1.9047619047619049,103,103,2,0,101,103,16482,2,0,0,2,0
2020-08-22,US,Virginia,Brunswick,263,2,0,36.76366949,-77.8593436,51025.0,1620.3561086809189,0.7604562737642585,261,261,2,0,259,259,16384,2,0,0,2,2
2020-08-22,US,Virginia,Buchanan,93,1,0,37.26818323,-82.03749726,51027.0,442.7728051799656,1.075268817204301,92,93,1,0,92,88,21221,0,0,0,0,5
2020-08-22,US,Virginia,Buckingham,634,8,0,37.57242268,-78.52518834,51029.0,3697.224166083509,1.2618296529968454,626,631,8,0,623,629,16999,3,0,0,3,2
2020-08-22,US,Virginia,Buena Vista,70,1,0,37.73484642,-79.35296097,51530.0,1080.580426057425,1.4285714285714286,69,70,1,0,69,68,6237,0,0,0,0,2
2020-08-22,US,Virginia,Campbell,289,3,0,37.20553386,-79.09678609,51031.0,526.5555251890316,1.038062283737024,286,277,3,0,274,270,54973,12,0,0,12,7
2020-08-22,US,Virginia,Caroline,243,5,0,38.02679129,-77.34901405,51033.0,790.8868999186328,2.05761316872428,238,240,5,0,235,235,30772,3,0,0,3,5
2020-08-22,US,Virginia,Carroll,372,16,0,36.73066666,-80.73455942,51035.0,1248.6992715920915,4.301075268817204,356,363,16,0,347,358,29636,9,0,0,9,5
2020-08-22,US,Virginia,Charles City,61,5,0,37.35358063,-77.05634116,51036.0,876.0591698980327,8.196721311475411,56,60,5,0,55,58,6941,1,0,0,1,2
2020-08-22,US,Virginia,Charlotte,59,0,0,37.01909701,-78.66314092,51037.0,496.6329966329968,0.0,59,59,0,0,59,59,11938,0,0,0,0,0
2020-08-22,US,Virginia,Charlottesville,584,14,0,38.03527919,-78.48569588,51540.0,1235.5604451402698,2.3972602739726026,570,575,14,0,561,570,48117,9,0,0,9,5
2020-08-22,US,Virginia,Chesapeake,3462,42,0,36.67670048,-76.30545744,51550.0,1414.013519308922,1.2131715771230502,3420,3412,41,0,3371,3384,242634,50,1,0,49,28
2020-08-22,US,Virginia,Chesterfield,4815,76,0,37.37373208,-77.58680140000001,51041.0,1364.7881814728944,1.5784008307372794,4739,4772,76,0,4696,4747,348556,43,0,0,43,25
2020-08-22,US,Virginia,Clarke,75,0,0,39.11271747,-77.99199425,51043.0,513.0309870716192,0.0,75,75,0,0,75,75,14523,0,0,0,0,0
2020-08-22,US,Virginia,Colonial Heights,213,22,0,37.26420587,-77.39609676,51570.0,1226.2521588946456,10.328638497652582,191,212,22,0,190,212,17833,1,0,0,1,0
2020-08-22,US,Virginia,Covington,19,0,0,37.7824656,-79.98631446,51580.0,343.08414590104735,0.0,19,16,0,0,16,15,5460,3,0,0,3,1
2020-08-22,US,Virginia,Craig,22,0,0,37.48133648,-80.21072274,51045.0,428.76632235431686,0.0,22,20,0,0,20,20,5064,2,0,0,2,0
2020-08-22,US,Virginia,Culpeper,1065,13,0,38.48199985,-77.95630870000002,51047.0,2024.5223838038207,1.2206572769953052,1052,1060,13,0,1047,1055,51859,5,0,0,5,5
2020-08-22,US,Virginia,Cumberland,92,0,0,37.51328851,-78.24398086,51049.0,926.2988320579943,0.0,92,89,0,0,89,86,9809,3,0,0,3,3
2020-08-22,US,Virginia,Danville,535,12,0,36.58022376,-79.40395668,51590.0,1336.0303665967435,2.2429906542056077,523,522,12,0,510,506,40693,13,0,0,13,16
2020-08-22,US,Virginia,Dickenson,55,1,0,37.12560977,-82.35124171,51051.0,384.13186199189835,1.818181818181818,54,55,1,0,54,55,14523,0,0,0,0,0
2020-08-22,US,Virginia,Dinwiddie,260,7,0,37.07544585,-77.63451754,51053.0,910.8744394618834,2.6923076923076925,253,251,7,0,244,250,28529,9,0,0,9,1
2020-08-22,US,Virginia,Emporia,207,15,0,36.69455571,-77.53406129,51595.0,3872.053872053872,7.246376811594202,192,204,15,0,189,204,5121,3,0,0,3,0
2020-08-22,US,Virginia,Essex,112,2,0,37.93357639,-76.94230311,51057.0,1022.5508992969964,1.7857142857142858,110,110,2,0,108,109,10919,2,0,0,2,1
2020-08-22,US,Virginia,Fairfax,17531,539,0,38.83677558,-77.27565836,51059.0,1527.713388384812,3.074553647823855,16992,17419,539,0,16880,17330,1150795,112,0,0,112,89
2020-08-22,US,Virginia,Fairfax,17531,539,0,38.83677558,-77.27565836,51059.0,1527.713388384812,3.074553647823855,16992,17419,539,0,16880,17330,24574,112,0,0,112,89
2020-08-22,US,Virginia,Fairfax City,106,7,0,38.85157547,-77.29779640000002,51600.0,441.31729047837126,6.60377358490566,99,106,7,0,99,105,24574,0,0,0,0,1
2020-08-22,US,Virginia,Falls Church,64,7,0,38.88485255,-77.17560759,51610.0,437.84634329889855,10.9375,57,64,7,0,57,64,14772,0,0,0,0,0
2020-08-22,US,Virginia,Fauquier,678,9,0,38.73564842,-77.80647472,51061.0,951.953048215439,1.327433628318584,669,667,9,0,658,658,70675,11,0,0,11,9
2020-08-22,US,Virginia,Floyd,121,2,0,36.9302126,-80.36738849,51063.0,768.3027493809129,1.6528925619834711,119,120,2,0,118,118,15795,1,0,0,1,2
2020-08-22,US,Virginia,Fluvanna,208,9,0,37.84157909,-78.27715475,51065.0,762.7429409607628,4.326923076923077,199,207,9,0,198,204,26783,1,0,0,1,3
2020-08-22,US,Virginia,Franklin,194,1,0,36.99536167,-79.88023649,51067.0,346.1689447200313,0.5154639175257731,193,194,1,0,193,194,56195,0,0,0,0,0
2020-08-22,US,Virginia,Franklin,194,1,0,36.99536167,-79.88023649,51067.0,346.1689447200313,0.5154639175257731,193,194,1,0,193,194,8013,0,0,0,0,0
2020-08-22,US,Virginia,Franklin City,255,6,0,36.6831435,-76.93859681,51620.0,3200.7028994602747,2.3529411764705883,249,240,6,0,234,222,8013,15,0,0,15,18
2020-08-22,US,Virginia,Frederick,730,10,0,39.20172582,-78.25974949,51069.0,817.3502177734482,1.3698630136986298,720,724,10,0,714,719,88355,6,0,0,6,5
2020-08-22,US,Virginia,Fredericksburg,447,4,0,38.2977863,-77.4922454,51630.0,1539.4682463149195,0.8948545861297539,443,440,4,0,436,439,29144,7,0,0,7,1
2020-08-22,US,Virginia,Galax,390,26,0,36.66601852,-80.91703124,51640.0,6144.635260753112,6.666666666666668,364,388,26,0,362,388,6423,2,0,0,2,0
2020-08-22,US,Virginia,Giles,35,0,0,37.31234791,-80.70636931,51071.0,209.33014354066987,0.0,35,34,0,0,34,34,16844,1,0,0,1,0
2020-08-22,US,Virginia,Gloucester,187,2,0,37.40809042,-76.53524337,51073.0,500.6961550819322,1.0695187165775402,185,184,2,0,182,181,37349,3,0,0,3,3
2020-08-22,US,Virginia,Goochland,178,7,0,37.71714806,-77.90381514,51075.0,749.3790258072664,3.9325842696629216,171,177,7,0,170,175,23244,1,0,0,1,2
2020-08-22,US,Virginia,Grayson,169,5,0,36.65677234,-81.23215889,51077.0,1086.8167202572347,2.9585798816568047,164,168,5,0,163,166,15631,1,0,0,1,2
2020-08-22,US,Virginia,Greene,189,2,0,38.29545894,-78.46525378,51079.0,953.6303547101268,1.058201058201058,187,188,2,0,186,185,19779,1,0,0,1,3
2020-08-22,US,Virginia,Greensville,617,11,0,36.67878901,-77.56351439,51081.0,5442.836979534227,1.7828200972447326,606,579,11,0,568,578,11627,38,0,0,38,1
2020-08-22,US,Virginia,Halifax,184,2,0,36.76654925,-78.93512622,51083.0,542.5967974993365,1.0869565217391304,182,178,2,0,176,176,34120,6,0,0,6,2
2020-08-22,US,Virginia,Hampton,1437,10,0,37.03513786,-76.35879121,51650.0,1068.3220578395658,0.6958942240779401,1427,1417,10,0,1407,1388,134313,20,0,0,20,29
2020-08-22,US,Virginia,Hanover,736,33,0,37.7583355,-77.49464673,51085.0,682.9612308149137,4.483695652173913,703,732,33,0,699,729,107239,4,0,0,4,3
2020-08-22,US,Virginia,Harrisonburg,1124,31,0,38.43542574,-78.87536254,51660.0,2120.114682360042,2.7580071174377223,1093,1119,31,0,1088,1115,54033,5,0,0,5,4
2020-08-22,US,Virginia,Henrico,4294,188,0,37.53460572,-77.39326555,51087.0,1297.9946677629393,4.3782021425244535,4106,4259,188,0,4071,4224,329261,35,0,0,35,35
2020-08-22,US,Virginia,Henry,741,14,0,36.68542395,-79.87634026,51089.0,1465.6724093597327,1.889338731443995,727,723,14,0,709,717,50953,18,0,0,18,6
2020-08-22,US,Virginia,Highland,6,0,0,38.35799465,-79.56124594,51091.0,273.97260273972597,0.0,6,6,0,0,6,6,2210,0,0,0,0,0
2020-08-22,US,Virginia,Hopewell,314,4,0,37.29186313,-77.29754684,51670.0,1393.7591548670605,1.2738853503184713,310,309,4,0,305,302,22596,5,0,0,5,7
2020-08-22,US,Virginia,Isle of Wight,473,10,0,36.90579348,-76.70842863,51093.0,1274.6234067207415,2.1141649048625792,463,463,10,0,453,452,36953,10,0,0,10,11
2020-08-22,US,Virginia,James City,694,17,0,37.31156958,-76.76950618,51095.0,906.9168746651334,2.44956772334294,677,667,17,0,650,662,76397,27,0,0,27,5
2020-08-22,US,Virginia,King George,184,4,0,38.26818502,-77.15852768,51099.0,685.6461469667611,2.1739130434782608,180,180,4,0,176,177,26575,4,0,0,4,3
2020-08-22,US,Virginia,King William,106,2,0,37.70965316,-77.09384941,51101.0,618.1478889666432,1.8867924528301887,104,106,2,0,104,104,16939,0,0,0,0,2
2020-08-22,US,Virginia,King and Queen,46,1,0,37.71044922,-76.88689628,51097.0,654.8042704626333,2.1739130434782608,45,45,1,0,44,44,7042,1,0,0,1,1
2020-08-22,US,Virginia,Lancaster,56,0,0,37.71889653,-76.46400482,51103.0,528.1524096953692,0.0,56,54,0,0,54,52,10783,2,0,0,2,2
2020-08-22,US,Virginia,Lee,156,2,0,36.70586667,-83.12606515,51105.0,666.0120394484054,1.2820512820512822,154,153,2,0,151,153,23541,3,0,0,3,0
2020-08-22,US,Virginia,Lexington,41,0,0,37.78258621,-79.44262866,51678.0,550.6312113886652,0.0,41,39,0,0,39,38,7136,2,0,0,2,1
2020-08-22,US,Virginia,Loudoun,5684,115,0,39.08990083,-77.63481877,51107.0,1374.4807006853061,2.0232230823363833,5569,5647,115,0,5532,5614,406850,37,0,0,37,33
2020-08-22,US,Virginia,Louisa,230,2,0,37.97850256,-77.96274807,51109.0,611.8485807773137,0.8695652173913043,228,225,2,0,223,223,36778,5,0,0,5,2
2020-08-22,US,Virginia,Lunenburg,81,1,0,36.94618528,-78.24133319,51111.0,664.1521810429649,1.2345679012345678,80,78,1,0,77,74,12086,3,0,0,3,4
2020-08-22,US,Virginia,Lynchburg,824,5,0,37.40021399,-79.19888138,51680.0,1002.8234835945868,0.6067961165048543,819,803,5,0,798,789,82126,21,0,0,21,14
2020-08-22,US,Virginia,Madison,84,1,0,38.41531222,-78.28220331,51113.0,633.436392428927,1.1904761904761905,83,83,1,0,82,78,13295,1,0,0,1,5
2020-08-22,US,Virginia,Manassas,1747,23,0,38.7464321,-77.48509905,51683.0,4252.1601557746135,1.3165426445334858,1724,1740,23,0,1717,1734,41641,7,0,0,7,6
2020-08-22,US,Virginia,Manassas Park,551,7,0,38.77058531,-77.44399307,51685.0,3152.534614944501,1.2704174228675136,544,549,7,0,542,546,17307,2,0,0,2,3
2020-08-22,US,Virginia,Martinsville,276,3,0,36.68212094,-79.86352771,51690.0,2198.5024693324835,1.0869565217391304,273,271,3,0,268,265,12902,5,0,0,5,6
2020-08-22,US,Virginia,Mathews,23,0,0,37.44164146,-76.34098896,51115.0,260.3577088521621,0.0,23,23,0,0,23,23,8802,0,0,0,0,0
2020-08-22,US,Virginia,Mecklenburg,478,33,0,36.67882005,-78.36131056,51117.0,1562.755418968843,6.903765690376567,445,476,33,0,443,470,30650,2,0,0,2,6
2020-08-22,US,Virginia,Middlesex,54,1,0,37.63191998,-76.55064617,51119.0,510.3005103005103,1.851851851851852,53,54,1,0,53,54,10769,0,0,0,0,0
2020-08-22,US,Virginia,Montgomery,362,3,0,37.17746986,-80.37868691,51121.0,367.3821484751612,0.8287292817679558,359,353,3,0,350,341,98985,9,0,0,9,12
2020-08-22,US,Virginia,Nelson,81,0,0,37.78790447,-78.88498513,51125.0,542.5318151373075,0.0,81,79,0,0,79,76,14836,2,0,0,2,3
2020-08-22,US,Virginia,New Kent,139,1,0,37.50694406,-76.99828634,51127.0,601.9661339915983,0.7194244604316546,138,138,1,0,137,137,22391,1,0,0,1,1
2020-08-22,US,Virginia,Newport News,2111,20,0,37.08166899,-76.51754109,51700.0,1177.8490723950342,0.9474182851729038,2091,2072,20,0,2052,2048,178626,39,0,0,39,24
2020-08-22,US,Virginia,Norfolk,4164,39,0,36.89934014,-76.26420872,51710.0,1715.401537434807,0.936599423631124,4125,4119,39,0,4080,4091,244076,45,0,0,45,28
2020-08-22,US,Virginia,Northampton,303,29,0,37.34062933,-75.87751591,51131.0,2587.532023911187,9.570957095709572,274,303,29,0,274,301,11735,0,0,0,0,2
2020-08-22,US,Virginia,Northumberland,82,3,0,37.89202088,-76.41949732,51133.0,677.9661016949152,3.6585365853658534,79,81,3,0,78,81,12147,1,0,0,1,0
2020-08-22,US,Virginia,Norton,22,0,0,36.93357076,-82.62750411,51720.0,552.624968600854,0.0,22,22,0,0,22,22,3968,0,0,0,0,0
2020-08-22,US,Virginia,Nottoway,184,14,0,37.1435975,-78.05065922,51135.0,1207.9831932773109,7.608695652173912,170,184,14,0,170,183,15420,0,0,0,0,1
2020-08-22,US,Virginia,Orange,244,3,0,38.24530219,-78.01560400000002,51137.0,658.5517259992982,1.2295081967213115,241,243,3,0,240,243,36644,1,0,0,1,0
2020-08-22,US,Virginia,Page,357,25,0,38.61807452,-78.48797204,51139.0,1493.5988620199146,7.002801120448179,332,357,25,0,332,357,23933,0,0,0,0,0
2020-08-22,US,Virginia,Patrick,195,9,0,36.680163799999995,-80.2865648,51141.0,1107.451158564289,4.615384615384615,186,193,9,0,184,190,17673,2,0,0,2,3
2020-08-22,US,Virginia,Petersburg,576,19,0,37.20530399,-77.39368102,51730.0,1837.5550309449368,3.298611111111111,557,575,19,0,556,564,31567,1,0,0,1,11
2020-08-22,US,Virginia,Pittsylvania,625,4,0,36.81980341,-79.39731264,51143.0,1035.5568810683633,0.64,621,611,4,0,607,603,60949,14,0,0,14,8
2020-08-22,US,Virginia,Poquoson,53,0,0,37.14259351,-76.35798148,51735.0,431.9126395566784,0.0,53,53,0,0,53,50,12190,0,0,0,0,3
2020-08-22,US,Virginia,Portsmouth,2085,30,0,36.85914825,-76.35971629,51740.0,2208.733235873641,1.4388489208633093,2055,2057,30,0,2027,2045,94632,28,0,0,28,12
2020-08-22,US,Virginia,Powhatan,178,4,0,37.55016038,-77.91267882,51145.0,600.2967759341698,2.247191011235955,174,175,4,0,171,172,29189,3,0,0,3,3
2020-08-22,US,Virginia,Prince Edward,466,11,0,37.22554789,-78.43597949,51147.0,2043.6803789141306,2.360515021459228,455,451,11,0,440,447,22950,15,0,0,15,4
2020-08-22,US,Virginia,Prince George,485,2,0,37.18497668,-77.22922187,51149.0,1264.5686126248272,0.4123711340206185,483,481,2,0,479,475,38082,4,0,0,4,6
2020-08-22,US,Virginia,Prince William,10278,182,0,38.70916224,-77.48713689,51153.0,2185.250938161098,1.7707725238373224,10096,10187,180,0,10007,10100,468011,91,2,0,89,87
2020-08-22,US,Virginia,Pulaski,104,3,0,37.06474963,-80.71229738,51155.0,305.63963911011837,2.8846153846153846,101,102,3,0,99,99,34066,2,0,0,2,3
2020-08-22,US,Virginia,Radford,107,0,0,37.12222899,-80.56027320000003,51750.0,586.3334977259028,0.0,107,91,0,0,91,75,18339,16,0,0,16,16
2020-08-22,US,Virginia,Rappahannock,48,2,0,38.68295619,-78.15826963,51157.0,651.2890094979648,4.166666666666667,46,48,2,0,46,47,7252,0,0,0,0,1
2020-08-22,US,Virginia,Richmond,323,4,0,37.937575,-76.72920628,51159.0,3579.7406627507485,1.238390092879257,319,326,4,0,322,325,9038,-3,0,0,-3,1
2020-08-22,US,Virginia,Richmond City,3548,43,0,37.53255773,-77.47966921,51760.0,1539.6899789963377,1.2119503945885006,3505,3502,43,0,3459,3480,228783,46,0,0,46,22
2020-08-22,US,Virginia,Roanoke,551,4,0,37.26865804,-80.06396753,51161.0,585.0126345741405,0.7259528130671506,547,542,4,0,538,530,94073,9,0,0,9,12
2020-08-22,US,Virginia,Roanoke City,1121,15,0,37.27791025,-79.96189766,51770.0,1130.6900134149662,1.3380909901873328,1106,1122,15,0,1107,1104,99920,-1,0,0,-1,18
2020-08-22,US,Virginia,Rockbridge,79,1,0,37.81204314,-79.44605905,51163.0,349.9756346077172,1.2658227848101269,78,78,1,0,77,80,22752,1,0,0,1,-2
2020-08-22,US,Virginia,Rockingham,997,20,0,38.51006137,-78.87260325,51165.0,1216.625176941475,2.0060180541624875,977,990,20,0,970,987,81244,7,0,0,7,3
2020-08-22,US,Virginia,Russell,167,4,0,36.93028320000001,-82.10095486,51167.0,628.1501542165049,2.395209580838323,163,166,4,0,162,166,26748,1,0,0,1,0
2020-08-22,US,Virginia,Salem,186,3,0,37.2836193,-80.06219455,51775.0,735.1488083474961,1.6129032258064515,183,183,3,0,180,176,25643,3,0,0,3,7
2020-08-22,US,Virginia,Scott,136,3,0,36.71466456,-82.60171704,51169.0,630.6222758045071,2.2058823529411766,133,136,3,0,133,133,21534,0,0,0,0,3
2020-08-22,US,Virginia,Shenandoah,756,47,0,38.85905135,-78.56813762,51171.0,1733.3088774761554,6.216931216931218,709,750,47,0,703,749,43497,6,0,0,6,1
2020-08-22,US,Virginia,Smyth,213,3,0,36.84455636,-81.53344948,51173.0,707.5471698113208,1.4084507042253518,210,203,3,0,200,192,30472,10,0,0,10,11
2020-08-22,US,Virginia,Southampton,326,13,0,36.72231125,-77.10642712,51175.0,1849.0159378367648,3.987730061349693,313,320,13,0,307,311,17586,6,0,0,6,9
2020-08-22,US,Virginia,Spotsylvania,1691,36,0,38.18574462,-77.655399,51177.0,1241.419814264215,2.1289178001182734,1655,1673,35,0,1638,1662,134238,18,1,0,17,11
2020-08-22,US,Virginia,Stafford,1579,10,0,38.41758738,-77.45917053,51179.0,1032.8226998600228,0.6333122229259025,1569,1570,10,0,1560,1556,149960,9,0,0,9,14
2020-08-22,US,Virginia,Staunton,164,0,0,38.15965544,-79.05979937,51790.0,657.7891865875182,0.0,164,162,0,0,162,162,24922,2,0,0,2,0
2020-08-22,US,Virginia,Suffolk,1521,57,0,36.70155394,-76.63603554,51800.0,1651.3223607069958,3.7475345167652865,1464,1503,57,0,1446,1483,91185,18,0,0,18,20
2020-08-22,US,Virginia,Surry,57,2,0,37.11781893,-76.88450012,51181.0,887.5739644970413,3.5087719298245608,55,56,2,0,54,53,6474,1,0,0,1,3
2020-08-22,US,Virginia,Sussex,322,9,0,36.92432914,-77.25791182,51183.0,2885.563222510977,2.7950310559006213,313,319,9,0,310,319,11237,3,0,0,3,0
2020-08-22,US,Virginia,Tazewell,169,0,0,37.12191123,-81.56685568,51185.0,416.3074270230324,0.0,169,148,0,0,148,145,40855,21,0,0,21,3
2020-08-22,US,Virginia,Virginia Beach,5668,63,0,36.73285734,-76.04566934,51810.0,1259.6283340815246,1.111503175723359,5605,5623,61,0,5562,5562,450189,45,2,0,43,61
2020-08-22,US,Virginia,Warren,381,6,0,38.90847745,-78.20280433,51187.0,948.6106961458023,1.5748031496062993,375,378,6,0,372,380,40003,3,0,0,3,-2
2020-08-22,US,Virginia,Washington,306,7,0,36.72341572,-81.95666289,51191.0,569.408262002233,2.2875816993464047,299,301,7,0,294,297,54402,5,0,0,5,4
2020-08-22,US,Virginia,Waynesboro,206,3,0,38.06451466,-78.90293905,51820.0,910.2960671674768,1.4563106796116505,203,198,3,0,195,197,22628,8,0,0,8,1
2020-08-22,US,Virginia,Westmoreland,219,3,0,38.11021557,-76.80213247,51193.0,1215.653621981682,1.3698630136986298,216,219,3,0,216,219,17830,0,0,0,0,0
2020-08-22,US,Virginia,Williamsburg,141,6,0,37.28131268,-76.70905141,51830.0,942.8915340377156,4.25531914893617,135,141,6,0,135,140,14896,0,0,0,0,1
2020-08-22,US,Virginia,Winchester,428,4,0,39.17054517,-78.17325058,51840.0,1524.3250943799414,0.9345794392523364,424,428,4,0,424,427,28108,0,0,0,0,1
2020-08-22,US,Virginia,Wise,279,5,0,36.9746148,-82.62410519,51195.0,746.328545060589,1.7921146953405018,274,276,5,0,271,269,38012,3,0,0,3,7
2020-08-22,US,Virginia,Wythe,137,3,0,36.91582035,-81.07834059,51197.0,477.6181843536466,2.18978102189781,134,133,3,0,130,131,28754,4,0,0,4,2
2020-08-22,US,Virginia,York,423,4,0,37.24374789,-76.54412815,51199.0,619.5079086115993,0.9456264775413712,419,419,4,0,415,413,67846,4,0,0,4,6
2020-08-22,US,Washington,Adams,536,6,0,46.98299757,-118.56017340000001,53001.0,2682.2799379472553,1.1194029850746268,530,524,6,0,518,521,19759,12,0,0,12,3
2020-08-22,US,Washington,Asotin,46,2,0,46.18894415,-117.2022851,53003.0,203.70206359047032,4.3478260869565215,44,45,2,0,43,44,22610,1,0,0,1,1
2020-08-22,US,Washington,Benton,3981,122,0,46.23946995,-119.51208340000001,53005.0,1947.7469543519744,3.064556644059281,3859,3949,122,0,3827,3932,201877,32,0,0,32,17
2020-08-22,US,Washington,Chelan,1637,11,0,47.87046092,-120.6173956,53007.0,2120.4663212435235,0.6719609040928528,1626,1592,11,0,1581,1577,77036,45,0,0,45,15
2020-08-22,US,Washington,Clallam,186,1,0,48.04754642,-123.92263190000001,53009.0,240.52449858400902,0.5376344086021505,185,177,1,0,176,174,76737,9,0,0,9,3
2020-08-22,US,Washington,Clark,2051,52,0,45.77568046,-122.48292040000001,53011.0,420.0794279874078,2.5353486104339344,1999,2028,52,0,1976,2000,481857,23,0,0,23,28
2020-08-22,US,Washington,Columbia,13,1,0,46.29442881,-117.9051983,53013.0,326.2233375156838,7.6923076923076925,12,13,1,0,12,13,4059,0,0,0,0,0
2020-08-22,US,Washington,Cowlitz,519,6,0,46.19074721,-122.6782231,53015.0,469.2882913023428,1.1560693641618498,513,514,6,0,508,514,108987,5,0,0,5,0
2020-08-22,US,Washington,Douglas,1103,7,0,47.7361335,-119.69293700000001,53017.0,2539.7775679845263,0.6346328195829556,1096,1083,7,0,1076,1082,42907,20,0,0,20,1
2020-08-22,US,Washington,Ferry,23,0,0,48.471143100000006,-118.5154041,53019.0,301.5602464927232,0.0,23,23,0,0,23,23,7649,0,0,0,0,0
2020-08-22,US,Washington,Franklin,3825,55,0,46.53351425,-118.9018212,53021.0,4016.928860977505,1.437908496732026,3770,3803,55,0,3748,3776,94347,22,0,0,22,27
2020-08-22,US,Washington,Garfield,4,0,0,46.43197502,-117.54540320000001,53023.0,179.77528089887642,0.0,4,4,0,0,4,4,2247,0,0,0,0,0
2020-08-22,US,Washington,Grant,2039,15,0,47.20753737,-119.4500749,53025.0,2086.296337982053,0.7356547327121138,2024,1948,15,0,1933,1935,97331,91,0,0,91,13
2020-08-22,US,Washington,Grays Harbor,189,5,0,47.14003705,-123.7820567,53027.0,251.79520656532688,2.6455026455026456,184,167,5,0,162,165,73901,22,0,0,22,2
2020-08-22,US,Washington,Island,264,11,0,48.14713305,-122.5216407,53029.0,310.0738774503472,4.166666666666667,253,261,11,0,250,259,84460,3,0,0,3,2
2020-08-22,US,Washington,Jefferson,66,0,0,47.75003077,-123.56097040000002,53031.0,204.83535582384158,0.0,66,65,0,0,65,63,31729,1,0,0,1,2
2020-08-22,US,Washington,King,18546,712,0,47.49137892,-121.8346131,53033.0,823.2487653044102,3.839102771487113,17834,18334,710,0,17624,18297,2233163,212,2,0,210,37
2020-08-22,US,Washington,Kitsap,912,8,0,47.63479026,-122.6436061,53035.0,335.94501110607683,0.8771929824561403,904,893,8,0,885,869,269805,19,0,0,19,24
2020-08-22,US,Washington,Kittitas,448,21,0,47.12521214,-120.67943899999999,53037.0,934.5989360592469,4.6875,427,447,21,0,426,447,47364,1,0,0,1,0
2020-08-22,US,Washington,Klickitat,162,3,0,45.87325839,-120.7913598,53039.0,722.4080267558528,1.851851851851852,159,160,3,0,157,159,22107,2,0,0,2,1
2020-08-22,US,Washington,Lewis,299,4,0,46.57756476,-122.39257690000001,53041.0,370.4759190652608,1.3377926421404682,295,293,4,0,289,285,79604,6,0,0,6,8
2020-08-22,US,Washington,Lincoln,31,1,0,47.57705241,-118.41943880000001,53043.0,283.3897065545296,3.2258064516129035,30,31,1,0,30,31,10740,0,0,0,0,0
2020-08-22,US,Washington,Mason,280,1,0,47.35007586,-123.1863685,53045.0,419.36256889527914,0.35714285714285715,279,271,1,0,270,272,65507,9,0,0,9,-1
2020-08-22,US,Washington,Okanogan,956,6,0,48.54855019,-119.73872240000001,53047.0,2263.096844447601,0.6276150627615062,950,946,6,0,940,945,42132,10,0,0,10,1
2020-08-22,US,Washington,Pacific,59,2,0,46.55418369,-123.7285716,53049.0,262.560633705665,3.3898305084745757,57,59,2,0,57,59,22036,0,0,0,0,0
2020-08-22,US,Washington,Pend Oreille,53,0,0,48.53234021,-117.2741804,53051.0,386.1847857767415,0.0,53,53,0,0,53,52,13602,0,0,0,0,1
2020-08-22,US,Washington,Pierce,6469,159,0,47.03892768,-122.14059579999999,53053.0,714.8224270149617,2.4578760241150097,6310,6383,157,0,6226,6332,891299,86,2,0,84,51
2020-08-22,US,Washington,San Juan,29,0,0,48.60182783,-122.96745,53055.0,164.94141735866228,0.0,29,29,0,0,29,29,17128,0,0,0,0,0
2020-08-22,US,Washington,Skagit,981,22,0,48.48171488,-121.766131,53057.0,759.2585426260596,2.2426095820591234,959,964,22,0,942,958,128206,17,0,0,17,6
2020-08-22,US,Washington,Skamania,58,1,0,46.02408726,-121.91644029999999,53059.0,480.01324174459984,1.7241379310344829,57,58,1,0,57,58,11924,0,0,0,0,0
2020-08-22,US,Washington,Snohomish,5928,206,0,48.04615983,-121.7170703,53061.0,721.0950719087973,3.4750337381916334,5722,5897,207,0,5690,5855,814901,31,-1,0,32,42
2020-08-22,US,Washington,Spokane,4982,122,0,47.62113146,-117.4046494,53063.0,952.9493226829483,2.4488157366519467,4860,4942,120,0,4822,4908,514631,40,2,0,38,34
2020-08-22,US,Washington,Stevens,122,1,0,48.40035475,-117.8542701,53065.0,266.8241366489513,0.819672131147541,121,120,1,0,119,120,45260,2,0,0,2,0
2020-08-22,US,Washington,Thurston,853,12,0,46.9291895,-122.82906559999999,53067.0,293.5952859542363,1.4067995310668229,841,842,11,0,831,838,286419,11,1,0,10,4
2020-08-22,US,Washington,Unassigned,257,4,0,0.0,0.0,90053.0,0.0,1.5564202334630348,253,242,4,0,238,223,,15,0,0,15,19
2020-08-22,US,Washington,Wahkiakum,6,0,0,46.29180039999999,-123.4250831,53069.0,133.6898395721925,0.0,6,6,0,0,6,6,4426,0,0,0,0,0
2020-08-22,US,Washington,Walla Walla,692,4,0,46.23040051,-118.4775539,53071.0,1138.9071757735353,0.5780346820809249,688,684,5,0,679,678,60922,8,-1,0,9,6
2020-08-22,US,Washington,Whatcom,1050,39,0,48.82227976,-121.74900179999999,53073.0,458.0212609107208,3.7142857142857135,1011,1043,39,0,1004,1038,225685,7,0,0,7,5
2020-08-22,US,Washington,Whitman,144,0,0,46.90022523,-117.52417630000001,53075.0,287.4022034168929,0.0,144,128,0,0,128,128,49791,16,0,0,16,0
2020-08-22,US,Washington,Yakima,10796,235,0,46.45738486,-120.73801259999999,53077.0,4303.372622801178,2.176732123008521,10561,10758,233,0,10525,10720,251446,38,2,0,36,38
2020-08-22,US,West Virginia,Barbour,33,1,0,39.1307219,-80.00350858,54001.0,200.717717900371,3.0303030303030303,32,33,1,0,32,33,16535,0,0,0,0,0
2020-08-22,US,West Virginia,Berkeley,764,11,0,39.46704621,-78.02414609,54003.0,641.095568552752,1.4397905759162304,753,757,11,0,746,753,117123,7,0,0,7,4
2020-08-22,US,West Virginia,Boone,127,0,0,38.01974191,-81.69888019,54005.0,591.8814372931912,0.0,127,127,0,0,127,125,21951,0,0,0,0,2
2020-08-22,US,West Virginia,Braxton,9,0,0,38.70036159,-80.72011184,54007.0,64.48377158415133,0.0,9,10,0,0,10,10,14089,-1,0,0,-1,0
2020-08-22,US,West Virginia,Brooke,83,1,0,40.27367263,-80.57915332,54009.0,378.3217101964538,1.2048192771084338,82,83,1,0,82,82,22203,0,0,0,0,1
2020-08-22,US,West Virginia,Cabell,486,5,0,38.42424062,-82.23855912,54011.0,528.5768666050357,1.02880658436214,481,487,4,0,483,485,93224,-1,1,0,-2,2
2020-08-22,US,West Virginia,Calhoun,8,0,0,38.84315422,-81.11934872,54013.0,112.53340835560556,0.0,8,8,0,0,8,7,7254,0,0,0,0,1
2020-08-22,US,West Virginia,Clay,19,1,0,38.46231092,-81.07652217,54015.0,223.3192289609779,5.2631578947368425,18,19,1,0,18,19,8632,0,0,0,0,0
2020-08-22,US,West Virginia,Doddridge,6,0,0,39.27057157,-80.70671527,54017.0,71.02272727272727,0.0,6,6,0,0,6,6,8406,0,0,0,0,0
2020-08-22,US,West Virginia,Fayette,187,8,0,38.02974928,-81.08286634,54019.0,440.9753336791964,4.2780748663101615,179,183,8,0,175,183,43018,4,0,0,4,0
2020-08-22,US,West Virginia,Gilmer,18,0,0,38.9251277,-80.85952723,54021.0,230.09075802121947,0.0,18,18,0,0,18,18,8026,0,0,0,0,0
2020-08-22,US,West Virginia,Grant,133,5,0,39.10314817,-79.19440518,54023.0,1149.7233748271092,3.7593984962406015,128,131,5,0,126,131,11626,2,0,0,2,0
2020-08-22,US,West Virginia,Greenbrier,99,3,0,37.9463652,-80.45335881,54025.0,285.61537129998266,3.0303030303030303,96,96,3,0,93,96,34786,3,0,0,3,0
2020-08-22,US,West Virginia,Hampshire,91,1,0,39.32103553,-78.60826476,54027.0,392.6645091693636,1.0989010989010992,90,91,1,0,90,91,23347,0,0,0,0,0
2020-08-22,US,West Virginia,Hancock,116,0,0,40.51943859,-80.57461608,54029.0,402.6379729260673,0.0,116,116,0,0,116,115,29094,0,0,0,0,1
2020-08-22,US,West Virginia,Hardy,63,0,0,39.00683177,-78.85855301,54031.0,457.31707317073165,0.0,63,64,0,0,64,64,13775,-1,0,0,-1,0
2020-08-22,US,West Virginia,Harrison,252,1,0,39.2853852,-80.37919577,54033.0,374.6877601998335,0.3968253968253968,251,250,1,0,249,250,67554,2,0,0,2,0
2020-08-22,US,West Virginia,Jackson,188,19,0,38.84263974,-81.68148753,54035.0,657.8947368421052,10.106382978723405,169,182,19,0,163,178,28706,6,0,0,6,4
2020-08-22,US,West Virginia,Jefferson,318,4,0,39.30776166,-77.86014147,54037.0,556.4693941833199,1.2578616352201255,314,315,4,0,311,312,56811,3,0,0,3,3
2020-08-22,US,West Virginia,Kanawha,1194,27,0,38.33860077,-81.52857054,54039.0,670.3195526711729,2.2613065326633164,1167,1178,27,0,1151,1161,180454,16,0,0,16,17
2020-08-22,US,West Virginia,Lewis,32,2,0,38.9947249,-80.49988181,54041.0,201.16929653611615,6.25,30,32,2,0,30,30,16024,0,0,0,0,2
2020-08-22,US,West Virginia,Lincoln,115,0,0,38.172154,-82.07017953,54043.0,563.4768974472047,0.0,115,116,0,0,116,116,20599,-1,0,0,-1,0
2020-08-22,US,West Virginia,Logan,431,17,0,37.8299889,-81.93528571,54045.0,1346.0757675130392,3.94431554524362,414,425,12,0,413,418,32607,6,5,0,1,7
2020-08-22,US,West Virginia,Marion,207,2,0,39.50984542,-80.24244659,54049.0,369.16821229847335,0.966183574879227,205,206,2,0,204,205,56097,1,0,0,1,1
2020-08-22,US,West Virginia,Marshall,135,1,0,39.86064362,-80.66591062,54051.0,442.17352854475786,0.7407407407407407,134,134,1,0,133,133,30785,1,0,0,1,1
2020-08-22,US,West Virginia,Mason,82,1,0,38.77071799,-82.02524219,54053.0,309.24724694524065,1.2195121951219512,81,82,1,0,81,82,26718,0,0,0,0,0
2020-08-22,US,West Virginia,McDowell,66,0,0,37.38002939,-81.65083669,54047.0,374.489332728098,0.0,66,67,0,0,67,67,18223,-1,0,0,-1,0
2020-08-22,US,West Virginia,Mercer,272,20,0,37.40481169,-81.11023142,54055.0,462.91568807651726,7.352941176470589,252,264,20,0,244,256,59131,8,0,0,8,8
2020-08-22,US,West Virginia,Mineral,129,4,0,39.41561583,-78.94104895,54057.0,480.12505582849485,3.1007751937984502,125,129,4,0,125,129,26940,0,0,0,0,0
2020-08-22,US,West Virginia,Mingo,208,5,0,37.73048351,-82.13338365,54059.0,887.9781420765026,2.4038461538461537,203,210,5,0,205,210,23785,-2,0,0,-2,0
2020-08-22,US,West Virginia,Monongalia,1040,5,0,39.63218457,-80.04766838,54061.0,984.7365829640573,0.4807692307692308,1035,1030,5,0,1025,1014,106420,10,0,0,10,16
2020-08-22,US,West Virginia,Monroe,57,0,0,37.56274716,-80.54577965,54063.0,429.37853107344637,0.0,57,31,0,0,31,27,13280,26,0,0,26,4
2020-08-22,US,West Virginia,Morgan,37,0,0,39.55439028,-78.26311676,54065.0,206.8888391858645,0.0,37,37,0,0,37,34,17787,0,0,0,0,3
2020-08-22,US,West Virginia,Nicholas,40,1,0,38.29617706,-80.79759588,54067.0,163.29196603527106,2.5,39,40,1,0,39,40,24842,0,0,0,0,0
2020-08-22,US,West Virginia,Ohio,286,4,0,40.0955451,-80.62203992,54069.0,690.6377532539664,1.3986013986013983,282,285,4,0,281,285,41755,1,0,0,1,0
2020-08-22,US,West Virginia,Pendleton,48,1,0,38.68314479,-79.35084086,54071.0,688.7645286267758,2.083333333333333,47,47,1,0,46,47,6997,1,0,0,1,0
2020-08-22,US,West Virginia,Pleasants,14,2,0,39.37091679,-81.16771771,54073.0,187.66756032171585,14.285714285714285,12,14,2,0,12,14,7507,0,0,0,0,0
2020-08-22,US,West Virginia,Pocahontas,42,0,0,38.32758728,-80.00993811,54075.0,509.2761004001455,0.0,42,42,0,0,42,42,8414,0,0,0,0,0
2020-08-22,US,West Virginia,Preston,134,4,0,39.46770987,-79.66712803,54077.0,400.8135917683657,2.985074626865672,130,133,4,0,129,132,33839,1,0,0,1,1
2020-08-22,US,West Virginia,Putnam,244,0,0,38.50782345,-81.9082131,54079.0,432.24092116917626,0.0,244,237,0,0,237,236,56682,7,0,0,7,1
2020-08-22,US,West Virginia,Raleigh,320,3,0,37.76936795,-81.2456041,54081.0,436.1990703507313,0.9375,317,319,3,0,316,314,74254,1,0,0,1,5
2020-08-22,US,West Virginia,Randolph,219,0,0,38.769899,-79.87919615,54083.0,763.1991636173549,0.0,219,218,0,0,218,218,28823,1,0,0,1,0
2020-08-22,US,West Virginia,Ritchie,3,0,0,39.18094587,-81.06356878,54085.0,31.400460540087924,0.0,3,3,0,0,3,3,9721,0,0,0,0,0
2020-08-22,US,West Virginia,Roane,23,1,0,38.71622686,-81.35243568,54087.0,168.0303915838691,4.3478260869565215,22,23,1,0,22,20,13932,0,0,0,0,3
2020-08-22,US,West Virginia,Summers,18,0,0,37.65390597,-80.86009693,54089.0,143.16392269148173,0.0,18,19,0,0,19,19,12760,-1,0,0,-1,0
2020-08-22,US,West Virginia,Taylor,98,1,0,39.33602617,-80.0421439,54091.0,587.0020964360588,1.020408163265306,97,88,1,0,87,87,16862,10,0,0,10,1
2020-08-22,US,West Virginia,Tucker,11,0,0,39.11240885,-79.57053576,54093.0,160.84222839596433,0.0,11,11,0,0,11,11,6955,0,0,0,0,0
2020-08-22,US,West Virginia,Tyler,15,0,0,39.46811972,-80.88772676,54095.0,174.60132697008495,0.0,15,15,0,0,15,15,8746,0,0,0,0,0
2020-08-22,US,West Virginia,Upshur,40,0,0,38.89285061,-80.23689136,54097.0,165.45334215751157,0.0,40,41,0,0,41,40,24415,-1,0,0,-1,1
2020-08-22,US,West Virginia,Wayne,226,9,0,38.14901357,-82.42287994,54099.0,573.5749454342421,3.9823008849557517,217,224,9,0,215,223,39944,2,0,0,2,1
2020-08-22,US,West Virginia,Webster,7,0,0,38.49370949,-80.4202023,54101.0,86.27064333251171,0.0,7,7,0,0,7,7,8285,0,0,0,0,0
2020-08-22,US,West Virginia,Wetzel,45,0,0,39.6065771,-80.64016540000001,54103.0,298.70560902754727,0.0,45,45,0,0,45,45,15270,0,0,0,0,0
2020-08-22,US,West Virginia,Wirt,7,0,0,39.02775007,-81.37473928,54105.0,120.25425184676172,0.0,7,7,0,0,7,7,5830,0,0,0,0,0
2020-08-22,US,West Virginia,Wood,289,5,0,39.20967886,-81.5162836,54107.0,346.03319044996283,1.7301038062283738,284,290,5,0,285,290,84203,-1,0,0,-1,0
2020-08-22,US,West Virginia,Wyoming,51,2,0,37.612327,-81.54511071,54109.0,250.07355104442482,3.92156862745098,49,52,2,0,50,52,20786,-1,0,0,-1,0
2020-08-22,US,Wisconsin,Adams,98,2,0,43.96974651,-89.76782777,55001.0,484.6686449060337,2.0408163265306123,96,98,2,0,96,97,20348,0,0,0,0,1
2020-08-22,US,Wisconsin,Ashland,30,1,0,46.31956891,-90.67837132,55003.0,192.77727798483485,3.333333333333333,29,30,1,0,29,30,15600,0,0,0,0,0
2020-08-22,US,Wisconsin,Barron,353,3,0,45.42372701,-91.84833627,55005.0,780.2139510211299,0.8498583569405099,350,347,3,0,344,346,45164,6,0,0,6,1
2020-08-22,US,Wisconsin,Bayfield,41,1,0,46.52868768,-91.19716729,55007.0,272.6789039638202,2.4390243902439024,40,40,1,0,39,40,15042,1,0,0,1,0
2020-08-22,US,Wisconsin,Brown,4906,57,0,44.452655299999996,-88.00411844,55009.0,1854.5259353902213,1.1618426416632694,4849,4739,57,0,4682,4682,263378,167,0,0,167,57
2020-08-22,US,Wisconsin,Buffalo,51,2,0,44.37835084,-91.75332578,55011.0,391.37441485687975,3.92156862745098,49,51,2,0,49,50,13125,0,0,0,0,1
2020-08-22,US,Wisconsin,Burnett,33,1,0,45.86303537,-92.36711412,55013.0,214.0910860256909,3.0303030303030303,32,33,1,0,32,31,15392,0,0,0,0,2
2020-08-22,US,Wisconsin,Calumet,438,2,0,44.0816316,-88.21780273,55015.0,874.4434905867557,0.45662100456620996,436,428,2,0,426,417,50159,10,0,0,10,11
2020-08-22,US,Wisconsin,Chippewa,293,0,0,45.06939744,-91.28068855,55017.0,453.1535154195923,0.0,293,293,0,0,293,288,64135,0,0,0,0,5
2020-08-22,US,Wisconsin,Clark,224,8,0,44.73483377,-90.61207486,55019.0,644.159429458791,3.571428571428572,216,211,8,0,203,206,34709,13,0,0,13,5
2020-08-22,US,Wisconsin,Columbia,314,2,0,43.46492199,-89.33589004,55021.0,545.7832162970174,0.6369426751592356,312,310,2,0,308,307,57358,4,0,0,4,3
2020-08-22,US,Wisconsin,Crawford,94,0,0,43.23870316,-90.93073686,55023.0,582.728907073337,0.0,94,94,0,0,94,93,16291,0,0,0,0,1
2020-08-22,US,Wisconsin,Dane,5053,39,0,43.06601594,-89.41733797,55025.0,924.2813634659179,0.7718187215515535,5014,4998,39,0,4959,4955,542364,55,0,0,55,43
2020-08-22,US,Wisconsin,Dodge,1001,5,0,43.41576662,-88.70928178,55027.0,1139.5849224148724,0.4995004995004995,996,993,5,0,988,982,87847,8,0,0,8,11
2020-08-22,US,Wisconsin,Door,123,3,0,44.95856458,-87.30002707,55029.0,444.5568888246349,2.4390243902439024,120,123,3,0,120,121,27610,0,0,0,0,2
2020-08-22,US,Wisconsin,Douglas,238,0,0,46.43222285,-91.91595768,55031.0,551.5643105446118,0.0,238,235,0,0,235,233,43208,3,0,0,3,2
2020-08-22,US,Wisconsin,Dunn,153,0,0,44.94562799,-91.8962481,55033.0,337.2421089754893,0.0,153,152,0,0,152,150,45131,1,0,0,1,2
2020-08-22,US,Wisconsin,Eau Claire,706,6,0,44.726614,-91.28609183,55035.0,674.6555052271467,0.8498583569405099,700,699,4,0,695,687,104534,7,2,0,5,12
2020-08-22,US,Wisconsin,Florence,18,0,0,45.84963535,-88.39804137,55037.0,419.0919674039581,0.0,18,18,0,0,18,17,4321,0,0,0,0,1
2020-08-22,US,Wisconsin,Fond du Lac,905,9,0,43.75354908,-88.48885325,55039.0,875.2163863717687,0.994475138121547,896,868,8,0,860,844,103066,37,1,0,36,24
2020-08-22,US,Wisconsin,Forest,64,4,0,45.66678019,-88.77084892,55041.0,710.7952021323856,6.25,60,63,4,0,59,62,8991,1,0,0,1,1
2020-08-22,US,Wisconsin,Grant,419,16,0,42.8671731,-90.7063218,55043.0,814.5570481541243,3.8186157517899764,403,414,16,0,398,410,51554,5,0,0,5,4
2020-08-22,US,Wisconsin,Green,247,1,0,42.6794956,-89.60243287,55045.0,668.2900432900433,0.4048582995951417,246,235,1,0,234,229,36929,12,0,0,12,6
2020-08-22,US,Wisconsin,Green Lake,74,0,0,43.80025981,-89.04679553,55047.0,391.2652672764765,0.0,74,68,0,0,68,67,18918,6,0,0,6,1
2020-08-22,US,Wisconsin,Iowa,107,0,0,43.00050278,-90.13469017,55049.0,451.8962750232283,0.0,107,107,0,0,107,106,23771,0,0,0,0,1
2020-08-22,US,Wisconsin,Iron,106,1,0,46.26302338,-90.24295041,55051.0,1863.900123087744,0.9433962264150944,105,100,1,0,99,98,5676,6,0,0,6,2
2020-08-22,US,Wisconsin,Jackson,70,1,0,44.31864893,-90.80566792,55053.0,339.097999321804,1.4285714285714286,69,66,1,0,65,65,20478,4,0,0,4,1
2020-08-22,US,Wisconsin,Jefferson,812,6,0,43.02054068,-88.77529134,55055.0,957.8973445481247,0.7389162561576355,806,801,6,0,795,765,85129,11,0,0,11,36
2020-08-22,US,Wisconsin,Juneau,169,1,0,43.92456975,-90.11120239,55057.0,633.2671338104695,0.591715976331361,168,163,1,0,162,162,26617,6,0,0,6,1
2020-08-22,US,Wisconsin,Kenosha,2871,61,0,42.57639354,-88.04051686,55059.0,1693.195958976415,2.124695228143504,2810,2852,60,0,2792,2843,169290,19,1,0,18,9
2020-08-22,US,Wisconsin,Kewaunee,156,2,0,44.51727459,-87.61468386,55061.0,763.4334931976117,1.2820512820512822,154,153,2,0,151,149,20383,3,0,0,3,4
2020-08-22,US,Wisconsin,La Crosse,1030,1,0,43.90632465,-91.11451093,55063.0,872.7630151843817,0.0970873786407767,1029,1016,1,0,1015,1008,118230,14,0,0,14,8
2020-08-22,US,Wisconsin,Lafayette,180,0,0,42.66005229,-90.1317729,55065.0,1080.1080108010801,0.0,180,180,0,0,180,178,16665,0,0,0,0,2
2020-08-22,US,Wisconsin,Langlade,76,2,0,45.26271619,-89.07483625,55067.0,396.0602428474647,2.631578947368421,74,76,2,0,74,75,19268,0,0,0,0,1
2020-08-22,US,Wisconsin,Lincoln,75,1,0,45.33737523,-89.73411273,55069.0,271.8080672634364,1.3333333333333333,74,74,1,0,73,73,27689,1,0,0,1,1
2020-08-22,US,Wisconsin,Manitowoc,446,1,0,44.11946801,-87.80928853,55071.0,564.6927742115192,0.2242152466367713,445,436,1,0,435,429,79074,10,0,0,10,7
2020-08-22,US,Wisconsin,Marathon,722,13,0,44.89792533,-89.75863384,55073.0,532.0873743477877,1.8005540166204983,709,720,13,0,707,718,135428,2,0,0,2,2
2020-08-22,US,Wisconsin,Marinette,558,6,0,45.38553432,-88.03324599999998,55075.0,1382.899628252788,1.075268817204301,552,542,5,0,537,530,40434,16,1,0,15,12
2020-08-22,US,Wisconsin,Marquette,82,1,0,43.81911946,-89.40073763,55077.0,526.5185565686402,1.2195121951219512,81,81,1,0,80,81,15434,1,0,0,1,0
2020-08-22,US,Wisconsin,Menominee,28,0,0,45.00422544,-88.70950714,55078.0,614.5741878841087,0.0,28,28,0,0,28,28,4658,0,0,0,0,0
2020-08-22,US,Wisconsin,Milwaukee,23144,479,0,43.00486062,-87.96733172,55079.0,2447.220442284552,2.069650881437953,22665,22960,475,0,22485,22778,948201,184,4,0,180,182
2020-08-22,US,Wisconsin,Monroe,265,2,0,43.94641218,-90.61881899999999,55081.0,572.935809569109,0.7547169811320755,263,261,2,0,259,254,46051,4,0,0,4,7
2020-08-22,US,Wisconsin,Oconto,353,1,0,45.02715345,-88.26807503,55083.0,930.6617453203266,0.28328611898017,352,341,1,0,340,327,37830,12,0,0,12,14
2020-08-22,US,Wisconsin,Oneida,191,0,0,45.70677897,-89.51944105,55085.0,536.5922180081473,0.0,191,190,0,0,190,187,35470,1,0,0,1,3
2020-08-22,US,Wisconsin,Outagamie,1537,17,0,44.41578887,-88.46565023,55087.0,818.0535966149506,1.1060507482108002,1520,1507,17,0,1490,1484,187365,30,0,0,30,23
2020-08-22,US,Wisconsin,Ozaukee,840,18,0,43.38352225,-87.94625009,55089.0,941.4823864336873,2.142857142857143,822,830,18,0,812,824,89147,10,0,0,10,6
2020-08-22,US,Wisconsin,Pepin,46,0,0,44.58307413,-91.99949611,55091.0,631.2611499931385,0.0,46,46,0,0,46,46,7289,0,0,0,0,0
2020-08-22,US,Wisconsin,Pierce,266,4,0,44.71850291,-92.4224416,55093.0,622.1640080460307,1.5037593984962403,262,261,4,0,257,256,42555,5,0,0,5,5
2020-08-22,US,Wisconsin,Polk,153,2,0,45.46130348,-92.44182875,55095.0,349.45070004339584,1.30718954248366,151,152,2,0,150,150,43598,1,0,0,1,2
2020-08-22,US,Wisconsin,Portage,505,0,0,44.47558711,-89.50152965,55097.0,713.5590346464702,0.0,505,497,0,0,497,487,70942,8,0,0,8,10
2020-08-22,US,Wisconsin,Price,33,0,0,45.68051754,-90.36098879999999,55099.0,247.17249644221405,0.0,33,33,0,0,33,33,13397,0,0,0,0,0
2020-08-22,US,Wisconsin,Racine,3826,85,0,42.74753117,-88.05941254,55101.0,1948.9483523592667,2.2216414009409307,3741,3794,85,0,3709,3762,196584,32,0,0,32,32
2020-08-22,US,Wisconsin,Richland,41,4,0,43.3762778,-90.43012729,55103.0,237.65360537908646,9.75609756097561,37,40,4,0,36,38,17377,1,0,0,1,2
2020-08-22,US,Wisconsin,Rock,1554,26,0,42.67151616,-89.07147900000002,55105.0,951.3082018193616,1.6731016731016732,1528,1535,26,0,1509,1514,163129,19,0,0,19,21
2020-08-22,US,Wisconsin,Rusk,23,1,0,45.47498854,-91.1333012,55107.0,162.2231626463535,4.3478260869565215,22,22,1,0,21,22,14147,1,0,0,1,0
2020-08-22,US,Wisconsin,Sauk,569,3,0,43.42574087,-89.94966132,55111.0,882.9645262406505,0.5272407732864675,566,560,3,0,557,547,64249,9,0,0,9,13
2020-08-22,US,Wisconsin,Sawyer,140,0,0,45.87931905,-91.14504927,55113.0,845.5127430849136,0.0,140,134,0,0,134,127,16489,6,0,0,6,7
2020-08-22,US,Wisconsin,Shawano,229,0,0,44.78902246,-88.76443896,55115.0,559.9158903640675,0.0,229,228,0,0,228,223,40796,1,0,0,1,5
2020-08-22,US,Wisconsin,Sheboygan,929,8,0,43.72099677,-87.94579284,55117.0,805.4447719784984,0.8611410118406889,921,917,8,0,909,903,115456,12,0,0,12,14
2020-08-22,US,Wisconsin,St. Croix,574,6,0,45.03437474,-92.45000068,55109.0,632.9462877810491,1.0452961672473868,568,562,6,0,556,554,89694,12,0,0,12,8
2020-08-22,US,Wisconsin,Taylor,81,3,0,45.21179252,-90.5004405,55119.0,398.1713611561717,3.703703703703704,78,79,2,0,77,78,20412,2,1,0,1,1
2020-08-22,US,Wisconsin,Trempealeau,395,2,0,44.30360275,-91.35893614,55121.0,1332.2540389220544,0.5063291139240507,393,392,2,0,390,389,29442,3,0,0,3,3
2020-08-22,US,Wisconsin,Vernon,86,0,0,43.59422667,-90.8324691,55123.0,279.0214781649471,0.0,86,84,0,0,84,80,30785,2,0,0,2,4
2020-08-22,US,Wisconsin,Vilas,89,0,0,46.05467334,-89.51719204,55125.0,400.9912142374409,0.0,89,88,0,0,88,89,21938,1,0,0,1,-1
2020-08-22,US,Wisconsin,Walworth,1591,25,0,42.66858202,-88.54163073,55127.0,1531.751838872415,1.5713387806411063,1566,1573,25,0,1548,1546,103718,18,0,0,18,27
2020-08-22,US,Wisconsin,Washburn,55,0,0,45.89838588,-91.79050449,55129.0,349.8727735368957,0.0,55,53,0,0,53,52,15878,2,0,0,2,1
2020-08-22,US,Wisconsin,Washington,1441,26,0,43.36863664,-88.22974712,55131.0,1059.2940000294045,1.8043025676613464,1415,1403,25,0,1378,1357,135693,38,1,0,37,46
2020-08-22,US,Wisconsin,Waukesha,5213,70,0,43.01833055,-88.30431188,55133.0,1289.7144468799945,1.3427968540187991,5143,5138,70,0,5068,5063,403072,75,0,0,75,75
2020-08-22,US,Wisconsin,Waupaca,580,17,0,44.47068056,-88.96534501,55135.0,1137.4779368503628,2.931034482758621,563,571,16,0,555,563,51128,9,1,0,8,8
2020-08-22,US,Wisconsin,Waushara,133,1,0,44.11324419,-89.24317107,55137.0,544.1230618172892,0.7518796992481203,132,132,1,0,131,128,24263,1,0,0,1,4
2020-08-22,US,Wisconsin,Winnebago,1350,20,0,44.06886922,-88.64477096,55139.0,785.3083353208418,1.4814814814814814,1330,1335,19,0,1316,1321,171020,15,1,0,14,14
2020-08-22,US,Wisconsin,Wood,413,2,0,44.45537896,-90.04158336,55141.0,565.7611748106139,0.4842615012106538,411,406,2,0,404,399,73055,7,0,0,7,7
2020-08-22,US,Wyoming,Albany,125,0,0,41.65498705,-105.72354150000001,56001.0,321.50205761316874,0.0,125,126,0,0,126,107,38601,-1,0,0,-1,19
2020-08-22,US,Wyoming,Big Horn,38,0,0,44.52405055,-107.9960365,56003.0,322.30703986429177,0.0,38,38,0,0,38,39,11881,0,0,0,0,-1
2020-08-22,US,Wyoming,Campbell,161,0,0,44.24886082,-105.54744040000001,56005.0,347.42452687684766,0.0,161,156,0,0,156,155,46140,5,0,0,5,1
2020-08-22,US,Wyoming,Carbon,183,0,0,41.69357844,-106.9326084,56007.0,1236.4864864864865,0.0,183,182,0,0,182,180,14971,1,0,0,1,2
2020-08-22,US,Wyoming,Converse,35,0,0,42.97272268,-105.5081848,56009.0,253.21950513673846,0.0,35,35,0,0,35,34,13640,0,0,0,0,1
2020-08-22,US,Wyoming,Crook,13,0,0,44.58855102,-104.56977049999999,56011.0,171.41350210970464,0.0,13,13,0,0,13,13,7450,0,0,0,0,0
2020-08-22,US,Wyoming,Fremont,569,0,0,43.04183996,-108.6296893,56013.0,1449.2753623188407,0.0,569,568,0,0,568,560,39531,1,0,0,1,8
2020-08-22,US,Wyoming,Goshen,40,0,0,42.08798185,-104.3534743,56015.0,302.7779880402694,0.0,40,40,0,0,40,40,13376,0,0,0,0,0
2020-08-22,US,Wyoming,Hot Springs,26,0,0,43.71930657,-108.44231740000001,56017.0,589.1683661907997,0.0,26,26,0,0,26,23,4555,0,0,0,0,3
2020-08-22,US,Wyoming,Johnson,27,1,0,44.04057166,-106.58451740000001,56019.0,319.7158081705151,3.703703703703704,26,26,1,0,25,26,8460,1,0,0,1,0
2020-08-22,US,Wyoming,Laramie,539,0,0,41.30702520000001,-104.6887497,56021.0,541.7085427135678,0.0,539,538,0,0,538,534,98976,1,0,0,1,4
2020-08-22,US,Wyoming,Lincoln,107,0,0,42.26376367,-110.6563997,56023.0,539.5864851235502,0.0,107,107,0,0,107,107,19434,0,0,0,0,0
2020-08-22,US,Wyoming,Natrona,264,0,0,42.96180148,-106.79788500000001,56025.0,330.58679155501017,0.0,264,261,0,0,261,256,79115,3,0,0,3,5
2020-08-22,US,Wyoming,Niobrara,2,0,0,43.05607708,-104.47588959999999,56027.0,84.88964346349746,0.0,2,2,0,0,2,2,2388,0,0,0,0,0
2020-08-22,US,Wyoming,Park,156,0,0,44.52157546,-109.58528249999999,56029.0,534.35637459752,0.0,156,156,0,0,156,153,29324,0,0,0,0,3
2020-08-22,US,Wyoming,Platte,7,0,0,42.13299116,-104.96633100000001,56031.0,83.40283569641367,0.0,7,7,0,0,7,7,8566,0,0,0,0,0
2020-08-22,US,Wyoming,Sheridan,113,0,0,44.79048913,-106.8862389,56033.0,370.6741020173856,0.0,113,112,0,0,112,108,30233,1,0,0,1,4
2020-08-22,US,Wyoming,Sublette,46,0,0,42.76558279,-109.91309220000001,56035.0,467.9076391008036,0.0,46,44,0,0,44,41,9813,2,0,0,2,3
2020-08-22,US,Wyoming,Sweetwater,290,0,0,41.65943896,-108.8827882,56037.0,684.8829794771273,0.0,290,288,0,0,288,285,43051,2,0,0,2,3
2020-08-22,US,Wyoming,Teton,401,0,0,43.93522482,-110.5890801,56039.0,1709.0010228435046,0.0,401,399,0,0,399,398,23081,2,0,0,2,1
2020-08-22,US,Wyoming,Uinta,283,0,0,41.2878183,-110.54757820000002,56041.0,1399.189162464155,0.0,283,283,0,0,283,283,20299,0,0,0,0,0
2020-08-22,US,Wyoming,Unassigned,0,36,0,0.0,0.0,90056.0,0.0,0.0,-36,0,36,0,-36,0,,0,0,0,0,0
2020-08-22,US,Wyoming,Washakie,107,0,0,43.90451606,-107.68018700000002,56043.0,1370.9160794362588,0.0,107,106,0,0,106,106,7885,1,0,0,1,0
2020-08-22,US,Wyoming,Weston,11,0,0,43.83961191,-104.56748809999999,56045.0,158.79890284394398,0.0,11,11,0,0,11,,6967,0,0,0,0,
