Date,Country/Region,Province/State,Admin2,Confirmed,Deaths,Recovered,Latitude,Longitude,FIPS,Active Cases,Previous Confirmed,Previous Deaths,Previous Recovered,Previous Active,Prev2 Confirmed,Population,Daily Confirmed,Daily Deaths,Daily Recovered,Daily Active,Previous Daily Confirmed
2020-05-16,US,Alabama,Autauga,110,4,0,32.53952745,-86.64408227,1001.0,106,103,4,0,99,104,55601,7,0,0,7,-1
2020-05-16,US,Alabama,Baldwin,254,8,0,30.72774991,-87.72207058,1003.0,246,244,8,0,236,243,218022,10,0,0,10,1
2020-05-16,US,Alabama,Barbour,79,1,0,31.868263,-85.3871286,1005.0,78,79,1,0,78,74,24881,0,0,0,0,5
2020-05-16,US,Alabama,Bibb,50,1,0,32.99642064,-87.12511459999996,1007.0,49,49,1,0,48,46,22400,1,0,0,1,3
2020-05-16,US,Alabama,Blount,45,0,0,33.98210918,-86.56790593,1009.0,45,45,0,0,45,45,57840,0,0,0,0,0
2020-05-16,US,Alabama,Bullock,35,1,0,32.10030533,-85.71265535,1011.0,34,32,1,0,31,28,10138,3,0,0,3,4
2020-05-16,US,Alabama,Butler,271,9,0,31.75300095,-86.68057478,1013.0,262,258,9,0,249,249,19680,13,0,0,13,9
2020-05-16,US,Alabama,Calhoun,130,3,0,33.77483727,-85.82630386,1015.0,127,129,3,0,126,128,114277,1,0,0,1,1
2020-05-16,US,Alabama,Chambers,328,22,0,32.91360079,-85.39072749,1017.0,306,326,22,0,304,326,33615,2,0,0,2,0
2020-05-16,US,Alabama,Cherokee,27,0,0,34.17805983,-85.60638968,1019.0,27,26,0,0,26,25,26032,1,0,0,1,1
2020-05-16,US,Alabama,Chilton,77,1,0,32.85044126,-86.7173256,1021.0,76,75,1,0,74,74,44153,2,0,0,2,1
2020-05-16,US,Alabama,Choctaw,84,3,0,32.02227341,-88.26564429999998,1023.0,81,81,3,0,78,77,12841,3,0,0,3,4
2020-05-16,US,Alabama,Clarke,74,2,0,31.68099859,-87.83548597,1025.0,72,70,2,0,68,68,23920,4,0,0,4,2
2020-05-16,US,Alabama,Clay,27,2,0,33.26984193,-85.85836077,1027.0,25,27,2,0,25,27,13275,0,0,0,0,0
2020-05-16,US,Alabama,Cleburne,13,1,0,33.67679204,-85.52005899,1029.0,12,13,1,0,12,13,14987,0,0,0,0,0
2020-05-16,US,Alabama,Coffee,164,1,0,31.39932826,-85.98901039,1031.0,163,162,1,0,161,159,51909,2,0,0,2,3
2020-05-16,US,Alabama,Colbert,87,2,0,34.69847452,-87.80168544,1033.0,85,83,2,0,81,79,54762,4,0,0,4,4
2020-05-16,US,Alabama,Conecuh,18,0,0,31.43401703,-86.99320044,1035.0,18,18,0,0,18,17,12277,0,0,0,0,1
2020-05-16,US,Alabama,Coosa,34,1,0,32.93690146,-86.24847739,1037.0,33,34,1,0,33,34,10715,0,0,0,0,0
2020-05-16,US,Alabama,Covington,57,1,0,31.247785399999998,-86.45050893,1039.0,56,56,1,0,55,56,36986,1,0,0,1,0
2020-05-16,US,Alabama,Crenshaw,53,1,0,31.72941803,-86.31593104,1041.0,52,53,1,0,52,50,13824,0,0,0,0,3
2020-05-16,US,Alabama,Cullman,69,0,0,34.13020303,-86.86888037,1043.0,69,68,0,0,68,67,83442,1,0,0,1,1
2020-05-16,US,Alabama,Dale,60,0,0,31.43037123,-85.61095742,1045.0,60,57,0,0,57,53,48956,3,0,0,3,4
2020-05-16,US,Alabama,Dallas,145,3,0,32.32688101,-87.10866709999998,1047.0,142,137,3,0,134,132,38310,8,0,0,8,5
2020-05-16,US,Alabama,DeKalb,192,2,0,34.45946862,-85.80782906,1049.0,190,190,2,0,188,185,71385,2,0,0,2,5
2020-05-16,US,Alabama,Elmore,188,6,0,32.59785413,-86.14415284,1051.0,182,178,6,0,172,169,81887,10,0,0,10,9
2020-05-16,US,Alabama,Escambia,39,3,0,31.1256789,-87.15918694,1053.0,36,39,3,0,36,39,36748,0,0,0,0,0
2020-05-16,US,Alabama,Etowah,202,10,0,34.04567266,-86.04051873,1055.0,192,199,10,0,189,198,102501,3,0,0,3,1
2020-05-16,US,Alabama,Fayette,9,0,0,33.72076938,-87.73886638,1057.0,9,9,0,0,9,10,16433,0,0,0,0,-1
2020-05-16,US,Alabama,Franklin,329,4,0,34.44235334,-87.84289505,1059.0,325,309,4,0,305,288,31363,20,0,0,20,21
2020-05-16,US,Alabama,Geneva,20,0,0,31.09389027,-85.83572839,1061.0,20,19,0,0,19,18,26314,1,0,0,1,1
2020-05-16,US,Alabama,Greene,81,4,0,32.85504247,-87.95684022,1063.0,77,79,4,0,75,76,8233,2,0,0,2,3
2020-05-16,US,Alabama,Hale,84,2,0,32.76039258,-87.63284988,1065.0,82,79,2,0,77,79,14726,5,0,0,5,0
2020-05-16,US,Alabama,Henry,39,1,0,31.51148016,-85.24267944,1067.0,38,37,1,0,36,35,17209,2,0,0,2,2
2020-05-16,US,Alabama,Houston,132,4,0,31.15197924,-85.29939599,1069.0,128,129,4,0,125,125,104722,3,0,0,3,4
2020-05-16,US,Alabama,Jackson,63,2,0,34.78144169,-85.99750489,1071.0,61,61,2,0,59,60,51736,2,0,0,2,1
2020-05-16,US,Alabama,Jefferson,1299,73,0,33.55554728,-86.89506300000002,1073.0,1226,1258,71,0,1187,1237,659300,41,2,0,39,21
2020-05-16,US,Alabama,Lamar,15,0,0,33.77995024,-88.09668032,1075.0,15,14,0,0,14,14,13844,1,0,0,1,0
2020-05-16,US,Alabama,Lauderdale,113,2,0,34.90171875,-87.65624729,1077.0,111,110,2,0,108,109,92387,3,0,0,3,1
2020-05-16,US,Alabama,Lawrence,29,0,0,34.52041498,-87.31069453,1079.0,29,29,0,0,29,28,32957,0,0,0,0,1
2020-05-16,US,Alabama,Lee,448,31,0,32.60154883,-85.35132246,1081.0,417,444,31,0,413,447,163941,4,0,0,4,-3
2020-05-16,US,Alabama,Limestone,64,0,0,34.81185586,-86.98310072,1083.0,64,64,0,0,64,62,96174,0,0,0,0,2
2020-05-16,US,Alabama,Lowndes,128,9,0,32.1597283,-86.65158371,1085.0,119,122,9,0,113,117,9974,6,0,0,6,5
2020-05-16,US,Alabama,Macon,55,2,0,32.38759944,-85.69267724,1087.0,53,55,2,0,53,53,18439,0,0,0,0,2
2020-05-16,US,Alabama,Madison,275,4,0,34.76327133,-86.55069633,1089.0,271,274,4,0,270,272,366519,1,0,0,1,2
2020-05-16,US,Alabama,Marengo,102,6,0,32.24767634,-87.78796182,1091.0,96,101,6,0,95,97,19066,1,0,0,1,4
2020-05-16,US,Alabama,Marion,101,9,0,34.13697363,-87.88704173,1093.0,92,101,9,0,92,101,29763,0,0,0,0,0
2020-05-16,US,Alabama,Marshall,624,9,0,34.36975964,-86.30486727,1095.0,615,612,9,0,603,599,96109,12,0,0,12,13
2020-05-16,US,Alabama,Mobile,1681,100,0,30.78472347,-88.20842409,1097.0,1581,1653,100,0,1553,1608,413757,28,0,0,28,45
2020-05-16,US,Alabama,Monroe,19,2,0,31.56729412,-87.36995001,1099.0,17,18,2,0,16,18,21067,1,0,0,1,0
2020-05-16,US,Alabama,Montgomery,816,20,0,32.2206831,-86.20969272,1101.0,796,787,20,0,767,753,225763,29,0,0,29,34
2020-05-16,US,Alabama,Morgan,110,1,0,34.45500589,-86.85475946,1103.0,109,109,1,0,108,104,119089,1,0,0,1,5
2020-05-16,US,Alabama,Perry,20,0,0,32.64048341,-87.29770589,1105.0,20,20,0,0,20,19,9140,0,0,0,0,1
2020-05-16,US,Alabama,Pickens,77,3,0,33.28094866,-88.08818103,1107.0,74,73,3,0,70,71,19938,4,0,0,4,2
2020-05-16,US,Alabama,Pike,106,0,0,31.80396383,-85.9408295,1109.0,106,105,0,0,105,103,33338,1,0,0,1,2
2020-05-16,US,Alabama,Randolph,119,7,0,33.29526734,-85.45708831,1111.0,112,119,7,0,112,118,22725,0,0,0,0,1
2020-05-16,US,Alabama,Russell,100,0,0,32.28725256,-85.18415324,1113.0,100,96,0,0,96,91,57781,4,0,0,4,5
2020-05-16,US,Alabama,Shelby,398,19,0,33.26879845,-86.66232561,1117.0,379,391,19,0,372,390,215707,7,0,0,7,1
2020-05-16,US,Alabama,St. Clair,90,1,0,33.71902176,-86.31029372,1115.0,89,88,1,0,87,88,88690,2,0,0,2,0
2020-05-16,US,Alabama,Sumter,124,4,0,32.59117397,-88.19916205,1119.0,120,120,4,0,116,115,12691,4,0,0,4,5
2020-05-16,US,Alabama,Talladega,78,2,0,33.37823223,-86.16886178,1121.0,76,75,2,0,73,76,79828,3,0,0,3,-1
2020-05-16,US,Alabama,Tallapoosa,357,57,0,32.86698258,-85.79833053,1123.0,300,351,57,0,294,345,40497,6,0,0,6,6
2020-05-16,US,Alabama,Tuscaloosa,345,8,0,33.28726072,-87.52556818,1125.0,337,332,8,0,324,319,208911,13,0,0,13,13
2020-05-16,US,Alabama,Walker,126,0,0,33.80270512,-87.30027177,1127.0,126,119,0,0,119,116,63711,7,0,0,7,3
2020-05-16,US,Alabama,Washington,60,5,0,31.4092794,-88.20689944,1129.0,55,60,5,0,55,59,16378,0,0,0,0,1
2020-05-16,US,Alabama,Wilcox,93,5,0,31.98773215,-87.30891118,1131.0,88,92,5,0,87,89,10627,1,0,0,1,3
2020-05-16,US,Alabama,Winston,33,1,0,34.15030532,-87.37325922,1133.0,32,28,1,0,27,27,23660,5,0,0,5,1
2020-05-16,US,Alaska,Anchorage,199,4,0,61.14998174,-149.14269860000005,2020.0,195,199,4,0,195,194,291538,0,0,0,0,5
2020-05-16,US,Alaska,Bethel,1,0,0,60.90980451,-159.8561831,2050.0,1,1,0,0,1,1,18216,0,0,0,0,0
2020-05-16,US,Alaska,Fairbanks North Star,84,2,0,64.80726247,-146.5692662,2090.0,82,84,2,0,82,84,98971,0,0,0,0,0
2020-05-16,US,Alaska,Juneau,29,0,0,58.45031811,-134.200436,2110.0,29,29,0,0,29,27,32113,0,0,0,0,2
2020-05-16,US,Alaska,Kenai Peninsula,24,2,0,60.24429722,-151.53888840000005,2122.0,22,24,2,0,22,24,58533,0,0,0,0,0
2020-05-16,US,Alaska,Ketchikan Gateway,16,0,0,55.57445008,-130.975561,2130.0,16,16,0,0,16,16,13918,0,0,0,0,0
2020-05-16,US,Alaska,Kodiak Island,1,0,0,57.65529415,-153.7493579,2150.0,1,1,0,0,1,1,13345,0,0,0,0,0
2020-05-16,US,Alaska,Matanuska-Susitna,21,1,0,62.31305045,-149.5741743,2170.0,20,21,1,0,20,21,107610,0,0,0,0,0
2020-05-16,US,Alaska,Nome,1,0,0,64.90320724,-164.0353804,2180.0,1,1,0,0,1,1,10008,0,0,0,0,0
2020-05-16,US,Alaska,Petersburg,4,1,0,57.13978948,-132.9540995,2195.0,3,4,1,0,3,4,3221,0,0,0,0,0
2020-05-16,US,Alaska,Prince of Wales-Hyder,2,0,0,55.76261984,-133.0511621,2198.0,2,2,0,0,2,2,6422,0,0,0,0,0
2020-05-16,US,Alaska,Sitka,1,0,0,57.24124555,-135.3206587,2220.0,1,1,0,0,1,1,8647,0,0,0,0,0
2020-05-16,US,Alaska,Southeast Fairbanks,3,0,0,63.87692095,-143.2127643,2240.0,3,3,0,0,3,2,6918,0,0,0,0,1
2020-05-16,US,Alaska,Unassigned,1,0,0,0.0,0.0,90002.0,1,1,0,0,1,4,,0,0,0,0,-3
2020-05-16,US,Alaska,Yukon-Koyukuk,1,0,0,65.50815459,-151.39073869999999,2290.0,1,1,0,0,1,1,5327,0,0,0,0,0
2020-05-16,US,Arizona,Apache,962,20,0,35.39465006,-109.4892383,4001.0,942,927,16,0,911,859,71818,35,4,0,31,68
2020-05-16,US,Arizona,Cochise,46,1,0,31.87934684,-109.7516088,4003.0,45,45,1,0,44,44,126770,1,0,0,1,1
2020-05-16,US,Arizona,Coconino,839,64,0,35.83883429,-111.77071780000001,4005.0,775,823,62,0,761,795,142854,16,2,0,14,28
2020-05-16,US,Arizona,Gila,22,1,0,33.80190085,-110.8132779,4007.0,21,22,1,0,21,21,53889,0,0,0,0,1
2020-05-16,US,Arizona,Graham,20,0,0,32.93166885,-109.8882178,4009.0,20,21,0,0,21,21,38072,-1,0,0,-1,0
2020-05-16,US,Arizona,Greenlee,2,0,0,33.21498827,-109.2405279,4011.0,2,2,0,0,2,2,9483,0,0,0,0,0
2020-05-16,US,Arizona,La Paz,37,1,0,33.72854224,-113.98100290000001,4012.0,36,36,1,0,35,27,21098,1,0,0,1,9
2020-05-16,US,Arizona,Maricopa,7096,319,0,33.34835867,-112.49181540000001,4013.0,6777,6821,302,0,6519,6599,4410824,275,17,0,258,222
2020-05-16,US,Arizona,Mohave,250,27,0,35.70471703,-113.7577902,4015.0,223,242,27,0,215,220,209550,8,0,0,8,22
2020-05-16,US,Arizona,Navajo,1238,48,0,35.3997715,-110.3218983,4017.0,1190,1177,48,0,1129,1150,110445,61,0,0,61,27
2020-05-16,US,Arizona,Pima,1781,157,0,32.0971334,-111.7890033,4019.0,1624,1750,155,0,1595,1696,1039073,31,2,0,29,54
2020-05-16,US,Arizona,Pinal,678,31,0,32.90525627,-111.3449483,4021.0,647,670,28,0,642,650,447138,8,3,0,5,20
2020-05-16,US,Arizona,Santa Cruz,72,0,0,31.52508998,-110.8479088,4023.0,72,69,0,0,69,62,46511,3,0,0,3,7
2020-05-16,US,Arizona,Unassigned,0,1,0,0.0,0.0,90004.0,-1,0,1,0,-1,0,,0,0,0,0,0
2020-05-16,US,Arizona,Yavapai,260,5,0,34.59933926,-112.5538588,4025.0,255,254,5,0,249,243,231993,6,0,0,6,11
2020-05-16,US,Arizona,Yuma,363,4,0,32.76895712,-113.90666740000002,4027.0,359,310,4,0,306,285,212128,53,0,0,53,25
2020-05-16,US,Arkansas,Arkansas,2,0,0,34.29145151,-91.37277296,5001.0,2,2,0,0,2,2,17769,0,0,0,0,0
2020-05-16,US,Arkansas,Ashley,18,0,0,33.19153461,-91.76984709999999,5003.0,18,18,0,0,18,18,20046,0,0,0,0,0
2020-05-16,US,Arkansas,Baxter,6,0,0,36.28784385,-92.33782872,5005.0,6,6,0,0,6,6,41619,0,0,0,0,0
2020-05-16,US,Arkansas,Benton,144,0,0,36.33644656,-94.25680817,5007.0,144,139,0,0,139,136,272608,5,0,0,5,3
2020-05-16,US,Arkansas,Boone,4,0,0,36.3084504,-93.09374925,5009.0,4,4,0,0,4,4,37480,0,0,0,0,0
2020-05-16,US,Arkansas,Bradley,15,1,0,33.46755808,-92.15980837,5011.0,14,13,1,0,12,12,10897,2,0,0,2,1
2020-05-16,US,Arkansas,Carroll,6,0,0,36.34038560000001,-93.54270261,5015.0,6,6,0,0,6,6,28223,0,0,0,0,0
2020-05-16,US,Arkansas,Chicot,10,0,0,33.26458973,-91.29539209,5017.0,10,10,0,0,10,10,10438,0,0,0,0,0
2020-05-16,US,Arkansas,Clark,35,0,0,34.04613432,-93.17484713,5019.0,35,35,0,0,35,35,22061,0,0,0,0,0
2020-05-16,US,Arkansas,Clay,3,0,0,36.36826212,-90.4148172,5021.0,3,3,0,0,3,3,14847,0,0,0,0,0
2020-05-16,US,Arkansas,Cleburne,72,4,0,35.53864922,-92.02640019,5023.0,68,72,4,0,68,72,24965,0,0,0,0,0
2020-05-16,US,Arkansas,Cleveland,16,0,0,33.89723187,-92.18537045,5025.0,16,16,0,0,16,15,8018,0,0,0,0,1
2020-05-16,US,Arkansas,Columbia,15,2,0,33.21230701,-93.22642793,5027.0,13,15,2,0,13,15,23537,0,0,0,0,0
2020-05-16,US,Arkansas,Conway,14,1,0,35.26205537,-92.70506566,5029.0,13,14,1,0,13,14,20891,0,0,0,0,0
2020-05-16,US,Arkansas,Craighead,137,0,0,35.83018283,-90.63235729,5031.0,137,130,0,0,130,127,108558,7,0,0,7,3
2020-05-16,US,Arkansas,Crawford,11,0,0,35.58928601,-94.2446814,5033.0,11,9,0,0,9,8,63406,2,0,0,2,1
2020-05-16,US,Arkansas,Crittenden,230,7,0,35.21247318,-90.30839406,5035.0,223,229,7,0,222,219,48342,1,0,0,1,10
2020-05-16,US,Arkansas,Cross,35,0,0,35.29631396,-90.77185818,5037.0,35,35,0,0,35,35,16676,0,0,0,0,0
2020-05-16,US,Arkansas,Dallas,1,0,0,33.97042763,-92.65167437,5039.0,1,1,0,0,1,1,7182,0,0,0,0,0
2020-05-16,US,Arkansas,Desha,18,0,0,33.83011025,-91.25500948,5041.0,18,18,0,0,18,18,11512,0,0,0,0,0
2020-05-16,US,Arkansas,Drew,19,1,0,33.59035001,-91.71777921,5043.0,18,19,1,0,18,19,18328,0,0,0,0,0
2020-05-16,US,Arkansas,Faulkner,91,3,0,35.14719007,-92.33717519,5045.0,88,88,3,0,85,83,124806,3,0,0,3,5
2020-05-16,US,Arkansas,Franklin,2,0,0,35.51202821,-93.89299569,5047.0,2,2,0,0,2,2,17810,0,0,0,0,0
2020-05-16,US,Arkansas,Fulton,3,0,0,36.38177105,-91.81729127,5049.0,3,3,0,0,3,3,12269,0,0,0,0,0
2020-05-16,US,Arkansas,Garland,129,1,0,34.57692074,-93.14921604,5051.0,128,127,1,0,126,126,99154,2,0,0,2,1
2020-05-16,US,Arkansas,Grant,16,0,0,34.29017991,-92.42320562,5053.0,16,16,0,0,16,16,18188,0,0,0,0,0
2020-05-16,US,Arkansas,Greene,24,0,0,36.11735460000001,-90.55832668,5055.0,24,24,0,0,24,24,45325,0,0,0,0,0
2020-05-16,US,Arkansas,Hempstead,9,1,0,33.73325583,-93.66935133,5057.0,8,9,1,0,8,7,21741,0,0,0,0,2
2020-05-16,US,Arkansas,Hot Spring,29,0,0,34.31709259,-92.95396325,5059.0,29,29,0,0,29,29,33701,0,0,0,0,0
2020-05-16,US,Arkansas,Howard,14,0,0,34.09007427,-93.9934871,5061.0,14,14,0,0,14,14,13341,0,0,0,0,0
2020-05-16,US,Arkansas,Independence,25,0,0,35.74242707,-91.57001641,5063.0,25,23,0,0,23,22,37678,2,0,0,2,1
2020-05-16,US,Arkansas,Izard,13,0,0,36.09604046,-91.90847954,5065.0,13,13,0,0,13,13,13593,0,0,0,0,0
2020-05-16,US,Arkansas,Jackson,1,0,0,35.59802983,-91.21494602,5067.0,1,1,0,0,1,1,16811,0,0,0,0,0
2020-05-16,US,Arkansas,Jefferson,362,19,0,34.26767081,-91.92619839,5069.0,343,310,19,0,291,300,68114,52,0,0,52,10
2020-05-16,US,Arkansas,Johnson,35,0,0,35.56759135,-93.46036368,5071.0,35,35,0,0,35,35,26742,0,0,0,0,0
2020-05-16,US,Arkansas,Lafayette,9,1,0,33.24116713,-93.60677071,5073.0,8,9,1,0,8,9,6682,0,0,0,0,0
2020-05-16,US,Arkansas,Lawrence,73,4,0,36.04188196,-91.10867198,5075.0,69,72,4,0,68,72,16434,1,0,0,1,0
2020-05-16,US,Arkansas,Lee,10,1,0,34.78498904,-90.78383866,5077.0,9,10,1,0,9,10,8985,0,0,0,0,0
2020-05-16,US,Arkansas,Lincoln,955,8,0,33.95317155,-91.74002806,5079.0,947,952,8,0,944,949,13383,3,0,0,3,3
2020-05-16,US,Arkansas,Little River,1,0,0,33.70375665,-94.23468591,5081.0,1,,,,,,12326,,,,,
2020-05-16,US,Arkansas,Logan,4,0,0,35.21413234,-93.71951016,5083.0,4,4,0,0,4,4,21737,0,0,0,0,0
2020-05-16,US,Arkansas,Lonoke,45,0,0,34.75392199,-91.88742357,5085.0,45,45,0,0,45,44,73657,0,0,0,0,1
2020-05-16,US,Arkansas,Madison,1,0,0,36.01038185,-93.72524943,5087.0,1,1,0,0,1,1,16481,0,0,0,0,0
2020-05-16,US,Arkansas,Marion,1,0,0,36.26844485,-92.68451899,5089.0,1,1,0,0,1,1,16722,0,0,0,0,0
2020-05-16,US,Arkansas,Miller,42,1,0,33.31403423,-93.89285258,5091.0,41,42,1,0,41,40,43592,0,0,0,0,2
2020-05-16,US,Arkansas,Mississippi,61,0,0,35.76271485,-90.05194370000002,5093.0,61,58,0,0,58,55,41239,3,0,0,3,3
2020-05-16,US,Arkansas,Monroe,5,0,0,34.6815935,-91.20540287,5095.0,5,5,0,0,5,5,6900,0,0,0,0,0
2020-05-16,US,Arkansas,Montgomery,1,0,0,34.53704874,-93.65824478,5097.0,1,1,0,0,1,1,8924,0,0,0,0,0
2020-05-16,US,Arkansas,Nevada,4,0,0,33.66340119,-93.30632432,5099.0,4,4,0,0,4,3,8326,0,0,0,0,1
2020-05-16,US,Arkansas,Newton,3,0,0,35.91947491,-93.21612969,5101.0,3,3,0,0,3,3,7805,0,0,0,0,0
2020-05-16,US,Arkansas,Ouachita,10,0,0,33.58839816,-92.87795984,5103.0,10,9,0,0,9,9,23606,1,0,0,1,0
2020-05-16,US,Arkansas,Perry,12,0,0,34.945915299999996,-92.94372564,5105.0,12,12,0,0,12,10,10352,0,0,0,0,2
2020-05-16,US,Arkansas,Phillips,4,1,0,34.43268455,-90.84800154,5107.0,3,4,1,0,3,4,18029,0,0,0,0,0
2020-05-16,US,Arkansas,Pike,3,0,0,34.16250414,-93.65789349,5109.0,3,3,0,0,3,3,10673,0,0,0,0,0
2020-05-16,US,Arkansas,Poinsett,26,2,0,35.57433534,-90.66268713,5111.0,24,25,2,0,23,25,23974,1,0,0,1,0
2020-05-16,US,Arkansas,Polk,7,0,0,34.48254879,-94.22728802,5113.0,7,7,0,0,7,7,20049,0,0,0,0,0
2020-05-16,US,Arkansas,Pope,63,0,0,35.44871474,-93.03212219,5115.0,63,61,0,0,61,52,64000,2,0,0,2,9
2020-05-16,US,Arkansas,Prairie,2,0,0,34.83624419,-91.55162157,5117.0,2,2,0,0,2,2,8074,0,0,0,0,0
2020-05-16,US,Arkansas,Pulaski,683,23,0,34.77054088,-92.31355101,5119.0,660,669,23,0,646,661,392680,14,0,0,14,8
2020-05-16,US,Arkansas,Randolph,22,0,0,36.3415714,-91.02455531,5121.0,22,22,0,0,22,22,17948,0,0,0,0,0
2020-05-16,US,Arkansas,Saline,81,1,0,34.64916145,-92.67583224,5125.0,80,80,1,0,79,78,121421,1,0,0,1,2
2020-05-16,US,Arkansas,Scott,1,0,0,34.85588887,-94.0632176,5127.0,1,1,0,0,1,1,10319,0,0,0,0,0
2020-05-16,US,Arkansas,Searcy,6,0,0,35.9109364,-92.69936482,5129.0,6,6,0,0,6,6,7958,0,0,0,0,0
2020-05-16,US,Arkansas,Sebastian,15,0,0,35.19605503,-94.27162713,5131.0,15,15,0,0,15,15,127753,0,0,0,0,0
2020-05-16,US,Arkansas,Sevier,27,1,0,33.99780401,-94.2424869,5133.0,26,25,1,0,24,24,17139,2,0,0,2,1
2020-05-16,US,Arkansas,Sharp,37,2,0,36.16258158,-91.47819342,5135.0,35,37,2,0,35,36,17366,0,0,0,0,1
2020-05-16,US,Arkansas,St. Francis,335,0,0,35.02201976,-90.74828138,5123.0,335,333,0,0,333,316,25439,2,0,0,2,17
2020-05-16,US,Arkansas,Stone,8,0,0,35.86251946,-92.15684085,5137.0,8,8,0,0,8,8,12457,0,0,0,0,0
2020-05-16,US,Arkansas,Unassigned,131,0,0,0.0,0.0,90005.0,131,139,0,0,139,135,,-8,0,0,-8,4
2020-05-16,US,Arkansas,Union,107,4,0,33.16887091,-92.59746952,5139.0,103,105,4,0,101,105,39126,2,0,0,2,0
2020-05-16,US,Arkansas,Van Buren,28,2,0,35.58095779,-92.51295036,5141.0,26,28,2,0,26,28,16603,0,0,0,0,0
2020-05-16,US,Arkansas,Washington,141,5,0,35.976844,-94.21800746,5143.0,136,131,5,0,126,126,236961,10,0,0,10,5
2020-05-16,US,Arkansas,White,36,1,0,35.25688493,-91.74908296,5145.0,35,36,1,0,35,36,78727,0,0,0,0,0
2020-05-16,US,Arkansas,Woodruff,1,0,0,35.18902527,-91.2439489,5147.0,1,1,0,0,1,1,6490,0,0,0,0,0
2020-05-16,US,Arkansas,Yell,13,1,0,35.00292371,-93.41171338,5149.0,12,9,1,0,8,9,21535,4,0,0,4,0
2020-05-16,US,California,Alameda,2351,83,0,37.64629437,-121.8929271,6001.0,2268,2367,83,0,2284,2234,1666753,-16,0,0,-16,133
2020-05-16,US,California,Alpine,2,0,0,38.59678594,-119.82235940000001,6003.0,2,2,0,0,2,2,1101,0,0,0,0,0
2020-05-16,US,California,Amador,9,0,0,38.44583082,-120.65696000000001,6005.0,9,9,0,0,9,9,39383,0,0,0,0,0
2020-05-16,US,California,Butte,22,0,0,39.66727762,-121.6005252,6007.0,22,22,0,0,22,22,231256,0,0,0,0,0
2020-05-16,US,California,Calaveras,13,0,0,38.20537103,-120.55291299999999,6009.0,13,13,0,0,13,13,45602,0,0,0,0,0
2020-05-16,US,California,Colusa,3,0,0,39.17881957,-122.2331726,6011.0,3,3,0,0,3,3,21627,0,0,0,0,0
2020-05-16,US,California,Contra Costa,1121,33,0,37.91923498,-121.9289527,6013.0,1088,1100,33,0,1067,1089,1150215,21,0,0,21,11
2020-05-16,US,California,Del Norte,4,0,0,41.74228275,-123.89740630000001,6015.0,4,4,0,0,4,4,27828,0,0,0,0,0
2020-05-16,US,California,El Dorado,64,0,0,38.77965956,-120.5233166,6017.0,64,64,0,0,64,62,190678,0,0,0,0,2
2020-05-16,US,California,Fresno,1156,16,0,36.75733899,-119.6466953,6019.0,1140,1074,13,0,1061,1074,994400,82,3,0,79,0
2020-05-16,US,California,Glenn,9,0,0,39.59875897,-122.3938452,6021.0,9,9,0,0,9,9,28047,0,0,0,0,0
2020-05-16,US,California,Humboldt,72,0,0,40.69923009,-123.876044,6023.0,72,68,0,0,68,68,136373,4,0,0,4,0
2020-05-16,US,California,Imperial,786,15,0,33.0393082,-115.36690420000001,6025.0,771,786,15,0,771,712,181827,0,0,0,0,74
2020-05-16,US,California,Inyo,19,1,0,36.51112084,-117.41119779999998,6027.0,18,19,1,0,18,19,17987,0,0,0,0,0
2020-05-16,US,California,Kern,1473,25,0,35.34329425,-118.72777959999999,6029.0,1448,1428,24,0,1404,1393,896764,45,1,0,44,35
2020-05-16,US,California,Kings,372,2,0,36.07409056,-119.8159973,6031.0,370,358,1,0,357,348,151366,14,1,0,13,10
2020-05-16,US,California,Lake,8,0,0,39.10124298,-122.75362439999999,6033.0,8,8,0,0,8,8,64382,0,0,0,0,0
2020-05-16,US,California,Los Angeles,37360,1793,0,34.30828379,-118.22824109999999,6037.0,35567,36316,1753,0,34563,35392,10105518,1044,40,0,1004,924
2020-05-16,US,California,Madera,70,2,0,37.21513971,-119.76655890000002,6039.0,68,69,2,0,67,69,157672,1,0,0,1,0
2020-05-16,US,California,Marin,299,14,0,38.07122463,-122.72106310000001,6041.0,285,279,14,0,265,279,259666,20,0,0,20,0
2020-05-16,US,California,Mariposa,15,1,0,37.57978556,-119.9073334,6043.0,14,15,1,0,14,15,17471,0,0,0,0,0
2020-05-16,US,California,Mendocino,13,0,0,39.4381191,-123.39113130000001,6045.0,13,13,0,0,13,13,87606,0,0,0,0,0
2020-05-16,US,California,Merced,200,6,0,37.18922369,-120.72090349999999,6047.0,194,189,4,0,185,189,274765,11,2,0,9,0
2020-05-16,US,California,Mono,33,1,0,37.93899289,-118.8872409,6051.0,32,33,1,0,32,33,14250,0,0,0,0,0
2020-05-16,US,California,Monterey,322,8,0,36.21862405,-121.24133970000001,6053.0,314,317,6,0,311,308,435594,5,2,0,3,9
2020-05-16,US,California,Napa,90,3,0,38.50735751,-122.33283899999999,6055.0,87,83,3,0,80,83,139417,7,0,0,7,0
2020-05-16,US,California,Nevada,41,1,0,39.30394768,-120.76272809999999,6057.0,40,41,1,0,40,41,99696,0,0,0,0,0
2020-05-16,US,California,Orange,4222,86,0,33.70147516,-117.76459979999998,6059.0,4136,4125,84,0,4041,3968,3185968,97,2,0,95,157
2020-05-16,US,California,Placer,174,8,0,39.06167234,-120.72405690000001,6061.0,166,174,8,0,166,172,393149,0,0,0,0,2
2020-05-16,US,California,Plumas,4,0,0,40.00355989,-120.8395236,6063.0,4,4,0,0,4,4,18804,0,0,0,0,0
2020-05-16,US,California,Riverside,5618,242,0,33.74314981,-115.9933578,6065.0,5376,5618,242,0,5376,5440,2450758,0,0,0,0,178
2020-05-16,US,California,Sacramento,1222,54,0,38.45106826,-121.34253740000001,6067.0,1168,1211,54,0,1157,1194,1540975,11,0,0,11,17
2020-05-16,US,California,San Benito,60,2,0,36.60308176,-121.069975,6069.0,58,59,2,0,57,59,61537,1,0,0,1,0
2020-05-16,US,California,San Bernardino,3463,155,0,34.84060306,-116.1774685,6071.0,3308,3311,150,0,3161,3198,2171603,152,5,0,147,113
2020-05-16,US,California,San Diego,5662,209,0,33.03484597,-116.73653259999999,6073.0,5453,5391,200,0,5191,5391,3343364,271,9,0,262,0
2020-05-16,US,California,San Francisco,2054,36,0,37.75215114,-122.43856720000001,6075.0,2018,2026,36,0,1990,1999,883305,28,0,0,28,27
2020-05-16,US,California,San Joaquin,670,31,0,37.93433732,-121.2730061,6077.0,639,659,31,0,628,644,752660,11,0,0,11,15
2020-05-16,US,California,San Luis Obispo,243,1,0,35.38822029,-120.4039028,6079.0,242,240,1,0,239,237,284010,3,0,0,3,3
2020-05-16,US,California,San Mateo,1602,66,0,37.422880799999994,-122.32755459999998,6081.0,1536,1575,66,0,1509,1536,769545,27,0,0,27,39
2020-05-16,US,California,Santa Barbara,1418,11,0,34.65329488,-120.0188492,6083.0,1407,1387,11,0,1376,1387,446527,31,0,0,31,0
2020-05-16,US,California,Santa Clara,2418,135,0,37.23104908,-121.6970462,6085.0,2283,2391,134,0,2257,2391,1937570,27,1,0,26,0
2020-05-16,US,California,Santa Cruz,157,2,0,37.05580291,-122.0066524,6087.0,155,149,2,0,147,149,274255,8,0,0,8,0
2020-05-16,US,California,Shasta,33,4,0,40.76391419,-122.0396884,6089.0,29,33,4,0,29,33,180040,0,0,0,0,0
2020-05-16,US,California,Siskiyou,5,0,0,41.59198861,-122.54074340000001,6093.0,5,5,0,0,5,5,43724,0,0,0,0,0
2020-05-16,US,California,Solano,410,16,0,38.26827353,-121.9357113,6095.0,394,408,14,0,394,408,446610,2,2,0,0,0
2020-05-16,US,California,Sonoma,364,4,0,38.52746429,-122.88625060000001,6097.0,360,351,4,0,347,337,499942,13,0,0,13,14
2020-05-16,US,California,Stanislaus,559,24,0,37.55862499,-120.9970722,6099.0,535,537,23,0,514,537,549815,22,1,0,21,0
2020-05-16,US,California,Sutter,37,2,0,39.03417539,-121.6945899,6101.0,35,37,2,0,35,37,96807,0,0,0,0,0
2020-05-16,US,California,Tehama,2,1,0,40.12570935,-122.23701709999999,6103.0,1,1,1,0,0,1,63916,1,0,0,1,0
2020-05-16,US,California,Trinity,1,0,0,40.64917670000001,-123.114713,6105.0,1,1,0,0,1,1,12535,0,0,0,0,0
2020-05-16,US,California,Tulare,1426,67,0,36.22026558,-118.8020203,6107.0,1359,1338,64,0,1274,1295,465861,88,3,0,85,43
2020-05-16,US,California,Tuolumne,2,0,0,38.02644018,-119.95250929999999,6109.0,2,2,0,0,2,2,54539,0,0,0,0,0
2020-05-16,US,California,Ventura,764,25,0,34.44465746,-119.09106129999999,6111.0,739,764,25,0,739,748,850967,0,0,0,0,16
2020-05-16,US,California,Yolo,183,22,0,38.68278902,-121.90182879999999,6113.0,161,182,22,0,160,182,220408,1,0,0,1,0
2020-05-16,US,California,Yuba,25,1,0,39.26255932,-121.35356440000001,6115.0,24,25,1,0,24,25,78041,0,0,0,0,0
2020-05-16,US,Colorado,Adams,2575,102,0,39.87432092,-104.3362578,8001.0,2473,2520,99,0,2421,2448,511868,55,3,0,52,72
2020-05-16,US,Colorado,Alamosa,39,2,0,37.57250606,-105.7885451,8003.0,37,38,2,0,36,37,16683,1,0,0,1,1
2020-05-16,US,Colorado,Arapahoe,3652,244,0,39.64977461,-104.3353617,8005.0,3408,3583,227,0,3356,3526,651215,69,17,0,52,57
2020-05-16,US,Colorado,Archuleta,8,0,0,37.19474156,-107.0476867,8007.0,8,8,0,0,8,8,13765,0,0,0,0,0
2020-05-16,US,Colorado,Baca,12,0,0,37.31940883,-102.5603223,8009.0,12,12,0,0,12,12,3585,0,0,0,0,0
2020-05-16,US,Colorado,Bent,1,0,0,37.95474293,-103.0720195,8011.0,1,1,0,0,1,1,5882,0,0,0,0,0
2020-05-16,US,Colorado,Boulder,835,59,0,40.09313619,-105.3546767,8013.0,776,825,58,0,767,805,326078,10,1,0,9,20
2020-05-16,US,Colorado,Broomfield,209,22,0,39.95998787,-105.0566324,8014.0,187,207,22,0,185,204,69267,2,0,0,2,3
2020-05-16,US,Colorado,Chaffee,69,17,0,38.74745778,-106.19265729999998,8015.0,52,69,17,0,52,69,20027,0,0,0,0,0
2020-05-16,US,Colorado,Cheyenne,5,0,0,38.82777431,-102.6032558,8017.0,5,5,0,0,5,5,1876,0,0,0,0,0
2020-05-16,US,Colorado,Clear Creek,16,1,0,39.68864463,-105.6463118,8019.0,15,15,1,0,14,15,9605,1,0,0,1,0
2020-05-16,US,Colorado,Conejos,1,0,0,37.201606,-106.19174879999998,8021.0,1,1,0,0,1,1,8200,0,0,0,0,0
2020-05-16,US,Colorado,Costilla,4,0,0,37.27732493,-105.4276548,8023.0,4,4,0,0,4,4,3828,0,0,0,0,0
2020-05-16,US,Colorado,Crowley,39,1,0,38.32608609,-103.7844965,8025.0,38,39,1,0,38,39,5858,0,0,0,0,0
2020-05-16,US,Colorado,Custer,2,0,0,38.10883162,-105.3683478,8027.0,2,2,0,0,2,2,4954,0,0,0,0,0
2020-05-16,US,Colorado,Delta,55,1,0,38.86246243,-107.8631342,8029.0,54,54,1,0,53,54,30953,1,0,0,1,0
2020-05-16,US,Colorado,Denver,4548,261,0,39.76018276,-104.8725695,8031.0,4287,4452,248,0,4204,4359,716492,96,13,0,83,93
2020-05-16,US,Colorado,Douglas,637,38,0,39.33133796,-104.930001,8035.0,599,632,37,0,595,621,342776,5,1,0,4,11
2020-05-16,US,Colorado,Eagle,570,8,0,39.62754308,-106.6933637,8037.0,562,566,8,0,558,564,54993,4,0,0,4,2
2020-05-16,US,Colorado,El Paso,1291,83,0,38.83240149,-104.5251411,8041.0,1208,1251,83,0,1168,1204,713856,40,0,0,40,47
2020-05-16,US,Colorado,Elbert,44,2,0,39.28656773,-104.1358721,8039.0,42,42,2,0,40,41,26282,2,0,0,2,1
2020-05-16,US,Colorado,Fremont,25,0,0,38.47362326,-105.4399667,8043.0,25,25,0,0,25,25,48021,0,0,0,0,0
2020-05-16,US,Colorado,Garfield,113,2,0,39.59921777,-107.902708,8045.0,111,113,2,0,111,112,59770,0,0,0,0,1
2020-05-16,US,Colorado,Gilpin,4,0,0,39.85646523,-105.5252597,8047.0,4,3,0,0,3,2,6121,1,0,0,1,1
2020-05-16,US,Colorado,Grand,5,0,0,40.10603347,-106.1178042,8049.0,5,5,0,0,5,5,15525,0,0,0,0,0
2020-05-16,US,Colorado,Gunnison,182,6,0,38.66611652,-107.0320729,8051.0,176,182,6,0,176,182,17246,0,0,0,0,0
2020-05-16,US,Colorado,Hinsdale,3,0,0,37.82247444,-107.3004345,8053.0,3,3,0,0,3,3,811,0,0,0,0,0
2020-05-16,US,Colorado,Huerfano,3,0,0,37.68473101,-104.9612585,8055.0,3,3,0,0,3,3,6889,0,0,0,0,0
2020-05-16,US,Colorado,Jefferson,1800,122,0,39.58635604,-105.2517692,8059.0,1678,1775,118,0,1657,1748,580233,25,4,0,21,27
2020-05-16,US,Colorado,Kit Carson,26,3,0,39.30497777,-102.6022199,8063.0,23,26,3,0,23,25,7163,0,0,0,0,1
2020-05-16,US,Colorado,La Plata,68,1,0,37.28632032,-107.8429014,8067.0,67,66,1,0,65,66,56310,2,0,0,2,0
2020-05-16,US,Colorado,Lake,26,0,0,39.20278823,-106.3555697,8065.0,26,24,0,0,24,23,7824,2,0,0,2,1
2020-05-16,US,Colorado,Larimer,485,21,0,40.66671597,-105.4625784,8069.0,464,472,21,0,451,463,350518,13,0,0,13,9
2020-05-16,US,Colorado,Las Animas,4,0,0,37.3153406,-104.0376458,8071.0,4,4,0,0,4,4,14503,0,0,0,0,0
2020-05-16,US,Colorado,Lincoln,3,0,0,38.98749519,-103.5136649,8073.0,3,3,0,0,3,3,5610,0,0,0,0,0
2020-05-16,US,Colorado,Logan,485,3,0,40.7249637,-103.110817,8075.0,482,483,3,0,480,483,21528,2,0,0,2,0
2020-05-16,US,Colorado,Mesa,50,0,0,39.01787888,-108.469799,8077.0,50,50,0,0,50,51,153207,0,0,0,0,-1
2020-05-16,US,Colorado,Mineral,2,0,0,37.66954283,-106.9281698,8079.0,2,2,0,0,2,2,776,0,0,0,0,0
2020-05-16,US,Colorado,Moffat,6,0,0,40.61810999,-108.2070876,8081.0,6,6,0,0,6,6,13188,0,0,0,0,0
2020-05-16,US,Colorado,Montezuma,27,3,0,37.33859579,-108.5958857,8083.0,24,26,3,0,23,25,26158,1,0,0,1,1
2020-05-16,US,Colorado,Montrose,135,11,0,38.40214114,-108.26390220000002,8085.0,124,131,11,0,120,129,42214,4,0,0,4,2
2020-05-16,US,Colorado,Morgan,557,29,0,40.26279810000001,-103.8093302,8087.0,528,542,27,0,515,534,28558,15,2,0,13,8
2020-05-16,US,Colorado,Otero,11,1,0,37.9014485,-103.7173385,8089.0,10,11,1,0,10,11,18432,0,0,0,0,0
2020-05-16,US,Colorado,Ouray,7,1,0,38.14717457,-107.7675136,8091.0,6,7,1,0,6,6,4833,0,0,0,0,1
2020-05-16,US,Colorado,Park,16,0,0,39.120926,-105.7182065,8093.0,16,16,0,0,16,16,18556,0,0,0,0,0
2020-05-16,US,Colorado,Phillips,10,0,0,40.59414277,-102.3577703,8095.0,10,10,0,0,10,9,4286,0,0,0,0,1
2020-05-16,US,Colorado,Pitkin,56,2,0,39.21720112,-106.9310027,8097.0,54,56,2,0,54,54,17950,0,0,0,0,2
2020-05-16,US,Colorado,Prowers,10,0,0,37.95544985,-102.3926052,8099.0,10,10,0,0,10,9,12164,0,0,0,0,1
2020-05-16,US,Colorado,Pueblo,202,13,0,38.17359144,-104.5127437,8101.0,189,195,13,0,182,186,167529,7,0,0,7,9
2020-05-16,US,Colorado,Rio Blanco,1,0,0,39.97913541,-108.2179009,8103.0,1,1,0,0,1,1,6336,0,0,0,0,0
2020-05-16,US,Colorado,Rio Grande,8,0,0,37.5836865,-106.3847838,8105.0,8,7,0,0,7,7,11250,1,0,0,1,0
2020-05-16,US,Colorado,Routt,59,6,0,40.48596505,-106.9905548,8107.0,53,59,6,0,53,59,25733,0,0,0,0,0
2020-05-16,US,Colorado,Saguache,16,0,0,38.08054629,-106.282466,8109.0,16,16,0,0,16,15,6843,0,0,0,0,1
2020-05-16,US,Colorado,San Juan,1,0,0,37.76248981,-107.67632890000002,8111.0,1,1,0,0,1,1,762,0,0,0,0,0
2020-05-16,US,Colorado,San Miguel,22,0,0,38.00450883,-108.4020725,8113.0,22,22,0,0,22,22,8191,0,0,0,0,0
2020-05-16,US,Colorado,Summit,182,1,0,39.63803232,-106.1150762,8117.0,181,178,1,0,177,175,31007,4,0,0,4,3
2020-05-16,US,Colorado,Teller,31,2,0,38.88133511,-105.1614893,8119.0,29,31,2,0,29,31,25083,0,0,0,0,0
2020-05-16,US,Colorado,Unassigned,77,1,0,0.0,0.0,90008.0,76,61,1,0,60,71,,16,0,0,16,-10
2020-05-16,US,Colorado,Washington,10,0,0,39.97015535,-103.202587,8121.0,10,9,0,0,9,9,4909,1,0,0,1,0
2020-05-16,US,Colorado,Weld,2281,123,0,40.55499405,-104.3929621,8123.0,2158,2260,122,0,2138,2232,314305,21,1,0,20,28
2020-05-16,US,Colorado,Yuma,12,0,0,40.00346839,-102.4258673,8125.0,12,12,0,0,12,11,10020,0,0,0,0,1
2020-05-16,US,Connecticut,Fairfield,14140,1125,0,41.26809896,-73.3881171,9001.0,13015,14009,1109,0,12900,13836,943823,131,16,0,115,173
2020-05-16,US,Connecticut,Hartford,8299,1044,0,41.80283011,-72.73103891,9003.0,7255,8126,1025,0,7101,7935,892697,173,19,0,154,191
2020-05-16,US,Connecticut,Litchfield,1234,116,0,41.7937534,-73.2451475,9005.0,1118,1218,115,0,1103,1203,181111,16,1,0,15,15
2020-05-16,US,Connecticut,Middlesex,898,124,0,41.45949668,-72.53714864,9007.0,774,885,124,0,761,863,162682,13,0,0,13,22
2020-05-16,US,Connecticut,New Haven,10075,800,0,41.408032500000004,-72.93620426,9009.0,9275,9881,783,0,9098,9712,857620,194,17,0,177,169
2020-05-16,US,Connecticut,New London,860,65,0,41.48896435,-72.10430976,9011.0,795,844,63,0,781,821,266784,16,2,0,14,23
2020-05-16,US,Connecticut,Tolland,636,51,0,41.85853803,-72.3308481,9013.0,585,583,51,0,532,568,150921,53,0,0,53,15
2020-05-16,US,Connecticut,Unassigned,257,2,0,0.0,0.0,90009.0,255,238,3,0,235,235,,19,-1,0,20,3
2020-05-16,US,Connecticut,Windham,304,12,0,41.82972709,-71.98182316,9015.0,292,301,12,0,289,291,117027,3,0,0,3,10
2020-05-16,US,Delaware,Kent,1176,52,0,39.08646628,-75.56884914,10001.0,1124,1146,48,0,1098,1115,178550,30,4,0,26,31
2020-05-16,US,Delaware,New Castle,2667,121,0,39.57992638,-75.64054974,10003.0,2546,2619,114,0,2505,2560,559335,48,7,0,41,59
2020-05-16,US,Delaware,Sussex,3658,112,0,38.66143781,-75.39031349,10005.0,3546,3565,108,0,3457,3503,229286,93,4,0,89,62
2020-05-16,US,Delaware,Unassigned,46,1,0,0.0,0.0,90010.0,45,43,1,0,42,45,,3,0,0,3,-2
2020-05-16,US,District of Columbia,District of Columbia,7042,375,0,38.90417773,-77.01655992,11001.0,6667,6871,368,0,6503,6736,702455,171,7,0,164,135
2020-05-16,US,Florida,Alachua,329,7,0,29.67866525,-82.35928158,12001.0,322,330,6,0,324,330,269956,-1,1,0,-2,0
2020-05-16,US,Florida,Baker,26,3,0,30.33060121,-82.28467476,12003.0,23,26,3,0,23,26,28355,0,0,0,0,0
2020-05-16,US,Florida,Bay,83,3,0,30.26548745,-85.62122584,12005.0,80,80,3,0,77,78,185287,3,0,0,3,2
2020-05-16,US,Florida,Bradford,49,2,0,29.95079741,-82.16611613,12007.0,47,49,2,0,47,49,27732,0,0,0,0,0
2020-05-16,US,Florida,Brevard,359,10,0,28.29409504,-80.73091022,12009.0,349,356,9,0,347,348,596849,3,1,0,2,8
2020-05-16,US,Florida,Broward,6201,278,0,26.15184651,-80.48725556,12011.0,5923,6133,272,0,5861,6057,1951260,68,6,0,62,76
2020-05-16,US,Florida,Calhoun,38,1,0,30.40666734,-85.19394153,12013.0,37,38,1,0,37,33,14587,0,0,0,0,5
2020-05-16,US,Florida,Charlotte,370,41,0,26.90131002,-81.92949121,12015.0,329,367,40,0,327,357,184998,3,1,0,2,10
2020-05-16,US,Florida,Citrus,110,11,0,28.84804315,-82.47614748,12017.0,99,110,11,0,99,109,147929,0,0,0,0,1
2020-05-16,US,Florida,Clay,313,25,0,29.98319144,-81.85609986,12019.0,288,308,23,0,285,306,216072,5,2,0,3,2
2020-05-16,US,Florida,Collier,923,37,0,26.11091986,-81.34687065,12021.0,886,915,37,0,878,882,378488,8,0,0,8,33
2020-05-16,US,Florida,Columbia,108,2,0,30.22509788,-82.62160164,12023.0,106,108,2,0,106,107,70503,0,0,0,0,1
2020-05-16,US,Florida,DeSoto,61,6,0,27.18677893,-81.80941373,12027.0,55,61,6,0,55,58,37489,0,0,0,0,3
2020-05-16,US,Florida,Dixie,22,0,0,29.60631086,-83.15724673,12029.0,22,22,0,0,22,18,16700,0,0,0,0,4
2020-05-16,US,Florida,Duval,1259,34,0,30.33225875,-81.66976468,12031.0,1225,1252,32,0,1220,1215,950181,7,2,0,5,37
2020-05-16,US,Florida,Escambia,682,20,0,30.67652764,-87.37284571,12033.0,662,682,20,0,662,671,315534,0,0,0,0,11
2020-05-16,US,Florida,Flagler,156,4,0,29.45933576,-81.31508595,12035.0,152,153,4,0,149,148,112067,3,0,0,3,5
2020-05-16,US,Florida,Franklin,2,0,0,29.83791238,-84.82731662,12037.0,2,2,0,0,2,2,11736,0,0,0,0,0
2020-05-16,US,Florida,Gadsden,212,1,0,30.57796289,-84.61915825,12039.0,211,180,1,0,179,140,45894,32,0,0,32,40
2020-05-16,US,Florida,Gilchrist,7,0,0,29.72856978,-82.79880657,12041.0,7,7,0,0,7,7,18256,0,0,0,0,0
2020-05-16,US,Florida,Glades,9,1,0,26.95635849,-81.18996211,12043.0,8,10,1,0,9,9,13724,-1,0,0,-1,1
2020-05-16,US,Florida,Gulf,1,0,0,29.93543004,-85.24270990000002,12045.0,1,1,0,0,1,1,16164,0,0,0,0,0
2020-05-16,US,Florida,Hamilton,144,0,0,30.49673973,-82.94998918,12047.0,144,144,0,0,144,134,14310,0,0,0,0,10
2020-05-16,US,Florida,Hardee,39,0,0,27.49293939,-81.80956574,12049.0,39,39,0,0,39,39,27245,0,0,0,0,0
2020-05-16,US,Florida,Hendry,205,12,0,26.55386945,-81.16469006,12051.0,193,180,11,0,169,176,41556,25,1,0,24,4
2020-05-16,US,Florida,Hernando,108,5,0,28.55364461,-82.42700204,12053.0,103,105,5,0,100,104,190865,3,0,0,3,1
2020-05-16,US,Florida,Highlands,104,8,0,27.34254618,-81.34071957,12055.0,96,103,8,0,95,103,105424,1,0,0,1,0
2020-05-16,US,Florida,Hillsborough,1585,51,0,27.9276559,-82.32013172,12057.0,1534,1568,47,0,1521,1530,1436888,17,4,0,13,38
2020-05-16,US,Florida,Holmes,10,0,0,30.86747479,-85.81319222,12059.0,10,11,0,0,11,10,19477,-1,0,0,-1,1
2020-05-16,US,Florida,Indian River,104,9,0,27.69308961,-80.60556721,12061.0,95,104,9,0,95,103,157413,0,0,0,0,1
2020-05-16,US,Florida,Jackson,126,0,0,30.795459700000002,-85.21500423,12063.0,126,125,0,0,125,105,48305,1,0,0,1,20
2020-05-16,US,Florida,Jefferson,28,2,0,30.43669112,-83.89442308,12065.0,26,28,2,0,26,28,14288,0,0,0,0,0
2020-05-16,US,Florida,Lafayette,6,0,0,29.98484137,-83.18166636,12067.0,6,5,0,0,5,5,8732,1,0,0,1,0
2020-05-16,US,Florida,Lake,250,14,0,28.76202069,-81.7125123,12069.0,236,249,14,0,235,248,356495,1,0,0,1,1
2020-05-16,US,Florida,Lee,1401,79,0,26.58410348,-81.88399313,12071.0,1322,1385,74,0,1311,1350,754610,16,5,0,11,35
2020-05-16,US,Florida,Leon,276,6,0,30.45955727,-84.27491114,12073.0,270,276,6,0,270,275,292502,0,0,0,0,1
2020-05-16,US,Florida,Levy,24,0,0,29.31829741,-82.74007147,12075.0,24,24,0,0,24,22,40770,0,0,0,0,2
2020-05-16,US,Florida,Liberty,199,0,0,30.23766008,-84.8829258,12077.0,199,199,0,0,199,199,8457,0,0,0,0,0
2020-05-16,US,Florida,Madison,62,3,0,30.44396917,-83.47398594,12079.0,59,62,3,0,59,62,18529,0,0,0,0,0
2020-05-16,US,Florida,Manatee,834,81,0,27.47196942,-82.31831044,12081.0,753,826,79,0,747,813,394855,8,2,0,6,13
2020-05-16,US,Florida,Marion,220,5,0,29.21227113,-82.05803627,12083.0,215,218,5,0,213,217,359977,2,0,0,2,1
2020-05-16,US,Florida,Martin,296,6,0,27.0772071,-80.43109784,12085.0,290,294,6,0,288,281,160912,2,0,0,2,13
2020-05-16,US,Florida,Miami-Dade,15366,559,0,25.6112362,-80.55170587,12086.0,14807,15011,548,0,14463,14742,2761581,355,11,0,344,269
2020-05-16,US,Florida,Monroe,95,3,0,25.20904673,-81.07812416,12087.0,92,95,3,0,92,95,75027,0,0,0,0,0
2020-05-16,US,Florida,Nassau,65,1,0,30.61037141,-81.80297522,12089.0,64,65,1,0,64,63,85832,0,0,0,0,2
2020-05-16,US,Florida,Okaloosa,177,5,0,30.69143028,-86.59267105,12091.0,172,174,5,0,169,172,207269,3,0,0,3,2
2020-05-16,US,Florida,Okeechobee,34,0,0,27.386336199999995,-80.88944347,12093.0,34,33,0,0,33,32,41537,1,0,0,1,1
2020-05-16,US,Florida,Orange,1629,38,0,28.51367621,-81.31799498,12095.0,1591,1615,36,0,1579,1577,1380645,14,2,0,12,38
2020-05-16,US,Florida,Osceola,616,17,0,28.06312234,-81.14882926,12097.0,599,608,16,0,592,594,367990,8,1,0,7,14
2020-05-16,US,Florida,Palm Beach,4440,275,0,26.64676272,-80.46536002,12099.0,4165,4391,271,0,4120,4278,1485941,49,4,0,45,113
2020-05-16,US,Florida,Pasco,314,9,0,28.30810945,-82.40227529,12101.0,305,313,9,0,304,308,539630,1,0,0,1,5
2020-05-16,US,Florida,Pinellas,1008,67,0,27.93130349,-82.72239666,12103.0,941,997,66,0,931,962,975280,11,1,0,10,35
2020-05-16,US,Florida,Polk,722,41,0,27.95027105,-81.69732947,12105.0,681,716,40,0,676,698,708009,6,1,0,5,18
2020-05-16,US,Florida,Putnam,128,3,0,29.60779729,-81.74230285,12107.0,125,127,3,0,124,127,74163,1,0,0,1,0
2020-05-16,US,Florida,Santa Rosa,182,9,0,30.69341450000001,-87.02458128,12113.0,173,182,9,0,173,180,179349,0,0,0,0,2
2020-05-16,US,Florida,Sarasota,498,58,0,27.18546175,-82.33174248,12115.0,440,496,58,0,438,487,426718,2,0,0,2,9
2020-05-16,US,Florida,Seminole,431,12,0,28.7158582,-81.24060348,12117.0,419,429,11,0,418,426,467832,2,1,0,1,3
2020-05-16,US,Florida,St. Johns,231,5,0,29.90096506,-81.43589967,12109.0,226,231,5,0,226,231,254261,0,0,0,0,0
2020-05-16,US,Florida,St. Lucie,316,27,0,27.37763908,-80.47106649,12111.0,289,313,27,0,286,301,321128,3,0,0,3,12
2020-05-16,US,Florida,Sumter,251,16,0,28.70181754,-82.0794267,12119.0,235,250,16,0,234,246,128754,1,0,0,1,4
2020-05-16,US,Florida,Suwannee,153,18,0,30.19746066,-82.99099670000003,12121.0,135,151,18,0,133,151,44191,2,0,0,2,0
2020-05-16,US,Florida,Taylor,3,0,0,30.04848048,-83.60445406,12123.0,3,3,0,0,3,3,21623,0,0,0,0,0
2020-05-16,US,Florida,Unassigned,79,0,0,0.0,0.0,90012.0,79,78,0,0,78,76,,1,0,0,1,2
2020-05-16,US,Florida,Union,20,0,0,30.04412971,-82.37497443,12125.0,20,14,0,0,14,14,14940,6,0,0,6,0
2020-05-16,US,Florida,Volusia,591,30,0,29.05858895,-81.18263252,12127.0,561,590,30,0,560,576,547538,1,0,0,1,14
2020-05-16,US,Florida,Wakulla,31,1,0,30.16548905,-84.39895211,12129.0,30,31,1,0,30,31,32461,0,0,0,0,0
2020-05-16,US,Florida,Walton,77,2,0,30.64204028,-86.16935664,12131.0,75,76,2,0,74,73,71375,1,0,0,1,3
2020-05-16,US,Florida,Washington,13,1,0,30.61359259,-85.66002461,12133.0,12,14,0,0,14,12,24880,-1,1,0,-2,2
2020-05-16,US,Georgia,Appling,108,10,0,31.74847232,-82.28909114,13001.0,98,108,10,0,98,108,18507,0,0,0,0,0
2020-05-16,US,Georgia,Atkinson,20,2,0,31.29633502,-82.87545866,13003.0,18,20,2,0,18,20,8297,0,0,0,0,0
2020-05-16,US,Georgia,Bacon,59,2,0,31.55456473,-82.45936528,13005.0,57,59,2,0,57,51,11185,0,0,0,0,8
2020-05-16,US,Georgia,Baker,33,2,0,31.32669878,-84.44218806,13007.0,31,33,2,0,31,33,3092,0,0,0,0,0
2020-05-16,US,Georgia,Baldwin,284,12,0,33.06882326,-83.24701748,13009.0,272,282,12,0,270,280,44823,2,0,0,2,2
2020-05-16,US,Georgia,Banks,43,0,0,34.35607081,-83.49644388,13011.0,43,43,0,0,43,41,18988,0,0,0,0,2
2020-05-16,US,Georgia,Barrow,258,8,0,33.99148694,-83.71436292,13013.0,250,258,8,0,250,255,80809,0,0,0,0,3
2020-05-16,US,Georgia,Bartow,385,35,0,34.23732119,-84.83887523,13015.0,350,385,35,0,350,382,106408,0,0,0,0,3
2020-05-16,US,Georgia,Ben Hill,45,1,0,31.76095874,-83.22145359,13017.0,44,45,1,0,44,44,16787,0,0,0,0,1
2020-05-16,US,Georgia,Berrien,20,0,0,31.27590016,-83.22529920000002,13019.0,20,20,0,0,20,20,19252,0,0,0,0,0
2020-05-16,US,Georgia,Bibb,394,15,0,32.80904227,-83.70489165,13021.0,379,391,16,0,375,384,153095,3,-1,0,4,7
2020-05-16,US,Georgia,Bleckley,34,0,0,32.43829035,-83.33035166,13023.0,34,33,0,0,33,32,12838,1,0,0,1,1
2020-05-16,US,Georgia,Brantley,38,2,0,31.19576557,-81.97743999,13025.0,36,35,2,0,33,28,18897,3,0,0,3,7
2020-05-16,US,Georgia,Brooks,63,9,0,30.83922642,-83.58303423,13027.0,54,64,8,0,56,64,15513,-1,1,0,-2,0
2020-05-16,US,Georgia,Bryan,61,4,0,32.00979311,-81.44002948,13029.0,57,61,4,0,57,61,38109,0,0,0,0,0
2020-05-16,US,Georgia,Bulloch,45,2,0,32.39577406,-81.74811421,13031.0,43,45,2,0,43,45,77296,0,0,0,0,0
2020-05-16,US,Georgia,Burke,112,3,0,33.05917989,-81.99928721,13033.0,109,112,3,0,109,112,22423,0,0,0,0,0
2020-05-16,US,Georgia,Butts,197,17,0,33.283094500000004,-83.95435040000002,13035.0,180,196,17,0,179,196,24193,1,0,0,1,0
2020-05-16,US,Georgia,Calhoun,123,7,0,31.53169785,-84.62725131,13037.0,116,124,7,0,117,117,6352,-1,0,0,-1,7
2020-05-16,US,Georgia,Camden,47,1,0,30.92951916,-81.66601818,13039.0,46,46,1,0,45,46,53677,1,0,0,1,0
2020-05-16,US,Georgia,Candler,10,0,0,32.40209349,-82.07702563,13043.0,10,10,0,0,10,10,10836,0,0,0,0,0
2020-05-16,US,Georgia,Carroll,409,20,0,33.58138199,-85.07976677,13045.0,389,408,20,0,388,400,118121,1,0,0,1,8
2020-05-16,US,Georgia,Catoosa,72,0,0,34.89872298,-85.13757014,13047.0,72,71,0,0,71,70,67420,1,0,0,1,1
2020-05-16,US,Georgia,Charlton,26,1,0,30.78371028,-82.13951596,13049.0,25,26,1,0,25,20,12968,0,0,0,0,6
2020-05-16,US,Georgia,Chatham,356,14,0,32.00043026,-81.12489526,13051.0,342,353,14,0,339,344,289195,3,0,0,3,9
2020-05-16,US,Georgia,Chattahoochee,19,0,0,32.34341231,-84.78809239,13053.0,19,19,0,0,19,17,10684,0,0,0,0,2
2020-05-16,US,Georgia,Chattooga,15,2,0,34.47197698,-85.34535662,13055.0,13,15,2,0,13,16,24790,0,0,0,0,-1
2020-05-16,US,Georgia,Cherokee,700,24,0,34.24393976,-84.47431861,13057.0,676,695,23,0,672,676,254149,5,1,0,4,19
2020-05-16,US,Georgia,Clarke,195,13,0,33.95436462,-83.37124007,13059.0,182,197,13,0,184,192,127330,-2,0,0,-2,5
2020-05-16,US,Georgia,Clay,29,3,0,31.62221166,-84.97713865,13061.0,26,28,3,0,25,28,2887,1,0,0,1,0
2020-05-16,US,Georgia,Clayton,1002,38,0,33.54187245,-84.35594188,13063.0,964,999,38,0,961,983,289615,3,0,0,3,16
2020-05-16,US,Georgia,Clinch,41,1,0,30.91395822,-82.70432472,13065.0,40,40,1,0,39,36,6648,1,0,0,1,4
2020-05-16,US,Georgia,Cobb,2407,132,0,33.94243204,-84.5761255,13067.0,2275,2395,132,0,2263,2363,756865,12,0,0,12,32
2020-05-16,US,Georgia,Coffee,192,12,0,31.54892966,-82.85492059999999,13069.0,180,192,11,0,181,191,43093,0,1,0,-1,1
2020-05-16,US,Georgia,Colquitt,246,11,0,31.18810588,-83.7677946,13071.0,235,245,11,0,234,241,45592,1,0,0,1,4
2020-05-16,US,Georgia,Columbia,205,6,0,33.54534185,-82.263524,13073.0,199,202,6,0,196,197,154291,3,0,0,3,5
2020-05-16,US,Georgia,Cook,32,2,0,31.16068491,-83.42947229,13075.0,30,32,2,0,30,32,17162,0,0,0,0,0
2020-05-16,US,Georgia,Coweta,285,4,0,33.35334302,-84.76129976,13077.0,281,282,4,0,278,280,145864,3,0,0,3,2
2020-05-16,US,Georgia,Crawford,19,0,0,32.71391813,-83.98061238,13079.0,19,19,0,0,19,19,12318,0,0,0,0,0
2020-05-16,US,Georgia,Crisp,193,7,0,31.92289565,-83.76811843,13081.0,186,193,7,0,186,193,22601,0,0,0,0,0
2020-05-16,US,Georgia,Dade,20,1,0,34.854916700000004,-85.50490424,13083.0,19,20,1,0,19,17,16226,0,0,0,0,3
2020-05-16,US,Georgia,Dawson,84,1,0,34.44244079,-84.16964071,13085.0,83,84,1,0,83,84,25083,0,0,0,0,0
2020-05-16,US,Georgia,DeKalb,2800,81,0,33.76944049,-84.22396017,13089.0,2719,2751,80,0,2671,2664,756558,49,1,0,48,87
2020-05-16,US,Georgia,Decatur,116,3,0,30.87967778,-84.57619536,13087.0,113,116,3,0,113,115,26575,0,0,0,0,1
2020-05-16,US,Georgia,Dodge,39,2,0,32.17265114,-83.16948926,13091.0,37,38,2,0,36,38,20705,1,0,0,1,0
2020-05-16,US,Georgia,Dooly,157,12,0,32.15630737,-83.79746561,13093.0,145,155,12,0,143,152,13706,2,0,0,2,3
2020-05-16,US,Georgia,Dougherty,1662,134,0,31.53328528,-84.21722377,13095.0,1528,1662,134,0,1528,1643,91243,0,0,0,0,19
2020-05-16,US,Georgia,Douglas,438,15,0,33.70291126,-84.77026156,13097.0,423,433,15,0,418,429,145331,5,0,0,5,4
2020-05-16,US,Georgia,Early,233,28,0,31.32155345,-84.90255207,13099.0,205,233,28,0,205,238,10247,0,0,0,0,-5
2020-05-16,US,Georgia,Echols,15,0,0,30.71101099,-82.89687287,13101.0,15,15,0,0,15,12,4000,0,0,0,0,3
2020-05-16,US,Georgia,Effingham,42,1,0,32.36616021,-81.34280942,13103.0,41,38,1,0,37,38,62190,4,0,0,4,0
2020-05-16,US,Georgia,Elbert,46,0,0,34.11302332,-82.83936148,13105.0,46,46,0,0,46,46,19120,0,0,0,0,0
2020-05-16,US,Georgia,Emanuel,26,1,0,32.59221302,-82.30239915,13107.0,25,25,1,0,24,25,22612,1,0,0,1,0
2020-05-16,US,Georgia,Evans,4,0,0,32.15328841,-81.8870105,13109.0,4,4,0,0,4,4,10721,0,0,0,0,0
2020-05-16,US,Georgia,Fannin,36,1,0,34.86430205,-84.316964,13111.0,35,36,1,0,35,36,25964,0,0,0,0,0
2020-05-16,US,Georgia,Fayette,206,11,0,33.41357794,-84.49089434,13113.0,195,205,11,0,194,204,113459,1,0,0,1,1
2020-05-16,US,Georgia,Floyd,180,13,0,34.26268279,-85.21577392,13115.0,167,172,13,0,159,169,97927,8,0,0,8,3
2020-05-16,US,Georgia,Forsyth,398,11,0,34.22604035,-84.12315129999998,13117.0,387,397,11,0,386,395,236612,1,0,0,1,2
2020-05-16,US,Georgia,Franklin,31,1,0,34.37525597,-83.23159927,13119.0,30,31,1,0,30,30,23023,0,0,0,0,1
2020-05-16,US,Georgia,Fulton,3749,165,0,33.79216944,-84.46319413,13121.0,3584,3703,164,0,3539,3625,1050114,46,1,0,45,78
2020-05-16,US,Georgia,Gilmer,107,0,0,34.69316688,-84.45802506,13123.0,107,105,0,0,105,105,30816,2,0,0,2,0
2020-05-16,US,Georgia,Glascock,1,0,0,33.22879932,-82.61297636,13125.0,1,1,0,0,1,1,2995,0,0,0,0,0
2020-05-16,US,Georgia,Glynn,76,1,0,31.23279254,-81.53811412,13127.0,75,77,1,0,76,74,85219,-1,0,0,-1,3
2020-05-16,US,Georgia,Gordon,127,15,0,34.50487351,-84.87296253,13129.0,112,125,15,0,110,124,57685,2,0,0,2,1
2020-05-16,US,Georgia,Grady,90,4,0,30.87454847,-84.23418364,13131.0,86,90,4,0,86,88,24748,0,0,0,0,2
2020-05-16,US,Georgia,Greene,57,6,0,33.5769205,-83.17139104,13133.0,51,57,6,0,51,57,17698,0,0,0,0,0
2020-05-16,US,Georgia,Gwinnett,2597,102,0,33.96044201,-84.02137802,13135.0,2495,2597,101,0,2496,2552,927781,0,1,0,-1,45
2020-05-16,US,Georgia,Habersham,414,16,0,34.63331566,-83.53094677,13137.0,398,411,16,0,395,400,45388,3,0,0,3,11
2020-05-16,US,Georgia,Hall,2146,40,0,34.32207823,-83.81896936,13139.0,2106,2140,40,0,2100,2125,202148,6,0,0,6,15
2020-05-16,US,Georgia,Hancock,149,4,0,33.2721566,-82.99766919,13141.0,145,149,4,0,145,142,8348,0,0,0,0,7
2020-05-16,US,Georgia,Haralson,34,2,0,33.79602175,-85.21005667,13143.0,32,34,2,0,32,34,29533,0,0,0,0,0
2020-05-16,US,Georgia,Harris,75,3,0,32.73709786,-84.90538572,13145.0,72,75,3,0,72,74,34475,0,0,0,0,1
2020-05-16,US,Georgia,Hart,19,0,0,34.34626973,-82.96567682,13147.0,19,19,0,0,19,19,26099,0,0,0,0,0
2020-05-16,US,Georgia,Heard,17,1,0,33.29686567,-85.12886832,13149.0,16,17,1,0,16,17,11879,0,0,0,0,0
2020-05-16,US,Georgia,Henry,630,18,0,33.4533428,-84.14814659999998,13151.0,612,628,18,0,610,621,230220,2,0,0,2,7
2020-05-16,US,Georgia,Houston,313,16,0,32.45802497,-83.66879087,13153.0,297,314,16,0,298,306,155469,-1,0,0,-1,8
2020-05-16,US,Georgia,Irwin,22,1,0,31.60213036,-83.27501387,13155.0,21,22,1,0,21,22,9398,0,0,0,0,0
2020-05-16,US,Georgia,Jackson,127,3,0,34.13794553,-83.56814788,13157.0,124,127,3,0,124,126,70422,0,0,0,0,1
2020-05-16,US,Georgia,Jasper,26,0,0,33.31535543,-83.68844964,13159.0,26,26,0,0,26,26,14040,0,0,0,0,0
2020-05-16,US,Georgia,Jeff Davis,24,1,0,31.80405727,-82.63724870000001,13161.0,23,24,1,0,23,24,15029,0,0,0,0,0
2020-05-16,US,Georgia,Jefferson,22,1,0,33.05867328,-82.41609057,13163.0,21,22,1,0,21,22,15430,0,0,0,0,0
2020-05-16,US,Georgia,Jenkins,16,1,0,32.79248718,-81.96040187,13165.0,15,16,1,0,15,16,8683,0,0,0,0,0
2020-05-16,US,Georgia,Johnson,71,2,0,32.70211082,-82.66166794,13167.0,69,71,2,0,69,70,9708,0,0,0,0,1
2020-05-16,US,Georgia,Jones,30,0,0,33.02512137,-83.56019163,13169.0,30,30,0,0,30,30,28616,0,0,0,0,0
2020-05-16,US,Georgia,Lamar,41,1,0,33.07841647,-84.14263877,13171.0,40,41,1,0,40,41,19000,0,0,0,0,0
2020-05-16,US,Georgia,Lanier,12,2,0,31.03828570000001,-83.06472457,13173.0,10,12,2,0,10,11,10340,0,0,0,0,1
2020-05-16,US,Georgia,Laurens,94,1,0,32.46325233,-82.92221316,13175.0,93,87,1,0,86,86,47325,7,0,0,7,1
2020-05-16,US,Georgia,Lee,344,23,0,31.779330600000005,-84.14324253,13177.0,321,344,23,0,321,343,29764,0,0,0,0,1
2020-05-16,US,Georgia,Liberty,46,0,0,31.82588896,-81.49251135,13179.0,46,45,0,0,45,45,61497,1,0,0,1,0
2020-05-16,US,Georgia,Lincoln,12,0,0,33.79201475,-82.45024131,13181.0,12,12,0,0,12,12,7915,0,0,0,0,0
2020-05-16,US,Georgia,Long,6,0,0,31.75218791,-81.74952375,13183.0,6,6,0,0,6,5,18998,0,0,0,0,1
2020-05-16,US,Georgia,Lowndes,202,4,0,30.83568832,-83.27056716,13185.0,198,202,4,0,198,201,116321,0,0,0,0,1
2020-05-16,US,Georgia,Lumpkin,82,1,0,34.57286511,-84.00425681,13187.0,81,82,1,0,81,82,32955,0,0,0,0,0
2020-05-16,US,Georgia,Macon,90,5,0,32.35207048,-84.04234127,13193.0,85,90,5,0,85,89,13143,0,0,0,0,1
2020-05-16,US,Georgia,Madison,29,1,0,34.12920917,-83.21218732,13195.0,28,29,1,0,28,29,29650,0,0,0,0,0
2020-05-16,US,Georgia,Marion,39,1,0,32.3483402,-84.52733571,13197.0,38,39,1,0,38,38,8351,0,0,0,0,1
2020-05-16,US,Georgia,McDuffie,55,4,0,33.47851918,-82.48252774,13189.0,51,53,4,0,49,53,21531,2,0,0,2,0
2020-05-16,US,Georgia,McIntosh,10,0,0,31.49683595,-81.40163426,13191.0,10,9,0,0,9,9,14340,1,0,0,1,0
2020-05-16,US,Georgia,Meriwether,72,1,0,33.04163534,-84.68859732,13199.0,71,73,1,0,72,72,21068,-1,0,0,-1,1
2020-05-16,US,Georgia,Miller,38,0,0,31.16568912,-84.73151117,13201.0,38,38,0,0,38,36,5686,0,0,0,0,2
2020-05-16,US,Georgia,Mitchell,388,32,0,31.22483255,-84.19381821,13205.0,356,388,32,0,356,387,22192,0,0,0,0,1
2020-05-16,US,Georgia,Monroe,95,5,0,33.014289,-83.92097166,13207.0,90,47,4,0,43,45,27520,48,1,0,47,2
2020-05-16,US,Georgia,Montgomery,8,0,0,32.17201038,-82.53527476,13209.0,8,8,0,0,8,5,9193,0,0,0,0,3
2020-05-16,US,Georgia,Morgan,33,0,0,33.59232073,-83.49129491,13211.0,33,33,0,0,33,33,18853,0,0,0,0,0
2020-05-16,US,Georgia,Murray,60,1,0,34.78897608,-84.74993177,13213.0,59,59,1,0,58,55,39921,1,0,0,1,4
2020-05-16,US,Georgia,Muscogee,424,15,0,32.50931999,-84.87142262,13215.0,409,424,15,0,409,411,194160,0,0,0,0,13
2020-05-16,US,Georgia,Newton,261,10,0,33.55514538,-83.84547140000002,13217.0,251,262,9,0,253,263,109541,-1,1,0,-2,-1
2020-05-16,US,Georgia,Oconee,80,2,0,33.83749973,-83.43679568,13219.0,78,80,2,0,78,80,39272,0,0,0,0,0
2020-05-16,US,Georgia,Oglethorpe,55,4,0,33.878629600000004,-83.08278123,13221.0,51,55,4,0,51,55,15054,0,0,0,0,0
2020-05-16,US,Georgia,Out of GA,1557,25,0,0.0,0.0,80013.0,1532,1530,25,0,1505,1555,,27,0,0,27,-25
2020-05-16,US,Georgia,Paulding,242,10,0,33.91969522,-84.86848792,13223.0,232,240,10,0,230,236,164044,2,0,0,2,4
2020-05-16,US,Georgia,Peach,70,2,0,32.56934316,-83.82937,13225.0,68,71,2,0,69,69,27297,-1,0,0,-1,2
2020-05-16,US,Georgia,Pickens,35,3,0,34.46589159,-84.46406611,13227.0,32,35,3,0,32,35,31980,0,0,0,0,0
2020-05-16,US,Georgia,Pierce,70,4,0,31.35928155,-82.21598442,13229.0,66,69,4,0,65,69,19389,1,0,0,1,0
2020-05-16,US,Georgia,Pike,44,2,0,33.09310242,-84.38790389,13231.0,42,44,2,0,42,44,18634,0,0,0,0,0
2020-05-16,US,Georgia,Polk,79,0,0,34.00267074,-85.18677781,13233.0,79,78,0,0,78,71,42470,1,0,0,1,7
2020-05-16,US,Georgia,Pulaski,36,1,0,32.23334561,-83.47549959999998,13235.0,35,36,1,0,35,38,11069,0,0,0,0,-2
2020-05-16,US,Georgia,Putnam,77,7,0,33.32056115,-83.37552891,13237.0,70,62,7,0,55,60,21809,15,0,0,15,2
2020-05-16,US,Georgia,Quitman,8,1,0,31.86728114,-85.01773177,13239.0,7,8,1,0,7,7,2279,0,0,0,0,1
2020-05-16,US,Georgia,Rabun,14,1,0,34.88389445,-83.40304637,13241.0,13,14,1,0,13,14,16867,0,0,0,0,0
2020-05-16,US,Georgia,Randolph,169,21,0,31.76622818,-84.75732369,13243.0,148,169,21,0,148,169,6833,0,0,0,0,0
2020-05-16,US,Georgia,Richmond,490,17,0,33.35777107,-82.07026432,13245.0,473,490,17,0,473,480,201554,0,0,0,0,10
2020-05-16,US,Georgia,Rockdale,249,7,0,33.65145002,-84.02202167,13247.0,242,249,7,0,242,249,90594,0,0,0,0,0
2020-05-16,US,Georgia,Schley,16,1,0,32.2654021,-84.31258912,13249.0,15,15,1,0,14,15,5236,1,0,0,1,0
2020-05-16,US,Georgia,Screven,19,1,0,32.74976524,-81.60779441,13251.0,18,18,1,0,17,18,13938,1,0,0,1,0
2020-05-16,US,Georgia,Seminole,40,2,0,30.93464824,-84.86823924,13253.0,38,40,2,0,38,38,8315,0,0,0,0,2
2020-05-16,US,Georgia,Spalding,239,15,0,33.26310031,-84.28013991,13255.0,224,239,15,0,224,239,66100,0,0,0,0,0
2020-05-16,US,Georgia,Stephens,98,2,0,34.55151201,-83.29405315,13257.0,96,97,1,0,96,94,26035,1,1,0,0,3
2020-05-16,US,Georgia,Stewart,37,0,0,32.07996777,-84.83208037,13259.0,37,37,0,0,37,37,6199,0,0,0,0,0
2020-05-16,US,Georgia,Sumter,415,39,0,32.03650571,-84.19821492,13261.0,376,413,38,0,375,412,29733,2,1,0,1,1
2020-05-16,US,Georgia,Talbot,28,1,0,32.69642758,-84.53351366,13263.0,27,28,1,0,27,27,6272,0,0,0,0,1
2020-05-16,US,Georgia,Taliaferro,1,0,0,33.56543317,-82.88136816,13265.0,1,1,0,0,1,1,1608,0,0,0,0,0
2020-05-16,US,Georgia,Tattnall,11,0,0,32.04785085,-82.05539188,13267.0,11,11,0,0,11,11,25391,0,0,0,0,0
2020-05-16,US,Georgia,Taylor,22,2,0,32.55792548,-84.25077141,13269.0,20,22,2,0,20,22,8039,0,0,0,0,0
2020-05-16,US,Georgia,Telfair,29,1,0,31.92829517,-82.93491155,13271.0,28,29,1,0,28,29,15876,0,0,0,0,0
2020-05-16,US,Georgia,Terrell,199,24,0,31.77527543,-84.44069698,13273.0,175,199,24,0,175,199,8611,0,0,0,0,0
2020-05-16,US,Georgia,Thomas,283,29,0,30.86392347,-83.91847289,13275.0,254,281,29,0,252,276,44448,2,0,0,2,5
2020-05-16,US,Georgia,Tift,176,11,0,31.45743864,-83.5236119,13277.0,165,175,11,0,164,170,40571,1,0,0,1,5
2020-05-16,US,Georgia,Toombs,44,4,0,32.12059861,-82.32957247,13279.0,40,43,4,0,39,43,26887,1,0,0,1,0
2020-05-16,US,Georgia,Towns,21,1,0,34.91369188,-83.74107459999998,13281.0,20,21,1,0,20,21,11852,0,0,0,0,0
2020-05-16,US,Georgia,Treutlen,8,0,0,32.40422134,-82.56904553,13283.0,8,7,0,0,7,7,6809,1,0,0,1,0
2020-05-16,US,Georgia,Troup,199,6,0,33.03349196,-85.02812115,13285.0,193,195,6,0,189,192,70034,4,0,0,4,3
2020-05-16,US,Georgia,Turner,81,12,0,31.71612656,-83.62069378,13287.0,69,81,12,0,69,81,7912,0,0,0,0,0
2020-05-16,US,Georgia,Twiggs,9,0,0,32.67435595,-83.43078662,13289.0,9,9,0,0,9,9,8188,0,0,0,0,0
2020-05-16,US,Georgia,Unassigned,1787,0,0,0.0,0.0,90013.0,1787,1644,0,0,1644,1363,,143,0,0,143,281
2020-05-16,US,Georgia,Union,36,1,0,34.82995757,-83.98967069,13291.0,35,36,1,0,35,36,24001,0,0,0,0,0
2020-05-16,US,Georgia,Upson,258,29,0,32.87920671,-84.30024826,13293.0,229,257,28,0,229,255,26215,1,1,0,0,2
2020-05-16,US,Georgia,Walker,74,0,0,34.73376362,-85.30165174,13295.0,74,74,0,0,74,74,69410,0,0,0,0,0
2020-05-16,US,Georgia,Walton,158,8,0,33.78017694,-83.73552314,13297.0,150,158,8,0,150,158,93503,0,0,0,0,0
2020-05-16,US,Georgia,Ware,171,12,0,31.05449097,-82.42224148,13299.0,159,170,12,0,158,169,35680,1,0,0,1,1
2020-05-16,US,Georgia,Warren,16,0,0,33.41146451,-82.67795848,13301.0,16,16,0,0,16,16,5251,0,0,0,0,0
2020-05-16,US,Georgia,Washington,63,1,0,32.96711864,-82.79357039,13303.0,62,63,1,0,62,63,20386,0,0,0,0,0
2020-05-16,US,Georgia,Wayne,14,0,0,31.5521809,-81.91894878,13305.0,14,14,0,0,14,14,29808,0,0,0,0,0
2020-05-16,US,Georgia,Webster,11,1,0,32.04066113,-84.54742852,13307.0,10,11,1,0,10,11,2611,0,0,0,0,0
2020-05-16,US,Georgia,Wheeler,7,0,0,32.12009104,-82.72574721,13309.0,7,7,0,0,7,9,7879,0,0,0,0,-2
2020-05-16,US,Georgia,White,89,2,0,34.64624278,-83.74905525,13311.0,87,89,2,0,87,88,29970,0,0,0,0,1
2020-05-16,US,Georgia,Whitfield,180,6,0,34.80987459,-84.96093476,13313.0,174,177,6,0,171,175,104062,3,0,0,3,2
2020-05-16,US,Georgia,Wilcox,95,12,0,31.97496928,-83.43438555,13315.0,83,95,12,0,83,98,8812,0,0,0,0,-3
2020-05-16,US,Georgia,Wilkes,28,1,0,33.78290391,-82.74286107,13317.0,27,28,1,0,27,28,9876,0,0,0,0,0
2020-05-16,US,Georgia,Wilkinson,45,3,0,32.80291082,-83.17140684,13319.0,42,42,3,0,39,40,9036,3,0,0,3,2
2020-05-16,US,Georgia,Worth,195,17,0,31.55162306,-83.85090513,13321.0,178,195,17,0,178,191,20299,0,0,0,0,4
2020-05-16,US,Hawaii,Hawaii,76,0,0,19.60121157,-155.5210167,15001.0,76,76,0,0,76,75,200983,0,0,0,0,1
2020-05-16,US,Hawaii,Honolulu,415,11,0,21.45803166,-157.97121819999995,15003.0,404,414,11,0,403,414,980080,1,0,0,1,0
2020-05-16,US,Hawaii,Kauai,21,0,0,22.03935037,-159.5966786,15007.0,21,21,0,0,21,21,72133,0,0,0,0,0
2020-05-16,US,Hawaii,Maui,117,6,0,20.86399628,-156.56890969999995,15009.0,111,117,6,0,111,117,167207,0,0,0,0,0
2020-05-16,US,Hawaii,Out of HI,10,0,0,0.0,0.0,80015.0,10,10,0,0,10,10,,0,0,0,0,0
2020-05-16,US,Idaho,Ada,773,22,0,43.4526575,-116.24155159999998,16001.0,751,759,22,0,737,759,469966,14,0,0,14,0
2020-05-16,US,Idaho,Adams,3,0,0,44.89333571,-116.4545247,16003.0,3,3,0,0,3,3,4250,0,0,0,0,0
2020-05-16,US,Idaho,Bannock,14,0,0,42.67002716,-112.2233311,16005.0,14,13,0,0,13,13,87138,1,0,0,1,0
2020-05-16,US,Idaho,Bingham,6,0,0,43.21672879999999,-112.3978437,16011.0,6,6,0,0,6,6,46236,0,0,0,0,0
2020-05-16,US,Idaho,Blaine,508,5,0,43.4085812,-113.9752658,16013.0,503,507,5,0,502,507,22601,1,0,0,1,0
2020-05-16,US,Idaho,Bonner,4,0,0,48.29996017,-116.6017932,16017.0,4,4,0,0,4,4,44727,0,0,0,0,0
2020-05-16,US,Idaho,Bonneville,33,0,0,43.38713372,-111.6161537,16019.0,33,30,0,0,30,30,116854,3,0,0,3,0
2020-05-16,US,Idaho,Camas,1,0,0,43.46665742,-114.8065892,16025.0,1,1,0,0,1,1,1127,0,0,0,0,0
2020-05-16,US,Idaho,Canyon,277,6,0,43.61970148,-116.70954990000001,16027.0,271,276,6,0,270,276,223499,1,0,0,1,0
2020-05-16,US,Idaho,Caribou,1,0,0,42.77149116,-111.5597683,16029.0,1,1,0,0,1,1,7060,0,0,0,0,0
2020-05-16,US,Idaho,Cassia,18,1,0,42.28347888,-113.6012409,16031.0,17,16,1,0,15,16,23864,2,0,0,2,0
2020-05-16,US,Idaho,Custer,2,0,0,44.24186819,-114.2855494,16037.0,2,2,0,0,2,2,4280,0,0,0,0,0
2020-05-16,US,Idaho,Elmore,31,2,0,43.3507101,-115.4701578,16039.0,29,31,2,0,29,31,27259,0,0,0,0,0
2020-05-16,US,Idaho,Fremont,3,0,0,44.22800938,-111.48099429999999,16043.0,3,3,0,0,3,3,13168,0,0,0,0,0
2020-05-16,US,Idaho,Gem,16,0,0,44.06482372,-116.398376,16045.0,16,16,0,0,16,16,17634,0,0,0,0,0
2020-05-16,US,Idaho,Gooding,25,0,0,42.96927962,-114.81083059999999,16047.0,25,22,0,0,22,22,15196,3,0,0,3,0
2020-05-16,US,Idaho,Idaho,3,0,0,45.84721541,-115.4634436,16049.0,3,3,0,0,3,3,16513,0,0,0,0,0
2020-05-16,US,Idaho,Jefferson,7,0,0,43.82078483,-112.3131749,16051.0,7,5,0,0,5,5,29439,2,0,0,2,0
2020-05-16,US,Idaho,Jerome,95,2,0,42.68891267,-114.2655033,16053.0,93,87,2,0,85,87,24015,8,0,0,8,0
2020-05-16,US,Idaho,Kootenai,65,0,0,47.67282258,-116.7020872,16055.0,65,64,0,0,64,64,161505,1,0,0,1,0
2020-05-16,US,Idaho,Latah,6,0,0,46.81587887,-116.71136979999999,16057.0,6,6,0,0,6,6,40134,0,0,0,0,0
2020-05-16,US,Idaho,Lemhi,1,0,0,44.9438088,-113.9309747,16059.0,1,1,0,0,1,1,7961,0,0,0,0,0
2020-05-16,US,Idaho,Lincoln,29,0,0,43.0012336,-114.1358773,16063.0,29,29,0,0,29,29,5360,0,0,0,0,0
2020-05-16,US,Idaho,Madison,19,0,0,43.78141028,-111.65384740000002,16065.0,19,18,0,0,18,18,39304,1,0,0,1,0
2020-05-16,US,Idaho,Minidoka,15,0,0,42.85518524,-113.6357257,16067.0,15,15,0,0,15,15,20825,0,0,0,0,0
2020-05-16,US,Idaho,Nez Perce,79,19,0,46.32638236,-116.75009750000001,16069.0,60,79,19,0,60,79,40408,0,0,0,0,0
2020-05-16,US,Idaho,Owyhee,8,0,0,42.58016894,-116.16938710000001,16073.0,8,8,0,0,8,8,11693,0,0,0,0,0
2020-05-16,US,Idaho,Payette,20,2,0,44.00545243,-116.7647695,16075.0,18,19,2,0,17,19,23551,1,0,0,1,0
2020-05-16,US,Idaho,Power,3,0,0,42.69254894,-112.83957420000002,16077.0,3,3,0,0,3,3,7768,0,0,0,0,0
2020-05-16,US,Idaho,Teton,11,0,0,43.75303583,-111.2056773,16081.0,11,11,0,0,11,11,11640,0,0,0,0,0
2020-05-16,US,Idaho,Twin Falls,318,14,0,42.35440512,-114.6685381,16083.0,304,298,13,0,285,298,86081,20,1,0,19,0
2020-05-16,US,Idaho,Valley,2,0,0,44.76728382,-115.5676773,16085.0,2,2,0,0,2,2,11041,0,0,0,0,0
2020-05-16,US,Idaho,Washington,23,0,0,44.45275475,-116.78476880000001,16087.0,23,13,0,0,13,13,10161,10,0,0,10,0
2020-05-16,US,Illinois,Adams,42,1,0,39.98815591,-91.18786813,17001.0,41,42,1,0,41,41,65691,0,0,0,0,1
2020-05-16,US,Illinois,Alexander,8,0,0,37.18049267,-89.32910838,17003.0,8,8,0,0,8,8,6060,0,0,0,0,0
2020-05-16,US,Illinois,Bond,11,1,0,38.88829622,-89.43534887,17005.0,10,11,1,0,10,10,16630,0,0,0,0,1
2020-05-16,US,Illinois,Boone,282,14,0,42.32359279,-88.82345779,17007.0,268,274,14,0,260,268,53577,8,0,0,8,6
2020-05-16,US,Illinois,Brown,10,0,0,39.96209138,-90.75068024,17009.0,10,9,0,0,9,9,6556,1,0,0,1,0
2020-05-16,US,Illinois,Bureau,15,1,0,41.40385234,-89.5283051,17011.0,14,15,1,0,14,15,32993,0,0,0,0,0
2020-05-16,US,Illinois,Calhoun,1,0,0,39.16840183,-90.66330078,17013.0,1,1,0,0,1,1,4802,0,0,0,0,0
2020-05-16,US,Illinois,Carroll,13,2,0,42.06823429,-89.93395545,17015.0,11,12,2,0,10,12,14312,1,0,0,1,0
2020-05-16,US,Illinois,Cass,63,0,0,39.96991073,-90.24734436,17017.0,63,67,0,0,67,66,12260,-4,0,0,-4,1
2020-05-16,US,Illinois,Champaign,366,7,0,40.13919438,-88.20046615,17019.0,359,344,7,0,337,324,209983,22,0,0,22,20
2020-05-16,US,Illinois,Christian,30,4,0,39.54581621,-89.27780482,17021.0,26,30,4,0,26,30,32661,0,0,0,0,0
2020-05-16,US,Illinois,Clark,9,0,0,39.33425789,-87.78705622,17023.0,9,9,0,0,9,9,15596,0,0,0,0,0
2020-05-16,US,Illinois,Clay,2,0,0,38.75388572,-88.48914513,17025.0,2,2,0,0,2,2,13253,0,0,0,0,0
2020-05-16,US,Illinois,Clinton,162,14,0,38.60704876,-89.42385254,17027.0,148,159,13,0,146,155,37639,3,1,0,2,4
2020-05-16,US,Illinois,Coles,73,4,0,39.51949084,-88.22358557,17029.0,69,67,4,0,63,62,50885,6,0,0,6,5
2020-05-16,US,Illinois,Cook,61212,2814,0,41.84144849,-87.81658794,17031.0,58398,59905,2762,0,57143,58457,5180493,1307,52,0,1255,1448
2020-05-16,US,Illinois,Crawford,11,0,0,39.0032229,-87.75954624,17033.0,11,11,0,0,11,11,18807,0,0,0,0,0
2020-05-16,US,Illinois,Cumberland,8,0,0,39.27432424,-88.2401158,17035.0,8,8,0,0,8,8,10808,0,0,0,0,0
2020-05-16,US,Illinois,De Witt,4,0,0,40.17514519,-88.90959682,17039.0,4,4,0,0,4,4,15769,0,0,0,0,0
2020-05-16,US,Illinois,DeKalb,239,2,0,41.89373302,-88.76958483,17037.0,237,229,2,0,227,217,104143,10,0,0,10,12
2020-05-16,US,Illinois,Douglas,23,0,0,39.76768052,-88.21854195,17041.0,23,22,0,0,22,22,19479,1,0,0,1,0
2020-05-16,US,Illinois,DuPage,5780,293,0,41.85116968,-88.08642662,17043.0,5487,5634,287,0,5347,5453,928589,146,6,0,140,181
2020-05-16,US,Illinois,Edwards,2,0,0,38.41353228,-88.05720863,17047.0,2,2,0,0,2,2,6392,0,0,0,0,0
2020-05-16,US,Illinois,Effingham,6,1,0,39.05935711,-88.58969584,17049.0,5,6,1,0,5,6,34208,0,0,0,0,0
2020-05-16,US,Illinois,Fayette,19,2,0,39.00072038,-89.02452658,17051.0,17,19,2,0,17,17,21416,0,0,0,0,2
2020-05-16,US,Illinois,Ford,17,1,0,40.59706922,-88.22350769,17053.0,16,16,1,0,15,15,13264,1,0,0,1,1
2020-05-16,US,Illinois,Franklin,11,0,0,37.99189086,-88.92567818,17055.0,11,11,0,0,11,11,38701,0,0,0,0,0
2020-05-16,US,Illinois,Fulton,7,0,0,40.47289135,-90.20862357,17057.0,7,6,0,0,6,6,34844,1,0,0,1,0
2020-05-16,US,Illinois,Gallatin,2,0,0,37.76430935,-88.22953869,17059.0,2,2,0,0,2,2,5058,0,0,0,0,0
2020-05-16,US,Illinois,Greene,4,0,0,39.35907414,-90.388865,17061.0,4,4,0,0,4,4,13044,0,0,0,0,0
2020-05-16,US,Illinois,Grundy,73,1,0,41.28569601,-88.41905692,17063.0,72,73,1,0,72,65,50972,0,0,0,0,8
2020-05-16,US,Illinois,Hamilton,2,0,0,38.08163641,-88.53883373,17065.0,2,2,0,0,2,2,8163,0,0,0,0,0
2020-05-16,US,Illinois,Hancock,12,0,0,40.40423981,-91.16313899,17067.0,12,12,0,0,12,12,17844,0,0,0,0,0
2020-05-16,US,Illinois,Hardin,1,0,0,37.51810645,-88.26873022,17069.0,1,1,0,0,1,1,3910,0,0,0,0,0
2020-05-16,US,Illinois,Henderson,8,0,0,40.81908672,-90.92491462,17071.0,8,7,0,0,7,7,6709,1,0,0,1,0
2020-05-16,US,Illinois,Henry,64,0,0,41.3533994,-90.13296166,17073.0,64,64,0,0,64,62,49090,0,0,0,0,2
2020-05-16,US,Illinois,Iroquois,114,3,0,40.74717633,-87.82466784,17075.0,111,111,3,0,108,107,27604,3,0,0,3,4
2020-05-16,US,Illinois,Jackson,181,10,0,37.78595185,-89.38232563,17077.0,171,177,10,0,167,175,57419,4,0,0,4,2
2020-05-16,US,Illinois,Jasper,46,8,0,39.01054275,-88.15437049,17079.0,38,45,7,0,38,45,9611,1,1,0,0,0
2020-05-16,US,Illinois,Jefferson,98,17,0,38.29980057,-88.9240025,17081.0,81,98,17,0,81,98,37820,0,0,0,0,0
2020-05-16,US,Illinois,Jersey,18,1,0,39.08869046,-90.35393073,17083.0,17,18,1,0,17,18,21847,0,0,0,0,0
2020-05-16,US,Illinois,Jo Daviess,18,0,0,42.36542373,-90.21094405,17085.0,18,18,0,0,18,18,21366,0,0,0,0,0
2020-05-16,US,Illinois,Johnson,7,0,0,37.45939802,-88.88165419,17087.0,7,7,0,0,7,6,12456,0,0,0,0,1
2020-05-16,US,Illinois,Kane,4263,109,0,41.93842729,-88.42861412,17089.0,4154,4159,107,0,4052,3995,534216,104,2,0,102,164
2020-05-16,US,Illinois,Kankakee,657,31,0,41.13746989,-87.86205334,17091.0,626,647,31,0,616,623,110024,10,0,0,10,24
2020-05-16,US,Illinois,Kendall,543,17,0,41.59081014,-88.42869583,17093.0,526,531,17,0,514,518,127915,12,0,0,12,13
2020-05-16,US,Illinois,Knox,86,0,0,40.93148779,-90.21330340000002,17095.0,86,84,0,0,84,79,50112,2,0,0,2,5
2020-05-16,US,Illinois,LaSalle,121,8,0,41.34426129999999,-88.88633881,17099.0,113,117,7,0,110,113,109430,4,1,0,3,4
2020-05-16,US,Illinois,Lake,6382,209,0,42.3224907,-88.00367925,17097.0,6173,6157,207,0,5950,5992,700832,225,2,0,223,165
2020-05-16,US,Illinois,Lawrence,4,0,0,38.71987914,-87.72884035,17101.0,4,4,0,0,4,4,15765,0,0,0,0,0
2020-05-16,US,Illinois,Lee,74,1,0,41.74583951,-89.29977132,17103.0,73,73,1,0,72,70,34223,1,0,0,1,3
2020-05-16,US,Illinois,Livingston,25,1,0,40.89188292,-88.55784752,17105.0,24,25,1,0,24,25,35761,0,0,0,0,0
2020-05-16,US,Illinois,Logan,10,0,0,40.12581572,-89.36638784,17107.0,10,10,0,0,10,10,28925,0,0,0,0,0
2020-05-16,US,Illinois,Macon,163,17,0,39.86064913,-88.96342505,17115.0,146,159,17,0,142,154,104712,4,0,0,4,5
2020-05-16,US,Illinois,Macoupin,41,1,0,39.26119767,-89.92424028,17117.0,40,41,1,0,40,41,45313,0,0,0,0,0
2020-05-16,US,Illinois,Madison,481,39,0,38.83042506,-89.90422563,17119.0,442,464,38,0,426,461,264461,17,1,0,16,3
2020-05-16,US,Illinois,Marion,48,0,0,38.64963204,-88.91899208,17121.0,48,47,0,0,47,47,37620,1,0,0,1,0
2020-05-16,US,Illinois,Marshall,5,0,0,41.0327901,-89.34510444,17123.0,5,5,0,0,5,4,11534,0,0,0,0,1
2020-05-16,US,Illinois,Mason,16,0,0,40.23917274,-89.91824452,17125.0,16,16,0,0,16,16,13565,0,0,0,0,0
2020-05-16,US,Illinois,Massac,6,0,0,37.22078441,-88.71036614,17127.0,6,6,0,0,6,6,14080,0,0,0,0,0
2020-05-16,US,Illinois,McDonough,61,2,0,40.45674722,-90.67775541,17109.0,59,58,2,0,56,58,29955,3,0,0,3,0
2020-05-16,US,Illinois,McHenry,1156,62,0,42.32451172,-88.45248227,17111.0,1094,1123,62,0,1061,1083,308570,33,0,0,33,40
2020-05-16,US,Illinois,McLean,158,4,0,40.48996987,-88.84621113,17113.0,154,132,4,0,128,130,172828,26,0,0,26,2
2020-05-16,US,Illinois,Menard,18,0,0,40.02742725,-89.80246001,17129.0,18,17,0,0,17,17,12288,1,0,0,1,0
2020-05-16,US,Illinois,Mercer,15,0,0,41.20596782,-90.74290052,17131.0,15,14,0,0,14,13,15601,1,0,0,1,1
2020-05-16,US,Illinois,Monroe,86,11,0,38.27594376,-90.17761038,17133.0,75,83,11,0,72,82,34335,3,0,0,3,1
2020-05-16,US,Illinois,Montgomery,37,1,0,39.23198845,-89.47809254,17135.0,36,36,1,0,35,36,28601,1,0,0,1,0
2020-05-16,US,Illinois,Morgan,35,1,0,39.71654544,-90.20255104,17137.0,34,35,1,0,34,34,33976,0,0,0,0,1
2020-05-16,US,Illinois,Moultrie,8,0,0,39.64187451,-88.62099969,17139.0,8,7,0,0,7,6,14717,1,0,0,1,1
2020-05-16,US,Illinois,Ogle,169,2,0,42.04165196,-89.32184679,17141.0,167,165,2,0,163,163,50923,4,0,0,4,2
2020-05-16,US,Illinois,Out of IL,83,1,0,0.0,0.0,80017.0,82,86,2,0,84,86,,-3,-1,0,-2,0
2020-05-16,US,Illinois,Peoria,155,6,0,40.78702156,-89.76078901,17143.0,149,156,6,0,150,151,180621,-1,0,0,-1,5
2020-05-16,US,Illinois,Perry,38,0,0,38.08510853,-89.36856219,17145.0,38,38,0,0,38,38,21174,0,0,0,0,0
2020-05-16,US,Illinois,Piatt,8,0,0,40.01360584,-88.59319339,17147.0,8,8,0,0,8,8,16396,0,0,0,0,0
2020-05-16,US,Illinois,Pike,1,0,0,39.62265059,-90.8877017,17149.0,1,1,0,0,1,1,15611,0,0,0,0,0
2020-05-16,US,Illinois,Pope,1,0,0,37.41391284,-88.56152109,17151.0,1,1,0,0,1,1,4212,0,0,0,0,0
2020-05-16,US,Illinois,Pulaski,40,0,0,37.22631423,-89.13085001,17153.0,40,40,0,0,40,33,5463,0,0,0,0,7
2020-05-16,US,Illinois,Putnam,2,0,0,41.2013541,-89.2869272,17155.0,2,,,,,,5740,,,,,
2020-05-16,US,Illinois,Randolph,236,3,0,38.05095369,-89.82512254,17157.0,233,234,3,0,231,233,32106,2,0,0,2,1
2020-05-16,US,Illinois,Richland,3,0,0,38.71240969,-88.08475366,17159.0,3,3,0,0,3,3,15763,0,0,0,0,0
2020-05-16,US,Illinois,Rock Island,570,18,0,41.46613806,-90.57042164,17161.0,552,563,18,0,545,543,143477,7,0,0,7,20
2020-05-16,US,Illinois,Saline,6,0,0,37.75332999,-88.54119706,17165.0,6,6,0,0,6,6,23906,0,0,0,0,0
2020-05-16,US,Illinois,Sangamon,304,25,0,39.75836914,-89.65872023,17167.0,279,299,25,0,274,289,195348,5,0,0,5,10
2020-05-16,US,Illinois,Schuyler,7,0,0,40.157179799999994,-90.61114163,17169.0,7,7,0,0,7,7,6907,0,0,0,0,0
2020-05-16,US,Illinois,Shelby,13,1,0,39.39133527,-88.80611122,17173.0,12,12,1,0,11,11,21741,1,0,0,1,1
2020-05-16,US,Illinois,St. Clair,783,65,0,38.46996033,-89.93063427,17163.0,718,765,63,0,702,759,261059,18,2,0,16,6
2020-05-16,US,Illinois,Stark,1,0,0,41.09309773,-89.79745866,17175.0,1,1,0,0,1,1,5427,0,0,0,0,0
2020-05-16,US,Illinois,Stephenson,136,0,0,42.35129217,-89.662598,17177.0,136,135,0,0,135,119,44753,1,0,0,1,16
2020-05-16,US,Illinois,Tazewell,62,3,0,40.50716185,-89.51404662,17179.0,59,62,3,0,59,58,132328,0,0,0,0,4
2020-05-16,US,Illinois,Unassigned,49,0,0,0.0,0.0,90017.0,49,50,1,0,49,65,,-1,-1,0,0,-15
2020-05-16,US,Illinois,Union,122,4,0,37.47119609,-89.25548938,17181.0,118,117,4,0,113,113,16841,5,0,0,5,4
2020-05-16,US,Illinois,Vermilion,29,1,0,40.18417171,-87.73384359,17183.0,28,29,1,0,28,29,76806,0,0,0,0,0
2020-05-16,US,Illinois,Wabash,1,0,0,38.44272901,-87.84922065,17185.0,1,1,0,0,1,1,11549,0,0,0,0,0
2020-05-16,US,Illinois,Warren,106,0,0,40.84925021,-90.6147432,17187.0,106,105,0,0,105,105,17032,1,0,0,1,0
2020-05-16,US,Illinois,Washington,17,0,0,38.35309213,-89.40982703,17189.0,17,17,0,0,17,17,13995,0,0,0,0,0
2020-05-16,US,Illinois,Wayne,8,1,0,38.42955355,-88.42586459,17191.0,7,8,1,0,7,11,16332,0,0,0,0,-3
2020-05-16,US,Illinois,White,2,0,0,38.08706198,-88.17657461,17193.0,2,2,0,0,2,2,13665,0,0,0,0,0
2020-05-16,US,Illinois,Whiteside,118,8,0,41.75509713,-89.91556058,17195.0,110,113,8,0,105,111,55626,5,0,0,5,2
2020-05-16,US,Illinois,Will,4312,240,0,41.44619267,-87.97862712,17197.0,4072,4277,237,0,4040,4090,692310,35,3,0,32,187
2020-05-16,US,Illinois,Williamson,52,1,0,37.73033511,-88.92994027,17199.0,51,51,1,0,50,52,67056,1,0,0,1,-1
2020-05-16,US,Illinois,Winnebago,1436,34,0,42.33641854,-89.16085327,17201.0,1402,1390,33,0,1357,1337,284081,46,1,0,45,53
2020-05-16,US,Illinois,Woodford,14,1,0,40.78579374,-89.20973757,17203.0,13,14,1,0,13,14,38463,0,0,0,0,0
2020-05-16,US,Indiana,Adams,9,1,0,40.7457653,-84.93671406,18001.0,8,9,1,0,8,9,35636,0,0,0,0,0
2020-05-16,US,Indiana,Allen,985,61,0,41.09194313,-85.06800636,18003.0,924,955,60,0,895,898,375351,30,1,0,29,57
2020-05-16,US,Indiana,Bartholomew,408,30,0,39.20744865,-85.89558181,18005.0,378,394,30,0,364,383,82753,14,0,0,14,11
2020-05-16,US,Indiana,Benton,21,0,0,40.60626947,-87.31093999,18007.0,21,21,0,0,21,17,8653,0,0,0,0,4
2020-05-16,US,Indiana,Blackford,14,1,0,40.47388153,-85.32499702,18009.0,13,14,1,0,13,14,11930,0,0,0,0,0
2020-05-16,US,Indiana,Boone,256,32,0,40.0509304,-86.46841646,18011.0,224,252,31,0,221,249,66999,4,1,0,3,3
2020-05-16,US,Indiana,Brown,30,1,0,39.19605589,-86.22868909,18013.0,29,29,1,0,28,29,15234,1,0,0,1,0
2020-05-16,US,Indiana,Carroll,78,2,0,40.580783200000006,-86.56198812,18015.0,76,77,2,0,75,75,20127,1,0,0,1,2
2020-05-16,US,Indiana,Cass,1553,5,0,40.76135835,-86.34830753,18017.0,1548,1551,5,0,1546,1546,37955,2,0,0,2,5
2020-05-16,US,Indiana,Clark,400,30,0,38.48015445,-85.70510334,18019.0,370,399,29,0,370,395,117360,1,1,0,0,4
2020-05-16,US,Indiana,Clay,29,1,0,39.39561833,-87.11723506,18021.0,28,28,1,0,27,26,26170,1,0,0,1,2
2020-05-16,US,Indiana,Clinton,126,1,0,40.30319754,-86.47277257,18023.0,125,118,1,0,117,116,32250,8,0,0,8,2
2020-05-16,US,Indiana,Crawford,22,0,0,38.28814402,-86.44518825,18025.0,22,22,0,0,22,21,10558,0,0,0,0,1
2020-05-16,US,Indiana,Daviess,61,15,0,38.70186039,-87.07185406,18027.0,46,59,15,0,44,57,33147,2,0,0,2,2
2020-05-16,US,Indiana,DeKalb,25,1,0,41.39804622,-84.99906934,18033.0,24,25,1,0,24,25,43226,0,0,0,0,0
2020-05-16,US,Indiana,Dearborn,157,18,0,39.14647946,-84.97333539,18029.0,139,157,18,0,139,154,49568,0,0,0,0,3
2020-05-16,US,Indiana,Decatur,217,31,0,39.30712658,-85.50087166,18031.0,186,216,31,0,185,216,26794,1,0,0,1,0
2020-05-16,US,Indiana,Delaware,261,20,0,40.22787247,-85.39732772,18035.0,241,254,20,0,234,235,114772,7,0,0,7,19
2020-05-16,US,Indiana,Dubois,85,2,0,38.36597551,-86.87924170000002,18037.0,83,70,2,0,68,69,42565,15,0,0,15,1
2020-05-16,US,Indiana,Elkhart,638,23,0,41.59761169,-85.85875695,18039.0,615,609,22,0,587,589,205560,29,1,0,28,20
2020-05-16,US,Indiana,Fayette,40,4,0,39.63684962,-85.17797541,18041.0,36,40,4,0,36,40,23047,0,0,0,0,0
2020-05-16,US,Indiana,Floyd,297,37,0,38.32117957,-85.90385377,18043.0,260,254,32,0,222,250,77781,43,5,0,38,4
2020-05-16,US,Indiana,Fountain,18,2,0,40.12361933,-87.24217689,18045.0,16,16,2,0,14,16,16351,2,0,0,2,0
2020-05-16,US,Indiana,Franklin,106,7,0,39.4142482,-85.06062647,18047.0,99,107,7,0,100,107,22736,-1,0,0,-1,0
2020-05-16,US,Indiana,Fulton,42,1,0,41.0469907,-86.26252745,18049.0,41,39,1,0,38,39,20092,3,0,0,3,0
2020-05-16,US,Indiana,Gibson,10,0,0,38.30393723,-87.58054938,18051.0,10,9,0,0,9,8,33452,1,0,0,1,1
2020-05-16,US,Indiana,Grant,161,18,0,40.51587228,-85.65468702,18053.0,143,157,17,0,140,155,65936,4,1,0,3,2
2020-05-16,US,Indiana,Greene,154,20,0,39.03630547,-86.96223202,18055.0,134,154,17,0,137,153,32006,0,3,0,-3,1
2020-05-16,US,Indiana,Hamilton,1001,90,0,40.07306535,-86.05244729,18057.0,911,977,87,0,890,968,330086,24,3,0,21,9
2020-05-16,US,Indiana,Hancock,287,23,0,39.82304555,-85.77566351,18059.0,264,282,22,0,260,278,76351,5,1,0,4,4
2020-05-16,US,Indiana,Harrison,167,15,0,38.19467379,-86.10948271,18061.0,152,168,15,0,153,166,40350,-1,0,0,-1,2
2020-05-16,US,Indiana,Hendricks,1020,60,0,39.76719009,-86.51037283,18063.0,960,1012,57,0,955,997,167009,8,3,0,5,15
2020-05-16,US,Indiana,Henry,123,3,0,39.93029017,-85.39625719,18065.0,120,107,2,0,105,100,48271,16,1,0,15,7
2020-05-16,US,Indiana,Howard,285,11,0,40.48527731,-86.11351892,18067.0,274,262,11,0,251,258,82366,23,0,0,23,4
2020-05-16,US,Indiana,Huntington,20,2,0,40.82907273,-85.48822092,18069.0,18,19,2,0,17,18,36240,1,0,0,1,1
2020-05-16,US,Indiana,Jackson,320,1,0,38.90915820000001,-86.03851889,18071.0,319,313,1,0,312,304,44111,7,0,0,7,9
2020-05-16,US,Indiana,Jasper,43,1,0,41.02078733,-87.11553319,18073.0,42,42,1,0,41,40,33370,1,0,0,1,2
2020-05-16,US,Indiana,Jay,28,0,0,40.43781032,-85.00576229,18075.0,28,25,0,0,25,23,20764,3,0,0,3,2
2020-05-16,US,Indiana,Jefferson,34,1,0,38.78576239,-85.43633383,18077.0,33,35,1,0,34,35,32208,-1,0,0,-1,0
2020-05-16,US,Indiana,Jennings,112,4,0,38.99588883,-85.62710784,18079.0,108,111,4,0,107,109,27611,1,0,0,1,2
2020-05-16,US,Indiana,Johnson,980,94,0,39.48994426,-86.10149107,18081.0,886,959,93,0,866,952,156225,21,1,0,20,7
2020-05-16,US,Indiana,Knox,22,0,0,38.68861576,-87.4194665,18083.0,22,22,0,0,22,22,36895,0,0,0,0,0
2020-05-16,US,Indiana,Kosciusko,57,1,0,41.24521668,-85.86312322,18085.0,56,55,1,0,54,50,79344,2,0,0,2,5
2020-05-16,US,Indiana,LaGrange,49,2,0,41.64232188,-85.42674232,18087.0,47,48,2,0,46,46,39330,1,0,0,1,2
2020-05-16,US,Indiana,LaPorte,355,14,0,41.54366008,-86.74072188,18091.0,341,352,14,0,338,346,110007,3,0,0,3,6
2020-05-16,US,Indiana,Lake,2812,140,0,41.41874274,-87.38277575,18089.0,2672,2747,136,0,2611,2684,484411,65,4,0,61,63
2020-05-16,US,Indiana,Lawrence,133,21,0,38.84112637,-86.48361629,18093.0,112,127,18,0,109,124,45668,6,3,0,3,3
2020-05-16,US,Indiana,Madison,538,57,0,40.16143691,-85.71964711,18095.0,481,535,57,0,478,527,129641,3,0,0,3,8
2020-05-16,US,Indiana,Marion,8151,474,0,39.78163624,-86.13826325,18097.0,7677,7995,465,0,7530,7793,954670,156,9,0,147,202
2020-05-16,US,Indiana,Marshall,40,1,0,41.32467367,-86.26185087,18099.0,39,39,1,0,38,39,46248,1,0,0,1,0
2020-05-16,US,Indiana,Martin,7,0,0,38.7099921,-86.80373186,18101.0,7,7,0,0,7,7,10217,0,0,0,0,0
2020-05-16,US,Indiana,Miami,130,1,0,40.76940965,-86.04525048,18103.0,129,129,1,0,128,129,35567,1,0,0,1,0
2020-05-16,US,Indiana,Monroe,144,9,0,39.16130004,-86.52414358,18105.0,135,144,9,0,135,146,146917,0,0,0,0,-2
2020-05-16,US,Indiana,Montgomery,167,10,0,40.04034823,-86.89335024,18107.0,157,160,9,0,151,154,38346,7,1,0,6,6
2020-05-16,US,Indiana,Morgan,241,17,0,39.47899078,-86.44573375,18109.0,224,240,14,0,226,226,70116,1,3,0,-2,14
2020-05-16,US,Indiana,Newton,71,9,0,40.95610449,-87.39635768,18111.0,62,71,9,0,62,68,14011,0,0,0,0,3
2020-05-16,US,Indiana,Noble,148,20,0,41.39672484,-85.41966713,18113.0,128,147,19,0,128,144,47532,1,1,0,0,3
2020-05-16,US,Indiana,Ohio,12,0,0,38.955304999999996,-84.96515993,18115.0,12,11,0,0,11,11,5844,1,0,0,1,0
2020-05-16,US,Indiana,Orange,120,19,0,38.54118920000001,-86.49523093,18117.0,101,120,19,0,101,119,19489,0,0,0,0,1
2020-05-16,US,Indiana,Owen,27,1,0,39.31145587,-86.83900724,18119.0,26,27,1,0,26,27,20845,0,0,0,0,0
2020-05-16,US,Indiana,Parke,18,0,0,39.77202286,-87.20375833,18121.0,18,17,0,0,17,16,16927,1,0,0,1,1
2020-05-16,US,Indiana,Perry,19,0,0,38.07809328,-86.63741946,18123.0,19,19,0,0,19,19,19102,0,0,0,0,0
2020-05-16,US,Indiana,Pike,5,0,0,38.40112197,-87.23574907,18125.0,5,3,0,0,3,3,12410,2,0,0,2,0
2020-05-16,US,Indiana,Porter,388,10,0,41.45986947,-87.06848888,18127.0,378,381,10,0,371,372,169594,7,0,0,7,9
2020-05-16,US,Indiana,Posey,16,0,0,38.02097333,-87.86480429,18129.0,16,16,0,0,16,16,25540,0,0,0,0,0
2020-05-16,US,Indiana,Pulaski,34,0,0,41.04166107,-86.69890683,18131.0,34,34,0,0,34,34,12469,0,0,0,0,0
2020-05-16,US,Indiana,Putnam,117,5,0,39.66437981,-86.84517605,18133.0,112,95,5,0,90,94,37779,22,0,0,22,1
2020-05-16,US,Indiana,Randolph,30,3,0,40.15734772,-85.01139319,18135.0,27,29,3,0,26,27,24851,1,0,0,1,2
2020-05-16,US,Indiana,Ripley,107,6,0,39.10235626,-85.26212744,18137.0,101,106,6,0,100,105,28523,1,0,0,1,1
2020-05-16,US,Indiana,Rush,40,2,0,39.62002287,-85.4655599,18139.0,38,40,2,0,38,39,16663,0,0,0,0,1
2020-05-16,US,Indiana,Scott,93,2,0,38.68672078,-85.74627859,18143.0,91,90,2,0,88,90,23878,3,0,0,3,0
2020-05-16,US,Indiana,Shelby,280,20,0,39.52305623,-85.79158570000001,18145.0,260,278,19,0,259,275,44593,2,1,0,1,3
2020-05-16,US,Indiana,Spencer,8,1,0,38.01519732,-87.0079644,18147.0,7,7,1,0,6,7,20327,1,0,0,1,0
2020-05-16,US,Indiana,St. Joseph,947,28,0,41.61756781,-86.29040834,18141.0,919,921,28,0,893,897,270771,26,0,0,26,24
2020-05-16,US,Indiana,Starke,27,2,0,41.27890281,-86.64686895,18149.0,25,26,2,0,24,24,22935,1,0,0,1,2
2020-05-16,US,Indiana,Steuben,65,2,0,41.64423868,-85.00101094,18151.0,63,67,2,0,65,67,34586,-2,0,0,-2,0
2020-05-16,US,Indiana,Sullivan,25,0,0,39.08952258,-87.41414469,18153.0,25,25,0,0,25,24,20690,0,0,0,0,1
2020-05-16,US,Indiana,Switzerland,16,0,0,38.82767338,-85.03022429,18155.0,16,15,0,0,15,14,10717,1,0,0,1,1
2020-05-16,US,Indiana,Tippecanoe,291,2,0,40.38872739,-86.89413959,18157.0,289,281,2,0,279,268,193048,10,0,0,10,13
2020-05-16,US,Indiana,Tipton,21,1,0,40.31123252,-86.05234925,18159.0,20,21,1,0,20,21,15128,0,0,0,0,0
2020-05-16,US,Indiana,Unassigned,0,145,0,0.0,0.0,90018.0,-145,0,141,0,-141,0,,0,4,0,-4,0
2020-05-16,US,Indiana,Union,8,0,0,39.62550777,-84.92497066,18161.0,8,8,0,0,8,8,7037,0,0,0,0,0
2020-05-16,US,Indiana,Vanderburgh,201,2,0,38.02658833,-87.58763124,18163.0,199,201,2,0,199,195,180974,0,0,0,0,6
2020-05-16,US,Indiana,Vermillion,7,0,0,39.8523352,-87.46160542,18165.0,7,7,0,0,7,7,15479,0,0,0,0,0
2020-05-16,US,Indiana,Vigo,106,6,0,39.42944561,-87.39169027,18167.0,100,103,6,0,97,98,107386,3,0,0,3,5
2020-05-16,US,Indiana,Wabash,71,2,0,40.84704239,-85.79328272,18169.0,69,69,2,0,67,68,31280,2,0,0,2,1
2020-05-16,US,Indiana,Warren,12,1,0,40.34728141,-87.35602659,18171.0,11,12,1,0,11,12,8263,0,0,0,0,0
2020-05-16,US,Indiana,Warrick,148,24,0,38.08922676,-87.2716085,18173.0,124,145,23,0,122,140,62567,3,1,0,2,5
2020-05-16,US,Indiana,Washington,50,1,0,38.60219804,-86.1049363,18175.0,49,50,1,0,49,50,27943,0,0,0,0,0
2020-05-16,US,Indiana,Wayne,61,5,0,39.863344399999995,-85.01044989,18177.0,56,60,5,0,55,58,65936,1,0,0,1,2
2020-05-16,US,Indiana,Wells,16,0,0,40.72934187,-85.22132966,18179.0,16,15,0,0,15,13,28206,1,0,0,1,2
2020-05-16,US,Indiana,White,178,4,0,40.74911165,-86.86492015,18181.0,174,164,3,0,161,164,24133,14,1,0,13,0
2020-05-16,US,Indiana,Whitley,28,2,0,41.13863784,-85.50791236,18183.0,26,28,2,0,26,27,34074,0,0,0,0,1
2020-05-16,US,Iowa,Adair,4,0,0,41.33075609,-94.47105874,19001.0,4,4,0,0,4,4,7063,0,0,0,0,0
2020-05-16,US,Iowa,Allamakee,116,4,0,43.28383218,-91.37860922,19005.0,112,116,4,0,112,115,13832,0,0,0,0,1
2020-05-16,US,Iowa,Appanoose,7,3,0,40.74324454,-92.86865906,19007.0,4,7,3,0,4,7,12437,0,0,0,0,0
2020-05-16,US,Iowa,Audubon,11,1,0,41.6844628,-94.90581859,19009.0,10,11,1,0,10,11,5506,0,0,0,0,0
2020-05-16,US,Iowa,Benton,36,1,0,42.08011739,-92.06463573,19011.0,35,37,1,0,36,36,25642,-1,0,0,-1,1
2020-05-16,US,Iowa,Black Hawk,1571,29,0,42.4704581,-92.30524729,19013.0,1542,1548,29,0,1519,1533,132408,23,0,0,23,15
2020-05-16,US,Iowa,Boone,41,0,0,42.03657094,-93.9313999,19015.0,41,41,0,0,41,41,26346,0,0,0,0,0
2020-05-16,US,Iowa,Bremer,64,5,0,42.77461496,-92.31795937,19017.0,59,63,5,0,58,62,24947,1,0,0,1,1
2020-05-16,US,Iowa,Buchanan,26,0,0,42.4709188,-91.83510825,19019.0,26,26,0,0,26,24,21199,0,0,0,0,2
2020-05-16,US,Iowa,Buena Vista,82,0,0,42.73545875,-95.15100162,19021.0,82,83,0,0,83,74,19874,-1,0,0,-1,9
2020-05-16,US,Iowa,Butler,13,0,0,42.73172833,-92.79015971,19023.0,13,13,0,0,13,13,14539,0,0,0,0,0
2020-05-16,US,Iowa,Calhoun,1,0,0,42.38521079,-94.64046046,19025.0,1,1,0,0,1,1,9699,0,0,0,0,0
2020-05-16,US,Iowa,Carroll,8,0,0,42.03617207,-94.86032705,19027.0,8,8,0,0,8,8,20154,0,0,0,0,0
2020-05-16,US,Iowa,Cass,1,0,0,41.33149454,-94.92792482,19029.0,1,1,0,0,1,1,12930,0,0,0,0,0
2020-05-16,US,Iowa,Cedar,42,1,0,41.77233777,-91.13246684,19031.0,41,42,1,0,41,43,18627,0,0,0,0,-1
2020-05-16,US,Iowa,Cerro Gordo,17,0,0,43.08177563,-93.2612239,19033.0,17,15,0,0,15,15,42647,2,0,0,2,0
2020-05-16,US,Iowa,Cherokee,9,0,0,42.73538914,-95.62389402,19035.0,9,8,0,0,8,6,11321,1,0,0,1,2
2020-05-16,US,Iowa,Chickasaw,7,0,0,43.06001295,-92.31773347,19037.0,7,7,0,0,7,7,11964,0,0,0,0,0
2020-05-16,US,Iowa,Clarke,14,0,0,41.02868181,-93.78499767,19039.0,14,11,0,0,11,11,9423,3,0,0,3,0
2020-05-16,US,Iowa,Clay,10,0,0,43.08247182,-95.15096481,19041.0,10,10,0,0,10,9,16134,0,0,0,0,1
2020-05-16,US,Iowa,Clayton,28,3,0,42.84443388,-91.34133693,19043.0,25,28,3,0,25,28,17556,0,0,0,0,0
2020-05-16,US,Iowa,Clinton,60,1,0,41.89981633,-90.53275096,19045.0,59,60,1,0,59,60,46518,0,0,0,0,0
2020-05-16,US,Iowa,Crawford,348,1,0,42.03718237,-95.3819718,19047.0,347,336,1,0,335,300,17158,12,0,0,12,36
2020-05-16,US,Iowa,Dallas,773,10,0,41.68560356,-94.04127625,19049.0,763,757,10,0,747,755,90180,16,0,0,16,2
2020-05-16,US,Iowa,Davis,13,0,0,40.74773536,-92.41005468,19051.0,13,13,0,0,13,13,9017,0,0,0,0,0
2020-05-16,US,Iowa,Delaware,12,0,0,42.47104597,-91.3664492,19055.0,12,11,0,0,11,11,17069,1,0,0,1,0
2020-05-16,US,Iowa,Des Moines,37,1,0,40.92012606,-91.18326592,19057.0,36,39,1,0,38,46,39138,-2,0,0,-2,-7
2020-05-16,US,Iowa,Dickinson,6,0,0,43.37787725,-95.1510206,19059.0,6,6,0,0,6,6,17153,0,0,0,0,0
2020-05-16,US,Iowa,Dubuque,258,10,0,42.46815349,-90.88181925,19061.0,248,249,10,0,239,238,96854,9,0,0,9,11
2020-05-16,US,Iowa,Emmet,1,0,0,43.37782951,-94.67858943,19063.0,1,1,0,0,1,1,9253,0,0,0,0,0
2020-05-16,US,Iowa,Fayette,25,0,0,42.86271799,-91.84412309999999,19065.0,25,25,0,0,25,24,19660,0,0,0,0,1
2020-05-16,US,Iowa,Floyd,11,1,0,43.06000529999999,-92.78940097,19067.0,10,10,1,0,9,9,15761,1,0,0,1,1
2020-05-16,US,Iowa,Franklin,7,0,0,42.73270384,-93.26256925,19069.0,7,7,0,0,7,7,10124,0,0,0,0,0
2020-05-16,US,Iowa,Fremont,3,0,0,40.74542720000001,-95.60129045,19071.0,3,3,0,0,3,3,6993,0,0,0,0,0
2020-05-16,US,Iowa,Greene,13,0,0,42.03614551,-94.39658081,19073.0,13,13,0,0,13,14,8981,0,0,0,0,-1
2020-05-16,US,Iowa,Grundy,17,0,0,42.40183723,-92.78829551,19075.0,17,17,0,0,17,18,12304,0,0,0,0,-1
2020-05-16,US,Iowa,Guthrie,37,2,0,41.68378965,-94.50111014,19077.0,35,37,2,0,35,36,10720,0,0,0,0,1
2020-05-16,US,Iowa,Hamilton,11,0,0,42.38382428,-93.70197703,19079.0,11,11,0,0,11,11,14952,0,0,0,0,0
2020-05-16,US,Iowa,Hancock,3,0,0,43.08178477,-93.73454884,19081.0,3,3,0,0,3,3,10712,0,0,0,0,0
2020-05-16,US,Iowa,Hardin,12,0,0,42.38353877,-93.23654611,19083.0,12,11,0,0,11,11,16868,1,0,0,1,0
2020-05-16,US,Iowa,Harrison,17,0,0,41.68330137,-95.81558439,19085.0,17,17,0,0,17,17,14134,0,0,0,0,0
2020-05-16,US,Iowa,Henry,44,1,0,40.98767962,-91.54436349,19087.0,43,44,1,0,43,43,20067,0,0,0,0,1
2020-05-16,US,Iowa,Howard,12,0,0,43.35671042,-92.31702714,19089.0,12,12,0,0,12,12,9187,0,0,0,0,0
2020-05-16,US,Iowa,Humboldt,7,0,0,42.7764426,-94.20722537,19091.0,7,7,0,0,7,7,9547,0,0,0,0,0
2020-05-16,US,Iowa,Ida,3,0,0,42.38696136,-95.51355387,19093.0,3,4,0,0,4,2,6841,-1,0,0,-1,2
2020-05-16,US,Iowa,Iowa,28,0,0,41.68630265,-92.0643373,19095.0,28,27,0,0,27,28,16141,1,0,0,1,-1
2020-05-16,US,Iowa,Jackson,8,0,0,42.17178824,-90.57354837,19097.0,8,8,0,0,8,7,19432,0,0,0,0,1
2020-05-16,US,Iowa,Jasper,242,12,0,41.68576082,-93.05567785,19099.0,230,241,11,0,230,240,37147,1,1,0,0,1
2020-05-16,US,Iowa,Jefferson,12,0,0,41.03192394,-91.94849466,19101.0,12,10,0,0,10,9,18381,2,0,0,2,1
2020-05-16,US,Iowa,Johnson,567,7,0,41.67169354,-91.58754744,19103.0,560,565,7,0,558,562,151260,2,0,0,2,3
2020-05-16,US,Iowa,Jones,36,0,0,42.12118609,-91.13139641,19105.0,36,36,0,0,36,35,20744,0,0,0,0,1
2020-05-16,US,Iowa,Keokuk,10,0,0,41.33649833,-92.1785067,19107.0,10,9,0,0,9,9,10225,1,0,0,1,0
2020-05-16,US,Iowa,Kossuth,2,0,0,43.20405458,-94.20691791,19109.0,2,2,0,0,2,2,14908,0,0,0,0,0
2020-05-16,US,Iowa,Lee,18,0,0,40.64181461,-91.48183025,19111.0,18,18,0,0,18,18,34055,0,0,0,0,0
2020-05-16,US,Iowa,Linn,892,70,0,42.07923082,-91.59809485,19113.0,822,882,69,0,813,871,225909,10,1,0,9,11
2020-05-16,US,Iowa,Louisa,306,3,0,41.21842119,-91.26102611,19115.0,303,304,3,0,301,291,11169,2,0,0,2,13
2020-05-16,US,Iowa,Lyon,16,0,0,43.38107862,-96.20926845,19119.0,16,16,0,0,16,16,11811,0,0,0,0,0
2020-05-16,US,Iowa,Madison,16,1,0,41.33081904,-94.01554631,19121.0,15,14,1,0,13,13,16249,2,0,0,2,1
2020-05-16,US,Iowa,Mahaska,23,1,0,41.33521503,-92.64083907,19123.0,22,22,1,0,21,21,22000,1,0,0,1,1
2020-05-16,US,Iowa,Marion,20,0,0,41.33445101,-93.09934783,19125.0,20,19,0,0,19,17,33407,1,0,0,1,2
2020-05-16,US,Iowa,Marshall,778,5,0,42.03586837,-92.99908190000001,19127.0,773,771,5,0,766,759,39981,7,0,0,7,12
2020-05-16,US,Iowa,Mills,10,0,0,41.03299766,-95.61920963,19129.0,10,9,0,0,9,9,15063,1,0,0,1,0
2020-05-16,US,Iowa,Mitchell,4,0,0,43.35638371,-92.78887719,19131.0,4,4,0,0,4,3,10569,0,0,0,0,1
2020-05-16,US,Iowa,Monona,15,0,0,42.05220391,-95.95743843,19133.0,15,15,0,0,15,14,8679,0,0,0,0,1
2020-05-16,US,Iowa,Monroe,19,1,0,41.02988815,-92.8690667,19135.0,18,18,1,0,17,18,7790,1,0,0,1,0
2020-05-16,US,Iowa,Montgomery,6,0,0,41.03018714,-95.15642896,19137.0,6,5,0,0,5,5,10003,1,0,0,1,0
2020-05-16,US,Iowa,Muscatine,524,32,0,41.48370744,-91.11216970000001,19139.0,492,519,29,0,490,515,42929,5,3,0,2,4
2020-05-16,US,Iowa,O'Brien,22,0,0,43.08310673,-95.62474482,19141.0,22,20,0,0,20,21,13840,2,0,0,2,-1
2020-05-16,US,Iowa,Osceola,26,0,0,43.37824276,-95.62422844,19143.0,26,25,0,0,25,25,6040,1,0,0,1,0
2020-05-16,US,Iowa,Page,10,0,0,40.7393172,-95.1497813,19145.0,10,10,0,0,10,10,15249,0,0,0,0,0
2020-05-16,US,Iowa,Palo Alto,2,0,0,43.08193849,-94.67824621,19147.0,2,1,0,0,1,1,8929,1,0,0,1,0
2020-05-16,US,Iowa,Plymouth,82,0,0,42.737633,-96.21366621,19149.0,82,78,0,0,78,74,25095,4,0,0,4,4
2020-05-16,US,Iowa,Pocahontas,3,0,0,42.73420133,-94.67862564,19151.0,3,3,0,0,3,3,6740,0,0,0,0,0
2020-05-16,US,Iowa,Polk,2845,78,0,41.68679484,-93.57767461,19153.0,2767,2767,76,0,2691,2634,487204,78,2,0,76,133
2020-05-16,US,Iowa,Pottawattamie,150,2,0,41.33640314,-95.53907776,19155.0,148,151,2,0,149,138,93533,-1,0,0,-1,13
2020-05-16,US,Iowa,Poweshiek,85,8,0,41.68625425,-92.53155731,19157.0,77,83,8,0,75,83,18699,2,0,0,2,0
2020-05-16,US,Iowa,Sac,4,0,0,42.38624071,-95.10547892,19161.0,4,4,0,0,4,4,9719,0,0,0,0,0
2020-05-16,US,Iowa,Scott,301,8,0,41.63935978,-90.61959493,19163.0,293,297,8,0,289,293,173283,4,0,0,4,4
2020-05-16,US,Iowa,Shelby,20,0,0,41.6850066,-95.31015553,19165.0,20,20,0,0,20,20,11578,0,0,0,0,0
2020-05-16,US,Iowa,Sioux,131,0,0,43.08221074,-96.17675679999999,19167.0,131,126,0,0,126,111,34909,5,0,0,5,15
2020-05-16,US,Iowa,Story,75,1,0,42.03621213,-93.46499005,19169.0,74,73,1,0,72,66,98105,2,0,0,2,7
2020-05-16,US,Iowa,Tama,354,16,0,42.07991767,-92.53266945,19171.0,338,350,15,0,335,348,16904,4,1,0,3,2
2020-05-16,US,Iowa,Taylor,1,0,0,40.73710579,-94.69778563,19173.0,1,1,0,0,1,1,6191,0,0,0,0,0
2020-05-16,US,Iowa,Unassigned,15,0,0,0.0,0.0,90019.0,15,10,0,0,10,8,,5,0,0,5,2
2020-05-16,US,Iowa,Union,2,0,0,41.0277278,-94.24234847,19175.0,2,1,0,0,1,1,12359,1,0,0,1,0
2020-05-16,US,Iowa,Van Buren,8,0,0,40.75326764,-91.95017958,19177.0,8,8,0,0,8,8,7020,0,0,0,0,0
2020-05-16,US,Iowa,Wapello,360,2,0,41.03064984,-92.40954728,19179.0,358,350,2,0,348,328,35205,10,0,0,10,22
2020-05-16,US,Iowa,Warren,66,0,0,41.33559454,-93.56007641,19181.0,66,63,0,0,63,53,51056,3,0,0,3,10
2020-05-16,US,Iowa,Washington,170,8,0,41.33577126,-91.71725711,19183.0,162,163,8,0,155,163,22141,7,0,0,7,0
2020-05-16,US,Iowa,Wayne,1,0,0,40.73969028,-93.32752197,19185.0,1,1,0,0,1,1,6401,0,0,0,0,0
2020-05-16,US,Iowa,Webster,13,1,0,42.42853483,-94.17987389,19187.0,12,13,1,0,12,13,36277,0,0,0,0,0
2020-05-16,US,Iowa,Winnebago,6,0,0,43.37751174,-93.73407298,19189.0,6,6,0,0,6,6,10518,0,0,0,0,0
2020-05-16,US,Iowa,Winneshiek,18,0,0,43.29094334,-91.84422722,19191.0,18,18,0,0,18,18,20029,0,0,0,0,0
2020-05-16,US,Iowa,Woodbury,2157,16,0,42.38979414,-96.0459439,19193.0,2141,2111,14,0,2097,2078,102539,46,2,0,44,33
2020-05-16,US,Iowa,Worth,3,0,0,43.37750768,-93.26087602,19195.0,3,2,0,0,2,2,7453,1,0,0,1,0
2020-05-16,US,Iowa,Wright,8,0,0,42.73305373,-93.73515113,19197.0,8,7,0,0,7,6,12690,1,0,0,1,1
2020-05-16,US,Kansas,Anderson,1,0,0,38.21413251,-95.29272815,20003.0,1,1,0,0,1,1,7878,0,0,0,0,0
2020-05-16,US,Kansas,Atchison,15,0,0,39.53185661,-95.30870026,20005.0,15,15,0,0,15,15,16193,0,0,0,0,0
2020-05-16,US,Kansas,Barber,1,0,0,37.2288586,-98.68460053,20007.0,1,1,0,0,1,1,4472,0,0,0,0,0
2020-05-16,US,Kansas,Barton,30,1,0,38.47889676,-98.75636726,20009.0,29,30,1,0,29,28,26111,0,0,0,0,2
2020-05-16,US,Kansas,Bourbon,6,1,0,37.85508555,-94.84865997,20011.0,5,6,1,0,5,6,14653,0,0,0,0,0
2020-05-16,US,Kansas,Brown,3,0,0,39.82652589,-95.56421698,20013.0,3,3,0,0,3,1,9598,0,0,0,0,2
2020-05-16,US,Kansas,Butler,18,0,0,37.78134351,-96.83878537,20015.0,18,18,0,0,18,14,66765,0,0,0,0,4
2020-05-16,US,Kansas,Chase,3,0,0,38.30292938,-96.59563862,20017.0,3,3,0,0,3,3,2629,0,0,0,0,0
2020-05-16,US,Kansas,Chautauqua,4,0,0,37.14994405,-96.2454192,20019.0,4,4,0,0,4,4,3309,0,0,0,0,0
2020-05-16,US,Kansas,Cherokee,8,0,0,37.16928494,-94.8462897,20021.0,8,8,0,0,8,8,20015,0,0,0,0,0
2020-05-16,US,Kansas,Cheyenne,2,0,0,39.78580976,-101.7318201,20023.0,2,2,0,0,2,2,2660,0,0,0,0,0
2020-05-16,US,Kansas,Clark,20,1,0,37.23577007,-99.81883015,20025.0,19,20,1,0,19,19,2005,0,0,0,0,1
2020-05-16,US,Kansas,Clay,4,1,0,39.34948772,-97.16518128,20027.0,3,4,1,0,3,4,7997,0,0,0,0,0
2020-05-16,US,Kansas,Cloud,4,0,0,39.48028352,-97.64925343,20029.0,4,4,0,0,4,4,8729,0,0,0,0,0
2020-05-16,US,Kansas,Coffey,50,8,0,38.2365018,-95.73379515,20031.0,42,50,8,0,42,50,8233,0,0,0,0,0
2020-05-16,US,Kansas,Cowley,4,1,0,37.23781842,-96.83776647,20035.0,3,4,1,0,3,4,35218,0,0,0,0,0
2020-05-16,US,Kansas,Crawford,8,1,0,37.50675523,-94.85245778,20037.0,7,8,1,0,7,8,39019,0,0,0,0,0
2020-05-16,US,Kansas,Dickinson,2,0,0,38.86600962,-97.15532383,20041.0,2,2,0,0,2,2,18717,0,0,0,0,0
2020-05-16,US,Kansas,Doniphan,9,0,0,39.79067154,-95.14056866,20043.0,9,9,0,0,9,9,7682,0,0,0,0,0
2020-05-16,US,Kansas,Douglas,60,0,0,38.88503636,-95.2925121,20045.0,60,59,0,0,59,58,121436,1,0,0,1,1
2020-05-16,US,Kansas,Edwards,4,0,0,37.88735543,-99.31263309,20047.0,4,4,0,0,4,4,2849,0,0,0,0,0
2020-05-16,US,Kansas,Ellis,8,0,0,38.91458712,-99.31751551,20051.0,8,8,0,0,8,8,28710,0,0,0,0,0
2020-05-16,US,Kansas,Ellsworth,2,0,0,38.69677695,-98.20462799,20053.0,2,2,0,0,2,2,6196,0,0,0,0,0
2020-05-16,US,Kansas,Finney,1234,5,0,38.04340344,-100.73819379999999,20055.0,1229,1234,5,0,1229,1175,36611,0,0,0,0,59
2020-05-16,US,Kansas,Ford,1311,8,0,37.69200114,-99.88825298,20057.0,1303,1296,8,0,1288,1250,33888,15,0,0,15,46
2020-05-16,US,Kansas,Franklin,32,0,0,38.56443815,-95.28644341,20059.0,32,32,0,0,32,30,25631,0,0,0,0,2
2020-05-16,US,Kansas,Geary,14,0,0,38.99871131,-96.7577178,20061.0,14,14,0,0,14,14,32594,0,0,0,0,0
2020-05-16,US,Kansas,Gove,1,0,0,38.91588178,-100.4829321,20063.0,1,1,0,0,1,1,2612,0,0,0,0,0
2020-05-16,US,Kansas,Grant,14,0,0,37.56227336,-101.3079758,20067.0,14,13,0,0,13,12,7336,1,0,0,1,1
2020-05-16,US,Kansas,Gray,12,0,0,37.73836671,-100.4369088,20069.0,12,12,0,0,12,10,6033,0,0,0,0,2
2020-05-16,US,Kansas,Greenwood,3,0,0,37.8774388,-96.23250453,20073.0,3,3,0,0,3,3,6055,0,0,0,0,0
2020-05-16,US,Kansas,Hamilton,9,0,0,37.99978709,-101.7921066,20075.0,9,9,0,0,9,8,2607,0,0,0,0,1
2020-05-16,US,Kansas,Harper,1,0,0,37.19175361,-98.07578384,20077.0,1,1,0,0,1,1,5506,0,0,0,0,0
2020-05-16,US,Kansas,Harvey,10,0,0,38.04293782,-97.42747573,20079.0,10,10,0,0,10,10,34210,0,0,0,0,0
2020-05-16,US,Kansas,Haskell,16,0,0,37.562039399999996,-100.8710738,20081.0,16,16,0,0,16,16,3997,0,0,0,0,0
2020-05-16,US,Kansas,Jackson,24,0,0,39.41673394,-95.79356799,20085.0,24,23,0,0,23,23,13280,1,0,0,1,0
2020-05-16,US,Kansas,Jefferson,19,0,0,39.2347941,-95.38289232,20087.0,19,19,0,0,19,19,18975,0,0,0,0,0
2020-05-16,US,Kansas,Jewell,4,0,0,39.78470589,-98.21820662,20089.0,4,4,0,0,4,4,2841,0,0,0,0,0
2020-05-16,US,Kansas,Johnson,642,56,0,38.88548175,-94.82250877,20091.0,586,638,55,0,583,619,597555,4,1,0,3,19
2020-05-16,US,Kansas,Kearny,36,0,0,38.00017981,-101.32168100000001,20093.0,36,36,0,0,36,34,3943,0,0,0,0,2
2020-05-16,US,Kansas,Kiowa,2,0,0,37.55848695,-99.2856537,20097.0,2,2,0,0,2,2,2516,0,0,0,0,0
2020-05-16,US,Kansas,Labette,22,0,0,37.19113093,-95.29849679,20099.0,22,22,0,0,22,22,19964,0,0,0,0,0
2020-05-16,US,Kansas,Leavenworth,958,6,0,39.20183497,-95.03620809,20103.0,952,958,6,0,952,955,81352,0,0,0,0,3
2020-05-16,US,Kansas,Linn,6,0,0,38.21267844,-94.84254089,20107.0,6,6,0,0,6,6,9750,0,0,0,0,0
2020-05-16,US,Kansas,Lyon,310,3,0,38.45576156,-96.15275715,20111.0,307,310,3,0,307,308,33406,0,0,0,0,2
2020-05-16,US,Kansas,Marion,5,1,0,38.35855394,-97.09852509999999,20115.0,4,5,1,0,4,5,11950,0,0,0,0,0
2020-05-16,US,Kansas,McPherson,26,0,0,38.39184858,-97.64769869,20113.0,26,26,0,0,26,26,28537,0,0,0,0,0
2020-05-16,US,Kansas,Meade,22,0,0,37.23859987,-100.36483100000001,20119.0,22,22,0,0,22,22,4146,0,0,0,0,0
2020-05-16,US,Kansas,Miami,6,0,0,38.56383358,-94.83832189,20121.0,6,6,0,0,6,6,33680,0,0,0,0,0
2020-05-16,US,Kansas,Mitchell,3,0,0,39.39331582,-98.20906732,20123.0,3,3,0,0,3,3,6150,0,0,0,0,0
2020-05-16,US,Kansas,Montgomery,20,2,0,37.19236568,-95.74329258,20125.0,18,20,2,0,18,20,32120,0,0,0,0,0
2020-05-16,US,Kansas,Morris,3,0,0,38.68827511,-96.65128437,20127.0,3,3,0,0,3,3,5521,0,0,0,0,0
2020-05-16,US,Kansas,Morton,4,0,0,37.19141121,-101.79925190000002,20129.0,4,4,0,0,4,4,2667,0,0,0,0,0
2020-05-16,US,Kansas,Nemaha,1,0,0,39.78345387,-96.01392079,20131.0,1,1,0,0,1,1,10155,0,0,0,0,0
2020-05-16,US,Kansas,Neosho,2,0,0,37.55862897,-95.30670046,20133.0,2,2,0,0,2,2,15951,0,0,0,0,0
2020-05-16,US,Kansas,Norton,2,0,0,39.78443827,-99.90286639,20137.0,2,2,0,0,2,2,5430,0,0,0,0,0
2020-05-16,US,Kansas,Osage,6,0,0,38.65235984,-95.72707998,20139.0,6,6,0,0,6,6,15941,0,0,0,0,0
2020-05-16,US,Kansas,Osborne,2,0,0,39.3503437,-98.76753828,20141.0,2,2,0,0,2,2,3475,0,0,0,0,0
2020-05-16,US,Kansas,Ottawa,4,0,0,39.13237408,-97.65020313,20143.0,4,4,0,0,4,4,5802,0,0,0,0,0
2020-05-16,US,Kansas,Phillips,2,0,0,39.78465501,-99.34668865,20147.0,2,2,0,0,2,2,5317,0,0,0,0,0
2020-05-16,US,Kansas,Pottawatomie,19,0,0,39.37925655,-96.34564657,20149.0,19,19,0,0,19,18,24277,0,0,0,0,1
2020-05-16,US,Kansas,Pratt,1,0,0,37.64780729,-98.73922153,20151.0,1,1,0,0,1,1,9378,0,0,0,0,0
2020-05-16,US,Kansas,Reno,41,0,0,37.95230263,-98.08607292,20155.0,41,41,0,0,41,41,62342,0,0,0,0,0
2020-05-16,US,Kansas,Republic,4,0,0,39.82799632,-97.65036709,20157.0,4,4,0,0,4,4,4664,0,0,0,0,0
2020-05-16,US,Kansas,Rice,4,0,0,38.34616184,-98.19992118,20159.0,4,4,0,0,4,4,9531,0,0,0,0,0
2020-05-16,US,Kansas,Riley,60,1,0,39.28935726,-96.73420026,20161.0,59,60,1,0,59,59,73703,0,0,0,0,1
2020-05-16,US,Kansas,Rooks,6,0,0,39.35022773,-99.32484567,20163.0,6,6,0,0,6,6,5013,0,0,0,0,0
2020-05-16,US,Kansas,Saline,24,2,0,38.78369175,-97.65185177,20169.0,22,23,2,0,21,23,54401,1,0,0,1,0
2020-05-16,US,Kansas,Scott,8,0,0,38.48222076,-100.90665390000001,20171.0,8,8,0,0,8,6,4897,0,0,0,0,2
2020-05-16,US,Kansas,Sedgwick,534,20,0,37.6842718,-97.4608198,20173.0,514,530,20,0,510,527,513607,4,0,0,4,3
2020-05-16,US,Kansas,Seward,758,1,0,37.19324632,-100.85072009999999,20175.0,757,758,1,0,757,754,21780,0,0,0,0,4
2020-05-16,US,Kansas,Shawnee,185,5,0,39.04100763,-95.75572640000001,20177.0,180,184,5,0,179,179,177499,1,0,0,1,5
2020-05-16,US,Kansas,Sheridan,2,0,0,39.35018161,-100.44182590000001,20179.0,2,2,0,0,2,2,2533,0,0,0,0,0
2020-05-16,US,Kansas,Sherman,6,0,0,39.35147699,-101.71976240000001,20181.0,6,5,0,0,5,5,5899,1,0,0,1,0
2020-05-16,US,Kansas,Smith,2,0,0,39.78516566,-98.78566062,20183.0,2,2,0,0,2,2,3603,0,0,0,0,0
2020-05-16,US,Kansas,Stafford,1,0,0,38.03100851,-98.71762001,20185.0,1,1,0,0,1,1,4178,0,0,0,0,0
2020-05-16,US,Kansas,Stanton,9,0,0,37.56304714,-101.78435340000001,20187.0,9,9,0,0,9,9,1987,0,0,0,0,0
2020-05-16,US,Kansas,Stevens,26,0,0,37.1923008,-101.3118967,20189.0,26,26,0,0,26,26,5559,0,0,0,0,0
2020-05-16,US,Kansas,Sumner,6,1,0,37.23682549,-97.47721621,20191.0,5,6,1,0,5,5,22996,0,0,0,0,1
2020-05-16,US,Kansas,Wabaunsee,28,0,0,38.95471985,-96.20350509,20197.0,28,28,0,0,28,27,6899,0,0,0,0,1
2020-05-16,US,Kansas,Wichita,1,0,0,38.48178252,-101.3471509,20203.0,1,1,0,0,1,,2105,0,0,0,0,
2020-05-16,US,Kansas,Wilson,1,0,0,37.55937174,-95.74323255,20205.0,1,1,0,0,1,1,8665,0,0,0,0,0
2020-05-16,US,Kansas,Woodson,6,0,0,37.8865336,-95.74006277,20207.0,6,6,0,0,6,6,3183,0,0,0,0,0
2020-05-16,US,Kansas,Wyandotte,1153,70,0,39.11727348,-94.76378225,20209.0,1083,1129,69,0,1060,1114,165324,24,1,0,23,15
2020-05-16,US,Kentucky,Adair,92,14,0,37.10459774,-85.28129668,21001.0,78,92,14,0,78,91,19215,0,0,0,0,1
2020-05-16,US,Kentucky,Allen,38,1,0,36.75197631,-86.19457544,21003.0,37,37,1,0,36,33,21122,1,0,0,1,4
2020-05-16,US,Kentucky,Anderson,10,1,0,38.00671029,-84.99171713,21005.0,9,10,1,0,9,10,22663,0,0,0,0,0
2020-05-16,US,Kentucky,Ballard,10,0,0,37.05842757,-88.99427697,21007.0,10,10,0,0,10,10,7979,0,0,0,0,0
2020-05-16,US,Kentucky,Barren,34,0,0,36.96469836,-85.93338945,21009.0,34,34,0,0,34,34,44176,0,0,0,0,0
2020-05-16,US,Kentucky,Bath,7,1,0,38.14735938,-83.74588932,21011.0,6,7,1,0,6,7,12383,0,0,0,0,0
2020-05-16,US,Kentucky,Boone,316,8,0,38.97065142,-84.72615357,21015.0,308,285,8,0,277,276,131533,31,0,0,31,9
2020-05-16,US,Kentucky,Bourbon,8,1,0,38.2054607,-84.21827874,21017.0,7,8,1,0,7,8,20184,0,0,0,0,0
2020-05-16,US,Kentucky,Boyd,38,3,0,38.36176608,-82.68652187,21019.0,35,38,3,0,35,38,47240,0,0,0,0,0
2020-05-16,US,Kentucky,Boyle,18,0,0,37.62680923,-84.8633779,21021.0,18,18,0,0,18,18,30100,0,0,0,0,0
2020-05-16,US,Kentucky,Bracken,9,0,0,38.69158994,-84.08532444,21023.0,9,9,0,0,9,9,8239,0,0,0,0,0
2020-05-16,US,Kentucky,Breathitt,2,0,0,37.52333168,-83.31959161,21025.0,2,2,0,0,2,2,12726,0,0,0,0,0
2020-05-16,US,Kentucky,Breckinridge,14,0,0,37.77377239,-86.42885017,21027.0,14,14,0,0,14,14,20388,0,0,0,0,0
2020-05-16,US,Kentucky,Bullitt,93,4,0,37.97162523,-85.68955617,21029.0,89,92,4,0,88,89,81069,1,0,0,1,3
2020-05-16,US,Kentucky,Butler,217,6,0,37.20946153,-86.68748787,21031.0,211,212,6,0,206,205,12772,5,0,0,5,7
2020-05-16,US,Kentucky,Caldwell,12,0,0,37.14749129,-87.86948214,21033.0,12,12,0,0,12,12,12715,0,0,0,0,0
2020-05-16,US,Kentucky,Calloway,46,1,0,36.62093411,-88.2731593,21035.0,45,43,1,0,42,43,39135,3,0,0,3,0
2020-05-16,US,Kentucky,Campbell,131,10,0,38.94384345,-84.37875208,21037.0,121,129,10,0,119,128,93152,2,0,0,2,1
2020-05-16,US,Kentucky,Carlisle,3,1,0,36.85372876,-88.96692220000001,21039.0,2,3,1,0,2,3,4771,0,0,0,0,0
2020-05-16,US,Kentucky,Carroll,2,0,0,38.66599534,-85.12601074,21041.0,2,2,0,0,2,2,10737,0,0,0,0,0
2020-05-16,US,Kentucky,Carter,8,0,0,38.31690743,-83.05092385,21043.0,8,8,0,0,8,7,27004,0,0,0,0,1
2020-05-16,US,Kentucky,Casey,2,0,0,37.32533118,-84.92726209,21045.0,2,2,0,0,2,2,15888,0,0,0,0,0
2020-05-16,US,Kentucky,Christian,95,3,0,36.89267803,-87.49055367,21047.0,92,95,3,0,92,95,71671,0,0,0,0,0
2020-05-16,US,Kentucky,Clark,20,0,0,37.9689263,-84.14615986,21049.0,20,20,0,0,20,20,36249,0,0,0,0,0
2020-05-16,US,Kentucky,Clay,2,0,0,37.16451126,-83.712575,21051.0,2,2,0,0,2,2,20105,0,0,0,0,0
2020-05-16,US,Kentucky,Clinton,3,0,0,36.72581156,-85.13377529,21053.0,3,3,0,0,3,3,10206,0,0,0,0,0
2020-05-16,US,Kentucky,Crittenden,4,1,0,37.35839237,-88.08826090000002,21055.0,3,4,1,0,3,4,8915,0,0,0,0,0
2020-05-16,US,Kentucky,Cumberland,5,0,0,36.78926125,-85.39050034,21057.0,5,5,0,0,5,5,6659,0,0,0,0,0
2020-05-16,US,Kentucky,Daviess,287,4,0,37.73028906,-87.09019479999998,21059.0,283,287,4,0,283,277,101104,0,0,0,0,10
2020-05-16,US,Kentucky,Edmonson,50,6,0,37.21218923,-86.23955613,21061.0,44,49,6,0,43,46,12274,1,0,0,1,3
2020-05-16,US,Kentucky,Fayette,550,12,0,38.0368225,-84.45576892,21067.0,538,530,12,0,518,467,323780,20,0,0,20,63
2020-05-16,US,Kentucky,Fleming,1,0,0,38.36758311,-83.69657514,21069.0,1,1,0,0,1,2,14432,0,0,0,0,-1
2020-05-16,US,Kentucky,Floyd,16,0,0,37.56213922,-82.74750924,21071.0,16,16,0,0,16,16,35845,0,0,0,0,0
2020-05-16,US,Kentucky,Franklin,20,0,0,38.2379395,-84.87962551,21073.0,20,18,0,0,18,18,50815,2,0,0,2,0
2020-05-16,US,Kentucky,Fulton,1,0,0,36.55238827,-89.20140068,21075.0,1,1,0,0,1,1,6120,0,0,0,0,0
2020-05-16,US,Kentucky,Gallatin,2,0,0,38.75398691,-84.8558382,21077.0,2,2,0,0,2,2,8832,0,0,0,0,0
2020-05-16,US,Kentucky,Garrard,4,0,0,37.638866799999995,-84.53289319,21079.0,4,4,0,0,4,4,17560,0,0,0,0,0
2020-05-16,US,Kentucky,Grant,32,3,0,38.64962758,-84.62415957,21081.0,29,32,3,0,29,31,25121,0,0,0,0,1
2020-05-16,US,Kentucky,Graves,152,18,0,36.72292505,-88.65143315,21083.0,134,152,18,0,134,152,37317,0,0,0,0,0
2020-05-16,US,Kentucky,Grayson,103,8,0,37.46231118,-86.34248968,21085.0,95,103,8,0,95,101,26321,0,0,0,0,2
2020-05-16,US,Kentucky,Green,1,0,0,37.26484328,-85.5540745,21087.0,1,1,0,0,1,1,11049,0,0,0,0,0
2020-05-16,US,Kentucky,Greenup,13,0,0,38.54332505,-82.9215658,21089.0,13,13,0,0,13,13,35268,0,0,0,0,0
2020-05-16,US,Kentucky,Hancock,7,0,0,37.83766422,-86.78280584,21091.0,7,7,0,0,7,7,8758,0,0,0,0,0
2020-05-16,US,Kentucky,Hardin,73,2,0,37.6976111,-85.96319251,21093.0,71,71,2,0,69,72,110356,2,0,0,2,-1
2020-05-16,US,Kentucky,Harlan,1,0,0,36.85699301,-83.21899516,21095.0,1,1,0,0,1,1,26409,0,0,0,0,0
2020-05-16,US,Kentucky,Harrison,19,0,0,38.44188174,-84.32869741,21097.0,19,19,0,0,19,19,18778,0,0,0,0,0
2020-05-16,US,Kentucky,Hart,15,0,0,37.29943898,-85.88461055,21099.0,15,15,0,0,15,16,18906,0,0,0,0,-1
2020-05-16,US,Kentucky,Henderson,87,3,0,37.79344553,-87.57392021,21101.0,84,85,3,0,82,83,45591,2,0,0,2,2
2020-05-16,US,Kentucky,Henry,12,0,0,38.44942688,-85.11587507,21103.0,12,12,0,0,12,11,16106,0,0,0,0,1
2020-05-16,US,Kentucky,Hickman,5,0,0,36.67948079999999,-88.97875928,21105.0,5,5,0,0,5,5,4421,0,0,0,0,0
2020-05-16,US,Kentucky,Hopkins,215,27,0,37.30939025,-87.54670406,21107.0,188,215,27,0,188,215,45068,0,0,0,0,0
2020-05-16,US,Kentucky,Jackson,57,12,0,37.41866422,-83.99825483,21109.0,45,57,12,0,45,57,13442,0,0,0,0,0
2020-05-16,US,Kentucky,Jefferson,1865,117,0,38.18664655,-85.65931031,21111.0,1748,1772,116,0,1656,1741,770517,93,1,0,92,31
2020-05-16,US,Kentucky,Jessamine,50,0,0,37.87119786,-84.58252003,21113.0,50,50,0,0,50,50,53920,0,0,0,0,0
2020-05-16,US,Kentucky,Johnson,5,0,0,37.85106355,-82.8264322,21115.0,5,5,0,0,5,5,22386,0,0,0,0,0
2020-05-16,US,Kentucky,Kenton,444,30,0,38.93950319,-84.53241199,21117.0,414,437,30,0,407,432,166051,7,0,0,7,5
2020-05-16,US,Kentucky,Knott,4,0,0,37.35388197,-82.94981134,21119.0,4,4,0,0,4,4,15126,0,0,0,0,0
2020-05-16,US,Kentucky,Knox,8,0,0,36.89225732,-83.85403396,21121.0,8,7,0,0,7,7,31304,1,0,0,1,0
2020-05-16,US,Kentucky,Larue,6,0,0,37.54567114,-85.70138352,21123.0,6,6,0,0,6,6,14307,0,0,0,0,0
2020-05-16,US,Kentucky,Laurel,21,2,0,37.10975748,-84.11321779,21125.0,19,21,2,0,19,21,60669,0,0,0,0,0
2020-05-16,US,Kentucky,Lawrence,1,0,0,38.07136018,-82.72882223,21127.0,1,2,0,0,2,2,15571,-1,0,0,-1,0
2020-05-16,US,Kentucky,Leslie,6,0,0,37.09246661,-83.37999606,21131.0,6,5,0,0,5,6,10143,1,0,0,1,-1
2020-05-16,US,Kentucky,Letcher,5,0,0,37.12306748,-82.85346474,21133.0,5,5,0,0,5,5,21899,0,0,0,0,0
2020-05-16,US,Kentucky,Lewis,8,0,0,38.53184419,-83.37735618,21135.0,8,8,0,0,8,8,13257,0,0,0,0,0
2020-05-16,US,Kentucky,Lincoln,7,1,0,37.45475628,-84.6565327,21137.0,6,7,1,0,6,5,24644,0,0,0,0,2
2020-05-16,US,Kentucky,Livingston,7,0,0,37.21137452,-88.34797529,21139.0,7,7,0,0,7,7,9242,0,0,0,0,0
2020-05-16,US,Kentucky,Logan,87,1,0,36.85949479,-86.877635,21141.0,86,80,1,0,79,77,26989,7,0,0,7,3
2020-05-16,US,Kentucky,Lyon,14,3,0,37.02080035,-88.07886257,21143.0,11,14,3,0,11,14,8009,0,0,0,0,0
2020-05-16,US,Kentucky,Madison,43,1,0,37.71659336,-84.27220275,21151.0,42,42,1,0,41,41,92368,1,0,0,1,1
2020-05-16,US,Kentucky,Magoffin,1,0,0,37.70820545,-83.0657714,21153.0,1,,,,,,12362,,,,,
2020-05-16,US,Kentucky,Marion,17,0,0,37.55218078,-85.26898542,21155.0,17,17,0,0,17,17,19404,0,0,0,0,0
2020-05-16,US,Kentucky,Marshall,35,2,0,36.88007070000001,-88.32803576,21157.0,33,35,2,0,33,34,31191,0,0,0,0,1
2020-05-16,US,Kentucky,Martin,3,0,0,37.79990579,-82.51247478,21159.0,3,3,0,0,3,3,11323,0,0,0,0,0
2020-05-16,US,Kentucky,Mason,8,0,0,38.59471935,-83.82151043,21161.0,8,8,0,0,8,8,17150,0,0,0,0,0
2020-05-16,US,Kentucky,McCracken,81,2,0,37.05350953,-88.70445755,21145.0,79,80,2,0,78,76,65346,1,0,0,1,4
2020-05-16,US,Kentucky,McCreary,13,0,0,36.73874143,-84.48102924,21147.0,13,13,0,0,13,13,17408,0,0,0,0,0
2020-05-16,US,Kentucky,McLean,19,1,0,37.5301951,-87.26803443,21149.0,18,18,1,0,17,18,9252,1,0,0,1,0
2020-05-16,US,Kentucky,Meade,20,2,0,37.96163597,-86.21028219,21163.0,18,18,2,0,16,18,28715,2,0,0,2,0
2020-05-16,US,Kentucky,Menifee,3,0,0,37.94090733,-83.59985712,21165.0,3,3,0,0,3,3,6451,0,0,0,0,0
2020-05-16,US,Kentucky,Mercer,12,0,0,37.81474237,-84.87488475,21167.0,12,12,0,0,12,12,21774,0,0,0,0,0
2020-05-16,US,Kentucky,Metcalfe,3,0,0,36.99459295,-85.63123699,21169.0,3,3,0,0,3,3,10030,0,0,0,0,0
2020-05-16,US,Kentucky,Monroe,6,0,0,36.71225341,-85.71596443,21171.0,6,6,0,0,6,6,10718,0,0,0,0,0
2020-05-16,US,Kentucky,Montgomery,16,0,0,38.03253032,-83.9145241,21173.0,16,16,0,0,16,16,28203,0,0,0,0,0
2020-05-16,US,Kentucky,Morgan,1,0,0,37.92465657,-83.25558245,21175.0,1,1,0,0,1,1,13345,0,0,0,0,0
2020-05-16,US,Kentucky,Muhlenberg,465,7,0,37.21425819,-87.14632053,21177.0,458,464,6,0,458,457,30774,1,1,0,0,7
2020-05-16,US,Kentucky,Nelson,32,0,0,37.80335779,-85.4657193,21179.0,32,32,0,0,32,32,45851,0,0,0,0,0
2020-05-16,US,Kentucky,Nicholas,1,0,0,38.33342292,-84.01889177,21181.0,1,1,0,0,1,1,7166,0,0,0,0,0
2020-05-16,US,Kentucky,Ohio,113,0,0,37.47751843,-86.85368087,21183.0,113,108,0,0,108,85,24087,5,0,0,5,23
2020-05-16,US,Kentucky,Oldham,55,0,0,38.39791089,-85.448222,21185.0,55,50,0,0,50,50,66470,5,0,0,5,0
2020-05-16,US,Kentucky,Owen,1,0,0,38.51679143,-84.82404619,21187.0,1,1,0,0,1,1,10880,0,0,0,0,0
2020-05-16,US,Kentucky,Owsley,2,0,0,37.42823949,-83.68811419,21189.0,2,2,0,0,2,2,4472,0,0,0,0,0
2020-05-16,US,Kentucky,Pendleton,6,0,0,38.69607718,-84.35599463,21191.0,6,6,0,0,6,6,14529,0,0,0,0,0
2020-05-16,US,Kentucky,Perry,19,0,0,37.25023553,-83.22922731,21193.0,19,19,0,0,19,18,26092,0,0,0,0,1
2020-05-16,US,Kentucky,Pike,28,2,0,37.47088263,-82.39487445,21195.0,26,23,2,0,21,22,58402,5,0,0,5,1
2020-05-16,US,Kentucky,Powell,1,0,0,37.83218794,-83.82553961,21197.0,1,1,0,0,1,1,12442,0,0,0,0,0
2020-05-16,US,Kentucky,Pulaski,49,2,0,37.10466131,-84.57629079,21199.0,47,47,2,0,45,47,64623,2,0,0,2,0
2020-05-16,US,Kentucky,Rockcastle,12,0,0,37.36642393,-84.31176452,21203.0,12,12,0,0,12,12,16750,0,0,0,0,0
2020-05-16,US,Kentucky,Rowan,6,0,0,38.19484205,-83.42088935,21205.0,6,6,0,0,6,6,24583,0,0,0,0,0
2020-05-16,US,Kentucky,Russell,23,4,0,36.99308373,-85.06070117,21207.0,19,19,4,0,15,19,17821,4,0,0,4,0
2020-05-16,US,Kentucky,Scott,34,0,0,38.29622293,-84.5816631,21209.0,34,34,0,0,34,33,56031,0,0,0,0,1
2020-05-16,US,Kentucky,Shelby,75,3,0,38.21476019,-85.194223,21211.0,72,65,3,0,62,54,48518,10,0,0,10,11
2020-05-16,US,Kentucky,Simpson,37,2,0,36.74058474,-86.58047435,21213.0,35,35,2,0,33,35,18529,2,0,0,2,0
2020-05-16,US,Kentucky,Spencer,16,0,0,38.03223971,-85.32749335,21215.0,16,16,0,0,16,16,18794,0,0,0,0,0
2020-05-16,US,Kentucky,Taylor,9,0,0,37.3677562,-85.3329931,21217.0,9,9,0,0,9,9,25549,0,0,0,0,0
2020-05-16,US,Kentucky,Todd,17,0,0,36.8381152,-87.17878374,21219.0,17,17,0,0,17,15,12311,0,0,0,0,2
2020-05-16,US,Kentucky,Trigg,9,0,0,36.80767017,-87.87333656,21221.0,9,9,0,0,9,9,14643,0,0,0,0,0
2020-05-16,US,Kentucky,Trimble,3,0,0,38.61056487,-85.33775972,21223.0,3,3,0,0,3,3,8515,0,0,0,0,0
2020-05-16,US,Kentucky,Unassigned,31,0,0,0.0,0.0,90021.0,31,31,0,0,31,31,,0,0,0,0,0
2020-05-16,US,Kentucky,Union,10,0,0,37.66166713,-87.94300009,21225.0,10,10,0,0,10,10,14505,0,0,0,0,0
2020-05-16,US,Kentucky,Warren,776,2,0,36.99903045,-86.42672751,21227.0,774,751,2,0,749,730,131264,25,0,0,25,21
2020-05-16,US,Kentucky,Washington,6,0,0,37.75599461,-85.17407732,21229.0,6,5,0,0,5,5,12084,1,0,0,1,0
2020-05-16,US,Kentucky,Wayne,8,0,0,36.80310688,-84.8251971,21231.0,8,8,0,0,8,8,20468,0,0,0,0,0
2020-05-16,US,Kentucky,Webster,32,0,0,37.52168356,-87.67989953,21233.0,32,32,0,0,32,31,13111,0,0,0,0,1
2020-05-16,US,Kentucky,Whitley,12,0,0,36.75700531,-84.14541217,21235.0,12,12,0,0,12,12,36242,0,0,0,0,0
2020-05-16,US,Kentucky,Woodford,19,0,0,38.04178222,-84.7417556,21239.0,19,19,0,0,19,19,26533,0,0,0,0,0
2020-05-16,US,Louisiana,Acadia,192,11,0,30.295064899999996,-92.41419698,22001.0,181,189,11,0,178,159,62190,3,0,0,3,30
2020-05-16,US,Louisiana,Allen,99,10,0,30.65385745,-92.82442028,22003.0,89,94,10,0,84,94,25605,5,0,0,5,0
2020-05-16,US,Louisiana,Ascension,752,49,0,30.20406249,-90.91328409999998,22005.0,703,749,48,0,701,745,124672,3,1,0,2,4
2020-05-16,US,Louisiana,Assumption,229,11,0,29.89946234,-91.06461642,22007.0,218,235,11,0,224,234,22300,-6,0,0,-6,1
2020-05-16,US,Louisiana,Avoyelles,89,9,0,31.07796211,-92.00079449,22009.0,80,80,9,0,71,79,40462,9,0,0,9,1
2020-05-16,US,Louisiana,Beauregard,51,4,0,30.64836518,-93.34173616,22011.0,47,50,4,0,46,49,37253,1,0,0,1,1
2020-05-16,US,Louisiana,Bienville,82,20,0,32.34569994,-93.05398492,22013.0,62,83,20,0,63,81,13308,-1,0,0,-1,2
2020-05-16,US,Louisiana,Bossier,342,23,0,32.67932307,-93.60460152,22015.0,319,336,23,0,313,327,127185,6,0,0,6,9
2020-05-16,US,Louisiana,Caddo,1864,155,0,32.57991587,-93.88375652,22017.0,1709,1846,147,0,1699,1818,242922,18,8,0,10,28
2020-05-16,US,Louisiana,Calcasieu,514,40,0,30.22931235,-93.35400434,22019.0,474,513,40,0,473,507,203112,1,0,0,1,6
2020-05-16,US,Louisiana,Caldwell,50,0,0,32.0902519,-92.11752148,22021.0,50,48,0,0,48,48,9960,2,0,0,2,0
2020-05-16,US,Louisiana,Cameron,3,0,0,29.87592238,-93.19310676,22023.0,3,3,0,0,3,3,6968,0,0,0,0,0
2020-05-16,US,Louisiana,Catahoula,104,3,0,31.66778967,-91.84526385,22025.0,101,103,3,0,100,103,9608,1,0,0,1,0
2020-05-16,US,Louisiana,Claiborne,58,10,0,32.82308512,-92.99526883,22027.0,48,59,10,0,49,59,15944,-1,0,0,-1,0
2020-05-16,US,Louisiana,Concordia,56,4,0,31.44817835,-91.63814433,22029.0,52,55,4,0,51,54,19572,1,0,0,1,1
2020-05-16,US,Louisiana,De Soto,218,15,0,32.05457447,-93.74130302,22031.0,203,225,14,0,211,223,27436,-7,1,0,-8,2
2020-05-16,US,Louisiana,East Baton Rouge,3009,208,0,30.53842039,-91.09777565,22033.0,2801,2953,205,0,2748,2898,440956,56,3,0,53,55
2020-05-16,US,Louisiana,East Carroll,32,0,0,32.73926954,-91.23425694,22035.0,32,26,0,0,26,25,7037,6,0,0,6,1
2020-05-16,US,Louisiana,East Feliciana,176,22,0,30.84425359,-91.04976723,22037.0,154,172,21,0,151,169,19305,4,1,0,3,3
2020-05-16,US,Louisiana,Evangeline,66,1,0,30.72985248,-92.39915924,22039.0,65,74,1,0,73,74,33443,-8,0,0,-8,0
2020-05-16,US,Louisiana,Franklin,268,8,0,32.13675181,-91.67589857,22041.0,260,266,8,0,258,266,20156,2,0,0,2,0
2020-05-16,US,Louisiana,Grant,20,1,0,31.59882456,-92.56124347,22043.0,19,20,1,0,19,18,22482,0,0,0,0,2
2020-05-16,US,Louisiana,Iberia,353,32,0,29.86803617,-91.75871777,22045.0,321,352,31,0,321,352,70941,1,1,0,0,0
2020-05-16,US,Louisiana,Iberville,524,38,0,30.25734305,-91.3499598,22047.0,486,543,38,0,505,537,32721,-19,0,0,-19,6
2020-05-16,US,Louisiana,Jackson,68,9,0,32.30251776,-92.55692092,22049.0,59,69,8,0,61,70,15902,-1,1,0,-2,-1
2020-05-16,US,Louisiana,Jefferson,6982,427,0,29.74075478,-90.11115756,22051.0,6555,6897,424,0,6473,6860,434051,85,3,0,82,37
2020-05-16,US,Louisiana,Jefferson Davis,69,6,0,30.26896765,-92.81210004,22053.0,63,70,6,0,64,69,31582,-1,0,0,-1,1
2020-05-16,US,Louisiana,LaSalle,37,0,0,31.67884782,-92.15907765,22059.0,37,36,0,0,36,35,14917,1,0,0,1,1
2020-05-16,US,Louisiana,Lafayette,578,23,0,30.2049055,-92.06959876,22055.0,555,543,23,0,520,541,242782,35,0,0,35,2
2020-05-16,US,Louisiana,Lafourche,738,63,0,29.52470226,-90.40976986,22057.0,675,724,63,0,661,719,98115,14,0,0,14,5
2020-05-16,US,Louisiana,Lincoln,119,13,0,32.6003154,-92.66597409999999,22061.0,106,122,13,0,109,116,47196,-3,0,0,-3,6
2020-05-16,US,Louisiana,Livingston,344,24,0,30.44143993,-90.73061664,22063.0,320,347,23,0,324,343,139567,-3,1,0,-4,4
2020-05-16,US,Louisiana,Madison,24,0,0,32.36918118,-91.23973355,22065.0,24,24,0,0,24,18,11161,0,0,0,0,6
2020-05-16,US,Louisiana,Morehouse,85,5,0,32.81686191,-91.80421614,22067.0,80,92,5,0,87,89,25398,-7,0,0,-7,3
2020-05-16,US,Louisiana,Natchitoches,101,12,0,31.72321584,-93.09816516,22069.0,89,102,12,0,90,102,38659,-1,0,0,-1,0
2020-05-16,US,Louisiana,Orleans,6781,495,0,30.06971951,-89.92660315,22071.0,6286,6787,489,0,6298,6768,391006,-6,6,0,-12,19
2020-05-16,US,Louisiana,Ouachita,931,31,0,32.47645559,-92.15704172,22073.0,900,891,31,0,860,869,154475,40,0,0,40,22
2020-05-16,US,Louisiana,Plaquemines,194,16,0,29.42245447,-89.60322085,22075.0,178,193,16,0,177,192,23410,1,0,0,1,1
2020-05-16,US,Louisiana,Pointe Coupee,163,20,0,30.71409502,-91.60209535,22077.0,143,155,18,0,137,152,21940,8,2,0,6,3
2020-05-16,US,Louisiana,Rapides,437,14,0,31.19778499,-92.52997303,22079.0,423,424,14,0,410,417,130562,13,0,0,13,7
2020-05-16,US,Louisiana,Red River,42,6,0,32.09530039,-93.34213308,22081.0,36,40,6,0,34,38,8477,2,0,0,2,2
2020-05-16,US,Louisiana,Richland,106,1,0,32.41391005,-91.76634876,22083.0,105,106,1,0,105,104,20192,0,0,0,0,2
2020-05-16,US,Louisiana,Sabine,29,0,0,31.56388699,-93.55433981,22085.0,29,29,0,0,29,29,24032,0,0,0,0,0
2020-05-16,US,Louisiana,St. Bernard,511,18,0,29.87761636,-89.51887093,22087.0,493,517,18,0,499,516,46721,-6,0,0,-6,1
2020-05-16,US,Louisiana,St. Charles,613,41,0,29.90709658,-90.35555967,22089.0,572,606,41,0,565,602,52879,7,0,0,7,4
2020-05-16,US,Louisiana,St. Helena,41,1,0,30.82210324,-90.71013176,22091.0,40,40,1,0,39,38,10262,1,0,0,1,2
2020-05-16,US,Louisiana,St. James,282,23,0,30.02531716,-90.80212061,22093.0,259,284,23,0,261,284,21037,-2,0,0,-2,0
2020-05-16,US,Louisiana,St. John the Baptist,829,77,0,30.12597499,-90.4753503,22095.0,752,830,77,0,753,820,43184,-1,0,0,-1,10
2020-05-16,US,Louisiana,St. Landry,230,51,0,30.59724262,-92.00135806,22097.0,179,244,51,0,193,244,82764,-14,0,0,-14,0
2020-05-16,US,Louisiana,St. Martin,272,22,0,30.13112107,-91.61403569,22099.0,250,278,22,0,256,278,53621,-6,0,0,-6,0
2020-05-16,US,Louisiana,St. Mary,269,29,0,29.69262097,-91.44702164,22101.0,240,268,28,0,240,263,49774,1,1,0,0,5
2020-05-16,US,Louisiana,St. Tammany,1528,142,0,30.40942847,-89.95642711,22103.0,1386,1520,143,0,1377,1511,258111,8,-1,0,9,9
2020-05-16,US,Louisiana,Tangipahoa,719,31,0,30.62888673,-90.40664996,22105.0,688,707,30,0,677,696,133777,12,1,0,11,11
2020-05-16,US,Louisiana,Tensas,5,0,0,32.00760749,-91.32915234,22107.0,5,6,0,0,6,6,4462,-1,0,0,-1,0
2020-05-16,US,Louisiana,Terrebonne,567,43,0,29.37343766,-90.82626855,22109.0,524,557,43,0,514,550,111021,10,0,0,10,7
2020-05-16,US,Louisiana,Unassigned,72,66,0,0.0,0.0,90022.0,6,65,66,0,-1,65,,7,0,0,7,0
2020-05-16,US,Louisiana,Union,236,14,0,32.83121059,-92.3749373,22111.0,222,238,13,0,225,231,22330,-2,1,0,-3,7
2020-05-16,US,Louisiana,Vermilion,44,3,0,29.83517605,-92.30292538,22113.0,41,43,3,0,40,42,59830,1,0,0,1,1
2020-05-16,US,Louisiana,Vernon,20,2,0,31.10884837,-93.18153838,22115.0,18,19,2,0,17,19,48860,1,0,0,1,0
2020-05-16,US,Louisiana,Washington,363,32,0,30.85288548,-90.03866652,22117.0,331,357,31,0,326,356,46582,6,1,0,5,1
2020-05-16,US,Louisiana,Webster,113,5,0,32.70847669,-93.33121835,22119.0,108,112,5,0,107,112,38798,1,0,0,1,0
2020-05-16,US,Louisiana,West Baton Rouge,148,30,0,30.46058217,-91.30989571,22121.0,118,150,30,0,120,150,26427,-2,0,0,-2,0
2020-05-16,US,Louisiana,West Carroll,12,0,0,32.78550125,-91.461201,22123.0,12,11,0,0,11,6,10982,1,0,0,1,5
2020-05-16,US,Louisiana,West Feliciana,184,8,0,30.87882871,-91.41485379999999,22125.0,176,184,8,0,176,181,15460,0,0,0,0,3
2020-05-16,US,Louisiana,Winn,80,2,0,31.94449367,-92.63789413,22127.0,78,76,2,0,74,66,14134,4,0,0,4,10
2020-05-16,US,Maine,Androscoggin,120,2,0,44.1664747,-70.20380627,23001.0,118,113,2,0,111,109,107679,7,0,0,7,4
2020-05-16,US,Maine,Aroostook,7,0,0,46.65926321,-68.59841248,23003.0,7,7,0,0,7,7,67111,0,0,0,0,0
2020-05-16,US,Maine,Cumberland,821,35,0,43.8370751,-70.37226999,23005.0,786,798,34,0,764,778,293557,23,1,0,22,20
2020-05-16,US,Maine,Franklin,33,1,0,44.97330019,-70.44381045,23007.0,32,33,1,0,32,31,29897,0,0,0,0,2
2020-05-16,US,Maine,Hancock,10,1,0,44.59816444,-68.38401854,23009.0,9,10,1,0,9,10,54811,0,0,0,0,0
2020-05-16,US,Maine,Kennebec,120,8,0,44.40759555,-69.76738544,23011.0,112,116,8,0,108,113,122083,4,0,0,4,3
2020-05-16,US,Maine,Knox,21,0,0,44.11486325,-69.10529169,23013.0,21,21,0,0,21,19,39771,0,0,0,0,2
2020-05-16,US,Maine,Lincoln,17,0,0,44.05996956,-69.54227124,23015.0,17,16,0,0,16,15,34342,1,0,0,1,1
2020-05-16,US,Maine,Oxford,17,0,0,44.49952995,-70.75682123,23017.0,17,17,0,0,17,17,57618,0,0,0,0,0
2020-05-16,US,Maine,Penobscot,93,1,0,45.40194593,-68.65020455,23019.0,92,91,1,0,90,91,151096,2,0,0,2,0
2020-05-16,US,Maine,Piscataquis,1,0,0,45.83839062,-69.2860223,23021.0,1,1,0,0,1,1,16800,0,0,0,0,0
2020-05-16,US,Maine,Sagadahoc,26,0,0,43.95415864,-69.85074999,23023.0,26,26,0,0,26,25,35634,0,0,0,0,1
2020-05-16,US,Maine,Somerset,20,0,0,45.51229767,-69.95995554,23025.0,20,19,0,0,19,18,50592,1,0,0,1,1
2020-05-16,US,Maine,Unassigned,2,0,0,0.0,0.0,90023.0,2,2,0,0,2,2,,0,0,0,0,0
2020-05-16,US,Maine,Waldo,50,14,0,44.4858305,-69.12061935,23027.0,36,50,14,0,36,50,39694,0,0,0,0,0
2020-05-16,US,Maine,Washington,2,0,0,45.01607142,-67.62813524,23029.0,2,2,0,0,2,2,31490,0,0,0,0,0
2020-05-16,US,Maine,York,288,8,0,43.47808377,-70.71052375,23031.0,280,281,8,0,273,277,206229,7,0,0,7,4
2020-05-16,US,Maryland,Allegany,160,13,0,39.62357628,-78.69280486,24001.0,147,151,13,0,138,150,70975,9,0,0,9,1
2020-05-16,US,Maryland,Anne Arundel,2801,141,0,39.00670238,-76.60329337,24003.0,2660,2752,136,0,2616,2661,576031,49,5,0,44,91
2020-05-16,US,Maryland,Baltimore,4549,240,0,39.45784712,-76.62911955,24005.0,4309,4399,234,0,4165,4290,828431,150,6,0,144,109
2020-05-16,US,Maryland,Baltimore City,3719,200,0,39.30211911,-76.61151012,24510.0,3519,3606,192,0,3414,3505,621342,113,8,0,105,101
2020-05-16,US,Maryland,Calvert,237,13,0,38.53961642,-76.56820632,24009.0,224,228,13,0,215,225,92003,9,0,0,9,3
2020-05-16,US,Maryland,Caroline,200,0,0,38.87172293,-75.82904158,24011.0,200,190,0,0,190,183,33304,10,0,0,10,7
2020-05-16,US,Maryland,Carroll,633,66,0,39.56453592,-77.02373735,24013.0,567,635,64,0,571,619,168429,-2,2,0,-4,16
2020-05-16,US,Maryland,Cecil,308,17,0,39.56647682,-75.94627411,24015.0,291,300,17,0,283,291,102826,8,0,0,8,9
2020-05-16,US,Maryland,Charles,844,62,0,38.51092331,-76.98580666,24017.0,782,829,61,0,768,796,161503,15,1,0,14,33
2020-05-16,US,Maryland,Dorchester,111,2,0,38.45413522,-76.02752426,24019.0,109,107,2,0,105,104,31998,4,0,0,4,3
2020-05-16,US,Maryland,Frederick,1402,89,0,39.47296601,-77.39999394,24021.0,1313,1364,88,0,1276,1325,255648,38,1,0,37,39
2020-05-16,US,Maryland,Garrett,7,0,0,39.52786077,-79.27355126,24023.0,7,6,0,0,6,6,29163,1,0,0,1,0
2020-05-16,US,Maryland,Harford,678,33,0,39.55010644,-76.30775940000002,24025.0,645,671,32,0,639,663,253956,7,1,0,6,8
2020-05-16,US,Maryland,Howard,1352,43,0,39.25305293,-76.93126208,24027.0,1309,1313,40,0,1273,1285,323196,39,3,0,36,28
2020-05-16,US,Maryland,Kent,138,14,0,39.24976208,-76.04741541,24029.0,124,131,14,0,117,125,19383,7,0,0,7,6
2020-05-16,US,Maryland,Montgomery,7988,461,0,39.13676329,-77.20358245,24031.0,7527,7759,449,0,7310,7548,1052567,229,12,0,217,211
2020-05-16,US,Maryland,Prince George's,11031,420,0,38.83070039,-76.8496441,24033.0,10611,10791,413,0,10378,10449,909308,240,7,0,233,342
2020-05-16,US,Maryland,Queen Anne's,112,9,0,39.06198912,-76.03530977,24035.0,103,108,9,0,99,106,50251,4,0,0,4,2
2020-05-16,US,Maryland,Somerset,55,0,0,38.1163542,-75.75118623,24039.0,55,54,0,0,54,51,25675,1,0,0,1,3
2020-05-16,US,Maryland,St. Mary's,306,10,0,38.30058422,-76.60629279999998,24037.0,296,299,9,0,290,271,112664,7,1,0,6,28
2020-05-16,US,Maryland,Talbot,68,1,0,38.76618159,-76.10882561,24041.0,67,65,1,0,64,64,36968,3,0,0,3,1
2020-05-16,US,Maryland,Unassigned,0,89,0,0.0,0.0,90024.0,-89,0,91,0,-91,0,,0,-2,0,2,0
2020-05-16,US,Maryland,Washington,332,9,0,39.60835778,-77.82002295,24043.0,323,320,9,0,311,305,150926,12,0,0,12,15
2020-05-16,US,Maryland,Wicomico,801,20,0,38.37301947,-75.62705831,24045.0,781,777,19,0,758,754,103195,24,1,0,23,23
2020-05-16,US,Maryland,Worcester,136,5,0,38.21274277,-75.33200012,24047.0,131,131,5,0,126,127,51823,5,0,0,5,4
2020-05-16,US,Massachusetts,Barnstable,1147,90,0,41.72980578,-70.28854339,25001.0,1057,1137,86,0,1051,1119,213413,10,4,0,6,18
2020-05-16,US,Massachusetts,Berkshire,495,37,0,42.37428441,-73.20524838,25003.0,458,491,37,0,454,488,126348,4,0,0,4,3
2020-05-16,US,Massachusetts,Bristol,5748,313,0,41.79228404,-71.10872211,25005.0,5435,5590,303,0,5287,5440,564022,158,10,0,148,150
2020-05-16,US,Massachusetts,Dukes and Nantucket,37,1,0,41.40674725,-70.68763497,0.0,36,36,2,0,34,36,26707,1,-1,0,2,0
2020-05-16,US,Massachusetts,Essex,12314,766,0,42.6687626,-70.94687179,25009.0,11548,12131,751,0,11380,11950,790638,183,15,0,168,181
2020-05-16,US,Massachusetts,Franklin,304,44,0,42.58119713,-72.58602547,25011.0,260,304,43,0,261,302,70963,0,1,0,-1,2
2020-05-16,US,Massachusetts,Hampden,5133,506,0,42.13440424,-72.63235561,25013.0,4627,5038,494,0,4544,4974,470406,95,12,0,83,64
2020-05-16,US,Massachusetts,Hampshire,751,69,0,42.33997957,-72.65898478,25015.0,682,738,67,0,671,724,161355,13,2,0,11,14
2020-05-16,US,Massachusetts,Middlesex,18883,1370,0,42.48607732,-71.39049229,25017.0,17513,18683,1347,0,17336,18381,1614714,200,23,0,177,302
2020-05-16,US,Massachusetts,Norfolk,7412,719,0,42.16073095,-71.20530408,25021.0,6693,7331,710,0,6621,7258,705388,81,9,0,72,73
2020-05-16,US,Massachusetts,Plymouth,6987,455,0,41.94070556,-70.80802823,25023.0,6532,6875,444,0,6431,6774,518132,112,11,0,101,101
2020-05-16,US,Massachusetts,Suffolk,16346,778,0,42.327951399999996,-71.07850442,25025.0,15568,15996,768,0,15228,15881,807252,350,10,0,340,115
2020-05-16,US,Massachusetts,Unassigned,309,3,0,0.0,0.0,90025.0,306,285,2,0,283,300,,24,1,0,23,-15
2020-05-16,US,Massachusetts,Worcester,9067,554,0,42.35026951,-71.90493363,25027.0,8513,8786,538,0,8248,8555,830839,281,16,0,265,231
2020-05-16,US,Michigan,Alcona,6,1,0,44.6846864,-83.59507875,26001.0,5,6,1,0,5,5,10362,0,0,0,0,1
2020-05-16,US,Michigan,Allegan,174,2,0,42.59147037,-85.89102866,26005.0,172,173,2,0,171,168,117327,1,0,0,1,5
2020-05-16,US,Michigan,Alpena,91,9,0,45.03477666,-83.62212411,26007.0,82,90,8,0,82,88,28360,1,1,0,0,2
2020-05-16,US,Michigan,Antrim,11,0,0,44.99690221,-85.15503082,26009.0,11,10,0,0,10,10,23365,1,0,0,1,0
2020-05-16,US,Michigan,Arenac,30,1,0,44.0636262,-83.89277559,26011.0,29,29,1,0,28,29,15041,1,0,0,1,0
2020-05-16,US,Michigan,Baraga,1,0,0,46.6720582,-88.36363591,26013.0,1,1,0,0,1,1,8320,0,0,0,0,0
2020-05-16,US,Michigan,Barry,56,1,0,42.59513984,-85.30834519,26015.0,55,56,1,0,55,58,61157,0,0,0,0,-2
2020-05-16,US,Michigan,Bay,234,15,0,43.70639106,-83.98731479,26017.0,219,228,14,0,214,226,103923,6,1,0,5,2
2020-05-16,US,Michigan,Benzie,4,0,0,44.63899297,-86.01608482,26019.0,4,4,0,0,4,4,17753,0,0,0,0,0
2020-05-16,US,Michigan,Berrien,500,28,0,41.95447397,-86.41313079999998,26021.0,472,485,28,0,457,470,154141,15,0,0,15,15
2020-05-16,US,Michigan,Branch,95,2,0,41.91600556,-85.05929476,26023.0,93,92,2,0,90,90,43622,3,0,0,3,2
2020-05-16,US,Michigan,Calhoun,295,18,0,42.24633834,-85.00493569,26025.0,277,290,18,0,272,286,134487,5,0,0,5,4
2020-05-16,US,Michigan,Cass,53,2,0,41.91522292,-85.99405727,26027.0,51,50,2,0,48,46,51653,3,0,0,3,4
2020-05-16,US,Michigan,Charlevoix,14,1,0,45.37790017,-85.19614053,26029.0,13,13,1,0,12,13,26244,1,0,0,1,0
2020-05-16,US,Michigan,Cheboygan,19,1,0,45.44787015,-84.50122149,26031.0,18,19,1,0,18,19,25413,0,0,0,0,0
2020-05-16,US,Michigan,Chippewa,3,0,0,46.29552653,-84.54353449,26033.0,3,2,0,0,2,2,37517,1,0,0,1,0
2020-05-16,US,Michigan,Clare,14,2,0,43.98794227,-84.84819859999998,26035.0,12,14,2,0,12,14,30757,0,0,0,0,0
2020-05-16,US,Michigan,Clinton,132,10,0,42.94400871,-84.60145248,26037.0,122,132,10,0,122,129,79332,0,0,0,0,3
2020-05-16,US,Michigan,Crawford,57,4,0,44.68255561,-84.61006219,26039.0,53,57,4,0,53,57,13901,0,0,0,0,0
2020-05-16,US,Michigan,Delta,14,2,0,45.90484910000001,-86.9080745,26041.0,12,14,2,0,12,14,35857,0,0,0,0,0
2020-05-16,US,Michigan,Dickinson,5,2,0,46.00999672,-87.86961634,26043.0,3,5,2,0,3,5,25383,0,0,0,0,0
2020-05-16,US,Michigan,Eaton,162,6,0,42.59599185,-84.83740035,26045.0,156,162,6,0,156,161,109826,0,0,0,0,1
2020-05-16,US,Michigan,Emmet,21,2,0,45.52625509,-84.89083249,26047.0,19,21,2,0,19,21,33308,0,0,0,0,0
2020-05-16,US,Michigan,Federal Correctional Institution (FCI),116,3,0,0.0,0.0,0.0,113,115,3,0,112,115,,1,0,0,1,0
2020-05-16,US,Michigan,Genesee,1845,230,0,43.02244215,-83.70589709,26049.0,1615,1835,229,0,1606,1813,406892,10,1,0,9,22
2020-05-16,US,Michigan,Gladwin,17,1,0,43.98901072,-84.38774817,26051.0,16,17,1,0,16,17,25337,0,0,0,0,0
2020-05-16,US,Michigan,Gogebic,4,1,0,46.40862701,-89.69377193,26053.0,3,4,1,0,3,4,15096,0,0,0,0,0
2020-05-16,US,Michigan,Grand Traverse,23,5,0,44.69565625,-85.55585247,26055.0,18,23,5,0,18,23,92573,0,0,0,0,0
2020-05-16,US,Michigan,Gratiot,42,4,0,43.29265605,-84.60505416,26057.0,38,35,4,0,31,35,40599,7,0,0,7,0
2020-05-16,US,Michigan,Hillsdale,166,23,0,41.88753639,-84.59312019,26059.0,143,162,22,0,140,155,45749,4,1,0,3,7
2020-05-16,US,Michigan,Houghton,2,0,0,46.89988536,-88.68495385,26061.0,2,2,0,0,2,2,36219,0,0,0,0,0
2020-05-16,US,Michigan,Huron,41,1,0,43.83353985,-83.04078453,26063.0,40,38,1,0,37,39,31166,3,0,0,3,-1
2020-05-16,US,Michigan,Ingham,643,21,0,42.59716886,-84.37472069,26065.0,622,629,20,0,609,619,292735,14,1,0,13,10
2020-05-16,US,Michigan,Ionia,118,3,0,42.94502238,-85.07413319,26067.0,115,116,3,0,113,114,64210,2,0,0,2,2
2020-05-16,US,Michigan,Iosco,58,8,0,44.35486835,-83.63484895,26069.0,50,57,8,0,49,56,25081,1,0,0,1,1
2020-05-16,US,Michigan,Isabella,62,7,0,43.64060976,-84.84664923,26073.0,55,62,7,0,55,62,70562,0,0,0,0,0
2020-05-16,US,Michigan,Jackson,416,26,0,42.24807035,-84.42258681,26075.0,390,416,26,0,390,411,158823,0,0,0,0,5
2020-05-16,US,Michigan,Kalamazoo,708,42,0,42.24542231,-85.53038622,26077.0,666,679,41,0,638,669,264870,29,1,0,28,10
2020-05-16,US,Michigan,Kalkaska,17,2,0,44.68512729,-85.09085699,26079.0,15,17,2,0,15,17,17824,0,0,0,0,0
2020-05-16,US,Michigan,Kent,2766,54,0,43.03197711,-85.54934642,26081.0,2712,2705,53,0,2652,2627,653786,61,1,0,60,78
2020-05-16,US,Michigan,Lake,3,0,0,43.99050893,-85.802173,26085.0,3,2,0,0,2,2,11881,1,0,0,1,0
2020-05-16,US,Michigan,Lapeer,180,30,0,43.09052506,-83.22153148,26087.0,150,179,30,0,149,176,88028,1,0,0,1,3
2020-05-16,US,Michigan,Leelanau,10,0,0,44.94430054,-85.80150326,26089.0,10,10,0,0,10,10,21764,0,0,0,0,0
2020-05-16,US,Michigan,Lenawee,134,3,0,41.89475156,-84.06603727,26091.0,131,132,3,0,129,132,98266,2,0,0,2,0
2020-05-16,US,Michigan,Livingston,383,25,0,42.60302282,-83.91297209,26093.0,358,381,25,0,356,380,191224,2,0,0,2,1
2020-05-16,US,Michigan,Luce,2,0,0,46.47227431,-85.54471223,26095.0,2,1,0,0,1,1,6283,1,0,0,1,0
2020-05-16,US,Michigan,Mackinac,6,0,0,46.07028979,-85.04980537,26097.0,6,6,0,0,6,6,10787,0,0,0,0,0
2020-05-16,US,Michigan,Macomb,6304,739,0,42.69158356,-82.92752801,26099.0,5565,6274,729,0,5545,6232,874759,30,10,0,20,42
2020-05-16,US,Michigan,Manistee,11,0,0,44.33352407,-86.05626916,26101.0,11,11,0,0,11,11,24528,0,0,0,0,0
2020-05-16,US,Michigan,Marquette,52,10,0,46.4338914,-87.64043701,26103.0,42,51,10,0,41,51,66516,1,0,0,1,0
2020-05-16,US,Michigan,Mason,25,0,0,43.99509218,-86.24988902,26105.0,25,25,0,0,25,23,29100,0,0,0,0,2
2020-05-16,US,Michigan,Mecosta,19,2,0,43.64064262,-85.32463223,26107.0,17,18,2,0,16,17,43545,1,0,0,1,1
2020-05-16,US,Michigan,Menominee,8,0,0,45.58038692,-87.55370409,26109.0,8,8,0,0,8,7,22983,0,0,0,0,1
2020-05-16,US,Michigan,Michigan Department of Corrections (MDOC),2227,56,0,0.0,0.0,0.0,2171,2227,56,0,2171,2171,,0,0,0,0,56
2020-05-16,US,Michigan,Midland,70,8,0,43.64330771,-84.38804374,26111.0,62,69,8,0,61,67,83209,1,0,0,1,2
2020-05-16,US,Michigan,Missaukee,16,1,0,44.33772443,-85.09256478,26113.0,15,16,1,0,15,16,15113,0,0,0,0,0
2020-05-16,US,Michigan,Monroe,420,18,0,41.92734151,-83.53749864,26115.0,402,417,18,0,399,415,150439,3,0,0,3,2
2020-05-16,US,Michigan,Montcalm,53,1,0,43.31082541,-85.15252824,26117.0,52,52,1,0,51,52,63968,1,0,0,1,0
2020-05-16,US,Michigan,Montmorency,5,0,0,45.0275929,-84.12696227,26119.0,5,5,0,0,5,5,9265,0,0,0,0,0
2020-05-16,US,Michigan,Muskegon,468,23,0,43.29123859,-86.15176712,26121.0,445,452,22,0,430,435,173588,16,1,0,15,17
2020-05-16,US,Michigan,Newaygo,41,0,0,43.554373999999996,-85.80070107,26123.0,41,41,0,0,41,38,48892,0,0,0,0,3
2020-05-16,US,Michigan,Oakland,8023,910,0,42.66090111,-83.38595416,26125.0,7113,7994,896,0,7098,7952,1259201,29,14,0,15,42
2020-05-16,US,Michigan,Oceana,47,2,0,43.64124435,-86.26726673,26127.0,45,46,2,0,44,44,26625,1,0,0,1,2
2020-05-16,US,Michigan,Ogemaw,17,0,0,44.33481032,-84.12725175,26129.0,17,16,0,0,16,16,20952,1,0,0,1,0
2020-05-16,US,Michigan,Osceola,9,0,0,43.98992088,-85.32566756,26133.0,9,9,0,0,9,9,23341,0,0,0,0,0
2020-05-16,US,Michigan,Oscoda,5,1,0,44.68192279,-84.12939244,26135.0,4,5,1,0,4,5,8276,0,0,0,0,0
2020-05-16,US,Michigan,Otsego,99,10,0,45.02085831,-84.59898295,26137.0,89,99,10,0,89,98,24665,0,0,0,0,1
2020-05-16,US,Michigan,Ottawa,518,24,0,42.95996803,-85.9969107,26139.0,494,501,24,0,477,483,290494,17,0,0,17,18
2020-05-16,US,Michigan,Out of MI,97,0,0,0.0,0.0,80026.0,97,97,0,0,97,93,,0,0,0,0,4
2020-05-16,US,Michigan,Presque Isle,11,0,0,45.34018577,-83.91498656,26141.0,11,11,0,0,11,11,12738,0,0,0,0,0
2020-05-16,US,Michigan,Roscommon,21,0,0,44.33473082,-84.61067651,26143.0,21,21,0,0,21,20,23884,0,0,0,0,1
2020-05-16,US,Michigan,Saginaw,903,97,0,43.33433923,-84.05131209999998,26145.0,806,877,95,0,782,866,190800,26,2,0,24,11
2020-05-16,US,Michigan,Sanilac,38,5,0,43.42406072,-82.82055898,26151.0,33,38,5,0,33,38,41182,0,0,0,0,0
2020-05-16,US,Michigan,Schoolcraft,4,0,0,46.19235734,-86.19972234,26153.0,4,4,0,0,4,4,8068,0,0,0,0,0
2020-05-16,US,Michigan,Shiawassee,223,19,0,42.95392800000001,-84.14585902,26155.0,204,222,19,0,203,219,68192,1,0,0,1,3
2020-05-16,US,Michigan,St. Clair,408,30,0,42.92655373,-82.67937954,26147.0,378,399,30,0,369,394,159337,9,0,0,9,5
2020-05-16,US,Michigan,St. Joseph,84,1,0,41.91441767,-85.52797979,26149.0,83,82,1,0,81,79,61043,2,0,0,2,3
2020-05-16,US,Michigan,Tuscola,166,18,0,43.46606813,-83.41897025,26157.0,148,166,17,0,149,163,52516,0,1,0,-1,3
2020-05-16,US,Michigan,Unassigned,15,1,0,0.0,0.0,90026.0,14,15,1,0,14,35,,0,0,0,0,-20
2020-05-16,US,Michigan,Van Buren,110,5,0,42.25190229,-86.01939087,26159.0,105,106,5,0,101,100,75448,4,0,0,4,6
2020-05-16,US,Michigan,Washtenaw,1241,88,0,42.253105,-83.83853204,26161.0,1153,1236,87,0,1149,1231,370963,5,1,0,4,5
2020-05-16,US,Michigan,Wayne,19016,2212,0,42.28098405,-83.281255,26163.0,16804,18882,2192,0,16690,18770,1753893,134,20,0,114,112
2020-05-16,US,Michigan,Wexford,11,2,0,44.33853602,-85.57712739,26165.0,9,11,2,0,9,11,33466,0,0,0,0,0
2020-05-16,US,Minnesota,Aitkin,3,0,0,46.60962049,-93.41168259999999,27001.0,3,2,0,0,2,2,15902,1,0,0,1,0
2020-05-16,US,Minnesota,Anoka,770,40,0,45.27476015,-93.24604565,27003.0,730,726,38,0,688,678,353813,44,2,0,42,48
2020-05-16,US,Minnesota,Becker,33,0,0,46.93479392,-95.67158144,27005.0,33,31,0,0,31,30,34371,2,0,0,2,1
2020-05-16,US,Minnesota,Beltrami,9,0,0,47.97373527,-94.93732139,27007.0,9,9,0,0,9,8,46847,0,0,0,0,1
2020-05-16,US,Minnesota,Benton,122,2,0,45.69804958,-93.99514135,27009.0,120,117,2,0,115,109,40545,5,0,0,5,8
2020-05-16,US,Minnesota,Big Stone,2,0,0,45.42712824,-96.41403739,27011.0,2,2,0,0,2,2,4989,0,0,0,0,0
2020-05-16,US,Minnesota,Blue Earth,79,0,0,44.03554215,-94.06699781,27013.0,79,76,0,0,76,71,67427,3,0,0,3,5
2020-05-16,US,Minnesota,Brown,10,2,0,44.24205652,-94.72562874,27015.0,8,10,2,0,8,10,25111,0,0,0,0,0
2020-05-16,US,Minnesota,Carlton,66,0,0,46.59180601,-92.67601019,27017.0,66,66,0,0,66,66,35837,0,0,0,0,0
2020-05-16,US,Minnesota,Carver,111,2,0,44.82017001,-93.80099179999999,27019.0,109,105,2,0,103,103,103551,6,0,0,6,2
2020-05-16,US,Minnesota,Cass,9,2,0,46.95043611,-94.32603968,27021.0,7,8,2,0,6,9,29519,1,0,0,1,-1
2020-05-16,US,Minnesota,Chippewa,28,0,0,45.02343421,-95.56403693,27023.0,28,27,0,0,27,27,11924,1,0,0,1,0
2020-05-16,US,Minnesota,Chisago,30,1,0,45.5021011,-92.90861945,27025.0,29,27,1,0,26,25,55922,3,0,0,3,2
2020-05-16,US,Minnesota,Clay,291,19,0,46.89289518,-96.48761922,27027.0,272,279,18,0,261,273,63955,12,1,0,11,6
2020-05-16,US,Minnesota,Clearwater,2,0,0,47.57992111,-95.37790562,27029.0,2,2,0,0,2,2,8810,0,0,0,0,0
2020-05-16,US,Minnesota,Cottonwood,54,0,0,44.00715262,-95.18138802,27033.0,54,52,0,0,52,51,11277,2,0,0,2,1
2020-05-16,US,Minnesota,Crow Wing,24,1,0,46.48096553,-94.06755609,27035.0,23,25,1,0,24,24,64889,-1,0,0,-1,1
2020-05-16,US,Minnesota,Dakota,666,18,0,44.67172617,-93.06299363,27037.0,648,623,17,0,606,562,425423,43,1,0,42,61
2020-05-16,US,Minnesota,Dodge,34,0,0,44.02238415,-92.86244324,27039.0,34,30,0,0,30,28,20822,4,0,0,4,2
2020-05-16,US,Minnesota,Douglas,18,0,0,45.93348491,-95.45335469,27041.0,18,18,0,0,18,17,37964,0,0,0,0,1
2020-05-16,US,Minnesota,Faribault,9,0,0,43.67381499,-93.94787458,27043.0,9,12,0,0,12,9,13758,-3,0,0,-3,3
2020-05-16,US,Minnesota,Fillmore,17,1,0,43.67394126,-92.08980382,27045.0,16,17,1,0,16,16,21058,0,0,0,0,1
2020-05-16,US,Minnesota,Freeborn,61,0,0,43.67385583,-93.34884422,27047.0,61,55,0,0,55,52,30444,6,0,0,6,3
2020-05-16,US,Minnesota,Goodhue,32,0,0,44.40849741,-92.72341949999999,27049.0,32,29,0,0,29,29,46403,3,0,0,3,0
2020-05-16,US,Minnesota,Grant,2,0,0,45.93424769,-96.01139609,27051.0,2,2,0,0,2,2,6021,0,0,0,0,0
2020-05-16,US,Minnesota,Hennepin,4930,454,0,45.00761521,-93.47694895,27053.0,4476,4674,449,0,4225,4331,1259428,256,5,0,251,343
2020-05-16,US,Minnesota,Houston,2,0,0,43.67129565,-91.49143057,27055.0,2,2,0,0,2,2,18578,0,0,0,0,0
2020-05-16,US,Minnesota,Isanti,17,0,0,45.56181234,-93.29487636,27059.0,17,16,0,0,16,11,39966,1,0,0,1,5
2020-05-16,US,Minnesota,Itasca,43,4,0,47.51009045,-93.63092229,27061.0,39,42,4,0,38,41,45108,1,0,0,1,1
2020-05-16,US,Minnesota,Jackson,35,0,0,43.67423373,-95.15398258,27063.0,35,34,0,0,34,34,9911,1,0,0,1,0
2020-05-16,US,Minnesota,Kanabec,9,0,0,45.9459309,-93.29275192,27065.0,9,9,0,0,9,10,16207,0,0,0,0,-1
2020-05-16,US,Minnesota,Kandiyohi,405,1,0,45.1526059,-95.00586446,27067.0,404,394,1,0,393,386,42855,11,0,0,11,8
2020-05-16,US,Minnesota,Kittson,1,0,0,48.77754106,-96.78317184,27069.0,1,1,0,0,1,1,4248,0,0,0,0,0
2020-05-16,US,Minnesota,Koochiching,3,0,0,48.24539665,-93.78352843,27071.0,3,3,0,0,3,3,12440,0,0,0,0,0
2020-05-16,US,Minnesota,Lac qui Parle,2,0,0,44.9973857,-96.17488219,27073.0,2,2,0,0,2,2,6658,0,0,0,0,0
2020-05-16,US,Minnesota,Lake,1,0,0,47.64270764,-91.44557998,27075.0,1,1,0,0,1,1,10658,0,0,0,0,0
2020-05-16,US,Minnesota,Le Sueur,34,1,0,44.37136597,-93.72844721,27079.0,33,33,1,0,32,31,28494,1,0,0,1,2
2020-05-16,US,Minnesota,Lincoln,4,0,0,44.41311883,-96.26688165,27081.0,4,4,0,0,4,4,5673,0,0,0,0,0
2020-05-16,US,Minnesota,Lyon,25,0,0,44.41327865,-95.83806103,27083.0,25,25,0,0,25,22,25629,0,0,0,0,3
2020-05-16,US,Minnesota,Mahnomen,5,1,0,47.32557075,-95.80921485,27087.0,4,5,1,0,4,5,5519,0,0,0,0,0
2020-05-16,US,Minnesota,Marshall,8,0,0,48.35825983,-96.37017407,27089.0,8,8,0,0,8,8,9390,0,0,0,0,0
2020-05-16,US,Minnesota,Martin,117,5,0,43.67429718,-94.55099908,27091.0,112,114,4,0,110,113,19785,3,1,0,2,1
2020-05-16,US,Minnesota,McLeod,16,0,0,44.82367677,-94.27287017,27085.0,16,15,0,0,15,15,35873,1,0,0,1,0
2020-05-16,US,Minnesota,Meeker,32,0,0,45.12328869,-94.52839455,27093.0,32,24,0,0,24,24,23141,8,0,0,8,0
2020-05-16,US,Minnesota,Mille Lacs,9,1,0,45.93705297,-93.63236823,27095.0,8,8,1,0,7,7,26139,1,0,0,1,1
2020-05-16,US,Minnesota,Morrison,24,0,0,46.01265363,-94.27341528,27097.0,24,23,0,0,23,21,33169,1,0,0,1,2
2020-05-16,US,Minnesota,Mower,56,0,0,43.67142874,-92.75234549,27099.0,56,54,0,0,54,50,40011,2,0,0,2,4
2020-05-16,US,Minnesota,Murray,31,0,0,44.02216709,-95.76328482,27101.0,31,30,0,0,30,30,8276,1,0,0,1,0
2020-05-16,US,Minnesota,Nicollet,33,2,0,44.35291112,-94.24710352,27103.0,31,28,2,0,26,23,34220,5,0,0,5,5
2020-05-16,US,Minnesota,Nobles,1353,2,0,43.67434621,-95.75329576,27105.0,1351,1342,2,0,1340,1319,21924,11,0,0,11,23
2020-05-16,US,Minnesota,Norman,11,0,0,47.32628443,-96.45620947,27107.0,11,11,0,0,11,11,6475,0,0,0,0,0
2020-05-16,US,Minnesota,Olmsted,435,9,0,44.00374114,-92.40209944,27109.0,426,417,9,0,408,399,156277,18,0,0,18,18
2020-05-16,US,Minnesota,Otter Tail,36,0,0,46.40846929,-95.70835255,27111.0,36,35,0,0,35,33,58812,1,0,0,1,2
2020-05-16,US,Minnesota,Pennington,1,0,0,48.06642577,-96.0370814,27113.0,1,1,0,0,1,1,14178,0,0,0,0,0
2020-05-16,US,Minnesota,Pine,83,0,0,46.12105238,-92.74070188,27115.0,83,82,0,0,82,80,29483,1,0,0,1,2
2020-05-16,US,Minnesota,Pipestone,9,0,0,44.02301619,-96.25841142,27117.0,9,9,0,0,9,9,9047,0,0,0,0,0
2020-05-16,US,Minnesota,Polk,55,2,0,47.77372465,-96.40134647,27119.0,53,55,2,0,53,55,31529,0,0,0,0,0
2020-05-16,US,Minnesota,Pope,5,0,0,45.58606667,-95.44451209,27121.0,5,5,0,0,5,5,11097,0,0,0,0,0
2020-05-16,US,Minnesota,Ramsey,1416,67,0,45.01625271,-93.09872295,27123.0,1349,1287,61,0,1226,1167,550210,129,6,0,123,120
2020-05-16,US,Minnesota,Red Lake,3,0,0,47.87197525,-96.09561104,27125.0,3,2,0,0,2,2,3999,1,0,0,1,0
2020-05-16,US,Minnesota,Redwood,3,0,0,44.40555844,-95.25207021,27127.0,3,3,0,0,3,3,15249,0,0,0,0,0
2020-05-16,US,Minnesota,Renville,5,0,0,44.72836381,-94.94553734,27129.0,5,5,0,0,5,5,14612,0,0,0,0,0
2020-05-16,US,Minnesota,Rice,221,2,0,44.3543376,-93.29658715,27131.0,219,197,2,0,195,181,66523,24,0,0,24,16
2020-05-16,US,Minnesota,Rock,20,0,0,43.67482683,-96.25296832,27133.0,20,19,0,0,19,19,9414,1,0,0,1,0
2020-05-16,US,Minnesota,Roseau,1,0,0,48.77501878,-95.81079919,27135.0,1,1,0,0,1,1,15150,0,0,0,0,0
2020-05-16,US,Minnesota,Scott,223,1,0,44.6490231,-93.53340251,27139.0,222,207,1,0,206,186,147381,16,0,0,16,21
2020-05-16,US,Minnesota,Sherburne,144,1,0,45.44447208,-93.77617511,27141.0,143,135,1,0,134,130,96036,9,0,0,9,5
2020-05-16,US,Minnesota,Sibley,7,0,0,44.5796592,-94.23164924,27143.0,7,4,0,0,4,4,15028,3,0,0,3,0
2020-05-16,US,Minnesota,St. Louis,101,12,0,47.604840700000004,-92.46879855,27137.0,89,100,12,0,88,100,199754,1,0,0,1,0
2020-05-16,US,Minnesota,Stearns,1675,10,0,45.55192576,-94.61078221,27145.0,1665,1641,9,0,1632,1609,159256,34,1,0,33,32
2020-05-16,US,Minnesota,Steele,100,0,0,44.02240351,-93.22627088,27147.0,100,92,0,0,92,85,36803,8,0,0,8,7
2020-05-16,US,Minnesota,Swift,12,0,0,45.2829032,-95.68264092,27151.0,12,11,0,0,11,10,9345,1,0,0,1,1
2020-05-16,US,Minnesota,Todd,52,0,0,46.06996226,-94.89785296,27153.0,52,46,0,0,46,46,24582,6,0,0,6,0
2020-05-16,US,Minnesota,Traverse,3,0,0,45.77298854,-96.47062949,27155.0,3,3,0,0,3,3,3308,0,0,0,0,0
2020-05-16,US,Minnesota,Unassigned,28,9,0,0.0,0.0,90027.0,19,24,9,0,15,21,,4,0,0,4,3
2020-05-16,US,Minnesota,Wabasha,16,0,0,44.28424356,-92.23121312,27157.0,16,16,0,0,16,16,21645,0,0,0,0,0
2020-05-16,US,Minnesota,Wadena,4,0,0,46.58589171,-94.96968506,27159.0,4,4,0,0,4,4,13773,0,0,0,0,0
2020-05-16,US,Minnesota,Waseca,20,0,0,44.02211116,-93.58720034,27161.0,20,19,0,0,19,18,18691,1,0,0,1,1
2020-05-16,US,Minnesota,Washington,326,18,0,45.03864533,-92.88429635,27163.0,308,305,18,0,287,282,259201,21,0,0,21,23
2020-05-16,US,Minnesota,Watonwan,36,0,0,43.97823903,-94.61413846,27165.0,36,33,0,0,33,32,10980,3,0,0,3,1
2020-05-16,US,Minnesota,Wilkin,11,3,0,46.35721532,-96.4684375,27167.0,8,11,3,0,8,11,6254,0,0,0,0,0
2020-05-16,US,Minnesota,Winona,75,15,0,43.98772283,-91.78081305,27169.0,60,75,15,0,60,74,50825,0,0,0,0,1
2020-05-16,US,Minnesota,Wright,152,1,0,45.17297924,-93.96234781,27171.0,151,140,1,0,139,130,136349,12,0,0,12,10
2020-05-16,US,Minnesota,Yellow Medicine,3,0,0,44.71710183,-95.86842453,27173.0,3,3,0,0,3,3,9795,0,0,0,0,0
2020-05-16,US,Mississippi,Adams,171,15,0,31.47669768,-91.35326037,28001.0,156,166,15,0,151,164,31192,5,0,0,5,2
2020-05-16,US,Mississippi,Alcorn,12,1,0,34.88084463,-88.57996173,28003.0,11,12,1,0,11,12,36925,0,0,0,0,0
2020-05-16,US,Mississippi,Amite,46,0,0,31.17467303,-90.80501621,28005.0,46,41,0,0,41,39,12326,5,0,0,5,2
2020-05-16,US,Mississippi,Attala,233,7,0,33.08658803,-89.57838564,28007.0,226,224,5,0,219,212,18365,9,2,0,7,12
2020-05-16,US,Mississippi,Benton,13,0,0,34.81681228,-89.18945516,28009.0,13,13,0,0,13,14,8271,0,0,0,0,-1
2020-05-16,US,Mississippi,Bolivar,130,10,0,33.79696941,-90.87372121,28011.0,120,127,10,0,117,120,31333,3,0,0,3,7
2020-05-16,US,Mississippi,Calhoun,58,4,0,33.93683395,-89.33686647,28013.0,54,58,4,0,54,58,14436,0,0,0,0,0
2020-05-16,US,Mississippi,Carroll,110,6,0,33.44834567,-89.91994479,28015.0,104,109,4,0,105,106,9911,1,2,0,-1,3
2020-05-16,US,Mississippi,Chickasaw,114,12,0,33.91983202,-88.9481545,28017.0,102,114,11,0,103,110,17171,0,1,0,-1,4
2020-05-16,US,Mississippi,Choctaw,20,2,0,33.34598242,-89.24809382,28019.0,18,19,2,0,17,18,8278,1,0,0,1,1
2020-05-16,US,Mississippi,Claiborne,49,0,0,31.97061673,-90.90702196,28021.0,49,48,0,0,48,48,9002,1,0,0,1,0
2020-05-16,US,Mississippi,Clarke,98,12,0,32.04158545,-88.68896219999998,28023.0,86,97,11,0,86,97,15604,1,1,0,0,0
2020-05-16,US,Mississippi,Clay,79,3,0,33.65358105,-88.77784255,28025.0,76,78,3,0,75,75,19386,1,0,0,1,3
2020-05-16,US,Mississippi,Coahoma,76,3,0,34.22772299,-90.60415045,28027.0,73,75,3,0,72,73,22628,1,0,0,1,2
2020-05-16,US,Mississippi,Copiah,195,2,0,31.86977774,-90.44565118,28029.0,193,190,1,0,189,191,28543,5,1,0,4,-1
2020-05-16,US,Mississippi,Covington,105,0,0,31.63225413,-89.55389939,28031.0,105,104,0,0,104,101,18853,1,0,0,1,3
2020-05-16,US,Mississippi,DeSoto,384,5,0,34.87625235,-89.99091418,28033.0,379,369,5,0,364,355,182001,15,0,0,15,14
2020-05-16,US,Mississippi,Forrest,416,26,0,31.18961454,-89.25832496,28035.0,390,380,26,0,354,357,75036,36,0,0,36,23
2020-05-16,US,Mississippi,Franklin,19,1,0,31.47786634,-90.89672989,28037.0,18,19,1,0,18,19,7788,0,0,0,0,0
2020-05-16,US,Mississippi,George,17,1,0,30.86259065,-88.64436789,28039.0,16,18,1,0,17,16,24250,-1,0,0,-1,2
2020-05-16,US,Mississippi,Greene,7,1,0,31.21444233,-88.63922281,28041.0,6,7,1,0,6,7,13586,0,0,0,0,0
2020-05-16,US,Mississippi,Grenada,58,2,0,33.77036166,-89.80245083,28043.0,56,58,2,0,56,56,21055,0,0,0,0,2
2020-05-16,US,Mississippi,Hancock,79,10,0,30.41830223,-89.48851033,28045.0,69,78,10,0,68,79,47334,1,0,0,1,-1
2020-05-16,US,Mississippi,Harrison,215,6,0,30.51359752,-89.12467576,28047.0,209,214,6,0,208,223,206650,1,0,0,1,-9
2020-05-16,US,Mississippi,Hinds,768,22,0,32.2656285,-90.44435448,28049.0,746,745,20,0,725,717,237085,23,2,0,21,28
2020-05-16,US,Mississippi,Holmes,288,20,0,33.12345854,-90.08923538,28051.0,268,278,19,0,259,262,17622,10,1,0,9,16
2020-05-16,US,Mississippi,Humphreys,44,5,0,33.12825718,-90.52252707,28053.0,39,42,5,0,37,39,8257,2,0,0,2,3
2020-05-16,US,Mississippi,Itawamba,75,7,0,34.27993475,-88.3606733,28057.0,68,75,7,0,68,73,23517,0,0,0,0,2
2020-05-16,US,Mississippi,Jackson,284,13,0,30.54020656,-88.64184064,28059.0,271,283,13,0,270,280,143277,1,0,0,1,3
2020-05-16,US,Mississippi,Jasper,110,3,0,32.01922104,-89.11786866,28061.0,107,110,3,0,107,104,16428,0,0,0,0,6
2020-05-16,US,Mississippi,Jefferson,35,0,0,31.73397872,-91.03764977,28063.0,35,34,0,0,34,33,7106,1,0,0,1,1
2020-05-16,US,Mississippi,Jefferson Davis,68,2,0,31.56884708,-89.82670990000004,28065.0,66,67,2,0,65,63,11234,1,0,0,1,4
2020-05-16,US,Mississippi,Jones,319,8,0,31.62257767,-89.16896899999998,28067.0,311,304,7,0,297,287,68461,15,1,0,14,17
2020-05-16,US,Mississippi,Kemper,101,7,0,32.75462946,-88.64105766,28069.0,94,100,7,0,93,100,10027,1,0,0,1,0
2020-05-16,US,Mississippi,Lafayette,107,3,0,34.35687874,-89.48490961,28071.0,104,107,3,0,104,106,54793,0,0,0,0,1
2020-05-16,US,Mississippi,Lamar,173,4,0,31.20572971,-89.5077704,28073.0,169,166,4,0,162,164,62447,7,0,0,7,2
2020-05-16,US,Mississippi,Lauderdale,578,45,0,32.40419769,-88.66229662,28075.0,533,566,45,0,521,557,75317,12,0,0,12,9
2020-05-16,US,Mississippi,Lawrence,77,0,0,31.55147224,-90.10841127,28077.0,77,74,0,0,74,74,12455,3,0,0,3,0
2020-05-16,US,Mississippi,Leake,352,6,0,32.7536828,-89.52402044,28079.0,346,351,6,0,345,332,22763,1,0,0,1,19
2020-05-16,US,Mississippi,Lee,89,4,0,34.291877500000005,-88.68149954,28081.0,85,85,4,0,81,83,85202,4,0,0,4,2
2020-05-16,US,Mississippi,Leflore,200,22,0,33.55545125,-90.29900733,28083.0,178,199,22,0,177,197,28919,1,0,0,1,2
2020-05-16,US,Mississippi,Lincoln,202,18,0,31.53288662,-90.45391915,28085.0,184,197,17,0,180,194,34205,5,1,0,4,3
2020-05-16,US,Mississippi,Lowndes,112,4,0,33.47386518,-88.44191529999998,28087.0,108,108,4,0,104,100,58930,4,0,0,4,8
2020-05-16,US,Mississippi,Madison,526,17,0,32.63389156,-90.03513564,28089.0,509,507,17,0,490,502,105630,19,0,0,19,5
2020-05-16,US,Mississippi,Marion,87,7,0,31.23132643,-89.8209217,28091.0,80,86,7,0,79,86,24715,1,0,0,1,0
2020-05-16,US,Mississippi,Marshall,66,3,0,34.76216286,-89.50299462,28093.0,63,65,2,0,63,63,35451,1,1,0,0,2
2020-05-16,US,Mississippi,Monroe,222,23,0,33.89236763,-88.4808438,28095.0,199,215,23,0,192,209,35564,7,0,0,7,6
2020-05-16,US,Mississippi,Montgomery,71,1,0,33.49419589,-89.61729103,28097.0,70,71,1,0,70,70,10023,0,0,0,0,1
2020-05-16,US,Mississippi,Neshoba,397,21,0,32.75339664,-89.11726492,28099.0,376,369,19,0,350,354,29125,28,2,0,26,15
2020-05-16,US,Mississippi,Newton,186,2,0,32.40021118,-89.11843336,28101.0,184,172,2,0,170,161,21443,14,0,0,14,11
2020-05-16,US,Mississippi,Noxubee,134,2,0,33.11009499,-88.56949061,28103.0,132,132,2,0,130,118,10535,2,0,0,2,14
2020-05-16,US,Mississippi,Oktibbeha,102,6,0,33.42491685,-88.87905132,28105.0,96,99,6,0,93,97,49599,3,0,0,3,2
2020-05-16,US,Mississippi,Panola,50,2,0,34.36398677,-89.95064249,28107.0,48,47,2,0,45,46,34178,3,0,0,3,1
2020-05-16,US,Mississippi,Pearl River,195,26,0,30.77090935,-89.58677275,28109.0,169,195,26,0,169,193,55387,0,0,0,0,2
2020-05-16,US,Mississippi,Perry,36,2,0,31.17161885,-88.99281835,28111.0,34,36,2,0,34,35,11931,0,0,0,0,1
2020-05-16,US,Mississippi,Pike,176,11,0,31.17507789,-90.40392572,28113.0,165,174,10,0,164,173,39563,2,1,0,1,1
2020-05-16,US,Mississippi,Pontotoc,25,2,0,34.226046000000004,-89.03636807,28115.0,23,25,2,0,23,25,31833,0,0,0,0,0
2020-05-16,US,Mississippi,Prentiss,36,3,0,34.61810501,-88.51986294,28117.0,33,36,2,0,34,36,25315,0,1,0,-1,0
2020-05-16,US,Mississippi,Quitman,21,0,0,34.25157572,-90.28908,28119.0,21,20,0,0,20,19,7051,1,0,0,1,1
2020-05-16,US,Mississippi,Rankin,282,6,0,32.26469147,-89.94537876,28121.0,276,276,6,0,270,271,153902,6,0,0,6,5
2020-05-16,US,Mississippi,Scott,521,6,0,32.406704100000006,-89.53789439,28123.0,515,504,6,0,498,487,28287,17,0,0,17,17
2020-05-16,US,Mississippi,Sharkey,6,0,0,32.88149103,-90.81595379999999,28125.0,6,5,0,0,5,5,4377,1,0,0,1,0
2020-05-16,US,Mississippi,Simpson,75,0,0,31.91282117,-89.91716179,28127.0,75,75,0,0,75,72,26758,0,0,0,0,3
2020-05-16,US,Mississippi,Smith,111,7,0,32.01744532,-89.50644846,28129.0,104,109,7,0,102,107,16002,2,0,0,2,2
2020-05-16,US,Mississippi,Stone,24,0,0,30.79187949,-89.11547539,28131.0,24,24,0,0,24,26,18717,0,0,0,0,-2
2020-05-16,US,Mississippi,Sunflower,69,3,0,33.60192578,-90.58882684,28133.0,66,69,3,0,66,65,25735,0,0,0,0,4
2020-05-16,US,Mississippi,Tallahatchie,18,1,0,33.95339918,-90.1729398,28135.0,17,18,1,0,17,15,13987,0,0,0,0,3
2020-05-16,US,Mississippi,Tate,56,0,0,34.65133709,-89.94485778,28137.0,56,55,0,0,55,55,28759,1,0,0,1,0
2020-05-16,US,Mississippi,Tippah,69,11,0,34.76872156,-88.90988194,28139.0,58,67,11,0,56,66,21995,2,0,0,2,1
2020-05-16,US,Mississippi,Tishomingo,14,0,0,34.74023475,-88.23917219,28141.0,14,13,0,0,13,11,19454,1,0,0,1,2
2020-05-16,US,Mississippi,Tunica,44,2,0,34.64967704,-90.37481167,28143.0,42,44,2,0,42,40,9944,0,0,0,0,4
2020-05-16,US,Mississippi,Union,60,4,0,34.49162015,-89.00776006,28145.0,56,59,4,0,55,57,28606,1,0,0,1,2
2020-05-16,US,Mississippi,Walthall,46,0,0,31.14971548,-90.10446654,28147.0,46,44,0,0,44,42,14465,2,0,0,2,2
2020-05-16,US,Mississippi,Warren,133,4,0,32.35810271,-90.83352619,28149.0,129,129,4,0,125,127,46176,4,0,0,4,2
2020-05-16,US,Mississippi,Washington,113,4,0,33.28392041,-90.94196237,28151.0,109,100,4,0,96,92,45063,13,0,0,13,8
2020-05-16,US,Mississippi,Wayne,37,0,0,31.64135687,-88.69573913,28153.0,37,33,0,0,33,32,20298,4,0,0,4,1
2020-05-16,US,Mississippi,Webster,23,1,0,33.61300486,-89.28392912,28155.0,22,22,1,0,21,22,9788,1,0,0,1,0
2020-05-16,US,Mississippi,Wilkinson,78,9,0,31.16078225,-91.31018819,28157.0,69,78,9,0,69,78,8792,0,0,0,0,0
2020-05-16,US,Mississippi,Winston,75,0,0,33.08747908,-89.03391385,28159.0,75,73,0,0,73,70,18165,2,0,0,2,3
2020-05-16,US,Mississippi,Yalobusha,71,0,0,34.02824175,-89.70762049999998,28161.0,71,66,0,0,66,65,12392,5,0,0,5,1
2020-05-16,US,Mississippi,Yazoo,182,2,0,32.77890365,-90.39656148,28163.0,180,180,2,0,178,176,28248,2,0,0,2,4
2020-05-16,US,Missouri,Adair,23,0,0,40.19058551,-92.60078167,29001.0,23,17,0,0,17,15,25339,6,0,0,6,2
2020-05-16,US,Missouri,Andrew,14,0,0,39.98492163,-94.80163024,29003.0,14,14,0,0,14,11,17607,0,0,0,0,3
2020-05-16,US,Missouri,Atchison,2,0,0,40.43238737,-95.42970639,29005.0,2,2,0,0,2,2,5171,0,0,0,0,0
2020-05-16,US,Missouri,Audrain,2,0,0,39.215877,-91.84242683,29007.0,2,2,0,0,2,2,25473,0,0,0,0,0
2020-05-16,US,Missouri,Barry,6,0,0,36.70978521,-93.82919888,29009.0,6,6,0,0,6,6,35886,0,0,0,0,0
2020-05-16,US,Missouri,Bates,7,1,0,38.25271289,-94.34113157,29013.0,6,6,1,0,5,6,16320,1,0,0,1,0
2020-05-16,US,Missouri,Benton,9,0,0,38.29503305,-93.28756116,29015.0,9,9,0,0,9,9,19278,0,0,0,0,0
2020-05-16,US,Missouri,Bollinger,4,0,0,37.32449052,-90.02725304,29017.0,4,4,0,0,4,4,12169,0,0,0,0,0
2020-05-16,US,Missouri,Boone,100,1,0,38.99186229,-92.30723575,29019.0,99,100,1,0,99,100,180005,0,0,0,0,0
2020-05-16,US,Missouri,Buchanan,506,2,0,39.65816401,-94.80138942,29021.0,504,502,2,0,500,496,88571,4,0,0,4,6
2020-05-16,US,Missouri,Butler,28,0,0,36.71462476,-90.40421163,29023.0,28,27,0,0,27,27,42639,1,0,0,1,0
2020-05-16,US,Missouri,Caldwell,3,0,0,39.65620858,-93.98308093,29025.0,3,3,0,0,3,3,9108,0,0,0,0,0
2020-05-16,US,Missouri,Callaway,23,1,0,38.83674754,-91.92186505,29027.0,22,23,1,0,22,23,44889,0,0,0,0,0
2020-05-16,US,Missouri,Camden,36,1,0,38.02199522,-92.76083747,29029.0,35,36,1,0,35,36,45815,0,0,0,0,0
2020-05-16,US,Missouri,Cape Girardeau,54,2,0,37.38489388,-89.6843587,29031.0,52,52,1,0,51,52,78753,2,1,0,1,0
2020-05-16,US,Missouri,Carroll,7,0,0,39.42762566,-93.50626255,29033.0,7,7,0,0,7,4,8743,0,0,0,0,3
2020-05-16,US,Missouri,Carter,3,1,0,36.94160441,-90.96051322,29035.0,2,3,1,0,2,3,6054,0,0,0,0,0
2020-05-16,US,Missouri,Cass,72,8,0,38.64789422,-94.353399,29037.0,64,72,8,0,64,71,104954,0,0,0,0,1
2020-05-16,US,Missouri,Cedar,9,0,0,37.72391475,-93.85445441,29039.0,9,9,0,0,9,9,14165,0,0,0,0,0
2020-05-16,US,Missouri,Chariton,6,0,0,39.51499357,-92.9629191,29041.0,6,6,0,0,6,6,7451,0,0,0,0,0
2020-05-16,US,Missouri,Christian,21,0,0,36.9711783,-93.18537118,29043.0,21,21,0,0,21,21,86983,0,0,0,0,0
2020-05-16,US,Missouri,Clark,1,0,0,40.41040752,-91.73661677,29045.0,1,1,0,0,1,1,6842,0,0,0,0,0
2020-05-16,US,Missouri,Clay,116,1,0,39.31132056,-94.41850862,29047.0,115,111,1,0,110,105,246365,5,0,0,5,6
2020-05-16,US,Missouri,Clinton,14,0,0,39.6013098,-94.40465394,29049.0,14,14,0,0,14,14,20470,0,0,0,0,0
2020-05-16,US,Missouri,Cole,56,1,0,38.50455671,-92.27860244,29051.0,55,56,1,0,55,56,76796,0,0,0,0,0
2020-05-16,US,Missouri,Cooper,9,0,0,38.844478,-92.80896081,29053.0,9,9,0,0,9,9,17603,0,0,0,0,0
2020-05-16,US,Missouri,Crawford,8,0,0,37.97663738,-91.30528104,29055.0,8,8,0,0,8,8,23957,0,0,0,0,0
2020-05-16,US,Missouri,Dallas,2,0,0,37.681135499999996,-93.02127031,29059.0,2,2,0,0,2,2,16762,0,0,0,0,0
2020-05-16,US,Missouri,Daviess,3,0,0,39.96145298,-93.98519678,29061.0,3,3,0,0,3,3,8313,0,0,0,0,0
2020-05-16,US,Missouri,DeKalb,4,0,0,39.89201062,-94.40476508,29063.0,4,4,0,0,4,4,12630,0,0,0,0,0
2020-05-16,US,Missouri,Dunklin,25,2,0,36.27167174,-90.09122243,29069.0,23,24,2,0,22,24,29423,1,0,0,1,0
2020-05-16,US,Missouri,Franklin,134,14,0,38.41127108,-91.07522826,29071.0,120,134,14,0,120,134,103670,0,0,0,0,0
2020-05-16,US,Missouri,Gasconade,2,0,0,38.43947277,-91.50847147,29073.0,2,2,0,0,2,2,14705,0,0,0,0,0
2020-05-16,US,Missouri,Gentry,2,0,0,40.21097916,-94.40944419,29075.0,2,2,0,0,2,2,6628,0,0,0,0,0
2020-05-16,US,Missouri,Greene,105,8,0,37.2575872,-93.34230916,29077.0,97,105,8,0,97,105,291923,0,0,0,0,0
2020-05-16,US,Missouri,Harrison,7,0,0,40.35570088,-93.99222144,29081.0,7,7,0,0,7,7,8414,0,0,0,0,0
2020-05-16,US,Missouri,Henry,9,1,0,38.38482826,-93.79293734,29083.0,8,9,1,0,8,9,21792,0,0,0,0,0
2020-05-16,US,Missouri,Holt,1,0,0,40.09799248,-95.21638879999999,29087.0,1,1,0,0,1,1,4404,0,0,0,0,0
2020-05-16,US,Missouri,Howard,3,0,0,39.1435761,-92.69756691,29089.0,3,3,0,0,3,3,10137,0,0,0,0,0
2020-05-16,US,Missouri,Howell,5,0,0,36.77383887,-91.88683935,29091.0,5,5,0,0,5,5,40076,0,0,0,0,0
2020-05-16,US,Missouri,Iron,2,0,0,37.55487945,-90.7735296,29093.0,2,2,0,0,2,2,10177,0,0,0,0,0
2020-05-16,US,Missouri,Jackson,432,16,0,39.01002188,-94.34724536,29095.0,416,425,16,0,409,395,700307,7,0,0,7,30
2020-05-16,US,Missouri,Jasper,29,0,0,37.20351921,-94.34050458,29097.0,29,29,0,0,29,29,120636,0,0,0,0,0
2020-05-16,US,Missouri,Jefferson,326,14,0,38.25926778,-90.53870896,29099.0,312,318,14,0,304,316,224347,8,0,0,8,2
2020-05-16,US,Missouri,Johnson,71,0,0,38.74719601,-93.80691168,29101.0,71,71,0,0,71,69,53652,0,0,0,0,2
2020-05-16,US,Missouri,Kansas City,863,18,0,39.0997,-94.5786,0.0,845,848,18,0,830,838,491918,15,0,0,15,10
2020-05-16,US,Missouri,Laclede,3,0,0,37.65896829,-92.5888493,29105.0,3,3,0,0,3,3,35713,0,0,0,0,0
2020-05-16,US,Missouri,Lafayette,68,3,0,39.06986886,-93.78076396,29107.0,65,68,3,0,65,67,32598,0,0,0,0,1
2020-05-16,US,Missouri,Lawrence,7,0,0,37.10626634,-93.83293097,29109.0,7,7,0,0,7,7,38359,0,0,0,0,0
2020-05-16,US,Missouri,Lewis,7,1,0,40.09673161,-91.72070156,29111.0,6,7,1,0,6,6,9855,0,0,0,0,1
2020-05-16,US,Missouri,Lincoln,103,1,0,39.05345619,-90.95588181,29113.0,102,103,1,0,102,103,57686,0,0,0,0,0
2020-05-16,US,Missouri,Linn,5,1,0,39.87001769,-93.10704106,29115.0,4,5,1,0,4,5,12037,0,0,0,0,0
2020-05-16,US,Missouri,Livingston,3,0,0,39.78110272,-93.54645978,29117.0,3,3,0,0,3,3,15146,0,0,0,0,0
2020-05-16,US,Missouri,Macon,2,0,0,39.83049768,-92.56453089,29121.0,2,2,0,0,2,2,15153,0,0,0,0,0
2020-05-16,US,Missouri,Madison,3,0,0,37.47865134,-90.34671429999999,29123.0,3,3,0,0,3,3,12188,0,0,0,0,0
2020-05-16,US,Missouri,Maries,2,0,0,38.16193985,-91.92249662,29125.0,2,2,0,0,2,2,8769,0,0,0,0,0
2020-05-16,US,Missouri,Marion,5,0,0,39.80601912,-91.62203062,29127.0,5,5,0,0,5,5,28592,0,0,0,0,0
2020-05-16,US,Missouri,McDonald,7,0,0,36.62869595,-94.34867205,29119.0,7,7,0,0,7,6,23078,0,0,0,0,1
2020-05-16,US,Missouri,Miller,4,0,0,38.21450288,-92.42610898,29131.0,4,4,0,0,4,4,25336,0,0,0,0,0
2020-05-16,US,Missouri,Mississippi,49,0,0,36.82516239,-89.29505753,29133.0,49,49,0,0,49,49,13336,0,0,0,0,0
2020-05-16,US,Missouri,Moniteau,44,0,0,38.63571781,-92.57976951,29135.0,44,44,0,0,44,44,16121,0,0,0,0,0
2020-05-16,US,Missouri,Montgomery,7,0,0,38.94022054,-91.47000721,29139.0,7,7,0,0,7,7,11534,0,0,0,0,0
2020-05-16,US,Missouri,Morgan,8,0,0,38.4181765,-92.88791859,29141.0,8,7,0,0,7,7,20358,1,0,0,1,0
2020-05-16,US,Missouri,New Madrid,14,0,0,36.59666326,-89.66070007,29143.0,14,13,0,0,13,13,17296,1,0,0,1,0
2020-05-16,US,Missouri,Newton,13,1,0,36.90519407,-94.3394104,29145.0,12,13,1,0,12,12,58266,0,0,0,0,1
2020-05-16,US,Missouri,Nodaway,5,0,0,40.36079813,-94.88133008,29147.0,5,5,0,0,5,5,22304,0,0,0,0,0
2020-05-16,US,Missouri,Oregon,2,0,0,36.68710164,-91.4033755,29149.0,2,2,0,0,2,2,10541,0,0,0,0,0
2020-05-16,US,Missouri,Osage,5,0,0,38.46036182,-91.8613635,29151.0,5,5,0,0,5,5,13714,0,0,0,0,0
2020-05-16,US,Missouri,Pemiscot,68,3,0,36.2130572,-89.78742322,29155.0,65,68,3,0,65,67,16272,0,0,0,0,1
2020-05-16,US,Missouri,Perry,46,0,0,37.70660776,-89.82741088,29157.0,46,46,0,0,46,46,19150,0,0,0,0,0
2020-05-16,US,Missouri,Pettis,70,1,0,38.72798918,-93.28471706,29159.0,69,70,1,0,69,70,42542,0,0,0,0,0
2020-05-16,US,Missouri,Phelps,2,0,0,37.87736118,-91.79351727,29161.0,2,2,0,0,2,2,44732,0,0,0,0,0
2020-05-16,US,Missouri,Pike,14,1,0,39.34310674,-91.16980779,29163.0,13,14,1,0,13,14,18504,0,0,0,0,0
2020-05-16,US,Missouri,Platte,54,0,0,39.38154439,-94.77068479,29165.0,54,54,0,0,54,50,102985,0,0,0,0,4
2020-05-16,US,Missouri,Polk,2,0,0,37.616229600000004,-93.39828174,29167.0,2,1,0,0,1,1,32201,1,0,0,1,0
2020-05-16,US,Missouri,Pulaski,36,1,0,37.82462075,-92.20783203,29169.0,35,36,1,0,35,36,52014,0,0,0,0,0
2020-05-16,US,Missouri,Ralls,2,0,0,39.52817427,-91.51838643,29173.0,2,2,0,0,2,2,10212,0,0,0,0,0
2020-05-16,US,Missouri,Randolph,8,0,0,39.44007257,-92.49713740000001,29175.0,8,8,0,0,8,8,24763,0,0,0,0,0
2020-05-16,US,Missouri,Ray,13,0,0,39.353746799999996,-93.98905745,29177.0,13,12,0,0,12,12,22883,1,0,0,1,0
2020-05-16,US,Missouri,Reynolds,2,0,0,37.36085952,-90.97009925,29179.0,2,2,0,0,2,2,6254,0,0,0,0,0
2020-05-16,US,Missouri,Ripley,6,0,0,36.65460667,-90.85990261,29181.0,6,6,0,0,6,6,13401,0,0,0,0,0
2020-05-16,US,Missouri,Saline,247,0,0,39.13734288,-93.20259964,29195.0,247,241,0,0,241,227,22895,6,0,0,6,14
2020-05-16,US,Missouri,Scotland,4,0,0,40.45214695,-92.14709064,29199.0,4,4,0,0,4,4,4966,0,0,0,0,0
2020-05-16,US,Missouri,Scott,86,6,0,37.05588075,-89.56474493,29201.0,80,85,6,0,79,84,38458,1,0,0,1,1
2020-05-16,US,Missouri,Shelby,1,0,0,39.79742518,-92.07634971,29205.0,1,1,0,0,1,1,6050,0,0,0,0,0
2020-05-16,US,Missouri,St. Charles,688,52,0,38.77875681,-90.66662425,29183.0,636,688,52,0,636,688,399182,0,0,0,0,0
2020-05-16,US,Missouri,St. Clair,2,0,0,38.03699437,-93.77631447,29185.0,2,2,0,0,2,2,9395,0,0,0,0,0
2020-05-16,US,Missouri,St. Francois,33,2,0,37.81214171,-90.47598685,29187.0,31,33,2,0,31,33,66692,0,0,0,0,0
2020-05-16,US,Missouri,St. Louis,4236,329,0,38.63770039999999,-90.4458375,29189.0,3907,4172,318,0,3854,4104,996945,64,11,0,53,68
2020-05-16,US,Missouri,St. Louis City,1631,96,0,38.63555736,-90.24349225,29510.0,1535,1602,95,0,1507,1596,302838,29,1,0,28,6
2020-05-16,US,Missouri,Ste. Genevieve,8,1,0,37.89090059,-90.1949941,29186.0,7,8,1,0,7,8,17888,0,0,0,0,0
2020-05-16,US,Missouri,Stoddard,51,0,0,36.85571651,-89.9444155,29207.0,51,34,0,0,34,30,29206,17,0,0,17,4
2020-05-16,US,Missouri,Stone,3,0,0,36.75000327,-93.45256475,29209.0,3,3,0,0,3,3,31749,0,0,0,0,0
2020-05-16,US,Missouri,Sullivan,34,0,0,40.2099105,-93.11150106,29211.0,34,13,0,0,13,9,6221,21,0,0,21,4
2020-05-16,US,Missouri,Taney,12,2,0,36.65465345,-93.04075153,29213.0,10,12,2,0,10,12,55852,0,0,0,0,0
2020-05-16,US,Missouri,Vernon,5,0,0,37.8457799,-94.34127305,29217.0,5,4,0,0,4,4,20528,1,0,0,1,0
2020-05-16,US,Missouri,Warren,28,0,0,38.76529479,-91.16124662,29219.0,28,28,0,0,28,28,34711,0,0,0,0,0
2020-05-16,US,Missouri,Washington,9,1,0,37.96130078,-90.87948158,29221.0,8,9,1,0,8,9,24943,0,0,0,0,0
2020-05-16,US,Missouri,Webster,16,0,0,37.2813734,-92.876329,29225.0,16,16,0,0,16,16,39109,0,0,0,0,0
2020-05-16,US,Missouri,Worth,2,0,0,40.47945588,-94.42328751,29227.0,2,2,0,0,2,1,2040,0,0,0,0,1
2020-05-16,US,Missouri,Wright,10,0,0,37.27029221,-92.46914488,29229.0,10,10,0,0,10,10,18378,0,0,0,0,0
2020-05-16,US,Montana,Beaverhead,1,0,0,45.13434354,-112.89846940000001,30001.0,1,1,0,0,1,1,9404,0,0,0,0,0
2020-05-16,US,Montana,Big Horn,8,0,0,45.42335905,-107.492347,30003.0,8,8,0,0,8,4,13338,0,0,0,0,4
2020-05-16,US,Montana,Broadwater,4,0,0,46.33277565,-111.49558130000001,30007.0,4,4,0,0,4,4,6085,0,0,0,0,0
2020-05-16,US,Montana,Carbon,6,0,0,45.22850116,-109.0274047,30009.0,6,6,0,0,6,6,10714,0,0,0,0,0
2020-05-16,US,Montana,Cascade,17,2,0,47.30797024,-111.3467922,30013.0,15,17,2,0,15,17,81643,0,0,0,0,0
2020-05-16,US,Montana,Deer Lodge,3,0,0,46.05953325,-113.073353,30023.0,3,3,0,0,3,3,9131,0,0,0,0,0
2020-05-16,US,Montana,Flathead,37,2,0,48.29575866,-114.05205690000001,30029.0,35,37,2,0,35,37,102106,0,0,0,0,0
2020-05-16,US,Montana,Gallatin,149,1,0,45.54486106,-111.1692571,30031.0,148,149,1,0,148,149,111876,0,0,0,0,0
2020-05-16,US,Montana,Glacier,6,0,0,48.70513576,-112.9934235,30035.0,6,6,0,0,6,6,13747,0,0,0,0,0
2020-05-16,US,Montana,Golden Valley,3,0,0,46.3816474,-109.17685220000001,30037.0,3,3,0,0,3,3,826,0,0,0,0,0
2020-05-16,US,Montana,Hill,1,0,0,48.62879827,-110.1129252,30041.0,1,1,0,0,1,1,16347,0,0,0,0,0
2020-05-16,US,Montana,Jefferson,3,0,0,46.14907081,-112.094396,30043.0,3,3,0,0,3,3,12097,0,0,0,0,0
2020-05-16,US,Montana,Lake,5,0,0,47.64514965,-114.0898013,30047.0,5,5,0,0,5,5,30250,0,0,0,0,0
2020-05-16,US,Montana,Lewis and Clark,16,0,0,47.12610041,-112.39469799999999,30049.0,16,16,0,0,16,16,68700,0,0,0,0,0
2020-05-16,US,Montana,Liberty,1,0,0,48.56084317,-111.02430700000001,30051.0,1,1,0,0,1,1,2430,0,0,0,0,0
2020-05-16,US,Montana,Lincoln,7,1,0,48.54265777,-115.4046155,30053.0,6,7,1,0,6,7,19794,0,0,0,0,0
2020-05-16,US,Montana,Madison,8,1,0,45.30080065,-111.9173017,30057.0,7,8,1,0,7,8,8768,0,0,0,0,0
2020-05-16,US,Montana,Meagher,1,0,0,46.59907074,-110.8898557,30059.0,1,1,0,0,1,1,1866,0,0,0,0,0
2020-05-16,US,Montana,Missoula,39,1,0,47.03728583,-113.92135079999998,30063.0,38,39,1,0,38,39,118791,0,0,0,0,0
2020-05-16,US,Montana,Musselshell,1,0,0,46.49684637,-108.39498,30065.0,1,1,0,0,1,1,4651,0,0,0,0,0
2020-05-16,US,Montana,Park,8,0,0,45.48965095,-110.52643940000002,30067.0,8,8,0,0,8,8,16736,0,0,0,0,0
2020-05-16,US,Montana,Pondera,2,0,0,48.22773388,-112.22527029999999,30073.0,2,2,0,0,2,2,5972,0,0,0,0,0
2020-05-16,US,Montana,Ravalli,5,0,0,46.08520862,-114.11891640000002,30081.0,5,5,0,0,5,5,43172,0,0,0,0,0
2020-05-16,US,Montana,Richland,3,0,0,47.78668011,-104.5610786,30083.0,3,3,0,0,3,3,10913,0,0,0,0,0
2020-05-16,US,Montana,Roosevelt,7,0,0,48.29607488,-105.00792679999999,30085.0,7,7,0,0,7,7,11059,0,0,0,0,0
2020-05-16,US,Montana,Silver Bow,11,0,0,45.90018933,-112.6620092,30093.0,11,11,0,0,11,11,34993,0,0,0,0,0
2020-05-16,US,Montana,Stillwater,1,0,0,45.67071407,-109.3950061,30095.0,1,1,0,0,1,1,9534,0,0,0,0,0
2020-05-16,US,Montana,Toole,29,6,0,48.65577551,-111.69424140000001,30101.0,23,29,6,0,23,29,4853,0,0,0,0,0
2020-05-16,US,Montana,Wheatland,1,0,0,46.46652491,-109.84646359999999,30107.0,1,1,0,0,1,1,2236,0,0,0,0,0
2020-05-16,US,Montana,Yellowstone,85,2,0,45.93955949,-108.26914860000001,30111.0,83,83,2,0,81,83,160137,2,0,0,2,0
2020-05-16,US,Nebraska,Adams,251,3,0,40.52449420000001,-98.50117804,31001.0,248,246,3,0,243,238,31511,5,0,0,5,8
2020-05-16,US,Nebraska,Antelope,5,0,0,42.17695516,-98.06662829999999,31003.0,5,5,0,0,5,5,6336,0,0,0,0,0
2020-05-16,US,Nebraska,Boone,3,0,0,41.70759415,-98.06737183,31011.0,3,3,0,0,3,3,5239,0,0,0,0,0
2020-05-16,US,Nebraska,Box Butte,1,0,0,42.22079243,-103.08788340000001,31013.0,1,1,0,0,1,1,10772,0,0,0,0,0
2020-05-16,US,Nebraska,Buffalo,136,1,0,40.85486962,-99.07500296,31019.0,135,134,1,0,133,130,49615,2,0,0,2,4
2020-05-16,US,Nebraska,Burt,5,0,0,41.85056773,-96.32605633,31021.0,5,5,0,0,5,5,6488,0,0,0,0,0
2020-05-16,US,Nebraska,Butler,29,0,0,41.22703692,-97.13106306,31023.0,29,28,0,0,28,27,8058,1,0,0,1,1
2020-05-16,US,Nebraska,Cass,18,0,0,40.90899107,-96.13971217,31025.0,18,15,0,0,15,15,26159,3,0,0,3,0
2020-05-16,US,Nebraska,Cedar,6,0,0,42.598885100000004,-97.25311951,31027.0,6,6,0,0,6,6,8446,0,0,0,0,0
2020-05-16,US,Nebraska,Cherry,1,0,0,42.54502621,-101.1244332,31031.0,1,1,0,0,1,1,5761,0,0,0,0,0
2020-05-16,US,Nebraska,Cheyenne,8,0,0,41.21999357,-102.9941693,31033.0,8,8,0,0,8,8,9310,0,0,0,0,0
2020-05-16,US,Nebraska,Clay,17,0,0,40.52439441,-98.05126296,31035.0,17,15,0,0,15,14,6214,2,0,0,2,1
2020-05-16,US,Nebraska,Colfax,508,0,0,41.57486951,-97.0868542,31037.0,508,481,0,0,481,467,10881,27,0,0,27,14
2020-05-16,US,Nebraska,Cuming,16,0,0,41.91637624,-96.78730772,31039.0,16,16,0,0,16,15,8940,0,0,0,0,1
2020-05-16,US,Nebraska,Custer,29,3,0,41.39374521,-99.72805369,31041.0,26,29,3,0,26,29,10840,0,0,0,0,0
2020-05-16,US,Nebraska,Dakota,1454,3,0,42.39040144,-96.56656425,31043.0,1451,1444,3,0,1441,1412,20083,10,0,0,10,32
2020-05-16,US,Nebraska,Dawes,2,0,0,42.71985036,-103.1313774,31045.0,2,1,0,0,1,1,8716,1,0,0,1,0
2020-05-16,US,Nebraska,Dawson,804,0,0,40.87028216,-99.82014609999999,31047.0,804,778,0,0,778,756,23709,26,0,0,26,22
2020-05-16,US,Nebraska,Dixon,26,0,0,42.49188363,-96.86782408,31051.0,26,25,0,0,25,25,5709,1,0,0,1,0
2020-05-16,US,Nebraska,Dodge,236,0,0,41.58071748,-96.65598179,31053.0,236,225,0,0,225,203,36791,11,0,0,11,22
2020-05-16,US,Nebraska,Douglas,2305,14,0,41.29518299,-96.15085305,31055.0,2291,2093,14,0,2079,1960,566880,212,0,0,212,133
2020-05-16,US,Nebraska,Fillmore,4,0,0,40.52458567,-97.59646937,31059.0,4,4,0,0,4,4,5527,0,0,0,0,0
2020-05-16,US,Nebraska,Franklin,5,0,0,40.17636348,-98.95299073,31061.0,5,5,0,0,5,5,3023,0,0,0,0,0
2020-05-16,US,Nebraska,Frontier,1,0,0,40.52993007,-100.3924658,31063.0,1,1,0,0,1,1,2608,0,0,0,0,0
2020-05-16,US,Nebraska,Furnas,5,0,0,40.17642064,-99.91247454,31065.0,5,5,0,0,5,4,4715,0,0,0,0,1
2020-05-16,US,Nebraska,Gage,42,3,0,40.26186809,-96.68946704,31067.0,39,42,3,0,39,41,21493,0,0,0,0,1
2020-05-16,US,Nebraska,Gosper,13,0,0,40.51481965,-99.83020279,31073.0,13,13,0,0,13,13,1996,0,0,0,0,0
2020-05-16,US,Nebraska,Greeley,2,0,0,41.56742671,-98.52150266,31077.0,2,2,0,0,2,2,2356,0,0,0,0,0
2020-05-16,US,Nebraska,Hall,1424,28,0,40.87257079,-98.50218293,31079.0,1396,1409,28,0,1381,1392,61607,15,0,0,15,17
2020-05-16,US,Nebraska,Hamilton,48,7,0,40.87349452,-98.02099117,31081.0,41,48,7,0,41,47,9280,0,0,0,0,1
2020-05-16,US,Nebraska,Hitchcock,1,0,0,40.17609175,-101.04164770000001,31087.0,1,1,0,0,1,1,2806,0,0,0,0,0
2020-05-16,US,Nebraska,Holt,1,0,0,42.45522056,-98.78402558,31089.0,1,1,0,0,1,1,10178,0,0,0,0,0
2020-05-16,US,Nebraska,Howard,35,0,0,41.2200529,-98.5166499,31093.0,35,32,0,0,32,28,6468,3,0,0,3,4
2020-05-16,US,Nebraska,Jefferson,6,0,0,40.17584531,-97.142601,31095.0,6,5,0,0,5,5,7097,1,0,0,1,0
2020-05-16,US,Nebraska,Johnson,6,0,0,40.39257596,-96.26522753,31097.0,6,6,0,0,6,5,5134,0,0,0,0,1
2020-05-16,US,Nebraska,Kearney,11,0,0,40.50663314,-98.94877182,31099.0,11,10,0,0,10,10,6544,1,0,0,1,0
2020-05-16,US,Nebraska,Keith,2,0,0,41.19930341,-101.66201640000001,31101.0,2,2,0,0,2,2,8021,0,0,0,0,0
2020-05-16,US,Nebraska,Kimball,9,0,0,41.19774275,-103.7148131,31105.0,9,9,0,0,9,9,3618,0,0,0,0,0
2020-05-16,US,Nebraska,Knox,8,0,0,42.63758421,-97.89178836,31107.0,8,8,0,0,8,6,8419,0,0,0,0,2
2020-05-16,US,Nebraska,Lancaster,791,1,0,40.78416049,-96.68777155,31109.0,790,733,1,0,732,701,317272,58,0,0,58,32
2020-05-16,US,Nebraska,Lincoln,43,1,0,41.04658298,-100.74753740000001,31111.0,42,42,1,0,41,40,35185,1,0,0,1,2
2020-05-16,US,Nebraska,Madison,270,3,0,41.91676024,-97.6005481,31119.0,267,264,3,0,261,281,35392,6,0,0,6,-17
2020-05-16,US,Nebraska,Merrick,28,0,0,41.16624273,-98.0374887,31121.0,28,28,0,0,28,26,7733,0,0,0,0,2
2020-05-16,US,Nebraska,Morrill,10,0,0,41.71711774,-103.0061405,31123.0,10,10,0,0,10,10,4686,0,0,0,0,0
2020-05-16,US,Nebraska,Nance,4,0,0,41.39750195,-97.99327291,31125.0,4,4,0,0,4,4,3532,0,0,0,0,0
2020-05-16,US,Nebraska,Nemaha,2,0,0,40.38514847,-95.85433992,31127.0,2,2,0,0,2,2,6958,0,0,0,0,0
2020-05-16,US,Nebraska,Nuckolls,1,0,0,40.17637905,-98.04743961,31129.0,1,,,,,,4195,,,,,
2020-05-16,US,Nebraska,Otoe,5,0,0,40.64843556,-96.13374142,31131.0,5,5,0,0,5,5,15985,0,0,0,0,0
2020-05-16,US,Nebraska,Phelps,13,0,0,40.51156033,-99.41461667,31137.0,13,13,0,0,13,11,8996,0,0,0,0,2
2020-05-16,US,Nebraska,Pierce,1,0,0,42.26434853,-97.60122773,31139.0,1,1,0,0,1,1,7142,0,0,0,0,0
2020-05-16,US,Nebraska,Platte,448,0,0,41.57246836,-97.52144359,31141.0,448,426,0,0,426,407,33363,22,0,0,22,19
2020-05-16,US,Nebraska,Polk,9,0,0,41.18813488,-97.56630712,31143.0,9,9,0,0,9,9,5278,0,0,0,0,0
2020-05-16,US,Nebraska,Red Willow,5,0,0,40.17556879999999,-100.476998,31145.0,5,5,0,0,5,5,10726,0,0,0,0,0
2020-05-16,US,Nebraska,Richardson,1,0,0,40.1247415,-95.71755036,31147.0,1,1,0,0,1,1,7937,0,0,0,0,0
2020-05-16,US,Nebraska,Saline,413,0,0,40.52418865,-97.14085859,31151.0,413,403,0,0,403,395,14350,10,0,0,10,8
2020-05-16,US,Nebraska,Sarpy,331,1,0,41.11314181,-96.11156432,31153.0,330,309,1,0,308,291,184459,22,0,0,22,18
2020-05-16,US,Nebraska,Saunders,20,0,0,41.227810299999994,-96.63773905,31155.0,20,18,0,0,18,15,21303,2,0,0,2,3
2020-05-16,US,Nebraska,Scotts Bluff,51,0,0,41.85070896,-103.70809859999999,31157.0,51,51,0,0,51,48,35989,0,0,0,0,3
2020-05-16,US,Nebraska,Seward,24,1,0,40.87241834,-97.139673,31159.0,23,23,1,0,22,19,17318,1,0,0,1,4
2020-05-16,US,Nebraska,Sherman,2,0,0,41.22045983,-98.97588642,31163.0,2,2,0,0,2,2,3038,0,0,0,0,0
2020-05-16,US,Nebraska,Stanton,15,0,0,41.9169835,-97.19394708,31167.0,15,15,0,0,15,8,5970,0,0,0,0,7
2020-05-16,US,Nebraska,Thomas,1,0,0,41.91358968,-100.5556632,31171.0,1,1,0,0,1,1,720,0,0,0,0,0
2020-05-16,US,Nebraska,Thurston,19,0,0,42.15725356,-96.54157099,31173.0,19,18,0,0,18,19,7303,1,0,0,1,-1
2020-05-16,US,Nebraska,Unassigned,165,53,0,0.0,0.0,90031.0,112,0,43,0,-43,0,,165,10,0,155,0
2020-05-16,US,Nebraska,Valley,3,0,0,41.56730777,-98.98197724,31175.0,3,3,0,0,3,3,4190,0,0,0,0,0
2020-05-16,US,Nebraska,Washington,24,1,0,41.52815707,-96.22019892,31177.0,23,24,1,0,23,24,20667,0,0,0,0,0
2020-05-16,US,Nebraska,Wayne,4,0,0,42.20934475,-97.11926964,31179.0,4,4,0,0,4,3,9403,0,0,0,0,1
2020-05-16,US,Nebraska,Webster,5,0,0,40.17642643,-98.50019851,31181.0,5,5,0,0,5,5,3533,0,0,0,0,0
2020-05-16,US,Nebraska,York,29,0,0,40.87272618,-97.59710186,31185.0,29,28,0,0,28,27,13772,1,0,0,1,1
2020-05-16,US,Nevada,Carson City,70,2,0,39.15509045,-119.7480219,32510.0,68,65,2,0,63,63,55414,5,0,0,5,2
2020-05-16,US,Nevada,Churchill,5,0,0,39.58105744,-118.3394607,32001.0,5,5,0,0,5,5,24440,0,0,0,0,0
2020-05-16,US,Nevada,Clark,5298,293,0,36.21458855,-115.0130241,32003.0,5005,5235,291,0,4944,5045,2231647,63,2,0,61,190
2020-05-16,US,Nevada,Douglas,25,0,0,38.912862,-119.61713329999999,32005.0,25,24,0,0,24,24,48467,1,0,0,1,0
2020-05-16,US,Nevada,Elko,20,1,0,41.14531606,-115.3577619,32007.0,19,18,1,0,17,18,52460,2,0,0,2,0
2020-05-16,US,Nevada,Humboldt,71,3,0,41.40692186,-118.11094270000001,32013.0,68,71,3,0,68,71,16786,0,0,0,0,0
2020-05-16,US,Nevada,Lander,19,0,0,39.933223299999995,-117.03970749999999,32015.0,19,19,0,0,19,19,5575,0,0,0,0,0
2020-05-16,US,Nevada,Lincoln,2,0,0,37.64268459,-114.8790388,32017.0,2,2,0,0,2,2,5201,0,0,0,0,0
2020-05-16,US,Nevada,Lyon,47,0,0,39.01777974,-119.18704790000001,32019.0,47,47,0,0,47,46,55808,0,0,0,0,1
2020-05-16,US,Nevada,Mineral,4,0,0,38.53841696,-118.4344506,32021.0,4,4,0,0,4,4,4514,0,0,0,0,0
2020-05-16,US,Nevada,Nye,58,0,0,38.04264256,-116.47227020000001,32023.0,58,49,0,0,49,49,45346,9,0,0,9,0
2020-05-16,US,Nevada,Storey,1,0,0,39.44875482,-119.5250207,32029.0,1,1,0,0,1,1,4029,0,0,0,0,0
2020-05-16,US,Nevada,Unassigned,0,2,0,0.0,0.0,90032.0,-2,,,,,0,,,,,,
2020-05-16,US,Nevada,Washoe,1190,46,0,40.66562265,-119.6631594,32031.0,1144,1190,46,0,1144,1154,465735,0,0,0,0,36
2020-05-16,US,Nevada,White Pine,3,0,0,39.44157041,-114.89996599999999,32033.0,3,3,0,0,3,3,9475,0,0,0,0,0
2020-05-16,US,New Hampshire,Belknap,51,0,0,43.51637314,-71.41684235,33001.0,51,50,0,0,50,49,61022,1,0,0,1,1
2020-05-16,US,New Hampshire,Carroll,41,0,0,43.87498583,-71.20430216,33003.0,41,39,0,0,39,39,48779,2,0,0,2,0
2020-05-16,US,New Hampshire,Cheshire,47,2,0,42.92015988,-72.25311043,33005.0,45,47,2,0,45,45,76493,0,0,0,0,2
2020-05-16,US,New Hampshire,Coos,4,0,0,44.69063265,-71.30633239,33007.0,4,4,0,0,4,2,31589,0,0,0,0,2
2020-05-16,US,New Hampshire,Grafton,61,1,0,43.93779815,-71.82057197,33009.0,60,61,1,0,60,59,89786,0,0,0,0,2
2020-05-16,US,New Hampshire,Hillsborough,1723,54,0,42.91537785,-71.7200253,33011.0,1669,1680,54,0,1626,1624,415247,43,0,0,43,56
2020-05-16,US,New Hampshire,Merrimack,278,10,0,43.29662971,-71.6811573,33013.0,268,261,10,0,251,261,151132,17,0,0,17,0
2020-05-16,US,New Hampshire,Rockingham,1095,53,0,42.98499744,-71.12883377,33015.0,1042,1040,53,0,987,1040,309176,55,0,0,55,0
2020-05-16,US,New Hampshire,Strafford,230,11,0,43.291833000000004,-71.02336013,33017.0,219,221,11,0,210,215,130090,9,0,0,9,6
2020-05-16,US,New Hampshire,Sullivan,16,1,0,43.36094111,-72.22203125,33019.0,15,16,1,0,15,14,43144,0,0,0,0,2
2020-05-16,US,New Hampshire,Unassigned,10,39,0,0.0,0.0,90033.0,-29,34,19,0,15,34,,-24,20,0,-44,0
2020-05-16,US,New Jersey,Atlantic,1716,110,0,39.47538693,-74.65848483,34001.0,1606,1678,107,0,1571,1649,265429,38,3,0,35,29
2020-05-16,US,New Jersey,Bergen,17246,1450,0,40.96010917,-74.07164325,34003.0,15796,17195,1443,0,15752,17080,936692,51,7,0,44,115
2020-05-16,US,New Jersey,Burlington,3875,239,0,39.87681124,-74.66927768,34005.0,3636,3849,238,0,3611,3782,445384,26,1,0,25,67
2020-05-16,US,New Jersey,Camden,5381,268,0,39.80343818,-74.96388753,34007.0,5113,5255,262,0,4993,5172,507078,126,6,0,120,83
2020-05-16,US,New Jersey,Cape May,500,41,0,39.15008829,-74.80170244,34009.0,459,487,40,0,447,483,92560,13,1,0,12,4
2020-05-16,US,New Jersey,Cumberland,1592,49,0,39.37199394,-75.10712559,34011.0,1543,1488,48,0,1440,1471,150972,104,1,0,103,17
2020-05-16,US,New Jersey,Essex,16151,1534,0,40.78681335,-74.24657979,34013.0,14617,16103,1520,0,14583,15905,799767,48,14,0,34,198
2020-05-16,US,New Jersey,Gloucester,1811,113,0,39.71581067,-75.13995546,34015.0,1698,1788,106,0,1682,1756,291408,23,7,0,16,32
2020-05-16,US,New Jersey,Hudson,18048,1045,0,40.73766234,-74.07515667,34017.0,17003,18048,1042,0,17006,17602,676061,0,3,0,-3,446
2020-05-16,US,New Jersey,Hunterdon,795,49,0,40.56335249,-74.91284156,34019.0,746,777,49,0,728,764,124714,18,0,0,18,13
2020-05-16,US,New Jersey,Mercer,5719,396,0,40.28047017,-74.70479631,34021.0,5323,5673,386,0,5287,5612,369811,46,10,0,36,61
2020-05-16,US,New Jersey,Middlesex,14514,872,0,40.43629879,-74.41426991,34023.0,13642,14429,865,0,13564,14332,829685,85,7,0,78,97
2020-05-16,US,New Jersey,Monmouth,7297,503,0,40.26549699,-74.22240686,34025.0,6794,7224,495,0,6729,7164,621354,73,8,0,65,60
2020-05-16,US,New Jersey,Morris,6012,561,0,40.86095313,-74.54553709999998,34027.0,5451,5990,550,0,5440,5954,494228,22,11,0,11,36
2020-05-16,US,New Jersey,Ocean,7878,617,0,39.8895449,-74.28089251,34029.0,7261,7829,610,0,7219,7742,601651,49,7,0,42,87
2020-05-16,US,New Jersey,Passaic,15031,831,0,41.03238628,-74.29954144,34031.0,14200,14930,816,0,14114,14887,503310,101,15,0,86,43
2020-05-16,US,New Jersey,Salem,457,19,0,39.58719656,-75.34696629999998,34033.0,438,446,18,0,428,438,62607,11,1,0,10,8
2020-05-16,US,New Jersey,Somerset,4212,363,0,40.56465737,-74.61683016,34035.0,3849,4181,359,0,3822,4159,331164,31,4,0,27,22
2020-05-16,US,New Jersey,Sussex,1053,137,0,41.13891592,-74.69118243,34037.0,916,1050,137,0,913,1046,140799,3,0,0,3,4
2020-05-16,US,New Jersey,Unassigned,155,0,0,0.0,0.0,90034.0,155,,,,,253,,,,,,
2020-05-16,US,New Jersey,Union,14569,946,0,40.65835409,-74.30680092,34039.0,13623,14492,939,0,13553,14385,558067,77,7,0,70,107
2020-05-16,US,New Jersey,Warren,1077,118,0,40.85951833,-74.99556527,34041.0,959,1072,118,0,954,1068,105779,5,0,0,5,4
2020-05-16,US,New Mexico,Bernalillo,1194,56,0,35.05163625,-106.6703554,35001.0,1138,1180,56,0,1124,1149,678701,14,0,0,14,31
2020-05-16,US,New Mexico,Catron,2,1,0,33.91514144,-108.4046587,35003.0,1,2,1,0,1,2,3578,0,0,0,0,0
2020-05-16,US,New Mexico,Chaves,30,2,0,33.36406072,-104.4665365,35005.0,28,30,2,0,28,30,64689,0,0,0,0,0
2020-05-16,US,New Mexico,Cibola,101,4,0,34.91131525,-107.998876,35006.0,97,100,4,0,96,100,26746,1,0,0,1,0
2020-05-16,US,New Mexico,Colfax,5,0,0,36.60569702,-104.64726740000002,35007.0,5,5,0,0,5,5,12110,0,0,0,0,0
2020-05-16,US,New Mexico,Curry,40,0,0,34.57421077,-103.34688759999999,35009.0,40,36,0,0,36,34,49437,4,0,0,4,2
2020-05-16,US,New Mexico,Dona Ana,282,2,0,32.35275771,-106.83293870000001,35013.0,280,270,2,0,268,259,217522,12,0,0,12,11
2020-05-16,US,New Mexico,Eddy,17,1,0,32.47167456,-104.3053527,35015.0,16,17,1,0,16,17,57900,0,0,0,0,0
2020-05-16,US,New Mexico,Grant,16,0,0,32.73911281,-108.3827845,35017.0,16,16,0,0,16,16,27346,0,0,0,0,0
2020-05-16,US,New Mexico,Guadalupe,19,0,0,34.86319296,-104.790669,35019.0,19,19,0,0,19,17,4341,0,0,0,0,2
2020-05-16,US,New Mexico,Harding,1,0,0,35.85751555,-103.82209379999999,35021.0,1,1,0,0,1,1,655,0,0,0,0,0
2020-05-16,US,New Mexico,Lea,15,0,0,32.79215361,-103.4123733,35025.0,15,15,0,0,15,15,69611,0,0,0,0,0
2020-05-16,US,New Mexico,Lincoln,3,0,0,33.74526079,-105.4586166,35027.0,3,2,0,0,2,2,19556,1,0,0,1,0
2020-05-16,US,New Mexico,Los Alamos,6,0,0,35.86631386,-106.31349850000001,35028.0,6,6,0,0,6,6,19101,0,0,0,0,0
2020-05-16,US,New Mexico,Luna,8,1,0,32.18179341,-107.75088259999998,35029.0,7,8,1,0,7,8,23963,0,0,0,0,0
2020-05-16,US,New Mexico,McKinley,1864,73,0,35.58007720000001,-108.262245,35031.0,1791,1787,69,0,1718,1730,72290,77,4,0,73,57
2020-05-16,US,New Mexico,Otero,9,1,0,32.61348406,-105.7417604,35035.0,8,8,1,0,7,8,66781,1,0,0,1,0
2020-05-16,US,New Mexico,Quay,5,1,0,35.10403332,-103.54817270000001,35037.0,4,5,1,0,4,5,8253,0,0,0,0,0
2020-05-16,US,New Mexico,Rio Arriba,31,0,0,36.51072137,-106.69316740000001,35039.0,31,30,0,0,30,30,39006,1,0,0,1,0
2020-05-16,US,New Mexico,Roosevelt,26,0,0,34.02097406,-103.4799493,35041.0,26,14,0,0,14,14,18743,12,0,0,12,0
2020-05-16,US,New Mexico,San Juan,1316,85,0,36.50838318,-108.32043700000001,35045.0,1231,1274,84,0,1190,1237,125043,42,1,0,41,37
2020-05-16,US,New Mexico,San Miguel,10,0,0,35.48014807,-104.8163562,35047.0,10,9,0,0,9,7,27591,1,0,0,1,2
2020-05-16,US,New Mexico,Sandoval,488,23,0,35.68862401,-106.86878030000001,35043.0,465,483,22,0,461,479,145179,5,1,0,4,4
2020-05-16,US,New Mexico,Santa Fe,122,3,0,35.50708973,-105.9774716,35049.0,119,114,3,0,111,113,150056,8,0,0,8,1
2020-05-16,US,New Mexico,Sierra,1,0,0,33.13028233,-107.1925893,35051.0,1,1,0,0,1,1,10968,0,0,0,0,0
2020-05-16,US,New Mexico,Socorro,49,4,0,34.00715494,-106.9298354,35053.0,45,49,4,0,45,49,16735,0,0,0,0,0
2020-05-16,US,New Mexico,Taos,22,0,0,36.58006022,-105.63101979999999,35055.0,22,23,0,0,23,22,32835,-1,0,0,-1,1
2020-05-16,US,New Mexico,Torrance,18,1,0,34.64048375,-105.8508949,35057.0,17,18,1,0,17,18,15591,0,0,0,0,0
2020-05-16,US,New Mexico,Unassigned,80,0,0,0.0,0.0,90035.0,80,74,0,0,74,66,,6,0,0,6,8
2020-05-16,US,New Mexico,Union,3,0,0,36.48126404,-103.4709624,35059.0,3,3,0,0,3,3,4118,0,0,0,0,0
2020-05-16,US,New Mexico,Valencia,64,1,0,34.71669834,-106.8103733,35061.0,63,63,1,0,62,60,76456,1,0,0,1,3
2020-05-16,US,New York,Albany,1572,68,0,42.60060306,-73.97723916,36001.0,1504,1538,67,0,1471,1509,307117,34,1,0,33,29
2020-05-16,US,New York,Allegany,44,0,0,42.25748406,-78.02750466,36003.0,44,44,0,0,44,44,46430,0,0,0,0,0
2020-05-16,US,New York,Broome,413,28,0,42.15903158,-75.81326086,36007.0,385,390,28,0,362,383,191659,23,0,0,23,7
2020-05-16,US,New York,Cattaraugus,65,0,0,42.24778241,-78.67923096,36009.0,65,64,0,0,64,64,76840,1,0,0,1,0
2020-05-16,US,New York,Cayuga,63,1,0,42.91261714,-76.55731592,36011.0,62,61,1,0,60,60,77145,2,0,0,2,1
2020-05-16,US,New York,Chautauqua,48,4,0,42.22769210000001,-79.36691763,36013.0,44,45,4,0,41,44,127939,3,0,0,3,1
2020-05-16,US,New York,Chemung,134,1,0,42.13891056,-76.7638805,36015.0,133,133,1,0,132,132,84254,1,0,0,1,1
2020-05-16,US,New York,Chenango,115,0,0,42.49430041,-75.60887553,36017.0,115,113,0,0,113,112,47536,2,0,0,2,1
2020-05-16,US,New York,Clinton,91,4,0,44.74530905,-73.67875352,36019.0,87,85,4,0,81,81,80695,6,0,0,6,4
2020-05-16,US,New York,Columbia,338,26,0,42.24819348,-73.63089095,36021.0,312,333,24,0,309,327,59916,5,2,0,3,6
2020-05-16,US,New York,Cortland,34,0,0,42.59509207,-76.07048931,36023.0,34,33,0,0,33,33,47823,1,0,0,1,0
2020-05-16,US,New York,Delaware,68,4,0,42.19837623,-74.96709306,36025.0,64,67,4,0,63,67,44527,1,0,0,1,0
2020-05-16,US,New York,Dutchess,3527,120,0,41.76486060000001,-73.74356679,36027.0,3407,3498,117,0,3381,3474,293718,29,3,0,26,24
2020-05-16,US,New York,Erie,4867,420,0,42.76249024,-78.73063652,36029.0,4447,4782,411,0,4371,4671,919719,85,9,0,76,111
2020-05-16,US,New York,Essex,32,0,0,44.11630765,-73.77297842,36031.0,32,32,0,0,32,32,37300,0,0,0,0,0
2020-05-16,US,New York,Franklin,18,0,0,44.59040891,-74.29926032,36033.0,18,17,0,0,17,17,50293,1,0,0,1,0
2020-05-16,US,New York,Fulton,148,14,0,43.11363907,-74.41798804,36035.0,134,145,14,0,131,144,53591,3,0,0,3,1
2020-05-16,US,New York,Genesee,178,4,0,43.0022601,-78.19135193,36037.0,174,175,3,0,172,175,57511,3,1,0,2,0
2020-05-16,US,New York,Greene,211,14,0,42.275797,-74.12384884,36039.0,197,209,14,0,195,207,47491,2,0,0,2,2
2020-05-16,US,New York,Hamilton,5,0,0,43.66146647,-74.49721957,36041.0,5,5,0,0,5,5,4434,0,0,0,0,0
2020-05-16,US,New York,Herkimer,91,3,0,43.42034246,-74.96145307,36043.0,88,87,3,0,84,86,61833,4,0,0,4,1
2020-05-16,US,New York,Jefferson,71,0,0,44.04200959,-75.94653457,36045.0,71,71,0,0,71,69,111755,0,0,0,0,2
2020-05-16,US,New York,Lewis,13,0,0,43.784415700000004,-75.44903992,36049.0,13,12,0,0,12,12,26447,1,0,0,1,0
2020-05-16,US,New York,Livingston,107,7,0,42.72596275,-77.77966158,36051.0,100,106,7,0,99,106,63227,1,0,0,1,0
2020-05-16,US,New York,Madison,258,8,0,42.91653905,-75.67266639,36053.0,250,256,7,0,249,255,70795,2,1,0,1,1
2020-05-16,US,New York,Monroe,2192,167,0,43.14638895,-77.69322942,36055.0,2025,2091,167,0,1924,2019,742474,101,0,0,101,72
2020-05-16,US,New York,Montgomery,75,1,0,42.90123494,-74.44011632,36057.0,74,72,1,0,71,69,49455,3,0,0,3,3
2020-05-16,US,New York,Nassau,39033,2034,0,40.74066522,-73.58941873,36059.0,36999,38864,2027,0,36837,38743,1358343,169,7,0,162,121
2020-05-16,US,New York,New York City,191600,20576,0,40.76727260000001,-73.97152637,36061.0,171024,190357,20476,0,169881,188545,1628701,1243,100,0,1143,1812
2020-05-16,US,New York,Niagara,770,50,0,43.19898042,-78.74777412,36063.0,720,743,44,0,699,710,210433,27,6,0,21,33
2020-05-16,US,New York,Oneida,751,31,0,43.24375382,-75.43710392,36065.0,720,713,23,0,690,698,229577,38,8,0,30,15
2020-05-16,US,New York,Onondaga,1469,90,0,43.00491923,-76.19971155,36067.0,1379,1440,90,0,1350,1423,461809,29,0,0,29,17
2020-05-16,US,New York,Ontario,139,9,0,42.85145728,-77.30874425,36069.0,130,133,9,0,124,129,109864,6,0,0,6,4
2020-05-16,US,New York,Orange,9879,408,0,41.40337468,-74.30240757,36071.0,9471,9825,408,0,9417,9771,381951,54,0,0,54,54
2020-05-16,US,New York,Orleans,163,21,0,43.2516977,-78.2320066,36073.0,142,147,20,0,127,145,40612,16,1,0,15,2
2020-05-16,US,New York,Oswego,83,3,0,43.42778894,-76.14635194,36075.0,80,80,3,0,77,78,117898,3,0,0,3,2
2020-05-16,US,New York,Otsego,67,4,0,42.63492579,-75.03151402,36077.0,63,67,4,0,63,67,59749,0,0,0,0,0
2020-05-16,US,New York,Putnam,1127,57,0,41.42630093,-73.74965532,36079.0,1070,1121,56,0,1065,1115,98892,6,1,0,5,6
2020-05-16,US,New York,Rensselaer,438,23,0,42.71348136,-73.51089874,36083.0,415,428,23,0,405,423,159442,10,0,0,10,5
2020-05-16,US,New York,Rockland,12688,602,0,41.15027894,-74.02560498,36087.0,12086,12637,602,0,12035,12596,325695,51,0,0,51,41
2020-05-16,US,New York,Saratoga,423,11,0,43.10904162,-73.86653895,36091.0,412,421,11,0,410,415,230163,2,0,0,2,6
2020-05-16,US,New York,Schenectady,613,28,0,42.81668777,-74.05278291,36093.0,585,603,28,0,575,597,155350,10,0,0,10,6
2020-05-16,US,New York,Schoharie,47,0,0,42.58831742,-74.44339029999998,36095.0,47,47,0,0,47,47,31097,0,0,0,0,0
2020-05-16,US,New York,Schuyler,8,0,0,42.39184015,-76.8773299,36097.0,8,8,0,0,8,8,17912,0,0,0,0,0
2020-05-16,US,New York,Seneca,50,0,0,42.78081007,-76.82497064,36099.0,50,49,0,0,49,49,34300,1,0,0,1,0
2020-05-16,US,New York,St. Lawrence,192,2,0,44.4976179,-75.06550039,36089.0,190,192,2,0,190,192,108047,0,0,0,0,0
2020-05-16,US,New York,Steuben,233,39,0,42.2689144,-77.3829924,36101.0,194,231,39,0,192,230,95796,2,0,0,2,1
2020-05-16,US,New York,Suffolk,37942,1733,0,40.88320119,-72.8012172,36103.0,36209,37719,1709,0,36010,37544,1481093,223,24,0,199,175
2020-05-16,US,New York,Sullivan,1217,25,0,41.71579493,-74.76394559,36105.0,1192,1189,25,0,1164,1168,75498,28,0,0,28,21
2020-05-16,US,New York,Tioga,112,20,0,42.16852837,-76.30835812,36107.0,92,110,20,0,90,108,48560,2,0,0,2,2
2020-05-16,US,New York,Tompkins,138,0,0,42.44945765,-76.47229843,36109.0,138,136,0,0,136,136,102793,2,0,0,2,0
2020-05-16,US,New York,Ulster,1537,64,0,41.89027881,-74.26252104,36111.0,1473,1511,64,0,1447,1495,178599,26,0,0,26,16
2020-05-16,US,New York,Warren,228,26,0,43.56173026,-73.8433699,36113.0,202,228,25,0,203,227,64265,0,1,0,-1,1
2020-05-16,US,New York,Washington,218,13,0,43.31153794,-73.43043448,36115.0,205,217,13,0,204,215,61197,1,0,0,1,2
2020-05-16,US,New York,Wayne,92,2,0,43.15494365,-77.02976528,36117.0,90,91,2,0,89,89,90064,1,0,0,1,2
2020-05-16,US,New York,Westchester,32097,1275,0,41.16278376,-73.75741653,36119.0,30822,31943,1269,0,30674,31792,967612,154,6,0,148,151
2020-05-16,US,New York,Wyoming,78,5,0,42.70145109,-78.22199579,36121.0,73,77,5,0,72,77,40085,1,0,0,1,0
2020-05-16,US,New York,Yates,22,4,0,42.63505484,-77.10369919,36123.0,18,22,4,0,18,22,24841,0,0,0,0,0
2020-05-16,US,North Carolina,Alamance,203,9,0,36.0434701,-79.39976137,37001.0,194,196,9,0,187,196,166436,7,0,0,7,0
2020-05-16,US,North Carolina,Alexander,18,0,0,35.922379600000006,-81.17751948,37003.0,18,15,0,0,15,15,37353,3,0,0,3,0
2020-05-16,US,North Carolina,Alleghany,11,0,0,36.49360862,-81.12857041,37005.0,11,10,0,0,10,10,11161,1,0,0,1,0
2020-05-16,US,North Carolina,Anson,46,0,0,34.97403241,-80.09953279,37007.0,46,43,0,0,43,41,24877,3,0,0,3,2
2020-05-16,US,North Carolina,Ashe,26,0,0,36.43296207,-81.49862729,37009.0,26,17,0,0,17,17,27109,9,0,0,9,0
2020-05-16,US,North Carolina,Beaufort,27,0,0,35.48531943,-76.84325809,37013.0,27,27,0,0,27,27,47079,0,0,0,0,0
2020-05-16,US,North Carolina,Bertie,84,3,0,36.0688473,-76.96545943,37015.0,81,76,3,0,73,74,19026,8,0,0,8,2
2020-05-16,US,North Carolina,Bladen,70,2,0,34.61296243,-78.56180059,37017.0,68,68,2,0,66,66,33190,2,0,0,2,2
2020-05-16,US,North Carolina,Brunswick,55,2,0,34.070565,-78.22814204,37019.0,53,51,2,0,49,51,136744,4,0,0,4,0
2020-05-16,US,North Carolina,Buncombe,152,4,0,35.61113393,-82.53305,37021.0,148,138,4,0,134,116,259103,14,0,0,14,22
2020-05-16,US,North Carolina,Burke,191,14,0,35.74989637,-81.70755735,37023.0,177,175,14,0,161,175,90382,16,0,0,16,0
2020-05-16,US,North Carolina,Cabarrus,372,20,0,35.3877799,-80.55267168,37025.0,352,371,20,0,351,371,211342,1,0,0,1,0
2020-05-16,US,North Carolina,Caldwell,78,2,0,35.95204977,-81.54799522,37027.0,76,75,1,0,74,75,82029,3,1,0,2,0
2020-05-16,US,North Carolina,Camden,2,0,0,36.33804939,-76.15568396,37029.0,2,2,0,0,2,2,10710,0,0,0,0,0
2020-05-16,US,North Carolina,Carteret,36,3,0,34.8932941,-76.54120135,37031.0,33,36,3,0,33,36,69524,0,0,0,0,0
2020-05-16,US,North Carolina,Caswell,43,1,0,36.39312665,-79.33353281,37033.0,42,43,1,0,42,42,22698,0,0,0,0,1
2020-05-16,US,North Carolina,Catawba,96,2,0,35.66211129,-81.2132617,37035.0,94,96,2,0,94,96,158652,0,0,0,0,0
2020-05-16,US,North Carolina,Chatham,504,24,0,35.70394416,-79.25541492,37037.0,480,495,24,0,471,490,73139,9,0,0,9,5
2020-05-16,US,North Carolina,Cherokee,27,1,0,35.1349263,-84.05970864,37039.0,26,27,1,0,26,27,28383,0,0,0,0,0
2020-05-16,US,North Carolina,Chowan,14,0,0,36.12908077,-76.60118385,37041.0,14,12,0,0,12,12,14029,2,0,0,2,0
2020-05-16,US,North Carolina,Clay,8,0,0,35.05704275,-83.74353633,37043.0,8,8,0,0,8,8,11139,0,0,0,0,0
2020-05-16,US,North Carolina,Cleveland,54,2,0,35.33553364,-81.55204486,37045.0,52,54,2,0,52,53,97645,0,0,0,0,1
2020-05-16,US,North Carolina,Columbus,238,18,0,34.26744084,-78.65801424,37047.0,220,238,18,0,220,229,55655,0,0,0,0,9
2020-05-16,US,North Carolina,Craven,84,4,0,35.11833364,-77.08398081,37049.0,80,81,4,0,77,79,102912,3,0,0,3,2
2020-05-16,US,North Carolina,Cumberland,463,12,0,35.04762133,-78.82623165,37051.0,451,439,11,0,428,426,332330,24,1,0,23,13
2020-05-16,US,North Carolina,Currituck,11,0,0,36.36123664,-75.95876401,37053.0,11,11,0,0,11,11,27072,0,0,0,0,0
2020-05-16,US,North Carolina,Dare,21,1,0,35.66520691,-75.71767334,37055.0,20,21,1,0,20,21,36501,0,0,0,0,0
2020-05-16,US,North Carolina,Davidson,274,10,0,35.79115496,-80.21256572,37057.0,264,270,10,0,260,256,166614,4,0,0,4,14
2020-05-16,US,North Carolina,Davie,46,2,0,35.93099927,-80.54496571,37059.0,44,43,2,0,41,41,42733,3,0,0,3,2
2020-05-16,US,North Carolina,Duplin,368,11,0,34.93449805,-77.93140529,37061.0,357,354,11,0,343,305,58856,14,0,0,14,49
2020-05-16,US,North Carolina,Durham,980,37,0,36.03638492,-78.87608331,37063.0,943,968,37,0,931,949,316739,12,0,0,12,19
2020-05-16,US,North Carolina,Edgecombe,167,7,0,35.91230639,-77.59436892,37065.0,160,164,7,0,157,161,52005,3,0,0,3,3
2020-05-16,US,North Carolina,Forsyth,627,7,0,36.12859861,-80.25459052,37067.0,620,616,7,0,609,555,379099,11,0,0,11,61
2020-05-16,US,North Carolina,Franklin,121,22,0,36.081519,-78.28708884,37069.0,99,121,22,0,99,121,67560,0,0,0,0,0
2020-05-16,US,North Carolina,Gaston,201,6,0,35.29373559,-81.17477045,37071.0,195,201,6,0,195,201,222846,0,0,0,0,0
2020-05-16,US,North Carolina,Gates,14,0,0,36.44667547,-76.69749701,37073.0,14,13,0,0,13,12,11573,1,0,0,1,1
2020-05-16,US,North Carolina,Graham,2,0,0,35.3506925,-83.83369267,37075.0,2,2,0,0,2,2,8484,0,0,0,0,0
2020-05-16,US,North Carolina,Granville,190,6,0,36.30337451,-78.65184241,37077.0,184,186,6,0,180,181,60115,4,0,0,4,5
2020-05-16,US,North Carolina,Greene,44,1,0,35.48544173,-77.67578087,37079.0,43,40,1,0,39,40,21012,4,0,0,4,0
2020-05-16,US,North Carolina,Guilford,776,47,0,36.07959451,-79.78824948,37081.0,729,767,46,0,721,720,533670,9,1,0,8,47
2020-05-16,US,North Carolina,Halifax,107,1,0,36.25669272,-77.6556109,37083.0,106,107,1,0,106,107,50574,0,0,0,0,0
2020-05-16,US,North Carolina,Harnett,240,17,0,35.36731853,-78.87243571,37085.0,223,237,17,0,220,235,134214,3,0,0,3,2
2020-05-16,US,North Carolina,Haywood,22,0,0,35.55269063,-82.98196486,37087.0,22,21,0,0,21,19,61971,1,0,0,1,2
2020-05-16,US,North Carolina,Henderson,280,38,0,35.33788927,-82.4766782,37089.0,242,274,36,0,238,262,116748,6,2,0,4,12
2020-05-16,US,North Carolina,Hertford,51,1,0,36.3607755,-76.98104134,37091.0,50,51,1,0,50,51,23659,0,0,0,0,0
2020-05-16,US,North Carolina,Hoke,148,0,0,35.01888303,-79.23651674,37093.0,148,140,0,0,140,134,54764,8,0,0,8,6
2020-05-16,US,North Carolina,Hyde,1,0,0,35.42017674,-76.15180542,37095.0,1,1,0,0,1,1,5230,0,0,0,0,0
2020-05-16,US,North Carolina,Iredell,181,6,0,35.80950511,-80.8743128,37097.0,175,170,6,0,164,168,178435,11,0,0,11,2
2020-05-16,US,North Carolina,Jackson,24,1,0,35.28814273,-83.14093385,37099.0,23,23,1,0,22,23,43327,1,0,0,1,0
2020-05-16,US,North Carolina,Johnston,234,19,0,35.51745004,-78.36622717,37101.0,215,233,19,0,214,228,202675,1,0,0,1,5
2020-05-16,US,North Carolina,Jones,21,3,0,35.02254606,-77.35870791,37103.0,18,21,3,0,18,21,9637,0,0,0,0,0
2020-05-16,US,North Carolina,Lee,308,3,0,35.47623147,-79.17569362,37105.0,305,305,3,0,302,299,61452,3,0,0,3,6
2020-05-16,US,North Carolina,Lenoir,147,5,0,35.24032589999999,-77.64245615,37107.0,142,141,5,0,136,141,55976,6,0,0,6,0
2020-05-16,US,North Carolina,Lincoln,45,0,0,35.48508185,-81.21740317,37109.0,45,44,0,0,44,44,83770,1,0,0,1,0
2020-05-16,US,North Carolina,Macon,4,1,0,35.14867843,-83.41696617,37113.0,3,3,1,0,2,3,35285,1,0,0,1,0
2020-05-16,US,North Carolina,Madison,1,0,0,35.85402722,-82.71346418,37115.0,1,1,0,0,1,1,21763,0,0,0,0,0
2020-05-16,US,North Carolina,Martin,35,4,0,35.84326734,-77.10860251,37117.0,31,34,4,0,30,34,22671,1,0,0,1,0
2020-05-16,US,North Carolina,McDowell,30,1,0,35.67736232,-82.0482425,37111.0,29,30,1,0,29,30,45507,0,0,0,0,0
2020-05-16,US,North Carolina,Mecklenburg,2504,63,0,35.24469268,-80.8317671,37119.0,2441,2385,63,0,2322,2342,1093901,119,0,0,119,43
2020-05-16,US,North Carolina,Mitchell,8,0,0,36.01059309,-82.1582442,37121.0,8,5,0,0,5,5,15000,3,0,0,3,0
2020-05-16,US,North Carolina,Montgomery,56,3,0,35.33155144,-79.90416657,37123.0,53,48,3,0,45,47,27271,8,0,0,8,1
2020-05-16,US,North Carolina,Moore,164,10,0,35.30885257,-79.48474178,37125.0,154,164,10,0,154,164,98682,0,0,0,0,0
2020-05-16,US,North Carolina,Nash,149,3,0,35.96575634,-77.98422508,37127.0,146,149,3,0,146,146,94016,0,0,0,0,3
2020-05-16,US,North Carolina,New Hanover,127,3,0,34.25758282,-77.87075626,37129.0,124,127,3,0,124,124,232274,0,0,0,0,3
2020-05-16,US,North Carolina,Northampton,129,10,0,36.41736238,-77.39769443,37131.0,119,129,9,0,120,128,19676,0,1,0,-1,1
2020-05-16,US,North Carolina,Onslow,70,2,0,34.72607366,-77.42908179,37133.0,68,67,2,0,65,63,197683,3,0,0,3,4
2020-05-16,US,North Carolina,Orange,269,36,0,36.06092947,-79.12167935,37135.0,233,266,34,0,232,263,146027,3,2,0,1,3
2020-05-16,US,North Carolina,Pamlico,8,0,0,35.15253315,-76.66559823,37137.0,8,8,0,0,8,8,12670,0,0,0,0,0
2020-05-16,US,North Carolina,Pasquotank,87,5,0,36.26723798,-76.25134778,37139.0,82,83,5,0,78,81,39639,4,0,0,4,2
2020-05-16,US,North Carolina,Pender,44,1,0,34.52265624,-77.90352133,37141.0,43,43,1,0,42,43,62162,1,0,0,1,0
2020-05-16,US,North Carolina,Perquimans,23,2,0,36.17847453,-76.40603143,37143.0,21,21,2,0,19,20,13422,2,0,0,2,1
2020-05-16,US,North Carolina,Person,32,1,0,36.38989032,-78.97217358,37145.0,31,32,1,0,31,32,39507,0,0,0,0,0
2020-05-16,US,North Carolina,Pitt,202,2,0,35.59535426,-77.37353178,37147.0,200,196,2,0,194,185,179914,6,0,0,6,11
2020-05-16,US,North Carolina,Polk,32,3,0,35.27820615,-82.16812354,37149.0,29,32,3,0,29,32,20611,0,0,0,0,0
2020-05-16,US,North Carolina,Randolph,438,6,0,35.71015088,-79.80570339,37151.0,432,422,6,0,416,407,143351,16,0,0,16,15
2020-05-16,US,North Carolina,Richmond,112,2,0,35.00417719,-79.74491009,37153.0,110,104,2,0,102,103,44887,8,0,0,8,1
2020-05-16,US,North Carolina,Robeson,531,12,0,34.64244496,-79.10250529999998,37155.0,519,519,11,0,508,519,131831,12,1,0,11,0
2020-05-16,US,North Carolina,Rockingham,45,2,0,36.39593137,-79.77504841,37157.0,43,44,2,0,42,44,90690,1,0,0,1,0
2020-05-16,US,North Carolina,Rowan,525,26,0,35.64003916,-80.52446628,37159.0,499,517,26,0,491,510,141262,8,0,0,8,7
2020-05-16,US,North Carolina,Rutherford,153,7,0,35.40114178,-81.92112099,37161.0,146,153,7,0,146,154,66826,0,0,0,0,-1
2020-05-16,US,North Carolina,Sampson,232,1,0,34.98820368,-78.36914061,37163.0,231,219,1,0,218,211,63626,13,0,0,13,8
2020-05-16,US,North Carolina,Scotland,50,0,0,34.8386299,-79.4757978,37165.0,50,48,0,0,48,46,34810,2,0,0,2,2
2020-05-16,US,North Carolina,Stanly,32,4,0,35.31647813,-80.25093221,37167.0,28,32,4,0,28,32,62075,0,0,0,0,0
2020-05-16,US,North Carolina,Stokes,26,0,0,36.4017975,-80.23893369,37169.0,26,23,0,0,23,22,45467,3,0,0,3,1
2020-05-16,US,North Carolina,Surry,75,1,0,36.41689489,-80.69102283,37171.0,74,67,1,0,66,62,71948,8,0,0,8,5
2020-05-16,US,North Carolina,Swain,6,0,0,35.48665845,-83.48748932,37173.0,6,6,0,0,6,5,14245,0,0,0,0,1
2020-05-16,US,North Carolina,Transylvania,7,0,0,35.20383864,-82.79638423,37175.0,7,7,0,0,7,7,34215,0,0,0,0,0
2020-05-16,US,North Carolina,Tyrrell,4,0,0,35.87147226,-76.17055253,37177.0,4,4,0,0,4,4,4131,0,0,0,0,0
2020-05-16,US,North Carolina,Union,351,17,0,34.98960527,-80.52955873,37179.0,334,337,17,0,320,320,235908,14,0,0,14,17
2020-05-16,US,North Carolina,Vance,195,17,0,36.36880673,-78.40670845,37181.0,178,195,17,0,178,175,44582,0,0,0,0,20
2020-05-16,US,North Carolina,Wake,1199,28,0,35.78879266,-78.65249174,37183.0,1171,1165,28,0,1137,1132,1092305,34,0,0,34,33
2020-05-16,US,North Carolina,Warren,28,0,0,36.39728256,-78.10652228,37185.0,28,26,0,0,26,25,19807,2,0,0,2,1
2020-05-16,US,North Carolina,Washington,26,3,0,35.83810081,-76.57299037,37187.0,23,26,3,0,23,26,11859,0,0,0,0,0
2020-05-16,US,North Carolina,Watauga,9,0,0,36.23103603,-81.70033724,37189.0,9,9,0,0,9,9,55945,0,0,0,0,0
2020-05-16,US,North Carolina,Wayne,819,15,0,35.36438125,-78.00027268,37191.0,804,801,15,0,786,775,123248,18,0,0,18,26
2020-05-16,US,North Carolina,Wilkes,405,1,0,36.2084135,-81.16232895,37193.0,404,287,1,0,286,277,68557,118,0,0,118,10
2020-05-16,US,North Carolina,Wilson,229,9,0,35.70625477,-77.917978,37195.0,220,222,9,0,213,221,81455,7,0,0,7,1
2020-05-16,US,North Carolina,Yadkin,98,1,0,36.16222629,-80.66239436,37197.0,97,92,1,0,91,80,37543,6,0,0,6,12
2020-05-16,US,North Carolina,Yancey,8,0,0,35.90079156,-82.31237181,37199.0,8,8,0,0,8,8,17903,0,0,0,0,0
2020-05-16,US,North Dakota,Barnes,4,0,0,46.93579637,-98.06605978,38003.0,4,4,0,0,4,4,10542,0,0,0,0,0
2020-05-16,US,North Dakota,Benson,1,0,0,48.0683985,-99.35916363,38005.0,1,1,0,0,1,1,6962,0,0,0,0,0
2020-05-16,US,North Dakota,Bowman,1,0,0,46.11285362,-103.5203343,38011.0,1,1,0,0,1,1,3076,0,0,0,0,0
2020-05-16,US,North Dakota,Burke,5,0,0,48.79094471,-102.51821170000001,38013.0,5,5,0,0,5,5,2100,0,0,0,0,0
2020-05-16,US,North Dakota,Burleigh,112,0,0,46.97847375,-100.46452140000001,38015.0,112,109,0,0,109,107,95273,3,0,0,3,2
2020-05-16,US,North Dakota,Cass,1106,26,0,46.93201724,-97.24447190000001,38017.0,1080,1032,26,0,1006,991,181516,74,0,0,74,41
2020-05-16,US,North Dakota,Divide,1,0,0,48.814938700000006,-103.48736109999999,38023.0,1,1,0,0,1,1,2283,0,0,0,0,0
2020-05-16,US,North Dakota,Dunn,11,0,0,47.35423935,-102.61604679999999,38025.0,11,11,0,0,11,11,4332,0,0,0,0,0
2020-05-16,US,North Dakota,Eddy,2,0,0,47.71701474,-98.90432337,38027.0,2,2,0,0,2,2,2313,0,0,0,0,0
2020-05-16,US,North Dakota,Emmons,1,1,0,46.28398398,-100.2389766,38029.0,0,1,1,0,0,1,3295,0,0,0,0,0
2020-05-16,US,North Dakota,Foster,1,0,0,47.457108399999996,-98.88279923,38031.0,1,1,0,0,1,1,3216,0,0,0,0,0
2020-05-16,US,North Dakota,Grand Forks,315,3,0,47.92093639,-97.45450447,38035.0,312,307,3,0,304,304,70770,8,0,0,8,3
2020-05-16,US,North Dakota,Grant,2,0,0,46.35821257,-101.63900129999999,38037.0,2,2,0,0,2,2,2374,0,0,0,0,0
2020-05-16,US,North Dakota,McHenry,2,1,0,48.23104458,-100.6324822,38049.0,1,2,1,0,1,2,5816,0,0,0,0,0
2020-05-16,US,North Dakota,McIntosh,1,0,0,46.11182017,-99.44145858,38051.0,1,1,0,0,1,1,2585,0,0,0,0,0
2020-05-16,US,North Dakota,McKenzie,15,0,0,47.74133370000001,-103.395905,38053.0,15,15,0,0,15,15,13632,0,0,0,0,0
2020-05-16,US,North Dakota,McLean,5,0,0,47.60766714,-101.3182418,38055.0,5,5,0,0,5,5,9541,0,0,0,0,0
2020-05-16,US,North Dakota,Mercer,4,0,0,47.31213126,-101.8318399,38057.0,4,4,0,0,4,4,8267,0,0,0,0,0
2020-05-16,US,North Dakota,Morton,39,2,0,46.71681782,-101.2822377,38059.0,37,39,2,0,37,37,31095,0,0,0,0,2
2020-05-16,US,North Dakota,Mountrail,40,0,0,48.20197971,-102.3555315,38061.0,40,38,0,0,38,38,10218,2,0,0,2,0
2020-05-16,US,North Dakota,Nelson,1,0,0,47.9226426,-98.19038437,38063.0,1,1,0,0,1,1,2869,0,0,0,0,0
2020-05-16,US,North Dakota,Oliver,1,0,0,47.11530482,-101.3406158,38065.0,1,1,0,0,1,1,1952,0,0,0,0,0
2020-05-16,US,North Dakota,Pembina,6,0,0,48.76623521,-97.5523809,38067.0,6,6,0,0,6,6,6947,0,0,0,0,0
2020-05-16,US,North Dakota,Pierce,3,0,0,48.24977025,-99.96407787,38069.0,3,3,0,0,3,3,4081,0,0,0,0,0
2020-05-16,US,North Dakota,Ramsey,7,0,0,48.26886249,-98.72223879,38071.0,7,7,0,0,7,7,11481,0,0,0,0,0
2020-05-16,US,North Dakota,Ransom,3,0,0,46.45621782,-97.65742504,38073.0,3,3,0,0,3,3,5237,0,0,0,0,0
2020-05-16,US,North Dakota,Renville,1,0,0,48.71982533,-101.6603912,38075.0,1,1,0,0,1,1,2374,0,0,0,0,0
2020-05-16,US,North Dakota,Richland,9,0,0,46.26440649,-96.94852979,38077.0,9,9,0,0,9,9,16239,0,0,0,0,0
2020-05-16,US,North Dakota,Rolette,4,0,0,48.77245354,-99.84097493,38079.0,4,4,0,0,4,3,14301,0,0,0,0,1
2020-05-16,US,North Dakota,Sargent,3,0,0,46.10830372,-97.63217159,38081.0,3,3,0,0,3,3,3870,0,0,0,0,0
2020-05-16,US,North Dakota,Sioux,1,0,0,46.11323337,-101.04401490000001,38085.0,1,1,0,0,1,1,4358,0,0,0,0,0
2020-05-16,US,North Dakota,Slope,3,0,0,46.44737738,-103.4601547,38087.0,3,3,0,0,3,3,763,0,0,0,0,0
2020-05-16,US,North Dakota,Stark,61,2,0,46.80851182,-102.65763259999999,38089.0,59,61,2,0,59,61,30997,0,0,0,0,0
2020-05-16,US,North Dakota,Stutsman,16,0,0,46.97962541,-98.95637318,38093.0,16,16,0,0,16,16,20917,0,0,0,0,0
2020-05-16,US,North Dakota,Traill,1,0,0,47.45367788,-97.16323288,38097.0,1,1,0,0,1,1,8037,0,0,0,0,0
2020-05-16,US,North Dakota,Unassigned,0,6,0,0.0,0.0,90038.0,-6,0,6,0,-6,0,,0,0,0,0,0
2020-05-16,US,North Dakota,Walsh,9,0,0,48.36876964,-97.72574783,38099.0,9,9,0,0,9,9,10667,0,0,0,0,0
2020-05-16,US,North Dakota,Ward,28,1,0,48.22390169,-101.54367629999999,38101.0,27,28,1,0,27,28,67744,0,0,0,0,0
2020-05-16,US,North Dakota,Wells,2,0,0,47.58614526,-99.65904998,38103.0,2,2,0,0,2,2,3957,0,0,0,0,0
2020-05-16,US,North Dakota,Williams,21,0,0,48.34522353,-103.4793387,38105.0,21,21,0,0,21,21,35350,0,0,0,0,0
2020-05-16,US,Ohio,Adams,8,0,0,38.84541072,-83.4718964,39001.0,8,8,0,0,8,7,27724,0,0,0,0,1
2020-05-16,US,Ohio,Allen,165,30,0,40.77285242,-84.10802343,39003.0,135,164,30,0,134,164,102663,1,0,0,1,0
2020-05-16,US,Ohio,Ashland,15,0,0,40.84772277,-82.27280781,39005.0,15,15,0,0,15,15,53745,0,0,0,0,0
2020-05-16,US,Ohio,Ashtabula,229,26,0,41.70860332,-80.74830218,39007.0,203,223,26,0,197,212,97493,6,0,0,6,11
2020-05-16,US,Ohio,Athens,8,1,0,39.33425634,-82.04278644,39009.0,7,8,1,0,7,6,65818,0,0,0,0,2
2020-05-16,US,Ohio,Auglaize,54,3,0,40.55998859,-84.22421429999999,39011.0,51,54,3,0,51,51,45804,0,0,0,0,3
2020-05-16,US,Ohio,Belmont,318,8,0,40.01625942,-80.9924051,39013.0,310,300,8,0,292,296,67505,18,0,0,18,4
2020-05-16,US,Ohio,Brown,22,1,0,38.93416837,-83.86788395,39015.0,21,22,1,0,21,21,43602,0,0,0,0,1
2020-05-16,US,Ohio,Butler,578,16,0,39.44012838,-84.57388716,39017.0,562,558,16,0,542,542,382378,20,0,0,20,16
2020-05-16,US,Ohio,Carroll,24,2,0,40.578968599999996,-81.09178213,39019.0,22,24,2,0,22,24,27081,0,0,0,0,0
2020-05-16,US,Ohio,Champaign,23,1,0,40.13923427,-83.76875242,39021.0,22,22,1,0,21,20,38754,1,0,0,1,2
2020-05-16,US,Ohio,Clark,138,3,0,39.91592258,-83.78498252,39023.0,135,131,3,0,128,122,134585,7,0,0,7,9
2020-05-16,US,Ohio,Clermont,149,4,0,39.04847534,-84.15375786,39025.0,145,144,4,0,140,136,205466,5,0,0,5,8
2020-05-16,US,Ohio,Clinton,39,0,0,39.41485808,-83.80852286,39027.0,39,38,0,0,38,37,42057,1,0,0,1,1
2020-05-16,US,Ohio,Columbiana,415,43,0,40.76932373,-80.78094576,39029.0,372,397,43,0,354,367,102665,18,0,0,18,30
2020-05-16,US,Ohio,Coshocton,20,0,0,40.30096166,-81.91729018,39031.0,20,20,0,0,20,19,36629,0,0,0,0,1
2020-05-16,US,Ohio,Crawford,94,2,0,40.85065156,-82.91989099,39033.0,92,92,2,0,90,89,41550,2,0,0,2,3
2020-05-16,US,Ohio,Cuyahoga,3223,163,0,41.424119,-81.65918339,39035.0,3060,3156,162,0,2994,3066,1243857,67,1,0,66,90
2020-05-16,US,Ohio,Darke,111,16,0,40.13412966,-84.6194517,39037.0,95,102,16,0,86,95,51323,9,0,0,9,7
2020-05-16,US,Ohio,Defiance,25,1,0,41.32398837,-84.49076944,39039.0,24,25,1,0,24,25,38165,0,0,0,0,0
2020-05-16,US,Ohio,Delaware,257,5,0,40.27942393,-83.00457058,39041.0,252,241,5,0,236,240,204826,16,0,0,16,1
2020-05-16,US,Ohio,Erie,97,3,0,41.36796058,-82.62904521,39043.0,94,88,3,0,85,86,74615,9,0,0,9,2
2020-05-16,US,Ohio,Fairfield,203,3,0,39.75107189,-82.63088163,39045.0,200,203,3,0,200,198,155782,0,0,0,0,5
2020-05-16,US,Ohio,Fayette,30,0,0,39.56021306,-83.4562016,39047.0,30,28,0,0,28,23,28666,2,0,0,2,5
2020-05-16,US,Ohio,Franklin,4420,169,0,39.96995815,-83.01115755,39049.0,4251,4330,156,0,4174,4227,1310300,90,13,0,77,103
2020-05-16,US,Ohio,Fulton,34,0,0,41.60213491,-84.12571393,39051.0,34,34,0,0,34,32,42276,0,0,0,0,2
2020-05-16,US,Ohio,Gallia,7,1,0,38.82708533,-82.31647569,39053.0,6,6,1,0,5,6,29979,1,0,0,1,0
2020-05-16,US,Ohio,Geauga,220,24,0,41.49952319,-81.17935342,39055.0,196,212,24,0,188,206,94031,8,0,0,8,6
2020-05-16,US,Ohio,Greene,75,5,0,39.69116283,-83.89032084,39057.0,70,73,5,0,68,70,167995,2,0,0,2,3
2020-05-16,US,Ohio,Guernsey,24,0,0,40.05026529,-81.49248905,39059.0,24,22,0,0,22,22,39022,2,0,0,2,0
2020-05-16,US,Ohio,Hamilton,2007,111,0,39.19673558,-84.54502924,39061.0,1896,1961,109,0,1852,1927,816684,46,2,0,44,34
2020-05-16,US,Ohio,Hancock,45,1,0,41.00250487,-83.66838948,39063.0,44,44,1,0,43,42,75930,1,0,0,1,2
2020-05-16,US,Ohio,Hardin,30,0,0,40.66015414,-83.65929931,39065.0,30,29,0,0,29,30,31480,1,0,0,1,-1
2020-05-16,US,Ohio,Harrison,9,0,0,40.29380509,-81.09068544,39067.0,9,9,0,0,9,8,15174,0,0,0,0,1
2020-05-16,US,Ohio,Henry,10,0,0,41.333964200000004,-84.06830637,39069.0,10,10,0,0,10,10,27086,0,0,0,0,0
2020-05-16,US,Ohio,Highland,14,1,0,39.1839264,-83.60331456,39071.0,13,14,1,0,13,14,43058,0,0,0,0,0
2020-05-16,US,Ohio,Hocking,59,2,0,39.49537927,-82.47991446,39073.0,57,31,2,0,29,29,28385,28,0,0,28,2
2020-05-16,US,Ohio,Holmes,10,1,0,40.56163713,-81.92635677,39075.0,9,10,1,0,9,10,43892,0,0,0,0,0
2020-05-16,US,Ohio,Huron,40,1,0,41.14651175,-82.59867951,39077.0,39,39,1,0,38,40,58504,1,0,0,1,-1
2020-05-16,US,Ohio,Jackson,11,0,0,39.01914254,-82.61818559999998,39079.0,11,10,0,0,10,9,32384,1,0,0,1,1
2020-05-16,US,Ohio,Jefferson,59,2,0,40.38614126,-80.76259514,39081.0,57,59,2,0,57,58,65767,0,0,0,0,1
2020-05-16,US,Ohio,Knox,21,1,0,40.39830217,-82.42027563,39083.0,20,21,1,0,20,20,61893,0,0,0,0,1
2020-05-16,US,Ohio,Lake,219,8,0,41.69710807,-81.23676539,39085.0,211,214,8,0,206,210,230514,5,0,0,5,4
2020-05-16,US,Ohio,Lawrence,27,0,0,38.59743452,-82.53466552,39087.0,27,27,0,0,27,27,59866,0,0,0,0,0
2020-05-16,US,Ohio,Licking,184,7,0,40.09136236,-82.48185785,39089.0,177,182,7,0,175,180,175769,2,0,0,2,2
2020-05-16,US,Ohio,Logan,24,0,0,40.38996525,-83.76784341,39091.0,24,24,0,0,24,23,45358,0,0,0,0,1
2020-05-16,US,Ohio,Lorain,589,57,0,41.29553751,-82.15083537,39093.0,532,585,56,0,529,576,309461,4,1,0,3,9
2020-05-16,US,Ohio,Lucas,1945,203,0,41.62101218,-83.65468618,39095.0,1742,1921,204,0,1717,1883,429899,24,-1,0,25,38
2020-05-16,US,Ohio,Madison,98,5,0,39.89381073,-83.40178317,39097.0,93,95,5,0,90,93,44413,3,0,0,3,2
2020-05-16,US,Ohio,Mahoning,1199,146,0,41.01631101,-80.77287029,39099.0,1053,1185,145,0,1040,1174,229642,14,1,0,13,11
2020-05-16,US,Ohio,Marion,2449,15,0,40.58610662,-83.15736305,39101.0,2434,2436,15,0,2421,2431,65256,13,0,0,13,5
2020-05-16,US,Ohio,Medina,212,18,0,41.11770589,-81.89986209999998,39103.0,194,210,18,0,192,207,179146,2,0,0,2,3
2020-05-16,US,Ohio,Meigs,3,0,0,39.09224872,-82.0305041,39105.0,3,3,0,0,3,3,23106,0,0,0,0,0
2020-05-16,US,Ohio,Mercer,121,1,0,40.54043046,-84.62912742,39107.0,120,115,1,0,114,109,40959,6,0,0,6,6
2020-05-16,US,Ohio,Miami,327,30,0,40.0543329,-84.22871271,39109.0,297,326,30,0,296,317,106222,1,0,0,1,9
2020-05-16,US,Ohio,Monroe,53,1,0,39.72984936,-81.08464734,39111.0,52,53,1,0,52,28,13790,0,0,0,0,25
2020-05-16,US,Ohio,Montgomery,500,13,0,39.75394919,-84.29050975,39113.0,487,489,12,0,477,468,532331,11,1,0,10,21
2020-05-16,US,Ohio,Morgan,5,0,0,39.62081738,-81.85308173,39115.0,5,5,0,0,5,5,14604,0,0,0,0,0
2020-05-16,US,Ohio,Morrow,97,1,0,40.52363560000001,-82.7892599,39117.0,96,97,1,0,96,93,35112,0,0,0,0,4
2020-05-16,US,Ohio,Muskingum,34,0,0,39.96575964,-81.94363275,39119.0,34,31,0,0,31,31,86183,3,0,0,3,0
2020-05-16,US,Ohio,Noble,5,0,0,39.76818851,-81.45937183,39121.0,5,5,0,0,5,5,14354,0,0,0,0,0
2020-05-16,US,Ohio,Ottawa,65,3,0,41.53781826,-83.0940185,39123.0,62,57,3,0,54,56,40769,8,0,0,8,1
2020-05-16,US,Ohio,Paulding,11,0,0,41.11676341,-84.5801017,39125.0,11,11,0,0,11,10,18760,0,0,0,0,1
2020-05-16,US,Ohio,Perry,15,1,0,39.73508655,-82.23804971,39127.0,14,15,1,0,14,15,36033,0,0,0,0,0
2020-05-16,US,Ohio,Pickaway,2011,25,0,39.64170392,-83.0243386,39129.0,1986,2005,25,0,1980,1990,58086,6,0,0,6,15
2020-05-16,US,Ohio,Pike,5,0,0,39.07634001,-83.06769584,39131.0,5,5,0,0,5,5,28067,0,0,0,0,0
2020-05-16,US,Ohio,Portage,290,51,0,41.16793482,-81.19735782,39133.0,239,289,51,0,238,284,162927,1,0,0,1,5
2020-05-16,US,Ohio,Preble,28,1,0,39.7420247,-84.64787018,39135.0,27,28,1,0,27,28,40997,0,0,0,0,0
2020-05-16,US,Ohio,Putnam,80,13,0,41.02094889,-84.1336111,39137.0,67,80,13,0,67,77,33780,0,0,0,0,3
2020-05-16,US,Ohio,Richland,155,2,0,40.77180308,-82.53799609999999,39139.0,153,150,2,0,148,143,121099,5,0,0,5,7
2020-05-16,US,Ohio,Ross,58,1,0,39.33705391,-83.06000914,39141.0,57,58,1,0,57,56,76931,0,0,0,0,2
2020-05-16,US,Ohio,Sandusky,56,8,0,41.35624126,-83.137872,39143.0,48,56,8,0,48,54,58799,0,0,0,0,2
2020-05-16,US,Ohio,Scioto,14,0,0,38.80270163,-82.98907345,39145.0,14,13,0,0,13,13,75502,1,0,0,1,0
2020-05-16,US,Ohio,Seneca,15,2,0,41.12351311,-83.12783209,39147.0,13,15,2,0,13,15,55207,0,0,0,0,0
2020-05-16,US,Ohio,Shelby,34,1,0,40.33163494,-84.20258189,39149.0,33,35,1,0,34,34,48627,-1,0,0,-1,1
2020-05-16,US,Ohio,Stark,553,74,0,40.81482476,-81.36437305,39151.0,479,548,70,0,478,538,371574,5,4,0,1,10
2020-05-16,US,Ohio,Summit,995,110,0,41.12464734,-81.53123079,39153.0,885,989,104,0,885,976,541918,6,6,0,0,13
2020-05-16,US,Ohio,Trumbull,447,38,0,41.31735028,-80.76109643,39155.0,409,440,38,0,402,432,198627,7,0,0,7,8
2020-05-16,US,Ohio,Tuscarawas,258,1,0,40.44214695,-81.47226262,39157.0,257,246,1,0,245,235,92176,12,0,0,12,11
2020-05-16,US,Ohio,Union,31,0,0,40.30016061,-83.37239023,39159.0,31,30,0,0,30,28,57835,1,0,0,1,2
2020-05-16,US,Ohio,Van Wert,4,0,0,40.8554138,-84.59111700000003,39161.0,4,3,0,0,3,3,28281,1,0,0,1,0
2020-05-16,US,Ohio,Vinton,16,0,0,39.25208988,-82.4831444,39163.0,16,16,0,0,16,15,13139,0,0,0,0,1
2020-05-16,US,Ohio,Warren,269,14,0,39.42581994,-84.16557457,39165.0,255,259,13,0,246,252,232173,10,1,0,9,7
2020-05-16,US,Ohio,Washington,116,17,0,39.45690571,-81.49121382,39167.0,99,116,17,0,99,116,60155,0,0,0,0,0
2020-05-16,US,Ohio,Wayne,200,48,0,40.82925852,-81.88844833,39169.0,152,198,48,0,150,194,115967,2,0,0,2,4
2020-05-16,US,Ohio,Williams,47,1,0,41.56052014,-84.58429552,39171.0,46,46,1,0,45,44,36804,1,0,0,1,2
2020-05-16,US,Ohio,Wood,241,42,0,41.36224827,-83.62285108,39173.0,199,237,42,0,195,233,130696,4,0,0,4,4
2020-05-16,US,Ohio,Wyandot,29,2,0,40.84339621,-83.30734173,39175.0,27,29,2,0,27,27,21935,0,0,0,0,2
2020-05-16,US,Oklahoma,Adair,74,3,0,35.88494195,-94.65859267,40001.0,71,74,3,0,71,74,22082,0,0,0,0,0
2020-05-16,US,Oklahoma,Alfalfa,1,0,0,36.73090616,-98.32408495,40003.0,1,1,0,0,1,1,5754,0,0,0,0,0
2020-05-16,US,Oklahoma,Atoka,1,0,0,34.37366573,-96.03802487,40005.0,1,1,0,0,1,1,13838,0,0,0,0,0
2020-05-16,US,Oklahoma,Beaver,23,0,0,36.7496847,-100.4758872,40007.0,23,22,0,0,22,20,5319,1,0,0,1,2
2020-05-16,US,Oklahoma,Beckham,6,0,0,35.26862449,-99.68128023,40009.0,6,6,0,0,6,6,21709,0,0,0,0,0
2020-05-16,US,Oklahoma,Blaine,3,0,0,35.87518314,-98.43307003,40011.0,3,2,0,0,2,1,9485,1,0,0,1,1
2020-05-16,US,Oklahoma,Bryan,13,1,0,33.96472458,-96.25903472,40013.0,12,12,1,0,11,12,47192,1,0,0,1,0
2020-05-16,US,Oklahoma,Caddo,112,10,0,35.17364557,-98.37534464,40015.0,102,111,9,0,102,110,28977,1,1,0,0,1
2020-05-16,US,Oklahoma,Canadian,116,3,0,35.5426055,-97.98465569,40017.0,113,116,3,0,113,116,144447,0,0,0,0,0
2020-05-16,US,Oklahoma,Carter,8,1,0,34.25103751,-97.28552485,40019.0,7,8,1,0,7,7,48177,0,0,0,0,1
2020-05-16,US,Oklahoma,Cherokee,29,1,0,35.90692775,-94.99980896,40021.0,28,29,1,0,28,29,48675,0,0,0,0,0
2020-05-16,US,Oklahoma,Choctaw,3,0,0,34.02807439,-95.54771129,40023.0,3,3,0,0,3,3,14668,0,0,0,0,0
2020-05-16,US,Oklahoma,Cimarron,1,0,0,36.74817177,-102.5173885,40025.0,1,1,0,0,1,1,2153,0,0,0,0,0
2020-05-16,US,Oklahoma,Cleveland,466,36,0,35.20413532,-97.32519562,40027.0,430,459,35,0,424,458,281669,7,1,0,6,1
2020-05-16,US,Oklahoma,Comanche,215,3,0,34.65973764,-98.47195055,40031.0,212,205,3,0,202,197,120422,10,0,0,10,8
2020-05-16,US,Oklahoma,Cotton,5,2,0,34.28845626,-98.37053567,40033.0,3,5,2,0,3,5,5776,0,0,0,0,0
2020-05-16,US,Oklahoma,Craig,13,0,0,36.76268118,-95.20916602,40035.0,13,13,0,0,13,13,14306,0,0,0,0,0
2020-05-16,US,Oklahoma,Creek,83,7,0,35.90230551,-96.37086028,40037.0,76,83,7,0,76,83,71604,0,0,0,0,0
2020-05-16,US,Oklahoma,Custer,12,0,0,35.63853802,-99.00170785,40039.0,12,12,0,0,12,12,29036,0,0,0,0,0
2020-05-16,US,Oklahoma,Delaware,95,16,0,36.40823634,-94.80325046,40041.0,79,93,16,0,77,93,42733,2,0,0,2,0
2020-05-16,US,Oklahoma,Dewey,2,0,0,35.98772922,-99.00730714,40043.0,2,2,0,0,2,2,4894,0,0,0,0,0
2020-05-16,US,Oklahoma,Garfield,23,1,0,36.3791334,-97.78265517,40047.0,22,23,1,0,22,22,60913,0,0,0,0,1
2020-05-16,US,Oklahoma,Garvin,15,1,0,34.70418038,-97.30811132,40049.0,14,16,1,0,15,15,27811,-1,0,0,-1,1
2020-05-16,US,Oklahoma,Grady,64,2,0,35.0167709,-97.88339847,40051.0,62,60,2,0,58,58,55551,4,0,0,4,2
2020-05-16,US,Oklahoma,Grant,2,0,0,36.796296999999996,-97.78638765,40053.0,2,2,0,0,2,2,4326,0,0,0,0,0
2020-05-16,US,Oklahoma,Greer,66,7,0,34.93535801,-99.56056120000001,40055.0,59,66,7,0,59,66,5821,0,0,0,0,0
2020-05-16,US,Oklahoma,Harper,1,0,0,36.78836519,-99.6679804,40059.0,1,1,0,0,1,1,3797,0,0,0,0,0
2020-05-16,US,Oklahoma,Haskell,5,0,0,35.22257600000001,-95.11513306,40061.0,5,5,0,0,5,5,12668,0,0,0,0,0
2020-05-16,US,Oklahoma,Jackson,21,1,0,34.58781741,-99.41138784,40065.0,20,21,1,0,20,21,24949,0,0,0,0,0
2020-05-16,US,Oklahoma,Jefferson,3,0,0,34.11130184,-97.83182974,40067.0,3,3,0,0,3,3,6123,0,0,0,0,0
2020-05-16,US,Oklahoma,Johnston,3,0,0,34.31440473,-96.66011537,40069.0,3,3,0,0,3,3,10949,0,0,0,0,0
2020-05-16,US,Oklahoma,Kay,49,7,0,36.81799745,-97.14421435,40071.0,42,49,7,0,42,49,44161,0,0,0,0,0
2020-05-16,US,Oklahoma,Kingfisher,10,0,0,35.94530008,-97.94193268,40073.0,10,10,0,0,10,10,15816,0,0,0,0,0
2020-05-16,US,Oklahoma,Kiowa,6,0,0,34.91671958,-98.97720696,40075.0,6,7,0,0,7,6,8729,-1,0,0,-1,1
2020-05-16,US,Oklahoma,Latimer,5,1,0,34.87844729,-95.25215049,40077.0,4,5,1,0,4,5,10231,0,0,0,0,0
2020-05-16,US,Oklahoma,Le Flore,13,1,0,34.89851864,-94.70392124,40079.0,12,13,1,0,12,14,49980,0,0,0,0,-1
2020-05-16,US,Oklahoma,Lincoln,18,2,0,35.70270942,-96.8812462,40081.0,16,17,2,0,15,17,34920,1,0,0,1,0
2020-05-16,US,Oklahoma,Logan,18,1,0,35.91899576,-97.44352845,40083.0,17,18,1,0,17,18,47291,0,0,0,0,0
2020-05-16,US,Oklahoma,Love,3,0,0,33.95273467,-97.23906784,40085.0,3,3,0,0,3,3,10134,0,0,0,0,0
2020-05-16,US,Oklahoma,Major,6,1,0,36.31149996,-98.53467076,40093.0,5,6,1,0,5,6,7644,0,0,0,0,0
2020-05-16,US,Oklahoma,Marshall,4,0,0,34.02311222,-96.76855464,40095.0,4,4,0,0,4,2,16806,0,0,0,0,2
2020-05-16,US,Oklahoma,Mayes,28,4,0,36.30179091,-95.23175116,40097.0,24,27,4,0,23,26,41107,1,0,0,1,1
2020-05-16,US,Oklahoma,McClain,86,2,0,35.01123903,-97.44572302,40087.0,84,86,2,0,84,86,39985,0,0,0,0,0
2020-05-16,US,Oklahoma,McCurtain,11,0,0,34.11664328,-94.77222373,40089.0,11,9,0,0,9,9,32703,2,0,0,2,0
2020-05-16,US,Oklahoma,McIntosh,10,0,0,35.37235506,-95.66599306,40091.0,10,8,0,0,8,5,19815,2,0,0,2,3
2020-05-16,US,Oklahoma,Murray,2,0,0,34.48116015,-97.06826283,40099.0,2,2,0,0,2,2,13953,0,0,0,0,0
2020-05-16,US,Oklahoma,Muskogee,29,6,0,35.61318461,-95.37802952,40101.0,23,29,6,0,23,30,68362,0,0,0,0,-1
2020-05-16,US,Oklahoma,Noble,7,0,0,36.38953329,-97.22928674,40103.0,7,7,0,0,7,7,11289,0,0,0,0,0
2020-05-16,US,Oklahoma,Nowata,23,0,0,36.79843529,-95.61902331,40105.0,23,23,0,0,23,23,10218,0,0,0,0,0
2020-05-16,US,Oklahoma,Okfuskee,2,0,0,35.46485198,-96.32639984,40107.0,2,2,0,0,2,2,12098,0,0,0,0,0
2020-05-16,US,Oklahoma,Oklahoma,1070,46,0,35.55140095,-97.40716948,40109.0,1024,1035,45,0,990,1013,792582,35,1,0,34,22
2020-05-16,US,Oklahoma,Okmulgee,18,0,0,35.64661916,-95.96432828,40111.0,18,16,0,0,16,16,38335,2,0,0,2,0
2020-05-16,US,Oklahoma,Osage,91,8,0,36.62888819,-96.39635704,40113.0,83,91,8,0,83,90,47014,0,0,0,0,1
2020-05-16,US,Oklahoma,Ottawa,34,2,0,36.83532655,-94.81011909,40115.0,32,35,2,0,33,34,31175,-1,0,0,-1,1
2020-05-16,US,Oklahoma,Pawnee,29,2,0,36.31743373,-96.70331759999999,40117.0,27,29,2,0,27,29,16390,0,0,0,0,0
2020-05-16,US,Oklahoma,Payne,45,1,0,36.07695283,-96.97584944,40119.0,44,44,1,0,43,44,82040,1,0,0,1,0
2020-05-16,US,Oklahoma,Pittsburg,38,3,0,34.92065823,-95.75134320000001,40121.0,35,39,3,0,36,39,43877,-1,0,0,-1,0
2020-05-16,US,Oklahoma,Pontotoc,11,2,0,34.72959848,-96.68337199,40123.0,9,10,2,0,8,10,38247,1,0,0,1,0
2020-05-16,US,Oklahoma,Pottawatomie,56,4,0,35.20614018,-96.94923008,40125.0,52,55,4,0,51,55,72679,1,0,0,1,0
2020-05-16,US,Oklahoma,Pushmataha,1,0,0,34.41635232,-95.37603505,40127.0,1,1,0,0,1,1,11179,0,0,0,0,0
2020-05-16,US,Oklahoma,Rogers,72,5,0,36.37004357,-95.60406759,40131.0,67,72,5,0,67,72,91984,0,0,0,0,0
2020-05-16,US,Oklahoma,Seminole,21,2,0,35.16478725,-96.61686741,40133.0,19,21,2,0,19,21,24578,0,0,0,0,0
2020-05-16,US,Oklahoma,Sequoyah,14,3,0,35.49447108,-94.75463785,40135.0,11,14,3,0,11,14,41179,0,0,0,0,0
2020-05-16,US,Oklahoma,Stephens,24,1,0,34.48556989,-97.85141892,40137.0,23,23,1,0,22,22,43265,1,0,0,1,1
2020-05-16,US,Oklahoma,Texas,658,4,0,36.74777635,-101.4889765,40139.0,654,606,4,0,602,541,20455,52,0,0,52,65
2020-05-16,US,Oklahoma,Tillman,22,1,0,34.37288446,-98.92426619,40141.0,21,21,1,0,20,21,7348,1,0,0,1,0
2020-05-16,US,Oklahoma,Tulsa,776,37,0,36.11939621,-95.94013939,40143.0,739,752,37,0,715,743,648360,24,0,0,24,9
2020-05-16,US,Oklahoma,Wagoner,136,17,0,35.96024096,-95.51911308,40145.0,119,133,17,0,116,131,80110,3,0,0,3,2
2020-05-16,US,Oklahoma,Washington,302,30,0,36.71380786,-95.90514104,40147.0,272,301,30,0,271,301,51843,1,0,0,1,0
2020-05-16,US,Oklahoma,Washita,1,0,0,35.29071824,-98.99180434,40149.0,1,1,0,0,1,1,11127,0,0,0,0,0
2020-05-16,US,Oklahoma,Woods,3,0,0,36.76705782,-98.86573064,40151.0,3,3,0,0,3,3,8897,0,0,0,0,0
2020-05-16,US,Oklahoma,Woodward,1,0,0,36.42316318,-99.26283045,40153.0,1,1,0,0,1,1,20222,0,0,0,0,0
2020-05-16,US,Oregon,Baker,1,0,0,44.70915557,-117.6749883,41001.0,1,3,0,0,3,1,16006,-2,0,0,-2,2
2020-05-16,US,Oregon,Benton,51,5,0,44.49167306,-123.4316987,41003.0,46,51,5,0,46,50,92101,0,0,0,0,1
2020-05-16,US,Oregon,Clackamas,281,9,0,45.18787398,-122.2179634,41005.0,272,277,9,0,268,271,416075,4,0,0,4,6
2020-05-16,US,Oregon,Clatsop,37,0,0,45.99712889,-123.660711,41007.0,37,36,0,0,36,36,39764,1,0,0,1,0
2020-05-16,US,Oregon,Columbia,16,0,0,45.94464254,-123.08908980000001,41009.0,16,16,0,0,16,16,52377,0,0,0,0,0
2020-05-16,US,Oregon,Coos,30,0,0,43.17406868,-124.0594514,41011.0,30,30,0,0,30,30,64389,0,0,0,0,0
2020-05-16,US,Oregon,Crook,1,0,0,44.14230227,-120.356297,41013.0,1,1,0,0,1,1,23867,0,0,0,0,0
2020-05-16,US,Oregon,Curry,4,0,0,42.45911325,-124.15728200000001,41015.0,4,4,0,0,4,4,22813,0,0,0,0,0
2020-05-16,US,Oregon,Deschutes,95,0,0,43.91570171,-121.2289121,41017.0,95,94,0,0,94,91,191996,1,0,0,1,3
2020-05-16,US,Oregon,Douglas,24,0,0,43.27941273,-123.16729099999999,41019.0,24,25,0,0,25,24,110283,-1,0,0,-1,1
2020-05-16,US,Oregon,Grant,1,0,0,44.49024544,-119.0068631,41023.0,1,1,0,0,1,1,7176,0,0,0,0,0
2020-05-16,US,Oregon,Harney,1,0,0,43.06422669,-118.96663059999999,41025.0,1,1,0,0,1,1,7329,0,0,0,0,0
2020-05-16,US,Oregon,Hood River,14,0,0,45.51872811,-121.65520359999998,41027.0,14,14,0,0,14,14,23428,0,0,0,0,0
2020-05-16,US,Oregon,Jackson,50,0,0,42.43201126,-122.72893090000001,41029.0,50,50,0,0,50,50,219564,0,0,0,0,0
2020-05-16,US,Oregon,Jefferson,24,0,0,44.62806839,-121.17832,41031.0,24,24,0,0,24,24,24192,0,0,0,0,0
2020-05-16,US,Oregon,Josephine,25,1,0,42.3665549,-123.5561938,41033.0,24,25,1,0,24,25,87393,0,0,0,0,0
2020-05-16,US,Oregon,Klamath,41,0,0,42.68762984,-121.64964609999998,41035.0,41,41,0,0,41,41,67653,0,0,0,0,0
2020-05-16,US,Oregon,Lane,64,2,0,43.93727035,-122.847753,41039.0,62,61,2,0,59,61,379611,3,0,0,3,0
2020-05-16,US,Oregon,Lincoln,7,0,0,44.64252874,-123.86991200000001,41041.0,7,7,0,0,7,6,49388,0,0,0,0,1
2020-05-16,US,Oregon,Linn,110,8,0,44.48899494,-122.53731540000001,41043.0,102,109,8,0,101,107,127335,1,0,0,1,2
2020-05-16,US,Oregon,Malheur,19,0,0,43.1937027,-117.62273950000001,41045.0,19,17,0,0,17,16,30725,2,0,0,2,1
2020-05-16,US,Oregon,Marion,824,23,0,44.90287942,-122.58151170000001,41047.0,801,797,23,0,774,779,346868,27,0,0,27,18
2020-05-16,US,Oregon,Morrow,12,0,0,45.41846568,-119.584546,41049.0,12,12,0,0,12,12,11372,0,0,0,0,0
2020-05-16,US,Oregon,Multnomah,979,55,0,45.54747959,-122.4169351,41051.0,924,957,55,0,902,940,811880,22,0,0,22,17
2020-05-16,US,Oregon,Polk,92,9,0,44.90322804,-123.4128888,41053.0,83,92,9,0,83,91,85234,0,0,0,0,1
2020-05-16,US,Oregon,Sherman,1,0,0,45.41501554,-120.6827834,41055.0,1,1,0,0,1,1,1708,0,0,0,0,0
2020-05-16,US,Oregon,Tillamook,6,0,0,45.46248721,-123.712066,41057.0,6,6,0,0,6,6,26787,0,0,0,0,0
2020-05-16,US,Oregon,Umatilla,93,2,0,45.59073056,-118.7353826,41059.0,91,91,2,0,89,88,77516,2,0,0,2,3
2020-05-16,US,Oregon,Union,5,0,0,45.30915495,-118.0068979,41061.0,5,5,0,0,5,4,26461,0,0,0,0,1
2020-05-16,US,Oregon,Wallowa,1,0,0,45.57894064,-117.18353799999998,41063.0,1,2,0,0,2,1,7081,-1,0,0,-1,1
2020-05-16,US,Oregon,Wasco,18,1,0,45.16292781,-121.16709540000001,41065.0,17,16,1,0,15,16,26505,2,0,0,2,0
2020-05-16,US,Oregon,Washington,628,15,0,45.55972701,-123.0955257,41067.0,613,620,15,0,605,616,597695,8,0,0,8,4
2020-05-16,US,Oregon,Yamhill,57,7,0,45.23330449,-123.3086963,41071.0,50,55,7,0,48,55,107002,2,0,0,2,0
2020-05-16,US,Pennsylvania,Adams,185,6,0,39.87140411,-77.21610347,42001.0,179,183,6,0,177,174,102811,2,0,0,2,9
2020-05-16,US,Pennsylvania,Allegheny,1595,143,0,40.46809875,-79.98167747,42003.0,1452,1582,141,0,1441,1551,1218452,13,2,0,11,31
2020-05-16,US,Pennsylvania,Armstrong,58,5,0,40.81665618,-79.46290811,42005.0,53,57,5,0,52,56,65263,1,0,0,1,1
2020-05-16,US,Pennsylvania,Beaver,518,83,0,40.6825484,-80.34921611,42007.0,435,516,83,0,433,512,164742,2,0,0,2,4
2020-05-16,US,Pennsylvania,Bedford,32,1,0,40.00522157,-78.48998442,42009.0,31,30,1,0,29,30,48176,2,0,0,2,0
2020-05-16,US,Pennsylvania,Berks,3643,208,0,40.41570541,-75.92457766,42011.0,3435,3593,207,0,3386,3530,420152,50,1,0,49,63
2020-05-16,US,Pennsylvania,Blair,34,0,0,40.47961444,-78.34917412,42013.0,34,32,0,0,32,32,122492,2,0,0,2,0
2020-05-16,US,Pennsylvania,Bradford,41,2,0,41.78869215,-76.51570822,42015.0,39,41,2,0,39,41,60833,0,0,0,0,0
2020-05-16,US,Pennsylvania,Bucks,4391,421,0,40.33682119,-75.10836643,42017.0,3970,4325,410,0,3915,4248,628195,66,11,0,55,77
2020-05-16,US,Pennsylvania,Butler,202,6,0,40.91152759,-79.91351055,42019.0,196,202,6,0,196,199,187888,0,0,0,0,3
2020-05-16,US,Pennsylvania,Cambria,53,1,0,40.49527404,-78.71377428,42021.0,52,49,1,0,48,45,131730,4,0,0,4,4
2020-05-16,US,Pennsylvania,Cameron,2,0,0,41.43625568,-78.20376845,42023.0,2,2,0,0,2,2,4492,0,0,0,0,0
2020-05-16,US,Pennsylvania,Carbon,210,17,0,40.91545395,-75.7068525,42025.0,193,206,17,0,189,206,64227,4,0,0,4,0
2020-05-16,US,Pennsylvania,Centre,129,6,0,40.92058903,-77.82200624,42027.0,123,129,6,0,123,128,162805,0,0,0,0,1
2020-05-16,US,Pennsylvania,Chester,2100,220,0,39.97291773,-75.74768357,42029.0,1880,2060,218,0,1842,2008,522046,40,2,0,38,52
2020-05-16,US,Pennsylvania,Clarion,24,1,0,41.19265812,-79.42413524,42031.0,23,24,1,0,23,24,38779,0,0,0,0,0
2020-05-16,US,Pennsylvania,Clearfield,33,0,0,41.00110782,-78.47592663,42033.0,33,33,0,0,33,33,79388,0,0,0,0,0
2020-05-16,US,Pennsylvania,Clinton,43,0,0,41.23255967,-77.63785995,42035.0,43,43,0,0,43,43,38684,0,0,0,0,0
2020-05-16,US,Pennsylvania,Columbia,336,33,0,41.04821986,-76.40565017,42037.0,303,334,33,0,301,333,65456,2,0,0,2,1
2020-05-16,US,Pennsylvania,Crawford,21,0,0,41.68447709,-80.10760592,42039.0,21,21,0,0,21,21,85063,0,0,0,0,0
2020-05-16,US,Pennsylvania,Cumberland,515,48,0,40.1625372,-77.26130755,42041.0,467,492,41,0,451,477,251423,23,7,0,16,15
2020-05-16,US,Pennsylvania,Dauphin,938,39,0,40.41377078,-76.77993242,42043.0,899,912,41,0,871,895,277097,26,-2,0,28,17
2020-05-16,US,Pennsylvania,Delaware,5555,478,0,39.91680171,-75.40243663,42045.0,5077,5409,466,0,4943,5252,564751,146,12,0,134,157
2020-05-16,US,Pennsylvania,Elk,6,1,0,41.42822061,-78.64524744,42047.0,5,6,1,0,5,6,30169,0,0,0,0,0
2020-05-16,US,Pennsylvania,Erie,134,3,0,41.99253829,-80.03301954,42049.0,131,129,3,0,126,127,272061,5,0,0,5,2
2020-05-16,US,Pennsylvania,Fayette,88,4,0,39.92041012,-79.64291195,42051.0,84,87,4,0,83,87,130441,1,0,0,1,0
2020-05-16,US,Pennsylvania,Forest,7,0,0,41.51095103,-79.23229292,42053.0,7,7,0,0,7,7,7279,0,0,0,0,0
2020-05-16,US,Pennsylvania,Franklin,601,13,0,39.92956518,-77.72157791,42055.0,588,580,17,0,563,563,154835,21,-4,0,25,17
2020-05-16,US,Pennsylvania,Fulton,11,0,0,39.92913544,-78.11163677,42057.0,11,11,0,0,11,11,14523,0,0,0,0,0
2020-05-16,US,Pennsylvania,Greene,27,1,0,39.85746531,-80.22357106,42059.0,26,27,1,0,26,27,36506,0,0,0,0,0
2020-05-16,US,Pennsylvania,Huntingdon,208,0,0,40.42162652,-77.97673273,42061.0,208,204,0,0,204,200,45168,4,0,0,4,4
2020-05-16,US,Pennsylvania,Indiana,84,6,0,40.65241041,-79.08963285,42063.0,78,84,6,0,78,82,84501,0,0,0,0,2
2020-05-16,US,Pennsylvania,Jefferson,7,0,0,41.12913106,-78.9986361,42065.0,7,7,0,0,7,7,43641,0,0,0,0,0
2020-05-16,US,Pennsylvania,Juniata,94,1,0,40.53358749,-77.39975129999998,42067.0,93,94,1,0,93,94,24704,0,0,0,0,0
2020-05-16,US,Pennsylvania,Lackawanna,1327,147,0,41.43564672,-75.60379201,42069.0,1180,1273,141,0,1132,1256,210793,54,6,0,48,17
2020-05-16,US,Pennsylvania,Lancaster,2470,253,0,40.03904563,-76.24770128,42071.0,2217,2428,249,0,2179,2364,543557,42,4,0,38,64
2020-05-16,US,Pennsylvania,Lawrence,72,7,0,40.99206278,-80.33393706,42073.0,65,72,7,0,65,71,86184,0,0,0,0,1
2020-05-16,US,Pennsylvania,Lebanon,873,19,0,40.36680311,-76.45651841,42075.0,854,863,19,0,844,856,141314,10,0,0,10,7
2020-05-16,US,Pennsylvania,Lehigh,3440,139,0,40.6154815,-75.59435245,42077.0,3301,3396,136,0,3260,3378,368100,44,3,0,41,18
2020-05-16,US,Pennsylvania,Luzerne,2513,127,0,41.17823008,-75.98447579,42079.0,2386,2491,127,0,2364,2477,317646,22,0,0,22,14
2020-05-16,US,Pennsylvania,Lycoming,146,7,0,41.34310539,-77.06629984,42081.0,139,141,7,0,134,139,113664,5,0,0,5,2
2020-05-16,US,Pennsylvania,McKean,10,1,0,41.80938602,-78.56478358,42083.0,9,10,1,0,9,8,40968,0,0,0,0,2
2020-05-16,US,Pennsylvania,Mercer,91,2,0,41.30248872,-80.25816981,42085.0,89,83,2,0,81,81,110683,8,0,0,8,2
2020-05-16,US,Pennsylvania,Mifflin,57,0,0,40.61116939,-77.61070738,42087.0,57,57,0,0,57,54,46222,0,0,0,0,3
2020-05-16,US,Pennsylvania,Monroe,1248,70,0,41.05934058,-75.34031025,42089.0,1178,1242,70,0,1172,1240,169507,6,0,0,6,2
2020-05-16,US,Pennsylvania,Montgomery,5797,614,0,40.21053671,-75.36652296,42091.0,5183,5697,608,0,5089,5583,828604,100,6,0,94,114
2020-05-16,US,Pennsylvania,Montour,50,1,0,41.03023987,-76.66345939,42093.0,49,50,1,0,49,50,18240,0,0,0,0,0
2020-05-16,US,Pennsylvania,Northampton,2659,196,0,40.75182733,-75.30471829,42095.0,2463,2600,196,0,2404,2566,304807,59,0,0,59,34
2020-05-16,US,Pennsylvania,Northumberland,139,0,0,40.84785433,-76.70798222,42097.0,139,136,0,0,136,132,91083,3,0,0,3,4
2020-05-16,US,Pennsylvania,Perry,40,1,0,40.40206612,-77.26297447,42099.0,39,36,1,0,35,36,46139,4,0,0,4,0
2020-05-16,US,Pennsylvania,Philadelphia,19606,1031,0,40.00338507,-75.1379271,42101.0,18575,19349,1021,0,18328,19093,1584138,257,10,0,247,256
2020-05-16,US,Pennsylvania,Pike,460,22,0,41.33155042,-75.03208106,42103.0,438,458,22,0,436,454,55933,2,0,0,2,4
2020-05-16,US,Pennsylvania,Potter,4,0,0,41.74471626,-77.89559864,42105.0,4,4,0,0,4,4,16622,0,0,0,0,0
2020-05-16,US,Pennsylvania,Schuylkill,512,15,0,40.70497338,-76.2150785,42107.0,497,506,15,0,491,490,142067,6,0,0,6,16
2020-05-16,US,Pennsylvania,Snyder,33,2,0,40.77129231,-77.06840691,42109.0,31,33,2,0,31,33,40540,0,0,0,0,0
2020-05-16,US,Pennsylvania,Somerset,32,1,0,39.97172723,-79.02699593,42111.0,31,32,1,0,31,32,73952,0,0,0,0,0
2020-05-16,US,Pennsylvania,Sullivan,2,0,0,41.44634738,-76.51246591,42113.0,2,2,0,0,2,1,6071,0,0,0,0,1
2020-05-16,US,Pennsylvania,Susquehanna,83,14,0,41.82147784,-75.80071959,42115.0,69,82,14,0,68,82,40589,1,0,0,1,0
2020-05-16,US,Pennsylvania,Tioga,16,1,0,41.77255149,-77.25433032,42117.0,15,16,1,0,15,16,40763,0,0,0,0,0
2020-05-16,US,Pennsylvania,Union,46,1,0,40.96188846,-77.05996014,42119.0,45,44,1,0,43,43,44785,2,0,0,2,1
2020-05-16,US,Pennsylvania,Venango,7,0,0,41.40323442,-79.75845449,42121.0,7,7,0,0,7,7,51266,0,0,0,0,0
2020-05-16,US,Pennsylvania,Warren,2,0,0,41.81304978,-79.26969577,42123.0,2,2,0,0,2,2,39498,0,0,0,0,0
2020-05-16,US,Pennsylvania,Washington,130,4,0,40.19208869,-80.24582867,42125.0,126,129,4,0,125,129,207346,1,0,0,1,0
2020-05-16,US,Pennsylvania,Wayne,108,7,0,41.64938475,-75.29956506,42127.0,101,107,7,0,100,107,51276,1,0,0,1,0
2020-05-16,US,Pennsylvania,Westmoreland,423,32,0,40.31377979999999,-79.46615476,42129.0,391,423,32,0,391,422,350611,0,0,0,0,1
2020-05-16,US,Pennsylvania,Wyoming,29,4,0,41.51955538,-76.01074915,42131.0,25,28,3,0,25,31,27046,1,1,0,0,-3
2020-05-16,US,Pennsylvania,York,835,15,0,39.9210089,-76.73040131,42133.0,820,828,16,0,812,817,448273,7,-1,0,8,11
2020-05-16,US,Rhode Island,Bristol,172,0,0,41.71018079,-71.28652315,44001.0,172,172,0,0,172,172,48649,0,0,0,0,0
2020-05-16,US,Rhode Island,Kent,883,0,0,41.67106337,-71.57641596,44003.0,883,883,0,0,883,883,163861,0,0,0,0,0
2020-05-16,US,Rhode Island,Newport,197,0,0,41.5642026,-71.26569799,44005.0,197,197,0,0,197,197,82542,0,0,0,0,0
2020-05-16,US,Rhode Island,Providence,9112,0,0,41.87064746,-71.57753536,44007.0,9112,9112,0,0,9112,9112,636084,0,0,0,0,0
2020-05-16,US,Rhode Island,Unassigned,1645,489,0,0.0,0.0,90044.0,1156,1430,479,0,951,1227,,215,10,0,205,203
2020-05-16,US,Rhode Island,Washington,425,0,0,41.45961631,-71.61435303,44009.0,425,425,0,0,425,425,126179,0,0,0,0,0
2020-05-16,US,South Carolina,Abbeville,34,0,0,34.22333378,-82.46170658,45001.0,34,34,0,0,34,34,24541,0,0,0,0,0
2020-05-16,US,South Carolina,Aiken,150,7,0,33.54338026,-81.63645384,45003.0,143,137,7,0,130,135,169401,13,0,0,13,2
2020-05-16,US,South Carolina,Allendale,31,3,0,32.98837386,-81.35321066,45005.0,28,30,3,0,27,29,8903,1,0,0,1,1
2020-05-16,US,South Carolina,Anderson,206,8,0,34.51828081,-82.63959517,45007.0,198,202,8,0,194,201,200482,4,0,0,4,1
2020-05-16,US,South Carolina,Bamberg,16,0,0,33.21927586,-81.05659969,45009.0,16,16,0,0,16,16,14275,0,0,0,0,0
2020-05-16,US,South Carolina,Barnwell,40,1,0,33.26679302,-81.43584352,45011.0,39,39,1,0,38,36,21112,1,0,0,1,3
2020-05-16,US,South Carolina,Beaufort,291,12,0,32.39226291,-80.72619758,45013.0,279,288,12,0,276,284,188715,3,0,0,3,4
2020-05-16,US,South Carolina,Berkeley,203,15,0,33.20222596,-79.94654523,45015.0,188,201,15,0,186,199,221091,2,0,0,2,2
2020-05-16,US,South Carolina,Calhoun,9,1,0,33.66926881,-80.77722168,45017.0,8,9,1,0,8,9,14520,0,0,0,0,0
2020-05-16,US,South Carolina,Charleston,506,10,0,32.82487866,-79.96512315,45019.0,496,501,10,0,491,491,405905,5,0,0,5,10
2020-05-16,US,South Carolina,Cherokee,23,1,0,35.05122251,-81.61828622,45021.0,22,23,1,0,22,22,57078,0,0,0,0,1
2020-05-16,US,South Carolina,Chester,41,0,0,34.69249168,-81.1583216,45023.0,41,40,0,0,40,39,32251,1,0,0,1,1
2020-05-16,US,South Carolina,Chesterfield,94,1,0,34.64137396,-80.15640140000002,45025.0,93,93,1,0,92,90,45754,1,0,0,1,3
2020-05-16,US,South Carolina,Clarendon,274,32,0,33.66610974,-80.21647898,45027.0,242,274,33,0,241,266,33700,0,-1,0,1,8
2020-05-16,US,South Carolina,Colleton,51,4,0,32.87582989,-80.67641292,45029.0,47,48,4,0,44,41,37660,3,0,0,3,7
2020-05-16,US,South Carolina,Darlington,212,5,0,34.33358335,-79.96027485,45031.0,207,194,5,0,189,181,66802,18,0,0,18,13
2020-05-16,US,South Carolina,Dillon,124,0,0,34.39007791,-79.37741872,45033.0,124,115,0,0,115,113,30599,9,0,0,9,2
2020-05-16,US,South Carolina,Dorchester,111,3,0,33.0794369,-80.40502652,45035.0,108,110,3,0,107,110,160647,1,0,0,1,0
2020-05-16,US,South Carolina,Edgefield,43,2,0,33.77221995,-81.96231108,45037.0,41,41,2,0,39,41,27052,2,0,0,2,0
2020-05-16,US,South Carolina,Fairfield,120,8,0,34.39287073,-81.1195624,45039.0,112,108,8,0,100,96,22402,12,0,0,12,12
2020-05-16,US,South Carolina,Florence,519,27,0,34.02361754,-79.70189312,45041.0,492,505,27,0,478,487,138159,14,0,0,14,18
2020-05-16,US,South Carolina,Georgetown,52,3,0,33.43443342,-79.33202141,45043.0,49,51,3,0,48,51,62249,1,0,0,1,0
2020-05-16,US,South Carolina,Greenville,1058,46,0,34.89502264,-82.37295012,45045.0,1012,1021,46,0,975,996,514213,37,0,0,37,25
2020-05-16,US,South Carolina,Greenwood,69,1,0,34.15272415,-82.12715789,45047.0,68,69,1,0,68,68,70741,0,0,0,0,1
2020-05-16,US,South Carolina,Hampton,29,0,0,32.77419582,-81.13845571,45049.0,29,29,0,0,29,29,19351,0,0,0,0,0
2020-05-16,US,South Carolina,Horry,293,18,0,33.9212828,-78.99555293,45051.0,275,283,18,0,265,278,344147,10,0,0,10,5
2020-05-16,US,South Carolina,Jasper,26,1,0,32.43171982,-81.02487495,45053.0,25,25,1,0,24,25,28971,1,0,0,1,0
2020-05-16,US,South Carolina,Kershaw,265,12,0,34.33988254,-80.58763164,45055.0,253,261,12,0,249,257,65592,4,0,0,4,4
2020-05-16,US,South Carolina,Lancaster,109,5,0,34.68270843,-80.70513032,45057.0,104,110,5,0,105,108,95380,-1,0,0,-1,2
2020-05-16,US,South Carolina,Laurens,57,3,0,34.48244419,-82.00490796,45059.0,54,57,3,0,54,50,66994,0,0,0,0,7
2020-05-16,US,South Carolina,Lee,158,11,0,34.16393091,-80.25690731,45061.0,147,127,10,0,117,123,17142,31,1,0,30,4
2020-05-16,US,South Carolina,Lexington,509,26,0,33.89665987,-81.27146426,45063.0,483,512,26,0,486,503,295032,-3,0,0,-3,9
2020-05-16,US,South Carolina,Marion,51,4,0,34.07859748,-79.36400756,45067.0,47,48,4,0,44,47,31039,3,0,0,3,1
2020-05-16,US,South Carolina,Marlboro,73,0,0,34.59905577,-79.67561152,45069.0,73,71,0,0,71,67,26398,2,0,0,2,4
2020-05-16,US,South Carolina,McCormick,7,1,0,33.90161443,-82.30794338,45065.0,6,7,1,0,6,7,9410,0,0,0,0,0
2020-05-16,US,South Carolina,Newberry,31,1,0,34.28629098,-81.59935761,45071.0,30,30,1,0,29,30,38520,1,0,0,1,0
2020-05-16,US,South Carolina,Oconee,41,0,0,34.75225169,-83.06742317,45073.0,41,42,0,0,42,41,78374,-1,0,0,-1,1
2020-05-16,US,South Carolina,Orangeburg,112,2,0,33.4391073,-80.79886287,45075.0,110,108,2,0,106,108,86934,4,0,0,4,0
2020-05-16,US,South Carolina,Pickens,91,3,0,34.88807695,-82.72791551,45077.0,88,89,3,0,86,87,124937,2,0,0,2,2
2020-05-16,US,South Carolina,Richland,1222,60,0,34.01791263,-80.90267209,45079.0,1162,1196,60,0,1136,1180,414576,26,0,0,26,16
2020-05-16,US,South Carolina,Saluda,115,0,0,34.00795823,-81.72713237,45081.0,115,98,0,0,98,94,20544,17,0,0,17,4
2020-05-16,US,South Carolina,Spartanburg,383,13,0,34.92960077,-81.99225984,45083.0,370,376,13,0,363,358,313888,7,0,0,7,18
2020-05-16,US,South Carolina,Sumter,313,16,0,33.91826534,-80.37942316,45085.0,297,313,16,0,297,301,106512,0,0,0,0,12
2020-05-16,US,South Carolina,Union,31,0,0,34.68835752,-81.61730349,45087.0,31,31,0,0,31,31,27410,0,0,0,0,0
2020-05-16,US,South Carolina,Williamsburg,178,9,0,33.62190129,-79.72767442,45089.0,169,165,9,0,156,158,30606,13,0,0,13,7
2020-05-16,US,South Carolina,York,290,5,0,34.97281497,-81.18085944,45091.0,285,280,5,0,275,272,274118,10,0,0,10,8
2020-05-16,US,South Dakota,Aurora,2,0,0,43.71757685,-98.56050467,46003.0,2,2,0,0,2,2,2801,0,0,0,0,0
2020-05-16,US,South Dakota,Beadle,30,2,0,44.41464384,-98.27858469,46005.0,28,22,2,0,20,22,18883,8,0,0,8,0
2020-05-16,US,South Dakota,Bon Homme,4,0,0,42.98914167,-97.88592746,46009.0,4,4,0,0,4,4,6980,0,0,0,0,0
2020-05-16,US,South Dakota,Brookings,14,0,0,44.36974375,-96.79079945,46011.0,14,14,0,0,14,14,35232,0,0,0,0,0
2020-05-16,US,South Dakota,Brown,194,0,0,45.58994323,-98.35165355,46013.0,194,173,0,0,173,154,39316,21,0,0,21,19
2020-05-16,US,South Dakota,Buffalo,1,0,0,44.07657829,-99.20814467,46017.0,1,1,0,0,1,1,2036,0,0,0,0,0
2020-05-16,US,South Dakota,Charles Mix,8,0,0,43.20660134,-98.58856175,46023.0,8,8,0,0,8,7,9338,0,0,0,0,1
2020-05-16,US,South Dakota,Clark,4,0,0,44.85834507,-97.72925109,46025.0,4,4,0,0,4,4,3739,0,0,0,0,0
2020-05-16,US,South Dakota,Clay,14,0,0,42.91296147,-96.97656917,46027.0,14,12,0,0,12,11,14041,2,0,0,2,1
2020-05-16,US,South Dakota,Codington,16,0,0,44.97788119,-97.18827677,46029.0,16,16,0,0,16,16,28015,0,0,0,0,0
2020-05-16,US,South Dakota,Corson,3,0,0,45.70889983,-101.1970473,46031.0,3,3,0,0,3,2,4165,0,0,0,0,1
2020-05-16,US,South Dakota,Davison,9,0,0,43.67490933,-98.14458906,46035.0,9,9,0,0,9,9,19790,0,0,0,0,0
2020-05-16,US,South Dakota,Day,10,0,0,45.367281,-97.60737498,46037.0,10,10,0,0,10,10,5505,0,0,0,0,0
2020-05-16,US,South Dakota,Deuel,1,0,0,44.75994309,-96.66943645,46039.0,1,1,0,0,1,1,4337,0,0,0,0,0
2020-05-16,US,South Dakota,Douglas,1,0,0,43.38520741,-98.36978007,46043.0,1,1,0,0,1,1,2935,0,0,0,0,0
2020-05-16,US,South Dakota,Fall River,2,0,0,43.23929297,-103.5275691,46047.0,2,2,0,0,2,2,6758,0,0,0,0,0
2020-05-16,US,South Dakota,Faulk,1,0,0,45.07082625,-99.14535601,46049.0,1,1,0,0,1,1,2330,0,0,0,0,0
2020-05-16,US,South Dakota,Grant,9,0,0,45.1723937,-96.77002276,46051.0,9,7,0,0,7,5,7147,2,0,0,2,2
2020-05-16,US,South Dakota,Hamlin,2,0,0,44.67385954,-97.18829593,46057.0,2,2,0,0,2,2,6111,0,0,0,0,0
2020-05-16,US,South Dakota,Hand,1,0,0,44.54708407,-99.00386459,46059.0,1,1,0,0,1,1,3262,0,0,0,0,0
2020-05-16,US,South Dakota,Hughes,16,0,0,44.39091534,-99.99661148,46065.0,16,16,0,0,16,15,17650,0,0,0,0,1
2020-05-16,US,South Dakota,Hutchinson,3,0,0,43.33449012,-97.75536441,46067.0,3,3,0,0,3,3,7380,0,0,0,0,0
2020-05-16,US,South Dakota,Hyde,1,0,0,44.54747703,-99.48572582,46069.0,1,1,0,0,1,1,1282,0,0,0,0,0
2020-05-16,US,South Dakota,Jerauld,6,1,0,44.06637798,-98.62965972,46073.0,5,6,1,0,5,6,2043,0,0,0,0,0
2020-05-16,US,South Dakota,Lake,5,0,0,44.02193107,-97.12926365,46079.0,5,5,0,0,5,5,13057,0,0,0,0,0
2020-05-16,US,South Dakota,Lawrence,9,0,0,44.35919441,-103.79294279999999,46081.0,9,9,0,0,9,9,25741,0,0,0,0,0
2020-05-16,US,South Dakota,Lincoln,201,0,0,43.27841182,-96.72039050000001,46083.0,201,198,0,0,198,195,58807,3,0,0,3,3
2020-05-16,US,South Dakota,Lyman,4,0,0,43.89522709,-99.85201878,46085.0,4,4,0,0,4,4,3821,0,0,0,0,0
2020-05-16,US,South Dakota,Marshall,1,0,0,45.75870838,-97.59855639,46091.0,1,1,0,0,1,1,5112,0,0,0,0,0
2020-05-16,US,South Dakota,McCook,5,1,0,43.6742571,-97.36863144,46087.0,4,5,1,0,4,5,5546,0,0,0,0,0
2020-05-16,US,South Dakota,McPherson,1,0,0,45.76626028,-99.22118798,46089.0,1,1,0,0,1,1,2407,0,0,0,0,0
2020-05-16,US,South Dakota,Meade,5,0,0,44.56676791,-102.71627409999999,46093.0,5,5,0,0,5,5,28294,0,0,0,0,0
2020-05-16,US,South Dakota,Miner,1,0,0,44.02197882,-97.60992207,46097.0,1,1,0,0,1,1,2213,0,0,0,0,0
2020-05-16,US,South Dakota,Minnehaha,3119,39,0,43.67441641,-96.7910885,46099.0,3080,3101,39,0,3062,3050,192876,18,0,0,18,51
2020-05-16,US,South Dakota,Moody,17,0,0,44.02266214,-96.67081159,46101.0,17,17,0,0,17,17,6579,0,0,0,0,0
2020-05-16,US,South Dakota,Oglala Lakota,9,0,0,43.33749164,-102.55554980000001,46102.0,9,6,0,0,6,3,14309,3,0,0,3,3
2020-05-16,US,South Dakota,Pennington,49,1,0,44.0025835,-102.8240777,46103.0,48,43,1,0,42,40,111729,6,0,0,6,3
2020-05-16,US,South Dakota,Roberts,19,0,0,45.62975048,-96.94672673,46109.0,19,18,0,0,18,17,10447,1,0,0,1,1
2020-05-16,US,South Dakota,Sanborn,5,0,0,44.02351092,-98.09098159999999,46111.0,5,4,0,0,4,3,2429,1,0,0,1,1
2020-05-16,US,South Dakota,Spink,4,0,0,44.93837606,-98.34626602,46115.0,4,4,0,0,4,4,6495,0,0,0,0,0
2020-05-16,US,South Dakota,Stanley,9,0,0,44.41381872,-100.7349153,46117.0,9,9,0,0,9,8,3022,0,0,0,0,1
2020-05-16,US,South Dakota,Sully,1,0,0,44.71571812,-100.1278092,46119.0,1,1,0,0,1,1,1392,0,0,0,0,0
2020-05-16,US,South Dakota,Todd,16,0,0,43.19338568,-100.71955030000001,46121.0,16,15,0,0,15,13,10283,1,0,0,1,2
2020-05-16,US,South Dakota,Tripp,2,0,0,43.34459388,-99.8854891,46123.0,2,1,0,0,1,1,5478,1,0,0,1,0
2020-05-16,US,South Dakota,Turner,19,0,0,43.3109081,-97.14865776,46125.0,19,19,0,0,19,18,8424,0,0,0,0,1
2020-05-16,US,South Dakota,Union,60,0,0,42.83112163,-96.6557828,46127.0,60,57,0,0,57,57,15619,3,0,0,3,0
2020-05-16,US,South Dakota,Walworth,5,0,0,45.43019636,-100.03075140000001,46129.0,5,5,0,0,5,5,5587,0,0,0,0,0
2020-05-16,US,South Dakota,Yankton,40,0,0,43.00924485,-97.39467635,46135.0,40,38,0,0,38,34,22869,2,0,0,2,4
2020-05-16,US,South Dakota,Ziebach,1,0,0,44.97881876,-101.6654622,46137.0,1,1,0,0,1,1,2742,0,0,0,0,0
2020-05-16,US,Tennessee,Anderson,36,1,0,36.12684348,-84.19965764,47001.0,35,36,1,0,35,35,76482,0,0,0,0,1
2020-05-16,US,Tennessee,Bedford,251,4,0,35.51123746,-86.45549096,47003.0,247,248,4,0,244,248,49038,3,0,0,3,0
2020-05-16,US,Tennessee,Benton,6,1,0,36.07110411,-88.06849355,47005.0,5,6,1,0,5,6,16184,0,0,0,0,0
2020-05-16,US,Tennessee,Bledsoe,607,1,0,35.59942968,-85.20611967,47007.0,606,605,1,0,604,603,14755,2,0,0,2,2
2020-05-16,US,Tennessee,Blount,75,3,0,35.68938198,-83.92847788,47009.0,72,75,3,0,72,75,131349,0,0,0,0,0
2020-05-16,US,Tennessee,Bradley,81,1,0,35.15739424,-84.857186,47011.0,80,81,1,0,80,80,106727,0,0,0,0,1
2020-05-16,US,Tennessee,Campbell,17,1,0,36.40355516,-84.15108559999999,47013.0,16,17,1,0,16,17,39583,0,0,0,0,0
2020-05-16,US,Tennessee,Cannon,13,0,0,35.80990797,-86.05738983,47015.0,13,13,0,0,13,13,14462,0,0,0,0,0
2020-05-16,US,Tennessee,Carroll,25,1,0,35.97366108,-88.45189331,47017.0,24,24,1,0,23,23,28020,1,0,0,1,1
2020-05-16,US,Tennessee,Carter,19,1,0,36.28969086,-82.12588974,47019.0,18,19,1,0,18,19,56351,0,0,0,0,0
2020-05-16,US,Tennessee,Cheatham,88,0,0,36.26136216,-87.08903581,47021.0,88,88,0,0,88,85,40439,0,0,0,0,3
2020-05-16,US,Tennessee,Chester,12,0,0,35.42527478,-88.6095842,47023.0,12,12,0,0,12,12,17276,0,0,0,0,0
2020-05-16,US,Tennessee,Claiborne,7,0,0,36.48319149,-83.65947309,47025.0,7,7,0,0,7,7,31756,0,0,0,0,0
2020-05-16,US,Tennessee,Clay,6,0,0,36.55151008,-85.53930419,47027.0,6,6,0,0,6,6,7717,0,0,0,0,0
2020-05-16,US,Tennessee,Cocke,20,0,0,35.9278914,-83.11828725,47029.0,20,20,0,0,20,20,35774,0,0,0,0,0
2020-05-16,US,Tennessee,Coffee,60,0,0,35.49090731,-86.07311784,47031.0,60,60,0,0,60,57,55700,0,0,0,0,3
2020-05-16,US,Tennessee,Crockett,13,1,0,35.81830662,-89.14916269,47033.0,12,13,1,0,12,13,14328,0,0,0,0,0
2020-05-16,US,Tennessee,Cumberland,88,1,0,35.95271721,-84.99840585,47035.0,87,88,1,0,87,87,59673,0,0,0,0,1
2020-05-16,US,Tennessee,Davidson,3872,41,0,36.17007426,-86.78646056,47037.0,3831,3795,41,0,3754,3745,692587,77,0,0,77,50
2020-05-16,US,Tennessee,DeKalb,29,0,0,35.97616272,-85.83689361,47041.0,29,28,0,0,28,28,20138,1,0,0,1,0
2020-05-16,US,Tennessee,Decatur,5,0,0,35.60048904,-88.11043779,47039.0,5,5,0,0,5,5,11706,0,0,0,0,0
2020-05-16,US,Tennessee,Dickson,91,0,0,36.14669837,-87.35891709,47043.0,91,90,0,0,90,88,53446,1,0,0,1,2
2020-05-16,US,Tennessee,Dyer,44,0,0,36.05931946,-89.41542855,47045.0,44,44,0,0,44,44,37320,0,0,0,0,0
2020-05-16,US,Tennessee,Fayette,88,2,0,35.19615831,-89.41399032,47047.0,86,88,2,0,86,86,40507,0,0,0,0,2
2020-05-16,US,Tennessee,Fentress,6,0,0,36.38128818,-84.92870012,47049.0,6,6,0,0,6,6,18217,0,0,0,0,0
2020-05-16,US,Tennessee,Franklin,43,1,0,35.15634626,-86.09201039,47051.0,42,43,1,0,42,41,41890,0,0,0,0,2
2020-05-16,US,Tennessee,Gibson,58,1,0,35.99438059,-88.93358327,47053.0,57,57,1,0,56,57,49045,1,0,0,1,0
2020-05-16,US,Tennessee,Giles,9,0,0,35.20222469,-87.03992678,47055.0,9,9,0,0,9,9,29503,0,0,0,0,0
2020-05-16,US,Tennessee,Grainger,6,0,0,36.27469206,-83.51254721,47057.0,6,6,0,0,6,6,23145,0,0,0,0,0
2020-05-16,US,Tennessee,Greene,46,2,0,36.17470125,-82.84691273,47059.0,44,46,2,0,44,46,69087,0,0,0,0,0
2020-05-16,US,Tennessee,Grundy,30,1,0,35.38433717,-85.72142731,47061.0,29,30,1,0,29,30,13346,0,0,0,0,0
2020-05-16,US,Tennessee,Hamblen,24,2,0,36.21990035,-83.26586179,47063.0,22,25,2,0,23,25,64569,-1,0,0,-1,0
2020-05-16,US,Tennessee,Hamilton,342,13,0,35.17670231,-85.16652245,47065.0,329,332,13,0,319,319,364286,10,0,0,10,13
2020-05-16,US,Tennessee,Hardeman,183,0,0,35.20772017,-88.99161161,47069.0,183,180,0,0,180,179,25220,3,0,0,3,1
2020-05-16,US,Tennessee,Hardin,9,0,0,35.19732531,-88.18593755,47071.0,9,9,0,0,9,9,25776,0,0,0,0,0
2020-05-16,US,Tennessee,Hawkins,31,2,0,36.44355426,-82.94885298,47073.0,29,32,2,0,30,32,56530,-1,0,0,-1,0
2020-05-16,US,Tennessee,Haywood,29,1,0,35.58332824,-89.28536625,47075.0,28,29,1,0,28,29,17335,0,0,0,0,0
2020-05-16,US,Tennessee,Henderson,12,0,0,35.65581134,-88.38600175,47077.0,12,11,0,0,11,11,27847,1,0,0,1,0
2020-05-16,US,Tennessee,Henry,17,0,0,36.33160906,-88.30121797,47079.0,17,17,0,0,17,16,32358,0,0,0,0,1
2020-05-16,US,Tennessee,Hickman,52,0,0,35.80609681,-87.47643507,47081.0,52,52,0,0,52,52,25063,0,0,0,0,0
2020-05-16,US,Tennessee,Houston,6,0,0,36.28872054,-87.71878828,47083.0,6,6,0,0,6,6,8263,0,0,0,0,0
2020-05-16,US,Tennessee,Humphreys,12,1,0,36.03958805,-87.77992872,47085.0,11,12,1,0,11,12,18486,0,0,0,0,0
2020-05-16,US,Tennessee,Jackson,11,0,0,36.36380466,-85.67239905,47087.0,11,10,0,0,10,10,11758,1,0,0,1,0
2020-05-16,US,Tennessee,Jefferson,26,0,0,36.04818632,-83.45148924,47089.0,26,26,0,0,26,26,54012,0,0,0,0,0
2020-05-16,US,Tennessee,Johnson,15,0,0,36.45523950000001,-81.84886538,47091.0,15,15,0,0,15,15,17778,0,0,0,0,0
2020-05-16,US,Tennessee,Knox,303,5,0,35.99508821,-83.94635435,47093.0,298,302,5,0,297,297,465289,1,0,0,1,5
2020-05-16,US,Tennessee,Lake,401,0,0,36.34180170000001,-89.48921915,47095.0,401,401,0,0,401,401,7411,0,0,0,0,0
2020-05-16,US,Tennessee,Lauderdale,44,0,0,35.75893438,-89.63015909999999,47097.0,44,43,0,0,43,43,25825,1,0,0,1,0
2020-05-16,US,Tennessee,Lawrence,21,0,0,35.21675201,-87.39787695,47099.0,21,21,0,0,21,21,43734,0,0,0,0,0
2020-05-16,US,Tennessee,Lewis,2,0,0,35.52853208,-87.49022694,47101.0,2,2,0,0,2,2,12086,0,0,0,0,0
2020-05-16,US,Tennessee,Lincoln,16,0,0,35.13738622,-86.58910106,47103.0,16,16,0,0,16,16,34117,0,0,0,0,0
2020-05-16,US,Tennessee,Loudon,48,0,0,35.73939663,-84.31145275,47105.0,48,48,0,0,48,46,53054,0,0,0,0,2
2020-05-16,US,Tennessee,Macon,81,3,0,36.53157855,-86.00778595,47111.0,78,75,3,0,72,74,24265,6,0,0,6,1
2020-05-16,US,Tennessee,Madison,162,2,0,35.61181957,-88.84076036,47113.0,160,160,2,0,158,157,97605,2,0,0,2,3
2020-05-16,US,Tennessee,Marion,31,1,0,35.12997174,-85.62265895,47115.0,30,30,1,0,29,30,28575,1,0,0,1,0
2020-05-16,US,Tennessee,Marshall,26,1,0,35.45798777,-86.76420988,47117.0,25,25,1,0,24,25,33683,1,0,0,1,0
2020-05-16,US,Tennessee,Maury,61,0,0,35.618741299999996,-87.07462444,47119.0,61,60,0,0,60,60,94340,1,0,0,1,0
2020-05-16,US,Tennessee,McMinn,123,12,0,35.42812616,-84.61520715,47107.0,111,123,11,0,112,123,53285,0,1,0,-1,0
2020-05-16,US,Tennessee,McNairy,12,0,0,35.17468549,-88.5647812,47109.0,12,12,0,0,12,12,25832,0,0,0,0,0
2020-05-16,US,Tennessee,Meigs,22,0,0,35.51558739,-84.81482914,47121.0,22,22,0,0,22,22,12306,0,0,0,0,0
2020-05-16,US,Tennessee,Monroe,41,1,0,35.44550387,-84.24902965,47123.0,40,38,1,0,37,37,46357,3,0,0,3,1
2020-05-16,US,Tennessee,Montgomery,204,2,0,36.49609412,-87.38550661,47125.0,202,203,2,0,201,199,205950,1,0,0,1,4
2020-05-16,US,Tennessee,Moore,3,0,0,35.27724699,-86.36230578,47127.0,3,3,0,0,3,3,6411,0,0,0,0,0
2020-05-16,US,Tennessee,Morgan,12,0,0,36.13248031,-84.64880098,47129.0,12,12,0,0,12,12,21579,0,0,0,0,0
2020-05-16,US,Tennessee,Obion,17,1,0,36.35732446,-89.14921589,47131.0,16,17,1,0,16,17,30267,0,0,0,0,0
2020-05-16,US,Tennessee,Out of TN,340,4,0,0.0,0.0,80047.0,336,340,4,0,336,340,,0,0,0,0,0
2020-05-16,US,Tennessee,Overton,14,0,0,36.34117832,-85.28989535,47133.0,14,14,0,0,14,14,22068,0,0,0,0,0
2020-05-16,US,Tennessee,Perry,13,0,0,35.63708728,-87.86139634,47135.0,13,13,0,0,13,13,8064,0,0,0,0,0
2020-05-16,US,Tennessee,Pickett,1,0,0,36.55606529,-85.07763299999998,47137.0,1,1,0,0,1,1,5082,0,0,0,0,0
2020-05-16,US,Tennessee,Polk,12,0,0,35.12245443,-84.52075859,47139.0,12,12,0,0,12,12,16898,0,0,0,0,0
2020-05-16,US,Tennessee,Putnam,232,5,0,36.14005459,-85.50646123,47141.0,227,206,5,0,201,204,78843,26,0,0,26,2
2020-05-16,US,Tennessee,Rhea,7,0,0,35.60536161,-84.93076643,47143.0,7,7,0,0,7,6,33044,0,0,0,0,1
2020-05-16,US,Tennessee,Roane,8,0,0,35.84923189,-84.52458689,47145.0,8,8,0,0,8,8,53140,0,0,0,0,0
2020-05-16,US,Tennessee,Robertson,274,0,0,36.52454807,-86.87346725,47147.0,274,263,0,0,263,250,71012,11,0,0,11,13
2020-05-16,US,Tennessee,Rutherford,847,19,0,35.84591405,-86.4107263,47149.0,828,814,19,0,795,796,324890,33,0,0,33,18
2020-05-16,US,Tennessee,Scott,11,0,0,36.42325673,-84.50360494,47151.0,11,11,0,0,11,11,22039,0,0,0,0,0
2020-05-16,US,Tennessee,Sequatchie,10,0,0,35.36979721,-85.41022136,47153.0,10,10,0,0,10,10,14876,0,0,0,0,0
2020-05-16,US,Tennessee,Sevier,68,2,0,35.78077323,-83.52244332,47155.0,66,66,2,0,64,65,97892,2,0,0,2,1
2020-05-16,US,Tennessee,Shelby,3681,85,0,35.1864775,-89.89692423,47157.0,3596,3595,81,0,3514,3542,935764,86,4,0,82,53
2020-05-16,US,Tennessee,Smith,24,1,0,36.25359775,-85.95411046,47159.0,23,24,1,0,23,24,19942,0,0,0,0,0
2020-05-16,US,Tennessee,Stewart,7,0,0,36.50235092,-87.83920548,47161.0,7,7,0,0,7,7,13561,0,0,0,0,0
2020-05-16,US,Tennessee,Sullivan,57,2,0,36.51240691,-82.30412917,47163.0,55,57,2,0,55,56,157668,0,0,0,0,1
2020-05-16,US,Tennessee,Sumner,737,41,0,36.46824103,-86.45917204,47165.0,696,724,41,0,683,720,187149,13,0,0,13,4
2020-05-16,US,Tennessee,Tipton,403,2,0,35.501942,-89.73694895,47167.0,401,402,2,0,400,402,61581,1,0,0,1,0
2020-05-16,US,Tennessee,Trousdale,1382,4,0,36.39026213,-86.16087954,47169.0,1378,1382,4,0,1378,1382,11012,0,0,0,0,0
2020-05-16,US,Tennessee,Unassigned,0,1,0,0.0,0.0,90047.0,-1,0,1,0,-1,0,,0,0,0,0,0
2020-05-16,US,Tennessee,Unicoi,3,0,0,36.10890856,-82.43709629,47171.0,3,3,0,0,3,3,17761,0,0,0,0,0
2020-05-16,US,Tennessee,Union,4,0,0,36.28590426,-83.83651902,47173.0,4,4,0,0,4,4,19688,0,0,0,0,0
2020-05-16,US,Tennessee,Van Buren,3,0,0,35.69864497,-85.45221699,47175.0,3,3,0,0,3,2,5765,0,0,0,0,1
2020-05-16,US,Tennessee,Warren,15,0,0,35.672829899999996,-85.77969117,47177.0,15,14,0,0,14,14,40878,1,0,0,1,0
2020-05-16,US,Tennessee,Washington,66,0,0,36.29472368,-82.49454720000001,47179.0,66,66,0,0,66,66,128607,0,0,0,0,0
2020-05-16,US,Tennessee,Wayne,63,0,0,35.23868267,-87.78644456,47181.0,63,61,0,0,61,3,16558,2,0,0,2,58
2020-05-16,US,Tennessee,Weakley,24,0,0,36.29896232,-88.71990865,47183.0,24,24,0,0,24,24,33415,0,0,0,0,0
2020-05-16,US,Tennessee,White,18,0,0,35.92929884,-85.45591799,47185.0,18,17,0,0,17,17,27107,1,0,0,1,0
2020-05-16,US,Tennessee,Williamson,471,10,0,35.89099229,-86.89281867,47187.0,461,462,10,0,452,456,231729,9,0,0,9,6
2020-05-16,US,Tennessee,Wilson,318,8,0,36.15496772,-86.29775884,47189.0,310,316,8,0,308,312,140625,2,0,0,2,4
2020-05-16,US,Texas,Anderson,54,0,0,31.81534745,-95.65354823,48001.0,54,52,0,0,52,51,58057,2,0,0,2,1
2020-05-16,US,Texas,Andrews,22,0,0,32.30468633,-102.63765479999999,48003.0,22,22,0,0,22,22,18128,0,0,0,0,0
2020-05-16,US,Texas,Angelina,139,1,0,31.25457347,-94.60901487,48005.0,138,131,1,0,130,119,87092,8,0,0,8,12
2020-05-16,US,Texas,Aransas,3,0,0,28.10556197,-96.9995047,48007.0,3,3,0,0,3,3,23792,0,0,0,0,0
2020-05-16,US,Texas,Archer,1,0,0,33.61569967,-98.68754589,48009.0,1,1,0,0,1,,8786,0,0,0,0,
2020-05-16,US,Texas,Armstrong,2,0,0,34.96507426,-101.35748740000001,48011.0,2,2,0,0,2,2,1892,0,0,0,0,0
2020-05-16,US,Texas,Atascosa,30,1,0,28.89333001,-98.52730485,48013.0,29,30,1,0,29,27,50310,0,0,0,0,3
2020-05-16,US,Texas,Austin,19,0,0,29.88548725,-96.27736949,48015.0,19,17,0,0,17,16,29989,2,0,0,2,1
2020-05-16,US,Texas,Bailey,6,0,0,34.06854817,-102.8299707,48017.0,6,3,0,0,3,3,7027,3,0,0,3,0
2020-05-16,US,Texas,Bandera,6,0,0,29.74619598,-99.24598147,48019.0,6,6,0,0,6,6,22824,0,0,0,0,0
2020-05-16,US,Texas,Bastrop,132,2,0,30.10370699,-97.31206354,48021.0,130,128,2,0,126,125,86976,4,0,0,4,3
2020-05-16,US,Texas,Bee,6,0,0,28.41761668,-97.74215593,48025.0,6,6,0,0,6,6,32587,0,0,0,0,0
2020-05-16,US,Texas,Bell,248,3,0,31.03736027,-97.4785025,48027.0,245,242,3,0,239,237,355642,6,0,0,6,5
2020-05-16,US,Texas,Bexar,2120,62,0,29.44928723,-98.52019748,48029.0,2058,1976,58,0,1918,1976,1986049,144,4,0,140,0
2020-05-16,US,Texas,Blanco,6,0,0,30.26640707,-98.3999852,48031.0,6,6,0,0,6,6,11702,0,0,0,0,0
2020-05-16,US,Texas,Bosque,6,0,0,31.89978581,-97.63613524,48035.0,6,6,0,0,6,6,18691,0,0,0,0,0
2020-05-16,US,Texas,Bowie,130,3,0,33.44626922,-94.41834132,48037.0,127,122,2,0,120,120,94324,8,1,0,7,2
2020-05-16,US,Texas,Brazoria,721,9,0,29.18757369,-95.44563172,48039.0,712,712,9,0,703,710,370200,9,0,0,9,2
2020-05-16,US,Texas,Brazos,312,18,0,30.663644800000004,-96.30205577,48041.0,294,305,18,0,287,301,226758,7,0,0,7,4
2020-05-16,US,Texas,Brewster,1,0,0,29.81008251,-103.25203259999999,48043.0,1,1,0,0,1,1,9267,0,0,0,0,0
2020-05-16,US,Texas,Briscoe,1,0,0,34.53026962,-101.2084947,48045.0,1,1,0,0,1,1,1516,0,0,0,0,0
2020-05-16,US,Texas,Brooks,1,0,0,27.03103197,-98.21808402,48047.0,1,1,0,0,1,1,7114,0,0,0,0,0
2020-05-16,US,Texas,Brown,51,7,0,31.77430356,-98.99907113,48049.0,44,51,7,0,44,51,37924,0,0,0,0,0
2020-05-16,US,Texas,Burleson,18,0,0,30.49273808,-96.62158484,48051.0,18,17,0,0,17,17,18389,1,0,0,1,0
2020-05-16,US,Texas,Burnet,28,0,0,30.78801353,-98.181887,48053.0,28,28,0,0,28,28,47542,0,0,0,0,0
2020-05-16,US,Texas,Caldwell,36,0,0,29.83668859,-97.61814775,48055.0,36,35,0,0,35,33,43247,1,0,0,1,2
2020-05-16,US,Texas,Calhoun,36,3,0,28.47048236,-96.61633945,48057.0,33,36,3,0,33,36,21561,0,0,0,0,0
2020-05-16,US,Texas,Callahan,8,1,0,32.29760619,-99.37326312,48059.0,7,8,1,0,7,8,13994,0,0,0,0,0
2020-05-16,US,Texas,Cameron,619,27,0,26.14524221,-97.48140372,48061.0,592,582,26,0,556,569,423908,37,1,0,36,13
2020-05-16,US,Texas,Camp,21,0,0,32.97195142,-94.97790104,48063.0,21,16,0,0,16,13,13033,5,0,0,5,3
2020-05-16,US,Texas,Carson,3,0,0,35.40365929,-101.35426690000001,48065.0,3,3,0,0,3,3,6005,0,0,0,0,0
2020-05-16,US,Texas,Cass,19,0,0,33.07499881,-94.34646905,48067.0,19,21,0,0,21,21,30119,-2,0,0,-2,0
2020-05-16,US,Texas,Castro,26,1,0,34.53016752,-102.2617243,48069.0,25,27,1,0,26,25,7665,-1,0,0,-1,2
2020-05-16,US,Texas,Chambers,52,0,0,29.70972016,-94.67154501,48071.0,52,52,0,0,52,50,42454,0,0,0,0,2
2020-05-16,US,Texas,Cherokee,34,1,0,31.837258000000002,-95.16559897,48073.0,33,31,1,0,30,27,52592,3,0,0,3,4
2020-05-16,US,Texas,Childress,2,0,0,34.529304100000004,-100.2077916,48075.0,2,2,0,0,2,2,7291,0,0,0,0,0
2020-05-16,US,Texas,Clay,3,0,0,33.78686685,-98.20771198,48077.0,3,3,0,0,3,3,10456,0,0,0,0,0
2020-05-16,US,Texas,Cochran,1,0,0,33.60425307,-102.82844990000001,48079.0,1,1,0,0,1,1,2836,0,0,0,0,0
2020-05-16,US,Texas,Coke,1,0,0,31.88911733,-100.5297533,48081.0,1,1,0,0,1,1,3370,0,0,0,0,0
2020-05-16,US,Texas,Coleman,2,0,0,31.76736834,-99.45240766,48083.0,2,2,0,0,2,2,8397,0,0,0,0,0
2020-05-16,US,Texas,Collin,1008,31,0,33.18820114,-96.57264368,48085.0,977,993,30,0,963,978,1005146,15,1,0,14,15
2020-05-16,US,Texas,Collingsworth,4,0,0,34.96489496,-100.27001109999999,48087.0,4,4,0,0,4,4,2962,0,0,0,0,0
2020-05-16,US,Texas,Colorado,18,0,0,29.622097999999998,-96.5273805,48089.0,18,18,0,0,18,18,21217,0,0,0,0,0
2020-05-16,US,Texas,Comal,70,6,0,29.80811278,-98.27647225,48091.0,64,68,6,0,62,68,148373,2,0,0,2,0
2020-05-16,US,Texas,Comanche,3,1,0,31.94854689,-98.55876441,48093.0,2,3,1,0,2,3,13534,0,0,0,0,0
2020-05-16,US,Texas,Concho,1,0,0,31.32635934,-99.86473038,48095.0,1,1,0,0,1,1,4276,0,0,0,0,0
2020-05-16,US,Texas,Cooke,13,0,0,33.63979567,-97.21240912,48097.0,13,13,0,0,13,13,40574,0,0,0,0,0
2020-05-16,US,Texas,Coryell,224,2,0,31.39078397,-97.79936155,48099.0,222,221,2,0,219,220,74808,3,0,0,3,1
2020-05-16,US,Texas,Cottle,4,1,0,34.07783319,-100.27850620000001,48101.0,3,4,1,0,3,4,1389,0,0,0,0,0
2020-05-16,US,Texas,Crane,2,0,0,31.43052248,-102.5143314,48103.0,2,2,0,0,2,2,4794,0,0,0,0,0
2020-05-16,US,Texas,Crosby,2,1,0,33.61431553,-101.30003640000001,48107.0,1,2,1,0,1,2,5779,0,0,0,0,0
2020-05-16,US,Texas,Dallam,20,1,0,36.27787176,-102.60207249999999,48111.0,19,21,1,0,20,19,7200,-1,0,0,-1,2
2020-05-16,US,Texas,Dallas,7250,170,0,32.76670599,-96.77796049999999,48113.0,7080,7036,164,0,6872,6837,2637772,214,6,0,208,199
2020-05-16,US,Texas,Dawson,38,1,0,32.74255572,-101.94772420000001,48115.0,37,36,1,0,35,32,12619,2,0,0,2,4
2020-05-16,US,Texas,DeWitt,17,1,0,29.08101855,-97.35681170000001,48123.0,16,17,1,0,16,17,20187,0,0,0,0,0
2020-05-16,US,Texas,Deaf Smith,120,6,0,34.96522957,-102.6054267,48117.0,114,119,2,0,117,93,18760,1,4,0,-3,26
2020-05-16,US,Texas,Delta,1,0,0,33.38570922,-95.66921122,48119.0,1,1,0,0,1,1,5349,0,0,0,0,0
2020-05-16,US,Texas,Denton,1040,28,0,33.20521901,-97.11691153,48121.0,1012,1016,28,0,988,989,859064,24,0,0,24,27
2020-05-16,US,Texas,Dickens,1,0,0,33.61616822,-100.7788855,48125.0,1,1,0,0,1,1,2249,0,0,0,0,0
2020-05-16,US,Texas,Dimmit,1,0,0,28.42270064,-99.75645095,48127.0,1,1,0,0,1,1,10308,0,0,0,0,0
2020-05-16,US,Texas,Donley,25,0,0,34.96517499,-100.8140093,48129.0,25,26,0,0,26,25,3319,-1,0,0,-1,1
2020-05-16,US,Texas,Duval,5,0,0,27.68184592,-98.50864568,48131.0,5,5,0,0,5,5,11212,0,0,0,0,0
2020-05-16,US,Texas,Eastland,5,0,0,32.32743996,-98.83243566,48133.0,5,4,0,0,4,4,18322,1,0,0,1,0
2020-05-16,US,Texas,Ector,109,4,0,31.86898877,-102.54294279999999,48135.0,105,103,4,0,99,102,162124,6,0,0,6,1
2020-05-16,US,Texas,El Paso,1655,45,0,31.76980765,-106.23632749999999,48141.0,1610,1607,43,0,1564,1456,840758,48,2,0,46,151
2020-05-16,US,Texas,Ellis,247,12,0,32.34894117,-96.79371841,48139.0,235,241,11,0,230,236,179436,6,1,0,5,5
2020-05-16,US,Texas,Erath,15,1,0,32.23602653,-98.21773417,48143.0,14,15,1,0,14,15,42446,0,0,0,0,0
2020-05-16,US,Texas,Falls,6,0,0,31.25350609,-96.93630086,48145.0,6,6,0,0,6,6,17335,0,0,0,0,0
2020-05-16,US,Texas,Fannin,25,2,0,33.59564294,-96.10751083,48147.0,23,24,1,0,23,24,35286,1,1,0,0,0
2020-05-16,US,Texas,Fayette,29,2,0,29.87788372,-96.92076062,48149.0,27,27,2,0,25,28,25349,2,0,0,2,-1
2020-05-16,US,Texas,Fisher,1,0,0,32.74281316,-100.40193020000001,48151.0,1,1,0,0,1,,3839,0,0,0,0,
2020-05-16,US,Texas,Floyd,4,0,0,34.07227468,-101.3031546,48153.0,4,4,0,0,4,4,5837,0,0,0,0,0
2020-05-16,US,Texas,Fort Bend,1510,40,0,29.52704478,-95.77219463,48157.0,1470,1471,40,0,1431,1452,787858,39,0,0,39,19
2020-05-16,US,Texas,Franklin,5,0,0,33.17653242,-95.21917243,48159.0,5,4,0,0,4,4,10766,1,0,0,1,0
2020-05-16,US,Texas,Freestone,7,0,0,31.70422788,-96.15072516,48161.0,7,8,0,0,8,8,19808,-1,0,0,-1,0
2020-05-16,US,Texas,Frio,35,0,0,28.86751206,-99.10804207,48163.0,35,34,0,0,34,34,19816,1,0,0,1,0
2020-05-16,US,Texas,Gaines,5,0,0,32.74055318,-102.6353295,48165.0,5,5,0,0,5,4,20901,0,0,0,0,1
2020-05-16,US,Texas,Galveston,696,31,0,29.40167322,-94.90469073,48167.0,665,693,30,0,663,691,337890,3,1,0,2,2
2020-05-16,US,Texas,Garza,4,0,0,33.17969345,-101.2984114,48169.0,4,4,0,0,4,4,6578,0,0,0,0,0
2020-05-16,US,Texas,Gillespie,4,0,0,30.31824095,-98.94676915,48171.0,4,4,0,0,4,4,26804,0,0,0,0,0
2020-05-16,US,Texas,Glasscock,1,0,0,31.86942909,-101.5207776,48173.0,1,1,0,0,1,1,1388,0,0,0,0,0
2020-05-16,US,Texas,Goliad,7,0,0,28.65696592,-97.42760647,48175.0,7,7,0,0,7,7,7584,0,0,0,0,0
2020-05-16,US,Texas,Gonzales,75,2,0,29.45634206,-97.49424032,48177.0,73,73,2,0,71,70,20826,2,0,0,2,3
2020-05-16,US,Texas,Gray,91,0,0,35.40081878,-100.8129222,48179.0,91,88,0,0,88,77,21895,3,0,0,3,11
2020-05-16,US,Texas,Grayson,140,0,0,33.62744998,-96.67753461,48181.0,140,129,0,0,129,122,133991,11,0,0,11,7
2020-05-16,US,Texas,Gregg,170,0,0,32.47940482,-94.81591935,48183.0,170,142,0,0,142,138,123707,28,0,0,28,4
2020-05-16,US,Texas,Grimes,65,1,0,30.54579585,-95.98902499,48185.0,64,63,1,0,62,56,28360,2,0,0,2,7
2020-05-16,US,Texas,Guadalupe,109,0,0,29.58165339,-97.94786822,48187.0,109,106,0,0,106,101,163694,3,0,0,3,5
2020-05-16,US,Texas,Hale,43,4,0,34.07044901,-101.82681140000001,48189.0,39,42,4,0,38,41,33830,1,0,0,1,1
2020-05-16,US,Texas,Hamilton,7,0,0,31.70470573,-98.11083887,48193.0,7,7,0,0,7,7,8484,0,0,0,0,0
2020-05-16,US,Texas,Hansford,16,2,0,36.27743284,-101.3545796,48195.0,14,15,2,0,13,15,5463,1,0,0,1,0
2020-05-16,US,Texas,Hardin,117,4,0,30.33364686,-94.38931817,48199.0,113,116,4,0,112,116,57207,1,0,0,1,0
2020-05-16,US,Texas,Harris,9126,204,0,29.86,-95.39,48201.0,8922,9050,193,0,8857,8817,4698619,76,11,0,65,233
2020-05-16,US,Texas,Harrison,200,19,0,32.54935988,-94.36934071,48203.0,181,200,19,0,181,195,66726,0,0,0,0,5
2020-05-16,US,Texas,Hartley,9,2,0,35.84008013,-102.6029022,48205.0,7,9,2,0,7,9,5619,0,0,0,0,0
2020-05-16,US,Texas,Haskell,1,0,0,33.17823584,-99.73037358,48207.0,1,1,0,0,1,,5813,0,0,0,0,
2020-05-16,US,Texas,Hays,219,3,0,30.05669873,-98.02944344,48209.0,216,219,3,0,216,217,222631,0,0,0,0,2
2020-05-16,US,Texas,Hemphill,1,0,0,35.83764858,-100.2703577,48211.0,1,1,0,0,1,1,3825,0,0,0,0,0
2020-05-16,US,Texas,Henderson,48,0,0,32.21128872,-95.85846587,48213.0,48,48,0,0,48,47,82299,0,0,0,0,1
2020-05-16,US,Texas,Hidalgo,425,10,0,26.39418217,-98.18299696,48215.0,415,417,10,0,407,409,865939,8,0,0,8,8
2020-05-16,US,Texas,Hill,22,1,0,31.99045053,-97.13423143,48217.0,21,22,1,0,21,22,36354,0,0,0,0,0
2020-05-16,US,Texas,Hockley,23,1,0,33.60771256,-102.3431676,48219.0,22,23,1,0,22,22,22980,0,0,0,0,1
2020-05-16,US,Texas,Hood,22,3,0,32.42990927,-97.83242024,48221.0,19,22,3,0,19,22,60537,0,0,0,0,0
2020-05-16,US,Texas,Hopkins,8,0,0,33.14875072,-95.56351139,48223.0,8,8,0,0,8,8,36810,0,0,0,0,0
2020-05-16,US,Texas,Houston,76,0,0,31.31925973,-95.42226208,48225.0,76,74,0,0,74,71,23169,2,0,0,2,3
2020-05-16,US,Texas,Howard,6,1,0,32.30621324,-101.4356444,48227.0,5,6,1,0,5,6,36459,0,0,0,0,0
2020-05-16,US,Texas,Hunt,66,3,0,33.12351514,-96.08551032,48231.0,63,66,3,0,63,58,96493,0,0,0,0,8
2020-05-16,US,Texas,Hutchinson,25,0,0,35.84006574,-101.3546643,48233.0,25,25,0,0,25,25,21198,0,0,0,0,0
2020-05-16,US,Texas,Jack,4,0,0,33.23377248,-98.17283469,48237.0,4,4,0,0,4,4,8843,0,0,0,0,0
2020-05-16,US,Texas,Jackson,15,1,0,28.95472367,-96.57749563,48239.0,14,15,1,0,14,15,14874,0,0,0,0,0
2020-05-16,US,Texas,Jasper,23,1,0,30.74685667,-94.02667579,48241.0,22,23,1,0,22,19,35872,0,0,0,0,4
2020-05-16,US,Texas,Jefferson,436,26,0,29.8832777,-94.16434171,48245.0,410,429,26,0,403,418,255001,7,0,0,7,11
2020-05-16,US,Texas,Jim Hogg,4,0,0,27.04453923,-98.69681870000001,48247.0,4,3,0,0,3,3,5248,1,0,0,1,0
2020-05-16,US,Texas,Jim Wells,8,0,0,27.73103938,-98.0904705,48249.0,8,7,0,0,7,7,40822,1,0,0,1,0
2020-05-16,US,Texas,Johnson,123,4,0,32.37877812,-97.36615819,48251.0,119,119,4,0,115,117,171361,4,0,0,4,2
2020-05-16,US,Texas,Jones,112,0,0,32.73997145,-99.87861576,48253.0,112,110,0,0,110,110,19817,2,0,0,2,0
2020-05-16,US,Texas,Karnes,3,0,0,28.90705334,-97.85960149,48255.0,3,4,0,0,4,4,15650,-1,0,0,-1,0
2020-05-16,US,Texas,Kaufman,147,1,0,32.599141700000004,-96.28734728,48257.0,146,143,1,0,142,137,128622,4,0,0,4,6
2020-05-16,US,Texas,Kendall,21,0,0,29.94414155,-98.7113588,48259.0,21,20,0,0,20,20,45641,1,0,0,1,0
2020-05-16,US,Texas,Kerr,10,0,0,30.06040006,-99.34930144,48265.0,10,10,0,0,10,10,52405,0,0,0,0,0
2020-05-16,US,Texas,Kimble,1,0,0,30.48678918,-99.74856473,48267.0,1,1,0,0,1,1,4362,0,0,0,0,0
2020-05-16,US,Texas,Kleberg,14,1,0,27.42435506,-97.69894948,48273.0,13,13,1,0,12,11,31129,1,0,0,1,2
2020-05-16,US,Texas,Knox,1,0,0,33.60519951,-99.74229059999999,48275.0,1,1,0,0,1,1,3653,0,0,0,0,0
2020-05-16,US,Texas,La Salle,4,0,0,28.34453111,-99.09908775,48283.0,4,4,0,0,4,4,7531,0,0,0,0,0
2020-05-16,US,Texas,Lamar,111,4,0,33.66981763,-95.57404777,48277.0,107,111,4,0,107,105,49728,0,0,0,0,6
2020-05-16,US,Texas,Lamb,11,0,0,34.06859623,-102.35162890000001,48279.0,11,10,0,0,10,10,13158,1,0,0,1,0
2020-05-16,US,Texas,Lampasas,8,0,0,31.19531316,-98.24206613,48281.0,8,8,0,0,8,8,21229,0,0,0,0,0
2020-05-16,US,Texas,Lavaca,8,1,0,29.38508402,-96.93186692,48285.0,7,7,1,0,6,7,20110,1,0,0,1,0
2020-05-16,US,Texas,Lee,6,0,0,30.31120597,-96.97045773,48287.0,6,6,0,0,6,6,17144,0,0,0,0,0
2020-05-16,US,Texas,Leon,9,0,0,31.29872538,-95.9936328,48289.0,9,9,0,0,9,9,17270,0,0,0,0,0
2020-05-16,US,Texas,Liberty,75,2,0,30.15152688,-94.81205615,48291.0,73,72,2,0,70,72,86323,3,0,0,3,0
2020-05-16,US,Texas,Limestone,15,1,0,31.5454767,-96.58095444,48293.0,14,15,1,0,14,15,23519,0,0,0,0,0
2020-05-16,US,Texas,Lipscomb,2,0,0,36.27783108,-100.27331509999999,48295.0,2,2,0,0,2,2,3355,0,0,0,0,0
2020-05-16,US,Texas,Live Oak,6,0,0,28.35101362,-98.1246786,48297.0,6,6,0,0,6,5,12166,0,0,0,0,1
2020-05-16,US,Texas,Llano,3,0,0,30.70645047,-98.68475262,48299.0,3,3,0,0,3,3,21646,0,0,0,0,0
2020-05-16,US,Texas,Lubbock,616,50,0,33.61008596,-101.82047890000001,48303.0,566,614,50,0,564,607,307412,2,0,0,2,7
2020-05-16,US,Texas,Lynn,5,1,0,33.17657705,-101.8162849,48305.0,4,5,1,0,4,5,5877,0,0,0,0,0
2020-05-16,US,Texas,Madison,8,0,0,30.96694679,-95.93003775,48313.0,8,6,0,0,6,4,14422,2,0,0,2,2
2020-05-16,US,Texas,Marion,15,0,0,32.79868409,-94.35661230000001,48315.0,15,15,0,0,15,15,9928,0,0,0,0,0
2020-05-16,US,Texas,Martin,3,1,0,32.30600051,-101.9513518,48317.0,2,3,1,0,2,3,5753,0,0,0,0,0
2020-05-16,US,Texas,Mason,31,0,0,30.71780434,-99.22629416,48319.0,31,28,0,0,28,28,4280,3,0,0,3,0
2020-05-16,US,Texas,Matagorda,65,5,0,28.81955746,-96.01230294,48321.0,60,65,5,0,60,65,36552,0,0,0,0,0
2020-05-16,US,Texas,Maverick,74,0,0,28.7429195,-100.3157686,48323.0,74,74,0,0,74,52,58485,0,0,0,0,22
2020-05-16,US,Texas,McCulloch,3,0,0,31.1925468,-99.34682807,48307.0,3,3,0,0,3,3,7987,0,0,0,0,0
2020-05-16,US,Texas,McLennan,97,4,0,31.55255453,-97.20217694,48309.0,93,96,4,0,92,96,254607,1,0,0,1,0
2020-05-16,US,Texas,Medina,49,2,0,29.355730100000002,-99.11030298,48325.0,47,48,2,0,46,47,50921,1,0,0,1,1
2020-05-16,US,Texas,Midland,120,12,0,31.86904128,-102.03156820000001,48329.0,108,116,12,0,104,115,172578,4,0,0,4,1
2020-05-16,US,Texas,Milam,23,1,0,30.78581830000001,-96.97718698,48331.0,22,23,1,0,22,22,25131,0,0,0,0,1
2020-05-16,US,Texas,Mills,1,0,0,31.49557106,-98.59272068,48333.0,1,1,0,0,1,1,4921,0,0,0,0,0
2020-05-16,US,Texas,Mitchell,1,0,0,32.30623474,-100.9212058,48335.0,1,1,0,0,1,1,8145,0,0,0,0,0
2020-05-16,US,Texas,Montague,9,1,0,33.67521893,-97.72500958,48337.0,8,9,1,0,8,9,19596,0,0,0,0,0
2020-05-16,US,Texas,Montgomery,798,18,0,30.30079133,-95.50572772,48339.0,780,798,18,0,780,773,590925,0,0,0,0,25
2020-05-16,US,Texas,Moore,544,11,0,35.83769242,-101.8930281,48341.0,533,540,9,0,531,534,21485,4,2,0,2,6
2020-05-16,US,Texas,Morris,11,0,0,33.11304005,-94.73255695,48343.0,11,10,0,0,10,10,12339,1,0,0,1,0
2020-05-16,US,Texas,Motley,1,0,0,34.07408766,-100.77972199999999,48345.0,1,1,0,0,1,1,1234,0,0,0,0,0
2020-05-16,US,Texas,Nacogdoches,233,17,0,31.62017125,-94.61803994,48347.0,216,229,17,0,212,227,65711,4,0,0,4,2
2020-05-16,US,Texas,Navarro,38,2,0,32.04620681,-96.47428766,48349.0,36,38,2,0,36,37,49565,0,0,0,0,1
2020-05-16,US,Texas,Newton,4,0,0,30.78548982,-93.74408813,48351.0,4,4,0,0,4,4,13746,0,0,0,0,0
2020-05-16,US,Texas,Nolan,2,0,0,32.30365282,-100.4060208,48353.0,2,2,0,0,2,2,14751,0,0,0,0,0
2020-05-16,US,Texas,Nueces,231,3,0,27.736286,-97.5433285,48355.0,228,209,3,0,206,186,362265,22,0,0,22,23
2020-05-16,US,Texas,Ochiltree,40,2,0,36.27829105,-100.8158184,48357.0,38,40,2,0,38,40,9947,0,0,0,0,0
2020-05-16,US,Texas,Oldham,4,1,0,35.40425596,-102.6027606,48359.0,3,4,1,0,3,3,2131,0,0,0,0,1
2020-05-16,US,Texas,Orange,87,2,0,30.11879481,-93.89412775,48361.0,85,87,2,0,85,84,83572,0,0,0,0,3
2020-05-16,US,Texas,Palo Pinto,9,2,0,32.75310985,-98.31319001,48363.0,7,9,2,0,7,9,28875,0,0,0,0,0
2020-05-16,US,Texas,Panola,175,15,0,32.163959600000005,-94.30552481,48365.0,160,175,15,0,160,175,23148,0,0,0,0,0
2020-05-16,US,Texas,Parker,57,0,0,32.77757172,-97.80500621,48367.0,57,57,0,0,57,56,138371,0,0,0,0,1
2020-05-16,US,Texas,Parmer,25,0,0,34.52993409,-102.78446679999999,48369.0,25,23,0,0,23,23,9864,2,0,0,2,0
2020-05-16,US,Texas,Pecos,20,0,0,30.78097267,-102.72412609999999,48371.0,20,20,0,0,20,20,15673,0,0,0,0,0
2020-05-16,US,Texas,Polk,47,0,0,30.79472531,-94.82766240000001,48373.0,47,47,0,0,47,46,50031,0,0,0,0,1
2020-05-16,US,Texas,Potter,2080,23,0,35.40133773,-101.893964,48375.0,2057,1462,23,0,1439,1421,119648,618,0,0,618,41
2020-05-16,US,Texas,Rains,2,0,0,32.87109387,-95.79232691,48379.0,2,2,0,0,2,2,12159,0,0,0,0,0
2020-05-16,US,Texas,Randall,593,4,0,34.96585996,-101.8971322,48381.0,589,477,4,0,473,444,136271,116,0,0,116,33
2020-05-16,US,Texas,Red River,35,0,0,33.61886692,-95.04841765,48387.0,35,35,0,0,35,33,12175,0,0,0,0,2
2020-05-16,US,Texas,Reeves,7,0,0,31.32323325,-103.69038959999999,48389.0,7,7,0,0,7,7,15695,0,0,0,0,0
2020-05-16,US,Texas,Refugio,3,0,0,28.323897600000002,-97.15766311,48391.0,3,3,0,0,3,3,7032,0,0,0,0,0
2020-05-16,US,Texas,Roberts,2,0,0,35.83809685,-100.813175,48393.0,2,2,0,0,2,2,903,0,0,0,0,0
2020-05-16,US,Texas,Robertson,6,0,0,31.02539637,-96.51272246,48395.0,6,6,0,0,6,6,17284,0,0,0,0,0
2020-05-16,US,Texas,Rockwall,138,5,0,32.89779518,-96.40771592,48397.0,133,138,5,0,133,138,100657,0,0,0,0,0
2020-05-16,US,Texas,Runnels,2,0,0,31.8314342,-99.97616148,48399.0,2,2,0,0,2,2,10234,0,0,0,0,0
2020-05-16,US,Texas,Rusk,42,1,0,32.10773545,-94.76176432,48401.0,41,40,1,0,39,40,54450,2,0,0,2,0
2020-05-16,US,Texas,Sabine,3,0,0,31.34318809,-93.85440451,48403.0,3,3,0,0,3,3,10589,0,0,0,0,0
2020-05-16,US,Texas,San Augustine,22,1,0,31.39457611,-94.17000399,48405.0,21,22,1,0,21,22,8232,0,0,0,0,0
2020-05-16,US,Texas,San Jacinto,12,0,0,30.57933681,-95.16260304,48407.0,12,12,0,0,12,12,28719,0,0,0,0,0
2020-05-16,US,Texas,San Patricio,25,0,0,28.00880118,-97.51763891,48409.0,25,25,0,0,25,23,66893,0,0,0,0,2
2020-05-16,US,Texas,Scurry,2,0,0,32.74613808,-100.91626640000001,48415.0,2,2,0,0,2,2,16866,0,0,0,0,0
2020-05-16,US,Texas,Shackelford,1,0,0,32.73587756,-99.35401337,48417.0,1,1,0,0,1,1,3253,0,0,0,0,0
2020-05-16,US,Texas,Shelby,173,5,0,31.79211404,-94.14550696,48419.0,168,172,5,0,167,167,25418,1,0,0,1,5
2020-05-16,US,Texas,Sherman,23,0,0,36.27751473,-101.8933156,48421.0,23,23,0,0,23,23,3079,0,0,0,0,0
2020-05-16,US,Texas,Smith,189,3,0,32.37474036,-95.27175679999999,48423.0,186,189,3,0,186,186,230221,0,0,0,0,3
2020-05-16,US,Texas,Starr,17,0,0,26.56150059,-98.73892358,48427.0,17,16,0,0,16,14,64525,1,0,0,1,2
2020-05-16,US,Texas,Stephens,2,0,0,32.73553157,-98.83631615,48429.0,2,2,0,0,2,2,9433,0,0,0,0,0
2020-05-16,US,Texas,Swisher,14,0,0,34.53028891,-101.73491740000001,48437.0,14,14,0,0,14,13,7462,0,0,0,0,1
2020-05-16,US,Texas,Tarrant,4266,120,0,32.77143818,-97.29101614,48439.0,4146,4211,117,0,4094,4076,2084931,55,3,0,52,135
2020-05-16,US,Texas,Taylor,217,6,0,32.30163422,-99.89007449,48441.0,211,215,6,0,209,214,137640,2,0,0,2,1
2020-05-16,US,Texas,Terry,12,0,0,33.17402785,-102.3354521,48445.0,12,12,0,0,12,12,12287,0,0,0,0,0
2020-05-16,US,Texas,Titus,96,1,0,33.21339719,-94.96797273,48449.0,95,83,1,0,82,74,33033,13,0,0,13,9
2020-05-16,US,Texas,Tom Green,86,1,0,31.40464436,-100.46244300000001,48451.0,85,86,1,0,85,85,118189,0,0,0,0,1
2020-05-16,US,Texas,Travis,2425,77,0,30.33432034,-97.78535620000001,48453.0,2348,2381,77,0,2304,2345,1248743,44,0,0,44,36
2020-05-16,US,Texas,Trinity,11,0,0,31.0879489,-95.1367187,48455.0,11,11,0,0,11,11,14740,0,0,0,0,0
2020-05-16,US,Texas,Tyler,9,0,0,30.77031716,-94.37690895,48457.0,9,7,0,0,7,7,21696,2,0,0,2,0
2020-05-16,US,Texas,Upshur,18,0,0,32.73706798,-94.93999853,48459.0,18,18,0,0,18,17,41260,0,0,0,0,1
2020-05-16,US,Texas,Uvalde,6,0,0,29.35739637,-99.76229172,48463.0,6,6,0,0,6,6,26846,0,0,0,0,0
2020-05-16,US,Texas,Val Verde,13,0,0,29.89149232,-101.1525205,48465.0,13,13,0,0,13,13,49208,0,0,0,0,0
2020-05-16,US,Texas,Van Zandt,22,1,0,32.56483801,-95.83766469,48467.0,21,22,1,0,21,22,56019,0,0,0,0,0
2020-05-16,US,Texas,Victoria,154,6,0,28.79780988,-96.96813006,48469.0,148,154,6,0,148,154,92035,0,0,0,0,0
2020-05-16,US,Texas,Walker,405,19,0,30.73872995,-95.57440968,48471.0,386,374,19,0,355,374,72480,31,0,0,31,0
2020-05-16,US,Texas,Waller,39,0,0,30.01058447,-95.99011759,48473.0,39,38,0,0,38,37,53126,1,0,0,1,1
2020-05-16,US,Texas,Washington,181,22,0,30.21498498,-96.40946246,48477.0,159,179,22,0,157,175,35108,2,0,0,2,4
2020-05-16,US,Texas,Webb,469,17,0,27.7610369,-99.33237355,48479.0,452,451,17,0,434,445,275910,18,0,0,18,6
2020-05-16,US,Texas,Wharton,42,0,0,29.27765923,-96.22319248,48481.0,42,42,0,0,42,42,41619,0,0,0,0,0
2020-05-16,US,Texas,Wheeler,14,0,0,35.40114335,-100.26995140000001,48483.0,14,14,0,0,14,14,5191,0,0,0,0,0
2020-05-16,US,Texas,Wichita,78,2,0,33.98842886,-98.70410340000001,48485.0,76,78,2,0,76,77,132064,0,0,0,0,1
2020-05-16,US,Texas,Wilbarger,5,0,0,34.07945812,-99.24178437,48487.0,5,5,0,0,5,2,12820,0,0,0,0,3
2020-05-16,US,Texas,Willacy,14,1,0,26.47411727,-97.61535848,48489.0,13,14,1,0,13,14,21515,0,0,0,0,0
2020-05-16,US,Texas,Williamson,463,19,0,30.64655664,-97.60048540000001,48491.0,444,451,19,0,432,442,566719,12,0,0,12,9
2020-05-16,US,Texas,Wilson,36,4,0,29.1732598,-98.08693082,48493.0,32,36,4,0,32,36,50224,0,0,0,0,0
2020-05-16,US,Texas,Winkler,3,0,0,31.85008651,-103.04851629999999,48495.0,3,3,0,0,3,3,7720,0,0,0,0,0
2020-05-16,US,Texas,Wise,36,2,0,33.21570665,-97.65460265,48497.0,34,36,2,0,34,36,68305,0,0,0,0,0
2020-05-16,US,Texas,Wood,18,0,0,32.78722382,-95.38236368,48499.0,18,17,0,0,17,15,45129,1,0,0,1,2
2020-05-16,US,Texas,Yoakum,2,0,0,33.17320212,-102.82764329999999,48501.0,2,2,0,0,2,2,8591,0,0,0,0,0
2020-05-16,US,Texas,Young,4,1,0,33.17659707,-98.68790885,48503.0,3,4,1,0,3,4,18045,0,0,0,0,0
2020-05-16,US,Texas,Zapata,7,0,0,27.00156391,-99.16987152,48505.0,7,7,0,0,7,7,14190,0,0,0,0,0
2020-05-16,US,Texas,Zavala,9,0,0,28.86617238,-99.76050829,48507.0,9,9,0,0,9,9,11983,0,0,0,0,0
2020-05-16,US,Utah,Bear River,87,1,0,41.52106798,-113.08328159999999,0.0,86,84,1,0,83,83,,3,0,0,3,1
2020-05-16,US,Utah,Central Utah,29,0,0,39.37231946,-111.5758676,0.0,29,29,0,0,29,29,,0,0,0,0,0
2020-05-16,US,Utah,Davis,363,2,0,40.99001837,-112.1139997,49011.0,361,354,2,0,352,349,351713,9,0,0,9,5
2020-05-16,US,Utah,Salt Lake,3785,53,0,40.66616532,-111.92160109999999,49035.0,3732,3709,52,0,3657,3604,1152633,76,1,0,75,105
2020-05-16,US,Utah,San Juan,177,4,0,37.62762978,-109.80337140000002,49037.0,173,159,4,0,155,154,15449,18,0,0,18,5
2020-05-16,US,Utah,Southeast Utah,14,0,0,38.99617072,-110.70139579999999,0.0,14,13,0,0,13,13,,1,0,0,1,0
2020-05-16,US,Utah,Southwest Utah,209,3,0,37.85447192,-111.4418764,90049.0,206,200,3,0,197,187,,9,0,0,9,13
2020-05-16,US,Utah,Summit,400,0,0,40.86688146,-110.9535882,49043.0,400,396,0,0,396,393,41933,4,0,0,4,3
2020-05-16,US,Utah,Tooele,93,0,0,40.44862644,-113.12957150000001,49045.0,93,86,0,0,86,84,69907,7,0,0,7,2
2020-05-16,US,Utah,TriCounty,19,0,0,40.12491499,-109.5174415,0.0,19,16,0,0,16,16,,3,0,0,3,0
2020-05-16,US,Utah,Utah,1471,11,0,40.116672200000004,-111.66576620000001,49049.0,1460,1455,11,0,1444,1435,622213,16,0,0,16,20
2020-05-16,US,Utah,Wasatch,200,1,0,40.33110236,-111.1691419,49051.0,199,196,1,0,195,188,33240,4,0,0,4,8
2020-05-16,US,Utah,Weber-Morgan,221,3,0,41.27116049,-111.9145117,0.0,218,216,3,0,213,214,,5,0,0,5,2
2020-05-16,US,Vermont,Addison,62,2,0,44.03217337,-73.14130877,50001.0,60,62,2,0,60,62,36973,0,0,0,0,0
2020-05-16,US,Vermont,Bennington,60,1,0,43.03519828,-73.09048868,50003.0,59,60,1,0,59,60,35631,0,0,0,0,0
2020-05-16,US,Vermont,Caledonia,14,0,0,44.46548598,-72.10314651,50005.0,14,14,0,0,14,14,30302,0,0,0,0,0
2020-05-16,US,Vermont,Chittenden,434,37,0,44.46322849,-73.08359212,50007.0,397,433,37,0,396,432,164572,1,0,0,1,1
2020-05-16,US,Vermont,Essex,2,0,0,44.72736416,-71.73579864,50009.0,2,2,0,0,2,2,6250,0,0,0,0,0
2020-05-16,US,Vermont,Franklin,99,5,0,44.85627605,-72.91249563,50011.0,94,99,5,0,94,99,49421,0,0,0,0,0
2020-05-16,US,Vermont,Grand Isle,4,0,0,44.797582399999996,-73.29679772,50013.0,4,4,0,0,4,4,7090,0,0,0,0,0
2020-05-16,US,Vermont,Lamoille,27,1,0,44.60353043,-72.64356694,50015.0,26,27,1,0,26,27,25300,0,0,0,0,0
2020-05-16,US,Vermont,Orange,8,0,0,44.00470222,-72.37640104,50017.0,8,8,0,0,8,8,28999,0,0,0,0,0
2020-05-16,US,Vermont,Orleans,9,0,0,44.82964024,-72.24562697,50019.0,9,9,0,0,9,9,26907,0,0,0,0,0
2020-05-16,US,Vermont,Rutland,49,1,0,43.57723578,-73.03741676,50021.0,48,49,1,0,48,49,58672,0,0,0,0,0
2020-05-16,US,Vermont,Unassigned,4,0,0,0.0,0.0,90050.0,4,4,0,0,4,4,,0,0,0,0,0
2020-05-16,US,Vermont,Washington,38,1,0,44.27343241,-72.61604978,50023.0,37,38,1,0,37,38,58140,0,0,0,0,0
2020-05-16,US,Vermont,Windham,77,3,0,42.986982,-72.71268875,50025.0,74,77,3,0,74,77,42756,0,0,0,0,0
2020-05-16,US,Vermont,Windsor,47,2,0,43.58010937,-72.58595157,50027.0,45,47,2,0,45,47,55286,0,0,0,0,0
2020-05-16,US,Virginia,Accomack,668,9,0,37.76707161,-75.63234615,51001.0,659,648,9,0,639,593,32412,20,0,0,20,55
2020-05-16,US,Virginia,Albemarle,136,4,0,38.02080697,-78.55481085,51003.0,132,133,4,0,129,130,108718,3,0,0,3,3
2020-05-16,US,Virginia,Alexandria,1460,34,0,38.814003,-77.08183073,51510.0,1426,1396,32,0,1364,1349,160530,64,2,0,62,47
2020-05-16,US,Virginia,Alleghany,6,0,0,37.78636074,-80.00222498,51005.0,6,6,0,0,6,6,14910,0,0,0,0,0
2020-05-16,US,Virginia,Amelia,18,1,0,37.34081025,-77.98584649,51007.0,17,17,1,0,16,17,13013,1,0,0,1,0
2020-05-16,US,Virginia,Amherst,24,0,0,37.60308293,-79.14548696,51009.0,24,22,0,0,22,21,31666,2,0,0,2,1
2020-05-16,US,Virginia,Appomattox,23,0,0,37.37569884,-78.81340003,51011.0,23,23,0,0,23,22,15841,0,0,0,0,1
2020-05-16,US,Virginia,Arlington,1560,74,0,38.8767675,-77.10139853,51013.0,1486,1534,71,0,1463,1499,237521,26,3,0,23,35
2020-05-16,US,Virginia,Augusta,82,1,0,38.16404586,-79.12461614,51015.0,81,74,1,0,73,70,75457,8,0,0,8,4
2020-05-16,US,Virginia,Bedford,40,1,0,37.3080028,-79.5281964,51019.0,39,40,1,0,39,40,78747,0,0,0,0,0
2020-05-16,US,Virginia,Botetourt,30,3,0,37.55531756,-79.80982182,51023.0,27,30,3,0,27,30,33277,0,0,0,0,0
2020-05-16,US,Virginia,Bristol,3,0,0,36.616302399999995,-82.16359122,51520.0,3,3,0,0,3,3,16482,0,0,0,0,0
2020-05-16,US,Virginia,Brunswick,20,1,0,36.76366949,-77.8593436,51025.0,19,20,1,0,19,20,16384,0,0,0,0,0
2020-05-16,US,Virginia,Buchanan,16,0,0,37.26818323,-82.03749726,51027.0,16,16,0,0,16,16,21221,0,0,0,0,0
2020-05-16,US,Virginia,Buckingham,411,2,0,37.57242268,-78.52518834,51029.0,409,366,2,0,364,348,16999,45,0,0,45,18
2020-05-16,US,Virginia,Buena Vista,8,0,0,37.73484642,-79.35296097,51530.0,8,8,0,0,8,8,6237,0,0,0,0,0
2020-05-16,US,Virginia,Campbell,13,1,0,37.20553386,-79.09678609,51031.0,12,13,1,0,12,13,54973,0,0,0,0,0
2020-05-16,US,Virginia,Caroline,42,2,0,38.02679129,-77.34901405,51033.0,40,42,2,0,40,41,30772,0,0,0,0,1
2020-05-16,US,Virginia,Carroll,45,0,0,36.73066666,-80.73455942,51035.0,45,42,0,0,42,40,29636,3,0,0,3,2
2020-05-16,US,Virginia,Charles City,22,1,0,37.35358063,-77.05634116,51036.0,21,22,1,0,21,21,6941,0,0,0,0,1
2020-05-16,US,Virginia,Charlotte,11,0,0,37.01909701,-78.66314092,51037.0,11,11,0,0,11,11,11938,0,0,0,0,0
2020-05-16,US,Virginia,Charlottesville,71,2,0,38.03527919,-78.48569588,51540.0,69,71,2,0,69,68,48117,0,0,0,0,3
2020-05-16,US,Virginia,Chesapeake,380,10,0,36.67670048,-76.30545744,51550.0,370,379,10,0,369,362,242634,1,0,0,1,17
2020-05-16,US,Virginia,Chesterfield,978,29,0,37.37373208,-77.58680140000001,51041.0,949,946,29,0,917,909,348556,32,0,0,32,37
2020-05-16,US,Virginia,Clarke,19,0,0,39.11271747,-77.99199425,51043.0,19,17,0,0,17,16,14523,2,0,0,2,1
2020-05-16,US,Virginia,Colonial Heights,76,7,0,37.26420587,-77.39609676,51570.0,69,74,7,0,67,73,17833,2,0,0,2,1
2020-05-16,US,Virginia,Covington,2,0,0,37.7824656,-79.98631446,51580.0,2,2,0,0,2,2,5460,0,0,0,0,0
2020-05-16,US,Virginia,Craig,4,0,0,37.48133648,-80.21072274,51045.0,4,4,0,0,4,4,5064,0,0,0,0,0
2020-05-16,US,Virginia,Culpeper,365,5,0,38.48199985,-77.95630870000002,51047.0,360,343,5,0,338,329,51859,22,0,0,22,14
2020-05-16,US,Virginia,Cumberland,23,0,0,37.51328851,-78.24398086,51049.0,23,18,0,0,18,18,9809,5,0,0,5,0
2020-05-16,US,Virginia,Danville,44,1,0,36.58022376,-79.40395668,51590.0,43,43,1,0,42,43,40693,1,0,0,1,0
2020-05-16,US,Virginia,Dinwiddie,36,0,0,37.07544585,-77.63451754,51053.0,36,36,0,0,36,33,28529,0,0,0,0,3
2020-05-16,US,Virginia,Emporia,50,3,0,36.69455571,-77.53406129,51595.0,47,50,3,0,47,50,5121,0,0,0,0,0
2020-05-16,US,Virginia,Essex,31,0,0,37.93357639,-76.94230311,51057.0,31,30,0,0,30,29,10919,1,0,0,1,1
2020-05-16,US,Virginia,Fairfax,7386,278,0,38.83677558,-77.27565836,51059.0,7108,7159,273,0,6886,6951,1150795,227,5,0,222,208
2020-05-16,US,Virginia,Fairfax,7386,278,0,38.83677558,-77.27565836,51059.0,7108,7159,273,0,6886,6951,24574,227,5,0,222,208
2020-05-16,US,Virginia,Fairfax City,47,3,0,38.85157547,-77.29779640000002,51600.0,44,46,3,0,43,45,24574,1,0,0,1,1
2020-05-16,US,Virginia,Falls Church,42,4,0,38.88485255,-77.17560759,51610.0,38,40,4,0,36,39,14772,2,0,0,2,1
2020-05-16,US,Virginia,Fauquier,211,5,0,38.73564842,-77.80647472,51061.0,206,205,5,0,200,200,70675,6,0,0,6,5
2020-05-16,US,Virginia,Floyd,4,0,0,36.9302126,-80.36738849,51063.0,4,4,0,0,4,4,15795,0,0,0,0,0
2020-05-16,US,Virginia,Fluvanna,81,6,0,37.84157909,-78.27715475,51065.0,75,79,6,0,73,79,26783,2,0,0,2,0
2020-05-16,US,Virginia,Franklin,30,1,0,36.99536167,-79.88023649,51067.0,29,30,1,0,29,30,56195,0,0,0,0,0
2020-05-16,US,Virginia,Franklin,30,1,0,36.99536167,-79.88023649,51067.0,29,30,1,0,29,30,8013,0,0,0,0,0
2020-05-16,US,Virginia,Franklin City,27,1,0,36.6831435,-76.93859681,51620.0,26,27,1,0,26,26,8013,0,0,0,0,1
2020-05-16,US,Virginia,Frederick,209,3,0,39.20172582,-78.25974949,51069.0,206,195,3,0,192,191,88355,14,0,0,14,4
2020-05-16,US,Virginia,Fredericksburg,89,0,0,38.2977863,-77.4922454,51630.0,89,82,0,0,82,80,29144,7,0,0,7,2
2020-05-16,US,Virginia,Galax,77,0,0,36.66601852,-80.91703124,51640.0,77,66,0,0,66,65,6423,11,0,0,11,1
2020-05-16,US,Virginia,Giles,5,0,0,37.31234791,-80.70636931,51071.0,5,5,0,0,5,5,16844,0,0,0,0,0
2020-05-16,US,Virginia,Gloucester,28,1,0,37.40809042,-76.53524337,51073.0,27,28,1,0,27,28,37349,0,0,0,0,0
2020-05-16,US,Virginia,Goochland,87,5,0,37.71714806,-77.90381514,51075.0,82,86,5,0,81,86,23244,1,0,0,1,0
2020-05-16,US,Virginia,Grayson,20,0,0,36.65677234,-81.23215889,51077.0,20,19,0,0,19,18,15631,1,0,0,1,1
2020-05-16,US,Virginia,Greene,19,1,0,38.29545894,-78.46525378,51079.0,18,16,1,0,15,16,19779,3,0,0,3,0
2020-05-16,US,Virginia,Greensville,50,7,0,36.67878901,-77.56351439,51081.0,43,50,7,0,43,49,11627,0,0,0,0,1
2020-05-16,US,Virginia,Halifax,27,0,0,36.76654925,-78.93512622,51083.0,27,27,0,0,27,27,34120,0,0,0,0,0
2020-05-16,US,Virginia,Hampton,158,3,0,37.03513786,-76.35879121,51650.0,155,158,3,0,155,156,134313,0,0,0,0,2
2020-05-16,US,Virginia,Hanover,215,19,0,37.7583355,-77.49464673,51085.0,196,208,19,0,189,198,107239,7,0,0,7,10
2020-05-16,US,Virginia,Harrisonburg,631,21,0,38.43542574,-78.87536254,51660.0,610,620,21,0,599,615,54033,11,0,0,11,5
2020-05-16,US,Virginia,Henrico,1226,113,0,37.53460572,-77.39326555,51087.0,1113,1198,113,0,1085,1174,329261,28,0,0,28,24
2020-05-16,US,Virginia,Henry,34,2,0,36.68542395,-79.87634026,51089.0,32,30,1,0,29,28,50953,4,1,0,3,2
2020-05-16,US,Virginia,Highland,2,0,0,38.35799465,-79.56124594,51091.0,2,2,0,0,2,2,2210,0,0,0,0,0
2020-05-16,US,Virginia,Hopewell,49,0,0,37.29186313,-77.29754684,51670.0,49,49,0,0,49,48,22596,0,0,0,0,1
2020-05-16,US,Virginia,Isle of Wight,115,3,0,36.90579348,-76.70842863,51093.0,112,115,3,0,112,114,36953,0,0,0,0,1
2020-05-16,US,Virginia,James City,179,15,0,37.31156958,-76.76950618,51095.0,164,179,15,0,164,174,76397,0,0,0,0,5
2020-05-16,US,Virginia,King George,47,4,0,38.26818502,-77.15852768,51099.0,43,45,4,0,41,44,26575,2,0,0,2,1
2020-05-16,US,Virginia,King William,14,1,0,37.70965316,-77.09384941,51101.0,13,13,1,0,12,12,16939,1,0,0,1,1
2020-05-16,US,Virginia,King and Queen,7,0,0,37.71044922,-76.88689628,51097.0,7,7,0,0,7,7,7042,0,0,0,0,0
2020-05-16,US,Virginia,Lancaster,7,0,0,37.71889653,-76.46400482,51103.0,7,7,0,0,7,7,10783,0,0,0,0,0
2020-05-16,US,Virginia,Lee,10,0,0,36.70586667,-83.12606515,51105.0,10,10,0,0,10,10,23541,0,0,0,0,0
2020-05-16,US,Virginia,Lexington,5,0,0,37.78258621,-79.44262866,51678.0,5,5,0,0,5,5,7136,0,0,0,0,0
2020-05-16,US,Virginia,Loudoun,1430,48,0,39.08990083,-77.63481877,51107.0,1382,1374,48,0,1326,1339,406850,56,0,0,56,35
2020-05-16,US,Virginia,Louisa,59,0,0,37.97850256,-77.96274807,51109.0,59,59,0,0,59,59,36778,0,0,0,0,0
2020-05-16,US,Virginia,Lunenburg,7,0,0,36.94618528,-78.24133319,51111.0,7,7,0,0,7,6,12086,0,0,0,0,1
2020-05-16,US,Virginia,Lynchburg,73,1,0,37.40021399,-79.19888138,51680.0,72,73,1,0,72,73,82126,0,0,0,0,0
2020-05-16,US,Virginia,Madison,24,1,0,38.41531222,-78.28220331,51113.0,23,23,1,0,22,23,13295,1,0,0,1,0
2020-05-16,US,Virginia,Manassas,574,5,0,38.7464321,-77.48509905,51683.0,569,533,5,0,528,515,41641,41,0,0,41,18
2020-05-16,US,Virginia,Manassas Park,183,3,0,38.77058531,-77.44399307,51685.0,180,176,3,0,173,170,17307,7,0,0,7,6
2020-05-16,US,Virginia,Martinsville,4,0,0,36.68212094,-79.86352771,51690.0,4,3,0,0,3,3,12902,1,0,0,1,0
2020-05-16,US,Virginia,Mathews,5,0,0,37.44164146,-76.34098896,51115.0,5,5,0,0,5,5,8802,0,0,0,0,0
2020-05-16,US,Virginia,Mecklenburg,164,16,0,36.67882005,-78.36131056,51117.0,148,152,15,0,137,146,30650,12,1,0,11,6
2020-05-16,US,Virginia,Middlesex,12,0,0,37.63191998,-76.55064617,51119.0,12,11,0,0,11,11,10769,1,0,0,1,0
2020-05-16,US,Virginia,Montgomery,66,1,0,37.17746986,-80.37868691,51121.0,65,66,1,0,65,66,98985,0,0,0,0,0
2020-05-16,US,Virginia,Nelson,12,0,0,37.78790447,-78.88498513,51125.0,12,12,0,0,12,12,14836,0,0,0,0,0
2020-05-16,US,Virginia,New Kent,26,1,0,37.50694406,-76.99828634,51127.0,25,26,1,0,25,28,22391,0,0,0,0,-2
2020-05-16,US,Virginia,Newport News,187,10,0,37.08166899,-76.51754109,51700.0,177,184,10,0,174,179,178626,3,0,0,3,5
2020-05-16,US,Virginia,Norfolk,350,5,0,36.89934014,-76.26420872,51710.0,345,349,5,0,344,338,244076,1,0,0,1,11
2020-05-16,US,Virginia,Northampton,196,8,0,37.34062933,-75.87751591,51131.0,188,193,7,0,186,184,11735,3,1,0,2,9
2020-05-16,US,Virginia,Northumberland,17,1,0,37.89202088,-76.41949732,51133.0,16,15,1,0,14,15,12147,2,0,0,2,0
2020-05-16,US,Virginia,Norton,2,0,0,36.93357076,-82.62750411,51720.0,2,2,0,0,2,2,3968,0,0,0,0,0
2020-05-16,US,Virginia,Nottoway,16,0,0,37.1435975,-78.05065922,51135.0,16,16,0,0,16,14,15420,0,0,0,0,2
2020-05-16,US,Virginia,Orange,53,0,0,38.24530219,-78.01560400000002,51137.0,53,51,0,0,51,50,36644,2,0,0,2,1
2020-05-16,US,Virginia,Page,158,16,0,38.61807452,-78.48797204,51139.0,142,145,16,0,129,143,23933,13,0,0,13,2
2020-05-16,US,Virginia,Patrick,6,0,0,36.680163799999995,-80.2865648,51141.0,6,6,0,0,6,6,17673,0,0,0,0,0
2020-05-16,US,Virginia,Petersburg,58,2,0,37.20530399,-77.39368102,51730.0,56,58,2,0,56,57,31567,0,0,0,0,1
2020-05-16,US,Virginia,Pittsylvania,23,1,0,36.81980341,-79.39731264,51143.0,22,18,1,0,17,17,60949,5,0,0,5,1
2020-05-16,US,Virginia,Poquoson,7,0,0,37.14259351,-76.35798148,51735.0,7,7,0,0,7,7,12190,0,0,0,0,0
2020-05-16,US,Virginia,Portsmouth,222,10,0,36.85914825,-76.35971629,51740.0,212,219,10,0,209,217,94632,3,0,0,3,2
2020-05-16,US,Virginia,Powhatan,24,0,0,37.55016038,-77.91267882,51145.0,24,23,0,0,23,23,29189,1,0,0,1,0
2020-05-16,US,Virginia,Prince Edward,73,2,0,37.22554789,-78.43597949,51147.0,71,72,2,0,70,72,22950,1,0,0,1,0
2020-05-16,US,Virginia,Prince George,49,0,0,37.18497668,-77.22922187,51149.0,49,49,0,0,49,48,38082,0,0,0,0,1
2020-05-16,US,Virginia,Prince William,3563,69,0,38.70916224,-77.48713689,51153.0,3494,3421,67,0,3354,3351,468011,142,2,0,140,70
2020-05-16,US,Virginia,Pulaski,10,0,0,37.06474963,-80.71229738,51155.0,10,10,0,0,10,10,34066,0,0,0,0,0
2020-05-16,US,Virginia,Radford,3,0,0,37.12222899,-80.56027320000003,51750.0,3,3,0,0,3,3,18339,0,0,0,0,0
2020-05-16,US,Virginia,Rappahannock,12,0,0,38.68295619,-78.15826963,51157.0,12,11,0,0,11,10,7252,1,0,0,1,1
2020-05-16,US,Virginia,Richmond,204,4,0,37.937575,-76.72920628,51159.0,200,201,4,0,197,203,9038,3,0,0,3,-2
2020-05-16,US,Virginia,Richmond City,741,18,0,37.53255773,-77.47966921,51760.0,723,665,18,0,647,611,228783,76,0,0,76,54
2020-05-16,US,Virginia,Roanoke,84,3,0,37.26865804,-80.06396753,51161.0,81,83,1,0,82,83,94073,1,2,0,-1,0
2020-05-16,US,Virginia,Roanoke City,120,8,0,37.27791025,-79.96189766,51770.0,112,120,1,0,119,120,99920,0,7,0,-7,0
2020-05-16,US,Virginia,Rockbridge,11,0,0,37.81204314,-79.44605905,51163.0,11,10,0,0,10,11,22752,1,0,0,1,-1
2020-05-16,US,Virginia,Rockingham,387,2,0,38.51006137,-78.87260325,51165.0,385,388,2,0,386,381,81244,-1,0,0,-1,7
2020-05-16,US,Virginia,Russell,8,0,0,36.93028320000001,-82.10095486,51167.0,8,6,0,0,6,6,26748,2,0,0,2,0
2020-05-16,US,Virginia,Salem,32,0,0,37.2836193,-80.06219455,51775.0,32,32,0,0,32,32,25643,0,0,0,0,0
2020-05-16,US,Virginia,Scott,7,2,0,36.71466456,-82.60171704,51169.0,5,7,2,0,5,7,21534,0,0,0,0,0
2020-05-16,US,Virginia,Shenandoah,297,11,0,38.85905135,-78.56813762,51171.0,286,285,10,0,275,278,43497,12,1,0,11,7
2020-05-16,US,Virginia,Smyth,15,0,0,36.84455636,-81.53344948,51173.0,15,15,0,0,15,15,30472,0,0,0,0,0
2020-05-16,US,Virginia,Southampton,135,2,0,36.72231125,-77.10642712,51175.0,133,135,2,0,133,134,17586,0,0,0,0,1
2020-05-16,US,Virginia,Spotsylvania,304,4,0,38.18574462,-77.655399,51177.0,300,291,4,0,287,282,134238,13,0,0,13,9
2020-05-16,US,Virginia,Stafford,458,4,0,38.41758738,-77.45917053,51179.0,454,442,4,0,438,426,149960,16,0,0,16,16
2020-05-16,US,Virginia,Staunton,33,0,0,38.15965544,-79.05979937,51790.0,33,34,0,0,34,23,24922,-1,0,0,-1,11
2020-05-16,US,Virginia,Suffolk,260,22,0,36.70155394,-76.63603554,51800.0,238,255,22,0,233,221,91185,5,0,0,5,34
2020-05-16,US,Virginia,Surry,6,1,0,37.11781893,-76.88450012,51181.0,5,6,1,0,5,6,6474,0,0,0,0,0
2020-05-16,US,Virginia,Sussex,80,1,0,36.92432914,-77.25791182,51183.0,79,67,1,0,66,53,11237,13,0,0,13,14
2020-05-16,US,Virginia,Tazewell,6,0,0,37.12191123,-81.56685568,51185.0,6,6,0,0,6,6,40855,0,0,0,0,0
2020-05-16,US,Virginia,Virginia Beach,539,19,0,36.73285734,-76.04566934,51810.0,520,535,19,0,516,528,450189,4,0,0,4,7
2020-05-16,US,Virginia,Warren,96,2,0,38.90847745,-78.20280433,51187.0,94,94,2,0,92,90,40003,2,0,0,2,4
2020-05-16,US,Virginia,Washington,49,3,0,36.72341572,-81.95666289,51191.0,46,49,3,0,46,49,54402,0,0,0,0,0
2020-05-16,US,Virginia,Waynesboro,22,0,0,38.06451466,-78.90293905,51820.0,22,22,0,0,22,21,22628,0,0,0,0,1
2020-05-16,US,Virginia,Westmoreland,42,0,0,38.11021557,-76.80213247,51193.0,42,42,0,0,42,42,17830,0,0,0,0,0
2020-05-16,US,Virginia,Williamsburg,43,3,0,37.28131268,-76.70905141,51830.0,40,42,3,0,39,42,14896,1,0,0,1,0
2020-05-16,US,Virginia,Winchester,80,1,0,39.17054517,-78.17325058,51840.0,79,79,1,0,78,75,28108,1,0,0,1,4
2020-05-16,US,Virginia,Wise,23,2,0,36.9746148,-82.62410519,51195.0,21,23,2,0,21,23,38012,0,0,0,0,0
2020-05-16,US,Virginia,Wythe,16,1,0,36.91582035,-81.07834059,51197.0,15,15,1,0,14,15,28754,1,0,0,1,0
2020-05-16,US,Virginia,York,62,3,0,37.24374789,-76.54412815,51199.0,59,62,3,0,59,61,67846,0,0,0,0,1
2020-05-16,US,Washington,Adams,50,0,0,46.98299757,-118.56017340000001,53001.0,50,50,0,0,50,50,19759,0,0,0,0,0
2020-05-16,US,Washington,Asotin,18,2,0,46.18894415,-117.2022851,53003.0,16,18,2,0,16,18,22610,0,0,0,0,0
2020-05-16,US,Washington,Benton,627,55,0,46.23946995,-119.51208340000001,53005.0,572,615,55,0,560,605,201877,12,0,0,12,10
2020-05-16,US,Washington,Chelan,172,6,0,47.87046092,-120.6173956,53007.0,166,170,6,0,164,163,77036,2,0,0,2,7
2020-05-16,US,Washington,Clallam,21,0,0,48.04754642,-123.92263190000001,53009.0,21,21,0,0,21,19,76737,0,0,0,0,2
2020-05-16,US,Washington,Clark,386,22,0,45.77568046,-122.48292040000001,53011.0,364,382,22,0,360,380,481857,4,0,0,4,2
2020-05-16,US,Washington,Columbia,1,0,0,46.29442881,-117.9051983,53013.0,1,1,0,0,1,1,4059,0,0,0,0,0
2020-05-16,US,Washington,Cowlitz,68,0,0,46.19074721,-122.6782231,53015.0,68,68,0,0,68,68,108987,0,0,0,0,0
2020-05-16,US,Washington,Douglas,125,3,0,47.7361335,-119.69293700000001,53017.0,122,124,3,0,121,120,42907,1,0,0,1,4
2020-05-16,US,Washington,Ferry,1,0,0,48.471143100000006,-118.5154041,53019.0,1,1,0,0,1,1,7649,0,0,0,0,0
2020-05-16,US,Washington,Franklin,441,17,0,46.53351425,-118.9018212,53021.0,424,433,17,0,416,427,94347,8,0,0,8,6
2020-05-16,US,Washington,Grant,185,3,0,47.20753737,-119.4500749,53025.0,182,185,3,0,182,185,97331,0,0,0,0,0
2020-05-16,US,Washington,Grays Harbor,15,0,0,47.14003705,-123.7820567,53027.0,15,14,0,0,14,13,73901,1,0,0,1,1
2020-05-16,US,Washington,Island,176,10,0,48.14713305,-122.5216407,53029.0,166,176,10,0,166,176,84460,0,0,0,0,0
2020-05-16,US,Washington,Jefferson,30,0,0,47.75003077,-123.56097040000002,53031.0,30,29,0,0,29,29,31729,1,0,0,1,0
2020-05-16,US,Washington,King,7426,526,0,47.49137892,-121.8346131,53033.0,6900,7325,521,0,6804,7290,2233163,101,5,0,96,35
2020-05-16,US,Washington,Kitsap,159,2,0,47.63479026,-122.6436061,53035.0,157,157,2,0,155,157,269805,2,0,0,2,0
2020-05-16,US,Washington,Kittitas,51,0,0,47.12521214,-120.67943899999999,53037.0,51,47,0,0,47,39,47364,4,0,0,4,8
2020-05-16,US,Washington,Klickitat,22,3,0,45.87325839,-120.7913598,53039.0,19,22,3,0,19,22,22107,0,0,0,0,0
2020-05-16,US,Washington,Lewis,34,3,0,46.57756476,-122.39257690000001,53041.0,31,32,3,0,29,32,79604,2,0,0,2,0
2020-05-16,US,Washington,Lincoln,2,0,0,47.57705241,-118.41943880000001,53043.0,2,2,0,0,2,2,10740,0,0,0,0,0
2020-05-16,US,Washington,Mason,30,1,0,47.35007586,-123.1863685,53045.0,29,30,1,0,29,30,65507,0,0,0,0,0
2020-05-16,US,Washington,Okanogan,37,1,0,48.54855019,-119.73872240000001,53047.0,36,35,1,0,34,31,42132,2,0,0,2,4
2020-05-16,US,Washington,Pacific,9,1,0,46.55418369,-123.7285716,53049.0,8,9,1,0,8,9,22036,0,0,0,0,0
2020-05-16,US,Washington,Pend Oreille,2,0,0,48.53234021,-117.2741804,53051.0,2,2,0,0,2,2,13602,0,0,0,0,0
2020-05-16,US,Washington,Pierce,1654,62,0,47.03892768,-122.14059579999999,53053.0,1592,1636,61,0,1575,1626,891299,18,1,0,17,10
2020-05-16,US,Washington,San Juan,15,0,0,48.60182783,-122.96745,53055.0,15,15,0,0,15,15,17128,0,0,0,0,0
2020-05-16,US,Washington,Skagit,425,14,0,48.48171488,-121.766131,53057.0,411,423,14,0,409,416,128206,2,0,0,2,7
2020-05-16,US,Washington,Skamania,3,0,0,46.02408726,-121.91644029999999,53059.0,3,3,0,0,3,3,11924,0,0,0,0,0
2020-05-16,US,Washington,Snohomish,2773,125,0,48.04615983,-121.7170703,53061.0,2648,2756,125,0,2631,2739,814901,17,0,0,17,17
2020-05-16,US,Washington,Spokane,396,30,0,47.62113146,-117.4046494,53063.0,366,393,30,0,363,393,514631,3,0,0,3,0
2020-05-16,US,Washington,Stevens,9,1,0,48.40035475,-117.8542701,53065.0,8,9,1,0,8,9,45260,0,0,0,0,0
2020-05-16,US,Washington,Thurston,123,1,0,46.9291895,-122.82906559999999,53067.0,122,122,1,0,121,123,286419,1,0,0,1,-1
2020-05-16,US,Washington,Unassigned,112,0,0,0.0,0.0,90053.0,112,125,0,0,125,110,,-13,0,0,-13,15
2020-05-16,US,Washington,Wahkiakum,4,0,0,46.29180039999999,-123.4250831,53069.0,4,4,0,0,4,4,4426,0,0,0,0,0
2020-05-16,US,Washington,Walla Walla,106,2,0,46.23040051,-118.4775539,53071.0,104,105,2,0,103,105,60922,1,0,0,1,0
2020-05-16,US,Washington,Whatcom,347,35,0,48.82227976,-121.74900179999999,53073.0,312,344,35,0,309,343,225685,3,0,0,3,1
2020-05-16,US,Washington,Whitman,16,0,0,46.90022523,-117.52417630000001,53075.0,16,16,0,0,16,16,49791,0,0,0,0,0
2020-05-16,US,Washington,Yakima,2217,74,0,46.45738486,-120.73801259999999,53077.0,2143,2052,72,0,1980,2002,251446,165,2,0,163,50
2020-05-16,US,West Virginia,Barbour,7,1,0,39.1307219,-80.00350858,54001.0,6,7,1,0,6,7,16535,0,0,0,0,0
2020-05-16,US,West Virginia,Berkeley,207,6,0,39.46704621,-78.02414609,54003.0,201,205,6,0,199,200,117123,2,0,0,2,5
2020-05-16,US,West Virginia,Boone,9,0,0,38.01974191,-81.69888019,54005.0,9,9,0,0,9,9,21951,0,0,0,0,0
2020-05-16,US,West Virginia,Braxton,2,0,0,38.70036159,-80.72011184,54007.0,2,2,0,0,2,2,14089,0,0,0,0,0
2020-05-16,US,West Virginia,Brooke,3,0,0,40.27367263,-80.57915332,54009.0,3,3,0,0,3,3,22203,0,0,0,0,0
2020-05-16,US,West Virginia,Cabell,56,0,0,38.42424062,-82.23855912,54011.0,56,55,0,0,55,53,93224,1,0,0,1,2
2020-05-16,US,West Virginia,Calhoun,1,0,0,38.84315422,-81.11934872,54013.0,1,,,,,,7254,,,,,
2020-05-16,US,West Virginia,Clay,2,0,0,38.46231092,-81.07652217,54015.0,2,2,0,0,2,2,8632,0,0,0,0,0
2020-05-16,US,West Virginia,Fayette,38,0,0,38.02974928,-81.08286634,54019.0,38,38,0,0,38,36,43018,0,0,0,0,2
2020-05-16,US,West Virginia,Gilmer,8,0,0,38.9251277,-80.85952723,54021.0,8,8,0,0,8,8,8026,0,0,0,0,0
2020-05-16,US,West Virginia,Grant,6,0,0,39.10314817,-79.19440518,54023.0,6,6,0,0,6,6,11626,0,0,0,0,0
2020-05-16,US,West Virginia,Greenbrier,8,0,0,37.9463652,-80.45335881,54025.0,8,8,0,0,8,8,34786,0,0,0,0,0
2020-05-16,US,West Virginia,Hampshire,12,1,0,39.32103553,-78.60826476,54027.0,11,12,1,0,11,11,23347,0,0,0,0,1
2020-05-16,US,West Virginia,Hancock,12,0,0,40.51943859,-80.57461608,54029.0,12,12,0,0,12,12,29094,0,0,0,0,0
2020-05-16,US,West Virginia,Hardy,25,0,0,39.00683177,-78.85855301,54031.0,25,25,0,0,25,25,13775,0,0,0,0,0
2020-05-16,US,West Virginia,Harrison,35,1,0,39.2853852,-80.37919577,54033.0,34,34,1,0,33,34,67554,1,0,0,1,0
2020-05-16,US,West Virginia,Jackson,136,17,0,38.84263974,-81.68148753,54035.0,119,137,17,0,120,137,28706,-1,0,0,-1,0
2020-05-16,US,West Virginia,Jefferson,98,1,0,39.30776166,-77.86014147,54037.0,97,97,1,0,96,95,56811,1,0,0,1,2
2020-05-16,US,West Virginia,Kanawha,206,15,0,38.33860077,-81.52857054,54039.0,191,202,15,0,187,198,180454,4,0,0,4,4
2020-05-16,US,West Virginia,Lewis,4,0,0,38.9947249,-80.49988181,54041.0,4,4,0,0,4,4,16024,0,0,0,0,0
2020-05-16,US,West Virginia,Lincoln,5,0,0,38.172154,-82.07017953,54043.0,5,5,0,0,5,5,20599,0,0,0,0,0
2020-05-16,US,West Virginia,Logan,14,1,0,37.8299889,-81.93528571,54045.0,13,14,1,0,13,14,32607,0,0,0,0,0
2020-05-16,US,West Virginia,Marion,47,2,0,39.50984542,-80.24244659,54049.0,45,46,2,0,44,47,56097,1,0,0,1,-1
2020-05-16,US,West Virginia,Marshall,23,0,0,39.86064362,-80.66591062,54051.0,23,23,0,0,23,23,30785,0,0,0,0,0
2020-05-16,US,West Virginia,Mason,15,0,0,38.77071799,-82.02524219,54053.0,15,14,0,0,14,14,26718,1,0,0,1,0
2020-05-16,US,West Virginia,McDowell,6,0,0,37.38002939,-81.65083669,54047.0,6,6,0,0,6,6,18223,0,0,0,0,0
2020-05-16,US,West Virginia,Mercer,12,0,0,37.40481169,-81.11023142,54055.0,12,12,0,0,12,12,59131,0,0,0,0,0
2020-05-16,US,West Virginia,Mineral,27,0,0,39.41561583,-78.94104895,54057.0,27,26,0,0,26,25,26940,1,0,0,1,1
2020-05-16,US,West Virginia,Mingo,4,1,0,37.73048351,-82.13338365,54059.0,3,3,1,0,2,3,23785,1,0,0,1,0
2020-05-16,US,West Virginia,Monongalia,115,5,0,39.63218457,-80.04766838,54061.0,110,114,5,0,109,114,106420,1,0,0,1,0
2020-05-16,US,West Virginia,Monroe,6,0,0,37.56274716,-80.54577965,54063.0,6,6,0,0,6,6,13280,0,0,0,0,0
2020-05-16,US,West Virginia,Morgan,17,0,0,39.55439028,-78.26311676,54065.0,17,17,0,0,17,17,17787,0,0,0,0,0
2020-05-16,US,West Virginia,Nicholas,9,1,0,38.29617706,-80.79759588,54067.0,8,9,1,0,8,9,24842,0,0,0,0,0
2020-05-16,US,West Virginia,Ohio,38,1,0,40.0955451,-80.62203992,54069.0,37,37,1,0,36,37,41755,1,0,0,1,0
2020-05-16,US,West Virginia,Pendleton,5,0,0,38.68314479,-79.35084086,54071.0,5,5,0,0,5,5,6997,0,0,0,0,0
2020-05-16,US,West Virginia,Pleasants,2,0,0,39.37091679,-81.16771771,54073.0,2,2,0,0,2,2,7507,0,0,0,0,0
2020-05-16,US,West Virginia,Pocahontas,4,0,0,38.32758728,-80.00993811,54075.0,4,2,0,0,2,2,8414,2,0,0,2,0
2020-05-16,US,West Virginia,Preston,15,0,0,39.46770987,-79.66712803,54077.0,15,15,0,0,15,14,33839,0,0,0,0,1
2020-05-16,US,West Virginia,Putnam,29,0,0,38.50782345,-81.9082131,54079.0,29,29,0,0,29,29,56682,0,0,0,0,0
2020-05-16,US,West Virginia,Raleigh,10,0,0,37.76936795,-81.2456041,54081.0,10,10,0,0,10,10,74254,0,0,0,0,0
2020-05-16,US,West Virginia,Randolph,5,0,0,38.769899,-79.87919615,54083.0,5,5,0,0,5,5,28823,0,0,0,0,0
2020-05-16,US,West Virginia,Ritchie,1,0,0,39.18094587,-81.06356878,54085.0,1,1,0,0,1,1,9721,0,0,0,0,0
2020-05-16,US,West Virginia,Roane,9,0,0,38.71622686,-81.35243568,54087.0,9,8,0,0,8,8,13932,1,0,0,1,0
2020-05-16,US,West Virginia,Summers,1,0,0,37.65390597,-80.86009693,54089.0,1,1,0,0,1,1,12760,0,0,0,0,0
2020-05-16,US,West Virginia,Taylor,8,0,0,39.33602617,-80.0421439,54091.0,8,8,0,0,8,8,16862,0,0,0,0,0
2020-05-16,US,West Virginia,Tucker,4,0,0,39.11240885,-79.57053576,54093.0,4,4,0,0,4,4,6955,0,0,0,0,0
2020-05-16,US,West Virginia,Tyler,3,0,0,39.46811972,-80.88772676,54095.0,3,3,0,0,3,3,8746,0,0,0,0,0
2020-05-16,US,West Virginia,Upshur,6,0,0,38.89285061,-80.23689136,54097.0,6,6,0,0,6,6,24415,0,0,0,0,0
2020-05-16,US,West Virginia,Wayne,96,9,0,38.14901357,-82.42287994,54099.0,87,95,9,0,86,93,39944,1,0,0,1,2
2020-05-16,US,West Virginia,Wetzel,7,0,0,39.6065771,-80.64016540000001,54103.0,7,6,0,0,6,6,15270,1,0,0,1,0
2020-05-16,US,West Virginia,Wirt,3,0,0,39.02775007,-81.37473928,54105.0,3,3,0,0,3,3,5830,0,0,0,0,0
2020-05-16,US,West Virginia,Wood,47,2,0,39.20967886,-81.5162836,54107.0,45,45,2,0,43,44,84203,2,0,0,2,1
2020-05-16,US,West Virginia,Wyoming,2,0,0,37.612327,-81.54511071,54109.0,2,1,0,0,1,1,20786,1,0,0,1,0
2020-05-16,US,Wisconsin,Adams,4,1,0,43.96974651,-89.76782777,55001.0,3,4,1,0,3,4,20348,0,0,0,0,0
2020-05-16,US,Wisconsin,Ashland,2,0,0,46.31956891,-90.67837132,55003.0,2,2,0,0,2,2,15600,0,0,0,0,0
2020-05-16,US,Wisconsin,Barron,11,0,0,45.42372701,-91.84833627,55005.0,11,11,0,0,11,11,45164,0,0,0,0,0
2020-05-16,US,Wisconsin,Bayfield,3,1,0,46.52868768,-91.19716729,55007.0,2,3,1,0,2,3,15042,0,0,0,0,0
2020-05-16,US,Wisconsin,Brown,2070,22,0,44.452655299999996,-88.00411844,55009.0,2048,2034,21,0,2013,1999,263378,36,1,0,35,35
2020-05-16,US,Wisconsin,Buffalo,5,1,0,44.37835084,-91.75332578,55011.0,4,5,1,0,4,5,13125,0,0,0,0,0
2020-05-16,US,Wisconsin,Burnett,1,1,0,45.86303537,-92.36711412,55013.0,0,1,1,0,0,1,15392,0,0,0,0,0
2020-05-16,US,Wisconsin,Calumet,56,1,0,44.0816316,-88.21780273,55015.0,55,55,1,0,54,46,50159,1,0,0,1,9
2020-05-16,US,Wisconsin,Chippewa,39,0,0,45.06939744,-91.28068855,55017.0,39,37,0,0,37,33,64135,2,0,0,2,4
2020-05-16,US,Wisconsin,Clark,26,4,0,44.73483377,-90.61207486,55019.0,22,25,4,0,21,25,34709,1,0,0,1,0
2020-05-16,US,Wisconsin,Columbia,36,1,0,43.46492199,-89.33589004,55021.0,35,34,1,0,33,34,57358,2,0,0,2,0
2020-05-16,US,Wisconsin,Crawford,22,0,0,43.23870316,-90.93073686,55023.0,22,20,0,0,20,18,16291,2,0,0,2,2
2020-05-16,US,Wisconsin,Dane,519,25,0,43.06601594,-89.41733797,55025.0,494,507,25,0,482,494,542364,12,0,0,12,13
2020-05-16,US,Wisconsin,Dodge,93,1,0,43.41576662,-88.70928178,55027.0,92,87,1,0,86,83,87847,6,0,0,6,4
2020-05-16,US,Wisconsin,Door,33,3,0,44.95856458,-87.30002707,55029.0,30,29,3,0,26,23,27610,4,0,0,4,6
2020-05-16,US,Wisconsin,Douglas,12,0,0,46.43222285,-91.91595768,55031.0,12,12,0,0,12,12,43208,0,0,0,0,0
2020-05-16,US,Wisconsin,Dunn,21,0,0,44.94562799,-91.8962481,55033.0,21,20,0,0,20,20,45131,1,0,0,1,0
2020-05-16,US,Wisconsin,Eau Claire,65,0,0,44.726614,-91.28609183,55035.0,65,65,0,0,65,63,104534,0,0,0,0,2
2020-05-16,US,Wisconsin,Florence,2,0,0,45.84963535,-88.39804137,55037.0,2,2,0,0,2,2,4321,0,0,0,0,0
2020-05-16,US,Wisconsin,Fond du Lac,124,3,0,43.75354908,-88.48885325,55039.0,121,119,3,0,116,119,103066,5,0,0,5,0
2020-05-16,US,Wisconsin,Forest,7,0,0,45.66678019,-88.77084892,55041.0,7,5,0,0,5,5,8991,2,0,0,2,0
2020-05-16,US,Wisconsin,Grant,72,10,0,42.8671731,-90.7063218,55043.0,62,72,10,0,62,71,51554,0,0,0,0,1
2020-05-16,US,Wisconsin,Green,41,0,0,42.6794956,-89.60243287,55045.0,41,39,0,0,39,39,36929,2,0,0,2,0
2020-05-16,US,Wisconsin,Green Lake,10,0,0,43.80025981,-89.04679553,55047.0,10,10,0,0,10,10,18918,0,0,0,0,0
2020-05-16,US,Wisconsin,Iowa,11,0,0,43.00050278,-90.13469017,55049.0,11,11,0,0,11,11,23771,0,0,0,0,0
2020-05-16,US,Wisconsin,Iron,2,1,0,46.26302338,-90.24295041,55051.0,1,2,1,0,1,2,5676,0,0,0,0,0
2020-05-16,US,Wisconsin,Jackson,15,1,0,44.31864893,-90.80566792,55053.0,14,15,1,0,14,15,20478,0,0,0,0,0
2020-05-16,US,Wisconsin,Jefferson,58,2,0,43.02054068,-88.77529134,55055.0,56,58,2,0,56,56,85129,0,0,0,0,2
2020-05-16,US,Wisconsin,Juneau,21,1,0,43.92456975,-90.11120239,55057.0,20,21,1,0,20,21,26617,0,0,0,0,0
2020-05-16,US,Wisconsin,Kenosha,820,18,0,42.57639354,-88.04051686,55059.0,802,780,17,0,763,762,169290,40,1,0,39,18
2020-05-16,US,Wisconsin,Kewaunee,30,1,0,44.51727459,-87.61468386,55061.0,29,30,1,0,29,29,20383,0,0,0,0,1
2020-05-16,US,Wisconsin,La Crosse,44,0,0,43.90632465,-91.11451093,55063.0,44,42,0,0,42,37,118230,2,0,0,2,5
2020-05-16,US,Wisconsin,Lafayette,16,0,0,42.66005229,-90.1317729,55065.0,16,16,0,0,16,15,16665,0,0,0,0,1
2020-05-16,US,Wisconsin,Lincoln,3,0,0,45.33737523,-89.73411273,55069.0,3,2,0,0,2,2,27689,1,0,0,1,0
2020-05-16,US,Wisconsin,Manitowoc,21,1,0,44.11946801,-87.80928853,55071.0,20,21,1,0,20,20,79074,0,0,0,0,1
2020-05-16,US,Wisconsin,Marathon,32,1,0,44.89792533,-89.75863384,55073.0,31,31,1,0,30,29,135428,1,0,0,1,2
2020-05-16,US,Wisconsin,Marinette,23,2,0,45.38553432,-88.03324599999998,55075.0,21,21,2,0,19,21,40434,2,0,0,2,0
2020-05-16,US,Wisconsin,Marquette,3,1,0,43.81911946,-89.40073763,55077.0,2,3,1,0,2,3,15434,0,0,0,0,0
2020-05-16,US,Wisconsin,Menominee,2,0,0,45.00422544,-88.70950714,55078.0,2,2,0,0,2,2,4658,0,0,0,0,0
2020-05-16,US,Wisconsin,Milwaukee,4759,252,0,43.00486062,-87.96733172,55079.0,4507,4535,249,0,4286,4387,948201,224,3,0,221,148
2020-05-16,US,Wisconsin,Monroe,15,1,0,43.94641218,-90.61881899999999,55081.0,14,15,1,0,14,15,46051,0,0,0,0,0
2020-05-16,US,Wisconsin,Oconto,30,0,0,45.02715345,-88.26807503,55083.0,30,30,0,0,30,28,37830,0,0,0,0,2
2020-05-16,US,Wisconsin,Oneida,7,0,0,45.70677897,-89.51944105,55085.0,7,7,0,0,7,7,35470,0,0,0,0,0
2020-05-16,US,Wisconsin,Outagamie,135,4,0,44.41578887,-88.46565023,55087.0,131,128,4,0,124,124,187365,7,0,0,7,4
2020-05-16,US,Wisconsin,Ozaukee,120,11,0,43.38352225,-87.94625009,55089.0,109,119,10,0,109,113,89147,1,1,0,0,6
2020-05-16,US,Wisconsin,Pepin,1,0,0,44.58307413,-91.99949611,55091.0,1,1,0,0,1,1,7289,0,0,0,0,0
2020-05-16,US,Wisconsin,Pierce,17,0,0,44.71850291,-92.4224416,55093.0,17,16,0,0,16,15,42555,1,0,0,1,1
2020-05-16,US,Wisconsin,Polk,6,0,0,45.46130348,-92.44182875,55095.0,6,6,0,0,6,6,43598,0,0,0,0,0
2020-05-16,US,Wisconsin,Portage,7,0,0,44.47558711,-89.50152965,55097.0,7,7,0,0,7,7,70942,0,0,0,0,0
2020-05-16,US,Wisconsin,Price,1,0,0,45.68051754,-90.36098879999999,55099.0,1,1,0,0,1,1,13397,0,0,0,0,0
2020-05-16,US,Wisconsin,Racine,1004,18,0,42.74753117,-88.05941254,55101.0,986,920,18,0,902,833,196584,84,0,0,84,87
2020-05-16,US,Wisconsin,Richland,14,3,0,43.3762778,-90.43012729,55103.0,11,13,2,0,11,13,17377,1,1,0,0,0
2020-05-16,US,Wisconsin,Rock,422,14,0,42.67151616,-89.07147900000002,55105.0,408,406,14,0,392,393,163129,16,0,0,16,13
2020-05-16,US,Wisconsin,Rusk,4,0,0,45.47498854,-91.1333012,55107.0,4,4,0,0,4,4,14147,0,0,0,0,0
2020-05-16,US,Wisconsin,Sauk,77,3,0,43.42574087,-89.94966132,55111.0,74,76,3,0,73,74,64249,1,0,0,1,2
2020-05-16,US,Wisconsin,Sawyer,4,0,0,45.87931905,-91.14504927,55113.0,4,4,0,0,4,4,16489,0,0,0,0,0
2020-05-16,US,Wisconsin,Shawano,31,0,0,44.78902246,-88.76443896,55115.0,31,29,0,0,29,28,40796,2,0,0,2,1
2020-05-16,US,Wisconsin,Sheboygan,68,3,0,43.72099677,-87.94579284,55117.0,65,68,3,0,65,67,115456,0,0,0,0,1
2020-05-16,US,Wisconsin,St. Croix,39,0,0,45.03437474,-92.45000068,55109.0,39,37,0,0,37,37,89694,2,0,0,2,0
2020-05-16,US,Wisconsin,Trempealeau,7,0,0,44.30360275,-91.35893614,55121.0,7,7,0,0,7,7,29442,0,0,0,0,0
2020-05-16,US,Wisconsin,Vernon,10,0,0,43.59422667,-90.8324691,55123.0,10,8,0,0,8,7,30785,2,0,0,2,1
2020-05-16,US,Wisconsin,Vilas,4,0,0,46.05467334,-89.51719204,55125.0,4,4,0,0,4,4,21938,0,0,0,0,0
2020-05-16,US,Wisconsin,Walworth,277,12,0,42.66858202,-88.54163073,55127.0,265,269,11,0,258,251,103718,8,1,0,7,18
2020-05-16,US,Wisconsin,Washburn,1,0,0,45.89838588,-91.79050449,55129.0,1,1,0,0,1,1,15878,0,0,0,0,0
2020-05-16,US,Wisconsin,Washington,140,4,0,43.36863664,-88.22974712,55131.0,136,129,4,0,125,125,135693,11,0,0,11,4
2020-05-16,US,Wisconsin,Waukesha,467,23,0,43.01833055,-88.30431188,55133.0,444,454,23,0,431,444,403072,13,0,0,13,10
2020-05-16,US,Wisconsin,Waupaca,17,1,0,44.47068056,-88.96534501,55135.0,16,16,1,0,15,15,51128,1,0,0,1,1
2020-05-16,US,Wisconsin,Waushara,5,0,0,44.11324419,-89.24317107,55137.0,5,5,0,0,5,4,24263,0,0,0,0,1
2020-05-16,US,Wisconsin,Winnebago,117,1,0,44.06886922,-88.64477096,55139.0,116,112,1,0,111,108,171020,5,0,0,5,4
2020-05-16,US,Wisconsin,Wood,6,0,0,44.45537896,-90.04158336,55141.0,6,5,0,0,5,5,73055,1,0,0,1,0
2020-05-16,US,Wyoming,Albany,9,0,0,41.65498705,-105.72354150000001,56001.0,9,8,0,0,8,8,38601,1,0,0,1,0
2020-05-16,US,Wyoming,Big Horn,3,0,0,44.52405055,-107.9960365,56003.0,3,3,0,0,3,3,11881,0,0,0,0,0
2020-05-16,US,Wyoming,Campbell,29,0,0,44.24886082,-105.54744040000001,56005.0,29,29,0,0,29,29,46140,0,0,0,0,0
2020-05-16,US,Wyoming,Carbon,14,0,0,41.69357844,-106.9326084,56007.0,14,8,0,0,8,7,14971,6,0,0,6,1
2020-05-16,US,Wyoming,Converse,23,0,0,42.97272268,-105.5081848,56009.0,23,23,0,0,23,23,13640,0,0,0,0,0
2020-05-16,US,Wyoming,Crook,5,0,0,44.58855102,-104.56977049999999,56011.0,5,5,0,0,5,5,7450,0,0,0,0,0
2020-05-16,US,Wyoming,Fremont,220,0,0,43.04183996,-108.6296893,56013.0,220,214,0,0,214,208,39531,6,0,0,6,6
2020-05-16,US,Wyoming,Goshen,5,0,0,42.08798185,-104.3534743,56015.0,5,5,0,0,5,5,13376,0,0,0,0,0
2020-05-16,US,Wyoming,Hot Springs,6,0,0,43.71930657,-108.44231740000001,56017.0,6,3,0,0,3,3,4555,3,0,0,3,0
2020-05-16,US,Wyoming,Johnson,15,1,0,44.04057166,-106.58451740000001,56019.0,14,15,1,0,14,15,8460,0,0,0,0,0
2020-05-16,US,Wyoming,Laramie,181,0,0,41.30702520000001,-104.6887497,56021.0,181,178,0,0,178,173,98976,3,0,0,3,5
2020-05-16,US,Wyoming,Lincoln,14,0,0,42.26376367,-110.6563997,56023.0,14,14,0,0,14,14,19434,0,0,0,0,0
2020-05-16,US,Wyoming,Natrona,53,0,0,42.96180148,-106.79788500000001,56025.0,53,50,0,0,50,49,79115,3,0,0,3,1
2020-05-16,US,Wyoming,Niobrara,2,0,0,43.05607708,-104.47588959999999,56027.0,2,2,0,0,2,2,2388,0,0,0,0,0
2020-05-16,US,Wyoming,Park,1,0,0,44.52157546,-109.58528249999999,56029.0,1,1,0,0,1,1,29324,0,0,0,0,0
2020-05-16,US,Wyoming,Sheridan,16,0,0,44.79048913,-106.8862389,56033.0,16,16,0,0,16,16,30233,0,0,0,0,0
2020-05-16,US,Wyoming,Sublette,3,0,0,42.76558279,-109.91309220000001,56035.0,3,3,0,0,3,3,9813,0,0,0,0,0
2020-05-16,US,Wyoming,Sweetwater,23,0,0,41.65943896,-108.8827882,56037.0,23,22,0,0,22,21,43051,1,0,0,1,1
2020-05-16,US,Wyoming,Teton,100,0,0,43.93522482,-110.5890801,56039.0,100,99,0,0,99,99,23081,1,0,0,1,0
2020-05-16,US,Wyoming,Uinta,10,0,0,41.2878183,-110.54757820000002,56041.0,10,9,0,0,9,9,20299,1,0,0,1,0
2020-05-16,US,Wyoming,Unassigned,0,6,0,0.0,0.0,90056.0,-6,0,6,0,-6,0,,0,0,0,0,0
2020-05-16,US,Wyoming,Washakie,9,0,0,43.90451606,-107.68018700000002,56043.0,9,9,0,0,9,8,7885,0,0,0,0,1
