Date,Country/Region,Province/State,Admin2,Confirmed,Deaths,Recovered,Latitude,Longitude,FIPS,Incidence_Rate,Case-Fatality_Ratio,Active Cases,Previous Confirmed,Previous Deaths,Previous Recovered,Previous Active,Prev2 Confirmed,Population,Daily Confirmed,Daily Deaths,Daily Recovered,Daily Active,Previous Daily Confirmed
2020-06-05,US,Alabama,Autauga,248,5,0,32.53952745,-86.64408227,1001.0,443.8955413556713,2.0161290322580645,243,241,5,0,236,239,55601,7,0,0,7,2
2020-06-05,US,Alabama,Baldwin,296,9,0,30.72774991,-87.72207058,1003.0,132.59628909574707,3.0405405405405403,287,293,9,0,284,292,218022,3,0,0,3,1
2020-06-05,US,Alabama,Barbour,183,1,0,31.868263,-85.3871286,1005.0,741.3108644575873,0.5464480874316939,182,177,1,0,176,177,24881,6,0,0,6,0
2020-06-05,US,Alabama,Bibb,76,1,0,32.99642064,-87.12511459999996,1007.0,339.37661873716166,1.3157894736842106,75,76,1,0,75,76,22400,0,0,0,0,0
2020-06-05,US,Alabama,Blount,64,1,0,33.98210918,-86.56790593,1009.0,110.67685816068895,1.5625,63,63,1,0,62,63,57840,1,0,0,1,0
2020-06-05,US,Alabama,Bullock,219,7,0,32.10030533,-85.71265535,1011.0,2168.102168102168,3.1963470319634704,212,217,6,0,211,215,10138,2,1,0,1,2
2020-06-05,US,Alabama,Butler,431,21,0,31.75300095,-86.68057478,1013.0,2216.166186754422,4.872389791183295,410,421,18,0,403,419,19680,10,3,0,7,2
2020-06-05,US,Alabama,Calhoun,169,3,0,33.77483727,-85.82630386,1015.0,148.76105805202238,1.7751479289940828,166,167,3,0,164,165,114277,2,0,0,2,2
2020-06-05,US,Alabama,Chambers,363,26,0,32.91360079,-85.39072749,1017.0,1091.5980032477296,7.1625344352617075,337,360,26,0,334,359,33615,3,0,0,3,1
2020-06-05,US,Alabama,Cherokee,38,3,0,34.17805983,-85.60638968,1019.0,145.06031455183995,7.894736842105262,35,38,3,0,35,38,26032,0,0,0,0,0
2020-06-05,US,Alabama,Chilton,108,1,0,32.85044126,-86.7173256,1021.0,243.08994327901326,0.925925925925926,107,107,1,0,106,105,44153,1,0,0,1,2
2020-06-05,US,Alabama,Choctaw,153,10,0,32.02227341,-88.26564429999998,1023.0,1215.346731273334,6.5359477124183005,143,153,10,0,143,153,12841,0,0,0,0,0
2020-06-05,US,Alabama,Clarke,149,2,0,31.68099859,-87.83548597,1025.0,630.7679282025231,1.342281879194631,147,149,2,0,147,149,23920,0,0,0,0,0
2020-06-05,US,Alabama,Clay,28,2,0,33.26984193,-85.85836077,1027.0,211.5602568945977,7.142857142857142,26,28,2,0,26,28,13275,0,0,0,0,0
2020-06-05,US,Alabama,Cleburne,15,1,0,33.67679204,-85.52005899,1029.0,100.60362173038229,6.666666666666668,14,15,1,0,14,15,14987,0,0,0,0,0
2020-06-05,US,Alabama,Coffee,240,1,0,31.39932826,-85.98901039,1031.0,458.5227924038058,0.4166666666666667,239,239,1,0,238,239,51909,1,0,0,1,0
2020-06-05,US,Alabama,Colbert,197,2,0,34.69847452,-87.80168544,1033.0,356.61917778461645,1.0152284263959392,195,190,2,0,188,187,54762,7,0,0,7,3
2020-06-05,US,Alabama,Conecuh,42,1,0,31.43401703,-86.99320044,1035.0,348.05668351702985,2.380952380952381,41,41,1,0,40,41,12277,1,0,0,1,0
2020-06-05,US,Alabama,Coosa,40,1,0,32.93690146,-86.24847739,1037.0,375.1289505767608,2.5,39,40,1,0,39,40,10715,0,0,0,0,0
2020-06-05,US,Alabama,Covington,83,1,0,31.247785399999998,-86.45050893,1039.0,224.02763907257957,1.2048192771084338,82,82,1,0,81,81,36986,1,0,0,1,1
2020-06-05,US,Alabama,Crenshaw,80,3,0,31.72941803,-86.31593104,1041.0,580.8887598024978,3.75,77,78,3,0,75,78,13824,2,0,0,2,0
2020-06-05,US,Alabama,Cullman,163,1,0,34.13020303,-86.86888037,1043.0,194.585044408366,0.6134969325153374,162,152,1,0,151,150,83442,11,0,0,11,2
2020-06-05,US,Alabama,Dale,125,0,0,31.43037123,-85.61095742,1045.0,254.2097128447084,0.0,125,124,0,0,124,123,48956,1,0,0,1,1
2020-06-05,US,Alabama,Dallas,296,3,0,32.32688101,-87.10866709999998,1047.0,795.7844929562317,1.0135135135135136,293,292,3,0,289,287,38310,4,0,0,4,5
2020-06-05,US,Alabama,DeKalb,260,3,0,34.45946862,-85.80782906,1049.0,363.5702599527359,1.1538461538461535,257,257,3,0,254,257,71385,3,0,0,3,0
2020-06-05,US,Alabama,Elmore,381,10,0,32.59785413,-86.14415284,1051.0,469.15982218719597,2.6246719160104988,371,374,9,0,365,372,81887,7,1,0,6,2
2020-06-05,US,Alabama,Escambia,79,3,0,31.1256789,-87.15918694,1053.0,215.65255370840495,3.79746835443038,76,75,3,0,72,75,36748,4,0,0,4,0
2020-06-05,US,Alabama,Etowah,265,12,0,34.04567266,-86.04051873,1055.0,259.123088356084,4.528301886792453,253,263,12,0,251,262,102501,2,0,0,2,1
2020-06-05,US,Alabama,Fayette,16,0,0,33.72076938,-87.73886638,1057.0,98.1474665685192,0.0,16,16,0,0,16,16,16433,0,0,0,0,0
2020-06-05,US,Alabama,Franklin,593,9,0,34.44235334,-87.84289505,1059.0,1890.8232893310376,1.5177065767284992,584,585,8,0,577,578,31363,8,1,0,7,7
2020-06-05,US,Alabama,Geneva,45,0,0,31.09389027,-85.83572839,1061.0,171.29153819801303,0.0,45,44,0,0,44,44,26314,1,0,0,1,0
2020-06-05,US,Alabama,Greene,95,5,0,32.85504247,-87.95684022,1063.0,1171.248921218099,5.2631578947368425,90,95,4,0,91,95,8233,0,1,0,-1,0
2020-06-05,US,Alabama,Hale,192,10,0,32.76039258,-87.63284988,1065.0,1310.4907514845406,5.208333333333333,182,185,9,0,176,179,14726,7,1,0,6,6
2020-06-05,US,Alabama,Henry,84,2,0,31.51148016,-85.24267944,1067.0,488.2301656495205,2.380952380952381,82,82,2,0,80,81,17209,2,0,0,2,1
2020-06-05,US,Alabama,Houston,227,5,0,31.15197924,-85.29939599,1069.0,214.3896035209006,2.202643171806167,222,226,5,0,221,226,104722,1,0,0,1,0
2020-06-05,US,Alabama,Jackson,86,3,0,34.78144169,-85.99750489,1071.0,166.58272963235578,3.4883720930232562,83,83,3,0,80,83,51736,3,0,0,3,0
2020-06-05,US,Alabama,Jefferson,1927,105,0,33.55554728,-86.89506300000002,1073.0,292.6023386929012,5.448884276076803,1822,1901,104,0,1797,1884,659300,26,1,0,25,17
2020-06-05,US,Alabama,Lamar,28,0,0,33.77995024,-88.09668032,1075.0,202.8250633828323,0.0,28,28,0,0,28,26,13844,0,0,0,0,2
2020-06-05,US,Alabama,Lauderdale,175,2,0,34.90171875,-87.65624729,1077.0,188.72197478674417,1.1428571428571428,173,172,2,0,170,169,92387,3,0,0,3,3
2020-06-05,US,Alabama,Lawrence,51,0,0,34.52041498,-87.31069453,1079.0,154.90219900376624,0.0,51,51,0,0,51,51,32957,0,0,0,0,0
2020-06-05,US,Alabama,Lee,563,34,0,32.60154883,-85.35132246,1081.0,342.16187964167204,6.039076376554174,529,562,34,0,528,558,163941,1,0,0,1,4
2020-06-05,US,Alabama,Limestone,110,0,0,34.81185586,-86.98310072,1083.0,111.20659151796995,0.0,110,108,0,0,108,108,96174,2,0,0,2,0
2020-06-05,US,Alabama,Lowndes,269,12,0,32.1597283,-86.65158371,1085.0,2765.7824388237714,4.4609665427509295,257,265,12,0,253,259,9974,4,0,0,4,6
2020-06-05,US,Alabama,Macon,94,4,0,32.38759944,-85.69267724,1087.0,520.2568076156741,4.25531914893617,90,93,4,0,89,87,18439,1,0,0,1,6
2020-06-05,US,Alabama,Madison,359,4,0,34.76327133,-86.55069633,1089.0,96.27013560949186,1.1142061281337048,355,353,4,0,349,346,366519,6,0,0,6,7
2020-06-05,US,Alabama,Marengo,179,6,0,32.24767634,-87.78796182,1091.0,948.9476753432646,3.35195530726257,173,175,6,0,169,174,19066,4,0,0,4,1
2020-06-05,US,Alabama,Marion,125,11,0,34.13697363,-87.88704173,1093.0,420.7479215052677,8.8,114,124,11,0,113,124,29763,1,0,0,1,0
2020-06-05,US,Alabama,Marshall,714,9,0,34.36975964,-86.30486727,1095.0,737.8014756029512,1.2605042016806722,705,708,9,0,699,705,96109,6,0,0,6,3
2020-06-05,US,Alabama,Mobile,2341,123,0,30.78472347,-88.20842409,1097.0,566.5400159725081,5.2541648868005115,2218,2321,118,0,2203,2284,413757,20,5,0,15,37
2020-06-05,US,Alabama,Monroe,49,2,0,31.56729412,-87.36995001,1099.0,236.3382047942893,4.081632653061225,47,46,2,0,44,45,21067,3,0,0,3,1
2020-06-05,US,Alabama,Montgomery,1905,44,0,32.2206831,-86.20969272,1101.0,841.1115918864743,2.309711286089239,1861,1858,43,0,1815,1823,225763,47,1,0,46,35
2020-06-05,US,Alabama,Morgan,314,1,0,34.45500589,-86.85475946,1103.0,262.36850241061506,0.3184713375796178,313,302,1,0,301,298,119089,12,0,0,12,4
2020-06-05,US,Alabama,Perry,43,0,0,32.64048341,-87.29770589,1105.0,481.9007060405692,0.0,43,43,0,0,43,42,9140,0,0,0,0,1
2020-06-05,US,Alabama,Pickens,121,5,0,33.28094866,-88.08818103,1107.0,607.1249372804817,4.132231404958676,116,120,5,0,115,121,19938,1,0,0,1,-1
2020-06-05,US,Alabama,Pike,223,1,0,31.80396383,-85.9408295,1109.0,673.4311771456183,0.4484304932735426,222,212,0,0,212,208,33338,11,1,0,10,4
2020-06-05,US,Alabama,Randolph,128,8,0,33.29526734,-85.45708831,1111.0,563.3306927207112,6.25,120,128,7,0,121,128,22725,0,1,0,-1,0
2020-06-05,US,Alabama,Russell,187,0,0,32.28725256,-85.18415324,1113.0,322.63073445937783,0.0,187,181,0,0,181,177,57781,6,0,0,6,4
2020-06-05,US,Alabama,Shelby,536,19,0,33.26879845,-86.66232561,1117.0,246.20811935581668,3.544776119402985,517,528,19,0,509,522,215707,8,0,0,8,6
2020-06-05,US,Alabama,St. Clair,137,2,0,33.71902176,-86.31029372,1115.0,153.0521047457324,1.45985401459854,135,135,1,0,134,131,88690,2,1,0,1,4
2020-06-05,US,Alabama,Sumter,236,9,0,32.59117397,-88.19916205,1119.0,1899.090689627424,3.8135593220338975,227,228,7,0,221,228,12691,8,2,0,6,0
2020-06-05,US,Alabama,Talladega,121,5,0,33.37823223,-86.16886178,1121.0,151.29160519142764,4.132231404958676,116,119,5,0,114,117,79828,2,0,0,2,2
2020-06-05,US,Alabama,Tallapoosa,435,66,0,32.86698258,-85.79833053,1123.0,1077.612901627567,15.172413793103447,369,434,66,0,368,432,40497,1,0,0,1,2
2020-06-05,US,Alabama,Tuscaloosa,853,16,0,33.28726072,-87.52556818,1125.0,407.44190489837837,1.875732708089097,837,836,16,0,820,822,208911,17,0,0,17,14
2020-06-05,US,Alabama,Unassigned,314,4,0,0.0,0.0,90001.0,0.0,1.2738853503184713,310,306,2,0,304,297,,8,2,0,6,9
2020-06-05,US,Alabama,Walker,397,3,0,33.80270512,-87.30027177,1127.0,624.9901607342454,0.7556675062972292,394,386,2,0,384,381,63711,11,1,0,10,5
2020-06-05,US,Alabama,Washington,74,6,0,31.4092794,-88.20689944,1129.0,453.26473110376094,8.108108108108109,68,73,6,0,67,72,16378,1,0,0,1,1
2020-06-05,US,Alabama,Wilcox,158,7,0,31.98773215,-87.30891118,1131.0,1523.1851923262313,4.4303797468354436,151,157,7,0,150,154,10627,1,0,0,1,3
2020-06-05,US,Alabama,Winston,92,0,0,34.15030532,-87.37325922,1133.0,389.35206737483594,0.0,92,91,0,0,91,91,23660,1,0,0,1,0
2020-06-05,US,Alaska,Anchorage,264,4,0,61.14998174,-149.14269860000005,2020.0,91.66666666666669,1.5151515151515151,260,258,4,0,254,254,291538,6,0,0,6,4
2020-06-05,US,Alaska,Bethel,3,0,0,60.90980451,-159.8561831,2050.0,16.316762754269554,0.0,3,3,0,0,3,3,18216,0,0,0,0,0
2020-06-05,US,Alaska,Fairbanks North Star,85,2,0,64.80726247,-146.5692662,2090.0,87.76549060909252,2.3529411764705883,83,85,2,0,83,85,98971,0,0,0,0,0
2020-06-05,US,Alaska,Juneau,33,0,0,58.45031811,-134.200436,2110.0,103.20885719647215,0.0,33,33,0,0,33,33,32113,0,0,0,0,0
2020-06-05,US,Alaska,Kenai Peninsula,68,2,0,60.24429722,-151.53888840000005,2122.0,115.8274851808953,2.9411764705882355,66,63,2,0,61,60,58533,5,0,0,5,3
2020-06-05,US,Alaska,Ketchikan Gateway,16,0,0,55.57445008,-130.975561,2130.0,115.09963311991943,0.0,16,16,0,0,16,16,13918,0,0,0,0,0
2020-06-05,US,Alaska,Kodiak Island,1,0,0,57.65529415,-153.7493579,2150.0,7.693491306354824,0.0,1,1,0,0,1,1,13345,0,0,0,0,0
2020-06-05,US,Alaska,Matanuska-Susitna,35,1,0,62.31305045,-149.5741743,2170.0,32.312564048118034,2.8571428571428568,34,35,1,0,34,34,107610,0,0,0,0,1
2020-06-05,US,Alaska,Nome,3,0,0,64.90320724,-164.0353804,2180.0,29.98800479808077,0.0,3,3,0,0,3,3,10008,0,0,0,0,0
2020-06-05,US,Alaska,North Slope,1,0,0,69.31479216,-153.4836093,2185.0,10.17087062652563,0.0,1,1,0,0,1,1,9872,0,0,0,0,0
2020-06-05,US,Alaska,Northwest Arctic,2,0,0,67.04919196,-159.7503946,2188.0,26.243275160740065,0.0,2,2,0,0,2,2,7671,0,0,0,0,0
2020-06-05,US,Alaska,Petersburg,4,1,0,57.13978948,-132.9540995,2195.0,122.47397428046541,25.0,3,4,1,0,3,4,3221,0,0,0,0,0
2020-06-05,US,Alaska,Prince of Wales-Hyder,2,0,0,55.76261984,-133.0511621,2198.0,32.24246332419797,0.0,2,2,0,0,2,2,6422,0,0,0,0,0
2020-06-05,US,Alaska,Sitka,2,0,0,57.24124555,-135.3206587,2220.0,23.54880489815142,0.0,2,2,0,0,2,2,8647,0,0,0,0,0
2020-06-05,US,Alaska,Southeast Fairbanks,3,0,0,63.87692095,-143.2127643,2240.0,43.52241404323227,0.0,3,3,0,0,3,3,6918,0,0,0,0,0
2020-06-05,US,Alaska,Yukon-Koyukuk,1,0,0,65.50815459,-151.39073869999999,2290.0,19.120458891013385,0.0,1,1,0,0,1,1,5327,0,0,0,0,0
2020-06-05,US,Arizona,Apache,1656,46,0,35.39465006,-109.4892383,4001.0,2303.6153963859947,2.7777777777777777,1610,1637,45,0,1592,1586,71818,19,1,0,18,51
2020-06-05,US,Arizona,Cochise,120,5,0,31.87934684,-109.7516088,4003.0,95.297088673941,4.166666666666667,115,105,5,0,100,94,126770,15,0,0,15,11
2020-06-05,US,Arizona,Coconino,1248,85,0,35.83883429,-111.77071780000001,4005.0,869.8318882600573,6.810897435897436,1163,1221,85,0,1136,1186,142854,27,0,0,27,35
2020-06-05,US,Arizona,Gila,42,3,0,33.80190085,-110.8132779,4007.0,77.75186049094745,7.142857142857142,39,39,1,0,38,37,53889,3,2,0,1,2
2020-06-05,US,Arizona,Graham,40,1,0,32.93166885,-109.8882178,4009.0,102.99456703658882,2.5,39,38,1,0,37,41,38072,2,0,0,2,-3
2020-06-05,US,Arizona,Greenlee,9,0,0,33.21498827,-109.2405279,4011.0,94.75679090334809,0.0,9,8,0,0,8,8,9483,1,0,0,1,0
2020-06-05,US,Arizona,La Paz,149,1,0,33.72854224,-113.98100290000001,4012.0,705.8935000947508,0.6711409395973155,148,110,1,0,109,91,21098,39,0,0,39,19
2020-06-05,US,Arizona,Maricopa,12091,479,0,33.34835867,-112.49181540000001,4013.0,269.56263123091867,3.9616243486891074,11612,11229,471,0,10758,11068,4410824,862,8,0,854,161
2020-06-05,US,Arizona,Mohave,447,50,0,35.70471703,-113.7577902,4015.0,210.66919281179747,11.185682326621924,397,428,49,0,379,422,209550,19,1,0,18,6
2020-06-05,US,Arizona,Navajo,2104,68,0,35.3997715,-110.3218983,4017.0,1896.7942014352166,3.2319391634980987,2036,2042,67,0,1975,1994,110445,62,1,0,61,48
2020-06-05,US,Arizona,Pima,2883,202,0,32.0971334,-111.7890033,4019.0,275.28480949202645,7.006590357266736,2681,2669,202,0,2467,2627,1039073,214,0,0,214,42
2020-06-05,US,Arizona,Pinal,1018,41,0,32.90525627,-111.3449483,4021.0,219.97065617376384,4.027504911591357,977,948,40,0,908,940,447138,70,1,0,69,8
2020-06-05,US,Arizona,Santa Cruz,503,1,0,31.52508998,-110.8479088,4023.0,1081.7669577186116,0.1988071570576541,502,462,0,0,462,438,46511,41,1,0,40,24
2020-06-05,US,Arizona,Unassigned,0,2,0,0.0,0.0,90004.0,0.0,0.0,-2,0,3,0,-3,0,,0,-1,0,1,0
2020-06-05,US,Arizona,Yavapai,314,6,0,34.59933926,-112.5538588,4025.0,133.5607552562963,1.9108280254777068,308,307,6,0,301,304,231993,7,0,0,7,3
2020-06-05,US,Arizona,Yuma,1815,25,0,32.76895712,-113.90666740000002,4027.0,848.9758497944217,1.3774104683195592,1790,1643,23,0,1620,1520,212128,172,2,0,170,123
2020-06-05,US,Arkansas,Arkansas,7,0,0,34.29145151,-91.37277296,5001.0,40.0320256204964,0.0,7,7,0,0,7,7,17769,0,0,0,0,0
2020-06-05,US,Arkansas,Ashley,29,0,0,33.19153461,-91.76984709999999,5003.0,147.53014193417104,0.0,29,26,0,0,26,20,20046,3,0,0,3,6
2020-06-05,US,Arkansas,Baxter,12,0,0,36.28784385,-92.33782872,5005.0,28.617762091004487,0.0,12,12,0,0,12,12,41619,0,0,0,0,0
2020-06-05,US,Arkansas,Benton,826,3,0,36.33644656,-94.25680817,5007.0,295.9078028666516,0.3631961259079903,823,804,3,0,801,700,272608,22,0,0,22,104
2020-06-05,US,Arkansas,Boone,7,0,0,36.3084504,-93.09374925,5009.0,18.700577046377436,0.0,7,7,0,0,7,7,37480,0,0,0,0,0
2020-06-05,US,Arkansas,Bradley,26,1,0,33.46755808,-92.15980837,5011.0,241.56833596580884,3.8461538461538463,25,23,1,0,22,23,10897,3,0,0,3,0
2020-06-05,US,Arkansas,Carroll,33,1,0,36.34038560000001,-93.54270261,5015.0,116.27906976744184,3.0303030303030303,32,30,1,0,29,29,28223,3,0,0,3,1
2020-06-05,US,Arkansas,Chicot,19,0,0,33.26458973,-91.29539209,5017.0,187.7841470646373,0.0,19,16,0,0,16,16,10438,3,0,0,3,0
2020-06-05,US,Arkansas,Clark,40,0,0,34.04613432,-93.17484713,5019.0,179.21146953405014,0.0,40,40,0,0,40,41,22061,0,0,0,0,-1
2020-06-05,US,Arkansas,Clay,5,0,0,36.36826212,-90.4148172,5021.0,34.36189952580579,0.0,5,5,0,0,5,5,14847,0,0,0,0,0
2020-06-05,US,Arkansas,Cleburne,74,4,0,35.53864922,-92.02640019,5023.0,296.9621573899434,5.405405405405406,70,76,4,0,72,76,24965,-2,0,0,-2,0
2020-06-05,US,Arkansas,Cleveland,19,0,0,33.89723187,-92.18537045,5025.0,238.81347410759173,0.0,19,19,0,0,19,19,8018,0,0,0,0,0
2020-06-05,US,Arkansas,Columbia,23,2,0,33.21230701,-93.22642793,5027.0,98.05175427377756,8.695652173913043,21,23,2,0,21,22,23537,0,0,0,0,1
2020-06-05,US,Arkansas,Conway,15,1,0,35.26205537,-92.70506566,5029.0,71.95625059963542,6.666666666666668,14,15,1,0,14,14,20891,0,0,0,0,1
2020-06-05,US,Arkansas,Craighead,279,0,0,35.83018283,-90.63235729,5031.0,252.87314650328102,0.0,279,266,0,0,266,257,108558,13,0,0,13,9
2020-06-05,US,Arkansas,Crawford,35,0,0,35.58928601,-94.2446814,5033.0,55.32984491834896,0.0,35,35,0,0,35,34,63406,0,0,0,0,1
2020-06-05,US,Arkansas,Crittenden,436,9,0,35.21247318,-90.30839406,5035.0,909.185694922323,2.0642201834862384,427,426,9,0,417,413,48342,10,0,0,10,13
2020-06-05,US,Arkansas,Cross,60,0,0,35.29631396,-90.77185818,5037.0,365.4302941713868,0.0,60,60,0,0,60,56,16676,0,0,0,0,4
2020-06-05,US,Arkansas,Dallas,3,0,0,33.97042763,-92.65167437,5039.0,42.802111570837496,0.0,3,3,0,0,3,3,7182,0,0,0,0,0
2020-06-05,US,Arkansas,Desha,19,0,0,33.83011025,-91.25500948,5041.0,167.23879940146114,0.0,19,19,0,0,19,19,11512,0,0,0,0,0
2020-06-05,US,Arkansas,Drew,21,1,0,33.59035001,-91.71777921,5043.0,115.26428453811954,4.761904761904762,20,20,1,0,19,20,18328,1,0,0,1,0
2020-06-05,US,Arkansas,Faulkner,108,3,0,35.14719007,-92.33717519,5045.0,85.70952407405937,2.7777777777777777,105,108,3,0,105,106,124806,0,0,0,0,2
2020-06-05,US,Arkansas,Franklin,5,0,0,35.51202821,-93.89299569,5047.0,28.22466836014677,0.0,5,4,0,0,4,4,17810,1,0,0,1,0
2020-06-05,US,Arkansas,Fulton,7,0,0,36.38177105,-91.81729127,5049.0,56.10322994309529,0.0,7,7,0,0,7,7,12269,0,0,0,0,0
2020-06-05,US,Arkansas,Garland,138,1,0,34.57692074,-93.14921604,5051.0,138.85255468577066,0.7246376811594203,137,138,1,0,137,138,99154,0,0,0,0,0
2020-06-05,US,Arkansas,Grant,18,0,0,34.29017991,-92.42320562,5053.0,98.54913769504519,0.0,18,18,0,0,18,18,18188,0,0,0,0,0
2020-06-05,US,Arkansas,Greene,67,0,0,36.11735460000001,-90.55832668,5055.0,147.82129067843354,0.0,67,66,0,0,66,66,45325,1,0,0,1,0
2020-06-05,US,Arkansas,Hempstead,23,1,0,33.73325583,-93.66935133,5057.0,106.81775961359837,4.3478260869565215,22,21,1,0,20,20,21741,2,0,0,2,1
2020-06-05,US,Arkansas,Hot Spring,34,0,0,34.31709259,-92.95396325,5059.0,100.67809659175032,0.0,34,34,0,0,34,33,33701,0,0,0,0,1
2020-06-05,US,Arkansas,Howard,27,0,0,34.09007427,-93.9934871,5061.0,204.51446750492352,0.0,27,26,0,0,26,26,13341,1,0,0,1,0
2020-06-05,US,Arkansas,Independence,33,0,0,35.74242707,-91.57001641,5063.0,87.24388631857236,0.0,33,33,0,0,33,33,37678,0,0,0,0,0
2020-06-05,US,Arkansas,Izard,17,1,0,36.09604046,-91.90847954,5065.0,124.73402303910778,5.882352941176472,16,17,1,0,16,17,13593,0,0,0,0,0
2020-06-05,US,Arkansas,Jackson,5,0,0,35.59802983,-91.21494602,5067.0,29.906094862132907,0.0,5,5,0,0,5,4,16811,0,0,0,0,1
2020-06-05,US,Arkansas,Jefferson,545,25,0,34.26767081,-91.92619839,5069.0,815.5752424278702,4.587155963302751,520,536,25,0,511,532,68114,9,0,0,9,4
2020-06-05,US,Arkansas,Johnson,55,0,0,35.56759135,-93.46036368,5071.0,206.93806907969002,0.0,55,54,0,0,54,48,26742,1,0,0,1,6
2020-06-05,US,Arkansas,Lafayette,9,1,0,33.24116713,-93.60677071,5073.0,135.8695652173913,11.111111111111109,8,9,1,0,8,9,6682,0,0,0,0,0
2020-06-05,US,Arkansas,Lawrence,87,9,0,36.04188196,-91.10867198,5075.0,530.2937949530659,10.344827586206897,78,87,9,0,78,85,16434,0,0,0,0,2
2020-06-05,US,Arkansas,Lee,30,1,0,34.78498904,-90.78383866,5077.0,338.71514056678336,3.333333333333333,29,27,1,0,26,24,8985,3,0,0,3,3
2020-06-05,US,Arkansas,Lincoln,985,11,0,33.95317155,-91.74002806,5079.0,7562.960687960688,1.116751269035533,974,985,10,0,975,984,13383,0,1,0,-1,1
2020-06-05,US,Arkansas,Little River,14,0,0,33.70375665,-94.23468591,5081.0,114.2018109144302,0.0,14,10,0,0,10,9,12326,4,0,0,4,1
2020-06-05,US,Arkansas,Logan,12,0,0,35.21413234,-93.71951016,5083.0,55.90235721606261,0.0,12,11,0,0,11,10,21737,1,0,0,1,1
2020-06-05,US,Arkansas,Lonoke,57,0,0,34.75392199,-91.88742357,5085.0,77.75307261045711,0.0,57,56,0,0,56,55,73657,1,0,0,1,1
2020-06-05,US,Arkansas,Madison,43,0,0,36.01038185,-93.72524943,5087.0,259.4111969111969,0.0,43,34,0,0,34,30,16481,9,0,0,9,4
2020-06-05,US,Arkansas,Marion,2,0,0,36.26844485,-92.68451899,5089.0,11.980352222355338,0.0,2,2,0,0,2,2,16722,0,0,0,0,0
2020-06-05,US,Arkansas,Miller,52,1,0,33.31403423,-93.89285258,5091.0,120.21175763460249,1.9230769230769231,51,50,1,0,49,49,43592,2,0,0,2,1
2020-06-05,US,Arkansas,Mississippi,79,2,0,35.76271485,-90.05194370000002,5093.0,194.33716267742489,2.5316455696202533,77,79,2,0,77,78,41239,0,0,0,0,1
2020-06-05,US,Arkansas,Monroe,5,0,0,34.6815935,-91.20540287,5095.0,74.61572899567228,0.0,5,6,0,0,6,6,6900,-1,0,0,-1,0
2020-06-05,US,Arkansas,Montgomery,2,0,0,34.53704874,-93.65824478,5097.0,22.2568439795237,0.0,2,2,0,0,2,2,8924,0,0,0,0,0
2020-06-05,US,Arkansas,Nevada,10,0,0,33.66340119,-93.30632432,5099.0,121.18274357731458,0.0,10,9,0,0,9,7,8326,1,0,0,1,2
2020-06-05,US,Arkansas,Newton,3,0,0,35.91947491,-93.21612969,5101.0,38.6946988262608,0.0,3,3,0,0,3,3,7805,0,0,0,0,0
2020-06-05,US,Arkansas,Ouachita,12,0,0,33.58839816,-92.87795984,5103.0,51.32152938157557,0.0,12,11,0,0,11,10,23606,1,0,0,1,1
2020-06-05,US,Arkansas,Perry,14,0,0,34.945915299999996,-92.94372564,5105.0,133.90722142515543,0.0,14,14,0,0,14,14,10352,0,0,0,0,0
2020-06-05,US,Arkansas,Phillips,25,1,0,34.43268455,-90.84800154,5107.0,140.59160949274548,4.0,24,25,1,0,24,24,18029,0,0,0,0,1
2020-06-05,US,Arkansas,Pike,6,0,0,34.16250414,-93.65789349,5109.0,55.98059339428998,0.0,6,5,0,0,5,5,10673,1,0,0,1,0
2020-06-05,US,Arkansas,Poinsett,41,2,0,35.57433534,-90.66268713,5111.0,174.26045562733762,4.878048780487805,39,40,2,0,38,38,23974,1,0,0,1,2
2020-06-05,US,Arkansas,Polk,29,0,0,34.48254879,-94.22728802,5113.0,145.26147064716488,0.0,29,28,0,0,28,28,20049,1,0,0,1,0
2020-06-05,US,Arkansas,Pope,184,2,0,35.44871474,-93.03212219,5115.0,287.17692595829686,1.0869565217391304,182,178,2,0,176,171,64000,6,0,0,6,7
2020-06-05,US,Arkansas,Prairie,3,0,0,34.83624419,-91.55162157,5117.0,37.21161002232697,0.0,3,3,0,0,3,3,8074,0,0,0,0,0
2020-06-05,US,Arkansas,Pulaski,1065,37,0,34.77054088,-92.31355101,5119.0,271.7453707601981,3.4741784037558685,1028,1039,37,0,1002,1003,392680,26,0,0,26,36
2020-06-05,US,Arkansas,Randolph,26,0,0,36.3415714,-91.02455531,5121.0,144.78226974050563,0.0,26,26,0,0,26,26,17948,0,0,0,0,0
2020-06-05,US,Arkansas,Saline,123,1,0,34.64916145,-92.67583224,5125.0,100.45982831987062,0.8130081300813008,122,120,1,0,119,121,121421,3,0,0,3,-1
2020-06-05,US,Arkansas,Scott,1,0,0,34.85588887,-94.0632176,5127.0,9.726680284019064,0.0,1,1,0,0,1,1,10319,0,0,0,0,0
2020-06-05,US,Arkansas,Searcy,7,0,0,35.9109364,-92.69936482,5129.0,88.82121558177894,0.0,7,7,0,0,7,7,7958,0,0,0,0,0
2020-06-05,US,Arkansas,Sebastian,69,1,0,35.19605503,-94.27162713,5131.0,53.97920627097562,1.4492753623188406,68,62,1,0,61,53,127753,7,0,0,7,9
2020-06-05,US,Arkansas,Sevier,301,2,0,33.99780401,-94.2424869,5133.0,1769.8594696301525,0.6644518272425249,299,297,2,0,295,283,17139,4,0,0,4,14
2020-06-05,US,Arkansas,Sharp,48,3,0,36.16258158,-91.47819342,5135.0,275.1977984176126,6.25,45,47,3,0,44,47,17366,1,0,0,1,0
2020-06-05,US,Arkansas,St. Francis,694,1,0,35.02201976,-90.74828138,5123.0,2776.6663999359853,0.1440922190201729,693,691,1,0,690,687,25439,3,0,0,3,4
2020-06-05,US,Arkansas,Stone,10,0,0,35.86251946,-92.15684085,5137.0,79.96161842315688,0.0,10,10,0,0,10,9,12457,0,0,0,0,1
2020-06-05,US,Arkansas,Unassigned,244,0,0,0.0,0.0,90005.0,0.0,0.0,244,232,0,0,232,249,,12,0,0,12,-17
2020-06-05,US,Arkansas,Union,185,11,0,33.16887091,-92.59746952,5139.0,478.2586215810972,5.945945945945946,174,179,11,0,168,177,39126,6,0,0,6,2
2020-06-05,US,Arkansas,Van Buren,29,2,0,35.58095779,-92.51295036,5141.0,175.27954064672107,6.896551724137932,27,29,2,0,27,29,16603,0,0,0,0,0
2020-06-05,US,Arkansas,Washington,824,8,0,35.976844,-94.21800746,5143.0,344.5003281950942,0.9708737864077671,816,771,8,0,763,652,236961,53,0,0,53,119
2020-06-05,US,Arkansas,White,48,1,0,35.25688493,-91.74908296,5145.0,60.9500590453697,2.083333333333333,47,48,1,0,47,48,78727,0,0,0,0,0
2020-06-05,US,Arkansas,Woodruff,1,0,0,35.18902527,-91.2439489,5147.0,15.822784810126587,0.0,1,1,0,0,1,1,6490,0,0,0,0,0
2020-06-05,US,Arkansas,Yell,202,2,0,35.00292371,-93.41171338,5149.0,946.5348390422192,0.99009900990099,200,192,2,0,190,183,21535,10,0,0,10,9
2020-06-05,US,California,Alameda,3725,101,0,37.64629437,-121.8929271,6001.0,222.8765252083821,2.7114093959731544,3624,3641,97,0,3544,3548,1666753,84,4,0,80,93
2020-06-05,US,California,Alpine,2,0,0,38.59678594,-119.82235940000001,6003.0,177.14791851195747,0.0,2,2,0,0,2,2,1101,0,0,0,0,0
2020-06-05,US,California,Amador,10,0,0,38.44583082,-120.65696000000001,6005.0,25.155966995371298,0.0,10,10,0,0,10,10,39383,0,0,0,0,0
2020-06-05,US,California,Butte,65,1,0,39.66727762,-121.6005252,6007.0,29.655178706669226,1.5384615384615383,64,60,1,0,59,55,231256,5,0,0,5,5
2020-06-05,US,California,Calaveras,19,0,0,38.20537103,-120.55291299999999,6009.0,41.38982681625095,0.0,19,16,0,0,16,15,45602,3,0,0,3,1
2020-06-05,US,California,Colusa,7,0,0,39.17881957,-122.2331726,6011.0,32.48712117696199,0.0,7,7,0,0,7,7,21627,0,0,0,0,0
2020-06-05,US,California,Contra Costa,1577,38,0,37.91923498,-121.9289527,6013.0,136.71126615264848,2.409638554216868,1539,1547,38,0,1509,1513,1150215,30,0,0,30,34
2020-06-05,US,California,Del Norte,47,0,0,41.74228275,-123.89740630000001,6015.0,168.99180209981301,0.0,47,47,0,0,47,47,27828,0,0,0,0,0
2020-06-05,US,California,El Dorado,102,0,0,38.77965956,-120.5233166,6017.0,52.89276769185296,0.0,102,98,0,0,98,96,190678,4,0,0,4,2
2020-06-05,US,California,Fresno,2014,40,0,36.75733899,-119.6466953,6019.0,201.5812215181448,1.98609731876862,1974,1944,37,0,1907,1914,994400,70,3,0,67,30
2020-06-05,US,California,Glenn,17,0,0,39.59875897,-122.3938452,6021.0,59.87391258408763,0.0,17,17,0,0,17,17,28047,0,0,0,0,0
2020-06-05,US,California,Humboldt,104,4,0,40.69923009,-123.876044,6023.0,76.71992800129834,3.8461538461538463,100,104,4,0,100,103,136373,0,0,0,0,1
2020-06-05,US,California,Imperial,2568,33,0,33.0393082,-115.36690420000001,6025.0,1417.1012333416106,1.2850467289719627,2535,2493,30,0,2463,2025,181827,75,3,0,72,468
2020-06-05,US,California,Inyo,20,1,0,36.51112084,-117.41119779999998,6027.0,110.87089084760795,5.0,19,20,1,0,19,20,17987,0,0,0,0,0
2020-06-05,US,California,Kern,2534,45,0,35.34329425,-118.72777959999999,6029.0,281.492376155574,1.775848460931334,2489,2462,45,0,2417,2418,896764,72,0,0,72,44
2020-06-05,US,California,Kings,1452,6,0,36.07409056,-119.8159973,6031.0,949.3919183993725,0.4132231404958678,1446,1187,6,0,1181,1168,151366,265,0,0,265,19
2020-06-05,US,California,Lake,30,0,0,39.10124298,-122.75362439999999,6033.0,46.59398005777653,0.0,30,30,0,0,30,30,64382,0,0,0,0,0
2020-06-05,US,California,Lassen,6,0,0,40.67311306,-120.59350990000002,6035.0,19.625159454420572,0.0,6,5,0,0,5,5,30802,1,0,0,1,0
2020-06-05,US,California,Los Angeles,61068,2569,0,34.30828379,-118.22824109999999,6037.0,608.3011168224425,4.206785878037597,58499,59692,2532,0,57160,58261,10105518,1376,37,0,1339,1431
2020-06-05,US,California,Madera,141,3,0,37.21513971,-119.76655890000002,6039.0,89.62225174318459,2.127659574468085,138,129,3,0,126,117,157672,12,0,0,12,12
2020-06-05,US,California,Marin,530,17,0,38.07122463,-122.72106310000001,6041.0,204.77077264262482,3.2075471698113214,513,525,17,0,508,506,259666,5,0,0,5,19
2020-06-05,US,California,Mariposa,16,1,0,37.57978556,-119.9073334,6043.0,93.0070336569203,6.25,15,16,1,0,15,16,17471,0,0,0,0,0
2020-06-05,US,California,Mendocino,33,0,0,39.4381191,-123.39113130000001,6045.0,38.04078433180785,0.0,33,33,0,0,33,30,87606,0,0,0,0,3
2020-06-05,US,California,Merced,320,7,0,37.18922369,-120.72090349999999,6047.0,115.24056467876692,2.1875,313,310,7,0,303,310,274765,10,0,0,10,0
2020-06-05,US,California,Mono,37,1,0,37.93899289,-118.8872409,6051.0,256.1617280531709,2.702702702702702,36,37,1,0,36,37,14250,0,0,0,0,0
2020-06-05,US,California,Monterey,640,10,0,36.21862405,-121.24133970000001,6053.0,147.44471399181222,1.5625,630,621,10,0,611,586,435594,19,0,0,19,35
2020-06-05,US,California,Napa,129,3,0,38.50735751,-122.33283899999999,6055.0,93.65199210128937,2.3255813953488373,126,126,3,0,123,124,139417,3,0,0,3,2
2020-06-05,US,California,Nevada,49,1,0,39.30394768,-120.76272809999999,6057.0,49.120344844869926,2.0408163265306123,48,49,1,0,48,48,99696,0,0,0,0,1
2020-06-05,US,California,Orange,7064,174,0,33.70147516,-117.76459979999998,6059.0,222.43970762907742,2.463193657984145,6890,6783,165,0,6618,6678,3185968,281,9,0,272,105
2020-06-05,US,California,Placer,265,9,0,39.06167234,-120.72405690000001,6061.0,66.52792038741845,3.39622641509434,256,259,9,0,250,240,393149,6,0,0,6,19
2020-06-05,US,California,Plumas,4,0,0,40.00355989,-120.8395236,6063.0,21.268676556601264,0.0,4,4,0,0,4,4,18804,0,0,0,0,0
2020-06-05,US,California,Riverside,8777,355,0,33.74314981,-115.9933578,6065.0,355.26559715949435,4.044662185256922,8422,8303,345,0,7958,8155,2450758,474,10,0,464,148
2020-06-05,US,California,Sacramento,1519,59,0,38.45106826,-121.34253740000001,6067.0,97.87005382530808,3.8841342988808423,1460,1490,58,0,1432,1463,1540975,29,1,0,28,27
2020-06-05,US,California,San Benito,102,2,0,36.60308176,-121.069975,6069.0,162.39969430645775,1.96078431372549,100,96,2,0,94,90,61537,6,0,0,6,6
2020-06-05,US,California,San Bernardino,5930,217,0,34.84060306,-116.1774685,6071.0,272.00774281736716,3.6593591905564926,5713,5650,209,0,5441,5650,2171603,280,8,0,272,0
2020-06-05,US,California,San Diego,7940,288,0,33.03484597,-116.73653259999999,6073.0,237.84347263452082,3.6272040302267,7652,7798,283,0,7515,7674,3343364,142,5,0,137,124
2020-06-05,US,California,San Francisco,2698,43,0,37.75215114,-122.43856720000001,6075.0,306.0521876832712,1.5937731653076352,2655,2644,43,0,2601,2613,883305,54,0,0,54,31
2020-06-05,US,California,San Joaquin,1050,36,0,37.93433732,-121.2730061,6077.0,137.76851740081975,3.4285714285714284,1014,1024,36,0,988,1080,752660,26,0,0,26,-56
2020-06-05,US,California,San Luis Obispo,291,1,0,35.38822029,-120.4039028,6079.0,102.7865395551568,0.3436426116838488,290,288,1,0,287,279,284010,3,0,0,3,9
2020-06-05,US,California,San Mateo,2299,88,0,37.422880799999994,-122.32755459999998,6081.0,299.90620593211605,3.827751196172249,2211,2244,84,0,2160,2212,769545,55,4,0,51,32
2020-06-05,US,California,Santa Barbara,1737,14,0,34.65329488,-120.0188492,6083.0,389.0266271592993,0.8059873344847438,1723,1714,14,0,1700,1697,446527,23,0,0,23,17
2020-06-05,US,California,Santa Clara,2892,144,0,37.23104908,-121.6970462,6085.0,150.0115154067843,4.979253112033195,2748,2850,144,0,2706,2832,1937570,42,0,0,42,18
2020-06-05,US,California,Santa Cruz,221,2,0,37.05580291,-122.0066524,6087.0,80.88926954427498,0.9049773755656108,219,219,2,0,217,219,274255,2,0,0,2,0
2020-06-05,US,California,Shasta,42,4,0,40.76391419,-122.0396884,6089.0,23.322967569968906,9.523809523809524,38,40,4,0,36,40,180040,2,0,0,2,0
2020-06-05,US,California,Sierra,1,0,0,39.57713498,-120.52007009999998,6091.0,33.277870216306155,0.0,1,1,0,0,1,1,2987,0,0,0,0,0
2020-06-05,US,California,Siskiyou,9,0,0,41.59198861,-122.54074340000001,6093.0,20.6711224419486,0.0,9,9,0,0,9,9,43724,0,0,0,0,0
2020-06-05,US,California,Solano,565,22,0,38.26827353,-121.9357113,6095.0,126.21665032179659,3.893805309734513,543,559,22,0,537,547,446610,6,0,0,6,12
2020-06-05,US,California,Sonoma,610,4,0,38.52746429,-122.88625060000001,6097.0,123.39785085447954,0.6557377049180327,606,593,4,0,589,579,499942,17,0,0,17,14
2020-06-05,US,California,Stanislaus,816,31,0,37.55862499,-120.9970722,6099.0,148.18581338757127,3.7990196078431366,785,792,30,0,762,767,549815,24,1,0,23,25
2020-06-05,US,California,Sutter,51,2,0,39.03417539,-121.6945899,6101.0,52.59304328098092,3.92156862745098,49,48,2,0,46,46,96807,3,0,0,3,2
2020-06-05,US,California,Tehama,7,1,0,40.12570935,-122.23701709999999,6103.0,10.75533157150759,14.285714285714285,6,6,1,0,5,6,63916,1,0,0,1,0
2020-06-05,US,California,Trinity,2,0,0,40.64917670000001,-123.114713,6105.0,16.28001628001628,0.0,2,1,0,0,1,1,12535,1,0,0,1,0
2020-06-05,US,California,Tulare,2116,92,0,36.22026558,-118.8020203,6107.0,453.88732182884837,4.3478260869565215,2024,2083,92,0,1991,2026,465861,33,0,0,33,57
2020-06-05,US,California,Tuolumne,5,0,0,38.02644018,-119.95250929999999,6109.0,9.178016814126805,0.0,5,5,0,0,5,4,54539,0,0,0,0,1
2020-06-05,US,California,Ventura,1216,35,0,34.44465746,-119.09106129999999,6111.0,143.73420519476218,2.8782894736842106,1181,1190,35,0,1155,1164,850967,26,0,0,26,26
2020-06-05,US,California,Yolo,216,24,0,38.68278902,-121.90182879999999,6113.0,97.95918367346937,11.111111111111109,192,216,24,0,192,213,220408,0,0,0,0,3
2020-06-05,US,California,Yuba,31,1,0,39.26255932,-121.35356440000001,6115.0,39.406111760817616,3.2258064516129035,30,31,1,0,30,31,78041,0,0,0,0,0
2020-06-05,US,Colorado,Adams,3515,135,0,39.87432092,-104.3362578,8001.0,679.3307577388625,3.840682788051209,3380,3458,130,0,3328,3379,511868,57,5,0,52,79
2020-06-05,US,Colorado,Alamosa,87,2,0,37.57250606,-105.7885451,8003.0,535.9452966180004,2.2988505747126435,85,84,2,0,82,84,16683,3,0,0,3,0
2020-06-05,US,Colorado,Arapahoe,4591,326,0,39.64977461,-104.3353617,8005.0,699.2186905070135,7.100849488128947,4265,4553,325,0,4228,4496,651215,38,1,0,37,57
2020-06-05,US,Colorado,Archuleta,8,0,0,37.19474156,-107.0476867,8007.0,57.02473447858009,0.0,8,8,0,0,8,8,13765,0,0,0,0,0
2020-06-05,US,Colorado,Baca,12,0,0,37.31940883,-102.5603223,8009.0,335.1019268360793,0.0,12,12,0,0,12,12,3585,0,0,0,0,0
2020-06-05,US,Colorado,Bent,2,0,0,37.95474293,-103.0720195,8011.0,35.861574323112784,0.0,2,2,0,0,2,2,5882,0,0,0,0,0
2020-06-05,US,Colorado,Boulder,1008,67,0,40.09313619,-105.3546767,8013.0,309.0166648272818,6.646825396825397,941,1004,67,0,937,995,326078,4,0,0,4,9
2020-06-05,US,Colorado,Broomfield,252,27,0,39.95998787,-105.0566324,8014.0,357.6243525154332,10.714285714285714,225,251,27,0,224,245,69267,1,0,0,1,6
2020-06-05,US,Colorado,Chaffee,77,20,0,38.74745778,-106.19265729999998,8015.0,378.2668500687758,25.97402597402597,57,76,20,0,56,76,20027,1,0,0,1,0
2020-06-05,US,Colorado,Cheyenne,5,0,0,38.82777431,-102.6032558,8017.0,273.07482250136536,0.0,5,5,0,0,5,5,1876,0,0,0,0,0
2020-06-05,US,Colorado,Clear Creek,17,1,0,39.68864463,-105.6463118,8019.0,175.2577319587629,5.882352941176472,16,17,1,0,16,17,9605,0,0,0,0,0
2020-06-05,US,Colorado,Conejos,4,0,0,37.201606,-106.19174879999998,8021.0,48.750761730652044,0.0,4,3,0,0,3,2,8200,1,0,0,1,1
2020-06-05,US,Colorado,Costilla,6,0,0,37.27732493,-105.4276548,8023.0,154.36068947774638,0.0,6,6,0,0,6,6,3828,0,0,0,0,0
2020-06-05,US,Colorado,Crowley,66,1,0,38.32608609,-103.7844965,8025.0,1088.929219600726,1.5151515151515151,65,64,1,0,63,64,5858,2,0,0,2,0
2020-06-05,US,Colorado,Custer,2,0,0,38.10883162,-105.3683478,8027.0,39.463299131807425,0.0,2,2,0,0,2,2,4954,0,0,0,0,0
2020-06-05,US,Colorado,Delta,72,1,0,38.86246243,-107.8631342,8029.0,231.0506385982928,1.3888888888888888,71,72,1,0,71,72,30953,0,0,0,0,0
2020-06-05,US,Colorado,Denver,6041,338,0,39.76018276,-104.8725695,8031.0,830.7080063420383,5.595100148981958,5703,5977,336,0,5641,5917,716492,64,2,0,62,60
2020-06-05,US,Colorado,Douglas,751,47,0,39.33133796,-104.930001,8035.0,213.8662808910051,6.2583222370173095,704,746,47,0,699,733,342776,5,0,0,5,13
2020-06-05,US,Colorado,Eagle,603,8,0,39.62754308,-106.6933637,8037.0,1093.8378652928689,1.326699834162521,595,599,8,0,591,599,54993,4,0,0,4,0
2020-06-05,US,Colorado,El Paso,1802,97,0,38.83240149,-104.5251411,8041.0,250.13777010923053,5.382907880133184,1705,1788,96,0,1692,1778,713856,14,1,0,13,10
2020-06-05,US,Colorado,Elbert,53,2,0,39.28656773,-104.1358721,8039.0,198.2865052938756,3.7735849056603774,51,53,2,0,51,53,26282,0,0,0,0,0
2020-06-05,US,Colorado,Fremont,26,0,0,38.47362326,-105.4399667,8043.0,54.34896214385753,0.0,26,26,0,0,26,26,48021,0,0,0,0,0
2020-06-05,US,Colorado,Garfield,158,2,0,39.59921777,-107.902708,8045.0,263.06588301893083,1.2658227848101269,156,157,2,0,155,150,59770,1,0,0,1,7
2020-06-05,US,Colorado,Gilpin,4,0,0,39.85646523,-105.5252597,8047.0,64.07176037161621,0.0,4,4,0,0,4,4,6121,0,0,0,0,0
2020-06-05,US,Colorado,Grand,15,0,0,40.10603347,-106.1178042,8049.0,95.33494343460023,0.0,15,15,0,0,15,15,15525,0,0,0,0,0
2020-06-05,US,Colorado,Gunnison,178,6,0,38.66611652,-107.0320729,8051.0,1019.3563165731302,3.3707865168539324,172,178,6,0,172,178,17246,0,0,0,0,0
2020-06-05,US,Colorado,Hinsdale,3,0,0,37.82247444,-107.3004345,8053.0,365.8536585365854,0.0,3,3,0,0,3,3,811,0,0,0,0,0
2020-06-05,US,Colorado,Huerfano,3,0,0,37.68473101,-104.9612585,8055.0,43.497172683775545,0.0,3,3,0,0,3,3,6889,0,0,0,0,0
2020-06-05,US,Colorado,Jefferson,2343,179,0,39.58635604,-105.2517692,8059.0,401.9688409812638,7.639778062313273,2164,2310,177,0,2133,2294,580233,33,2,0,31,16
2020-06-05,US,Colorado,Kit Carson,30,3,0,39.30497777,-102.6022199,8063.0,422.7138227420037,10.0,27,30,3,0,27,26,7163,0,0,0,0,4
2020-06-05,US,Colorado,La Plata,82,1,0,37.28632032,-107.8429014,8067.0,145.85297308834777,1.2195121951219512,81,82,1,0,81,82,56310,0,0,0,0,0
2020-06-05,US,Colorado,Lake,35,0,0,39.20278823,-106.3555697,8065.0,430.66322136089576,0.0,35,34,0,0,34,32,7824,1,0,0,1,2
2020-06-05,US,Colorado,Larimer,613,28,0,40.66671597,-105.4625784,8069.0,171.75727586796262,4.567699836867863,585,610,28,0,582,606,350518,3,0,0,3,4
2020-06-05,US,Colorado,Las Animas,5,0,0,37.3153406,-104.0376458,8071.0,34.46849579484351,0.0,5,5,0,0,5,5,14503,0,0,0,0,0
2020-06-05,US,Colorado,Lincoln,3,0,0,38.98749519,-103.5136649,8073.0,52.62234695667427,0.0,3,3,0,0,3,3,5610,0,0,0,0,0
2020-06-05,US,Colorado,Logan,627,5,0,40.7249637,-103.110817,8075.0,2797.9829532777007,0.7974481658692185,622,624,4,0,620,621,21528,3,1,0,2,3
2020-06-05,US,Colorado,Mesa,60,0,0,39.01787888,-108.469799,8077.0,38.907982621101105,0.0,60,59,0,0,59,56,153207,1,0,0,1,3
2020-06-05,US,Colorado,Mineral,2,0,0,37.66954283,-106.9281698,8079.0,260.0780234070221,0.0,2,2,0,0,2,2,776,0,0,0,0,0
2020-06-05,US,Colorado,Moffat,8,0,0,40.61810999,-108.2070876,8081.0,60.22735827749755,0.0,8,8,0,0,8,8,13188,0,0,0,0,0
2020-06-05,US,Colorado,Montezuma,46,3,0,37.33859579,-108.5958857,8083.0,175.6865141504029,6.521739130434782,43,46,3,0,43,46,26158,0,0,0,0,0
2020-06-05,US,Colorado,Montrose,183,12,0,38.40214114,-108.26390220000002,8085.0,427.9900837270217,6.557377049180328,171,182,12,0,170,181,42214,1,0,0,1,1
2020-06-05,US,Colorado,Morgan,641,46,0,40.26279810000001,-103.8093302,8087.0,2205.1740745837346,7.176287051482059,595,638,46,0,592,635,28558,3,0,0,3,3
2020-06-05,US,Colorado,Otero,21,1,0,37.9014485,-103.7173385,8089.0,114.89222015537806,4.761904761904762,20,21,1,0,20,20,18432,0,0,0,0,1
2020-06-05,US,Colorado,Ouray,8,1,0,38.14717457,-107.7675136,8091.0,161.55088852988692,12.5,7,8,1,0,7,8,4833,0,0,0,0,0
2020-06-05,US,Colorado,Park,23,0,0,39.120926,-105.7182065,8093.0,122.04828867073496,0.0,23,23,0,0,23,23,18556,0,0,0,0,0
2020-06-05,US,Colorado,Phillips,14,0,0,40.59414277,-102.3577703,8095.0,328.253223915592,0.0,14,14,0,0,14,14,4286,0,0,0,0,0
2020-06-05,US,Colorado,Pitkin,59,2,0,39.21720112,-106.9310027,8097.0,332.07632126976983,3.3898305084745757,57,59,2,0,57,59,17950,0,0,0,0,0
2020-06-05,US,Colorado,Prowers,15,0,0,37.95544985,-102.3926052,8099.0,123.23365100230036,0.0,15,15,0,0,15,15,12164,0,0,0,0,0
2020-06-05,US,Colorado,Pueblo,306,18,0,38.17359144,-104.5127437,8101.0,181.68432052439084,5.882352941176472,288,302,18,0,284,300,167529,4,0,0,4,2
2020-06-05,US,Colorado,Rio Blanco,1,0,0,39.97913541,-108.2179009,8103.0,15.812776723592664,0.0,1,1,0,0,1,1,6336,0,0,0,0,0
2020-06-05,US,Colorado,Rio Grande,40,0,0,37.5836865,-106.3847838,8105.0,355.0190822756723,0.0,40,38,0,0,38,36,11250,2,0,0,2,2
2020-06-05,US,Colorado,Routt,62,6,0,40.48596505,-106.9905548,8107.0,241.82853576722053,9.677419354838712,56,62,6,0,56,62,25733,0,0,0,0,0
2020-06-05,US,Colorado,Saguache,92,1,0,38.08054629,-106.282466,8109.0,1348.1828839390387,1.0869565217391304,91,89,1,0,88,90,6843,3,0,0,3,-1
2020-06-05,US,Colorado,San Juan,1,0,0,37.76248981,-107.67632890000002,8111.0,137.36263736263737,0.0,1,1,0,0,1,1,762,0,0,0,0,0
2020-06-05,US,Colorado,San Miguel,23,0,0,38.00450883,-108.4020725,8113.0,281.2079716346741,0.0,23,24,0,0,24,24,8191,-1,0,0,-1,0
2020-06-05,US,Colorado,Summit,239,2,0,39.63803232,-106.1150762,8117.0,770.6942697752411,0.8368200836820083,237,239,2,0,237,237,31007,0,0,0,0,2
2020-06-05,US,Colorado,Teller,33,2,0,38.88133511,-105.1614893,8119.0,129.9826689774697,6.0606060606060606,31,33,2,0,31,33,25083,0,0,0,0,0
2020-06-05,US,Colorado,Washington,42,0,0,39.97015535,-103.202587,8121.0,855.7457212713938,0.0,42,42,0,0,42,41,4909,0,0,0,0,1
2020-06-05,US,Colorado,Weld,2540,134,0,40.55499405,-104.3929621,8123.0,782.7619787236665,5.275590551181104,2406,2534,134,0,2400,2521,314305,6,0,0,6,13
2020-06-05,US,Colorado,Yuma,43,0,0,40.00346839,-102.4258673,8125.0,429.1845493562232,0.0,43,42,0,0,42,40,10020,1,0,0,1,2
2020-06-05,US,Connecticut,Fairfield,15914,1304,0,41.26809896,-73.3881171,9001.0,1686.9988508817678,8.194042981023001,14610,15843,1293,0,14550,15789,943823,71,11,0,60,54
2020-06-05,US,Connecticut,Hartford,10677,1277,0,41.80283011,-72.73103891,9003.0,1197.3489436145876,11.960288470544159,9400,10636,1266,0,9370,10593,892697,41,11,0,30,43
2020-06-05,US,Connecticut,Litchfield,1409,134,0,41.7937534,-73.2451475,9005.0,781.3323129987301,9.510290986515257,1275,1406,134,0,1272,1404,181111,3,0,0,3,2
2020-06-05,US,Connecticut,Middlesex,1170,155,0,41.45949668,-72.53714864,9007.0,720.2836809574233,13.247863247863247,1015,1171,154,0,1017,1161,162682,-1,1,0,-2,10
2020-06-05,US,Connecticut,New Haven,11673,999,0,41.408032500000004,-72.93620426,9009.0,1365.6512903667358,8.558211256746338,10674,11582,992,0,10590,11548,857620,91,7,0,84,34
2020-06-05,US,Connecticut,New London,1108,95,0,41.48896435,-72.10430976,9011.0,417.7884361590612,8.574007220216608,1013,1104,94,0,1010,1100,266784,4,1,0,3,4
2020-06-05,US,Connecticut,Tolland,859,60,0,41.85853803,-72.3308481,9013.0,569.9272165126292,6.984866123399303,799,859,60,0,799,856,150921,0,0,0,0,3
2020-06-05,US,Connecticut,Unassigned,245,0,0,0.0,0.0,90009.0,0.0,0.0,245,241,0,0,241,248,,4,0,0,4,-7
2020-06-05,US,Connecticut,Windham,405,14,0,41.82972709,-71.98182316,9015.0,346.8000205511123,3.45679012345679,391,397,14,0,383,392,117027,8,0,0,8,5
2020-06-05,US,Delaware,Kent,1465,71,0,39.08646628,-75.56884914,10001.0,810.3503589879747,4.84641638225256,1394,1454,69,0,1385,1451,178550,11,2,0,9,3
2020-06-05,US,Delaware,New Castle,3937,173,0,39.57992638,-75.64054974,10003.0,704.6047180059883,4.3942087884175765,3764,3925,173,0,3752,3903,559335,12,0,0,12,22
2020-06-05,US,Delaware,Sussex,4322,144,0,38.66143781,-75.39031349,10005.0,1845.2342832746285,3.331790837575197,4178,4314,143,0,4171,4305,229286,8,1,0,7,9
2020-06-05,US,Delaware,Unassigned,49,0,0,0.0,0.0,90010.0,0.0,0.0,49,53,1,0,52,53,,-4,-1,0,-3,0
2020-06-05,US,District of Columbia,District of Columbia,9199,479,0,38.90417773,-77.01655992,11001.0,1303.4379078114173,5.20708772692684,8720,9120,475,0,8645,9016,702455,79,4,0,75,104
2020-06-05,US,Florida,Alachua,392,8,0,29.67866525,-82.35928158,12001.0,145.70161647022962,2.0408163265306123,384,387,8,0,379,383,269956,5,0,0,5,4
2020-06-05,US,Florida,Baker,29,4,0,30.33060121,-82.28467476,12003.0,99.28106812735365,13.79310344827586,25,29,4,0,25,29,28355,0,0,0,0,0
2020-06-05,US,Florida,Bay,115,4,0,30.26548745,-85.62122584,12005.0,65.82524827566469,3.4782608695652173,111,111,4,0,107,105,185287,4,0,0,4,6
2020-06-05,US,Florida,Bradford,52,2,0,29.95079741,-82.16611613,12007.0,184.39062444594163,3.8461538461538463,50,51,2,0,49,51,27732,1,0,0,1,0
2020-06-05,US,Florida,Brevard,439,13,0,28.29409504,-80.73091022,12009.0,72.9306145774842,2.9612756264236904,426,431,13,0,418,428,596849,8,0,0,8,3
2020-06-05,US,Florida,Broward,7572,327,0,26.15184651,-80.48725556,12011.0,387.7552901558702,4.318541996830429,7245,7462,325,0,7137,7339,1951260,110,2,0,108,123
2020-06-05,US,Florida,Calhoun,64,4,0,30.40666734,-85.19394153,12013.0,453.7398085785183,6.25,60,62,4,0,58,62,14587,2,0,0,2,0
2020-06-05,US,Florida,Charlotte,481,72,0,26.90131002,-81.92949121,12015.0,254.61860145042613,14.968814968814971,409,476,68,0,408,470,184998,5,4,0,1,6
2020-06-05,US,Florida,Citrus,125,12,0,28.84804315,-82.47614748,12017.0,83.52432562459491,9.6,113,122,12,0,110,122,147929,3,0,0,3,0
2020-06-05,US,Florida,Clay,393,32,0,29.98319144,-81.85609986,12019.0,179.24579935416781,8.142493638676845,361,394,32,0,362,390,216072,-1,0,0,-1,4
2020-06-05,US,Florida,Collier,1874,55,0,26.11091986,-81.34687065,12021.0,486.8771791261152,2.934898612593383,1819,1814,53,0,1761,1679,378488,60,2,0,58,135
2020-06-05,US,Florida,Columbia,167,2,0,30.22509788,-82.62160164,12023.0,232.9604106799096,1.1976047904191616,165,160,2,0,158,153,70503,7,0,0,7,7
2020-06-05,US,Florida,DeSoto,245,7,0,27.18677893,-81.80941373,12027.0,644.7198757927422,2.8571428571428568,238,218,7,0,211,205,37489,27,0,0,27,13
2020-06-05,US,Florida,Dixie,58,2,0,29.60631086,-83.15724673,12029.0,344.70462379650536,3.4482758620689653,56,56,2,0,54,55,16700,2,0,0,2,1
2020-06-05,US,Florida,Duval,1736,52,0,30.33225875,-81.66976468,12031.0,181.25721087334443,2.995391705069125,1684,1702,51,0,1651,1669,950181,34,1,0,33,33
2020-06-05,US,Florida,Escambia,871,36,0,30.67652764,-87.37284571,12033.0,273.6274645321002,4.133180252583236,835,866,35,0,831,853,315534,5,1,0,4,13
2020-06-05,US,Florida,Flagler,195,4,0,29.45933576,-81.31508595,12035.0,169.4458685621432,2.051282051282051,191,193,4,0,189,191,112067,2,0,0,2,2
2020-06-05,US,Florida,Franklin,2,0,0,29.83791238,-84.82731662,12037.0,16.49484536082474,0.0,2,2,0,0,2,2,11736,0,0,0,0,0
2020-06-05,US,Florida,Gadsden,289,4,0,30.57796289,-84.61915825,12039.0,632.9391151992993,1.3840830449826989,285,288,3,0,285,285,45894,1,1,0,0,3
2020-06-05,US,Florida,Gilchrist,19,0,0,29.72856978,-82.79880657,12041.0,102.24948875255623,0.0,19,17,0,0,17,15,18256,2,0,0,2,2
2020-06-05,US,Florida,Glades,81,1,0,26.95635849,-81.18996211,12043.0,586.4890304829484,1.2345679012345678,80,70,1,0,69,64,13724,11,0,0,11,6
2020-06-05,US,Florida,Gulf,3,0,0,29.93543004,-85.24270990000002,12045.0,21.995747488818825,0.0,3,3,0,0,3,2,16164,0,0,0,0,1
2020-06-05,US,Florida,Hamilton,261,0,0,30.49673973,-82.94998918,12047.0,1808.982533961741,0.0,261,255,0,0,255,250,14310,6,0,0,6,5
2020-06-05,US,Florida,Hardee,131,0,0,27.49293939,-81.80956574,12049.0,486.31993169246766,0.0,131,118,0,0,118,111,27245,13,0,0,13,7
2020-06-05,US,Florida,Hendry,521,17,0,26.55386945,-81.16469006,12051.0,1239.8267574127838,3.2629558541266794,504,501,17,0,484,476,41556,20,0,0,20,25
2020-06-05,US,Florida,Hernando,122,5,0,28.55364461,-82.42700204,12053.0,62.91254125412542,4.0983606557377055,117,122,5,0,117,120,190865,0,0,0,0,2
2020-06-05,US,Florida,Highlands,141,9,0,27.34254618,-81.34071957,12055.0,132.74211314146922,6.382978723404255,132,138,9,0,129,134,105424,3,0,0,3,4
2020-06-05,US,Florida,Hillsborough,2554,88,0,27.9276559,-82.32013172,12057.0,173.50920672188525,3.445575567736883,2466,2479,85,0,2394,2384,1436888,75,3,0,72,95
2020-06-05,US,Florida,Holmes,30,0,0,30.86747479,-85.81319222,12059.0,152.9285823520416,0.0,30,26,0,0,26,24,19477,4,0,0,4,2
2020-06-05,US,Florida,Indian River,154,11,0,27.69308961,-80.60556721,12061.0,96.2963426148834,7.142857142857142,143,144,10,0,134,139,157413,10,1,0,9,5
2020-06-05,US,Florida,Jackson,298,1,0,30.795459700000002,-85.21500423,12063.0,642.0476580342137,0.3355704697986577,297,290,1,0,289,269,48305,8,0,0,8,21
2020-06-05,US,Florida,Jefferson,30,3,0,30.43669112,-83.89442308,12065.0,210.58542748841782,10.0,27,29,3,0,26,29,14288,1,0,0,1,0
2020-06-05,US,Florida,Lafayette,10,0,0,29.98484137,-83.18166636,12067.0,118.73664212776063,0.0,10,9,0,0,9,8,8732,1,0,0,1,1
2020-06-05,US,Florida,Lake,317,15,0,28.76202069,-81.7125123,12069.0,86.34825859805294,4.731861198738169,302,313,15,0,298,309,356495,4,0,0,4,4
2020-06-05,US,Florida,Lee,2200,114,0,26.58410348,-81.88399313,12071.0,285.5003458447371,5.181818181818182,2086,2147,114,0,2033,2087,754610,53,0,0,53,60
2020-06-05,US,Florida,Leon,434,7,0,30.45955727,-84.27491114,12073.0,147.82922658746108,1.6129032258064515,427,432,7,0,425,428,292502,2,0,0,2,4
2020-06-05,US,Florida,Levy,55,1,0,29.31829741,-82.74007147,12075.0,132.520540683806,1.818181818181818,54,38,1,0,37,35,40770,17,0,0,17,3
2020-06-05,US,Florida,Liberty,218,1,0,30.23766008,-84.8829258,12077.0,2609.528369643285,0.4587155963302753,217,218,1,0,217,218,8457,0,0,0,0,0
2020-06-05,US,Florida,Madison,72,3,0,30.44396917,-83.47398594,12079.0,389.3365057048613,4.166666666666667,69,69,3,0,66,69,18529,3,0,0,3,0
2020-06-05,US,Florida,Manatee,1162,105,0,27.47196942,-82.31831044,12081.0,288.1565667211404,9.036144578313252,1057,1134,100,0,1034,1110,394855,28,5,0,23,24
2020-06-05,US,Florida,Marion,272,8,0,29.21227113,-82.05803627,12083.0,74.4025231208576,2.9411764705882355,264,261,7,0,254,257,359977,11,1,0,10,4
2020-06-05,US,Florida,Martin,810,12,0,27.0772071,-80.43109784,12085.0,503.10559006211184,1.4814814814814814,798,764,10,0,754,729,160912,46,2,0,44,35
2020-06-05,US,Florida,Miami-Dade,19056,760,0,25.6112362,-80.55170587,12086.0,701.3772847394496,3.9882451721242655,18296,18779,746,0,18033,18456,2761581,277,14,0,263,323
2020-06-05,US,Florida,Monroe,110,4,0,25.20904673,-81.07812416,12087.0,148.19205690574987,3.636363636363636,106,110,4,0,106,109,75027,0,0,0,0,1
2020-06-05,US,Florida,Nassau,82,1,0,30.61037141,-81.80297522,12089.0,92.52468265162202,1.2195121951219512,81,82,1,0,81,81,85832,0,0,0,0,1
2020-06-05,US,Florida,Okaloosa,250,6,0,30.69143028,-86.59267105,12091.0,118.63071681424327,2.4,244,241,6,0,235,236,207269,9,0,0,9,5
2020-06-05,US,Florida,Okeechobee,122,0,0,27.386336199999995,-80.88944347,12093.0,289.3189148169228,0.0,122,104,0,0,104,97,41537,18,0,0,18,7
2020-06-05,US,Florida,Orange,2210,43,0,28.51367621,-81.31799498,12095.0,158.59893272247626,1.9457013574660635,2167,2169,43,0,2126,2121,1380645,41,0,0,41,48
2020-06-05,US,Florida,Osceola,732,20,0,28.06312234,-81.14882926,12097.0,194.80986078546695,2.7322404371584703,712,726,20,0,706,715,367990,6,0,0,6,11
2020-06-05,US,Florida,Palm Beach,6859,367,0,26.64676272,-80.46536002,12099.0,458.2534390721354,5.3506342032366225,6492,6688,363,0,6325,6477,1485941,171,4,0,167,211
2020-06-05,US,Florida,Pasco,416,15,0,28.30810945,-82.40227529,12101.0,75.09743711943561,3.6057692307692313,401,405,15,0,390,398,539630,11,0,0,11,7
2020-06-05,US,Florida,Pinellas,1478,95,0,27.93130349,-82.72239666,12103.0,151.59036549893537,6.427604871447903,1383,1397,91,0,1306,1361,975280,81,4,0,77,36
2020-06-05,US,Florida,Polk,1127,64,0,27.95027105,-81.69732947,12105.0,155.49610431898364,5.678793256433008,1063,1100,63,0,1037,1074,708009,27,1,0,26,26
2020-06-05,US,Florida,Putnam,172,6,0,29.60779729,-81.74230285,12107.0,230.80742341085065,3.4883720930232562,166,165,6,0,159,154,74163,7,0,0,7,11
2020-06-05,US,Florida,Santa Rosa,256,9,0,30.69341450000001,-87.02458128,12113.0,138.89416373234658,3.515625,247,255,9,0,246,250,179349,1,0,0,1,5
2020-06-05,US,Florida,Sarasota,658,85,0,27.18546175,-82.33174248,12115.0,151.70308616643072,12.917933130699089,573,652,82,0,570,649,426718,6,3,0,3,3
2020-06-05,US,Florida,Seminole,515,12,0,28.7158582,-81.24060348,12117.0,109.15040714161577,2.3300970873786406,503,512,12,0,500,505,467832,3,0,0,3,7
2020-06-05,US,Florida,St. Johns,270,6,0,29.90096506,-81.43589967,12109.0,102.01305767138193,2.2222222222222223,264,267,6,0,261,269,254261,3,0,0,3,-2
2020-06-05,US,Florida,St. Lucie,561,31,0,27.37763908,-80.47106649,12111.0,170.88185393104413,5.52584670231729,530,535,31,0,504,508,321128,26,0,0,26,27
2020-06-05,US,Florida,Sumter,261,17,0,28.70181754,-82.0794267,12119.0,197.10013593112822,6.5134099616858245,244,260,17,0,243,258,128754,1,0,0,1,2
2020-06-05,US,Florida,Suwannee,174,18,0,30.19746066,-82.99099670000003,12121.0,391.7419006236351,10.344827586206897,156,172,18,0,154,170,44191,2,0,0,2,2
2020-06-05,US,Florida,Taylor,27,0,0,30.04848048,-83.60445406,12123.0,125.1796559877602,0.0,27,26,0,0,26,24,21623,1,0,0,1,2
2020-06-05,US,Florida,Unassigned,95,0,0,0.0,0.0,90012.0,0.0,0.0,95,90,0,0,90,89,,5,0,0,5,1
2020-06-05,US,Florida,Union,34,1,0,30.04412971,-82.37497443,12125.0,223.14103826212508,2.9411764705882355,33,34,1,0,33,33,14940,0,0,0,0,1
2020-06-05,US,Florida,Volusia,791,44,0,29.05858895,-81.18263252,12127.0,142.96455346621266,5.562579013906448,747,784,41,0,743,771,547538,7,3,0,4,13
2020-06-05,US,Florida,Wakulla,35,1,0,30.16548905,-84.39895211,12129.0,103.7375144491538,2.8571428571428568,34,35,1,0,34,35,32461,0,0,0,0,0
2020-06-05,US,Florida,Walton,124,9,0,30.64204028,-86.16935664,12131.0,167.40694738831658,7.258064516129032,115,120,9,0,111,118,71375,4,0,0,4,2
2020-06-05,US,Florida,Washington,79,5,0,30.61359259,-85.66002461,12133.0,310.13229694186003,6.329113924050633,74,74,4,0,70,68,24880,5,1,0,4,6
2020-06-05,US,Georgia,Appling,180,13,0,31.74847232,-82.28909114,13001.0,979.0057652561733,7.222222222222222,167,172,13,0,159,170,18507,8,0,0,8,2
2020-06-05,US,Georgia,Atkinson,55,2,0,31.29633502,-82.87545866,13003.0,673.6068585425597,3.636363636363636,53,54,2,0,52,53,8297,1,0,0,1,1
2020-06-05,US,Georgia,Bacon,141,3,0,31.55456473,-82.45936528,13005.0,1262.988176280903,2.127659574468085,138,137,3,0,134,136,11185,4,0,0,4,1
2020-06-05,US,Georgia,Baker,35,3,0,31.32669878,-84.44218806,13007.0,1152.073732718894,8.571428571428571,32,35,3,0,32,34,3092,0,0,0,0,1
2020-06-05,US,Georgia,Baldwin,387,27,0,33.06882326,-83.24701748,13009.0,862.1073735798619,6.9767441860465125,360,380,27,0,353,352,44823,7,0,0,7,28
2020-06-05,US,Georgia,Banks,88,1,0,34.35607081,-83.49644388,13011.0,457.52313611313303,1.1363636363636365,87,87,1,0,86,86,18988,1,0,0,1,1
2020-06-05,US,Georgia,Barrow,341,20,0,33.99148694,-83.71436292,13013.0,409.6588178760212,5.865102639296187,321,333,19,0,314,333,80809,8,1,0,7,0
2020-06-05,US,Georgia,Bartow,514,39,0,34.23732119,-84.83887523,13015.0,477.08329465926596,7.5875486381322945,475,504,39,0,465,496,106408,10,0,0,10,8
2020-06-05,US,Georgia,Ben Hill,87,1,0,31.76095874,-83.22145359,13017.0,520.9580838323353,1.1494252873563218,86,84,1,0,83,81,16787,3,0,0,3,3
2020-06-05,US,Georgia,Berrien,54,1,0,31.27590016,-83.22529920000002,13019.0,278.3935660153632,1.851851851851852,53,51,0,0,51,48,19252,3,1,0,2,3
2020-06-05,US,Georgia,Bibb,502,30,0,32.80904227,-83.70489165,13021.0,327.7639577171436,5.9760956175298805,472,494,29,0,465,481,153095,8,1,0,7,13
2020-06-05,US,Georgia,Bleckley,50,0,0,32.43829035,-83.33035166,13023.0,388.40985007379794,0.0,50,48,0,0,48,48,12838,2,0,0,2,0
2020-06-05,US,Georgia,Brantley,62,2,0,31.19576557,-81.97743999,13025.0,324.45444554921767,3.2258064516129035,60,61,2,0,59,59,18897,1,0,0,1,2
2020-06-05,US,Georgia,Brooks,78,8,0,30.83922642,-83.58303423,13027.0,504.6257359125315,10.256410256410255,70,76,8,0,68,72,15513,2,0,0,2,4
2020-06-05,US,Georgia,Bryan,77,5,0,32.00979311,-81.44002948,13029.0,194.3119590178414,6.493506493506493,72,78,5,0,73,77,38109,-1,0,0,-1,1
2020-06-05,US,Georgia,Bulloch,81,2,0,32.39577406,-81.74811421,13031.0,101.74856798311727,2.469135802469136,79,77,2,0,75,77,77296,4,0,0,4,0
2020-06-05,US,Georgia,Burke,121,6,0,33.05917989,-81.99928721,13033.0,540.5888397444488,4.958677685950414,115,123,6,0,117,123,22423,-2,0,0,-2,0
2020-06-05,US,Georgia,Butts,242,24,0,33.283094500000004,-83.95435040000002,13035.0,970.4844401668272,9.917355371900827,218,240,24,0,216,237,24193,2,0,0,2,3
2020-06-05,US,Georgia,Calhoun,139,6,0,31.53169785,-84.62725131,13037.0,2245.9201809662304,4.316546762589929,133,136,7,0,129,135,6352,3,-1,0,4,1
2020-06-05,US,Georgia,Camden,69,1,0,30.92951916,-81.66601818,13039.0,126.2210514762375,1.4492753623188406,68,68,1,0,67,66,53677,1,0,0,1,2
2020-06-05,US,Georgia,Candler,13,0,0,32.40209349,-82.07702563,13043.0,120.33694344163658,0.0,13,14,0,0,14,14,10836,-1,0,0,-1,0
2020-06-05,US,Georgia,Carroll,578,28,0,33.58138199,-85.07976677,13045.0,481.6987799186612,4.844290657439447,550,568,28,0,540,535,118121,10,0,0,10,33
2020-06-05,US,Georgia,Catoosa,147,0,0,34.89872298,-85.13757014,13047.0,217.51997632435632,0.0,147,146,0,0,146,145,67420,1,0,0,1,1
2020-06-05,US,Georgia,Charlton,32,1,0,30.78371028,-82.13951596,13049.0,238.94862604540023,3.125,31,33,1,0,32,33,12968,-1,0,0,-1,0
2020-06-05,US,Georgia,Chatham,542,28,0,32.00043026,-81.12489526,13051.0,187.26462357046609,5.166051660516605,514,525,27,0,498,522,289195,17,1,0,16,3
2020-06-05,US,Georgia,Chattahoochee,172,0,0,32.34341231,-84.78809239,13053.0,1576.9689190428169,0.0,172,166,0,0,166,160,10684,6,0,0,6,6
2020-06-05,US,Georgia,Chattooga,25,2,0,34.47197698,-85.34535662,13055.0,100.85118399290009,8.0,23,25,2,0,23,25,24790,0,0,0,0,0
2020-06-05,US,Georgia,Cherokee,944,34,0,34.24393976,-84.47431861,13057.0,364.79849134183235,3.601694915254237,910,934,33,0,901,923,254149,10,1,0,9,11
2020-06-05,US,Georgia,Clarke,315,15,0,33.95436462,-83.37124007,13059.0,245.45900834560632,4.761904761904762,300,299,15,0,284,296,127330,16,0,0,16,3
2020-06-05,US,Georgia,Clay,44,2,0,31.62221166,-84.97713865,13061.0,1552.5758645024698,4.545454545454546,42,42,2,0,40,41,2887,2,0,0,2,1
2020-06-05,US,Georgia,Clayton,1310,52,0,33.54187245,-84.35594188,13063.0,448.2371619402168,3.969465648854962,1258,1282,51,0,1231,1260,289615,28,1,0,27,22
2020-06-05,US,Georgia,Clinch,67,2,0,30.91395822,-82.70432472,13065.0,1012.3904502870956,2.985074626865672,65,65,2,0,63,59,6648,2,0,0,2,6
2020-06-05,US,Georgia,Cobb,3223,194,0,33.94243204,-84.5761255,13067.0,424.00028415780764,6.019236735960286,3029,3165,190,0,2975,3097,756865,58,4,0,54,68
2020-06-05,US,Georgia,Coffee,292,15,0,31.54892966,-82.85492059999999,13069.0,674.7856631155686,5.136986301369864,277,289,15,0,274,285,43093,3,0,0,3,4
2020-06-05,US,Georgia,Colquitt,545,15,0,31.18810588,-83.7677946,13071.0,1195.1754385964912,2.7522935779816518,530,523,15,0,508,488,45592,22,0,0,22,35
2020-06-05,US,Georgia,Columbia,270,8,0,33.54534185,-82.263524,13073.0,172.28837244917491,2.962962962962963,262,266,8,0,258,266,154291,4,0,0,4,0
2020-06-05,US,Georgia,Cook,51,2,0,31.16068491,-83.42947229,13075.0,295.30978575564563,3.92156862745098,49,47,2,0,45,45,17162,4,0,0,4,2
2020-06-05,US,Georgia,Coweta,458,9,0,33.35334302,-84.76129976,13077.0,308.3988175800793,1.965065502183406,449,440,9,0,431,432,145864,18,0,0,18,8
2020-06-05,US,Georgia,Crawford,29,0,0,32.71391813,-83.98061238,13079.0,233.79554982263787,0.0,29,28,0,0,28,28,12318,1,0,0,1,0
2020-06-05,US,Georgia,Crisp,238,8,0,31.92289565,-83.76811843,13081.0,1063.8297872340424,3.361344537815126,230,238,8,0,230,237,22601,0,0,0,0,1
2020-06-05,US,Georgia,Dade,41,1,0,34.854916700000004,-85.50490424,13083.0,254.4055596922313,2.4390243902439024,40,40,1,0,39,39,16226,1,0,0,1,1
2020-06-05,US,Georgia,Dawson,112,1,0,34.44244079,-84.16964071,13085.0,428.98728359123635,0.8928571428571429,111,110,1,0,109,110,25083,2,0,0,2,0
2020-06-05,US,Georgia,DeKalb,3986,124,0,33.76944049,-84.22396017,13089.0,524.9592715366979,3.1108881083793283,3862,3939,122,0,3817,3874,756558,47,2,0,45,65
2020-06-05,US,Georgia,Decatur,207,6,0,30.87967778,-84.57619536,13087.0,783.9721254355402,2.898550724637681,201,206,6,0,200,206,26575,1,0,0,1,0
2020-06-05,US,Georgia,Dodge,52,2,0,32.17265114,-83.16948926,13091.0,252.36593059936908,3.8461538461538463,50,52,2,0,50,52,20705,0,0,0,0,0
2020-06-05,US,Georgia,Dooly,189,12,0,32.15630737,-83.79746561,13093.0,1411.5011202389844,6.349206349206349,177,186,12,0,174,185,13706,3,0,0,3,1
2020-06-05,US,Georgia,Dougherty,1796,149,0,31.53328528,-84.21722377,13095.0,2041.9300559370597,8.296213808463254,1647,1794,149,0,1645,1790,91243,2,0,0,2,4
2020-06-05,US,Georgia,Douglas,583,25,0,33.70291126,-84.77026156,13097.0,398.3791503522546,4.288164665523157,558,571,25,0,546,556,145331,12,0,0,12,15
2020-06-05,US,Georgia,Early,247,32,0,31.32155345,-84.90255207,13099.0,2423.945044160942,12.955465587044534,215,247,32,0,215,247,10247,0,0,0,0,0
2020-06-05,US,Georgia,Echols,136,0,0,30.71101099,-82.89687287,13101.0,3394.9076385421868,0.0,136,130,0,0,130,125,4000,6,0,0,6,5
2020-06-05,US,Georgia,Effingham,78,1,0,32.36616021,-81.34280942,13103.0,121.31392310563645,1.2820512820512822,77,77,1,0,76,75,62190,1,0,0,1,2
2020-06-05,US,Georgia,Elbert,77,0,0,34.11302332,-82.83936148,13105.0,401.1670313639679,0.0,77,76,0,0,76,75,19120,1,0,0,1,1
2020-06-05,US,Georgia,Emanuel,30,2,0,32.59221302,-82.30239915,13107.0,132.47372604433454,6.666666666666668,28,28,2,0,26,28,22612,2,0,0,2,0
2020-06-05,US,Georgia,Evans,6,0,0,32.15328841,-81.8870105,13109.0,56.316876290595076,0.0,6,6,0,0,6,5,10721,0,0,0,0,1
2020-06-05,US,Georgia,Fannin,49,1,0,34.86430205,-84.316964,13111.0,187.1085993584848,2.0408163265306123,48,50,1,0,49,49,25964,-1,0,0,-1,1
2020-06-05,US,Georgia,Fayette,244,15,0,33.41357794,-84.49089434,13113.0,213.2475681911537,6.147540983606558,229,241,13,0,228,239,113459,3,2,0,1,2
2020-06-05,US,Georgia,Floyd,311,15,0,34.26268279,-85.21577392,13115.0,315.7424516233832,4.823151125401928,296,292,15,0,277,281,97927,19,0,0,19,11
2020-06-05,US,Georgia,Forsyth,541,12,0,34.22604035,-84.12315129999998,13117.0,221.49255686749748,2.2181146025878005,529,535,12,0,523,534,236612,6,0,0,6,1
2020-06-05,US,Georgia,Franklin,132,1,0,34.37525597,-83.23159927,13119.0,565.3347038417062,0.7575757575757576,131,123,1,0,122,105,23023,9,0,0,9,18
2020-06-05,US,Georgia,Fulton,4790,250,0,33.79216944,-84.46319413,13121.0,450.2146273698536,5.21920668058455,4540,4724,250,0,4474,4688,1050114,66,0,0,66,36
2020-06-05,US,Georgia,Gilmer,159,1,0,34.69316688,-84.45802506,13123.0,506.8698396506105,0.6289308176100629,158,158,1,0,157,157,30816,1,0,0,1,1
2020-06-05,US,Georgia,Glascock,1,0,0,33.22879932,-82.61297636,13125.0,33.65870077415012,0.0,1,1,0,0,1,1,2995,0,0,0,0,0
2020-06-05,US,Georgia,Glynn,147,2,0,31.23279254,-81.53811412,13127.0,172.3491065985086,1.3605442176870748,145,139,2,0,137,135,85219,8,0,0,8,4
2020-06-05,US,Georgia,Gordon,194,16,0,34.50487351,-84.87296253,13129.0,334.69627175957083,8.24742268041237,178,181,16,0,165,170,57685,13,0,0,13,11
2020-06-05,US,Georgia,Grady,119,4,0,30.87454847,-84.23418364,13131.0,483.09178743961365,3.361344537815126,115,119,4,0,115,117,24748,0,0,0,0,2
2020-06-05,US,Georgia,Greene,76,7,0,33.5769205,-83.17139104,13133.0,414.75660336171137,9.210526315789474,69,73,7,0,66,71,17698,3,0,0,3,2
2020-06-05,US,Georgia,Gwinnett,4372,136,0,33.96044201,-84.02137802,13135.0,466.96929238985314,3.110704483074108,4236,4267,135,0,4132,4063,927781,105,1,0,104,204
2020-06-05,US,Georgia,Habersham,549,25,0,34.63331566,-83.53094677,13137.0,1211.1719025767736,4.553734061930784,524,545,24,0,521,538,45388,4,1,0,3,7
2020-06-05,US,Georgia,Hall,2596,50,0,34.32207823,-83.81896936,13139.0,1269.8040021326449,1.926040061633282,2546,2566,50,0,2516,2539,202148,30,0,0,30,27
2020-06-05,US,Georgia,Hancock,196,25,0,33.2721566,-82.99766919,13141.0,2317.6067163296675,12.755102040816329,171,197,25,0,172,197,8348,-1,0,0,-1,0
2020-06-05,US,Georgia,Haralson,51,4,0,33.79602175,-85.21005667,13143.0,171.18689581095597,7.84313725490196,47,50,4,0,46,49,29533,1,0,0,1,1
2020-06-05,US,Georgia,Harris,119,6,0,32.73709786,-84.90538572,13145.0,337.72278351685776,5.042016806722689,113,120,6,0,114,111,34475,-1,0,0,-1,9
2020-06-05,US,Georgia,Hart,39,0,0,34.34626973,-82.96567682,13147.0,148.82655981682885,0.0,39,36,0,0,36,34,26099,3,0,0,3,2
2020-06-05,US,Georgia,Heard,36,3,0,33.29686567,-85.12886832,13149.0,301.93743185439905,8.333333333333334,33,37,3,0,34,35,11879,-1,0,0,-1,2
2020-06-05,US,Georgia,Henry,751,22,0,33.4533428,-84.14814659999998,13151.0,320.1725777089968,2.929427430093209,729,742,23,0,719,716,230220,9,-1,0,10,26
2020-06-05,US,Georgia,Houston,393,19,0,32.45802497,-83.66879087,13153.0,248.95003895783046,4.8346055979643765,374,390,19,0,371,381,155469,3,0,0,3,9
2020-06-05,US,Georgia,Irwin,34,1,0,31.60213036,-83.27501387,13155.0,361.0875106202209,2.9411764705882355,33,33,1,0,32,31,9398,1,0,0,1,2
2020-06-05,US,Georgia,Jackson,221,7,0,34.13794553,-83.56814788,13157.0,302.83513983857927,3.1674208144796383,214,210,6,0,204,199,70422,11,1,0,10,11
2020-06-05,US,Georgia,Jasper,46,1,0,33.31535543,-83.68844964,13159.0,323.51079541458614,2.1739130434782608,45,45,1,0,44,40,14040,1,0,0,1,5
2020-06-05,US,Georgia,Jeff Davis,38,1,0,31.80405727,-82.63724870000001,13161.0,251.40588819053917,2.631578947368421,37,38,1,0,37,38,15029,0,0,0,0,0
2020-06-05,US,Georgia,Jefferson,49,1,0,33.05867328,-82.41609057,13163.0,318.96888425986197,2.0408163265306123,48,47,1,0,46,46,15430,2,0,0,2,1
2020-06-05,US,Georgia,Jenkins,26,1,0,32.79248718,-81.96040187,13165.0,299.6772706316275,3.8461538461538463,25,22,1,0,21,21,8683,4,0,0,4,1
2020-06-05,US,Georgia,Johnson,82,2,0,32.70211082,-82.66166794,13167.0,850.3577724774448,2.4390243902439024,80,83,2,0,81,82,9708,-1,0,0,-1,1
2020-06-05,US,Georgia,Jones,49,0,0,33.02512137,-83.56019163,13169.0,170.5237515225335,0.0,49,48,0,0,48,44,28616,1,0,0,1,4
2020-06-05,US,Georgia,Lamar,76,3,0,33.07841647,-84.14263877,13171.0,398.3854903810872,3.947368421052632,73,75,2,0,73,73,19000,1,1,0,0,2
2020-06-05,US,Georgia,Lanier,27,2,0,31.03828570000001,-83.06472457,13173.0,259.0425021586875,7.407407407407407,25,27,2,0,25,24,10340,0,0,0,0,3
2020-06-05,US,Georgia,Laurens,108,1,0,32.46325233,-82.92221316,13175.0,227.14844571572792,0.925925925925926,107,108,1,0,107,108,47325,0,0,0,0,0
2020-06-05,US,Georgia,Lee,361,22,0,31.779330600000005,-84.14324253,13177.0,1203.6543078154175,6.094182825484765,339,361,22,0,339,361,29764,0,0,0,0,0
2020-06-05,US,Georgia,Liberty,87,1,0,31.82588896,-81.49251135,13179.0,141.613087002523,1.1494252873563218,86,85,1,0,84,83,61497,2,0,0,2,2
2020-06-05,US,Georgia,Lincoln,16,0,0,33.79201475,-82.45024131,13181.0,201.99469763918697,0.0,16,16,1,0,15,16,7915,0,-1,0,1,0
2020-06-05,US,Georgia,Long,16,1,0,31.75218791,-81.74952375,13183.0,81.8037731990388,6.25,15,16,1,0,15,16,18998,0,0,0,0,0
2020-06-05,US,Georgia,Lowndes,385,4,0,30.83568832,-83.27056716,13185.0,327.92191199768325,1.0389610389610389,381,356,4,0,352,326,116321,29,0,0,29,30
2020-06-05,US,Georgia,Lumpkin,102,1,0,34.57286511,-84.00425681,13187.0,303.4811068134484,0.9803921568627452,101,101,1,0,100,101,32955,1,0,0,1,0
2020-06-05,US,Georgia,Macon,106,6,0,32.35207048,-84.04234127,13193.0,818.7224839731211,5.660377358490566,100,104,6,0,98,104,13143,2,0,0,2,0
2020-06-05,US,Georgia,Madison,65,1,0,34.12920917,-83.21218732,13195.0,217.53681392235612,1.5384615384615383,64,61,1,0,60,59,29650,4,0,0,4,2
2020-06-05,US,Georgia,Marion,59,2,0,32.3483402,-84.52733571,13197.0,705.8260557482953,3.3898305084745757,57,59,2,0,57,59,8351,0,0,0,0,0
2020-06-05,US,Georgia,McDuffie,72,5,0,33.47851918,-82.48252774,13189.0,337.8378378378378,6.9444444444444455,67,70,5,0,65,69,21531,2,0,0,2,1
2020-06-05,US,Georgia,McIntosh,15,1,0,31.49683595,-81.40163426,13191.0,104.3260536931423,6.666666666666668,14,16,1,0,15,16,14340,-1,0,0,-1,0
2020-06-05,US,Georgia,Meriwether,105,2,0,33.04163534,-84.68859732,13199.0,496.0551802333822,1.9047619047619049,103,99,2,0,97,95,21068,6,0,0,6,4
2020-06-05,US,Georgia,Miller,42,0,0,31.16568912,-84.73151117,13201.0,734.5225603357817,0.0,42,42,0,0,42,42,5686,0,0,0,0,0
2020-06-05,US,Georgia,Mitchell,416,34,0,31.22483255,-84.19381821,13205.0,1902.7580844348897,8.173076923076923,382,416,32,0,384,415,22192,0,2,0,-2,1
2020-06-05,US,Georgia,Monroe,123,11,0,33.014289,-83.92097166,13207.0,446.00768728696784,8.943089430894311,112,124,11,0,113,124,27520,-1,0,0,-1,0
2020-06-05,US,Georgia,Montgomery,12,0,0,32.17201038,-82.53527476,13209.0,130.8329699084169,0.0,12,13,0,0,13,13,9193,-1,0,0,-1,0
2020-06-05,US,Georgia,Morgan,39,0,0,33.59232073,-83.49129491,13211.0,202.32413363768418,0.0,39,38,0,0,38,38,18853,1,0,0,1,0
2020-06-05,US,Georgia,Murray,100,1,0,34.78897608,-84.74993177,13213.0,249.4014365522745,1.0,99,100,1,0,99,99,39921,0,0,0,0,1
2020-06-05,US,Georgia,Muscogee,750,21,0,32.50931999,-84.87142262,13215.0,383.10457733349,2.8,729,697,21,0,676,673,194160,53,0,0,53,24
2020-06-05,US,Georgia,Newton,388,10,0,33.55514538,-83.84547140000002,13217.0,347.22222222222223,2.5773195876288657,378,382,11,0,371,376,109541,6,-1,0,7,6
2020-06-05,US,Georgia,Oconee,123,9,0,33.83749973,-83.43679568,13219.0,305.3624627606752,7.317073170731707,114,120,9,0,111,119,39272,3,0,0,3,1
2020-06-05,US,Georgia,Oglethorpe,66,7,0,33.878629600000004,-83.08278123,13221.0,432.53162068287565,10.606060606060606,59,63,7,0,56,63,15054,3,0,0,3,0
2020-06-05,US,Georgia,Out of GA,2341,31,0,0.0,0.0,80013.0,0.0,1.3242204186245194,2310,2319,31,0,2288,2183,,22,0,0,22,136
2020-06-05,US,Georgia,Paulding,347,11,0,33.91969522,-84.86848792,13223.0,205.73081871379705,3.1700288184438037,336,340,11,0,329,334,164044,7,0,0,7,6
2020-06-05,US,Georgia,Peach,76,5,0,32.56934316,-83.82937,13225.0,275.9021273506135,6.578947368421053,71,76,4,0,72,76,27297,0,1,0,-1,0
2020-06-05,US,Georgia,Pickens,50,4,0,34.46589159,-84.46406611,13227.0,153.41658740142984,8.0,46,50,4,0,46,50,31980,0,0,0,0,0
2020-06-05,US,Georgia,Pierce,114,4,0,31.35928155,-82.21598442,13229.0,585.6665810428975,3.5087719298245608,110,109,4,0,105,105,19389,5,0,0,5,4
2020-06-05,US,Georgia,Pike,59,3,0,33.09310242,-84.38790389,13231.0,311.1486130155047,5.084745762711863,56,57,3,0,54,56,18634,2,0,0,2,1
2020-06-05,US,Georgia,Polk,139,1,0,34.00267074,-85.18677781,13233.0,326.19153779363097,0.7194244604316546,138,138,1,0,137,131,42470,1,0,0,1,7
2020-06-05,US,Georgia,Pulaski,43,2,0,32.23334561,-83.47549959999998,13235.0,386.1003861003861,4.651162790697675,41,43,2,0,41,43,11069,0,0,0,0,0
2020-06-05,US,Georgia,Putnam,99,9,0,33.32056115,-83.37552891,13237.0,447.5790044757901,9.090909090909092,90,97,9,0,88,95,21809,2,0,0,2,2
2020-06-05,US,Georgia,Quitman,14,1,0,31.86728114,-85.01773177,13239.0,608.9604175728578,7.142857142857142,13,14,1,0,13,14,2279,0,0,0,0,0
2020-06-05,US,Georgia,Rabun,26,1,0,34.88389445,-83.40304637,13241.0,151.71850382213924,3.8461538461538463,25,25,1,0,24,25,16867,1,0,0,1,0
2020-06-05,US,Georgia,Randolph,181,19,0,31.76622818,-84.75732369,13243.0,2670.404249041015,10.497237569060774,162,181,19,0,162,179,6833,0,0,0,0,2
2020-06-05,US,Georgia,Richmond,619,27,0,33.35777107,-82.07026432,13245.0,305.6518432929418,4.361873990306947,592,609,25,0,584,606,201554,10,2,0,8,3
2020-06-05,US,Georgia,Rockdale,304,8,0,33.65145002,-84.02202167,13247.0,334.4481605351171,2.631578947368421,296,302,8,0,294,297,90594,2,0,0,2,5
2020-06-05,US,Georgia,Schley,18,1,0,32.2654021,-84.31258912,13249.0,342.4006087121933,5.5555555555555545,17,17,1,0,16,16,5236,1,0,0,1,1
2020-06-05,US,Georgia,Screven,57,3,0,32.74976524,-81.60779441,13251.0,408.13403981096945,5.2631578947368425,54,56,3,0,53,55,13938,1,0,0,1,1
2020-06-05,US,Georgia,Seminole,46,2,0,30.93464824,-84.86823924,13253.0,568.6032138442522,4.3478260869565215,44,45,2,0,43,45,8315,1,0,0,1,0
2020-06-05,US,Georgia,Spalding,292,22,0,33.26310031,-84.28013991,13255.0,437.76142002608583,7.534246575342466,270,281,22,0,259,280,66100,11,0,0,11,1
2020-06-05,US,Georgia,Stephens,143,3,0,34.55151201,-83.29405315,13257.0,551.5911282545807,2.097902097902098,140,147,3,0,144,147,26035,-4,0,0,-4,0
2020-06-05,US,Georgia,Stewart,55,1,0,32.07996777,-84.83208037,13259.0,830.6902280622263,1.818181818181818,54,54,1,0,53,53,6199,1,0,0,1,1
2020-06-05,US,Georgia,Sumter,493,45,0,32.03650571,-84.19821492,13261.0,1669.8279365939575,9.127789046653144,448,490,44,0,446,490,29733,3,1,0,2,0
2020-06-05,US,Georgia,Talbot,40,2,0,32.69642758,-84.53351366,13263.0,645.682001614205,5.0,38,40,2,0,38,40,6272,0,0,0,0,0
2020-06-05,US,Georgia,Taliaferro,1,0,0,33.56543317,-82.88136816,13265.0,65.06180871828235,0.0,1,1,0,0,1,1,1608,0,0,0,0,0
2020-06-05,US,Georgia,Tattnall,30,0,0,32.04785085,-82.05539188,13267.0,118.6427272008226,0.0,30,29,0,0,29,29,25391,1,0,0,1,0
2020-06-05,US,Georgia,Taylor,23,2,0,32.55792548,-84.25077141,13269.0,286.78304239401496,8.695652173913043,21,23,2,0,21,23,8039,0,0,0,0,0
2020-06-05,US,Georgia,Telfair,38,1,0,31.92829517,-82.93491155,13271.0,239.59646910466583,2.631578947368421,37,38,1,0,37,37,15876,0,0,0,0,1
2020-06-05,US,Georgia,Terrell,217,26,0,31.77527543,-84.44069698,13273.0,2543.664283202438,11.981566820276498,191,217,26,0,191,215,8611,0,0,0,0,2
2020-06-05,US,Georgia,Thomas,350,33,0,30.86392347,-83.91847289,13275.0,787.3838608805203,9.428571428571429,317,349,32,0,317,346,44448,1,1,0,0,3
2020-06-05,US,Georgia,Tift,291,19,0,31.45743864,-83.5236119,13277.0,715.9728373191615,6.529209621993128,272,277,18,0,259,271,40571,14,1,0,13,6
2020-06-05,US,Georgia,Toombs,62,4,0,32.12059861,-82.32957247,13279.0,231.0846067834514,6.451612903225807,58,60,4,0,56,58,26887,2,0,0,2,2
2020-06-05,US,Georgia,Towns,29,1,0,34.91369188,-83.74107459999998,13281.0,240.92381822713298,3.4482758620689653,28,27,1,0,26,26,11852,2,0,0,2,1
2020-06-05,US,Georgia,Treutlen,14,0,0,32.40422134,-82.56904553,13283.0,202.86914939863792,0.0,14,13,0,0,13,13,6809,1,0,0,1,0
2020-06-05,US,Georgia,Troup,395,11,0,33.03349196,-85.02812115,13285.0,564.915191213066,2.7848101265822787,384,363,11,0,352,345,70034,32,0,0,32,18
2020-06-05,US,Georgia,Turner,139,13,0,31.71612656,-83.62069378,13287.0,1740.7639323732,9.352517985611511,126,134,13,0,121,134,7912,5,0,0,5,0
2020-06-05,US,Georgia,Twiggs,18,1,0,32.67435595,-83.43078662,13289.0,221.67487684729062,5.5555555555555545,17,18,1,0,17,18,8188,0,0,0,0,0
2020-06-05,US,Georgia,Unassigned,1043,2,0,0.0,0.0,90013.0,0.0,0.1917545541706616,1041,1196,0,0,1196,1338,,-153,2,0,-155,-142
2020-06-05,US,Georgia,Union,48,1,0,34.82995757,-83.98967069,13291.0,195.83044347435845,2.083333333333333,47,48,1,0,47,48,24001,0,0,0,0,0
2020-06-05,US,Georgia,Upson,290,35,0,32.87920671,-84.30024826,13293.0,1101.8237082066871,12.06896551724138,255,290,34,0,256,290,26215,0,1,0,-1,0
2020-06-05,US,Georgia,Walker,189,0,0,34.73376362,-85.30165174,13295.0,270.92501540975616,0.0,189,178,0,0,178,171,69410,11,0,0,11,7
2020-06-05,US,Georgia,Walton,297,15,0,33.78017694,-83.73552314,13297.0,313.9767213218737,5.05050505050505,282,288,15,0,273,273,93503,9,0,0,9,15
2020-06-05,US,Georgia,Ware,240,14,0,31.05449097,-82.42224148,13299.0,671.6292606481222,5.833333333333332,226,238,14,0,224,234,35680,2,0,0,2,4
2020-06-05,US,Georgia,Warren,18,0,0,33.41146451,-82.67795848,13301.0,342.59611724400463,0.0,18,18,0,0,18,18,5251,0,0,0,0,0
2020-06-05,US,Georgia,Washington,74,1,0,32.96711864,-82.79357039,13303.0,363.20801020909,1.351351351351351,73,74,1,0,73,74,20386,0,0,0,0,0
2020-06-05,US,Georgia,Wayne,23,0,0,31.5521809,-81.91894878,13305.0,76.8536772813847,0.0,23,22,0,0,22,22,29808,1,0,0,1,0
2020-06-05,US,Georgia,Webster,14,1,0,32.04066113,-84.54742852,13307.0,537.0157268891446,7.142857142857142,13,13,1,0,12,13,2611,1,0,0,1,0
2020-06-05,US,Georgia,Wheeler,13,0,0,32.12009104,-82.72574721,13309.0,165.49968173138132,0.0,13,13,0,0,13,13,7879,0,0,0,0,0
2020-06-05,US,Georgia,White,111,3,0,34.64624278,-83.74905525,13311.0,360.413013832067,2.702702702702702,108,110,3,0,107,105,29970,1,0,0,1,5
2020-06-05,US,Georgia,Whitfield,438,7,0,34.80987459,-84.96093476,13313.0,418.6259892189472,1.5981735159817352,431,427,7,0,420,408,104062,11,0,0,11,19
2020-06-05,US,Georgia,Wilcox,117,13,0,31.97496928,-83.43438555,13315.0,1354.950781702374,11.111111111111109,104,117,13,0,104,117,8812,0,0,0,0,0
2020-06-05,US,Georgia,Wilkes,34,1,0,33.78290391,-82.74286107,13317.0,347.75493505165184,2.9411764705882355,33,34,1,0,33,34,9876,0,0,0,0,0
2020-06-05,US,Georgia,Wilkinson,71,7,0,32.80291082,-83.17140684,13319.0,792.941702032611,9.859154929577462,64,70,7,0,63,69,9036,1,0,0,1,1
2020-06-05,US,Georgia,Worth,231,21,0,31.55162306,-83.85090513,13321.0,1140.9097644095418,9.090909090909092,210,228,21,0,207,226,20299,3,0,0,3,2
2020-06-05,US,Hawaii,Hawaii,81,0,0,19.60121157,-155.5210167,15001.0,40.195917881228496,0.0,81,81,0,0,81,81,200983,0,0,0,0,0
2020-06-05,US,Hawaii,Honolulu,431,11,0,21.45803166,-157.97121819999995,15003.0,44.224950054537274,2.5522041763341066,420,424,11,0,413,423,980080,7,0,0,7,1
2020-06-05,US,Hawaii,Kauai,21,0,0,22.03935037,-159.5966786,15007.0,29.04845559044444,0.0,21,20,0,0,20,20,72133,1,0,0,1,0
2020-06-05,US,Hawaii,Maui,120,6,0,20.86399628,-156.56890969999995,15009.0,71.67730875598058,5.0,114,119,6,0,113,119,167207,1,0,0,1,0
2020-06-05,US,Hawaii,Out of HI,11,0,0,0.0,0.0,80015.0,0.0,0.0,11,11,0,0,11,10,,0,0,0,0,1
2020-06-05,US,Idaho,Ada,833,22,0,43.4526575,-116.24155159999998,16001.0,172.96978531397235,2.641056422569028,811,823,22,0,801,818,469966,10,0,0,10,5
2020-06-05,US,Idaho,Adams,3,0,0,44.89333571,-116.4545247,16003.0,69.86492780624127,0.0,3,3,0,0,3,3,4250,0,0,0,0,0
2020-06-05,US,Idaho,Bannock,45,1,0,42.67002716,-112.2233311,16005.0,51.2481778425656,2.2222222222222223,44,37,1,0,36,34,87138,8,0,0,8,3
2020-06-05,US,Idaho,Benewah,17,0,0,47.21754179,-116.6586851,16009.0,182.83501828350185,0.0,17,14,0,0,14,12,9226,3,0,0,3,2
2020-06-05,US,Idaho,Bingham,20,0,0,43.21672879999999,-112.3978437,16011.0,42.72500053406251,0.0,20,11,0,0,11,8,46236,9,0,0,9,3
2020-06-05,US,Idaho,Blaine,514,5,0,43.4085812,-113.9752658,16013.0,2232.7440163329134,0.9727626459143968,509,514,5,0,509,512,22601,0,0,0,0,2
2020-06-05,US,Idaho,Bonner,6,0,0,48.29996017,-116.6017932,16017.0,13.117908130916724,0.0,6,6,0,0,6,6,44727,0,0,0,0,0
2020-06-05,US,Idaho,Bonneville,60,0,0,43.38713372,-111.6161537,16019.0,50.39391241538022,0.0,60,56,0,0,56,51,116854,4,0,0,4,5
2020-06-05,US,Idaho,Camas,1,0,0,43.46665742,-114.8065892,16025.0,90.41591320072331,0.0,1,1,0,0,1,1,1127,0,0,0,0,0
2020-06-05,US,Idaho,Canyon,336,6,0,43.61970148,-116.70954990000001,16027.0,146.1829287923811,1.7857142857142858,330,315,6,0,309,310,223499,21,0,0,21,5
2020-06-05,US,Idaho,Caribou,3,0,0,42.77149116,-111.5597683,16029.0,41.9287211740042,0.0,3,3,0,0,3,1,7060,0,0,0,0,2
2020-06-05,US,Idaho,Cassia,109,1,0,42.28347888,-113.6012409,16031.0,453.5996670828131,0.9174311926605504,108,89,1,0,88,85,23864,20,0,0,20,4
2020-06-05,US,Idaho,Custer,2,0,0,44.24186819,-114.2855494,16037.0,46.349942062572424,0.0,2,2,0,0,2,2,4280,0,0,0,0,0
2020-06-05,US,Idaho,Elmore,32,2,0,43.3507101,-115.4701578,16039.0,116.31710951982843,6.25,30,32,2,0,30,31,27259,0,0,0,0,1
2020-06-05,US,Idaho,Franklin,8,0,0,42.18332217,-111.81496659999999,16041.0,57.653502450273855,0.0,8,9,0,0,9,9,13726,-1,0,0,-1,0
2020-06-05,US,Idaho,Fremont,4,0,0,44.22800938,-111.48099429999999,16043.0,30.536682189480114,0.0,4,4,0,0,4,3,13168,0,0,0,0,1
2020-06-05,US,Idaho,Gem,17,0,0,44.06482372,-116.398376,16045.0,93.86042402826857,0.0,17,17,0,0,17,17,17634,0,0,0,0,0
2020-06-05,US,Idaho,Gooding,55,0,0,42.96927962,-114.81083059999999,16047.0,362.3427103234732,0.0,55,50,0,0,50,49,15196,5,0,0,5,1
2020-06-05,US,Idaho,Idaho,3,0,0,45.84721541,-115.4634436,16049.0,17.999640007199854,0.0,3,3,0,0,3,3,16513,0,0,0,0,0
2020-06-05,US,Idaho,Jefferson,9,0,0,43.82078483,-112.3131749,16051.0,30.12955709551069,0.0,9,9,0,0,9,7,29439,0,0,0,0,2
2020-06-05,US,Idaho,Jerome,194,2,0,42.68891267,-114.2655033,16053.0,794.6911355071277,1.0309278350515465,192,180,2,0,178,175,24015,14,0,0,14,5
2020-06-05,US,Idaho,Kootenai,81,0,0,47.67282258,-116.7020872,16055.0,48.884409494438636,0.0,81,74,0,0,74,73,161505,7,0,0,7,1
2020-06-05,US,Idaho,Latah,7,0,0,46.81587887,-116.71136979999999,16057.0,17.452877231475018,0.0,7,7,0,0,7,7,40134,0,0,0,0,0
2020-06-05,US,Idaho,Lemhi,1,0,0,44.9438088,-113.9309747,16059.0,12.457954403886884,0.0,1,1,0,0,1,1,7961,0,0,0,0,0
2020-06-05,US,Idaho,Lincoln,33,0,0,43.0012336,-114.1358773,16063.0,614.9832277301529,0.0,33,33,0,0,33,33,5360,0,0,0,0,0
2020-06-05,US,Idaho,Madison,27,0,0,43.78141028,-111.65384740000002,16065.0,67.65730323000977,0.0,27,25,0,0,25,21,39304,2,0,0,2,4
2020-06-05,US,Idaho,Minidoka,71,0,0,42.85518524,-113.6357257,16067.0,337.4685108607824,0.0,71,61,0,0,61,58,20825,10,0,0,10,3
2020-06-05,US,Idaho,Nez Perce,83,19,0,46.32638236,-116.75009750000001,16069.0,205.4048703227084,22.891566265060238,64,83,19,0,64,82,40408,0,0,0,0,1
2020-06-05,US,Idaho,Owyhee,8,0,0,42.58016894,-116.16938710000001,16073.0,67.66472130592912,0.0,8,8,0,0,8,8,11693,0,0,0,0,0
2020-06-05,US,Idaho,Payette,26,2,0,44.00545243,-116.7647695,16075.0,108.55496638971232,7.6923076923076925,24,25,2,0,23,23,23551,1,0,0,1,2
2020-06-05,US,Idaho,Power,7,0,0,42.69254894,-112.83957420000002,16077.0,91.13396693138914,0.0,7,6,0,0,6,6,7768,1,0,0,1,0
2020-06-05,US,Idaho,Teton,11,0,0,43.75303583,-111.2056773,16081.0,90.59463020919122,0.0,11,11,0,0,11,11,11640,0,0,0,0,0
2020-06-05,US,Idaho,Twin Falls,437,23,0,42.35440512,-114.6685381,16083.0,503.0042128041621,5.2631578947368425,414,432,23,0,409,428,86081,5,0,0,5,4
2020-06-05,US,Idaho,Valley,2,0,0,44.76728382,-115.5676773,16085.0,17.5561797752809,0.0,2,2,0,0,2,2,11041,0,0,0,0,0
2020-06-05,US,Idaho,Washington,46,0,0,44.45275475,-116.78476880000001,16087.0,451.2458308809103,0.0,46,44,0,0,44,43,10161,2,0,0,2,1
2020-06-05,US,Illinois,Adams,44,1,0,39.98815591,-91.18786813,17001.0,67.24230152059296,2.272727272727273,43,44,1,0,43,44,65691,0,0,0,0,0
2020-06-05,US,Illinois,Alexander,14,0,0,37.18049267,-89.32910838,17003.0,243.01336573511543,0.0,14,12,0,0,12,12,6060,2,0,0,2,0
2020-06-05,US,Illinois,Bond,12,1,0,38.88829622,-89.43534887,17005.0,73.0549129428954,8.333333333333334,11,12,1,0,11,12,16630,0,0,0,0,0
2020-06-05,US,Illinois,Boone,498,17,0,42.32359279,-88.82345779,17007.0,930.0761990138952,3.4136546184738954,481,488,17,0,471,481,53577,10,0,0,10,7
2020-06-05,US,Illinois,Brown,10,0,0,39.96209138,-90.75068024,17009.0,152.02189115232594,0.0,10,10,0,0,10,10,6556,0,0,0,0,0
2020-06-05,US,Illinois,Bureau,21,1,0,41.40385234,-89.5283051,17011.0,64.36189775652814,4.761904761904762,20,17,1,0,16,17,32993,4,0,0,4,0
2020-06-05,US,Illinois,Calhoun,1,0,0,39.16840183,-90.66330078,17013.0,21.101498206372653,0.0,1,1,0,0,1,1,4802,0,0,0,0,0
2020-06-05,US,Illinois,Carroll,17,2,0,42.06823429,-89.93395545,17015.0,118.83956658511009,11.764705882352944,15,15,2,0,13,15,14312,2,0,0,2,0
2020-06-05,US,Illinois,Cass,76,0,0,39.96991073,-90.24734436,17017.0,625.6688894377213,0.0,76,74,0,0,74,74,12260,2,0,0,2,0
2020-06-05,US,Illinois,Champaign,677,7,0,40.13919438,-88.20046615,17019.0,322.8590913209563,1.03397341211226,670,671,7,0,664,661,209983,6,0,0,6,10
2020-06-05,US,Illinois,Christian,35,4,0,39.54581621,-89.27780482,17021.0,108.34571570084199,11.428571428571427,31,35,4,0,31,35,32661,0,0,0,0,0
2020-06-05,US,Illinois,Clark,11,0,0,39.33425789,-87.78705622,17023.0,71.23890939705977,0.0,11,11,0,0,11,11,15596,0,0,0,0,0
2020-06-05,US,Illinois,Clay,2,0,0,38.75388572,-88.48914513,17025.0,15.169902912621357,0.0,2,2,0,0,2,2,13253,0,0,0,0,0
2020-06-05,US,Illinois,Clinton,190,17,0,38.60704876,-89.42385254,17027.0,505.8303604706885,8.947368421052632,173,189,17,0,172,188,37639,1,0,0,1,1
2020-06-05,US,Illinois,Coles,138,17,0,39.51949084,-88.22358557,17029.0,272.6141324746646,12.318840579710145,121,129,17,0,112,128,50885,9,0,0,9,1
2020-06-05,US,Illinois,Cook,81344,3880,0,41.84144849,-87.81658794,17031.0,1579.4236882098346,4.769866247049566,77464,80713,3846,0,76867,80204,5180493,631,34,0,597,509
2020-06-05,US,Illinois,Crawford,11,0,0,39.0032229,-87.75954624,17033.0,58.92751915144373,0.0,11,11,0,0,11,12,18807,0,0,0,0,-1
2020-06-05,US,Illinois,Cumberland,10,0,0,39.27432424,-88.2401158,17035.0,92.88500835965077,0.0,10,10,0,0,10,10,10808,0,0,0,0,0
2020-06-05,US,Illinois,De Witt,4,0,0,40.17514519,-88.90959682,17039.0,25.57871850620284,0.0,4,4,0,0,4,4,15769,0,0,0,0,0
2020-06-05,US,Illinois,DeKalb,450,8,0,41.89373302,-88.76958483,17037.0,428.992249540025,1.7777777777777777,442,443,8,0,435,435,104143,7,0,0,7,8
2020-06-05,US,Illinois,Douglas,28,0,0,39.76768052,-88.21854195,17041.0,143.84793218597486,0.0,28,28,0,0,28,28,19479,0,0,0,0,0
2020-06-05,US,Illinois,DuPage,7997,394,0,41.85116968,-88.08642662,17043.0,866.4880309365592,4.926847567837939,7603,7939,392,0,7547,7891,928589,58,2,0,56,48
2020-06-05,US,Illinois,Edgar,1,0,0,39.6809186,-87.74759563,17045.0,5.827166249053086,0.0,1,1,0,0,1,1,17360,0,0,0,0,0
2020-06-05,US,Illinois,Edwards,2,0,0,38.41353228,-88.05720863,17047.0,31.27443315089914,0.0,2,2,0,0,2,2,6392,0,0,0,0,0
2020-06-05,US,Illinois,Effingham,8,1,0,39.05935711,-88.58969584,17049.0,23.523876734885913,12.5,7,7,1,0,6,7,34208,1,0,0,1,0
2020-06-05,US,Illinois,Fayette,21,3,0,39.00072038,-89.02452658,17051.0,98.42519685039369,14.285714285714285,18,21,3,0,18,21,21416,0,0,0,0,0
2020-06-05,US,Illinois,Ford,21,1,0,40.59706922,-88.22350769,17053.0,162.02453514389322,4.761904761904762,20,20,1,0,19,20,13264,1,0,0,1,0
2020-06-05,US,Illinois,Franklin,12,0,0,37.99189086,-88.92567818,17055.0,31.19394837401544,0.0,12,12,0,0,12,12,38701,0,0,0,0,0
2020-06-05,US,Illinois,Fulton,12,0,0,40.47289135,-90.20862357,17057.0,34.944670937682005,0.0,12,12,0,0,12,12,34844,0,0,0,0,0
2020-06-05,US,Illinois,Gallatin,2,0,0,37.76430935,-88.22953869,17059.0,41.42502071251035,0.0,2,2,0,0,2,2,5058,0,0,0,0,0
2020-06-05,US,Illinois,Greene,6,0,0,39.35907414,-90.388865,17061.0,46.26416840157298,0.0,6,6,0,0,6,6,13044,0,0,0,0,0
2020-06-05,US,Illinois,Grundy,111,2,0,41.28569601,-88.41905692,17063.0,217.4168527441533,1.8018018018018016,109,107,2,0,105,104,50972,4,0,0,4,3
2020-06-05,US,Illinois,Hamilton,2,0,0,38.08163641,-88.53883373,17065.0,24.64268112370626,0.0,2,2,0,0,2,2,8163,0,0,0,0,0
2020-06-05,US,Illinois,Hancock,17,1,0,40.40423981,-91.16313899,17067.0,96.00180709283941,5.882352941176472,16,17,1,0,16,17,17844,0,0,0,0,0
2020-06-05,US,Illinois,Hardin,1,0,0,37.51810645,-88.26873022,17069.0,26.17115938236064,0.0,1,1,0,0,1,1,3910,0,0,0,0,0
2020-06-05,US,Illinois,Henderson,8,0,0,40.81908672,-90.92491462,17071.0,120.37315678603672,0.0,8,8,0,0,8,8,6709,0,0,0,0,0
2020-06-05,US,Illinois,Henry,70,0,0,41.3533994,-90.13296166,17073.0,143.1112383211007,0.0,70,70,0,0,70,70,49090,0,0,0,0,0
2020-06-05,US,Illinois,Iroquois,135,5,0,40.74717633,-87.82466784,17075.0,497.89776499225485,3.703703703703704,130,133,4,0,129,133,27604,2,1,0,1,0
2020-06-05,US,Illinois,Jackson,300,10,0,37.78595185,-89.38232563,17077.0,528.6343612334801,3.333333333333333,290,296,10,0,286,293,57419,4,0,0,4,3
2020-06-05,US,Illinois,Jasper,46,7,0,39.01054275,-88.15437049,17079.0,478.6680541103018,15.217391304347824,39,46,7,0,39,46,9611,0,0,0,0,0
2020-06-05,US,Illinois,Jefferson,101,16,0,38.29980057,-88.9240025,17081.0,268.0182570852351,15.84158415841584,85,101,16,0,85,101,37820,0,0,0,0,0
2020-06-05,US,Illinois,Jersey,24,1,0,39.08869046,-90.35393073,17083.0,110.22826436412072,4.166666666666667,23,24,1,0,23,24,21847,0,0,0,0,0
2020-06-05,US,Illinois,Jo Daviess,32,1,0,42.36542373,-90.21094405,17085.0,150.69460795855895,3.125,31,32,1,0,31,32,21366,0,0,0,0,0
2020-06-05,US,Illinois,Johnson,11,0,0,37.45939802,-88.88165419,17087.0,88.58822581944109,0.0,11,11,0,0,11,10,12456,0,0,0,0,1
2020-06-05,US,Illinois,Kane,6672,205,0,41.93842729,-88.42861412,17089.0,1253.1860263747576,3.0725419664268587,6467,6581,197,0,6384,6518,534216,91,8,0,83,63
2020-06-05,US,Illinois,Kankakee,989,54,0,41.13746989,-87.86205334,17091.0,900.2202763466895,5.460060667340748,935,975,53,0,922,959,110024,14,1,0,13,16
2020-06-05,US,Illinois,Kendall,839,19,0,41.59081014,-88.42869583,17093.0,650.4380184510428,2.2646007151370684,820,833,19,0,814,825,127915,6,0,0,6,8
2020-06-05,US,Illinois,Knox,102,0,0,40.93148779,-90.21330340000002,17095.0,205.2355178172599,0.0,102,102,0,0,102,101,50112,0,0,0,0,1
2020-06-05,US,Illinois,LaSalle,160,16,0,41.34426129999999,-88.88633881,17099.0,147.23610229228206,10.0,144,159,16,0,143,157,109430,1,0,0,1,2
2020-06-05,US,Illinois,Lake,8647,334,0,42.3224907,-88.00367925,17097.0,1241.4307967295254,3.8626113102810224,8313,8584,330,0,8254,8511,700832,63,4,0,59,73
2020-06-05,US,Illinois,Lawrence,4,0,0,38.71987914,-87.72884035,17101.0,25.513458349279247,0.0,4,4,0,0,4,4,15765,0,0,0,0,0
2020-06-05,US,Illinois,Lee,82,1,0,41.74583951,-89.29977132,17103.0,240.49741905208825,1.2195121951219512,81,82,1,0,81,82,34223,0,0,0,0,0
2020-06-05,US,Illinois,Livingston,36,2,0,40.89188292,-88.55784752,17105.0,100.98743267504489,5.5555555555555545,34,36,2,0,34,36,35761,0,0,0,0,0
2020-06-05,US,Illinois,Logan,11,0,0,40.12581572,-89.36638784,17107.0,38.43734712418758,0.0,11,11,0,0,11,11,28925,0,0,0,0,0
2020-06-05,US,Illinois,Macon,200,20,0,39.86064913,-88.96342505,17115.0,192.29105173590747,10.0,180,199,20,0,179,195,104712,1,0,0,1,4
2020-06-05,US,Illinois,Macoupin,46,2,0,39.26119767,-89.92424028,17117.0,102.39059787205628,4.3478260869565215,44,46,2,0,44,46,45313,0,0,0,0,0
2020-06-05,US,Illinois,Madison,624,65,0,38.83042506,-89.90422563,17119.0,237.29303408045143,10.416666666666666,559,612,65,0,547,600,264461,12,0,0,12,12
2020-06-05,US,Illinois,Marion,52,0,0,38.64963204,-88.91899208,17121.0,139.76616046230342,0.0,52,51,0,0,51,51,37620,1,0,0,1,0
2020-06-05,US,Illinois,Marshall,5,0,0,41.0327901,-89.34510444,17123.0,43.7139360027977,0.0,5,5,0,0,5,5,11534,0,0,0,0,0
2020-06-05,US,Illinois,Mason,18,0,0,40.23917274,-89.91824452,17125.0,134.74062429822592,0.0,18,18,0,0,18,18,13565,0,0,0,0,0
2020-06-05,US,Illinois,Massac,7,0,0,37.22078441,-88.71036614,17127.0,50.827766482718566,0.0,7,7,0,0,7,7,14080,0,0,0,0,0
2020-06-05,US,Illinois,McDonough,91,13,0,40.45674722,-90.67775541,17109.0,306.5831143453945,14.285714285714285,78,93,13,0,80,94,29955,-2,0,0,-2,-1
2020-06-05,US,Illinois,McHenry,1677,79,0,42.32451172,-88.45248227,17111.0,544.880334271251,4.710793082886107,1598,1660,78,0,1582,1628,308570,17,1,0,16,32
2020-06-05,US,Illinois,McLean,226,13,0,40.48996987,-88.84621113,17113.0,131.76536436621444,5.7522123893805315,213,224,13,0,211,224,172828,2,0,0,2,0
2020-06-05,US,Illinois,Menard,22,0,0,40.02742725,-89.80246001,17129.0,180.38701213512627,0.0,22,20,0,0,20,20,12288,2,0,0,2,0
2020-06-05,US,Illinois,Mercer,18,0,0,41.20596782,-90.74290052,17131.0,116.60296689771327,0.0,18,18,0,0,18,17,15601,0,0,0,0,1
2020-06-05,US,Illinois,Monroe,100,12,0,38.27594376,-90.17761038,17133.0,288.70860640355687,12.0,88,98,12,0,86,97,34335,2,0,0,2,1
2020-06-05,US,Illinois,Montgomery,41,1,0,39.23198845,-89.47809254,17135.0,144.29506581262757,2.4390243902439024,40,41,1,0,40,40,28601,0,0,0,0,1
2020-06-05,US,Illinois,Morgan,42,1,0,39.71654544,-90.20255104,17137.0,124.7845980153307,2.380952380952381,41,42,1,0,41,39,33976,0,0,0,0,3
2020-06-05,US,Illinois,Moultrie,12,0,0,39.64187451,-88.62099969,17139.0,82.75291359216604,0.0,12,12,0,0,12,12,14717,0,0,0,0,0
2020-06-05,US,Illinois,Ogle,225,3,0,42.04165196,-89.32184679,17141.0,444.286475919673,1.3333333333333333,222,223,3,0,220,214,50923,2,0,0,2,9
2020-06-05,US,Illinois,Out of IL,116,1,0,0.0,0.0,80017.0,0.0,0.8620689655172413,115,119,1,0,118,120,,-3,0,0,-3,-1
2020-06-05,US,Illinois,Peoria,301,11,0,40.78702156,-89.76078901,17143.0,167.98843614486069,3.6544850498338866,290,286,11,0,275,273,180621,15,0,0,15,13
2020-06-05,US,Illinois,Perry,42,0,0,38.08510853,-89.36856219,17145.0,200.8032128514056,0.0,42,42,0,0,42,42,21174,0,0,0,0,0
2020-06-05,US,Illinois,Piatt,11,0,0,40.01360584,-88.59319339,17147.0,67.30298580518844,0.0,11,11,0,0,11,11,16396,0,0,0,0,0
2020-06-05,US,Illinois,Pike,1,0,0,39.62265059,-90.8877017,17149.0,6.426322215795901,0.0,1,1,0,0,1,1,15611,0,0,0,0,0
2020-06-05,US,Illinois,Pope,1,0,0,37.41391284,-88.56152109,17151.0,23.94062724443381,0.0,1,1,0,0,1,1,4212,0,0,0,0,0
2020-06-05,US,Illinois,Pulaski,58,0,0,37.22631423,-89.13085001,17153.0,1087.1602624179943,0.0,58,57,0,0,57,56,5463,1,0,0,1,1
2020-06-05,US,Illinois,Putnam,1,0,0,41.2013541,-89.2869272,17155.0,17.424638438752392,0.0,1,1,0,0,1,1,5740,0,0,0,0,0
2020-06-05,US,Illinois,Randolph,273,4,0,38.05095369,-89.82512254,17157.0,858.9767793090429,1.465201465201465,269,273,4,0,269,271,32106,0,0,0,0,2
2020-06-05,US,Illinois,Richland,4,0,0,38.71240969,-88.08475366,17159.0,25.78482563011668,0.0,4,4,0,0,4,3,15763,0,0,0,0,1
2020-06-05,US,Illinois,Rock Island,703,25,0,41.46613806,-90.57042164,17161.0,495.49263809302295,3.5561877667140824,678,694,24,0,670,691,143477,9,1,0,8,3
2020-06-05,US,Illinois,Saline,7,0,0,37.75332999,-88.54119706,17165.0,29.798646290068536,0.0,7,7,0,0,7,7,23906,0,0,0,0,0
2020-06-05,US,Illinois,Sangamon,360,29,0,39.75836914,-89.65872023,17167.0,184.9264403714967,8.055555555555555,331,359,29,0,330,353,195348,1,0,0,1,6
2020-06-05,US,Illinois,Schuyler,13,0,0,40.157179799999994,-90.61114163,17169.0,192.08037825059105,0.0,13,13,0,0,13,13,6907,0,0,0,0,0
2020-06-05,US,Illinois,Shelby,16,1,0,39.39133527,-88.80611122,17173.0,73.95765924008505,6.25,15,16,1,0,15,16,21741,0,0,0,0,0
2020-06-05,US,Illinois,St. Clair,1262,92,0,38.46996033,-89.93063427,17163.0,485.9715194504132,7.290015847860539,1170,1227,91,0,1136,1210,261059,35,1,0,34,17
2020-06-05,US,Illinois,Stark,3,0,0,41.09309773,-89.79745866,17175.0,56.15874204417821,0.0,3,3,0,0,3,3,5427,0,0,0,0,0
2020-06-05,US,Illinois,Stephenson,211,5,0,42.35129217,-89.662598,17177.0,474.1786147692032,2.3696682464454977,206,209,5,0,204,210,44753,2,0,0,2,-1
2020-06-05,US,Illinois,Tazewell,81,5,0,40.50716185,-89.51404662,17179.0,61.455353823509334,6.172839506172839,76,78,5,0,73,78,132328,3,0,0,3,0
2020-06-05,US,Illinois,Unassigned,90,0,0,0.0,0.0,90017.0,0.0,0.0,90,84,0,0,84,105,,6,0,0,6,-21
2020-06-05,US,Illinois,Union,171,14,0,37.47119609,-89.25548938,17181.0,1026.8420104485679,8.187134502923977,157,171,14,0,157,168,16841,0,0,0,0,3
2020-06-05,US,Illinois,Vermilion,42,1,0,40.18417171,-87.73384359,17183.0,55.43968953773859,2.380952380952381,41,41,1,0,40,40,76806,1,0,0,1,1
2020-06-05,US,Illinois,Wabash,6,0,0,38.44272901,-87.84922065,17185.0,52.08333333333334,0.0,6,6,0,0,6,5,11549,0,0,0,0,1
2020-06-05,US,Illinois,Warren,122,0,0,40.84925021,-90.6147432,17187.0,724.2935169793399,0.0,122,120,0,0,120,118,17032,2,0,0,2,2
2020-06-05,US,Illinois,Washington,19,0,0,38.35309213,-89.40982703,17189.0,136.81860733059696,0.0,19,19,0,0,19,19,13995,0,0,0,0,0
2020-06-05,US,Illinois,Wayne,9,1,0,38.42955355,-88.42586459,17191.0,55.50416281221092,11.111111111111109,8,9,1,0,8,9,16332,0,0,0,0,0
2020-06-05,US,Illinois,White,2,0,0,38.08706198,-88.17657461,17193.0,14.774322227967794,0.0,2,2,0,0,2,2,13665,0,0,0,0,0
2020-06-05,US,Illinois,Whiteside,149,13,0,41.75509713,-89.91556058,17195.0,270.0498414136837,8.724832214765101,136,147,13,0,134,144,55626,2,0,0,2,3
2020-06-05,US,Illinois,Will,5799,285,0,41.44619267,-87.97862712,17197.0,839.5307661460196,4.914640455250907,5514,5742,284,0,5458,5704,692310,57,1,0,56,38
2020-06-05,US,Illinois,Williamson,75,3,0,37.73033511,-88.92994027,17199.0,112.617685481328,4.0,72,74,3,0,71,71,67056,1,0,0,1,3
2020-06-05,US,Illinois,Winnebago,2465,66,0,42.33641854,-89.16085327,17201.0,872.3440397491612,2.677484787018256,2399,2397,61,0,2336,2354,284081,68,5,0,63,43
2020-06-05,US,Illinois,Woodford,21,2,0,40.78579374,-89.20973757,17203.0,54.6036038378533,9.523809523809524,19,21,2,0,19,21,38463,0,0,0,0,0
2020-06-05,US,Indiana,Adams,23,1,0,40.7457653,-84.93671406,18001.0,64.28711183162366,4.3478260869565215,22,21,1,0,20,20,35636,2,0,0,2,1
2020-06-05,US,Indiana,Allen,1810,71,0,41.09194313,-85.06800636,18003.0,477.19609068307585,3.9226519337016574,1739,1753,71,0,1682,1743,375351,57,0,0,57,10
2020-06-05,US,Indiana,Bartholomew,531,39,0,39.20744865,-85.89558181,18005.0,633.8103820766539,7.344632768361581,492,527,39,0,488,522,82753,4,0,0,4,5
2020-06-05,US,Indiana,Benton,32,0,0,40.60626947,-87.31093999,18007.0,365.7978966620942,0.0,32,32,0,0,32,32,8653,0,0,0,0,0
2020-06-05,US,Indiana,Blackford,27,2,0,40.47388153,-85.32499702,18009.0,229.63088960707603,7.407407407407407,25,27,2,0,25,27,11930,0,0,0,0,0
2020-06-05,US,Indiana,Boone,324,36,0,40.0509304,-86.46841646,18011.0,477.5732205238566,11.111111111111109,288,324,35,0,289,318,66999,0,1,0,-1,6
2020-06-05,US,Indiana,Brown,33,1,0,39.19605589,-86.22868909,18013.0,218.65889212827992,3.0303030303030303,32,33,1,0,32,33,15234,0,0,0,0,0
2020-06-05,US,Indiana,Carroll,95,2,0,40.580783200000006,-86.56198812,18015.0,468.9736881078146,2.1052631578947367,93,94,3,0,91,93,20127,1,-1,0,2,1
2020-06-05,US,Indiana,Cass,1591,9,0,40.76135835,-86.34830753,18017.0,4221.390856748653,0.5656819610307983,1582,1592,7,0,1585,1592,37955,-1,2,0,-3,0
2020-06-05,US,Indiana,Clark,539,42,0,38.48015445,-85.70510334,18019.0,455.6135990938446,7.792207792207793,497,530,41,0,489,528,117360,9,1,0,8,2
2020-06-05,US,Indiana,Clay,53,3,0,39.39561833,-87.11723506,18021.0,202.09723546234508,5.660377358490566,50,53,3,0,50,52,26170,0,0,0,0,1
2020-06-05,US,Indiana,Clinton,247,1,0,40.30319754,-86.47277257,18023.0,762.3692089262013,0.4048582995951417,246,246,1,0,245,240,32250,1,0,0,1,6
2020-06-05,US,Indiana,Crawford,25,0,0,38.28814402,-86.44518825,18025.0,236.3619173678737,0.0,25,24,0,0,24,24,10558,1,0,0,1,0
2020-06-05,US,Indiana,Daviess,104,16,0,38.70186039,-87.07185406,18027.0,311.8347275943749,15.384615384615385,88,99,16,0,83,95,33147,5,0,0,5,4
2020-06-05,US,Indiana,DeKalb,45,1,0,41.39804622,-84.99906934,18033.0,103.50776308223116,2.2222222222222223,44,44,1,0,43,43,43226,1,0,0,1,1
2020-06-05,US,Indiana,Dearborn,171,22,0,39.14647946,-84.97333539,18029.0,345.74790731529777,12.865497076023393,149,170,22,0,148,170,49568,1,0,0,1,0
2020-06-05,US,Indiana,Decatur,231,32,0,39.30712658,-85.50087166,18031.0,869.7616627132046,13.852813852813853,199,231,31,0,200,230,26794,0,1,0,-1,1
2020-06-05,US,Indiana,Delaware,397,41,0,40.22787247,-85.39732772,18035.0,347.8337056993911,10.327455919395463,356,389,40,0,349,387,114772,8,1,0,7,2
2020-06-05,US,Indiana,Dubois,211,3,0,38.36597551,-86.87924170000002,18037.0,493.7289404717335,1.4218009478672986,208,209,3,0,206,205,42565,2,0,0,2,4
2020-06-05,US,Indiana,Elkhart,1585,28,0,41.59761169,-85.85875695,18039.0,768.145933188266,1.7665615141955835,1557,1495,28,0,1467,1435,205560,90,0,0,90,60
2020-06-05,US,Indiana,Fayette,79,7,0,39.63684962,-85.17797541,18041.0,341.961734914726,8.860759493670884,72,79,7,0,72,79,23047,0,0,0,0,0
2020-06-05,US,Indiana,Floyd,319,41,0,38.32117957,-85.90385377,18043.0,406.2555716869157,12.852664576802509,278,323,40,0,283,321,77781,-4,1,0,-5,2
2020-06-05,US,Indiana,Fountain,22,2,0,40.12361933,-87.24217689,18045.0,134.5895020188425,9.090909090909092,20,22,2,0,20,22,16351,0,0,0,0,0
2020-06-05,US,Indiana,Franklin,116,8,0,39.4142482,-85.06062647,18047.0,509.7108709025397,6.896551724137932,108,116,8,0,108,115,22736,0,0,0,0,1
2020-06-05,US,Indiana,Fulton,51,1,0,41.0469907,-86.26252745,18049.0,255.33193151096427,1.96078431372549,50,50,1,0,49,50,20092,1,0,0,1,0
2020-06-05,US,Indiana,Gibson,20,2,0,38.30393723,-87.58054938,18051.0,59.419471760896045,10.0,18,19,2,0,17,18,33452,1,0,0,1,1
2020-06-05,US,Indiana,Grant,229,23,0,40.51587228,-85.65468702,18053.0,348.18835621645457,10.043668122270743,206,225,23,0,202,221,65936,4,0,0,4,4
2020-06-05,US,Indiana,Greene,172,26,0,39.03630547,-86.96223202,18055.0,538.8133575590501,15.116279069767444,146,172,25,0,147,171,32006,0,1,0,-1,1
2020-06-05,US,Indiana,Hamilton,1191,94,0,40.07306535,-86.05244729,18057.0,352.3553967178583,7.892527287993282,1097,1183,94,0,1089,1180,330086,8,0,0,8,3
2020-06-05,US,Indiana,Hancock,354,27,0,39.82304555,-85.77566351,18059.0,452.87073994473434,7.627118644067798,327,351,27,0,324,349,76351,3,0,0,3,2
2020-06-05,US,Indiana,Harrison,196,22,0,38.19467379,-86.10948271,18061.0,483.77144267555224,11.224489795918366,174,195,22,0,173,196,40350,1,0,0,1,-1
2020-06-05,US,Indiana,Hendricks,1204,78,0,39.76719009,-86.51037283,18063.0,706.9420060947326,6.4784053156146175,1126,1192,76,0,1116,1180,167009,12,2,0,10,12
2020-06-05,US,Indiana,Henry,185,12,0,39.93029017,-85.39625719,18065.0,385.6416242808305,6.486486486486488,173,184,12,0,172,184,48271,1,0,0,1,0
2020-06-05,US,Indiana,Howard,442,36,0,40.48527731,-86.11351892,18067.0,535.4719906958712,8.144796380090497,406,440,36,0,404,437,82366,2,0,0,2,3
2020-06-05,US,Indiana,Huntington,38,2,0,40.82907273,-85.48822092,18069.0,104.052573932092,5.2631578947368425,36,38,2,0,36,34,36240,0,0,0,0,4
2020-06-05,US,Indiana,Jackson,401,2,0,38.90915820000001,-86.03851889,18071.0,906.6039655445276,0.4987531172069826,399,399,2,0,397,394,44111,2,0,0,2,5
2020-06-05,US,Indiana,Jasper,74,1,0,41.02078733,-87.11553319,18073.0,220.48745605148682,1.351351351351351,73,73,1,0,72,70,33370,1,0,0,1,3
2020-06-05,US,Indiana,Jay,58,0,0,40.43781032,-85.00576229,18075.0,283.81287923272663,0.0,58,54,0,0,54,53,20764,4,0,0,4,1
2020-06-05,US,Indiana,Jefferson,49,1,0,38.78576239,-85.43633383,18077.0,151.66522223597872,2.0408163265306123,48,49,1,0,48,47,32208,0,0,0,0,2
2020-06-05,US,Indiana,Jennings,132,4,0,38.99588883,-85.62710784,18079.0,475.9329367225527,3.0303030303030303,128,132,4,0,128,131,27611,0,0,0,0,1
2020-06-05,US,Indiana,Johnson,1125,113,0,39.48994426,-86.10149107,18081.0,711.2735273476767,10.044444444444443,1012,1121,112,0,1009,1120,156225,4,1,0,3,1
2020-06-05,US,Indiana,Knox,31,0,0,38.68861576,-87.4194665,18083.0,84.7133409848609,0.0,31,31,0,0,31,31,36895,0,0,0,0,0
2020-06-05,US,Indiana,Kosciusko,205,2,0,41.24521668,-85.86312322,18085.0,258.00443012484897,0.975609756097561,203,179,2,0,177,166,79344,26,0,0,26,13
2020-06-05,US,Indiana,LaGrange,128,2,0,41.64232188,-85.42674232,18087.0,323.1180895642955,1.5625,126,116,2,0,114,102,39330,12,0,0,12,14
2020-06-05,US,Indiana,LaPorte,448,24,0,41.54366008,-86.74072188,18091.0,407.68782760629006,5.357142857142857,424,446,24,0,422,436,110007,2,0,0,2,10
2020-06-05,US,Indiana,Lake,3876,207,0,41.41874274,-87.38277575,18089.0,798.3637251206504,5.340557275541796,3669,3833,203,0,3630,3806,484411,43,4,0,39,27
2020-06-05,US,Indiana,Lawrence,171,24,0,38.84112637,-86.48361629,18093.0,376.9010359268239,14.035087719298243,147,167,24,0,143,165,45668,4,0,0,4,2
2020-06-05,US,Indiana,Madison,600,61,0,40.16143691,-85.71964711,18095.0,463.07372905556116,10.166666666666666,539,599,61,0,538,597,129641,1,0,0,1,2
2020-06-05,US,Indiana,Marion,10188,604,0,39.78163624,-86.13826325,18097.0,1056.2088033987782,5.928543384373772,9584,10095,598,0,9497,10037,954670,93,6,0,87,58
2020-06-05,US,Indiana,Marshall,187,2,0,41.32467367,-86.26185087,18099.0,404.2543992390506,1.0695187165775402,185,178,2,0,176,147,46248,9,0,0,9,31
2020-06-05,US,Indiana,Martin,14,0,0,38.7099921,-86.80373186,18101.0,136.51877133105802,0.0,14,13,0,0,13,12,10217,1,0,0,1,1
2020-06-05,US,Indiana,Miami,146,1,0,40.76940965,-86.04525048,18103.0,411.0823290911139,0.6849315068493149,145,144,1,0,143,141,35567,2,0,0,2,3
2020-06-05,US,Indiana,Monroe,171,13,0,39.16130004,-86.52414358,18105.0,115.20504476827615,7.60233918128655,158,170,12,0,158,170,146917,1,1,0,0,0
2020-06-05,US,Indiana,Montgomery,249,17,0,40.04034823,-86.89335024,18107.0,649.4861495122333,6.827309236947792,232,248,18,0,230,244,38346,1,-1,0,2,4
2020-06-05,US,Indiana,Morgan,286,26,0,39.47899078,-86.44573375,18109.0,405.7370653577154,9.090909090909092,260,284,26,0,258,283,70116,2,0,0,2,1
2020-06-05,US,Indiana,Newton,80,10,0,40.95610449,-87.39635768,18111.0,572.0823798627002,12.5,70,78,10,0,68,78,14011,2,0,0,2,0
2020-06-05,US,Indiana,Noble,278,21,0,41.39672484,-85.41966713,18113.0,582.2721179624665,7.553956834532374,257,268,21,0,247,251,47532,10,0,0,10,17
2020-06-05,US,Indiana,Ohio,13,0,0,38.955304999999996,-84.96515993,18115.0,221.27659574468086,0.0,13,13,0,0,13,13,5844,0,0,0,0,0
2020-06-05,US,Indiana,Orange,131,22,0,38.54118920000001,-86.49523093,18117.0,666.802402524687,16.793893129770993,109,131,22,0,109,131,19489,0,0,0,0,0
2020-06-05,US,Indiana,Owen,34,1,0,39.31145587,-86.83900724,18119.0,163.46939756719073,2.9411764705882355,33,34,1,0,33,34,20845,0,0,0,0,0
2020-06-05,US,Indiana,Parke,18,0,0,39.77202286,-87.20375833,18121.0,106.27620003542542,0.0,18,18,0,0,18,18,16927,0,0,0,0,0
2020-06-05,US,Indiana,Perry,39,0,0,38.07809328,-86.63741946,18123.0,203.45349261829,0.0,39,39,0,0,39,34,19102,0,0,0,0,5
2020-06-05,US,Indiana,Pike,6,0,0,38.40112197,-87.23574907,18125.0,48.43005892323836,0.0,6,6,0,0,6,6,12410,0,0,0,0,0
2020-06-05,US,Indiana,Porter,562,33,0,41.45986947,-87.06848888,18127.0,329.8334986413442,5.871886120996442,529,558,30,0,528,553,169594,4,3,0,1,5
2020-06-05,US,Indiana,Posey,16,0,0,38.02097333,-87.86480429,18129.0,62.9252369528454,0.0,16,16,0,0,16,16,25540,0,0,0,0,0
2020-06-05,US,Indiana,Pulaski,50,0,0,41.04166107,-86.69890683,18131.0,404.7599773334412,0.0,50,50,0,0,50,49,12469,0,0,0,0,1
2020-06-05,US,Indiana,Putnam,142,7,0,39.66437981,-86.84517605,18133.0,377.9007877368533,4.929577464788731,135,142,7,0,135,137,37779,0,0,0,0,5
2020-06-05,US,Indiana,Randolph,52,3,0,40.15734772,-85.01139319,18135.0,210.82505574700997,5.769230769230768,49,52,3,0,49,50,24851,0,0,0,0,2
2020-06-05,US,Indiana,Ripley,108,6,0,39.10235626,-85.26212744,18137.0,381.3020759779692,5.5555555555555545,102,108,6,0,102,108,28523,0,0,0,0,0
2020-06-05,US,Indiana,Rush,51,3,0,39.62002287,-85.4655599,18139.0,307.58096616609373,5.882352941176472,48,51,3,0,48,50,16663,0,0,0,0,1
2020-06-05,US,Indiana,Scott,126,3,0,38.68672078,-85.74627859,18143.0,527.7929041176226,2.380952380952381,123,126,3,0,123,122,23878,0,0,0,0,4
2020-06-05,US,Indiana,Shelby,397,22,0,39.52305623,-85.79158570000001,18145.0,887.5673500413603,5.541561712846347,375,397,22,0,375,398,44593,0,0,0,0,-1
2020-06-05,US,Indiana,Spencer,22,1,0,38.01519732,-87.0079644,18147.0,108.4973122256744,4.545454545454546,21,21,1,0,20,21,20327,1,0,0,1,0
2020-06-05,US,Indiana,St. Joseph,1358,38,0,41.61756781,-86.29040834,18141.0,499.5842928932479,2.7982326951399115,1320,1337,36,0,1301,1320,270771,21,2,0,19,17
2020-06-05,US,Indiana,Starke,42,3,0,41.27890281,-86.64686895,18149.0,182.648401826484,7.142857142857142,39,39,3,0,36,39,22935,3,0,0,3,0
2020-06-05,US,Indiana,Steuben,90,2,0,41.64423868,-85.00101094,18151.0,260.160721512401,2.2222222222222223,88,88,2,0,86,87,34586,2,0,0,2,1
2020-06-05,US,Indiana,Sullivan,37,1,0,39.08952258,-87.41414469,18153.0,179.01204702694858,2.702702702702702,36,37,1,0,36,37,20690,0,0,0,0,0
2020-06-05,US,Indiana,Switzerland,22,0,0,38.82767338,-85.03022429,18155.0,204.63212724397732,0.0,22,21,0,0,21,21,10717,1,0,0,1,0
2020-06-05,US,Indiana,Tippecanoe,434,4,0,40.38872739,-86.89413959,18157.0,221.73175566591053,0.9216589861751152,430,429,4,0,425,421,193048,5,0,0,5,8
2020-06-05,US,Indiana,Tipton,26,1,0,40.31123252,-86.05234925,18159.0,171.6398204383417,3.8461538461538463,25,26,1,0,25,26,15128,0,0,0,0,0
2020-06-05,US,Indiana,Unassigned,0,180,0,0.0,0.0,90018.0,0.0,0.0,-180,0,179,0,-179,0,,0,1,0,-1,0
2020-06-05,US,Indiana,Union,10,0,0,39.62550777,-84.92497066,18161.0,141.7635384179189,0.0,10,9,0,0,9,9,7037,1,0,0,1,0
2020-06-05,US,Indiana,Vanderburgh,291,3,0,38.02658833,-87.58763124,18163.0,160.37387504064458,1.0309278350515465,288,289,2,0,287,290,180974,2,1,0,1,-1
2020-06-05,US,Indiana,Vermillion,10,0,0,39.8523352,-87.46160542,18165.0,64.5244547683572,0.0,10,10,0,0,10,10,15479,0,0,0,0,0
2020-06-05,US,Indiana,Vigo,182,8,0,39.42944561,-87.39169027,18167.0,170.033072366823,4.395604395604397,174,178,8,0,170,175,107386,4,0,0,4,3
2020-06-05,US,Indiana,Wabash,81,2,0,40.84704239,-85.79328272,18169.0,261.3240418118467,2.469135802469136,79,80,2,0,78,80,31280,1,0,0,1,0
2020-06-05,US,Indiana,Warren,13,1,0,40.34728141,-87.35602659,18171.0,157.28977616454932,7.6923076923076925,12,12,1,0,11,12,8263,1,0,0,1,0
2020-06-05,US,Indiana,Warrick,167,29,0,38.08922676,-87.2716085,18173.0,265.0877805644624,17.365269461077844,138,167,29,0,138,167,62567,0,0,0,0,0
2020-06-05,US,Indiana,Washington,50,1,0,38.60219804,-86.1049363,18175.0,178.34213154515626,2.0,49,50,1,0,49,51,27943,0,0,0,0,-1
2020-06-05,US,Indiana,Wayne,90,6,0,39.863344399999995,-85.01044989,18177.0,136.60372776394877,6.666666666666668,84,86,6,0,80,86,65936,4,0,0,4,0
2020-06-05,US,Indiana,Wells,35,0,0,40.72934187,-85.22132966,18179.0,123.69239468476108,0.0,35,34,0,0,34,32,28206,1,0,0,1,2
2020-06-05,US,Indiana,White,239,9,0,40.74911165,-86.86492015,18181.0,991.6189527840013,3.7656903765690375,230,238,9,0,229,238,24133,1,0,0,1,0
2020-06-05,US,Indiana,Whitley,45,3,0,41.13863784,-85.50791236,18183.0,132.4932281238959,6.666666666666668,42,45,3,0,42,44,34074,0,0,0,0,1
2020-06-05,US,Iowa,Adair,9,0,0,41.33075609,-94.47105874,19001.0,125.83892617449663,0.0,9,9,0,0,9,9,7063,0,0,0,0,0
2020-06-05,US,Iowa,Adams,7,0,0,41.02903567,-94.69932645,19003.0,194.3364797334814,0.0,7,7,0,0,7,7,3645,0,0,0,0,0
2020-06-05,US,Iowa,Allamakee,120,4,0,43.28383218,-91.37860922,19005.0,876.7443559582084,3.333333333333333,116,120,4,0,116,120,13832,0,0,0,0,0
2020-06-05,US,Iowa,Appanoose,17,3,0,40.74324454,-92.86865906,19007.0,136.80991469499438,17.647058823529417,14,17,3,0,14,14,12437,0,0,0,0,3
2020-06-05,US,Iowa,Audubon,13,1,0,41.6844628,-94.90581859,19009.0,236.53566229985444,7.6923076923076925,12,13,1,0,12,13,5506,0,0,0,0,0
2020-06-05,US,Iowa,Benton,43,1,0,42.08011739,-92.06463573,19011.0,167.67401052836814,2.3255813953488373,42,43,1,0,42,44,25642,0,0,0,0,-1
2020-06-05,US,Iowa,Black Hawk,1788,49,0,42.4704581,-92.30524729,19013.0,1362.5140976011214,2.7404921700223714,1739,1775,48,0,1727,1759,132408,13,1,0,12,16
2020-06-05,US,Iowa,Boone,72,0,0,42.03657094,-93.9313999,19015.0,274.45299992376306,0.0,72,70,0,0,70,67,26346,2,0,0,2,3
2020-06-05,US,Iowa,Bremer,71,6,0,42.77461496,-92.31795937,19017.0,283.2974223924667,8.450704225352112,65,70,6,0,64,69,24947,1,0,0,1,1
2020-06-05,US,Iowa,Buchanan,34,1,0,42.4709188,-91.83510825,19019.0,160.56670602125146,2.9411764705882355,33,33,0,0,33,33,21199,1,1,0,0,0
2020-06-05,US,Iowa,Buena Vista,1067,2,0,42.73545875,-95.15100162,19021.0,5438.328236493374,0.18744142455482665,1065,997,1,0,996,918,19874,70,1,0,69,79
2020-06-05,US,Iowa,Butler,16,1,0,42.73172833,-92.79015971,19023.0,110.81099799155065,6.25,15,16,1,0,15,17,14539,0,0,0,0,-1
2020-06-05,US,Iowa,Calhoun,10,0,0,42.38521079,-94.64046046,19025.0,103.4340091021928,0.0,10,6,0,0,6,4,9699,4,0,0,4,2
2020-06-05,US,Iowa,Carroll,15,1,0,42.03617207,-94.86032705,19027.0,74.38631291842302,6.666666666666668,14,13,0,0,13,13,20154,2,1,0,1,0
2020-06-05,US,Iowa,Cass,13,0,0,41.33149454,-94.92792482,19029.0,101.27765659083826,0.0,13,12,0,0,12,12,12930,1,0,0,1,0
2020-06-05,US,Iowa,Cedar,50,1,0,41.77233777,-91.13246684,19031.0,268.42755140387607,2.0,49,49,1,0,48,49,18627,1,0,0,1,0
2020-06-05,US,Iowa,Cerro Gordo,33,1,0,43.08177563,-93.2612239,19033.0,77.73851590106007,3.0303030303030303,32,33,1,0,32,30,42647,0,0,0,0,3
2020-06-05,US,Iowa,Cherokee,41,0,0,42.73538914,-95.62389402,19035.0,364.93101913662656,0.0,41,37,0,0,37,36,11321,4,0,0,4,1
2020-06-05,US,Iowa,Chickasaw,13,0,0,43.06001295,-92.31773347,19037.0,108.941590547222,0.0,13,13,0,0,13,12,11964,0,0,0,0,1
2020-06-05,US,Iowa,Clarke,69,0,0,41.02868181,-93.78499767,19039.0,734.4332091538053,0.0,69,66,0,0,66,64,9423,3,0,0,3,2
2020-06-05,US,Iowa,Clay,27,0,0,43.08247182,-95.15096481,19041.0,168.58141858141857,0.0,27,25,0,0,25,21,16134,2,0,0,2,4
2020-06-05,US,Iowa,Clayton,34,3,0,42.84443388,-91.34133693,19043.0,193.74323323266282,8.823529411764708,31,34,3,0,31,34,17556,0,0,0,0,0
2020-06-05,US,Iowa,Clinton,65,1,0,41.89981633,-90.53275096,19045.0,139.99870770423658,1.5384615384615383,64,65,1,0,64,65,46518,0,0,0,0,0
2020-06-05,US,Iowa,Crawford,551,2,0,42.03718237,-95.3819718,19047.0,3275.8620689655168,0.3629764065335753,549,547,2,0,545,542,17158,4,0,0,4,5
2020-06-05,US,Iowa,Dallas,952,26,0,41.68560356,-94.04127625,19049.0,1018.6938889067231,2.73109243697479,926,940,25,0,915,929,90180,12,1,0,11,11
2020-06-05,US,Iowa,Davis,28,0,0,40.74773536,-92.41005468,19051.0,311.1111111111111,0.0,28,28,0,0,28,27,9017,0,0,0,0,1
2020-06-05,US,Iowa,Decatur,1,0,0,40.73742757,-93.78645949,19053.0,12.706480304955528,0.0,1,1,0,0,1,1,7890,0,0,0,0,0
2020-06-05,US,Iowa,Delaware,19,1,0,42.47104597,-91.3664492,19055.0,111.69243430721298,5.2631578947368425,18,19,1,0,18,19,17069,0,0,0,0,0
2020-06-05,US,Iowa,Des Moines,68,1,0,40.92012606,-91.18326592,19057.0,174.50663381835912,1.4705882352941178,67,67,1,0,66,66,39138,1,0,0,1,1
2020-06-05,US,Iowa,Dickinson,35,0,0,43.37787725,-95.1510206,19059.0,202.80449646540728,0.0,35,33,0,0,33,27,17153,2,0,0,2,6
2020-06-05,US,Iowa,Dubuque,359,21,0,42.46815349,-90.88181925,19061.0,368.9202659514341,5.8495821727019495,338,355,21,0,334,351,96854,4,0,0,4,4
2020-06-05,US,Iowa,Emmet,27,0,0,43.37782951,-94.67858943,19063.0,293.22328410078194,0.0,27,24,0,0,24,19,9253,3,0,0,3,5
2020-06-05,US,Iowa,Fayette,27,0,0,42.86271799,-91.84412309999999,19065.0,137.40458015267177,0.0,27,28,0,0,28,27,19660,-1,0,0,-1,1
2020-06-05,US,Iowa,Floyd,19,1,0,43.06000529999999,-92.78940097,19067.0,121.4678429868303,5.2631578947368425,18,19,1,0,18,19,15761,0,0,0,0,0
2020-06-05,US,Iowa,Franklin,20,0,0,42.73270384,-93.26256925,19069.0,198.60973187686199,0.0,20,17,0,0,17,15,10124,3,0,0,3,2
2020-06-05,US,Iowa,Fremont,4,0,0,40.74542720000001,-95.60129045,19071.0,57.4712643678161,0.0,4,4,0,0,4,4,6993,0,0,0,0,0
2020-06-05,US,Iowa,Greene,15,0,0,42.03614551,-94.39658081,19073.0,168.76687668766874,0.0,15,15,0,0,15,13,8981,0,0,0,0,2
2020-06-05,US,Iowa,Grundy,20,0,0,42.40183723,-92.78829551,19075.0,163.50555918901242,0.0,20,20,0,0,20,20,12304,0,0,0,0,0
2020-06-05,US,Iowa,Guthrie,55,3,0,41.68378965,-94.50111014,19077.0,514.5476658246796,5.454545454545454,52,54,3,0,51,53,10720,1,0,0,1,1
2020-06-05,US,Iowa,Hamilton,76,0,0,42.38382428,-93.70197703,19079.0,514.452040885399,0.0,76,61,0,0,61,45,14952,15,0,0,15,16
2020-06-05,US,Iowa,Hancock,18,0,0,43.08178477,-93.73454884,19081.0,169.33207902163687,0.0,18,16,0,0,16,16,10712,2,0,0,2,0
2020-06-05,US,Iowa,Hardin,24,0,0,42.38353877,-93.23654611,19083.0,142.4670544936483,0.0,24,21,0,0,21,19,16868,3,0,0,3,2
2020-06-05,US,Iowa,Harrison,26,0,0,41.68330137,-95.81558439,19085.0,185.06655277955727,0.0,26,26,0,0,26,26,14134,0,0,0,0,0
2020-06-05,US,Iowa,Henry,73,2,0,40.98767962,-91.54436349,19087.0,365.8414353011928,2.7397260273972597,71,72,2,0,70,72,20067,1,0,0,1,0
2020-06-05,US,Iowa,Howard,12,0,0,43.35671042,-92.31702714,19089.0,131.03297663245252,0.0,12,12,0,0,12,12,9187,0,0,0,0,0
2020-06-05,US,Iowa,Humboldt,20,1,0,42.7764426,-94.20722537,19091.0,209.2487968194183,5.0,19,19,1,0,18,18,9547,1,0,0,1,1
2020-06-05,US,Iowa,Ida,15,0,0,42.38696136,-95.51355387,19093.0,218.65889212827992,0.0,15,15,0,0,15,14,6841,0,0,0,0,1
2020-06-05,US,Iowa,Iowa,34,0,0,41.68630265,-92.0643373,19095.0,210.08403361344537,0.0,34,33,0,0,33,33,16141,1,0,0,1,0
2020-06-05,US,Iowa,Jackson,14,0,0,42.17178824,-90.57354837,19097.0,72.02016564638099,0.0,14,13,0,0,13,13,19432,1,0,0,1,0
2020-06-05,US,Iowa,Jasper,269,17,0,41.68576082,-93.05567785,19099.0,723.4099771413204,6.319702602230484,252,269,17,0,252,263,37147,0,0,0,0,6
2020-06-05,US,Iowa,Jefferson,36,0,0,41.03192394,-91.94849466,19101.0,196.7750751571468,0.0,36,35,0,0,35,33,18381,1,0,0,1,2
2020-06-05,US,Iowa,Johnson,619,8,0,41.67169354,-91.58754744,19103.0,409.55405584226537,1.292407108239095,611,618,9,0,609,616,151260,1,-1,0,2,2
2020-06-05,US,Iowa,Jones,37,0,0,42.12118609,-91.13139641,19105.0,178.90817658720562,0.0,37,37,0,0,37,37,20744,0,0,0,0,0
2020-06-05,US,Iowa,Keokuk,14,0,0,41.33649833,-92.1785067,19107.0,136.63868826859263,0.0,14,14,0,0,14,14,10225,0,0,0,0,0
2020-06-05,US,Iowa,Kossuth,16,0,0,43.20405458,-94.20691791,19109.0,108.01323162087357,0.0,16,14,0,0,14,13,14908,2,0,0,2,1
2020-06-05,US,Iowa,Lee,29,0,0,40.64181461,-91.48183025,19111.0,86.16335383426923,0.0,29,29,0,0,29,28,34055,0,0,0,0,1
2020-06-05,US,Iowa,Linn,978,79,0,42.07923082,-91.59809485,19113.0,431.3957283883091,8.077709611451944,899,971,79,0,892,967,225909,7,0,0,7,4
2020-06-05,US,Iowa,Louisa,350,11,0,41.21842119,-91.26102611,19115.0,3171.7263253284996,3.1428571428571432,339,349,11,0,338,346,11169,1,0,0,1,3
2020-06-05,US,Iowa,Lucas,22,2,0,41.02958964,-93.32780803,19117.0,255.81395348837208,9.090909090909092,20,22,2,0,20,19,8645,0,0,0,0,3
2020-06-05,US,Iowa,Lyon,24,0,0,43.38107862,-96.20926845,19119.0,204.16843896214374,0.0,24,24,0,0,24,25,11811,0,0,0,0,-1
2020-06-05,US,Iowa,Madison,29,2,0,41.33081904,-94.01554631,19121.0,177.50030603501042,6.896551724137932,27,29,2,0,27,29,16249,0,0,0,0,0
2020-06-05,US,Iowa,Mahaska,99,13,0,41.33521503,-92.64083907,19123.0,448.0651731160896,13.131313131313133,86,99,12,0,87,97,22000,0,1,0,-1,2
2020-06-05,US,Iowa,Marion,35,0,0,41.33445101,-93.09934783,19125.0,105.25366132379034,0.0,35,35,0,0,35,34,33407,0,0,0,0,1
2020-06-05,US,Iowa,Marshall,914,18,0,42.03586837,-92.99908190000001,19127.0,2321.623612486982,1.9693654266958425,896,912,18,0,894,901,39981,2,0,0,2,11
2020-06-05,US,Iowa,Mills,20,0,0,41.03299766,-95.61920963,19129.0,132.37143424449005,0.0,20,20,0,0,20,20,15063,0,0,0,0,0
2020-06-05,US,Iowa,Mitchell,4,0,0,43.35638371,-92.78887719,19131.0,37.78575477045154,0.0,4,4,0,0,4,4,10569,0,0,0,0,0
2020-06-05,US,Iowa,Monona,26,0,0,42.05220391,-95.95743843,19133.0,301.79918746372607,0.0,26,25,0,0,25,25,8679,1,0,0,1,0
2020-06-05,US,Iowa,Monroe,41,5,0,41.02988815,-92.8690667,19135.0,531.9839107305047,12.19512195121951,36,41,5,0,36,38,7790,0,0,0,0,3
2020-06-05,US,Iowa,Montgomery,9,2,0,41.03018714,-95.15642896,19137.0,90.7532519915297,22.222222222222218,7,9,1,0,8,8,10003,0,1,0,-1,1
2020-06-05,US,Iowa,Muscatine,567,41,0,41.48370744,-91.11216970000001,19139.0,1328.9893118319894,7.231040564373897,526,565,41,0,524,563,42929,2,0,0,2,2
2020-06-05,US,Iowa,O'Brien,40,0,0,43.08310673,-95.62474482,19141.0,290.8456336799244,0.0,40,39,0,0,39,36,13840,1,0,0,1,3
2020-06-05,US,Iowa,Osceola,36,0,0,43.37824276,-95.62422844,19143.0,604.2296072507552,0.0,36,34,0,0,34,34,6040,2,0,0,2,0
2020-06-05,US,Iowa,Page,14,0,0,40.7393172,-95.1497813,19145.0,92.67227113258755,0.0,14,14,0,0,14,14,15249,0,0,0,0,0
2020-06-05,US,Iowa,Palo Alto,7,0,0,43.08193849,-94.67824621,19147.0,78.77560207067297,0.0,7,7,0,0,7,7,8929,0,0,0,0,0
2020-06-05,US,Iowa,Plymouth,152,2,0,42.737633,-96.21366621,19149.0,603.7256225920484,1.3157894736842106,150,146,2,0,144,139,25095,6,0,0,6,7
2020-06-05,US,Iowa,Pocahontas,20,0,0,42.73420133,-94.67862564,19151.0,302.1604471974618,0.0,20,15,0,0,15,14,6740,5,0,0,5,1
2020-06-05,US,Iowa,Polk,4614,140,0,41.68679484,-93.57767461,19153.0,941.3233610997203,3.034243606415258,4474,4541,137,0,4404,4406,487204,73,3,0,70,135
2020-06-05,US,Iowa,Pottawattamie,319,10,0,41.33640314,-95.53907776,19155.0,342.25264467952707,3.134796238244514,309,311,10,0,301,296,93533,8,0,0,8,15
2020-06-05,US,Iowa,Poweshiek,92,8,0,41.68625425,-92.53155731,19157.0,497.1897968006917,8.695652173913043,84,92,8,0,84,91,18699,0,0,0,0,1
2020-06-05,US,Iowa,Ringgold,4,0,0,40.73518949,-94.24368535,19159.0,81.73273395995095,0.0,4,4,0,0,4,4,4968,0,0,0,0,0
2020-06-05,US,Iowa,Sac,28,0,0,42.38624071,-95.10547892,19161.0,288.0362102664335,0.0,28,28,0,0,28,25,9719,0,0,0,0,3
2020-06-05,US,Iowa,Scott,385,10,0,41.63935978,-90.61959493,19163.0,222.61670030009887,2.5974025974025974,375,380,10,0,370,368,173283,5,0,0,5,12
2020-06-05,US,Iowa,Shelby,37,0,0,41.6850066,-95.31015553,19165.0,323.031255456609,0.0,37,37,0,0,37,37,11578,0,0,0,0,0
2020-06-05,US,Iowa,Sioux,306,0,0,43.08221074,-96.17675679999999,19167.0,877.9228231243724,0.0,306,298,0,0,298,290,34909,8,0,0,8,8
2020-06-05,US,Iowa,Story,131,1,0,42.03621213,-93.46499005,19169.0,134.88884541326442,0.7633587786259542,130,126,1,0,125,118,98105,5,0,0,5,8
2020-06-05,US,Iowa,Tama,411,29,0,42.07991767,-92.53266945,19171.0,2438.5902456390177,7.0559610705596105,382,410,29,0,381,408,16904,1,0,0,1,2
2020-06-05,US,Iowa,Taylor,66,0,0,40.73710579,-94.69778563,19173.0,1078.2551870609377,0.0,66,64,0,0,64,59,6191,2,0,0,2,5
2020-06-05,US,Iowa,Unassigned,2,0,0,0.0,0.0,90019.0,0.0,0.0,2,,,,,,,,,,,
2020-06-05,US,Iowa,Union,10,0,0,41.0277278,-94.24234847,19175.0,81.6926721673066,0.0,10,9,0,0,9,9,12359,1,0,0,1,0
2020-06-05,US,Iowa,Van Buren,9,0,0,40.75326764,-91.95017958,19177.0,127.76831345826237,0.0,9,9,0,0,9,9,7020,0,0,0,0,0
2020-06-05,US,Iowa,Wapello,636,15,0,41.03064984,-92.40954728,19179.0,1818.7537533243728,2.358490566037736,621,628,14,0,614,607,35205,8,1,0,7,21
2020-06-05,US,Iowa,Warren,167,1,0,41.33559454,-93.56007641,19181.0,324.48606847238955,0.5988023952095808,166,166,1,0,165,153,51056,1,0,0,1,13
2020-06-05,US,Iowa,Washington,196,8,0,41.33577126,-91.71725711,19183.0,892.3287047575689,4.081632653061225,188,195,8,0,187,192,22141,1,0,0,1,3
2020-06-05,US,Iowa,Wayne,1,0,0,40.73969028,-93.32752197,19185.0,15.525539512498062,0.0,1,1,0,0,1,1,6401,0,0,0,0,0
2020-06-05,US,Iowa,Webster,74,1,0,42.42853483,-94.17987389,19187.0,206.10516934046345,1.351351351351351,73,62,1,0,61,44,36277,12,0,0,12,18
2020-06-05,US,Iowa,Winnebago,11,0,0,43.37751174,-93.73407298,19189.0,106.23913463395789,0.0,11,11,0,0,11,11,10518,0,0,0,0,0
2020-06-05,US,Iowa,Winneshiek,24,0,0,43.29094334,-91.84422722,19191.0,120.05402431093992,0.0,24,24,0,0,24,24,20029,0,0,0,0,0
2020-06-05,US,Iowa,Woodbury,2861,37,0,42.38979414,-96.0459439,19193.0,2774.787356823494,1.2932541069556098,2824,2837,37,0,2800,2817,102539,24,0,0,24,20
2020-06-05,US,Iowa,Worth,3,0,0,43.37750768,-93.26087602,19195.0,40.64489906516732,0.0,3,3,0,0,3,3,7453,0,0,0,0,0
2020-06-05,US,Iowa,Wright,221,0,0,42.73305373,-93.73515113,19197.0,1759.2740009552622,0.0,221,212,0,0,212,194,12690,9,0,0,9,18
2020-06-05,US,Kansas,Allen,1,0,0,37.88582951,-95.30030847,20001.0,8.084727948904519,0.0,1,1,0,0,1,1,12444,0,0,0,0,0
2020-06-05,US,Kansas,Anderson,1,0,0,38.21413251,-95.29272815,20003.0,12.725884448969204,0.0,1,1,0,0,1,1,7878,0,0,0,0,0
2020-06-05,US,Kansas,Atchison,23,0,0,39.53185661,-95.30870026,20005.0,143.09711939277045,0.0,23,23,0,0,23,23,16193,0,0,0,0,0
2020-06-05,US,Kansas,Barber,1,0,0,37.2288586,-98.68460053,20007.0,22.588660492432798,0.0,1,1,0,0,1,1,4472,0,0,0,0,0
2020-06-05,US,Kansas,Barton,44,2,0,38.47889676,-98.75636726,20009.0,170.6815625121223,4.545454545454546,42,44,1,0,43,44,26111,0,1,0,-1,0
2020-06-05,US,Kansas,Bourbon,8,1,0,37.85508555,-94.84865997,20011.0,55.04334663547544,12.5,7,8,1,0,7,7,14653,0,0,0,0,1
2020-06-05,US,Kansas,Brown,7,0,0,39.82652589,-95.56421698,20013.0,73.19113341698035,0.0,7,6,0,0,6,6,9598,1,0,0,1,0
2020-06-05,US,Kansas,Butler,37,0,0,37.78134351,-96.83878537,20015.0,55.2973352662492,0.0,37,37,0,0,37,37,66765,0,0,0,0,0
2020-06-05,US,Kansas,Chase,4,0,0,38.30292938,-96.59563862,20017.0,151.0574018126888,0.0,4,4,0,0,4,4,2629,0,0,0,0,0
2020-06-05,US,Kansas,Chautauqua,4,0,0,37.14994405,-96.2454192,20019.0,123.07692307692308,0.0,4,4,0,0,4,4,3309,0,0,0,0,0
2020-06-05,US,Kansas,Cherokee,10,0,0,37.16928494,-94.8462897,20021.0,50.15296654797132,0.0,10,10,0,0,10,10,20015,0,0,0,0,0
2020-06-05,US,Kansas,Cheyenne,2,0,0,39.78580976,-101.7318201,20023.0,75.27286413248024,0.0,2,2,0,0,2,2,2660,0,0,0,0,0
2020-06-05,US,Kansas,Clark,33,1,0,37.23577007,-99.81883015,20025.0,1654.964894684052,3.0303030303030303,32,33,1,0,32,33,2005,0,0,0,0,0
2020-06-05,US,Kansas,Clay,5,2,0,39.34948772,-97.16518128,20027.0,62.48437890527367,40.0,3,5,2,0,3,5,7997,0,0,0,0,0
2020-06-05,US,Kansas,Cloud,5,0,0,39.48028352,-97.64925343,20029.0,56.908718415661276,0.0,5,5,0,0,5,5,8729,0,0,0,0,0
2020-06-05,US,Kansas,Coffey,51,8,0,38.2365018,-95.73379515,20031.0,623.5481110160166,15.68627450980392,43,51,8,0,43,50,8233,0,0,0,0,1
2020-06-05,US,Kansas,Comanche,2,0,0,37.19114520000001,-99.27113247,20033.0,117.64705882352942,0.0,2,2,0,0,2,2,1748,0,0,0,0,0
2020-06-05,US,Kansas,Cowley,17,1,0,37.23781842,-96.83776647,20035.0,48.69943852412055,5.882352941176472,16,15,1,0,14,15,35218,2,0,0,2,0
2020-06-05,US,Kansas,Crawford,8,1,0,37.50675523,-94.85245778,20037.0,20.608995826678342,12.5,7,8,1,0,7,8,39019,0,0,0,0,0
2020-06-05,US,Kansas,Dickinson,5,0,0,38.86600962,-97.15532383,20041.0,27.07678977580418,0.0,5,4,0,0,4,4,18717,1,0,0,1,0
2020-06-05,US,Kansas,Doniphan,18,0,0,39.79067154,-95.14056866,20043.0,236.84210526315792,0.0,18,18,0,0,18,18,7682,0,0,0,0,0
2020-06-05,US,Kansas,Douglas,69,0,0,38.88503636,-95.2925121,20045.0,56.43756287880647,0.0,69,67,0,0,67,67,121436,2,0,0,2,0
2020-06-05,US,Kansas,Edwards,5,0,0,37.88735543,-99.31263309,20047.0,178.69907076483204,0.0,5,5,0,0,5,5,2849,0,0,0,0,0
2020-06-05,US,Kansas,Ellis,10,0,0,38.91458712,-99.31751551,20051.0,35.02258957027283,0.0,10,9,0,0,9,9,28710,1,0,0,1,0
2020-06-05,US,Kansas,Ellsworth,2,0,0,38.69677695,-98.20462799,20053.0,32.77613897082924,0.0,2,2,0,0,2,2,6196,0,0,0,0,0
2020-06-05,US,Kansas,Finney,1526,10,0,38.04340344,-100.73819379999999,20055.0,4184.605259549729,0.6553079947575361,1516,1522,10,0,1512,1518,36611,4,0,0,4,4
2020-06-05,US,Kansas,Ford,1813,8,0,37.69200114,-99.88825298,20057.0,5392.783842470032,0.4412575841147271,1805,1794,8,0,1786,1794,33888,19,0,0,19,0
2020-06-05,US,Kansas,Franklin,35,0,0,38.56443815,-95.28644341,20059.0,137.018477920451,0.0,35,35,0,0,35,35,25631,0,0,0,0,0
2020-06-05,US,Kansas,Geary,26,1,0,38.99871131,-96.7577178,20061.0,82.09662140827281,3.8461538461538463,25,23,1,0,22,23,32594,3,0,0,3,0
2020-06-05,US,Kansas,Gove,1,0,0,38.91588178,-100.4829321,20063.0,37.93626707132018,0.0,1,1,0,0,1,1,2612,0,0,0,0,0
2020-06-05,US,Kansas,Grant,18,1,0,37.56227336,-101.3079758,20067.0,251.74825174825176,5.5555555555555545,17,18,1,0,17,18,7336,0,0,0,0,0
2020-06-05,US,Kansas,Gray,23,0,0,37.73836671,-100.4369088,20069.0,384.1015364061456,0.0,23,23,0,0,23,23,6033,0,0,0,0,0
2020-06-05,US,Kansas,Greenwood,9,0,0,37.8774388,-96.23250453,20073.0,150.45135406218657,0.0,9,9,0,0,9,9,6055,0,0,0,0,0
2020-06-05,US,Kansas,Hamilton,20,0,0,37.99978709,-101.7921066,20075.0,787.7116975187082,0.0,20,20,0,0,20,20,2607,0,0,0,0,0
2020-06-05,US,Kansas,Harper,2,0,0,37.19175361,-98.07578384,20077.0,36.79175864606328,0.0,2,2,0,0,2,2,5506,0,0,0,0,0
2020-06-05,US,Kansas,Harvey,11,0,0,38.04293782,-97.42747573,20079.0,31.949809753405557,0.0,11,11,0,0,11,11,34210,0,0,0,0,0
2020-06-05,US,Kansas,Haskell,22,0,0,37.562039399999996,-100.8710738,20081.0,554.4354838709677,0.0,22,22,0,0,22,22,3997,0,0,0,0,0
2020-06-05,US,Kansas,Hodgeman,5,0,0,38.08780079,-99.89829881,20083.0,278.70680044593087,0.0,5,5,0,0,5,5,1818,0,0,0,0,0
2020-06-05,US,Kansas,Jackson,103,1,0,39.41673394,-95.79356799,20085.0,782.0211069774506,0.9708737864077671,102,102,1,0,101,102,13280,1,0,0,1,0
2020-06-05,US,Kansas,Jefferson,22,0,0,39.2347941,-95.38289232,20087.0,115.52801554376936,0.0,22,22,0,0,22,22,18975,0,0,0,0,0
2020-06-05,US,Kansas,Jewell,4,0,0,39.78470589,-98.21820662,20089.0,138.9371309482459,0.0,4,4,0,0,4,4,2841,0,0,0,0,0
2020-06-05,US,Kansas,Johnson,910,68,0,38.88548175,-94.82250877,20091.0,151.06216623146375,7.472527472527473,842,887,67,0,820,865,597555,23,1,0,22,22
2020-06-05,US,Kansas,Kearny,45,1,0,38.00017981,-101.32168100000001,20093.0,1172.4856696195934,2.2222222222222223,44,45,1,0,44,45,3943,0,0,0,0,0
2020-06-05,US,Kansas,Kiowa,3,0,0,37.55848695,-99.2856537,20097.0,121.21212121212122,0.0,3,3,0,0,3,3,2516,0,0,0,0,0
2020-06-05,US,Kansas,Labette,22,0,0,37.19113093,-95.29849679,20099.0,112.141910490366,0.0,22,22,0,0,22,22,19964,0,0,0,0,0
2020-06-05,US,Kansas,Lane,4,0,0,38.48119447,-100.46607540000001,20101.0,260.58631921824104,0.0,4,4,0,0,4,4,1560,0,0,0,0,0
2020-06-05,US,Kansas,Leavenworth,1100,7,0,39.20183497,-95.03620809,20103.0,1345.434085961007,0.6363636363636364,1093,1099,7,0,1092,1094,81352,1,0,0,1,5
2020-06-05,US,Kansas,Linn,11,0,0,38.21267844,-94.84254089,20107.0,113.36699989693909,0.0,11,11,0,0,11,11,9750,0,0,0,0,0
2020-06-05,US,Kansas,Lyon,387,6,0,38.45576156,-96.15275715,20111.0,1165.838228648893,1.5503875968992251,381,377,5,0,372,377,33406,10,1,0,9,0
2020-06-05,US,Kansas,Marion,5,1,0,38.35855394,-97.09852509999999,20115.0,42.07337596768765,20.0,4,5,1,0,4,5,11950,0,0,0,0,0
2020-06-05,US,Kansas,McPherson,30,0,0,38.39184858,-97.64769869,20113.0,105.10826150935465,0.0,30,30,0,0,30,30,28537,0,0,0,0,0
2020-06-05,US,Kansas,Meade,30,0,0,37.23859987,-100.36483100000001,20119.0,743.86312918423,0.0,30,31,0,0,31,31,4146,-1,0,0,-1,0
2020-06-05,US,Kansas,Miami,7,0,0,38.56383358,-94.83832189,20121.0,20.445716622367613,0.0,7,8,0,0,8,8,33680,-1,0,0,-1,0
2020-06-05,US,Kansas,Mitchell,4,0,0,39.39331582,-98.20906732,20123.0,66.9008195350393,0.0,4,4,0,0,4,4,6150,0,0,0,0,0
2020-06-05,US,Kansas,Montgomery,20,2,0,37.19236568,-95.74329258,20125.0,62.835778692387436,10.0,18,20,2,0,18,20,32120,0,0,0,0,0
2020-06-05,US,Kansas,Morris,5,0,0,38.68827511,-96.65128437,20127.0,88.96797153024912,0.0,5,5,0,0,5,5,5521,0,0,0,0,0
2020-06-05,US,Kansas,Morton,6,1,0,37.19141121,-101.79925190000002,20129.0,231.92887514495555,16.666666666666668,5,6,0,0,6,6,2667,0,1,0,-1,0
2020-06-05,US,Kansas,Nemaha,19,0,0,39.78345387,-96.01392079,20131.0,185.7100967647346,0.0,19,19,0,0,19,19,10155,0,0,0,0,0
2020-06-05,US,Kansas,Neosho,2,0,0,37.55862897,-95.30670046,20133.0,12.494533641531827,0.0,2,2,0,0,2,2,15951,0,0,0,0,0
2020-06-05,US,Kansas,Ness,4,0,0,38.47974157,-99.91547333,20135.0,145.45454545454547,0.0,4,3,0,0,3,3,2840,1,0,0,1,0
2020-06-05,US,Kansas,Norton,2,0,0,39.78443827,-99.90286639,20137.0,37.30647267300878,0.0,2,2,0,0,2,2,5430,0,0,0,0,0
2020-06-05,US,Kansas,Osage,9,0,0,38.65235984,-95.72707998,20139.0,56.42987021129851,0.0,9,8,0,0,8,8,15941,1,0,0,1,0
2020-06-05,US,Kansas,Osborne,2,0,0,39.3503437,-98.76753828,20141.0,58.46243788365975,0.0,2,2,0,0,2,2,3475,0,0,0,0,0
2020-06-05,US,Kansas,Ottawa,4,0,0,39.13237408,-97.65020313,20143.0,70.12622720897616,0.0,4,4,0,0,4,4,5802,0,0,0,0,0
2020-06-05,US,Kansas,Pawnee,2,0,0,38.18108732,-99.23692334,20145.0,31.181789834736513,0.0,2,1,0,0,1,1,6562,1,0,0,1,0
2020-06-05,US,Kansas,Phillips,2,0,0,39.78465501,-99.34668865,20147.0,38.211692777990066,0.0,2,2,0,0,2,2,5317,0,0,0,0,0
2020-06-05,US,Kansas,Pottawatomie,27,0,0,39.37925655,-96.34564657,20149.0,110.73288766763727,0.0,27,26,0,0,26,26,24277,1,0,0,1,0
2020-06-05,US,Kansas,Pratt,2,0,0,37.64780729,-98.73922153,20151.0,21.824530772588393,0.0,2,2,0,0,2,2,9378,0,0,0,0,0
2020-06-05,US,Kansas,Reno,45,0,0,37.95230263,-98.08607292,20155.0,72.58298654795315,0.0,45,44,0,0,44,43,62342,1,0,0,1,1
2020-06-05,US,Kansas,Republic,4,0,0,39.82799632,-97.65036709,20157.0,86.28127696289906,0.0,4,4,0,0,4,4,4664,0,0,0,0,0
2020-06-05,US,Kansas,Rice,4,0,0,38.34616184,-98.19992118,20159.0,41.94191045402118,0.0,4,4,0,0,4,4,9531,0,0,0,0,0
2020-06-05,US,Kansas,Riley,68,1,0,39.28935726,-96.73420026,20161.0,91.60469878219635,1.4705882352941178,67,67,1,0,66,67,73703,1,0,0,1,0
2020-06-05,US,Kansas,Rooks,7,0,0,39.35022773,-99.32484567,20163.0,142.27642276422762,0.0,7,6,0,0,6,6,5013,1,0,0,1,0
2020-06-05,US,Kansas,Saline,25,2,0,38.78369175,-97.65185177,20169.0,46.10504573620537,8.0,23,25,2,0,23,25,54401,0,0,0,0,0
2020-06-05,US,Kansas,Scott,14,0,0,38.48222076,-100.90665390000001,20171.0,290.2757619738752,0.0,14,14,0,0,14,14,4897,0,0,0,0,0
2020-06-05,US,Kansas,Sedgwick,635,21,0,37.6842718,-97.4608198,20173.0,123.05199964343988,3.307086614173228,614,625,21,0,604,616,513607,10,0,0,10,9
2020-06-05,US,Kansas,Seward,891,2,0,37.19324632,-100.85072009999999,20175.0,4158.110882956878,0.2244668911335578,889,891,2,0,889,888,21780,0,0,0,0,3
2020-06-05,US,Kansas,Shawnee,367,7,0,39.04100763,-95.75572640000001,20177.0,207.49116607773848,1.9073569482288828,360,348,7,0,341,334,177499,19,0,0,19,14
2020-06-05,US,Kansas,Sheridan,2,0,0,39.35018161,-100.44182590000001,20179.0,79.33359777865927,0.0,2,2,0,0,2,2,2533,0,0,0,0,0
2020-06-05,US,Kansas,Sherman,7,0,0,39.35147699,-101.71976240000001,20181.0,118.30319418624303,0.0,7,7,0,0,7,7,5899,0,0,0,0,0
2020-06-05,US,Kansas,Smith,2,0,0,39.78516566,-98.78566062,20183.0,55.81914596706671,0.0,2,2,0,0,2,2,3603,0,0,0,0,0
2020-06-05,US,Kansas,Stafford,1,0,0,38.03100851,-98.71762001,20185.0,24.06159769008662,0.0,1,1,0,0,1,1,4178,0,0,0,0,0
2020-06-05,US,Kansas,Stanton,10,0,0,37.56304714,-101.78435340000001,20187.0,498.5044865403789,0.0,10,10,0,0,10,10,1987,0,0,0,0,0
2020-06-05,US,Kansas,Stevens,30,0,0,37.1923008,-101.3118967,20189.0,546.9462169553327,0.0,30,30,0,0,30,30,5559,0,0,0,0,0
2020-06-05,US,Kansas,Sumner,8,1,0,37.23682549,-97.47721621,20191.0,35.032404974601505,12.5,7,8,1,0,7,8,22996,0,0,0,0,0
2020-06-05,US,Kansas,Trego,1,0,0,38.91467218,-99.87284448,20195.0,35.676061362825536,0.0,1,1,0,0,1,1,2793,0,0,0,0,0
2020-06-05,US,Kansas,Wabaunsee,31,0,0,38.95471985,-96.20350509,20197.0,447.2659067955562,0.0,31,31,0,0,31,31,6899,0,0,0,0,0
2020-06-05,US,Kansas,Wilson,1,0,0,37.55937174,-95.74323255,20205.0,11.730205278592374,0.0,1,1,0,0,1,1,8665,0,0,0,0,0
2020-06-05,US,Kansas,Woodson,6,0,0,37.8865336,-95.74006277,20207.0,191.20458891013385,0.0,6,6,0,0,6,6,3183,0,0,0,0,0
2020-06-05,US,Kansas,Wyandotte,1471,75,0,39.11727348,-94.76378225,20209.0,889.2032231350005,5.098572399728076,1396,1434,74,0,1360,1419,165324,37,1,0,36,15
2020-06-05,US,Kentucky,Adair,98,19,0,37.10459774,-85.28129668,21001.0,510.3635038016872,19.387755102040817,79,97,19,0,78,97,19215,1,0,0,1,0
2020-06-05,US,Kentucky,Allen,102,3,0,36.75197631,-86.19457544,21003.0,478.5362420830402,2.9411764705882355,99,100,3,0,97,96,21122,2,0,0,2,4
2020-06-05,US,Kentucky,Anderson,22,1,0,38.00671029,-84.99171713,21005.0,96.71605046819359,4.545454545454546,21,21,1,0,20,21,22663,1,0,0,1,0
2020-06-05,US,Kentucky,Ballard,12,0,0,37.05842757,-88.99427697,21007.0,152.1298174442191,0.0,12,12,0,0,12,12,7979,0,0,0,0,0
2020-06-05,US,Kentucky,Barren,53,1,0,36.96469836,-85.93338945,21009.0,119.77671811792356,1.8867924528301887,52,50,1,0,49,49,44176,3,0,0,3,1
2020-06-05,US,Kentucky,Bath,9,1,0,38.14735938,-83.74588932,21011.0,72.0,11.111111111111109,8,9,1,0,8,9,12383,0,0,0,0,0
2020-06-05,US,Kentucky,Bell,2,0,0,36.73355174,-83.67766671,21013.0,7.682851874615857,0.0,2,2,0,0,2,1,26569,0,0,0,0,1
2020-06-05,US,Kentucky,Boone,508,18,0,38.97065142,-84.72615357,21015.0,380.2936046294009,3.543307086614173,490,505,18,0,487,492,131533,3,0,0,3,13
2020-06-05,US,Kentucky,Bourbon,12,1,0,38.2054607,-84.21827874,21017.0,60.64281382656154,8.333333333333334,11,12,1,0,11,11,20184,0,0,0,0,1
2020-06-05,US,Kentucky,Boyd,42,3,0,38.36176608,-82.68652187,21019.0,89.90110878034163,7.142857142857142,39,41,3,0,38,40,47240,1,0,0,1,1
2020-06-05,US,Kentucky,Boyle,28,0,0,37.62680923,-84.8633779,21021.0,93.14703925482368,0.0,28,28,0,0,28,26,30100,0,0,0,0,2
2020-06-05,US,Kentucky,Bracken,14,0,0,38.69158994,-84.08532444,21023.0,168.61375406479587,0.0,14,13,0,0,13,13,8239,1,0,0,1,0
2020-06-05,US,Kentucky,Breathitt,3,0,0,37.52333168,-83.31959161,21025.0,23.752969121140147,0.0,3,3,0,0,3,3,12726,0,0,0,0,0
2020-06-05,US,Kentucky,Breckinridge,19,2,0,37.77377239,-86.42885017,21027.0,92.78702935000244,10.526315789473683,17,17,2,0,15,17,20388,2,0,0,2,0
2020-06-05,US,Kentucky,Bullitt,119,4,0,37.97162523,-85.68955617,21029.0,145.69763455605073,3.361344537815126,115,119,4,0,115,119,81069,0,0,0,0,0
2020-06-05,US,Kentucky,Butler,236,13,0,37.20946153,-86.68748787,21031.0,1832.4404068638871,5.508474576271187,223,235,13,0,222,235,12772,1,0,0,1,0
2020-06-05,US,Kentucky,Caldwell,12,0,0,37.14749129,-87.86948214,21033.0,94.13979759943516,0.0,12,12,0,0,12,12,12715,0,0,0,0,0
2020-06-05,US,Kentucky,Calloway,54,1,0,36.62093411,-88.2731593,21035.0,138.45798825671136,1.851851851851852,53,53,1,0,52,53,39135,1,0,0,1,0
2020-06-05,US,Kentucky,Campbell,194,12,0,38.94384345,-84.37875208,21037.0,207.3003932296119,6.185567010309278,182,194,12,0,182,191,93152,0,0,0,0,3
2020-06-05,US,Kentucky,Carlisle,5,1,0,36.85372876,-88.96692220000001,21039.0,105.04201680672269,20.0,4,5,1,0,4,5,4771,0,0,0,0,0
2020-06-05,US,Kentucky,Carroll,15,0,0,38.66599534,-85.12601074,21041.0,141.09679239958612,0.0,15,15,0,0,15,14,10737,0,0,0,0,1
2020-06-05,US,Kentucky,Carter,14,0,0,38.31690743,-83.05092385,21043.0,52.24465425234168,0.0,14,14,0,0,14,14,27004,0,0,0,0,0
2020-06-05,US,Kentucky,Casey,8,0,0,37.32533118,-84.92726209,21045.0,49.50801410978402,0.0,8,5,0,0,5,5,15888,3,0,0,3,0
2020-06-05,US,Kentucky,Christian,123,3,0,36.89267803,-87.49055367,21047.0,174.56465278664794,2.4390243902439024,120,118,3,0,115,114,71671,5,0,0,5,4
2020-06-05,US,Kentucky,Clark,58,0,0,37.9689263,-84.14615986,21049.0,159.94264125968618,0.0,58,53,0,0,53,43,36249,5,0,0,5,10
2020-06-05,US,Kentucky,Clay,8,1,0,37.16451126,-83.712575,21051.0,40.198984975629365,12.5,7,7,1,0,6,7,20105,1,0,0,1,0
2020-06-05,US,Kentucky,Clinton,5,0,0,36.72581156,-85.13377529,21053.0,48.933255040125275,0.0,5,5,0,0,5,4,10206,0,0,0,0,1
2020-06-05,US,Kentucky,Crittenden,7,1,0,37.35839237,-88.08826090000002,21055.0,79.4912559618442,14.285714285714285,6,7,1,0,6,7,8915,0,0,0,0,0
2020-06-05,US,Kentucky,Cumberland,5,0,0,36.78926125,-85.39050034,21057.0,75.59721802237678,0.0,5,5,0,0,5,5,6659,0,0,0,0,0
2020-06-05,US,Kentucky,Daviess,339,7,0,37.73028906,-87.09019479999998,21059.0,333.9539557289358,2.0648967551622417,332,337,6,0,331,330,101104,2,1,0,1,7
2020-06-05,US,Kentucky,Edmonson,58,11,0,37.21218923,-86.23955613,21061.0,477.36625514403295,18.96551724137931,47,57,11,0,46,57,12274,1,0,0,1,0
2020-06-05,US,Kentucky,Elliott,1,0,0,38.11624059,-83.09771563,21063.0,13.303179459890915,0.0,1,1,0,0,1,1,7508,0,0,0,0,0
2020-06-05,US,Kentucky,Estill,1,0,0,37.69241417,-83.95956369,21065.0,7.089181908407768,0.0,1,1,0,0,1,1,14198,0,0,0,0,0
2020-06-05,US,Kentucky,Fayette,840,14,0,38.0368225,-84.45576892,21067.0,259.9395949893549,1.6666666666666667,826,808,13,0,795,803,323780,32,1,0,31,5
2020-06-05,US,Kentucky,Fleming,2,0,0,38.36758311,-83.69657514,21069.0,13.716480351141893,0.0,2,2,0,0,2,2,14432,0,0,0,0,0
2020-06-05,US,Kentucky,Floyd,17,0,0,37.56213922,-82.74750924,21071.0,47.767568630756685,0.0,17,17,0,0,17,17,35845,0,0,0,0,0
2020-06-05,US,Kentucky,Franklin,73,2,0,38.2379395,-84.87962551,21073.0,143.1625188758801,2.7397260273972597,71,68,1,0,67,63,50815,5,1,0,4,5
2020-06-05,US,Kentucky,Fulton,10,0,0,36.55238827,-89.20140068,21075.0,167.53224995811698,0.0,10,8,0,0,8,8,6120,2,0,0,2,0
2020-06-05,US,Kentucky,Gallatin,46,5,0,38.75398691,-84.8558382,21077.0,518.6605028751832,10.869565217391305,41,46,5,0,41,46,8832,0,0,0,0,0
2020-06-05,US,Kentucky,Garrard,5,0,0,37.638866799999995,-84.53289319,21079.0,28.302954828484093,0.0,5,5,0,0,5,5,17560,0,0,0,0,0
2020-06-05,US,Kentucky,Grant,47,4,0,38.64962758,-84.62415957,21081.0,187.48254816705887,8.51063829787234,43,47,4,0,43,46,25121,0,0,0,0,1
2020-06-05,US,Kentucky,Graves,166,20,0,36.72292505,-88.65143315,21083.0,445.4462512746203,12.048192771084338,146,166,19,0,147,166,37317,0,1,0,-1,0
2020-06-05,US,Kentucky,Grayson,134,10,0,37.46231118,-86.34248968,21085.0,507.05717637264917,7.462686567164179,124,132,10,0,122,127,26321,2,0,0,2,5
2020-06-05,US,Kentucky,Green,2,0,0,37.26484328,-85.5540745,21087.0,18.279864729001005,0.0,2,2,0,0,2,1,11049,0,0,0,0,1
2020-06-05,US,Kentucky,Greenup,14,0,0,38.54332505,-82.9215658,21089.0,39.88831272437176,0.0,14,14,0,0,14,14,35268,0,0,0,0,0
2020-06-05,US,Kentucky,Hancock,7,0,0,37.83766422,-86.78280584,21091.0,80.25682182985555,0.0,7,7,0,0,7,7,8758,0,0,0,0,0
2020-06-05,US,Kentucky,Hardin,119,2,0,37.6976111,-85.96319251,21093.0,107.24778745110764,1.680672268907563,117,111,2,0,109,109,110356,8,0,0,8,2
2020-06-05,US,Kentucky,Harlan,4,0,0,36.85699301,-83.21899516,21095.0,15.378700499807767,0.0,4,4,0,0,4,4,26409,0,0,0,0,0
2020-06-05,US,Kentucky,Harrison,28,0,0,38.44188174,-84.32869741,21097.0,148.25796886582654,0.0,28,27,0,0,27,23,18778,1,0,0,1,4
2020-06-05,US,Kentucky,Hart,24,0,0,37.29943898,-85.88461055,21099.0,126.08353033884949,0.0,24,23,0,0,23,23,18906,1,0,0,1,0
2020-06-05,US,Kentucky,Henderson,118,3,0,37.79344553,-87.57392021,21101.0,261.004202610042,2.5423728813559316,115,117,3,0,114,112,45591,1,0,0,1,5
2020-06-05,US,Kentucky,Henry,23,0,0,38.44942688,-85.11587507,21103.0,142.6268138410021,0.0,23,22,0,0,22,22,16106,1,0,0,1,0
2020-06-05,US,Kentucky,Hickman,5,0,0,36.67948079999999,-88.97875928,21105.0,114.15525114155253,0.0,5,5,0,0,5,5,4421,0,0,0,0,0
2020-06-05,US,Kentucky,Hopkins,224,31,0,37.30939025,-87.54670406,21107.0,501.27556729176916,13.839285714285715,193,224,31,0,193,224,45068,0,0,0,0,0
2020-06-05,US,Kentucky,Jackson,61,13,0,37.41866422,-83.99825483,21109.0,457.6487358391477,21.311475409836067,48,61,13,0,48,61,13442,0,0,0,0,0
2020-06-05,US,Kentucky,Jefferson,2843,167,0,38.18664655,-85.65931031,21111.0,370.7823991173214,5.87407667956384,2676,2760,163,0,2597,2612,770517,83,4,0,79,148
2020-06-05,US,Kentucky,Jessamine,69,0,0,37.87119786,-84.58252003,21113.0,127.50623671810034,0.0,69,67,0,0,67,67,53920,2,0,0,2,0
2020-06-05,US,Kentucky,Johnson,5,0,0,37.85106355,-82.8264322,21115.0,22.534703443302693,0.0,5,5,0,0,5,5,22386,0,0,0,0,0
2020-06-05,US,Kentucky,Kenton,663,35,0,38.93950319,-84.53241199,21117.0,397.0107426436245,5.279034690799397,628,653,35,0,618,638,166051,10,0,0,10,15
2020-06-05,US,Kentucky,Knott,4,0,0,37.35388197,-82.94981134,21119.0,27.016074564365802,0.0,4,4,0,0,4,4,15126,0,0,0,0,0
2020-06-05,US,Kentucky,Knox,10,0,0,36.89225732,-83.85403396,21121.0,32.10788248515011,0.0,10,10,0,0,10,10,31304,0,0,0,0,0
2020-06-05,US,Kentucky,Larue,9,0,0,37.54567114,-85.70138352,21123.0,62.50868176135575,0.0,9,9,0,0,9,8,14307,0,0,0,0,1
2020-06-05,US,Kentucky,Laurel,21,2,0,37.10975748,-84.11321779,21125.0,34.532090178086925,9.523809523809524,19,21,2,0,19,21,60669,0,0,0,0,0
2020-06-05,US,Kentucky,Lawrence,5,0,0,38.07136018,-82.72882223,21127.0,32.64346804204479,0.0,5,4,0,0,4,4,15571,1,0,0,1,0
2020-06-05,US,Kentucky,Lee,1,0,0,37.59645942,-83.71513901,21129.0,13.508037282182901,0.0,1,1,0,0,1,1,7033,0,0,0,0,0
2020-06-05,US,Kentucky,Leslie,6,0,0,37.09246661,-83.37999606,21131.0,60.74719044244203,0.0,6,6,0,0,6,6,10143,0,0,0,0,0
2020-06-05,US,Kentucky,Letcher,3,0,0,37.12306748,-82.85346474,21133.0,13.919175984781699,0.0,3,3,0,0,3,3,21899,0,0,0,0,0
2020-06-05,US,Kentucky,Lewis,7,0,0,38.53184419,-83.37735618,21135.0,52.730696798493405,0.0,7,7,0,0,7,7,13257,0,0,0,0,0
2020-06-05,US,Kentucky,Lincoln,11,1,0,37.45475628,-84.6565327,21137.0,44.80834249867612,9.090909090909092,10,9,1,0,8,8,24644,2,0,0,2,1
2020-06-05,US,Kentucky,Livingston,9,0,0,37.21137452,-88.34797529,21139.0,97.88992821405265,0.0,9,9,0,0,9,9,9242,0,0,0,0,0
2020-06-05,US,Kentucky,Logan,164,4,0,36.85949479,-86.877635,21141.0,605.1213932551102,2.4390243902439024,160,158,4,0,154,155,26989,6,0,0,6,3
2020-06-05,US,Kentucky,Lyon,15,3,0,37.02080035,-88.07886257,21143.0,182.70401948842877,20.0,12,15,3,0,12,15,8009,0,0,0,0,0
2020-06-05,US,Kentucky,Madison,57,1,0,37.71659336,-84.27220275,21151.0,61.29889124286191,1.7543859649122806,56,57,1,0,56,54,92368,0,0,0,0,3
2020-06-05,US,Kentucky,Magoffin,2,0,0,37.70820545,-83.0657714,21153.0,16.446015952635474,0.0,2,2,0,0,2,2,12362,0,0,0,0,0
2020-06-05,US,Kentucky,Marion,31,0,0,37.55218078,-85.26898542,21155.0,160.84678047008768,0.0,31,27,0,0,27,25,19404,4,0,0,4,2
2020-06-05,US,Kentucky,Marshall,37,2,0,36.88007070000001,-88.32803576,21157.0,118.97106109324758,5.405405405405406,35,37,2,0,35,37,31191,0,0,0,0,0
2020-06-05,US,Kentucky,Martin,3,0,0,37.79990579,-82.51247478,21159.0,26.797677534613662,0.0,3,3,0,0,3,3,11323,0,0,0,0,0
2020-06-05,US,Kentucky,Mason,12,0,0,38.59471935,-83.82151043,21161.0,70.298769771529,0.0,12,10,0,0,10,10,17150,2,0,0,2,0
2020-06-05,US,Kentucky,McCracken,111,2,0,37.05350953,-88.70445755,21145.0,169.67807025589286,1.8018018018018016,109,107,2,0,105,99,65346,4,0,0,4,8
2020-06-05,US,Kentucky,McCreary,13,0,0,36.73874143,-84.48102924,21147.0,75.44541814172132,0.0,13,13,0,0,13,13,17408,0,0,0,0,0
2020-06-05,US,Kentucky,McLean,22,1,0,37.5301951,-87.26803443,21149.0,238.94862604540023,4.545454545454546,21,22,1,0,21,22,9252,0,0,0,0,0
2020-06-05,US,Kentucky,Meade,23,2,0,37.96163597,-86.21028219,21163.0,80.49839003219934,8.695652173913043,21,23,2,0,21,22,28715,0,0,0,0,1
2020-06-05,US,Kentucky,Menifee,10,0,0,37.94090733,-83.59985712,21165.0,154.10695022345507,0.0,10,10,0,0,10,10,6451,0,0,0,0,0
2020-06-05,US,Kentucky,Mercer,15,0,0,37.81474237,-84.87488475,21167.0,68.3900971139379,0.0,15,14,0,0,14,14,21774,1,0,0,1,0
2020-06-05,US,Kentucky,Metcalfe,7,2,0,36.99459295,-85.63123699,21169.0,69.50650382285771,28.57142857142857,5,7,2,0,5,7,10030,0,0,0,0,0
2020-06-05,US,Kentucky,Monroe,25,0,0,36.71225341,-85.71596443,21171.0,234.74178403755866,0.0,25,25,0,0,25,21,10718,0,0,0,0,4
2020-06-05,US,Kentucky,Montgomery,25,0,0,38.03253032,-83.9145241,21173.0,88.78786802571297,0.0,25,25,0,0,25,25,28203,0,0,0,0,0
2020-06-05,US,Kentucky,Morgan,3,0,0,37.92465657,-83.25558245,21175.0,22.541137576076334,0.0,3,3,0,0,3,3,13345,0,0,0,0,0
2020-06-05,US,Kentucky,Muhlenberg,480,8,0,37.21425819,-87.14632053,21177.0,1567.5004898439029,1.6666666666666667,472,479,8,0,471,479,30774,1,0,0,1,0
2020-06-05,US,Kentucky,Nelson,44,1,0,37.80335779,-85.4657193,21179.0,95.1701165833928,2.272727272727273,43,44,1,0,43,44,45851,0,0,0,0,0
2020-06-05,US,Kentucky,Nicholas,4,0,0,38.33342292,-84.01889177,21181.0,55.02820195350117,0.0,4,3,0,0,3,3,7166,1,0,0,1,0
2020-06-05,US,Kentucky,Ohio,151,0,0,37.47751843,-86.85368087,21183.0,629.3239976660832,0.0,151,150,0,0,150,148,24087,1,0,0,1,2
2020-06-05,US,Kentucky,Oldham,109,5,0,38.39791089,-85.448222,21185.0,163.17609545053068,4.587155963302751,104,105,5,0,100,103,66470,4,0,0,4,2
2020-06-05,US,Kentucky,Owen,3,0,0,38.51679143,-84.82404619,21187.0,27.520410971470515,0.0,3,3,0,0,3,3,10880,0,0,0,0,0
2020-06-05,US,Kentucky,Owsley,2,0,0,37.42823949,-83.68811419,21189.0,45.30011325028314,0.0,2,2,0,0,2,2,4472,0,0,0,0,0
2020-06-05,US,Kentucky,Pendleton,14,0,0,38.69607718,-84.35599463,21191.0,95.95613433858809,0.0,14,11,0,0,11,11,14529,3,0,0,3,0
2020-06-05,US,Kentucky,Perry,22,0,0,37.25023553,-83.22922731,21193.0,85.41035794704557,0.0,22,22,0,0,22,22,26092,0,0,0,0,0
2020-06-05,US,Kentucky,Pike,34,2,0,37.47088263,-82.39487445,21195.0,58.7462851613795,5.882352941176472,32,32,2,0,30,30,58402,2,0,0,2,2
2020-06-05,US,Kentucky,Powell,1,0,0,37.83218794,-83.82553961,21197.0,8.091269520187717,0.0,1,1,0,0,1,1,12442,0,0,0,0,0
2020-06-05,US,Kentucky,Pulaski,64,2,0,37.10466131,-84.57629079,21199.0,98.49335939303468,3.125,62,60,2,0,58,61,64623,4,0,0,4,-1
2020-06-05,US,Kentucky,Rockcastle,13,0,0,37.36642393,-84.31176452,21203.0,77.86762503743634,0.0,13,13,0,0,13,13,16750,0,0,0,0,0
2020-06-05,US,Kentucky,Rowan,7,0,0,38.19484205,-83.42088935,21205.0,28.618152085036797,0.0,7,7,0,0,7,7,24583,0,0,0,0,0
2020-06-05,US,Kentucky,Russell,30,4,0,36.99308373,-85.06070117,21207.0,167.3826926295821,13.333333333333336,26,26,4,0,22,25,17821,4,0,0,4,1
2020-06-05,US,Kentucky,Scott,37,0,0,38.29622293,-84.5816631,21209.0,64.90772577362992,0.0,37,37,0,0,37,35,56031,0,0,0,0,2
2020-06-05,US,Kentucky,Shelby,214,5,0,38.21476019,-85.194223,21211.0,436.52088772845946,2.336448598130841,209,184,5,0,179,184,48518,30,0,0,30,0
2020-06-05,US,Kentucky,Simpson,55,3,0,36.74058474,-86.58047435,21213.0,296.14473400818434,5.454545454545454,52,55,3,0,52,55,18529,0,0,0,0,0
2020-06-05,US,Kentucky,Spencer,24,0,0,38.03223971,-85.32749335,21215.0,124.02459821197873,0.0,24,24,0,0,24,24,18794,0,0,0,0,0
2020-06-05,US,Kentucky,Taylor,13,1,0,37.3677562,-85.3329931,21217.0,50.448212969071356,7.6923076923076925,12,13,1,0,12,13,25549,0,0,0,0,0
2020-06-05,US,Kentucky,Todd,23,0,0,36.8381152,-87.17878374,21219.0,187.0831299821051,0.0,23,23,0,0,23,18,12311,0,0,0,0,5
2020-06-05,US,Kentucky,Trigg,11,0,0,36.80767017,-87.87333656,21221.0,75.08019930380179,0.0,11,11,0,0,11,10,14643,0,0,0,0,1
2020-06-05,US,Kentucky,Trimble,6,0,0,38.61056487,-85.33775972,21223.0,70.82989021367017,0.0,6,6,0,0,6,6,8515,0,0,0,0,0
2020-06-05,US,Kentucky,Unassigned,9,0,0,0.0,0.0,90021.0,0.0,0.0,9,9,0,0,9,8,,0,0,0,0,1
2020-06-05,US,Kentucky,Union,15,0,0,37.66166713,-87.94300009,21225.0,104.30429038314443,0.0,15,15,0,0,15,15,14505,0,0,0,0,0
2020-06-05,US,Kentucky,Warren,1099,6,0,36.99903045,-86.42672751,21227.0,826.96243679268,0.5459508644222021,1093,1081,6,0,1075,1067,131264,18,0,0,18,14
2020-06-05,US,Kentucky,Washington,8,0,0,37.75599461,-85.17407732,21229.0,66.14303431169904,0.0,8,7,0,0,7,7,12084,1,0,0,1,0
2020-06-05,US,Kentucky,Wayne,9,0,0,36.80310688,-84.8251971,21231.0,44.26302070525746,0.0,9,8,0,0,8,8,20468,1,0,0,1,0
2020-06-05,US,Kentucky,Webster,34,0,0,37.52168356,-87.67989953,21233.0,262.71055478287747,0.0,34,34,0,0,34,33,13111,0,0,0,0,1
2020-06-05,US,Kentucky,Whitley,13,0,0,36.75700531,-84.14541217,21235.0,35.848224134127506,0.0,13,13,0,0,13,13,36242,0,0,0,0,0
2020-06-05,US,Kentucky,Wolfe,1,0,0,37.73941626,-83.49303612,21237.0,13.972334777141258,0.0,1,1,0,0,1,1,7177,0,0,0,0,0
2020-06-05,US,Kentucky,Woodford,32,0,0,38.04178222,-84.7417556,21239.0,119.69776314805115,0.0,32,31,0,0,31,29,26533,1,0,0,1,2
2020-06-05,US,Louisiana,Acadia,467,26,0,30.295064899999996,-92.41419698,22001.0,752.6795068095738,5.56745182012848,441,462,26,0,436,446,62190,5,0,0,5,16
2020-06-05,US,Louisiana,Allen,186,10,0,30.65385745,-92.82442028,22003.0,725.7970109649979,5.376344086021504,176,186,10,0,176,185,25605,0,0,0,0,1
2020-06-05,US,Louisiana,Ascension,865,58,0,30.20406249,-90.91328409999998,22005.0,683.2327572588542,6.705202312138728,807,861,57,0,804,852,124672,4,1,0,3,9
2020-06-05,US,Louisiana,Assumption,253,13,0,29.89946234,-91.06461642,22007.0,1155.726097482984,5.138339920948616,240,252,14,0,238,252,22300,1,-1,0,2,0
2020-06-05,US,Louisiana,Avoyelles,151,9,0,31.07796211,-92.00079449,22009.0,376.145874850538,5.960264900662253,142,149,9,0,140,141,40462,2,0,0,2,8
2020-06-05,US,Louisiana,Beauregard,99,4,0,30.64836518,-93.34173616,22011.0,264.0211216897352,4.040404040404041,95,90,4,0,86,81,37253,9,0,0,9,9
2020-06-05,US,Louisiana,Bienville,151,23,0,32.34569994,-93.05398492,22013.0,1140.3972509629182,15.231788079470197,128,149,23,0,126,149,13308,2,0,0,2,0
2020-06-05,US,Louisiana,Bossier,450,25,0,32.67932307,-93.60460152,22015.0,354.2219318477004,5.5555555555555545,425,438,25,0,413,425,127185,12,0,0,12,13
2020-06-05,US,Louisiana,Caddo,2699,203,0,32.57991587,-93.88375652,22017.0,1123.6282493214098,7.521304186735827,2496,2676,198,0,2478,2633,242922,23,5,0,18,43
2020-06-05,US,Louisiana,Calcasieu,625,51,0,30.22931235,-93.35400434,22019.0,307.22192728917196,8.16,574,621,49,0,572,613,203112,4,2,0,2,8
2020-06-05,US,Louisiana,Caldwell,70,1,0,32.0902519,-92.11752148,22021.0,705.7874571486187,1.4285714285714286,69,65,1,0,64,61,9960,5,0,0,5,4
2020-06-05,US,Louisiana,Cameron,8,0,0,29.87592238,-93.19310676,22023.0,114.7282374874516,0.0,8,8,0,0,8,6,6968,0,0,0,0,2
2020-06-05,US,Louisiana,Catahoula,120,3,0,31.66778967,-91.84526385,22025.0,1263.956182852328,2.5,117,119,3,0,116,117,9608,1,0,0,1,2
2020-06-05,US,Louisiana,Claiborne,66,10,0,32.82308512,-92.99526883,22027.0,421.18698149329936,15.151515151515152,56,66,10,0,56,66,15944,0,0,0,0,0
2020-06-05,US,Louisiana,Concordia,95,5,0,31.44817835,-91.63814433,22029.0,493.2758710213407,5.2631578947368425,90,94,5,0,89,94,19572,1,0,0,1,0
2020-06-05,US,Louisiana,De Soto,262,17,0,32.05457447,-93.74130302,22031.0,954.010850963114,6.4885496183206115,245,260,17,0,243,250,27436,2,0,0,2,10
2020-06-05,US,Louisiana,East Baton Rouge,3874,250,0,30.53842039,-91.09777565,22033.0,880.3365003329097,6.4532782653588034,3624,3820,246,0,3574,3773,440956,54,4,0,50,47
2020-06-05,US,Louisiana,East Carroll,184,0,0,32.73926954,-91.23425694,22035.0,2681.824806879464,0.0,184,179,0,0,179,165,7037,5,0,0,5,14
2020-06-05,US,Louisiana,East Feliciana,199,30,0,30.84425359,-91.04976723,22037.0,1039.9790958975698,15.075376884422115,169,199,30,0,169,198,19305,0,0,0,0,1
2020-06-05,US,Louisiana,Evangeline,81,1,0,30.72985248,-92.39915924,22039.0,242.55128013175624,1.2345679012345678,80,81,1,0,80,81,33443,0,0,0,0,0
2020-06-05,US,Louisiana,Franklin,383,12,0,32.13675181,-91.67589857,22041.0,1913.5648263802148,3.133159268929504,371,378,12,0,366,377,20156,5,0,0,5,1
2020-06-05,US,Louisiana,Grant,34,1,0,31.59882456,-92.56124347,22043.0,151.86028853454818,2.9411764705882355,33,33,1,0,32,30,22482,1,0,0,1,3
2020-06-05,US,Louisiana,Iberia,422,39,0,29.86803617,-91.75871777,22045.0,604.3247887727338,9.241706161137438,383,419,38,0,381,418,70941,3,1,0,2,1
2020-06-05,US,Louisiana,Iberville,588,42,0,30.25734305,-91.3499598,22047.0,1808.6186213896835,7.142857142857142,546,584,42,0,542,579,32721,4,0,0,4,5
2020-06-05,US,Louisiana,Jackson,120,15,0,32.30251776,-92.55692092,22049.0,762.1951219512197,12.5,105,117,15,0,102,110,15902,3,0,0,3,7
2020-06-05,US,Louisiana,Jefferson,7803,457,0,29.74075478,-90.11115756,22051.0,1804.1910504909906,5.856721773676791,7346,7763,455,0,7308,7738,434051,40,2,0,38,25
2020-06-05,US,Louisiana,Jefferson Davis,87,7,0,30.26896765,-92.81210004,22053.0,277.35271614384084,8.045977011494253,80,84,7,0,77,78,31582,3,0,0,3,6
2020-06-05,US,Louisiana,LaSalle,58,0,0,31.67884782,-92.15907765,22059.0,389.47085683588506,0.0,58,56,0,0,56,53,14917,2,0,0,2,3
2020-06-05,US,Louisiana,Lafayette,854,29,0,30.2049055,-92.06959876,22055.0,349.44146650844965,3.3957845433255267,825,834,28,0,806,821,242782,20,1,0,19,13
2020-06-05,US,Louisiana,Lafourche,886,73,0,29.52470226,-90.40976986,22057.0,907.6566885897516,8.239277652370204,813,882,72,0,810,878,98115,4,1,0,3,4
2020-06-05,US,Louisiana,Lincoln,165,17,0,32.6003154,-92.66597409999999,22061.0,353.00158315861535,10.303030303030305,148,163,16,0,147,161,47196,2,1,0,1,2
2020-06-05,US,Louisiana,Livingston,458,31,0,30.44143993,-90.73061664,22063.0,325.3095057142248,6.7685589519650655,427,453,31,0,422,446,139567,5,0,0,5,7
2020-06-05,US,Louisiana,Madison,121,2,0,32.36918118,-91.23973355,22065.0,1104.9219249383618,1.6528925619834711,119,116,2,0,114,106,11161,5,0,0,5,10
2020-06-05,US,Louisiana,Morehouse,132,5,0,32.81686191,-91.80421614,22067.0,530.6745999839188,3.787878787878788,127,132,5,0,127,131,25398,0,0,0,0,1
2020-06-05,US,Louisiana,Natchitoches,173,13,0,31.72321584,-93.09816516,22069.0,453.378059646732,7.514450867052022,160,173,13,0,160,173,38659,0,0,0,0,0
2020-06-05,US,Louisiana,Orleans,7206,511,0,30.06971951,-89.92660315,22071.0,1847.0103346456685,7.0913127948931445,6695,7192,511,0,6681,7174,391006,14,0,0,14,18
2020-06-05,US,Louisiana,Ouachita,1396,51,0,32.47645559,-92.15704172,22073.0,910.7575075515888,3.653295128939828,1345,1346,49,0,1297,1312,154475,50,2,0,48,34
2020-06-05,US,Louisiana,Plaquemines,218,17,0,29.42245447,-89.60322085,22075.0,939.7766952623184,7.798165137614678,201,217,17,0,200,215,23410,1,0,0,1,2
2020-06-05,US,Louisiana,Pointe Coupee,208,25,0,30.71409502,-91.60209535,22077.0,957.2020248504373,12.019230769230768,183,207,25,0,182,205,21940,1,0,0,1,2
2020-06-05,US,Louisiana,Rapides,890,36,0,31.19778499,-92.52997303,22079.0,686.474145378255,4.044943820224719,854,850,33,0,817,829,130562,40,3,0,37,21
2020-06-05,US,Louisiana,Red River,51,7,0,32.09530039,-93.34213308,22081.0,604.1222459132908,13.725490196078429,44,51,7,0,44,50,8477,0,0,0,0,1
2020-06-05,US,Louisiana,Richland,148,3,0,32.41391005,-91.76634876,22083.0,735.5133684524402,2.0270270270270268,145,148,3,0,145,143,20192,0,0,0,0,5
2020-06-05,US,Louisiana,Sabine,50,0,0,31.56388699,-93.55433981,22085.0,209.34516831351533,0.0,50,50,0,0,50,49,24032,0,0,0,0,1
2020-06-05,US,Louisiana,St. Bernard,548,22,0,29.87761636,-89.51887093,22087.0,1159.9356532046395,4.014598540145985,526,546,22,0,524,545,46721,2,0,0,2,1
2020-06-05,US,Louisiana,St. Charles,647,45,0,29.90709658,-90.35555967,22089.0,1218.4557438794727,6.955177743431221,602,647,45,0,602,647,52879,0,0,0,0,0
2020-06-05,US,Louisiana,St. Helena,53,1,0,30.82210324,-90.71013176,22091.0,523.0951440979077,1.8867924528301887,52,52,1,0,51,51,10262,1,0,0,1,1
2020-06-05,US,Louisiana,St. James,304,27,0,30.02531716,-90.80212061,22093.0,1441.031475161168,8.881578947368421,277,303,27,0,276,303,21037,1,0,0,1,0
2020-06-05,US,Louisiana,St. John the Baptist,873,84,0,30.12597499,-90.4753503,22095.0,2037.9578401848871,9.621993127147766,789,872,82,0,790,868,43184,1,2,0,-1,4
2020-06-05,US,Louisiana,St. Landry,308,54,0,30.59724262,-92.00135806,22097.0,375.0426184793728,17.532467532467532,254,272,54,0,218,269,82764,36,0,0,36,3
2020-06-05,US,Louisiana,St. Martin,281,24,0,30.13112107,-91.61403569,22099.0,525.9119237895603,8.540925266903914,257,311,23,0,288,306,53621,-30,1,0,-31,5
2020-06-05,US,Louisiana,St. Mary,333,32,0,29.69262097,-91.44702164,22101.0,674.7993839669288,9.60960960960961,301,331,32,0,299,328,49774,2,0,0,2,3
2020-06-05,US,Louisiana,St. Tammany,1823,163,0,30.40942847,-89.95642711,22103.0,700.0257277694792,8.941305540318156,1660,1799,162,0,1637,1790,258111,24,1,0,23,9
2020-06-05,US,Louisiana,Tangipahoa,916,39,0,30.62888673,-90.40664996,22105.0,679.737010047641,4.257641921397379,877,898,39,0,859,891,133777,18,0,0,18,7
2020-06-05,US,Louisiana,Tensas,20,0,0,32.00760749,-91.32915234,22107.0,461.4674665436087,0.0,20,16,0,0,16,16,4462,4,0,0,4,0
2020-06-05,US,Louisiana,Terrebonne,724,55,0,29.37343766,-90.82626855,22109.0,655.434949891817,7.596685082872927,669,719,55,0,664,709,111021,5,0,0,5,10
2020-06-05,US,Louisiana,Unassigned,88,111,0,0.0,0.0,90022.0,0.0,126.13636363636364,-23,88,111,0,-23,85,,0,0,0,0,3
2020-06-05,US,Louisiana,Union,343,20,0,32.83121059,-92.3749373,22111.0,1551.4745793377967,5.830903790087462,323,333,19,0,314,331,22330,10,1,0,9,2
2020-06-05,US,Louisiana,Vermilion,59,4,0,29.83517605,-92.30292538,22113.0,99.14133521533834,6.779661016949151,55,59,4,0,55,58,59830,0,0,0,0,1
2020-06-05,US,Louisiana,Vernon,31,3,0,31.10884837,-93.18153838,22115.0,65.36085517299543,9.677419354838712,28,29,3,0,26,28,48860,2,0,0,2,1
2020-06-05,US,Louisiana,Washington,457,42,0,30.85288548,-90.03866652,22117.0,989.3059704723556,9.190371991247265,415,451,41,0,410,444,46582,6,1,0,5,7
2020-06-05,US,Louisiana,Webster,175,8,0,32.70847669,-93.33121835,22119.0,456.44235785080855,4.571428571428571,167,171,7,0,164,163,38798,4,1,0,3,8
2020-06-05,US,Louisiana,West Baton Rouge,180,31,0,30.46058217,-91.30989571,22121.0,680.1435858681277,17.22222222222222,149,180,31,0,149,176,26427,0,0,0,0,4
2020-06-05,US,Louisiana,West Carroll,68,0,0,32.78550125,-91.461201,22123.0,627.8855032317638,0.0,68,68,0,0,68,68,10982,0,0,0,0,0
2020-06-05,US,Louisiana,West Feliciana,220,13,0,30.87882871,-91.41485379999999,22125.0,1413.1551901336074,5.909090909090909,207,216,13,0,203,215,15460,4,0,0,4,1
2020-06-05,US,Louisiana,Winn,182,2,0,31.94449367,-92.63789413,22127.0,1308.97583429229,1.0989010989010992,180,178,2,0,176,178,14134,4,0,0,4,0
2020-06-05,US,Maine,Androscoggin,338,3,0,44.1664747,-70.20380627,23001.0,312.1623244086925,0.8875739644970414,335,334,2,0,332,326,107679,4,1,0,3,8
2020-06-05,US,Maine,Aroostook,10,1,0,46.65926321,-68.59841248,23003.0,14.913131011855938,10.0,9,10,1,0,9,10,67111,0,0,0,0,0
2020-06-05,US,Maine,Cumberland,1265,55,0,43.8370751,-70.37226999,23005.0,428.8091985505232,4.3478260869565215,1210,1244,54,0,1190,1226,293557,21,1,0,20,18
2020-06-05,US,Maine,Franklin,36,1,0,44.97330019,-70.44381045,23007.0,119.20924533924965,2.7777777777777777,35,36,1,0,35,36,29897,0,0,0,0,0
2020-06-05,US,Maine,Hancock,12,1,0,44.59816444,-68.38401854,23009.0,21.82334006219652,8.333333333333334,11,11,1,0,10,11,54811,1,0,0,1,0
2020-06-05,US,Maine,Kennebec,129,9,0,44.40759555,-69.76738544,23011.0,105.47660708737386,6.9767441860465125,120,128,9,0,119,127,122083,1,0,0,1,1
2020-06-05,US,Maine,Knox,21,1,0,44.11486325,-69.10529169,23013.0,52.800965503369206,4.761904761904762,20,21,1,0,20,21,39771,0,0,0,0,0
2020-06-05,US,Maine,Lincoln,20,0,0,44.05996956,-69.54227124,23015.0,57.746722873476934,0.0,20,20,0,0,20,20,34342,0,0,0,0,0
2020-06-05,US,Maine,Oxford,32,0,0,44.49952995,-70.75682123,23017.0,55.19620526088831,0.0,32,32,0,0,32,33,57618,0,0,0,0,-1
2020-06-05,US,Maine,Penobscot,101,2,0,45.40194593,-68.65020455,23019.0,66.38273260246602,1.98019801980198,99,100,2,0,98,100,151096,1,0,0,1,0
2020-06-05,US,Maine,Piscataquis,1,0,0,45.83839062,-69.2860223,23021.0,5.957700327673518,0.0,1,1,0,0,1,1,16800,0,0,0,0,0
2020-06-05,US,Maine,Sagadahoc,30,0,0,43.95415864,-69.85074999,23023.0,83.66800535475234,0.0,30,30,0,0,30,31,35634,0,0,0,0,-1
2020-06-05,US,Maine,Somerset,22,0,0,45.51229767,-69.95995554,23025.0,43.57816337849616,0.0,22,22,0,0,22,22,50592,0,0,0,0,0
2020-06-05,US,Maine,Unassigned,4,0,0,0.0,0.0,90023.0,0.0,0.0,4,4,0,0,4,4,,0,0,0,0,0
2020-06-05,US,Maine,Waldo,52,14,0,44.4858305,-69.12061935,23027.0,130.9328968903437,26.923076923076927,38,51,14,0,37,51,39694,1,0,0,1,0
2020-06-05,US,Maine,Washington,1,0,0,45.01607142,-67.62813524,23029.0,3.1868447050575224,0.0,1,1,0,0,1,1,31490,0,0,0,0,0
2020-06-05,US,Maine,York,408,11,0,43.47808377,-70.71052375,23031.0,196.49298548937833,2.6960784313725488,397,401,10,0,391,398,206229,7,1,0,6,3
2020-06-05,US,Maryland,Allegany,183,16,0,39.62357628,-78.69280486,24001.0,259.88411724608045,8.743169398907106,167,182,16,0,166,182,70975,1,0,0,1,0
2020-06-05,US,Maryland,Anne Arundel,4150,182,0,39.00670238,-76.60329337,24003.0,716.4634672688412,4.385542168674698,3968,4080,179,0,3901,4009,576031,70,3,0,67,71
2020-06-05,US,Maryland,Baltimore,6590,376,0,39.45784712,-76.62911955,24005.0,796.4997522269359,5.705614567526555,6214,6476,371,0,6105,6457,828431,114,5,0,109,19
2020-06-05,US,Maryland,Baltimore City,6038,272,0,39.30211911,-76.61151012,24510.0,1017.371817553792,4.5048029148724735,5766,5906,269,0,5637,5801,621342,132,3,0,129,105
2020-06-05,US,Maryland,Calvert,353,20,0,38.53961642,-76.56820632,24009.0,381.51850851121316,5.665722379603398,333,352,20,0,332,348,92003,1,0,0,1,4
2020-06-05,US,Maryland,Caroline,268,1,0,38.87172293,-75.82904158,24011.0,802.2510926180927,0.373134328358209,267,268,1,0,267,265,33304,0,0,0,0,3
2020-06-05,US,Maryland,Carroll,960,98,0,39.56453592,-77.02373735,24013.0,569.9121979020107,10.208333333333334,862,947,98,0,849,940,168429,13,0,0,13,7
2020-06-05,US,Maryland,Cecil,393,24,0,39.56647682,-75.94627411,24015.0,382.09129356861604,6.106870229007634,369,388,24,0,364,381,102826,5,0,0,5,7
2020-06-05,US,Maryland,Charles,1185,79,0,38.51092331,-76.98580666,24017.0,725.8494275896286,6.666666666666668,1106,1174,79,0,1095,1152,161503,11,0,0,11,22
2020-06-05,US,Maryland,Dorchester,153,4,0,38.45413522,-76.02752426,24019.0,479.1881988161233,2.6143790849673203,149,152,3,0,149,147,31998,1,1,0,0,5
2020-06-05,US,Maryland,Frederick,2069,110,0,39.47296601,-77.39999394,24021.0,797.1581255032808,5.316578057032383,1959,2041,109,0,1932,2005,255648,28,1,0,27,36
2020-06-05,US,Maryland,Garrett,10,0,0,39.52786077,-79.27355126,24023.0,34.46611980423244,0.0,10,10,0,0,10,10,29163,0,0,0,0,0
2020-06-05,US,Maryland,Harford,939,51,0,39.55010644,-76.30775940000002,24025.0,367.59956310850646,5.4313099041533555,888,920,51,0,869,901,253956,19,0,0,19,19
2020-06-05,US,Maryland,Howard,2074,65,0,39.25305293,-76.93126208,24027.0,636.8018668058584,3.13404050144648,2009,2033,65,0,1968,2004,323196,41,0,0,41,29
2020-06-05,US,Maryland,Kent,184,19,0,39.24976208,-76.04741541,24029.0,947.3792606322728,10.326086956521738,165,180,19,0,161,178,19383,4,0,0,4,2
2020-06-05,US,Maryland,Montgomery,12434,645,0,39.13676329,-77.20358245,24031.0,1183.415057562283,5.187389416117099,11789,12226,636,0,11590,11924,1052567,208,9,0,199,302
2020-06-05,US,Maryland,Prince George's,16169,587,0,38.83070039,-76.8496441,24033.0,1778.1282201012395,3.6304038592368113,15582,15940,580,0,15360,15738,909308,229,7,0,222,202
2020-06-05,US,Maryland,Queen Anne's,163,12,0,39.06198912,-76.03530977,24035.0,323.53466584625164,7.361963190184048,151,161,12,0,149,162,50251,2,0,0,2,-1
2020-06-05,US,Maryland,Somerset,76,4,0,38.1163542,-75.75118623,24039.0,296.68956901936286,5.2631578947368425,72,76,3,0,73,75,25675,0,1,0,-1,1
2020-06-05,US,Maryland,St. Mary's,547,30,0,38.30058422,-76.60629279999998,24037.0,481.8958682054445,5.484460694698354,517,542,28,0,514,536,112664,5,2,0,3,6
2020-06-05,US,Maryland,Talbot,106,4,0,38.76618159,-76.10882561,24041.0,285.091847986875,3.7735849056603774,102,106,3,0,103,103,36968,0,1,0,-1,3
2020-06-05,US,Maryland,Unassigned,0,41,0,0.0,0.0,90024.0,0.0,0.0,-41,0,40,0,-40,0,,0,1,0,-1,0
2020-06-05,US,Maryland,Washington,529,16,0,39.60835778,-77.82002295,24043.0,350.2174790961873,3.0245746691871456,513,516,16,0,500,486,150926,13,0,0,13,30
2020-06-05,US,Maryland,Wicomico,967,32,0,38.37301947,-75.62705831,24045.0,933.3166037699427,3.309203722854188,935,959,32,0,927,959,103195,8,0,0,8,0
2020-06-05,US,Maryland,Worcester,230,14,0,38.21274277,-75.33200012,24047.0,439.9724538985385,6.086956521739131,216,223,14,0,209,219,51823,7,0,0,7,4
2020-06-05,US,Massachusetts,Barnstable,1446,123,0,41.72980578,-70.28854339,25001.0,678.9051129160994,8.506224066390041,1323,1443,121,0,1322,1435,213413,3,2,0,1,8
2020-06-05,US,Massachusetts,Berkshire,571,40,0,42.37428441,-73.20524838,25003.0,457.004738122679,7.005253940455343,531,568,40,0,528,566,126348,3,0,0,3,2
2020-06-05,US,Massachusetts,Bristol,7573,455,0,41.79228404,-71.10872211,25005.0,1339.8393891195772,6.008186980060742,7118,7508,452,0,7056,7453,564022,65,3,0,62,55
2020-06-05,US,Massachusetts,Dukes and Nantucket,56,1,0,41.40674725,-70.68763497,0.0,194.91141972085904,1.7857142857142858,55,55,1,0,54,54,26707,1,0,0,1,1
2020-06-05,US,Massachusetts,Essex,15064,990,0,42.6687626,-70.94687179,25009.0,1909.1699470491767,6.571959638874137,14074,14969,986,0,13983,14857,790638,95,4,0,91,112
2020-06-05,US,Massachusetts,Franklin,337,48,0,42.58119713,-72.58602547,25011.0,480.1937874038188,14.243323442136498,289,337,47,0,290,335,70963,0,1,0,-1,2
2020-06-05,US,Massachusetts,Hampden,6297,610,0,42.13440424,-72.63235561,25013.0,1350.2097038415684,9.68715261235509,5687,6268,609,0,5659,6237,470406,29,1,0,28,31
2020-06-05,US,Massachusetts,Hampshire,900,95,0,42.33997957,-72.65898478,25015.0,559.5970900951315,10.555555555555557,805,894,94,0,800,891,161355,6,1,0,5,3
2020-06-05,US,Massachusetts,Middlesex,22583,1695,0,42.48607732,-71.39049229,25017.0,1401.1921580890726,7.5056458397909935,20888,22485,1689,0,20796,22403,1614714,98,6,0,92,82
2020-06-05,US,Massachusetts,Norfolk,8646,855,0,42.16073095,-71.20530408,25021.0,1223.303031374907,9.888965995836225,7791,8625,854,0,7771,8613,705388,21,1,0,20,12
2020-06-05,US,Massachusetts,Plymouth,8313,581,0,41.94070556,-70.80802823,25023.0,1594.9670185455927,6.989053290027669,7732,8282,579,0,7703,8243,518132,31,2,0,29,39
2020-06-05,US,Massachusetts,Suffolk,18858,922,0,42.327951399999996,-71.07850442,25025.0,2345.793729871739,4.889171704316469,17936,18790,913,0,17877,18733,807252,68,9,0,59,57
2020-06-05,US,Massachusetts,Unassigned,313,7,0,0.0,0.0,90025.0,0.0,2.236421725239617,306,310,10,0,300,307,,3,-3,0,6,3
2020-06-05,US,Massachusetts,Worcester,11600,813,0,42.35026951,-71.90493363,25027.0,1396.5437948910574,7.008620689655173,10787,11529,806,0,10723,11465,830839,71,7,0,64,64
2020-06-05,US,Michigan,Alcona,17,1,0,44.6846864,-83.59507875,26001.0,163.3829889476213,5.882352941176472,16,17,1,0,16,17,10362,0,0,0,0,0
2020-06-05,US,Michigan,Allegan,226,6,0,42.59147037,-85.89102866,26005.0,191.39404307212845,2.6548672566371683,220,223,6,0,217,221,117327,3,0,0,3,2
2020-06-05,US,Michigan,Alpena,95,9,0,45.03477666,-83.62212411,26007.0,334.4481605351171,9.473684210526317,86,96,9,0,87,95,28360,-1,0,0,-1,1
2020-06-05,US,Michigan,Antrim,12,0,0,44.99690221,-85.15503082,26009.0,51.44915108900703,0.0,12,12,0,0,12,12,23365,0,0,0,0,0
2020-06-05,US,Michigan,Arenac,34,1,0,44.0636262,-83.89277559,26011.0,228.44856547739033,2.9411764705882355,33,34,1,0,33,34,15041,0,0,0,0,0
2020-06-05,US,Michigan,Baraga,1,0,0,46.6720582,-88.36363591,26013.0,12.181751735899622,0.0,1,1,0,0,1,1,8320,0,0,0,0,0
2020-06-05,US,Michigan,Barry,67,2,0,42.59513984,-85.30834519,26015.0,108.85458976441916,2.985074626865672,65,65,2,0,63,64,61157,2,0,0,2,1
2020-06-05,US,Michigan,Bay,331,25,0,43.70639106,-83.98731479,26017.0,320.9665845664527,7.552870090634442,306,326,24,0,302,322,103923,5,1,0,4,4
2020-06-05,US,Michigan,Benzie,4,0,0,44.63899297,-86.01608482,26019.0,22.514916131937408,0.0,4,4,0,0,4,4,17753,0,0,0,0,0
2020-06-05,US,Michigan,Berrien,648,53,0,41.95447397,-86.41313079999998,26021.0,422.42227886389264,8.179012345679013,595,646,53,0,593,643,154141,2,0,0,2,3
2020-06-05,US,Michigan,Branch,127,2,0,41.91600556,-85.05929476,26023.0,291.8399705862077,1.5748031496062993,125,126,2,0,124,124,43622,1,0,0,1,2
2020-06-05,US,Michigan,Calhoun,407,24,0,42.24633834,-85.00493569,26025.0,303.37137277409636,5.896805896805898,383,398,23,0,375,392,134487,9,1,0,8,6
2020-06-05,US,Michigan,Cass,88,3,0,41.91522292,-85.99405727,26027.0,169.9268156100952,3.4090909090909087,85,85,3,0,82,84,51653,3,0,0,3,1
2020-06-05,US,Michigan,Charlevoix,15,1,0,45.37790017,-85.19614053,26029.0,57.3767356462533,6.666666666666668,14,15,1,0,14,15,26244,0,0,0,0,0
2020-06-05,US,Michigan,Cheboygan,21,1,0,45.44787015,-84.50122149,26031.0,83.08276626048425,4.761904761904762,20,21,1,0,20,21,25413,0,0,0,0,0
2020-06-05,US,Michigan,Chippewa,2,0,0,46.29552653,-84.54353449,26033.0,5.354895713405981,0.0,2,2,0,0,2,2,37517,0,0,0,0,0
2020-06-05,US,Michigan,Clare,20,2,0,43.98794227,-84.84819859999998,26035.0,64.62035541195476,10.0,18,19,2,0,17,19,30757,1,0,0,1,0
2020-06-05,US,Michigan,Clinton,142,11,0,42.94400871,-84.60145248,26037.0,178.40316602801684,7.746478873239437,131,142,11,0,131,141,79332,0,0,0,0,1
2020-06-05,US,Michigan,Crawford,59,5,0,44.68255561,-84.61006219,26039.0,420.5574167795281,8.474576271186441,54,59,5,0,54,58,13901,0,0,0,0,1
2020-06-05,US,Michigan,Delta,17,2,0,45.90484910000001,-86.9080745,26041.0,47.507265817124974,11.764705882352944,15,17,2,0,15,17,35857,0,0,0,0,0
2020-06-05,US,Michigan,Dickinson,5,2,0,46.00999672,-87.86961634,26043.0,19.81061056301755,40.0,3,5,2,0,3,5,25383,0,0,0,0,0
2020-06-05,US,Michigan,Eaton,193,7,0,42.59599185,-84.83740035,26045.0,175.02811332390178,3.6269430051813467,186,192,6,0,186,192,109826,1,1,0,0,0
2020-06-05,US,Michigan,Emmet,21,2,0,45.52625509,-84.89083249,26047.0,62.84602723327846,9.523809523809524,19,21,2,0,19,21,33308,0,0,0,0,0
2020-06-05,US,Michigan,Federal Correctional Institution (FCI),154,4,0,0.0,0.0,0.0,0.0,2.5974025974025974,150,152,4,0,148,149,,2,0,0,2,3
2020-06-05,US,Michigan,Genesee,2050,254,0,43.02244215,-83.70589709,26049.0,505.1587800292253,12.390243902439025,1796,2046,253,0,1793,2049,406892,4,1,0,3,-3
2020-06-05,US,Michigan,Gladwin,18,1,0,43.98901072,-84.38774817,26051.0,70.72969468348461,5.5555555555555545,17,18,1,0,17,18,25337,0,0,0,0,0
2020-06-05,US,Michigan,Gogebic,5,1,0,46.40862701,-89.69377193,26053.0,35.77817531305904,20.0,4,5,1,0,4,5,15096,0,0,0,0,0
2020-06-05,US,Michigan,Grand Traverse,28,5,0,44.69565625,-85.55585247,26055.0,30.079064970780333,17.857142857142858,23,28,5,0,23,27,92573,0,0,0,0,1
2020-06-05,US,Michigan,Gratiot,77,11,0,43.29265605,-84.60505416,26057.0,189.13807079167796,14.285714285714285,66,76,11,0,65,76,40599,1,0,0,1,0
2020-06-05,US,Michigan,Hillsdale,170,24,0,41.88753639,-84.59312019,26059.0,372.766144063151,14.117647058823529,146,170,24,0,146,170,45749,0,0,0,0,0
2020-06-05,US,Michigan,Houghton,7,0,0,46.89988536,-88.68495385,26061.0,19.616634906400627,0.0,7,7,0,0,7,6,36219,0,0,0,0,1
2020-06-05,US,Michigan,Huron,49,1,0,43.83353985,-83.04078453,26063.0,158.161453794261,2.0408163265306123,48,48,1,0,47,48,31166,1,0,0,1,0
2020-06-05,US,Michigan,Ingham,758,27,0,42.59716886,-84.37472069,26065.0,259.22860680013406,3.5620052770448547,731,755,27,0,728,746,292735,3,0,0,3,9
2020-06-05,US,Michigan,Ionia,156,4,0,42.94502238,-85.07413319,26067.0,241.1240088412136,2.5641025641025643,152,154,4,0,150,154,64210,2,0,0,2,0
2020-06-05,US,Michigan,Iosco,95,9,0,44.35486835,-83.63484895,26069.0,378.0793568671151,9.473684210526317,86,95,9,0,86,96,25081,0,0,0,0,-1
2020-06-05,US,Michigan,Iron,2,0,0,46.20974132,-88.53136251,26071.0,18.073377914332188,0.0,2,1,0,0,1,1,11117,1,0,0,1,0
2020-06-05,US,Michigan,Isabella,78,7,0,43.64060976,-84.84664923,26073.0,111.63269979390887,8.974358974358974,71,78,7,0,71,78,70562,0,0,0,0,0
2020-06-05,US,Michigan,Jackson,459,28,0,42.24807035,-84.42258681,26075.0,289.57163585893636,6.100217864923748,431,459,28,0,431,458,158823,0,0,0,0,1
2020-06-05,US,Michigan,Kalamazoo,865,58,0,42.24542231,-85.53038622,26077.0,326.33381874702906,6.705202312138728,807,858,58,0,800,850,264870,7,0,0,7,8
2020-06-05,US,Michigan,Kalkaska,19,2,0,44.68512729,-85.09085699,26079.0,105.33318549728351,10.526315789473683,17,19,2,0,17,19,17824,0,0,0,0,0
2020-06-05,US,Michigan,Kent,3894,95,0,43.03197711,-85.54934642,26081.0,592.7346621914742,2.4396507447354905,3799,3851,95,0,3756,3815,653786,43,0,0,43,36
2020-06-05,US,Michigan,Lake,6,0,0,43.99050893,-85.802173,26085.0,50.62009617818274,0.0,6,6,0,0,6,6,11881,0,0,0,0,0
2020-06-05,US,Michigan,Lapeer,192,30,0,43.09052506,-83.22153148,26087.0,219.1605693608958,15.625,162,192,30,0,162,191,88028,0,0,0,0,1
2020-06-05,US,Michigan,Leelanau,11,0,0,44.94430054,-85.80150326,26089.0,50.549147557557106,0.0,11,11,0,0,11,11,21764,0,0,0,0,0
2020-06-05,US,Michigan,Lenawee,155,5,0,41.89475156,-84.06603727,26091.0,157.43872586362758,3.2258064516129035,150,155,5,0,150,175,98266,0,0,0,0,-20
2020-06-05,US,Michigan,Livingston,407,27,0,42.60302282,-83.91297209,26093.0,211.98468710122657,6.6339066339066335,380,405,26,0,379,398,191224,2,1,0,1,7
2020-06-05,US,Michigan,Luce,3,0,0,46.47227431,-85.54471223,26095.0,48.16182372772515,0.0,3,3,0,0,3,3,6283,0,0,0,0,0
2020-06-05,US,Michigan,Mackinac,8,0,0,46.07028979,-85.04980537,26097.0,74.0809334197611,0.0,8,8,0,0,8,8,10787,0,0,0,0,0
2020-06-05,US,Michigan,Macomb,6817,828,0,42.69158356,-82.92752801,26099.0,780.0021053306057,12.146105324922988,5989,6790,828,0,5962,6769,874759,27,0,0,27,21
2020-06-05,US,Michigan,Manistee,11,0,0,44.33352407,-86.05626916,26101.0,44.79192116621875,0.0,11,11,0,0,11,11,24528,0,0,0,0,0
2020-06-05,US,Michigan,Marquette,57,11,0,46.4338914,-87.64043701,26103.0,85.45855260198803,19.29824561403509,46,56,11,0,45,56,66516,1,0,0,1,0
2020-06-05,US,Michigan,Mason,32,0,0,43.99509218,-86.24988902,26105.0,109.79961570134505,0.0,32,32,0,0,32,32,29100,0,0,0,0,0
2020-06-05,US,Michigan,Mecosta,21,2,0,43.64064262,-85.32463223,26107.0,48.328078613674535,9.523809523809524,19,21,2,0,19,21,43545,0,0,0,0,0
2020-06-05,US,Michigan,Menominee,8,0,0,45.58038692,-87.55370409,26109.0,35.11852502194907,0.0,8,8,0,0,8,8,22983,0,0,0,0,0
2020-06-05,US,Michigan,Michigan Department of Corrections (MDOC),3993,68,0,0.0,0.0,0.0,0.0,1.7029802153769096,3925,3987,70,0,3917,3970,,6,-2,0,8,17
2020-06-05,US,Michigan,Midland,82,9,0,43.64330771,-84.38804374,26111.0,98.6098417432296,10.975609756097562,73,82,8,0,74,82,83209,0,1,0,-1,0
2020-06-05,US,Michigan,Missaukee,16,1,0,44.33772443,-85.09256478,26113.0,105.83410504034927,6.25,15,16,1,0,15,16,15113,0,0,0,0,0
2020-06-05,US,Michigan,Monroe,493,20,0,41.92734151,-83.53749864,26115.0,327.5747508305648,4.056795131845842,473,474,20,0,454,473,150439,19,0,0,19,1
2020-06-05,US,Michigan,Montcalm,68,1,0,43.31082541,-85.15252824,26117.0,106.43626346105684,1.4705882352941178,67,69,1,0,68,67,63968,-1,0,0,-1,2
2020-06-05,US,Michigan,Montmorency,5,0,0,45.0275929,-84.12696227,26119.0,53.60205831903945,0.0,5,5,0,0,5,5,9265,0,0,0,0,0
2020-06-05,US,Michigan,Muskegon,684,38,0,43.29123859,-86.15176712,26121.0,394.08639941002264,5.5555555555555545,646,675,37,0,638,657,173588,9,1,0,8,18
2020-06-05,US,Michigan,Newaygo,114,0,0,43.554373999999996,-85.80070107,26123.0,232.7480604328297,0.0,114,111,0,0,111,108,48892,3,0,0,3,3
2020-06-05,US,Michigan,Oakland,8457,1007,0,42.66090111,-83.38595416,26125.0,672.4799297700987,11.907295731346816,7450,8438,1006,0,7432,8425,1259201,19,1,0,18,13
2020-06-05,US,Michigan,Oceana,93,2,0,43.64124435,-86.26726673,26127.0,351.38096497525214,2.150537634408602,91,94,2,0,92,92,26625,-1,0,0,-1,2
2020-06-05,US,Michigan,Ogemaw,23,1,0,44.33481032,-84.12725175,26129.0,109.53945801781208,4.3478260869565215,22,23,1,0,22,22,20952,0,0,0,0,1
2020-06-05,US,Michigan,Osceola,12,0,0,43.98992088,-85.32566756,26133.0,51.15089514066496,0.0,12,12,0,0,12,12,23341,0,0,0,0,0
2020-06-05,US,Michigan,Oscoda,5,1,0,44.68192279,-84.12939244,26135.0,60.6722485135299,20.0,4,5,1,0,4,5,8276,0,0,0,0,0
2020-06-05,US,Michigan,Otsego,102,10,0,45.02085831,-84.59898295,26137.0,413.49116263985735,9.803921568627453,92,102,10,0,92,102,24665,0,0,0,0,0
2020-06-05,US,Michigan,Ottawa,817,41,0,42.95996803,-85.9969107,26139.0,279.9575095089607,5.018359853121175,776,807,38,0,769,797,290494,10,3,0,7,10
2020-06-05,US,Michigan,Out of MI,28,0,0,0.0,0.0,80026.0,0.0,0.0,28,30,0,0,30,45,,-2,0,0,-2,-15
2020-06-05,US,Michigan,Presque Isle,11,0,0,45.34018577,-83.91498656,26141.0,87.35705209656925,0.0,11,11,0,0,11,11,12738,0,0,0,0,0
2020-06-05,US,Michigan,Roscommon,21,0,0,44.33473082,-84.61067651,26143.0,87.43078396269621,0.0,21,21,0,0,21,21,23884,0,0,0,0,0
2020-06-05,US,Michigan,Saginaw,1081,110,0,43.33433923,-84.05131209999998,26145.0,567.3379203207743,10.175763182238668,971,1065,109,0,956,1057,190800,16,1,0,15,8
2020-06-05,US,Michigan,Sanilac,42,5,0,43.42406072,-82.82055898,26151.0,102.01603109059995,11.904761904761903,37,42,5,0,37,42,41182,0,0,0,0,0
2020-06-05,US,Michigan,Schoolcraft,4,0,0,46.19235734,-86.19972234,26153.0,49.419322955275504,0.0,4,4,0,0,4,4,8068,0,0,0,0,0
2020-06-05,US,Michigan,Shiawassee,239,26,0,42.95392800000001,-84.14585902,26155.0,350.84113795836885,10.878661087866108,213,239,26,0,213,239,68192,0,0,0,0,0
2020-06-05,US,Michigan,St. Clair,453,43,0,42.92655373,-82.67937954,26147.0,284.67648685335075,9.492273730684326,410,453,43,0,410,452,159337,0,0,0,0,1
2020-06-05,US,Michigan,St. Joseph,139,3,0,41.91441767,-85.52797979,26149.0,228.00341184961616,2.1582733812949644,136,133,3,0,130,130,61043,6,0,0,6,3
2020-06-05,US,Michigan,Tuscola,192,25,0,43.46606813,-83.41897025,26157.0,367.4992822279644,13.020833333333336,167,188,25,0,163,188,52516,4,0,0,4,0
2020-06-05,US,Michigan,Unassigned,13,1,0,0.0,0.0,90026.0,0.0,7.6923076923076925,12,12,0,0,12,12,,1,1,0,0,0
2020-06-05,US,Michigan,Van Buren,151,6,0,42.25190229,-86.01939087,26159.0,199.53222247182103,3.9735099337748334,145,150,6,0,144,149,75448,1,0,0,1,1
2020-06-05,US,Michigan,Washtenaw,1348,100,0,42.253105,-83.83853204,26161.0,366.7019404190957,7.418397626112759,1248,1347,100,0,1247,1341,370963,1,0,0,1,6
2020-06-05,US,Michigan,Wayne,20663,2499,0,42.28098405,-83.281255,26163.0,1181.1863082311474,12.09408120795625,18164,20590,2492,0,18098,20541,1753893,73,7,0,66,49
2020-06-05,US,Michigan,Wexford,12,3,0,44.33853602,-85.57712739,26165.0,35.681365406916235,25.0,9,12,3,0,9,12,33466,0,0,0,0,0
2020-06-05,US,Minnesota,Aitkin,12,0,0,46.60962049,-93.41168259999999,27001.0,75.53820974442904,0.0,12,11,0,0,11,11,15902,1,0,0,1,0
2020-06-05,US,Minnesota,Anoka,1527,79,0,45.27476015,-93.24604565,27003.0,427.825765365445,5.1735428945645054,1448,1488,78,0,1410,1470,353813,39,1,0,38,18
2020-06-05,US,Minnesota,Becker,44,0,0,46.93479392,-95.67158144,27005.0,127.82151468494902,0.0,44,43,0,0,43,41,34371,1,0,0,1,2
2020-06-05,US,Minnesota,Beltrami,18,0,0,47.97373527,-94.93732139,27007.0,38.14529117572264,0.0,18,18,0,0,18,18,46847,0,0,0,0,0
2020-06-05,US,Minnesota,Benton,185,3,0,45.69804958,-93.99514135,27009.0,452.44442270537314,1.6216216216216215,182,182,3,0,179,181,40545,3,0,0,3,1
2020-06-05,US,Minnesota,Big Stone,11,0,0,45.42712824,-96.41403739,27011.0,220.39671408535364,0.0,11,8,0,0,8,8,4989,3,0,0,3,0
2020-06-05,US,Minnesota,Blue Earth,149,0,0,44.03554215,-94.06699781,27013.0,220.24152661374958,0.0,149,148,0,0,148,148,67427,1,0,0,1,0
2020-06-05,US,Minnesota,Brown,17,2,0,44.24205652,-94.72562874,27015.0,67.97824696097248,11.764705882352944,15,16,2,0,14,17,25111,1,0,0,1,-1
2020-06-05,US,Minnesota,Carlton,75,0,0,46.59180601,-92.67601019,27017.0,209.08254578907756,0.0,75,75,0,0,75,75,35837,0,0,0,0,0
2020-06-05,US,Minnesota,Carver,240,2,0,44.82017001,-93.80099179999999,27019.0,228.37785115473548,0.8333333333333334,238,232,2,0,230,224,103551,8,0,0,8,8
2020-06-05,US,Minnesota,Cass,11,2,0,46.95043611,-94.32603968,27021.0,36.93878236341045,18.181818181818183,9,11,2,0,9,12,29519,0,0,0,0,-1
2020-06-05,US,Minnesota,Chippewa,52,1,0,45.02343421,-95.56403693,27023.0,440.6779661016949,1.9230769230769231,51,52,1,0,51,51,11924,0,0,0,0,1
2020-06-05,US,Minnesota,Chisago,69,1,0,45.5021011,-92.90861945,27025.0,121.95337492709308,1.4492753623188406,68,64,1,0,63,64,55922,5,0,0,5,0
2020-06-05,US,Minnesota,Clay,449,30,0,46.89289518,-96.48761922,27027.0,699.1373672573261,6.6815144766147005,419,441,29,0,412,435,63955,8,1,0,7,6
2020-06-05,US,Minnesota,Clearwater,3,0,0,47.57992111,-95.37790562,27029.0,34.02132002721706,0.0,3,3,0,0,3,3,8810,0,0,0,0,0
2020-06-05,US,Minnesota,Cottonwood,82,0,0,44.00715262,-95.18138802,27033.0,732.4044301536262,0.0,82,79,0,0,79,77,11277,3,0,0,3,2
2020-06-05,US,Minnesota,Crow Wing,81,5,0,46.48096553,-94.06755609,27035.0,124.51002997463684,6.172839506172839,76,77,4,0,73,75,64889,4,1,0,3,2
2020-06-05,US,Minnesota,Dakota,1446,64,0,44.67172617,-93.06299363,27037.0,337.04643828623773,4.426002766251728,1382,1414,64,0,1350,1388,425423,32,0,0,32,26
2020-06-05,US,Minnesota,Dodge,54,0,0,44.02238415,-92.86244324,27039.0,257.9535683576956,0.0,54,53,0,0,53,53,20822,1,0,0,1,0
2020-06-05,US,Minnesota,Douglas,46,0,0,45.93348491,-95.45335469,27041.0,120.60512309588108,0.0,46,45,0,0,45,44,37964,1,0,0,1,1
2020-06-05,US,Minnesota,Faribault,22,0,0,43.67381499,-93.94787458,27043.0,161.1367465026002,0.0,22,20,0,0,20,20,13758,2,0,0,2,0
2020-06-05,US,Minnesota,Fillmore,17,1,0,43.67394126,-92.08980382,27045.0,80.69492571320075,5.882352941176472,16,17,1,0,16,17,21058,0,0,0,0,0
2020-06-05,US,Minnesota,Freeborn,159,0,0,43.67385583,-93.34884422,27047.0,525.081734420924,0.0,159,142,0,0,142,130,30444,17,0,0,17,12
2020-06-05,US,Minnesota,Goodhue,73,6,0,44.40849741,-92.72341949999999,27049.0,157.53129046180402,8.219178082191782,67,71,5,0,66,70,46403,2,1,0,1,1
2020-06-05,US,Minnesota,Grant,4,0,0,45.93424769,-96.01139609,27051.0,66.97923643670461,0.0,4,4,0,0,4,4,6021,0,0,0,0,0
2020-06-05,US,Minnesota,Hennepin,9099,657,0,45.00761521,-93.47694895,27053.0,718.8095206119557,7.220573689416419,8442,8867,641,0,8226,8738,1259428,232,16,0,216,129
2020-06-05,US,Minnesota,Houston,3,0,0,43.67129565,-91.49143057,27055.0,16.129032258064516,0.0,3,2,0,0,2,2,18578,1,0,0,1,0
2020-06-05,US,Minnesota,Hubbard,3,0,0,47.10778564,-94.91693868,27057.0,13.959331813317206,0.0,3,3,0,0,3,3,21332,0,0,0,0,0
2020-06-05,US,Minnesota,Isanti,36,0,0,45.56181234,-93.29487636,27059.0,88.67868755542419,0.0,36,36,0,0,36,35,39966,0,0,0,0,1
2020-06-05,US,Minnesota,Itasca,56,10,0,47.51009045,-93.63092229,27061.0,124.08597385331265,17.857142857142858,46,56,10,0,46,56,45108,0,0,0,0,0
2020-06-05,US,Minnesota,Jackson,42,0,0,43.67423373,-95.15398258,27063.0,426.5691651432053,0.0,42,42,0,0,42,40,9911,0,0,0,0,2
2020-06-05,US,Minnesota,Kanabec,12,1,0,45.9459309,-93.29275192,27065.0,73.45289832894656,8.333333333333334,11,12,1,0,11,12,16207,0,0,0,0,0
2020-06-05,US,Minnesota,Kandiyohi,514,1,0,45.1526059,-95.00586446,27067.0,1189.8423574619785,0.19455252918287935,513,511,1,0,510,505,42855,3,0,0,3,6
2020-06-05,US,Minnesota,Kittson,1,0,0,48.77754106,-96.78317184,27069.0,23.266635644485806,0.0,1,1,0,0,1,1,4248,0,0,0,0,0
2020-06-05,US,Minnesota,Koochiching,9,0,0,48.24539665,-93.78352843,27071.0,73.59555155777251,0.0,9,9,0,0,9,9,12440,0,0,0,0,0
2020-06-05,US,Minnesota,Lac qui Parle,3,0,0,44.9973857,-96.17488219,27073.0,45.29669334138608,0.0,3,3,0,0,3,3,6658,0,0,0,0,0
2020-06-05,US,Minnesota,Lake,1,0,0,47.64270764,-91.44557998,27075.0,9.3976130062964,0.0,1,1,0,0,1,1,10658,0,0,0,0,0
2020-06-05,US,Minnesota,Le Sueur,47,1,0,44.37136597,-93.72844721,27079.0,162.70294596185136,2.127659574468085,46,46,1,0,45,46,28494,1,0,0,1,0
2020-06-05,US,Minnesota,Lincoln,6,0,0,44.41311883,-96.26688165,27081.0,106.40184429863451,0.0,6,6,0,0,6,6,5673,0,0,0,0,0
2020-06-05,US,Minnesota,Lyon,101,2,0,44.41327865,-95.83806103,27083.0,396.4826882311376,1.98019801980198,99,81,1,0,80,71,25629,20,1,0,19,10
2020-06-05,US,Minnesota,Mahnomen,6,1,0,47.32557075,-95.80921485,27087.0,108.5579880586213,16.666666666666668,5,6,1,0,5,6,5519,0,0,0,0,0
2020-06-05,US,Minnesota,Marshall,12,0,0,48.35825983,-96.37017407,27089.0,128.53470437017995,0.0,12,12,0,0,12,12,9390,0,0,0,0,0
2020-06-05,US,Minnesota,Martin,135,5,0,43.67429718,-94.55099908,27091.0,685.8710562414266,3.703703703703704,130,132,5,0,127,132,19785,3,0,0,3,0
2020-06-05,US,Minnesota,McLeod,41,0,0,44.82367677,-94.27287017,27085.0,114.22840108099072,0.0,41,39,0,0,39,37,35873,2,0,0,2,2
2020-06-05,US,Minnesota,Meeker,46,0,0,45.12328869,-94.52839455,27093.0,198.08801998105244,0.0,46,46,0,0,46,45,23141,0,0,0,0,1
2020-06-05,US,Minnesota,Mille Lacs,24,1,0,45.93705297,-93.63236823,27095.0,91.33462724055258,4.166666666666667,23,23,1,0,22,22,26139,1,0,0,1,1
2020-06-05,US,Minnesota,Morrison,48,0,0,46.01265363,-94.27341528,27097.0,143.77283891451506,0.0,48,48,0,0,48,48,33169,0,0,0,0,0
2020-06-05,US,Minnesota,Mower,446,2,0,43.67142874,-92.75234549,27099.0,1113.2744246418054,0.4484304932735426,444,406,2,0,404,366,40011,40,0,0,40,40
2020-06-05,US,Minnesota,Murray,41,0,0,44.02216709,-95.76328482,27101.0,500.36612155235537,0.0,41,40,0,0,40,39,8276,1,0,0,1,1
2020-06-05,US,Minnesota,Nicollet,88,11,0,44.35291112,-94.24710352,27103.0,256.75439108362025,12.5,77,88,11,0,77,88,34220,0,0,0,0,0
2020-06-05,US,Minnesota,Nobles,1577,5,0,43.67434621,-95.75329576,27105.0,7291.136899533033,0.31705770450221943,1572,1562,5,0,1557,1558,21924,15,0,0,15,4
2020-06-05,US,Minnesota,Norman,15,0,0,47.32628443,-96.45620947,27107.0,235.29411764705884,0.0,15,15,0,0,15,14,6475,0,0,0,0,1
2020-06-05,US,Minnesota,Olmsted,689,11,0,44.00374114,-92.40209944,27109.0,435.2687737297291,1.5965166908563135,678,672,11,0,661,654,156277,17,0,0,17,18
2020-06-05,US,Minnesota,Otter Tail,73,1,0,46.40846929,-95.70835255,27111.0,124.26377966159401,1.3698630136986298,72,73,0,0,73,71,58812,0,1,0,-1,2
2020-06-05,US,Minnesota,Pennington,30,0,0,48.06642577,-96.0370814,27113.0,212.47963736808555,0.0,30,23,0,0,23,21,14178,7,0,0,7,2
2020-06-05,US,Minnesota,Pine,93,0,0,46.12105238,-92.74070188,27115.0,314.4122519354948,0.0,93,93,0,0,93,90,29483,0,0,0,0,3
2020-06-05,US,Minnesota,Pipestone,13,0,0,44.02301619,-96.25841142,27117.0,142.45014245014244,0.0,13,12,0,0,12,12,9047,1,0,0,1,0
2020-06-05,US,Minnesota,Polk,63,2,0,47.77372465,-96.40134647,27119.0,200.8672363218977,3.1746031746031744,61,61,2,0,59,61,31529,2,0,0,2,0
2020-06-05,US,Minnesota,Pope,10,0,0,45.58606667,-95.44451209,27121.0,88.8967908258512,0.0,10,10,0,0,10,9,11097,0,0,0,0,1
2020-06-05,US,Minnesota,Ramsey,3351,149,0,45.01625271,-93.09872295,27123.0,608.9173409700884,4.44643390032826,3202,3252,140,0,3112,3189,550210,99,9,0,90,63
2020-06-05,US,Minnesota,Red Lake,4,0,0,47.87197525,-96.09561104,27125.0,98.64364981504316,0.0,4,4,0,0,4,4,3999,0,0,0,0,0
2020-06-05,US,Minnesota,Redwood,7,0,0,44.40555844,-95.25207021,27127.0,46.14370468029005,0.0,7,7,0,0,7,6,15249,0,0,0,0,1
2020-06-05,US,Minnesota,Renville,7,0,0,44.72836381,-94.94553734,27129.0,48.116579598570254,0.0,7,7,0,0,7,5,14612,0,0,0,0,2
2020-06-05,US,Minnesota,Rice,524,3,0,44.3543376,-93.29658715,27131.0,782.4165322821477,0.5725190839694656,521,483,3,0,480,480,66523,41,0,0,41,3
2020-06-05,US,Minnesota,Rock,23,0,0,43.67482683,-96.25296832,27133.0,246.9135802469136,0.0,23,23,0,0,23,23,9414,0,0,0,0,0
2020-06-05,US,Minnesota,Roseau,3,0,0,48.77501878,-95.81079919,27135.0,19.782393669634022,0.0,3,3,0,0,3,3,15150,0,0,0,0,0
2020-06-05,US,Minnesota,Scott,471,2,0,44.6490231,-93.53340251,27139.0,316.0798051176743,0.4246284501061571,469,460,2,0,458,455,147381,11,0,0,11,5
2020-06-05,US,Minnesota,Sherburne,249,2,0,45.44447208,-93.77617511,27141.0,256.07272876858843,0.8032128514056225,247,248,2,0,246,248,96036,1,0,0,1,0
2020-06-05,US,Minnesota,Sibley,17,0,0,44.5796592,-94.23164924,27143.0,114.3625967036663,0.0,17,16,0,0,16,16,15028,1,0,0,1,0
2020-06-05,US,Minnesota,St. Louis,119,14,0,47.604840700000004,-92.46879855,27137.0,59.77796754910333,11.764705882352944,105,118,14,0,104,118,199754,1,0,0,1,0
2020-06-05,US,Minnesota,Stearns,2056,14,0,45.55192576,-94.61078221,27145.0,1276.42402607481,0.6809338521400778,2042,2050,14,0,2036,2047,159256,6,0,0,6,3
2020-06-05,US,Minnesota,Steele,170,0,0,44.02240351,-93.22627088,27147.0,463.85985975060714,0.0,170,167,0,0,167,167,36803,3,0,0,3,0
2020-06-05,US,Minnesota,Stevens,1,0,0,45.58613007,-96.00163705,27149.0,10.198878123406423,0.0,1,1,0,0,1,1,9753,0,0,0,0,0
2020-06-05,US,Minnesota,Swift,19,1,0,45.2829032,-95.68264092,27151.0,205.05072307360246,5.2631578947368425,18,19,0,0,19,19,9345,0,1,0,-1,0
2020-06-05,US,Minnesota,Todd,344,1,0,46.06996226,-94.89785296,27153.0,1394.7453778786896,0.2906976744186047,343,336,1,0,335,330,24582,8,0,0,8,6
2020-06-05,US,Minnesota,Traverse,4,0,0,45.77298854,-96.47062949,27155.0,122.737035900583,0.0,4,4,0,0,4,4,3308,0,0,0,0,0
2020-06-05,US,Minnesota,Unassigned,96,11,0,0.0,0.0,90027.0,0.0,11.458333333333336,85,75,11,0,64,74,,21,0,0,21,1
2020-06-05,US,Minnesota,Wabasha,20,0,0,44.28424356,-92.23121312,27157.0,92.47699634715865,0.0,20,18,0,0,18,18,21645,2,0,0,2,0
2020-06-05,US,Minnesota,Wadena,10,0,0,46.58589171,-94.96968506,27159.0,73.0887297178775,0.0,10,10,0,0,10,10,13773,0,0,0,0,0
2020-06-05,US,Minnesota,Waseca,29,0,0,44.02211116,-93.58720034,27161.0,155.81345368579412,0.0,29,27,0,0,27,27,18691,2,0,0,2,0
2020-06-05,US,Minnesota,Washington,700,35,0,45.03864533,-92.88429635,27163.0,266.72763298277704,5.0,665,680,34,0,646,670,259201,20,1,0,19,10
2020-06-05,US,Minnesota,Watonwan,79,0,0,43.97823903,-94.61413846,27165.0,724.9701752775992,0.0,79,78,0,0,78,78,10980,1,0,0,1,0
2020-06-05,US,Minnesota,Wilkin,11,3,0,46.35721532,-96.4684375,27167.0,177.2192685677461,27.272727272727273,8,11,3,0,8,11,6254,0,0,0,0,0
2020-06-05,US,Minnesota,Winona,81,15,0,43.98772283,-91.78081305,27169.0,160.4468742571904,18.51851851851852,66,80,15,0,65,80,50825,1,0,0,1,0
2020-06-05,US,Minnesota,Wright,349,2,0,45.17297924,-93.96234781,27171.0,252.20954349349964,0.5730659025787965,347,339,2,0,337,332,136349,10,0,0,10,7
2020-06-05,US,Minnesota,Yellow Medicine,7,0,0,44.71710183,-95.86842453,27173.0,72.09805335255948,0.0,7,6,0,0,6,6,9795,1,0,0,1,0
2020-06-05,US,Mississippi,Adams,204,16,0,31.47669768,-91.35326037,28001.0,664.6466621053661,7.84313725490196,188,203,16,0,187,202,31192,1,0,0,1,1
2020-06-05,US,Mississippi,Alcorn,19,1,0,34.88084463,-88.57996173,28003.0,51.416664411549796,5.2631578947368425,18,19,1,0,18,19,36925,0,0,0,0,0
2020-06-05,US,Mississippi,Amite,65,1,0,31.17467303,-90.80501621,28005.0,528.5842075302919,1.5384615384615383,64,66,1,0,65,65,12326,-1,0,0,-1,1
2020-06-05,US,Mississippi,Attala,312,18,0,33.08658803,-89.57838564,28007.0,1716.7381974248926,5.769230769230768,294,311,18,0,293,307,18365,1,0,0,1,4
2020-06-05,US,Mississippi,Benton,14,0,0,34.81681228,-89.18945516,28009.0,169.51204746337328,0.0,14,14,0,0,14,14,8271,0,0,0,0,0
2020-06-05,US,Mississippi,Bolivar,169,11,0,33.79696941,-90.87372121,28011.0,551.7826825127336,6.508875739644972,158,169,11,0,158,166,31333,0,0,0,0,3
2020-06-05,US,Mississippi,Calhoun,68,4,0,33.93683395,-89.33686647,28013.0,473.50463059675513,5.882352941176472,64,67,4,0,63,67,14436,1,0,0,1,0
2020-06-05,US,Mississippi,Carroll,119,11,0,33.44834567,-89.91994479,28015.0,1196.3406052076002,9.243697478991596,108,119,11,0,108,116,9911,0,0,0,0,3
2020-06-05,US,Mississippi,Chickasaw,143,14,0,33.91983202,-88.9481545,28017.0,836.1106238671578,9.79020979020979,129,140,14,0,126,140,17171,3,0,0,3,0
2020-06-05,US,Mississippi,Choctaw,52,2,0,33.34598242,-89.24809382,28019.0,633.3739342265529,3.8461538461538463,50,50,2,0,48,48,8278,2,0,0,2,2
2020-06-05,US,Mississippi,Claiborne,116,5,0,31.97061673,-90.90702196,28021.0,1290.609701824655,4.310344827586206,111,115,5,0,110,114,9002,1,0,0,1,1
2020-06-05,US,Mississippi,Clarke,156,19,0,32.04158545,-88.68896219999998,28023.0,1003.7964094974584,12.17948717948718,137,156,19,0,137,155,15604,0,0,0,0,1
2020-06-05,US,Mississippi,Clay,125,4,0,33.65358105,-88.77784255,28025.0,647.1319113688135,3.2,121,125,4,0,121,118,19386,0,0,0,0,7
2020-06-05,US,Mississippi,Coahoma,132,4,0,34.22772299,-90.60415045,28027.0,596.6371361417465,3.0303030303030303,128,131,4,0,127,128,22628,1,0,0,1,3
2020-06-05,US,Mississippi,Copiah,334,4,0,31.86977774,-90.44565118,28029.0,1190.0944236593625,1.1976047904191616,330,329,4,0,325,325,28543,5,0,0,5,4
2020-06-05,US,Mississippi,Covington,183,2,0,31.63225413,-89.55389939,28031.0,981.970379909852,1.0928961748633879,181,179,2,0,177,177,18853,4,0,0,4,2
2020-06-05,US,Mississippi,DeSoto,593,10,0,34.87625235,-89.99091418,28033.0,320.63586471653736,1.6863406408094437,583,575,10,0,565,559,182001,18,0,0,18,16
2020-06-05,US,Mississippi,Forrest,600,39,0,31.18961454,-89.25832496,28035.0,801.1001775772061,6.5,561,595,39,0,556,592,75036,5,0,0,5,3
2020-06-05,US,Mississippi,Franklin,29,2,0,31.47786634,-90.89672989,28037.0,375.9885906910411,6.896551724137932,27,29,2,0,27,29,7788,0,0,0,0,0
2020-06-05,US,Mississippi,George,30,2,0,30.86259065,-88.64436789,28039.0,122.44897959183672,6.666666666666668,28,29,2,0,27,28,24250,1,0,0,1,1
2020-06-05,US,Mississippi,Greene,30,1,0,31.21444233,-88.63922281,28041.0,220.8155454143972,3.333333333333333,29,33,1,0,32,33,13586,-3,0,0,-3,0
2020-06-05,US,Mississippi,Grenada,110,4,0,33.77036166,-89.80245083,28043.0,529.9161768956546,3.636363636363636,106,107,4,0,103,100,21055,3,0,0,3,7
2020-06-05,US,Mississippi,Hancock,90,12,0,30.41830223,-89.48851033,28045.0,188.9486059791737,13.333333333333336,78,90,12,0,78,90,47334,0,0,0,0,0
2020-06-05,US,Mississippi,Harrison,268,7,0,30.51359752,-89.12467576,28047.0,128.79661668589006,2.611940298507463,261,269,7,0,262,265,206650,-1,0,0,-1,4
2020-06-05,US,Mississippi,Hinds,1104,26,0,32.2656285,-90.44435448,28049.0,476.19047619047615,2.355072463768116,1078,1074,26,0,1048,1066,237085,30,0,0,30,8
2020-06-05,US,Mississippi,Holmes,444,31,0,33.12345854,-90.08923538,28051.0,2610.2292768959437,6.981981981981982,413,443,30,0,413,441,17622,1,1,0,0,2
2020-06-05,US,Mississippi,Humphreys,64,7,0,33.12825718,-90.52252707,28053.0,793.6507936507936,10.9375,57,63,7,0,56,60,8257,1,0,0,1,3
2020-06-05,US,Mississippi,Itawamba,89,7,0,34.27993475,-88.3606733,28057.0,380.5044890979051,7.865168539325843,82,89,7,0,82,90,23517,0,0,0,0,-1
2020-06-05,US,Mississippi,Jackson,314,15,0,30.54020656,-88.64184064,28059.0,218.637069427714,4.777070063694269,299,314,15,0,299,309,143277,0,0,0,0,5
2020-06-05,US,Mississippi,Jasper,168,4,0,32.01922104,-89.11786866,28061.0,1025.453213697125,2.380952380952381,164,167,4,0,163,166,16428,1,0,0,1,1
2020-06-05,US,Mississippi,Jefferson,42,1,0,31.73397872,-91.03764977,28063.0,600.8583690987125,2.380952380952381,41,42,1,0,41,42,7106,0,0,0,0,0
2020-06-05,US,Mississippi,Jefferson Davis,82,3,0,31.56884708,-89.82670990000004,28065.0,736.8799424874193,3.6585365853658534,79,82,3,0,79,81,11234,0,0,0,0,1
2020-06-05,US,Mississippi,Jones,709,33,0,31.62257767,-89.16896899999998,28067.0,1041.1465828658695,4.65444287729196,676,701,33,0,668,686,68461,8,0,0,8,15
2020-06-05,US,Mississippi,Kemper,156,11,0,32.75462946,-88.64105766,28069.0,1601.313898583453,7.05128205128205,145,155,11,0,144,149,10027,1,0,0,1,6
2020-06-05,US,Mississippi,Lafayette,156,4,0,34.35687874,-89.48490961,28071.0,288.78727855013983,2.5641025641025643,152,154,4,0,150,150,54793,2,0,0,2,4
2020-06-05,US,Mississippi,Lamar,252,5,0,31.20572971,-89.5077704,28073.0,397.83401480826615,1.984126984126984,247,250,5,0,245,248,62447,2,0,0,2,2
2020-06-05,US,Mississippi,Lauderdale,765,69,0,32.40419769,-88.66229662,28075.0,1032.0404721753794,9.019607843137257,696,759,68,0,691,760,75317,6,1,0,5,-1
2020-06-05,US,Mississippi,Lawrence,107,1,0,31.55147224,-90.10841127,28077.0,850.1509613856666,0.9345794392523364,106,107,1,0,106,108,12455,0,0,0,0,-1
2020-06-05,US,Mississippi,Leake,455,12,0,32.7536828,-89.52402044,28079.0,1996.8401650136047,2.6373626373626373,443,452,12,0,440,454,22763,3,0,0,3,-2
2020-06-05,US,Mississippi,Lee,197,8,0,34.291877500000005,-88.68149954,28081.0,230.58195608408639,4.060913705583757,189,194,8,0,186,185,85202,3,0,0,3,9
2020-06-05,US,Mississippi,Leflore,282,38,0,33.55545125,-90.29900733,28083.0,1000.6032005109463,13.47517730496454,244,277,36,0,241,273,28919,5,2,0,3,4
2020-06-05,US,Mississippi,Lincoln,281,31,0,31.53288662,-90.45391915,28085.0,822.768131642901,11.032028469750891,250,280,31,0,249,278,34205,1,0,0,1,2
2020-06-05,US,Mississippi,Lowndes,252,9,0,33.47386518,-88.44191529999998,28087.0,430.07082515573,3.571428571428572,243,247,9,0,238,241,58930,5,0,0,5,6
2020-06-05,US,Mississippi,Madison,778,29,0,32.63389156,-90.03513564,28089.0,732.0837097259862,3.7275064267352183,749,767,28,0,739,757,105630,11,1,0,10,10
2020-06-05,US,Mississippi,Marion,116,9,0,31.23132643,-89.8209217,28091.0,472.06283319090056,7.758620689655173,107,116,9,0,107,116,24715,0,0,0,0,0
2020-06-05,US,Mississippi,Marshall,89,3,0,34.76216286,-89.50299462,28093.0,252.1675072250241,3.3707865168539324,86,87,3,0,84,85,35451,2,0,0,2,2
2020-06-05,US,Mississippi,Monroe,269,25,0,33.89236763,-88.4808438,28095.0,763.0772722115057,9.293680297397767,244,269,25,0,244,267,35564,0,0,0,0,2
2020-06-05,US,Mississippi,Montgomery,84,1,0,33.49419589,-89.61729103,28097.0,859.3350383631714,1.1904761904761905,83,84,1,0,83,86,10023,0,0,0,0,-2
2020-06-05,US,Mississippi,Neshoba,739,45,0,32.75339664,-89.11726492,28099.0,2537.9490349611924,6.089309878213802,694,728,44,0,684,722,29125,11,1,0,10,6
2020-06-05,US,Mississippi,Newton,292,4,0,32.40021118,-89.11843336,28101.0,1389.2853744409556,1.3698630136986298,288,288,4,0,284,283,21443,4,0,0,4,5
2020-06-05,US,Mississippi,Noxubee,195,6,0,33.11009499,-88.56949061,28103.0,1871.9400979168668,3.0769230769230766,189,193,6,0,187,193,10535,2,0,0,2,0
2020-06-05,US,Mississippi,Oktibbeha,283,14,0,33.42491685,-88.87905132,28105.0,570.7140984532236,4.946996466431095,269,273,14,0,259,267,49599,10,0,0,10,6
2020-06-05,US,Mississippi,Panola,87,3,0,34.36398677,-89.95064249,28107.0,254.44548432381845,3.4482758620689653,84,84,3,0,81,85,34178,3,0,0,3,-1
2020-06-05,US,Mississippi,Pearl River,212,31,0,30.77090935,-89.58677275,28109.0,381.7412442603763,14.622641509433961,181,212,31,0,181,212,55387,0,0,0,0,0
2020-06-05,US,Mississippi,Perry,51,3,0,31.17161885,-88.99281835,28111.0,425.95840641443255,5.882352941176472,48,51,3,0,48,51,11931,0,0,0,0,0
2020-06-05,US,Mississippi,Pike,204,11,0,31.17507789,-90.40392572,28113.0,519.2425167990226,5.3921568627450975,193,204,11,0,193,205,39563,0,0,0,0,-1
2020-06-05,US,Mississippi,Pontotoc,49,3,0,34.226046000000004,-89.03636807,28115.0,152.29688568409276,6.1224489795918355,46,47,3,0,44,45,31833,2,0,0,2,2
2020-06-05,US,Mississippi,Prentiss,53,3,0,34.61810501,-88.51986294,28117.0,210.9368781342036,5.660377358490566,50,53,3,0,50,53,25315,0,0,0,0,0
2020-06-05,US,Mississippi,Quitman,32,0,0,34.25157572,-90.28908,28119.0,471.14252061248527,0.0,32,32,0,0,32,31,7051,0,0,0,0,1
2020-06-05,US,Mississippi,Rankin,463,9,0,32.26469147,-89.94537876,28121.0,298.18832879288465,1.9438444924406049,454,456,9,0,447,453,153902,7,0,0,7,3
2020-06-05,US,Mississippi,Scott,663,12,0,32.406704100000006,-89.53789439,28123.0,2357.4171526098708,1.8099547511312215,651,663,12,0,651,662,28287,0,0,0,0,1
2020-06-05,US,Mississippi,Sharkey,7,0,0,32.88149103,-90.81595379999999,28125.0,161.99953714417958,0.0,7,7,0,0,7,7,4377,0,0,0,0,0
2020-06-05,US,Mississippi,Simpson,105,0,0,31.91282117,-89.91716179,28127.0,393.87801035336486,0.0,105,104,0,0,104,104,26758,1,0,0,1,0
2020-06-05,US,Mississippi,Smith,156,11,0,32.01744532,-89.50644846,28129.0,980.1457652676552,7.05128205128205,145,155,11,0,144,153,16002,1,0,0,1,2
2020-06-05,US,Mississippi,Stone,32,0,0,30.79187949,-89.11547539,28131.0,174.52006980802793,0.0,32,32,0,0,32,32,18717,0,0,0,0,0
2020-06-05,US,Mississippi,Sunflower,96,3,0,33.60192578,-90.58882684,28133.0,382.31780167264037,3.125,93,92,3,0,89,93,25735,4,0,0,4,-1
2020-06-05,US,Mississippi,Tallahatchie,31,1,0,33.95339918,-90.1729398,28135.0,224.49127380693747,3.2258064516129035,30,30,1,0,29,30,13987,1,0,0,1,0
2020-06-05,US,Mississippi,Tate,93,1,0,34.65133709,-89.94485778,28137.0,328.37823523180685,1.075268817204301,92,91,1,0,90,88,28759,2,0,0,2,3
2020-06-05,US,Mississippi,Tippah,76,11,0,34.76872156,-88.90988194,28139.0,345.2191687485805,14.473684210526313,65,76,11,0,65,76,21995,0,0,0,0,0
2020-06-05,US,Mississippi,Tishomingo,36,0,0,34.74023475,-88.23917219,28141.0,185.72976319455196,0.0,36,36,0,0,36,35,19454,0,0,0,0,1
2020-06-05,US,Mississippi,Tunica,58,3,0,34.64967704,-90.37481167,28143.0,602.1594684385383,5.172413793103448,55,58,3,0,55,56,9944,0,0,0,0,2
2020-06-05,US,Mississippi,Union,89,7,0,34.49162015,-89.00776006,28145.0,308.86690959569665,7.865168539325843,82,89,7,0,82,86,28606,0,0,0,0,3
2020-06-05,US,Mississippi,Walthall,67,0,0,31.14971548,-90.10446654,28147.0,468.9906201875962,0.0,67,64,0,0,64,63,14465,3,0,0,3,1
2020-06-05,US,Mississippi,Warren,199,10,0,32.35810271,-90.83352619,28149.0,438.5095083845663,5.025125628140704,189,196,10,0,186,191,46176,3,0,0,3,5
2020-06-05,US,Mississippi,Washington,199,8,0,33.28392041,-90.94196237,28151.0,453.21004805392965,4.0201005025125625,191,198,7,0,191,194,45063,1,1,0,0,4
2020-06-05,US,Mississippi,Wayne,280,3,0,31.64135687,-88.69573913,28153.0,1387.3061487390378,1.0714285714285714,277,262,3,0,259,235,20298,18,0,0,18,27
2020-06-05,US,Mississippi,Webster,88,5,0,33.61300486,-89.28392912,28155.0,908.2464650634739,5.6818181818181825,83,84,4,0,80,67,9788,4,1,0,3,17
2020-06-05,US,Mississippi,Wilkinson,85,9,0,31.16078225,-91.31018819,28157.0,984.936268829664,10.588235294117649,76,85,9,0,76,85,8792,0,0,0,0,0
2020-06-05,US,Mississippi,Winston,124,1,0,33.08747908,-89.03391385,28159.0,690.6154274575329,0.8064516129032258,123,124,1,0,123,122,18165,0,0,0,0,2
2020-06-05,US,Mississippi,Yalobusha,111,6,0,34.02824175,-89.70762049999998,28161.0,916.749256689792,5.405405405405406,105,104,6,0,98,97,12392,7,0,0,7,7
2020-06-05,US,Mississippi,Yazoo,298,5,0,32.77890365,-90.39656148,28163.0,1003.7049511620074,1.6778523489932886,293,296,4,0,292,291,28248,2,1,0,1,5
2020-06-05,US,Missouri,Adair,67,0,0,40.19058551,-92.60078167,29001.0,264.37280511383807,0.0,67,62,0,0,62,60,25339,5,0,0,5,2
2020-06-05,US,Missouri,Andrew,32,0,0,39.98492163,-94.80163024,29003.0,180.6684733514002,0.0,32,31,0,0,31,31,17607,1,0,0,1,0
2020-06-05,US,Missouri,Atchison,3,0,0,40.43238737,-95.42970639,29005.0,58.331713007972,0.0,3,3,0,0,3,3,5171,0,0,0,0,0
2020-06-05,US,Missouri,Audrain,108,0,0,39.215877,-91.84242683,29007.0,425.3978257444462,0.0,108,102,0,0,102,97,25473,6,0,0,6,5
2020-06-05,US,Missouri,Barry,9,0,0,36.70978521,-93.82919888,29009.0,25.147391656654282,0.0,9,9,0,0,9,9,35886,0,0,0,0,0
2020-06-05,US,Missouri,Bates,12,1,0,38.25271289,-94.34113157,29013.0,74.20232500618353,8.333333333333334,11,12,1,0,11,10,16320,0,0,0,0,2
2020-06-05,US,Missouri,Benton,12,0,0,38.29503305,-93.28756116,29015.0,61.71887054466903,0.0,12,12,0,0,12,11,19278,0,0,0,0,1
2020-06-05,US,Missouri,Bollinger,7,0,0,37.32449052,-90.02725304,29017.0,57.6938926893596,0.0,7,7,0,0,7,7,12169,0,0,0,0,0
2020-06-05,US,Missouri,Boone,173,2,0,38.99186229,-92.30723575,29019.0,95.86452624637737,1.1560693641618498,171,169,2,0,167,162,180005,4,0,0,4,7
2020-06-05,US,Missouri,Buchanan,741,2,0,39.65816401,-94.80138942,29021.0,848.1754498420403,0.2699055330634278,739,736,2,0,734,725,88571,5,0,0,5,11
2020-06-05,US,Missouri,Butler,47,0,0,36.71462476,-90.40421163,29023.0,110.6455106172607,0.0,47,45,0,0,45,42,42639,2,0,0,2,3
2020-06-05,US,Missouri,Caldwell,7,0,0,39.65620858,-93.98308093,29025.0,77.60532150776055,0.0,7,6,0,0,6,6,9108,1,0,0,1,0
2020-06-05,US,Missouri,Callaway,32,1,0,38.83674754,-91.92186505,29027.0,71.51956730661779,3.125,31,32,1,0,31,30,44889,0,0,0,0,2
2020-06-05,US,Missouri,Camden,38,1,0,38.02199522,-92.76083747,29029.0,82.06457186049023,2.631578947368421,37,38,1,0,37,38,45815,0,0,0,0,0
2020-06-05,US,Missouri,Cape Girardeau,83,3,0,37.38489388,-89.6843587,29031.0,105.23513078317758,3.614457831325301,80,77,2,0,75,76,78753,6,1,0,5,1
2020-06-05,US,Missouri,Carroll,9,0,0,39.42762566,-93.50626255,29033.0,103.69858278603527,0.0,9,9,0,0,9,8,8743,0,0,0,0,1
2020-06-05,US,Missouri,Carter,5,1,0,36.94160441,-90.96051322,29035.0,83.58408559010364,20.0,4,5,1,0,4,5,6054,0,0,0,0,0
2020-06-05,US,Missouri,Cass,100,8,0,38.64789422,-94.353399,29037.0,94.53582907922105,8.0,92,100,8,0,92,97,104954,0,0,0,0,3
2020-06-05,US,Missouri,Cedar,9,0,0,37.72391475,-93.85445441,29039.0,62.72214091574325,0.0,9,9,0,0,9,9,14165,0,0,0,0,0
2020-06-05,US,Missouri,Chariton,6,0,0,39.51499357,-92.9629191,29041.0,80.79719903043363,0.0,6,6,0,0,6,6,7451,0,0,0,0,0
2020-06-05,US,Missouri,Christian,29,0,0,36.9711783,-93.18537118,29043.0,32.733224222585925,0.0,29,29,0,0,29,27,86983,0,0,0,0,2
2020-06-05,US,Missouri,Clark,1,0,0,40.41040752,-91.73661677,29045.0,14.712373105781962,0.0,1,1,0,0,1,1,6842,0,0,0,0,0
2020-06-05,US,Missouri,Clay,186,3,0,39.31132056,-94.41850862,29047.0,74.41547841951126,1.6129032258064515,183,181,3,0,178,177,246365,5,0,0,5,4
2020-06-05,US,Missouri,Clinton,20,0,0,39.6013098,-94.40465394,29049.0,98.10173149556091,0.0,20,20,0,0,20,18,20470,0,0,0,0,2
2020-06-05,US,Missouri,Cole,61,1,0,38.50455671,-92.27860244,29051.0,79.48400547266922,1.639344262295082,60,61,1,0,60,61,76796,0,0,0,0,0
2020-06-05,US,Missouri,Cooper,9,0,0,38.844478,-92.80896081,29053.0,50.82161612739286,0.0,9,9,0,0,9,9,17603,0,0,0,0,0
2020-06-05,US,Missouri,Crawford,9,0,0,37.97663738,-91.30528104,29055.0,37.625418060200666,0.0,9,9,0,0,9,9,23957,0,0,0,0,0
2020-06-05,US,Missouri,Dallas,4,0,0,37.681135499999996,-93.02127031,29059.0,23.69949046095509,0.0,4,4,0,0,4,3,16762,0,0,0,0,1
2020-06-05,US,Missouri,Daviess,5,0,0,39.96145298,-93.98519678,29061.0,60.40106305870983,0.0,5,4,0,0,4,4,8313,1,0,0,1,0
2020-06-05,US,Missouri,DeKalb,6,0,0,39.89201062,-94.40476508,29063.0,47.82019606280386,0.0,6,6,0,0,6,6,12630,0,0,0,0,0
2020-06-05,US,Missouri,Dunklin,48,2,0,36.27167174,-90.09122243,29069.0,164.7729223164327,4.166666666666667,46,47,2,0,45,45,29423,1,0,0,1,2
2020-06-05,US,Missouri,Franklin,149,17,0,38.41127108,-91.07522826,29071.0,143.31470562774726,11.409395973154364,132,149,17,0,132,143,103670,0,0,0,0,6
2020-06-05,US,Missouri,Gasconade,2,0,0,38.43947277,-91.50847147,29073.0,13.599891200870395,0.0,2,2,0,0,2,2,14705,0,0,0,0,0
2020-06-05,US,Missouri,Gentry,46,0,0,40.21097916,-94.40944419,29075.0,700.0456551514229,0.0,46,43,0,0,43,41,6628,3,0,0,3,2
2020-06-05,US,Missouri,Greene,171,8,0,37.2575872,-93.34230916,29077.0,58.3446496932641,4.678362573099415,163,167,8,0,159,164,291923,4,0,0,4,3
2020-06-05,US,Missouri,Harrison,9,0,0,40.35570088,-93.99222144,29081.0,107.75862068965515,0.0,9,9,0,0,9,9,8414,0,0,0,0,0
2020-06-05,US,Missouri,Henry,12,3,0,38.38482826,-93.79293734,29083.0,54.98533724340176,25.0,9,12,3,0,9,12,21792,0,0,0,0,0
2020-06-05,US,Missouri,Holt,2,0,0,40.09799248,-95.21638879999999,29087.0,45.42357483533954,0.0,2,2,0,0,2,2,4404,0,0,0,0,0
2020-06-05,US,Missouri,Howard,3,0,0,39.1435761,-92.69756691,29089.0,29.99700029997,0.0,3,3,0,0,3,3,10137,0,0,0,0,0
2020-06-05,US,Missouri,Howell,11,0,0,36.77383887,-91.88683935,29091.0,27.41979709350151,0.0,11,10,0,0,10,9,40076,1,0,0,1,1
2020-06-05,US,Missouri,Iron,3,0,0,37.55487945,-90.7735296,29093.0,29.62962962962963,0.0,3,3,0,0,3,3,10177,0,0,0,0,0
2020-06-05,US,Missouri,Jackson,686,22,0,39.01002188,-94.34724536,29095.0,97.5802654581507,3.206997084548105,664,676,22,0,654,656,700307,10,0,0,10,20
2020-06-05,US,Missouri,Jasper,46,0,0,37.20351921,-94.34050458,29097.0,37.91375445074509,0.0,46,44,0,0,44,39,120636,2,0,0,2,5
2020-06-05,US,Missouri,Jefferson,398,18,0,38.25926778,-90.53870896,29099.0,176.82523180543893,4.522613065326633,380,396,18,0,378,395,224347,2,0,0,2,1
2020-06-05,US,Missouri,Johnson,77,0,0,38.74719601,-93.80691168,29101.0,142.42906292774958,0.0,77,77,0,0,77,77,53652,0,0,0,0,0
2020-06-05,US,Missouri,Kansas City,1468,27,0,39.0997,-94.5786,0.0,300.23949621939573,1.8392370572207084,1441,1437,27,0,1410,1366,491918,31,0,0,31,71
2020-06-05,US,Missouri,Laclede,7,0,0,37.65896829,-92.5888493,29105.0,19.595218766620945,0.0,7,7,0,0,7,7,35713,0,0,0,0,0
2020-06-05,US,Missouri,Lafayette,80,3,0,39.06986886,-93.78076396,29107.0,244.58847988259757,3.75,77,80,3,0,77,76,32598,0,0,0,0,4
2020-06-05,US,Missouri,Lawrence,8,0,0,37.10626634,-93.83293097,29109.0,20.857776039629773,0.0,8,8,0,0,8,8,38359,0,0,0,0,0
2020-06-05,US,Missouri,Lewis,7,1,0,40.09673161,-91.72070156,29111.0,71.6039279869067,14.285714285714285,6,7,1,0,6,7,9855,0,0,0,0,0
2020-06-05,US,Missouri,Lincoln,118,1,0,39.05345619,-90.95588181,29113.0,199.9559419111044,0.8474576271186439,117,118,1,0,117,118,57686,0,0,0,0,0
2020-06-05,US,Missouri,Linn,10,1,0,39.87001769,-93.10704106,29115.0,83.89261744966444,10.0,9,10,1,0,9,10,12037,0,0,0,0,0
2020-06-05,US,Missouri,Livingston,4,0,0,39.78110272,-93.54645978,29117.0,26.269127208248506,0.0,4,3,0,0,3,3,15146,1,0,0,1,0
2020-06-05,US,Missouri,Macon,6,0,0,39.83049768,-92.56453089,29121.0,39.69041476483429,0.0,6,6,0,0,6,6,15153,0,0,0,0,0
2020-06-05,US,Missouri,Madison,3,0,0,37.47865134,-90.34671429999999,29123.0,24.81800132362674,0.0,3,3,0,0,3,3,12188,0,0,0,0,0
2020-06-05,US,Missouri,Maries,2,0,0,38.16193985,-91.92249662,29125.0,22.996435552489363,0.0,2,2,0,0,2,2,8769,0,0,0,0,0
2020-06-05,US,Missouri,Marion,5,0,0,39.80601912,-91.62203062,29127.0,17.525411847178407,0.0,5,5,0,0,5,5,28592,0,0,0,0,0
2020-06-05,US,Missouri,McDonald,23,0,0,36.62869595,-94.34867205,29119.0,100.71375399570871,0.0,23,22,0,0,22,22,23078,1,0,0,1,0
2020-06-05,US,Missouri,Miller,4,0,0,38.21450288,-92.42610898,29131.0,15.613411920839999,0.0,4,4,0,0,4,4,25336,0,0,0,0,0
2020-06-05,US,Missouri,Mississippi,61,0,0,36.82516239,-89.29505753,29133.0,462.8224582701062,0.0,61,61,0,0,61,59,13336,0,0,0,0,2
2020-06-05,US,Missouri,Moniteau,49,0,0,38.63571781,-92.57976951,29135.0,303.74411108356065,0.0,49,49,0,0,49,48,16121,0,0,0,0,1
2020-06-05,US,Missouri,Montgomery,10,0,0,38.94022054,-91.47000721,29139.0,86.57259111765215,0.0,10,10,0,0,10,9,11534,0,0,0,0,1
2020-06-05,US,Missouri,Morgan,9,0,0,38.4181765,-92.88791859,29141.0,43.63213264168323,0.0,9,9,0,0,9,9,20358,0,0,0,0,0
2020-06-05,US,Missouri,New Madrid,21,0,0,36.59666326,-89.66070007,29143.0,122.97962052002809,0.0,21,21,0,0,21,21,17296,0,0,0,0,0
2020-06-05,US,Missouri,Newton,23,1,0,36.90519407,-94.3394104,29145.0,39.49447077409162,4.3478260869565215,22,21,1,0,20,21,58266,2,0,0,2,0
2020-06-05,US,Missouri,Nodaway,14,0,0,40.36079813,-94.88133008,29147.0,63.371356147021544,0.0,14,14,0,0,14,14,22304,0,0,0,0,0
2020-06-05,US,Missouri,Oregon,2,0,0,36.68710164,-91.4033755,29149.0,18.995156235160035,0.0,2,2,0,0,2,2,10541,0,0,0,0,0
2020-06-05,US,Missouri,Osage,5,0,0,38.46036182,-91.8613635,29151.0,36.72420124862284,0.0,5,5,0,0,5,5,13714,0,0,0,0,0
2020-06-05,US,Missouri,Pemiscot,90,5,0,36.2130572,-89.78742322,29155.0,569.4400506168934,5.5555555555555545,85,90,5,0,85,89,16272,0,0,0,0,1
2020-06-05,US,Missouri,Perry,69,0,0,37.70660776,-89.82741088,29157.0,360.57692307692315,0.0,69,65,0,0,65,64,19150,4,0,0,4,1
2020-06-05,US,Missouri,Pettis,79,1,0,38.72798918,-93.28471706,29159.0,186.5891967216987,1.2658227848101269,78,79,1,0,78,79,42542,0,0,0,0,0
2020-06-05,US,Missouri,Phelps,5,0,0,37.87736118,-91.79351727,29161.0,11.217553227290065,0.0,5,5,0,0,5,5,44732,0,0,0,0,0
2020-06-05,US,Missouri,Pike,28,1,0,39.34310674,-91.16980779,29163.0,152.9887443995192,3.571428571428572,27,27,1,0,26,27,18504,1,0,0,1,0
2020-06-05,US,Missouri,Platte,77,0,0,39.38154439,-94.77068479,29165.0,73.74207512114769,0.0,77,74,0,0,74,73,102985,3,0,0,3,1
2020-06-05,US,Missouri,Polk,4,0,0,37.616229600000004,-93.39828174,29167.0,12.442066627266787,0.0,4,4,0,0,4,3,32201,0,0,0,0,1
2020-06-05,US,Missouri,Pulaski,39,1,0,37.82462075,-92.20783203,29169.0,74.13462086794533,2.5641025641025643,38,39,1,0,38,39,52014,0,0,0,0,0
2020-06-05,US,Missouri,Ralls,5,0,0,39.52817427,-91.51838643,29173.0,48.50130953535746,0.0,5,5,0,0,5,5,10212,0,0,0,0,0
2020-06-05,US,Missouri,Randolph,10,0,0,39.44007257,-92.49713740000001,29175.0,40.40730564085987,0.0,10,10,0,0,10,10,24763,0,0,0,0,0
2020-06-05,US,Missouri,Ray,23,0,0,39.353746799999996,-93.98905745,29177.0,99.92180033017637,0.0,23,23,0,0,23,22,22883,0,0,0,0,1
2020-06-05,US,Missouri,Reynolds,2,0,0,37.36085952,-90.97009925,29179.0,31.897926634768737,0.0,2,2,0,0,2,2,6254,0,0,0,0,0
2020-06-05,US,Missouri,Ripley,11,0,0,36.65460667,-90.85990261,29181.0,82.78145695364239,0.0,11,10,0,0,10,10,13401,1,0,0,1,0
2020-06-05,US,Missouri,Saline,281,2,0,39.13734288,-93.20259964,29195.0,1234.5679012345681,0.7117437722419929,279,280,2,0,278,269,22895,1,0,0,1,11
2020-06-05,US,Missouri,Scotland,9,0,0,40.45214695,-92.14709064,29199.0,183.5985312117503,0.0,9,8,0,0,8,8,4966,1,0,0,1,0
2020-06-05,US,Missouri,Scott,119,11,0,37.05588075,-89.56474493,29201.0,310.8672936259144,9.243697478991596,108,117,10,0,107,113,38458,2,1,0,1,4
2020-06-05,US,Missouri,Shelby,1,0,0,39.79742518,-92.07634971,29205.0,16.863406408094434,0.0,1,1,0,0,1,1,6050,0,0,0,0,0
2020-06-05,US,Missouri,St. Charles,821,62,0,38.77875681,-90.66662425,29183.0,204.21767962947303,7.551766138855054,759,820,62,0,758,799,399182,1,0,0,1,21
2020-06-05,US,Missouri,St. Clair,3,0,0,38.03699437,-93.77631447,29185.0,31.925082473129727,0.0,3,3,0,0,3,3,9395,0,0,0,0,0
2020-06-05,US,Missouri,St. Francois,38,2,0,37.81214171,-90.47598685,29187.0,56.53499962805922,5.2631578947368425,36,38,2,0,36,36,66692,0,0,0,0,2
2020-06-05,US,Missouri,St. Louis,5084,455,0,38.63770039999999,-90.4458375,29189.0,511.3633506168245,8.949645948072384,4629,5084,449,0,4635,5084,996945,0,6,0,-6,0
2020-06-05,US,Missouri,St. Louis City,2053,134,0,38.63555736,-90.24349225,29510.0,683.0219312253806,6.527033609352168,1919,2034,132,0,1902,2006,302838,19,2,0,17,28
2020-06-05,US,Missouri,Ste. Genevieve,12,1,0,37.89090059,-90.1949941,29186.0,67.06158488878954,8.333333333333334,11,12,1,0,11,12,17888,0,0,0,0,0
2020-06-05,US,Missouri,Stoddard,105,0,0,36.85571651,-89.9444155,29207.0,361.75710594315245,0.0,105,99,0,0,99,94,29206,6,0,0,6,5
2020-06-05,US,Missouri,Stone,10,0,0,36.75000327,-93.45256475,29209.0,31.296945418127194,0.0,10,10,0,0,10,5,31749,0,0,0,0,5
2020-06-05,US,Missouri,Sullivan,63,0,0,40.2099105,-93.11150106,29211.0,1034.6526523238626,0.0,63,63,0,0,63,61,6221,0,0,0,0,2
2020-06-05,US,Missouri,Taney,14,2,0,36.65465345,-93.04075153,29213.0,25.03218423687598,14.285714285714285,12,14,2,0,12,14,55852,0,0,0,0,0
2020-06-05,US,Missouri,Texas,1,0,0,37.31728859,-91.96564727,29215.0,3.937317899047169,0.0,1,1,0,0,1,1,25571,0,0,0,0,0
2020-06-05,US,Missouri,Vernon,10,0,0,37.8457799,-94.34127305,29217.0,48.63103632738414,0.0,10,10,0,0,10,10,20528,0,0,0,0,0
2020-06-05,US,Missouri,Warren,29,0,0,38.76529479,-91.16124662,29219.0,81.3487054335325,0.0,29,28,0,0,28,28,34711,1,0,0,1,0
2020-06-05,US,Missouri,Washington,12,1,0,37.96130078,-90.87948158,29221.0,48.52405984634048,8.333333333333334,11,12,1,0,11,12,24943,0,0,0,0,0
2020-06-05,US,Missouri,Webster,18,0,0,37.2813734,-92.876329,29225.0,45.463730046474026,0.0,18,18,0,0,18,18,39109,0,0,0,0,0
2020-06-05,US,Missouri,Worth,4,0,0,40.47945588,-94.42328751,29227.0,198.7083954297069,0.0,4,4,0,0,4,4,2040,0,0,0,0,0
2020-06-05,US,Missouri,Wright,11,0,0,37.27029221,-92.46914488,29229.0,60.14544261577997,0.0,11,11,0,0,11,11,18378,0,0,0,0,0
2020-06-05,US,Montana,Beaverhead,1,0,0,45.13434354,-112.89846940000001,30001.0,10.578652279699568,0.0,1,1,0,0,1,1,9404,0,0,0,0,0
2020-06-05,US,Montana,Big Horn,36,1,0,45.42335905,-107.492347,30003.0,270.2905623545311,2.7777777777777777,35,36,0,0,36,31,13338,0,1,0,-1,5
2020-06-05,US,Montana,Broadwater,4,0,0,46.33277565,-111.49558130000001,30007.0,64.1333974667308,0.0,4,4,0,0,4,4,6085,0,0,0,0,0
2020-06-05,US,Montana,Carbon,6,0,0,45.22850116,-109.0274047,30009.0,55.94405594405596,0.0,6,6,0,0,6,6,10714,0,0,0,0,0
2020-06-05,US,Montana,Cascade,17,2,0,47.30797024,-111.3467922,30013.0,20.893247793918835,11.764705882352944,15,17,2,0,15,17,81643,0,0,0,0,0
2020-06-05,US,Montana,Deer Lodge,3,0,0,46.05953325,-113.073353,30023.0,32.822757111597376,0.0,3,3,0,0,3,3,9131,0,0,0,0,0
2020-06-05,US,Montana,Flathead,37,2,0,48.29575866,-114.05205690000001,30029.0,35.64341174883918,5.405405405405406,35,37,2,0,35,37,102106,0,0,0,0,0
2020-06-05,US,Montana,Gallatin,163,1,0,45.54486106,-111.1692571,30031.0,142.44018386143978,0.6134969325153374,162,163,1,0,162,155,111876,0,0,0,0,8
2020-06-05,US,Montana,Glacier,6,0,0,48.70513576,-112.9934235,30035.0,43.62684505198866,0.0,6,6,0,0,6,6,13747,0,0,0,0,0
2020-06-05,US,Montana,Golden Valley,3,0,0,46.3816474,-109.17685220000001,30037.0,365.40803897685754,0.0,3,3,0,0,3,3,826,0,0,0,0,0
2020-06-05,US,Montana,Hill,1,0,0,48.62879827,-110.1129252,30041.0,6.066488716330987,0.0,1,1,0,0,1,1,16347,0,0,0,0,0
2020-06-05,US,Montana,Jefferson,3,0,0,46.14907081,-112.094396,30043.0,24.547909336388184,0.0,3,3,0,0,3,3,12097,0,0,0,0,0
2020-06-05,US,Montana,Lake,5,0,0,47.64514965,-114.0898013,30047.0,16.41604832884628,0.0,5,5,0,0,5,5,30250,0,0,0,0,0
2020-06-05,US,Montana,Lewis and Clark,18,0,0,47.12610041,-112.39469799999999,30049.0,25.924645696508808,0.0,18,16,0,0,16,16,68700,2,0,0,2,0
2020-06-05,US,Montana,Liberty,1,0,0,48.56084317,-111.02430700000001,30051.0,42.78990158322636,0.0,1,1,0,0,1,1,2430,0,0,0,0,0
2020-06-05,US,Montana,Lincoln,7,1,0,48.54265777,-115.4046155,30053.0,35.03503503503504,14.285714285714285,6,7,1,0,6,7,19794,0,0,0,0,0
2020-06-05,US,Montana,Madison,8,1,0,45.30080065,-111.9173017,30057.0,93.02325581395347,12.5,7,8,1,0,7,8,8768,0,0,0,0,0
2020-06-05,US,Montana,Meagher,1,0,0,46.59907074,-110.8898557,30059.0,53.705692803437174,0.0,1,1,0,0,1,1,1866,0,0,0,0,0
2020-06-05,US,Montana,Missoula,40,1,0,47.03728583,-113.92135079999998,30063.0,33.44481605351171,2.5,39,40,1,0,39,40,118791,0,0,0,0,0
2020-06-05,US,Montana,Musselshell,1,0,0,46.49684637,-108.39498,30065.0,21.58428663932657,0.0,1,1,0,0,1,1,4651,0,0,0,0,0
2020-06-05,US,Montana,Park,8,0,0,45.48965095,-110.52643940000002,30067.0,48.17535830422739,0.0,8,8,0,0,8,8,16736,0,0,0,0,0
2020-06-05,US,Montana,Pondera,2,0,0,48.22773388,-112.22527029999999,30073.0,33.83522246658772,0.0,2,2,0,0,2,2,5972,0,0,0,0,0
2020-06-05,US,Montana,Ravalli,14,0,0,46.08520862,-114.11891640000002,30081.0,31.959092361776925,0.0,14,14,0,0,14,14,43172,0,0,0,0,0
2020-06-05,US,Montana,Richland,3,0,0,47.78668011,-104.5610786,30083.0,27.770063871146906,0.0,3,3,0,0,3,3,10913,0,0,0,0,0
2020-06-05,US,Montana,Roosevelt,7,0,0,48.29607488,-105.00792679999999,30085.0,63.613231552162844,0.0,7,7,0,0,7,7,11059,0,0,0,0,0
2020-06-05,US,Montana,Rosebud,1,0,0,46.23397237,-106.72928799999998,30087.0,11.189437171310285,0.0,1,1,0,0,1,1,9063,0,0,0,0,0
2020-06-05,US,Montana,Silver Bow,11,0,0,45.90018933,-112.6620092,30093.0,31.505083774881854,0.0,11,11,0,0,11,11,34993,0,0,0,0,0
2020-06-05,US,Montana,Stillwater,1,0,0,45.67071407,-109.3950061,30095.0,10.371292263015972,0.0,1,1,0,0,1,1,9534,0,0,0,0,0
2020-06-05,US,Montana,Toole,29,6,0,48.65577551,-111.69424140000001,30101.0,612.331081081081,20.689655172413797,23,29,6,0,23,29,4853,0,0,0,0,0
2020-06-05,US,Montana,Wheatland,1,0,0,46.46652491,-109.84646359999999,30107.0,47.036688617121364,0.0,1,1,0,0,1,1,2236,0,0,0,0,0
2020-06-05,US,Montana,Yellowstone,103,3,0,45.93955949,-108.26914860000001,30111.0,63.85616862988221,2.9126213592233015,100,103,3,0,100,102,160137,0,0,0,0,1
2020-06-05,US,Nebraska,Adams,275,11,0,40.52449420000001,-98.50117804,31001.0,876.8293849440422,4.0,264,275,11,0,264,273,31511,0,0,0,0,2
2020-06-05,US,Nebraska,Antelope,8,0,0,42.17695516,-98.06662829999999,31003.0,127.02445220704986,0.0,8,8,0,0,8,8,6336,0,0,0,0,0
2020-06-05,US,Nebraska,Boone,7,0,0,41.70759415,-98.06737183,31011.0,134.82280431432974,0.0,7,7,0,0,7,6,5239,0,0,0,0,1
2020-06-05,US,Nebraska,Box Butte,2,0,0,42.22079243,-103.08788340000001,31013.0,18.547713994250213,0.0,2,2,0,0,2,2,10772,0,0,0,0,0
2020-06-05,US,Nebraska,Boyd,1,0,0,42.899727399999996,-98.76486568,31015.0,52.11047420531528,0.0,1,1,0,0,1,1,1955,0,0,0,0,0
2020-06-05,US,Nebraska,Buffalo,172,1,0,40.85486962,-99.07500296,31019.0,346.36219013673247,0.5813953488372093,171,171,1,0,170,168,49615,1,0,0,1,3
2020-06-05,US,Nebraska,Burt,10,0,0,41.85056773,-96.32605633,31021.0,154.82272797646695,0.0,10,9,0,0,9,8,6488,1,0,0,1,1
2020-06-05,US,Nebraska,Butler,50,0,0,41.22703692,-97.13106306,31023.0,623.7524950099801,0.0,50,50,0,0,50,50,8058,0,0,0,0,0
2020-06-05,US,Nebraska,Cass,54,0,0,40.90899107,-96.13971217,31025.0,205.72996037793357,0.0,54,53,0,0,53,53,26159,1,0,0,1,0
2020-06-05,US,Nebraska,Cedar,8,0,0,42.598885100000004,-97.25311951,31027.0,95.21542489883362,0.0,8,8,0,0,8,8,8446,0,0,0,0,0
2020-06-05,US,Nebraska,Chase,1,0,0,40.523719799999995,-101.69780259999999,31029.0,25.4841997961264,0.0,1,1,0,0,1,1,3977,0,0,0,0,0
2020-06-05,US,Nebraska,Cherry,1,0,0,42.54502621,-101.1244332,31031.0,17.577781683951486,0.0,1,1,0,0,1,1,5761,0,0,0,0,0
2020-06-05,US,Nebraska,Cheyenne,10,0,0,41.21999357,-102.9941693,31033.0,112.23344556677891,0.0,10,9,0,0,9,9,9310,1,0,0,1,0
2020-06-05,US,Nebraska,Clay,24,0,0,40.52439441,-98.05126296,31035.0,386.90955989037565,0.0,24,24,0,0,24,24,6214,0,0,0,0,0
2020-06-05,US,Nebraska,Colfax,631,4,0,41.57486951,-97.0868542,31037.0,5892.240171818097,0.6339144215530903,627,626,4,0,622,624,10881,5,0,0,5,2
2020-06-05,US,Nebraska,Cuming,34,0,0,41.91637624,-96.78730772,31039.0,384.35451051322633,0.0,34,34,0,0,34,34,8940,0,0,0,0,0
2020-06-05,US,Nebraska,Custer,34,4,0,41.39374521,-99.72805369,31041.0,315.4866846061056,11.764705882352944,30,33,4,0,29,31,10840,1,0,0,1,2
2020-06-05,US,Nebraska,Dakota,1702,26,0,42.39040144,-96.56656425,31043.0,8498.951363227803,1.5276145710928317,1676,1692,20,0,1672,1684,20083,10,6,0,4,8
2020-06-05,US,Nebraska,Dawes,1,0,0,42.71985036,-103.1313774,31045.0,11.6427989288625,0.0,1,1,0,0,1,1,8716,0,0,0,0,0
2020-06-05,US,Nebraska,Dawson,842,8,0,40.87028216,-99.82014609999999,31047.0,3568.5526594617504,0.9501187648456056,834,841,7,0,834,840,23709,1,1,0,0,1
2020-06-05,US,Nebraska,Dixon,32,0,0,42.49188363,-96.86782408,31051.0,567.7785663591201,0.0,32,29,0,0,29,29,5709,3,0,0,3,0
2020-06-05,US,Nebraska,Dodge,557,1,0,41.58071748,-96.65598179,31053.0,1523.3146451524685,0.17953321364452424,556,531,1,0,530,503,36791,26,0,0,26,28
2020-06-05,US,Nebraska,Douglas,4893,42,0,41.29518299,-96.15085305,31055.0,856.4272299401217,0.8583690987124464,4851,4769,34,0,4735,4640,566880,124,8,0,116,129
2020-06-05,US,Nebraska,Fillmore,7,1,0,40.52458567,-97.59646937,31059.0,128.15818381545222,14.285714285714285,6,7,0,0,7,7,5527,0,1,0,-1,0
2020-06-05,US,Nebraska,Franklin,6,0,0,40.17636348,-98.95299073,31061.0,201.40986908358508,0.0,6,6,0,0,6,6,3023,0,0,0,0,0
2020-06-05,US,Nebraska,Frontier,1,0,0,40.52993007,-100.3924658,31063.0,38.06623524933384,0.0,1,1,0,0,1,1,2608,0,0,0,0,0
2020-06-05,US,Nebraska,Furnas,9,0,0,40.17642064,-99.91247454,31065.0,192.4721984602224,0.0,9,9,0,0,9,9,4715,0,0,0,0,0
2020-06-05,US,Nebraska,Gage,45,4,0,40.26186809,-96.68946704,31067.0,209.17584716218101,8.888888888888891,41,45,4,0,41,45,21493,0,0,0,0,0
2020-06-05,US,Nebraska,Garden,4,0,0,41.61703149,-102.3313973,31069.0,217.74632553075668,0.0,4,4,0,0,4,4,1897,0,0,0,0,0
2020-06-05,US,Nebraska,Garfield,1,0,0,41.91428955,-98.99111827,31071.0,50.787201625190455,0.0,1,,,,,,1987,,,,,
2020-06-05,US,Nebraska,Gosper,13,0,0,40.51481965,-99.83020279,31073.0,653.2663316582915,0.0,13,13,0,0,13,13,1996,0,0,0,0,0
2020-06-05,US,Nebraska,Greeley,3,0,0,41.56742671,-98.52150266,31077.0,127.33446519524618,0.0,3,2,0,0,2,2,2356,1,0,0,1,0
2020-06-05,US,Nebraska,Hall,1539,44,0,40.87257079,-98.50218293,31079.0,2508.4347953645292,2.85899935022742,1495,1532,42,0,1490,1525,61607,7,2,0,5,7
2020-06-05,US,Nebraska,Hamilton,55,11,0,40.87349452,-98.02099117,31081.0,589.8755898755899,20.0,44,55,11,0,44,55,9280,0,0,0,0,0
2020-06-05,US,Nebraska,Hitchcock,1,0,0,40.17609175,-101.04164770000001,31087.0,36.205648081100655,0.0,1,1,0,0,1,1,2806,0,0,0,0,0
2020-06-05,US,Nebraska,Holt,1,0,0,42.45522056,-98.78402558,31089.0,9.933445912387008,0.0,1,1,0,0,1,1,10178,0,0,0,0,0
2020-06-05,US,Nebraska,Howard,43,4,0,41.2200529,-98.5166499,31093.0,667.1838634600465,9.30232558139535,39,42,4,0,38,42,6468,1,0,0,1,0
2020-06-05,US,Nebraska,Jefferson,7,0,0,40.17584531,-97.142601,31095.0,99.347147317627,0.0,7,7,0,0,7,7,7097,0,0,0,0,0
2020-06-05,US,Nebraska,Johnson,6,0,0,40.39257596,-96.26522753,31097.0,118.3198580161704,0.0,6,6,0,0,6,6,5134,0,0,0,0,0
2020-06-05,US,Nebraska,Kearney,12,0,0,40.50663314,-98.94877182,31099.0,184.75750577367202,0.0,12,12,0,0,12,11,6544,0,0,0,0,1
2020-06-05,US,Nebraska,Keith,2,0,0,41.19930341,-101.66201640000001,31101.0,24.894199651481205,0.0,2,2,0,0,2,2,8021,0,0,0,0,0
2020-06-05,US,Nebraska,Kimball,8,0,0,41.19774275,-103.7148131,31105.0,220.26431718061676,0.0,8,8,0,0,8,8,3618,0,0,0,0,0
2020-06-05,US,Nebraska,Knox,10,0,0,42.63758421,-97.89178836,31107.0,120.01920307249159,0.0,10,10,0,0,10,10,8419,0,0,0,0,0
2020-06-05,US,Nebraska,Lancaster,1310,10,0,40.78416049,-96.68777155,31109.0,410.5424801780062,0.7633587786259542,1300,1278,9,0,1269,1262,317272,32,1,0,31,16
2020-06-05,US,Nebraska,Lincoln,48,2,0,41.04658298,-100.74753740000001,31111.0,137.48066678123388,4.166666666666667,46,47,2,0,45,48,35185,1,0,0,1,-1
2020-06-05,US,Nebraska,Madison,323,4,0,41.91676024,-97.6005481,31119.0,920.2541382945384,1.238390092879257,319,320,4,0,316,320,35392,3,0,0,3,0
2020-06-05,US,Nebraska,Merrick,34,0,0,41.16624273,-98.0374887,31121.0,438.42682140554484,0.0,34,33,0,0,33,33,7733,1,0,0,1,0
2020-06-05,US,Nebraska,Morrill,11,0,0,41.71711774,-103.0061405,31123.0,236.96682464454975,0.0,11,11,0,0,11,11,4686,0,0,0,0,0
2020-06-05,US,Nebraska,Nance,4,0,0,41.39750195,-97.99327291,31125.0,113.66865586814436,0.0,4,4,0,0,4,4,3532,0,0,0,0,0
2020-06-05,US,Nebraska,Nemaha,4,0,0,40.38514847,-95.85433992,31127.0,57.37234652897303,0.0,4,4,0,0,4,4,6958,0,0,0,0,0
2020-06-05,US,Nebraska,Nuckolls,1,0,0,40.17637905,-98.04743961,31129.0,24.10800385728061,0.0,1,1,0,0,1,1,4195,0,0,0,0,0
2020-06-05,US,Nebraska,Otoe,10,0,0,40.64843556,-96.13374142,31131.0,62.45316012990257,0.0,10,7,0,0,7,7,15985,3,0,0,3,0
2020-06-05,US,Nebraska,Phelps,20,0,0,40.51156033,-99.41461667,31137.0,221.38587558113792,0.0,20,20,0,0,20,20,8996,0,0,0,0,0
2020-06-05,US,Nebraska,Pierce,6,0,0,42.26434853,-97.60122773,31139.0,83.93956351426971,0.0,6,6,0,0,6,6,7142,0,0,0,0,0
2020-06-05,US,Nebraska,Platte,619,1,0,41.57246836,-97.52144359,31141.0,1849.417388706304,0.16155088852988692,618,617,1,0,616,611,33363,2,0,0,2,6
2020-06-05,US,Nebraska,Polk,11,0,0,41.18813488,-97.56630712,31143.0,211.01093420295413,0.0,11,11,0,0,11,11,5278,0,0,0,0,0
2020-06-05,US,Nebraska,Red Willow,5,0,0,40.17556879999999,-100.476998,31145.0,46.624393882879524,0.0,5,5,0,0,5,5,10726,0,0,0,0,0
2020-06-05,US,Nebraska,Richardson,1,0,0,40.1247415,-95.71755036,31147.0,12.714558169103626,0.0,1,1,0,0,1,1,7937,0,0,0,0,0
2020-06-05,US,Nebraska,Saline,513,2,0,40.52418865,-97.14085859,31151.0,3606.580427446569,0.3898635477582846,511,510,2,0,508,508,14350,3,0,0,3,2
2020-06-05,US,Nebraska,Sarpy,753,4,0,41.11314181,-96.11156432,31153.0,402.2521848757452,0.5312084993359893,749,736,4,0,732,703,184459,17,0,0,17,33
2020-06-05,US,Nebraska,Saunders,47,1,0,41.227810299999994,-96.63773905,31155.0,217.81444063397905,2.127659574468085,46,46,1,0,45,42,21303,1,0,0,1,4
2020-06-05,US,Nebraska,Scotts Bluff,137,0,0,41.85070896,-103.70809859999999,31157.0,384.63698130158906,0.0,137,124,0,0,124,120,35989,13,0,0,13,4
2020-06-05,US,Nebraska,Seward,29,1,0,40.87241834,-97.139673,31159.0,167.78523489932888,3.4482758620689653,28,29,1,0,28,29,17318,0,0,0,0,0
2020-06-05,US,Nebraska,Sherman,5,0,0,41.22045983,-98.97588642,31163.0,166.61112962345885,0.0,5,4,0,0,4,4,3038,1,0,0,1,0
2020-06-05,US,Nebraska,Stanton,21,0,0,41.9169835,-97.19394708,31167.0,354.72972972972974,0.0,21,21,0,0,21,21,5970,0,0,0,0,0
2020-06-05,US,Nebraska,Thayer,1,0,0,40.17626377,-97.59504381,31169.0,19.98800719568259,0.0,1,1,0,0,1,1,5039,0,0,0,0,0
2020-06-05,US,Nebraska,Thomas,1,0,0,41.91358968,-100.5556632,31171.0,138.50415512465375,0.0,1,1,0,0,1,1,720,0,0,0,0,0
2020-06-05,US,Nebraska,Thurston,50,0,0,42.15725356,-96.54157099,31173.0,692.1373200442968,0.0,50,50,0,0,50,49,7303,0,0,0,0,1
2020-06-05,US,Nebraska,Unassigned,217,0,0,0.0,0.0,90031.0,0.0,0.0,217,217,19,0,198,215,,0,-19,0,19,2
2020-06-05,US,Nebraska,Valley,5,0,0,41.56730777,-98.98197724,31175.0,120.25012025012023,0.0,5,5,0,0,5,4,4190,0,0,0,0,1
2020-06-05,US,Nebraska,Washington,33,1,0,41.52815707,-96.22019892,31177.0,159.19725987746637,3.0303030303030303,32,33,1,0,32,32,20667,0,0,0,0,1
2020-06-05,US,Nebraska,Wayne,23,0,0,42.20934475,-97.11926964,31179.0,245.07192328183268,0.0,23,18,0,0,18,18,9403,5,0,0,5,0
2020-06-05,US,Nebraska,Webster,5,0,0,40.17642643,-98.50019851,31181.0,143.38973329509608,0.0,5,5,0,0,5,5,3533,0,0,0,0,0
2020-06-05,US,Nebraska,York,37,0,0,40.87272618,-97.59710186,31185.0,270.4876087433292,0.0,37,36,0,0,36,36,13772,1,0,0,1,0
2020-06-05,US,Nevada,Carson City,107,5,0,39.15509045,-119.7480219,32510.0,191.3584662708348,4.672897196261682,102,102,5,0,97,99,55414,5,0,0,5,3
2020-06-05,US,Nevada,Churchill,8,1,0,39.58105744,-118.3394607,32001.0,32.11690553615159,12.5,7,8,1,0,7,8,24440,0,0,0,0,0
2020-06-05,US,Nevada,Clark,7186,357,0,36.21458855,-115.0130241,32003.0,317.0226517228677,4.9679933203451165,6829,7056,355,0,6701,6923,2231647,130,2,0,128,133
2020-06-05,US,Nevada,Douglas,38,0,0,38.912862,-119.61713329999999,32005.0,77.70166649626826,0.0,38,37,0,0,37,35,48467,1,0,0,1,2
2020-06-05,US,Nevada,Elko,27,1,0,41.14531606,-115.3577619,32007.0,51.15767933608701,3.703703703703704,26,26,1,0,25,26,52460,1,0,0,1,0
2020-06-05,US,Nevada,Humboldt,78,4,0,41.40692186,-118.11094270000001,32013.0,463.43057453508413,5.128205128205129,74,78,4,0,74,78,16786,0,0,0,0,0
2020-06-05,US,Nevada,Lander,21,0,0,39.933223299999995,-117.03970749999999,32015.0,379.6095444685466,0.0,21,21,0,0,21,21,5575,0,0,0,0,0
2020-06-05,US,Nevada,Lincoln,2,0,0,37.64268459,-114.8790388,32017.0,38.58769052672198,0.0,2,2,0,0,2,2,5201,0,0,0,0,0
2020-06-05,US,Nevada,Lyon,81,1,0,39.01777974,-119.18704790000001,32019.0,140.8450704225352,1.2345679012345678,80,80,1,0,79,67,55808,1,0,0,1,13
2020-06-05,US,Nevada,Mineral,4,0,0,38.53841696,-118.4344506,32021.0,88.79023307436182,0.0,4,4,0,0,4,4,4514,0,0,0,0,0
2020-06-05,US,Nevada,Nye,66,2,0,38.04264256,-116.47227020000001,32023.0,141.8653139307439,3.0303030303030303,64,64,2,0,62,64,45346,2,0,0,2,0
2020-06-05,US,Nevada,Pershing,2,0,0,40.44003782,-118.40056409999998,32027.0,29.739776951672862,0.0,2,2,0,0,2,2,6666,0,0,0,0,0
2020-06-05,US,Nevada,Storey,1,0,0,39.44875482,-119.5250207,32029.0,24.254183846713556,0.0,1,1,0,0,1,1,4029,0,0,0,0,0
2020-06-05,US,Nevada,Washoe,1685,65,0,40.66562265,-119.6631594,32031.0,357.35569510454513,3.8575667655786345,1620,1645,61,0,1584,1618,465735,40,4,0,36,27
2020-06-05,US,Nevada,White Pine,3,0,0,39.44157041,-114.89996599999999,32033.0,31.315240083507305,0.0,3,3,0,0,3,3,9475,0,0,0,0,0
2020-06-05,US,New Hampshire,Belknap,64,0,0,43.51637314,-71.41684235,33001.0,104.3994584278094,0.0,64,64,0,0,64,63,61022,0,0,0,0,1
2020-06-05,US,New Hampshire,Carroll,48,0,0,43.87498583,-71.20430216,33003.0,98.13943978736457,0.0,48,48,0,0,48,48,48779,0,0,0,0,0
2020-06-05,US,New Hampshire,Cheshire,57,2,0,42.92015988,-72.25311043,33005.0,74.91621213116909,3.5087719298245608,55,57,2,0,55,57,76493,0,0,0,0,0
2020-06-05,US,New Hampshire,Coos,5,0,0,44.69063265,-71.30633239,33007.0,15.841333206602668,0.0,5,5,0,0,5,5,31589,0,0,0,0,0
2020-06-05,US,New Hampshire,Grafton,76,1,0,43.93779815,-71.82057197,33009.0,84.55154306566095,1.3157894736842106,75,76,1,0,75,76,89786,0,0,0,0,0
2020-06-05,US,New Hampshire,Hillsborough,2614,162,0,42.91537785,-71.7200253,33011.0,626.8209339967627,6.197398622800306,2452,2614,162,0,2452,2554,415247,0,0,0,0,60
2020-06-05,US,New Hampshire,Merrimack,359,18,0,43.29662971,-71.6811573,33013.0,237.13430785185383,5.013927576601671,341,359,18,0,341,353,151132,0,0,0,0,6
2020-06-05,US,New Hampshire,Rockingham,1347,76,0,42.98499744,-71.12883377,33015.0,434.840155083304,5.642167780252413,1271,1347,76,0,1271,1336,309176,0,0,0,0,11
2020-06-05,US,New Hampshire,Strafford,278,13,0,43.291833000000004,-71.02336013,33017.0,212.80993317155696,4.676258992805756,265,278,13,0,265,273,130090,0,0,0,0,5
2020-06-05,US,New Hampshire,Sullivan,20,1,0,43.36094111,-72.22203125,33019.0,46.35423909516526,5.0,19,20,1,0,19,20,43144,0,0,0,0,0
2020-06-05,US,New Hampshire,Unassigned,85,5,0,0.0,0.0,90033.0,0.0,5.882352941176472,80,8,0,0,8,10,,77,5,0,72,-2
2020-06-05,US,New Jersey,Atlantic,2309,167,0,39.47538693,-74.65848483,34001.0,875.7158569423901,7.232568211346903,2142,2286,164,0,2122,2284,265429,23,3,0,20,2
2020-06-05,US,New Jersey,Bergen,18463,1611,0,40.96010917,-74.07164325,34003.0,1980.579316500072,8.72555922656123,16852,18408,1603,0,16805,18376,936692,55,8,0,47,32
2020-06-05,US,New Jersey,Burlington,4746,311,0,39.87681124,-74.66927768,34005.0,1065.6810725969972,6.5528866413822175,4435,4725,307,0,4418,4700,445384,21,4,0,17,25
2020-06-05,US,New Jersey,Camden,6732,357,0,39.80343818,-74.96388753,34007.0,1329.1975256233825,5.303030303030303,6375,6663,352,0,6311,6645,507078,69,5,0,64,18
2020-06-05,US,New Jersey,Cape May,637,50,0,39.15008829,-74.80170244,34009.0,692.0979150142874,7.849293563579277,587,630,50,0,580,629,92560,7,0,0,7,1
2020-06-05,US,New Jersey,Cumberland,2531,86,0,39.37199394,-75.10712559,34011.0,1692.670888869569,3.397866455946266,2445,2469,79,0,2390,2431,150972,62,7,0,55,38
2020-06-05,US,New Jersey,Essex,18019,1702,0,40.78681335,-74.24657979,34013.0,2255.264557714572,9.44558521560575,16317,17912,1694,0,16218,17813,799767,107,8,0,99,99
2020-06-05,US,New Jersey,Gloucester,2310,151,0,39.71581067,-75.13995546,34015.0,792.0832818993539,6.536796536796538,2159,2290,150,0,2140,2278,291408,20,1,0,19,12
2020-06-05,US,New Jersey,Hudson,18875,1205,0,40.73766234,-74.07515667,34017.0,2807.1464371176894,6.384105960264901,17670,18875,1199,0,17676,18852,676061,0,6,0,-6,23
2020-06-05,US,New Jersey,Hunterdon,1015,62,0,40.56335249,-74.91284156,34019.0,816.1066486560371,6.108374384236453,953,1009,61,0,948,1006,124714,6,1,0,5,3
2020-06-05,US,New Jersey,Mercer,7120,499,0,40.28047017,-74.70479631,34021.0,1937.7840677135778,7.008426966292134,6621,7072,492,0,6580,7033,369811,48,7,0,41,39
2020-06-05,US,New Jersey,Middlesex,16137,1025,0,40.43629879,-74.41426991,34023.0,1955.853014682533,6.351862180083039,15112,16072,1015,0,15057,16066,829685,65,10,0,55,6
2020-06-05,US,New Jersey,Monmouth,8428,630,0,40.26549699,-74.22240686,34025.0,1362.0019554133435,7.4750830564784065,7798,8379,627,0,7752,8332,621354,49,3,0,46,47
2020-06-05,US,New Jersey,Morris,6572,625,0,40.86095313,-74.54553709999998,34027.0,1336.1933129339527,9.510042604990868,5947,6548,622,0,5926,6540,494228,24,3,0,21,8
2020-06-05,US,New Jersey,Ocean,8954,765,0,39.8895449,-74.28089251,34029.0,1474.6716821534094,8.543667634576725,8189,8900,763,0,8137,8853,601651,54,2,0,52,47
2020-06-05,US,New Jersey,Passaic,16387,957,0,41.03238628,-74.29954144,34031.0,3265.474487172845,5.839995118081406,15430,16311,954,0,15357,16277,503310,76,3,0,73,34
2020-06-05,US,New Jersey,Salem,665,49,0,39.58719656,-75.34696629999998,34033.0,1065.9613689188106,7.36842105263158,616,659,46,0,613,653,62607,6,3,0,3,6
2020-06-05,US,New Jersey,Somerset,4651,424,0,40.56465737,-74.61683016,34035.0,1413.9614633938725,9.11631907116749,4227,4626,423,0,4203,4619,331164,25,1,0,24,7
2020-06-05,US,New Jersey,Sussex,1155,149,0,41.13891592,-74.69118243,34037.0,822.1342748135072,12.900432900432902,1006,1131,149,0,982,1128,140799,24,0,0,24,3
2020-06-05,US,New Jersey,Unassigned,403,0,0,0.0,0.0,90034.0,0.0,0.0,403,426,0,0,426,460,,-23,0,0,-23,-34
2020-06-05,US,New Jersey,Union,16038,1092,0,40.65835409,-74.30680092,34039.0,2882.7643477651286,6.808829031051253,14946,15953,1088,0,14865,15911,558067,85,4,0,81,42
2020-06-05,US,New Jersey,Warren,1189,132,0,40.85951833,-74.99556527,34041.0,1129.5087729297882,11.101766190075693,1057,1186,132,0,1054,1182,105779,3,0,0,3,4
2020-06-05,US,New Mexico,Bernalillo,1559,74,0,35.05163625,-106.6703554,35001.0,229.56144781268728,4.746632456703014,1485,1543,73,0,1470,1524,678701,16,1,0,15,19
2020-06-05,US,New Mexico,Catron,2,1,0,33.91514144,-108.4046587,35003.0,56.70541536716757,50.0,1,2,1,0,1,2,3578,0,0,0,0,0
2020-06-05,US,New Mexico,Chaves,50,2,0,33.36406072,-104.4665365,35005.0,77.3814129846011,4.0,48,51,2,0,49,50,64689,-1,0,0,-1,1
2020-06-05,US,New Mexico,Cibola,152,6,0,34.91131525,-107.998876,35006.0,569.821930646673,3.947368421052632,146,148,6,0,142,147,26746,4,0,0,4,1
2020-06-05,US,New Mexico,Colfax,5,0,0,36.60569702,-104.64726740000002,35007.0,41.87253998827568,0.0,5,5,0,0,5,5,12110,0,0,0,0,0
2020-06-05,US,New Mexico,Curry,62,0,0,34.57421077,-103.34688759999999,35009.0,126.64950770110715,0.0,62,57,0,0,57,56,49437,5,0,0,5,1
2020-06-05,US,New Mexico,Dona Ana,535,3,0,32.35275771,-106.83293870000001,35013.0,245.19351955819337,0.5607476635514018,532,509,3,0,506,488,217522,26,0,0,26,21
2020-06-05,US,New Mexico,Eddy,28,1,0,32.47167456,-104.3053527,35015.0,47.89599726308587,3.571428571428572,27,26,1,0,25,23,57900,2,0,0,2,3
2020-06-05,US,New Mexico,Grant,15,0,0,32.73911281,-108.3827845,35017.0,55.55967108674717,0.0,15,15,0,0,15,15,27346,0,0,0,0,0
2020-06-05,US,New Mexico,Guadalupe,20,0,0,34.86319296,-104.790669,35019.0,465.11627906976736,0.0,20,20,0,0,20,20,4341,0,0,0,0,0
2020-06-05,US,New Mexico,Harding,1,0,0,35.85751555,-103.82209379999999,35021.0,160.0,0.0,1,1,0,0,1,1,655,0,0,0,0,0
2020-06-05,US,New Mexico,Hidalgo,1,0,0,31.91383467,-108.7151824,35023.0,23.820867079561697,0.0,1,1,0,0,1,1,4240,0,0,0,0,0
2020-06-05,US,New Mexico,Lea,29,0,0,32.79215361,-103.4123733,35025.0,40.804840298297464,0.0,29,26,0,0,26,26,69611,3,0,0,3,0
2020-06-05,US,New Mexico,Lincoln,5,0,0,33.74526079,-105.4586166,35027.0,25.546699366441857,0.0,5,5,0,0,5,5,19556,0,0,0,0,0
2020-06-05,US,New Mexico,Los Alamos,6,0,0,35.86631386,-106.31349850000001,35028.0,30.977334916619338,0.0,6,6,0,0,6,6,19101,0,0,0,0,0
2020-06-05,US,New Mexico,Luna,11,1,0,32.18179341,-107.75088259999998,35029.0,46.395883419798395,9.090909090909092,10,9,1,0,8,10,23963,2,0,0,2,-1
2020-06-05,US,New Mexico,McKinley,2617,125,0,35.58007720000001,-108.262245,35031.0,3666.96092031331,4.776461597248758,2492,2542,124,0,2418,2515,72290,75,1,0,74,27
2020-06-05,US,New Mexico,Otero,25,4,0,32.61348406,-105.7417604,35035.0,37.04252481849163,16.0,21,23,3,0,20,22,66781,2,1,0,1,1
2020-06-05,US,New Mexico,Quay,5,1,0,35.10403332,-103.54817270000001,35037.0,60.5840300496789,20.0,4,5,1,0,4,5,8253,0,0,0,0,0
2020-06-05,US,New Mexico,Rio Arriba,54,1,0,36.51072137,-106.69316740000001,35039.0,138.74258112587034,1.851851851851852,53,52,1,0,51,52,39006,2,0,0,2,0
2020-06-05,US,New Mexico,Roosevelt,42,0,0,34.02097406,-103.4799493,35041.0,227.027027027027,0.0,42,42,0,0,42,41,18743,0,0,0,0,1
2020-06-05,US,New Mexico,San Juan,1893,130,0,36.50838318,-108.32043700000001,35045.0,1527.1301569886575,6.867406233491813,1763,1842,129,0,1713,1821,125043,51,1,0,50,21
2020-06-05,US,New Mexico,San Miguel,15,0,0,35.48014807,-104.8163562,35047.0,54.99138468306632,0.0,15,15,0,0,15,15,27591,0,0,0,0,0
2020-06-05,US,New Mexico,Sandoval,579,27,0,35.68862401,-106.86878030000001,35043.0,394.5539291847248,4.66321243523316,552,578,27,0,551,575,145179,1,0,0,1,3
2020-06-05,US,New Mexico,Santa Fe,150,3,0,35.50708973,-105.9774716,35049.0,99.76190159486026,2.0,147,150,3,0,147,150,150056,0,0,0,0,0
2020-06-05,US,New Mexico,Sierra,1,0,0,33.13028233,-107.1925893,35051.0,9.266981744045964,0.0,1,1,0,0,1,1,10968,0,0,0,0,0
2020-06-05,US,New Mexico,Socorro,54,5,0,34.00715494,-106.9298354,35053.0,324.577748392138,9.25925925925926,49,54,5,0,49,52,16735,0,0,0,0,2
2020-06-05,US,New Mexico,Taos,31,0,0,36.58006022,-105.63101979999999,35055.0,94.7345903492956,0.0,31,31,0,0,31,30,32835,0,0,0,0,1
2020-06-05,US,New Mexico,Torrance,34,1,0,34.64048375,-105.8508949,35057.0,219.90815600543306,2.9411764705882355,33,33,1,0,32,32,15591,1,0,0,1,1
2020-06-05,US,New Mexico,Unassigned,605,0,0,0.0,0.0,90035.0,0.0,0.0,605,477,0,0,477,367,,128,0,0,128,110
2020-06-05,US,New Mexico,Union,5,0,0,36.48126404,-103.4709624,35059.0,123.1830500123183,0.0,5,4,0,0,4,4,4118,1,0,0,1,0
2020-06-05,US,New Mexico,Valencia,81,2,0,34.71669834,-106.8103733,35061.0,105.62278322553725,2.469135802469136,79,80,2,0,78,79,76456,1,0,0,1,1
2020-06-05,US,New York,Albany,1941,112,0,42.60060306,-73.97723916,36001.0,635.339404136089,5.770221535291087,1829,1930,112,0,1818,1920,307117,11,0,0,11,10
2020-06-05,US,New York,Allegany,51,0,0,42.25748406,-78.02750466,36003.0,110.6506693280684,0.0,51,49,0,0,49,49,46430,2,0,0,2,0
2020-06-05,US,New York,Broome,605,52,0,42.15903158,-75.81326086,36007.0,317.60530847087483,8.59504132231405,553,593,45,0,548,589,191659,12,7,0,5,4
2020-06-05,US,New York,Cattaraugus,92,5,0,42.24778241,-78.67923096,36009.0,120.86656068946492,5.434782608695652,87,91,0,0,91,90,76840,1,5,0,-4,1
2020-06-05,US,New York,Cayuga,98,2,0,42.91261714,-76.55731592,36011.0,127.97743418303385,2.0408163265306123,96,96,1,0,95,96,77145,2,1,0,1,0
2020-06-05,US,New York,Chautauqua,97,4,0,42.22769210000001,-79.36691763,36013.0,76.43633326241303,4.123711340206185,93,95,4,0,91,89,127939,2,0,0,2,6
2020-06-05,US,New York,Chemung,137,2,0,42.13891056,-76.7638805,36015.0,164.15835889570553,1.45985401459854,135,137,1,0,136,137,84254,0,1,0,-1,0
2020-06-05,US,New York,Chenango,133,5,0,42.49430041,-75.60887553,36017.0,281.7378778570975,3.7593984962406015,128,133,0,0,133,133,47536,0,5,0,-5,0
2020-06-05,US,New York,Clinton,97,4,0,44.74530905,-73.67875352,36019.0,120.51935143194383,4.123711340206185,93,97,4,0,93,97,80695,0,0,0,0,0
2020-06-05,US,New York,Columbia,411,34,0,42.24819348,-73.63089095,36021.0,691.2093641210205,8.27250608272506,377,400,34,0,366,399,59916,11,0,0,11,1
2020-06-05,US,New York,Cortland,41,0,0,42.59509207,-76.07048931,36023.0,86.16884891027931,0.0,41,41,0,0,41,41,47823,0,0,0,0,0
2020-06-05,US,New York,Delaware,84,4,0,42.19837623,-74.96709306,36025.0,190.32513877874703,4.761904761904762,80,82,4,0,78,82,44527,2,0,0,2,0
2020-06-05,US,New York,Dutchess,3984,142,0,41.76486060000001,-73.74356679,36027.0,1354.0979817686205,3.5642570281124497,3842,3962,142,0,3820,3951,293718,22,0,0,22,11
2020-06-05,US,New York,Erie,6359,549,0,42.76249024,-78.73063652,36029.0,692.1722168886103,8.63343292970593,5810,6308,549,0,5759,6234,919719,51,0,0,51,74
2020-06-05,US,New York,Essex,38,0,0,44.11630765,-73.77297842,36031.0,103.02290904161585,0.0,38,38,0,0,38,38,37300,0,0,0,0,0
2020-06-05,US,New York,Franklin,23,0,0,44.59040891,-74.29926032,36033.0,45.97976890168325,0.0,23,23,0,0,23,23,50293,0,0,0,0,0
2020-06-05,US,New York,Fulton,219,24,0,43.11363907,-74.41798804,36035.0,410.24296124234314,10.958904109589039,195,215,18,0,197,213,53591,4,6,0,-2,2
2020-06-05,US,New York,Genesee,205,5,0,43.0022601,-78.19135193,36037.0,357.89106145251395,2.4390243902439024,200,205,5,0,200,202,57511,0,0,0,0,3
2020-06-05,US,New York,Greene,242,18,0,42.275797,-74.12384884,36039.0,512.8422480291598,7.43801652892562,224,241,18,0,223,241,47491,1,0,0,1,0
2020-06-05,US,New York,Hamilton,5,0,0,43.66146647,-74.49721957,36041.0,113.22463768115942,0.0,5,5,0,0,5,5,4434,0,0,0,0,0
2020-06-05,US,New York,Herkimer,115,3,0,43.42034246,-74.96145307,36043.0,187.543828177237,2.608695652173913,112,113,3,0,110,113,61833,2,0,0,2,0
2020-06-05,US,New York,Jefferson,75,0,0,44.04200959,-75.94653457,36045.0,68.28486625270864,0.0,75,74,0,0,74,74,111755,1,0,0,1,0
2020-06-05,US,New York,Lewis,20,0,0,43.784415700000004,-75.44903992,36049.0,76.057195010648,0.0,20,20,0,0,20,20,26447,0,0,0,0,0
2020-06-05,US,New York,Livingston,121,7,0,42.72596275,-77.77966158,36051.0,192.32603236163646,5.785123966942148,114,120,7,0,113,120,63227,1,0,0,1,0
2020-06-05,US,New York,Madison,323,15,0,42.91653905,-75.67266639,36053.0,455.30793194344596,4.643962848297214,308,319,15,0,304,319,70795,4,0,0,4,0
2020-06-05,US,New York,Monroe,3117,230,0,43.14638895,-77.69322942,36055.0,420.2111166534101,7.3788899582932315,2887,3081,230,0,2851,3048,742474,36,0,0,36,33
2020-06-05,US,New York,Montgomery,96,4,0,42.90123494,-74.44011632,36057.0,195.03870299262508,4.166666666666667,92,96,4,0,92,94,49455,0,0,0,0,2
2020-06-05,US,New York,Nassau,40797,2132,0,40.74066522,-73.58941873,36059.0,3006.5795873608254,5.2258744515528095,38665,40713,2132,0,38581,40644,1358343,84,0,0,84,69
2020-06-05,US,New York,New York City,205940,21782,0,40.76727260000001,-73.97152637,36061.0,2470.247337802905,10.576867048654947,184158,205406,21752,0,183654,204872,1628701,534,30,0,504,534
2020-06-05,US,New York,Niagara,1099,70,0,43.19898042,-78.74777412,36063.0,525.1312828207052,6.369426751592357,1029,1085,70,0,1015,1067,210433,14,0,0,14,18
2020-06-05,US,New York,Oneida,1077,58,0,43.24375382,-75.43710392,36065.0,470.9823283232242,5.385329619312906,1019,1069,58,0,1011,1058,229577,8,0,0,8,11
2020-06-05,US,New York,Onondaga,2329,149,0,43.00491923,-76.19971155,36067.0,505.72386478129454,6.397595534564191,2180,2295,149,0,2146,2256,461809,34,0,0,34,39
2020-06-05,US,New York,Ontario,219,9,0,42.85145728,-77.30874425,36069.0,199.49534055403225,4.109589041095891,210,218,9,0,209,215,109864,1,0,0,1,3
2020-06-05,US,New York,Orange,10484,444,0,41.40337468,-74.30240757,36071.0,2723.5413311165366,4.235024799694773,10040,10471,444,0,10027,10460,381951,13,0,0,13,11
2020-06-05,US,New York,Orleans,247,41,0,43.2516977,-78.2320066,36073.0,612.1134020618558,16.59919028340081,206,247,41,0,206,246,40612,0,0,0,0,1
2020-06-05,US,New York,Oswego,112,3,0,43.42778894,-76.14635194,36075.0,95.62514941429596,2.6785714285714284,109,112,3,0,109,112,117898,0,0,0,0,0
2020-06-05,US,New York,Otsego,73,5,0,42.63492579,-75.03151402,36077.0,122.70351133746829,6.849315068493151,68,73,5,0,68,73,59749,0,0,0,0,0
2020-06-05,US,New York,Putnam,1270,60,0,41.42630093,-73.74965532,36079.0,1291.700569568755,4.724409448818896,1210,1268,60,0,1208,1264,98892,2,0,0,2,4
2020-06-05,US,New York,Rensselaer,497,28,0,42.71348136,-73.51089874,36083.0,313.14187784316437,5.633802816901407,469,495,28,0,467,495,159442,2,0,0,2,0
2020-06-05,US,New York,Rockland,13297,655,0,41.15027894,-74.02560498,36087.0,4081.47604738036,4.9259231405580195,12642,13280,655,0,12625,13259,325695,17,0,0,17,21
2020-06-05,US,New York,Saratoga,496,14,0,43.10904162,-73.86653895,36091.0,215.780704158564,2.8225806451612905,482,493,14,0,479,489,230163,3,0,0,3,4
2020-06-05,US,New York,Schenectady,706,30,0,42.81668777,-74.05278291,36093.0,454.6069195551806,4.2492917847025495,676,701,29,0,672,701,155350,5,1,0,4,0
2020-06-05,US,New York,Schoharie,51,0,0,42.58831742,-74.44339029999998,36095.0,164.52143617536052,0.0,51,51,0,0,51,51,31097,0,0,0,0,0
2020-06-05,US,New York,Schuyler,12,0,0,42.39184015,-76.8773299,36097.0,67.38922895490539,0.0,12,12,0,0,12,12,17912,0,0,0,0,0
2020-06-05,US,New York,Seneca,61,0,0,42.78081007,-76.82497064,36099.0,179.32737535277516,0.0,61,60,0,0,60,60,34300,1,0,0,1,0
2020-06-05,US,New York,St. Lawrence,207,2,0,44.4976179,-75.06550039,36089.0,192.12919992574717,0.966183574879227,205,207,2,0,205,206,108047,0,0,0,0,1
2020-06-05,US,New York,Steuben,246,41,0,42.2689144,-77.3829924,36101.0,257.9184097128299,16.666666666666668,205,245,41,0,204,243,95796,1,0,0,1,2
2020-06-05,US,New York,Suffolk,40239,1918,0,40.88320119,-72.8012172,36103.0,2725.109897663621,4.7665200427446015,38321,40153,1916,0,38237,40062,1481093,86,2,0,84,91
2020-06-05,US,New York,Sullivan,1409,31,0,41.71579493,-74.76394559,36105.0,1867.9075193551807,2.2001419446415897,1378,1405,31,0,1374,1393,75498,4,0,0,4,12
2020-06-05,US,New York,Tioga,134,22,0,42.16852837,-76.30835812,36107.0,277.99099641101174,16.417910447761194,112,133,22,0,111,133,48560,1,0,0,1,0
2020-06-05,US,New York,Tompkins,167,0,0,42.44945765,-76.47229843,36109.0,163.4370718340184,0.0,167,165,0,0,165,165,102793,2,0,0,2,0
2020-06-05,US,New York,Ulster,1711,77,0,41.89027881,-74.26252104,36111.0,963.5473861454162,4.5002922267679715,1634,1704,77,0,1627,1701,178599,7,0,0,7,3
2020-06-05,US,New York,Warren,256,28,0,43.56173026,-73.8433699,36113.0,400.35030651820335,10.9375,228,256,28,0,228,256,64265,0,0,0,0,0
2020-06-05,US,New York,Washington,240,13,0,43.31153794,-73.43043448,36115.0,392.13123325272863,5.416666666666668,227,238,13,0,225,238,61197,2,0,0,2,0
2020-06-05,US,New York,Wayne,122,3,0,43.15494365,-77.02976528,36117.0,135.6791743588603,2.459016393442623,119,121,3,0,118,120,90064,1,0,0,1,1
2020-06-05,US,New York,Westchester,33854,1389,0,41.16278376,-73.75741653,36119.0,3499.0997471850305,4.102912506646186,32465,33767,1385,0,32382,33691,967612,87,4,0,83,76
2020-06-05,US,New York,Wyoming,88,5,0,42.70145109,-78.22199579,36121.0,220.7782433076595,5.6818181818181825,83,87,5,0,82,87,40085,1,0,0,1,0
2020-06-05,US,New York,Yates,39,6,0,42.63505484,-77.10369919,36123.0,156.5447758198531,15.384615384615385,33,39,6,0,33,39,24841,0,0,0,0,0
2020-06-05,US,North Carolina,Alamance,458,30,0,36.0434701,-79.39976137,37001.0,270.1921431900371,6.5502183406113526,428,413,29,0,384,413,166436,45,1,0,44,0
2020-06-05,US,North Carolina,Alexander,38,0,0,35.922379600000006,-81.17751948,37003.0,101.34144064858522,0.0,38,38,0,0,38,38,37353,0,0,0,0,0
2020-06-05,US,North Carolina,Alleghany,27,0,0,36.49360862,-81.12857041,37005.0,242.4351261560564,0.0,27,24,0,0,24,24,11161,3,0,0,3,0
2020-06-05,US,North Carolina,Anson,70,1,0,34.97403241,-80.09953279,37007.0,286.3454143827211,1.4285714285714286,69,68,1,0,67,68,24877,2,0,0,2,0
2020-06-05,US,North Carolina,Ashe,39,0,0,36.43296207,-81.49862729,37009.0,143.36654045509687,0.0,39,39,0,0,39,37,27109,0,0,0,0,2
2020-06-05,US,North Carolina,Avery,3,0,0,36.07569796,-81.92308483,37011.0,17.087201685937234,0.0,3,2,0,0,2,2,17505,1,0,0,1,0
2020-06-05,US,North Carolina,Beaufort,43,0,0,35.48531943,-76.84325809,37013.0,91.50104268630038,0.0,43,39,0,0,39,36,47079,4,0,0,4,3
2020-06-05,US,North Carolina,Bertie,129,4,0,36.0688473,-76.96545943,37015.0,680.8465720166781,3.1007751937984502,125,127,4,0,123,126,19026,2,0,0,2,1
2020-06-05,US,North Carolina,Bladen,143,2,0,34.61296243,-78.56180059,37017.0,437.01485239288553,1.3986013986013983,141,132,2,0,130,106,33190,11,0,0,11,26
2020-06-05,US,North Carolina,Brunswick,131,3,0,34.070565,-78.22814204,37019.0,91.72384820053213,2.2900763358778624,128,115,3,0,112,110,136744,16,0,0,16,5
2020-06-05,US,North Carolina,Buncombe,382,30,0,35.61113393,-82.53305,37021.0,146.2531251076798,7.853403141361255,352,374,30,0,344,361,259103,8,0,0,8,13
2020-06-05,US,North Carolina,Burke,514,16,0,35.74989637,-81.70755735,37023.0,568.0499530308891,3.1128404669260696,498,497,16,0,481,477,90382,17,0,0,17,20
2020-06-05,US,North Carolina,Cabarrus,546,24,0,35.3877799,-80.55267168,37025.0,252.24875608099683,4.395604395604397,522,530,23,0,507,511,211342,16,1,0,15,19
2020-06-05,US,North Carolina,Caldwell,183,3,0,35.95204977,-81.54799522,37027.0,222.6873372435445,1.639344262295082,180,173,3,0,170,161,82029,10,0,0,10,12
2020-06-05,US,North Carolina,Camden,3,0,0,36.33804939,-76.15568396,37029.0,27.606515137572465,0.0,3,3,0,0,3,3,10710,0,0,0,0,0
2020-06-05,US,North Carolina,Carteret,39,3,0,34.8932941,-76.54120135,37031.0,56.13691649993522,7.6923076923076925,36,39,3,0,36,37,69524,0,0,0,0,2
2020-06-05,US,North Carolina,Caswell,94,1,0,36.39312665,-79.33353281,37033.0,415.8556007786232,1.0638297872340423,93,94,1,0,93,94,22698,0,0,0,0,0
2020-06-05,US,North Carolina,Catawba,278,9,0,35.66211129,-81.2132617,37035.0,174.23895807610108,3.2374100719424463,269,258,9,0,249,255,158652,20,0,0,20,3
2020-06-05,US,North Carolina,Chatham,690,29,0,35.70394416,-79.25541492,37037.0,926.5476030616356,4.202898550724638,661,677,27,0,650,660,73139,13,2,0,11,17
2020-06-05,US,North Carolina,Cherokee,30,1,0,35.1349263,-84.05970864,37039.0,104.85111142178108,3.333333333333333,29,30,1,0,29,30,28383,0,0,0,0,0
2020-06-05,US,North Carolina,Chowan,17,0,0,36.12908077,-76.60118385,37041.0,121.92498027684142,0.0,17,17,0,0,17,17,14029,0,0,0,0,0
2020-06-05,US,North Carolina,Clay,8,0,0,35.05704275,-83.74353633,37043.0,71.23141305315643,0.0,8,8,0,0,8,8,11139,0,0,0,0,0
2020-06-05,US,North Carolina,Cleveland,111,2,0,35.33553364,-81.55204486,37045.0,113.32659499525252,1.8018018018018016,109,109,2,0,107,109,97645,2,0,0,2,0
2020-06-05,US,North Carolina,Columbus,355,27,0,34.26744084,-78.65801424,37047.0,639.5474526194422,7.605633802816901,328,349,27,0,322,349,55655,6,0,0,6,0
2020-06-05,US,North Carolina,Craven,218,5,0,35.11833364,-77.08398081,37049.0,213.4346331959389,2.2935779816513757,213,216,5,0,211,210,102912,2,0,0,2,6
2020-06-05,US,North Carolina,Cumberland,754,25,0,35.04762133,-78.82623165,37051.0,224.7331666214617,3.3156498673740047,729,733,25,0,708,721,332330,21,0,0,21,12
2020-06-05,US,North Carolina,Currituck,15,0,0,36.36123664,-75.95876401,37053.0,54.028743291431034,0.0,15,15,0,0,15,14,27072,0,0,0,0,1
2020-06-05,US,North Carolina,Dare,22,1,0,35.66520691,-75.71767334,37055.0,59.44499986489773,4.545454545454546,21,22,1,0,21,22,36501,0,0,0,0,0
2020-06-05,US,North Carolina,Davidson,500,13,0,35.79115496,-80.21256572,37057.0,298.3133363960169,2.6,487,477,13,0,464,446,166614,23,0,0,23,31
2020-06-05,US,North Carolina,Davie,113,2,0,35.93099927,-80.54496571,37059.0,263.7352378285021,1.7699115044247788,111,107,2,0,105,105,42733,6,0,0,6,2
2020-06-05,US,North Carolina,Duplin,943,20,0,34.93449805,-77.93140529,37061.0,1605.3523092899338,2.1208907741251326,923,915,20,0,895,890,58856,28,0,0,28,25
2020-06-05,US,North Carolina,Durham,1921,49,0,36.03638492,-78.87608331,37063.0,597.5339670532026,2.5507548152004165,1872,1830,49,0,1781,1828,316739,91,0,0,91,2
2020-06-05,US,North Carolina,Edgecombe,216,9,0,35.91230639,-77.59436892,37065.0,419.64563257693504,4.166666666666667,207,214,9,0,205,210,52005,2,0,0,2,4
2020-06-05,US,North Carolina,Forsyth,1660,17,0,36.12859861,-80.25459052,37067.0,434.2196471311422,1.0240963855421688,1643,1560,17,0,1543,1517,379099,100,0,0,100,43
2020-06-05,US,North Carolina,Franklin,179,22,0,36.081519,-78.28708884,37069.0,256.87020162158285,12.290502793296088,157,169,22,0,147,167,67560,10,0,0,10,2
2020-06-05,US,North Carolina,Gaston,320,8,0,35.29373559,-81.17477045,37071.0,142.52056527219204,2.5,312,301,8,0,293,297,222846,19,0,0,19,4
2020-06-05,US,North Carolina,Gates,24,1,0,36.44667547,-76.69749701,37073.0,207.57654385054488,4.166666666666667,23,24,1,0,23,24,11573,0,0,0,0,0
2020-06-05,US,North Carolina,Graham,4,0,0,35.3506925,-83.83369267,37075.0,47.387750266556104,0.0,4,2,0,0,2,2,8484,2,0,0,2,0
2020-06-05,US,North Carolina,Granville,354,13,0,36.30337451,-78.65184241,37077.0,585.6757606339858,3.6723163841807906,341,324,12,0,312,324,60115,30,1,0,29,0
2020-06-05,US,North Carolina,Greene,88,2,0,35.48544173,-77.67578087,37079.0,417.6752574873036,2.272727272727273,86,84,2,0,82,81,21012,4,0,0,4,3
2020-06-05,US,North Carolina,Guilford,1508,75,0,36.07959451,-79.78824948,37081.0,280.72840457654314,4.973474801061008,1433,1445,71,0,1374,1415,533670,63,4,0,59,30
2020-06-05,US,North Carolina,Halifax,197,1,0,36.25669272,-77.6556109,37083.0,393.92121575684877,0.5076142131979695,196,197,1,0,196,197,50574,0,0,0,0,0
2020-06-05,US,North Carolina,Harnett,318,28,0,35.36731853,-78.87243571,37085.0,233.8647996705301,8.805031446540882,290,309,28,0,281,306,134214,9,0,0,9,3
2020-06-05,US,North Carolina,Haywood,55,0,0,35.55269063,-82.98196486,37087.0,88.25842065567984,0.0,55,55,0,0,55,53,61971,0,0,0,0,2
2020-06-05,US,North Carolina,Henderson,360,47,0,35.33788927,-82.4766782,37089.0,306.5995554306446,13.055555555555555,313,354,47,0,307,352,116748,6,0,0,6,2
2020-06-05,US,North Carolina,Hertford,133,3,0,36.3607755,-76.98104134,37091.0,561.726570089116,2.255639097744361,130,132,3,0,129,132,23659,1,0,0,1,0
2020-06-05,US,North Carolina,Hoke,262,1,0,35.01888303,-79.23651674,37093.0,474.3455118224282,0.3816793893129771,261,259,1,0,258,255,54764,3,0,0,3,4
2020-06-05,US,North Carolina,Hyde,2,0,0,35.42017674,-76.15180542,37095.0,40.51043143609479,0.0,2,1,0,0,1,1,5230,1,0,0,1,0
2020-06-05,US,North Carolina,Iredell,301,6,0,35.80950511,-80.8743128,37097.0,165.56109259320377,1.9933554817275747,295,289,6,0,283,280,178435,12,0,0,12,9
2020-06-05,US,North Carolina,Jackson,38,1,0,35.28814273,-83.14093385,37099.0,86.48550229869362,2.631578947368421,37,38,1,0,37,38,43327,0,0,0,0,0
2020-06-05,US,North Carolina,Johnston,554,23,0,35.51745004,-78.36622717,37101.0,264.64251763885375,4.151624548736463,531,519,23,0,496,513,202675,35,0,0,35,6
2020-06-05,US,North Carolina,Jones,28,3,0,35.02254606,-77.35870791,37103.0,297.271472555473,10.714285714285714,25,28,3,0,25,28,9637,0,0,0,0,0
2020-06-05,US,North Carolina,Lee,505,4,0,35.47623147,-79.17569362,37105.0,817.4298709917608,0.7920792079207921,501,490,4,0,486,486,61452,15,0,0,15,4
2020-06-05,US,North Carolina,Lenoir,229,7,0,35.24032589999999,-77.64245615,37107.0,409.3013279951384,3.056768558951965,222,222,7,0,215,222,55976,7,0,0,7,0
2020-06-05,US,North Carolina,Lincoln,93,0,0,35.48508185,-81.21740317,37109.0,108.00013935501852,0.0,93,87,0,0,87,78,83770,6,0,0,6,9
2020-06-05,US,North Carolina,Macon,119,1,0,35.14867843,-83.41696617,37113.0,331.8645769423838,0.8403361344537815,118,98,1,0,97,89,35285,21,0,0,21,9
2020-06-05,US,North Carolina,Madison,4,0,0,35.85402722,-82.71346418,37115.0,18.38657779820731,0.0,4,4,0,0,4,4,21763,0,0,0,0,0
2020-06-05,US,North Carolina,Martin,74,4,0,35.84326734,-77.10860251,37117.0,329.7682709447415,5.405405405405406,70,74,4,0,70,74,22671,0,0,0,0,0
2020-06-05,US,North Carolina,McDowell,86,1,0,35.67736232,-82.0482425,37111.0,187.95349243815016,1.162790697674419,85,82,1,0,81,82,45507,4,0,0,4,0
2020-06-05,US,North Carolina,Mecklenburg,5057,102,0,35.24469268,-80.8317671,37119.0,455.43951669554633,2.0170061301166697,4955,4842,102,0,4740,4670,1093901,215,0,0,215,172
2020-06-05,US,North Carolina,Mitchell,17,0,0,36.01059309,-82.1582442,37121.0,113.60598770382249,0.0,17,16,0,0,16,15,15000,1,0,0,1,1
2020-06-05,US,North Carolina,Montgomery,162,5,0,35.33155144,-79.90416657,37123.0,596.1800316490634,3.08641975308642,157,162,5,0,157,162,27271,0,0,0,0,0
2020-06-05,US,North Carolina,Moore,248,11,0,35.30885257,-79.48474178,37125.0,245.83663758921486,4.435483870967742,237,241,11,0,230,235,98682,7,0,0,7,6
2020-06-05,US,North Carolina,Nash,223,4,0,35.96575634,-77.98422508,37127.0,236.48433688943558,1.7937219730941705,219,218,4,0,214,213,94016,5,0,0,5,5
2020-06-05,US,North Carolina,New Hanover,230,5,0,34.25758282,-77.87075626,37129.0,98.09231766557345,2.1739130434782608,225,225,5,0,220,225,232274,5,0,0,5,0
2020-06-05,US,North Carolina,Northampton,165,14,0,36.41736238,-77.39769443,37131.0,846.8921623979879,8.484848484848484,151,165,14,0,151,165,19676,0,0,0,0,0
2020-06-05,US,North Carolina,Onslow,120,2,0,34.72607366,-77.42908179,37133.0,60.62504420576139,1.6666666666666667,118,117,2,0,115,114,197683,3,0,0,3,3
2020-06-05,US,North Carolina,Orange,377,40,0,36.06092947,-79.12167935,37135.0,253.9130903310973,10.610079575596817,337,370,40,0,330,364,146027,7,0,0,7,6
2020-06-05,US,North Carolina,Pamlico,10,0,0,35.15253315,-76.66559823,37137.0,78.57928650007858,0.0,10,10,0,0,10,10,12670,0,0,0,0,0
2020-06-05,US,North Carolina,Pasquotank,117,13,0,36.26723798,-76.25134778,37139.0,293.7926878264363,11.111111111111109,104,115,13,0,102,112,39639,2,0,0,2,3
2020-06-05,US,North Carolina,Pender,98,1,0,34.52265624,-77.90352133,37141.0,155.40754836663496,1.020408163265306,97,93,1,0,92,93,62162,5,0,0,5,0
2020-06-05,US,North Carolina,Perquimans,26,2,0,36.17847453,-76.40603143,37143.0,193.12188962341236,7.6923076923076925,24,25,2,0,23,25,13422,1,0,0,1,0
2020-06-05,US,North Carolina,Person,57,1,0,36.38989032,-78.97217358,37145.0,144.34033932641174,1.7543859649122806,56,55,1,0,54,54,39507,2,0,0,2,1
2020-06-05,US,North Carolina,Pitt,332,2,0,35.59535426,-77.37353178,37147.0,183.68724480198293,0.6024096385542169,330,326,2,0,324,321,179914,6,0,0,6,5
2020-06-05,US,North Carolina,Polk,45,4,0,35.27820615,-82.16812354,37149.0,217.13954834973944,8.888888888888891,41,43,4,0,39,39,20611,2,0,0,2,4
2020-06-05,US,North Carolina,Randolph,751,14,0,35.71015088,-79.80570339,37151.0,522.7366061795681,1.8641810918774968,737,730,14,0,716,728,143351,21,0,0,21,2
2020-06-05,US,North Carolina,Richmond,180,3,0,35.00417719,-79.74491009,37153.0,401.52579803252365,1.6666666666666667,177,171,3,0,168,170,44887,9,0,0,9,1
2020-06-05,US,North Carolina,Robeson,905,26,0,34.64244496,-79.10250529999998,37155.0,692.8229665071772,2.8729281767955803,879,905,26,0,879,885,131831,0,0,0,0,20
2020-06-05,US,North Carolina,Rockingham,106,2,0,36.39593137,-79.77504841,37157.0,116.47071750357105,1.8867924528301887,104,103,2,0,101,102,90690,3,0,0,3,1
2020-06-05,US,North Carolina,Rowan,720,38,0,35.64003916,-80.52446628,37159.0,506.7282247621192,5.277777777777779,682,707,38,0,669,688,141262,13,0,0,13,19
2020-06-05,US,North Carolina,Rutherford,191,7,0,35.40114178,-81.92112099,37161.0,284.9512897402617,3.6649214659685865,184,188,7,0,181,186,66826,3,0,0,3,2
2020-06-05,US,North Carolina,Sampson,553,4,0,34.98820368,-78.36914061,37163.0,870.4412019329146,0.7233273056057866,549,531,4,0,527,510,63626,22,0,0,22,21
2020-06-05,US,North Carolina,Scotland,90,0,0,34.8386299,-79.4757978,37165.0,258.4498750825604,0.0,90,89,0,0,89,87,34810,1,0,0,1,2
2020-06-05,US,North Carolina,Stanly,103,4,0,35.31647813,-80.25093221,37167.0,163.99707034359776,3.8834951456310685,99,96,4,0,92,92,62075,7,0,0,7,4
2020-06-05,US,North Carolina,Stokes,81,0,0,36.4017975,-80.23893369,37169.0,177.66664473251302,0.0,81,79,0,0,79,75,45467,2,0,0,2,4
2020-06-05,US,North Carolina,Surry,269,2,0,36.41689489,-80.69102283,37171.0,374.7405374531575,0.7434944237918215,267,251,2,0,249,231,71948,18,0,0,18,20
2020-06-05,US,North Carolina,Swain,22,0,0,35.48665845,-83.48748932,37173.0,154.15878354705347,0.0,22,21,0,0,21,21,14245,1,0,0,1,0
2020-06-05,US,North Carolina,Transylvania,16,1,0,35.20383864,-82.79638423,37175.0,46.531917987494545,6.25,15,15,1,0,14,15,34215,1,0,0,1,0
2020-06-05,US,North Carolina,Tyrrell,4,0,0,35.87147226,-76.17055253,37177.0,99.60159362549801,0.0,4,4,0,0,4,4,4131,0,0,0,0,0
2020-06-05,US,North Carolina,Union,540,21,0,34.98960527,-80.52955873,37179.0,225.1322652058084,3.888888888888889,519,533,21,0,512,506,235908,7,0,0,7,27
2020-06-05,US,North Carolina,Vance,351,25,0,36.36880673,-78.40670845,37181.0,788.1441562815762,7.1225071225071215,326,344,25,0,319,337,44582,7,0,0,7,7
2020-06-05,US,North Carolina,Wake,2067,40,0,35.78879266,-78.65249174,37183.0,185.92125465815045,1.935171746492501,2027,1977,40,0,1937,1901,1092305,90,0,0,90,76
2020-06-05,US,North Carolina,Warren,82,2,0,36.39728256,-78.10652228,37185.0,415.58968121230555,2.4390243902439024,80,72,2,0,70,70,19807,10,0,0,10,2
2020-06-05,US,North Carolina,Washington,32,3,0,35.83810081,-76.57299037,37187.0,276.33851468048357,9.375,29,32,3,0,29,32,11859,0,0,0,0,0
2020-06-05,US,North Carolina,Watauga,37,0,0,36.23103603,-81.70033724,37189.0,65.86325364473004,0.0,37,35,0,0,35,31,55945,2,0,0,2,4
2020-06-05,US,North Carolina,Wayne,1240,20,0,35.36438125,-78.00027268,37191.0,1007.0575241003484,1.6129032258064515,1220,1212,20,0,1192,1188,123248,28,0,0,28,24
2020-06-05,US,North Carolina,Wilkes,504,6,0,36.2084135,-81.16232895,37193.0,736.7128573934398,1.1904761904761905,498,502,6,0,496,500,68557,2,0,0,2,2
2020-06-05,US,North Carolina,Wilson,413,11,0,35.70625477,-77.917978,37195.0,504.88380337648687,2.6634382566585955,402,403,11,0,392,384,81455,10,0,0,10,19
2020-06-05,US,North Carolina,Yadkin,208,3,0,36.16222629,-80.66239436,37197.0,552.2075025884727,1.4423076923076923,205,203,3,0,200,203,37543,5,0,0,5,0
2020-06-05,US,North Carolina,Yancey,18,0,0,35.90079156,-82.31237181,37199.0,99.61813049975096,0.0,18,18,0,0,18,18,17903,0,0,0,0,0
2020-06-05,US,North Dakota,Barnes,6,0,0,46.93579637,-98.06605978,38003.0,57.60921747479597,0.0,6,6,0,0,6,5,10542,0,0,0,0,1
2020-06-05,US,North Dakota,Benson,1,0,0,48.0683985,-99.35916363,38005.0,14.637002341920375,0.0,1,1,0,0,1,1,6962,0,0,0,0,0
2020-06-05,US,North Dakota,Bottineau,3,0,0,48.79106111,-100.8378166,38009.0,47.75549188156638,0.0,3,3,0,0,3,2,6411,0,0,0,0,1
2020-06-05,US,North Dakota,Bowman,1,0,0,46.11285362,-103.5203343,38011.0,33.06878306878307,0.0,1,1,0,0,1,1,3076,0,0,0,0,0
2020-06-05,US,North Dakota,Burke,5,0,0,48.79094471,-102.51821170000001,38013.0,236.40661938534282,0.0,5,5,0,0,5,5,2100,0,0,0,0,0
2020-06-05,US,North Dakota,Burleigh,135,0,0,46.97847375,-100.46452140000001,38015.0,141.17499424842615,0.0,135,134,0,0,134,132,95273,1,0,0,1,2
2020-06-05,US,North Dakota,Cass,1834,59,0,46.93201724,-97.24447190000001,38017.0,1008.1188195005581,3.2170119956379497,1775,1803,55,0,1748,1783,181516,31,4,0,27,20
2020-06-05,US,North Dakota,Dickey,1,0,0,46.11017712,-98.50490079999999,38021.0,20.52545155993432,0.0,1,1,0,0,1,1,4903,0,0,0,0,0
2020-06-05,US,North Dakota,Divide,1,0,0,48.814938700000006,-103.48736109999999,38023.0,44.16961130742049,0.0,1,1,0,0,1,1,2283,0,0,0,0,0
2020-06-05,US,North Dakota,Dunn,11,0,0,47.35423935,-102.61604679999999,38025.0,248.64376130198917,0.0,11,11,0,0,11,11,4332,0,0,0,0,0
2020-06-05,US,North Dakota,Eddy,4,0,0,47.71701474,-98.90432337,38027.0,174.90161783996498,0.0,4,4,0,0,4,4,2313,0,0,0,0,0
2020-06-05,US,North Dakota,Emmons,4,1,0,46.28398398,-100.2389766,38029.0,123.41869793273679,25.0,3,4,1,0,3,4,3295,0,0,0,0,0
2020-06-05,US,North Dakota,Foster,1,0,0,47.457108399999996,-98.88279923,38031.0,31.152647975077887,0.0,1,1,0,0,1,1,3216,0,0,0,0,0
2020-06-05,US,North Dakota,Grand Forks,336,4,0,47.92093639,-97.45450447,38035.0,483.79432981526537,1.1904761904761905,332,336,3,0,333,336,70770,0,1,0,-1,0
2020-06-05,US,North Dakota,Grant,2,0,0,46.35821257,-101.63900129999999,38037.0,87.95074758135445,0.0,2,2,0,0,2,2,2374,0,0,0,0,0
2020-06-05,US,North Dakota,Griggs,1,0,0,47.45785838,-98.23850925,38039.0,44.822949350067226,0.0,1,1,0,0,1,1,2232,0,0,0,0,0
2020-06-05,US,North Dakota,McHenry,2,1,0,48.23104458,-100.6324822,38049.0,34.81288076588338,50.0,1,2,1,0,1,2,5816,0,0,0,0,0
2020-06-05,US,North Dakota,McIntosh,1,0,0,46.11182017,-99.44145858,38051.0,40.04805766920305,0.0,1,1,0,0,1,1,2585,0,0,0,0,0
2020-06-05,US,North Dakota,McKenzie,18,0,0,47.74133370000001,-103.395905,38053.0,119.8083067092652,0.0,18,17,0,0,17,17,13632,1,0,0,1,0
2020-06-05,US,North Dakota,McLean,7,0,0,47.60766714,-101.3182418,38055.0,74.07407407407408,0.0,7,7,0,0,7,7,9541,0,0,0,0,0
2020-06-05,US,North Dakota,Mercer,6,0,0,47.31213126,-101.8318399,38057.0,73.28691828508613,0.0,6,5,0,0,5,5,8267,1,0,0,1,0
2020-06-05,US,North Dakota,Morton,60,2,0,46.71681782,-101.2822377,38059.0,191.3021298303788,3.333333333333333,58,60,2,0,58,60,31095,0,0,0,0,0
2020-06-05,US,North Dakota,Mountrail,42,0,0,48.20197971,-102.3555315,38061.0,398.29302987197724,0.0,42,42,0,0,42,41,10218,0,0,0,0,1
2020-06-05,US,North Dakota,Nelson,1,0,0,47.9226426,-98.19038437,38063.0,34.734282737061484,0.0,1,1,0,0,1,1,2869,0,0,0,0,0
2020-06-05,US,North Dakota,Oliver,1,0,0,47.11530482,-101.3406158,38065.0,51.046452271567134,0.0,1,1,0,0,1,1,1952,0,0,0,0,0
2020-06-05,US,North Dakota,Pembina,6,0,0,48.76623521,-97.5523809,38067.0,88.2223202470225,0.0,6,6,0,0,6,6,6947,0,0,0,0,0
2020-06-05,US,North Dakota,Pierce,3,0,0,48.24977025,-99.96407787,38069.0,75.47169811320755,0.0,3,3,0,0,3,3,4081,0,0,0,0,0
2020-06-05,US,North Dakota,Ramsey,8,1,0,48.26886249,-98.72223879,38071.0,69.4504731313482,12.5,7,8,1,0,7,8,11481,0,0,0,0,0
2020-06-05,US,North Dakota,Ransom,11,0,0,46.45621782,-97.65742504,38073.0,210.80873898045232,0.0,11,11,0,0,11,11,5237,0,0,0,0,0
2020-06-05,US,North Dakota,Renville,3,0,0,48.71982533,-101.6603912,38075.0,128.92135797163732,0.0,3,3,0,0,3,3,2374,0,0,0,0,0
2020-06-05,US,North Dakota,Richland,24,0,0,46.26440649,-96.94852979,38077.0,148.35878098534957,0.0,24,23,0,0,23,22,16239,1,0,0,1,1
2020-06-05,US,North Dakota,Rolette,6,0,0,48.77245354,-99.84097493,38079.0,42.32505643340858,0.0,6,6,0,0,6,6,14301,0,0,0,0,0
2020-06-05,US,North Dakota,Sargent,4,0,0,46.10830372,-97.63217159,38081.0,102.6167265264238,0.0,4,4,0,0,4,3,3870,0,0,0,0,1
2020-06-05,US,North Dakota,Sioux,2,0,0,46.11323337,-101.04401490000001,38085.0,47.28132387706856,0.0,2,1,0,0,1,1,4358,1,0,0,1,0
2020-06-05,US,North Dakota,Slope,3,0,0,46.44737738,-103.4601547,38087.0,400.0,0.0,3,3,0,0,3,3,763,0,0,0,0,0
2020-06-05,US,North Dakota,Stark,62,2,0,46.80851182,-102.65763259999999,38089.0,196.89415351392552,3.2258064516129035,60,62,2,0,60,62,30997,0,0,0,0,0
2020-06-05,US,North Dakota,Steele,1,0,0,47.45611548,-97.72728747,38091.0,52.91005291005291,0.0,1,1,0,0,1,1,1903,0,0,0,0,0
2020-06-05,US,North Dakota,Stutsman,30,0,0,46.97962541,-98.95637318,38093.0,144.89953632148374,0.0,30,29,0,0,29,29,20917,1,0,0,1,0
2020-06-05,US,North Dakota,Traill,14,0,0,47.45367788,-97.16323288,38097.0,174.21602787456445,0.0,14,14,0,0,14,14,8037,0,0,0,0,0
2020-06-05,US,North Dakota,Walsh,15,0,0,48.36876964,-97.72574783,38099.0,140.96419509444598,0.0,15,15,0,0,15,15,10667,0,0,0,0,0
2020-06-05,US,North Dakota,Ward,41,1,0,48.22390169,-101.54367629999999,38101.0,60.61412456941795,2.4390243902439024,40,39,1,0,38,39,67744,2,0,0,2,0
2020-06-05,US,North Dakota,Wells,3,0,0,47.58614526,-99.65904998,38103.0,78.24726134585289,0.0,3,3,0,0,3,3,3957,0,0,0,0,0
2020-06-05,US,North Dakota,Williams,25,0,0,48.34522353,-103.4793387,38105.0,66.5088190694086,0.0,25,25,0,0,25,25,35350,0,0,0,0,0
2020-06-05,US,Ohio,Adams,11,1,0,38.84541072,-83.4718964,39001.0,39.714058776806986,9.090909090909092,10,11,1,0,10,10,27724,0,0,0,0,1
2020-06-05,US,Ohio,Allen,221,33,0,40.77285242,-84.10802343,39003.0,215.92363533331383,14.932126696832581,188,219,33,0,186,214,102663,2,0,0,2,5
2020-06-05,US,Ohio,Ashland,23,0,0,40.84772277,-82.27280781,39005.0,43.00351506992745,0.0,23,21,0,0,21,21,53745,2,0,0,2,0
2020-06-05,US,Ohio,Ashtabula,369,38,0,41.70860332,-80.74830218,39007.0,379.469565306815,10.29810298102981,331,347,38,0,309,345,97493,22,0,0,22,2
2020-06-05,US,Ohio,Athens,18,1,0,39.33425634,-82.04278644,39009.0,27.5536914292712,5.5555555555555545,17,18,1,0,17,18,65818,0,0,0,0,0
2020-06-05,US,Ohio,Auglaize,77,3,0,40.55998859,-84.22421429999999,39011.0,168.6525319782723,3.8961038961038965,74,77,3,0,74,76,45804,0,0,0,0,1
2020-06-05,US,Ohio,Belmont,449,15,0,40.01625942,-80.9924051,39013.0,670.0892457391875,3.3407572383073503,434,447,15,0,432,439,67505,2,0,0,2,8
2020-06-05,US,Ohio,Brown,31,1,0,38.93416837,-83.86788395,39015.0,71.3759440044207,3.2258064516129035,30,30,1,0,29,30,43602,1,0,0,1,0
2020-06-05,US,Ohio,Butler,975,32,0,39.44012838,-84.57388716,39017.0,254.48015576795586,3.282051282051282,943,948,32,0,916,933,382378,27,0,0,27,15
2020-06-05,US,Ohio,Carroll,35,3,0,40.578968599999996,-81.09178213,39019.0,130.04384335290183,8.571428571428571,32,34,3,0,31,31,27081,1,0,0,1,3
2020-06-05,US,Ohio,Champaign,28,1,0,40.13923427,-83.76875242,39021.0,72.007200720072,3.571428571428572,27,28,1,0,27,28,38754,0,0,0,0,0
2020-06-05,US,Ohio,Clark,323,7,0,39.91592258,-83.78498252,39023.0,240.89556468754432,2.1671826625387,316,313,7,0,306,306,134585,10,0,0,10,7
2020-06-05,US,Ohio,Clermont,219,5,0,39.04847534,-84.15375786,39025.0,106.09025907338152,2.2831050228310503,214,218,5,0,213,216,205466,1,0,0,1,2
2020-06-05,US,Ohio,Clinton,47,1,0,39.41485808,-83.80852286,39027.0,111.99008768585587,2.127659574468085,46,45,1,0,44,45,42057,2,0,0,2,0
2020-06-05,US,Ohio,Columbiana,894,53,0,40.76932373,-80.78094576,39029.0,877.4771060922823,5.92841163310962,841,891,52,0,839,889,102665,3,1,0,2,2
2020-06-05,US,Ohio,Coshocton,48,0,0,40.30096166,-81.91729018,39031.0,131.14754098360658,0.0,48,45,0,0,45,40,36629,3,0,0,3,5
2020-06-05,US,Ohio,Crawford,118,4,0,40.85065156,-82.91989099,39033.0,284.3784643562924,3.3898305084745757,114,118,4,0,114,117,41550,0,0,0,0,1
2020-06-05,US,Ohio,Cuyahoga,4789,265,0,41.424119,-81.65918339,39035.0,387.7506736449373,5.533514303612446,4524,4732,259,0,4473,4669,1243857,57,6,0,51,63
2020-06-05,US,Ohio,Darke,190,23,0,40.13412966,-84.6194517,39037.0,371.7253927572242,12.105263157894735,167,189,23,0,166,184,51323,1,0,0,1,5
2020-06-05,US,Ohio,Defiance,34,2,0,41.32398837,-84.49076944,39039.0,89.26930448709534,5.882352941176472,32,34,2,0,32,34,38165,0,0,0,0,0
2020-06-05,US,Ohio,Delaware,360,14,0,40.27942393,-83.00457058,39041.0,172.1030514827156,3.888888888888889,346,355,14,0,341,344,204826,5,0,0,5,11
2020-06-05,US,Ohio,Erie,184,16,0,41.36796058,-82.62904521,39043.0,247.75805886946918,8.695652173913043,168,185,16,0,169,182,74615,-1,0,0,-1,3
2020-06-05,US,Ohio,Fairfield,318,8,0,39.75107189,-82.63088163,39045.0,201.8099432647518,2.5157232704402515,310,314,8,0,306,310,155782,4,0,0,4,4
2020-06-05,US,Ohio,Fayette,41,0,0,39.56021306,-83.4562016,39047.0,143.73356704645047,0.0,41,41,0,0,41,40,28666,0,0,0,0,1
2020-06-05,US,Ohio,Franklin,6323,295,0,39.96995815,-83.01115755,39049.0,480.1952677641112,4.665506879645738,6028,6216,293,0,5923,6112,1310300,107,2,0,105,104
2020-06-05,US,Ohio,Fulton,45,0,0,41.60213491,-84.12571393,39051.0,106.82238997293831,0.0,45,45,0,0,45,45,42276,0,0,0,0,0
2020-06-05,US,Ohio,Gallia,8,1,0,38.82708533,-82.31647569,39053.0,26.757642651682385,12.5,7,8,1,0,7,8,29979,0,0,0,0,0
2020-06-05,US,Ohio,Geauga,303,34,0,41.49952319,-81.17935342,39055.0,323.548569659046,11.221122112211221,269,300,34,0,266,295,94031,3,0,0,3,5
2020-06-05,US,Ohio,Greene,106,5,0,39.69116283,-83.89032084,39057.0,62.74528374482796,4.716981132075472,101,105,5,0,100,102,167995,1,0,0,1,3
2020-06-05,US,Ohio,Guernsey,38,2,0,40.05026529,-81.49248905,39059.0,97.74919614147909,5.2631578947368425,36,38,2,0,36,36,39022,0,0,0,0,2
2020-06-05,US,Ohio,Hamilton,2811,171,0,39.19673558,-84.54502924,39061.0,343.86456800408087,6.0832443970117405,2640,2767,167,0,2600,2739,816684,44,4,0,40,28
2020-06-05,US,Ohio,Hancock,53,1,0,41.00250487,-83.66838948,39063.0,69.93652930076667,1.8867924528301887,52,53,1,0,52,51,75930,0,0,0,0,2
2020-06-05,US,Ohio,Hardin,73,0,0,40.66015414,-83.65929931,39065.0,232.74350390562728,0.0,73,71,0,0,71,64,31480,2,0,0,2,7
2020-06-05,US,Ohio,Harrison,10,0,0,40.29380509,-81.09068544,39067.0,66.48936170212765,0.0,10,10,0,0,10,10,15174,0,0,0,0,0
2020-06-05,US,Ohio,Henry,17,0,0,41.333964200000004,-84.06830637,39069.0,62.94897430200696,0.0,17,17,0,0,17,17,27086,0,0,0,0,0
2020-06-05,US,Ohio,Highland,29,1,0,39.1839264,-83.60331456,39071.0,67.1902875280925,3.4482758620689653,28,26,1,0,25,26,43058,3,0,0,3,0
2020-06-05,US,Ohio,Hocking,70,5,0,39.49537927,-82.47991446,39073.0,247.6648740447212,7.142857142857142,65,70,5,0,65,70,28385,0,0,0,0,0
2020-06-05,US,Ohio,Holmes,57,3,0,40.56163713,-81.92635677,39075.0,129.66333030027297,5.2631578947368425,54,54,3,0,51,46,43892,3,0,0,3,8
2020-06-05,US,Ohio,Huron,61,1,0,41.14651175,-82.59867951,39077.0,104.69227336697216,1.639344262295082,60,61,1,0,60,60,58504,0,0,0,0,1
2020-06-05,US,Ohio,Jackson,15,0,0,39.01914254,-82.61818559999998,39079.0,46.277728072069856,0.0,15,14,0,0,14,14,32384,1,0,0,1,0
2020-06-05,US,Ohio,Jefferson,67,2,0,40.38614126,-80.76259514,39081.0,102.56410256410255,2.985074626865672,65,67,2,0,65,67,65767,0,0,0,0,0
2020-06-05,US,Ohio,Knox,25,1,0,40.39830217,-82.42027563,39083.0,40.11424537081609,4.0,24,25,1,0,24,25,61893,0,0,0,0,0
2020-06-05,US,Ohio,Lake,325,12,0,41.69710807,-81.23676539,39085.0,141.2128664473884,3.692307692307693,313,320,12,0,308,318,230514,5,0,0,5,2
2020-06-05,US,Ohio,Lawrence,30,1,0,38.59743452,-82.53466552,39087.0,50.45154129458654,3.333333333333333,29,31,1,0,30,30,59866,-1,0,0,-1,1
2020-06-05,US,Ohio,Licking,271,10,0,40.09136236,-82.48185785,39089.0,153.22680960296728,3.690036900369004,261,267,10,0,257,265,175769,4,0,0,4,2
2020-06-05,US,Ohio,Logan,43,0,0,40.38996525,-83.76784341,39091.0,94.14958836924154,0.0,43,43,0,0,43,40,45358,0,0,0,0,3
2020-06-05,US,Ohio,Lorain,730,61,0,41.29553751,-82.15083537,39093.0,235.61079678407398,8.356164383561643,669,722,60,0,662,709,309461,8,1,0,7,13
2020-06-05,US,Ohio,Lucas,2329,263,0,41.62101218,-83.65468618,39095.0,543.7167910203852,11.292400171747529,2066,2313,263,0,2050,2296,429899,16,0,0,16,17
2020-06-05,US,Ohio,Madison,164,7,0,39.89381073,-83.40178317,39097.0,366.6361136571952,4.2682926829268295,157,163,7,0,156,162,44413,1,0,0,1,1
2020-06-05,US,Ohio,Mahoning,1486,191,0,41.01631101,-80.77287029,39099.0,649.8078125614934,12.853297442799462,1295,1466,191,0,1275,1463,229642,20,0,0,20,3
2020-06-05,US,Ohio,Marion,2688,32,0,40.58610662,-83.15736305,39101.0,4129.476287772879,1.1904761904761905,2656,2686,31,0,2655,2679,65256,2,1,0,1,7
2020-06-05,US,Ohio,Medina,376,24,0,41.11770589,-81.89986209999998,39103.0,209.18407085554057,6.382978723404255,352,376,25,0,351,366,179146,0,-1,0,1,10
2020-06-05,US,Ohio,Meigs,6,0,0,39.09224872,-82.0305041,39105.0,26.192866809272275,0.0,6,6,0,0,6,6,23106,0,0,0,0,0
2020-06-05,US,Ohio,Mercer,227,8,0,40.54043046,-84.62912742,39107.0,551.3455746623919,3.524229074889868,219,223,8,0,215,220,40959,4,0,0,4,3
2020-06-05,US,Ohio,Miami,367,30,0,40.0543329,-84.22871271,39109.0,343.03233103087285,8.174386920980927,337,366,30,0,336,362,106222,1,0,0,1,4
2020-06-05,US,Ohio,Monroe,80,15,0,39.72984936,-81.08464734,39111.0,585.9088911674235,18.75,65,80,15,0,65,79,13790,0,0,0,0,1
2020-06-05,US,Ohio,Montgomery,734,17,0,39.75394919,-84.29050975,39113.0,138.05114663326356,2.316076294277929,717,720,16,0,704,695,532331,14,1,0,13,25
2020-06-05,US,Ohio,Morgan,5,0,0,39.62081738,-81.85308173,39115.0,34.46374414116349,0.0,5,5,0,0,5,5,14604,0,0,0,0,0
2020-06-05,US,Ohio,Morrow,108,1,0,40.52363560000001,-82.7892599,39117.0,305.70652173913044,0.925925925925926,107,108,1,0,107,107,35112,0,0,0,0,1
2020-06-05,US,Ohio,Muskingum,56,1,0,39.96575964,-81.94363275,39119.0,64.95389433393261,1.7857142857142858,55,54,1,0,53,52,86183,2,0,0,2,2
2020-06-05,US,Ohio,Noble,6,0,0,39.76818851,-81.45937183,39121.0,41.59733777038269,0.0,6,6,0,0,6,6,14354,0,0,0,0,0
2020-06-05,US,Ohio,Ottawa,107,17,0,41.53781826,-83.0940185,39123.0,264.03454657618755,15.88785046728972,90,104,17,0,87,102,40769,3,0,0,3,2
2020-06-05,US,Ohio,Paulding,14,0,0,41.11676341,-84.5801017,39125.0,74.97857754927162,0.0,14,14,0,0,14,14,18760,0,0,0,0,0
2020-06-05,US,Ohio,Perry,19,1,0,39.73508655,-82.23804971,39127.0,52.5820556816295,5.2631578947368425,18,19,1,0,18,19,36033,0,0,0,0,0
2020-06-05,US,Ohio,Pickaway,2099,38,0,39.64170392,-83.0243386,39129.0,3590.6734864943464,1.810385898046689,2061,2096,38,0,2058,2095,58086,3,0,0,3,1
2020-06-05,US,Ohio,Pike,9,0,0,39.07634001,-83.06769584,39131.0,32.406740602045225,0.0,9,9,0,0,9,9,28067,0,0,0,0,0
2020-06-05,US,Ohio,Portage,335,57,0,41.16793482,-81.19735782,39133.0,206.19698890844853,17.01492537313433,278,333,57,0,276,332,162927,2,0,0,2,1
2020-06-05,US,Ohio,Preble,39,1,0,39.7420247,-84.64787018,39135.0,95.39650702020451,2.5641025641025643,38,39,1,0,38,39,40997,0,0,0,0,0
2020-06-05,US,Ohio,Putnam,95,14,0,41.02094889,-84.1336111,39137.0,280.5587549097782,14.73684210526316,81,95,14,0,81,95,33780,0,0,0,0,0
2020-06-05,US,Ohio,Richland,222,4,0,40.77180308,-82.53799609999999,39139.0,183.23786255509518,1.8018018018018016,218,216,4,0,212,209,121099,6,0,0,6,7
2020-06-05,US,Ohio,Ross,73,2,0,39.33705391,-83.06000914,39141.0,95.21821928886337,2.7397260273972597,71,73,2,0,71,73,76931,0,0,0,0,0
2020-06-05,US,Ohio,Sandusky,91,12,0,41.35624126,-83.137872,39143.0,155.5077070303155,13.186813186813184,79,85,12,0,73,85,58799,6,0,0,6,0
2020-06-05,US,Ohio,Scioto,18,0,0,38.80270163,-82.98907345,39145.0,23.899938922378308,0.0,18,17,0,0,17,17,75502,1,0,0,1,0
2020-06-05,US,Ohio,Seneca,26,2,0,41.12351311,-83.12783209,39147.0,47.12022907680597,7.6923076923076925,24,26,2,0,24,24,55207,0,0,0,0,2
2020-06-05,US,Ohio,Shelby,47,3,0,40.33163494,-84.20258189,39149.0,96.72772175344721,6.382978723404255,44,46,3,0,43,46,48627,1,0,0,1,0
2020-06-05,US,Ohio,Stark,803,102,0,40.81482476,-81.36437305,39151.0,216.6721531761493,12.70236612702366,701,782,101,0,681,752,371574,21,1,0,20,30
2020-06-05,US,Ohio,Summit,1529,181,0,41.12464734,-81.53123079,39153.0,282.61797775654185,11.8378024852845,1348,1505,181,0,1324,1487,541918,24,0,0,24,18
2020-06-05,US,Ohio,Trumbull,600,52,0,41.31735028,-80.76109643,39155.0,303.0701001141564,8.666666666666666,548,594,51,0,543,584,198627,6,1,0,5,10
2020-06-05,US,Ohio,Tuscarawas,371,4,0,40.44214695,-81.47226262,39157.0,403.31786013241,1.0781671159029649,367,367,4,0,363,360,92176,4,0,0,4,7
2020-06-05,US,Ohio,Union,56,1,0,40.30016061,-83.37239023,39159.0,94.93456296195835,1.7857142857142858,55,55,1,0,54,55,57835,1,0,0,1,0
2020-06-05,US,Ohio,Van Wert,7,0,0,40.8554138,-84.59111700000003,39161.0,24.75685234305924,0.0,7,7,0,0,7,7,28281,0,0,0,0,0
2020-06-05,US,Ohio,Vinton,21,2,0,39.25208988,-82.4831444,39163.0,160.4891096675583,9.523809523809524,19,21,2,0,19,21,13139,0,0,0,0,0
2020-06-05,US,Ohio,Warren,407,21,0,39.42581994,-84.16557457,39165.0,173.4853070306306,5.15970515970516,386,398,21,0,377,390,232173,9,0,0,9,8
2020-06-05,US,Ohio,Washington,118,19,0,39.45690571,-81.49121382,39167.0,196.9588222530086,16.10169491525424,99,118,19,0,99,118,60155,0,0,0,0,0
2020-06-05,US,Ohio,Wayne,296,51,0,40.82925852,-81.88844833,39169.0,255.811943652234,17.22972972972973,245,293,51,0,242,288,115967,3,0,0,3,5
2020-06-05,US,Ohio,Williams,58,1,0,41.56052014,-84.58429552,39171.0,158.07260438242668,1.7241379310344829,57,56,1,0,55,56,36804,2,0,0,2,0
2020-06-05,US,Ohio,Wood,306,49,0,41.36224827,-83.62285108,39173.0,233.9145523899799,16.013071895424837,257,304,49,0,255,303,130696,2,0,0,2,1
2020-06-05,US,Ohio,Wyandot,48,2,0,40.84339621,-83.30734173,39175.0,220.46665441851917,4.166666666666667,46,48,2,0,46,44,21935,0,0,0,0,4
2020-06-05,US,Oklahoma,Adair,93,4,0,35.88494195,-94.65859267,40001.0,419.0321708569884,4.301075268817204,89,93,4,0,89,91,22082,0,0,0,0,2
2020-06-05,US,Oklahoma,Alfalfa,1,0,0,36.73090616,-98.32408495,40003.0,17.5377060680463,0.0,1,1,0,0,1,1,5754,0,0,0,0,0
2020-06-05,US,Oklahoma,Atoka,4,0,0,34.37366573,-96.03802487,40005.0,29.07399331298154,0.0,4,4,0,0,4,4,13838,0,0,0,0,0
2020-06-05,US,Oklahoma,Beaver,24,0,0,36.7496847,-100.4758872,40007.0,451.8922990020711,0.0,24,24,0,0,24,24,5319,0,0,0,0,0
2020-06-05,US,Oklahoma,Beckham,7,0,0,35.26862449,-99.68128023,40009.0,32.02342284642481,0.0,7,7,0,0,7,7,21709,0,0,0,0,0
2020-06-05,US,Oklahoma,Blaine,9,0,0,35.87518314,-98.43307003,40011.0,95.45020680878142,0.0,9,8,0,0,8,8,9485,1,0,0,1,0
2020-06-05,US,Oklahoma,Bryan,35,1,0,33.96472458,-96.25903472,40013.0,72.9242629440567,2.8571428571428568,34,33,1,0,32,32,47192,2,0,0,2,1
2020-06-05,US,Oklahoma,Caddo,168,10,0,35.17364557,-98.37534464,40015.0,584.1040261456087,5.9523809523809526,158,168,10,0,158,167,28977,0,0,0,0,1
2020-06-05,US,Oklahoma,Canadian,141,3,0,35.5426055,-97.98465569,40017.0,95.07369897374348,2.127659574468085,138,137,3,0,134,133,144447,4,0,0,4,4
2020-06-05,US,Oklahoma,Carter,51,1,0,34.25103751,-97.28552485,40019.0,106.00486375257219,1.96078431372549,50,51,1,0,50,45,48177,0,0,0,0,6
2020-06-05,US,Oklahoma,Cherokee,31,1,0,35.90692775,-94.99980896,40021.0,63.71128511827692,3.2258064516129035,30,31,1,0,30,31,48675,0,0,0,0,0
2020-06-05,US,Oklahoma,Choctaw,97,1,0,34.02807439,-95.54771129,40023.0,661.1232279171211,1.0309278350515465,96,90,1,0,89,87,14668,7,0,0,7,3
2020-06-05,US,Oklahoma,Cimarron,1,0,0,36.74817177,-102.5173885,40025.0,46.79457182966776,0.0,1,1,0,0,1,1,2153,0,0,0,0,0
2020-06-05,US,Oklahoma,Cleveland,520,37,0,35.20413532,-97.32519562,40027.0,183.0895660073095,7.115384615384616,483,514,37,0,477,511,281669,6,0,0,6,3
2020-06-05,US,Oklahoma,Coal,5,0,0,34.58840127,-96.29798747,40029.0,90.99181073703366,0.0,5,3,0,0,3,3,5520,2,0,0,2,0
2020-06-05,US,Oklahoma,Comanche,306,3,0,34.65973764,-98.47195055,40031.0,253.41824777016788,0.9803921568627452,303,293,3,0,290,290,120422,13,0,0,13,3
2020-06-05,US,Oklahoma,Cotton,5,2,0,34.28845626,-98.37053567,40033.0,88.24567596187786,40.0,3,5,2,0,3,5,5776,0,0,0,0,0
2020-06-05,US,Oklahoma,Craig,15,0,0,36.76268118,-95.20916602,40035.0,106.06703436571915,0.0,15,15,0,0,15,15,14306,0,0,0,0,0
2020-06-05,US,Oklahoma,Creek,99,7,0,35.90230551,-96.37086028,40037.0,138.41894801599508,7.070707070707071,92,98,7,0,91,97,71604,1,0,0,1,1
2020-06-05,US,Oklahoma,Custer,32,0,0,35.63853802,-99.00170785,40039.0,110.33341378478089,0.0,32,31,0,0,31,30,29036,1,0,0,1,1
2020-06-05,US,Oklahoma,Delaware,100,16,0,36.40823634,-94.80325046,40041.0,232.50947476109653,16.0,84,100,16,0,84,100,42733,0,0,0,0,0
2020-06-05,US,Oklahoma,Dewey,3,0,0,35.98772922,-99.00730714,40043.0,61.33714986710285,0.0,3,3,0,0,3,3,4894,0,0,0,0,0
2020-06-05,US,Oklahoma,Garfield,29,1,0,36.3791334,-97.78265517,40047.0,47.497379454926616,3.4482758620689653,28,28,1,0,27,27,60913,1,0,0,1,1
2020-06-05,US,Oklahoma,Garvin,18,1,0,34.70418038,-97.30811132,40049.0,64.95615459564793,5.5555555555555545,17,18,1,0,17,18,27811,0,0,0,0,0
2020-06-05,US,Oklahoma,Grady,107,3,0,35.0167709,-97.88339847,40051.0,191.63950281190674,2.803738317757009,104,104,3,0,101,100,55551,3,0,0,3,4
2020-06-05,US,Oklahoma,Grant,2,0,0,36.796296999999996,-97.78638765,40053.0,46.15739672282484,0.0,2,2,0,0,2,2,4326,0,0,0,0,0
2020-06-05,US,Oklahoma,Greer,66,7,0,34.93535801,-99.56056120000001,40055.0,1155.4621848739494,10.606060606060606,59,66,7,0,59,66,5821,0,0,0,0,0
2020-06-05,US,Oklahoma,Harper,1,0,0,36.78836519,-99.6679804,40059.0,27.11496746203905,0.0,1,1,0,0,1,1,3797,0,0,0,0,0
2020-06-05,US,Oklahoma,Haskell,6,0,0,35.22257600000001,-95.11513306,40061.0,47.517224994060356,0.0,6,6,0,0,6,6,12668,0,0,0,0,0
2020-06-05,US,Oklahoma,Hughes,3,0,0,35.04912569,-96.24921145,40063.0,22.59206265532043,0.0,3,3,0,0,3,3,13335,0,0,0,0,0
2020-06-05,US,Oklahoma,Jackson,27,3,0,34.58781741,-99.41138784,40065.0,110.069302894415,11.111111111111109,24,27,3,0,24,27,24949,0,0,0,0,0
2020-06-05,US,Oklahoma,Jefferson,4,0,0,34.11130184,-97.83182974,40067.0,66.64445184938353,0.0,4,4,0,0,4,4,6123,0,0,0,0,0
2020-06-05,US,Oklahoma,Johnston,3,0,0,34.31440473,-96.66011537,40069.0,27.063599458728014,0.0,3,3,0,0,3,3,10949,0,0,0,0,0
2020-06-05,US,Oklahoma,Kay,57,7,0,36.81799745,-97.14421435,40071.0,130.92011576094447,12.280701754385964,50,57,7,0,50,57,44161,0,0,0,0,0
2020-06-05,US,Oklahoma,Kingfisher,12,0,0,35.94530008,-97.94193268,40073.0,76.11798287345384,0.0,12,12,0,0,12,11,15816,0,0,0,0,1
2020-06-05,US,Oklahoma,Kiowa,6,0,0,34.91671958,-98.97720696,40075.0,68.90215893431328,0.0,6,6,0,0,6,6,8729,0,0,0,0,0
2020-06-05,US,Oklahoma,Latimer,5,1,0,34.87844729,-95.25215049,40077.0,49.63764519011218,20.0,4,5,1,0,4,5,10231,0,0,0,0,0
2020-06-05,US,Oklahoma,Le Flore,14,1,0,34.89851864,-94.70392124,40079.0,28.08256273443925,7.142857142857142,13,14,1,0,13,14,49980,0,0,0,0,0
2020-06-05,US,Oklahoma,Lincoln,22,2,0,35.70270942,-96.8812462,40081.0,63.07881985262494,9.090909090909092,20,22,2,0,20,22,34920,0,0,0,0,0
2020-06-05,US,Oklahoma,Logan,19,1,0,35.91899576,-97.44352845,40083.0,39.5742642311137,5.2631578947368425,18,19,1,0,18,19,47291,0,0,0,0,0
2020-06-05,US,Oklahoma,Love,16,0,0,33.95273467,-97.23906784,40085.0,156.05188725251145,0.0,16,16,0,0,16,16,10134,0,0,0,0,0
2020-06-05,US,Oklahoma,Major,6,1,0,36.31149996,-98.53467076,40093.0,78.64726700747148,16.666666666666668,5,6,1,0,5,6,7644,0,0,0,0,0
2020-06-05,US,Oklahoma,Marshall,10,0,0,34.02311222,-96.76855464,40095.0,59.06325674797709,0.0,10,10,0,0,10,8,16806,0,0,0,0,2
2020-06-05,US,Oklahoma,Mayes,31,4,0,36.30179091,-95.23175116,40097.0,75.4257907542579,12.903225806451614,27,31,4,0,27,30,41107,0,0,0,0,1
2020-06-05,US,Oklahoma,McClain,109,3,0,35.01123903,-97.44572302,40087.0,269.3086919998024,2.7522935779816518,106,107,3,0,104,106,39985,2,0,0,2,1
2020-06-05,US,Oklahoma,McCurtain,79,1,0,34.11664328,-94.77222373,40089.0,240.61890838206628,1.2658227848101269,78,77,1,0,76,75,32703,2,0,0,2,2
2020-06-05,US,Oklahoma,McIntosh,14,1,0,35.37235506,-95.66599306,40091.0,71.44315166360481,7.142857142857142,13,14,1,0,13,12,19815,0,0,0,0,2
2020-06-05,US,Oklahoma,Murray,5,0,0,34.48116015,-97.06826283,40099.0,35.529027215234855,0.0,5,5,0,0,5,5,13953,0,0,0,0,0
2020-06-05,US,Oklahoma,Muskogee,61,6,0,35.61318461,-95.37802952,40101.0,89.70984014000618,9.836065573770492,55,60,6,0,54,60,68362,1,0,0,1,0
2020-06-05,US,Oklahoma,Noble,7,0,0,36.38953329,-97.22928674,40103.0,62.887431497619254,0.0,7,7,0,0,7,7,11289,0,0,0,0,0
2020-06-05,US,Oklahoma,Nowata,23,0,0,36.79843529,-95.61902331,40105.0,228.2651845970624,0.0,23,23,0,0,23,23,10218,0,0,0,0,0
2020-06-05,US,Oklahoma,Okfuskee,5,0,0,35.46485198,-96.32639984,40107.0,41.69098640873843,0.0,5,5,0,0,5,5,12098,0,0,0,0,0
2020-06-05,US,Oklahoma,Oklahoma,1350,63,0,35.55140095,-97.40716948,40109.0,169.29300732098204,4.666666666666667,1287,1328,63,0,1265,1309,792582,22,0,0,22,19
2020-06-05,US,Oklahoma,Okmulgee,25,0,0,35.64661916,-95.96432828,40111.0,64.99415052645261,0.0,25,25,0,0,25,25,38335,0,0,0,0,0
2020-06-05,US,Oklahoma,Osage,102,8,0,36.62888819,-96.39635704,40113.0,217.1922577348125,7.84313725490196,94,102,8,0,94,96,47014,0,0,0,0,6
2020-06-05,US,Oklahoma,Ottawa,35,2,0,36.83532655,-94.81011909,40115.0,112.44257397115044,5.7142857142857135,33,35,2,0,33,35,31175,0,0,0,0,0
2020-06-05,US,Oklahoma,Pawnee,32,2,0,36.31743373,-96.70331759999999,40117.0,195.40791402051784,6.25,30,32,2,0,30,31,16390,0,0,0,0,1
2020-06-05,US,Oklahoma,Payne,48,1,0,36.07695283,-96.97584944,40119.0,58.69118654015456,2.083333333333333,47,48,1,0,47,48,82040,0,0,0,0,0
2020-06-05,US,Oklahoma,Pittsburg,41,3,0,34.92065823,-95.75134320000001,40121.0,93.92037384890274,7.317073170731707,38,41,3,0,38,41,43877,0,0,0,0,0
2020-06-05,US,Oklahoma,Pontotoc,17,2,0,34.72959848,-96.68337199,40123.0,44.40497335701597,11.764705882352944,15,15,2,0,13,15,38247,2,0,0,2,0
2020-06-05,US,Oklahoma,Pottawatomie,63,4,0,35.20614018,-96.94923008,40125.0,86.78642274630812,6.349206349206349,59,63,4,0,59,63,72679,0,0,0,0,0
2020-06-05,US,Oklahoma,Pushmataha,5,0,0,34.41635232,-95.37603505,40127.0,45.061283345349686,0.0,5,5,0,0,5,5,11179,0,0,0,0,0
2020-06-05,US,Oklahoma,Rogers,83,5,0,36.37004357,-95.60406759,40131.0,89.76951946268076,6.024096385542169,78,83,5,0,78,82,91984,0,0,0,0,1
2020-06-05,US,Oklahoma,Seminole,30,2,0,35.16478725,-96.61686741,40133.0,123.67054167697256,6.666666666666668,28,30,2,0,28,28,24578,0,0,0,0,2
2020-06-05,US,Oklahoma,Sequoyah,17,3,0,35.49447108,-94.75463785,40135.0,40.89585989559527,17.647058823529417,14,16,3,0,13,15,41179,1,0,0,1,1
2020-06-05,US,Oklahoma,Stephens,41,1,0,34.48556989,-97.85141892,40137.0,95.03279790464269,2.4390243902439024,40,41,1,0,40,40,43265,0,0,0,0,1
2020-06-05,US,Oklahoma,Texas,944,6,0,36.74777635,-101.4889765,40139.0,4724.015413101136,0.6355932203389829,938,944,6,0,938,939,20455,0,0,0,0,5
2020-06-05,US,Oklahoma,Tillman,23,1,0,34.37288446,-98.92426619,40141.0,317.2413793103448,4.3478260869565215,22,23,1,0,22,23,7348,0,0,0,0,0
2020-06-05,US,Oklahoma,Tulsa,1134,59,0,36.11939621,-95.94013939,40143.0,174.04597023721817,5.202821869488536,1075,1109,59,0,1050,1087,648360,25,0,0,25,22
2020-06-05,US,Oklahoma,Wagoner,153,17,0,35.96024096,-95.51911308,40145.0,188.21734798066157,11.111111111111109,136,151,17,0,134,150,80110,2,0,0,2,1
2020-06-05,US,Oklahoma,Washington,339,37,0,36.71380786,-95.90514104,40147.0,657.907504803307,10.914454277286136,302,338,36,0,302,334,51843,1,1,0,0,4
2020-06-05,US,Oklahoma,Washita,2,0,0,35.29071824,-98.99180434,40149.0,18.321729571271533,0.0,2,2,0,0,2,2,11127,0,0,0,0,0
2020-06-05,US,Oklahoma,Woods,4,0,0,36.76705782,-98.86573064,40151.0,45.49073126350506,0.0,4,3,0,0,3,3,8897,1,0,0,1,0
2020-06-05,US,Oklahoma,Woodward,5,0,0,36.42316318,-99.26283045,40153.0,24.7390035129385,0.0,5,5,0,0,5,5,20222,0,0,0,0,0
2020-06-05,US,Oregon,Baker,1,0,0,44.70915557,-117.6749883,41001.0,6.201935003721161,0.0,1,1,0,0,1,1,16006,0,0,0,0,0
2020-06-05,US,Oregon,Benton,62,5,0,44.49167306,-123.4316987,41003.0,66.62869547462199,8.064516129032258,57,57,5,0,52,57,92101,5,0,0,5,0
2020-06-05,US,Oregon,Clackamas,339,12,0,45.18787398,-122.2179634,41005.0,81.06421289997058,3.5398230088495577,327,333,12,0,321,324,416075,6,0,0,6,9
2020-06-05,US,Oregon,Clatsop,45,0,0,45.99712889,-123.660711,41007.0,111.87350835322195,0.0,45,45,0,0,45,45,39764,0,0,0,0,0
2020-06-05,US,Oregon,Columbia,16,0,0,45.94464254,-123.08908980000001,41009.0,30.561179661534933,0.0,16,16,0,0,16,16,52377,0,0,0,0,0
2020-06-05,US,Oregon,Coos,32,0,0,43.17406868,-124.0594514,41011.0,49.622404515638806,0.0,32,32,0,0,32,31,64389,0,0,0,0,1
2020-06-05,US,Oregon,Crook,6,0,0,44.14230227,-120.356297,41013.0,24.586133420750688,0.0,6,7,0,0,7,6,23867,-1,0,0,-1,1
2020-06-05,US,Oregon,Curry,7,0,0,42.45911325,-124.15728200000001,41015.0,30.53435114503817,0.0,7,7,0,0,7,7,22813,0,0,0,0,0
2020-06-05,US,Oregon,Deschutes,134,0,0,43.91570171,-121.2289121,41017.0,67.78220666491309,0.0,134,133,0,0,133,128,191996,1,0,0,1,5
2020-06-05,US,Oregon,Douglas,29,0,0,43.27941273,-123.16729099999999,41019.0,26.130834384573802,0.0,29,28,0,0,28,28,110283,1,0,0,1,0
2020-06-05,US,Oregon,Grant,1,0,0,44.49024544,-119.0068631,41023.0,13.890818169190164,0.0,1,1,0,0,1,1,7176,0,0,0,0,0
2020-06-05,US,Oregon,Harney,1,0,0,43.06422669,-118.96663059999999,41025.0,13.526308670363855,0.0,1,1,0,0,1,1,7329,0,0,0,0,0
2020-06-05,US,Oregon,Hood River,37,0,0,45.51872811,-121.65520359999998,41027.0,158.241382259858,0.0,37,28,0,0,28,28,23428,9,0,0,9,0
2020-06-05,US,Oregon,Jackson,69,0,0,42.43201126,-122.72893090000001,41029.0,31.229632848142515,0.0,69,69,0,0,69,68,219564,0,0,0,0,1
2020-06-05,US,Oregon,Jefferson,55,0,0,44.62806839,-121.17832,41031.0,223.05134236353317,0.0,55,46,0,0,46,45,24192,9,0,0,9,1
2020-06-05,US,Oregon,Josephine,23,1,0,42.3665549,-123.5561938,41033.0,26.28962017213986,4.3478260869565215,22,23,1,0,22,23,87393,0,0,0,0,0
2020-06-05,US,Oregon,Klamath,45,0,0,42.68762984,-121.64964609999998,41035.0,65.94566077552098,0.0,45,44,0,0,44,44,67653,1,0,0,1,0
2020-06-05,US,Oregon,Lake,2,0,0,42.79246693,-120.38501629999999,41037.0,25.41619011310205,0.0,2,2,0,0,2,2,7879,0,0,0,0,0
2020-06-05,US,Oregon,Lane,80,3,0,43.93727035,-122.847753,41039.0,20.93873587616832,3.75,77,80,3,0,77,77,379611,0,0,0,0,3
2020-06-05,US,Oregon,Lincoln,27,0,0,44.64252874,-123.86991200000001,41041.0,54.041071214122724,0.0,27,23,0,0,23,18,49388,4,0,0,4,5
2020-06-05,US,Oregon,Linn,124,9,0,44.48899494,-122.53731540000001,41043.0,95.56913733439178,7.258064516129032,115,121,9,0,112,119,127335,3,0,0,3,2
2020-06-05,US,Oregon,Malheur,33,0,0,43.1937027,-117.62273950000001,41045.0,107.94543848745545,0.0,33,32,0,0,32,32,30725,1,0,0,1,0
2020-06-05,US,Oregon,Marion,1028,27,0,44.90287942,-122.58151170000001,41047.0,295.5568716972669,2.626459143968872,1001,1011,26,0,985,999,346868,17,1,0,16,12
2020-06-05,US,Oregon,Morrow,12,0,0,45.41846568,-119.584546,41049.0,103.4215289149358,0.0,12,12,0,0,12,12,11372,0,0,0,0,0
2020-06-05,US,Oregon,Multnomah,1236,63,0,45.54747959,-122.4169351,41051.0,152.05663986811916,5.0970873786407775,1173,1224,62,0,1162,1194,811880,12,1,0,11,30
2020-06-05,US,Oregon,Polk,100,12,0,44.90322804,-123.4128888,41053.0,116.1642562583493,12.0,88,100,12,0,88,101,85234,0,0,0,0,-1
2020-06-05,US,Oregon,Sherman,1,0,0,45.41501554,-120.6827834,41055.0,56.179775280898866,0.0,1,1,0,0,1,1,1708,0,0,0,0,0
2020-06-05,US,Oregon,Tillamook,6,0,0,45.46248721,-123.712066,41057.0,22.192632046160675,0.0,6,6,0,0,6,6,26787,0,0,0,0,0
2020-06-05,US,Oregon,Umatilla,125,3,0,45.59073056,-118.7353826,41059.0,160.35920461834507,2.4,122,124,3,0,121,123,77516,1,0,0,1,1
2020-06-05,US,Oregon,Union,6,0,0,45.30915495,-118.0068979,41061.0,22.3588596981554,0.0,6,6,0,0,6,6,26461,0,0,0,0,0
2020-06-05,US,Oregon,Wallowa,2,0,0,45.57894064,-117.18353799999998,41063.0,27.746947835738073,0.0,2,2,0,0,2,2,7081,0,0,0,0,0
2020-06-05,US,Oregon,Wasco,32,1,0,45.16292781,-121.16709540000001,41065.0,119.9310396522,3.125,31,29,1,0,28,28,26505,3,0,0,3,1
2020-06-05,US,Oregon,Washington,775,18,0,45.55972701,-123.0955257,41067.0,128.82485139430045,2.3225806451612905,757,755,18,0,737,752,597695,20,0,0,20,3
2020-06-05,US,Oregon,Yamhill,79,7,0,45.23330449,-123.3086963,41071.0,73.7628384687208,8.860759493670884,72,75,7,0,68,74,107002,4,0,0,4,1
2020-06-05,US,Pennsylvania,Adams,264,8,0,39.87140411,-77.21610347,42001.0,256.2882854896174,3.0303030303030303,256,263,8,0,255,260,102811,1,0,0,1,3
2020-06-05,US,Pennsylvania,Allegheny,1973,168,0,40.46809875,-79.98167747,42003.0,162.24728525671338,8.514951849974658,1805,1965,166,0,1799,1952,1218452,8,2,0,6,13
2020-06-05,US,Pennsylvania,Armstrong,64,5,0,40.81665618,-79.46290811,42005.0,98.8646018382637,7.8125,59,64,5,0,59,64,65263,0,0,0,0,0
2020-06-05,US,Pennsylvania,Beaver,598,74,0,40.6825484,-80.34921611,42007.0,364.7920746176698,12.37458193979933,524,599,74,0,525,594,164742,-1,0,0,-1,5
2020-06-05,US,Pennsylvania,Bedford,43,2,0,40.00522157,-78.48998442,42009.0,89.79284998329436,4.651162790697675,41,42,2,0,40,41,48176,1,0,0,1,1
2020-06-05,US,Pennsylvania,Berks,4167,329,0,40.41570541,-75.92457766,42011.0,989.4008034874776,7.895368370530357,3838,4152,323,0,3829,4132,420152,15,6,0,9,20
2020-06-05,US,Pennsylvania,Blair,53,1,0,40.47961444,-78.34917412,42013.0,43.503599307225706,1.8867924528301887,52,52,1,0,51,52,122492,1,0,0,1,0
2020-06-05,US,Pennsylvania,Bradford,46,3,0,41.78869215,-76.51570822,42015.0,76.25615436898032,6.521739130434782,43,46,3,0,43,46,60833,0,0,0,0,0
2020-06-05,US,Pennsylvania,Bucks,5197,525,0,40.33682119,-75.10836643,42017.0,827.1921307718019,10.101981912641907,4672,5158,522,0,4636,5137,628195,39,3,0,36,21
2020-06-05,US,Pennsylvania,Butler,239,12,0,40.91152759,-79.91351055,42019.0,127.227140370396,5.02092050209205,227,240,12,0,228,235,187888,-1,0,0,-1,5
2020-06-05,US,Pennsylvania,Cambria,59,2,0,40.49527404,-78.71377428,42021.0,45.31768465036254,3.3898305084745757,57,59,2,0,57,59,131730,0,0,0,0,0
2020-06-05,US,Pennsylvania,Cameron,2,0,0,41.43625568,-78.20376845,42023.0,44.974139869575005,0.0,2,2,0,0,2,2,4492,0,0,0,0,0
2020-06-05,US,Pennsylvania,Carbon,245,24,0,40.91545395,-75.7068525,42025.0,381.72696394627775,9.79591836734694,221,250,24,0,226,239,64227,-5,0,0,-5,11
2020-06-05,US,Pennsylvania,Centre,154,7,0,40.92058903,-77.82200624,42027.0,94.8363457215876,4.545454545454546,147,154,7,0,147,154,162805,0,0,0,0,0
2020-06-05,US,Pennsylvania,Chester,2959,296,0,39.97291773,-75.74768357,42029.0,563.6308570274806,10.003379520108144,2663,2902,294,0,2608,2863,522046,57,2,0,55,39
2020-06-05,US,Pennsylvania,Clarion,27,2,0,41.19265812,-79.42413524,42031.0,70.24298870908996,7.407407407407407,25,27,2,0,25,27,38779,0,0,0,0,0
2020-06-05,US,Pennsylvania,Clearfield,43,0,0,41.00110782,-78.47592663,42033.0,54.25525203457195,0.0,43,42,0,0,42,42,79388,1,0,0,1,0
2020-06-05,US,Pennsylvania,Clinton,60,3,0,41.23255967,-77.63785995,42035.0,155.31165872851525,5.0,57,60,3,0,57,60,38684,0,0,0,0,0
2020-06-05,US,Pennsylvania,Columbia,352,31,0,41.04821986,-76.40565017,42037.0,541.8385567391169,8.806818181818182,321,352,31,0,321,349,65456,0,0,0,0,3
2020-06-05,US,Pennsylvania,Crawford,30,0,0,41.68447709,-80.10760592,42039.0,35.448841413699796,0.0,30,30,0,0,30,29,85063,0,0,0,0,1
2020-06-05,US,Pennsylvania,Cumberland,659,56,0,40.1625372,-77.26130755,42041.0,260.0939337727434,8.497723823975718,603,657,54,0,603,654,251423,2,2,0,0,3
2020-06-05,US,Pennsylvania,Dauphin,1434,88,0,40.41377078,-76.77993242,42043.0,515.2731414773318,6.136680613668061,1346,1404,87,0,1317,1385,277097,30,1,0,29,19
2020-06-05,US,Pennsylvania,Delaware,6608,591,0,39.91680171,-75.40243663,42045.0,1165.952356165979,8.943704600484262,6017,6587,584,0,6003,6548,564751,21,7,0,14,39
2020-06-05,US,Pennsylvania,Elk,6,0,0,41.42822061,-78.64524744,42047.0,20.060180541624874,0.0,6,6,0,0,6,6,30169,0,0,0,0,0
2020-06-05,US,Pennsylvania,Erie,332,5,0,41.99253829,-80.03301954,42049.0,123.08696167991457,1.5060240963855422,327,327,5,0,322,314,272061,5,0,0,5,13
2020-06-05,US,Pennsylvania,Fayette,95,4,0,39.92041012,-79.64291195,42051.0,73.48732150316383,4.2105263157894735,91,95,4,0,91,95,130441,0,0,0,0,0
2020-06-05,US,Pennsylvania,Forest,7,0,0,41.51095103,-79.23229292,42053.0,96.59169311439214,0.0,7,7,0,0,7,7,7279,0,0,0,0,0
2020-06-05,US,Pennsylvania,Franklin,788,39,0,39.92956518,-77.72157791,42055.0,508.2985544453547,4.949238578680203,749,785,38,0,747,782,154835,3,1,0,2,3
2020-06-05,US,Pennsylvania,Fulton,16,1,0,39.92913544,-78.11163677,42057.0,110.11699931176877,6.25,15,16,1,0,15,15,14523,0,0,0,0,1
2020-06-05,US,Pennsylvania,Greene,27,0,0,39.85746531,-80.22357106,42059.0,74.51770485469048,0.0,27,27,0,0,27,27,36506,0,0,0,0,0
2020-06-05,US,Pennsylvania,Huntingdon,234,4,0,40.42162652,-77.97673273,42061.0,518.341307814992,1.709401709401709,230,234,3,0,231,232,45168,0,1,0,-1,2
2020-06-05,US,Pennsylvania,Indiana,91,5,0,40.65241041,-79.08963285,42063.0,108.23926825496888,5.494505494505495,86,91,5,0,86,91,84501,0,0,0,0,0
2020-06-05,US,Pennsylvania,Jefferson,15,0,0,41.12913106,-78.9986361,42065.0,34.542314335060446,0.0,15,14,0,0,14,14,43641,1,0,0,1,0
2020-06-05,US,Pennsylvania,Juniata,95,4,0,40.53358749,-77.39975129999998,42067.0,383.6368775996446,4.2105263157894735,91,95,4,0,91,95,24704,0,0,0,0,0
2020-06-05,US,Pennsylvania,Lackawanna,1575,185,0,41.43564672,-75.60379201,42069.0,751.1660959394108,11.746031746031745,1390,1569,182,0,1387,1556,210793,6,3,0,3,13
2020-06-05,US,Pennsylvania,Lancaster,3337,317,0,40.03904563,-76.24770128,42071.0,611.4812615901077,9.499550494456098,3020,3301,315,0,2986,3267,543557,36,2,0,34,34
2020-06-05,US,Pennsylvania,Lawrence,82,8,0,40.99206278,-80.33393706,42073.0,95.89297408550848,9.75609756097561,74,82,8,0,74,83,86184,0,0,0,0,-1
2020-06-05,US,Pennsylvania,Lebanon,1000,36,0,40.36680311,-76.45651841,42075.0,705.2534328210843,3.6,964,997,36,0,961,994,141314,3,0,0,3,3
2020-06-05,US,Pennsylvania,Lehigh,3829,245,0,40.6154815,-75.59435245,42077.0,1036.775895028133,6.39853747714808,3584,3817,242,0,3575,3802,368100,12,3,0,9,15
2020-06-05,US,Pennsylvania,Luzerne,2782,157,0,41.17823008,-75.98447579,42079.0,876.4495915467667,5.643421998562187,2625,2773,156,0,2617,2766,317646,9,1,0,8,7
2020-06-05,US,Pennsylvania,Lycoming,166,17,0,41.34310539,-77.06629984,42081.0,146.5149736537834,10.240963855421684,149,166,17,0,149,166,113664,0,0,0,0,0
2020-06-05,US,Pennsylvania,McKean,13,1,0,41.80938602,-78.56478358,42083.0,32.0,7.6923076923076925,12,13,1,0,12,12,40968,0,0,0,0,1
2020-06-05,US,Pennsylvania,Mercer,110,6,0,41.30248872,-80.25816981,42085.0,100.5263927474777,5.454545454545454,104,110,6,0,104,107,110683,0,0,0,0,3
2020-06-05,US,Pennsylvania,Mifflin,59,1,0,40.61116939,-77.61070738,42087.0,127.8772378516624,1.6949152542372878,58,59,1,0,58,59,46222,0,0,0,0,0
2020-06-05,US,Pennsylvania,Monroe,1335,102,0,41.05934058,-75.34031025,42089.0,784.0442588579382,7.640449438202247,1233,1333,102,0,1231,1326,169507,2,0,0,2,7
2020-06-05,US,Pennsylvania,Montgomery,7416,721,0,40.21053671,-75.36652296,42091.0,892.5100642063268,9.722222222222221,6695,7351,713,0,6638,7242,828604,65,8,0,57,109
2020-06-05,US,Pennsylvania,Montour,53,0,0,41.03023987,-76.66345939,42093.0,290.72956664838176,0.0,53,53,0,0,53,53,18240,0,0,0,0,0
2020-06-05,US,Pennsylvania,Northampton,3136,229,0,40.75182733,-75.30471829,42095.0,1027.2368442602817,7.3022959183673475,2907,3124,225,0,2899,3120,304807,12,4,0,8,4
2020-06-05,US,Pennsylvania,Northumberland,206,3,0,40.84785433,-76.70798222,42097.0,226.7648580518037,1.4563106796116505,203,201,3,0,198,199,91083,5,0,0,5,2
2020-06-05,US,Pennsylvania,Perry,67,3,0,40.40206612,-77.26297447,42099.0,144.7959889349931,4.477611940298506,64,64,3,0,61,62,46139,3,0,0,3,2
2020-06-05,US,Pennsylvania,Philadelphia,23407,1411,0,40.00338507,-75.1379271,42101.0,1477.654943234617,6.028111248771736,21996,23281,1394,0,21887,23160,1584138,126,17,0,109,121
2020-06-05,US,Pennsylvania,Pike,478,20,0,41.33155042,-75.03208106,42103.0,856.4926803920515,4.184100418410042,458,478,20,0,458,478,55933,0,0,0,0,0
2020-06-05,US,Pennsylvania,Potter,8,0,0,41.74471626,-77.89559864,42105.0,48.40856831659204,0.0,8,6,0,0,6,4,16622,2,0,0,2,2
2020-06-05,US,Pennsylvania,Schuylkill,653,38,0,40.70497338,-76.2150785,42107.0,461.9444110385614,5.819295558958652,615,651,37,0,614,646,142067,2,1,0,1,5
2020-06-05,US,Pennsylvania,Snyder,53,1,0,40.77129231,-77.06840691,42109.0,131.27910432973349,1.8867924528301887,52,51,1,0,50,45,40540,2,0,0,2,6
2020-06-05,US,Pennsylvania,Somerset,38,1,0,39.97172723,-79.02699593,42111.0,51.737987936879655,2.631578947368421,37,38,1,0,37,38,73952,0,0,0,0,0
2020-06-05,US,Pennsylvania,Sullivan,3,0,0,41.44634738,-76.51246591,42113.0,49.455984174085074,0.0,3,3,0,0,3,3,6071,0,0,0,0,0
2020-06-05,US,Pennsylvania,Susquehanna,124,16,0,41.82147784,-75.80071959,42115.0,307.478674866098,12.903225806451614,108,123,15,0,108,111,40589,1,1,0,0,12
2020-06-05,US,Pennsylvania,Tioga,19,2,0,41.77255149,-77.25433032,42117.0,46.80840580424233,10.526315789473683,17,19,2,0,17,19,40763,0,0,0,0,0
2020-06-05,US,Pennsylvania,Union,70,1,0,40.96188846,-77.05996014,42119.0,155.82218462702846,1.4285714285714286,69,65,1,0,64,63,44785,5,0,0,5,2
2020-06-05,US,Pennsylvania,Venango,15,0,0,41.40323442,-79.75845449,42121.0,29.60448409252388,0.0,15,10,0,0,10,9,51266,5,0,0,5,1
2020-06-05,US,Pennsylvania,Warren,5,0,0,41.81304978,-79.26969577,42123.0,12.758031180628205,0.0,5,5,0,0,5,4,39498,0,0,0,0,1
2020-06-05,US,Pennsylvania,Washington,141,6,0,40.19208869,-80.24582867,42125.0,68.16039446015517,4.25531914893617,135,140,6,0,134,140,207346,1,0,0,1,0
2020-06-05,US,Pennsylvania,Wayne,123,9,0,41.64938475,-75.29956506,42127.0,239.48131851015359,7.317073170731707,114,121,8,0,113,120,51276,2,1,0,1,1
2020-06-05,US,Pennsylvania,Westmoreland,456,38,0,40.31377979999999,-79.46615476,42129.0,130.69684923143947,8.333333333333334,418,455,38,0,417,453,350611,1,0,0,1,2
2020-06-05,US,Pennsylvania,Wyoming,34,7,0,41.51955538,-76.01074915,42131.0,126.89408076435022,20.58823529411765,27,34,7,0,27,34,27046,0,0,0,0,0
2020-06-05,US,Pennsylvania,York,1040,28,0,39.9210089,-76.73040131,42133.0,231.59591856731205,2.6923076923076925,1012,1038,28,0,1010,1037,448273,2,0,0,2,1
2020-06-05,US,Rhode Island,Bristol,224,0,0,41.71018079,-71.28652315,44001.0,462.0557354730914,0.0,224,224,0,0,224,224,48649,0,0,0,0,0
2020-06-05,US,Rhode Island,Kent,1052,0,0,41.67106337,-71.57641596,44003.0,640.3233267596718,0.0,1052,1052,0,0,1052,1052,163861,0,0,0,0,0
2020-06-05,US,Rhode Island,Newport,244,0,0,41.5642026,-71.26569799,44005.0,297.26371189785823,0.0,244,244,0,0,244,244,82542,0,0,0,0,0
2020-06-05,US,Rhode Island,Providence,11052,0,0,41.87064746,-71.57753536,44007.0,1729.7642468435556,0.0,11052,11052,0,0,11052,11052,636084,0,0,0,0,0
2020-06-05,US,Rhode Island,Unassigned,2370,772,0,0.0,0.0,90044.0,0.0,32.573839662447256,1598,2254,756,0,1498,2148,,116,16,0,100,106
2020-06-05,US,Rhode Island,Washington,499,0,0,41.45961631,-71.61435303,44009.0,397.36575965343974,0.0,499,499,0,0,499,499,126179,0,0,0,0,0
2020-06-05,US,South Carolina,Abbeville,47,0,0,34.22333378,-82.46170658,45001.0,191.62555551025397,0.0,47,46,0,0,46,46,24541,1,0,0,1,0
2020-06-05,US,South Carolina,Aiken,216,8,0,33.54338026,-81.63645384,45003.0,126.41041247249404,3.703703703703704,208,208,7,0,201,208,169401,8,1,0,7,0
2020-06-05,US,South Carolina,Allendale,39,3,0,32.98837386,-81.35321066,45005.0,448.89502762430936,7.6923076923076925,36,38,3,0,35,38,8903,1,0,0,1,0
2020-06-05,US,South Carolina,Anderson,263,9,0,34.51828081,-82.63959517,45007.0,129.83935465397565,3.4220532319391634,254,244,9,0,235,244,200482,19,0,0,19,0
2020-06-05,US,South Carolina,Bamberg,33,0,0,33.21927586,-81.05659969,45009.0,234.60827527370967,0.0,33,23,0,0,23,23,14275,10,0,0,10,0
2020-06-05,US,South Carolina,Barnwell,52,1,0,33.26679302,-81.43584352,45011.0,249.20923991181823,1.9230769230769231,51,48,1,0,47,48,21112,4,0,0,4,0
2020-06-05,US,South Carolina,Beaufort,417,14,0,32.39226291,-80.72619758,45013.0,217.04958307741958,3.357314148681055,403,398,14,0,384,398,188715,19,0,0,19,0
2020-06-05,US,South Carolina,Berkeley,257,17,0,33.20222596,-79.94654523,45015.0,112.76529461578626,6.6147859922178975,240,242,16,0,226,242,221091,15,1,0,14,0
2020-06-05,US,South Carolina,Calhoun,19,1,0,33.66926881,-80.77722168,45017.0,130.55727341441627,5.2631578947368425,18,15,1,0,14,15,14520,4,0,0,4,0
2020-06-05,US,South Carolina,Charleston,709,14,0,32.82487866,-79.96512315,45019.0,172.33584342474342,1.9746121297602257,695,646,12,0,634,646,405905,63,2,0,61,0
2020-06-05,US,South Carolina,Cherokee,49,4,0,35.05122251,-81.61828622,45021.0,85.51483420593368,8.16326530612245,45,43,2,0,41,43,57078,6,2,0,4,0
2020-06-05,US,South Carolina,Chester,96,1,0,34.69249168,-81.1583216,45023.0,297.729810197246,1.0416666666666667,95,87,1,0,86,87,32251,9,0,0,9,0
2020-06-05,US,South Carolina,Chesterfield,236,4,0,34.64137396,-80.15640140000002,45025.0,516.9769989047097,1.6949152542372878,232,203,4,0,199,203,45754,33,0,0,33,0
2020-06-05,US,South Carolina,Clarendon,304,40,0,33.66610974,-80.21647898,45027.0,900.8742035857164,13.157894736842106,264,302,39,0,263,302,33700,2,1,0,1,0
2020-06-05,US,South Carolina,Colleton,128,14,0,32.87582989,-80.67641292,45029.0,339.72980863656875,10.9375,114,114,14,0,100,114,37660,14,0,0,14,0
2020-06-05,US,South Carolina,Darlington,316,11,0,34.33358335,-79.96027485,45031.0,474.3462727791288,3.4810126582278484,305,308,10,0,298,308,66802,8,1,0,7,0
2020-06-05,US,South Carolina,Dillon,177,3,0,34.39007791,-79.37741872,45033.0,580.7277141638505,1.6949152542372878,174,170,3,0,167,170,30599,7,0,0,7,0
2020-06-05,US,South Carolina,Dorchester,189,3,0,33.0794369,-80.40502652,45035.0,116.0869485102175,1.5873015873015872,186,165,3,0,162,165,160647,24,0,0,24,0
2020-06-05,US,South Carolina,Edgefield,54,2,0,33.77221995,-81.96231108,45037.0,198.09244314013202,3.703703703703704,52,51,2,0,49,51,27052,3,0,0,3,0
2020-06-05,US,South Carolina,Fairfield,203,17,0,34.39287073,-81.1195624,45039.0,908.3993377187096,8.374384236453201,186,181,17,0,164,181,22402,22,0,0,22,0
2020-06-05,US,South Carolina,Florence,707,39,0,34.02361754,-79.70189312,45041.0,511.23339576117377,5.516265912305517,668,678,38,0,640,678,138159,29,1,0,28,0
2020-06-05,US,South Carolina,Georgetown,82,3,0,33.43443342,-79.33202141,45043.0,130.82322910019144,3.6585365853658534,79,78,3,0,75,78,62249,4,0,0,4,0
2020-06-05,US,South Carolina,Greenville,1934,59,0,34.89502264,-82.37295012,45045.0,369.40684797017235,3.0506721820062053,1875,1751,57,0,1694,1751,514213,183,2,0,181,0
2020-06-05,US,South Carolina,Greenwood,160,2,0,34.15272415,-82.12715789,45047.0,225.953594780472,1.25,158,148,1,0,147,148,70741,12,1,0,11,0
2020-06-05,US,South Carolina,Hampton,38,1,0,32.77419582,-81.13845571,45049.0,197.6901467068984,2.631578947368421,37,38,1,0,37,38,19351,0,0,0,0,0
2020-06-05,US,South Carolina,Horry,536,29,0,33.9212828,-78.99555293,45051.0,151.37779208712132,5.41044776119403,507,472,27,0,445,472,344147,64,2,0,62,0
2020-06-05,US,South Carolina,Jasper,45,2,0,32.43171982,-81.02487495,45053.0,149.63588601070728,4.4444444444444455,43,43,2,0,41,43,28971,2,0,0,2,0
2020-06-05,US,South Carolina,Kershaw,368,14,0,34.33988254,-80.58763164,45055.0,552.9593845321633,3.804347826086957,354,339,14,0,325,339,65592,29,0,0,29,0
2020-06-05,US,South Carolina,Lancaster,189,6,0,34.68270843,-80.70513032,45057.0,192.83353058809126,3.1746031746031744,183,166,5,0,161,166,95380,23,1,0,22,0
2020-06-05,US,South Carolina,Laurens,77,4,0,34.48244419,-82.00490796,45059.0,114.0859052049842,5.194805194805196,73,69,4,0,65,69,66994,8,0,0,8,0
2020-06-05,US,South Carolina,Lee,227,18,0,34.16393091,-80.25690731,45061.0,1348.9422391252674,7.929515418502202,209,221,16,0,205,221,17142,6,2,0,4,0
2020-06-05,US,South Carolina,Lexington,766,36,0,33.89665987,-81.27146426,45063.0,256.4016736401674,4.699738903394255,730,677,34,0,643,677,295032,89,2,0,87,0
2020-06-05,US,South Carolina,Marion,74,5,0,34.07859748,-79.36400756,45067.0,241.3804351371628,6.756756756756758,69,72,5,0,67,72,31039,2,0,0,2,0
2020-06-05,US,South Carolina,Marlboro,198,3,0,34.59905577,-79.67561152,45069.0,758.0978635423845,1.5151515151515151,195,183,1,0,182,183,26398,15,2,0,13,0
2020-06-05,US,South Carolina,McCormick,10,1,0,33.90161443,-82.30794338,45065.0,105.67473317129873,10.0,9,9,1,0,8,9,9410,1,0,0,1,0
2020-06-05,US,South Carolina,Newberry,71,1,0,34.28629098,-81.59935761,45071.0,184.70343392299685,1.4084507042253518,70,63,1,0,62,63,38520,8,0,0,8,0
2020-06-05,US,South Carolina,Oconee,55,0,0,34.75225169,-83.06742317,45073.0,69.14238302365926,0.0,55,55,0,0,55,55,78374,0,0,0,0,0
2020-06-05,US,South Carolina,Orangeburg,242,4,0,33.4391073,-80.79886287,45075.0,280.8239048447926,1.6528925619834711,238,210,3,0,207,210,86934,32,1,0,31,0
2020-06-05,US,South Carolina,Pickens,186,4,0,34.88807695,-82.72791551,45077.0,146.5905866775953,2.150537634408602,182,174,3,0,171,174,124937,12,1,0,11,0
2020-06-05,US,South Carolina,Richland,1666,68,0,34.01791263,-80.90267209,45079.0,400.71291300970034,4.081632653061225,1598,1542,66,0,1476,1542,414576,124,2,0,122,0
2020-06-05,US,South Carolina,Saluda,151,1,0,34.00795823,-81.72713237,45081.0,737.556782103258,0.6622516556291391,150,148,1,0,147,148,20544,3,0,0,3,0
2020-06-05,US,South Carolina,Spartanburg,701,30,0,34.92960077,-81.99225984,45083.0,219.2097815719937,4.279600570613408,671,645,20,0,625,645,313888,56,10,0,46,0
2020-06-05,US,South Carolina,Sumter,426,19,0,33.91826534,-80.37942316,45085.0,399.1716719296109,4.460093896713615,407,396,18,0,378,396,106512,30,1,0,29,0
2020-06-05,US,South Carolina,Union,40,0,0,34.68835752,-81.61730349,45087.0,146.43432420559378,0.0,40,40,0,0,40,40,27410,0,0,0,0,0
2020-06-05,US,South Carolina,Williamsburg,254,14,0,33.62190129,-79.72767442,45089.0,836.4067439409904,5.511811023622046,240,245,14,0,231,245,30606,9,0,0,9,0
2020-06-05,US,South Carolina,York,446,10,0,34.97281497,-81.18085944,45091.0,158.73072364838654,2.242152466367713,436,421,8,0,413,421,274118,25,2,0,23,0
2020-06-05,US,South Dakota,Aurora,27,0,0,43.71757685,-98.56050467,46003.0,981.4612868047984,0.0,27,27,0,0,27,27,2801,0,0,0,0,0
2020-06-05,US,South Dakota,Beadle,343,5,0,44.41464384,-98.27858469,46005.0,1858.7763507288787,1.4577259475218658,338,341,5,0,336,308,18883,2,0,0,2,33
2020-06-05,US,South Dakota,Bon Homme,8,0,0,42.98914167,-97.88592746,46009.0,115.92522822779308,0.0,8,8,0,0,8,8,6980,0,0,0,0,0
2020-06-05,US,South Dakota,Brookings,20,0,0,44.36974375,-96.79079945,46011.0,57.01741882144996,0.0,20,20,0,0,20,20,35232,0,0,0,0,0
2020-06-05,US,South Dakota,Brown,291,1,0,45.58994323,-98.35165355,46013.0,749.2468910116121,0.3436426116838488,290,290,1,0,289,286,39316,1,0,0,1,4
2020-06-05,US,South Dakota,Brule,2,0,0,43.71756379,-99.08118954,46015.0,37.75722106852936,0.0,2,2,0,0,2,2,5229,0,0,0,0,0
2020-06-05,US,South Dakota,Buffalo,22,0,0,44.07657829,-99.20814467,46017.0,1121.3047910295618,0.0,22,21,0,0,21,22,2036,1,0,0,1,-1
2020-06-05,US,South Dakota,Charles Mix,18,0,0,43.20660134,-98.58856175,46023.0,193.71502367628068,0.0,18,18,0,0,18,18,9338,0,0,0,0,0
2020-06-05,US,South Dakota,Clark,4,0,0,44.85834507,-97.72925109,46025.0,107.06638115631692,0.0,4,4,0,0,4,4,3739,0,0,0,0,0
2020-06-05,US,South Dakota,Clay,19,0,0,42.91296147,-96.97656917,46027.0,135.03909026297086,0.0,19,18,0,0,18,15,14041,1,0,0,1,3
2020-06-05,US,South Dakota,Codington,39,0,0,44.97788119,-97.18827677,46029.0,139.24095826341534,0.0,39,39,0,0,39,38,28015,0,0,0,0,1
2020-06-05,US,South Dakota,Corson,4,0,0,45.70889983,-101.1970473,46031.0,97.89525208027409,0.0,4,4,0,0,4,4,4165,0,0,0,0,0
2020-06-05,US,South Dakota,Custer,1,0,0,43.67741105,-103.45345209999999,46033.0,11.145786892554613,0.0,1,1,0,0,1,,8726,0,0,0,0,
2020-06-05,US,South Dakota,Davison,24,0,0,43.67490933,-98.14458906,46035.0,121.36536030341341,0.0,24,20,0,0,20,20,19790,4,0,0,4,0
2020-06-05,US,South Dakota,Day,14,0,0,45.367281,-97.60737498,46037.0,258.11209439528017,0.0,14,14,0,0,14,13,5505,0,0,0,0,1
2020-06-05,US,South Dakota,Deuel,1,0,0,44.75994309,-96.66943645,46039.0,22.983222247759137,0.0,1,1,0,0,1,1,4337,0,0,0,0,0
2020-06-05,US,South Dakota,Douglas,3,0,0,43.38520741,-98.36978007,46043.0,102.70455323519344,0.0,3,3,0,0,3,3,2935,0,0,0,0,0
2020-06-05,US,South Dakota,Edmunds,3,0,0,45.41846445,-99.21545423,46045.0,78.34943849569079,0.0,3,3,0,0,3,3,3875,0,0,0,0,0
2020-06-05,US,South Dakota,Fall River,6,0,0,43.23929297,-103.5275691,46047.0,89.37881722031878,0.0,6,6,0,0,6,6,6758,0,0,0,0,0
2020-06-05,US,South Dakota,Faulk,1,0,0,45.07082625,-99.14535601,46049.0,43.497172683775545,0.0,1,1,0,0,1,1,2330,0,0,0,0,0
2020-06-05,US,South Dakota,Grant,13,0,0,45.1723937,-96.77002276,46051.0,184.344866704481,0.0,13,13,0,0,13,13,7147,0,0,0,0,0
2020-06-05,US,South Dakota,Gregory,1,0,0,43.19419064,-99.18883902,46053.0,23.894862604540023,0.0,1,1,0,0,1,1,4212,0,0,0,0,0
2020-06-05,US,South Dakota,Hamlin,5,0,0,44.67385954,-97.18829593,46057.0,81.11615833874106,0.0,5,5,0,0,5,4,6111,0,0,0,0,1
2020-06-05,US,South Dakota,Hand,4,0,0,44.54708407,-99.00386459,46059.0,125.35255405828892,0.0,4,3,0,0,3,3,3262,1,0,0,1,0
2020-06-05,US,South Dakota,Hanson,2,0,0,43.6746384,-97.78715148,46061.0,57.92064871126557,0.0,2,1,0,0,1,1,3376,1,0,0,1,0
2020-06-05,US,South Dakota,Hughes,19,0,0,44.39091534,-99.99661148,46065.0,108.41036174825972,0.0,19,19,0,0,19,19,17650,0,0,0,0,0
2020-06-05,US,South Dakota,Hutchinson,6,0,0,43.33449012,-97.75536441,46067.0,82.2932382389247,0.0,6,6,0,0,6,6,7380,0,0,0,0,0
2020-06-05,US,South Dakota,Hyde,1,0,0,44.54747703,-99.48572582,46069.0,76.86395080707149,0.0,1,1,0,0,1,1,1282,0,0,0,0,0
2020-06-05,US,South Dakota,Jackson,4,0,0,43.69318385,-101.6255063,46071.0,119.61722488038279,0.0,4,4,0,0,4,4,3307,0,0,0,0,0
2020-06-05,US,South Dakota,Jerauld,39,1,0,44.06637798,-98.62965972,46073.0,1937.4068554396426,2.5641025641025643,38,39,1,0,38,38,2043,0,0,0,0,1
2020-06-05,US,South Dakota,Kingsbury,3,0,0,44.36956169,-97.4913945,46077.0,60.74104069649727,0.0,3,3,0,0,3,3,4919,0,0,0,0,0
2020-06-05,US,South Dakota,Lake,12,0,0,44.02193107,-97.12926365,46079.0,93.77197780729858,0.0,12,12,0,0,12,10,13057,0,0,0,0,2
2020-06-05,US,South Dakota,Lawrence,12,0,0,44.35919441,-103.79294279999999,46081.0,46.43244079863797,0.0,12,11,0,0,11,11,25741,1,0,0,1,0
2020-06-05,US,South Dakota,Lincoln,246,0,0,43.27841182,-96.72039050000001,46083.0,402.4342363564978,0.0,246,243,0,0,243,240,58807,3,0,0,3,3
2020-06-05,US,South Dakota,Lyman,16,0,0,43.89522709,-99.85201878,46085.0,423.1684739486908,0.0,16,16,0,0,16,15,3821,0,0,0,0,1
2020-06-05,US,South Dakota,Marshall,4,0,0,45.75870838,-97.59855639,46091.0,81.05369807497469,0.0,4,4,0,0,4,4,5112,0,0,0,0,0
2020-06-05,US,South Dakota,McCook,6,1,0,43.6742571,-97.36863144,46087.0,107.41138560687432,16.666666666666668,5,6,1,0,5,6,5546,0,0,0,0,0
2020-06-05,US,South Dakota,McPherson,1,0,0,45.76626028,-99.22118798,46089.0,42.03446826397647,0.0,1,1,0,0,1,1,2407,0,0,0,0,0
2020-06-05,US,South Dakota,Meade,24,0,0,44.56676791,-102.71627409999999,46093.0,84.7098686997035,0.0,24,24,0,0,24,22,28294,0,0,0,0,2
2020-06-05,US,South Dakota,Miner,2,0,0,44.02197882,-97.60992207,46097.0,90.25270758122744,0.0,2,2,0,0,2,2,2213,0,0,0,0,0
2020-06-05,US,South Dakota,Minnehaha,3387,50,0,43.67441641,-96.7910885,46099.0,1753.7046817235705,1.4762326542663124,3337,3385,50,0,3335,3377,192876,2,0,0,2,8
2020-06-05,US,South Dakota,Moody,19,0,0,44.02266214,-96.67081159,46101.0,288.92944038929437,0.0,19,19,0,0,19,19,6579,0,0,0,0,0
2020-06-05,US,South Dakota,Oglala Lakota,35,0,0,43.33749164,-102.55554980000001,46102.0,246.8787472666996,0.0,35,34,0,0,34,32,14309,1,0,0,1,2
2020-06-05,US,South Dakota,Pennington,284,5,0,44.0025835,-102.8240777,46103.0,249.61546912766426,1.7605633802816902,279,275,5,0,270,257,111729,9,0,0,9,18
2020-06-05,US,South Dakota,Roberts,37,0,0,45.62975048,-96.94672673,46109.0,355.974600731191,0.0,37,37,0,0,37,36,10447,0,0,0,0,1
2020-06-05,US,South Dakota,Sanborn,13,0,0,44.02351092,-98.09098159999999,46111.0,554.6075085324234,0.0,13,13,0,0,13,13,2429,0,0,0,0,0
2020-06-05,US,South Dakota,Spink,5,0,0,44.93837606,-98.34626602,46115.0,78.41907151819322,0.0,5,5,0,0,5,5,6495,0,0,0,0,0
2020-06-05,US,South Dakota,Stanley,10,0,0,44.41381872,-100.7349153,46117.0,322.7888960619755,0.0,10,10,0,0,10,10,3022,0,0,0,0,0
2020-06-05,US,South Dakota,Sully,1,0,0,44.71571812,-100.1278092,46119.0,71.89072609633357,0.0,1,1,0,0,1,1,1392,0,0,0,0,0
2020-06-05,US,South Dakota,Todd,33,1,0,43.19338568,-100.71955030000001,46121.0,324.26058759948904,3.0303030303030303,32,31,1,0,30,28,10283,2,0,0,2,3
2020-06-05,US,South Dakota,Tripp,6,0,0,43.34459388,-99.8854891,46123.0,110.27384671935306,0.0,6,6,0,0,6,6,5478,0,0,0,0,0
2020-06-05,US,South Dakota,Turner,25,0,0,43.3109081,-97.14865776,46125.0,298.18702290076334,0.0,25,25,0,0,25,25,8424,0,0,0,0,0
2020-06-05,US,South Dakota,Union,93,0,0,42.83112163,-96.6557828,46127.0,583.730856138589,0.0,93,93,0,0,93,92,15619,0,0,0,0,1
2020-06-05,US,South Dakota,Walworth,5,0,0,45.43019636,-100.03075140000001,46129.0,91.99632014719411,0.0,5,5,0,0,5,5,5587,0,0,0,0,0
2020-06-05,US,South Dakota,Yankton,52,0,0,43.00924485,-97.39467635,46135.0,227.93021828701674,0.0,52,51,0,0,51,51,22869,1,0,0,1,0
2020-06-05,US,South Dakota,Ziebach,2,0,0,44.97881876,-101.6654622,46137.0,72.5689404934688,0.0,2,2,0,0,2,1,2742,0,0,0,0,1
2020-06-05,US,Tennessee,Anderson,42,2,0,36.12684348,-84.19965764,47001.0,54.56104341500169,4.761904761904762,40,42,2,0,40,41,76482,0,0,0,0,1
2020-06-05,US,Tennessee,Bedford,302,4,0,35.51123746,-86.45549096,47003.0,607.4869752378652,1.3245033112582782,298,297,4,0,293,295,49038,5,0,0,5,2
2020-06-05,US,Tennessee,Benton,7,1,0,36.07110411,-88.06849355,47005.0,43.31683168316832,14.285714285714285,6,7,1,0,6,7,16184,0,0,0,0,0
2020-06-05,US,Tennessee,Bledsoe,613,1,0,35.59942968,-85.20611967,47007.0,4069.3043016463093,0.1631321370309951,612,610,1,0,609,610,14755,3,0,0,3,0
2020-06-05,US,Tennessee,Blount,93,3,0,35.68938198,-83.92847788,47009.0,69.87857658090887,3.2258064516129035,90,93,3,0,90,93,131349,0,0,0,0,0
2020-06-05,US,Tennessee,Bradley,174,2,0,35.15739424,-84.857186,47011.0,160.94718342429007,1.1494252873563218,172,166,1,0,165,161,106727,8,1,0,7,5
2020-06-05,US,Tennessee,Campbell,18,1,0,36.40355516,-84.15108559999999,47013.0,45.178454896842524,5.5555555555555545,17,18,1,0,17,18,39583,0,0,0,0,0
2020-06-05,US,Tennessee,Cannon,32,0,0,35.80990797,-86.05738983,47015.0,218.01335331789073,0.0,32,32,0,0,32,32,14462,0,0,0,0,0
2020-06-05,US,Tennessee,Carroll,28,1,0,35.97366108,-88.45189331,47017.0,100.83912558072531,3.571428571428572,27,28,1,0,27,28,28020,0,0,0,0,0
2020-06-05,US,Tennessee,Carter,19,1,0,36.28969086,-82.12588974,47019.0,33.693319856005395,5.2631578947368425,18,19,1,0,18,19,56351,0,0,0,0,0
2020-06-05,US,Tennessee,Cheatham,140,0,0,36.26136216,-87.08903581,47021.0,344.2594732830059,0.0,140,135,0,0,135,135,40439,5,0,0,5,0
2020-06-05,US,Tennessee,Chester,12,0,0,35.42527478,-88.6095842,47023.0,69.37619240330693,0.0,12,12,0,0,12,12,17276,0,0,0,0,0
2020-06-05,US,Tennessee,Claiborne,12,0,0,36.48319149,-83.65947309,47025.0,37.54810851403361,0.0,12,12,0,0,12,12,31756,0,0,0,0,0
2020-06-05,US,Tennessee,Clay,8,0,0,36.55151008,-85.53930419,47027.0,105.05581089954036,0.0,8,8,0,0,8,8,7717,0,0,0,0,0
2020-06-05,US,Tennessee,Cocke,21,0,0,35.9278914,-83.11828725,47029.0,58.326852571936456,0.0,21,21,0,0,21,21,35774,0,0,0,0,0
2020-06-05,US,Tennessee,Coffee,81,0,0,35.49090731,-86.07311784,47031.0,143.31210191082803,0.0,81,78,0,0,78,74,55700,3,0,0,3,4
2020-06-05,US,Tennessee,Crockett,16,3,0,35.81830662,-89.14916269,47033.0,112.43851018974001,18.75,13,16,2,0,14,16,14328,0,1,0,-1,0
2020-06-05,US,Tennessee,Cumberland,120,2,0,35.95271721,-84.99840585,47035.0,198.28155981493717,1.6666666666666667,118,120,2,0,118,119,59673,0,0,0,0,1
2020-06-05,US,Tennessee,Davidson,5638,69,0,36.17007426,-86.78646056,47037.0,812.2234003319196,1.2238382405108197,5569,5516,66,0,5450,5429,692587,122,3,0,119,87
2020-06-05,US,Tennessee,DeKalb,39,0,0,35.97616272,-85.83689361,47041.0,190.33674963396783,0.0,39,38,0,0,38,38,20138,1,0,0,1,0
2020-06-05,US,Tennessee,Decatur,5,0,0,35.60048904,-88.11043779,47039.0,42.87061647946497,0.0,5,5,0,0,5,5,11706,0,0,0,0,0
2020-06-05,US,Tennessee,Dickson,121,0,0,36.14669837,-87.35891709,47043.0,224.29005709201454,0.0,121,120,0,0,120,118,53446,1,0,0,1,2
2020-06-05,US,Tennessee,Dyer,59,0,0,36.05931946,-89.41542855,47045.0,158.77714685540516,0.0,59,57,0,0,57,57,37320,2,0,0,2,0
2020-06-05,US,Tennessee,Fayette,144,2,0,35.19615831,-89.41399032,47047.0,350.08387426154184,1.3888888888888888,142,136,2,0,134,125,40507,8,0,0,8,11
2020-06-05,US,Tennessee,Fentress,12,0,0,36.38128818,-84.92870012,47049.0,64.78432219402903,0.0,12,12,0,0,12,12,18217,0,0,0,0,0
2020-06-05,US,Tennessee,Franklin,54,1,0,35.15634626,-86.09201039,47051.0,127.93783169067476,1.851851851851852,53,54,1,0,53,54,41890,0,0,0,0,0
2020-06-05,US,Tennessee,Gibson,63,1,0,35.99438059,-88.93358327,47053.0,128.2233936458185,1.5873015873015872,62,63,1,0,62,63,49045,0,0,0,0,0
2020-06-05,US,Tennessee,Giles,14,0,0,35.20222469,-87.03992678,47055.0,47.51561227260385,0.0,14,13,0,0,13,12,29503,1,0,0,1,1
2020-06-05,US,Tennessee,Grainger,15,0,0,36.27469206,-83.51254721,47057.0,64.32246998284735,0.0,15,13,0,0,13,11,23145,2,0,0,2,2
2020-06-05,US,Tennessee,Greene,52,2,0,36.17470125,-82.84691273,47059.0,75.28703180877093,3.8461538461538463,50,52,2,0,50,52,69087,0,0,0,0,0
2020-06-05,US,Tennessee,Grundy,32,1,0,35.38433717,-85.72142731,47061.0,238.3257615252849,3.125,31,31,1,0,30,31,13346,1,0,0,1,0
2020-06-05,US,Tennessee,Hamblen,44,2,0,36.21990035,-83.26586179,47063.0,67.76111128222503,4.545454545454546,42,42,2,0,40,43,64569,2,0,0,2,-1
2020-06-05,US,Tennessee,Hamilton,992,19,0,35.17670231,-85.16652245,47065.0,269.7088666789921,1.9153225806451613,973,964,19,0,945,935,364286,28,0,0,28,29
2020-06-05,US,Tennessee,Hancock,1,0,0,36.52692871,-83.22375847,47067.0,15.105740181268883,0.0,1,1,0,0,1,1,6549,0,0,0,0,0
2020-06-05,US,Tennessee,Hardeman,204,0,0,35.20772017,-88.99161161,47069.0,814.3712574850299,0.0,204,202,0,0,202,201,25220,2,0,0,2,1
2020-06-05,US,Tennessee,Hardin,22,2,0,35.19732531,-88.18593755,47071.0,85.76329331046313,9.090909090909092,20,22,2,0,20,22,25776,0,0,0,0,0
2020-06-05,US,Tennessee,Hawkins,34,2,0,36.44355426,-82.94885298,47073.0,59.87391258408763,5.882352941176472,32,34,2,0,32,34,56530,0,0,0,0,0
2020-06-05,US,Tennessee,Haywood,34,2,0,35.58332824,-89.28536625,47075.0,196.48636153490526,5.882352941176472,32,33,2,0,31,33,17335,1,0,0,1,0
2020-06-05,US,Tennessee,Henderson,15,0,0,35.65581134,-88.38600175,47077.0,53.34850802005904,0.0,15,15,0,0,15,15,27847,0,0,0,0,0
2020-06-05,US,Tennessee,Henry,32,0,0,36.33160906,-88.30121797,47079.0,98.93337455557273,0.0,32,32,0,0,32,31,32358,0,0,0,0,1
2020-06-05,US,Tennessee,Hickman,59,0,0,35.80609681,-87.47643507,47081.0,234.33155929779969,0.0,59,58,0,0,58,58,25063,1,0,0,1,0
2020-06-05,US,Tennessee,Houston,8,0,0,36.28872054,-87.71878828,47083.0,97.54907938056334,0.0,8,8,0,0,8,8,8263,0,0,0,0,0
2020-06-05,US,Tennessee,Humphreys,16,1,0,36.03958805,-87.77992872,47085.0,86.10483263373156,6.25,15,15,1,0,14,15,18486,1,0,0,1,0
2020-06-05,US,Tennessee,Jackson,19,0,0,36.36380466,-85.67239905,47087.0,161.20821313422704,0.0,19,19,0,0,19,19,11758,0,0,0,0,0
2020-06-05,US,Tennessee,Jefferson,29,0,0,36.04818632,-83.45148924,47089.0,53.215891366180394,0.0,29,29,0,0,29,28,54012,0,0,0,0,1
2020-06-05,US,Tennessee,Johnson,19,0,0,36.45523950000001,-81.84886538,47091.0,106.8135821902406,0.0,19,19,0,0,19,19,17778,0,0,0,0,0
2020-06-05,US,Tennessee,Knox,445,5,0,35.99508821,-83.94635435,47093.0,94.61783960894128,1.1235955056179776,440,435,5,0,430,436,465289,10,0,0,10,-1
2020-06-05,US,Tennessee,Lake,835,0,0,36.34180170000001,-89.48921915,47095.0,11901.368301026228,0.0,835,835,0,0,835,835,7411,0,0,0,0,0
2020-06-05,US,Tennessee,Lauderdale,60,1,0,35.75893438,-89.63015909999999,47097.0,234.0732649319237,1.6666666666666667,59,59,1,0,58,59,25825,1,0,0,1,0
2020-06-05,US,Tennessee,Lawrence,35,0,0,35.21675201,-87.39787695,47099.0,79.2895654931811,0.0,35,33,0,0,33,33,43734,2,0,0,2,0
2020-06-05,US,Tennessee,Lewis,3,0,0,35.52853208,-87.49022694,47101.0,24.45386371046625,0.0,3,3,0,0,3,3,12086,0,0,0,0,0
2020-06-05,US,Tennessee,Lincoln,30,0,0,35.13738622,-86.58910106,47103.0,87.29558284350811,0.0,30,29,0,0,29,29,34117,1,0,0,1,0
2020-06-05,US,Tennessee,Loudon,165,0,0,35.73939663,-84.31145275,47105.0,305.1712658134201,0.0,165,161,0,0,161,157,53054,4,0,0,4,4
2020-06-05,US,Tennessee,Macon,171,3,0,36.53157855,-86.00778595,47111.0,695.0654418339972,1.7543859649122806,168,166,3,0,163,158,24265,5,0,0,5,8
2020-06-05,US,Tennessee,Madison,173,2,0,35.61181957,-88.84076036,47113.0,176.55943827563684,1.1560693641618498,171,173,2,0,171,173,97605,0,0,0,0,0
2020-06-05,US,Tennessee,Marion,44,1,0,35.12997174,-85.62265895,47115.0,152.21226692496626,2.272727272727273,43,44,1,0,43,42,28575,0,0,0,0,2
2020-06-05,US,Tennessee,Marshall,34,1,0,35.45798777,-86.76420988,47117.0,98.9090909090909,2.9411764705882355,33,33,1,0,32,33,33683,1,0,0,1,0
2020-06-05,US,Tennessee,Maury,108,1,0,35.618741299999996,-87.07462444,47119.0,112.0483052693828,0.925925925925926,107,107,1,0,106,105,94340,1,0,0,1,2
2020-06-05,US,Tennessee,McMinn,146,14,0,35.42812616,-84.61520715,47107.0,271.40573298137343,9.58904109589041,132,146,14,0,132,144,53285,0,0,0,0,2
2020-06-05,US,Tennessee,McNairy,15,0,0,35.17468549,-88.5647812,47109.0,58.37938818401183,0.0,15,15,0,0,15,15,25832,0,0,0,0,0
2020-06-05,US,Tennessee,Meigs,27,0,0,35.51558739,-84.81482914,47121.0,217.35630333279664,0.0,27,27,0,0,27,27,12306,0,0,0,0,0
2020-06-05,US,Tennessee,Monroe,74,3,0,35.44550387,-84.24902965,47123.0,158.98592759694918,4.0540540540540535,71,71,3,0,68,69,46357,3,0,0,3,2
2020-06-05,US,Tennessee,Montgomery,287,3,0,36.49609412,-87.38550661,47125.0,137.32517357040663,1.0452961672473868,284,286,3,0,283,283,205950,1,0,0,1,3
2020-06-05,US,Tennessee,Moore,5,0,0,35.27724699,-86.36230578,47127.0,77.06535141800245,0.0,5,5,0,0,5,5,6411,0,0,0,0,0
2020-06-05,US,Tennessee,Morgan,18,0,0,36.13248031,-84.64880098,47129.0,84.10035976265009,0.0,18,17,0,0,17,17,21579,1,0,0,1,0
2020-06-05,US,Tennessee,Obion,48,1,0,36.35732446,-89.14921589,47131.0,159.63284445774718,2.083333333333333,47,45,3,0,42,43,30267,3,-2,0,5,2
2020-06-05,US,Tennessee,Out of TN,426,4,0,0.0,0.0,80047.0,0.0,0.9389671361502347,422,426,4,0,422,426,,0,0,0,0,0
2020-06-05,US,Tennessee,Overton,33,0,0,36.34117832,-85.28989535,47133.0,148.3746234431905,0.0,33,32,0,0,32,32,22068,1,0,0,1,0
2020-06-05,US,Tennessee,Perry,24,0,0,35.63708728,-87.86139634,47135.0,297.1768202080238,0.0,24,24,0,0,24,24,8064,0,0,0,0,0
2020-06-05,US,Tennessee,Pickett,3,0,0,36.55606529,-85.07763299999998,47137.0,59.429477020602214,0.0,3,3,0,0,3,3,5082,0,0,0,0,0
2020-06-05,US,Tennessee,Polk,19,0,0,35.12245443,-84.52075859,47139.0,112.88022813688214,0.0,19,19,0,0,19,18,16898,0,0,0,0,1
2020-06-05,US,Tennessee,Putnam,525,6,0,36.14005459,-85.50646123,47141.0,654.2463704903732,1.1428571428571428,519,524,6,0,518,519,78843,1,0,0,1,5
2020-06-05,US,Tennessee,Rhea,217,0,0,35.60536161,-84.93076643,47143.0,654.2647812584797,0.0,217,217,0,0,217,214,33044,0,0,0,0,3
2020-06-05,US,Tennessee,Roane,17,0,0,35.84923189,-84.52458689,47145.0,31.845940579221462,0.0,17,16,0,0,16,16,53140,1,0,0,1,0
2020-06-05,US,Tennessee,Robertson,542,5,0,36.52454807,-86.87346725,47147.0,754.7380000835502,0.922509225092251,537,523,5,0,518,516,71012,19,0,0,19,7
2020-06-05,US,Tennessee,Rutherford,1398,29,0,35.84591405,-86.4107263,47149.0,420.7231743834359,2.0743919885550786,1369,1343,28,0,1315,1321,324890,55,1,0,54,22
2020-06-05,US,Tennessee,Scott,13,0,0,36.42325673,-84.50360494,47151.0,58.908827261192684,0.0,13,12,0,0,12,12,22039,1,0,0,1,0
2020-06-05,US,Tennessee,Sequatchie,20,0,0,35.36979721,-85.41022136,47153.0,133.1026221216558,0.0,20,20,0,0,20,19,14876,0,0,0,0,1
2020-06-05,US,Tennessee,Sevier,100,2,0,35.78077323,-83.52244332,47155.0,101.78117048346056,2.0,98,97,2,0,95,94,97892,3,0,0,3,3
2020-06-05,US,Tennessee,Shelby,5669,127,0,35.1864775,-89.89692423,47157.0,604.9088421901778,2.2402540130534487,5542,5546,124,0,5422,5428,935764,123,3,0,120,118
2020-06-05,US,Tennessee,Smith,36,1,0,36.25359775,-85.95411046,47159.0,178.59800565560352,2.7777777777777777,35,36,1,0,35,37,19942,0,0,0,0,-1
2020-06-05,US,Tennessee,Stewart,14,0,0,36.50235092,-87.83920548,47161.0,102.0780167699599,0.0,14,13,0,0,13,13,13561,1,0,0,1,0
2020-06-05,US,Tennessee,Sullivan,60,2,0,36.51240691,-82.30412917,47163.0,37.891226917927604,3.333333333333333,58,60,2,0,58,60,157668,0,0,0,0,0
2020-06-05,US,Tennessee,Sumner,951,46,0,36.46824103,-86.45917204,47165.0,497.1691159172535,4.837013669821242,905,938,46,0,892,931,187149,13,0,0,13,7
2020-06-05,US,Tennessee,Tipton,467,3,0,35.501942,-89.73694895,47167.0,758.1291904089352,0.6423982869379015,464,461,3,0,458,459,61581,6,0,0,6,2
2020-06-05,US,Tennessee,Trousdale,1394,4,0,36.39026213,-86.16087954,47169.0,12353.775257001065,0.2869440459110473,1390,1394,4,0,1390,1394,11012,0,0,0,0,0
2020-06-05,US,Tennessee,Unassigned,161,0,0,0.0,0.0,90047.0,0.0,0.0,161,161,0,0,161,161,,0,0,0,0,0
2020-06-05,US,Tennessee,Unicoi,49,0,0,36.10890856,-82.43709629,47171.0,274.00324330369625,0.0,49,48,0,0,48,48,17761,1,0,0,1,0
2020-06-05,US,Tennessee,Union,4,0,0,36.28590426,-83.83651902,47173.0,20.02803925495694,0.0,4,4,0,0,4,4,19688,0,0,0,0,0
2020-06-05,US,Tennessee,Van Buren,4,0,0,35.69864497,-85.45221699,47175.0,68.11989100817439,0.0,4,4,0,0,4,4,5765,0,0,0,0,0
2020-06-05,US,Tennessee,Warren,27,0,0,35.672829899999996,-85.77969117,47177.0,65.41173050367033,0.0,27,26,0,0,26,26,40878,1,0,0,1,0
2020-06-05,US,Tennessee,Washington,76,0,0,36.29472368,-82.49454720000001,47179.0,58.743961352657,0.0,76,75,0,0,75,75,128607,1,0,0,1,0
2020-06-05,US,Tennessee,Wayne,64,0,0,35.23868267,-87.78644456,47181.0,383.85413542853723,0.0,64,64,0,0,64,64,16558,0,0,0,0,0
2020-06-05,US,Tennessee,Weakley,26,0,0,36.29896232,-88.71990865,47183.0,78.01248199711955,0.0,26,26,0,0,26,26,33415,0,0,0,0,0
2020-06-05,US,Tennessee,White,34,0,0,35.92929884,-85.45591799,47185.0,124.3371731577985,0.0,34,33,0,0,33,34,27107,1,0,0,1,-1
2020-06-05,US,Tennessee,Williamson,595,11,0,35.89099229,-86.89281867,47187.0,249.5679747663708,1.8487394957983196,584,589,11,0,578,577,231729,6,0,0,6,12
2020-06-05,US,Tennessee,Wilson,459,8,0,36.15496772,-86.29775884,47189.0,317.30230821875193,1.7429193899782136,451,449,8,0,441,442,140625,10,0,0,10,7
2020-06-05,US,Texas,Anderson,87,0,0,31.81534745,-95.65354823,48001.0,150.6884905170174,0.0,87,85,0,0,85,78,58057,2,0,0,2,7
2020-06-05,US,Texas,Andrews,27,0,0,32.30468633,-102.63765479999999,48003.0,144.34643143544506,0.0,27,27,0,0,27,27,18128,0,0,0,0,0
2020-06-05,US,Texas,Angelina,232,5,0,31.25457347,-94.60901487,48005.0,267.54310096292454,2.155172413793104,227,232,5,0,227,232,87092,0,0,0,0,0
2020-06-05,US,Texas,Aransas,5,0,0,28.10556197,-96.9995047,48007.0,21.267545725223307,0.0,5,5,0,0,5,5,23792,0,0,0,0,0
2020-06-05,US,Texas,Archer,2,0,0,33.61569967,-98.68754589,48009.0,23.383608090728398,0.0,2,1,0,0,1,1,8786,1,0,0,1,0
2020-06-05,US,Texas,Armstrong,3,0,0,34.96507426,-101.35748740000001,48011.0,158.9825119236884,0.0,3,3,0,0,3,3,1892,0,0,0,0,0
2020-06-05,US,Texas,Atascosa,41,2,0,28.89333001,-98.52730485,48013.0,80.1517017574727,4.878048780487805,39,38,2,0,36,37,50310,3,0,0,3,1
2020-06-05,US,Texas,Austin,29,0,0,29.88548725,-96.27736949,48015.0,96.56366542354822,0.0,29,27,0,0,27,27,29989,2,0,0,2,0
2020-06-05,US,Texas,Bailey,24,0,0,34.06854817,-102.8299707,48017.0,342.85714285714283,0.0,24,19,0,0,19,19,7027,5,0,0,5,0
2020-06-05,US,Texas,Bandera,6,0,0,29.74619598,-99.24598147,48019.0,25.960539979231573,0.0,6,6,0,0,6,6,22824,0,0,0,0,0
2020-06-05,US,Texas,Bastrop,245,3,0,30.10370699,-97.31206354,48021.0,276.140346922444,1.2244897959183674,242,240,3,0,237,231,86976,5,0,0,5,9
2020-06-05,US,Texas,Baylor,3,0,0,33.61640794,-99.21352901,48023.0,85.49444286121403,0.0,3,,,,,,3582,,,,,
2020-06-05,US,Texas,Bee,18,0,0,28.41761668,-97.74215593,48025.0,55.274067250115145,0.0,18,11,0,0,11,11,32587,7,0,0,7,0
2020-06-05,US,Texas,Bell,432,5,0,31.03736027,-97.4785025,48027.0,119.03318601139631,1.1574074074074074,427,423,5,0,418,411,355642,9,0,0,9,12
2020-06-05,US,Texas,Bexar,3018,78,0,29.44928723,-98.52019748,48029.0,150.63232635606528,2.584493041749503,2940,2882,75,0,2807,2882,1986049,136,3,0,133,0
2020-06-05,US,Texas,Blanco,11,1,0,30.26640707,-98.3999852,48031.0,92.19679825664237,9.090909090909092,10,11,1,0,10,11,11702,0,0,0,0,0
2020-06-05,US,Texas,Bosque,7,0,0,31.89978581,-97.63613524,48035.0,37.46320578003746,0.0,7,7,0,0,7,7,18691,0,0,0,0,0
2020-06-05,US,Texas,Bowie,301,6,0,33.44626922,-94.41834132,48037.0,322.8055123599121,1.9933554817275747,295,296,6,0,290,287,94324,5,0,0,5,9
2020-06-05,US,Texas,Brazoria,967,12,0,29.18757369,-95.44563172,48039.0,258.3737682491503,1.240951396070321,955,957,12,0,945,941,370200,10,0,0,10,16
2020-06-05,US,Texas,Brazos,532,22,0,30.663644800000004,-96.30205577,48041.0,232.10055363835068,4.135338345864661,510,517,21,0,496,501,226758,15,1,0,14,16
2020-06-05,US,Texas,Brewster,1,0,0,29.81008251,-103.25203259999999,48043.0,10.866021949364338,0.0,1,1,0,0,1,1,9267,0,0,0,0,0
2020-06-05,US,Texas,Briscoe,1,0,0,34.53026962,-101.2084947,48045.0,64.68305304010349,0.0,1,1,0,0,1,1,1516,0,0,0,0,0
2020-06-05,US,Texas,Brooks,1,0,0,27.03103197,-98.21808402,48047.0,14.098406880022555,0.0,1,1,0,0,1,1,7114,0,0,0,0,0
2020-06-05,US,Texas,Brown,59,10,0,31.77430356,-98.99907113,48049.0,155.8208324529896,16.949152542372882,49,59,10,0,49,59,37924,0,0,0,0,0
2020-06-05,US,Texas,Burleson,29,0,0,30.49273808,-96.62158484,48051.0,157.24122973485873,0.0,29,28,0,0,28,26,18389,1,0,0,1,2
2020-06-05,US,Texas,Burnet,49,0,0,30.78801353,-98.181887,48053.0,101.75475028553629,0.0,49,49,0,0,49,45,47542,0,0,0,0,4
2020-06-05,US,Texas,Caldwell,74,0,0,29.83668859,-97.61814775,48055.0,169.47599853426163,0.0,74,73,0,0,73,73,43247,1,0,0,1,0
2020-06-05,US,Texas,Calhoun,37,3,0,28.47048236,-96.61633945,48057.0,173.79051197745417,8.108108108108109,34,37,3,0,34,37,21561,0,0,0,0,0
2020-06-05,US,Texas,Callahan,10,1,0,32.29760619,-99.37326312,48059.0,71.72057663343614,10.0,9,10,1,0,9,9,13994,0,0,0,0,1
2020-06-05,US,Texas,Cameron,841,39,0,26.14524221,-97.48140372,48061.0,198.7413833440069,4.637336504161712,802,820,39,0,781,799,423908,21,0,0,21,21
2020-06-05,US,Texas,Camp,87,0,0,32.97195142,-94.97790104,48063.0,664.4264548648235,0.0,87,85,0,0,85,84,13033,2,0,0,2,1
2020-06-05,US,Texas,Carson,6,0,0,35.40365929,-101.35426690000001,48065.0,101.24873439082012,0.0,6,6,0,0,6,6,6005,0,0,0,0,0
2020-06-05,US,Texas,Cass,30,1,0,33.07499881,-94.34646905,48067.0,99.9134083794045,3.333333333333333,29,30,1,0,29,30,30119,0,0,0,0,0
2020-06-05,US,Texas,Castro,34,1,0,34.53016752,-102.2617243,48069.0,451.527224435591,2.9411764705882355,33,34,1,0,33,33,7665,0,0,0,0,1
2020-06-05,US,Texas,Chambers,73,0,0,29.70972016,-94.67154501,48071.0,166.52599402331361,0.0,73,73,0,0,73,69,42454,0,0,0,0,4
2020-06-05,US,Texas,Cherokee,50,2,0,31.837258000000002,-95.16559897,48073.0,94.9739771302663,4.0,48,49,2,0,47,47,52592,1,0,0,1,2
2020-06-05,US,Texas,Childress,2,0,0,34.529304100000004,-100.2077916,48075.0,27.37476047084588,0.0,2,2,0,0,2,2,7291,0,0,0,0,0
2020-06-05,US,Texas,Clay,5,0,0,33.78686685,-98.20771198,48077.0,47.75093114315729,0.0,5,5,0,0,5,4,10456,0,0,0,0,1
2020-06-05,US,Texas,Cochran,1,0,0,33.60425307,-102.82844990000001,48079.0,35.05082369435681,0.0,1,1,0,0,1,1,2836,0,0,0,0,0
2020-06-05,US,Texas,Coke,1,0,0,31.88911733,-100.5297533,48081.0,29.524653085326253,0.0,1,1,0,0,1,1,3370,0,0,0,0,0
2020-06-05,US,Texas,Coleman,4,0,0,31.76736834,-99.45240766,48083.0,48.92966360856269,0.0,4,4,0,0,4,4,8397,0,0,0,0,0
2020-06-05,US,Texas,Collin,1430,36,0,33.18820114,-96.57264368,48085.0,138.2003034608062,2.517482517482517,1394,1388,34,0,1354,1346,1005146,42,2,0,40,42
2020-06-05,US,Texas,Collingsworth,5,0,0,34.96489496,-100.27001109999999,48087.0,171.23287671232876,0.0,5,5,0,0,5,5,2962,0,0,0,0,0
2020-06-05,US,Texas,Colorado,24,0,0,29.622097999999998,-96.5273805,48089.0,111.66426278323178,0.0,24,24,0,0,24,23,21217,0,0,0,0,1
2020-06-05,US,Texas,Comal,113,7,0,29.80811278,-98.27647225,48091.0,72.3389817488109,6.1946902654867255,106,111,7,0,104,108,148373,2,0,0,2,3
2020-06-05,US,Texas,Comanche,12,1,0,31.94854689,-98.55876441,48093.0,88.008800880088,8.333333333333334,11,12,1,0,11,12,13534,0,0,0,0,0
2020-06-05,US,Texas,Concho,1,0,0,31.32635934,-99.86473038,48095.0,36.683785766691116,0.0,1,1,0,0,1,1,4276,0,0,0,0,0
2020-06-05,US,Texas,Cooke,20,0,0,33.63979567,-97.21240912,48097.0,48.47662214896866,0.0,20,19,0,0,19,18,40574,1,0,0,1,1
2020-06-05,US,Texas,Coryell,289,2,0,31.39078397,-97.79936155,48099.0,380.5084857342234,0.6920415224913494,287,289,2,0,287,289,74808,0,0,0,0,0
2020-06-05,US,Texas,Cottle,4,1,0,34.07783319,-100.27850620000001,48101.0,286.12303290414883,25.0,3,4,1,0,3,4,1389,0,0,0,0,0
2020-06-05,US,Texas,Crane,26,5,0,31.43052248,-102.5143314,48103.0,542.0054200542005,19.23076923076923,21,25,5,0,20,25,4794,1,0,0,1,0
2020-06-05,US,Texas,Crockett,1,0,0,30.72367027,-101.4134238,48105.0,28.868360277136254,0.0,1,,,,,,3499,,,,,
2020-06-05,US,Texas,Crosby,3,1,0,33.61431553,-101.30003640000001,48107.0,52.292138748474805,33.333333333333336,2,3,1,0,2,3,5779,0,0,0,0,0
2020-06-05,US,Texas,Dallam,27,1,0,36.27787176,-102.60207249999999,48111.0,370.52284890901603,3.703703703703704,26,27,1,0,26,27,7200,0,0,0,0,0
2020-06-05,US,Texas,Dallas,11541,260,0,32.76670599,-96.77796049999999,48113.0,437.90286228579146,2.2528377090373453,11281,11243,250,0,10993,10958,2637772,298,10,0,288,285
2020-06-05,US,Texas,Dawson,45,1,0,32.74255572,-101.94772420000001,48115.0,353.55122564424886,2.2222222222222223,44,45,1,0,44,43,12619,0,0,0,0,2
2020-06-05,US,Texas,DeWitt,18,1,0,29.08101855,-97.35681170000001,48123.0,89.2857142857143,5.5555555555555545,17,17,1,0,16,17,20187,1,0,0,1,0
2020-06-05,US,Texas,Deaf Smith,174,13,0,34.96522957,-102.6054267,48117.0,938.2076997735361,7.471264367816093,161,166,13,0,153,166,18760,8,0,0,8,0
2020-06-05,US,Texas,Delta,2,0,0,33.38570922,-95.66921122,48119.0,37.51641343087601,0.0,2,2,0,0,2,2,5349,0,0,0,0,0
2020-06-05,US,Texas,Denton,1454,32,0,33.20521901,-97.11691153,48121.0,163.88509107795588,2.200825309491059,1422,1435,32,0,1403,1416,859064,19,0,0,19,19
2020-06-05,US,Texas,Dickens,1,0,0,33.61616822,-100.7788855,48125.0,45.22840343735866,0.0,1,1,0,0,1,1,2249,0,0,0,0,0
2020-06-05,US,Texas,Dimmit,1,0,0,28.42270064,-99.75645095,48127.0,9.877518767285656,0.0,1,1,0,0,1,1,10308,0,0,0,0,0
2020-06-05,US,Texas,Donley,27,0,0,34.96517499,-100.8140093,48129.0,823.672971323978,0.0,27,27,0,0,27,26,3319,0,0,0,0,1
2020-06-05,US,Texas,Duval,5,0,0,27.68184592,-98.50864568,48131.0,44.81491440351349,0.0,5,5,0,0,5,5,11212,0,0,0,0,0
2020-06-05,US,Texas,Eastland,7,0,0,32.32743996,-98.83243566,48133.0,38.12636165577342,0.0,7,7,0,0,7,7,18322,0,0,0,0,0
2020-06-05,US,Texas,Ector,185,5,0,31.86898877,-102.54294279999999,48135.0,111.29627067253028,2.702702702702702,180,175,5,0,170,167,162124,10,0,0,10,8
2020-06-05,US,Texas,El Paso,3213,90,0,31.76980765,-106.23632749999999,48141.0,382.84729719102336,2.8011204481792715,3123,3069,89,0,2980,2872,840758,144,1,0,143,197
2020-06-05,US,Texas,Ellis,366,16,0,32.34894117,-96.79371841,48139.0,198.02408752015407,4.371584699453551,350,338,15,0,323,335,179436,28,1,0,27,3
2020-06-05,US,Texas,Erath,25,1,0,32.23602653,-98.21773417,48143.0,58.550751791653006,4.0,24,17,1,0,16,17,42446,8,0,0,8,0
2020-06-05,US,Texas,Falls,11,0,0,31.25350609,-96.93630086,48145.0,63.594843036364686,0.0,11,10,0,0,10,9,17335,1,0,0,1,1
2020-06-05,US,Texas,Fannin,42,2,0,33.59564294,-96.10751083,48147.0,118.26322013853694,4.761904761904762,40,41,2,0,39,41,35286,1,0,0,1,0
2020-06-05,US,Texas,Fayette,38,2,0,29.87788372,-96.92076062,48149.0,149.92503748125938,5.2631578947368425,36,38,2,0,36,36,25349,0,0,0,0,2
2020-06-05,US,Texas,Fisher,2,1,0,32.74281316,-100.40193020000001,48151.0,52.219321148825074,50.0,1,2,1,0,1,2,3839,0,0,0,0,0
2020-06-05,US,Texas,Floyd,16,0,0,34.07227468,-101.3031546,48153.0,280.11204481792714,0.0,16,15,0,0,15,15,5837,1,0,0,1,0
2020-06-05,US,Texas,Fort Bend,2032,47,0,29.52704478,-95.77219463,48157.0,250.3424961315185,2.3129921259842523,1985,1951,47,0,1904,1916,787858,81,0,0,81,35
2020-06-05,US,Texas,Franklin,18,0,0,33.17653242,-95.21917243,48159.0,167.83216783216784,0.0,18,18,0,0,18,17,10766,0,0,0,0,1
2020-06-05,US,Texas,Freestone,10,0,0,31.70422788,-96.15072516,48161.0,50.717654815641325,0.0,10,10,0,0,10,10,19808,0,0,0,0,0
2020-06-05,US,Texas,Frio,40,0,0,28.86751206,-99.10804207,48163.0,196.98611247907021,0.0,40,37,0,0,37,37,19816,3,0,0,3,0
2020-06-05,US,Texas,Gaines,7,0,0,32.74055318,-102.6353295,48165.0,32.570258700911964,0.0,7,7,0,0,7,7,20901,0,0,0,0,0
2020-06-05,US,Texas,Galveston,906,38,0,29.40167322,-94.90469073,48167.0,264.80465541782723,4.194260485651214,868,876,38,0,838,857,337890,30,0,0,30,19
2020-06-05,US,Texas,Garza,6,0,0,33.17969345,-101.2984114,48169.0,96.3236474554503,0.0,6,6,0,0,6,6,6578,0,0,0,0,0
2020-06-05,US,Texas,Gillespie,5,0,0,30.31824095,-98.94676915,48171.0,18.526752630798875,0.0,5,5,0,0,5,5,26804,0,0,0,0,0
2020-06-05,US,Texas,Glasscock,1,0,0,31.86942909,-101.5207776,48173.0,70.97232079489001,0.0,1,1,0,0,1,1,1388,0,0,0,0,0
2020-06-05,US,Texas,Goliad,7,0,0,28.65696592,-97.42760647,48175.0,91.40767824497256,0.0,7,7,0,0,7,7,7584,0,0,0,0,0
2020-06-05,US,Texas,Gonzales,147,3,0,29.45634206,-97.49424032,48177.0,705.4758362528195,2.0408163265306123,144,144,3,0,141,143,20826,3,0,0,3,1
2020-06-05,US,Texas,Gray,104,2,0,35.40081878,-100.8129222,48179.0,475.1896189344787,1.9230769230769231,102,101,2,0,99,100,21895,3,0,0,3,1
2020-06-05,US,Texas,Grayson,366,2,0,33.62744998,-96.67753461,48181.0,268.6987930578804,0.5464480874316939,364,355,2,0,353,350,133991,11,0,0,11,5
2020-06-05,US,Texas,Gregg,250,9,0,32.47940482,-94.81591935,48183.0,201.70236798580012,3.6,241,249,9,0,240,244,123707,1,0,0,1,5
2020-06-05,US,Texas,Grimes,226,1,0,30.54579585,-95.98902499,48185.0,782.5484764542938,0.4424778761061947,225,226,1,0,225,226,28360,0,0,0,0,0
2020-06-05,US,Texas,Guadalupe,145,0,0,29.58165339,-97.94786822,48187.0,86.90596774290218,0.0,145,142,0,0,142,135,163694,3,0,0,3,7
2020-06-05,US,Texas,Hale,60,4,0,34.07044901,-101.82681140000001,48189.0,179.60845357121474,6.666666666666668,56,60,4,0,56,60,33830,0,0,0,0,0
2020-06-05,US,Texas,Hall,2,1,0,34.5307555,-100.68138520000001,48191.0,67.47638326585695,50.0,1,2,1,0,1,2,3028,0,0,0,0,0
2020-06-05,US,Texas,Hamilton,9,1,0,31.70470573,-98.11083887,48193.0,106.37040538943388,11.111111111111109,8,9,1,0,8,8,8484,0,0,0,0,1
2020-06-05,US,Texas,Hansford,20,2,0,36.27743284,-101.3545796,48195.0,370.4389701796629,10.0,18,20,2,0,18,20,5463,0,0,0,0,0
2020-06-05,US,Texas,Hardeman,3,0,0,34.28944521,-99.74632408,48197.0,76.27765064836004,0.0,3,2,0,0,2,2,3922,1,0,0,1,0
2020-06-05,US,Texas,Hardin,142,5,0,30.33364686,-94.38931817,48199.0,246.5192180827054,3.5211267605633805,137,142,5,0,137,138,57207,0,0,0,0,4
2020-06-05,US,Texas,Harris,13940,253,0,29.86,-95.39,48201.0,295.75724143783845,1.8149210903873745,13687,13603,247,0,13356,13268,4698619,337,6,0,331,335
2020-06-05,US,Texas,Harrison,256,27,0,32.54935988,-94.36934071,48203.0,384.65583820413804,10.546875,229,255,27,0,228,250,66726,1,0,0,1,5
2020-06-05,US,Texas,Hartley,12,2,0,35.84008013,-102.6029022,48205.0,215.20803443328552,16.666666666666668,10,12,2,0,10,12,5619,0,0,0,0,0
2020-06-05,US,Texas,Haskell,3,0,0,33.17823584,-99.73037358,48207.0,53.022269353128316,0.0,3,3,0,0,3,3,5813,0,0,0,0,0
2020-06-05,US,Texas,Hays,385,5,0,30.05669873,-98.02944344,48209.0,167.25241212732035,1.2987012987012987,380,385,5,0,380,371,222631,0,0,0,0,14
2020-06-05,US,Texas,Hemphill,1,0,0,35.83764858,-100.2703577,48211.0,26.18486514794449,0.0,1,1,0,0,1,1,3825,0,0,0,0,0
2020-06-05,US,Texas,Henderson,65,3,0,32.21128872,-95.85846587,48213.0,78.56219103907563,4.615384615384615,62,65,3,0,62,63,82299,0,0,0,0,2
2020-06-05,US,Texas,Hidalgo,679,11,0,26.39418217,-98.18299696,48215.0,78.16214212617143,1.6200294550810015,668,634,11,0,623,610,865939,45,0,0,45,24
2020-06-05,US,Texas,Hill,26,1,0,31.99045053,-97.13423143,48217.0,70.9432726677399,3.8461538461538463,25,25,1,0,24,24,36354,1,0,0,1,1
2020-06-05,US,Texas,Hockley,27,1,0,33.60771256,-102.3431676,48219.0,117.28421875678728,3.703703703703704,26,27,1,0,26,27,22980,0,0,0,0,0
2020-06-05,US,Texas,Hood,31,3,0,32.42990927,-97.83242024,48221.0,50.289570591956924,9.677419354838712,28,27,3,0,24,27,60537,4,0,0,4,0
2020-06-05,US,Texas,Hopkins,28,0,0,33.14875072,-95.56351139,48223.0,75.5042605975623,0.0,28,27,0,0,27,27,36810,1,0,0,1,0
2020-06-05,US,Texas,Houston,151,0,0,31.31925973,-95.42226208,48225.0,657.4364332985023,0.0,151,145,0,0,145,127,23169,6,0,0,6,18
2020-06-05,US,Texas,Howard,9,1,0,32.30621324,-101.4356444,48227.0,24.547239799258126,11.111111111111109,8,9,1,0,8,9,36459,0,0,0,0,0
2020-06-05,US,Texas,Hudspeth,4,0,0,31.45628381,-105.388178,48229.0,81.86655751125666,0.0,4,3,0,0,3,2,4795,1,0,0,1,1
2020-06-05,US,Texas,Hunt,114,5,0,33.12351514,-96.08551032,48231.0,115.62569730409557,4.385964912280701,109,96,4,0,92,91,96493,18,1,0,17,5
2020-06-05,US,Texas,Hutchinson,44,0,0,35.84006574,-101.3546643,48233.0,210.14423536154356,0.0,44,44,0,0,44,42,21198,0,0,0,0,2
2020-06-05,US,Texas,Irion,1,0,0,31.30375559,-100.982439,48235.0,65.10416666666667,0.0,1,1,0,0,1,1,1522,0,0,0,0,0
2020-06-05,US,Texas,Jack,4,0,0,33.23377248,-98.17283469,48237.0,44.76776720761052,0.0,4,4,0,0,4,4,8843,0,0,0,0,0
2020-06-05,US,Texas,Jackson,19,1,0,28.95472367,-96.57749563,48239.0,128.72628726287263,5.2631578947368425,18,19,1,0,18,19,14874,0,0,0,0,0
2020-06-05,US,Texas,Jasper,29,1,0,30.74685667,-94.02667579,48241.0,81.62346252357229,3.4482758620689653,28,29,1,0,28,29,35872,0,0,0,0,0
2020-06-05,US,Texas,Jefferson,604,29,0,29.8832777,-94.16434171,48245.0,240.096992824916,4.801324503311259,575,585,29,0,556,581,255001,19,0,0,19,4
2020-06-05,US,Texas,Jim Hogg,4,0,0,27.04453923,-98.69681870000001,48247.0,76.92307692307692,0.0,4,4,0,0,4,4,5248,0,0,0,0,0
2020-06-05,US,Texas,Jim Wells,12,0,0,27.73103938,-98.0904705,48249.0,29.642804209278196,0.0,12,12,0,0,12,12,40822,0,0,0,0,0
2020-06-05,US,Texas,Johnson,202,4,0,32.37877812,-97.36615819,48251.0,114.89218903746507,1.98019801980198,198,178,4,0,174,176,171361,24,0,0,24,2
2020-06-05,US,Texas,Jones,637,0,0,32.73997145,-99.87861576,48253.0,3171.8368769606136,0.0,637,636,0,0,636,637,19817,1,0,0,1,-1
2020-06-05,US,Texas,Karnes,4,0,0,28.90705334,-97.85960149,48255.0,25.63938209089161,0.0,4,4,0,0,4,4,15650,0,0,0,0,0
2020-06-05,US,Texas,Kaufman,260,2,0,32.599141700000004,-96.28734728,48257.0,190.9602362031229,0.7692307692307693,258,240,2,0,238,230,128622,20,0,0,20,10
2020-06-05,US,Texas,Kendall,32,0,0,29.94414155,-98.7113588,48259.0,67.4664249119774,0.0,32,31,0,0,31,31,45641,1,0,0,1,0
2020-06-05,US,Texas,Kerr,20,1,0,30.06040006,-99.34930144,48265.0,38.02281368821293,5.0,19,20,0,0,20,20,52405,0,1,0,-1,0
2020-06-05,US,Texas,Kimble,1,0,0,30.48678918,-99.74856473,48267.0,23.057412958266077,0.0,1,1,0,0,1,1,4362,0,0,0,0,0
2020-06-05,US,Texas,Kinney,1,0,0,29.34967888,-100.41866379999999,48271.0,27.27024815925825,0.0,1,1,0,0,1,1,3767,0,0,0,0,0
2020-06-05,US,Texas,Kleberg,18,1,0,27.42435506,-97.69894948,48273.0,58.67014341590613,5.5555555555555545,17,17,1,0,16,17,31129,1,0,0,1,0
2020-06-05,US,Texas,Knox,1,0,0,33.60519951,-99.74229059999999,48275.0,27.29257641921397,0.0,1,1,0,0,1,1,3653,0,0,0,0,0
2020-06-05,US,Texas,La Salle,4,0,0,28.34453111,-99.09908775,48283.0,53.19148936170214,0.0,4,4,0,0,4,4,7531,0,0,0,0,0
2020-06-05,US,Texas,Lamar,154,11,0,33.66981763,-95.57404777,48277.0,308.87101626586974,7.142857142857142,143,152,11,0,141,151,49728,2,0,0,2,1
2020-06-05,US,Texas,Lamb,16,0,0,34.06859623,-102.35162890000001,48279.0,124.09834794074304,0.0,16,16,0,0,16,16,13158,0,0,0,0,0
2020-06-05,US,Texas,Lampasas,9,0,0,31.19531316,-98.24206613,48281.0,42.001120029867465,0.0,9,9,0,0,9,9,21229,0,0,0,0,0
2020-06-05,US,Texas,Lavaca,18,1,0,29.38508402,-96.93186692,48285.0,89.31229532598988,5.5555555555555545,17,17,1,0,16,14,20110,1,0,0,1,3
2020-06-05,US,Texas,Lee,25,1,0,30.31120597,-96.97045773,48287.0,145.02001276176114,4.0,24,25,1,0,24,25,17144,0,0,0,0,0
2020-06-05,US,Texas,Leon,11,0,0,31.29872538,-95.9936328,48289.0,63.203861181337615,0.0,11,10,0,0,10,10,17270,1,0,0,1,0
2020-06-05,US,Texas,Liberty,101,3,0,30.15152688,-94.81205615,48291.0,114.48780874868227,2.9702970297029703,98,97,3,0,94,97,86323,4,0,0,4,0
2020-06-05,US,Texas,Limestone,30,1,0,31.5454767,-96.58095444,48293.0,128.00273072492217,3.333333333333333,29,30,1,0,29,27,23519,0,0,0,0,3
2020-06-05,US,Texas,Lipscomb,5,0,0,36.27783108,-100.27331509999999,48295.0,154.65511908444168,0.0,5,4,0,0,4,3,3355,1,0,0,1,1
2020-06-05,US,Texas,Live Oak,9,0,0,28.35101362,-98.1246786,48297.0,73.72818874416319,0.0,9,9,0,0,9,9,12166,0,0,0,0,0
2020-06-05,US,Texas,Llano,3,0,0,30.70645047,-98.68475262,48299.0,13.764624913971096,0.0,3,3,0,0,3,3,21646,0,0,0,0,0
2020-06-05,US,Texas,Lubbock,720,50,0,33.61008596,-101.82047890000001,48303.0,231.83253962887474,6.9444444444444455,670,707,50,0,657,706,307412,13,0,0,13,1
2020-06-05,US,Texas,Lynn,8,1,0,33.17657705,-101.8162849,48305.0,134.43118803562427,12.5,7,8,1,0,7,7,5877,0,0,0,0,1
2020-06-05,US,Texas,Madison,9,0,0,30.96694679,-95.93003775,48313.0,63.007560907308886,0.0,9,9,0,0,9,9,14422,0,0,0,0,0
2020-06-05,US,Texas,Marion,17,1,0,32.79868409,-94.35661230000001,48315.0,172.51877410188752,5.882352941176472,16,17,1,0,16,17,9928,0,0,0,0,0
2020-06-05,US,Texas,Martin,3,1,0,32.30600051,-101.9513518,48317.0,51.984058222145215,33.333333333333336,2,3,1,0,2,3,5753,0,0,0,0,0
2020-06-05,US,Texas,Mason,32,0,0,30.71780434,-99.22629416,48319.0,748.7131492746843,0.0,32,32,0,0,32,32,4280,0,0,0,0,0
2020-06-05,US,Texas,Matagorda,71,5,0,28.81955746,-96.01230294,48321.0,193.76142783069068,7.042253521126762,66,70,5,0,65,70,36552,1,0,0,1,0
2020-06-05,US,Texas,Maverick,129,1,0,28.7429195,-100.3157686,48323.0,219.67916624093186,0.7751937984496124,128,129,1,0,128,120,58485,0,0,0,0,9
2020-06-05,US,Texas,McCulloch,3,0,0,31.1925468,-99.34682807,48307.0,37.5751503006012,0.0,3,3,0,0,3,3,7987,0,0,0,0,0
2020-06-05,US,Texas,McLennan,125,4,0,31.55255453,-97.20217694,48309.0,48.70958565678057,3.2,121,123,4,0,119,121,254607,2,0,0,2,2
2020-06-05,US,Texas,Medina,78,2,0,29.355730100000002,-99.11030298,48325.0,151.20967741935485,2.5641025641025643,76,76,2,0,74,74,50921,2,0,0,2,2
2020-06-05,US,Texas,Midland,146,13,0,31.86904128,-102.03156820000001,48329.0,82.56424176619616,8.904109589041097,133,141,13,0,128,137,172578,5,0,0,5,4
2020-06-05,US,Texas,Milam,32,1,0,30.78581830000001,-96.97718698,48331.0,128.912701929662,3.125,31,29,1,0,28,29,25131,3,0,0,3,0
2020-06-05,US,Texas,Mills,1,0,0,31.49557106,-98.59272068,48333.0,20.521239482864765,0.0,1,1,0,0,1,1,4921,0,0,0,0,0
2020-06-05,US,Texas,Mitchell,1,0,0,32.30623474,-100.9212058,48335.0,11.702750146284375,0.0,1,1,0,0,1,1,8145,0,0,0,0,0
2020-06-05,US,Texas,Montague,9,1,0,33.67521893,-97.72500958,48337.0,45.41326067211626,11.111111111111109,8,9,1,0,8,9,19596,0,0,0,0,0
2020-06-05,US,Texas,Montgomery,1064,28,0,30.30079133,-95.50572772,48339.0,175.1754635811199,2.631578947368421,1036,1053,27,0,1026,1033,590925,11,1,0,10,20
2020-06-05,US,Texas,Moore,851,13,0,35.83769242,-101.8930281,48341.0,4063.9923591212987,1.5276145710928317,838,844,13,0,831,840,21485,7,0,0,7,4
2020-06-05,US,Texas,Morris,27,0,0,33.11304005,-94.73255695,48343.0,217.95285760413304,0.0,27,27,0,0,27,25,12339,0,0,0,0,2
2020-06-05,US,Texas,Motley,1,0,0,34.07408766,-100.77972199999999,48345.0,83.33333333333333,0.0,1,1,0,0,1,1,1234,0,0,0,0,0
2020-06-05,US,Texas,Nacogdoches,301,21,0,31.62017125,-94.61803994,48347.0,461.6281209741733,6.9767441860465125,280,298,21,0,277,294,65711,3,0,0,3,4
2020-06-05,US,Texas,Navarro,64,2,0,32.04620681,-96.47428766,48349.0,127.71137229860516,3.125,62,61,2,0,59,58,49565,3,0,0,3,3
2020-06-05,US,Texas,Newton,5,0,0,30.78548982,-93.74408813,48351.0,36.778227289444644,0.0,5,5,0,0,5,5,13746,0,0,0,0,0
2020-06-05,US,Texas,Nolan,8,0,0,32.30365282,-100.4060208,48353.0,54.36998776675275,0.0,8,8,0,0,8,3,14751,0,0,0,0,5
2020-06-05,US,Texas,Nueces,286,3,0,27.736286,-97.5433285,48355.0,78.94141222322203,1.048951048951049,283,285,3,0,282,280,362265,1,0,0,1,5
2020-06-05,US,Texas,Ochiltree,51,2,0,36.27829105,-100.8158184,48357.0,518.5034566897111,3.92156862745098,49,51,2,0,49,50,9947,0,0,0,0,1
2020-06-05,US,Texas,Oldham,4,1,0,35.40425596,-102.6027606,48359.0,189.3939393939394,25.0,3,4,1,0,3,4,2131,0,0,0,0,0
2020-06-05,US,Texas,Orange,101,2,0,30.11879481,-93.89412775,48361.0,121.10892608758213,1.98019801980198,99,101,2,0,99,98,83572,0,0,0,0,3
2020-06-05,US,Texas,Palo Pinto,13,2,0,32.75310985,-98.31319001,48363.0,44.53732570488883,15.384615384615385,11,13,2,0,11,13,28875,0,0,0,0,0
2020-06-05,US,Texas,Panola,213,23,0,32.163959600000005,-94.30552481,48365.0,918.3409502457532,10.798122065727698,190,213,23,0,190,199,23148,0,0,0,0,14
2020-06-05,US,Texas,Parker,87,1,0,32.77757172,-97.80500621,48367.0,60.891109897954905,1.1494252873563218,86,81,1,0,80,81,138371,6,0,0,6,0
2020-06-05,US,Texas,Parmer,88,0,0,34.52993409,-102.78446679999999,48369.0,916.1894846434147,0.0,88,71,0,0,71,69,9864,17,0,0,17,2
2020-06-05,US,Texas,Pecos,103,0,0,30.78097267,-102.72412609999999,48371.0,650.9511470644001,0.0,103,103,0,0,103,103,15673,0,0,0,0,0
2020-06-05,US,Texas,Polk,60,0,0,30.79472531,-94.82766240000001,48373.0,116.83835413705137,0.0,60,60,0,0,60,60,50031,0,0,0,0,0
2020-06-05,US,Texas,Potter,2504,32,0,35.40133773,-101.893964,48375.0,2132.606566452327,1.2779552715654952,2472,2488,31,0,2457,2432,119648,16,1,0,15,56
2020-06-05,US,Texas,Presidio,1,0,0,29.99954402,-104.24080790000001,48377.0,14.916467780429594,0.0,1,1,0,0,1,1,6948,0,0,0,0,0
2020-06-05,US,Texas,Rains,4,0,0,32.87109387,-95.79232691,48379.0,31.9642000958926,0.0,4,4,0,0,4,4,12159,0,0,0,0,0
2020-06-05,US,Texas,Randall,724,6,0,34.96585996,-101.8971322,48381.0,525.73104935627,0.8287292817679558,718,715,6,0,709,711,136271,9,0,0,9,4
2020-06-05,US,Texas,Reagan,2,0,0,31.36607041,-101.52326590000001,48383.0,51.96154845414394,0.0,2,2,0,0,2,2,3741,0,0,0,0,0
2020-06-05,US,Texas,Real,1,0,0,29.83321503,-99.82018052,48385.0,28.968713789107767,0.0,1,,,,,,3478,,,,,
2020-06-05,US,Texas,Red River,76,8,0,33.61886692,-95.04841765,48387.0,632.1217666139897,10.526315789473683,68,76,8,0,68,74,12175,0,0,0,0,2
2020-06-05,US,Texas,Reeves,8,0,0,31.32323325,-103.69038959999999,48389.0,50.075112669003495,0.0,8,7,0,0,7,7,15695,1,0,0,1,0
2020-06-05,US,Texas,Refugio,3,0,0,28.323897600000002,-97.15766311,48391.0,43.17789291882556,0.0,3,3,0,0,3,3,7032,0,0,0,0,0
2020-06-05,US,Texas,Roberts,2,0,0,35.83809685,-100.813175,48393.0,234.192037470726,0.0,2,2,0,0,2,2,903,0,0,0,0,0
2020-06-05,US,Texas,Robertson,14,0,0,31.02539637,-96.51272246,48395.0,81.99601733630081,0.0,14,11,0,0,11,11,17284,3,0,0,3,0
2020-06-05,US,Texas,Rockwall,194,14,0,32.89779518,-96.40771592,48397.0,184.9115951007959,7.216494845360825,180,176,14,0,162,171,100657,18,0,0,18,5
2020-06-05,US,Texas,Runnels,3,0,0,31.8314342,-99.97616148,48399.0,29.228371005455962,0.0,3,2,0,0,2,2,10234,1,0,0,1,0
2020-06-05,US,Texas,Rusk,60,2,0,32.10773545,-94.76176432,48401.0,110.28195419622836,3.333333333333333,58,59,2,0,57,57,54450,1,0,0,1,2
2020-06-05,US,Texas,Sabine,15,1,0,31.34318809,-93.85440451,48403.0,142.2879908935686,6.666666666666668,14,15,1,0,14,15,10589,0,0,0,0,0
2020-06-05,US,Texas,San Augustine,44,4,0,31.39457611,-94.17000399,48405.0,534.1750637367974,9.090909090909092,40,44,4,0,40,44,8232,0,0,0,0,0
2020-06-05,US,Texas,San Jacinto,17,0,0,30.57933681,-95.16260304,48407.0,58.90710003811636,0.0,17,16,0,0,16,14,28719,1,0,0,1,2
2020-06-05,US,Texas,San Patricio,38,0,0,28.00880118,-97.51763891,48409.0,56.945901393676,0.0,38,36,0,0,36,36,66893,2,0,0,2,0
2020-06-05,US,Texas,San Saba,1,0,0,31.1577796,-98.81758731,48411.0,16.515276630883566,0.0,1,1,0,0,1,1,6054,0,0,0,0,0
2020-06-05,US,Texas,Scurry,26,0,0,32.74613808,-100.91626640000001,48415.0,155.66065976171944,0.0,26,33,0,0,33,32,16866,-7,0,0,-7,1
2020-06-05,US,Texas,Shackelford,1,0,0,32.73587756,-99.35401337,48417.0,30.627871362940283,0.0,1,1,0,0,1,1,3253,0,0,0,0,0
2020-06-05,US,Texas,Shelby,213,8,0,31.79211404,-94.14550696,48419.0,842.7633140777083,3.755868544600939,205,213,8,0,205,207,25418,0,0,0,0,6
2020-06-05,US,Texas,Sherman,28,0,0,36.27751473,-101.8933156,48421.0,926.5387160820649,0.0,28,27,0,0,27,27,3079,1,0,0,1,0
2020-06-05,US,Texas,Smith,216,4,0,32.37474036,-95.27175679999999,48423.0,92.80303844022151,1.851851851851852,212,215,4,0,211,212,230221,1,0,0,1,3
2020-06-05,US,Texas,Starr,44,0,0,26.56150059,-98.73892358,48427.0,68.07667909581792,0.0,44,42,0,0,42,37,64525,2,0,0,2,5
2020-06-05,US,Texas,Stephens,4,0,0,32.73553157,-98.83631615,48429.0,42.707666026051676,0.0,4,4,0,0,4,4,9433,0,0,0,0,0
2020-06-05,US,Texas,Swisher,18,0,0,34.53028891,-101.73491740000001,48437.0,243.34189536298496,0.0,18,18,0,0,18,17,7462,0,0,0,0,1
2020-06-05,US,Texas,Tarrant,5985,174,0,32.77143818,-97.29101614,48439.0,284.6590868555041,2.9072681704260646,5811,5761,168,0,5593,5623,2084931,224,6,0,218,138
2020-06-05,US,Texas,Taylor,245,5,0,32.30163422,-99.89007449,48441.0,177.4925018473709,2.0408163265306123,240,242,5,0,237,241,137640,3,0,0,3,1
2020-06-05,US,Texas,Terry,13,0,0,33.17402785,-102.3354521,48445.0,105.3740779768177,0.0,13,13,0,0,13,13,12287,0,0,0,0,0
2020-06-05,US,Texas,Throckmorton,1,0,0,33.17751417,-99.21226795,48447.0,66.62225183211193,0.0,1,,,,,,1515,,,,,
2020-06-05,US,Texas,Titus,583,3,0,33.21339719,-94.96797273,48449.0,1780.1526717557251,0.5145797598627787,580,511,2,0,509,511,33033,72,1,0,71,0
2020-06-05,US,Texas,Tom Green,109,1,0,31.40464436,-100.46244300000001,48451.0,91.44295302013424,0.9174311926605504,108,109,1,0,108,107,118189,0,0,0,0,2
2020-06-05,US,Texas,Travis,3562,95,0,30.33432034,-97.78535620000001,48453.0,279.6019322518709,2.6670409882088717,3467,3501,95,0,3406,3433,1248743,61,0,0,61,68
2020-06-05,US,Texas,Trinity,20,0,0,31.0879489,-95.1367187,48455.0,136.50945327963962,0.0,20,20,0,0,20,15,14740,0,0,0,0,5
2020-06-05,US,Texas,Tyler,14,0,0,30.77031716,-94.37690895,48457.0,64.59948320413437,0.0,14,14,0,0,14,12,21696,0,0,0,0,2
2020-06-05,US,Texas,Upshur,30,0,0,32.73706798,-94.93999853,48459.0,71.85112447009796,0.0,30,28,0,0,28,28,41260,2,0,0,2,0
2020-06-05,US,Texas,Uvalde,18,0,0,29.35739637,-99.76229172,48463.0,67.31236677760742,0.0,18,18,0,0,18,16,26846,0,0,0,0,2
2020-06-05,US,Texas,Val Verde,21,0,0,29.89149232,-101.1525205,48465.0,42.83528811830698,0.0,21,21,0,0,21,21,49208,0,0,0,0,0
2020-06-05,US,Texas,Van Zandt,37,1,0,32.56483801,-95.83766469,48467.0,65.38257642693056,2.702702702702702,36,35,1,0,34,35,56019,2,0,0,2,0
2020-06-05,US,Texas,Victoria,170,7,0,28.79780988,-96.96813006,48469.0,184.6140480430911,4.117647058823529,163,167,7,0,160,162,92035,3,0,0,3,5
2020-06-05,US,Texas,Walker,1843,27,0,30.73872995,-95.57440968,48471.0,2525.6608789793204,1.4650027129679868,1816,1801,27,0,1774,1730,72480,42,0,0,42,71
2020-06-05,US,Texas,Waller,65,0,0,30.01058447,-95.99011759,48473.0,117.65557687434385,0.0,65,64,0,0,64,63,53126,1,0,0,1,1
2020-06-05,US,Texas,Ward,1,0,0,31.50999644,-103.09279090000001,48475.0,8.334722453742291,0.0,1,1,0,0,1,1,11720,0,0,0,0,0
2020-06-05,US,Texas,Washington,206,25,0,30.21498498,-96.40946246,48477.0,574.1040075804025,12.135922330097088,181,206,25,0,181,204,35108,0,0,0,0,2
2020-06-05,US,Texas,Webb,574,19,0,27.7610369,-99.33237355,48479.0,207.48087850440263,3.3101045296167246,555,565,19,0,546,552,275910,9,0,0,9,13
2020-06-05,US,Texas,Wharton,73,1,0,29.27765923,-96.22319248,48481.0,175.66657041101163,1.3698630136986298,72,70,1,0,69,68,41619,3,0,0,3,2
2020-06-05,US,Texas,Wheeler,15,0,0,35.40114335,-100.26995140000001,48483.0,296.67721518987344,0.0,15,15,0,0,15,15,5191,0,0,0,0,0
2020-06-05,US,Texas,Wichita,87,2,0,33.98842886,-98.70410340000001,48485.0,65.79444906602133,2.2988505747126435,85,85,2,0,83,85,132064,2,0,0,2,0
2020-06-05,US,Texas,Wilbarger,7,0,0,34.07945812,-99.24178437,48487.0,54.82026783616571,0.0,7,7,0,0,7,7,12820,0,0,0,0,0
2020-06-05,US,Texas,Willacy,26,2,0,26.47411727,-97.61535848,48489.0,121.73424477947373,7.6923076923076925,24,21,2,0,19,21,21515,5,0,0,5,0
2020-06-05,US,Texas,Williamson,672,27,0,30.64655664,-97.60048540000001,48491.0,113.79203489622404,4.017857142857143,645,660,27,0,633,649,566719,12,0,0,12,11
2020-06-05,US,Texas,Wilson,44,5,0,29.1732598,-98.08693082,48493.0,86.1562561190523,11.363636363636365,39,41,5,0,36,41,50224,3,0,0,3,0
2020-06-05,US,Texas,Winkler,3,0,0,31.85008651,-103.04851629999999,48495.0,37.453183520599254,0.0,3,3,0,0,3,3,7720,0,0,0,0,0
2020-06-05,US,Texas,Wise,52,4,0,33.21570665,-97.65460265,48497.0,74.30269775948787,7.6923076923076925,48,50,3,0,47,47,68305,2,1,0,1,3
2020-06-05,US,Texas,Wood,40,4,0,32.78722382,-95.38236368,48499.0,87.83679922703617,10.0,36,40,4,0,36,38,45129,0,0,0,0,2
2020-06-05,US,Texas,Yoakum,3,0,0,33.17320212,-102.82764329999999,48501.0,34.43130953747274,0.0,3,3,0,0,3,3,8591,0,0,0,0,0
2020-06-05,US,Texas,Young,6,1,0,33.17659707,-98.68790885,48503.0,33.31482509716824,16.666666666666668,5,4,1,0,3,4,18045,2,0,0,2,0
2020-06-05,US,Texas,Zapata,11,0,0,27.00156391,-99.16987152,48505.0,77.57951900698215,0.0,11,11,0,0,11,11,14190,0,0,0,0,0
2020-06-05,US,Texas,Zavala,12,0,0,28.86617238,-99.76050829,48507.0,101.35135135135135,0.0,12,12,0,0,12,12,11983,0,0,0,0,0
2020-06-05,US,Utah,Bear River,491,2,0,41.52106798,-113.08328159999999,0.0,262.82264021668146,0.4073319755600815,489,333,2,0,331,305,,158,0,0,158,28
2020-06-05,US,Utah,Central Utah,42,0,0,39.37231946,-111.5758676,0.0,51.24826121970862,0.0,42,39,0,0,39,39,,3,0,0,3,0
2020-06-05,US,Utah,Davis,525,2,0,40.99001837,-112.1139997,49011.0,147.6872181635587,0.3809523809523809,523,513,2,0,511,494,351713,12,0,0,12,19
2020-06-05,US,Utah,Salt Lake,5901,81,0,40.66616532,-111.92160109999999,49035.0,508.51532655370346,1.3726487036095576,5820,5756,78,0,5678,5603,1152633,145,3,0,142,153
2020-06-05,US,Utah,San Juan,314,5,0,37.62762978,-109.80337140000002,49037.0,2051.2150509537496,1.5923566878980893,309,312,5,0,307,309,15449,2,0,0,2,3
2020-06-05,US,Utah,Southeast Utah,26,0,0,38.99617072,-110.70139579999999,0.0,64.62999328842378,0.0,26,26,0,0,26,26,,0,0,0,0,0
2020-06-05,US,Utah,Southwest Utah,554,4,0,37.85447192,-111.4418764,0.0,219.80463573531398,0.7220216606498195,550,524,4,0,520,498,,30,0,0,30,26
2020-06-05,US,Utah,Summit,422,0,0,40.86688146,-110.9535882,49043.0,1001.3050183888955,0.0,422,419,0,0,419,418,41933,3,0,0,3,1
2020-06-05,US,Utah,Tooele,144,0,0,40.44862644,-113.12957150000001,49045.0,199.28313428085082,0.0,144,140,0,0,140,136,69907,4,0,0,4,4
2020-06-05,US,Utah,TriCounty,20,0,0,40.12491499,-109.5174415,0.0,35.321959662322065,0.0,20,20,0,0,20,20,,0,0,0,0,0
2020-06-05,US,Utah,Utah,2143,17,0,40.116672200000004,-111.66576620000001,49049.0,336.82522967142637,0.7932804479701353,2126,2088,17,0,2071,2028,622213,55,0,0,55,60
2020-06-05,US,Utah,Wasatch,317,2,0,40.33110236,-111.1691419,49051.0,929.8641870288346,0.6309148264984227,315,313,2,0,311,305,33240,4,0,0,4,8
2020-06-05,US,Utah,Weber-Morgan,353,7,0,41.27116049,-111.9145117,0.0,129.61881786169343,1.9830028328611895,346,330,7,0,323,316,,23,0,0,23,14
2020-06-05,US,Vermont,Addison,64,2,0,44.03217337,-73.14130877,50001.0,174.02180710770318,3.125,62,64,2,0,62,64,36973,0,0,0,0,0
2020-06-05,US,Vermont,Bennington,66,1,0,43.03519828,-73.09048868,50003.0,186.07273752466872,1.5151515151515151,65,65,1,0,64,64,35631,1,0,0,1,1
2020-06-05,US,Vermont,Caledonia,16,0,0,44.46548598,-72.10314651,50005.0,53.34578068215917,0.0,16,16,0,0,16,16,30302,0,0,0,0,0
2020-06-05,US,Vermont,Chittenden,490,39,0,44.46322849,-73.08359212,50007.0,299.192790064357,7.959183673469387,451,491,39,0,452,457,164572,-1,0,0,-1,34
2020-06-05,US,Vermont,Essex,3,0,0,44.72736416,-71.73579864,50009.0,48.67759208177836,0.0,3,3,0,0,3,3,6250,0,0,0,0,0
2020-06-05,US,Vermont,Franklin,100,5,0,44.85627605,-72.91249563,50011.0,202.42095461722198,5.0,95,99,5,0,94,99,49421,1,0,0,1,0
2020-06-05,US,Vermont,Grand Isle,7,0,0,44.797582399999996,-73.29679772,50013.0,96.7519004837595,0.0,7,7,0,0,7,7,7090,0,0,0,0,0
2020-06-05,US,Vermont,Lamoille,29,1,0,44.60353043,-72.64356694,50015.0,114.34429461398943,3.4482758620689653,28,29,1,0,28,29,25300,0,0,0,0,0
2020-06-05,US,Vermont,Orange,9,0,0,44.00470222,-72.37640104,50017.0,31.150491485532328,0.0,9,9,0,0,9,9,28999,0,0,0,0,0
2020-06-05,US,Vermont,Orleans,10,0,0,44.82964024,-72.24562697,50019.0,36.98635203609868,0.0,10,10,0,0,10,10,26907,0,0,0,0,0
2020-06-05,US,Vermont,Rutland,56,1,0,43.57723578,-73.03741676,50021.0,96.23481294358234,1.7857142857142858,55,56,1,0,55,55,58672,0,0,0,0,1
2020-06-05,US,Vermont,Unassigned,5,0,0,0.0,0.0,90050.0,0.0,0.0,5,5,0,0,5,5,,0,0,0,0,0
2020-06-05,US,Vermont,Washington,39,1,0,44.27343241,-72.61604978,50023.0,66.77053193857111,2.5641025641025643,38,39,1,0,38,39,58140,0,0,0,0,0
2020-06-05,US,Vermont,Windham,81,3,0,42.986982,-72.71268875,50025.0,191.84311496376296,3.703703703703704,78,81,3,0,78,81,42756,0,0,0,0,0
2020-06-05,US,Vermont,Windsor,52,2,0,43.58010937,-72.58595157,50027.0,94.43899604082672,3.8461538461538463,50,52,2,0,50,52,55286,0,0,0,0,0
2020-06-05,US,Virginia,Accomack,969,12,0,37.76707161,-75.63234615,51001.0,2998.5146676568884,1.238390092879257,957,966,12,0,954,953,32412,3,0,0,3,13
2020-06-05,US,Virginia,Albemarle,217,8,0,38.02080697,-78.55481085,51003.0,198.4816610262508,3.6866359447004617,209,213,8,0,205,204,108718,4,0,0,4,9
2020-06-05,US,Virginia,Alexandria,2045,45,0,38.814003,-77.08183073,51510.0,1282.7106907193215,2.2004889975550124,2000,2031,46,0,1985,2016,160530,14,-1,0,15,15
2020-06-05,US,Virginia,Alleghany,24,2,0,37.78636074,-80.00222498,51005.0,161.50740242261102,8.333333333333334,22,24,2,0,22,24,14910,0,0,0,0,0
2020-06-05,US,Virginia,Amelia,28,1,0,37.34081025,-77.98584649,51007.0,213.00874857360213,3.571428571428572,27,28,1,0,27,28,13013,0,0,0,0,0
2020-06-05,US,Virginia,Amherst,27,0,0,37.60308293,-79.14548696,51009.0,85.42952064546748,0.0,27,27,0,0,27,27,31666,0,0,0,0,0
2020-06-05,US,Virginia,Appomattox,33,0,0,37.37569884,-78.81340003,51011.0,207.40368298661303,0.0,33,31,0,0,31,31,15841,2,0,0,2,0
2020-06-05,US,Virginia,Arlington,2173,121,0,38.8767675,-77.10139853,51013.0,917.4892966619096,5.568338702254947,2052,2150,120,0,2030,2142,237521,23,1,0,22,8
2020-06-05,US,Virginia,Augusta,124,2,0,38.16404586,-79.12461614,51015.0,164.1123375420207,1.6129032258064515,122,122,2,0,120,115,75457,2,0,0,2,7
2020-06-05,US,Virginia,Bedford,72,2,0,37.3080028,-79.5281964,51019.0,91.14270162158056,2.7777777777777777,70,63,2,0,61,62,78747,9,0,0,9,1
2020-06-05,US,Virginia,Botetourt,35,4,0,37.55531756,-79.80982182,51023.0,104.73084173673661,11.428571428571427,31,34,4,0,30,34,33277,1,0,0,1,0
2020-06-05,US,Virginia,Bristol,4,0,0,36.616302399999995,-82.16359122,51520.0,23.863500775563768,0.0,4,4,0,0,4,4,16482,0,0,0,0,0
2020-06-05,US,Virginia,Brunswick,32,1,0,36.76366949,-77.8593436,51025.0,197.1535949725833,3.125,31,31,1,0,30,30,16384,1,0,0,1,1
2020-06-05,US,Virginia,Buchanan,18,0,0,37.26818323,-82.03749726,51027.0,85.69796229289659,0.0,18,18,0,0,18,18,21221,0,0,0,0,0
2020-06-05,US,Virginia,Buckingham,475,3,0,37.57242268,-78.52518834,51029.0,2770.002332633543,0.631578947368421,472,469,3,0,466,467,16999,6,0,0,6,2
2020-06-05,US,Virginia,Buena Vista,13,0,0,37.73484642,-79.35296097,51530.0,200.6792219820932,0.0,13,13,0,0,13,13,6237,0,0,0,0,0
2020-06-05,US,Virginia,Campbell,20,1,0,37.20553386,-79.09678609,51031.0,36.43982873280496,5.0,19,18,1,0,17,18,54973,2,0,0,2,0
2020-06-05,US,Virginia,Caroline,79,3,0,38.02679129,-77.34901405,51033.0,257.1196094385679,3.79746835443038,76,76,3,0,73,76,30772,3,0,0,3,0
2020-06-05,US,Virginia,Carroll,122,1,0,36.73066666,-80.73455942,51035.0,409.51965358665365,0.819672131147541,121,122,1,0,121,105,29636,0,0,0,0,17
2020-06-05,US,Virginia,Charles City,27,2,0,37.35358063,-77.05634116,51036.0,387.76389487289964,7.407407407407407,25,27,2,0,25,27,6941,0,0,0,0,0
2020-06-05,US,Virginia,Charlotte,28,0,0,37.01909701,-78.66314092,51037.0,235.69023569023568,0.0,28,28,0,0,28,27,11938,0,0,0,0,1
2020-06-05,US,Virginia,Charlottesville,131,3,0,38.03527919,-78.48569588,51540.0,277.1548258790674,2.2900763358778624,128,131,3,0,128,128,48117,0,0,0,0,3
2020-06-05,US,Virginia,Chesapeake,563,15,0,36.67670048,-76.30545744,51550.0,229.9507831805093,2.6642984014209588,548,554,15,0,539,548,242634,9,0,0,9,6
2020-06-05,US,Virginia,Chesterfield,1761,37,0,37.37373208,-77.58680140000001,51041.0,499.1468302333887,2.1010789324247585,1724,1721,37,0,1684,1661,348556,40,0,0,40,60
2020-06-05,US,Virginia,Clarke,31,0,0,39.11271747,-77.99199425,51043.0,212.05280798960254,0.0,31,31,0,0,31,29,14523,0,0,0,0,2
2020-06-05,US,Virginia,Colonial Heights,97,17,0,37.26420587,-77.39609676,51570.0,558.434081750144,17.525773195876287,80,97,17,0,80,96,17833,0,0,0,0,1
2020-06-05,US,Virginia,Covington,4,0,0,37.7824656,-79.98631446,51580.0,72.22824124232575,0.0,4,4,0,0,4,4,5460,0,0,0,0,0
2020-06-05,US,Virginia,Craig,5,0,0,37.48133648,-80.21072274,51045.0,97.44689144416292,0.0,5,5,0,0,5,5,5064,0,0,0,0,0
2020-06-05,US,Virginia,Culpeper,740,8,0,38.48199985,-77.95630870000002,51047.0,1406.7103887463172,1.0810810810810811,732,732,8,0,724,727,51859,8,0,0,8,5
2020-06-05,US,Virginia,Cumberland,41,0,0,37.51328851,-78.24398086,51049.0,412.80708819975837,0.0,41,39,0,0,39,39,9809,2,0,0,2,0
2020-06-05,US,Virginia,Danville,60,2,0,36.58022376,-79.40395668,51590.0,149.8351813005694,3.333333333333333,58,58,2,0,56,58,40693,2,0,0,2,0
2020-06-05,US,Virginia,Dinwiddie,93,0,0,37.07544585,-77.63451754,51053.0,325.8127802690583,0.0,93,90,0,0,90,84,28529,3,0,0,3,6
2020-06-05,US,Virginia,Emporia,86,6,0,36.69455571,-77.53406129,51595.0,1608.679386457164,6.9767441860465125,80,89,6,0,83,86,5121,-3,0,0,-3,3
2020-06-05,US,Virginia,Essex,53,0,0,37.93357639,-76.94230311,51057.0,483.88569341732864,0.0,53,52,0,0,52,48,10919,1,0,0,1,4
2020-06-05,US,Virginia,Fairfax,11904,410,0,38.83677558,-77.27565836,51059.0,1037.356692449535,3.444220430107527,11494,11815,403,0,11412,11596,1150795,89,7,0,82,219
2020-06-05,US,Virginia,Fairfax,11904,410,0,38.83677558,-77.27565836,51059.0,1037.356692449535,3.444220430107527,11494,11815,403,0,11412,11596,24574,89,7,0,82,219
2020-06-05,US,Virginia,Fairfax City,67,5,0,38.85157547,-77.29779640000002,51600.0,278.9458345476498,7.462686567164179,62,67,6,0,61,67,24574,0,-1,0,1,0
2020-06-05,US,Virginia,Falls Church,56,8,0,38.88485255,-77.17560759,51610.0,383.1155503865362,14.285714285714285,48,56,8,0,48,55,14772,0,0,0,0,1
2020-06-05,US,Virginia,Fauquier,339,6,0,38.73564842,-77.80647472,51061.0,475.9765241077195,1.7699115044247788,333,334,6,0,328,329,70675,5,0,0,5,5
2020-06-05,US,Virginia,Floyd,6,1,0,36.9302126,-80.36738849,51063.0,38.097656994094855,16.666666666666668,5,6,1,0,5,7,15795,0,0,0,0,-1
2020-06-05,US,Virginia,Fluvanna,94,6,0,37.84157909,-78.27715475,51065.0,344.7011367803447,6.382978723404255,88,94,6,0,88,92,26783,0,0,0,0,2
2020-06-05,US,Virginia,Franklin,38,1,0,36.99536167,-79.88023649,51067.0,67.80628814103709,2.631578947368421,37,37,1,0,36,36,56195,1,0,0,1,1
2020-06-05,US,Virginia,Franklin,38,1,0,36.99536167,-79.88023649,51067.0,67.80628814103709,2.631578947368421,37,37,1,0,36,36,8013,1,0,0,1,1
2020-06-05,US,Virginia,Franklin City,42,2,0,36.6831435,-76.93859681,51620.0,527.1745952052215,4.761904761904762,40,42,2,0,40,42,8013,0,0,0,0,0
2020-06-05,US,Virginia,Frederick,388,4,0,39.20172582,-78.25974949,51069.0,434.42723903575063,1.0309278350515465,384,384,4,0,380,378,88355,4,0,0,4,6
2020-06-05,US,Virginia,Fredericksburg,186,1,0,38.2977863,-77.4922454,51630.0,640.5841024934564,0.5376344086021505,185,178,1,0,177,172,29144,8,0,0,8,6
2020-06-05,US,Virginia,Galax,140,1,0,36.66601852,-80.91703124,51640.0,2205.7665038600912,0.7142857142857143,139,140,1,0,139,131,6423,0,0,0,0,9
2020-06-05,US,Virginia,Giles,5,0,0,37.31234791,-80.70636931,51071.0,29.90430622009569,0.0,5,5,0,0,5,5,16844,0,0,0,0,0
2020-06-05,US,Virginia,Gloucester,32,1,0,37.40809042,-76.53524337,51073.0,85.68062546856592,3.125,31,31,1,0,30,31,37349,1,0,0,1,0
2020-06-05,US,Virginia,Goochland,105,6,0,37.71714806,-77.90381514,51075.0,442.0494253357472,5.7142857142857135,99,103,6,0,97,103,23244,2,0,0,2,0
2020-06-05,US,Virginia,Grayson,46,0,0,36.65677234,-81.23215889,51077.0,295.81993569131834,0.0,46,46,0,0,46,42,15631,0,0,0,0,4
2020-06-05,US,Virginia,Greene,35,1,0,38.29545894,-78.46525378,51079.0,176.59821383520864,2.8571428571428568,34,34,1,0,33,34,19779,1,0,0,1,0
2020-06-05,US,Virginia,Greensville,229,7,0,36.67878901,-77.56351439,51081.0,2020.1129146083276,3.056768558951965,222,213,7,0,206,150,11627,16,0,0,16,63
2020-06-05,US,Virginia,Halifax,31,1,0,36.76654925,-78.93512622,51083.0,91.41576479608385,3.2258064516129035,30,31,1,0,30,30,34120,0,0,0,0,1
2020-06-05,US,Virginia,Hampton,215,4,0,37.03513786,-76.35879121,51650.0,159.83941714370678,1.8604651162790695,211,214,4,0,210,212,134313,1,0,0,1,2
2020-06-05,US,Virginia,Hanover,338,24,0,37.7583355,-77.49464673,51085.0,313.64252176010984,7.100591715976331,314,336,24,0,312,331,107239,2,0,0,2,5
2020-06-05,US,Virginia,Harrisonburg,817,23,0,38.43542574,-78.87536254,51660.0,1541.0442130677534,2.8151774785801718,794,814,23,0,791,809,54033,3,0,0,3,5
2020-06-05,US,Virginia,Henrico,1983,134,0,37.53460572,-77.39326555,51087.0,599.4232478281109,6.75743822491175,1849,1946,134,0,1812,1933,329261,37,0,0,37,13
2020-06-05,US,Virginia,Henry,155,3,0,36.68542395,-79.87634026,51089.0,306.5846470320628,1.935483870967742,152,152,3,0,149,145,50953,3,0,0,3,7
2020-06-05,US,Virginia,Highland,3,0,0,38.35799465,-79.56124594,51091.0,136.98630136986299,0.0,3,3,0,0,3,3,2210,0,0,0,0,0
2020-06-05,US,Virginia,Hopewell,110,2,0,37.29186313,-77.29754684,51670.0,488.25957654578536,1.818181818181818,108,103,2,0,101,98,22596,7,0,0,7,5
2020-06-05,US,Virginia,Isle of Wight,137,3,0,36.90579348,-76.70842863,51093.0,369.182678056536,2.18978102189781,134,133,3,0,130,133,36953,4,0,0,4,0
2020-06-05,US,Virginia,James City,211,15,0,37.31156958,-76.76950618,51095.0,275.7340930177855,7.109004739336492,196,211,15,0,196,211,76397,0,0,0,0,0
2020-06-05,US,Virginia,King George,72,4,0,38.26818502,-77.15852768,51099.0,268.2963183782978,5.5555555555555545,68,72,4,0,68,70,26575,0,0,0,0,2
2020-06-05,US,Virginia,King William,31,0,0,37.70965316,-77.09384941,51101.0,180.7790996034523,0.0,31,31,0,0,31,31,16939,0,0,0,0,0
2020-06-05,US,Virginia,King and Queen,21,1,0,37.71044922,-76.88689628,51097.0,298.9323843416371,4.761904761904762,20,21,1,0,20,13,7042,0,0,0,0,8
2020-06-05,US,Virginia,Lancaster,10,0,0,37.71889653,-76.46400482,51103.0,94.3129303027445,0.0,10,10,0,0,10,10,10783,0,0,0,0,0
2020-06-05,US,Virginia,Lee,9,0,0,36.70586667,-83.12606515,51105.0,38.42377150663877,0.0,9,9,0,0,9,9,23541,0,0,0,0,0
2020-06-05,US,Virginia,Lexington,7,0,0,37.78258621,-79.44262866,51678.0,94.010206822455,0.0,7,7,0,0,7,7,7136,0,0,0,0,0
2020-06-05,US,Virginia,Loudoun,2837,67,0,39.08990083,-77.63481877,51107.0,686.0312716122824,2.3616496298907297,2770,2794,67,0,2727,2659,406850,43,0,0,43,135
2020-06-05,US,Virginia,Louisa,85,1,0,37.97850256,-77.96274807,51109.0,226.117953765529,1.1764705882352942,84,84,1,0,83,81,36778,1,0,0,1,3
2020-06-05,US,Virginia,Lunenburg,17,0,0,36.94618528,-78.24133319,51111.0,139.38996392259756,0.0,17,16,0,0,16,15,12086,1,0,0,1,1
2020-06-05,US,Virginia,Lynchburg,87,1,0,37.40021399,-79.19888138,51680.0,105.88063479700126,1.1494252873563218,86,80,1,0,79,80,82126,7,0,0,7,0
2020-06-05,US,Virginia,Madison,41,1,0,38.41531222,-78.28220331,51113.0,309.17728678078583,2.4390243902439024,40,41,1,0,40,41,13295,0,0,0,0,0
2020-06-05,US,Virginia,Manassas,1190,12,0,38.7464321,-77.48509905,51683.0,2896.4342217354265,1.0084033613445378,1178,1166,12,0,1154,1154,41641,24,0,0,24,12
2020-06-05,US,Virginia,Manassas Park,343,6,0,38.77058531,-77.44399307,51685.0,1962.4671014990274,1.749271137026239,337,339,6,0,333,332,17307,4,0,0,4,7
2020-06-05,US,Virginia,Martinsville,41,1,0,36.68212094,-79.86352771,51690.0,326.5891349370718,2.4390243902439024,40,39,1,0,38,38,12902,2,0,0,2,1
2020-06-05,US,Virginia,Mathews,5,0,0,37.44164146,-76.34098896,51115.0,56.599501924383055,0.0,5,5,0,0,5,5,8802,0,0,0,0,0
2020-06-05,US,Virginia,Mecklenburg,220,23,0,36.67882005,-78.36131056,51117.0,719.2598162618106,10.454545454545457,197,219,23,0,196,219,30650,1,0,0,1,0
2020-06-05,US,Virginia,Middlesex,14,0,0,37.63191998,-76.55064617,51119.0,132.3001323001323,0.0,14,15,0,0,15,15,10769,-1,0,0,-1,0
2020-06-05,US,Virginia,Montgomery,85,1,0,37.17746986,-80.37868691,51121.0,86.26376414472016,1.1764705882352942,84,82,1,0,81,80,98985,3,0,0,3,2
2020-06-05,US,Virginia,Nelson,17,0,0,37.78790447,-78.88498513,51125.0,113.86470194239786,0.0,17,17,0,0,17,17,14836,0,0,0,0,0
2020-06-05,US,Virginia,New Kent,39,1,0,37.50694406,-76.99828634,51127.0,168.89697284656359,2.5641025641025643,38,39,1,0,38,38,22391,0,0,0,0,1
2020-06-05,US,Virginia,Newport News,309,10,0,37.08166899,-76.51754109,51700.0,172.40898312177433,3.236245954692557,299,299,10,0,289,292,178626,10,0,0,10,7
2020-06-05,US,Virginia,Norfolk,560,6,0,36.89934014,-76.26420872,51710.0,230.69761310362443,1.0714285714285714,554,552,6,0,546,539,244076,8,0,0,8,13
2020-06-05,US,Virginia,Northampton,249,25,0,37.34062933,-75.87751591,51131.0,2126.387702818104,10.040160642570283,224,247,25,0,222,245,11735,2,0,0,2,2
2020-06-05,US,Virginia,Northumberland,25,1,0,37.89202088,-76.41949732,51133.0,206.69698222405952,4.0,24,25,1,0,24,25,12147,0,0,0,0,0
2020-06-05,US,Virginia,Norton,2,0,0,36.93357076,-82.62750411,51720.0,50.23863350916855,0.0,2,2,0,0,2,2,3968,0,0,0,0,0
2020-06-05,US,Virginia,Nottoway,44,0,0,37.1435975,-78.05065922,51135.0,288.86554621848734,0.0,44,40,0,0,40,40,15420,4,0,0,4,0
2020-06-05,US,Virginia,Orange,119,1,0,38.24530219,-78.01560400000002,51137.0,321.17891554883806,0.8403361344537815,118,115,1,0,114,111,36644,4,0,0,4,4
2020-06-05,US,Virginia,Page,233,24,0,38.61807452,-78.48797204,51139.0,974.8138231110366,10.300429184549355,209,231,24,0,207,231,23933,2,0,0,2,0
2020-06-05,US,Virginia,Patrick,23,0,0,36.680163799999995,-80.2865648,51141.0,130.62244434348025,0.0,23,22,0,0,22,21,17673,1,0,0,1,1
2020-06-05,US,Virginia,Petersburg,159,3,0,37.20530399,-77.39368102,51730.0,507.2417533337587,1.8867924528301887,156,152,3,0,149,143,31567,7,0,0,7,9
2020-06-05,US,Virginia,Pittsylvania,47,1,0,36.81980341,-79.39731264,51143.0,77.87387745634092,2.127659574468085,46,45,1,0,44,45,60949,2,0,0,2,0
2020-06-05,US,Virginia,Poquoson,8,0,0,37.14259351,-76.35798148,51735.0,65.19436068780051,0.0,8,8,0,0,8,8,12190,0,0,0,0,0
2020-06-05,US,Virginia,Portsmouth,325,11,0,36.85914825,-76.35971629,51740.0,344.28695523210234,3.3846153846153846,314,325,11,0,314,322,94632,0,0,0,0,3
2020-06-05,US,Virginia,Powhatan,37,0,0,37.55016038,-77.91267882,51145.0,124.78079050317012,0.0,37,36,0,0,36,36,29189,1,0,0,1,0
2020-06-05,US,Virginia,Prince Edward,146,2,0,37.22554789,-78.43597949,51147.0,640.294710990264,1.3698630136986298,144,146,2,0,144,143,22950,0,0,0,0,3
2020-06-05,US,Virginia,Prince George,142,0,0,37.18497668,-77.22922187,51149.0,370.24483091283605,0.0,142,142,0,0,142,135,38082,0,0,0,0,7
2020-06-05,US,Virginia,Prince William,6030,110,0,38.70916224,-77.48713689,51153.0,1282.0649111803286,1.8242122719734657,5920,5932,110,0,5822,5837,468011,98,0,0,98,95
2020-06-05,US,Virginia,Pulaski,21,0,0,37.06474963,-80.71229738,51155.0,61.71569635877391,0.0,21,21,0,0,21,21,34066,0,0,0,0,0
2020-06-05,US,Virginia,Radford,6,0,0,37.12222899,-80.56027320000003,51750.0,32.878513891172126,0.0,6,6,0,0,6,6,18339,0,0,0,0,0
2020-06-05,US,Virginia,Rappahannock,15,0,0,38.68295619,-78.15826963,51157.0,203.527815468114,0.0,15,15,0,0,15,14,7252,0,0,0,0,1
2020-06-05,US,Virginia,Richmond,289,5,0,37.937575,-76.72920628,51159.0,3202.9258561454058,1.7301038062283738,284,287,5,0,282,287,9038,2,0,0,2,0
2020-06-05,US,Virginia,Richmond City,1527,25,0,37.53255773,-77.47966921,51760.0,662.6568765297088,1.6371971185330714,1502,1488,24,0,1464,1455,228783,39,1,0,38,33
2020-06-05,US,Virginia,Roanoke,119,6,0,37.26865804,-80.06396753,51161.0,126.34574140530441,5.042016806722689,113,113,6,0,107,113,94073,6,0,0,6,0
2020-06-05,US,Virginia,Roanoke City,190,10,0,37.27791025,-79.96189766,51770.0,191.64237515507904,5.2631578947368425,180,176,10,0,166,176,99920,14,0,0,14,0
2020-06-05,US,Virginia,Rockbridge,18,0,0,37.81204314,-79.44605905,51163.0,79.74128383466973,0.0,18,18,0,0,18,19,22752,0,0,0,0,-1
2020-06-05,US,Virginia,Rockingham,561,6,0,38.51006137,-78.87260325,51165.0,684.5804656611509,1.0695187165775402,555,555,6,0,549,548,81244,6,0,0,6,7
2020-06-05,US,Virginia,Russell,8,0,0,36.93028320000001,-82.10095486,51167.0,30.091025351688856,0.0,8,8,0,0,8,8,26748,0,0,0,0,0
2020-06-05,US,Virginia,Salem,37,3,0,37.2836193,-80.06219455,51775.0,146.23927907987826,8.108108108108109,34,36,3,0,33,36,25643,1,0,0,1,0
2020-06-05,US,Virginia,Scott,7,2,0,36.71466456,-82.60171704,51169.0,32.458499489937864,28.57142857142857,5,7,2,0,5,7,21534,0,0,0,0,0
2020-06-05,US,Virginia,Shenandoah,472,22,0,38.85905135,-78.56813762,51171.0,1082.1716801173884,4.6610169491525415,450,470,22,0,448,465,43497,2,0,0,2,5
2020-06-05,US,Virginia,Smyth,15,0,0,36.84455636,-81.53344948,51173.0,49.827265479670466,0.0,15,15,0,0,15,15,30472,0,0,0,0,0
2020-06-05,US,Virginia,Southampton,152,2,0,36.72231125,-77.10642712,51175.0,862.117860586467,1.3157894736842106,150,150,2,0,148,150,17586,2,0,0,2,0
2020-06-05,US,Virginia,Spotsylvania,615,7,0,38.18574462,-77.655399,51177.0,451.4921264177954,1.1382113821138211,608,593,7,0,586,590,134238,22,0,0,22,3
2020-06-05,US,Virginia,Stafford,750,5,0,38.41758738,-77.45917053,51179.0,490.57442995251233,0.6666666666666666,745,742,5,0,737,738,149960,8,0,0,8,4
2020-06-05,US,Virginia,Staunton,53,0,0,38.15965544,-79.05979937,51790.0,212.5782127386491,0.0,53,52,0,0,52,50,24922,1,0,0,1,2
2020-06-05,US,Virginia,Suffolk,322,33,0,36.70155394,-76.63603554,51800.0,349.5896121943805,10.248447204968944,289,320,33,0,287,318,91185,2,0,0,2,2
2020-06-05,US,Virginia,Surry,10,1,0,37.11781893,-76.88450012,51181.0,155.71473061351602,10.0,9,10,1,0,9,11,6474,0,0,0,0,-1
2020-06-05,US,Virginia,Sussex,174,2,0,36.92432914,-77.25791182,51183.0,1559.279505332019,1.1494252873563218,172,173,2,0,171,165,11237,1,0,0,1,8
2020-06-05,US,Virginia,Tazewell,9,0,0,37.12191123,-81.56685568,51185.0,22.170218007143742,0.0,9,9,0,0,9,9,40855,0,0,0,0,0
2020-06-05,US,Virginia,Virginia Beach,784,25,0,36.73285734,-76.04566934,51810.0,174.2322889766964,3.1887755102040822,759,770,24,0,746,752,450189,14,1,0,13,18
2020-06-05,US,Virginia,Warren,220,4,0,38.90847745,-78.20280433,51187.0,547.7542077482324,1.818181818181818,216,217,3,0,214,204,40003,3,1,0,2,13
2020-06-05,US,Virginia,Washington,53,4,0,36.72341572,-81.95666289,51191.0,98.62299962783773,7.547169811320754,49,53,4,0,49,53,54402,0,0,0,0,0
2020-06-05,US,Virginia,Waynesboro,48,0,0,38.06451466,-78.90293905,51820.0,212.10782147591686,0.0,48,47,0,0,47,47,22628,1,0,0,1,0
2020-06-05,US,Virginia,Westmoreland,80,1,0,38.11021557,-76.80213247,51193.0,444.0743824590619,1.25,79,80,1,0,79,76,17830,0,0,0,0,4
2020-06-05,US,Virginia,Williamsburg,45,5,0,37.28131268,-76.70905141,51830.0,300.92283001203685,11.111111111111109,40,45,5,0,40,45,14896,0,0,0,0,0
2020-06-05,US,Virginia,Winchester,225,2,0,39.17054517,-78.17325058,51840.0,801.3391267184272,0.8888888888888888,223,215,2,0,213,198,28108,10,0,0,10,17
2020-06-05,US,Virginia,Wise,27,2,0,36.9746148,-82.62410519,51195.0,72.22534307037958,7.407407407407407,25,27,2,0,25,25,38012,0,0,0,0,2
2020-06-05,US,Virginia,Wythe,30,1,0,36.91582035,-81.07834059,51197.0,104.58792358109051,3.333333333333333,29,30,1,0,29,29,28754,0,0,0,0,1
2020-06-05,US,Virginia,York,79,3,0,37.24374789,-76.54412815,51199.0,115.70005858230816,3.79746835443038,76,77,3,0,74,77,67846,2,0,0,2,0
2020-06-05,US,Washington,Adams,78,0,0,46.98299757,-118.56017340000001,53001.0,390.33178201471253,0.0,78,77,0,0,77,73,19759,1,0,0,1,4
2020-06-05,US,Washington,Asotin,19,2,0,46.18894415,-117.2022851,53003.0,84.13780887432469,10.526315789473683,17,19,2,0,17,19,22610,0,0,0,0,0
2020-06-05,US,Washington,Benton,873,64,0,46.23946995,-119.51208340000001,53005.0,427.12461470717744,7.331042382588774,809,852,63,0,789,838,201877,21,1,0,20,14
2020-06-05,US,Washington,Chelan,260,6,0,47.87046092,-120.6173956,53007.0,336.7875647668393,2.3076923076923075,254,255,6,0,249,254,77036,5,0,0,5,1
2020-06-05,US,Washington,Clallam,27,0,0,48.04754642,-123.92263190000001,53009.0,34.91484656864647,0.0,27,27,0,0,27,27,76737,0,0,0,0,0
2020-06-05,US,Washington,Clark,550,24,0,45.77568046,-122.48292040000001,53011.0,112.6492859059358,4.363636363636363,526,550,23,0,527,550,481857,0,1,0,-1,0
2020-06-05,US,Washington,Columbia,1,0,0,46.29442881,-117.9051983,53013.0,25.094102885821833,0.0,1,1,0,0,1,1,4059,0,0,0,0,0
2020-06-05,US,Washington,Cowlitz,76,0,0,46.19074721,-122.6782231,53015.0,68.72044342770339,0.0,76,76,0,0,76,76,108987,0,0,0,0,0
2020-06-05,US,Washington,Douglas,177,3,0,47.7361335,-119.69293700000001,53017.0,407.56176748255774,1.6949152542372878,174,173,3,0,170,172,42907,4,0,0,4,1
2020-06-05,US,Washington,Ferry,1,0,0,48.471143100000006,-118.5154041,53019.0,13.111315064901008,0.0,1,1,0,0,1,1,7649,0,0,0,0,0
2020-06-05,US,Washington,Franklin,670,21,0,46.53351425,-118.9018212,53021.0,703.6189115960598,3.1343283582089554,649,642,20,0,622,632,94347,28,1,0,27,10
2020-06-05,US,Washington,Grant,214,4,0,47.20753737,-119.4500749,53025.0,218.9639118823734,1.8691588785046729,210,212,4,0,208,211,97331,2,0,0,2,1
2020-06-05,US,Washington,Grays Harbor,19,0,0,47.14003705,-123.7820567,53027.0,25.31274563355138,0.0,19,18,0,0,18,18,73901,1,0,0,1,0
2020-06-05,US,Washington,Island,181,11,0,48.14713305,-122.5216407,53029.0,212.5885296155789,6.077348066298343,170,181,11,0,170,181,84460,0,0,0,0,0
2020-06-05,US,Washington,Jefferson,31,0,0,47.75003077,-123.56097040000002,53031.0,96.21054591725893,0.0,31,31,0,0,31,31,31729,0,0,0,0,0
2020-06-05,US,Washington,King,8371,576,0,47.49137892,-121.8346131,53033.0,371.5850002352647,6.880898339505436,7795,8318,574,0,7744,8264,2233163,53,2,0,51,54
2020-06-05,US,Washington,Kitsap,164,2,0,47.63479026,-122.6436061,53035.0,60.41116427784715,1.2195121951219512,162,163,2,0,161,163,269805,1,0,0,1,0
2020-06-05,US,Washington,Kittitas,88,0,0,47.12521214,-120.67943899999999,53037.0,183.58193386878062,0.0,88,88,0,0,88,89,47364,0,0,0,0,-1
2020-06-05,US,Washington,Klickitat,30,3,0,45.87325839,-120.7913598,53039.0,133.77926421404683,10.0,27,29,3,0,26,28,22107,1,0,0,1,1
2020-06-05,US,Washington,Lewis,37,3,0,46.57756476,-122.39257690000001,53041.0,45.844846171955346,8.108108108108109,34,37,3,0,34,37,79604,0,0,0,0,0
2020-06-05,US,Washington,Lincoln,2,0,0,47.57705241,-118.41943880000001,53043.0,18.283206874485785,0.0,2,2,0,0,2,2,10740,0,0,0,0,0
2020-06-05,US,Washington,Mason,37,1,0,47.35007586,-123.1863685,53045.0,55.415768032590464,2.702702702702702,36,36,1,0,35,36,65507,1,0,0,1,0
2020-06-05,US,Washington,Okanogan,52,1,0,48.54855019,-119.73872240000001,53047.0,123.09731789882349,1.9230769230769231,51,53,1,0,52,52,42132,-1,0,0,-1,1
2020-06-05,US,Washington,Pacific,9,1,0,46.55418369,-123.7285716,53049.0,40.05162209069467,11.111111111111109,8,9,1,0,8,9,22036,0,0,0,0,0
2020-06-05,US,Washington,Pend Oreille,3,0,0,48.53234021,-117.2741804,53051.0,21.85951617604197,0.0,3,3,0,0,3,3,13602,0,0,0,0,0
2020-06-05,US,Washington,Pierce,2007,84,0,47.03892768,-122.14059579999999,53053.0,221.7728568587151,4.185351270553063,1923,1991,83,0,1908,1968,891299,16,1,0,15,23
2020-06-05,US,Washington,San Juan,15,0,0,48.60182783,-122.96745,53055.0,85.31452621999773,0.0,15,15,0,0,15,15,17128,0,0,0,0,0
2020-06-05,US,Washington,Skagit,450,15,0,48.48171488,-121.766131,53057.0,348.2837351495685,3.333333333333333,435,446,15,0,431,443,128206,4,0,0,4,3
2020-06-05,US,Washington,Skamania,3,0,0,46.02408726,-121.91644029999999,53059.0,24.828271124720683,0.0,3,3,0,0,3,4,11924,0,0,0,0,-1
2020-06-05,US,Washington,Snohomish,3014,152,0,48.04615983,-121.7170703,53061.0,366.6296468848036,5.04313205043132,2862,2999,150,0,2849,2991,814901,15,2,0,13,8
2020-06-05,US,Washington,Spokane,664,35,0,47.62113146,-117.4046494,53063.0,127.008902099855,5.2710843373493965,629,648,34,0,614,627,514631,16,1,0,15,21
2020-06-05,US,Washington,Stevens,13,1,0,48.40035475,-117.8542701,53065.0,28.43208013472432,7.6923076923076925,12,13,1,0,12,13,45260,0,0,0,0,0
2020-06-05,US,Washington,Thurston,157,2,0,46.9291895,-122.82906559999999,53067.0,54.03805380400363,1.2738853503184713,155,154,2,0,152,154,286419,3,0,0,3,0
2020-06-05,US,Washington,Unassigned,19,0,0,0.0,0.0,90053.0,0.0,0.0,19,37,0,0,37,28,,-18,0,0,-18,9
2020-06-05,US,Washington,Wahkiakum,4,0,0,46.29180039999999,-123.4250831,53069.0,89.12655971479502,0.0,4,4,0,0,4,4,4426,0,0,0,0,0
2020-06-05,US,Washington,Walla Walla,111,2,0,46.23040051,-118.4775539,53071.0,182.6859776168532,1.8018018018018016,109,111,2,0,109,110,60922,0,0,0,0,1
2020-06-05,US,Washington,Whatcom,405,37,0,48.82227976,-121.74900179999999,53073.0,176.66534349413516,9.135802469135802,368,404,37,0,367,402,225685,1,0,0,1,2
2020-06-05,US,Washington,Whitman,20,0,0,46.90022523,-117.52417630000001,53075.0,39.91697269679067,0.0,20,20,0,0,20,20,49791,0,0,0,0,0
2020-06-05,US,Washington,Yakima,4141,99,0,46.45738486,-120.73801259999999,53077.0,1650.6359791607706,2.3907268775658053,4042,4031,97,0,3934,3938,251446,110,2,0,108,93
2020-06-05,US,West Virginia,Barbour,8,1,0,39.1307219,-80.00350858,54001.0,48.65884070312025,12.5,7,8,1,0,7,8,16535,0,0,0,0,0
2020-06-05,US,West Virginia,Berkeley,340,8,0,39.46704621,-78.02414609,54003.0,285.30431061248123,2.3529411764705883,332,336,7,0,329,326,117123,4,1,0,3,10
2020-06-05,US,West Virginia,Boone,11,0,0,38.01974191,-81.69888019,54005.0,51.26532134035513,0.0,11,11,0,0,11,9,21951,0,0,0,0,2
2020-06-05,US,West Virginia,Braxton,2,0,0,38.70036159,-80.72011184,54007.0,14.329727018700293,0.0,2,2,0,0,2,2,14089,0,0,0,0,0
2020-06-05,US,West Virginia,Brooke,5,0,0,40.27367263,-80.57915332,54009.0,22.79046446966589,0.0,5,5,0,0,5,5,22203,0,0,0,0,0
2020-06-05,US,West Virginia,Cabell,69,0,0,38.42424062,-82.23855912,54011.0,75.04486377725814,0.0,69,69,0,0,69,67,93224,0,0,0,0,2
2020-06-05,US,West Virginia,Calhoun,2,0,0,38.84315422,-81.11934872,54013.0,28.133352088901397,0.0,2,2,0,0,2,2,7254,0,0,0,0,0
2020-06-05,US,West Virginia,Clay,7,0,0,38.46231092,-81.07652217,54015.0,82.27550540667606,0.0,7,6,0,0,6,6,8632,1,0,0,1,0
2020-06-05,US,West Virginia,Fayette,54,4,0,38.02974928,-81.08286634,54019.0,127.34047068811016,7.407407407407407,50,52,4,0,48,52,43018,2,0,0,2,0
2020-06-05,US,West Virginia,Gilmer,10,0,0,38.9251277,-80.85952723,54021.0,127.82819890067749,0.0,10,10,0,0,10,10,8026,0,0,0,0,0
2020-06-05,US,West Virginia,Grant,12,0,0,39.10314817,-79.19440518,54023.0,103.73443983402491,0.0,12,12,0,0,12,12,11626,0,0,0,0,0
2020-06-05,US,West Virginia,Greenbrier,9,0,0,37.9463652,-80.45335881,54025.0,25.965033754543878,0.0,9,9,0,0,9,9,34786,0,0,0,0,0
2020-06-05,US,West Virginia,Hampshire,33,1,0,39.32103553,-78.60826476,54027.0,142.39482200647248,3.0303030303030303,32,31,1,0,30,31,23347,2,0,0,2,0
2020-06-05,US,West Virginia,Hancock,20,0,0,40.51943859,-80.57461608,54029.0,69.42034015966678,0.0,20,20,0,0,20,19,29094,0,0,0,0,1
2020-06-05,US,West Virginia,Hardy,40,0,0,39.00683177,-78.85855301,54031.0,290.36004645760744,0.0,40,39,0,0,39,39,13775,1,0,0,1,0
2020-06-05,US,West Virginia,Harrison,40,1,0,39.2853852,-80.37919577,54033.0,59.47424765076722,2.5,39,40,1,0,39,40,67554,0,0,0,0,0
2020-06-05,US,West Virginia,Jackson,138,18,0,38.84263974,-81.68148753,54035.0,482.92273236282193,13.043478260869565,120,138,18,0,120,137,28706,0,0,0,0,1
2020-06-05,US,West Virginia,Jefferson,203,4,0,39.30776166,-77.86014147,54037.0,355.2304623245722,1.9704433497536944,199,204,1,0,203,199,56811,-1,3,0,-4,5
2020-06-05,US,West Virginia,Kanawha,233,19,0,38.33860077,-81.52857054,54039.0,130.80775190316857,8.15450643776824,214,231,19,0,212,230,180454,2,0,0,2,1
2020-06-05,US,West Virginia,Lewis,9,1,0,38.9947249,-80.49988181,54041.0,56.578864650782684,11.111111111111109,8,9,1,0,8,9,16024,0,0,0,0,0
2020-06-05,US,West Virginia,Lincoln,5,0,0,38.172154,-82.07017953,54043.0,24.498995541182808,0.0,5,5,0,0,5,5,20599,0,0,0,0,0
2020-06-05,US,West Virginia,Logan,20,1,0,37.8299889,-81.93528571,54045.0,62.462912645616655,5.0,19,19,1,0,18,19,32607,1,0,0,1,0
2020-06-05,US,West Virginia,Marion,52,2,0,39.50984542,-80.24244659,54049.0,92.73790840348124,3.8461538461538463,50,51,2,0,49,51,56097,1,0,0,1,0
2020-06-05,US,West Virginia,Marshall,30,0,0,39.86064362,-80.66591062,54051.0,98.26078412105728,0.0,30,30,0,0,30,30,30785,0,0,0,0,0
2020-06-05,US,West Virginia,Mason,15,0,0,38.77071799,-82.02524219,54053.0,56.569618343641565,0.0,15,15,0,0,15,15,26718,0,0,0,0,0
2020-06-05,US,West Virginia,McDowell,6,0,0,37.38002939,-81.65083669,54047.0,34.04448479346346,0.0,6,6,0,0,6,6,18223,0,0,0,0,0
2020-06-05,US,West Virginia,Mercer,13,0,0,37.40481169,-81.11023142,54055.0,22.124646856598247,0.0,13,13,0,0,13,13,59131,0,0,0,0,0
2020-06-05,US,West Virginia,Mineral,50,1,0,39.41561583,-78.94104895,54057.0,186.09498287926158,2.0,49,48,1,0,47,47,26940,2,0,0,2,1
2020-06-05,US,West Virginia,Mingo,8,1,0,37.73048351,-82.13338365,54059.0,34.15300546448088,12.5,7,8,1,0,7,8,23785,0,0,0,0,0
2020-06-05,US,West Virginia,Monongalia,138,5,0,39.63218457,-80.04766838,54061.0,130.66696966253835,3.6231884057971016,133,135,5,0,130,135,106420,3,0,0,3,0
2020-06-05,US,West Virginia,Monroe,8,0,0,37.56274716,-80.54577965,54063.0,60.263653483992464,0.0,8,8,0,0,8,8,13280,0,0,0,0,0
2020-06-05,US,West Virginia,Morgan,19,0,0,39.55439028,-78.26311676,54065.0,106.24021471706553,0.0,19,19,0,0,19,19,17787,0,0,0,0,0
2020-06-05,US,West Virginia,Nicholas,8,1,0,38.29617706,-80.79759588,54067.0,32.65839320705421,12.5,7,9,1,0,8,9,24842,-1,0,0,-1,0
2020-06-05,US,West Virginia,Ohio,48,1,0,40.0955451,-80.62203992,54069.0,115.911231315351,2.083333333333333,47,47,1,0,46,47,41755,1,0,0,1,0
2020-06-05,US,West Virginia,Pendleton,13,1,0,38.68314479,-79.35084086,54071.0,186.5403931697517,7.6923076923076925,12,13,0,0,13,13,6997,0,1,0,-1,0
2020-06-05,US,West Virginia,Pleasants,4,0,0,39.37091679,-81.16771771,54073.0,53.61930294906166,0.0,4,4,0,0,4,4,7507,0,0,0,0,0
2020-06-05,US,West Virginia,Pocahontas,21,0,0,38.32758728,-80.00993811,54075.0,254.63805020007274,0.0,21,21,0,0,21,21,8414,0,0,0,0,0
2020-06-05,US,West Virginia,Preston,24,2,0,39.46770987,-79.66712803,54077.0,71.78750897343862,8.333333333333334,22,24,3,0,21,24,33839,0,-1,0,1,0
2020-06-05,US,West Virginia,Putnam,38,0,0,38.50782345,-81.9082131,54079.0,67.31620903454385,0.0,38,38,0,0,38,38,56682,0,0,0,0,0
2020-06-05,US,West Virginia,Raleigh,17,0,0,37.76936795,-81.2456041,54081.0,23.173075612382604,0.0,17,17,0,0,17,17,74254,0,0,0,0,0
2020-06-05,US,West Virginia,Randolph,132,0,0,38.769899,-79.87919615,54083.0,460.01045478306327,0.0,132,132,0,0,132,132,28823,0,0,0,0,0
2020-06-05,US,West Virginia,Ritchie,1,0,0,39.18094587,-81.06356878,54085.0,10.466820180029307,0.0,1,1,0,0,1,1,9721,0,0,0,0,0
2020-06-05,US,West Virginia,Roane,9,1,0,38.71622686,-81.35243568,54087.0,65.7510227936879,11.111111111111109,8,9,0,0,9,9,13932,0,1,0,-1,0
2020-06-05,US,West Virginia,Summers,1,0,0,37.65390597,-80.86009693,54089.0,7.953551260637875,0.0,1,1,0,0,1,1,12760,0,0,0,0,0
2020-06-05,US,West Virginia,Taylor,9,0,0,39.33602617,-80.0421439,54091.0,53.908355795148246,0.0,9,10,0,0,10,9,16862,-1,0,0,-1,1
2020-06-05,US,West Virginia,Tucker,4,0,0,39.11240885,-79.57053576,54093.0,58.488083053077936,0.0,4,4,0,0,4,4,6955,0,0,0,0,0
2020-06-05,US,West Virginia,Tyler,3,0,0,39.46811972,-80.88772676,54095.0,34.920265394016994,0.0,3,3,0,0,3,3,8746,0,0,0,0,0
2020-06-05,US,West Virginia,Upshur,7,0,0,38.89285061,-80.23689136,54097.0,28.95433487756453,0.0,7,7,0,0,7,7,24415,0,0,0,0,0
2020-06-05,US,West Virginia,Wayne,103,9,0,38.14901357,-82.42287994,54099.0,261.408050352774,8.737864077669903,94,103,9,0,94,102,39944,0,0,0,0,1
2020-06-05,US,West Virginia,Wetzel,9,0,0,39.6065771,-80.64016540000001,54103.0,59.741121805509465,0.0,9,9,0,0,9,9,15270,0,0,0,0,0
2020-06-05,US,West Virginia,Wirt,4,0,0,39.02775007,-81.37473928,54105.0,68.7167153410067,0.0,4,4,0,0,4,4,5830,0,0,0,0,0
2020-06-05,US,West Virginia,Wood,53,2,0,39.20967886,-81.5162836,54107.0,63.45937402715583,3.7735849056603774,51,53,2,0,51,53,84203,0,0,0,0,0
2020-06-05,US,West Virginia,Wyoming,2,0,0,37.612327,-81.54511071,54109.0,9.806805923310778,0.0,2,2,0,0,2,2,20786,0,0,0,0,0
2020-06-05,US,Wisconsin,Adams,5,1,0,43.96974651,-89.76782777,55001.0,24.727992087042534,20.0,4,4,1,0,3,4,20348,1,0,0,1,0
2020-06-05,US,Wisconsin,Ashland,3,0,0,46.31956891,-90.67837132,55003.0,19.27772779848349,0.0,3,2,0,0,2,2,15600,1,0,0,1,0
2020-06-05,US,Wisconsin,Barron,20,0,0,45.42372701,-91.84833627,55005.0,44.204756431792056,0.0,20,20,0,0,20,21,45164,0,0,0,0,-1
2020-06-05,US,Wisconsin,Bayfield,3,1,0,46.52868768,-91.19716729,55007.0,19.952114924181963,33.333333333333336,2,3,1,0,2,3,15042,0,0,0,0,0
2020-06-05,US,Wisconsin,Brown,2369,38,0,44.452655299999996,-88.00411844,55009.0,895.5099757316417,1.6040523427606586,2331,2361,38,0,2323,2350,263378,8,0,0,8,11
2020-06-05,US,Wisconsin,Buffalo,6,2,0,44.37835084,-91.75332578,55011.0,46.04404880669172,33.333333333333336,4,6,1,0,5,6,13125,0,1,0,-1,0
2020-06-05,US,Wisconsin,Burnett,1,1,0,45.86303537,-92.36711412,55013.0,6.487608667445179,100.0,0,1,1,0,0,1,15392,0,0,0,0,0
2020-06-05,US,Wisconsin,Calumet,79,1,0,44.0816316,-88.21780273,55015.0,157.7192597177025,1.2658227848101269,78,79,1,0,78,79,50159,0,0,0,0,0
2020-06-05,US,Wisconsin,Chippewa,58,0,0,45.06939744,-91.28068855,55017.0,89.70274366667698,0.0,58,58,0,0,58,58,64135,0,0,0,0,0
2020-06-05,US,Wisconsin,Clark,39,4,0,44.73483377,-90.61207486,55019.0,112.15275780755735,10.256410256410255,35,37,4,0,33,35,34709,2,0,0,2,2
2020-06-05,US,Wisconsin,Columbia,44,1,0,43.46492199,-89.33589004,55021.0,76.47917680595147,2.272727272727273,43,44,1,0,43,44,57358,0,0,0,0,0
2020-06-05,US,Wisconsin,Crawford,26,0,0,43.23870316,-90.93073686,55023.0,161.18033599900812,0.0,26,26,0,0,26,26,16291,0,0,0,0,0
2020-06-05,US,Wisconsin,Dane,800,29,0,43.06601594,-89.41733797,55025.0,146.33387903675725,3.625,771,789,29,0,760,773,542364,11,0,0,11,16
2020-06-05,US,Wisconsin,Dodge,394,4,0,43.41576662,-88.70928178,55027.0,448.5479115199399,1.0152284263959392,390,386,3,0,383,383,87847,8,1,0,7,3
2020-06-05,US,Wisconsin,Door,39,3,0,44.95856458,-87.30002707,55029.0,140.95706231025008,7.6923076923076925,36,40,3,0,37,38,27610,-1,0,0,-1,2
2020-06-05,US,Wisconsin,Douglas,19,0,0,46.43222285,-91.91595768,55031.0,44.0324449594438,0.0,19,19,0,0,19,19,43208,0,0,0,0,0
2020-06-05,US,Wisconsin,Dunn,26,0,0,44.94562799,-91.8962481,55033.0,57.309116557926295,0.0,26,26,0,0,26,25,45131,0,0,0,0,1
2020-06-05,US,Wisconsin,Eau Claire,119,0,0,44.726614,-91.28609183,55035.0,113.71672113602048,0.0,119,116,0,0,116,114,104534,3,0,0,3,2
2020-06-05,US,Wisconsin,Florence,2,0,0,45.84963535,-88.39804137,55037.0,46.56577415599534,0.0,2,2,0,0,2,2,4321,0,0,0,0,0
2020-06-05,US,Wisconsin,Fond du Lac,226,5,0,43.75354908,-88.48885325,55039.0,218.56232411051903,2.2123893805309733,221,225,5,0,220,221,103066,1,0,0,1,4
2020-06-05,US,Wisconsin,Forest,34,2,0,45.66678019,-88.77084892,55041.0,377.6099511328298,5.882352941176472,32,29,2,0,27,28,8991,5,0,0,5,1
2020-06-05,US,Wisconsin,Grant,98,12,0,42.8671731,-90.7063218,55043.0,190.5169229572892,12.244897959183671,86,98,12,0,86,98,51554,0,0,0,0,0
2020-06-05,US,Wisconsin,Green,70,0,0,42.6794956,-89.60243287,55045.0,189.3939393939394,0.0,70,70,0,0,70,70,36929,0,0,0,0,0
2020-06-05,US,Wisconsin,Green Lake,22,0,0,43.80025981,-89.04679553,55047.0,116.32210648760113,0.0,22,22,0,0,22,22,18918,0,0,0,0,0
2020-06-05,US,Wisconsin,Iowa,16,0,0,43.00050278,-90.13469017,55049.0,67.57327476982853,0.0,16,16,0,0,16,17,23771,0,0,0,0,-1
2020-06-05,US,Wisconsin,Iron,2,1,0,46.26302338,-90.24295041,55051.0,35.16792685071215,50.0,1,2,1,0,1,2,5676,0,0,0,0,0
2020-06-05,US,Wisconsin,Jackson,17,1,0,44.31864893,-90.80566792,55053.0,82.35237126386669,5.882352941176472,16,19,1,0,18,19,20478,-2,0,0,-2,0
2020-06-05,US,Wisconsin,Jefferson,122,3,0,43.02054068,-88.77529134,55055.0,143.92053698875768,2.459016393442623,119,116,3,0,113,114,85129,6,0,0,6,2
2020-06-05,US,Wisconsin,Juneau,22,1,0,43.92456975,-90.11120239,55057.0,82.4371416794694,4.545454545454546,21,22,1,0,21,22,26617,0,0,0,0,0
2020-06-05,US,Wisconsin,Kenosha,1259,34,0,42.57639354,-88.04051686,55059.0,742.5056469353212,2.7005559968228754,1225,1246,33,0,1213,1217,169290,13,1,0,12,29
2020-06-05,US,Wisconsin,Kewaunee,36,1,0,44.51727459,-87.61468386,55061.0,176.17695996867963,2.7777777777777777,35,36,1,0,35,36,20383,0,0,0,0,0
2020-06-05,US,Wisconsin,La Crosse,68,0,0,43.90632465,-91.11451093,55063.0,57.61930585683297,0.0,68,64,0,0,64,58,118230,4,0,0,4,6
2020-06-05,US,Wisconsin,Lafayette,29,0,0,42.66005229,-90.1317729,55065.0,174.01740174017402,0.0,29,28,0,0,28,27,16665,1,0,0,1,1
2020-06-05,US,Wisconsin,Langlade,4,0,0,45.26271619,-89.07483625,55067.0,20.845275939340247,0.0,4,4,0,0,4,3,19268,0,0,0,0,1
2020-06-05,US,Wisconsin,Lincoln,7,0,0,45.33737523,-89.73411273,55069.0,25.3687529445874,0.0,7,7,0,0,7,7,27689,0,0,0,0,0
2020-06-05,US,Wisconsin,Manitowoc,39,1,0,44.11946801,-87.80928853,55071.0,49.37896456109697,2.5641025641025643,38,38,1,0,37,38,79074,1,0,0,1,0
2020-06-05,US,Wisconsin,Marathon,57,1,0,44.89792533,-89.75863384,55073.0,42.00689797482534,1.7543859649122806,56,55,1,0,54,55,135428,2,0,0,2,0
2020-06-05,US,Wisconsin,Marinette,33,2,0,45.38553432,-88.03324599999998,55075.0,81.78438661710037,6.0606060606060606,31,33,2,0,31,32,40434,0,0,0,0,1
2020-06-05,US,Wisconsin,Marquette,5,1,0,43.81911946,-89.40073763,55077.0,32.10479003467317,20.0,4,5,1,0,4,6,15434,0,0,0,0,-1
2020-06-05,US,Wisconsin,Menominee,3,0,0,45.00422544,-88.70950714,55078.0,65.84723441615452,0.0,3,3,0,0,3,3,4658,0,0,0,0,0
2020-06-05,US,Wisconsin,Milwaukee,8547,317,0,43.00486062,-87.96733172,55079.0,903.7501348170613,3.708903708903709,8230,8388,316,0,8072,8108,948201,159,1,0,158,280
2020-06-05,US,Wisconsin,Monroe,18,1,0,43.94641218,-90.61881899999999,55081.0,38.91639461224137,5.5555555555555545,17,18,1,0,17,18,46051,0,0,0,0,0
2020-06-05,US,Wisconsin,Oconto,39,0,0,45.02715345,-88.26807503,55083.0,102.82098602689163,0.0,39,39,0,0,39,39,37830,0,0,0,0,0
2020-06-05,US,Wisconsin,Oneida,12,0,0,45.70677897,-89.51944105,55085.0,33.712600084281505,0.0,12,11,0,0,11,11,35470,1,0,0,1,0
2020-06-05,US,Wisconsin,Outagamie,253,8,0,44.41578887,-88.46565023,55087.0,134.65683795939006,3.1620553359683794,245,246,8,0,238,239,187365,7,0,0,7,7
2020-06-05,US,Wisconsin,Ozaukee,177,13,0,43.38352225,-87.94625009,55089.0,198.38378856995547,7.344632768361581,164,174,13,0,161,170,89147,3,0,0,3,4
2020-06-05,US,Wisconsin,Pepin,1,0,0,44.58307413,-91.99949611,55091.0,13.723068478111706,0.0,1,1,0,0,1,1,7289,0,0,0,0,0
2020-06-05,US,Wisconsin,Pierce,50,0,0,44.71850291,-92.4224416,55093.0,116.94812181316368,0.0,50,49,0,0,49,47,42555,1,0,0,1,2
2020-06-05,US,Wisconsin,Polk,31,1,0,45.46130348,-92.44182875,55095.0,70.80373661009979,3.2258064516129035,30,28,1,0,27,24,43598,3,0,0,3,4
2020-06-05,US,Wisconsin,Portage,23,0,0,44.47558711,-89.50152965,55097.0,32.49872831063132,0.0,23,14,0,0,14,14,70942,9,0,0,9,0
2020-06-05,US,Wisconsin,Price,2,0,0,45.68051754,-90.36098879999999,55099.0,14.980151299528124,0.0,2,2,0,0,2,2,13397,0,0,0,0,0
2020-06-05,US,Wisconsin,Racine,1878,46,0,42.74753117,-88.05941254,55101.0,956.6453229824106,2.4494142705005326,1832,1838,44,0,1794,1797,196584,40,2,0,38,41
2020-06-05,US,Wisconsin,Richland,14,4,0,43.3762778,-90.43012729,55103.0,81.1500115928588,28.57142857142857,10,14,4,0,10,14,17377,0,0,0,0,0
2020-06-05,US,Wisconsin,Rock,682,20,0,42.67151616,-89.07147900000002,55105.0,417.4981941060519,2.9325513196480935,662,671,20,0,651,658,163129,11,0,0,11,13
2020-06-05,US,Wisconsin,Rusk,5,0,0,45.47498854,-91.1333012,55107.0,35.265904923120324,0.0,5,5,0,0,5,5,14147,0,0,0,0,0
2020-06-05,US,Wisconsin,Sauk,81,3,0,43.42574087,-89.94966132,55111.0,125.69442289190279,3.703703703703704,78,81,3,0,78,81,64249,0,0,0,0,0
2020-06-05,US,Wisconsin,Sawyer,8,0,0,45.87931905,-91.14504927,55113.0,48.31501389056649,0.0,8,8,0,0,8,8,16489,0,0,0,0,0
2020-06-05,US,Wisconsin,Shawano,53,0,0,44.78902246,-88.76443896,55115.0,129.58752047727327,0.0,53,53,0,0,53,51,40796,0,0,0,0,2
2020-06-05,US,Wisconsin,Sheboygan,105,3,0,43.72099677,-87.94579284,55117.0,91.03520027744058,2.8571428571428568,102,101,3,0,98,98,115456,4,0,0,4,3
2020-06-05,US,Wisconsin,St. Croix,102,0,0,45.03437474,-92.45000068,55109.0,112.47477587746866,0.0,102,100,0,0,100,97,89694,2,0,0,2,3
2020-06-05,US,Wisconsin,Taylor,2,0,0,45.21179252,-90.5004405,55119.0,9.83139163348572,0.0,2,2,0,0,2,2,20412,0,0,0,0,0
2020-06-05,US,Wisconsin,Trempealeau,32,0,0,44.30360275,-91.35893614,55121.0,107.92944112786266,0.0,32,30,0,0,30,29,29442,2,0,0,2,1
2020-06-05,US,Wisconsin,Vernon,21,0,0,43.59422667,-90.8324691,55123.0,68.13315164492894,0.0,21,21,0,0,21,21,30785,0,0,0,0,0
2020-06-05,US,Wisconsin,Vilas,8,0,0,46.05467334,-89.51719204,55125.0,36.044154088758724,0.0,8,8,0,0,8,8,21938,0,0,0,0,0
2020-06-05,US,Wisconsin,Walworth,428,17,0,42.66858202,-88.54163073,55127.0,412.06146262564016,3.97196261682243,411,424,17,0,407,424,103718,4,0,0,4,0
2020-06-05,US,Wisconsin,Washburn,2,0,0,45.89838588,-91.79050449,55129.0,12.72264631043257,0.0,2,2,0,0,2,2,15878,0,0,0,0,0
2020-06-05,US,Wisconsin,Washington,272,9,0,43.36863664,-88.22974712,55131.0,199.95001249687581,3.3088235294117645,263,266,9,0,257,261,135693,6,0,0,6,5
2020-06-05,US,Wisconsin,Waukesha,778,32,0,43.01833055,-88.30431188,55133.0,192.47992320595355,4.113110539845758,746,765,31,0,734,744,403072,13,1,0,12,21
2020-06-05,US,Wisconsin,Waupaca,49,1,0,44.47068056,-88.96534501,55135.0,96.09727397528928,2.0408163265306123,48,47,1,0,46,45,51128,2,0,0,2,2
2020-06-05,US,Wisconsin,Waushara,10,0,0,44.11324419,-89.24317107,55137.0,40.911508407314976,0.0,10,9,0,0,9,10,24263,1,0,0,1,-1
2020-06-05,US,Wisconsin,Winnebago,334,7,0,44.06886922,-88.64477096,55139.0,194.29109925715647,2.0958083832335332,327,309,7,0,302,284,171020,25,0,0,25,25
2020-06-05,US,Wisconsin,Wood,11,1,0,44.45537896,-90.04158336,55141.0,15.068699571227008,9.090909090909092,10,11,1,0,10,10,73055,0,0,0,0,1
2020-06-05,US,Wyoming,Albany,26,0,0,41.65498705,-105.72354150000001,56001.0,66.87242798353911,0.0,26,25,0,0,25,25,38601,1,0,0,1,0
2020-06-05,US,Wyoming,Big Horn,6,0,0,44.52405055,-107.9960365,56003.0,50.89058524173028,0.0,6,6,0,0,6,6,11881,0,0,0,0,0
2020-06-05,US,Wyoming,Campbell,32,0,0,44.24886082,-105.54744040000001,56005.0,69.05332211216849,0.0,32,32,0,0,32,31,46140,0,0,0,0,1
2020-06-05,US,Wyoming,Carbon,16,0,0,41.69357844,-106.9326084,56007.0,108.10810810810813,0.0,16,16,0,0,16,16,14971,0,0,0,0,0
2020-06-05,US,Wyoming,Converse,24,0,0,42.97272268,-105.5081848,56009.0,173.63623209376357,0.0,24,24,0,0,24,24,13640,0,0,0,0,0
2020-06-05,US,Wyoming,Crook,5,0,0,44.58855102,-104.56977049999999,56011.0,65.92827004219409,0.0,5,5,0,0,5,5,7450,0,0,0,0,0
2020-06-05,US,Wyoming,Fremont,289,0,0,43.04183996,-108.6296893,56013.0,736.0994371004305,0.0,289,287,0,0,287,285,39531,2,0,0,2,2
2020-06-05,US,Wyoming,Goshen,5,0,0,42.08798185,-104.3534743,56015.0,37.847248505033676,0.0,5,5,0,0,5,5,13376,0,0,0,0,0
2020-06-05,US,Wyoming,Hot Springs,12,0,0,43.71930657,-108.44231740000001,56017.0,271.92386131883075,0.0,12,12,0,0,12,12,4555,0,0,0,0,0
2020-06-05,US,Wyoming,Johnson,18,1,0,44.04057166,-106.58451740000001,56019.0,213.14387211367676,5.5555555555555545,17,18,1,0,17,18,8460,0,0,0,0,0
2020-06-05,US,Wyoming,Laramie,188,0,0,41.30702520000001,-104.6887497,56021.0,188.94472361809045,0.0,188,188,0,0,188,188,98976,0,0,0,0,0
2020-06-05,US,Wyoming,Lincoln,15,0,0,42.26376367,-110.6563997,56023.0,75.642965204236,0.0,15,15,0,0,15,15,19434,0,0,0,0,0
2020-06-05,US,Wyoming,Natrona,82,0,0,42.96180148,-106.79788500000001,56025.0,102.68226101329859,0.0,82,79,0,0,79,79,79115,3,0,0,3,0
2020-06-05,US,Wyoming,Niobrara,2,0,0,43.05607708,-104.47588959999999,56027.0,84.88964346349746,0.0,2,2,0,0,2,2,2388,0,0,0,0,0
2020-06-05,US,Wyoming,Park,2,0,0,44.52157546,-109.58528249999999,56029.0,6.850722751250258,0.0,2,2,0,0,2,2,29324,0,0,0,0,0
2020-06-05,US,Wyoming,Platte,1,0,0,42.13299116,-104.96633100000001,56031.0,11.914690813773385,0.0,1,1,0,0,1,1,8566,0,0,0,0,0
2020-06-05,US,Wyoming,Sheridan,16,0,0,44.79048913,-106.8862389,56033.0,52.484828604231595,0.0,16,16,0,0,16,16,30233,0,0,0,0,0
2020-06-05,US,Wyoming,Sublette,3,0,0,42.76558279,-109.91309220000001,56035.0,30.515715593530675,0.0,3,3,0,0,3,3,9813,0,0,0,0,0
2020-06-05,US,Wyoming,Sweetwater,32,0,0,41.65943896,-108.8827882,56037.0,75.5732942871313,0.0,32,32,0,0,32,31,43051,0,0,0,0,1
2020-06-05,US,Wyoming,Teton,100,0,0,43.93522482,-110.5890801,56039.0,426.1847937265599,0.0,100,100,0,0,100,100,23081,0,0,0,0,0
2020-06-05,US,Wyoming,Uinta,19,0,0,41.2878183,-110.54757820000002,56041.0,93.93849500642736,0.0,19,13,0,0,13,13,20299,6,0,0,6,0
2020-06-05,US,Wyoming,Unassigned,0,16,0,0.0,0.0,90056.0,0.0,0.0,-16,0,16,0,-16,0,,0,0,0,0,0
2020-06-05,US,Wyoming,Washakie,39,0,0,43.90451606,-107.68018700000002,56043.0,499.6796925048046,0.0,39,39,0,0,39,37,7885,0,0,0,0,2
2020-06-05,US,Wyoming,Weston,1,0,0,43.83961191,-104.56748809999999,56045.0,14.436263894903998,0.0,1,1,0,0,1,1,6967,0,0,0,0,0
