Date,Country/Region,Province/State,Admin2,Confirmed,Deaths,Recovered,Latitude,Longitude,FIPS,Incidence_Rate,Case-Fatality_Ratio,Active Cases,Previous Confirmed,Previous Deaths,Previous Recovered,Previous Active,Prev2 Confirmed,Population,Daily Confirmed,Daily Deaths,Daily Recovered,Daily Active,Previous Daily Confirmed
2020-06-21,US,Alabama,Autauga,428,8,0,32.53952745,-86.64408227,1001.0,766.0777891138197,1.8691588785046729,420,425,8,0,417,405,55601,3,0,0,3,20
2020-06-21,US,Alabama,Baldwin,415,9,0,30.72774991,-87.72207058,1003.0,185.90358099572646,2.1686746987951806,406,405,9,0,396,398,218022,10,0,0,10,7
2020-06-21,US,Alabama,Barbour,271,1,0,31.868263,-85.3871286,1005.0,1097.7882200437498,0.3690036900369004,270,271,1,0,270,265,24881,0,0,0,0,6
2020-06-21,US,Alabama,Bibb,124,1,0,32.99642064,-87.12511459999996,1007.0,553.7197463606324,0.8064516129032258,123,123,1,0,122,123,22400,1,0,0,1,0
2020-06-21,US,Alabama,Blount,146,1,0,33.98210918,-86.56790593,1009.0,252.4815826790717,0.6849315068493149,145,140,1,0,139,136,57840,6,0,0,6,4
2020-06-21,US,Alabama,Bullock,324,9,0,32.10030533,-85.71265535,1011.0,3207.6032076032075,2.7777777777777777,315,324,9,0,315,318,10138,0,0,0,0,6
2020-06-21,US,Alabama,Butler,574,26,0,31.75300095,-86.68057478,1013.0,2951.4603044014807,4.529616724738676,548,570,26,0,544,567,19680,4,0,0,4,3
2020-06-21,US,Alabama,Calhoun,205,4,0,33.77483727,-85.82630386,1015.0,180.44980414594428,1.951219512195122,201,203,4,0,199,202,114277,2,0,0,2,1
2020-06-21,US,Alabama,Chambers,507,27,0,32.91360079,-85.39072749,1017.0,1524.628616106333,5.325443786982248,480,502,27,0,475,493,33615,5,0,0,5,9
2020-06-21,US,Alabama,Cherokee,56,6,0,34.17805983,-85.60638968,1019.0,213.77309512902733,10.714285714285714,50,56,6,0,50,56,26032,0,0,0,0,0
2020-06-21,US,Alabama,Chilton,159,2,0,32.85044126,-86.7173256,1021.0,357.88241649410276,1.2578616352201255,157,156,2,0,154,151,44153,3,0,0,3,5
2020-06-21,US,Alabama,Choctaw,185,12,0,32.02227341,-88.26564429999998,1023.0,1469.536897291286,6.486486486486488,173,185,12,0,173,185,12841,0,0,0,0,0
2020-06-21,US,Alabama,Clarke,215,4,0,31.68099859,-87.83548597,1025.0,910.1684870036406,1.8604651162790695,211,213,4,0,209,208,23920,2,0,0,2,5
2020-06-21,US,Alabama,Clay,32,2,0,33.26984193,-85.85836077,1027.0,241.78315073668304,6.25,30,31,2,0,29,30,13275,1,0,0,1,1
2020-06-21,US,Alabama,Cleburne,22,1,0,33.67679204,-85.52005899,1029.0,147.55197853789403,4.545454545454546,21,22,1,0,21,22,14987,0,0,0,0,0
2020-06-21,US,Alabama,Coffee,313,1,0,31.39932826,-85.98901039,1031.0,597.9901417599632,0.3194888178913738,312,311,1,0,310,310,51909,2,0,0,2,1
2020-06-21,US,Alabama,Colbert,297,5,0,34.69847452,-87.80168544,1033.0,537.6441411270614,1.6835016835016836,292,295,5,0,290,290,54762,2,0,0,2,5
2020-06-21,US,Alabama,Conecuh,138,1,0,31.43401703,-86.99320044,1035.0,1143.6148172702412,0.7246376811594203,137,135,1,0,134,132,12277,3,0,0,3,3
2020-06-21,US,Alabama,Coosa,50,1,0,32.93690146,-86.24847739,1037.0,468.911188220951,2.0,49,50,1,0,49,48,10715,0,0,0,0,2
2020-06-21,US,Alabama,Covington,223,1,0,31.2477854,-86.45050893,1039.0,601.9055844962078,0.4484304932735426,222,219,1,0,218,212,36986,4,0,0,4,7
2020-06-21,US,Alabama,Crenshaw,114,3,0,31.72941803,-86.31593104,1041.0,827.7664827185595,2.631578947368421,111,113,3,0,110,112,13824,1,0,0,1,1
2020-06-21,US,Alabama,Cullman,302,1,0,34.13020303,-86.86888037,1043.0,360.5195301308376,0.3311258278145696,301,301,1,0,300,298,83442,1,0,0,1,3
2020-06-21,US,Alabama,Dale,202,0,0,31.43037123,-85.61095742,1045.0,410.8028959570488,0.0,202,202,0,0,202,195,48956,0,0,0,0,7
2020-06-21,US,Alabama,Dallas,628,6,0,32.32688101,-87.10866709999998,1047.0,1688.3535864071405,0.9554140127388536,622,620,6,0,614,590,38310,8,0,0,8,30
2020-06-21,US,Alabama,DeKalb,411,5,0,34.45946862,-85.80782906,1049.0,574.7206801560556,1.2165450121654502,406,399,5,0,394,394,71385,12,0,0,12,5
2020-06-21,US,Alabama,Elmore,660,11,0,32.59785413,-86.14415284,1051.0,812.7178022140403,1.6666666666666667,649,650,11,0,639,633,81887,10,0,0,10,17
2020-06-21,US,Alabama,Escambia,148,6,0,31.1256789,-87.15918694,1053.0,404.0073158081511,4.0540540540540535,142,144,5,0,139,137,36748,4,1,0,3,7
2020-06-21,US,Alabama,Etowah,398,12,0,34.04567266,-86.04051873,1055.0,389.1735440215904,3.0150753768844223,386,387,12,0,375,371,102501,11,0,0,11,16
2020-06-21,US,Alabama,Fayette,58,1,0,33.72076938,-87.73886638,1057.0,355.7845663108821,1.7241379310344829,57,58,1,0,57,57,16433,0,0,0,0,1
2020-06-21,US,Alabama,Franklin,778,10,0,34.44235334,-87.84289505,1059.0,2480.709138447803,1.2853470437017995,768,772,10,0,762,769,31363,6,0,0,6,3
2020-06-21,US,Alabama,Geneva,51,0,0,31.09389027,-85.83572839,1061.0,194.1304099577481,0.0,51,51,0,0,51,49,26314,0,0,0,0,2
2020-06-21,US,Alabama,Greene,154,5,0,32.85504247,-87.95684022,1063.0,1898.6561459746024,3.2467532467532467,149,151,5,0,146,151,8233,3,0,0,3,0
2020-06-21,US,Alabama,Hale,258,18,0,32.76039258,-87.63284988,1065.0,1760.971947307351,6.9767441860465125,240,257,18,0,239,256,14726,1,0,0,1,1
2020-06-21,US,Alabama,Henry,115,3,0,31.51148016,-85.24267944,1067.0,668.4103458297006,2.608695652173913,112,115,3,0,112,111,17209,0,0,0,0,4
2020-06-21,US,Alabama,Houston,345,4,0,31.15197924,-85.29939599,1069.0,325.8344194480648,1.1594202898550725,341,344,4,0,340,341,104722,1,0,0,1,3
2020-06-21,US,Alabama,Jackson,149,3,0,34.78144169,-85.99750489,1071.0,288.6142641304769,2.0134228187919465,146,147,3,0,144,147,51736,2,0,0,2,0
2020-06-21,US,Alabama,Jefferson,2943,125,0,33.55554728,-86.89506300000002,1073.0,446.875289451587,4.247366632687734,2818,2859,125,0,2734,2791,659300,84,0,0,84,68
2020-06-21,US,Alabama,Lamar,54,0,0,33.77995024,-88.09668032,1075.0,391.1626222383194,0.0,54,54,0,0,54,54,13844,0,0,0,0,0
2020-06-21,US,Alabama,Lauderdale,296,4,0,34.90171875,-87.65624729,1077.0,319.20974021072163,1.351351351351351,292,293,4,0,289,288,92387,3,0,0,3,5
2020-06-21,US,Alabama,Lawrence,75,0,0,34.52041498,-87.31069453,1079.0,227.79735147612686,0.0,75,72,0,0,72,72,32957,3,0,0,3,0
2020-06-21,US,Alabama,Lee,836,35,0,32.60154883,-85.35132246,1081.0,508.0769651517545,4.186602870813397,801,825,35,0,790,811,163941,11,0,0,11,14
2020-06-21,US,Alabama,Limestone,269,0,0,34.81185586,-86.98310072,1083.0,271.9506647121266,0.0,269,265,0,0,265,260,96174,4,0,0,4,5
2020-06-21,US,Alabama,Lowndes,415,14,0,32.1597283,-86.65158371,1085.0,4266.913427925149,3.3734939759036147,401,412,14,0,398,409,9974,3,0,0,3,3
2020-06-21,US,Alabama,Macon,147,6,0,32.38759944,-85.69267724,1087.0,813.5930927606819,4.081632653061225,141,144,6,0,138,138,18439,3,0,0,3,6
2020-06-21,US,Alabama,Madison,701,6,0,34.76327133,-86.55069633,1089.0,187.98151827925847,0.8559201141226819,695,686,6,0,680,649,366519,15,0,0,15,37
2020-06-21,US,Alabama,Marengo,237,11,0,32.24767634,-87.78796182,1091.0,1256.4279276891268,4.641350210970463,226,237,11,0,226,237,19066,0,0,0,0,0
2020-06-21,US,Alabama,Marion,168,12,0,34.13697363,-87.88704173,1093.0,565.4852065030799,7.142857142857142,156,168,12,0,156,165,29763,0,0,0,0,3
2020-06-21,US,Alabama,Marshall,1075,9,0,34.36975964,-86.30486727,1095.0,1110.8355550044434,0.8372093023255814,1066,1054,9,0,1045,1031,96109,21,0,0,21,23
2020-06-21,US,Alabama,Mobile,2994,132,0,30.78472347,-88.20842409,1097.0,724.5710413591153,4.408817635270541,2862,2932,132,0,2800,2899,413757,62,0,0,62,33
2020-06-21,US,Alabama,Monroe,162,2,0,31.56729412,-87.36995001,1099.0,781.363044421936,1.2345679012345678,160,158,2,0,156,153,21067,4,0,0,4,5
2020-06-21,US,Alabama,Montgomery,3215,79,0,32.2206831,-86.20969272,1101.0,1419.5137889317664,2.4572317262830485,3136,3179,79,0,3100,3106,225763,36,0,0,36,73
2020-06-21,US,Alabama,Morgan,747,2,0,34.45500589,-86.85475946,1103.0,624.1696538239793,0.2677376171352075,745,726,2,0,724,710,119089,21,0,0,21,16
2020-06-21,US,Alabama,Perry,87,0,0,32.64048341,-87.29770589,1105.0,975.0084052448727,0.0,87,86,0,0,86,86,9140,1,0,0,1,0
2020-06-21,US,Alabama,Pickens,165,6,0,33.28094866,-88.08818103,1107.0,827.8976417461115,3.636363636363636,159,156,6,0,150,153,19938,9,0,0,9,3
2020-06-21,US,Alabama,Pike,356,3,0,31.80396383,-85.9408295,1109.0,1075.0739868333637,0.8426966292134831,353,356,3,0,353,352,33338,0,0,0,0,4
2020-06-21,US,Alabama,Randolph,142,8,0,33.29526734,-85.45708831,1111.0,624.9449872370391,5.633802816901407,134,142,8,0,134,142,22725,0,0,0,0,0
2020-06-21,US,Alabama,Russell,358,0,0,32.28725256,-85.18415324,1113.0,617.6567001949587,0.0,358,349,0,0,349,346,57781,9,0,0,9,3
2020-06-21,US,Alabama,Shelby,765,22,0,33.26879845,-86.66232561,1117.0,351.39778228955186,2.8758169934640523,743,759,22,0,737,740,215707,6,0,0,6,19
2020-06-21,US,Alabama,St. Clair,201,2,0,33.71902176,-86.31029372,1115.0,224.5508982035928,0.9950248756218906,199,196,2,0,194,193,88690,5,0,0,5,3
2020-06-21,US,Alabama,Sumter,268,12,0,32.59117397,-88.19916205,1119.0,2156.594511949787,4.477611940298506,256,268,12,0,256,267,12691,0,0,0,0,1
2020-06-21,US,Alabama,Talladega,182,6,0,33.37823223,-86.16886178,1121.0,227.56257970942008,3.2967032967032965,176,178,6,0,172,170,79828,4,0,0,4,8
2020-06-21,US,Alabama,Tallapoosa,510,69,0,32.86698258,-85.79833053,1123.0,1263.408229494389,13.529411764705882,441,506,69,0,437,506,40497,4,0,0,4,0
2020-06-21,US,Alabama,Tuscaloosa,1581,31,0,33.28726072,-87.52556818,1125.0,755.1766138855055,1.96078431372549,1550,1544,31,0,1513,1526,208911,37,0,0,37,18
2020-06-21,US,Alabama,Unassigned,423,10,0,0.0,0.0,90001.0,0.0,2.364066193853428,413,423,10,0,413,419,,0,0,0,0,4
2020-06-21,US,Alabama,Walker,683,8,0,33.80270512,-87.30027177,1127.0,1075.2349616662207,1.171303074670571,675,669,8,0,661,664,63711,14,0,0,14,5
2020-06-21,US,Alabama,Washington,92,6,0,31.4092794,-88.20689944,1129.0,563.5183143452163,6.521739130434782,86,92,6,0,86,91,16378,0,0,0,0,1
2020-06-21,US,Alabama,Wilcox,244,8,0,31.98773215,-87.30891118,1131.0,2352.260676756965,3.278688524590164,236,242,8,0,234,240,10627,2,0,0,2,2
2020-06-21,US,Alabama,Winston,175,1,0,34.15030532,-87.37325922,1133.0,740.6153455499597,0.5714285714285714,174,172,1,0,171,172,23660,3,0,0,3,0
2020-06-21,US,Alaska,Anchorage,352,6,0,61.14998174,-149.14269860000005,2020.0,122.22222222222223,1.7045454545454546,346,346,6,0,340,338,291538,6,0,0,6,8
2020-06-21,US,Alaska,Bethel,6,0,0,60.90980451,-159.8561831,2050.0,32.63352550853911,0.0,6,6,0,0,6,6,18216,0,0,0,0,0
2020-06-21,US,Alaska,Fairbanks North Star,117,2,0,64.80726247,-146.5692662,2090.0,120.80661648545673,1.709401709401709,115,114,2,0,112,107,98971,3,0,0,3,7
2020-06-21,US,Alaska,Haines,2,0,0,59.09893571,-135.4679843,2100.0,79.05138339920948,0.0,2,2,0,0,2,2,2474,0,0,0,0,0
2020-06-21,US,Alaska,Juneau,39,0,0,58.45031811,-134.200436,2110.0,121.97410395946709,0.0,39,39,0,0,39,39,32113,0,0,0,0,0
2020-06-21,US,Alaska,Kenai Peninsula,120,2,0,60.24429722,-151.53888840000005,2122.0,204.40144443687402,1.6666666666666667,118,119,2,0,117,117,58533,1,0,0,1,2
2020-06-21,US,Alaska,Ketchikan Gateway,21,0,0,55.57445008,-130.975561,2130.0,151.06826846989426,0.0,21,21,0,0,21,21,13918,0,0,0,0,0
2020-06-21,US,Alaska,Kodiak Island,3,0,0,57.65529415,-153.7493579,2150.0,23.08047391906447,0.0,3,3,0,0,3,3,13345,0,0,0,0,0
2020-06-21,US,Alaska,Matanuska-Susitna,55,1,0,62.31305045,-149.5741743,2170.0,50.776886361328316,1.818181818181818,54,54,1,0,53,53,107610,1,0,0,1,1
2020-06-21,US,Alaska,Nome,5,0,0,64.90320724,-164.0353804,2180.0,49.980007996801284,0.0,5,5,0,0,5,5,10008,0,0,0,0,0
2020-06-21,US,Alaska,North Slope,3,0,0,69.31479216,-153.4836093,2185.0,30.512611879576895,0.0,3,3,0,0,3,3,9872,0,0,0,0,0
2020-06-21,US,Alaska,Northwest Arctic,4,0,0,67.04919196,-159.7503946,2188.0,52.48655032148013,0.0,4,4,0,0,4,4,7671,0,0,0,0,0
2020-06-21,US,Alaska,Petersburg,4,1,0,57.13978948,-132.9540995,2195.0,122.47397428046541,25.0,3,4,1,0,3,4,3221,0,0,0,0,0
2020-06-21,US,Alaska,Prince of Wales-Hyder,2,0,0,55.76261984,-133.0511621,2198.0,32.24246332419797,0.0,2,2,0,0,2,2,6422,0,0,0,0,0
2020-06-21,US,Alaska,Sitka,11,0,0,57.24124555,-135.3206587,2220.0,129.5184269398328,0.0,11,11,0,0,11,9,8647,0,0,0,0,2
2020-06-21,US,Alaska,Southeast Fairbanks,3,0,0,63.87692095,-143.2127643,2240.0,43.52241404323227,0.0,3,3,0,0,3,3,6918,0,0,0,0,0
2020-06-21,US,Alaska,Wrangell,3,0,0,56.3202004,-132.05837309999998,2275.0,119.90407673860909,0.0,3,3,0,0,3,3,2503,0,0,0,0,0
2020-06-21,US,Alaska,Yukon-Koyukuk,2,0,0,65.50815459,-151.3907387,2290.0,38.24091778202677,0.0,2,2,0,0,2,1,5327,0,0,0,0,1
2020-06-21,US,Arizona,Apache,2117,66,0,35.39465006,-109.4892383,4001.0,2944.899634148038,3.1176192725555025,2051,2116,66,0,2050,2103,71818,1,0,0,1,13
2020-06-21,US,Arizona,Cochise,363,6,0,31.87934684,-109.7516088,4003.0,288.2736932386716,1.6528925619834711,357,362,6,0,356,332,126770,1,0,0,1,30
2020-06-21,US,Arizona,Coconino,1536,90,0,35.83883429,-111.7707178,4005.0,1070.5623240123784,5.859375,1446,1490,90,0,1400,1470,142854,46,0,0,46,20
2020-06-21,US,Arizona,Gila,160,4,0,33.80190085,-110.8132779,4007.0,296.197563775038,2.5,156,143,3,0,140,125,53889,17,1,0,16,18
2020-06-21,US,Arizona,Graham,63,1,0,32.93166885,-109.8882178,4009.0,162.21644308262742,1.5873015873015872,62,61,1,0,60,59,38072,2,0,0,2,2
2020-06-21,US,Arizona,Greenlee,13,1,0,33.21498827,-109.2405279,4011.0,136.870920193725,7.6923076923076925,12,13,1,0,12,14,9483,0,0,0,0,-1
2020-06-21,US,Arizona,La Paz,273,3,0,33.72854224,-113.9810029,4012.0,1293.3484934621945,1.0989010989010992,270,268,3,0,265,257,21098,5,0,0,5,11
2020-06-21,US,Arizona,Maricopa,30136,632,0,33.34835867,-112.4918154,4013.0,671.8666326006919,2.097159543403239,29504,28303,633,0,27670,25999,4410824,1833,-1,0,1834,2304
2020-06-21,US,Arizona,Mohave,721,73,0,35.70471703,-113.7577902,4015.0,339.80422375236236,10.124826629681,648,717,72,0,645,686,209550,4,1,0,3,31
2020-06-21,US,Arizona,Navajo,3009,95,0,35.3997715,-110.3218983,4017.0,2712.668133136201,3.1571950814224,2914,2984,95,0,2889,2928,110445,25,0,0,25,56
2020-06-21,US,Arizona,Pima,5370,242,0,32.0971334,-111.7890033,4019.0,512.7573454638163,4.506517690875233,5128,5313,242,0,5071,5019,1039073,57,0,0,57,294
2020-06-21,US,Arizona,Pinal,2357,50,0,32.90525627,-111.3449483,4021.0,509.3033758365043,2.1213406873143827,2307,2171,50,0,2121,2130,447138,186,0,0,186,41
2020-06-21,US,Arizona,Santa Cruz,1413,13,0,31.52508998,-110.8479088,4023.0,3038.8403802314083,0.9200283085633404,1400,1347,13,0,1334,1293,46511,66,0,0,66,54
2020-06-21,US,Arizona,Unassigned,0,1,0,0.0,0.0,90004.0,0.0,0.0,-1,0,1,0,-1,0,,0,0,0,0,0
2020-06-21,US,Arizona,Yavapai,456,7,0,34.59933926,-112.5538588,4025.0,193.96084202825196,1.5350877192982455,449,436,7,0,429,417,231993,20,0,0,20,19
2020-06-21,US,Arizona,Yuma,4604,65,0,32.76895712,-113.90666740000002,4027.0,2153.5453512140593,1.411815812337098,4539,4403,63,0,4340,4078,212128,201,2,0,199,325
2020-06-21,US,Arkansas,Arkansas,19,0,0,34.29145151,-91.37277296,5001.0,108.65835525563308,0.0,19,19,0,0,19,18,17769,0,0,0,0,1
2020-06-21,US,Arkansas,Ashley,53,1,0,33.19153461,-91.7698471,5003.0,269.62405250038154,1.8867924528301887,52,52,1,0,51,51,20046,1,0,0,1,1
2020-06-21,US,Arkansas,Baxter,14,0,0,36.28784385,-92.33782872,5005.0,33.38738910617189,0.0,14,14,0,0,14,14,41619,0,0,0,0,0
2020-06-21,US,Arkansas,Benton,2003,13,0,36.33644656,-94.25680817,5007.0,717.5585098570258,0.6490264603095357,1990,1904,13,0,1891,1841,272608,99,0,0,99,63
2020-06-21,US,Arkansas,Boone,11,0,0,36.3084504,-93.09374925,5009.0,29.386621072878818,0.0,11,11,0,0,11,10,37480,0,0,0,0,1
2020-06-21,US,Arkansas,Bradley,38,2,0,33.46755808,-92.15980837,5011.0,353.06141410387437,5.2631578947368425,36,37,2,0,35,35,10897,1,0,0,1,2
2020-06-21,US,Arkansas,Carroll,129,4,0,36.34038560000001,-93.54270261,5015.0,454.54545454545456,3.1007751937984502,125,126,4,0,122,102,28223,3,0,0,3,24
2020-06-21,US,Arkansas,Chicot,81,2,0,33.26458973,-91.29539209,5017.0,800.5534690650327,2.469135802469136,79,70,2,0,68,67,10438,11,0,0,11,3
2020-06-21,US,Arkansas,Clark,51,0,0,34.04613432,-93.17484713,5019.0,228.494623655914,0.0,51,50,0,0,50,50,22061,1,0,0,1,0
2020-06-21,US,Arkansas,Clay,40,2,0,36.36826212,-90.4148172,5021.0,274.8951962064463,5.0,38,33,1,0,32,31,14847,7,1,0,6,2
2020-06-21,US,Arkansas,Cleburne,77,4,0,35.53864922,-92.02640019,5023.0,309.0011637706168,5.194805194805196,73,77,4,0,73,76,24965,0,0,0,0,1
2020-06-21,US,Arkansas,Cleveland,25,0,0,33.89723187,-92.18537045,5025.0,314.228255404726,0.0,25,22,0,0,22,22,8018,3,0,0,3,0
2020-06-21,US,Arkansas,Columbia,38,2,0,33.21230701,-93.22642793,5027.0,161.99855053928462,5.2631578947368425,36,32,2,0,30,31,23537,6,0,0,6,1
2020-06-21,US,Arkansas,Conway,34,3,0,35.26205537,-92.70506566,5029.0,163.10083469250696,8.823529411764708,31,29,3,0,26,26,20891,5,0,0,5,3
2020-06-21,US,Arkansas,Craighead,396,5,0,35.83018283,-90.63235729,5031.0,358.91672406917303,1.2626262626262623,391,388,5,0,383,385,108558,8,0,0,8,3
2020-06-21,US,Arkansas,Crawford,97,0,0,35.58928601,-94.2446814,5033.0,153.34271305942426,0.0,97,91,0,0,91,83,63406,6,0,0,6,8
2020-06-21,US,Arkansas,Crittenden,588,10,0,35.21247318,-90.30839406,5035.0,1226.1495151704726,1.7006802721088434,578,577,10,0,567,573,48342,11,0,0,11,4
2020-06-21,US,Arkansas,Cross,82,1,0,35.29631396,-90.77185818,5037.0,499.4214020342287,1.2195121951219512,81,82,1,0,81,82,16676,0,0,0,0,0
2020-06-21,US,Arkansas,Dallas,6,0,0,33.97042763,-92.65167437,5039.0,85.60422314167499,0.0,6,6,0,0,6,4,7182,0,0,0,0,2
2020-06-21,US,Arkansas,Desha,29,0,0,33.83011025,-91.25500948,5041.0,255.25922013907226,0.0,29,28,0,0,28,26,11512,1,0,0,1,2
2020-06-21,US,Arkansas,Drew,37,1,0,33.59035001,-91.71777921,5043.0,203.08469180525825,2.702702702702702,36,34,1,0,33,32,18328,3,0,0,3,2
2020-06-21,US,Arkansas,Faulkner,269,3,0,35.14719007,-92.33717519,5045.0,213.480203480759,1.1152416356877324,266,246,3,0,243,227,124806,23,0,0,23,19
2020-06-21,US,Arkansas,Franklin,12,0,0,35.51202821,-93.89299569,5047.0,67.73920406435225,0.0,12,10,0,0,10,10,17810,2,0,0,2,0
2020-06-21,US,Arkansas,Fulton,9,0,0,36.38177105,-91.81729127,5049.0,72.1327242125511,0.0,9,9,0,0,9,9,12269,0,0,0,0,0
2020-06-21,US,Arkansas,Garland,177,1,0,34.57692074,-93.14921604,5051.0,178.09349405348843,0.5649717514124294,176,177,1,0,176,172,99154,0,0,0,0,5
2020-06-21,US,Arkansas,Grant,26,0,0,34.29017991,-92.42320562,5053.0,142.34875444839858,0.0,26,25,0,0,25,24,18188,1,0,0,1,1
2020-06-21,US,Arkansas,Greene,93,0,0,36.11735460000001,-90.55832668,5055.0,205.18477661334805,0.0,93,89,0,0,89,87,45325,4,0,0,4,2
2020-06-21,US,Arkansas,Hempstead,44,1,0,33.73325583,-93.66935133,5057.0,204.34701839123161,2.272727272727273,43,44,1,0,43,43,21741,0,0,0,0,1
2020-06-21,US,Arkansas,Hot Spring,53,0,0,34.31709259,-92.95396325,5059.0,156.93938586361082,0.0,53,53,0,0,53,46,33701,0,0,0,0,7
2020-06-21,US,Arkansas,Howard,68,0,0,34.09007427,-93.9934871,5061.0,515.0734737161035,0.0,68,62,0,0,62,54,13341,6,0,0,6,8
2020-06-21,US,Arkansas,Independence,46,0,0,35.74242707,-91.57001641,5063.0,121.61269001982815,0.0,46,44,0,0,44,44,37678,2,0,0,2,0
2020-06-21,US,Arkansas,Izard,20,1,0,36.09604046,-91.90847954,5065.0,146.74590945777388,5.0,19,20,1,0,19,20,13593,0,0,0,0,0
2020-06-21,US,Arkansas,Jackson,21,0,0,35.59802983,-91.21494602,5067.0,125.60559842095819,0.0,21,21,0,0,21,20,16811,0,0,0,0,1
2020-06-21,US,Arkansas,Jefferson,650,28,0,34.26767081,-91.92619839,5069.0,972.704417574524,4.307692307692308,622,644,28,0,616,640,68114,6,0,0,6,4
2020-06-21,US,Arkansas,Johnson,146,0,0,35.56759135,-93.46036368,5071.0,549.3265106479042,0.0,146,135,0,0,135,121,26742,11,0,0,11,14
2020-06-21,US,Arkansas,Lafayette,13,1,0,33.24116713,-93.60677071,5073.0,196.256038647343,7.6923076923076925,12,13,1,0,12,13,6682,0,0,0,0,0
2020-06-21,US,Arkansas,Lawrence,93,9,0,36.04188196,-91.10867198,5075.0,566.8657808118979,9.677419354838712,84,93,9,0,84,93,16434,0,0,0,0,0
2020-06-21,US,Arkansas,Lee,574,1,0,34.78498904,-90.78383866,5077.0,6480.749689511121,0.17421602787456447,573,572,1,0,571,570,8985,2,0,0,2,2
2020-06-21,US,Arkansas,Lincoln,1036,11,0,33.95317155,-91.74002806,5079.0,7954.545454545455,1.061776061776062,1025,1036,11,0,1025,1023,13383,0,0,0,0,13
2020-06-21,US,Arkansas,Little River,35,0,0,33.70375665,-94.23468591,5081.0,285.50452728607553,0.0,35,35,0,0,35,35,12326,0,0,0,0,0
2020-06-21,US,Arkansas,Logan,28,0,0,35.21413234,-93.71951016,5083.0,130.4388335041461,0.0,28,24,0,0,24,21,21737,4,0,0,4,3
2020-06-21,US,Arkansas,Lonoke,88,0,0,34.75392199,-91.88742357,5085.0,120.03983139860044,0.0,88,86,0,0,86,84,73657,2,0,0,2,2
2020-06-21,US,Arkansas,Madison,146,0,0,36.01038185,-93.72524943,5087.0,880.7915057915058,0.0,146,142,0,0,142,137,16481,4,0,0,4,5
2020-06-21,US,Arkansas,Marion,2,0,0,36.26844485,-92.68451899,5089.0,11.980352222355338,0.0,2,2,0,0,2,2,16722,0,0,0,0,0
2020-06-21,US,Arkansas,Miller,91,2,0,33.31403423,-93.89285258,5091.0,210.3705758605544,2.1978021978021984,89,87,2,0,85,78,43592,4,0,0,4,9
2020-06-21,US,Arkansas,Mississippi,114,3,0,35.76271485,-90.05194370000002,5093.0,280.4359056357777,2.631578947368421,111,110,3,0,107,107,41239,4,0,0,4,3
2020-06-21,US,Arkansas,Monroe,7,0,0,34.6815935,-91.20540287,5095.0,104.46202059394122,0.0,7,7,0,0,7,7,6900,0,0,0,0,0
2020-06-21,US,Arkansas,Montgomery,2,0,0,34.53704874,-93.65824478,5097.0,22.2568439795237,0.0,2,2,0,0,2,2,8924,0,0,0,0,0
2020-06-21,US,Arkansas,Nevada,87,2,0,33.66340119,-93.30632432,5099.0,1054.2898691226371,2.2988505747126435,85,87,2,0,85,87,8326,0,0,0,0,0
2020-06-21,US,Arkansas,Newton,4,0,0,35.91947491,-93.21612969,5101.0,51.59293176834774,0.0,4,3,0,0,3,3,7805,1,0,0,1,0
2020-06-21,US,Arkansas,Ouachita,17,0,0,33.58839816,-92.87795984,5103.0,72.70549995723206,0.0,17,17,0,0,17,17,23606,0,0,0,0,0
2020-06-21,US,Arkansas,Perry,20,0,0,34.9459153,-92.94372564,5105.0,191.29603060736488,0.0,20,25,0,0,25,24,10352,-5,0,0,-5,1
2020-06-21,US,Arkansas,Phillips,79,2,0,34.43268455,-90.84800154,5107.0,444.26948599707566,2.5316455696202533,77,79,2,0,77,75,18029,0,0,0,0,4
2020-06-21,US,Arkansas,Pike,7,0,0,34.16250414,-93.65789349,5109.0,65.31069229333829,0.0,7,7,0,0,7,7,10673,0,0,0,0,0
2020-06-21,US,Arkansas,Poinsett,53,3,0,35.57433534,-90.66268713,5111.0,225.26351581094863,5.660377358490566,50,53,3,0,50,52,23974,0,0,0,0,1
2020-06-21,US,Arkansas,Polk,64,0,0,34.48254879,-94.22728802,5113.0,320.5770386696053,0.0,64,63,0,0,63,62,20049,1,0,0,1,1
2020-06-21,US,Arkansas,Pope,326,2,0,35.44871474,-93.03212219,5115.0,508.8025970782869,0.6134969325153374,324,322,2,0,320,304,64000,4,0,0,4,18
2020-06-21,US,Arkansas,Prairie,13,0,0,34.83624419,-91.55162157,5117.0,161.25031009675018,0.0,13,12,0,0,12,12,8074,1,0,0,1,0
2020-06-21,US,Arkansas,Pulaski,1514,52,0,34.77054088,-92.31355101,5119.0,386.31219843280746,3.434610303830912,1462,1499,52,0,1447,1445,392680,15,0,0,15,54
2020-06-21,US,Arkansas,Randolph,34,1,0,36.3415714,-91.02455531,5121.0,189.330660429892,2.9411764705882355,33,34,1,0,33,31,17948,0,0,0,0,3
2020-06-21,US,Arkansas,Saline,209,2,0,34.64916145,-92.67583224,5125.0,170.70003348660944,0.9569377990430622,207,200,2,0,198,195,121421,9,0,0,9,5
2020-06-21,US,Arkansas,Scott,8,0,0,34.85588887,-94.0632176,5127.0,77.81344227215251,0.0,8,8,0,0,8,7,10319,0,0,0,0,1
2020-06-21,US,Arkansas,Searcy,7,0,0,35.9109364,-92.69936482,5129.0,88.82121558177894,0.0,7,7,0,0,7,7,7958,0,0,0,0,0
2020-06-21,US,Arkansas,Sebastian,244,2,0,35.19605503,-94.27162713,5131.0,190.88299029156596,0.819672131147541,242,226,2,0,224,219,127753,18,0,0,18,7
2020-06-21,US,Arkansas,Sevier,588,5,0,33.99780401,-94.2424869,5133.0,3457.399894161228,0.8503401360544217,583,563,5,0,558,550,17139,25,0,0,25,13
2020-06-21,US,Arkansas,Sharp,50,4,0,36.16258158,-91.47819342,5135.0,286.6643733516798,8.0,46,50,4,0,46,50,17366,0,0,0,0,0
2020-06-21,US,Arkansas,St. Francis,791,3,0,35.02201976,-90.74828138,5123.0,3164.759542290149,0.3792667509481669,788,791,3,0,788,783,25439,0,0,0,0,8
2020-06-21,US,Arkansas,Stone,11,0,0,35.86251946,-92.15684085,5137.0,87.95778026547258,0.0,11,11,0,0,11,11,12457,0,0,0,0,0
2020-06-21,US,Arkansas,Unassigned,571,0,0,0.0,0.0,90005.0,0.0,0.0,571,560,0,0,560,533,,11,0,0,11,27
2020-06-21,US,Arkansas,Union,224,13,0,33.16887091,-92.59746952,5139.0,579.080709373869,5.803571428571429,211,223,13,0,210,220,39126,1,0,0,1,3
2020-06-21,US,Arkansas,Van Buren,30,2,0,35.58095779,-92.51295036,5141.0,181.3236627379873,6.666666666666668,28,30,2,0,28,30,16603,0,0,0,0,0
2020-06-21,US,Arkansas,Washington,2404,18,0,35.976844,-94.21800746,5143.0,1005.071345850736,0.7487520798668885,2386,2321,18,0,2303,2222,236961,83,0,0,83,99
2020-06-21,US,Arkansas,White,73,1,0,35.25688493,-91.74908296,5145.0,92.69488146483307,1.3698630136986298,72,73,1,0,72,70,78727,0,0,0,0,3
2020-06-21,US,Arkansas,Woodruff,6,0,0,35.18902527,-91.2439489,5147.0,94.93670886075951,0.0,6,5,0,0,5,6,6490,1,0,0,1,-1
2020-06-21,US,Arkansas,Yell,416,2,0,35.00292371,-93.41171338,5149.0,1949.2994705027882,0.4807692307692308,414,403,2,0,401,361,21535,13,0,0,13,42
2020-06-21,US,California,Alameda,4924,119,0,37.64629437,-121.8929271,6001.0,294.61584164458344,2.4167343623070674,4805,4924,119,0,4805,4702,1666753,0,0,0,0,222
2020-06-21,US,California,Alpine,2,0,0,38.59678594,-119.8223594,6003.0,177.14791851195747,0.0,2,2,0,0,2,2,1101,0,0,0,0,0
2020-06-21,US,California,Amador,13,0,0,38.44583082,-120.65696,6005.0,32.70275709398269,0.0,13,13,0,0,13,12,39383,0,0,0,0,1
2020-06-21,US,California,Butte,94,1,0,39.66727762,-121.6005252,6007.0,42.885950745029334,1.0638297872340423,93,94,1,0,93,94,231256,0,0,0,0,0
2020-06-21,US,California,Calaveras,28,0,0,38.20537103,-120.552913,6009.0,60.995534255527716,0.0,28,28,0,0,28,28,45602,0,0,0,0,0
2020-06-21,US,California,Colusa,7,0,0,39.17881957,-122.2331726,6011.0,32.48712117696199,0.0,7,7,0,0,7,7,21627,0,0,0,0,0
2020-06-21,US,California,Contra Costa,2294,62,0,37.91923498,-121.9289527,6013.0,198.86851271666177,2.702702702702702,2232,2240,56,0,2184,2148,1150215,54,6,0,48,92
2020-06-21,US,California,Del Norte,48,1,0,41.74228275,-123.8974063,6015.0,172.58737235725587,2.083333333333333,47,48,1,0,47,48,27828,0,0,0,0,0
2020-06-21,US,California,El Dorado,130,0,0,38.77965956,-120.5233166,6017.0,67.41235097981259,0.0,130,130,0,0,130,130,190678,0,0,0,0,0
2020-06-21,US,California,Fresno,3245,66,0,36.75733899,-119.6466953,6019.0,324.7919879972095,2.0338983050847457,3179,3245,66,0,3179,3187,994400,0,0,0,0,58
2020-06-21,US,California,Glenn,42,0,0,39.59875897,-122.3938452,6021.0,147.92378403127532,0.0,42,42,0,0,42,42,28047,0,0,0,0,0
2020-06-21,US,California,Humboldt,110,4,0,40.69923009,-123.876044,6023.0,81.14607769368094,3.636363636363636,106,110,4,0,106,108,136373,0,0,0,0,2
2020-06-21,US,California,Imperial,4800,64,0,33.0393082,-115.3669042,6025.0,2648.787352040394,1.3333333333333333,4736,4800,64,0,4736,4744,181827,0,0,0,0,56
2020-06-21,US,California,Inyo,24,1,0,36.51112084,-117.41119779999998,6027.0,133.04506901712955,4.166666666666667,23,24,1,0,23,24,17987,0,0,0,0,0
2020-06-21,US,California,Kern,3890,60,0,35.34329425,-118.7277796,6029.0,432.12523411412093,1.5424164524421593,3830,3793,60,0,3733,3706,896764,97,0,0,97,87
2020-06-21,US,California,Kings,2091,15,0,36.07409056,-119.8159973,6031.0,1367.2028246371124,0.7173601147776184,2076,2057,12,0,2045,2057,151366,34,3,0,31,0
2020-06-21,US,California,Lake,35,0,0,39.10124298,-122.7536244,6033.0,54.359643400739294,0.0,35,35,0,0,35,34,64382,0,0,0,0,1
2020-06-21,US,California,Lassen,11,0,0,40.67311306,-120.59350990000002,6035.0,35.97945899977104,0.0,11,9,0,0,9,9,30802,2,0,0,2,0
2020-06-21,US,California,Los Angeles,83414,3121,0,34.30828379,-118.2282411,6037.0,830.8906359898344,3.741578152348527,80293,81709,3112,0,78597,79655,10105518,1705,9,0,1696,2054
2020-06-21,US,California,Madera,314,4,0,37.21513971,-119.76655890000002,6039.0,199.58430530042526,1.2738853503184713,310,314,4,0,310,314,157672,0,0,0,0,0
2020-06-21,US,California,Marin,1110,18,0,38.07122463,-122.7210631,6041.0,428.85954270436514,1.6216216216216215,1092,1030,18,0,1012,917,259666,80,0,0,80,113
2020-06-21,US,California,Mariposa,18,1,0,37.57978556,-119.9073334,6043.0,104.63291286403536,5.5555555555555545,17,18,1,0,17,18,17471,0,0,0,0,0
2020-06-21,US,California,Mendocino,54,0,0,39.4381191,-123.3911313,6045.0,62.24855617932196,0.0,54,54,0,0,54,54,87606,0,0,0,0,0
2020-06-21,US,California,Merced,616,9,0,37.18922369,-120.7209035,6047.0,221.83808700662632,1.4610389610389611,607,564,8,0,556,564,274765,52,1,0,51,0
2020-06-21,US,California,Mono,37,1,0,37.93899289,-118.8872409,6051.0,256.1617280531709,2.702702702702702,36,37,1,0,36,37,14250,0,0,0,0,0
2020-06-21,US,California,Monterey,1225,12,0,36.21862405,-121.2413397,6053.0,282.2183978749531,0.979591836734694,1213,1181,12,0,1169,1156,435594,44,0,0,44,25
2020-06-21,US,California,Napa,224,4,0,38.50735751,-122.332839,6055.0,162.62051341619238,1.7857142857142858,220,224,4,0,220,216,139417,0,0,0,0,8
2020-06-21,US,California,Nevada,75,1,0,39.30394768,-120.7627281,6057.0,75.18420129316827,1.3333333333333333,74,75,1,0,74,75,99696,0,0,0,0,0
2020-06-21,US,California,Orange,10422,269,0,33.70147516,-117.76459979999998,6059.0,328.18044067245813,2.5810784878142394,10153,9988,267,0,9721,9576,3185968,434,2,0,432,412
2020-06-21,US,California,Placer,502,9,0,39.06167234,-120.7240569,6061.0,126.02647560182665,1.792828685258964,493,490,9,0,481,476,393149,12,0,0,12,14
2020-06-21,US,California,Plumas,6,0,0,40.00355989,-120.8395236,6063.0,31.9030148349019,0.0,6,6,0,0,6,6,18804,0,0,0,0,0
2020-06-21,US,California,Riverside,12778,410,0,33.74314981,-115.9933578,6065.0,517.2136037944649,3.2086398497417434,12368,12778,410,0,12368,12778,2450758,0,0,0,0,0
2020-06-21,US,California,Sacramento,2160,67,0,38.45106826,-121.3425374,6067.0,139.17005678911482,3.101851851851852,2093,2069,67,0,2002,1976,1540975,91,0,0,91,93
2020-06-21,US,California,San Benito,170,2,0,36.60308176,-121.069975,6069.0,270.66615717742957,1.1764705882352942,168,164,2,0,162,161,61537,6,0,0,6,3
2020-06-21,US,California,San Bernardino,9156,233,0,34.84060306,-116.1774685,6071.0,419.98362449170565,2.5447793796417653,8923,8959,233,0,8726,8714,2171603,197,0,0,197,245
2020-06-21,US,California,San Diego,10794,338,0,33.03484597,-116.7365326,6073.0,323.33532035478817,3.1313692792292014,10456,10484,338,0,10146,10350,3343364,310,0,0,310,134
2020-06-21,US,California,San Francisco,3058,47,0,37.75215114,-122.4385672,6075.0,346.88939582484915,1.5369522563767168,3011,3058,47,0,3011,3057,883305,0,0,0,0,1
2020-06-21,US,California,San Joaquin,2519,48,0,37.93433732,-121.2730061,6077.0,330.5132336501572,1.9055180627233028,2471,2519,48,0,2471,1926,752660,0,0,0,0,593
2020-06-21,US,California,San Luis Obispo,404,1,0,35.38822029,-120.4039028,6079.0,142.70021299066445,0.2475247524752475,403,404,1,0,403,404,284010,0,0,0,0,0
2020-06-21,US,California,San Mateo,2721,103,0,37.4228808,-122.32755459999998,6081.0,354.95640989181715,3.7853730246232997,2618,2721,103,0,2618,2721,769545,0,0,0,0,0
2020-06-21,US,California,Santa Barbara,2319,22,0,34.65329488,-120.0188492,6083.0,519.3740635477346,0.9486847779215178,2297,2319,22,0,2297,2319,446527,0,0,0,0,0
2020-06-21,US,California,Santa Clara,3547,152,0,37.23104908,-121.6970462,6085.0,183.9871525407552,4.285311530871159,3395,3458,152,0,3306,3398,1937570,89,0,0,89,60
2020-06-21,US,California,Santa Cruz,296,2,0,37.05580291,-122.0066524,6087.0,108.34037911812395,0.6756756756756757,294,286,2,0,284,283,274255,10,0,0,10,3
2020-06-21,US,California,Shasta,81,4,0,40.76391419,-122.0396884,6089.0,44.980008884940034,4.938271604938271,77,80,4,0,76,76,180040,1,0,0,1,4
2020-06-21,US,California,Sierra,1,0,0,39.57713498,-120.52007009999998,6091.0,33.277870216306155,0.0,1,1,0,0,1,1,2987,0,0,0,0,0
2020-06-21,US,California,Siskiyou,23,0,0,41.59198861,-122.54074340000001,6093.0,52.826201796090864,0.0,23,22,0,0,22,21,43724,1,0,0,1,1
2020-06-21,US,California,Solano,860,23,0,38.26827353,-121.9357113,6095.0,192.11737925087627,2.6744186046511627,837,860,23,0,837,860,446610,0,0,0,0,0
2020-06-21,US,California,Sonoma,853,4,0,38.52746429,-122.8862506,6097.0,172.5546996374935,0.4689331770222743,849,835,4,0,831,822,499942,18,0,0,18,13
2020-06-21,US,California,Stanislaus,1599,35,0,37.55862499,-120.9970722,6099.0,290.37881814549814,2.1888680425265794,1564,1514,35,0,1479,1473,549815,85,0,0,85,41
2020-06-21,US,California,Sutter,101,3,0,39.03417539,-121.6945899,6101.0,104.15485041919749,2.9702970297029703,98,101,3,0,98,99,96807,0,0,0,0,2
2020-06-21,US,California,Tehama,34,1,0,40.12570935,-122.2370171,6103.0,52.240181918751155,2.9411764705882355,33,34,1,0,33,34,63916,0,0,0,0,0
2020-06-21,US,California,Trinity,2,0,0,40.64917670000001,-123.114713,6105.0,16.28001628001628,0.0,2,2,0,0,2,2,12535,0,0,0,0,0
2020-06-21,US,California,Tulare,3046,111,0,36.22026558,-118.8020203,6107.0,653.3746608178981,3.6441234405778067,2935,3046,111,0,2935,3046,465861,0,0,0,0,0
2020-06-21,US,California,Tuolumne,12,0,0,38.02644018,-119.9525093,6109.0,22.02724035390433,0.0,12,10,0,0,10,9,54539,2,0,0,2,1
2020-06-21,US,California,Ventura,1835,42,0,34.44465746,-119.0910613,6111.0,216.90153497729332,2.2888283378746594,1793,1835,42,0,1793,1835,850967,0,0,0,0,0
2020-06-21,US,California,Yolo,330,24,0,38.68278902,-121.9018288,6113.0,149.65986394557822,7.272727272727272,306,321,24,0,297,310,220408,9,0,0,9,11
2020-06-21,US,California,Yuba,42,1,0,39.26255932,-121.3535644,6115.0,53.388925611430324,2.380952380952381,41,42,1,0,41,41,78041,0,0,0,0,1
2020-06-21,US,Colorado,Adams,3909,152,0,39.87432092,-104.3362578,8001.0,755.4776477955089,3.888462522384241,3757,3872,152,0,3720,3852,511868,37,0,0,37,20
2020-06-21,US,Colorado,Alamosa,168,3,0,37.57250606,-105.7885451,8003.0,1034.9288486416558,1.7857142857142858,165,159,3,0,156,150,16683,9,0,0,9,9
2020-06-21,US,Colorado,Arapahoe,4941,339,0,39.64977461,-104.3353617,8005.0,752.524406402778,6.860959319975714,4602,4921,339,0,4582,4905,651215,20,0,0,20,16
2020-06-21,US,Colorado,Archuleta,8,0,0,37.19474156,-107.04768670000001,8007.0,57.02473447858009,0.0,8,8,0,0,8,8,13765,0,0,0,0,0
2020-06-21,US,Colorado,Baca,12,0,0,37.31940883,-102.5603223,8009.0,335.1019268360793,0.0,12,12,0,0,12,12,3585,0,0,0,0,0
2020-06-21,US,Colorado,Bent,3,0,0,37.95474293,-103.0720195,8011.0,53.79236148466918,0.0,3,3,0,0,3,3,5882,0,0,0,0,0
2020-06-21,US,Colorado,Boulder,1243,71,0,40.09313619,-105.3546767,8013.0,381.059240456658,5.711987127916332,1172,1228,71,0,1157,1211,326078,15,0,0,15,17
2020-06-21,US,Colorado,Broomfield,278,28,0,39.95998787,-105.0566324,8014.0,394.52210317178736,10.071942446043163,250,277,28,0,249,274,69267,1,0,0,1,3
2020-06-21,US,Colorado,Chaffee,78,20,0,38.74745778,-106.19265729999998,8015.0,383.1794065631754,25.64102564102564,58,78,20,0,58,78,20027,0,0,0,0,0
2020-06-21,US,Colorado,Cheyenne,5,0,0,38.82777431,-102.6032558,8017.0,273.07482250136536,0.0,5,5,0,0,5,5,1876,0,0,0,0,0
2020-06-21,US,Colorado,Clear Creek,18,1,0,39.68864463,-105.6463118,8019.0,185.56701030927837,5.5555555555555545,17,18,1,0,17,18,9605,0,0,0,0,0
2020-06-21,US,Colorado,Conejos,12,0,0,37.201606,-106.19174879999998,8021.0,146.25228519195613,0.0,12,12,0,0,12,10,8200,0,0,0,0,2
2020-06-21,US,Colorado,Costilla,17,0,0,37.27732493,-105.4276548,8023.0,437.35528685361464,0.0,17,17,0,0,17,17,3828,0,0,0,0,0
2020-06-21,US,Colorado,Crowley,68,1,0,38.32608609,-103.7844965,8025.0,1121.927074740142,1.4705882352941178,67,68,1,0,67,68,5858,0,0,0,0,0
2020-06-21,US,Colorado,Custer,2,0,0,38.10883162,-105.3683478,8027.0,39.463299131807425,0.0,2,2,0,0,2,2,4954,0,0,0,0,0
2020-06-21,US,Colorado,Delta,80,1,0,38.86246243,-107.86313419999999,8029.0,256.7229317758809,1.25,79,80,1,0,79,80,30953,0,0,0,0,0
2020-06-21,US,Colorado,Denver,6630,367,0,39.76018276,-104.87256950000001,8031.0,911.7023807395652,5.535444947209654,6263,6603,367,0,6236,6565,716492,27,0,0,27,38
2020-06-21,US,Colorado,Douglas,852,51,0,39.33133796,-104.930001,8035.0,242.6285903051083,5.985915492957746,801,839,51,0,788,831,342776,13,0,0,13,8
2020-06-21,US,Colorado,Eagle,649,8,0,39.62754308,-106.6933637,8037.0,1177.2815498757413,1.2326656394453004,641,641,8,0,633,639,54993,8,0,0,8,2
2020-06-21,US,Colorado,El Paso,2101,116,0,38.83240149,-104.5251411,8041.0,291.6423168698631,5.521180390290338,1985,2079,116,0,1963,2063,713856,22,0,0,22,16
2020-06-21,US,Colorado,Elbert,54,2,0,39.28656773,-104.13587209999999,8039.0,202.02776011074118,3.703703703703704,52,54,2,0,52,54,26282,0,0,0,0,0
2020-06-21,US,Colorado,Fremont,31,0,0,38.47362326,-105.43996670000001,8043.0,64.8006856330609,0.0,31,30,0,0,30,30,48021,1,0,0,1,0
2020-06-21,US,Colorado,Garfield,222,2,0,39.59921777,-107.902708,8045.0,369.6242153810293,0.9009009009009008,220,217,2,0,215,214,59770,5,0,0,5,3
2020-06-21,US,Colorado,Gilpin,6,0,0,39.85646523,-105.5252597,8047.0,96.10764055742432,0.0,6,6,0,0,6,6,6121,0,0,0,0,0
2020-06-21,US,Colorado,Grand,19,0,0,40.10603347,-106.11780420000001,8049.0,120.75759501716028,0.0,19,18,0,0,18,18,15525,1,0,0,1,0
2020-06-21,US,Colorado,Gunnison,182,6,0,38.66611652,-107.0320729,8051.0,1042.2632000916276,3.2967032967032965,176,182,6,0,176,182,17246,0,0,0,0,0
2020-06-21,US,Colorado,Hinsdale,3,0,0,37.82247444,-107.3004345,8053.0,365.8536585365854,0.0,3,3,0,0,3,3,811,0,0,0,0,0
2020-06-21,US,Colorado,Huerfano,4,0,0,37.68473101,-104.9612585,8055.0,57.99623024503408,0.0,4,4,0,0,4,3,6889,0,0,0,0,1
2020-06-21,US,Colorado,Jefferson,2532,203,0,39.58635604,-105.2517692,8059.0,434.3939843638753,8.017377567140603,2329,2526,203,0,2323,2522,580233,6,0,0,6,4
2020-06-21,US,Colorado,Kit Carson,31,3,0,39.30497777,-102.60221990000001,8063.0,436.80428350007037,9.677419354838712,28,31,3,0,28,31,7163,0,0,0,0,0
2020-06-21,US,Colorado,La Plata,86,1,0,37.28632032,-107.8429014,8067.0,152.96775226338912,1.162790697674419,85,86,1,0,85,85,56310,0,0,0,0,1
2020-06-21,US,Colorado,Lake,48,0,0,39.20278823,-106.35556969999999,8065.0,590.6238464377999,0.0,48,46,0,0,46,46,7824,2,0,0,2,0
2020-06-21,US,Colorado,Larimer,680,29,0,40.66671597,-105.4625784,8069.0,190.53009394814782,4.264705882352942,651,673,29,0,644,668,350518,7,0,0,7,5
2020-06-21,US,Colorado,Las Animas,8,0,0,37.3153406,-104.03764579999999,8071.0,55.14959327174962,0.0,8,7,0,0,7,7,14503,1,0,0,1,0
2020-06-21,US,Colorado,Lincoln,4,0,0,38.98749519,-103.51366490000001,8073.0,70.1631292755657,0.0,4,3,0,0,3,3,5610,1,0,0,1,0
2020-06-21,US,Colorado,Logan,635,5,0,40.7249637,-103.110817,8075.0,2833.682895265295,0.7874015748031497,630,635,5,0,630,635,21528,0,0,0,0,0
2020-06-21,US,Colorado,Mesa,79,0,0,39.01787888,-108.469799,8077.0,51.22884378444978,0.0,79,79,0,0,79,78,153207,0,0,0,0,1
2020-06-21,US,Colorado,Mineral,2,0,0,37.66954283,-106.92816979999999,8079.0,260.0780234070221,0.0,2,2,0,0,2,2,776,0,0,0,0,0
2020-06-21,US,Colorado,Moffat,9,0,0,40.61810999,-108.2070876,8081.0,67.75577806218476,0.0,9,9,0,0,9,9,13188,0,0,0,0,0
2020-06-21,US,Colorado,Montezuma,67,3,0,37.33859579,-108.59588570000001,8083.0,255.8912271321086,4.477611940298506,64,67,3,0,64,67,26158,0,0,0,0,0
2020-06-21,US,Colorado,Montrose,200,12,0,38.40214114,-108.26390220000002,8085.0,467.74872538472334,6.0,188,199,12,0,187,198,42214,1,0,0,1,1
2020-06-21,US,Colorado,Morgan,649,46,0,40.26279810000001,-103.8093302,8087.0,2232.6957479014723,7.0878274268104775,603,649,46,0,603,649,28558,0,0,0,0,0
2020-06-21,US,Colorado,Otero,22,1,0,37.9014485,-103.7173385,8089.0,120.3632782580151,4.545454545454546,21,22,1,0,21,22,18432,0,0,0,0,0
2020-06-21,US,Colorado,Ouray,10,1,0,38.14717457,-107.7675136,8091.0,201.93861066235863,10.0,9,10,1,0,9,9,4833,0,0,0,0,1
2020-06-21,US,Colorado,Park,24,0,0,39.120926000000004,-105.7182065,8093.0,127.35473600424515,0.0,24,23,0,0,23,23,18556,1,0,0,1,0
2020-06-21,US,Colorado,Phillips,15,0,0,40.59414277,-102.3577703,8095.0,351.6998827667058,0.0,15,15,0,0,15,15,4286,0,0,0,0,0
2020-06-21,US,Colorado,Pitkin,80,2,0,39.21720112,-106.9310027,8097.0,450.2729779929082,2.5,78,80,2,0,78,80,17950,0,0,0,0,0
2020-06-21,US,Colorado,Prowers,16,0,0,37.95544985,-102.3926052,8099.0,131.44922773578705,0.0,16,16,0,0,16,16,12164,0,0,0,0,0
2020-06-21,US,Colorado,Pueblo,357,23,0,38.17359144,-104.5127437,8101.0,211.96504061178933,6.442577030812325,334,355,23,0,332,351,167529,2,0,0,2,4
2020-06-21,US,Colorado,Rio Blanco,2,0,0,39.97913541,-108.2179009,8103.0,31.625553447185325,0.0,2,2,0,0,2,2,6336,0,0,0,0,0
2020-06-21,US,Colorado,Rio Grande,64,1,0,37.5836865,-106.3847838,8105.0,568.0305316410758,1.5625,63,62,1,0,61,62,11250,2,0,0,2,0
2020-06-21,US,Colorado,Routt,64,6,0,40.48596505,-106.9905548,8107.0,249.62945627584054,9.375,58,63,6,0,57,63,25733,1,0,0,1,0
2020-06-21,US,Colorado,Saguache,100,2,0,38.08054629,-106.28246599999999,8109.0,1465.4161781946073,2.0,98,100,2,0,98,100,6843,0,0,0,0,0
2020-06-21,US,Colorado,San Juan,1,0,0,37.76248981,-107.67632890000002,8111.0,137.36263736263737,0.0,1,1,0,0,1,1,762,0,0,0,0,0
2020-06-21,US,Colorado,San Miguel,28,0,0,38.00450883,-108.4020725,8113.0,342.34013938134245,0.0,28,28,0,0,28,28,8191,0,0,0,0,0
2020-06-21,US,Colorado,Summit,262,3,0,39.63803232,-106.1150762,8117.0,844.8615007577955,1.1450381679389312,259,262,3,0,259,262,31007,0,0,0,0,0
2020-06-21,US,Colorado,Teller,39,2,0,38.88133511,-105.16148929999999,8119.0,153.61588151882782,5.128205128205129,37,39,2,0,37,39,25083,0,0,0,0,0
2020-06-21,US,Colorado,Washington,44,0,0,39.97015535,-103.202587,8121.0,896.4955175224122,0.0,44,44,0,0,44,44,4909,0,0,0,0,0
2020-06-21,US,Colorado,Weld,2721,136,0,40.55499405,-104.39296209999999,8123.0,838.5414740579122,4.998162440279309,2585,2714,136,0,2578,2705,314305,7,0,0,7,9
2020-06-21,US,Colorado,Yuma,50,0,0,40.00346839,-102.4258673,8125.0,499.0518015770037,0.0,50,49,0,0,49,49,10020,1,0,0,1,0
2020-06-21,US,Connecticut,Fairfield,16475,1361,0,41.26809896,-73.3881171,9001.0,1746.468899602685,8.261001517450683,15114,16469,1361,0,15108,16425,943823,6,0,0,6,44
2020-06-21,US,Connecticut,Hartford,11405,1350,0,41.80283011,-72.73103891,9003.0,1278.98892028888,11.83691363437089,10055,11392,1344,0,10048,11358,892697,13,6,0,7,34
2020-06-21,US,Connecticut,Litchfield,1467,135,0,41.7937534,-73.2451475,9005.0,813.4950341867544,9.202453987730062,1332,1467,135,0,1332,1448,181111,0,0,0,0,19
2020-06-21,US,Connecticut,Middlesex,1259,174,0,41.45949668,-72.53714864,9007.0,775.0744908764067,13.820492454328832,1085,1258,172,0,1086,1254,162682,1,2,0,-1,4
2020-06-21,US,Connecticut,New Haven,12185,1061,0,41.4080325,-72.93620426,9009.0,1425.551355531455,8.707427164546573,11124,12174,1060,0,11114,12136,857620,11,1,0,10,38
2020-06-21,US,Connecticut,New London,1217,101,0,41.48896435,-72.10430976,9011.0,458.8885620988967,8.299096138044371,1116,1209,101,0,1108,1203,266784,8,0,0,8,6
2020-06-21,US,Connecticut,Tolland,895,64,0,41.85853803,-72.3308481,9013.0,593.8124083571632,7.150837988826815,831,895,64,0,831,893,150921,0,0,0,0,2
2020-06-21,US,Connecticut,Unassigned,273,0,0,0.0,0.0,90009.0,0.0,0.0,273,276,0,0,276,273,,-3,0,0,-3,3
2020-06-21,US,Connecticut,Windham,579,14,0,41.82972709,-71.98182316,9015.0,495.7955849360347,2.4179620034542317,565,575,14,0,561,567,117027,4,0,0,4,8
2020-06-21,US,Delaware,Kent,1613,84,0,39.08646628,-75.56884914,10001.0,892.2151051519477,5.207687538747675,1529,1606,84,0,1522,1602,178550,7,0,0,7,4
2020-06-21,US,Delaware,New Castle,4647,197,0,39.57992638,-75.64054974,10003.0,831.6733869885263,4.239294168280611,4450,4569,197,0,4372,4522,559335,78,0,0,78,47
2020-06-21,US,Delaware,Sussex,4495,154,0,38.66143781,-75.39031349,10005.0,1919.0948873945997,3.4260289210233594,4341,4487,153,0,4334,4470,229286,8,1,0,7,17
2020-06-21,US,Delaware,Unassigned,20,0,0,0.0,0.0,90010.0,0.0,0.0,20,19,0,0,19,17,,1,0,0,1,2
2020-06-21,US,District of Columbia,District of Columbia,10020,533,0,38.90417773,-77.01655992,11001.0,1419.768217879161,5.3193612774451084,9487,9984,531,0,9453,9952,702455,36,2,0,34,32
2020-06-21,US,Florida,Alachua,716,11,0,29.67866525,-82.35928158,12001.0,266.1284627364399,1.5363128491620113,705,673,11,0,662,633,269956,43,0,0,43,40
2020-06-21,US,Florida,Baker,41,4,0,30.33060121,-82.28467476,12003.0,140.36288942143102,9.75609756097561,37,39,4,0,35,39,28355,2,0,0,2,0
2020-06-21,US,Florida,Bay,190,4,0,30.26548745,-85.62122584,12005.0,108.75475802066342,2.1052631578947367,186,188,4,0,184,175,185287,2,0,0,2,13
2020-06-21,US,Florida,Bradford,61,2,0,29.95079741,-82.16611613,12007.0,216.3043863692777,3.278688524590164,59,61,2,0,59,58,27732,0,0,0,0,3
2020-06-21,US,Florida,Brevard,850,16,0,28.29409504,-80.73091022,12009.0,141.20961820241814,1.8823529411764703,834,817,16,0,801,748,596849,33,0,0,33,69
2020-06-21,US,Florida,Broward,11155,373,0,26.15184651,-80.48725556,12011.0,571.237488337128,3.343792021515016,10782,10837,370,0,10467,10448,1951260,318,3,0,315,389
2020-06-21,US,Florida,Calhoun,69,6,0,30.40666734,-85.19394153,12013.0,489.18823112371496,8.695652173913043,63,68,6,0,62,65,14587,1,0,0,1,3
2020-06-21,US,Florida,Charlotte,587,75,0,26.90131002,-81.92949121,12015.0,310.7299772378381,12.776831345826235,512,581,75,0,506,570,184998,6,0,0,6,11
2020-06-21,US,Florida,Citrus,189,12,0,28.84804315,-82.47614748,12017.0,126.28878034438749,6.349206349206349,177,183,12,0,171,168,147929,6,0,0,6,15
2020-06-21,US,Florida,Clay,494,32,0,29.98319144,-81.85609986,12019.0,225.31151369200737,6.477732793522267,462,481,32,0,449,468,216072,13,0,0,13,13
2020-06-21,US,Florida,Collier,3159,64,0,26.11091986,-81.34687065,12021.0,820.7283932013862,2.0259575815131368,3095,3097,64,0,3033,2992,378488,62,0,0,62,105
2020-06-21,US,Florida,Columbia,227,3,0,30.22509788,-82.62160164,12023.0,316.65876182239214,1.3215859030837005,224,219,3,0,216,205,70503,8,0,0,8,14
2020-06-21,US,Florida,DeSoto,450,10,0,27.18677893,-81.80941373,12027.0,1184.1793637009553,2.2222222222222223,440,439,10,0,429,431,37489,11,0,0,11,8
2020-06-21,US,Florida,Dixie,61,3,0,29.60631086,-83.15724673,12029.0,362.5341733032212,4.918032786885246,58,61,3,0,58,61,16700,0,0,0,0,0
2020-06-21,US,Florida,Duval,2902,60,0,30.33225875,-81.66976468,12031.0,303.00024536546397,2.067539627842867,2842,2695,60,0,2635,2484,950181,207,0,0,207,211
2020-06-21,US,Florida,Escambia,1198,41,0,30.67652764,-87.37284571,12033.0,376.3555711934053,3.4223706176961604,1157,1170,41,0,1129,1127,315534,28,0,0,28,43
2020-06-21,US,Florida,Flagler,226,5,0,29.45933576,-81.31508595,12035.0,196.38341689766338,2.2123893805309733,221,224,5,0,219,216,112067,2,0,0,2,8
2020-06-21,US,Florida,Franklin,2,0,0,29.83791238,-84.82731662,12037.0,16.49484536082474,0.0,2,2,0,0,2,2,11736,0,0,0,0,0
2020-06-21,US,Florida,Gadsden,322,6,0,30.57796289,-84.61915825,12039.0,705.2124397722296,1.8633540372670807,316,322,6,0,316,319,45894,0,0,0,0,3
2020-06-21,US,Florida,Gilchrist,75,0,0,29.72856978,-82.79880657,12041.0,403.61640297061666,0.0,75,75,0,0,75,75,18256,0,0,0,0,0
2020-06-21,US,Florida,Glades,142,1,0,26.95635849,-81.18996211,12043.0,1028.1659546738108,0.7042253521126759,141,121,1,0,120,121,13724,21,0,0,21,0
2020-06-21,US,Florida,Gulf,11,0,0,29.93543004,-85.24270990000002,12045.0,80.65107412566906,0.0,11,11,0,0,11,11,16164,0,0,0,0,0
2020-06-21,US,Florida,Hamilton,289,2,0,30.49673973,-82.94998918,12047.0,2003.049625727752,0.6920415224913494,287,287,2,0,285,285,14310,2,0,0,2,2
2020-06-21,US,Florida,Hardee,289,1,0,27.49293939,-81.80956574,12049.0,1072.8737424360543,0.3460207612456747,288,272,1,0,271,244,27245,17,0,0,17,28
2020-06-21,US,Florida,Hendry,759,22,0,26.55386945,-81.16469006,12051.0,1806.1967540811959,2.898550724637681,737,747,22,0,725,724,41556,12,0,0,12,23
2020-06-21,US,Florida,Hernando,185,5,0,28.55364461,-82.42700204,12053.0,95.40016501650163,2.702702702702702,180,171,5,0,166,158,190865,14,0,0,14,13
2020-06-21,US,Florida,Highlands,226,10,0,27.34254618,-81.34071957,12055.0,212.7639543969648,4.424778761061948,216,215,9,0,206,206,105424,11,1,0,10,9
2020-06-21,US,Florida,Hillsborough,5580,114,0,27.9276559,-82.32013172,12057.0,379.0843279201722,2.043010752688172,5466,5319,114,0,5205,4982,1436888,261,0,0,261,337
2020-06-21,US,Florida,Holmes,47,0,0,30.86747479,-85.81319222,12059.0,239.58811235153183,0.0,47,47,0,0,47,45,19477,0,0,0,0,2
2020-06-21,US,Florida,Indian River,389,15,0,27.69308961,-80.60556721,12061.0,243.24206024149123,3.8560411311053984,374,369,14,0,355,317,157413,20,1,0,19,52
2020-06-21,US,Florida,Jackson,333,2,0,30.7954597,-85.21500423,12063.0,717.455940018098,0.6006006006006006,331,330,2,0,328,329,48305,3,0,0,3,1
2020-06-21,US,Florida,Jefferson,36,4,0,30.43669112,-83.89442308,12065.0,252.70251298610137,11.111111111111109,32,36,4,0,32,36,14288,0,0,0,0,0
2020-06-21,US,Florida,Lafayette,19,0,0,29.98484137,-83.18166636,12067.0,225.59962004274516,0.0,19,18,0,0,18,18,8732,1,0,0,1,0
2020-06-21,US,Florida,Lake,733,19,0,28.76202069,-81.7125123,12069.0,199.66332350906245,2.592087312414734,714,671,19,0,652,646,356495,62,0,0,62,25
2020-06-21,US,Florida,Lee,3627,143,0,26.58410348,-81.88399313,12071.0,470.6862519903916,3.942652329749104,3484,3556,143,0,3413,3475,754610,71,0,0,71,81
2020-06-21,US,Florida,Leon,573,8,0,30.45955727,-84.27491114,12073.0,195.17545353597973,1.3961605584642234,565,557,8,0,549,508,292502,16,0,0,16,49
2020-06-21,US,Florida,Levy,139,1,0,29.31829741,-82.74007147,12075.0,334.91554827361875,0.7194244604316546,138,137,1,0,136,137,40770,2,0,0,2,0
2020-06-21,US,Florida,Liberty,221,1,0,30.23766008,-84.8829258,12077.0,2645.439310509935,0.4524886877828054,220,220,1,0,219,220,8457,1,0,0,1,0
2020-06-21,US,Florida,Madison,123,3,0,30.44396917,-83.47398594,12079.0,665.116530579138,2.4390243902439024,120,109,3,0,106,98,18529,14,0,0,14,11
2020-06-21,US,Florida,Manatee,1890,126,0,27.47196942,-82.31831044,12081.0,468.6883916548668,6.666666666666668,1764,1786,126,0,1660,1649,394855,104,0,0,104,137
2020-06-21,US,Florida,Marion,395,10,0,29.21227113,-82.05803627,12083.0,108.04778173801012,2.5316455696202533,385,389,10,0,379,365,359977,6,0,0,6,24
2020-06-21,US,Florida,Martin,1525,20,0,27.0772071,-80.43109784,12085.0,947.2049689440994,1.3114754098360657,1505,1460,20,0,1440,1421,160912,65,0,0,65,39
2020-06-21,US,Florida,Miami-Dade,25790,884,0,25.6112362,-80.55170587,12086.0,949.2296480599498,3.4276851492826683,24906,25080,874,0,24206,24376,2761581,710,10,0,700,704
2020-06-21,US,Florida,Monroe,162,4,0,25.20904673,-81.07812416,12087.0,218.24648380664982,2.469135802469136,158,158,4,0,154,150,75027,4,0,0,4,8
2020-06-21,US,Florida,Nassau,115,1,0,30.61037141,-81.80297522,12089.0,129.7602256699577,0.8695652173913043,114,111,1,0,110,101,85832,4,0,0,4,10
2020-06-21,US,Florida,Okaloosa,400,6,0,30.69143028,-86.59267105,12091.0,189.80914690278928,1.5,394,398,6,0,392,391,207269,2,0,0,2,7
2020-06-21,US,Florida,Okeechobee,245,0,0,27.386336199999995,-80.88944347,12093.0,581.0092961487384,0.0,245,240,0,0,240,230,41537,5,0,0,5,10
2020-06-21,US,Florida,Orange,4914,48,0,28.51367621,-81.31799498,12095.0,352.64939158291776,0.9768009768009768,4866,4569,48,0,4521,4274,1380645,345,0,0,345,295
2020-06-21,US,Florida,Osceola,1052,23,0,28.06312234,-81.14882926,12097.0,279.97264145670937,2.1863117870722437,1029,1007,23,0,984,960,367990,45,0,0,45,47
2020-06-21,US,Florida,Palm Beach,10754,468,0,26.64676272,-80.46536002,12099.0,718.480461259913,4.351869071973219,10286,10506,468,0,10038,10116,1485941,248,0,0,248,390
2020-06-21,US,Florida,Pasco,809,17,0,28.30810945,-82.40227529,12101.0,146.04285247505624,2.1013597033374536,792,750,17,0,733,686,539630,59,0,0,59,64
2020-06-21,US,Florida,Pinellas,3667,115,0,27.93130349,-82.72239666,12103.0,376.10410709377265,3.1360785383146985,3552,3438,114,0,3324,3153,975280,229,1,0,228,285
2020-06-21,US,Florida,Polk,2042,78,0,27.95027105,-81.69732947,12105.0,281.74183231531913,3.819784524975514,1964,1970,78,0,1892,1856,708009,72,0,0,72,114
2020-06-21,US,Florida,Putnam,237,6,0,29.60779729,-81.74230285,12107.0,318.03115900216045,2.5316455696202533,231,221,6,0,215,213,74163,16,0,0,16,8
2020-06-21,US,Florida,Santa Rosa,344,9,0,30.69341450000001,-87.02458128,12113.0,186.63903251534077,2.6162790697674416,335,342,9,0,333,330,179349,2,0,0,2,12
2020-06-21,US,Florida,Sarasota,962,94,0,27.18546175,-82.33174248,12115.0,221.79083418253245,9.771309771309774,868,926,94,0,832,868,426718,36,0,0,36,58
2020-06-21,US,Florida,Seminole,1265,15,0,28.7158582,-81.24060348,12117.0,268.1073107459106,1.1857707509881423,1250,1189,14,0,1175,1101,467832,76,1,0,75,88
2020-06-21,US,Florida,St. Johns,461,7,0,29.90096506,-81.43589967,12109.0,174.17785032039657,1.5184381778741864,454,433,7,0,426,398,254261,28,0,0,28,35
2020-06-21,US,Florida,St. Lucie,1214,41,0,27.37763908,-80.47106649,12111.0,369.7871134978389,3.3772652388797364,1173,1169,41,0,1128,1131,321128,45,0,0,45,38
2020-06-21,US,Florida,Sumter,284,17,0,28.70181754,-82.0794267,12119.0,214.46911342697484,5.985915492957746,267,282,17,0,265,277,128754,2,0,0,2,5
2020-06-21,US,Florida,Suwannee,310,18,0,30.19746066,-82.99099670000003,12121.0,697.9309723754418,5.806451612903227,292,252,18,0,234,229,44191,58,0,0,58,23
2020-06-21,US,Florida,Taylor,65,0,0,30.04848048,-83.60445406,12123.0,301.35843108164494,0.0,65,63,0,0,63,62,21623,2,0,0,2,1
2020-06-21,US,Florida,Unassigned,118,0,0,0.0,0.0,90012.0,0.0,0.0,118,117,0,0,117,113,,1,0,0,1,4
2020-06-21,US,Florida,Union,41,2,0,30.04412971,-82.37497443,12125.0,269.0818402572685,4.878048780487805,39,40,2,0,38,39,14940,1,0,0,1,1
2020-06-21,US,Florida,Volusia,1218,53,0,29.05858895,-81.18263252,12127.0,220.140108877177,4.351395730706075,1165,1168,53,0,1115,1117,547538,50,0,0,50,51
2020-06-21,US,Florida,Wakulla,40,1,0,30.16548905,-84.39895211,12129.0,118.55715937046148,2.5,39,38,1,0,37,37,32461,2,0,0,2,1
2020-06-21,US,Florida,Walton,181,9,0,30.64204028,-86.16935664,12131.0,244.36014094584925,4.972375690607736,172,174,9,0,165,165,71375,7,0,0,7,9
2020-06-21,US,Florida,Washington,96,11,0,30.61359259,-85.66002461,12133.0,376.86962666352616,11.458333333333336,85,96,11,0,85,96,24880,0,0,0,0,0
2020-06-21,US,Georgia,Appling,217,13,0,31.74847232,-82.28909114,13001.0,1180.2458392254975,5.990783410138249,204,216,13,0,203,214,18507,1,0,0,1,2
2020-06-21,US,Georgia,Atkinson,91,2,0,31.29633502,-82.87545866,13003.0,1114.5131659522349,2.1978021978021984,89,90,2,0,88,89,8297,1,0,0,1,1
2020-06-21,US,Georgia,Bacon,196,4,0,31.55456473,-82.45936528,13005.0,1755.6431386599786,2.0408163265306123,192,194,4,0,190,194,11185,2,0,0,2,0
2020-06-21,US,Georgia,Baker,36,3,0,31.32669878,-84.44218806,13007.0,1184.990125082291,8.333333333333334,33,36,3,0,33,36,3092,0,0,0,0,0
2020-06-21,US,Georgia,Baldwin,444,33,0,33.06882326,-83.24701748,13009.0,989.0844286032524,7.432432432432432,411,441,33,0,408,435,44823,3,0,0,3,6
2020-06-21,US,Georgia,Banks,114,0,0,34.35607081,-83.49644388,13011.0,592.7004263283768,0.0,114,114,0,0,114,113,18988,0,0,0,0,1
2020-06-21,US,Georgia,Barrow,416,25,0,33.99148694,-83.71436292,13013.0,499.7597308986065,6.009615384615384,391,415,25,0,390,414,80809,1,0,0,1,1
2020-06-21,US,Georgia,Bartow,596,39,0,34.23732119,-84.83887523,13015.0,553.193859176892,6.543624161073827,557,587,39,0,548,583,106408,9,0,0,9,4
2020-06-21,US,Georgia,Ben Hill,122,1,0,31.76095874,-83.22145359,13017.0,730.5389221556886,0.819672131147541,121,119,1,0,118,117,16787,3,0,0,3,2
2020-06-21,US,Georgia,Berrien,91,0,0,31.27590016,-83.22529920000002,13019.0,469.1447130999639,0.0,91,89,0,0,89,86,19252,2,0,0,2,3
2020-06-21,US,Georgia,Bibb,601,37,0,32.80904227,-83.70489165,13021.0,392.4026665099668,6.156405990016639,564,597,37,0,560,590,153095,4,0,0,4,7
2020-06-21,US,Georgia,Bleckley,54,1,0,32.43829035,-83.33035166,13023.0,419.4826380797017,1.851851851851852,53,54,1,0,53,54,12838,0,0,0,0,0
2020-06-21,US,Georgia,Brantley,73,2,0,31.19576557,-81.97743999,13025.0,382.0189439531111,2.7397260273972597,71,73,2,0,71,73,18897,0,0,0,0,0
2020-06-21,US,Georgia,Brooks,115,11,0,30.83922642,-83.58303423,13027.0,743.9994824351428,9.565217391304348,104,112,11,0,101,109,15513,3,0,0,3,3
2020-06-21,US,Georgia,Bryan,95,5,0,32.00979311,-81.44002948,13029.0,239.73553385318093,5.2631578947368425,90,94,5,0,89,94,38109,1,0,0,1,0
2020-06-21,US,Georgia,Bulloch,151,3,0,32.39577406,-81.74811421,13031.0,189.67942920309517,1.9867549668874167,148,147,3,0,144,139,77296,4,0,0,4,8
2020-06-21,US,Georgia,Burke,133,6,0,33.05917989,-81.99928721,13033.0,594.2009560827414,4.511278195488722,127,132,6,0,126,132,22423,1,0,0,1,0
2020-06-21,US,Georgia,Butts,246,32,0,33.283094500000004,-83.95435040000002,13035.0,986.5255052935516,13.008130081300811,214,246,32,0,214,250,24193,0,0,0,0,-4
2020-06-21,US,Georgia,Calhoun,158,6,0,31.53169785,-84.62725131,13037.0,2552.9164646954277,3.79746835443038,152,157,6,0,151,155,6352,1,0,0,1,2
2020-06-21,US,Georgia,Camden,96,1,0,30.92951916,-81.66601818,13039.0,175.6118977060696,1.0416666666666667,95,92,1,0,91,81,53677,4,0,0,4,11
2020-06-21,US,Georgia,Candler,21,0,0,32.40209349,-82.07702563,13043.0,194.3904470980283,0.0,21,21,0,0,21,20,10836,0,0,0,0,1
2020-06-21,US,Georgia,Carroll,625,39,0,33.58138199,-85.07976677,13045.0,520.8680578705247,6.24,586,622,39,0,583,627,118121,3,0,0,3,-5
2020-06-21,US,Georgia,Catoosa,275,6,0,34.89872298,-85.13757014,13047.0,406.92512577685693,2.1818181818181817,269,275,6,0,269,272,67420,0,0,0,0,3
2020-06-21,US,Georgia,Charlton,38,2,0,30.78371028,-82.13951596,13049.0,283.7514934289128,5.2631578947368425,36,38,2,0,36,38,12968,0,0,0,0,0
2020-06-21,US,Georgia,Chatham,779,32,0,32.00043026,-81.12489526,13051.0,269.1497080468507,4.10783055198973,747,760,32,0,728,743,289195,19,0,0,19,17
2020-06-21,US,Georgia,Chattahoochee,315,1,0,32.34341231,-84.78809239,13053.0,2888.053543595856,0.31746031746031744,314,312,1,0,311,305,10684,3,0,0,3,7
2020-06-21,US,Georgia,Chattooga,49,2,0,34.47197698,-85.34535662,13055.0,197.66832062608412,4.081632653061225,47,49,2,0,47,49,24790,0,0,0,0,0
2020-06-21,US,Georgia,Cherokee,1099,39,0,34.24393976,-84.47431861,13057.0,424.6965487125782,3.548680618744313,1060,1093,39,0,1054,1079,254149,6,0,0,6,14
2020-06-21,US,Georgia,Clarke,381,15,0,33.95436462,-83.37124007,13059.0,296.8885148561143,3.9370078740157477,366,376,15,0,361,374,127330,5,0,0,5,2
2020-06-21,US,Georgia,Clay,56,2,0,31.62221166,-84.97713865,13061.0,1976.0056457304165,3.571428571428572,54,56,2,0,54,56,2887,0,0,0,0,0
2020-06-21,US,Georgia,Clayton,1598,76,0,33.54187245,-84.35594188,13063.0,546.7809044125698,4.755944931163955,1522,1567,76,0,1491,1550,289615,31,0,0,31,17
2020-06-21,US,Georgia,Clinch,85,2,0,30.91395822,-82.70432472,13065.0,1284.3759443940767,2.3529411764705883,83,85,2,0,83,85,6648,0,0,0,0,0
2020-06-21,US,Georgia,Cobb,3893,230,0,33.94243204,-84.5761255,13067.0,512.1418263190645,5.908040071923966,3663,3841,229,0,3612,3807,756865,52,1,0,51,34
2020-06-21,US,Georgia,Coffee,408,15,0,31.54892966,-82.85492059999999,13069.0,942.8512005176436,3.6764705882352944,393,406,15,0,391,399,43093,2,0,0,2,7
2020-06-21,US,Georgia,Colquitt,734,17,0,31.18810588,-83.7677946,13071.0,1609.6491228070174,2.316076294277929,717,729,17,0,712,722,45592,5,0,0,5,7
2020-06-21,US,Georgia,Columbia,342,8,0,33.54534185,-82.263524,13073.0,218.2319384356216,2.3391812865497075,334,339,8,0,331,335,154291,3,0,0,3,4
2020-06-21,US,Georgia,Cook,91,1,0,31.16068491,-83.42947229,13075.0,526.9253039953677,1.0989010989010992,90,90,1,0,89,89,17162,1,0,0,1,1
2020-06-21,US,Georgia,Coweta,550,14,0,33.35334302,-84.76129976,13077.0,370.34792504157997,2.5454545454545454,536,545,14,0,531,548,145864,5,0,0,5,-3
2020-06-21,US,Georgia,Crawford,36,0,0,32.71391813,-83.98061238,13079.0,290.22895840051603,0.0,36,36,0,0,36,34,12318,0,0,0,0,2
2020-06-21,US,Georgia,Crisp,257,11,0,31.92289565,-83.76811843,13081.0,1148.757375290542,4.280155642023346,246,257,11,0,246,257,22601,0,0,0,0,0
2020-06-21,US,Georgia,Dade,59,1,0,34.854916700000004,-85.50490424,13083.0,366.09580541077185,1.6949152542372878,58,59,1,0,58,57,16226,0,0,0,0,2
2020-06-21,US,Georgia,Dawson,124,3,0,34.44244079,-84.16964071,13085.0,474.9502068331546,2.419354838709677,121,124,3,0,121,124,25083,0,0,0,0,0
2020-06-21,US,Georgia,DeKalb,4694,165,0,33.76944049,-84.22396017,13089.0,618.2034171081935,3.5151256923732426,4529,4666,165,0,4501,4637,756558,28,0,0,28,29
2020-06-21,US,Georgia,Decatur,243,8,0,30.87967778,-84.57619536,13087.0,920.3151037721556,3.2921810699588483,235,243,8,0,235,242,26575,0,0,0,0,1
2020-06-21,US,Georgia,Dodge,67,2,0,32.17265114,-83.16948926,13091.0,325.16379519534087,2.985074626865672,65,67,2,0,65,62,20705,0,0,0,0,5
2020-06-21,US,Georgia,Dooly,194,12,0,32.15630737,-83.79746561,13093.0,1448.8424197162065,6.185567010309278,182,194,12,0,182,194,13706,0,0,0,0,0
2020-06-21,US,Georgia,Dougherty,1848,151,0,31.53328528,-84.21722377,13095.0,2101.0505252626317,8.170995670995671,1697,1844,151,0,1693,1844,91243,4,0,0,4,0
2020-06-21,US,Georgia,Douglas,724,35,0,33.70291126,-84.77026156,13097.0,494.7281386878771,4.834254143646409,689,712,35,0,677,708,145331,12,0,0,12,4
2020-06-21,US,Georgia,Early,256,31,0,31.32155345,-84.90255207,13099.0,2512.2669283611385,12.109375,225,256,31,0,225,256,10247,0,0,0,0,0
2020-06-21,US,Georgia,Echols,173,0,0,30.71101099,-82.89687287,13101.0,4318.522216674987,0.0,173,172,0,0,172,168,4000,1,0,0,1,4
2020-06-21,US,Georgia,Effingham,98,1,0,32.36616021,-81.34280942,13103.0,152.4200572352868,1.020408163265306,97,96,1,0,95,95,62190,2,0,0,2,1
2020-06-21,US,Georgia,Elbert,92,0,0,34.11302332,-82.83936148,13105.0,479.31645305824736,0.0,92,91,0,0,91,89,19120,1,0,0,1,2
2020-06-21,US,Georgia,Emanuel,64,2,0,32.59221302,-82.30239915,13107.0,282.61061556124696,3.125,62,59,2,0,57,55,22612,5,0,0,5,4
2020-06-21,US,Georgia,Evans,16,0,0,32.15328841,-81.8870105,13109.0,150.17833677492018,0.0,16,16,0,0,16,15,10721,0,0,0,0,1
2020-06-21,US,Georgia,Fannin,75,1,0,34.86430205,-84.316964,13111.0,286.39071330380335,1.3333333333333333,74,75,1,0,74,74,25964,0,0,0,0,1
2020-06-21,US,Georgia,Fayette,280,16,0,33.41357794,-84.49089434,13113.0,244.71032415378292,5.7142857142857135,264,279,16,0,263,278,113459,1,0,0,1,1
2020-06-21,US,Georgia,Floyd,414,15,0,34.26268279,-85.21577392,13115.0,420.3131028041179,3.6231884057971016,399,404,15,0,389,399,97927,10,0,0,10,5
2020-06-21,US,Georgia,Forsyth,650,14,0,34.22604035,-84.12315129999998,13117.0,266.1185988241652,2.1538461538461537,636,642,14,0,628,638,236612,8,0,0,8,4
2020-06-21,US,Georgia,Franklin,156,1,0,34.37525597,-83.23159927,13119.0,668.1228318129256,0.6410256410256411,155,156,1,0,155,154,23023,0,0,0,0,2
2020-06-21,US,Georgia,Fulton,5496,304,0,33.79216944,-84.46319413,13121.0,516.5719398798989,5.531295487627365,5192,5444,304,0,5140,5400,1050114,52,0,0,52,44
2020-06-21,US,Georgia,Gilmer,178,2,0,34.69316688,-84.45802506,13123.0,567.4391915585452,1.1235955056179776,176,177,2,0,175,177,30816,1,0,0,1,0
2020-06-21,US,Georgia,Glascock,3,0,0,33.22879932,-82.61297636,13125.0,100.97610232245034,0.0,3,3,0,0,3,2,2995,0,0,0,0,1
2020-06-21,US,Georgia,Glynn,305,3,0,31.23279254,-81.53811412,13127.0,357.5950851193547,0.9836065573770492,302,265,3,0,262,253,85219,40,0,0,40,12
2020-06-21,US,Georgia,Gordon,291,18,0,34.50487351,-84.87296253,13129.0,502.04440763935617,6.185567010309278,273,287,18,0,269,283,57685,4,0,0,4,4
2020-06-21,US,Georgia,Grady,163,4,0,30.87454847,-84.23418364,13131.0,661.7139609466975,2.4539877300613497,159,162,4,0,158,158,24748,1,0,0,1,4
2020-06-21,US,Georgia,Greene,88,9,0,33.5769205,-83.17139104,13133.0,480.2444881030343,10.227272727272727,79,88,9,0,79,88,17698,0,0,0,0,0
2020-06-21,US,Georgia,Gwinnett,6151,162,0,33.96044201,-84.02137802,13135.0,656.9826435246996,2.6337180946187613,5989,6043,162,0,5881,5958,927781,108,0,0,108,85
2020-06-21,US,Georgia,Habersham,637,34,0,34.63331566,-83.53094677,13137.0,1405.312389692905,5.337519623233909,603,635,34,0,601,630,45388,2,0,0,2,5
2020-06-21,US,Georgia,Hall,2935,58,0,34.32207823,-83.81896936,13139.0,1435.6220131969615,1.9761499148211243,2877,2922,58,0,2864,2901,202148,13,0,0,13,21
2020-06-21,US,Georgia,Hancock,206,32,0,33.2721566,-82.99766919,13141.0,2435.8519569587324,15.533980582524274,174,203,32,0,171,203,8348,3,0,0,3,0
2020-06-21,US,Georgia,Haralson,64,4,0,33.79602175,-85.21005667,13143.0,214.8227712137487,6.25,60,63,4,0,59,62,29533,1,0,0,1,1
2020-06-21,US,Georgia,Harris,243,8,0,32.73709786,-84.90538572,13145.0,689.6355999545917,3.2921810699588483,235,240,8,0,232,240,34475,3,0,0,3,0
2020-06-21,US,Georgia,Hart,48,0,0,34.34626973,-82.96567682,13147.0,183.17115054378937,0.0,48,48,0,0,48,47,26099,0,0,0,0,1
2020-06-21,US,Georgia,Heard,45,3,0,33.29686567,-85.12886832,13149.0,377.4217898179989,6.666666666666668,42,45,3,0,42,45,11879,0,0,0,0,0
2020-06-21,US,Georgia,Henry,945,31,0,33.4533428,-84.14814659999998,13151.0,402.88027421438346,3.2804232804232805,914,930,31,0,899,920,230220,15,0,0,15,10
2020-06-21,US,Georgia,Houston,499,20,0,32.45802497,-83.66879087,13153.0,316.09686880396293,4.008016032064128,479,486,20,0,466,481,155469,13,0,0,13,5
2020-06-21,US,Georgia,Irwin,45,1,0,31.60213036,-83.27501387,13155.0,477.9099405267629,2.2222222222222223,44,45,1,0,44,45,9398,0,0,0,0,0
2020-06-21,US,Georgia,Jackson,300,7,0,34.13794553,-83.56814788,13157.0,411.08842512024336,2.333333333333333,293,297,7,0,290,294,70422,3,0,0,3,3
2020-06-21,US,Georgia,Jasper,61,1,0,33.31535543,-83.68844964,13159.0,429.0034460932555,1.639344262295082,60,61,1,0,60,61,14040,0,0,0,0,0
2020-06-21,US,Georgia,Jeff Davis,73,2,0,31.80405727,-82.63724870000001,13161.0,482.96394310287786,2.7397260273972597,71,72,2,0,70,71,15029,1,0,0,1,1
2020-06-21,US,Georgia,Jefferson,67,1,0,33.05867328,-82.41609057,13163.0,436.1411274573623,1.492537313432836,66,67,1,0,66,66,15430,0,0,0,0,1
2020-06-21,US,Georgia,Jenkins,73,9,0,32.79248718,-81.96040187,13165.0,841.4015675426464,12.32876712328767,64,72,9,0,63,72,8683,1,0,0,1,0
2020-06-21,US,Georgia,Johnson,80,2,0,32.70211082,-82.66166794,13167.0,829.6173390023853,2.5,78,80,2,0,78,80,9708,0,0,0,0,0
2020-06-21,US,Georgia,Jones,51,0,0,33.02512137,-83.56019163,13169.0,177.4839046459022,0.0,51,51,0,0,51,51,28616,0,0,0,0,0
2020-06-21,US,Georgia,Lamar,87,6,0,33.07841647,-84.14263877,13171.0,456.04654819940237,6.896551724137932,81,87,6,0,81,86,19000,0,0,0,0,1
2020-06-21,US,Georgia,Lanier,114,2,0,31.03828570000001,-83.06472457,13173.0,1093.7350091144583,1.7543859649122806,112,112,2,0,110,111,10340,2,0,0,2,1
2020-06-21,US,Georgia,Laurens,131,1,0,32.46325233,-82.92221316,13175.0,275.5226517477811,0.7633587786259542,130,131,1,0,130,129,47325,0,0,0,0,2
2020-06-21,US,Georgia,Lee,378,22,0,31.779330600000005,-84.14324253,13177.0,1260.3360896238996,5.8201058201058204,356,377,22,0,355,377,29764,1,0,0,1,0
2020-06-21,US,Georgia,Liberty,101,1,0,31.82588896,-81.49251135,13179.0,164.40139985350368,0.99009900990099,100,100,1,0,99,100,61497,1,0,0,1,0
2020-06-21,US,Georgia,Lincoln,22,1,0,33.79201475,-82.45024131,13181.0,277.7427092538821,4.545454545454546,21,21,1,0,20,19,7915,1,0,0,1,2
2020-06-21,US,Georgia,Long,29,1,0,31.75218791,-81.74952375,13183.0,148.26933892325783,3.4482758620689653,28,28,1,0,27,28,18998,1,0,0,1,0
2020-06-21,US,Georgia,Lowndes,911,4,0,30.83568832,-83.27056716,13185.0,775.9399008568557,0.4390779363336992,907,871,4,0,867,844,116321,40,0,0,40,27
2020-06-21,US,Georgia,Lumpkin,118,2,0,34.57286511,-84.00425681,13187.0,351.0859863135971,1.6949152542372878,116,118,2,0,116,117,32955,0,0,0,0,1
2020-06-21,US,Georgia,Macon,112,9,0,32.35207048,-84.04234127,13193.0,865.0652660848073,8.035714285714286,103,112,9,0,103,112,13143,0,0,0,0,0
2020-06-21,US,Georgia,Madison,78,4,0,34.12920917,-83.21218732,13195.0,261.04417670682733,5.128205128205129,74,77,4,0,73,77,29650,1,0,0,1,0
2020-06-21,US,Georgia,Marion,74,3,0,32.3483402,-84.52733571,13197.0,885.2733580571837,4.0540540540540535,71,73,3,0,70,69,8351,1,0,0,1,4
2020-06-21,US,Georgia,McDuffie,78,5,0,33.47851918,-82.48252774,13189.0,365.990990990991,6.410256410256411,73,78,5,0,73,78,21531,0,0,0,0,0
2020-06-21,US,Georgia,McIntosh,25,1,0,31.49683595,-81.40163426,13191.0,173.87675615523716,4.0,24,23,1,0,22,22,14340,2,0,0,2,1
2020-06-21,US,Georgia,Meriwether,149,2,0,33.04163534,-84.68859732,13199.0,703.9259224264184,1.342281879194631,147,148,2,0,146,144,21068,1,0,0,1,4
2020-06-21,US,Georgia,Miller,45,0,0,31.16568912,-84.73151117,13201.0,786.9884575026233,0.0,45,45,0,0,45,45,5686,0,0,0,0,0
2020-06-21,US,Georgia,Mitchell,434,38,0,31.22483255,-84.19381821,13205.0,1985.0889630883228,8.755760368663594,396,433,38,0,395,432,22192,1,0,0,1,1
2020-06-21,US,Georgia,Monroe,135,15,0,33.014289,-83.92097166,13207.0,489.52063238813554,11.111111111111109,120,135,15,0,120,135,27520,0,0,0,0,0
2020-06-21,US,Georgia,Montgomery,26,0,0,32.17201038,-82.53527476,13209.0,283.47143480157,0.0,26,26,0,0,26,24,9193,0,0,0,0,2
2020-06-21,US,Georgia,Morgan,45,0,0,33.59232073,-83.49129491,13211.0,233.45092342809716,0.0,45,44,0,0,44,44,18853,1,0,0,1,0
2020-06-21,US,Georgia,Murray,164,1,0,34.78897608,-84.74993177,13213.0,409.01835594573026,0.6097560975609756,163,162,1,0,161,163,39921,2,0,0,2,-1
2020-06-21,US,Georgia,Muscogee,1169,34,0,32.50931999,-84.87142262,13215.0,597.132334537133,2.9084687767322497,1135,1147,34,0,1113,1146,194160,22,0,0,22,1
2020-06-21,US,Georgia,Newton,474,11,0,33.55514538,-83.84547140000002,13217.0,424.1838487972509,2.3206751054852317,463,466,11,0,455,466,109541,8,0,0,8,0
2020-06-21,US,Georgia,Oconee,133,10,0,33.83749973,-83.43679568,13219.0,330.188679245283,7.518796992481202,123,132,10,0,122,131,39272,1,0,0,1,1
2020-06-21,US,Georgia,Oglethorpe,81,7,0,33.878629600000004,-83.08278123,13221.0,530.8342617471656,8.641975308641975,74,81,7,0,74,80,15054,0,0,0,0,1
2020-06-21,US,Georgia,Out of GA,3208,40,0,0.0,0.0,80013.0,0.0,1.2468827930174564,3168,3140,40,0,3100,2892,,68,0,0,68,248
2020-06-21,US,Georgia,Paulding,466,14,0,33.91969522,-84.86848792,13223.0,276.28403896434986,3.004291845493562,452,460,14,0,446,453,164044,6,0,0,6,7
2020-06-21,US,Georgia,Peach,93,9,0,32.56934316,-83.82937,13225.0,337.6170768895665,9.677419354838712,84,93,9,0,84,92,27297,0,0,0,0,1
2020-06-21,US,Georgia,Pickens,80,5,0,34.46589159,-84.46406611,13227.0,245.46653984228772,6.25,75,78,5,0,73,78,31980,2,0,0,2,0
2020-06-21,US,Georgia,Pierce,137,4,0,31.35928155,-82.21598442,13229.0,703.8273824813768,2.9197080291970803,133,135,4,0,131,134,19389,2,0,0,2,1
2020-06-21,US,Georgia,Pike,81,3,0,33.09310242,-84.38790389,13231.0,427.1701297331505,3.703703703703704,78,81,3,0,78,81,18634,0,0,0,0,0
2020-06-21,US,Georgia,Polk,178,1,0,34.00267074,-85.18677781,13233.0,417.7129045127074,0.5617977528089888,177,178,1,0,177,178,42470,0,0,0,0,0
2020-06-21,US,Georgia,Pulaski,46,2,0,32.23334561,-83.47549959999998,13235.0,413.0376223399479,4.3478260869565215,44,46,2,0,44,46,11069,0,0,0,0,0
2020-06-21,US,Georgia,Putnam,120,11,0,33.32056115,-83.37552891,13237.0,542.5200054252001,9.166666666666666,109,115,11,0,104,113,21809,5,0,0,5,2
2020-06-21,US,Georgia,Quitman,15,1,0,31.86728114,-85.01773177,13239.0,652.4575902566334,6.666666666666668,14,15,1,0,14,15,2279,0,0,0,0,0
2020-06-21,US,Georgia,Rabun,35,4,0,34.88389445,-83.40304637,13241.0,204.2364474528797,11.428571428571427,31,35,4,0,31,33,16867,0,0,0,0,2
2020-06-21,US,Georgia,Randolph,194,23,0,31.76622818,-84.75732369,13243.0,2862.2012393036293,11.855670103092784,171,194,23,0,171,194,6833,0,0,0,0,0
2020-06-21,US,Georgia,Richmond,746,42,0,33.35777107,-82.07026432,13245.0,368.362318411203,5.630026809651475,704,740,42,0,698,736,201554,6,0,0,6,4
2020-06-21,US,Georgia,Rockdale,371,9,0,33.65145002,-84.02202167,13247.0,408.15877486358033,2.4258760107816717,362,362,9,0,353,359,90594,9,0,0,9,3
2020-06-21,US,Georgia,Schley,21,1,0,32.2654021,-84.31258912,13249.0,399.4673768308922,4.761904761904762,20,21,1,0,20,21,5236,0,0,0,0,0
2020-06-21,US,Georgia,Screven,75,4,0,32.74976524,-81.60779441,13251.0,537.0184734354863,5.333333333333333,71,75,4,0,71,74,13938,0,0,0,0,1
2020-06-21,US,Georgia,Seminole,49,2,0,30.93464824,-84.86823924,13253.0,605.6860321384426,4.081632653061225,47,48,2,0,46,48,8315,1,0,0,1,0
2020-06-21,US,Georgia,Spalding,340,31,0,33.26310031,-84.28013991,13255.0,509.7222014002369,9.117647058823527,309,337,31,0,306,338,66100,3,0,0,3,-1
2020-06-21,US,Georgia,Stephens,165,5,0,34.55151201,-83.29405315,13257.0,636.4513018322083,3.0303030303030303,160,165,5,0,160,163,26035,0,0,0,0,2
2020-06-21,US,Georgia,Stewart,82,1,0,32.07996777,-84.83208037,13259.0,1238.483612747319,1.2195121951219512,81,82,1,0,81,82,6199,0,0,0,0,0
2020-06-21,US,Georgia,Sumter,532,49,0,32.03650571,-84.19821492,13261.0,1801.9238585557514,9.210526315789474,483,532,49,0,483,531,29733,0,0,0,0,1
2020-06-21,US,Georgia,Talbot,58,2,0,32.69642758,-84.53351366,13263.0,936.2389023405972,3.4482758620689653,56,57,2,0,55,53,6272,1,0,0,1,4
2020-06-21,US,Georgia,Taliaferro,2,0,0,33.56543317,-82.88136816,13265.0,130.1236174365647,0.0,2,2,0,0,2,2,1608,0,0,0,0,0
2020-06-21,US,Georgia,Tattnall,80,0,0,32.04785085,-82.05539188,13267.0,316.38060586886024,0.0,80,80,0,0,80,77,25391,0,0,0,0,3
2020-06-21,US,Georgia,Taylor,27,2,0,32.55792548,-84.25077141,13269.0,336.65835411471323,7.407407407407407,25,27,2,0,25,27,8039,0,0,0,0,0
2020-06-21,US,Georgia,Telfair,64,2,0,31.92829517,-82.93491155,13271.0,403.530895334174,3.125,62,63,2,0,61,63,15876,1,0,0,1,0
2020-06-21,US,Georgia,Terrell,218,27,0,31.77527543,-84.44069698,13273.0,2555.386238424569,12.385321100917432,191,217,27,0,190,217,8611,1,0,0,1,0
2020-06-21,US,Georgia,Thomas,371,33,0,30.86392347,-83.91847289,13275.0,834.6268925333513,8.894878706199462,338,371,33,0,338,368,44448,0,0,0,0,3
2020-06-21,US,Georgia,Tift,525,25,0,31.45743864,-83.5236119,13277.0,1291.7035724830234,4.761904761904762,500,513,25,0,488,494,40571,12,0,0,12,19
2020-06-21,US,Georgia,Toombs,147,5,0,32.12059861,-82.32957247,13279.0,547.8941483414088,3.4013605442176873,142,143,5,0,138,141,26887,4,0,0,4,2
2020-06-21,US,Georgia,Towns,36,1,0,34.91369188,-83.74107459999998,13281.0,299.077843316441,2.7777777777777777,35,36,1,0,35,35,11852,0,0,0,0,1
2020-06-21,US,Georgia,Treutlen,19,1,0,32.40422134,-82.56904553,13283.0,275.3224170410086,5.2631578947368425,18,19,1,0,18,18,6809,0,0,0,0,1
2020-06-21,US,Georgia,Troup,978,26,0,33.03349196,-85.02812115,13285.0,1398.7014101427303,2.6584867075664618,952,947,26,0,921,922,70034,31,0,0,31,25
2020-06-21,US,Georgia,Turner,167,16,0,31.71612656,-83.62069378,13287.0,2091.4214151534125,9.580838323353293,151,166,16,0,150,165,7912,1,0,0,1,1
2020-06-21,US,Georgia,Twiggs,23,1,0,32.67435595,-83.43078662,13289.0,283.25123152709364,4.3478260869565215,22,23,1,0,22,23,8188,0,0,0,0,0
2020-06-21,US,Georgia,Unassigned,1958,1,0,0.0,0.0,90013.0,0.0,0.051072522982635336,1957,1850,1,0,1849,886,,108,0,0,108,964
2020-06-21,US,Georgia,Union,56,3,0,34.82995757,-83.98967069,13291.0,228.46885072008487,5.357142857142857,53,56,3,0,53,56,24001,0,0,0,0,0
2020-06-21,US,Georgia,Upson,319,43,0,32.87920671,-84.30024826,13293.0,1212.0060790273556,13.47962382445141,276,319,43,0,276,312,26215,0,0,0,0,7
2020-06-21,US,Georgia,Walker,284,5,0,34.73376362,-85.30165174,13295.0,407.10425595963363,1.7605633802816902,279,283,5,0,278,276,69410,1,0,0,1,7
2020-06-21,US,Georgia,Walton,344,25,0,33.78017694,-83.73552314,13297.0,363.6632731808908,7.267441860465117,319,343,25,0,318,343,93503,1,0,0,1,0
2020-06-21,US,Georgia,Ware,317,15,0,31.05449097,-82.42224148,13299.0,887.1103151060614,4.731861198738169,302,309,15,0,294,307,35680,8,0,0,8,2
2020-06-21,US,Georgia,Warren,19,0,0,33.41146451,-82.67795848,13301.0,361.6292348686714,0.0,19,19,0,0,19,19,5251,0,0,0,0,0
2020-06-21,US,Georgia,Washington,79,1,0,32.96711864,-82.79357039,13303.0,387.74909197997454,1.2658227848101269,78,79,1,0,78,77,20386,0,0,0,0,2
2020-06-21,US,Georgia,Wayne,46,0,0,31.5521809,-81.91894878,13305.0,153.7073545627694,0.0,46,44,0,0,44,44,29808,2,0,0,2,0
2020-06-21,US,Georgia,Webster,17,1,0,32.04066113,-84.54742852,13307.0,652.0905255082472,5.882352941176472,16,17,1,0,16,17,2611,0,0,0,0,0
2020-06-21,US,Georgia,Wheeler,35,0,0,32.12009104,-82.72574721,13309.0,445.5760661998727,0.0,35,35,0,0,35,34,7879,0,0,0,0,1
2020-06-21,US,Georgia,White,129,4,0,34.64624278,-83.74905525,13311.0,418.8583674264562,3.1007751937984502,125,129,4,0,125,128,29970,0,0,0,0,1
2020-06-21,US,Georgia,Whitfield,763,10,0,34.80987459,-84.96093476,13313.0,729.2502962878006,1.3106159895150722,753,741,10,0,731,726,104062,22,0,0,22,15
2020-06-21,US,Georgia,Wilcox,121,15,0,31.97496928,-83.43438555,13315.0,1401.2738853503186,12.396694214876034,106,121,15,0,106,120,8812,0,0,0,0,1
2020-06-21,US,Georgia,Wilkes,43,1,0,33.78290391,-82.74286107,13317.0,439.80771197708907,2.3255813953488373,42,43,1,0,42,43,9876,0,0,0,0,0
2020-06-21,US,Georgia,Wilkinson,73,7,0,32.80291082,-83.17140684,13319.0,815.2780880053607,9.58904109589041,66,73,7,0,66,74,9036,0,0,0,0,-1
2020-06-21,US,Georgia,Worth,285,21,0,31.55162306,-83.85090513,13321.0,1407.615943102682,7.36842105263158,264,282,21,0,261,278,20299,3,0,0,3,4
2020-06-21,US,Hawaii,Hawaii,85,0,0,19.60121157,-155.5210167,15001.0,42.18090148030152,0.0,85,83,0,0,83,83,200983,2,0,0,2,0
2020-06-21,US,Hawaii,Honolulu,566,11,0,21.45803166,-157.97121819999995,15003.0,58.07731260062202,1.9434628975265016,555,551,11,0,540,551,980080,15,0,0,15,0
2020-06-21,US,Hawaii,Kauai,29,0,0,22.03935037,-159.5966786,15007.0,40.11453391061375,0.0,29,22,0,0,22,22,72133,7,0,0,7,0
2020-06-21,US,Hawaii,Maui,122,6,0,20.86399628,-156.56890969999995,15009.0,72.87193056858024,4.918032786885246,116,121,6,0,115,121,167207,1,0,0,1,0
2020-06-21,US,Hawaii,Out of HI,12,0,0,0.0,0.0,80015.0,0.0,0.0,12,12,0,0,12,12,,0,0,0,0,0
2020-06-21,US,Idaho,Ada,1166,22,0,43.4526575,-116.24155159999998,16001.0,242.11617007934186,1.8867924528301887,1144,1166,22,0,1144,1100,469966,0,0,0,0,66
2020-06-21,US,Idaho,Adams,9,0,0,44.89333571,-116.4545247,16003.0,209.59478341872384,0.0,9,9,0,0,9,9,4250,0,0,0,0,0
2020-06-21,US,Idaho,Bannock,79,1,0,42.67002716,-112.2233311,16005.0,89.96902332361515,1.2658227848101269,78,79,1,0,78,77,87138,0,0,0,0,2
2020-06-21,US,Idaho,Benewah,21,0,0,47.21754179,-116.6586851,16009.0,225.85502258550227,0.0,21,21,0,0,21,21,9226,0,0,0,0,0
2020-06-21,US,Idaho,Bingham,30,0,0,43.21672879999999,-112.3978437,16011.0,64.08750080109375,0.0,30,30,0,0,30,27,46236,0,0,0,0,3
2020-06-21,US,Idaho,Blaine,519,5,0,43.4085812,-113.9752658,16013.0,2254.463316102689,0.9633911368015414,514,519,5,0,514,518,22601,0,0,0,0,1
2020-06-21,US,Idaho,Bonner,12,0,0,48.29996017,-116.6017932,16017.0,26.235816261833445,0.0,12,12,0,0,12,11,44727,0,0,0,0,1
2020-06-21,US,Idaho,Bonneville,93,1,0,43.38713372,-111.6161537,16019.0,78.11056424383933,1.075268817204301,92,93,1,0,92,91,116854,0,0,0,0,2
2020-06-21,US,Idaho,Camas,1,0,0,43.46665742,-114.8065892,16025.0,90.41591320072331,0.0,1,1,0,0,1,1,1127,0,0,0,0,0
2020-06-21,US,Idaho,Canyon,433,6,0,43.61970148,-116.7095499,16027.0,188.38454811637212,1.3856812933025404,427,433,6,0,427,403,223499,0,0,0,0,30
2020-06-21,US,Idaho,Caribou,8,0,0,42.77149116,-111.5597683,16029.0,111.80992313067786,0.0,8,8,0,0,8,8,7060,0,0,0,0,0
2020-06-21,US,Idaho,Cassia,167,1,0,42.28347888,-113.6012409,16031.0,694.9646275488973,0.5988023952095808,166,167,1,0,166,163,23864,0,0,0,0,4
2020-06-21,US,Idaho,Custer,2,0,0,44.24186819,-114.2855494,16037.0,46.349942062572424,0.0,2,2,0,0,2,2,4280,0,0,0,0,0
2020-06-21,US,Idaho,Elmore,39,2,0,43.3507101,-115.4701578,16039.0,141.7614772272909,5.128205128205129,37,39,2,0,37,38,27259,0,0,0,0,1
2020-06-21,US,Idaho,Franklin,19,0,0,42.18332217,-111.8149666,16041.0,136.9270683194004,0.0,19,19,0,0,19,18,13726,0,0,0,0,1
2020-06-21,US,Idaho,Fremont,4,0,0,44.22800938,-111.4809943,16043.0,30.536682189480114,0.0,4,4,0,0,4,4,13168,0,0,0,0,0
2020-06-21,US,Idaho,Gem,18,0,0,44.06482372,-116.398376,16045.0,99.38162544169613,0.0,18,18,0,0,18,17,17634,0,0,0,0,1
2020-06-21,US,Idaho,Gooding,61,1,0,42.96927962,-114.8108306,16047.0,401.8710059951249,1.639344262295082,60,61,1,0,60,60,15196,0,0,0,0,1
2020-06-21,US,Idaho,Idaho,3,0,0,45.84721541,-115.4634436,16049.0,17.999640007199854,0.0,3,3,0,0,3,3,16513,0,0,0,0,0
2020-06-21,US,Idaho,Jefferson,12,0,0,43.82078483,-112.3131749,16051.0,40.17274279401426,0.0,12,12,0,0,12,11,29439,0,0,0,0,1
2020-06-21,US,Idaho,Jerome,216,3,0,42.68891267,-114.2655033,16053.0,884.8107488120596,1.3888888888888888,213,216,3,0,213,216,24015,0,0,0,0,0
2020-06-21,US,Idaho,Kootenai,122,1,0,47.67282258,-116.7020872,16055.0,73.62836985582115,0.819672131147541,121,122,1,0,121,115,161505,0,0,0,0,7
2020-06-21,US,Idaho,Latah,8,0,0,46.81587887,-116.7113698,16057.0,19.94614540740002,0.0,8,8,0,0,8,8,40134,0,0,0,0,0
2020-06-21,US,Idaho,Lemhi,2,0,0,44.9438088,-113.9309747,16059.0,24.915908807773768,0.0,2,2,0,0,2,2,7961,0,0,0,0,0
2020-06-21,US,Idaho,Lincoln,35,0,0,43.0012336,-114.1358773,16063.0,652.2549385016772,0.0,35,35,0,0,35,35,5360,0,0,0,0,0
2020-06-21,US,Idaho,Madison,30,0,0,43.78141028,-111.65384740000002,16065.0,75.17478136667751,0.0,30,30,0,0,30,30,39304,0,0,0,0,0
2020-06-21,US,Idaho,Minidoka,115,0,0,42.85518524,-113.6357257,16067.0,546.6039260421122,0.0,115,115,0,0,115,115,20825,0,0,0,0,0
2020-06-21,US,Idaho,Nez Perce,84,19,0,46.32638236,-116.7500975,16069.0,207.87962779647597,22.619047619047624,65,84,19,0,65,84,40408,0,0,0,0,0
2020-06-21,US,Idaho,Owyhee,27,0,0,42.58016894,-116.1693871,16073.0,228.3684344075108,0.0,27,27,0,0,27,22,11693,0,0,0,0,5
2020-06-21,US,Idaho,Payette,43,2,0,44.00545243,-116.7647695,16075.0,179.53321364452424,4.651162790697675,41,43,2,0,41,40,23551,0,0,0,0,3
2020-06-21,US,Idaho,Power,14,0,0,42.69254894,-112.83957420000002,16077.0,182.26793386277828,0.0,14,14,0,0,14,14,7768,0,0,0,0,0
2020-06-21,US,Idaho,Teton,14,0,0,43.75303583,-111.2056773,16081.0,115.30225662987976,0.0,14,14,0,0,14,14,11640,0,0,0,0,0
2020-06-21,US,Idaho,Twin Falls,511,25,0,42.35440512,-114.6685381,16083.0,588.1811275581849,4.892367906066537,486,511,25,0,486,507,86081,0,0,0,0,4
2020-06-21,US,Idaho,Unassigned,2,0,0,0.0,0.0,90016.0,0.0,0.0,2,,,,,,,,,,,
2020-06-21,US,Idaho,Valley,3,0,0,44.76728382,-115.5676773,16085.0,26.33426966292135,0.0,3,3,0,0,3,3,11041,0,0,0,0,0
2020-06-21,US,Idaho,Washington,84,0,0,44.45275475,-116.7847688,16087.0,824.014125956445,0.0,84,84,0,0,84,84,10161,0,0,0,0,0
2020-06-21,US,Illinois,Adams,55,1,0,39.98815591,-91.18786813,17001.0,84.05287690074121,1.818181818181818,54,48,1,0,47,47,65691,7,0,0,7,1
2020-06-21,US,Illinois,Alexander,20,0,0,37.18049267,-89.32910838,17003.0,347.16195105016493,0.0,20,20,0,0,20,18,6060,0,0,0,0,2
2020-06-21,US,Illinois,Bond,12,1,0,38.88829622,-89.43534887,17005.0,73.0549129428954,8.333333333333334,11,12,1,0,11,12,16630,0,0,0,0,0
2020-06-21,US,Illinois,Boone,555,20,0,42.32359279,-88.82345779,17007.0,1036.5307037203047,3.603603603603604,535,554,20,0,534,551,53577,1,0,0,1,3
2020-06-21,US,Illinois,Brown,10,0,0,39.96209138,-90.75068024,17009.0,152.02189115232594,0.0,10,10,0,0,10,10,6556,0,0,0,0,0
2020-06-21,US,Illinois,Bureau,24,1,0,41.40385234,-89.5283051,17011.0,73.55645457888929,4.166666666666667,23,24,1,0,23,24,32993,0,0,0,0,0
2020-06-21,US,Illinois,Calhoun,1,0,0,39.16840183,-90.66330078,17013.0,21.101498206372653,0.0,1,1,0,0,1,1,4802,0,0,0,0,0
2020-06-21,US,Illinois,Carroll,19,2,0,42.06823429,-89.93395545,17015.0,132.82069206571128,10.526315789473683,17,18,2,0,16,18,14312,1,0,0,1,0
2020-06-21,US,Illinois,Cass,100,0,0,39.96991073,-90.24734436,17017.0,823.2485387338437,0.0,100,99,0,0,99,100,12260,1,0,0,1,-1
2020-06-21,US,Illinois,Champaign,775,12,0,40.13919438,-88.20046615,17019.0,369.59497160079934,1.5483870967741935,763,770,11,0,759,765,209983,5,1,0,4,5
2020-06-21,US,Illinois,Christian,42,4,0,39.54581621,-89.27780482,17021.0,130.0148588410104,9.523809523809524,38,42,4,0,38,42,32661,0,0,0,0,0
2020-06-21,US,Illinois,Clark,13,0,0,39.33425789,-87.78705622,17023.0,84.19143837834338,0.0,13,13,0,0,13,13,15596,0,0,0,0,0
2020-06-21,US,Illinois,Clay,2,0,0,38.75388572,-88.48914513,17025.0,15.169902912621357,0.0,2,2,0,0,2,2,13253,0,0,0,0,0
2020-06-21,US,Illinois,Clinton,224,17,0,38.60704876,-89.42385254,17027.0,596.3473723443907,7.5892857142857135,207,223,17,0,206,220,37639,1,0,0,1,3
2020-06-21,US,Illinois,Coles,151,17,0,39.51949084,-88.22358557,17029.0,298.2951739396693,11.258278145695362,134,146,17,0,129,146,50885,5,0,0,5,0
2020-06-21,US,Illinois,Cook,87177,4404,0,41.84144849,-87.81658794,17031.0,1692.6807000770646,5.051791183454352,82773,86885,4390,0,82495,86551,5180493,292,14,0,278,334
2020-06-21,US,Illinois,Crawford,18,0,0,39.0032229,-87.75954624,17033.0,96.42684952054428,0.0,18,17,0,0,17,17,18807,1,0,0,1,0
2020-06-21,US,Illinois,Cumberland,10,0,0,39.27432424,-88.2401158,17035.0,92.88500835965077,0.0,10,10,0,0,10,10,10808,0,0,0,0,0
2020-06-21,US,Illinois,De Witt,4,0,0,40.17514519,-88.90959682,17039.0,25.57871850620284,0.0,4,4,0,0,4,4,15769,0,0,0,0,0
2020-06-21,US,Illinois,DeKalb,523,18,0,41.89373302,-88.76958483,17037.0,498.58432557651787,3.4416826003824093,505,517,18,0,499,513,104143,6,0,0,6,4
2020-06-21,US,Illinois,Douglas,42,0,0,39.76768052,-88.21854195,17041.0,215.77189827896225,0.0,42,42,0,0,42,42,19479,0,0,0,0,0
2020-06-21,US,Illinois,DuPage,8682,448,0,41.85116968,-88.08642662,17043.0,940.7089014119299,5.16010135913384,8234,8646,448,0,8198,8609,928589,36,0,0,36,37
2020-06-21,US,Illinois,Edgar,6,0,0,39.6809186,-87.74759563,17045.0,34.962997494318515,0.0,6,6,0,0,6,6,17360,0,0,0,0,0
2020-06-21,US,Illinois,Edwards,2,0,0,38.41353228,-88.05720863,17047.0,31.27443315089914,0.0,2,2,0,0,2,2,6392,0,0,0,0,0
2020-06-21,US,Illinois,Effingham,12,1,0,39.05935711,-88.58969584,17049.0,35.28581510232886,8.333333333333334,11,12,1,0,11,12,34208,0,0,0,0,0
2020-06-21,US,Illinois,Fayette,23,3,0,39.00072038,-89.02452658,17051.0,107.79902512185976,13.043478260869565,20,23,3,0,20,23,21416,0,0,0,0,0
2020-06-21,US,Illinois,Ford,22,1,0,40.59706922,-88.22350769,17053.0,169.73998919836433,4.545454545454546,21,22,1,0,21,22,13264,0,0,0,0,0
2020-06-21,US,Illinois,Franklin,12,0,0,37.99189086,-88.92567818,17055.0,31.19394837401544,0.0,12,12,0,0,12,12,38701,0,0,0,0,0
2020-06-21,US,Illinois,Fulton,12,0,0,40.47289135,-90.20862357,17057.0,34.944670937682005,0.0,12,12,0,0,12,12,34844,0,0,0,0,0
2020-06-21,US,Illinois,Gallatin,2,0,0,37.76430935,-88.22953869,17059.0,41.42502071251035,0.0,2,2,0,0,2,2,5058,0,0,0,0,0
2020-06-21,US,Illinois,Greene,8,0,0,39.35907414,-90.388865,17061.0,61.68555786876398,0.0,8,8,0,0,8,8,13044,0,0,0,0,0
2020-06-21,US,Illinois,Grundy,142,3,0,41.28569601,-88.41905692,17063.0,278.13687468170957,2.112676056338028,139,141,3,0,138,140,50972,1,0,0,1,1
2020-06-21,US,Illinois,Hamilton,2,0,0,38.08163641,-88.53883373,17065.0,24.64268112370626,0.0,2,2,0,0,2,2,8163,0,0,0,0,0
2020-06-21,US,Illinois,Hancock,18,1,0,40.40423981,-91.16313899,17067.0,101.6489722159476,5.5555555555555545,17,18,1,0,17,18,17844,0,0,0,0,0
2020-06-21,US,Illinois,Hardin,1,0,0,37.51810645,-88.26873022,17069.0,26.17115938236064,0.0,1,1,0,0,1,1,3910,0,0,0,0,0
2020-06-21,US,Illinois,Henderson,8,0,0,40.81908672,-90.92491462,17071.0,120.37315678603672,0.0,8,8,0,0,8,8,6709,0,0,0,0,0
2020-06-21,US,Illinois,Henry,74,1,0,41.3533994,-90.13296166,17073.0,151.28902336802074,1.351351351351351,73,74,1,0,73,73,49090,0,0,0,0,1
2020-06-21,US,Illinois,Iroquois,143,5,0,40.74717633,-87.82466784,17075.0,527.4028177325367,3.4965034965034967,138,143,5,0,138,143,27604,0,0,0,0,0
2020-06-21,US,Illinois,Jackson,323,18,0,37.78595185,-89.38232563,17077.0,569.1629955947136,5.572755417956658,305,322,18,0,304,321,57419,1,0,0,1,1
2020-06-21,US,Illinois,Jasper,46,7,0,39.01054275,-88.15437049,17079.0,478.6680541103018,15.217391304347824,39,46,7,0,39,46,9611,0,0,0,0,0
2020-06-21,US,Illinois,Jefferson,104,16,0,38.29980057,-88.9240025,17081.0,275.97919541449954,15.384615384615385,88,104,16,0,88,104,37820,0,0,0,0,0
2020-06-21,US,Illinois,Jersey,31,1,0,39.08869046,-90.35393073,17083.0,142.37817480365592,3.2258064516129035,30,29,1,0,28,29,21847,2,0,0,2,0
2020-06-21,US,Illinois,Jo Daviess,38,1,0,42.36542373,-90.21094405,17085.0,178.94984695078875,2.631578947368421,37,38,1,0,37,35,21366,0,0,0,0,3
2020-06-21,US,Illinois,Johnson,20,0,0,37.45939802,-88.88165419,17087.0,161.0695014898929,0.0,20,20,0,0,20,20,12456,0,0,0,0,0
2020-06-21,US,Illinois,Kane,7399,251,0,41.93842729,-88.42861412,17089.0,1389.736721994429,3.3923503176104886,7148,7331,249,0,7082,7274,534216,68,2,0,66,57
2020-06-21,US,Illinois,Kankakee,1145,61,0,41.13746989,-87.86205334,17091.0,1042.2165990060257,5.327510917030568,1084,1143,61,0,1082,1130,110024,2,0,0,2,13
2020-06-21,US,Illinois,Kendall,912,20,0,41.59081014,-88.42869583,17093.0,707.0315528335531,2.1929824561403506,892,905,20,0,885,903,127915,7,0,0,7,2
2020-06-21,US,Illinois,Knox,117,0,0,40.93148779,-90.21330340000002,17095.0,235.41721161391575,0.0,117,117,0,0,117,115,50112,0,0,0,0,2
2020-06-21,US,Illinois,LaSalle,190,16,0,41.34426129999999,-88.88633881,17099.0,174.84287147208497,8.421052631578947,174,188,16,0,172,188,109430,2,0,0,2,0
2020-06-21,US,Illinois,Lake,9326,401,0,42.3224907,-88.00367925,17097.0,1338.9133352954266,4.299806991207377,8925,9279,398,0,8881,9242,700832,47,3,0,44,37
2020-06-21,US,Illinois,Lawrence,5,0,0,38.71987914,-87.72884035,17101.0,31.891822936599056,0.0,5,5,0,0,5,5,15765,0,0,0,0,0
2020-06-21,US,Illinois,Lee,96,1,0,41.74583951,-89.29977132,17103.0,281.55795401220087,1.0416666666666667,95,94,1,0,93,94,34223,2,0,0,2,0
2020-06-21,US,Illinois,Livingston,37,2,0,40.89188292,-88.55784752,17105.0,103.79263913824056,5.405405405405406,35,37,2,0,35,36,35761,0,0,0,0,1
2020-06-21,US,Illinois,Logan,13,0,0,40.12581572,-89.36638784,17107.0,45.42595569222168,0.0,13,13,0,0,13,12,28925,0,0,0,0,1
2020-06-21,US,Illinois,Macon,218,21,0,39.86064913,-88.96342505,17115.0,209.59724639213917,9.633027522935778,197,218,21,0,197,216,104712,0,0,0,0,2
2020-06-21,US,Illinois,Macoupin,47,3,0,39.26119767,-89.92424028,17117.0,104.61648043449229,6.382978723404255,44,47,3,0,44,47,45313,0,0,0,0,0
2020-06-21,US,Illinois,Madison,813,66,0,38.83042506,-89.90422563,17119.0,309.1654434413574,8.118081180811808,747,800,66,0,734,785,264461,13,0,0,13,15
2020-06-21,US,Illinois,Marion,60,0,0,38.64963204,-88.91899208,17121.0,161.26864668727322,0.0,60,57,0,0,57,57,37620,3,0,0,3,0
2020-06-21,US,Illinois,Marshall,6,0,0,41.0327901,-89.34510444,17123.0,52.45672320335723,0.0,6,6,0,0,6,6,11534,0,0,0,0,0
2020-06-21,US,Illinois,Mason,19,0,0,40.23917274,-89.91824452,17125.0,142.22621453701626,0.0,19,19,0,0,19,19,13565,0,0,0,0,0
2020-06-21,US,Illinois,Massac,7,0,0,37.22078441,-88.71036614,17127.0,50.827766482718566,0.0,7,7,0,0,7,7,14080,0,0,0,0,0
2020-06-21,US,Illinois,McDonough,101,15,0,40.45674722,-90.67775541,17109.0,340.27356647126203,14.851485148514852,86,101,15,0,86,101,29955,0,0,0,0,0
2020-06-21,US,Illinois,McHenry,1911,91,0,42.32451172,-88.45248227,17111.0,620.9101483556117,4.761904761904762,1820,1898,91,0,1807,1891,308570,13,0,0,13,7
2020-06-21,US,Illinois,McLean,251,13,0,40.48996987,-88.84621113,17113.0,146.34117900849478,5.179282868525896,238,247,13,0,234,246,172828,4,0,0,4,1
2020-06-21,US,Illinois,Menard,23,0,0,40.02742725,-89.80246001,17129.0,188.58642177763198,0.0,23,23,0,0,23,23,12288,0,0,0,0,0
2020-06-21,US,Illinois,Mercer,20,0,0,41.20596782,-90.74290052,17131.0,129.55885210857028,0.0,20,19,0,0,19,19,15601,1,0,0,1,0
2020-06-21,US,Illinois,Monroe,113,12,0,38.27594376,-90.17761038,17133.0,326.24072523601933,10.619469026548671,101,112,12,0,100,111,34335,1,0,0,1,1
2020-06-21,US,Illinois,Montgomery,41,1,0,39.23198845,-89.47809254,17135.0,144.29506581262757,2.4390243902439024,40,41,1,0,40,42,28601,0,0,0,0,-1
2020-06-21,US,Illinois,Morgan,119,3,0,39.71654544,-90.20255104,17137.0,353.556361043437,2.5210084033613445,116,119,3,0,116,119,33976,0,0,0,0,0
2020-06-21,US,Illinois,Moultrie,15,0,0,39.64187451,-88.62099969,17139.0,103.44114199020756,0.0,15,15,0,0,15,15,14717,0,0,0,0,0
2020-06-21,US,Illinois,Ogle,234,4,0,42.04165196,-89.32184679,17141.0,462.05793495645986,1.709401709401709,230,234,4,0,230,231,50923,0,0,0,0,3
2020-06-21,US,Illinois,Out of IL,10,0,0,0.0,0.0,80017.0,0.0,0.0,10,9,0,0,9,7,,1,0,0,1,2
2020-06-21,US,Illinois,Peoria,428,25,0,40.78702156,-89.76078901,17143.0,238.86727797342323,5.841121495327102,403,423,23,0,400,419,180621,5,2,0,3,4
2020-06-21,US,Illinois,Perry,44,0,0,38.08510853,-89.36856219,17145.0,210.36527060623447,0.0,44,44,0,0,44,44,21174,0,0,0,0,0
2020-06-21,US,Illinois,Piatt,17,0,0,40.01360584,-88.59319339,17147.0,104.01370533529123,0.0,17,16,0,0,16,16,16396,1,0,0,1,0
2020-06-21,US,Illinois,Pike,2,0,0,39.62265059,-90.8877017,17149.0,12.852644431591802,0.0,2,2,0,0,2,2,15611,0,0,0,0,0
2020-06-21,US,Illinois,Pope,1,0,0,37.41391284,-88.56152109,17151.0,23.94062724443381,0.0,1,1,0,0,1,1,4212,0,0,0,0,0
2020-06-21,US,Illinois,Pulaski,66,0,0,37.22631423,-89.13085001,17153.0,1237.1134020618554,0.0,66,66,0,0,66,65,5463,0,0,0,0,1
2020-06-21,US,Illinois,Putnam,1,0,0,41.2013541,-89.2869272,17155.0,17.424638438752392,0.0,1,1,0,0,1,1,5740,0,0,0,0,0
2020-06-21,US,Illinois,Randolph,278,7,0,38.05095369,-89.82512254,17157.0,874.7089547542635,2.5179856115107917,271,278,7,0,271,278,32106,0,0,0,0,0
2020-06-21,US,Illinois,Richland,4,0,0,38.71240969,-88.08475366,17159.0,25.78482563011668,0.0,4,4,0,0,4,4,15763,0,0,0,0,0
2020-06-21,US,Illinois,Rock Island,785,28,0,41.46613806,-90.57042164,17161.0,553.2883654381551,3.56687898089172,757,772,28,0,744,769,143477,13,0,0,13,3
2020-06-21,US,Illinois,Saline,8,0,0,37.75332999,-88.54119706,17165.0,34.05559576007833,0.0,8,8,0,0,8,8,23906,0,0,0,0,0
2020-06-21,US,Illinois,Sangamon,387,31,0,39.75836914,-89.65872023,17167.0,198.7959233993589,8.010335917312661,356,387,31,0,356,387,195348,0,0,0,0,0
2020-06-21,US,Illinois,Schuyler,13,0,0,40.157179799999994,-90.61114163,17169.0,192.08037825059105,0.0,13,13,0,0,13,13,6907,0,0,0,0,0
2020-06-21,US,Illinois,Shelby,16,1,0,39.39133527,-88.80611122,17173.0,73.95765924008505,6.25,15,16,1,0,15,16,21741,0,0,0,0,0
2020-06-21,US,Illinois,St. Clair,1604,125,0,38.46996033,-89.93063427,17163.0,617.6690310605885,7.793017456359102,1479,1584,125,0,1459,1561,261059,20,0,0,20,23
2020-06-21,US,Illinois,Stark,3,0,0,41.09309773,-89.79745866,17175.0,56.15874204417821,0.0,3,3,0,0,3,3,5427,0,0,0,0,0
2020-06-21,US,Illinois,Stephenson,249,5,0,42.35129217,-89.662598,17177.0,559.5757112679222,2.0080321285140563,244,249,5,0,244,242,44753,0,0,0,0,7
2020-06-21,US,Illinois,Tazewell,111,7,0,40.50716185,-89.51404662,17179.0,84.21659598036463,6.306306306306308,104,110,7,0,103,108,132328,1,0,0,1,2
2020-06-21,US,Illinois,Unassigned,49,0,0,0.0,0.0,90017.0,0.0,0.0,49,46,0,0,46,46,,3,0,0,3,0
2020-06-21,US,Illinois,Union,182,18,0,37.47119609,-89.25548938,17181.0,1092.896174863388,9.89010989010989,164,182,18,0,164,183,16841,0,0,0,0,-1
2020-06-21,US,Illinois,Vermilion,49,2,0,40.18417171,-87.73384359,17183.0,64.67963779402835,4.081632653061225,47,49,2,0,47,47,76806,0,0,0,0,2
2020-06-21,US,Illinois,Wabash,22,0,0,38.44272901,-87.84922065,17185.0,190.97222222222226,0.0,22,19,0,0,19,15,11549,3,0,0,3,4
2020-06-21,US,Illinois,Warren,129,0,0,40.84925021,-90.6147432,17187.0,765.8513417240559,0.0,129,128,0,0,128,127,17032,1,0,0,1,1
2020-06-21,US,Illinois,Washington,19,0,0,38.35309213,-89.40982703,17189.0,136.81860733059696,0.0,19,19,0,0,19,19,13995,0,0,0,0,0
2020-06-21,US,Illinois,Wayne,11,1,0,38.42955355,-88.42586459,17191.0,67.83842121492445,9.090909090909092,10,11,1,0,10,11,16332,0,0,0,0,0
2020-06-21,US,Illinois,White,3,0,0,38.08706198,-88.17657461,17193.0,22.16148334195169,0.0,3,3,0,0,3,3,13665,0,0,0,0,0
2020-06-21,US,Illinois,Whiteside,172,15,0,41.75509713,-89.91556058,17195.0,311.73538740371544,8.720930232558139,157,171,15,0,156,171,55626,1,0,0,1,0
2020-06-21,US,Illinois,Will,6367,310,0,41.44619267,-87.97862712,17197.0,921.7610601917067,4.868855033767867,6057,6317,310,0,6007,6284,692310,50,0,0,50,33
2020-06-21,US,Illinois,Williamson,93,4,0,37.73033511,-88.92994027,17199.0,139.64592999684672,4.301075268817204,89,92,4,0,88,91,67056,1,0,0,1,1
2020-06-21,US,Illinois,Winnebago,2861,82,0,42.33641854,-89.16085327,17201.0,1012.485313477627,2.866130723523244,2779,2826,82,0,2744,2810,284081,35,0,0,35,16
2020-06-21,US,Illinois,Woodford,32,2,0,40.78579374,-89.20973757,17203.0,83.20549156244311,6.25,30,32,2,0,30,31,38463,0,0,0,0,1
2020-06-21,US,Indiana,Adams,36,1,0,40.7457653,-84.93671406,18001.0,100.62330547558487,2.7777777777777777,35,36,1,0,35,28,35636,0,0,0,0,8
2020-06-21,US,Indiana,Allen,2414,91,0,41.09194313,-85.06800636,18003.0,636.4372170767653,3.7696768848384425,2323,2368,91,0,2277,2331,375351,46,0,0,46,37
2020-06-21,US,Indiana,Bartholomew,567,43,0,39.20744865,-85.89558181,18005.0,676.7805774716816,7.583774250440918,524,565,43,0,522,566,82753,2,0,0,2,-1
2020-06-21,US,Indiana,Benton,41,0,0,40.60626947,-87.31093999,18007.0,468.6785550983082,0.0,41,39,0,0,39,38,8653,2,0,0,2,1
2020-06-21,US,Indiana,Blackford,32,2,0,40.47388153,-85.32499702,18009.0,272.15512842320123,6.25,30,32,2,0,30,32,11930,0,0,0,0,0
2020-06-21,US,Indiana,Boone,390,40,0,40.0509304,-86.46841646,18011.0,574.8566543342718,10.256410256410255,350,388,40,0,348,381,66999,2,0,0,2,7
2020-06-21,US,Indiana,Brown,37,1,0,39.19605589,-86.22868909,18013.0,245.1630002650411,2.702702702702702,36,37,1,0,36,37,15234,0,0,0,0,0
2020-06-21,US,Indiana,Carroll,103,2,0,40.580783200000006,-86.56198812,18015.0,508.46620921163054,1.9417475728155342,101,103,2,0,101,103,20127,0,0,0,0,0
2020-06-21,US,Indiana,Cass,1625,9,0,40.76135835,-86.34830753,18017.0,4311.6028549444145,0.5538461538461539,1616,1624,9,0,1615,1613,37955,1,0,0,1,11
2020-06-21,US,Indiana,Clark,592,43,0,38.48015445,-85.70510334,18019.0,500.41419418099434,7.263513513513512,549,589,43,0,546,586,117360,3,0,0,3,3
2020-06-21,US,Indiana,Clay,56,3,0,39.39561833,-87.11723506,18021.0,213.53670162059106,5.357142857142857,53,56,3,0,53,56,26170,0,0,0,0,0
2020-06-21,US,Indiana,Clinton,273,1,0,40.30319754,-86.47277257,18023.0,842.6185993394857,0.3663003663003663,272,269,1,0,268,268,32250,4,0,0,4,1
2020-06-21,US,Indiana,Crawford,27,0,0,38.28814402,-86.44518825,18025.0,255.27087075730358,0.0,27,27,0,0,27,27,10558,0,0,0,0,0
2020-06-21,US,Indiana,Daviess,132,16,0,38.70186039,-87.07185406,18027.0,395.79023117747596,12.12121212121212,116,130,16,0,114,129,33147,2,0,0,2,1
2020-06-21,US,Indiana,DeKalb,139,3,0,41.39804622,-84.99906934,18033.0,319.7239792984474,2.1582733812949644,136,139,3,0,136,133,43226,0,0,0,0,6
2020-06-21,US,Indiana,Dearborn,189,22,0,39.14647946,-84.97333539,18029.0,382.14242387480283,11.640211640211643,167,186,22,0,164,184,49568,3,0,0,3,2
2020-06-21,US,Indiana,Decatur,239,32,0,39.30712658,-85.50087166,18031.0,899.8832787379042,13.389121338912132,207,239,32,0,207,238,26794,0,0,0,0,1
2020-06-21,US,Indiana,Delaware,407,46,0,40.22787247,-85.39732772,18035.0,356.59525999912387,11.302211302211303,361,408,46,0,362,407,114772,-1,0,0,-1,1
2020-06-21,US,Indiana,Dubois,251,6,0,38.36597551,-86.87924170000002,18037.0,587.3268438786971,2.3904382470119523,245,249,6,0,243,249,42565,2,0,0,2,0
2020-06-21,US,Indiana,Elkhart,2603,38,0,41.59761169,-85.85875695,18039.0,1261.504015198143,1.45985401459854,2565,2538,38,0,2500,2477,205560,65,0,0,65,61
2020-06-21,US,Indiana,Fayette,85,7,0,39.63684962,-85.17797541,18041.0,367.9335122500216,8.235294117647058,78,85,7,0,78,85,23047,0,0,0,0,0
2020-06-21,US,Indiana,Floyd,344,43,0,38.32117957,-85.90385377,18043.0,438.09378263416636,12.5,301,344,43,0,301,342,77781,0,0,0,0,2
2020-06-21,US,Indiana,Fountain,24,2,0,40.12361933,-87.24217689,18045.0,146.82491129328275,8.333333333333334,22,24,2,0,22,24,16351,0,0,0,0,0
2020-06-21,US,Indiana,Franklin,121,8,0,39.4142482,-85.06062647,18047.0,531.6811670621321,6.6115702479338845,113,120,8,0,112,120,22736,1,0,0,1,0
2020-06-21,US,Indiana,Fulton,62,1,0,41.0469907,-86.26252745,18049.0,310.40352458195656,1.6129032258064515,61,61,1,0,60,60,20092,1,0,0,1,1
2020-06-21,US,Indiana,Gibson,27,2,0,38.30393723,-87.58054938,18051.0,80.21628687720967,7.407407407407407,25,26,2,0,24,25,33452,1,0,0,1,1
2020-06-21,US,Indiana,Grant,278,25,0,40.51587228,-85.65468702,18053.0,422.6915416077483,8.992805755395683,253,275,25,0,250,272,65936,3,0,0,3,3
2020-06-21,US,Indiana,Greene,184,29,0,39.03630547,-86.96223202,18055.0,576.4049871561932,15.76086956521739,155,184,29,0,155,183,32006,0,0,0,0,1
2020-06-21,US,Indiana,Hamilton,1369,97,0,40.07306535,-86.05244729,18057.0,405.01640479156,7.085463842220599,1272,1365,97,0,1268,1359,330086,4,0,0,4,6
2020-06-21,US,Indiana,Hancock,391,33,0,39.82304555,-85.77566351,18059.0,500.20468734008796,8.439897698209718,358,388,32,0,356,385,76351,3,1,0,2,3
2020-06-21,US,Indiana,Harrison,200,22,0,38.19467379,-86.10948271,18061.0,493.6443292607676,11.0,178,200,22,0,178,200,40350,0,0,0,0,0
2020-06-21,US,Indiana,Hendricks,1318,94,0,39.76719009,-86.51037283,18063.0,773.8783754425727,7.132018209408193,1224,1307,94,0,1213,1296,167009,11,0,0,11,11
2020-06-21,US,Indiana,Henry,209,15,0,39.93029017,-85.39625719,18065.0,435.6708079713166,7.177033492822965,194,206,15,0,191,205,48271,3,0,0,3,1
2020-06-21,US,Indiana,Howard,499,48,0,40.48527731,-86.11351892,18067.0,604.5260709439814,9.619238476953909,451,497,48,0,449,494,82366,2,0,0,2,3
2020-06-21,US,Indiana,Huntington,60,2,0,40.82907273,-85.48822092,18069.0,164.29353778751369,3.333333333333333,58,57,2,0,55,58,36240,3,0,0,3,-1
2020-06-21,US,Indiana,Jackson,431,3,0,38.90915820000001,-86.03851889,18071.0,974.4296986276593,0.6960556844547564,428,428,3,0,425,427,44111,3,0,0,3,1
2020-06-21,US,Indiana,Jasper,91,1,0,41.02078733,-87.11553319,18073.0,271.1399797389905,1.0989010989010992,90,90,1,0,89,89,33370,1,0,0,1,1
2020-06-21,US,Indiana,Jay,63,0,0,40.43781032,-85.00576229,18075.0,308.2795067527892,0.0,63,63,0,0,63,63,20764,0,0,0,0,0
2020-06-21,US,Indiana,Jefferson,56,1,0,38.78576239,-85.43633383,18077.0,173.33168255540426,1.7857142857142858,55,56,1,0,55,55,32208,0,0,0,0,1
2020-06-21,US,Indiana,Jennings,161,9,0,38.99588883,-85.62710784,18079.0,580.4939606994773,5.590062111801243,152,159,9,0,150,158,27611,2,0,0,2,1
2020-06-21,US,Indiana,Johnson,1200,117,0,39.48994426,-86.10149107,18081.0,758.6917625041887,9.75,1083,1189,117,0,1072,1185,156225,11,0,0,11,4
2020-06-21,US,Indiana,Knox,44,0,0,38.68861576,-87.4194665,18083.0,120.23829043012516,0.0,44,41,0,0,41,40,36895,3,0,0,3,1
2020-06-21,US,Indiana,Kosciusko,381,2,0,41.24521668,-85.86312322,18085.0,479.51067257349985,0.5249343832020997,379,374,2,0,372,362,79344,7,0,0,7,12
2020-06-21,US,Indiana,LaGrange,377,5,0,41.64232188,-85.42674232,18087.0,951.683748169839,1.326259946949602,372,365,4,0,361,354,39330,12,1,0,11,11
2020-06-21,US,Indiana,LaPorte,486,25,0,41.54366008,-86.74072188,18091.0,442.2684915550378,5.1440329218107,461,483,25,0,458,482,110007,3,0,0,3,1
2020-06-21,US,Indiana,Lake,4400,234,0,41.41874274,-87.38277575,18089.0,906.2952503949592,5.318181818181818,4166,4356,234,0,4122,4326,484411,44,0,0,44,30
2020-06-21,US,Indiana,Lawrence,193,24,0,38.84112637,-86.48361629,18093.0,425.3912276834913,12.43523316062176,169,189,24,0,165,187,45668,4,0,0,4,2
2020-06-21,US,Indiana,Madison,620,63,0,40.16143691,-85.71964711,18095.0,478.50952002407996,10.161290322580646,557,618,63,0,555,618,129641,2,0,0,2,0
2020-06-21,US,Indiana,Marion,10945,668,0,39.78163624,-86.13826325,18097.0,1134.6883935217536,6.103243490178164,10277,10904,667,0,10237,10885,954670,41,1,0,40,19
2020-06-21,US,Indiana,Marshall,359,3,0,41.32467367,-86.26185087,18099.0,776.0819750097279,0.8356545961002786,356,347,3,0,344,344,46248,12,0,0,12,3
2020-06-21,US,Indiana,Martin,21,0,0,38.7099921,-86.80373186,18101.0,204.77815699658703,0.0,21,20,0,0,20,20,10217,1,0,0,1,0
2020-06-21,US,Indiana,Miami,176,2,0,40.76940965,-86.04525048,18103.0,495.55130082216476,1.1363636363636365,174,176,2,0,174,177,35567,0,0,0,0,-1
2020-06-21,US,Indiana,Monroe,208,26,0,39.16130004,-86.52414358,18105.0,140.13245211579792,12.5,182,208,26,0,182,207,146917,0,0,0,0,1
2020-06-21,US,Indiana,Montgomery,272,19,0,40.04034823,-86.89335024,18107.0,709.478846053524,6.985294117647059,253,272,19,0,253,270,38346,0,0,0,0,2
2020-06-21,US,Indiana,Morgan,306,30,0,39.47899078,-86.44573375,18109.0,434.11028671140184,9.803921568627453,276,304,30,0,274,301,70116,2,0,0,2,3
2020-06-21,US,Indiana,Newton,88,10,0,40.95610449,-87.39635768,18111.0,629.2906178489702,11.363636363636365,78,88,10,0,78,87,14011,0,0,0,0,1
2020-06-21,US,Indiana,Noble,367,27,0,41.39672484,-85.41966713,18113.0,768.6829758713138,7.356948228882834,340,356,27,0,329,358,47532,11,0,0,11,-2
2020-06-21,US,Indiana,Ohio,13,0,0,38.955304999999996,-84.96515993,18115.0,221.27659574468086,0.0,13,13,0,0,13,13,5844,0,0,0,0,0
2020-06-21,US,Indiana,Orange,132,23,0,38.54118920000001,-86.49523093,18117.0,671.8924972004478,17.424242424242426,109,132,23,0,109,132,19489,0,0,0,0,0
2020-06-21,US,Indiana,Owen,40,1,0,39.31145587,-86.83900724,18119.0,192.316938314342,2.5,39,40,1,0,39,39,20845,0,0,0,0,1
2020-06-21,US,Indiana,Parke,20,0,0,39.77202286,-87.20375833,18121.0,118.08466670602822,0.0,20,20,0,0,20,20,16927,0,0,0,0,0
2020-06-21,US,Indiana,Perry,105,3,0,38.07809328,-86.63741946,18123.0,547.7594032030884,2.8571428571428568,102,103,3,0,100,101,19102,2,0,0,2,2
2020-06-21,US,Indiana,Pike,6,0,0,38.40112197,-87.23574907,18125.0,48.43005892323836,0.0,6,6,0,0,6,6,12410,0,0,0,0,0
2020-06-21,US,Indiana,Porter,615,36,0,41.45986947,-87.06848888,18127.0,360.93879299720055,5.853658536585367,579,613,36,0,577,611,169594,2,0,0,2,2
2020-06-21,US,Indiana,Posey,24,0,0,38.02097333,-87.86480429,18129.0,94.38785542926809,0.0,24,24,0,0,24,23,25540,0,0,0,0,1
2020-06-21,US,Indiana,Pulaski,54,1,0,41.04166107,-86.69890683,18131.0,437.14077552011656,1.851851851851852,53,54,1,0,53,53,12469,0,0,0,0,1
2020-06-21,US,Indiana,Putnam,158,8,0,39.66437981,-86.84517605,18133.0,420.4811581860762,5.063291139240507,150,158,8,0,150,158,37779,0,0,0,0,0
2020-06-21,US,Indiana,Randolph,71,3,0,40.15734772,-85.01139319,18135.0,287.8572876545713,4.225352112676056,68,71,3,0,68,71,24851,0,0,0,0,0
2020-06-21,US,Indiana,Ripley,112,7,0,39.10235626,-85.26212744,18137.0,395.4243750882644,6.25,105,111,7,0,104,111,28523,1,0,0,1,0
2020-06-21,US,Indiana,Rush,52,3,0,39.62002287,-85.4655599,18139.0,313.61196550268386,5.769230769230768,49,51,3,0,48,51,16663,1,0,0,1,0
2020-06-21,US,Indiana,Scott,149,6,0,38.68672078,-85.74627859,18143.0,624.1360532819504,4.026845637583893,143,149,6,0,143,147,23878,0,0,0,0,2
2020-06-21,US,Indiana,Shelby,408,24,0,39.52305623,-85.79158570000001,18145.0,912.1598962641687,5.882352941176472,384,407,24,0,383,408,44593,1,0,0,1,-1
2020-06-21,US,Indiana,Spencer,24,1,0,38.01519732,-87.0079644,18147.0,118.36070424619028,4.166666666666667,23,24,1,0,23,24,20327,0,0,0,0,0
2020-06-21,US,Indiana,St. Joseph,1662,56,0,41.61756781,-86.29040834,18141.0,611.4205410814271,3.3694344163658245,1606,1646,56,0,1590,1628,270771,16,0,0,16,18
2020-06-21,US,Indiana,Starke,60,3,0,41.27890281,-86.64686895,18149.0,260.9262883235486,5.0,57,58,3,0,55,58,22935,2,0,0,2,0
2020-06-21,US,Indiana,Steuben,109,2,0,41.64423868,-85.00101094,18151.0,315.0835404983523,1.834862385321101,107,108,2,0,106,108,34586,1,0,0,1,0
2020-06-21,US,Indiana,Sullivan,41,1,0,39.08952258,-87.41414469,18153.0,198.36470075959167,2.4390243902439024,40,41,1,0,40,41,20690,0,0,0,0,0
2020-06-21,US,Indiana,Switzerland,22,0,0,38.82767338,-85.03022429,18155.0,204.63212724397732,0.0,22,22,0,0,22,22,10717,0,0,0,0,0
2020-06-21,US,Indiana,Tippecanoe,530,7,0,40.38872739,-86.89413959,18157.0,270.7784112970797,1.320754716981132,523,526,7,0,519,510,193048,4,0,0,4,16
2020-06-21,US,Indiana,Tipton,28,1,0,40.31123252,-86.05234925,18159.0,184.8428835489834,3.571428571428572,27,28,1,0,27,28,15128,0,0,0,0,0
2020-06-21,US,Indiana,Unassigned,0,190,0,0.0,0.0,90018.0,0.0,0.0,-190,0,190,0,-190,0,,0,0,0,0,0
2020-06-21,US,Indiana,Union,12,0,0,39.62550777,-84.92497066,18161.0,170.1162461015027,0.0,12,12,0,0,12,12,7037,0,0,0,0,0
2020-06-21,US,Indiana,Vanderburgh,342,6,0,38.02658833,-87.58763124,18163.0,188.480636645706,1.7543859649122806,336,341,6,0,335,337,180974,1,0,0,1,4
2020-06-21,US,Indiana,Vermillion,13,0,0,39.8523352,-87.46160542,18165.0,83.88179119886435,0.0,13,13,0,0,13,13,15479,0,0,0,0,0
2020-06-21,US,Indiana,Vigo,210,8,0,39.42944561,-87.39169027,18167.0,196.19200657710343,3.809523809523809,202,208,8,0,200,207,107386,2,0,0,2,1
2020-06-21,US,Indiana,Wabash,93,2,0,40.84704239,-85.79328272,18169.0,300.03871467286103,2.150537634408602,91,92,2,0,90,89,31280,1,0,0,1,3
2020-06-21,US,Indiana,Warren,14,1,0,40.34728141,-87.35602659,18171.0,169.38898971566852,7.142857142857142,13,14,1,0,13,14,8263,0,0,0,0,0
2020-06-21,US,Indiana,Warrick,180,29,0,38.08922676,-87.2716085,18173.0,285.7233562970253,16.11111111111111,151,179,29,0,150,178,62567,1,0,0,1,1
2020-06-21,US,Indiana,Washington,62,1,0,38.60219804,-86.1049363,18175.0,221.14424311599373,1.6129032258064515,61,61,1,0,60,61,27943,1,0,0,1,0
2020-06-21,US,Indiana,Wayne,108,6,0,39.863344399999995,-85.01044989,18177.0,163.9244733167385,5.5555555555555545,102,107,6,0,101,107,65936,1,0,0,1,0
2020-06-21,US,Indiana,Wells,65,1,0,40.72934187,-85.22132966,18179.0,229.71444727169919,1.5384615384615383,64,65,0,0,65,65,28206,0,1,0,-1,0
2020-06-21,US,Indiana,White,249,10,0,40.74911165,-86.86492015,18181.0,1033.1092855364698,4.016064257028113,239,246,10,0,236,245,24133,3,0,0,3,1
2020-06-21,US,Indiana,Whitley,71,4,0,41.13863784,-85.50791236,18183.0,209.04487103992463,5.633802816901407,67,71,4,0,67,69,34074,0,0,0,0,2
2020-06-21,US,Iowa,Adair,12,0,0,41.33075609,-94.47105874,19001.0,167.78523489932888,0.0,12,12,0,0,12,12,7063,0,0,0,0,0
2020-06-21,US,Iowa,Adams,7,0,0,41.02903567,-94.69932645,19003.0,194.3364797334814,0.0,7,7,0,0,7,7,3645,0,0,0,0,0
2020-06-21,US,Iowa,Allamakee,121,4,0,43.28383218,-91.37860922,19005.0,884.050558924527,3.3057851239669422,117,121,4,0,117,121,13832,0,0,0,0,0
2020-06-21,US,Iowa,Appanoose,20,3,0,40.74324454,-92.86865906,19007.0,160.95284081764044,15.0,17,18,3,0,15,18,12437,2,0,0,2,0
2020-06-21,US,Iowa,Audubon,15,1,0,41.6844628,-94.90581859,19009.0,272.9257641921397,6.666666666666668,14,15,1,0,14,15,5506,0,0,0,0,0
2020-06-21,US,Iowa,Benton,52,1,0,42.08011739,-92.06463573,19011.0,202.7685708715149,1.9230769230769231,51,51,1,0,50,50,25642,1,0,0,1,1
2020-06-21,US,Iowa,Black Hawk,1892,56,0,42.4704581,-92.30524729,19013.0,1441.765476879934,2.9598308668076116,1836,1881,56,0,1825,1870,132408,11,0,0,11,11
2020-06-21,US,Iowa,Boone,117,1,0,42.03657094,-93.9313999,19015.0,445.98612487611496,0.8547008547008547,116,107,1,0,106,107,26346,10,0,0,10,0
2020-06-21,US,Iowa,Bremer,82,6,0,42.77461496,-92.31795937,19017.0,327.18857234059533,7.317073170731707,76,81,6,0,75,81,24947,1,0,0,1,0
2020-06-21,US,Iowa,Buchanan,37,1,0,42.4709188,-91.83510825,19019.0,174.73435655253837,2.702702702702702,36,37,1,0,36,36,21199,0,0,0,0,1
2020-06-21,US,Iowa,Buena Vista,1666,10,0,42.73545875,-95.15100162,19021.0,8491.335372069318,0.6002400960384153,1656,1647,10,0,1637,1640,19874,19,0,0,19,7
2020-06-21,US,Iowa,Butler,35,2,0,42.73172833,-92.79015971,19023.0,242.39905810651703,5.7142857142857135,33,32,2,0,30,31,14539,3,0,0,3,1
2020-06-21,US,Iowa,Calhoun,25,0,0,42.38521079,-94.64046046,19025.0,258.585022755482,0.0,25,25,0,0,25,25,9699,0,0,0,0,0
2020-06-21,US,Iowa,Carroll,70,1,0,42.03617207,-94.86032705,19027.0,347.13612695264067,1.4285714285714286,69,67,1,0,66,66,20154,3,0,0,3,1
2020-06-21,US,Iowa,Cass,16,0,0,41.33149454,-94.92792482,19029.0,124.64942349641632,0.0,16,16,0,0,16,16,12930,0,0,0,0,0
2020-06-21,US,Iowa,Cedar,60,1,0,41.77233777,-91.13246684,19031.0,322.1130616846513,1.6666666666666667,59,56,1,0,55,56,18627,4,0,0,4,0
2020-06-21,US,Iowa,Cerro Gordo,59,1,0,43.08177563,-93.2612239,19033.0,138.98704358068315,1.6949152542372878,58,57,1,0,56,57,42647,2,0,0,2,0
2020-06-21,US,Iowa,Cherokee,66,0,0,42.73538914,-95.62389402,19035.0,587.4499332443257,0.0,66,65,0,0,65,65,11321,1,0,0,1,0
2020-06-21,US,Iowa,Chickasaw,21,0,0,43.06001295,-92.31773347,19037.0,175.98256934551242,0.0,21,19,0,0,19,17,11964,2,0,0,2,2
2020-06-21,US,Iowa,Clarke,112,2,0,41.02868181,-93.78499767,19039.0,1192.1234699308145,1.7857142857142858,110,111,2,0,109,109,9423,1,0,0,1,2
2020-06-21,US,Iowa,Clay,105,0,0,43.08247182,-95.15096481,19041.0,655.5944055944055,0.0,105,103,0,0,103,102,16134,2,0,0,2,1
2020-06-21,US,Iowa,Clayton,35,3,0,42.84443388,-91.34133693,19043.0,199.44156362185882,8.571428571428571,32,35,3,0,32,35,17556,0,0,0,0,0
2020-06-21,US,Iowa,Clinton,75,1,0,41.89981633,-90.53275096,19045.0,161.53697042796531,1.3333333333333333,74,73,1,0,72,70,46518,2,0,0,2,3
2020-06-21,US,Iowa,Crawford,640,2,0,42.03718237,-95.3819718,19047.0,3804.9940546967896,0.3125,638,635,2,0,633,635,17158,5,0,0,5,0
2020-06-21,US,Iowa,Dallas,1073,29,0,41.68560356,-94.04127625,19049.0,1148.1707382320524,2.702702702702702,1044,1065,28,0,1037,1062,90180,8,1,0,7,3
2020-06-21,US,Iowa,Davis,36,1,0,40.74773536,-92.41005468,19051.0,400.0,2.7777777777777777,35,36,1,0,35,36,9017,0,0,0,0,0
2020-06-21,US,Iowa,Decatur,9,0,0,40.73742757,-93.78645949,19053.0,114.35832274459976,0.0,9,9,0,0,9,9,7890,0,0,0,0,0
2020-06-21,US,Iowa,Delaware,33,1,0,42.47104597,-91.3664492,19055.0,193.99212274410675,3.0303030303030303,32,32,1,0,31,32,17069,1,0,0,1,0
2020-06-21,US,Iowa,Des Moines,76,2,0,40.92012606,-91.18326592,19057.0,195.0368260322837,2.631578947368421,74,74,2,0,72,67,39138,2,0,0,2,7
2020-06-21,US,Iowa,Dickinson,200,2,0,43.37787725,-95.1510206,19059.0,1158.8828369451849,1.0,198,195,1,0,194,190,17153,5,1,0,4,5
2020-06-21,US,Iowa,Dubuque,415,22,0,42.46815349,-90.88181925,19061.0,426.46771690764666,5.301204819277109,393,411,22,0,389,411,96854,4,0,0,4,0
2020-06-21,US,Iowa,Emmet,57,0,0,43.37782951,-94.67858943,19063.0,619.0269331016508,0.0,57,48,0,0,48,46,9253,9,0,0,9,2
2020-06-21,US,Iowa,Fayette,29,0,0,42.86271799,-91.8441231,19065.0,147.58269720101782,0.0,29,28,0,0,28,28,19660,1,0,0,1,0
2020-06-21,US,Iowa,Floyd,33,1,0,43.06000529999999,-92.78940097,19067.0,210.9704641350211,3.0303030303030303,32,31,1,0,30,30,15761,2,0,0,2,1
2020-06-21,US,Iowa,Franklin,60,0,0,42.73270384,-93.26256925,19069.0,595.8291956305859,0.0,60,60,0,0,60,61,10124,0,0,0,0,-1
2020-06-21,US,Iowa,Fremont,4,0,0,40.74542720000001,-95.60129045,19071.0,57.4712643678161,0.0,4,4,0,0,4,5,6993,0,0,0,0,-1
2020-06-21,US,Iowa,Greene,28,0,0,42.03614551,-94.39658081,19073.0,315.031503150315,0.0,28,27,0,0,27,27,8981,1,0,0,1,0
2020-06-21,US,Iowa,Grundy,26,0,0,42.40183723,-92.78829551,19075.0,212.55722694571617,0.0,26,26,0,0,26,26,12304,0,0,0,0,0
2020-06-21,US,Iowa,Guthrie,62,4,0,41.68378965,-94.50111014,19077.0,580.0355505660025,6.451612903225807,58,61,4,0,57,61,10720,1,0,0,1,0
2020-06-21,US,Iowa,Hamilton,158,0,0,42.38382428,-93.70197703,19079.0,1069.51871657754,0.0,158,150,0,0,150,148,14952,8,0,0,8,2
2020-06-21,US,Iowa,Hancock,37,0,0,43.08178477,-93.73454884,19081.0,348.0714957666981,0.0,37,35,0,0,35,35,10712,2,0,0,2,0
2020-06-21,US,Iowa,Hardin,53,0,0,42.38353877,-93.23654611,19083.0,314.61474534014013,0.0,53,52,0,0,52,52,16868,1,0,0,1,0
2020-06-21,US,Iowa,Harrison,42,0,0,41.68330137,-95.81558439,19085.0,298.95366218236165,0.0,42,41,0,0,41,41,14134,1,0,0,1,0
2020-06-21,US,Iowa,Henry,78,3,0,40.98767962,-91.54436349,19087.0,390.89906785606894,3.8461538461538463,75,76,3,0,73,75,20067,2,0,0,2,1
2020-06-21,US,Iowa,Howard,14,0,0,43.35671042,-92.31702714,19089.0,152.87180607119458,0.0,14,13,0,0,13,13,9187,1,0,0,1,0
2020-06-21,US,Iowa,Humboldt,40,1,0,42.7764426,-94.20722537,19091.0,418.4975936388366,2.5,39,39,1,0,38,39,9547,1,0,0,1,0
2020-06-21,US,Iowa,Ida,20,0,0,42.38696136,-95.51355387,19093.0,291.5451895043732,0.0,20,19,0,0,19,19,6841,1,0,0,1,0
2020-06-21,US,Iowa,Iowa,39,0,0,41.68630265,-92.0643373,19095.0,240.97874443895202,0.0,39,35,0,0,35,35,16141,4,0,0,4,0
2020-06-21,US,Iowa,Jackson,19,0,0,42.17178824,-90.57354837,19097.0,97.74165337723134,0.0,19,15,0,0,15,15,19432,4,0,0,4,0
2020-06-21,US,Iowa,Jasper,296,17,0,41.68576082,-93.05567785,19099.0,796.0199004975125,5.743243243243242,279,291,17,0,274,290,37147,5,0,0,5,1
2020-06-21,US,Iowa,Jefferson,47,0,0,41.03192394,-91.94849466,19101.0,256.90079256627496,0.0,47,46,0,0,46,46,18381,1,0,0,1,0
2020-06-21,US,Iowa,Johnson,756,8,0,41.67169354,-91.58754744,19103.0,500.198491464867,1.058201058201058,748,722,8,0,714,711,151260,34,0,0,34,11
2020-06-21,US,Iowa,Jones,46,0,0,42.12118609,-91.13139641,19105.0,222.4263817030124,0.0,46,43,0,0,43,43,20744,3,0,0,3,0
2020-06-21,US,Iowa,Keokuk,16,1,0,41.33649833,-92.1785067,19107.0,156.15850087839158,6.25,15,16,1,0,15,16,10225,0,0,0,0,0
2020-06-21,US,Iowa,Kossuth,24,0,0,43.20405458,-94.20691791,19109.0,162.0198474313103,0.0,24,22,0,0,22,21,14908,2,0,0,2,1
2020-06-21,US,Iowa,Lee,45,1,0,40.64181461,-91.48183025,19111.0,133.70175594972815,2.2222222222222223,44,42,1,0,41,41,34055,3,0,0,3,1
2020-06-21,US,Iowa,Linn,1095,80,0,42.07923082,-91.59809485,19113.0,483.0044198212663,7.305936073059359,1015,1072,80,0,992,1057,225909,23,0,0,23,15
2020-06-21,US,Iowa,Louisa,356,13,0,41.21842119,-91.26102611,19115.0,3226.0987766198464,3.651685393258427,343,354,13,0,341,354,11169,2,0,0,2,0
2020-06-21,US,Iowa,Lucas,26,3,0,41.02958964,-93.32780803,19117.0,302.3255813953488,11.538461538461537,23,26,3,0,23,26,8645,0,0,0,0,0
2020-06-21,US,Iowa,Lyon,32,0,0,43.38107862,-96.20926845,19119.0,272.2245852828584,0.0,32,32,0,0,32,32,11811,0,0,0,0,0
2020-06-21,US,Iowa,Madison,35,2,0,41.33081904,-94.01554631,19121.0,214.22450728363324,5.7142857142857135,33,34,2,0,32,34,16249,1,0,0,1,0
2020-06-21,US,Iowa,Mahaska,111,15,0,41.33521503,-92.64083907,19123.0,502.3761031907672,13.513513513513516,96,109,14,0,95,109,22000,2,1,0,1,0
2020-06-21,US,Iowa,Marion,45,0,0,41.33445101,-93.09934783,19125.0,135.32613598773042,0.0,45,45,0,0,45,45,33407,0,0,0,0,0
2020-06-21,US,Iowa,Marshall,974,18,0,42.03586837,-92.9990819,19127.0,2474.0277883614012,1.8480492813141685,956,968,18,0,950,963,39981,6,0,0,6,5
2020-06-21,US,Iowa,Mills,31,0,0,41.03299766,-95.61920963,19129.0,205.17572307895958,0.0,31,29,0,0,29,29,15063,2,0,0,2,0
2020-06-21,US,Iowa,Mitchell,8,0,0,43.35638371,-92.78887719,19131.0,75.57150954090308,0.0,8,8,0,0,8,9,10569,0,0,0,0,-1
2020-06-21,US,Iowa,Monona,59,0,0,42.05220391,-95.95743843,19133.0,684.8520023215323,0.0,59,57,0,0,57,56,8679,2,0,0,2,1
2020-06-21,US,Iowa,Monroe,49,6,0,41.02988815,-92.8690667,19135.0,635.7856494096276,12.244897959183671,43,49,6,0,43,49,7790,0,0,0,0,0
2020-06-21,US,Iowa,Montgomery,10,2,0,41.03018714,-95.15642896,19137.0,100.83694665725521,20.0,8,10,2,0,8,10,10003,0,0,0,0,0
2020-06-21,US,Iowa,Muscatine,583,43,0,41.48370744,-91.1121697,19139.0,1366.491655728483,7.375643224699829,540,581,43,0,538,581,42929,2,0,0,2,0
2020-06-21,US,Iowa,O'Brien,71,1,0,43.08310673,-95.62474482,19141.0,516.2509997818657,1.4084507042253518,70,70,1,0,69,70,13840,1,0,0,1,0
2020-06-21,US,Iowa,Osceola,49,0,0,43.37824276,-95.62422844,19143.0,822.4236320913056,0.0,49,49,0,0,49,49,6040,0,0,0,0,0
2020-06-21,US,Iowa,Page,18,0,0,40.7393172,-95.1497813,19145.0,119.1500628847554,0.0,18,18,0,0,18,18,15249,0,0,0,0,0
2020-06-21,US,Iowa,Palo Alto,22,0,0,43.08193849,-94.67824621,19147.0,247.58046365068645,0.0,22,21,0,0,21,19,8929,1,0,0,1,2
2020-06-21,US,Iowa,Plymouth,243,4,0,42.737633,-96.21366621,19149.0,965.1666203280772,1.6460905349794241,239,229,4,0,225,226,25095,14,0,0,14,3
2020-06-21,US,Iowa,Pocahontas,38,1,0,42.73420133,-94.67862564,19151.0,574.1048496751775,2.631578947368421,37,38,0,0,38,35,6740,0,1,0,-1,3
2020-06-21,US,Iowa,Polk,5498,167,0,41.68679484,-93.57767461,19153.0,1121.672266867417,3.0374681702437254,5331,5430,166,0,5264,5367,487204,68,1,0,67,63
2020-06-21,US,Iowa,Pottawattamie,620,11,0,41.33640314,-95.53907776,19155.0,665.193227903783,1.7741935483870968,609,586,11,0,575,578,93533,34,0,0,34,8
2020-06-21,US,Iowa,Poweshiek,96,8,0,41.68625425,-92.53155731,19157.0,518.8067444876783,8.333333333333334,88,95,8,0,87,95,18699,1,0,0,1,0
2020-06-21,US,Iowa,Ringgold,11,0,0,40.73518949,-94.24368535,19159.0,224.76501838986516,0.0,11,11,0,0,11,10,4968,0,0,0,0,1
2020-06-21,US,Iowa,Sac,47,0,0,42.38624071,-95.10547892,19161.0,483.4893529472277,0.0,47,43,0,0,43,43,9719,4,0,0,4,0
2020-06-21,US,Iowa,Scott,445,10,0,41.63935978,-90.61959493,19163.0,257.31021203517923,2.247191011235955,435,432,10,0,422,425,173283,13,0,0,13,7
2020-06-21,US,Iowa,Shelby,78,0,0,41.6850066,-95.31015553,19165.0,680.984808800419,0.0,78,73,0,0,73,69,11578,5,0,0,5,4
2020-06-21,US,Iowa,Sioux,419,0,0,43.08221074,-96.1767568,19167.0,1202.1230813369675,0.0,419,409,0,0,409,408,34909,10,0,0,10,1
2020-06-21,US,Iowa,Story,469,3,0,42.03621213,-93.46499005,19169.0,482.9226602963436,0.6396588486140725,466,416,3,0,413,378,98105,53,0,0,53,38
2020-06-21,US,Iowa,Tama,431,29,0,42.07991767,-92.53266945,19171.0,2557.256437640916,6.728538283062644,402,430,29,0,401,429,16904,1,0,0,1,1
2020-06-21,US,Iowa,Taylor,76,0,0,40.73710579,-94.69778563,19173.0,1241.6271851004738,0.0,76,75,0,0,75,75,6191,1,0,0,1,0
2020-06-21,US,Iowa,Unassigned,5,0,0,0.0,0.0,90019.0,0.0,0.0,5,5,0,0,5,9,,0,0,0,0,-4
2020-06-21,US,Iowa,Union,12,0,0,41.0277278,-94.24234847,19175.0,98.03120660076792,0.0,12,12,0,0,12,12,12359,0,0,0,0,0
2020-06-21,US,Iowa,Van Buren,12,0,0,40.75326764,-91.95017958,19177.0,170.35775127768312,0.0,12,11,0,0,11,11,7020,1,0,0,1,0
2020-06-21,US,Iowa,Wapello,688,27,0,41.03064984,-92.40954728,19179.0,1967.45689038863,3.924418604651162,661,681,27,0,654,681,35205,7,0,0,7,0
2020-06-21,US,Iowa,Warren,210,2,0,41.33559454,-93.56007641,19181.0,408.0363735281545,0.9523809523809524,208,209,2,0,207,205,51056,1,0,0,1,4
2020-06-21,US,Iowa,Washington,212,9,0,41.33577126,-91.71725711,19183.0,965.1718643296153,4.245283018867925,203,210,9,0,201,210,22141,2,0,0,2,0
2020-06-21,US,Iowa,Wayne,5,0,0,40.73969028,-93.32752197,19185.0,77.6276975624903,0.0,5,5,0,0,5,5,6401,0,0,0,0,0
2020-06-21,US,Iowa,Webster,120,1,0,42.42853483,-94.17987389,19187.0,334.2245989304813,0.8333333333333334,119,113,1,0,112,110,36277,7,0,0,7,3
2020-06-21,US,Iowa,Winnebago,15,0,0,43.37751174,-93.73407298,19189.0,144.8715472281244,0.0,15,13,0,0,13,13,10518,2,0,0,2,0
2020-06-21,US,Iowa,Winneshiek,24,0,0,43.29094334,-91.84422722,19191.0,120.05402431093992,0.0,24,24,0,0,24,24,20029,0,0,0,0,0
2020-06-21,US,Iowa,Woodbury,3066,42,0,42.38979414,-96.0459439,19193.0,2973.609939189386,1.3698630136986298,3024,3054,42,0,3012,3052,102539,12,0,0,12,2
2020-06-21,US,Iowa,Worth,6,0,0,43.37750768,-93.26087602,19195.0,81.28979813033466,0.0,6,6,0,0,6,6,7453,0,0,0,0,0
2020-06-21,US,Iowa,Wright,332,0,0,42.73305373,-93.73515113,19197.0,2642.891259353606,0.0,332,319,0,0,319,316,12690,13,0,0,13,3
2020-06-21,US,Kansas,Allen,2,0,0,37.88582951,-95.30030847,20001.0,16.169455897809037,0.0,2,2,0,0,2,2,12444,0,0,0,0,0
2020-06-21,US,Kansas,Anderson,3,0,0,38.21413251,-95.29272815,20003.0,38.17765334690761,0.0,3,3,0,0,3,3,7878,0,0,0,0,0
2020-06-21,US,Kansas,Atchison,27,0,0,39.53185661,-95.30870026,20005.0,167.98357493933926,0.0,27,27,0,0,27,27,16193,0,0,0,0,0
2020-06-21,US,Kansas,Barber,1,0,0,37.2288586,-98.68460053,20007.0,22.588660492432798,0.0,1,1,0,0,1,1,4472,0,0,0,0,0
2020-06-21,US,Kansas,Barton,54,2,0,38.47889676,-98.75636726,20009.0,209.47282671942278,3.703703703703704,52,52,2,0,50,52,26111,2,0,0,2,0
2020-06-21,US,Kansas,Bourbon,9,1,0,37.85508555,-94.84865997,20011.0,61.92376496490986,11.111111111111109,8,9,1,0,8,9,14653,0,0,0,0,0
2020-06-21,US,Kansas,Brown,14,0,0,39.82652589,-95.56421698,20013.0,146.3822668339607,0.0,14,14,0,0,14,14,9598,0,0,0,0,0
2020-06-21,US,Kansas,Butler,47,0,0,37.78134351,-96.83878537,20015.0,70.2425610138841,0.0,47,47,0,0,47,47,66765,0,0,0,0,0
2020-06-21,US,Kansas,Chase,3,0,0,38.30292938,-96.59563862,20017.0,113.2930513595166,0.0,3,3,0,0,3,3,2629,0,0,0,0,0
2020-06-21,US,Kansas,Chautauqua,4,0,0,37.14994405,-96.2454192,20019.0,123.07692307692308,0.0,4,4,0,0,4,4,3309,0,0,0,0,0
2020-06-21,US,Kansas,Cherokee,17,0,0,37.16928494,-94.8462897,20021.0,85.26004313155124,0.0,17,17,0,0,17,17,20015,0,0,0,0,0
2020-06-21,US,Kansas,Cheyenne,2,0,0,39.78580976,-101.7318201,20023.0,75.27286413248024,0.0,2,2,0,0,2,2,2660,0,0,0,0,0
2020-06-21,US,Kansas,Clark,34,1,0,37.23577007,-99.81883015,20025.0,1705.1153460381142,2.9411764705882355,33,34,1,0,33,34,2005,0,0,0,0,0
2020-06-21,US,Kansas,Clay,6,2,0,39.34948772,-97.16518128,20027.0,74.9812546863284,33.333333333333336,4,6,2,0,4,6,7997,0,0,0,0,0
2020-06-21,US,Kansas,Cloud,7,0,0,39.48028352,-97.64925343,20029.0,79.6722057819258,0.0,7,7,0,0,7,7,8729,0,0,0,0,0
2020-06-21,US,Kansas,Coffey,52,8,0,38.2365018,-95.73379515,20031.0,635.7745445653503,15.384615384615385,44,52,8,0,44,52,8233,0,0,0,0,0
2020-06-21,US,Kansas,Comanche,2,0,0,37.19114520000001,-99.27113247,20033.0,117.64705882352942,0.0,2,2,0,0,2,2,1748,0,0,0,0,0
2020-06-21,US,Kansas,Cowley,55,1,0,37.23781842,-96.83776647,20035.0,157.55700698980178,1.818181818181818,54,55,1,0,54,55,35218,0,0,0,0,0
2020-06-21,US,Kansas,Crawford,167,1,0,37.50675523,-94.85245778,20037.0,430.21278788191046,0.5988023952095808,166,167,1,0,166,167,39019,0,0,0,0,0
2020-06-21,US,Kansas,Dickinson,6,1,0,38.86600962,-97.15532383,20041.0,32.492147730965016,16.666666666666668,5,6,1,0,5,6,18717,0,0,0,0,0
2020-06-21,US,Kansas,Doniphan,24,0,0,39.79067154,-95.14056866,20043.0,315.7894736842105,0.0,24,24,0,0,24,24,7682,0,0,0,0,0
2020-06-21,US,Kansas,Douglas,91,0,0,38.88503636,-95.2925121,20045.0,74.43214814451288,0.0,91,91,0,0,91,91,121436,0,0,0,0,0
2020-06-21,US,Kansas,Edwards,6,0,0,37.88735543,-99.31263309,20047.0,214.43888491779842,0.0,6,6,0,0,6,6,2849,0,0,0,0,0
2020-06-21,US,Kansas,Ellis,14,0,0,38.91458712,-99.31751551,20051.0,49.031625398381955,0.0,14,14,0,0,14,14,28710,0,0,0,0,0
2020-06-21,US,Kansas,Ellsworth,3,0,0,38.69677695,-98.20462799,20053.0,49.164208456243855,0.0,3,3,0,0,3,3,6196,0,0,0,0,0
2020-06-21,US,Kansas,Finney,1546,10,0,38.04340344,-100.7381938,20055.0,4239.449365179477,0.6468305304010349,1536,1546,10,0,1536,1546,36611,0,0,0,0,0
2020-06-21,US,Kansas,Ford,1892,8,0,37.69200114,-99.88825298,20057.0,5627.770011005681,0.4228329809725159,1884,1892,8,0,1884,1892,33888,0,0,0,0,0
2020-06-21,US,Kansas,Franklin,57,0,0,38.56443815,-95.28644341,20059.0,223.1443783275916,0.0,57,57,0,0,57,57,25631,0,0,0,0,0
2020-06-21,US,Kansas,Geary,33,1,0,38.99871131,-96.7577178,20061.0,104.19955794126932,3.0303030303030303,32,33,1,0,32,33,32594,0,0,0,0,0
2020-06-21,US,Kansas,Gove,1,0,0,38.91588178,-100.4829321,20063.0,37.93626707132018,0.0,1,1,0,0,1,1,2612,0,0,0,0,0
2020-06-21,US,Kansas,Grant,23,1,0,37.56227336,-101.3079758,20067.0,321.6783216783216,4.3478260869565215,22,22,1,0,21,22,7336,1,0,0,1,0
2020-06-21,US,Kansas,Gray,24,0,0,37.73836671,-100.4369088,20069.0,400.80160320641284,0.0,24,24,0,0,24,24,6033,0,0,0,0,0
2020-06-21,US,Kansas,Greenwood,11,0,0,37.8774388,-96.23250453,20073.0,183.884988298228,0.0,11,11,0,0,11,11,6055,0,0,0,0,0
2020-06-21,US,Kansas,Hamilton,28,0,0,37.99978709,-101.7921066,20075.0,1102.7963765261914,0.0,28,28,0,0,28,28,2607,0,0,0,0,0
2020-06-21,US,Kansas,Harper,2,0,0,37.19175361,-98.07578384,20077.0,36.79175864606328,0.0,2,2,0,0,2,2,5506,0,0,0,0,0
2020-06-21,US,Kansas,Harvey,13,0,0,38.04293782,-97.42747573,20079.0,37.758866072206565,0.0,13,13,0,0,13,13,34210,0,0,0,0,0
2020-06-21,US,Kansas,Haskell,23,0,0,37.5620394,-100.8710738,20081.0,579.6370967741935,0.0,23,23,0,0,23,23,3997,0,0,0,0,0
2020-06-21,US,Kansas,Hodgeman,8,0,0,38.08780079,-99.89829881,20083.0,445.9308807134894,0.0,8,8,0,0,8,8,1818,0,0,0,0,0
2020-06-21,US,Kansas,Jackson,104,1,0,39.41673394,-95.79356799,20085.0,789.6135449092703,0.9615384615384616,103,104,1,0,103,104,13280,0,0,0,0,0
2020-06-21,US,Kansas,Jefferson,22,0,0,39.2347941,-95.38289232,20087.0,115.52801554376936,0.0,22,22,0,0,22,22,18975,0,0,0,0,0
2020-06-21,US,Kansas,Jewell,4,0,0,39.78470589,-98.21820662,20089.0,138.9371309482459,0.0,4,4,0,0,4,4,2841,0,0,0,0,0
2020-06-21,US,Kansas,Johnson,1257,80,0,38.88548175,-94.82250877,20091.0,208.66499225598892,6.3643595863166285,1177,1236,79,0,1157,1197,597555,21,1,0,20,39
2020-06-21,US,Kansas,Kearny,46,1,0,38.00017981,-101.321681,20093.0,1198.540906722251,2.1739130434782608,45,46,1,0,45,46,3943,0,0,0,0,0
2020-06-21,US,Kansas,Kiowa,3,0,0,37.55848695,-99.2856537,20097.0,121.21212121212122,0.0,3,3,0,0,3,3,2516,0,0,0,0,0
2020-06-21,US,Kansas,Labette,28,0,0,37.19113093,-95.29849679,20099.0,142.72606789682942,0.0,28,28,0,0,28,28,19964,0,0,0,0,0
2020-06-21,US,Kansas,Lane,5,0,0,38.48119447,-100.4660754,20101.0,325.73289902280135,0.0,5,5,0,0,5,5,1560,0,0,0,0,0
2020-06-21,US,Kansas,Leavenworth,1122,7,0,39.20183497,-95.03620809,20103.0,1372.342767680227,0.6238859180035651,1115,1122,7,0,1115,1122,81352,0,0,0,0,0
2020-06-21,US,Kansas,Linn,12,0,0,38.21267844,-94.84254089,20107.0,123.67309079666084,0.0,12,12,0,0,12,12,9750,0,0,0,0,0
2020-06-21,US,Kansas,Lyon,476,6,0,38.45576156,-96.15275715,20111.0,1433.9508962193104,1.2605042016806722,470,476,6,0,470,476,33406,0,0,0,0,0
2020-06-21,US,Kansas,Marion,7,1,0,38.35855394,-97.0985251,20115.0,58.902726354762706,14.285714285714285,6,7,1,0,6,7,11950,0,0,0,0,0
2020-06-21,US,Kansas,McPherson,41,0,0,38.39184858,-97.64769869,20113.0,143.647957396118,0.0,41,41,0,0,41,41,28537,0,0,0,0,0
2020-06-21,US,Kansas,Meade,30,0,0,37.23859987,-100.364831,20119.0,743.86312918423,0.0,30,30,0,0,30,30,4146,0,0,0,0,0
2020-06-21,US,Kansas,Miami,20,0,0,38.56383358,-94.83832189,20121.0,58.41633320676461,0.0,20,20,0,0,20,20,33680,0,0,0,0,0
2020-06-21,US,Kansas,Mitchell,4,0,0,39.39331582,-98.20906732,20123.0,66.9008195350393,0.0,4,4,0,0,4,4,6150,0,0,0,0,0
2020-06-21,US,Kansas,Montgomery,25,3,0,37.19236568,-95.74329258,20125.0,78.5447233654843,12.0,22,25,3,0,22,25,32120,0,0,0,0,0
2020-06-21,US,Kansas,Morris,5,0,0,38.68827511,-96.65128437,20127.0,88.96797153024912,0.0,5,5,0,0,5,5,5521,0,0,0,0,0
2020-06-21,US,Kansas,Morton,6,1,0,37.19141121,-101.79925190000002,20129.0,231.92887514495555,16.666666666666668,5,6,1,0,5,6,2667,0,0,0,0,0
2020-06-21,US,Kansas,Nemaha,22,0,0,39.78345387,-96.01392079,20131.0,215.0327436223243,0.0,22,22,0,0,22,22,10155,0,0,0,0,0
2020-06-21,US,Kansas,Neosho,17,0,0,37.55862897,-95.30670046,20133.0,106.20353595302055,0.0,17,17,0,0,17,17,15951,0,0,0,0,0
2020-06-21,US,Kansas,Ness,4,0,0,38.47974157,-99.91547333,20135.0,145.45454545454547,0.0,4,4,0,0,4,4,2840,0,0,0,0,0
2020-06-21,US,Kansas,Norton,3,0,0,39.78443827,-99.90286639,20137.0,55.95970900951315,0.0,3,3,0,0,3,3,5430,0,0,0,0,0
2020-06-21,US,Kansas,Osage,10,0,0,38.65235984,-95.72707998,20139.0,62.699855790331675,0.0,10,10,0,0,10,10,15941,0,0,0,0,0
2020-06-21,US,Kansas,Osborne,2,0,0,39.3503437,-98.76753828,20141.0,58.46243788365975,0.0,2,2,0,0,2,2,3475,0,0,0,0,0
2020-06-21,US,Kansas,Ottawa,4,0,0,39.13237408,-97.65020313,20143.0,70.12622720897616,0.0,4,4,0,0,4,4,5802,0,0,0,0,0
2020-06-21,US,Kansas,Pawnee,3,0,0,38.18108732,-99.23692334,20145.0,46.772684752104766,0.0,3,3,0,0,3,3,6562,0,0,0,0,0
2020-06-21,US,Kansas,Phillips,2,0,0,39.78465501,-99.34668865,20147.0,38.211692777990066,0.0,2,2,0,0,2,2,5317,0,0,0,0,0
2020-06-21,US,Kansas,Pottawatomie,42,0,0,39.37925655,-96.34564657,20149.0,172.25115859410244,0.0,42,42,0,0,42,42,24277,0,0,0,0,0
2020-06-21,US,Kansas,Pratt,6,0,0,37.64780729,-98.73922153,20151.0,65.47359231776517,0.0,6,6,0,0,6,6,9378,0,0,0,0,0
2020-06-21,US,Kansas,Reno,55,0,0,37.95230263,-98.08607292,20155.0,88.71253911416497,0.0,55,55,0,0,55,53,62342,0,0,0,0,2
2020-06-21,US,Kansas,Republic,4,0,0,39.82799632,-97.65036709,20157.0,86.28127696289906,0.0,4,4,0,0,4,4,4664,0,0,0,0,0
2020-06-21,US,Kansas,Rice,4,0,0,38.34616184,-98.19992118,20159.0,41.94191045402118,0.0,4,4,0,0,4,4,9531,0,0,0,0,0
2020-06-21,US,Kansas,Riley,103,3,0,39.28935726,-96.73420026,20161.0,138.7541760965621,2.9126213592233015,100,103,3,0,100,103,73703,0,0,0,0,0
2020-06-21,US,Kansas,Rooks,6,0,0,39.35022773,-99.32484567,20163.0,121.95121951219512,0.0,6,6,0,0,6,6,5013,0,0,0,0,0
2020-06-21,US,Kansas,Saline,40,2,0,38.78369175,-97.65185177,20169.0,73.76807317792858,5.0,38,40,2,0,38,40,54401,0,0,0,0,0
2020-06-21,US,Kansas,Scott,16,0,0,38.48222076,-100.9066539,20171.0,331.74372797014314,0.0,16,16,0,0,16,16,4897,0,0,0,0,0
2020-06-21,US,Kansas,Sedgwick,882,25,0,37.6842718,-97.4608198,20173.0,170.9163207645889,2.8344671201814062,857,867,25,0,842,846,513607,15,0,0,15,21
2020-06-21,US,Kansas,Seward,955,2,0,37.19324632,-100.8507201,20175.0,4456.785514280381,0.2094240837696335,953,955,2,0,953,955,21780,0,0,0,0,0
2020-06-21,US,Kansas,Shawnee,491,9,0,39.04100763,-95.7557264,20177.0,277.5971731448763,1.8329938900203664,482,491,9,0,482,477,177499,0,0,0,0,14
2020-06-21,US,Kansas,Sheridan,3,0,0,39.35018161,-100.4418259,20179.0,119.00039666798891,0.0,3,3,0,0,3,3,2533,0,0,0,0,0
2020-06-21,US,Kansas,Sherman,7,0,0,39.35147699,-101.7197624,20181.0,118.30319418624303,0.0,7,7,0,0,7,7,5899,0,0,0,0,0
2020-06-21,US,Kansas,Smith,3,0,0,39.78516566,-98.78566062,20183.0,83.72871895060004,0.0,3,3,0,0,3,3,3603,0,0,0,0,0
2020-06-21,US,Kansas,Stafford,1,0,0,38.03100851,-98.71762001,20185.0,24.06159769008662,0.0,1,1,0,0,1,1,4178,0,0,0,0,0
2020-06-21,US,Kansas,Stanton,9,0,0,37.56304714,-101.7843534,20187.0,448.65403788634103,0.0,9,9,0,0,9,9,1987,0,0,0,0,0
2020-06-21,US,Kansas,Stevens,30,0,0,37.1923008,-101.3118967,20189.0,546.9462169553327,0.0,30,30,0,0,30,30,5559,0,0,0,0,0
2020-06-21,US,Kansas,Sumner,9,1,0,37.23682549,-97.47721621,20191.0,39.411455596426684,11.111111111111109,8,9,1,0,8,9,22996,0,0,0,0,0
2020-06-21,US,Kansas,Trego,1,0,0,38.91467218,-99.87284448,20195.0,35.676061362825536,0.0,1,1,0,0,1,1,2793,0,0,0,0,0
2020-06-21,US,Kansas,Wabaunsee,32,0,0,38.95471985,-96.20350509,20197.0,461.6938392728322,0.0,32,32,0,0,32,32,6899,0,0,0,0,0
2020-06-21,US,Kansas,Washington,1,0,0,39.78420784,-97.0875323,20201.0,18.49796522382538,0.0,1,1,0,0,1,1,5420,0,0,0,0,0
2020-06-21,US,Kansas,Wilson,1,0,0,37.55937174,-95.74323255,20205.0,11.730205278592374,0.0,1,1,0,0,1,1,8665,0,0,0,0,0
2020-06-21,US,Kansas,Woodson,6,0,0,37.8865336,-95.74006277,20207.0,191.20458891013385,0.0,6,6,0,0,6,6,3183,0,0,0,0,0
2020-06-21,US,Kansas,Wyandotte,1834,78,0,39.11727348,-94.76378225,20209.0,1108.632706478308,4.252998909487459,1756,1834,78,0,1756,1834,165324,0,0,0,0,0
2020-06-21,US,Kentucky,Adair,105,19,0,37.10459774,-85.28129668,21001.0,546.8180397875221,18.095238095238095,86,105,19,0,86,104,19215,0,0,0,0,1
2020-06-21,US,Kentucky,Allen,152,4,0,36.75197631,-86.19457544,21003.0,713.1128313394322,2.631578947368421,148,145,4,0,141,145,21122,7,0,0,7,0
2020-06-21,US,Kentucky,Anderson,27,1,0,38.00671029,-84.99171713,21005.0,118.69697102914671,3.703703703703704,26,27,1,0,26,27,22663,0,0,0,0,0
2020-06-21,US,Kentucky,Ballard,14,0,0,37.05842757,-88.99427697,21007.0,177.4847870182556,0.0,14,14,0,0,14,14,7979,0,0,0,0,0
2020-06-21,US,Kentucky,Barren,71,2,0,36.96469836,-85.93338945,21009.0,160.4556035164636,2.8169014084507036,69,70,2,0,68,70,44176,1,0,0,1,0
2020-06-21,US,Kentucky,Bath,10,1,0,38.14735938,-83.74588932,21011.0,80.0,10.0,9,10,1,0,9,10,12383,0,0,0,0,0
2020-06-21,US,Kentucky,Bell,5,0,0,36.73355174,-83.67766671,21013.0,19.207129686539645,0.0,5,4,0,0,4,4,26569,1,0,0,1,0
2020-06-21,US,Kentucky,Boone,568,23,0,38.97065142,-84.72615357,21015.0,425.2101721053144,4.049295774647887,545,566,23,0,543,561,131533,2,0,0,2,5
2020-06-21,US,Kentucky,Bourbon,27,1,0,38.2054607,-84.21827874,21017.0,136.44633110976352,3.703703703703704,26,27,1,0,26,26,20184,0,0,0,0,1
2020-06-21,US,Kentucky,Boyd,49,3,0,38.36176608,-82.68652187,21019.0,104.88462691039857,6.1224489795918355,46,48,3,0,45,47,47240,1,0,0,1,1
2020-06-21,US,Kentucky,Boyle,32,0,0,37.62680923,-84.8633779,21021.0,106.45375914836993,0.0,32,31,0,0,31,31,30100,1,0,0,1,0
2020-06-21,US,Kentucky,Bracken,16,0,0,38.69158994,-84.08532444,21023.0,192.70143321690955,0.0,16,16,0,0,16,15,8239,0,0,0,0,1
2020-06-21,US,Kentucky,Breathitt,4,0,0,37.52333168,-83.31959161,21025.0,31.670625494853525,0.0,4,4,0,0,4,4,12726,0,0,0,0,0
2020-06-21,US,Kentucky,Breckinridge,24,2,0,37.77377239,-86.42885017,21027.0,117.2046686526347,8.333333333333334,22,24,2,0,22,23,20388,0,0,0,0,1
2020-06-21,US,Kentucky,Bullitt,144,4,0,37.97162523,-85.68955617,21029.0,176.30638131152358,2.7777777777777777,140,144,4,0,140,141,81069,0,0,0,0,3
2020-06-21,US,Kentucky,Butler,246,14,0,37.20946153,-86.68748787,21031.0,1910.0861868157465,5.691056910569106,232,246,13,0,233,247,12772,0,1,0,-1,-1
2020-06-21,US,Kentucky,Caldwell,13,0,0,37.14749129,-87.86948214,21033.0,101.98478073272142,0.0,13,12,0,0,12,12,12715,1,0,0,1,0
2020-06-21,US,Kentucky,Calloway,66,1,0,36.62093411,-88.2731593,21035.0,169.22643009153612,1.5151515151515151,65,65,1,0,64,63,39135,1,0,0,1,2
2020-06-21,US,Kentucky,Campbell,227,12,0,38.94384345,-84.37875208,21037.0,242.56283125320567,5.286343612334802,215,225,12,0,213,219,93152,2,0,0,2,6
2020-06-21,US,Kentucky,Carlisle,5,1,0,36.85372876,-88.96692220000001,21039.0,105.04201680672269,20.0,4,5,1,0,4,5,4771,0,0,0,0,0
2020-06-21,US,Kentucky,Carroll,29,0,0,38.66599534,-85.12601074,21041.0,272.78713197253313,0.0,29,29,0,0,29,26,10737,0,0,0,0,3
2020-06-21,US,Kentucky,Carter,21,0,0,38.31690743,-83.05092385,21043.0,78.36698137851252,0.0,21,21,0,0,21,21,27004,0,0,0,0,0
2020-06-21,US,Kentucky,Casey,13,0,0,37.32533118,-84.92726209,21045.0,80.45052292839905,0.0,13,13,0,0,13,11,15888,0,0,0,0,2
2020-06-21,US,Kentucky,Christian,145,3,0,36.89267803,-87.49055367,21047.0,205.7875988135281,2.0689655172413794,142,145,3,0,142,144,71671,0,0,0,0,1
2020-06-21,US,Kentucky,Clark,87,0,0,37.9689263,-84.14615986,21049.0,239.91396188952928,0.0,87,84,0,0,84,80,36249,3,0,0,3,4
2020-06-21,US,Kentucky,Clay,32,3,0,37.16451126,-83.712575,21051.0,160.79593990251746,9.375,29,31,3,0,28,30,20105,1,0,0,1,1
2020-06-21,US,Kentucky,Clinton,5,0,0,36.72581156,-85.13377529,21053.0,48.933255040125275,0.0,5,5,0,0,5,5,10206,0,0,0,0,0
2020-06-21,US,Kentucky,Crittenden,7,1,0,37.35839237,-88.08826090000002,21055.0,79.4912559618442,14.285714285714285,6,7,1,0,6,7,8915,0,0,0,0,0
2020-06-21,US,Kentucky,Cumberland,6,0,0,36.78926125,-85.39050034,21057.0,90.71666162685213,0.0,6,5,0,0,5,5,6659,1,0,0,1,0
2020-06-21,US,Kentucky,Daviess,381,8,0,37.73028906,-87.09019479999998,21059.0,375.32878210243217,2.0997375328083994,373,375,8,0,367,373,101104,6,0,0,6,2
2020-06-21,US,Kentucky,Edmonson,71,11,0,37.21218923,-86.23955613,21061.0,584.3621399176955,15.492957746478874,60,71,11,0,60,71,12274,0,0,0,0,0
2020-06-21,US,Kentucky,Elliott,2,0,0,38.11624059,-83.09771563,21063.0,26.60635891978183,0.0,2,2,0,0,2,2,7508,0,0,0,0,0
2020-06-21,US,Kentucky,Estill,5,0,0,37.69241417,-83.95956369,21065.0,35.44590954203885,0.0,5,5,0,0,5,5,14198,0,0,0,0,0
2020-06-21,US,Kentucky,Fayette,1153,19,0,38.0368225,-84.45576892,21067.0,356.79803931276916,1.6478751084128358,1134,1147,18,0,1129,1135,323780,6,1,0,5,12
2020-06-21,US,Kentucky,Fleming,12,0,0,38.36758311,-83.69657514,21069.0,82.29888210685138,0.0,12,12,0,0,12,12,14432,0,0,0,0,0
2020-06-21,US,Kentucky,Floyd,26,0,0,37.56213922,-82.74750924,21071.0,73.05628143527494,0.0,26,26,0,0,26,25,35845,0,0,0,0,1
2020-06-21,US,Kentucky,Franklin,109,3,0,38.2379395,-84.87962551,21073.0,213.76321311604008,2.7522935779816518,106,109,3,0,106,108,50815,0,0,0,0,1
2020-06-21,US,Kentucky,Fulton,15,0,0,36.55238827,-89.20140068,21075.0,251.2983749371754,0.0,15,15,0,0,15,15,6120,0,0,0,0,0
2020-06-21,US,Kentucky,Gallatin,57,7,0,38.75398691,-84.8558382,21077.0,642.6880144322922,12.280701754385964,50,57,7,0,50,57,8832,0,0,0,0,0
2020-06-21,US,Kentucky,Garrard,16,0,0,37.6388668,-84.53289319,21079.0,90.5694554511491,0.0,16,16,0,0,16,16,17560,0,0,0,0,0
2020-06-21,US,Kentucky,Grant,53,4,0,38.64962758,-84.62415957,21081.0,211.41649048625797,7.547169811320754,49,53,4,0,49,53,25121,0,0,0,0,0
2020-06-21,US,Kentucky,Graves,183,20,0,36.72292505,-88.65143315,21083.0,491.064240862985,10.928961748633881,163,183,20,0,163,183,37317,0,0,0,0,0
2020-06-21,US,Kentucky,Grayson,137,10,0,37.46231118,-86.34248968,21085.0,518.4092027093503,7.299270072992702,127,137,10,0,127,137,26321,0,0,0,0,0
2020-06-21,US,Kentucky,Green,6,1,0,37.26484328,-85.5540745,21087.0,54.83959418700302,16.666666666666668,5,6,1,0,5,4,11049,0,0,0,0,2
2020-06-21,US,Kentucky,Greenup,19,0,0,38.54332505,-82.9215658,21089.0,54.13413869736167,0.0,19,16,0,0,16,16,35268,3,0,0,3,0
2020-06-21,US,Kentucky,Hancock,11,0,0,37.83766422,-86.78280584,21091.0,126.11786287548729,0.0,11,11,0,0,11,11,8758,0,0,0,0,0
2020-06-21,US,Kentucky,Hardin,134,5,0,37.6976111,-85.96319251,21093.0,120.76641612141529,3.7313432835820897,129,134,5,0,129,135,110356,0,0,0,0,-1
2020-06-21,US,Kentucky,Harlan,17,1,0,36.85699301,-83.21899516,21095.0,65.359477124183,5.882352941176472,16,16,1,0,15,16,26409,1,0,0,1,0
2020-06-21,US,Kentucky,Harrison,59,0,0,38.44188174,-84.32869741,21097.0,312.4007201101345,0.0,59,58,0,0,58,54,18778,1,0,0,1,4
2020-06-21,US,Kentucky,Hart,36,0,0,37.29943898,-85.88461055,21099.0,189.12529550827423,0.0,36,35,0,0,35,33,18906,1,0,0,1,2
2020-06-21,US,Kentucky,Henderson,144,3,0,37.79344553,-87.57392021,21101.0,318.51360318513605,2.083333333333333,141,144,3,0,141,143,45591,0,0,0,0,1
2020-06-21,US,Kentucky,Henry,29,2,0,38.44942688,-85.11587507,21103.0,179.83380875604615,6.896551724137932,27,28,2,0,26,28,16106,1,0,0,1,0
2020-06-21,US,Kentucky,Hickman,5,0,0,36.67948079999999,-88.97875928,21105.0,114.15525114155253,0.0,5,5,0,0,5,5,4421,0,0,0,0,0
2020-06-21,US,Kentucky,Hopkins,233,32,0,37.30939025,-87.54670406,21107.0,521.4161034775992,13.733905579399142,201,232,32,0,200,231,45068,1,0,0,1,1
2020-06-21,US,Kentucky,Jackson,90,13,0,37.41866422,-83.99825483,21109.0,675.219446320054,14.444444444444445,77,90,13,0,77,85,13442,0,0,0,0,5
2020-06-21,US,Kentucky,Jefferson,3582,184,0,38.18664655,-85.65931031,21111.0,467.16234739298113,5.13679508654383,3398,3561,184,0,3377,3528,770517,21,0,0,21,33
2020-06-21,US,Kentucky,Jessamine,98,0,0,37.87119786,-84.58252003,21113.0,181.095814469186,0.0,98,96,0,0,96,95,53920,2,0,0,2,1
2020-06-21,US,Kentucky,Johnson,9,0,0,37.85106355,-82.8264322,21115.0,40.56246619794484,0.0,9,9,0,0,9,8,22386,0,0,0,0,1
2020-06-21,US,Kentucky,Kenton,723,36,0,38.93950319,-84.53241199,21117.0,432.93931663852266,4.979253112033195,687,717,36,0,681,709,166051,6,0,0,6,8
2020-06-21,US,Kentucky,Knott,4,0,0,37.35388197,-82.94981134,21119.0,27.016074564365802,0.0,4,4,0,0,4,4,15126,0,0,0,0,0
2020-06-21,US,Kentucky,Knox,13,0,0,36.89225732,-83.85403396,21121.0,41.74024723069513,0.0,13,13,0,0,13,13,31304,0,0,0,0,0
2020-06-21,US,Kentucky,Larue,11,1,0,37.54567114,-85.70138352,21123.0,76.3994999305459,9.090909090909092,10,11,1,0,10,11,14307,0,0,0,0,0
2020-06-21,US,Kentucky,Laurel,55,2,0,37.10975748,-84.11321779,21125.0,90.44118856165623,3.636363636363636,53,54,2,0,52,52,60669,1,0,0,1,2
2020-06-21,US,Kentucky,Lawrence,5,0,0,38.07136018,-82.72882223,21127.0,32.64346804204479,0.0,5,5,0,0,5,5,15571,0,0,0,0,0
2020-06-21,US,Kentucky,Lee,1,0,0,37.59645942,-83.71513901,21129.0,13.508037282182901,0.0,1,1,0,0,1,1,7033,0,0,0,0,0
2020-06-21,US,Kentucky,Leslie,7,0,0,37.09246661,-83.37999606,21131.0,70.87172218284904,0.0,7,7,0,0,7,7,10143,0,0,0,0,0
2020-06-21,US,Kentucky,Letcher,8,0,0,37.12306748,-82.85346474,21133.0,37.11780262608453,0.0,8,8,0,0,8,6,21899,0,0,0,0,2
2020-06-21,US,Kentucky,Lewis,17,0,0,38.53184419,-83.37735618,21135.0,128.06026365348401,0.0,17,16,0,0,16,16,13257,1,0,0,1,0
2020-06-21,US,Kentucky,Lincoln,18,1,0,37.45475628,-84.6565327,21137.0,73.32274227056092,5.5555555555555545,17,17,1,0,16,17,24644,1,0,0,1,0
2020-06-21,US,Kentucky,Livingston,8,0,0,37.21137452,-88.34797529,21139.0,87.01326952360235,0.0,8,8,0,0,8,8,9242,0,0,0,0,0
2020-06-21,US,Kentucky,Logan,202,10,0,36.85949479,-86.877635,21141.0,745.3324477898309,4.950495049504951,192,202,10,0,192,201,26989,0,0,0,0,1
2020-06-21,US,Kentucky,Lyon,18,3,0,37.02080035,-88.07886257,21143.0,219.2448233861145,16.666666666666668,15,18,3,0,15,18,8009,0,0,0,0,0
2020-06-21,US,Kentucky,Madison,94,1,0,37.71659336,-84.27220275,21151.0,101.08939959349155,1.0638297872340423,93,94,1,0,93,91,92368,0,0,0,0,3
2020-06-21,US,Kentucky,Magoffin,5,0,0,37.70820545,-83.0657714,21153.0,41.115039881588686,0.0,5,5,0,0,5,5,12362,0,0,0,0,0
2020-06-21,US,Kentucky,Marion,46,0,0,37.55218078,-85.26898542,21155.0,238.6758677943237,0.0,46,46,0,0,46,45,19404,0,0,0,0,1
2020-06-21,US,Kentucky,Marshall,50,2,0,36.88007070000001,-88.32803576,21157.0,160.77170418006432,4.0,48,50,2,0,48,50,31191,0,0,0,0,0
2020-06-21,US,Kentucky,Martin,4,0,0,37.79990579,-82.51247478,21159.0,35.730236712818225,0.0,4,3,0,0,3,3,11323,1,0,0,1,0
2020-06-21,US,Kentucky,Mason,24,0,0,38.59471935,-83.82151043,21161.0,140.597539543058,0.0,24,24,0,0,24,18,17150,0,0,0,0,6
2020-06-21,US,Kentucky,McCracken,143,3,0,37.05350953,-88.70445755,21145.0,218.59427069002416,2.097902097902098,140,134,3,0,131,134,65346,9,0,0,9,0
2020-06-21,US,Kentucky,McCreary,14,0,0,36.73874143,-84.48102924,21147.0,81.24891184493066,0.0,14,13,0,0,13,13,17408,1,0,0,1,0
2020-06-21,US,Kentucky,McLean,24,1,0,37.5301951,-87.26803443,21149.0,260.67122841316393,4.166666666666667,23,24,1,0,23,24,9252,0,0,0,0,0
2020-06-21,US,Kentucky,Meade,24,2,0,37.96163597,-86.21028219,21163.0,83.99832003359933,8.333333333333334,22,24,2,0,22,24,28715,0,0,0,0,0
2020-06-21,US,Kentucky,Menifee,10,0,0,37.94090733,-83.59985712,21165.0,154.10695022345507,0.0,10,10,0,0,10,10,6451,0,0,0,0,0
2020-06-21,US,Kentucky,Mercer,17,0,0,37.81474237,-84.87488475,21167.0,77.50877672912964,0.0,17,17,0,0,17,17,21774,0,0,0,0,0
2020-06-21,US,Kentucky,Metcalfe,8,2,0,36.99459295,-85.63123699,21169.0,79.43600436898024,25.0,6,8,2,0,6,8,10030,0,0,0,0,0
2020-06-21,US,Kentucky,Monroe,34,0,0,36.71225341,-85.71596443,21171.0,319.2488262910798,0.0,34,32,0,0,32,32,10718,2,0,0,2,0
2020-06-21,US,Kentucky,Montgomery,45,0,0,38.03253032,-83.9145241,21173.0,159.81816244628334,0.0,45,44,0,0,44,41,28203,1,0,0,1,3
2020-06-21,US,Kentucky,Morgan,7,0,0,37.92465657,-83.25558245,21175.0,52.59598767751147,0.0,7,7,0,0,7,7,13345,0,0,0,0,0
2020-06-21,US,Kentucky,Muhlenberg,492,8,0,37.21425819,-87.14632053,21177.0,1606.6880020900005,1.6260162601626016,484,492,8,0,484,491,30774,0,0,0,0,1
2020-06-21,US,Kentucky,Nelson,53,1,0,37.80335779,-85.4657193,21179.0,114.6367313390868,1.8867924528301887,52,53,1,0,52,50,45851,0,0,0,0,3
2020-06-21,US,Kentucky,Nicholas,5,0,0,38.33342292,-84.01889177,21181.0,68.78525244187647,0.0,5,5,0,0,5,5,7166,0,0,0,0,0
2020-06-21,US,Kentucky,Ohio,171,0,0,37.47751843,-86.85368087,21183.0,712.6781695423856,0.0,171,171,0,0,171,171,24087,0,0,0,0,0
2020-06-21,US,Kentucky,Oldham,117,6,0,38.39791089,-85.448222,21185.0,175.15232263956048,5.128205128205129,111,116,6,0,110,116,66470,1,0,0,1,0
2020-06-21,US,Kentucky,Owen,5,0,0,38.51679143,-84.82404619,21187.0,45.86735161911753,0.0,5,5,0,0,5,5,10880,0,0,0,0,0
2020-06-21,US,Kentucky,Owsley,2,0,0,37.42823949,-83.68811419,21189.0,45.30011325028314,0.0,2,2,0,0,2,2,4472,0,0,0,0,0
2020-06-21,US,Kentucky,Pendleton,14,0,0,38.69607718,-84.35599463,21191.0,95.95613433858809,0.0,14,14,0,0,14,14,14529,0,0,0,0,0
2020-06-21,US,Kentucky,Perry,41,1,0,37.25023553,-83.22922731,21193.0,159.17384890131225,2.4390243902439024,40,39,1,0,38,38,26092,2,0,0,2,1
2020-06-21,US,Kentucky,Pike,63,2,0,37.47088263,-82.39487445,21195.0,108.8534107402032,3.1746031746031744,61,62,2,0,60,59,58402,1,0,0,1,3
2020-06-21,US,Kentucky,Powell,5,0,0,37.83218794,-83.82553961,21197.0,40.456347600938585,0.0,5,5,0,0,5,5,12442,0,0,0,0,0
2020-06-21,US,Kentucky,Pulaski,77,2,0,37.10466131,-84.57629079,21199.0,118.49982301974484,2.5974025974025974,75,75,2,0,73,74,64623,2,0,0,2,1
2020-06-21,US,Kentucky,Rockcastle,17,0,0,37.36642393,-84.31176452,21203.0,101.82689427972448,0.0,17,16,0,0,16,16,16750,1,0,0,1,0
2020-06-21,US,Kentucky,Rowan,17,0,0,38.19484205,-83.42088935,21205.0,69.50122649223222,0.0,17,17,0,0,17,17,24583,0,0,0,0,0
2020-06-21,US,Kentucky,Russell,38,4,0,36.99308373,-85.06070117,21207.0,212.01807733080398,10.526315789473683,34,38,4,0,34,38,17821,0,0,0,0,0
2020-06-21,US,Kentucky,Scott,67,0,0,38.29622293,-84.5816631,21209.0,117.53561153603256,0.0,67,66,0,0,66,60,56031,1,0,0,1,6
2020-06-21,US,Kentucky,Shelby,361,6,0,38.21476019,-85.194223,21211.0,736.3740208877284,1.6620498614958448,355,358,6,0,352,347,48518,3,0,0,3,11
2020-06-21,US,Kentucky,Simpson,62,3,0,36.74058474,-86.58047435,21213.0,333.83588197286235,4.838709677419356,59,62,3,0,59,62,18529,0,0,0,0,0
2020-06-21,US,Kentucky,Spencer,29,0,0,38.03223971,-85.32749335,21215.0,149.8630561728076,0.0,29,29,0,0,29,28,18794,0,0,0,0,1
2020-06-21,US,Kentucky,Taylor,29,1,0,37.3677562,-85.3329931,21217.0,112.53832123869766,3.4482758620689653,28,29,1,0,28,25,25549,0,0,0,0,4
2020-06-21,US,Kentucky,Todd,23,0,0,36.8381152,-87.17878374,21219.0,187.0831299821051,0.0,23,23,0,0,23,23,12311,0,0,0,0,0
2020-06-21,US,Kentucky,Trigg,22,0,0,36.80767017,-87.87333656,21221.0,150.16039860760358,0.0,22,22,0,0,22,20,14643,0,0,0,0,2
2020-06-21,US,Kentucky,Trimble,5,0,0,38.61056487,-85.33775972,21223.0,59.024908511391814,0.0,5,5,0,0,5,4,8515,0,0,0,0,1
2020-06-21,US,Kentucky,Unassigned,21,0,0,0.0,0.0,90021.0,0.0,0.0,21,21,0,0,21,21,,0,0,0,0,0
2020-06-21,US,Kentucky,Union,25,0,0,37.66166713,-87.94300009,21225.0,173.84048397190742,0.0,25,25,0,0,25,24,14505,0,0,0,0,1
2020-06-21,US,Kentucky,Warren,1357,10,0,36.99903045,-86.42672751,21227.0,1021.0992053936914,0.7369196757553427,1347,1339,10,0,1329,1323,131264,18,0,0,18,16
2020-06-21,US,Kentucky,Washington,18,0,0,37.75599461,-85.17407732,21229.0,148.8218272013229,0.0,18,18,0,0,18,17,12084,0,0,0,0,1
2020-06-21,US,Kentucky,Wayne,12,0,0,36.80310688,-84.8251971,21231.0,59.01736094034329,0.0,12,12,0,0,12,10,20468,0,0,0,0,2
2020-06-21,US,Kentucky,Webster,39,0,0,37.52168356,-87.67989953,21233.0,301.3444598980065,0.0,39,38,0,0,38,37,13111,1,0,0,1,1
2020-06-21,US,Kentucky,Whitley,20,0,0,36.75700531,-84.14541217,21235.0,55.151114052503864,0.0,20,19,0,0,19,19,36242,1,0,0,1,0
2020-06-21,US,Kentucky,Wolfe,1,0,0,37.73941626,-83.49303612,21237.0,13.972334777141258,0.0,1,1,0,0,1,2,7177,0,0,0,0,-1
2020-06-21,US,Kentucky,Woodford,61,0,0,38.04178222,-84.7417556,21239.0,228.17386100097252,0.0,61,60,0,0,60,60,26533,1,0,0,1,0
2020-06-21,US,Louisiana,Acadia,654,32,0,30.2950649,-92.41419698,22001.0,1054.0736562172617,4.892966360856269,622,646,32,0,614,639,62190,8,0,0,8,7
2020-06-21,US,Louisiana,Allen,226,10,0,30.65385745,-92.82442028,22003.0,881.8823896671478,4.424778761061948,216,224,10,0,214,223,25605,2,0,0,2,1
2020-06-21,US,Louisiana,Ascension,997,58,0,30.20406249,-90.91328409999998,22005.0,787.4948658810147,5.817452357071214,939,989,58,0,931,961,124672,8,0,0,8,28
2020-06-21,US,Louisiana,Assumption,327,14,0,29.89946234,-91.06461642,22007.0,1493.764560778402,4.281345565749237,313,327,14,0,313,324,22300,0,0,0,0,3
2020-06-21,US,Louisiana,Avoyelles,204,11,0,31.07796211,-92.00079449,22009.0,508.1705858907932,5.3921568627450975,193,204,11,0,193,200,40462,0,0,0,0,4
2020-06-21,US,Louisiana,Beauregard,158,7,0,30.64836518,-93.34173616,22011.0,421.36704269674914,4.4303797468354436,151,155,7,0,148,147,37253,3,0,0,3,8
2020-06-21,US,Louisiana,Bienville,200,26,0,32.34569994,-93.05398492,22013.0,1510.4599350502228,13.0,174,198,26,0,172,196,13308,2,0,0,2,2
2020-06-21,US,Louisiana,Bossier,665,28,0,32.67932307,-93.60460152,22015.0,523.461299286046,4.2105263157894735,637,654,28,0,626,643,127185,11,0,0,11,11
2020-06-21,US,Louisiana,Caddo,2905,223,0,32.57991587,-93.88375652,22017.0,1209.3886862833258,7.676419965576593,2682,2881,223,0,2658,2831,242922,24,0,0,24,50
2020-06-21,US,Louisiana,Calcasieu,888,53,0,30.22931235,-93.35400434,22019.0,436.5009142924556,5.968468468468468,835,876,53,0,823,831,203112,12,0,0,12,45
2020-06-21,US,Louisiana,Caldwell,95,1,0,32.0902519,-92.11752148,22021.0,957.8544061302682,1.0526315789473684,94,94,1,0,93,93,9960,1,0,0,1,1
2020-06-21,US,Louisiana,Cameron,27,0,0,29.87592238,-93.19310676,22023.0,387.20780152014913,0.0,27,26,0,0,26,26,6968,1,0,0,1,0
2020-06-21,US,Louisiana,Catahoula,152,3,0,31.66778967,-91.84526385,22025.0,1601.011164946282,1.973684210526316,149,152,3,0,149,151,9608,0,0,0,0,1
2020-06-21,US,Louisiana,Claiborne,106,10,0,32.82308512,-92.99526883,22027.0,676.4518187619657,9.433962264150944,96,105,10,0,95,105,15944,1,0,0,1,0
2020-06-21,US,Louisiana,Concordia,101,5,0,31.44817835,-91.63814433,22029.0,524.4301365595306,4.950495049504951,96,101,5,0,96,100,19572,0,0,0,0,1
2020-06-21,US,Louisiana,De Soto,316,18,0,32.05457447,-93.74130302,22031.0,1150.6390416196334,5.69620253164557,298,313,17,0,296,311,27436,3,1,0,2,2
2020-06-21,US,Louisiana,East Baton Rouge,4374,263,0,30.53842039,-91.09777565,22033.0,993.957628408918,6.0128029263831735,4111,4332,263,0,4069,4218,440956,42,0,0,42,114
2020-06-21,US,Louisiana,East Carroll,332,0,0,32.73926954,-91.23425694,22035.0,4838.944760239032,0.0,332,308,0,0,308,260,7037,24,0,0,24,48
2020-06-21,US,Louisiana,East Feliciana,268,32,0,30.84425359,-91.04976723,22037.0,1400.5748628168276,11.940298507462687,236,268,32,0,236,263,19305,0,0,0,0,5
2020-06-21,US,Louisiana,Evangeline,123,1,0,30.72985248,-92.39915924,22039.0,368.3186105704447,0.8130081300813008,122,123,1,0,122,120,33443,0,0,0,0,3
2020-06-21,US,Louisiana,Franklin,416,14,0,32.13675181,-91.67589857,22041.0,2078.441169123157,3.3653846153846154,402,414,14,0,400,412,20156,2,0,0,2,2
2020-06-21,US,Louisiana,Grant,76,1,0,31.59882456,-92.56124347,22043.0,339.4524096654607,1.3157894736842106,75,76,1,0,75,76,22482,0,0,0,0,0
2020-06-21,US,Louisiana,Iberia,469,42,0,29.86803617,-91.75871777,22045.0,671.6311041099814,8.955223880597012,427,465,42,0,423,459,70941,4,0,0,4,6
2020-06-21,US,Louisiana,Iberville,665,43,0,30.25734305,-91.3499598,22047.0,2045.4615360954754,6.466165413533836,622,664,43,0,621,662,32721,1,0,0,1,2
2020-06-21,US,Louisiana,Jackson,189,15,0,32.30251776,-92.55692092,22049.0,1200.4573170731708,7.936507936507938,174,189,15,0,174,186,15902,0,0,0,0,3
2020-06-21,US,Louisiana,Jefferson,8681,477,0,29.74075478,-90.11115756,22051.0,2007.200116533678,5.49475866835618,8204,8647,477,0,8170,8542,434051,34,0,0,34,105
2020-06-21,US,Louisiana,Jefferson Davis,208,7,0,30.26896765,-92.81210004,22053.0,663.0961489415965,3.3653846153846154,201,203,7,0,196,189,31582,5,0,0,5,14
2020-06-21,US,Louisiana,LaSalle,86,0,0,31.67884782,-92.15907765,22059.0,577.491270480795,0.0,86,86,0,0,86,86,14917,0,0,0,0,0
2020-06-21,US,Louisiana,Lafayette,1396,33,0,30.2049055,-92.06959876,22055.0,571.2181349482386,2.363896848137536,1363,1364,33,0,1331,1310,242782,32,0,0,32,54
2020-06-21,US,Louisiana,Lafourche,1010,83,0,29.52470226,-90.40976986,22057.0,1034.6876472637123,8.217821782178218,927,1005,83,0,922,998,98115,5,0,0,5,7
2020-06-21,US,Louisiana,Lincoln,274,19,0,32.6003154,-92.6659741,22061.0,586.196568396731,6.934306569343065,255,273,19,0,254,269,47196,1,0,0,1,4
2020-06-21,US,Louisiana,Livingston,683,35,0,30.44143993,-90.73061664,22063.0,485.1231275170645,5.124450951683748,648,669,35,0,634,638,139567,14,0,0,14,31
2020-06-21,US,Louisiana,Madison,317,2,0,32.36918118,-91.23973355,22065.0,2894.712811615377,0.6309148264984227,315,308,2,0,306,289,11161,9,0,0,9,19
2020-06-21,US,Louisiana,Morehouse,186,6,0,32.81686191,-91.80421614,22067.0,747.7687545227948,3.2258064516129035,180,182,6,0,176,182,25398,4,0,0,4,0
2020-06-21,US,Louisiana,Natchitoches,192,13,0,31.72321584,-93.09816516,22069.0,503.1710257351014,6.770833333333332,179,192,13,0,179,190,38659,0,0,0,0,2
2020-06-21,US,Louisiana,Orleans,7518,529,0,30.06971951,-89.92660315,22071.0,1926.9808070866143,7.0364458632615055,6989,7491,529,0,6962,7448,391006,27,0,0,27,43
2020-06-21,US,Louisiana,Ouachita,1960,66,0,32.47645559,-92.15704172,22073.0,1278.7139790838928,3.3673469387755097,1894,1927,66,0,1861,1881,154475,33,0,0,33,46
2020-06-21,US,Louisiana,Plaquemines,239,17,0,29.42245447,-89.60322085,22075.0,1030.3056429710741,7.112970711297071,222,237,17,0,220,234,23410,2,0,0,2,3
2020-06-21,US,Louisiana,Pointe Coupee,222,27,0,30.71409502,-91.60209535,22077.0,1021.6290842153703,12.162162162162161,195,222,27,0,195,218,21940,0,0,0,0,4
2020-06-21,US,Louisiana,Rapides,1320,50,0,31.19778499,-92.52997303,22079.0,1018.1414291003332,3.787878787878788,1270,1312,50,0,1262,1290,130562,8,0,0,8,22
2020-06-21,US,Louisiana,Red River,54,8,0,32.09530039,-93.34213308,22081.0,639.6588486140723,14.814814814814815,46,54,8,0,46,54,8477,0,0,0,0,0
2020-06-21,US,Louisiana,Richland,148,3,0,32.41391005,-91.76634876,22083.0,735.5133684524402,2.0270270270270268,145,148,3,0,145,144,20192,0,0,0,0,4
2020-06-21,US,Louisiana,Sabine,61,1,0,31.56388699,-93.55433981,22085.0,255.40110534248868,1.639344262295082,60,60,1,0,59,63,24032,1,0,0,1,-3
2020-06-21,US,Louisiana,St. Bernard,601,23,0,29.87761636,-89.51887093,22087.0,1272.1192109050885,3.826955074875208,578,598,23,0,575,598,46721,3,0,0,3,0
2020-06-21,US,Louisiana,St. Charles,689,46,0,29.90709658,-90.35555967,22089.0,1297.5517890772128,6.6763425253991295,643,688,46,0,642,685,52879,1,0,0,1,3
2020-06-21,US,Louisiana,St. Helena,86,1,0,30.82210324,-90.71013176,22091.0,848.7958941966048,1.162790697674419,85,86,1,0,85,85,10262,0,0,0,0,1
2020-06-21,US,Louisiana,St. James,334,28,0,30.02531716,-90.80212061,22093.0,1583.2385286310198,8.383233532934131,306,333,28,0,305,331,21037,1,0,0,1,2
2020-06-21,US,Louisiana,St. John the Baptist,924,85,0,30.12597499,-90.4753503,22095.0,2157.0137964843475,9.1991341991342,839,919,85,0,834,917,43184,5,0,0,5,2
2020-06-21,US,Louisiana,St. Landry,465,55,0,30.59724262,-92.00135806,22097.0,566.2169402367152,11.827956989247312,410,462,55,0,407,453,82764,3,0,0,3,9
2020-06-21,US,Louisiana,St. Martin,514,28,0,30.13112107,-91.61403569,22099.0,961.9883588179148,5.447470817120624,486,509,28,0,481,483,53621,5,0,0,5,26
2020-06-21,US,Louisiana,St. Mary,384,35,0,29.69262097,-91.44702164,22101.0,778.1470373672691,9.114583333333334,349,378,35,0,343,373,49774,6,0,0,6,5
2020-06-21,US,Louisiana,St. Tammany,2017,170,0,30.40942847,-89.95642711,22103.0,774.5210602912997,8.428358948934061,1847,2003,170,0,1833,1966,258111,14,0,0,14,37
2020-06-21,US,Louisiana,Tangipahoa,1120,42,0,30.62888673,-90.40664996,22105.0,831.119488267858,3.75,1078,1112,42,0,1070,1078,133777,8,0,0,8,34
2020-06-21,US,Louisiana,Tensas,24,0,0,32.00760749,-91.32915234,22107.0,553.7609598523304,0.0,24,24,0,0,24,24,4462,0,0,0,0,0
2020-06-21,US,Louisiana,Terrebonne,848,60,0,29.37343766,-90.82626855,22109.0,767.6917645141724,7.075471698113208,788,839,60,0,779,826,111021,9,0,0,9,13
2020-06-21,US,Louisiana,Unassigned,8,112,0,0.0,0.0,90022.0,0.0,1400.0,-104,8,112,0,-104,3,,0,0,0,0,5
2020-06-21,US,Louisiana,Union,375,20,0,32.83121059,-92.3749373,22111.0,1696.218563415958,5.333333333333333,355,375,20,0,355,372,22330,0,0,0,0,3
2020-06-21,US,Louisiana,Vermilion,130,5,0,29.83517605,-92.30292538,22113.0,218.44700979650818,3.8461538461538463,125,130,5,0,125,121,59830,0,0,0,0,9
2020-06-21,US,Louisiana,Vernon,76,4,0,31.10884837,-93.18153838,22115.0,160.23951590798882,5.2631578947368425,72,74,4,0,70,73,48860,2,0,0,2,1
2020-06-21,US,Louisiana,Washington,581,44,0,30.85288548,-90.03866652,22117.0,1257.7391003160585,7.573149741824441,537,579,44,0,535,570,46582,2,0,0,2,9
2020-06-21,US,Louisiana,Webster,321,9,0,32.70847669,-93.33121835,22119.0,837.2456964006261,2.803738317757009,312,316,9,0,307,311,38798,5,0,0,5,5
2020-06-21,US,Louisiana,West Baton Rouge,234,30,0,30.46058217,-91.30989571,22121.0,884.1866616285662,12.82051282051282,204,232,30,0,202,231,26427,2,0,0,2,1
2020-06-21,US,Louisiana,West Carroll,107,3,0,32.78550125,-91.461201,22123.0,987.9963065558634,2.803738317757009,104,105,3,0,102,103,10982,2,0,0,2,2
2020-06-21,US,Louisiana,West Feliciana,226,14,0,30.87882871,-91.4148538,22125.0,1451.6957862281604,6.1946902654867255,212,226,14,0,212,226,15460,0,0,0,0,0
2020-06-21,US,Louisiana,Winn,226,5,0,31.94449367,-92.63789413,22127.0,1625.4315304948216,2.2123893805309733,221,225,5,0,220,224,14134,1,0,0,1,1
2020-06-21,US,Maine,Androscoggin,452,4,0,44.1664747,-70.20380627,23001.0,417.44784210866567,0.8849557522123894,448,448,4,0,444,445,107679,4,0,0,4,3
2020-06-21,US,Maine,Aroostook,17,1,0,46.65926321,-68.59841248,23003.0,25.352322720155097,5.882352941176472,16,11,1,0,10,11,67111,6,0,0,6,0
2020-06-21,US,Maine,Cumberland,1540,58,0,43.8370751,-70.37226999,23005.0,522.0285895397674,3.7662337662337664,1482,1534,58,0,1476,1516,293557,6,0,0,6,18
2020-06-21,US,Maine,Franklin,38,1,0,44.97330019,-70.44381045,23007.0,125.83198119143015,2.631578947368421,37,38,1,0,37,38,29897,0,0,0,0,0
2020-06-21,US,Maine,Hancock,14,1,0,44.59816444,-68.38401854,23009.0,25.460563405895943,7.142857142857142,13,14,1,0,13,13,54811,0,0,0,0,1
2020-06-21,US,Maine,Kennebec,138,9,0,44.40759555,-69.76738544,23011.0,112.83544013998136,6.521739130434782,129,137,9,0,128,138,122083,1,0,0,1,-1
2020-06-21,US,Maine,Knox,24,1,0,44.11486325,-69.10529169,23013.0,60.34396057527909,4.166666666666667,23,24,1,0,23,23,39771,0,0,0,0,1
2020-06-21,US,Maine,Lincoln,21,0,0,44.05996956,-69.54227124,23015.0,60.63405901715078,0.0,21,21,0,0,21,21,34342,0,0,0,0,0
2020-06-21,US,Maine,Oxford,34,0,0,44.49952995,-70.75682123,23017.0,58.64596808969383,0.0,34,34,0,0,34,34,57618,0,0,0,0,0
2020-06-21,US,Maine,Penobscot,102,2,0,45.40194593,-68.65020455,23019.0,67.03998738070824,1.96078431372549,100,102,2,0,100,102,151096,0,0,0,0,0
2020-06-21,US,Maine,Piscataquis,2,0,0,45.83839062,-69.2860223,23021.0,11.915400655347035,0.0,2,2,0,0,2,1,16800,0,0,0,0,1
2020-06-21,US,Maine,Sagadahoc,30,0,0,43.95415864,-69.85074999,23023.0,83.66800535475234,0.0,30,30,0,0,30,30,35634,0,0,0,0,0
2020-06-21,US,Maine,Somerset,26,0,0,45.51229767,-69.95995554,23025.0,51.50146581095,0.0,26,26,0,0,26,26,50592,0,0,0,0,0
2020-06-21,US,Maine,Unassigned,1,0,0,0.0,0.0,90023.0,0.0,0.0,1,2,0,0,2,1,,-1,0,0,-1,1
2020-06-21,US,Maine,Waldo,55,14,0,44.4858305,-69.12061935,23027.0,138.48671786478658,25.45454545454545,41,55,14,0,41,55,39694,0,0,0,0,0
2020-06-21,US,Maine,Washington,2,0,0,45.01607142,-67.62813524,23029.0,6.373689410115046,0.0,2,2,0,0,2,2,31490,0,0,0,0,0
2020-06-21,US,Maine,York,461,11,0,43.47808377,-70.71052375,23031.0,222.01780958481223,2.386117136659436,450,458,11,0,447,457,206229,3,0,0,3,1
2020-06-21,US,Maryland,Allegany,188,17,0,39.62357628,-78.69280486,24001.0,266.9847761872302,9.04255319148936,171,188,17,0,171,187,70975,0,0,0,0,1
2020-06-21,US,Maryland,Anne Arundel,4904,200,0,39.00670238,-76.60329337,24003.0,846.6353839726261,4.078303425774878,4704,4880,200,0,4680,4862,576031,24,0,0,24,18
2020-06-21,US,Maryland,Baltimore,7537,451,0,39.45784712,-76.62911955,24005.0,910.9588213254046,5.983813188271196,7086,7480,448,0,7032,7403,828431,57,3,0,54,77
2020-06-21,US,Maryland,Baltimore City,7053,313,0,39.30211911,-76.61151012,24510.0,1188.3940757215794,4.437827874663263,6740,6993,313,0,6680,6938,621342,60,0,0,60,55
2020-06-21,US,Maryland,Calvert,394,23,0,38.53961642,-76.56820632,24009.0,425.83085652526336,5.83756345177665,371,393,23,0,370,389,92003,1,0,0,1,4
2020-06-21,US,Maryland,Caroline,294,2,0,38.87172293,-75.82904158,24011.0,880.0814224989522,0.6802721088435374,292,290,2,0,288,288,33304,4,0,0,4,2
2020-06-21,US,Maryland,Carroll,1030,109,0,39.56453592,-77.02373735,24013.0,611.468295665699,10.58252427184466,921,1028,109,0,919,1028,168429,2,0,0,2,0
2020-06-21,US,Maryland,Cecil,460,29,0,39.56647682,-75.94627411,24015.0,447.23153954596285,6.304347826086956,431,460,29,0,431,459,102826,0,0,0,0,1
2020-06-21,US,Maryland,Charles,1313,86,0,38.51092331,-76.98580666,24017.0,804.2534163925591,6.549885757806551,1227,1304,86,0,1218,1294,161503,9,0,0,9,10
2020-06-21,US,Maryland,Dorchester,183,4,0,38.45413522,-76.02752426,24019.0,573.1466691722259,2.1857923497267757,179,180,4,0,176,174,31998,3,0,0,3,6
2020-06-21,US,Maryland,Frederick,2393,116,0,39.47296601,-77.39999394,24021.0,921.9910074090628,4.8474717927287925,2277,2380,116,0,2264,2361,255648,13,0,0,13,19
2020-06-21,US,Maryland,Garrett,10,0,0,39.52786077,-79.27355126,24023.0,34.46611980423244,0.0,10,10,0,0,10,10,29163,0,0,0,0,0
2020-06-21,US,Maryland,Harford,1056,61,0,39.55010644,-76.30775940000002,24025.0,413.4027035597262,5.776515151515151,995,1052,61,0,991,1041,253956,4,0,0,4,11
2020-06-21,US,Maryland,Howard,2423,80,0,39.25305293,-76.93126208,24027.0,743.9589793975866,3.3016921172100697,2343,2409,80,0,2329,2382,323196,14,0,0,14,27
2020-06-21,US,Maryland,Kent,193,23,0,39.24976208,-76.04741541,24029.0,993.7184635979816,11.917098445595856,170,193,23,0,170,193,19383,0,0,0,0,0
2020-06-21,US,Maryland,Montgomery,14079,720,0,39.13676329,-77.20358245,24031.0,1339.979137479442,5.113999573833369,13359,14004,714,0,13290,13928,1052567,75,6,0,69,76
2020-06-21,US,Maryland,Prince George's,17874,659,0,38.83070039,-76.8496441,24033.0,1965.6295260120944,3.686919547946738,17215,17804,658,0,17146,17709,909308,70,1,0,69,95
2020-06-21,US,Maryland,Queen Anne's,205,14,0,39.06198912,-76.03530977,24035.0,406.89942637105264,6.829268292682928,191,204,14,0,190,203,50251,1,0,0,1,1
2020-06-21,US,Maryland,Somerset,83,3,0,38.1163542,-75.75118623,24039.0,324.0162398500937,3.614457831325301,80,83,3,0,80,83,25675,0,0,0,0,0
2020-06-21,US,Maryland,St. Mary's,602,45,0,38.30058422,-76.60629279999998,24037.0,530.3497489207998,7.4750830564784065,557,597,44,0,553,599,112664,5,1,0,4,-2
2020-06-21,US,Maryland,Talbot,115,4,0,38.76618159,-76.10882561,24041.0,309.29775960840215,3.4782608695652173,111,113,4,0,109,113,36968,2,0,0,2,0
2020-06-21,US,Maryland,Unassigned,0,28,0,0.0,0.0,90024.0,0.0,0.0,-28,0,25,0,-25,0,,0,3,0,-3,0
2020-06-21,US,Maryland,Washington,603,25,0,39.60835778,-77.82002295,24043.0,399.20820396030433,4.1459369817578775,578,602,25,0,577,601,150926,1,0,0,1,1
2020-06-21,US,Maryland,Wicomico,1043,37,0,38.37301947,-75.62705831,24045.0,1006.6693047901243,3.5474592521572386,1006,1039,37,0,1002,1036,103195,4,0,0,4,3
2020-06-21,US,Maryland,Worcester,271,17,0,38.21274277,-75.33200012,24047.0,518.4023261152345,6.2730627306273075,254,270,17,0,253,267,51823,1,0,0,1,3
2020-06-21,US,Massachusetts,Barnstable,1515,137,0,41.72980578,-70.28854339,25001.0,711.3010000469505,9.042904290429043,1378,1513,136,0,1377,1508,213413,2,1,0,1,5
2020-06-21,US,Massachusetts,Berkshire,590,44,0,42.37428441,-73.20524838,25003.0,472.21155077474714,7.4576271186440675,546,586,44,0,542,585,126348,4,0,0,4,1
2020-06-21,US,Massachusetts,Bristol,8035,542,0,41.79228404,-71.10872211,25005.0,1421.5779072462435,6.745488487865588,7493,8028,539,0,7489,8002,564022,7,3,0,4,26
2020-06-21,US,Massachusetts,Dukes and Nantucket,57,0,0,41.40674725,-70.68763497,0.0,198.39198078730288,0.0,57,57,0,0,57,57,26707,0,0,0,0,0
2020-06-21,US,Massachusetts,Essex,15829,1076,0,42.6687626,-70.94687179,25009.0,2006.123943961857,6.797649883125907,14753,15817,1071,0,14746,15778,790638,12,5,0,7,39
2020-06-21,US,Massachusetts,Franklin,358,53,0,42.58119713,-72.58602547,25011.0,510.11684240524363,14.804469273743017,305,358,53,0,305,357,70963,0,0,0,0,1
2020-06-21,US,Massachusetts,Hampden,6598,648,0,42.13440424,-72.63235561,25013.0,1414.7504567169556,9.821157926644435,5950,6584,648,0,5936,6556,470406,14,0,0,14,28
2020-06-21,US,Massachusetts,Hampshire,944,107,0,42.33997957,-72.65898478,25015.0,586.9551700553379,11.334745762711865,837,943,106,0,837,941,161355,1,1,0,0,2
2020-06-21,US,Massachusetts,Middlesex,23574,1807,0,42.48607732,-71.39049229,25017.0,1462.6800661910197,7.66522439976245,21767,23544,1801,0,21743,23464,1614714,30,6,0,24,80
2020-06-21,US,Massachusetts,Norfolk,8994,912,0,42.16073095,-71.20530408,25021.0,1272.5407661561314,10.140093395597065,8082,8983,908,0,8075,8962,705388,11,4,0,7,21
2020-06-21,US,Massachusetts,Plymouth,8583,643,0,41.94070556,-70.80802823,25023.0,1646.7703500754026,7.491553070022137,7940,8576,641,0,7935,8566,518132,7,2,0,5,10
2020-06-21,US,Massachusetts,Suffolk,19551,978,0,42.3279514,-71.07850442,25025.0,2431.997731080834,5.002301672548718,18573,19528,973,0,18555,19493,807252,23,5,0,18,35
2020-06-21,US,Massachusetts,Unassigned,303,10,0,0.0,0.0,90025.0,0.0,3.3003300330033003,293,297,10,0,287,296,,6,0,0,6,1
2020-06-21,US,Massachusetts,Worcester,12130,900,0,42.35026951,-71.90493363,25027.0,1460.3513993128042,7.41962077493817,11230,12122,897,0,11225,12085,830839,8,3,0,5,37
2020-06-21,US,Michigan,Alcona,21,1,0,44.6846864,-83.59507875,26001.0,201.8260451705911,4.761904761904762,20,21,1,0,20,21,10362,0,0,0,0,0
2020-06-21,US,Michigan,Alger,2,0,0,46.41292944,-86.60260122,26003.0,21.95871761089152,0.0,2,2,0,0,2,2,9097,0,0,0,0,0
2020-06-21,US,Michigan,Allegan,299,6,0,42.59147037,-85.89102866,26005.0,253.2160127370195,2.0066889632107023,293,297,6,0,291,292,117327,2,0,0,2,5
2020-06-21,US,Michigan,Alpena,115,11,0,45.03477666,-83.62212411,26007.0,404.85829959514166,9.565217391304348,104,115,11,0,104,115,28360,0,0,0,0,0
2020-06-21,US,Michigan,Antrim,16,0,0,44.99690221,-85.15503082,26009.0,68.59886811867604,0.0,16,16,0,0,16,14,23365,0,0,0,0,2
2020-06-21,US,Michigan,Arenac,38,2,0,44.0636262,-83.89277559,26011.0,255.32486729825973,5.2631578947368425,36,38,2,0,36,38,15041,0,0,0,0,0
2020-06-21,US,Michigan,Baraga,1,0,0,46.6720582,-88.36363591,26013.0,12.181751735899622,0.0,1,1,0,0,1,1,8320,0,0,0,0,0
2020-06-21,US,Michigan,Barry,94,2,0,42.59513984,-85.30834519,26015.0,152.72136474411047,2.127659574468085,92,93,2,0,91,94,61157,1,0,0,1,-1
2020-06-21,US,Michigan,Bay,378,29,0,43.70639106,-83.98731479,26017.0,366.5419001997556,7.6719576719576725,349,378,29,0,349,379,103923,0,0,0,0,-1
2020-06-21,US,Michigan,Benzie,5,0,0,44.63899297,-86.01608482,26019.0,28.14364516492176,0.0,5,5,0,0,5,5,17753,0,0,0,0,0
2020-06-21,US,Michigan,Berrien,852,60,0,41.95447397,-86.41313079999998,26021.0,555.4070703580811,7.042253521126762,792,852,60,0,792,848,154141,0,0,0,0,4
2020-06-21,US,Michigan,Branch,250,2,0,41.91600556,-85.05929476,26023.0,574.488131075212,0.8,248,250,2,0,248,247,43622,0,0,0,0,3
2020-06-21,US,Michigan,Calhoun,504,31,0,42.24633834,-85.00493569,26025.0,375.67364097824236,6.150793650793651,473,503,30,0,473,503,134487,1,1,0,0,0
2020-06-21,US,Michigan,Cass,122,4,0,41.91522292,-85.99405727,26027.0,235.58035800490467,3.278688524590164,118,121,4,0,117,119,51653,1,0,0,1,2
2020-06-21,US,Michigan,Charlevoix,22,2,0,45.37790017,-85.19614053,26029.0,84.15254561450485,9.090909090909092,20,22,2,0,20,22,26244,0,0,0,0,0
2020-06-21,US,Michigan,Cheboygan,26,2,0,45.44787015,-84.50122149,26031.0,102.86437727488527,7.6923076923076925,24,26,2,0,24,26,25413,0,0,0,0,0
2020-06-21,US,Michigan,Chippewa,3,0,0,46.29552653,-84.54353449,26033.0,8.032343570108972,0.0,3,3,0,0,3,3,37517,0,0,0,0,0
2020-06-21,US,Michigan,Clare,27,2,0,43.98794227,-84.84819859999998,26035.0,87.23747980613894,7.407407407407407,25,26,2,0,24,26,30757,1,0,0,1,0
2020-06-21,US,Michigan,Clinton,201,11,0,42.94400871,-84.60145248,26037.0,252.52842515233368,5.472636815920398,190,199,11,0,188,195,79332,2,0,0,2,4
2020-06-21,US,Michigan,Crawford,66,5,0,44.68255561,-84.61006219,26039.0,470.45405944828565,7.575757575757576,61,66,5,0,61,66,13901,0,0,0,0,0
2020-06-21,US,Michigan,Delta,21,2,0,45.90484910000001,-86.9080745,26041.0,58.685446009389665,9.523809523809524,19,21,2,0,19,21,35857,0,0,0,0,0
2020-06-21,US,Michigan,Dickinson,7,2,0,46.00999672,-87.86961634,26043.0,27.734854788224567,28.57142857142857,5,7,2,0,5,7,25383,0,0,0,0,0
2020-06-21,US,Michigan,Eaton,269,7,0,42.59599185,-84.83740035,26045.0,243.95110095403928,2.6022304832713754,262,267,7,0,260,265,109826,2,0,0,2,2
2020-06-21,US,Michigan,Emmet,26,2,0,45.52625509,-84.89083249,26047.0,77.80936705072574,7.6923076923076925,24,26,2,0,24,26,33308,0,0,0,0,0
2020-06-21,US,Michigan,Federal Correctional Institution (FCI),168,5,0,0.0,0.0,0.0,0.0,2.9761904761904763,163,168,5,0,163,168,,0,0,0,0,0
2020-06-21,US,Michigan,Genesee,2631,284,0,43.02244215,-83.70589709,26049.0,648.3281708570204,10.794374762447738,2347,2625,284,0,2341,2619,406892,6,0,0,6,6
2020-06-21,US,Michigan,Gladwin,23,1,0,43.98901072,-84.38774817,26051.0,90.37683209556369,4.3478260869565215,22,23,1,0,22,23,25337,0,0,0,0,0
2020-06-21,US,Michigan,Gogebic,6,1,0,46.40862701,-89.69377193,26053.0,42.933810375670845,16.666666666666668,5,6,1,0,5,6,15096,0,0,0,0,0
2020-06-21,US,Michigan,Grand Traverse,38,5,0,44.69565625,-85.55585247,26055.0,40.82158817463045,13.157894736842106,33,38,5,0,33,38,92573,0,0,0,0,0
2020-06-21,US,Michigan,Gratiot,93,13,0,43.29265605,-84.60505416,26057.0,228.4394880990396,13.978494623655912,80,93,13,0,80,92,40599,0,0,0,0,1
2020-06-21,US,Michigan,Hillsdale,183,25,0,41.88753639,-84.59312019,26059.0,401.27179037386253,13.661202185792352,158,183,25,0,158,183,45749,0,0,0,0,0
2020-06-21,US,Michigan,Houghton,9,0,0,46.89988536,-88.68495385,26061.0,25.22138773680081,0.0,9,9,0,0,9,8,36219,0,0,0,0,1
2020-06-21,US,Michigan,Huron,63,1,0,43.83353985,-83.04078453,26063.0,203.35044059262128,1.5873015873015872,62,60,1,0,59,60,31166,3,0,0,3,0
2020-06-21,US,Michigan,Ingham,845,29,0,42.59716886,-84.37472069,26065.0,288.98175824025503,3.4319526627218937,816,837,29,0,808,831,292735,8,0,0,8,6
2020-06-21,US,Michigan,Ionia,190,4,0,42.94502238,-85.07413319,26067.0,293.6766774348115,2.1052631578947367,186,190,4,0,186,188,64210,0,0,0,0,2
2020-06-21,US,Michigan,Iosco,111,10,0,44.35486835,-83.63484895,26069.0,441.7558801289449,9.00900900900901,101,111,10,0,101,111,25081,0,0,0,0,0
2020-06-21,US,Michigan,Iron,4,0,0,46.20974132,-88.53136251,26071.0,36.146755828664375,0.0,4,4,0,0,4,4,11117,0,0,0,0,0
2020-06-21,US,Michigan,Isabella,112,8,0,43.64060976,-84.84664923,26073.0,160.29310739638194,7.142857142857142,104,109,8,0,101,106,70562,3,0,0,3,3
2020-06-21,US,Michigan,Jackson,489,30,0,42.24807035,-84.42258681,26075.0,308.4978865686708,6.1349693251533735,459,489,30,0,459,488,158823,0,0,0,0,1
2020-06-21,US,Michigan,Kalamazoo,996,65,0,42.24542231,-85.53038622,26077.0,375.75547222201277,6.526104417670683,931,995,65,0,930,984,264870,1,0,0,1,11
2020-06-21,US,Michigan,Kalkaska,30,2,0,44.68512729,-85.09085699,26079.0,166.3155560483424,6.666666666666668,28,30,2,0,28,30,17824,0,0,0,0,0
2020-06-21,US,Michigan,Kent,4590,124,0,43.03197711,-85.54934642,26081.0,698.6779916432632,2.701525054466231,4466,4575,123,0,4452,4551,653786,15,1,0,14,24
2020-06-21,US,Michigan,Keweenaw,1,0,0,47.63197653,-88.41434263,26083.0,47.25897920604915,0.0,1,1,0,0,1,1,2113,0,0,0,0,0
2020-06-21,US,Michigan,Lake,7,0,0,43.99050893,-85.802173,26085.0,59.05677887454653,0.0,7,7,0,0,7,7,11881,0,0,0,0,0
2020-06-21,US,Michigan,Lapeer,244,31,0,43.09052506,-83.22153148,26087.0,278.5165568961384,12.704918032786884,213,244,31,0,213,243,88028,0,0,0,0,1
2020-06-21,US,Michigan,Leelanau,12,0,0,44.94430054,-85.80150326,26089.0,55.144524608244105,0.0,12,12,0,0,12,12,21764,0,0,0,0,0
2020-06-21,US,Michigan,Lenawee,199,6,0,41.89475156,-84.06603727,26091.0,202.13100933459285,3.0150753768844223,193,198,6,0,192,199,98266,1,0,0,1,-1
2020-06-21,US,Michigan,Livingston,539,28,0,42.60302282,-83.91297209,26093.0,280.7364775124352,5.194805194805196,511,535,28,0,507,534,191224,4,0,0,4,1
2020-06-21,US,Michigan,Luce,3,0,0,46.47227431,-85.54471223,26095.0,48.16182372772515,0.0,3,3,0,0,3,3,6283,0,0,0,0,0
2020-06-21,US,Michigan,Mackinac,8,0,0,46.07028979,-85.04980537,26097.0,74.0809334197611,0.0,8,8,0,0,8,8,10787,0,0,0,0,0
2020-06-21,US,Michigan,Macomb,7152,899,0,42.69158356,-82.92752801,26099.0,818.3328527687386,12.569910514541387,6253,7146,899,0,6247,7123,874759,6,0,0,6,23
2020-06-21,US,Michigan,Manistee,15,0,0,44.33352407,-86.05626916,26101.0,61.0798924993892,0.0,15,15,0,0,15,14,24528,0,0,0,0,1
2020-06-21,US,Michigan,Marquette,62,11,0,46.4338914,-87.64043701,26103.0,92.95491686532031,17.741935483870968,51,61,11,0,50,61,66516,1,0,0,1,0
2020-06-21,US,Michigan,Mason,41,0,0,43.99509218,-86.24988902,26105.0,140.68075761734838,0.0,41,41,0,0,41,40,29100,0,0,0,0,1
2020-06-21,US,Michigan,Mecosta,29,2,0,43.64064262,-85.32463223,26107.0,66.7387752284077,6.896551724137932,27,28,2,0,26,27,43545,1,0,0,1,1
2020-06-21,US,Michigan,Menominee,9,0,0,45.58038692,-87.55370409,26109.0,39.50834064969271,0.0,9,9,0,0,9,9,22983,0,0,0,0,0
2020-06-21,US,Michigan,Michigan Department of Corrections (MDOC),4083,68,0,0.0,0.0,0.0,0.0,1.6654420769042366,4015,4085,68,0,4017,4078,,-2,0,0,-2,7
2020-06-21,US,Michigan,Midland,159,9,0,43.64330771,-84.38804374,26111.0,191.20688825821347,5.660377358490566,150,158,9,0,149,156,83209,1,0,0,1,2
2020-06-21,US,Michigan,Missaukee,24,1,0,44.33772443,-85.09256478,26113.0,158.75115756052386,4.166666666666667,23,24,1,0,23,24,15113,0,0,0,0,0
2020-06-21,US,Michigan,Monroe,576,21,0,41.92734151,-83.53749864,26115.0,382.7242524916944,3.6458333333333335,555,576,21,0,555,575,150439,0,0,0,0,1
2020-06-21,US,Michigan,Montcalm,83,1,0,43.31082541,-85.15252824,26117.0,129.91485098923116,1.2048192771084338,82,83,1,0,82,81,63968,0,0,0,0,2
2020-06-21,US,Michigan,Montmorency,5,0,0,45.0275929,-84.12696227,26119.0,53.60205831903945,0.0,5,5,0,0,5,5,9265,0,0,0,0,0
2020-06-21,US,Michigan,Muskegon,784,49,0,43.29123859,-86.15176712,26121.0,451.7013700840025,6.25,735,775,49,0,726,768,173588,9,0,0,9,7
2020-06-21,US,Michigan,Newaygo,139,0,0,43.554374,-85.80070107,26123.0,283.78930175581866,0.0,139,134,0,0,134,131,48892,5,0,0,5,3
2020-06-21,US,Michigan,Oakland,11685,1077,0,42.66090111,-83.38595416,26125.0,929.1625847657097,9.216944801026957,10608,11667,1076,0,10591,11485,1259201,18,1,0,17,182
2020-06-21,US,Michigan,Oceana,176,3,0,43.64124435,-86.26726673,26127.0,664.9790304907999,1.7045454545454546,173,173,3,0,170,163,26625,3,0,0,3,10
2020-06-21,US,Michigan,Ogemaw,32,2,0,44.33481032,-84.12725175,26129.0,152.40272419869504,6.25,30,32,2,0,30,32,20952,0,0,0,0,0
2020-06-21,US,Michigan,Osceola,27,0,0,43.98992088,-85.32566756,26133.0,115.08951406649616,0.0,27,27,0,0,27,25,23341,0,0,0,0,2
2020-06-21,US,Michigan,Oscoda,9,1,0,44.68192279,-84.12939244,26135.0,109.21004732435385,11.111111111111109,8,9,1,0,8,9,8276,0,0,0,0,0
2020-06-21,US,Michigan,Otsego,121,10,0,45.02085831,-84.59898295,26137.0,490.51402626885033,8.264462809917353,111,121,10,0,111,120,24665,0,0,0,0,1
2020-06-21,US,Michigan,Ottawa,965,51,0,42.95996803,-85.9969107,26139.0,330.6719665558716,5.284974093264249,914,961,51,0,910,951,290494,4,0,0,4,10
2020-06-21,US,Michigan,Out of MI,53,0,0,0.0,0.0,80026.0,0.0,0.0,53,51,0,0,51,41,,2,0,0,2,10
2020-06-21,US,Michigan,Presque Isle,12,0,0,45.34018577,-83.91498656,26141.0,95.29860228716646,0.0,12,12,0,0,12,12,12738,0,0,0,0,0
2020-06-21,US,Michigan,Roscommon,26,0,0,44.33473082,-84.61067651,26143.0,108.2476372871477,0.0,26,26,0,0,26,26,23884,0,0,0,0,0
2020-06-21,US,Michigan,Saginaw,1193,120,0,43.33433923,-84.05131209999998,26145.0,626.1185374122883,10.05867560771165,1073,1189,120,0,1069,1182,190800,4,0,0,4,7
2020-06-21,US,Michigan,Sanilac,43,6,0,43.42406072,-82.82055898,26151.0,104.44498421180471,13.953488372093025,37,43,6,0,37,43,41182,0,0,0,0,0
2020-06-21,US,Michigan,Schoolcraft,4,0,0,46.19235734,-86.19972234,26153.0,49.419322955275504,0.0,4,4,0,0,4,4,8068,0,0,0,0,0
2020-06-21,US,Michigan,Shiawassee,265,27,0,42.95392800000001,-84.14585902,26155.0,389.0079563136725,10.18867924528302,238,265,27,0,238,265,68192,0,0,0,0,0
2020-06-21,US,Michigan,St. Clair,525,48,0,42.92655373,-82.67937954,26147.0,329.9230807903072,9.142857142857142,477,525,48,0,477,524,159337,0,0,0,0,1
2020-06-21,US,Michigan,St. Joseph,219,3,0,41.91441767,-85.52797979,26149.0,359.22839708680533,1.3698630136986298,216,215,3,0,212,210,61043,4,0,0,4,5
2020-06-21,US,Michigan,Tuscola,246,26,0,43.46606813,-83.41897025,26157.0,470.8584553545794,10.56910569105691,220,246,26,0,220,246,52516,0,0,0,0,0
2020-06-21,US,Michigan,Unassigned,2,0,0,0.0,0.0,90026.0,0.0,0.0,2,1,0,0,1,5,,1,0,0,1,-4
2020-06-21,US,Michigan,Van Buren,216,7,0,42.25190229,-86.01939087,26159.0,285.42357651598235,3.2407407407407414,209,215,7,0,208,213,75448,1,0,0,1,2
2020-06-21,US,Michigan,Washtenaw,1615,103,0,42.253105,-83.83853204,26161.0,439.3350398937979,6.377708978328173,1512,1612,103,0,1509,1604,370963,3,0,0,3,8
2020-06-21,US,Michigan,Wayne,22139,2687,0,42.28098405,-83.281255,26163.0,1265.5608419846765,12.136952888567686,19452,22085,2687,0,19398,21995,1753893,54,0,0,54,90
2020-06-21,US,Michigan,Wexford,18,3,0,44.33853602,-85.57712739,26165.0,53.52204811037436,16.666666666666668,15,18,3,0,15,18,33466,0,0,0,0,0
2020-06-21,US,Minnesota,Aitkin,13,0,0,46.60962049,-93.4116826,27001.0,81.83306055646482,0.0,13,13,0,0,13,13,15902,0,0,0,0,0
2020-06-21,US,Minnesota,Anoka,1894,102,0,45.27476015,-93.24604565,27003.0,530.6496395560922,5.385427666314678,1792,1867,99,0,1768,1836,353813,27,3,0,24,31
2020-06-21,US,Minnesota,Becker,49,0,0,46.93479392,-95.67158144,27005.0,142.34668680823867,0.0,49,50,0,0,50,48,34371,-1,0,0,-1,2
2020-06-21,US,Minnesota,Beltrami,25,0,0,47.97373527,-94.93732139,27007.0,52.979571077392556,0.0,25,24,0,0,24,23,46847,1,0,0,1,1
2020-06-21,US,Minnesota,Benton,201,3,0,45.69804958,-93.99514135,27009.0,491.57475115556747,1.492537313432836,198,201,3,0,198,200,40545,0,0,0,0,1
2020-06-21,US,Minnesota,Big Stone,14,0,0,45.42712824,-96.41403739,27011.0,280.50490883590464,0.0,14,14,0,0,14,14,4989,0,0,0,0,0
2020-06-21,US,Minnesota,Blue Earth,214,2,0,44.03554215,-94.06699781,27013.0,316.32004493518394,0.9345794392523364,212,191,2,0,189,174,67427,23,0,0,23,17
2020-06-21,US,Minnesota,Brown,21,2,0,44.24205652,-94.72562874,27015.0,83.97312859884836,9.523809523809524,19,22,2,0,20,21,25111,-1,0,0,-1,1
2020-06-21,US,Minnesota,Carlton,81,0,0,46.59180601,-92.67601019,27017.0,225.8091494522037,0.0,81,81,0,0,81,81,35837,0,0,0,0,0
2020-06-21,US,Minnesota,Carver,294,1,0,44.82017001,-93.8009918,27019.0,279.76286766455104,0.3401360544217687,293,293,1,0,292,287,103551,1,0,0,1,6
2020-06-21,US,Minnesota,Cass,12,2,0,46.95043611,-94.32603968,27021.0,40.296853487356856,16.666666666666668,10,12,2,0,10,12,29519,0,0,0,0,0
2020-06-21,US,Minnesota,Chippewa,66,1,0,45.02343421,-95.56403693,27023.0,559.3220338983051,1.5151515151515151,65,66,1,0,65,64,11924,0,0,0,0,2
2020-06-21,US,Minnesota,Chisago,87,1,0,45.5021011,-92.90861945,27025.0,153.76729882111738,1.1494252873563218,86,83,1,0,82,82,55922,4,0,0,4,1
2020-06-21,US,Minnesota,Clay,526,37,0,46.89289518,-96.48761922,27027.0,819.0339758961104,7.034220532319393,489,522,37,0,485,521,63955,4,0,0,4,1
2020-06-21,US,Minnesota,Clearwater,6,0,0,47.57992111,-95.37790562,27029.0,68.04264005443412,0.0,6,6,0,0,6,6,8810,0,0,0,0,0
2020-06-21,US,Minnesota,Cook,1,0,0,47.90504893,-90.52629546,27031.0,18.304960644334614,0.0,1,1,0,0,1,1,5393,0,0,0,0,0
2020-06-21,US,Minnesota,Cottonwood,121,0,0,44.00715262,-95.18138802,27033.0,1080.7431225437656,0.0,121,121,0,0,121,118,11277,0,0,0,0,3
2020-06-21,US,Minnesota,Crow Wing,94,11,0,46.48096553,-94.06755609,27035.0,144.49312120513412,11.702127659574465,83,93,11,0,82,92,64889,1,0,0,1,1
2020-06-21,US,Minnesota,Dakota,1915,82,0,44.67172617,-93.06299363,27037.0,446.3650963472651,4.2819843342036545,1833,1878,81,0,1797,1847,425423,37,1,0,36,31
2020-06-21,US,Minnesota,Dodge,65,0,0,44.02238415,-92.86244324,27039.0,310.49966561574473,0.0,65,63,0,0,63,62,20822,2,0,0,2,1
2020-06-21,US,Minnesota,Douglas,54,0,0,45.93348491,-95.45335469,27041.0,141.57992711255605,0.0,54,54,0,0,54,53,37964,0,0,0,0,1
2020-06-21,US,Minnesota,Faribault,33,0,0,43.67381499,-93.94787458,27043.0,241.70511975390025,0.0,33,31,0,0,31,30,13758,2,0,0,2,1
2020-06-21,US,Minnesota,Fillmore,23,1,0,43.67394126,-92.08980382,27045.0,109.17548772962454,4.3478260869565215,22,21,1,0,20,21,21058,2,0,0,2,0
2020-06-21,US,Minnesota,Freeborn,251,0,0,43.67385583,-93.34884422,27047.0,828.9026121990688,0.0,251,245,0,0,245,243,30444,6,0,0,6,2
2020-06-21,US,Minnesota,Goodhue,105,7,0,44.40849741,-92.7234195,27049.0,226.5861027190332,6.666666666666668,98,102,7,0,95,101,46403,3,0,0,3,1
2020-06-21,US,Minnesota,Grant,6,0,0,45.93424769,-96.01139609,27051.0,100.46885465505692,0.0,6,6,0,0,6,6,6021,0,0,0,0,0
2020-06-21,US,Minnesota,Hennepin,10830,747,0,45.00761521,-93.47694895,27053.0,855.5563367653018,6.8975069252077565,10083,10705,744,0,9961,10607,1259428,125,3,0,122,98
2020-06-21,US,Minnesota,Houston,13,0,0,43.67129565,-91.49143057,27055.0,69.89247311827957,0.0,13,10,0,0,10,7,18578,3,0,0,3,3
2020-06-21,US,Minnesota,Hubbard,5,0,0,47.10778564,-94.91693868,27057.0,23.265553022195334,0.0,5,5,0,0,5,5,21332,0,0,0,0,0
2020-06-21,US,Minnesota,Isanti,55,0,0,45.56181234,-93.29487636,27059.0,135.48132820967584,0.0,55,53,0,0,53,52,39966,2,0,0,2,1
2020-06-21,US,Minnesota,Itasca,59,12,0,47.51009045,-93.63092229,27061.0,130.73343673831155,20.338983050847453,47,59,12,0,47,59,45108,0,0,0,0,0
2020-06-21,US,Minnesota,Jackson,52,0,0,43.67423373,-95.15398258,27063.0,528.1332520820638,0.0,52,50,0,0,50,50,9911,2,0,0,2,0
2020-06-21,US,Minnesota,Kanabec,13,1,0,45.9459309,-93.29275192,27065.0,79.57397318969211,7.6923076923076925,12,13,1,0,12,13,16207,0,0,0,0,0
2020-06-21,US,Minnesota,Kandiyohi,560,1,0,45.1526059,-95.00586446,27067.0,1296.326303849626,0.17857142857142858,559,560,1,0,559,554,42855,0,0,0,0,6
2020-06-21,US,Minnesota,Kittson,1,0,0,48.77754106,-96.78317184,27069.0,23.266635644485806,0.0,1,1,0,0,1,1,4248,0,0,0,0,0
2020-06-21,US,Minnesota,Koochiching,9,0,0,48.24539665,-93.78352843,27071.0,73.59555155777251,0.0,9,9,0,0,9,9,12440,0,0,0,0,0
2020-06-21,US,Minnesota,Lac qui Parle,4,0,0,44.9973857,-96.17488219,27073.0,60.3955911218481,0.0,4,4,0,0,4,4,6658,0,0,0,0,0
2020-06-21,US,Minnesota,Lake,4,0,0,47.64270764,-91.44557998,27075.0,37.590452025185606,0.0,4,4,0,0,4,4,10658,0,0,0,0,0
2020-06-21,US,Minnesota,Le Sueur,62,1,0,44.37136597,-93.72844721,27079.0,214.62941807733586,1.6129032258064515,61,57,1,0,56,54,28494,5,0,0,5,3
2020-06-21,US,Minnesota,Lincoln,6,0,0,44.41311883,-96.26688165,27081.0,106.40184429863451,0.0,6,6,0,0,6,6,5673,0,0,0,0,0
2020-06-21,US,Minnesota,Lyon,274,2,0,44.41327865,-95.83806103,27083.0,1075.6065007458583,0.7299270072992701,272,270,2,0,268,258,25629,4,0,0,4,12
2020-06-21,US,Minnesota,Mahnomen,6,1,0,47.32557075,-95.80921485,27087.0,108.5579880586213,16.666666666666668,5,6,1,0,5,6,5519,0,0,0,0,0
2020-06-21,US,Minnesota,Marshall,12,0,0,48.35825983,-96.37017407,27089.0,128.53470437017995,0.0,12,12,0,0,12,12,9390,0,0,0,0,0
2020-06-21,US,Minnesota,Martin,148,5,0,43.67429718,-94.55099908,27091.0,751.9178986943048,3.3783783783783785,143,147,5,0,142,147,19785,1,0,0,1,0
2020-06-21,US,Minnesota,McLeod,67,0,0,44.82367677,-94.27287017,27085.0,186.6659237177165,0.0,67,66,0,0,66,64,35873,1,0,0,1,2
2020-06-21,US,Minnesota,Meeker,51,1,0,45.12328869,-94.52839455,27093.0,219.6193265007321,1.96078431372549,50,51,1,0,50,51,23141,0,0,0,0,0
2020-06-21,US,Minnesota,Mille Lacs,30,1,0,45.93705297,-93.63236823,27095.0,114.16828405069073,3.333333333333333,29,29,1,0,28,29,26139,1,0,0,1,0
2020-06-21,US,Minnesota,Morrison,55,1,0,46.01265363,-94.27341528,27097.0,164.73971125621514,1.818181818181818,54,54,1,0,53,54,33169,1,0,0,1,0
2020-06-21,US,Minnesota,Mower,797,2,0,43.67142874,-92.75234549,27099.0,1989.416404572912,0.25094102885821834,795,784,2,0,782,755,40011,13,0,0,13,29
2020-06-21,US,Minnesota,Murray,47,0,0,44.02216709,-95.76328482,27101.0,573.5904320234317,0.0,47,47,0,0,47,47,8276,0,0,0,0,0
2020-06-21,US,Minnesota,Nicollet,108,12,0,44.35291112,-94.24710352,27103.0,315.107661784443,11.111111111111109,96,107,12,0,95,105,34220,1,0,0,1,2
2020-06-21,US,Minnesota,Nobles,1631,6,0,43.67434621,-95.75329576,27105.0,7540.801701419391,0.3678724708767627,1625,1630,6,0,1624,1628,21924,1,0,0,1,2
2020-06-21,US,Minnesota,Norman,18,0,0,47.32628443,-96.45620947,27107.0,282.35294117647067,0.0,18,18,0,0,18,18,6475,0,0,0,0,0
2020-06-21,US,Minnesota,Olmsted,903,14,0,44.00374114,-92.40209944,27109.0,570.4611069346087,1.5503875968992251,889,869,14,0,855,846,156277,34,0,0,34,23
2020-06-21,US,Minnesota,Otter Tail,85,1,0,46.40846929,-95.70835255,27111.0,144.69070234569162,1.1764705882352942,84,85,1,0,84,83,58812,0,0,0,0,2
2020-06-21,US,Minnesota,Pennington,50,0,0,48.06642577,-96.0370814,27113.0,354.1327289468092,0.0,50,50,0,0,50,50,14178,0,0,0,0,0
2020-06-21,US,Minnesota,Pine,97,0,0,46.12105238,-92.74070188,27115.0,327.9353595456236,0.0,97,96,0,0,96,96,29483,1,0,0,1,0
2020-06-21,US,Minnesota,Pipestone,14,0,0,44.02301619,-96.25841142,27117.0,153.40784571553803,0.0,14,14,0,0,14,14,9047,0,0,0,0,0
2020-06-21,US,Minnesota,Polk,72,2,0,47.77372465,-96.40134647,27119.0,229.56255579645455,2.7777777777777777,70,71,2,0,69,67,31529,1,0,0,1,4
2020-06-21,US,Minnesota,Pope,10,0,0,45.58606667,-95.44451209,27121.0,88.8967908258512,0.0,10,10,0,0,10,10,11097,0,0,0,0,0
2020-06-21,US,Minnesota,Ramsey,4306,210,0,45.01625271,-93.09872295,27123.0,782.4524232220831,4.876915931258709,4096,4244,209,0,4035,4180,550210,62,1,0,61,64
2020-06-21,US,Minnesota,Red Lake,3,0,0,47.87197525,-96.09561104,27125.0,73.98273736128236,0.0,3,3,0,0,3,3,3999,0,0,0,0,0
2020-06-21,US,Minnesota,Redwood,12,0,0,44.40555844,-95.25207021,27127.0,79.10349373764008,0.0,12,12,0,0,12,12,15249,0,0,0,0,0
2020-06-21,US,Minnesota,Renville,12,1,0,44.72836381,-94.94553734,27129.0,82.48556502612044,8.333333333333334,11,12,1,0,11,12,14612,0,0,0,0,0
2020-06-21,US,Minnesota,Rice,748,4,0,44.3543376,-93.29658715,27131.0,1116.8846682195544,0.5347593582887701,744,743,4,0,739,740,66523,5,0,0,5,3
2020-06-21,US,Minnesota,Rock,28,0,0,43.67482683,-96.25296832,27133.0,300.5904455179818,0.0,28,26,0,0,26,26,9414,2,0,0,2,0
2020-06-21,US,Minnesota,Roseau,6,0,0,48.77501878,-95.81079919,27135.0,39.564787339268044,0.0,6,6,0,0,6,6,15150,0,0,0,0,0
2020-06-21,US,Minnesota,Scott,570,4,0,44.6490231,-93.53340251,27139.0,382.51696160737646,0.7017543859649122,566,561,4,0,557,555,147381,9,0,0,9,6
2020-06-21,US,Minnesota,Sherburne,275,4,0,45.44447208,-93.77617511,27141.0,282.81124663197517,1.4545454545454546,271,273,4,0,269,272,96036,2,0,0,2,1
2020-06-21,US,Minnesota,Sibley,29,2,0,44.5796592,-94.23164924,27143.0,195.08913555331318,6.896551724137932,27,28,2,0,26,28,15028,1,0,0,1,0
2020-06-21,US,Minnesota,St. Louis,142,14,0,47.6048407,-92.46879855,27137.0,71.33169236951827,9.859154929577462,128,135,14,0,121,132,199754,7,0,0,7,3
2020-06-21,US,Minnesota,Stearns,2134,19,0,45.55192576,-94.61078221,27145.0,1324.8486729784265,0.8903467666354264,2115,2131,19,0,2112,2126,159256,3,0,0,3,5
2020-06-21,US,Minnesota,Steele,194,0,0,44.02240351,-93.22627088,27147.0,529.3459575977516,0.0,194,186,0,0,186,183,36803,8,0,0,8,3
2020-06-21,US,Minnesota,Stevens,2,0,0,45.58613007,-96.00163705,27149.0,20.39775624681285,0.0,2,2,0,0,2,2,9753,0,0,0,0,0
2020-06-21,US,Minnesota,Swift,20,1,0,45.2829032,-95.68264092,27151.0,215.8428663932657,5.0,19,20,1,0,19,20,9345,0,0,0,0,0
2020-06-21,US,Minnesota,Todd,388,2,0,46.06996226,-94.89785296,27153.0,1573.1430424910802,0.5154639175257731,386,388,2,0,386,386,24582,0,0,0,0,2
2020-06-21,US,Minnesota,Traverse,5,0,0,45.77298854,-96.47062949,27155.0,153.42129487572873,0.0,5,5,0,0,5,5,3308,0,0,0,0,0
2020-06-21,US,Minnesota,Unassigned,82,31,0,0.0,0.0,90027.0,0.0,37.804878048780495,51,68,31,0,37,57,,14,0,0,14,11
2020-06-21,US,Minnesota,Wabasha,27,0,0,44.28424356,-92.23121312,27157.0,124.84394506866415,0.0,27,27,0,0,27,27,21645,0,0,0,0,0
2020-06-21,US,Minnesota,Wadena,12,0,0,46.58589171,-94.96968506,27159.0,87.706475661453,0.0,12,10,0,0,10,10,13773,2,0,0,2,0
2020-06-21,US,Minnesota,Waseca,40,0,0,44.02211116,-93.58720034,27161.0,214.91510853212984,0.0,40,37,0,0,37,36,18691,3,0,0,3,1
2020-06-21,US,Minnesota,Washington,885,38,0,45.03864533,-92.88429635,27163.0,337.21993598536807,4.293785310734464,847,868,38,0,830,843,259201,17,0,0,17,25
2020-06-21,US,Minnesota,Watonwan,144,0,0,43.97823903,-94.61413846,27165.0,1321.464623290814,0.0,144,137,0,0,137,128,10980,7,0,0,7,9
2020-06-21,US,Minnesota,Wilkin,20,3,0,46.35721532,-96.4684375,27167.0,322.2168519413565,15.0,17,20,3,0,17,20,6254,0,0,0,0,0
2020-06-21,US,Minnesota,Winona,94,15,0,43.98772283,-91.78081305,27169.0,186.1976071626654,15.957446808510639,79,94,15,0,79,93,50825,0,0,0,0,1
2020-06-21,US,Minnesota,Wright,401,2,0,45.17297924,-93.96234781,27171.0,289.7880428105827,0.4987531172069826,399,397,2,0,395,394,136349,4,0,0,4,3
2020-06-21,US,Minnesota,Yellow Medicine,22,0,0,44.71710183,-95.86842453,27173.0,226.5938819651869,0.0,22,22,0,0,22,14,9795,0,0,0,0,8
2020-06-21,US,Mississippi,Adams,227,18,0,31.47669768,-91.35326037,28001.0,739.582315185873,7.929515418502202,209,227,18,0,209,227,31192,0,0,0,0,0
2020-06-21,US,Mississippi,Alcorn,32,1,0,34.88084463,-88.57996173,28003.0,86.59648742997862,3.125,31,32,1,0,31,32,36925,0,0,0,0,0
2020-06-21,US,Mississippi,Amite,73,2,0,31.17467303,-90.80501621,28005.0,593.640725380174,2.7397260273972597,71,73,2,0,71,73,12326,0,0,0,0,0
2020-06-21,US,Mississippi,Attala,335,23,0,33.08658803,-89.57838564,28007.0,1843.2926158248047,6.865671641791044,312,335,23,0,312,335,18365,0,0,0,0,0
2020-06-21,US,Mississippi,Benton,18,0,0,34.81681228,-89.18945516,28009.0,217.9440610243371,0.0,18,18,0,0,18,18,8271,0,0,0,0,0
2020-06-21,US,Mississippi,Bolivar,197,13,0,33.79696941,-90.87372121,28011.0,643.2022985503462,6.598984771573603,184,197,13,0,184,197,31333,0,0,0,0,0
2020-06-21,US,Mississippi,Calhoun,83,4,0,33.93683395,-89.33686647,28013.0,577.9541814636864,4.819277108433735,79,83,4,0,79,83,14436,0,0,0,0,0
2020-06-21,US,Mississippi,Carroll,122,11,0,33.44834567,-89.91994479,28015.0,1226.500452397708,9.016393442622949,111,122,11,0,111,122,9911,0,0,0,0,0
2020-06-21,US,Mississippi,Chickasaw,177,16,0,33.91983202,-88.9481545,28017.0,1034.906156814594,9.039548022598868,161,177,16,0,161,177,17171,0,0,0,0,0
2020-06-21,US,Mississippi,Choctaw,71,2,0,33.34598242,-89.24809382,28019.0,864.7990255785628,2.8169014084507036,69,71,2,0,69,71,8278,0,0,0,0,0
2020-06-21,US,Mississippi,Claiborne,144,9,0,31.97061673,-90.90702196,28021.0,1602.136181575434,6.25,135,144,9,0,135,144,9002,0,0,0,0,0
2020-06-21,US,Mississippi,Clarke,168,21,0,32.04158545,-88.68896219999998,28023.0,1081.0115179203397,12.5,147,168,21,0,147,168,15604,0,0,0,0,0
2020-06-21,US,Mississippi,Clay,185,6,0,33.65358105,-88.77784255,28025.0,957.7552288258439,3.2432432432432434,179,185,6,0,179,185,19386,0,0,0,0,0
2020-06-21,US,Mississippi,Coahoma,156,6,0,34.22772299,-90.60415045,28027.0,705.1166154402458,3.8461538461538463,150,156,6,0,150,156,22628,0,0,0,0,0
2020-06-21,US,Mississippi,Copiah,425,7,0,31.86977774,-90.44565118,28029.0,1514.3417067521825,1.6470588235294117,418,425,7,0,418,425,28543,0,0,0,0,0
2020-06-21,US,Mississippi,Covington,213,3,0,31.63225413,-89.55389939,28031.0,1142.9491307147455,1.4084507042253518,210,213,3,0,210,213,18853,0,0,0,0,0
2020-06-21,US,Mississippi,DeSoto,790,14,0,34.87625235,-89.99091418,28033.0,427.15401876233483,1.7721518987341771,776,790,14,0,776,790,182001,0,0,0,0,0
2020-06-21,US,Mississippi,Forrest,697,41,0,31.18961454,-89.25832496,28035.0,930.6113729521877,5.882352941176472,656,697,41,0,656,697,75036,0,0,0,0,0
2020-06-21,US,Mississippi,Franklin,30,2,0,31.47786634,-90.89672989,28037.0,388.9537145079735,6.666666666666668,28,30,2,0,28,30,7788,0,0,0,0,0
2020-06-21,US,Mississippi,George,41,2,0,30.86259065,-88.64436789,28039.0,167.3469387755102,4.878048780487805,39,41,2,0,39,41,24250,0,0,0,0,0
2020-06-21,US,Mississippi,Greene,56,4,0,31.21444233,-88.63922281,28041.0,412.1890181068747,7.142857142857142,52,56,4,0,52,56,13586,0,0,0,0,0
2020-06-21,US,Mississippi,Grenada,170,4,0,33.77036166,-89.80245083,28043.0,818.9613642932844,2.3529411764705883,166,170,4,0,166,170,21055,0,0,0,0,0
2020-06-21,US,Mississippi,Hancock,100,13,0,30.41830223,-89.48851033,28045.0,209.9428955324152,13.0,87,100,13,0,87,100,47334,0,0,0,0,0
2020-06-21,US,Mississippi,Harrison,393,7,0,30.51359752,-89.12467576,28047.0,188.8696655132641,1.7811704834605595,386,393,7,0,386,393,206650,0,0,0,0,0
2020-06-21,US,Mississippi,Hinds,1390,29,0,32.2656285,-90.44435448,28049.0,599.5514147688061,2.0863309352517985,1361,1390,29,0,1361,1390,237085,0,0,0,0,0
2020-06-21,US,Mississippi,Holmes,477,35,0,33.12345854,-90.08923538,28051.0,2804.232804232804,7.337526205450734,442,477,35,0,442,477,17622,0,0,0,0,0
2020-06-21,US,Mississippi,Humphreys,83,8,0,33.12825718,-90.52252707,28053.0,1029.265873015873,9.63855421686747,75,83,8,0,75,83,8257,0,0,0,0,0
2020-06-21,US,Mississippi,Itawamba,106,8,0,34.27993475,-88.3606733,28057.0,453.1851218469432,7.547169811320754,98,106,8,0,98,106,23517,0,0,0,0,0
2020-06-21,US,Mississippi,Jackson,385,16,0,30.54020656,-88.64184064,28059.0,268.0741137887576,4.155844155844156,369,385,16,0,369,385,143277,0,0,0,0,0
2020-06-21,US,Mississippi,Jasper,203,4,0,32.01922104,-89.11786866,28061.0,1239.089299884026,1.9704433497536944,199,203,4,0,199,203,16428,0,0,0,0,0
2020-06-21,US,Mississippi,Jefferson,57,2,0,31.73397872,-91.03764977,28063.0,815.450643776824,3.5087719298245608,55,57,2,0,55,57,7106,0,0,0,0,0
2020-06-21,US,Mississippi,Jefferson Davis,86,3,0,31.56884708,-89.82670990000004,28065.0,772.8253055355859,3.4883720930232562,83,86,3,0,83,86,11234,0,0,0,0,0
2020-06-21,US,Mississippi,Jones,910,44,0,31.62257767,-89.16896899999998,28067.0,1336.3094364004817,4.835164835164835,866,910,44,0,866,910,68461,0,0,0,0,0
2020-06-21,US,Mississippi,Kemper,169,13,0,32.75462946,-88.64105766,28069.0,1734.7567234654075,7.6923076923076925,156,169,13,0,156,169,10027,0,0,0,0,0
2020-06-21,US,Mississippi,Lafayette,209,4,0,34.35687874,-89.48490961,28071.0,386.9009052370463,1.9138755980861244,205,209,4,0,205,209,54793,0,0,0,0,0
2020-06-21,US,Mississippi,Lamar,300,6,0,31.20572971,-89.5077704,28073.0,473.611922390793,2.0,294,300,6,0,294,300,62447,0,0,0,0,0
2020-06-21,US,Mississippi,Lauderdale,818,75,0,32.40419769,-88.66229662,28075.0,1103.5413153456998,9.168704156479217,743,818,75,0,743,818,75317,0,0,0,0,0
2020-06-21,US,Mississippi,Lawrence,121,1,0,31.55147224,-90.10841127,28077.0,961.3856666136977,0.8264462809917356,120,121,1,0,120,121,12455,0,0,0,0,0
2020-06-21,US,Mississippi,Leake,496,16,0,32.7536828,-89.52402044,28079.0,2176.775212849996,3.2258064516129035,480,496,16,0,480,496,22763,0,0,0,0,0
2020-06-21,US,Mississippi,Lee,330,14,0,34.291877500000005,-88.68149954,28081.0,386.2540381103984,4.242424242424242,316,330,14,0,316,330,85202,0,0,0,0,0
2020-06-21,US,Mississippi,Leflore,385,47,0,33.55545125,-90.29900733,28083.0,1366.0717453784196,12.207792207792208,338,385,47,0,338,385,28919,0,0,0,0,0
2020-06-21,US,Mississippi,Lincoln,330,32,0,31.53288662,-90.45391915,28085.0,966.2401545984247,9.696969696969695,298,330,32,0,298,330,34205,0,0,0,0,0
2020-06-21,US,Mississippi,Lowndes,352,10,0,33.47386518,-88.44191529999998,28087.0,600.7338510111783,2.8409090909090913,342,352,10,0,342,352,58930,0,0,0,0,0
2020-06-21,US,Mississippi,Madison,922,31,0,32.63389156,-90.03513564,28089.0,867.5850647395363,3.362255965292841,891,922,31,0,891,922,105630,0,0,0,0,0
2020-06-21,US,Mississippi,Marion,163,9,0,31.23132643,-89.8209217,28091.0,663.329670776869,5.521472392638037,154,163,9,0,154,163,24715,0,0,0,0,0
2020-06-21,US,Mississippi,Marshall,122,3,0,34.76216286,-89.50299462,28093.0,345.6678188927297,2.459016393442623,119,122,3,0,119,122,35451,0,0,0,0,0
2020-06-21,US,Mississippi,Monroe,301,26,0,33.89236763,-88.4808438,28095.0,853.8522637013502,8.637873754152825,275,301,26,0,275,301,35564,0,0,0,0,0
2020-06-21,US,Mississippi,Montgomery,98,1,0,33.49419589,-89.61729103,28097.0,1002.5575447570333,1.020408163265306,97,98,1,0,97,98,10023,0,0,0,0,0
2020-06-21,US,Mississippi,Neshoba,921,56,0,32.75339664,-89.11726492,28099.0,3162.991963733773,6.080347448425624,865,921,56,0,865,921,29125,0,0,0,0,0
2020-06-21,US,Mississippi,Newton,325,8,0,32.40021118,-89.11843336,28101.0,1546.2936530592826,2.4615384615384617,317,325,8,0,317,325,21443,0,0,0,0,0
2020-06-21,US,Mississippi,Noxubee,218,6,0,33.11009499,-88.56949061,28103.0,2092.7330325429584,2.7522935779816518,212,218,6,0,212,218,10535,0,0,0,0,0
2020-06-21,US,Mississippi,Oktibbeha,386,18,0,33.42491685,-88.87905132,28105.0,778.4298303990965,4.66321243523316,368,386,18,0,368,386,49599,0,0,0,0,0
2020-06-21,US,Mississippi,Panola,146,4,0,34.36398677,-89.95064249,28107.0,427.0004679457183,2.7397260273972597,142,146,4,0,142,146,34178,0,0,0,0,0
2020-06-21,US,Mississippi,Pearl River,224,32,0,30.77090935,-89.58677275,28109.0,403.34923921851083,14.285714285714285,192,224,32,0,192,224,55387,0,0,0,0,0
2020-06-21,US,Mississippi,Perry,55,3,0,31.17161885,-88.99281835,28111.0,459.36690887830946,5.454545454545454,52,55,3,0,52,55,11931,0,0,0,0,0
2020-06-21,US,Mississippi,Pike,248,11,0,31.17507789,-90.40392572,28113.0,631.2360008144981,4.435483870967742,237,248,11,0,237,248,39563,0,0,0,0,0
2020-06-21,US,Mississippi,Pontotoc,93,3,0,34.226046000000004,-89.03636807,28115.0,289.05327282899236,3.2258064516129035,90,93,3,0,90,93,31833,0,0,0,0,0
2020-06-21,US,Mississippi,Prentiss,70,3,0,34.61810501,-88.51986294,28117.0,278.59587678102366,4.285714285714286,67,70,3,0,67,70,25315,0,0,0,0,0
2020-06-21,US,Mississippi,Quitman,52,0,0,34.25157572,-90.28908,28119.0,765.6065959952887,0.0,52,52,0,0,52,52,7051,0,0,0,0,0
2020-06-21,US,Mississippi,Rankin,563,10,0,32.26469147,-89.94537876,28121.0,362.59185553000884,1.7761989342806397,553,563,10,0,553,563,153902,0,0,0,0,0
2020-06-21,US,Mississippi,Scott,696,12,0,32.406704100000006,-89.53789439,28123.0,2474.754657943393,1.7241379310344829,684,696,12,0,684,696,28287,0,0,0,0,0
2020-06-21,US,Mississippi,Sharkey,9,0,0,32.88149103,-90.8159538,28125.0,208.28511918537376,0.0,9,9,0,0,9,9,4377,0,0,0,0,0
2020-06-21,US,Mississippi,Simpson,126,1,0,31.91282117,-89.91716179,28127.0,472.65361242403776,0.7936507936507936,125,126,1,0,125,126,26758,0,0,0,0,0
2020-06-21,US,Mississippi,Smith,182,11,0,32.01744532,-89.50644846,28129.0,1143.5033928122646,6.043956043956044,171,182,11,0,171,182,16002,0,0,0,0,0
2020-06-21,US,Mississippi,Stone,35,1,0,30.79187949,-89.11547539,28131.0,190.88132635253052,2.8571428571428568,34,35,1,0,34,35,18717,0,0,0,0,0
2020-06-21,US,Mississippi,Sunflower,128,4,0,33.60192578,-90.58882684,28133.0,509.7570688968538,3.125,124,128,4,0,124,128,25735,0,0,0,0,0
2020-06-21,US,Mississippi,Tallahatchie,49,1,0,33.95339918,-90.1729398,28135.0,354.8410456948367,2.0408163265306123,48,49,1,0,48,49,13987,0,0,0,0,0
2020-06-21,US,Mississippi,Tate,155,1,0,34.65133709,-89.94485778,28137.0,547.2970587196779,0.6451612903225806,154,155,1,0,154,155,28759,0,0,0,0,0
2020-06-21,US,Mississippi,Tippah,100,11,0,34.76872156,-88.90988194,28139.0,454.23574835339537,11.0,89,100,11,0,89,100,21995,0,0,0,0,0
2020-06-21,US,Mississippi,Tishomingo,47,1,0,34.74023475,-88.23917219,28141.0,242.480524170665,2.127659574468085,46,47,1,0,46,47,19454,0,0,0,0,0
2020-06-21,US,Mississippi,Tunica,67,3,0,34.64967704,-90.37481167,28143.0,695.5980066445183,4.477611940298506,64,67,3,0,64,67,9944,0,0,0,0,0
2020-06-21,US,Mississippi,Union,109,8,0,34.49162015,-89.00776006,28145.0,378.27520388686446,7.339449541284404,101,109,8,0,101,109,28606,0,0,0,0,0
2020-06-21,US,Mississippi,Walthall,111,1,0,31.14971548,-90.10446654,28147.0,776.9844603107938,0.9009009009009008,110,111,1,0,110,111,14465,0,0,0,0,0
2020-06-21,US,Mississippi,Warren,280,14,0,32.35810271,-90.83352619,28149.0,616.9983032546661,5.0,266,280,14,0,266,280,46176,0,0,0,0,0
2020-06-21,US,Mississippi,Washington,276,9,0,33.28392041,-90.94196237,28151.0,628.5727299642442,3.260869565217391,267,276,9,0,267,276,45063,0,0,0,0,0
2020-06-21,US,Mississippi,Wayne,409,8,0,31.64135687,-88.69573913,28153.0,2026.4579101223803,1.9559902200489,401,409,8,0,401,409,20298,0,0,0,0,0
2020-06-21,US,Mississippi,Webster,109,8,0,33.61300486,-89.28392912,28155.0,1124.9870987718032,7.339449541284404,101,109,8,0,101,109,9788,0,0,0,0,0
2020-06-21,US,Mississippi,Wilkinson,85,9,0,31.16078225,-91.31018819,28157.0,984.936268829664,10.588235294117649,76,85,9,0,76,85,8792,0,0,0,0,0
2020-06-21,US,Mississippi,Winston,158,2,0,33.08747908,-89.03391385,28159.0,879.9777220829852,1.2658227848101269,156,158,2,0,156,158,18165,0,0,0,0,0
2020-06-21,US,Mississippi,Yalobusha,139,7,0,34.02824175,-89.70762049999998,28161.0,1148.0013214403698,5.035971223021583,132,139,7,0,132,139,12392,0,0,0,0,0
2020-06-21,US,Mississippi,Yazoo,354,6,0,32.77890365,-90.39656148,28163.0,1192.320646682385,1.6949152542372878,348,354,6,0,348,354,28248,0,0,0,0,0
2020-06-21,US,Missouri,Adair,85,0,0,40.19058551,-92.60078167,29001.0,335.39833484591406,0.0,85,84,0,0,84,85,25339,1,0,0,1,-1
2020-06-21,US,Missouri,Andrew,41,0,0,39.98492163,-94.80163024,29003.0,231.48148148148152,0.0,41,41,0,0,41,39,17607,0,0,0,0,2
2020-06-21,US,Missouri,Atchison,3,0,0,40.43238737,-95.42970639,29005.0,58.331713007972,0.0,3,3,0,0,3,3,5171,0,0,0,0,0
2020-06-21,US,Missouri,Audrain,134,1,0,39.215877,-91.84242683,29007.0,527.8084134236648,0.746268656716418,133,134,1,0,133,133,25473,0,0,0,0,1
2020-06-21,US,Missouri,Barry,31,0,0,36.70978521,-93.82919888,29009.0,86.61879348403141,0.0,31,31,0,0,31,28,35886,0,0,0,0,3
2020-06-21,US,Missouri,Barton,15,0,0,37.50207671,-94.34757022,29011.0,127.61613067891778,0.0,15,15,0,0,15,15,11798,0,0,0,0,0
2020-06-21,US,Missouri,Bates,12,1,0,38.25271289,-94.34113157,29013.0,74.20232500618353,8.333333333333334,11,12,1,0,11,12,16320,0,0,0,0,0
2020-06-21,US,Missouri,Benton,15,0,0,38.29503305,-93.28756116,29015.0,77.14858818083627,0.0,15,15,0,0,15,14,19278,0,0,0,0,1
2020-06-21,US,Missouri,Bollinger,13,0,0,37.32449052,-90.02725304,29017.0,107.1458007088107,0.0,13,12,0,0,12,11,12169,1,0,0,1,1
2020-06-21,US,Missouri,Boone,258,2,0,38.99186229,-92.30723575,29019.0,142.96559405529112,0.7751937984496124,256,257,2,0,255,246,180005,1,0,0,1,11
2020-06-21,US,Missouri,Buchanan,805,3,0,39.65816401,-94.80138942,29021.0,921.4321688567372,0.3726708074534161,802,805,3,0,802,802,88571,0,0,0,0,3
2020-06-21,US,Missouri,Butler,62,0,0,36.71462476,-90.40421163,29023.0,145.95790762276943,0.0,62,62,0,0,62,59,42639,0,0,0,0,3
2020-06-21,US,Missouri,Caldwell,9,0,0,39.65620858,-93.98308093,29025.0,99.77827050997783,0.0,9,9,0,0,9,8,9108,0,0,0,0,1
2020-06-21,US,Missouri,Callaway,42,1,0,38.83674754,-91.92186505,29027.0,93.86943208993586,2.380952380952381,41,42,1,0,41,42,44889,0,0,0,0,0
2020-06-21,US,Missouri,Camden,48,1,0,38.02199522,-92.76083747,29029.0,103.66051182377713,2.083333333333333,47,47,1,0,46,45,45815,1,0,0,1,2
2020-06-21,US,Missouri,Cape Girardeau,120,3,0,37.38489388,-89.6843587,29031.0,152.1471770359194,2.5,117,119,3,0,116,117,78753,1,0,0,1,2
2020-06-21,US,Missouri,Carroll,11,0,0,39.42762566,-93.50626255,29033.0,126.74271229404309,0.0,11,11,0,0,11,11,8743,0,0,0,0,0
2020-06-21,US,Missouri,Carter,6,1,0,36.94160441,-90.96051322,29035.0,100.30090270812435,16.666666666666668,5,6,1,0,5,6,6054,0,0,0,0,0
2020-06-21,US,Missouri,Cass,116,8,0,38.64789422,-94.353399,29037.0,109.66156173189638,6.896551724137932,108,116,8,0,108,112,104954,0,0,0,0,4
2020-06-21,US,Missouri,Cedar,9,0,0,37.72391475,-93.85445441,29039.0,62.72214091574325,0.0,9,9,0,0,9,9,14165,0,0,0,0,0
2020-06-21,US,Missouri,Chariton,6,0,0,39.51499357,-92.9629191,29041.0,80.79719903043363,0.0,6,6,0,0,6,6,7451,0,0,0,0,0
2020-06-21,US,Missouri,Christian,32,0,0,36.9711783,-93.18537118,29043.0,36.11941983181895,0.0,32,32,0,0,32,31,86983,0,0,0,0,1
2020-06-21,US,Missouri,Clark,1,0,0,40.41040752,-91.73661677,29045.0,14.712373105781962,0.0,1,1,0,0,1,1,6842,0,0,0,0,0
2020-06-21,US,Missouri,Clay,342,8,0,39.31132056,-94.41850862,29047.0,136.82846031974648,2.3391812865497075,334,342,8,0,334,334,246365,0,0,0,0,8
2020-06-21,US,Missouri,Clinton,23,0,0,39.6013098,-94.40465394,29049.0,112.81699121989504,0.0,23,23,0,0,23,22,20470,0,0,0,0,1
2020-06-21,US,Missouri,Cole,60,1,0,38.50455671,-92.27860244,29051.0,78.18098898951072,1.6666666666666667,59,60,1,0,59,58,76796,0,0,0,0,2
2020-06-21,US,Missouri,Cooper,12,0,0,38.844478,-92.80896081,29053.0,67.7621548365238,0.0,12,12,0,0,12,12,17603,0,0,0,0,0
2020-06-21,US,Missouri,Crawford,10,0,0,37.97663738,-91.30528104,29055.0,41.80602006688964,0.0,10,10,0,0,10,10,23957,0,0,0,0,0
2020-06-21,US,Missouri,Dade,1,0,0,37.431814,-93.8503345,29057.0,13.225763787858751,0.0,1,1,0,0,1,1,7569,0,0,0,0,0
2020-06-21,US,Missouri,Dallas,9,0,0,37.681135499999996,-93.02127031,29059.0,53.32385353714895,0.0,9,9,0,0,9,9,16762,0,0,0,0,0
2020-06-21,US,Missouri,Daviess,7,0,0,39.96145298,-93.98519678,29061.0,84.56148828219376,0.0,7,7,0,0,7,7,8313,0,0,0,0,0
2020-06-21,US,Missouri,DeKalb,10,0,0,39.89201062,-94.40476508,29063.0,79.70032677133977,0.0,10,10,0,0,10,10,12630,0,0,0,0,0
2020-06-21,US,Missouri,Dent,1,0,0,37.60663134,-91.50790473,29065.0,6.421370320426379,0.0,1,1,0,0,1,1,15441,0,0,0,0,0
2020-06-21,US,Missouri,Douglas,3,0,0,36.9325593,-92.49905109,29067.0,22.75312855517633,0.0,3,3,0,0,3,3,13373,0,0,0,0,0
2020-06-21,US,Missouri,Dunklin,79,3,0,36.27167174,-90.09122243,29069.0,271.1887679791288,3.79746835443038,76,79,3,0,76,66,29423,0,0,0,0,13
2020-06-21,US,Missouri,Franklin,188,18,0,38.41127108,-91.07522826,29071.0,180.8266084430637,9.574468085106382,170,188,18,0,170,180,103670,0,0,0,0,8
2020-06-21,US,Missouri,Gasconade,4,0,0,38.43947277,-91.50847147,29073.0,27.19978240174079,0.0,4,4,0,0,4,3,14705,0,0,0,0,1
2020-06-21,US,Missouri,Gentry,55,9,0,40.21097916,-94.40944419,29075.0,837.0111094201794,16.363636363636363,46,54,9,0,45,54,6628,1,0,0,1,0
2020-06-21,US,Missouri,Greene,225,8,0,37.2575872,-93.34230916,29077.0,76.7692759121896,3.555555555555556,217,218,8,0,210,214,291923,7,0,0,7,4
2020-06-21,US,Missouri,Grundy,17,0,0,40.11406587,-93.56509276,29079.0,172.58883248730962,0.0,17,17,0,0,17,16,9914,0,0,0,0,1
2020-06-21,US,Missouri,Harrison,9,0,0,40.35570088,-93.99222144,29081.0,107.75862068965515,0.0,9,9,0,0,9,9,8414,0,0,0,0,0
2020-06-21,US,Missouri,Henry,17,3,0,38.38482826,-93.79293734,29083.0,77.89589442815249,17.647058823529417,14,17,3,0,14,17,21792,0,0,0,0,0
2020-06-21,US,Missouri,Holt,2,0,0,40.09799248,-95.21638879999999,29087.0,45.42357483533954,0.0,2,2,0,0,2,1,4404,0,0,0,0,1
2020-06-21,US,Missouri,Howard,3,0,0,39.1435761,-92.69756691,29089.0,29.99700029997,0.0,3,3,0,0,3,3,10137,0,0,0,0,0
2020-06-21,US,Missouri,Howell,30,0,0,36.77383887,-91.88683935,29091.0,74.78126480045866,0.0,30,30,0,0,30,31,40076,0,0,0,0,-1
2020-06-21,US,Missouri,Iron,2,0,0,37.55487945,-90.7735296,29093.0,19.753086419753085,0.0,2,2,0,0,2,2,10177,0,0,0,0,0
2020-06-21,US,Missouri,Jackson,1018,22,0,39.01002188,-94.34724536,29095.0,144.80570005305745,2.161100196463654,996,1016,22,0,994,976,700307,2,0,0,2,40
2020-06-21,US,Missouri,Jasper,266,0,0,37.20351921,-94.34050458,29097.0,219.24040617169982,0.0,266,239,0,0,239,196,120636,27,0,0,27,43
2020-06-21,US,Missouri,Jefferson,401,19,0,38.25926778,-90.53870896,29099.0,178.1580853115101,4.7381546134663335,382,401,19,0,382,391,224347,0,0,0,0,10
2020-06-21,US,Missouri,Johnson,89,0,0,38.74719601,-93.80691168,29101.0,164.6258000073989,0.0,89,89,0,0,89,90,53652,0,0,0,0,-1
2020-06-21,US,Missouri,Kansas City,1921,30,0,39.0997,-94.5786,0.0,392.88833258682513,1.5616866215512757,1891,1914,30,0,1884,1872,491918,7,0,0,7,42
2020-06-21,US,Missouri,Knox,2,0,0,40.12699751,-92.14780832,29103.0,50.51780752715332,0.0,2,2,0,0,2,2,3947,0,0,0,0,0
2020-06-21,US,Missouri,Laclede,16,0,0,37.65896829,-92.5888493,29105.0,44.789071466562156,0.0,16,16,0,0,16,12,35713,0,0,0,0,4
2020-06-21,US,Missouri,Lafayette,86,2,0,39.06986886,-93.78076396,29107.0,262.93261587379243,2.3255813953488373,84,86,2,0,84,86,32598,0,0,0,0,0
2020-06-21,US,Missouri,Lawrence,13,0,0,37.10626634,-93.83293097,29109.0,33.89388606439838,0.0,13,11,0,0,11,11,38359,2,0,0,2,0
2020-06-21,US,Missouri,Lewis,7,1,0,40.09673161,-91.72070156,29111.0,71.6039279869067,14.285714285714285,6,7,1,0,6,7,9855,0,0,0,0,0
2020-06-21,US,Missouri,Lincoln,91,1,0,39.05345619,-90.95588181,29113.0,154.20331113483468,1.0989010989010992,90,91,1,0,90,91,57686,0,0,0,0,0
2020-06-21,US,Missouri,Linn,13,1,0,39.87001769,-93.10704106,29115.0,109.06040268456377,7.6923076923076925,12,13,1,0,12,13,12037,0,0,0,0,0
2020-06-21,US,Missouri,Livingston,7,0,0,39.78110272,-93.54645978,29117.0,45.97097261443489,0.0,7,6,0,0,6,6,15146,1,0,0,1,0
2020-06-21,US,Missouri,Macon,7,0,0,39.83049768,-92.56453089,29121.0,46.30548389230668,0.0,7,7,0,0,7,7,15153,0,0,0,0,0
2020-06-21,US,Missouri,Madison,3,0,0,37.47865134,-90.34671429999999,29123.0,24.81800132362674,0.0,3,3,0,0,3,3,12188,0,0,0,0,0
2020-06-21,US,Missouri,Maries,2,0,0,38.16193985,-91.92249662,29125.0,22.996435552489363,0.0,2,2,0,0,2,2,8769,0,0,0,0,0
2020-06-21,US,Missouri,Marion,11,0,0,39.80601912,-91.62203062,29127.0,38.5559060637925,0.0,11,11,0,0,11,10,28592,0,0,0,0,1
2020-06-21,US,Missouri,McDonald,366,0,0,36.62869595,-94.34867205,29119.0,1602.6623461925824,0.0,366,170,0,0,170,132,23078,196,0,0,196,38
2020-06-21,US,Missouri,Mercer,5,0,0,40.42212303,-93.56829590000001,29129.0,138.23610727121923,0.0,5,5,0,0,5,5,3641,0,0,0,0,0
2020-06-21,US,Missouri,Miller,10,0,0,38.21450288,-92.42610898,29131.0,39.03352980210001,0.0,10,10,0,0,10,8,25336,0,0,0,0,2
2020-06-21,US,Missouri,Mississippi,77,0,0,36.82516239,-89.29505753,29133.0,584.2185128983308,0.0,77,77,0,0,77,77,13336,0,0,0,0,0
2020-06-21,US,Missouri,Moniteau,49,1,0,38.63571781,-92.57976951,29135.0,303.74411108356065,2.0408163265306123,48,49,1,0,48,49,16121,0,0,0,0,0
2020-06-21,US,Missouri,Monroe,5,0,0,39.49593978,-92.00043978,29137.0,57.84359093012494,0.0,5,5,0,0,5,4,8664,0,0,0,0,1
2020-06-21,US,Missouri,Montgomery,13,0,0,38.94022054,-91.47000721,29139.0,112.5443684529478,0.0,13,13,0,0,13,13,11534,0,0,0,0,0
2020-06-21,US,Missouri,Morgan,12,0,0,38.4181765,-92.88791859,29141.0,58.17617685557765,0.0,12,12,0,0,12,12,20358,0,0,0,0,0
2020-06-21,US,Missouri,New Madrid,36,1,0,36.59666326,-89.66070007,29143.0,210.8222066057625,2.7777777777777777,35,34,1,0,33,34,17296,2,0,0,2,0
2020-06-21,US,Missouri,Newton,265,2,0,36.90519407,-94.3394104,29145.0,455.0449893536644,0.7547169811320755,263,177,2,0,175,123,58266,88,0,0,88,54
2020-06-21,US,Missouri,Nodaway,17,0,0,40.36079813,-94.88133008,29147.0,76.95093246424045,0.0,17,17,0,0,17,17,22304,0,0,0,0,0
2020-06-21,US,Missouri,Oregon,6,0,0,36.68710164,-91.4033755,29149.0,56.9854687054801,0.0,6,6,0,0,6,6,10541,0,0,0,0,0
2020-06-21,US,Missouri,Osage,5,0,0,38.46036182,-91.8613635,29151.0,36.72420124862284,0.0,5,5,0,0,5,5,13714,0,0,0,0,0
2020-06-21,US,Missouri,Ozark,1,0,0,36.64916339,-92.44459066,29153.0,10.90037061260083,0.0,1,1,0,0,1,,9017,0,0,0,0,
2020-06-21,US,Missouri,Pemiscot,105,6,0,36.2130572,-89.78742322,29155.0,664.3467257197091,5.7142857142857135,99,105,6,0,99,105,16272,0,0,0,0,0
2020-06-21,US,Missouri,Perry,102,0,0,37.70660776,-89.82741088,29157.0,533.0267558528428,0.0,102,91,0,0,91,88,19150,11,0,0,11,3
2020-06-21,US,Missouri,Pettis,98,1,0,38.72798918,-93.28471706,29159.0,231.46507947755023,1.020408163265306,97,98,1,0,97,95,42542,0,0,0,0,3
2020-06-21,US,Missouri,Phelps,7,0,0,37.87736118,-91.79351727,29161.0,15.704574518206089,0.0,7,7,0,0,7,6,44732,0,0,0,0,1
2020-06-21,US,Missouri,Pike,33,1,0,39.34310674,-91.16980779,29163.0,180.30816304229046,3.0303030303030303,32,33,1,0,32,33,18504,0,0,0,0,0
2020-06-21,US,Missouri,Platte,102,4,0,39.38154439,-94.77068479,29165.0,97.68430730333851,3.92156862745098,98,102,4,0,98,102,102985,0,0,0,0,0
2020-06-21,US,Missouri,Polk,10,0,0,37.616229600000004,-93.39828174,29167.0,31.105166568166965,0.0,10,10,0,0,10,10,32201,0,0,0,0,0
2020-06-21,US,Missouri,Pulaski,106,1,0,37.82462075,-92.20783203,29169.0,201.49409774364628,0.9433962264150944,105,106,1,0,105,106,52014,0,0,0,0,0
2020-06-21,US,Missouri,Putnam,2,0,0,40.47942497,-93.02042674,29171.0,42.58943781942078,0.0,2,2,0,0,2,2,4757,0,0,0,0,0
2020-06-21,US,Missouri,Ralls,6,0,0,39.52817427,-91.51838643,29173.0,58.20157144242894,0.0,6,6,0,0,6,5,10212,0,0,0,0,1
2020-06-21,US,Missouri,Randolph,12,0,0,39.44007257,-92.49713740000001,29175.0,48.48876676903184,0.0,12,12,0,0,12,12,24763,0,0,0,0,0
2020-06-21,US,Missouri,Ray,25,0,0,39.353746799999996,-93.98905745,29177.0,108.61065253280043,0.0,25,25,0,0,25,25,22883,0,0,0,0,0
2020-06-21,US,Missouri,Reynolds,2,0,0,37.36085952,-90.97009925,29179.0,31.897926634768737,0.0,2,2,0,0,2,2,6254,0,0,0,0,0
2020-06-21,US,Missouri,Ripley,14,0,0,36.65460667,-90.85990261,29181.0,105.35821794099941,0.0,14,14,0,0,14,12,13401,0,0,0,0,2
2020-06-21,US,Missouri,Saline,278,4,0,39.13734288,-93.20259964,29195.0,1221.3874610078644,1.4388489208633093,274,278,4,0,274,278,22895,0,0,0,0,0
2020-06-21,US,Missouri,Schuyler,4,0,0,40.46921489,-92.52311943,29197.0,85.83690987124461,0.0,4,2,0,0,2,2,4599,2,0,0,2,0
2020-06-21,US,Missouri,Scotland,8,1,0,40.45214695,-92.14709064,29199.0,163.19869441044472,12.5,7,8,1,0,7,8,4966,0,0,0,0,0
2020-06-21,US,Missouri,Scott,159,10,0,37.05588075,-89.56474493,29201.0,415.36050156739816,6.289308176100628,149,157,10,0,147,155,38458,2,0,0,2,2
2020-06-21,US,Missouri,Shannon,6,0,0,37.15772072,-91.40190382,29203.0,73.47538574577517,0.0,6,6,0,0,6,6,8189,0,0,0,0,0
2020-06-21,US,Missouri,Shelby,2,0,0,39.79742518,-92.07634971,29205.0,33.72681281618887,0.0,2,2,0,0,2,2,6050,0,0,0,0,0
2020-06-21,US,Missouri,St. Charles,954,69,0,38.77875681,-90.66662425,29183.0,237.30044624423542,7.232704402515722,885,951,69,0,882,943,399182,3,0,0,3,8
2020-06-21,US,Missouri,St. Clair,2,0,0,38.03699437,-93.77631447,29185.0,21.283388315419813,0.0,2,2,0,0,2,2,9395,0,0,0,0,0
2020-06-21,US,Missouri,St. Francois,66,2,0,37.81214171,-90.47598685,29187.0,98.19236777505022,3.0303030303030303,64,50,2,0,48,50,66692,16,0,0,16,0
2020-06-21,US,Missouri,St. Louis,5850,550,0,38.63770039999999,-90.4458375,29189.0,588.409834993789,9.401709401709402,5300,5825,550,0,5275,5769,996945,25,0,0,25,56
2020-06-21,US,Missouri,St. Louis City,2319,154,0,38.63555736,-90.24349225,29510.0,771.5186841264772,6.640793445450625,2165,2319,154,0,2165,2319,302838,0,0,0,0,0
2020-06-21,US,Missouri,Ste. Genevieve,16,1,0,37.89090059,-90.1949941,29186.0,89.41544651838603,6.25,15,16,1,0,15,14,17888,0,0,0,0,2
2020-06-21,US,Missouri,Stoddard,126,7,0,36.85571651,-89.9444155,29207.0,434.10852713178286,5.5555555555555545,119,126,7,0,119,127,29206,0,0,0,0,-1
2020-06-21,US,Missouri,Stone,10,0,0,36.75000327,-93.45256475,29209.0,31.296945418127194,0.0,10,10,0,0,10,10,31749,0,0,0,0,0
2020-06-21,US,Missouri,Sullivan,101,0,0,40.2099105,-93.11150106,29211.0,1658.7288553128592,0.0,101,96,0,0,96,93,6221,5,0,0,5,3
2020-06-21,US,Missouri,Taney,30,2,0,36.65465345,-93.04075153,29213.0,53.64039479330568,6.666666666666668,28,30,2,0,28,30,55852,0,0,0,0,0
2020-06-21,US,Missouri,Texas,2,0,0,37.31728859,-91.96564727,29215.0,7.874635798094338,0.0,2,2,0,0,2,1,25571,0,0,0,0,1
2020-06-21,US,Missouri,Vernon,12,0,0,37.8457799,-94.34127305,29217.0,58.357243592860954,0.0,12,12,0,0,12,12,20528,0,0,0,0,0
2020-06-21,US,Missouri,Warren,33,0,0,38.76529479,-91.16124662,29219.0,92.56921652781284,0.0,33,33,0,0,33,32,34711,0,0,0,0,1
2020-06-21,US,Missouri,Washington,14,1,0,37.96130078,-90.87948158,29221.0,56.61140315406389,7.142857142857142,13,14,1,0,13,14,24943,0,0,0,0,0
2020-06-21,US,Missouri,Wayne,1,0,0,37.11303869,-90.46001416,29223.0,7.768197001475956,0.0,1,1,0,0,1,,13122,0,0,0,0,
2020-06-21,US,Missouri,Webster,21,0,0,37.2813734,-92.876329,29225.0,53.041018387553045,0.0,21,20,0,0,20,20,39109,1,0,0,1,0
2020-06-21,US,Missouri,Worth,4,0,0,40.47945588,-94.42328751,29227.0,198.7083954297069,0.0,4,4,0,0,4,4,2040,0,0,0,0,0
2020-06-21,US,Missouri,Wright,14,0,0,37.27029221,-92.46914488,29229.0,76.54874514735633,0.0,14,14,0,0,14,14,18378,0,0,0,0,0
2020-06-21,US,Montana,Beaverhead,1,0,0,45.13434354,-112.8984694,30001.0,10.578652279699568,0.0,1,1,0,0,1,1,9404,0,0,0,0,0
2020-06-21,US,Montana,Big Horn,59,3,0,45.42335905,-107.492347,30003.0,442.9761994143705,5.084745762711863,56,55,3,0,52,53,13338,4,0,0,4,2
2020-06-21,US,Montana,Broadwater,5,0,0,46.33277565,-111.4955813,30007.0,80.1667468334135,0.0,5,4,0,0,4,4,6085,1,0,0,1,0
2020-06-21,US,Montana,Carbon,13,0,0,45.22850116,-109.0274047,30009.0,121.21212121212122,0.0,13,13,0,0,13,10,10714,0,0,0,0,3
2020-06-21,US,Montana,Cascade,22,2,0,47.30797024,-111.3467922,30013.0,27.0383206744832,9.090909090909092,20,21,2,0,19,20,81643,1,0,0,1,1
2020-06-21,US,Montana,Custer,22,0,0,46.25319932,-105.57375259999998,30017.0,192.94860550780564,0.0,22,21,0,0,21,20,11586,1,0,0,1,1
2020-06-21,US,Montana,Dawson,1,0,0,47.26584855,-104.89444170000002,30021.0,11.610356437942645,0.0,1,1,0,0,1,,8680,0,0,0,0,
2020-06-21,US,Montana,Deer Lodge,3,0,0,46.05953325,-113.073353,30023.0,32.822757111597376,0.0,3,3,0,0,3,3,9131,0,0,0,0,0
2020-06-21,US,Montana,Fergus,2,0,0,47.26331584,-109.2245206,30027.0,18.099547511312217,0.0,2,2,0,0,2,2,11113,0,0,0,0,0
2020-06-21,US,Montana,Flathead,46,2,0,48.29575866,-114.0520569,30029.0,44.313430822881145,4.3478260869565215,44,45,2,0,43,45,102106,1,0,0,1,0
2020-06-21,US,Montana,Gallatin,209,1,0,45.54486106,-111.1692571,30031.0,182.63802715976016,0.4784688995215311,208,204,1,0,203,197,111876,5,0,0,5,7
2020-06-21,US,Montana,Glacier,7,0,0,48.70513576,-112.9934235,30035.0,50.89798589398677,0.0,7,7,0,0,7,6,13747,0,0,0,0,1
2020-06-21,US,Montana,Golden Valley,3,0,0,46.3816474,-109.1768522,30037.0,365.40803897685754,0.0,3,3,0,0,3,3,826,0,0,0,0,0
2020-06-21,US,Montana,Hill,1,0,0,48.62879827,-110.1129252,30041.0,6.066488716330987,0.0,1,1,0,0,1,1,16347,0,0,0,0,0
2020-06-21,US,Montana,Jefferson,3,0,0,46.14907081,-112.094396,30043.0,24.547909336388184,0.0,3,3,0,0,3,3,12097,0,0,0,0,0
2020-06-21,US,Montana,Lake,11,0,0,47.64514965,-114.0898013,30047.0,36.115306323461816,0.0,11,10,0,0,10,10,30250,1,0,0,1,0
2020-06-21,US,Montana,Lewis and Clark,22,0,0,47.12610041,-112.394698,30049.0,31.685678073510772,0.0,22,22,0,0,22,22,68700,0,0,0,0,0
2020-06-21,US,Montana,Liberty,1,0,0,48.56084317,-111.024307,30051.0,42.78990158322636,0.0,1,1,0,0,1,1,2430,0,0,0,0,0
2020-06-21,US,Montana,Lincoln,7,1,0,48.54265777,-115.4046155,30053.0,35.03503503503504,14.285714285714285,6,7,1,0,6,7,19794,0,0,0,0,0
2020-06-21,US,Montana,Madison,8,1,0,45.30080065,-111.9173017,30057.0,93.02325581395347,12.5,7,8,1,0,7,8,8768,0,0,0,0,0
2020-06-21,US,Montana,Meagher,1,0,0,46.59907074,-110.8898557,30059.0,53.705692803437174,0.0,1,1,0,0,1,1,1866,0,0,0,0,0
2020-06-21,US,Montana,Missoula,49,1,0,47.03728583,-113.92135079999998,30063.0,40.96989966555184,2.0408163265306123,48,48,1,0,47,46,118791,1,0,0,1,2
2020-06-21,US,Montana,Musselshell,1,0,0,46.49684637,-108.39498,30065.0,21.58428663932657,0.0,1,1,0,0,1,1,4651,0,0,0,0,0
2020-06-21,US,Montana,Park,9,0,0,45.48965095,-110.52643940000002,30067.0,54.197278092255814,0.0,9,9,0,0,9,8,16736,0,0,0,0,1
2020-06-21,US,Montana,Pondera,2,0,0,48.22773388,-112.2252703,30073.0,33.83522246658772,0.0,2,2,0,0,2,2,5972,0,0,0,0,0
2020-06-21,US,Montana,Ravalli,17,0,0,46.08520862,-114.11891640000002,30081.0,38.80746929644341,0.0,17,18,0,0,18,17,43172,-1,0,0,-1,1
2020-06-21,US,Montana,Richland,8,0,0,47.78668011,-104.5610786,30083.0,74.05350365639174,0.0,8,6,0,0,6,5,10913,2,0,0,2,1
2020-06-21,US,Montana,Roosevelt,7,0,0,48.29607488,-105.0079268,30085.0,63.613231552162844,0.0,7,7,0,0,7,7,11059,0,0,0,0,0
2020-06-21,US,Montana,Rosebud,7,0,0,46.23397237,-106.72928799999998,30087.0,78.32606019917198,0.0,7,7,0,0,7,3,9063,0,0,0,0,4
2020-06-21,US,Montana,Silver Bow,11,0,0,45.90018933,-112.6620092,30093.0,31.505083774881854,0.0,11,11,0,0,11,11,34993,0,0,0,0,0
2020-06-21,US,Montana,Stillwater,3,0,0,45.67071407,-109.3950061,30095.0,31.113876789047914,0.0,3,3,0,0,3,3,9534,0,0,0,0,0
2020-06-21,US,Montana,Toole,31,6,0,48.65577551,-111.6942414,30101.0,654.5608108108107,19.354838709677423,25,31,6,0,25,29,4853,0,0,0,0,2
2020-06-21,US,Montana,Valley,1,0,0,48.36435097,-106.6669635,30105.0,13.520822065981612,0.0,1,1,0,0,1,1,7437,0,0,0,0,0
2020-06-21,US,Montana,Wheatland,1,0,0,46.46652491,-109.8464636,30107.0,47.036688617121364,0.0,1,1,0,0,1,1,2236,0,0,0,0,0
2020-06-21,US,Montana,Yellowstone,123,3,0,45.93955949,-108.2691486,30111.0,76.25542467451953,2.4390243902439024,120,120,3,0,117,115,160137,3,0,0,3,5
2020-06-21,US,Nebraska,Adams,282,11,0,40.52449420000001,-98.50117804,31001.0,899.1486783789816,3.9007092198581566,271,281,11,0,270,280,31511,1,0,0,1,1
2020-06-21,US,Nebraska,Antelope,8,0,0,42.17695516,-98.0666283,31003.0,127.02445220704986,0.0,8,8,0,0,8,8,6336,0,0,0,0,0
2020-06-21,US,Nebraska,Banner,1,0,0,41.54634427,-103.7114332,31007.0,134.2281879194631,0.0,1,1,0,0,1,1,730,0,0,0,0,0
2020-06-21,US,Nebraska,Boone,7,0,0,41.70759415,-98.06737183,31011.0,134.82280431432974,0.0,7,7,0,0,7,7,5239,0,0,0,0,0
2020-06-21,US,Nebraska,Box Butte,3,0,0,42.22079243,-103.0878834,31013.0,27.821570991375317,0.0,3,3,0,0,3,3,10772,0,0,0,0,0
2020-06-21,US,Nebraska,Boyd,1,0,0,42.8997274,-98.76486568,31015.0,52.11047420531528,0.0,1,1,0,0,1,1,1955,0,0,0,0,0
2020-06-21,US,Nebraska,Buffalo,179,1,0,40.85486962,-99.07500296,31019.0,360.4583257818321,0.5586592178770949,178,179,1,0,178,178,49615,0,0,0,0,1
2020-06-21,US,Nebraska,Burt,11,0,0,41.85056773,-96.32605633,31021.0,170.3050007741136,0.0,11,11,0,0,11,11,6488,0,0,0,0,0
2020-06-21,US,Nebraska,Butler,51,0,0,41.22703692,-97.13106306,31023.0,636.2275449101796,0.0,51,51,0,0,51,51,8058,0,0,0,0,0
2020-06-21,US,Nebraska,Cass,61,0,0,40.90899107,-96.13971217,31025.0,232.39865894544343,0.0,61,61,0,0,61,60,26159,0,0,0,0,1
2020-06-21,US,Nebraska,Cedar,9,0,0,42.5988851,-97.25311951,31027.0,107.11735301118782,0.0,9,9,0,0,9,9,8446,0,0,0,0,0
2020-06-21,US,Nebraska,Chase,1,0,0,40.5237198,-101.6978026,31029.0,25.4841997961264,0.0,1,1,0,0,1,1,3977,0,0,0,0,0
2020-06-21,US,Nebraska,Cherry,1,0,0,42.54502621,-101.1244332,31031.0,17.577781683951486,0.0,1,1,0,0,1,1,5761,0,0,0,0,0
2020-06-21,US,Nebraska,Cheyenne,13,0,0,41.21999357,-102.9941693,31033.0,145.90347923681256,0.0,13,13,0,0,13,13,9310,0,0,0,0,0
2020-06-21,US,Nebraska,Clay,27,0,0,40.52439441,-98.05126296,31035.0,435.2732548766726,0.0,27,27,0,0,27,25,6214,0,0,0,0,2
2020-06-21,US,Nebraska,Colfax,658,4,0,41.57486951,-97.0868542,31037.0,6144.364553179568,0.6079027355623101,654,657,4,0,653,655,10881,1,0,0,1,2
2020-06-21,US,Nebraska,Cuming,34,0,0,41.91637624,-96.78730772,31039.0,384.35451051322633,0.0,34,34,0,0,34,34,8940,0,0,0,0,0
2020-06-21,US,Nebraska,Custer,34,4,0,41.39374521,-99.72805369,31041.0,315.4866846061056,11.764705882352944,30,34,4,0,30,34,10840,0,0,0,0,0
2020-06-21,US,Nebraska,Dakota,1739,29,0,42.39040144,-96.56656425,31043.0,8683.711175471886,1.6676250718803909,1710,1738,29,0,1709,1737,20083,1,0,0,1,1
2020-06-21,US,Nebraska,Dawes,2,0,0,42.71985036,-103.1313774,31045.0,23.285597857725,0.0,2,2,0,0,2,2,8716,0,0,0,0,0
2020-06-21,US,Nebraska,Dawson,850,8,0,40.87028216,-99.8201461,31047.0,3602.4581479126928,0.9411764705882352,842,849,8,0,841,848,23709,1,0,0,1,1
2020-06-21,US,Nebraska,Dixon,43,1,0,42.49188363,-96.86782408,31051.0,762.9524485450675,2.3255813953488373,42,40,1,0,39,40,5709,3,0,0,3,0
2020-06-21,US,Nebraska,Dodge,654,6,0,41.58071748,-96.65598179,31053.0,1788.5956515793794,0.9174311926605504,648,654,6,0,648,652,36791,0,0,0,0,2
2020-06-21,US,Nebraska,Douglas,6299,77,0,41.29518299,-96.15085305,31055.0,1102.520973102969,1.2224162565486585,6222,6234,77,0,6157,6169,566880,65,0,0,65,65
2020-06-21,US,Nebraska,Fillmore,13,1,0,40.52458567,-97.59646937,31059.0,238.00805565726841,7.6923076923076925,12,13,1,0,12,13,5527,0,0,0,0,0
2020-06-21,US,Nebraska,Franklin,6,0,0,40.17636348,-98.95299073,31061.0,201.40986908358508,0.0,6,6,0,0,6,6,3023,0,0,0,0,0
2020-06-21,US,Nebraska,Frontier,1,0,0,40.52993007,-100.3924658,31063.0,38.06623524933384,0.0,1,1,0,0,1,1,2608,0,0,0,0,0
2020-06-21,US,Nebraska,Furnas,9,1,0,40.17642064,-99.91247454,31065.0,192.4721984602224,11.111111111111109,8,9,1,0,8,9,4715,0,0,0,0,0
2020-06-21,US,Nebraska,Gage,47,4,0,40.26186809,-96.68946704,31067.0,218.47255148050016,8.51063829787234,43,47,4,0,43,46,21493,0,0,0,0,1
2020-06-21,US,Nebraska,Garden,4,0,0,41.61703149,-102.3313973,31069.0,217.74632553075668,0.0,4,4,0,0,4,4,1897,0,0,0,0,0
2020-06-21,US,Nebraska,Garfield,1,0,0,41.91428955,-98.99111827,31071.0,50.787201625190455,0.0,1,1,0,0,1,1,1987,0,0,0,0,0
2020-06-21,US,Nebraska,Gosper,13,0,0,40.51481965,-99.83020279,31073.0,653.2663316582915,0.0,13,13,0,0,13,13,1996,0,0,0,0,0
2020-06-21,US,Nebraska,Greeley,3,0,0,41.56742671,-98.52150266,31077.0,127.33446519524618,0.0,3,3,0,0,3,3,2356,0,0,0,0,0
2020-06-21,US,Nebraska,Hall,1574,45,0,40.87257079,-98.50218293,31079.0,2565.4817205352633,2.8589580686149936,1529,1571,45,0,1526,1571,61607,3,0,0,3,0
2020-06-21,US,Nebraska,Hamilton,58,11,0,40.87349452,-98.02099117,31081.0,622.050622050622,18.96551724137931,47,57,11,0,46,57,9280,1,0,0,1,0
2020-06-21,US,Nebraska,Hitchcock,1,0,0,40.17609175,-101.0416477,31087.0,36.205648081100655,0.0,1,1,0,0,1,1,2806,0,0,0,0,0
2020-06-21,US,Nebraska,Holt,1,0,0,42.45522056,-98.78402558,31089.0,9.933445912387008,0.0,1,1,0,0,1,1,10178,0,0,0,0,0
2020-06-21,US,Nebraska,Howard,44,4,0,41.2200529,-98.5166499,31093.0,682.6997672614431,9.090909090909092,40,44,4,0,40,44,6468,0,0,0,0,0
2020-06-21,US,Nebraska,Jefferson,9,0,0,40.17584531,-97.142601,31095.0,127.73204655123476,0.0,9,9,0,0,9,9,7097,0,0,0,0,0
2020-06-21,US,Nebraska,Johnson,6,0,0,40.39257596,-96.26522753,31097.0,118.3198580161704,0.0,6,6,0,0,6,6,5134,0,0,0,0,0
2020-06-21,US,Nebraska,Kearney,12,0,0,40.50663314,-98.94877182,31099.0,184.75750577367202,0.0,12,12,0,0,12,12,6544,0,0,0,0,0
2020-06-21,US,Nebraska,Keith,2,0,0,41.19930341,-101.6620164,31101.0,24.894199651481205,0.0,2,2,0,0,2,2,8021,0,0,0,0,0
2020-06-21,US,Nebraska,Kimball,8,0,0,41.19774275,-103.7148131,31105.0,220.26431718061676,0.0,8,8,0,0,8,8,3618,0,0,0,0,0
2020-06-21,US,Nebraska,Knox,16,0,0,42.63758421,-97.89178836,31107.0,192.03072491598653,0.0,16,16,0,0,16,16,8419,0,0,0,0,0
2020-06-21,US,Nebraska,Lancaster,1601,10,0,40.78416049,-96.68777155,31109.0,501.7393211946473,0.6246096189881324,1591,1597,10,0,1587,1586,317272,4,0,0,4,11
2020-06-21,US,Nebraska,Lincoln,54,2,0,41.04658298,-100.7475374,31111.0,154.66575012888813,3.703703703703704,52,54,2,0,52,54,35185,0,0,0,0,0
2020-06-21,US,Nebraska,Madison,344,4,0,41.91676024,-97.6005481,31119.0,980.0849027037808,1.162790697674419,340,344,4,0,340,344,35392,0,0,0,0,0
2020-06-21,US,Nebraska,Merrick,37,0,0,41.16624273,-98.0374887,31121.0,477.1115409413282,0.0,37,37,0,0,37,37,7733,0,0,0,0,0
2020-06-21,US,Nebraska,Morrill,14,0,0,41.71711774,-103.0061405,31123.0,301.5941404566997,0.0,14,14,0,0,14,14,4686,0,0,0,0,0
2020-06-21,US,Nebraska,Nance,4,0,0,41.39750195,-97.99327291,31125.0,113.66865586814436,0.0,4,4,0,0,4,4,3532,0,0,0,0,0
2020-06-21,US,Nebraska,Nemaha,5,0,0,40.38514847,-95.85433992,31127.0,71.7154331612163,0.0,5,5,0,0,5,5,6958,0,0,0,0,0
2020-06-21,US,Nebraska,Nuckolls,1,0,0,40.17637905,-98.04743961,31129.0,24.10800385728061,0.0,1,1,0,0,1,1,4195,0,0,0,0,0
2020-06-21,US,Nebraska,Otoe,14,0,0,40.64843556,-96.13374142,31131.0,87.43442418186359,0.0,14,13,0,0,13,14,15985,1,0,0,1,-1
2020-06-21,US,Nebraska,Phelps,21,0,0,40.51156033,-99.41461667,31137.0,232.45516936019482,0.0,21,21,0,0,21,21,8996,0,0,0,0,0
2020-06-21,US,Nebraska,Pierce,6,0,0,42.26434853,-97.60122773,31139.0,83.93956351426971,0.0,6,6,0,0,6,6,7142,0,0,0,0,0
2020-06-21,US,Nebraska,Platte,652,2,0,41.57246836,-97.52144359,31141.0,1948.013146100986,0.3067484662576687,650,652,2,0,650,652,33363,0,0,0,0,0
2020-06-21,US,Nebraska,Polk,12,0,0,41.18813488,-97.56630712,31143.0,230.19374640322275,0.0,12,12,0,0,12,12,5278,0,0,0,0,0
2020-06-21,US,Nebraska,Red Willow,6,0,0,40.17556879999999,-100.476998,31145.0,55.949272659455424,0.0,6,6,0,0,6,6,10726,0,0,0,0,0
2020-06-21,US,Nebraska,Richardson,5,1,0,40.1247415,-95.71755036,31147.0,63.57279084551812,20.0,4,5,1,0,4,5,7937,0,0,0,0,0
2020-06-21,US,Nebraska,Saline,525,2,0,40.52418865,-97.14085859,31151.0,3690.944881889764,0.3809523809523809,523,525,2,0,523,525,14350,0,0,0,0,0
2020-06-21,US,Nebraska,Sarpy,1018,8,0,41.11314181,-96.11156432,31153.0,543.8150387828799,0.7858546168958742,1010,998,8,0,990,982,184459,20,0,0,20,16
2020-06-21,US,Nebraska,Saunders,63,2,0,41.2278103,-96.63773905,31155.0,291.96403744554635,3.1746031746031744,61,61,2,0,59,60,21303,2,0,0,2,1
2020-06-21,US,Nebraska,Scotts Bluff,190,2,0,41.85070896,-103.7080986,31157.0,533.4381492503791,1.0526315789473684,188,188,2,0,186,187,35989,2,0,0,2,1
2020-06-21,US,Nebraska,Seward,32,1,0,40.87241834,-97.139673,31159.0,185.1423281647767,3.125,31,32,1,0,31,32,17318,0,0,0,0,0
2020-06-21,US,Nebraska,Sherman,5,0,0,41.22045983,-98.97588642,31163.0,166.61112962345885,0.0,5,5,0,0,5,5,3038,0,0,0,0,0
2020-06-21,US,Nebraska,Sioux,1,0,0,42.48932059,-103.7576544,31165.0,85.76329331046313,0.0,1,1,0,0,1,1,1187,0,0,0,0,0
2020-06-21,US,Nebraska,Stanton,21,0,0,41.9169835,-97.19394708,31167.0,354.72972972972974,0.0,21,21,0,0,21,21,5970,0,0,0,0,0
2020-06-21,US,Nebraska,Thayer,1,0,0,40.17626377,-97.59504381,31169.0,19.98800719568259,0.0,1,1,0,0,1,1,5039,0,0,0,0,0
2020-06-21,US,Nebraska,Thomas,1,0,0,41.91358968,-100.5556632,31171.0,138.50415512465375,0.0,1,1,0,0,1,1,720,0,0,0,0,0
2020-06-21,US,Nebraska,Thurston,72,1,0,42.15725356,-96.54157099,31173.0,996.6777408637872,1.3888888888888888,71,72,1,0,71,72,7303,0,0,0,0,0
2020-06-21,US,Nebraska,Unassigned,187,1,0,0.0,0.0,90031.0,0.0,0.5347593582887701,186,187,1,0,186,176,,0,0,0,0,11
2020-06-21,US,Nebraska,Valley,7,0,0,41.56730777,-98.98197724,31175.0,168.3501683501684,0.0,7,7,0,0,7,7,4190,0,0,0,0,0
2020-06-21,US,Nebraska,Washington,45,1,0,41.52815707,-96.22019892,31177.0,217.0871725601814,2.2222222222222223,44,45,1,0,44,43,20667,0,0,0,0,2
2020-06-21,US,Nebraska,Wayne,26,0,0,42.20934475,-97.11926964,31179.0,277.0378263185935,0.0,26,26,0,0,26,26,9403,0,0,0,0,0
2020-06-21,US,Nebraska,Webster,6,0,0,40.17642643,-98.50019851,31181.0,172.0676799541153,0.0,6,6,0,0,6,6,3533,0,0,0,0,0
2020-06-21,US,Nebraska,York,40,0,0,40.87272618,-97.59710186,31185.0,292.41903647927484,0.0,40,40,0,0,40,39,13772,0,0,0,0,1
2020-06-21,US,Nevada,Carson City,128,5,0,39.15509045,-119.7480219,32510.0,228.91480077258743,3.90625,123,127,5,0,122,126,55414,1,0,0,1,1
2020-06-21,US,Nevada,Churchill,10,1,0,39.58105744,-118.3394607,32001.0,40.14613192018949,10.0,9,10,1,0,9,10,24440,0,0,0,0,0
2020-06-21,US,Nevada,Clark,10486,398,0,36.21458855,-115.0130241,32003.0,462.6077826281646,3.7955369063513262,10088,10259,397,0,9862,9852,2231647,227,1,0,226,407
2020-06-21,US,Nevada,Douglas,52,0,0,38.912862,-119.6171333,32005.0,106.32859625805132,0.0,52,49,0,0,49,49,48467,3,0,0,3,0
2020-06-21,US,Nevada,Elko,60,1,0,41.14531606,-115.3577619,32007.0,113.68373185797114,1.6666666666666667,59,58,1,0,57,56,52460,2,0,0,2,2
2020-06-21,US,Nevada,Humboldt,79,4,0,41.40692186,-118.1109427,32013.0,469.3719921573288,5.063291139240507,75,79,4,0,75,79,16786,0,0,0,0,0
2020-06-21,US,Nevada,Lander,24,0,0,39.9332233,-117.0397075,32015.0,433.8394793926248,0.0,24,26,0,0,26,26,5575,-2,0,0,-2,0
2020-06-21,US,Nevada,Lincoln,2,0,0,37.64268459,-114.8790388,32017.0,38.58769052672198,0.0,2,2,0,0,2,2,5201,0,0,0,0,0
2020-06-21,US,Nevada,Lyon,99,2,0,39.01777974,-119.1870479,32019.0,172.1439749608764,2.0202020202020203,97,98,2,0,96,98,55808,1,0,0,1,0
2020-06-21,US,Nevada,Mineral,4,0,0,38.53841696,-118.4344506,32021.0,88.79023307436182,0.0,4,4,0,0,4,4,4514,0,0,0,0,0
2020-06-21,US,Nevada,Nye,78,3,0,38.04264256,-116.4722702,32023.0,167.65900737269737,3.8461538461538463,75,76,3,0,73,76,45346,2,0,0,2,0
2020-06-21,US,Nevada,Pershing,5,0,0,40.44003782,-118.40056409999998,32027.0,74.34944237918216,0.0,5,5,0,0,5,5,6666,0,0,0,0,0
2020-06-21,US,Nevada,Storey,1,0,0,39.44875482,-119.5250207,32029.0,24.254183846713556,0.0,1,1,0,0,1,1,4029,0,0,0,0,0
2020-06-21,US,Nevada,Washoe,2209,73,0,40.66562265,-119.6631594,32031.0,468.485893463466,3.3046627433227704,2136,2179,73,0,2106,2137,465735,30,0,0,30,42
2020-06-21,US,Nevada,White Pine,3,0,0,39.44157041,-114.899966,32033.0,31.315240083507305,0.0,3,3,0,0,3,3,9475,0,0,0,0,0
2020-06-21,US,New Hampshire,Belknap,78,1,0,43.51637314,-71.41684235,33001.0,127.23683995889273,1.2820512820512822,77,78,1,0,77,77,61022,0,0,0,0,1
2020-06-21,US,New Hampshire,Carroll,52,0,0,43.87498583,-71.20430216,33003.0,106.31772643631159,0.0,52,51,0,0,51,51,48779,1,0,0,1,0
2020-06-21,US,New Hampshire,Cheshire,64,2,0,42.92015988,-72.25311043,33005.0,84.11644870868108,3.125,62,64,2,0,62,63,76493,0,0,0,0,1
2020-06-21,US,New Hampshire,Coos,6,0,0,44.69063265,-71.30633239,33007.0,19.0095998479232,0.0,6,6,0,0,6,6,31589,0,0,0,0,0
2020-06-21,US,New Hampshire,Grafton,76,1,0,43.93779815,-71.82057197,33009.0,84.55154306566095,1.3157894736842106,75,76,1,0,75,76,89786,0,0,0,0,0
2020-06-21,US,New Hampshire,Hillsborough,3126,220,0,42.91537785,-71.7200253,33011.0,749.5953480007194,7.037747920665388,2906,3110,220,0,2890,3087,415247,16,0,0,16,23
2020-06-21,US,New Hampshire,Merrimack,396,18,0,43.29662971,-71.6811573,33013.0,261.5743340092872,4.545454545454546,378,396,18,0,378,393,151132,0,0,0,0,3
2020-06-21,US,New Hampshire,Rockingham,1436,83,0,42.98499744,-71.12883377,33015.0,463.5712417963063,5.779944289693593,1353,1429,83,0,1346,1427,309176,7,0,0,7,2
2020-06-21,US,New Hampshire,Strafford,284,13,0,43.291833,-71.02336013,33017.0,217.40295331195026,4.577464788732393,271,283,13,0,270,281,130090,1,0,0,1,2
2020-06-21,US,New Hampshire,Sullivan,24,1,0,43.36094111,-72.22203125,33019.0,55.62508691419831,4.166666666666667,23,24,1,0,23,24,43144,0,0,0,0,0
2020-06-21,US,New Hampshire,Unassigned,2,0,0,0.0,0.0,90033.0,0.0,0.0,2,1,0,0,1,1,,1,0,0,1,0
2020-06-21,US,New Jersey,Atlantic,2702,188,0,39.47538693,-74.65848483,34001.0,1024.765805742026,6.9578090303478906,2514,2638,189,0,2449,2619,265429,64,-1,0,65,19
2020-06-21,US,New Jersey,Bergen,19010,1696,0,40.96010917,-74.07164325,34003.0,2039.2575858022187,8.921620199894793,17314,18996,1693,0,17303,18967,936692,14,3,0,11,29
2020-06-21,US,New Jersey,Burlington,5023,371,0,39.87681124,-74.66927768,34005.0,1127.8794832816513,7.38602428827394,4652,4994,370,0,4624,4981,445384,29,1,0,28,13
2020-06-21,US,New Jersey,Camden,7135,416,0,39.80343818,-74.96388753,34007.0,1408.7677280634036,5.83041345480028,6719,7117,416,0,6701,7088,507078,18,0,0,18,29
2020-06-21,US,New Jersey,Cape May,688,62,0,39.15008829,-74.80170244,34009.0,747.5092080531081,9.011627906976743,626,705,62,0,643,681,92560,-17,0,0,-17,24
2020-06-21,US,New Jersey,Cumberland,2847,124,0,39.37199394,-75.10712559,34011.0,1904.00395915119,4.355461889708465,2723,2792,123,0,2669,2767,150972,55,1,0,54,25
2020-06-21,US,New Jersey,Essex,18551,1760,0,40.78681335,-74.24657979,34013.0,2321.849870146125,9.487359172012289,16791,18531,1759,0,16772,18533,799767,20,1,0,19,-2
2020-06-21,US,New Jersey,Gloucester,2467,171,0,39.71581067,-75.13995546,34015.0,845.9175136128598,6.931495743818402,2296,2457,171,0,2286,2451,291408,10,0,0,10,6
2020-06-21,US,New Jersey,Hudson,19280,1294,0,40.73766234,-74.07515667,34017.0,2867.3792480863067,6.711618257261411,17986,19280,1294,0,17986,19257,676061,0,0,0,0,23
2020-06-21,US,New Jersey,Hunterdon,1054,67,0,40.56335249,-74.91284156,34019.0,847.4644410674513,6.356736242884249,987,1053,67,0,986,1050,124714,1,0,0,1,3
2020-06-21,US,New Jersey,Mercer,7541,524,0,40.28047017,-74.70479631,34021.0,2052.3637155376528,6.948680546346639,7017,7489,524,0,6965,7463,369811,52,0,0,52,26
2020-06-21,US,New Jersey,Middlesex,16605,1101,0,40.43629879,-74.41426991,34023.0,2012.5760245896674,6.630532971996387,15504,16592,1100,0,15492,16563,829685,13,1,0,12,29
2020-06-21,US,New Jersey,Monmouth,8942,695,0,40.26549699,-74.22240686,34025.0,1445.0666214174325,7.772310445090584,8247,8925,694,0,8231,8876,621354,17,1,0,16,49
2020-06-21,US,New Jersey,Morris,6699,641,0,40.86095313,-74.54553709999998,34027.0,1362.0144557736685,9.568592327213015,6058,6689,639,0,6050,6679,494228,10,2,0,8,10
2020-06-21,US,New Jersey,Ocean,9425,847,0,39.8895449,-74.28089251,34029.0,1552.2426406405946,8.986737400530506,8578,9413,845,0,8568,9382,601651,12,2,0,10,31
2020-06-21,US,New Jersey,Passaic,16769,1014,0,41.03238628,-74.29954144,34031.0,3341.596489619908,6.046872204663368,15755,16735,1013,0,15722,16725,503310,34,1,0,33,10
2020-06-21,US,New Jersey,Salem,750,64,0,39.58719656,-75.34696629999998,34033.0,1202.212070209185,8.533333333333333,686,748,64,0,684,745,62607,2,0,0,2,3
2020-06-21,US,New Jersey,Somerset,4813,438,0,40.56465737,-74.61683016,34035.0,1463.2114649139344,9.1003532100561,4375,4806,438,0,4368,4796,331164,7,0,0,7,10
2020-06-21,US,New Jersey,Sussex,1220,189,0,41.13891592,-74.69118243,34037.0,868.4015716644838,15.491803278688526,1031,1216,186,0,1030,1213,140799,4,3,0,1,3
2020-06-21,US,New Jersey,Unassigned,83,0,0,0.0,0.0,90034.0,0.0,0.0,83,149,0,0,149,160,,-66,0,0,-66,-11
2020-06-21,US,New Jersey,Union,16322,1135,0,40.65835409,-74.30680092,34039.0,2933.812176345083,6.953804680798923,15187,16298,1135,0,15163,16291,558067,24,0,0,24,7
2020-06-21,US,New Jersey,Warren,1216,142,0,40.85951833,-74.99556527,34041.0,1155.157836738959,11.677631578947368,1074,1211,142,0,1069,1209,105779,5,0,0,5,2
2020-06-21,US,New Mexico,Bernalillo,1805,82,0,35.05163625,-106.6703554,35001.0,265.7847423360491,4.542936288088644,1723,1792,82,0,1710,1777,678701,13,0,0,13,15
2020-06-21,US,New Mexico,Catron,2,1,0,33.91514144,-108.4046587,35003.0,56.70541536716757,50.0,1,2,1,0,1,2,3578,0,0,0,0,0
2020-06-21,US,New Mexico,Chaves,64,2,0,33.36406072,-104.4665365,35005.0,99.0482086202894,3.125,62,64,2,0,62,64,64689,0,0,0,0,0
2020-06-21,US,New Mexico,Cibola,196,11,0,34.91131525,-107.998876,35006.0,734.7703842549204,5.612244897959183,185,194,11,0,183,194,26746,2,0,0,2,0
2020-06-21,US,New Mexico,Colfax,9,0,0,36.60569702,-104.64726740000002,35007.0,75.37057197889624,0.0,9,9,0,0,9,8,12110,0,0,0,0,1
2020-06-21,US,New Mexico,Curry,110,0,0,34.57421077,-103.3468876,35009.0,224.70073946970626,0.0,110,108,0,0,108,101,49437,2,0,0,2,7
2020-06-21,US,New Mexico,Dona Ana,718,6,0,32.35275771,-106.83293870000001,35013.0,329.0634524164165,0.8356545961002786,712,700,6,0,694,692,217522,18,0,0,18,8
2020-06-21,US,New Mexico,Eddy,53,1,0,32.47167456,-104.3053527,35015.0,90.66028053369827,1.8867924528301887,52,51,1,0,50,49,57900,2,0,0,2,2
2020-06-21,US,New Mexico,Grant,17,0,0,32.73911281,-108.3827845,35017.0,62.96762723164679,0.0,17,16,0,0,16,16,27346,1,0,0,1,0
2020-06-21,US,New Mexico,Guadalupe,20,0,0,34.86319296,-104.790669,35019.0,465.11627906976736,0.0,20,20,0,0,20,20,4341,0,0,0,0,0
2020-06-21,US,New Mexico,Harding,1,0,0,35.85751555,-103.8220938,35021.0,160.0,0.0,1,1,0,0,1,1,655,0,0,0,0,0
2020-06-21,US,New Mexico,Hidalgo,28,0,0,31.91383467,-108.7151824,35023.0,666.9842782277275,0.0,28,26,0,0,26,26,4240,2,0,0,2,0
2020-06-21,US,New Mexico,Lea,67,0,0,32.79215361,-103.4123733,35025.0,94.27325172365272,0.0,67,66,0,0,66,58,69611,1,0,0,1,8
2020-06-21,US,New Mexico,Lincoln,7,0,0,33.74526079,-105.4586166,35027.0,35.765379113018604,0.0,7,7,0,0,7,7,19556,0,0,0,0,0
2020-06-21,US,New Mexico,Los Alamos,7,0,0,35.86631386,-106.3134985,35028.0,36.14022406938923,0.0,7,7,0,0,7,7,19101,0,0,0,0,0
2020-06-21,US,New Mexico,Luna,54,2,0,32.18179341,-107.75088259999998,35029.0,227.76160951537392,3.703703703703704,52,49,2,0,47,47,23963,5,0,0,5,2
2020-06-21,US,New Mexico,McKinley,3073,161,0,35.58007720000001,-108.262245,35031.0,4305.91169588185,5.239179954441913,2912,3041,159,0,2882,3009,72290,32,2,0,30,32
2020-06-21,US,New Mexico,Otero,31,6,0,32.61348406,-105.7417604,35035.0,45.93273077492962,19.354838709677423,25,32,6,0,26,32,66781,-1,0,0,-1,0
2020-06-21,US,New Mexico,Quay,5,1,0,35.10403332,-103.5481727,35037.0,60.5840300496789,20.0,4,5,1,0,4,5,8253,0,0,0,0,0
2020-06-21,US,New Mexico,Rio Arriba,79,1,0,36.51072137,-106.6931674,35039.0,202.97525757303256,1.2658227848101269,78,79,1,0,78,73,39006,0,0,0,0,6
2020-06-21,US,New Mexico,Roosevelt,53,1,0,34.02097406,-103.4799493,35041.0,286.4864864864865,1.8867924528301887,52,53,1,0,52,54,18743,0,0,0,0,-1
2020-06-21,US,New Mexico,San Juan,2183,155,0,36.50838318,-108.320437,35045.0,1761.0803659303958,7.100320659642692,2028,2173,154,0,2019,2165,125043,10,1,0,9,8
2020-06-21,US,New Mexico,San Miguel,18,0,0,35.48014807,-104.8163562,35047.0,65.98966161967958,0.0,18,18,0,0,18,18,27591,0,0,0,0,0
2020-06-21,US,New Mexico,Sandoval,675,28,0,35.68862401,-106.8687803,35043.0,459.97219723607816,4.148148148148148,647,672,28,0,644,662,145179,3,0,0,3,10
2020-06-21,US,New Mexico,Santa Fe,196,3,0,35.50708973,-105.9774716,35049.0,130.3555514172841,1.5306122448979589,193,193,3,0,190,188,150056,3,0,0,3,5
2020-06-21,US,New Mexico,Sierra,5,0,0,33.13028233,-107.1925893,35051.0,46.33490872022982,0.0,5,5,0,0,5,5,10968,0,0,0,0,0
2020-06-21,US,New Mexico,Socorro,56,5,0,34.00715494,-106.9298354,35053.0,336.5991464807357,8.928571428571429,51,55,5,0,50,55,16735,1,0,0,1,0
2020-06-21,US,New Mexico,Taos,33,0,0,36.58006022,-105.6310198,35055.0,100.84649940408887,0.0,33,33,0,0,33,33,32835,0,0,0,0,0
2020-06-21,US,New Mexico,Torrance,36,1,0,34.64048375,-105.8508949,35057.0,232.84392988810555,2.7777777777777777,35,36,1,0,35,34,15591,0,0,0,0,2
2020-06-21,US,New Mexico,Unassigned,863,0,0,0.0,0.0,90035.0,0.0,0.0,863,822,0,0,822,758,,41,0,0,41,64
2020-06-21,US,New Mexico,Union,5,0,0,36.48126404,-103.4709624,35059.0,123.1830500123183,0.0,5,5,0,0,5,5,4118,0,0,0,0,0
2020-06-21,US,New Mexico,Valencia,96,2,0,34.71669834,-106.8103733,35061.0,125.18255789693303,2.083333333333333,94,96,2,0,94,95,76456,0,0,0,0,1
2020-06-21,US,New York,Albany,2054,120,0,42.60060306,-73.97723916,36001.0,672.3272210693078,5.8422590068159685,1934,2053,120,0,1933,2049,307117,1,0,0,1,4
2020-06-21,US,New York,Allegany,58,0,0,42.25748406,-78.02750466,36003.0,125.83801609858757,0.0,58,58,0,0,58,58,46430,0,0,0,0,0
2020-06-21,US,New York,Broome,668,52,0,42.15903158,-75.81326086,36007.0,350.6782579480073,7.7844311377245505,616,665,52,0,613,663,191659,3,0,0,3,2
2020-06-21,US,New York,Cattaraugus,115,5,0,42.24778241,-78.67923096,36009.0,151.08320086183113,4.3478260869565215,110,113,5,0,108,109,76840,2,0,0,2,4
2020-06-21,US,New York,Cayuga,108,2,0,42.91261714,-76.55731592,36011.0,141.03635603844546,1.851851851851852,106,108,2,0,106,107,77145,0,0,0,0,1
2020-06-21,US,New York,Chautauqua,116,4,0,42.22769210000001,-79.36691763,36013.0,91.40839854061764,3.4482758620689653,112,115,4,0,111,112,127939,1,0,0,1,3
2020-06-21,US,New York,Chemung,139,2,0,42.13891056,-76.7638805,36015.0,166.55483128834356,1.4388489208633093,137,139,2,0,137,139,84254,0,0,0,0,0
2020-06-21,US,New York,Chenango,139,5,0,42.49430041,-75.60887553,36017.0,294.4478573092974,3.5971223021582728,134,139,5,0,134,139,47536,0,0,0,0,0
2020-06-21,US,New York,Clinton,100,4,0,44.74530905,-73.67875352,36019.0,124.24675405355036,4.0,96,100,4,0,96,99,80695,0,0,0,0,1
2020-06-21,US,New York,Columbia,451,37,0,42.24819348,-73.63089095,36021.0,758.4803484636989,8.203991130820397,414,451,37,0,414,446,59916,0,0,0,0,5
2020-06-21,US,New York,Cortland,44,0,0,42.59509207,-76.07048931,36023.0,92.47388663542169,0.0,44,44,0,0,44,44,47823,0,0,0,0,0
2020-06-21,US,New York,Delaware,90,4,0,42.19837623,-74.96709306,36025.0,203.91979154865749,4.4444444444444455,86,90,4,0,86,89,44527,0,0,0,0,1
2020-06-21,US,New York,Dutchess,4138,151,0,41.76486060000001,-73.74356679,36027.0,1406.4401226301584,3.6491058482358634,3987,4127,150,0,3977,4110,293718,11,1,0,10,17
2020-06-21,US,New York,Erie,7004,623,0,42.76249024,-78.73063652,36029.0,762.3799665179787,8.894917190177042,6381,6980,621,0,6359,6955,919719,24,2,0,22,25
2020-06-21,US,New York,Essex,41,0,0,44.11630765,-73.77297842,36031.0,111.15629659753289,0.0,41,41,0,0,41,40,37300,0,0,0,0,1
2020-06-21,US,New York,Franklin,27,0,0,44.59040891,-74.29926032,36033.0,53.976250449802095,0.0,27,27,0,0,27,27,50293,0,0,0,0,0
2020-06-21,US,New York,Fulton,243,24,0,43.11363907,-74.41798804,36035.0,455.20109398123003,9.876543209876543,219,243,24,0,219,237,53591,0,0,0,0,6
2020-06-21,US,New York,Genesee,222,5,0,43.0022601,-78.19135193,36037.0,387.5698324022346,2.2522522522522523,217,222,5,0,217,218,57511,0,0,0,0,4
2020-06-21,US,New York,Greene,256,18,0,42.275797,-74.12384884,36039.0,542.5108078324998,7.03125,238,255,18,0,237,254,47491,1,0,0,1,1
2020-06-21,US,New York,Hamilton,6,0,0,43.66146647,-74.49721957,36041.0,135.8695652173913,0.0,6,6,0,0,6,6,4434,0,0,0,0,0
2020-06-21,US,New York,Herkimer,136,3,0,43.42034246,-74.96145307,36043.0,221.79096201829776,2.2058823529411766,133,134,3,0,131,131,61833,2,0,0,2,3
2020-06-21,US,New York,Jefferson,84,0,0,44.04200959,-75.94653457,36045.0,76.47905020303368,0.0,84,83,0,0,83,82,111755,1,0,0,1,1
2020-06-21,US,New York,Lewis,23,0,0,43.7844157,-75.44903992,36049.0,87.46577426224519,0.0,23,22,0,0,22,21,26447,1,0,0,1,1
2020-06-21,US,New York,Livingston,123,8,0,42.72596275,-77.77966158,36051.0,195.5049750453,6.5040650406504055,115,123,8,0,115,123,63227,0,0,0,0,0
2020-06-21,US,New York,Madison,345,17,0,42.91653905,-75.67266639,36053.0,486.3196177104918,4.9275362318840585,328,343,17,0,326,342,70795,2,0,0,2,1
2020-06-21,US,New York,Monroe,3498,259,0,43.14638895,-77.69322942,36055.0,471.57474688919746,7.404230989136648,3239,3487,259,0,3228,3461,742474,11,0,0,11,26
2020-06-21,US,New York,Montgomery,106,4,0,42.90123494,-74.44011632,36057.0,215.35523455435688,3.7735849056603774,102,106,4,0,102,106,49455,0,0,0,0,0
2020-06-21,US,New York,Nassau,41479,2178,0,40.74066522,-73.58941873,36059.0,3056.840324144904,5.250849827623616,39301,41443,2175,0,39268,41387,1358343,36,3,0,33,56
2020-06-21,US,New York,New York City,212446,22278,0,40.76727260000001,-73.97152637,36061.0,2548.2867142219866,10.486429492671078,190168,212061,22244,0,189817,211670,1628701,385,34,0,351,391
2020-06-21,US,New York,Niagara,1192,87,0,43.19898042,-78.74777412,36063.0,569.5691438783263,7.298657718120805,1105,1188,87,0,1101,1185,210433,4,0,0,4,3
2020-06-21,US,New York,Oneida,1393,77,0,43.24375382,-75.43710392,36065.0,609.172129391134,5.527638190954773,1316,1378,77,0,1301,1357,229577,15,0,0,15,21
2020-06-21,US,New York,Onondaga,2666,178,0,43.00491923,-76.19971155,36067.0,578.9007400201508,6.676669167291823,2488,2644,178,0,2466,2634,461809,22,0,0,22,10
2020-06-21,US,New York,Ontario,240,9,0,42.85145728,-77.30874425,36069.0,218.6250307441449,3.75,231,239,9,0,230,239,109864,1,0,0,1,0
2020-06-21,US,New York,Orange,10648,473,0,41.40337468,-74.30240757,36071.0,2766.145373304931,4.4421487603305785,10175,10638,473,0,10165,10620,381951,10,0,0,10,18
2020-06-21,US,New York,Orleans,276,50,0,43.2516977,-78.2320066,36073.0,683.9809674861223,18.115942028985508,226,275,50,0,225,274,40612,1,0,0,1,1
2020-06-21,US,New York,Oswego,173,3,0,43.42778894,-76.14635194,36075.0,147.70670400601068,1.7341040462427746,170,169,3,0,166,167,117898,4,0,0,4,2
2020-06-21,US,New York,Otsego,82,5,0,42.63492579,-75.03151402,36077.0,137.83134150236162,6.097560975609755,77,82,5,0,77,82,59749,0,0,0,0,0
2020-06-21,US,New York,Putnam,1301,62,0,41.42630093,-73.74965532,36079.0,1323.2302685109844,4.765564950038432,1239,1301,62,0,1239,1299,98892,0,0,0,0,2
2020-06-21,US,New York,Rensselaer,524,28,0,42.71348136,-73.51089874,36083.0,330.1536096374611,5.343511450381679,496,521,28,0,493,519,159442,3,0,0,3,2
2020-06-21,US,New York,Rockland,13504,667,0,41.15027894,-74.02560498,36087.0,4145.01410422083,4.939277251184834,12837,13495,667,0,12828,13486,325695,9,0,0,9,9
2020-06-21,US,New York,Saratoga,533,14,0,43.10904162,-73.86653895,36091.0,231.87724862200528,2.626641651031895,519,531,14,0,517,528,230163,2,0,0,2,3
2020-06-21,US,New York,Schenectady,754,36,0,42.81668777,-74.05278291,36093.0,485.5150387317369,4.774535809018569,718,749,36,0,713,746,155350,5,0,0,5,3
2020-06-21,US,New York,Schoharie,57,0,0,42.58831742,-74.44339029999998,36095.0,183.87689925481467,0.0,57,56,0,0,56,55,31097,1,0,0,1,1
2020-06-21,US,New York,Schuyler,12,0,0,42.39184015,-76.8773299,36097.0,67.38922895490539,0.0,12,12,0,0,12,12,17912,0,0,0,0,0
2020-06-21,US,New York,Seneca,64,0,0,42.78081007,-76.82497064,36099.0,188.14675446848545,0.0,64,64,0,0,64,64,34300,0,0,0,0,0
2020-06-21,US,New York,St. Lawrence,216,2,0,44.4976179,-75.06550039,36089.0,200.4826434007797,0.925925925925926,214,216,2,0,214,215,108047,0,0,0,0,1
2020-06-21,US,New York,Steuben,261,41,0,42.2689144,-77.3829924,36101.0,273.6451420123927,15.7088122605364,220,261,41,0,220,257,95796,0,0,0,0,4
2020-06-21,US,New York,Suffolk,40972,1964,0,40.88320119,-72.8012172,36103.0,2774.7509313619594,4.7935175241628425,39008,40908,1963,0,38945,40864,1481093,64,1,0,63,44
2020-06-21,US,New York,Sullivan,1437,45,0,41.71579493,-74.76394559,36105.0,1905.0270442252624,3.1315240083507305,1392,1435,45,0,1390,1434,75498,2,0,0,2,1
2020-06-21,US,New York,Tioga,140,24,0,42.16852837,-76.30835812,36107.0,290.438354459266,17.142857142857142,116,140,24,0,116,140,48560,0,0,0,0,0
2020-06-21,US,New York,Tompkins,175,0,0,42.44945765,-76.47229843,36109.0,171.26639264043845,0.0,175,174,0,0,174,173,102793,1,0,0,1,1
2020-06-21,US,New York,Ulster,1754,85,0,41.89027881,-74.26252104,36111.0,987.7627792513499,4.846066134549602,1669,1750,85,0,1665,1749,178599,4,0,0,4,1
2020-06-21,US,New York,Warren,261,30,0,43.56173026,-73.8433699,36113.0,408.16964844238714,11.494252873563216,231,261,30,0,231,261,64265,0,0,0,0,0
2020-06-21,US,New York,Washington,244,14,0,43.31153794,-73.43043448,36115.0,398.6667538069408,5.737704918032787,230,244,14,0,230,243,61197,0,0,0,0,1
2020-06-21,US,New York,Wayne,143,3,0,43.15494365,-77.02976528,36117.0,159.03378633866413,2.097902097902098,140,143,3,0,140,141,90064,0,0,0,0,2
2020-06-21,US,New York,Westchester,34521,1414,0,41.16278376,-73.75741653,36119.0,3568.0398881247247,4.09605747226326,33107,34486,1413,0,33073,34455,967612,35,1,0,34,31
2020-06-21,US,New York,Wyoming,93,5,0,42.70145109,-78.22199579,36121.0,233.32246167741292,5.376344086021504,88,93,5,0,88,93,40085,0,0,0,0,0
2020-06-21,US,New York,Yates,41,6,0,42.63505484,-77.10369919,36123.0,164.57271304138402,14.634146341463413,35,41,6,0,35,40,24841,0,0,0,0,1
2020-06-21,US,North Carolina,Alamance,919,35,0,36.0434701,-79.39976137,37001.0,542.1541039118866,3.808487486398259,884,919,35,0,884,883,166436,0,0,0,0,36
2020-06-21,US,North Carolina,Alexander,60,0,0,35.922379600000006,-81.17751948,37003.0,160.01280102408194,0.0,60,60,0,0,60,59,37353,0,0,0,0,1
2020-06-21,US,North Carolina,Alleghany,30,0,0,36.49360862,-81.12857041,37005.0,269.37236239561815,0.0,30,30,0,0,30,30,11161,0,0,0,0,0
2020-06-21,US,North Carolina,Anson,96,1,0,34.97403241,-80.09953279,37007.0,392.7022825820175,1.0416666666666667,95,96,1,0,95,95,24877,0,0,0,0,1
2020-06-21,US,North Carolina,Ashe,47,1,0,36.43296207,-81.49862729,37009.0,172.7750615740911,2.127659574468085,46,47,1,0,46,45,27109,0,0,0,0,2
2020-06-21,US,North Carolina,Avery,7,0,0,36.07569796,-81.92308483,37011.0,39.870137267186884,0.0,7,7,0,0,7,8,17505,0,0,0,0,-1
2020-06-21,US,North Carolina,Beaufort,55,0,0,35.48531943,-76.84325809,37013.0,117.03621738945394,0.0,55,55,0,0,55,55,47079,0,0,0,0,0
2020-06-21,US,North Carolina,Bertie,136,4,0,36.0688473,-76.96545943,37015.0,717.7917348392887,2.9411764705882355,132,136,4,0,132,136,19026,0,0,0,0,0
2020-06-21,US,North Carolina,Bladen,262,2,0,34.61296243,-78.56180059,37017.0,800.6845547338182,0.7633587786259542,260,262,2,0,260,232,33190,0,0,0,0,30
2020-06-21,US,North Carolina,Brunswick,328,3,0,34.070565,-78.22814204,37019.0,229.65971152499648,0.9146341463414634,325,328,3,0,325,316,136744,0,0,0,0,12
2020-06-21,US,North Carolina,Buncombe,494,35,0,35.61113393,-82.53305,37021.0,189.1336225214498,7.085020242914981,459,494,35,0,459,484,259103,0,0,0,0,10
2020-06-21,US,North Carolina,Burke,895,18,0,35.74989637,-81.70755735,37023.0,989.114217826159,2.011173184357542,877,895,18,0,877,882,90382,0,0,0,0,13
2020-06-21,US,North Carolina,Cabarrus,835,25,0,35.3877799,-80.55267168,37025.0,385.7650390615977,2.9940119760479043,810,835,25,0,810,805,211342,0,0,0,0,30
2020-06-21,US,North Carolina,Caldwell,304,4,0,35.95204977,-81.54799522,37027.0,369.9286913772543,1.3157894736842106,300,304,4,0,300,296,82029,0,0,0,0,8
2020-06-21,US,North Carolina,Camden,16,0,0,36.33804939,-76.15568396,37029.0,147.23474740038645,0.0,16,16,0,0,16,12,10710,0,0,0,0,4
2020-06-21,US,North Carolina,Carteret,52,3,0,34.8932941,-76.54120135,37031.0,74.84922199991364,5.769230769230768,49,52,3,0,49,51,69524,0,0,0,0,1
2020-06-21,US,North Carolina,Caswell,113,1,0,36.39312665,-79.33353281,37033.0,499.9115200849407,0.8849557522123894,112,113,1,0,112,112,22698,0,0,0,0,1
2020-06-21,US,North Carolina,Catawba,538,10,0,35.66211129,-81.2132617,37035.0,337.19625699619564,1.858736059479554,528,538,10,0,528,519,158652,0,0,0,0,19
2020-06-21,US,North Carolina,Chatham,860,39,0,35.70394416,-79.25541492,37037.0,1154.8274472942126,4.5348837209302335,821,860,39,0,821,848,73139,0,0,0,0,12
2020-06-21,US,North Carolina,Cherokee,32,1,0,35.1349263,-84.05970864,37039.0,111.84118551656648,3.125,31,32,1,0,31,32,28383,0,0,0,0,0
2020-06-21,US,North Carolina,Chowan,19,0,0,36.12908077,-76.60118385,37041.0,136.26909560352863,0.0,19,19,0,0,19,19,14029,0,0,0,0,0
2020-06-21,US,North Carolina,Clay,9,0,0,35.05704275,-83.74353633,37043.0,80.135339684801,0.0,9,9,0,0,9,9,11139,0,0,0,0,0
2020-06-21,US,North Carolina,Cleveland,213,2,0,35.33553364,-81.55204486,37045.0,217.46454715305214,0.9389671361502347,211,213,2,0,211,202,97645,0,0,0,0,11
2020-06-21,US,North Carolina,Columbus,460,35,0,34.26744084,-78.65801424,37047.0,828.7093752251927,7.608695652173912,425,460,35,0,425,452,55655,0,0,0,0,8
2020-06-21,US,North Carolina,Craven,300,6,0,35.11833364,-77.08398081,37049.0,293.717385132026,2.0,294,300,6,0,294,292,102912,0,0,0,0,8
2020-06-21,US,North Carolina,Cumberland,988,31,0,35.04762133,-78.82623165,37051.0,294.4779424695016,3.1376518218623484,957,988,31,0,957,965,332330,0,0,0,0,23
2020-06-21,US,North Carolina,Currituck,16,0,0,36.36123664,-75.95876401,37053.0,57.630659510859786,0.0,16,16,0,0,16,17,27072,0,0,0,0,-1
2020-06-21,US,North Carolina,Dare,27,1,0,35.66520691,-75.71767334,37055.0,72.95522710691993,3.703703703703704,26,27,1,0,26,27,36501,0,0,0,0,0
2020-06-21,US,North Carolina,Davidson,729,15,0,35.79115496,-80.21256572,37057.0,434.9408444653927,2.05761316872428,714,729,15,0,714,725,166614,0,0,0,0,4
2020-06-21,US,North Carolina,Davie,155,2,0,35.93099927,-80.54496571,37059.0,361.76072445502496,1.2903225806451613,153,155,2,0,153,154,42733,0,0,0,0,1
2020-06-21,US,North Carolina,Duplin,1317,20,0,34.93449805,-77.93140529,37061.0,2242.0455899627177,1.5186028853454825,1297,1317,20,0,1297,1279,58856,0,0,0,0,38
2020-06-21,US,North Carolina,Durham,3094,60,0,36.03638492,-78.87608331,37063.0,962.3998407405563,1.9392372333548804,3034,3094,60,0,3034,3063,316739,0,0,0,0,31
2020-06-21,US,North Carolina,Edgecombe,268,9,0,35.91230639,-77.59436892,37065.0,520.6714330121231,3.3582089552238807,259,268,9,0,259,262,52005,0,0,0,0,6
2020-06-21,US,North Carolina,Forsyth,2497,28,0,36.12859861,-80.25459052,37067.0,653.1605174014833,1.1213456147376852,2469,2497,28,0,2469,2463,379099,0,0,0,0,34
2020-06-21,US,North Carolina,Franklin,264,21,0,36.081519,-78.28708884,37069.0,378.8476716653512,7.954545454545454,243,264,21,0,243,259,67560,0,0,0,0,5
2020-06-21,US,North Carolina,Gaston,705,9,0,35.29373559,-81.17477045,37071.0,313.990620365298,1.2765957446808511,696,705,9,0,696,671,222846,0,0,0,0,34
2020-06-21,US,North Carolina,Gates,25,2,0,36.44667547,-76.69749701,37073.0,216.22556651098427,8.0,23,25,2,0,23,25,11573,0,0,0,0,0
2020-06-21,US,North Carolina,Graham,6,0,0,35.3506925,-83.83369267,37075.0,71.08162539983414,0.0,6,6,0,0,6,6,8484,0,0,0,0,0
2020-06-21,US,North Carolina,Granville,723,17,0,36.30337451,-78.65184241,37077.0,1196.1682907863608,2.351313969571231,706,723,17,0,706,713,60115,0,0,0,0,10
2020-06-21,US,North Carolina,Greene,140,2,0,35.48544173,-77.67578087,37079.0,664.4833641843468,1.4285714285714286,138,140,2,0,138,134,21012,0,0,0,0,6
2020-06-21,US,North Carolina,Guilford,2352,106,0,36.07959451,-79.78824948,37081.0,437.8469546180567,4.5068027210884365,2246,2352,106,0,2246,2320,533670,0,0,0,0,32
2020-06-21,US,North Carolina,Halifax,259,3,0,36.25669272,-77.6556109,37083.0,517.8964207158568,1.1583011583011582,256,259,3,0,256,253,50574,0,0,0,0,6
2020-06-21,US,North Carolina,Harnett,486,30,0,35.36731853,-78.87243571,37085.0,357.41601459081016,6.172839506172839,456,486,30,0,456,457,134214,0,0,0,0,29
2020-06-21,US,North Carolina,Haywood,70,0,0,35.55269063,-82.98196486,37087.0,112.3288990163198,0.0,70,70,0,0,70,71,61971,0,0,0,0,-1
2020-06-21,US,North Carolina,Henderson,492,48,0,35.33788927,-82.4766782,37089.0,419.01939242188104,9.75609756097561,444,492,48,0,444,480,116748,0,0,0,0,12
2020-06-21,US,North Carolina,Hertford,154,7,0,36.3607755,-76.98104134,37091.0,650.4202390505553,4.545454545454546,147,154,7,0,147,153,23659,0,0,0,0,1
2020-06-21,US,North Carolina,Hoke,323,3,0,35.01888303,-79.23651674,37093.0,584.7847340406272,0.9287925696594428,320,323,3,0,320,319,54764,0,0,0,0,4
2020-06-21,US,North Carolina,Hyde,6,0,0,35.42017674,-76.15180542,37095.0,121.5312943082844,0.0,6,6,0,0,6,3,5230,0,0,0,0,3
2020-06-21,US,North Carolina,Iredell,529,7,0,35.80950511,-80.8743128,37097.0,290.96949495616207,1.3232514177693762,522,529,7,0,522,523,178435,0,0,0,0,6
2020-06-21,US,North Carolina,Jackson,66,1,0,35.28814273,-83.14093385,37099.0,150.21166188720468,1.5151515151515151,65,66,1,0,65,65,43327,0,0,0,0,1
2020-06-21,US,North Carolina,Johnston,1058,26,0,35.51745004,-78.36622717,37101.0,505.40033151968817,2.457466918714556,1032,1058,26,0,1032,1037,202675,0,0,0,0,21
2020-06-21,US,North Carolina,Jones,26,3,0,35.02254606,-77.35870791,37103.0,276.03779594436776,11.538461538461537,23,26,3,0,23,27,9637,0,0,0,0,-1
2020-06-21,US,North Carolina,Lee,698,7,0,35.47623147,-79.17569362,37105.0,1129.8337622816816,1.002865329512894,691,698,7,0,691,634,61452,0,0,0,0,64
2020-06-21,US,North Carolina,Lenoir,329,10,0,35.24032589999999,-77.64245615,37107.0,588.0355323598277,3.0395136778115504,319,329,10,0,319,324,55976,0,0,0,0,5
2020-06-21,US,North Carolina,Lincoln,178,0,0,35.48508185,-81.21740317,37109.0,206.70994414186345,0.0,178,178,0,0,178,172,83770,0,0,0,0,6
2020-06-21,US,North Carolina,Macon,247,1,0,35.14867843,-83.41696617,37113.0,688.8281555022589,0.4048582995951417,246,247,1,0,246,243,35285,0,0,0,0,4
2020-06-21,US,North Carolina,Madison,6,0,0,35.85402722,-82.71346418,37115.0,27.579866697310962,0.0,6,6,0,0,6,5,21763,0,0,0,0,1
2020-06-21,US,North Carolina,Martin,111,4,0,35.84326734,-77.10860251,37117.0,494.65240641711233,3.603603603603604,107,111,4,0,107,106,22671,0,0,0,0,5
2020-06-21,US,North Carolina,McDowell,185,1,0,35.67736232,-82.0482425,37111.0,404.3185593146254,0.5405405405405406,184,185,1,0,184,174,45507,0,0,0,0,11
2020-06-21,US,North Carolina,Mecklenburg,8511,133,0,35.24469268,-80.8317671,37119.0,766.5109208217905,1.5626835859475972,8378,8511,133,0,8378,8166,1093901,0,0,0,0,345
2020-06-21,US,North Carolina,Mitchell,25,0,0,36.01059309,-82.1582442,37121.0,167.06762897620956,0.0,25,25,0,0,25,24,15000,0,0,0,0,1
2020-06-21,US,North Carolina,Montgomery,245,6,0,35.33155144,-79.90416657,37123.0,901.6302947779044,2.4489795918367347,239,245,6,0,239,234,27271,0,0,0,0,11
2020-06-21,US,North Carolina,Moore,355,11,0,35.30885257,-79.48474178,37125.0,351.90325138778746,3.0985915492957745,344,355,11,0,344,337,98682,0,0,0,0,18
2020-06-21,US,North Carolina,Nash,341,4,0,35.96575634,-77.98422508,37127.0,361.61954654393514,1.1730205278592376,337,341,4,0,337,323,94016,0,0,0,0,18
2020-06-21,US,North Carolina,New Hanover,535,5,0,34.25758282,-77.87075626,37129.0,228.17126065687734,0.9345794392523364,530,535,5,0,530,489,232274,0,0,0,0,46
2020-06-21,US,North Carolina,Northampton,173,15,0,36.41736238,-77.39769443,37131.0,887.9536005748603,8.670520231213873,158,173,15,0,158,176,19676,0,0,0,0,-3
2020-06-21,US,North Carolina,Onslow,206,3,0,34.72607366,-77.42908179,37133.0,104.07299255322374,1.4563106796116505,203,206,3,0,203,188,197683,0,0,0,0,18
2020-06-21,US,North Carolina,Orange,522,41,0,36.06092947,-79.12167935,37135.0,351.5719712276732,7.8544061302682,481,522,41,0,481,506,146027,0,0,0,0,16
2020-06-21,US,North Carolina,Pamlico,15,0,0,35.15253315,-76.66559823,37137.0,117.86892975011787,0.0,15,15,0,0,15,16,12670,0,0,0,0,-1
2020-06-21,US,North Carolina,Pasquotank,155,15,0,36.26723798,-76.25134778,37139.0,389.2125351546806,9.677419354838712,140,155,15,0,140,153,39639,0,0,0,0,2
2020-06-21,US,North Carolina,Pender,162,1,0,34.52265624,-77.90352133,37141.0,256.8981921979068,0.6172839506172839,161,162,1,0,161,165,62162,0,0,0,0,-3
2020-06-21,US,North Carolina,Perquimans,30,2,0,36.17847453,-76.40603143,37143.0,222.83294956547576,6.666666666666668,28,30,2,0,28,30,13422,0,0,0,0,0
2020-06-21,US,North Carolina,Person,91,1,0,36.38989032,-78.97217358,37145.0,230.4380855912889,1.0989010989010992,90,91,1,0,90,88,39507,0,0,0,0,3
2020-06-21,US,North Carolina,Pitt,553,4,0,35.59535426,-77.37353178,37147.0,305.96098305872465,0.7233273056057866,549,553,4,0,549,528,179914,0,0,0,0,25
2020-06-21,US,North Carolina,Polk,63,4,0,35.27820615,-82.16812354,37149.0,303.9953676896352,6.349206349206349,59,63,4,0,59,63,20611,0,0,0,0,0
2020-06-21,US,North Carolina,Randolph,1032,24,0,35.71015088,-79.80570339,37151.0,718.327799703481,2.3255813953488373,1008,1032,24,0,1008,1013,143351,0,0,0,0,19
2020-06-21,US,North Carolina,Richmond,228,5,0,35.00417719,-79.74491009,37153.0,508.5993441745299,2.1929824561403506,223,228,5,0,223,223,44887,0,0,0,0,5
2020-06-21,US,North Carolina,Robeson,1056,24,0,34.64244496,-79.10250529999998,37155.0,808.421052631579,2.272727272727273,1032,1056,24,0,1032,1127,131831,0,0,0,0,-71
2020-06-21,US,North Carolina,Rockingham,163,2,0,36.39593137,-79.77504841,37157.0,179.10119767058566,1.2269938650306749,161,163,2,0,161,157,90690,0,0,0,0,6
2020-06-21,US,North Carolina,Rowan,995,39,0,35.64003916,-80.52446628,37159.0,700.2702550532065,3.9195979899497484,956,995,39,0,956,978,141262,0,0,0,0,17
2020-06-21,US,North Carolina,Rutherford,242,7,0,35.40114178,-81.92112099,37161.0,361.0377597756195,2.8925619834710745,235,242,7,0,235,241,66826,0,0,0,0,1
2020-06-21,US,North Carolina,Sampson,865,5,0,34.98820368,-78.36914061,37163.0,1361.540035573185,0.5780346820809249,860,865,5,0,860,835,63626,0,0,0,0,30
2020-06-21,US,North Carolina,Scotland,123,1,0,34.8386299,-79.4757978,37165.0,353.2148292794992,0.8130081300813008,122,123,1,0,122,120,34810,0,0,0,0,3
2020-06-21,US,North Carolina,Stanly,208,5,0,35.31647813,-80.25093221,37167.0,331.1785498200809,2.4038461538461537,203,208,5,0,203,195,62075,0,0,0,0,13
2020-06-21,US,North Carolina,Stokes,102,0,0,36.4017975,-80.23893369,37169.0,223.7283674409423,0.0,102,102,0,0,102,101,45467,0,0,0,0,1
2020-06-21,US,North Carolina,Surry,378,2,0,36.41689489,-80.69102283,37171.0,526.5870749341766,0.5291005291005291,376,378,2,0,376,370,71948,0,0,0,0,8
2020-06-21,US,North Carolina,Swain,40,0,0,35.48665845,-83.48748932,37173.0,280.288697358279,0.0,40,40,0,0,40,39,14245,0,0,0,0,1
2020-06-21,US,North Carolina,Transylvania,19,1,0,35.20383864,-82.79638423,37175.0,55.25665261014977,5.2631578947368425,18,19,1,0,18,18,34215,0,0,0,0,1
2020-06-21,US,North Carolina,Tyrrell,5,0,0,35.87147226,-76.17055253,37177.0,124.5019920318725,0.0,5,5,0,0,5,5,4131,0,0,0,0,0
2020-06-21,US,North Carolina,Union,876,23,0,34.98960527,-80.52955873,37179.0,365.21456355608916,2.625570776255708,853,876,23,0,853,867,235908,0,0,0,0,9
2020-06-21,US,North Carolina,Vance,441,35,0,36.36880673,-78.40670845,37181.0,990.2324014819804,7.936507936507938,406,441,35,0,406,437,44582,0,0,0,0,4
2020-06-21,US,North Carolina,Wake,3721,43,0,35.78879266,-78.65249174,37183.0,334.6942373405795,1.1556033324375168,3678,3721,43,0,3678,3579,1092305,0,0,0,0,142
2020-06-21,US,North Carolina,Warren,146,4,0,36.39728256,-78.10652228,37185.0,739.9523592316658,2.7397260273972597,142,146,4,0,142,144,19807,0,0,0,0,2
2020-06-21,US,North Carolina,Washington,37,3,0,35.83810081,-76.57299037,37187.0,319.5164075993092,8.108108108108109,34,37,3,0,34,35,11859,0,0,0,0,2
2020-06-21,US,North Carolina,Watauga,45,0,0,36.23103603,-81.70033724,37189.0,80.10395713548249,0.0,45,45,0,0,45,44,55945,0,0,0,0,1
2020-06-21,US,North Carolina,Wayne,1622,22,0,35.36438125,-78.00027268,37191.0,1317.2962129764235,1.3563501849568431,1600,1622,22,0,1600,1587,123248,0,0,0,0,35
2020-06-21,US,North Carolina,Wilkes,554,6,0,36.2084135,-81.16232895,37193.0,809.7994503888208,1.083032490974729,548,554,6,0,548,554,68557,0,0,0,0,0
2020-06-21,US,North Carolina,Wilson,594,16,0,35.70625477,-77.917978,37195.0,726.1524920233251,2.6936026936026938,578,594,16,0,578,556,81455,0,0,0,0,38
2020-06-21,US,North Carolina,Yadkin,272,4,0,36.16222629,-80.66239436,37197.0,722.1175033849257,1.4705882352941178,268,272,4,0,268,269,37543,0,0,0,0,3
2020-06-21,US,North Carolina,Yancey,35,0,0,35.90079156,-82.31237181,37199.0,193.70192041618242,0.0,35,35,0,0,35,35,17903,0,0,0,0,0
2020-06-21,US,North Dakota,Barnes,18,0,0,46.93579637,-98.06605978,38003.0,172.8276524243879,0.0,18,16,0,0,16,16,10542,2,0,0,2,0
2020-06-21,US,North Dakota,Benson,3,0,0,48.0683985,-99.35916363,38005.0,43.911007025761116,0.0,3,3,0,0,3,3,6962,0,0,0,0,0
2020-06-21,US,North Dakota,Billings,1,0,0,47.02366884,-103.3762965,38007.0,107.75862068965515,0.0,1,1,0,0,1,,919,0,0,0,0,
2020-06-21,US,North Dakota,Bottineau,5,0,0,48.79106111,-100.8378166,38009.0,79.59248646927729,0.0,5,5,0,0,5,4,6411,0,0,0,0,1
2020-06-21,US,North Dakota,Bowman,1,0,0,46.11285362,-103.5203343,38011.0,33.06878306878307,0.0,1,1,0,0,1,1,3076,0,0,0,0,0
2020-06-21,US,North Dakota,Burke,5,0,0,48.79094471,-102.5182117,38013.0,236.40661938534282,0.0,5,5,0,0,5,5,2100,0,0,0,0,0
2020-06-21,US,North Dakota,Burleigh,198,0,0,46.97847375,-100.4645214,38015.0,207.05665823102504,0.0,198,192,0,0,192,188,95273,6,0,0,6,4
2020-06-21,US,North Dakota,Cass,2138,64,0,46.93201724,-97.2444719,38017.0,1175.2224842378369,2.993451824134705,2074,2118,64,0,2054,2104,181516,20,0,0,20,14
2020-06-21,US,North Dakota,Cavalier,1,0,0,48.77286211,-98.46685243,38019.0,26.581605528973952,0.0,1,1,0,0,1,,3829,0,0,0,0,
2020-06-21,US,North Dakota,Dickey,4,0,0,46.11017712,-98.5049008,38021.0,82.10180623973726,0.0,4,4,0,0,4,4,4903,0,0,0,0,0
2020-06-21,US,North Dakota,Divide,1,0,0,48.814938700000006,-103.4873611,38023.0,44.16961130742049,0.0,1,1,0,0,1,1,2283,0,0,0,0,0
2020-06-21,US,North Dakota,Dunn,12,0,0,47.35423935,-102.6160468,38025.0,271.24773960217004,0.0,12,12,0,0,12,12,4332,0,0,0,0,0
2020-06-21,US,North Dakota,Eddy,5,0,0,47.71701474,-98.90432337,38027.0,218.62702229995628,0.0,5,5,0,0,5,5,2313,0,0,0,0,0
2020-06-21,US,North Dakota,Emmons,4,1,0,46.28398398,-100.2389766,38029.0,123.41869793273679,25.0,3,4,1,0,3,4,3295,0,0,0,0,0
2020-06-21,US,North Dakota,Foster,1,0,0,47.4571084,-98.88279923,38031.0,31.152647975077887,0.0,1,1,0,0,1,1,3216,0,0,0,0,0
2020-06-21,US,North Dakota,Grand Forks,361,4,0,47.92093639,-97.45450447,38035.0,519.7909317360442,1.10803324099723,357,361,4,0,357,358,70770,0,0,0,0,3
2020-06-21,US,North Dakota,Grant,2,0,0,46.35821257,-101.6390013,38037.0,87.95074758135445,0.0,2,2,0,0,2,2,2374,0,0,0,0,0
2020-06-21,US,North Dakota,Griggs,2,0,0,47.45785838,-98.23850925,38039.0,89.64589870013447,0.0,2,1,0,0,1,1,2232,1,0,0,1,0
2020-06-21,US,North Dakota,Kidder,2,0,0,46.97830064,-99.77507857,38043.0,80.64516129032258,0.0,2,2,0,0,2,2,2450,0,0,0,0,0
2020-06-21,US,North Dakota,LaMoure,11,0,0,46.45681054,-98.53542355,38045.0,271.8734552644587,0.0,11,10,0,0,10,10,4062,1,0,0,1,0
2020-06-21,US,North Dakota,McHenry,3,1,0,48.23104458,-100.6324822,38049.0,52.219321148825074,33.333333333333336,2,3,1,0,2,3,5816,0,0,0,0,0
2020-06-21,US,North Dakota,McIntosh,1,0,0,46.11182017,-99.44145858,38051.0,40.04805766920305,0.0,1,1,0,0,1,1,2585,0,0,0,0,0
2020-06-21,US,North Dakota,McKenzie,24,0,0,47.74133370000001,-103.395905,38053.0,159.7444089456869,0.0,24,24,0,0,24,23,13632,0,0,0,0,1
2020-06-21,US,North Dakota,McLean,11,0,0,47.60766714,-101.3182418,38055.0,116.40211640211642,0.0,11,11,0,0,11,11,9541,0,0,0,0,0
2020-06-21,US,North Dakota,Mercer,6,0,0,47.31213126,-101.8318399,38057.0,73.28691828508613,0.0,6,6,0,0,6,6,8267,0,0,0,0,0
2020-06-21,US,North Dakota,Morton,70,2,0,46.71681782,-101.2822377,38059.0,223.1858181354419,2.8571428571428568,68,70,2,0,68,70,31095,0,0,0,0,0
2020-06-21,US,North Dakota,Mountrail,43,0,0,48.20197971,-102.3555315,38061.0,407.77619724988153,0.0,43,43,0,0,43,43,10218,0,0,0,0,0
2020-06-21,US,North Dakota,Nelson,1,0,0,47.9226426,-98.19038437,38063.0,34.734282737061484,0.0,1,1,0,0,1,1,2869,0,0,0,0,0
2020-06-21,US,North Dakota,Oliver,1,0,0,47.11530482,-101.3406158,38065.0,51.046452271567134,0.0,1,1,0,0,1,1,1952,0,0,0,0,0
2020-06-21,US,North Dakota,Pembina,7,0,0,48.76623521,-97.5523809,38067.0,102.92604028819292,0.0,7,7,0,0,7,7,6947,0,0,0,0,0
2020-06-21,US,North Dakota,Pierce,4,0,0,48.24977025,-99.96407787,38069.0,100.62893081761007,0.0,4,4,0,0,4,4,4081,0,0,0,0,0
2020-06-21,US,North Dakota,Ramsey,8,1,0,48.26886249,-98.72223879,38071.0,69.4504731313482,12.5,7,8,1,0,7,8,11481,0,0,0,0,0
2020-06-21,US,North Dakota,Ransom,15,0,0,46.45621782,-97.65742504,38073.0,287.46646224607133,0.0,15,13,0,0,13,13,5237,2,0,0,2,0
2020-06-21,US,North Dakota,Renville,3,0,0,48.71982533,-101.6603912,38075.0,128.92135797163732,0.0,3,3,0,0,3,3,2374,0,0,0,0,0
2020-06-21,US,North Dakota,Richland,38,0,0,46.26440649,-96.94852979,38077.0,234.90140322680352,0.0,38,38,0,0,38,37,16239,0,0,0,0,1
2020-06-21,US,North Dakota,Rolette,9,0,0,48.77245354,-99.84097493,38079.0,63.487584650112865,0.0,9,8,0,0,8,8,14301,1,0,0,1,0
2020-06-21,US,North Dakota,Sargent,4,0,0,46.10830372,-97.63217159,38081.0,102.6167265264238,0.0,4,4,0,0,4,4,3870,0,0,0,0,0
2020-06-21,US,North Dakota,Sheridan,1,0,0,47.57700669,-100.3426391,38083.0,76.04562737642586,0.0,1,1,0,0,1,1,1349,0,0,0,0,0
2020-06-21,US,North Dakota,Sioux,12,0,0,46.11323337,-101.0440149,38085.0,283.6879432624113,0.0,12,12,0,0,12,12,4358,0,0,0,0,0
2020-06-21,US,North Dakota,Slope,3,0,0,46.44737738,-103.4601547,38087.0,400.0,0.0,3,3,0,0,3,3,763,0,0,0,0,0
2020-06-21,US,North Dakota,Stark,68,2,0,46.80851182,-102.6576326,38089.0,215.948426434628,2.9411764705882355,66,67,2,0,65,68,30997,1,0,0,1,-1
2020-06-21,US,North Dakota,Steele,1,0,0,47.45611548,-97.72728747,38091.0,52.91005291005291,0.0,1,1,0,0,1,1,1903,0,0,0,0,0
2020-06-21,US,North Dakota,Stutsman,62,1,0,46.97962541,-98.95637318,38093.0,299.4590417310665,1.6129032258064515,61,60,0,0,60,60,20917,2,1,0,1,0
2020-06-21,US,North Dakota,Traill,15,0,0,47.45367788,-97.16323288,38097.0,186.66002986560483,0.0,15,15,0,0,15,15,8037,0,0,0,0,0
2020-06-21,US,North Dakota,Walsh,17,0,0,48.36876964,-97.72574783,38099.0,159.7594211070388,0.0,17,17,0,0,17,17,10667,0,0,0,0,0
2020-06-21,US,North Dakota,Ward,52,1,0,48.22390169,-101.5436763,38101.0,76.87645067340813,1.9230769230769231,51,51,1,0,50,51,67744,1,0,0,1,0
2020-06-21,US,North Dakota,Wells,8,0,0,47.58614526,-99.65904998,38103.0,208.65936358894103,0.0,8,8,0,0,8,8,3957,0,0,0,0,0
2020-06-21,US,North Dakota,Williams,26,0,0,48.34522353,-103.4793387,38105.0,69.16917183218493,0.0,26,26,0,0,26,26,35350,0,0,0,0,0
2020-06-21,US,Ohio,Adams,18,1,0,38.84541072,-83.4718964,39001.0,64.98664163477507,5.5555555555555545,17,18,1,0,17,18,27724,0,0,0,0,0
2020-06-21,US,Ohio,Allen,251,37,0,40.77285242,-84.10802343,39003.0,245.234536057293,14.741035856573706,214,248,37,0,211,247,102663,3,0,0,3,1
2020-06-21,US,Ohio,Ashland,39,0,0,40.84772277,-82.27280781,39005.0,72.91900381422481,0.0,39,39,0,0,39,37,53745,0,0,0,0,2
2020-06-21,US,Ohio,Ashtabula,407,42,0,41.70860332,-80.74830218,39007.0,418.547731923777,10.31941031941032,365,402,42,0,360,406,97493,5,0,0,5,-4
2020-06-21,US,Ohio,Athens,25,1,0,39.33425634,-82.04278644,39009.0,38.26901587398778,4.0,24,24,1,0,23,24,65818,1,0,0,1,0
2020-06-21,US,Ohio,Auglaize,90,3,0,40.55998859,-84.22421429999999,39011.0,197.1263360785001,3.333333333333333,87,89,3,0,86,89,45804,1,0,0,1,0
2020-06-21,US,Ohio,Belmont,484,21,0,40.01625942,-80.9924051,39013.0,722.3233740262067,4.338842975206612,463,477,21,0,456,476,67505,7,0,0,7,1
2020-06-21,US,Ohio,Brown,43,1,0,38.93416837,-83.86788395,39015.0,99.0053416835513,2.3255813953488373,42,43,1,0,42,41,43602,0,0,0,0,2
2020-06-21,US,Ohio,Butler,1201,39,0,39.44012838,-84.57388716,39017.0,313.46735084852816,3.24729392173189,1162,1194,39,0,1155,1166,382378,7,0,0,7,28
2020-06-21,US,Ohio,Carroll,41,3,0,40.578968599999996,-81.09178213,39019.0,152.3370736419707,7.317073170731707,38,39,3,0,36,38,27081,2,0,0,2,1
2020-06-21,US,Ohio,Champaign,37,1,0,40.13923427,-83.76875242,39021.0,95.15237238009516,2.702702702702702,36,37,1,0,36,37,38754,0,0,0,0,0
2020-06-21,US,Ohio,Clark,653,8,0,39.91592258,-83.78498252,39023.0,487.01177628782165,1.2251148545176107,645,639,8,0,631,606,134585,14,0,0,14,33
2020-06-21,US,Ohio,Clermont,279,6,0,39.04847534,-84.15375786,39025.0,135.1560834770477,2.150537634408602,273,275,6,0,269,266,205466,4,0,0,4,9
2020-06-21,US,Ohio,Clinton,55,0,0,39.41485808,-83.80852286,39027.0,131.05223027068243,0.0,55,54,0,0,54,54,42057,1,0,0,1,0
2020-06-21,US,Ohio,Columbiana,961,58,0,40.76932373,-80.78094576,39029.0,943.2388131484154,6.035379812695108,903,956,58,0,898,954,102665,5,0,0,5,2
2020-06-21,US,Ohio,Coshocton,60,0,0,40.30096166,-81.91729018,39031.0,163.93442622950818,0.0,60,59,0,0,59,56,36629,1,0,0,1,3
2020-06-21,US,Ohio,Crawford,122,5,0,40.85065156,-82.91989099,39033.0,294.01841230057363,4.0983606557377055,117,122,5,0,117,122,41550,0,0,0,0,0
2020-06-21,US,Ohio,Cuyahoga,5633,338,0,41.424119,-81.65918339,39035.0,456.08677064980833,6.0003550505947105,5295,5555,336,0,5219,5481,1243857,78,2,0,76,74
2020-06-21,US,Ohio,Darke,227,25,0,40.13412966,-84.6194517,39037.0,444.1140218731048,11.013215859030836,202,228,25,0,203,227,51323,-1,0,0,-1,1
2020-06-21,US,Ohio,Defiance,42,2,0,41.32398837,-84.49076944,39039.0,110.27384671935306,4.761904761904762,40,42,2,0,40,40,38165,0,0,0,0,2
2020-06-21,US,Ohio,Delaware,427,15,0,40.27942393,-83.00457058,39041.0,204.1333416197766,3.5128805620608903,412,419,15,0,404,412,204826,8,0,0,8,7
2020-06-21,US,Ohio,Erie,217,22,0,41.36796058,-82.62904521,39043.0,292.19292812323266,10.138248847926267,195,217,22,0,195,216,74615,0,0,0,0,1
2020-06-21,US,Ohio,Fairfield,409,12,0,39.75107189,-82.63088163,39045.0,259.56058740655186,2.9339853300733503,397,404,12,0,392,398,155782,5,0,0,5,6
2020-06-21,US,Ohio,Fayette,45,0,0,39.56021306,-83.4562016,39047.0,157.75635407537246,0.0,45,45,0,0,45,45,28666,0,0,0,0,0
2020-06-21,US,Ohio,Franklin,7794,358,0,39.96995815,-83.01115755,39049.0,591.9092071727791,4.593276879651014,7436,7694,357,0,7337,7590,1310300,100,1,0,99,104
2020-06-21,US,Ohio,Fulton,53,0,0,41.60213491,-84.12571393,39051.0,125.8130370792385,0.0,53,53,0,0,53,53,42276,0,0,0,0,0
2020-06-21,US,Ohio,Gallia,9,1,0,38.82708533,-82.31647569,39053.0,30.102347983142685,11.111111111111109,8,9,1,0,8,9,29979,0,0,0,0,0
2020-06-21,US,Ohio,Geauga,357,37,0,41.49952319,-81.17935342,39055.0,381.21069098442047,10.364145658263306,320,355,37,0,318,353,94031,2,0,0,2,2
2020-06-21,US,Ohio,Greene,169,8,0,39.69116283,-83.89032084,39057.0,100.03729200826344,4.733727810650888,161,165,8,0,157,158,167995,4,0,0,4,7
2020-06-21,US,Ohio,Guernsey,45,3,0,40.05026529,-81.49248905,39059.0,115.7556270096463,6.666666666666668,42,44,3,0,41,44,39022,1,0,0,1,0
2020-06-21,US,Ohio,Hamilton,3829,186,0,39.19673558,-84.54502924,39061.0,468.3946748088316,4.857665186732828,3643,3744,186,0,3558,3634,816684,85,0,0,85,110
2020-06-21,US,Ohio,Hancock,62,1,0,41.00250487,-83.66838948,39063.0,81.81254371033081,1.6129032258064515,61,62,1,0,61,62,75930,0,0,0,0,0
2020-06-21,US,Ohio,Hardin,107,10,0,40.66015414,-83.65929931,39065.0,341.14458791646734,9.345794392523365,97,107,10,0,97,106,31480,0,0,0,0,1
2020-06-21,US,Ohio,Harrison,11,1,0,40.29380509,-81.09068544,39067.0,73.13829787234044,9.090909090909092,10,11,1,0,10,11,15174,0,0,0,0,0
2020-06-21,US,Ohio,Henry,23,0,0,41.333964200000004,-84.06830637,39069.0,85.16625934977412,0.0,23,22,0,0,22,21,27086,1,0,0,1,1
2020-06-21,US,Ohio,Highland,39,1,0,39.1839264,-83.60331456,39071.0,90.35935219295195,2.5641025641025643,38,37,1,0,36,37,43058,2,0,0,2,0
2020-06-21,US,Ohio,Hocking,73,7,0,39.49537927,-82.47991446,39073.0,258.2790829323521,9.58904109589041,66,73,7,0,66,73,28385,0,0,0,0,0
2020-06-21,US,Ohio,Holmes,127,3,0,40.56163713,-81.92635677,39075.0,288.8989990900819,2.3622047244094486,124,111,3,0,108,109,43892,16,0,0,16,2
2020-06-21,US,Ohio,Huron,110,1,0,41.14651175,-82.59867951,39077.0,188.78934541585144,0.9090909090909092,109,97,1,0,96,96,58504,13,0,0,13,1
2020-06-21,US,Ohio,Jackson,16,0,0,39.01914254,-82.61818559999998,39079.0,49.362909943541176,0.0,16,16,0,0,16,16,32384,0,0,0,0,0
2020-06-21,US,Ohio,Jefferson,74,2,0,40.38614126,-80.76259514,39081.0,113.27975507079985,2.702702702702702,72,74,2,0,72,74,65767,0,0,0,0,0
2020-06-21,US,Ohio,Knox,34,1,0,40.39830217,-82.42027563,39083.0,54.555373704309865,2.9411764705882355,33,33,1,0,32,33,61893,1,0,0,1,0
2020-06-21,US,Ohio,Lake,367,14,0,41.69710807,-81.23676539,39085.0,159.4619138036663,3.8147138964577656,353,364,14,0,350,358,230514,3,0,0,3,6
2020-06-21,US,Ohio,Lawrence,44,0,0,38.59743452,-82.53466552,39087.0,73.99559389872694,0.0,44,42,0,0,42,42,59866,2,0,0,2,0
2020-06-21,US,Ohio,Licking,331,11,0,40.09136236,-82.48185785,39089.0,187.1515644966132,3.323262839879154,320,330,11,0,319,329,175769,1,0,0,1,1
2020-06-21,US,Ohio,Logan,48,0,0,40.38996525,-83.76784341,39091.0,105.09721492380451,0.0,48,48,0,0,48,48,45358,0,0,0,0,0
2020-06-21,US,Ohio,Lorain,843,66,0,41.29553751,-82.15083537,39093.0,272.0820571081841,7.829181494661921,777,831,66,0,765,825,309461,12,0,0,12,6
2020-06-21,US,Ohio,Lucas,2490,294,0,41.62101218,-83.65468618,39095.0,581.3030526581191,11.807228915662652,2196,2483,294,0,2189,2478,429899,7,0,0,7,5
2020-06-21,US,Ohio,Madison,174,7,0,39.89381073,-83.40178317,39097.0,388.99197424604864,4.022988505747127,167,174,7,0,167,172,44413,0,0,0,0,2
2020-06-21,US,Ohio,Mahoning,1654,224,0,41.01631101,-80.77287029,39099.0,723.2719528780016,13.54292623941959,1430,1639,224,0,1415,1632,229642,15,0,0,15,7
2020-06-21,US,Ohio,Marion,2715,34,0,40.58610662,-83.15736305,39101.0,4170.955402270597,1.252302025782689,2681,2715,34,0,2681,2715,65256,0,0,0,0,0
2020-06-21,US,Ohio,Medina,413,31,0,41.11770589,-81.89986209999998,39103.0,229.76867357270817,7.5060532687651325,382,407,31,0,376,406,179146,6,0,0,6,1
2020-06-21,US,Ohio,Meigs,9,0,0,39.09224872,-82.0305041,39105.0,39.289300213908405,0.0,9,9,0,0,9,9,23106,0,0,0,0,0
2020-06-21,US,Ohio,Mercer,258,8,0,40.54043046,-84.62912742,39107.0,626.6394637132031,3.1007751937984502,250,257,8,0,249,255,40959,1,0,0,1,2
2020-06-21,US,Ohio,Miami,400,30,0,40.0543329,-84.22871271,39109.0,373.87720003364893,7.5,370,399,30,0,369,397,106222,1,0,0,1,2
2020-06-21,US,Ohio,Monroe,82,15,0,39.72984936,-81.08464734,39111.0,600.5566134466089,18.29268292682927,67,82,15,0,67,82,13790,0,0,0,0,0
2020-06-21,US,Ohio,Montgomery,1263,20,0,39.75394919,-84.29050975,39113.0,237.5457741114603,1.5835312747426762,1243,1214,20,0,1194,1174,532331,49,0,0,49,40
2020-06-21,US,Ohio,Morgan,6,0,0,39.62081738,-81.85308173,39115.0,41.356492969396186,0.0,6,6,0,0,6,6,14604,0,0,0,0,0
2020-06-21,US,Ohio,Morrow,110,1,0,40.52363560000001,-82.7892599,39117.0,311.3677536231884,0.9090909090909092,109,110,1,0,109,110,35112,0,0,0,0,0
2020-06-21,US,Ohio,Muskingum,64,1,0,39.96575964,-81.94363275,39119.0,74.23302209592299,1.5625,63,63,1,0,62,61,86183,1,0,0,1,2
2020-06-21,US,Ohio,Noble,6,0,0,39.76818851,-81.45937183,39121.0,41.59733777038269,0.0,6,6,0,0,6,6,14354,0,0,0,0,0
2020-06-21,US,Ohio,Ottawa,119,22,0,41.53781826,-83.0940185,39123.0,293.64589759407767,18.48739495798319,97,118,22,0,96,118,40769,1,0,0,1,0
2020-06-21,US,Ohio,Paulding,18,0,0,41.11676341,-84.5801017,39125.0,96.40102827763495,0.0,18,18,0,0,18,18,18760,0,0,0,0,0
2020-06-21,US,Ohio,Perry,26,1,0,39.73508655,-82.23804971,39127.0,71.95439198538773,3.8461538461538463,25,26,1,0,25,25,36033,0,0,0,0,1
2020-06-21,US,Ohio,Pickaway,2139,41,0,39.64170392,-83.0243386,39129.0,3659.099851172657,1.9167835437120149,2098,2137,41,0,2096,2135,58086,2,0,0,2,2
2020-06-21,US,Ohio,Pike,14,0,0,39.07634001,-83.06769584,39131.0,50.410485380959244,0.0,14,13,0,0,13,12,28067,1,0,0,1,1
2020-06-21,US,Ohio,Portage,369,58,0,41.16793482,-81.19735782,39133.0,227.12444449915677,15.718157181571815,311,367,58,0,309,366,162927,2,0,0,2,1
2020-06-21,US,Ohio,Preble,51,1,0,39.7420247,-84.64787018,39135.0,124.74927841103664,1.96078431372549,50,50,1,0,49,49,40997,1,0,0,1,1
2020-06-21,US,Ohio,Putnam,105,15,0,41.02094889,-84.1336111,39137.0,310.09125542659694,14.285714285714285,90,103,15,0,88,103,33780,2,0,0,2,0
2020-06-21,US,Ohio,Richland,271,4,0,40.77180308,-82.53799609999999,39139.0,223.68225564158013,1.4760147601476017,267,269,4,0,265,266,121099,2,0,0,2,3
2020-06-21,US,Ohio,Ross,84,2,0,39.33705391,-83.06000914,39141.0,109.56617014060991,2.380952380952381,82,84,2,0,82,82,76931,0,0,0,0,2
2020-06-21,US,Ohio,Sandusky,109,13,0,41.35624126,-83.137872,39143.0,186.2674732560921,11.926605504587155,96,109,13,0,96,109,58799,0,0,0,0,0
2020-06-21,US,Ohio,Scioto,21,0,0,38.80270163,-82.98907345,39145.0,27.883262076108032,0.0,21,21,0,0,21,21,75502,0,0,0,0,0
2020-06-21,US,Ohio,Seneca,31,2,0,41.12351311,-83.12783209,39147.0,56.181811591576356,6.451612903225807,29,31,2,0,29,30,55207,0,0,0,0,1
2020-06-21,US,Ohio,Shelby,51,3,0,40.33163494,-84.20258189,39149.0,104.95986828565547,5.882352941176472,48,51,3,0,48,51,48627,0,0,0,0,0
2020-06-21,US,Ohio,Stark,942,105,0,40.81482476,-81.36437305,39151.0,254.17829177077545,11.146496815286621,837,927,105,0,822,918,371574,15,0,0,15,9
2020-06-21,US,Ohio,Summit,1756,201,0,41.12464734,-81.53123079,39153.0,324.5763040814176,11.44646924829157,1555,1743,201,0,1542,1735,541918,13,0,0,13,8
2020-06-21,US,Ohio,Trumbull,711,55,0,41.31735028,-80.76109643,39155.0,359.1380686352753,7.735583684950773,656,698,55,0,643,693,198627,13,0,0,13,5
2020-06-21,US,Ohio,Tuscarawas,429,10,0,40.44214695,-81.47226262,39157.0,466.3702479698218,2.331002331002331,419,416,10,0,406,409,92176,13,0,0,13,7
2020-06-21,US,Ohio,Union,71,1,0,40.30016061,-83.37239023,39159.0,120.36346375534006,1.4084507042253518,70,71,1,0,70,69,57835,0,0,0,0,2
2020-06-21,US,Ohio,Van Wert,16,0,0,40.8554138,-84.59111700000003,39161.0,56.58709106984969,0.0,16,16,0,0,16,15,28281,0,0,0,0,1
2020-06-21,US,Ohio,Vinton,22,2,0,39.25208988,-82.4831444,39163.0,168.13144822315633,9.090909090909092,20,22,2,0,20,22,13139,0,0,0,0,0
2020-06-21,US,Ohio,Warren,584,20,0,39.42581994,-84.16557457,39165.0,248.93223416680163,3.4246575342465757,564,571,20,0,551,559,232173,13,0,0,13,12
2020-06-21,US,Ohio,Washington,119,20,0,39.45690571,-81.49121382,39167.0,198.62796481447484,16.80672268907563,99,119,20,0,99,119,60155,0,0,0,0,0
2020-06-21,US,Ohio,Wayne,327,52,0,40.82925852,-81.88844833,39169.0,282.60305937256936,15.902140672782874,275,323,52,0,271,321,115967,4,0,0,4,2
2020-06-21,US,Ohio,Williams,59,1,0,41.56052014,-84.58429552,39171.0,160.79799411315818,1.6949152542372878,58,59,1,0,58,59,36804,0,0,0,0,0
2020-06-21,US,Ohio,Wood,334,51,0,41.36224827,-83.62285108,39173.0,255.31849836030486,15.269461077844312,283,333,51,0,282,332,130696,1,0,0,1,1
2020-06-21,US,Ohio,Wyandot,55,4,0,40.84339621,-83.30734173,39175.0,252.6180415212199,7.272727272727272,51,55,4,0,51,55,21935,0,0,0,0,0
2020-06-21,US,Oklahoma,Adair,107,4,0,35.88494195,-94.65859267,40001.0,482.1122825989006,3.7383177570093458,103,104,4,0,100,103,22082,3,0,0,3,1
2020-06-21,US,Oklahoma,Alfalfa,1,0,0,36.73090616,-98.32408495,40003.0,17.5377060680463,0.0,1,1,0,0,1,1,5754,0,0,0,0,0
2020-06-21,US,Oklahoma,Atoka,13,0,0,34.37366573,-96.03802487,40005.0,94.49047826719,0.0,13,13,0,0,13,11,13838,0,0,0,0,2
2020-06-21,US,Oklahoma,Beaver,30,0,0,36.7496847,-100.4758872,40007.0,564.865373752589,0.0,30,30,0,0,30,30,5319,0,0,0,0,0
2020-06-21,US,Oklahoma,Beckham,8,0,0,35.26862449,-99.68128023,40009.0,36.59819753877122,0.0,8,8,0,0,8,8,21709,0,0,0,0,0
2020-06-21,US,Oklahoma,Blaine,14,0,0,35.87518314,-98.43307003,40011.0,148.47809948032662,0.0,14,14,0,0,14,13,9485,0,0,0,0,1
2020-06-21,US,Oklahoma,Bryan,71,1,0,33.96472458,-96.25903472,40013.0,147.93207625794355,1.4084507042253518,70,69,1,0,68,68,47192,2,0,0,2,1
2020-06-21,US,Oklahoma,Caddo,180,10,0,35.17364557,-98.37534464,40015.0,625.8257422988665,5.5555555555555545,170,180,10,0,170,181,28977,0,0,0,0,-1
2020-06-21,US,Oklahoma,Canadian,197,3,0,35.5426055,-97.98465569,40017.0,132.83346594203877,1.5228426395939083,194,192,3,0,189,186,144447,5,0,0,5,6
2020-06-21,US,Oklahoma,Carter,69,1,0,34.25103751,-97.28552485,40019.0,143.4183450770094,1.4492753623188406,68,66,1,0,65,63,48177,3,0,0,3,3
2020-06-21,US,Oklahoma,Cherokee,66,1,0,35.90692775,-94.99980896,40021.0,135.6433812195573,1.5151515151515151,65,65,1,0,64,60,48675,1,0,0,1,5
2020-06-21,US,Oklahoma,Choctaw,107,1,0,34.02807439,-95.54771129,40023.0,729.28026172301,0.9345794392523364,106,107,1,0,106,107,14668,0,0,0,0,0
2020-06-21,US,Oklahoma,Cimarron,1,0,0,36.74817177,-102.5173885,40025.0,46.79457182966776,0.0,1,1,0,0,1,1,2153,0,0,0,0,0
2020-06-21,US,Oklahoma,Cleveland,677,40,0,35.20413532,-97.32519562,40027.0,238.36853112874718,5.908419497784343,637,640,40,0,600,620,281669,37,0,0,37,20
2020-06-21,US,Oklahoma,Coal,6,0,0,34.58840127,-96.29798747,40029.0,109.1901728844404,0.0,6,6,0,0,6,6,5520,0,0,0,0,0
2020-06-21,US,Oklahoma,Comanche,365,5,0,34.65973764,-98.47195055,40031.0,302.2799360657231,1.3698630136986298,360,364,5,0,359,361,120422,1,0,0,1,3
2020-06-21,US,Oklahoma,Cotton,5,2,0,34.28845626,-98.37053567,40033.0,88.24567596187786,40.0,3,5,2,0,3,5,5776,0,0,0,0,0
2020-06-21,US,Oklahoma,Craig,18,0,0,36.76268118,-95.20916602,40035.0,127.28044123886295,0.0,18,18,0,0,18,17,14306,0,0,0,0,1
2020-06-21,US,Oklahoma,Creek,123,7,0,35.90230551,-96.37086028,40037.0,171.9750566259333,5.691056910569106,116,122,7,0,115,121,71604,1,0,0,1,1
2020-06-21,US,Oklahoma,Custer,49,0,0,35.63853802,-99.00170785,40039.0,168.9480398579457,0.0,49,49,0,0,49,45,29036,0,0,0,0,4
2020-06-21,US,Oklahoma,Delaware,117,16,0,36.40823634,-94.80325046,40041.0,272.03608547048293,13.675213675213676,101,115,16,0,99,114,42733,2,0,0,2,1
2020-06-21,US,Oklahoma,Dewey,4,0,0,35.98772922,-99.00730714,40043.0,81.78286648947045,0.0,4,4,0,0,4,4,4894,0,0,0,0,0
2020-06-21,US,Oklahoma,Garfield,55,1,0,36.3791334,-97.78265517,40047.0,90.08123689727465,1.818181818181818,54,55,1,0,54,54,60913,0,0,0,0,1
2020-06-21,US,Oklahoma,Garvin,45,1,0,34.70418038,-97.30811132,40049.0,162.39038648911983,2.2222222222222223,44,43,1,0,42,41,27811,2,0,0,2,2
2020-06-21,US,Oklahoma,Grady,125,5,0,35.0167709,-97.88339847,40051.0,223.87792384568542,4.0,120,123,4,0,119,123,55551,2,1,0,1,0
2020-06-21,US,Oklahoma,Grant,2,0,0,36.796297,-97.78638765,40053.0,46.15739672282484,0.0,2,2,0,0,2,2,4326,0,0,0,0,0
2020-06-21,US,Oklahoma,Greer,66,7,0,34.93535801,-99.5605612,40055.0,1155.4621848739494,10.606060606060606,59,66,7,0,59,66,5821,0,0,0,0,0
2020-06-21,US,Oklahoma,Harmon,1,0,0,34.7440135,-99.84741652,40057.0,37.69317753486619,0.0,1,1,0,0,1,1,2664,0,0,0,0,0
2020-06-21,US,Oklahoma,Harper,1,0,0,36.78836519,-99.6679804,40059.0,27.11496746203905,0.0,1,1,0,0,1,1,3797,0,0,0,0,0
2020-06-21,US,Oklahoma,Haskell,7,0,0,35.22257600000001,-95.11513306,40061.0,55.436762493070404,0.0,7,7,0,0,7,7,12668,0,0,0,0,0
2020-06-21,US,Oklahoma,Hughes,5,0,0,35.04912569,-96.24921145,40063.0,37.65343775886738,0.0,5,3,0,0,3,3,13335,2,0,0,2,0
2020-06-21,US,Oklahoma,Jackson,32,3,0,34.58781741,-99.41138784,40065.0,130.45250713412148,9.375,29,32,3,0,29,32,24949,0,0,0,0,0
2020-06-21,US,Oklahoma,Jefferson,4,0,0,34.11130184,-97.83182974,40067.0,66.64445184938353,0.0,4,4,0,0,4,4,6123,0,0,0,0,0
2020-06-21,US,Oklahoma,Johnston,8,0,0,34.31440473,-96.66011537,40069.0,72.16959855660802,0.0,8,8,0,0,8,8,10949,0,0,0,0,0
2020-06-21,US,Oklahoma,Kay,80,7,0,36.81799745,-97.14421435,40071.0,183.74753089255364,8.75,73,79,7,0,72,77,44161,1,0,0,1,2
2020-06-21,US,Oklahoma,Kingfisher,19,0,0,35.94530008,-97.94193268,40073.0,120.52013954963527,0.0,19,18,0,0,18,17,15816,1,0,0,1,1
2020-06-21,US,Oklahoma,Kiowa,6,0,0,34.91671958,-98.97720696,40075.0,68.90215893431328,0.0,6,6,0,0,6,6,8729,0,0,0,0,0
2020-06-21,US,Oklahoma,Latimer,7,1,0,34.87844729,-95.25215049,40077.0,69.49270326615705,14.285714285714285,6,7,1,0,6,7,10231,0,0,0,0,0
2020-06-21,US,Oklahoma,Le Flore,27,1,0,34.89851864,-94.70392124,40079.0,54.15922813070427,3.703703703703704,26,26,1,0,25,25,49980,1,0,0,1,1
2020-06-21,US,Oklahoma,Lincoln,26,2,0,35.70270942,-96.8812462,40081.0,74.54769618946585,7.6923076923076925,24,25,2,0,23,25,34920,1,0,0,1,0
2020-06-21,US,Oklahoma,Logan,28,1,0,35.91899576,-97.44352845,40083.0,58.319968340588616,3.571428571428572,27,26,1,0,25,26,47291,2,0,0,2,0
2020-06-21,US,Oklahoma,Love,26,0,0,33.95273467,-97.23906784,40085.0,253.58431678533108,0.0,26,25,0,0,25,25,10134,1,0,0,1,0
2020-06-21,US,Oklahoma,Major,8,1,0,36.31149996,-98.53467076,40093.0,104.86302267662865,12.5,7,7,1,0,6,7,7644,1,0,0,1,0
2020-06-21,US,Oklahoma,Marshall,22,0,0,34.02311222,-96.76855464,40095.0,129.93916484554958,0.0,22,22,0,0,22,21,16806,0,0,0,0,1
2020-06-21,US,Oklahoma,Mayes,69,4,0,36.30179091,-95.23175116,40097.0,167.88321167883208,5.797101449275362,65,65,4,0,61,60,41107,4,0,0,4,5
2020-06-21,US,Oklahoma,McClain,130,4,0,35.01123903,-97.44572302,40087.0,321.193852843801,3.0769230769230766,126,124,4,0,120,121,39985,6,0,0,6,3
2020-06-21,US,Oklahoma,McCurtain,302,2,0,34.11664328,-94.77222373,40089.0,919.8343079922028,0.6622516556291391,300,245,2,0,243,200,32703,57,0,0,57,45
2020-06-21,US,Oklahoma,McIntosh,38,1,0,35.37235506,-95.66599306,40091.0,193.91712594407025,2.631578947368421,37,29,1,0,28,27,19815,9,0,0,9,2
2020-06-21,US,Oklahoma,Murray,13,0,0,34.48116015,-97.06826283,40099.0,92.3754707596106,0.0,13,13,0,0,13,13,13953,0,0,0,0,0
2020-06-21,US,Oklahoma,Muskogee,94,9,0,35.61318461,-95.37802952,40101.0,138.24139300263244,9.574468085106382,85,92,9,0,83,88,68362,2,0,0,2,4
2020-06-21,US,Oklahoma,Noble,28,0,0,36.38953329,-97.22928674,40103.0,251.54972599047701,0.0,28,26,0,0,26,26,11289,2,0,0,2,0
2020-06-21,US,Oklahoma,Nowata,28,1,0,36.79843529,-95.61902331,40105.0,277.888050813815,3.571428571428572,27,27,1,0,26,27,10218,1,0,0,1,0
2020-06-21,US,Oklahoma,Okfuskee,7,0,0,35.46485198,-96.32639984,40107.0,58.3673809722338,0.0,7,7,0,0,7,6,12098,0,0,0,0,1
2020-06-21,US,Oklahoma,Oklahoma,2099,65,0,35.55140095,-97.40716948,40109.0,263.21927582721577,3.0967127203430205,2034,1990,65,0,1925,1946,792582,109,0,0,109,44
2020-06-21,US,Oklahoma,Okmulgee,45,0,0,35.64661916,-95.96432828,40111.0,116.98947094761473,0.0,45,40,0,0,40,36,38335,5,0,0,5,4
2020-06-21,US,Oklahoma,Osage,140,8,0,36.62888819,-96.39635704,40113.0,298.1070204203309,5.7142857142857135,132,130,8,0,122,125,47014,10,0,0,10,5
2020-06-21,US,Oklahoma,Ottawa,44,2,0,36.83532655,-94.81011909,40115.0,141.35637870658914,4.545454545454546,42,43,2,0,41,42,31175,1,0,0,1,1
2020-06-21,US,Oklahoma,Pawnee,48,2,0,36.31743373,-96.7033176,40117.0,293.11187103077674,4.166666666666667,46,47,2,0,45,46,16390,1,0,0,1,1
2020-06-21,US,Oklahoma,Payne,242,1,0,36.07695283,-96.97584944,40119.0,295.9013988066125,0.4132231404958678,241,215,1,0,214,208,82040,27,0,0,27,7
2020-06-21,US,Oklahoma,Pittsburg,48,3,0,34.92065823,-95.7513432,40121.0,109.95555962798369,6.25,45,48,3,0,45,47,43877,0,0,0,0,1
2020-06-21,US,Oklahoma,Pontotoc,27,2,0,34.72959848,-96.68337199,40123.0,70.52554591996656,7.407407407407407,25,23,2,0,21,24,38247,4,0,0,4,-1
2020-06-21,US,Oklahoma,Pottawatomie,85,4,0,35.20614018,-96.94923008,40125.0,117.09279259422527,4.705882352941177,81,83,4,0,79,80,72679,2,0,0,2,3
2020-06-21,US,Oklahoma,Pushmataha,9,0,0,34.41635232,-95.37603505,40127.0,81.11031002162942,0.0,9,9,0,0,9,8,11179,0,0,0,0,1
2020-06-21,US,Oklahoma,Rogers,126,5,0,36.37004357,-95.60406759,40131.0,136.2766199072021,3.968253968253968,121,123,5,0,118,122,91984,3,0,0,3,1
2020-06-21,US,Oklahoma,Seminole,35,3,0,35.16478725,-96.61686741,40133.0,144.28229862313464,8.571428571428571,32,33,3,0,30,33,24578,2,0,0,2,0
2020-06-21,US,Oklahoma,Sequoyah,25,3,0,35.49447108,-94.75463785,40135.0,60.140970434698936,12.0,22,22,3,0,19,22,41179,3,0,0,3,0
2020-06-21,US,Oklahoma,Stephens,49,1,0,34.48556989,-97.85141892,40137.0,113.57578286164616,2.0408163265306123,48,49,1,0,48,48,43265,0,0,0,0,1
2020-06-21,US,Oklahoma,Texas,980,6,0,36.74777635,-101.4889765,40139.0,4904.168543261771,0.6122448979591837,974,978,6,0,972,977,20455,2,0,0,2,1
2020-06-21,US,Oklahoma,Tillman,23,1,0,34.37288446,-98.92426619,40141.0,317.2413793103448,4.3478260869565215,22,23,1,0,22,23,7348,0,0,0,0,0
2020-06-21,US,Oklahoma,Tulsa,2349,66,0,36.11939621,-95.94013939,40143.0,360.52379549138055,2.80970625798212,2283,2206,66,0,2140,2070,648360,143,0,0,143,136
2020-06-21,US,Oklahoma,Wagoner,210,17,0,35.96024096,-95.51911308,40145.0,258.33753644404527,8.095238095238095,193,202,17,0,185,194,80110,8,0,0,8,8
2020-06-21,US,Oklahoma,Washington,375,38,0,36.71380786,-95.90514104,40147.0,727.7737884992334,10.133333333333333,337,367,38,0,329,365,51843,8,0,0,8,2
2020-06-21,US,Oklahoma,Washita,3,0,0,35.29071824,-98.99180434,40149.0,27.482594356907292,0.0,3,3,0,0,3,3,11127,0,0,0,0,0
2020-06-21,US,Oklahoma,Woods,5,0,0,36.76705782,-98.86573064,40151.0,56.863414079381336,0.0,5,5,0,0,5,5,8897,0,0,0,0,0
2020-06-21,US,Oklahoma,Woodward,12,0,0,36.42316318,-99.26283045,40153.0,59.373608431052396,0.0,12,12,0,0,12,12,20222,0,0,0,0,0
2020-06-21,US,Oregon,Baker,1,0,0,44.70915557,-117.6749883,41001.0,6.201935003721161,0.0,1,1,0,0,1,1,16006,0,0,0,0,0
2020-06-21,US,Oregon,Benton,66,5,0,44.49167306,-123.4316987,41003.0,70.92732098911372,7.575757575757576,61,66,5,0,61,66,92101,0,0,0,0,0
2020-06-21,US,Oregon,Clackamas,561,22,0,45.18787398,-122.2179634,41005.0,134.15051161322566,3.92156862745098,539,561,22,0,539,561,416075,0,0,0,0,0
2020-06-21,US,Oregon,Clatsop,46,0,0,45.99712889,-123.660711,41007.0,114.35958631662687,0.0,46,46,0,0,46,46,39764,0,0,0,0,0
2020-06-21,US,Oregon,Columbia,26,0,0,45.94464254,-123.0890898,41009.0,49.66191694999428,0.0,26,26,0,0,26,26,52377,0,0,0,0,0
2020-06-21,US,Oregon,Coos,33,0,0,43.17406868,-124.0594514,41011.0,51.17310465675252,0.0,33,33,0,0,33,33,64389,0,0,0,0,0
2020-06-21,US,Oregon,Crook,9,0,0,44.14230227,-120.356297,41013.0,36.87920013112605,0.0,9,9,0,0,9,9,23867,0,0,0,0,0
2020-06-21,US,Oregon,Curry,7,0,0,42.45911325,-124.157282,41015.0,30.53435114503817,0.0,7,7,0,0,7,7,22813,0,0,0,0,0
2020-06-21,US,Oregon,Deschutes,142,0,0,43.91570171,-121.2289121,41017.0,71.82890557028105,0.0,142,142,0,0,142,142,191996,0,0,0,0,0
2020-06-21,US,Oregon,Douglas,32,0,0,43.27941273,-123.167291,41019.0,28.834024148495224,0.0,32,32,0,0,32,32,110283,0,0,0,0,0
2020-06-21,US,Oregon,Grant,1,0,0,44.49024544,-119.0068631,41023.0,13.890818169190164,0.0,1,1,0,0,1,1,7176,0,0,0,0,0
2020-06-21,US,Oregon,Harney,1,0,0,43.06422669,-118.9666306,41025.0,13.526308670363855,0.0,1,1,0,0,1,1,7329,0,0,0,0,0
2020-06-21,US,Oregon,Hood River,87,0,0,45.51872811,-121.65520359999998,41027.0,372.0810880164229,0.0,87,87,0,0,87,87,23428,0,0,0,0,0
2020-06-21,US,Oregon,Jackson,85,0,0,42.43201126,-122.7289309,41029.0,38.47128684191469,0.0,85,85,0,0,85,85,219564,0,0,0,0,0
2020-06-21,US,Oregon,Jefferson,77,0,0,44.62806839,-121.17832,41031.0,312.2718793089464,0.0,77,77,0,0,77,77,24192,0,0,0,0,0
2020-06-21,US,Oregon,Josephine,26,1,0,42.3665549,-123.5561938,41033.0,29.718701064158108,3.8461538461538463,25,26,1,0,25,26,87393,0,0,0,0,0
2020-06-21,US,Oregon,Klamath,80,0,0,42.68762984,-121.64964609999998,41035.0,117.23673026759285,0.0,80,80,0,0,80,80,67653,0,0,0,0,0
2020-06-21,US,Oregon,Lake,6,0,0,42.79246693,-120.3850163,41037.0,76.24857033930614,0.0,6,6,0,0,6,6,7879,0,0,0,0,0
2020-06-21,US,Oregon,Lane,93,3,0,43.93727035,-122.847753,41039.0,24.341280456045666,3.2258064516129035,90,93,3,0,90,93,379611,0,0,0,0,0
2020-06-21,US,Oregon,Lincoln,261,0,0,44.64252874,-123.869912,41041.0,522.3970217365197,0.0,261,261,0,0,261,261,49388,0,0,0,0,0
2020-06-21,US,Oregon,Linn,127,9,0,44.48899494,-122.5373154,41043.0,97.88129388280448,7.086614173228346,118,127,9,0,118,127,127335,0,0,0,0,0
2020-06-21,US,Oregon,Malheur,43,1,0,43.1937027,-117.6227395,41045.0,140.65617742304798,2.3255813953488373,42,43,1,0,42,43,30725,0,0,0,0,0
2020-06-21,US,Oregon,Marion,1264,34,0,44.90287942,-122.5815117,41047.0,363.408449246445,2.6898734177215187,1230,1264,34,0,1230,1264,346868,0,0,0,0,0
2020-06-21,US,Oregon,Morrow,27,0,0,45.41846568,-119.584546,41049.0,232.69844005860557,0.0,27,27,0,0,27,27,11372,0,0,0,0,0
2020-06-21,US,Oregon,Multnomah,1714,68,0,45.54747959,-122.4169351,41051.0,210.86171580417167,3.9673278879813294,1646,1714,68,0,1646,1714,811880,0,0,0,0,0
2020-06-21,US,Oregon,Polk,131,12,0,44.90322804,-123.4128888,41053.0,152.17517569843758,9.16030534351145,119,131,12,0,119,131,85234,0,0,0,0,0
2020-06-21,US,Oregon,Sherman,1,0,0,45.41501554,-120.6827834,41055.0,56.179775280898866,0.0,1,1,0,0,1,1,1708,0,0,0,0,0
2020-06-21,US,Oregon,Tillamook,6,0,0,45.46248721,-123.712066,41057.0,22.192632046160675,0.0,6,6,0,0,6,6,26787,0,0,0,0,0
2020-06-21,US,Oregon,Umatilla,230,4,0,45.59073056,-118.7353826,41059.0,295.060936497755,1.7391304347826086,226,230,4,0,226,230,77516,0,0,0,0,0
2020-06-21,US,Oregon,Union,253,0,0,45.30915495,-118.0068979,41061.0,942.7985839388858,0.0,253,253,0,0,253,253,26461,0,0,0,0,0
2020-06-21,US,Oregon,Wallowa,5,0,0,45.57894064,-117.18353799999998,41063.0,69.36736958934517,0.0,5,5,0,0,5,5,7081,0,0,0,0,0
2020-06-21,US,Oregon,Wasco,42,1,0,45.16292781,-121.1670954,41065.0,157.40948954351248,2.380952380952381,41,42,1,0,41,42,26505,0,0,0,0,0
2020-06-21,US,Oregon,Washington,992,20,0,45.55972701,-123.0955257,41067.0,164.8958097847046,2.0161290322580645,972,992,20,0,972,992,597695,0,0,0,0,0
2020-06-21,US,Oregon,Yamhill,97,8,0,45.23330449,-123.3086963,41071.0,90.56956115779646,8.24742268041237,89,97,8,0,89,97,107002,0,0,0,0,0
2020-06-21,US,Pennsylvania,Adams,314,11,0,39.87140411,-77.21610347,42001.0,304.82773349901464,3.5031847133757963,303,311,11,0,300,309,102811,3,0,0,3,2
2020-06-21,US,Pennsylvania,Allegheny,2175,179,0,40.46809875,-79.98167747,42003.0,178.858512637279,8.229885057471265,1996,2159,179,0,1980,2139,1218452,16,0,0,16,20
2020-06-21,US,Pennsylvania,Armstrong,69,6,0,40.81665618,-79.46290811,42005.0,106.58839885687806,8.695652173913043,63,69,6,0,63,69,65263,0,0,0,0,0
2020-06-21,US,Pennsylvania,Beaver,624,77,0,40.6825484,-80.34921611,42007.0,380.6525996010468,12.339743589743591,547,621,77,0,544,619,164742,3,0,0,3,2
2020-06-21,US,Pennsylvania,Bedford,66,2,0,40.00522157,-78.48998442,42009.0,137.821583695289,3.0303030303030303,64,65,2,0,63,63,48176,1,0,0,1,2
2020-06-21,US,Pennsylvania,Berks,4407,344,0,40.41570541,-75.92457766,42011.0,1046.3857309741572,7.805763557975948,4063,4388,344,0,4044,4374,420152,19,0,0,19,14
2020-06-21,US,Pennsylvania,Blair,58,1,0,40.47961444,-78.34917412,42013.0,47.60771244941681,1.7241379310344829,57,58,1,0,57,56,122492,0,0,0,0,2
2020-06-21,US,Pennsylvania,Bradford,50,3,0,41.78869215,-76.51570822,42015.0,82.88712431410904,6.0,47,49,3,0,46,49,60833,1,0,0,1,0
2020-06-21,US,Pennsylvania,Bucks,5547,552,0,40.33682119,-75.10836643,42017.0,882.9006637273784,9.951325040562466,4995,5535,552,0,4983,5510,628195,12,0,0,12,25
2020-06-21,US,Pennsylvania,Butler,268,13,0,40.91152759,-79.91351055,42019.0,142.66474317684572,4.8507462686567155,255,263,13,0,250,263,187888,5,0,0,5,0
2020-06-21,US,Pennsylvania,Cambria,61,3,0,40.49527404,-78.71377428,42021.0,46.85387735037483,4.918032786885246,58,61,3,0,58,62,131730,0,0,0,0,-1
2020-06-21,US,Pennsylvania,Cameron,2,0,0,41.43625568,-78.20376845,42023.0,44.974139869575005,0.0,2,2,0,0,2,2,4492,0,0,0,0,0
2020-06-21,US,Pennsylvania,Carbon,267,24,0,40.91545395,-75.7068525,42025.0,416.00448723941287,8.98876404494382,243,267,24,0,243,264,64227,0,0,0,0,3
2020-06-21,US,Pennsylvania,Centre,180,6,0,40.92058903,-77.82200624,42027.0,110.84767681744005,3.333333333333333,174,180,6,0,174,176,162805,0,0,0,0,4
2020-06-21,US,Pennsylvania,Chester,3486,316,0,39.97291773,-75.74768357,42029.0,664.013912672456,9.06483075157774,3170,3457,315,0,3142,3437,522046,29,1,0,28,20
2020-06-21,US,Pennsylvania,Clarion,31,2,0,41.19265812,-79.42413524,42031.0,80.64935740673292,6.451612903225807,29,31,2,0,29,31,38779,0,0,0,0,0
2020-06-21,US,Pennsylvania,Clearfield,66,0,0,41.00110782,-78.47592663,42033.0,83.27550312283137,0.0,66,66,0,0,66,63,79388,0,0,0,0,3
2020-06-21,US,Pennsylvania,Clinton,70,3,0,41.23255967,-77.63785995,42035.0,181.1969351832677,4.285714285714286,67,70,3,0,67,67,38684,0,0,0,0,3
2020-06-21,US,Pennsylvania,Columbia,392,33,0,41.04821986,-76.40565017,42037.0,603.4111200049258,8.418367346938776,359,391,33,0,358,390,65456,1,0,0,1,1
2020-06-21,US,Pennsylvania,Crawford,40,0,0,41.68447709,-80.10760592,42039.0,47.26512188493306,0.0,40,40,0,0,40,38,85063,0,0,0,0,2
2020-06-21,US,Pennsylvania,Cumberland,786,61,0,40.1625372,-77.26130755,42041.0,310.2182578837273,7.760814249363867,725,774,61,0,713,768,251423,12,0,0,12,6
2020-06-21,US,Pennsylvania,Dauphin,1762,120,0,40.41377078,-76.77993242,42043.0,633.1319911318403,6.810442678774121,1642,1745,120,0,1625,1725,277097,17,0,0,17,20
2020-06-21,US,Pennsylvania,Delaware,7038,635,0,39.91680171,-75.40243663,42045.0,1241.823953192518,9.02244955953396,6403,7023,635,0,6388,7003,564751,15,0,0,15,20
2020-06-21,US,Pennsylvania,Elk,8,0,0,41.42822061,-78.64524744,42047.0,26.746907388833165,0.0,8,8,0,0,8,8,30169,0,0,0,0,0
2020-06-21,US,Pennsylvania,Erie,532,9,0,41.99253829,-80.03301954,42049.0,197.2357337762487,1.6917293233082706,523,524,9,0,515,515,272061,8,0,0,8,9
2020-06-21,US,Pennsylvania,Fayette,104,4,0,39.92041012,-79.64291195,42051.0,80.44927827714777,3.8461538461538463,100,103,4,0,99,103,130441,1,0,0,1,0
2020-06-21,US,Pennsylvania,Forest,7,0,0,41.51095103,-79.23229292,42053.0,96.59169311439214,0.0,7,7,0,0,7,7,7279,0,0,0,0,0
2020-06-21,US,Pennsylvania,Franklin,879,42,0,39.92956518,-77.72157791,42055.0,566.9980067988157,4.778156996587032,837,876,42,0,834,872,154835,3,0,0,3,4
2020-06-21,US,Pennsylvania,Fulton,18,1,0,39.92913544,-78.11163677,42057.0,123.88162422573986,5.5555555555555545,17,18,1,0,17,17,14523,0,0,0,0,1
2020-06-21,US,Pennsylvania,Greene,35,0,0,39.85746531,-80.22357106,42059.0,96.5970248116358,0.0,35,33,0,0,33,30,36506,2,0,0,2,3
2020-06-21,US,Pennsylvania,Huntingdon,240,4,0,40.42162652,-77.97673273,42061.0,531.632110579479,1.6666666666666667,236,240,4,0,236,240,45168,0,0,0,0,0
2020-06-21,US,Pennsylvania,Indiana,98,5,0,40.65241041,-79.08963285,42063.0,116.56536581304344,5.1020408163265305,93,98,5,0,93,98,84501,0,0,0,0,0
2020-06-21,US,Pennsylvania,Jefferson,20,1,0,41.12913106,-78.9986361,42065.0,46.056419113413924,5.0,19,20,1,0,19,20,43641,0,0,0,0,0
2020-06-21,US,Pennsylvania,Juniata,108,5,0,40.53358749,-77.39975129999998,42067.0,436.1345555869645,4.62962962962963,103,109,5,0,104,109,24704,-1,0,0,-1,0
2020-06-21,US,Pennsylvania,Lackawanna,1622,200,0,41.43564672,-75.60379201,42069.0,773.5818461039519,12.330456226880395,1422,1622,200,0,1422,1617,210793,0,0,0,0,5
2020-06-21,US,Pennsylvania,Lancaster,3999,346,0,40.03904563,-76.24770128,42071.0,732.7880027266532,8.65216304076019,3653,3949,346,0,3603,3911,543557,50,0,0,50,38
2020-06-21,US,Pennsylvania,Lawrence,90,9,0,40.99206278,-80.33393706,42073.0,105.24838619141173,10.0,81,90,9,0,81,90,86184,0,0,0,0,0
2020-06-21,US,Pennsylvania,Lebanon,1251,40,0,40.36680311,-76.45651841,42075.0,882.2720444591763,3.1974420463629096,1211,1240,40,0,1200,1226,141314,11,0,0,11,14
2020-06-21,US,Pennsylvania,Lehigh,4085,278,0,40.6154815,-75.59435245,42077.0,1106.0928522303273,6.805385556915545,3807,4072,278,0,3794,4024,368100,13,0,0,13,48
2020-06-21,US,Pennsylvania,Luzerne,2864,171,0,41.17823008,-75.98447579,42079.0,902.2831165312508,5.970670391061453,2693,2861,170,0,2691,2850,317646,3,1,0,2,11
2020-06-21,US,Pennsylvania,Lycoming,173,19,0,41.34310539,-77.06629984,42081.0,152.69331591629228,10.982658959537574,154,172,19,0,153,172,113664,1,0,0,1,0
2020-06-21,US,Pennsylvania,McKean,14,1,0,41.80938602,-78.56478358,42083.0,34.46153846153846,7.142857142857142,13,13,1,0,12,13,40968,1,0,0,1,0
2020-06-21,US,Pennsylvania,Mercer,119,6,0,41.30248872,-80.25816981,42085.0,108.7512794268168,5.042016806722689,113,118,6,0,112,118,110683,1,0,0,1,0
2020-06-21,US,Pennsylvania,Mifflin,61,1,0,40.61116939,-77.61070738,42087.0,132.21205947375265,1.639344262295082,60,61,1,0,60,61,46222,0,0,0,0,0
2020-06-21,US,Pennsylvania,Monroe,1376,107,0,41.05934058,-75.34031025,42089.0,808.1235207404668,7.776162790697675,1269,1370,107,0,1263,1366,169507,6,0,0,6,4
2020-06-21,US,Pennsylvania,Montgomery,8103,784,0,40.21053671,-75.36652296,42091.0,975.1900013840165,9.675428853511043,7319,8076,783,0,7293,8046,828604,27,1,0,26,30
2020-06-21,US,Pennsylvania,Montour,68,0,0,41.03023987,-76.66345939,42093.0,373.0115194733955,0.0,68,68,0,0,68,68,18240,0,0,0,0,0
2020-06-21,US,Pennsylvania,Northampton,3309,252,0,40.75182733,-75.30471829,42095.0,1083.905203334589,7.615593834995468,3057,3304,252,0,3052,3284,304807,5,0,0,5,20
2020-06-21,US,Pennsylvania,Northumberland,271,4,0,40.84785433,-76.70798222,42097.0,298.3168763691204,1.4760147601476017,267,256,4,0,252,254,91083,15,0,0,15,2
2020-06-21,US,Pennsylvania,Perry,83,5,0,40.40206612,-77.26297447,42099.0,179.37413554633468,6.024096385542169,78,82,5,0,77,79,46139,1,0,0,1,3
2020-06-21,US,Pennsylvania,Philadelphia,24841,1553,0,40.00338507,-75.1379271,42101.0,1568.1815886226818,6.251761201239885,23288,24841,1552,0,23289,24841,1584138,0,1,0,-1,0
2020-06-21,US,Pennsylvania,Pike,489,20,0,41.33155042,-75.03208106,42103.0,876.2027629952157,4.08997955010225,469,487,20,0,467,487,55933,2,0,0,2,0
2020-06-21,US,Pennsylvania,Potter,13,0,0,41.74471626,-77.89559864,42105.0,78.66392351446206,0.0,13,13,0,0,13,13,16622,0,0,0,0,0
2020-06-21,US,Pennsylvania,Schuylkill,714,43,0,40.70497338,-76.2150785,42107.0,505.0969517328221,6.022408963585434,671,713,43,0,670,703,142067,1,0,0,1,10
2020-06-21,US,Pennsylvania,Snyder,61,1,0,40.77129231,-77.06840691,42109.0,151.09481819082532,1.639344262295082,60,61,1,0,60,61,40540,0,0,0,0,0
2020-06-21,US,Pennsylvania,Somerset,47,1,0,39.97172723,-79.02699593,42111.0,63.9917219219301,2.127659574468085,46,47,1,0,46,46,73952,0,0,0,0,1
2020-06-21,US,Pennsylvania,Sullivan,3,0,0,41.44634738,-76.51246591,42113.0,49.455984174085074,0.0,3,3,0,0,3,3,6071,0,0,0,0,0
2020-06-21,US,Pennsylvania,Susquehanna,178,20,0,41.82147784,-75.80071959,42115.0,441.3806784368182,11.235955056179776,158,178,20,0,158,178,40589,0,0,0,0,0
2020-06-21,US,Pennsylvania,Tioga,22,2,0,41.77255149,-77.25433032,42117.0,54.19920672070164,9.090909090909092,20,20,2,0,18,20,40763,2,0,0,2,0
2020-06-21,US,Pennsylvania,Union,88,2,0,40.96188846,-77.05996014,42119.0,195.89074638826438,2.272727272727273,86,85,2,0,83,84,44785,3,0,0,3,1
2020-06-21,US,Pennsylvania,Venango,17,0,0,41.40323442,-79.75845449,42121.0,33.55174863819373,0.0,17,17,0,0,17,17,51266,0,0,0,0,0
2020-06-21,US,Pennsylvania,Warren,5,0,0,41.81304978,-79.26969577,42123.0,12.758031180628205,0.0,5,5,0,0,5,5,39498,0,0,0,0,0
2020-06-21,US,Pennsylvania,Washington,168,6,0,40.19208869,-80.24582867,42125.0,81.21238488869551,3.571428571428572,162,165,6,0,159,162,207346,3,0,0,3,3
2020-06-21,US,Pennsylvania,Wayne,130,9,0,41.64938475,-75.29956506,42127.0,253.1103366367477,6.9230769230769225,121,130,9,0,121,129,51276,0,0,0,0,1
2020-06-21,US,Pennsylvania,Westmoreland,530,38,0,40.31377979999999,-79.46615476,42129.0,151.90642564180462,7.169811320754717,492,519,38,0,481,510,350611,11,0,0,11,9
2020-06-21,US,Pennsylvania,Wyoming,37,7,0,41.51955538,-76.01074915,42131.0,138.09061730238113,18.918918918918923,30,36,7,0,29,36,27046,1,0,0,1,0
2020-06-21,US,Pennsylvania,York,1296,36,0,39.9210089,-76.73040131,42133.0,288.6041446761888,2.7777777777777777,1260,1255,36,0,1219,1229,448273,41,0,0,41,26
2020-06-21,US,Rhode Island,Bristol,240,0,0,41.71018079,-71.28652315,44001.0,495.05971657831225,0.0,240,240,0,0,240,240,48649,0,0,0,0,0
2020-06-21,US,Rhode Island,Kent,1128,0,0,41.67106337,-71.57641596,44003.0,686.5824264115113,0.0,1128,1128,0,0,1128,1128,163861,0,0,0,0,0
2020-06-21,US,Rhode Island,Newport,277,0,0,41.5642026,-71.26569799,44005.0,337.4674106381423,0.0,277,277,0,0,277,277,82542,0,0,0,0,0
2020-06-21,US,Rhode Island,Providence,12363,0,0,41.87064746,-71.57753536,44007.0,1934.9507223784728,0.0,12363,12363,0,0,12363,12363,636084,0,0,0,0,0
2020-06-21,US,Rhode Island,Unassigned,1813,894,0,0.0,0.0,90044.0,0.0,49.31053502482074,919,1813,894,0,919,1813,,0,0,0,0,0
2020-06-21,US,Rhode Island,Washington,516,0,0,41.45961631,-71.61435303,44009.0,410.90327050335645,0.0,516,516,0,0,516,516,126179,0,0,0,0,0
2020-06-21,US,South Carolina,Abbeville,88,0,0,34.22333378,-82.46170658,45001.0,358.7882741468586,0.0,88,86,0,0,86,73,24541,2,0,0,2,13
2020-06-21,US,South Carolina,Aiken,274,9,0,33.54338026,-81.63645384,45003.0,160.353949154923,3.2846715328467155,265,267,9,0,258,261,169401,7,0,0,7,6
2020-06-21,US,South Carolina,Allendale,45,3,0,32.98837386,-81.35321066,45005.0,517.9558011049724,6.666666666666668,42,45,3,0,42,45,8903,0,0,0,0,0
2020-06-21,US,South Carolina,Anderson,441,10,0,34.51828081,-82.63959517,45007.0,217.715419781001,2.2675736961451247,431,423,10,0,413,400,200482,18,0,0,18,23
2020-06-21,US,South Carolina,Bamberg,66,0,0,33.21927586,-81.05659969,45009.0,469.2165505474193,0.0,66,60,0,0,60,54,14275,6,0,0,6,6
2020-06-21,US,South Carolina,Barnwell,59,1,0,33.26679302,-81.43584352,45011.0,282.75663759225534,1.6949152542372878,58,59,1,0,58,57,21112,0,0,0,0,2
2020-06-21,US,South Carolina,Beaufort,857,15,0,32.39226291,-80.72619758,45013.0,446.0707258929222,1.7502917152858808,842,816,15,0,801,760,188715,41,0,0,41,56
2020-06-21,US,South Carolina,Berkeley,599,20,0,33.20222596,-79.94654523,45015.0,262.82650379321393,3.3388981636060096,579,563,20,0,543,515,221091,36,0,0,36,48
2020-06-21,US,South Carolina,Calhoun,69,1,0,33.66926881,-80.77722168,45017.0,474.12904555761696,1.4492753623188406,68,62,1,0,61,58,14520,7,0,0,7,4
2020-06-21,US,South Carolina,Charleston,1836,19,0,32.82487866,-79.96512315,45019.0,446.2744831140042,1.0348583877995643,1817,1728,19,0,1709,1554,405905,108,0,0,108,174
2020-06-21,US,South Carolina,Cherokee,106,6,0,35.05122251,-81.61828622,45021.0,184.9912739965096,5.660377358490566,100,103,6,0,97,99,57078,3,0,0,3,4
2020-06-21,US,South Carolina,Chester,138,1,0,34.69249168,-81.1583216,45023.0,427.98660215854113,0.7246376811594203,137,134,1,0,133,131,32251,4,0,0,4,3
2020-06-21,US,South Carolina,Chesterfield,311,10,0,34.64137396,-80.15640140000002,45025.0,681.2705366922235,3.2154340836012865,301,309,9,0,300,306,45754,2,1,0,1,3
2020-06-21,US,South Carolina,Clarendon,359,41,0,33.66610974,-80.21647898,45027.0,1063.8613127870797,11.420612813370473,318,357,41,0,316,349,33700,2,0,0,2,8
2020-06-21,US,South Carolina,Colleton,244,20,0,32.87582989,-80.67641292,45029.0,647.6099477134593,8.196721311475411,224,234,19,0,215,217,37660,10,1,0,9,17
2020-06-21,US,South Carolina,Darlington,376,13,0,34.33358335,-79.96027485,45031.0,564.4120207751658,3.4574468085106385,363,373,13,0,360,371,66802,3,0,0,3,2
2020-06-21,US,South Carolina,Dillon,226,5,0,34.39007791,-79.37741872,45033.0,741.4941435086454,2.2123893805309733,221,223,5,0,218,219,30599,3,0,0,3,4
2020-06-21,US,South Carolina,Dorchester,387,3,0,33.0794369,-80.40502652,45035.0,237.70184694949296,0.7751937984496124,384,353,3,0,350,323,160647,34,0,0,34,30
2020-06-21,US,South Carolina,Edgefield,69,2,0,33.77221995,-81.96231108,45037.0,253.11812179016877,2.898550724637681,67,65,2,0,63,63,27052,4,0,0,4,2
2020-06-21,US,South Carolina,Fairfield,257,20,0,34.39287073,-81.1195624,45039.0,1150.0425112990558,7.782101167315174,237,253,20,0,233,246,22402,4,0,0,4,7
2020-06-21,US,South Carolina,Florence,921,47,0,34.02361754,-79.70189312,45041.0,665.9773090467341,5.10314875135722,874,901,45,0,856,878,138159,20,2,0,18,23
2020-06-21,US,South Carolina,Georgetown,258,3,0,33.43443342,-79.33202141,45043.0,411.6145500957243,1.162790697674419,255,240,3,0,237,227,62249,18,0,0,18,13
2020-06-21,US,South Carolina,Greenville,3670,73,0,34.89502264,-82.37295012,45045.0,700.9943805845568,1.989100817438692,3597,3536,73,0,3463,3413,514213,134,0,0,134,123
2020-06-21,US,South Carolina,Greenwood,371,5,0,34.15272415,-82.12715789,45047.0,523.9298978972193,1.3477088948787062,366,353,5,0,348,345,70741,18,0,0,18,8
2020-06-21,US,South Carolina,Hampton,54,1,0,32.77419582,-81.13845571,45049.0,280.92810321506613,1.851851851851852,53,54,1,0,53,53,19351,0,0,0,0,1
2020-06-21,US,South Carolina,Horry,1931,39,0,33.9212828,-78.99555293,45051.0,545.3554412690881,2.019678922837908,1892,1818,39,0,1779,1697,344147,113,0,0,113,121
2020-06-21,US,South Carolina,Jasper,76,3,0,32.43171982,-81.02487495,45053.0,252.71838526252785,3.947368421052632,73,72,3,0,69,67,28971,4,0,0,4,5
2020-06-21,US,South Carolina,Kershaw,531,16,0,34.33988254,-80.58763164,45055.0,797.8843293113551,3.0131826741996237,515,519,16,0,503,502,65592,12,0,0,12,17
2020-06-21,US,South Carolina,Lancaster,322,10,0,34.68270843,-80.70513032,45057.0,328.5312002611925,3.1055900621118013,312,313,10,0,303,298,95380,9,0,0,9,15
2020-06-21,US,South Carolina,Laurens,237,4,0,34.48244419,-82.00490796,45059.0,351.14752641014616,1.6877637130801688,233,219,4,0,215,202,66994,18,0,0,18,17
2020-06-21,US,South Carolina,Lee,254,20,0,34.16393091,-80.25690731,45061.0,1509.3891133824575,7.874015748031495,234,251,20,0,231,246,17142,3,0,0,3,5
2020-06-21,US,South Carolina,Lexington,1491,42,0,33.89665987,-81.27146426,45063.0,499.0794979079498,2.8169014084507036,1449,1451,42,0,1409,1377,295032,40,0,0,40,74
2020-06-21,US,South Carolina,Marion,146,5,0,34.07859748,-79.36400756,45067.0,476.23707473007795,3.4246575342465757,141,141,5,0,136,122,31039,5,0,0,5,19
2020-06-21,US,South Carolina,Marlboro,267,3,0,34.59905577,-79.67561152,45069.0,1022.2834826556398,1.1235955056179776,264,261,3,0,258,253,26398,6,0,0,6,8
2020-06-21,US,South Carolina,McCormick,11,1,0,33.90161443,-82.30794338,45065.0,116.24220648842864,9.090909090909092,10,11,1,0,10,11,9410,0,0,0,0,0
2020-06-21,US,South Carolina,Newberry,132,3,0,34.28629098,-81.59935761,45071.0,343.3922996878252,2.272727272727273,129,125,3,0,122,117,38520,7,0,0,7,8
2020-06-21,US,South Carolina,Oconee,136,1,0,34.75225169,-83.06742317,45073.0,170.97025620395746,0.7352941176470589,135,110,1,0,109,105,78374,26,0,0,26,5
2020-06-21,US,South Carolina,Orangeburg,506,8,0,33.4391073,-80.79886287,45075.0,587.1772555845663,1.5810276679841897,498,471,8,0,463,457,86934,35,0,0,35,14
2020-06-21,US,South Carolina,Pickens,499,4,0,34.88807695,-82.72791551,45077.0,393.27259544150564,0.8016032064128257,495,464,4,0,460,429,124937,35,0,0,35,35
2020-06-21,US,South Carolina,Richland,2663,79,0,34.01791263,-80.90267209,45079.0,640.5152985263097,2.9665790461885093,2584,2629,76,0,2553,2531,414576,34,3,0,31,98
2020-06-21,US,South Carolina,Saluda,183,1,0,34.00795823,-81.72713237,45081.0,893.8602061251404,0.5464480874316939,182,180,1,0,179,179,20544,3,0,0,3,1
2020-06-21,US,South Carolina,Spartanburg,1200,39,0,34.92960077,-81.99225984,45083.0,375.252122519818,3.25,1161,1183,38,0,1145,1146,313888,17,1,0,16,37
2020-06-21,US,South Carolina,Sumter,791,21,0,33.91826534,-80.37942316,45085.0,741.1849589115544,2.6548672566371683,770,776,20,0,756,736,106512,15,1,0,14,40
2020-06-21,US,South Carolina,Union,58,0,0,34.68835752,-81.61730349,45087.0,212.329770098111,0.0,58,54,0,0,54,54,27410,4,0,0,4,0
2020-06-21,US,South Carolina,Williamsburg,333,15,0,33.62190129,-79.72767442,45089.0,1096.5489989462594,4.504504504504505,318,329,15,0,314,322,30606,4,0,0,4,7
2020-06-21,US,South Carolina,York,813,11,0,34.97281497,-81.18085944,45091.0,289.3454670989647,1.3530135301353017,802,782,11,0,771,740,274118,31,0,0,31,42
2020-06-21,US,South Dakota,Aurora,34,0,0,43.71757685,-98.56050467,46003.0,1235.9142130134496,0.0,34,34,0,0,34,34,2801,0,0,0,0,0
2020-06-21,US,South Dakota,Beadle,494,6,0,44.41464384,-98.27858469,46005.0,2677.071478892321,1.214574898785425,488,481,6,0,475,476,18883,13,0,0,13,5
2020-06-21,US,South Dakota,Bennett,2,0,0,43.19486375,-101.6665572,46007.0,59.43536404160476,0.0,2,2,0,0,2,2,3468,0,0,0,0,0
2020-06-21,US,South Dakota,Bon Homme,11,0,0,42.98914167,-97.88592746,46009.0,159.39718881321548,0.0,11,11,0,0,11,11,6980,0,0,0,0,0
2020-06-21,US,South Dakota,Brookings,51,0,0,44.36974375,-96.79079945,46011.0,145.3944179946974,0.0,51,48,0,0,48,47,35232,3,0,0,3,1
2020-06-21,US,South Dakota,Brown,324,2,0,45.58994323,-98.35165355,46013.0,834.2130332912794,0.6172839506172839,322,323,2,0,321,321,39316,1,0,0,1,2
2020-06-21,US,South Dakota,Brule,15,0,0,43.71756379,-99.08118954,46015.0,283.1791580139701,0.0,15,15,0,0,15,15,5229,0,0,0,0,0
2020-06-21,US,South Dakota,Buffalo,66,0,0,44.07657829,-99.20814467,46017.0,3363.9143730886854,0.0,66,66,0,0,66,58,2036,0,0,0,0,8
2020-06-21,US,South Dakota,Charles Mix,48,0,0,43.20660134,-98.58856175,46023.0,516.5733964700818,0.0,48,47,0,0,47,45,9338,1,0,0,1,2
2020-06-21,US,South Dakota,Clark,11,0,0,44.85834507,-97.72925109,46025.0,294.4325481798715,0.0,11,11,0,0,11,11,3739,0,0,0,0,0
2020-06-21,US,South Dakota,Clay,73,0,0,42.91296147,-96.97656917,46027.0,518.8343994314143,0.0,73,73,0,0,73,70,14041,0,0,0,0,3
2020-06-21,US,South Dakota,Codington,49,0,0,44.97788119,-97.18827677,46029.0,174.94376807454745,0.0,49,49,0,0,49,47,28015,0,0,0,0,2
2020-06-21,US,South Dakota,Corson,15,0,0,45.70889983,-101.1970473,46031.0,367.1071953010279,0.0,15,15,0,0,15,13,4165,0,0,0,0,2
2020-06-21,US,South Dakota,Custer,7,0,0,43.67741105,-103.4534521,46033.0,78.0205082478823,0.0,7,6,0,0,6,3,8726,1,0,0,1,3
2020-06-21,US,South Dakota,Davison,35,0,0,43.67490933,-98.14458906,46035.0,176.99115044247787,0.0,35,34,0,0,34,33,19790,1,0,0,1,1
2020-06-21,US,South Dakota,Day,13,0,0,45.367281,-97.60737498,46037.0,239.6755162241888,0.0,13,13,0,0,13,13,5505,0,0,0,0,0
2020-06-21,US,South Dakota,Deuel,1,0,0,44.75994309,-96.66943645,46039.0,22.983222247759137,0.0,1,1,0,0,1,1,4337,0,0,0,0,0
2020-06-21,US,South Dakota,Dewey,4,0,0,45.15639647,-100.8709139,46041.0,67.88866259334691,0.0,4,4,0,0,4,4,5904,0,0,0,0,0
2020-06-21,US,South Dakota,Douglas,4,0,0,43.38520741,-98.36978007,46043.0,136.93940431359124,0.0,4,4,0,0,4,4,2935,0,0,0,0,0
2020-06-21,US,South Dakota,Edmunds,5,0,0,45.41846445,-99.21545423,46045.0,130.58239749281796,0.0,5,4,0,0,4,4,3875,1,0,0,1,0
2020-06-21,US,South Dakota,Fall River,6,0,0,43.23929297,-103.5275691,46047.0,89.37881722031878,0.0,6,6,0,0,6,6,6758,0,0,0,0,0
2020-06-21,US,South Dakota,Faulk,22,0,0,45.07082625,-99.14535601,46049.0,956.9377990430623,0.0,22,21,0,0,21,21,2330,1,0,0,1,0
2020-06-21,US,South Dakota,Grant,13,0,0,45.1723937,-96.77002276,46051.0,184.344866704481,0.0,13,13,0,0,13,13,7147,0,0,0,0,0
2020-06-21,US,South Dakota,Gregory,1,0,0,43.19419064,-99.18883902,46053.0,23.894862604540023,0.0,1,1,0,0,1,1,4212,0,0,0,0,0
2020-06-21,US,South Dakota,Hamlin,10,0,0,44.67385954,-97.18829593,46057.0,162.23231667748215,0.0,10,10,0,0,10,10,6111,0,0,0,0,0
2020-06-21,US,South Dakota,Hand,7,0,0,44.54708407,-99.00386459,46059.0,219.3669696020056,0.0,7,7,0,0,7,6,3262,0,0,0,0,1
2020-06-21,US,South Dakota,Hanson,4,0,0,43.6746384,-97.78715148,46061.0,115.84129742253113,0.0,4,3,0,0,3,3,3376,1,0,0,1,0
2020-06-21,US,South Dakota,Hughes,32,0,0,44.39091534,-99.99661148,46065.0,182.58587241812165,0.0,32,31,0,0,31,29,17650,1,0,0,1,2
2020-06-21,US,South Dakota,Hutchinson,10,0,0,43.33449012,-97.75536441,46067.0,137.1553970648745,0.0,10,10,0,0,10,10,7380,0,0,0,0,0
2020-06-21,US,South Dakota,Hyde,3,0,0,44.54747703,-99.48572582,46069.0,230.59185242121444,0.0,3,3,0,0,3,3,1282,0,0,0,0,0
2020-06-21,US,South Dakota,Jackson,6,1,0,43.69318385,-101.6255063,46071.0,179.42583732057415,16.666666666666668,5,6,1,0,5,6,3307,0,0,0,0,0
2020-06-21,US,South Dakota,Jerauld,39,1,0,44.06637798,-98.62965972,46073.0,1937.4068554396426,2.5641025641025643,38,39,1,0,38,39,2043,0,0,0,0,0
2020-06-21,US,South Dakota,Kingsbury,5,0,0,44.36956169,-97.4913945,46077.0,101.23506782749544,0.0,5,4,0,0,4,3,4919,1,0,0,1,1
2020-06-21,US,South Dakota,Lake,17,1,0,44.02193107,-97.12926365,46079.0,132.84363522700633,5.882352941176472,16,17,1,0,16,17,13057,0,0,0,0,0
2020-06-21,US,South Dakota,Lawrence,16,0,0,44.35919441,-103.7929428,46081.0,61.90992106485064,0.0,16,16,0,0,16,16,25741,0,0,0,0,0
2020-06-21,US,South Dakota,Lincoln,323,1,0,43.27841182,-96.7203905,46083.0,528.3994241591415,0.30959752321981426,322,317,1,0,316,278,58807,6,0,0,6,39
2020-06-21,US,South Dakota,Lyman,47,0,0,43.89522709,-99.85201878,46085.0,1243.0573922242793,0.0,47,46,0,0,46,44,3821,1,0,0,1,2
2020-06-21,US,South Dakota,Marshall,5,0,0,45.75870838,-97.59855639,46091.0,101.31712259371834,0.0,5,5,0,0,5,5,5112,0,0,0,0,0
2020-06-21,US,South Dakota,McCook,8,1,0,43.6742571,-97.36863144,46087.0,143.21518080916576,12.5,7,8,1,0,7,8,5546,0,0,0,0,0
2020-06-21,US,South Dakota,McPherson,4,0,0,45.76626028,-99.22118798,46089.0,168.13787305590589,0.0,4,3,0,0,3,3,2407,1,0,0,1,0
2020-06-21,US,South Dakota,Meade,42,1,0,44.56676791,-102.7162741,46093.0,148.24227022448116,2.380952380952381,41,42,1,0,41,41,28294,0,0,0,0,1
2020-06-21,US,South Dakota,Mellette,2,0,0,43.58078848,-100.7563186,46095.0,97.0402717127608,0.0,2,2,0,0,2,2,2042,0,0,0,0,0
2020-06-21,US,South Dakota,Miner,5,0,0,44.02197882,-97.60992207,46097.0,225.6317689530686,0.0,5,5,0,0,5,4,2213,0,0,0,0,1
2020-06-21,US,South Dakota,Minnehaha,3523,54,0,43.67441641,-96.7910885,46099.0,1824.1221121086915,1.532784558614817,3469,3503,54,0,3449,3526,192876,20,0,0,20,-23
2020-06-21,US,South Dakota,Moody,21,0,0,44.02266214,-96.67081159,46101.0,319.3430656934307,0.0,21,21,0,0,21,21,6579,0,0,0,0,0
2020-06-21,US,South Dakota,Oglala Lakota,55,0,0,43.33749164,-102.5555498,46102.0,387.95231713338507,0.0,55,54,0,0,54,53,14309,1,0,0,1,1
2020-06-21,US,South Dakota,Pennington,457,11,0,44.0025835,-102.8240777,46103.0,401.66996264557235,2.4070021881838075,446,446,11,0,435,437,111729,11,0,0,11,9
2020-06-21,US,South Dakota,Roberts,40,0,0,45.62975048,-96.94672673,46109.0,384.83740619588224,0.0,40,40,0,0,40,40,10447,0,0,0,0,0
2020-06-21,US,South Dakota,Sanborn,12,0,0,44.02351092,-98.0909816,46111.0,511.9453924914676,0.0,12,12,0,0,12,12,2429,0,0,0,0,0
2020-06-21,US,South Dakota,Spink,7,0,0,44.93837606,-98.34626602,46115.0,109.78670012547052,0.0,7,6,0,0,6,6,6495,1,0,0,1,0
2020-06-21,US,South Dakota,Stanley,12,0,0,44.41381872,-100.7349153,46117.0,387.34667527437057,0.0,12,12,0,0,12,11,3022,0,0,0,0,1
2020-06-21,US,South Dakota,Sully,1,0,0,44.71571812,-100.1278092,46119.0,71.89072609633357,0.0,1,1,0,0,1,1,1392,0,0,0,0,0
2020-06-21,US,South Dakota,Todd,50,1,0,43.19338568,-100.7195503,46121.0,491.3039206052864,2.0,49,50,1,0,49,50,10283,0,0,0,0,0
2020-06-21,US,South Dakota,Tripp,12,0,0,43.34459388,-99.8854891,46123.0,220.5476934387061,0.0,12,9,0,0,9,9,5478,3,0,0,3,0
2020-06-21,US,South Dakota,Turner,24,0,0,43.3109081,-97.14865776,46125.0,286.25954198473283,0.0,24,25,0,0,25,25,8424,-1,0,0,-1,0
2020-06-21,US,South Dakota,Union,117,1,0,42.83112163,-96.6557828,46127.0,734.3710770775798,0.8547008547008547,116,116,1,0,115,114,15619,1,0,0,1,2
2020-06-21,US,South Dakota,Walworth,7,0,0,45.43019636,-100.0307514,46129.0,128.79484820607175,0.0,7,7,0,0,7,7,5587,0,0,0,0,0
2020-06-21,US,South Dakota,Yankton,68,0,0,43.00924485,-97.39467635,46135.0,298.06259314456037,0.0,68,65,0,0,65,64,22869,3,0,0,3,1
2020-06-21,US,South Dakota,Ziebach,2,0,0,44.97881876,-101.6654622,46137.0,72.5689404934688,0.0,2,2,0,0,2,2,2742,0,0,0,0,0
2020-06-21,US,Tennessee,Anderson,74,2,0,36.12684348,-84.19965764,47001.0,96.13136220738392,2.702702702702702,72,74,2,0,72,74,76482,0,0,0,0,0
2020-06-21,US,Tennessee,Bedford,430,4,0,35.51123746,-86.45549096,47003.0,864.9648985174904,0.9302325581395348,426,428,4,0,424,416,49038,2,0,0,2,12
2020-06-21,US,Tennessee,Benton,8,1,0,36.07110411,-88.06849355,47005.0,49.504950495049506,12.5,7,8,1,0,7,8,16184,0,0,0,0,0
2020-06-21,US,Tennessee,Bledsoe,613,1,0,35.59942968,-85.20611967,47007.0,4069.3043016463093,0.1631321370309951,612,613,1,0,612,614,14755,0,0,0,0,-1
2020-06-21,US,Tennessee,Blount,127,3,0,35.68938198,-83.92847788,47009.0,95.42558307285404,2.3622047244094486,124,127,3,0,124,119,131349,0,0,0,0,8
2020-06-21,US,Tennessee,Bradley,338,3,0,35.15739424,-84.857186,47011.0,312.64452872074736,0.8875739644970414,335,328,2,0,326,314,106727,10,1,0,9,14
2020-06-21,US,Tennessee,Campbell,26,1,0,36.40355516,-84.15108559999999,47013.0,65.2577681843281,3.8461538461538463,25,26,1,0,25,26,39583,0,0,0,0,0
2020-06-21,US,Tennessee,Cannon,23,0,0,35.80990797,-86.05738983,47015.0,156.69709769723394,0.0,23,23,0,0,23,34,14462,0,0,0,0,-11
2020-06-21,US,Tennessee,Carroll,36,1,0,35.97366108,-88.45189331,47017.0,129.6503043180754,2.7777777777777777,35,36,1,0,35,36,28020,0,0,0,0,0
2020-06-21,US,Tennessee,Carter,30,1,0,36.28969086,-82.12588974,47019.0,53.19997872000851,3.333333333333333,29,28,1,0,27,27,56351,2,0,0,2,1
2020-06-21,US,Tennessee,Cheatham,165,0,0,36.26136216,-87.08903581,47021.0,405.73437922639977,0.0,165,164,0,0,164,164,40439,1,0,0,1,0
2020-06-21,US,Tennessee,Chester,14,0,0,35.42527478,-88.6095842,47023.0,80.93889113719142,0.0,14,14,0,0,14,14,17276,0,0,0,0,0
2020-06-21,US,Tennessee,Claiborne,16,0,0,36.48319149,-83.65947309,47025.0,50.06414468537814,0.0,16,16,0,0,16,16,31756,0,0,0,0,0
2020-06-21,US,Tennessee,Clay,13,0,0,36.55151008,-85.53930419,47027.0,170.71569271175312,0.0,13,13,0,0,13,13,7717,0,0,0,0,0
2020-06-21,US,Tennessee,Cocke,29,0,0,35.9278914,-83.11828725,47029.0,80.54660593267415,0.0,29,29,0,0,29,27,35774,0,0,0,0,2
2020-06-21,US,Tennessee,Coffee,99,0,0,35.49090731,-86.07311784,47031.0,175.15923566878982,0.0,99,99,0,0,99,99,55700,0,0,0,0,0
2020-06-21,US,Tennessee,Crockett,25,3,0,35.81830662,-89.14916269,47033.0,175.68517217146874,12.0,22,25,3,0,22,25,14328,0,0,0,0,0
2020-06-21,US,Tennessee,Cumberland,142,3,0,35.95271721,-84.99840585,47035.0,234.63317911434243,2.112676056338028,139,137,3,0,134,137,59673,5,0,0,5,0
2020-06-21,US,Tennessee,Davidson,7668,95,0,36.17007426,-86.78646056,47037.0,1104.6699243960907,1.2389149713093377,7573,7571,95,0,7476,7502,692587,97,0,0,97,69
2020-06-21,US,Tennessee,DeKalb,43,0,0,35.97616272,-85.83689361,47041.0,209.858467545144,0.0,43,42,0,0,42,41,20138,1,0,0,1,1
2020-06-21,US,Tennessee,Decatur,15,0,0,35.60048904,-88.11043779,47039.0,128.61184943839493,0.0,15,15,0,0,15,15,11706,0,0,0,0,0
2020-06-21,US,Tennessee,Dickson,147,0,0,36.14669837,-87.35891709,47043.0,272.48461481426557,0.0,147,145,0,0,145,145,53446,2,0,0,2,0
2020-06-21,US,Tennessee,Dyer,158,0,0,36.05931946,-89.41542855,47045.0,425.1998170026104,0.0,158,145,0,0,145,141,37320,13,0,0,13,4
2020-06-21,US,Tennessee,Fayette,195,2,0,35.19615831,-89.41399032,47047.0,474.07191306250456,1.0256410256410255,193,193,2,0,191,193,40507,2,0,0,2,0
2020-06-21,US,Tennessee,Fentress,15,0,0,36.38128818,-84.92870012,47049.0,80.98040274253631,0.0,15,15,0,0,15,15,18217,0,0,0,0,0
2020-06-21,US,Tennessee,Franklin,67,2,0,35.15634626,-86.09201039,47051.0,158.737680060652,2.985074626865672,65,65,2,0,63,65,41890,2,0,0,2,0
2020-06-21,US,Tennessee,Gibson,77,1,0,35.99438059,-88.93358327,47053.0,156.71748112266704,1.2987012987012987,76,75,1,0,74,74,49045,2,0,0,2,1
2020-06-21,US,Tennessee,Giles,24,0,0,35.20222469,-87.03992678,47055.0,81.45533532446375,0.0,24,24,0,0,24,24,29503,0,0,0,0,0
2020-06-21,US,Tennessee,Grainger,25,0,0,36.27469206,-83.51254721,47057.0,107.2041166380789,0.0,25,25,0,0,25,25,23145,0,0,0,0,0
2020-06-21,US,Tennessee,Greene,55,2,0,36.17470125,-82.84691273,47059.0,79.63051441312311,3.636363636363636,53,55,2,0,53,55,69087,0,0,0,0,0
2020-06-21,US,Tennessee,Grundy,46,1,0,35.38433717,-85.72142731,47061.0,342.59328219259703,2.1739130434782608,45,46,1,0,45,39,13346,0,0,0,0,7
2020-06-21,US,Tennessee,Hamblen,117,4,0,36.21990035,-83.26586179,47063.0,180.182955000462,3.418803418803418,113,109,4,0,105,96,64569,8,0,0,8,13
2020-06-21,US,Tennessee,Hamilton,2074,25,0,35.17670231,-85.16652245,47065.0,563.8872877945863,1.2054001928640308,2049,2050,25,0,2025,2000,364286,24,0,0,24,50
2020-06-21,US,Tennessee,Hancock,3,0,0,36.52692871,-83.22375847,47067.0,45.31722054380665,0.0,3,3,0,0,3,2,6549,0,0,0,0,1
2020-06-21,US,Tennessee,Hardeman,255,1,0,35.20772017,-88.99161161,47069.0,1017.9640718562874,0.392156862745098,254,253,1,0,252,252,25220,2,0,0,2,1
2020-06-21,US,Tennessee,Hardin,57,5,0,35.19732531,-88.18593755,47071.0,222.20489630438166,8.771929824561402,52,53,5,0,48,51,25776,4,0,0,4,2
2020-06-21,US,Tennessee,Hawkins,39,2,0,36.44355426,-82.94885298,47073.0,68.6788997288064,5.128205128205129,37,38,2,0,36,38,56530,1,0,0,1,0
2020-06-21,US,Tennessee,Haywood,45,2,0,35.58332824,-89.28536625,47075.0,260.05547850208046,4.4444444444444455,43,41,2,0,39,40,17335,4,0,0,4,1
2020-06-21,US,Tennessee,Henderson,21,0,0,35.65581134,-88.38600175,47077.0,74.68791122808265,0.0,21,20,0,0,20,19,27847,1,0,0,1,1
2020-06-21,US,Tennessee,Henry,36,0,0,36.33160906,-88.30121797,47079.0,111.30004637501932,0.0,36,36,0,0,36,36,32358,0,0,0,0,0
2020-06-21,US,Tennessee,Hickman,64,0,0,35.80609681,-87.47643507,47081.0,254.19016601795215,0.0,64,64,0,0,64,63,25063,0,0,0,0,1
2020-06-21,US,Tennessee,Houston,10,0,0,36.28872054,-87.71878828,47083.0,121.93634922570419,0.0,10,10,0,0,10,10,8263,0,0,0,0,0
2020-06-21,US,Tennessee,Humphreys,18,1,0,36.03958805,-87.77992872,47085.0,96.867936712948,5.5555555555555545,17,18,1,0,17,18,18486,0,0,0,0,0
2020-06-21,US,Tennessee,Jackson,21,0,0,36.36380466,-85.67239905,47087.0,178.17749872730357,0.0,21,21,0,0,21,21,11758,0,0,0,0,0
2020-06-21,US,Tennessee,Jefferson,61,0,0,36.04818632,-83.45148924,47089.0,111.9368749426553,0.0,61,61,0,0,61,59,54012,0,0,0,0,2
2020-06-21,US,Tennessee,Johnson,26,0,0,36.45523950000001,-81.84886538,47091.0,146.16595457611876,0.0,26,26,0,0,26,26,17778,0,0,0,0,0
2020-06-21,US,Tennessee,Knox,656,5,0,35.99508821,-83.94635435,47093.0,139.48157928868648,0.7621951219512195,651,638,5,0,633,609,465289,18,0,0,18,29
2020-06-21,US,Tennessee,Lake,689,0,0,36.34180170000001,-89.48921915,47095.0,9820.410490307868,0.0,689,689,0,0,689,689,7411,0,0,0,0,0
2020-06-21,US,Tennessee,Lauderdale,72,1,0,35.75893438,-89.63015909999999,47097.0,280.8879179183084,1.3888888888888888,71,71,1,0,70,71,25825,1,0,0,1,0
2020-06-21,US,Tennessee,Lawrence,81,2,0,35.21675201,-87.39787695,47099.0,183.49870871279052,2.469135802469136,79,81,2,0,79,78,43734,0,0,0,0,3
2020-06-21,US,Tennessee,Lewis,5,0,0,35.52853208,-87.49022694,47101.0,40.75643951744376,0.0,5,5,0,0,5,5,12086,0,0,0,0,0
2020-06-21,US,Tennessee,Lincoln,49,0,0,35.13738622,-86.58910106,47103.0,142.58278531106325,0.0,49,49,0,0,49,48,34117,0,0,0,0,1
2020-06-21,US,Tennessee,Loudon,232,1,0,35.73939663,-84.31145275,47105.0,429.0892949618998,0.4310344827586207,231,230,1,0,229,226,53054,2,0,0,2,4
2020-06-21,US,Tennessee,Macon,222,3,0,36.53157855,-86.00778595,47111.0,902.3656613283473,1.351351351351351,219,219,3,0,216,217,24265,3,0,0,3,2
2020-06-21,US,Tennessee,Madison,193,2,0,35.61181957,-88.84076036,47113.0,196.9709340300457,1.0362694300518134,191,192,2,0,190,190,97605,1,0,0,1,2
2020-06-21,US,Tennessee,Marion,50,3,0,35.12997174,-85.62265895,47115.0,172.96848514200715,6.0,47,49,3,0,46,48,28575,1,0,0,1,1
2020-06-21,US,Tennessee,Marshall,46,1,0,35.45798777,-86.76420988,47117.0,133.8181818181818,2.1739130434782608,45,46,1,0,45,44,33683,0,0,0,0,2
2020-06-21,US,Tennessee,Maury,220,2,0,35.6187413,-87.07462444,47119.0,228.2465477709649,0.9090909090909092,218,218,2,0,216,205,94340,2,0,0,2,13
2020-06-21,US,Tennessee,McMinn,173,15,0,35.42812616,-84.61520715,47107.0,321.59720414916166,8.670520231213873,158,172,15,0,157,172,53285,1,0,0,1,0
2020-06-21,US,Tennessee,McNairy,40,0,0,35.17468549,-88.5647812,47109.0,155.67836849069818,0.0,40,38,0,0,38,38,25832,2,0,0,2,0
2020-06-21,US,Tennessee,Meigs,31,0,0,35.51558739,-84.81482914,47121.0,249.55723715987762,0.0,31,30,0,0,30,30,12306,1,0,0,1,0
2020-06-21,US,Tennessee,Monroe,108,4,0,35.44550387,-84.24902965,47123.0,232.03351595230419,3.703703703703704,104,107,4,0,103,108,46357,1,0,0,1,-1
2020-06-21,US,Tennessee,Montgomery,384,5,0,36.49609412,-87.38550661,47125.0,183.7382113276521,1.3020833333333333,379,368,5,0,363,363,205950,16,0,0,16,5
2020-06-21,US,Tennessee,Moore,5,0,0,35.27724699,-86.36230578,47127.0,77.06535141800245,0.0,5,5,0,0,5,5,6411,0,0,0,0,0
2020-06-21,US,Tennessee,Morgan,22,1,0,36.13248031,-84.64880098,47129.0,102.78932859879455,4.545454545454546,21,22,1,0,21,22,21579,0,0,0,0,0
2020-06-21,US,Tennessee,Obion,71,1,0,36.35732446,-89.14921589,47131.0,236.1235824270844,1.4084507042253518,70,71,1,0,70,71,30267,0,0,0,0,0
2020-06-21,US,Tennessee,Out of TN,650,8,0,0.0,0.0,80047.0,0.0,1.2307692307692308,642,563,8,0,555,566,,87,0,0,87,-3
2020-06-21,US,Tennessee,Overton,42,0,0,36.34117832,-85.28989535,47133.0,188.8404298367879,0.0,42,41,0,0,41,40,22068,1,0,0,1,1
2020-06-21,US,Tennessee,Perry,28,0,0,35.63708728,-87.86139634,47135.0,346.7062902426944,0.0,28,28,0,0,28,28,8064,0,0,0,0,0
2020-06-21,US,Tennessee,Pickett,4,0,0,36.55606529,-85.07763299999998,47137.0,79.23930269413628,0.0,4,4,0,0,4,4,5082,0,0,0,0,0
2020-06-21,US,Tennessee,Polk,32,0,0,35.12245443,-84.52075859,47139.0,190.11406844106463,0.0,32,32,0,0,32,32,16898,0,0,0,0,0
2020-06-21,US,Tennessee,Putnam,663,7,0,36.14005459,-85.50646123,47141.0,826.2197021621284,1.0558069381598794,656,655,7,0,648,643,78843,8,0,0,8,12
2020-06-21,US,Tennessee,Rhea,256,0,0,35.60536161,-84.93076643,47143.0,771.8515391805107,0.0,256,253,0,0,253,247,33044,3,0,0,3,6
2020-06-21,US,Tennessee,Roane,34,0,0,35.84923189,-84.52458689,47145.0,63.691881158442925,0.0,34,34,0,0,34,34,53140,0,0,0,0,0
2020-06-21,US,Tennessee,Robertson,705,9,0,36.52454807,-86.87346725,47147.0,981.7164023226993,1.2765957446808511,696,701,9,0,692,703,71012,4,0,0,4,-2
2020-06-21,US,Tennessee,Rutherford,2060,32,0,35.84591405,-86.4107263,47149.0,619.9497419383962,1.5533980582524272,2028,2019,32,0,1987,1990,324890,41,0,0,41,29
2020-06-21,US,Tennessee,Scott,14,0,0,36.42325673,-84.50360494,47151.0,63.44027551205365,0.0,14,14,0,0,14,15,22039,0,0,0,0,-1
2020-06-21,US,Tennessee,Sequatchie,24,0,0,35.36979721,-85.41022136,47153.0,159.72314654598696,0.0,24,22,0,0,22,22,14876,2,0,0,2,0
2020-06-21,US,Tennessee,Sevier,420,3,0,35.78077323,-83.52244332,47155.0,427.4809160305343,0.7142857142857143,417,411,3,0,408,387,97892,9,0,0,9,24
2020-06-21,US,Tennessee,Shelby,7916,163,0,35.1864775,-89.89692423,47157.0,844.6742626172951,2.059120768064679,7753,7737,163,0,7574,7623,935764,179,0,0,179,114
2020-06-21,US,Tennessee,Smith,50,1,0,36.25359775,-85.95411046,47159.0,248.05278563278264,2.0,49,49,1,0,48,48,19942,1,0,0,1,1
2020-06-21,US,Tennessee,Stewart,17,0,0,36.50235092,-87.83920548,47161.0,123.95187750637987,0.0,17,17,0,0,17,17,13561,0,0,0,0,0
2020-06-21,US,Tennessee,Sullivan,72,2,0,36.51240691,-82.30412917,47163.0,45.46947230151312,2.7777777777777777,70,72,2,0,70,72,157668,0,0,0,0,0
2020-06-21,US,Tennessee,Sumner,1181,49,0,36.46824103,-86.45917204,47165.0,617.4098064124883,4.149026248941575,1132,1165,49,0,1116,1155,187149,16,0,0,16,10
2020-06-21,US,Tennessee,Tipton,562,4,0,35.501942,-89.73694895,47167.0,912.3524732544361,0.7117437722419929,558,554,4,0,550,551,61581,8,0,0,8,3
2020-06-21,US,Tennessee,Trousdale,1466,5,0,36.39026213,-86.16087954,47169.0,12991.846862814607,0.34106412005457026,1461,1466,5,0,1461,1464,11012,0,0,0,0,2
2020-06-21,US,Tennessee,Unassigned,206,0,0,0.0,0.0,90047.0,0.0,0.0,206,174,0,0,174,204,,32,0,0,32,-30
2020-06-21,US,Tennessee,Unicoi,52,0,0,36.10890856,-82.43709629,47171.0,290.77895207739186,0.0,52,52,0,0,52,52,17761,0,0,0,0,0
2020-06-21,US,Tennessee,Union,10,0,0,36.28590426,-83.83651902,47173.0,50.07009813739235,0.0,10,9,0,0,9,9,19688,1,0,0,1,0
2020-06-21,US,Tennessee,Van Buren,5,0,0,35.69864497,-85.45221699,47175.0,85.14986376021798,0.0,5,5,0,0,5,5,5765,0,0,0,0,0
2020-06-21,US,Tennessee,Warren,34,0,0,35.6728299,-85.77969117,47177.0,82.37032730091819,0.0,34,33,0,0,33,36,40878,1,0,0,1,-3
2020-06-21,US,Tennessee,Washington,102,0,0,36.29472368,-82.49454720000001,47179.0,78.84057971014492,0.0,102,101,0,0,101,101,128607,1,0,0,1,0
2020-06-21,US,Tennessee,Wayne,64,0,0,35.23868267,-87.78644456,47181.0,383.85413542853723,0.0,64,64,0,0,64,64,16558,0,0,0,0,0
2020-06-21,US,Tennessee,Weakley,42,0,0,36.29896232,-88.71990865,47183.0,126.02016322611618,0.0,42,41,0,0,41,39,33415,1,0,0,1,2
2020-06-21,US,Tennessee,White,54,3,0,35.92929884,-85.45591799,47185.0,197.4766867800329,5.5555555555555545,51,53,3,0,50,52,27107,1,0,0,1,1
2020-06-21,US,Tennessee,Williamson,782,13,0,35.89099229,-86.89281867,47187.0,328.0036239786588,1.6624040920716112,769,775,12,0,763,767,231729,7,1,0,6,8
2020-06-21,US,Tennessee,Wilson,616,15,0,36.15496772,-86.29775884,47189.0,425.8349060190658,2.435064935064935,601,595,15,0,580,580,140625,21,0,0,21,15
2020-06-21,US,Texas,Anderson,1006,2,0,31.81534745,-95.65354823,48001.0,1742.44392482896,0.1988071570576541,1004,1006,2,0,1004,1007,58057,0,0,0,0,-1
2020-06-21,US,Texas,Andrews,44,0,0,32.30468633,-102.6376548,48003.0,235.2312215985031,0.0,44,42,0,0,42,35,18128,2,0,0,2,7
2020-06-21,US,Texas,Angelina,380,6,0,31.25457347,-94.60901487,48005.0,438.21714812892816,1.5789473684210529,374,380,6,0,374,366,87092,0,0,0,0,14
2020-06-21,US,Texas,Aransas,7,0,0,28.10556197,-96.9995047,48007.0,29.774564015312638,0.0,7,7,0,0,7,7,23792,0,0,0,0,0
2020-06-21,US,Texas,Archer,3,0,0,33.61569967,-98.68754589,48009.0,35.0754121360926,0.0,3,3,0,0,3,3,8786,0,0,0,0,0
2020-06-21,US,Texas,Armstrong,3,0,0,34.96507426,-101.3574874,48011.0,158.9825119236884,0.0,3,3,0,0,3,3,1892,0,0,0,0,0
2020-06-21,US,Texas,Atascosa,70,2,0,28.89333001,-98.52730485,48013.0,136.84436885422164,2.8571428571428568,68,69,2,0,67,62,50310,1,0,0,1,7
2020-06-21,US,Texas,Austin,45,0,0,29.88548725,-96.27736949,48015.0,149.84017048481618,0.0,45,43,0,0,43,42,29989,2,0,0,2,1
2020-06-21,US,Texas,Bailey,83,0,0,34.06854817,-102.8299707,48017.0,1185.7142857142858,0.0,83,83,0,0,83,83,7027,0,0,0,0,0
2020-06-21,US,Texas,Bandera,15,0,0,29.74619598,-99.24598147,48019.0,64.90134994807892,0.0,15,15,0,0,15,13,22824,0,0,0,0,2
2020-06-21,US,Texas,Bastrop,340,4,0,30.10370699,-97.31206354,48021.0,383.2151753209427,1.1764705882352942,336,340,4,0,336,338,86976,0,0,0,0,2
2020-06-21,US,Texas,Baylor,1,0,0,33.61640794,-99.21352901,48023.0,28.498147620404676,0.0,1,1,0,0,1,1,3582,0,0,0,0,0
2020-06-21,US,Texas,Bee,36,0,0,28.41761668,-97.74215593,48025.0,110.54813450023029,0.0,36,34,0,0,34,33,32587,2,0,0,2,1
2020-06-21,US,Texas,Bell,822,10,0,31.03736027,-97.4785025,48027.0,226.49370116057358,1.2165450121654502,812,818,10,0,808,769,355642,4,0,0,4,49
2020-06-21,US,Texas,Bexar,6344,96,0,29.44928723,-98.52019748,48029.0,316.63733545489663,1.5132408575031526,6248,5962,96,0,5866,5550,1986049,382,0,0,382,412
2020-06-21,US,Texas,Blanco,14,1,0,30.26640707,-98.3999852,48031.0,117.34137959936301,7.142857142857142,13,14,1,0,13,14,11702,0,0,0,0,0
2020-06-21,US,Texas,Bosque,10,0,0,31.89978581,-97.63613524,48035.0,53.51886540005352,0.0,10,7,0,0,7,7,18691,3,0,0,3,0
2020-06-21,US,Texas,Bowie,400,12,0,33.44626922,-94.41834132,48037.0,428.97742506300614,3.0,388,398,12,0,386,394,94324,2,0,0,2,4
2020-06-21,US,Texas,Brazoria,1728,19,0,29.18757369,-95.44563172,48039.0,461.7061753200949,1.0995370370370372,1709,1669,19,0,1650,1609,370200,59,0,0,59,60
2020-06-21,US,Texas,Brazos,1225,25,0,30.663644800000004,-96.30205577,48041.0,534.4420642988339,2.0408163265306123,1200,1163,25,0,1138,1095,226758,62,0,0,62,68
2020-06-21,US,Texas,Brewster,24,0,0,29.81008251,-103.2520326,48043.0,260.7845267847441,0.0,24,24,0,0,24,24,9267,0,0,0,0,0
2020-06-21,US,Texas,Briscoe,1,0,0,34.53026962,-101.2084947,48045.0,64.68305304010349,0.0,1,1,0,0,1,1,1516,0,0,0,0,0
2020-06-21,US,Texas,Brooks,3,0,0,27.03103197,-98.21808402,48047.0,42.295220640067676,0.0,3,3,0,0,3,3,7114,0,0,0,0,0
2020-06-21,US,Texas,Brown,62,10,0,31.77430356,-98.99907113,48049.0,163.74392562856542,16.129032258064516,52,62,10,0,52,62,37924,0,0,0,0,0
2020-06-21,US,Texas,Burleson,55,0,0,30.49273808,-96.62158484,48051.0,298.21612535921486,0.0,55,54,0,0,54,53,18389,1,0,0,1,1
2020-06-21,US,Texas,Burnet,80,3,0,30.78801353,-98.181887,48053.0,166.13020454781434,3.75,77,80,3,0,77,79,47542,0,0,0,0,1
2020-06-21,US,Texas,Caldwell,216,1,0,29.83668859,-97.61814775,48055.0,494.68669842433127,0.462962962962963,215,208,1,0,207,197,43247,8,0,0,8,11
2020-06-21,US,Texas,Calhoun,55,3,0,28.47048236,-96.61633945,48057.0,258.33724753405363,5.454545454545454,52,55,3,0,52,52,21561,0,0,0,0,3
2020-06-21,US,Texas,Callahan,13,2,0,32.29760619,-99.37326312,48059.0,93.23674962346699,15.384615384615385,11,13,2,0,11,13,13994,0,0,0,0,0
2020-06-21,US,Texas,Cameron,1546,48,0,26.14524221,-97.48140372,48061.0,365.34385095105193,3.104786545924968,1498,1454,48,0,1406,1371,423908,92,0,0,92,83
2020-06-21,US,Texas,Camp,110,1,0,32.97195142,-94.97790104,48063.0,840.0794256911563,0.9090909090909092,109,110,1,0,109,109,13033,0,0,0,0,1
2020-06-21,US,Texas,Carson,6,0,0,35.40365929,-101.3542669,48065.0,101.24873439082012,0.0,6,6,0,0,6,6,6005,0,0,0,0,0
2020-06-21,US,Texas,Cass,36,2,0,33.07499881,-94.34646905,48067.0,119.89609005528541,5.5555555555555545,34,36,2,0,34,36,30119,0,0,0,0,0
2020-06-21,US,Texas,Castro,51,1,0,34.53016752,-102.2617243,48069.0,677.2908366533866,1.96078431372549,50,51,1,0,50,51,7665,0,0,0,0,0
2020-06-21,US,Texas,Chambers,156,1,0,29.70972016,-94.67154501,48071.0,355.86376804982086,0.6410256410256411,155,149,1,0,148,138,42454,7,0,0,7,11
2020-06-21,US,Texas,Cherokee,67,2,0,31.837258,-95.16559897,48073.0,127.26512935455685,2.985074626865672,65,67,2,0,65,67,52592,0,0,0,0,0
2020-06-21,US,Texas,Childress,6,0,0,34.529304100000004,-100.2077916,48075.0,82.12428141253764,0.0,6,6,0,0,6,6,7291,0,0,0,0,0
2020-06-21,US,Texas,Clay,5,0,0,33.78686685,-98.20771198,48077.0,47.75093114315729,0.0,5,5,0,0,5,5,10456,0,0,0,0,0
2020-06-21,US,Texas,Cochran,1,0,0,33.60425307,-102.8284499,48079.0,35.05082369435681,0.0,1,1,0,0,1,1,2836,0,0,0,0,0
2020-06-21,US,Texas,Coke,4,0,0,31.88911733,-100.5297533,48081.0,118.09861234130501,0.0,4,4,0,0,4,4,3370,0,0,0,0,0
2020-06-21,US,Texas,Coleman,3,0,0,31.76736834,-99.45240766,48083.0,36.697247706422026,0.0,3,3,0,0,3,3,8397,0,0,0,0,0
2020-06-21,US,Texas,Collin,2189,38,0,33.18820114,-96.57264368,48085.0,211.55277222077254,1.735952489721334,2151,2064,38,0,2026,2026,1005146,125,0,0,125,38
2020-06-21,US,Texas,Collingsworth,5,0,0,34.96489496,-100.2700111,48087.0,171.23287671232876,0.0,5,5,0,0,5,5,2962,0,0,0,0,0
2020-06-21,US,Texas,Colorado,55,0,0,29.622098,-96.5273805,48089.0,255.89726887823943,0.0,55,55,0,0,55,46,21217,0,0,0,0,9
2020-06-21,US,Texas,Comal,280,7,0,29.80811278,-98.27647225,48091.0,179.24703442183232,2.5,273,240,7,0,233,219,148373,40,0,0,40,21
2020-06-21,US,Texas,Comanche,14,1,0,31.94854689,-98.55876441,48093.0,102.67693436010269,7.142857142857142,13,14,1,0,13,14,13534,0,0,0,0,0
2020-06-21,US,Texas,Concho,2,0,0,31.32635934,-99.86473038,48095.0,73.36757153338225,0.0,2,2,0,0,2,1,4276,0,0,0,0,1
2020-06-21,US,Texas,Cooke,27,0,0,33.63979567,-97.21240912,48097.0,65.44343990110771,0.0,27,27,0,0,27,27,40574,0,0,0,0,0
2020-06-21,US,Texas,Coryell,310,2,0,31.39078397,-97.79936155,48099.0,408.1578912720043,0.6451612903225806,308,305,2,0,303,305,74808,5,0,0,5,0
2020-06-21,US,Texas,Cottle,4,1,0,34.07783319,-100.2785062,48101.0,286.12303290414883,25.0,3,4,1,0,3,4,1389,0,0,0,0,0
2020-06-21,US,Texas,Crane,46,5,0,31.43052248,-102.5143314,48103.0,958.9326662497393,10.869565217391305,41,46,5,0,41,45,4794,0,0,0,0,1
2020-06-21,US,Texas,Crockett,5,0,0,30.72367027,-101.4134238,48105.0,144.3418013856813,0.0,5,5,0,0,5,5,3499,0,0,0,0,0
2020-06-21,US,Texas,Crosby,8,1,0,33.61431553,-101.3000364,48107.0,139.44570332926614,12.5,7,8,1,0,7,8,5779,0,0,0,0,0
2020-06-21,US,Texas,Culberson,1,0,0,31.44506775,-104.5185739,48109.0,46.061722708429286,0.0,1,1,0,0,1,,2204,0,0,0,0,
2020-06-21,US,Texas,Dallam,49,1,0,36.27787176,-102.6020725,48111.0,672.4303554274736,2.0408163265306123,48,49,1,0,48,49,7200,0,0,0,0,0
2020-06-21,US,Texas,Dallas,16845,314,0,32.76670599,-96.7779605,48113.0,639.1537748205665,1.8640546156129416,16531,16437,313,0,16124,16042,2637772,408,1,0,407,395
2020-06-21,US,Texas,Dawson,45,1,0,32.74255572,-101.9477242,48115.0,353.55122564424886,2.2222222222222223,44,45,1,0,44,45,12619,0,0,0,0,0
2020-06-21,US,Texas,DeWitt,37,1,0,29.08101855,-97.3568117,48123.0,183.531746031746,2.702702702702702,36,37,1,0,36,35,20187,0,0,0,0,2
2020-06-21,US,Texas,Deaf Smith,233,16,0,34.96522957,-102.6054267,48117.0,1256.3355979726084,6.866952789699571,217,233,16,0,217,233,18760,0,0,0,0,0
2020-06-21,US,Texas,Delta,4,0,0,33.38570922,-95.66921122,48119.0,75.03282686175201,0.0,4,4,0,0,4,4,5349,0,0,0,0,0
2020-06-21,US,Texas,Denton,2113,36,0,33.20521901,-97.11691153,48121.0,238.16313442071583,1.7037387600567913,2077,2054,36,0,2018,1980,859064,59,0,0,59,74
2020-06-21,US,Texas,Dickens,2,0,0,33.61616822,-100.7788855,48125.0,90.45680687471732,0.0,2,2,0,0,2,2,2249,0,0,0,0,0
2020-06-21,US,Texas,Dimmit,3,0,0,28.42270064,-99.75645095,48127.0,29.632556301856972,0.0,3,3,0,0,3,3,10308,0,0,0,0,0
2020-06-21,US,Texas,Donley,27,0,0,34.96517499,-100.8140093,48129.0,823.672971323978,0.0,27,27,0,0,27,27,3319,0,0,0,0,0
2020-06-21,US,Texas,Duval,5,0,0,27.68184592,-98.50864568,48131.0,44.81491440351349,0.0,5,5,0,0,5,5,11212,0,0,0,0,0
2020-06-21,US,Texas,Eastland,7,0,0,32.32743996,-98.83243566,48133.0,38.12636165577342,0.0,7,7,0,0,7,7,18322,0,0,0,0,0
2020-06-21,US,Texas,Ector,325,7,0,31.86898877,-102.5429428,48135.0,195.52047550579644,2.1538461538461537,318,325,7,0,318,300,162124,0,0,0,0,25
2020-06-21,US,Texas,El Paso,4488,120,0,31.76980765,-106.2363275,48141.0,534.7708278223819,2.6737967914438503,4368,4340,120,0,4220,4178,840758,148,0,0,148,162
2020-06-21,US,Texas,Ellis,510,19,0,32.34894117,-96.79371841,48139.0,275.9352039215262,3.725490196078432,491,510,19,0,491,510,179436,0,0,0,0,0
2020-06-21,US,Texas,Erath,44,1,0,32.23602653,-98.21773417,48143.0,103.04932315330929,2.272727272727273,43,44,1,0,43,44,42446,0,0,0,0,0
2020-06-21,US,Texas,Falls,22,0,0,31.25350609,-96.93630086,48145.0,127.18968607272936,0.0,22,22,0,0,22,22,17335,0,0,0,0,0
2020-06-21,US,Texas,Fannin,65,6,0,33.59564294,-96.10751083,48147.0,183.02641211916423,9.23076923076923,59,65,6,0,59,65,35286,0,0,0,0,0
2020-06-21,US,Texas,Fayette,60,2,0,29.87788372,-96.92076062,48149.0,236.72374339146216,3.333333333333333,58,58,2,0,56,52,25349,2,0,0,2,6
2020-06-21,US,Texas,Fisher,2,1,0,32.74281316,-100.4019302,48151.0,52.219321148825074,50.0,1,2,1,0,1,2,3839,0,0,0,0,0
2020-06-21,US,Texas,Floyd,18,1,0,34.07227468,-101.3031546,48153.0,315.1260504201681,5.5555555555555545,17,18,1,0,17,18,5837,0,0,0,0,0
2020-06-21,US,Texas,Fort Bend,2951,50,0,29.52704478,-95.77219463,48157.0,363.5633396083224,1.6943409013893596,2901,2882,50,0,2832,2726,787858,69,0,0,69,156
2020-06-21,US,Texas,Franklin,33,0,0,33.17653242,-95.21917243,48159.0,307.6923076923077,0.0,33,31,0,0,31,30,10766,2,0,0,2,1
2020-06-21,US,Texas,Freestone,19,0,0,31.70422788,-96.15072516,48161.0,96.3635441497185,0.0,19,18,0,0,18,18,19808,1,0,0,1,0
2020-06-21,US,Texas,Frio,139,0,0,28.86751206,-99.10804207,48163.0,684.5267408647692,0.0,139,130,0,0,130,119,19816,9,0,0,9,11
2020-06-21,US,Texas,Gaines,14,0,0,32.74055318,-102.6353295,48165.0,65.14051740182393,0.0,14,14,0,0,14,14,20901,0,0,0,0,0
2020-06-21,US,Texas,Galveston,1784,40,0,29.40167322,-94.90469073,48167.0,521.4255025004458,2.242152466367713,1744,1642,40,0,1602,1535,337890,142,0,0,142,107
2020-06-21,US,Texas,Garza,7,0,0,33.17969345,-101.2984114,48169.0,112.37758869802536,0.0,7,7,0,0,7,7,6578,0,0,0,0,0
2020-06-21,US,Texas,Gillespie,17,0,0,30.31824095,-98.94676915,48171.0,62.99095894471617,0.0,17,17,0,0,17,16,26804,0,0,0,0,1
2020-06-21,US,Texas,Glasscock,5,0,0,31.86942909,-101.5207776,48173.0,354.86160397445,0.0,5,5,0,0,5,5,1388,0,0,0,0,0
2020-06-21,US,Texas,Goliad,7,0,0,28.65696592,-97.42760647,48175.0,91.40767824497256,0.0,7,7,0,0,7,7,7584,0,0,0,0,0
2020-06-21,US,Texas,Gonzales,215,4,0,29.45634206,-97.49424032,48177.0,1031.8183999616067,1.8604651162790695,211,213,4,0,209,203,20826,2,0,0,2,10
2020-06-21,US,Texas,Gray,113,4,0,35.40081878,-100.8129222,48179.0,516.3117974961161,3.5398230088495577,109,113,4,0,109,113,21895,0,0,0,0,0
2020-06-21,US,Texas,Grayson,514,5,0,33.62744998,-96.67753461,48181.0,377.352949813526,0.9727626459143968,509,491,5,0,486,491,133991,23,0,0,23,0
2020-06-21,US,Texas,Gregg,305,12,0,32.47940482,-94.81591935,48183.0,246.0768889426762,3.9344262295081966,293,305,12,0,293,304,123707,0,0,0,0,1
2020-06-21,US,Texas,Grimes,301,2,0,30.54579585,-95.98902499,48185.0,1042.2437673130194,0.6644518272425249,299,289,2,0,287,288,28360,12,0,0,12,1
2020-06-21,US,Texas,Guadalupe,323,1,0,29.58165339,-97.94786822,48187.0,193.5905350410856,0.30959752321981426,322,311,1,0,310,280,163694,12,0,0,12,31
2020-06-21,US,Texas,Hale,139,5,0,34.07044901,-101.8268114,48189.0,416.09291743998085,3.5971223021582728,134,135,5,0,130,122,33830,4,0,0,4,13
2020-06-21,US,Texas,Hall,2,1,0,34.5307555,-100.6813852,48191.0,67.47638326585695,50.0,1,2,1,0,1,2,3028,0,0,0,0,0
2020-06-21,US,Texas,Hamilton,18,1,0,31.70470573,-98.11083887,48193.0,212.7408107788677,5.5555555555555545,17,18,1,0,17,18,8484,0,0,0,0,0
2020-06-21,US,Texas,Hansford,23,2,0,36.27743284,-101.3545796,48195.0,426.0048157066124,8.695652173913043,21,23,2,0,21,23,5463,0,0,0,0,0
2020-06-21,US,Texas,Hardeman,4,0,0,34.28944521,-99.74632408,48197.0,101.70353419781335,0.0,4,4,0,0,4,4,3922,0,0,0,0,0
2020-06-21,US,Texas,Hardin,172,5,0,30.33364686,-94.38931817,48199.0,298.60074302975585,2.9069767441860463,167,172,5,0,167,167,57207,0,0,0,0,5
2020-06-21,US,Texas,Harris,21053,325,0,29.86,-95.39,48201.0,446.6698137726552,1.5437229848477652,20728,20874,322,0,20552,19739,4698619,179,3,0,176,1135
2020-06-21,US,Texas,Harrison,272,32,0,32.54935988,-94.36934071,48203.0,408.6968280918967,11.764705882352944,240,271,32,0,239,268,66726,1,0,0,1,3
2020-06-21,US,Texas,Hartley,13,2,0,35.84008013,-102.6029022,48205.0,233.14203730272598,15.384615384615385,11,13,2,0,11,13,5619,0,0,0,0,0
2020-06-21,US,Texas,Haskell,4,0,0,33.17823584,-99.73037358,48207.0,70.69635913750443,0.0,4,4,0,0,4,4,5813,0,0,0,0,0
2020-06-21,US,Texas,Hays,1608,5,0,30.05669873,-98.02944344,48209.0,698.5503342876132,0.3109452736318408,1603,1551,5,0,1546,1448,222631,57,0,0,57,103
2020-06-21,US,Texas,Hemphill,2,0,0,35.83764858,-100.2703577,48211.0,52.36973029588898,0.0,2,2,0,0,2,2,3825,0,0,0,0,0
2020-06-21,US,Texas,Henderson,97,3,0,32.21128872,-95.85846587,48213.0,117.238962012159,3.0927835051546397,94,97,3,0,94,94,82299,0,0,0,0,3
2020-06-21,US,Texas,Hidalgo,1556,21,0,26.39418217,-98.18299696,48215.0,179.1167793053354,1.3496143958868894,1535,1556,21,0,1535,1447,865939,0,0,0,0,109
2020-06-21,US,Texas,Hill,48,1,0,31.99045053,-97.13423143,48217.0,130.97219569428907,2.083333333333333,47,48,1,0,47,47,36354,0,0,0,0,1
2020-06-21,US,Texas,Hockley,29,1,0,33.60771256,-102.3431676,48219.0,125.97193866469743,3.4482758620689653,28,29,1,0,28,29,22980,0,0,0,0,0
2020-06-21,US,Texas,Hood,35,4,0,32.42990927,-97.83242024,48221.0,56.778547442531995,11.428571428571427,31,35,4,0,31,35,60537,0,0,0,0,0
2020-06-21,US,Texas,Hopkins,50,2,0,33.14875072,-95.56351139,48223.0,134.82903678136122,4.0,48,48,1,0,47,48,36810,2,1,0,1,0
2020-06-21,US,Texas,Houston,148,0,0,31.31925973,-95.42226208,48225.0,644.3747823058168,0.0,148,148,0,0,148,147,23169,0,0,0,0,1
2020-06-21,US,Texas,Howard,26,1,0,32.30621324,-101.4356444,48227.0,70.91424830896793,3.8461538461538463,25,26,1,0,25,24,36459,0,0,0,0,2
2020-06-21,US,Texas,Hudspeth,14,0,0,31.45628381,-105.388178,48229.0,286.5329512893983,0.0,14,14,0,0,14,14,4795,0,0,0,0,0
2020-06-21,US,Texas,Hunt,258,5,0,33.12351514,-96.08551032,48231.0,261.6792096882163,1.937984496124031,253,246,5,0,241,227,96493,12,0,0,12,19
2020-06-21,US,Texas,Hutchinson,49,0,0,35.84006574,-101.3546643,48233.0,234.02426210717357,0.0,49,49,0,0,49,49,21198,0,0,0,0,0
2020-06-21,US,Texas,Irion,1,0,0,31.30375559,-100.982439,48235.0,65.10416666666667,0.0,1,1,0,0,1,1,1522,0,0,0,0,0
2020-06-21,US,Texas,Jack,4,0,0,33.23377248,-98.17283469,48237.0,44.76776720761052,0.0,4,4,0,0,4,4,8843,0,0,0,0,0
2020-06-21,US,Texas,Jackson,25,1,0,28.95472367,-96.57749563,48239.0,169.3766937669377,4.0,24,25,1,0,24,24,14874,0,0,0,0,1
2020-06-21,US,Texas,Jasper,36,1,0,30.74685667,-94.02667579,48241.0,101.32567761546906,2.7777777777777777,35,35,1,0,34,33,35872,1,0,0,1,2
2020-06-21,US,Texas,Jefferson,1393,32,0,29.8832777,-94.16434171,48245.0,553.7336274919007,2.297200287150036,1361,1388,32,0,1356,1356,255001,5,0,0,5,32
2020-06-21,US,Texas,Jim Hogg,9,0,0,27.04453923,-98.6968187,48247.0,173.0769230769231,0.0,9,8,0,0,8,6,5248,1,0,0,1,2
2020-06-21,US,Texas,Jim Wells,27,0,0,27.73103938,-98.0904705,48249.0,66.69630947087595,0.0,27,22,0,0,22,21,40822,5,0,0,5,1
2020-06-21,US,Texas,Johnson,254,4,0,32.37877812,-97.36615819,48251.0,144.4683961164165,1.5748031496062993,250,254,4,0,250,254,171361,0,0,0,0,0
2020-06-21,US,Texas,Jones,650,0,0,32.73997145,-99.87861576,48253.0,3236.568241796545,0.0,650,650,0,0,650,610,19817,0,0,0,0,40
2020-06-21,US,Texas,Karnes,14,0,0,28.90705334,-97.85960149,48255.0,89.73783731812063,0.0,14,14,0,0,14,11,15650,0,0,0,0,3
2020-06-21,US,Texas,Kaufman,360,4,0,32.599141700000004,-96.28734728,48257.0,264.40648089663176,1.1111111111111112,356,360,4,0,356,360,128622,0,0,0,0,0
2020-06-21,US,Texas,Kendall,44,0,0,29.94414155,-98.7113588,48259.0,92.76633425396892,0.0,44,44,0,0,44,44,45641,0,0,0,0,0
2020-06-21,US,Texas,Kerr,33,1,0,30.06040006,-99.34930144,48265.0,62.73764258555133,3.0303030303030303,32,33,1,0,32,32,52405,0,0,0,0,1
2020-06-21,US,Texas,Kimble,1,0,0,30.48678918,-99.74856473,48267.0,23.057412958266077,0.0,1,1,0,0,1,1,4362,0,0,0,0,0
2020-06-21,US,Texas,Kinney,2,0,0,29.34967888,-100.4186638,48271.0,54.5404963185165,0.0,2,2,0,0,2,1,3767,0,0,0,0,1
2020-06-21,US,Texas,Kleberg,27,1,0,27.42435506,-97.69894948,48273.0,88.0052151238592,3.703703703703704,26,25,1,0,24,24,31129,2,0,0,2,1
2020-06-21,US,Texas,Knox,1,0,0,33.60519951,-99.7422906,48275.0,27.29257641921397,0.0,1,1,0,0,1,1,3653,0,0,0,0,0
2020-06-21,US,Texas,La Salle,7,0,0,28.34453111,-99.09908775,48283.0,93.08510638297872,0.0,7,7,0,0,7,7,7531,0,0,0,0,0
2020-06-21,US,Texas,Lamar,205,13,0,33.66981763,-95.57404777,48277.0,411.1594697045669,6.3414634146341475,192,199,13,0,186,199,49728,6,0,0,6,0
2020-06-21,US,Texas,Lamb,29,0,0,34.06859623,-102.3516289,48279.0,224.92825564259675,0.0,29,29,0,0,29,29,13158,0,0,0,0,0
2020-06-21,US,Texas,Lampasas,17,0,0,31.19531316,-98.24206613,48281.0,79.3354489453052,0.0,17,16,0,0,16,15,21229,1,0,0,1,1
2020-06-21,US,Texas,Lavaca,85,1,0,29.38508402,-96.93186692,48285.0,421.7525057060633,1.1764705882352942,84,68,1,0,67,43,20110,17,0,0,17,25
2020-06-21,US,Texas,Lee,49,3,0,30.31120597,-96.97045773,48287.0,284.2392250130518,6.1224489795918355,46,48,3,0,45,47,17144,1,0,0,1,1
2020-06-21,US,Texas,Leon,15,0,0,31.29872538,-95.9936328,48289.0,86.18708342909677,0.0,15,14,0,0,14,13,17270,1,0,0,1,1
2020-06-21,US,Texas,Liberty,182,3,0,30.15152688,-94.81205615,48291.0,206.3047642798037,1.6483516483516485,179,177,3,0,174,169,86323,5,0,0,5,8
2020-06-21,US,Texas,Limestone,41,1,0,31.5454767,-96.58095444,48293.0,174.93706532406026,2.4390243902439024,40,41,1,0,40,40,23519,0,0,0,0,1
2020-06-21,US,Texas,Lipscomb,9,0,0,36.27783108,-100.2733151,48295.0,278.3792143519951,0.0,9,9,0,0,9,9,3355,0,0,0,0,0
2020-06-21,US,Texas,Live Oak,10,0,0,28.35101362,-98.1246786,48297.0,81.92020971573687,0.0,10,10,0,0,10,10,12166,0,0,0,0,0
2020-06-21,US,Texas,Llano,5,0,0,30.70645047,-98.68475262,48299.0,22.94104152328516,0.0,5,5,0,0,5,5,21646,0,0,0,0,0
2020-06-21,US,Texas,Lubbock,1288,51,0,33.61008596,-101.8204789,48303.0,414.722654224987,3.959627329192547,1237,1208,51,0,1157,1136,307412,80,0,0,80,72
2020-06-21,US,Texas,Lynn,21,1,0,33.17657705,-101.8162849,48305.0,352.88186859351373,4.761904761904762,20,21,1,0,20,21,5877,0,0,0,0,0
2020-06-21,US,Texas,Madison,28,0,0,30.96694679,-95.93003775,48313.0,196.02352282273876,0.0,28,26,0,0,26,25,14422,2,0,0,2,1
2020-06-21,US,Texas,Marion,21,1,0,32.79868409,-94.3566123,48315.0,213.11142683174344,4.761904761904762,20,21,1,0,20,21,9928,0,0,0,0,0
2020-06-21,US,Texas,Martin,6,1,0,32.30600051,-101.9513518,48317.0,103.96811644429043,16.666666666666668,5,6,1,0,5,5,5753,0,0,0,0,1
2020-06-21,US,Texas,Mason,33,0,0,30.71780434,-99.22629416,48319.0,772.1104351895182,0.0,33,33,0,0,33,33,4280,0,0,0,0,0
2020-06-21,US,Texas,Matagorda,109,5,0,28.81955746,-96.01230294,48321.0,297.46472723303225,4.587155963302751,104,105,5,0,100,104,36552,4,0,0,4,1
2020-06-21,US,Texas,Maverick,223,2,0,28.7429195,-100.3157686,48323.0,379.7554579203705,0.8968609865470852,221,223,2,0,221,206,58485,0,0,0,0,17
2020-06-21,US,Texas,McCulloch,5,0,0,31.1925468,-99.34682807,48307.0,62.62525050100201,0.0,5,5,0,0,5,4,7987,0,0,0,0,1
2020-06-21,US,Texas,McLennan,303,5,0,31.55255453,-97.20217694,48309.0,118.07203563203609,1.6501650165016502,298,262,5,0,257,245,254607,41,0,0,41,17
2020-06-21,US,Texas,Medina,250,2,0,29.3557301,-99.11030298,48325.0,484.6464019851117,0.8,248,245,2,0,243,244,50921,5,0,0,5,1
2020-06-21,US,Texas,Midland,322,13,0,31.86904128,-102.0315682,48329.0,182.0937386898299,4.037267080745342,309,322,13,0,309,287,172578,0,0,0,0,35
2020-06-21,US,Texas,Milam,57,1,0,30.78581830000001,-96.97718698,48331.0,229.6257503122104,1.7543859649122806,56,57,1,0,56,56,25131,0,0,0,0,1
2020-06-21,US,Texas,Mills,1,0,0,31.49557106,-98.59272068,48333.0,20.521239482864765,0.0,1,1,0,0,1,1,4921,0,0,0,0,0
2020-06-21,US,Texas,Mitchell,2,0,0,32.30623474,-100.9212058,48335.0,23.405500292568757,0.0,2,2,0,0,2,2,8145,0,0,0,0,0
2020-06-21,US,Texas,Montague,12,1,0,33.67521893,-97.72500958,48337.0,60.551014229488345,8.333333333333334,11,12,1,0,11,12,19596,0,0,0,0,0
2020-06-21,US,Texas,Montgomery,1555,34,0,30.30079133,-95.50572772,48339.0,256.01301303443745,2.1864951768488745,1521,1555,34,0,1521,1484,590925,0,0,0,0,71
2020-06-21,US,Texas,Moore,877,14,0,35.83769242,-101.8930281,48341.0,4188.156638013372,1.5963511972633981,863,877,14,0,863,877,21485,0,0,0,0,0
2020-06-21,US,Texas,Morris,34,0,0,33.11304005,-94.73255695,48343.0,274.4591540200193,0.0,34,33,0,0,33,31,12339,1,0,0,1,2
2020-06-21,US,Texas,Motley,1,0,0,34.07408766,-100.779722,48345.0,83.33333333333333,0.0,1,1,0,0,1,1,1234,0,0,0,0,0
2020-06-21,US,Texas,Nacogdoches,345,25,0,31.62017125,-94.61803994,48347.0,529.1086436414944,7.246376811594202,320,343,25,0,318,341,65711,2,0,0,2,2
2020-06-21,US,Texas,Navarro,120,4,0,32.04620681,-96.47428766,48349.0,239.45882305988465,3.333333333333333,116,120,4,0,116,116,49565,0,0,0,0,4
2020-06-21,US,Texas,Newton,8,0,0,30.78548982,-93.74408813,48351.0,58.845163663111435,0.0,8,6,0,0,6,6,13746,2,0,0,2,0
2020-06-21,US,Texas,Nolan,10,0,0,32.30365282,-100.4060208,48353.0,67.96248470844094,0.0,10,10,0,0,10,8,14751,0,0,0,0,2
2020-06-21,US,Texas,Nueces,597,6,0,27.736286,-97.5433285,48355.0,164.78329754287955,1.0050251256281406,591,548,6,0,542,485,362265,49,0,0,49,63
2020-06-21,US,Texas,Ochiltree,53,2,0,36.27829105,-100.8158184,48357.0,538.8369255795038,3.7735849056603774,51,53,2,0,51,53,9947,0,0,0,0,0
2020-06-21,US,Texas,Oldham,4,1,0,35.40425596,-102.6027606,48359.0,189.3939393939394,25.0,3,4,1,0,3,4,2131,0,0,0,0,0
2020-06-21,US,Texas,Orange,143,3,0,30.11879481,-93.89412775,48361.0,171.47105376756681,2.097902097902098,140,143,3,0,140,135,83572,0,0,0,0,8
2020-06-21,US,Texas,Palo Pinto,14,2,0,32.75310985,-98.31319001,48363.0,47.96327383603412,14.285714285714285,12,14,2,0,12,14,28875,0,0,0,0,0
2020-06-21,US,Texas,Panola,209,23,0,32.163959600000005,-94.30552481,48365.0,901.0951108045184,11.004784688995215,186,209,23,0,186,209,23148,0,0,0,0,0
2020-06-21,US,Texas,Parker,124,1,0,32.77757172,-97.80500621,48367.0,86.7873290499587,0.8064516129032258,123,124,1,0,123,124,138371,0,0,0,0,0
2020-06-21,US,Texas,Parmer,155,0,0,34.52993409,-102.7844668,48369.0,1613.7428422696512,0.0,155,155,0,0,155,155,9864,0,0,0,0,0
2020-06-21,US,Texas,Pecos,112,0,0,30.78097267,-102.7241261,48371.0,707.8303735069203,0.0,112,112,0,0,112,112,15673,0,0,0,0,0
2020-06-21,US,Texas,Polk,75,0,0,30.79472531,-94.8276624,48373.0,146.04794267131425,0.0,75,75,0,0,75,73,50031,0,0,0,0,2
2020-06-21,US,Texas,Potter,2822,39,0,35.40133773,-101.893964,48375.0,2403.4407869522634,1.3819985825655563,2783,2822,39,0,2783,2819,119648,0,0,0,0,3
2020-06-21,US,Texas,Presidio,11,0,0,29.99954402,-104.2408079,48377.0,164.08114558472553,0.0,11,11,0,0,11,11,6948,0,0,0,0,0
2020-06-21,US,Texas,Rains,8,0,0,32.87109387,-95.79232691,48379.0,63.9284001917852,0.0,8,8,0,0,8,7,12159,0,0,0,0,1
2020-06-21,US,Texas,Randall,775,6,0,34.96585996,-101.8971322,48381.0,562.7645901258413,0.7741935483870968,769,775,6,0,769,771,136271,0,0,0,0,4
2020-06-21,US,Texas,Reagan,2,0,0,31.36607041,-101.5232659,48383.0,51.96154845414394,0.0,2,2,0,0,2,2,3741,0,0,0,0,0
2020-06-21,US,Texas,Real,1,0,0,29.83321503,-99.82018052,48385.0,28.968713789107767,0.0,1,1,0,0,1,1,3478,0,0,0,0,0
2020-06-21,US,Texas,Red River,99,8,0,33.61886692,-95.04841765,48387.0,823.4217749313815,8.080808080808081,91,99,8,0,91,96,12175,0,0,0,0,3
2020-06-21,US,Texas,Reeves,14,0,0,31.32323325,-103.6903896,48389.0,87.63144717075613,0.0,14,14,0,0,14,14,15695,0,0,0,0,0
2020-06-21,US,Texas,Refugio,6,0,0,28.3238976,-97.15766311,48391.0,86.35578583765113,0.0,6,6,0,0,6,6,7032,0,0,0,0,0
2020-06-21,US,Texas,Roberts,2,0,0,35.83809685,-100.813175,48393.0,234.192037470726,0.0,2,2,0,0,2,2,903,0,0,0,0,0
2020-06-21,US,Texas,Robertson,27,0,0,31.02539637,-96.51272246,48395.0,158.13517629143723,0.0,27,23,0,0,23,22,17284,4,0,0,4,1
2020-06-21,US,Texas,Rockwall,264,16,0,32.89779518,-96.40771592,48397.0,251.632273745413,6.0606060606060606,248,264,16,0,248,264,100657,0,0,0,0,0
2020-06-21,US,Texas,Runnels,3,0,0,31.8314342,-99.97616148,48399.0,29.228371005455962,0.0,3,3,0,0,3,3,10234,0,0,0,0,0
2020-06-21,US,Texas,Rusk,250,2,0,32.10773545,-94.76176432,48401.0,459.5081424842848,0.8,248,250,2,0,248,245,54450,0,0,0,0,5
2020-06-21,US,Texas,Sabine,19,1,0,31.34318809,-93.85440451,48403.0,180.23145513185355,5.2631578947368425,18,18,1,0,17,15,10589,1,0,0,1,3
2020-06-21,US,Texas,San Augustine,87,6,0,31.39457611,-94.17000399,48405.0,1056.2097851159403,6.896551724137932,81,87,6,0,81,86,8232,0,0,0,0,1
2020-06-21,US,Texas,San Jacinto,23,0,0,30.57933681,-95.16260304,48407.0,79.69784122803978,0.0,23,23,0,0,23,23,28719,0,0,0,0,0
2020-06-21,US,Texas,San Patricio,66,0,0,28.00880118,-97.51763891,48409.0,98.90603926270045,0.0,66,66,0,0,66,66,66893,0,0,0,0,0
2020-06-21,US,Texas,San Saba,2,0,0,31.1577796,-98.81758731,48411.0,33.03055326176713,0.0,2,2,0,0,2,2,6054,0,0,0,0,0
2020-06-21,US,Texas,Schleicher,12,0,0,30.89740592,-100.5384842,48413.0,429.6455424274973,0.0,12,12,0,0,12,10,2895,0,0,0,0,2
2020-06-21,US,Texas,Scurry,29,0,0,32.74613808,-100.9162664,48415.0,173.6215051188409,0.0,29,29,0,0,29,29,16866,0,0,0,0,0
2020-06-21,US,Texas,Shackelford,1,0,0,32.73587756,-99.35401337,48417.0,30.627871362940283,0.0,1,1,0,0,1,1,3253,0,0,0,0,0
2020-06-21,US,Texas,Shelby,254,9,0,31.79211404,-94.14550696,48419.0,1004.9853604494738,3.543307086614173,245,253,8,0,245,241,25418,1,1,0,0,12
2020-06-21,US,Texas,Sherman,30,0,0,36.27751473,-101.8933156,48421.0,992.7200529450696,0.0,30,30,0,0,30,30,3079,0,0,0,0,0
2020-06-21,US,Texas,Smith,340,4,0,32.37474036,-95.2717568,48423.0,146.0788568040524,1.1764705882352942,336,340,4,0,336,318,230221,0,0,0,0,22
2020-06-21,US,Texas,Somervell,3,0,0,32.22236802,-97.77403489,48425.0,32.86590709903594,0.0,3,3,0,0,3,3,9016,0,0,0,0,0
2020-06-21,US,Texas,Starr,267,1,0,26.56150059,-98.73892358,48427.0,413.10166633144064,0.3745318352059925,266,267,1,0,266,227,64525,0,0,0,0,40
2020-06-21,US,Texas,Stephens,5,0,0,32.73553157,-98.83631615,48429.0,53.38458253256459,0.0,5,5,0,0,5,5,9433,0,0,0,0,0
2020-06-21,US,Texas,Sutton,1,0,0,30.49856623,-100.5382014,48435.0,26.483050847457623,0.0,1,1,0,0,1,1,3758,0,0,0,0,0
2020-06-21,US,Texas,Swisher,23,1,0,34.53028891,-101.7349174,48437.0,310.9368662971475,4.3478260869565215,22,23,1,0,22,23,7462,0,0,0,0,0
2020-06-21,US,Texas,Tarrant,8955,208,0,32.77143818,-97.29101614,48439.0,425.9184833401902,2.3227247347850364,8747,8331,207,0,8124,8331,2084931,624,1,0,623,0
2020-06-21,US,Texas,Taylor,282,5,0,32.30163422,-99.89007449,48441.0,204.29749192228002,1.7730496453900708,277,278,5,0,273,268,137640,4,0,0,4,10
2020-06-21,US,Texas,Terry,14,0,0,33.17402785,-102.3354521,48445.0,113.47977628272676,0.0,14,14,0,0,14,14,12287,0,0,0,0,0
2020-06-21,US,Texas,Throckmorton,1,0,0,33.17751417,-99.21226795,48447.0,66.62225183211193,0.0,1,1,0,0,1,1,1515,0,0,0,0,0
2020-06-21,US,Texas,Titus,729,5,0,33.21339719,-94.96797273,48449.0,2225.9541984732823,0.6858710562414266,724,729,5,0,724,729,33033,0,0,0,0,0
2020-06-21,US,Texas,Tom Green,239,1,0,31.40464436,-100.462443,48451.0,200.50335570469798,0.41841004184100417,238,232,1,0,231,223,118189,7,0,0,7,9
2020-06-21,US,Texas,Travis,5704,109,0,30.33432034,-97.7853562,48453.0,447.73987129833574,1.9109396914446,5595,5286,108,0,5178,4991,1248743,418,1,0,417,295
2020-06-21,US,Texas,Trinity,23,0,0,31.0879489,-95.1367187,48455.0,156.98587127158555,0.0,23,22,0,0,22,21,14740,1,0,0,1,1
2020-06-21,US,Texas,Tyler,18,0,0,30.77031716,-94.37690895,48457.0,83.05647840531563,0.0,18,18,0,0,18,14,21696,0,0,0,0,4
2020-06-21,US,Texas,Upshur,43,0,0,32.73706798,-94.93999853,48459.0,102.98661174047373,0.0,43,41,0,0,41,41,41260,2,0,0,2,0
2020-06-21,US,Texas,Upton,1,0,0,31.36868194,-102.0423217,48461.0,27.344818156959253,0.0,1,1,0,0,1,1,3671,0,0,0,0,0
2020-06-21,US,Texas,Uvalde,37,0,0,29.35739637,-99.76229172,48463.0,138.36430948730413,0.0,37,36,0,0,36,31,26846,1,0,0,1,5
2020-06-21,US,Texas,Val Verde,59,0,0,29.89149232,-101.1525205,48465.0,120.3467618561958,0.0,59,59,0,0,59,53,49208,0,0,0,0,6
2020-06-21,US,Texas,Van Zandt,54,3,0,32.56483801,-95.83766469,48467.0,95.42321965011486,5.5555555555555545,51,54,3,0,51,54,56019,0,0,0,0,0
2020-06-21,US,Texas,Victoria,241,8,0,28.79780988,-96.96813006,48469.0,261.7175622257938,3.319502074688797,233,241,8,0,233,241,92035,0,0,0,0,0
2020-06-21,US,Texas,Walker,1912,28,0,30.73872995,-95.57440968,48471.0,2620.218991106056,1.4644351464435146,1884,1905,28,0,1877,1890,72480,7,0,0,7,15
2020-06-21,US,Texas,Waller,110,0,0,30.01058447,-95.99011759,48473.0,199.1094377873511,0.0,110,106,0,0,106,104,53126,4,0,0,4,2
2020-06-21,US,Texas,Ward,8,0,0,31.50999644,-103.0927909,48475.0,66.67777962993833,0.0,8,8,0,0,8,7,11720,0,0,0,0,1
2020-06-21,US,Texas,Washington,229,26,0,30.21498498,-96.40946246,48477.0,638.2029987180201,11.353711790393016,203,224,26,0,198,222,35108,5,0,0,5,2
2020-06-21,US,Texas,Webb,874,22,0,27.7610369,-99.33237355,48479.0,315.92036204328906,2.517162471395881,852,874,22,0,852,854,275910,0,0,0,0,20
2020-06-21,US,Texas,Wharton,118,1,0,29.27765923,-96.22319248,48481.0,283.95418230821065,0.8474576271186439,117,115,1,0,114,114,41619,3,0,0,3,1
2020-06-21,US,Texas,Wheeler,16,0,0,35.40114335,-100.2699514,48483.0,316.4556962025317,0.0,16,16,0,0,16,16,5191,0,0,0,0,0
2020-06-21,US,Texas,Wichita,169,2,0,33.98842886,-98.7041034,48485.0,127.80760795583453,1.183431952662722,167,169,2,0,167,150,132064,0,0,0,0,19
2020-06-21,US,Texas,Wilbarger,7,0,0,34.07945812,-99.24178437,48487.0,54.82026783616571,0.0,7,7,0,0,7,7,12820,0,0,0,0,0
2020-06-21,US,Texas,Willacy,87,3,0,26.47411727,-97.61535848,48489.0,407.34151137746977,3.4482758620689653,84,82,3,0,79,75,21515,5,0,0,5,7
2020-06-21,US,Texas,Williamson,1337,32,0,30.64655664,-97.6004854,48491.0,226.3987360956124,2.393418100224383,1305,1237,32,0,1205,1159,566719,100,0,0,100,78
2020-06-21,US,Texas,Wilson,72,5,0,29.1732598,-98.08693082,48493.0,140.9829645584492,6.9444444444444455,67,69,5,0,64,65,50224,3,0,0,3,4
2020-06-21,US,Texas,Winkler,6,0,0,31.85008651,-103.0485163,48495.0,74.90636704119851,0.0,6,6,0,0,6,6,7720,0,0,0,0,0
2020-06-21,US,Texas,Wise,62,5,0,33.21570665,-97.65460265,48497.0,88.59167809785093,8.064516129032258,57,62,5,0,57,62,68305,0,0,0,0,0
2020-06-21,US,Texas,Wood,71,5,0,32.78722382,-95.38236368,48499.0,155.9103186279892,7.042253521126762,66,71,5,0,66,70,45129,0,0,0,0,1
2020-06-21,US,Texas,Yoakum,13,0,0,33.17320212,-102.8276433,48501.0,149.20234132904855,0.0,13,13,0,0,13,11,8591,0,0,0,0,2
2020-06-21,US,Texas,Young,16,1,0,33.17659707,-98.68790885,48503.0,88.83953359244866,6.25,15,16,1,0,15,16,18045,0,0,0,0,0
2020-06-21,US,Texas,Zapata,33,0,0,27.00156391,-99.16987152,48505.0,232.73855702094647,0.0,33,32,0,0,32,31,14190,1,0,0,1,1
2020-06-21,US,Texas,Zavala,13,0,0,28.86617238,-99.76050829,48507.0,109.79729729729729,0.0,13,13,0,0,13,13,11983,0,0,0,0,0
2020-06-21,US,Utah,Bear River,1274,2,0,41.52106798,-113.0832816,0.0,681.9471357149739,0.15698587127158556,1272,1249,2,0,1247,1188,,25,0,0,25,61
2020-06-21,US,Utah,Central Utah,102,0,0,39.37231946,-111.5758676,0.0,124.46006296214951,0.0,102,96,0,0,96,89,,6,0,0,6,7
2020-06-21,US,Utah,Davis,856,4,0,40.99001837,-112.1139997,49011.0,240.8004928533452,0.4672897196261682,852,822,4,0,818,775,351713,34,0,0,34,47
2020-06-21,US,Utah,Salt Lake,8878,102,0,40.66616532,-111.9216011,49035.0,765.0566122934723,1.1489074115791844,8776,8687,102,0,8585,8363,1152633,191,0,0,191,324
2020-06-21,US,Utah,San Juan,383,7,0,37.62762978,-109.80337140000002,49037.0,2501.959759602822,1.827676240208877,376,382,7,0,375,380,15449,1,0,0,1,2
2020-06-21,US,Utah,Southeast Utah,31,0,0,38.99617072,-110.7013958,0.0,77.05883815158221,0.0,31,31,0,0,31,31,,0,0,0,0,0
2020-06-21,US,Utah,Southwest Utah,1056,10,0,37.85447192,-111.4418764,0.0,418.97778941604963,0.946969696969697,1046,1031,9,0,1022,974,,25,1,0,24,57
2020-06-21,US,Utah,Summit,463,0,0,40.86688146,-110.9535882,49043.0,1098.5882073792861,0.0,463,460,0,0,460,455,41933,3,0,0,3,5
2020-06-21,US,Utah,Tooele,199,0,0,40.44862644,-113.1295715,49045.0,275.398220290898,0.0,199,195,0,0,195,188,69907,4,0,0,4,7
2020-06-21,US,Utah,TriCounty,38,0,0,40.12491499,-109.5174415,0.0,67.11172335841192,0.0,38,38,0,0,38,38,,0,0,0,0,0
2020-06-21,US,Utah,Utah,3136,21,0,40.1166722,-111.6657662,49049.0,492.8996361407342,0.6696428571428571,3115,3056,19,0,3037,2957,622213,80,2,0,78,99
2020-06-21,US,Utah,Wasatch,380,3,0,40.33110236,-111.1691419,49051.0,1114.6636942301486,0.7894736842105263,377,380,3,0,377,371,33240,0,0,0,0,9
2020-06-21,US,Utah,Weber-Morgan,666,9,0,41.27116049,-111.9145117,0.0,244.54995097985216,1.351351351351351,657,641,9,0,632,616,,25,0,0,25,25
2020-06-21,US,Vermont,Addison,67,2,0,44.03217337,-73.14130877,50001.0,182.1790793158768,2.985074626865672,65,67,2,0,65,67,36973,0,0,0,0,0
2020-06-21,US,Vermont,Bennington,69,1,0,43.03519828,-73.09048868,50003.0,194.5305892303355,1.4492753623188406,68,69,1,0,68,69,35631,0,0,0,0,0
2020-06-21,US,Vermont,Caledonia,18,0,0,44.46548598,-72.10314651,50005.0,60.01400326742907,0.0,18,17,0,0,17,16,30302,1,0,0,1,1
2020-06-21,US,Vermont,Chittenden,586,39,0,44.46322849,-73.08359212,50007.0,357.8101530157412,6.655290102389079,547,579,39,0,540,579,164572,7,0,0,7,0
2020-06-21,US,Vermont,Essex,3,0,0,44.72736416,-71.73579864,50009.0,48.67759208177836,0.0,3,3,0,0,3,3,6250,0,0,0,0,0
2020-06-21,US,Vermont,Franklin,102,6,0,44.85627605,-72.91249563,50011.0,206.4693737095664,5.882352941176472,96,102,6,0,96,102,49421,0,0,0,0,0
2020-06-21,US,Vermont,Grand Isle,8,0,0,44.7975824,-73.29679772,50013.0,110.573600552868,0.0,8,8,0,0,8,8,7090,0,0,0,0,0
2020-06-21,US,Vermont,Lamoille,30,1,0,44.60353043,-72.64356694,50015.0,118.28720132481665,3.333333333333333,29,30,1,0,29,30,25300,0,0,0,0,0
2020-06-21,US,Vermont,Orange,9,0,0,44.00470222,-72.37640104,50017.0,31.150491485532328,0.0,9,9,0,0,9,9,28999,0,0,0,0,0
2020-06-21,US,Vermont,Orleans,14,0,0,44.82964024,-72.24562697,50019.0,51.78089285053815,0.0,14,14,0,0,14,14,26907,0,0,0,0,0
2020-06-21,US,Vermont,Rutland,61,1,0,43.57723578,-73.03741676,50021.0,104.82720695640221,1.639344262295082,60,61,1,0,60,61,58672,0,0,0,0,0
2020-06-21,US,Vermont,Unassigned,5,0,0,0.0,0.0,90050.0,0.0,0.0,5,5,0,0,5,5,,0,0,0,0,0
2020-06-21,US,Vermont,Washington,41,1,0,44.27343241,-72.61604978,50023.0,70.19466178157475,2.4390243902439024,40,41,1,0,40,41,58140,0,0,0,0,0
2020-06-21,US,Vermont,Windham,91,3,0,42.986982,-72.71268875,50025.0,215.52745014447444,3.2967032967032965,88,87,3,0,84,85,42756,4,0,0,4,2
2020-06-21,US,Vermont,Windsor,55,2,0,43.58010937,-72.58595157,50027.0,99.88739965856672,3.636363636363636,53,55,2,0,53,55,55286,0,0,0,0,0
2020-06-21,US,Virginia,Accomack,1031,14,0,37.76707161,-75.63234615,51001.0,3190.370095308825,1.3579049466537343,1017,1024,14,0,1010,1022,32412,7,0,0,7,2
2020-06-21,US,Virginia,Albemarle,334,8,0,38.02080697,-78.55481085,51003.0,305.497118814598,2.395209580838323,326,321,8,0,313,304,108718,13,0,0,13,17
2020-06-21,US,Virginia,Alexandria,2227,49,0,38.814003,-77.08183073,51510.0,1396.8688059813833,2.2002694207453968,2178,2217,49,0,2168,2198,160530,10,0,0,10,19
2020-06-21,US,Virginia,Alleghany,30,2,0,37.78636074,-80.00222498,51005.0,201.88425302826383,6.666666666666668,28,30,2,0,28,30,14910,0,0,0,0,0
2020-06-21,US,Virginia,Amelia,41,1,0,37.34081025,-77.98584649,51007.0,311.9056675542031,2.4390243902439024,40,41,1,0,40,41,13013,0,0,0,0,0
2020-06-21,US,Virginia,Amherst,29,0,0,37.60308293,-79.14548696,51009.0,91.75763328587247,0.0,29,29,0,0,29,28,31666,0,0,0,0,1
2020-06-21,US,Virginia,Appomattox,36,0,0,37.37569884,-78.81340003,51011.0,226.25856325812333,0.0,36,36,0,0,36,35,15841,0,0,0,0,1
2020-06-21,US,Virginia,Arlington,2418,126,0,38.8767675,-77.10139853,51013.0,1020.9337870816832,5.2109181141439205,2292,2405,126,0,2279,2396,237521,13,0,0,13,9
2020-06-21,US,Virginia,Augusta,169,2,0,38.16404586,-79.12461614,51015.0,223.66923423065722,1.183431952662722,167,167,2,0,165,166,75457,2,0,0,2,1
2020-06-21,US,Virginia,Bedford,99,2,0,37.3080028,-79.5281964,51019.0,125.32121472967329,2.0202020202020203,97,98,2,0,96,95,78747,1,0,0,1,3
2020-06-21,US,Virginia,Bland,2,0,0,37.13128068,-81.13599391,51021.0,31.84713375796178,0.0,2,1,0,0,1,1,6293,1,0,0,1,0
2020-06-21,US,Virginia,Botetourt,58,4,0,37.55531756,-79.80982182,51023.0,173.55396630659206,6.896551724137932,54,58,4,0,54,55,33277,0,0,0,0,3
2020-06-21,US,Virginia,Bristol,4,0,0,36.6163024,-82.16359122,51520.0,23.863500775563768,0.0,4,4,0,0,4,4,16482,0,0,0,0,0
2020-06-21,US,Virginia,Brunswick,91,1,0,36.76366949,-77.8593436,51025.0,560.6555357032838,1.0989010989010992,90,90,1,0,89,90,16384,1,0,0,1,0
2020-06-21,US,Virginia,Buchanan,18,0,0,37.26818323,-82.03749726,51027.0,85.69796229289659,0.0,18,18,0,0,18,18,21221,0,0,0,0,0
2020-06-21,US,Virginia,Buckingham,552,3,0,37.57242268,-78.52518834,51029.0,3219.034289713086,0.5434782608695652,549,552,3,0,549,552,16999,0,0,0,0,0
2020-06-21,US,Virginia,Buena Vista,12,0,0,37.73484642,-79.35296097,51530.0,185.24235875270145,0.0,12,12,0,0,12,12,6237,0,0,0,0,0
2020-06-21,US,Virginia,Campbell,32,1,0,37.20553386,-79.09678609,51031.0,58.303725972487925,3.125,31,32,1,0,31,30,54973,0,0,0,0,2
2020-06-21,US,Virginia,Caroline,126,4,0,38.02679129,-77.34901405,51033.0,410.0895036615135,3.1746031746031744,122,125,4,0,121,121,30772,1,0,0,1,4
2020-06-21,US,Virginia,Carroll,188,5,0,36.73066666,-80.73455942,51035.0,631.0630727400893,2.6595744680851063,183,187,5,0,182,187,29636,1,0,0,1,0
2020-06-21,US,Virginia,Charles City,37,2,0,37.35358063,-77.05634116,51036.0,531.3801522332328,5.405405405405406,35,37,2,0,35,35,6941,0,0,0,0,2
2020-06-21,US,Virginia,Charlotte,31,0,0,37.01909701,-78.66314092,51037.0,260.94276094276097,0.0,31,31,0,0,31,30,11938,0,0,0,0,1
2020-06-21,US,Virginia,Charlottesville,169,3,0,38.03527919,-78.48569588,51540.0,357.5508822409343,1.7751479289940828,166,166,3,0,163,164,48117,3,0,0,3,2
2020-06-21,US,Virginia,Chesapeake,733,16,0,36.67670048,-76.30545744,51550.0,299.3853003042865,2.1828103683492497,717,721,16,0,705,709,242634,12,0,0,12,12
2020-06-21,US,Virginia,Chesterfield,2557,46,0,37.37373208,-77.58680140000001,51041.0,724.7691339618256,1.798983183418068,2511,2541,46,0,2495,2456,348556,16,0,0,16,85
2020-06-21,US,Virginia,Clarke,45,0,0,39.11271747,-77.99199425,51043.0,307.8185922429715,0.0,45,44,0,0,44,44,14523,1,0,0,1,0
2020-06-21,US,Virginia,Colonial Heights,131,17,0,37.26420587,-77.39609676,51570.0,754.1738629821532,12.977099236641221,114,131,17,0,114,126,17833,0,0,0,0,5
2020-06-21,US,Virginia,Covington,4,0,0,37.7824656,-79.98631446,51580.0,72.22824124232575,0.0,4,4,0,0,4,4,5460,0,0,0,0,0
2020-06-21,US,Virginia,Craig,6,0,0,37.48133648,-80.21072274,51045.0,116.93626973299551,0.0,6,6,0,0,6,6,5064,0,0,0,0,0
2020-06-21,US,Virginia,Culpeper,795,9,0,38.48199985,-77.95630870000002,51047.0,1511.2631879098944,1.1320754716981132,786,794,9,0,785,792,51859,1,0,0,1,2
2020-06-21,US,Virginia,Cumberland,50,0,0,37.51328851,-78.24398086,51049.0,503.4232782923882,0.0,50,50,0,0,50,50,9809,0,0,0,0,0
2020-06-21,US,Virginia,Danville,73,2,0,36.58022376,-79.40395668,51590.0,182.29947058235942,2.7397260273972597,71,72,2,0,70,68,40693,1,0,0,1,4
2020-06-21,US,Virginia,Dickenson,1,0,0,37.12560977,-82.35124171,51051.0,6.984215672579969,0.0,1,1,0,0,1,1,14523,0,0,0,0,0
2020-06-21,US,Virginia,Dinwiddie,121,0,0,37.07544585,-77.63451754,51053.0,423.90695067264573,0.0,121,121,0,0,121,118,28529,0,0,0,0,3
2020-06-21,US,Virginia,Emporia,112,6,0,36.69455571,-77.53406129,51595.0,2095.02431724654,5.357142857142857,106,112,6,0,106,112,5121,0,0,0,0,0
2020-06-21,US,Virginia,Essex,54,0,0,37.93357639,-76.94230311,51057.0,493.0156121610517,0.0,54,54,0,0,54,54,10919,0,0,0,0,0
2020-06-21,US,Virginia,Fairfax,13419,435,0,38.83677558,-77.27565836,51059.0,1169.3791545682386,3.2416722557567628,12984,13341,435,0,12906,13244,1150795,78,0,0,78,97
2020-06-21,US,Virginia,Fairfax,13419,435,0,38.83677558,-77.27565836,51059.0,1169.3791545682386,3.2416722557567628,12984,13341,435,0,12906,13244,24574,78,0,0,78,97
2020-06-21,US,Virginia,Fairfax City,68,6,0,38.85157547,-77.29779640000002,51600.0,283.10920521254013,8.823529411764708,62,68,6,0,62,67,24574,0,0,0,0,1
2020-06-21,US,Virginia,Falls Church,59,7,0,38.88485255,-77.17560759,51610.0,403.63959772867213,11.864406779661017,52,59,7,0,52,58,14772,0,0,0,0,1
2020-06-21,US,Virginia,Fauquier,404,6,0,38.73564842,-77.80647472,51061.0,567.2404594086098,1.4851485148514851,398,403,6,0,397,401,70675,1,0,0,1,2
2020-06-21,US,Virginia,Floyd,14,1,0,36.9302126,-80.36738849,51063.0,88.89453298622135,7.142857142857142,13,10,1,0,9,10,15795,4,0,0,4,0
2020-06-21,US,Virginia,Fluvanna,105,6,0,37.84157909,-78.27715475,51065.0,385.0385038503849,5.7142857142857135,99,104,6,0,98,103,26783,1,0,0,1,1
2020-06-21,US,Virginia,Franklin,50,1,0,36.99536167,-79.88023649,51067.0,89.21880018557509,2.0,49,48,1,0,47,48,56195,2,0,0,2,0
2020-06-21,US,Virginia,Franklin,50,1,0,36.99536167,-79.88023649,51067.0,89.21880018557509,2.0,49,48,1,0,47,48,8013,2,0,0,2,0
2020-06-21,US,Virginia,Franklin City,45,2,0,36.6831435,-76.93859681,51620.0,564.8299234341661,4.4444444444444455,43,44,2,0,42,44,8013,1,0,0,1,0
2020-06-21,US,Virginia,Frederick,456,4,0,39.20172582,-78.25974949,51069.0,510.5639716502637,0.8771929824561403,452,449,4,0,445,446,88355,7,0,0,7,3
2020-06-21,US,Virginia,Fredericksburg,227,0,0,38.2977863,-77.4922454,51630.0,781.7881250861,0.0,227,223,0,0,223,219,29144,4,0,0,4,4
2020-06-21,US,Virginia,Galax,223,11,0,36.66601852,-80.91703124,51640.0,3513.4709311485744,4.932735426008969,212,222,11,0,211,217,6423,1,0,0,1,5
2020-06-21,US,Virginia,Giles,7,0,0,37.31234791,-80.70636931,51071.0,41.86602870813398,0.0,7,7,0,0,7,6,16844,0,0,0,0,1
2020-06-21,US,Virginia,Gloucester,42,1,0,37.40809042,-76.53524337,51073.0,112.45582092749277,2.380952380952381,41,42,1,0,41,41,37349,0,0,0,0,1
2020-06-21,US,Virginia,Goochland,115,6,0,37.71714806,-77.90381514,51075.0,484.14937060581815,5.217391304347826,109,115,6,0,109,115,23244,0,0,0,0,0
2020-06-21,US,Virginia,Grayson,79,2,0,36.65677234,-81.23215889,51077.0,508.0385852090032,2.5316455696202533,77,77,2,0,75,74,15631,2,0,0,2,3
2020-06-21,US,Virginia,Greene,49,1,0,38.29545894,-78.46525378,51079.0,247.2374993692921,2.0408163265306123,48,48,1,0,47,48,19779,1,0,0,1,0
2020-06-21,US,Virginia,Greensville,343,7,0,36.67878901,-77.56351439,51081.0,3025.7586450246995,2.0408163265306123,336,343,7,0,336,344,11627,0,0,0,0,-1
2020-06-21,US,Virginia,Halifax,39,1,0,36.76654925,-78.93512622,51083.0,115.00692990475069,2.5641025641025643,38,39,1,0,38,39,34120,0,0,0,0,0
2020-06-21,US,Virginia,Hampton,264,5,0,37.03513786,-76.35879121,51650.0,196.2679354694818,1.893939393939394,259,258,5,0,253,252,134313,6,0,0,6,6
2020-06-21,US,Virginia,Hanover,403,25,0,37.7583355,-77.49464673,51085.0,373.95839132936175,6.2034739454094305,378,397,25,0,372,387,107239,6,0,0,6,10
2020-06-21,US,Virginia,Harrisonburg,889,23,0,38.43542574,-78.87536254,51660.0,1676.8522710125244,2.5871766029246346,866,885,23,0,862,874,54033,4,0,0,4,11
2020-06-21,US,Virginia,Henrico,2413,138,0,37.53460572,-77.39326555,51087.0,729.4040832119173,5.719021964359717,2275,2383,138,0,2245,2368,329261,30,0,0,30,15
2020-06-21,US,Virginia,Henry,226,3,0,36.68542395,-79.87634026,51089.0,447.0201950273948,1.327433628318584,223,227,3,0,224,224,50953,-1,0,0,-1,3
2020-06-21,US,Virginia,Highland,3,0,0,38.35799465,-79.56124594,51091.0,136.98630136986299,0.0,3,3,0,0,3,3,2210,0,0,0,0,0
2020-06-21,US,Virginia,Hopewell,151,2,0,37.29186313,-77.29754684,51670.0,670.2472368946691,1.3245033112582782,149,151,2,0,149,151,22596,0,0,0,0,0
2020-06-21,US,Virginia,Isle of Wight,161,8,0,36.90579348,-76.70842863,51093.0,433.85701581826515,4.9689440993788825,153,161,8,0,153,159,36953,0,0,0,0,2
2020-06-21,US,Virginia,James City,242,15,0,37.31156958,-76.76950618,51095.0,316.2447891483606,6.198347107438017,227,239,15,0,224,238,76397,3,0,0,3,1
2020-06-21,US,Virginia,King George,96,4,0,38.26818502,-77.15852768,51099.0,357.72842450439714,4.166666666666667,92,96,4,0,92,95,26575,0,0,0,0,1
2020-06-21,US,Virginia,King William,36,0,0,37.70965316,-77.09384941,51101.0,209.93701889433171,0.0,36,35,0,0,35,33,16939,1,0,0,1,2
2020-06-21,US,Virginia,King and Queen,24,1,0,37.71044922,-76.88689628,51097.0,341.6370106761566,4.166666666666667,23,24,1,0,23,24,7042,0,0,0,0,0
2020-06-21,US,Virginia,Lancaster,12,0,0,37.71889653,-76.46400482,51103.0,113.1755163632934,0.0,12,12,0,0,12,11,10783,0,0,0,0,1
2020-06-21,US,Virginia,Lee,9,0,0,36.70586667,-83.12606515,51105.0,38.42377150663877,0.0,9,9,0,0,9,9,23541,0,0,0,0,0
2020-06-21,US,Virginia,Lexington,9,0,0,37.78258621,-79.44262866,51678.0,120.87026591458502,0.0,9,9,0,0,9,8,7136,0,0,0,0,1
2020-06-21,US,Virginia,Loudoun,3585,83,0,39.08990083,-77.63481877,51107.0,866.9094496757251,2.315202231520223,3502,3543,82,0,3461,3504,406850,42,1,0,41,39
2020-06-21,US,Virginia,Louisa,109,1,0,37.97850256,-77.96274807,51109.0,289.9630230640313,0.9174311926605504,108,108,1,0,107,102,36778,1,0,0,1,6
2020-06-21,US,Virginia,Lunenburg,22,0,0,36.94618528,-78.24133319,51111.0,180.38701213512627,0.0,22,21,0,0,21,21,12086,1,0,0,1,0
2020-06-21,US,Virginia,Lynchburg,108,1,0,37.40021399,-79.19888138,51680.0,131.43802940317397,0.925925925925926,107,108,1,0,107,105,82126,0,0,0,0,3
2020-06-21,US,Virginia,Madison,43,1,0,38.41531222,-78.28220331,51113.0,324.2591056481412,2.3255813953488373,42,42,1,0,41,42,13295,1,0,0,1,0
2020-06-21,US,Virginia,Manassas,1363,16,0,38.7464321,-77.48509905,51683.0,3317.51247413898,1.173881144534116,1347,1353,16,0,1337,1352,41641,10,0,0,10,1
2020-06-21,US,Virginia,Manassas Park,410,5,0,38.77058531,-77.44399307,51685.0,2345.806156310791,1.2195121951219512,405,407,5,0,402,402,17307,3,0,0,3,5
2020-06-21,US,Virginia,Martinsville,59,1,0,36.68212094,-79.86352771,51690.0,469.9697307631034,1.6949152542372878,58,59,1,0,58,59,12902,0,0,0,0,0
2020-06-21,US,Virginia,Mathews,5,0,0,37.44164146,-76.34098896,51115.0,56.599501924383055,0.0,5,5,0,0,5,5,8802,0,0,0,0,0
2020-06-21,US,Virginia,Mecklenburg,234,24,0,36.67882005,-78.36131056,51117.0,765.0308954784712,10.256410256410255,210,234,24,0,210,234,30650,0,0,0,0,0
2020-06-21,US,Virginia,Middlesex,15,0,0,37.63191998,-76.55064617,51119.0,141.75014175014175,0.0,15,15,0,0,15,14,10769,0,0,0,0,1
2020-06-21,US,Virginia,Montgomery,110,2,0,37.17746986,-80.37868691,51121.0,111.63545948140256,1.818181818181818,108,107,2,0,105,97,98985,3,0,0,3,10
2020-06-21,US,Virginia,Nelson,18,0,0,37.78790447,-78.88498513,51125.0,120.56262558606831,0.0,18,18,0,0,18,18,14836,0,0,0,0,0
2020-06-21,US,Virginia,New Kent,49,1,0,37.50694406,-76.99828634,51127.0,212.2038889610671,2.0408163265306123,48,48,1,0,47,48,22391,1,0,0,1,0
2020-06-21,US,Virginia,Newport News,438,10,0,37.08166899,-76.51754109,51700.0,244.38554889105873,2.2831050228310503,428,430,10,0,420,410,178626,8,0,0,8,20
2020-06-21,US,Virginia,Norfolk,737,7,0,36.89934014,-76.26420872,51710.0,303.61453724530566,0.949796472184532,730,723,7,0,716,707,244076,14,0,0,14,16
2020-06-21,US,Virginia,Northampton,270,28,0,37.34062933,-75.87751591,51131.0,2305.721605465414,10.370370370370368,242,268,27,0,241,267,11735,2,1,0,1,1
2020-06-21,US,Virginia,Northumberland,28,1,0,37.89202088,-76.41949732,51133.0,231.50062009094668,3.571428571428572,27,28,1,0,27,28,12147,0,0,0,0,0
2020-06-21,US,Virginia,Norton,2,0,0,36.93357076,-82.62750411,51720.0,50.23863350916855,0.0,2,2,0,0,2,2,3968,0,0,0,0,0
2020-06-21,US,Virginia,Nottoway,79,0,0,37.1435975,-78.05065922,51135.0,518.6449579831933,0.0,79,80,0,0,80,80,15420,-1,0,0,-1,0
2020-06-21,US,Virginia,Orange,137,2,0,38.24530219,-78.01560400000002,51137.0,369.76060025370435,1.45985401459854,135,137,2,0,135,136,36644,0,0,0,0,1
2020-06-21,US,Virginia,Page,263,24,0,38.61807452,-78.48797204,51139.0,1100.326332524475,9.125475285171104,239,261,24,0,237,261,23933,2,0,0,2,0
2020-06-21,US,Virginia,Patrick,38,0,0,36.6801638,-80.2865648,51141.0,215.81099500227168,0.0,38,36,0,0,36,36,17673,2,0,0,2,0
2020-06-21,US,Virginia,Petersburg,198,3,0,37.20530399,-77.39368102,51730.0,631.6595418873221,1.5151515151515151,195,198,3,0,195,197,31567,0,0,0,0,1
2020-06-21,US,Virginia,Pittsylvania,85,1,0,36.81980341,-79.39731264,51143.0,140.8357358252974,1.1764705882352942,84,82,1,0,81,76,60949,3,0,0,3,6
2020-06-21,US,Virginia,Poquoson,16,0,0,37.14259351,-76.35798148,51735.0,130.38872137560102,0.0,16,14,0,0,14,12,12190,2,0,0,2,2
2020-06-21,US,Virginia,Portsmouth,406,13,0,36.85914825,-76.35971629,51740.0,430.0938579207187,3.2019704433497536,393,405,13,0,392,405,94632,1,0,0,1,0
2020-06-21,US,Virginia,Powhatan,62,2,0,37.55016038,-77.91267882,51145.0,209.09213543774447,3.2258064516129035,60,61,2,0,59,59,29189,1,0,0,1,2
2020-06-21,US,Virginia,Prince Edward,173,3,0,37.22554789,-78.43597949,51147.0,758.7053767213401,1.7341040462427746,170,173,3,0,170,173,22950,0,0,0,0,0
2020-06-21,US,Virginia,Prince George,213,0,0,37.18497668,-77.22922187,51149.0,555.3672463692542,0.0,213,191,0,0,191,179,38082,22,0,0,22,12
2020-06-21,US,Virginia,Prince William,6879,133,0,38.70916224,-77.48713689,51153.0,1462.574547928604,1.933420555313272,6746,6807,131,0,6676,6756,468011,72,2,0,70,51
2020-06-21,US,Virginia,Pulaski,36,1,0,37.06474963,-80.71229738,51155.0,105.79833661504101,2.7777777777777777,35,36,1,0,35,31,34066,0,0,0,0,5
2020-06-21,US,Virginia,Radford,10,0,0,37.12222899,-80.56027320000003,51750.0,54.797523151953534,0.0,10,9,0,0,9,9,18339,1,0,0,1,0
2020-06-21,US,Virginia,Rappahannock,16,0,0,38.68295619,-78.15826963,51157.0,217.09633649932158,0.0,16,17,0,0,17,16,7252,-1,0,0,-1,1
2020-06-21,US,Virginia,Richmond,317,7,0,37.937575,-76.72920628,51159.0,3513.243932173335,2.2082018927444795,310,317,7,0,310,301,9038,0,0,0,0,16
2020-06-21,US,Virginia,Richmond City,1985,29,0,37.53255773,-77.47966921,51760.0,861.4105434914684,1.4609571788413098,1956,1960,29,0,1931,1929,228783,25,0,0,25,31
2020-06-21,US,Virginia,Roanoke,171,5,0,37.26865804,-80.06396753,51161.0,181.5556452126643,2.9239766081871346,166,171,5,0,166,161,94073,0,0,0,0,10
2020-06-21,US,Virginia,Roanoke City,313,10,0,37.27791025,-79.96189766,51770.0,315.7055969659986,3.194888178913738,303,308,10,0,298,291,99920,5,0,0,5,17
2020-06-21,US,Virginia,Rockbridge,18,0,0,37.81204314,-79.44605905,51163.0,79.74128383466973,0.0,18,18,0,0,18,18,22752,0,0,0,0,0
2020-06-21,US,Virginia,Rockingham,653,7,0,38.51006137,-78.87260325,51165.0,796.8467808854396,1.0719754977029097,646,651,7,0,644,646,81244,2,0,0,2,5
2020-06-21,US,Virginia,Russell,9,0,0,36.93028320000001,-82.10095486,51167.0,33.852403520649965,0.0,9,9,0,0,9,9,26748,0,0,0,0,0
2020-06-21,US,Virginia,Salem,50,3,0,37.2836193,-80.06219455,51775.0,197.6206474052409,6.0,47,50,3,0,47,49,25643,0,0,0,0,1
2020-06-21,US,Virginia,Scott,8,2,0,36.71466456,-82.60171704,51169.0,37.095427988500425,25.0,6,8,2,0,6,8,21534,0,0,0,0,0
2020-06-21,US,Virginia,Shenandoah,540,27,0,38.85905135,-78.56813762,51171.0,1238.077769625825,5.0,513,536,27,0,509,534,43497,4,0,0,4,2
2020-06-21,US,Virginia,Smyth,32,0,0,36.84455636,-81.53344948,51173.0,106.29816635663036,0.0,32,33,0,0,33,30,30472,-1,0,0,-1,3
2020-06-21,US,Virginia,Southampton,154,2,0,36.72231125,-77.10642712,51175.0,873.4615166468152,1.2987012987012987,152,154,2,0,152,154,17586,0,0,0,0,0
2020-06-21,US,Virginia,Spotsylvania,902,20,0,38.18574462,-77.655399,51177.0,662.1884520794332,2.217294900221729,882,891,20,0,871,874,134238,11,0,0,11,17
2020-06-21,US,Virginia,Stafford,924,5,0,38.41758738,-77.45917053,51179.0,604.3876977014953,0.5411255411255411,919,920,5,0,915,921,149960,4,0,0,4,-1
2020-06-21,US,Virginia,Staunton,66,0,0,38.15965544,-79.05979937,51790.0,264.7200385047329,0.0,66,65,0,0,65,62,24922,1,0,0,1,3
2020-06-21,US,Virginia,Suffolk,365,34,0,36.70155394,-76.63603554,51800.0,396.2739392886612,9.315068493150683,331,356,34,0,322,353,91185,9,0,0,9,3
2020-06-21,US,Virginia,Surry,13,1,0,37.11781893,-76.88450012,51181.0,202.4291497975709,7.6923076923076925,12,13,1,0,12,13,6474,0,0,0,0,0
2020-06-21,US,Virginia,Sussex,185,2,0,36.92432914,-77.25791182,51183.0,1657.8546464736985,1.0810810810810811,183,185,2,0,183,185,11237,0,0,0,0,0
2020-06-21,US,Virginia,Tazewell,9,0,0,37.12191123,-81.56685568,51185.0,22.170218007143742,0.0,9,9,0,0,9,9,40855,0,0,0,0,0
2020-06-21,US,Virginia,Virginia Beach,988,27,0,36.73285734,-76.04566934,51810.0,219.5682417206328,2.7327935222672064,961,956,27,0,929,950,450189,32,0,0,32,6
2020-06-21,US,Virginia,Warren,254,4,0,38.90847745,-78.20280433,51187.0,632.4071307638683,1.5748031496062993,250,236,4,0,232,235,40003,18,0,0,18,1
2020-06-21,US,Virginia,Washington,60,4,0,36.72341572,-81.95666289,51191.0,111.64867882396723,6.666666666666668,56,59,4,0,55,58,54402,1,0,0,1,1
2020-06-21,US,Virginia,Waynesboro,63,0,0,38.06451466,-78.90293905,51820.0,278.3915156871409,0.0,63,60,0,0,60,61,22628,3,0,0,3,-1
2020-06-21,US,Virginia,Westmoreland,91,1,0,38.11021557,-76.80213247,51193.0,505.13461004718283,1.0989010989010992,90,88,1,0,87,87,17830,3,0,0,3,1
2020-06-21,US,Virginia,Williamsburg,54,5,0,37.28131268,-76.70905141,51830.0,361.10739601444425,9.25925925925926,49,54,5,0,49,54,14896,0,0,0,0,0
2020-06-21,US,Virginia,Winchester,286,3,0,39.17054517,-78.17325058,51840.0,1018.5910677398675,1.048951048951049,283,279,3,0,276,278,28108,7,0,0,7,1
2020-06-21,US,Virginia,Wise,27,2,0,36.9746148,-82.62410519,51195.0,72.22534307037958,7.407407407407407,25,27,2,0,25,27,38012,0,0,0,0,0
2020-06-21,US,Virginia,Wythe,44,1,0,36.91582035,-81.07834059,51197.0,153.3956212522661,2.272727272727273,43,43,1,0,42,42,28754,1,0,0,1,1
2020-06-21,US,Virginia,York,99,3,0,37.24374789,-76.54412815,51199.0,144.99121265377855,3.0303030303030303,96,98,3,0,95,97,67846,1,0,0,1,1
2020-06-21,US,Washington,Adams,102,0,0,46.98299757,-118.5601734,53001.0,510.43386878847014,0.0,102,102,0,0,102,102,19759,0,0,0,0,0
2020-06-21,US,Washington,Asotin,20,2,0,46.18894415,-117.2022851,53003.0,88.56611460455228,10.0,18,20,2,0,18,20,22610,0,0,0,0,0
2020-06-21,US,Washington,Benton,1426,76,0,46.23946995,-119.5120834,53005.0,697.685796761094,5.3295932678821885,1350,1360,76,0,1284,1313,201877,66,0,0,66,47
2020-06-21,US,Washington,Chelan,285,6,0,47.87046092,-120.6173956,53007.0,369.17098445595855,2.1052631578947367,279,280,6,0,274,278,77036,5,0,0,5,2
2020-06-21,US,Washington,Clallam,33,0,0,48.04754642,-123.9226319,53009.0,42.673701361679015,0.0,33,33,0,0,33,33,76737,0,0,0,0,0
2020-06-21,US,Washington,Clark,647,30,0,45.77568046,-122.4829204,53011.0,132.51652360207356,4.636785162287482,617,642,29,0,613,635,481857,5,1,0,4,7
2020-06-21,US,Washington,Columbia,2,0,0,46.29442881,-117.9051983,53013.0,50.188205771643666,0.0,2,2,0,0,2,2,4059,0,0,0,0,0
2020-06-21,US,Washington,Cowlitz,145,0,0,46.19074721,-122.6782231,53015.0,131.1113723291709,0.0,145,136,0,0,136,130,108987,9,0,0,9,6
2020-06-21,US,Washington,Douglas,193,3,0,47.7361335,-119.692937,53017.0,444.4035091758963,1.5544041450777202,190,188,3,0,185,186,42907,5,0,0,5,2
2020-06-21,US,Washington,Ferry,1,0,0,48.471143100000006,-118.5154041,53019.0,13.111315064901008,0.0,1,1,0,0,1,1,7649,0,0,0,0,0
2020-06-21,US,Washington,Franklin,1278,29,0,46.53351425,-118.9018212,53021.0,1342.126819432484,2.269170579029734,1249,1193,29,0,1164,1113,94347,85,0,0,85,80
2020-06-21,US,Washington,Grant,373,5,0,47.20753737,-119.4500749,53025.0,381.65205201927694,1.3404825737265416,368,354,4,0,350,348,97331,19,1,0,18,6
2020-06-21,US,Washington,Grays Harbor,24,0,0,47.14003705,-123.7820567,53027.0,31.973994484485956,0.0,24,24,0,0,24,22,73901,0,0,0,0,2
2020-06-21,US,Washington,Island,188,12,0,48.14713305,-122.5216407,53029.0,220.8101854570653,6.382978723404255,176,188,12,0,176,186,84460,0,0,0,0,2
2020-06-21,US,Washington,Jefferson,33,0,0,47.75003077,-123.56097040000002,53031.0,102.41767791192079,0.0,33,33,0,0,33,33,31729,0,0,0,0,0
2020-06-21,US,Washington,King,9211,600,0,47.49137892,-121.8346131,53033.0,408.8722299805308,6.513950711106286,8611,9154,601,0,8553,9061,2233163,57,-1,0,58,93
2020-06-21,US,Washington,Kitsap,190,2,0,47.63479026,-122.6436061,53035.0,69.98854398043268,1.0526315789473684,188,189,2,0,187,185,269805,1,0,0,1,4
2020-06-21,US,Washington,Kittitas,98,0,0,47.12521214,-120.679439,53037.0,204.44351726296026,0.0,98,95,0,0,95,94,47364,3,0,0,3,1
2020-06-21,US,Washington,Klickitat,51,3,0,45.87325839,-120.7913598,53039.0,227.4247491638796,5.882352941176472,48,51,3,0,48,51,22107,0,0,0,0,0
2020-06-21,US,Washington,Lewis,49,3,0,46.57756476,-122.3925769,53041.0,60.71344493042735,6.1224489795918355,46,47,3,0,44,47,79604,2,0,0,2,0
2020-06-21,US,Washington,Lincoln,2,0,0,47.57705241,-118.4194388,53043.0,18.283206874485785,0.0,2,2,0,0,2,2,10740,0,0,0,0,0
2020-06-21,US,Washington,Mason,42,1,0,47.35007586,-123.1863685,53045.0,62.90438533429187,2.380952380952381,41,42,1,0,41,41,65507,0,0,0,0,1
2020-06-21,US,Washington,Okanogan,63,2,0,48.54855019,-119.7387224,53047.0,149.1371351466515,3.1746031746031744,61,63,2,0,61,63,42132,0,0,0,0,0
2020-06-21,US,Washington,Pacific,12,1,0,46.55418369,-123.7285716,53049.0,53.4021627875929,8.333333333333334,11,12,1,0,11,12,22036,0,0,0,0,0
2020-06-21,US,Washington,Pend Oreille,3,0,0,48.53234021,-117.2741804,53051.0,21.85951617604197,0.0,3,3,0,0,3,3,13602,0,0,0,0,0
2020-06-21,US,Washington,Pierce,2281,93,0,47.03892768,-122.1405958,53053.0,252.0497690556697,4.077159140727751,2188,2258,92,0,2166,2230,891299,23,1,0,22,28
2020-06-21,US,Washington,San Juan,18,0,0,48.60182783,-122.96745,53055.0,102.37743146399728,0.0,18,17,0,0,17,16,17128,1,0,0,1,1
2020-06-21,US,Washington,Skagit,485,15,0,48.48171488,-121.766131,53057.0,375.37247010564613,3.0927835051546397,470,482,15,0,467,479,128206,3,0,0,3,3
2020-06-21,US,Washington,Skamania,5,0,0,46.02408726,-121.9164403,53059.0,41.380451874534465,0.0,5,5,0,0,5,5,11924,0,0,0,0,0
2020-06-21,US,Washington,Snohomish,3237,163,0,48.04615983,-121.7170703,53061.0,393.7558616344092,5.03552672227371,3074,3226,163,0,3063,3208,814901,11,0,0,11,18
2020-06-21,US,Washington,Spokane,974,38,0,47.62113146,-117.4046494,53063.0,186.3052268753897,3.901437371663244,936,954,38,0,916,902,514631,20,0,0,20,52
2020-06-21,US,Washington,Stevens,17,1,0,48.40035475,-117.8542701,53065.0,37.180412483870256,5.882352941176472,16,16,1,0,15,16,45260,1,0,0,1,0
2020-06-21,US,Washington,Thurston,211,5,0,46.9291895,-122.8290656,53067.0,72.62439078117686,2.3696682464454977,206,212,4,0,208,209,286419,-1,1,0,-2,3
2020-06-21,US,Washington,Unassigned,30,0,0,0.0,0.0,90053.0,0.0,0.0,30,62,0,0,62,25,,-32,0,0,-32,37
2020-06-21,US,Washington,Wahkiakum,4,0,0,46.29180039999999,-123.4250831,53069.0,89.12655971479502,0.0,4,4,0,0,4,4,4426,0,0,0,0,0
2020-06-21,US,Washington,Walla Walla,135,3,0,46.23040051,-118.4775539,53071.0,222.1856484529296,2.2222222222222223,132,132,3,0,129,129,60922,3,0,0,3,3
2020-06-21,US,Washington,Whatcom,499,39,0,48.82227976,-121.7490018,53073.0,217.66915161376158,7.8156312625250495,460,486,39,0,447,474,225685,13,0,0,13,12
2020-06-21,US,Washington,Whitman,30,0,0,46.90022523,-117.5241763,53075.0,59.875459045186005,0.0,30,28,0,0,28,28,49791,2,0,0,2,0
2020-06-21,US,Washington,Yakima,6283,138,0,46.45738486,-120.7380126,53077.0,2504.4544450777885,2.1964029922011776,6145,6129,136,0,5993,5915,251446,154,2,0,152,214
2020-06-21,US,West Virginia,Barbour,12,1,0,39.1307219,-80.00350858,54001.0,72.98826105468038,8.333333333333334,11,11,1,0,10,11,16535,1,0,0,1,0
2020-06-21,US,West Virginia,Berkeley,432,10,0,39.46704621,-78.02414609,54003.0,362.50430054291735,2.314814814814815,422,429,9,0,420,427,117123,3,1,0,2,2
2020-06-21,US,West Virginia,Boone,20,0,0,38.01974191,-81.69888019,54005.0,93.20967516428206,0.0,20,20,0,0,20,20,21951,0,0,0,0,0
2020-06-21,US,West Virginia,Braxton,3,0,0,38.70036159,-80.72011184,54007.0,21.49459052805044,0.0,3,3,0,0,3,3,14089,0,0,0,0,0
2020-06-21,US,West Virginia,Brooke,6,0,0,40.27367263,-80.57915332,54009.0,27.34855736359907,0.0,6,6,0,0,6,6,22203,0,0,0,0,0
2020-06-21,US,West Virginia,Cabell,83,0,0,38.42424062,-82.23855912,54011.0,90.27135787699169,0.0,83,81,0,0,81,80,93224,2,0,0,2,1
2020-06-21,US,West Virginia,Calhoun,2,0,0,38.84315422,-81.11934872,54013.0,28.133352088901397,0.0,2,2,0,0,2,2,7254,0,0,0,0,0
2020-06-21,US,West Virginia,Clay,10,0,0,38.46231092,-81.07652217,54015.0,117.53643629525152,0.0,10,10,0,0,10,10,8632,0,0,0,0,0
2020-06-21,US,West Virginia,Fayette,58,4,0,38.02974928,-81.08286634,54019.0,136.7730981464887,6.896551724137932,54,57,4,0,53,56,43018,1,0,0,1,1
2020-06-21,US,West Virginia,Gilmer,10,0,0,38.9251277,-80.85952723,54021.0,127.82819890067749,0.0,10,10,0,0,10,10,8026,0,0,0,0,0
2020-06-21,US,West Virginia,Grant,16,0,0,39.10314817,-79.19440518,54023.0,138.31258644536652,0.0,16,16,0,0,16,16,11626,0,0,0,0,0
2020-06-21,US,West Virginia,Greenbrier,50,0,0,37.9463652,-80.45335881,54025.0,144.25018752524375,0.0,50,48,0,0,48,42,34786,2,0,0,2,6
2020-06-21,US,West Virginia,Hampshire,40,1,0,39.32103553,-78.60826476,54027.0,172.5997842502697,2.5,39,40,1,0,39,40,23347,0,0,0,0,0
2020-06-21,US,West Virginia,Hancock,21,0,0,40.51943859,-80.57461608,54029.0,72.89135716765013,0.0,21,21,0,0,21,21,29094,0,0,0,0,0
2020-06-21,US,West Virginia,Hardy,41,0,0,39.00683177,-78.85855301,54031.0,297.61904761904765,0.0,41,41,0,0,41,41,13775,0,0,0,0,0
2020-06-21,US,West Virginia,Harrison,49,1,0,39.2853852,-80.37919577,54033.0,72.85595337218984,2.0408163265306123,48,49,1,0,48,49,67554,0,0,0,0,0
2020-06-21,US,West Virginia,Jackson,141,18,0,38.84263974,-81.68148753,54035.0,493.4210526315789,12.76595744680851,123,141,18,0,123,141,28706,0,0,0,0,0
2020-06-21,US,West Virginia,Jefferson,215,4,0,39.30776166,-77.86014147,54037.0,376.22930738809373,1.8604651162790695,211,215,4,0,211,215,56811,0,0,0,0,0
2020-06-21,US,West Virginia,Kanawha,266,20,0,38.33860077,-81.52857054,54039.0,149.3341717006131,7.518796992481202,246,264,20,0,244,261,180454,2,0,0,2,3
2020-06-21,US,West Virginia,Lewis,15,1,0,38.9947249,-80.49988181,54041.0,94.29810775130446,6.666666666666668,14,15,1,0,14,15,16024,0,0,0,0,0
2020-06-21,US,West Virginia,Lincoln,5,0,0,38.172154,-82.07017953,54043.0,24.498995541182808,0.0,5,5,0,0,5,5,20599,0,0,0,0,0
2020-06-21,US,West Virginia,Logan,21,1,0,37.8299889,-81.93528571,54045.0,65.58605827789751,4.761904761904762,20,21,1,0,20,21,32607,0,0,0,0,0
2020-06-21,US,West Virginia,Marion,55,2,0,39.50984542,-80.24244659,54049.0,98.08817234983593,3.636363636363636,53,53,2,0,51,53,56097,2,0,0,2,0
2020-06-21,US,West Virginia,Marshall,37,0,0,39.86064362,-80.66591062,54051.0,121.18830041597064,0.0,37,37,0,0,37,37,30785,0,0,0,0,0
2020-06-21,US,West Virginia,Mason,15,0,0,38.77071799,-82.02524219,54053.0,56.569618343641565,0.0,15,15,0,0,15,15,26718,0,0,0,0,0
2020-06-21,US,West Virginia,McDowell,6,0,0,37.38002939,-81.65083669,54047.0,34.04448479346346,0.0,6,6,0,0,6,6,18223,0,0,0,0,0
2020-06-21,US,West Virginia,Mercer,22,0,0,37.40481169,-81.11023142,54055.0,37.44171006501242,0.0,22,19,0,0,19,16,59131,3,0,0,3,3
2020-06-21,US,West Virginia,Mineral,53,2,0,39.41561583,-78.94104895,54057.0,197.26068185201729,3.7735849056603774,51,53,2,0,51,53,26940,0,0,0,0,0
2020-06-21,US,West Virginia,Mingo,14,2,0,37.73048351,-82.13338365,54059.0,59.76775956284153,14.285714285714285,12,14,2,0,12,14,23785,0,0,0,0,0
2020-06-21,US,West Virginia,Monongalia,151,5,0,39.63218457,-80.04766838,54061.0,142.9761769495891,3.3112582781456954,146,150,5,0,145,149,106420,1,0,0,1,1
2020-06-21,US,West Virginia,Monroe,9,0,0,37.56274716,-80.54577965,54063.0,67.79661016949153,0.0,9,9,0,0,9,9,13280,0,0,0,0,0
2020-06-21,US,West Virginia,Morgan,20,0,0,39.55439028,-78.26311676,54065.0,111.83180496533214,0.0,20,20,0,0,20,20,17787,0,0,0,0,0
2020-06-21,US,West Virginia,Nicholas,7,1,0,38.29617706,-80.79759588,54067.0,28.576094056172444,14.285714285714285,6,7,1,0,6,7,24842,0,0,0,0,0
2020-06-21,US,West Virginia,Ohio,70,1,0,40.0955451,-80.62203992,54069.0,169.03721233488687,1.4285714285714286,69,70,1,0,69,67,41755,0,0,0,0,3
2020-06-21,US,West Virginia,Pendleton,13,1,0,38.68314479,-79.35084086,54071.0,186.5403931697517,7.6923076923076925,12,13,1,0,12,13,6997,0,0,0,0,0
2020-06-21,US,West Virginia,Pleasants,4,0,0,39.37091679,-81.16771771,54073.0,53.61930294906166,0.0,4,4,0,0,4,4,7507,0,0,0,0,0
2020-06-21,US,West Virginia,Pocahontas,24,0,0,38.32758728,-80.00993811,54075.0,291.0149145143688,0.0,24,24,0,0,24,22,8414,0,0,0,0,2
2020-06-21,US,West Virginia,Preston,61,2,0,39.46770987,-79.66712803,54077.0,182.45991864082316,3.278688524590164,59,48,2,0,46,43,33839,13,0,0,13,5
2020-06-21,US,West Virginia,Putnam,44,0,0,38.50782345,-81.9082131,54079.0,77.94508414526129,0.0,44,44,0,0,44,41,56682,0,0,0,0,3
2020-06-21,US,West Virginia,Raleigh,32,0,0,37.76936795,-81.2456041,54081.0,43.61990703507314,0.0,32,30,0,0,30,29,74254,2,0,0,2,1
2020-06-21,US,West Virginia,Randolph,150,0,0,38.769899,-79.87919615,54083.0,522.7391531625718,0.0,150,149,0,0,149,148,28823,1,0,0,1,1
2020-06-21,US,West Virginia,Ritchie,3,0,0,39.18094587,-81.06356878,54085.0,31.400460540087924,0.0,3,3,0,0,3,2,9721,0,0,0,0,1
2020-06-21,US,West Virginia,Roane,12,1,0,38.71622686,-81.35243568,54087.0,87.66803039158388,8.333333333333334,11,12,1,0,11,11,13932,0,0,0,0,1
2020-06-21,US,West Virginia,Summers,1,0,0,37.65390597,-80.86009693,54089.0,7.953551260637875,0.0,1,1,0,0,1,1,12760,0,0,0,0,0
2020-06-21,US,West Virginia,Taylor,13,0,0,39.33602617,-80.0421439,54091.0,77.86762503743634,0.0,13,13,0,0,13,13,16862,0,0,0,0,0
2020-06-21,US,West Virginia,Tucker,5,0,0,39.11240885,-79.57053576,54093.0,73.11010381634742,0.0,5,5,0,0,5,5,6955,0,0,0,0,0
2020-06-21,US,West Virginia,Tyler,3,0,0,39.46811972,-80.88772676,54095.0,34.920265394016994,0.0,3,3,0,0,3,3,8746,0,0,0,0,0
2020-06-21,US,West Virginia,Upshur,11,0,0,38.89285061,-80.23689136,54097.0,45.49966909331569,0.0,11,11,0,0,11,13,24415,0,0,0,0,-2
2020-06-21,US,West Virginia,Wayne,106,9,0,38.14901357,-82.42287994,54099.0,269.0218770620781,8.49056603773585,97,106,9,0,97,106,39944,0,0,0,0,0
2020-06-21,US,West Virginia,Wetzel,9,0,0,39.6065771,-80.64016540000001,54103.0,59.741121805509465,0.0,9,9,0,0,9,9,15270,0,0,0,0,0
2020-06-21,US,West Virginia,Wirt,4,0,0,39.02775007,-81.37473928,54105.0,68.7167153410067,0.0,4,4,0,0,4,4,5830,0,0,0,0,0
2020-06-21,US,West Virginia,Wood,56,2,0,39.20967886,-81.5162836,54107.0,67.05141406642879,3.571428571428572,54,56,2,0,54,56,84203,0,0,0,0,0
2020-06-21,US,West Virginia,Wyoming,7,0,0,37.612327,-81.54511071,54109.0,34.32382073158772,0.0,7,7,0,0,7,7,20786,0,0,0,0,0
2020-06-21,US,Wisconsin,Adams,10,2,0,43.96974651,-89.76782777,55001.0,49.455984174085074,20.0,8,10,2,0,8,10,20348,0,0,0,0,0
2020-06-21,US,Wisconsin,Ashland,3,0,0,46.31956891,-90.67837132,55003.0,19.27772779848349,0.0,3,3,0,0,3,3,15600,0,0,0,0,0
2020-06-21,US,Wisconsin,Barron,31,0,0,45.42372701,-91.84833627,55005.0,68.51737246927769,0.0,31,31,0,0,31,30,45164,0,0,0,0,1
2020-06-21,US,Wisconsin,Bayfield,3,1,0,46.52868768,-91.19716729,55007.0,19.952114924181963,33.333333333333336,2,3,1,0,2,3,15042,0,0,0,0,0
2020-06-21,US,Wisconsin,Brown,2580,39,0,44.4526553,-88.00411844,55009.0,975.2704674494032,1.5116279069767442,2541,2572,39,0,2533,2538,263378,8,0,0,8,34
2020-06-21,US,Wisconsin,Buffalo,6,2,0,44.37835084,-91.75332578,55011.0,46.04404880669172,33.333333333333336,4,6,2,0,4,7,13125,0,0,0,0,-1
2020-06-21,US,Wisconsin,Burnett,2,1,0,45.86303537,-92.36711412,55013.0,12.975217334890358,50.0,1,2,1,0,1,2,15392,0,0,0,0,0
2020-06-21,US,Wisconsin,Calumet,92,2,0,44.0816316,-88.21780273,55015.0,183.6730619497295,2.1739130434782608,90,90,2,0,88,90,50159,2,0,0,2,0
2020-06-21,US,Wisconsin,Chippewa,69,0,0,45.06939744,-91.28068855,55017.0,106.71533298277089,0.0,69,67,0,0,67,65,64135,2,0,0,2,2
2020-06-21,US,Wisconsin,Clark,58,6,0,44.73483377,-90.61207486,55019.0,166.7912808420084,10.344827586206897,52,58,6,0,52,56,34709,0,0,0,0,2
2020-06-21,US,Wisconsin,Columbia,68,1,0,43.46492199,-89.33589004,55021.0,118.19509142737957,1.4705882352941178,67,64,1,0,63,63,57358,4,0,0,4,1
2020-06-21,US,Wisconsin,Crawford,31,0,0,43.23870316,-90.93073686,55023.0,192.17655446035585,0.0,31,29,0,0,29,27,16291,2,0,0,2,2
2020-06-21,US,Wisconsin,Dane,1098,32,0,43.06601594,-89.41733797,55025.0,200.8432489779493,2.914389799635701,1066,1063,32,0,1031,1034,542364,35,0,0,35,29
2020-06-21,US,Wisconsin,Dodge,434,5,0,43.41576662,-88.70928178,55027.0,494.08577055749726,1.1520737327188941,429,434,5,0,429,429,87847,0,0,0,0,5
2020-06-21,US,Wisconsin,Door,40,3,0,44.95856458,-87.30002707,55029.0,144.57134595923088,7.5,37,40,3,0,37,40,27610,0,0,0,0,0
2020-06-21,US,Wisconsin,Douglas,20,0,0,46.43222285,-91.91595768,55031.0,46.349942062572424,0.0,20,20,0,0,20,20,43208,0,0,0,0,0
2020-06-21,US,Wisconsin,Dunn,29,0,0,44.94562799,-91.8962481,55033.0,63.921706929994706,0.0,29,29,0,0,29,29,45131,0,0,0,0,0
2020-06-21,US,Wisconsin,Eau Claire,161,0,0,44.726614,-91.28609183,55035.0,153.85203447814538,0.0,161,156,0,0,156,151,104534,5,0,0,5,5
2020-06-21,US,Wisconsin,Florence,2,0,0,45.84963535,-88.39804137,55037.0,46.56577415599534,0.0,2,2,0,0,2,2,4321,0,0,0,0,0
2020-06-21,US,Wisconsin,Fond du Lac,290,6,0,43.75354908,-88.48885325,55039.0,280.456079610843,2.0689655172413794,284,286,6,0,280,278,103066,4,0,0,4,8
2020-06-21,US,Wisconsin,Forest,35,3,0,45.66678019,-88.77084892,55041.0,388.7161261661484,8.571428571428571,32,35,3,0,32,34,8991,0,0,0,0,1
2020-06-21,US,Wisconsin,Grant,125,12,0,42.8671731,-90.7063218,55043.0,243.00627928225663,9.6,113,124,12,0,112,114,51554,1,0,0,1,10
2020-06-21,US,Wisconsin,Green,80,1,0,42.6794956,-89.60243287,55045.0,216.4502164502165,1.25,79,79,1,0,78,78,36929,1,0,0,1,1
2020-06-21,US,Wisconsin,Green Lake,24,0,0,43.80025981,-89.04679553,55047.0,126.8968434410194,0.0,24,24,0,0,24,24,18918,0,0,0,0,0
2020-06-21,US,Wisconsin,Iowa,21,0,0,43.00050278,-90.13469017,55049.0,88.68992313539995,0.0,21,19,0,0,19,18,23771,2,0,0,2,1
2020-06-21,US,Wisconsin,Iron,2,1,0,46.26302338,-90.24295041,55051.0,35.16792685071215,50.0,1,2,1,0,1,2,5676,0,0,0,0,0
2020-06-21,US,Wisconsin,Jackson,24,1,0,44.31864893,-90.80566792,55053.0,116.26217119604708,4.166666666666667,23,24,1,0,23,24,20478,0,0,0,0,0
2020-06-21,US,Wisconsin,Jefferson,177,4,0,43.02054068,-88.77529134,55055.0,208.80274628696807,2.2598870056497176,173,172,4,0,168,168,85129,5,0,0,5,4
2020-06-21,US,Wisconsin,Juneau,28,1,0,43.92456975,-90.11120239,55057.0,104.91999850114289,3.571428571428572,27,27,1,0,26,27,26617,1,0,0,1,0
2020-06-21,US,Wisconsin,Kenosha,1416,39,0,42.57639354,-88.04051686,55059.0,835.0976934554526,2.754237288135593,1377,1406,39,0,1367,1400,169290,10,0,0,10,6
2020-06-21,US,Wisconsin,Kewaunee,44,1,0,44.51727459,-87.61468386,55061.0,215.32739551727516,2.272727272727273,43,43,1,0,42,42,20383,1,0,0,1,1
2020-06-21,US,Wisconsin,La Crosse,250,0,0,43.90632465,-91.11451093,55063.0,211.83568329718003,0.0,250,229,0,0,229,203,118230,21,0,0,21,26
2020-06-21,US,Wisconsin,Lafayette,54,0,0,42.66005229,-90.1317729,55065.0,324.03240324032396,0.0,54,53,0,0,53,49,16665,1,0,0,1,4
2020-06-21,US,Wisconsin,Langlade,7,0,0,45.26271619,-89.07483625,55067.0,36.47923289384544,0.0,7,7,0,0,7,7,19268,0,0,0,0,0
2020-06-21,US,Wisconsin,Lincoln,8,0,0,45.33737523,-89.73411273,55069.0,28.99286050809988,0.0,8,8,0,0,8,8,27689,0,0,0,0,0
2020-06-21,US,Wisconsin,Manitowoc,68,1,0,44.11946801,-87.80928853,55071.0,86.0966561578101,1.4705882352941178,67,63,1,0,62,58,79074,5,0,0,5,5
2020-06-21,US,Wisconsin,Marathon,111,1,0,44.89792533,-89.75863384,55073.0,81.80290658255461,0.9009009009009008,110,107,1,0,106,101,135428,4,0,0,4,6
2020-06-21,US,Wisconsin,Marinette,42,3,0,45.38553432,-88.03324599999998,55075.0,104.089219330855,7.142857142857142,39,42,3,0,39,42,40434,0,0,0,0,0
2020-06-21,US,Wisconsin,Marquette,9,1,0,43.81911946,-89.40073763,55077.0,57.78862206241171,11.111111111111109,8,9,1,0,8,9,15434,0,0,0,0,0
2020-06-21,US,Wisconsin,Menominee,4,0,0,45.00422544,-88.70950714,55078.0,87.7963125548727,0.0,4,4,0,0,4,4,4658,0,0,0,0,0
2020-06-21,US,Wisconsin,Milwaukee,10267,371,0,43.00486062,-87.96733172,55079.0,1085.6209938185057,3.613519041589559,9896,10167,371,0,9796,10049,948201,100,0,0,100,118
2020-06-21,US,Wisconsin,Monroe,46,1,0,43.94641218,-90.618819,55081.0,99.45300845350573,2.1739130434782608,45,45,1,0,44,40,46051,1,0,0,1,5
2020-06-21,US,Wisconsin,Oconto,46,0,0,45.02715345,-88.26807503,55083.0,121.27603480094912,0.0,46,46,0,0,46,46,37830,0,0,0,0,0
2020-06-21,US,Wisconsin,Oneida,17,0,0,45.70677897,-89.51944105,55085.0,47.75951678606546,0.0,17,17,0,0,17,17,35470,0,0,0,0,0
2020-06-21,US,Wisconsin,Outagamie,396,8,0,44.41578887,-88.46565023,55087.0,210.7672246320888,2.0202020202020203,388,387,8,0,379,377,187365,9,0,0,9,10
2020-06-21,US,Wisconsin,Ozaukee,207,15,0,43.38352225,-87.94625009,55089.0,232.00815951401574,7.246376811594202,192,204,15,0,189,201,89147,3,0,0,3,3
2020-06-21,US,Wisconsin,Pepin,1,0,0,44.58307413,-91.99949611,55091.0,13.723068478111706,0.0,1,1,0,0,1,1,7289,0,0,0,0,0
2020-06-21,US,Wisconsin,Pierce,57,0,0,44.71850291,-92.4224416,55093.0,133.3208588670066,0.0,57,57,0,0,57,57,42555,0,0,0,0,0
2020-06-21,US,Wisconsin,Polk,40,1,0,45.46130348,-92.44182875,55095.0,91.35966014206429,2.5,39,40,1,0,39,39,43598,0,0,0,0,1
2020-06-21,US,Wisconsin,Portage,91,0,0,44.47558711,-89.50152965,55097.0,128.58192505510655,0.0,91,90,0,0,90,87,70942,1,0,0,1,3
2020-06-21,US,Wisconsin,Price,2,0,0,45.68051754,-90.3609888,55099.0,14.980151299528124,0.0,2,2,0,0,2,2,13397,0,0,0,0,0
2020-06-21,US,Wisconsin,Racine,2081,58,0,42.74753117,-88.05941254,55101.0,1060.052671526303,2.787121576165305,2023,2079,58,0,2021,2066,196584,2,0,0,2,13
2020-06-21,US,Wisconsin,Richland,15,4,0,43.3762778,-90.43012729,55103.0,86.94644099234871,26.66666666666667,11,15,4,0,11,15,17377,0,0,0,0,0
2020-06-21,US,Wisconsin,Rock,791,23,0,42.67151616,-89.07147900000002,55105.0,484.2244450702156,2.9077117572692788,768,783,23,0,760,777,163129,8,0,0,8,6
2020-06-21,US,Wisconsin,Rusk,11,0,0,45.47498854,-91.1333012,55107.0,77.58499083086474,0.0,11,11,0,0,11,10,14147,0,0,0,0,1
2020-06-21,US,Wisconsin,Sauk,96,3,0,43.42574087,-89.94966132,55111.0,148.9711678718848,3.125,93,94,3,0,91,90,64249,2,0,0,2,4
2020-06-21,US,Wisconsin,Sawyer,9,0,0,45.87931905,-91.14504927,55113.0,54.35439062688731,0.0,9,9,0,0,9,9,16489,0,0,0,0,0
2020-06-21,US,Wisconsin,Shawano,68,0,0,44.78902246,-88.76443896,55115.0,166.2632338198978,0.0,68,68,0,0,68,66,40796,0,0,0,0,2
2020-06-21,US,Wisconsin,Sheboygan,185,4,0,43.72099677,-87.94579284,55117.0,160.3953528697763,2.1621621621621623,181,179,4,0,175,176,115456,6,0,0,6,3
2020-06-21,US,Wisconsin,St. Croix,128,1,0,45.03437474,-92.45000068,55109.0,141.14481678741166,0.78125,127,126,1,0,125,122,89694,2,0,0,2,4
2020-06-21,US,Wisconsin,Taylor,9,0,0,45.21179252,-90.5004405,55119.0,44.24126235068574,0.0,9,9,0,0,9,8,20412,0,0,0,0,1
2020-06-21,US,Wisconsin,Trempealeau,91,0,0,44.30360275,-91.35893614,55121.0,306.9243482073594,0.0,91,91,0,0,91,86,29442,0,0,0,0,5
2020-06-21,US,Wisconsin,Vernon,29,0,0,43.59422667,-90.8324691,55123.0,94.08863798585426,0.0,29,29,0,0,29,29,30785,0,0,0,0,0
2020-06-21,US,Wisconsin,Vilas,10,0,0,46.05467334,-89.51719204,55125.0,45.05519261094841,0.0,10,10,0,0,10,10,21938,0,0,0,0,0
2020-06-21,US,Wisconsin,Walworth,498,18,0,42.66858202,-88.54163073,55127.0,479.45469249431966,3.614457831325301,480,497,18,0,479,488,103718,1,0,0,1,9
2020-06-21,US,Wisconsin,Washburn,4,0,0,45.89838588,-91.79050449,55129.0,25.44529262086514,0.0,4,4,0,0,4,4,15878,0,0,0,0,0
2020-06-21,US,Wisconsin,Washington,321,13,0,43.36863664,-88.22974712,55131.0,235.97041915991593,4.0498442367601255,308,313,13,0,300,307,135693,8,0,0,8,6
2020-06-21,US,Wisconsin,Waukesha,1003,38,0,43.01833055,-88.30431188,55133.0,248.1457107655159,3.78863409770688,965,991,38,0,953,972,403072,12,0,0,12,19
2020-06-21,US,Wisconsin,Waupaca,91,5,0,44.47068056,-88.96534501,55135.0,178.46636595410862,5.494505494505495,86,89,5,0,84,87,51128,2,0,0,2,2
2020-06-21,US,Wisconsin,Waushara,20,0,0,44.11324419,-89.24317107,55137.0,81.82301681462995,0.0,20,20,0,0,20,19,24263,0,0,0,0,1
2020-06-21,US,Wisconsin,Winnebago,601,11,0,44.06886922,-88.64477096,55139.0,349.6076366872786,1.8302828618968383,590,593,11,0,582,579,171020,8,0,0,8,14
2020-06-21,US,Wisconsin,Wood,32,1,0,44.45537896,-90.04158336,55141.0,43.83621693447856,3.125,31,31,1,0,30,29,73055,1,0,0,1,2
2020-06-21,US,Wyoming,Albany,28,0,0,41.65498705,-105.7235415,56001.0,72.0164609053498,0.0,28,28,0,0,28,28,38601,0,0,0,0,0
2020-06-21,US,Wyoming,Big Horn,11,0,0,44.52405055,-107.9960365,56003.0,93.29940627650551,0.0,11,11,0,0,11,11,11881,0,0,0,0,0
2020-06-21,US,Wyoming,Campbell,47,0,0,44.24886082,-105.5474404,56005.0,101.42206685224748,0.0,47,46,0,0,46,46,46140,1,0,0,1,0
2020-06-21,US,Wyoming,Carbon,22,0,0,41.69357844,-106.9326084,56007.0,148.64864864864862,0.0,22,22,0,0,22,22,14971,0,0,0,0,0
2020-06-21,US,Wyoming,Converse,24,0,0,42.97272268,-105.5081848,56009.0,173.63623209376357,0.0,24,24,0,0,24,24,13640,0,0,0,0,0
2020-06-21,US,Wyoming,Crook,6,0,0,44.58855102,-104.5697705,56011.0,79.11392405063293,0.0,6,6,0,0,6,6,7450,0,0,0,0,0
2020-06-21,US,Wyoming,Fremont,329,0,0,43.04183996,-108.6296893,56013.0,837.981712131632,0.0,329,327,0,0,327,326,39531,2,0,0,2,1
2020-06-21,US,Wyoming,Goshen,5,0,0,42.08798185,-104.3534743,56015.0,37.847248505033676,0.0,5,5,0,0,5,5,13376,0,0,0,0,0
2020-06-21,US,Wyoming,Hot Springs,12,0,0,43.71930657,-108.4423174,56017.0,271.92386131883075,0.0,12,12,0,0,12,12,4555,0,0,0,0,0
2020-06-21,US,Wyoming,Johnson,19,1,0,44.04057166,-106.5845174,56019.0,224.98519834221432,5.2631578947368425,18,19,1,0,18,19,8460,0,0,0,0,0
2020-06-21,US,Wyoming,Laramie,204,0,0,41.30702520000001,-104.6887497,56021.0,205.02512562814067,0.0,204,204,0,0,204,204,98976,0,0,0,0,0
2020-06-21,US,Wyoming,Lincoln,16,0,0,42.26376367,-110.6563997,56023.0,80.68582955118508,0.0,16,15,0,0,15,15,19434,1,0,0,1,0
2020-06-21,US,Wyoming,Natrona,96,0,0,42.96180148,-106.797885,56025.0,120.21337874727642,0.0,96,95,0,0,95,95,79115,1,0,0,1,0
2020-06-21,US,Wyoming,Niobrara,2,0,0,43.05607708,-104.4758896,56027.0,84.88964346349746,0.0,2,2,0,0,2,2,2388,0,0,0,0,0
2020-06-21,US,Wyoming,Park,11,0,0,44.52157546,-109.5852825,56029.0,37.678975131876406,0.0,11,11,0,0,11,9,29324,0,0,0,0,2
2020-06-21,US,Wyoming,Platte,1,0,0,42.13299116,-104.966331,56031.0,11.914690813773385,0.0,1,1,0,0,1,1,8566,0,0,0,0,0
2020-06-21,US,Wyoming,Sheridan,19,0,0,44.79048913,-106.8862389,56033.0,62.325733967525004,0.0,19,19,0,0,19,19,30233,0,0,0,0,0
2020-06-21,US,Wyoming,Sublette,4,0,0,42.76558279,-109.9130922,56035.0,40.68762079137422,0.0,4,4,0,0,4,4,9813,0,0,0,0,0
2020-06-21,US,Wyoming,Sweetwater,53,0,0,41.65943896,-108.8827882,56037.0,125.16826866306118,0.0,53,49,0,0,49,48,43051,4,0,0,4,1
2020-06-21,US,Wyoming,Teton,110,0,0,43.93522482,-110.5890801,56039.0,468.8032730992158,0.0,110,109,0,0,109,109,23081,1,0,0,1,0
2020-06-21,US,Wyoming,Uinta,138,0,0,41.2878183,-110.54757820000002,56041.0,682.2901216256304,0.0,138,130,0,0,130,128,20299,8,0,0,8,2
2020-06-21,US,Wyoming,Unassigned,0,19,0,0.0,0.0,90056.0,0.0,0.0,-19,0,19,0,-19,0,,0,0,0,0,0
2020-06-21,US,Wyoming,Washakie,39,0,0,43.90451606,-107.68018700000002,56043.0,499.6796925048046,0.0,39,39,0,0,39,39,7885,0,0,0,0,0
2020-06-21,US,Wyoming,Weston,1,0,0,43.83961191,-104.5674881,56045.0,14.436263894903998,0.0,1,1,0,0,1,1,6967,0,0,0,0,0
