Date,Country/Region,Province/State,Admin2,Confirmed,Deaths,Recovered,Latitude,Longitude,FIPS,Incidence_Rate,Case-Fatality_Ratio,Active Cases,Previous Confirmed,Previous Deaths,Previous Recovered,Previous Active,Prev2 Confirmed,Population,Daily Confirmed,Daily Deaths,Daily Recovered,Daily Active,Previous Daily Confirmed
2020-08-05,US,Alabama,Autauga,1030,21,0,32.53952745,-86.64408227,1001.0,1843.5984177271832,2.0388349514563107,1009,1030,20,0,1010,1024,55601,0,1,0,-1,6
2020-08-05,US,Alabama,Baldwin,3322,23,0,30.72774991,-87.72207058,1003.0,1488.1245688380802,0.6923540036122817,3299,3263,23,0,3240,3210,218022,59,0,0,59,53
2020-08-05,US,Alabama,Barbour,564,5,0,31.868263,-85.3871286,1005.0,2284.6957789840394,0.8865248226950354,559,563,5,0,558,563,24881,1,0,0,1,0
2020-08-05,US,Alabama,Bibb,384,4,0,32.99642064,-87.12511459999996,1007.0,1714.7450209877645,1.0416666666666667,380,381,3,0,378,374,22400,3,1,0,2,7
2020-08-05,US,Alabama,Blount,745,3,0,33.98210918,-86.56790593,1009.0,1288.3478020267696,0.4026845637583893,742,741,3,0,738,736,57840,4,0,0,4,5
2020-08-05,US,Alabama,Bullock,444,11,0,32.10030533,-85.71265535,1011.0,4395.604395604396,2.477477477477477,433,441,11,0,430,438,10138,3,0,0,3,3
2020-08-05,US,Alabama,Butler,754,35,0,31.75300095,-86.68057478,1013.0,3877.005347593583,4.641909814323609,719,751,35,0,716,752,19680,3,0,0,3,-1
2020-08-05,US,Alabama,Calhoun,1627,13,0,33.77483727,-85.82630386,1015.0,1432.1552748558606,0.7990165949600492,1614,1590,12,0,1578,1560,114277,37,1,0,36,30
2020-08-05,US,Alabama,Chambers,832,38,0,32.91360079,-85.39072749,1017.0,2501.9546520719314,4.5673076923076925,794,828,38,0,790,821,33615,4,0,0,4,7
2020-08-05,US,Alabama,Cherokee,249,7,0,34.17805983,-85.60638968,1019.0,950.5267979844252,2.8112449799196786,242,247,7,0,240,242,26032,2,0,0,2,5
2020-08-05,US,Alabama,Chilton,738,6,0,32.85044126,-86.7173256,1021.0,1661.1146124065906,0.8130081300813008,732,722,6,0,716,710,44153,16,0,0,16,12
2020-08-05,US,Alabama,Choctaw,276,12,0,32.02227341,-88.26564429999998,1023.0,2192.3901819048374,4.3478260869565215,264,276,12,0,264,274,12841,0,0,0,0,2
2020-08-05,US,Alabama,Clarke,491,9,0,31.68099859,-87.83548597,1025.0,2078.5708238083143,1.8329938900203664,482,487,9,0,478,486,23920,4,0,0,4,1
2020-08-05,US,Alabama,Clay,225,5,0,33.26984193,-85.85836077,1027.0,1700.0377786173026,2.2222222222222223,220,223,5,0,218,217,13275,2,0,0,2,6
2020-08-05,US,Alabama,Cleburne,121,1,0,33.67679204,-85.52005899,1029.0,811.535881958417,0.8264462809917356,120,121,1,0,120,121,14987,0,0,0,0,0
2020-08-05,US,Alabama,Coffee,725,5,0,31.39932826,-85.98901039,1031.0,1385.1209353864965,0.6896551724137931,720,716,5,0,711,709,51909,9,0,0,9,7
2020-08-05,US,Alabama,Colbert,1122,13,0,34.69847452,-87.80168544,1033.0,2031.1000887022321,1.1586452762923352,1109,1107,12,0,1095,1093,54762,15,1,0,14,14
2020-08-05,US,Alabama,Conecuh,373,10,0,31.43401703,-86.99320044,1035.0,3091.074832186956,2.680965147453083,363,372,10,0,362,373,12277,1,0,0,1,-1
2020-08-05,US,Alabama,Coosa,95,2,0,32.93690146,-86.24847739,1037.0,890.9312576198068,2.1052631578947367,93,92,2,0,90,92,10715,3,0,0,3,0
2020-08-05,US,Alabama,Covington,716,20,0,31.247785399999998,-86.45050893,1039.0,1932.5757780236984,2.793296089385475,696,715,20,0,695,709,36986,1,0,0,1,6
2020-08-05,US,Alabama,Crenshaw,307,3,0,31.72941803,-86.31593104,1041.0,2229.1606157420856,0.977198697068404,304,297,3,0,294,286,13824,10,0,0,10,11
2020-08-05,US,Alabama,Cullman,1171,12,0,34.13020303,-86.86888037,1043.0,1397.9085092159296,1.0247651579846284,1159,1157,11,0,1146,1141,83442,14,1,0,13,16
2020-08-05,US,Alabama,Dale,798,23,0,31.43037123,-85.61095742,1045.0,1622.8748068006182,2.8822055137844615,775,787,22,0,765,785,48956,11,1,0,10,2
2020-08-05,US,Alabama,Dallas,1298,23,0,32.32688101,-87.10866709999998,1047.0,3489.6225400580706,1.7719568567026194,1275,1294,23,0,1271,1288,38310,4,0,0,4,6
2020-08-05,US,Alabama,DeKalb,1721,13,0,34.45946862,-85.80782906,1049.0,2406.555451456379,0.7553747821034282,1708,1718,13,0,1705,1701,71385,3,0,0,3,17
2020-08-05,US,Alabama,Elmore,1633,37,0,32.59785413,-86.14415284,1051.0,2010.8608651750421,2.26576852418861,1596,1626,37,0,1589,1602,81887,7,0,0,7,24
2020-08-05,US,Alabama,Escambia,981,15,0,31.1256789,-87.15918694,1053.0,2677.913356809434,1.529051987767584,966,979,15,0,964,979,36748,2,0,0,2,0
2020-08-05,US,Alabama,Etowah,1967,28,0,34.04567266,-86.04051873,1055.0,1923.377791684593,1.4234875444839858,1939,1957,28,0,1929,1930,102501,10,0,0,10,27
2020-08-05,US,Alabama,Fayette,178,5,0,33.72076938,-87.73886638,1057.0,1091.890565574776,2.808988764044944,173,176,5,0,171,174,16433,2,0,0,2,2
2020-08-05,US,Alabama,Franklin,1215,20,0,34.44235334,-87.84289505,1059.0,3874.115171226325,1.6460905349794241,1195,1206,20,0,1186,1196,31363,9,0,0,9,10
2020-08-05,US,Alabama,Geneva,243,0,0,31.09389027,-85.83572839,1061.0,924.9743062692703,0.0,243,242,0,0,242,232,26314,1,0,0,1,10
2020-08-05,US,Alabama,Greene,247,11,0,32.85504247,-87.95684022,1063.0,3045.247195167057,4.453441295546559,236,245,11,0,234,242,8233,2,0,0,2,3
2020-08-05,US,Alabama,Hale,459,26,0,32.76039258,-87.63284988,1065.0,3132.891952767729,5.664488017429194,433,457,26,0,431,459,14726,2,0,0,2,-2
2020-08-05,US,Alabama,Henry,247,3,0,31.51148016,-85.24267944,1067.0,1435.6291775646616,1.214574898785425,244,246,3,0,243,245,17209,1,0,0,1,1
2020-08-05,US,Alabama,Houston,1334,12,0,31.15197924,-85.29939599,1069.0,1259.8930885325176,0.8995502248875562,1322,1327,12,0,1315,1319,104722,7,0,0,7,8
2020-08-05,US,Alabama,Jackson,890,4,0,34.78144169,-85.99750489,1071.0,1723.9375508464727,0.44943820224719105,886,870,4,0,866,828,51736,20,0,0,20,42
2020-08-05,US,Alabama,Jefferson,12186,230,0,33.55554728,-86.89506300000002,1073.0,1850.364348371403,1.8874117840144429,11956,12039,228,0,11811,11859,659300,147,2,0,145,180
2020-08-05,US,Alabama,Lamar,205,2,0,33.77995024,-88.09668032,1075.0,1484.9692140528796,0.975609756097561,203,203,2,0,201,198,13844,2,0,0,2,5
2020-08-05,US,Alabama,Lauderdale,1111,13,0,34.90171875,-87.65624729,1077.0,1198.1149370747016,1.1701170117011699,1098,1095,12,0,1083,1071,92387,16,1,0,15,24
2020-08-05,US,Alabama,Lawrence,325,1,0,34.52041498,-87.31069453,1079.0,987.1218563965497,0.3076923076923077,324,324,0,0,324,310,32957,1,1,0,0,14
2020-08-05,US,Alabama,Lee,2554,42,0,32.60154883,-85.35132246,1081.0,1552.1872834899295,1.6444792482380581,2512,2519,40,0,2479,2505,163941,35,2,0,33,14
2020-08-05,US,Alabama,Limestone,1227,13,0,34.81185586,-86.98310072,1083.0,1240.458979932265,1.0594947025264874,1214,1208,13,0,1195,1196,96174,19,0,0,19,12
2020-08-05,US,Alabama,Lowndes,561,24,0,32.1597283,-86.65158371,1085.0,5768.0444170265255,4.2780748663101615,537,558,24,0,534,552,9974,3,0,0,3,6
2020-08-05,US,Alabama,Macon,316,13,0,32.38759944,-85.69267724,1087.0,1748.9484170909893,4.113924050632911,303,311,13,0,298,309,18439,5,0,0,5,2
2020-08-05,US,Alabama,Madison,5122,27,0,34.76327133,-86.55069633,1089.0,1373.525444545452,0.5271378367825068,5095,5082,27,0,5055,5014,366519,40,0,0,40,68
2020-08-05,US,Alabama,Marengo,529,14,0,32.24767634,-87.78796182,1091.0,2804.431956740709,2.6465028355387523,515,526,14,0,512,520,19066,3,0,0,3,6
2020-08-05,US,Alabama,Marion,547,24,0,34.13697363,-87.88704173,1093.0,1841.192904507052,4.387568555758683,523,547,24,0,523,542,29763,0,0,0,0,5
2020-08-05,US,Alabama,Marshall,3001,34,0,34.36975964,-86.30486727,1095.0,3101.039535412405,1.13295568143952,2967,2984,33,0,2951,2966,96109,17,1,0,16,18
2020-08-05,US,Alabama,Mobile,9269,204,0,30.78472347,-88.20842409,1097.0,2243.1693327847825,2.2008846693278667,9065,9170,197,0,8973,9086,413757,99,7,0,92,84
2020-08-05,US,Alabama,Monroe,396,4,0,31.56729412,-87.36995001,1099.0,1909.9985530313995,1.0101010101010102,392,395,4,0,391,391,21067,1,0,0,1,4
2020-08-05,US,Alabama,Montgomery,6350,148,0,32.2206831,-86.20969272,1101.0,2803.7053062882483,2.3307086614173227,6202,6305,147,0,6158,6249,225763,45,1,0,44,56
2020-08-05,US,Alabama,Morgan,2270,15,0,34.45500589,-86.85475946,1103.0,1896.740447363364,0.6607929515418502,2255,2243,15,0,2228,2223,119089,27,0,0,27,20
2020-08-05,US,Alabama,Perry,432,4,0,32.64048341,-87.29770589,1105.0,4841.421046733161,0.925925925925926,428,431,4,0,427,429,9140,1,0,0,1,2
2020-08-05,US,Alabama,Pickens,376,9,0,33.28094866,-88.08818103,1107.0,1886.6031108881089,2.3936170212765955,367,371,9,0,362,367,19938,5,0,0,5,4
2020-08-05,US,Alabama,Pike,672,7,0,31.80396383,-85.9408295,1109.0,2029.3531436854505,1.0416666666666667,665,660,7,0,653,660,33338,12,0,0,12,0
2020-08-05,US,Alabama,Randolph,392,10,0,33.29526734,-85.45708831,1111.0,1725.200246457178,2.5510204081632653,382,391,10,0,381,388,22725,1,0,0,1,3
2020-08-05,US,Alabama,Russell,1267,2,0,32.28725256,-85.18415324,1113.0,2185.9526233156776,0.15785319652722968,1265,1247,1,0,1246,1233,57781,20,1,0,19,14
2020-08-05,US,Alabama,Shelby,3119,32,0,33.26879845,-86.66232561,1117.0,1432.6923960275974,1.0259698621352995,3087,3075,32,0,3043,3050,215707,44,0,0,44,25
2020-08-05,US,Alabama,St. Clair,1252,14,0,33.71902176,-86.31029372,1115.0,1398.695147019394,1.1182108626198084,1238,1236,12,0,1224,1217,88690,16,2,0,14,19
2020-08-05,US,Alabama,Sumter,360,18,0,32.59117397,-88.19916205,1119.0,2896.9180011265794,5.0,342,359,18,0,341,361,12691,1,0,0,1,-2
2020-08-05,US,Alabama,Talladega,946,13,0,33.37823223,-86.16886178,1121.0,1182.8252769511614,1.3742071881606766,933,927,13,0,914,918,79828,19,0,0,19,9
2020-08-05,US,Alabama,Tallapoosa,827,78,0,32.86698258,-85.79833053,1123.0,2048.7031486114897,9.4316807738815,749,822,78,0,744,814,40497,5,0,0,5,8
2020-08-05,US,Alabama,Tuscaloosa,4002,69,0,33.28726072,-87.52556818,1125.0,1911.5855842946191,1.7241379310344829,3933,3984,66,0,3918,3974,208911,18,3,0,15,10
2020-08-05,US,Alabama,Unassigned,2878,56,0,0.0,0.0,90001.0,0.0,1.9457956914523973,2822,2812,55,0,2757,2734,,66,1,0,65,78
2020-08-05,US,Alabama,Walker,1479,64,0,33.80270512,-87.30027177,1127.0,2328.3638481761936,4.3272481406355645,1415,1474,64,0,1410,1470,63711,5,0,0,5,4
2020-08-05,US,Alabama,Washington,315,12,0,31.4092794,-88.20689944,1129.0,1929.4377067254688,3.809523809523809,303,314,12,0,302,310,16378,1,0,0,1,4
2020-08-05,US,Alabama,Wilcox,411,10,0,31.98773215,-87.30891118,1131.0,3962.2095825701344,2.4330900243309004,401,408,9,0,399,405,10627,3,1,0,2,3
2020-08-05,US,Alabama,Winston,435,11,0,34.15030532,-87.37325922,1133.0,1840.9581446527573,2.528735632183908,424,432,11,0,421,429,23660,3,0,0,3,3
2020-08-05,US,Alaska,Aleutians East,2,0,0,55.32222414,-161.9722021,2013.0,59.93407252022774,0.0,2,2,0,0,2,1,3515,0,0,0,0,1
2020-08-05,US,Alaska,Aleutians West,4,0,0,52.3233,-174.1596,2016.0,70.99751508697194,0.0,4,4,0,0,4,5,5723,0,0,0,0,-1
2020-08-05,US,Alaska,Anchorage,1993,13,0,61.14998174,-149.14269860000005,2020.0,692.0138888888887,0.6522829904666332,1980,1956,13,0,1943,1918,291538,37,0,0,37,38
2020-08-05,US,Alaska,Bethel,22,0,0,60.90980451,-159.8561831,2050.0,119.65626019797672,0.0,22,22,0,0,22,22,18216,0,0,0,0,0
2020-08-05,US,Alaska,Bristol Bay,7,0,0,58.74513976,-156.701064,2060.0,837.3205741626795,0.0,7,6,0,0,6,6,877,1,0,0,1,0
2020-08-05,US,Alaska,Denali,1,0,0,63.67264044,-150.0076108,2068.0,47.687172150691474,0.0,1,1,0,0,1,1,2059,0,0,0,0,0
2020-08-05,US,Alaska,Dillingham,1,0,0,59.79603738,-158.23819419999995,2070.0,20.34174125305126,0.0,1,1,0,0,1,1,5000,0,0,0,0,0
2020-08-05,US,Alaska,Fairbanks North Star,415,5,0,64.80726247,-146.5692662,2090.0,428.5021012090986,1.2048192771084338,410,413,5,0,408,410,98971,2,0,0,2,3
2020-08-05,US,Alaska,Haines,4,0,0,59.09893571,-135.4679843,2100.0,158.10276679841897,0.0,4,4,0,0,4,4,2474,0,0,0,0,0
2020-08-05,US,Alaska,Juneau,93,1,0,58.45031811,-134.200436,2110.0,290.86132482642154,1.075268817204301,92,92,1,0,91,91,32113,1,0,0,1,1
2020-08-05,US,Alaska,Kenai Peninsula,306,2,0,60.24429722,-151.53888840000005,2122.0,521.2236833140288,0.6535947712418301,304,304,2,0,302,304,58533,2,0,0,2,0
2020-08-05,US,Alaska,Ketchikan Gateway,37,0,0,55.57445008,-130.975561,2130.0,266.1679015898137,0.0,37,36,0,0,36,35,13918,1,0,0,1,1
2020-08-05,US,Alaska,Kodiak Island,6,0,0,57.65529415,-153.7493579,2150.0,46.16094783812894,0.0,6,6,0,0,6,6,13345,0,0,0,0,0
2020-08-05,US,Alaska,Kusilvak,6,0,0,62.15429159999999,-163.39678830000003,2158.0,72.1674284339668,0.0,6,6,0,0,6,5,8303,0,0,0,0,1
2020-08-05,US,Alaska,Matanuska-Susitna,314,2,0,62.31305045,-149.5741743,2170.0,289.8898603174017,0.6369426751592356,312,311,2,0,309,305,107610,3,0,0,3,6
2020-08-05,US,Alaska,Nome,19,0,0,64.90320724,-164.0353804,2180.0,189.92403038784485,0.0,19,19,0,0,19,17,10008,0,0,0,0,2
2020-08-05,US,Alaska,North Slope,16,0,0,69.31479216,-153.4836093,2185.0,162.73393002441009,0.0,16,16,0,0,16,15,9872,0,0,0,0,1
2020-08-05,US,Alaska,Northwest Arctic,37,0,0,67.04919196,-159.7503946,2188.0,485.5005904736911,0.0,37,33,0,0,33,33,7671,4,0,0,4,0
2020-08-05,US,Alaska,Petersburg,6,1,0,57.13978948,-132.9540995,2195.0,183.71096142069808,16.666666666666668,5,6,1,0,5,6,3221,0,0,0,0,0
2020-08-05,US,Alaska,Prince of Wales-Hyder,7,0,0,55.76261984,-133.0511621,2198.0,112.84862163469288,0.0,7,8,0,0,8,8,6422,-1,0,0,-1,0
2020-08-05,US,Alaska,Sitka,25,0,0,57.24124555,-135.3206587,2220.0,294.36006122689275,0.0,25,23,0,0,23,23,8647,2,0,0,2,0
2020-08-05,US,Alaska,Southeast Fairbanks,15,0,0,63.87692095,-143.2127643,2240.0,217.6120702161613,0.0,15,14,0,0,14,14,6918,1,0,0,1,0
2020-08-05,US,Alaska,Valdez-Cordova,48,0,0,61.47502768,-144.7126799,2261.0,521.6257335361878,0.0,48,48,0,0,48,49,9164,0,0,0,0,-1
2020-08-05,US,Alaska,Wrangell,9,0,0,56.3202004,-132.05837309999998,2275.0,359.71223021582733,0.0,9,9,0,0,9,9,2503,0,0,0,0,0
2020-08-05,US,Alaska,Yakutat,7,0,0,59.890980799999994,-140.36014509999998,2282.0,1208.9810017271154,0.0,7,7,0,0,7,7,604,0,0,0,0,0
2020-08-05,US,Alaska,Yukon-Koyukuk,48,1,0,65.50815459,-151.39073869999999,2290.0,917.7820267686425,2.083333333333333,47,47,1,0,46,46,5327,1,0,0,1,1
2020-08-05,US,Arizona,Apache,3119,137,0,35.39465006,-109.4892383,4001.0,4338.753877613477,4.392433472266752,2982,3098,136,0,2962,3084,71818,21,1,0,20,14
2020-08-05,US,Arizona,Cochise,1560,52,0,31.87934684,-109.7516088,4003.0,1238.8621527612331,3.333333333333333,1508,1554,50,0,1504,1557,126770,6,2,0,4,-3
2020-08-05,US,Arizona,Coconino,3033,117,0,35.83883429,-111.77071780000001,4005.0,2113.94240151663,3.8575667655786345,2916,3013,117,0,2896,2997,142854,20,0,0,20,16
2020-08-05,US,Arizona,Gila,871,34,0,33.80190085,-110.8132779,4007.0,1612.4254878003628,3.903559127439725,837,846,29,0,817,841,53889,25,5,0,20,5
2020-08-05,US,Arizona,Graham,511,12,0,32.93166885,-109.8882178,4009.0,1315.7555938924222,2.348336594911937,499,492,11,0,481,490,38072,19,1,0,18,2
2020-08-05,US,Arizona,Greenlee,57,1,0,33.21498827,-109.2405279,4011.0,600.1263423878711,1.7543859649122806,56,57,1,0,56,57,9483,0,0,0,0,0
2020-08-05,US,Arizona,La Paz,476,10,0,33.72854224,-113.98100290000001,4012.0,2255.069168087929,2.100840336134454,466,476,10,0,466,474,21098,0,0,0,0,2
2020-08-05,US,Arizona,Maricopa,123082,2204,0,33.34835867,-112.49181540000001,4013.0,2744.0499360817084,1.7906761346094473,120878,121789,2153,0,119636,120960,4410824,1293,51,0,1242,829
2020-08-05,US,Arizona,Mohave,3073,161,0,35.70471703,-113.7577902,4015.0,1448.2917886144376,5.239179954441913,2912,3048,157,0,2891,3040,209550,25,4,0,21,8
2020-08-05,US,Arizona,Navajo,5309,197,0,35.3997715,-110.3218983,4017.0,4786.15989326025,3.710679977396873,5112,5301,192,0,5109,5284,110445,8,5,0,3,17
2020-08-05,US,Arizona,Pima,16964,469,0,32.0971334,-111.7890033,4019.0,1619.8166868618582,2.7646781419476545,16495,16809,465,0,16344,16741,1039073,155,4,0,151,68
2020-08-05,US,Arizona,Pinal,8297,145,0,32.90525627,-111.3449483,4021.0,1792.8256721745763,1.7476196215499578,8152,8304,142,0,8162,8301,447138,-7,3,0,-10,3
2020-08-05,US,Arizona,Santa Cruz,2633,51,0,31.52508998,-110.8479088,4023.0,5662.609144479334,1.9369540448157996,2582,2618,50,0,2568,2610,46511,15,1,0,14,8
2020-08-05,US,Arizona,Unassigned,0,1,0,0.0,0.0,90004.0,0.0,0.0,-1,0,1,0,-1,0,,0,0,0,0,0
2020-08-05,US,Arizona,Yavapai,1904,65,0,34.59933926,-112.5538588,4025.0,809.8715860127011,3.4138655462184877,1839,1883,64,0,1819,1858,231993,21,1,0,20,25
2020-08-05,US,Arizona,Yuma,11314,276,0,32.76895712,-113.90666740000002,4027.0,5292.183341363132,2.4394555418066117,11038,11217,267,0,10950,11203,212128,97,9,0,88,14
2020-08-05,US,Arkansas,Arkansas,209,1,0,34.29145151,-91.37277296,5001.0,1195.2419078119638,0.4784688995215311,208,206,1,0,205,201,17769,3,0,0,3,5
2020-08-05,US,Arkansas,Ashley,284,5,0,33.19153461,-91.7698471,5003.0,1444.7779417001575,1.7605633802816902,279,262,4,0,258,254,20046,22,1,0,21,8
2020-08-05,US,Arkansas,Baxter,68,0,0,36.28784385,-92.33782872,5005.0,162.1673185156921,0.0,68,64,0,0,64,62,41619,4,0,0,4,2
2020-08-05,US,Arkansas,Benton,4634,40,0,36.33644656,-94.25680817,5007.0,1660.0929279468082,0.8631851532153647,4594,4611,40,0,4571,4572,272608,23,0,0,23,39
2020-08-05,US,Arkansas,Boone,184,1,0,36.3084504,-93.09374925,5009.0,491.5580252190639,0.5434782608695652,183,184,1,0,183,176,37480,0,0,0,0,8
2020-08-05,US,Arkansas,Bradley,167,3,0,33.46755808,-92.15980837,5011.0,1551.6120040880796,1.7964071856287425,164,155,3,0,152,147,10897,12,0,0,12,8
2020-08-05,US,Arkansas,Calhoun,13,0,0,33.55598792,-92.49974403,5013.0,250.5299672383889,0.0,13,13,0,0,13,13,5277,0,0,0,0,0
2020-08-05,US,Arkansas,Carroll,346,7,0,36.34038560000001,-93.54270261,5015.0,1219.168428470754,2.0231213872832368,339,341,7,0,334,340,28223,5,0,0,5,1
2020-08-05,US,Arkansas,Chicot,700,8,0,33.26458973,-91.29539209,5017.0,6918.363312907689,1.1428571428571428,692,552,7,0,545,536,10438,148,1,0,147,16
2020-08-05,US,Arkansas,Clark,170,1,0,34.04613432,-93.17484713,5019.0,761.6487455197133,0.5882352941176471,169,164,1,0,163,159,22061,6,0,0,6,5
2020-08-05,US,Arkansas,Clay,114,4,0,36.36826212,-90.4148172,5021.0,783.4513091883722,3.5087719298245608,110,112,4,0,108,109,14847,2,0,0,2,3
2020-08-05,US,Arkansas,Cleburne,187,5,0,35.53864922,-92.02640019,5023.0,750.4313977286407,2.6737967914438503,182,183,5,0,178,182,24965,4,0,0,4,1
2020-08-05,US,Arkansas,Cleveland,83,2,0,33.89723187,-92.18537045,5025.0,1043.2378079436903,2.409638554216868,81,76,2,0,74,71,8018,7,0,0,7,5
2020-08-05,US,Arkansas,Columbia,209,7,0,33.21230701,-93.22642793,5027.0,890.9920279660656,3.3492822966507183,202,207,7,0,200,202,23537,2,0,0,2,5
2020-08-05,US,Arkansas,Conway,143,3,0,35.26205537,-92.70506566,5029.0,685.9829223831912,2.097902097902098,140,138,3,0,135,137,20891,5,0,0,5,1
2020-08-05,US,Arkansas,Craighead,1196,12,0,35.83018283,-90.63235729,5031.0,1084.0010151180074,1.0033444816053512,1184,1156,12,0,1144,1134,108558,40,0,0,40,22
2020-08-05,US,Arkansas,Crawford,569,3,0,35.58928601,-94.2446814,5033.0,899.5051931011587,0.5272407732864675,566,566,3,0,563,554,63406,3,0,0,3,12
2020-08-05,US,Arkansas,Crittenden,1291,20,0,35.21247318,-90.30839406,5035.0,2692.1071838181633,1.5491866769945783,1271,1269,20,0,1249,1242,48342,22,0,0,22,27
2020-08-05,US,Arkansas,Cross,173,3,0,35.29631396,-90.77185818,5037.0,1053.6573481941653,1.7341040462427746,170,172,2,0,170,172,16676,1,1,0,0,0
2020-08-05,US,Arkansas,Dallas,59,0,0,33.97042763,-92.65167437,5039.0,841.7748608931372,0.0,59,59,0,0,59,58,7182,0,0,0,0,1
2020-08-05,US,Arkansas,Desha,174,2,0,33.83011025,-91.25500948,5041.0,1531.5553208344336,1.1494252873563218,172,165,2,0,163,160,11512,9,0,0,9,5
2020-08-05,US,Arkansas,Drew,175,3,0,33.59035001,-91.71777921,5043.0,960.5357044843297,1.7142857142857142,172,171,3,0,168,166,18328,4,0,0,4,5
2020-08-05,US,Arkansas,Faulkner,1239,5,0,35.14719007,-92.33717519,5045.0,983.2787067385144,0.4035512510088781,1234,1229,5,0,1224,1212,124806,10,0,0,10,17
2020-08-05,US,Arkansas,Franklin,113,2,0,35.51202821,-93.89299569,5047.0,637.877504939317,1.7699115044247788,111,111,2,0,109,108,17810,2,0,0,2,3
2020-08-05,US,Arkansas,Fulton,30,0,0,36.38177105,-91.81729127,5049.0,240.44241404183697,0.0,30,29,0,0,29,29,12269,1,0,0,1,0
2020-08-05,US,Arkansas,Garland,910,8,0,34.57692074,-93.14921604,5051.0,915.6219185800817,0.8791208791208791,902,879,8,0,871,875,99154,31,0,0,31,4
2020-08-05,US,Arkansas,Grant,130,0,0,34.29017991,-92.42320562,5053.0,711.7437722419929,0.0,130,130,0,0,130,127,18188,0,0,0,0,3
2020-08-05,US,Arkansas,Greene,422,1,0,36.11735460000001,-90.55832668,5055.0,931.053502482074,0.23696682464454974,421,403,1,0,402,393,45325,19,0,0,19,10
2020-08-05,US,Arkansas,Hempstead,227,2,0,33.73325583,-93.66935133,5057.0,1054.244844882036,0.8810572687224669,225,224,2,0,222,220,21741,3,0,0,3,4
2020-08-05,US,Arkansas,Hot Spring,1479,12,0,34.31709259,-92.95396325,5059.0,4379.497201741139,0.8113590263691683,1467,1475,10,0,1465,1465,33701,4,2,0,2,10
2020-08-05,US,Arkansas,Howard,308,2,0,34.09007427,-93.9934871,5061.0,2332.979851537646,0.6493506493506493,306,303,2,0,301,300,13341,5,0,0,5,3
2020-08-05,US,Arkansas,Independence,433,1,0,35.74242707,-91.57001641,5063.0,1144.7455386649042,0.2309468822170901,432,413,1,0,412,398,37678,20,0,0,20,15
2020-08-05,US,Arkansas,Izard,45,1,0,36.09604046,-91.90847954,5065.0,330.1782962799912,2.2222222222222223,44,45,1,0,44,45,13593,0,0,0,0,0
2020-08-05,US,Arkansas,Jackson,62,1,0,35.59802983,-91.21494602,5067.0,370.835576290448,1.6129032258064515,61,61,1,0,60,59,16811,1,0,0,1,2
2020-08-05,US,Arkansas,Jefferson,1412,40,0,34.26767081,-91.92619839,5069.0,2113.0132886388124,2.8328611898016995,1372,1404,39,0,1365,1382,68114,8,1,0,7,22
2020-08-05,US,Arkansas,Johnson,646,2,0,35.56759135,-93.46036368,5071.0,2430.5816840996313,0.30959752321981426,644,639,0,0,639,636,26742,7,2,0,5,3
2020-08-05,US,Arkansas,Lafayette,52,2,0,33.24116713,-93.60677071,5073.0,785.024154589372,3.8461538461538463,50,50,2,0,48,49,6682,2,0,0,2,1
2020-08-05,US,Arkansas,Lawrence,191,9,0,36.04188196,-91.10867198,5075.0,1164.2082165061565,4.712041884816754,182,186,10,0,176,185,16434,5,-1,0,6,1
2020-08-05,US,Arkansas,Lee,890,8,0,34.78498904,-90.78383866,5077.0,10048.549170147906,0.8988764044943821,882,890,7,0,883,890,8985,0,1,0,-1,0
2020-08-05,US,Arkansas,Lincoln,1196,11,0,33.95317155,-91.74002806,5079.0,9183.046683046685,0.9197324414715721,1185,1195,11,0,1184,1186,13383,1,0,0,1,9
2020-08-05,US,Arkansas,Little River,160,1,0,33.70375665,-94.23468591,5081.0,1305.1635533077738,0.625,159,158,1,0,157,156,12326,2,0,0,2,2
2020-08-05,US,Arkansas,Logan,208,1,0,35.21413234,-93.71951016,5083.0,968.9741917450852,0.4807692307692308,207,196,1,0,195,195,21737,12,0,0,12,1
2020-08-05,US,Arkansas,Lonoke,474,2,0,34.75392199,-91.88742357,5085.0,646.5781827606434,0.4219409282700422,472,469,2,0,467,452,73657,5,0,0,5,17
2020-08-05,US,Arkansas,Madison,267,1,0,36.01038185,-93.72524943,5087.0,1610.7625482625485,0.3745318352059925,266,265,1,0,264,262,16481,2,0,0,2,3
2020-08-05,US,Arkansas,Marion,26,0,0,36.26844485,-92.68451899,5089.0,155.74457889061938,0.0,26,24,0,0,24,23,16722,2,0,0,2,1
2020-08-05,US,Arkansas,Miller,489,5,0,33.31403423,-93.89285258,5091.0,1130.4528746792428,1.0224948875255624,484,475,4,0,471,470,43592,14,1,0,13,5
2020-08-05,US,Arkansas,Mississippi,891,12,0,35.76271485,-90.05194370000002,5093.0,2191.82799931121,1.3468013468013469,879,853,11,0,842,797,41239,38,1,0,37,56
2020-08-05,US,Arkansas,Monroe,52,0,0,34.6815935,-91.20540287,5095.0,776.0035815549918,0.0,52,53,0,0,53,53,6900,-1,0,0,-1,0
2020-08-05,US,Arkansas,Montgomery,31,0,0,34.53704874,-93.65824478,5097.0,344.98108168261734,0.0,31,29,0,0,29,26,8924,2,0,0,2,3
2020-08-05,US,Arkansas,Nevada,134,9,0,33.66340119,-93.30632432,5099.0,1623.8487639360155,6.7164179104477615,125,134,9,0,125,133,8326,0,0,0,0,1
2020-08-05,US,Arkansas,Newton,100,5,0,35.91947491,-93.21612969,5101.0,1289.8232942086936,5.0,95,100,3,0,97,98,7805,0,2,0,-2,2
2020-08-05,US,Arkansas,Ouachita,84,2,0,33.58839816,-92.87795984,5103.0,359.250705671029,2.380952380952381,82,81,2,0,79,81,23606,3,0,0,3,0
2020-08-05,US,Arkansas,Perry,50,0,0,34.9459153,-92.94372564,5105.0,478.24007651841225,0.0,50,49,0,0,49,49,10352,1,0,0,1,0
2020-08-05,US,Arkansas,Phillips,298,7,0,34.43268455,-90.84800154,5107.0,1675.851985153526,2.348993288590604,291,289,7,0,282,284,18029,9,0,0,9,5
2020-08-05,US,Arkansas,Pike,88,1,0,34.16250414,-93.65789349,5109.0,821.048703116253,1.1363636363636365,87,84,1,0,83,81,10673,4,0,0,4,3
2020-08-05,US,Arkansas,Poinsett,190,3,0,35.57433534,-90.66268713,5111.0,807.5484529071747,1.5789473684210529,187,173,3,0,170,167,23974,17,0,0,17,6
2020-08-05,US,Arkansas,Polk,134,1,0,34.48254879,-94.22728802,5113.0,671.2081747144863,0.746268656716418,133,132,1,0,131,131,20049,2,0,0,2,1
2020-08-05,US,Arkansas,Pope,1266,10,0,35.44871474,-93.03212219,5115.0,1975.902110126108,0.7898894154818326,1256,1241,10,0,1231,1216,64000,25,0,0,25,25
2020-08-05,US,Arkansas,Prairie,78,0,0,34.83624419,-91.55162157,5117.0,967.5018605805012,0.0,78,76,0,0,76,74,8074,2,0,0,2,2
2020-08-05,US,Arkansas,Pulaski,5151,81,0,34.77054088,-92.31355101,5119.0,1314.3290185781975,1.5725101921956899,5070,5054,79,0,4975,4893,392680,97,2,0,95,161
2020-08-05,US,Arkansas,Randolph,198,3,0,36.3415714,-91.02455531,5121.0,1102.572669562312,1.5151515151515151,195,178,3,0,175,175,17948,20,0,0,20,3
2020-08-05,US,Arkansas,Saline,949,6,0,34.64916145,-92.67583224,5125.0,775.0924965492458,0.6322444678609063,943,922,6,0,916,892,121421,27,0,0,27,30
2020-08-05,US,Arkansas,Scott,46,0,0,34.85588887,-94.0632176,5127.0,447.42729306487695,0.0,46,45,0,0,45,44,10319,1,0,0,1,1
2020-08-05,US,Arkansas,Searcy,28,0,0,35.9109364,-92.69936482,5129.0,355.2848623271158,0.0,28,27,0,0,27,27,7958,1,0,0,1,0
2020-08-05,US,Arkansas,Sebastian,1977,17,0,35.19605503,-94.27162713,5131.0,1546.6216057640406,0.8598887202832575,1960,1919,15,0,1904,1856,127753,58,2,0,56,63
2020-08-05,US,Arkansas,Sevier,958,10,0,33.99780401,-94.2424869,5133.0,5632.9746574939745,1.0438413361169103,948,944,10,0,934,939,17139,14,0,0,14,5
2020-08-05,US,Arkansas,Sharp,106,5,0,36.16258158,-91.47819342,5135.0,607.7284715055612,4.716981132075472,101,106,5,0,101,106,17366,0,0,0,0,0
2020-08-05,US,Arkansas,St. Francis,1148,3,0,35.02201976,-90.74828138,5123.0,4593.102344562694,0.2613240418118467,1145,1144,3,0,1141,1140,25439,4,0,0,4,4
2020-08-05,US,Arkansas,Stone,59,1,0,35.86251946,-92.15684085,5137.0,471.7735486966256,1.6949152542372878,58,59,1,0,58,55,12457,0,0,0,0,4
2020-08-05,US,Arkansas,Unassigned,1686,0,0,0.0,0.0,90005.0,0.0,0.0,1686,1652,0,0,1652,1641,,34,0,0,34,11
2020-08-05,US,Arkansas,Union,458,17,0,33.16887091,-92.59746952,5139.0,1184.0132361305,3.711790393013101,441,452,17,0,435,435,39126,6,0,0,6,17
2020-08-05,US,Arkansas,Van Buren,52,2,0,35.58095779,-92.51295036,5141.0,314.2943487458447,3.8461538461538463,50,52,2,0,50,52,16603,0,0,0,0,0
2020-08-05,US,Arkansas,Washington,6168,50,0,35.976844,-94.21800746,5143.0,2578.7354663924043,0.8106355382619974,6118,6120,48,0,6072,6072,236961,48,2,0,46,48
2020-08-05,US,Arkansas,White,284,2,0,35.25688493,-91.74908296,5145.0,360.621182685104,0.7042253521126759,282,271,2,0,269,266,78727,13,0,0,13,5
2020-08-05,US,Arkansas,Woodruff,20,0,0,35.18902527,-91.2439489,5147.0,316.4556962025317,0.0,20,20,0,0,20,20,6490,0,0,0,0,0
2020-08-05,US,Arkansas,Yell,1052,14,0,35.00292371,-93.41171338,5149.0,4929.47846867532,1.3307984790874523,1038,1043,14,0,1029,1030,21535,9,0,0,9,13
2020-08-05,US,California,Alameda,12136,193,0,37.64629437,-121.8929271,6001.0,726.1287274976979,1.5903098220171392,11943,11909,192,0,11717,11524,1666753,227,1,0,226,385
2020-08-05,US,California,Alpine,2,0,0,38.59678594,-119.82235940000001,6003.0,177.14791851195747,0.0,2,2,0,0,2,2,1101,0,0,0,0,0
2020-08-05,US,California,Amador,137,0,0,38.44583082,-120.65696000000001,6005.0,344.63674783658684,0.0,137,137,0,0,137,126,39383,0,0,0,0,11
2020-08-05,US,California,Butte,1012,8,0,39.66727762,-121.6005252,6007.0,461.7083207869116,0.7905138339920948,1004,1012,8,0,1004,941,231256,0,0,0,0,71
2020-08-05,US,California,Calaveras,136,1,0,38.20537103,-120.55291299999999,6009.0,296.26402352684886,0.7352941176470589,135,136,1,0,135,125,45602,0,0,0,0,11
2020-08-05,US,California,Colusa,359,4,0,39.17881957,-122.2331726,6011.0,1666.1252146470504,1.1142061281337048,355,357,4,0,353,331,21627,2,0,0,2,26
2020-08-05,US,California,Contra Costa,8324,131,0,37.91923498,-121.9289527,6013.0,721.6135570416272,1.5737626141278231,8193,8176,131,0,8045,8033,1150215,148,0,0,148,143
2020-08-05,US,California,Del Norte,90,0,0,41.74228275,-123.89740630000001,6015.0,323.6013231698548,0.0,90,90,0,0,90,88,27828,0,0,0,0,2
2020-08-05,US,California,El Dorado,668,1,0,38.77965956,-120.5233166,6017.0,346.39577272703696,0.1497005988023952,667,668,1,0,667,637,190678,0,0,0,0,31
2020-08-05,US,California,Fresno,15945,157,0,36.75733899,-119.6466953,6019.0,1595.9347453360572,0.9846346817184072,15788,15759,138,0,15621,15083,994400,186,19,0,167,676
2020-08-05,US,California,Glenn,346,2,0,39.59875897,-122.3938452,6021.0,1218.6102208290774,0.5780346820809249,344,332,1,0,331,332,28047,14,1,0,13,0
2020-08-05,US,California,Humboldt,245,4,0,40.69923009,-123.876044,6023.0,180.73444577228926,1.6326530612244898,241,245,4,0,241,233,136373,0,0,0,0,12
2020-08-05,US,California,Imperial,9513,232,0,33.0393082,-115.36690420000001,6025.0,5249.565433325056,2.4387680016819093,9281,9513,232,0,9281,9448,181827,0,0,0,0,65
2020-08-05,US,California,Inyo,66,1,0,36.51112084,-117.41119779999998,6027.0,365.8739397971064,1.5151515151515151,65,64,1,0,63,61,17987,2,0,0,2,3
2020-08-05,US,California,Kern,21433,152,0,35.34329425,-118.72777959999999,6029.0,2380.910062408216,0.7091867680679327,21281,21228,151,0,21077,20651,896764,205,1,0,204,577
2020-08-05,US,California,Kings,4453,56,0,36.07409056,-119.8159973,6031.0,2911.5993199947693,1.2575791601167752,4397,4453,56,0,4397,4453,151366,0,0,0,0,0
2020-08-05,US,California,Lake,211,1,0,39.10124298,-122.75362439999999,6033.0,327.7109930730283,0.4739336492890995,210,211,1,0,210,208,64382,0,0,0,0,3
2020-08-05,US,California,Lassen,632,0,0,40.67311306,-120.59350990000002,6035.0,2067.1834625323,0.0,632,632,0,0,632,626,30802,0,0,0,0,6
2020-08-05,US,California,Los Angeles,198165,4827,0,34.30828379,-118.22824109999999,6037.0,1973.9305497989014,2.4358489137839685,193338,195805,4760,0,191045,193877,10105518,2360,67,0,2293,1928
2020-08-05,US,California,Madera,2114,32,0,37.21513971,-119.76655890000002,6039.0,1343.6981573410796,1.5137180700094608,2082,2114,32,0,2082,1943,157672,0,0,0,0,171
2020-08-05,US,California,Marin,5180,76,0,38.07122463,-122.72106310000001,6041.0,2001.3445326203705,1.4671814671814671,5104,5180,76,0,5104,5092,259666,0,0,0,0,88
2020-08-05,US,California,Mariposa,59,2,0,37.57978556,-119.9073334,6043.0,342.9634366098936,3.3898305084745757,57,59,2,0,57,57,17471,0,0,0,0,2
2020-08-05,US,California,Mendocino,341,9,0,39.4381191,-123.39113130000001,6045.0,393.08810476201455,2.6392961876832843,332,341,9,0,332,322,87606,0,0,0,0,19
2020-08-05,US,California,Merced,4583,51,0,37.18922369,-120.72090349999999,6047.0,1650.460962258715,1.1128082042330352,4532,4583,51,0,4532,4285,274765,0,0,0,0,298
2020-08-05,US,California,Modoc,4,0,0,41.58965602,-120.7244817,6049.0,45.243750706933604,0.0,4,4,0,0,4,2,8777,0,0,0,0,2
2020-08-05,US,California,Mono,146,1,0,37.93899289,-118.8872409,6051.0,1010.8003323179172,0.6849315068493149,145,145,1,0,144,145,14250,1,0,0,1,0
2020-08-05,US,California,Monterey,4966,34,0,36.21862405,-121.24133970000001,6053.0,1144.0788276302178,0.6846556584776479,4932,4966,34,0,4932,4924,435594,0,0,0,0,42
2020-08-05,US,California,Napa,1007,9,0,38.50735751,-122.33283899999999,6055.0,731.0663259379718,0.8937437934458788,998,980,9,0,971,888,139417,27,0,0,27,92
2020-08-05,US,California,Nevada,316,1,0,39.30394768,-120.76272809999999,6057.0,316.7761014485489,0.3164556962025317,315,316,1,0,315,299,99696,0,0,0,0,17
2020-08-05,US,California,Orange,38131,665,0,33.70147516,-117.76459979999998,6059.0,1200.714678879438,1.7439878314232515,37466,38066,653,0,37413,37813,3185968,65,12,0,53,253
2020-08-05,US,California,Placer,1998,19,0,39.06167234,-120.72405690000001,6061.0,501.5954148455172,0.950950950950951,1979,1953,18,0,1935,1925,393149,45,1,0,44,28
2020-08-05,US,California,Plumas,33,0,0,40.00355989,-120.8395236,6063.0,175.46658159196045,0.0,33,33,0,0,33,33,18804,0,0,0,0,0
2020-08-05,US,California,Riverside,38487,738,0,33.74314981,-115.9933578,6065.0,1557.8337743964291,1.917530594746278,37749,38487,738,0,37749,37011,2450758,0,0,0,0,1476
2020-08-05,US,California,Sacramento,10174,148,0,38.45106826,-121.34253740000001,6067.0,655.5167397094698,1.4546884214664833,10026,10174,148,0,10026,10122,1540975,0,0,0,0,52
2020-08-05,US,California,San Benito,689,4,0,36.60308176,-121.069975,6069.0,1096.9940135014647,0.5805515239477503,685,689,4,0,685,647,61537,0,0,0,0,42
2020-08-05,US,California,San Bernardino,34237,487,0,34.84060306,-116.1774685,6071.0,1570.4433542728839,1.4224377135847184,33750,34017,477,0,33540,33432,2171603,220,10,0,210,585
2020-08-05,US,California,San Diego,30516,568,0,33.03484597,-116.73653259999999,6073.0,914.1097494855212,1.8613186525101584,29948,30516,568,0,29948,29883,3343364,0,0,0,0,633
2020-08-05,US,California,San Francisco,7081,62,0,37.75215114,-122.43856720000001,6075.0,803.2451968069839,0.8755825448382997,7019,6989,61,0,6928,6916,883305,92,1,0,91,73
2020-08-05,US,California,San Joaquin,12034,187,0,37.93433732,-121.2730061,6077.0,1578.958417525205,1.553930530164534,11847,11958,180,0,11778,11885,752660,76,7,0,69,73
2020-08-05,US,California,San Luis Obispo,1970,16,0,35.38822029,-120.4039028,6079.0,695.8401475039825,0.8121827411167513,1954,1926,16,0,1910,1902,284010,44,0,0,44,24
2020-08-05,US,California,San Mateo,5758,120,0,37.422880799999994,-122.32755459999998,6081.0,751.1352473932684,2.084056964223689,5638,5744,120,0,5624,5683,769545,14,0,0,14,61
2020-08-05,US,California,Santa Barbara,6526,64,0,34.65329488,-120.0188492,6083.0,1461.5934190222156,0.9806926141587496,6462,6526,63,0,6463,6167,446527,0,1,0,-1,359
2020-08-05,US,California,Santa Clara,11030,192,0,37.23104908,-121.6970462,6085.0,572.1393550957231,1.740707162284678,10838,11030,192,0,10838,10794,1937570,0,0,0,0,236
2020-08-05,US,California,Santa Cruz,1196,4,0,37.05580291,-122.0066524,6087.0,437.7536940043116,0.33444816053511706,1192,1196,4,0,1192,1152,274255,0,0,0,0,44
2020-08-05,US,California,Shasta,404,9,0,40.76391419,-122.0396884,6089.0,224.34473567303417,2.227722772277228,395,397,9,0,388,390,180040,7,0,0,7,7
2020-08-05,US,California,Sierra,3,0,0,39.57713498,-120.52007009999998,6091.0,99.83361064891848,0.0,3,3,0,0,3,2,2987,0,0,0,0,1
2020-08-05,US,California,Siskiyou,88,0,0,41.59198861,-122.54074340000001,6093.0,202.11764165460846,0.0,88,88,0,0,88,73,43724,0,0,0,0,15
2020-08-05,US,California,Solano,3806,38,0,38.26827353,-121.9357113,6095.0,850.2310993358548,0.9984235417761428,3768,3806,38,0,3768,3611,446610,0,0,0,0,195
2020-08-05,US,California,Sonoma,3208,42,0,38.52746429,-122.88625060000001,6097.0,648.9513205592957,1.3092269326683292,3166,3113,39,0,3074,3113,499942,95,3,0,92,0
2020-08-05,US,California,Stanislaus,9308,135,0,37.55862499,-120.9970722,6099.0,1690.335234082737,1.4503652771809197,9173,9308,135,0,9173,9221,549815,0,0,0,0,87
2020-08-05,US,California,Sutter,840,6,0,39.03417539,-121.6945899,6101.0,866.2383599220386,0.7142857142857143,834,840,6,0,834,797,96807,0,0,0,0,43
2020-08-05,US,California,Tehama,249,1,0,40.12570935,-122.23701709999999,6103.0,382.5825087579129,0.4016064257028112,248,246,1,0,245,234,63916,3,0,0,3,12
2020-08-05,US,California,Trinity,5,0,0,40.64917670000001,-123.114713,6105.0,40.7000407000407,0.0,5,5,0,0,5,5,12535,0,0,0,0,0
2020-08-05,US,California,Tulare,10078,193,0,36.22026558,-118.8020203,6107.0,2161.756346593164,1.9150625124032543,9885,9990,193,0,9797,9745,465861,88,0,0,88,245
2020-08-05,US,California,Tuolumne,144,2,0,38.02644018,-119.95250929999999,6109.0,264.32688424685193,1.3888888888888888,142,144,2,0,142,141,54539,0,0,0,0,3
2020-08-05,US,California,Ventura,7877,77,0,34.44465746,-119.09106129999999,6111.0,931.080867038768,0.9775295163133172,7800,7877,77,0,7800,7344,850967,0,0,0,0,533
2020-08-05,US,California,Yolo,1614,42,0,38.68278902,-121.90182879999999,6113.0,731.9727891156463,2.6022304832713754,1572,1614,42,0,1572,1572,220408,0,0,0,0,42
2020-08-05,US,California,Yuba,533,4,0,39.26255932,-121.35356440000001,6115.0,677.530889306961,0.7504690431519699,529,533,4,0,529,502,78041,0,0,0,0,31
2020-08-05,US,Colorado,Adams,6248,175,0,39.87432092,-104.3362578,8001.0,1207.5273326749398,2.80089628681178,6073,6181,173,0,6008,6115,511868,67,2,0,65,66
2020-08-05,US,Colorado,Alamosa,224,9,0,37.57250606,-105.7885451,8003.0,1379.9051315222077,4.017857142857143,215,224,9,0,215,224,16683,0,0,0,0,0
2020-08-05,US,Colorado,Arapahoe,7156,364,0,39.64977461,-104.3353617,8005.0,1089.873437000259,5.086640581330352,6792,7093,364,0,6729,7023,651215,63,0,0,63,70
2020-08-05,US,Colorado,Archuleta,34,0,0,37.19474156,-107.0476867,8007.0,242.35512153396544,0.0,34,33,0,0,33,33,13765,1,0,0,1,0
2020-08-05,US,Colorado,Baca,14,0,0,37.31940883,-102.5603223,8009.0,390.9522479754258,0.0,14,14,0,0,14,14,3585,0,0,0,0,0
2020-08-05,US,Colorado,Bent,8,0,0,37.95474293,-103.0720195,8011.0,143.44629729245113,0.0,8,6,0,0,6,5,5882,2,0,0,2,1
2020-08-05,US,Colorado,Boulder,1982,75,0,40.09313619,-105.3546767,8013.0,607.610148499675,3.7840565085771942,1907,1946,75,0,1871,1927,326078,36,0,0,36,19
2020-08-05,US,Colorado,Broomfield,436,32,0,39.95998787,-105.0566324,8014.0,618.74689562194,7.339449541284404,404,421,32,0,389,417,69267,15,0,0,15,4
2020-08-05,US,Colorado,Chaffee,292,19,0,38.74745778,-106.19265729999998,8015.0,1434.4664963647085,6.506849315068492,273,292,19,0,273,287,20027,0,0,0,0,5
2020-08-05,US,Colorado,Cheyenne,8,0,0,38.82777431,-102.6032558,8017.0,436.9197160021846,0.0,8,8,0,0,8,8,1876,0,0,0,0,0
2020-08-05,US,Colorado,Clear Creek,28,1,0,39.68864463,-105.6463118,8019.0,288.659793814433,3.571428571428572,27,28,1,0,27,27,9605,0,0,0,0,1
2020-08-05,US,Colorado,Conejos,23,0,0,37.201606,-106.19174879999998,8021.0,280.31687995124923,0.0,23,23,0,0,23,23,8200,0,0,0,0,0
2020-08-05,US,Colorado,Costilla,22,0,0,37.27732493,-105.4276548,8023.0,565.9891947517366,0.0,22,22,0,0,22,22,3828,0,0,0,0,0
2020-08-05,US,Colorado,Crowley,72,1,0,38.32608609,-103.7844965,8025.0,1187.922785018974,1.3888888888888888,71,72,1,0,71,72,5858,0,0,0,0,0
2020-08-05,US,Colorado,Custer,11,0,0,38.10883162,-105.3683478,8027.0,217.04814522494078,0.0,11,11,0,0,11,10,4954,0,0,0,0,1
2020-08-05,US,Colorado,Delta,115,1,0,38.86246243,-107.8631342,8029.0,369.0392144278288,0.8695652173913043,114,115,1,0,114,110,30953,0,0,0,0,5
2020-08-05,US,Colorado,Denver,9968,412,0,39.76018276,-104.8725695,8031.0,1370.7163395493194,4.13322632423756,9556,9876,412,0,9464,9813,716492,92,0,0,92,63
2020-08-05,US,Colorado,Dolores,1,0,0,37.75208676,-108.5211585,8033.0,48.661800486618006,0.0,1,1,0,0,1,1,2074,0,0,0,0,0
2020-08-05,US,Colorado,Douglas,1689,59,0,39.33133796,-104.930001,8035.0,480.9855504992112,3.4931912374185914,1630,1670,59,0,1611,1653,342776,19,0,0,19,17
2020-08-05,US,Colorado,Eagle,1096,9,0,39.62754308,-106.6933637,8037.0,1988.136484844088,0.8211678832116789,1087,1092,9,0,1083,1069,54993,4,0,0,4,23
2020-08-05,US,Colorado,El Paso,4754,137,0,38.83240149,-104.5251411,8041.0,659.9084123747402,2.8817837610433323,4617,4663,137,0,4526,4625,713856,91,0,0,91,38
2020-08-05,US,Colorado,Elbert,97,2,0,39.28656773,-104.1358721,8039.0,362.90171723596086,2.061855670103093,95,92,2,0,90,87,26282,5,0,0,5,5
2020-08-05,US,Colorado,Fremont,117,0,0,38.47362326,-105.4399667,8043.0,244.57032964735885,0.0,117,113,0,0,113,112,48021,4,0,0,4,1
2020-08-05,US,Colorado,Garfield,742,4,0,39.59921777,-107.902708,8045.0,1235.41066582308,0.5390835579514824,738,734,4,0,730,721,59770,8,0,0,8,13
2020-08-05,US,Colorado,Gilpin,16,0,0,39.85646523,-105.5252597,8047.0,256.28704148646483,0.0,16,16,0,0,16,16,6121,0,0,0,0,0
2020-08-05,US,Colorado,Grand,44,1,0,40.10603347,-106.1178042,8049.0,279.6491674081607,2.272727272727273,43,44,1,0,43,44,15525,0,0,0,0,0
2020-08-05,US,Colorado,Gunnison,266,6,0,38.66611652,-107.0320729,8051.0,1523.307753980071,2.255639097744361,260,262,6,0,256,257,17246,4,0,0,4,5
2020-08-05,US,Colorado,Hinsdale,3,0,0,37.82247444,-107.3004345,8053.0,365.8536585365854,0.0,3,3,0,0,3,3,811,0,0,0,0,0
2020-08-05,US,Colorado,Huerfano,7,1,0,37.68473101,-104.9612585,8055.0,101.49340292880964,14.285714285714285,6,6,1,0,5,6,6889,1,0,0,1,0
2020-08-05,US,Colorado,Jackson,8,0,0,40.66593870000001,-106.3408905,8057.0,574.7126436781608,0.0,8,8,0,0,8,8,1399,0,0,0,0,0
2020-08-05,US,Colorado,Jefferson,4051,227,0,39.58635604,-105.2517692,8059.0,694.9960626611606,5.60355467785732,3824,3994,227,0,3767,3971,580233,57,0,0,57,23
2020-08-05,US,Colorado,Kit Carson,43,3,0,39.30497777,-102.6022199,8063.0,605.8898125968717,6.9767441860465125,40,43,3,0,40,43,7163,0,0,0,0,0
2020-08-05,US,Colorado,La Plata,201,2,0,37.28632032,-107.8429014,8067.0,357.51765354582807,0.9950248756218906,199,201,2,0,199,198,56310,0,0,0,0,3
2020-08-05,US,Colorado,Lake,74,0,0,39.20278823,-106.3555697,8065.0,910.5450965916084,0.0,74,73,0,0,73,73,7824,1,0,0,1,0
2020-08-05,US,Colorado,Larimer,1456,35,0,40.66671597,-105.4625784,8069.0,407.95855410074,2.4038461538461537,1421,1420,35,0,1385,1417,350518,36,0,0,36,3
2020-08-05,US,Colorado,Las Animas,15,0,0,37.3153406,-104.0376458,8071.0,103.40548738453056,0.0,15,15,0,0,15,15,14503,0,0,0,0,0
2020-08-05,US,Colorado,Lincoln,7,0,0,38.98749519,-103.5136649,8073.0,122.78547623223996,0.0,7,6,0,0,6,6,5610,1,0,0,1,0
2020-08-05,US,Colorado,Logan,649,5,0,40.7249637,-103.110817,8075.0,2896.157793743585,0.7704160246533128,644,649,5,0,644,648,21528,0,0,0,0,1
2020-08-05,US,Colorado,Mesa,280,3,0,39.01787888,-108.469799,8077.0,181.5705855651385,1.0714285714285714,277,274,3,0,271,271,153207,6,0,0,6,3
2020-08-05,US,Colorado,Mineral,18,0,0,37.66954283,-106.9281698,8079.0,2340.702210663199,0.0,18,18,0,0,18,18,776,0,0,0,0,0
2020-08-05,US,Colorado,Moffat,26,1,0,40.61810999,-108.2070876,8081.0,195.73891440186702,3.8461538461538463,25,26,1,0,25,25,13188,0,0,0,0,1
2020-08-05,US,Colorado,Montezuma,108,4,0,37.33859579,-108.5958857,8083.0,412.4813810487721,3.703703703703704,104,108,4,0,104,108,26158,0,0,0,0,0
2020-08-05,US,Colorado,Montrose,287,13,0,38.40214114,-108.26390220000002,8085.0,671.219420927078,4.529616724738676,274,287,13,0,274,283,42214,0,0,0,0,4
2020-08-05,US,Colorado,Morgan,681,46,0,40.26279810000001,-103.8093302,8087.0,2342.782441172423,6.7547723935389135,635,678,46,0,632,677,28558,3,0,0,3,1
2020-08-05,US,Colorado,Otero,65,6,0,37.9014485,-103.7173385,8089.0,355.61877667140817,9.23076923076923,59,63,6,0,57,61,18432,2,0,0,2,2
2020-08-05,US,Colorado,Ouray,12,1,0,38.14717457,-107.7675136,8091.0,242.3263327948304,8.333333333333334,11,12,1,0,11,12,4833,0,0,0,0,0
2020-08-05,US,Colorado,Park,42,1,0,39.120926,-105.7182065,8093.0,222.870788007429,2.380952380952381,41,42,1,0,41,42,18556,0,0,0,0,0
2020-08-05,US,Colorado,Phillips,19,0,0,40.59414277,-102.3577703,8095.0,445.48651817116064,0.0,19,19,0,0,19,19,4286,0,0,0,0,0
2020-08-05,US,Colorado,Pitkin,180,2,0,39.21720112,-106.9310027,8097.0,1013.1142004840434,1.1111111111111112,178,177,2,0,175,172,17950,3,0,0,3,5
2020-08-05,US,Colorado,Prowers,50,0,0,37.95544985,-102.3926052,8099.0,410.7788366743345,0.0,50,50,0,0,50,48,12164,0,0,0,0,2
2020-08-05,US,Colorado,Pueblo,645,34,0,38.17359144,-104.5127437,8101.0,382.9620481641571,5.271317829457363,611,617,34,0,583,615,167529,28,0,0,28,2
2020-08-05,US,Colorado,Rio Blanco,8,0,0,39.97913541,-108.2179009,8103.0,126.5022137887413,0.0,8,8,0,0,8,8,6336,0,0,0,0,0
2020-08-05,US,Colorado,Rio Grande,88,2,0,37.5836865,-106.3847838,8105.0,781.0419810064792,2.272727272727273,86,87,2,0,85,87,11250,1,0,0,1,0
2020-08-05,US,Colorado,Routt,110,6,0,40.48596505,-106.9905548,8107.0,429.05062797410096,5.454545454545454,104,110,6,0,104,108,25733,0,0,0,0,2
2020-08-05,US,Colorado,Saguache,106,2,0,38.08054629,-106.282466,8109.0,1553.3411488862835,1.8867924528301887,104,107,2,0,105,107,6843,-1,0,0,-1,0
2020-08-05,US,Colorado,San Juan,2,0,0,37.76248981,-107.67632890000002,8111.0,274.72527472527474,0.0,2,2,0,0,2,2,762,0,0,0,0,0
2020-08-05,US,Colorado,San Miguel,80,0,0,38.00450883,-108.4020725,8113.0,978.1146839466928,0.0,80,80,0,0,80,76,8191,0,0,0,0,4
2020-08-05,US,Colorado,Sedgwick,11,1,0,40.87595412,-102.3519227,8115.0,489.32384341637015,9.090909090909092,10,11,1,0,10,11,2303,0,0,0,0,0
2020-08-05,US,Colorado,Summit,327,4,0,39.63803232,-106.1150762,8117.0,1054.464544838928,1.2232415902140672,323,324,4,0,320,323,31007,3,0,0,3,1
2020-08-05,US,Colorado,Teller,121,3,0,38.88133511,-105.1614893,8119.0,476.6031195840554,2.479338842975207,118,117,3,0,114,113,25083,4,0,0,4,4
2020-08-05,US,Colorado,Washington,47,0,0,39.97015535,-103.202587,8121.0,957.6202118989404,0.0,47,47,0,0,47,47,4909,0,0,0,0,0
2020-08-05,US,Colorado,Weld,3617,142,0,40.55499405,-104.3929621,8123.0,1114.665384662796,3.925905446502626,3475,3580,142,0,3438,3552,314305,37,0,0,37,28
2020-08-05,US,Colorado,Yuma,63,0,0,40.00346839,-102.4258673,8125.0,628.8052699870246,0.0,63,62,0,0,62,62,10020,1,0,0,1,0
2020-08-05,US,Connecticut,Fairfield,17912,1408,0,41.26809896,-73.3881171,9001.0,1898.801270390488,7.860652076820009,16504,17876,1408,0,16468,17870,943823,36,0,0,36,6
2020-08-05,US,Connecticut,Hartford,12733,1412,0,41.80283011,-72.73103891,9003.0,1427.9145920244025,11.089295531296631,11321,12711,1412,0,11299,12701,892697,22,0,0,22,10
2020-08-05,US,Connecticut,Litchfield,1606,138,0,41.7937534,-73.2451475,9005.0,890.5746591028819,8.592777085927771,1468,1600,138,0,1462,1598,181111,6,0,0,6,2
2020-08-05,US,Connecticut,Middlesex,1396,191,0,41.45949668,-72.53714864,9007.0,859.4154005269768,13.681948424068768,1205,1391,191,0,1200,1388,162682,5,0,0,5,3
2020-08-05,US,Connecticut,New Haven,13118,1104,0,41.408032500000004,-72.93620426,9009.0,1534.7051852163834,8.41591706052752,12014,13100,1104,0,11996,13086,857620,18,0,0,18,14
2020-08-05,US,Connecticut,New London,1428,103,0,41.48896435,-72.10430976,9011.0,538.4493563494038,7.212885154061625,1325,1421,103,0,1318,1414,266784,7,0,0,7,7
2020-08-05,US,Connecticut,Tolland,1056,66,0,41.85853803,-72.3308481,9013.0,700.6322941063289,6.25,990,1053,66,0,987,1050,150921,3,0,0,3,3
2020-08-05,US,Connecticut,Unassigned,254,0,0,0.0,0.0,90009.0,0.0,0.0,254,242,0,0,242,243,,12,0,0,12,-1
2020-08-05,US,Connecticut,Windham,722,15,0,41.82972709,-71.98182316,9015.0,618.2459625627238,2.0775623268698062,707,716,15,0,701,712,117027,6,0,0,6,4
2020-08-05,US,Delaware,Kent,2238,107,0,39.08646628,-75.56884914,10001.0,1237.927715641698,4.781054512957998,2131,2226,107,0,2119,2215,178550,12,0,0,12,11
2020-08-05,US,Delaware,New Castle,7042,289,0,39.57992638,-75.64054974,10003.0,1260.3064323591998,4.1039477421187165,6753,6994,289,0,6705,6938,559335,48,0,0,48,56
2020-08-05,US,Delaware,Sussex,5778,191,0,38.66143781,-75.39031349,10005.0,2466.8587896253603,3.30564209068882,5587,5685,191,0,5494,5673,229286,93,0,0,93,12
2020-08-05,US,Delaware,Unassigned,238,0,0,0.0,0.0,90010.0,0.0,0.0,238,232,0,0,232,229,,6,0,0,6,3
2020-08-05,US,District of Columbia,District of Columbia,12443,587,0,38.90417773,-77.01655992,11001.0,1763.0914106856687,4.7175118540544885,11856,12398,587,0,11811,12313,702455,45,0,0,45,85
2020-08-05,US,Florida,Alachua,3862,25,0,29.67866525,-82.35928158,12001.0,1435.4582724694565,0.647332988089073,3837,3808,25,0,3783,3749,269956,54,0,0,54,59
2020-08-05,US,Florida,Baker,429,4,0,30.33060121,-82.28467476,12003.0,1468.675111263266,0.9324009324009324,425,423,4,0,419,403,28355,6,0,0,6,20
2020-08-05,US,Florida,Bay,3988,45,0,30.26548745,-85.62122584,12005.0,2282.705131507398,1.1283851554663993,3943,3921,37,0,3884,3701,185287,67,8,0,59,220
2020-08-05,US,Florida,Bradford,343,4,0,29.95079741,-82.16611613,12007.0,1216.2689266338073,1.1661807580174928,339,341,4,0,337,340,27732,2,0,0,2,1
2020-08-05,US,Florida,Brevard,5712,132,0,28.29409504,-80.73091022,12009.0,948.9286343202499,2.310924369747899,5580,5671,123,0,5548,5619,596849,41,9,0,32,52
2020-08-05,US,Florida,Broward,59354,783,0,26.15184651,-80.48725556,12011.0,3039.4648034748448,1.3192034235266368,58571,58953,765,0,58188,58531,1951260,401,18,0,383,422
2020-08-05,US,Florida,Calhoun,334,7,0,30.40666734,-85.19394153,12013.0,2367.9546260191423,2.0958083832335332,327,333,7,0,326,328,14587,1,0,0,1,5
2020-08-05,US,Florida,Charlotte,2104,89,0,26.90131002,-81.92949121,12015.0,1113.7578741199513,4.230038022813688,2015,2076,89,0,1987,2062,184998,28,0,0,28,14
2020-08-05,US,Florida,Citrus,1373,34,0,28.84804315,-82.47614748,12017.0,917.4311926605504,2.4763292061179905,1339,1322,34,0,1288,1299,147929,51,0,0,51,23
2020-08-05,US,Florida,Clay,3021,49,0,29.98319144,-81.85609986,12019.0,1377.8665645011222,1.6219794769943727,2972,2984,49,0,2935,2935,216072,37,0,0,37,49
2020-08-05,US,Florida,Collier,10050,129,0,26.11091986,-81.34687065,12021.0,2611.05424237858,1.2835820895522387,9921,9897,129,0,9768,9811,378488,153,0,0,153,86
2020-08-05,US,Florida,Columbia,2672,13,0,30.22509788,-82.62160164,12023.0,3727.3665708785534,0.4865269461077844,2659,2637,13,0,2624,2598,70503,35,0,0,35,39
2020-08-05,US,Florida,DeSoto,1313,16,0,27.18677893,-81.80941373,12027.0,3455.172232309676,1.2185833968012183,1297,1308,16,0,1292,1297,37489,5,0,0,5,11
2020-08-05,US,Florida,Dixie,289,4,0,29.60631086,-83.15724673,12029.0,1717.5799358136221,1.3840830449826989,285,284,4,0,280,277,16700,5,0,0,5,7
2020-08-05,US,Florida,Duval,22215,164,0,30.33225875,-81.66976468,12031.0,2319.486716331421,0.7382399279765924,22051,22034,162,0,21872,21830,950181,181,2,0,179,204
2020-08-05,US,Florida,Escambia,8367,107,0,30.67652764,-87.37284571,12033.0,2628.5200869576142,1.2788335126090593,8260,8262,101,0,8161,8125,315534,105,6,0,99,137
2020-08-05,US,Florida,Flagler,975,13,0,29.45933576,-81.31508595,12035.0,847.2293428107159,1.3333333333333333,962,961,13,0,948,945,112067,14,0,0,14,16
2020-08-05,US,Florida,Franklin,197,2,0,29.83791238,-84.82731662,12037.0,1624.7422680412371,1.0152284263959392,195,189,2,0,187,158,11736,8,0,0,8,31
2020-08-05,US,Florida,Gadsden,1614,21,0,30.57796289,-84.61915825,12039.0,3534.8226018396845,1.3011152416356877,1593,1600,21,0,1579,1576,45894,14,0,0,14,24
2020-08-05,US,Florida,Gilchrist,330,3,0,29.72856978,-82.79880657,12041.0,1775.9121730707136,0.9090909090909092,327,334,3,0,331,331,18256,-4,0,0,-4,3
2020-08-05,US,Florida,Glades,396,3,0,26.95635849,-81.18996211,12043.0,2867.279704583303,0.7575757575757576,393,392,3,0,389,392,13724,4,0,0,4,0
2020-08-05,US,Florida,Gulf,436,2,0,29.93543004,-85.24270990000002,12045.0,3196.715301708337,0.4587155963302753,434,415,2,0,413,390,16164,21,0,0,21,25
2020-08-05,US,Florida,Hamilton,595,4,0,30.49673973,-82.94998918,12047.0,4123.925700027724,0.6722689075630253,591,592,3,0,589,586,14310,3,1,0,2,6
2020-08-05,US,Florida,Hardee,866,7,0,27.49293939,-81.80956574,12049.0,3214.908861417381,0.8083140877598153,859,857,7,0,850,857,27245,9,0,0,9,0
2020-08-05,US,Florida,Hendry,1694,37,0,26.55386945,-81.16469006,12051.0,4031.221740992814,2.1841794569067297,1657,1691,37,0,1654,1667,41556,3,0,0,3,24
2020-08-05,US,Florida,Hernando,1842,38,0,28.55364461,-82.42700204,12053.0,949.8762376237623,2.0629750271444083,1804,1802,37,0,1765,1766,190865,40,1,0,39,36
2020-08-05,US,Florida,Highlands,1311,30,0,27.34254618,-81.34071957,12055.0,1234.219222187703,2.2883295194508007,1281,1296,30,0,1266,1277,105424,15,0,0,15,19
2020-08-05,US,Florida,Hillsborough,31197,377,0,27.9276559,-82.32013172,12057.0,2119.407487119285,1.2084495304035645,30820,30798,369,0,30429,30450,1436888,399,8,0,391,348
2020-08-05,US,Florida,Holmes,460,2,0,30.86747479,-85.81319222,12059.0,2344.904929397971,0.43478260869565216,458,457,2,0,455,455,19477,3,0,0,3,2
2020-08-05,US,Florida,Indian River,2385,50,0,27.69308961,-80.60556721,12061.0,1491.3427086785516,2.0964360587002098,2335,2369,50,0,2319,2340,157413,16,0,0,16,29
2020-08-05,US,Florida,Jackson,1745,35,0,30.795459700000002,-85.21500423,12063.0,3759.641487482225,2.005730659025788,1710,1643,33,0,1610,1618,48305,102,2,0,100,25
2020-08-05,US,Florida,Jefferson,433,5,0,30.43669112,-83.89442308,12065.0,3039.4496700828304,1.1547344110854505,428,417,5,0,412,363,14288,16,0,0,16,54
2020-08-05,US,Florida,Lafayette,113,1,0,29.98484137,-83.18166636,12067.0,1341.724056043695,0.8849557522123894,112,113,1,0,112,113,8732,0,0,0,0,0
2020-08-05,US,Florida,Lake,4794,59,0,28.76202069,-81.7125123,12069.0,1305.8471663062014,1.2307050479766375,4735,4769,52,0,4717,4708,356495,25,7,0,18,61
2020-08-05,US,Florida,Lee,15961,317,0,26.58410348,-81.88399313,12071.0,2071.305009103568,1.9860910970490568,15644,15874,312,0,15562,15799,754610,87,5,0,82,75
2020-08-05,US,Florida,Leon,4537,21,0,30.45955727,-84.27491114,12073.0,1545.3944724131588,0.4628609213136434,4516,4489,15,0,4474,4448,292502,48,6,0,42,41
2020-08-05,US,Florida,Levy,632,4,0,29.31829741,-82.74007147,12075.0,1522.7814856757345,0.6329113924050633,628,627,4,0,623,618,40770,5,0,0,5,9
2020-08-05,US,Florida,Liberty,393,2,0,30.23766008,-84.8829258,12077.0,4704.333253531243,0.5089058524173028,391,418,2,0,416,412,8457,-25,0,0,-25,6
2020-08-05,US,Florida,Madison,663,8,0,30.44396917,-83.47398594,12079.0,3585.1403233655988,1.2066365007541475,655,661,8,0,653,655,18529,2,0,0,2,6
2020-08-05,US,Florida,Manatee,8938,188,0,27.47196942,-82.31831044,12081.0,2216.4745209583066,2.1033788319534565,8750,8887,187,0,8700,8825,394855,51,1,0,50,62
2020-08-05,US,Florida,Marion,5543,76,0,29.21227113,-82.05803627,12083.0,1516.2249472754181,1.3710986830236334,5467,5434,76,0,5358,5286,359977,109,0,0,109,148
2020-08-05,US,Florida,Martin,3689,84,0,27.0772071,-80.43109784,12085.0,2291.304347826087,2.2770398481973437,3605,3658,80,0,3578,3644,160912,31,4,0,27,14
2020-08-05,US,Florida,Miami-Dade,125949,1775,0,25.6112362,-80.55170587,12086.0,4635.693095909369,1.4093005899213171,124174,124759,1724,0,123035,123644,2761581,1190,51,0,1139,1115
2020-08-05,US,Florida,Monroe,1404,13,0,25.20904673,-81.07812416,12087.0,1891.4695263242984,0.925925925925926,1391,1389,13,0,1376,1379,75027,15,0,0,15,10
2020-08-05,US,Florida,Nassau,1155,11,0,30.61037141,-81.80297522,12089.0,1303.244005641749,0.9523809523809524,1144,1138,11,0,1127,1121,85832,17,0,0,17,17
2020-08-05,US,Florida,Okaloosa,3160,34,0,30.69143028,-86.59267105,12091.0,1499.4922605320346,1.0759493670886076,3126,3106,34,0,3072,3031,207269,54,0,0,54,75
2020-08-05,US,Florida,Okeechobee,975,6,0,27.386336199999995,-80.88944347,12093.0,2312.179852020489,0.6153846153846154,969,967,6,0,961,958,41537,8,0,0,8,9
2020-08-05,US,Florida,Orange,30425,250,0,28.51367621,-81.31799498,12095.0,2183.426483294724,0.8216926869350862,30175,30140,241,0,29899,29927,1380645,285,9,0,276,213
2020-08-05,US,Florida,Osceola,9156,94,0,28.06312234,-81.14882926,12097.0,2436.720061955923,1.0266491917868064,9062,9018,88,0,8930,8894,367990,138,6,0,132,124
2020-08-05,US,Florida,Palm Beach,35283,882,0,26.64676272,-80.46536002,12099.0,2357.276000988796,2.499787433041408,34401,34929,861,0,34068,34550,1485941,354,21,0,333,379
2020-08-05,US,Florida,Pasco,6708,104,0,28.30810945,-82.40227529,12101.0,1210.9461735508992,1.5503875968992251,6604,6636,101,0,6535,6548,539630,72,3,0,69,88
2020-08-05,US,Florida,Pinellas,17202,467,0,27.93130349,-82.72239666,12103.0,1764.314930522792,2.7148006045808626,16735,17047,460,0,16587,16886,975280,155,7,0,148,161
2020-08-05,US,Florida,Polk,13419,298,0,27.95027105,-81.69732947,12105.0,1851.4660371396994,2.220731798196587,13121,13231,286,0,12945,13137,708009,188,12,0,176,94
2020-08-05,US,Florida,Putnam,1422,22,0,29.60779729,-81.74230285,12107.0,1908.1869540129626,1.5471167369901546,1400,1397,20,0,1377,1379,74163,25,2,0,23,18
2020-08-05,US,Florida,Santa Rosa,3610,32,0,30.69341450000001,-87.02458128,12113.0,1958.624730756919,0.8864265927977839,3578,3552,30,0,3522,3484,179349,58,2,0,56,68
2020-08-05,US,Florida,Sarasota,5940,129,0,27.18546175,-82.33174248,12115.0,1369.4777079461985,2.171717171717172,5811,5854,128,0,5726,5814,426718,86,1,0,85,40
2020-08-05,US,Florida,Seminole,6826,105,0,28.7158582,-81.24060348,12117.0,1446.7197653372214,1.5382361558745972,6721,6760,89,0,6671,6687,467832,66,16,0,50,73
2020-08-05,US,Florida,St. Johns,3450,31,0,29.90096506,-81.43589967,12109.0,1303.500181356547,0.8985507246376812,3419,3422,30,0,3392,3362,254261,28,1,0,27,60
2020-08-05,US,Florida,St. Lucie,5396,141,0,27.37763908,-80.47106649,12111.0,1643.6336609838042,2.6130467012601932,5255,5329,130,0,5199,5256,321128,67,11,0,56,73
2020-08-05,US,Florida,Sumter,1180,40,0,28.70181754,-82.0794267,12119.0,891.1040628303882,3.3898305084745757,1140,1163,38,0,1125,1142,128754,17,2,0,15,21
2020-08-05,US,Florida,Suwannee,1224,38,0,30.19746066,-82.99099670000003,12121.0,2755.701645766261,3.1045751633986933,1186,1203,37,0,1166,1190,44191,21,1,0,20,13
2020-08-05,US,Florida,Taylor,768,4,0,30.04848048,-83.60445406,12123.0,3560.6657703185133,0.5208333333333334,764,551,4,0,547,396,21623,217,0,0,217,155
2020-08-05,US,Florida,Unassigned,639,0,0,0.0,0.0,90012.0,0.0,0.0,639,638,0,0,638,631,,1,0,0,1,7
2020-08-05,US,Florida,Union,259,4,0,30.04412971,-82.37497443,12125.0,1699.8096738203058,1.5444015444015444,255,227,4,0,223,225,14940,32,0,0,32,2
2020-08-05,US,Florida,Volusia,7372,121,0,29.05858895,-81.18263252,12127.0,1332.4079496244244,1.641345632121541,7251,7288,118,0,7170,7194,547538,84,3,0,81,94
2020-08-05,US,Florida,Wakulla,635,4,0,30.16548905,-84.39895211,12129.0,1882.094905006076,0.6299212598425197,631,627,4,0,623,612,32461,8,0,0,8,15
2020-08-05,US,Florida,Walton,1301,14,0,30.64204028,-86.16935664,12131.0,1756.4228915499993,1.0760953112990008,1287,1286,14,0,1272,1256,71375,15,0,0,15,30
2020-08-05,US,Florida,Washington,716,14,0,30.61359259,-85.66002461,12133.0,2810.819298865465,1.9553072625698324,702,676,15,0,661,597,24880,40,-1,0,41,79
2020-08-05,US,Georgia,Appling,615,19,0,31.74847232,-82.28909114,13001.0,3344.936364625258,3.089430894308943,596,601,17,0,584,602,18507,14,2,0,12,-1
2020-08-05,US,Georgia,Atkinson,301,2,0,31.29633502,-82.87545866,13003.0,3686.466625842008,0.6644518272425249,299,301,2,0,299,296,8297,0,0,0,0,5
2020-08-05,US,Georgia,Bacon,420,6,0,31.55456473,-82.45936528,13005.0,3762.0924399856676,1.4285714285714286,414,419,6,0,413,415,11185,1,0,0,1,4
2020-08-05,US,Georgia,Baker,62,3,0,31.32669878,-84.44218806,13007.0,2040.8163265306125,4.838709677419356,59,62,3,0,59,58,3092,0,0,0,0,4
2020-08-05,US,Georgia,Baldwin,988,38,0,33.06882326,-83.24701748,13009.0,2200.935620405436,3.8461538461538463,950,978,38,0,940,972,44823,10,0,0,10,6
2020-08-05,US,Georgia,Banks,247,3,0,34.35607081,-83.49644388,13011.0,1284.1842570448164,1.214574898785425,244,246,3,0,243,244,18988,1,0,0,1,2
2020-08-05,US,Georgia,Barrow,1180,32,0,33.99148694,-83.71436292,13013.0,1417.5876982220084,2.7118644067796613,1148,1152,32,0,1120,1127,80809,28,0,0,28,25
2020-08-05,US,Georgia,Bartow,1735,61,0,34.23732119,-84.83887523,13015.0,1610.38816387904,3.515850144092219,1674,1675,61,0,1614,1618,106408,60,0,0,60,57
2020-08-05,US,Georgia,Ben Hill,371,3,0,31.76095874,-83.22145359,13017.0,2221.556886227545,0.8086253369272237,368,361,3,0,358,351,16787,10,0,0,10,10
2020-08-05,US,Georgia,Berrien,262,0,0,31.27590016,-83.22529920000002,13019.0,1350.7243388152808,0.0,262,265,0,0,265,263,19252,-3,0,0,-3,2
2020-08-05,US,Georgia,Bibb,3353,65,0,32.80904227,-83.70489165,13021.0,2189.2281877003643,1.938562481359976,3288,3265,62,0,3203,3214,153095,88,3,0,85,51
2020-08-05,US,Georgia,Bleckley,162,5,0,32.43829035,-83.33035166,13023.0,1258.447914239105,3.08641975308642,157,150,5,0,145,133,12838,12,0,0,12,17
2020-08-05,US,Georgia,Brantley,237,4,0,31.19576557,-81.97743999,13025.0,1240.253283792977,1.6877637130801688,233,232,4,0,228,228,18897,5,0,0,5,4
2020-08-05,US,Georgia,Brooks,387,17,0,30.83922642,-83.58303423,13027.0,2503.719997412176,4.3927648578811365,370,375,17,0,358,374,15513,12,0,0,12,1
2020-08-05,US,Georgia,Bryan,601,8,0,32.00979311,-81.44002948,13029.0,1516.6426931132817,1.3311148086522462,593,579,8,0,571,566,38109,22,0,0,22,13
2020-08-05,US,Georgia,Bulloch,1137,14,0,32.39577406,-81.74811421,13031.0,1428.248417244498,1.2313104661389622,1123,1123,13,0,1110,1112,77296,14,1,0,13,11
2020-08-05,US,Georgia,Burke,427,7,0,33.05917989,-81.99928721,13033.0,1907.6978063709064,1.639344262295082,420,424,7,0,417,415,22423,3,0,0,3,9
2020-08-05,US,Georgia,Butts,469,37,0,33.283094500000004,-83.95435040000002,13035.0,1880.8148861084376,7.889125799573561,432,468,37,0,431,466,24193,1,0,0,1,2
2020-08-05,US,Georgia,Calhoun,199,6,0,31.53169785,-84.62725131,13037.0,3215.3821295847465,3.0150753768844223,193,195,6,0,189,194,6352,4,0,0,4,1
2020-08-05,US,Georgia,Camden,708,4,0,30.92951916,-81.66601818,13039.0,1295.1377455822633,0.5649717514124294,704,696,4,0,692,689,53677,12,0,0,12,7
2020-08-05,US,Georgia,Candler,233,4,0,32.40209349,-82.07702563,13043.0,2156.8082939924093,1.7167381974248928,229,232,4,0,228,229,10836,1,0,0,1,3
2020-08-05,US,Georgia,Carroll,1779,47,0,33.58138199,-85.07976677,13045.0,1482.5988399226615,2.6419336706014613,1732,1760,47,0,1713,1756,118121,19,0,0,19,4
2020-08-05,US,Georgia,Catoosa,587,9,0,34.89872298,-85.13757014,13047.0,868.6001775673276,1.5332197614991483,578,572,9,0,563,546,67420,15,0,0,15,26
2020-08-05,US,Georgia,Charlton,401,3,0,30.78371028,-82.13951596,13049.0,2994.3249701314217,0.7481296758104738,398,391,3,0,388,389,12968,10,0,0,10,2
2020-08-05,US,Georgia,Chatham,5360,73,0,32.00043026,-81.12489526,13051.0,1851.9158345713986,1.361940298507463,5287,5210,66,0,5144,5051,289195,150,7,0,143,159
2020-08-05,US,Georgia,Chattahoochee,696,1,0,32.34341231,-84.78809239,13053.0,6381.223067754653,0.14367816091954022,695,665,1,0,664,665,10684,31,0,0,31,0
2020-08-05,US,Georgia,Chattooga,212,2,0,34.47197698,-85.34535662,13055.0,855.2180402597928,0.9433962264150944,210,199,2,0,197,198,24790,13,0,0,13,1
2020-08-05,US,Georgia,Cherokee,3085,57,0,34.24393976,-84.47431861,13057.0,1192.1645612177467,1.8476499189627231,3028,2976,57,0,2919,2885,254149,109,0,0,109,91
2020-08-05,US,Georgia,Clarke,1863,17,0,33.95436462,-83.37124007,13059.0,1451.7147065011573,0.9125067096081588,1846,1794,17,0,1777,1741,127330,69,0,0,69,53
2020-08-05,US,Georgia,Clay,85,2,0,31.62221166,-84.97713865,13061.0,2999.294283697953,2.3529411764705883,83,85,2,0,83,80,2887,0,0,0,0,5
2020-08-05,US,Georgia,Clayton,4716,102,0,33.54187245,-84.35594188,13063.0,1613.6537829847805,2.1628498727735366,4614,4626,102,0,4524,4557,289615,90,0,0,90,69
2020-08-05,US,Georgia,Clinch,180,4,0,30.91395822,-82.70432472,13065.0,2719.8549410698097,2.2222222222222223,176,176,4,0,172,176,6648,4,0,0,4,0
2020-08-05,US,Georgia,Cobb,12489,310,0,33.94243204,-84.5761255,13067.0,1642.9846567939373,2.482184322203539,12179,12135,304,0,11831,11844,756865,354,6,0,348,291
2020-08-05,US,Georgia,Coffee,1394,25,0,31.54892966,-82.85492059999999,13069.0,3221.4082684352834,1.793400286944046,1369,1370,25,0,1345,1347,43093,24,0,0,24,23
2020-08-05,US,Georgia,Colquitt,1519,22,0,31.18810588,-83.7677946,13071.0,3331.140350877193,1.4483212639894667,1497,1503,22,0,1481,1481,45592,16,0,0,16,22
2020-08-05,US,Georgia,Columbia,2050,21,0,33.54534185,-82.263524,13073.0,1308.1154204474392,1.024390243902439,2029,2008,21,0,1987,1969,154291,42,0,0,42,39
2020-08-05,US,Georgia,Cook,416,6,0,31.16068491,-83.42947229,13075.0,2408.8013896931093,1.4423076923076923,410,409,6,0,403,405,17162,7,0,0,7,4
2020-08-05,US,Georgia,Coweta,1404,22,0,33.35334302,-84.76129976,13077.0,945.3972486515967,1.566951566951567,1382,1373,22,0,1351,1359,145864,31,0,0,31,14
2020-08-05,US,Georgia,Crawford,98,0,0,32.71391813,-83.98061238,13079.0,790.0677200902934,0.0,98,90,0,0,90,89,12318,8,0,0,8,1
2020-08-05,US,Georgia,Crisp,366,14,0,31.92289565,-83.76811843,13081.0,1635.9735383515106,3.8251366120218577,352,364,14,0,350,363,22601,2,0,0,2,1
2020-08-05,US,Georgia,Dade,119,1,0,34.854916700000004,-85.50490424,13083.0,738.3966244725739,0.8403361344537815,118,114,1,0,113,111,16226,5,0,0,5,3
2020-08-05,US,Georgia,Dawson,329,3,0,34.44244079,-84.16964071,13085.0,1260.1501455492564,0.9118541033434652,326,318,3,0,315,301,25083,11,0,0,11,17
2020-08-05,US,Georgia,DeKalb,12998,231,0,33.76944049,-84.22396017,13089.0,1711.8466160145504,1.7771964917679643,12767,12760,229,0,12531,12604,756558,238,2,0,236,156
2020-08-05,US,Georgia,Decatur,711,10,0,30.87967778,-84.57619536,13087.0,2692.7738221481595,1.4064697609001406,701,691,8,0,683,677,26575,20,2,0,18,14
2020-08-05,US,Georgia,Dodge,200,3,0,32.17265114,-83.16948926,13091.0,970.638194612958,1.5,197,189,3,0,186,189,20705,11,0,0,11,0
2020-08-05,US,Georgia,Dooly,244,14,0,32.15630737,-83.79746561,13093.0,1822.255414488424,5.737704918032787,230,242,14,0,228,242,13706,2,0,0,2,0
2020-08-05,US,Georgia,Dougherty,2652,169,0,31.53328528,-84.21722377,13095.0,3015.1439356041656,6.372549019607844,2483,2631,169,0,2462,2621,91243,21,0,0,21,10
2020-08-05,US,Georgia,Douglas,2464,50,0,33.70291126,-84.77026156,13097.0,1683.715654318963,2.029220779220779,2414,2400,50,0,2350,2331,145331,64,0,0,64,69
2020-08-05,US,Georgia,Early,352,31,0,31.32155345,-84.90255207,13099.0,3454.367026496565,8.806818181818182,321,349,31,0,318,346,10247,3,0,0,3,3
2020-08-05,US,Georgia,Echols,216,2,0,30.71101099,-82.89687287,13101.0,5391.912131802296,0.925925925925926,214,215,2,0,213,218,4000,1,0,0,1,-3
2020-08-05,US,Georgia,Effingham,672,1,0,32.36616021,-81.34280942,13103.0,1045.1661067562522,0.1488095238095238,671,657,1,0,656,651,62190,15,0,0,15,6
2020-08-05,US,Georgia,Elbert,334,1,0,34.11302332,-82.83936148,13105.0,1740.1271230592893,0.2994011976047904,333,326,1,0,325,324,19120,8,0,0,8,2
2020-08-05,US,Georgia,Emanuel,450,8,0,32.59221302,-82.30239915,13107.0,1987.105890665018,1.7777777777777777,442,444,8,0,436,426,22612,6,0,0,6,18
2020-08-05,US,Georgia,Evans,236,1,0,32.15328841,-81.8870105,13109.0,2215.1304674300727,0.42372881355932196,235,228,1,0,227,227,10721,8,0,0,8,1
2020-08-05,US,Georgia,Fannin,300,3,0,34.86430205,-84.316964,13111.0,1145.5628532152134,1.0,297,290,3,0,287,284,25964,10,0,0,10,6
2020-08-05,US,Georgia,Fayette,1028,25,0,33.41357794,-84.49089434,13113.0,898.4364758217461,2.4319066147859916,1003,994,25,0,969,980,113459,34,0,0,34,14
2020-08-05,US,Georgia,Floyd,1353,16,0,34.26268279,-85.21577392,13115.0,1373.6319519178055,1.1825572801182558,1337,1307,15,0,1292,1283,97927,46,1,0,45,24
2020-08-05,US,Georgia,Forsyth,2035,22,0,34.22604035,-84.12315129999998,13117.0,833.1559209341173,1.0810810810810811,2013,1984,22,0,1962,1942,236612,51,0,0,51,42
2020-08-05,US,Georgia,Franklin,385,5,0,34.37525597,-83.23159927,13119.0,1648.8928862049765,1.2987012987012987,380,381,5,0,376,375,23023,4,0,0,4,6
2020-08-05,US,Georgia,Fulton,18996,407,0,33.79216944,-84.46319413,13121.0,1785.444062947336,2.142556327647926,18589,18566,406,0,18160,18224,1050114,430,1,0,429,342
2020-08-05,US,Georgia,Gilmer,553,4,0,34.69316688,-84.45802506,13123.0,1762.8869265835697,0.7233273056057866,549,526,4,0,522,518,30816,27,0,0,27,8
2020-08-05,US,Georgia,Glascock,24,0,0,33.22879932,-82.61297636,13125.0,807.8088185796028,0.0,24,23,0,0,23,23,2995,1,0,0,1,0
2020-08-05,US,Georgia,Glynn,2392,42,0,31.23279254,-81.53811412,13127.0,2804.483421657365,1.7558528428093645,2350,2359,38,0,2321,2330,85219,33,4,0,29,29
2020-08-05,US,Georgia,Gordon,1083,23,0,34.50487351,-84.87296253,13129.0,1868.433310905233,2.123730378578024,1060,1039,23,0,1016,1026,57685,44,0,0,44,13
2020-08-05,US,Georgia,Grady,439,5,0,30.87454847,-84.23418364,13131.0,1782.1621402184064,1.1389521640091116,434,425,5,0,420,419,24748,14,0,0,14,6
2020-08-05,US,Georgia,Greene,283,11,0,33.5769205,-83.17139104,13133.0,1544.4226151495307,3.886925795053004,272,262,11,0,251,254,17698,21,0,0,21,8
2020-08-05,US,Georgia,Gwinnett,18550,241,0,33.96044201,-84.02137802,13135.0,1981.3084112149534,1.2991913746630728,18309,18201,240,0,17961,17927,927781,349,1,0,348,274
2020-08-05,US,Georgia,Habersham,1089,48,0,34.63331566,-83.53094677,13137.0,2402.4885280621247,4.40771349862259,1041,1057,48,0,1009,1048,45388,32,0,0,32,9
2020-08-05,US,Georgia,Hall,5759,86,0,34.32207823,-83.81896936,13139.0,2816.9496333905627,1.4933148115992358,5673,5657,86,0,5571,5547,202148,102,0,0,102,110
2020-08-05,US,Georgia,Hancock,294,34,0,33.2721566,-82.99766919,13141.0,3476.410074494501,11.564625850340136,260,290,34,0,256,283,8348,4,0,0,4,7
2020-08-05,US,Georgia,Haralson,201,6,0,33.79602175,-85.21005667,13143.0,674.6777658431794,2.985074626865672,195,199,6,0,193,196,29533,2,0,0,2,3
2020-08-05,US,Georgia,Harris,628,16,0,32.73709786,-84.90538572,13145.0,1782.2681348620727,2.5477707006369426,612,626,16,0,610,624,34475,2,0,0,2,2
2020-08-05,US,Georgia,Hart,277,4,0,34.34626973,-82.96567682,13147.0,1057.0501812631176,1.444043321299639,273,272,4,0,268,269,26099,5,0,0,5,3
2020-08-05,US,Georgia,Heard,136,4,0,33.29686567,-85.12886832,13149.0,1140.652520338841,2.9411764705882355,132,134,4,0,130,131,11879,2,0,0,2,3
2020-08-05,US,Georgia,Henry,3138,44,0,33.4533428,-84.14814659999998,13151.0,1337.8183073912544,1.4021669853409815,3094,3055,44,0,3011,3019,230220,83,0,0,83,36
2020-08-05,US,Georgia,Houston,1847,50,0,32.45802497,-83.66879087,13153.0,1170.001837035911,2.7070925825663243,1797,1817,51,0,1766,1802,155469,30,-1,0,31,15
2020-08-05,US,Georgia,Irwin,157,1,0,31.60213036,-83.27501387,13155.0,1667.374681393373,0.6369426751592356,156,157,1,0,156,157,9398,0,0,0,0,0
2020-08-05,US,Georgia,Jackson,1000,13,0,34.13794553,-83.56814788,13157.0,1370.2947504008114,1.3,987,972,13,0,959,958,70422,28,0,0,28,14
2020-08-05,US,Georgia,Jasper,135,1,0,33.31535543,-83.68844964,13159.0,949.4338561080244,0.7407407407407407,134,129,1,0,128,126,14040,6,0,0,6,3
2020-08-05,US,Georgia,Jeff Davis,415,7,0,31.80405727,-82.63724870000001,13161.0,2745.616936817731,1.686746987951807,408,404,7,0,397,404,15029,11,0,0,11,0
2020-08-05,US,Georgia,Jefferson,460,7,0,33.05867328,-82.41609057,13163.0,2994.401770602786,1.5217391304347827,453,458,7,0,451,449,15430,2,0,0,2,9
2020-08-05,US,Georgia,Jenkins,235,24,0,32.79248718,-81.96040187,13165.0,2708.6214845550944,10.212765957446807,211,231,22,0,209,230,8683,4,2,0,2,1
2020-08-05,US,Georgia,Johnson,232,11,0,32.70211082,-82.66166794,13167.0,2405.890283106917,4.741379310344827,221,232,11,0,221,227,9708,0,0,0,0,5
2020-08-05,US,Georgia,Jones,282,3,0,33.02512137,-83.56019163,13169.0,981.3815903949887,1.0638297872340423,279,275,3,0,272,270,28616,7,0,0,7,5
2020-08-05,US,Georgia,Lamar,252,10,0,33.07841647,-84.14263877,13171.0,1320.9624154741314,3.968253968253968,242,239,10,0,229,237,19000,13,0,0,13,2
2020-08-05,US,Georgia,Lanier,210,4,0,31.03828570000001,-83.06472457,13173.0,2014.7750167897918,1.9047619047619049,206,210,4,0,206,215,10340,0,0,0,0,-5
2020-08-05,US,Georgia,Laurens,785,6,0,32.46325233,-82.92221316,13175.0,1651.032684137467,0.7643312101910829,779,774,5,0,769,762,47325,11,1,0,10,12
2020-08-05,US,Georgia,Lee,526,22,0,31.779330600000005,-84.14324253,13177.0,1753.8010136036276,4.182509505703422,504,522,22,0,500,520,29764,4,0,0,4,2
2020-08-05,US,Georgia,Liberty,659,3,0,31.82588896,-81.49251135,13179.0,1072.6784406283064,0.4552352048558422,656,643,2,0,641,624,61497,16,1,0,15,19
2020-08-05,US,Georgia,Lincoln,130,4,0,33.79201475,-82.45024131,13181.0,1641.2069183183942,3.0769230769230766,126,129,4,0,125,129,7915,1,0,0,1,0
2020-08-05,US,Georgia,Long,114,1,0,31.75218791,-81.74952375,13183.0,582.8518840431515,0.8771929824561403,113,126,1,0,125,124,18998,-12,0,0,-12,2
2020-08-05,US,Georgia,Lowndes,3032,34,0,30.83568832,-83.27056716,13185.0,2582.4915251350017,1.121372031662269,2998,3007,34,0,2973,2985,116321,25,0,0,25,22
2020-08-05,US,Georgia,Lumpkin,316,6,0,34.57286511,-84.00425681,13187.0,940.1963701279384,1.8987341772151896,310,309,6,0,303,302,32955,7,0,0,7,7
2020-08-05,US,Georgia,Macon,175,10,0,32.35207048,-84.04234127,13193.0,1351.6644782575113,5.7142857142857135,165,174,10,0,164,175,13143,1,0,0,1,-1
2020-08-05,US,Georgia,Madison,368,5,0,34.12920917,-83.21218732,13195.0,1231.5930388219545,1.358695652173913,363,356,4,0,352,341,29650,12,1,0,11,15
2020-08-05,US,Georgia,Marion,145,4,0,32.3483402,-84.52733571,13197.0,1734.65725565259,2.7586206896551726,141,145,4,0,141,145,8351,0,0,0,0,0
2020-08-05,US,Georgia,McDuffie,306,10,0,33.47851918,-82.48252774,13189.0,1435.8108108108108,3.2679738562091503,296,301,10,0,291,296,21531,5,0,0,5,5
2020-08-05,US,Georgia,McIntosh,164,2,0,31.49683595,-81.40163426,13191.0,1140.6315203783556,1.2195121951219512,162,161,2,0,159,157,14340,3,0,0,3,4
2020-08-05,US,Georgia,Meriwether,367,6,0,33.04163534,-84.68859732,13199.0,1733.8309632919168,1.6348773841961852,361,358,6,0,352,358,21068,9,0,0,9,0
2020-08-05,US,Georgia,Miller,132,0,0,31.16568912,-84.73151117,13201.0,2308.4994753410283,0.0,132,131,0,0,131,129,5686,1,0,0,1,2
2020-08-05,US,Georgia,Mitchell,633,41,0,31.22483255,-84.19381821,13205.0,2895.3025659790515,6.477093206951027,592,631,41,0,590,617,22192,2,0,0,2,14
2020-08-05,US,Georgia,Monroe,440,25,0,33.014289,-83.92097166,13207.0,1595.4746537094784,5.6818181818181825,415,433,23,0,410,428,27520,7,2,0,5,5
2020-08-05,US,Georgia,Montgomery,143,1,0,32.17201038,-82.53527476,13209.0,1559.0928914086346,0.6993006993006993,142,135,1,0,134,138,9193,8,0,0,8,-3
2020-08-05,US,Georgia,Morgan,236,0,0,33.59232073,-83.49129491,13211.0,1224.3203984229096,0.0,236,231,0,0,231,226,18853,5,0,0,5,5
2020-08-05,US,Georgia,Murray,556,2,0,34.78897608,-84.74993177,13213.0,1386.6719872306464,0.3597122302158273,554,549,2,0,547,538,39921,7,0,0,7,11
2020-08-05,US,Georgia,Muscogee,4455,89,0,32.50931999,-84.87142262,13215.0,2275.6411893609306,1.9977553310886644,4366,4390,83,0,4307,4368,194160,65,6,0,59,22
2020-08-05,US,Georgia,Newton,1688,37,0,33.55514538,-83.84547140000002,13217.0,1510.5956471935856,2.191943127962085,1651,1645,36,0,1609,1618,109541,43,1,0,42,27
2020-08-05,US,Georgia,Oconee,413,15,0,33.83749973,-83.43679568,13219.0,1025.3227408143,3.6319612590799033,398,401,15,0,386,396,39272,12,0,0,12,5
2020-08-05,US,Georgia,Oglethorpe,198,7,0,33.878629600000004,-83.08278123,13221.0,1297.594862048627,3.5353535353535355,191,190,7,0,183,189,15054,8,0,0,8,1
2020-08-05,US,Georgia,Out of GA,15318,85,0,0.0,0.0,80013.0,0.0,0.5549027288157723,15233,15486,86,0,15400,15925,,-168,-1,0,-167,-439
2020-08-05,US,Georgia,Paulding,1538,21,0,33.91969522,-84.86848792,13223.0,911.8559054231116,1.365409622886866,1517,1495,19,0,1476,1452,164044,43,2,0,41,43
2020-08-05,US,Georgia,Peach,351,12,0,32.56934316,-83.82937,13225.0,1274.2321934219126,3.418803418803418,339,336,12,0,324,334,27297,15,0,0,15,2
2020-08-05,US,Georgia,Pickens,335,5,0,34.46589159,-84.46406611,13227.0,1027.89113558958,1.492537313432836,330,321,5,0,316,295,31980,14,0,0,14,26
2020-08-05,US,Georgia,Pierce,386,6,0,31.35928155,-82.21598442,13229.0,1983.0464937066529,1.5544041450777202,380,382,6,0,376,380,19389,4,0,0,4,2
2020-08-05,US,Georgia,Pike,198,4,0,33.09310242,-84.38790389,13231.0,1044.1936504588125,2.0202020202020203,194,196,4,0,192,195,18634,2,0,0,2,1
2020-08-05,US,Georgia,Polk,714,11,0,34.00267074,-85.18677781,13233.0,1675.545021472321,1.5406162464985995,703,690,9,0,681,682,42470,24,2,0,22,8
2020-08-05,US,Georgia,Pulaski,90,2,0,32.23334561,-83.47549959999998,13235.0,808.1170871868545,2.2222222222222223,88,87,2,0,85,88,11069,3,0,0,3,-1
2020-08-05,US,Georgia,Putnam,393,17,0,33.32056115,-83.37552891,13237.0,1776.7530177675305,4.325699745547073,376,384,17,0,367,384,21809,9,0,0,9,0
2020-08-05,US,Georgia,Quitman,29,1,0,31.86728114,-85.01773177,13239.0,1261.418007829491,3.4482758620689653,28,29,1,0,28,29,2279,0,0,0,0,0
2020-08-05,US,Georgia,Rabun,200,3,0,34.88389445,-83.40304637,13241.0,1167.0654140164556,1.5,197,198,3,0,195,193,16867,2,0,0,2,5
2020-08-05,US,Georgia,Randolph,266,26,0,31.76622818,-84.75732369,13243.0,3924.461493065801,9.774436090225564,240,261,26,0,235,261,6833,5,0,0,5,0
2020-08-05,US,Georgia,Richmond,3921,87,0,33.35777107,-82.07026432,13245.0,1936.1241963677305,2.218821729150727,3834,3840,84,0,3756,3786,201554,81,3,0,78,54
2020-08-05,US,Georgia,Rockdale,1221,16,0,33.65145002,-84.02202167,13247.0,1343.2934342545327,1.3104013104013104,1205,1198,16,0,1182,1176,90594,23,0,0,23,22
2020-08-05,US,Georgia,Schley,56,1,0,32.2654021,-84.31258912,13249.0,1065.2463382157125,1.7857142857142858,55,55,1,0,54,55,5236,1,0,0,1,0
2020-08-05,US,Georgia,Screven,182,9,0,32.74976524,-81.60779441,13251.0,1303.164828870113,4.945054945054945,173,178,9,0,169,175,13938,4,0,0,4,3
2020-08-05,US,Georgia,Seminole,170,4,0,30.93464824,-84.86823924,13253.0,2101.359703337453,2.3529411764705883,166,162,2,0,160,145,8315,8,2,0,6,17
2020-08-05,US,Georgia,Spalding,884,40,0,33.26310031,-84.28013991,13255.0,1325.277723640616,4.524886877828054,844,876,40,0,836,868,66100,8,0,0,8,8
2020-08-05,US,Georgia,Stephens,579,11,0,34.55151201,-83.29405315,13257.0,2233.3654773384765,1.8998272884283247,568,566,10,0,556,561,26035,13,1,0,12,5
2020-08-05,US,Georgia,Stewart,253,5,0,32.07996777,-84.83208037,13259.0,3821.175049086241,1.9762845849802368,248,251,5,0,246,250,6199,2,0,0,2,1
2020-08-05,US,Georgia,Sumter,741,56,0,32.03650571,-84.19821492,13261.0,2509.822517274082,7.557354925775979,685,740,56,0,684,732,29733,1,0,0,1,8
2020-08-05,US,Georgia,Talbot,129,3,0,32.69642758,-84.53351366,13263.0,2082.3244552058113,2.3255813953488373,126,129,3,0,126,128,6272,0,0,0,0,1
2020-08-05,US,Georgia,Taliaferro,12,0,0,33.56543317,-82.88136816,13265.0,780.7417046193884,0.0,12,12,0,0,12,13,1608,0,0,0,0,-1
2020-08-05,US,Georgia,Tattnall,458,1,0,32.04785085,-82.05539188,13267.0,1811.2789685992248,0.2183406113537118,457,433,1,0,432,425,25391,25,0,0,25,8
2020-08-05,US,Georgia,Taylor,78,2,0,32.55792548,-84.25077141,13269.0,972.568578553616,2.5641025641025643,76,74,2,0,72,71,8039,4,0,0,4,3
2020-08-05,US,Georgia,Telfair,263,7,0,31.92829517,-82.93491155,13271.0,1658.2597730138714,2.661596958174905,256,256,7,0,249,254,15876,7,0,0,7,2
2020-08-05,US,Georgia,Terrell,296,30,0,31.77527543,-84.44069698,13273.0,3469.698745750791,10.135135135135137,266,293,30,0,263,292,8611,3,0,0,3,1
2020-08-05,US,Georgia,Thomas,1035,40,0,30.86392347,-83.91847289,13275.0,2328.406560032395,3.864734299516908,995,1021,40,0,981,999,44448,14,0,0,14,22
2020-08-05,US,Georgia,Tift,1287,35,0,31.45743864,-83.5236119,13277.0,3166.5190434012397,2.7195027195027195,1252,1264,35,0,1229,1249,40571,23,0,0,23,15
2020-08-05,US,Georgia,Toombs,677,7,0,32.12059861,-82.32957247,13279.0,2523.2948192322033,1.03397341211226,670,667,7,0,660,649,26887,10,0,0,10,18
2020-08-05,US,Georgia,Towns,120,1,0,34.91369188,-83.74107459999998,13281.0,996.9261443881364,0.8333333333333334,119,120,1,0,119,119,11852,0,0,0,0,1
2020-08-05,US,Georgia,Treutlen,104,3,0,32.40422134,-82.56904553,13283.0,1507.02796696131,2.8846153846153846,101,101,3,0,98,100,6809,3,0,0,3,1
2020-08-05,US,Georgia,Troup,2213,66,0,33.03349196,-85.02812115,13285.0,3164.9552358342157,2.9823768639855404,2147,2193,64,0,2129,2175,70034,20,2,0,18,18
2020-08-05,US,Georgia,Turner,237,18,0,31.71612656,-83.62069378,13287.0,2968.0651221039448,7.594936708860758,219,234,18,0,216,227,7912,3,0,0,3,7
2020-08-05,US,Georgia,Twiggs,102,3,0,32.67435595,-83.43078662,13289.0,1256.1576354679805,2.9411764705882355,99,96,3,0,93,94,8188,6,0,0,6,2
2020-08-05,US,Georgia,Unassigned,2545,10,0,0.0,0.0,90013.0,0.0,0.3929273084479371,2535,2534,6,0,2528,2549,,11,4,0,7,-15
2020-08-05,US,Georgia,Union,238,6,0,34.82995757,-83.98967069,13291.0,970.9926155603606,2.5210084033613445,232,235,6,0,229,227,24001,3,0,0,3,8
2020-08-05,US,Georgia,Upson,494,46,0,32.87920671,-84.30024826,13293.0,1876.899696048632,9.31174089068826,448,489,46,0,443,488,26215,5,0,0,5,1
2020-08-05,US,Georgia,Walker,617,16,0,34.73376362,-85.30165174,13295.0,884.4483307292039,2.593192868719611,601,581,16,0,565,556,69410,36,0,0,36,25
2020-08-05,US,Georgia,Walton,1020,37,0,33.78017694,-83.73552314,13297.0,1078.3038914084552,3.627450980392157,983,982,35,0,947,969,93503,38,2,0,36,13
2020-08-05,US,Georgia,Ware,1097,24,0,31.05449097,-82.42224148,13299.0,3069.905412212459,2.187784867821331,1073,1084,24,0,1060,1083,35680,13,0,0,13,1
2020-08-05,US,Georgia,Warren,60,1,0,33.41146451,-82.67795848,13301.0,1141.9870574800152,1.6666666666666667,59,56,1,0,55,55,5251,4,0,0,4,1
2020-08-05,US,Georgia,Washington,449,2,0,32.96711864,-82.79357039,13303.0,2203.7891430254244,0.44543429844098004,447,435,2,0,433,427,20386,14,0,0,14,8
2020-08-05,US,Georgia,Wayne,696,7,0,31.5521809,-81.91894878,13305.0,2325.6591038192937,1.0057471264367817,689,678,5,0,673,630,29808,18,2,0,16,48
2020-08-05,US,Georgia,Webster,39,2,0,32.04066113,-84.54742852,13307.0,1495.9723820483316,5.128205128205129,37,39,2,0,37,37,2611,0,0,0,0,2
2020-08-05,US,Georgia,Wheeler,85,1,0,32.12009104,-82.72574721,13309.0,1082.1133036282622,1.1764705882352942,84,84,1,0,83,84,7879,1,0,0,1,0
2020-08-05,US,Georgia,White,314,5,0,34.64624278,-83.74905525,13311.0,1019.5467238132344,1.5923566878980893,309,308,5,0,303,302,29970,6,0,0,6,6
2020-08-05,US,Georgia,Whitfield,3313,28,0,34.80987459,-84.96093476,13313.0,3166.4563979049585,0.8451554482342288,3285,3272,27,0,3245,3232,104062,41,1,0,40,40
2020-08-05,US,Georgia,Wilcox,173,18,0,31.97496928,-83.43438555,13315.0,2003.474232773596,10.404624277456648,155,169,18,0,151,167,8812,4,0,0,4,2
2020-08-05,US,Georgia,Wilkes,182,3,0,33.78290391,-82.74286107,13317.0,1861.5117111588424,1.6483516483516485,179,180,3,0,177,179,9876,2,0,0,2,1
2020-08-05,US,Georgia,Wilkinson,199,10,0,32.80291082,-83.17140684,13319.0,2222.470404288586,5.025125628140704,189,188,10,0,178,185,9036,11,0,0,11,3
2020-08-05,US,Georgia,Worth,436,23,0,31.55162306,-83.85090513,13321.0,2153.405442781648,5.275229357798165,413,429,23,0,406,427,20299,7,0,0,7,2
2020-08-05,US,Hawaii,Hawaii,122,0,0,19.60121157,-155.5210167,15001.0,60.54199977172689,0.0,122,122,0,0,122,117,200983,0,0,0,0,5
2020-08-05,US,Hawaii,Honolulu,2394,20,0,21.45803166,-157.97121819999995,15003.0,245.64856248390305,0.835421888053467,2374,2221,20,0,2201,2083,980080,173,0,0,173,138
2020-08-05,US,Hawaii,Kauai,47,0,0,22.03935037,-159.5966786,15007.0,65.01321013099471,0.0,47,47,0,0,47,47,72133,0,0,0,0,0
2020-08-05,US,Hawaii,Maui,177,6,0,20.86399628,-156.56890969999995,15009.0,105.72403041507135,3.3898305084745757,171,178,6,0,172,178,167207,-1,0,0,-1,0
2020-08-05,US,Hawaii,Out of HI,23,1,0,0.0,0.0,80015.0,0.0,4.3478260869565215,22,23,1,0,22,23,,0,0,0,0,0
2020-08-05,US,Idaho,Ada,8415,71,0,43.4526575,-116.24155159999998,16001.0,1747.3478312329862,0.8437314319667261,8344,8280,66,0,8214,8069,469966,135,5,0,130,211
2020-08-05,US,Idaho,Adams,18,0,0,44.89333571,-116.4545247,16003.0,419.18956683744767,0.0,18,18,0,0,18,18,4250,0,0,0,0,0
2020-08-05,US,Idaho,Bannock,359,2,0,42.67002716,-112.2233311,16005.0,408.84657434402334,0.5571030640668524,357,329,2,0,327,312,87138,30,0,0,30,17
2020-08-05,US,Idaho,Bear Lake,11,0,0,42.28269683,-111.32892379999998,16007.0,179.59183673469386,0.0,11,9,0,0,9,7,6050,2,0,0,2,2
2020-08-05,US,Idaho,Benewah,59,0,0,47.21754179,-116.6586851,16009.0,634.5450634545064,0.0,59,58,0,0,58,57,9226,1,0,0,1,1
2020-08-05,US,Idaho,Bingham,223,2,0,43.21672879999999,-112.3978437,16011.0,476.3837559547969,0.8968609865470852,221,207,2,0,205,187,46236,16,0,0,16,20
2020-08-05,US,Idaho,Blaine,573,6,0,43.4085812,-113.9752658,16013.0,2489.0317536162634,1.0471204188481675,567,571,6,0,565,570,22601,2,0,0,2,1
2020-08-05,US,Idaho,Boise,43,1,0,43.98829931,-115.7309284,16015.0,549.0997318350147,2.3255813953488373,42,42,1,0,41,39,7634,1,0,0,1,3
2020-08-05,US,Idaho,Bonner,164,0,0,48.29996017,-116.6017932,16017.0,358.55615557839036,0.0,164,156,0,0,156,156,44727,8,0,0,8,0
2020-08-05,US,Idaho,Bonneville,858,2,0,43.38713372,-111.6161537,16019.0,720.6329475399373,0.2331002331002331,856,808,2,0,806,774,116854,50,0,0,50,34
2020-08-05,US,Idaho,Boundary,34,0,0,48.76684761,-116.4630179,16021.0,277.66435279706,0.0,34,34,0,0,34,34,11948,0,0,0,0,0
2020-08-05,US,Idaho,Camas,1,0,0,43.46665742,-114.8065892,16025.0,90.41591320072331,0.0,1,1,0,0,1,1,1127,0,0,0,0,0
2020-08-05,US,Idaho,Canyon,5199,43,0,43.61970148,-116.70954990000001,16027.0,2261.919782117825,0.8270821311790729,5156,5111,42,0,5069,4959,223499,88,1,0,87,152
2020-08-05,US,Idaho,Caribou,28,0,0,42.77149116,-111.5597683,16029.0,391.3347309573725,0.0,28,23,0,0,23,23,7060,5,0,0,5,0
2020-08-05,US,Idaho,Cassia,498,1,0,42.28347888,-113.6012409,16031.0,2072.409488139825,0.2008032128514056,497,491,1,0,490,483,23864,7,0,0,7,8
2020-08-05,US,Idaho,Clark,7,0,0,44.28496071,-112.35057040000001,16033.0,828.4023668639052,0.0,7,5,0,0,5,3,852,2,0,0,2,2
2020-08-05,US,Idaho,Clearwater,16,0,0,46.67459924,-115.6622393,16035.0,182.7318410232983,0.0,16,15,0,0,15,15,8758,1,0,0,1,0
2020-08-05,US,Idaho,Custer,7,0,0,44.24186819,-114.2855494,16037.0,162.22479721900348,0.0,7,7,0,0,7,7,4280,0,0,0,0,0
2020-08-05,US,Idaho,Elmore,202,3,0,43.3507101,-115.4701578,16039.0,734.251753843917,1.4851485148514851,199,201,3,0,198,201,27259,1,0,0,1,0
2020-08-05,US,Idaho,Franklin,50,0,0,42.18332217,-111.81496659999999,16041.0,360.33439031421165,0.0,50,50,0,0,50,47,13726,0,0,0,0,3
2020-08-05,US,Idaho,Fremont,69,0,0,44.22800938,-111.48099429999999,16043.0,526.7577677685321,0.0,69,68,0,0,68,63,13168,1,0,0,1,5
2020-08-05,US,Idaho,Gem,165,1,0,44.06482372,-116.398376,16045.0,910.9982332155477,0.6060606060606061,164,161,0,0,161,159,17634,4,1,0,3,2
2020-08-05,US,Idaho,Gooding,149,1,0,42.96927962,-114.81083059999999,16047.0,981.619342512682,0.6711409395973155,148,144,1,0,143,142,15196,5,0,0,5,2
2020-08-05,US,Idaho,Idaho,30,0,0,45.84721541,-115.4634436,16049.0,179.99640007199855,0.0,30,30,0,0,30,30,16513,0,0,0,0,0
2020-08-05,US,Idaho,Jefferson,164,1,0,43.82078483,-112.3131749,16051.0,549.0274848515281,0.6097560975609756,163,158,1,0,157,146,29439,6,0,0,6,12
2020-08-05,US,Idaho,Jerome,449,6,0,42.68891267,-114.2655033,16053.0,1839.259380632476,1.33630289532294,443,439,6,0,433,433,24015,10,0,0,10,6
2020-08-05,US,Idaho,Kootenai,1668,14,0,47.67282258,-116.7020872,16055.0,1006.6567288484404,0.8393285371702638,1654,1633,14,0,1619,1620,161505,35,0,0,35,13
2020-08-05,US,Idaho,Latah,93,0,0,46.81587887,-116.71136979999999,16057.0,231.87394036102523,0.0,93,88,0,0,88,88,40134,5,0,0,5,0
2020-08-05,US,Idaho,Lemhi,13,0,0,44.9438088,-113.9309747,16059.0,161.95340725052947,0.0,13,12,0,0,12,12,7961,1,0,0,1,0
2020-08-05,US,Idaho,Lewis,1,0,0,46.23315327,-116.434146,16061.0,26.055237102657642,0.0,1,1,0,0,1,1,3861,0,0,0,0,0
2020-08-05,US,Idaho,Lincoln,54,0,0,43.0012336,-114.1358773,16063.0,1006.3361908311592,0.0,54,53,0,0,53,53,5360,1,0,0,1,0
2020-08-05,US,Idaho,Madison,144,0,0,43.78141028,-111.65384740000002,16065.0,360.8389505600521,0.0,144,142,0,0,142,135,39304,2,0,0,2,7
2020-08-05,US,Idaho,Minidoka,459,2,0,42.85518524,-113.6357257,16067.0,2181.662626550692,0.4357298474945534,457,453,2,0,451,444,20825,6,0,0,6,9
2020-08-05,US,Idaho,Nez Perce,138,19,0,46.32638236,-116.75009750000001,16069.0,341.51653137992474,13.768115942028984,119,138,19,0,119,134,40408,0,0,0,0,4
2020-08-05,US,Idaho,Oneida,13,0,0,42.19494279999999,-112.5407838,16071.0,286.91238137276537,0.0,13,13,0,0,13,9,4488,0,0,0,0,4
2020-08-05,US,Idaho,Owyhee,241,2,0,42.58016894,-116.16938710000001,16073.0,2038.3997293411148,0.8298755186721992,239,239,2,0,237,238,11693,2,0,0,2,1
2020-08-05,US,Idaho,Payette,354,2,0,44.00545243,-116.7647695,16075.0,1478.0176193060834,0.5649717514124294,352,348,2,0,346,343,23551,6,0,0,6,5
2020-08-05,US,Idaho,Power,54,0,0,42.69254894,-112.83957420000002,16077.0,703.0334591850017,0.0,54,53,0,0,53,43,7768,1,0,0,1,10
2020-08-05,US,Idaho,Shoshone,81,2,0,47.35364087,-115.89167490000001,16079.0,628.7843502561714,2.469135802469136,79,78,2,0,76,78,12796,3,0,0,3,0
2020-08-05,US,Idaho,Teton,66,0,0,43.75303583,-111.2056773,16081.0,543.5677812551475,0.0,66,62,0,0,62,61,11640,4,0,0,4,1
2020-08-05,US,Idaho,Twin Falls,1283,32,0,42.35440512,-114.6685381,16083.0,1476.783535532586,2.4941543257989087,1251,1257,32,0,1225,1238,86081,26,0,0,26,19
2020-08-05,US,Idaho,Unassigned,5,0,0,0.0,0.0,90016.0,0.0,0.0,5,6,0,0,6,,,-1,0,0,-1,
2020-08-05,US,Idaho,Valley,54,1,0,44.76728382,-115.5676773,16085.0,474.0168539325843,1.851851851851852,53,50,1,0,49,47,11041,4,0,0,4,3
2020-08-05,US,Idaho,Washington,196,3,0,44.45275475,-116.78476880000001,16087.0,1922.6996272317047,1.5306122448979589,193,194,3,0,191,191,10161,2,0,0,2,3
2020-08-05,US,Illinois,Adams,461,5,0,39.98815591,-91.18786813,17001.0,704.5159318407581,1.084598698481562,456,454,5,0,449,445,65691,7,0,0,7,9
2020-08-05,US,Illinois,Alexander,36,0,0,37.18049267,-89.32910838,17003.0,624.8915118902968,0.0,36,36,0,0,36,36,6060,0,0,0,0,0
2020-08-05,US,Illinois,Bond,59,2,0,38.88829622,-89.43534887,17005.0,359.1866553025692,3.3898305084745757,57,57,2,0,55,57,16630,2,0,0,2,0
2020-08-05,US,Illinois,Boone,749,23,0,42.32359279,-88.82345779,17007.0,1398.849544300015,3.0707610146862483,726,739,23,0,716,735,53577,10,0,0,10,4
2020-08-05,US,Illinois,Brown,13,0,0,39.96209138,-90.75068024,17009.0,197.6284584980237,0.0,13,13,0,0,13,13,6556,0,0,0,0,0
2020-08-05,US,Illinois,Bureau,161,2,0,41.40385234,-89.5283051,17011.0,493.44121613338234,1.2422360248447204,159,154,2,0,152,144,32993,7,0,0,7,10
2020-08-05,US,Illinois,Calhoun,8,0,0,39.16840183,-90.66330078,17013.0,168.81198565098126,0.0,8,8,0,0,8,7,4802,0,0,0,0,1
2020-08-05,US,Illinois,Carroll,46,4,0,42.06823429,-89.93395545,17015.0,321.56588605382734,8.695652173913043,42,46,3,0,43,46,14312,0,1,0,-1,0
2020-08-05,US,Illinois,Cass,214,11,0,39.96991073,-90.24734436,17017.0,1761.7518728904254,5.140186915887852,203,203,11,0,192,202,12260,11,0,0,11,1
2020-08-05,US,Illinois,Champaign,1593,19,0,40.13919438,-88.20046615,17019.0,759.6965029162235,1.1927181418706845,1574,1576,19,0,1557,1547,209983,17,0,0,17,29
2020-08-05,US,Illinois,Christian,126,4,0,39.54581621,-89.27780482,17021.0,390.04457652303114,3.1746031746031744,122,117,4,0,113,115,32661,9,0,0,9,2
2020-08-05,US,Illinois,Clark,73,1,0,39.33425789,-87.78705622,17023.0,472.76730781685126,1.3698630136986298,72,70,0,0,70,68,15596,3,1,0,2,2
2020-08-05,US,Illinois,Clay,17,0,0,38.75388572,-88.48914513,17025.0,128.94417475728156,0.0,17,15,0,0,15,14,13253,2,0,0,2,1
2020-08-05,US,Illinois,Clinton,366,17,0,38.60704876,-89.42385254,17027.0,974.3890101698526,4.644808743169398,349,353,17,0,336,349,37639,13,0,0,13,4
2020-08-05,US,Illinois,Coles,422,20,0,39.51949084,-88.22358557,17029.0,833.6461152486122,4.739336492890995,402,411,19,0,392,401,50885,11,1,0,10,10
2020-08-05,US,Illinois,Cook,108425,4909,0,41.84144849,-87.81658794,17031.0,2105.2445588384053,4.527553608485127,103516,107744,4902,0,102842,107247,5180493,681,7,0,674,497
2020-08-05,US,Illinois,Crawford,29,0,0,39.0032229,-87.75954624,17033.0,155.354368671988,0.0,29,29,0,0,29,29,18807,0,0,0,0,0
2020-08-05,US,Illinois,Cumberland,47,2,0,39.27432424,-88.2401158,17035.0,436.55953929035866,4.25531914893617,45,47,2,0,45,47,10808,0,0,0,0,0
2020-08-05,US,Illinois,De Witt,32,0,0,40.17514519,-88.90959682,17039.0,204.62974804962272,0.0,32,31,0,0,31,30,15769,1,0,0,1,1
2020-08-05,US,Illinois,DeKalb,884,29,0,41.89373302,-88.76958483,17037.0,842.7314413186267,3.2805429864253397,855,871,29,0,842,850,104143,13,0,0,13,21
2020-08-05,US,Illinois,Douglas,104,2,0,39.76768052,-88.21854195,17041.0,534.2923195479065,1.9230769230769231,102,103,2,0,101,102,19479,1,0,0,1,1
2020-08-05,US,Illinois,DuPage,11804,515,0,41.85116968,-88.08642662,17043.0,1278.9827081624535,4.3629278210776015,11289,11689,513,0,11176,11558,928589,115,2,0,113,131
2020-08-05,US,Illinois,Edgar,27,0,0,39.6809186,-87.74759563,17045.0,157.3334887244333,0.0,27,26,0,0,26,26,17360,1,0,0,1,0
2020-08-05,US,Illinois,Edwards,16,0,0,38.41353228,-88.05720863,17047.0,250.1954652071931,0.0,16,14,0,0,14,13,6392,2,0,0,2,1
2020-08-05,US,Illinois,Effingham,118,1,0,39.05935711,-88.58969584,17049.0,346.9771818395672,0.8474576271186439,117,119,1,0,118,116,34208,-1,0,0,-1,3
2020-08-05,US,Illinois,Fayette,58,3,0,39.00072038,-89.02452658,17051.0,271.8410198725159,5.172413793103448,55,58,3,0,55,58,21416,0,0,0,0,0
2020-08-05,US,Illinois,Ford,45,1,0,40.59706922,-88.22350769,17053.0,347.19543245119974,2.2222222222222223,44,42,1,0,41,41,13264,3,0,0,3,1
2020-08-05,US,Illinois,Franklin,141,0,0,37.99189086,-88.92567818,17055.0,366.5288933946814,0.0,141,134,0,0,134,132,38701,7,0,0,7,2
2020-08-05,US,Illinois,Fulton,32,0,0,40.47289135,-90.20862357,17057.0,93.18578916715201,0.0,32,28,0,0,28,26,34844,4,0,0,4,2
2020-08-05,US,Illinois,Gallatin,45,1,0,37.76430935,-88.22953869,17059.0,932.062966031483,2.2222222222222223,44,45,0,0,45,45,5058,0,1,0,-1,0
2020-08-05,US,Illinois,Greene,28,0,0,39.35907414,-90.388865,17061.0,215.8994525406739,0.0,28,21,0,0,21,20,13044,7,0,0,7,1
2020-08-05,US,Illinois,Grundy,296,5,0,41.28569601,-88.41905692,17063.0,579.7782739844088,1.6891891891891893,291,287,5,0,282,282,50972,9,0,0,9,5
2020-08-05,US,Illinois,Hamilton,25,0,0,38.08163641,-88.53883373,17065.0,308.03351404632826,0.0,25,23,0,0,23,23,8163,2,0,0,2,0
2020-08-05,US,Illinois,Hancock,39,1,0,40.40423981,-91.16313899,17067.0,220.23943980121982,2.5641025641025643,38,35,1,0,34,34,17844,4,0,0,4,1
2020-08-05,US,Illinois,Hardin,17,0,0,37.51810645,-88.26873022,17069.0,444.9097095001308,0.0,17,17,0,0,17,17,3910,0,0,0,0,0
2020-08-05,US,Illinois,Henderson,10,0,0,40.81908672,-90.92491462,17071.0,150.4664459825459,0.0,10,9,0,0,9,9,6709,1,0,0,1,0
2020-08-05,US,Illinois,Henry,216,1,0,41.3533994,-90.13296166,17073.0,441.60039253368217,0.462962962962963,215,208,1,0,207,207,49090,8,0,0,8,1
2020-08-05,US,Illinois,Iroquois,250,9,0,40.74717633,-87.82466784,17075.0,922.0328981338054,3.6,241,250,9,0,241,249,27604,0,0,0,0,1
2020-08-05,US,Illinois,Jackson,676,19,0,37.78595185,-89.38232563,17077.0,1191.1894273127753,2.8106508875739644,657,658,19,0,639,650,57419,18,0,0,18,8
2020-08-05,US,Illinois,Jasper,55,7,0,39.01054275,-88.15437049,17079.0,572.3204994797086,12.727272727272727,48,55,7,0,48,53,9611,0,0,0,0,2
2020-08-05,US,Illinois,Jefferson,213,19,0,38.29980057,-88.9240025,17081.0,565.2266213777731,8.92018779342723,194,191,17,0,174,192,37820,22,2,0,20,-1
2020-08-05,US,Illinois,Jersey,74,1,0,39.08869046,-90.35393073,17083.0,339.87048178937215,1.351351351351351,73,73,1,0,72,70,21847,1,0,0,1,3
2020-08-05,US,Illinois,Jo Daviess,119,1,0,42.36542373,-90.21094405,17085.0,560.3955733458912,0.8403361344537815,118,116,1,0,115,113,21366,3,0,0,3,3
2020-08-05,US,Illinois,Johnson,62,0,0,37.45939802,-88.88165419,17087.0,499.31545461866796,0.0,62,59,0,0,59,57,12456,3,0,0,3,2
2020-08-05,US,Illinois,Kane,9417,301,0,41.93842729,-88.42861412,17089.0,1768.7729032330774,3.1963470319634704,9116,9336,298,0,9038,9239,534216,81,3,0,78,97
2020-08-05,US,Illinois,Kankakee,1708,68,0,41.13746989,-87.86205334,17091.0,1554.6776865522202,3.981264637002342,1640,1698,68,0,1630,1686,110024,10,0,0,10,12
2020-08-05,US,Illinois,Kendall,1310,23,0,41.59081014,-88.42869583,17093.0,1015.5826033025817,1.7557251908396947,1287,1295,23,0,1272,1291,127915,15,0,0,15,4
2020-08-05,US,Illinois,Knox,279,1,0,40.93148779,-90.21330340000002,17095.0,561.3795046177992,0.35842293906810035,278,265,1,0,264,262,50112,14,0,0,14,3
2020-08-05,US,Illinois,LaSalle,590,21,0,41.34426129999999,-88.88633881,17099.0,542.9331272027903,3.5593220338983054,569,577,20,0,557,560,109430,13,1,0,12,17
2020-08-05,US,Illinois,Lake,12315,443,0,42.3224907,-88.00367925,17097.0,1768.0374999102698,3.597239139261064,11872,12223,440,0,11783,12089,700832,92,3,0,89,134
2020-08-05,US,Illinois,Lawrence,44,0,0,38.71987914,-87.72884035,17101.0,280.6480418420717,0.0,44,43,0,0,43,42,15765,1,0,0,1,1
2020-08-05,US,Illinois,Lee,149,1,0,41.74583951,-89.29977132,17103.0,437.00140778977004,0.6711409395973155,148,148,2,0,146,148,34223,1,-1,0,2,0
2020-08-05,US,Illinois,Livingston,99,2,0,40.89188292,-88.55784752,17105.0,277.71543985637345,2.0202020202020203,97,96,2,0,94,92,35761,3,0,0,3,4
2020-08-05,US,Illinois,Logan,90,0,0,40.12581572,-89.36638784,17107.0,314.48738556153467,0.0,90,87,0,0,87,86,28925,3,0,0,3,1
2020-08-05,US,Illinois,Macon,517,23,0,39.86064913,-88.96342505,17115.0,497.0723687373208,4.448742746615086,494,502,23,0,479,489,104712,15,0,0,15,13
2020-08-05,US,Illinois,Macoupin,142,3,0,39.26119767,-89.92424028,17117.0,316.0753238659128,2.112676056338028,139,142,3,0,139,137,45313,0,0,0,0,5
2020-08-05,US,Illinois,Madison,2320,73,0,38.83042506,-89.90422563,17119.0,882.243331837576,3.146551724137931,2247,2266,73,0,2193,2222,264461,54,0,0,54,44
2020-08-05,US,Illinois,Marion,143,0,0,38.64963204,-88.91899208,17121.0,384.3569412713345,0.0,143,140,0,0,140,138,37620,3,0,0,3,2
2020-08-05,US,Illinois,Marshall,21,0,0,41.0327901,-89.34510444,17123.0,183.5985312117503,0.0,21,22,0,0,22,21,11534,-1,0,0,-1,1
2020-08-05,US,Illinois,Mason,44,0,0,40.23917274,-89.91824452,17125.0,329.36597050677443,0.0,44,43,0,0,43,42,13565,1,0,0,1,1
2020-08-05,US,Illinois,Massac,35,0,0,37.22078441,-88.71036614,17127.0,254.1388324135928,0.0,35,34,0,0,34,34,14080,1,0,0,1,0
2020-08-05,US,Illinois,McDonough,134,15,0,40.45674722,-90.67775541,17109.0,451.45205848662494,11.194029850746267,119,133,15,0,118,128,29955,1,0,0,1,5
2020-08-05,US,Illinois,McHenry,3020,114,0,42.32451172,-88.45248227,17111.0,981.2394809178163,3.7748344370860933,2906,2991,114,0,2877,2961,308570,29,0,0,29,30
2020-08-05,US,Illinois,McLean,595,15,0,40.48996987,-88.84621113,17113.0,346.9043884862725,2.5210084033613445,580,584,15,0,569,572,172828,11,0,0,11,12
2020-08-05,US,Illinois,Menard,50,0,0,40.02742725,-89.80246001,17129.0,409.970482125287,0.0,50,49,0,0,49,48,12288,1,0,0,1,1
2020-08-05,US,Illinois,Mercer,73,3,0,41.20596782,-90.74290052,17131.0,472.88981019628164,4.109589041095891,70,73,3,0,70,70,15601,0,0,0,0,3
2020-08-05,US,Illinois,Monroe,292,13,0,38.27594376,-90.17761038,17133.0,843.0291306983861,4.452054794520548,279,284,13,0,271,278,34335,8,0,0,8,6
2020-08-05,US,Illinois,Montgomery,153,7,0,39.23198845,-89.47809254,17135.0,538.4669529105371,4.575163398692809,146,147,7,0,140,147,28601,6,0,0,6,0
2020-08-05,US,Illinois,Morgan,213,6,0,39.71654544,-90.20255104,17137.0,632.836175649177,2.8169014084507036,207,205,6,0,199,203,33976,8,0,0,8,2
2020-08-05,US,Illinois,Moultrie,66,0,0,39.64187451,-88.62099969,17139.0,455.1410247569132,0.0,66,62,0,0,62,55,14717,4,0,0,4,7
2020-08-05,US,Illinois,Ogle,392,5,0,42.04165196,-89.32184679,17141.0,774.0457713800525,1.2755102040816326,387,383,5,0,378,377,50923,9,0,0,9,6
2020-08-05,US,Illinois,Out of IL,2,0,0,0.0,0.0,80017.0,0.0,0.0,2,,,,,,,,,,,
2020-08-05,US,Illinois,Peoria,1445,35,0,40.78702156,-89.76078901,17143.0,806.4561137186836,2.4221453287197234,1410,1399,35,0,1364,1341,180621,46,0,0,46,58
2020-08-05,US,Illinois,Perry,136,1,0,38.08510853,-89.36856219,17145.0,650.2199273283611,0.7352941176470589,135,126,1,0,125,126,21174,10,0,0,10,0
2020-08-05,US,Illinois,Piatt,52,0,0,40.01360584,-88.59319339,17147.0,318.15956926089086,0.0,52,51,0,0,51,48,16396,1,0,0,1,3
2020-08-05,US,Illinois,Pike,17,0,0,39.62265059,-90.8877017,17149.0,109.2474776685303,0.0,17,13,0,0,13,13,15611,4,0,0,4,0
2020-08-05,US,Illinois,Pope,8,0,0,37.41391284,-88.56152109,17151.0,191.5250179554704,0.0,8,8,0,0,8,8,4212,0,0,0,0,0
2020-08-05,US,Illinois,Pulaski,91,0,0,37.22631423,-89.13085001,17153.0,1705.7169634489221,0.0,91,91,0,0,91,91,5463,0,0,0,0,0
2020-08-05,US,Illinois,Putnam,9,0,0,41.2013541,-89.2869272,17155.0,156.82174594877156,0.0,9,9,0,0,9,8,5740,0,0,0,0,1
2020-08-05,US,Illinois,Randolph,440,7,0,38.05095369,-89.82512254,17157.0,1384.4314391794098,1.5909090909090908,433,435,7,0,428,435,32106,5,0,0,5,0
2020-08-05,US,Illinois,Richland,14,0,0,38.71240969,-88.08475366,17159.0,90.24688970540836,0.0,14,14,0,0,14,13,15763,0,0,0,0,1
2020-08-05,US,Illinois,Rock Island,1649,33,0,41.46613806,-90.57042164,17161.0,1162.2579803917422,2.0012128562765312,1616,1615,32,0,1583,1605,143477,34,1,0,33,10
2020-08-05,US,Illinois,Saline,117,1,0,37.75332999,-88.54119706,17165.0,498.0630879911456,0.8547008547008547,116,115,1,0,114,113,23906,2,0,0,2,2
2020-08-05,US,Illinois,Sangamon,1096,33,0,39.75836914,-89.65872023,17167.0,562.9982740198899,3.010948905109489,1063,1057,33,0,1024,1037,195348,39,0,0,39,20
2020-08-05,US,Illinois,Schuyler,17,0,0,40.1571798,-90.61114163,17169.0,251.18203309692672,0.0,17,17,0,0,17,17,6907,0,0,0,0,0
2020-08-05,US,Illinois,Scott,12,0,0,39.6429169,-90.47814431,17171.0,242.3752777216724,0.0,12,11,0,0,11,11,4926,1,0,0,1,0
2020-08-05,US,Illinois,Shelby,67,1,0,39.39133527,-88.80611122,17173.0,309.69769806785615,1.492537313432836,66,63,1,0,62,60,21741,4,0,0,4,3
2020-08-05,US,Illinois,St. Clair,3753,159,0,38.46996033,-89.93063427,17163.0,1445.2069037221875,4.236610711430854,3594,3696,156,0,3540,3655,261059,57,3,0,54,41
2020-08-05,US,Illinois,Stark,7,0,0,41.09309773,-89.79745866,17175.0,131.03706476974915,0.0,7,7,0,0,7,7,5427,0,0,0,0,0
2020-08-05,US,Illinois,Stephenson,324,6,0,42.35129217,-89.662598,17177.0,728.1226122522362,1.851851851851852,318,321,6,0,315,318,44753,3,0,0,3,3
2020-08-05,US,Illinois,Tazewell,438,8,0,40.50716185,-89.51404662,17179.0,332.3141354900875,1.8264840182648399,430,406,8,0,398,388,132328,32,0,0,32,18
2020-08-05,US,Illinois,Unassigned,1349,197,0,0.0,0.0,90017.0,0.0,14.603409933283913,1152,1365,197,0,1168,1347,,-16,0,0,-16,18
2020-08-05,US,Illinois,Union,306,22,0,37.47119609,-89.25548938,17181.0,1837.5067555395426,7.189542483660131,284,305,21,0,284,303,16841,1,1,0,0,2
2020-08-05,US,Illinois,Vermilion,218,2,0,40.18417171,-87.73384359,17183.0,287.75838855302413,0.9174311926605504,216,218,2,0,216,215,76806,0,0,0,0,3
2020-08-05,US,Illinois,Wabash,33,0,0,38.44272901,-87.84922065,17185.0,286.4583333333333,0.0,33,33,0,0,33,32,11549,0,0,0,0,1
2020-08-05,US,Illinois,Warren,185,0,0,40.84925021,-90.6147432,17187.0,1098.3139396817858,0.0,185,184,0,0,184,183,17032,1,0,0,1,1
2020-08-05,US,Illinois,Washington,60,0,0,38.35309213,-89.40982703,17189.0,432.0587599913589,0.0,60,59,0,0,59,58,13995,1,0,0,1,1
2020-08-05,US,Illinois,Wayne,54,1,0,38.42955355,-88.42586459,17191.0,333.0249768732655,1.851851851851852,53,50,1,0,49,50,16332,4,0,0,4,0
2020-08-05,US,Illinois,White,61,0,0,38.08706198,-88.17657461,17193.0,450.61682795301766,0.0,61,60,0,0,60,58,13665,1,0,0,1,2
2020-08-05,US,Illinois,Whiteside,329,16,0,41.75509713,-89.91556058,17195.0,596.2845491617579,4.863221884498481,313,320,16,0,304,313,55626,9,0,0,9,7
2020-08-05,US,Illinois,Will,8821,341,0,41.44619267,-87.97862712,17197.0,1277.0306756637415,3.865774855458565,8480,8729,340,0,8389,8650,692310,92,1,0,91,79
2020-08-05,US,Illinois,Williamson,349,5,0,37.73033511,-88.92994027,17199.0,524.0476297731128,1.4326647564469914,344,344,5,0,339,341,67056,5,0,0,5,3
2020-08-05,US,Illinois,Winnebago,3730,128,0,42.33641854,-89.16085327,17201.0,1320.0175530484264,3.4316353887399464,3602,3704,127,0,3577,3688,284081,26,1,0,25,16
2020-08-05,US,Illinois,Woodford,121,3,0,40.78579374,-89.20973757,17203.0,314.62076497048804,2.479338842975207,118,106,3,0,103,98,38463,15,0,0,15,8
2020-08-05,US,Indiana,Adams,84,2,0,40.7457653,-84.93671406,18001.0,234.78771277636463,2.380952380952381,82,82,2,0,80,81,35636,2,0,0,2,1
2020-08-05,US,Indiana,Allen,3695,160,0,41.09194313,-85.06800636,18003.0,974.1655000408647,4.330175913396482,3535,3662,158,0,3504,3635,375351,33,2,0,31,27
2020-08-05,US,Indiana,Bartholomew,749,47,0,39.20744865,-85.89558181,18005.0,894.0187875243199,6.275033377837117,702,748,47,0,701,743,82753,1,0,0,1,5
2020-08-05,US,Indiana,Benton,60,0,0,40.60626947,-87.31093999,18007.0,685.8710562414266,0.0,60,60,0,0,60,60,8653,0,0,0,0,0
2020-08-05,US,Indiana,Blackford,56,2,0,40.47388153,-85.32499702,18009.0,476.2714747406021,3.571428571428572,54,55,2,0,53,53,11930,1,0,0,1,2
2020-08-05,US,Indiana,Boone,649,46,0,40.0509304,-86.46841646,18011.0,956.6204324690832,7.0878274268104775,603,644,46,0,598,635,66999,5,0,0,5,9
2020-08-05,US,Indiana,Brown,70,1,0,39.19605589,-86.22868909,18013.0,463.821892393321,1.4285714285714286,69,70,1,0,69,70,15234,0,0,0,0,0
2020-08-05,US,Indiana,Carroll,152,2,0,40.580783200000006,-86.56198812,18015.0,750.3579009725032,1.3157894736842106,150,148,2,0,146,145,20127,4,0,0,4,3
2020-08-05,US,Indiana,Cass,1760,9,0,40.76135835,-86.34830753,18017.0,4669.797553662873,0.5113636363636364,1751,1754,9,0,1745,1751,37955,6,0,0,6,3
2020-08-05,US,Indiana,Clark,1126,46,0,38.48015445,-85.70510334,18019.0,951.8013220402022,4.085257548845471,1080,1109,45,0,1064,1081,117360,17,1,0,16,28
2020-08-05,US,Indiana,Clay,102,5,0,39.39561833,-87.11723506,18021.0,388.9418493803623,4.901960784313727,97,101,5,0,96,97,26170,1,0,0,1,4
2020-08-05,US,Indiana,Clinton,388,3,0,40.30319754,-86.47277257,18023.0,1197.5678261674745,0.7731958762886598,385,360,3,0,357,357,32250,28,0,0,28,3
2020-08-05,US,Indiana,Crawford,44,0,0,38.28814402,-86.44518825,18025.0,415.99697456745764,0.0,44,44,0,0,44,42,10558,0,0,0,0,2
2020-08-05,US,Indiana,Daviess,251,19,0,38.70186039,-87.07185406,18027.0,752.601121405655,7.569721115537848,232,249,19,0,230,246,33147,2,0,0,2,3
2020-08-05,US,Indiana,DeKalb,222,4,0,41.39804622,-84.99906934,18033.0,510.63829787234044,1.8018018018018016,218,221,4,0,217,222,43226,1,0,0,1,-1
2020-08-05,US,Indiana,Dearborn,477,28,0,39.14647946,-84.97333539,18029.0,964.4546888268834,5.870020964360587,449,473,28,0,445,465,49568,4,0,0,4,8
2020-08-05,US,Indiana,Decatur,322,32,0,39.30712658,-85.50087166,18031.0,1212.395044994164,9.937888198757765,290,318,32,0,286,314,26794,4,0,0,4,4
2020-08-05,US,Indiana,Delaware,665,52,0,40.22787247,-85.39732772,18035.0,582.6433609322294,7.819548872180452,613,654,52,0,602,638,114772,11,0,0,11,16
2020-08-05,US,Indiana,Dubois,655,12,0,38.36597551,-86.87924170000002,18037.0,1532.6656682890302,1.83206106870229,643,643,12,0,631,626,42565,12,0,0,12,17
2020-08-05,US,Indiana,Elkhart,4680,79,0,41.59761169,-85.85875695,18039.0,2268.090200202577,1.6880341880341883,4601,4630,77,0,4553,4597,205560,50,2,0,48,33
2020-08-05,US,Indiana,Fayette,163,7,0,39.63684962,-85.17797541,18041.0,705.566617608865,4.294478527607362,156,162,7,0,155,155,23047,1,0,0,1,7
2020-08-05,US,Indiana,Floyd,729,45,0,38.32117957,-85.90385377,18043.0,928.4022312218233,6.172839506172839,684,718,45,0,673,694,77781,11,0,0,11,24
2020-08-05,US,Indiana,Fountain,64,2,0,40.12361933,-87.24217689,18045.0,391.5330967820874,3.125,62,64,2,0,62,63,16351,0,0,0,0,1
2020-08-05,US,Indiana,Franklin,231,13,0,39.4142482,-85.06062647,18047.0,1015.0276825731613,5.627705627705628,218,229,11,0,218,224,22736,2,2,0,0,5
2020-08-05,US,Indiana,Fulton,150,2,0,41.0469907,-86.26252745,18049.0,750.9762691498947,1.3333333333333333,148,147,2,0,145,146,20092,3,0,0,3,1
2020-08-05,US,Indiana,Gibson,204,4,0,38.30393723,-87.58054938,18051.0,606.0786119611397,1.96078431372549,200,202,4,0,198,200,33452,2,0,0,2,2
2020-08-05,US,Indiana,Grant,511,29,0,40.51587228,-85.65468702,18053.0,776.9617905092067,5.675146771037183,482,507,29,0,478,496,65936,4,0,0,4,11
2020-08-05,US,Indiana,Greene,240,34,0,39.03630547,-86.96223202,18055.0,751.8325919428607,14.166666666666664,206,240,34,0,206,239,32006,0,0,0,0,1
2020-08-05,US,Indiana,Hamilton,2572,104,0,40.07306535,-86.05244729,18057.0,760.9219818289937,4.043545878693624,2468,2543,104,0,2439,2513,330086,29,0,0,29,30
2020-08-05,US,Indiana,Hancock,634,38,0,39.82304555,-85.77566351,18059.0,811.0735850987618,5.993690851735016,596,628,38,0,590,623,76351,6,0,0,6,5
2020-08-05,US,Indiana,Harrison,304,22,0,38.19467379,-86.10948271,18061.0,750.3393804763667,7.236842105263157,282,300,22,0,278,294,40350,4,0,0,4,6
2020-08-05,US,Indiana,Hendricks,1796,105,0,39.76719009,-86.51037283,18063.0,1054.5413977957974,5.846325167037863,1691,1774,105,0,1669,1750,167009,22,0,0,22,24
2020-08-05,US,Indiana,Henry,365,19,0,39.93029017,-85.39625719,18065.0,760.8605019594763,5.205479452054795,346,364,18,0,346,361,48271,1,1,0,0,3
2020-08-05,US,Indiana,Howard,829,65,0,40.48527731,-86.11351892,18067.0,1004.3128513277768,7.840772014475272,764,824,65,0,759,810,82366,5,0,0,5,14
2020-08-05,US,Indiana,Huntington,119,3,0,40.82907273,-85.48822092,18069.0,325.8488499452355,2.5210084033613445,116,119,3,0,116,118,36240,0,0,0,0,1
2020-08-05,US,Indiana,Jackson,556,4,0,38.90915820000001,-86.03851889,18071.0,1257.036919807375,0.7194244604316546,552,554,4,0,550,552,44111,2,0,0,2,2
2020-08-05,US,Indiana,Jasper,216,2,0,41.02078733,-87.11553319,18073.0,643.5850068529885,0.925925925925926,214,210,2,0,208,208,33370,6,0,0,6,2
2020-08-05,US,Indiana,Jay,82,0,0,40.43781032,-85.00576229,18075.0,401.2526913290272,0.0,82,81,0,0,81,82,20764,1,0,0,1,-1
2020-08-05,US,Indiana,Jefferson,153,2,0,38.78576239,-85.43633383,18077.0,473.56691841030084,1.30718954248366,151,152,2,0,150,149,32208,1,0,0,1,3
2020-08-05,US,Indiana,Jennings,214,12,0,38.99588883,-85.62710784,18079.0,771.5882458986839,5.607476635514018,202,213,12,0,201,210,27611,1,0,0,1,3
2020-08-05,US,Indiana,Johnson,1674,118,0,39.48994426,-86.10149107,18081.0,1058.375008693343,7.048984468339308,1556,1667,118,0,1549,1652,156225,7,0,0,7,15
2020-08-05,US,Indiana,Knox,140,0,0,38.68861576,-87.4194665,18083.0,382.5763786413073,0.0,140,134,0,0,134,131,36895,6,0,0,6,3
2020-08-05,US,Indiana,Kosciusko,824,12,0,41.24521668,-85.86312322,18085.0,1037.0519532823198,1.4563106796116505,812,822,13,0,809,819,79344,2,-1,0,3,3
2020-08-05,US,Indiana,LaGrange,549,10,0,41.64232188,-85.42674232,18087.0,1385.8736810218604,1.8214936247723128,539,546,10,0,536,542,39330,3,0,0,3,4
2020-08-05,US,Indiana,LaPorte,850,29,0,41.54366008,-86.74072188,18091.0,773.5148514851485,3.4117647058823533,821,843,29,0,814,838,110007,7,0,0,7,5
2020-08-05,US,Indiana,Lake,7222,273,0,41.41874274,-87.38277575,18089.0,1487.5600678073627,3.780116311271116,6949,7139,273,0,6866,7101,484411,83,0,0,83,38
2020-08-05,US,Indiana,Lawrence,332,27,0,38.84112637,-86.48361629,18093.0,731.7610756006171,8.132530120481928,305,331,27,0,304,328,45668,1,0,0,1,3
2020-08-05,US,Indiana,Madison,872,65,0,40.16143691,-85.71964711,18095.0,673.0004862274154,7.454128440366973,807,862,65,0,797,847,129641,10,0,0,10,15
2020-08-05,US,Indiana,Marion,15152,724,0,39.78163624,-86.13826325,18097.0,1570.835864654327,4.778247096092925,14428,15029,724,0,14305,14863,954670,123,0,0,123,166
2020-08-05,US,Indiana,Marshall,752,22,0,41.32467367,-86.26185087,18099.0,1625.6647498811014,2.9255319148936163,730,744,22,0,722,742,46248,8,0,0,8,2
2020-08-05,US,Indiana,Martin,42,0,0,38.7099921,-86.80373186,18101.0,409.55631399317406,0.0,42,42,0,0,42,42,10217,0,0,0,0,0
2020-08-05,US,Indiana,Miami,260,2,0,40.76940965,-86.04525048,18103.0,732.0644216691069,0.7692307692307693,258,259,2,0,257,258,35567,1,0,0,1,1
2020-08-05,US,Indiana,Monroe,699,30,0,39.16130004,-86.52414358,18105.0,470.9258847545324,4.291845493562231,669,695,30,0,665,686,146917,4,0,0,4,9
2020-08-05,US,Indiana,Montgomery,343,21,0,40.04034823,-86.89335024,18107.0,894.6736918983777,6.1224489795918355,322,342,21,0,321,343,38346,1,0,0,1,-1
2020-08-05,US,Indiana,Morgan,440,34,0,39.47899078,-86.44573375,18109.0,624.2108697811004,7.727272727272727,406,437,32,0,405,425,70116,3,2,0,1,12
2020-08-05,US,Indiana,Newton,114,10,0,40.95610449,-87.39635768,18111.0,815.2173913043479,8.771929824561402,104,111,10,0,101,110,14011,3,0,0,3,1
2020-08-05,US,Indiana,Noble,638,29,0,41.39672484,-85.41966713,18113.0,1336.2935656836462,4.545454545454546,609,637,29,0,608,637,47532,1,0,0,1,0
2020-08-05,US,Indiana,Ohio,56,4,0,38.955304999999996,-84.96515993,18115.0,953.191489361702,7.142857142857142,52,51,4,0,47,51,5844,5,0,0,5,0
2020-08-05,US,Indiana,Orange,164,24,0,38.54118920000001,-86.49523093,18117.0,834.7755268247989,14.634146341463413,140,164,24,0,140,164,19489,0,0,0,0,0
2020-08-05,US,Indiana,Owen,82,1,0,39.31145587,-86.83900724,18119.0,394.24972354440115,1.2195121951219512,81,82,1,0,81,78,20845,0,0,0,0,4
2020-08-05,US,Indiana,Parke,49,1,0,39.77202286,-87.20375833,18121.0,289.30743342976916,2.0408163265306123,48,48,1,0,47,45,16927,1,0,0,1,3
2020-08-05,US,Indiana,Perry,172,12,0,38.07809328,-86.63741946,18123.0,897.2820700088686,6.9767441860465125,160,172,12,0,160,172,19102,0,0,0,0,0
2020-08-05,US,Indiana,Pike,50,0,0,38.40112197,-87.23574907,18125.0,403.58382436031957,0.0,50,47,0,0,47,46,12410,3,0,0,3,1
2020-08-05,US,Indiana,Porter,1213,39,0,41.45986947,-87.06848888,18127.0,711.9004161066736,3.215169002473207,1174,1209,39,0,1170,1195,169594,4,0,0,4,14
2020-08-05,US,Indiana,Posey,161,0,0,38.02097333,-87.86480429,18129.0,633.1851968380067,0.0,161,160,0,0,160,158,25540,1,0,0,1,2
2020-08-05,US,Indiana,Pulaski,75,1,0,41.04166107,-86.69890683,18131.0,607.1399660001617,1.3333333333333333,74,71,1,0,70,72,12469,4,0,0,4,-1
2020-08-05,US,Indiana,Putnam,234,8,0,39.66437981,-86.84517605,18133.0,622.7379178198851,3.418803418803418,226,233,8,0,225,222,37779,1,0,0,1,11
2020-08-05,US,Indiana,Randolph,109,4,0,40.15734772,-85.01139319,18135.0,441.9217514696939,3.669724770642202,105,107,4,0,103,103,24851,2,0,0,2,4
2020-08-05,US,Indiana,Ripley,194,7,0,39.10235626,-85.26212744,18137.0,684.931506849315,3.608247422680413,187,190,7,0,183,188,28523,4,0,0,4,2
2020-08-05,US,Indiana,Rush,80,4,0,39.62002287,-85.4655599,18139.0,482.4799469272057,5.0,76,80,4,0,76,79,16663,0,0,0,0,1
2020-08-05,US,Indiana,Scott,252,10,0,38.68672078,-85.74627859,18143.0,1055.5858082352452,3.968253968253968,242,252,10,0,242,250,23878,0,0,0,0,2
2020-08-05,US,Indiana,Shelby,530,27,0,39.52305623,-85.79158570000001,18145.0,1184.913590735317,5.09433962264151,503,522,26,0,496,511,44593,8,1,0,7,11
2020-08-05,US,Indiana,Spencer,116,3,0,38.01519732,-87.0079644,18147.0,572.0767371899196,2.586206896551724,113,112,3,0,109,114,20327,4,0,0,4,-2
2020-08-05,US,Indiana,St. Joseph,3224,79,0,41.61756781,-86.29040834,18141.0,1186.052842627269,2.4503722084367245,3145,3203,79,0,3124,3154,270771,21,0,0,21,49
2020-08-05,US,Indiana,Starke,170,7,0,41.27890281,-86.64686895,18149.0,739.2911502500543,4.117647058823529,163,164,7,0,157,165,22935,6,0,0,6,-1
2020-08-05,US,Indiana,Steuben,203,3,0,41.64423868,-85.00101094,18151.0,586.8069607446378,1.477832512315271,200,201,3,0,198,200,34586,2,0,0,2,1
2020-08-05,US,Indiana,Sullivan,83,1,0,39.08952258,-87.41414469,18153.0,401.56756495234407,1.2048192771084338,82,78,1,0,77,76,20690,5,0,0,5,2
2020-08-05,US,Indiana,Switzerland,43,0,0,38.82767338,-85.03022429,18155.0,399.96279415868287,0.0,43,43,0,0,43,43,10717,0,0,0,0,0
2020-08-05,US,Indiana,Tippecanoe,1123,11,0,40.38872739,-86.89413959,18157.0,573.7436903521141,0.9795191451469278,1112,1118,11,0,1107,1103,193048,5,0,0,5,15
2020-08-05,US,Indiana,Tipton,126,6,0,40.31123252,-86.05234925,18159.0,831.7929759704251,4.761904761904762,120,117,6,0,111,107,15128,9,0,0,9,10
2020-08-05,US,Indiana,Unassigned,0,202,0,0.0,0.0,90018.0,0.0,0.0,-202,0,202,0,-202,0,,0,0,0,0,0
2020-08-05,US,Indiana,Union,33,0,0,39.62550777,-84.92497066,18161.0,467.8196767791324,0.0,33,33,0,0,33,32,7037,0,0,0,0,1
2020-08-05,US,Indiana,Vanderburgh,1800,13,0,38.02658833,-87.58763124,18163.0,992.0033507668736,0.7222222222222222,1787,1763,12,0,1751,1726,180974,37,1,0,36,37
2020-08-05,US,Indiana,Vermillion,47,0,0,39.8523352,-87.46160542,18165.0,303.2649374112789,0.0,47,42,0,0,42,38,15479,5,0,0,5,4
2020-08-05,US,Indiana,Vigo,528,10,0,39.42944561,-87.39169027,18167.0,493.28275939386015,1.893939393939394,518,509,10,0,499,474,107386,19,0,0,19,35
2020-08-05,US,Indiana,Wabash,161,3,0,40.84704239,-85.79328272,18169.0,519.4218608852755,1.8633540372670807,158,161,3,0,158,161,31280,0,0,0,0,0
2020-08-05,US,Indiana,Warren,19,1,0,40.34728141,-87.35602659,18171.0,229.88505747126442,5.2631578947368425,18,19,1,0,18,19,8263,0,0,0,0,0
2020-08-05,US,Indiana,Warrick,540,30,0,38.08922676,-87.2716085,18173.0,857.1700688910759,5.5555555555555545,510,528,30,0,498,516,62567,12,0,0,12,12
2020-08-05,US,Indiana,Washington,117,1,0,38.60219804,-86.1049363,18175.0,417.3205878156656,0.8547008547008547,116,117,1,0,116,116,27943,0,0,0,0,1
2020-08-05,US,Indiana,Wayne,337,10,0,39.863344399999995,-85.01044989,18177.0,511.50506951611925,2.967359050445104,327,334,10,0,324,317,65936,3,0,0,3,17
2020-08-05,US,Indiana,Wells,144,2,0,40.72934187,-85.22132966,18179.0,508.90585241730275,1.3888888888888888,142,134,2,0,132,134,28206,10,0,0,10,0
2020-08-05,US,Indiana,White,349,10,0,40.74911165,-86.86492015,18181.0,1448.0126130611566,2.8653295128939833,339,347,10,0,337,347,24133,2,0,0,2,0
2020-08-05,US,Indiana,Whitley,149,6,0,41.13863784,-85.50791236,18183.0,438.6997997880108,4.026845637583893,143,148,6,0,142,148,34074,1,0,0,1,0
2020-08-05,US,Iowa,Adair,23,0,0,41.33075609,-94.47105874,19001.0,321.5883668903803,0.0,23,21,0,0,21,21,7063,2,0,0,2,0
2020-08-05,US,Iowa,Adams,16,0,0,41.02903567,-94.69932645,19003.0,444.1976679622432,0.0,16,16,0,0,16,16,3645,0,0,0,0,0
2020-08-05,US,Iowa,Allamakee,152,4,0,43.28383218,-91.37860922,19005.0,1110.5428508803977,2.631578947368421,148,150,4,0,146,151,13832,2,0,0,2,-1
2020-08-05,US,Iowa,Appanoose,43,3,0,40.74324454,-92.86865906,19007.0,346.0486077579268,6.9767441860465125,40,43,3,0,40,42,12437,0,0,0,0,1
2020-08-05,US,Iowa,Audubon,28,1,0,41.6844628,-94.90581859,19009.0,509.4614264919942,3.571428571428572,27,28,1,0,27,28,5506,0,0,0,0,0
2020-08-05,US,Iowa,Benton,145,1,0,42.08011739,-92.06463573,19011.0,565.412361084032,0.6896551724137931,144,145,1,0,144,143,25642,0,0,0,0,2
2020-08-05,US,Iowa,Black Hawk,3054,62,0,42.4704581,-92.30524729,19013.0,2327.24723382205,2.0301244269810086,2992,3022,62,0,2960,3003,132408,32,0,0,32,19
2020-08-05,US,Iowa,Boone,234,2,0,42.03657094,-93.9313999,19015.0,891.9722497522299,0.8547008547008547,232,231,2,0,229,228,26346,3,0,0,3,3
2020-08-05,US,Iowa,Bremer,196,7,0,42.77461496,-92.31795937,19017.0,782.0604899848378,3.571428571428572,189,192,7,0,185,187,24947,4,0,0,4,5
2020-08-05,US,Iowa,Buchanan,118,1,0,42.4709188,-91.83510825,19019.0,557.2609208972847,0.8474576271186439,117,114,1,0,113,111,21199,4,0,0,4,3
2020-08-05,US,Iowa,Buena Vista,1790,12,0,42.73545875,-95.15100162,19021.0,9123.343527013252,0.6703910614525139,1778,1786,12,0,1774,1785,19874,4,0,0,4,1
2020-08-05,US,Iowa,Butler,118,2,0,42.73172833,-92.79015971,19023.0,817.2311101876861,1.6949152542372878,116,115,2,0,113,114,14539,3,0,0,3,1
2020-08-05,US,Iowa,Calhoun,82,2,0,42.38521079,-94.64046046,19025.0,848.158874637981,2.4390243902439024,80,82,2,0,80,82,9699,0,0,0,0,0
2020-08-05,US,Iowa,Carroll,183,1,0,42.03617207,-94.86032705,19027.0,907.5130176047608,0.5464480874316939,182,182,1,0,181,181,20154,1,0,0,1,1
2020-08-05,US,Iowa,Cass,48,1,0,41.33149454,-94.92792482,19029.0,373.94827048924896,2.083333333333333,47,48,1,0,47,48,12930,0,0,0,0,0
2020-08-05,US,Iowa,Cedar,123,1,0,41.77233777,-91.13246684,19031.0,660.3317764535352,0.8130081300813008,122,120,1,0,119,120,18627,3,0,0,3,0
2020-08-05,US,Iowa,Cerro Gordo,586,17,0,43.08177563,-93.2612239,19033.0,1380.447585394582,2.901023890784983,569,579,17,0,562,576,42647,7,0,0,7,3
2020-08-05,US,Iowa,Cherokee,99,1,0,42.73538914,-95.62389402,19035.0,881.1748998664888,1.0101010101010102,98,98,1,0,97,97,11321,1,0,0,1,1
2020-08-05,US,Iowa,Chickasaw,52,0,0,43.06001295,-92.31773347,19037.0,435.766362188888,0.0,52,51,0,0,51,51,11964,1,0,0,1,0
2020-08-05,US,Iowa,Clarke,190,3,0,41.02868181,-93.78499767,19039.0,2022.3523150612027,1.5789473684210529,187,188,3,0,185,186,9423,2,0,0,2,2
2020-08-05,US,Iowa,Clay,174,1,0,43.08247182,-95.15096481,19041.0,1086.4135864135865,0.5747126436781609,173,171,1,0,170,171,16134,3,0,0,3,0
2020-08-05,US,Iowa,Clayton,101,3,0,42.84443388,-91.34133693,19043.0,575.5313693087925,2.9702970297029703,98,99,3,0,96,98,17556,2,0,0,2,1
2020-08-05,US,Iowa,Clinton,338,3,0,41.89981633,-90.53275096,19045.0,727.9932800620302,0.8875739644970414,335,321,3,0,318,317,46518,17,0,0,17,4
2020-08-05,US,Iowa,Crawford,726,3,0,42.03718237,-95.3819718,19047.0,4316.29013079667,0.4132231404958678,723,721,3,0,718,719,17158,5,0,0,5,2
2020-08-05,US,Iowa,Dallas,1807,35,0,41.68560356,-94.04127625,19049.0,1933.592287031984,1.9369120088544551,1772,1796,35,0,1761,1789,90180,11,0,0,11,7
2020-08-05,US,Iowa,Davis,51,1,0,40.74773536,-92.41005468,19051.0,566.6666666666666,1.96078431372549,50,50,1,0,49,48,9017,1,0,0,1,2
2020-08-05,US,Iowa,Decatur,23,0,0,40.73742757,-93.78645949,19053.0,292.2490470139772,0.0,23,22,0,0,22,22,7890,1,0,0,1,0
2020-08-05,US,Iowa,Delaware,94,1,0,42.47104597,-91.3664492,19055.0,552.583622362001,1.0638297872340423,93,91,1,0,90,90,17069,3,0,0,3,1
2020-08-05,US,Iowa,Des Moines,143,2,0,40.92012606,-91.18326592,19057.0,366.9771858239023,1.3986013986013983,141,139,2,0,137,139,39138,4,0,0,4,0
2020-08-05,US,Iowa,Dickinson,378,4,0,43.37787725,-95.1510206,19059.0,2190.2885618263995,1.058201058201058,374,375,4,0,371,375,17153,3,0,0,3,0
2020-08-05,US,Iowa,Dubuque,1594,31,0,42.46815349,-90.88181925,19061.0,1638.047086146479,1.944792973651192,1563,1549,29,0,1520,1537,96854,45,2,0,43,12
2020-08-05,US,Iowa,Emmet,185,2,0,43.37782951,-94.67858943,19063.0,2009.1225021720245,1.0810810810810811,183,181,2,0,179,179,9253,4,0,0,4,2
2020-08-05,US,Iowa,Fayette,81,0,0,42.86271799,-91.8441231,19065.0,412.2137404580152,0.0,81,81,0,0,81,81,19660,0,0,0,0,0
2020-08-05,US,Iowa,Floyd,132,2,0,43.06000529999999,-92.78940097,19067.0,843.8818565400844,1.5151515151515151,130,131,2,0,129,129,15761,1,0,0,1,2
2020-08-05,US,Iowa,Franklin,227,8,0,42.73270384,-93.26256925,19069.0,2254.2204568023835,3.524229074889868,219,225,6,0,219,220,10124,2,2,0,0,5
2020-08-05,US,Iowa,Fremont,34,0,0,40.74542720000001,-95.60129045,19071.0,488.50574712643686,0.0,34,35,0,0,35,35,6993,-1,0,0,-1,0
2020-08-05,US,Iowa,Greene,38,0,0,42.03614551,-94.39658081,19073.0,427.5427542754276,0.0,38,38,0,0,38,38,8981,0,0,0,0,0
2020-08-05,US,Iowa,Grundy,76,1,0,42.40183723,-92.78829551,19075.0,621.3211249182473,1.3157894736842106,75,74,1,0,73,74,12304,2,0,0,2,0
2020-08-05,US,Iowa,Guthrie,128,5,0,41.68378965,-94.50111014,19077.0,1197.4927495556176,3.90625,123,128,5,0,123,126,10720,0,0,0,0,2
2020-08-05,US,Iowa,Hamilton,243,1,0,42.38382428,-93.70197703,19079.0,1644.8927096730524,0.41152263374485604,242,241,1,0,240,241,14952,2,0,0,2,0
2020-08-05,US,Iowa,Hancock,117,2,0,43.08178477,-93.73454884,19081.0,1100.6585136406397,1.709401709401709,115,117,2,0,115,117,10712,0,0,0,0,0
2020-08-05,US,Iowa,Hardin,171,0,0,42.38353877,-93.23654611,19083.0,1015.0777632672444,0.0,171,166,0,0,166,165,16868,5,0,0,5,1
2020-08-05,US,Iowa,Harrison,99,0,0,41.68330137,-95.81558439,19085.0,704.6764894298526,0.0,99,98,0,0,98,97,14134,1,0,0,1,1
2020-08-05,US,Iowa,Henry,114,3,0,40.98767962,-91.54436349,19087.0,571.3140222511778,2.631578947368421,111,114,3,0,111,113,20067,0,0,0,0,1
2020-08-05,US,Iowa,Howard,49,0,0,43.35671042,-92.31702714,19089.0,535.051321249181,0.0,49,49,0,0,49,48,9187,0,0,0,0,1
2020-08-05,US,Iowa,Humboldt,94,1,0,42.7764426,-94.20722537,19091.0,983.469345051266,1.0638297872340423,93,92,1,0,91,92,9547,2,0,0,2,0
2020-08-05,US,Iowa,Ida,29,0,0,42.38696136,-95.51355387,19093.0,422.7405247813411,0.0,29,29,0,0,29,29,6841,0,0,0,0,0
2020-08-05,US,Iowa,Iowa,94,1,0,41.68630265,-92.0643373,19095.0,580.8205635195254,1.0638297872340423,93,90,1,0,89,89,16141,4,0,0,4,1
2020-08-05,US,Iowa,Jackson,146,1,0,42.17178824,-90.57354837,19097.0,751.0674417408302,0.6849315068493149,145,141,1,0,140,141,19432,5,0,0,5,0
2020-08-05,US,Iowa,Jasper,458,25,0,41.68576082,-93.05567785,19099.0,1231.6794406346644,5.458515283842795,433,458,25,0,433,455,37147,0,0,0,0,3
2020-08-05,US,Iowa,Jefferson,77,0,0,41.03192394,-91.94849466,19101.0,420.88002186389724,0.0,77,77,0,0,77,77,18381,0,0,0,0,0
2020-08-05,US,Iowa,Johnson,2002,16,0,41.67169354,-91.58754744,19103.0,1324.5997088791846,0.7992007992007992,1986,1959,15,0,1944,1933,151260,43,1,0,42,26
2020-08-05,US,Iowa,Jones,126,2,0,42.12118609,-91.13139641,19105.0,609.2548716212949,1.5873015873015872,124,124,2,0,122,124,20744,2,0,0,2,0
2020-08-05,US,Iowa,Keokuk,31,1,0,41.33649833,-92.1785067,19107.0,302.55709545188364,3.2258064516129035,30,31,1,0,30,30,10225,0,0,0,0,1
2020-08-05,US,Iowa,Kossuth,82,0,0,43.20405458,-94.20691791,19109.0,553.567812056977,0.0,82,78,0,0,78,78,14908,4,0,0,4,0
2020-08-05,US,Iowa,Lee,99,3,0,40.64181461,-91.48183025,19111.0,294.1438630894019,3.0303030303030303,96,97,3,0,94,95,34055,2,0,0,2,2
2020-08-05,US,Iowa,Linn,2198,87,0,42.07923082,-91.59809485,19113.0,969.537639056752,3.9581437670609647,2111,2145,87,0,2058,2108,225909,53,0,0,53,37
2020-08-05,US,Iowa,Louisa,379,14,0,41.21842119,-91.26102611,19115.0,3434.526506570005,3.693931398416887,365,378,14,0,364,379,11169,1,0,0,1,-1
2020-08-05,US,Iowa,Lucas,53,4,0,41.02958964,-93.32780803,19117.0,616.2790697674419,7.547169811320754,49,50,4,0,46,45,8645,3,0,0,3,5
2020-08-05,US,Iowa,Lyon,108,0,0,43.38107862,-96.20926845,19119.0,918.7579753296468,0.0,108,106,0,0,106,102,11811,2,0,0,2,4
2020-08-05,US,Iowa,Madison,107,2,0,41.33081904,-94.01554631,19121.0,654.9149222671074,1.8691588785046729,105,105,2,0,103,102,16249,2,0,0,2,3
2020-08-05,US,Iowa,Mahaska,137,17,0,41.33521503,-92.64083907,19123.0,620.0497850192352,12.408759124087592,120,136,17,0,119,136,22000,1,0,0,1,0
2020-08-05,US,Iowa,Marion,159,0,0,41.33445101,-93.09934783,19125.0,478.15234715664735,0.0,159,155,0,0,155,153,33407,4,0,0,4,2
2020-08-05,US,Iowa,Marshall,1407,25,0,42.03586837,-92.9990819,19127.0,3573.8779242551245,1.7768301350390905,1382,1394,24,0,1370,1389,39981,13,1,0,12,5
2020-08-05,US,Iowa,Mills,85,0,0,41.03299766,-95.61920963,19129.0,562.5785955390827,0.0,85,83,0,0,83,82,15063,2,0,0,2,1
2020-08-05,US,Iowa,Mitchell,78,0,0,43.35638371,-92.78887719,19131.0,736.8222180238049,0.0,78,76,0,0,76,76,10569,2,0,0,2,0
2020-08-05,US,Iowa,Monona,91,0,0,42.05220391,-95.95743843,19133.0,1056.2971561230413,0.0,91,90,0,0,90,90,8679,1,0,0,1,0
2020-08-05,US,Iowa,Monroe,70,7,0,41.02988815,-92.8690667,19135.0,908.2652134423253,10.0,63,67,7,0,60,67,7790,3,0,0,3,0
2020-08-05,US,Iowa,Montgomery,45,4,0,41.03018714,-95.15642896,19137.0,453.76625995764846,8.888888888888891,41,45,3,0,42,43,10003,0,1,0,-1,2
2020-08-05,US,Iowa,Muscatine,839,48,0,41.48370744,-91.1121697,19139.0,1966.5291580723795,5.7210965435041725,791,830,48,0,782,826,42929,9,0,0,9,4
2020-08-05,US,Iowa,O'Brien,132,1,0,43.08310673,-95.62474482,19141.0,959.7905911437504,0.7575757575757576,131,131,1,0,130,131,13840,1,0,0,1,0
2020-08-05,US,Iowa,Osceola,78,0,0,43.37824276,-95.62422844,19143.0,1309.164149043303,0.0,78,78,0,0,78,77,6040,0,0,0,0,1
2020-08-05,US,Iowa,Page,77,0,0,40.7393172,-95.1497813,19145.0,509.6974912292315,0.0,77,76,0,0,76,76,15249,1,0,0,1,0
2020-08-05,US,Iowa,Palo Alto,80,0,0,43.08193849,-94.67824621,19147.0,900.2925950934053,0.0,80,80,0,0,80,79,8929,0,0,0,0,1
2020-08-05,US,Iowa,Plymouth,448,8,0,42.737633,-96.21366621,19149.0,1779.4018350081424,1.7857142857142858,440,443,8,0,435,443,25095,5,0,0,5,0
2020-08-05,US,Iowa,Pocahontas,114,1,0,42.73420133,-94.67862564,19151.0,1722.3145490255326,0.8771929824561403,113,114,1,0,113,113,6740,0,0,0,0,1
2020-08-05,US,Iowa,Polk,9874,204,0,41.68679484,-93.57767461,19153.0,2014.4401533373727,2.0660320032408346,9670,9781,203,0,9578,9723,487204,93,1,0,92,58
2020-08-05,US,Iowa,Pottawattamie,1257,24,0,41.33640314,-95.53907776,19155.0,1348.6256249597666,1.9093078758949882,1233,1227,23,0,1204,1217,93533,30,1,0,29,10
2020-08-05,US,Iowa,Poweshiek,151,8,0,41.68625425,-92.53155731,19157.0,816.039775183744,5.298013245033113,143,150,8,0,142,146,18699,1,0,0,1,4
2020-08-05,US,Iowa,Ringgold,21,1,0,40.73518949,-94.24368535,19159.0,429.09685328974257,4.761904761904762,20,21,1,0,20,21,4968,0,0,0,0,0
2020-08-05,US,Iowa,Sac,81,0,0,42.38624071,-95.10547892,19161.0,833.2476082707541,0.0,81,81,0,0,81,81,9719,0,0,0,0,0
2020-08-05,US,Iowa,Scott,1636,13,0,41.63935978,-90.61959493,19163.0,945.9764199765241,0.7946210268948656,1623,1615,12,0,1603,1593,173283,21,1,0,20,22
2020-08-05,US,Iowa,Shelby,176,1,0,41.6850066,-95.31015553,19165.0,1536.581107036843,0.5681818181818182,175,169,1,0,168,161,11578,7,0,0,7,8
2020-08-05,US,Iowa,Sioux,607,2,0,43.08221074,-96.1767568,19167.0,1741.500502080046,0.32948929159802304,605,602,2,0,600,595,34909,5,0,0,5,7
2020-08-05,US,Iowa,Story,1126,14,0,42.03621213,-93.46499005,19169.0,1159.4262590483645,1.2433392539964476,1112,1117,14,0,1103,1109,98105,9,0,0,9,8
2020-08-05,US,Iowa,Tama,543,29,0,42.07991767,-92.53266945,19171.0,3221.7871128515485,5.3406998158379375,514,539,29,0,510,537,16904,4,0,0,4,2
2020-08-05,US,Iowa,Taylor,94,0,0,40.73710579,-94.69778563,19173.0,1535.6967815716391,0.0,94,93,0,0,93,93,6191,1,0,0,1,0
2020-08-05,US,Iowa,Unassigned,4,0,0,0.0,0.0,90019.0,0.0,0.0,4,,,,,8,,,,,,
2020-08-05,US,Iowa,Union,74,1,0,41.0277278,-94.24234847,19175.0,604.5257740380688,1.351351351351351,73,72,1,0,71,70,12359,2,0,0,2,2
2020-08-05,US,Iowa,Van Buren,34,1,0,40.75326764,-91.95017958,19177.0,482.68029528676885,2.9411764705882355,33,33,1,0,32,32,7020,1,0,0,1,1
2020-08-05,US,Iowa,Wapello,866,33,0,41.03064984,-92.40954728,19179.0,2476.4791672624324,3.8106235565819864,833,850,32,0,818,849,35205,16,1,0,15,1
2020-08-05,US,Iowa,Warren,542,1,0,41.33559454,-93.56007641,19181.0,1053.1224497726655,0.18450184501845016,541,534,1,0,533,528,51056,8,0,0,8,6
2020-08-05,US,Iowa,Washington,288,10,0,41.33577126,-91.71725711,19183.0,1311.1768722968359,3.4722222222222223,278,288,10,0,278,287,22141,0,0,0,0,1
2020-08-05,US,Iowa,Wayne,19,1,0,40.73969028,-93.32752197,19185.0,294.9852507374631,5.2631578947368425,18,18,1,0,17,16,6401,1,0,0,1,2
2020-08-05,US,Iowa,Webster,763,7,0,42.42853483,-94.17987389,19187.0,2125.1114081996434,0.9174311926605504,756,736,6,0,730,725,36277,27,1,0,26,11
2020-08-05,US,Iowa,Winnebago,76,0,0,43.37751174,-93.73407298,19189.0,734.0158392891636,0.0,76,77,0,0,77,76,10518,-1,0,0,-1,1
2020-08-05,US,Iowa,Winneshiek,90,1,0,43.29094334,-91.84422722,19191.0,450.2025911660247,1.1111111111111112,89,86,1,0,85,85,20029,4,0,0,4,1
2020-08-05,US,Iowa,Woodbury,3673,51,0,42.38979414,-96.0459439,19193.0,3562.3187562435137,1.3885107541519195,3622,3656,51,0,3605,3651,102539,17,0,0,17,5
2020-08-05,US,Iowa,Worth,64,0,0,43.37750768,-93.26087602,19195.0,867.0911800569029,0.0,64,61,0,0,61,61,7453,3,0,0,3,0
2020-08-05,US,Iowa,Wright,451,1,0,42.73305373,-93.73515113,19197.0,3590.1926444833625,0.22172949002217296,450,444,1,0,443,443,12690,7,0,0,7,1
2020-08-05,US,Kansas,Allen,15,0,0,37.88582951,-95.30030847,20001.0,121.2709192335678,0.0,15,15,0,0,15,15,12444,0,0,0,0,0
2020-08-05,US,Kansas,Anderson,29,0,0,38.21413251,-95.29272815,20003.0,369.0506490201069,0.0,29,29,0,0,29,29,7878,0,0,0,0,0
2020-08-05,US,Kansas,Atchison,62,0,0,39.53185661,-95.30870026,20005.0,385.7400609718161,0.0,62,62,0,0,62,62,16193,0,0,0,0,0
2020-08-05,US,Kansas,Barber,4,0,0,37.2288586,-98.68460053,20007.0,90.35464196973119,0.0,4,4,0,0,4,4,4472,0,0,0,0,0
2020-08-05,US,Kansas,Barton,126,3,0,38.47889676,-98.75636726,20009.0,488.76992901198645,2.380952380952381,123,126,3,0,123,116,26111,0,0,0,0,10
2020-08-05,US,Kansas,Bourbon,73,2,0,37.85508555,-94.84865997,20011.0,502.2705380487134,2.7397260273972597,71,73,1,0,72,73,14653,0,1,0,-1,0
2020-08-05,US,Kansas,Brown,35,0,0,39.82652589,-95.56421698,20013.0,365.9556670849017,0.0,35,32,0,0,32,32,9598,3,0,0,3,0
2020-08-05,US,Kansas,Butler,228,1,0,37.78134351,-96.83878537,20015.0,340.75114704607614,0.43859649122807015,227,218,1,0,217,215,66765,10,0,0,10,3
2020-08-05,US,Kansas,Chase,42,0,0,38.30292938,-96.59563862,20017.0,1586.1027190332327,0.0,42,39,0,0,39,34,2629,3,0,0,3,5
2020-08-05,US,Kansas,Chautauqua,5,0,0,37.14994405,-96.2454192,20019.0,153.84615384615384,0.0,5,5,0,0,5,5,3309,0,0,0,0,0
2020-08-05,US,Kansas,Cherokee,91,1,0,37.16928494,-94.8462897,20021.0,456.3919955865388,1.0989010989010992,90,78,1,0,77,78,20015,13,0,0,13,0
2020-08-05,US,Kansas,Cheyenne,2,0,0,39.78580976,-101.7318201,20023.0,75.27286413248024,0.0,2,2,0,0,2,2,2660,0,0,0,0,0
2020-08-05,US,Kansas,Clark,45,1,0,37.23577007,-99.81883015,20025.0,2256.7703109327986,2.2222222222222223,44,43,1,0,42,43,2005,2,0,0,2,0
2020-08-05,US,Kansas,Clay,18,2,0,39.34948772,-97.16518128,20027.0,224.9437640589853,11.111111111111109,16,18,2,0,16,18,7997,0,0,0,0,0
2020-08-05,US,Kansas,Cloud,30,0,0,39.48028352,-97.64925343,20029.0,341.45231049396773,0.0,30,30,0,0,30,30,8729,0,0,0,0,0
2020-08-05,US,Kansas,Coffey,67,8,0,38.2365018,-95.73379515,20031.0,819.1710478053552,11.940298507462687,59,67,8,0,59,67,8233,0,0,0,0,0
2020-08-05,US,Kansas,Comanche,3,0,0,37.19114520000001,-99.27113247,20033.0,176.47058823529412,0.0,3,3,0,0,3,3,1748,0,0,0,0,0
2020-08-05,US,Kansas,Cowley,160,2,0,37.23781842,-96.83776647,20035.0,458.3476566976052,1.25,158,160,2,0,158,158,35218,0,0,0,0,2
2020-08-05,US,Kansas,Crawford,377,1,0,37.50675523,-94.85245778,20037.0,971.1989283322173,0.26525198938992045,376,377,1,0,376,377,39019,0,0,0,0,0
2020-08-05,US,Kansas,Decatur,5,0,0,39.78468441,-100.45940809999999,20039.0,176.86593562079943,0.0,5,5,0,0,5,5,2871,0,0,0,0,0
2020-08-05,US,Kansas,Dickinson,44,1,0,38.86600962,-97.15532383,20041.0,238.2757500270768,2.272727272727273,43,43,1,0,42,43,18717,1,0,0,1,0
2020-08-05,US,Kansas,Doniphan,47,0,0,39.79067154,-95.14056866,20043.0,618.421052631579,0.0,47,46,0,0,46,46,7682,1,0,0,1,0
2020-08-05,US,Kansas,Douglas,686,5,0,38.88503636,-95.2925121,20045.0,561.1038860124817,0.7288629737609329,681,684,4,0,680,679,121436,2,1,0,1,5
2020-08-05,US,Kansas,Edwards,10,0,0,37.88735543,-99.31263309,20047.0,357.39814152966414,0.0,10,10,0,0,10,10,2849,0,0,0,0,0
2020-08-05,US,Kansas,Elk,1,0,0,37.45338105,-96.24369667,20049.0,39.52569169960474,0.0,1,1,0,0,1,1,2508,0,0,0,0,0
2020-08-05,US,Kansas,Ellis,135,1,0,38.91458712,-99.31751551,20051.0,472.80495919868315,0.7407407407407407,134,133,1,0,132,133,28710,2,0,0,2,0
2020-08-05,US,Kansas,Ellsworth,21,0,0,38.69677695,-98.20462799,20053.0,344.14945919370695,0.0,21,18,0,0,18,18,6196,3,0,0,3,0
2020-08-05,US,Kansas,Finney,1758,10,0,38.04340344,-100.73819379999999,20055.0,4820.7968848548,0.5688282138794084,1748,1755,10,0,1745,1740,36611,3,0,0,3,15
2020-08-05,US,Kansas,Ford,2055,8,0,37.69200114,-99.88825298,20057.0,6112.614890389364,0.3892944038929441,2047,2042,8,0,2034,2042,33888,13,0,0,13,0
2020-08-05,US,Kansas,Franklin,172,1,0,38.56443815,-95.28644341,20059.0,673.3479486376449,0.5813953488372093,171,155,1,0,154,155,25631,17,0,0,17,0
2020-08-05,US,Kansas,Geary,130,2,0,38.99871131,-96.7577178,20061.0,410.48310704136406,1.5384615384615383,128,130,2,0,128,128,32594,0,0,0,0,2
2020-08-05,US,Kansas,Gove,6,0,0,38.91588178,-100.4829321,20063.0,227.6176024279211,0.0,6,6,0,0,6,6,2612,0,0,0,0,0
2020-08-05,US,Kansas,Graham,16,0,0,39.34987223,-99.88332493,20065.0,644.64141821112,0.0,16,16,0,0,16,16,2492,0,0,0,0,0
2020-08-05,US,Kansas,Grant,97,2,0,37.56227336,-101.3079758,20067.0,1356.6433566433566,2.061855670103093,95,97,2,0,95,97,7336,0,0,0,0,0
2020-08-05,US,Kansas,Gray,77,0,0,37.73836671,-100.4369088,20069.0,1285.9051436205746,0.0,77,71,0,0,71,71,6033,6,0,0,6,0
2020-08-05,US,Kansas,Greeley,3,0,0,38.4808095,-101.8061079,20071.0,243.50649350649346,0.0,3,3,0,0,3,3,1227,0,0,0,0,0
2020-08-05,US,Kansas,Greenwood,20,0,0,37.8774388,-96.23250453,20073.0,334.33634236041456,0.0,20,19,0,0,19,19,6055,1,0,0,1,0
2020-08-05,US,Kansas,Hamilton,37,0,0,37.99978709,-101.7921066,20075.0,1457.26664040961,0.0,37,37,0,0,37,37,2607,0,0,0,0,0
2020-08-05,US,Kansas,Harper,10,0,0,37.19175361,-98.07578384,20077.0,183.9587932303164,0.0,10,9,0,0,9,9,5506,1,0,0,1,0
2020-08-05,US,Kansas,Harvey,169,1,0,38.04293782,-97.42747573,20079.0,490.86525893868543,0.591715976331361,168,169,1,0,168,169,34210,0,0,0,0,0
2020-08-05,US,Kansas,Haskell,44,0,0,37.562039399999996,-100.8710738,20081.0,1108.8709677419354,0.0,44,44,0,0,44,44,3997,0,0,0,0,0
2020-08-05,US,Kansas,Hodgeman,11,0,0,38.08780079,-99.89829881,20083.0,613.1549609810479,0.0,11,11,0,0,11,11,1818,0,0,0,0,0
2020-08-05,US,Kansas,Jackson,146,1,0,39.41673394,-95.79356799,20085.0,1108.4959380457062,0.6849315068493149,145,145,1,0,144,144,13280,1,0,0,1,1
2020-08-05,US,Kansas,Jefferson,75,0,0,39.2347941,-95.38289232,20087.0,393.8455075355774,0.0,75,70,0,0,70,70,18975,5,0,0,5,0
2020-08-05,US,Kansas,Jewell,10,0,0,39.78470589,-98.21820662,20089.0,347.34282737061477,0.0,10,10,0,0,10,10,2841,0,0,0,0,0
2020-08-05,US,Kansas,Johnson,5320,98,0,38.88548175,-94.82250877,20091.0,883.1326641224035,1.8421052631578947,5222,5240,98,0,5142,5150,597555,80,0,0,80,90
2020-08-05,US,Kansas,Kearny,57,1,0,38.00017981,-101.32168100000001,20093.0,1485.148514851485,1.7543859649122806,56,57,1,0,56,57,3943,0,0,0,0,0
2020-08-05,US,Kansas,Kingman,12,0,0,37.55909527,-98.13638678,20095.0,167.78523489932888,0.0,12,10,0,0,10,10,7310,2,0,0,2,0
2020-08-05,US,Kansas,Kiowa,7,0,0,37.55848695,-99.2856537,20097.0,282.8282828282828,0.0,7,6,0,0,6,6,2516,1,0,0,1,0
2020-08-05,US,Kansas,Labette,118,0,0,37.19113093,-95.29849679,20099.0,601.4884289937813,0.0,118,118,0,0,118,110,19964,0,0,0,0,8
2020-08-05,US,Kansas,Lane,5,0,0,38.48119447,-100.46607540000001,20101.0,325.73289902280135,0.0,5,5,0,0,5,5,1560,0,0,0,0,0
2020-08-05,US,Kansas,Leavenworth,1444,8,0,39.20183497,-95.03620809,20103.0,1766.1880182979035,0.554016620498615,1436,1425,8,0,1417,1425,81352,19,0,0,19,0
2020-08-05,US,Kansas,Lincoln,6,0,0,39.04549684,-98.20756994,20105.0,202.56583389601624,0.0,6,6,0,0,6,6,3023,0,0,0,0,0
2020-08-05,US,Kansas,Linn,36,0,0,38.21267844,-94.84254089,20107.0,371.0192723899825,0.0,36,35,0,0,35,35,9750,1,0,0,1,0
2020-08-05,US,Kansas,Logan,2,0,0,38.91735806,-101.148475,20109.0,71.58196134574086,0.0,2,2,0,0,2,2,2844,0,0,0,0,0
2020-08-05,US,Kansas,Lyon,680,13,0,38.45576156,-96.15275715,20111.0,2048.5012803133004,1.9117647058823528,667,680,13,0,667,676,33406,0,0,0,0,4
2020-08-05,US,Kansas,Marion,46,1,0,38.35855394,-97.09852509999999,20115.0,387.07505890272637,2.1739130434782608,45,46,1,0,45,44,11950,0,0,0,0,2
2020-08-05,US,Kansas,Marshall,9,0,0,39.78359669,-96.52278974,20117.0,92.71659627073248,0.0,9,9,0,0,9,9,9722,0,0,0,0,0
2020-08-05,US,Kansas,McPherson,137,1,0,38.39184858,-97.64769869,20113.0,479.99439422605286,0.7299270072992701,136,130,1,0,129,130,28537,7,0,0,7,0
2020-08-05,US,Kansas,Meade,42,0,0,37.23859987,-100.36483100000001,20119.0,1041.408380857922,0.0,42,40,0,0,40,40,4146,2,0,0,2,0
2020-08-05,US,Kansas,Miami,123,0,0,38.56383358,-94.83832189,20121.0,359.2604492216024,0.0,123,120,0,0,120,120,33680,3,0,0,3,0
2020-08-05,US,Kansas,Mitchell,27,0,0,39.39331582,-98.20906732,20123.0,451.58053186151534,0.0,27,27,0,0,27,27,6150,0,0,0,0,0
2020-08-05,US,Kansas,Montgomery,162,5,0,37.19236568,-95.74329258,20125.0,508.9698074083384,3.08641975308642,157,162,5,0,157,161,32120,0,0,0,0,1
2020-08-05,US,Kansas,Morris,11,0,0,38.68827511,-96.65128437,20127.0,195.72953736654804,0.0,11,9,0,0,9,9,5521,2,0,0,2,0
2020-08-05,US,Kansas,Morton,9,2,0,37.19141121,-101.79925190000002,20129.0,347.89331271743333,22.222222222222218,7,9,2,0,7,9,2667,0,0,0,0,0
2020-08-05,US,Kansas,Nemaha,48,1,0,39.78345387,-96.01392079,20131.0,469.16234972143485,2.083333333333333,47,48,1,0,47,48,10155,0,0,0,0,0
2020-08-05,US,Kansas,Neosho,56,0,0,37.55862897,-95.30670046,20133.0,349.84694196289115,0.0,56,53,0,0,53,53,15951,3,0,0,3,0
2020-08-05,US,Kansas,Ness,6,0,0,38.47974157,-99.91547333,20135.0,218.1818181818182,0.0,6,6,0,0,6,6,2840,0,0,0,0,0
2020-08-05,US,Kansas,Norton,23,0,0,39.78443827,-99.90286639,20137.0,429.0244357396009,0.0,23,23,0,0,23,23,5430,0,0,0,0,0
2020-08-05,US,Kansas,Osage,38,0,0,38.65235984,-95.72707998,20139.0,238.25945200326044,0.0,38,38,0,0,38,38,15941,0,0,0,0,0
2020-08-05,US,Kansas,Osborne,4,0,0,39.3503437,-98.76753828,20141.0,116.92487576731949,0.0,4,4,0,0,4,4,3475,0,0,0,0,0
2020-08-05,US,Kansas,Ottawa,32,0,0,39.13237408,-97.65020313,20143.0,561.0098176718093,0.0,32,30,0,0,30,30,5802,2,0,0,2,0
2020-08-05,US,Kansas,Pawnee,7,0,0,38.18108732,-99.23692334,20145.0,109.13626442157779,0.0,7,7,0,0,7,7,6562,0,0,0,0,0
2020-08-05,US,Kansas,Phillips,50,8,0,39.78465501,-99.34668865,20147.0,955.2923194497516,16.0,42,50,8,0,42,49,5317,0,0,0,0,1
2020-08-05,US,Kansas,Pottawatomie,106,0,0,39.37925655,-96.34564657,20149.0,434.7291145470205,0.0,106,105,0,0,105,105,24277,1,0,0,1,0
2020-08-05,US,Kansas,Pratt,33,0,0,37.64780729,-98.73922153,20151.0,360.10475774770845,0.0,33,33,0,0,33,33,9378,0,0,0,0,0
2020-08-05,US,Kansas,Reno,241,1,0,37.95230263,-98.08607292,20155.0,388.7222168457047,0.4149377593360996,240,232,1,0,231,228,62342,9,0,0,9,4
2020-08-05,US,Kansas,Republic,32,0,0,39.82799632,-97.65036709,20157.0,690.2502157031925,0.0,32,32,0,0,32,32,4664,0,0,0,0,0
2020-08-05,US,Kansas,Rice,35,0,0,38.34616184,-98.19992118,20159.0,366.9917164726853,0.0,35,30,0,0,30,30,9531,5,0,0,5,0
2020-08-05,US,Kansas,Riley,465,5,0,39.28935726,-96.73420026,20161.0,626.4144843194308,1.075268817204301,460,452,5,0,447,450,73703,13,0,0,13,2
2020-08-05,US,Kansas,Rooks,16,0,0,39.35022773,-99.32484567,20163.0,325.2032520325203,0.0,16,16,0,0,16,16,5013,0,0,0,0,0
2020-08-05,US,Kansas,Rush,6,0,0,38.52275276,-99.30863983,20165.0,197.6284584980237,0.0,6,6,0,0,6,6,3093,0,0,0,0,0
2020-08-05,US,Kansas,Russell,13,0,0,38.91462787,-98.76254297,20167.0,189.6149358226371,0.0,13,13,0,0,13,13,6907,0,0,0,0,0
2020-08-05,US,Kansas,Saline,362,5,0,38.78369175,-97.65185177,20169.0,667.6010622602538,1.3812154696132597,357,343,5,0,338,343,54401,19,0,0,19,0
2020-08-05,US,Kansas,Scott,34,0,0,38.48222076,-100.90665390000001,20171.0,704.955421936554,0.0,34,28,0,0,28,28,4897,6,0,0,6,0
2020-08-05,US,Kansas,Sedgwick,4540,43,0,37.6842718,-97.4608198,20173.0,879.7733517814441,0.947136563876652,4497,4436,43,0,4393,4348,513607,104,0,0,104,88
2020-08-05,US,Kansas,Seward,1215,4,0,37.19324632,-100.85072009999999,20175.0,5670.15120403211,0.3292181069958848,1211,1204,4,0,1200,1188,21780,11,0,0,11,16
2020-08-05,US,Kansas,Shawnee,1473,19,0,39.04100763,-95.75572640000001,20177.0,832.7915194346291,1.2898845892735913,1454,1441,19,0,1422,1434,177499,32,0,0,32,7
2020-08-05,US,Kansas,Sheridan,7,0,0,39.35018161,-100.44182590000001,20179.0,277.66759222530743,0.0,7,7,0,0,7,7,2533,0,0,0,0,0
2020-08-05,US,Kansas,Sherman,15,0,0,39.35147699,-101.71976240000001,20181.0,253.50684468480648,0.0,15,15,0,0,15,15,5899,0,0,0,0,0
2020-08-05,US,Kansas,Smith,3,0,0,39.78516566,-98.78566062,20183.0,83.72871895060004,0.0,3,3,0,0,3,3,3603,0,0,0,0,0
2020-08-05,US,Kansas,Stafford,3,0,0,38.03100851,-98.71762001,20185.0,72.18479307025987,0.0,3,3,0,0,3,3,4178,0,0,0,0,0
2020-08-05,US,Kansas,Stanton,16,1,0,37.56304714,-101.78435340000001,20187.0,797.6071784646061,6.25,15,16,1,0,15,16,1987,0,0,0,0,0
2020-08-05,US,Kansas,Stevens,45,0,0,37.1923008,-101.3118967,20189.0,820.4193254329991,0.0,45,44,0,0,44,44,5559,1,0,0,1,0
2020-08-05,US,Kansas,Sumner,98,3,0,37.23682549,-97.47721621,20191.0,429.14696093886846,3.0612244897959178,95,98,3,0,95,98,22996,0,0,0,0,0
2020-08-05,US,Kansas,Thomas,35,0,0,39.35107575,-101.0553705,20193.0,450.04500450045,0.0,35,33,0,0,33,32,7711,2,0,0,2,1
2020-08-05,US,Kansas,Trego,5,1,0,38.91467218,-99.87284448,20195.0,178.38030681412772,20.0,4,5,1,0,4,5,2793,0,0,0,0,0
2020-08-05,US,Kansas,Unassigned,0,1,0,0.0,0.0,90020.0,0.0,0.0,-1,0,1,0,-1,0,,0,0,0,0,0
2020-08-05,US,Kansas,Wabaunsee,42,0,0,38.95471985,-96.20350509,20197.0,605.9731640455923,0.0,42,39,0,0,39,39,6899,3,0,0,3,0
2020-08-05,US,Kansas,Washington,3,0,0,39.78420784,-97.08753229999999,20201.0,55.493895671476146,0.0,3,2,0,0,2,2,5420,1,0,0,1,0
2020-08-05,US,Kansas,Wichita,4,0,0,38.48178252,-101.3471509,20203.0,188.76828692779614,0.0,4,4,0,0,4,4,2105,0,0,0,0,0
2020-08-05,US,Kansas,Wilson,10,0,0,37.55937174,-95.74323255,20205.0,117.30205278592376,0.0,10,8,0,0,8,8,8665,2,0,0,2,0
2020-08-05,US,Kansas,Woodson,11,0,0,37.8865336,-95.74006277,20207.0,350.54174633524536,0.0,11,11,0,0,11,11,3183,0,0,0,0,0
2020-08-05,US,Kansas,Wyandotte,4674,98,0,39.11727348,-94.76378225,20209.0,2825.381281395644,2.0967051775780914,4576,4618,96,0,4522,4535,165324,56,2,0,54,83
2020-08-05,US,Kentucky,Adair,204,19,0,37.10459774,-85.28129668,21001.0,1062.3893344443288,9.31372549019608,185,203,19,0,184,203,19215,1,0,0,1,0
2020-08-05,US,Kentucky,Allen,220,8,0,36.75197631,-86.19457544,21003.0,1032.1369927281255,3.636363636363636,212,217,8,0,209,217,21122,3,0,0,3,0
2020-08-05,US,Kentucky,Anderson,80,1,0,38.00671029,-84.99171713,21005.0,351.6947289752494,1.25,79,77,1,0,76,75,22663,3,0,0,3,2
2020-08-05,US,Kentucky,Ballard,31,0,0,37.05842757,-88.99427697,21007.0,393.00202839756594,0.0,31,31,0,0,31,31,7979,0,0,0,0,0
2020-08-05,US,Kentucky,Barren,352,2,0,36.96469836,-85.93338945,21009.0,795.4982033492282,0.5681818181818182,350,342,2,0,340,334,44176,10,0,0,10,8
2020-08-05,US,Kentucky,Bath,36,1,0,38.14735938,-83.74588932,21011.0,288.0,2.7777777777777777,35,36,1,0,35,35,12383,0,0,0,0,1
2020-08-05,US,Kentucky,Bell,287,2,0,36.73355174,-83.67766671,21013.0,1102.4892440073756,0.6968641114982579,285,285,2,0,283,281,26569,2,0,0,2,4
2020-08-05,US,Kentucky,Boone,1054,24,0,38.97065142,-84.72615357,21015.0,789.0343686602138,2.2770398481973437,1030,1048,24,0,1024,1021,131533,6,0,0,6,27
2020-08-05,US,Kentucky,Bourbon,73,1,0,38.2054607,-84.21827874,21017.0,368.9104507782495,1.3698630136986298,72,71,1,0,70,69,20184,2,0,0,2,2
2020-08-05,US,Kentucky,Boyd,182,3,0,38.36176608,-82.68652187,21019.0,389.5714713814804,1.6483516483516485,179,179,3,0,176,174,47240,3,0,0,3,5
2020-08-05,US,Kentucky,Boyle,144,0,0,37.62680923,-84.8633779,21021.0,479.0419161676648,0.0,144,142,0,0,142,137,30100,2,0,0,2,5
2020-08-05,US,Kentucky,Bracken,30,0,0,38.69158994,-84.08532444,21023.0,361.3151872817054,0.0,30,29,0,0,29,29,8239,1,0,0,1,0
2020-08-05,US,Kentucky,Breathitt,28,0,0,37.52333168,-83.31959161,21025.0,221.6943784639746,0.0,28,26,0,0,26,26,12726,2,0,0,2,0
2020-08-05,US,Kentucky,Breckinridge,55,2,0,37.77377239,-86.42885017,21027.0,268.59403232895437,3.636363636363636,53,52,2,0,50,52,20388,3,0,0,3,0
2020-08-05,US,Kentucky,Bullitt,329,4,0,37.97162523,-85.68955617,21029.0,402.8111073020226,1.2158054711246202,325,318,4,0,314,315,81069,11,0,0,11,3
2020-08-05,US,Kentucky,Butler,297,15,0,37.20946153,-86.68748787,21031.0,2306.079664570231,5.05050505050505,282,296,15,0,281,295,12772,1,0,0,1,1
2020-08-05,US,Kentucky,Caldwell,49,0,0,37.14749129,-87.86948214,21033.0,384.40417353102686,0.0,49,49,0,0,49,49,12715,0,0,0,0,0
2020-08-05,US,Kentucky,Calloway,202,4,0,36.62093411,-88.2731593,21035.0,517.9354375528833,1.98019801980198,198,198,4,0,194,196,39135,4,0,0,4,2
2020-08-05,US,Kentucky,Campbell,548,13,0,38.94384345,-84.37875208,21037.0,585.5701829372542,2.372262773722628,535,542,13,0,529,525,93152,6,0,0,6,17
2020-08-05,US,Kentucky,Carlisle,33,1,0,36.85372876,-88.96692220000001,21039.0,693.2773109243698,3.0303030303030303,32,32,1,0,31,31,4771,1,0,0,1,1
2020-08-05,US,Kentucky,Carroll,148,2,0,38.66599534,-85.12601074,21041.0,1392.155018342583,1.351351351351351,146,145,2,0,143,142,10737,3,0,0,3,3
2020-08-05,US,Kentucky,Carter,99,1,0,38.31690743,-83.05092385,21043.0,369.4443407844162,1.0101010101010102,98,98,1,0,97,95,27004,1,0,0,1,3
2020-08-05,US,Kentucky,Casey,157,10,0,37.32533118,-84.92726209,21045.0,971.5947769045114,6.369426751592357,147,154,10,0,144,154,15888,3,0,0,3,0
2020-08-05,US,Kentucky,Christian,481,6,0,36.89267803,-87.49055367,21047.0,682.6471381331518,1.2474012474012477,475,478,6,0,472,476,71671,3,0,0,3,2
2020-08-05,US,Kentucky,Clark,168,7,0,37.9689263,-84.14615986,21049.0,463.2821333039186,4.166666666666667,161,162,7,0,155,156,36249,6,0,0,6,6
2020-08-05,US,Kentucky,Clay,145,5,0,37.16451126,-83.712575,21051.0,728.6066026832823,3.4482758620689653,140,144,5,0,139,143,20105,1,0,0,1,1
2020-08-05,US,Kentucky,Clinton,27,0,0,36.72581156,-85.13377529,21053.0,264.2395772166765,0.0,27,27,0,0,27,27,10206,0,0,0,0,0
2020-08-05,US,Kentucky,Crittenden,26,1,0,37.35839237,-88.08826090000002,21055.0,295.25323642970704,3.8461538461538463,25,26,1,0,25,26,8915,0,0,0,0,0
2020-08-05,US,Kentucky,Cumberland,40,0,0,36.78926125,-85.39050034,21057.0,604.7777441790142,0.0,40,40,0,0,40,40,6659,0,0,0,0,0
2020-08-05,US,Kentucky,Daviess,735,8,0,37.73028906,-87.09019479999998,21059.0,724.0594615361882,1.08843537414966,727,723,8,0,715,715,101104,12,0,0,12,8
2020-08-05,US,Kentucky,Edmonson,96,12,0,37.21218923,-86.23955613,21061.0,790.1234567901234,12.5,84,96,12,0,84,95,12274,0,0,0,0,1
2020-08-05,US,Kentucky,Elliott,8,0,0,38.11624059,-83.09771563,21063.0,106.42543567912732,0.0,8,8,0,0,8,8,7508,0,0,0,0,0
2020-08-05,US,Kentucky,Estill,18,0,0,37.69241417,-83.95956369,21065.0,127.60527435133986,0.0,18,17,0,0,17,12,14198,1,0,0,1,5
2020-08-05,US,Kentucky,Fayette,2910,46,0,38.0368225,-84.45576892,21067.0,900.5050254988365,1.5807560137457044,2864,2851,46,0,2805,2807,323780,59,0,0,59,44
2020-08-05,US,Kentucky,Fleming,57,0,0,38.36758311,-83.69657514,21069.0,390.9196900075441,0.0,57,57,0,0,57,56,14432,0,0,0,0,1
2020-08-05,US,Kentucky,Floyd,89,2,0,37.56213922,-82.74750924,21071.0,250.07727106690268,2.247191011235955,87,84,2,0,82,83,35845,5,0,0,5,1
2020-08-05,US,Kentucky,Franklin,269,5,0,38.2379395,-84.87962551,21073.0,527.5440764056402,1.858736059479554,264,260,5,0,255,257,50815,9,0,0,9,3
2020-08-05,US,Kentucky,Fulton,69,1,0,36.55238827,-89.20140068,21075.0,1155.9725247110068,1.4492753623188406,68,62,1,0,61,60,6120,7,0,0,7,2
2020-08-05,US,Kentucky,Gallatin,79,8,0,38.75398691,-84.8558382,21077.0,890.7430375465103,10.126582278481012,71,79,8,0,71,79,8832,0,0,0,0,0
2020-08-05,US,Kentucky,Garrard,71,0,0,37.6388668,-84.53289319,21079.0,401.9019585644741,0.0,71,69,0,0,69,68,17560,2,0,0,2,1
2020-08-05,US,Kentucky,Grant,107,5,0,38.64962758,-84.62415957,21081.0,426.82197135904886,4.672897196261682,102,106,5,0,101,101,25121,1,0,0,1,5
2020-08-05,US,Kentucky,Graves,525,22,0,36.72292505,-88.65143315,21083.0,1408.790854934793,4.190476190476192,503,522,22,0,500,511,37317,3,0,0,3,11
2020-08-05,US,Kentucky,Grayson,187,11,0,37.46231118,-86.34248968,21085.0,707.6096416543686,5.882352941176472,176,186,11,0,175,181,26321,1,0,0,1,5
2020-08-05,US,Kentucky,Green,31,2,0,37.26484328,-85.5540745,21087.0,283.33790329951563,6.451612903225807,29,31,2,0,29,30,11049,0,0,0,0,1
2020-08-05,US,Kentucky,Greenup,102,1,0,38.54332505,-82.9215658,21089.0,290.61484984899425,0.9803921568627452,101,94,1,0,93,89,35268,8,0,0,8,5
2020-08-05,US,Kentucky,Hancock,49,0,0,37.83766422,-86.78280584,21091.0,561.7977528089888,0.0,49,49,0,0,49,47,8758,0,0,0,0,2
2020-08-05,US,Kentucky,Hardin,553,8,0,37.6976111,-85.96319251,21093.0,498.3867769786766,1.4466546112115732,545,533,8,0,525,522,110356,20,0,0,20,11
2020-08-05,US,Kentucky,Harlan,214,3,0,36.85699301,-83.21899516,21095.0,822.7604767397156,1.4018691588785046,211,212,3,0,209,207,26409,2,0,0,2,5
2020-08-05,US,Kentucky,Harrison,117,0,0,38.44188174,-84.32869741,21097.0,619.5065127607752,0.0,117,117,0,0,117,116,18778,0,0,0,0,1
2020-08-05,US,Kentucky,Hart,88,0,0,37.29943898,-85.88461055,21099.0,462.30627790911484,0.0,88,84,0,0,84,80,18906,4,0,0,4,4
2020-08-05,US,Kentucky,Henderson,330,4,0,37.79344553,-87.57392021,21101.0,729.92700729927,1.2121212121212122,326,328,4,0,324,324,45591,2,0,0,2,4
2020-08-05,US,Kentucky,Henry,105,2,0,38.44942688,-85.11587507,21103.0,651.1224110132705,1.9047619047619049,103,100,2,0,98,94,16106,5,0,0,5,6
2020-08-05,US,Kentucky,Hickman,37,0,0,36.67948079999999,-88.97875928,21105.0,844.7488584474886,0.0,37,35,0,0,35,34,4421,2,0,0,2,1
2020-08-05,US,Kentucky,Hopkins,414,33,0,37.30939025,-87.54670406,21107.0,926.4646645481807,7.971014492753622,381,412,33,0,379,403,45068,2,0,0,2,9
2020-08-05,US,Kentucky,Jackson,143,14,0,37.41866422,-83.99825483,21109.0,1072.8486758196414,9.79020979020979,129,143,14,0,129,143,13442,0,0,0,0,0
2020-08-05,US,Kentucky,Jefferson,7518,236,0,38.18664655,-85.65931031,21111.0,980.4931679789032,3.139132748071296,7282,7414,236,0,7178,7206,770517,104,0,0,104,208
2020-08-05,US,Kentucky,Jessamine,318,0,0,37.87119786,-84.58252003,21113.0,587.6374387877668,0.0,318,308,0,0,308,300,53920,10,0,0,10,8
2020-08-05,US,Kentucky,Johnson,43,0,0,37.85106355,-82.8264322,21115.0,193.79844961240312,0.0,43,40,0,0,40,39,22386,3,0,0,3,1
2020-08-05,US,Kentucky,Kenton,1362,38,0,38.93950319,-84.53241199,21117.0,815.5786296841878,2.790014684287812,1324,1351,38,0,1313,1323,166051,11,0,0,11,28
2020-08-05,US,Kentucky,Knott,48,1,0,37.35388197,-82.94981134,21119.0,324.19289477238965,2.083333333333333,47,47,1,0,46,45,15126,1,0,0,1,2
2020-08-05,US,Kentucky,Knox,222,8,0,36.89225732,-83.85403396,21121.0,712.7949911703322,3.603603603603604,214,216,8,0,208,201,31304,6,0,0,6,15
2020-08-05,US,Kentucky,Larue,52,1,0,37.54567114,-85.70138352,21123.0,361.16127239894433,1.9230769230769231,51,51,1,0,50,51,14307,1,0,0,1,0
2020-08-05,US,Kentucky,Laurel,397,4,0,37.10975748,-84.11321779,21125.0,652.8209428905004,1.0075566750629723,393,392,4,0,388,374,60669,5,0,0,5,18
2020-08-05,US,Kentucky,Lawrence,36,0,0,38.07136018,-82.72882223,21127.0,235.03296990272247,0.0,36,34,0,0,34,33,15571,2,0,0,2,1
2020-08-05,US,Kentucky,Lee,5,0,0,37.59645942,-83.71513901,21129.0,67.5401864109145,0.0,5,4,0,0,4,4,7033,1,0,0,1,0
2020-08-05,US,Kentucky,Leslie,28,0,0,37.09246661,-83.37999606,21131.0,283.48688873139616,0.0,28,27,0,0,27,26,10143,1,0,0,1,1
2020-08-05,US,Kentucky,Letcher,53,0,0,37.12306748,-82.85346474,21133.0,245.90544239781002,0.0,53,52,0,0,52,51,21899,1,0,0,1,1
2020-08-05,US,Kentucky,Lewis,37,0,0,38.53184419,-83.37735618,21135.0,278.71939736346513,0.0,37,37,0,0,37,36,13257,0,0,0,0,1
2020-08-05,US,Kentucky,Lincoln,99,1,0,37.45475628,-84.6565327,21137.0,403.2750824880851,1.0101010101010102,98,99,1,0,98,99,24644,0,0,0,0,0
2020-08-05,US,Kentucky,Livingston,33,1,0,37.21137452,-88.34797529,21139.0,358.9297367848597,3.0303030303030303,32,33,1,0,32,32,9242,0,0,0,0,1
2020-08-05,US,Kentucky,Logan,310,23,0,36.85949479,-86.877635,21141.0,1143.8270238358791,7.419354838709677,287,303,22,0,281,302,26989,7,1,0,6,1
2020-08-05,US,Kentucky,Lyon,32,4,0,37.02080035,-88.07886257,21143.0,389.768574908648,12.5,28,30,4,0,26,30,8009,2,0,0,2,0
2020-08-05,US,Kentucky,Madison,426,1,0,37.71659336,-84.27220275,21151.0,458.1285556045469,0.2347417840375587,425,411,1,0,410,396,92368,15,0,0,15,15
2020-08-05,US,Kentucky,Magoffin,31,0,0,37.70820545,-83.0657714,21153.0,254.91324726584983,0.0,31,30,0,0,30,23,12362,1,0,0,1,7
2020-08-05,US,Kentucky,Marion,117,0,0,37.55218078,-85.26898542,21155.0,607.0668811290408,0.0,117,113,0,0,113,110,19404,4,0,0,4,3
2020-08-05,US,Kentucky,Marshall,128,2,0,36.88007070000001,-88.32803576,21157.0,411.57556270096467,1.5625,126,128,2,0,126,125,31191,0,0,0,0,3
2020-08-05,US,Kentucky,Martin,33,0,0,37.79990579,-82.51247478,21159.0,294.7744528807504,0.0,33,32,0,0,32,30,11323,1,0,0,1,2
2020-08-05,US,Kentucky,Mason,53,1,0,38.59471935,-83.82151043,21161.0,310.48623315758635,1.8867924528301887,52,53,1,0,52,53,17150,0,0,0,0,0
2020-08-05,US,Kentucky,McCracken,348,4,0,37.05350953,-88.70445755,21145.0,531.9636797211776,1.1494252873563218,344,344,4,0,340,334,65346,4,0,0,4,10
2020-08-05,US,Kentucky,McCreary,37,0,0,36.73874143,-84.48102924,21147.0,214.72926701874528,0.0,37,37,0,0,37,37,17408,0,0,0,0,0
2020-08-05,US,Kentucky,McLean,41,1,0,37.5301951,-87.26803443,21149.0,445.31334853915496,2.4390243902439024,40,40,1,0,39,38,9252,1,0,0,1,2
2020-08-05,US,Kentucky,Meade,91,2,0,37.96163597,-86.21028219,21163.0,318.4936301273975,2.1978021978021984,89,91,2,0,89,85,28715,0,0,0,0,6
2020-08-05,US,Kentucky,Menifee,29,0,0,37.94090733,-83.59985712,21165.0,446.9101556480197,0.0,29,29,0,0,29,29,6451,0,0,0,0,0
2020-08-05,US,Kentucky,Mercer,80,0,0,37.81474237,-84.87488475,21167.0,364.7471846076688,0.0,80,77,0,0,77,74,21774,3,0,0,3,3
2020-08-05,US,Kentucky,Metcalfe,56,2,0,36.99459295,-85.63123699,21169.0,556.0520305828617,3.571428571428572,54,53,2,0,51,51,10030,3,0,0,3,2
2020-08-05,US,Kentucky,Monroe,90,2,0,36.71225341,-85.71596443,21171.0,845.0704225352112,2.2222222222222223,88,89,2,0,87,88,10718,1,0,0,1,1
2020-08-05,US,Kentucky,Montgomery,115,0,0,38.03253032,-83.9145241,21173.0,408.42419291827963,0.0,115,114,0,0,114,113,28203,1,0,0,1,1
2020-08-05,US,Kentucky,Morgan,30,0,0,37.92465657,-83.25558245,21175.0,225.4113757607634,0.0,30,30,0,0,30,30,13345,0,0,0,0,0
2020-08-05,US,Kentucky,Muhlenberg,622,10,0,37.21425819,-87.14632053,21177.0,2031.219384756057,1.6077170418006432,612,618,10,0,608,612,30774,4,0,0,4,6
2020-08-05,US,Kentucky,Nelson,203,2,0,37.80335779,-85.4657193,21179.0,439.08031060065315,0.9852216748768472,201,197,2,0,195,190,45851,6,0,0,6,7
2020-08-05,US,Kentucky,Nicholas,20,0,0,38.33342292,-84.01889177,21181.0,275.14100976750586,0.0,20,20,0,0,20,20,7166,0,0,0,0,0
2020-08-05,US,Kentucky,Ohio,344,7,0,37.47751843,-86.85368087,21183.0,1433.691756272401,2.0348837209302326,337,341,7,0,334,340,24087,3,0,0,3,1
2020-08-05,US,Kentucky,Oldham,586,14,0,38.39791089,-85.448222,21185.0,877.2586415964313,2.389078498293516,572,582,14,0,568,575,66470,4,0,0,4,7
2020-08-05,US,Kentucky,Owen,43,0,0,38.51679143,-84.82404619,21187.0,394.45922392441065,0.0,43,43,0,0,43,42,10880,0,0,0,0,1
2020-08-05,US,Kentucky,Owsley,12,0,0,37.42823949,-83.68811419,21189.0,271.8006795016988,0.0,12,10,0,0,10,10,4472,2,0,0,2,0
2020-08-05,US,Kentucky,Pendleton,41,0,0,38.69607718,-84.35599463,21191.0,281.0143934201508,0.0,41,36,0,0,36,36,14529,5,0,0,5,0
2020-08-05,US,Kentucky,Perry,200,3,0,37.25023553,-83.22922731,21193.0,776.4577995185962,1.5,197,193,3,0,190,189,26092,7,0,0,7,4
2020-08-05,US,Kentucky,Pike,233,3,0,37.47088263,-82.39487445,21195.0,402.5848365471007,1.2875536480686696,230,224,3,0,221,219,58402,9,0,0,9,5
2020-08-05,US,Kentucky,Powell,50,0,0,37.83218794,-83.82553961,21197.0,404.56347600938585,0.0,50,49,0,0,49,50,12442,1,0,0,1,-1
2020-08-05,US,Kentucky,Pulaski,263,2,0,37.10466131,-84.57629079,21199.0,404.746148755752,0.7604562737642585,261,263,2,0,261,260,64623,0,0,0,0,3
2020-08-05,US,Kentucky,Robertson,3,0,0,38.51923469,-84.05055616,21201.0,142.31499051233396,0.0,3,3,0,0,3,3,2135,0,0,0,0,0
2020-08-05,US,Kentucky,Rockcastle,61,0,0,37.36642393,-84.31176452,21203.0,365.3788559448937,0.0,61,61,0,0,61,61,16750,0,0,0,0,0
2020-08-05,US,Kentucky,Rowan,69,0,0,38.19484205,-83.42088935,21205.0,282.09321340964834,0.0,69,69,0,0,69,68,24583,0,0,0,0,1
2020-08-05,US,Kentucky,Russell,100,5,0,36.99308373,-85.06070117,21207.0,557.9423087652737,5.0,95,100,5,0,95,100,17821,0,0,0,0,0
2020-08-05,US,Kentucky,Scott,356,0,0,38.29622293,-84.5816631,21209.0,624.5175777138446,0.0,356,346,0,0,346,330,56031,10,0,0,10,16
2020-08-05,US,Kentucky,Shelby,725,22,0,38.21476019,-85.194223,21211.0,1478.8674934725848,3.034482758620689,703,720,22,0,698,711,48518,5,0,0,5,9
2020-08-05,US,Kentucky,Simpson,145,7,0,36.74058474,-86.58047435,21213.0,780.7452078397588,4.827586206896552,138,142,7,0,135,139,18529,3,0,0,3,3
2020-08-05,US,Kentucky,Spencer,110,0,0,38.03223971,-85.32749335,21215.0,568.4460751382358,0.0,110,107,0,0,107,102,18794,3,0,0,3,5
2020-08-05,US,Kentucky,Taylor,105,2,0,37.3677562,-85.3329931,21217.0,407.46633551942256,1.9047619047619049,103,104,2,0,102,101,25549,1,0,0,1,3
2020-08-05,US,Kentucky,Todd,34,0,0,36.8381152,-87.17878374,21219.0,276.55767040832933,0.0,34,33,0,0,33,33,12311,1,0,0,1,0
2020-08-05,US,Kentucky,Trigg,53,0,0,36.80767017,-87.87333656,21221.0,361.750051191045,0.0,53,53,0,0,53,50,14643,0,0,0,0,3
2020-08-05,US,Kentucky,Trimble,32,0,0,38.61056487,-85.33775972,21223.0,377.7594144729076,0.0,32,32,0,0,32,32,8515,0,0,0,0,0
2020-08-05,US,Kentucky,Union,58,0,0,37.66166713,-87.94300009,21225.0,403.30992281482514,0.0,58,57,0,0,57,54,14505,1,0,0,1,3
2020-08-05,US,Kentucky,Warren,2537,22,0,36.99903045,-86.42672751,21227.0,1909.0115579099447,0.8671659440283801,2515,2485,22,0,2463,2451,131264,52,0,0,52,34
2020-08-05,US,Kentucky,Washington,66,0,0,37.75599461,-85.17407732,21229.0,545.6800330715172,0.0,66,65,0,0,65,64,12084,1,0,0,1,1
2020-08-05,US,Kentucky,Wayne,53,0,0,36.80310688,-84.8251971,21231.0,260.6600108198495,0.0,53,53,0,0,53,53,20468,0,0,0,0,0
2020-08-05,US,Kentucky,Webster,83,1,0,37.52168356,-87.67989953,21233.0,641.322824911142,1.2048192771084338,82,83,1,0,82,81,13111,0,0,0,0,2
2020-08-05,US,Kentucky,Whitley,155,1,0,36.75700531,-84.14541217,21235.0,427.4211339069049,0.6451612903225806,154,148,1,0,147,144,36242,7,0,0,7,4
2020-08-05,US,Kentucky,Wolfe,11,0,0,37.73941626,-83.49303612,21237.0,153.69568254855386,0.0,11,11,0,0,11,11,7177,0,0,0,0,0
2020-08-05,US,Kentucky,Woodford,142,0,0,38.04178222,-84.7417556,21239.0,531.1588239694771,0.0,142,135,0,0,135,133,26533,7,0,0,7,2
2020-08-05,US,Louisiana,Acadia,2536,77,0,30.2950649,-92.41419698,22001.0,4087.3559513256514,3.0362776025236595,2459,2513,77,0,2436,2403,62190,23,0,0,23,110
2020-08-05,US,Louisiana,Allen,1219,26,0,30.65385745,-92.82442028,22003.0,4756.701915948023,2.1328958162428218,1193,1210,25,0,1185,1156,25605,9,1,0,8,54
2020-08-05,US,Louisiana,Ascension,2725,71,0,30.20406249,-90.91328409999998,22005.0,2152.380651480206,2.6055045871559632,2654,2681,71,0,2610,2643,124672,44,0,0,44,38
2020-08-05,US,Louisiana,Assumption,561,20,0,29.89946234,-91.06461642,22007.0,2562.696998766617,3.5650623885918,541,557,20,0,537,555,22300,4,0,0,4,2
2020-08-05,US,Louisiana,Avoyelles,987,29,0,31.07796211,-92.00079449,22009.0,2458.6488640892785,2.938196555217832,958,981,27,0,954,951,40462,6,2,0,4,30
2020-08-05,US,Louisiana,Beauregard,800,17,0,30.64836518,-93.34173616,22011.0,2133.5040136544253,2.125,783,797,17,0,780,789,37253,3,0,0,3,8
2020-08-05,US,Louisiana,Bienville,359,30,0,32.34569994,-93.05398492,22013.0,2711.2755834151503,8.356545961002785,329,354,30,0,324,353,13308,5,0,0,5,1
2020-08-05,US,Louisiana,Bossier,2275,75,0,32.67932307,-93.60460152,22015.0,1790.788655452263,3.2967032967032965,2200,2192,73,0,2119,2118,127185,83,2,0,81,74
2020-08-05,US,Louisiana,Caddo,6516,286,0,32.57991587,-93.88375652,22017.0,2712.694209921567,4.389195825659914,6230,6324,285,0,6039,6299,242922,192,1,0,191,25
2020-08-05,US,Louisiana,Calcasieu,6641,127,0,30.22931235,-93.35400434,22019.0,3264.417310603826,1.9123625959945791,6514,6594,127,0,6467,6527,203112,47,0,0,47,67
2020-08-05,US,Louisiana,Caldwell,203,2,0,32.0902519,-92.11752148,22021.0,2046.783625730994,0.9852216748768472,201,202,2,0,200,200,9960,1,0,0,1,2
2020-08-05,US,Louisiana,Cameron,167,0,0,29.87592238,-93.19310676,22023.0,2394.951957550552,0.0,167,167,0,0,167,167,6968,0,0,0,0,0
2020-08-05,US,Louisiana,Catahoula,273,5,0,31.66778967,-91.84526385,22025.0,2875.500315989045,1.8315018315018317,268,267,5,0,262,264,9608,6,0,0,6,3
2020-08-05,US,Louisiana,Claiborne,237,11,0,32.82308512,-92.99526883,22027.0,1512.4441608168474,4.641350210970463,226,227,11,0,216,221,15944,10,0,0,10,6
2020-08-05,US,Louisiana,Concordia,298,8,0,31.44817835,-91.63814433,22029.0,1547.3285217301002,2.684563758389262,290,296,8,0,288,287,19572,2,0,0,2,9
2020-08-05,US,Louisiana,De Soto,696,26,0,32.05457447,-93.74130302,22031.0,2534.318901795143,3.7356321839080464,670,675,24,0,651,662,27436,21,2,0,19,13
2020-08-05,US,Louisiana,East Baton Rouge,11590,332,0,30.53842039,-91.09777565,22033.0,2633.737748801865,2.8645383951682484,11258,11444,329,0,11115,11263,440956,146,3,0,143,181
2020-08-05,US,Louisiana,East Carroll,511,1,0,32.73926954,-91.23425694,22035.0,7447.8938930185095,0.19569471624266144,510,510,1,0,509,501,7037,1,0,0,1,9
2020-08-05,US,Louisiana,East Feliciana,542,35,0,30.84425359,-91.04976723,22037.0,2832.505879278809,6.4575645756457565,507,532,35,0,497,522,19305,10,0,0,10,10
2020-08-05,US,Louisiana,Evangeline,817,2,0,30.72985248,-92.39915924,22039.0,2446.474023057344,0.2447980416156671,815,805,2,0,803,732,33443,12,0,0,12,73
2020-08-05,US,Louisiana,Franklin,860,17,0,32.13675181,-91.67589857,22041.0,4296.777416937297,1.976744186046512,843,850,17,0,833,839,20156,10,0,0,10,11
2020-08-05,US,Louisiana,Grant,288,14,0,31.59882456,-92.56124347,22043.0,1286.3459734691146,4.861111111111111,274,284,11,0,273,282,22482,4,3,0,1,2
2020-08-05,US,Louisiana,Iberia,2412,69,0,29.86803617,-91.75871777,22045.0,3454.102821137047,2.8606965174129355,2343,2408,66,0,2342,2247,70941,4,3,0,1,161
2020-08-05,US,Louisiana,Iberville,1184,47,0,30.25734305,-91.3499598,22047.0,3641.844298852696,3.9695945945945943,1137,1170,47,0,1123,1152,32721,14,0,0,14,18
2020-08-05,US,Louisiana,Jackson,366,18,0,32.30251776,-92.55692092,22049.0,2324.6951219512193,4.918032786885246,348,361,18,0,343,359,15902,5,0,0,5,2
2020-08-05,US,Louisiana,Jefferson,14914,520,0,29.74075478,-90.11115756,22051.0,3448.3795113446918,3.48665683250637,14394,14795,518,0,14277,14533,434051,119,2,0,117,262
2020-08-05,US,Louisiana,Jefferson Davis,983,24,0,30.26896765,-92.81210004,22053.0,3133.766896199949,2.4415055951169893,959,974,24,0,950,963,31582,9,0,0,9,11
2020-08-05,US,Louisiana,LaSalle,259,2,0,31.67884782,-92.15907765,22059.0,1739.1888262154175,0.7722007722007722,257,248,2,0,246,242,14917,11,0,0,11,6
2020-08-05,US,Louisiana,Lafayette,7344,89,0,30.2049055,-92.06959876,22055.0,3005.0329391546297,1.2118736383442266,7255,7280,89,0,7191,6423,242782,64,0,0,64,857
2020-08-05,US,Louisiana,Lafourche,2684,96,0,29.52470226,-90.40976986,22057.0,2749.6055893621806,3.5767511177347244,2588,2656,96,0,2560,2589,98115,28,0,0,28,67
2020-08-05,US,Louisiana,Lincoln,744,24,0,32.6003154,-92.6659741,22061.0,1591.7162295152111,3.2258064516129035,720,733,24,0,709,720,47196,11,0,0,11,13
2020-08-05,US,Louisiana,Livingston,2754,49,0,30.44143993,-90.73061664,22063.0,1956.1187308667581,1.7792302106027595,2705,2718,49,0,2669,2680,139567,36,0,0,36,38
2020-08-05,US,Louisiana,Madison,596,6,0,32.36918118,-91.23973355,22065.0,5442.42534928317,1.0067114093959733,590,585,6,0,579,566,11161,11,0,0,11,19
2020-08-05,US,Louisiana,Morehouse,467,11,0,32.81686191,-91.80421614,22067.0,1877.462410549168,2.3554603854389717,456,461,11,0,450,443,25398,6,0,0,6,18
2020-08-05,US,Louisiana,Natchitoches,737,17,0,31.72321584,-93.09816516,22069.0,1931.4429477435929,2.306648575305292,720,716,17,0,699,691,38659,21,0,0,21,25
2020-08-05,US,Louisiana,Orleans,10526,560,0,30.06971951,-89.92660315,22071.0,2697.978182414698,5.320159604788143,9966,10487,560,0,9927,10426,391006,39,0,0,39,61
2020-08-05,US,Louisiana,Ouachita,4644,107,0,32.47645559,-92.15704172,22073.0,3029.7692443191827,2.3040482342807924,4537,4592,107,0,4485,4509,154475,52,0,0,52,83
2020-08-05,US,Louisiana,Plaquemines,430,19,0,29.42245447,-89.60322085,22075.0,1853.6879768935642,4.418604651162791,411,428,19,0,409,425,23410,2,0,0,2,3
2020-08-05,US,Louisiana,Pointe Coupee,762,32,0,30.71409502,-91.60209535,22077.0,3506.6728025770813,4.199475065616799,730,747,32,0,715,739,21940,15,0,0,15,8
2020-08-05,US,Louisiana,Rapides,3155,111,0,31.19778499,-92.52997303,22079.0,2433.5122794026897,3.5182250396196517,3044,3126,107,0,3019,3068,130562,29,4,0,25,58
2020-08-05,US,Louisiana,Red River,209,11,0,32.09530039,-93.34213308,22081.0,2475.716654821133,5.2631578947368425,198,192,11,0,181,189,8477,17,0,0,17,3
2020-08-05,US,Louisiana,Richland,560,6,0,32.41391005,-91.76634876,22083.0,2783.0235563065307,1.0714285714285714,554,551,6,0,545,544,20192,9,0,0,9,7
2020-08-05,US,Louisiana,Sabine,605,10,0,31.56388699,-93.55433981,22085.0,2533.0765365935354,1.6528925619834711,595,585,10,0,575,535,24032,20,0,0,20,50
2020-08-05,US,Louisiana,St. Bernard,1067,24,0,29.87761636,-89.51887093,22087.0,2258.487850309034,2.24929709465792,1043,1058,23,0,1035,1037,46721,9,1,0,8,21
2020-08-05,US,Louisiana,St. Charles,1419,50,0,29.90709658,-90.35555967,22089.0,2672.316384180791,3.5236081747709656,1369,1397,50,0,1347,1375,52879,22,0,0,22,22
2020-08-05,US,Louisiana,St. Helena,251,1,0,30.82210324,-90.71013176,22091.0,2477.2996446900906,0.398406374501992,250,247,1,0,246,246,10262,4,0,0,4,1
2020-08-05,US,Louisiana,St. James,674,32,0,30.02531716,-90.80212061,22093.0,3194.9184679560108,4.747774480712166,642,667,32,0,635,649,21037,7,0,0,7,18
2020-08-05,US,Louisiana,St. John the Baptist,1386,89,0,30.12597499,-90.4753503,22095.0,3235.520694726521,6.42135642135642,1297,1374,88,0,1286,1355,43184,12,1,0,11,19
2020-08-05,US,Louisiana,St. Landry,2556,81,0,30.59724262,-92.00135806,22097.0,3112.366665043105,3.1690140845070425,2475,2530,78,0,2452,2226,82764,26,3,0,23,304
2020-08-05,US,Louisiana,St. Martin,1590,43,0,30.13112107,-91.61403569,22099.0,2975.80056521495,2.7044025157232703,1547,1580,42,0,1538,1519,53621,10,1,0,9,61
2020-08-05,US,Louisiana,St. Mary,1511,51,0,29.69262097,-91.44702164,22101.0,3061.9275350571447,3.3752481800132363,1460,1504,49,0,1455,1445,49774,7,2,0,5,59
2020-08-05,US,Louisiana,St. Tammany,4939,208,0,30.40942847,-89.95642711,22103.0,1896.5590068312988,4.2113788216238115,4731,4884,206,0,4678,4808,258111,55,2,0,53,76
2020-08-05,US,Louisiana,Tangipahoa,3291,69,0,30.62888673,-90.40664996,22105.0,2442.155567758501,2.096627164995442,3222,3223,63,0,3160,3159,133777,68,6,0,62,64
2020-08-05,US,Louisiana,Tensas,68,0,0,32.00760749,-91.32915234,22107.0,1568.9893862482693,0.0,68,68,0,0,68,65,4462,0,0,0,0,3
2020-08-05,US,Louisiana,Terrebonne,2899,80,0,29.37343766,-90.82626855,22109.0,2624.455690243615,2.7595722662987243,2819,2866,80,0,2786,2800,111021,33,0,0,33,66
2020-08-05,US,Louisiana,Unassigned,217,118,0,0.0,0.0,90022.0,0.0,54.3778801843318,99,218,114,0,104,11,,-1,4,0,-5,207
2020-08-05,US,Louisiana,Union,652,33,0,32.83121059,-92.3749373,22111.0,2949.158675592545,5.0613496932515325,619,646,33,0,613,623,22330,6,0,0,6,23
2020-08-05,US,Louisiana,Vermilion,1493,20,0,29.83517605,-92.30292538,22113.0,2508.779889432206,1.3395847287340923,1473,1467,19,0,1448,1378,59830,26,1,0,25,89
2020-08-05,US,Louisiana,Vernon,733,23,0,31.10884837,-93.18153838,22115.0,1545.4679626388915,3.1377899045020463,710,732,22,0,710,704,48860,1,1,0,0,28
2020-08-05,US,Louisiana,Washington,1220,58,0,30.85288548,-90.03866652,22117.0,2641.0356323332035,4.754098360655738,1162,1211,58,0,1153,1199,46582,9,0,0,9,12
2020-08-05,US,Louisiana,Webster,855,13,0,32.70847669,-93.33121835,22119.0,2230.0469483568077,1.52046783625731,842,840,13,0,827,826,38798,15,0,0,15,14
2020-08-05,US,Louisiana,West Baton Rouge,678,36,0,30.46058217,-91.30989571,22121.0,2561.8741734366145,5.3097345132743365,642,675,36,0,639,661,26427,3,0,0,3,14
2020-08-05,US,Louisiana,West Carroll,275,5,0,32.78550125,-91.461201,22123.0,2539.242843951985,1.818181818181818,270,272,5,0,267,259,10982,3,0,0,3,13
2020-08-05,US,Louisiana,West Feliciana,332,16,0,30.87882871,-91.4148538,22125.0,2132.579650565262,4.819277108433735,316,328,16,0,312,326,15460,4,0,0,4,2
2020-08-05,US,Louisiana,Winn,401,7,0,31.94449367,-92.63789413,22127.0,2884.062140391254,1.745635910224439,394,399,7,0,392,398,14134,2,0,0,2,1
2020-08-05,US,Maine,Androscoggin,549,7,0,44.1664747,-70.20380627,23001.0,507.0328878709237,1.275045537340619,542,548,7,0,541,548,107679,1,0,0,1,0
2020-08-05,US,Maine,Aroostook,32,1,0,46.65926321,-68.59841248,23003.0,47.722019237938994,3.125,31,32,1,0,31,32,67111,0,0,0,0,0
2020-08-05,US,Maine,Cumberland,2066,69,0,43.8370751,-70.37226999,23005.0,700.3318610319217,3.3397870280735718,1997,2061,68,0,1993,2058,293557,5,1,0,4,3
2020-08-05,US,Maine,Franklin,45,1,0,44.97330019,-70.44381045,23007.0,149.01155667406206,2.2222222222222223,44,45,1,0,44,45,29897,0,0,0,0,0
2020-08-05,US,Maine,Hancock,36,1,0,44.59816444,-68.38401854,23009.0,65.47002018658955,2.7777777777777777,35,34,1,0,33,34,54811,2,0,0,2,0
2020-08-05,US,Maine,Kennebec,169,11,0,44.40759555,-69.76738544,23011.0,138.18253176562934,6.508875739644972,158,169,11,0,158,169,122083,0,0,0,0,0
2020-08-05,US,Maine,Knox,27,1,0,44.11486325,-69.10529169,23013.0,67.88695564718898,3.703703703703704,26,26,1,0,25,26,39771,1,0,0,1,0
2020-08-05,US,Maine,Lincoln,33,1,0,44.05996956,-69.54227124,23015.0,95.28209274123694,3.0303030303030303,32,34,1,0,33,34,34342,-1,0,0,-1,0
2020-08-05,US,Maine,Oxford,54,0,0,44.49952995,-70.75682123,23017.0,93.14359637774905,0.0,54,54,0,0,54,55,57618,0,0,0,0,-1
2020-08-05,US,Maine,Penobscot,150,5,0,45.40194593,-68.65020455,23019.0,98.58821673633568,3.333333333333333,145,150,5,0,145,150,151096,0,0,0,0,0
2020-08-05,US,Maine,Piscataquis,3,0,0,45.83839062,-69.2860223,23021.0,17.873100983020553,0.0,3,3,0,0,3,3,16800,0,0,0,0,0
2020-08-05,US,Maine,Sagadahoc,54,0,0,43.95415864,-69.85074999,23023.0,150.60240963855418,0.0,54,51,0,0,51,51,35634,3,0,0,3,0
2020-08-05,US,Maine,Somerset,34,1,0,45.51229767,-69.95995554,23025.0,67.34807067585771,2.9411764705882355,33,34,1,0,33,34,50592,0,0,0,0,0
2020-08-05,US,Maine,Unassigned,2,0,0,0.0,0.0,90023.0,0.0,0.0,2,2,0,0,2,2,,0,0,0,0,0
2020-08-05,US,Maine,Waldo,62,14,0,44.4858305,-69.12061935,23027.0,156.11230013848672,22.580645161290327,48,62,14,0,48,62,39694,0,0,0,0,0
2020-08-05,US,Maine,Washington,12,0,0,45.01607142,-67.62813524,23029.0,38.242136460690276,0.0,12,12,0,0,12,9,31490,0,0,0,0,3
2020-08-05,US,Maine,York,666,12,0,43.47808377,-70.71052375,23031.0,320.74590278413217,1.8018018018018016,654,660,12,0,648,658,206229,6,0,0,6,2
2020-08-05,US,Maryland,Allegany,276,18,0,39.62357628,-78.69280486,24001.0,391.9563735514656,6.521739130434782,258,276,18,0,258,273,70975,0,0,0,0,3
2020-08-05,US,Maryland,Anne Arundel,7114,220,0,39.00670238,-76.60329337,24003.0,1228.1737605182013,3.0924936744447566,6894,7071,218,0,6853,7007,576031,43,2,0,41,64
2020-08-05,US,Maryland,Baltimore,12666,555,0,39.45784712,-76.62911955,24005.0,1530.8749410783566,4.38180956892468,12111,12525,553,0,11972,12401,828431,141,2,0,139,124
2020-08-05,US,Maryland,Baltimore City,11953,421,0,39.30211911,-76.61151012,24510.0,2014.0187703246893,3.5221283359825986,11532,11844,417,0,11427,11748,621342,109,4,0,105,96
2020-08-05,US,Maryland,Calvert,660,28,0,38.53961642,-76.56820632,24009.0,713.3207241286137,4.242424242424242,632,649,28,0,621,635,92003,11,0,0,11,14
2020-08-05,US,Maryland,Caroline,441,3,0,38.87172293,-75.82904158,24011.0,1320.1221337484285,0.6802721088435374,438,439,3,0,436,438,33304,2,0,0,2,1
2020-08-05,US,Maryland,Carroll,1511,117,0,39.56453592,-77.02373735,24013.0,897.0180531561856,7.7432164129715435,1394,1503,117,0,1386,1491,168429,8,0,0,8,12
2020-08-05,US,Maryland,Cecil,672,30,0,39.56647682,-75.94627411,24015.0,653.3469447280152,4.464285714285714,642,662,30,0,632,655,102826,10,0,0,10,7
2020-08-05,US,Maryland,Charles,1947,91,0,38.51092331,-76.98580666,24017.0,1192.5981734320733,4.673857216230098,1856,1932,91,0,1841,1909,161503,15,0,0,15,23
2020-08-05,US,Maryland,Dorchester,353,5,0,38.45413522,-76.02752426,24019.0,1105.5780011901406,1.4164305949008498,348,352,5,0,347,352,31998,1,0,0,1,0
2020-08-05,US,Maryland,Frederick,3020,121,0,39.47296601,-77.39999394,24021.0,1163.565751097104,4.006622516556291,2899,3016,121,0,2895,3010,255648,4,0,0,4,6
2020-08-05,US,Maryland,Garrett,45,0,0,39.52786077,-79.27355126,24023.0,155.097539119046,0.0,45,44,0,0,44,43,29163,1,0,0,1,1
2020-08-05,US,Maryland,Harford,1878,69,0,39.55010644,-76.30775940000002,24025.0,735.1991262170129,3.674121405750799,1809,1863,68,0,1795,1853,253956,15,1,0,14,10
2020-08-05,US,Maryland,Howard,3717,106,0,39.25305293,-76.93126208,24027.0,1141.2693051674905,2.851762173796072,3611,3690,106,0,3584,3660,323196,27,0,0,27,30
2020-08-05,US,Maryland,Kent,235,23,0,39.24976208,-76.04741541,24029.0,1209.968077437957,9.787234042553193,212,235,23,0,212,235,19383,0,0,0,0,0
2020-08-05,US,Maryland,Montgomery,17976,794,0,39.13676329,-77.20358245,24031.0,1710.878966924529,4.4170004450378295,17182,17910,794,0,17116,17842,1052567,66,0,0,66,68
2020-08-05,US,Maryland,Prince George's,23156,746,0,38.83070039,-76.8496441,24033.0,2546.4986742942856,3.221627224045604,22410,23082,744,0,22338,22880,909308,74,2,0,72,202
2020-08-05,US,Maryland,Queen Anne's,402,25,0,39.06198912,-76.03530977,24035.0,797.9198507373811,6.218905472636816,377,399,25,0,374,399,50251,3,0,0,3,0
2020-08-05,US,Maryland,Somerset,129,3,0,38.1163542,-75.75118623,24039.0,503.59150530918174,2.3255813953488373,126,129,3,0,126,123,25675,0,0,0,0,6
2020-08-05,US,Maryland,St. Mary's,945,52,0,38.30058422,-76.60629279999998,24037.0,832.5257686547441,5.502645502645502,893,931,52,0,879,931,112664,14,0,0,14,0
2020-08-05,US,Maryland,Talbot,369,4,0,38.76618159,-76.10882561,24041.0,992.442376482612,1.084010840108401,365,368,4,0,364,368,36968,1,0,0,1,0
2020-08-05,US,Maryland,Unassigned,0,10,0,0.0,0.0,90024.0,0.0,0.0,-10,0,17,0,-17,0,,0,-7,0,7,0
2020-08-05,US,Maryland,Washington,989,31,0,39.60835778,-77.82002295,24043.0,654.754417440698,3.134479271991911,958,986,30,0,956,982,150926,3,1,0,2,4
2020-08-05,US,Maryland,Wicomico,1316,44,0,38.37301947,-75.62705831,24045.0,1270.1599281915665,3.3434650455927053,1272,1309,44,0,1265,1298,103195,7,0,0,7,11
2020-08-05,US,Maryland,Worcester,656,20,0,38.21274277,-75.33200012,24047.0,1254.877955467136,3.0487804878048776,636,639,19,0,620,611,51823,17,1,0,16,28
2020-08-05,US,Massachusetts,Barnstable,1778,157,0,41.72980578,-70.28854339,25001.0,834.7809756326589,8.830146231721033,1621,1770,157,0,1613,1764,213413,8,0,0,8,6
2020-08-05,US,Massachusetts,Berkshire,664,46,0,42.37428441,-73.20524838,25003.0,531.4380842617494,6.927710843373494,618,661,46,0,615,657,126348,3,0,0,3,4
2020-08-05,US,Massachusetts,Bristol,9255,626,0,41.79228404,-71.10872211,25005.0,1637.4242105244534,6.763911399243653,8629,9224,626,0,8598,9153,564022,31,0,0,31,71
2020-08-05,US,Massachusetts,Dukes and Nantucket,100,1,0,41.40674725,-70.68763497,0.0,348.0561066443911,1.0,99,99,1,0,98,98,26707,1,0,0,1,1
2020-08-05,US,Massachusetts,Essex,17571,1186,0,42.6687626,-70.94687179,25009.0,2226.900234970863,6.7497581241818905,16385,17494,1186,0,16308,17422,790638,77,0,0,77,72
2020-08-05,US,Massachusetts,Franklin,407,61,0,42.58119713,-72.58602547,25011.0,579.9373040752351,14.98771498771499,346,406,60,0,346,405,70963,1,1,0,0,1
2020-08-05,US,Massachusetts,Hampden,7518,699,0,42.13440424,-72.63235561,25013.0,1612.0178741433874,9.297685554668798,6819,7499,699,0,6800,7477,470406,19,0,0,19,22
2020-08-05,US,Massachusetts,Hampshire,1150,127,0,42.33997957,-72.65898478,25015.0,715.040726232668,11.043478260869565,1023,1145,127,0,1018,1139,161355,5,0,0,5,6
2020-08-05,US,Massachusetts,Middlesex,26109,1989,0,42.48607732,-71.39049229,25017.0,1619.9675001349508,7.6180627369872465,24120,26027,1989,0,24038,25932,1614714,82,0,0,82,95
2020-08-05,US,Massachusetts,Norfolk,10488,991,0,42.16073095,-71.20530408,25021.0,1483.9234551306993,9.448893974065598,9497,10447,991,0,9456,10361,705388,41,0,0,41,86
2020-08-05,US,Massachusetts,Plymouth,9185,714,0,41.94070556,-70.80802823,25023.0,1762.2725929677936,7.773543821448013,8471,9163,714,0,8449,9126,518132,22,0,0,22,37
2020-08-05,US,Massachusetts,Suffolk,21579,1063,0,42.327951399999996,-71.07850442,25025.0,2684.265717303121,4.926085546132814,20516,21481,1062,0,20419,21378,807252,98,1,0,97,103
2020-08-05,US,Massachusetts,Unassigned,342,6,0,0.0,0.0,90025.0,0.0,1.7543859649122806,336,318,6,0,312,303,,24,0,0,24,15
2020-08-05,US,Massachusetts,Worcester,13497,993,0,42.35026951,-71.90493363,25027.0,1624.926862038328,7.357190486774839,12504,13469,993,0,12476,13442,830839,28,0,0,28,27
2020-08-05,US,Michigan,Alcona,28,1,0,44.6846864,-83.59507875,26001.0,269.1013935607881,3.571428571428572,27,28,1,0,27,28,10362,0,0,0,0,0
2020-08-05,US,Michigan,Alger,8,0,0,46.41292944,-86.60260122,26003.0,87.83487044356609,0.0,8,8,0,0,8,9,9097,0,0,0,0,-1
2020-08-05,US,Michigan,Allegan,504,7,0,42.59147037,-85.89102866,26005.0,426.825653576782,1.3888888888888888,497,505,7,0,498,507,117327,-1,0,0,-1,-2
2020-08-05,US,Michigan,Alpena,127,13,0,45.03477666,-83.62212411,26007.0,447.1043830311565,10.236220472440944,114,125,13,0,112,125,28360,2,0,0,2,0
2020-08-05,US,Michigan,Antrim,40,0,0,44.99690221,-85.15503082,26009.0,171.49717029669011,0.0,40,39,0,0,39,38,23365,1,0,0,1,1
2020-08-05,US,Michigan,Arenac,41,3,0,44.0636262,-83.89277559,26011.0,275.4820936639118,7.317073170731707,38,41,3,0,38,41,15041,0,0,0,0,0
2020-08-05,US,Michigan,Baraga,5,0,0,46.6720582,-88.36363591,26013.0,60.9087586794981,0.0,5,5,0,0,5,5,8320,0,0,0,0,0
2020-08-05,US,Michigan,Barry,170,2,0,42.59513984,-85.30834519,26015.0,276.19821283509344,1.1764705882352942,168,167,2,0,165,172,61157,3,0,0,3,-5
2020-08-05,US,Michigan,Bay,567,31,0,43.70639106,-83.98731479,26017.0,549.8128502996335,5.4673721340388015,536,559,31,0,528,550,103923,8,0,0,8,9
2020-08-05,US,Michigan,Benzie,29,1,0,44.63899297,-86.01608482,26019.0,163.2331419565462,3.4482758620689653,28,28,1,0,27,28,17753,1,0,0,1,0
2020-08-05,US,Michigan,Berrien,1315,66,0,41.95447397,-86.41313079999998,26021.0,857.2303961512637,5.019011406844107,1249,1299,65,0,1234,1292,154141,16,1,0,15,7
2020-08-05,US,Michigan,Branch,348,2,0,41.91600556,-85.05929476,26023.0,799.6874784566951,0.5747126436781609,346,340,2,0,338,330,43622,8,0,0,8,10
2020-08-05,US,Michigan,Calhoun,768,41,0,42.24633834,-85.00493569,26025.0,572.4550719668454,5.338541666666667,727,754,41,0,713,749,134487,14,0,0,14,5
2020-08-05,US,Michigan,Cass,302,12,0,41.91522292,-85.99405727,26027.0,583.1579353891904,3.9735099337748334,290,295,11,0,284,292,51653,7,1,0,6,3
2020-08-05,US,Michigan,Charlevoix,45,2,0,45.37790017,-85.19614053,26029.0,172.13020693875993,4.4444444444444455,43,45,2,0,43,44,26244,0,0,0,0,1
2020-08-05,US,Michigan,Cheboygan,41,2,0,45.44787015,-84.50122149,26031.0,162.2092103180883,4.878048780487805,39,39,2,0,37,38,25413,2,0,0,2,1
2020-08-05,US,Michigan,Chippewa,36,0,0,46.29552653,-84.54353449,26033.0,96.38812284130766,0.0,36,35,0,0,35,32,37517,1,0,0,1,3
2020-08-05,US,Michigan,Clare,64,3,0,43.98794227,-84.84819859999998,26035.0,206.78513731825524,4.6875,61,64,3,0,61,61,30757,0,0,0,0,3
2020-08-05,US,Michigan,Clinton,419,13,0,42.94400871,-84.60145248,26037.0,526.4149758150637,3.102625298329356,406,416,13,0,403,414,79332,3,0,0,3,2
2020-08-05,US,Michigan,Crawford,103,5,0,44.68255561,-84.61006219,26039.0,734.1934564117186,4.854368932038835,98,100,5,0,95,97,13901,3,0,0,3,3
2020-08-05,US,Michigan,Delta,85,3,0,45.90484910000001,-86.9080745,26041.0,237.53632908562489,3.5294117647058822,82,83,3,0,80,81,35857,2,0,0,2,2
2020-08-05,US,Michigan,Dickinson,48,2,0,46.00999672,-87.86961634,26043.0,190.18186140496846,4.166666666666667,46,47,2,0,45,46,25383,1,0,0,1,1
2020-08-05,US,Michigan,Eaton,449,8,0,42.59599185,-84.83740035,26045.0,407.1897558675228,1.7817371937639201,441,445,8,0,437,456,109826,4,0,0,4,-11
2020-08-05,US,Michigan,Emmet,60,2,0,45.52625509,-84.89083249,26047.0,179.56007780936702,3.333333333333333,58,59,2,0,57,58,33308,1,0,0,1,1
2020-08-05,US,Michigan,Federal Correctional Institution (FCI),194,5,0,0.0,0.0,0.0,0.0,2.5773195876288657,189,194,5,0,189,194,,0,0,0,0,0
2020-08-05,US,Michigan,Genesee,3581,295,0,43.02244215,-83.70589709,26049.0,882.4261420900757,8.237922368053617,3286,3558,295,0,3263,3522,406892,23,0,0,23,36
2020-08-05,US,Michigan,Gladwin,56,2,0,43.98901072,-84.38774817,26051.0,220.04793901528546,3.571428571428572,54,55,2,0,53,53,25337,1,0,0,1,2
2020-08-05,US,Michigan,Gogebic,105,1,0,46.40862701,-89.69377193,26053.0,751.3416815742398,0.9523809523809524,104,106,1,0,105,99,15096,-1,0,0,-1,7
2020-08-05,US,Michigan,Grand Traverse,199,5,0,44.69565625,-85.55585247,26055.0,213.77621175661739,2.512562814070352,194,202,5,0,197,202,92573,-3,0,0,-3,0
2020-08-05,US,Michigan,Gratiot,146,15,0,43.29265605,-84.60505416,26057.0,358.625432929675,10.273972602739725,131,146,15,0,131,145,40599,0,0,0,0,1
2020-08-05,US,Michigan,Hillsdale,253,25,0,41.88753639,-84.59312019,26059.0,554.7637320469247,9.881422924901186,228,253,25,0,228,251,45749,0,0,0,0,2
2020-08-05,US,Michigan,Houghton,49,0,0,46.89988536,-88.68495385,26061.0,137.31644434480438,0.0,49,48,0,0,48,48,36219,1,0,0,1,0
2020-08-05,US,Michigan,Huron,149,4,0,43.83353985,-83.04078453,26063.0,480.9399309254058,2.684563758389262,145,149,4,0,145,146,31166,0,0,0,0,3
2020-08-05,US,Michigan,Ingham,1503,30,0,42.59716886,-84.37472069,26065.0,514.0113403965719,1.996007984031936,1473,1500,30,0,1470,1493,292735,3,0,0,3,7
2020-08-05,US,Michigan,Ionia,272,5,0,42.94502238,-85.07413319,26067.0,420.4213487487828,1.8382352941176472,267,269,5,0,264,266,64210,3,0,0,3,3
2020-08-05,US,Michigan,Iosco,129,12,0,44.35486835,-83.63484895,26069.0,513.3919687985036,9.30232558139535,117,129,12,0,117,129,25081,0,0,0,0,0
2020-08-05,US,Michigan,Iron,17,1,0,46.20974132,-88.53136251,26071.0,153.6237122718236,5.882352941176472,16,17,1,0,16,17,11117,0,0,0,0,0
2020-08-05,US,Michigan,Isabella,204,9,0,43.64060976,-84.84664923,26073.0,291.9624456148385,4.411764705882354,195,202,9,0,193,201,70562,2,0,0,2,1
2020-08-05,US,Michigan,Jackson,701,33,0,42.24807035,-84.42258681,26075.0,442.2433915841272,4.70756062767475,668,695,33,0,662,690,158823,6,0,0,6,5
2020-08-05,US,Michigan,Kalamazoo,1588,82,0,42.24542231,-85.53038622,26077.0,599.0960741852972,5.1637279596977335,1506,1568,82,0,1486,1560,264870,20,0,0,20,8
2020-08-05,US,Michigan,Kalkaska,49,4,0,44.68512729,-85.09085699,26079.0,271.6487415456259,8.16326530612245,45,48,4,0,44,48,17824,1,0,0,1,0
2020-08-05,US,Michigan,Kent,7336,154,0,43.03197711,-85.54934642,26081.0,1116.667047210235,2.099236641221374,7182,7294,154,0,7140,7233,653786,42,0,0,42,61
2020-08-05,US,Michigan,Keweenaw,3,0,0,47.63197653,-88.41434263,26083.0,141.77693761814746,0.0,3,3,0,0,3,3,2113,0,0,0,0,0
2020-08-05,US,Michigan,Lake,19,0,0,43.99050893,-85.802173,26085.0,160.296971230912,0.0,19,18,0,0,18,18,11881,1,0,0,1,0
2020-08-05,US,Michigan,Lapeer,452,33,0,43.09052506,-83.22153148,26087.0,515.9405070371089,7.300884955752213,419,429,32,0,397,421,88028,23,1,0,22,8
2020-08-05,US,Michigan,Leelanau,67,0,0,44.94430054,-85.80150326,26089.0,307.89026239602964,0.0,67,66,0,0,66,66,21764,1,0,0,1,0
2020-08-05,US,Michigan,Lenawee,409,12,0,41.89475156,-84.06603727,26091.0,415.435089536927,2.9339853300733503,397,404,12,0,392,402,98266,5,0,0,5,2
2020-08-05,US,Michigan,Livingston,805,28,0,42.60302282,-83.91297209,26093.0,419.2817521289617,3.4782608695652173,777,795,28,0,767,784,191224,10,0,0,10,11
2020-08-05,US,Michigan,Luce,3,0,0,46.47227431,-85.54471223,26095.0,48.16182372772515,0.0,3,3,0,0,3,3,6283,0,0,0,0,0
2020-08-05,US,Michigan,Mackinac,25,0,0,46.07028979,-85.04980537,26097.0,231.5029169367534,0.0,25,23,0,0,23,20,10787,2,0,0,2,3
2020-08-05,US,Michigan,Macomb,9932,937,0,42.69158356,-82.92752801,26099.0,1136.4208464344395,9.434152235199354,8995,9834,937,0,8897,9722,874759,98,0,0,98,112
2020-08-05,US,Michigan,Manistee,34,0,0,44.33352407,-86.05626916,26101.0,138.44775633194885,0.0,34,34,0,0,34,34,24528,0,0,0,0,0
2020-08-05,US,Michigan,Marquette,146,11,0,46.4338914,-87.64043701,26103.0,218.89383648930269,7.534246575342466,135,144,11,0,133,138,66516,2,0,0,2,6
2020-08-05,US,Michigan,Mason,99,0,0,43.99509218,-86.24988902,26105.0,339.6925610760362,0.0,99,98,0,0,98,97,29100,1,0,0,1,1
2020-08-05,US,Michigan,Mecosta,62,2,0,43.64064262,-85.32463223,26107.0,142.682898764182,3.2258064516129035,60,59,2,0,57,57,43545,3,0,0,3,2
2020-08-05,US,Michigan,Menominee,111,0,0,45.58038692,-87.55370409,26109.0,487.26953467954354,0.0,111,108,0,0,108,100,22983,3,0,0,3,8
2020-08-05,US,Michigan,Michigan Department of Corrections (MDOC),4323,69,0,0.0,0.0,0.0,0.0,1.5961138098542678,4254,4237,69,0,4168,4147,,86,0,0,86,90
2020-08-05,US,Michigan,Midland,315,10,0,43.64330771,-84.38804374,26111.0,378.8060993794795,3.1746031746031744,305,313,10,0,303,311,83209,2,0,0,2,2
2020-08-05,US,Michigan,Missaukee,41,1,0,44.33772443,-85.09256478,26113.0,271.1998941658949,2.4390243902439024,40,40,1,0,39,40,15113,1,0,0,1,0
2020-08-05,US,Michigan,Monroe,935,22,0,41.92734151,-83.53749864,26115.0,621.2624584717609,2.3529411764705883,913,920,22,0,898,904,150439,15,0,0,15,16
2020-08-05,US,Michigan,Montcalm,181,1,0,43.31082541,-85.15252824,26117.0,283.30828950663664,0.5524861878453039,180,181,1,0,180,181,63968,0,0,0,0,0
2020-08-05,US,Michigan,Montmorency,8,0,0,45.0275929,-84.12696227,26119.0,85.76329331046313,0.0,8,8,0,0,8,8,9265,0,0,0,0,0
2020-08-05,US,Michigan,Muskegon,1143,58,0,43.29123859,-86.15176712,26121.0,658.5391148035908,5.074365704286964,1085,1131,58,0,1073,1127,173588,12,0,0,12,4
2020-08-05,US,Michigan,Newaygo,249,0,0,43.554373999999996,-85.80070107,26123.0,508.3707635769702,0.0,249,247,0,0,247,247,48892,2,0,0,2,0
2020-08-05,US,Michigan,Oakland,15030,1127,0,42.66090111,-83.38595416,26125.0,1195.1487932416444,7.498336660013306,13903,14950,1126,0,13824,14861,1259201,80,1,0,79,89
2020-08-05,US,Michigan,Oceana,467,6,0,43.64124435,-86.26726673,26127.0,1764.4614047682019,1.284796573875803,461,466,6,0,460,467,26625,1,0,0,1,-1
2020-08-05,US,Michigan,Ogemaw,53,2,0,44.33481032,-84.12725175,26129.0,252.41701195408868,3.7735849056603774,51,53,2,0,51,51,20952,0,0,0,0,2
2020-08-05,US,Michigan,Ontonagon,7,0,0,46.665226200000006,-89.31390481,26131.0,122.37762237762236,0.0,7,7,0,0,7,5,5795,0,0,0,0,2
2020-08-05,US,Michigan,Osceola,70,0,0,43.98992088,-85.32566756,26133.0,298.38022165387895,0.0,70,70,0,0,70,70,23341,0,0,0,0,0
2020-08-05,US,Michigan,Oscoda,24,1,0,44.68192279,-84.12939244,26135.0,291.2267928649436,4.166666666666667,23,24,1,0,23,24,8276,0,0,0,0,0
2020-08-05,US,Michigan,Otsego,131,10,0,45.02085831,-84.59898295,26137.0,531.0523755472677,7.633587786259542,121,131,10,0,121,131,24665,0,0,0,0,0
2020-08-05,US,Michigan,Ottawa,1763,55,0,42.95996803,-85.9969107,26139.0,604.1188363088099,3.119682359614294,1708,1749,54,0,1695,1746,290494,14,1,0,13,3
2020-08-05,US,Michigan,Out of MI,81,1,0,0.0,0.0,80026.0,0.0,1.2345679012345678,80,116,0,0,116,117,,-35,1,0,-36,-1
2020-08-05,US,Michigan,Presque Isle,20,2,0,45.34018577,-83.91498656,26141.0,158.8310038119441,10.0,18,18,1,0,17,17,12738,2,1,0,1,1
2020-08-05,US,Michigan,Roscommon,51,0,0,44.33473082,-84.61067651,26143.0,212.33190390940499,0.0,51,48,0,0,48,48,23884,3,0,0,3,0
2020-08-05,US,Michigan,Saginaw,1908,129,0,43.33433923,-84.05131209999998,26145.0,1001.3697983090076,6.761006289308176,1779,1883,129,0,1754,1855,190800,25,0,0,25,28
2020-08-05,US,Michigan,Sanilac,101,6,0,43.42406072,-82.82055898,26151.0,245.3242652416808,5.9405940594059405,95,99,6,0,93,97,41182,2,0,0,2,2
2020-08-05,US,Michigan,Schoolcraft,13,0,0,46.19235734,-86.19972234,26153.0,160.6127996046454,0.0,13,12,0,0,12,12,8068,1,0,0,1,0
2020-08-05,US,Michigan,Shiawassee,335,28,0,42.95392800000001,-84.14585902,26155.0,491.76477496256723,8.35820895522388,307,332,28,0,304,329,68192,3,0,0,3,3
2020-08-05,US,Michigan,St. Clair,790,53,0,42.92655373,-82.67937954,26147.0,496.4556834749384,6.70886075949367,737,783,53,0,730,778,159337,7,0,0,7,5
2020-08-05,US,Michigan,St. Joseph,569,8,0,41.91441767,-85.52797979,26149.0,933.337707499508,1.40597539543058,561,563,8,0,555,561,61043,6,0,0,6,2
2020-08-05,US,Michigan,Tuscola,324,29,0,43.46606813,-83.41897025,26157.0,620.1550387596899,8.950617283950617,295,322,29,0,293,310,52516,2,0,0,2,12
2020-08-05,US,Michigan,Unassigned,9,0,0,0.0,0.0,90026.0,0.0,0.0,9,4,0,0,4,4,,5,0,0,5,0
2020-08-05,US,Michigan,Van Buren,425,11,0,42.25190229,-86.01939087,26159.0,561.5973149041322,2.588235294117647,414,418,11,0,407,414,75448,7,0,0,7,4
2020-08-05,US,Michigan,Washtenaw,2471,112,0,42.253105,-83.83853204,26161.0,672.1962127415322,4.53257790368272,2359,2442,112,0,2330,2414,370963,29,0,0,29,28
2020-08-05,US,Michigan,Wayne,27688,2809,0,42.28098405,-83.281255,26163.0,1582.7656440160674,10.14518925166137,24879,27564,2809,0,24755,27377,1753893,124,0,0,124,187
2020-08-05,US,Michigan,Wexford,68,4,0,44.33853602,-85.57712739,26165.0,202.19440397252532,5.882352941176472,64,67,4,0,63,66,33466,1,0,0,1,1
2020-08-05,US,Minnesota,Aitkin,29,1,0,46.60962049,-93.41168259999999,27001.0,182.5506735490369,3.4482758620689653,28,27,0,0,27,27,15902,2,1,0,1,0
2020-08-05,US,Minnesota,Anoka,3456,113,0,45.27476015,-93.24604565,27003.0,968.2814964656044,3.2696759259259265,3343,3410,113,0,3297,3365,353813,46,0,0,46,45
2020-08-05,US,Minnesota,Becker,148,1,0,46.93479392,-95.67158144,27005.0,429.945094849374,0.6756756756756757,147,147,1,0,146,143,34371,1,0,0,1,4
2020-08-05,US,Minnesota,Beltrami,207,0,0,47.97373527,-94.93732139,27007.0,438.6708485208104,0.0,207,200,0,0,200,193,46847,7,0,0,7,7
2020-08-05,US,Minnesota,Benton,313,3,0,45.69804958,-93.99514135,27009.0,765.4870503069286,0.9584664536741214,310,310,3,0,307,306,40545,3,0,0,3,4
2020-08-05,US,Minnesota,Big Stone,22,0,0,45.42712824,-96.41403739,27011.0,440.79342817070733,0.0,22,22,0,0,22,22,4989,0,0,0,0,0
2020-08-05,US,Minnesota,Blue Earth,865,5,0,44.03554215,-94.06699781,27013.0,1278.5833592006268,0.5780346820809249,860,859,5,0,854,852,67427,6,0,0,6,7
2020-08-05,US,Minnesota,Brown,85,2,0,44.24205652,-94.72562874,27015.0,339.89123480486245,2.3529411764705883,83,85,2,0,83,85,25111,0,0,0,0,0
2020-08-05,US,Minnesota,Carlton,130,0,0,46.59180601,-92.67601019,27017.0,362.4097460344011,0.0,130,126,0,0,126,125,35837,4,0,0,4,1
2020-08-05,US,Minnesota,Carver,805,2,0,44.82017001,-93.80099179999999,27019.0,766.0173757481754,0.2484472049689441,803,792,2,0,790,779,103551,13,0,0,13,13
2020-08-05,US,Minnesota,Cass,66,2,0,46.95043611,-94.32603968,27021.0,221.63269418046275,3.0303030303030303,64,62,2,0,60,58,29519,4,0,0,4,4
2020-08-05,US,Minnesota,Chippewa,101,1,0,45.02343421,-95.56403693,27023.0,855.9322033898303,0.99009900990099,100,99,1,0,98,98,11924,2,0,0,2,1
2020-08-05,US,Minnesota,Chisago,184,1,0,45.5021011,-92.90861945,27025.0,325.20899980558164,0.5434782608695652,183,182,1,0,181,179,55922,2,0,0,2,3
2020-08-05,US,Minnesota,Clay,758,40,0,46.89289518,-96.48761922,27027.0,1180.2809006259536,5.277044854881266,718,752,40,0,712,745,63955,6,0,0,6,7
2020-08-05,US,Minnesota,Clearwater,14,0,0,47.57992111,-95.37790562,27029.0,158.76616012701294,0.0,14,15,0,0,15,15,8810,-1,0,0,-1,0
2020-08-05,US,Minnesota,Cook,2,0,0,47.90504893,-90.52629546,27031.0,36.60992128866923,0.0,2,2,0,0,2,2,5393,0,0,0,0,0
2020-08-05,US,Minnesota,Cottonwood,173,0,0,44.00715262,-95.18138802,27033.0,1545.1947123972848,0.0,173,173,0,0,173,171,11277,0,0,0,0,2
2020-08-05,US,Minnesota,Crow Wing,221,14,0,46.48096553,-94.06755609,27035.0,339.71255091845364,6.334841628959277,207,213,13,0,200,213,64889,8,1,0,7,0
2020-08-05,US,Minnesota,Dakota,4112,104,0,44.67172617,-93.06299363,27037.0,958.4612408250412,2.5291828793774314,4008,4049,103,0,3946,3991,425423,63,1,0,62,58
2020-08-05,US,Minnesota,Dodge,125,0,0,44.02238415,-92.86244324,27039.0,597.1147415687399,0.0,125,123,0,0,123,123,20822,2,0,0,2,0
2020-08-05,US,Minnesota,Douglas,136,0,0,45.93348491,-95.45335469,27041.0,356.5716682834745,0.0,136,132,0,0,132,130,37964,4,0,0,4,2
2020-08-05,US,Minnesota,Faribault,83,0,0,43.67381499,-93.94787458,27043.0,607.9249981689006,0.0,83,84,0,0,84,83,13758,-1,0,0,-1,1
2020-08-05,US,Minnesota,Fillmore,61,0,0,43.67394126,-92.08980382,27045.0,289.5523805003085,0.0,61,61,0,0,61,61,21058,0,0,0,0,0
2020-08-05,US,Minnesota,Freeborn,356,1,0,43.67385583,-93.34884422,27047.0,1175.6547009676035,0.2808988764044944,355,355,1,0,354,354,30444,1,0,0,1,1
2020-08-05,US,Minnesota,Goodhue,183,8,0,44.40849741,-92.72341949999999,27049.0,394.90720759602937,4.371584699453551,175,177,8,0,169,176,46403,6,0,0,6,1
2020-08-05,US,Minnesota,Grant,52,1,0,45.93424769,-96.01139609,27051.0,870.7300736771601,1.9230769230769231,51,51,1,0,50,49,6021,1,0,0,1,2
2020-08-05,US,Minnesota,Hennepin,18393,825,0,45.00761521,-93.47694895,27053.0,1453.0237952099906,4.4854020551296685,17568,18197,820,0,17377,18009,1259428,196,5,0,191,188
2020-08-05,US,Minnesota,Houston,40,0,0,43.67129565,-91.49143057,27055.0,215.05376344086025,0.0,40,39,0,0,39,39,18578,1,0,0,1,0
2020-08-05,US,Minnesota,Hubbard,30,0,0,47.10778564,-94.91693868,27057.0,139.59331813317206,0.0,30,32,0,0,32,28,21332,-2,0,0,-2,4
2020-08-05,US,Minnesota,Isanti,114,0,0,45.56181234,-93.29487636,27059.0,280.8158439255099,0.0,114,110,0,0,110,110,39966,4,0,0,4,0
2020-08-05,US,Minnesota,Itasca,135,12,0,47.51009045,-93.63092229,27061.0,299.1358298249501,8.888888888888891,123,134,12,0,122,132,45108,1,0,0,1,2
2020-08-05,US,Minnesota,Jackson,71,0,0,43.67423373,-95.15398258,27063.0,721.1050172658947,0.0,71,70,0,0,70,70,9911,1,0,0,1,0
2020-08-05,US,Minnesota,Kanabec,30,1,0,45.9459309,-93.29275192,27065.0,183.6322458223664,3.333333333333333,29,28,1,0,27,29,16207,2,0,0,2,-1
2020-08-05,US,Minnesota,Kandiyohi,681,1,0,45.1526059,-95.00586446,27067.0,1576.4253802171347,0.14684287812041116,680,677,1,0,676,676,42855,4,0,0,4,1
2020-08-05,US,Minnesota,Kittson,3,0,0,48.77754106,-96.78317184,27069.0,69.79990693345742,0.0,3,3,0,0,3,4,4248,0,0,0,0,-1
2020-08-05,US,Minnesota,Koochiching,74,3,0,48.24539665,-93.78352843,27071.0,605.1189794750184,4.0540540540540535,71,74,3,0,71,74,12440,0,0,0,0,0
2020-08-05,US,Minnesota,Lac qui Parle,6,0,0,44.9973857,-96.17488219,27073.0,90.59338668277216,0.0,6,6,0,0,6,6,6658,0,0,0,0,0
2020-08-05,US,Minnesota,Lake,18,0,0,47.64270764,-91.44557998,27075.0,169.1570341133352,0.0,18,18,0,0,18,18,10658,0,0,0,0,0
2020-08-05,US,Minnesota,Lake of the Woods,1,0,0,48.77217001,-94.90274472,27077.0,26.73796791443851,0.0,1,1,0,0,1,1,3758,0,0,0,0,0
2020-08-05,US,Minnesota,Le Sueur,203,1,0,44.37136597,-93.72844721,27079.0,702.7382559628899,0.4926108374384237,202,202,1,0,201,201,28494,1,0,0,1,1
2020-08-05,US,Minnesota,Lincoln,54,0,0,44.41311883,-96.26688165,27081.0,957.6165986877106,0.0,54,54,0,0,54,54,5673,0,0,0,0,0
2020-08-05,US,Minnesota,Lyon,420,3,0,44.41327865,-95.83806103,27083.0,1648.7398916542356,0.7142857142857143,417,416,3,0,413,416,25629,4,0,0,4,0
2020-08-05,US,Minnesota,Mahnomen,25,1,0,47.32557075,-95.80921485,27087.0,452.3249502442556,4.0,24,24,1,0,23,23,5519,1,0,0,1,1
2020-08-05,US,Minnesota,Marshall,29,0,0,48.35825983,-96.37017407,27089.0,310.62553556126824,0.0,29,29,0,0,29,28,9390,0,0,0,0,1
2020-08-05,US,Minnesota,Martin,204,5,0,43.67429718,-94.55099908,27091.0,1036.4273738759337,2.4509803921568634,199,204,5,0,199,204,19785,0,0,0,0,0
2020-08-05,US,Minnesota,McLeod,145,0,0,44.82367677,-94.27287017,27085.0,403.97849162789396,0.0,145,140,0,0,140,138,35873,5,0,0,5,2
2020-08-05,US,Minnesota,Meeker,85,2,0,45.12328869,-94.52839455,27093.0,366.03221083455344,2.3529411764705883,83,83,2,0,81,83,23141,2,0,0,2,0
2020-08-05,US,Minnesota,Mille Lacs,69,3,0,45.93705297,-93.63236823,27095.0,262.58705331658865,4.3478260869565215,66,68,3,0,65,65,26139,1,0,0,1,3
2020-08-05,US,Minnesota,Morrison,82,1,0,46.01265363,-94.27341528,27097.0,245.61193314563,1.2195121951219512,81,82,1,0,81,83,33169,0,0,0,0,-1
2020-08-05,US,Minnesota,Mower,1088,2,0,43.67142874,-92.75234549,27099.0,2715.7905246867354,0.18382352941176472,1086,1084,2,0,1082,1081,40011,4,0,0,4,3
2020-08-05,US,Minnesota,Murray,122,1,0,44.02216709,-95.76328482,27101.0,1488.8943129118868,0.819672131147541,121,122,1,0,121,122,8276,0,0,0,0,0
2020-08-05,US,Minnesota,Nicollet,322,13,0,44.35291112,-94.24710352,27103.0,939.4876582832468,4.037267080745342,309,320,13,0,307,312,34220,2,0,0,2,8
2020-08-05,US,Minnesota,Nobles,1751,6,0,43.67434621,-95.75329576,27105.0,8095.612372277959,0.3426613363792119,1745,1749,6,0,1743,1746,21924,2,0,0,2,3
2020-08-05,US,Minnesota,Norman,37,0,0,47.32628443,-96.45620947,27107.0,580.3921568627451,0.0,37,37,0,0,37,34,6475,0,0,0,0,3
2020-08-05,US,Minnesota,Olmsted,1649,23,0,44.00374114,-92.40209944,27109.0,1041.7390535273196,1.3947847180109156,1626,1635,23,0,1612,1629,156277,14,0,0,14,6
2020-08-05,US,Minnesota,Otter Tail,182,3,0,46.40846929,-95.70835255,27111.0,309.80832737548087,1.6483516483516485,179,179,3,0,176,176,58812,3,0,0,3,3
2020-08-05,US,Minnesota,Pennington,73,1,0,48.06642577,-96.0370814,27113.0,517.0337842623417,1.3698630136986298,72,73,1,0,72,72,14178,0,0,0,0,1
2020-08-05,US,Minnesota,Pine,128,0,0,46.12105238,-92.74070188,27115.0,432.7394435241218,0.0,128,128,0,0,128,127,29483,0,0,0,0,1
2020-08-05,US,Minnesota,Pipestone,144,9,0,44.02301619,-96.25841142,27117.0,1577.9092702169626,6.25,135,143,9,0,134,143,9047,1,0,0,1,0
2020-08-05,US,Minnesota,Polk,139,3,0,47.77372465,-96.40134647,27119.0,443.1832674403775,2.1582733812949644,136,135,3,0,132,131,31529,4,0,0,4,4
2020-08-05,US,Minnesota,Pope,46,0,0,45.58606667,-95.44451209,27121.0,408.9252377989155,0.0,46,45,0,0,45,43,11097,1,0,0,1,2
2020-08-05,US,Minnesota,Ramsey,7130,261,0,45.01625271,-93.09872295,27123.0,1295.6074727295525,3.6605890603085554,6869,7047,261,0,6786,6944,550210,83,0,0,83,103
2020-08-05,US,Minnesota,Red Lake,21,0,0,47.87197525,-96.09561104,27125.0,517.8791615289766,0.0,21,20,0,0,20,20,3999,1,0,0,1,0
2020-08-05,US,Minnesota,Redwood,32,0,0,44.40555844,-95.25207021,27127.0,210.94264996704013,0.0,32,32,0,0,32,30,15249,0,0,0,0,2
2020-08-05,US,Minnesota,Renville,60,5,0,44.72836381,-94.94553734,27129.0,412.4278251306022,8.333333333333334,55,60,5,0,55,59,14612,0,0,0,0,1
2020-08-05,US,Minnesota,Rice,1006,8,0,44.3543376,-93.29658715,27131.0,1502.1202890760314,0.7952286282306164,998,1002,8,0,994,999,66523,4,0,0,4,3
2020-08-05,US,Minnesota,Rock,75,0,0,43.67482683,-96.25296832,27133.0,805.1529790660228,0.0,75,75,0,0,75,74,9414,0,0,0,0,1
2020-08-05,US,Minnesota,Roseau,46,0,0,48.77501878,-95.81079919,27135.0,303.33003626772165,0.0,46,46,0,0,46,46,15150,0,0,0,0,0
2020-08-05,US,Minnesota,Scott,1439,18,0,44.6490231,-93.53340251,27139.0,965.6875574614296,1.2508686587908269,1421,1410,17,0,1393,1390,147381,29,1,0,28,20
2020-08-05,US,Minnesota,Sherburne,667,7,0,45.44447208,-93.77617511,27141.0,685.9458236491906,1.0494752623688155,660,657,7,0,650,649,96036,10,0,0,10,8
2020-08-05,US,Minnesota,Sibley,80,2,0,44.5796592,-94.23164924,27143.0,538.1769256643122,2.5,78,80,2,0,78,79,15028,0,0,0,0,1
2020-08-05,US,Minnesota,St. Louis,475,19,0,47.604840700000004,-92.46879855,27137.0,238.60953433465613,4.0,456,453,19,0,434,436,199754,22,0,0,22,17
2020-08-05,US,Minnesota,Stearns,2847,20,0,45.55192576,-94.61078221,27145.0,1767.499611981996,0.7024938531787847,2827,2842,20,0,2822,2831,159256,5,0,0,5,11
2020-08-05,US,Minnesota,Steele,334,1,0,44.02240351,-93.22627088,27147.0,911.348195039428,0.2994011976047904,333,333,1,0,332,330,36803,1,0,0,1,3
2020-08-05,US,Minnesota,Stevens,16,0,0,45.58613007,-96.00163705,27149.0,163.1820499745028,0.0,16,16,0,0,16,15,9753,0,0,0,0,1
2020-08-05,US,Minnesota,Swift,52,1,0,45.2829032,-95.68264092,27151.0,561.1914526224908,1.9230769230769231,51,52,1,0,51,52,9345,0,0,0,0,0
2020-08-05,US,Minnesota,Todd,421,2,0,46.06996226,-94.89785296,27153.0,1706.9412909503726,0.4750593824228028,419,420,2,0,418,420,24582,1,0,0,1,0
2020-08-05,US,Minnesota,Traverse,10,0,0,45.77298854,-96.47062949,27155.0,306.84258975145747,0.0,10,10,0,0,10,10,3308,0,0,0,0,0
2020-08-05,US,Minnesota,Unassigned,109,41,0,0.0,0.0,90027.0,0.0,37.61467889908257,68,140,40,0,100,140,,-31,1,0,-32,0
2020-08-05,US,Minnesota,Wabasha,84,0,0,44.28424356,-92.23121312,27157.0,388.40338465806633,0.0,84,82,0,0,82,81,21645,2,0,0,2,1
2020-08-05,US,Minnesota,Wadena,24,0,0,46.58589171,-94.96968506,27159.0,175.412951322906,0.0,24,23,0,0,23,23,13773,1,0,0,1,0
2020-08-05,US,Minnesota,Waseca,133,0,0,44.02211116,-93.58720034,27161.0,714.5927358693318,0.0,133,130,0,0,130,128,18691,3,0,0,3,2
2020-08-05,US,Minnesota,Washington,1978,43,0,45.03864533,-92.88429635,27163.0,753.6960829141899,2.1739130434782608,1935,1938,43,0,1895,1917,259201,40,0,0,40,21
2020-08-05,US,Minnesota,Watonwan,300,0,0,43.97823903,-94.61413846,27165.0,2753.051298522529,0.0,300,299,0,0,299,298,10980,1,0,0,1,1
2020-08-05,US,Minnesota,Wilkin,31,3,0,46.35721532,-96.4684375,27167.0,499.4361205091026,9.677419354838712,28,28,3,0,25,28,6254,3,0,0,3,0
2020-08-05,US,Minnesota,Winona,252,16,0,43.98772283,-91.78081305,27169.0,499.1680532445923,6.349206349206349,236,249,16,0,233,247,50825,3,0,0,3,2
2020-08-05,US,Minnesota,Wright,827,5,0,45.17297924,-93.96234781,27171.0,597.6426718313013,0.6045949214026602,822,820,5,0,815,813,136349,7,0,0,7,7
2020-08-05,US,Minnesota,Yellow Medicine,50,0,0,44.71710183,-95.86842453,27173.0,514.9860953754248,0.0,50,49,0,0,49,49,9795,1,0,0,1,0
2020-08-05,US,Mississippi,Adams,596,25,0,31.47669768,-91.35326037,28001.0,1941.8108363470496,4.194630872483222,571,587,25,0,562,584,31192,9,0,0,9,3
2020-08-05,US,Mississippi,Alcorn,377,5,0,34.88084463,-88.57996173,28003.0,1020.2148675344356,1.326259946949602,372,363,4,0,359,357,36925,14,1,0,13,6
2020-08-05,US,Mississippi,Amite,217,6,0,31.17467303,-90.80501621,28005.0,1764.6580466780515,2.7649769585253456,211,211,6,0,205,210,12326,6,0,0,6,1
2020-08-05,US,Mississippi,Attala,510,24,0,33.08658803,-89.57838564,28007.0,2806.2066688676127,4.705882352941177,486,502,24,0,478,498,18365,8,0,0,8,4
2020-08-05,US,Mississippi,Benton,128,0,0,34.81681228,-89.18945516,28009.0,1549.8244339508415,0.0,128,130,0,0,130,125,8271,-2,0,0,-2,5
2020-08-05,US,Mississippi,Bolivar,1010,32,0,33.79696941,-90.87372121,28011.0,3297.63614992817,3.1683168316831685,978,987,32,0,955,948,31333,23,0,0,23,39
2020-08-05,US,Mississippi,Calhoun,392,9,0,33.93683395,-89.33686647,28013.0,2729.614929322471,2.295918367346939,383,381,9,0,372,378,14436,11,0,0,11,3
2020-08-05,US,Mississippi,Carroll,248,11,0,33.44834567,-89.91994479,28015.0,2493.2140343822257,4.435483870967742,237,248,11,0,237,245,9911,0,0,0,0,3
2020-08-05,US,Mississippi,Chickasaw,438,19,0,33.91983202,-88.9481545,28017.0,2560.954218558148,4.337899543378995,419,443,19,0,424,438,17171,-5,0,0,-5,5
2020-08-05,US,Mississippi,Choctaw,129,4,0,33.34598242,-89.24809382,28019.0,1571.2545676004875,3.1007751937984502,125,129,4,0,125,127,8278,0,0,0,0,2
2020-08-05,US,Mississippi,Claiborne,399,13,0,31.97061673,-90.90702196,28021.0,4439.252336448598,3.2581453634085213,386,401,13,0,388,400,9002,-2,0,0,-2,1
2020-08-05,US,Mississippi,Clarke,322,25,0,32.04158545,-88.68896219999998,28023.0,2071.938742680651,7.763975155279502,297,310,25,0,285,300,15604,12,0,0,12,10
2020-08-05,US,Mississippi,Clay,380,14,0,33.65358105,-88.77784255,28025.0,1967.2810105611927,3.684210526315789,366,374,13,0,361,370,19386,6,1,0,5,4
2020-08-05,US,Mississippi,Coahoma,684,10,0,34.22772299,-90.60415045,28027.0,3091.665160007232,1.4619883040935673,674,677,10,0,667,663,22628,7,0,0,7,14
2020-08-05,US,Mississippi,Copiah,929,28,0,31.86977774,-90.44565118,28029.0,3310.1728131124178,3.013993541442411,901,924,26,0,898,917,28543,5,2,0,3,7
2020-08-05,US,Mississippi,Covington,603,13,0,31.63225413,-89.55389939,28031.0,3235.6728911783644,2.155887230514096,590,601,12,0,589,588,18853,2,1,0,1,13
2020-08-05,US,Mississippi,DeSoto,3472,27,0,34.87625235,-89.99091418,28033.0,1877.3148773959824,0.7776497695852534,3445,3387,27,0,3360,3326,182001,85,0,0,85,61
2020-08-05,US,Mississippi,Forrest,1701,55,0,31.18961454,-89.25832496,28035.0,2271.119003431379,3.233392122281012,1646,1653,53,0,1600,1640,75036,48,2,0,46,13
2020-08-05,US,Mississippi,Franklin,115,2,0,31.47786634,-90.89672989,28037.0,1490.989238947232,1.7391304347826086,113,117,2,0,115,116,7788,-2,0,0,-2,1
2020-08-05,US,Mississippi,George,545,4,0,30.86259065,-88.64436789,28039.0,2224.4897959183672,0.7339449541284404,541,549,5,0,544,547,24250,-4,-1,0,-3,2
2020-08-05,US,Mississippi,Greene,230,11,0,31.21444233,-88.63922281,28041.0,1692.9191815103784,4.782608695652174,219,232,11,0,221,226,13586,-2,0,0,-2,6
2020-08-05,US,Mississippi,Grenada,819,21,0,33.77036166,-89.80245083,28043.0,3945.466807977647,2.5641025641025643,798,816,21,0,795,813,21055,3,0,0,3,3
2020-08-05,US,Mississippi,Hancock,349,14,0,30.41830223,-89.48851033,28045.0,732.700705408129,4.011461318051576,335,344,14,0,330,336,47334,5,0,0,5,8
2020-08-05,US,Mississippi,Harrison,2287,35,0,30.51359752,-89.12467576,28047.0,1099.0965013456364,1.5303891560996938,2252,2228,33,0,2195,2152,206650,59,2,0,57,76
2020-08-05,US,Mississippi,Hinds,5416,112,0,32.2656285,-90.44435448,28049.0,2336.0938578329888,2.06794682422452,5304,5329,110,0,5219,5269,237085,87,2,0,85,60
2020-08-05,US,Mississippi,Holmes,859,48,0,33.12345854,-90.08923538,28051.0,5049.970605526161,5.587892898719442,811,851,48,0,803,847,17622,8,0,0,8,4
2020-08-05,US,Mississippi,Humphreys,281,11,0,33.12825718,-90.52252707,28053.0,3484.623015873016,3.9145907473309607,270,274,11,0,263,271,8257,7,0,0,7,3
2020-08-05,US,Mississippi,Issaquena,24,1,0,32.72531359,-90.97392828,28055.0,1808.590806330068,4.166666666666667,23,21,1,0,20,21,1308,3,0,0,3,0
2020-08-05,US,Mississippi,Itawamba,323,10,0,34.27993475,-88.3606733,28057.0,1380.932022231723,3.095975232198142,313,317,10,0,307,307,23517,6,0,0,6,10
2020-08-05,US,Mississippi,Jackson,2156,41,0,30.54020656,-88.64184064,28059.0,1501.2150372170431,1.901669758812616,2115,2063,38,0,2025,1994,143277,93,3,0,90,69
2020-08-05,US,Mississippi,Jasper,379,9,0,32.01922104,-89.11786866,28061.0,2313.3736189953,2.3746701846965697,370,385,9,0,376,376,16428,-6,0,0,-6,9
2020-08-05,US,Mississippi,Jefferson,193,6,0,31.73397872,-91.03764977,28063.0,2761.087267525036,3.1088082901554404,187,193,6,0,187,193,7106,0,0,0,0,0
2020-08-05,US,Mississippi,Jefferson Davis,225,6,0,31.56884708,-89.82670990000004,28065.0,2021.9266714593807,2.6666666666666665,219,214,6,0,208,202,11234,11,0,0,11,12
2020-08-05,US,Mississippi,Jones,1828,57,0,31.62257767,-89.16896899999998,28067.0,2684.366648066023,3.1181619256017505,1771,1804,57,0,1747,1774,68461,24,0,0,24,30
2020-08-05,US,Mississippi,Kemper,227,15,0,32.75462946,-88.64105766,28069.0,2330.117019092589,6.607929515418503,212,227,15,0,212,223,10027,0,0,0,0,4
2020-08-05,US,Mississippi,Lafayette,907,14,0,34.35687874,-89.48490961,28071.0,1679.0388566985696,1.5435501653803751,893,885,12,0,873,881,54793,22,2,0,20,4
2020-08-05,US,Mississippi,Lamar,1177,13,0,31.20572971,-89.5077704,28073.0,1858.1374421798776,1.104502973661852,1164,1146,13,0,1133,1121,62447,31,0,0,31,25
2020-08-05,US,Mississippi,Lauderdale,1379,90,0,32.40419769,-88.66229662,28075.0,1860.370994940978,6.5264684554024655,1289,1354,88,0,1266,1329,75317,25,2,0,23,25
2020-08-05,US,Mississippi,Lawrence,302,7,0,31.55147224,-90.10841127,28077.0,2399.491498490386,2.3178807947019866,295,315,5,0,310,313,12455,-13,2,0,-15,2
2020-08-05,US,Mississippi,Leake,776,25,0,32.7536828,-89.52402044,28079.0,3405.5999297814446,3.2216494845360826,751,771,25,0,746,768,22763,5,0,0,5,3
2020-08-05,US,Mississippi,Lee,1297,32,0,34.291877500000005,-88.68149954,28081.0,1518.095416452081,2.4672320740169624,1265,1274,30,0,1244,1239,85202,23,2,0,21,35
2020-08-05,US,Mississippi,Leflore,882,61,0,33.55545125,-90.29900733,28083.0,3129.5461803214703,6.916099773242631,821,866,60,0,806,840,28919,16,1,0,15,26
2020-08-05,US,Mississippi,Lincoln,787,41,0,31.53288662,-90.45391915,28085.0,2304.336368693819,5.209656925031767,746,756,41,0,715,745,34205,31,0,0,31,11
2020-08-05,US,Mississippi,Lowndes,1023,33,0,33.47386518,-88.44191529999998,28087.0,1745.8827545012373,3.2258064516129035,990,999,32,0,967,989,58930,24,1,0,23,10
2020-08-05,US,Mississippi,Madison,2363,60,0,32.63389156,-90.03513564,28089.0,2223.539596507076,2.539145154464664,2303,2324,60,0,2264,2297,105630,39,0,0,39,27
2020-08-05,US,Mississippi,Marion,634,19,0,31.23132643,-89.8209217,28091.0,2580.067553819233,2.996845425867508,615,625,19,0,606,601,24715,9,0,0,9,24
2020-08-05,US,Mississippi,Marshall,616,9,0,34.76216286,-89.50299462,28093.0,1745.3391511305038,1.4610389610389611,607,585,8,0,577,571,35451,31,1,0,30,14
2020-08-05,US,Mississippi,Monroe,731,51,0,33.89236763,-88.4808438,28095.0,2073.641211846136,6.9767441860465125,680,716,50,0,666,702,35564,15,1,0,14,14
2020-08-05,US,Mississippi,Montgomery,302,3,0,33.49419589,-89.61729103,28097.0,3089.514066496164,0.9933774834437086,299,297,3,0,294,293,10023,5,0,0,5,4
2020-08-05,US,Mississippi,Neshoba,1264,90,0,32.75339664,-89.11726492,28099.0,4340.957483343635,7.1202531645569636,1174,1232,88,0,1144,1197,29125,32,2,0,30,35
2020-08-05,US,Mississippi,Newton,530,11,0,32.40021118,-89.11843336,28101.0,2521.6481111428297,2.0754716981132075,519,526,11,0,515,516,21443,4,0,0,4,10
2020-08-05,US,Mississippi,Noxubee,438,11,0,33.11009499,-88.56949061,28103.0,4204.665450705576,2.5114155251141552,427,426,11,0,415,419,10535,12,0,0,12,7
2020-08-05,US,Mississippi,Oktibbeha,1077,37,0,33.42491685,-88.87905132,28105.0,2171.940226268982,3.4354688950789227,1040,1060,36,0,1024,1054,49599,17,1,0,16,6
2020-08-05,US,Mississippi,Panola,960,12,0,34.36398677,-89.95064249,28107.0,2807.6743097800645,1.25,948,936,11,0,925,912,34178,24,1,0,23,24
2020-08-05,US,Mississippi,Pearl River,515,37,0,30.77090935,-89.58677275,28109.0,927.3431169532727,7.184466019417477,478,496,37,0,459,485,55387,19,0,0,19,11
2020-08-05,US,Mississippi,Perry,220,7,0,31.17161885,-88.99281835,28111.0,1837.4676355132376,3.1818181818181817,213,226,7,0,219,222,11931,-6,0,0,-6,4
2020-08-05,US,Mississippi,Pike,861,33,0,31.17507789,-90.40392572,28113.0,2191.508857666463,3.8327526132404177,828,846,32,0,814,832,39563,15,1,0,14,14
2020-08-05,US,Mississippi,Pontotoc,780,8,0,34.226046000000004,-89.03636807,28115.0,2424.3177721141296,1.0256410256410255,772,752,7,0,745,737,31833,28,1,0,27,15
2020-08-05,US,Mississippi,Prentiss,369,9,0,34.61810501,-88.51986294,28117.0,1468.5982647456815,2.4390243902439024,360,351,6,0,345,342,25315,18,3,0,15,9
2020-08-05,US,Mississippi,Quitman,238,1,0,34.25157572,-90.28908,28119.0,3504.1224970553594,0.4201680672268908,237,233,1,0,232,225,7051,5,0,0,5,8
2020-08-05,US,Mississippi,Rankin,2202,31,0,32.26469147,-89.94537876,28121.0,1418.1656587514733,1.4078110808356041,2171,2168,30,0,2138,2146,153902,34,1,0,33,22
2020-08-05,US,Mississippi,Scott,978,20,0,32.406704100000006,-89.53789439,28123.0,3477.4569762480437,2.044989775051125,958,962,19,0,943,955,28287,16,1,0,15,7
2020-08-05,US,Mississippi,Sharkey,191,3,0,32.88149103,-90.8159538,28125.0,4420.273084934043,1.5706806282722514,188,183,1,0,182,180,4377,8,2,0,6,3
2020-08-05,US,Mississippi,Simpson,767,30,0,31.91282117,-89.91716179,28127.0,2877.185085152675,3.9113428943937416,737,723,28,0,695,712,26758,44,2,0,42,11
2020-08-05,US,Mississippi,Smith,389,13,0,32.01744532,-89.50644846,28129.0,2444.081427494345,3.341902313624679,376,385,13,0,372,380,16002,4,0,0,4,5
2020-08-05,US,Mississippi,Stone,160,3,0,30.79187949,-89.11547539,28131.0,872.6003490401396,1.875,157,159,3,0,156,152,18717,1,0,0,1,7
2020-08-05,US,Mississippi,Sunflower,942,23,0,33.60192578,-90.58882684,28133.0,3751.4934289127837,2.4416135881104037,919,926,23,0,903,908,25735,16,0,0,16,18
2020-08-05,US,Mississippi,Tallahatchie,512,10,0,33.95339918,-90.1729398,28135.0,3707.726844811355,1.953125,502,496,10,0,486,493,13987,16,0,0,16,3
2020-08-05,US,Mississippi,Tate,683,27,0,34.65133709,-89.94485778,28137.0,2411.638007132517,3.9531478770131767,656,665,24,0,641,650,28759,18,3,0,15,15
2020-08-05,US,Mississippi,Tippah,320,13,0,34.76872156,-88.90988194,28139.0,1453.5543947308654,4.0625,307,316,12,0,304,312,21995,4,1,0,3,4
2020-08-05,US,Mississippi,Tishomingo,344,5,0,34.74023475,-88.23917219,28141.0,1774.7510705257184,1.4534883720930232,339,339,4,0,335,320,19454,5,1,0,4,19
2020-08-05,US,Mississippi,Tunica,307,6,0,34.64967704,-90.37481167,28143.0,3187.292358803986,1.954397394136808,301,292,6,0,286,278,9944,15,0,0,15,14
2020-08-05,US,Mississippi,Union,552,15,0,34.49162015,-89.00776006,28145.0,1915.6689224362315,2.717391304347826,537,538,14,0,524,531,28606,14,1,0,13,7
2020-08-05,US,Mississippi,Walthall,482,19,0,31.14971548,-90.10446654,28147.0,3373.9325213495727,3.941908713692946,463,463,18,0,445,453,14465,19,1,0,18,10
2020-08-05,US,Mississippi,Warren,995,31,0,32.35810271,-90.83352619,28149.0,2192.547541922831,3.1155778894472363,964,976,30,0,946,964,46176,19,1,0,18,12
2020-08-05,US,Mississippi,Washington,1548,35,0,33.28392041,-90.94196237,28151.0,3525.473137625544,2.2609819121447035,1513,1524,33,0,1491,1492,45063,24,2,0,22,32
2020-08-05,US,Mississippi,Wayne,749,21,0,31.64135687,-88.69573913,28153.0,3711.0439478769263,2.803738317757009,728,736,21,0,715,733,20298,13,0,0,13,3
2020-08-05,US,Mississippi,Webster,211,12,0,33.61300486,-89.28392912,28155.0,2177.7273196408296,5.6872037914691935,199,201,12,0,189,199,9788,10,0,0,10,2
2020-08-05,US,Mississippi,Wilkinson,193,13,0,31.16078225,-91.31018819,28157.0,2236.384704519119,6.735751295336788,180,188,13,0,175,187,8792,5,0,0,5,1
2020-08-05,US,Mississippi,Winston,593,15,0,33.08747908,-89.03391385,28159.0,3302.7011974380393,2.5295109612141653,578,584,15,0,569,571,18165,9,0,0,9,13
2020-08-05,US,Mississippi,Yalobusha,304,10,0,34.02824175,-89.70762049999998,28161.0,2510.736703006277,3.2894736842105265,294,313,10,0,303,312,12392,-9,0,0,-9,1
2020-08-05,US,Mississippi,Yazoo,803,12,0,32.77890365,-90.39656148,28163.0,2704.614348265409,1.49439601494396,791,793,11,0,782,786,28248,10,1,0,9,7
2020-08-05,US,Missouri,Adair,143,0,0,40.19058551,-92.60078167,29001.0,564.2583750937142,0.0,143,137,0,0,137,134,25339,6,0,0,6,3
2020-08-05,US,Missouri,Andrew,87,1,0,39.98492163,-94.80163024,29003.0,491.19241192411926,1.1494252873563218,86,85,1,0,84,84,17607,2,0,0,2,1
2020-08-05,US,Missouri,Atchison,14,0,0,40.43238737,-95.42970639,29005.0,272.21466070386936,0.0,14,12,0,0,12,12,5171,2,0,0,2,0
2020-08-05,US,Missouri,Audrain,198,1,0,39.215877,-91.84242683,29007.0,779.896013864818,0.5050505050505051,197,194,1,0,193,194,25473,4,0,0,4,0
2020-08-05,US,Missouri,Barry,242,2,0,36.70978521,-93.82919888,29009.0,676.1854201011486,0.8264462809917356,240,233,2,0,231,230,35886,9,0,0,9,3
2020-08-05,US,Missouri,Barton,66,0,0,37.50207671,-94.34757022,29011.0,561.5109749872383,0.0,66,66,0,0,66,65,11798,0,0,0,0,1
2020-08-05,US,Missouri,Bates,42,1,0,38.25271289,-94.34113157,29013.0,259.7081375216424,2.380952380952381,41,40,1,0,39,40,16320,2,0,0,2,0
2020-08-05,US,Missouri,Benton,78,1,0,38.29503305,-93.28756116,29015.0,401.17265854034866,1.2820512820512822,77,75,1,0,74,75,19278,3,0,0,3,0
2020-08-05,US,Missouri,Bollinger,59,0,0,37.32449052,-90.02725304,29017.0,486.27709552460226,0.0,59,58,0,0,58,56,12169,1,0,0,1,2
2020-08-05,US,Missouri,Boone,1283,3,0,38.99186229,-92.30723575,29019.0,710.9490588098391,0.2338269680436477,1280,1259,3,0,1256,1236,180005,24,0,0,24,23
2020-08-05,US,Missouri,Buchanan,1069,10,0,39.65816401,-94.80138942,29021.0,1223.616134792363,0.9354536950420954,1059,1063,10,0,1053,1062,88571,6,0,0,6,1
2020-08-05,US,Missouri,Butler,253,2,0,36.71462476,-90.40421163,29023.0,595.602429492914,0.7905138339920948,251,249,2,0,247,247,42639,4,0,0,4,2
2020-08-05,US,Missouri,Caldwell,36,1,0,39.65620858,-93.98308093,29025.0,399.1130820399113,2.7777777777777777,35,34,1,0,33,35,9108,2,0,0,2,-1
2020-08-05,US,Missouri,Callaway,133,1,0,38.83674754,-91.92186505,29027.0,297.25320161813016,0.7518796992481203,132,131,1,0,130,130,44889,2,0,0,2,1
2020-08-05,US,Missouri,Camden,326,5,0,38.02199522,-92.76083747,29029.0,704.0276428031531,1.5337423312883436,321,317,5,0,312,309,45815,9,0,0,9,8
2020-08-05,US,Missouri,Cape Girardeau,614,5,0,37.38489388,-89.6843587,29031.0,778.4863891671208,0.8143322475570033,609,613,4,0,609,607,78753,1,1,0,0,6
2020-08-05,US,Missouri,Carroll,99,0,0,39.42762566,-93.50626255,29033.0,1140.6844106463875,0.0,99,99,0,0,99,99,8743,0,0,0,0,0
2020-08-05,US,Missouri,Carter,20,1,0,36.94160441,-90.96051322,29035.0,334.33634236041456,5.0,19,21,1,0,20,19,6054,-1,0,0,-1,2
2020-08-05,US,Missouri,Cass,679,9,0,38.64789422,-94.353399,29037.0,641.8982794479108,1.325478645066274,670,673,9,0,664,654,104954,6,0,0,6,19
2020-08-05,US,Missouri,Cedar,36,0,0,37.72391475,-93.85445441,29039.0,250.88856366297298,0.0,36,35,0,0,35,34,14165,1,0,0,1,1
2020-08-05,US,Missouri,Chariton,16,0,0,39.51499357,-92.9629191,29041.0,215.45919741448964,0.0,16,17,0,0,17,16,7451,-1,0,0,-1,1
2020-08-05,US,Missouri,Christian,311,1,0,36.9711783,-93.18537118,29043.0,351.03561149049034,0.3215434083601286,310,300,1,0,299,286,86983,11,0,0,11,14
2020-08-05,US,Missouri,Clark,15,0,0,40.41040752,-91.73661677,29045.0,220.68559658672942,0.0,15,14,0,0,14,14,6842,1,0,0,1,0
2020-08-05,US,Missouri,Clay,974,20,0,39.31132056,-94.41850862,29047.0,389.68105365916114,2.053388090349076,954,944,20,0,924,914,246365,30,0,0,30,30
2020-08-05,US,Missouri,Clinton,68,0,0,39.6013098,-94.40465394,29049.0,333.54588708490706,0.0,68,65,0,0,65,65,20470,3,0,0,3,0
2020-08-05,US,Missouri,Cole,354,3,0,38.50455671,-92.27860244,29051.0,461.26783503811316,0.8474576271186439,351,338,3,0,335,325,76796,16,0,0,16,13
2020-08-05,US,Missouri,Cooper,107,0,0,38.844478,-92.80896081,29053.0,604.2125472923373,0.0,107,103,0,0,103,98,17603,4,0,0,4,5
2020-08-05,US,Missouri,Crawford,62,0,0,37.97663738,-91.30528104,29055.0,259.1973244147157,0.0,62,58,0,0,58,57,23957,4,0,0,4,1
2020-08-05,US,Missouri,Dade,15,0,0,37.431814,-93.8503345,29057.0,198.3864568178812,0.0,15,21,0,0,21,21,7569,-6,0,0,-6,0
2020-08-05,US,Missouri,Dallas,53,1,0,37.6811355,-93.02127031,29059.0,314.01824860765487,1.8867924528301887,52,52,1,0,51,50,16762,1,0,0,1,2
2020-08-05,US,Missouri,Daviess,17,0,0,39.96145298,-93.98519678,29061.0,205.36361439961343,0.0,17,17,0,0,17,17,8313,0,0,0,0,0
2020-08-05,US,Missouri,DeKalb,35,1,0,39.89201062,-94.40476508,29063.0,278.95114369968917,2.8571428571428568,34,35,1,0,34,32,12630,0,0,0,0,3
2020-08-05,US,Missouri,Dent,9,0,0,37.60663134,-91.50790473,29065.0,57.792332883837396,0.0,9,9,0,0,9,9,15441,0,0,0,0,0
2020-08-05,US,Missouri,Douglas,83,2,0,36.9325593,-92.49905109,29067.0,629.5032233598788,2.409638554216868,81,83,2,0,81,81,13373,0,0,0,0,2
2020-08-05,US,Missouri,Dunklin,276,4,0,36.27167174,-90.09122243,29069.0,947.4443033194881,1.4492753623188406,272,267,4,0,263,255,29423,9,0,0,9,12
2020-08-05,US,Missouri,Franklin,566,18,0,38.41127108,-91.07522826,29071.0,544.4035126530533,3.180212014134276,548,554,18,0,536,542,103670,12,0,0,12,12
2020-08-05,US,Missouri,Gasconade,20,0,0,38.43947277,-91.50847147,29073.0,135.99891200870394,0.0,20,21,0,0,21,20,14705,-1,0,0,-1,1
2020-08-05,US,Missouri,Gentry,82,9,0,40.21097916,-94.40944419,29075.0,1247.9074722264495,10.975609756097562,73,82,9,0,73,82,6628,0,0,0,0,0
2020-08-05,US,Missouri,Greene,1350,10,0,37.2575872,-93.34230916,29077.0,460.61565547313756,0.7407407407407407,1340,1301,10,0,1291,1256,291923,49,0,0,49,45
2020-08-05,US,Missouri,Grundy,25,1,0,40.11406587,-93.56509276,29079.0,253.8071065989848,4.0,24,25,1,0,24,24,9914,0,0,0,0,1
2020-08-05,US,Missouri,Harrison,60,1,0,40.35570088,-93.99222144,29081.0,718.3908045977013,1.6666666666666667,59,60,1,0,59,60,8414,0,0,0,0,0
2020-08-05,US,Missouri,Henry,73,3,0,38.38482826,-93.79293734,29083.0,334.4941348973607,4.109589041095891,70,73,3,0,70,72,21792,0,0,0,0,1
2020-08-05,US,Missouri,Hickory,21,0,0,37.94163617,-93.3203037,29085.0,220.0335289186924,0.0,21,17,0,0,17,17,9509,4,0,0,4,0
2020-08-05,US,Missouri,Holt,6,0,0,40.09799248,-95.2163888,29087.0,136.2707245060186,0.0,6,6,0,0,6,6,4404,0,0,0,0,0
2020-08-05,US,Missouri,Howard,47,0,0,39.1435761,-92.69756691,29089.0,469.95300469952997,0.0,47,47,0,0,47,46,10137,0,0,0,0,1
2020-08-05,US,Missouri,Howell,143,2,0,36.77383887,-91.88683935,29091.0,356.45736221551965,1.3986013986013983,141,142,2,0,140,140,40076,1,0,0,1,2
2020-08-05,US,Missouri,Iron,22,0,0,37.55487945,-90.7735296,29093.0,217.283950617284,0.0,22,20,0,0,20,17,10177,2,0,0,2,3
2020-08-05,US,Missouri,Jackson,3713,61,0,39.01002188,-94.34724536,29095.0,528.1567429243638,1.642876380285483,3652,3639,59,0,3580,3537,700307,74,2,0,72,102
2020-08-05,US,Missouri,Jasper,1694,27,0,37.20351921,-94.34050458,29097.0,1396.2152182513516,1.5938606847697756,1667,1675,27,0,1648,1659,120636,19,0,0,19,16
2020-08-05,US,Missouri,Jefferson,1486,24,0,38.25926778,-90.53870896,29099.0,660.2067700072419,1.6150740242261103,1462,1428,24,0,1404,1395,224347,58,0,0,58,33
2020-08-05,US,Missouri,Johnson,474,2,0,38.74719601,-93.80691168,29101.0,876.771114646147,0.4219409282700422,472,473,2,0,471,473,53652,1,0,0,1,0
2020-08-05,US,Missouri,Kansas City,6268,57,0,39.0997,-94.5786,0.0,1281.949020642488,0.9093809827696236,6211,6137,55,0,6082,6027,491918,131,2,0,129,110
2020-08-05,US,Missouri,Knox,24,0,0,40.12699751,-92.14780832,29103.0,606.2136903258398,0.0,24,19,0,0,19,19,3947,5,0,0,5,0
2020-08-05,US,Missouri,Laclede,197,1,0,37.65896829,-92.5888493,29105.0,551.4654424320465,0.5076142131979695,196,199,1,0,198,200,35713,-2,0,0,-2,-1
2020-08-05,US,Missouri,Lafayette,166,2,0,39.06986886,-93.78076396,29107.0,507.52109575638985,1.2048192771084338,164,164,2,0,162,158,32598,2,0,0,2,6
2020-08-05,US,Missouri,Lawrence,202,2,0,37.10626634,-93.83293097,29109.0,526.6588450006518,0.99009900990099,200,195,2,0,193,192,38359,7,0,0,7,3
2020-08-05,US,Missouri,Lewis,35,1,0,40.09673161,-91.72070156,29111.0,358.01963993453353,2.8571428571428568,34,34,1,0,33,34,9855,1,0,0,1,0
2020-08-05,US,Missouri,Lincoln,343,1,0,39.05345619,-90.95588181,29113.0,581.2278650466848,0.2915451895043732,342,331,1,0,330,314,57686,12,0,0,12,17
2020-08-05,US,Missouri,Linn,31,1,0,39.87001769,-93.10704106,29115.0,260.06711409395973,3.2258064516129035,30,30,1,0,29,31,12037,1,0,0,1,-1
2020-08-05,US,Missouri,Livingston,53,0,0,39.78110272,-93.54645978,29117.0,348.06593550929273,0.0,53,53,0,0,53,53,15146,0,0,0,0,0
2020-08-05,US,Missouri,Macon,55,0,0,39.83049768,-92.56453089,29121.0,363.828802010981,0.0,55,54,0,0,54,53,15153,1,0,0,1,1
2020-08-05,US,Missouri,Madison,18,0,0,37.47865134,-90.3467143,29123.0,148.90800794176042,0.0,18,17,0,0,17,17,12188,1,0,0,1,0
2020-08-05,US,Missouri,Maries,18,0,0,38.16193985,-91.92249662,29125.0,206.96791997240436,0.0,18,17,0,0,17,17,8769,1,0,0,1,0
2020-08-05,US,Missouri,Marion,164,1,0,39.80601912,-91.62203062,29127.0,574.8335085874518,0.6097560975609756,163,160,1,0,159,157,28592,4,0,0,4,3
2020-08-05,US,Missouri,McDonald,942,7,0,36.62869595,-94.34867205,29119.0,4124.885054954679,0.7430997876857749,935,940,7,0,933,936,23078,2,0,0,2,4
2020-08-05,US,Missouri,Mercer,11,0,0,40.42212303,-93.5682959,29129.0,304.11943599668234,0.0,11,10,0,0,10,9,3641,1,0,0,1,1
2020-08-05,US,Missouri,Miller,109,0,0,38.21450288,-92.42610898,29131.0,425.4654748428901,0.0,109,107,0,0,107,104,25336,2,0,0,2,3
2020-08-05,US,Missouri,Mississippi,133,0,0,36.82516239,-89.29505753,29133.0,1009.1047040971167,0.0,133,131,0,0,131,131,13336,2,0,0,2,0
2020-08-05,US,Missouri,Moniteau,136,2,0,38.63571781,-92.57976951,29135.0,843.0448797421275,1.4705882352941178,134,130,2,0,128,123,16121,6,0,0,6,7
2020-08-05,US,Missouri,Monroe,24,0,0,39.49593978,-92.00043978,29137.0,277.6492364645997,0.0,24,22,0,0,22,21,8664,2,0,0,2,1
2020-08-05,US,Missouri,Montgomery,41,0,0,38.94022054,-91.47000721,29139.0,354.9476235823738,0.0,41,40,0,0,40,38,11534,1,0,0,1,2
2020-08-05,US,Missouri,Morgan,74,0,0,38.4181765,-92.88791859,29141.0,358.75309060939543,0.0,74,71,0,0,71,71,20358,3,0,0,3,0
2020-08-05,US,Missouri,New Madrid,205,1,0,36.59666326,-89.66070007,29143.0,1200.515343171703,0.4878048780487805,204,200,1,0,199,194,17296,5,0,0,5,6
2020-08-05,US,Missouri,Newton,833,6,0,36.90519407,-94.3394104,29145.0,1430.3867023834055,0.7202881152460985,827,828,6,0,822,807,58266,5,0,0,5,21
2020-08-05,US,Missouri,Nodaway,168,0,0,40.36079813,-94.88133008,29147.0,760.4562737642585,0.0,168,165,0,0,165,162,22304,3,0,0,3,3
2020-08-05,US,Missouri,Oregon,14,0,0,36.68710164,-91.4033755,29149.0,132.96609364612024,0.0,14,14,0,0,14,14,10541,0,0,0,0,0
2020-08-05,US,Missouri,Osage,46,1,0,38.46036182,-91.8613635,29151.0,337.86265148733014,2.1739130434782608,45,45,1,0,44,42,13714,1,0,0,1,3
2020-08-05,US,Missouri,Ozark,8,0,0,36.64916339,-92.44459066,29153.0,87.20296490080662,0.0,8,8,0,0,8,7,9017,0,0,0,0,1
2020-08-05,US,Missouri,Pemiscot,226,9,0,36.2130572,-89.78742322,29155.0,1429.9272382157544,3.9823008849557517,217,220,8,0,212,214,16272,6,1,0,5,6
2020-08-05,US,Missouri,Perry,214,4,0,37.70660776,-89.82741088,29157.0,1118.3110367892978,1.8691588785046729,210,211,4,0,207,208,19150,3,0,0,3,3
2020-08-05,US,Missouri,Pettis,454,3,0,38.72798918,-93.28471706,29159.0,1072.297409008243,0.6607929515418502,451,450,3,0,447,435,42542,4,0,0,4,15
2020-08-05,US,Missouri,Phelps,79,0,0,37.87736118,-91.79351727,29161.0,177.237340991183,0.0,79,76,0,0,76,74,44732,3,0,0,3,2
2020-08-05,US,Missouri,Pike,79,1,0,39.34310674,-91.16980779,29163.0,431.6468145557863,1.2658227848101269,78,78,1,0,77,74,18504,1,0,0,1,4
2020-08-05,US,Missouri,Platte,332,11,0,39.38154439,-94.77068479,29165.0,317.952843379494,3.3132530120481927,321,328,10,0,318,318,102985,4,1,0,3,10
2020-08-05,US,Missouri,Polk,196,0,0,37.6162296,-93.39828174,29167.0,609.6612647360728,0.0,196,194,0,0,194,192,32201,2,0,0,2,2
2020-08-05,US,Missouri,Pulaski,192,1,0,37.82462075,-92.20783203,29169.0,364.97044119603856,0.5208333333333334,191,187,1,0,186,183,52014,5,0,0,5,4
2020-08-05,US,Missouri,Putnam,13,1,0,40.47942497,-93.02042674,29171.0,276.83134582623507,7.6923076923076925,12,12,1,0,11,10,4757,1,0,0,1,2
2020-08-05,US,Missouri,Ralls,25,0,0,39.52817427,-91.51838643,29173.0,242.5065476767873,0.0,25,25,0,0,25,23,10212,0,0,0,0,2
2020-08-05,US,Missouri,Randolph,60,1,0,39.44007257,-92.4971374,29175.0,242.4438338451592,1.6666666666666667,59,57,1,0,56,57,24763,3,0,0,3,0
2020-08-05,US,Missouri,Ray,110,0,0,39.3537468,-93.98905745,29177.0,477.8868711443217,0.0,110,103,0,0,103,96,22883,7,0,0,7,7
2020-08-05,US,Missouri,Reynolds,16,0,0,37.36085952,-90.97009925,29179.0,255.18341307814998,0.0,16,16,0,0,16,16,6254,0,0,0,0,0
2020-08-05,US,Missouri,Ripley,47,0,0,36.65460667,-90.85990261,29181.0,353.7025888019265,0.0,47,46,1,0,45,45,13401,1,-1,0,2,1
2020-08-05,US,Missouri,Saline,421,7,0,39.13734288,-93.20259964,29195.0,1849.655111814068,1.66270783847981,414,416,7,0,409,415,22895,5,0,0,5,1
2020-08-05,US,Missouri,Schuyler,9,0,0,40.46921489,-92.52311943,29197.0,193.13304721030042,0.0,9,9,0,0,9,9,4599,0,0,0,0,0
2020-08-05,US,Missouri,Scotland,14,1,0,40.45214695,-92.14709064,29199.0,285.5977152182782,7.142857142857142,13,12,1,0,11,12,4966,2,0,0,2,0
2020-08-05,US,Missouri,Scott,358,13,0,37.05588075,-89.56474493,29201.0,935.2142110762801,3.6312849162011163,345,356,13,0,343,352,38458,2,0,0,2,4
2020-08-05,US,Missouri,Shannon,44,1,0,37.15772072,-91.40190382,29203.0,538.8194954690179,2.272727272727273,43,43,1,0,42,43,8189,1,0,0,1,0
2020-08-05,US,Missouri,Shelby,29,0,0,39.79742518,-92.07634971,29205.0,489.03878583473846,0.0,29,30,0,0,30,29,6050,-1,0,0,-1,1
2020-08-05,US,Missouri,St. Charles,3842,87,0,38.77875681,-90.66662425,29183.0,955.6690927362184,2.264445601249349,3755,3749,87,0,3662,3636,399182,93,0,0,93,113
2020-08-05,US,Missouri,St. Clair,19,0,0,38.03699437,-93.77631447,29185.0,202.19218899648826,0.0,19,19,0,0,19,18,9395,0,0,0,0,1
2020-08-05,US,Missouri,St. Francois,334,2,0,37.81214171,-90.47598685,29187.0,496.9128914676783,0.5988023952095808,332,320,2,0,318,307,66692,14,0,0,14,13
2020-08-05,US,Missouri,St. Louis,14074,652,0,38.63770039999999,-90.4458375,29189.0,1415.603421829502,4.632655961347165,13422,13788,651,0,13137,13474,996945,286,1,0,285,314
2020-08-05,US,Missouri,St. Louis City,4857,171,0,38.63555736,-90.24349225,29510.0,1615.8974768444587,3.520691785052501,4686,4740,171,0,4569,4667,302838,117,0,0,117,73
2020-08-05,US,Missouri,Ste. Genevieve,51,1,0,37.89090059,-90.1949941,29186.0,285.0117357773555,1.96078431372549,50,48,1,0,47,46,17888,3,0,0,3,2
2020-08-05,US,Missouri,Stoddard,215,9,0,36.85571651,-89.9444155,29207.0,740.7407407407408,4.186046511627906,206,212,9,0,203,209,29206,3,0,0,3,3
2020-08-05,US,Missouri,Stone,106,1,0,36.75000327,-93.45256475,29209.0,331.74762143214815,0.9433962264150944,105,95,1,0,94,88,31749,11,0,0,11,7
2020-08-05,US,Missouri,Sullivan,139,0,0,40.2099105,-93.11150106,29211.0,2282.805058301856,0.0,139,137,0,0,137,136,6221,2,0,0,2,1
2020-08-05,US,Missouri,Taney,507,3,0,36.65465345,-93.04075153,29213.0,906.522672006866,0.591715976331361,504,480,3,0,477,456,55852,27,0,0,27,24
2020-08-05,US,Missouri,Texas,45,0,0,37.31728859,-91.96564727,29215.0,177.1793054571226,0.0,45,43,0,0,43,38,25571,2,0,0,2,5
2020-08-05,US,Missouri,Vernon,47,0,0,37.8457799,-94.34127305,29217.0,228.56587073870546,0.0,47,47,0,0,47,46,20528,0,0,0,0,1
2020-08-05,US,Missouri,Warren,185,0,0,38.76529479,-91.16124662,29219.0,518.9486381104658,0.0,185,180,0,0,180,171,34711,5,0,0,5,9
2020-08-05,US,Missouri,Washington,66,1,0,37.96130078,-90.87948158,29221.0,266.88232915487265,1.5151515151515151,65,60,1,0,59,56,24943,6,0,0,6,4
2020-08-05,US,Missouri,Wayne,45,0,0,37.11303869,-90.46001416,29223.0,349.56886506641814,0.0,45,44,0,0,44,37,13122,1,0,0,1,7
2020-08-05,US,Missouri,Webster,125,1,0,37.2813734,-92.876329,29225.0,315.7203475449586,0.8,124,123,1,0,122,118,39109,2,0,0,2,5
2020-08-05,US,Missouri,Worth,9,0,0,40.47945588,-94.42328751,29227.0,447.0938897168405,0.0,9,9,0,0,9,9,2040,0,0,0,0,0
2020-08-05,US,Missouri,Wright,58,0,0,37.27029221,-92.46914488,29229.0,317.13051561047627,0.0,58,58,0,0,58,58,18378,0,0,0,0,0
2020-08-05,US,Montana,Beaverhead,57,0,0,45.13434354,-112.89846940000001,30001.0,602.9831799428753,0.0,57,50,0,0,50,47,9404,7,0,0,7,3
2020-08-05,US,Montana,Big Horn,375,11,0,45.42335905,-107.492347,30003.0,2815.526691193032,2.933333333333333,364,363,11,0,352,348,13338,12,0,0,12,15
2020-08-05,US,Montana,Blaine,10,0,0,48.43175214,-108.9582723,30005.0,149.678191887442,0.0,10,9,0,0,9,9,6807,1,0,0,1,0
2020-08-05,US,Montana,Broadwater,11,0,0,46.33277565,-111.49558130000001,30007.0,176.36684303350967,0.0,11,11,0,0,11,11,6085,0,0,0,0,0
2020-08-05,US,Montana,Carbon,60,0,0,45.22850116,-109.0274047,30009.0,559.4405594405595,0.0,60,60,0,0,60,58,10714,0,0,0,0,2
2020-08-05,US,Montana,Cascade,159,2,0,47.30797024,-111.3467922,30013.0,195.41331760194683,1.2578616352201255,157,154,2,0,152,150,81643,5,0,0,5,4
2020-08-05,US,Montana,Chouteau,7,0,0,47.88084126,-110.4353362,30015.0,124.22360248447204,0.0,7,7,0,0,7,7,5745,0,0,0,0,0
2020-08-05,US,Montana,Custer,58,2,0,46.25319932,-105.57375259999998,30017.0,508.68268724785133,3.4482758620689653,56,53,2,0,51,52,11586,5,0,0,5,1
2020-08-05,US,Montana,Daniels,3,0,0,48.78420029,-105.54763429999998,30019.0,177.5147928994083,0.0,3,3,0,0,3,2,1747,0,0,0,0,1
2020-08-05,US,Montana,Dawson,16,0,0,47.26584855,-104.89444170000002,30021.0,185.76570300708232,0.0,16,16,0,0,16,16,8680,0,0,0,0,0
2020-08-05,US,Montana,Deer Lodge,23,0,0,46.05953325,-113.073353,30023.0,251.64113785557987,0.0,23,22,0,0,22,20,9131,1,0,0,1,2
2020-08-05,US,Montana,Fallon,2,0,0,46.33478338,-104.41835649999999,30025.0,70.27406886858749,0.0,2,2,0,0,2,2,2920,0,0,0,0,0
2020-08-05,US,Montana,Fergus,8,0,0,47.26331584,-109.2245206,30027.0,72.39819004524887,0.0,8,7,0,0,7,7,11113,1,0,0,1,0
2020-08-05,US,Montana,Flathead,276,2,0,48.29575866,-114.05205690000001,30029.0,265.88058493728687,0.7246376811594203,274,272,2,0,270,263,102106,4,0,0,4,9
2020-08-05,US,Montana,Gallatin,887,3,0,45.54486106,-111.1692571,30031.0,775.119282730657,0.3382187147688839,884,874,3,0,871,868,111876,13,0,0,13,6
2020-08-05,US,Montana,Garfield,12,0,0,47.27545948,-107.0002351,30033.0,953.8950715421304,0.0,12,12,0,0,12,12,1268,0,0,0,0,0
2020-08-05,US,Montana,Glacier,60,1,0,48.70513576,-112.9934235,30035.0,436.26845051988647,1.6666666666666667,59,58,1,0,57,58,13747,2,0,0,2,0
2020-08-05,US,Montana,Golden Valley,3,0,0,46.3816474,-109.17685220000001,30037.0,365.4080389768576,0.0,3,3,0,0,3,3,826,0,0,0,0,0
2020-08-05,US,Montana,Granite,13,0,0,46.40605220000001,-113.4414186,30039.0,384.72920982539216,0.0,13,8,0,0,8,8,3378,5,0,0,5,0
2020-08-05,US,Montana,Hill,41,0,0,48.62879827,-110.1129252,30041.0,248.7260373695705,0.0,41,41,0,0,41,40,16347,0,0,0,0,1
2020-08-05,US,Montana,Jefferson,27,0,0,46.14907081,-112.094396,30043.0,220.9311840274937,0.0,27,27,0,0,27,27,12097,0,0,0,0,0
2020-08-05,US,Montana,Judith Basin,3,0,0,47.04581276,-110.26606880000001,30045.0,149.47683109118088,0.0,3,3,0,0,3,3,1952,0,0,0,0,0
2020-08-05,US,Montana,Lake,170,1,0,47.64514965,-114.0898013,30047.0,558.1456431807735,0.5882352941176471,169,169,1,0,168,164,30250,1,0,0,1,5
2020-08-05,US,Montana,Lewis and Clark,147,1,0,47.12610041,-112.39469799999999,30049.0,211.717939854822,0.6802721088435374,146,145,1,0,144,135,68700,2,0,0,2,10
2020-08-05,US,Montana,Liberty,1,0,0,48.56084317,-111.02430700000001,30051.0,42.78990158322636,0.0,1,1,0,0,1,1,2430,0,0,0,0,0
2020-08-05,US,Montana,Lincoln,73,2,0,48.54265777,-115.4046155,30053.0,365.3653653653654,2.7397260273972597,71,71,2,0,69,70,19794,2,0,0,2,1
2020-08-05,US,Montana,Madison,78,1,0,45.30080065,-111.9173017,30057.0,906.9767441860464,1.2820512820512822,77,78,1,0,77,76,8768,0,0,0,0,2
2020-08-05,US,Montana,McCone,2,0,0,47.64469406,-105.79449939999999,30055.0,120.19230769230772,0.0,2,2,0,0,2,1,1675,0,0,0,0,1
2020-08-05,US,Montana,Meagher,4,0,0,46.59907074,-110.8898557,30059.0,214.8227712137487,0.0,4,4,0,0,4,4,1866,0,0,0,0,0
2020-08-05,US,Montana,Missoula,267,1,0,47.03728583,-113.92135079999998,30063.0,223.24414715719064,0.3745318352059925,266,267,1,0,266,267,118791,0,0,0,0,0
2020-08-05,US,Montana,Musselshell,2,0,0,46.49684637,-108.39498,30065.0,43.16857327865314,0.0,2,2,0,0,2,2,4651,0,0,0,0,0
2020-08-05,US,Montana,Park,54,0,0,45.48965095,-110.52643940000002,30067.0,325.1836685535349,0.0,54,52,0,0,52,52,16736,2,0,0,2,0
2020-08-05,US,Montana,Phillips,5,0,0,48.25936577,-107.9128511,30071.0,126.45422357106727,0.0,5,,,,,,4074,,,,,
2020-08-05,US,Montana,Pondera,10,0,0,48.22773388,-112.22527029999999,30073.0,169.1761123329386,0.0,10,9,0,0,9,9,5972,1,0,0,1,0
2020-08-05,US,Montana,Powder River,1,0,0,45.39617714,-105.636738,30075.0,59.453032104637344,0.0,1,1,0,0,1,1,1716,0,0,0,0,0
2020-08-05,US,Montana,Powell,2,0,0,46.85538891,-112.93591640000001,30077.0,29.027576197387518,0.0,2,2,0,0,2,2,6968,0,0,0,0,0
2020-08-05,US,Montana,Prairie,1,0,0,46.86048047,-105.379384,30079.0,92.85051067780873,0.0,1,1,0,0,1,,1087,0,0,0,0,
2020-08-05,US,Montana,Ravalli,74,1,0,46.08520862,-114.11891640000002,30081.0,168.9266310551066,1.351351351351351,73,74,1,0,73,73,43172,0,0,0,0,1
2020-08-05,US,Montana,Richland,47,2,0,47.78668011,-104.5610786,30083.0,435.0643339813015,4.25531914893617,45,46,1,0,45,46,10913,1,1,0,0,0
2020-08-05,US,Montana,Roosevelt,20,0,0,48.29607488,-105.00792679999999,30085.0,181.75209014903672,0.0,20,20,0,0,20,19,11059,0,0,0,0,1
2020-08-05,US,Montana,Rosebud,31,1,0,46.23397237,-106.72928799999998,30087.0,346.8725523106188,3.2258064516129035,30,23,1,0,22,22,9063,8,0,0,8,1
2020-08-05,US,Montana,Sanders,9,0,0,47.67657534,-115.1329916,30089.0,74.30033847931973,0.0,9,9,0,0,9,9,11844,0,0,0,0,0
2020-08-05,US,Montana,Sheridan,4,0,0,48.72085833,-104.50382900000001,30091.0,120.88244182532488,0.0,4,3,0,0,3,3,3424,1,0,0,1,0
2020-08-05,US,Montana,Silver Bow,75,0,0,45.90018933,-112.6620092,30093.0,214.80738937419446,0.0,75,67,0,0,67,66,34993,8,0,0,8,1
2020-08-05,US,Montana,Stillwater,20,0,0,45.67071407,-109.3950061,30095.0,207.42584526031945,0.0,20,20,0,0,20,19,9534,0,0,0,0,1
2020-08-05,US,Montana,Sweet Grass,5,1,0,45.81367654,-109.9425686,30097.0,133.7971635001338,20.0,4,4,1,0,3,4,3710,1,0,0,1,0
2020-08-05,US,Montana,Teton,15,0,0,47.83741052,-112.24106880000001,30099.0,244.0214738897023,0.0,15,15,0,0,15,15,6162,0,0,0,0,0
2020-08-05,US,Montana,Toole,36,6,0,48.65577551,-111.69424140000001,30101.0,760.1351351351352,16.666666666666668,30,35,6,0,29,31,4853,1,0,0,1,4
2020-08-05,US,Montana,Treasure,2,0,0,46.20973220000001,-107.26665159999999,30103.0,287.3563218390805,0.0,2,2,0,0,2,2,679,0,0,0,0,0
2020-08-05,US,Montana,Valley,13,0,0,48.36435097,-106.6669635,30105.0,175.77068685776095,0.0,13,13,0,0,13,13,7437,0,0,0,0,0
2020-08-05,US,Montana,Wheatland,3,0,0,46.46652491,-109.84646359999999,30107.0,141.11006585136406,0.0,3,3,0,0,3,3,2236,0,0,0,0,0
2020-08-05,US,Montana,Wibaux,3,0,0,46.95925154,-104.2510927,30109.0,309.59752321981426,0.0,3,3,0,0,3,3,1034,0,0,0,0,0
2020-08-05,US,Montana,Yellowstone,1144,27,0,45.93955949,-108.26914860000001,30111.0,709.2374457532549,2.36013986013986,1117,1118,27,0,1091,1110,160137,26,0,0,26,8
2020-08-05,US,Nebraska,Adams,346,11,0,40.52449420000001,-98.50117804,31001.0,1103.2107897841406,3.1791907514450872,335,346,11,0,335,344,31511,0,0,0,0,2
2020-08-05,US,Nebraska,Antelope,19,1,0,42.17695516,-98.06662829999999,31003.0,301.6830739917434,5.2631578947368425,18,19,1,0,18,19,6336,0,0,0,0,0
2020-08-05,US,Nebraska,Banner,2,0,0,41.54634427,-103.7114332,31007.0,268.4563758389262,0.0,2,2,0,0,2,2,730,0,0,0,0,0
2020-08-05,US,Nebraska,Boone,7,0,0,41.70759415,-98.06737183,31011.0,134.82280431432974,0.0,7,7,0,0,7,8,5239,0,0,0,0,-1
2020-08-05,US,Nebraska,Box Butte,11,0,0,42.22079243,-103.08788340000001,31013.0,102.01242696837616,0.0,11,11,0,0,11,11,10772,0,0,0,0,0
2020-08-05,US,Nebraska,Boyd,1,0,0,42.899727399999996,-98.76486568,31015.0,52.110474205315285,0.0,1,1,0,0,1,1,1955,0,0,0,0,0
2020-08-05,US,Nebraska,Buffalo,376,1,0,40.85486962,-99.07500296,31019.0,757.163857508206,0.26595744680851063,375,360,1,0,359,357,49615,16,0,0,16,3
2020-08-05,US,Nebraska,Burt,26,0,0,41.85056773,-96.32605633,31021.0,402.5390927388141,0.0,26,25,0,0,25,25,6488,1,0,0,1,0
2020-08-05,US,Nebraska,Butler,57,0,0,41.22703692,-97.13106306,31023.0,711.0778443113772,0.0,57,57,0,0,57,56,8058,0,0,0,0,1
2020-08-05,US,Nebraska,Cass,163,2,0,40.90899107,-96.13971217,31025.0,620.9996952148738,1.2269938650306749,161,160,1,0,159,160,26159,3,1,0,2,0
2020-08-05,US,Nebraska,Cedar,22,0,0,42.598885100000004,-97.25311951,31027.0,261.8424184717924,0.0,22,21,0,0,21,21,8446,1,0,0,1,0
2020-08-05,US,Nebraska,Chase,6,0,0,40.523719799999995,-101.69780259999999,31029.0,152.9051987767584,0.0,6,6,0,0,6,6,3977,0,0,0,0,0
2020-08-05,US,Nebraska,Cherry,4,0,0,42.54502621,-101.1244332,31031.0,70.31112673580594,0.0,4,4,0,0,4,4,5761,0,0,0,0,0
2020-08-05,US,Nebraska,Cheyenne,26,0,0,41.21999357,-102.9941693,31033.0,291.8069584736251,0.0,26,26,0,0,26,26,9310,0,0,0,0,0
2020-08-05,US,Nebraska,Clay,49,0,0,40.52439441,-98.05126296,31035.0,789.9403514428502,0.0,49,48,0,0,48,48,6214,1,0,0,1,0
2020-08-05,US,Nebraska,Colfax,696,4,0,41.57486951,-97.0868542,31037.0,6499.206275095714,0.5747126436781609,692,695,4,0,691,695,10881,1,0,0,1,0
2020-08-05,US,Nebraska,Cuming,65,0,0,41.91637624,-96.78730772,31039.0,734.7953877458739,0.0,65,63,0,0,63,59,8940,2,0,0,2,4
2020-08-05,US,Nebraska,Custer,43,4,0,41.39374521,-99.72805369,31041.0,398.9978658253688,9.30232558139535,39,43,4,0,39,43,10840,0,0,0,0,0
2020-08-05,US,Nebraska,Dakota,1908,41,0,42.39040144,-96.56656425,31043.0,9527.614101667832,2.148846960167715,1867,1904,41,0,1863,1901,20083,4,0,0,4,3
2020-08-05,US,Nebraska,Dawes,9,0,0,42.71985036,-103.1313774,31045.0,104.78519035976248,0.0,9,8,0,0,8,8,8716,1,0,0,1,0
2020-08-05,US,Nebraska,Dawson,951,9,0,40.87028216,-99.82014609999999,31047.0,4030.514939605849,0.946372239747634,942,950,9,0,941,949,23709,1,0,0,1,1
2020-08-05,US,Nebraska,Deuel,2,0,0,41.11168186,-102.33333309999999,31049.0,111.48272017837236,0.0,2,1,0,0,1,1,1825,1,0,0,1,0
2020-08-05,US,Nebraska,Dixon,57,2,0,42.49188363,-96.86782408,31051.0,1011.3555713271824,3.5087719298245608,55,57,2,0,55,56,5709,0,0,0,0,1
2020-08-05,US,Nebraska,Dodge,784,8,0,41.58071748,-96.65598179,31053.0,2144.126897306167,1.020408163265306,776,781,8,0,773,775,36791,3,0,0,3,6
2020-08-05,US,Nebraska,Douglas,10875,131,0,41.29518299,-96.15085305,31055.0,1903.4633406087933,1.204597701149425,10744,10719,131,0,10588,10611,566880,156,0,0,156,108
2020-08-05,US,Nebraska,Dundy,1,0,0,40.17638677,-101.6876522,31057.0,59.06674542232722,0.0,1,1,0,0,1,1,1770,0,0,0,0,0
2020-08-05,US,Nebraska,Fillmore,24,1,0,40.52458567,-97.59646937,31059.0,439.3994873672647,4.166666666666667,23,24,1,0,23,24,5527,0,0,0,0,0
2020-08-05,US,Nebraska,Franklin,10,0,0,40.17636348,-98.95299073,31061.0,335.6831151393085,0.0,10,9,0,0,9,9,3023,1,0,0,1,0
2020-08-05,US,Nebraska,Frontier,3,0,0,40.52993007,-100.3924658,31063.0,114.19870574800152,0.0,3,3,0,0,3,3,2608,0,0,0,0,0
2020-08-05,US,Nebraska,Furnas,15,1,0,40.17642064,-99.91247454,31065.0,320.786997433704,6.666666666666668,14,15,1,0,14,15,4715,0,0,0,0,0
2020-08-05,US,Nebraska,Gage,83,4,0,40.26186809,-96.68946704,31067.0,385.8132292102449,4.819277108433735,79,82,4,0,78,82,21493,1,0,0,1,0
2020-08-05,US,Nebraska,Garden,4,0,0,41.61703149,-102.3313973,31069.0,217.74632553075668,0.0,4,4,0,0,4,4,1897,0,0,0,0,0
2020-08-05,US,Nebraska,Garfield,3,0,0,41.91428955,-98.99111827,31071.0,152.36160487557137,0.0,3,3,0,0,3,3,1987,0,0,0,0,0
2020-08-05,US,Nebraska,Gosper,19,0,0,40.51481965,-99.83020279,31073.0,954.7738693467336,0.0,19,19,0,0,19,19,1996,0,0,0,0,0
2020-08-05,US,Nebraska,Greeley,9,0,0,41.56742671,-98.52150266,31077.0,382.00339558573853,0.0,9,9,0,0,9,8,2356,0,0,0,0,1
2020-08-05,US,Nebraska,Hall,1727,45,0,40.87257079,-98.50218293,31079.0,2814.8582791387544,2.6056745801968733,1682,1721,45,0,1676,1717,61607,6,0,0,6,4
2020-08-05,US,Nebraska,Hamilton,97,12,0,40.87349452,-98.02099117,31081.0,1040.3260403260404,12.371134020618555,85,96,12,0,84,96,9280,1,0,0,1,0
2020-08-05,US,Nebraska,Harlan,1,0,0,40.17658508,-99.40438879,31083.0,29.58579881656805,0.0,1,1,0,0,1,1,3401,0,0,0,0,0
2020-08-05,US,Nebraska,Hitchcock,1,0,0,40.17609175,-101.04164770000001,31087.0,36.205648081100655,0.0,1,1,0,0,1,1,2806,0,0,0,0,0
2020-08-05,US,Nebraska,Holt,12,0,0,42.45522056,-98.78402558,31089.0,119.20135094864409,0.0,12,11,0,0,11,11,10178,1,0,0,1,0
2020-08-05,US,Nebraska,Hooker,4,0,0,41.91586243,-101.1354293,31091.0,586.5102639296188,0.0,4,4,0,0,4,4,682,0,0,0,0,0
2020-08-05,US,Nebraska,Howard,55,4,0,41.2200529,-98.5166499,31093.0,853.3747090768037,7.272727272727272,51,55,4,0,51,54,6468,0,0,0,0,1
2020-08-05,US,Nebraska,Jefferson,14,0,0,40.17584531,-97.142601,31095.0,198.69429463525398,0.0,14,14,0,0,14,14,7097,0,0,0,0,0
2020-08-05,US,Nebraska,Johnson,13,0,0,40.39257596,-96.26522753,31097.0,256.35969236836917,0.0,13,13,0,0,13,13,5134,0,0,0,0,0
2020-08-05,US,Nebraska,Kearney,43,0,0,40.50663314,-98.94877182,31099.0,662.0477290223249,0.0,43,34,0,0,34,34,6544,9,0,0,9,0
2020-08-05,US,Nebraska,Keith,19,0,0,41.19930341,-101.66201640000001,31101.0,236.49489668907142,0.0,19,19,0,0,19,19,8021,0,0,0,0,0
2020-08-05,US,Nebraska,Kimball,15,0,0,41.19774275,-103.7148131,31105.0,412.9955947136564,0.0,15,15,0,0,15,15,3618,0,0,0,0,0
2020-08-05,US,Nebraska,Knox,33,0,0,42.63758421,-97.89178836,31107.0,396.0633701392224,0.0,33,32,0,0,32,32,8419,1,0,0,1,0
2020-08-05,US,Nebraska,Lancaster,3180,17,0,40.78416049,-96.68777155,31109.0,996.584035851954,0.5345911949685535,3163,3163,15,0,3148,3133,317272,17,2,0,15,30
2020-08-05,US,Nebraska,Lincoln,94,2,0,41.04658298,-100.74753740000001,31111.0,269.232972446583,2.127659574468085,92,93,2,0,91,94,35185,1,0,0,1,-1
2020-08-05,US,Nebraska,Madison,427,5,0,41.91676024,-97.6005481,31119.0,1216.558876321263,1.17096018735363,422,424,5,0,419,420,35392,3,0,0,3,4
2020-08-05,US,Nebraska,McPherson,4,0,0,41.56797682,-101.05993620000001,31117.0,809.7165991902832,0.0,4,4,0,0,4,4,492,0,0,0,0,0
2020-08-05,US,Nebraska,Merrick,57,0,0,41.16624273,-98.0374887,31121.0,735.009671179884,0.0,57,55,0,0,55,54,7733,2,0,0,2,1
2020-08-05,US,Nebraska,Morrill,58,0,0,41.71711774,-103.0061405,31123.0,1249.4614390348986,0.0,58,58,0,0,58,58,4686,0,0,0,0,0
2020-08-05,US,Nebraska,Nance,8,0,0,41.39750195,-97.99327291,31125.0,227.33731173628868,0.0,8,8,0,0,8,8,3532,0,0,0,0,0
2020-08-05,US,Nebraska,Nemaha,23,0,0,40.38514847,-95.85433992,31127.0,329.89099254159487,0.0,23,21,0,0,21,21,6958,2,0,0,2,0
2020-08-05,US,Nebraska,Nuckolls,5,0,0,40.17637905,-98.04743961,31129.0,120.54001928640308,0.0,5,5,0,0,5,5,4195,0,0,0,0,0
2020-08-05,US,Nebraska,Otoe,43,0,0,40.64843556,-96.13374142,31131.0,268.54858855858106,0.0,43,43,0,0,43,43,15985,0,0,0,0,0
2020-08-05,US,Nebraska,Pawnee,9,0,0,40.13141096,-96.23705437,31133.0,344.4316877152698,0.0,9,9,0,0,9,8,2632,0,0,0,0,1
2020-08-05,US,Nebraska,Perkins,17,1,0,40.85082525,-101.6502942,31135.0,588.031822898651,5.882352941176472,16,17,1,0,16,17,2929,0,0,0,0,0
2020-08-05,US,Nebraska,Phelps,37,0,0,40.51156033,-99.41461667,31137.0,409.56386982510514,0.0,37,37,0,0,37,36,8996,0,0,0,0,1
2020-08-05,US,Nebraska,Pierce,18,0,0,42.26434853,-97.60122773,31139.0,251.81869054280918,0.0,18,17,0,0,17,18,7142,1,0,0,1,-1
2020-08-05,US,Nebraska,Platte,778,3,0,41.57246836,-97.52144359,31141.0,2324.4696743352256,0.3856041131105398,775,769,3,0,766,767,33363,9,0,0,9,2
2020-08-05,US,Nebraska,Polk,26,0,0,41.18813488,-97.56630712,31143.0,498.75311720698255,0.0,26,24,0,0,24,24,5278,2,0,0,2,0
2020-08-05,US,Nebraska,Red Willow,16,0,0,40.17556879999999,-100.476998,31145.0,149.19806042521446,0.0,16,16,0,0,16,16,10726,0,0,0,0,0
2020-08-05,US,Nebraska,Richardson,20,1,0,40.1247415,-95.71755036,31147.0,254.29116338207248,5.0,19,20,1,0,19,20,7937,0,0,0,0,0
2020-08-05,US,Nebraska,Rock,3,0,0,42.42252217,-99.44832069,31149.0,221.07590272660286,0.0,3,2,0,0,2,2,1360,1,0,0,1,0
2020-08-05,US,Nebraska,Saline,592,2,0,40.52418865,-97.14085859,31151.0,4161.979752530933,0.33783783783783783,590,586,2,0,584,582,14350,6,0,0,6,4
2020-08-05,US,Nebraska,Sarpy,2139,9,0,41.11314181,-96.11156432,31153.0,1142.6526207824957,0.4207573632538569,2130,2101,9,0,2092,2064,184459,38,0,0,38,37
2020-08-05,US,Nebraska,Saunders,143,2,0,41.227810299999994,-96.63773905,31155.0,662.7120215033831,1.3986013986013983,141,142,2,0,140,139,21303,1,0,0,1,3
2020-08-05,US,Nebraska,Scotts Bluff,297,6,0,41.85070896,-103.70809859999999,31157.0,833.8480543545398,2.0202020202020203,291,291,6,0,285,289,35989,6,0,0,6,2
2020-08-05,US,Nebraska,Seward,107,1,0,40.87241834,-97.139673,31159.0,619.069659800972,0.9345794392523364,106,104,1,0,103,100,17318,3,0,0,3,4
2020-08-05,US,Nebraska,Sheridan,9,0,0,42.50284406,-102.4126613,31161.0,171.55928326343883,0.0,9,9,0,0,9,9,5190,0,0,0,0,0
2020-08-05,US,Nebraska,Sherman,10,0,0,41.22045983,-98.97588642,31163.0,333.2222592469177,0.0,10,10,0,0,10,9,3038,0,0,0,0,1
2020-08-05,US,Nebraska,Sioux,5,0,0,42.48932059,-103.7576544,31165.0,428.8164665523156,0.0,5,5,0,0,5,5,1187,0,0,0,0,0
2020-08-05,US,Nebraska,Stanton,28,0,0,41.9169835,-97.19394708,31167.0,472.97297297297297,0.0,28,28,0,0,28,28,5970,0,0,0,0,0
2020-08-05,US,Nebraska,Thayer,26,0,0,40.17626377,-97.59504381,31169.0,519.6881870877473,0.0,26,26,0,0,26,26,5039,0,0,0,0,0
2020-08-05,US,Nebraska,Thomas,1,0,0,41.91358968,-100.5556632,31171.0,138.50415512465375,0.0,1,1,0,0,1,1,720,0,0,0,0,0
2020-08-05,US,Nebraska,Thurston,203,4,0,42.15725356,-96.54157099,31173.0,2810.077519379845,1.9704433497536944,199,203,4,0,199,202,7303,0,0,0,0,1
2020-08-05,US,Nebraska,Unassigned,150,5,0,0.0,0.0,90031.0,0.0,3.333333333333333,145,151,0,0,151,155,,-1,5,0,-6,-4
2020-08-05,US,Nebraska,Valley,10,0,0,41.56730777,-98.98197724,31175.0,240.50024050024047,0.0,10,10,0,0,10,10,4190,0,0,0,0,0
2020-08-05,US,Nebraska,Washington,113,1,0,41.52815707,-96.22019892,31177.0,545.1300110955666,0.8849557522123894,112,108,1,0,107,108,20667,5,0,0,5,0
2020-08-05,US,Nebraska,Wayne,37,0,0,42.20934475,-97.11926964,31179.0,394.2461374533831,0.0,37,37,0,0,37,35,9403,0,0,0,0,2
2020-08-05,US,Nebraska,Webster,9,0,0,40.17642643,-98.50019851,31181.0,258.1015199311729,0.0,9,9,0,0,9,9,3533,0,0,0,0,0
2020-08-05,US,Nebraska,York,77,0,0,40.87272618,-97.59710186,31185.0,562.906645222604,0.0,77,73,0,0,73,72,13772,4,0,0,4,1
2020-08-05,US,Nevada,Carson City,325,8,0,39.15509045,-119.7480219,32510.0,581.2289863366477,2.4615384615384617,317,323,8,0,315,318,55414,2,0,0,2,5
2020-08-05,US,Nevada,Churchill,49,1,0,39.58105744,-118.3394607,32001.0,196.7160464089285,2.0408163265306123,48,49,1,0,48,48,24440,0,0,0,0,1
2020-08-05,US,Nevada,Clark,45563,744,0,36.21458855,-115.0130241,32003.0,2010.0894907388004,1.6329038913153215,44819,44997,716,0,44281,44066,2231647,566,28,0,538,931
2020-08-05,US,Nevada,Douglas,189,0,0,38.912862,-119.61713329999999,32005.0,386.46355178407117,0.0,189,183,0,0,183,180,48467,6,0,0,6,3
2020-08-05,US,Nevada,Elko,505,2,0,41.14531606,-115.3577619,32007.0,956.8380764712573,0.3960396039603961,503,493,2,0,491,488,52460,12,0,0,12,5
2020-08-05,US,Nevada,Eureka,2,0,0,39.98100864,-116.26832040000001,32011.0,98.57072449482504,0.0,2,2,0,0,2,2,2003,0,0,0,0,0
2020-08-05,US,Nevada,Humboldt,96,4,0,41.40692186,-118.11094270000001,32013.0,570.3760917354881,4.166666666666667,92,96,4,0,92,96,16786,0,0,0,0,0
2020-08-05,US,Nevada,Lander,50,1,0,39.933223299999995,-117.03970749999999,32015.0,903.8322487346347,2.0,49,50,1,0,49,50,5575,0,0,0,0,0
2020-08-05,US,Nevada,Lincoln,4,0,0,37.64268459,-114.8790388,32017.0,77.17538105344396,0.0,4,4,0,0,4,4,5201,0,0,0,0,0
2020-08-05,US,Nevada,Lyon,215,5,0,39.01777974,-119.18704790000001,32019.0,373.84802643018605,2.3255813953488373,210,209,5,0,204,206,55808,6,0,0,6,3
2020-08-05,US,Nevada,Mineral,11,0,0,38.53841696,-118.4344506,32021.0,244.173140954495,0.0,11,11,0,0,11,11,4514,0,0,0,0,0
2020-08-05,US,Nevada,Nye,362,9,0,38.04264256,-116.47227020000001,32023.0,778.1097521655955,2.4861878453038675,353,362,9,0,353,356,45346,0,0,0,0,6
2020-08-05,US,Nevada,Pershing,13,0,0,40.44003782,-118.40056409999998,32027.0,193.3085501858736,0.0,13,13,0,0,13,13,6666,0,0,0,0,0
2020-08-05,US,Nevada,Storey,4,0,0,39.44875482,-119.5250207,32029.0,97.01673538685421,0.0,4,4,0,0,4,4,4029,0,0,0,0,0
2020-08-05,US,Nevada,Washoe,5426,115,0,40.66562265,-119.6631594,32031.0,1150.748962396001,2.1194249907851086,5311,5369,115,0,5254,5343,465735,57,0,0,57,26
2020-08-05,US,Nevada,White Pine,14,1,0,39.44157041,-114.89996599999999,32033.0,146.13778705636744,7.142857142857142,13,14,1,0,13,14,9475,0,0,0,0,0
2020-08-05,US,New Hampshire,Belknap,113,4,0,43.51637314,-71.41684235,33001.0,184.33029378660086,3.5398230088495577,109,110,4,0,106,109,61022,3,0,0,3,1
2020-08-05,US,New Hampshire,Carroll,91,1,0,43.87498583,-71.20430216,33003.0,186.0560212635453,1.0989010989010992,90,90,1,0,89,89,48779,1,0,0,1,1
2020-08-05,US,New Hampshire,Cheshire,95,3,0,42.92015988,-72.25311043,33005.0,124.86035355194849,3.1578947368421053,92,93,3,0,90,92,76493,2,0,0,2,1
2020-08-05,US,New Hampshire,Coos,16,0,0,44.69063265,-71.30633239,33007.0,50.69226626112854,0.0,16,16,0,0,16,16,31589,0,0,0,0,0
2020-08-05,US,New Hampshire,Grafton,103,1,0,43.93779815,-71.82057197,33009.0,114.58959126004049,0.9708737864077671,102,103,1,0,102,103,89786,0,0,0,0,0
2020-08-05,US,New Hampshire,Hillsborough,3801,279,0,42.91537785,-71.7200253,33011.0,911.4561477129668,7.3401736385161795,3522,3787,279,0,3508,3775,415247,14,0,0,14,12
2020-08-05,US,New Hampshire,Merrimack,459,21,0,43.29662971,-71.6811573,33013.0,303.1884326016738,4.575163398692809,438,458,21,0,437,458,151132,1,0,0,1,0
2020-08-05,US,New Hampshire,Rockingham,1660,95,0,42.98499744,-71.12883377,33015.0,535.8831903773456,5.7228915662650595,1565,1654,95,0,1559,1642,309176,6,0,0,6,12
2020-08-05,US,New Hampshire,Strafford,338,13,0,43.291833000000004,-71.02336013,33017.0,258.7401345754901,3.8461538461538463,325,338,13,0,325,335,130090,0,0,0,0,3
2020-08-05,US,New Hampshire,Sullivan,40,1,0,43.36094111,-72.22203125,33019.0,92.70847819033052,2.5,39,40,1,0,39,40,43144,0,0,0,0,0
2020-08-05,US,New Hampshire,Unassigned,3,0,0,0.0,0.0,90033.0,0.0,0.0,3,4,0,0,4,1,,-1,0,0,-1,3
2020-08-05,US,New Jersey,Atlantic,3436,252,0,39.47538693,-74.65848483,34001.0,1303.144081617173,7.334109429569267,3184,3420,252,0,3168,3408,265429,16,0,0,16,12
2020-08-05,US,New Jersey,Bergen,20639,2038,0,40.96010917,-74.07164325,34003.0,2214.005119062177,9.874509423906195,18601,20609,2041,0,18568,20552,936692,30,-3,0,33,57
2020-08-05,US,New Jersey,Burlington,5907,470,0,39.87681124,-74.66927768,34005.0,1326.3754942752762,7.956661587946504,5437,5880,470,0,5410,5846,445384,27,0,0,27,34
2020-08-05,US,New Jersey,Camden,8442,577,0,39.80343818,-74.96388753,34007.0,1666.827913148038,6.8348732527837015,7865,8400,576,0,7824,8375,507078,42,1,0,41,25
2020-08-05,US,New Jersey,Cape May,819,87,0,39.15008829,-74.80170244,34009.0,889.8401764469411,10.622710622710622,732,817,87,0,730,813,92560,2,0,0,2,4
2020-08-05,US,New Jersey,Cumberland,3290,158,0,39.37199394,-75.10712559,34011.0,2200.2715228687807,4.802431610942249,3132,3275,158,0,3117,3253,150972,15,0,0,15,22
2020-08-05,US,New Jersey,Essex,19611,2105,0,40.78681335,-74.24657979,34013.0,2454.519853562377,10.7337718627301,17506,19588,2106,0,17482,19558,799767,23,-1,0,24,30
2020-08-05,US,New Jersey,Gloucester,3164,209,0,39.71581067,-75.13995546,34015.0,1084.9140709651758,6.605562579013907,2955,3130,209,0,2921,3106,291408,34,0,0,34,24
2020-08-05,US,New Jersey,Hudson,19564,1502,0,40.73766234,-74.07515667,34017.0,2909.6165772593627,7.677366591699038,18062,19544,1503,0,18041,19528,676061,20,-1,0,21,16
2020-08-05,US,New Jersey,Hunterdon,1144,126,0,40.56335249,-74.91284156,34019.0,919.8285774014844,11.01398601398601,1018,1139,126,0,1013,1138,124714,5,0,0,5,1
2020-08-05,US,New Jersey,Mercer,8076,618,0,40.28047017,-74.70479631,34021.0,2197.9696812998395,7.652303120356612,7458,8063,620,0,7443,8051,369811,13,-2,0,15,12
2020-08-05,US,New Jersey,Middlesex,17798,1400,0,40.43629879,-74.41426991,34023.0,2157.1712186478107,7.866052365434317,16398,17765,1403,0,16362,17735,829685,33,-3,0,36,30
2020-08-05,US,New Jersey,Monmouth,10192,856,0,40.26549699,-74.22240686,34025.0,1647.072132127765,8.398744113029826,9336,10170,858,0,9312,10137,621354,22,-2,0,24,33
2020-08-05,US,New Jersey,Morris,7195,827,0,40.86095313,-74.54553709999998,34027.0,1462.8592341083065,11.494093120222376,6368,7179,830,0,6349,7167,494228,16,-3,0,19,12
2020-08-05,US,New Jersey,Ocean,10520,1016,0,39.8895449,-74.28089251,34029.0,1732.5827670598471,9.657794676806084,9504,10501,1017,0,9484,10469,601651,19,-1,0,20,32
2020-08-05,US,New Jersey,Passaic,17550,1239,0,41.03238628,-74.29954144,34031.0,3497.228122895187,7.05982905982906,16311,17532,1243,0,16289,17507,503310,18,-4,0,22,25
2020-08-05,US,New Jersey,Salem,881,86,0,39.58719656,-75.34696629999998,34033.0,1412.1984451390558,9.761634506242906,795,880,85,0,795,877,62607,1,1,0,0,3
2020-08-05,US,New Jersey,Somerset,5202,561,0,40.56465737,-74.61683016,34035.0,1581.4722710330948,10.784313725490195,4641,5199,558,0,4641,5195,331164,3,3,0,0,4
2020-08-05,US,New Jersey,Sussex,1316,197,0,41.13891592,-74.69118243,34037.0,936.7348100905417,14.969604863221884,1119,1314,196,0,1118,1307,140799,2,1,0,1,7
2020-08-05,US,New Jersey,Unassigned,640,0,0,0.0,0.0,90034.0,0.0,0.0,640,644,0,0,644,672,,-4,0,0,-4,-28
2020-08-05,US,New Jersey,Union,16605,1347,0,40.65835409,-74.30680092,34039.0,2984.680259049755,8.112014453477869,15258,16590,1348,0,15242,16590,558067,15,-1,0,16,0
2020-08-05,US,New Jersey,Warren,1336,171,0,40.85951833,-74.99556527,34041.0,1269.15367589083,12.799401197604789,1165,1331,171,0,1160,1330,105779,5,0,0,5,1
2020-08-05,US,New Mexico,Bernalillo,4989,128,0,35.05163625,-106.6703554,35001.0,734.6260828335452,2.565644417718982,4861,4947,124,0,4823,4879,678701,42,4,0,38,68
2020-08-05,US,New Mexico,Catron,4,1,0,33.91514144,-108.4046587,35003.0,113.41083073433514,25.0,3,4,1,0,3,4,3578,0,0,0,0,0
2020-08-05,US,New Mexico,Chaves,395,6,0,33.36406072,-104.4665365,35005.0,611.3131625783486,1.5189873417721518,389,384,6,0,378,367,64689,11,0,0,11,17
2020-08-05,US,New Mexico,Cibola,345,17,0,34.91131525,-107.998876,35006.0,1293.3458294283034,4.9275362318840585,328,345,17,0,328,340,26746,0,0,0,0,5
2020-08-05,US,New Mexico,Colfax,15,1,0,36.60569702,-104.64726740000002,35007.0,125.61761996482709,6.666666666666668,14,14,1,0,13,14,12110,1,0,0,1,0
2020-08-05,US,New Mexico,Curry,506,2,0,34.57421077,-103.34688759999999,35009.0,1033.6234015606487,0.3952569169960474,504,493,2,0,491,483,49437,13,0,0,13,10
2020-08-05,US,New Mexico,Dona Ana,2315,27,0,32.35275771,-106.83293870000001,35013.0,1060.9775659387246,1.1663066954643628,2288,2272,24,0,2248,2240,217522,43,3,0,40,32
2020-08-05,US,New Mexico,Eddy,269,4,0,32.47167456,-104.3053527,35015.0,460.14368799178925,1.4869888475836432,265,267,4,0,263,258,57900,2,0,0,2,9
2020-08-05,US,New Mexico,Grant,70,2,0,32.73911281,-108.3827845,35017.0,259.27846507148683,2.8571428571428568,68,68,2,0,66,68,27346,2,0,0,2,0
2020-08-05,US,New Mexico,Guadalupe,31,0,0,34.86319296,-104.790669,35019.0,720.9302325581398,0.0,31,31,0,0,31,31,4341,0,0,0,0,0
2020-08-05,US,New Mexico,Harding,1,0,0,35.85751555,-103.82209379999999,35021.0,160.0,0.0,1,1,0,0,1,1,655,0,0,0,0,0
2020-08-05,US,New Mexico,Hidalgo,88,0,0,31.91383467,-108.7151824,35023.0,2096.236303001429,0.0,88,88,0,0,88,88,4240,0,0,0,0,0
2020-08-05,US,New Mexico,Lea,706,4,0,32.79215361,-103.4123733,35025.0,993.3868017447587,0.56657223796034,702,679,4,0,675,656,69611,27,0,0,27,23
2020-08-05,US,New Mexico,Lincoln,113,1,0,33.74526079,-105.4586166,35027.0,577.3554056815858,0.8849557522123894,112,110,1,0,109,109,19556,3,0,0,3,1
2020-08-05,US,New Mexico,Los Alamos,20,0,0,35.86631386,-106.31349850000001,35028.0,103.2577830553978,0.0,20,20,0,0,20,20,19101,0,0,0,0,0
2020-08-05,US,New Mexico,Luna,240,3,0,32.18179341,-107.75088259999998,35029.0,1012.2738200683284,1.25,237,238,3,0,235,235,23963,2,0,0,2,3
2020-08-05,US,New Mexico,McKinley,4025,222,0,35.58007720000001,-108.262245,35031.0,5639.861560665294,5.515527950310558,3803,4009,222,0,3787,4004,72290,16,0,0,16,5
2020-08-05,US,New Mexico,Mora,6,0,0,36.01095101,-104.9497716,35033.0,132.71400132713998,0.0,6,6,0,0,6,6,4506,0,0,0,0,0
2020-08-05,US,New Mexico,Otero,195,10,0,32.61348406,-105.7417604,35035.0,288.9316935842347,5.128205128205129,185,193,10,0,183,188,66781,2,0,0,2,5
2020-08-05,US,New Mexico,Quay,34,1,0,35.10403332,-103.54817270000001,35037.0,411.97140433781664,2.9411764705882355,33,34,1,0,33,33,8253,0,0,0,0,1
2020-08-05,US,New Mexico,Rio Arriba,306,5,0,36.51072137,-106.69316740000001,35039.0,786.2079597132654,1.6339869281045751,301,298,5,0,293,296,39006,8,0,0,8,2
2020-08-05,US,New Mexico,Roosevelt,152,1,0,34.02097406,-103.4799493,35041.0,821.6216216216217,0.6578947368421053,151,144,1,0,143,142,18743,8,0,0,8,2
2020-08-05,US,New Mexico,San Juan,3017,182,0,36.50838318,-108.32043700000001,35045.0,2433.8888978524983,6.0324825986078885,2835,3008,182,0,2826,3003,125043,9,0,0,9,5
2020-08-05,US,New Mexico,San Miguel,42,0,0,35.48014807,-104.8163562,35047.0,153.97587711258566,0.0,42,42,0,0,42,42,27591,0,0,0,0,0
2020-08-05,US,New Mexico,Sandoval,1111,33,0,35.68862401,-106.86878030000001,35043.0,757.0801646359746,2.9702970297029703,1078,1104,33,0,1071,1096,145179,7,0,0,7,8
2020-08-05,US,New Mexico,Santa Fe,610,3,0,35.50708973,-105.9774716,35049.0,405.69839981909837,0.4918032786885246,607,602,3,0,599,597,150056,8,0,0,8,5
2020-08-05,US,New Mexico,Sierra,31,0,0,33.13028233,-107.1925893,35051.0,287.2764340654249,0.0,31,30,0,0,30,30,10968,1,0,0,1,0
2020-08-05,US,New Mexico,Socorro,73,6,0,34.00715494,-106.9298354,35053.0,438.78103023381624,8.219178082191782,67,73,6,0,67,73,16735,0,0,0,0,0
2020-08-05,US,New Mexico,Taos,102,1,0,36.58006022,-105.63101979999999,35055.0,311.70736179445646,0.9803921568627452,101,99,1,0,98,99,32835,3,0,0,3,0
2020-08-05,US,New Mexico,Torrance,60,1,0,34.64048375,-105.8508949,35057.0,388.07321648017586,1.6666666666666667,59,60,1,0,59,60,15591,0,0,0,0,0
2020-08-05,US,New Mexico,Unassigned,1278,0,0,0.0,0.0,90035.0,0.0,0.0,1278,1268,0,0,1268,1268,,10,0,0,10,0
2020-08-05,US,New Mexico,Union,28,2,0,36.48126404,-103.4709624,35059.0,689.8250800689825,7.142857142857142,26,28,0,0,28,27,4118,0,2,0,-2,1
2020-08-05,US,New Mexico,Valencia,389,4,0,34.71669834,-106.8103733,35061.0,507.2501564781974,1.0282776349614395,385,381,4,0,377,373,76456,8,0,0,8,8
2020-08-05,US,New York,Albany,2556,128,0,42.60060306,-73.97723916,36001.0,836.6447794805994,5.007824726134586,2428,2543,126,0,2417,2531,307117,13,2,0,11,12
2020-08-05,US,New York,Allegany,76,1,0,42.25748406,-78.02750466,36003.0,164.8911935084941,1.3157894736842106,75,75,1,0,74,75,46430,1,0,0,1,0
2020-08-05,US,New York,Broome,1082,69,0,42.15903158,-75.81326086,36007.0,568.0147830834487,6.3770794824399255,1013,1078,64,0,1014,1064,191659,4,5,0,-1,14
2020-08-05,US,New York,Cattaraugus,164,6,0,42.24778241,-78.67923096,36009.0,215.4577820986113,3.6585365853658534,158,164,6,0,158,162,76840,0,0,0,0,2
2020-08-05,US,New York,Cayuga,150,2,0,42.91261714,-76.55731592,36011.0,195.88382783117424,1.3333333333333333,148,150,2,0,148,148,77145,0,0,0,0,2
2020-08-05,US,New York,Chautauqua,241,9,0,42.22769210000001,-79.36691763,36013.0,189.90882800249008,3.734439834024896,232,241,9,0,232,234,127939,0,0,0,0,7
2020-08-05,US,New York,Chemung,165,3,0,42.13891056,-76.7638805,36015.0,197.708972392638,1.818181818181818,162,163,3,0,160,163,84254,2,0,0,2,0
2020-08-05,US,New York,Chenango,212,6,0,42.49430041,-75.60887553,36017.0,449.085940644396,2.830188679245283,206,212,6,0,206,211,47536,0,0,0,0,1
2020-08-05,US,New York,Clinton,127,4,0,44.74530905,-73.67875352,36019.0,157.79337764800894,3.1496062992125986,123,127,4,0,123,127,80695,0,0,0,0,0
2020-08-05,US,New York,Columbia,531,37,0,42.24819348,-73.63089095,36021.0,893.0223171490558,6.967984934086629,494,529,37,0,492,523,59916,2,0,0,2,6
2020-08-05,US,New York,Cortland,94,0,0,42.59509207,-76.07048931,36023.0,197.5578487211281,0.0,94,93,0,0,93,92,47823,1,0,0,1,1
2020-08-05,US,New York,Delaware,104,4,0,42.19837623,-74.96709306,36025.0,235.640648011782,3.8461538461538463,100,104,4,0,100,104,44527,0,0,0,0,0
2020-08-05,US,New York,Dutchess,4568,153,0,41.76486060000001,-73.74356679,36027.0,1552.590256204583,3.34938704028021,4415,4557,153,0,4404,4543,293718,11,0,0,11,14
2020-08-05,US,New York,Erie,8702,671,0,42.76249024,-78.73063652,36029.0,947.2059492631996,7.71087106412319,8031,8667,669,0,7998,8626,919719,35,2,0,33,41
2020-08-05,US,New York,Essex,55,0,0,44.11630765,-73.77297842,36031.0,149.1121051918124,0.0,55,55,0,0,55,55,37300,0,0,0,0,0
2020-08-05,US,New York,Franklin,52,0,0,44.59040891,-74.29926032,36033.0,103.95426012554476,0.0,52,50,0,0,50,50,50293,2,0,0,2,0
2020-08-05,US,New York,Fulton,287,24,0,43.11363907,-74.41798804,36035.0,537.624337335856,8.362369337979095,263,285,24,0,261,285,53591,2,0,0,2,0
2020-08-05,US,New York,Genesee,274,5,0,43.0022601,-78.19135193,36037.0,478.35195530726264,1.8248175182481752,269,273,5,0,268,273,57511,1,0,0,1,0
2020-08-05,US,New York,Greene,289,18,0,42.275797,-74.12384884,36039.0,612.443841654658,6.228373702422147,271,289,18,0,271,289,47491,0,0,0,0,0
2020-08-05,US,New York,Hamilton,7,0,0,43.66146647,-74.49721957,36041.0,158.5144927536232,0.0,7,7,0,0,7,7,4434,0,0,0,0,0
2020-08-05,US,New York,Herkimer,264,4,0,43.42034246,-74.96145307,36043.0,430.5353968590486,1.5151515151515151,260,262,4,0,258,246,61833,2,0,0,2,16
2020-08-05,US,New York,Jefferson,140,0,0,44.04200959,-75.94653457,36045.0,127.46508367172278,0.0,140,139,0,0,139,134,111755,1,0,0,1,5
2020-08-05,US,New York,Lewis,37,0,0,43.784415700000004,-75.44903992,36049.0,140.7058107696988,0.0,37,37,0,0,37,35,26447,0,0,0,0,2
2020-08-05,US,New York,Livingston,171,8,0,42.72596275,-77.77966158,36051.0,271.79959945322184,4.678362573099415,163,170,8,0,162,167,63227,1,0,0,1,3
2020-08-05,US,New York,Madison,406,17,0,42.91653905,-75.67266639,36053.0,572.3065646100282,4.1871921182266005,389,405,17,0,388,401,70795,1,0,0,1,4
2020-08-05,US,New York,Monroe,4841,285,0,43.14638895,-77.69322942,36055.0,652.6281731534034,5.887213385664119,4556,4821,277,0,4544,4790,742474,20,8,0,12,31
2020-08-05,US,New York,Montgomery,161,4,0,42.90123494,-74.44011632,36057.0,327.09615814388167,2.4844720496894412,157,160,4,0,156,160,49455,1,0,0,1,0
2020-08-05,US,New York,Nassau,43482,2194,0,40.74066522,-73.58941873,36059.0,3204.4536024125155,5.045766064118486,41288,43436,2194,0,41242,43380,1358343,46,0,0,46,56
2020-08-05,US,New York,New York City,226581,23563,0,40.76727260000001,-73.97152637,36061.0,2717.835835907157,10.399371527180127,203018,226280,23556,0,202724,225964,1628701,301,7,0,294,316
2020-08-05,US,New York,Niagara,1466,98,0,43.19898042,-78.74777412,36063.0,700.4935947362637,6.684856753069577,1368,1458,98,0,1360,1449,210433,8,0,0,8,9
2020-08-05,US,New York,Oneida,2114,115,0,43.24375382,-75.43710392,36065.0,924.4722767644344,5.4399243140965,1999,2103,112,0,1991,2090,229577,11,3,0,8,13
2020-08-05,US,New York,Onondaga,3525,200,0,43.00491923,-76.19971155,36067.0,765.4257721571761,5.673758865248227,3325,3515,200,0,3315,3490,461809,10,0,0,10,25
2020-08-05,US,New York,Ontario,352,34,0,42.85145728,-77.30874425,36069.0,320.6500450914126,9.659090909090908,318,352,34,0,318,351,109864,0,0,0,0,1
2020-08-05,US,New York,Orange,11113,491,0,41.40337468,-74.30240757,36071.0,2886.943419753728,4.418248897687393,10622,11105,489,0,10616,11096,381951,8,2,0,6,9
2020-08-05,US,New York,Orleans,297,54,0,43.2516977,-78.2320066,36073.0,736.0229976209358,18.181818181818183,243,295,54,0,241,295,40612,2,0,0,2,0
2020-08-05,US,New York,Oswego,250,3,0,43.42778894,-76.14635194,36075.0,213.4489942283392,1.2,247,249,3,0,246,248,117898,1,0,0,1,1
2020-08-05,US,New York,Otsego,115,5,0,42.63492579,-75.03151402,36077.0,193.30005210697053,4.3478260869565215,110,115,5,0,110,114,59749,0,0,0,0,1
2020-08-05,US,New York,Putnam,1439,63,0,41.42630093,-73.74965532,36079.0,1463.5882831570382,4.378040305767894,1376,1437,63,0,1374,1433,98892,2,0,0,2,4
2020-08-05,US,New York,Rensselaer,755,30,0,42.71348136,-73.51089874,36083.0,475.69842609977684,3.9735099337748334,725,748,30,0,718,740,159442,7,0,0,7,8
2020-08-05,US,New York,Rockland,13903,674,0,41.15027894,-74.02560498,36087.0,4267.486010884345,4.847874559447601,13229,13893,674,0,13219,13885,325695,10,0,0,10,8
2020-08-05,US,New York,Saratoga,744,17,0,43.10904162,-73.86653895,36091.0,323.671056237846,2.28494623655914,727,739,17,0,722,733,230163,5,0,0,5,6
2020-08-05,US,New York,Schenectady,1045,37,0,42.81668777,-74.05278291,36093.0,672.8955112396087,3.5406698564593304,1008,1041,37,0,1004,1037,155350,4,0,0,4,4
2020-08-05,US,New York,Schoharie,68,0,0,42.58831742,-74.44339029999998,36095.0,219.36191490048063,0.0,68,68,0,0,68,68,31097,0,0,0,0,0
2020-08-05,US,New York,Schuyler,22,0,0,42.39184015,-76.8773299,36097.0,123.54691975065985,0.0,22,22,0,0,22,22,17912,0,0,0,0,0
2020-08-05,US,New York,Seneca,86,3,0,42.78081007,-76.82497064,36099.0,252.82220131702732,3.4883720930232562,83,86,3,0,83,86,34300,0,0,0,0,0
2020-08-05,US,New York,St. Lawrence,262,4,0,44.4976179,-75.06550039,36089.0,243.1780211620568,1.5267175572519085,258,262,4,0,258,262,108047,0,0,0,0,0
2020-08-05,US,New York,Steuben,297,42,0,42.2689144,-77.3829924,36101.0,311.3892995313434,14.141414141414142,255,294,42,0,252,292,95796,3,0,0,3,2
2020-08-05,US,New York,Suffolk,43553,1997,0,40.88320119,-72.8012172,36103.0,2949.544257385712,4.585218010240396,41556,43468,1997,0,41471,43395,1481093,85,0,0,85,73
2020-08-05,US,New York,Sullivan,1485,48,0,41.71579493,-74.76394559,36105.0,1968.6605154311167,3.2323232323232323,1437,1484,48,0,1436,1483,75498,1,0,0,1,1
2020-08-05,US,New York,Tioga,193,25,0,42.16852837,-76.30835812,36107.0,400.3900172188453,12.953367875647668,168,191,25,0,166,190,48560,2,0,0,2,1
2020-08-05,US,New York,Tompkins,231,0,0,42.44945765,-76.47229843,36109.0,226.07163828537875,0.0,231,230,0,0,230,230,102793,1,0,0,1,0
2020-08-05,US,New York,Ulster,2039,91,0,41.89027881,-74.26252104,36111.0,1148.2601521627726,4.462972045120157,1948,2039,91,0,1948,2031,178599,0,0,0,0,8
2020-08-05,US,New York,Warren,304,33,0,43.56173026,-73.8433699,36113.0,475.4159889903666,10.855263157894735,271,302,33,0,269,300,64265,2,0,0,2,2
2020-08-05,US,New York,Washington,255,14,0,43.31153794,-73.43043448,36115.0,416.6394353310241,5.490196078431373,241,255,14,0,241,255,61197,0,0,0,0,0
2020-08-05,US,New York,Wayne,248,3,0,43.15494365,-77.02976528,36117.0,275.8068462376832,1.2096774193548387,245,248,3,0,245,247,90064,0,0,0,0,1
2020-08-05,US,New York,Westchester,36075,1446,0,41.16278376,-73.75741653,36119.0,3728.659047075677,4.008316008316008,34629,36049,1446,0,34603,36014,967612,26,0,0,26,35
2020-08-05,US,New York,Wyoming,114,5,0,42.70145109,-78.22199579,36121.0,286.00817883037706,4.385964912280701,109,113,5,0,108,113,40085,1,0,0,1,0
2020-08-05,US,New York,Yates,56,7,0,42.63505484,-77.10369919,36123.0,224.78224220286597,12.5,49,56,7,0,49,55,24841,0,0,0,0,1
2020-08-05,US,North Carolina,Alamance,2298,41,0,36.0434701,-79.39976137,37001.0,1355.6802293683522,1.7841601392515232,2257,2280,41,0,2239,2264,166436,18,0,0,18,16
2020-08-05,US,North Carolina,Alexander,295,2,0,35.922379600000006,-81.17751948,37003.0,786.7296050350694,0.6779661016949152,293,295,2,0,293,295,37353,0,0,0,0,0
2020-08-05,US,North Carolina,Alleghany,165,0,0,36.49360862,-81.12857041,37005.0,1481.5479931759,0.0,165,165,0,0,165,165,11161,0,0,0,0,0
2020-08-05,US,North Carolina,Anson,311,2,0,34.97403241,-80.09953279,37007.0,1272.1917696146609,0.6430868167202572,309,308,2,0,306,304,24877,3,0,0,3,4
2020-08-05,US,North Carolina,Ashe,139,1,0,36.43296207,-81.49862729,37009.0,510.9730544425247,0.7194244604316546,138,126,1,0,125,126,27109,13,0,0,13,0
2020-08-05,US,North Carolina,Avery,99,0,0,36.07569796,-81.92308483,37011.0,563.8776556359287,0.0,99,99,0,0,99,99,17505,0,0,0,0,0
2020-08-05,US,North Carolina,Beaufort,373,2,0,35.48531943,-76.84325809,37013.0,793.7183470230243,0.5361930294906166,371,373,2,0,371,373,47079,0,0,0,0,0
2020-08-05,US,North Carolina,Bertie,254,5,0,36.0688473,-76.96545943,37015.0,1340.581622420436,1.9685039370078738,249,254,5,0,249,249,19026,0,0,0,0,5
2020-08-05,US,North Carolina,Bladen,596,7,0,34.61296243,-78.56180059,37017.0,1821.4045596234948,1.174496644295302,589,591,7,0,584,589,33190,5,0,0,5,2
2020-08-05,US,North Carolina,Brunswick,1213,17,0,34.070565,-78.22814204,37019.0,849.3208234140877,1.4014839241549877,1196,1202,17,0,1185,1198,136744,11,0,0,11,4
2020-08-05,US,North Carolina,Buncombe,1757,46,0,35.61113393,-82.53305,37021.0,672.6878031785169,2.6180990324416618,1711,1741,46,0,1695,1715,259103,16,0,0,16,26
2020-08-05,US,North Carolina,Burke,1637,28,0,35.74989637,-81.70755735,37023.0,1809.139636403824,1.7104459376908983,1609,1637,28,0,1609,1637,90382,0,0,0,0,0
2020-08-05,US,North Carolina,Cabarrus,2504,49,0,35.3877799,-80.55267168,37025.0,1156.8331231260365,1.9568690095846648,2455,2504,49,0,2455,2504,211342,0,0,0,0,0
2020-08-05,US,North Carolina,Caldwell,1159,14,0,35.95204977,-81.54799522,37027.0,1410.3531358757818,1.207937877480587,1145,1154,14,0,1140,1138,82029,5,0,0,5,16
2020-08-05,US,North Carolina,Camden,64,2,0,36.33804939,-76.15568396,37029.0,588.9389896015457,3.125,62,63,2,0,61,63,10710,1,0,0,1,0
2020-08-05,US,North Carolina,Carteret,332,6,0,34.8932941,-76.54120135,37031.0,477.8834943071409,1.8072289156626504,326,332,6,0,326,332,69524,0,0,0,0,0
2020-08-05,US,North Carolina,Caswell,189,2,0,36.39312665,-79.33353281,37033.0,836.1351973102105,1.058201058201058,187,189,2,0,187,186,22698,0,0,0,0,3
2020-08-05,US,North Carolina,Catawba,1986,29,0,35.66211129,-81.2132617,37035.0,1244.743060212722,1.460221550855992,1957,1972,29,0,1943,1972,158652,14,0,0,14,0
2020-08-05,US,North Carolina,Chatham,1261,51,0,35.70394416,-79.25541492,37037.0,1693.2993151604676,4.044409199048373,1210,1255,50,0,1205,1245,73139,6,1,0,5,10
2020-08-05,US,North Carolina,Cherokee,265,3,0,35.1349263,-84.05970864,37039.0,926.184817559066,1.1320754716981132,262,265,3,0,262,265,28383,0,0,0,0,0
2020-08-05,US,North Carolina,Chowan,145,1,0,36.12908077,-76.60118385,37041.0,1039.948361184824,0.6896551724137931,144,145,1,0,144,144,14029,0,0,0,0,1
2020-08-05,US,North Carolina,Clay,76,0,0,35.05704275,-83.74353633,37043.0,676.6984240049862,0.0,76,76,0,0,76,76,11139,0,0,0,0,0
2020-08-05,US,North Carolina,Cleveland,1097,17,0,35.33553364,-81.55204486,37045.0,1119.9934658539823,1.5496809480401097,1080,1087,17,0,1070,1037,97645,10,0,0,10,50
2020-08-05,US,North Carolina,Columbus,851,46,0,34.26744084,-78.65801424,37047.0,1533.1123441666064,5.405405405405406,805,838,46,0,792,833,55655,13,0,0,13,5
2020-08-05,US,North Carolina,Craven,673,10,0,35.11833364,-77.08398081,37049.0,658.9060006461783,1.4858841010401191,663,673,10,0,663,673,102912,0,0,0,0,0
2020-08-05,US,North Carolina,Cumberland,2880,50,0,35.04762133,-78.82623165,37051.0,858.3972412066443,1.7361111111111112,2830,2833,50,0,2783,2817,332330,47,0,0,47,16
2020-08-05,US,North Carolina,Currituck,71,0,0,36.36123664,-75.95876401,37053.0,255.73605157944027,0.0,71,71,0,0,71,70,27072,0,0,0,0,1
2020-08-05,US,North Carolina,Dare,203,2,0,35.66520691,-75.71767334,37055.0,548.5152260261018,0.9852216748768472,201,202,2,0,200,202,36501,1,0,0,1,0
2020-08-05,US,North Carolina,Davidson,1690,18,0,35.79115496,-80.21256572,37057.0,1008.2990770185373,1.0650887573964498,1672,1675,18,0,1657,1653,166614,15,0,0,15,22
2020-08-05,US,North Carolina,Davie,391,6,0,35.93099927,-80.54496571,37059.0,912.5706016897728,1.5345268542199488,385,387,6,0,381,386,42733,4,0,0,4,1
2020-08-05,US,North Carolina,Duplin,1961,48,0,34.93449805,-77.93140529,37061.0,3338.3837524046235,2.4477307496175422,1913,1952,47,0,1905,1939,58856,9,1,0,8,13
2020-08-05,US,North Carolina,Durham,5989,79,0,36.03638492,-78.87608331,37063.0,1862.9000149305728,1.319084989146769,5910,5946,79,0,5867,5917,316739,43,0,0,43,29
2020-08-05,US,North Carolina,Edgecombe,605,12,0,35.91230639,-77.59436892,37065.0,1175.3963319863224,1.9834710743801651,593,596,12,0,584,589,52005,9,0,0,9,7
2020-08-05,US,North Carolina,Forsyth,5028,51,0,36.12859861,-80.25459052,37067.0,1315.2146902261345,1.0143198090692125,4977,5007,49,0,4958,4955,379099,21,2,0,19,52
2020-08-05,US,North Carolina,Franklin,811,25,0,36.081519,-78.28708884,37069.0,1163.8085671234842,3.082614056720099,786,805,25,0,780,797,67560,6,0,0,6,8
2020-08-05,US,North Carolina,Gaston,3124,41,0,35.29373559,-81.17477045,37071.0,1391.3570184697744,1.3124199743918057,3083,3083,41,0,3042,3035,222846,41,0,0,41,48
2020-08-05,US,North Carolina,Gates,46,2,0,36.44667547,-76.69749701,37073.0,397.8550423802111,4.3478260869565215,44,45,2,0,43,45,11573,1,0,0,1,0
2020-08-05,US,North Carolina,Graham,29,0,0,35.3506925,-83.83369267,37075.0,343.5611894325317,0.0,29,29,0,0,29,27,8484,0,0,0,0,2
2020-08-05,US,North Carolina,Granville,1194,27,0,36.30337451,-78.65184241,37077.0,1975.4148536637824,2.2613065326633164,1167,1186,26,0,1160,1185,60115,8,1,0,7,1
2020-08-05,US,North Carolina,Greene,318,3,0,35.48544173,-77.67578087,37079.0,1509.3264986473016,0.9433962264150944,315,313,3,0,310,311,21012,5,0,0,5,2
2020-08-05,US,North Carolina,Guilford,5335,153,0,36.07959451,-79.78824948,37081.0,993.1605029282877,2.8678537956888466,5182,5310,150,0,5160,5254,533670,25,3,0,22,56
2020-08-05,US,North Carolina,Halifax,657,6,0,36.25669272,-77.6556109,37083.0,1313.73725254949,0.9132420091324199,651,650,6,0,644,650,50574,7,0,0,7,0
2020-08-05,US,North Carolina,Harnett,1189,38,0,35.36731853,-78.87243571,37085.0,874.4190151203153,3.1959629941127004,1151,1178,36,0,1142,1158,134214,11,2,0,9,20
2020-08-05,US,North Carolina,Haywood,362,8,0,35.55269063,-82.98196486,37087.0,580.9008777701108,2.209944751381216,354,356,7,0,349,348,61971,6,1,0,5,8
2020-08-05,US,North Carolina,Henderson,1429,54,0,35.33788927,-82.4766782,37089.0,1217.0299019733088,3.7788663400979705,1375,1420,54,0,1366,1402,116748,9,0,0,9,18
2020-08-05,US,North Carolina,Hertford,310,11,0,36.3607755,-76.98104134,37091.0,1309.2874941926766,3.548387096774193,299,307,11,0,296,295,23659,3,0,0,3,12
2020-08-05,US,North Carolina,Hoke,693,9,0,35.01888303,-79.23651674,37093.0,1254.66198356085,1.2987012987012987,684,681,9,0,672,674,54764,12,0,0,12,7
2020-08-05,US,North Carolina,Hyde,37,0,0,35.42017674,-76.15180542,37095.0,749.4429815677538,0.0,37,37,0,0,37,37,5230,0,0,0,0,0
2020-08-05,US,North Carolina,Iredell,1771,18,0,35.80950511,-80.8743128,37097.0,974.1152657228032,1.0163749294184077,1753,1771,18,0,1753,1771,178435,0,0,0,0,0
2020-08-05,US,North Carolina,Jackson,415,4,0,35.28814273,-83.14093385,37099.0,944.5127224725752,0.9638554216867471,411,412,3,0,409,412,43327,3,1,0,2,0
2020-08-05,US,North Carolina,Johnston,3135,44,0,35.51745004,-78.36622717,37101.0,1497.5709256278094,1.4035087719298245,3091,3117,44,0,3073,3085,202675,18,0,0,18,32
2020-08-05,US,North Carolina,Jones,79,4,0,35.02254606,-77.35870791,37103.0,838.7302261386559,5.063291139240507,75,78,3,0,75,78,9637,1,1,0,0,0
2020-08-05,US,North Carolina,Lee,1240,11,0,35.47623147,-79.17569362,37105.0,2007.1545347124427,0.8870967741935484,1229,1225,11,0,1214,1217,61452,15,0,0,15,8
2020-08-05,US,North Carolina,Lenoir,540,12,0,35.24032589999999,-77.64245615,37107.0,965.164703569322,2.2222222222222223,528,538,12,0,526,536,55976,2,0,0,2,2
2020-08-05,US,North Carolina,Lincoln,781,3,0,35.48508185,-81.21740317,37109.0,906.9689122179512,0.38412291933418696,778,773,3,0,770,751,83770,8,0,0,8,22
2020-08-05,US,North Carolina,Macon,460,3,0,35.14867843,-83.41696617,37113.0,1282.837860449551,0.6521739130434783,457,460,3,0,457,460,35285,0,0,0,0,0
2020-08-05,US,North Carolina,Madison,41,0,0,35.85402722,-82.71346418,37115.0,188.4624224316249,0.0,41,41,0,0,41,40,21763,0,0,0,0,1
2020-08-05,US,North Carolina,Martin,245,6,0,35.84326734,-77.10860251,37117.0,1091.8003565062388,2.4489795918367347,239,245,6,0,239,244,22671,0,0,0,0,1
2020-08-05,US,North Carolina,McDowell,621,13,0,35.67736232,-82.0482425,37111.0,1357.1990558615264,2.0933977455716586,608,618,13,0,605,609,45507,3,0,0,3,9
2020-08-05,US,North Carolina,Mecklenburg,21517,222,0,35.24469268,-80.8317671,37119.0,1937.846960794556,1.0317423432634658,21295,21316,222,0,21094,21054,1093901,201,0,0,201,262
2020-08-05,US,North Carolina,Mitchell,116,2,0,36.01059309,-82.1582442,37121.0,775.1937984496125,1.7241379310344829,114,116,2,0,114,116,15000,0,0,0,0,0
2020-08-05,US,North Carolina,Montgomery,644,14,0,35.33155144,-79.90416657,37123.0,2369.999631987635,2.1739130434782608,630,644,14,0,630,644,27271,0,0,0,0,0
2020-08-05,US,North Carolina,Moore,947,20,0,35.30885257,-79.48474178,37125.0,938.7390959555909,2.1119324181626187,927,933,20,0,913,909,98682,14,0,0,14,24
2020-08-05,US,North Carolina,Nash,1086,12,0,35.96575634,-77.98422508,37127.0,1151.6681159727673,1.1049723756906078,1074,1074,12,0,1062,1063,94016,12,0,0,12,11
2020-08-05,US,North Carolina,New Hanover,2449,20,0,34.25758282,-77.87075626,37129.0,1044.4699389695188,0.8166598611678236,2429,2449,20,0,2429,2449,232274,0,0,0,0,0
2020-08-05,US,North Carolina,Northampton,329,16,0,36.41736238,-77.39769443,37131.0,1688.6516450238669,4.863221884498481,313,329,16,0,313,329,19676,0,0,0,0,0
2020-08-05,US,North Carolina,Onslow,987,10,0,34.72607366,-77.42908179,37133.0,498.6409885923875,1.0131712259371837,977,961,10,0,951,934,197683,26,0,0,26,27
2020-08-05,US,North Carolina,Orange,1308,45,0,36.06092947,-79.12167935,37135.0,880.9504566394569,3.440366972477064,1263,1296,45,0,1251,1293,146027,12,0,0,12,3
2020-08-05,US,North Carolina,Pamlico,65,1,0,35.15253315,-76.66559823,37137.0,510.7653622505108,1.5384615384615383,64,65,1,0,64,65,12670,0,0,0,0,0
2020-08-05,US,North Carolina,Pasquotank,360,17,0,36.26723798,-76.25134778,37139.0,903.9775010044194,4.722222222222221,343,360,17,0,343,359,39639,0,0,0,0,1
2020-08-05,US,North Carolina,Pender,633,3,0,34.52265624,-77.90352133,37141.0,1003.8058991436728,0.4739336492890995,630,632,3,0,629,626,62162,1,0,0,1,6
2020-08-05,US,North Carolina,Perquimans,74,2,0,36.17847453,-76.40603143,37143.0,549.6546089281735,2.702702702702702,72,73,2,0,71,71,13422,1,0,0,1,2
2020-08-05,US,North Carolina,Person,202,2,0,36.38989032,-78.97217358,37145.0,511.5219042795645,0.99009900990099,200,201,2,0,199,201,39507,1,0,0,1,0
2020-08-05,US,North Carolina,Pitt,1833,11,0,35.59535426,-77.37353178,37147.0,1014.1527702470926,0.6001091107474086,1822,1802,11,0,1791,1795,179914,31,0,0,31,7
2020-08-05,US,North Carolina,Polk,146,5,0,35.27820615,-82.16812354,37149.0,704.497201312488,3.4246575342465757,141,146,5,0,141,140,20611,0,0,0,0,6
2020-08-05,US,North Carolina,Randolph,2085,36,0,35.71015088,-79.80570339,37151.0,1451.2727348660446,1.7266187050359711,2049,2075,36,0,2039,2071,143351,10,0,0,10,4
2020-08-05,US,North Carolina,Richmond,490,9,0,35.00417719,-79.74491009,37153.0,1093.0424501996476,1.836734693877551,481,486,8,0,478,486,44887,4,1,0,3,0
2020-08-05,US,North Carolina,Robeson,2714,51,0,34.64244496,-79.10250529999998,37155.0,2077.7033492822966,1.879145173176124,2663,2682,51,0,2631,2658,131831,32,0,0,32,24
2020-08-05,US,North Carolina,Rockingham,494,7,0,36.39593137,-79.77504841,37157.0,542.7974947807933,1.4170040485829958,487,494,7,0,487,494,90690,0,0,0,0,0
2020-08-05,US,North Carolina,Rowan,2072,48,0,35.64003916,-80.52446628,37159.0,1458.2512245932098,2.3166023166023164,2024,2060,48,0,2012,2032,141262,12,0,0,12,28
2020-08-05,US,North Carolina,Rutherford,689,14,0,35.40114178,-81.92112099,37161.0,1027.9132912619912,2.0319303338171264,675,689,14,0,675,689,66826,0,0,0,0,0
2020-08-05,US,North Carolina,Sampson,1439,13,0,34.98820368,-78.36914061,37163.0,2265.035966693425,0.9034051424600416,1426,1431,13,0,1418,1427,63626,8,0,0,8,4
2020-08-05,US,North Carolina,Scotland,312,2,0,34.8386299,-79.4757978,37165.0,895.959566952876,0.6410256410256411,310,302,2,0,300,293,34810,10,0,0,10,9
2020-08-05,US,North Carolina,Stanly,938,24,0,35.31647813,-80.25093221,37167.0,1493.4878833232494,2.55863539445629,914,928,20,0,908,912,62075,10,4,0,6,16
2020-08-05,US,North Carolina,Stokes,277,3,0,36.4017975,-80.23893369,37169.0,607.5760566778531,1.083032490974729,274,270,3,0,267,266,45467,7,0,0,7,4
2020-08-05,US,North Carolina,Surry,878,9,0,36.41689489,-80.69102283,37171.0,1223.1308248471087,1.0250569476082003,869,877,9,0,868,872,71948,1,0,0,1,5
2020-08-05,US,North Carolina,Swain,106,2,0,35.48665845,-83.48748932,37173.0,742.7650479994394,1.8867924528301887,104,106,2,0,104,105,14245,0,0,0,0,1
2020-08-05,US,North Carolina,Transylvania,132,1,0,35.20383864,-82.79638423,37175.0,383.88832339683,0.7575757575757576,131,132,1,0,131,132,34215,0,0,0,0,0
2020-08-05,US,North Carolina,Tyrrell,92,1,0,35.87147226,-76.17055253,37177.0,2290.8366533864537,1.0869565217391304,91,92,1,0,91,92,4131,0,0,0,0,0
2020-08-05,US,North Carolina,Union,2930,42,0,34.98960527,-80.52955873,37179.0,1221.5509945426272,1.4334470989761092,2888,2881,42,0,2839,2823,235908,49,0,0,49,58
2020-08-05,US,North Carolina,Vance,746,40,0,36.36880673,-78.40670845,37181.0,1675.0870102166834,5.361930294906166,706,739,40,0,699,738,44582,7,0,0,7,1
2020-08-05,US,North Carolina,Wake,11425,137,0,35.78879266,-78.65249174,37183.0,1027.6489281419297,1.1991247264770242,11288,11337,134,0,11203,11305,1092305,88,3,0,85,32
2020-08-05,US,North Carolina,Warren,252,7,0,36.39728256,-78.10652228,37185.0,1277.1780447012316,2.7777777777777777,245,246,7,0,239,243,19807,6,0,0,6,3
2020-08-05,US,North Carolina,Washington,124,4,0,35.83810081,-76.57299037,37187.0,1070.811744386874,3.2258064516129035,120,121,4,0,117,121,11859,3,0,0,3,0
2020-08-05,US,North Carolina,Watauga,283,0,0,36.23103603,-81.70033724,37189.0,503.76488598536764,0.0,283,283,0,0,283,283,55945,0,0,0,0,0
2020-08-05,US,North Carolina,Wayne,2335,40,0,35.36438125,-78.00027268,37191.0,1896.3542893341241,1.7130620985010707,2295,2330,37,0,2293,2328,123248,5,3,0,2,2
2020-08-05,US,North Carolina,Wilkes,744,10,0,36.2084135,-81.16232895,37193.0,1087.528503771268,1.3440860215053765,734,741,10,0,731,736,68557,3,0,0,3,5
2020-08-05,US,North Carolina,Wilson,1447,35,0,35.70625477,-77.917978,37195.0,1768.9270302319046,2.418797512093988,1412,1436,35,0,1401,1436,81455,11,0,0,11,0
2020-08-05,US,North Carolina,Yadkin,513,6,0,36.16222629,-80.66239436,37197.0,1361.9348501340696,1.1695906432748535,507,508,6,0,502,508,37543,5,0,0,5,0
2020-08-05,US,North Carolina,Yancey,101,0,0,35.90079156,-82.31237181,37199.0,558.9683989152693,0.0,101,101,0,0,101,101,17903,0,0,0,0,0
2020-08-05,US,North Dakota,Adams,2,0,0,46.09686891,-102.5285397,38001.0,90.25270758122744,0.0,2,2,0,0,2,2,2294,0,0,0,0,0
2020-08-05,US,North Dakota,Barnes,36,0,0,46.93579637,-98.06605978,38003.0,345.6553048487758,0.0,36,35,0,0,35,34,10542,1,0,0,1,1
2020-08-05,US,North Dakota,Benson,130,1,0,48.0683985,-99.35916363,38005.0,1902.8103044496488,0.7692307692307693,129,127,1,0,126,94,6962,3,0,0,3,33
2020-08-05,US,North Dakota,Billings,2,0,0,47.02366884,-103.3762965,38007.0,215.5172413793104,0.0,2,2,0,0,2,2,919,0,0,0,0,0
2020-08-05,US,North Dakota,Bottineau,18,0,0,48.79106111,-100.8378166,38009.0,286.5329512893983,0.0,18,18,0,0,18,18,6411,0,0,0,0,0
2020-08-05,US,North Dakota,Bowman,6,0,0,46.11285362,-103.5203343,38011.0,198.4126984126984,0.0,6,6,0,0,6,6,3076,0,0,0,0,0
2020-08-05,US,North Dakota,Burke,23,0,0,48.79094471,-102.5182117,38013.0,1087.4704491725768,0.0,23,23,0,0,23,22,2100,0,0,0,0,1
2020-08-05,US,North Dakota,Burleigh,1049,5,0,46.97847375,-100.4645214,38015.0,1096.981992345178,0.4766444232602479,1044,1007,5,0,1002,979,95273,42,0,0,42,28
2020-08-05,US,North Dakota,Cass,2958,76,0,46.93201724,-97.2444719,38017.0,1625.9626325423394,2.5693035835023665,2882,2938,76,0,2862,2932,181516,20,0,0,20,6
2020-08-05,US,North Dakota,Cavalier,31,0,0,48.77286211,-98.46685243,38019.0,824.0297713981925,0.0,31,31,0,0,31,31,3829,0,0,0,0,0
2020-08-05,US,North Dakota,Dickey,12,0,0,46.11017712,-98.5049008,38021.0,246.30541871921181,0.0,12,12,0,0,12,11,4903,0,0,0,0,1
2020-08-05,US,North Dakota,Divide,1,0,0,48.814938700000006,-103.4873611,38023.0,44.16961130742049,0.0,1,1,0,0,1,1,2283,0,0,0,0,0
2020-08-05,US,North Dakota,Dunn,30,0,0,47.35423935,-102.6160468,38025.0,678.1193490054251,0.0,30,30,0,0,30,30,4332,0,0,0,0,0
2020-08-05,US,North Dakota,Eddy,17,0,0,47.71701474,-98.90432337,38027.0,743.3318758198512,0.0,17,15,0,0,15,13,2313,2,0,0,2,2
2020-08-05,US,North Dakota,Emmons,17,1,0,46.28398398,-100.2389766,38029.0,524.5294662141314,5.882352941176472,16,17,1,0,16,16,3295,0,0,0,0,1
2020-08-05,US,North Dakota,Foster,23,0,0,47.4571084,-98.88279923,38031.0,716.5109034267912,0.0,23,17,0,0,17,19,3216,6,0,0,6,-2
2020-08-05,US,North Dakota,Golden Valley,4,0,0,46.94022281,-103.8465421,38033.0,227.14366837024414,0.0,4,4,0,0,4,4,1769,0,0,0,0,0
2020-08-05,US,North Dakota,Grand Forks,650,6,0,47.92093639,-97.45450447,38035.0,935.9116499402456,0.9230769230769232,644,642,5,0,637,637,70770,8,1,0,7,5
2020-08-05,US,North Dakota,Grant,4,0,0,46.35821257,-101.6390013,38037.0,175.9014951627089,0.0,4,4,0,0,4,4,2374,0,0,0,0,0
2020-08-05,US,North Dakota,Griggs,30,1,0,47.45785838,-98.23850925,38039.0,1344.688480502017,3.333333333333333,29,30,1,0,29,30,2232,0,0,0,0,0
2020-08-05,US,North Dakota,Hettinger,6,0,0,46.43375068,-102.4632417,38041.0,240.09603841536614,0.0,6,6,0,0,6,6,2514,0,0,0,0,0
2020-08-05,US,North Dakota,Kidder,12,0,0,46.97830064,-99.77507857,38043.0,483.8709677419355,0.0,12,11,0,0,11,11,2450,1,0,0,1,0
2020-08-05,US,North Dakota,LaMoure,15,0,0,46.45681054,-98.53542355,38045.0,370.7365299060801,0.0,15,15,0,0,15,14,4062,0,0,0,0,1
2020-08-05,US,North Dakota,Logan,7,0,0,46.45729487,-99.47719806,38047.0,378.3783783783784,0.0,7,6,0,0,6,6,1903,1,0,0,1,0
2020-08-05,US,North Dakota,McHenry,15,1,0,48.23104458,-100.6324822,38049.0,261.0966057441253,6.666666666666668,14,15,1,0,14,15,5816,0,0,0,0,0
2020-08-05,US,North Dakota,McIntosh,27,1,0,46.11182017,-99.44145858,38051.0,1081.297557068482,3.703703703703704,26,27,1,0,26,26,2585,0,0,0,0,1
2020-08-05,US,North Dakota,McKenzie,84,1,0,47.74133370000001,-103.395905,38053.0,559.1054313099041,1.1904761904761905,83,84,1,0,83,79,13632,0,0,0,0,5
2020-08-05,US,North Dakota,McLean,42,0,0,47.60766714,-101.3182418,38055.0,444.4444444444445,0.0,42,39,0,0,39,39,9541,3,0,0,3,0
2020-08-05,US,North Dakota,Mercer,24,0,0,47.31213126,-101.8318399,38057.0,293.1476731403445,0.0,24,23,0,0,23,23,8267,1,0,0,1,0
2020-08-05,US,North Dakota,Morton,297,3,0,46.71681782,-101.2822377,38059.0,946.9455426603747,1.0101010101010102,294,292,3,0,289,281,31095,5,0,0,5,11
2020-08-05,US,North Dakota,Mountrail,122,1,0,48.20197971,-102.3555315,38061.0,1156.946420104315,0.819672131147541,121,122,1,0,121,119,10218,0,0,0,0,3
2020-08-05,US,North Dakota,Nelson,22,0,0,47.9226426,-98.19038437,38063.0,764.1542202153528,0.0,22,19,0,0,19,18,2869,3,0,0,3,1
2020-08-05,US,North Dakota,Oliver,7,0,0,47.11530482,-101.3406158,38065.0,357.32516590096986,0.0,7,7,0,0,7,7,1952,0,0,0,0,0
2020-08-05,US,North Dakota,Pembina,27,0,0,48.76623521,-97.5523809,38067.0,397.00044111160116,0.0,27,27,0,0,27,27,6947,0,0,0,0,0
2020-08-05,US,North Dakota,Pierce,11,0,0,48.24977025,-99.96407787,38069.0,276.7295597484277,0.0,11,11,0,0,11,11,4081,0,0,0,0,0
2020-08-05,US,North Dakota,Ramsey,65,2,0,48.26886249,-98.72223879,38071.0,564.2850941922043,3.0769230769230766,63,60,2,0,58,47,11481,5,0,0,5,13
2020-08-05,US,North Dakota,Ransom,26,0,0,46.45621782,-97.65742504,38073.0,498.27520122652356,0.0,26,26,0,0,26,26,5237,0,0,0,0,0
2020-08-05,US,North Dakota,Renville,8,0,0,48.71982533,-101.6603912,38075.0,343.79028792436617,0.0,8,9,0,0,9,9,2374,-1,0,0,-1,0
2020-08-05,US,North Dakota,Richland,101,0,0,46.26440649,-96.94852979,38077.0,624.3432033133461,0.0,101,95,0,0,95,93,16239,6,0,0,6,2
2020-08-05,US,North Dakota,Rolette,38,0,0,48.77245354,-99.84097493,38079.0,268.05869074492097,0.0,38,35,0,0,35,34,14301,3,0,0,3,1
2020-08-05,US,North Dakota,Sargent,10,0,0,46.10830372,-97.63217159,38081.0,256.5418163160595,0.0,10,11,0,0,11,9,3870,-1,0,0,-1,2
2020-08-05,US,North Dakota,Sheridan,6,0,0,47.57700669,-100.3426391,38083.0,456.2737642585552,0.0,6,6,0,0,6,5,1349,0,0,0,0,1
2020-08-05,US,North Dakota,Sioux,59,1,0,46.11323337,-101.0440149,38085.0,1394.7990543735227,1.6949152542372878,58,59,1,0,58,59,4358,0,0,0,0,0
2020-08-05,US,North Dakota,Slope,3,0,0,46.44737738,-103.4601547,38087.0,400.0,0.0,3,3,0,0,3,3,763,0,0,0,0,0
2020-08-05,US,North Dakota,Stark,227,3,0,46.80851182,-102.6576326,38089.0,720.8866588332434,1.3215859030837005,224,221,3,0,218,214,30997,6,0,0,6,7
2020-08-05,US,North Dakota,Steele,13,0,0,47.45611548,-97.72728747,38091.0,687.8306878306877,0.0,13,13,0,0,13,11,1903,0,0,0,0,2
2020-08-05,US,North Dakota,Stutsman,121,2,0,46.97962541,-98.95637318,38093.0,584.4281298299845,1.6528925619834711,119,121,2,0,119,118,20917,0,0,0,0,3
2020-08-05,US,North Dakota,Towner,5,0,0,48.68565745,-99.24564265,38095.0,228.41480127912288,0.0,5,5,0,0,5,5,2192,0,0,0,0,0
2020-08-05,US,North Dakota,Traill,49,0,0,47.45367788,-97.16323288,38097.0,609.7560975609756,0.0,49,47,0,0,47,46,8037,2,0,0,2,1
2020-08-05,US,North Dakota,Walsh,101,0,0,48.36876964,-97.72574783,38099.0,949.1589136359364,0.0,101,99,0,0,99,98,10667,2,0,0,2,1
2020-08-05,US,North Dakota,Ward,197,1,0,48.22390169,-101.5436763,38101.0,291.2434765896424,0.5076142131979695,196,195,1,0,194,191,67744,2,0,0,2,4
2020-08-05,US,North Dakota,Wells,20,0,0,47.58614526,-99.65904998,38103.0,521.6484089723526,0.0,20,19,0,0,19,17,3957,1,0,0,1,2
2020-08-05,US,North Dakota,Williams,247,2,0,48.34522353,-103.4793387,38105.0,657.1071324057569,0.8097165991902834,245,244,2,0,242,233,35350,3,0,0,3,11
2020-08-05,US,Ohio,Adams,59,2,0,38.84541072,-83.4718964,39001.0,213.01176980287383,3.3898305084745757,57,56,2,0,54,53,27724,3,0,0,3,3
2020-08-05,US,Ohio,Allen,682,42,0,40.77285242,-84.10802343,39003.0,666.3344764584616,6.158357771260997,640,667,42,0,625,654,102663,15,0,0,15,13
2020-08-05,US,Ohio,Ashland,135,3,0,40.84772277,-82.27280781,39005.0,252.41193628000897,2.2222222222222223,132,133,3,0,130,133,53745,2,0,0,2,0
2020-08-05,US,Ohio,Ashtabula,551,45,0,41.70860332,-80.74830218,39007.0,566.6334159459487,8.166969147005444,506,544,45,0,499,539,97493,7,0,0,7,5
2020-08-05,US,Ohio,Athens,352,1,0,39.33425634,-82.04278644,39009.0,538.827743505748,0.2840909090909091,351,350,1,0,349,345,65818,2,0,0,2,5
2020-08-05,US,Ohio,Auglaize,233,5,0,40.55998859,-84.22421429999999,39011.0,510.3381811810058,2.145922746781116,228,226,5,0,221,222,45804,7,0,0,7,4
2020-08-05,US,Ohio,Belmont,591,26,0,40.01625942,-80.9924051,39013.0,882.0105662179508,4.399323181049069,565,590,26,0,564,589,67505,1,0,0,1,1
2020-08-05,US,Ohio,Brown,120,1,0,38.93416837,-83.86788395,39015.0,276.293976791306,0.8333333333333334,119,118,1,0,117,112,43602,2,0,0,2,6
2020-08-05,US,Ohio,Butler,2778,61,0,39.44012838,-84.57388716,39017.0,725.0726899726989,2.195824334053276,2717,2743,60,0,2683,2714,382378,35,1,0,34,29
2020-08-05,US,Ohio,Carroll,110,5,0,40.5789686,-81.09178213,39019.0,408.7092219662629,4.545454545454546,105,110,5,0,105,108,27081,0,0,0,0,2
2020-08-05,US,Ohio,Champaign,151,2,0,40.13923427,-83.76875242,39021.0,388.3245467403883,1.3245033112582782,149,150,2,0,148,138,38754,1,0,0,1,12
2020-08-05,US,Ohio,Clark,1104,14,0,39.91592258,-83.78498252,39023.0,823.3705988082007,1.2681159420289856,1090,1092,14,0,1078,1086,134585,12,0,0,12,6
2020-08-05,US,Ohio,Clermont,874,11,0,39.04847534,-84.15375786,39025.0,423.3921754800705,1.2585812356979404,863,859,11,0,848,855,205466,15,0,0,15,4
2020-08-05,US,Ohio,Clinton,154,6,0,39.41485808,-83.80852286,39027.0,366.94624475791085,3.8961038961038965,148,153,6,0,147,148,42057,1,0,0,1,5
2020-08-05,US,Ohio,Columbiana,1607,60,0,40.76932373,-80.78094576,39029.0,1577.299451331429,3.73366521468575,1547,1583,60,0,1523,1582,102665,24,0,0,24,1
2020-08-05,US,Ohio,Coshocton,186,6,0,40.30096166,-81.91729018,39031.0,508.19672131147536,3.2258064516129035,180,185,6,0,179,186,36629,1,0,0,1,-1
2020-08-05,US,Ohio,Crawford,168,5,0,40.85065156,-82.91989099,39033.0,404.87781365980624,2.9761904761904763,163,168,5,0,163,168,41550,0,0,0,0,0
2020-08-05,US,Ohio,Cuyahoga,13011,487,0,41.424119,-81.65918339,39035.0,1053.4608508653746,3.742986703558528,12524,12881,482,0,12399,12753,1243857,130,5,0,125,128
2020-08-05,US,Ohio,Darke,348,27,0,40.13412966,-84.6194517,39037.0,680.8444035763896,7.758620689655173,321,341,26,0,315,321,51323,7,1,0,6,20
2020-08-05,US,Ohio,Defiance,133,4,0,41.32398837,-84.49076944,39039.0,349.2005146112847,3.0075187969924815,129,132,4,0,128,129,38165,1,0,0,1,3
2020-08-05,US,Ohio,Delaware,1241,18,0,40.27942393,-83.00457058,39041.0,593.2774635834724,1.4504431909750202,1223,1219,18,0,1201,1206,204826,22,0,0,22,13
2020-08-05,US,Ohio,Erie,546,27,0,41.36796058,-82.62904521,39043.0,735.1951094713597,4.945054945054945,519,535,27,0,508,524,74615,11,0,0,11,11
2020-08-05,US,Ohio,Fairfield,1285,29,0,39.75107189,-82.63088163,39045.0,815.4898650792642,2.2568093385214008,1256,1264,27,0,1237,1254,155782,21,2,0,19,10
2020-08-05,US,Ohio,Fayette,104,0,0,39.56021306,-83.4562016,39047.0,364.592462751972,0.0,104,102,0,0,102,97,28666,2,0,0,2,5
2020-08-05,US,Ohio,Franklin,17619,517,0,39.96995815,-83.01115755,39049.0,1338.0611138282266,2.9343322549520403,17102,17404,515,0,16889,17254,1310300,215,2,0,213,150
2020-08-05,US,Ohio,Fulton,143,1,0,41.60213491,-84.12571393,39051.0,339.4578170251151,0.6993006993006993,142,141,1,0,140,140,42276,2,0,0,2,1
2020-08-05,US,Ohio,Gallia,62,1,0,38.82708533,-82.31647569,39053.0,207.37173055053847,1.6129032258064515,61,58,1,0,57,58,29979,4,0,0,4,0
2020-08-05,US,Ohio,Geauga,540,44,0,41.49952319,-81.17935342,39055.0,576.6212132537454,8.148148148148149,496,535,44,0,491,531,94031,5,0,0,5,4
2020-08-05,US,Ohio,Greene,644,11,0,39.69116283,-83.89032084,39057.0,381.2071955817849,1.708074534161491,633,635,11,0,624,626,167995,9,0,0,9,9
2020-08-05,US,Ohio,Guernsey,113,7,0,40.05026529,-81.49248905,39059.0,290.6752411575563,6.1946902654867255,106,112,7,0,105,111,39022,1,0,0,1,1
2020-08-05,US,Ohio,Hamilton,9297,249,0,39.19673558,-84.54502924,39061.0,1137.2852681372965,2.6782833171990963,9048,9248,248,0,9000,9160,816684,49,1,0,48,88
2020-08-05,US,Ohio,Hancock,344,3,0,41.00250487,-83.66838948,39063.0,453.9276618766742,0.8720930232558141,341,333,2,0,331,320,75930,11,1,0,10,13
2020-08-05,US,Ohio,Hardin,158,12,0,40.66015414,-83.65929931,39065.0,503.74621393272764,7.594936708860758,146,153,12,0,141,150,31480,5,0,0,5,3
2020-08-05,US,Ohio,Harrison,22,1,0,40.29380509,-81.09068544,39067.0,146.2765957446809,4.545454545454546,21,21,1,0,20,20,15174,1,0,0,1,1
2020-08-05,US,Ohio,Henry,110,2,0,41.3339642,-84.06830637,39069.0,407.316892542398,1.818181818181818,108,108,1,0,107,106,27086,2,1,0,1,2
2020-08-05,US,Ohio,Highland,141,1,0,39.1839264,-83.60331456,39071.0,326.6838117745187,0.7092198581560284,140,136,1,0,135,132,43058,5,0,0,5,4
2020-08-05,US,Ohio,Hocking,114,9,0,39.49537927,-82.47991446,39073.0,403.3399377299745,7.894736842105262,105,111,9,0,102,111,28385,3,0,0,3,0
2020-08-05,US,Ohio,Holmes,326,6,0,40.56163713,-81.92635677,39075.0,741.5832575068242,1.8404907975460123,320,322,6,0,316,322,43892,4,0,0,4,0
2020-08-05,US,Ohio,Huron,383,5,0,41.14651175,-82.59867951,39077.0,657.3301754024645,1.3054830287206267,378,378,4,0,374,376,58504,5,1,0,4,2
2020-08-05,US,Ohio,Jackson,70,0,0,39.01914254,-82.61818559999998,39079.0,215.96273100299263,0.0,70,68,0,0,68,67,32384,2,0,0,2,1
2020-08-05,US,Ohio,Jefferson,212,2,0,40.38614126,-80.76259514,39081.0,324.53119020283197,0.9433962264150944,210,210,3,0,207,206,65767,2,-1,0,3,4
2020-08-05,US,Ohio,Knox,189,7,0,40.39830217,-82.42027563,39083.0,303.26369500336966,3.703703703703704,182,185,7,0,178,169,61893,4,0,0,4,16
2020-08-05,US,Ohio,Lake,1064,37,0,41.69710807,-81.23676539,39085.0,462.3091996923732,3.4774436090225564,1027,1054,36,0,1018,1043,230514,10,1,0,9,11
2020-08-05,US,Ohio,Lawrence,234,0,0,38.59743452,-82.53466552,39087.0,393.5220220977751,0.0,234,225,0,0,225,220,59866,9,0,0,9,5
2020-08-05,US,Ohio,Licking,1179,47,0,40.09136236,-82.48185785,39089.0,666.6214336601419,3.9864291772688722,1132,1158,44,0,1114,1125,175769,21,3,0,18,33
2020-08-05,US,Ohio,Logan,136,2,0,40.38996525,-83.76784341,39091.0,297.77544228411284,1.4705882352941178,134,130,2,0,128,123,45358,6,0,0,6,7
2020-08-05,US,Ohio,Lorain,1665,77,0,41.29553751,-82.15083537,39093.0,537.3862693773742,4.624624624624625,1588,1650,77,0,1573,1634,309461,15,0,0,15,16
2020-08-05,US,Ohio,Lucas,5114,320,0,41.62101218,-83.65468618,39095.0,1193.8890808408114,6.257332811888933,4794,5035,319,0,4716,4944,429899,79,1,0,78,91
2020-08-05,US,Ohio,Madison,343,10,0,39.89381073,-83.40178317,39097.0,766.8060181976705,2.915451895043732,333,336,10,0,326,333,44413,7,0,0,7,3
2020-08-05,US,Ohio,Mahoning,2470,253,0,41.01631101,-80.77287029,39099.0,1080.0977772724686,10.242914979757083,2217,2437,253,0,2184,2411,229642,33,0,0,33,26
2020-08-05,US,Ohio,Marion,2901,45,0,40.58610662,-83.15736305,39101.0,4456.700413254882,1.5511892450879008,2856,2896,44,0,2852,2884,65256,5,1,0,4,12
2020-08-05,US,Ohio,Medina,869,35,0,41.11770589,-81.89986209999998,39103.0,483.4599935464489,4.027617951668584,834,848,33,0,815,835,179146,21,2,0,19,13
2020-08-05,US,Ohio,Meigs,29,0,0,39.09224872,-82.0305041,39105.0,126.59885624481599,0.0,29,26,0,0,26,25,23106,3,0,0,3,1
2020-08-05,US,Ohio,Mercer,561,13,0,40.54043046,-84.62912742,39107.0,1362.5765083066162,2.3172905525846703,548,535,13,0,522,535,40959,26,0,0,26,0
2020-08-05,US,Ohio,Miami,788,37,0,40.0543329,-84.22871271,39109.0,736.5380840662883,4.695431472081219,751,781,37,0,744,769,106222,7,0,0,7,12
2020-08-05,US,Ohio,Monroe,91,18,0,39.72984936,-81.08464734,39111.0,666.4713637029442,19.78021978021978,73,91,18,0,73,91,13790,0,0,0,0,0
2020-08-05,US,Ohio,Montgomery,4114,85,0,39.75394919,-84.29050975,39113.0,773.7635112387552,2.066115702479338,4029,4092,80,0,4012,4057,532331,22,5,0,17,35
2020-08-05,US,Ohio,Morgan,21,0,0,39.62081738,-81.85308173,39115.0,144.7477253928867,0.0,21,20,0,0,20,20,14604,1,0,0,1,0
2020-08-05,US,Ohio,Morrow,163,2,0,40.52363560000001,-82.7892599,39117.0,461.3903985507246,1.2269938650306749,161,160,2,0,158,158,35112,3,0,0,3,2
2020-08-05,US,Ohio,Muskingum,207,1,0,39.96575964,-81.94363275,39119.0,240.09743084150088,0.4830917874396135,206,199,1,0,198,181,86183,8,0,0,8,18
2020-08-05,US,Ohio,Noble,16,0,0,39.76818851,-81.45937183,39121.0,110.92623405435387,0.0,16,16,0,0,16,17,14354,0,0,0,0,-1
2020-08-05,US,Ohio,Ottawa,365,25,0,41.53781826,-83.0940185,39123.0,900.6785934608266,6.849315068493151,340,361,25,0,336,359,40769,4,0,0,4,2
2020-08-05,US,Ohio,Paulding,64,0,0,41.11676341,-84.5801017,39125.0,342.75921165381317,0.0,64,62,0,0,62,61,18760,2,0,0,2,1
2020-08-05,US,Ohio,Perry,113,3,0,39.73508655,-82.23804971,39127.0,312.7248574749543,2.6548672566371683,110,109,3,0,106,106,36033,4,0,0,4,3
2020-08-05,US,Ohio,Pickaway,2374,42,0,39.64170392,-83.0243386,39129.0,4061.1047436577305,1.7691659646166806,2332,2365,42,0,2323,2357,58086,9,0,0,9,8
2020-08-05,US,Ohio,Pike,73,0,0,39.07634001,-83.06769584,39131.0,262.85467377214457,0.0,73,70,0,0,70,66,28067,3,0,0,3,4
2020-08-05,US,Ohio,Portage,734,60,0,41.16793482,-81.19735782,39133.0,451.7868353994066,8.174386920980927,674,724,60,0,664,717,162927,10,0,0,10,7
2020-08-05,US,Ohio,Preble,175,2,0,39.7420247,-84.64787018,39135.0,428.06124944963545,1.1428571428571428,173,172,2,0,170,166,40997,3,0,0,3,6
2020-08-05,US,Ohio,Putnam,198,17,0,41.02094889,-84.1336111,39137.0,584.7435102330114,8.585858585858588,181,198,17,0,181,192,33780,0,0,0,0,6
2020-08-05,US,Ohio,Richland,559,11,0,40.77180308,-82.53799609999999,39139.0,461.3962394968389,1.9677996422182469,548,547,12,0,535,540,121099,12,-1,0,13,7
2020-08-05,US,Ohio,Ross,431,4,0,39.33705391,-83.06000914,39141.0,562.1788015547961,0.9280742459396752,427,419,4,0,415,401,76931,12,0,0,12,18
2020-08-05,US,Ohio,Sandusky,354,16,0,41.35624126,-83.137872,39143.0,604.9420691069414,4.519774011299434,338,343,17,0,326,332,58799,11,-1,0,12,11
2020-08-05,US,Ohio,Scioto,204,1,0,38.80270163,-82.98907345,39145.0,270.8659744536208,0.4901960784313725,203,199,1,0,198,188,75502,5,0,0,5,11
2020-08-05,US,Ohio,Seneca,177,3,0,41.12351311,-83.12783209,39147.0,320.78002102287144,1.6949152542372878,174,167,3,0,164,161,55207,10,0,0,10,6
2020-08-05,US,Ohio,Shelby,168,4,0,40.33163494,-84.20258189,39149.0,345.7501543527475,2.380952380952381,164,164,4,0,160,160,48627,4,0,0,4,4
2020-08-05,US,Ohio,Stark,1756,137,0,40.81482476,-81.36437305,39151.0,473.81855663426927,7.801822323462415,1619,1713,137,0,1576,1690,371574,43,0,0,43,23
2020-08-05,US,Ohio,Summit,3399,218,0,41.12464734,-81.53123079,39153.0,628.2658642213772,6.41365107384525,3181,3338,217,0,3121,3294,541918,61,1,0,60,44
2020-08-05,US,Ohio,Trumbull,1465,105,0,41.31735028,-80.76109643,39155.0,739.9961611120652,7.167235494880546,1360,1451,105,0,1346,1433,198627,14,0,0,14,18
2020-08-05,US,Ohio,Tuscarawas,759,14,0,40.44214695,-81.47226262,39157.0,825.1165925619922,1.8445322793148882,745,756,14,0,742,747,92176,3,0,0,3,9
2020-08-05,US,Ohio,Union,228,1,0,40.30016061,-83.37239023,39159.0,386.5192920594018,0.43859649122807015,227,222,1,0,221,216,57835,6,0,0,6,6
2020-08-05,US,Ohio,Van Wert,70,1,0,40.8554138,-84.59111700000003,39161.0,247.56852343059242,1.4285714285714286,69,70,1,0,69,69,28281,0,0,0,0,1
2020-08-05,US,Ohio,Vinton,30,2,0,39.25208988,-82.4831444,39163.0,229.2701566679404,6.666666666666668,28,30,2,0,28,30,13139,0,0,0,0,0
2020-08-05,US,Ohio,Warren,1689,35,0,39.42581994,-84.16557457,39165.0,719.9427114858356,2.07223208999408,1654,1669,35,0,1634,1634,232173,20,0,0,20,35
2020-08-05,US,Ohio,Washington,198,22,0,39.45690571,-81.49121382,39167.0,330.4902271703026,11.111111111111109,176,198,22,0,176,197,60155,0,0,0,0,1
2020-08-05,US,Ohio,Wayne,517,58,0,40.82925852,-81.88844833,39169.0,446.80667185204385,11.218568665377175,459,508,58,0,450,499,115967,9,0,0,9,9
2020-08-05,US,Ohio,Williams,129,3,0,41.56052014,-84.58429552,39171.0,351.5752752643628,2.3255813953488373,126,124,3,0,121,124,36804,5,0,0,5,0
2020-08-05,US,Ohio,Wood,973,58,0,41.36224827,-83.62285108,39173.0,743.7871224687923,5.960945529290853,915,954,58,0,896,924,130696,19,0,0,19,30
2020-08-05,US,Ohio,Wyandot,128,7,0,40.84339621,-83.30734173,39175.0,587.9110784493845,5.46875,121,125,7,0,118,120,21935,3,0,0,3,5
2020-08-05,US,Oklahoma,Adair,314,6,0,35.88494195,-94.65859267,40001.0,1414.7967919257458,1.9108280254777068,308,311,6,0,305,305,22082,3,0,0,3,6
2020-08-05,US,Oklahoma,Alfalfa,3,0,0,36.73090616,-98.32408495,40003.0,52.6131182041389,0.0,3,3,0,0,3,3,5754,0,0,0,0,0
2020-08-05,US,Oklahoma,Atoka,67,0,0,34.37366573,-96.03802487,40005.0,486.9893879924408,0.0,67,65,0,0,65,64,13838,2,0,0,2,1
2020-08-05,US,Oklahoma,Beaver,36,0,0,36.7496847,-100.4758872,40007.0,677.8384485031067,0.0,36,36,0,0,36,36,5319,0,0,0,0,0
2020-08-05,US,Oklahoma,Beckham,45,1,0,35.26862449,-99.68128023,40009.0,205.8648611555881,2.2222222222222223,44,45,1,0,44,45,21709,0,0,0,0,0
2020-08-05,US,Oklahoma,Blaine,39,0,0,35.87518314,-98.43307003,40011.0,413.61756283805283,0.0,39,38,0,0,38,38,9485,1,0,0,1,0
2020-08-05,US,Oklahoma,Bryan,402,1,0,33.96472458,-96.25903472,40013.0,837.5872486717368,0.24875621890547264,401,398,1,0,397,385,47192,4,0,0,4,13
2020-08-05,US,Oklahoma,Caddo,384,16,0,35.17364557,-98.37534464,40015.0,1335.0949169042487,4.166666666666667,368,383,14,0,369,373,28977,1,2,0,-1,10
2020-08-05,US,Oklahoma,Canadian,1128,6,0,35.5426055,-97.98465569,40017.0,760.5895917899478,0.5319148936170213,1122,1106,6,0,1100,1089,144447,22,0,0,22,17
2020-08-05,US,Oklahoma,Carter,315,4,0,34.25103751,-97.28552485,40019.0,654.7359231776518,1.2698412698412698,311,312,4,0,308,308,48177,3,0,0,3,4
2020-08-05,US,Oklahoma,Cherokee,385,2,0,35.90692775,-94.99980896,40021.0,791.2530571140843,0.5194805194805194,383,360,2,0,358,351,48675,25,0,0,25,9
2020-08-05,US,Oklahoma,Choctaw,171,1,0,34.02807439,-95.54771129,40023.0,1165.485278080698,0.5847953216374269,170,171,1,0,170,166,14668,0,0,0,0,5
2020-08-05,US,Oklahoma,Cimarron,1,0,0,36.74817177,-102.5173885,40025.0,46.79457182966776,0.0,1,1,0,0,1,1,2153,0,0,0,0,0
2020-08-05,US,Oklahoma,Cleveland,2871,54,0,35.20413532,-97.32519562,40027.0,1010.8656615518953,1.8808777429467085,2817,2780,52,0,2728,2725,281669,91,2,0,89,55
2020-08-05,US,Oklahoma,Coal,31,0,0,34.58840127,-96.29798747,40029.0,564.1492265696088,0.0,31,31,0,0,31,27,5520,0,0,0,0,4
2020-08-05,US,Oklahoma,Comanche,792,10,0,34.65973764,-98.47195055,40031.0,655.9060530521992,1.2626262626262623,782,785,10,0,775,778,120422,7,0,0,7,7
2020-08-05,US,Oklahoma,Cotton,19,2,0,34.28845626,-98.37053567,40033.0,335.3335686551359,10.526315789473683,17,18,2,0,16,17,5776,1,0,0,1,1
2020-08-05,US,Oklahoma,Craig,77,0,0,36.76268118,-95.20916602,40035.0,544.4774430773582,0.0,77,77,0,0,77,77,14306,0,0,0,0,0
2020-08-05,US,Oklahoma,Creek,536,13,0,35.90230551,-96.37086028,40037.0,749.4197589552865,2.4253731343283578,523,510,13,0,497,500,71604,26,0,0,26,10
2020-08-05,US,Oklahoma,Custer,193,0,0,35.63853802,-99.00170785,40039.0,665.4484018894598,0.0,193,194,0,0,194,192,29036,-1,0,0,-1,2
2020-08-05,US,Oklahoma,Delaware,405,19,0,36.40823634,-94.80325046,40041.0,941.6633727824408,4.691358024691358,386,404,19,0,385,403,42733,1,0,0,1,1
2020-08-05,US,Oklahoma,Dewey,8,0,0,35.98772922,-99.00730714,40043.0,163.5657329789409,0.0,8,8,0,0,8,8,4894,0,0,0,0,0
2020-08-05,US,Oklahoma,Ellis,3,0,0,36.218019399999996,-99.75324573,40045.0,77.74034724021767,0.0,3,3,0,0,3,3,3952,0,0,0,0,0
2020-08-05,US,Oklahoma,Garfield,389,4,0,36.3791334,-97.78265517,40047.0,637.1200209643606,1.0282776349614395,385,382,4,0,378,372,60913,7,0,0,7,10
2020-08-05,US,Oklahoma,Garvin,215,4,0,34.70418038,-97.30811132,40049.0,775.8651798924617,1.8604651162790695,211,218,4,0,214,208,27811,-3,0,0,-3,10
2020-08-05,US,Oklahoma,Grady,421,7,0,35.0167709,-97.88339847,40051.0,754.0208475122687,1.66270783847981,414,417,6,0,411,412,55551,4,1,0,3,5
2020-08-05,US,Oklahoma,Grant,12,0,0,36.796296999999996,-97.78638765,40053.0,276.944380336949,0.0,12,12,0,0,12,12,4326,0,0,0,0,0
2020-08-05,US,Oklahoma,Greer,81,8,0,34.93535801,-99.56056120000001,40055.0,1418.0672268907565,9.876543209876543,73,81,8,0,73,81,5821,0,0,0,0,0
2020-08-05,US,Oklahoma,Harmon,27,0,0,34.7440135,-99.84741652,40057.0,1017.7157934413872,0.0,27,25,0,0,25,25,2664,2,0,0,2,0
2020-08-05,US,Oklahoma,Harper,9,0,0,36.78836519,-99.6679804,40059.0,244.0347071583514,0.0,9,9,0,0,9,9,3797,0,0,0,0,0
2020-08-05,US,Oklahoma,Haskell,48,0,0,35.22257600000001,-95.11513306,40061.0,380.1377999524829,0.0,48,47,0,0,47,43,12668,1,0,0,1,4
2020-08-05,US,Oklahoma,Hughes,118,1,0,35.04912569,-96.24921145,40063.0,888.6211311092703,0.8474576271186439,117,115,1,0,114,111,13335,3,0,0,3,4
2020-08-05,US,Oklahoma,Jackson,497,5,0,34.58781741,-99.41138784,40065.0,2026.0905014268246,1.0060362173038229,492,489,5,0,484,486,24949,8,0,0,8,3
2020-08-05,US,Oklahoma,Jefferson,32,0,0,34.11130184,-97.83182974,40067.0,533.1556147950682,0.0,32,32,0,0,32,31,6123,0,0,0,0,1
2020-08-05,US,Oklahoma,Johnston,45,0,0,34.31440473,-96.66011537,40069.0,405.95399188092017,0.0,45,42,0,0,42,40,10949,3,0,0,3,2
2020-08-05,US,Oklahoma,Kay,231,11,0,36.81799745,-97.14421435,40071.0,530.5709954522487,4.761904761904762,220,223,10,0,213,217,44161,8,1,0,7,6
2020-08-05,US,Oklahoma,Kingfisher,114,0,0,35.94530008,-97.94193268,40073.0,723.1208372978116,0.0,114,113,0,0,113,111,15816,1,0,0,1,2
2020-08-05,US,Oklahoma,Kiowa,27,1,0,34.91671958,-98.97720696,40075.0,310.05971520440966,3.703703703703704,26,27,1,0,26,27,8729,0,0,0,0,0
2020-08-05,US,Oklahoma,Latimer,77,1,0,34.87844729,-95.25215049,40077.0,764.4197359277276,1.2987012987012987,76,77,1,0,76,71,10231,0,0,0,0,6
2020-08-05,US,Oklahoma,Le Flore,277,1,0,34.89851864,-94.70392124,40079.0,555.6335626742623,0.36101083032490977,276,261,1,0,260,249,49980,16,0,0,16,12
2020-08-05,US,Oklahoma,Lincoln,147,2,0,35.70270942,-96.8812462,40081.0,421.481205378903,1.3605442176870748,145,142,2,0,140,132,34920,5,0,0,5,10
2020-08-05,US,Oklahoma,Logan,196,2,0,35.91899576,-97.44352845,40083.0,408.2397783841203,1.020408163265306,194,188,1,0,187,189,47291,8,1,0,7,-1
2020-08-05,US,Oklahoma,Love,65,0,0,33.95273467,-97.23906784,40085.0,633.9607919633277,0.0,65,65,0,0,65,65,10134,0,0,0,0,0
2020-08-05,US,Oklahoma,Major,26,1,0,36.31149996,-98.53467076,40093.0,340.8048236990432,3.8461538461538463,25,26,1,0,25,25,7644,0,0,0,0,1
2020-08-05,US,Oklahoma,Marshall,99,0,0,34.02311222,-96.76855464,40095.0,584.7262418049731,0.0,99,100,0,0,100,97,16806,-1,0,0,-1,3
2020-08-05,US,Oklahoma,Mayes,294,6,0,36.30179091,-95.23175116,40097.0,715.3284671532848,2.0408163265306123,288,290,6,0,284,285,41107,4,0,0,4,5
2020-08-05,US,Oklahoma,McClain,420,4,0,35.01123903,-97.44572302,40087.0,1037.7032168799724,0.9523809523809524,416,402,4,0,398,397,39985,18,0,0,18,5
2020-08-05,US,Oklahoma,McCurtain,838,28,0,34.11664328,-94.77222373,40089.0,2552.3879142300193,3.3412887828162283,810,835,26,0,809,829,32703,3,2,0,1,6
2020-08-05,US,Oklahoma,McIntosh,160,1,0,35.37235506,-95.66599306,40091.0,816.4931618697693,0.625,159,157,1,0,156,151,19815,3,0,0,3,6
2020-08-05,US,Oklahoma,Murray,68,0,0,34.48116015,-97.06826283,40099.0,483.1947701271939,0.0,68,63,0,0,63,60,13953,5,0,0,5,3
2020-08-05,US,Oklahoma,Muskogee,480,16,0,35.61318461,-95.37802952,40101.0,705.9134961836553,3.333333333333333,464,463,16,0,447,448,68362,17,0,0,17,15
2020-08-05,US,Oklahoma,Noble,83,2,0,36.38953329,-97.22928674,40103.0,745.6652591860568,2.409638554216868,81,81,2,0,79,77,11289,2,0,0,2,4
2020-08-05,US,Oklahoma,Nowata,56,1,0,36.79843529,-95.61902331,40105.0,555.77610162763,1.7857142857142858,55,56,1,0,55,56,10218,0,0,0,0,0
2020-08-05,US,Oklahoma,Okfuskee,58,0,0,35.46485198,-96.32639984,40107.0,483.6154423413658,0.0,58,57,0,0,57,57,12098,1,0,0,1,0
2020-08-05,US,Oklahoma,Oklahoma,9950,107,0,35.55140095,-97.40716948,40109.0,1247.7521650694605,1.0753768844221103,9843,9593,102,0,9491,9439,792582,357,5,0,352,154
2020-08-05,US,Oklahoma,Okmulgee,411,3,0,35.64661916,-95.96432828,40111.0,1068.503834654881,0.7299270072992701,408,405,3,0,402,396,38335,6,0,0,6,9
2020-08-05,US,Oklahoma,Osage,385,11,0,36.62888819,-96.39635704,40113.0,819.79430615591,2.8571428571428568,374,376,11,0,365,367,47014,9,0,0,9,9
2020-08-05,US,Oklahoma,Ottawa,352,2,0,36.83532655,-94.81011909,40115.0,1130.8510296527136,0.5681818181818182,350,348,2,0,346,347,31175,4,0,0,4,1
2020-08-05,US,Oklahoma,Pawnee,127,3,0,36.31743373,-96.70331759999999,40117.0,775.5251587689302,2.3622047244094486,124,126,3,0,123,122,16390,1,0,0,1,4
2020-08-05,US,Oklahoma,Payne,687,4,0,36.07695283,-96.97584944,40119.0,840.017607355962,0.5822416302765647,683,678,3,0,675,672,82040,9,1,0,8,6
2020-08-05,US,Oklahoma,Pittsburg,227,3,0,34.92065823,-95.75134320000001,40121.0,519.9981674073397,1.3215859030837005,224,214,3,0,211,201,43877,13,0,0,13,13
2020-08-05,US,Oklahoma,Pontotoc,186,2,0,34.72959848,-96.68337199,40123.0,485.8426496708808,1.075268817204301,184,185,2,0,183,177,38247,1,0,0,1,8
2020-08-05,US,Oklahoma,Pottawatomie,416,8,0,35.20614018,-96.94923008,40125.0,573.0659025787966,1.9230769230769231,408,414,8,0,406,400,72679,2,0,0,2,14
2020-08-05,US,Oklahoma,Pushmataha,101,0,0,34.41635232,-95.37603505,40127.0,910.2379235760634,0.0,101,103,0,0,103,100,11179,-2,0,0,-2,3
2020-08-05,US,Oklahoma,Roger Mills,8,0,0,35.68711719,-99.69666167,40129.0,223.27658386826684,0.0,8,8,0,0,8,8,3656,0,0,0,0,0
2020-08-05,US,Oklahoma,Rogers,874,16,0,36.37004357,-95.60406759,40131.0,945.2838555467827,1.8306636155606408,858,855,16,0,839,823,91984,19,0,0,19,32
2020-08-05,US,Oklahoma,Seminole,214,5,0,35.16478725,-96.61686741,40133.0,882.1831972957375,2.336448598130841,209,209,5,0,204,193,24578,5,0,0,5,16
2020-08-05,US,Oklahoma,Sequoyah,290,4,0,35.49447108,-94.75463785,40135.0,697.6352570425076,1.3793103448275863,286,279,4,0,275,264,41179,11,0,0,11,15
2020-08-05,US,Oklahoma,Stephens,190,2,0,34.48556989,-97.85141892,40137.0,440.395892728832,1.0526315789473684,188,182,2,0,180,175,43265,8,0,0,8,7
2020-08-05,US,Oklahoma,Texas,1044,7,0,36.74777635,-101.4889765,40139.0,5224.440774658459,0.6704980842911877,1037,1037,7,0,1030,1036,20455,7,0,0,7,1
2020-08-05,US,Oklahoma,Tillman,57,1,0,34.37288446,-98.92426619,40141.0,786.2068965517243,1.7543859649122806,56,57,1,0,56,56,7348,0,0,0,0,1
2020-08-05,US,Oklahoma,Tulsa,9742,103,0,36.11939621,-95.94013939,40143.0,1495.199155247777,1.0572777663724082,9639,9418,101,0,9317,9159,648360,324,2,0,322,259
2020-08-05,US,Oklahoma,Unassigned,9,0,0,0.0,0.0,90040.0,0.0,0.0,9,11,0,0,11,16,,-2,0,0,-2,-5
2020-08-05,US,Oklahoma,Wagoner,787,22,0,35.96024096,-95.51911308,40145.0,968.150672292684,2.795425667090216,765,762,22,0,740,738,80110,25,0,0,25,24
2020-08-05,US,Oklahoma,Washington,593,39,0,36.71380786,-95.90514104,40147.0,1150.8529508801214,6.576728499156831,554,589,39,0,550,575,51843,4,0,0,4,14
2020-08-05,US,Oklahoma,Washita,25,0,0,35.29071824,-98.99180434,40149.0,229.0216196408941,0.0,25,26,0,0,26,24,11127,-1,0,0,-1,2
2020-08-05,US,Oklahoma,Woods,19,0,0,36.76705782,-98.86573064,40151.0,216.08097350164903,0.0,19,19,0,0,19,15,8897,0,0,0,0,4
2020-08-05,US,Oklahoma,Woodward,35,0,0,36.42316318,-99.26283045,40153.0,173.1730245905695,0.0,35,35,0,0,35,32,20222,0,0,0,0,3
2020-08-05,US,Oregon,Baker,36,0,0,44.70915557,-117.6749883,41001.0,223.26966013396182,0.0,36,35,0,0,35,33,16006,1,0,0,1,2
2020-08-05,US,Oregon,Benton,162,6,0,44.49167306,-123.4316987,41003.0,174.09433333691555,3.703703703703704,156,160,6,0,154,157,92101,2,0,0,2,3
2020-08-05,US,Oregon,Clackamas,1464,38,0,45.18787398,-122.2179634,41005.0,350.08261854146593,2.5956284153005464,1426,1443,37,0,1406,1421,416075,21,1,0,20,22
2020-08-05,US,Oregon,Clatsop,83,0,0,45.99712889,-123.660711,41007.0,206.3444709626094,0.0,83,82,0,0,82,82,39764,1,0,0,1,0
2020-08-05,US,Oregon,Columbia,86,0,0,45.94464254,-123.08908980000001,41009.0,164.26634068075032,0.0,86,84,0,0,84,79,52377,2,0,0,2,5
2020-08-05,US,Oregon,Coos,89,0,0,43.17406868,-124.0594514,41011.0,138.01231255912043,0.0,89,88,0,0,88,85,64389,1,0,0,1,3
2020-08-05,US,Oregon,Crook,42,1,0,44.14230227,-120.356297,41013.0,172.10293394525485,2.380952380952381,41,43,1,0,42,43,23867,-1,0,0,-1,0
2020-08-05,US,Oregon,Curry,14,0,0,42.45911325,-124.15728200000001,41015.0,61.06870229007634,0.0,14,14,0,0,14,14,22813,0,0,0,0,0
2020-08-05,US,Oregon,Deschutes,555,8,0,43.91570171,-121.2289121,41017.0,280.73973655990125,1.4414414414414414,547,548,8,0,540,540,191996,7,0,0,7,8
2020-08-05,US,Oregon,Douglas,140,1,0,43.27941273,-123.16729099999999,41019.0,126.1488556496666,0.7142857142857143,139,139,1,0,138,134,110283,1,0,0,1,5
2020-08-05,US,Oregon,Gilliam,4,0,0,45.37160076,-120.20488689999999,41021.0,209.20502092050208,0.0,4,4,0,0,4,4,1894,0,0,0,0,0
2020-08-05,US,Oregon,Grant,2,0,0,44.49024544,-119.0068631,41023.0,27.781636338380327,0.0,2,2,0,0,2,2,7176,0,0,0,0,0
2020-08-05,US,Oregon,Harney,10,0,0,43.06422669,-118.96663059999999,41025.0,135.26308670363858,0.0,10,10,0,0,10,8,7329,0,0,0,0,2
2020-08-05,US,Oregon,Hood River,178,0,0,45.51872811,-121.65520359999998,41027.0,761.269352493371,0.0,178,174,0,0,174,169,23428,4,0,0,4,5
2020-08-05,US,Oregon,Jackson,421,1,0,42.43201126,-122.72893090000001,41029.0,190.5460207111304,0.2375296912114014,420,411,1,0,410,394,219564,10,0,0,10,17
2020-08-05,US,Oregon,Jefferson,332,3,0,44.62806839,-121.17832,41031.0,1346.4190120853273,0.9036144578313252,329,324,3,0,321,311,24192,8,0,0,8,13
2020-08-05,US,Oregon,Josephine,108,2,0,42.3665549,-123.5561938,41033.0,123.44691211265673,1.851851851851852,106,107,1,0,106,107,87393,1,1,0,0,0
2020-08-05,US,Oregon,Klamath,200,1,0,42.68762984,-121.64964609999998,41035.0,293.0918256689821,0.5,199,198,1,0,197,196,67653,2,0,0,2,2
2020-08-05,US,Oregon,Lake,32,0,0,42.79246693,-120.38501629999999,41037.0,406.6590418096328,0.0,32,32,0,0,32,32,7879,0,0,0,0,0
2020-08-05,US,Oregon,Lane,540,3,0,43.93727035,-122.847753,41039.0,141.33646716413608,0.5555555555555556,537,535,3,0,532,523,379611,5,0,0,5,12
2020-08-05,US,Oregon,Lincoln,414,9,0,44.64252874,-123.86991200000001,41041.0,828.6297586165483,2.1739130434782608,405,395,9,0,386,395,49388,19,0,0,19,0
2020-08-05,US,Oregon,Linn,263,10,0,44.48899494,-122.53731540000001,41043.0,202.6990574108471,3.8022813688212933,253,255,10,0,245,254,127335,8,0,0,8,1
2020-08-05,US,Oregon,Malheur,715,12,0,43.1937027,-117.62273950000001,41045.0,2338.817833894868,1.6783216783216783,703,708,12,0,696,676,30725,7,0,0,7,32
2020-08-05,US,Oregon,Marion,2755,68,0,44.90287942,-122.58151170000001,41047.0,792.0809158812942,2.4682395644283117,2687,2713,68,0,2645,2692,346868,42,0,0,42,21
2020-08-05,US,Oregon,Morrow,327,2,0,45.41846568,-119.584546,41049.0,2818.236662932001,0.6116207951070336,325,316,2,0,314,305,11372,11,0,0,11,11
2020-08-05,US,Oregon,Multnomah,4608,93,0,45.54747959,-122.4169351,41051.0,566.8907738772598,2.0182291666666665,4515,4553,93,0,4460,4497,811880,55,0,0,55,56
2020-08-05,US,Oregon,Polk,301,12,0,44.90322804,-123.4128888,41053.0,349.65441133763136,3.986710963455149,289,300,12,0,288,296,85234,1,0,0,1,4
2020-08-05,US,Oregon,Sherman,14,0,0,45.41501554,-120.6827834,41055.0,786.5168539325842,0.0,14,14,0,0,14,15,1708,0,0,0,0,-1
2020-08-05,US,Oregon,Tillamook,34,0,0,45.46248721,-123.712066,41057.0,125.75824826157715,0.0,34,32,0,0,32,30,26787,2,0,0,2,2
2020-08-05,US,Oregon,Umatilla,2141,26,0,45.59073056,-118.7353826,41059.0,2746.632456703015,1.2143858010275572,2115,2122,24,0,2098,2060,77516,19,2,0,17,62
2020-08-05,US,Oregon,Union,392,2,0,45.30915495,-118.0068979,41061.0,1460.778833612819,0.5102040816326531,390,392,2,0,390,388,26461,0,0,0,0,4
2020-08-05,US,Oregon,Wallowa,19,1,0,45.57894064,-117.18353799999998,41063.0,263.59600443951166,5.2631578947368425,18,19,1,0,18,19,7081,0,0,0,0,0
2020-08-05,US,Oregon,Wasco,172,3,0,45.16292781,-121.16709540000001,41065.0,644.6293381305749,1.7441860465116281,169,171,3,0,168,170,26505,1,0,0,1,1
2020-08-05,US,Oregon,Washington,2921,24,0,45.55972701,-123.0955257,41067.0,485.545020545486,0.8216364258815474,2897,2877,23,0,2854,2849,597695,44,1,0,43,28
2020-08-05,US,Oregon,Yamhill,404,12,0,45.23330449,-123.3086963,41071.0,377.217553688142,2.9702970297029703,392,399,12,0,387,386,107002,5,0,0,5,13
2020-08-05,US,Pennsylvania,Adams,483,20,0,39.87140411,-77.21610347,42001.0,468.8910677707773,4.140786749482402,463,481,20,0,461,480,102811,2,0,0,2,1
2020-08-05,US,Pennsylvania,Allegheny,8512,239,0,40.46809875,-79.98167747,42003.0,699.9740963533421,2.8078007518796992,8273,8442,237,0,8205,8310,1218452,70,2,0,68,132
2020-08-05,US,Pennsylvania,Armstrong,196,6,0,40.81665618,-79.46290811,42005.0,302.7728431296825,3.0612244897959178,190,192,6,0,186,188,65263,4,0,0,4,4
2020-08-05,US,Pennsylvania,Beaver,1269,89,0,40.6825484,-80.34921611,42007.0,774.1156232271287,7.013396375098503,1180,1261,89,0,1172,1237,164742,8,0,0,8,24
2020-08-05,US,Pennsylvania,Bedford,134,4,0,40.00522157,-78.48998442,42009.0,279.819579017708,2.985074626865672,130,133,4,0,129,130,48176,1,0,0,1,3
2020-08-05,US,Pennsylvania,Berks,5267,367,0,40.41570541,-75.92457766,42011.0,1250.5817211347596,6.967913423201063,4900,5248,367,0,4881,5218,420152,19,0,0,19,30
2020-08-05,US,Pennsylvania,Blair,241,3,0,40.47961444,-78.34917412,42013.0,197.8182534536112,1.2448132780082988,238,238,3,0,235,233,122492,3,0,0,3,5
2020-08-05,US,Pennsylvania,Bradford,85,3,0,41.78869215,-76.51570822,42015.0,140.90811133398537,3.5294117647058822,82,84,3,0,81,82,60833,1,0,0,1,2
2020-08-05,US,Pennsylvania,Bucks,7085,580,0,40.33682119,-75.10836643,42017.0,1127.6998742578826,8.186309103740296,6505,7056,580,0,6476,7020,628195,29,0,0,29,36
2020-08-05,US,Pennsylvania,Butler,624,15,0,40.91152759,-79.91351055,42019.0,332.1746259042975,2.4038461538461537,609,615,15,0,600,605,187888,9,0,0,9,10
2020-08-05,US,Pennsylvania,Cambria,312,3,0,40.49527404,-78.71377428,42021.0,239.64606120191718,0.9615384615384616,309,282,3,0,279,274,131730,30,0,0,30,8
2020-08-05,US,Pennsylvania,Cameron,6,0,0,41.43625568,-78.20376845,42023.0,134.922419608725,0.0,6,6,0,0,6,6,4492,0,0,0,0,0
2020-08-05,US,Pennsylvania,Carbon,364,28,0,40.91545395,-75.7068525,42025.0,567.137203577327,7.6923076923076925,336,364,28,0,336,360,64227,0,0,0,0,4
2020-08-05,US,Pennsylvania,Centre,361,10,0,40.92058903,-77.82200624,42027.0,222.3111740616436,2.770083102493075,351,359,10,0,349,358,162805,2,0,0,2,1
2020-08-05,US,Pennsylvania,Chester,5040,349,0,39.97291773,-75.74768357,42029.0,960.0201147071652,6.924603174603175,4691,5014,348,0,4666,4965,522046,26,1,0,25,49
2020-08-05,US,Pennsylvania,Clarion,77,2,0,41.19265812,-79.42413524,42031.0,200.3225974296269,2.5974025974025974,75,77,2,0,75,76,38779,0,0,0,0,1
2020-08-05,US,Pennsylvania,Clearfield,144,0,0,41.00110782,-78.47592663,42033.0,181.69200681345023,0.0,144,142,0,0,142,141,79388,2,0,0,2,1
2020-08-05,US,Pennsylvania,Clinton,118,5,0,41.23255967,-77.63785995,42035.0,305.4462621660798,4.2372881355932215,113,115,5,0,110,115,38684,3,0,0,3,0
2020-08-05,US,Pennsylvania,Columbia,468,35,0,41.04821986,-76.40565017,42037.0,720.3989902099623,7.478632478632479,433,464,35,0,429,462,65456,4,0,0,4,2
2020-08-05,US,Pennsylvania,Crawford,136,1,0,41.68447709,-80.10760592,42039.0,160.70141440877242,0.7352941176470589,135,133,1,0,132,132,85063,3,0,0,3,1
2020-08-05,US,Pennsylvania,Cumberland,1259,70,0,40.1625372,-77.26130755,42041.0,496.9017642183368,5.559968228752979,1189,1239,70,0,1169,1230,251423,20,0,0,20,9
2020-08-05,US,Pennsylvania,Dauphin,2723,156,0,40.41377078,-76.77993242,42043.0,978.4440475891037,5.728975394785165,2567,2702,156,0,2546,2682,277097,21,0,0,21,20
2020-08-05,US,Pennsylvania,Delaware,9032,693,0,39.91680171,-75.40243663,42045.0,1593.6564287062836,7.672719220549157,8339,8956,693,0,8263,8859,564751,76,0,0,76,97
2020-08-05,US,Pennsylvania,Elk,46,2,0,41.42822061,-78.64524744,42047.0,153.7947174857907,4.3478260869565215,44,46,2,0,44,45,30169,0,0,0,0,1
2020-08-05,US,Pennsylvania,Erie,1037,17,0,41.99253829,-80.03301954,42049.0,384.46138331949226,1.639344262295082,1020,1025,17,0,1008,983,272061,12,0,0,12,42
2020-08-05,US,Pennsylvania,Fayette,431,4,0,39.92041012,-79.64291195,42051.0,333.4003743985643,0.9280742459396752,427,423,4,0,419,414,130441,8,0,0,8,9
2020-08-05,US,Pennsylvania,Forest,9,0,0,41.51095103,-79.23229292,42053.0,124.1893197185042,0.0,9,9,0,0,9,9,7279,0,0,0,0,0
2020-08-05,US,Pennsylvania,Franklin,1305,46,0,39.92956518,-77.72157791,42055.0,841.7888496842488,3.524904214559387,1259,1294,46,0,1248,1284,154835,11,0,0,11,10
2020-08-05,US,Pennsylvania,Fulton,25,2,0,39.92913544,-78.11163677,42057.0,172.0578114246387,8.0,23,25,2,0,23,24,14523,0,0,0,0,1
2020-08-05,US,Pennsylvania,Greene,110,1,0,39.85746531,-80.22357106,42059.0,303.59064940799817,0.9090909090909092,109,110,1,0,109,109,36506,0,0,0,0,1
2020-08-05,US,Pennsylvania,Huntingdon,295,4,0,40.42162652,-77.97673273,42061.0,653.464469253943,1.3559322033898304,291,290,4,0,286,290,45168,5,0,0,5,0
2020-08-05,US,Pennsylvania,Indiana,283,6,0,40.65241041,-79.08963285,42063.0,336.6122298478703,2.120141342756184,277,279,6,0,273,275,84501,4,0,0,4,4
2020-08-05,US,Pennsylvania,Jefferson,61,1,0,41.12913106,-78.9986361,42065.0,140.4720782959125,1.639344262295082,60,60,1,0,59,58,43641,1,0,0,1,2
2020-08-05,US,Pennsylvania,Juniata,128,6,0,40.53358749,-77.39975129999998,42067.0,516.9002140289949,4.6875,122,128,6,0,122,127,24704,0,0,0,0,1
2020-08-05,US,Pennsylvania,Lackawanna,1912,212,0,41.43564672,-75.60379201,42069.0,911.8917939277163,11.087866108786613,1700,1903,212,0,1691,1901,210793,9,0,0,9,2
2020-08-05,US,Pennsylvania,Lancaster,5725,408,0,40.03904563,-76.24770128,42071.0,1049.0650951763162,7.126637554585153,5317,5705,408,0,5297,5682,543557,20,0,0,20,23
2020-08-05,US,Pennsylvania,Lawrence,359,12,0,40.99206278,-80.33393706,42073.0,419.824118252409,3.3426183844011144,347,353,12,0,341,349,86184,6,0,0,6,4
2020-08-05,US,Pennsylvania,Lebanon,1584,54,0,40.36680311,-76.45651841,42075.0,1117.1214375885975,3.4090909090909087,1530,1581,54,0,1527,1577,141314,3,0,0,3,4
2020-08-05,US,Pennsylvania,Lehigh,4887,335,0,40.6154815,-75.59435245,42077.0,1323.2498822153266,6.854921219562104,4552,4871,335,0,4536,4853,368100,16,0,0,16,18
2020-08-05,US,Pennsylvania,Luzerne,3377,183,0,41.17823008,-75.98447579,42079.0,1063.9001691780845,5.41901095647024,3194,3352,183,0,3169,3338,317646,25,0,0,25,14
2020-08-05,US,Pennsylvania,Lycoming,351,20,0,41.34310539,-77.06629984,42081.0,309.7997334486624,5.698005698005698,331,342,20,0,322,339,113664,9,0,0,9,3
2020-08-05,US,Pennsylvania,McKean,33,1,0,41.80938602,-78.56478358,42083.0,81.23076923076924,3.0303030303030303,32,33,1,0,32,33,40968,0,0,0,0,0
2020-08-05,US,Pennsylvania,Mercer,376,9,0,41.30248872,-80.25816981,42085.0,343.6174879368328,2.3936170212765955,367,364,9,0,355,356,110683,12,0,0,12,8
2020-08-05,US,Pennsylvania,Mifflin,113,1,0,40.61116939,-77.61070738,42087.0,244.91742164809918,0.8849557522123894,112,111,1,0,110,109,46222,2,0,0,2,2
2020-08-05,US,Pennsylvania,Monroe,1611,124,0,41.05934058,-75.34031025,42089.0,946.138802262276,7.697082557417753,1487,1608,124,0,1484,1598,169507,3,0,0,3,10
2020-08-05,US,Pennsylvania,Montgomery,9952,853,0,40.21053671,-75.36652296,42091.0,1197.7157711679292,8.571141479099678,9099,9908,851,0,9057,9870,828604,44,2,0,42,38
2020-08-05,US,Pennsylvania,Montour,97,3,0,41.03023987,-76.66345939,42093.0,532.0899616017554,3.0927835051546397,94,94,3,0,91,93,18240,3,0,0,3,1
2020-08-05,US,Pennsylvania,Northampton,3891,291,0,40.75182733,-75.30471829,42095.0,1274.546735018098,7.478797224363919,3600,3878,290,0,3588,3863,304807,13,1,0,12,15
2020-08-05,US,Pennsylvania,Northumberland,421,11,0,40.84785433,-76.70798222,42097.0,463.43691863985117,2.6128266033254155,410,416,11,0,405,407,91083,5,0,0,5,9
2020-08-05,US,Pennsylvania,Perry,120,5,0,40.40206612,-77.26297447,42099.0,259.33609958506224,4.166666666666667,115,120,5,0,115,120,46139,0,0,0,0,0
2020-08-05,US,Pennsylvania,Philadelphia,30877,1695,0,40.00338507,-75.1379271,42101.0,1949.2267989172155,5.489522945882047,29182,30771,1695,0,29076,30665,1584138,106,0,0,106,106
2020-08-05,US,Pennsylvania,Pike,526,21,0,41.33155042,-75.03208106,42103.0,942.500313569496,3.9923954372623576,505,526,21,0,505,526,55933,0,0,0,0,0
2020-08-05,US,Pennsylvania,Potter,20,0,0,41.74471626,-77.89559864,42105.0,121.0214207914801,0.0,20,20,0,0,20,20,16622,0,0,0,0,0
2020-08-05,US,Pennsylvania,Schuylkill,905,49,0,40.70497338,-76.2150785,42107.0,640.2139234148516,5.414364640883979,856,900,49,0,851,896,142067,5,0,0,5,4
2020-08-05,US,Pennsylvania,Snyder,100,2,0,40.77129231,-77.06840691,42109.0,247.69642326364811,2.0,98,100,2,0,98,98,40540,0,0,0,0,2
2020-08-05,US,Pennsylvania,Somerset,127,3,0,39.97172723,-79.02699593,42111.0,172.91380178904515,2.3622047244094486,124,128,3,0,125,125,73952,-1,0,0,-1,3
2020-08-05,US,Pennsylvania,Sullivan,10,0,0,41.44634738,-76.51246591,42113.0,164.85328058028355,0.0,10,10,0,0,10,10,6071,0,0,0,0,0
2020-08-05,US,Pennsylvania,Susquehanna,212,27,0,41.82147784,-75.80071959,42115.0,525.6893473517158,12.735849056603776,185,212,27,0,185,210,40589,0,0,0,0,2
2020-08-05,US,Pennsylvania,Tioga,36,3,0,41.77255149,-77.25433032,42117.0,88.68961099751176,8.333333333333334,33,36,3,0,33,35,40763,0,0,0,0,1
2020-08-05,US,Pennsylvania,Union,201,2,0,40.96188846,-77.05996014,42119.0,447.4322730004676,0.9950248756218906,199,191,2,0,189,173,44785,10,0,0,10,18
2020-08-05,US,Pennsylvania,Venango,62,0,0,41.40323442,-79.75845449,42121.0,122.36520091576536,0.0,62,62,0,0,62,62,51266,0,0,0,0,0
2020-08-05,US,Pennsylvania,Warren,20,1,0,41.81304978,-79.26969577,42123.0,51.03212472251282,5.0,19,20,1,0,19,19,39498,0,0,0,0,1
2020-08-05,US,Pennsylvania,Washington,785,11,0,40.19208869,-80.24582867,42125.0,379.47453653348816,1.4012738853503184,774,773,11,0,762,764,207346,12,0,0,12,9
2020-08-05,US,Pennsylvania,Wayne,157,8,0,41.64938475,-75.29956506,42127.0,305.6794065536107,5.095541401273885,149,157,8,0,149,158,51276,0,0,0,0,-1
2020-08-05,US,Pennsylvania,Westmoreland,1475,46,0,40.31377979999999,-79.46615476,42129.0,422.75844872011663,3.1186440677966103,1429,1464,46,0,1418,1457,350611,11,0,0,11,7
2020-08-05,US,Pennsylvania,Wyoming,58,8,0,41.51955538,-76.01074915,42131.0,216.46637306859745,13.79310344827586,50,58,8,0,50,57,27046,0,0,0,0,1
2020-08-05,US,Pennsylvania,York,2400,89,0,39.9210089,-76.73040131,42133.0,534.4521197707202,3.7083333333333335,2311,2365,89,0,2276,2350,448273,35,0,0,35,15
2020-08-05,US,Puerto Rico,Adjuntas,89,0,0,18.180117000000006,-66.754367,72001.0,456.80849971770266,0.0,89,89,0,0,89,86,,0,0,0,0,3
2020-08-05,US,Puerto Rico,Aguada,110,0,0,18.360255,-67.17513100000001,72003.0,262.16068066445814,0.0,110,109,0,0,109,108,,1,0,0,1,1
2020-08-05,US,Puerto Rico,Aguadilla,195,0,0,18.459681,-67.12081500000001,72005.0,319.93962165088845,0.0,195,193,0,0,193,192,,2,0,0,2,1
2020-08-05,US,Puerto Rico,Aguas Buenas,117,0,0,18.251619,-66.126806,72007.0,408.2487176803098,0.0,117,115,0,0,115,114,,2,0,0,2,1
2020-08-05,US,Puerto Rico,Aibonito,81,0,0,18.131361,-66.264131,72009.0,312.74131274131275,0.0,81,79,0,0,79,79,,2,0,0,2,0
2020-08-05,US,Puerto Rico,Anasco,130,0,0,18.287985,-67.120611,72011.0,444.27736577697283,0.0,130,128,0,0,128,125,,2,0,0,2,3
2020-08-05,US,Puerto Rico,Arecibo,277,0,0,18.406631,-66.675077,72013.0,287.22521775197015,0.0,277,269,0,0,269,262,,8,0,0,8,7
2020-08-05,US,Puerto Rico,Arroyo,79,0,0,17.998457000000005,-66.056546,72015.0,403.57598978288627,0.0,79,78,0,0,78,78,,1,0,0,1,0
2020-08-05,US,Puerto Rico,Barceloneta,78,0,0,18.445533,-66.56053100000001,72017.0,314.3133462282398,0.0,78,73,0,0,73,73,,5,0,0,5,0
2020-08-05,US,Puerto Rico,Barranquitas,221,0,0,18.201592,-66.30963,72019.0,728.9399036875783,0.0,221,218,0,0,218,217,,3,0,0,3,1
2020-08-05,US,Puerto Rico,Bayamon,1280,0,0,18.34946,-66.168435,72021.0,615.0416114090219,0.0,1280,1255,0,0,1255,1209,,25,0,0,25,46
2020-08-05,US,Puerto Rico,Cabo Rojo,185,0,0,18.040993,-67.154391,72023.0,363.3364102362669,0.0,185,180,0,0,180,177,,5,0,0,5,3
2020-08-05,US,Puerto Rico,Caguas,635,0,0,18.211615,-66.050779,72025.0,444.38845849691734,0.0,635,624,0,0,624,611,,11,0,0,11,13
2020-08-05,US,Puerto Rico,Camuy,118,0,0,18.418578,-66.860206,72027.0,335.6181916436758,0.0,118,115,0,0,115,113,,3,0,0,3,2
2020-08-05,US,Puerto Rico,Canovanas,331,0,0,18.328802,-65.887612,72029.0,694.6776359973137,0.0,331,323,0,0,323,315,,8,0,0,8,8
2020-08-05,US,Puerto Rico,Carolina,1103,0,0,18.374986,-65.95683100000001,72031.0,624.0028965501635,0.0,1103,1068,0,0,1068,1015,,35,0,0,35,53
2020-08-05,US,Puerto Rico,Catano,170,0,0,18.437269,-66.14330600000001,72033.0,604.1222459132908,0.0,170,169,0,0,169,164,,1,0,0,1,5
2020-08-05,US,Puerto Rico,Cayey,188,0,0,18.102851,-66.14914,72035.0,390.69806105696296,0.0,188,184,0,0,184,178,,4,0,0,4,6
2020-08-05,US,Puerto Rico,Ceiba,63,0,0,18.251818,-65.666416,72037.0,462.1817915046585,0.0,63,63,0,0,63,63,,0,0,0,0,0
2020-08-05,US,Puerto Rico,Ciales,125,0,0,18.28885,-66.516475,72039.0,665.5308273879248,0.0,125,125,0,0,125,122,,0,0,0,0,3
2020-08-05,US,Puerto Rico,Cidra,150,0,0,18.173559,-66.161179,72041.0,344.98620055197784,0.0,150,151,0,0,151,149,,-1,0,0,-1,2
2020-08-05,US,Puerto Rico,Coamo,132,0,0,18.097597,-66.36014,72043.0,325.82938388625587,0.0,132,129,0,0,129,125,,3,0,0,3,4
2020-08-05,US,Puerto Rico,Comerio,112,0,0,18.224687,-66.221622,72045.0,539.0316681105015,0.0,112,112,0,0,112,110,,0,0,0,0,2
2020-08-05,US,Puerto Rico,Corozal,189,0,0,18.304264,-66.327738,72047.0,508.85789672069353,0.0,189,188,0,0,188,178,,1,0,0,1,10
2020-08-05,US,Puerto Rico,Culebra,18,0,0,18.31586,-65.28813000000001,72049.0,990.0990099009905,0.0,18,17,0,0,17,17,,1,0,0,1,0
2020-08-05,US,Puerto Rico,Dorado,276,0,0,18.436115,-66.278669,72051.0,723.1756845277088,0.0,276,266,0,0,266,263,,10,0,0,10,3
2020-08-05,US,Puerto Rico,Fajardo,212,0,0,18.318373,-65.666866,72053.0,573.0813937772011,0.0,212,209,0,0,209,208,,3,0,0,3,1
2020-08-05,US,Puerto Rico,Florida,170,0,0,18.373715,-66.560488,72054.0,1340.6940063091486,0.0,170,158,0,0,158,157,,12,0,0,12,1
2020-08-05,US,Puerto Rico,Guanica,54,0,0,17.982429,-66.91964300000001,72055.0,277.96365882534616,0.0,54,54,0,0,54,53,,0,0,0,0,1
2020-08-05,US,Puerto Rico,Guayama,141,0,0,18.007516,-66.13390799999999,72057.0,310.83285569419337,0.0,141,140,0,0,140,140,,1,0,0,1,0
2020-08-05,US,Puerto Rico,Guayanilla,118,0,0,18.039942,-66.79186,72059.0,546.7772577730411,0.0,118,117,0,0,117,117,,1,0,0,1,0
2020-08-05,US,Puerto Rico,Guaynabo,754,0,0,18.345114,-66.11452299999999,72061.0,769.9848862383072,0.0,754,739,0,0,739,725,,15,0,0,15,14
2020-08-05,US,Puerto Rico,Gurabo,214,0,0,18.266461,-65.97970500000001,72063.0,471.68771628204286,0.0,214,211,0,0,211,209,,3,0,0,3,2
2020-08-05,US,Puerto Rico,Hatillo,98,0,0,18.410928,-66.79632600000001,72065.0,233.5947369675589,0.0,98,97,0,0,97,91,,1,0,0,1,6
2020-08-05,US,Puerto Rico,Hormigueros,84,0,0,18.134532,-67.113972,72067.0,486.9565217391304,0.0,84,84,0,0,84,81,,0,0,0,0,3
2020-08-05,US,Puerto Rico,Humacao,175,0,0,18.145211,-65.810174,72069.0,299.31926247733725,0.0,175,173,0,0,173,172,,2,0,0,2,1
2020-08-05,US,Puerto Rico,Isabela,124,0,0,18.44981,-67.005093,72071.0,271.745085577787,0.0,124,123,0,0,123,123,,1,0,0,1,0
2020-08-05,US,Puerto Rico,Jayuya,179,0,0,18.211446,-66.58878,72073.0,1075.5918759764454,0.0,179,179,0,0,179,179,,0,0,0,0,0
2020-08-05,US,Puerto Rico,Juana Diaz,178,0,0,18.050764,-66.49458100000001,72075.0,222.78683805399453,0.0,178,178,0,0,178,175,,0,0,0,0,3
2020-08-05,US,Puerto Rico,Juncos,111,0,0,18.223793,-65.909109,72077.0,275.50260610573343,0.0,111,107,0,0,107,106,,4,0,0,4,1
2020-08-05,US,Puerto Rico,Lajas,74,0,0,18.011661,-67.040585,72079.0,287.345163670252,0.0,74,73,0,0,73,73,,1,0,0,1,0
2020-08-05,US,Puerto Rico,Lares,146,0,0,18.269035,-66.867236,72081.0,474.75043085227463,0.0,146,146,0,0,146,145,,0,0,0,0,1
2020-08-05,US,Puerto Rico,Las Marias,57,0,0,18.23679,-66.98362,72083.0,576.8646898087237,0.0,57,55,0,0,55,54,,2,0,0,2,1
2020-08-05,US,Puerto Rico,Las Piedras,136,0,0,18.187527,-65.86946800000001,72085.0,351.6483516483516,0.0,136,134,0,0,134,133,,2,0,0,2,1
2020-08-05,US,Puerto Rico,Loiza,108,0,0,18.425688,-65.89943000000001,72087.0,359.28143712574854,0.0,108,102,0,0,102,98,,6,0,0,6,4
2020-08-05,US,Puerto Rico,Luquillo,93,0,0,18.342114,-65.72509699999999,72089.0,463.42435718556914,0.0,93,92,0,0,92,91,,1,0,0,1,1
2020-08-05,US,Puerto Rico,Manati,205,0,0,18.420473,-66.490461,72091.0,464.715616711627,0.0,205,201,0,0,201,197,,4,0,0,4,4
2020-08-05,US,Puerto Rico,Maricao,42,0,0,18.171795,-66.942126,72093.0,669.2160611854682,0.0,42,42,0,0,42,41,,0,0,0,0,1
2020-08-05,US,Puerto Rico,Maunabo,57,0,0,18.017889,-65.922235,72095.0,466.2576687116565,0.0,57,56,0,0,56,54,,1,0,0,1,2
2020-08-05,US,Puerto Rico,Mayaguez,451,0,0,18.2013,-67.1452,72097.0,506.28648405927254,0.0,451,447,0,0,447,440,,4,0,0,4,7
2020-08-05,US,Puerto Rico,Moca,162,0,0,18.377805,-67.080952,72099.0,403.8993742052906,0.0,162,161,0,0,161,153,,1,0,0,1,8
2020-08-05,US,Puerto Rico,Morovis,233,0,0,18.316963,-66.420383,72101.0,714.5047531432075,0.0,233,228,0,0,228,226,,5,0,0,5,2
2020-08-05,US,Puerto Rico,Naguabo,88,0,0,18.230637,-65.753897,72103.0,329.34131736526945,0.0,88,86,0,0,86,84,,2,0,0,2,2
2020-08-05,US,Puerto Rico,Naranjito,251,0,0,18.288019,-66.252703,72105.0,825.6035787119267,0.0,251,240,0,0,240,233,,11,0,0,11,7
2020-08-05,US,Puerto Rico,Orocovis,191,0,0,18.215046,-66.433604,72107.0,815.4378175297785,0.0,191,186,0,0,186,184,,5,0,0,5,2
2020-08-05,US,Puerto Rico,Out of PR,637,0,0,0.0,0.0,72888.0,0.0,0.0,637,625,0,0,625,624,,12,0,0,12,1
2020-08-05,US,Puerto Rico,Patillas,97,0,0,18.03174,-66.012242,72109.0,503.1903304456088,0.0,97,97,0,0,97,97,,0,0,0,0,0
2020-08-05,US,Puerto Rico,Penuelas,69,0,0,18.059645,-66.721572,72111.0,284.1611069928342,0.0,69,67,0,0,67,66,,2,0,0,2,1
2020-08-05,US,Puerto Rico,Ponce,444,0,0,18.059498,-66.613748,72113.0,266.9440319370878,0.0,444,444,0,0,444,433,,0,0,0,0,11
2020-08-05,US,Puerto Rico,Quebradillas,72,0,0,18.439692,-66.926113,72115.0,277.7884949265018,0.0,72,72,0,0,72,69,,0,0,0,0,3
2020-08-05,US,Puerto Rico,Rincon,89,0,0,18.335443,-67.23174,72117.0,585.5263157894736,0.0,89,89,0,0,89,87,,0,0,0,0,2
2020-08-05,US,Puerto Rico,Rio Grande,265,0,0,18.346329,-65.813742,72119.0,487.99351797289336,0.0,265,262,0,0,262,256,,3,0,0,3,6
2020-08-05,US,Puerto Rico,Sabana Grande,116,0,0,18.08282,-66.943758,72121.0,459.1331882050267,0.0,116,116,0,0,116,115,,0,0,0,0,1
2020-08-05,US,Puerto Rico,Salinas,140,0,0,18.010386999999994,-66.256592,72123.0,450.47943883132757,0.0,140,139,0,0,139,134,,1,0,0,1,5
2020-08-05,US,Puerto Rico,San German,130,0,0,18.111484,-67.03858100000001,72125.0,365.91887859937515,0.0,130,127,0,0,127,125,,3,0,0,3,2
2020-08-05,US,Puerto Rico,San Juan,2827,0,0,18.386933,-66.061128,72127.0,715.1060137709131,0.0,2827,2752,0,0,2752,2609,,75,0,0,75,143
2020-08-05,US,Puerto Rico,San Lorenzo,147,0,0,18.147987,-65.976392,72129.0,358.0301037556627,0.0,147,143,0,0,143,142,,4,0,0,4,1
2020-08-05,US,Puerto Rico,San Sebastian,196,0,0,18.328646,-66.971214,72131.0,461.937308508131,0.0,196,191,0,0,191,185,,5,0,0,5,6
2020-08-05,US,Puerto Rico,Santa Isabel,92,0,0,17.994525,-66.388913,72133.0,395.2908825298617,0.0,92,91,0,0,91,89,,1,0,0,1,2
2020-08-05,US,Puerto Rico,Toa Alta,504,0,0,18.362406,-66.246616,72135.0,680.4741716847136,0.0,504,498,0,0,498,479,,6,0,0,6,19
2020-08-05,US,Puerto Rico,Toa Baja,464,0,0,18.431446,-66.213553,72137.0,517.8051311810199,0.0,464,456,0,0,456,445,,8,0,0,8,11
2020-08-05,US,Puerto Rico,Trujillo Alto,442,0,0,18.336159,-65.99888399999999,72139.0,590.5774832313407,0.0,442,438,0,0,438,427,,4,0,0,4,11
2020-08-05,US,Puerto Rico,Unassigned,512,246,0,0.0,0.0,72999.0,0.0,48.046875,266,574,237,0,337,535,,-62,9,0,-71,39
2020-08-05,US,Puerto Rico,Utuado,57,0,0,18.271214,-66.702984,72141.0,171.95088841292346,0.0,57,57,0,0,57,57,,0,0,0,0,0
2020-08-05,US,Puerto Rico,Vega Alta,195,0,0,18.409346,-66.33725,72143.0,488.0979199519412,0.0,195,186,0,0,186,186,,9,0,0,9,0
2020-08-05,US,Puerto Rico,Vega Baja,349,0,0,18.428262,-66.397924,72145.0,584.9619523314673,0.0,349,321,0,0,321,313,,28,0,0,28,8
2020-08-05,US,Puerto Rico,Vieques,47,0,0,18.123276,-65.44097099999999,72147.0,505.32200838619485,0.0,47,44,0,0,44,44,,3,0,0,3,0
2020-08-05,US,Puerto Rico,Villalba,73,0,0,18.127951,-66.473115,72149.0,279.9831243048364,0.0,73,73,0,0,73,72,,0,0,0,0,1
2020-08-05,US,Puerto Rico,Yabucoa,104,0,0,18.070399,-65.896289,72151.0,274.10980206109485,0.0,104,102,0,0,102,100,,2,0,0,2,2
2020-08-05,US,Puerto Rico,Yauco,225,0,0,18.080374,-66.858814,72153.0,535.1663772804034,0.0,225,222,0,0,222,217,,3,0,0,3,5
2020-08-05,US,Rhode Island,Bristol,316,0,0,41.71018079,-71.28652315,44001.0,651.8286268281113,0.0,316,304,0,0,304,304,48649,12,0,0,12,0
2020-08-05,US,Rhode Island,Kent,1494,0,0,41.67106337,-71.57641596,44003.0,909.3565115769484,0.0,1494,1421,0,0,1421,1421,163861,73,0,0,73,0
2020-08-05,US,Rhode Island,Newport,396,0,0,41.5642026,-71.26569799,44005.0,482.44438488340927,0.0,396,380,0,0,380,380,82542,16,0,0,16,0
2020-08-05,US,Rhode Island,Providence,15047,0,0,41.87064746,-71.57753536,44007.0,2355.027381673452,0.0,15047,14549,0,0,14549,14549,636084,498,0,0,498,0
2020-08-05,US,Rhode Island,Unassigned,1621,1012,0,0.0,0.0,90044.0,0.0,62.43059839605182,609,2146,1011,0,1135,2002,,-525,1,0,-526,144
2020-08-05,US,Rhode Island,Washington,607,0,0,41.45961631,-71.61435303,44009.0,483.3687697587934,0.0,607,590,0,0,590,590,126179,17,0,0,17,0
2020-08-05,US,South Carolina,Abbeville,304,8,0,34.22333378,-82.46170658,45001.0,1239.4504015982386,2.631578947368421,296,301,8,0,293,298,24541,3,0,0,3,3
2020-08-05,US,South Carolina,Aiken,1706,33,0,33.54338026,-81.63645384,45003.0,998.4081651762724,1.9343493552168816,1673,1638,31,0,1607,1594,169401,68,2,0,66,44
2020-08-05,US,South Carolina,Allendale,196,3,0,32.98837386,-81.35321066,45005.0,2255.985267034991,1.5306122448979589,193,195,3,0,192,193,8903,1,0,0,1,2
2020-08-05,US,South Carolina,Anderson,2179,51,0,34.51828081,-82.63959517,45007.0,1075.7412691673496,2.340523175768701,2128,2155,48,0,2107,2103,200482,24,3,0,21,52
2020-08-05,US,South Carolina,Bamberg,452,20,0,33.21927586,-81.05659969,45009.0,3213.422437082327,4.424778761061948,432,445,17,0,428,446,14275,7,3,0,4,-1
2020-08-05,US,South Carolina,Barnwell,379,5,0,33.26679302,-81.43584352,45011.0,1816.3519601265216,1.3192612137203166,374,372,5,0,367,369,21112,7,0,0,7,3
2020-08-05,US,South Carolina,Beaufort,3850,53,0,32.39226291,-80.72619758,45013.0,2003.934999635648,1.3766233766233766,3797,3742,50,0,3692,3682,188715,108,3,0,105,60
2020-08-05,US,South Carolina,Berkeley,4016,61,0,33.20222596,-79.94654523,45015.0,1762.1222691711969,1.5189243027888446,3955,3965,61,0,3904,3880,221091,51,0,0,51,85
2020-08-05,US,South Carolina,Calhoun,369,10,0,33.66926881,-80.77722168,45017.0,2535.559678416821,2.710027100271003,359,339,10,0,329,337,14520,30,0,0,30,2
2020-08-05,US,South Carolina,Charleston,11926,182,0,32.82487866,-79.96512315,45019.0,2898.839589116348,1.5260774777796409,11744,11814,178,0,11636,11714,405905,112,4,0,108,100
2020-08-05,US,South Carolina,Cherokee,576,28,0,35.05122251,-81.61828622,45021.0,1005.2356020942407,4.861111111111111,548,568,28,0,540,561,57078,8,0,0,8,7
2020-08-05,US,South Carolina,Chester,599,13,0,34.69249168,-81.1583216,45023.0,1857.7099615432328,2.1702838063439067,586,583,13,0,570,578,32251,16,0,0,16,5
2020-08-05,US,South Carolina,Chesterfield,723,20,0,34.64137396,-80.15640140000002,45025.0,1583.789704271632,2.7662517289073305,703,712,19,0,693,707,45754,11,1,0,10,5
2020-08-05,US,South Carolina,Clarendon,804,50,0,33.66610974,-80.21647898,45027.0,2382.575196325381,6.218905472636816,754,793,50,0,743,786,33700,11,0,0,11,7
2020-08-05,US,South Carolina,Colleton,779,32,0,32.87582989,-80.67641292,45029.0,2067.574382249117,4.10783055198973,747,771,31,0,740,765,37660,8,1,0,7,6
2020-08-05,US,South Carolina,Darlington,1174,35,0,34.33358335,-79.96027485,45031.0,1762.2864691224595,2.9812606473594547,1139,1151,33,0,1118,1133,66802,23,2,0,21,18
2020-08-05,US,South Carolina,Dillon,593,23,0,34.39007791,-79.37741872,45033.0,1945.6018898257817,3.87858347386172,570,583,23,0,560,579,30599,10,0,0,10,4
2020-08-05,US,South Carolina,Dorchester,2910,43,0,33.0794369,-80.40502652,45035.0,1787.3704770620789,1.4776632302405501,2867,2855,40,0,2815,2839,160647,55,3,0,52,16
2020-08-05,US,South Carolina,Edgefield,297,6,0,33.77221995,-81.96231108,45037.0,1089.5084372707263,2.0202020202020203,291,292,6,0,286,289,27052,5,0,0,5,3
2020-08-05,US,South Carolina,Fairfield,548,23,0,34.39287073,-81.1195624,45039.0,2452.2307244820336,4.197080291970803,525,540,23,0,517,539,22402,8,0,0,8,1
2020-08-05,US,South Carolina,Florence,3186,105,0,34.02361754,-79.70189312,45041.0,2303.8042417186703,3.2956685499058382,3081,3133,100,0,3033,3091,138159,53,5,0,48,42
2020-08-05,US,South Carolina,Georgetown,1334,19,0,33.43443342,-79.33202141,45043.0,2128.2705807275047,1.4242878560719643,1315,1319,19,0,1300,1307,62249,15,0,0,15,12
2020-08-05,US,South Carolina,Greenville,10495,198,0,34.89502264,-82.37295012,45045.0,2004.6147204999786,1.8866126727012864,10297,10442,196,0,10246,10306,514213,53,2,0,51,136
2020-08-05,US,South Carolina,Greenwood,1314,16,0,34.15272415,-82.12715789,45047.0,1855.6438971346256,1.21765601217656,1298,1303,16,0,1287,1275,70741,11,0,0,11,28
2020-08-05,US,South Carolina,Hampton,401,7,0,32.77419582,-81.13845571,45049.0,2086.151284985953,1.745635910224439,394,395,7,0,388,392,19351,6,0,0,6,3
2020-08-05,US,South Carolina,Horry,8317,141,0,33.9212828,-78.99555293,45051.0,2348.897568635425,1.6953228327521943,8176,8235,140,0,8095,8174,344147,82,1,0,81,61
2020-08-05,US,South Carolina,Jasper,550,13,0,32.43171982,-81.02487495,45053.0,1828.8830512419781,2.363636363636364,537,537,13,0,524,510,28971,13,0,0,13,27
2020-08-05,US,South Carolina,Kershaw,1339,23,0,34.33988254,-80.58763164,45055.0,2011.9908040450186,1.7176997759522032,1316,1311,23,0,1288,1295,65592,28,0,0,28,16
2020-08-05,US,South Carolina,Lancaster,1109,23,0,34.68270843,-80.70513032,45057.0,1131.494102762927,2.0739404869251583,1086,1101,22,0,1079,1085,95380,8,1,0,7,16
2020-08-05,US,South Carolina,Laurens,1255,41,0,34.48244419,-82.00490796,45059.0,1859.4520913279896,3.266932270916335,1214,1244,37,0,1207,1236,66994,11,4,0,7,8
2020-08-05,US,South Carolina,Lee,537,27,0,34.16393091,-80.25690731,45061.0,3191.1100546707867,5.027932960893856,510,532,27,0,505,526,17142,5,0,0,5,6
2020-08-05,US,South Carolina,Lexington,4805,107,0,33.89665987,-81.27146426,45063.0,1608.36820083682,2.22684703433923,4698,4750,105,0,4645,4685,295032,55,2,0,53,65
2020-08-05,US,South Carolina,Marion,531,13,0,34.07859748,-79.36400756,45067.0,1732.0677169977496,2.4482109227871938,518,527,12,0,515,523,31039,4,1,0,3,4
2020-08-05,US,South Carolina,Marlboro,460,4,0,34.59905577,-79.67561152,45069.0,1761.2374607550348,0.8695652173913043,456,447,4,0,443,443,26398,13,0,0,13,4
2020-08-05,US,South Carolina,McCormick,108,2,0,33.90161443,-82.30794338,45065.0,1141.2871182500267,1.851851851851852,106,107,2,0,105,106,9410,1,0,0,1,1
2020-08-05,US,South Carolina,Newberry,816,9,0,34.28629098,-81.59935761,45071.0,2122.788761706556,1.1029411764705883,807,802,9,0,793,782,38520,14,0,0,14,20
2020-08-05,US,South Carolina,Oconee,771,7,0,34.75225169,-83.06742317,45073.0,969.2504965680237,0.9079118028534372,764,761,7,0,754,755,78374,10,0,0,10,6
2020-08-05,US,South Carolina,Orangeburg,2277,60,0,33.4391073,-80.79886287,45075.0,2642.2976501305484,2.635046113306983,2217,2257,60,0,2197,2231,86934,20,0,0,20,26
2020-08-05,US,South Carolina,Pickens,1777,24,0,34.88807695,-82.72791551,45077.0,1400.4917877746607,1.3505908835115363,1753,1767,23,0,1744,1747,124937,10,1,0,9,20
2020-08-05,US,South Carolina,Richland,8344,148,0,34.01791263,-80.90267209,45079.0,2006.9319004519448,1.7737296260786193,8196,8173,143,0,8030,8040,414576,171,5,0,166,133
2020-08-05,US,South Carolina,Saluda,431,8,0,34.00795823,-81.72713237,45081.0,2105.2117422947294,1.8561484918793505,423,426,8,0,418,421,20544,5,0,0,5,5
2020-08-05,US,South Carolina,Spartanburg,3898,94,0,34.92960077,-81.99225984,45083.0,1218.9439779852091,2.41149307337096,3804,3838,92,0,3746,3793,313888,60,2,0,58,45
2020-08-05,US,South Carolina,Sumter,2395,46,0,33.91826534,-80.37942316,45085.0,2244.169376223986,1.9206680584551148,2349,2367,45,0,2322,2316,106512,28,1,0,27,51
2020-08-05,US,South Carolina,Union,344,3,0,34.68835752,-81.61730349,45087.0,1259.3351881681067,0.8720930232558141,341,342,3,0,339,335,27410,2,0,0,2,7
2020-08-05,US,South Carolina,Williamsburg,957,29,0,33.62190129,-79.72767442,45089.0,3151.343519494205,3.0303030303030303,928,947,29,0,918,939,30606,10,0,0,10,8
2020-08-05,US,South Carolina,York,3341,28,0,34.97281497,-81.18085944,45091.0,1189.0568334288328,0.8380724334031727,3313,3313,28,0,3285,3246,274118,28,0,0,28,67
2020-08-05,US,South Dakota,Aurora,38,0,0,43.71757685,-98.56050467,46003.0,1381.315885132679,0.0,38,37,0,0,37,38,2801,1,0,0,1,-1
2020-08-05,US,South Dakota,Beadle,587,9,0,44.41464384,-98.27858469,46005.0,3181.054571072454,1.5332197614991483,578,587,9,0,578,587,18883,0,0,0,0,0
2020-08-05,US,South Dakota,Bennett,6,0,0,43.19486375,-101.6665572,46007.0,178.30609212481426,0.0,6,6,0,0,6,6,3468,0,0,0,0,0
2020-08-05,US,South Dakota,Bon Homme,13,0,0,42.98914167,-97.88592746,46009.0,188.37849587016373,0.0,13,13,0,0,13,13,6980,0,0,0,0,0
2020-08-05,US,South Dakota,Brookings,122,1,0,44.36974375,-96.79079945,46011.0,347.80625481084473,0.819672131147541,121,121,1,0,120,120,35232,1,0,0,1,1
2020-08-05,US,South Dakota,Brown,419,3,0,45.58994323,-98.35165355,46013.0,1078.812533793352,0.7159904534606205,416,412,3,0,409,410,39316,7,0,0,7,2
2020-08-05,US,South Dakota,Brule,45,0,0,43.71756379,-99.08118954,46015.0,849.5374740419105,0.0,45,40,0,0,40,40,5229,5,0,0,5,0
2020-08-05,US,South Dakota,Buffalo,109,3,0,44.07657829,-99.20814467,46017.0,5555.555555555556,2.7522935779816518,106,108,3,0,105,108,2036,1,0,0,1,0
2020-08-05,US,South Dakota,Butte,12,1,0,44.90608745,-103.5079318,46019.0,115.06376450282863,8.333333333333334,11,11,1,0,10,11,10222,1,0,0,1,0
2020-08-05,US,South Dakota,Campbell,3,0,0,45.77074915,-100.0510181,46021.0,218.02325581395348,0.0,3,2,0,0,2,2,1377,1,0,0,1,0
2020-08-05,US,South Dakota,Charles Mix,100,0,0,43.20660134,-98.58856175,46023.0,1076.194575979337,0.0,100,100,0,0,100,100,9338,0,0,0,0,0
2020-08-05,US,South Dakota,Clark,16,0,0,44.85834507,-97.72925109,46025.0,428.2655246252677,0.0,16,16,0,0,16,16,3739,0,0,0,0,0
2020-08-05,US,South Dakota,Clay,120,0,0,42.91296147,-96.97656917,46027.0,852.8784648187633,0.0,120,120,0,0,120,118,14041,0,0,0,0,2
2020-08-05,US,South Dakota,Codington,123,1,0,44.97788119,-97.18827677,46029.0,439.14456067692527,0.8130081300813008,122,120,1,0,119,119,28015,3,0,0,3,1
2020-08-05,US,South Dakota,Corson,30,0,0,45.70889983,-101.1970473,46031.0,734.2143906020558,0.0,30,29,0,0,29,29,4165,1,0,0,1,0
2020-08-05,US,South Dakota,Custer,23,0,0,43.67741105,-103.45345209999999,46033.0,256.3530985287561,0.0,23,23,0,0,23,23,8726,0,0,0,0,0
2020-08-05,US,South Dakota,Davison,93,1,0,43.67490933,-98.14458906,46035.0,470.29077117572695,1.075268817204301,92,93,0,0,93,88,19790,0,1,0,-1,5
2020-08-05,US,South Dakota,Day,21,0,0,45.367281,-97.60737498,46037.0,387.1681415929203,0.0,21,21,0,0,21,21,5505,0,0,0,0,0
2020-08-05,US,South Dakota,Deuel,9,0,0,44.75994309,-96.66943645,46039.0,206.84900022983226,0.0,9,9,0,0,9,8,4337,0,0,0,0,1
2020-08-05,US,South Dakota,Dewey,64,0,0,45.15639647,-100.8709139,46041.0,1086.2186014935505,0.0,64,63,0,0,63,61,5904,1,0,0,1,2
2020-08-05,US,South Dakota,Douglas,16,0,0,43.38520741,-98.36978007,46043.0,547.757617254365,0.0,16,16,0,0,16,16,2935,0,0,0,0,0
2020-08-05,US,South Dakota,Edmunds,13,0,0,45.41846445,-99.21545423,46045.0,339.5142334813267,0.0,13,13,0,0,13,13,3875,0,0,0,0,0
2020-08-05,US,South Dakota,Fall River,20,0,0,43.23929297,-103.5275691,46047.0,297.92939073439595,0.0,20,18,0,0,18,16,6758,2,0,0,2,2
2020-08-05,US,South Dakota,Faulk,26,1,0,45.07082625,-99.14535601,46049.0,1130.9264897781645,3.8461538461538463,25,26,1,0,25,26,2330,0,0,0,0,0
2020-08-05,US,South Dakota,Grant,23,0,0,45.1723937,-96.77002276,46051.0,326.1486103233125,0.0,23,23,0,0,23,23,7147,0,0,0,0,0
2020-08-05,US,South Dakota,Gregory,7,0,0,43.19419064,-99.18883902,46053.0,167.26403823178018,0.0,7,7,0,0,7,7,4212,0,0,0,0,0
2020-08-05,US,South Dakota,Haakon,2,0,0,44.29299053,-101.539099,46055.0,105.318588730911,0.0,2,2,0,0,2,2,1918,0,0,0,0,0
2020-08-05,US,South Dakota,Hamlin,16,0,0,44.67385954,-97.18829593,46057.0,259.57170668397146,0.0,16,14,0,0,14,14,6111,2,0,0,2,0
2020-08-05,US,South Dakota,Hand,7,0,0,44.54708407,-99.00386459,46059.0,219.36696960200558,0.0,7,7,0,0,7,7,3262,0,0,0,0,0
2020-08-05,US,South Dakota,Hanson,21,0,0,43.6746384,-97.78715148,46061.0,608.1668114682883,0.0,21,21,0,0,21,21,3376,0,0,0,0,0
2020-08-05,US,South Dakota,Hughes,84,2,0,44.39091534,-99.99661148,46065.0,479.2879150975693,2.380952380952381,82,84,2,0,82,84,17650,0,0,0,0,0
2020-08-05,US,South Dakota,Hutchinson,27,0,0,43.33449012,-97.75536441,46067.0,370.3195720751612,0.0,27,27,0,0,27,27,7380,0,0,0,0,0
2020-08-05,US,South Dakota,Hyde,3,0,0,44.54747703,-99.48572582,46069.0,230.59185242121444,0.0,3,3,0,0,3,3,1282,0,0,0,0,0
2020-08-05,US,South Dakota,Jackson,11,1,0,43.69318385,-101.6255063,46071.0,328.9473684210526,9.090909090909092,10,10,1,0,9,10,3307,1,0,0,1,0
2020-08-05,US,South Dakota,Jerauld,40,1,0,44.06637798,-98.62965972,46073.0,1987.083954297069,2.5,39,40,1,0,39,40,2043,0,0,0,0,0
2020-08-05,US,South Dakota,Jones,2,0,0,43.96278565,-100.6940008,46075.0,221.4839424141749,0.0,2,2,0,0,2,2,928,0,0,0,0,0
2020-08-05,US,South Dakota,Kingsbury,14,0,0,44.36956169,-97.4913945,46077.0,283.4581899169873,0.0,14,14,0,0,14,14,4919,0,0,0,0,0
2020-08-05,US,South Dakota,Lake,86,2,0,44.02193107,-97.12926365,46079.0,672.0325076189732,2.3255813953488373,84,84,2,0,82,84,13057,2,0,0,2,0
2020-08-05,US,South Dakota,Lawrence,35,0,0,44.35919441,-103.79294279999999,46081.0,135.42795232936078,0.0,35,32,0,0,32,32,25741,3,0,0,3,0
2020-08-05,US,South Dakota,Lincoln,588,2,0,43.27841182,-96.72039050000001,46083.0,961.915979583824,0.3401360544217687,586,582,2,0,580,579,58807,6,0,0,6,3
2020-08-05,US,South Dakota,Lyman,88,2,0,43.89522709,-99.85201878,46085.0,2327.4266067178,2.272727272727273,86,88,2,0,86,88,3821,0,0,0,0,0
2020-08-05,US,South Dakota,Marshall,8,0,0,45.75870838,-97.59855639,46091.0,162.10739614994938,0.0,8,8,0,0,8,8,5112,0,0,0,0,0
2020-08-05,US,South Dakota,McCook,26,1,0,43.6742571,-97.36863144,46087.0,465.44933762978883,3.8461538461538463,25,24,1,0,23,24,5546,2,0,0,2,0
2020-08-05,US,South Dakota,McPherson,7,0,0,45.76626028,-99.22118798,46089.0,294.24127784783525,0.0,7,7,0,0,7,7,2407,0,0,0,0,0
2020-08-05,US,South Dakota,Meade,82,1,0,44.56676791,-102.71627409999999,46093.0,289.425384723987,1.2195121951219512,81,78,1,0,77,76,28294,4,0,0,4,2
2020-08-05,US,South Dakota,Mellette,24,0,0,43.58078848,-100.7563186,46095.0,1164.4832605531294,0.0,24,24,0,0,24,24,2042,0,0,0,0,0
2020-08-05,US,South Dakota,Miner,15,0,0,44.02197882,-97.60992207,46097.0,676.8953068592058,0.0,15,15,0,0,15,15,2213,0,0,0,0,0
2020-08-05,US,South Dakota,Minnehaha,4285,64,0,43.67441641,-96.7910885,46099.0,2218.6668323547383,1.4935822637106184,4221,4258,64,0,4194,4233,192876,27,0,0,27,25
2020-08-05,US,South Dakota,Moody,30,0,0,44.02266214,-96.67081159,46101.0,456.2043795620438,0.0,30,30,0,0,30,30,6579,0,0,0,0,0
2020-08-05,US,South Dakota,Oglala Lakota,152,1,0,43.33749164,-102.55554980000001,46102.0,1072.1591309868097,0.6578947368421053,151,151,1,0,150,149,14309,1,0,0,1,2
2020-08-05,US,South Dakota,Pennington,858,29,0,44.0025835,-102.8240777,46103.0,754.1199736321687,3.3799533799533794,829,848,29,0,819,845,111729,10,0,0,10,3
2020-08-05,US,South Dakota,Perkins,6,0,0,45.49049506,-102.47555859999999,46105.0,209.42408376963348,0.0,6,6,0,0,6,6,2922,0,0,0,0,0
2020-08-05,US,South Dakota,Potter,1,0,0,45.06583079,-99.95498503,46107.0,46.44681839294008,0.0,1,1,0,0,1,1,2207,0,0,0,0,0
2020-08-05,US,South Dakota,Roberts,71,1,0,45.62975048,-96.94672673,46109.0,683.0863959976909,1.4084507042253518,70,71,1,0,70,70,10447,0,0,0,0,1
2020-08-05,US,South Dakota,Sanborn,13,0,0,44.02351092,-98.09098159999999,46111.0,554.6075085324234,0.0,13,13,0,0,13,13,2429,0,0,0,0,0
2020-08-05,US,South Dakota,Spink,22,0,0,44.93837606,-98.34626602,46115.0,345.0439146800502,0.0,22,22,0,0,22,21,6495,0,0,0,0,1
2020-08-05,US,South Dakota,Stanley,14,0,0,44.41381872,-100.7349153,46117.0,451.9044544867656,0.0,14,14,0,0,14,14,3022,0,0,0,0,0
2020-08-05,US,South Dakota,Sully,1,0,0,44.71571812,-100.1278092,46119.0,71.89072609633357,0.0,1,1,0,0,1,1,1392,0,0,0,0,0
2020-08-05,US,South Dakota,Todd,67,4,0,43.19338568,-100.71955030000001,46121.0,658.3472536110837,5.970149253731344,63,66,4,0,62,66,10283,1,0,0,1,0
2020-08-05,US,South Dakota,Tripp,20,0,0,43.34459388,-99.8854891,46123.0,367.5794890645102,0.0,20,20,0,0,20,20,5478,0,0,0,0,0
2020-08-05,US,South Dakota,Turner,49,0,0,43.3109081,-97.14865776,46125.0,584.4465648854962,0.0,49,48,0,0,48,44,8424,1,0,0,1,4
2020-08-05,US,South Dakota,Union,204,4,0,42.83112163,-96.6557828,46127.0,1280.4418779814212,1.96078431372549,200,201,4,0,197,199,15619,3,0,0,3,2
2020-08-05,US,South Dakota,Walworth,18,0,0,45.43019636,-100.03075140000001,46129.0,331.1867525298988,0.0,18,18,0,0,18,18,5587,0,0,0,0,0
2020-08-05,US,South Dakota,Yankton,104,2,0,43.00924485,-97.39467635,46135.0,455.8604365740335,1.9230769230769231,102,103,2,0,101,102,22869,1,0,0,1,1
2020-08-05,US,South Dakota,Ziebach,9,0,0,44.97881876,-101.6654622,46137.0,326.56023222060963,0.0,9,8,0,0,8,8,2742,1,0,0,1,0
2020-08-05,US,Tennessee,Anderson,637,6,0,36.12684348,-84.19965764,47001.0,827.5091584608591,0.9419152276295132,631,630,7,0,623,607,76482,7,-1,0,8,23
2020-08-05,US,Tennessee,Bedford,890,11,0,35.51123746,-86.45549096,47003.0,1790.276185303643,1.2359550561797752,879,877,11,0,866,871,49038,13,0,0,13,6
2020-08-05,US,Tennessee,Benton,111,1,0,36.07110411,-88.06849355,47005.0,686.8811881188119,0.9009009009009008,110,108,1,0,107,97,16184,3,0,0,3,11
2020-08-05,US,Tennessee,Bledsoe,674,1,0,35.59942968,-85.20611967,47007.0,4474.243228890069,0.14836795252225518,673,674,1,0,673,672,14755,0,0,0,0,2
2020-08-05,US,Tennessee,Blount,1186,8,0,35.68938198,-83.92847788,47009.0,891.1396970425583,0.6745362563237775,1178,1181,7,0,1174,1120,131349,5,1,0,4,61
2020-08-05,US,Tennessee,Bradley,1771,12,0,35.15739424,-84.857186,47011.0,1638.1463324391825,0.6775832862789385,1759,1739,10,0,1729,1713,106727,32,2,0,30,26
2020-08-05,US,Tennessee,Campbell,224,1,0,36.40355516,-84.15108559999999,47013.0,562.2207720495959,0.44642857142857145,223,221,1,0,220,213,39583,3,0,0,3,8
2020-08-05,US,Tennessee,Cannon,131,0,0,35.80990797,-86.05738983,47015.0,892.492165145115,0.0,131,126,0,0,126,118,14462,5,0,0,5,8
2020-08-05,US,Tennessee,Carroll,251,3,0,35.97366108,-88.45189331,47017.0,903.9507328843592,1.195219123505976,248,244,3,0,241,228,28020,7,0,0,7,16
2020-08-05,US,Tennessee,Carter,452,5,0,36.28969086,-82.12588974,47019.0,801.5463460481282,1.106194690265487,447,433,5,0,428,427,56351,19,0,0,19,6
2020-08-05,US,Tennessee,Cheatham,554,6,0,36.26136216,-87.08903581,47021.0,1362.283915705609,1.083032490974729,548,548,6,0,542,548,40439,6,0,0,6,0
2020-08-05,US,Tennessee,Chester,201,2,0,35.42527478,-88.6095842,47023.0,1162.0512227553909,0.9950248756218906,199,196,2,0,194,193,17276,5,0,0,5,3
2020-08-05,US,Tennessee,Claiborne,235,0,0,36.48319149,-83.65947309,47025.0,735.3171250664917,0.0,235,235,0,0,235,221,31756,0,0,0,0,14
2020-08-05,US,Tennessee,Clay,66,0,0,36.55151008,-85.53930419,47027.0,866.7104399212081,0.0,66,64,0,0,64,61,7717,2,0,0,2,3
2020-08-05,US,Tennessee,Cocke,421,2,0,35.9278914,-83.11828725,47029.0,1169.3145206088213,0.4750593824228028,419,412,1,0,411,400,35774,9,1,0,8,12
2020-08-05,US,Tennessee,Coffee,448,2,0,35.49090731,-86.07311784,47031.0,792.6397735314932,0.44642857142857145,446,421,2,0,419,417,55700,27,0,0,27,4
2020-08-05,US,Tennessee,Crockett,246,4,0,35.81830662,-89.14916269,47033.0,1728.7420941672524,1.6260162601626016,242,236,4,0,232,226,14328,10,0,0,10,10
2020-08-05,US,Tennessee,Cumberland,397,6,0,35.95271721,-84.99840585,47035.0,655.9814937210839,1.5113350125944585,391,385,6,0,379,379,59673,12,0,0,12,6
2020-08-05,US,Tennessee,Davidson,19812,208,0,36.17007426,-86.78646056,47037.0,2854.16282500461,1.0498687664041997,19604,19563,205,0,19358,19400,692587,249,3,0,246,163
2020-08-05,US,Tennessee,DeKalb,326,1,0,35.97616272,-85.83689361,47041.0,1591.020009760859,0.3067484662576687,325,322,1,0,321,305,20138,4,0,0,4,17
2020-08-05,US,Tennessee,Decatur,174,2,0,35.60048904,-88.11043779,47039.0,1491.8974534853812,1.1494252873563218,172,169,2,0,167,161,11706,5,0,0,5,8
2020-08-05,US,Tennessee,Dickson,630,1,0,36.14669837,-87.35891709,47043.0,1167.7912063468525,0.15873015873015872,629,609,1,0,608,595,53446,21,0,0,21,14
2020-08-05,US,Tennessee,Dyer,579,7,0,36.05931946,-89.41542855,47045.0,1558.1689496488063,1.2089810017271156,572,568,7,0,561,555,37320,11,0,0,11,13
2020-08-05,US,Tennessee,Fayette,646,8,0,35.19615831,-89.41399032,47047.0,1570.515158145528,1.238390092879257,638,642,8,0,634,620,40507,4,0,0,4,22
2020-08-05,US,Tennessee,Fentress,76,0,0,36.38128818,-84.92870012,47049.0,410.3007072288506,0.0,76,76,0,0,76,74,18217,0,0,0,0,2
2020-08-05,US,Tennessee,Franklin,296,4,0,35.15634626,-86.09201039,47051.0,701.2888551933282,1.351351351351351,292,286,4,0,282,286,41890,10,0,0,10,0
2020-08-05,US,Tennessee,Gibson,615,2,0,35.99438059,-88.93358327,47053.0,1251.7045570187042,0.3252032520325203,613,590,2,0,588,567,49045,25,0,0,25,23
2020-08-05,US,Tennessee,Giles,360,12,0,35.20222469,-87.03992678,47055.0,1221.8300298669562,3.333333333333333,348,354,10,0,344,351,29503,6,2,0,4,3
2020-08-05,US,Tennessee,Grainger,181,0,0,36.27469206,-83.51254721,47057.0,776.1578044596913,0.0,181,179,0,0,179,169,23145,2,0,0,2,10
2020-08-05,US,Tennessee,Greene,398,6,0,36.17470125,-82.84691273,47059.0,576.2353588440545,1.5075376884422111,392,376,5,0,371,371,69087,22,1,0,21,5
2020-08-05,US,Tennessee,Grundy,104,2,0,35.38433717,-85.72142731,47061.0,774.5587249571759,1.9230769230769231,102,102,2,0,100,101,13346,2,0,0,2,1
2020-08-05,US,Tennessee,Hamblen,1311,13,0,36.21990035,-83.26586179,47063.0,2018.9731111590231,0.9916094584286804,1298,1297,13,0,1284,1229,64569,14,0,0,14,68
2020-08-05,US,Tennessee,Hamilton,5803,47,0,35.17670231,-85.16652245,47065.0,1577.742493284467,0.8099259003963467,5756,5720,47,0,5673,5661,364286,83,0,0,83,59
2020-08-05,US,Tennessee,Hancock,76,1,0,36.52692871,-83.22375847,47067.0,1148.036253776435,1.3157894736842106,75,76,1,0,75,76,6549,0,0,0,0,0
2020-08-05,US,Tennessee,Hardeman,843,12,0,35.20772017,-88.99161161,47069.0,3365.2694610778444,1.4234875444839858,831,830,11,0,819,801,25220,13,1,0,12,29
2020-08-05,US,Tennessee,Hardin,426,7,0,35.19732531,-88.18593755,47071.0,1660.689225011695,1.6431924882629108,419,409,7,0,402,401,25776,17,0,0,17,8
2020-08-05,US,Tennessee,Hawkins,391,5,0,36.44355426,-82.94885298,47073.0,688.5499947170077,1.278772378516624,386,369,4,0,365,362,56530,22,1,0,21,7
2020-08-05,US,Tennessee,Haywood,414,5,0,35.58332824,-89.28536625,47075.0,2392.51040221914,1.207729468599034,409,402,5,0,397,374,17335,12,0,0,12,28
2020-08-05,US,Tennessee,Henderson,483,0,0,35.65581134,-88.38600175,47077.0,1717.821958245901,0.0,483,469,0,0,469,431,27847,14,0,0,14,38
2020-08-05,US,Tennessee,Henry,231,0,0,36.33160906,-88.30121797,47079.0,714.1752975730408,0.0,231,225,0,0,225,216,32358,6,0,0,6,9
2020-08-05,US,Tennessee,Hickman,240,0,0,35.80609681,-87.47643507,47081.0,953.2131225673204,0.0,240,233,0,0,233,231,25063,7,0,0,7,2
2020-08-05,US,Tennessee,Houston,54,0,0,36.28872054,-87.71878828,47083.0,658.4562858188026,0.0,54,54,0,0,54,55,8263,0,0,0,0,-1
2020-08-05,US,Tennessee,Humphreys,113,3,0,36.03958805,-87.77992872,47085.0,608.1153804757292,2.6548672566371683,110,109,3,0,106,105,18486,4,0,0,4,4
2020-08-05,US,Tennessee,Jackson,109,1,0,36.36380466,-85.67239905,47087.0,924.826064822671,0.9174311926605504,108,108,1,0,107,106,11758,1,0,0,1,2
2020-08-05,US,Tennessee,Jefferson,513,3,0,36.04818632,-83.45148924,47089.0,941.3707679603633,0.5847953216374269,510,508,3,0,505,496,54012,5,0,0,5,12
2020-08-05,US,Tennessee,Johnson,214,0,0,36.45523950000001,-81.84886538,47091.0,1203.0582415111312,0.0,214,177,0,0,177,172,17778,37,0,0,37,5
2020-08-05,US,Tennessee,Knox,4186,38,0,35.99508821,-83.94635435,47093.0,890.0455654000633,0.9077878643096036,4148,4108,37,0,4071,4032,465289,78,1,0,77,76
2020-08-05,US,Tennessee,Lake,758,0,0,36.34180170000001,-89.48921915,47095.0,10803.87685290764,0.0,758,756,0,0,756,749,7411,2,0,0,2,7
2020-08-05,US,Tennessee,Lauderdale,445,7,0,35.75893438,-89.63015909999999,47097.0,1736.043381578434,1.5730337078651686,438,438,6,0,432,423,25825,7,1,0,6,15
2020-08-05,US,Tennessee,Lawrence,497,6,0,35.21675201,-87.39787695,47099.0,1125.9118300031716,1.2072434607645874,491,491,6,0,485,478,43734,6,0,0,6,13
2020-08-05,US,Tennessee,Lewis,62,1,0,35.52853208,-87.49022694,47101.0,505.37985001630256,1.6129032258064515,61,58,1,0,57,56,12086,4,0,0,4,2
2020-08-05,US,Tennessee,Lincoln,259,1,0,35.13738622,-86.58910106,47103.0,753.6518652156201,0.3861003861003861,258,255,1,0,254,254,34117,4,0,0,4,1
2020-08-05,US,Tennessee,Loudon,686,3,0,35.73939663,-84.31145275,47105.0,1268.7726566545832,0.43731778425655976,683,682,3,0,679,653,53054,4,0,0,4,29
2020-08-05,US,Tennessee,Macon,847,13,0,36.53157855,-86.00778595,47111.0,3442.809527680676,1.5348288075560803,834,841,13,0,828,832,24265,6,0,0,6,9
2020-08-05,US,Tennessee,Madison,957,14,0,35.61181957,-88.84076036,47113.0,976.6900718484653,1.4629049111807733,943,929,13,0,916,912,97605,28,1,0,27,17
2020-08-05,US,Tennessee,Marion,210,4,0,35.12997174,-85.62265895,47115.0,726.4676375964299,1.9047619047619049,206,209,4,0,205,205,28575,1,0,0,1,4
2020-08-05,US,Tennessee,Marshall,271,3,0,35.45798777,-86.76420988,47117.0,788.3636363636364,1.1070110701107012,268,266,2,0,264,265,33683,5,1,0,4,1
2020-08-05,US,Tennessee,Maury,1107,7,0,35.618741299999996,-87.07462444,47119.0,1148.4951290111735,0.6323396567299007,1100,1089,7,0,1082,1081,94340,18,0,0,18,8
2020-08-05,US,Tennessee,McMinn,498,20,0,35.42812616,-84.61520715,47107.0,925.7538015392054,4.016064257028113,478,493,20,0,473,489,53285,5,0,0,5,4
2020-08-05,US,Tennessee,McNairy,335,5,0,35.17468549,-88.5647812,47109.0,1303.8063361095974,1.492537313432836,330,324,5,0,319,316,25832,11,0,0,11,8
2020-08-05,US,Tennessee,Meigs,99,0,0,35.51558739,-84.81482914,47121.0,796.9731122202544,0.0,99,99,0,0,99,98,12306,0,0,0,0,1
2020-08-05,US,Tennessee,Monroe,380,9,0,35.44550387,-84.24902965,47123.0,816.4142227951445,2.3684210526315788,371,377,9,0,368,366,46357,3,0,0,3,11
2020-08-05,US,Tennessee,Montgomery,1781,13,0,36.49609412,-87.38550661,47125.0,852.1816520170532,0.7299270072992701,1768,1752,12,0,1740,1734,205950,29,1,0,28,18
2020-08-05,US,Tennessee,Moore,53,0,0,35.27724699,-86.36230578,47127.0,816.8927250308261,0.0,53,44,0,0,44,45,6411,9,0,0,9,-1
2020-08-05,US,Tennessee,Morgan,94,1,0,36.13248031,-84.64880098,47129.0,439.1907676493949,1.0638297872340423,93,91,1,0,90,82,21579,3,0,0,3,9
2020-08-05,US,Tennessee,Obion,464,4,0,36.35732446,-89.14921589,47131.0,1543.1174964248896,0.8620689655172413,460,453,4,0,449,435,30267,11,0,0,11,18
2020-08-05,US,Tennessee,Out of TN,2793,14,0,0.0,0.0,80047.0,0.0,0.5012531328320802,2779,2789,14,0,2775,2783,,4,0,0,4,6
2020-08-05,US,Tennessee,Overton,141,1,0,36.34117832,-85.28989535,47133.0,633.9643001663594,0.7092198581560284,140,139,1,0,138,134,22068,2,0,0,2,5
2020-08-05,US,Tennessee,Perry,77,0,0,35.63708728,-87.86139634,47135.0,953.4422981674097,0.0,77,74,0,0,74,74,8064,3,0,0,3,0
2020-08-05,US,Tennessee,Pickett,27,1,0,36.55606529,-85.07763299999998,47137.0,534.86529318542,3.703703703703704,26,25,1,0,24,22,5082,2,0,0,2,3
2020-08-05,US,Tennessee,Polk,181,3,0,35.12245443,-84.52075859,47139.0,1075.3326996197718,1.6574585635359116,178,179,3,0,176,165,16898,2,0,0,2,14
2020-08-05,US,Tennessee,Putnam,1646,13,0,36.14005459,-85.50646123,47141.0,2051.2181444326748,0.7897934386391251,1633,1601,13,0,1588,1544,78843,45,0,0,45,57
2020-08-05,US,Tennessee,Rhea,514,1,0,35.60536161,-84.93076643,47143.0,1549.733168510869,0.19455252918287935,513,511,1,0,510,502,33044,3,0,0,3,9
2020-08-05,US,Tennessee,Roane,398,2,0,35.84923189,-84.52458689,47145.0,745.5696676782436,0.5025125628140703,396,392,2,0,390,364,53140,6,0,0,6,28
2020-08-05,US,Tennessee,Robertson,1475,19,0,36.52454807,-86.87346725,47147.0,2053.945664434016,1.2881355932203389,1456,1459,19,0,1440,1450,71012,16,0,0,16,9
2020-08-05,US,Tennessee,Rutherford,6254,53,0,35.84591405,-86.4107263,47149.0,1882.119265088704,0.8474576271186439,6201,6155,53,0,6102,6072,324890,99,0,0,99,83
2020-08-05,US,Tennessee,Scott,105,0,0,36.42325673,-84.50360494,47151.0,475.80206634040235,0.0,105,105,0,0,105,104,22039,0,0,0,0,1
2020-08-05,US,Tennessee,Sequatchie,96,0,0,35.36979721,-85.41022136,47153.0,638.8925861839479,0.0,96,96,0,0,96,94,14876,0,0,0,0,2
2020-08-05,US,Tennessee,Sevier,1763,6,0,35.78077323,-83.52244332,47155.0,1794.4020356234091,0.3403289846851957,1757,1756,5,0,1751,1713,97892,7,1,0,6,43
2020-08-05,US,Tennessee,Shelby,21924,298,0,35.1864775,-89.89692423,47157.0,2339.393447905707,1.3592410144134282,21626,21728,293,0,21435,21492,935764,196,5,0,191,236
2020-08-05,US,Tennessee,Smith,393,3,0,36.25359775,-85.95411046,47159.0,1949.694895073672,0.7633587786259542,390,384,3,0,381,363,19942,9,0,0,9,21
2020-08-05,US,Tennessee,Stewart,72,0,0,36.50235092,-87.83920548,47161.0,524.9726576740795,0.0,72,70,0,0,70,70,13561,2,0,0,2,0
2020-08-05,US,Tennessee,Sullivan,859,11,0,36.51240691,-82.30412917,47163.0,542.4760653749969,1.280558789289872,848,833,9,0,824,806,157668,26,2,0,24,27
2020-08-05,US,Tennessee,Sumner,3264,71,0,36.46824103,-86.45917204,47165.0,1706.3722338106365,2.175245098039216,3193,3219,70,0,3149,3178,187149,45,1,0,44,41
2020-08-05,US,Tennessee,Tipton,1137,9,0,35.501942,-89.73694895,47167.0,1845.809185214045,0.7915567282321899,1128,1123,9,0,1114,1106,61581,14,0,0,14,17
2020-08-05,US,Tennessee,Trousdale,1576,6,0,36.39026213,-86.16087954,47169.0,13966.678482807514,0.3807106598984771,1570,1576,6,0,1570,1572,11012,0,0,0,0,4
2020-08-05,US,Tennessee,Unassigned,2928,5,0,0.0,0.0,90047.0,0.0,0.17076502732240434,2923,2957,5,0,2952,2954,,-29,0,0,-29,3
2020-08-05,US,Tennessee,Unicoi,141,0,0,36.10890856,-82.43709629,47171.0,788.4583123636974,0.0,141,139,0,0,139,138,17761,2,0,0,2,1
2020-08-05,US,Tennessee,Union,133,0,0,36.28590426,-83.83651902,47173.0,665.9323052273182,0.0,133,129,0,0,129,120,19688,4,0,0,4,9
2020-08-05,US,Tennessee,Van Buren,33,0,0,35.69864497,-85.45221699,47175.0,561.9891008174386,0.0,33,33,0,0,33,33,5765,0,0,0,0,0
2020-08-05,US,Tennessee,Warren,454,4,0,35.672829899999996,-85.77969117,47177.0,1099.8861351357898,0.8810572687224669,450,429,4,0,425,403,40878,25,0,0,25,26
2020-08-05,US,Tennessee,Washington,1114,2,0,36.29472368,-82.49454720000001,47179.0,861.0628019323673,0.17953321364452424,1112,1089,2,0,1087,1066,128607,25,0,0,25,23
2020-08-05,US,Tennessee,Wayne,222,2,0,35.23868267,-87.78644456,47181.0,1331.4940322677382,0.9009009009009008,220,219,1,0,218,216,16558,3,1,0,2,3
2020-08-05,US,Tennessee,Weakley,329,3,0,36.29896232,-88.71990865,47183.0,987.1579452712434,0.9118541033434652,326,310,3,0,307,276,33415,19,0,0,19,34
2020-08-05,US,Tennessee,White,232,3,0,35.92929884,-85.45591799,47185.0,848.4183580179193,1.293103448275862,229,205,3,0,202,194,27107,27,0,0,27,11
2020-08-05,US,Tennessee,Williamson,3363,22,0,35.89099229,-86.89281867,47187.0,1410.5833598979916,0.6541778174249182,3341,3308,22,0,3286,3269,231729,55,0,0,55,39
2020-08-05,US,Tennessee,Wilson,2152,23,0,36.15496772,-86.29775884,47189.0,1487.6570093393334,1.0687732342007434,2129,2102,22,0,2080,2072,140625,50,1,0,49,30
2020-08-05,US,Texas,Anderson,2355,10,0,31.81534745,-95.65354823,48001.0,4078.9815536502992,0.4246284501061571,2345,2329,10,0,2319,2307,58057,26,0,0,26,22
2020-08-05,US,Texas,Andrews,273,6,0,32.30468633,-102.6376548,48003.0,1459.5028067361663,2.1978021978021984,267,268,6,0,262,267,18128,5,0,0,5,1
2020-08-05,US,Texas,Angelina,1755,38,0,31.25457347,-94.60901487,48005.0,2023.8713025428128,2.1652421652421654,1717,1745,37,0,1708,1647,87092,10,1,0,9,98
2020-08-05,US,Texas,Aransas,162,12,0,28.10556197,-96.9995047,48007.0,689.0684814972352,7.407407407407407,150,158,12,0,146,158,23792,4,0,0,4,0
2020-08-05,US,Texas,Archer,20,0,0,33.61569967,-98.68754589,48009.0,233.836080907284,0.0,20,20,0,0,20,20,8786,0,0,0,0,0
2020-08-05,US,Texas,Armstrong,7,0,0,34.96507426,-101.3574874,48011.0,370.95919448860633,0.0,7,9,0,0,9,8,1892,-2,0,0,-2,1
2020-08-05,US,Texas,Atascosa,419,16,0,28.89333001,-98.52730485,48013.0,819.1112935702696,3.8186157517899764,403,413,15,0,398,405,50310,6,1,0,5,8
2020-08-05,US,Texas,Austin,218,3,0,29.88548725,-96.27736949,48015.0,725.8923814597763,1.3761467889908257,215,216,3,0,213,213,29989,2,0,0,2,3
2020-08-05,US,Texas,Bailey,166,4,0,34.06854817,-102.8299707,48017.0,2371.428571428572,2.409638554216868,162,159,4,0,155,158,7027,7,0,0,7,1
2020-08-05,US,Texas,Bandera,89,3,0,29.74619598,-99.24598147,48019.0,385.08134302526827,3.3707865168539324,86,83,3,0,80,83,22824,6,0,0,6,0
2020-08-05,US,Texas,Bastrop,1313,20,0,30.10370699,-97.31206354,48021.0,1479.886838812935,1.523229246001523,1293,1302,18,0,1284,1296,86976,11,2,0,9,6
2020-08-05,US,Texas,Baylor,8,0,0,33.61640794,-99.21352901,48023.0,227.98518096323738,0.0,8,7,0,0,7,7,3582,1,0,0,1,0
2020-08-05,US,Texas,Bee,696,9,0,28.41761668,-97.74215593,48025.0,2137.2639336711195,1.293103448275862,687,669,9,0,660,626,32587,27,0,0,27,43
2020-08-05,US,Texas,Bell,3680,33,0,31.03736027,-97.4785025,48027.0,1013.9863993563392,0.8967391304347826,3647,3598,33,0,3565,3496,355642,82,0,0,82,102
2020-08-05,US,Texas,Bexar,41614,673,0,29.44928723,-98.52019748,48029.0,2077.009154732041,1.617244196664584,40941,41274,646,0,40628,41138,1986049,340,27,0,313,136
2020-08-05,US,Texas,Blanco,98,5,0,30.26640707,-98.3999852,48031.0,821.3896571955411,5.1020408163265305,93,98,5,0,93,98,11702,0,0,0,0,0
2020-08-05,US,Texas,Bosque,136,2,0,31.89978581,-97.63613524,48035.0,727.8565694407279,1.4705882352941178,134,135,2,0,133,128,18691,1,0,0,1,7
2020-08-05,US,Texas,Bowie,708,31,0,33.44626922,-94.41834132,48037.0,759.2900423615207,4.378531073446328,677,706,31,0,675,708,94324,2,0,0,2,-2
2020-08-05,US,Texas,Brazoria,6887,84,0,29.18757369,-95.44563172,48039.0,1840.1449244383648,1.2196892696384491,6803,6732,78,0,6654,6732,370200,155,6,0,149,0
2020-08-05,US,Texas,Brazos,3973,46,0,30.663644800000004,-96.30205577,48041.0,1733.3374052728714,1.1578152529574628,3927,3936,43,0,3893,3922,226758,37,3,0,34,14
2020-08-05,US,Texas,Brewster,186,2,0,29.81008251,-103.2520326,48043.0,2021.0800825817664,1.075268817204301,184,186,2,0,184,184,9267,0,0,0,0,2
2020-08-05,US,Texas,Briscoe,11,1,0,34.53026962,-101.2084947,48045.0,711.5135834411383,9.090909090909092,10,11,1,0,10,11,1516,0,0,0,0,0
2020-08-05,US,Texas,Brooks,94,1,0,27.03103197,-98.21808402,48047.0,1325.2502467221204,1.0638297872340423,93,91,1,0,90,87,7114,3,0,0,3,4
2020-08-05,US,Texas,Brown,356,15,0,31.77430356,-98.99907113,48049.0,940.2070568349884,4.213483146067416,341,356,15,0,341,351,37924,0,0,0,0,5
2020-08-05,US,Texas,Burleson,235,6,0,30.49273808,-96.62158484,48051.0,1274.1961719893727,2.5531914893617023,229,232,5,0,227,231,18389,3,1,0,2,1
2020-08-05,US,Texas,Burnet,544,7,0,30.78801353,-98.181887,48053.0,1129.6853909251374,1.286764705882353,537,544,7,0,537,542,47542,0,0,0,0,2
2020-08-05,US,Texas,Caldwell,1096,24,0,29.83668859,-97.61814775,48055.0,2510.076951264199,2.18978102189781,1072,1080,24,0,1056,1071,43247,16,0,0,16,9
2020-08-05,US,Texas,Calhoun,511,4,0,28.47048236,-96.61633945,48057.0,2400.18788163457,0.7827788649706457,507,493,4,0,489,453,21561,18,0,0,18,40
2020-08-05,US,Texas,Callahan,46,3,0,32.29760619,-99.37326312,48059.0,329.9146525138063,6.521739130434782,43,43,3,0,40,41,13994,3,0,0,3,2
2020-08-05,US,Texas,Cameron,15564,394,0,26.14524221,-97.48140372,48061.0,3678.01532742702,2.5314829092778206,15170,14781,383,0,14398,13516,423908,783,11,0,772,1265
2020-08-05,US,Texas,Camp,219,5,0,32.97195142,-94.97790104,48063.0,1672.5217656942111,2.2831050228310503,214,218,5,0,213,218,13033,1,0,0,1,0
2020-08-05,US,Texas,Carson,14,0,0,35.40365929,-101.3542669,48065.0,236.2470469119136,0.0,14,14,0,0,14,13,6005,0,0,0,0,1
2020-08-05,US,Texas,Cass,160,7,0,33.07499881,-94.34646905,48067.0,532.871511356824,4.375,153,158,7,0,151,153,30119,2,0,0,2,5
2020-08-05,US,Texas,Castro,188,4,0,34.53016752,-102.2617243,48069.0,2496.67994687915,2.127659574468085,184,182,4,0,178,170,7665,6,0,0,6,12
2020-08-05,US,Texas,Chambers,924,2,0,29.70972016,-94.67154501,48071.0,2107.808472295093,0.21645021645021645,922,912,2,0,910,894,42454,12,0,0,12,18
2020-08-05,US,Texas,Cherokee,832,5,0,31.837258,-95.16559897,48073.0,1580.3669794476316,0.6009615384615384,827,807,5,0,802,783,52592,25,0,0,25,24
2020-08-05,US,Texas,Childress,36,0,0,34.529304100000004,-100.2077916,48075.0,492.74568847522585,0.0,36,36,0,0,36,34,7291,0,0,0,0,2
2020-08-05,US,Texas,Clay,36,1,0,33.78686685,-98.20771198,48077.0,343.8067042307325,2.7777777777777777,35,35,1,0,34,34,10456,1,0,0,1,1
2020-08-05,US,Texas,Cochran,31,0,0,33.60425307,-102.8284499,48079.0,1086.5755345250614,0.0,31,27,0,0,27,21,2836,4,0,0,4,6
2020-08-05,US,Texas,Coke,40,1,0,31.88911733,-100.5297533,48081.0,1180.9861234130499,2.5,39,40,1,0,39,39,3370,0,0,0,0,1
2020-08-05,US,Texas,Coleman,16,0,0,31.76736834,-99.45240766,48083.0,195.7186544342508,0.0,16,13,0,0,13,11,8397,3,0,0,3,2
2020-08-05,US,Texas,Collin,6857,85,0,33.18820114,-96.57264368,48085.0,662.6849516298937,1.239609158524136,6772,6421,72,0,6349,6403,1005146,436,13,0,423,18
2020-08-05,US,Texas,Collingsworth,7,0,0,34.96489496,-100.2700111,48087.0,239.72602739726028,0.0,7,7,0,0,7,7,2962,0,0,0,0,0
2020-08-05,US,Texas,Colorado,257,2,0,29.622098,-96.5273805,48089.0,1195.7381473037733,0.7782101167315175,255,257,2,0,255,246,21217,0,0,0,0,11
2020-08-05,US,Texas,Comal,1720,67,0,29.80811278,-98.27647225,48091.0,1101.0889257341123,3.8953488372093017,1653,1720,65,0,1655,1679,148373,0,2,0,-2,41
2020-08-05,US,Texas,Comanche,121,3,0,31.94854689,-98.55876441,48093.0,887.4220755408875,2.479338842975207,118,236,3,0,233,230,13534,-115,0,0,-115,6
2020-08-05,US,Texas,Concho,26,0,0,31.32635934,-99.86473038,48095.0,953.7784299339693,0.0,26,26,1,0,25,26,4276,0,-1,0,1,0
2020-08-05,US,Texas,Cooke,206,3,0,33.63979567,-97.21240912,48097.0,499.30920813437723,1.4563106796116505,203,202,3,0,199,200,40574,4,0,0,4,2
2020-08-05,US,Texas,Coryell,636,5,0,31.39078397,-97.79936155,48099.0,837.3819962870798,0.7861635220125787,631,620,5,0,615,614,74808,16,0,0,16,6
2020-08-05,US,Texas,Cottle,14,2,0,34.07783319,-100.2785062,48101.0,1001.4306151645208,14.285714285714285,12,14,2,0,12,14,1389,0,0,0,0,0
2020-08-05,US,Texas,Crane,70,2,0,31.43052248,-102.5143314,48103.0,1459.245361684386,2.8571428571428568,68,75,2,0,73,75,4794,-5,0,0,-5,0
2020-08-05,US,Texas,Crockett,156,3,0,30.72367027,-101.4134238,48105.0,4503.464203233257,1.9230769230769231,153,156,3,0,153,154,3499,0,0,0,0,2
2020-08-05,US,Texas,Crosby,58,1,0,33.61431553,-101.3000364,48107.0,1010.9813491371796,1.7241379310344829,57,54,1,0,53,52,5779,4,0,0,4,2
2020-08-05,US,Texas,Culberson,16,2,0,31.44506775,-104.5185739,48109.0,736.9875633348688,12.5,14,16,2,0,14,15,2204,0,0,0,0,1
2020-08-05,US,Texas,Dallam,183,5,0,36.27787176,-102.6020725,48111.0,2511.3215314944423,2.7322404371584703,178,180,5,0,175,179,7200,3,0,0,3,1
2020-08-05,US,Texas,Dallas,52639,726,0,32.76670599,-96.7779605,48113.0,1997.2938885592043,1.3792055320199852,51913,52131,722,0,51409,51490,2637772,508,4,0,504,641
2020-08-05,US,Texas,Dawson,137,4,0,32.74255572,-101.9477242,48115.0,1076.3670647391575,2.9197080291970803,133,137,4,0,133,137,12619,0,0,0,0,0
2020-08-05,US,Texas,DeWitt,641,15,0,29.08101855,-97.3568117,48123.0,3179.5634920634916,2.3400936037441498,626,626,15,0,611,531,20187,15,0,0,15,95
2020-08-05,US,Texas,Deaf Smith,629,17,0,34.96522957,-102.6054267,48117.0,3391.5669146985874,2.702702702702702,612,612,17,0,595,597,18760,17,0,0,17,15
2020-08-05,US,Texas,Delta,16,0,0,33.38570922,-95.66921122,48119.0,300.13130744700806,0.0,16,16,0,0,16,16,5349,0,0,0,0,0
2020-08-05,US,Texas,Denton,7257,80,0,33.20521901,-97.11691153,48121.0,817.9601829110907,1.1023839051949842,7177,7032,78,0,6954,6938,859064,225,2,0,223,94
2020-08-05,US,Texas,Dickens,4,1,0,33.61616822,-100.7788855,48125.0,180.91361374943463,25.0,3,4,1,0,3,4,2249,0,0,0,0,0
2020-08-05,US,Texas,Dimmit,138,3,0,28.42270064,-99.75645095,48127.0,1363.0975898854206,2.1739130434782608,135,131,1,0,130,124,10308,7,2,0,5,7
2020-08-05,US,Texas,Donley,45,0,0,34.96517499,-100.8140093,48129.0,1372.7882855399635,0.0,45,44,0,0,44,43,3319,1,0,0,1,1
2020-08-05,US,Texas,Duval,161,5,0,27.68184592,-98.50864568,48131.0,1443.0402437931346,3.1055900621118013,156,152,4,0,148,152,11212,9,1,0,8,0
2020-08-05,US,Texas,Eastland,63,1,0,32.32743996,-98.83243566,48133.0,343.13725490196083,1.5873015873015872,62,58,1,0,57,51,18322,5,0,0,5,7
2020-08-05,US,Texas,Ector,3481,52,0,31.86898877,-102.5429428,48135.0,2094.1746930328536,1.4938236139040506,3429,3440,52,0,3388,3287,162124,41,0,0,41,153
2020-08-05,US,Texas,Edwards,27,0,0,29.98202582,-100.304252,48137.0,1397.5155279503103,0.0,27,25,0,0,25,24,1928,2,0,0,2,1
2020-08-05,US,Texas,El Paso,15427,280,0,31.76980765,-106.2363275,48141.0,1838.215142784288,1.8149996758929152,15147,15142,254,0,14888,14914,840758,285,26,0,259,228
2020-08-05,US,Texas,Ellis,2691,37,0,32.34894117,-96.79371841,48139.0,1455.9639877506409,1.3749535488665925,2654,2545,35,0,2510,2472,179436,146,2,0,144,73
2020-08-05,US,Texas,Erath,489,5,0,32.23602653,-98.21773417,48143.0,1145.252705044733,1.0224948875255624,484,476,5,0,471,462,42446,13,0,0,13,14
2020-08-05,US,Texas,Falls,114,3,0,31.25350609,-96.93630086,48145.0,659.0738278314159,2.631578947368421,111,112,2,0,110,110,17335,2,1,0,1,2
2020-08-05,US,Texas,Fannin,237,8,0,33.59564294,-96.10751083,48147.0,667.3424564960297,3.3755274261603376,229,219,8,0,211,214,35286,18,0,0,18,5
2020-08-05,US,Texas,Fayette,376,14,0,29.87788372,-96.92076062,48149.0,1483.468791919829,3.723404255319149,362,372,13,0,359,367,25349,4,1,0,3,5
2020-08-05,US,Texas,Fisher,26,1,0,32.74281316,-100.4019302,48151.0,678.8511749347257,3.8461538461538463,25,26,1,0,25,24,3839,0,0,0,0,2
2020-08-05,US,Texas,Floyd,86,5,0,34.07227468,-101.3031546,48153.0,1505.6022408963586,5.813953488372092,81,85,5,0,80,83,5837,1,0,0,1,2
2020-08-05,US,Texas,Foard,2,0,0,33.97308618,-99.7767797,48155.0,173.16017316017312,0.0,2,2,0,0,2,2,1200,0,0,0,0,0
2020-08-05,US,Texas,Fort Bend,8559,151,0,29.52704478,-95.77219463,48157.0,1054.4692049161747,1.7642247926159598,8408,7287,146,0,7141,7191,787858,1272,5,0,1267,96
2020-08-05,US,Texas,Franklin,89,1,0,33.17653242,-95.21917243,48159.0,829.8368298368297,1.1235955056179776,88,87,1,0,86,84,10766,2,0,0,2,3
2020-08-05,US,Texas,Freestone,142,0,0,31.70422788,-96.15072516,48161.0,720.1906983821068,0.0,142,139,0,0,139,139,19808,3,0,0,3,0
2020-08-05,US,Texas,Frio,495,5,0,28.86751206,-99.10804207,48163.0,2437.703141928494,1.0101010101010102,490,476,5,0,471,475,19816,19,0,0,19,1
2020-08-05,US,Texas,Gaines,145,0,0,32.74055318,-102.6353295,48165.0,674.6696445188908,0.0,145,136,0,0,136,132,20901,9,0,0,9,4
2020-08-05,US,Texas,Galveston,9168,106,0,29.40167322,-94.90469073,48167.0,2679.612672042649,1.156195462478185,9062,8999,106,0,8893,8825,337890,169,0,0,169,174
2020-08-05,US,Texas,Garza,99,2,0,33.17969345,-101.2984114,48169.0,1589.34018301493,2.0202020202020203,97,97,2,0,95,97,6578,2,0,0,2,0
2020-08-05,US,Texas,Gillespie,174,5,0,30.31824095,-98.94676915,48171.0,644.7309915518008,2.8735632183908044,169,171,5,0,166,171,26804,3,0,0,3,0
2020-08-05,US,Texas,Glasscock,6,0,0,31.86942909,-101.5207776,48173.0,425.83392476934,0.0,6,6,0,0,6,6,1388,0,0,0,0,0
2020-08-05,US,Texas,Goliad,77,4,0,28.65696592,-97.42760647,48175.0,1005.4844606946983,5.194805194805196,73,77,3,0,74,77,7584,0,1,0,-1,0
2020-08-05,US,Texas,Gonzales,646,9,0,29.45634206,-97.49424032,48177.0,3100.254355233479,1.3931888544891642,637,631,8,0,623,617,20826,15,1,0,14,14
2020-08-05,US,Texas,Gray,205,2,0,35.40081878,-100.8129222,48179.0,936.671845015078,0.975609756097561,203,196,2,0,194,183,21895,9,0,0,9,13
2020-08-05,US,Texas,Grayson,1051,11,0,33.62744998,-96.67753461,48181.0,771.5913429066455,1.0466222645099903,1040,1035,11,0,1024,1025,133991,16,0,0,16,10
2020-08-05,US,Texas,Gregg,1348,22,0,32.47940482,-94.81591935,48183.0,1087.5791681794344,1.632047477744807,1326,1322,21,0,1301,1313,123707,26,1,0,25,9
2020-08-05,US,Texas,Grimes,861,20,0,30.54579585,-95.98902499,48185.0,2981.301939058172,2.3228803716608595,841,854,20,0,834,849,28360,7,0,0,7,5
2020-08-05,US,Texas,Guadalupe,1650,48,0,29.58165339,-97.94786822,48187.0,988.9299777640593,2.9090909090909087,1602,1610,45,0,1565,1597,163694,40,3,0,37,13
2020-08-05,US,Texas,Hale,1244,24,0,34.07044901,-101.8268114,48189.0,3723.881937376519,1.929260450160772,1220,1230,24,0,1206,1185,33830,14,0,0,14,45
2020-08-05,US,Texas,Hall,10,1,0,34.5307555,-100.6813852,48191.0,337.3819163292848,10.0,9,9,1,0,8,8,3028,1,0,0,1,1
2020-08-05,US,Texas,Hamilton,55,2,0,31.70470573,-98.11083887,48193.0,650.0413662687625,3.636363636363636,53,55,2,0,53,55,8484,0,0,0,0,0
2020-08-05,US,Texas,Hansford,58,2,0,36.27743284,-101.3545796,48195.0,1074.2730135210224,3.4482758620689653,56,58,2,0,56,59,5463,0,0,0,0,-1
2020-08-05,US,Texas,Hardeman,17,0,0,34.28944521,-99.74632408,48197.0,432.24002034070685,0.0,17,16,0,0,16,15,3922,1,0,0,1,1
2020-08-05,US,Texas,Hardin,902,11,0,30.33364686,-94.38931817,48199.0,1565.9178500746502,1.2195121951219512,891,859,11,0,848,811,57207,43,0,0,43,48
2020-08-05,US,Texas,Harris,80914,805,0,29.85864939,-95.39339521,48201.0,1716.7074199211804,0.9948834565093804,80109,79536,789,0,78747,78100,4698619,1378,16,0,1362,1436
2020-08-05,US,Texas,Harrison,644,22,0,32.54935988,-94.36934071,48203.0,967.6498429822847,3.4161490683229814,622,630,22,0,608,624,66726,14,0,0,14,6
2020-08-05,US,Texas,Hartley,82,0,0,35.84008013,-102.6029022,48205.0,1470.588235294117,0.0,82,82,2,0,80,82,5619,0,-2,0,2,0
2020-08-05,US,Texas,Haskell,39,0,0,33.17823584,-99.73037358,48207.0,689.2895015906682,0.0,39,39,0,0,39,35,5813,0,0,0,0,4
2020-08-05,US,Texas,Hays,4969,35,0,30.05669873,-98.02944344,48209.0,2158.642171066636,0.7043670758703965,4934,4931,34,0,4897,4893,222631,38,1,0,37,38
2020-08-05,US,Texas,Hemphill,42,0,0,35.83764858,-100.2703577,48211.0,1099.7643362136685,0.0,42,42,0,0,42,41,3825,0,0,0,0,1
2020-08-05,US,Texas,Henderson,609,11,0,32.21128872,-95.85846587,48213.0,736.0672975814932,1.80623973727422,598,604,11,0,593,577,82299,5,0,0,5,27
2020-08-05,US,Texas,Hidalgo,18699,743,0,26.39418217,-98.18299696,48215.0,2152.509419171251,3.9734745173538686,17956,17751,656,0,17095,17353,865939,948,87,0,861,398
2020-08-05,US,Texas,Hill,313,5,0,31.99045053,-97.13423143,48217.0,854.0478594231765,1.597444089456869,308,311,4,0,307,308,36354,2,1,0,1,3
2020-08-05,US,Texas,Hockley,191,4,0,33.60771256,-102.3431676,48219.0,829.6772512054213,2.094240837696335,187,189,4,0,185,181,22980,2,0,0,2,8
2020-08-05,US,Texas,Hood,490,9,0,32.42990927,-97.83242024,48221.0,794.8996641954477,1.836734693877551,481,480,9,0,471,437,60537,10,0,0,10,43
2020-08-05,US,Texas,Hopkins,183,1,0,33.14875072,-95.56351139,48223.0,493.474274619782,0.5464480874316939,182,180,1,0,179,169,36810,3,0,0,3,11
2020-08-05,US,Texas,Houston,307,6,0,31.31925973,-95.42226208,48225.0,1336.642284918147,1.954397394136808,301,304,6,0,298,249,23169,3,0,0,3,55
2020-08-05,US,Texas,Howard,162,3,0,32.30621324,-101.4356444,48227.0,441.85031638664634,1.851851851851852,159,161,3,0,158,157,36459,1,0,0,1,4
2020-08-05,US,Texas,Hudspeth,22,2,0,31.45628381,-105.388178,48229.0,450.26606631191163,9.090909090909092,20,22,2,0,20,22,4795,0,0,0,0,0
2020-08-05,US,Texas,Hunt,1105,21,0,33.12351514,-96.08551032,48231.0,1120.7578554475929,1.9004524886877827,1084,1105,20,0,1085,1059,96493,0,1,0,-1,46
2020-08-05,US,Texas,Hutchinson,120,2,0,35.84006574,-101.3546643,48233.0,573.120641895119,1.6666666666666667,118,118,2,0,116,114,21198,2,0,0,2,4
2020-08-05,US,Texas,Irion,9,0,0,31.30375559,-100.982439,48235.0,585.9375,0.0,9,9,0,0,9,9,1522,0,0,0,0,0
2020-08-05,US,Texas,Jack,47,0,0,33.23377248,-98.17283469,48237.0,526.0212646894236,0.0,47,43,0,0,43,40,8843,4,0,0,4,3
2020-08-05,US,Texas,Jackson,380,5,0,28.95472367,-96.57749563,48239.0,2574.5257452574524,1.3157894736842106,375,344,5,0,339,320,14874,36,0,0,36,24
2020-08-05,US,Texas,Jasper,302,5,0,30.74685667,-94.02667579,48241.0,850.009851107546,1.6556291390728477,297,301,5,0,296,291,35872,1,0,0,1,10
2020-08-05,US,Texas,Jeff Davis,8,0,0,30.71490589,-104.1399973,48243.0,351.8029903254178,0.0,8,8,0,0,8,8,2252,0,0,0,0,0
2020-08-05,US,Texas,Jefferson,5721,74,0,29.8832777,-94.16434171,48245.0,2274.1637350187825,1.293480160811047,5647,5609,73,0,5536,5506,255001,112,1,0,111,103
2020-08-05,US,Texas,Jim Hogg,54,1,0,27.04453923,-98.6968187,48247.0,1038.4615384615388,1.851851851851852,53,54,1,0,53,53,5248,0,0,0,0,1
2020-08-05,US,Texas,Jim Wells,658,13,0,27.73103938,-98.0904705,48249.0,1625.4137641420878,1.975683890577508,645,637,11,0,626,630,40822,21,2,0,19,7
2020-08-05,US,Texas,Johnson,1730,30,0,32.37877812,-97.36615819,48251.0,983.9776585881913,1.7341040462427746,1700,1619,27,0,1592,1541,171361,111,3,0,108,78
2020-08-05,US,Texas,Jones,631,0,0,32.73997145,-99.87861576,48253.0,3141.9608624209527,0.0,631,628,0,0,628,622,19817,3,0,0,3,6
2020-08-05,US,Texas,Karnes,391,5,0,28.90705334,-97.85960149,48255.0,2506.2495993846546,1.278772378516624,386,344,5,0,339,300,15650,47,0,0,47,44
2020-08-05,US,Texas,Kaufman,2007,22,0,32.599141700000004,-96.28734728,48257.0,1474.066130998722,1.096163428001993,1985,1900,22,0,1878,1816,128622,107,0,0,107,84
2020-08-05,US,Texas,Kendall,155,4,0,29.94414155,-98.7113588,48259.0,326.79049566739053,2.5806451612903225,151,148,4,0,144,145,45641,7,0,0,7,3
2020-08-05,US,Texas,Kenedy,6,1,0,26.92601662,-97.66413984,48261.0,1485.148514851485,16.666666666666668,5,6,1,0,5,6,442,0,0,0,0,0
2020-08-05,US,Texas,Kent,3,0,0,33.18104136,-100.7780939,48263.0,393.70078740157476,0.0,3,3,0,0,3,2,726,0,0,0,0,1
2020-08-05,US,Texas,Kerr,384,6,0,30.06040006,-99.34930144,48265.0,730.0380228136883,1.5625,378,372,6,0,366,348,52405,12,0,0,12,24
2020-08-05,US,Texas,Kimble,13,0,0,30.48678918,-99.74856473,48267.0,299.7463684574591,0.0,13,13,0,0,13,13,4362,0,0,0,0,0
2020-08-05,US,Texas,Kinney,18,0,0,29.34967888,-100.4186638,48271.0,490.86446686664846,0.0,18,17,0,0,17,17,3767,1,0,0,1,0
2020-08-05,US,Texas,Kleberg,389,6,0,27.42435506,-97.69894948,48273.0,1267.9269882659712,1.5424164524421593,383,375,6,0,369,361,31129,14,0,0,14,14
2020-08-05,US,Texas,Knox,53,0,0,33.60519951,-99.7422906,48275.0,1446.5065502183404,0.0,53,48,0,0,48,46,3653,5,0,0,5,2
2020-08-05,US,Texas,La Salle,356,1,0,28.34453111,-99.09908775,48283.0,4734.04255319149,0.2808988764044944,355,357,1,0,356,357,7531,-1,0,0,-1,0
2020-08-05,US,Texas,Lamar,642,16,0,33.66981763,-95.57404777,48277.0,1287.6311197577168,2.4922118380062304,626,640,16,0,624,625,49728,2,0,0,2,15
2020-08-05,US,Texas,Lamb,213,10,0,34.06859623,-102.3516289,48279.0,1652.0592569611413,4.694835680751174,203,207,8,0,199,203,13158,6,2,0,4,4
2020-08-05,US,Texas,Lampasas,86,2,0,31.19531316,-98.24206613,48281.0,401.34403584095566,2.3255813953488373,84,83,2,0,81,84,21229,3,0,0,3,-1
2020-08-05,US,Texas,Lavaca,625,14,0,29.38508402,-96.93186692,48285.0,3101.1213654857597,2.24,611,613,14,0,599,593,20110,12,0,0,12,20
2020-08-05,US,Texas,Lee,163,9,0,30.31120597,-96.97045773,48287.0,945.5304832066826,5.521472392638037,154,154,8,0,146,153,17144,9,1,0,8,1
2020-08-05,US,Texas,Leon,138,2,0,31.29872538,-95.9936328,48289.0,792.9211675476903,1.4492753623188406,136,138,1,0,137,138,17270,0,1,0,-1,0
2020-08-05,US,Texas,Liberty,869,30,0,30.15152688,-94.81205615,48291.0,985.0485723030188,3.4522439585730726,839,855,28,0,827,851,86323,14,2,0,12,4
2020-08-05,US,Texas,Limestone,201,3,0,31.5454767,-96.58095444,48293.0,857.6182958569783,1.492537313432836,198,201,3,0,198,199,23519,0,0,0,0,2
2020-08-05,US,Texas,Lipscomb,16,0,0,36.27783108,-100.2733151,48295.0,494.8963810702134,0.0,16,15,0,0,15,15,3355,1,0,0,1,0
2020-08-05,US,Texas,Live Oak,222,2,0,28.35101362,-98.1246786,48297.0,1818.6286556893585,0.9009009009009008,220,207,2,0,205,207,12166,15,0,0,15,0
2020-08-05,US,Texas,Llano,86,1,0,30.70645047,-98.68475262,48299.0,394.5859142005047,1.162790697674419,85,86,1,0,85,86,21646,0,0,0,0,0
2020-08-05,US,Texas,Lubbock,5751,67,0,33.61008596,-101.8204789,48303.0,1851.7624102856369,1.1650147800382542,5684,5652,66,0,5586,5593,307412,99,1,0,98,59
2020-08-05,US,Texas,Lynn,66,4,0,33.17657705,-101.8162849,48305.0,1109.0573012939,6.0606060606060606,62,66,4,0,62,65,5877,0,0,0,0,1
2020-08-05,US,Texas,Madison,645,2,0,30.96694679,-95.93003775,48313.0,4515.541865023802,0.31007751937984496,643,645,2,0,643,645,14422,0,0,0,0,0
2020-08-05,US,Texas,Marion,128,8,0,32.79868409,-94.3566123,48315.0,1298.9648873553888,6.25,120,127,8,0,119,127,9928,1,0,0,1,0
2020-08-05,US,Texas,Martin,48,3,0,32.30600051,-101.9513518,48317.0,831.7449315543232,6.25,45,46,3,0,43,45,5753,2,0,0,2,1
2020-08-05,US,Texas,Mason,45,0,0,30.71780434,-99.22629416,48319.0,1052.8778661675246,0.0,45,42,0,0,42,40,4280,3,0,0,3,2
2020-08-05,US,Texas,Matagorda,692,23,0,28.81955746,-96.01230294,48321.0,1888.4916628005344,3.3236994219653178,669,688,23,0,665,681,36552,4,0,0,4,7
2020-08-05,US,Texas,Maverick,1852,29,0,28.7429195,-100.3157686,48323.0,3153.84353393958,1.5658747300215985,1823,2210,46,0,2164,1989,58485,-358,-17,0,-341,221
2020-08-05,US,Texas,McCulloch,45,1,0,31.1925468,-99.34682807,48307.0,563.627254509018,2.2222222222222223,44,43,1,0,42,41,7987,2,0,0,2,2
2020-08-05,US,Texas,McLennan,4694,43,0,31.55255453,-97.20217694,48309.0,1829.142360583424,0.9160630592245419,4651,4571,40,0,4531,4436,254607,123,3,0,120,135
2020-08-05,US,Texas,McMullen,8,0,0,28.35251708,-98.56769164,48311.0,1076.7160161507402,0.0,8,8,0,0,8,8,749,0,0,0,0,0
2020-08-05,US,Texas,Medina,615,24,0,29.3557301,-99.11030298,48325.0,1192.2301488833748,3.902439024390244,591,615,24,0,591,595,50921,0,0,0,0,20
2020-08-05,US,Texas,Menard,17,0,0,30.88990665,-99.8204794,48327.0,795.1356407857811,0.0,17,17,0,0,17,16,2139,0,0,0,0,1
2020-08-05,US,Texas,Midland,2492,45,0,31.86904128,-102.0315682,48329.0,1409.247195077814,1.8057784911717496,2447,2362,42,0,2320,2179,172578,130,3,0,127,183
2020-08-05,US,Texas,Milam,327,3,0,30.78581830000001,-96.97718698,48331.0,1317.3266728437336,0.9174311926605504,324,327,3,0,324,306,25131,0,0,0,0,21
2020-08-05,US,Texas,Mills,16,0,0,31.49557106,-98.59272068,48333.0,328.33983172583623,0.0,16,16,0,0,16,15,4921,0,0,0,0,1
2020-08-05,US,Texas,Mitchell,58,0,0,32.30623474,-100.9212058,48335.0,678.7595084844937,0.0,58,56,0,0,56,52,8145,2,0,0,2,4
2020-08-05,US,Texas,Montague,61,1,0,33.67521893,-97.72500958,48337.0,307.80098899989906,1.639344262295082,60,60,1,0,59,57,19596,1,0,0,1,3
2020-08-05,US,Texas,Montgomery,6459,76,0,30.30079133,-95.50572772,48339.0,1063.4006760060654,1.1766527326211491,6383,6397,73,0,6324,6291,590925,62,3,0,59,106
2020-08-05,US,Texas,Moore,1035,12,0,35.83769242,-101.8930281,48341.0,4942.69340974212,1.1594202898550725,1023,1023,12,0,1011,1013,21485,12,0,0,12,10
2020-08-05,US,Texas,Morris,98,1,0,33.11304005,-94.73255695,48343.0,791.0881498224088,1.020408163265306,97,97,1,0,96,97,12339,1,0,0,1,0
2020-08-05,US,Texas,Motley,4,0,0,34.07408766,-100.779722,48345.0,333.3333333333333,0.0,4,4,0,0,4,4,1234,0,0,0,0,0
2020-08-05,US,Texas,Nacogdoches,1067,38,0,31.62017125,-94.61803994,48347.0,1636.4026746825348,3.5613870665417062,1029,1054,37,0,1017,1035,65711,13,1,0,12,19
2020-08-05,US,Texas,Navarro,810,8,0,32.04620681,-96.47428766,48349.0,1616.3470556542215,0.9876543209876544,802,794,8,0,786,767,49565,16,0,0,16,27
2020-08-05,US,Texas,Newton,92,4,0,30.78548982,-93.74408813,48351.0,676.7193821257815,4.3478260869565215,88,89,4,0,85,86,13746,3,0,0,3,3
2020-08-05,US,Texas,Nolan,132,3,0,32.30365282,-100.4060208,48353.0,897.1047981514205,2.272727272727273,129,131,3,0,128,131,14751,1,0,0,1,0
2020-08-05,US,Texas,Nueces,13321,217,0,27.736286,-97.5433285,48355.0,3676.8480847046867,1.62900683131897,13104,12813,204,0,12609,12575,362265,508,13,0,495,238
2020-08-05,US,Texas,Ochiltree,89,2,0,36.27829105,-100.8158184,48357.0,904.8393655957707,2.247191011235955,87,86,2,0,84,84,9947,3,0,0,3,2
2020-08-05,US,Texas,Oldham,14,1,0,35.40425596,-102.6027606,48359.0,662.8787878787879,7.142857142857142,13,14,1,0,13,13,2131,0,0,0,0,1
2020-08-05,US,Texas,Orange,1369,18,0,30.11879481,-93.89412775,48361.0,1641.5655427118809,1.3148283418553688,1351,1250,17,0,1233,1021,83572,119,1,0,118,229
2020-08-05,US,Texas,Palo Pinto,236,6,0,32.75310985,-98.31319001,48363.0,808.5237589502893,2.5423728813559316,230,224,6,0,218,194,28875,12,0,0,12,30
2020-08-05,US,Texas,Panola,273,17,0,32.163959600000005,-94.30552481,48365.0,1177.0285418642752,6.227106227106228,256,271,17,0,254,270,23148,2,0,0,2,1
2020-08-05,US,Texas,Parker,1160,15,0,32.77757172,-97.80500621,48367.0,811.8814653060654,1.293103448275862,1145,1123,15,0,1108,1070,138371,37,0,0,37,53
2020-08-05,US,Texas,Parmer,323,7,0,34.52993409,-102.7844668,48369.0,3362.831858407081,2.1671826625387,316,315,7,0,308,311,9864,8,0,0,8,4
2020-08-05,US,Texas,Pecos,226,1,0,30.78097267,-102.7241261,48371.0,1428.3005751121786,0.4424778761061947,225,222,1,0,221,209,15673,4,0,0,4,13
2020-08-05,US,Texas,Polk,693,11,0,30.79472531,-94.8276624,48373.0,1349.4829902829435,1.5873015873015872,682,686,11,0,675,659,50031,7,0,0,7,27
2020-08-05,US,Texas,Potter,3607,43,0,35.40133773,-101.893964,48375.0,3072.009538815313,1.1921264208483504,3564,3546,39,0,3507,3505,119648,61,4,0,57,41
2020-08-05,US,Texas,Presidio,45,0,0,29.99954402,-104.2408079,48377.0,671.2410501193317,0.0,45,44,0,0,44,44,6948,1,0,0,1,0
2020-08-05,US,Texas,Rains,47,1,0,32.87109387,-95.79232691,48379.0,375.57935112673806,2.127659574468085,46,45,1,0,44,45,12159,2,0,0,2,0
2020-08-05,US,Texas,Randall,1646,18,0,34.96585996,-101.8971322,48381.0,1195.2393746414646,1.0935601458080195,1628,1623,18,0,1605,1586,136271,23,0,0,23,37
2020-08-05,US,Texas,Reagan,61,3,0,31.36607041,-101.5232659,48383.0,1584.82722785139,4.918032786885246,58,60,3,0,57,58,3741,1,0,0,1,2
2020-08-05,US,Texas,Real,86,0,0,29.83321503,-99.82018052,48385.0,2491.3093858632683,0.0,86,77,0,0,77,76,3478,9,0,0,9,1
2020-08-05,US,Texas,Red River,135,11,0,33.61886692,-95.04841765,48387.0,1122.8478749064293,8.148148148148149,124,134,11,0,123,134,12175,1,0,0,1,0
2020-08-05,US,Texas,Reeves,143,4,0,31.32323325,-103.6903896,48389.0,895.0926389584376,2.797202797202797,139,141,3,0,138,136,15695,2,1,0,1,5
2020-08-05,US,Texas,Refugio,216,1,0,28.3238976,-97.15766311,48391.0,3108.8082901554412,0.462962962962963,215,214,0,0,214,209,7032,2,1,0,1,5
2020-08-05,US,Texas,Roberts,6,0,0,35.83809685,-100.813175,48393.0,702.5761124121782,0.0,6,7,0,0,7,7,903,-1,0,0,-1,0
2020-08-05,US,Texas,Robertson,220,2,0,31.02539637,-96.51272246,48395.0,1288.5088438561556,0.9090909090909092,218,216,2,0,214,216,17284,4,0,0,4,0
2020-08-05,US,Texas,Rockwall,786,12,0,32.89779518,-96.40771592,48397.0,749.1779059238431,1.5267175572519085,774,737,17,0,720,720,100657,49,-5,0,54,17
2020-08-05,US,Texas,Runnels,116,1,0,31.8314342,-99.97616148,48399.0,1130.1636788776304,0.8620689655172413,115,112,1,0,111,107,10234,4,0,0,4,5
2020-08-05,US,Texas,Rusk,341,2,0,32.10773545,-94.76176432,48401.0,626.7691063485645,0.5865102639296188,339,338,2,0,336,334,54450,3,0,0,3,4
2020-08-05,US,Texas,Sabine,51,6,0,31.34318809,-93.85440451,48403.0,483.77916903813315,11.764705882352944,45,49,6,0,43,44,10589,2,0,0,2,5
2020-08-05,US,Texas,San Augustine,157,11,0,31.39457611,-94.17000399,48405.0,1906.0337501517545,7.0063694267515935,146,156,11,0,145,155,8232,1,0,0,1,1
2020-08-05,US,Texas,San Jacinto,175,8,0,30.57933681,-95.16260304,48407.0,606.3966180394332,4.571428571428571,167,150,8,0,142,148,28719,25,0,0,25,2
2020-08-05,US,Texas,San Patricio,867,19,0,28.00880118,-97.51763891,48409.0,1299.2656975872922,2.1914648212226067,848,834,17,0,817,797,66893,33,2,0,31,37
2020-08-05,US,Texas,San Saba,22,0,0,31.1577796,-98.81758731,48411.0,363.3360858794385,0.0,22,22,0,0,22,22,6054,0,0,0,0,0
2020-08-05,US,Texas,Schleicher,35,1,0,30.89740592,-100.5384842,48413.0,1253.1328320802004,2.8571428571428568,34,35,1,0,34,35,2895,0,0,0,0,0
2020-08-05,US,Texas,Scurry,454,1,0,32.74613808,-100.9162664,48415.0,2718.074597377717,0.22026431718061676,453,454,1,0,453,433,16866,0,0,0,0,21
2020-08-05,US,Texas,Shackelford,17,0,0,32.73587756,-99.35401337,48417.0,520.6738131699847,0.0,17,17,0,0,17,17,3253,0,0,0,0,0
2020-08-05,US,Texas,Shelby,390,18,0,31.79211404,-94.14550696,48419.0,1543.087758170452,4.615384615384615,372,383,17,0,366,381,25418,7,1,0,6,2
2020-08-05,US,Texas,Sherman,39,0,0,36.27751473,-101.8933156,48421.0,1290.5360688285905,0.0,39,37,0,0,37,37,3079,2,0,0,2,0
2020-08-05,US,Texas,Smith,2416,18,0,32.37474036,-95.2717568,48423.0,1038.019170701737,0.7450331125827815,2398,2369,18,0,2351,2309,230221,47,0,0,47,60
2020-08-05,US,Texas,Somervell,65,0,0,32.22236802,-97.77403489,48425.0,712.0946538124452,0.0,65,61,0,0,61,58,9016,4,0,0,4,3
2020-08-05,US,Texas,Starr,2025,52,0,26.56150059,-98.73892358,48427.0,3133.074435659802,2.567901234567901,1973,1981,52,0,1929,1894,64525,44,0,0,44,87
2020-08-05,US,Texas,Stephens,31,2,0,32.73553157,-98.83631615,48429.0,330.98441170190046,6.451612903225807,29,30,2,0,28,29,9433,1,0,0,1,1
2020-08-05,US,Texas,Stonewall,5,0,0,33.17906744,-100.2538401,48433.0,370.3703703703704,0.0,5,4,0,0,4,4,1362,1,0,0,1,0
2020-08-05,US,Texas,Sutton,60,1,0,30.49856623,-100.5382014,48435.0,1588.9830508474577,1.6666666666666667,59,60,1,0,59,58,3758,0,0,0,0,2
2020-08-05,US,Texas,Swisher,79,2,0,34.53028891,-101.7349174,48437.0,1068.0005407597675,2.5316455696202533,77,76,2,0,74,75,7462,3,0,0,3,1
2020-08-05,US,Texas,Tarrant,30162,410,0,32.77143818,-97.29101614,48439.0,1434.5676487444794,1.3593263046217094,29752,29357,398,0,28959,29054,2084931,805,12,0,793,303
2020-08-05,US,Texas,Taylor,1106,21,0,32.30163422,-99.89007449,48441.0,801.2518654824174,1.8987341772151896,1085,1106,21,0,1085,1092,137640,0,0,0,0,14
2020-08-05,US,Texas,Terrell,2,0,0,30.22429013,-102.0766732,48443.0,257.73195876288656,0.0,2,2,0,0,2,2,823,0,0,0,0,0
2020-08-05,US,Texas,Terry,125,2,0,33.17402785,-102.3354521,48445.0,1013.2122882386318,1.6,123,121,2,0,119,116,12287,4,0,0,4,5
2020-08-05,US,Texas,Throckmorton,4,0,0,33.17751417,-99.21226795,48447.0,266.4890073284477,0.0,4,4,0,0,4,4,1515,0,0,0,0,0
2020-08-05,US,Texas,Titus,1289,14,0,33.21339719,-94.96797273,48449.0,3935.877862595421,1.0861132660977502,1275,1312,14,0,1298,1289,33033,-23,0,0,-23,23
2020-08-05,US,Texas,Tom Green,2513,24,0,31.40464436,-100.462443,48451.0,2108.221476510067,0.955033824114604,2489,2476,28,0,2448,2421,118189,37,-4,0,41,55
2020-08-05,US,Texas,Travis,22024,287,0,30.33432034,-97.7853562,48453.0,1728.7908354618771,1.303123864874682,21737,21549,240,0,21309,21214,1248743,475,47,0,428,335
2020-08-05,US,Texas,Trinity,153,3,0,31.0879489,-95.1367187,48455.0,1044.297317589243,1.96078431372549,150,152,2,0,150,143,14740,1,1,0,0,9
2020-08-05,US,Texas,Tyler,115,2,0,30.77031716,-94.37690895,48457.0,530.6386120339608,1.7391304347826086,113,115,2,0,113,115,21696,0,0,0,0,0
2020-08-05,US,Texas,Unassigned,0,239,0,0.0,0.0,90048.0,0.0,0.0,-239,0,181,0,-181,0,,0,58,0,-58,0
2020-08-05,US,Texas,Upshur,200,2,0,32.73706798,-94.93999853,48459.0,479.0074964673197,1.0,198,194,2,0,192,193,41260,6,0,0,6,1
2020-08-05,US,Texas,Upton,16,1,0,31.36868194,-102.0423217,48461.0,437.5170905113481,6.25,15,16,1,0,15,16,3671,0,0,0,0,0
2020-08-05,US,Texas,Uvalde,506,7,0,29.35739637,-99.76229172,48463.0,1892.2254216371866,1.383399209486166,499,501,7,0,494,496,26846,5,0,0,5,5
2020-08-05,US,Texas,Val Verde,1581,49,0,29.89149232,-101.1525205,48465.0,3224.8852626211115,3.0993042378241618,1532,1564,49,0,1515,1507,49208,17,0,0,17,57
2020-08-05,US,Texas,Van Zandt,362,3,0,32.56483801,-95.83766469,48467.0,639.6889909878072,0.8287292817679558,359,351,3,0,348,332,56019,11,0,0,11,19
2020-08-05,US,Texas,Victoria,3331,34,0,28.79780988,-96.96813006,48469.0,3617.3493766560964,1.020714500150105,3297,3331,32,0,3299,3203,92035,0,2,0,-2,128
2020-08-05,US,Texas,Walker,2838,40,0,30.73872995,-95.57440968,48471.0,3889.2162639952858,1.4094432699083859,2798,2842,38,0,2804,2840,72480,-4,2,0,-6,2
2020-08-05,US,Texas,Waller,417,4,0,30.01058447,-95.99011759,48473.0,754.8057777938674,0.9592326139088728,413,413,4,0,409,408,53126,4,0,0,4,5
2020-08-05,US,Texas,Ward,84,1,0,31.50999644,-103.0927909,48475.0,700.1166861143524,1.1904761904761905,83,84,1,0,83,83,11720,0,0,0,0,1
2020-08-05,US,Texas,Washington,498,38,0,30.21498498,-96.40946246,48477.0,1387.882503762332,7.630522088353413,460,498,38,0,460,497,35108,0,0,0,0,1
2020-08-05,US,Texas,Webb,7119,144,0,27.7610369,-99.33237355,48479.0,2573.2689443777745,2.02275600505689,6975,6629,79,0,6550,6411,275910,490,65,0,425,218
2020-08-05,US,Texas,Wharton,644,25,0,29.27765923,-96.22319248,48481.0,1549.7160458176916,3.881987577639752,619,641,23,0,618,635,41619,3,2,0,1,6
2020-08-05,US,Texas,Wheeler,32,0,0,35.40114335,-100.2699514,48483.0,632.9113924050632,0.0,32,32,0,0,32,31,5191,0,0,0,0,1
2020-08-05,US,Texas,Wichita,946,11,0,33.98842886,-98.7041034,48485.0,715.4201013385768,1.162790697674419,935,932,10,0,922,902,132064,14,1,0,13,30
2020-08-05,US,Texas,Wilbarger,56,1,0,34.07945812,-99.24178437,48487.0,438.5621426893257,1.7857142857142858,55,52,1,0,51,50,12820,4,0,0,4,2
2020-08-05,US,Texas,Willacy,644,21,0,26.47411727,-97.61535848,48489.0,3015.263601460811,3.260869565217391,623,614,21,0,593,594,21515,30,0,0,30,20
2020-08-05,US,Texas,Williamson,5949,83,0,30.64655664,-97.6004854,48491.0,1007.3643089250547,1.3951924693225752,5866,5930,80,0,5850,5832,566719,19,3,0,16,98
2020-08-05,US,Texas,Wilson,430,17,0,29.1732598,-98.08693082,48493.0,841.9815938907382,3.953488372093023,413,422,16,0,406,414,50224,8,1,0,7,8
2020-08-05,US,Texas,Winkler,70,1,0,31.85008651,-103.0485163,48495.0,873.9076154806493,1.4285714285714286,69,71,1,0,70,68,7720,-1,0,0,-1,3
2020-08-05,US,Texas,Wise,365,6,0,33.21570665,-97.65460265,48497.0,521.5477823502515,1.643835616438356,359,329,5,0,324,311,68305,36,1,0,35,18
2020-08-05,US,Texas,Wood,313,5,0,32.78722382,-95.38236368,48499.0,687.322953951558,1.597444089456869,308,302,5,0,297,291,45129,11,0,0,11,11
2020-08-05,US,Texas,Yoakum,90,2,0,33.17320212,-102.8276433,48501.0,1032.9392861241822,2.2222222222222223,88,89,2,0,87,85,8591,1,0,0,1,4
2020-08-05,US,Texas,Young,152,4,0,33.17659707,-98.68790885,48503.0,843.9755691282621,2.631578947368421,148,145,4,0,141,139,18045,7,0,0,7,6
2020-08-05,US,Texas,Zapata,165,2,0,27.00156391,-99.16987152,48505.0,1163.6927851047326,1.2121212121212122,163,160,2,0,158,157,14190,5,0,0,5,3
2020-08-05,US,Texas,Zavala,197,5,0,28.86617238,-99.76050829,48507.0,1663.8513513513512,2.538071065989848,192,183,5,0,178,175,11983,14,0,0,14,8
2020-08-05,US,Utah,Bear River,2220,6,0,41.52106798,-113.0832816,0.0,1188.322324401289,0.2702702702702703,2214,2209,6,0,2203,2198,,11,0,0,11,11
2020-08-05,US,Utah,Central Utah,398,2,0,39.37231946,-111.5758676,0.0,485.6382848915245,0.5025125628140703,396,396,2,0,394,388,,2,0,0,2,8
2020-08-05,US,Utah,Davis,3094,18,0,40.99001837,-112.1139997,49011.0,870.3700057105724,0.5817711700064642,3076,3059,16,0,3043,3026,351713,35,2,0,33,33
2020-08-05,US,Utah,Salt Lake,19875,185,0,40.66616532,-111.9216011,49035.0,1712.7168471877405,0.9308176100628932,19690,19683,184,0,19499,19556,1152633,192,1,0,191,127
2020-08-05,US,Utah,San Juan,632,25,0,37.62762978,-109.80337140000002,49037.0,4128.560229945127,3.9556962025316458,607,630,24,0,606,628,15449,2,1,0,1,2
2020-08-05,US,Utah,Southeast Utah,97,0,0,38.99617072,-110.7013958,0.0,241.1195903452733,0.0,97,96,0,0,96,89,,1,0,0,1,7
2020-08-05,US,Utah,Southwest Utah,3084,25,0,37.85447192,-111.4418764,0.0,1223.6055895445998,0.8106355382619974,3059,3049,24,0,3025,3013,,35,1,0,34,36
2020-08-05,US,Utah,Summit,701,1,0,40.86688146,-110.9535882,49043.0,1663.3052556649661,0.14265335235378032,700,698,1,0,697,697,41933,3,0,0,3,1
2020-08-05,US,Utah,Tooele,564,0,0,40.44862644,-113.1295715,49045.0,780.5256092666658,0.0,564,557,0,0,557,547,69907,7,0,0,7,10
2020-08-05,US,Utah,TriCounty,170,0,0,40.12491499,-109.5174415,0.0,300.23665712973764,0.0,170,169,0,0,169,167,,1,0,0,1,2
2020-08-05,US,Utah,Utah,8271,36,0,40.1166722,-111.6657662,49049.0,1299.991355395412,0.4352557127312296,8235,8165,35,0,8130,8047,622213,106,1,0,105,118
2020-08-05,US,Utah,Wasatch,538,4,0,40.33110236,-111.1691419,49051.0,1578.129124989,0.7434944237918215,534,536,4,0,532,533,33240,2,0,0,2,3
2020-08-05,US,Utah,Weber-Morgan,2684,25,0,41.27116049,-111.9145117,0.0,985.543646291176,0.9314456035767512,2659,2660,25,0,2635,2640,,24,0,0,24,20
2020-08-05,US,Vermont,Addison,73,2,0,44.03217337,-73.14130877,50001.0,198.493623732224,2.7397260273972597,71,73,2,0,71,72,36973,0,0,0,0,1
2020-08-05,US,Vermont,Bennington,84,1,0,43.03519828,-73.09048868,50003.0,236.8198477586693,1.1904761904761905,83,84,1,0,83,84,35631,0,0,0,0,0
2020-08-05,US,Vermont,Caledonia,26,0,0,44.46548598,-72.10314651,50005.0,86.68689360850867,0.0,26,26,0,0,26,26,30302,0,0,0,0,0
2020-08-05,US,Vermont,Chittenden,723,39,0,44.46322849,-73.08359212,50007.0,441.46201472761237,5.394190871369295,684,723,39,0,684,721,164572,0,0,0,0,2
2020-08-05,US,Vermont,Essex,4,0,0,44.72736416,-71.73579864,50009.0,64.9034561090378,0.0,4,4,0,0,4,4,6250,0,0,0,0,0
2020-08-05,US,Vermont,Franklin,118,6,0,44.85627605,-72.91249563,50011.0,238.85672644832192,5.084745762711863,112,117,6,0,111,117,49421,1,0,0,1,0
2020-08-05,US,Vermont,Grand Isle,13,0,0,44.797582399999996,-73.29679772,50013.0,179.68210089841045,0.0,13,13,0,0,13,13,7090,0,0,0,0,0
2020-08-05,US,Vermont,Lamoille,42,1,0,44.60353043,-72.64356694,50015.0,165.60208185474332,2.380952380952381,41,42,1,0,41,42,25300,0,0,0,0,0
2020-08-05,US,Vermont,Orange,14,0,0,44.00470222,-72.37640104,50017.0,48.45632008860584,0.0,14,16,0,0,16,16,28999,-2,0,0,-2,0
2020-08-05,US,Vermont,Orleans,14,0,0,44.82964024,-72.24562697,50019.0,51.78089285053815,0.0,14,14,0,0,14,14,26907,0,0,0,0,0
2020-08-05,US,Vermont,Rutland,92,1,0,43.57723578,-73.03741676,50021.0,158.10004983588527,1.0869565217391304,91,89,1,0,88,89,58672,3,0,0,3,0
2020-08-05,US,Vermont,Unassigned,8,0,0,0.0,0.0,90050.0,0.0,0.0,8,8,0,0,8,8,,0,0,0,0,0
2020-08-05,US,Vermont,Washington,52,2,0,44.27343241,-72.61604978,50023.0,89.02737591809479,3.8461538461538463,50,50,2,0,48,49,58140,2,0,0,2,1
2020-08-05,US,Vermont,Windham,102,3,0,42.986982,-72.71268875,50025.0,241.58021884325703,2.9411764705882355,99,101,3,0,98,101,42756,1,0,0,1,0
2020-08-05,US,Vermont,Windsor,71,2,0,43.58010937,-72.58595157,50027.0,128.94555228651342,2.8169014084507036,69,71,2,0,69,71,55286,0,0,0,0,0
2020-08-05,US,Virginia,Accomack,1085,15,0,37.76707161,-75.63234615,51001.0,3357.4699839088994,1.3824884792626728,1070,1082,15,0,1067,1080,32412,3,0,0,3,2
2020-08-05,US,Virginia,Albemarle,791,16,0,38.02080697,-78.55481085,51003.0,723.4976676118173,2.02275600505689,775,790,14,0,776,775,108718,1,2,0,-1,15
2020-08-05,US,Virginia,Alexandria,2872,60,0,38.814003,-77.08183073,51510.0,1801.4401485309986,2.0891364902506964,2812,2867,60,0,2807,2844,160530,5,0,0,5,23
2020-08-05,US,Virginia,Alleghany,57,4,0,37.78636074,-80.00222498,51005.0,383.58008075370117,7.0175438596491215,53,56,3,0,53,56,14910,1,1,0,0,0
2020-08-05,US,Virginia,Amelia,74,1,0,37.34081025,-77.98584649,51007.0,562.9516926588058,1.351351351351351,73,73,1,0,72,73,13013,1,0,0,1,0
2020-08-05,US,Virginia,Amherst,130,0,0,37.60308293,-79.14548696,51009.0,411.3273216263248,0.0,130,124,0,0,124,118,31666,6,0,0,6,6
2020-08-05,US,Virginia,Appomattox,75,0,0,37.37569884,-78.81340003,51011.0,471.3720067877569,0.0,75,72,0,0,72,71,15841,3,0,0,3,1
2020-08-05,US,Virginia,Arlington,2997,135,0,38.8767675,-77.10139853,51013.0,1265.40056240025,4.504504504504505,2862,2973,136,0,2837,2945,237521,24,-1,0,25,28
2020-08-05,US,Virginia,Augusta,262,4,0,38.16404586,-79.12461614,51015.0,346.75348738717275,1.5267175572519085,258,260,4,0,256,253,75457,2,0,0,2,7
2020-08-05,US,Virginia,Bath,4,0,0,38.05852573,-79.73912095,51017.0,96.45526886906195,0.0,4,4,0,0,4,4,4292,0,0,0,0,0
2020-08-05,US,Virginia,Bedford,321,7,0,37.3080028,-79.5281964,51019.0,406.34454472954667,2.1806853582554515,314,311,7,0,304,307,78747,10,0,0,10,4
2020-08-05,US,Virginia,Bland,8,0,0,37.13128068,-81.13599391,51021.0,127.38853503184713,0.0,8,7,0,0,7,7,6293,1,0,0,1,0
2020-08-05,US,Virginia,Botetourt,193,7,0,37.55531756,-79.80982182,51023.0,577.5157844340046,3.6269430051813467,186,192,7,0,185,192,33277,1,0,0,1,0
2020-08-05,US,Virginia,Bristol,70,0,0,36.616302399999995,-82.16359122,51520.0,417.61126357236606,0.0,70,66,0,0,66,65,16482,4,0,0,4,1
2020-08-05,US,Virginia,Brunswick,215,2,0,36.76366949,-77.8593436,51025.0,1324.6257162220445,0.9302325581395348,213,212,2,0,210,212,16384,3,0,0,3,0
2020-08-05,US,Virginia,Buchanan,73,0,0,37.26818323,-82.03749726,51027.0,347.5528470767473,0.0,73,73,0,0,73,72,21221,0,0,0,0,1
2020-08-05,US,Virginia,Buckingham,597,8,0,37.57242268,-78.52518834,51029.0,3481.455563331001,1.340033500837521,589,596,8,0,588,596,16999,1,0,0,1,0
2020-08-05,US,Virginia,Buena Vista,50,1,0,37.73484642,-79.35296097,51530.0,771.8431614695894,2.0,49,48,1,0,47,48,6237,2,0,0,2,0
2020-08-05,US,Virginia,Campbell,168,2,0,37.20553386,-79.09678609,51031.0,306.09456135556167,1.1904761904761905,166,162,2,0,160,157,54973,6,0,0,6,5
2020-08-05,US,Virginia,Caroline,193,5,0,38.02679129,-77.34901405,51033.0,628.1529698942229,2.5906735751295336,188,192,5,0,187,191,30772,1,0,0,1,1
2020-08-05,US,Virginia,Carroll,305,12,0,36.73066666,-80.73455942,51035.0,1023.7991339666344,3.9344262295081966,293,304,12,0,292,314,29636,1,0,0,1,-10
2020-08-05,US,Virginia,Charles City,51,5,0,37.35358063,-77.05634116,51036.0,732.4429125376993,9.803921568627453,46,51,5,0,46,50,6941,0,0,0,0,1
2020-08-05,US,Virginia,Charlotte,50,0,0,37.01909701,-78.66314092,51037.0,420.87542087542084,0.0,50,49,0,0,49,49,11938,1,0,0,1,0
2020-08-05,US,Virginia,Charlottesville,504,13,0,38.03527919,-78.48569588,51540.0,1066.3055896416029,2.5793650793650795,491,504,13,0,491,495,48117,0,0,0,0,9
2020-08-05,US,Virginia,Chesapeake,2714,33,0,36.67670048,-76.30545744,51550.0,1108.5016439643023,1.2159174649963154,2681,2689,30,0,2659,2617,242634,25,3,0,22,72
2020-08-05,US,Virginia,Chesterfield,4170,75,0,37.37373208,-77.58680140000001,51041.0,1181.9660886276156,1.7985611510791366,4095,4141,75,0,4066,4097,348556,29,0,0,29,44
2020-08-05,US,Virginia,Clarke,69,0,0,39.11271747,-77.99199425,51043.0,471.9885081058896,0.0,69,69,0,0,69,69,14523,0,0,0,0,0
2020-08-05,US,Virginia,Colonial Heights,188,21,0,37.26420587,-77.39609676,51570.0,1082.3258491652277,11.170212765957446,167,187,21,0,166,185,17833,1,0,0,1,2
2020-08-05,US,Virginia,Covington,12,0,0,37.7824656,-79.98631446,51580.0,216.68472372697724,0.0,12,12,0,0,12,12,5460,0,0,0,0,0
2020-08-05,US,Virginia,Craig,16,0,0,37.48133648,-80.21072274,51045.0,311.8300526213214,0.0,16,16,0,0,16,16,5064,0,0,0,0,0
2020-08-05,US,Virginia,Culpeper,964,12,0,38.48199985,-77.95630870000002,51047.0,1832.5254253397968,1.2448132780082988,952,962,12,0,950,957,51859,2,0,0,2,5
2020-08-05,US,Virginia,Cumberland,71,0,0,37.51328851,-78.24398086,51049.0,714.8610551751912,0.0,71,69,0,0,69,68,9809,2,0,0,2,1
2020-08-05,US,Virginia,Danville,354,7,0,36.58022376,-79.40395668,51590.0,884.0275696733593,1.9774011299435028,347,347,7,0,340,344,40693,7,0,0,7,3
2020-08-05,US,Virginia,Dickenson,33,1,0,37.12560977,-82.35124171,51051.0,230.479117195139,3.0303030303030303,32,29,0,0,29,29,14523,4,1,0,3,0
2020-08-05,US,Virginia,Dinwiddie,209,7,0,37.07544585,-77.63451754,51053.0,732.2029147982062,3.3492822966507183,202,210,6,0,204,209,28529,-1,1,0,-2,1
2020-08-05,US,Virginia,Emporia,171,15,0,36.69455571,-77.53406129,51595.0,3198.653198653198,8.771929824561402,156,171,15,0,156,167,5121,0,0,0,0,4
2020-08-05,US,Virginia,Essex,84,1,0,37.93357639,-76.94230311,51057.0,766.9131744727472,1.1904761904761905,83,83,1,0,82,83,10919,1,0,0,1,0
2020-08-05,US,Virginia,Fairfax,16019,530,0,38.83677558,-77.27565836,51059.0,1395.9523568841653,3.3085710718521755,15489,15987,528,0,15459,15907,1150795,32,2,0,30,80
2020-08-05,US,Virginia,Fairfax,16019,530,0,38.83677558,-77.27565836,51059.0,1395.9523568841653,3.3085710718521755,15489,15987,528,0,15459,15907,24574,32,2,0,30,80
2020-08-05,US,Virginia,Fairfax City,82,7,0,38.85157547,-77.29779640000002,51600.0,341.3963945210042,8.536585365853659,75,82,7,0,75,82,24574,0,0,0,0,0
2020-08-05,US,Virginia,Falls Church,59,5,0,38.88485255,-77.17560759,51610.0,403.639597728672,8.474576271186441,54,58,5,0,53,59,14772,1,0,0,1,-1
2020-08-05,US,Virginia,Fauquier,588,9,0,38.73564842,-77.80647472,51061.0,825.5875993372835,1.5306122448979589,579,584,8,0,576,580,70675,4,1,0,3,4
2020-08-05,US,Virginia,Floyd,41,1,0,36.9302126,-80.36738849,51063.0,260.33398945964825,2.4390243902439024,40,41,1,0,40,39,15795,0,0,0,0,2
2020-08-05,US,Virginia,Fluvanna,176,8,0,37.84157909,-78.27715475,51065.0,645.3978731206454,4.545454545454546,168,175,8,0,167,175,26783,1,0,0,1,0
2020-08-05,US,Virginia,Franklin,163,1,0,36.99536167,-79.88023649,51067.0,290.85328860497486,0.6134969325153374,162,164,1,0,163,160,56195,-1,0,0,-1,4
2020-08-05,US,Virginia,Franklin,163,1,0,36.99536167,-79.88023649,51067.0,290.85328860497486,0.6134969325153374,162,164,1,0,163,160,8013,-1,0,0,-1,4
2020-08-05,US,Virginia,Franklin City,157,6,0,36.6831435,-76.93859681,51620.0,1970.6288439814239,3.8216560509554136,151,152,6,0,146,148,8013,5,0,0,5,4
2020-08-05,US,Virginia,Frederick,673,9,0,39.20172582,-78.25974949,51069.0,753.5297213171657,1.337295690936107,664,672,9,0,663,670,88355,1,0,0,1,2
2020-08-05,US,Virginia,Fredericksburg,380,3,0,38.2977863,-77.4922454,51630.0,1308.7202093952335,0.7894736842105263,377,371,2,0,369,368,29144,9,1,0,8,3
2020-08-05,US,Virginia,Galax,342,24,0,36.66601852,-80.91703124,51640.0,5388.372459429652,7.0175438596491215,318,341,24,0,317,338,6423,1,0,0,1,3
2020-08-05,US,Virginia,Giles,23,0,0,37.31234791,-80.70636931,51071.0,137.55980861244018,0.0,23,23,0,0,23,23,16844,0,0,0,0,0
2020-08-05,US,Virginia,Gloucester,147,2,0,37.40809042,-76.53524337,51073.0,393.5953732462248,1.3605442176870748,145,147,2,0,145,145,37349,0,0,0,0,2
2020-08-05,US,Virginia,Goochland,153,7,0,37.71714806,-77.90381514,51075.0,644.1291626320884,4.575163398692809,146,152,7,0,145,151,23244,1,0,0,1,1
2020-08-05,US,Virginia,Grayson,145,5,0,36.65677234,-81.23215889,51077.0,932.475884244373,3.4482758620689653,140,144,5,0,139,134,15631,1,0,0,1,10
2020-08-05,US,Virginia,Greene,152,2,0,38.29545894,-78.46525378,51079.0,766.940814370049,1.3157894736842106,150,151,2,0,149,147,19779,1,0,0,1,4
2020-08-05,US,Virginia,Greensville,438,10,0,36.67878901,-77.56351439,51081.0,3863.79675370501,2.2831050228310503,428,438,10,0,428,437,11627,0,0,0,0,1
2020-08-05,US,Virginia,Halifax,145,1,0,36.76654925,-78.93512622,51083.0,427.5898675945858,0.6896551724137931,144,143,1,0,142,141,34120,2,0,0,2,2
2020-08-05,US,Virginia,Hampton,1129,7,0,37.03513786,-76.35879121,51650.0,839.342799791837,0.6200177147918512,1122,1103,7,0,1096,1070,134313,26,0,0,26,33
2020-08-05,US,Virginia,Hanover,611,32,0,37.7583355,-77.49464673,51085.0,566.9691739509677,5.2373158756137475,579,605,31,0,574,597,107239,6,1,0,5,8
2020-08-05,US,Virginia,Harrisonburg,1069,30,0,38.43542574,-78.87536254,51660.0,2016.372415874453,2.8063610851262863,1039,1065,29,0,1036,1055,54033,4,1,0,3,10
2020-08-05,US,Virginia,Henrico,3714,182,0,37.53460572,-77.39326555,51087.0,1122.671680501061,4.900376952073238,3532,3690,182,0,3508,3654,329261,24,0,0,24,36
2020-08-05,US,Virginia,Henry,530,6,0,36.68542395,-79.87634026,51089.0,1048.3216963031823,1.1320754716981132,524,523,6,0,517,511,50953,7,0,0,7,12
2020-08-05,US,Virginia,Highland,4,0,0,38.35799465,-79.56124594,51091.0,182.648401826484,0.0,4,4,0,0,4,3,2210,0,0,0,0,1
2020-08-05,US,Virginia,Hopewell,259,5,0,37.29186313,-77.29754684,51670.0,1149.6293665941675,1.9305019305019304,254,259,5,0,254,258,22596,0,0,0,0,1
2020-08-05,US,Virginia,Isle of Wight,365,9,0,36.90579348,-76.70842863,51093.0,983.5888867929613,2.4657534246575343,356,363,9,0,354,353,36953,2,0,0,2,10
2020-08-05,US,Virginia,James City,573,16,0,37.31156958,-76.76950618,51095.0,748.794480090953,2.7923211169284468,557,572,16,0,556,562,76397,1,0,0,1,10
2020-08-05,US,Virginia,King George,124,4,0,38.26818502,-77.15852768,51099.0,462.0658816515129,3.2258064516129035,120,124,4,0,120,124,26575,0,0,0,0,0
2020-08-05,US,Virginia,King William,79,2,0,37.70965316,-77.09384941,51101.0,460.69512479589457,2.5316455696202533,77,78,2,0,76,77,16939,1,0,0,1,1
2020-08-05,US,Virginia,King and Queen,37,1,0,37.71044922,-76.88689628,51097.0,526.6903914590747,2.702702702702702,36,37,1,0,36,36,7042,0,0,0,0,1
2020-08-05,US,Virginia,Lancaster,32,0,0,37.71889653,-76.46400482,51103.0,301.8013769687824,0.0,32,32,0,0,32,31,10783,0,0,0,0,1
2020-08-05,US,Virginia,Lee,104,1,0,36.70586667,-83.12606515,51105.0,444.00802629893684,0.9615384615384616,103,101,1,0,100,100,23541,3,0,0,3,1
2020-08-05,US,Virginia,Lexington,33,0,0,37.78258621,-79.44262866,51678.0,443.19097502014506,0.0,33,33,0,0,33,33,7136,0,0,0,0,0
2020-08-05,US,Virginia,Loudoun,5117,113,0,39.08990083,-77.63481877,51107.0,1237.371172661279,2.208325190541333,5004,5093,113,0,4980,5059,406850,24,0,0,24,34
2020-08-05,US,Virginia,Louisa,171,2,0,37.97850256,-77.96274807,51109.0,454.89611875182885,1.1695906432748535,169,170,2,0,168,167,36778,1,0,0,1,3
2020-08-05,US,Virginia,Lunenburg,59,1,0,36.94618528,-78.24133319,51111.0,483.7651689078386,1.6949152542372878,58,59,1,0,58,55,12086,0,0,0,0,4
2020-08-05,US,Virginia,Lynchburg,503,4,0,37.40021399,-79.19888138,51680.0,612.1604517573751,0.7952286282306164,499,486,2,0,484,469,82126,17,2,0,15,17
2020-08-05,US,Virginia,Madison,64,1,0,38.41531222,-78.28220331,51113.0,482.61820375537286,1.5625,63,62,1,0,61,62,13295,2,0,0,2,0
2020-08-05,US,Virginia,Manassas,1620,20,0,38.7464321,-77.48509905,51683.0,3943.0449069003275,1.2345679012345678,1600,1614,20,0,1594,1612,41641,6,0,0,6,2
2020-08-05,US,Virginia,Manassas Park,505,7,0,38.77058531,-77.44399307,51685.0,2889.346607163291,1.3861386138613858,498,502,7,0,495,500,17307,3,0,0,3,2
2020-08-05,US,Virginia,Martinsville,179,4,0,36.68212094,-79.86352771,51690.0,1425.8403696033135,2.23463687150838,175,173,3,0,170,171,12902,6,1,0,5,2
2020-08-05,US,Virginia,Mathews,15,0,0,37.44164146,-76.34098896,51115.0,169.79850577314915,0.0,15,15,0,0,15,14,8802,0,0,0,0,1
2020-08-05,US,Virginia,Mecklenburg,329,32,0,36.67882005,-78.36131056,51117.0,1075.6203615915258,9.726443768996962,297,311,32,0,279,309,30650,18,0,0,18,2
2020-08-05,US,Virginia,Middlesex,32,1,0,37.63191998,-76.55064617,51119.0,302.4003024003024,3.125,31,29,1,0,28,28,10769,3,0,0,3,1
2020-08-05,US,Virginia,Montgomery,291,3,0,37.17746986,-80.37868691,51121.0,295.3265337189831,1.0309278350515465,288,288,3,0,285,289,98985,3,0,0,3,-1
2020-08-05,US,Virginia,Nelson,34,0,0,37.78790447,-78.88498513,51125.0,227.7294038847957,0.0,34,34,0,0,34,34,14836,0,0,0,0,0
2020-08-05,US,Virginia,New Kent,121,1,0,37.50694406,-76.99828634,51127.0,524.0136849854922,0.8264462809917356,120,121,1,0,120,119,22391,0,0,0,0,2
2020-08-05,US,Virginia,Newport News,1734,18,0,37.08166899,-76.51754109,51700.0,967.498953828986,1.038062283737024,1716,1717,18,0,1699,1671,178626,17,0,0,17,46
2020-08-05,US,Virginia,Norfolk,3493,28,0,36.89934014,-76.26420872,51710.0,1438.9763617338574,0.8016032064128257,3465,3425,26,0,3399,3345,244076,68,2,0,66,80
2020-08-05,US,Virginia,Northampton,295,29,0,37.34062933,-75.87751591,51131.0,2519.214346712212,9.830508474576273,266,295,29,0,266,294,11735,0,0,0,0,1
2020-08-05,US,Virginia,Northumberland,69,2,0,37.89202088,-76.41949732,51133.0,570.4836709384042,2.898550724637681,67,69,2,0,67,66,12147,0,0,0,0,3
2020-08-05,US,Virginia,Norton,15,0,0,36.93357076,-82.62750411,51720.0,376.7897513187641,0.0,15,14,0,0,14,13,3968,1,0,0,1,1
2020-08-05,US,Virginia,Nottoway,178,9,0,37.1435975,-78.05065922,51135.0,1168.59243697479,5.056179775280898,169,177,9,0,168,176,15420,1,0,0,1,1
2020-08-05,US,Virginia,Orange,221,3,0,38.24530219,-78.01560400000002,51137.0,596.4751288764137,1.3574660633484164,218,215,3,0,212,213,36644,6,0,0,6,2
2020-08-05,US,Virginia,Page,337,24,0,38.61807452,-78.48797204,51139.0,1409.9238557442886,7.121661721068249,313,334,24,0,310,333,23933,3,0,0,3,1
2020-08-05,US,Virginia,Patrick,119,4,0,36.680163799999995,-80.2865648,51141.0,675.8291685597455,3.361344537815126,115,118,3,0,115,115,17673,1,1,0,0,3
2020-08-05,US,Virginia,Petersburg,488,18,0,37.20530399,-77.39368102,51730.0,1556.8174567727938,3.6885245901639343,470,478,16,0,462,473,31567,10,2,0,8,5
2020-08-05,US,Virginia,Pittsylvania,383,2,0,36.81980341,-79.39731264,51143.0,634.589256718693,0.5221932114882507,381,380,2,0,378,375,60949,3,0,0,3,5
2020-08-05,US,Virginia,Poquoson,41,0,0,37.14259351,-76.35798148,51735.0,334.1210985249776,0.0,41,40,0,0,40,39,12190,1,0,0,1,1
2020-08-05,US,Virginia,Portsmouth,1663,25,0,36.85914825,-76.35971629,51740.0,1761.689866310727,1.5033072760072157,1638,1631,24,0,1607,1540,94632,32,1,0,31,91
2020-08-05,US,Virginia,Powhatan,135,4,0,37.55016038,-77.91267882,51145.0,455.28126264670175,2.962962962962963,131,132,4,0,128,128,29189,3,0,0,3,4
2020-08-05,US,Virginia,Prince Edward,386,10,0,37.22554789,-78.43597949,51147.0,1692.8339619331634,2.5906735751295336,376,358,10,0,348,356,22950,28,0,0,28,2
2020-08-05,US,Virginia,Prince George,345,2,0,37.18497668,-77.22922187,51149.0,899.538497640341,0.5797101449275363,343,340,2,0,338,341,38082,5,0,0,5,-1
2020-08-05,US,Virginia,Prince William,9139,175,0,38.70916224,-77.48713689,51153.0,1943.0831216048136,1.9148703359229675,8964,9089,173,0,8916,8988,468011,50,2,0,48,101
2020-08-05,US,Virginia,Pulaski,79,3,0,37.06474963,-80.71229738,51155.0,232.16857201634,3.79746835443038,76,78,3,0,75,75,34066,1,0,0,1,3
2020-08-05,US,Virginia,Radford,34,0,0,37.12222899,-80.56027320000003,51750.0,186.311578716642,0.0,34,33,0,0,33,26,18339,1,0,0,1,7
2020-08-05,US,Virginia,Rappahannock,41,2,0,38.68295619,-78.15826963,51157.0,556.3093622795117,4.878048780487805,39,40,2,0,38,40,7252,1,0,0,1,0
2020-08-05,US,Virginia,Richmond,317,4,0,37.937575,-76.72920628,51159.0,3513.243932173335,1.2618296529968454,313,317,4,0,313,317,9038,0,0,0,0,0
2020-08-05,US,Virginia,Richmond City,3034,39,0,37.53255773,-77.47966921,51760.0,1316.6345536287731,1.2854317732366514,2995,3015,39,0,2976,2992,228783,19,0,0,19,23
2020-08-05,US,Virginia,Roanoke,460,4,0,37.26865804,-80.06396753,51161.0,488.39530291126084,0.8695652173913043,456,456,4,0,452,456,94073,4,0,0,4,0
2020-08-05,US,Virginia,Roanoke City,932,14,0,37.27791025,-79.96189766,51770.0,940.0562823396507,1.502145922746781,918,913,14,0,899,909,99920,19,0,0,19,4
2020-08-05,US,Virginia,Rockbridge,66,0,0,37.81204314,-79.44605905,51163.0,292.3847073937892,0.0,66,66,0,0,66,67,22752,0,0,0,0,-1
2020-08-05,US,Virginia,Rockingham,920,17,0,38.51006137,-78.87260325,51165.0,1122.6631522428856,1.8478260869565215,903,919,17,0,902,908,81244,1,0,0,1,11
2020-08-05,US,Virginia,Russell,89,2,0,36.93028320000001,-82.10095486,51167.0,334.7626570375385,2.247191011235955,87,73,1,0,72,70,26748,16,1,0,15,3
2020-08-05,US,Virginia,Salem,144,3,0,37.2836193,-80.06219455,51775.0,569.1474645270937,2.083333333333333,141,140,3,0,137,139,25643,4,0,0,4,1
2020-08-05,US,Virginia,Scott,63,3,0,36.71466456,-82.60171704,51169.0,292.1264954094408,4.761904761904762,60,62,3,0,59,60,21534,1,0,0,1,2
2020-08-05,US,Virginia,Shenandoah,686,42,0,38.85905135,-78.56813762,51171.0,1572.817314746882,6.1224489795918355,644,685,42,0,643,681,43497,1,0,0,1,4
2020-08-05,US,Virginia,Smyth,126,3,0,36.84455636,-81.53344948,51173.0,418.54903002923203,2.380952380952381,123,123,3,0,120,123,30472,3,0,0,3,0
2020-08-05,US,Virginia,Southampton,247,13,0,36.72231125,-77.10642712,51175.0,1400.9415234530088,5.2631578947368425,234,245,13,0,232,240,17586,2,0,0,2,5
2020-08-05,US,Virginia,Spotsylvania,1390,35,0,38.18574462,-77.655399,51177.0,1020.4456190581067,2.5179856115107917,1355,1375,34,0,1341,1357,134238,15,1,0,14,18
2020-08-05,US,Virginia,Stafford,1300,8,0,38.41758738,-77.45917053,51179.0,850.3290119176881,0.6153846153846154,1292,1294,7,0,1287,1283,149960,6,1,0,5,11
2020-08-05,US,Virginia,Staunton,144,0,0,38.15965544,-79.05979937,51790.0,577.5709931012353,0.0,144,143,0,0,143,143,24922,1,0,0,1,0
2020-08-05,US,Virginia,Suffolk,1167,49,0,36.70155394,-76.63603554,51800.0,1266.9909236982676,4.198800342759212,1118,1141,49,0,1092,1112,91185,26,0,0,26,29
2020-08-05,US,Virginia,Surry,42,2,0,37.11781893,-76.88450012,51181.0,654.0018685767674,4.761904761904762,40,39,2,0,37,38,6474,3,0,0,3,1
2020-08-05,US,Virginia,Sussex,281,9,0,36.92432914,-77.25791182,51183.0,2518.1467873465367,3.2028469750889683,272,280,9,0,271,279,11237,1,0,0,1,1
2020-08-05,US,Virginia,Tazewell,103,0,0,37.12191123,-81.56685568,51185.0,253.72582830397832,0.0,103,102,0,0,102,98,40855,1,0,0,1,4
2020-08-05,US,Virginia,Virginia Beach,4583,49,0,36.73285734,-76.04566934,51810.0,1018.5032913012752,1.069168666812132,4534,4529,49,0,4480,4427,450189,54,0,0,54,102
2020-08-05,US,Virginia,Warren,352,6,0,38.90847745,-78.20280433,51187.0,876.4067323971716,1.7045454545454546,346,351,6,0,345,348,40003,1,0,0,1,3
2020-08-05,US,Virginia,Washington,191,5,0,36.72341572,-81.95666289,51191.0,355.41496092296234,2.6178010471204187,186,184,4,0,180,181,54402,7,1,0,6,3
2020-08-05,US,Virginia,Waynesboro,167,3,0,38.06451466,-78.90293905,51820.0,737.9584622182942,1.7964071856287425,164,167,3,0,164,167,22628,0,0,0,0,0
2020-08-05,US,Virginia,Westmoreland,197,3,0,38.11021557,-76.80213247,51193.0,1093.5331668054398,1.5228426395939083,194,195,2,0,193,195,17830,2,1,0,1,0
2020-08-05,US,Virginia,Williamsburg,119,6,0,37.28131268,-76.70905141,51830.0,795.7737060318309,5.042016806722689,113,117,6,0,111,114,14896,2,0,0,2,3
2020-08-05,US,Virginia,Winchester,396,4,0,39.17054517,-78.17325058,51840.0,1410.356863024432,1.0101010101010102,392,394,4,0,390,392,28108,2,0,0,2,2
2020-08-05,US,Virginia,Wise,109,3,0,36.9746148,-82.62410519,51195.0,291.57638498782865,2.7522935779816518,106,102,3,0,99,94,38012,7,0,0,7,8
2020-08-05,US,Virginia,Wythe,108,3,0,36.91582035,-81.07834059,51197.0,376.5165248919258,2.7777777777777777,105,107,3,0,104,108,28754,1,0,0,1,-1
2020-08-05,US,Virginia,York,335,4,0,37.24374789,-76.54412815,51199.0,490.6268306971295,1.1940298507462686,331,330,3,0,327,318,67846,5,1,0,4,12
2020-08-05,US,Washington,Adams,407,4,0,46.98299757,-118.56017340000001,53001.0,2036.731221538308,0.9828009828009828,403,407,4,0,403,400,19759,0,0,0,0,7
2020-08-05,US,Washington,Asotin,24,2,0,46.18894415,-117.2022851,53003.0,106.27933752546276,8.333333333333334,22,24,2,0,22,24,22610,0,0,0,0,0
2020-08-05,US,Washington,Benton,3613,111,0,46.23946995,-119.51208340000001,53005.0,1767.6990068007242,3.0722391364517017,3502,3569,111,0,3458,3514,201877,44,0,0,44,55
2020-08-05,US,Washington,Chelan,1224,10,0,47.87046092,-120.6173956,53007.0,1585.4922279792745,0.8169934640522876,1214,1190,10,0,1180,1177,77036,34,0,0,34,13
2020-08-05,US,Washington,Clallam,98,0,0,48.04754642,-123.92263190000001,53009.0,126.72796161953163,0.0,98,96,0,0,96,94,76737,2,0,0,2,2
2020-08-05,US,Washington,Clark,1705,42,0,45.77568046,-122.48292040000001,53011.0,349.21278630840095,2.463343108504399,1663,1667,42,0,1625,1620,481857,38,0,0,38,47
2020-08-05,US,Washington,Columbia,13,1,0,46.29442881,-117.9051983,53013.0,326.2233375156838,7.6923076923076925,12,13,1,0,12,13,4059,0,0,0,0,0
2020-08-05,US,Washington,Cowlitz,454,5,0,46.19074721,-122.6782231,53015.0,410.5142278444386,1.1013215859030836,449,453,5,0,448,446,108987,1,0,0,1,7
2020-08-05,US,Washington,Douglas,868,7,0,47.7361335,-119.69293700000001,53017.0,1998.6644868636167,0.8064516129032258,861,840,7,0,833,830,42907,28,0,0,28,10
2020-08-05,US,Washington,Ferry,24,0,0,48.471143100000006,-118.5154041,53019.0,314.6715615576242,0.0,24,20,0,0,20,18,7649,4,0,0,4,2
2020-08-05,US,Washington,Franklin,3390,47,0,46.53351425,-118.9018212,53021.0,3560.1016571800633,1.3864306784660767,3343,3374,47,0,3327,3325,94347,16,0,0,16,49
2020-08-05,US,Washington,Garfield,2,0,0,46.43197502,-117.54540320000001,53023.0,89.88764044943821,0.0,2,2,0,0,2,2,2247,0,0,0,0,0
2020-08-05,US,Washington,Grant,1333,12,0,47.20753737,-119.4500749,53025.0,1363.9200679402045,0.9002250562640659,1321,1321,12,0,1309,1294,97331,12,0,0,12,27
2020-08-05,US,Washington,Grays Harbor,109,2,0,47.14003705,-123.7820567,53027.0,145.21522495037368,1.834862385321101,107,101,1,0,100,99,73901,8,1,0,7,2
2020-08-05,US,Washington,Island,241,11,0,48.14713305,-122.5216407,53029.0,283.0598653997487,4.564315352697094,230,241,11,0,230,239,84460,0,0,0,0,2
2020-08-05,US,Washington,Jefferson,54,0,0,47.75003077,-123.56097040000002,53031.0,167.5925638558704,0.0,54,54,0,0,54,53,31729,0,0,0,0,1
2020-08-05,US,Washington,King,15865,659,0,47.49137892,-121.8346131,53033.0,704.2403570341028,4.15379766782225,15206,15726,659,0,15067,15603,2233163,139,0,0,139,123
2020-08-05,US,Washington,Kitsap,690,4,0,47.63479026,-122.6436061,53035.0,254.16892287630813,0.5797101449275363,686,674,4,0,670,658,269805,16,0,0,16,16
2020-08-05,US,Washington,Kittitas,354,18,0,47.12521214,-120.67943899999999,53037.0,738.5000521539584,5.084745762711863,336,353,18,0,335,348,47364,1,0,0,1,5
2020-08-05,US,Washington,Klickitat,108,3,0,45.87325839,-120.7913598,53039.0,481.60535117056855,2.7777777777777777,105,106,3,0,103,106,22107,2,0,0,2,0
2020-08-05,US,Washington,Lewis,194,3,0,46.57756476,-122.39257690000001,53041.0,240.37567992863072,1.5463917525773196,191,190,3,0,187,189,79604,4,0,0,4,1
2020-08-05,US,Washington,Lincoln,19,0,0,47.57705241,-118.41943880000001,53043.0,173.69046530761494,0.0,19,15,0,0,15,13,10740,4,0,0,4,2
2020-08-05,US,Washington,Mason,181,1,0,47.35007586,-123.1863685,53045.0,271.0879463215912,0.5524861878453039,180,175,1,0,174,163,65507,6,0,0,6,12
2020-08-05,US,Washington,Okanogan,795,2,0,48.54855019,-119.73872240000001,53047.0,1881.9686101839359,0.2515723270440252,793,783,2,0,781,771,42132,12,0,0,12,12
2020-08-05,US,Washington,Pacific,44,2,0,46.55418369,-123.7285716,53049.0,195.80793022117402,4.545454545454546,42,41,2,0,39,40,22036,3,0,0,3,1
2020-08-05,US,Washington,Pend Oreille,39,0,0,48.53234021,-117.2741804,53051.0,284.17371028854564,0.0,39,37,0,0,37,36,13602,2,0,0,2,1
2020-08-05,US,Washington,Pierce,5348,129,0,47.03892768,-122.14059579999999,53053.0,590.9522862383699,2.412116679132386,5219,5280,129,0,5151,5216,891299,68,0,0,68,64
2020-08-05,US,Washington,San Juan,28,0,0,48.60182783,-122.96745,53055.0,159.2537822773291,0.0,28,29,0,0,29,28,17128,-1,0,0,-1,1
2020-08-05,US,Washington,Skagit,849,21,0,48.48171488,-121.766131,53057.0,657.0953136488528,2.4734982332155475,828,836,21,0,815,826,128206,13,0,0,13,10
2020-08-05,US,Washington,Skamania,56,1,0,46.02408726,-121.91644029999999,53059.0,463.46106099478607,1.7857142857142858,55,54,1,0,53,53,11924,2,0,0,2,1
2020-08-05,US,Washington,Snohomish,5261,190,0,48.04615983,-121.7170703,53061.0,639.959712097197,3.611480707089907,5071,5219,191,0,5028,5159,814901,42,-1,0,43,60
2020-08-05,US,Washington,Spokane,4088,72,0,47.62113146,-117.4046494,53063.0,781.9463731689868,1.761252446183953,4016,4005,67,0,3938,3909,514631,83,5,0,78,96
2020-08-05,US,Washington,Stevens,96,1,0,48.40035475,-117.8542701,53065.0,209.95997637950265,1.0416666666666667,95,94,1,0,93,92,45260,2,0,0,2,2
2020-08-05,US,Washington,Thurston,659,10,0,46.9291895,-122.82906559999999,53067.0,226.822149406614,1.5174506828528074,649,649,10,0,639,640,286419,10,0,0,10,9
2020-08-05,US,Washington,Unassigned,190,3,0,0.0,0.0,90053.0,0.0,1.5789473684210529,187,167,3,0,164,188,,23,0,0,23,-21
2020-08-05,US,Washington,Wahkiakum,5,0,0,46.29180039999999,-123.4250831,53069.0,111.40819964349377,0.0,5,5,0,0,5,5,4426,0,0,0,0,0
2020-08-05,US,Washington,Walla Walla,470,3,0,46.23040051,-118.4775539,53071.0,773.535220539829,0.6382978723404256,467,460,3,0,457,454,60922,10,0,0,10,6
2020-08-05,US,Washington,Whatcom,957,38,0,48.82227976,-121.74900179999999,53073.0,417.45366351577115,3.970741901776385,919,941,38,0,903,936,225685,16,0,0,16,5
2020-08-05,US,Washington,Whitman,87,0,0,46.90022523,-117.52417630000001,53075.0,173.63883123103943,0.0,87,87,0,0,87,87,49791,0,0,0,0,0
2020-08-05,US,Washington,Yakima,10142,210,0,46.45738486,-120.73801259999999,53077.0,4042.682951134637,2.070597515282982,9932,10081,210,0,9871,10047,251446,61,0,0,61,34
2020-08-05,US,West Virginia,Barbour,30,1,0,39.1307219,-80.00350858,54001.0,182.47065263670086,3.333333333333333,29,29,1,0,28,29,16535,1,0,0,1,0
2020-08-05,US,West Virginia,Berkeley,670,11,0,39.46704621,-78.02414609,54003.0,562.2173179716542,1.6417910447761197,659,661,11,0,650,657,117123,9,0,0,9,4
2020-08-05,US,West Virginia,Boone,92,0,0,38.01974191,-81.69888019,54005.0,428.7645057556974,0.0,92,88,0,0,88,79,21951,4,0,0,4,9
2020-08-05,US,West Virginia,Braxton,8,0,0,38.70036159,-80.72011184,54007.0,57.31890807480117,0.0,8,8,0,0,8,8,14089,0,0,0,0,0
2020-08-05,US,West Virginia,Brooke,62,1,0,40.27367263,-80.57915332,54009.0,282.60175942385706,1.6129032258064515,61,62,1,0,61,62,22203,0,0,0,0,0
2020-08-05,US,West Virginia,Cabell,362,2,0,38.42424062,-82.23855912,54011.0,393.71363315025286,0.5524861878453039,360,350,2,0,348,338,93224,12,0,0,12,12
2020-08-05,US,West Virginia,Calhoun,6,0,0,38.84315422,-81.11934872,54013.0,84.40005626670418,0.0,6,6,0,0,6,6,7254,0,0,0,0,0
2020-08-05,US,West Virginia,Clay,18,1,0,38.46231092,-81.07652217,54015.0,211.56558533145275,5.5555555555555545,17,18,1,0,17,17,8632,0,0,0,0,1
2020-08-05,US,West Virginia,Doddridge,4,0,0,39.27057157,-80.70671527,54017.0,47.34848484848485,0.0,4,4,0,0,4,4,8406,0,0,0,0,0
2020-08-05,US,West Virginia,Fayette,134,5,0,38.02974928,-81.08286634,54019.0,315.9930198556808,3.7313432835820897,129,131,5,0,126,131,43018,3,0,0,3,0
2020-08-05,US,West Virginia,Gilmer,16,0,0,38.9251277,-80.85952723,54021.0,204.525118241084,0.0,16,16,0,0,16,16,8026,0,0,0,0,0
2020-08-05,US,West Virginia,Grant,89,1,0,39.10314817,-79.19440518,54023.0,769.3637621023512,1.1235955056179776,88,81,1,0,80,81,11626,8,0,0,8,0
2020-08-05,US,West Virginia,Greenbrier,88,3,0,37.9463652,-80.45335881,54025.0,253.88033004442903,3.4090909090909087,85,87,3,0,84,87,34786,1,0,0,1,0
2020-08-05,US,West Virginia,Hampshire,75,1,0,39.32103553,-78.60826476,54027.0,323.62459546925567,1.3333333333333333,74,74,1,0,73,74,23347,1,0,0,1,0
2020-08-05,US,West Virginia,Hancock,106,0,0,40.51943859,-80.57461608,54029.0,367.9278028462339,0.0,106,104,0,0,104,102,29094,2,0,0,2,2
2020-08-05,US,West Virginia,Hardy,54,0,0,39.00683177,-78.85855301,54031.0,391.98606271777015,0.0,54,54,0,0,54,54,13775,0,0,0,0,0
2020-08-05,US,West Virginia,Harrison,204,1,0,39.2853852,-80.37919577,54033.0,303.3186630189128,0.4901960784313725,203,199,1,0,198,198,67554,5,0,0,5,1
2020-08-05,US,West Virginia,Jackson,158,19,0,38.84263974,-81.68148753,54035.0,552.9115341545353,12.025316455696206,139,158,19,0,139,157,28706,0,0,0,0,1
2020-08-05,US,West Virginia,Jefferson,292,4,0,39.30776166,-77.86014147,54037.0,510.97189654569,1.3698630136986298,288,292,4,0,288,292,56811,0,0,0,0,0
2020-08-05,US,West Virginia,Kanawha,856,22,0,38.33860077,-81.52857054,54039.0,480.56410141249916,2.5700934579439254,834,851,22,0,829,851,180454,5,0,0,5,0
2020-08-05,US,West Virginia,Lewis,28,2,0,38.9947249,-80.49988181,54041.0,176.02313446910165,7.142857142857142,26,27,2,0,25,27,16024,1,0,0,1,0
2020-08-05,US,West Virginia,Lincoln,75,0,0,38.172154,-82.07017953,54043.0,367.4849331177422,0.0,75,69,0,0,69,68,20599,6,0,0,6,1
2020-08-05,US,West Virginia,Logan,162,3,0,37.8299889,-81.93528571,54045.0,505.949592429495,1.851851851851852,159,157,3,0,154,154,32607,5,0,0,5,3
2020-08-05,US,West Virginia,Marion,179,2,0,39.50984542,-80.24244659,54049.0,319.2324154658297,1.11731843575419,177,179,2,0,177,179,56097,0,0,0,0,0
2020-08-05,US,West Virginia,Marshall,129,1,0,39.86064362,-80.66591062,54051.0,422.5213717205463,0.7751937984496124,128,129,1,0,128,127,30785,0,0,0,0,2
2020-08-05,US,West Virginia,Mason,51,1,0,38.77071799,-82.02524219,54053.0,192.33670236838142,1.96078431372549,50,50,1,0,49,49,26718,1,0,0,1,1
2020-08-05,US,West Virginia,McDowell,48,0,0,37.38002939,-81.65083669,54047.0,272.3558783477077,0.0,48,46,0,0,46,44,18223,2,0,0,2,2
2020-08-05,US,West Virginia,Mercer,173,3,0,37.40481169,-81.11023142,54055.0,294.4279927839613,1.7341040462427746,170,167,3,0,164,165,59131,6,0,0,6,2
2020-08-05,US,West Virginia,Mineral,116,4,0,39.41561583,-78.94104895,54057.0,431.7403602798868,3.4482758620689653,112,114,4,0,110,113,26940,2,0,0,2,1
2020-08-05,US,West Virginia,Mingo,153,3,0,37.73048351,-82.13338365,54059.0,653.1762295081967,1.96078431372549,150,144,3,0,141,134,23785,9,0,0,9,10
2020-08-05,US,West Virginia,Monongalia,929,5,0,39.63218457,-80.04766838,54061.0,879.6348899746242,0.5382131324004306,924,929,5,0,924,925,106420,0,0,0,0,4
2020-08-05,US,West Virginia,Monroe,19,0,0,37.56274716,-80.54577965,54063.0,143.1261770244821,0.0,19,19,0,0,19,19,13280,0,0,0,0,0
2020-08-05,US,West Virginia,Morgan,26,0,0,39.55439028,-78.26311676,54065.0,145.38134645493182,0.0,26,26,0,0,26,26,17787,0,0,0,0,0
2020-08-05,US,West Virginia,Nicholas,33,1,0,38.29617706,-80.79759588,54067.0,134.71587197909864,3.0303030303030303,32,33,1,0,32,32,24842,0,0,0,0,1
2020-08-05,US,West Virginia,Ohio,263,4,0,40.0955451,-80.62203992,54069.0,635.0969549153607,1.520912547528517,259,260,4,0,256,255,41755,3,0,0,3,5
2020-08-05,US,West Virginia,Pendleton,42,1,0,38.68314479,-79.35084086,54071.0,602.6689625484287,2.380952380952381,41,41,1,0,40,38,6997,1,0,0,1,3
2020-08-05,US,West Virginia,Pleasants,9,0,0,39.37091679,-81.16771771,54073.0,120.64343163538874,0.0,9,8,0,0,8,8,7507,1,0,0,1,0
2020-08-05,US,West Virginia,Pocahontas,41,0,0,38.32758728,-80.00993811,54075.0,497.1504789620468,0.0,41,41,0,0,41,41,8414,0,0,0,0,0
2020-08-05,US,West Virginia,Preston,125,4,0,39.46770987,-79.66712803,54077.0,373.8932759033261,3.2,121,125,4,0,121,124,33839,0,0,0,0,1
2020-08-05,US,West Virginia,Putnam,174,0,0,38.50782345,-81.9082131,54079.0,308.237378210806,0.0,174,174,0,0,174,172,56682,0,0,0,0,2
2020-08-05,US,West Virginia,Raleigh,207,1,0,37.76936795,-81.2456041,54081.0,282.1662736331293,0.4830917874396135,206,198,1,0,197,196,74254,9,0,0,9,2
2020-08-05,US,West Virginia,Randolph,207,0,0,38.769899,-79.87919615,54083.0,721.3800313643492,0.0,207,207,0,0,207,207,28823,0,0,0,0,0
2020-08-05,US,West Virginia,Ritchie,3,0,0,39.18094587,-81.06356878,54085.0,31.400460540087924,0.0,3,3,0,0,3,3,9721,0,0,0,0,0
2020-08-05,US,West Virginia,Roane,14,1,0,38.71622686,-81.35243568,54087.0,102.27936879018118,7.142857142857142,13,14,1,0,13,14,13932,0,0,0,0,0
2020-08-05,US,West Virginia,Summers,7,0,0,37.65390597,-80.86009693,54089.0,55.67485882446513,0.0,7,7,0,0,7,7,12760,0,0,0,0,0
2020-08-05,US,West Virginia,Taylor,55,1,0,39.33602617,-80.0421439,54091.0,329.4399520814615,1.818181818181818,54,53,1,0,52,53,16862,2,0,0,2,0
2020-08-05,US,West Virginia,Tucker,11,0,0,39.11240885,-79.57053576,54093.0,160.84222839596433,0.0,11,11,0,0,11,11,6955,0,0,0,0,0
2020-08-05,US,West Virginia,Tyler,12,0,0,39.46811972,-80.88772676,54095.0,139.68106157606798,0.0,12,12,0,0,12,12,8746,0,0,0,0,0
2020-08-05,US,West Virginia,Upshur,39,0,0,38.89285061,-80.23689136,54097.0,161.31700860357378,0.0,39,39,0,0,39,38,24415,0,0,0,0,1
2020-08-05,US,West Virginia,Wayne,194,9,0,38.14901357,-82.42287994,54099.0,492.36079386833154,4.639175257731959,185,191,9,0,182,185,39944,3,0,0,3,6
2020-08-05,US,West Virginia,Webster,3,0,0,38.49370949,-80.4202023,54101.0,36.973132856790734,0.0,3,3,0,0,3,3,8285,0,0,0,0,0
2020-08-05,US,West Virginia,Wetzel,41,0,0,39.6065771,-80.64016540000001,54103.0,272.15399933620984,0.0,41,41,0,0,41,41,15270,0,0,0,0,0
2020-08-05,US,West Virginia,Wirt,6,0,0,39.02775007,-81.37473928,54105.0,103.07507301151009,0.0,6,6,0,0,6,6,5830,0,0,0,0,0
2020-08-05,US,West Virginia,Wood,240,5,0,39.20967886,-81.5162836,54107.0,287.3632031418377,2.083333333333333,235,240,5,0,235,236,84203,0,0,0,0,4
2020-08-05,US,West Virginia,Wyoming,24,1,0,37.612327,-81.54511071,54109.0,117.68167107972931,4.166666666666667,23,23,1,0,22,23,20786,1,0,0,1,0
2020-08-05,US,Wisconsin,Adams,79,2,0,43.96974651,-89.76782777,55001.0,390.70227497527196,2.5316455696202533,77,76,2,0,74,73,20348,3,0,0,3,3
2020-08-05,US,Wisconsin,Ashland,21,1,0,46.31956891,-90.67837132,55003.0,134.9440945893844,4.761904761904762,20,20,0,0,20,20,15600,1,1,0,0,0
2020-08-05,US,Wisconsin,Barron,273,3,0,45.42372701,-91.84833627,55005.0,603.3949252939616,1.0989010989010992,270,264,3,0,261,259,45164,9,0,0,9,5
2020-08-05,US,Wisconsin,Bayfield,21,1,0,46.52868768,-91.19716729,55007.0,139.66480446927375,4.761904761904762,20,21,1,0,20,20,15042,0,0,0,0,1
2020-08-05,US,Wisconsin,Brown,4100,52,0,44.452655299999996,-88.00411844,55009.0,1549.8484172645553,1.2682926829268293,4048,4063,52,0,4011,4011,263378,37,0,0,37,52
2020-08-05,US,Wisconsin,Buffalo,42,2,0,44.37835084,-91.75332578,55011.0,322.30834164684217,4.761904761904762,40,42,2,0,40,41,13125,0,0,0,0,1
2020-08-05,US,Wisconsin,Burnett,21,1,0,45.86303537,-92.36711412,55013.0,136.23978201634878,4.761904761904762,20,19,1,0,18,18,15392,2,0,0,2,1
2020-08-05,US,Wisconsin,Calumet,276,2,0,44.0816316,-88.21780273,55015.0,551.0191858491885,0.7246376811594203,274,266,2,0,264,258,50159,10,0,0,10,8
2020-08-05,US,Wisconsin,Chippewa,213,0,0,45.06939744,-91.28068855,55017.0,329.4255931207275,0.0,213,212,0,0,212,210,64135,1,0,0,1,2
2020-08-05,US,Wisconsin,Clark,179,7,0,44.73483377,-90.61207486,55019.0,514.7524012193019,3.910614525139665,172,179,7,0,172,177,34709,0,0,0,0,2
2020-08-05,US,Wisconsin,Columbia,233,1,0,43.46492199,-89.33589004,55021.0,404.99200444969773,0.4291845493562232,232,228,1,0,227,227,57358,5,0,0,5,1
2020-08-05,US,Wisconsin,Crawford,69,0,0,43.23870316,-90.93073686,55023.0,427.7478147665986,0.0,69,65,0,0,65,62,16291,4,0,0,4,3
2020-08-05,US,Wisconsin,Dane,4340,37,0,43.06601594,-89.41733797,55025.0,793.8612937744081,0.8525345622119815,4303,4263,37,0,4226,4230,542364,77,0,0,77,33
2020-08-05,US,Wisconsin,Dodge,743,5,0,43.41576662,-88.70928178,55027.0,845.8657316226277,0.6729475100942126,738,728,5,0,723,705,87847,15,0,0,15,23
2020-08-05,US,Wisconsin,Door,98,3,0,44.95856458,-87.30002707,55029.0,354.1997976001157,3.0612244897959178,95,91,3,0,88,85,27610,7,0,0,7,6
2020-08-05,US,Wisconsin,Douglas,145,0,0,46.43222285,-91.91595768,55031.0,336.03707995365005,0.0,145,139,0,0,139,135,43208,6,0,0,6,4
2020-08-05,US,Wisconsin,Dunn,112,0,0,44.94562799,-91.8962481,55033.0,246.87004055722096,0.0,112,107,0,0,107,105,45131,5,0,0,5,2
2020-08-05,US,Wisconsin,Eau Claire,531,4,0,44.726614,-91.28609183,55035.0,507.4250329682931,0.7532956685499058,527,517,3,0,514,507,104534,14,1,0,13,10
2020-08-05,US,Wisconsin,Florence,6,0,0,45.84963535,-88.39804137,55037.0,139.69732246798606,0.0,6,7,0,0,7,7,4321,-1,0,0,-1,0
2020-08-05,US,Wisconsin,Fond du Lac,584,6,0,43.75354908,-88.48885325,55039.0,564.7805189404562,1.0273972602739727,578,573,6,0,567,571,103066,11,0,0,11,2
2020-08-05,US,Wisconsin,Forest,59,4,0,45.66678019,-88.77084892,55041.0,655.264326965793,6.779661016949151,55,59,4,0,55,59,8991,0,0,0,0,0
2020-08-05,US,Wisconsin,Grant,332,14,0,42.8671731,-90.7063218,55043.0,645.4246777736738,4.216867469879518,318,331,14,0,317,329,51554,1,0,0,1,2
2020-08-05,US,Wisconsin,Green,135,1,0,42.6794956,-89.60243287,55045.0,365.2597402597403,0.7407407407407407,134,131,1,0,130,131,36929,4,0,0,4,0
2020-08-05,US,Wisconsin,Green Lake,54,0,0,43.80025981,-89.04679553,55047.0,285.5178977422937,0.0,54,53,0,0,53,52,18918,1,0,0,1,1
2020-08-05,US,Wisconsin,Iowa,68,0,0,43.00050278,-90.13469017,55049.0,287.1864177717713,0.0,68,65,0,0,65,65,23771,3,0,0,3,0
2020-08-05,US,Wisconsin,Iron,73,1,0,46.26302338,-90.24295041,55051.0,1283.6293300509935,1.3698630136986298,72,72,1,0,71,72,5676,1,0,0,1,0
2020-08-05,US,Wisconsin,Jackson,50,1,0,44.31864893,-90.80566792,55053.0,242.21285665843143,2.0,49,49,1,0,48,49,20478,1,0,0,1,0
2020-08-05,US,Wisconsin,Jefferson,581,5,0,43.02054068,-88.77529134,55055.0,685.3920654956411,0.8605851979345955,576,573,5,0,568,564,85129,8,0,0,8,9
2020-08-05,US,Wisconsin,Juneau,133,1,0,43.92456975,-90.11120239,55057.0,498.3699928804287,0.7518796992481203,132,129,1,0,128,129,26617,4,0,0,4,0
2020-08-05,US,Wisconsin,Kenosha,2561,58,0,42.57639354,-88.04051686,55059.0,1510.3708989685128,2.2647403358063256,2503,2517,58,0,2459,2499,169290,44,0,0,44,18
2020-08-05,US,Wisconsin,Kewaunee,115,2,0,44.51727459,-87.61468386,55061.0,562.7875110110599,1.7391304347826086,113,111,2,0,109,110,20383,4,0,0,4,1
2020-08-05,US,Wisconsin,La Crosse,854,1,0,43.90632465,-91.11451093,55063.0,723.6306941431668,0.117096018735363,853,836,1,0,835,825,118230,18,0,0,18,11
2020-08-05,US,Wisconsin,Lafayette,114,0,0,42.66005229,-90.1317729,55065.0,684.068406840684,0.0,114,112,0,0,112,110,16665,2,0,0,2,2
2020-08-05,US,Wisconsin,Langlade,51,1,0,45.26271619,-89.07483625,55067.0,265.77726822658815,1.96078431372549,50,51,1,0,50,49,19268,0,0,0,0,2
2020-08-05,US,Wisconsin,Lincoln,66,0,0,45.33737523,-89.73411273,55069.0,239.191099191824,0.0,66,65,0,0,65,64,27689,1,0,0,1,1
2020-08-05,US,Wisconsin,Manitowoc,318,1,0,44.11946801,-87.80928853,55071.0,402.62848026740613,0.31446540880503143,317,311,1,0,310,306,79074,7,0,0,7,5
2020-08-05,US,Wisconsin,Marathon,605,7,0,44.89792533,-89.75863384,55073.0,445.8626890310409,1.1570247933884297,598,589,7,0,582,580,135428,16,0,0,16,9
2020-08-05,US,Wisconsin,Marinette,350,3,0,45.38553432,-88.03324599999998,55075.0,867.4101610904585,0.8571428571428571,347,342,3,0,339,331,40434,8,0,0,8,11
2020-08-05,US,Wisconsin,Marquette,75,1,0,43.81911946,-89.40073763,55077.0,481.57185052009766,1.3333333333333333,74,71,1,0,70,71,15434,4,0,0,4,0
2020-08-05,US,Wisconsin,Menominee,20,0,0,45.00422544,-88.70950714,55078.0,438.9815627743634,0.0,20,21,0,0,21,20,4658,-1,0,0,-1,1
2020-08-05,US,Wisconsin,Milwaukee,20175,450,0,43.00486062,-87.96733172,55079.0,2133.281732764035,2.2304832713754648,19725,20003,447,0,19556,19855,948201,172,3,0,169,148
2020-08-05,US,Wisconsin,Monroe,234,2,0,43.94641218,-90.61881899999999,55081.0,505.9131299591378,0.8547008547008547,232,229,1,0,228,226,46051,5,1,0,4,3
2020-08-05,US,Wisconsin,Oconto,200,0,0,45.02715345,-88.26807503,55083.0,527.2871078302136,0.0,200,191,0,0,191,183,37830,9,0,0,9,8
2020-08-05,US,Wisconsin,Oneida,96,0,0,45.70677897,-89.51944105,55085.0,269.70080067425204,0.0,96,93,0,0,93,89,35470,3,0,0,3,4
2020-08-05,US,Wisconsin,Outagamie,1158,13,0,44.41578887,-88.46565023,55087.0,616.3344599089869,1.1226252158894643,1145,1132,13,0,1119,1113,187365,26,0,0,26,19
2020-08-05,US,Wisconsin,Ozaukee,605,17,0,43.38352225,-87.94625009,55089.0,678.0914807052152,2.809917355371901,588,592,17,0,575,568,89147,13,0,0,13,24
2020-08-05,US,Wisconsin,Pepin,42,0,0,44.58307413,-91.99949611,55091.0,576.3688760806916,0.0,42,41,0,0,41,40,7289,1,0,0,1,1
2020-08-05,US,Wisconsin,Pierce,183,0,0,44.71850291,-92.4224416,55093.0,428.0301258361792,0.0,183,178,0,0,178,174,42555,5,0,0,5,4
2020-08-05,US,Wisconsin,Polk,126,2,0,45.46130348,-92.44182875,55095.0,287.78292944750245,1.5873015873015872,124,125,2,0,123,120,43598,1,0,0,1,5
2020-08-05,US,Wisconsin,Portage,367,0,0,44.47558711,-89.50152965,55097.0,518.5666647826823,0.0,367,358,0,0,358,355,70942,9,0,0,9,3
2020-08-05,US,Wisconsin,Price,25,0,0,45.68051754,-90.36098879999999,55099.0,187.2518912441016,0.0,25,22,0,0,22,21,13397,3,0,0,3,1
2020-08-05,US,Wisconsin,Racine,3343,78,0,42.74753117,-88.05941254,55101.0,1702.9101782375924,2.3332336224947654,3265,3311,77,0,3234,3249,196584,32,1,0,31,62
2020-08-05,US,Wisconsin,Richland,34,4,0,43.3762778,-90.43012729,55103.0,197.0785995826571,11.764705882352944,30,32,4,0,28,32,17377,2,0,0,2,0
2020-08-05,US,Wisconsin,Rock,1382,26,0,42.67151616,-89.07147900000002,55105.0,846.0154021327913,1.8813314037626627,1356,1375,26,0,1349,1371,163129,7,0,0,7,4
2020-08-05,US,Wisconsin,Rusk,16,1,0,45.47498854,-91.1333012,55107.0,112.85089575398504,6.25,15,16,1,0,15,16,14147,0,0,0,0,0
2020-08-05,US,Wisconsin,Sauk,411,3,0,43.42574087,-89.94966132,55111.0,637.7828124515067,0.7299270072992701,408,405,3,0,402,392,64249,6,0,0,6,13
2020-08-05,US,Wisconsin,Sawyer,50,0,0,45.87931905,-91.14504927,55113.0,301.9688368160406,0.0,50,43,0,0,43,40,16489,7,0,0,7,3
2020-08-05,US,Wisconsin,Shawano,168,0,0,44.78902246,-88.76443896,55115.0,410.7679894373945,0.0,168,163,0,0,163,161,40796,5,0,0,5,2
2020-08-05,US,Wisconsin,Sheboygan,682,8,0,43.72099677,-87.94579284,55117.0,591.2953008496619,1.1730205278592376,674,636,6,0,630,622,115456,46,2,0,44,14
2020-08-05,US,Wisconsin,St. Croix,470,2,0,45.03437474,-92.45000068,55109.0,518.2661241412771,0.425531914893617,468,457,2,0,455,452,89694,13,0,0,13,5
2020-08-05,US,Wisconsin,Taylor,59,0,0,45.21179252,-90.5004405,55119.0,290.02605318782867,0.0,59,55,0,0,55,54,20412,4,0,0,4,1
2020-08-05,US,Wisconsin,Trempealeau,322,2,0,44.30360275,-91.35893614,55121.0,1086.040001349118,0.6211180124223602,320,313,2,0,311,307,29442,9,0,0,9,6
2020-08-05,US,Wisconsin,Vernon,59,0,0,43.59422667,-90.8324691,55123.0,191.4217117643242,0.0,59,60,0,0,60,58,30785,-1,0,0,-1,2
2020-08-05,US,Wisconsin,Vilas,40,0,0,46.05467334,-89.51719204,55125.0,180.22077044379364,0.0,40,39,0,0,39,38,21938,1,0,0,1,1
2020-08-05,US,Wisconsin,Walworth,1291,21,0,42.66858202,-88.54163073,55127.0,1242.9237108637888,1.6266460108443068,1270,1265,21,0,1244,1258,103718,26,0,0,26,7
2020-08-05,US,Wisconsin,Washburn,39,0,0,45.89838588,-91.79050449,55129.0,248.0916030534351,0.0,39,38,0,0,38,35,15878,1,0,0,1,3
2020-08-05,US,Wisconsin,Washington,945,22,0,43.36863664,-88.22974712,55131.0,694.6792713586307,2.328042328042328,923,913,22,0,891,880,135693,32,0,0,32,33
2020-08-05,US,Wisconsin,Waukesha,3841,57,0,43.01833055,-88.30431188,55133.0,950.2768445167962,1.4839885446498309,3784,3765,57,0,3708,3693,403072,76,0,0,76,72
2020-08-05,US,Wisconsin,Waupaca,408,15,0,44.47068056,-88.96534501,55135.0,800.1568935085312,3.6764705882352944,393,392,15,0,377,379,51128,16,0,0,16,13
2020-08-05,US,Wisconsin,Waushara,112,0,0,44.11324419,-89.24317107,55137.0,458.20889416192773,0.0,112,109,0,0,109,107,24263,3,0,0,3,2
2020-08-05,US,Wisconsin,Winnebago,1094,18,0,44.06886922,-88.64477096,55139.0,636.3906065488898,1.6453382084095065,1076,1082,18,0,1064,1063,171020,12,0,0,12,19
2020-08-05,US,Wisconsin,Wood,263,1,0,44.45537896,-90.04158336,55141.0,360.27890793024557,0.3802281368821293,262,255,1,0,254,241,73055,8,0,0,8,14
2020-08-05,US,Wyoming,Albany,88,0,0,41.65498705,-105.72354150000001,56001.0,226.33744855967083,0.0,88,88,0,0,88,88,38601,0,0,0,0,0
2020-08-05,US,Wyoming,Big Horn,36,0,0,44.52405055,-107.9960365,56003.0,305.3435114503817,0.0,36,36,0,0,36,36,11881,0,0,0,0,0
2020-08-05,US,Wyoming,Campbell,118,0,0,44.24886082,-105.54744040000001,56005.0,254.63412528862133,0.0,118,118,0,0,118,118,46140,0,0,0,0,0
2020-08-05,US,Wyoming,Carbon,88,0,0,41.69357844,-106.9326084,56007.0,594.5945945945947,0.0,88,84,0,0,84,82,14971,4,0,0,4,2
2020-08-05,US,Wyoming,Converse,32,0,0,42.97272268,-105.5081848,56009.0,231.51497612501808,0.0,32,32,0,0,32,31,13640,0,0,0,0,1
2020-08-05,US,Wyoming,Crook,10,0,0,44.58855102,-104.56977049999999,56011.0,131.85654008438817,0.0,10,10,0,0,10,9,7450,0,0,0,0,1
2020-08-05,US,Wyoming,Fremont,496,0,0,43.04183996,-108.6296893,56013.0,1263.340210386898,0.0,496,491,0,0,491,488,39531,5,0,0,5,3
2020-08-05,US,Wyoming,Goshen,22,0,0,42.08798185,-104.3534743,56015.0,166.5278934221482,0.0,22,20,0,0,20,19,13376,2,0,0,2,1
2020-08-05,US,Wyoming,Hot Springs,19,0,0,43.71930657,-108.44231740000001,56017.0,430.5461137548154,0.0,19,18,0,0,18,18,4555,1,0,0,1,0
2020-08-05,US,Wyoming,Johnson,22,1,0,44.04057166,-106.58451740000001,56019.0,260.5091770278271,4.545454545454546,21,22,1,0,21,22,8460,0,0,0,0,0
2020-08-05,US,Wyoming,Laramie,489,0,0,41.30702520000001,-104.6887497,56021.0,491.4572864321608,0.0,489,484,0,0,484,479,98976,5,0,0,5,5
2020-08-05,US,Wyoming,Lincoln,97,0,0,42.26376367,-110.6563997,56023.0,489.1578416540596,0.0,97,93,0,0,93,92,19434,4,0,0,4,1
2020-08-05,US,Wyoming,Natrona,226,0,0,42.96180148,-106.79788500000001,56025.0,283.00232913421326,0.0,226,224,0,0,224,217,79115,2,0,0,2,7
2020-08-05,US,Wyoming,Niobrara,2,0,0,43.05607708,-104.47588959999999,56027.0,84.88964346349746,0.0,2,2,0,0,2,2,2388,0,0,0,0,0
2020-08-05,US,Wyoming,Park,124,0,0,44.52157546,-109.58528249999999,56029.0,424.74481057751586,0.0,124,117,0,0,117,117,29324,7,0,0,7,0
2020-08-05,US,Wyoming,Platte,5,0,0,42.13299116,-104.96633100000001,56031.0,59.57345406886692,0.0,5,5,0,0,5,5,8566,0,0,0,0,0
2020-08-05,US,Wyoming,Sheridan,64,0,0,44.79048913,-106.8862389,56033.0,209.93931441692644,0.0,64,62,0,0,62,61,30233,2,0,0,2,1
2020-08-05,US,Wyoming,Sublette,39,0,0,42.76558279,-109.91309220000001,56035.0,396.7043027158987,0.0,39,39,0,0,39,37,9813,0,0,0,0,2
2020-08-05,US,Wyoming,Sweetwater,252,0,0,41.65943896,-108.8827882,56037.0,595.1396925111587,0.0,252,251,0,0,251,250,43051,1,0,0,1,1
2020-08-05,US,Wyoming,Teton,363,0,0,43.93522482,-110.5890801,56039.0,1547.0508012274122,0.0,363,362,0,0,362,358,23081,1,0,0,1,4
2020-08-05,US,Wyoming,Uinta,268,0,0,41.2878183,-110.54757820000002,56041.0,1325.0271927222384,0.0,268,267,0,0,267,265,20299,1,0,0,1,2
2020-08-05,US,Wyoming,Unassigned,0,26,0,0.0,0.0,90056.0,0.0,0.0,-26,0,26,0,-26,0,,0,0,0,0,0
2020-08-05,US,Wyoming,Washakie,58,0,0,43.90451606,-107.68018700000002,56043.0,743.1133888532993,0.0,58,54,0,0,54,49,7885,4,0,0,4,5
2020-08-05,US,Wyoming,Weston,5,0,0,43.83961191,-104.56748809999999,56045.0,72.18131947452,0.0,5,5,0,0,5,5,6967,0,0,0,0,0
