Date,Country/Region,Province/State,Admin2,Confirmed,Deaths,Recovered,Latitude,Longitude,FIPS,Active Cases,Previous Confirmed,Previous Deaths,Previous Recovered,Previous Active,Prev2 Confirmed,Population,Daily Confirmed,Daily Deaths,Daily Recovered,Daily Active,Previous Daily Confirmed
2020-05-23,US,Alabama,Autauga,155,3,0,32.53952745,-86.64408227,1001.0,152,149,3,0,146,143,55601,6,0,0,6,6
2020-05-23,US,Alabama,Baldwin,273,9,0,30.72774991,-87.72207058,1003.0,264,271,9,0,262,269,218022,2,0,0,2,2
2020-05-23,US,Alabama,Barbour,105,1,0,31.868263,-85.3871286,1005.0,104,104,1,0,103,99,24881,1,0,0,1,5
2020-05-23,US,Alabama,Bibb,58,1,0,32.99642064,-87.12511459999996,1007.0,57,55,1,0,54,52,22400,3,0,0,3,3
2020-05-23,US,Alabama,Blount,49,1,0,33.98210918,-86.56790593,1009.0,48,49,1,0,48,47,57840,0,0,0,0,2
2020-05-23,US,Alabama,Bullock,105,1,0,32.10030533,-85.71265535,1011.0,104,89,1,0,88,65,10138,16,0,0,16,24
2020-05-23,US,Alabama,Butler,335,11,0,31.75300095,-86.68057478,1013.0,324,329,11,0,318,318,19680,6,0,0,6,11
2020-05-23,US,Alabama,Calhoun,138,3,0,33.77483727,-85.82630386,1015.0,135,137,3,0,134,136,114277,1,0,0,1,1
2020-05-23,US,Alabama,Chambers,330,23,0,32.91360079,-85.39072749,1017.0,307,330,23,0,307,332,33615,0,0,0,0,-2
2020-05-23,US,Alabama,Cherokee,33,2,0,34.17805983,-85.60638968,1019.0,31,33,2,0,31,31,26032,0,0,0,0,2
2020-05-23,US,Alabama,Chilton,86,1,0,32.85044126,-86.7173256,1021.0,85,85,1,0,84,83,44153,1,0,0,1,2
2020-05-23,US,Alabama,Choctaw,139,4,0,32.02227341,-88.26564429999998,1023.0,135,135,4,0,131,131,12841,4,0,0,4,4
2020-05-23,US,Alabama,Clarke,97,2,0,31.68099859,-87.83548597,1025.0,95,92,2,0,90,91,23920,5,0,0,5,1
2020-05-23,US,Alabama,Clay,27,2,0,33.26984193,-85.85836077,1027.0,25,27,2,0,25,27,13275,0,0,0,0,0
2020-05-23,US,Alabama,Cleburne,13,1,0,33.67679204,-85.52005899,1029.0,12,13,1,0,12,13,14987,0,0,0,0,0
2020-05-23,US,Alabama,Coffee,196,1,0,31.39932826,-85.98901039,1031.0,195,189,1,0,188,184,51909,7,0,0,7,5
2020-05-23,US,Alabama,Colbert,125,2,0,34.69847452,-87.80168544,1033.0,123,117,2,0,115,111,54762,8,0,0,8,6
2020-05-23,US,Alabama,Conecuh,25,1,0,31.43401703,-86.99320044,1035.0,24,24,1,0,23,22,12277,1,0,0,1,2
2020-05-23,US,Alabama,Coosa,33,1,0,32.93690146,-86.24847739,1037.0,32,33,1,0,32,33,10715,0,0,0,0,0
2020-05-23,US,Alabama,Covington,63,1,0,31.247785399999998,-86.45050893,1039.0,62,63,1,0,62,60,36986,0,0,0,0,3
2020-05-23,US,Alabama,Crenshaw,58,2,0,31.72941803,-86.31593104,1041.0,56,53,2,0,51,52,13824,5,0,0,5,1
2020-05-23,US,Alabama,Cullman,74,0,0,34.13020303,-86.86888037,1043.0,74,73,0,0,73,72,83442,1,0,0,1,1
2020-05-23,US,Alabama,Dale,80,0,0,31.43037123,-85.61095742,1045.0,80,77,0,0,77,75,48956,3,0,0,3,2
2020-05-23,US,Alabama,Dallas,191,3,0,32.32688101,-87.10866709999998,1047.0,188,182,3,0,179,173,38310,9,0,0,9,9
2020-05-23,US,Alabama,DeKalb,214,3,0,34.45946862,-85.80782906,1049.0,211,209,3,0,206,207,71385,5,0,0,5,2
2020-05-23,US,Alabama,Elmore,254,7,0,32.59785413,-86.14415284,1051.0,247,242,7,0,235,234,81887,12,0,0,12,8
2020-05-23,US,Alabama,Escambia,40,3,0,31.1256789,-87.15918694,1053.0,37,39,3,0,36,39,36748,1,0,0,1,0
2020-05-23,US,Alabama,Etowah,228,10,0,34.04567266,-86.04051873,1055.0,218,225,10,0,215,226,102501,3,0,0,3,-1
2020-05-23,US,Alabama,Fayette,11,0,0,33.72076938,-87.73886638,1057.0,11,11,0,0,11,10,16433,0,0,0,0,1
2020-05-23,US,Alabama,Franklin,434,6,0,34.44235334,-87.84289505,1059.0,428,422,5,0,417,409,31363,12,1,0,11,13
2020-05-23,US,Alabama,Geneva,31,0,0,31.09389027,-85.83572839,1061.0,31,28,0,0,28,27,26314,3,0,0,3,1
2020-05-23,US,Alabama,Greene,90,4,0,32.85504247,-87.95684022,1063.0,86,88,4,0,84,87,8233,2,0,0,2,1
2020-05-23,US,Alabama,Hale,122,3,0,32.76039258,-87.63284988,1065.0,119,119,3,0,116,110,14726,3,0,0,3,9
2020-05-23,US,Alabama,Henry,52,1,0,31.51148016,-85.24267944,1067.0,51,50,1,0,49,48,17209,2,0,0,2,2
2020-05-23,US,Alabama,Houston,161,4,0,31.15197924,-85.29939599,1069.0,157,156,3,0,153,150,104722,5,1,0,4,6
2020-05-23,US,Alabama,Jackson,69,2,0,34.78144169,-85.99750489,1071.0,67,69,2,0,67,68,51736,0,0,0,0,1
2020-05-23,US,Alabama,Jefferson,1573,88,0,33.55554728,-86.89506300000002,1073.0,1485,1498,88,0,1410,1453,659300,75,0,0,75,45
2020-05-23,US,Alabama,Lamar,18,0,0,33.77995024,-88.09668032,1075.0,18,17,0,0,17,16,13844,1,0,0,1,1
2020-05-23,US,Alabama,Lauderdale,126,2,0,34.90171875,-87.65624729,1077.0,124,122,2,0,120,119,92387,4,0,0,4,3
2020-05-23,US,Alabama,Lawrence,41,0,0,34.52041498,-87.31069453,1079.0,41,40,0,0,40,38,32957,1,0,0,1,2
2020-05-23,US,Alabama,Lee,488,32,0,32.60154883,-85.35132246,1081.0,456,471,32,0,439,466,163941,17,0,0,17,5
2020-05-23,US,Alabama,Limestone,72,0,0,34.81185586,-86.98310072,1083.0,72,72,0,0,72,70,96174,0,0,0,0,2
2020-05-23,US,Alabama,Lowndes,182,10,0,32.1597283,-86.65158371,1085.0,172,172,10,0,162,158,9974,10,0,0,10,14
2020-05-23,US,Alabama,Macon,58,2,0,32.38759944,-85.69267724,1087.0,56,58,2,0,56,59,18439,0,0,0,0,-1
2020-05-23,US,Alabama,Madison,292,4,0,34.76327133,-86.55069633,1089.0,288,286,4,0,282,285,366519,6,0,0,6,1
2020-05-23,US,Alabama,Marengo,132,6,0,32.24767634,-87.78796182,1091.0,126,125,6,0,119,119,19066,7,0,0,7,6
2020-05-23,US,Alabama,Marion,109,10,0,34.13697363,-87.88704173,1093.0,99,107,10,0,97,108,29763,2,0,0,2,-1
2020-05-23,US,Alabama,Marshall,644,9,0,34.36975964,-86.30486727,1095.0,635,642,9,0,633,644,96109,2,0,0,2,-2
2020-05-23,US,Alabama,Mobile,1973,109,0,30.78472347,-88.20842409,1097.0,1864,1916,107,0,1809,1870,413757,57,2,0,55,46
2020-05-23,US,Alabama,Monroe,26,2,0,31.56729412,-87.36995001,1099.0,24,23,2,0,21,22,21067,3,0,0,3,1
2020-05-23,US,Alabama,Montgomery,1141,30,0,32.2206831,-86.20969272,1101.0,1111,1096,29,0,1067,1028,225763,45,1,0,44,68
2020-05-23,US,Alabama,Morgan,157,1,0,34.45500589,-86.85475946,1103.0,156,144,1,0,143,137,119089,13,0,0,13,7
2020-05-23,US,Alabama,Perry,29,0,0,32.64048341,-87.29770589,1105.0,29,28,0,0,28,25,9140,1,0,0,1,3
2020-05-23,US,Alabama,Pickens,88,4,0,33.28094866,-88.08818103,1107.0,84,86,4,0,82,86,19938,2,0,0,2,0
2020-05-23,US,Alabama,Pike,128,0,0,31.80396383,-85.9408295,1109.0,128,127,0,0,127,124,33338,1,0,0,1,3
2020-05-23,US,Alabama,Randolph,124,7,0,33.29526734,-85.45708831,1111.0,117,123,7,0,116,121,22725,1,0,0,1,2
2020-05-23,US,Alabama,Russell,125,0,0,32.28725256,-85.18415324,1113.0,125,120,0,0,120,118,57781,5,0,0,5,2
2020-05-23,US,Alabama,Shelby,426,19,0,33.26879845,-86.66232561,1117.0,407,420,19,0,401,417,215707,6,0,0,6,3
2020-05-23,US,Alabama,St. Clair,100,1,0,33.71902176,-86.31029372,1115.0,99,98,1,0,97,97,88690,2,0,0,2,1
2020-05-23,US,Alabama,Sumter,185,6,0,32.59117397,-88.19916205,1119.0,179,172,6,0,166,169,12691,13,0,0,13,3
2020-05-23,US,Alabama,Talladega,86,2,0,33.37823223,-86.16886178,1121.0,84,85,2,0,83,82,79828,1,0,0,1,3
2020-05-23,US,Alabama,Tallapoosa,392,62,0,32.86698258,-85.79833053,1123.0,330,387,62,0,325,384,40497,5,0,0,5,3
2020-05-23,US,Alabama,Tuscaloosa,479,11,0,33.28726072,-87.52556818,1125.0,468,464,9,0,455,446,208911,15,2,0,13,18
2020-05-23,US,Alabama,Walker,191,1,0,33.80270512,-87.30027177,1127.0,190,179,1,0,178,168,63711,12,0,0,12,11
2020-05-23,US,Alabama,Washington,64,5,0,31.4092794,-88.20689944,1129.0,59,63,5,0,58,63,16378,1,0,0,1,0
2020-05-23,US,Alabama,Wilcox,113,7,0,31.98773215,-87.30891118,1131.0,106,110,6,0,104,109,10627,3,1,0,2,1
2020-05-23,US,Alabama,Winston,61,0,0,34.15030532,-87.37325922,1133.0,61,52,0,0,52,53,23660,9,0,0,9,-1
2020-05-23,US,Alaska,Anchorage,206,4,0,61.14998174,-149.14269860000005,2020.0,202,206,4,0,202,206,291538,0,0,0,0,0
2020-05-23,US,Alaska,Bethel,2,0,0,60.90980451,-159.8561831,2050.0,2,2,0,0,2,2,18216,0,0,0,0,0
2020-05-23,US,Alaska,Fairbanks North Star,85,2,0,64.80726247,-146.5692662,2090.0,83,85,2,0,83,85,98971,0,0,0,0,0
2020-05-23,US,Alaska,Juneau,31,0,0,58.45031811,-134.200436,2110.0,31,31,0,0,31,30,32113,0,0,0,0,1
2020-05-23,US,Alaska,Kenai Peninsula,26,2,0,60.24429722,-151.53888840000005,2122.0,24,26,2,0,24,26,58533,0,0,0,0,0
2020-05-23,US,Alaska,Ketchikan Gateway,16,0,0,55.57445008,-130.975561,2130.0,16,16,0,0,16,16,13918,0,0,0,0,0
2020-05-23,US,Alaska,Kodiak Island,1,0,0,57.65529415,-153.7493579,2150.0,1,1,0,0,1,1,13345,0,0,0,0,0
2020-05-23,US,Alaska,Matanuska-Susitna,24,1,0,62.31305045,-149.5741743,2170.0,23,22,1,0,21,22,107610,2,0,0,2,0
2020-05-23,US,Alaska,Nome,3,0,0,64.90320724,-164.0353804,2180.0,3,2,0,0,2,1,10008,1,0,0,1,1
2020-05-23,US,Alaska,Northwest Arctic,2,0,0,67.04919196,-159.7503946,2188.0,2,1,0,0,1,1,7671,1,0,0,1,0
2020-05-23,US,Alaska,Petersburg,4,1,0,57.13978948,-132.9540995,2195.0,3,4,1,0,3,4,3221,0,0,0,0,0
2020-05-23,US,Alaska,Prince of Wales-Hyder,2,0,0,55.76261984,-133.0511621,2198.0,2,2,0,0,2,2,6422,0,0,0,0,0
2020-05-23,US,Alaska,Sitka,1,0,0,57.24124555,-135.3206587,2220.0,1,1,0,0,1,1,8647,0,0,0,0,0
2020-05-23,US,Alaska,Southeast Fairbanks,3,0,0,63.87692095,-143.2127643,2240.0,3,3,0,0,3,3,6918,0,0,0,0,0
2020-05-23,US,Alaska,Yukon-Koyukuk,1,0,0,65.50815459,-151.39073869999999,2290.0,1,1,0,0,1,1,5327,0,0,0,0,0
2020-05-23,US,Arizona,Apache,1144,25,0,35.39465006,-109.4892383,4001.0,1119,1139,23,0,1116,1121,71818,5,2,0,3,18
2020-05-23,US,Arizona,Cochise,58,1,0,31.87934684,-109.7516088,4003.0,57,56,1,0,55,51,126770,2,0,0,2,5
2020-05-23,US,Arizona,Coconino,1000,72,0,35.83883429,-111.77071780000001,4005.0,928,979,69,0,910,972,142854,21,3,0,18,7
2020-05-23,US,Arizona,Gila,23,1,0,33.80190085,-110.8132779,4007.0,22,24,1,0,23,22,53889,-1,0,0,-1,2
2020-05-23,US,Arizona,Graham,21,0,0,32.93166885,-109.8882178,4009.0,21,21,0,0,21,21,38072,0,0,0,0,0
2020-05-23,US,Arizona,Greenlee,3,0,0,33.21498827,-109.2405279,4011.0,3,3,0,0,3,3,9483,0,0,0,0,0
2020-05-23,US,Arizona,La Paz,49,1,0,33.72854224,-113.98100290000001,4012.0,48,48,1,0,47,45,21098,1,0,0,1,3
2020-05-23,US,Arizona,Maricopa,8177,383,0,33.34835867,-112.49181540000001,4013.0,7794,7950,368,0,7582,7835,4410824,227,15,0,212,115
2020-05-23,US,Arizona,Mohave,303,34,0,35.70471703,-113.7577902,4015.0,269,288,33,0,255,277,209550,15,1,0,14,11
2020-05-23,US,Arizona,Navajo,1491,56,0,35.3997715,-110.3218983,4017.0,1435,1470,53,0,1417,1421,110445,21,3,0,18,49
2020-05-23,US,Arizona,Pima,2002,173,0,32.0971334,-111.7890033,4019.0,1829,1974,174,0,1800,1944,1039073,28,-1,0,29,30
2020-05-23,US,Arizona,Pinal,751,37,0,32.90525627,-111.3449483,4021.0,714,749,37,0,712,732,447138,2,0,0,2,17
2020-05-23,US,Arizona,Santa Cruz,143,0,0,31.52508998,-110.8479088,4023.0,143,131,0,0,131,123,46511,12,0,0,12,8
2020-05-23,US,Arizona,Unassigned,0,2,0,0.0,0.0,90004.0,-2,0,2,0,-2,0,,0,0,0,0,0
2020-05-23,US,Arizona,Yavapai,284,6,0,34.59933926,-112.5538588,4025.0,278,284,6,0,278,273,231993,0,0,0,0,11
2020-05-23,US,Arizona,Yuma,604,10,0,32.76895712,-113.90666740000002,4027.0,594,508,7,0,501,508,212128,96,3,0,93,0
2020-05-23,US,Arkansas,Arkansas,2,0,0,34.29145151,-91.37277296,5001.0,2,2,0,0,2,2,17769,0,0,0,0,0
2020-05-23,US,Arkansas,Ashley,19,0,0,33.19153461,-91.76984709999999,5003.0,19,19,0,0,19,19,20046,0,0,0,0,0
2020-05-23,US,Arkansas,Baxter,6,0,0,36.28784385,-92.33782872,5005.0,6,6,0,0,6,6,41619,0,0,0,0,0
2020-05-23,US,Arkansas,Benton,237,0,0,36.33644656,-94.25680817,5007.0,237,212,0,0,212,190,272608,25,0,0,25,22
2020-05-23,US,Arkansas,Boone,6,0,0,36.3084504,-93.09374925,5009.0,6,5,0,0,5,5,37480,1,0,0,1,0
2020-05-23,US,Arkansas,Bradley,16,1,0,33.46755808,-92.15980837,5011.0,15,16,1,0,15,15,10897,0,0,0,0,1
2020-05-23,US,Arkansas,Carroll,10,0,0,36.34038560000001,-93.54270261,5015.0,10,9,0,0,9,8,28223,1,0,0,1,1
2020-05-23,US,Arkansas,Chicot,12,0,0,33.26458973,-91.29539209,5017.0,12,12,0,0,12,12,10438,0,0,0,0,0
2020-05-23,US,Arkansas,Clark,36,0,0,34.04613432,-93.17484713,5019.0,36,36,0,0,36,35,22061,0,0,0,0,1
2020-05-23,US,Arkansas,Clay,4,0,0,36.36826212,-90.4148172,5021.0,4,4,0,0,4,4,14847,0,0,0,0,0
2020-05-23,US,Arkansas,Cleburne,73,4,0,35.53864922,-92.02640019,5023.0,69,73,4,0,69,73,24965,0,0,0,0,0
2020-05-23,US,Arkansas,Cleveland,18,0,0,33.89723187,-92.18537045,5025.0,18,18,0,0,18,17,8018,0,0,0,0,1
2020-05-23,US,Arkansas,Columbia,20,2,0,33.21230701,-93.22642793,5027.0,18,20,2,0,18,20,23537,0,0,0,0,0
2020-05-23,US,Arkansas,Conway,14,1,0,35.26205537,-92.70506566,5029.0,13,14,1,0,13,14,20891,0,0,0,0,0
2020-05-23,US,Arkansas,Craighead,181,0,0,35.83018283,-90.63235729,5031.0,181,174,0,0,174,170,108558,7,0,0,7,4
2020-05-23,US,Arkansas,Crawford,13,0,0,35.58928601,-94.2446814,5033.0,13,12,0,0,12,12,63406,1,0,0,1,0
2020-05-23,US,Arkansas,Crittenden,280,9,0,35.21247318,-90.30839406,5035.0,271,276,8,0,268,267,48342,4,1,0,3,9
2020-05-23,US,Arkansas,Cross,42,0,0,35.29631396,-90.77185818,5037.0,42,42,0,0,42,41,16676,0,0,0,0,1
2020-05-23,US,Arkansas,Dallas,1,0,0,33.97042763,-92.65167437,5039.0,1,1,0,0,1,1,7182,0,0,0,0,0
2020-05-23,US,Arkansas,Desha,19,0,0,33.83011025,-91.25500948,5041.0,19,18,0,0,18,18,11512,1,0,0,1,0
2020-05-23,US,Arkansas,Drew,19,1,0,33.59035001,-91.71777921,5043.0,18,19,1,0,18,19,18328,0,0,0,0,0
2020-05-23,US,Arkansas,Faulkner,100,3,0,35.14719007,-92.33717519,5045.0,97,98,3,0,95,98,124806,2,0,0,2,0
2020-05-23,US,Arkansas,Franklin,4,0,0,35.51202821,-93.89299569,5047.0,4,2,0,0,2,2,17810,2,0,0,2,0
2020-05-23,US,Arkansas,Fulton,6,0,0,36.38177105,-91.81729127,5049.0,6,6,0,0,6,4,12269,0,0,0,0,2
2020-05-23,US,Arkansas,Garland,133,1,0,34.57692074,-93.14921604,5051.0,132,132,1,0,131,131,99154,1,0,0,1,1
2020-05-23,US,Arkansas,Grant,16,0,0,34.29017991,-92.42320562,5053.0,16,16,0,0,16,16,18188,0,0,0,0,0
2020-05-23,US,Arkansas,Greene,45,0,0,36.11735460000001,-90.55832668,5055.0,45,42,0,0,42,34,45325,3,0,0,3,8
2020-05-23,US,Arkansas,Hempstead,13,1,0,33.73325583,-93.66935133,5057.0,12,11,1,0,10,12,21741,2,0,0,2,-1
2020-05-23,US,Arkansas,Hot Spring,29,0,0,34.31709259,-92.95396325,5059.0,29,29,0,0,29,29,33701,0,0,0,0,0
2020-05-23,US,Arkansas,Howard,15,0,0,34.09007427,-93.9934871,5061.0,15,15,0,0,15,14,13341,0,0,0,0,1
2020-05-23,US,Arkansas,Independence,29,0,0,35.74242707,-91.57001641,5063.0,29,27,0,0,27,27,37678,2,0,0,2,0
2020-05-23,US,Arkansas,Izard,14,0,0,36.09604046,-91.90847954,5065.0,14,14,0,0,14,14,13593,0,0,0,0,0
2020-05-23,US,Arkansas,Jackson,1,0,0,35.59802983,-91.21494602,5067.0,1,1,0,0,1,1,16811,0,0,0,0,0
2020-05-23,US,Arkansas,Jefferson,504,23,0,34.26767081,-91.92619839,5069.0,481,501,23,0,478,500,68114,3,0,0,3,1
2020-05-23,US,Arkansas,Johnson,38,0,0,35.56759135,-93.46036368,5071.0,38,36,0,0,36,36,26742,2,0,0,2,0
2020-05-23,US,Arkansas,Lafayette,9,1,0,33.24116713,-93.60677071,5073.0,8,9,1,0,8,9,6682,0,0,0,0,0
2020-05-23,US,Arkansas,Lawrence,82,5,0,36.04188196,-91.10867198,5075.0,77,81,5,0,76,79,16434,1,0,0,1,2
2020-05-23,US,Arkansas,Lee,14,1,0,34.78498904,-90.78383866,5077.0,13,13,1,0,12,13,8985,1,0,0,1,0
2020-05-23,US,Arkansas,Lincoln,970,8,0,33.95317155,-91.74002806,5079.0,962,966,8,0,958,966,13383,4,0,0,4,0
2020-05-23,US,Arkansas,Little River,1,0,0,33.70375665,-94.23468591,5081.0,1,1,0,0,1,1,12326,0,0,0,0,0
2020-05-23,US,Arkansas,Logan,4,0,0,35.21413234,-93.71951016,5083.0,4,4,0,0,4,4,21737,0,0,0,0,0
2020-05-23,US,Arkansas,Lonoke,46,0,0,34.75392199,-91.88742357,5085.0,46,46,0,0,46,46,73657,0,0,0,0,0
2020-05-23,US,Arkansas,Madison,3,0,0,36.01038185,-93.72524943,5087.0,3,3,0,0,3,2,16481,0,0,0,0,1
2020-05-23,US,Arkansas,Marion,1,0,0,36.26844485,-92.68451899,5089.0,1,1,0,0,1,1,16722,0,0,0,0,0
2020-05-23,US,Arkansas,Miller,42,1,0,33.31403423,-93.89285258,5091.0,41,42,1,0,41,42,43592,0,0,0,0,0
2020-05-23,US,Arkansas,Mississippi,70,1,0,35.76271485,-90.05194370000002,5093.0,69,70,1,0,69,69,41239,0,0,0,0,1
2020-05-23,US,Arkansas,Monroe,5,0,0,34.6815935,-91.20540287,5095.0,5,5,0,0,5,5,6900,0,0,0,0,0
2020-05-23,US,Arkansas,Montgomery,1,0,0,34.53704874,-93.65824478,5097.0,1,1,0,0,1,1,8924,0,0,0,0,0
2020-05-23,US,Arkansas,Nevada,4,0,0,33.66340119,-93.30632432,5099.0,4,4,0,0,4,4,8326,0,0,0,0,0
2020-05-23,US,Arkansas,Newton,3,0,0,35.91947491,-93.21612969,5101.0,3,3,0,0,3,3,7805,0,0,0,0,0
2020-05-23,US,Arkansas,Ouachita,10,0,0,33.58839816,-92.87795984,5103.0,10,10,0,0,10,10,23606,0,0,0,0,0
2020-05-23,US,Arkansas,Perry,12,0,0,34.945915299999996,-92.94372564,5105.0,12,12,0,0,12,12,10352,0,0,0,0,0
2020-05-23,US,Arkansas,Phillips,7,1,0,34.43268455,-90.84800154,5107.0,6,7,1,0,6,6,18029,0,0,0,0,1
2020-05-23,US,Arkansas,Pike,4,0,0,34.16250414,-93.65789349,5109.0,4,4,0,0,4,4,10673,0,0,0,0,0
2020-05-23,US,Arkansas,Poinsett,31,2,0,35.57433534,-90.66268713,5111.0,29,31,2,0,29,30,23974,0,0,0,0,1
2020-05-23,US,Arkansas,Polk,9,0,0,34.48254879,-94.22728802,5113.0,9,9,0,0,9,9,20049,0,0,0,0,0
2020-05-23,US,Arkansas,Pope,107,1,0,35.44871474,-93.03212219,5115.0,106,100,1,0,99,92,64000,7,0,0,7,8
2020-05-23,US,Arkansas,Prairie,2,0,0,34.83624419,-91.55162157,5117.0,2,2,0,0,2,2,8074,0,0,0,0,0
2020-05-23,US,Arkansas,Pulaski,773,29,0,34.77054088,-92.31355101,5119.0,744,761,29,0,732,740,392680,12,0,0,12,21
2020-05-23,US,Arkansas,Randolph,26,0,0,36.3415714,-91.02455531,5121.0,26,25,0,0,25,24,17948,1,0,0,1,1
2020-05-23,US,Arkansas,Saline,87,1,0,34.64916145,-92.67583224,5125.0,86,83,1,0,82,83,121421,4,0,0,4,0
2020-05-23,US,Arkansas,Scott,1,0,0,34.85588887,-94.0632176,5127.0,1,1,0,0,1,1,10319,0,0,0,0,0
2020-05-23,US,Arkansas,Searcy,6,0,0,35.9109364,-92.69936482,5129.0,6,6,0,0,6,6,7958,0,0,0,0,0
2020-05-23,US,Arkansas,Sebastian,19,0,0,35.19605503,-94.27162713,5131.0,19,18,0,0,18,18,127753,1,0,0,1,0
2020-05-23,US,Arkansas,Sevier,79,1,0,33.99780401,-94.2424869,5133.0,78,62,1,0,61,50,17139,17,0,0,17,12
2020-05-23,US,Arkansas,Sharp,42,2,0,36.16258158,-91.47819342,5135.0,40,42,2,0,40,42,17366,0,0,0,0,0
2020-05-23,US,Arkansas,St. Francis,628,1,0,35.02201976,-90.74828138,5123.0,627,621,1,0,620,600,25439,7,0,0,7,21
2020-05-23,US,Arkansas,Stone,8,0,0,35.86251946,-92.15684085,5137.0,8,8,0,0,8,8,12457,0,0,0,0,0
2020-05-23,US,Arkansas,Unassigned,148,0,0,0.0,0.0,90005.0,148,144,0,0,144,151,,4,0,0,4,-7
2020-05-23,US,Arkansas,Union,152,5,0,33.16887091,-92.59746952,5139.0,147,144,4,0,140,140,39126,8,1,0,7,4
2020-05-23,US,Arkansas,Van Buren,28,2,0,35.58095779,-92.51295036,5141.0,26,28,2,0,26,28,16603,0,0,0,0,0
2020-05-23,US,Arkansas,Washington,233,5,0,35.976844,-94.21800746,5143.0,228,213,5,0,208,180,236961,20,0,0,20,33
2020-05-23,US,Arkansas,White,38,1,0,35.25688493,-91.74908296,5145.0,37,37,1,0,36,37,78727,1,0,0,1,0
2020-05-23,US,Arkansas,Woodruff,1,0,0,35.18902527,-91.2439489,5147.0,1,1,0,0,1,1,6490,0,0,0,0,0
2020-05-23,US,Arkansas,Yell,94,1,0,35.00292371,-93.41171338,5149.0,93,76,1,0,75,73,21535,18,0,0,18,3
2020-05-23,US,California,Alameda,2760,92,0,37.64629437,-121.8929271,6001.0,2668,2708,90,0,2618,2609,1666753,52,2,0,50,99
2020-05-23,US,California,Alpine,2,0,0,38.59678594,-119.82235940000001,6003.0,2,2,0,0,2,2,1101,0,0,0,0,0
2020-05-23,US,California,Amador,10,0,0,38.44583082,-120.65696000000001,6005.0,10,10,0,0,10,10,39383,0,0,0,0,0
2020-05-23,US,California,Butte,34,0,0,39.66727762,-121.6005252,6007.0,34,34,0,0,34,31,231256,0,0,0,0,3
2020-05-23,US,California,Calaveras,13,0,0,38.20537103,-120.55291299999999,6009.0,13,13,0,0,13,13,45602,0,0,0,0,0
2020-05-23,US,California,Colusa,5,0,0,39.17881957,-122.2331726,6011.0,5,5,0,0,5,4,21627,0,0,0,0,1
2020-05-23,US,California,Contra Costa,1296,36,0,37.91923498,-121.9289527,6013.0,1260,1259,36,0,1223,1234,1150215,37,0,0,37,25
2020-05-23,US,California,Del Norte,23,0,0,41.74228275,-123.89740630000001,6015.0,23,20,0,0,20,15,27828,3,0,0,3,5
2020-05-23,US,California,El Dorado,74,0,0,38.77965956,-120.5233166,6017.0,74,67,0,0,67,67,190678,7,0,0,7,0
2020-05-23,US,California,Fresno,1417,22,0,36.75733899,-119.6466953,6019.0,1395,1372,22,0,1350,1338,994400,45,0,0,45,34
2020-05-23,US,California,Glenn,12,0,0,39.59875897,-122.3938452,6021.0,12,12,0,0,12,12,28047,0,0,0,0,0
2020-05-23,US,California,Humboldt,93,2,0,40.69923009,-123.876044,6023.0,91,88,2,0,86,88,136373,5,0,0,5,0
2020-05-23,US,California,Imperial,1145,23,0,33.0393082,-115.36690420000001,6025.0,1122,1076,21,0,1055,1076,181827,69,2,0,67,0
2020-05-23,US,California,Inyo,19,1,0,36.51112084,-117.41119779999998,6027.0,18,19,1,0,18,19,17987,0,0,0,0,0
2020-05-23,US,California,Kern,1757,29,0,35.34329425,-118.72777959999999,6029.0,1728,1695,27,0,1668,1644,896764,62,2,0,60,51
2020-05-23,US,California,Kings,506,2,0,36.07409056,-119.8159973,6031.0,504,488,2,0,486,457,151366,18,0,0,18,31
2020-05-23,US,California,Lake,12,0,0,39.10124298,-122.75362439999999,6033.0,12,12,0,0,12,12,64382,0,0,0,0,0
2020-05-23,US,California,Lassen,2,0,0,40.67311306,-120.59350990000002,6035.0,2,,,,,,30802,,,,,
2020-05-23,US,California,Los Angeles,44121,2092,0,34.30828379,-118.22824109999999,6037.0,42029,43070,2053,0,41017,42037,10105518,1051,39,0,1012,1033
2020-05-23,US,California,Madera,82,2,0,37.21513971,-119.76655890000002,6039.0,80,83,2,0,81,82,157672,-1,0,0,-1,1
2020-05-23,US,California,Marin,369,14,0,38.07122463,-122.72106310000001,6041.0,355,352,14,0,338,343,259666,17,0,0,17,9
2020-05-23,US,California,Mariposa,15,1,0,37.57978556,-119.9073334,6043.0,14,15,1,0,14,15,17471,0,0,0,0,0
2020-05-23,US,California,Mendocino,21,0,0,39.4381191,-123.39113130000001,6045.0,21,21,0,0,21,15,87606,0,0,0,0,6
2020-05-23,US,California,Merced,251,6,0,37.18922369,-120.72090349999999,6047.0,245,251,6,0,245,234,274765,0,0,0,0,17
2020-05-23,US,California,Mono,34,1,0,37.93899289,-118.8872409,6051.0,33,34,1,0,33,34,14250,0,0,0,0,0
2020-05-23,US,California,Monterey,371,8,0,36.21862405,-121.24133970000001,6053.0,363,362,8,0,354,355,435594,9,0,0,9,7
2020-05-23,US,California,Napa,101,3,0,38.50735751,-122.33283899999999,6055.0,98,96,3,0,93,95,139417,5,0,0,5,1
2020-05-23,US,California,Nevada,41,1,0,39.30394768,-120.76272809999999,6057.0,40,41,1,0,40,41,99696,0,0,0,0,0
2020-05-23,US,California,Orange,5157,130,0,33.70147516,-117.76459979999998,6059.0,5027,4941,118,0,4823,4841,3185968,216,12,0,204,100
2020-05-23,US,California,Placer,185,9,0,39.06167234,-120.72405690000001,6061.0,176,184,9,0,175,176,393149,1,0,0,1,8
2020-05-23,US,California,Plumas,4,0,0,40.00355989,-120.8395236,6063.0,4,4,0,0,4,4,18804,0,0,0,0,0
2020-05-23,US,California,Riverside,6464,290,0,33.74314981,-115.9933578,6065.0,6174,6464,290,0,6174,6343,2450758,0,0,0,0,121
2020-05-23,US,California,Sacramento,1289,56,0,38.45106826,-121.34253740000001,6067.0,1233,1272,56,0,1216,1266,1540975,17,0,0,17,6
2020-05-23,US,California,San Benito,69,2,0,36.60308176,-121.069975,6069.0,67,66,2,0,64,64,61537,3,0,0,3,2
2020-05-23,US,California,San Bernardino,4315,176,0,34.84060306,-116.1774685,6071.0,4139,4146,173,0,3973,3984,2171603,169,3,0,166,162
2020-05-23,US,California,San Diego,6559,249,0,33.03484597,-116.73653259999999,6073.0,6310,6315,241,0,6074,6140,3343364,244,8,0,236,175
2020-05-23,US,California,San Francisco,2350,40,0,37.75215114,-122.43856720000001,6075.0,2310,2320,40,0,2280,2198,883305,30,0,0,30,122
2020-05-23,US,California,San Joaquin,752,33,0,37.93433732,-121.2730061,6077.0,719,752,33,0,719,733,752660,0,0,0,0,19
2020-05-23,US,California,San Luis Obispo,259,1,0,35.38822029,-120.4039028,6079.0,258,253,1,0,252,251,284010,6,0,0,6,2
2020-05-23,US,California,San Mateo,1833,76,0,37.422880799999994,-122.32755459999998,6081.0,1757,1783,76,0,1707,1738,769545,50,0,0,50,45
2020-05-23,US,California,Santa Barbara,1551,12,0,34.65329488,-120.0188492,6083.0,1539,1540,11,0,1529,1520,446527,11,1,0,10,20
2020-05-23,US,California,Santa Clara,2571,139,0,37.23104908,-121.6970462,6085.0,2432,2492,138,0,2354,2492,1937570,79,1,0,78,0
2020-05-23,US,California,Santa Cruz,192,2,0,37.05580291,-122.0066524,6087.0,190,186,2,0,184,174,274255,6,0,0,6,12
2020-05-23,US,California,Shasta,36,4,0,40.76391419,-122.0396884,6089.0,32,34,4,0,30,34,180040,2,0,0,2,0
2020-05-23,US,California,Sierra,1,0,0,39.57713498,-120.52007009999998,6091.0,1,1,0,0,1,,2987,0,0,0,0,
2020-05-23,US,California,Siskiyou,6,1,0,41.59198861,-122.54074340000001,6093.0,5,6,1,0,5,6,43724,0,0,0,0,0
2020-05-23,US,California,Solano,455,20,0,38.26827353,-121.9357113,6095.0,435,449,19,0,430,435,446610,6,1,0,5,14
2020-05-23,US,California,Sonoma,467,4,0,38.52746429,-122.88625060000001,6097.0,463,444,4,0,440,433,499942,23,0,0,23,11
2020-05-23,US,California,Stanislaus,621,28,0,37.55862499,-120.9970722,6099.0,593,611,28,0,583,598,549815,10,0,0,10,13
2020-05-23,US,California,Sutter,40,2,0,39.03417539,-121.6945899,6101.0,38,40,2,0,38,40,96807,0,0,0,0,0
2020-05-23,US,California,Tehama,3,1,0,40.12570935,-122.23701709999999,6103.0,2,3,1,0,2,2,63916,0,0,0,0,1
2020-05-23,US,California,Trinity,1,0,0,40.64917670000001,-123.114713,6105.0,1,1,0,0,1,1,12535,0,0,0,0,0
2020-05-23,US,California,Tulare,1641,75,0,36.22026558,-118.8020203,6107.0,1566,1641,75,0,1566,1603,465861,0,0,0,0,38
2020-05-23,US,California,Tuolumne,2,0,0,38.02644018,-119.95250929999999,6109.0,2,2,0,0,2,2,54539,0,0,0,0,0
2020-05-23,US,California,Ventura,912,30,0,34.44465746,-119.09106129999999,6111.0,882,883,29,0,854,858,850967,29,1,0,28,25
2020-05-23,US,California,Yolo,190,22,0,38.68278902,-121.90182879999999,6113.0,168,186,22,0,164,185,220408,4,0,0,4,1
2020-05-23,US,California,Yuba,28,1,0,39.26255932,-121.35356440000001,6115.0,27,28,1,0,27,28,78041,0,0,0,0,0
2020-05-23,US,Colorado,Adams,2856,112,0,39.87432092,-104.3362578,8001.0,2744,2802,111,0,2691,2759,511868,54,1,0,53,43
2020-05-23,US,Colorado,Alamosa,55,2,0,37.57250606,-105.7885451,8003.0,53,51,2,0,49,51,16683,4,0,0,4,0
2020-05-23,US,Colorado,Arapahoe,4027,278,0,39.64977461,-104.3353617,8005.0,3749,3974,276,0,3698,3943,651215,53,2,0,51,31
2020-05-23,US,Colorado,Archuleta,8,0,0,37.19474156,-107.0476867,8007.0,8,8,0,0,8,8,13765,0,0,0,0,0
2020-05-23,US,Colorado,Baca,12,0,0,37.31940883,-102.5603223,8009.0,12,12,0,0,12,12,3585,0,0,0,0,0
2020-05-23,US,Colorado,Bent,2,0,0,37.95474293,-103.0720195,8011.0,2,2,0,0,2,1,5882,0,0,0,0,1
2020-05-23,US,Colorado,Boulder,923,61,0,40.09313619,-105.3546767,8013.0,862,898,61,0,837,890,326078,25,0,0,25,8
2020-05-23,US,Colorado,Broomfield,220,25,0,39.95998787,-105.0566324,8014.0,195,220,25,0,195,218,69267,0,0,0,0,2
2020-05-23,US,Colorado,Chaffee,70,18,0,38.74745778,-106.19265729999998,8015.0,52,69,18,0,51,69,20027,1,0,0,1,0
2020-05-23,US,Colorado,Cheyenne,5,0,0,38.82777431,-102.6032558,8017.0,5,5,0,0,5,5,1876,0,0,0,0,0
2020-05-23,US,Colorado,Clear Creek,16,1,0,39.68864463,-105.6463118,8019.0,15,16,1,0,15,16,9605,0,0,0,0,0
2020-05-23,US,Colorado,Conejos,1,0,0,37.201606,-106.19174879999998,8021.0,1,1,0,0,1,1,8200,0,0,0,0,0
2020-05-23,US,Colorado,Costilla,3,0,0,37.27732493,-105.4276548,8023.0,3,3,0,0,3,3,3828,0,0,0,0,0
2020-05-23,US,Colorado,Crowley,57,1,0,38.32608609,-103.7844965,8025.0,56,44,1,0,43,43,5858,13,0,0,13,1
2020-05-23,US,Colorado,Custer,2,0,0,38.10883162,-105.3683478,8027.0,2,2,0,0,2,2,4954,0,0,0,0,0
2020-05-23,US,Colorado,Delta,65,1,0,38.86246243,-107.8631342,8029.0,64,61,1,0,60,57,30953,4,0,0,4,4
2020-05-23,US,Colorado,Denver,5151,299,0,39.76018276,-104.8725695,8031.0,4852,5056,299,0,4757,4948,716492,95,0,0,95,108
2020-05-23,US,Colorado,Douglas,675,44,0,39.33133796,-104.930001,8035.0,631,669,43,0,626,663,342776,6,1,0,5,6
2020-05-23,US,Colorado,Eagle,580,8,0,39.62754308,-106.6933637,8037.0,572,577,8,0,569,577,54993,3,0,0,3,0
2020-05-23,US,Colorado,El Paso,1493,88,0,38.83240149,-104.5251411,8041.0,1405,1460,88,0,1372,1428,713856,33,0,0,33,32
2020-05-23,US,Colorado,Elbert,48,2,0,39.28656773,-104.1358721,8039.0,46,48,2,0,46,48,26282,0,0,0,0,0
2020-05-23,US,Colorado,Fremont,26,0,0,38.47362326,-105.4399667,8043.0,26,26,0,0,26,26,48021,0,0,0,0,0
2020-05-23,US,Colorado,Garfield,120,2,0,39.59921777,-107.902708,8045.0,118,120,2,0,118,114,59770,0,0,0,0,6
2020-05-23,US,Colorado,Gilpin,3,0,0,39.85646523,-105.5252597,8047.0,3,3,0,0,3,3,6121,0,0,0,0,0
2020-05-23,US,Colorado,Grand,6,0,0,40.10603347,-106.1178042,8049.0,6,5,0,0,5,5,15525,1,0,0,1,0
2020-05-23,US,Colorado,Gunnison,178,6,0,38.66611652,-107.0320729,8051.0,172,177,6,0,171,177,17246,1,0,0,1,0
2020-05-23,US,Colorado,Hinsdale,3,0,0,37.82247444,-107.3004345,8053.0,3,3,0,0,3,3,811,0,0,0,0,0
2020-05-23,US,Colorado,Huerfano,3,0,0,37.68473101,-104.9612585,8055.0,3,3,0,0,3,3,6889,0,0,0,0,0
2020-05-23,US,Colorado,Jefferson,2030,142,0,39.58635604,-105.2517692,8059.0,1888,1999,142,0,1857,1974,580233,31,0,0,31,25
2020-05-23,US,Colorado,Kit Carson,26,3,0,39.30497777,-102.6022199,8063.0,23,26,3,0,23,26,7163,0,0,0,0,0
2020-05-23,US,Colorado,La Plata,76,1,0,37.28632032,-107.8429014,8067.0,75,73,1,0,72,83,56310,3,0,0,3,-10
2020-05-23,US,Colorado,Lake,27,0,0,39.20278823,-106.3555697,8065.0,27,27,0,0,27,27,7824,0,0,0,0,0
2020-05-23,US,Colorado,Larimer,530,21,0,40.66671597,-105.4625784,8069.0,509,520,21,0,499,517,350518,10,0,0,10,3
2020-05-23,US,Colorado,Las Animas,5,0,0,37.3153406,-104.0376458,8071.0,5,5,0,0,5,4,14503,0,0,0,0,1
2020-05-23,US,Colorado,Lincoln,3,0,0,38.98749519,-103.5136649,8073.0,3,3,0,0,3,3,5610,0,0,0,0,0
2020-05-23,US,Colorado,Logan,493,3,0,40.7249637,-103.110817,8075.0,490,491,3,0,488,490,21528,2,0,0,2,1
2020-05-23,US,Colorado,Mesa,54,0,0,39.01787888,-108.469799,8077.0,54,50,0,0,50,50,153207,4,0,0,4,0
2020-05-23,US,Colorado,Mineral,2,0,0,37.66954283,-106.9281698,8079.0,2,2,0,0,2,2,776,0,0,0,0,0
2020-05-23,US,Colorado,Moffat,6,0,0,40.61810999,-108.2070876,8081.0,6,6,0,0,6,6,13188,0,0,0,0,0
2020-05-23,US,Colorado,Montezuma,35,3,0,37.33859579,-108.5958857,8083.0,32,35,3,0,32,30,26158,0,0,0,0,5
2020-05-23,US,Colorado,Montrose,159,12,0,38.40214114,-108.26390220000002,8085.0,147,152,12,0,140,147,42214,7,0,0,7,5
2020-05-23,US,Colorado,Morgan,603,41,0,40.26279810000001,-103.8093302,8087.0,562,591,40,0,551,586,28558,12,1,0,11,5
2020-05-23,US,Colorado,Otero,14,1,0,37.9014485,-103.7173385,8089.0,13,14,1,0,13,14,18432,0,0,0,0,0
2020-05-23,US,Colorado,Ouray,8,1,0,38.14717457,-107.7675136,8091.0,7,7,1,0,6,7,4833,1,0,0,1,0
2020-05-23,US,Colorado,Park,23,0,0,39.120926,-105.7182065,8093.0,23,21,0,0,21,21,18556,2,0,0,2,0
2020-05-23,US,Colorado,Phillips,12,0,0,40.59414277,-102.3577703,8095.0,12,10,0,0,10,10,4286,2,0,0,2,0
2020-05-23,US,Colorado,Pitkin,57,2,0,39.21720112,-106.9310027,8097.0,55,57,2,0,55,57,17950,0,0,0,0,0
2020-05-23,US,Colorado,Prowers,12,0,0,37.95544985,-102.3926052,8099.0,12,11,0,0,11,11,12164,1,0,0,1,0
2020-05-23,US,Colorado,Pueblo,260,14,0,38.17359144,-104.5127437,8101.0,246,233,14,0,219,230,167529,27,0,0,27,3
2020-05-23,US,Colorado,Rio Blanco,1,0,0,39.97913541,-108.2179009,8103.0,1,1,0,0,1,1,6336,0,0,0,0,0
2020-05-23,US,Colorado,Rio Grande,16,0,0,37.5836865,-106.3847838,8105.0,16,15,1,0,14,14,11250,1,-1,0,2,1
2020-05-23,US,Colorado,Routt,59,6,0,40.48596505,-106.9905548,8107.0,53,59,6,0,53,59,25733,0,0,0,0,0
2020-05-23,US,Colorado,Saguache,24,0,0,38.08054629,-106.282466,8109.0,24,23,0,0,23,20,6843,1,0,0,1,3
2020-05-23,US,Colorado,San Juan,1,0,0,37.76248981,-107.67632890000002,8111.0,1,1,0,0,1,2,762,0,0,0,0,-1
2020-05-23,US,Colorado,San Miguel,23,0,0,38.00450883,-108.4020725,8113.0,23,23,0,0,23,23,8191,0,0,0,0,0
2020-05-23,US,Colorado,Summit,203,2,0,39.63803232,-106.1150762,8117.0,201,197,2,0,195,195,31007,6,0,0,6,2
2020-05-23,US,Colorado,Teller,32,2,0,38.88133511,-105.1614893,8119.0,30,32,2,0,30,33,25083,0,0,0,0,-1
2020-05-23,US,Colorado,Unassigned,126,0,0,0.0,0.0,90008.0,126,94,1,0,93,91,,32,-1,0,33,3
2020-05-23,US,Colorado,Washington,30,0,0,39.97015535,-103.202587,8121.0,30,15,0,0,15,15,4909,15,0,0,15,0
2020-05-23,US,Colorado,Weld,2391,125,0,40.55499405,-104.3929621,8123.0,2266,2367,125,0,2242,2358,314305,24,0,0,24,9
2020-05-23,US,Colorado,Yuma,15,0,0,40.00346839,-102.4258673,8125.0,15,12,0,0,12,12,10020,3,0,0,3,0
2020-05-23,US,Connecticut,Fairfield,14989,1208,0,41.26809896,-73.3881171,9001.0,13781,14889,1195,0,13694,14751,943823,100,13,0,87,138
2020-05-23,US,Connecticut,Hartford,9545,1169,0,41.80283011,-72.73103891,9003.0,8376,9463,1155,0,8308,9299,892697,82,14,0,68,164
2020-05-23,US,Connecticut,Litchfield,1304,122,0,41.7937534,-73.2451475,9005.0,1182,1298,121,0,1177,1303,181111,6,1,0,5,-5
2020-05-23,US,Connecticut,Middlesex,999,136,0,41.45949668,-72.53714864,9007.0,863,992,135,0,857,972,162682,7,1,0,6,20
2020-05-23,US,Connecticut,New Haven,10847,897,0,41.408032500000004,-72.93620426,9009.0,9950,10756,888,0,9868,10663,857620,91,9,0,82,93
2020-05-23,US,Connecticut,New London,970,72,0,41.48896435,-72.10430976,9011.0,898,910,72,0,838,903,266784,60,0,0,60,7
2020-05-23,US,Connecticut,Tolland,799,55,0,41.85853803,-72.3308481,9013.0,744,796,55,0,741,787,150921,3,0,0,3,9
2020-05-23,US,Connecticut,Unassigned,215,2,0,0.0,0.0,90009.0,213,188,2,0,186,194,,27,0,0,27,-6
2020-05-23,US,Connecticut,Windham,354,14,0,41.82972709,-71.98182316,9015.0,340,348,14,0,334,336,117027,6,0,0,6,12
2020-05-23,US,Delaware,Kent,1296,56,0,39.08646628,-75.56884914,10001.0,1240,1296,56,0,1240,1281,178550,0,0,0,0,15
2020-05-23,US,Delaware,New Castle,3132,146,0,39.57992638,-75.64054974,10003.0,2986,3132,146,0,2986,3053,559335,0,0,0,0,79
2020-05-23,US,Delaware,Sussex,4048,119,0,38.66143781,-75.39031349,10005.0,3929,4048,119,0,3929,4006,229286,0,0,0,0,42
2020-05-23,US,Delaware,Unassigned,53,1,0,0.0,0.0,90010.0,52,53,1,0,52,46,,0,0,0,0,7
2020-05-23,US,District of Columbia,District of Columbia,7966,427,0,38.90417773,-77.01655992,11001.0,7539,7893,418,0,7475,7788,702455,73,9,0,64,105
2020-05-23,US,Florida,Alachua,355,7,0,29.67866525,-82.35928158,12001.0,348,354,7,0,347,346,269956,1,0,0,1,8
2020-05-23,US,Florida,Baker,27,3,0,30.33060121,-82.28467476,12003.0,24,26,3,0,23,26,28355,1,0,0,1,0
2020-05-23,US,Florida,Bay,94,3,0,30.26548745,-85.62122584,12005.0,91,92,3,0,89,87,185287,2,0,0,2,5
2020-05-23,US,Florida,Bradford,50,2,0,29.95079741,-82.16611613,12007.0,48,50,2,0,48,50,27732,0,0,0,0,0
2020-05-23,US,Florida,Brevard,389,11,0,28.29409504,-80.73091022,12009.0,378,380,11,0,369,376,596849,9,0,0,9,4
2020-05-23,US,Florida,Broward,6649,292,0,26.15184651,-80.48725556,12011.0,6357,6580,286,0,6294,6514,1951260,69,6,0,63,66
2020-05-23,US,Florida,Calhoun,52,3,0,30.40666734,-85.19394153,12013.0,49,52,3,0,49,41,14587,0,0,0,0,11
2020-05-23,US,Florida,Charlotte,417,56,0,26.90131002,-81.92949121,12015.0,361,412,54,0,358,410,184998,5,2,0,3,2
2020-05-23,US,Florida,Citrus,119,12,0,28.84804315,-82.47614748,12017.0,107,118,12,0,106,115,147929,1,0,0,1,3
2020-05-23,US,Florida,Clay,354,27,0,29.98319144,-81.85609986,12019.0,327,354,25,0,329,351,216072,0,2,0,-2,3
2020-05-23,US,Florida,Collier,1195,45,0,26.11091986,-81.34687065,12021.0,1150,1160,42,0,1118,1112,378488,35,3,0,32,48
2020-05-23,US,Florida,Columbia,125,2,0,30.22509788,-82.62160164,12023.0,123,121,2,0,119,119,70503,4,0,0,4,2
2020-05-23,US,Florida,DeSoto,112,8,0,27.18677893,-81.80941373,12027.0,104,97,8,0,89,94,37489,15,0,0,15,3
2020-05-23,US,Florida,Dixie,38,1,0,29.60631086,-83.15724673,12029.0,37,33,1,0,32,31,16700,5,0,0,5,2
2020-05-23,US,Florida,Duval,1406,41,0,30.33225875,-81.66976468,12031.0,1365,1376,41,0,1335,1355,950181,30,0,0,30,21
2020-05-23,US,Florida,Escambia,749,26,0,30.67652764,-87.37284571,12033.0,723,740,25,0,715,734,315534,9,1,0,8,6
2020-05-23,US,Florida,Flagler,173,4,0,29.45933576,-81.31508595,12035.0,169,173,4,0,169,172,112067,0,0,0,0,1
2020-05-23,US,Florida,Franklin,2,0,0,29.83791238,-84.82731662,12037.0,2,2,0,0,2,2,11736,0,0,0,0,0
2020-05-23,US,Florida,Gadsden,255,1,0,30.57796289,-84.61915825,12039.0,254,252,1,0,251,249,45894,3,0,0,3,3
2020-05-23,US,Florida,Gilchrist,10,0,0,29.72856978,-82.79880657,12041.0,10,10,0,0,10,8,18256,0,0,0,0,2
2020-05-23,US,Florida,Glades,20,1,0,26.95635849,-81.18996211,12043.0,19,19,1,0,18,19,13724,1,0,0,1,0
2020-05-23,US,Florida,Gulf,1,0,0,29.93543004,-85.24270990000002,12045.0,1,1,0,0,1,1,16164,0,0,0,0,0
2020-05-23,US,Florida,Hamilton,161,0,0,30.49673973,-82.94998918,12047.0,161,159,0,0,159,156,14310,2,0,0,2,3
2020-05-23,US,Florida,Hardee,63,0,0,27.49293939,-81.80956574,12049.0,63,60,0,0,60,54,27245,3,0,0,3,6
2020-05-23,US,Florida,Hendry,249,12,0,26.55386945,-81.16469006,12051.0,237,250,12,0,238,240,41556,-1,0,0,-1,10
2020-05-23,US,Florida,Hernando,109,5,0,28.55364461,-82.42700204,12053.0,104,110,5,0,105,108,190865,-1,0,0,-1,2
2020-05-23,US,Florida,Highlands,112,8,0,27.34254618,-81.34071957,12055.0,104,111,8,0,103,110,105424,1,0,0,1,1
2020-05-23,US,Florida,Hillsborough,1823,72,0,27.9276559,-82.32013172,12057.0,1751,1790,70,0,1720,1767,1436888,33,2,0,31,23
2020-05-23,US,Florida,Holmes,14,0,0,30.86747479,-85.81319222,12059.0,14,16,0,0,16,14,19477,-2,0,0,-2,2
2020-05-23,US,Florida,Indian River,113,9,0,27.69308961,-80.60556721,12061.0,104,112,9,0,103,110,157413,1,0,0,1,2
2020-05-23,US,Florida,Jackson,225,0,0,30.795459700000002,-85.21500423,12063.0,225,219,0,0,219,173,48305,6,0,0,6,46
2020-05-23,US,Florida,Jefferson,29,3,0,30.43669112,-83.89442308,12065.0,26,29,2,0,27,30,14288,0,1,0,-1,-1
2020-05-23,US,Florida,Lafayette,8,0,0,29.98484137,-83.18166636,12067.0,8,7,0,0,7,6,8732,1,0,0,1,1
2020-05-23,US,Florida,Lake,271,15,0,28.76202069,-81.7125123,12069.0,256,266,15,0,251,264,356495,5,0,0,5,2
2020-05-23,US,Florida,Lee,1677,92,0,26.58410348,-81.88399313,12071.0,1585,1666,92,0,1574,1585,754610,11,0,0,11,81
2020-05-23,US,Florida,Leon,330,6,0,30.45955727,-84.27491114,12073.0,324,329,6,0,323,320,292502,1,0,0,1,9
2020-05-23,US,Florida,Levy,27,0,0,29.31829741,-82.74007147,12075.0,27,27,0,0,27,27,40770,0,0,0,0,0
2020-05-23,US,Florida,Liberty,204,0,0,30.23766008,-84.8829258,12077.0,204,204,0,0,204,199,8457,0,0,0,0,5
2020-05-23,US,Florida,Madison,67,3,0,30.44396917,-83.47398594,12079.0,64,66,3,0,63,67,18529,1,0,0,1,-1
2020-05-23,US,Florida,Manatee,958,91,0,27.47196942,-82.31831044,12081.0,867,946,90,0,856,933,394855,12,1,0,11,13
2020-05-23,US,Florida,Marion,233,5,0,29.21227113,-82.05803627,12083.0,228,233,5,0,228,233,359977,0,0,0,0,0
2020-05-23,US,Florida,Martin,483,9,0,27.0772071,-80.43109784,12085.0,474,476,9,0,467,472,160912,7,0,0,7,4
2020-05-23,US,Florida,Miami-Dade,16694,629,0,25.6112362,-80.55170587,12086.0,16065,16522,614,0,15908,16367,2761581,172,15,0,157,155
2020-05-23,US,Florida,Monroe,107,3,0,25.20904673,-81.07812416,12087.0,104,101,3,0,98,100,75027,6,0,0,6,1
2020-05-23,US,Florida,Nassau,69,1,0,30.61037141,-81.80297522,12089.0,68,69,1,0,68,69,85832,0,0,0,0,0
2020-05-23,US,Florida,Okaloosa,192,6,0,30.69143028,-86.59267105,12091.0,186,185,6,0,179,184,207269,7,0,0,7,1
2020-05-23,US,Florida,Okeechobee,57,0,0,27.386336199999995,-80.88944347,12093.0,57,55,0,0,55,51,41537,2,0,0,2,4
2020-05-23,US,Florida,Orange,1768,39,0,28.51367621,-81.31799498,12095.0,1729,1744,38,0,1706,1726,1380645,24,1,0,23,18
2020-05-23,US,Florida,Osceola,648,18,0,28.06312234,-81.14882926,12097.0,630,644,18,0,626,640,367990,4,0,0,4,4
2020-05-23,US,Florida,Palm Beach,5140,315,0,26.64676272,-80.46536002,12099.0,4825,5072,311,0,4761,4968,1485941,68,4,0,64,104
2020-05-23,US,Florida,Pasco,341,12,0,28.30810945,-82.40227529,12101.0,329,338,12,0,326,335,539630,3,0,0,3,3
2020-05-23,US,Florida,Pinellas,1153,75,0,27.93130349,-82.72239666,12103.0,1078,1116,73,0,1043,1109,975280,37,2,0,35,7
2020-05-23,US,Florida,Polk,853,49,0,27.95027105,-81.69732947,12105.0,804,840,49,0,791,822,708009,13,0,0,13,18
2020-05-23,US,Florida,Putnam,139,4,0,29.60779729,-81.74230285,12107.0,135,138,4,0,134,136,74163,1,0,0,1,2
2020-05-23,US,Florida,Santa Rosa,207,9,0,30.69341450000001,-87.02458128,12113.0,198,202,9,0,193,198,179349,5,0,0,5,4
2020-05-23,US,Florida,Sarasota,576,73,0,27.18546175,-82.33174248,12115.0,503,565,70,0,495,550,426718,11,3,0,8,15
2020-05-23,US,Florida,Seminole,454,12,0,28.7158582,-81.24060348,12117.0,442,449,12,0,437,445,467832,5,0,0,5,4
2020-05-23,US,Florida,St. Johns,238,5,0,29.90096506,-81.43589967,12109.0,233,236,5,0,231,235,254261,2,0,0,2,1
2020-05-23,US,Florida,St. Lucie,386,28,0,27.37763908,-80.47106649,12111.0,358,363,28,0,335,349,321128,23,0,0,23,14
2020-05-23,US,Florida,Sumter,253,17,0,28.70181754,-82.0794267,12119.0,236,252,17,0,235,254,128754,1,0,0,1,-2
2020-05-23,US,Florida,Suwannee,164,18,0,30.19746066,-82.99099670000003,12121.0,146,164,18,0,146,161,44191,0,0,0,0,3
2020-05-23,US,Florida,Taylor,11,0,0,30.04848048,-83.60445406,12123.0,11,10,0,0,10,8,21623,1,0,0,1,2
2020-05-23,US,Florida,Unassigned,84,0,0,0.0,0.0,90012.0,84,84,0,0,84,82,,0,0,0,0,2
2020-05-23,US,Florida,Union,29,0,0,30.04412971,-82.37497443,12125.0,29,28,0,0,28,28,14940,1,0,0,1,0
2020-05-23,US,Florida,Volusia,655,36,0,29.05858895,-81.18263252,12127.0,619,640,36,0,604,630,547538,15,0,0,15,10
2020-05-23,US,Florida,Wakulla,32,1,0,30.16548905,-84.39895211,12129.0,31,32,1,0,31,32,32461,0,0,0,0,0
2020-05-23,US,Florida,Walton,103,7,0,30.64204028,-86.16935664,12131.0,96,100,7,0,93,97,71375,3,0,0,3,3
2020-05-23,US,Florida,Washington,26,1,0,30.61359259,-85.66002461,12133.0,25,24,1,0,23,19,24880,2,0,0,2,5
2020-05-23,US,Georgia,Appling,124,13,0,31.74847232,-82.28909114,13001.0,111,121,13,0,108,118,18507,3,0,0,3,3
2020-05-23,US,Georgia,Atkinson,26,2,0,31.29633502,-82.87545866,13003.0,24,26,2,0,24,26,8297,0,0,0,0,0
2020-05-23,US,Georgia,Bacon,76,2,0,31.55456473,-82.45936528,13005.0,74,73,2,0,71,73,11185,3,0,0,3,0
2020-05-23,US,Georgia,Baker,33,2,0,31.32669878,-84.44218806,13007.0,31,32,1,0,31,32,3092,1,1,0,0,0
2020-05-23,US,Georgia,Baldwin,329,24,0,33.06882326,-83.24701748,13009.0,305,329,19,0,310,299,44823,0,5,0,-5,30
2020-05-23,US,Georgia,Banks,73,0,0,34.35607081,-83.49644388,13011.0,73,73,0,0,73,68,18988,0,0,0,0,5
2020-05-23,US,Georgia,Barrow,283,11,0,33.99148694,-83.71436292,13013.0,272,281,11,0,270,276,80809,2,0,0,2,5
2020-05-23,US,Georgia,Bartow,444,36,0,34.23732119,-84.83887523,13015.0,408,427,36,0,391,424,106408,17,0,0,17,3
2020-05-23,US,Georgia,Ben Hill,56,1,0,31.76095874,-83.22145359,13017.0,55,55,1,0,54,53,16787,1,0,0,1,2
2020-05-23,US,Georgia,Berrien,34,0,0,31.27590016,-83.22529920000002,13019.0,34,34,0,0,34,30,19252,0,0,0,0,4
2020-05-23,US,Georgia,Bibb,432,24,0,32.80904227,-83.70489165,13021.0,408,423,20,0,403,416,153095,9,4,0,5,7
2020-05-23,US,Georgia,Bleckley,38,0,0,32.43829035,-83.33035166,13023.0,38,37,0,0,37,34,12838,1,0,0,1,3
2020-05-23,US,Georgia,Brantley,50,2,0,31.19576557,-81.97743999,13025.0,48,48,2,0,46,46,18897,2,0,0,2,2
2020-05-23,US,Georgia,Brooks,66,9,0,30.83922642,-83.58303423,13027.0,57,66,9,0,57,66,15513,0,0,0,0,0
2020-05-23,US,Georgia,Bryan,69,5,0,32.00979311,-81.44002948,13029.0,64,68,5,0,63,67,38109,1,0,0,1,1
2020-05-23,US,Georgia,Bulloch,52,2,0,32.39577406,-81.74811421,13031.0,50,49,2,0,47,48,77296,3,0,0,3,1
2020-05-23,US,Georgia,Burke,120,4,0,33.05917989,-81.99928721,13033.0,116,120,4,0,116,120,22423,0,0,0,0,0
2020-05-23,US,Georgia,Butts,208,20,0,33.283094500000004,-83.95435040000002,13035.0,188,206,19,0,187,205,24193,2,1,0,1,1
2020-05-23,US,Georgia,Calhoun,126,5,0,31.53169785,-84.62725131,13037.0,121,123,5,0,118,121,6352,3,0,0,3,2
2020-05-23,US,Georgia,Camden,53,1,0,30.92951916,-81.66601818,13039.0,52,53,1,0,52,53,53677,0,0,0,0,0
2020-05-23,US,Georgia,Candler,13,0,0,32.40209349,-82.07702563,13043.0,13,12,0,0,12,12,10836,1,0,0,1,0
2020-05-23,US,Georgia,Carroll,440,24,0,33.58138199,-85.07976677,13045.0,416,439,24,0,415,437,118121,1,0,0,1,2
2020-05-23,US,Georgia,Catoosa,97,0,0,34.89872298,-85.13757014,13047.0,97,97,0,0,97,79,67420,0,0,0,0,18
2020-05-23,US,Georgia,Charlton,29,1,0,30.78371028,-82.13951596,13049.0,28,28,1,0,27,28,12968,1,0,0,1,0
2020-05-23,US,Georgia,Chatham,435,21,0,32.00043026,-81.12489526,13051.0,414,428,21,0,407,406,289195,7,0,0,7,22
2020-05-23,US,Georgia,Chattahoochee,22,0,0,32.34341231,-84.78809239,13053.0,22,20,0,0,20,19,10684,2,0,0,2,1
2020-05-23,US,Georgia,Chattooga,24,2,0,34.47197698,-85.34535662,13055.0,22,24,2,0,22,20,24790,0,0,0,0,4
2020-05-23,US,Georgia,Cherokee,807,29,0,34.24393976,-84.47431861,13057.0,778,790,29,0,761,769,254149,17,0,0,17,21
2020-05-23,US,Georgia,Clarke,222,13,0,33.95436462,-83.37124007,13059.0,209,219,13,0,206,208,127330,3,0,0,3,11
2020-05-23,US,Georgia,Clay,35,2,0,31.62221166,-84.97713865,13061.0,33,34,2,0,32,32,2887,1,0,0,1,2
2020-05-23,US,Georgia,Clayton,1089,43,0,33.54187245,-84.35594188,13063.0,1046,1071,43,0,1028,1047,289615,18,0,0,18,24
2020-05-23,US,Georgia,Clinch,47,1,0,30.91395822,-82.70432472,13065.0,46,46,1,0,45,46,6648,1,0,0,1,0
2020-05-23,US,Georgia,Cobb,2661,141,0,33.94243204,-84.5761255,13067.0,2520,2655,141,0,2514,2625,756865,6,0,0,6,30
2020-05-23,US,Georgia,Coffee,227,13,0,31.54892966,-82.85492059999999,13069.0,214,225,13,0,212,218,43093,2,0,0,2,7
2020-05-23,US,Georgia,Colquitt,289,14,0,31.18810588,-83.7677946,13071.0,275,280,13,0,267,267,45592,9,1,0,8,13
2020-05-23,US,Georgia,Columbia,223,6,0,33.54534185,-82.263524,13073.0,217,223,6,0,217,224,154291,0,0,0,0,-1
2020-05-23,US,Georgia,Cook,44,2,0,31.16068491,-83.42947229,13075.0,42,44,2,0,42,40,17162,0,0,0,0,4
2020-05-23,US,Georgia,Coweta,316,8,0,33.35334302,-84.76129976,13077.0,308,311,7,0,304,303,145864,5,1,0,4,8
2020-05-23,US,Georgia,Crawford,25,0,0,32.71391813,-83.98061238,13079.0,25,24,0,0,24,23,12318,1,0,0,1,1
2020-05-23,US,Georgia,Crisp,211,7,0,31.92289565,-83.76811843,13081.0,204,210,7,0,203,204,22601,1,0,0,1,6
2020-05-23,US,Georgia,Dade,27,1,0,34.854916700000004,-85.50490424,13083.0,26,26,1,0,25,21,16226,1,0,0,1,5
2020-05-23,US,Georgia,Dawson,101,1,0,34.44244079,-84.16964071,13085.0,100,101,1,0,100,99,25083,0,0,0,0,2
2020-05-23,US,Georgia,DeKalb,3146,102,0,33.76944049,-84.22396017,13089.0,3044,3080,100,0,2980,3038,756558,66,2,0,64,42
2020-05-23,US,Georgia,Decatur,145,4,0,30.87967778,-84.57619536,13087.0,141,145,4,0,141,144,26575,0,0,0,0,1
2020-05-23,US,Georgia,Dodge,48,2,0,32.17265114,-83.16948926,13091.0,46,48,2,0,46,47,20705,0,0,0,0,1
2020-05-23,US,Georgia,Dooly,165,12,0,32.15630737,-83.79746561,13093.0,153,164,12,0,152,164,13706,1,0,0,1,0
2020-05-23,US,Georgia,Dougherty,1725,139,0,31.53328528,-84.21722377,13095.0,1586,1723,138,0,1585,1716,91243,2,1,0,1,7
2020-05-23,US,Georgia,Douglas,487,22,0,33.70291126,-84.77026156,13097.0,465,478,22,0,456,455,145331,9,0,0,9,23
2020-05-23,US,Georgia,Early,236,29,0,31.32155345,-84.90255207,13099.0,207,234,29,0,205,235,10247,2,0,0,2,-1
2020-05-23,US,Georgia,Echols,61,0,0,30.71101099,-82.89687287,13101.0,61,59,0,0,59,54,4000,2,0,0,2,5
2020-05-23,US,Georgia,Effingham,63,1,0,32.36616021,-81.34280942,13103.0,62,61,1,0,60,50,62190,2,0,0,2,11
2020-05-23,US,Georgia,Elbert,71,0,0,34.11302332,-82.83936148,13105.0,71,71,0,0,71,69,19120,0,0,0,0,2
2020-05-23,US,Georgia,Emanuel,26,2,0,32.59221302,-82.30239915,13107.0,24,26,2,0,24,26,22612,0,0,0,0,0
2020-05-23,US,Georgia,Evans,5,0,0,32.15328841,-81.8870105,13109.0,5,5,0,0,5,5,10721,0,0,0,0,0
2020-05-23,US,Georgia,Fannin,39,1,0,34.86430205,-84.316964,13111.0,38,39,1,0,38,39,25964,0,0,0,0,0
2020-05-23,US,Georgia,Fayette,219,11,0,33.41357794,-84.49089434,13113.0,208,215,11,0,204,212,113459,4,0,0,4,3
2020-05-23,US,Georgia,Floyd,226,14,0,34.26268279,-85.21577392,13115.0,212,224,14,0,210,218,97927,2,0,0,2,6
2020-05-23,US,Georgia,Forsyth,446,12,0,34.22604035,-84.12315129999998,13117.0,434,444,12,0,432,443,236612,2,0,0,2,1
2020-05-23,US,Georgia,Franklin,36,1,0,34.37525597,-83.23159927,13119.0,35,35,1,0,34,35,23023,1,0,0,1,0
2020-05-23,US,Georgia,Fulton,3977,197,0,33.79216944,-84.46319413,13121.0,3780,3931,196,0,3735,3872,1050114,46,1,0,45,59
2020-05-23,US,Georgia,Gilmer,134,0,0,34.69316688,-84.45802506,13123.0,134,126,0,0,126,123,30816,8,0,0,8,3
2020-05-23,US,Georgia,Glascock,1,0,0,33.22879932,-82.61297636,13125.0,1,1,0,0,1,1,2995,0,0,0,0,0
2020-05-23,US,Georgia,Glynn,85,1,0,31.23279254,-81.53811412,13127.0,84,83,1,0,82,83,85219,2,0,0,2,0
2020-05-23,US,Georgia,Gordon,138,15,0,34.50487351,-84.87296253,13129.0,123,136,15,0,121,135,57685,2,0,0,2,1
2020-05-23,US,Georgia,Grady,93,4,0,30.87454847,-84.23418364,13131.0,89,93,4,0,89,92,24748,0,0,0,0,1
2020-05-23,US,Georgia,Greene,63,7,0,33.5769205,-83.17139104,13133.0,56,63,7,0,56,62,17698,0,0,0,0,1
2020-05-23,US,Georgia,Gwinnett,2997,121,0,33.96044201,-84.02137802,13135.0,2876,2961,121,0,2840,2882,927781,36,0,0,36,79
2020-05-23,US,Georgia,Habersham,488,19,0,34.63331566,-83.53094677,13137.0,469,479,18,0,461,473,45388,9,1,0,8,6
2020-05-23,US,Georgia,Hall,2305,41,0,34.32207823,-83.81896936,13139.0,2264,2269,41,0,2228,2248,202148,36,0,0,36,21
2020-05-23,US,Georgia,Hancock,176,17,0,33.2721566,-82.99766919,13141.0,159,175,17,0,158,167,8348,1,0,0,1,8
2020-05-23,US,Georgia,Haralson,36,2,0,33.79602175,-85.21005667,13143.0,34,36,2,0,34,36,29533,0,0,0,0,0
2020-05-23,US,Georgia,Harris,80,4,0,32.73709786,-84.90538572,13145.0,76,79,4,0,75,78,34475,1,0,0,1,1
2020-05-23,US,Georgia,Hart,26,0,0,34.34626973,-82.96567682,13147.0,26,26,0,0,26,26,26099,0,0,0,0,0
2020-05-23,US,Georgia,Heard,26,2,0,33.29686567,-85.12886832,13149.0,24,26,2,0,24,24,11879,0,0,0,0,2
2020-05-23,US,Georgia,Henry,626,19,0,33.4533428,-84.14814659999998,13151.0,607,627,20,0,607,623,230220,-1,-1,0,0,4
2020-05-23,US,Georgia,Houston,342,16,0,32.45802497,-83.66879087,13153.0,326,339,16,0,323,335,155469,3,0,0,3,4
2020-05-23,US,Georgia,Irwin,23,1,0,31.60213036,-83.27501387,13155.0,22,23,1,0,22,23,9398,0,0,0,0,0
2020-05-23,US,Georgia,Jackson,147,4,0,34.13794553,-83.56814788,13157.0,143,145,4,0,141,139,70422,2,0,0,2,6
2020-05-23,US,Georgia,Jasper,31,1,0,33.31535543,-83.68844964,13159.0,30,31,1,0,30,26,14040,0,0,0,0,5
2020-05-23,US,Georgia,Jeff Davis,31,1,0,31.80405727,-82.63724870000001,13161.0,30,31,1,0,30,29,15029,0,0,0,0,2
2020-05-23,US,Georgia,Jefferson,26,1,0,33.05867328,-82.41609057,13163.0,25,26,1,0,25,26,15430,0,0,0,0,0
2020-05-23,US,Georgia,Jenkins,18,1,0,32.79248718,-81.96040187,13165.0,17,18,1,0,17,17,8683,0,0,0,0,1
2020-05-23,US,Georgia,Johnson,76,2,0,32.70211082,-82.66166794,13167.0,74,78,2,0,76,78,9708,-2,0,0,-2,0
2020-05-23,US,Georgia,Jones,33,0,0,33.02512137,-83.56019163,13169.0,33,32,0,0,32,32,28616,1,0,0,1,0
2020-05-23,US,Georgia,Lamar,50,1,0,33.07841647,-84.14263877,13171.0,49,50,1,0,49,46,19000,0,0,0,0,4
2020-05-23,US,Georgia,Lanier,12,2,0,31.03828570000001,-83.06472457,13173.0,10,12,2,0,10,12,10340,0,0,0,0,0
2020-05-23,US,Georgia,Laurens,100,1,0,32.46325233,-82.92221316,13175.0,99,96,1,0,95,95,47325,4,0,0,4,1
2020-05-23,US,Georgia,Lee,342,22,0,31.779330600000005,-84.14324253,13177.0,320,342,22,0,320,340,29764,0,0,0,0,2
2020-05-23,US,Georgia,Liberty,64,0,0,31.82588896,-81.49251135,13179.0,64,63,0,0,63,60,61497,1,0,0,1,3
2020-05-23,US,Georgia,Lincoln,15,0,0,33.79201475,-82.45024131,13181.0,15,15,0,0,15,15,7915,0,0,0,0,0
2020-05-23,US,Georgia,Long,12,1,0,31.75218791,-81.74952375,13183.0,11,12,1,0,11,12,18998,0,0,0,0,0
2020-05-23,US,Georgia,Lowndes,233,4,0,30.83568832,-83.27056716,13185.0,229,232,5,0,227,229,116321,1,-1,0,2,3
2020-05-23,US,Georgia,Lumpkin,88,1,0,34.57286511,-84.00425681,13187.0,87,88,1,0,87,88,32955,0,0,0,0,0
2020-05-23,US,Georgia,Macon,95,6,0,32.35207048,-84.04234127,13193.0,89,96,6,0,90,94,13143,-1,0,0,-1,2
2020-05-23,US,Georgia,Madison,37,1,0,34.12920917,-83.21218732,13195.0,36,32,1,0,31,32,29650,5,0,0,5,0
2020-05-23,US,Georgia,Marion,49,2,0,32.3483402,-84.52733571,13197.0,47,48,2,0,46,48,8351,1,0,0,1,0
2020-05-23,US,Georgia,McDuffie,62,5,0,33.47851918,-82.48252774,13189.0,57,62,5,0,57,60,21531,0,0,0,0,2
2020-05-23,US,Georgia,McIntosh,11,0,0,31.49683595,-81.40163426,13191.0,11,11,0,0,11,11,14340,0,0,0,0,0
2020-05-23,US,Georgia,Meriwether,78,2,0,33.04163534,-84.68859732,13199.0,76,78,2,0,76,76,21068,0,0,0,0,2
2020-05-23,US,Georgia,Miller,38,0,0,31.16568912,-84.73151117,13201.0,38,38,0,0,38,37,5686,0,0,0,0,1
2020-05-23,US,Georgia,Mitchell,399,32,0,31.22483255,-84.19381821,13205.0,367,397,32,0,365,399,22192,2,0,0,2,-2
2020-05-23,US,Georgia,Monroe,117,8,0,33.014289,-83.92097166,13207.0,109,114,8,0,106,113,27520,3,0,0,3,1
2020-05-23,US,Georgia,Montgomery,9,0,0,32.17201038,-82.53527476,13209.0,9,8,0,0,8,8,9193,1,0,0,1,0
2020-05-23,US,Georgia,Morgan,36,0,0,33.59232073,-83.49129491,13211.0,36,35,0,0,35,34,18853,1,0,0,1,1
2020-05-23,US,Georgia,Murray,77,1,0,34.78897608,-84.74993177,13213.0,76,72,1,0,71,69,39921,5,0,0,5,3
2020-05-23,US,Georgia,Muscogee,536,17,0,32.50931999,-84.87142262,13215.0,519,509,17,0,492,487,194160,27,0,0,27,22
2020-05-23,US,Georgia,Newton,289,10,0,33.55514538,-83.84547140000002,13217.0,279,286,11,0,275,280,109541,3,-1,0,4,6
2020-05-23,US,Georgia,Oconee,103,5,0,33.83749973,-83.43679568,13219.0,98,103,5,0,98,103,39272,0,0,0,0,0
2020-05-23,US,Georgia,Oglethorpe,58,5,0,33.878629600000004,-83.08278123,13221.0,53,58,5,0,53,56,15054,0,0,0,0,2
2020-05-23,US,Georgia,Out of GA,1834,28,0,0.0,0.0,80013.0,1806,1748,29,0,1719,1694,,86,-1,0,87,54
2020-05-23,US,Georgia,Paulding,275,11,0,33.91969522,-84.86848792,13223.0,264,273,11,0,262,264,164044,2,0,0,2,9
2020-05-23,US,Georgia,Peach,70,3,0,32.56934316,-83.82937,13225.0,67,70,3,0,67,69,27297,0,0,0,0,1
2020-05-23,US,Georgia,Pickens,43,3,0,34.46589159,-84.46406611,13227.0,40,41,3,0,38,40,31980,2,0,0,2,1
2020-05-23,US,Georgia,Pierce,88,3,0,31.35928155,-82.21598442,13229.0,85,88,3,0,85,85,19389,0,0,0,0,3
2020-05-23,US,Georgia,Pike,48,2,0,33.09310242,-84.38790389,13231.0,46,48,2,0,46,45,18634,0,0,0,0,3
2020-05-23,US,Georgia,Polk,96,0,0,34.00267074,-85.18677781,13233.0,96,93,0,0,93,87,42470,3,0,0,3,6
2020-05-23,US,Georgia,Pulaski,39,2,0,32.23334561,-83.47549959999998,13235.0,37,38,2,0,36,38,11069,1,0,0,1,0
2020-05-23,US,Georgia,Putnam,85,8,0,33.32056115,-83.37552891,13237.0,77,84,8,0,76,86,21809,1,0,0,1,-2
2020-05-23,US,Georgia,Quitman,11,1,0,31.86728114,-85.01773177,13239.0,10,10,1,0,9,8,2279,1,0,0,1,2
2020-05-23,US,Georgia,Rabun,15,1,0,34.88389445,-83.40304637,13241.0,14,15,1,0,14,15,16867,0,0,0,0,0
2020-05-23,US,Georgia,Randolph,170,19,0,31.76622818,-84.75732369,13243.0,151,170,19,0,151,170,6833,0,0,0,0,0
2020-05-23,US,Georgia,Richmond,525,18,0,33.35777107,-82.07026432,13245.0,507,523,18,0,505,522,201554,2,0,0,2,1
2020-05-23,US,Georgia,Rockdale,258,9,0,33.65145002,-84.02202167,13247.0,249,257,9,0,248,254,90594,1,0,0,1,3
2020-05-23,US,Georgia,Schley,16,1,0,32.2654021,-84.31258912,13249.0,15,16,1,0,15,16,5236,0,0,0,0,0
2020-05-23,US,Georgia,Screven,26,2,0,32.74976524,-81.60779441,13251.0,24,25,2,0,23,22,13938,1,0,0,1,3
2020-05-23,US,Georgia,Seminole,42,2,0,30.93464824,-84.86823924,13253.0,40,42,2,0,40,42,8315,0,0,0,0,0
2020-05-23,US,Georgia,Spalding,253,14,0,33.26310031,-84.28013991,13255.0,239,250,14,0,236,246,66100,3,0,0,3,4
2020-05-23,US,Georgia,Stephens,123,2,0,34.55151201,-83.29405315,13257.0,121,122,2,0,120,121,26035,1,0,0,1,1
2020-05-23,US,Georgia,Stewart,42,0,0,32.07996777,-84.83208037,13259.0,42,40,0,0,40,40,6199,2,0,0,2,0
2020-05-23,US,Georgia,Sumter,439,40,0,32.03650571,-84.19821492,13261.0,399,436,40,0,396,432,29733,3,0,0,3,4
2020-05-23,US,Georgia,Talbot,34,1,0,32.69642758,-84.53351366,13263.0,33,34,1,0,33,32,6272,0,0,0,0,2
2020-05-23,US,Georgia,Taliaferro,1,0,0,33.56543317,-82.88136816,13265.0,1,1,0,0,1,1,1608,0,0,0,0,0
2020-05-23,US,Georgia,Tattnall,14,0,0,32.04785085,-82.05539188,13267.0,14,13,0,0,13,13,25391,1,0,0,1,0
2020-05-23,US,Georgia,Taylor,21,2,0,32.55792548,-84.25077141,13269.0,19,21,2,0,19,21,8039,0,0,0,0,0
2020-05-23,US,Georgia,Telfair,32,1,0,31.92829517,-82.93491155,13271.0,31,32,1,0,31,30,15876,0,0,0,0,2
2020-05-23,US,Georgia,Terrell,211,26,0,31.77527543,-84.44069698,13273.0,185,209,26,0,183,204,8611,2,0,0,2,5
2020-05-23,US,Georgia,Thomas,309,31,0,30.86392347,-83.91847289,13275.0,278,308,31,0,277,304,44448,1,0,0,1,4
2020-05-23,US,Georgia,Tift,213,14,0,31.45743864,-83.5236119,13277.0,199,212,14,0,198,204,40571,1,0,0,1,8
2020-05-23,US,Georgia,Toombs,50,4,0,32.12059861,-82.32957247,13279.0,46,50,4,0,46,48,26887,0,0,0,0,2
2020-05-23,US,Georgia,Towns,22,1,0,34.91369188,-83.74107459999998,13281.0,21,22,1,0,21,22,11852,0,0,0,0,0
2020-05-23,US,Georgia,Treutlen,8,0,0,32.40422134,-82.56904553,13283.0,8,8,0,0,8,8,6809,0,0,0,0,0
2020-05-23,US,Georgia,Troup,245,9,0,33.03349196,-85.02812115,13285.0,236,238,9,0,229,227,70034,7,0,0,7,11
2020-05-23,US,Georgia,Turner,96,12,0,31.71612656,-83.62069378,13287.0,84,92,12,0,80,90,7912,4,0,0,4,2
2020-05-23,US,Georgia,Twiggs,13,0,0,32.67435595,-83.43078662,13289.0,13,11,0,0,11,11,8188,2,0,0,2,0
2020-05-23,US,Georgia,Unassigned,2682,0,0,0.0,0.0,90013.0,2682,2496,0,0,2496,2464,,186,0,0,186,32
2020-05-23,US,Georgia,Union,39,1,0,34.82995757,-83.98967069,13291.0,38,39,1,0,38,39,24001,0,0,0,0,0
2020-05-23,US,Georgia,Upson,272,33,0,32.87920671,-84.30024826,13293.0,239,271,33,0,238,271,26215,1,0,0,1,0
2020-05-23,US,Georgia,Walker,95,0,0,34.73376362,-85.30165174,13295.0,95,94,0,0,94,84,69410,1,0,0,1,10
2020-05-23,US,Georgia,Walton,186,10,0,33.78017694,-83.73552314,13297.0,176,186,10,0,176,186,93503,0,0,0,0,0
2020-05-23,US,Georgia,Ware,206,13,0,31.05449097,-82.42224148,13299.0,193,201,13,0,188,191,35680,5,0,0,5,10
2020-05-23,US,Georgia,Warren,17,0,0,33.41146451,-82.67795848,13301.0,17,17,0,0,17,17,5251,0,0,0,0,0
2020-05-23,US,Georgia,Washington,73,1,0,32.96711864,-82.79357039,13303.0,72,72,1,0,71,72,20386,1,0,0,1,0
2020-05-23,US,Georgia,Wayne,16,0,0,31.5521809,-81.91894878,13305.0,16,15,0,0,15,15,29808,1,0,0,1,0
2020-05-23,US,Georgia,Webster,11,1,0,32.04066113,-84.54742852,13307.0,10,11,1,0,10,11,2611,0,0,0,0,0
2020-05-23,US,Georgia,Wheeler,9,0,0,32.12009104,-82.72574721,13309.0,9,9,0,0,9,9,7879,0,0,0,0,0
2020-05-23,US,Georgia,White,93,3,0,34.64624278,-83.74905525,13311.0,90,92,3,0,89,91,29970,1,0,0,1,1
2020-05-23,US,Georgia,Whitfield,270,7,0,34.80987459,-84.96093476,13313.0,263,249,7,0,242,220,104062,21,0,0,21,29
2020-05-23,US,Georgia,Wilcox,98,13,0,31.97496928,-83.43438555,13315.0,85,98,13,0,85,98,8812,0,0,0,0,0
2020-05-23,US,Georgia,Wilkes,32,1,0,33.78290391,-82.74286107,13317.0,31,32,1,0,31,30,9876,0,0,0,0,2
2020-05-23,US,Georgia,Wilkinson,64,4,0,32.80291082,-83.17140684,13319.0,60,63,3,0,60,61,9036,1,1,0,0,2
2020-05-23,US,Georgia,Worth,204,19,0,31.55162306,-83.85090513,13321.0,185,204,20,0,184,207,20299,0,-1,0,1,-3
2020-05-23,US,Hawaii,Hawaii,81,0,0,19.60121157,-155.5210167,15001.0,81,81,0,0,81,82,200983,0,0,0,0,-1
2020-05-23,US,Hawaii,Honolulu,414,11,0,21.45803166,-157.97121819999995,15003.0,403,414,11,0,403,416,980080,0,0,0,0,-2
2020-05-23,US,Hawaii,Kauai,20,0,0,22.03935037,-159.5966786,15007.0,20,20,0,0,20,21,72133,0,0,0,0,-1
2020-05-23,US,Hawaii,Maui,118,6,0,20.86399628,-156.56890969999995,15009.0,112,117,6,0,111,118,167207,1,0,0,1,-1
2020-05-23,US,Hawaii,Out of HI,10,0,0,0.0,0.0,80015.0,10,10,0,0,10,10,,0,0,0,0,0
2020-05-23,US,Idaho,Ada,794,23,0,43.4526575,-116.24155159999998,16001.0,771,794,23,0,771,792,469966,0,0,0,0,2
2020-05-23,US,Idaho,Adams,3,0,0,44.89333571,-116.4545247,16003.0,3,3,0,0,3,3,4250,0,0,0,0,0
2020-05-23,US,Idaho,Bannock,17,0,0,42.67002716,-112.2233311,16005.0,17,17,0,0,17,16,87138,0,0,0,0,1
2020-05-23,US,Idaho,Bingham,6,0,0,43.21672879999999,-112.3978437,16011.0,6,6,0,0,6,6,46236,0,0,0,0,0
2020-05-23,US,Idaho,Blaine,510,5,0,43.4085812,-113.9752658,16013.0,505,510,5,0,505,509,22601,0,0,0,0,1
2020-05-23,US,Idaho,Bonner,4,0,0,48.29996017,-116.6017932,16017.0,4,4,0,0,4,4,44727,0,0,0,0,0
2020-05-23,US,Idaho,Bonneville,32,0,0,43.38713372,-111.6161537,16019.0,32,32,0,0,32,32,116854,0,0,0,0,0
2020-05-23,US,Idaho,Camas,1,0,0,43.46665742,-114.8065892,16025.0,1,1,0,0,1,1,1127,0,0,0,0,0
2020-05-23,US,Idaho,Canyon,284,6,0,43.61970148,-116.70954990000001,16027.0,278,284,6,0,278,280,223499,0,0,0,0,4
2020-05-23,US,Idaho,Caribou,1,0,0,42.77149116,-111.5597683,16029.0,1,1,0,0,1,1,7060,0,0,0,0,0
2020-05-23,US,Idaho,Cassia,22,1,0,42.28347888,-113.6012409,16031.0,21,22,1,0,21,20,23864,0,0,0,0,2
2020-05-23,US,Idaho,Custer,2,0,0,44.24186819,-114.2855494,16037.0,2,2,0,0,2,2,4280,0,0,0,0,0
2020-05-23,US,Idaho,Elmore,31,2,0,43.3507101,-115.4701578,16039.0,29,31,2,0,29,31,27259,0,0,0,0,0
2020-05-23,US,Idaho,Fremont,3,0,0,44.22800938,-111.48099429999999,16043.0,3,3,0,0,3,3,13168,0,0,0,0,0
2020-05-23,US,Idaho,Gem,17,0,0,44.06482372,-116.398376,16045.0,17,17,0,0,17,16,17634,0,0,0,0,1
2020-05-23,US,Idaho,Gooding,35,0,0,42.96927962,-114.81083059999999,16047.0,35,35,0,0,35,29,15196,0,0,0,0,6
2020-05-23,US,Idaho,Idaho,3,0,0,45.84721541,-115.4634436,16049.0,3,3,0,0,3,3,16513,0,0,0,0,0
2020-05-23,US,Idaho,Jefferson,7,0,0,43.82078483,-112.3131749,16051.0,7,7,0,0,7,7,29439,0,0,0,0,0
2020-05-23,US,Idaho,Jerome,137,2,0,42.68891267,-114.2655033,16053.0,135,137,2,0,135,110,24015,0,0,0,0,27
2020-05-23,US,Idaho,Kootenai,66,0,0,47.67282258,-116.7020872,16055.0,66,66,0,0,66,66,161505,0,0,0,0,0
2020-05-23,US,Idaho,Latah,7,0,0,46.81587887,-116.71136979999999,16057.0,7,7,0,0,7,6,40134,0,0,0,0,1
2020-05-23,US,Idaho,Lemhi,1,0,0,44.9438088,-113.9309747,16059.0,1,1,0,0,1,1,7961,0,0,0,0,0
2020-05-23,US,Idaho,Lincoln,30,0,0,43.0012336,-114.1358773,16063.0,30,30,0,0,30,29,5360,0,0,0,0,1
2020-05-23,US,Idaho,Madison,20,0,0,43.78141028,-111.65384740000002,16065.0,20,20,0,0,20,20,39304,0,0,0,0,0
2020-05-23,US,Idaho,Minidoka,26,0,0,42.85518524,-113.6357257,16067.0,26,26,0,0,26,20,20825,0,0,0,0,6
2020-05-23,US,Idaho,Nez Perce,81,19,0,46.32638236,-116.75009750000001,16069.0,62,81,19,0,62,81,40408,0,0,0,0,0
2020-05-23,US,Idaho,Owyhee,8,0,0,42.58016894,-116.16938710000001,16073.0,8,8,0,0,8,8,11693,0,0,0,0,0
2020-05-23,US,Idaho,Payette,23,2,0,44.00545243,-116.7647695,16075.0,21,23,2,0,21,22,23551,0,0,0,0,1
2020-05-23,US,Idaho,Power,3,0,0,42.69254894,-112.83957420000002,16077.0,3,3,0,0,3,3,7768,0,0,0,0,0
2020-05-23,US,Idaho,Teton,11,0,0,43.75303583,-111.2056773,16081.0,11,11,0,0,11,11,11640,0,0,0,0,0
2020-05-23,US,Idaho,Twin Falls,374,19,0,42.35440512,-114.6685381,16083.0,355,374,19,0,355,340,86081,0,0,0,0,34
2020-05-23,US,Idaho,Valley,2,0,0,44.76728382,-115.5676773,16085.0,2,2,0,0,2,2,11041,0,0,0,0,0
2020-05-23,US,Idaho,Washington,34,0,0,44.45275475,-116.78476880000001,16087.0,34,34,0,0,34,32,10161,0,0,0,0,2
2020-05-23,US,Illinois,Adams,44,1,0,39.98815591,-91.18786813,17001.0,43,44,1,0,43,45,65691,0,0,0,0,-1
2020-05-23,US,Illinois,Alexander,8,0,0,37.18049267,-89.32910838,17003.0,8,8,0,0,8,8,6060,0,0,0,0,0
2020-05-23,US,Illinois,Bond,10,1,0,38.88829622,-89.43534887,17005.0,9,10,1,0,9,12,16630,0,0,0,0,-2
2020-05-23,US,Illinois,Boone,389,16,0,42.32359279,-88.82345779,17007.0,373,368,16,0,352,343,53577,21,0,0,21,25
2020-05-23,US,Illinois,Brown,10,0,0,39.96209138,-90.75068024,17009.0,10,10,0,0,10,10,6556,0,0,0,0,0
2020-05-23,US,Illinois,Bureau,15,1,0,41.40385234,-89.5283051,17011.0,14,15,1,0,14,15,32993,0,0,0,0,0
2020-05-23,US,Illinois,Calhoun,1,0,0,39.16840183,-90.66330078,17013.0,1,1,0,0,1,1,4802,0,0,0,0,0
2020-05-23,US,Illinois,Carroll,13,2,0,42.06823429,-89.93395545,17015.0,11,13,2,0,11,13,14312,0,0,0,0,0
2020-05-23,US,Illinois,Cass,67,0,0,39.96991073,-90.24734436,17017.0,67,67,0,0,67,68,12260,0,0,0,0,-1
2020-05-23,US,Illinois,Champaign,537,7,0,40.13919438,-88.20046615,17019.0,530,515,7,0,508,496,209983,22,0,0,22,19
2020-05-23,US,Illinois,Christian,33,4,0,39.54581621,-89.27780482,17021.0,29,32,4,0,28,32,32661,1,0,0,1,0
2020-05-23,US,Illinois,Clark,10,0,0,39.33425789,-87.78705622,17023.0,10,10,0,0,10,9,15596,0,0,0,0,1
2020-05-23,US,Illinois,Clay,2,0,0,38.75388572,-88.48914513,17025.0,2,2,0,0,2,2,13253,0,0,0,0,0
2020-05-23,US,Illinois,Clinton,176,16,0,38.60704876,-89.42385254,17027.0,160,173,16,0,157,169,37639,3,0,0,3,4
2020-05-23,US,Illinois,Coles,98,7,0,39.51949084,-88.22358557,17029.0,91,95,7,0,88,94,50885,3,0,0,3,1
2020-05-23,US,Illinois,Cook,70417,3246,0,41.84144849,-87.81658794,17031.0,67171,68949,3187,0,65762,67551,5180493,1468,59,0,1409,1398
2020-05-23,US,Illinois,Crawford,11,0,0,39.0032229,-87.75954624,17033.0,11,11,0,0,11,11,18807,0,0,0,0,0
2020-05-23,US,Illinois,Cumberland,10,0,0,39.27432424,-88.2401158,17035.0,10,10,0,0,10,10,10808,0,0,0,0,0
2020-05-23,US,Illinois,De Witt,4,0,0,40.17514519,-88.90959682,17039.0,4,4,0,0,4,4,15769,0,0,0,0,0
2020-05-23,US,Illinois,DeKalb,309,3,0,41.89373302,-88.76958483,17037.0,306,299,3,0,296,287,104143,10,0,0,10,12
2020-05-23,US,Illinois,Douglas,27,0,0,39.76768052,-88.21854195,17041.0,27,27,0,0,27,26,19479,0,0,0,0,1
2020-05-23,US,Illinois,DuPage,6891,339,0,41.85116968,-88.08642662,17043.0,6552,6744,337,0,6407,6471,928589,147,2,0,145,273
2020-05-23,US,Illinois,Edwards,2,0,0,38.41353228,-88.05720863,17047.0,2,2,0,0,2,2,6392,0,0,0,0,0
2020-05-23,US,Illinois,Effingham,6,1,0,39.05935711,-88.58969584,17049.0,5,6,1,0,5,6,34208,0,0,0,0,0
2020-05-23,US,Illinois,Fayette,20,2,0,39.00072038,-89.02452658,17051.0,18,19,2,0,17,19,21416,1,0,0,1,0
2020-05-23,US,Illinois,Ford,19,1,0,40.59706922,-88.22350769,17053.0,18,19,1,0,18,18,13264,0,0,0,0,1
2020-05-23,US,Illinois,Franklin,11,0,0,37.99189086,-88.92567818,17055.0,11,11,0,0,11,11,38701,0,0,0,0,0
2020-05-23,US,Illinois,Fulton,10,0,0,40.47289135,-90.20862357,17057.0,10,10,0,0,10,10,34844,0,0,0,0,0
2020-05-23,US,Illinois,Gallatin,2,0,0,37.76430935,-88.22953869,17059.0,2,2,0,0,2,2,5058,0,0,0,0,0
2020-05-23,US,Illinois,Greene,5,0,0,39.35907414,-90.388865,17061.0,5,5,0,0,5,5,13044,0,0,0,0,0
2020-05-23,US,Illinois,Grundy,87,2,0,41.28569601,-88.41905692,17063.0,85,84,2,0,82,82,50972,3,0,0,3,2
2020-05-23,US,Illinois,Hamilton,2,0,0,38.08163641,-88.53883373,17065.0,2,2,0,0,2,2,8163,0,0,0,0,0
2020-05-23,US,Illinois,Hancock,13,0,0,40.40423981,-91.16313899,17067.0,13,13,0,0,13,13,17844,0,0,0,0,0
2020-05-23,US,Illinois,Hardin,1,0,0,37.51810645,-88.26873022,17069.0,1,1,0,0,1,1,3910,0,0,0,0,0
2020-05-23,US,Illinois,Henderson,8,0,0,40.81908672,-90.92491462,17071.0,8,8,0,0,8,8,6709,0,0,0,0,0
2020-05-23,US,Illinois,Henry,66,0,0,41.3533994,-90.13296166,17073.0,66,65,0,0,65,65,49090,1,0,0,1,0
2020-05-23,US,Illinois,Iroquois,128,4,0,40.74717633,-87.82466784,17075.0,124,124,4,0,120,120,27604,4,0,0,4,4
2020-05-23,US,Illinois,Jackson,207,10,0,37.78595185,-89.38232563,17077.0,197,197,10,0,187,192,57419,10,0,0,10,5
2020-05-23,US,Illinois,Jasper,45,7,0,39.01054275,-88.15437049,17079.0,38,45,7,0,38,45,9611,0,0,0,0,0
2020-05-23,US,Illinois,Jefferson,100,16,0,38.29980057,-88.9240025,17081.0,84,99,16,0,83,99,37820,1,0,0,1,0
2020-05-23,US,Illinois,Jersey,20,1,0,39.08869046,-90.35393073,17083.0,19,20,1,0,19,20,21847,0,0,0,0,0
2020-05-23,US,Illinois,Jo Daviess,26,0,0,42.36542373,-90.21094405,17085.0,26,24,0,0,24,23,21366,2,0,0,2,1
2020-05-23,US,Illinois,Johnson,7,0,0,37.45939802,-88.88165419,17087.0,7,7,0,0,7,7,12456,0,0,0,0,0
2020-05-23,US,Illinois,Kane,5484,152,0,41.93842729,-88.42861412,17089.0,5332,5327,150,0,5177,4981,534216,157,2,0,155,346
2020-05-23,US,Illinois,Kankakee,783,42,0,41.13746989,-87.86205334,17091.0,741,753,42,0,711,709,110024,30,0,0,30,44
2020-05-23,US,Illinois,Kendall,689,19,0,41.59081014,-88.42869583,17093.0,670,673,19,0,654,627,127915,16,0,0,16,46
2020-05-23,US,Illinois,Knox,94,0,0,40.93148779,-90.21330340000002,17095.0,94,93,0,0,93,90,50112,1,0,0,1,3
2020-05-23,US,Illinois,LaSalle,134,10,0,41.34426129999999,-88.88633881,17099.0,124,130,10,0,120,129,109430,4,0,0,4,1
2020-05-23,US,Illinois,Lake,7465,250,0,42.3224907,-88.00367925,17097.0,7215,7291,249,0,7042,7128,700832,174,1,0,173,163
2020-05-23,US,Illinois,Lawrence,4,0,0,38.71987914,-87.72884035,17101.0,4,4,0,0,4,4,15765,0,0,0,0,0
2020-05-23,US,Illinois,Lee,76,1,0,41.74583951,-89.29977132,17103.0,75,75,1,0,74,75,34223,1,0,0,1,0
2020-05-23,US,Illinois,Livingston,31,2,0,40.89188292,-88.55784752,17105.0,29,30,2,0,28,29,35761,1,0,0,1,1
2020-05-23,US,Illinois,Logan,10,0,0,40.12581572,-89.36638784,17107.0,10,10,0,0,10,10,28925,0,0,0,0,0
2020-05-23,US,Illinois,Macon,187,18,0,39.86064913,-88.96342505,17115.0,169,184,17,0,167,182,104712,3,1,0,2,2
2020-05-23,US,Illinois,Macoupin,41,1,0,39.26119767,-89.92424028,17117.0,40,41,1,0,40,40,45313,0,0,0,0,1
2020-05-23,US,Illinois,Madison,523,52,0,38.83042506,-89.90422563,17119.0,471,516,49,0,467,506,264461,7,3,0,4,10
2020-05-23,US,Illinois,Marion,50,0,0,38.64963204,-88.91899208,17121.0,50,50,0,0,50,50,37620,0,0,0,0,0
2020-05-23,US,Illinois,Marshall,5,0,0,41.0327901,-89.34510444,17123.0,5,5,0,0,5,5,11534,0,0,0,0,0
2020-05-23,US,Illinois,Mason,17,0,0,40.23917274,-89.91824452,17125.0,17,16,0,0,16,16,13565,1,0,0,1,0
2020-05-23,US,Illinois,Massac,7,0,0,37.22078441,-88.71036614,17127.0,7,7,0,0,7,6,14080,0,0,0,0,1
2020-05-23,US,Illinois,McDonough,79,4,0,40.45674722,-90.67775541,17109.0,75,75,4,0,71,75,29955,4,0,0,4,0
2020-05-23,US,Illinois,McHenry,1360,67,0,42.32451172,-88.45248227,17111.0,1293,1323,67,0,1256,1282,308570,37,0,0,37,41
2020-05-23,US,Illinois,McLean,202,9,0,40.48996987,-88.84621113,17113.0,193,195,9,0,186,195,172828,7,0,0,7,0
2020-05-23,US,Illinois,Menard,17,0,0,40.02742725,-89.80246001,17129.0,17,17,0,0,17,17,12288,0,0,0,0,0
2020-05-23,US,Illinois,Mercer,14,0,0,41.20596782,-90.74290052,17131.0,14,14,0,0,14,14,15601,0,0,0,0,0
2020-05-23,US,Illinois,Monroe,91,11,0,38.27594376,-90.17761038,17133.0,80,91,11,0,80,90,34335,0,0,0,0,1
2020-05-23,US,Illinois,Montgomery,38,1,0,39.23198845,-89.47809254,17135.0,37,38,1,0,37,38,28601,0,0,0,0,0
2020-05-23,US,Illinois,Morgan,34,1,0,39.71654544,-90.20255104,17137.0,33,34,1,0,33,34,33976,0,0,0,0,0
2020-05-23,US,Illinois,Moultrie,9,0,0,39.64187451,-88.62099969,17139.0,9,8,0,0,8,8,14717,1,0,0,1,0
2020-05-23,US,Illinois,Ogle,185,2,0,42.04165196,-89.32184679,17141.0,183,185,2,0,183,178,50923,0,0,0,0,7
2020-05-23,US,Illinois,Out of IL,126,1,0,0.0,0.0,80017.0,125,112,1,0,111,91,,14,0,0,14,21
2020-05-23,US,Illinois,Peoria,176,7,0,40.78702156,-89.76078901,17143.0,169,176,7,0,169,168,180621,0,0,0,0,8
2020-05-23,US,Illinois,Perry,40,0,0,38.08510853,-89.36856219,17145.0,40,40,0,0,40,40,21174,0,0,0,0,0
2020-05-23,US,Illinois,Piatt,10,0,0,40.01360584,-88.59319339,17147.0,10,9,0,0,9,9,16396,1,0,0,1,0
2020-05-23,US,Illinois,Pike,1,0,0,39.62265059,-90.8877017,17149.0,1,1,0,0,1,1,15611,0,0,0,0,0
2020-05-23,US,Illinois,Pope,1,0,0,37.41391284,-88.56152109,17151.0,1,1,0,0,1,1,4212,0,0,0,0,0
2020-05-23,US,Illinois,Pulaski,40,0,0,37.22631423,-89.13085001,17153.0,40,40,0,0,40,40,5463,0,0,0,0,0
2020-05-23,US,Illinois,Putnam,1,0,0,41.2013541,-89.2869272,17155.0,1,1,0,0,1,1,5740,0,0,0,0,0
2020-05-23,US,Illinois,Randolph,256,3,0,38.05095369,-89.82512254,17157.0,253,251,3,0,248,246,32106,5,0,0,5,5
2020-05-23,US,Illinois,Richland,3,0,0,38.71240969,-88.08475366,17159.0,3,3,0,0,3,3,15763,0,0,0,0,0
2020-05-23,US,Illinois,Rock Island,627,22,0,41.46613806,-90.57042164,17161.0,605,617,22,0,595,604,143477,10,0,0,10,13
2020-05-23,US,Illinois,Saline,6,0,0,37.75332999,-88.54119706,17165.0,6,6,0,0,6,6,23906,0,0,0,0,0
2020-05-23,US,Illinois,Sangamon,328,26,0,39.75836914,-89.65872023,17167.0,302,325,26,0,299,324,195348,3,0,0,3,1
2020-05-23,US,Illinois,Schuyler,10,0,0,40.157179799999994,-90.61114163,17169.0,10,9,0,0,9,8,6907,1,0,0,1,1
2020-05-23,US,Illinois,Shelby,16,1,0,39.39133527,-88.80611122,17173.0,15,15,1,0,14,15,21741,1,0,0,1,0
2020-05-23,US,Illinois,St. Clair,939,70,0,38.46996033,-89.93063427,17163.0,869,907,70,0,837,888,261059,32,0,0,32,19
2020-05-23,US,Illinois,Stark,3,0,0,41.09309773,-89.79745866,17175.0,3,3,0,0,3,2,5427,0,0,0,0,1
2020-05-23,US,Illinois,Stephenson,176,2,0,42.35129217,-89.662598,17177.0,174,173,2,0,171,167,44753,3,0,0,3,6
2020-05-23,US,Illinois,Tazewell,67,3,0,40.50716185,-89.51404662,17179.0,64,66,3,0,63,65,132328,1,0,0,1,1
2020-05-23,US,Illinois,Unassigned,99,0,0,0.0,0.0,90017.0,99,106,0,0,106,85,,-7,0,0,-7,21
2020-05-23,US,Illinois,Union,138,5,0,37.47119609,-89.25548938,17181.0,133,136,5,0,131,124,16841,2,0,0,2,12
2020-05-23,US,Illinois,Vermilion,39,1,0,40.18417171,-87.73384359,17183.0,38,39,1,0,38,35,76806,0,0,0,0,4
2020-05-23,US,Illinois,Wabash,1,0,0,38.44272901,-87.84922065,17185.0,1,1,0,0,1,1,11549,0,0,0,0,0
2020-05-23,US,Illinois,Warren,114,0,0,40.84925021,-90.6147432,17187.0,114,112,0,0,112,110,17032,2,0,0,2,2
2020-05-23,US,Illinois,Washington,18,0,0,38.35309213,-89.40982703,17189.0,18,18,0,0,18,18,13995,0,0,0,0,0
2020-05-23,US,Illinois,Wayne,9,1,0,38.42955355,-88.42586459,17191.0,8,9,1,0,8,9,16332,0,0,0,0,0
2020-05-23,US,Illinois,White,2,0,0,38.08706198,-88.17657461,17193.0,2,2,0,0,2,2,13665,0,0,0,0,0
2020-05-23,US,Illinois,Whiteside,133,10,0,41.75509713,-89.91556058,17195.0,123,131,10,0,121,130,55626,2,0,0,2,1
2020-05-23,US,Illinois,Will,5012,257,0,41.44619267,-87.97862712,17197.0,4755,4929,253,0,4676,4797,692310,83,4,0,79,132
2020-05-23,US,Illinois,Williamson,54,1,0,37.73033511,-88.92994027,17199.0,53,54,1,0,53,55,67056,0,0,0,0,-1
2020-05-23,US,Illinois,Winnebago,1838,49,0,42.33641854,-89.16085327,17201.0,1789,1780,46,0,1734,1681,284081,58,3,0,55,99
2020-05-23,US,Illinois,Woodford,17,2,0,40.78579374,-89.20973757,17203.0,15,17,2,0,15,17,38463,0,0,0,0,0
2020-05-23,US,Indiana,Adams,12,1,0,40.7457653,-84.93671406,18001.0,11,11,1,0,10,11,35636,1,0,0,1,0
2020-05-23,US,Indiana,Allen,1213,65,0,41.09194313,-85.06800636,18003.0,1148,1191,65,0,1126,1139,375351,22,0,0,22,52
2020-05-23,US,Indiana,Bartholomew,467,33,0,39.20744865,-85.89558181,18005.0,434,456,33,0,423,452,82753,11,0,0,11,4
2020-05-23,US,Indiana,Benton,24,0,0,40.60626947,-87.31093999,18007.0,24,24,0,0,24,24,8653,0,0,0,0,0
2020-05-23,US,Indiana,Blackford,19,1,0,40.47388153,-85.32499702,18009.0,18,18,1,0,17,16,11930,1,0,0,1,2
2020-05-23,US,Indiana,Boone,279,35,0,40.0509304,-86.46841646,18011.0,244,278,35,0,243,276,66999,1,0,0,1,2
2020-05-23,US,Indiana,Brown,33,1,0,39.19605589,-86.22868909,18013.0,32,33,1,0,32,32,15234,0,0,0,0,1
2020-05-23,US,Indiana,Carroll,88,2,0,40.580783200000006,-86.56198812,18015.0,86,87,2,0,85,85,20127,1,0,0,1,2
2020-05-23,US,Indiana,Cass,1579,6,0,40.76135835,-86.34830753,18017.0,1573,1578,6,0,1572,1572,37955,1,0,0,1,6
2020-05-23,US,Indiana,Clark,450,38,0,38.48015445,-85.70510334,18019.0,412,446,38,0,408,446,117360,4,0,0,4,0
2020-05-23,US,Indiana,Clay,38,1,0,39.39561833,-87.11723506,18021.0,37,36,1,0,35,36,26170,2,0,0,2,0
2020-05-23,US,Indiana,Clinton,204,1,0,40.30319754,-86.47277257,18023.0,203,194,1,0,193,185,32250,10,0,0,10,9
2020-05-23,US,Indiana,Crawford,23,0,0,38.28814402,-86.44518825,18025.0,23,23,0,0,23,22,10558,0,0,0,0,1
2020-05-23,US,Indiana,Daviess,81,16,0,38.70186039,-87.07185406,18027.0,65,73,16,0,57,73,33147,8,0,0,8,0
2020-05-23,US,Indiana,DeKalb,28,1,0,41.39804622,-84.99906934,18033.0,27,26,1,0,25,26,43226,2,0,0,2,0
2020-05-23,US,Indiana,Dearborn,162,21,0,39.14647946,-84.97333539,18029.0,141,161,21,0,140,160,49568,1,0,0,1,1
2020-05-23,US,Indiana,Decatur,221,31,0,39.30712658,-85.50087166,18031.0,190,220,31,0,189,220,26794,1,0,0,1,0
2020-05-23,US,Indiana,Delaware,340,27,0,40.22787247,-85.39732772,18035.0,313,328,26,0,302,319,114772,12,1,0,11,9
2020-05-23,US,Indiana,Dubois,171,2,0,38.36597551,-86.87924170000002,18037.0,169,171,2,0,169,168,42565,0,0,0,0,3
2020-05-23,US,Indiana,Elkhart,938,27,0,41.59761169,-85.85875695,18039.0,911,903,27,0,876,844,205560,35,0,0,35,59
2020-05-23,US,Indiana,Fayette,50,4,0,39.63684962,-85.17797541,18041.0,46,50,4,0,46,50,23047,0,0,0,0,0
2020-05-23,US,Indiana,Floyd,311,38,0,38.32117957,-85.90385377,18043.0,273,311,38,0,273,309,77781,0,0,0,0,2
2020-05-23,US,Indiana,Fountain,17,2,0,40.12361933,-87.24217689,18045.0,15,17,2,0,15,19,16351,0,0,0,0,-2
2020-05-23,US,Indiana,Franklin,106,8,0,39.4142482,-85.06062647,18047.0,98,106,8,0,98,106,22736,0,0,0,0,0
2020-05-23,US,Indiana,Fulton,46,1,0,41.0469907,-86.26252745,18049.0,45,46,1,0,45,46,20092,0,0,0,0,0
2020-05-23,US,Indiana,Gibson,13,2,0,38.30393723,-87.58054938,18051.0,11,13,1,0,12,13,33452,0,1,0,-1,0
2020-05-23,US,Indiana,Grant,178,20,0,40.51587228,-85.65468702,18053.0,158,174,20,0,154,172,65936,4,0,0,4,2
2020-05-23,US,Indiana,Greene,167,23,0,39.03630547,-86.96223202,18055.0,144,167,22,0,145,165,32006,0,1,0,-1,2
2020-05-23,US,Indiana,Hamilton,1092,91,0,40.07306535,-86.05244729,18057.0,1001,1084,91,0,993,1071,330086,8,0,0,8,13
2020-05-23,US,Indiana,Hancock,315,27,0,39.82304555,-85.77566351,18059.0,288,312,27,0,285,310,76351,3,0,0,3,2
2020-05-23,US,Indiana,Harrison,183,21,0,38.19467379,-86.10948271,18061.0,162,179,20,0,159,178,40350,4,1,0,3,1
2020-05-23,US,Indiana,Hendricks,1103,65,0,39.76719009,-86.51037283,18063.0,1038,1095,63,0,1032,1087,167009,8,2,0,6,8
2020-05-23,US,Indiana,Henry,155,6,0,39.93029017,-85.39625719,18065.0,149,153,5,0,148,152,48271,2,1,0,1,1
2020-05-23,US,Indiana,Howard,344,17,0,40.48527731,-86.11351892,18067.0,327,339,17,0,322,336,82366,5,0,0,5,3
2020-05-23,US,Indiana,Huntington,22,2,0,40.82907273,-85.48822092,18069.0,20,20,2,0,18,20,36240,2,0,0,2,0
2020-05-23,US,Indiana,Jackson,353,1,0,38.90915820000001,-86.03851889,18071.0,352,351,1,0,350,345,44111,2,0,0,2,6
2020-05-23,US,Indiana,Jasper,52,1,0,41.02078733,-87.11553319,18073.0,51,50,1,0,49,48,33370,2,0,0,2,2
2020-05-23,US,Indiana,Jay,41,0,0,40.43781032,-85.00576229,18075.0,41,38,0,0,38,32,20764,3,0,0,3,6
2020-05-23,US,Indiana,Jefferson,41,1,0,38.78576239,-85.43633383,18077.0,40,41,1,0,40,41,32208,0,0,0,0,0
2020-05-23,US,Indiana,Jennings,126,4,0,38.99588883,-85.62710784,18079.0,122,125,4,0,121,123,27611,1,0,0,1,2
2020-05-23,US,Indiana,Johnson,1065,102,0,39.48994426,-86.10149107,18081.0,963,1052,102,0,950,1049,156225,13,0,0,13,3
2020-05-23,US,Indiana,Knox,24,0,0,38.68861576,-87.4194665,18083.0,24,23,0,0,23,23,36895,1,0,0,1,0
2020-05-23,US,Indiana,Kosciusko,71,1,0,41.24521668,-85.86312322,18085.0,70,71,1,0,70,61,79344,0,0,0,0,10
2020-05-23,US,Indiana,LaGrange,59,2,0,41.64232188,-85.42674232,18087.0,57,58,2,0,56,57,39330,1,0,0,1,1
2020-05-23,US,Indiana,LaPorte,387,21,0,41.54366008,-86.74072188,18091.0,366,376,20,0,356,373,110007,11,1,0,10,3
2020-05-23,US,Indiana,Lake,3191,167,0,41.41874274,-87.38277575,18089.0,3024,3128,166,0,2962,3087,484411,63,1,0,62,41
2020-05-23,US,Indiana,Lawrence,142,22,0,38.84112637,-86.48361629,18093.0,120,141,21,0,120,141,45668,1,1,0,0,0
2020-05-23,US,Indiana,Madison,576,58,0,40.16143691,-85.71964711,18095.0,518,576,57,0,519,573,129641,0,1,0,-1,3
2020-05-23,US,Indiana,Marion,9040,531,0,39.78163624,-86.13826325,18097.0,8509,8928,528,0,8400,8815,954670,112,3,0,109,113
2020-05-23,US,Indiana,Marshall,61,1,0,41.32467367,-86.26185087,18099.0,60,54,1,0,53,51,46248,7,0,0,7,3
2020-05-23,US,Indiana,Martin,10,0,0,38.7099921,-86.80373186,18101.0,10,8,0,0,8,8,10217,2,0,0,2,0
2020-05-23,US,Indiana,Miami,135,1,0,40.76940965,-86.04525048,18103.0,134,134,1,0,133,134,35567,1,0,0,1,0
2020-05-23,US,Indiana,Monroe,158,10,0,39.16130004,-86.52414358,18105.0,148,157,10,0,147,156,146917,1,0,0,1,1
2020-05-23,US,Indiana,Montgomery,211,14,0,40.04034823,-86.89335024,18107.0,197,202,14,0,188,199,38346,9,0,0,9,3
2020-05-23,US,Indiana,Morgan,257,24,0,39.47899078,-86.44573375,18109.0,233,253,22,0,231,251,70116,4,2,0,2,2
2020-05-23,US,Indiana,Newton,72,10,0,40.95610449,-87.39635768,18111.0,62,72,10,0,62,72,14011,0,0,0,0,0
2020-05-23,US,Indiana,Noble,174,20,0,41.39672484,-85.41966713,18113.0,154,167,20,0,147,161,47532,7,0,0,7,6
2020-05-23,US,Indiana,Ohio,13,0,0,38.955304999999996,-84.96515993,18115.0,13,13,0,0,13,13,5844,0,0,0,0,0
2020-05-23,US,Indiana,Orange,122,22,0,38.54118920000001,-86.49523093,18117.0,100,122,21,0,101,122,19489,0,1,0,-1,0
2020-05-23,US,Indiana,Owen,30,1,0,39.31145587,-86.83900724,18119.0,29,29,1,0,28,29,20845,1,0,0,1,0
2020-05-23,US,Indiana,Parke,17,0,0,39.77202286,-87.20375833,18121.0,17,17,0,0,17,17,16927,0,0,0,0,0
2020-05-23,US,Indiana,Perry,23,0,0,38.07809328,-86.63741946,18123.0,23,22,0,0,22,22,19102,1,0,0,1,0
2020-05-23,US,Indiana,Pike,5,0,0,38.40112197,-87.23574907,18125.0,5,5,0,0,5,5,12410,0,0,0,0,0
2020-05-23,US,Indiana,Porter,465,21,0,41.45986947,-87.06848888,18127.0,444,458,19,0,439,425,169594,7,2,0,5,33
2020-05-23,US,Indiana,Posey,17,0,0,38.02097333,-87.86480429,18129.0,17,16,0,0,16,16,25540,1,0,0,1,0
2020-05-23,US,Indiana,Pulaski,38,0,0,41.04166107,-86.69890683,18131.0,38,37,0,0,37,37,12469,1,0,0,1,0
2020-05-23,US,Indiana,Putnam,129,7,0,39.66437981,-86.84517605,18133.0,122,127,6,0,121,127,37779,2,1,0,1,0
2020-05-23,US,Indiana,Randolph,37,3,0,40.15734772,-85.01139319,18135.0,34,35,3,0,32,32,24851,2,0,0,2,3
2020-05-23,US,Indiana,Ripley,112,6,0,39.10235626,-85.26212744,18137.0,106,110,6,0,104,110,28523,2,0,0,2,0
2020-05-23,US,Indiana,Rush,45,2,0,39.62002287,-85.4655599,18139.0,43,44,2,0,42,43,16663,1,0,0,1,1
2020-05-23,US,Indiana,Scott,115,3,0,38.68672078,-85.74627859,18143.0,112,106,3,0,103,105,23878,9,0,0,9,1
2020-05-23,US,Indiana,Shelby,311,21,0,39.52305623,-85.79158570000001,18145.0,290,309,21,0,288,303,44593,2,0,0,2,6
2020-05-23,US,Indiana,Spencer,14,1,0,38.01519732,-87.0079644,18147.0,13,14,1,0,13,13,20327,0,0,0,0,1
2020-05-23,US,Indiana,St. Joseph,1132,34,0,41.61756781,-86.29040834,18141.0,1098,1097,33,0,1064,1082,270771,35,1,0,34,15
2020-05-23,US,Indiana,Starke,30,3,0,41.27890281,-86.64686895,18149.0,27,30,3,0,27,29,22935,0,0,0,0,1
2020-05-23,US,Indiana,Steuben,76,2,0,41.64423868,-85.00101094,18151.0,74,77,2,0,75,73,34586,-1,0,0,-1,4
2020-05-23,US,Indiana,Sullivan,31,1,0,39.08952258,-87.41414469,18153.0,30,31,1,0,30,30,20690,0,0,0,0,1
2020-05-23,US,Indiana,Switzerland,19,0,0,38.82767338,-85.03022429,18155.0,19,19,0,0,19,18,10717,0,0,0,0,1
2020-05-23,US,Indiana,Tippecanoe,356,3,0,40.38872739,-86.89413959,18157.0,353,348,3,0,345,342,193048,8,0,0,8,6
2020-05-23,US,Indiana,Tipton,22,1,0,40.31123252,-86.05234925,18159.0,21,21,1,0,20,21,15128,1,0,0,1,0
2020-05-23,US,Indiana,Unassigned,0,152,0,0.0,0.0,90018.0,-152,0,150,0,-150,0,,0,2,0,-2,0
2020-05-23,US,Indiana,Union,8,0,0,39.62550777,-84.92497066,18161.0,8,8,0,0,8,8,7037,0,0,0,0,0
2020-05-23,US,Indiana,Vanderburgh,240,2,0,38.02658833,-87.58763124,18163.0,238,230,2,0,228,229,180974,10,0,0,10,1
2020-05-23,US,Indiana,Vermillion,8,0,0,39.8523352,-87.46160542,18165.0,8,8,0,0,8,8,15479,0,0,0,0,0
2020-05-23,US,Indiana,Vigo,135,7,0,39.42944561,-87.39169027,18167.0,128,131,7,0,124,130,107386,4,0,0,4,1
2020-05-23,US,Indiana,Wabash,72,2,0,40.84704239,-85.79328272,18169.0,70,71,2,0,69,71,31280,1,0,0,1,0
2020-05-23,US,Indiana,Warren,12,1,0,40.34728141,-87.35602659,18171.0,11,12,1,0,11,12,8263,0,0,0,0,0
2020-05-23,US,Indiana,Warrick,163,26,0,38.08922676,-87.2716085,18173.0,137,158,26,0,132,157,62567,5,0,0,5,1
2020-05-23,US,Indiana,Washington,52,1,0,38.60219804,-86.1049363,18175.0,51,52,1,0,51,52,27943,0,0,0,0,0
2020-05-23,US,Indiana,Wayne,66,5,0,39.863344399999995,-85.01044989,18177.0,61,65,5,0,60,64,65936,1,0,0,1,1
2020-05-23,US,Indiana,Wells,22,0,0,40.72934187,-85.22132966,18179.0,22,22,0,0,22,21,28206,0,0,0,0,1
2020-05-23,US,Indiana,White,212,8,0,40.74911165,-86.86492015,18181.0,204,206,8,0,198,201,24133,6,0,0,6,5
2020-05-23,US,Indiana,Whitley,34,2,0,41.13863784,-85.50791236,18183.0,32,31,2,0,29,29,34074,3,0,0,3,2
2020-05-23,US,Iowa,Adair,7,0,0,41.33075609,-94.47105874,19001.0,7,6,0,0,6,6,7063,1,0,0,1,0
2020-05-23,US,Iowa,Adams,4,0,0,41.02903567,-94.69932645,19003.0,4,4,0,0,4,3,3645,0,0,0,0,1
2020-05-23,US,Iowa,Allamakee,118,4,0,43.28383218,-91.37860922,19005.0,114,118,4,0,114,118,13832,0,0,0,0,0
2020-05-23,US,Iowa,Appanoose,9,3,0,40.74324454,-92.86865906,19007.0,6,8,3,0,5,8,12437,1,0,0,1,0
2020-05-23,US,Iowa,Audubon,11,1,0,41.6844628,-94.90581859,19009.0,10,11,1,0,10,11,5506,0,0,0,0,0
2020-05-23,US,Iowa,Benton,37,1,0,42.08011739,-92.06463573,19011.0,36,37,1,0,36,37,25642,0,0,0,0,0
2020-05-23,US,Iowa,Black Hawk,1669,38,0,42.4704581,-92.30524729,19013.0,1631,1662,37,0,1625,1654,132408,7,1,0,6,8
2020-05-23,US,Iowa,Boone,53,0,0,42.03657094,-93.9313999,19015.0,53,52,0,0,52,50,26346,1,0,0,1,2
2020-05-23,US,Iowa,Bremer,67,5,0,42.77461496,-92.31795937,19017.0,62,65,5,0,60,65,24947,2,0,0,2,0
2020-05-23,US,Iowa,Buchanan,30,0,0,42.4709188,-91.83510825,19019.0,30,31,0,0,31,29,21199,-1,0,0,-1,2
2020-05-23,US,Iowa,Buena Vista,227,0,0,42.73545875,-95.15100162,19021.0,227,140,0,0,140,134,19874,87,0,0,87,6
2020-05-23,US,Iowa,Butler,15,0,0,42.73172833,-92.79015971,19023.0,15,15,0,0,15,14,14539,0,0,0,0,1
2020-05-23,US,Iowa,Calhoun,2,0,0,42.38521079,-94.64046046,19025.0,2,2,0,0,2,2,9699,0,0,0,0,0
2020-05-23,US,Iowa,Carroll,8,0,0,42.03617207,-94.86032705,19027.0,8,8,0,0,8,7,20154,0,0,0,0,1
2020-05-23,US,Iowa,Cass,10,0,0,41.33149454,-94.92792482,19029.0,10,6,0,0,6,6,12930,4,0,0,4,0
2020-05-23,US,Iowa,Cedar,44,1,0,41.77233777,-91.13246684,19031.0,43,44,1,0,43,44,18627,0,0,0,0,0
2020-05-23,US,Iowa,Cerro Gordo,21,1,0,43.08177563,-93.2612239,19033.0,20,20,1,0,19,19,42647,1,0,0,1,1
2020-05-23,US,Iowa,Cherokee,14,0,0,42.73538914,-95.62389402,19035.0,14,10,0,0,10,8,11321,4,0,0,4,2
2020-05-23,US,Iowa,Chickasaw,8,0,0,43.06001295,-92.31773347,19037.0,8,8,0,0,8,8,11964,0,0,0,0,0
2020-05-23,US,Iowa,Clarke,30,0,0,41.02868181,-93.78499767,19039.0,30,29,0,0,29,25,9423,1,0,0,1,4
2020-05-23,US,Iowa,Clay,10,0,0,43.08247182,-95.15096481,19041.0,10,9,0,0,9,9,16134,1,0,0,1,0
2020-05-23,US,Iowa,Clayton,30,3,0,42.84443388,-91.34133693,19043.0,27,30,3,0,27,30,17556,0,0,0,0,0
2020-05-23,US,Iowa,Clinton,61,1,0,41.89981633,-90.53275096,19045.0,60,61,1,0,60,61,46518,0,0,0,0,0
2020-05-23,US,Iowa,Crawford,460,2,0,42.03718237,-95.3819718,19047.0,458,445,2,0,443,435,17158,15,0,0,15,10
2020-05-23,US,Iowa,Dallas,836,14,0,41.68560356,-94.04127625,19049.0,822,821,14,0,807,816,90180,15,0,0,15,5
2020-05-23,US,Iowa,Davis,18,0,0,40.74773536,-92.41005468,19051.0,18,17,0,0,17,15,9017,1,0,0,1,2
2020-05-23,US,Iowa,Decatur,1,0,0,40.73742757,-93.78645949,19053.0,1,,,,,,7890,,,,,
2020-05-23,US,Iowa,Delaware,14,0,0,42.47104597,-91.3664492,19055.0,14,14,0,0,14,13,17069,0,0,0,0,1
2020-05-23,US,Iowa,Des Moines,56,1,0,40.92012606,-91.18326592,19057.0,55,52,1,0,51,51,39138,4,0,0,4,1
2020-05-23,US,Iowa,Dickinson,8,0,0,43.37787725,-95.1510206,19059.0,8,8,0,0,8,8,17153,0,0,0,0,0
2020-05-23,US,Iowa,Dubuque,317,16,0,42.46815349,-90.88181925,19061.0,301,307,16,0,291,300,96854,10,0,0,10,7
2020-05-23,US,Iowa,Emmet,7,0,0,43.37782951,-94.67858943,19063.0,7,7,0,0,7,6,9253,0,0,0,0,1
2020-05-23,US,Iowa,Fayette,26,0,0,42.86271799,-91.84412309999999,19065.0,26,26,0,0,26,25,19660,0,0,0,0,1
2020-05-23,US,Iowa,Floyd,17,1,0,43.06000529999999,-92.78940097,19067.0,16,15,1,0,14,15,15761,2,0,0,2,0
2020-05-23,US,Iowa,Franklin,7,0,0,42.73270384,-93.26256925,19069.0,7,7,0,0,7,6,10124,0,0,0,0,1
2020-05-23,US,Iowa,Fremont,4,0,0,40.74542720000001,-95.60129045,19071.0,4,4,0,0,4,4,6993,0,0,0,0,0
2020-05-23,US,Iowa,Greene,13,0,0,42.03614551,-94.39658081,19073.0,13,13,0,0,13,13,8981,0,0,0,0,0
2020-05-23,US,Iowa,Grundy,19,0,0,42.40183723,-92.78829551,19075.0,19,20,0,0,20,19,12304,-1,0,0,-1,1
2020-05-23,US,Iowa,Guthrie,42,3,0,41.68378965,-94.50111014,19077.0,39,42,3,0,39,42,10720,0,0,0,0,0
2020-05-23,US,Iowa,Hamilton,19,0,0,42.38382428,-93.70197703,19079.0,19,15,0,0,15,15,14952,4,0,0,4,0
2020-05-23,US,Iowa,Hancock,12,0,0,43.08178477,-93.73454884,19081.0,12,11,0,0,11,10,10712,1,0,0,1,1
2020-05-23,US,Iowa,Hardin,13,0,0,42.38353877,-93.23654611,19083.0,13,13,0,0,13,13,16868,0,0,0,0,0
2020-05-23,US,Iowa,Harrison,18,0,0,41.68330137,-95.81558439,19085.0,18,18,0,0,18,18,14134,0,0,0,0,0
2020-05-23,US,Iowa,Henry,57,1,0,40.98767962,-91.54436349,19087.0,56,56,1,0,55,50,20067,1,0,0,1,6
2020-05-23,US,Iowa,Howard,12,0,0,43.35671042,-92.31702714,19089.0,12,12,0,0,12,12,9187,0,0,0,0,0
2020-05-23,US,Iowa,Humboldt,11,0,0,42.7764426,-94.20722537,19091.0,11,10,0,0,10,9,9547,1,0,0,1,1
2020-05-23,US,Iowa,Ida,9,0,0,42.38696136,-95.51355387,19093.0,9,8,0,0,8,8,6841,1,0,0,1,0
2020-05-23,US,Iowa,Iowa,32,0,0,41.68630265,-92.0643373,19095.0,32,35,0,0,35,32,16141,-3,0,0,-3,3
2020-05-23,US,Iowa,Jackson,11,0,0,42.17178824,-90.57354837,19097.0,11,9,0,0,9,8,19432,2,0,0,2,1
2020-05-23,US,Iowa,Jasper,254,16,0,41.68576082,-93.05567785,19099.0,238,250,15,0,235,249,37147,4,1,0,3,1
2020-05-23,US,Iowa,Jefferson,14,0,0,41.03192394,-91.94849466,19101.0,14,14,0,0,14,14,18381,0,0,0,0,0
2020-05-23,US,Iowa,Johnson,593,7,0,41.67169354,-91.58754744,19103.0,586,591,7,0,584,585,151260,2,0,0,2,6
2020-05-23,US,Iowa,Jones,36,0,0,42.12118609,-91.13139641,19105.0,36,36,0,0,36,36,20744,0,0,0,0,0
2020-05-23,US,Iowa,Keokuk,13,0,0,41.33649833,-92.1785067,19107.0,13,13,0,0,13,13,10225,0,0,0,0,0
2020-05-23,US,Iowa,Kossuth,7,0,0,43.20405458,-94.20691791,19109.0,7,7,0,0,7,7,14908,0,0,0,0,0
2020-05-23,US,Iowa,Lee,20,0,0,40.64181461,-91.48183025,19111.0,20,20,0,0,20,20,34055,0,0,0,0,0
2020-05-23,US,Iowa,Linn,922,75,0,42.07923082,-91.59809485,19113.0,847,916,75,0,841,910,225909,6,0,0,6,6
2020-05-23,US,Iowa,Louisa,334,7,0,41.21842119,-91.26102611,19115.0,327,327,7,0,320,326,11169,7,0,0,7,1
2020-05-23,US,Iowa,Lucas,4,0,0,41.02958964,-93.32780803,19117.0,4,4,0,0,4,3,8645,0,0,0,0,1
2020-05-23,US,Iowa,Lyon,19,0,0,43.38107862,-96.20926845,19119.0,19,19,0,0,19,19,11811,0,0,0,0,0
2020-05-23,US,Iowa,Madison,22,1,0,41.33081904,-94.01554631,19121.0,21,21,1,0,20,21,16249,1,0,0,1,0
2020-05-23,US,Iowa,Mahaska,51,5,0,41.33521503,-92.64083907,19123.0,46,48,4,0,44,47,22000,3,1,0,2,1
2020-05-23,US,Iowa,Marion,29,0,0,41.33445101,-93.09934783,19125.0,29,28,0,0,28,27,33407,1,0,0,1,1
2020-05-23,US,Iowa,Marshall,859,10,0,42.03586837,-92.99908190000001,19127.0,849,852,9,0,843,842,39981,7,1,0,6,10
2020-05-23,US,Iowa,Mills,14,0,0,41.03299766,-95.61920963,19129.0,14,14,0,0,14,13,15063,0,0,0,0,1
2020-05-23,US,Iowa,Mitchell,4,0,0,43.35638371,-92.78887719,19131.0,4,4,0,0,4,5,10569,0,0,0,0,-1
2020-05-23,US,Iowa,Monona,21,0,0,42.05220391,-95.95743843,19133.0,21,19,0,0,19,19,8679,2,0,0,2,0
2020-05-23,US,Iowa,Monroe,32,3,0,41.02988815,-92.8690667,19135.0,29,29,3,0,26,27,7790,3,0,0,3,2
2020-05-23,US,Iowa,Montgomery,5,0,0,41.03018714,-95.15642896,19137.0,5,5,0,0,5,5,10003,0,0,0,0,0
2020-05-23,US,Iowa,Muscatine,541,38,0,41.48370744,-91.11216970000001,19139.0,503,540,35,0,505,540,42929,1,3,0,-2,0
2020-05-23,US,Iowa,O'Brien,24,0,0,43.08310673,-95.62474482,19141.0,24,24,0,0,24,24,13840,0,0,0,0,0
2020-05-23,US,Iowa,Osceola,30,0,0,43.37824276,-95.62422844,19143.0,30,30,0,0,30,30,6040,0,0,0,0,0
2020-05-23,US,Iowa,Page,10,0,0,40.7393172,-95.1497813,19145.0,10,10,0,0,10,10,15249,0,0,0,0,0
2020-05-23,US,Iowa,Palo Alto,3,0,0,43.08193849,-94.67824621,19147.0,3,3,0,0,3,3,8929,0,0,0,0,0
2020-05-23,US,Iowa,Plymouth,103,0,0,42.737633,-96.21366621,19149.0,103,101,0,0,101,98,25095,2,0,0,2,3
2020-05-23,US,Iowa,Pocahontas,4,0,0,42.73420133,-94.67862564,19151.0,4,3,0,0,3,3,6740,1,0,0,1,0
2020-05-23,US,Iowa,Polk,3603,106,0,41.68679484,-93.57767461,19153.0,3497,3518,92,0,3426,3381,487204,85,14,0,71,137
2020-05-23,US,Iowa,Pottawattamie,205,5,0,41.33640314,-95.53907776,19155.0,200,196,5,0,191,190,93533,9,0,0,9,6
2020-05-23,US,Iowa,Poweshiek,88,8,0,41.68625425,-92.53155731,19157.0,80,87,8,0,79,88,18699,1,0,0,1,-1
2020-05-23,US,Iowa,Ringgold,2,0,0,40.73518949,-94.24368535,19159.0,2,2,0,0,2,1,4968,0,0,0,0,1
2020-05-23,US,Iowa,Sac,13,0,0,42.38624071,-95.10547892,19161.0,13,8,0,0,8,8,9719,5,0,0,5,0
2020-05-23,US,Iowa,Scott,329,9,0,41.63935978,-90.61959493,19163.0,320,329,9,0,320,323,173283,0,0,0,0,6
2020-05-23,US,Iowa,Shelby,31,0,0,41.6850066,-95.31015553,19165.0,31,28,0,0,28,27,11578,3,0,0,3,1
2020-05-23,US,Iowa,Sioux,194,0,0,43.08221074,-96.17675679999999,19167.0,194,188,0,0,188,181,34909,6,0,0,6,7
2020-05-23,US,Iowa,Story,90,1,0,42.03621213,-93.46499005,19169.0,89,88,1,0,87,86,98105,2,0,0,2,2
2020-05-23,US,Iowa,Tama,390,23,0,42.07991767,-92.53266945,19171.0,367,383,23,0,360,378,16904,7,0,0,7,5
2020-05-23,US,Iowa,Taylor,10,0,0,40.73710579,-94.69778563,19173.0,10,6,0,0,6,5,6191,4,0,0,4,1
2020-05-23,US,Iowa,Unassigned,2,0,0,0.0,0.0,90019.0,2,6,0,0,6,14,,-4,0,0,-4,-8
2020-05-23,US,Iowa,Union,5,0,0,41.0277278,-94.24234847,19175.0,5,5,0,0,5,4,12359,0,0,0,0,1
2020-05-23,US,Iowa,Van Buren,8,0,0,40.75326764,-91.95017958,19177.0,8,8,0,0,8,8,7020,0,0,0,0,0
2020-05-23,US,Iowa,Wapello,477,4,0,41.03064984,-92.40954728,19179.0,473,462,3,0,459,450,35205,15,1,0,14,12
2020-05-23,US,Iowa,Warren,100,0,0,41.33559454,-93.56007641,19181.0,100,97,0,0,97,90,51056,3,0,0,3,7
2020-05-23,US,Iowa,Washington,179,8,0,41.33577126,-91.71725711,19183.0,171,178,8,0,170,174,22141,1,0,0,1,4
2020-05-23,US,Iowa,Wayne,1,0,0,40.73969028,-93.32752197,19185.0,1,1,0,0,1,1,6401,0,0,0,0,0
2020-05-23,US,Iowa,Webster,27,1,0,42.42853483,-94.17987389,19187.0,26,25,1,0,24,20,36277,2,0,0,2,5
2020-05-23,US,Iowa,Winnebago,10,0,0,43.37751174,-93.73407298,19189.0,10,10,0,0,10,9,10518,0,0,0,0,1
2020-05-23,US,Iowa,Winneshiek,21,0,0,43.29094334,-91.84422722,19191.0,21,21,0,0,21,21,20029,0,0,0,0,0
2020-05-23,US,Iowa,Woodbury,2520,23,0,42.38979414,-96.0459439,19193.0,2497,2469,23,0,2446,2448,102539,51,0,0,51,21
2020-05-23,US,Iowa,Worth,3,0,0,43.37750768,-93.26087602,19195.0,3,3,0,0,3,3,7453,0,0,0,0,0
2020-05-23,US,Iowa,Wright,98,0,0,42.73305373,-93.73515113,19197.0,98,85,0,0,85,73,12690,13,0,0,13,12
2020-05-23,US,Kansas,Allen,1,0,0,37.88582951,-95.30030847,20001.0,1,1,0,0,1,,12444,0,0,0,0,
2020-05-23,US,Kansas,Anderson,1,0,0,38.21413251,-95.29272815,20003.0,1,1,0,0,1,1,7878,0,0,0,0,0
2020-05-23,US,Kansas,Atchison,19,0,0,39.53185661,-95.30870026,20005.0,19,18,0,0,18,18,16193,1,0,0,1,0
2020-05-23,US,Kansas,Barber,1,0,0,37.2288586,-98.68460053,20007.0,1,1,0,0,1,1,4472,0,0,0,0,0
2020-05-23,US,Kansas,Barton,36,1,0,38.47889676,-98.75636726,20009.0,35,36,1,0,35,32,26111,0,0,0,0,4
2020-05-23,US,Kansas,Bourbon,7,1,0,37.85508555,-94.84865997,20011.0,6,7,1,0,6,7,14653,0,0,0,0,0
2020-05-23,US,Kansas,Brown,6,0,0,39.82652589,-95.56421698,20013.0,6,5,0,0,5,5,9598,1,0,0,1,0
2020-05-23,US,Kansas,Butler,25,0,0,37.78134351,-96.83878537,20015.0,25,24,0,0,24,22,66765,1,0,0,1,2
2020-05-23,US,Kansas,Chase,4,0,0,38.30292938,-96.59563862,20017.0,4,3,0,0,3,3,2629,1,0,0,1,0
2020-05-23,US,Kansas,Chautauqua,4,0,0,37.14994405,-96.2454192,20019.0,4,4,0,0,4,4,3309,0,0,0,0,0
2020-05-23,US,Kansas,Cherokee,9,0,0,37.16928494,-94.8462897,20021.0,9,9,0,0,9,8,20015,0,0,0,0,1
2020-05-23,US,Kansas,Cheyenne,2,0,0,39.78580976,-101.7318201,20023.0,2,2,0,0,2,2,2660,0,0,0,0,0
2020-05-23,US,Kansas,Clark,31,1,0,37.23577007,-99.81883015,20025.0,30,31,1,0,30,21,2005,0,0,0,0,10
2020-05-23,US,Kansas,Clay,5,1,0,39.34948772,-97.16518128,20027.0,4,5,1,0,4,5,7997,0,0,0,0,0
2020-05-23,US,Kansas,Cloud,4,0,0,39.48028352,-97.64925343,20029.0,4,4,0,0,4,4,8729,0,0,0,0,0
2020-05-23,US,Kansas,Coffey,50,8,0,38.2365018,-95.73379515,20031.0,42,50,8,0,42,50,8233,0,0,0,0,0
2020-05-23,US,Kansas,Comanche,1,0,0,37.19114520000001,-99.27113247,20033.0,1,1,0,0,1,,1748,0,0,0,0,
2020-05-23,US,Kansas,Cowley,4,1,0,37.23781842,-96.83776647,20035.0,3,4,1,0,3,4,35218,0,0,0,0,0
2020-05-23,US,Kansas,Crawford,8,1,0,37.50675523,-94.85245778,20037.0,7,8,1,0,7,8,39019,0,0,0,0,0
2020-05-23,US,Kansas,Dickinson,4,0,0,38.86600962,-97.15532383,20041.0,4,4,0,0,4,2,18717,0,0,0,0,2
2020-05-23,US,Kansas,Doniphan,12,0,0,39.79067154,-95.14056866,20043.0,12,12,0,0,12,10,7682,0,0,0,0,2
2020-05-23,US,Kansas,Douglas,63,0,0,38.88503636,-95.2925121,20045.0,63,63,0,0,63,62,121436,0,0,0,0,1
2020-05-23,US,Kansas,Edwards,5,0,0,37.88735543,-99.31263309,20047.0,5,5,0,0,5,5,2849,0,0,0,0,0
2020-05-23,US,Kansas,Ellis,8,0,0,38.91458712,-99.31751551,20051.0,8,8,0,0,8,8,28710,0,0,0,0,0
2020-05-23,US,Kansas,Ellsworth,2,0,0,38.69677695,-98.20462799,20053.0,2,2,0,0,2,2,6196,0,0,0,0,0
2020-05-23,US,Kansas,Finney,1418,6,0,38.04340344,-100.73819379999999,20055.0,1412,1418,6,0,1412,1398,36611,0,0,0,0,20
2020-05-23,US,Kansas,Ford,1555,8,0,37.69200114,-99.88825298,20057.0,1547,1555,8,0,1547,1437,33888,0,0,0,0,118
2020-05-23,US,Kansas,Franklin,32,0,0,38.56443815,-95.28644341,20059.0,32,32,0,0,32,32,25631,0,0,0,0,0
2020-05-23,US,Kansas,Geary,16,0,0,38.99871131,-96.7577178,20061.0,16,16,0,0,16,16,32594,0,0,0,0,0
2020-05-23,US,Kansas,Gove,1,0,0,38.91588178,-100.4829321,20063.0,1,1,0,0,1,1,2612,0,0,0,0,0
2020-05-23,US,Kansas,Grant,18,0,0,37.56227336,-101.3079758,20067.0,18,18,0,0,18,18,7336,0,0,0,0,0
2020-05-23,US,Kansas,Gray,21,0,0,37.73836671,-100.4369088,20069.0,21,21,0,0,21,16,6033,0,0,0,0,5
2020-05-23,US,Kansas,Greenwood,3,0,0,37.8774388,-96.23250453,20073.0,3,3,0,0,3,3,6055,0,0,0,0,0
2020-05-23,US,Kansas,Hamilton,10,0,0,37.99978709,-101.7921066,20075.0,10,10,0,0,10,10,2607,0,0,0,0,0
2020-05-23,US,Kansas,Harper,1,0,0,37.19175361,-98.07578384,20077.0,1,1,0,0,1,1,5506,0,0,0,0,0
2020-05-23,US,Kansas,Harvey,11,0,0,38.04293782,-97.42747573,20079.0,11,11,0,0,11,11,34210,0,0,0,0,0
2020-05-23,US,Kansas,Haskell,17,0,0,37.562039399999996,-100.8710738,20081.0,17,17,0,0,17,15,3997,0,0,0,0,2
2020-05-23,US,Kansas,Hodgeman,1,0,0,38.08780079,-99.89829881,20083.0,1,1,0,0,1,,1818,0,0,0,0,
2020-05-23,US,Kansas,Jackson,84,0,0,39.41673394,-95.79356799,20085.0,84,84,0,0,84,36,13280,0,0,0,0,48
2020-05-23,US,Kansas,Jefferson,21,0,0,39.2347941,-95.38289232,20087.0,21,21,0,0,21,21,18975,0,0,0,0,0
2020-05-23,US,Kansas,Jewell,4,0,0,39.78470589,-98.21820662,20089.0,4,4,0,0,4,4,2841,0,0,0,0,0
2020-05-23,US,Kansas,Johnson,688,60,0,38.88548175,-94.82250877,20091.0,628,684,60,0,624,679,597555,4,0,0,4,5
2020-05-23,US,Kansas,Kearny,40,1,0,38.00017981,-101.32168100000001,20093.0,39,40,1,0,39,40,3943,0,0,0,0,0
2020-05-23,US,Kansas,Kiowa,2,0,0,37.55848695,-99.2856537,20097.0,2,2,0,0,2,2,2516,0,0,0,0,0
2020-05-23,US,Kansas,Labette,22,0,0,37.19113093,-95.29849679,20099.0,22,22,0,0,22,22,19964,0,0,0,0,0
2020-05-23,US,Kansas,Lane,1,0,0,38.48119447,-100.46607540000001,20101.0,1,1,0,0,1,1,1560,0,0,0,0,0
2020-05-23,US,Kansas,Leavenworth,1067,7,0,39.20183497,-95.03620809,20103.0,1060,1067,7,0,1060,1062,81352,0,0,0,0,5
2020-05-23,US,Kansas,Linn,7,0,0,38.21267844,-94.84254089,20107.0,7,7,0,0,7,7,9750,0,0,0,0,0
2020-05-23,US,Kansas,Lyon,328,3,0,38.45576156,-96.15275715,20111.0,325,328,3,0,325,321,33406,0,0,0,0,7
2020-05-23,US,Kansas,Marion,5,1,0,38.35855394,-97.09852509999999,20115.0,4,5,1,0,4,5,11950,0,0,0,0,0
2020-05-23,US,Kansas,McPherson,27,0,0,38.39184858,-97.64769869,20113.0,27,27,0,0,27,27,28537,0,0,0,0,0
2020-05-23,US,Kansas,Meade,24,0,0,37.23859987,-100.36483100000001,20119.0,24,24,0,0,24,22,4146,0,0,0,0,2
2020-05-23,US,Kansas,Miami,6,0,0,38.56383358,-94.83832189,20121.0,6,6,0,0,6,6,33680,0,0,0,0,0
2020-05-23,US,Kansas,Mitchell,3,0,0,39.39331582,-98.20906732,20123.0,3,3,0,0,3,3,6150,0,0,0,0,0
2020-05-23,US,Kansas,Montgomery,20,2,0,37.19236568,-95.74329258,20125.0,18,20,2,0,18,20,32120,0,0,0,0,0
2020-05-23,US,Kansas,Morris,4,0,0,38.68827511,-96.65128437,20127.0,4,3,0,0,3,3,5521,1,0,0,1,0
2020-05-23,US,Kansas,Morton,4,0,0,37.19141121,-101.79925190000002,20129.0,4,4,0,0,4,4,2667,0,0,0,0,0
2020-05-23,US,Kansas,Nemaha,9,0,0,39.78345387,-96.01392079,20131.0,9,9,0,0,9,8,10155,0,0,0,0,1
2020-05-23,US,Kansas,Neosho,2,0,0,37.55862897,-95.30670046,20133.0,2,2,0,0,2,2,15951,0,0,0,0,0
2020-05-23,US,Kansas,Ness,1,0,0,38.47974157,-99.91547333,20135.0,1,1,0,0,1,1,2840,0,0,0,0,0
2020-05-23,US,Kansas,Norton,2,0,0,39.78443827,-99.90286639,20137.0,2,2,0,0,2,2,5430,0,0,0,0,0
2020-05-23,US,Kansas,Osage,7,0,0,38.65235984,-95.72707998,20139.0,7,7,0,0,7,7,15941,0,0,0,0,0
2020-05-23,US,Kansas,Osborne,2,0,0,39.3503437,-98.76753828,20141.0,2,2,0,0,2,2,3475,0,0,0,0,0
2020-05-23,US,Kansas,Ottawa,4,0,0,39.13237408,-97.65020313,20143.0,4,4,0,0,4,4,5802,0,0,0,0,0
2020-05-23,US,Kansas,Phillips,2,0,0,39.78465501,-99.34668865,20147.0,2,2,0,0,2,2,5317,0,0,0,0,0
2020-05-23,US,Kansas,Pottawatomie,22,0,0,39.37925655,-96.34564657,20149.0,22,22,0,0,22,21,24277,0,0,0,0,1
2020-05-23,US,Kansas,Pratt,1,0,0,37.64780729,-98.73922153,20151.0,1,1,0,0,1,1,9378,0,0,0,0,0
2020-05-23,US,Kansas,Reno,43,0,0,37.95230263,-98.08607292,20155.0,43,43,0,0,43,43,62342,0,0,0,0,0
2020-05-23,US,Kansas,Republic,4,0,0,39.82799632,-97.65036709,20157.0,4,4,0,0,4,4,4664,0,0,0,0,0
2020-05-23,US,Kansas,Rice,4,0,0,38.34616184,-98.19992118,20159.0,4,4,0,0,4,4,9531,0,0,0,0,0
2020-05-23,US,Kansas,Riley,61,1,0,39.28935726,-96.73420026,20161.0,60,61,1,0,60,60,73703,0,0,0,0,1
2020-05-23,US,Kansas,Rooks,6,0,0,39.35022773,-99.32484567,20163.0,6,6,0,0,6,6,5013,0,0,0,0,0
2020-05-23,US,Kansas,Saline,24,2,0,38.78369175,-97.65185177,20169.0,22,24,2,0,22,24,54401,0,0,0,0,0
2020-05-23,US,Kansas,Scott,13,0,0,38.48222076,-100.90665390000001,20171.0,13,13,0,0,13,13,4897,0,0,0,0,0
2020-05-23,US,Kansas,Sedgwick,553,21,0,37.6842718,-97.4608198,20173.0,532,545,21,0,524,542,513607,8,0,0,8,3
2020-05-23,US,Kansas,Seward,821,1,0,37.19324632,-100.85072009999999,20175.0,820,821,1,0,820,817,21780,0,0,0,0,4
2020-05-23,US,Kansas,Shawnee,247,6,0,39.04100763,-95.75572640000001,20177.0,241,247,6,0,241,234,177499,0,0,0,0,13
2020-05-23,US,Kansas,Sheridan,2,0,0,39.35018161,-100.44182590000001,20179.0,2,2,0,0,2,2,2533,0,0,0,0,0
2020-05-23,US,Kansas,Sherman,6,0,0,39.35147699,-101.71976240000001,20181.0,6,6,0,0,6,6,5899,0,0,0,0,0
2020-05-23,US,Kansas,Smith,2,0,0,39.78516566,-98.78566062,20183.0,2,2,0,0,2,2,3603,0,0,0,0,0
2020-05-23,US,Kansas,Stafford,1,0,0,38.03100851,-98.71762001,20185.0,1,1,0,0,1,1,4178,0,0,0,0,0
2020-05-23,US,Kansas,Stanton,9,0,0,37.56304714,-101.78435340000001,20187.0,9,9,0,0,9,9,1987,0,0,0,0,0
2020-05-23,US,Kansas,Stevens,27,0,0,37.1923008,-101.3118967,20189.0,27,26,0,0,26,26,5559,1,0,0,1,0
2020-05-23,US,Kansas,Sumner,6,1,0,37.23682549,-97.47721621,20191.0,5,6,1,0,5,6,22996,0,0,0,0,0
2020-05-23,US,Kansas,Trego,1,0,0,38.91467218,-99.87284448,20195.0,1,1,0,0,1,,2793,0,0,0,0,
2020-05-23,US,Kansas,Wabaunsee,29,0,0,38.95471985,-96.20350509,20197.0,29,29,0,0,29,29,6899,0,0,0,0,0
2020-05-23,US,Kansas,Wilson,1,0,0,37.55937174,-95.74323255,20205.0,1,1,0,0,1,1,8665,0,0,0,0,0
2020-05-23,US,Kansas,Woodson,6,0,0,37.8865336,-95.74006277,20207.0,6,6,0,0,6,6,3183,0,0,0,0,0
2020-05-23,US,Kansas,Wyandotte,1255,71,0,39.11727348,-94.76378225,20209.0,1184,1236,71,0,1165,1213,165324,19,0,0,19,23
2020-05-23,US,Kentucky,Adair,96,18,0,37.10459774,-85.28129668,21001.0,78,96,18,0,78,95,19215,0,0,0,0,1
2020-05-23,US,Kentucky,Allen,47,2,0,36.75197631,-86.19457544,21003.0,45,44,2,0,42,44,21122,3,0,0,3,0
2020-05-23,US,Kentucky,Anderson,15,1,0,38.00671029,-84.99171713,21005.0,14,15,1,0,14,15,22663,0,0,0,0,0
2020-05-23,US,Kentucky,Ballard,9,0,0,37.05842757,-88.99427697,21007.0,9,9,0,0,9,9,7979,0,0,0,0,0
2020-05-23,US,Kentucky,Barren,42,1,0,36.96469836,-85.93338945,21009.0,41,40,1,0,39,38,44176,2,0,0,2,2
2020-05-23,US,Kentucky,Bath,8,1,0,38.14735938,-83.74588932,21011.0,7,8,1,0,7,8,12383,0,0,0,0,0
2020-05-23,US,Kentucky,Bell,1,0,0,36.73355174,-83.67766671,21013.0,1,1,0,0,1,1,26569,0,0,0,0,0
2020-05-23,US,Kentucky,Boone,387,11,0,38.97065142,-84.72615357,21015.0,376,379,11,0,368,368,131533,8,0,0,8,11
2020-05-23,US,Kentucky,Bourbon,9,1,0,38.2054607,-84.21827874,21017.0,8,9,1,0,8,9,20184,0,0,0,0,0
2020-05-23,US,Kentucky,Boyd,39,3,0,38.36176608,-82.68652187,21019.0,36,39,3,0,36,39,47240,0,0,0,0,0
2020-05-23,US,Kentucky,Boyle,20,0,0,37.62680923,-84.8633779,21021.0,20,20,0,0,20,20,30100,0,0,0,0,0
2020-05-23,US,Kentucky,Bracken,11,0,0,38.69158994,-84.08532444,21023.0,11,11,0,0,11,10,8239,0,0,0,0,1
2020-05-23,US,Kentucky,Breathitt,3,0,0,37.52333168,-83.31959161,21025.0,3,2,0,0,2,2,12726,1,0,0,1,0
2020-05-23,US,Kentucky,Breckinridge,16,2,0,37.77377239,-86.42885017,21027.0,14,16,2,0,14,16,20388,0,0,0,0,0
2020-05-23,US,Kentucky,Bullitt,104,4,0,37.97162523,-85.68955617,21029.0,100,101,4,0,97,101,81069,3,0,0,3,0
2020-05-23,US,Kentucky,Butler,218,6,0,37.20946153,-86.68748787,21031.0,212,219,6,0,213,218,12772,-1,0,0,-1,1
2020-05-23,US,Kentucky,Caldwell,12,0,0,37.14749129,-87.86948214,21033.0,12,12,0,0,12,12,12715,0,0,0,0,0
2020-05-23,US,Kentucky,Calloway,49,1,0,36.62093411,-88.2731593,21035.0,48,49,1,0,48,49,39135,0,0,0,0,0
2020-05-23,US,Kentucky,Campbell,146,11,0,38.94384345,-84.37875208,21037.0,135,144,11,0,133,141,93152,2,0,0,2,3
2020-05-23,US,Kentucky,Carlisle,5,1,0,36.85372876,-88.96692220000001,21039.0,4,5,1,0,4,5,4771,0,0,0,0,0
2020-05-23,US,Kentucky,Carroll,7,0,0,38.66599534,-85.12601074,21041.0,7,6,0,0,6,6,10737,1,0,0,1,0
2020-05-23,US,Kentucky,Carter,9,0,0,38.31690743,-83.05092385,21043.0,9,9,0,0,9,9,27004,0,0,0,0,0
2020-05-23,US,Kentucky,Casey,2,0,0,37.32533118,-84.92726209,21045.0,2,2,0,0,2,2,15888,0,0,0,0,0
2020-05-23,US,Kentucky,Christian,103,3,0,36.89267803,-87.49055367,21047.0,100,101,3,0,98,98,71671,2,0,0,2,3
2020-05-23,US,Kentucky,Clark,37,0,0,37.9689263,-84.14615986,21049.0,37,37,0,0,37,36,36249,0,0,0,0,1
2020-05-23,US,Kentucky,Clay,4,0,0,37.16451126,-83.712575,21051.0,4,3,0,0,3,3,20105,1,0,0,1,0
2020-05-23,US,Kentucky,Clinton,3,0,0,36.72581156,-85.13377529,21053.0,3,3,0,0,3,3,10206,0,0,0,0,0
2020-05-23,US,Kentucky,Crittenden,5,1,0,37.35839237,-88.08826090000002,21055.0,4,5,1,0,4,4,8915,0,0,0,0,1
2020-05-23,US,Kentucky,Cumberland,5,0,0,36.78926125,-85.39050034,21057.0,5,5,0,0,5,5,6659,0,0,0,0,0
2020-05-23,US,Kentucky,Daviess,305,6,0,37.73028906,-87.09019479999998,21059.0,299,300,6,0,294,299,101104,5,0,0,5,1
2020-05-23,US,Kentucky,Edmonson,54,9,0,37.21218923,-86.23955613,21061.0,45,53,9,0,44,51,12274,1,0,0,1,2
2020-05-23,US,Kentucky,Elliott,1,0,0,38.11624059,-83.09771563,21063.0,1,1,0,0,1,1,7508,0,0,0,0,0
2020-05-23,US,Kentucky,Fayette,619,13,0,38.0368225,-84.45576892,21067.0,606,603,13,0,590,596,323780,16,0,0,16,7
2020-05-23,US,Kentucky,Fleming,2,0,0,38.36758311,-83.69657514,21069.0,2,2,0,0,2,2,14432,0,0,0,0,0
2020-05-23,US,Kentucky,Floyd,16,0,0,37.56213922,-82.74750924,21071.0,16,16,0,0,16,16,35845,0,0,0,0,0
2020-05-23,US,Kentucky,Franklin,24,0,0,38.2379395,-84.87962551,21073.0,24,24,0,0,24,24,50815,0,0,0,0,0
2020-05-23,US,Kentucky,Fulton,3,0,0,36.55238827,-89.20140068,21075.0,3,3,0,0,3,3,6120,0,0,0,0,0
2020-05-23,US,Kentucky,Gallatin,8,0,0,38.75398691,-84.8558382,21077.0,8,5,0,0,5,3,8832,3,0,0,3,2
2020-05-23,US,Kentucky,Garrard,4,0,0,37.638866799999995,-84.53289319,21079.0,4,4,0,0,4,4,17560,0,0,0,0,0
2020-05-23,US,Kentucky,Grant,36,3,0,38.64962758,-84.62415957,21081.0,33,36,3,0,33,36,25121,0,0,0,0,0
2020-05-23,US,Kentucky,Graves,157,19,0,36.72292505,-88.65143315,21083.0,138,152,19,0,133,152,37317,5,0,0,5,0
2020-05-23,US,Kentucky,Grayson,121,8,0,37.46231118,-86.34248968,21085.0,113,120,8,0,112,119,26321,1,0,0,1,1
2020-05-23,US,Kentucky,Green,1,0,0,37.26484328,-85.5540745,21087.0,1,1,0,0,1,1,11049,0,0,0,0,0
2020-05-23,US,Kentucky,Greenup,13,0,0,38.54332505,-82.9215658,21089.0,13,13,0,0,13,13,35268,0,0,0,0,0
2020-05-23,US,Kentucky,Hancock,6,0,0,37.83766422,-86.78280584,21091.0,6,6,0,0,6,6,8758,0,0,0,0,0
2020-05-23,US,Kentucky,Hardin,96,2,0,37.6976111,-85.96319251,21093.0,94,90,2,0,88,88,110356,6,0,0,6,2
2020-05-23,US,Kentucky,Harlan,1,0,0,36.85699301,-83.21899516,21095.0,1,1,0,0,1,1,26409,0,0,0,0,0
2020-05-23,US,Kentucky,Harrison,18,0,0,38.44188174,-84.32869741,21097.0,18,18,0,0,18,18,18778,0,0,0,0,0
2020-05-23,US,Kentucky,Hart,20,0,0,37.29943898,-85.88461055,21099.0,20,17,0,0,17,17,18906,3,0,0,3,0
2020-05-23,US,Kentucky,Henderson,95,3,0,37.79344553,-87.57392021,21101.0,92,93,3,0,90,93,45591,2,0,0,2,0
2020-05-23,US,Kentucky,Henry,14,0,0,38.44942688,-85.11587507,21103.0,14,14,0,0,14,13,16106,0,0,0,0,1
2020-05-23,US,Kentucky,Hickman,5,0,0,36.67948079999999,-88.97875928,21105.0,5,5,0,0,5,5,4421,0,0,0,0,0
2020-05-23,US,Kentucky,Hopkins,218,28,0,37.30939025,-87.54670406,21107.0,190,218,28,0,190,216,45068,0,0,0,0,2
2020-05-23,US,Kentucky,Jackson,60,13,0,37.41866422,-83.99825483,21109.0,47,60,13,0,47,60,13442,0,0,0,0,0
2020-05-23,US,Kentucky,Jefferson,2050,141,0,38.18664655,-85.65931031,21111.0,1909,2021,141,0,1880,1994,770517,29,0,0,29,27
2020-05-23,US,Kentucky,Jessamine,51,0,0,37.87119786,-84.58252003,21113.0,51,50,0,0,50,50,53920,1,0,0,1,0
2020-05-23,US,Kentucky,Johnson,5,0,0,37.85106355,-82.8264322,21115.0,5,5,0,0,5,5,22386,0,0,0,0,0
2020-05-23,US,Kentucky,Kenton,527,32,0,38.93950319,-84.53241199,21117.0,495,520,32,0,488,503,166051,7,0,0,7,17
2020-05-23,US,Kentucky,Knott,4,0,0,37.35388197,-82.94981134,21119.0,4,4,0,0,4,4,15126,0,0,0,0,0
2020-05-23,US,Kentucky,Knox,8,0,0,36.89225732,-83.85403396,21121.0,8,8,0,0,8,8,31304,0,0,0,0,0
2020-05-23,US,Kentucky,Larue,7,0,0,37.54567114,-85.70138352,21123.0,7,6,0,0,6,6,14307,1,0,0,1,0
2020-05-23,US,Kentucky,Laurel,21,2,0,37.10975748,-84.11321779,21125.0,19,21,2,0,19,21,60669,0,0,0,0,0
2020-05-23,US,Kentucky,Lawrence,1,0,0,38.07136018,-82.72882223,21127.0,1,1,0,0,1,1,15571,0,0,0,0,0
2020-05-23,US,Kentucky,Leslie,6,0,0,37.09246661,-83.37999606,21131.0,6,6,0,0,6,6,10143,0,0,0,0,0
2020-05-23,US,Kentucky,Letcher,4,0,0,37.12306748,-82.85346474,21133.0,4,4,0,0,4,4,21899,0,0,0,0,0
2020-05-23,US,Kentucky,Lewis,7,0,0,38.53184419,-83.37735618,21135.0,7,7,0,0,7,7,13257,0,0,0,0,0
2020-05-23,US,Kentucky,Lincoln,8,1,0,37.45475628,-84.6565327,21137.0,7,8,1,0,7,8,24644,0,0,0,0,0
2020-05-23,US,Kentucky,Livingston,8,0,0,37.21137452,-88.34797529,21139.0,8,8,0,0,8,8,9242,0,0,0,0,0
2020-05-23,US,Kentucky,Logan,115,3,0,36.85949479,-86.877635,21141.0,112,113,3,0,110,108,26989,2,0,0,2,5
2020-05-23,US,Kentucky,Lyon,14,3,0,37.02080035,-88.07886257,21143.0,11,14,3,0,11,14,8009,0,0,0,0,0
2020-05-23,US,Kentucky,Madison,45,1,0,37.71659336,-84.27220275,21151.0,44,45,1,0,44,45,92368,0,0,0,0,0
2020-05-23,US,Kentucky,Magoffin,2,0,0,37.70820545,-83.0657714,21153.0,2,1,0,0,1,1,12362,1,0,0,1,0
2020-05-23,US,Kentucky,Marion,18,0,0,37.55218078,-85.26898542,21155.0,18,18,0,0,18,17,19404,0,0,0,0,1
2020-05-23,US,Kentucky,Marshall,37,2,0,36.88007070000001,-88.32803576,21157.0,35,37,2,0,35,36,31191,0,0,0,0,1
2020-05-23,US,Kentucky,Martin,3,0,0,37.79990579,-82.51247478,21159.0,3,3,0,0,3,3,11323,0,0,0,0,0
2020-05-23,US,Kentucky,Mason,8,0,0,38.59471935,-83.82151043,21161.0,8,8,0,0,8,8,17150,0,0,0,0,0
2020-05-23,US,Kentucky,McCracken,87,2,0,37.05350953,-88.70445755,21145.0,85,85,2,0,83,85,65346,2,0,0,2,0
2020-05-23,US,Kentucky,McCreary,13,0,0,36.73874143,-84.48102924,21147.0,13,13,0,0,13,13,17408,0,0,0,0,0
2020-05-23,US,Kentucky,McLean,19,1,0,37.5301951,-87.26803443,21149.0,18,19,1,0,18,19,9252,0,0,0,0,0
2020-05-23,US,Kentucky,Meade,21,2,0,37.96163597,-86.21028219,21163.0,19,21,2,0,19,20,28715,0,0,0,0,1
2020-05-23,US,Kentucky,Menifee,8,0,0,37.94090733,-83.59985712,21165.0,8,8,0,0,8,6,6451,0,0,0,0,2
2020-05-23,US,Kentucky,Mercer,12,0,0,37.81474237,-84.87488475,21167.0,12,12,0,0,12,12,21774,0,0,0,0,0
2020-05-23,US,Kentucky,Metcalfe,4,0,0,36.99459295,-85.63123699,21169.0,4,4,0,0,4,4,10030,0,0,0,0,0
2020-05-23,US,Kentucky,Monroe,14,0,0,36.71225341,-85.71596443,21171.0,14,7,0,0,7,7,10718,7,0,0,7,0
2020-05-23,US,Kentucky,Montgomery,21,0,0,38.03253032,-83.9145241,21173.0,21,17,0,0,17,17,28203,4,0,0,4,0
2020-05-23,US,Kentucky,Morgan,1,0,0,37.92465657,-83.25558245,21175.0,1,1,0,0,1,1,13345,0,0,0,0,0
2020-05-23,US,Kentucky,Muhlenberg,471,7,0,37.21425819,-87.14632053,21177.0,464,468,7,0,461,468,30774,3,0,0,3,0
2020-05-23,US,Kentucky,Nelson,35,0,0,37.80335779,-85.4657193,21179.0,35,36,0,0,36,35,45851,-1,0,0,-1,1
2020-05-23,US,Kentucky,Nicholas,1,0,0,38.33342292,-84.01889177,21181.0,1,1,0,0,1,1,7166,0,0,0,0,0
2020-05-23,US,Kentucky,Ohio,120,0,0,37.47751843,-86.85368087,21183.0,120,117,0,0,117,117,24087,3,0,0,3,0
2020-05-23,US,Kentucky,Oldham,60,3,0,38.39791089,-85.448222,21185.0,57,60,3,0,57,60,66470,0,0,0,0,0
2020-05-23,US,Kentucky,Owen,1,0,0,38.51679143,-84.82404619,21187.0,1,1,0,0,1,1,10880,0,0,0,0,0
2020-05-23,US,Kentucky,Owsley,2,0,0,37.42823949,-83.68811419,21189.0,2,2,0,0,2,2,4472,0,0,0,0,0
2020-05-23,US,Kentucky,Pendleton,7,0,0,38.69607718,-84.35599463,21191.0,7,7,0,0,7,7,14529,0,0,0,0,0
2020-05-23,US,Kentucky,Perry,19,0,0,37.25023553,-83.22922731,21193.0,19,19,0,0,19,19,26092,0,0,0,0,0
2020-05-23,US,Kentucky,Pike,28,2,0,37.47088263,-82.39487445,21195.0,26,28,2,0,26,28,58402,0,0,0,0,0
2020-05-23,US,Kentucky,Powell,1,0,0,37.83218794,-83.82553961,21197.0,1,1,0,0,1,1,12442,0,0,0,0,0
2020-05-23,US,Kentucky,Pulaski,55,2,0,37.10466131,-84.57629079,21199.0,53,53,2,0,51,51,64623,2,0,0,2,2
2020-05-23,US,Kentucky,Rockcastle,13,0,0,37.36642393,-84.31176452,21203.0,13,13,0,0,13,13,16750,0,0,0,0,0
2020-05-23,US,Kentucky,Rowan,7,0,0,38.19484205,-83.42088935,21205.0,7,7,0,0,7,7,24583,0,0,0,0,0
2020-05-23,US,Kentucky,Russell,22,4,0,36.99308373,-85.06070117,21207.0,18,22,4,0,18,22,17821,0,0,0,0,0
2020-05-23,US,Kentucky,Scott,34,0,0,38.29622293,-84.5816631,21209.0,34,34,0,0,34,34,56031,0,0,0,0,0
2020-05-23,US,Kentucky,Shelby,92,4,0,38.21476019,-85.194223,21211.0,88,89,4,0,85,84,48518,3,0,0,3,5
2020-05-23,US,Kentucky,Simpson,44,3,0,36.74058474,-86.58047435,21213.0,41,44,3,0,41,43,18529,0,0,0,0,1
2020-05-23,US,Kentucky,Spencer,16,0,0,38.03223971,-85.32749335,21215.0,16,16,0,0,16,16,18794,0,0,0,0,0
2020-05-23,US,Kentucky,Taylor,11,0,0,37.3677562,-85.3329931,21217.0,11,10,0,0,10,10,25549,1,0,0,1,0
2020-05-23,US,Kentucky,Todd,16,0,0,36.8381152,-87.17878374,21219.0,16,16,0,0,16,16,12311,0,0,0,0,0
2020-05-23,US,Kentucky,Trigg,9,0,0,36.80767017,-87.87333656,21221.0,9,9,0,0,9,9,14643,0,0,0,0,0
2020-05-23,US,Kentucky,Trimble,5,0,0,38.61056487,-85.33775972,21223.0,5,5,0,0,5,4,8515,0,0,0,0,1
2020-05-23,US,Kentucky,Unassigned,29,0,0,0.0,0.0,90021.0,29,28,0,0,28,28,,1,0,0,1,0
2020-05-23,US,Kentucky,Union,10,0,0,37.66166713,-87.94300009,21225.0,10,10,0,0,10,10,14505,0,0,0,0,0
2020-05-23,US,Kentucky,Warren,920,5,0,36.99903045,-86.42672751,21227.0,915,906,5,0,901,878,131264,14,0,0,14,28
2020-05-23,US,Kentucky,Washington,6,0,0,37.75599461,-85.17407732,21229.0,6,5,0,0,5,5,12084,1,0,0,1,0
2020-05-23,US,Kentucky,Wayne,8,0,0,36.80310688,-84.8251971,21231.0,8,8,0,0,8,8,20468,0,0,0,0,0
2020-05-23,US,Kentucky,Webster,32,0,0,37.52168356,-87.67989953,21233.0,32,32,0,0,32,32,13111,0,0,0,0,0
2020-05-23,US,Kentucky,Whitley,13,0,0,36.75700531,-84.14541217,21235.0,13,13,0,0,13,13,36242,0,0,0,0,0
2020-05-23,US,Kentucky,Wolfe,1,0,0,37.73941626,-83.49303612,21237.0,1,1,0,0,1,1,7177,0,0,0,0,0
2020-05-23,US,Kentucky,Woodford,25,0,0,38.04178222,-84.7417556,21239.0,25,25,0,0,25,19,26533,0,0,0,0,6
2020-05-23,US,Louisiana,Acadia,289,15,0,30.295064899999996,-92.41419698,22001.0,274,289,15,0,274,269,62190,0,0,0,0,20
2020-05-23,US,Louisiana,Allen,182,10,0,30.65385745,-92.82442028,22003.0,172,182,10,0,172,172,25605,0,0,0,0,10
2020-05-23,US,Louisiana,Ascension,785,52,0,30.20406249,-90.91328409999998,22005.0,733,785,52,0,733,782,124672,0,0,0,0,3
2020-05-23,US,Louisiana,Assumption,238,11,0,29.89946234,-91.06461642,22007.0,227,238,11,0,227,238,22300,0,0,0,0,0
2020-05-23,US,Louisiana,Avoyelles,101,9,0,31.07796211,-92.00079449,22009.0,92,101,9,0,92,99,40462,0,0,0,0,2
2020-05-23,US,Louisiana,Beauregard,56,4,0,30.64836518,-93.34173616,22011.0,52,56,4,0,52,54,37253,0,0,0,0,2
2020-05-23,US,Louisiana,Bienville,136,21,0,32.34569994,-93.05398492,22013.0,115,136,21,0,115,114,13308,0,0,0,0,22
2020-05-23,US,Louisiana,Bossier,380,24,0,32.67932307,-93.60460152,22015.0,356,380,24,0,356,374,127185,0,0,0,0,6
2020-05-23,US,Louisiana,Caddo,2293,156,0,32.57991587,-93.88375652,22017.0,2137,2293,156,0,2137,2272,242922,0,0,0,0,21
2020-05-23,US,Louisiana,Calcasieu,567,42,0,30.22931235,-93.35400434,22019.0,525,567,42,0,525,548,203112,0,0,0,0,19
2020-05-23,US,Louisiana,Caldwell,51,0,0,32.0902519,-92.11752148,22021.0,51,51,0,0,51,51,9960,0,0,0,0,0
2020-05-23,US,Louisiana,Cameron,3,0,0,29.87592238,-93.19310676,22023.0,3,3,0,0,3,3,6968,0,0,0,0,0
2020-05-23,US,Louisiana,Catahoula,112,3,0,31.66778967,-91.84526385,22025.0,109,112,3,0,109,112,9608,0,0,0,0,0
2020-05-23,US,Louisiana,Claiborne,58,10,0,32.82308512,-92.99526883,22027.0,48,58,10,0,48,58,15944,0,0,0,0,0
2020-05-23,US,Louisiana,Concordia,69,5,0,31.44817835,-91.63814433,22029.0,64,69,5,0,64,68,19572,0,0,0,0,1
2020-05-23,US,Louisiana,De Soto,236,16,0,32.05457447,-93.74130302,22031.0,220,236,16,0,220,235,27436,0,0,0,0,1
2020-05-23,US,Louisiana,East Baton Rouge,3370,225,0,30.53842039,-91.09777565,22033.0,3145,3370,225,0,3145,3319,440956,0,0,0,0,51
2020-05-23,US,Louisiana,East Carroll,62,0,0,32.73926954,-91.23425694,22035.0,62,62,0,0,62,51,7037,0,0,0,0,11
2020-05-23,US,Louisiana,East Feliciana,184,27,0,30.84425359,-91.04976723,22037.0,157,184,27,0,157,183,19305,0,0,0,0,1
2020-05-23,US,Louisiana,Evangeline,87,1,0,30.72985248,-92.39915924,22039.0,86,87,1,0,86,83,33443,0,0,0,0,4
2020-05-23,US,Louisiana,Franklin,287,9,0,32.13675181,-91.67589857,22041.0,278,287,9,0,278,287,20156,0,0,0,0,0
2020-05-23,US,Louisiana,Grant,26,1,0,31.59882456,-92.56124347,22043.0,25,26,1,0,25,26,22482,0,0,0,0,0
2020-05-23,US,Louisiana,Iberia,388,35,0,29.86803617,-91.75871777,22045.0,353,388,35,0,353,384,70941,0,0,0,0,4
2020-05-23,US,Louisiana,Iberville,541,39,0,30.25734305,-91.3499598,22047.0,502,541,39,0,502,540,32721,0,0,0,0,1
2020-05-23,US,Louisiana,Jackson,82,10,0,32.30251776,-92.55692092,22049.0,72,82,10,0,72,80,15902,0,0,0,0,2
2020-05-23,US,Louisiana,Jefferson,7232,432,0,29.74075478,-90.11115756,22051.0,6800,7232,432,0,6800,7175,434051,0,0,0,0,57
2020-05-23,US,Louisiana,Jefferson Davis,73,6,0,30.26896765,-92.81210004,22053.0,67,73,6,0,67,72,31582,0,0,0,0,1
2020-05-23,US,Louisiana,LaSalle,45,1,0,31.67884782,-92.15907765,22059.0,44,45,1,0,44,45,14917,0,0,0,0,0
2020-05-23,US,Louisiana,Lafayette,637,23,0,30.2049055,-92.06959876,22055.0,614,637,23,0,614,631,242782,0,0,0,0,6
2020-05-23,US,Louisiana,Lafourche,766,64,0,29.52470226,-90.40976986,22057.0,702,766,64,0,702,763,98115,0,0,0,0,3
2020-05-23,US,Louisiana,Lincoln,133,14,0,32.6003154,-92.66597409999999,22061.0,119,133,14,0,119,130,47196,0,0,0,0,3
2020-05-23,US,Louisiana,Livingston,366,26,0,30.44143993,-90.73061664,22063.0,340,366,26,0,340,363,139567,0,0,0,0,3
2020-05-23,US,Louisiana,Madison,54,0,0,32.36918118,-91.23973355,22065.0,54,54,0,0,54,43,11161,0,0,0,0,11
2020-05-23,US,Louisiana,Morehouse,110,5,0,32.81686191,-91.80421614,22067.0,105,110,5,0,105,108,25398,0,0,0,0,2
2020-05-23,US,Louisiana,Natchitoches,145,13,0,31.72321584,-93.09816516,22069.0,132,145,13,0,132,141,38659,0,0,0,0,4
2020-05-23,US,Louisiana,Orleans,6944,500,0,30.06971951,-89.92660315,22071.0,6444,6944,500,0,6444,6904,391006,0,0,0,0,40
2020-05-23,US,Louisiana,Ouachita,1041,34,0,32.47645559,-92.15704172,22073.0,1007,1041,34,0,1007,1032,154475,0,0,0,0,9
2020-05-23,US,Louisiana,Plaquemines,198,16,0,29.42245447,-89.60322085,22075.0,182,198,16,0,182,197,23410,0,0,0,0,1
2020-05-23,US,Louisiana,Pointe Coupee,182,22,0,30.71409502,-91.60209535,22077.0,160,182,22,0,160,181,21940,0,0,0,0,1
2020-05-23,US,Louisiana,Rapides,600,16,0,31.19778499,-92.52997303,22079.0,584,600,16,0,584,591,130562,0,0,0,0,9
2020-05-23,US,Louisiana,Red River,46,6,0,32.09530039,-93.34213308,22081.0,40,46,6,0,40,44,8477,0,0,0,0,2
2020-05-23,US,Louisiana,Richland,114,2,0,32.41391005,-91.76634876,22083.0,112,114,2,0,112,113,20192,0,0,0,0,1
2020-05-23,US,Louisiana,Sabine,39,0,0,31.56388699,-93.55433981,22085.0,39,39,0,0,39,39,24032,0,0,0,0,0
2020-05-23,US,Louisiana,St. Bernard,521,21,0,29.87761636,-89.51887093,22087.0,500,521,21,0,500,521,46721,0,0,0,0,0
2020-05-23,US,Louisiana,St. Charles,622,43,0,29.90709658,-90.35555967,22089.0,579,622,43,0,579,618,52879,0,0,0,0,4
2020-05-23,US,Louisiana,St. Helena,44,1,0,30.82210324,-90.71013176,22091.0,43,44,1,0,43,43,10262,0,0,0,0,1
2020-05-23,US,Louisiana,St. James,289,24,0,30.02531716,-90.80212061,22093.0,265,289,24,0,265,289,21037,0,0,0,0,0
2020-05-23,US,Louisiana,St. John the Baptist,838,77,0,30.12597499,-90.4753503,22095.0,761,838,77,0,761,838,43184,0,0,0,0,0
2020-05-23,US,Louisiana,St. Landry,247,52,0,30.59724262,-92.00135806,22097.0,195,247,52,0,195,244,82764,0,0,0,0,3
2020-05-23,US,Louisiana,St. Martin,288,22,0,30.13112107,-91.61403569,22099.0,266,288,22,0,266,287,53621,0,0,0,0,1
2020-05-23,US,Louisiana,St. Mary,294,29,0,29.69262097,-91.44702164,22101.0,265,294,29,0,265,288,49774,0,0,0,0,6
2020-05-23,US,Louisiana,St. Tammany,1609,154,0,30.40942847,-89.95642711,22103.0,1455,1609,154,0,1455,1599,258111,0,0,0,0,10
2020-05-23,US,Louisiana,Tangipahoa,767,31,0,30.62888673,-90.40664996,22105.0,736,767,31,0,736,767,133777,0,0,0,0,0
2020-05-23,US,Louisiana,Tensas,10,0,0,32.00760749,-91.32915234,22107.0,10,10,0,0,10,10,4462,0,0,0,0,0
2020-05-23,US,Louisiana,Terrebonne,623,45,0,29.37343766,-90.82626855,22109.0,578,623,45,0,578,614,111021,0,0,0,0,9
2020-05-23,US,Louisiana,Unassigned,103,162,0,0.0,0.0,90022.0,-59,103,162,0,-59,78,,0,0,0,0,25
2020-05-23,US,Louisiana,Union,287,16,0,32.83121059,-92.3749373,22111.0,271,287,16,0,271,287,22330,0,0,0,0,0
2020-05-23,US,Louisiana,Vermilion,50,3,0,29.83517605,-92.30292538,22113.0,47,50,3,0,47,50,59830,0,0,0,0,0
2020-05-23,US,Louisiana,Vernon,23,2,0,31.10884837,-93.18153838,22115.0,21,23,2,0,21,22,48860,0,0,0,0,1
2020-05-23,US,Louisiana,Washington,383,36,0,30.85288548,-90.03866652,22117.0,347,383,36,0,347,383,46582,0,0,0,0,0
2020-05-23,US,Louisiana,Webster,126,5,0,32.70847669,-93.33121835,22119.0,121,126,5,0,121,126,38798,0,0,0,0,0
2020-05-23,US,Louisiana,West Baton Rouge,154,30,0,30.46058217,-91.30989571,22121.0,124,154,30,0,124,152,26427,0,0,0,0,2
2020-05-23,US,Louisiana,West Carroll,33,0,0,32.78550125,-91.461201,22123.0,33,33,0,0,33,21,10982,0,0,0,0,12
2020-05-23,US,Louisiana,West Feliciana,194,8,0,30.87882871,-91.41485379999999,22125.0,186,194,8,0,186,193,15460,0,0,0,0,1
2020-05-23,US,Louisiana,Winn,112,2,0,31.94449367,-92.63789413,22127.0,110,112,2,0,110,100,14134,0,0,0,0,12
2020-05-23,US,Maine,Androscoggin,227,2,0,44.1664747,-70.20380627,23001.0,225,209,2,0,207,202,107679,18,0,0,18,7
2020-05-23,US,Maine,Aroostook,8,1,0,46.65926321,-68.59841248,23003.0,7,8,1,0,7,8,67111,0,0,0,0,0
2020-05-23,US,Maine,Cumberland,1009,40,0,43.8370751,-70.37226999,23005.0,969,968,38,0,930,919,293557,41,2,0,39,49
2020-05-23,US,Maine,Franklin,36,1,0,44.97330019,-70.44381045,23007.0,35,36,1,0,35,35,29897,0,0,0,0,1
2020-05-23,US,Maine,Hancock,11,1,0,44.59816444,-68.38401854,23009.0,10,11,1,0,10,11,54811,0,0,0,0,0
2020-05-23,US,Maine,Kennebec,126,9,0,44.40759555,-69.76738544,23011.0,117,124,9,0,115,123,122083,2,0,0,2,1
2020-05-23,US,Maine,Knox,20,0,0,44.11486325,-69.10529169,23013.0,20,20,0,0,20,20,39771,0,0,0,0,0
2020-05-23,US,Maine,Lincoln,19,0,0,44.05996956,-69.54227124,23015.0,19,18,0,0,18,18,34342,1,0,0,1,0
2020-05-23,US,Maine,Oxford,19,0,0,44.49952995,-70.75682123,23017.0,19,19,0,0,19,18,57618,0,0,0,0,1
2020-05-23,US,Maine,Penobscot,98,1,0,45.40194593,-68.65020455,23019.0,97,98,1,0,97,98,151096,0,0,0,0,0
2020-05-23,US,Maine,Piscataquis,1,0,0,45.83839062,-69.2860223,23021.0,1,1,0,0,1,1,16800,0,0,0,0,0
2020-05-23,US,Maine,Sagadahoc,28,0,0,43.95415864,-69.85074999,23023.0,28,28,0,0,28,28,35634,0,0,0,0,0
2020-05-23,US,Maine,Somerset,21,0,0,45.51229767,-69.95995554,23025.0,21,21,0,0,21,20,50592,0,0,0,0,1
2020-05-23,US,Maine,Waldo,51,14,0,44.4858305,-69.12061935,23027.0,37,51,14,0,37,51,39694,0,0,0,0,0
2020-05-23,US,Maine,Washington,2,0,0,45.01607142,-67.62813524,23029.0,2,2,0,0,2,2,31490,0,0,0,0,0
2020-05-23,US,Maine,York,337,8,0,43.47808377,-70.71052375,23031.0,329,331,8,0,323,320,206229,6,0,0,6,11
2020-05-23,US,Maryland,Allegany,168,14,0,39.62357628,-78.69280486,24001.0,154,168,14,0,154,166,70975,0,0,0,0,2
2020-05-23,US,Maryland,Anne Arundel,3282,150,0,39.00670238,-76.60329337,24003.0,3132,3207,149,0,3058,3132,576031,75,1,0,74,75
2020-05-23,US,Maryland,Baltimore,5290,299,0,39.45784712,-76.62911955,24005.0,4991,5170,292,0,4878,5135,828431,120,7,0,113,35
2020-05-23,US,Maryland,Baltimore City,4673,229,0,39.30211911,-76.61151012,24510.0,4444,4492,220,0,4272,4339,621342,181,9,0,172,153
2020-05-23,US,Maryland,Calvert,298,15,0,38.53961642,-76.56820632,24009.0,283,291,15,0,276,278,92003,7,0,0,7,13
2020-05-23,US,Maryland,Caroline,231,0,0,38.87172293,-75.82904158,24011.0,231,223,0,0,223,216,33304,8,0,0,8,7
2020-05-23,US,Maryland,Carroll,765,76,0,39.56453592,-77.02373735,24013.0,689,755,73,0,682,733,168429,10,3,0,7,22
2020-05-23,US,Maryland,Cecil,342,20,0,39.56647682,-75.94627411,24015.0,322,339,20,0,319,331,102826,3,0,0,3,8
2020-05-23,US,Maryland,Charles,969,69,0,38.51092331,-76.98580666,24017.0,900,956,67,0,889,943,161503,13,2,0,11,13
2020-05-23,US,Maryland,Dorchester,126,2,0,38.45413522,-76.02752426,24019.0,124,126,2,0,124,124,31998,0,0,0,0,2
2020-05-23,US,Maryland,Frederick,1661,96,0,39.47296601,-77.39999394,24021.0,1565,1625,95,0,1530,1568,255648,36,1,0,35,57
2020-05-23,US,Maryland,Garrett,7,0,0,39.52786077,-79.27355126,24023.0,7,7,0,0,7,7,29163,0,0,0,0,0
2020-05-23,US,Maryland,Harford,764,46,0,39.55010644,-76.30775940000002,24025.0,718,746,46,0,700,737,253956,18,0,0,18,9
2020-05-23,US,Maryland,Howard,1638,52,0,39.25305293,-76.93126208,24027.0,1586,1586,50,0,1536,1548,323196,52,2,0,50,38
2020-05-23,US,Maryland,Kent,148,15,0,39.24976208,-76.04741541,24029.0,133,146,15,0,131,143,19383,2,0,0,2,3
2020-05-23,US,Maryland,Montgomery,9699,550,0,39.13676329,-77.20358245,24031.0,9149,9432,540,0,8892,9260,1052567,267,10,0,257,172
2020-05-23,US,Maryland,Prince George's,13324,484,0,38.83070039,-76.8496441,24033.0,12840,13077,477,0,12600,12830,909308,247,7,0,240,247
2020-05-23,US,Maryland,Queen Anne's,146,12,0,39.06198912,-76.03530977,24035.0,134,141,12,0,129,141,50251,5,0,0,5,0
2020-05-23,US,Maryland,Somerset,71,1,0,38.1163542,-75.75118623,24039.0,70,71,1,0,70,71,25675,0,0,0,0,0
2020-05-23,US,Maryland,St. Mary's,379,14,0,38.30058422,-76.60629279999998,24037.0,365,370,13,0,357,357,112664,9,1,0,8,13
2020-05-23,US,Maryland,Talbot,77,1,0,38.76618159,-76.10882561,24041.0,76,73,1,0,72,70,36968,4,0,0,4,3
2020-05-23,US,Maryland,Unassigned,0,58,0,0.0,0.0,90024.0,-58,0,65,0,-65,0,,0,-7,0,7,0
2020-05-23,US,Maryland,Washington,398,10,0,39.60835778,-77.82002295,24043.0,388,389,10,0,379,377,150926,9,0,0,9,12
2020-05-23,US,Maryland,Wicomico,859,22,0,38.37301947,-75.62705831,24045.0,837,854,22,0,832,844,103195,5,0,0,5,10
2020-05-23,US,Maryland,Worcester,180,8,0,38.21274277,-75.33200012,24047.0,172,180,8,0,172,181,51823,0,0,0,0,-1
2020-05-23,US,Massachusetts,Barnstable,1264,107,0,41.72980578,-70.28854339,25001.0,1157,1257,103,0,1154,1202,213413,7,4,0,3,55
2020-05-23,US,Massachusetts,Berkshire,515,38,0,42.37428441,-73.20524838,25003.0,477,510,38,0,472,509,126348,5,0,0,5,1
2020-05-23,US,Massachusetts,Bristol,6426,362,0,41.79228404,-71.10872211,25005.0,6064,6362,353,0,6009,6286,564022,64,9,0,55,76
2020-05-23,US,Massachusetts,Dukes and Nantucket,39,1,0,41.40674725,-70.68763497,0.0,38,39,1,0,38,39,26707,0,0,0,0,0
2020-05-23,US,Massachusetts,Essex,13334,848,0,42.6687626,-70.94687179,25009.0,12486,13221,842,0,12379,13063,790638,113,6,0,107,158
2020-05-23,US,Massachusetts,Franklin,312,46,0,42.58119713,-72.58602547,25011.0,266,310,46,0,264,310,70963,2,0,0,2,0
2020-05-23,US,Massachusetts,Hampden,5621,541,0,42.13440424,-72.63235561,25013.0,5080,5568,537,0,5031,5492,470406,53,4,0,49,76
2020-05-23,US,Massachusetts,Hampshire,819,77,0,42.33997957,-72.65898478,25015.0,742,812,76,0,736,806,161355,7,1,0,6,6
2020-05-23,US,Massachusetts,Middlesex,20232,1512,0,42.48607732,-71.39049229,25017.0,18720,20085,1496,0,18589,19930,1614714,147,16,0,131,155
2020-05-23,US,Massachusetts,Norfolk,7759,774,0,42.16073095,-71.20530408,25021.0,6985,7724,771,0,6953,7691,705388,35,3,0,32,33
2020-05-23,US,Massachusetts,Plymouth,7480,501,0,41.94070556,-70.80802823,25023.0,6979,7424,492,0,6932,7366,518132,56,9,0,47,58
2020-05-23,US,Massachusetts,Suffolk,17291,827,0,42.327951399999996,-71.07850442,25025.0,16464,17180,818,0,16362,17089,807252,111,9,0,102,91
2020-05-23,US,Massachusetts,Unassigned,319,3,0,0.0,0.0,90025.0,316,296,3,0,293,304,,23,0,0,23,-8
2020-05-23,US,Massachusetts,Worcester,10251,667,0,42.35026951,-71.90493363,25027.0,9584,10101,652,0,9449,9997,830839,150,15,0,135,104
2020-05-23,US,Michigan,Alcona,10,1,0,44.6846864,-83.59507875,26001.0,9,9,1,0,8,9,10362,1,0,0,1,0
2020-05-23,US,Michigan,Allegan,202,7,0,42.59147037,-85.89102866,26005.0,195,197,6,0,191,195,117327,5,1,0,4,2
2020-05-23,US,Michigan,Alpena,94,9,0,45.03477666,-83.62212411,26007.0,85,93,9,0,84,92,28360,1,0,0,1,1
2020-05-23,US,Michigan,Antrim,11,0,0,44.99690221,-85.15503082,26009.0,11,11,0,0,11,11,23365,0,0,0,0,0
2020-05-23,US,Michigan,Arenac,32,1,0,44.0636262,-83.89277559,26011.0,31,32,1,0,31,32,15041,0,0,0,0,0
2020-05-23,US,Michigan,Baraga,1,0,0,46.6720582,-88.36363591,26013.0,1,1,0,0,1,1,8320,0,0,0,0,0
2020-05-23,US,Michigan,Barry,59,2,0,42.59513984,-85.30834519,26015.0,57,57,2,0,55,57,61157,2,0,0,2,0
2020-05-23,US,Michigan,Bay,276,19,0,43.70639106,-83.98731479,26017.0,257,269,16,0,253,260,103923,7,3,0,4,9
2020-05-23,US,Michigan,Benzie,4,0,0,44.63899297,-86.01608482,26019.0,4,4,0,0,4,4,17753,0,0,0,0,0
2020-05-23,US,Michigan,Berrien,584,42,0,41.95447397,-86.41313079999998,26021.0,542,571,43,0,528,564,154141,13,-1,0,14,7
2020-05-23,US,Michigan,Branch,100,2,0,41.91600556,-85.05929476,26023.0,98,99,2,0,97,98,43622,1,0,0,1,1
2020-05-23,US,Michigan,Calhoun,339,21,0,42.24633834,-85.00493569,26025.0,318,334,20,0,314,327,134487,5,1,0,4,7
2020-05-23,US,Michigan,Cass,76,2,0,41.91522292,-85.99405727,26027.0,74,73,2,0,71,68,51653,3,0,0,3,5
2020-05-23,US,Michigan,Charlevoix,14,1,0,45.37790017,-85.19614053,26029.0,13,14,1,0,13,14,26244,0,0,0,0,0
2020-05-23,US,Michigan,Cheboygan,21,1,0,45.44787015,-84.50122149,26031.0,20,21,1,0,20,21,25413,0,0,0,0,0
2020-05-23,US,Michigan,Chippewa,2,0,0,46.29552653,-84.54353449,26033.0,2,2,0,0,2,2,37517,0,0,0,0,0
2020-05-23,US,Michigan,Clare,17,2,0,43.98794227,-84.84819859999998,26035.0,15,17,2,0,15,16,30757,0,0,0,0,1
2020-05-23,US,Michigan,Clinton,137,10,0,42.94400871,-84.60145248,26037.0,127,136,10,0,126,137,79332,1,0,0,1,-1
2020-05-23,US,Michigan,Crawford,58,5,0,44.68255561,-84.61006219,26039.0,53,58,5,0,53,58,13901,0,0,0,0,0
2020-05-23,US,Michigan,Delta,17,2,0,45.90484910000001,-86.9080745,26041.0,15,17,2,0,15,17,35857,0,0,0,0,0
2020-05-23,US,Michigan,Dickinson,5,2,0,46.00999672,-87.86961634,26043.0,3,5,2,0,3,5,25383,0,0,0,0,0
2020-05-23,US,Michigan,Eaton,175,6,0,42.59599185,-84.83740035,26045.0,169,173,6,0,167,170,109826,2,0,0,2,3
2020-05-23,US,Michigan,Emmet,21,2,0,45.52625509,-84.89083249,26047.0,19,21,2,0,19,21,33308,0,0,0,0,0
2020-05-23,US,Michigan,Federal Correctional Institution (FCI),129,4,0,0.0,0.0,0.0,125,125,4,0,121,125,,4,0,0,4,0
2020-05-23,US,Michigan,Genesee,1936,240,0,43.02244215,-83.70589709,26049.0,1696,1929,240,0,1689,1926,406892,7,0,0,7,3
2020-05-23,US,Michigan,Gladwin,17,1,0,43.98901072,-84.38774817,26051.0,16,17,1,0,16,17,25337,0,0,0,0,0
2020-05-23,US,Michigan,Gogebic,5,1,0,46.40862701,-89.69377193,26053.0,4,5,1,0,4,5,15096,0,0,0,0,0
2020-05-23,US,Michigan,Grand Traverse,23,5,0,44.69565625,-85.55585247,26055.0,18,23,5,0,18,23,92573,0,0,0,0,0
2020-05-23,US,Michigan,Gratiot,67,5,0,43.29265605,-84.60505416,26057.0,62,63,5,0,58,57,40599,4,0,0,4,6
2020-05-23,US,Michigan,Hillsdale,168,24,0,41.88753639,-84.59312019,26059.0,144,168,24,0,144,168,45749,0,0,0,0,0
2020-05-23,US,Michigan,Houghton,2,0,0,46.89988536,-88.68495385,26061.0,2,2,0,0,2,2,36219,0,0,0,0,0
2020-05-23,US,Michigan,Huron,42,1,0,43.83353985,-83.04078453,26063.0,41,42,1,0,41,42,31166,0,0,0,0,0
2020-05-23,US,Michigan,Ingham,695,25,0,42.59716886,-84.37472069,26065.0,670,682,24,0,658,674,292735,13,1,0,12,8
2020-05-23,US,Michigan,Ionia,141,3,0,42.94502238,-85.07413319,26067.0,138,135,3,0,132,129,64210,6,0,0,6,6
2020-05-23,US,Michigan,Iosco,77,9,0,44.35486835,-83.63484895,26069.0,68,76,9,0,67,73,25081,1,0,0,1,3
2020-05-23,US,Michigan,Isabella,70,7,0,43.64060976,-84.84664923,26073.0,63,67,7,0,60,65,70562,3,0,0,3,2
2020-05-23,US,Michigan,Jackson,432,26,0,42.24807035,-84.42258681,26075.0,406,430,26,0,404,425,158823,2,0,0,2,5
2020-05-23,US,Michigan,Kalamazoo,793,47,0,42.24542231,-85.53038622,26077.0,746,778,47,0,731,762,264870,15,0,0,15,16
2020-05-23,US,Michigan,Kalkaska,19,2,0,44.68512729,-85.09085699,26079.0,17,18,2,0,16,18,17824,1,0,0,1,0
2020-05-23,US,Michigan,Kent,3308,67,0,43.03197711,-85.54934642,26081.0,3241,3231,65,0,3166,3145,653786,77,2,0,75,86
2020-05-23,US,Michigan,Lake,5,0,0,43.99050893,-85.802173,26085.0,5,5,0,0,5,3,11881,0,0,0,0,2
2020-05-23,US,Michigan,Lapeer,187,30,0,43.09052506,-83.22153148,26087.0,157,183,30,0,153,182,88028,4,0,0,4,1
2020-05-23,US,Michigan,Leelanau,11,0,0,44.94430054,-85.80150326,26089.0,11,11,0,0,11,11,21764,0,0,0,0,0
2020-05-23,US,Michigan,Lenawee,145,3,0,41.89475156,-84.06603727,26091.0,142,144,3,0,141,142,98266,1,0,0,1,2
2020-05-23,US,Michigan,Livingston,390,26,0,42.60302282,-83.91297209,26093.0,364,390,26,0,364,389,191224,0,0,0,0,1
2020-05-23,US,Michigan,Luce,3,0,0,46.47227431,-85.54471223,26095.0,3,3,0,0,3,2,6283,0,0,0,0,1
2020-05-23,US,Michigan,Mackinac,6,0,0,46.07028979,-85.04980537,26097.0,6,6,0,0,6,6,10787,0,0,0,0,0
2020-05-23,US,Michigan,Macomb,6482,778,0,42.69158356,-82.92752801,26099.0,5704,6445,776,0,5669,6420,874759,37,2,0,35,25
2020-05-23,US,Michigan,Manistee,11,0,0,44.33352407,-86.05626916,26101.0,11,11,0,0,11,11,24528,0,0,0,0,0
2020-05-23,US,Michigan,Marquette,53,10,0,46.4338914,-87.64043701,26103.0,43,52,10,0,42,52,66516,1,0,0,1,0
2020-05-23,US,Michigan,Mason,31,0,0,43.99509218,-86.24988902,26105.0,31,31,0,0,31,29,29100,0,0,0,0,2
2020-05-23,US,Michigan,Mecosta,19,2,0,43.64064262,-85.32463223,26107.0,17,19,2,0,17,19,43545,0,0,0,0,0
2020-05-23,US,Michigan,Menominee,8,0,0,45.58038692,-87.55370409,26109.0,8,8,0,0,8,8,22983,0,0,0,0,0
2020-05-23,US,Michigan,Michigan Department of Corrections (MDOC),3289,62,0,0.0,0.0,0.0,3227,3275,60,0,3215,3257,,14,2,0,12,18
2020-05-23,US,Michigan,Midland,79,8,0,43.64330771,-84.38804374,26111.0,71,79,8,0,71,76,83209,0,0,0,0,3
2020-05-23,US,Michigan,Missaukee,16,1,0,44.33772443,-85.09256478,26113.0,15,16,1,0,15,16,15113,0,0,0,0,0
2020-05-23,US,Michigan,Monroe,461,19,0,41.92734151,-83.53749864,26115.0,442,455,19,0,436,442,150439,6,0,0,6,13
2020-05-23,US,Michigan,Montcalm,66,1,0,43.31082541,-85.15252824,26117.0,65,63,1,0,62,62,63968,3,0,0,3,1
2020-05-23,US,Michigan,Montmorency,5,0,0,45.0275929,-84.12696227,26119.0,5,5,0,0,5,5,9265,0,0,0,0,0
2020-05-23,US,Michigan,Muskegon,583,28,0,43.29123859,-86.15176712,26121.0,555,561,26,0,535,552,173588,22,2,0,20,9
2020-05-23,US,Michigan,Newaygo,79,0,0,43.554373999999996,-85.80070107,26123.0,79,75,0,0,75,71,48892,4,0,0,4,4
2020-05-23,US,Michigan,Oakland,8192,954,0,42.66090111,-83.38595416,26125.0,7238,8131,944,0,7187,8125,1259201,61,10,0,51,6
2020-05-23,US,Michigan,Oceana,74,2,0,43.64124435,-86.26726673,26127.0,72,73,2,0,71,69,26625,1,0,0,1,4
2020-05-23,US,Michigan,Ogemaw,20,0,0,44.33481032,-84.12725175,26129.0,20,20,0,0,20,20,20952,0,0,0,0,0
2020-05-23,US,Michigan,Osceola,10,0,0,43.98992088,-85.32566756,26133.0,10,10,0,0,10,10,23341,0,0,0,0,0
2020-05-23,US,Michigan,Oscoda,5,1,0,44.68192279,-84.12939244,26135.0,4,5,1,0,4,5,8276,0,0,0,0,0
2020-05-23,US,Michigan,Otsego,100,10,0,45.02085831,-84.59898295,26137.0,90,100,10,0,90,99,24665,0,0,0,0,1
2020-05-23,US,Michigan,Ottawa,673,26,0,42.95996803,-85.9969107,26139.0,647,657,26,0,631,632,290494,16,0,0,16,25
2020-05-23,US,Michigan,Out of MI,61,0,0,0.0,0.0,80026.0,61,48,0,0,48,42,,13,0,0,13,6
2020-05-23,US,Michigan,Presque Isle,11,0,0,45.34018577,-83.91498656,26141.0,11,11,0,0,11,11,12738,0,0,0,0,0
2020-05-23,US,Michigan,Roscommon,21,0,0,44.33473082,-84.61067651,26143.0,21,21,0,0,21,21,23884,0,0,0,0,0
2020-05-23,US,Michigan,Saginaw,982,105,0,43.33433923,-84.05131209999998,26145.0,877,973,104,0,869,968,190800,9,1,0,8,5
2020-05-23,US,Michigan,Sanilac,39,5,0,43.42406072,-82.82055898,26151.0,34,39,5,0,34,39,41182,0,0,0,0,0
2020-05-23,US,Michigan,Schoolcraft,4,0,0,46.19235734,-86.19972234,26153.0,4,4,0,0,4,4,8068,0,0,0,0,0
2020-05-23,US,Michigan,Shiawassee,238,24,0,42.95392800000001,-84.14585902,26155.0,214,247,22,0,225,249,68192,-9,2,0,-11,-2
2020-05-23,US,Michigan,St. Clair,429,34,0,42.92655373,-82.67937954,26147.0,395,426,33,0,393,422,159337,3,1,0,2,4
2020-05-23,US,Michigan,St. Joseph,100,2,0,41.91441767,-85.52797979,26149.0,98,96,2,0,94,92,61043,4,0,0,4,4
2020-05-23,US,Michigan,Tuscola,183,23,0,43.46606813,-83.41897025,26157.0,160,177,23,0,154,178,52516,6,0,0,6,-1
2020-05-23,US,Michigan,Unassigned,4,0,0,0.0,0.0,90026.0,4,25,0,0,25,3,,-21,0,0,-21,22
2020-05-23,US,Michigan,Van Buren,121,6,0,42.25190229,-86.01939087,26159.0,115,120,6,0,114,117,75448,1,0,0,1,3
2020-05-23,US,Michigan,Washtenaw,1282,96,0,42.253105,-83.83853204,26161.0,1186,1275,96,0,1179,1265,370963,7,0,0,7,10
2020-05-23,US,Michigan,Wayne,19697,2361,0,42.28098405,-83.281255,26163.0,17336,19602,2323,0,17279,19538,1753893,95,38,0,57,64
2020-05-23,US,Michigan,Wexford,11,2,0,44.33853602,-85.57712739,26165.0,9,11,2,0,9,11,33466,0,0,0,0,0
2020-05-23,US,Minnesota,Aitkin,6,0,0,46.60962049,-93.41168259999999,27001.0,6,4,0,0,4,4,15902,2,0,0,2,0
2020-05-23,US,Minnesota,Anoka,1092,55,0,45.27476015,-93.24604565,27003.0,1037,1044,53,0,991,995,353813,48,2,0,46,49
2020-05-23,US,Minnesota,Becker,32,0,0,46.93479392,-95.67158144,27005.0,32,33,0,0,33,33,34371,-1,0,0,-1,0
2020-05-23,US,Minnesota,Beltrami,12,0,0,47.97373527,-94.93732139,27007.0,12,10,0,0,10,9,46847,2,0,0,2,1
2020-05-23,US,Minnesota,Benton,161,2,0,45.69804958,-93.99514135,27009.0,159,158,2,0,156,152,40545,3,0,0,3,6
2020-05-23,US,Minnesota,Big Stone,3,0,0,45.42712824,-96.41403739,27011.0,3,3,0,0,3,3,4989,0,0,0,0,0
2020-05-23,US,Minnesota,Blue Earth,110,1,0,44.03554215,-94.06699781,27013.0,109,108,1,0,107,104,67427,2,0,0,2,4
2020-05-23,US,Minnesota,Brown,11,2,0,44.24205652,-94.72562874,27015.0,9,11,2,0,9,10,25111,0,0,0,0,1
2020-05-23,US,Minnesota,Carlton,71,0,0,46.59180601,-92.67601019,27017.0,71,71,0,0,71,71,35837,0,0,0,0,0
2020-05-23,US,Minnesota,Carver,154,2,0,44.82017001,-93.80099179999999,27019.0,152,146,2,0,144,138,103551,8,0,0,8,8
2020-05-23,US,Minnesota,Cass,11,3,0,46.95043611,-94.32603968,27021.0,8,10,2,0,8,10,29519,1,1,0,0,0
2020-05-23,US,Minnesota,Chippewa,39,0,0,45.02343421,-95.56403693,27023.0,39,39,0,0,39,37,11924,0,0,0,0,2
2020-05-23,US,Minnesota,Chisago,44,1,0,45.5021011,-92.90861945,27025.0,43,41,1,0,40,39,55922,3,0,0,3,2
2020-05-23,US,Minnesota,Clay,361,23,0,46.89289518,-96.48761922,27027.0,338,356,22,0,334,344,63955,5,1,0,4,12
2020-05-23,US,Minnesota,Clearwater,2,0,0,47.57992111,-95.37790562,27029.0,2,2,0,0,2,2,8810,0,0,0,0,0
2020-05-23,US,Minnesota,Cottonwood,62,0,0,44.00715262,-95.18138802,27033.0,62,61,0,0,61,59,11277,1,0,0,1,2
2020-05-23,US,Minnesota,Crow Wing,42,1,0,46.48096553,-94.06755609,27035.0,41,42,1,0,41,38,64889,0,0,0,0,4
2020-05-23,US,Minnesota,Dakota,999,33,0,44.67172617,-93.06299363,27037.0,966,961,33,0,928,929,425423,38,0,0,38,32
2020-05-23,US,Minnesota,Dodge,43,0,0,44.02238415,-92.86244324,27039.0,43,41,0,0,41,40,20822,2,0,0,2,1
2020-05-23,US,Minnesota,Douglas,27,0,0,45.93348491,-95.45335469,27041.0,27,27,0,0,27,24,37964,0,0,0,0,3
2020-05-23,US,Minnesota,Faribault,11,0,0,43.67381499,-93.94787458,27043.0,11,11,0,0,11,11,13758,0,0,0,0,0
2020-05-23,US,Minnesota,Fillmore,17,1,0,43.67394126,-92.08980382,27045.0,16,17,1,0,16,17,21058,0,0,0,0,0
2020-05-23,US,Minnesota,Freeborn,82,0,0,43.67385583,-93.34884422,27047.0,82,76,0,0,76,73,30444,6,0,0,6,3
2020-05-23,US,Minnesota,Goodhue,50,2,0,44.40849741,-92.72341949999999,27049.0,48,43,2,0,41,40,46403,7,0,0,7,3
2020-05-23,US,Minnesota,Grant,2,0,0,45.93424769,-96.01139609,27051.0,2,2,0,0,2,2,6021,0,0,0,0,0
2020-05-23,US,Minnesota,Hennepin,6649,524,0,45.00761521,-93.47694895,27053.0,6125,6350,518,0,5832,6029,1259428,299,6,0,293,321
2020-05-23,US,Minnesota,Houston,2,0,0,43.67129565,-91.49143057,27055.0,2,2,0,0,2,2,18578,0,0,0,0,0
2020-05-23,US,Minnesota,Hubbard,1,0,0,47.10778564,-94.91693868,27057.0,1,,,,,,21332,,,,,
2020-05-23,US,Minnesota,Isanti,24,0,0,45.56181234,-93.29487636,27059.0,24,21,0,0,21,20,39966,3,0,0,3,1
2020-05-23,US,Minnesota,Itasca,51,6,0,47.51009045,-93.63092229,27061.0,45,51,6,0,45,51,45108,0,0,0,0,0
2020-05-23,US,Minnesota,Jackson,38,0,0,43.67423373,-95.15398258,27063.0,38,37,0,0,37,36,9911,1,0,0,1,1
2020-05-23,US,Minnesota,Kanabec,11,1,0,45.9459309,-93.29275192,27065.0,10,11,1,0,10,10,16207,0,0,0,0,1
2020-05-23,US,Minnesota,Kandiyohi,449,1,0,45.1526059,-95.00586446,27067.0,448,443,1,0,442,428,42855,6,0,0,6,15
2020-05-23,US,Minnesota,Kittson,1,0,0,48.77754106,-96.78317184,27069.0,1,1,0,0,1,1,4248,0,0,0,0,0
2020-05-23,US,Minnesota,Koochiching,4,0,0,48.24539665,-93.78352843,27071.0,4,4,0,0,4,4,12440,0,0,0,0,0
2020-05-23,US,Minnesota,Lac qui Parle,3,0,0,44.9973857,-96.17488219,27073.0,3,3,0,0,3,3,6658,0,0,0,0,0
2020-05-23,US,Minnesota,Lake,1,0,0,47.64270764,-91.44557998,27075.0,1,1,0,0,1,1,10658,0,0,0,0,0
2020-05-23,US,Minnesota,Le Sueur,41,1,0,44.37136597,-93.72844721,27079.0,40,39,1,0,38,38,28494,2,0,0,2,1
2020-05-23,US,Minnesota,Lincoln,5,0,0,44.41311883,-96.26688165,27081.0,5,4,0,0,4,4,5673,1,0,0,1,0
2020-05-23,US,Minnesota,Lyon,31,0,0,44.41327865,-95.83806103,27083.0,31,29,0,0,29,28,25629,2,0,0,2,1
2020-05-23,US,Minnesota,Mahnomen,5,1,0,47.32557075,-95.80921485,27087.0,4,5,1,0,4,5,5519,0,0,0,0,0
2020-05-23,US,Minnesota,Marshall,8,0,0,48.35825983,-96.37017407,27089.0,8,8,0,0,8,8,9390,0,0,0,0,0
2020-05-23,US,Minnesota,Martin,124,5,0,43.67429718,-94.55099908,27091.0,119,124,5,0,119,124,19785,0,0,0,0,0
2020-05-23,US,Minnesota,McLeod,26,0,0,44.82367677,-94.27287017,27085.0,26,24,0,0,24,21,35873,2,0,0,2,3
2020-05-23,US,Minnesota,Meeker,43,0,0,45.12328869,-94.52839455,27093.0,43,41,0,0,41,40,23141,2,0,0,2,1
2020-05-23,US,Minnesota,Mille Lacs,15,1,0,45.93705297,-93.63236823,27095.0,14,15,1,0,14,14,26139,0,0,0,0,1
2020-05-23,US,Minnesota,Morrison,36,0,0,46.01265363,-94.27341528,27097.0,36,34,0,0,34,32,33169,2,0,0,2,2
2020-05-23,US,Minnesota,Mower,138,1,0,43.67142874,-92.75234549,27099.0,137,112,1,0,111,87,40011,26,0,0,26,25
2020-05-23,US,Minnesota,Murray,35,0,0,44.02216709,-95.76328482,27101.0,35,34,0,0,34,33,8276,1,0,0,1,1
2020-05-23,US,Minnesota,Nicollet,64,3,0,44.35291112,-94.24710352,27103.0,61,63,3,0,60,51,34220,1,0,0,1,12
2020-05-23,US,Minnesota,Nobles,1444,2,0,43.67434621,-95.75329576,27105.0,1442,1432,2,0,1430,1414,21924,12,0,0,12,18
2020-05-23,US,Minnesota,Norman,11,0,0,47.32628443,-96.45620947,27107.0,11,11,0,0,11,11,6475,0,0,0,0,0
2020-05-23,US,Minnesota,Olmsted,542,10,0,44.00374114,-92.40209944,27109.0,532,525,10,0,515,493,156277,17,0,0,17,32
2020-05-23,US,Minnesota,Otter Tail,53,0,0,46.40846929,-95.70835255,27111.0,53,52,0,0,52,52,58812,1,0,0,1,0
2020-05-23,US,Minnesota,Pennington,7,0,0,48.06642577,-96.0370814,27113.0,7,6,0,0,6,4,14178,1,0,0,1,2
2020-05-23,US,Minnesota,Pine,84,0,0,46.12105238,-92.74070188,27115.0,84,84,0,0,84,83,29483,0,0,0,0,1
2020-05-23,US,Minnesota,Pipestone,10,0,0,44.02301619,-96.25841142,27117.0,10,10,0,0,10,10,9047,0,0,0,0,0
2020-05-23,US,Minnesota,Polk,59,2,0,47.77372465,-96.40134647,27119.0,57,57,2,0,55,57,31529,2,0,0,2,0
2020-05-23,US,Minnesota,Pope,6,0,0,45.58606667,-95.44451209,27121.0,6,6,0,0,6,6,11097,0,0,0,0,0
2020-05-23,US,Minnesota,Ramsey,2164,94,0,45.01625271,-93.09872295,27123.0,2070,2018,93,0,1925,1925,550210,146,1,0,145,93
2020-05-23,US,Minnesota,Red Lake,3,0,0,47.87197525,-96.09561104,27125.0,3,3,0,0,3,3,3999,0,0,0,0,0
2020-05-23,US,Minnesota,Redwood,3,0,0,44.40555844,-95.25207021,27127.0,3,3,0,0,3,3,15249,0,0,0,0,0
2020-05-23,US,Minnesota,Renville,5,0,0,44.72836381,-94.94553734,27129.0,5,5,0,0,5,5,14612,0,0,0,0,0
2020-05-23,US,Minnesota,Rice,352,2,0,44.3543376,-93.29658715,27131.0,350,328,2,0,326,307,66523,24,0,0,24,21
2020-05-23,US,Minnesota,Rock,20,0,0,43.67482683,-96.25296832,27133.0,20,20,0,0,20,20,9414,0,0,0,0,0
2020-05-23,US,Minnesota,Roseau,1,0,0,48.77501878,-95.81079919,27135.0,1,1,0,0,1,1,15150,0,0,0,0,0
2020-05-23,US,Minnesota,Scott,334,2,0,44.6490231,-93.53340251,27139.0,332,316,2,0,314,298,147381,18,0,0,18,18
2020-05-23,US,Minnesota,Sherburne,202,1,0,45.44447208,-93.77617511,27141.0,201,193,1,0,192,183,96036,9,0,0,9,10
2020-05-23,US,Minnesota,Sibley,12,0,0,44.5796592,-94.23164924,27143.0,12,12,0,0,12,12,15028,0,0,0,0,0
2020-05-23,US,Minnesota,St. Louis,110,13,0,47.604840700000004,-92.46879855,27137.0,97,109,13,0,96,109,199754,1,0,0,1,0
2020-05-23,US,Minnesota,Stearns,1918,12,0,45.55192576,-94.61078221,27145.0,1906,1881,12,0,1869,1853,159256,37,0,0,37,28
2020-05-23,US,Minnesota,Steele,138,0,0,44.02240351,-93.22627088,27147.0,138,134,0,0,134,122,36803,4,0,0,4,12
2020-05-23,US,Minnesota,Swift,15,0,0,45.2829032,-95.68264092,27151.0,15,15,0,0,15,14,9345,0,0,0,0,1
2020-05-23,US,Minnesota,Todd,183,0,0,46.06996226,-94.89785296,27153.0,183,140,0,0,140,116,24582,43,0,0,43,24
2020-05-23,US,Minnesota,Traverse,3,0,0,45.77298854,-96.47062949,27155.0,3,3,0,0,3,3,3308,0,0,0,0,0
2020-05-23,US,Minnesota,Unassigned,16,9,0,0.0,0.0,90027.0,7,20,9,0,11,34,,-4,0,0,-4,-14
2020-05-23,US,Minnesota,Wabasha,16,0,0,44.28424356,-92.23121312,27157.0,16,16,0,0,16,16,21645,0,0,0,0,0
2020-05-23,US,Minnesota,Wadena,6,0,0,46.58589171,-94.96968506,27159.0,6,6,0,0,6,6,13773,0,0,0,0,0
2020-05-23,US,Minnesota,Waseca,24,0,0,44.02211116,-93.58720034,27161.0,24,23,0,0,23,22,18691,1,0,0,1,1
2020-05-23,US,Minnesota,Washington,485,25,0,45.03864533,-92.88429635,27163.0,460,453,25,0,428,431,259201,32,0,0,32,22
2020-05-23,US,Minnesota,Watonwan,46,0,0,43.97823903,-94.61413846,27165.0,46,45,0,0,45,42,10980,1,0,0,1,3
2020-05-23,US,Minnesota,Wilkin,11,3,0,46.35721532,-96.4684375,27167.0,8,11,3,0,8,11,6254,0,0,0,0,0
2020-05-23,US,Minnesota,Winona,77,15,0,43.98772283,-91.78081305,27169.0,62,76,15,0,61,75,50825,1,0,0,1,1
2020-05-23,US,Minnesota,Wright,231,1,0,45.17297924,-93.96234781,27171.0,230,213,2,0,211,200,136349,18,-1,0,19,13
2020-05-23,US,Minnesota,Yellow Medicine,5,0,0,44.71710183,-95.86842453,27173.0,5,5,0,0,5,5,9795,0,0,0,0,0
2020-05-23,US,Mississippi,Adams,181,15,0,31.47669768,-91.35326037,28001.0,166,180,15,0,165,179,31192,1,0,0,1,1
2020-05-23,US,Mississippi,Alcorn,15,1,0,34.88084463,-88.57996173,28003.0,14,15,1,0,14,12,36925,0,0,0,0,3
2020-05-23,US,Mississippi,Amite,50,1,0,31.17467303,-90.80501621,28005.0,49,49,1,0,48,49,12326,1,0,0,1,0
2020-05-23,US,Mississippi,Attala,270,12,0,33.08658803,-89.57838564,28007.0,258,269,12,0,257,257,18365,1,0,0,1,12
2020-05-23,US,Mississippi,Benton,14,0,0,34.81681228,-89.18945516,28009.0,14,13,0,0,13,13,8271,1,0,0,1,0
2020-05-23,US,Mississippi,Bolivar,136,10,0,33.79696941,-90.87372121,28011.0,126,134,10,0,124,133,31333,2,0,0,2,1
2020-05-23,US,Mississippi,Calhoun,60,4,0,33.93683395,-89.33686647,28013.0,56,61,4,0,57,61,14436,-1,0,0,-1,0
2020-05-23,US,Mississippi,Carroll,113,9,0,33.44834567,-89.91994479,28015.0,104,113,9,0,104,112,9911,0,0,0,0,1
2020-05-23,US,Mississippi,Chickasaw,125,12,0,33.91983202,-88.9481545,28017.0,113,125,12,0,113,122,17171,0,0,0,0,3
2020-05-23,US,Mississippi,Choctaw,29,2,0,33.34598242,-89.24809382,28019.0,27,29,2,0,27,27,8278,0,0,0,0,2
2020-05-23,US,Mississippi,Claiborne,57,1,0,31.97061673,-90.90702196,28021.0,56,58,1,0,57,51,9002,-1,0,0,-1,7
2020-05-23,US,Mississippi,Clarke,124,16,0,32.04158545,-88.68896219999998,28023.0,108,123,16,0,107,119,15604,1,0,0,1,4
2020-05-23,US,Mississippi,Clay,96,3,0,33.65358105,-88.77784255,28025.0,93,95,3,0,92,90,19386,1,0,0,1,5
2020-05-23,US,Mississippi,Coahoma,96,3,0,34.22772299,-90.60415045,28027.0,93,92,3,0,89,86,22628,4,0,0,4,6
2020-05-23,US,Mississippi,Copiah,273,4,0,31.86977774,-90.44565118,28029.0,269,259,4,0,255,228,28543,14,0,0,14,31
2020-05-23,US,Mississippi,Covington,127,1,0,31.63225413,-89.55389939,28031.0,126,125,1,0,124,123,18853,2,0,0,2,2
2020-05-23,US,Mississippi,DeSoto,458,6,0,34.87625235,-89.99091418,28033.0,452,442,6,0,436,419,182001,16,0,0,16,23
2020-05-23,US,Mississippi,Forrest,478,33,0,31.18961454,-89.25832496,28035.0,445,462,32,0,430,453,75036,16,1,0,15,9
2020-05-23,US,Mississippi,Franklin,25,2,0,31.47786634,-90.89672989,28037.0,23,23,2,0,21,23,7788,2,0,0,2,0
2020-05-23,US,Mississippi,George,19,1,0,30.86259065,-88.64436789,28039.0,18,19,1,0,18,19,24250,0,0,0,0,0
2020-05-23,US,Mississippi,Greene,7,1,0,31.21444233,-88.63922281,28041.0,6,7,1,0,6,7,13586,0,0,0,0,0
2020-05-23,US,Mississippi,Grenada,72,2,0,33.77036166,-89.80245083,28043.0,70,68,2,0,66,66,21055,4,0,0,4,2
2020-05-23,US,Mississippi,Hancock,84,11,0,30.41830223,-89.48851033,28045.0,73,86,10,0,76,81,47334,-2,1,0,-3,5
2020-05-23,US,Mississippi,Harrison,231,6,0,30.51359752,-89.12467576,28047.0,225,230,6,0,224,224,206650,1,0,0,1,6
2020-05-23,US,Mississippi,Hinds,877,24,0,32.2656285,-90.44435448,28049.0,853,855,24,0,831,825,237085,22,0,0,22,30
2020-05-23,US,Mississippi,Holmes,359,23,0,33.12345854,-90.08923538,28051.0,336,343,22,0,321,333,17622,16,1,0,15,10
2020-05-23,US,Mississippi,Humphreys,52,7,0,33.12825718,-90.52252707,28053.0,45,50,6,0,44,49,8257,2,1,0,1,1
2020-05-23,US,Mississippi,Itawamba,82,7,0,34.27993475,-88.3606733,28057.0,75,81,7,0,74,80,23517,1,0,0,1,1
2020-05-23,US,Mississippi,Jackson,296,13,0,30.54020656,-88.64184064,28059.0,283,291,13,0,278,291,143277,5,0,0,5,0
2020-05-23,US,Mississippi,Jasper,135,3,0,32.01922104,-89.11786866,28061.0,132,131,3,0,128,126,16428,4,0,0,4,5
2020-05-23,US,Mississippi,Jefferson,40,0,0,31.73397872,-91.03764977,28063.0,40,40,0,0,40,40,7106,0,0,0,0,0
2020-05-23,US,Mississippi,Jefferson Davis,70,2,0,31.56884708,-89.82670990000004,28065.0,68,69,2,0,67,69,11234,1,0,0,1,0
2020-05-23,US,Mississippi,Jones,435,13,0,31.62257767,-89.16896899999998,28067.0,422,422,12,0,410,386,68461,13,1,0,12,36
2020-05-23,US,Mississippi,Kemper,118,10,0,32.75462946,-88.64105766,28069.0,108,116,10,0,106,112,10027,2,0,0,2,4
2020-05-23,US,Mississippi,Lafayette,118,3,0,34.35687874,-89.48490961,28071.0,115,116,3,0,113,110,54793,2,0,0,2,6
2020-05-23,US,Mississippi,Lamar,218,4,0,31.20572971,-89.5077704,28073.0,214,215,4,0,211,210,62447,3,0,0,3,5
2020-05-23,US,Mississippi,Lauderdale,670,54,0,32.40419769,-88.66229662,28075.0,616,647,51,0,596,637,75317,23,3,0,20,10
2020-05-23,US,Mississippi,Lawrence,86,1,0,31.55147224,-90.10841127,28077.0,85,82,0,0,82,81,12455,4,1,0,3,1
2020-05-23,US,Mississippi,Leake,382,8,0,32.7536828,-89.52402044,28079.0,374,373,8,0,365,368,22763,9,0,0,9,5
2020-05-23,US,Mississippi,Lee,101,5,0,34.291877500000005,-88.68149954,28081.0,96,99,5,0,94,97,85202,2,0,0,2,2
2020-05-23,US,Mississippi,Leflore,240,25,0,33.55545125,-90.29900733,28083.0,215,211,25,0,186,206,28919,29,0,0,29,5
2020-05-23,US,Mississippi,Lincoln,238,20,0,31.53288662,-90.45391915,28085.0,218,231,19,0,212,224,34205,7,1,0,6,7
2020-05-23,US,Mississippi,Lowndes,158,7,0,33.47386518,-88.44191529999998,28087.0,151,139,7,0,132,136,58930,19,0,0,19,3
2020-05-23,US,Mississippi,Madison,639,21,0,32.63389156,-90.03513564,28089.0,618,618,20,0,598,582,105630,21,1,0,20,36
2020-05-23,US,Mississippi,Marion,104,8,0,31.23132643,-89.8209217,28091.0,96,103,8,0,95,100,24715,1,0,0,1,3
2020-05-23,US,Mississippi,Marshall,69,3,0,34.76216286,-89.50299462,28093.0,66,68,3,0,65,68,35451,1,0,0,1,0
2020-05-23,US,Mississippi,Monroe,241,24,0,33.89236763,-88.4808438,28095.0,217,231,24,0,207,229,35564,10,0,0,10,2
2020-05-23,US,Mississippi,Montgomery,78,1,0,33.49419589,-89.61729103,28097.0,77,77,1,0,76,76,10023,1,0,0,1,1
2020-05-23,US,Mississippi,Neshoba,511,30,0,32.75339664,-89.11726492,28099.0,481,477,27,0,450,470,29125,34,3,0,31,7
2020-05-23,US,Mississippi,Newton,221,3,0,32.40021118,-89.11843336,28101.0,218,214,3,0,211,210,21443,7,0,0,7,4
2020-05-23,US,Mississippi,Noxubee,157,6,0,33.11009499,-88.56949061,28103.0,151,152,4,0,148,148,10535,5,2,0,3,4
2020-05-23,US,Mississippi,Oktibbeha,128,10,0,33.42491685,-88.87905132,28105.0,118,126,9,0,117,114,49599,2,1,0,1,12
2020-05-23,US,Mississippi,Panola,61,2,0,34.36398677,-89.95064249,28107.0,59,59,2,0,57,58,34178,2,0,0,2,1
2020-05-23,US,Mississippi,Pearl River,203,27,0,30.77090935,-89.58677275,28109.0,176,203,27,0,176,197,55387,0,0,0,0,6
2020-05-23,US,Mississippi,Perry,43,2,0,31.17161885,-88.99281835,28111.0,41,40,2,0,38,38,11931,3,0,0,3,2
2020-05-23,US,Mississippi,Pike,194,11,0,31.17507789,-90.40392572,28113.0,183,190,11,0,179,188,39563,4,0,0,4,2
2020-05-23,US,Mississippi,Pontotoc,26,3,0,34.226046000000004,-89.03636807,28115.0,23,26,2,0,24,26,31833,0,1,0,-1,0
2020-05-23,US,Mississippi,Prentiss,37,3,0,34.61810501,-88.51986294,28117.0,34,37,3,0,34,37,25315,0,0,0,0,0
2020-05-23,US,Mississippi,Quitman,23,0,0,34.25157572,-90.28908,28119.0,23,23,0,0,23,21,7051,0,0,0,0,2
2020-05-23,US,Mississippi,Rankin,336,6,0,32.26469147,-89.94537876,28121.0,330,325,6,0,319,315,153902,11,0,0,11,10
2020-05-23,US,Mississippi,Scott,587,10,0,32.406704100000006,-89.53789439,28123.0,577,578,10,0,568,569,28287,9,0,0,9,9
2020-05-23,US,Mississippi,Sharkey,7,0,0,32.88149103,-90.81595379999999,28125.0,7,7,0,0,7,7,4377,0,0,0,0,0
2020-05-23,US,Mississippi,Simpson,83,0,0,31.91282117,-89.91716179,28127.0,83,82,0,0,82,79,26758,1,0,0,1,3
2020-05-23,US,Mississippi,Smith,126,10,0,32.01744532,-89.50644846,28129.0,116,127,10,0,117,124,16002,-1,0,0,-1,3
2020-05-23,US,Mississippi,Stone,30,0,0,30.79187949,-89.11547539,28131.0,30,27,0,0,27,25,18717,3,0,0,3,2
2020-05-23,US,Mississippi,Sunflower,77,3,0,33.60192578,-90.58882684,28133.0,74,73,3,0,70,71,25735,4,0,0,4,2
2020-05-23,US,Mississippi,Tallahatchie,23,1,0,33.95339918,-90.1729398,28135.0,22,23,1,0,22,23,13987,0,0,0,0,0
2020-05-23,US,Mississippi,Tate,58,1,0,34.65133709,-89.94485778,28137.0,57,59,1,0,58,58,28759,-1,0,0,-1,1
2020-05-23,US,Mississippi,Tippah,69,11,0,34.76872156,-88.90988194,28139.0,58,69,11,0,58,69,21995,0,0,0,0,0
2020-05-23,US,Mississippi,Tishomingo,23,0,0,34.74023475,-88.23917219,28141.0,23,22,0,0,22,21,19454,1,0,0,1,1
2020-05-23,US,Mississippi,Tunica,48,2,0,34.64967704,-90.37481167,28143.0,46,47,2,0,45,45,9944,1,0,0,1,2
2020-05-23,US,Mississippi,Union,70,5,0,34.49162015,-89.00776006,28145.0,65,68,4,0,64,66,28606,2,1,0,1,2
2020-05-23,US,Mississippi,Walthall,51,0,0,31.14971548,-90.10446654,28147.0,51,50,0,0,50,48,14465,1,0,0,1,2
2020-05-23,US,Mississippi,Warren,148,6,0,32.35810271,-90.83352619,28149.0,142,144,6,0,138,138,46176,4,0,0,4,6
2020-05-23,US,Mississippi,Washington,151,5,0,33.28392041,-90.94196237,28151.0,146,143,4,0,139,143,45063,8,1,0,7,0
2020-05-23,US,Mississippi,Wayne,76,0,0,31.64135687,-88.69573913,28153.0,76,72,0,0,72,58,20298,4,0,0,4,14
2020-05-23,US,Mississippi,Webster,27,1,0,33.61300486,-89.28392912,28155.0,26,27,1,0,26,25,9788,0,0,0,0,2
2020-05-23,US,Mississippi,Wilkinson,81,9,0,31.16078225,-91.31018819,28157.0,72,81,9,0,72,80,8792,0,0,0,0,1
2020-05-23,US,Mississippi,Winston,98,1,0,33.08747908,-89.03391385,28159.0,97,92,0,0,92,92,18165,6,1,0,5,0
2020-05-23,US,Mississippi,Yalobusha,82,4,0,34.02824175,-89.70762049999998,28161.0,78,79,4,0,75,76,12392,3,0,0,3,3
2020-05-23,US,Mississippi,Yazoo,204,2,0,32.77890365,-90.39656148,28163.0,202,198,2,0,196,194,28248,6,0,0,6,4
2020-05-23,US,Missouri,Adair,38,0,0,40.19058551,-92.60078167,29001.0,38,38,0,0,38,34,25339,0,0,0,0,4
2020-05-23,US,Missouri,Andrew,20,0,0,39.98492163,-94.80163024,29003.0,20,20,0,0,20,20,17607,0,0,0,0,0
2020-05-23,US,Missouri,Atchison,3,0,0,40.43238737,-95.42970639,29005.0,3,3,0,0,3,3,5171,0,0,0,0,0
2020-05-23,US,Missouri,Audrain,34,0,0,39.215877,-91.84242683,29007.0,34,27,0,0,27,21,25473,7,0,0,7,6
2020-05-23,US,Missouri,Barry,8,0,0,36.70978521,-93.82919888,29009.0,8,8,0,0,8,7,35886,0,0,0,0,1
2020-05-23,US,Missouri,Bates,7,1,0,38.25271289,-94.34113157,29013.0,6,7,1,0,6,7,16320,0,0,0,0,0
2020-05-23,US,Missouri,Benton,10,0,0,38.29503305,-93.28756116,29015.0,10,10,0,0,10,10,19278,0,0,0,0,0
2020-05-23,US,Missouri,Bollinger,6,0,0,37.32449052,-90.02725304,29017.0,6,6,0,0,6,5,12169,0,0,0,0,1
2020-05-23,US,Missouri,Boone,115,1,0,38.99186229,-92.30723575,29019.0,114,111,1,0,110,108,180005,4,0,0,4,3
2020-05-23,US,Missouri,Buchanan,609,2,0,39.65816401,-94.80138942,29021.0,607,599,2,0,597,587,88571,10,0,0,10,12
2020-05-23,US,Missouri,Butler,28,0,0,36.71462476,-90.40421163,29023.0,28,28,0,0,28,34,42639,0,0,0,0,-6
2020-05-23,US,Missouri,Caldwell,5,0,0,39.65620858,-93.98308093,29025.0,5,5,0,0,5,5,9108,0,0,0,0,0
2020-05-23,US,Missouri,Callaway,24,1,0,38.83674754,-91.92186505,29027.0,23,23,1,0,22,23,44889,1,0,0,1,0
2020-05-23,US,Missouri,Camden,36,1,0,38.02199522,-92.76083747,29029.0,35,36,1,0,35,36,45815,0,0,0,0,0
2020-05-23,US,Missouri,Cape Girardeau,58,2,0,37.38489388,-89.6843587,29031.0,56,57,2,0,55,56,78753,1,0,0,1,1
2020-05-23,US,Missouri,Carroll,7,0,0,39.42762566,-93.50626255,29033.0,7,7,0,0,7,7,8743,0,0,0,0,0
2020-05-23,US,Missouri,Carter,4,1,0,36.94160441,-90.96051322,29035.0,3,4,1,0,3,4,6054,0,0,0,0,0
2020-05-23,US,Missouri,Cass,77,8,0,38.64789422,-94.353399,29037.0,69,77,8,0,69,75,104954,0,0,0,0,2
2020-05-23,US,Missouri,Cedar,9,0,0,37.72391475,-93.85445441,29039.0,9,9,0,0,9,9,14165,0,0,0,0,0
2020-05-23,US,Missouri,Chariton,6,0,0,39.51499357,-92.9629191,29041.0,6,6,0,0,6,6,7451,0,0,0,0,0
2020-05-23,US,Missouri,Christian,21,0,0,36.9711783,-93.18537118,29043.0,21,21,0,0,21,21,86983,0,0,0,0,0
2020-05-23,US,Missouri,Clark,1,0,0,40.41040752,-91.73661677,29045.0,1,1,0,0,1,1,6842,0,0,0,0,0
2020-05-23,US,Missouri,Clay,141,2,0,39.31132056,-94.41850862,29047.0,139,133,1,0,132,127,246365,8,1,0,7,6
2020-05-23,US,Missouri,Clinton,18,0,0,39.6013098,-94.40465394,29049.0,18,18,0,0,18,18,20470,0,0,0,0,0
2020-05-23,US,Missouri,Cole,59,1,0,38.50455671,-92.27860244,29051.0,58,58,1,0,57,56,76796,1,0,0,1,2
2020-05-23,US,Missouri,Cooper,9,0,0,38.844478,-92.80896081,29053.0,9,9,0,0,9,9,17603,0,0,0,0,0
2020-05-23,US,Missouri,Crawford,9,0,0,37.97663738,-91.30528104,29055.0,9,9,0,0,9,9,23957,0,0,0,0,0
2020-05-23,US,Missouri,Dallas,3,0,0,37.681135499999996,-93.02127031,29059.0,3,3,0,0,3,3,16762,0,0,0,0,0
2020-05-23,US,Missouri,Daviess,4,0,0,39.96145298,-93.98519678,29061.0,4,4,0,0,4,3,8313,0,0,0,0,1
2020-05-23,US,Missouri,DeKalb,5,0,0,39.89201062,-94.40476508,29063.0,5,5,0,0,5,5,12630,0,0,0,0,0
2020-05-23,US,Missouri,Dunklin,28,2,0,36.27167174,-90.09122243,29069.0,26,25,2,0,23,26,29423,3,0,0,3,-1
2020-05-23,US,Missouri,Franklin,138,16,0,38.41127108,-91.07522826,29071.0,122,137,16,0,121,137,103670,1,0,0,1,0
2020-05-23,US,Missouri,Gasconade,2,0,0,38.43947277,-91.50847147,29073.0,2,2,0,0,2,2,14705,0,0,0,0,0
2020-05-23,US,Missouri,Gentry,6,0,0,40.21097916,-94.40944419,29075.0,6,6,0,0,6,4,6628,0,0,0,0,2
2020-05-23,US,Missouri,Greene,121,8,0,37.2575872,-93.34230916,29077.0,113,117,8,0,109,112,291923,4,0,0,4,5
2020-05-23,US,Missouri,Harrison,8,0,0,40.35570088,-93.99222144,29081.0,8,8,0,0,8,8,8414,0,0,0,0,0
2020-05-23,US,Missouri,Henry,9,3,0,38.38482826,-93.79293734,29083.0,6,9,3,0,6,9,21792,0,0,0,0,0
2020-05-23,US,Missouri,Holt,1,0,0,40.09799248,-95.21638879999999,29087.0,1,1,0,0,1,1,4404,0,0,0,0,0
2020-05-23,US,Missouri,Howard,3,0,0,39.1435761,-92.69756691,29089.0,3,3,0,0,3,3,10137,0,0,0,0,0
2020-05-23,US,Missouri,Howell,5,0,0,36.77383887,-91.88683935,29091.0,5,5,0,0,5,5,40076,0,0,0,0,0
2020-05-23,US,Missouri,Iron,2,0,0,37.55487945,-90.7735296,29093.0,2,2,0,0,2,2,10177,0,0,0,0,0
2020-05-23,US,Missouri,Jackson,495,16,0,39.01002188,-94.34724536,29095.0,479,485,16,0,469,469,700307,10,0,0,10,16
2020-05-23,US,Missouri,Jasper,32,0,0,37.20351921,-94.34050458,29097.0,32,32,0,0,32,29,120636,0,0,0,0,3
2020-05-23,US,Missouri,Jefferson,337,15,0,38.25926778,-90.53870896,29099.0,322,334,15,0,319,333,224347,3,0,0,3,1
2020-05-23,US,Missouri,Johnson,72,0,0,38.74719601,-93.80691168,29101.0,72,72,0,0,72,72,53652,0,0,0,0,0
2020-05-23,US,Missouri,Kansas City,991,24,0,39.0997,-94.5786,0.0,967,967,24,0,943,927,491918,24,0,0,24,40
2020-05-23,US,Missouri,Laclede,3,0,0,37.65896829,-92.5888493,29105.0,3,3,0,0,3,3,35713,0,0,0,0,0
2020-05-23,US,Missouri,Lafayette,69,3,0,39.06986886,-93.78076396,29107.0,66,69,3,0,66,69,32598,0,0,0,0,0
2020-05-23,US,Missouri,Lawrence,8,0,0,37.10626634,-93.83293097,29109.0,8,8,0,0,8,8,38359,0,0,0,0,0
2020-05-23,US,Missouri,Lewis,7,1,0,40.09673161,-91.72070156,29111.0,6,7,1,0,6,7,9855,0,0,0,0,0
2020-05-23,US,Missouri,Lincoln,106,1,0,39.05345619,-90.95588181,29113.0,105,106,1,0,105,105,57686,0,0,0,0,1
2020-05-23,US,Missouri,Linn,5,1,0,39.87001769,-93.10704106,29115.0,4,5,1,0,4,5,12037,0,0,0,0,0
2020-05-23,US,Missouri,Livingston,3,0,0,39.78110272,-93.54645978,29117.0,3,3,0,0,3,3,15146,0,0,0,0,0
2020-05-23,US,Missouri,Macon,2,0,0,39.83049768,-92.56453089,29121.0,2,2,0,0,2,2,15153,0,0,0,0,0
2020-05-23,US,Missouri,Madison,3,0,0,37.47865134,-90.34671429999999,29123.0,3,3,0,0,3,3,12188,0,0,0,0,0
2020-05-23,US,Missouri,Maries,2,0,0,38.16193985,-91.92249662,29125.0,2,2,0,0,2,2,8769,0,0,0,0,0
2020-05-23,US,Missouri,Marion,5,0,0,39.80601912,-91.62203062,29127.0,5,5,0,0,5,5,28592,0,0,0,0,0
2020-05-23,US,Missouri,McDonald,15,0,0,36.62869595,-94.34867205,29119.0,15,15,0,0,15,14,23078,0,0,0,0,1
2020-05-23,US,Missouri,Miller,4,0,0,38.21450288,-92.42610898,29131.0,4,4,0,0,4,4,25336,0,0,0,0,0
2020-05-23,US,Missouri,Mississippi,54,0,0,36.82516239,-89.29505753,29133.0,54,53,0,0,53,50,13336,1,0,0,1,3
2020-05-23,US,Missouri,Moniteau,45,0,0,38.63571781,-92.57976951,29135.0,45,44,0,0,44,44,16121,1,0,0,1,0
2020-05-23,US,Missouri,Montgomery,8,0,0,38.94022054,-91.47000721,29139.0,8,7,0,0,7,7,11534,1,0,0,1,0
2020-05-23,US,Missouri,Morgan,8,0,0,38.4181765,-92.88791859,29141.0,8,8,0,0,8,8,20358,0,0,0,0,0
2020-05-23,US,Missouri,New Madrid,17,0,0,36.59666326,-89.66070007,29143.0,17,15,0,0,15,14,17296,2,0,0,2,1
2020-05-23,US,Missouri,Newton,16,1,0,36.90519407,-94.3394104,29145.0,15,16,1,0,15,16,58266,0,0,0,0,0
2020-05-23,US,Missouri,Nodaway,8,0,0,40.36079813,-94.88133008,29147.0,8,8,0,0,8,8,22304,0,0,0,0,0
2020-05-23,US,Missouri,Oregon,2,0,0,36.68710164,-91.4033755,29149.0,2,2,0,0,2,2,10541,0,0,0,0,0
2020-05-23,US,Missouri,Osage,5,0,0,38.46036182,-91.8613635,29151.0,5,5,0,0,5,5,13714,0,0,0,0,0
2020-05-23,US,Missouri,Pemiscot,72,4,0,36.2130572,-89.78742322,29155.0,68,72,4,0,68,70,16272,0,0,0,0,2
2020-05-23,US,Missouri,Perry,49,0,0,37.70660776,-89.82741088,29157.0,49,48,0,0,48,48,19150,1,0,0,1,0
2020-05-23,US,Missouri,Pettis,70,1,0,38.72798918,-93.28471706,29159.0,69,70,1,0,69,70,42542,0,0,0,0,0
2020-05-23,US,Missouri,Phelps,4,0,0,37.87736118,-91.79351727,29161.0,4,4,0,0,4,3,44732,0,0,0,0,1
2020-05-23,US,Missouri,Pike,14,1,0,39.34310674,-91.16980779,29163.0,13,14,1,0,13,14,18504,0,0,0,0,0
2020-05-23,US,Missouri,Platte,63,0,0,39.38154439,-94.77068479,29165.0,63,63,0,0,63,62,102985,0,0,0,0,1
2020-05-23,US,Missouri,Polk,3,0,0,37.616229600000004,-93.39828174,29167.0,3,2,0,0,2,2,32201,1,0,0,1,0
2020-05-23,US,Missouri,Pulaski,33,1,0,37.82462075,-92.20783203,29169.0,32,33,1,0,32,33,52014,0,0,0,0,0
2020-05-23,US,Missouri,Ralls,2,0,0,39.52817427,-91.51838643,29173.0,2,2,0,0,2,2,10212,0,0,0,0,0
2020-05-23,US,Missouri,Randolph,8,0,0,39.44007257,-92.49713740000001,29175.0,8,8,0,0,8,8,24763,0,0,0,0,0
2020-05-23,US,Missouri,Ray,15,0,0,39.353746799999996,-93.98905745,29177.0,15,15,0,0,15,14,22883,0,0,0,0,1
2020-05-23,US,Missouri,Reynolds,2,0,0,37.36085952,-90.97009925,29179.0,2,2,0,0,2,2,6254,0,0,0,0,0
2020-05-23,US,Missouri,Ripley,7,0,0,36.65460667,-90.85990261,29181.0,7,7,0,0,7,7,13401,0,0,0,0,0
2020-05-23,US,Missouri,Saline,266,2,0,39.13734288,-93.20259964,29195.0,264,262,2,0,260,260,22895,4,0,0,4,2
2020-05-23,US,Missouri,Scotland,4,0,0,40.45214695,-92.14709064,29199.0,4,4,0,0,4,4,4966,0,0,0,0,0
2020-05-23,US,Missouri,Scott,91,8,0,37.05588075,-89.56474493,29201.0,83,91,8,0,83,89,38458,0,0,0,0,2
2020-05-23,US,Missouri,Shelby,1,0,0,39.79742518,-92.07634971,29205.0,1,1,0,0,1,1,6050,0,0,0,0,0
2020-05-23,US,Missouri,St. Charles,730,54,0,38.77875681,-90.66662425,29183.0,676,722,54,0,668,712,399182,8,0,0,8,10
2020-05-23,US,Missouri,St. Clair,3,0,0,38.03699437,-93.77631447,29185.0,3,3,0,0,3,3,9395,0,0,0,0,0
2020-05-23,US,Missouri,St. Francois,33,2,0,37.81214171,-90.47598685,29187.0,31,33,2,0,31,33,66692,0,0,0,0,0
2020-05-23,US,Missouri,St. Louis,4472,384,0,38.63770039999999,-90.4458375,29189.0,4088,4472,380,0,4092,4472,996945,0,4,0,-4,0
2020-05-23,US,Missouri,St. Louis City,1789,110,0,38.63555736,-90.24349225,29510.0,1679,1763,110,0,1653,1744,302838,26,0,0,26,19
2020-05-23,US,Missouri,Ste. Genevieve,8,1,0,37.89090059,-90.1949941,29186.0,7,8,1,0,7,8,17888,0,0,0,0,0
2020-05-23,US,Missouri,Stoddard,70,0,0,36.85571651,-89.9444155,29207.0,70,67,0,0,67,64,29206,3,0,0,3,3
2020-05-23,US,Missouri,Stone,4,0,0,36.75000327,-93.45256475,29209.0,4,4,0,0,4,4,31749,0,0,0,0,0
2020-05-23,US,Missouri,Sullivan,44,0,0,40.2099105,-93.11150106,29211.0,44,39,0,0,39,38,6221,5,0,0,5,1
2020-05-23,US,Missouri,Taney,14,2,0,36.65465345,-93.04075153,29213.0,12,14,2,0,12,14,55852,0,0,0,0,0
2020-05-23,US,Missouri,Vernon,7,0,0,37.8457799,-94.34127305,29217.0,7,7,0,0,7,7,20528,0,0,0,0,0
2020-05-23,US,Missouri,Warren,28,0,0,38.76529479,-91.16124662,29219.0,28,28,0,0,28,28,34711,0,0,0,0,0
2020-05-23,US,Missouri,Washington,10,1,0,37.96130078,-90.87948158,29221.0,9,10,1,0,9,10,24943,0,0,0,0,0
2020-05-23,US,Missouri,Webster,17,0,0,37.2813734,-92.876329,29225.0,17,17,0,0,17,17,39109,0,0,0,0,0
2020-05-23,US,Missouri,Worth,3,0,0,40.47945588,-94.42328751,29227.0,3,3,0,0,3,3,2040,0,0,0,0,0
2020-05-23,US,Missouri,Wright,11,0,0,37.27029221,-92.46914488,29229.0,11,11,0,0,11,11,18378,0,0,0,0,0
2020-05-23,US,Montana,Beaverhead,1,0,0,45.13434354,-112.89846940000001,30001.0,1,1,0,0,1,1,9404,0,0,0,0,0
2020-05-23,US,Montana,Big Horn,8,0,0,45.42335905,-107.492347,30003.0,8,8,0,0,8,8,13338,0,0,0,0,0
2020-05-23,US,Montana,Broadwater,4,0,0,46.33277565,-111.49558130000001,30007.0,4,4,0,0,4,4,6085,0,0,0,0,0
2020-05-23,US,Montana,Carbon,6,0,0,45.22850116,-109.0274047,30009.0,6,6,0,0,6,6,10714,0,0,0,0,0
2020-05-23,US,Montana,Cascade,17,2,0,47.30797024,-111.3467922,30013.0,15,17,2,0,15,17,81643,0,0,0,0,0
2020-05-23,US,Montana,Deer Lodge,3,0,0,46.05953325,-113.073353,30023.0,3,3,0,0,3,3,9131,0,0,0,0,0
2020-05-23,US,Montana,Flathead,37,2,0,48.29575866,-114.05205690000001,30029.0,35,37,2,0,35,37,102106,0,0,0,0,0
2020-05-23,US,Montana,Gallatin,149,1,0,45.54486106,-111.1692571,30031.0,148,149,1,0,148,149,111876,0,0,0,0,0
2020-05-23,US,Montana,Glacier,6,0,0,48.70513576,-112.9934235,30035.0,6,6,0,0,6,6,13747,0,0,0,0,0
2020-05-23,US,Montana,Golden Valley,3,0,0,46.3816474,-109.17685220000001,30037.0,3,3,0,0,3,3,826,0,0,0,0,0
2020-05-23,US,Montana,Hill,1,0,0,48.62879827,-110.1129252,30041.0,1,1,0,0,1,1,16347,0,0,0,0,0
2020-05-23,US,Montana,Jefferson,3,0,0,46.14907081,-112.094396,30043.0,3,3,0,0,3,3,12097,0,0,0,0,0
2020-05-23,US,Montana,Lake,5,0,0,47.64514965,-114.0898013,30047.0,5,5,0,0,5,5,30250,0,0,0,0,0
2020-05-23,US,Montana,Lewis and Clark,16,0,0,47.12610041,-112.39469799999999,30049.0,16,16,0,0,16,16,68700,0,0,0,0,0
2020-05-23,US,Montana,Liberty,1,0,0,48.56084317,-111.02430700000001,30051.0,1,1,0,0,1,1,2430,0,0,0,0,0
2020-05-23,US,Montana,Lincoln,7,1,0,48.54265777,-115.4046155,30053.0,6,7,1,0,6,7,19794,0,0,0,0,0
2020-05-23,US,Montana,Madison,8,1,0,45.30080065,-111.9173017,30057.0,7,8,1,0,7,8,8768,0,0,0,0,0
2020-05-23,US,Montana,Meagher,1,0,0,46.59907074,-110.8898557,30059.0,1,1,0,0,1,1,1866,0,0,0,0,0
2020-05-23,US,Montana,Missoula,39,1,0,47.03728583,-113.92135079999998,30063.0,38,39,1,0,38,39,118791,0,0,0,0,0
2020-05-23,US,Montana,Musselshell,1,0,0,46.49684637,-108.39498,30065.0,1,1,0,0,1,1,4651,0,0,0,0,0
2020-05-23,US,Montana,Park,8,0,0,45.48965095,-110.52643940000002,30067.0,8,8,0,0,8,8,16736,0,0,0,0,0
2020-05-23,US,Montana,Pondera,2,0,0,48.22773388,-112.22527029999999,30073.0,2,2,0,0,2,2,5972,0,0,0,0,0
2020-05-23,US,Montana,Ravalli,13,0,0,46.08520862,-114.11891640000002,30081.0,13,13,0,0,13,13,43172,0,0,0,0,0
2020-05-23,US,Montana,Richland,3,0,0,47.78668011,-104.5610786,30083.0,3,3,0,0,3,3,10913,0,0,0,0,0
2020-05-23,US,Montana,Roosevelt,7,0,0,48.29607488,-105.00792679999999,30085.0,7,7,0,0,7,7,11059,0,0,0,0,0
2020-05-23,US,Montana,Silver Bow,11,0,0,45.90018933,-112.6620092,30093.0,11,11,0,0,11,11,34993,0,0,0,0,0
2020-05-23,US,Montana,Stillwater,1,0,0,45.67071407,-109.3950061,30095.0,1,1,0,0,1,1,9534,0,0,0,0,0
2020-05-23,US,Montana,Toole,29,6,0,48.65577551,-111.69424140000001,30101.0,23,29,6,0,23,29,4853,0,0,0,0,0
2020-05-23,US,Montana,Wheatland,1,0,0,46.46652491,-109.84646359999999,30107.0,1,1,0,0,1,1,2236,0,0,0,0,0
2020-05-23,US,Montana,Yellowstone,88,2,0,45.93955949,-108.26914860000001,30111.0,86,88,2,0,86,88,160137,0,0,0,0,0
2020-05-23,US,Nebraska,Adams,264,11,0,40.52449420000001,-98.50117804,31001.0,253,258,11,0,247,258,31511,6,0,0,6,0
2020-05-23,US,Nebraska,Antelope,7,0,0,42.17695516,-98.06662829999999,31003.0,7,7,0,0,7,7,6336,0,0,0,0,0
2020-05-23,US,Nebraska,Boone,3,0,0,41.70759415,-98.06737183,31011.0,3,3,0,0,3,3,5239,0,0,0,0,0
2020-05-23,US,Nebraska,Box Butte,1,0,0,42.22079243,-103.08788340000001,31013.0,1,1,0,0,1,1,10772,0,0,0,0,0
2020-05-23,US,Nebraska,Buffalo,140,1,0,40.85486962,-99.07500296,31019.0,139,137,1,0,136,136,49615,3,0,0,3,1
2020-05-23,US,Nebraska,Burt,8,0,0,41.85056773,-96.32605633,31021.0,8,8,0,0,8,7,6488,0,0,0,0,1
2020-05-23,US,Nebraska,Butler,45,0,0,41.22703692,-97.13106306,31023.0,45,44,0,0,44,37,8058,1,0,0,1,7
2020-05-23,US,Nebraska,Cass,34,0,0,40.90899107,-96.13971217,31025.0,34,28,0,0,28,27,26159,6,0,0,6,1
2020-05-23,US,Nebraska,Cedar,7,0,0,42.598885100000004,-97.25311951,31027.0,7,7,0,0,7,6,8446,0,0,0,0,1
2020-05-23,US,Nebraska,Cherry,1,0,0,42.54502621,-101.1244332,31031.0,1,1,0,0,1,1,5761,0,0,0,0,0
2020-05-23,US,Nebraska,Cheyenne,9,0,0,41.21999357,-102.9941693,31033.0,9,9,0,0,9,9,9310,0,0,0,0,0
2020-05-23,US,Nebraska,Clay,22,0,0,40.52439441,-98.05126296,31035.0,22,22,0,0,22,20,6214,0,0,0,0,2
2020-05-23,US,Nebraska,Colfax,592,2,0,41.57486951,-97.0868542,31037.0,590,580,2,0,578,573,10881,12,0,0,12,7
2020-05-23,US,Nebraska,Cuming,32,0,0,41.91637624,-96.78730772,31039.0,32,26,0,0,26,26,8940,6,0,0,6,0
2020-05-23,US,Nebraska,Custer,30,4,0,41.39374521,-99.72805369,31041.0,26,30,4,0,26,29,10840,0,0,0,0,1
2020-05-23,US,Nebraska,Dakota,1575,15,0,42.39040144,-96.56656425,31043.0,1560,1568,15,0,1553,1489,20083,7,0,0,7,79
2020-05-23,US,Nebraska,Dawes,1,0,0,42.71985036,-103.1313774,31045.0,1,1,0,0,1,1,8716,0,0,0,0,0
2020-05-23,US,Nebraska,Dawson,816,7,0,40.87028216,-99.82014609999999,31047.0,809,814,7,0,807,813,23709,2,0,0,2,1
2020-05-23,US,Nebraska,Dixon,24,0,0,42.49188363,-96.86782408,31051.0,24,24,0,0,24,27,5709,0,0,0,0,-3
2020-05-23,US,Nebraska,Dodge,351,1,0,41.58071748,-96.65598179,31053.0,350,314,1,0,313,295,36791,37,0,0,37,19
2020-05-23,US,Nebraska,Douglas,3024,23,0,41.29518299,-96.15085305,31055.0,3001,2881,23,0,2858,2798,566880,143,0,0,143,83
2020-05-23,US,Nebraska,Fillmore,5,0,0,40.52458567,-97.59646937,31059.0,5,5,0,0,5,5,5527,0,0,0,0,0
2020-05-23,US,Nebraska,Franklin,6,0,0,40.17636348,-98.95299073,31061.0,6,6,0,0,6,6,3023,0,0,0,0,0
2020-05-23,US,Nebraska,Frontier,1,0,0,40.52993007,-100.3924658,31063.0,1,1,0,0,1,1,2608,0,0,0,0,0
2020-05-23,US,Nebraska,Furnas,7,0,0,40.17642064,-99.91247454,31065.0,7,6,0,0,6,6,4715,1,0,0,1,0
2020-05-23,US,Nebraska,Gage,44,3,0,40.26186809,-96.68946704,31067.0,41,44,3,0,41,44,21493,0,0,0,0,0
2020-05-23,US,Nebraska,Gosper,13,0,0,40.51481965,-99.83020279,31073.0,13,13,0,0,13,13,1996,0,0,0,0,0
2020-05-23,US,Nebraska,Greeley,3,0,0,41.56742671,-98.52150266,31077.0,3,2,0,0,2,2,2356,1,0,0,1,0
2020-05-23,US,Nebraska,Hall,1460,39,0,40.87257079,-98.50218293,31079.0,1421,1458,39,0,1419,1452,61607,2,0,0,2,6
2020-05-23,US,Nebraska,Hamilton,54,10,0,40.87349452,-98.02099117,31081.0,44,52,10,0,42,52,9280,2,0,0,2,0
2020-05-23,US,Nebraska,Harlan,1,0,0,40.17658508,-99.40438879,31083.0,1,1,0,0,1,,3401,0,0,0,0,
2020-05-23,US,Nebraska,Hitchcock,1,0,0,40.17609175,-101.04164770000001,31087.0,1,1,0,0,1,1,2806,0,0,0,0,0
2020-05-23,US,Nebraska,Holt,1,0,0,42.45522056,-98.78402558,31089.0,1,1,0,0,1,1,10178,0,0,0,0,0
2020-05-23,US,Nebraska,Howard,39,0,0,41.2200529,-98.5166499,31093.0,39,38,0,0,38,38,6468,1,0,0,1,0
2020-05-23,US,Nebraska,Jefferson,6,0,0,40.17584531,-97.142601,31095.0,6,6,0,0,6,6,7097,0,0,0,0,0
2020-05-23,US,Nebraska,Johnson,7,0,0,40.39257596,-96.26522753,31097.0,7,7,0,0,7,7,5134,0,0,0,0,0
2020-05-23,US,Nebraska,Kearney,11,0,0,40.50663314,-98.94877182,31099.0,11,11,0,0,11,11,6544,0,0,0,0,0
2020-05-23,US,Nebraska,Keith,2,0,0,41.19930341,-101.66201640000001,31101.0,2,2,0,0,2,2,8021,0,0,0,0,0
2020-05-23,US,Nebraska,Kimball,8,0,0,41.19774275,-103.7148131,31105.0,8,8,0,0,8,8,3618,0,0,0,0,0
2020-05-23,US,Nebraska,Knox,8,0,0,42.63758421,-97.89178836,31107.0,8,8,0,0,8,8,8419,0,0,0,0,0
2020-05-23,US,Nebraska,Lancaster,1033,6,0,40.78416049,-96.68777155,31109.0,1027,1002,6,0,996,995,317272,31,0,0,31,7
2020-05-23,US,Nebraska,Lincoln,47,2,0,41.04658298,-100.74753740000001,31111.0,45,46,2,0,44,48,35185,1,0,0,1,-2
2020-05-23,US,Nebraska,Madison,296,3,0,41.91676024,-97.6005481,31119.0,293,294,3,0,291,294,35392,2,0,0,2,0
2020-05-23,US,Nebraska,Merrick,32,0,0,41.16624273,-98.0374887,31121.0,32,32,0,0,32,32,7733,0,0,0,0,0
2020-05-23,US,Nebraska,Morrill,10,0,0,41.71711774,-103.0061405,31123.0,10,10,0,0,10,10,4686,0,0,0,0,0
2020-05-23,US,Nebraska,Nance,5,0,0,41.39750195,-97.99327291,31125.0,5,5,0,0,5,5,3532,0,0,0,0,0
2020-05-23,US,Nebraska,Nemaha,3,0,0,40.38514847,-95.85433992,31127.0,3,3,0,0,3,3,6958,0,0,0,0,0
2020-05-23,US,Nebraska,Nuckolls,1,0,0,40.17637905,-98.04743961,31129.0,1,1,0,0,1,1,4195,0,0,0,0,0
2020-05-23,US,Nebraska,Otoe,6,0,0,40.64843556,-96.13374142,31131.0,6,6,0,0,6,6,15985,0,0,0,0,0
2020-05-23,US,Nebraska,Phelps,18,0,0,40.51156033,-99.41461667,31137.0,18,16,0,0,16,16,8996,2,0,0,2,0
2020-05-23,US,Nebraska,Pierce,2,0,0,42.26434853,-97.60122773,31139.0,2,2,0,0,2,2,7142,0,0,0,0,0
2020-05-23,US,Nebraska,Platte,522,1,0,41.57246836,-97.52144359,31141.0,521,516,1,0,515,515,33363,6,0,0,6,1
2020-05-23,US,Nebraska,Polk,9,0,0,41.18813488,-97.56630712,31143.0,9,9,0,0,9,9,5278,0,0,0,0,0
2020-05-23,US,Nebraska,Red Willow,5,0,0,40.17556879999999,-100.476998,31145.0,5,5,0,0,5,5,10726,0,0,0,0,0
2020-05-23,US,Nebraska,Richardson,1,0,0,40.1247415,-95.71755036,31147.0,1,1,0,0,1,1,7937,0,0,0,0,0
2020-05-23,US,Nebraska,Saline,467,1,0,40.52418865,-97.14085859,31151.0,466,465,1,0,464,463,14350,2,0,0,2,2
2020-05-23,US,Nebraska,Sarpy,434,2,0,41.11314181,-96.11156432,31153.0,432,419,2,0,417,404,184459,15,0,0,15,15
2020-05-23,US,Nebraska,Saunders,27,1,0,41.227810299999994,-96.63773905,31155.0,26,25,1,0,24,22,21303,2,0,0,2,3
2020-05-23,US,Nebraska,Scotts Bluff,62,0,0,41.85070896,-103.70809859999999,31157.0,62,58,0,0,58,58,35989,4,0,0,4,0
2020-05-23,US,Nebraska,Seward,27,1,0,40.87241834,-97.139673,31159.0,26,27,1,0,26,27,17318,0,0,0,0,0
2020-05-23,US,Nebraska,Sherman,2,0,0,41.22045983,-98.97588642,31163.0,2,2,0,0,2,2,3038,0,0,0,0,0
2020-05-23,US,Nebraska,Stanton,16,0,0,41.9169835,-97.19394708,31167.0,16,15,0,0,15,15,5970,1,0,0,1,0
2020-05-23,US,Nebraska,Thomas,1,0,0,41.91358968,-100.5556632,31171.0,1,1,0,0,1,1,720,0,0,0,0,0
2020-05-23,US,Nebraska,Thurston,24,0,0,42.15725356,-96.54157099,31173.0,24,24,0,0,24,23,7303,0,0,0,0,1
2020-05-23,US,Nebraska,Unassigned,169,13,0,0.0,0.0,90031.0,156,169,13,0,156,170,,0,0,0,0,-1
2020-05-23,US,Nebraska,Valley,3,0,0,41.56730777,-98.98197724,31175.0,3,3,0,0,3,3,4190,0,0,0,0,0
2020-05-23,US,Nebraska,Washington,26,1,0,41.52815707,-96.22019892,31177.0,25,26,1,0,25,26,20667,0,0,0,0,0
2020-05-23,US,Nebraska,Wayne,12,0,0,42.20934475,-97.11926964,31179.0,12,7,0,0,7,7,9403,5,0,0,5,0
2020-05-23,US,Nebraska,Webster,5,0,0,40.17642643,-98.50019851,31181.0,5,5,0,0,5,5,3533,0,0,0,0,0
2020-05-23,US,Nebraska,York,35,0,0,40.87272618,-97.59710186,31185.0,35,35,0,0,35,30,13772,0,0,0,0,5
2020-05-23,US,Nevada,Carson City,83,4,0,39.15509045,-119.7480219,32510.0,79,83,4,0,79,81,55414,0,0,0,0,2
2020-05-23,US,Nevada,Churchill,6,0,0,39.58105744,-118.3394607,32001.0,6,6,0,0,6,6,24440,0,0,0,0,0
2020-05-23,US,Nevada,Clark,5815,322,0,36.21458855,-115.0130241,32003.0,5493,5815,322,0,5493,5734,2231647,0,0,0,0,81
2020-05-23,US,Nevada,Douglas,26,0,0,38.912862,-119.61713329999999,32005.0,26,26,0,0,26,26,48467,0,0,0,0,0
2020-05-23,US,Nevada,Elko,22,1,0,41.14531606,-115.3577619,32007.0,21,21,1,0,20,21,52460,1,0,0,1,0
2020-05-23,US,Nevada,Humboldt,78,4,0,41.40692186,-118.11094270000001,32013.0,74,78,4,0,74,76,16786,0,0,0,0,2
2020-05-23,US,Nevada,Lander,19,0,0,39.933223299999995,-117.03970749999999,32015.0,19,19,0,0,19,19,5575,0,0,0,0,0
2020-05-23,US,Nevada,Lincoln,2,0,0,37.64268459,-114.8790388,32017.0,2,2,0,0,2,2,5201,0,0,0,0,0
2020-05-23,US,Nevada,Lyon,51,0,0,39.01777974,-119.18704790000001,32019.0,51,51,0,0,51,51,55808,0,0,0,0,0
2020-05-23,US,Nevada,Mineral,4,0,0,38.53841696,-118.4344506,32021.0,4,4,0,0,4,4,4514,0,0,0,0,0
2020-05-23,US,Nevada,Nye,59,1,0,38.04264256,-116.47227020000001,32023.0,58,59,1,0,58,59,45346,0,0,0,0,0
2020-05-23,US,Nevada,Storey,1,0,0,39.44875482,-119.5250207,32029.0,1,1,0,0,1,1,4029,0,0,0,0,0
2020-05-23,US,Nevada,Unassigned,0,6,0,0.0,0.0,90032.0,-6,0,6,0,-6,0,,0,0,0,0,0
2020-05-23,US,Nevada,Washoe,1356,49,0,40.66562265,-119.6631594,32031.0,1307,1356,48,0,1308,1316,465735,0,1,0,-1,40
2020-05-23,US,Nevada,White Pine,4,0,0,39.44157041,-114.89996599999999,32033.0,4,4,0,0,4,4,9475,0,0,0,0,0
2020-05-23,US,New Hampshire,Belknap,55,0,0,43.51637314,-71.41684235,33001.0,55,54,0,0,54,54,61022,1,0,0,1,0
2020-05-23,US,New Hampshire,Carroll,46,0,0,43.87498583,-71.20430216,33003.0,46,46,0,0,46,46,48779,0,0,0,0,0
2020-05-23,US,New Hampshire,Cheshire,51,2,0,42.92015988,-72.25311043,33005.0,49,51,2,0,49,50,76493,0,0,0,0,1
2020-05-23,US,New Hampshire,Coos,4,0,0,44.69063265,-71.30633239,33007.0,4,4,0,0,4,4,31589,0,0,0,0,0
2020-05-23,US,New Hampshire,Grafton,69,1,0,43.93779815,-71.82057197,33009.0,68,68,1,0,67,66,89786,1,0,0,1,2
2020-05-23,US,New Hampshire,Hillsborough,2049,81,0,42.91537785,-71.7200253,33011.0,1968,2004,81,0,1923,1963,415247,45,0,0,45,41
2020-05-23,US,New Hampshire,Merrimack,312,13,0,43.29662971,-71.6811573,33013.0,299,307,13,0,294,299,151132,5,0,0,5,8
2020-05-23,US,New Hampshire,Rockingham,1218,62,0,42.98499744,-71.12883377,33015.0,1156,1199,62,0,1137,1179,309176,19,0,0,19,20
2020-05-23,US,New Hampshire,Strafford,253,12,0,43.291833000000004,-71.02336013,33017.0,241,248,12,0,236,243,130090,5,0,0,5,5
2020-05-23,US,New Hampshire,Sullivan,17,1,0,43.36094111,-72.22203125,33019.0,16,16,1,0,15,16,43144,1,0,0,1,0
2020-05-23,US,New Hampshire,Unassigned,15,36,0,0.0,0.0,90033.0,-21,17,32,0,-15,15,,-2,4,0,-6,2
2020-05-23,US,New Jersey,Atlantic,1936,143,0,39.47538693,-74.65848483,34001.0,1793,1919,130,0,1789,1895,265429,17,13,0,4,24
2020-05-23,US,New Jersey,Bergen,17668,1521,0,40.96010917,-74.07164325,34003.0,16147,17653,1515,0,16138,17583,936692,15,6,0,9,70
2020-05-23,US,New Jersey,Burlington,4252,266,0,39.87681124,-74.66927768,34005.0,3986,4217,261,0,3956,4097,445384,35,5,0,30,120
2020-05-23,US,New Jersey,Camden,5953,303,0,39.80343818,-74.96388753,34007.0,5650,5923,299,0,5624,5818,507078,30,4,0,26,105
2020-05-23,US,New Jersey,Cape May,558,48,0,39.15008829,-74.80170244,34009.0,510,545,46,0,499,534,92560,13,2,0,11,11
2020-05-23,US,New Jersey,Cumberland,1924,62,0,39.37199394,-75.10712559,34011.0,1862,1921,61,0,1860,1869,150972,3,1,0,2,52
2020-05-23,US,New Jersey,Essex,17160,1589,0,40.78681335,-74.24657979,34013.0,15571,17014,1585,0,15429,16980,799767,146,4,0,142,34
2020-05-23,US,New Jersey,Gloucester,2044,134,0,39.71581067,-75.13995546,34015.0,1910,2031,132,0,1899,2002,291408,13,2,0,11,29
2020-05-23,US,New Jersey,Hudson,18959,1138,0,40.73766234,-74.07515667,34017.0,17821,18880,1134,0,17746,18880,676061,79,4,0,75,0
2020-05-23,US,New Jersey,Hunterdon,938,57,0,40.56335249,-74.91284156,34019.0,881,938,55,0,883,925,124714,0,2,0,-2,13
2020-05-23,US,New Jersey,Mercer,6351,447,0,40.28047017,-74.70479631,34021.0,5904,6295,443,0,5852,6205,369811,56,4,0,52,90
2020-05-23,US,New Jersey,Middlesex,15215,942,0,40.43629879,-74.41426991,34023.0,14273,15165,935,0,14230,15057,829685,50,7,0,43,108
2020-05-23,US,New Jersey,Monmouth,7720,551,0,40.26549699,-74.22240686,34025.0,7169,7695,543,0,7152,7637,621354,25,8,0,17,58
2020-05-23,US,New Jersey,Morris,6192,590,0,40.86095313,-74.54553709999998,34027.0,5602,6171,587,0,5584,6155,494228,21,3,0,18,16
2020-05-23,US,New Jersey,Ocean,8316,686,0,39.8895449,-74.28089251,34029.0,7630,8285,678,0,7607,8214,601651,31,8,0,23,71
2020-05-23,US,New Jersey,Passaic,15610,888,0,41.03238628,-74.29954144,34031.0,14722,15604,881,0,14723,15497,503310,6,7,0,-1,107
2020-05-23,US,New Jersey,Salem,535,27,0,39.58719656,-75.34696629999998,34033.0,508,523,26,0,497,484,62607,12,1,0,11,39
2020-05-23,US,New Jersey,Somerset,4425,397,0,40.56465737,-74.61683016,34035.0,4028,4416,392,0,4024,4390,331164,9,5,0,4,26
2020-05-23,US,New Jersey,Sussex,1079,145,0,41.13891592,-74.69118243,34037.0,934,1075,141,0,934,1077,140799,4,4,0,0,-2
2020-05-23,US,New Jersey,Union,15186,1022,0,40.65835409,-74.30680092,34039.0,14164,15191,1018,0,14173,15176,558067,-5,4,0,-9,15
2020-05-23,US,New Jersey,Warren,1119,126,0,40.85951833,-74.99556527,34041.0,993,1118,123,0,995,1111,105779,1,3,0,-2,7
2020-05-23,US,New Mexico,Bernalillo,1313,66,0,35.05163625,-106.6703554,35001.0,1247,1313,66,0,1247,1273,678701,0,0,0,0,40
2020-05-23,US,New Mexico,Catron,2,1,0,33.91514144,-108.4046587,35003.0,1,2,1,0,1,2,3578,0,0,0,0,0
2020-05-23,US,New Mexico,Chaves,35,2,0,33.36406072,-104.4665365,35005.0,33,35,2,0,33,34,64689,0,0,0,0,1
2020-05-23,US,New Mexico,Cibola,122,4,0,34.91131525,-107.998876,35006.0,118,122,4,0,118,113,26746,0,0,0,0,9
2020-05-23,US,New Mexico,Colfax,5,0,0,36.60569702,-104.64726740000002,35007.0,5,5,0,0,5,5,12110,0,0,0,0,0
2020-05-23,US,New Mexico,Curry,45,0,0,34.57421077,-103.34688759999999,35009.0,45,45,0,0,45,44,49437,0,0,0,0,1
2020-05-23,US,New Mexico,Dona Ana,370,2,0,32.35275771,-106.83293870000001,35013.0,368,370,2,0,368,362,217522,0,0,0,0,8
2020-05-23,US,New Mexico,Eddy,17,1,0,32.47167456,-104.3053527,35015.0,16,17,1,0,16,17,57900,0,0,0,0,0
2020-05-23,US,New Mexico,Grant,16,0,0,32.73911281,-108.3827845,35017.0,16,16,0,0,16,16,27346,0,0,0,0,0
2020-05-23,US,New Mexico,Guadalupe,19,0,0,34.86319296,-104.790669,35019.0,19,19,0,0,19,19,4341,0,0,0,0,0
2020-05-23,US,New Mexico,Harding,1,0,0,35.85751555,-103.82209379999999,35021.0,1,1,0,0,1,1,655,0,0,0,0,0
2020-05-23,US,New Mexico,Hidalgo,1,0,0,31.91383467,-108.7151824,35023.0,1,1,0,0,1,1,4240,0,0,0,0,0
2020-05-23,US,New Mexico,Lea,21,0,0,32.79215361,-103.4123733,35025.0,21,21,0,0,21,21,69611,0,0,0,0,0
2020-05-23,US,New Mexico,Lincoln,3,0,0,33.74526079,-105.4586166,35027.0,3,3,0,0,3,3,19556,0,0,0,0,0
2020-05-23,US,New Mexico,Los Alamos,6,0,0,35.86631386,-106.31349850000001,35028.0,6,6,0,0,6,6,19101,0,0,0,0,0
2020-05-23,US,New Mexico,Luna,8,1,0,32.18179341,-107.75088259999998,35029.0,7,8,1,0,7,8,23963,0,0,0,0,0
2020-05-23,US,New Mexico,McKinley,2086,87,0,35.58007720000001,-108.262245,35031.0,1999,2086,87,0,1999,2044,72290,0,0,0,0,42
2020-05-23,US,New Mexico,Otero,12,1,0,32.61348406,-105.7417604,35035.0,11,12,1,0,11,8,66781,0,0,0,0,4
2020-05-23,US,New Mexico,Quay,5,1,0,35.10403332,-103.54817270000001,35037.0,4,5,1,0,4,5,8253,0,0,0,0,0
2020-05-23,US,New Mexico,Rio Arriba,36,0,0,36.51072137,-106.69316740000001,35039.0,36,36,0,0,36,36,39006,0,0,0,0,0
2020-05-23,US,New Mexico,Roosevelt,31,0,0,34.02097406,-103.4799493,35041.0,31,31,0,0,31,26,18743,0,0,0,0,5
2020-05-23,US,New Mexico,San Juan,1490,103,0,36.50838318,-108.32043700000001,35045.0,1387,1490,103,0,1387,1451,125043,0,0,0,0,39
2020-05-23,US,New Mexico,San Miguel,10,0,0,35.48014807,-104.8163562,35047.0,10,10,0,0,10,10,27591,0,0,0,0,0
2020-05-23,US,New Mexico,Sandoval,529,24,0,35.68862401,-106.86878030000001,35043.0,505,529,24,0,505,528,145179,0,0,0,0,1
2020-05-23,US,New Mexico,Santa Fe,129,3,0,35.50708973,-105.9774716,35049.0,126,129,3,0,126,127,150056,0,0,0,0,2
2020-05-23,US,New Mexico,Sierra,1,0,0,33.13028233,-107.1925893,35051.0,1,1,0,0,1,1,10968,0,0,0,0,0
2020-05-23,US,New Mexico,Socorro,49,4,0,34.00715494,-106.9298354,35053.0,45,49,4,0,45,49,16735,0,0,0,0,0
2020-05-23,US,New Mexico,Taos,22,0,0,36.58006022,-105.63101979999999,35055.0,22,22,0,0,22,22,32835,0,0,0,0,0
2020-05-23,US,New Mexico,Torrance,19,1,0,34.64048375,-105.8508949,35057.0,18,19,1,0,18,19,15591,0,0,0,0,0
2020-05-23,US,New Mexico,Unassigned,149,0,0,0.0,0.0,90035.0,149,149,0,0,149,149,,0,0,0,0,0
2020-05-23,US,New Mexico,Union,3,0,0,36.48126404,-103.4709624,35059.0,3,3,0,0,3,3,4118,0,0,0,0,0
2020-05-23,US,New Mexico,Valencia,70,1,0,34.71669834,-106.8103733,35061.0,69,70,1,0,69,69,76456,0,0,0,0,1
2020-05-23,US,New York,Albany,1770,76,0,42.60060306,-73.97723916,36001.0,1694,1756,69,0,1687,1700,307117,14,7,0,7,56
2020-05-23,US,New York,Allegany,44,0,0,42.25748406,-78.02750466,36003.0,44,44,0,0,44,44,46430,0,0,0,0,0
2020-05-23,US,New York,Broome,485,32,0,42.15903158,-75.81326086,36007.0,453,468,30,0,438,451,191659,17,2,0,15,17
2020-05-23,US,New York,Cattaraugus,78,0,0,42.24778241,-78.67923096,36009.0,78,74,0,0,74,71,76840,4,0,0,4,3
2020-05-23,US,New York,Cayuga,76,1,0,42.91261714,-76.55731592,36011.0,75,73,1,0,72,72,77145,3,0,0,3,1
2020-05-23,US,New York,Chautauqua,72,4,0,42.22769210000001,-79.36691763,36013.0,68,63,4,0,59,58,127939,9,0,0,9,5
2020-05-23,US,New York,Chemung,136,1,0,42.13891056,-76.7638805,36015.0,135,135,1,0,134,134,84254,1,0,0,1,1
2020-05-23,US,New York,Chenango,118,0,0,42.49430041,-75.60887553,36017.0,118,118,0,0,118,118,47536,0,0,0,0,0
2020-05-23,US,New York,Clinton,95,4,0,44.74530905,-73.67875352,36019.0,91,94,4,0,90,94,80695,1,0,0,1,0
2020-05-23,US,New York,Columbia,359,32,0,42.24819348,-73.63089095,36021.0,327,356,28,0,328,355,59916,3,4,0,-1,1
2020-05-23,US,New York,Cortland,38,0,0,42.59509207,-76.07048931,36023.0,38,37,0,0,37,36,47823,1,0,0,1,1
2020-05-23,US,New York,Delaware,74,4,0,42.19837623,-74.96709306,36025.0,70,72,4,0,68,71,44527,2,0,0,2,1
2020-05-23,US,New York,Dutchess,3793,133,0,41.76486060000001,-73.74356679,36027.0,3660,3767,126,0,3641,3745,293718,26,7,0,19,22
2020-05-23,US,New York,Erie,5552,480,0,42.76249024,-78.73063652,36029.0,5072,5397,449,0,4948,5270,919719,155,31,0,124,127
2020-05-23,US,New York,Essex,36,0,0,44.11630765,-73.77297842,36031.0,36,36,0,0,36,36,37300,0,0,0,0,0
2020-05-23,US,New York,Franklin,20,0,0,44.59040891,-74.29926032,36033.0,20,19,0,0,19,19,50293,1,0,0,1,0
2020-05-23,US,New York,Fulton,193,15,0,43.11363907,-74.41798804,36035.0,178,189,15,0,174,186,53591,4,0,0,4,3
2020-05-23,US,New York,Genesee,191,4,0,43.0022601,-78.19135193,36037.0,187,189,4,0,185,188,57511,2,0,0,2,1
2020-05-23,US,New York,Greene,217,18,0,42.275797,-74.12384884,36039.0,199,215,17,0,198,215,47491,2,1,0,1,0
2020-05-23,US,New York,Hamilton,5,0,0,43.66146647,-74.49721957,36041.0,5,5,0,0,5,5,4434,0,0,0,0,0
2020-05-23,US,New York,Herkimer,100,3,0,43.42034246,-74.96145307,36043.0,97,95,3,0,92,93,61833,5,0,0,5,2
2020-05-23,US,New York,Jefferson,72,0,0,44.04200959,-75.94653457,36045.0,72,72,0,0,72,71,111755,0,0,0,0,1
2020-05-23,US,New York,Lewis,19,0,0,43.784415700000004,-75.44903992,36049.0,19,19,0,0,19,18,26447,0,0,0,0,1
2020-05-23,US,New York,Livingston,114,7,0,42.72596275,-77.77966158,36051.0,107,114,7,0,107,114,63227,0,0,0,0,0
2020-05-23,US,New York,Madison,301,10,0,42.91653905,-75.67266639,36053.0,291,297,8,0,289,294,70795,4,2,0,2,3
2020-05-23,US,New York,Monroe,2661,188,0,43.14638895,-77.69322942,36055.0,2473,2601,174,0,2427,2530,742474,60,14,0,46,71
2020-05-23,US,New York,Montgomery,77,4,0,42.90123494,-74.44011632,36057.0,73,77,4,0,73,77,49455,0,0,0,0,0
2020-05-23,US,New York,Nassau,39726,2087,0,40.74066522,-73.58941873,36059.0,37639,39608,2082,0,37526,39487,1358343,118,5,0,113,121
2020-05-23,US,New York,New York City,197266,21138,0,40.76727260000001,-73.97152637,36061.0,176128,196484,21086,0,175398,195675,1628701,782,52,0,730,809
2020-05-23,US,New York,Niagara,927,59,0,43.19898042,-78.74777412,36063.0,868,897,52,0,845,880,210433,30,7,0,23,17
2020-05-23,US,New York,Oneida,864,38,0,43.24375382,-75.43710392,36065.0,826,828,35,0,793,817,229577,36,3,0,33,11
2020-05-23,US,New York,Onondaga,1904,115,0,43.00491923,-76.19971155,36067.0,1789,1828,103,0,1725,1771,461809,76,12,0,64,57
2020-05-23,US,New York,Ontario,182,9,0,42.85145728,-77.30874425,36069.0,173,180,9,0,171,176,109864,2,0,0,2,4
2020-05-23,US,New York,Orange,10197,429,0,41.40337468,-74.30240757,36071.0,9768,10142,428,0,9714,10092,381951,55,1,0,54,50
2020-05-23,US,New York,Orleans,196,23,0,43.2516977,-78.2320066,36073.0,173,175,23,0,152,174,40612,21,0,0,21,1
2020-05-23,US,New York,Oswego,99,3,0,43.42778894,-76.14635194,36075.0,96,96,3,0,93,92,117898,3,0,0,3,4
2020-05-23,US,New York,Otsego,68,5,0,42.63492579,-75.03151402,36077.0,63,67,5,0,62,67,59749,1,0,0,1,0
2020-05-23,US,New York,Putnam,1200,58,0,41.42630093,-73.74965532,36079.0,1142,1187,58,0,1129,1175,98892,13,0,0,13,12
2020-05-23,US,New York,Rensselaer,463,28,0,42.71348136,-73.51089874,36083.0,435,460,25,0,435,456,159442,3,3,0,0,4
2020-05-23,US,New York,Rockland,12934,618,0,41.15027894,-74.02560498,36087.0,12316,12905,611,0,12294,12877,325695,29,7,0,22,28
2020-05-23,US,New York,Saratoga,452,11,0,43.10904162,-73.86653895,36091.0,441,448,11,0,437,440,230163,4,0,0,4,8
2020-05-23,US,New York,Schenectady,648,29,0,42.81668777,-74.05278291,36093.0,619,645,28,0,617,638,155350,3,1,0,2,7
2020-05-23,US,New York,Schoharie,49,0,0,42.58831742,-74.44339029999998,36095.0,49,49,0,0,49,49,31097,0,0,0,0,0
2020-05-23,US,New York,Schuyler,11,0,0,42.39184015,-76.8773299,36097.0,11,11,0,0,11,10,17912,0,0,0,0,1
2020-05-23,US,New York,Seneca,54,0,0,42.78081007,-76.82497064,36099.0,54,54,0,0,54,52,34300,0,0,0,0,2
2020-05-23,US,New York,St. Lawrence,196,2,0,44.4976179,-75.06550039,36089.0,194,195,2,0,193,195,108047,1,0,0,1,0
2020-05-23,US,New York,Steuben,240,41,0,42.2689144,-77.3829924,36101.0,199,240,41,0,199,238,95796,0,0,0,0,2
2020-05-23,US,New York,Suffolk,38802,1822,0,40.88320119,-72.8012172,36103.0,36980,38672,1814,0,36858,38553,1481093,130,8,0,122,119
2020-05-23,US,New York,Sullivan,1297,29,0,41.71579493,-74.76394559,36105.0,1268,1287,28,0,1259,1281,75498,10,1,0,9,6
2020-05-23,US,New York,Tioga,121,21,0,42.16852837,-76.30835812,36107.0,100,118,20,0,98,117,48560,3,1,0,2,1
2020-05-23,US,New York,Tompkins,149,0,0,42.44945765,-76.47229843,36109.0,149,147,0,0,147,145,102793,2,0,0,2,2
2020-05-23,US,New York,Ulster,1606,72,0,41.89027881,-74.26252104,36111.0,1534,1595,71,0,1524,1584,178599,11,1,0,10,11
2020-05-23,US,New York,Warren,249,26,0,43.56173026,-73.8433699,36113.0,223,246,26,0,220,241,64265,3,0,0,3,5
2020-05-23,US,New York,Washington,225,13,0,43.31153794,-73.43043448,36115.0,212,224,13,0,211,222,61197,1,0,0,1,2
2020-05-23,US,New York,Wayne,107,3,0,43.15494365,-77.02976528,36117.0,104,104,3,0,101,103,90064,3,0,0,3,1
2020-05-23,US,New York,Westchester,32881,1327,0,41.16278376,-73.75741653,36119.0,31554,32767,1319,0,31448,32673,967612,114,8,0,106,94
2020-05-23,US,New York,Wyoming,80,5,0,42.70145109,-78.22199579,36121.0,75,79,5,0,74,79,40085,1,0,0,1,0
2020-05-23,US,New York,Yates,37,4,0,42.63505484,-77.10369919,36123.0,33,34,4,0,30,34,24841,3,0,0,3,0
2020-05-23,US,North Carolina,Alamance,268,20,0,36.0434701,-79.39976137,37001.0,248,268,20,0,248,234,166436,0,0,0,0,34
2020-05-23,US,North Carolina,Alexander,27,0,0,35.922379600000006,-81.17751948,37003.0,27,23,0,0,23,23,37353,4,0,0,4,0
2020-05-23,US,North Carolina,Alleghany,13,0,0,36.49360862,-81.12857041,37005.0,13,13,0,0,13,12,11161,0,0,0,0,1
2020-05-23,US,North Carolina,Anson,58,0,0,34.97403241,-80.09953279,37007.0,58,55,0,0,55,50,24877,3,0,0,3,5
2020-05-23,US,North Carolina,Ashe,33,0,0,36.43296207,-81.49862729,37009.0,33,32,0,0,32,28,27109,1,0,0,1,4
2020-05-23,US,North Carolina,Avery,2,0,0,36.07569796,-81.92308483,37011.0,2,2,0,0,2,1,17505,0,0,0,0,1
2020-05-23,US,North Carolina,Beaufort,35,0,0,35.48531943,-76.84325809,37013.0,35,35,0,0,35,33,47079,0,0,0,0,2
2020-05-23,US,North Carolina,Bertie,109,3,0,36.0688473,-76.96545943,37015.0,106,108,3,0,105,98,19026,1,0,0,1,10
2020-05-23,US,North Carolina,Bladen,92,2,0,34.61296243,-78.56180059,37017.0,90,91,2,0,89,81,33190,1,0,0,1,10
2020-05-23,US,North Carolina,Brunswick,74,2,0,34.070565,-78.22814204,37019.0,72,68,2,0,66,62,136744,6,0,0,6,6
2020-05-23,US,North Carolina,Buncombe,251,8,0,35.61113393,-82.53305,37021.0,243,246,8,0,238,183,259103,5,0,0,5,63
2020-05-23,US,North Carolina,Burke,266,14,0,35.74989637,-81.70755735,37023.0,252,253,14,0,239,210,90382,13,0,0,13,43
2020-05-23,US,North Carolina,Cabarrus,428,22,0,35.3877799,-80.55267168,37025.0,406,423,22,0,401,400,211342,5,0,0,5,23
2020-05-23,US,North Carolina,Caldwell,105,2,0,35.95204977,-81.54799522,37027.0,103,104,2,0,102,92,82029,1,0,0,1,12
2020-05-23,US,North Carolina,Camden,3,0,0,36.33804939,-76.15568396,37029.0,3,3,0,0,3,3,10710,0,0,0,0,0
2020-05-23,US,North Carolina,Carteret,36,9,0,34.8932941,-76.54120135,37031.0,27,36,9,0,27,36,69524,0,0,0,0,0
2020-05-23,US,North Carolina,Caswell,52,1,0,36.39312665,-79.33353281,37033.0,51,51,1,0,50,45,22698,1,0,0,1,6
2020-05-23,US,North Carolina,Catawba,143,3,0,35.66211129,-81.2132617,37035.0,140,143,3,0,140,121,158652,0,0,0,0,22
2020-05-23,US,North Carolina,Chatham,573,26,0,35.70394416,-79.25541492,37037.0,547,564,26,0,538,543,73139,9,0,0,9,21
2020-05-23,US,North Carolina,Cherokee,30,1,0,35.1349263,-84.05970864,37039.0,29,30,1,0,29,30,28383,0,0,0,0,0
2020-05-23,US,North Carolina,Chowan,15,0,0,36.12908077,-76.60118385,37041.0,15,15,0,0,15,15,14029,0,0,0,0,0
2020-05-23,US,North Carolina,Clay,8,0,0,35.05704275,-83.74353633,37043.0,8,8,0,0,8,8,11139,0,0,0,0,0
2020-05-23,US,North Carolina,Cleveland,67,2,0,35.33553364,-81.55204486,37045.0,65,63,2,0,61,60,97645,4,0,0,4,3
2020-05-23,US,North Carolina,Columbus,289,21,0,34.26744084,-78.65801424,37047.0,268,289,21,0,268,259,55655,0,0,0,0,30
2020-05-23,US,North Carolina,Craven,177,4,0,35.11833364,-77.08398081,37049.0,173,168,4,0,164,135,102912,9,0,0,9,33
2020-05-23,US,North Carolina,Cumberland,569,16,0,35.04762133,-78.82623165,37051.0,553,569,16,0,553,529,332330,0,0,0,0,40
2020-05-23,US,North Carolina,Currituck,11,0,0,36.36123664,-75.95876401,37053.0,11,11,0,0,11,11,27072,0,0,0,0,0
2020-05-23,US,North Carolina,Dare,22,3,0,35.66520691,-75.71767334,37055.0,19,22,3,0,19,22,36501,0,0,0,0,0
2020-05-23,US,North Carolina,Davidson,345,11,0,35.79115496,-80.21256572,37057.0,334,343,11,0,332,323,166614,2,0,0,2,20
2020-05-23,US,North Carolina,Davie,67,2,0,35.93099927,-80.54496571,37059.0,65,62,2,0,60,55,42733,5,0,0,5,7
2020-05-23,US,North Carolina,Duplin,597,13,0,34.93449805,-77.93140529,37061.0,584,545,13,0,532,470,58856,52,0,0,52,75
2020-05-23,US,North Carolina,Durham,1230,44,0,36.03638492,-78.87608331,37063.0,1186,1216,44,0,1172,1131,316739,14,0,0,14,85
2020-05-23,US,North Carolina,Edgecombe,184,9,0,35.91230639,-77.59436892,37065.0,175,176,9,0,167,174,52005,8,0,0,8,2
2020-05-23,US,North Carolina,Forsyth,889,7,0,36.12859861,-80.25459052,37067.0,882,869,7,0,862,773,379099,20,0,0,20,96
2020-05-23,US,North Carolina,Franklin,141,22,0,36.081519,-78.28708884,37069.0,119,138,22,0,116,131,67560,3,0,0,3,7
2020-05-23,US,North Carolina,Gaston,247,6,0,35.29373559,-81.17477045,37071.0,241,247,6,0,241,220,222846,0,0,0,0,27
2020-05-23,US,North Carolina,Gates,21,1,0,36.44667547,-76.69749701,37073.0,20,14,1,0,13,14,11573,7,0,0,7,0
2020-05-23,US,North Carolina,Graham,2,0,0,35.3506925,-83.83369267,37075.0,2,2,0,0,2,2,8484,0,0,0,0,0
2020-05-23,US,North Carolina,Granville,239,7,0,36.30337451,-78.65184241,37077.0,232,226,7,0,219,215,60115,13,0,0,13,11
2020-05-23,US,North Carolina,Greene,64,2,0,35.48544173,-77.67578087,37079.0,62,58,2,0,56,51,21012,6,0,0,6,7
2020-05-23,US,North Carolina,Guilford,1033,52,0,36.07959451,-79.78824948,37081.0,981,977,50,0,927,931,533670,56,2,0,54,46
2020-05-23,US,North Carolina,Halifax,147,1,0,36.25669272,-77.6556109,37083.0,146,147,1,0,146,125,50574,0,0,0,0,22
2020-05-23,US,North Carolina,Harnett,269,21,0,35.36731853,-78.87243571,37085.0,248,259,21,0,238,255,134214,10,0,0,10,4
2020-05-23,US,North Carolina,Haywood,39,0,0,35.55269063,-82.98196486,37087.0,39,39,0,0,39,28,61971,0,0,0,0,11
2020-05-23,US,North Carolina,Henderson,313,42,0,35.33788927,-82.4766782,37089.0,271,306,41,0,265,299,116748,7,1,0,6,7
2020-05-23,US,North Carolina,Hertford,65,1,0,36.3607755,-76.98104134,37091.0,64,61,1,0,60,60,23659,4,0,0,4,1
2020-05-23,US,North Carolina,Hoke,187,1,0,35.01888303,-79.23651674,37093.0,186,175,1,0,174,166,54764,12,0,0,12,9
2020-05-23,US,North Carolina,Hyde,1,0,0,35.42017674,-76.15180542,37095.0,1,1,0,0,1,1,5230,0,0,0,0,0
2020-05-23,US,North Carolina,Iredell,219,6,0,35.80950511,-80.8743128,37097.0,213,213,6,0,207,203,178435,6,0,0,6,10
2020-05-23,US,North Carolina,Jackson,27,1,0,35.28814273,-83.14093385,37099.0,26,27,1,0,26,27,43327,0,0,0,0,0
2020-05-23,US,North Carolina,Johnston,320,20,0,35.51745004,-78.36622717,37101.0,300,314,20,0,294,276,202675,6,0,0,6,38
2020-05-23,US,North Carolina,Jones,28,3,0,35.02254606,-77.35870791,37103.0,25,26,3,0,23,23,9637,2,0,0,2,3
2020-05-23,US,North Carolina,Lee,362,3,0,35.47623147,-79.17569362,37105.0,359,359,3,0,356,343,61452,3,0,0,3,16
2020-05-23,US,North Carolina,Lenoir,182,7,0,35.24032589999999,-77.64245615,37107.0,175,179,7,0,172,168,55976,3,0,0,3,11
2020-05-23,US,North Carolina,Lincoln,58,0,0,35.48508185,-81.21740317,37109.0,58,56,0,0,56,52,83770,2,0,0,2,4
2020-05-23,US,North Carolina,Macon,8,1,0,35.14867843,-83.41696617,37113.0,7,7,1,0,6,5,35285,1,0,0,1,2
2020-05-23,US,North Carolina,Madison,4,0,0,35.85402722,-82.71346418,37115.0,4,4,0,0,4,2,21763,0,0,0,0,2
2020-05-23,US,North Carolina,Martin,52,4,0,35.84326734,-77.10860251,37117.0,48,48,4,0,44,39,22671,4,0,0,4,9
2020-05-23,US,North Carolina,McDowell,38,1,0,35.67736232,-82.0482425,37111.0,37,38,1,0,37,33,45507,0,0,0,0,5
2020-05-23,US,North Carolina,Mecklenburg,3142,73,0,35.24469268,-80.8317671,37119.0,3069,3001,73,0,2928,2780,1093901,141,0,0,141,221
2020-05-23,US,North Carolina,Mitchell,9,0,0,36.01059309,-82.1582442,37121.0,9,9,0,0,9,8,15000,0,0,0,0,1
2020-05-23,US,North Carolina,Montgomery,84,3,0,35.33155144,-79.90416657,37123.0,81,78,3,0,75,68,27271,6,0,0,6,10
2020-05-23,US,North Carolina,Moore,198,10,0,35.30885257,-79.48474178,37125.0,188,198,10,0,188,183,98682,0,0,0,0,15
2020-05-23,US,North Carolina,Nash,174,4,0,35.96575634,-77.98422508,37127.0,170,166,4,0,162,163,94016,8,0,0,8,3
2020-05-23,US,North Carolina,New Hanover,152,4,0,34.25758282,-77.87075626,37129.0,148,152,4,0,148,146,232274,0,0,0,0,6
2020-05-23,US,North Carolina,Northampton,137,12,0,36.41736238,-77.39769443,37131.0,125,137,12,0,125,131,19676,0,0,0,0,6
2020-05-23,US,North Carolina,Onslow,94,2,0,34.72607366,-77.42908179,37133.0,92,87,2,0,85,80,197683,7,0,0,7,7
2020-05-23,US,North Carolina,Orange,294,39,0,36.06092947,-79.12167935,37135.0,255,291,39,0,252,289,146027,3,0,0,3,2
2020-05-23,US,North Carolina,Pamlico,10,0,0,35.15253315,-76.66559823,37137.0,10,10,0,0,10,9,12670,0,0,0,0,1
2020-05-23,US,North Carolina,Pasquotank,95,9,0,36.26723798,-76.25134778,37139.0,86,95,9,0,86,90,39639,0,0,0,0,5
2020-05-23,US,North Carolina,Pender,65,1,0,34.52265624,-77.90352133,37141.0,64,64,1,0,63,50,62162,1,0,0,1,14
2020-05-23,US,North Carolina,Perquimans,23,2,0,36.17847453,-76.40603143,37143.0,21,23,2,0,21,23,13422,0,0,0,0,0
2020-05-23,US,North Carolina,Person,37,1,0,36.38989032,-78.97217358,37145.0,36,34,1,0,33,34,39507,3,0,0,3,0
2020-05-23,US,North Carolina,Pitt,254,2,0,35.59535426,-77.37353178,37147.0,252,246,2,0,244,228,179914,8,0,0,8,18
2020-05-23,US,North Carolina,Polk,35,4,0,35.27820615,-82.16812354,37149.0,31,35,4,0,31,35,20611,0,0,0,0,0
2020-05-23,US,North Carolina,Randolph,549,8,0,35.71015088,-79.80570339,37151.0,541,543,8,0,535,495,143351,6,0,0,6,48
2020-05-23,US,North Carolina,Richmond,145,2,0,35.00417719,-79.74491009,37153.0,143,132,2,0,130,121,44887,13,0,0,13,11
2020-05-23,US,North Carolina,Robeson,646,12,0,34.64244496,-79.10250529999998,37155.0,634,646,12,0,634,628,131831,0,0,0,0,18
2020-05-23,US,North Carolina,Rockingham,65,2,0,36.39593137,-79.77504841,37157.0,63,59,2,0,57,49,90690,6,0,0,6,10
2020-05-23,US,North Carolina,Rowan,603,27,0,35.64003916,-80.52446628,37159.0,576,597,27,0,570,570,141262,6,0,0,6,27
2020-05-23,US,North Carolina,Rutherford,161,7,0,35.40114178,-81.92112099,37161.0,154,161,7,0,154,156,66826,0,0,0,0,5
2020-05-23,US,North Carolina,Sampson,367,1,0,34.98820368,-78.36914061,37163.0,366,345,1,0,344,302,63626,22,0,0,22,43
2020-05-23,US,North Carolina,Scotland,62,0,0,34.8386299,-79.4757978,37165.0,62,60,0,0,60,56,34810,2,0,0,2,4
2020-05-23,US,North Carolina,Stanly,42,4,0,35.31647813,-80.25093221,37167.0,38,37,4,0,33,33,62075,5,0,0,5,4
2020-05-23,US,North Carolina,Stokes,50,0,0,36.4017975,-80.23893369,37169.0,50,42,0,0,42,39,45467,8,0,0,8,3
2020-05-23,US,North Carolina,Surry,151,1,0,36.41689489,-80.69102283,37171.0,150,122,1,0,121,102,71948,29,0,0,29,20
2020-05-23,US,North Carolina,Swain,10,0,0,35.48665845,-83.48748932,37173.0,10,10,0,0,10,6,14245,0,0,0,0,4
2020-05-23,US,North Carolina,Transylvania,11,0,0,35.20383864,-82.79638423,37175.0,11,9,0,0,9,8,34215,2,0,0,2,1
2020-05-23,US,North Carolina,Tyrrell,4,0,0,35.87147226,-76.17055253,37177.0,4,4,0,0,4,4,4131,0,0,0,0,0
2020-05-23,US,North Carolina,Union,393,17,0,34.98960527,-80.52955873,37179.0,376,373,17,0,356,371,235908,20,0,0,20,2
2020-05-23,US,North Carolina,Vance,239,18,0,36.36880673,-78.40670845,37181.0,221,215,18,0,197,202,44582,24,0,0,24,13
2020-05-23,US,North Carolina,Wake,1434,32,0,35.78879266,-78.65249174,37183.0,1402,1393,32,0,1361,1326,1092305,41,0,0,41,67
2020-05-23,US,North Carolina,Warren,54,0,0,36.39728256,-78.10652228,37185.0,54,48,0,0,48,36,19807,6,0,0,6,12
2020-05-23,US,North Carolina,Washington,26,3,0,35.83810081,-76.57299037,37187.0,23,26,3,0,23,26,11859,0,0,0,0,0
2020-05-23,US,North Carolina,Watauga,13,0,0,36.23103603,-81.70033724,37189.0,13,13,0,0,13,12,55945,0,0,0,0,1
2020-05-23,US,North Carolina,Wayne,980,18,0,35.36438125,-78.00027268,37191.0,962,949,18,0,931,888,123248,31,0,0,31,61
2020-05-23,US,North Carolina,Wilkes,472,3,0,36.2084135,-81.16232895,37193.0,469,462,3,0,459,451,68557,10,0,0,10,11
2020-05-23,US,North Carolina,Wilson,309,9,0,35.70625477,-77.917978,37195.0,300,275,9,0,266,261,81455,34,0,0,34,14
2020-05-23,US,North Carolina,Yadkin,131,1,0,36.16222629,-80.66239436,37197.0,130,128,1,0,127,124,37543,3,0,0,3,4
2020-05-23,US,North Carolina,Yancey,10,0,0,35.90079156,-82.31237181,37199.0,10,10,0,0,10,10,17903,0,0,0,0,0
2020-05-23,US,North Dakota,Barnes,4,0,0,46.93579637,-98.06605978,38003.0,4,4,0,0,4,4,10542,0,0,0,0,0
2020-05-23,US,North Dakota,Benson,1,0,0,48.0683985,-99.35916363,38005.0,1,1,0,0,1,1,6962,0,0,0,0,0
2020-05-23,US,North Dakota,Bottineau,2,0,0,48.79106111,-100.8378166,38009.0,2,2,0,0,2,2,6411,0,0,0,0,0
2020-05-23,US,North Dakota,Bowman,1,0,0,46.11285362,-103.5203343,38011.0,1,1,0,0,1,1,3076,0,0,0,0,0
2020-05-23,US,North Dakota,Burke,5,0,0,48.79094471,-102.51821170000001,38013.0,5,5,0,0,5,5,2100,0,0,0,0,0
2020-05-23,US,North Dakota,Burleigh,129,0,0,46.97847375,-100.46452140000001,38015.0,129,128,0,0,128,126,95273,1,0,0,1,2
2020-05-23,US,North Dakota,Cass,1487,35,0,46.93201724,-97.24447190000001,38017.0,1452,1442,34,0,1408,1370,181516,45,1,0,44,72
2020-05-23,US,North Dakota,Divide,1,0,0,48.814938700000006,-103.48736109999999,38023.0,1,1,0,0,1,1,2283,0,0,0,0,0
2020-05-23,US,North Dakota,Dunn,12,0,0,47.35423935,-102.61604679999999,38025.0,12,12,0,0,12,12,4332,0,0,0,0,0
2020-05-23,US,North Dakota,Eddy,7,0,0,47.71701474,-98.90432337,38027.0,7,8,0,0,8,2,2313,-1,0,0,-1,6
2020-05-23,US,North Dakota,Emmons,6,1,0,46.28398398,-100.2389766,38029.0,5,6,1,0,5,5,3295,0,0,0,0,1
2020-05-23,US,North Dakota,Foster,1,0,0,47.457108399999996,-98.88279923,38031.0,1,1,0,0,1,1,3216,0,0,0,0,0
2020-05-23,US,North Dakota,Grand Forks,321,3,0,47.92093639,-97.45450447,38035.0,318,320,3,0,317,320,70770,1,0,0,1,0
2020-05-23,US,North Dakota,Grant,2,0,0,46.35821257,-101.63900129999999,38037.0,2,2,0,0,2,2,2374,0,0,0,0,0
2020-05-23,US,North Dakota,Griggs,1,0,0,47.45785838,-98.23850925,38039.0,1,1,0,0,1,,2232,0,0,0,0,
2020-05-23,US,North Dakota,McHenry,2,1,0,48.23104458,-100.6324822,38049.0,1,2,1,0,1,2,5816,0,0,0,0,0
2020-05-23,US,North Dakota,McIntosh,1,0,0,46.11182017,-99.44145858,38051.0,1,1,0,0,1,1,2585,0,0,0,0,0
2020-05-23,US,North Dakota,McKenzie,16,0,0,47.74133370000001,-103.395905,38053.0,16,16,0,0,16,16,13632,0,0,0,0,0
2020-05-23,US,North Dakota,McLean,7,0,0,47.60766714,-101.3182418,38055.0,7,7,0,0,7,7,9541,0,0,0,0,0
2020-05-23,US,North Dakota,Mercer,5,0,0,47.31213126,-101.8318399,38057.0,5,5,0,0,5,5,8267,0,0,0,0,0
2020-05-23,US,North Dakota,Morton,64,2,0,46.71681782,-101.2822377,38059.0,62,64,2,0,62,64,31095,0,0,0,0,0
2020-05-23,US,North Dakota,Mountrail,39,0,0,48.20197971,-102.3555315,38061.0,39,39,0,0,39,39,10218,0,0,0,0,0
2020-05-23,US,North Dakota,Nelson,2,0,0,47.9226426,-98.19038437,38063.0,2,2,0,0,2,2,2869,0,0,0,0,0
2020-05-23,US,North Dakota,Oliver,1,0,0,47.11530482,-101.3406158,38065.0,1,1,0,0,1,1,1952,0,0,0,0,0
2020-05-23,US,North Dakota,Pembina,6,0,0,48.76623521,-97.5523809,38067.0,6,6,0,0,6,6,6947,0,0,0,0,0
2020-05-23,US,North Dakota,Pierce,4,0,0,48.24977025,-99.96407787,38069.0,4,4,0,0,4,4,4081,0,0,0,0,0
2020-05-23,US,North Dakota,Ramsey,9,1,0,48.26886249,-98.72223879,38071.0,8,9,1,0,8,9,11481,0,0,0,0,0
2020-05-23,US,North Dakota,Ransom,8,0,0,46.45621782,-97.65742504,38073.0,8,7,0,0,7,7,5237,1,0,0,1,0
2020-05-23,US,North Dakota,Renville,1,0,0,48.71982533,-101.6603912,38075.0,1,1,0,0,1,1,2374,0,0,0,0,0
2020-05-23,US,North Dakota,Richland,15,0,0,46.26440649,-96.94852979,38077.0,15,15,0,0,15,14,16239,0,0,0,0,1
2020-05-23,US,North Dakota,Rolette,4,0,0,48.77245354,-99.84097493,38079.0,4,4,0,0,4,4,14301,0,0,0,0,0
2020-05-23,US,North Dakota,Sargent,3,0,0,46.10830372,-97.63217159,38081.0,3,3,0,0,3,3,3870,0,0,0,0,0
2020-05-23,US,North Dakota,Sioux,2,0,0,46.11323337,-101.04401490000001,38085.0,2,2,0,0,2,2,4358,0,0,0,0,0
2020-05-23,US,North Dakota,Slope,3,0,0,46.44737738,-103.4601547,38087.0,3,3,0,0,3,3,763,0,0,0,0,0
2020-05-23,US,North Dakota,Stark,61,2,0,46.80851182,-102.65763259999999,38089.0,59,61,2,0,59,61,30997,0,0,0,0,0
2020-05-23,US,North Dakota,Steele,1,0,0,47.45611548,-97.72728747,38091.0,1,1,0,0,1,1,1903,0,0,0,0,0
2020-05-23,US,North Dakota,Stutsman,18,0,0,46.97962541,-98.95637318,38093.0,18,18,0,0,18,17,20917,0,0,0,0,1
2020-05-23,US,North Dakota,Traill,20,0,0,47.45367788,-97.16323288,38097.0,20,20,0,0,20,20,8037,0,0,0,0,0
2020-05-23,US,North Dakota,Unassigned,0,6,0,0.0,0.0,90038.0,-6,0,7,0,-7,0,,0,-1,0,1,0
2020-05-23,US,North Dakota,Walsh,11,0,0,48.36876964,-97.72574783,38099.0,11,11,0,0,11,11,10667,0,0,0,0,0
2020-05-23,US,North Dakota,Ward,54,1,0,48.22390169,-101.54367629999999,38101.0,53,54,1,0,53,53,67744,0,0,0,0,1
2020-05-23,US,North Dakota,Wells,3,0,0,47.58614526,-99.65904998,38103.0,3,2,0,0,2,2,3957,1,0,0,1,0
2020-05-23,US,North Dakota,Williams,25,0,0,48.34522353,-103.4793387,38105.0,25,25,0,0,25,22,35350,0,0,0,0,3
2020-05-23,US,Ohio,Adams,8,1,0,38.84541072,-83.4718964,39001.0,7,8,1,0,7,8,27724,0,0,0,0,0
2020-05-23,US,Ohio,Allen,184,31,0,40.77285242,-84.10802343,39003.0,153,178,31,0,147,176,102663,6,0,0,6,2
2020-05-23,US,Ohio,Ashland,17,0,0,40.84772277,-82.27280781,39005.0,17,17,0,0,17,17,53745,0,0,0,0,0
2020-05-23,US,Ohio,Ashtabula,274,31,0,41.70860332,-80.74830218,39007.0,243,272,30,0,242,263,97493,2,1,0,1,9
2020-05-23,US,Ohio,Athens,13,1,0,39.33425634,-82.04278644,39009.0,12,13,1,0,12,13,65818,0,0,0,0,0
2020-05-23,US,Ohio,Auglaize,58,3,0,40.55998859,-84.22421429999999,39011.0,55,56,3,0,53,55,45804,2,0,0,2,1
2020-05-23,US,Ohio,Belmont,381,12,0,40.01625942,-80.9924051,39013.0,369,374,11,0,363,362,67505,7,1,0,6,12
2020-05-23,US,Ohio,Brown,24,1,0,38.93416837,-83.86788395,39015.0,23,24,1,0,23,23,43602,0,0,0,0,1
2020-05-23,US,Ohio,Butler,750,25,0,39.44012838,-84.57388716,39017.0,725,734,23,0,711,699,382378,16,2,0,14,35
2020-05-23,US,Ohio,Carroll,28,2,0,40.578968599999996,-81.09178213,39019.0,26,28,2,0,26,26,27081,0,0,0,0,2
2020-05-23,US,Ohio,Champaign,26,1,0,40.13923427,-83.76875242,39021.0,25,26,1,0,25,25,38754,0,0,0,0,1
2020-05-23,US,Ohio,Clark,195,6,0,39.91592258,-83.78498252,39023.0,189,184,5,0,179,178,134585,11,1,0,10,6
2020-05-23,US,Ohio,Clermont,177,5,0,39.04847534,-84.15375786,39025.0,172,170,5,0,165,167,205466,7,0,0,7,3
2020-05-23,US,Ohio,Clinton,43,0,0,39.41485808,-83.80852286,39027.0,43,43,0,0,43,43,42057,0,0,0,0,0
2020-05-23,US,Ohio,Columbiana,477,50,0,40.76932373,-80.78094576,39029.0,427,476,49,0,427,467,102665,1,1,0,0,9
2020-05-23,US,Ohio,Coshocton,24,0,0,40.30096166,-81.91729018,39031.0,24,23,0,0,23,22,36629,1,0,0,1,1
2020-05-23,US,Ohio,Crawford,104,3,0,40.85065156,-82.91989099,39033.0,101,104,3,0,101,103,41550,0,0,0,0,1
2020-05-23,US,Ohio,Cuyahoga,3851,207,0,41.424119,-81.65918339,39035.0,3644,3762,204,0,3558,3667,1243857,89,3,0,86,95
2020-05-23,US,Ohio,Darke,147,16,0,40.13412966,-84.6194517,39037.0,131,146,16,0,130,142,51323,1,0,0,1,4
2020-05-23,US,Ohio,Defiance,32,2,0,41.32398837,-84.49076944,39039.0,30,32,2,0,30,30,38165,0,0,0,0,2
2020-05-23,US,Ohio,Delaware,292,11,0,40.27942393,-83.00457058,39041.0,281,282,11,0,271,280,204826,10,0,0,10,2
2020-05-23,US,Ohio,Erie,137,4,0,41.36796058,-82.62904521,39043.0,133,133,4,0,129,131,74615,4,0,0,4,2
2020-05-23,US,Ohio,Fairfield,233,3,0,39.75107189,-82.63088163,39045.0,230,229,3,0,226,222,155782,4,0,0,4,7
2020-05-23,US,Ohio,Fayette,34,0,0,39.56021306,-83.4562016,39047.0,34,34,0,0,34,33,28666,0,0,0,0,1
2020-05-23,US,Ohio,Franklin,5097,224,0,39.96995815,-83.01115755,39049.0,4873,4996,215,0,4781,4885,1310300,101,9,0,92,111
2020-05-23,US,Ohio,Fulton,35,0,0,41.60213491,-84.12571393,39051.0,35,35,0,0,35,35,42276,0,0,0,0,0
2020-05-23,US,Ohio,Gallia,7,1,0,38.82708533,-82.31647569,39053.0,6,7,1,0,6,7,29979,0,0,0,0,0
2020-05-23,US,Ohio,Geauga,250,29,0,41.49952319,-81.17935342,39055.0,221,248,27,0,221,241,94031,2,2,0,0,7
2020-05-23,US,Ohio,Greene,92,5,0,39.69116283,-83.89032084,39057.0,87,86,5,0,81,86,167995,6,0,0,6,0
2020-05-23,US,Ohio,Guernsey,30,0,0,40.05026529,-81.49248905,39059.0,30,29,0,0,29,29,39022,1,0,0,1,0
2020-05-23,US,Ohio,Hamilton,2349,128,0,39.19673558,-84.54502924,39061.0,2221,2279,124,0,2155,2228,816684,70,4,0,66,51
2020-05-23,US,Ohio,Hancock,48,1,0,41.00250487,-83.66838948,39063.0,47,47,1,0,46,47,75930,1,0,0,1,0
2020-05-23,US,Ohio,Hardin,38,0,0,40.66015414,-83.65929931,39065.0,38,37,0,0,37,33,31480,1,0,0,1,4
2020-05-23,US,Ohio,Harrison,10,0,0,40.29380509,-81.09068544,39067.0,10,10,0,0,10,10,15174,0,0,0,0,0
2020-05-23,US,Ohio,Henry,14,0,0,41.333964200000004,-84.06830637,39069.0,14,13,0,0,13,13,27086,1,0,0,1,0
2020-05-23,US,Ohio,Highland,18,1,0,39.1839264,-83.60331456,39071.0,17,16,1,0,15,16,43058,2,0,0,2,0
2020-05-23,US,Ohio,Hocking,64,3,0,39.49537927,-82.47991446,39073.0,61,64,2,0,62,63,28385,0,1,0,-1,1
2020-05-23,US,Ohio,Holmes,22,1,0,40.56163713,-81.92635677,39075.0,21,20,1,0,19,15,43892,2,0,0,2,5
2020-05-23,US,Ohio,Huron,49,1,0,41.14651175,-82.59867951,39077.0,48,48,1,0,47,46,58504,1,0,0,1,2
2020-05-23,US,Ohio,Jackson,11,0,0,39.01914254,-82.61818559999998,39079.0,11,11,0,0,11,11,32384,0,0,0,0,0
2020-05-23,US,Ohio,Jefferson,62,2,0,40.38614126,-80.76259514,39081.0,60,62,2,0,60,62,65767,0,0,0,0,0
2020-05-23,US,Ohio,Knox,23,1,0,40.39830217,-82.42027563,39083.0,22,23,1,0,22,23,61893,0,0,0,0,0
2020-05-23,US,Ohio,Lake,263,12,0,41.69710807,-81.23676539,39085.0,251,252,11,0,241,246,230514,11,1,0,10,6
2020-05-23,US,Ohio,Lawrence,28,0,0,38.59743452,-82.53466552,39087.0,28,28,0,0,28,27,59866,0,0,0,0,1
2020-05-23,US,Ohio,Licking,201,10,0,40.09136236,-82.48185785,39089.0,191,200,10,0,190,199,175769,1,0,0,1,1
2020-05-23,US,Ohio,Logan,38,0,0,40.38996525,-83.76784341,39091.0,38,33,0,0,33,32,45358,5,0,0,5,1
2020-05-23,US,Ohio,Lorain,637,59,0,41.29553751,-82.15083537,39093.0,578,626,58,0,568,624,309461,11,1,0,10,2
2020-05-23,US,Ohio,Lucas,2087,228,0,41.62101218,-83.65468618,39095.0,1859,2071,218,0,1853,2056,429899,16,10,0,6,15
2020-05-23,US,Ohio,Madison,132,7,0,39.89381073,-83.40178317,39097.0,125,128,7,0,121,105,44413,4,0,0,4,23
2020-05-23,US,Ohio,Mahoning,1317,169,0,41.01631101,-80.77287029,39099.0,1148,1295,163,0,1132,1277,229642,22,6,0,16,18
2020-05-23,US,Ohio,Marion,2608,21,0,40.58610662,-83.15736305,39101.0,2587,2581,18,0,2563,2557,65256,27,3,0,24,24
2020-05-23,US,Ohio,Medina,274,19,0,41.11770589,-81.89986209999998,39103.0,255,258,18,0,240,245,179146,16,1,0,15,13
2020-05-23,US,Ohio,Meigs,6,0,0,39.09224872,-82.0305041,39105.0,6,5,0,0,5,4,23106,1,0,0,1,1
2020-05-23,US,Ohio,Mercer,178,3,0,40.54043046,-84.62912742,39107.0,175,170,3,0,167,163,40959,8,0,0,8,7
2020-05-23,US,Ohio,Miami,346,30,0,40.0543329,-84.22871271,39109.0,316,337,30,0,307,337,106222,9,0,0,9,0
2020-05-23,US,Ohio,Monroe,71,9,0,39.72984936,-81.08464734,39111.0,62,71,7,0,64,65,13790,0,2,0,-2,6
2020-05-23,US,Ohio,Montgomery,578,14,0,39.75394919,-84.29050975,39113.0,564,561,14,0,547,554,532331,17,0,0,17,7
2020-05-23,US,Ohio,Morgan,5,0,0,39.62081738,-81.85308173,39115.0,5,5,0,0,5,5,14604,0,0,0,0,0
2020-05-23,US,Ohio,Morrow,104,1,0,40.52363560000001,-82.7892599,39117.0,103,103,1,0,102,104,35112,1,0,0,1,-1
2020-05-23,US,Ohio,Muskingum,44,0,0,39.96575964,-81.94363275,39119.0,44,43,0,0,43,42,86183,1,0,0,1,1
2020-05-23,US,Ohio,Noble,5,0,0,39.76818851,-81.45937183,39121.0,5,5,0,0,5,5,14354,0,0,0,0,0
2020-05-23,US,Ohio,Ottawa,87,7,0,41.53781826,-83.0940185,39123.0,80,66,7,0,59,66,40769,21,0,0,21,0
2020-05-23,US,Ohio,Paulding,13,0,0,41.11676341,-84.5801017,39125.0,13,12,0,0,12,12,18760,1,0,0,1,0
2020-05-23,US,Ohio,Perry,17,1,0,39.73508655,-82.23804971,39127.0,16,17,1,0,16,16,36033,0,0,0,0,1
2020-05-23,US,Ohio,Pickaway,2038,35,0,39.64170392,-83.0243386,39129.0,2003,2033,32,0,2001,2031,58086,5,3,0,2,2
2020-05-23,US,Ohio,Pike,6,0,0,39.07634001,-83.06769584,39131.0,6,6,0,0,6,6,28067,0,0,0,0,0
2020-05-23,US,Ohio,Portage,309,58,0,41.16793482,-81.19735782,39133.0,251,308,55,0,253,303,162927,1,3,0,-2,5
2020-05-23,US,Ohio,Preble,30,1,0,39.7420247,-84.64787018,39135.0,29,30,1,0,29,30,40997,0,0,0,0,0
2020-05-23,US,Ohio,Putnam,85,14,0,41.02094889,-84.1336111,39137.0,71,84,13,0,71,84,33780,1,1,0,0,0
2020-05-23,US,Ohio,Richland,179,3,0,40.77180308,-82.53799609999999,39139.0,176,178,3,0,175,170,121099,1,0,0,1,8
2020-05-23,US,Ohio,Ross,62,2,0,39.33705391,-83.06000914,39141.0,60,61,1,0,60,60,76931,1,1,0,0,1
2020-05-23,US,Ohio,Sandusky,65,10,0,41.35624126,-83.137872,39143.0,55,63,9,0,54,63,58799,2,1,0,1,0
2020-05-23,US,Ohio,Scioto,14,0,0,38.80270163,-82.98907345,39145.0,14,14,0,0,14,14,75502,0,0,0,0,0
2020-05-23,US,Ohio,Seneca,17,2,0,41.12351311,-83.12783209,39147.0,15,16,2,0,14,16,55207,1,0,0,1,0
2020-05-23,US,Ohio,Shelby,37,2,0,40.33163494,-84.20258189,39149.0,35,36,2,0,34,35,48627,1,0,0,1,1
2020-05-23,US,Ohio,Stark,670,89,0,40.81482476,-81.36437305,39151.0,581,655,80,0,575,642,371574,15,9,0,6,13
2020-05-23,US,Ohio,Summit,1204,159,0,41.12464734,-81.53123079,39153.0,1045,1183,148,0,1035,1141,541918,21,11,0,10,42
2020-05-23,US,Ohio,Trumbull,514,42,0,41.31735028,-80.76109643,39155.0,472,507,40,0,467,499,198627,7,2,0,5,8
2020-05-23,US,Ohio,Tuscarawas,306,2,0,40.44214695,-81.47226262,39157.0,304,301,2,0,299,293,92176,5,0,0,5,8
2020-05-23,US,Ohio,Union,42,0,0,40.30016061,-83.37239023,39159.0,42,40,0,0,40,40,57835,2,0,0,2,0
2020-05-23,US,Ohio,Van Wert,5,0,0,40.8554138,-84.59111700000003,39161.0,5,5,0,0,5,5,28281,0,0,0,0,0
2020-05-23,US,Ohio,Vinton,19,0,0,39.25208988,-82.4831444,39163.0,19,18,0,0,18,17,13139,1,0,0,1,1
2020-05-23,US,Ohio,Warren,319,19,0,39.42581994,-84.16557457,39165.0,300,310,18,0,292,309,232173,9,1,0,8,1
2020-05-23,US,Ohio,Washington,116,18,0,39.45690571,-81.49121382,39167.0,98,116,17,0,99,116,60155,0,1,0,-1,0
2020-05-23,US,Ohio,Wayne,248,50,0,40.82925852,-81.88844833,39169.0,198,242,50,0,192,211,115967,6,0,0,6,31
2020-05-23,US,Ohio,Williams,51,1,0,41.56052014,-84.58429552,39171.0,50,48,1,0,47,47,36804,3,0,0,3,1
2020-05-23,US,Ohio,Wood,269,45,0,41.36224827,-83.62285108,39173.0,224,261,43,0,218,259,130696,8,2,0,6,2
2020-05-23,US,Ohio,Wyandot,36,2,0,40.84339621,-83.30734173,39175.0,34,33,2,0,31,33,21935,3,0,0,3,0
2020-05-23,US,Oklahoma,Adair,82,3,0,35.88494195,-94.65859267,40001.0,79,79,3,0,76,78,22082,3,0,0,3,1
2020-05-23,US,Oklahoma,Alfalfa,1,0,0,36.73090616,-98.32408495,40003.0,1,1,0,0,1,1,5754,0,0,0,0,0
2020-05-23,US,Oklahoma,Atoka,1,0,0,34.37366573,-96.03802487,40005.0,1,1,0,0,1,1,13838,0,0,0,0,0
2020-05-23,US,Oklahoma,Beaver,24,0,0,36.7496847,-100.4758872,40007.0,24,24,0,0,24,24,5319,0,0,0,0,0
2020-05-23,US,Oklahoma,Beckham,6,0,0,35.26862449,-99.68128023,40009.0,6,6,0,0,6,6,21709,0,0,0,0,0
2020-05-23,US,Oklahoma,Blaine,4,0,0,35.87518314,-98.43307003,40011.0,4,4,0,0,4,4,9485,0,0,0,0,0
2020-05-23,US,Oklahoma,Bryan,21,1,0,33.96472458,-96.25903472,40013.0,20,19,1,0,18,19,47192,2,0,0,2,0
2020-05-23,US,Oklahoma,Caddo,136,10,0,35.17364557,-98.37534464,40015.0,126,132,10,0,122,132,28977,4,0,0,4,0
2020-05-23,US,Oklahoma,Canadian,124,3,0,35.5426055,-97.98465569,40017.0,121,123,3,0,120,122,144447,1,0,0,1,1
2020-05-23,US,Oklahoma,Carter,22,1,0,34.25103751,-97.28552485,40019.0,21,21,1,0,20,16,48177,1,0,0,1,5
2020-05-23,US,Oklahoma,Cherokee,28,1,0,35.90692775,-94.99980896,40021.0,27,28,1,0,27,28,48675,0,0,0,0,0
2020-05-23,US,Oklahoma,Choctaw,14,0,0,34.02807439,-95.54771129,40023.0,14,14,0,0,14,12,14668,0,0,0,0,2
2020-05-23,US,Oklahoma,Cimarron,1,0,0,36.74817177,-102.5173885,40025.0,1,1,0,0,1,1,2153,0,0,0,0,0
2020-05-23,US,Oklahoma,Cleveland,487,37,0,35.20413532,-97.32519562,40027.0,450,481,37,0,444,482,281669,6,0,0,6,-1
2020-05-23,US,Oklahoma,Coal,1,0,0,34.58840127,-96.29798747,40029.0,1,1,0,0,1,1,5520,0,0,0,0,0
2020-05-23,US,Oklahoma,Comanche,270,3,0,34.65973764,-98.47195055,40031.0,267,236,3,0,233,235,120422,34,0,0,34,1
2020-05-23,US,Oklahoma,Cotton,5,2,0,34.28845626,-98.37053567,40033.0,3,5,2,0,3,5,5776,0,0,0,0,0
2020-05-23,US,Oklahoma,Craig,15,0,0,36.76268118,-95.20916602,40035.0,15,15,0,0,15,15,14306,0,0,0,0,0
2020-05-23,US,Oklahoma,Creek,89,7,0,35.90230551,-96.37086028,40037.0,82,88,7,0,81,87,71604,1,0,0,1,1
2020-05-23,US,Oklahoma,Custer,12,0,0,35.63853802,-99.00170785,40039.0,12,12,0,0,12,12,29036,0,0,0,0,0
2020-05-23,US,Oklahoma,Delaware,99,16,0,36.40823634,-94.80325046,40041.0,83,97,16,0,81,97,42733,2,0,0,2,0
2020-05-23,US,Oklahoma,Dewey,3,0,0,35.98772922,-99.00730714,40043.0,3,3,0,0,3,3,4894,0,0,0,0,0
2020-05-23,US,Oklahoma,Garfield,25,1,0,36.3791334,-97.78265517,40047.0,24,25,1,0,24,24,60913,0,0,0,0,1
2020-05-23,US,Oklahoma,Garvin,15,1,0,34.70418038,-97.30811132,40049.0,14,15,1,0,14,15,27811,0,0,0,0,0
2020-05-23,US,Oklahoma,Grady,73,2,0,35.0167709,-97.88339847,40051.0,71,72,2,0,70,71,55551,1,0,0,1,1
2020-05-23,US,Oklahoma,Grant,2,0,0,36.796296999999996,-97.78638765,40053.0,2,2,0,0,2,2,4326,0,0,0,0,0
2020-05-23,US,Oklahoma,Greer,66,7,0,34.93535801,-99.56056120000001,40055.0,59,66,7,0,59,66,5821,0,0,0,0,0
2020-05-23,US,Oklahoma,Harper,1,0,0,36.78836519,-99.6679804,40059.0,1,1,0,0,1,1,3797,0,0,0,0,0
2020-05-23,US,Oklahoma,Haskell,6,0,0,35.22257600000001,-95.11513306,40061.0,6,6,0,0,6,6,12668,0,0,0,0,0
2020-05-23,US,Oklahoma,Jackson,21,1,0,34.58781741,-99.41138784,40065.0,20,21,1,0,20,21,24949,0,0,0,0,0
2020-05-23,US,Oklahoma,Jefferson,3,0,0,34.11130184,-97.83182974,40067.0,3,3,0,0,3,3,6123,0,0,0,0,0
2020-05-23,US,Oklahoma,Johnston,3,0,0,34.31440473,-96.66011537,40069.0,3,3,0,0,3,3,10949,0,0,0,0,0
2020-05-23,US,Oklahoma,Kay,52,7,0,36.81799745,-97.14421435,40071.0,45,51,7,0,44,51,44161,1,0,0,1,0
2020-05-23,US,Oklahoma,Kingfisher,13,0,0,35.94530008,-97.94193268,40073.0,13,11,0,0,11,10,15816,2,0,0,2,1
2020-05-23,US,Oklahoma,Kiowa,6,0,0,34.91671958,-98.97720696,40075.0,6,6,0,0,6,6,8729,0,0,0,0,0
2020-05-23,US,Oklahoma,Latimer,5,1,0,34.87844729,-95.25215049,40077.0,4,5,1,0,4,5,10231,0,0,0,0,0
2020-05-23,US,Oklahoma,Le Flore,13,1,0,34.89851864,-94.70392124,40079.0,12,13,1,0,12,13,49980,0,0,0,0,0
2020-05-23,US,Oklahoma,Lincoln,21,2,0,35.70270942,-96.8812462,40081.0,19,21,2,0,19,21,34920,0,0,0,0,0
2020-05-23,US,Oklahoma,Logan,18,1,0,35.91899576,-97.44352845,40083.0,17,18,1,0,17,18,47291,0,0,0,0,0
2020-05-23,US,Oklahoma,Love,14,0,0,33.95273467,-97.23906784,40085.0,14,6,0,0,6,4,10134,8,0,0,8,2
2020-05-23,US,Oklahoma,Major,6,1,0,36.31149996,-98.53467076,40093.0,5,6,1,0,5,6,7644,0,0,0,0,0
2020-05-23,US,Oklahoma,Marshall,7,0,0,34.02311222,-96.76855464,40095.0,7,7,0,0,7,7,16806,0,0,0,0,0
2020-05-23,US,Oklahoma,Mayes,29,4,0,36.30179091,-95.23175116,40097.0,25,29,4,0,25,28,41107,0,0,0,0,1
2020-05-23,US,Oklahoma,McClain,97,2,0,35.01123903,-97.44572302,40087.0,95,95,2,0,93,95,39985,2,0,0,2,0
2020-05-23,US,Oklahoma,McCurtain,23,0,0,34.11664328,-94.77222373,40089.0,23,18,0,0,18,13,32703,5,0,0,5,5
2020-05-23,US,Oklahoma,McIntosh,11,1,0,35.37235506,-95.66599306,40091.0,10,11,1,0,10,11,19815,0,0,0,0,0
2020-05-23,US,Oklahoma,Murray,2,0,0,34.48116015,-97.06826283,40099.0,2,2,0,0,2,2,13953,0,0,0,0,0
2020-05-23,US,Oklahoma,Muskogee,35,6,0,35.61318461,-95.37802952,40101.0,29,34,6,0,28,32,68362,1,0,0,1,2
2020-05-23,US,Oklahoma,Noble,7,0,0,36.38953329,-97.22928674,40103.0,7,7,0,0,7,7,11289,0,0,0,0,0
2020-05-23,US,Oklahoma,Nowata,23,0,0,36.79843529,-95.61902331,40105.0,23,23,0,0,23,23,10218,0,0,0,0,0
2020-05-23,US,Oklahoma,Okfuskee,3,0,0,35.46485198,-96.32639984,40107.0,3,2,0,0,2,3,12098,1,0,0,1,-1
2020-05-23,US,Oklahoma,Oklahoma,1189,56,0,35.55140095,-97.40716948,40109.0,1133,1179,55,0,1124,1109,792582,10,1,0,9,70
2020-05-23,US,Oklahoma,Okmulgee,22,0,0,35.64661916,-95.96432828,40111.0,22,22,0,0,22,21,38335,0,0,0,0,1
2020-05-23,US,Oklahoma,Osage,94,8,0,36.62888819,-96.39635704,40113.0,86,93,8,0,85,92,47014,1,0,0,1,1
2020-05-23,US,Oklahoma,Ottawa,35,2,0,36.83532655,-94.81011909,40115.0,33,35,2,0,33,35,31175,0,0,0,0,0
2020-05-23,US,Oklahoma,Pawnee,29,2,0,36.31743373,-96.70331759999999,40117.0,27,29,2,0,27,29,16390,0,0,0,0,0
2020-05-23,US,Oklahoma,Payne,45,1,0,36.07695283,-96.97584944,40119.0,44,45,1,0,44,45,82040,0,0,0,0,0
2020-05-23,US,Oklahoma,Pittsburg,40,3,0,34.92065823,-95.75134320000001,40121.0,37,40,3,0,37,40,43877,0,0,0,0,0
2020-05-23,US,Oklahoma,Pontotoc,11,2,0,34.72959848,-96.68337199,40123.0,9,11,2,0,9,11,38247,0,0,0,0,0
2020-05-23,US,Oklahoma,Pottawatomie,56,4,0,35.20614018,-96.94923008,40125.0,52,56,4,0,52,56,72679,0,0,0,0,0
2020-05-23,US,Oklahoma,Pushmataha,2,0,0,34.41635232,-95.37603505,40127.0,2,2,0,0,2,2,11179,0,0,0,0,0
2020-05-23,US,Oklahoma,Rogers,78,5,0,36.37004357,-95.60406759,40131.0,73,73,5,0,68,73,91984,5,0,0,5,0
2020-05-23,US,Oklahoma,Seminole,21,2,0,35.16478725,-96.61686741,40133.0,19,21,2,0,19,21,24578,0,0,0,0,0
2020-05-23,US,Oklahoma,Sequoyah,14,3,0,35.49447108,-94.75463785,40135.0,11,14,3,0,11,14,41179,0,0,0,0,0
2020-05-23,US,Oklahoma,Stephens,37,1,0,34.48556989,-97.85141892,40137.0,36,37,1,0,36,36,43265,0,0,0,0,1
2020-05-23,US,Oklahoma,Texas,855,5,0,36.74777635,-101.4889765,40139.0,850,851,5,0,846,820,20455,4,0,0,4,31
2020-05-23,US,Oklahoma,Tillman,22,1,0,34.37288446,-98.92426619,40141.0,21,22,1,0,21,22,7348,0,0,0,0,0
2020-05-23,US,Oklahoma,Tulsa,903,44,0,36.11939621,-95.94013939,40143.0,859,890,41,0,849,852,648360,13,3,0,10,38
2020-05-23,US,Oklahoma,Wagoner,145,17,0,35.96024096,-95.51911308,40145.0,128,143,17,0,126,140,80110,2,0,0,2,3
2020-05-23,US,Oklahoma,Washington,310,33,0,36.71380786,-95.90514104,40147.0,277,309,33,0,276,307,51843,1,0,0,1,2
2020-05-23,US,Oklahoma,Washita,1,0,0,35.29071824,-98.99180434,40149.0,1,1,0,0,1,1,11127,0,0,0,0,0
2020-05-23,US,Oklahoma,Woods,3,0,0,36.76705782,-98.86573064,40151.0,3,3,0,0,3,3,8897,0,0,0,0,0
2020-05-23,US,Oklahoma,Woodward,3,0,0,36.42316318,-99.26283045,40153.0,3,3,0,0,3,3,20222,0,0,0,0,0
2020-05-23,US,Oregon,Baker,1,0,0,44.70915557,-117.6749883,41001.0,1,1,0,0,1,1,16006,0,0,0,0,0
2020-05-23,US,Oregon,Benton,55,5,0,44.49167306,-123.4316987,41003.0,50,55,5,0,50,55,92101,0,0,0,0,0
2020-05-23,US,Oregon,Clackamas,290,9,0,45.18787398,-122.2179634,41005.0,281,289,9,0,280,284,416075,1,0,0,1,5
2020-05-23,US,Oregon,Clatsop,45,0,0,45.99712889,-123.660711,41007.0,45,44,0,0,44,42,39764,1,0,0,1,2
2020-05-23,US,Oregon,Columbia,16,0,0,45.94464254,-123.08908980000001,41009.0,16,16,0,0,16,16,52377,0,0,0,0,0
2020-05-23,US,Oregon,Coos,31,0,0,43.17406868,-124.0594514,41011.0,31,31,0,0,31,31,64389,0,0,0,0,0
2020-05-23,US,Oregon,Crook,4,0,0,44.14230227,-120.356297,41013.0,4,1,0,0,1,1,23867,3,0,0,3,0
2020-05-23,US,Oregon,Curry,6,0,0,42.45911325,-124.15728200000001,41015.0,6,6,0,0,6,5,22813,0,0,0,0,1
2020-05-23,US,Oregon,Deschutes,117,0,0,43.91570171,-121.2289121,41017.0,117,116,0,0,116,117,191996,1,0,0,1,-1
2020-05-23,US,Oregon,Douglas,25,0,0,43.27941273,-123.16729099999999,41019.0,25,25,0,0,25,25,110283,0,0,0,0,0
2020-05-23,US,Oregon,Grant,1,0,0,44.49024544,-119.0068631,41023.0,1,1,0,0,1,1,7176,0,0,0,0,0
2020-05-23,US,Oregon,Harney,1,0,0,43.06422669,-118.96663059999999,41025.0,1,1,0,0,1,1,7329,0,0,0,0,0
2020-05-23,US,Oregon,Hood River,12,0,0,45.51872811,-121.65520359999998,41027.0,12,12,0,0,12,12,23428,0,0,0,0,0
2020-05-23,US,Oregon,Jackson,56,0,0,42.43201126,-122.72893090000001,41029.0,56,55,0,0,55,52,219564,1,0,0,1,3
2020-05-23,US,Oregon,Jefferson,25,0,0,44.62806839,-121.17832,41031.0,25,25,0,0,25,25,24192,0,0,0,0,0
2020-05-23,US,Oregon,Josephine,25,1,0,42.3665549,-123.5561938,41033.0,24,25,1,0,24,25,87393,0,0,0,0,0
2020-05-23,US,Oregon,Klamath,41,0,0,42.68762984,-121.64964609999998,41035.0,41,41,0,0,41,41,67653,0,0,0,0,0
2020-05-23,US,Oregon,Lane,67,2,0,43.93727035,-122.847753,41039.0,65,66,2,0,64,66,379611,1,0,0,1,0
2020-05-23,US,Oregon,Lincoln,8,0,0,44.64252874,-123.86991200000001,41041.0,8,8,0,0,8,8,49388,0,0,0,0,0
2020-05-23,US,Oregon,Linn,112,9,0,44.48899494,-122.53731540000001,41043.0,103,112,9,0,103,110,127335,0,0,0,0,2
2020-05-23,US,Oregon,Malheur,28,0,0,43.1937027,-117.62273950000001,41045.0,28,28,0,0,28,24,30725,0,0,0,0,4
2020-05-23,US,Oregon,Marion,898,25,0,44.90287942,-122.58151170000001,41047.0,873,890,25,0,865,882,346868,8,0,0,8,8
2020-05-23,US,Oregon,Morrow,12,0,0,45.41846568,-119.584546,41049.0,12,12,0,0,12,12,11372,0,0,0,0,0
2020-05-23,US,Oregon,Multnomah,1037,58,0,45.54747959,-122.4169351,41051.0,979,1037,58,0,979,1026,811880,0,0,0,0,11
2020-05-23,US,Oregon,Polk,95,10,0,44.90322804,-123.4128888,41053.0,85,95,10,0,85,94,85234,0,0,0,0,1
2020-05-23,US,Oregon,Sherman,1,0,0,45.41501554,-120.6827834,41055.0,1,1,0,0,1,1,1708,0,0,0,0,0
2020-05-23,US,Oregon,Tillamook,6,0,0,45.46248721,-123.712066,41057.0,6,6,0,0,6,6,26787,0,0,0,0,0
2020-05-23,US,Oregon,Umatilla,110,3,0,45.59073056,-118.7353826,41059.0,107,108,3,0,105,107,77516,2,0,0,2,1
2020-05-23,US,Oregon,Union,6,0,0,45.30915495,-118.0068979,41061.0,6,6,0,0,6,6,26461,0,0,0,0,0
2020-05-23,US,Oregon,Wallowa,2,0,0,45.57894064,-117.18353799999998,41063.0,2,1,0,0,1,1,7081,1,0,0,1,0
2020-05-23,US,Oregon,Wasco,18,1,0,45.16292781,-121.16709540000001,41065.0,17,18,1,0,17,18,26505,0,0,0,0,0
2020-05-23,US,Oregon,Washington,673,17,0,45.55972701,-123.0955257,41067.0,656,669,17,0,652,659,597695,4,0,0,4,10
2020-05-23,US,Oregon,Yamhill,64,7,0,45.23330449,-123.3086963,41071.0,57,63,7,0,56,63,107002,1,0,0,1,0
2020-05-23,US,Pennsylvania,Adams,222,6,0,39.87140411,-77.21610347,42001.0,216,214,5,0,209,204,102811,8,1,0,7,10
2020-05-23,US,Pennsylvania,Allegheny,1753,158,0,40.46809875,-79.98167747,42003.0,1595,1739,154,0,1585,1718,1218452,14,4,0,10,21
2020-05-23,US,Pennsylvania,Armstrong,58,3,0,40.81665618,-79.46290811,42005.0,55,58,2,0,56,58,65263,0,1,0,-1,0
2020-05-23,US,Pennsylvania,Beaver,552,72,0,40.6825484,-80.34921611,42007.0,480,550,71,0,479,539,164742,2,1,0,1,11
2020-05-23,US,Pennsylvania,Bedford,37,2,0,40.00522157,-78.48998442,42009.0,35,36,2,0,34,36,48176,1,0,0,1,0
2020-05-23,US,Pennsylvania,Berks,3845,292,0,40.41570541,-75.92457766,42011.0,3553,3838,283,0,3555,3784,420152,7,9,0,-2,54
2020-05-23,US,Pennsylvania,Blair,46,1,0,40.47961444,-78.34917412,42013.0,45,46,1,0,45,44,122492,0,0,0,0,2
2020-05-23,US,Pennsylvania,Bradford,44,3,0,41.78869215,-76.51570822,42015.0,41,43,3,0,40,43,60833,1,0,0,1,0
2020-05-23,US,Pennsylvania,Bucks,4839,460,0,40.33682119,-75.10836643,42017.0,4379,4764,454,0,4310,4726,628195,75,6,0,69,38
2020-05-23,US,Pennsylvania,Butler,216,12,0,40.91152759,-79.91351055,42019.0,204,209,12,0,197,209,187888,7,0,0,7,0
2020-05-23,US,Pennsylvania,Cambria,56,2,0,40.49527404,-78.71377428,42021.0,54,55,2,0,53,55,131730,1,0,0,1,0
2020-05-23,US,Pennsylvania,Cameron,2,0,0,41.43625568,-78.20376845,42023.0,2,2,0,0,2,2,4492,0,0,0,0,0
2020-05-23,US,Pennsylvania,Carbon,227,22,0,40.91545395,-75.7068525,42025.0,205,224,22,0,202,221,64227,3,0,0,3,3
2020-05-23,US,Pennsylvania,Centre,143,6,0,40.92058903,-77.82200624,42027.0,137,138,5,0,133,136,162805,5,1,0,4,2
2020-05-23,US,Pennsylvania,Chester,2364,245,0,39.97291773,-75.74768357,42029.0,2119,2320,242,0,2078,2267,522046,44,3,0,41,53
2020-05-23,US,Pennsylvania,Clarion,28,2,0,41.19265812,-79.42413524,42031.0,26,25,2,0,23,25,38779,3,0,0,3,0
2020-05-23,US,Pennsylvania,Clearfield,34,0,0,41.00110782,-78.47592663,42033.0,34,33,0,0,33,33,79388,1,0,0,1,0
2020-05-23,US,Pennsylvania,Clinton,49,1,0,41.23255967,-77.63785995,42035.0,48,48,0,0,48,48,38684,1,1,0,0,0
2020-05-23,US,Pennsylvania,Columbia,342,29,0,41.04821986,-76.40565017,42037.0,313,342,29,0,313,342,65456,0,0,0,0,0
2020-05-23,US,Pennsylvania,Crawford,21,0,0,41.68447709,-80.10760592,42039.0,21,21,0,0,21,21,85063,0,0,0,0,0
2020-05-23,US,Pennsylvania,Cumberland,584,46,0,40.1625372,-77.26130755,42041.0,538,572,43,0,529,565,251423,12,3,0,9,7
2020-05-23,US,Pennsylvania,Dauphin,1061,62,0,40.41377078,-76.77993242,42043.0,999,1049,57,0,992,1034,277097,12,5,0,7,15
2020-05-23,US,Pennsylvania,Delaware,6114,513,0,39.91680171,-75.40243663,42045.0,5601,6060,501,0,5559,5969,564751,54,12,0,42,91
2020-05-23,US,Pennsylvania,Elk,6,0,0,41.42822061,-78.64524744,42047.0,6,6,0,0,6,6,30169,0,0,0,0,0
2020-05-23,US,Pennsylvania,Erie,210,4,0,41.99253829,-80.03301954,42049.0,206,190,4,0,186,177,272061,20,0,0,20,13
2020-05-23,US,Pennsylvania,Fayette,94,4,0,39.92041012,-79.64291195,42051.0,90,93,4,0,89,93,130441,1,0,0,1,0
2020-05-23,US,Pennsylvania,Forest,7,0,0,41.51095103,-79.23229292,42053.0,7,7,0,0,7,7,7279,0,0,0,0,0
2020-05-23,US,Pennsylvania,Franklin,711,29,0,39.92956518,-77.72157791,42055.0,682,697,28,0,669,677,154835,14,1,0,13,20
2020-05-23,US,Pennsylvania,Fulton,14,1,0,39.92913544,-78.11163677,42057.0,13,14,1,0,13,14,14523,0,0,0,0,0
2020-05-23,US,Pennsylvania,Greene,27,0,0,39.85746531,-80.22357106,42059.0,27,27,0,0,27,27,36506,0,0,0,0,0
2020-05-23,US,Pennsylvania,Huntingdon,227,1,0,40.42162652,-77.97673273,42061.0,226,223,1,0,222,221,45168,4,0,0,4,2
2020-05-23,US,Pennsylvania,Indiana,89,5,0,40.65241041,-79.08963285,42063.0,84,89,4,0,85,88,84501,0,1,0,-1,1
2020-05-23,US,Pennsylvania,Jefferson,7,0,0,41.12913106,-78.9986361,42065.0,7,7,0,0,7,7,43641,0,0,0,0,0
2020-05-23,US,Pennsylvania,Juniata,94,4,0,40.53358749,-77.39975129999998,42067.0,90,94,4,0,90,94,24704,0,0,0,0,0
2020-05-23,US,Pennsylvania,Lackawanna,1476,152,0,41.43564672,-75.60379201,42069.0,1324,1451,148,0,1303,1432,210793,25,4,0,21,19
2020-05-23,US,Pennsylvania,Lancaster,2790,279,0,40.03904563,-76.24770128,42071.0,2511,2736,272,0,2464,2690,543557,54,7,0,47,46
2020-05-23,US,Pennsylvania,Lawrence,74,8,0,40.99206278,-80.33393706,42073.0,66,73,8,0,65,73,86184,1,0,0,1,0
2020-05-23,US,Pennsylvania,Lebanon,900,24,0,40.36680311,-76.45651841,42075.0,876,892,24,0,868,887,141314,8,0,0,8,5
2020-05-23,US,Pennsylvania,Lehigh,3628,202,0,40.6154815,-75.59435245,42077.0,3426,3613,197,0,3416,3586,368100,15,5,0,10,27
2020-05-23,US,Pennsylvania,Luzerne,2631,135,0,41.17823008,-75.98447579,42079.0,2496,2620,133,0,2487,2594,317646,11,2,0,9,26
2020-05-23,US,Pennsylvania,Lycoming,158,13,0,41.34310539,-77.06629984,42081.0,145,155,12,0,143,152,113664,3,1,0,2,3
2020-05-23,US,Pennsylvania,McKean,11,1,0,41.80938602,-78.56478358,42083.0,10,11,1,0,10,11,40968,0,0,0,0,0
2020-05-23,US,Pennsylvania,Mercer,103,4,0,41.30248872,-80.25816981,42085.0,99,102,4,0,98,97,110683,1,0,0,1,5
2020-05-23,US,Pennsylvania,Mifflin,57,1,0,40.61116939,-77.61070738,42087.0,56,57,1,0,56,57,46222,0,0,0,0,0
2020-05-23,US,Pennsylvania,Monroe,1302,99,0,41.05934058,-75.34031025,42089.0,1203,1295,97,0,1198,1291,169507,7,2,0,5,4
2020-05-23,US,Pennsylvania,Montgomery,6464,633,0,40.21053671,-75.36652296,42091.0,5831,6366,619,0,5747,6268,828604,98,14,0,84,98
2020-05-23,US,Pennsylvania,Montour,50,0,0,41.03023987,-76.66345939,42093.0,50,51,0,0,51,51,18240,-1,0,0,-1,0
2020-05-23,US,Pennsylvania,Northampton,2866,197,0,40.75182733,-75.30471829,42095.0,2669,2842,192,0,2650,2814,304807,24,5,0,19,28
2020-05-23,US,Pennsylvania,Northumberland,164,3,0,40.84785433,-76.70798222,42097.0,161,155,2,0,153,150,91083,9,1,0,8,5
2020-05-23,US,Pennsylvania,Perry,45,1,0,40.40206612,-77.26297447,42099.0,44,43,1,0,42,43,46139,2,0,0,2,0
2020-05-23,US,Pennsylvania,Philadelphia,21234,1233,0,40.00338507,-75.1379271,42101.0,20001,21009,1221,0,19788,20700,1584138,225,12,0,213,309
2020-05-23,US,Pennsylvania,Pike,476,18,0,41.33155042,-75.03208106,42103.0,458,475,18,0,457,473,55933,1,0,0,1,2
2020-05-23,US,Pennsylvania,Potter,4,0,0,41.74471626,-77.89559864,42105.0,4,4,0,0,4,4,16622,0,0,0,0,0
2020-05-23,US,Pennsylvania,Schuylkill,576,26,0,40.70497338,-76.2150785,42107.0,550,560,26,0,534,548,142067,16,0,0,16,12
2020-05-23,US,Pennsylvania,Snyder,38,1,0,40.77129231,-77.06840691,42109.0,37,35,1,0,34,33,40540,3,0,0,3,2
2020-05-23,US,Pennsylvania,Somerset,37,0,0,39.97172723,-79.02699593,42111.0,37,37,0,0,37,37,73952,0,0,0,0,0
2020-05-23,US,Pennsylvania,Sullivan,2,0,0,41.44634738,-76.51246591,42113.0,2,2,0,0,2,2,6071,0,0,0,0,0
2020-05-23,US,Pennsylvania,Susquehanna,95,15,0,41.82147784,-75.80071959,42115.0,80,93,15,0,78,90,40589,2,0,0,2,3
2020-05-23,US,Pennsylvania,Tioga,16,2,0,41.77255149,-77.25433032,42117.0,14,16,2,0,14,16,40763,0,0,0,0,0
2020-05-23,US,Pennsylvania,Union,52,1,0,40.96188846,-77.05996014,42119.0,51,61,1,0,60,61,44785,-9,0,0,-9,0
2020-05-23,US,Pennsylvania,Venango,8,0,0,41.40323442,-79.75845449,42121.0,8,8,0,0,8,8,51266,0,0,0,0,0
2020-05-23,US,Pennsylvania,Warren,3,0,0,41.81304978,-79.26969577,42123.0,3,3,0,0,3,3,39498,0,0,0,0,0
2020-05-23,US,Pennsylvania,Washington,135,5,0,40.19208869,-80.24582867,42125.0,130,134,5,0,129,130,207346,1,0,0,1,4
2020-05-23,US,Pennsylvania,Wayne,117,7,0,41.64938475,-75.29956506,42127.0,110,115,7,0,108,112,51276,2,0,0,2,3
2020-05-23,US,Pennsylvania,Westmoreland,437,38,0,40.31377979999999,-79.46615476,42129.0,399,436,38,0,398,434,350611,1,0,0,1,2
2020-05-23,US,Pennsylvania,Wyoming,33,7,0,41.51955538,-76.01074915,42131.0,26,33,7,0,26,32,27046,0,0,0,0,1
2020-05-23,US,Pennsylvania,York,904,22,0,39.9210089,-76.73040131,42133.0,882,895,22,0,873,883,448273,9,0,0,9,12
2020-05-23,US,Rhode Island,Bristol,213,0,0,41.71018079,-71.28652315,44001.0,213,209,0,0,209,204,48649,4,0,0,4,5
2020-05-23,US,Rhode Island,Kent,1005,0,0,41.67106337,-71.57641596,44003.0,1005,985,0,0,985,974,163861,20,0,0,20,11
2020-05-23,US,Rhode Island,Newport,226,0,0,41.5642026,-71.26569799,44005.0,226,212,0,0,212,209,82542,14,0,0,14,3
2020-05-23,US,Rhode Island,Providence,10519,0,0,41.87064746,-71.57753536,44007.0,10519,10320,0,0,10320,10160,636084,199,0,0,199,160
2020-05-23,US,Rhode Island,Unassigned,1504,597,0,0.0,0.0,90044.0,907,1528,579,0,949,1553,,-24,18,0,-42,-25
2020-05-23,US,Rhode Island,Washington,485,0,0,41.45961631,-71.61435303,44009.0,485,482,0,0,482,471,126179,3,0,0,3,11
2020-05-23,US,South Carolina,Abbeville,35,0,0,34.22333378,-82.46170658,45001.0,35,36,0,0,36,36,24541,-1,0,0,-1,0
2020-05-23,US,South Carolina,Aiken,169,7,0,33.54338026,-81.63645384,45003.0,162,166,7,0,159,161,169401,3,0,0,3,5
2020-05-23,US,South Carolina,Allendale,34,3,0,32.98837386,-81.35321066,45005.0,31,34,3,0,31,34,8903,0,0,0,0,0
2020-05-23,US,South Carolina,Anderson,218,8,0,34.51828081,-82.63959517,45007.0,210,219,8,0,211,217,200482,-1,0,0,-1,2
2020-05-23,US,South Carolina,Bamberg,20,0,0,33.21927586,-81.05659969,45009.0,20,20,0,0,20,20,14275,0,0,0,0,0
2020-05-23,US,South Carolina,Barnwell,43,1,0,33.26679302,-81.43584352,45011.0,42,41,1,0,40,41,21112,2,0,0,2,0
2020-05-23,US,South Carolina,Beaufort,332,12,0,32.39226291,-80.72619758,45013.0,320,314,12,0,302,306,188715,18,0,0,18,8
2020-05-23,US,South Carolina,Berkeley,214,15,0,33.20222596,-79.94654523,45015.0,199,211,15,0,196,209,221091,3,0,0,3,2
2020-05-23,US,South Carolina,Calhoun,9,1,0,33.66926881,-80.77722168,45017.0,8,9,1,0,8,9,14520,0,0,0,0,0
2020-05-23,US,South Carolina,Charleston,550,11,0,32.82487866,-79.96512315,45019.0,539,540,11,0,529,523,405905,10,0,0,10,17
2020-05-23,US,South Carolina,Cherokee,27,2,0,35.05122251,-81.61828622,45021.0,25,26,2,0,24,25,57078,1,0,0,1,1
2020-05-23,US,South Carolina,Chester,46,0,0,34.69249168,-81.1583216,45023.0,46,44,0,0,44,41,32251,2,0,0,2,3
2020-05-23,US,South Carolina,Chesterfield,129,2,0,34.64137396,-80.15640140000002,45025.0,127,118,1,0,117,108,45754,11,1,0,10,10
2020-05-23,US,South Carolina,Clarendon,289,37,0,33.66610974,-80.21647898,45027.0,252,289,36,0,253,290,33700,0,1,0,-1,-1
2020-05-23,US,South Carolina,Colleton,69,8,0,32.87582989,-80.67641292,45029.0,61,66,8,0,58,63,37660,3,0,0,3,3
2020-05-23,US,South Carolina,Darlington,244,6,0,34.33358335,-79.96027485,45031.0,238,242,6,0,236,240,66802,2,0,0,2,2
2020-05-23,US,South Carolina,Dillon,147,3,0,34.39007791,-79.37741872,45033.0,144,146,3,0,143,138,30599,1,0,0,1,8
2020-05-23,US,South Carolina,Dorchester,137,3,0,33.0794369,-80.40502652,45035.0,134,126,3,0,123,120,160647,11,0,0,11,6
2020-05-23,US,South Carolina,Edgefield,48,2,0,33.77221995,-81.96231108,45037.0,46,47,2,0,45,46,27052,1,0,0,1,1
2020-05-23,US,South Carolina,Fairfield,158,9,0,34.39287073,-81.1195624,45039.0,149,155,9,0,146,152,22402,3,0,0,3,3
2020-05-23,US,South Carolina,Florence,588,31,0,34.02361754,-79.70189312,45041.0,557,574,30,0,544,563,138159,14,1,0,13,11
2020-05-23,US,South Carolina,Georgetown,56,3,0,33.43443342,-79.33202141,45043.0,53,54,3,0,51,53,62249,2,0,0,2,1
2020-05-23,US,South Carolina,Greenville,1231,50,0,34.89502264,-82.37295012,45045.0,1181,1200,50,0,1150,1180,514213,31,0,0,31,20
2020-05-23,US,South Carolina,Greenwood,82,1,0,34.15272415,-82.12715789,45047.0,81,79,1,0,78,76,70741,3,0,0,3,3
2020-05-23,US,South Carolina,Hampton,31,0,0,32.77419582,-81.13845571,45049.0,31,31,0,0,31,30,19351,0,0,0,0,1
2020-05-23,US,South Carolina,Horry,371,21,0,33.9212828,-78.99555293,45051.0,350,359,21,0,338,333,344147,12,0,0,12,26
2020-05-23,US,South Carolina,Jasper,36,2,0,32.43171982,-81.02487495,45053.0,34,30,2,0,28,28,28971,6,0,0,6,2
2020-05-23,US,South Carolina,Kershaw,299,13,0,34.33988254,-80.58763164,45055.0,286,289,13,0,276,281,65592,10,0,0,10,8
2020-05-23,US,South Carolina,Lancaster,121,5,0,34.68270843,-80.70513032,45057.0,116,120,5,0,115,116,95380,1,0,0,1,4
2020-05-23,US,South Carolina,Laurens,57,3,0,34.48244419,-82.00490796,45059.0,54,57,3,0,54,57,66994,0,0,0,0,0
2020-05-23,US,South Carolina,Lee,187,13,0,34.16393091,-80.25690731,45061.0,174,181,13,0,168,178,17142,6,0,0,6,3
2020-05-23,US,South Carolina,Lexington,548,29,0,33.89665987,-81.27146426,45063.0,519,537,29,0,508,525,295032,11,0,0,11,12
2020-05-23,US,South Carolina,Marion,63,5,0,34.07859748,-79.36400756,45067.0,58,60,4,0,56,57,31039,3,1,0,2,3
2020-05-23,US,South Carolina,Marlboro,109,0,0,34.59905577,-79.67561152,45069.0,109,91,0,0,91,88,26398,18,0,0,18,3
2020-05-23,US,South Carolina,McCormick,8,1,0,33.90161443,-82.30794338,45065.0,7,8,1,0,7,7,9410,0,0,0,0,1
2020-05-23,US,South Carolina,Newberry,44,1,0,34.28629098,-81.59935761,45071.0,43,44,1,0,43,36,38520,0,0,0,0,8
2020-05-23,US,South Carolina,Oconee,43,0,0,34.75225169,-83.06742317,45073.0,43,42,0,0,42,41,78374,1,0,0,1,1
2020-05-23,US,South Carolina,Orangeburg,135,2,0,33.4391073,-80.79886287,45075.0,133,122,2,0,120,119,86934,13,0,0,13,3
2020-05-23,US,South Carolina,Pickens,114,3,0,34.88807695,-82.72791551,45077.0,111,110,3,0,107,104,124937,4,0,0,4,6
2020-05-23,US,South Carolina,Richland,1349,63,0,34.01791263,-80.90267209,45079.0,1286,1333,62,0,1271,1302,414576,16,1,0,15,31
2020-05-23,US,South Carolina,Saluda,134,0,0,34.00795823,-81.72713237,45081.0,134,132,0,0,132,132,20544,2,0,0,2,0
2020-05-23,US,South Carolina,Spartanburg,450,16,0,34.92960077,-81.99225984,45083.0,434,439,16,0,423,421,313888,11,0,0,11,18
2020-05-23,US,South Carolina,Sumter,344,17,0,33.91826534,-80.37942316,45085.0,327,339,17,0,322,331,106512,5,0,0,5,8
2020-05-23,US,South Carolina,Union,31,0,0,34.68835752,-81.61730349,45087.0,31,31,0,0,31,31,27410,0,0,0,0,0
2020-05-23,US,South Carolina,Williamsburg,207,10,0,33.62190129,-79.72767442,45089.0,197,198,10,0,188,189,30606,9,0,0,9,9
2020-05-23,US,South Carolina,York,339,6,0,34.97281497,-81.18085944,45091.0,333,329,5,0,324,324,274118,10,1,0,9,5
2020-05-23,US,South Dakota,Aurora,22,0,0,43.71757685,-98.56050467,46003.0,22,20,0,0,20,8,2801,2,0,0,2,12
2020-05-23,US,South Dakota,Beadle,118,2,0,44.41464384,-98.27858469,46005.0,116,98,2,0,96,68,18883,20,0,0,20,30
2020-05-23,US,South Dakota,Bon Homme,6,0,0,42.98914167,-97.88592746,46009.0,6,5,0,0,5,4,6980,1,0,0,1,1
2020-05-23,US,South Dakota,Brookings,15,0,0,44.36974375,-96.79079945,46011.0,15,14,0,0,14,14,35232,1,0,0,1,0
2020-05-23,US,South Dakota,Brown,244,0,0,45.58994323,-98.35165355,46013.0,244,235,0,0,235,211,39316,9,0,0,9,24
2020-05-23,US,South Dakota,Buffalo,9,0,0,44.07657829,-99.20814467,46017.0,9,7,0,0,7,5,2036,2,0,0,2,2
2020-05-23,US,South Dakota,Charles Mix,12,0,0,43.20660134,-98.58856175,46023.0,12,11,0,0,11,10,9338,1,0,0,1,1
2020-05-23,US,South Dakota,Clark,4,0,0,44.85834507,-97.72925109,46025.0,4,4,0,0,4,4,3739,0,0,0,0,0
2020-05-23,US,South Dakota,Clay,15,0,0,42.91296147,-96.97656917,46027.0,15,15,0,0,15,15,14041,0,0,0,0,0
2020-05-23,US,South Dakota,Codington,29,0,0,44.97788119,-97.18827677,46029.0,29,25,0,0,25,17,28015,4,0,0,4,8
2020-05-23,US,South Dakota,Corson,4,0,0,45.70889983,-101.1970473,46031.0,4,4,0,0,4,4,4165,0,0,0,0,0
2020-05-23,US,South Dakota,Davison,9,0,0,43.67490933,-98.14458906,46035.0,9,9,0,0,9,9,19790,0,0,0,0,0
2020-05-23,US,South Dakota,Day,12,0,0,45.367281,-97.60737498,46037.0,12,11,0,0,11,11,5505,1,0,0,1,0
2020-05-23,US,South Dakota,Deuel,1,0,0,44.75994309,-96.66943645,46039.0,1,1,0,0,1,1,4337,0,0,0,0,0
2020-05-23,US,South Dakota,Douglas,1,0,0,43.38520741,-98.36978007,46043.0,1,1,0,0,1,1,2935,0,0,0,0,0
2020-05-23,US,South Dakota,Fall River,4,0,0,43.23929297,-103.5275691,46047.0,4,4,0,0,4,4,6758,0,0,0,0,0
2020-05-23,US,South Dakota,Faulk,1,0,0,45.07082625,-99.14535601,46049.0,1,1,0,0,1,1,2330,0,0,0,0,0
2020-05-23,US,South Dakota,Grant,10,0,0,45.1723937,-96.77002276,46051.0,10,10,0,0,10,9,7147,0,0,0,0,1
2020-05-23,US,South Dakota,Hamlin,3,0,0,44.67385954,-97.18829593,46057.0,3,3,0,0,3,3,6111,0,0,0,0,0
2020-05-23,US,South Dakota,Hand,1,0,0,44.54708407,-99.00386459,46059.0,1,1,0,0,1,1,3262,0,0,0,0,0
2020-05-23,US,South Dakota,Hughes,17,0,0,44.39091534,-99.99661148,46065.0,17,17,0,0,17,17,17650,0,0,0,0,0
2020-05-23,US,South Dakota,Hutchinson,3,0,0,43.33449012,-97.75536441,46067.0,3,3,0,0,3,3,7380,0,0,0,0,0
2020-05-23,US,South Dakota,Hyde,1,0,0,44.54747703,-99.48572582,46069.0,1,1,0,0,1,1,1282,0,0,0,0,0
2020-05-23,US,South Dakota,Jerauld,16,1,0,44.06637798,-98.62965972,46073.0,15,16,1,0,15,10,2043,0,0,0,0,6
2020-05-23,US,South Dakota,Lake,5,0,0,44.02193107,-97.12926365,46079.0,5,5,0,0,5,5,13057,0,0,0,0,0
2020-05-23,US,South Dakota,Lawrence,9,0,0,44.35919441,-103.79294279999999,46081.0,9,9,0,0,9,9,25741,0,0,0,0,0
2020-05-23,US,South Dakota,Lincoln,225,0,0,43.27841182,-96.72039050000001,46083.0,225,218,0,0,218,209,58807,7,0,0,7,9
2020-05-23,US,South Dakota,Lyman,11,0,0,43.89522709,-99.85201878,46085.0,11,10,0,0,10,9,3821,1,0,0,1,1
2020-05-23,US,South Dakota,Marshall,4,0,0,45.75870838,-97.59855639,46091.0,4,4,0,0,4,3,5112,0,0,0,0,1
2020-05-23,US,South Dakota,McCook,5,1,0,43.6742571,-97.36863144,46087.0,4,5,1,0,4,5,5546,0,0,0,0,0
2020-05-23,US,South Dakota,McPherson,1,0,0,45.76626028,-99.22118798,46089.0,1,1,0,0,1,1,2407,0,0,0,0,0
2020-05-23,US,South Dakota,Meade,7,0,0,44.56676791,-102.71627409999999,46093.0,7,6,0,0,6,5,28294,1,0,0,1,1
2020-05-23,US,South Dakota,Miner,1,0,0,44.02197882,-97.60992207,46097.0,1,1,0,0,1,1,2213,0,0,0,0,0
2020-05-23,US,South Dakota,Minnehaha,3248,43,0,43.67441641,-96.7910885,46099.0,3205,3211,43,0,3168,3182,192876,37,0,0,37,29
2020-05-23,US,South Dakota,Moody,18,0,0,44.02266214,-96.67081159,46101.0,18,18,0,0,18,18,6579,0,0,0,0,0
2020-05-23,US,South Dakota,Oglala Lakota,17,0,0,43.33749164,-102.55554980000001,46102.0,17,15,0,0,15,14,14309,2,0,0,2,1
2020-05-23,US,South Dakota,Pennington,138,3,0,44.0025835,-102.8240777,46103.0,135,127,3,0,124,85,111729,11,0,0,11,42
2020-05-23,US,South Dakota,Roberts,23,0,0,45.62975048,-96.94672673,46109.0,23,22,0,0,22,20,10447,1,0,0,1,2
2020-05-23,US,South Dakota,Sanborn,9,0,0,44.02351092,-98.09098159999999,46111.0,9,8,0,0,8,7,2429,1,0,0,1,1
2020-05-23,US,South Dakota,Spink,4,0,0,44.93837606,-98.34626602,46115.0,4,4,0,0,4,4,6495,0,0,0,0,0
2020-05-23,US,South Dakota,Stanley,9,0,0,44.41381872,-100.7349153,46117.0,9,9,0,0,9,9,3022,0,0,0,0,0
2020-05-23,US,South Dakota,Sully,1,0,0,44.71571812,-100.1278092,46119.0,1,1,0,0,1,1,1392,0,0,0,0,0
2020-05-23,US,South Dakota,Todd,17,0,0,43.19338568,-100.71955030000001,46121.0,17,17,0,0,17,17,10283,0,0,0,0,0
2020-05-23,US,South Dakota,Tripp,6,0,0,43.34459388,-99.8854891,46123.0,6,3,0,0,3,2,5478,3,0,0,3,1
2020-05-23,US,South Dakota,Turner,22,0,0,43.3109081,-97.14865776,46125.0,22,22,0,0,22,22,8424,0,0,0,0,0
2020-05-23,US,South Dakota,Union,75,0,0,42.83112163,-96.6557828,46127.0,75,73,0,0,73,68,15619,2,0,0,2,5
2020-05-23,US,South Dakota,Walworth,5,0,0,45.43019636,-100.03075140000001,46129.0,5,5,0,0,5,5,5587,0,0,0,0,0
2020-05-23,US,South Dakota,Yankton,46,0,0,43.00924485,-97.39467635,46135.0,46,45,0,0,45,44,22869,1,0,0,1,1
2020-05-23,US,South Dakota,Ziebach,1,0,0,44.97881876,-101.6654622,46137.0,1,1,0,0,1,1,2742,0,0,0,0,0
2020-05-23,US,Tennessee,Anderson,39,1,0,36.12684348,-84.19965764,47001.0,38,37,1,0,36,37,76482,2,0,0,2,0
2020-05-23,US,Tennessee,Bedford,264,4,0,35.51123746,-86.45549096,47003.0,260,263,4,0,259,262,49038,1,0,0,1,1
2020-05-23,US,Tennessee,Benton,7,1,0,36.07110411,-88.06849355,47005.0,6,7,1,0,6,7,16184,0,0,0,0,0
2020-05-23,US,Tennessee,Bledsoe,607,1,0,35.59942968,-85.20611967,47007.0,606,607,1,0,606,607,14755,0,0,0,0,0
2020-05-23,US,Tennessee,Blount,81,3,0,35.68938198,-83.92847788,47009.0,78,78,3,0,75,77,131349,3,0,0,3,1
2020-05-23,US,Tennessee,Bradley,91,1,0,35.15739424,-84.857186,47011.0,90,90,1,0,89,89,106727,1,0,0,1,1
2020-05-23,US,Tennessee,Campbell,17,1,0,36.40355516,-84.15108559999999,47013.0,16,17,1,0,16,17,39583,0,0,0,0,0
2020-05-23,US,Tennessee,Cannon,16,0,0,35.80990797,-86.05738983,47015.0,16,15,0,0,15,15,14462,1,0,0,1,0
2020-05-23,US,Tennessee,Carroll,27,1,0,35.97366108,-88.45189331,47017.0,26,26,1,0,25,26,28020,1,0,0,1,0
2020-05-23,US,Tennessee,Carter,19,1,0,36.28969086,-82.12588974,47019.0,18,19,1,0,18,19,56351,0,0,0,0,0
2020-05-23,US,Tennessee,Cheatham,103,0,0,36.26136216,-87.08903581,47021.0,103,100,0,0,100,97,40439,3,0,0,3,3
2020-05-23,US,Tennessee,Chester,12,0,0,35.42527478,-88.6095842,47023.0,12,12,0,0,12,12,17276,0,0,0,0,0
2020-05-23,US,Tennessee,Claiborne,8,0,0,36.48319149,-83.65947309,47025.0,8,8,0,0,8,8,31756,0,0,0,0,0
2020-05-23,US,Tennessee,Clay,6,0,0,36.55151008,-85.53930419,47027.0,6,6,0,0,6,6,7717,0,0,0,0,0
2020-05-23,US,Tennessee,Cocke,20,0,0,35.9278914,-83.11828725,47029.0,20,20,0,0,20,20,35774,0,0,0,0,0
2020-05-23,US,Tennessee,Coffee,65,0,0,35.49090731,-86.07311784,47031.0,65,64,0,0,64,63,55700,1,0,0,1,1
2020-05-23,US,Tennessee,Crockett,14,1,0,35.81830662,-89.14916269,47033.0,13,14,1,0,13,14,14328,0,0,0,0,0
2020-05-23,US,Tennessee,Cumberland,107,1,0,35.95271721,-84.99840585,47035.0,106,97,1,0,96,96,59673,10,0,0,10,1
2020-05-23,US,Tennessee,Davidson,4465,54,0,36.17007426,-86.78646056,47037.0,4411,4396,48,0,4348,4292,692587,69,6,0,63,104
2020-05-23,US,Tennessee,DeKalb,33,0,0,35.97616272,-85.83689361,47041.0,33,32,0,0,32,32,20138,1,0,0,1,0
2020-05-23,US,Tennessee,Decatur,5,0,0,35.60048904,-88.11043779,47039.0,5,5,0,0,5,5,11706,0,0,0,0,0
2020-05-23,US,Tennessee,Dickson,101,0,0,36.14669837,-87.35891709,47043.0,101,101,0,0,101,97,53446,0,0,0,0,4
2020-05-23,US,Tennessee,Dyer,48,0,0,36.05931946,-89.41542855,47045.0,48,46,0,0,46,45,37320,2,0,0,2,1
2020-05-23,US,Tennessee,Fayette,104,2,0,35.19615831,-89.41399032,47047.0,102,100,2,0,98,98,40507,4,0,0,4,2
2020-05-23,US,Tennessee,Fentress,9,0,0,36.38128818,-84.92870012,47049.0,9,9,0,0,9,9,18217,0,0,0,0,0
2020-05-23,US,Tennessee,Franklin,45,1,0,35.15634626,-86.09201039,47051.0,44,45,1,0,44,44,41890,0,0,0,0,1
2020-05-23,US,Tennessee,Gibson,61,1,0,35.99438059,-88.93358327,47053.0,60,60,1,0,59,59,49045,1,0,0,1,1
2020-05-23,US,Tennessee,Giles,12,0,0,35.20222469,-87.03992678,47055.0,12,12,0,0,12,12,29503,0,0,0,0,0
2020-05-23,US,Tennessee,Grainger,6,0,0,36.27469206,-83.51254721,47057.0,6,6,0,0,6,6,23145,0,0,0,0,0
2020-05-23,US,Tennessee,Greene,48,2,0,36.17470125,-82.84691273,47059.0,46,47,2,0,45,46,69087,1,0,0,1,1
2020-05-23,US,Tennessee,Grundy,31,1,0,35.38433717,-85.72142731,47061.0,30,31,1,0,30,31,13346,0,0,0,0,0
2020-05-23,US,Tennessee,Hamblen,25,2,0,36.21990035,-83.26586179,47063.0,23,25,2,0,23,24,64569,0,0,0,0,1
2020-05-23,US,Tennessee,Hamilton,511,14,0,35.17670231,-85.16652245,47065.0,497,468,13,0,455,425,364286,43,1,0,42,43
2020-05-23,US,Tennessee,Hancock,1,0,0,36.52692871,-83.22375847,47067.0,1,1,0,0,1,1,6549,0,0,0,0,0
2020-05-23,US,Tennessee,Hardeman,188,0,0,35.20772017,-88.99161161,47069.0,188,187,0,0,187,184,25220,1,0,0,1,3
2020-05-23,US,Tennessee,Hardin,11,2,0,35.19732531,-88.18593755,47071.0,9,10,2,0,8,10,25776,1,0,0,1,0
2020-05-23,US,Tennessee,Hawkins,31,2,0,36.44355426,-82.94885298,47073.0,29,31,2,0,29,31,56530,0,0,0,0,0
2020-05-23,US,Tennessee,Haywood,29,2,0,35.58332824,-89.28536625,47075.0,27,29,1,0,28,29,17335,0,1,0,-1,0
2020-05-23,US,Tennessee,Henderson,12,0,0,35.65581134,-88.38600175,47077.0,12,12,0,0,12,12,27847,0,0,0,0,0
2020-05-23,US,Tennessee,Henry,29,0,0,36.33160906,-88.30121797,47079.0,29,29,0,0,29,28,32358,0,0,0,0,1
2020-05-23,US,Tennessee,Hickman,54,0,0,35.80609681,-87.47643507,47081.0,54,52,0,0,52,52,25063,2,0,0,2,0
2020-05-23,US,Tennessee,Houston,7,0,0,36.28872054,-87.71878828,47083.0,7,7,0,0,7,7,8263,0,0,0,0,0
2020-05-23,US,Tennessee,Humphreys,12,1,0,36.03958805,-87.77992872,47085.0,11,12,1,0,11,12,18486,0,0,0,0,0
2020-05-23,US,Tennessee,Jackson,16,0,0,36.36380466,-85.67239905,47087.0,16,14,0,0,14,13,11758,2,0,0,2,1
2020-05-23,US,Tennessee,Jefferson,27,0,0,36.04818632,-83.45148924,47089.0,27,27,0,0,27,27,54012,0,0,0,0,0
2020-05-23,US,Tennessee,Johnson,15,0,0,36.45523950000001,-81.84886538,47091.0,15,15,0,0,15,15,17778,0,0,0,0,0
2020-05-23,US,Tennessee,Knox,326,5,0,35.99508821,-83.94635435,47093.0,321,322,5,0,317,321,465289,4,0,0,4,1
2020-05-23,US,Tennessee,Lake,408,0,0,36.34180170000001,-89.48921915,47095.0,408,406,0,0,406,403,7411,2,0,0,2,3
2020-05-23,US,Tennessee,Lauderdale,51,1,0,35.75893438,-89.63015909999999,47097.0,50,51,1,0,50,51,25825,0,0,0,0,0
2020-05-23,US,Tennessee,Lawrence,24,0,0,35.21675201,-87.39787695,47099.0,24,23,0,0,23,22,43734,1,0,0,1,1
2020-05-23,US,Tennessee,Lewis,3,0,0,35.52853208,-87.49022694,47101.0,3,3,0,0,3,2,12086,0,0,0,0,1
2020-05-23,US,Tennessee,Lincoln,26,0,0,35.13738622,-86.58910106,47103.0,26,26,0,0,26,22,34117,0,0,0,0,4
2020-05-23,US,Tennessee,Loudon,131,0,0,35.73939663,-84.31145275,47105.0,131,130,0,0,130,110,53054,1,0,0,1,20
2020-05-23,US,Tennessee,Macon,97,3,0,36.53157855,-86.00778595,47111.0,94,97,3,0,94,93,24265,0,0,0,0,4
2020-05-23,US,Tennessee,Madison,164,2,0,35.61181957,-88.84076036,47113.0,162,163,2,0,161,162,97605,1,0,0,1,1
2020-05-23,US,Tennessee,Marion,36,1,0,35.12997174,-85.62265895,47115.0,35,35,1,0,34,35,28575,1,0,0,1,0
2020-05-23,US,Tennessee,Marshall,28,1,0,35.45798777,-86.76420988,47117.0,27,28,1,0,27,27,33683,0,0,0,0,1
2020-05-23,US,Tennessee,Maury,78,0,0,35.618741299999996,-87.07462444,47119.0,78,78,0,0,78,74,94340,0,0,0,0,4
2020-05-23,US,Tennessee,McMinn,133,13,0,35.42812616,-84.61520715,47107.0,120,124,12,0,112,124,53285,9,1,0,8,0
2020-05-23,US,Tennessee,McNairy,12,0,0,35.17468549,-88.5647812,47109.0,12,12,0,0,12,12,25832,0,0,0,0,0
2020-05-23,US,Tennessee,Meigs,25,0,0,35.51558739,-84.81482914,47121.0,25,22,0,0,22,22,12306,3,0,0,3,0
2020-05-23,US,Tennessee,Monroe,57,2,0,35.44550387,-84.24902965,47123.0,55,57,2,0,55,55,46357,0,0,0,0,2
2020-05-23,US,Tennessee,Montgomery,234,3,0,36.49609412,-87.38550661,47125.0,231,218,3,0,215,217,205950,16,0,0,16,1
2020-05-23,US,Tennessee,Moore,3,0,0,35.27724699,-86.36230578,47127.0,3,3,0,0,3,3,6411,0,0,0,0,0
2020-05-23,US,Tennessee,Morgan,17,0,0,36.13248031,-84.64880098,47129.0,17,17,0,0,17,17,21579,0,0,0,0,0
2020-05-23,US,Tennessee,Obion,24,1,0,36.35732446,-89.14921589,47131.0,23,21,1,0,20,20,30267,3,0,0,3,1
2020-05-23,US,Tennessee,Out of TN,339,4,0,0.0,0.0,80047.0,335,339,4,0,335,339,,0,0,0,0,0
2020-05-23,US,Tennessee,Overton,20,0,0,36.34117832,-85.28989535,47133.0,20,18,0,0,18,18,22068,2,0,0,2,0
2020-05-23,US,Tennessee,Perry,13,0,0,35.63708728,-87.86139634,47135.0,13,13,0,0,13,13,8064,0,0,0,0,0
2020-05-23,US,Tennessee,Pickett,3,0,0,36.55606529,-85.07763299999998,47137.0,3,2,0,0,2,2,5082,1,0,0,1,0
2020-05-23,US,Tennessee,Polk,14,0,0,35.12245443,-84.52075859,47139.0,14,14,0,0,14,14,16898,0,0,0,0,0
2020-05-23,US,Tennessee,Putnam,359,5,0,36.14005459,-85.50646123,47141.0,354,350,5,0,345,321,78843,9,0,0,9,29
2020-05-23,US,Tennessee,Rhea,194,0,0,35.60536161,-84.93076643,47143.0,194,193,0,0,193,188,33044,1,0,0,1,5
2020-05-23,US,Tennessee,Roane,13,0,0,35.84923189,-84.52458689,47145.0,13,10,0,0,10,9,53140,3,0,0,3,1
2020-05-23,US,Tennessee,Robertson,360,0,0,36.52454807,-86.87346725,47147.0,360,335,0,0,335,317,71012,25,0,0,25,18
2020-05-23,US,Tennessee,Rutherford,977,22,0,35.84591405,-86.4107263,47149.0,955,950,20,0,930,930,324890,27,2,0,25,20
2020-05-23,US,Tennessee,Scott,11,0,0,36.42325673,-84.50360494,47151.0,11,11,0,0,11,11,22039,0,0,0,0,0
2020-05-23,US,Tennessee,Sequatchie,10,0,0,35.36979721,-85.41022136,47153.0,10,10,0,0,10,10,14876,0,0,0,0,0
2020-05-23,US,Tennessee,Sevier,72,2,0,35.78077323,-83.52244332,47155.0,70,70,2,0,68,69,97892,2,0,0,2,1
2020-05-23,US,Tennessee,Shelby,4225,92,0,35.1864775,-89.89692423,47157.0,4133,4127,92,0,4035,4033,935764,98,0,0,98,94
2020-05-23,US,Tennessee,Smith,29,1,0,36.25359775,-85.95411046,47159.0,28,29,1,0,28,29,19942,0,0,0,0,0
2020-05-23,US,Tennessee,Stewart,8,0,0,36.50235092,-87.83920548,47161.0,8,8,0,0,8,8,13561,0,0,0,0,0
2020-05-23,US,Tennessee,Sullivan,61,2,0,36.51240691,-82.30412917,47163.0,59,61,2,0,59,60,157668,0,0,0,0,1
2020-05-23,US,Tennessee,Sumner,809,45,0,36.46824103,-86.45917204,47165.0,764,792,42,0,750,778,187149,17,3,0,14,14
2020-05-23,US,Tennessee,Tipton,426,2,0,35.501942,-89.73694895,47167.0,424,423,2,0,421,409,61581,3,0,0,3,14
2020-05-23,US,Tennessee,Trousdale,1390,4,0,36.39026213,-86.16087954,47169.0,1386,1390,4,0,1386,1385,11012,0,0,0,0,5
2020-05-23,US,Tennessee,Unassigned,75,0,0,0.0,0.0,90047.0,75,75,0,0,75,67,,0,0,0,0,8
2020-05-23,US,Tennessee,Unicoi,3,0,0,36.10890856,-82.43709629,47171.0,3,3,0,0,3,3,17761,0,0,0,0,0
2020-05-23,US,Tennessee,Union,4,0,0,36.28590426,-83.83651902,47173.0,4,4,0,0,4,4,19688,0,0,0,0,0
2020-05-23,US,Tennessee,Van Buren,4,0,0,35.69864497,-85.45221699,47175.0,4,4,0,0,4,4,5765,0,0,0,0,0
2020-05-23,US,Tennessee,Warren,19,0,0,35.672829899999996,-85.77969117,47177.0,19,16,0,0,16,16,40878,3,0,0,3,0
2020-05-23,US,Tennessee,Washington,72,0,0,36.29472368,-82.49454720000001,47179.0,72,68,0,0,68,68,128607,4,0,0,4,0
2020-05-23,US,Tennessee,Wayne,63,0,0,35.23868267,-87.78644456,47181.0,63,63,0,0,63,63,16558,0,0,0,0,0
2020-05-23,US,Tennessee,Weakley,26,0,0,36.29896232,-88.71990865,47183.0,26,26,0,0,26,26,33415,0,0,0,0,0
2020-05-23,US,Tennessee,White,24,0,0,35.92929884,-85.45591799,47185.0,24,22,0,0,22,22,27107,2,0,0,2,0
2020-05-23,US,Tennessee,Williamson,503,10,0,35.89099229,-86.89281867,47187.0,493,500,10,0,490,491,231729,3,0,0,3,9
2020-05-23,US,Tennessee,Wilson,343,8,0,36.15496772,-86.29775884,47189.0,335,343,8,0,335,344,140625,0,0,0,0,-1
2020-05-23,US,Texas,Anderson,63,0,0,31.81534745,-95.65354823,48001.0,63,63,0,0,63,63,58057,0,0,0,0,0
2020-05-23,US,Texas,Andrews,22,0,0,32.30468633,-102.63765479999999,48003.0,22,22,0,0,22,22,18128,0,0,0,0,0
2020-05-23,US,Texas,Angelina,168,2,0,31.25457347,-94.60901487,48005.0,166,168,2,0,166,168,87092,0,0,0,0,0
2020-05-23,US,Texas,Aransas,5,0,0,28.10556197,-96.9995047,48007.0,5,5,0,0,5,5,23792,0,0,0,0,0
2020-05-23,US,Texas,Archer,1,0,0,33.61569967,-98.68754589,48009.0,1,1,0,0,1,1,8786,0,0,0,0,0
2020-05-23,US,Texas,Armstrong,2,0,0,34.96507426,-101.35748740000001,48011.0,2,2,0,0,2,2,1892,0,0,0,0,0
2020-05-23,US,Texas,Atascosa,35,1,0,28.89333001,-98.52730485,48013.0,34,35,1,0,34,35,50310,0,0,0,0,0
2020-05-23,US,Texas,Austin,21,0,0,29.88548725,-96.27736949,48015.0,21,21,0,0,21,21,29989,0,0,0,0,0
2020-05-23,US,Texas,Bailey,10,0,0,34.06854817,-102.8299707,48017.0,10,10,0,0,10,10,7027,0,0,0,0,0
2020-05-23,US,Texas,Bandera,6,0,0,29.74619598,-99.24598147,48019.0,6,6,0,0,6,6,22824,0,0,0,0,0
2020-05-23,US,Texas,Bastrop,161,2,0,30.10370699,-97.31206354,48021.0,159,161,2,0,159,161,86976,0,0,0,0,0
2020-05-23,US,Texas,Bee,8,0,0,28.41761668,-97.74215593,48025.0,8,8,0,0,8,8,32587,0,0,0,0,0
2020-05-23,US,Texas,Bell,282,3,0,31.03736027,-97.4785025,48027.0,279,282,3,0,279,282,355642,0,0,0,0,0
2020-05-23,US,Texas,Bexar,2392,66,0,29.44928723,-98.52019748,48029.0,2326,2371,64,0,2307,2322,1986049,21,2,0,19,49
2020-05-23,US,Texas,Blanco,7,0,0,30.26640707,-98.3999852,48031.0,7,7,0,0,7,7,11702,0,0,0,0,0
2020-05-23,US,Texas,Bosque,6,0,0,31.89978581,-97.63613524,48035.0,6,6,0,0,6,6,18691,0,0,0,0,0
2020-05-23,US,Texas,Bowie,176,5,0,33.44626922,-94.41834132,48037.0,171,176,5,0,171,176,94324,0,0,0,0,0
2020-05-23,US,Texas,Brazoria,825,11,0,29.18757369,-95.44563172,48039.0,814,805,11,0,794,805,370200,20,0,0,20,0
2020-05-23,US,Texas,Brazos,362,18,0,30.663644800000004,-96.30205577,48041.0,344,362,18,0,344,362,226758,0,0,0,0,0
2020-05-23,US,Texas,Brewster,1,0,0,29.81008251,-103.25203259999999,48043.0,1,1,0,0,1,1,9267,0,0,0,0,0
2020-05-23,US,Texas,Briscoe,1,0,0,34.53026962,-101.2084947,48045.0,1,1,0,0,1,1,1516,0,0,0,0,0
2020-05-23,US,Texas,Brooks,1,0,0,27.03103197,-98.21808402,48047.0,1,1,0,0,1,1,7114,0,0,0,0,0
2020-05-23,US,Texas,Brown,55,7,0,31.77430356,-98.99907113,48049.0,48,55,7,0,48,55,37924,0,0,0,0,0
2020-05-23,US,Texas,Burleson,20,0,0,30.49273808,-96.62158484,48051.0,20,20,0,0,20,20,18389,0,0,0,0,0
2020-05-23,US,Texas,Burnet,29,0,0,30.78801353,-98.181887,48053.0,29,29,0,0,29,29,47542,0,0,0,0,0
2020-05-23,US,Texas,Caldwell,41,0,0,29.83668859,-97.61814775,48055.0,41,41,0,0,41,41,43247,0,0,0,0,0
2020-05-23,US,Texas,Calhoun,37,3,0,28.47048236,-96.61633945,48057.0,34,37,3,0,34,37,21561,0,0,0,0,0
2020-05-23,US,Texas,Callahan,8,1,0,32.29760619,-99.37326312,48059.0,7,8,1,0,7,8,13994,0,0,0,0,0
2020-05-23,US,Texas,Cameron,698,32,0,26.14524221,-97.48140372,48061.0,666,664,32,0,632,664,423908,34,0,0,34,0
2020-05-23,US,Texas,Camp,32,0,0,32.97195142,-94.97790104,48063.0,32,32,0,0,32,32,13033,0,0,0,0,0
2020-05-23,US,Texas,Carson,6,0,0,35.40365929,-101.35426690000001,48065.0,6,6,0,0,6,6,6005,0,0,0,0,0
2020-05-23,US,Texas,Cass,21,0,0,33.07499881,-94.34646905,48067.0,21,21,0,0,21,21,30119,0,0,0,0,0
2020-05-23,US,Texas,Castro,29,1,0,34.53016752,-102.2617243,48069.0,28,29,1,0,28,29,7665,0,0,0,0,0
2020-05-23,US,Texas,Chambers,58,0,0,29.70972016,-94.67154501,48071.0,58,58,0,0,58,58,42454,0,0,0,0,0
2020-05-23,US,Texas,Cherokee,44,2,0,31.837258000000002,-95.16559897,48073.0,42,44,2,0,42,44,52592,0,0,0,0,0
2020-05-23,US,Texas,Childress,2,0,0,34.529304100000004,-100.2077916,48075.0,2,2,0,0,2,2,7291,0,0,0,0,0
2020-05-23,US,Texas,Clay,3,0,0,33.78686685,-98.20771198,48077.0,3,3,0,0,3,3,10456,0,0,0,0,0
2020-05-23,US,Texas,Cochran,1,0,0,33.60425307,-102.82844990000001,48079.0,1,1,0,0,1,1,2836,0,0,0,0,0
2020-05-23,US,Texas,Coke,1,0,0,31.88911733,-100.5297533,48081.0,1,1,0,0,1,1,3370,0,0,0,0,0
2020-05-23,US,Texas,Coleman,2,0,0,31.76736834,-99.45240766,48083.0,2,2,0,0,2,2,8397,0,0,0,0,0
2020-05-23,US,Texas,Collin,1132,31,0,33.18820114,-96.57264368,48085.0,1101,1090,31,0,1059,1090,1005146,42,0,0,42,0
2020-05-23,US,Texas,Collingsworth,4,0,0,34.96489496,-100.27001109999999,48087.0,4,4,0,0,4,4,2962,0,0,0,0,0
2020-05-23,US,Texas,Colorado,19,0,0,29.622097999999998,-96.5273805,48089.0,19,19,0,0,19,19,21217,0,0,0,0,0
2020-05-23,US,Texas,Comal,78,6,0,29.80811278,-98.27647225,48091.0,72,78,6,0,72,78,148373,0,0,0,0,0
2020-05-23,US,Texas,Comanche,5,1,0,31.94854689,-98.55876441,48093.0,4,5,1,0,4,5,13534,0,0,0,0,0
2020-05-23,US,Texas,Concho,1,0,0,31.32635934,-99.86473038,48095.0,1,1,0,0,1,1,4276,0,0,0,0,0
2020-05-23,US,Texas,Cooke,13,0,0,33.63979567,-97.21240912,48097.0,13,13,0,0,13,13,40574,0,0,0,0,0
2020-05-23,US,Texas,Coryell,226,2,0,31.39078397,-97.79936155,48099.0,224,226,2,0,224,226,74808,0,0,0,0,0
2020-05-23,US,Texas,Cottle,4,1,0,34.07783319,-100.27850620000001,48101.0,3,4,1,0,3,4,1389,0,0,0,0,0
2020-05-23,US,Texas,Crane,3,0,0,31.43052248,-102.5143314,48103.0,3,3,0,0,3,3,4794,0,0,0,0,0
2020-05-23,US,Texas,Crosby,3,1,0,33.61431553,-101.30003640000001,48107.0,2,3,1,0,2,3,5779,0,0,0,0,0
2020-05-23,US,Texas,Dallam,22,1,0,36.27787176,-102.60207249999999,48111.0,21,22,1,0,21,22,7200,0,0,0,0,0
2020-05-23,US,Texas,Dallas,8649,210,0,32.76670599,-96.77796049999999,48113.0,8439,8477,207,0,8270,8273,2637772,172,3,0,169,204
2020-05-23,US,Texas,Dawson,39,1,0,32.74255572,-101.94772420000001,48115.0,38,39,1,0,38,39,12619,0,0,0,0,0
2020-05-23,US,Texas,DeWitt,17,1,0,29.08101855,-97.35681170000001,48123.0,16,17,1,0,16,17,20187,0,0,0,0,0
2020-05-23,US,Texas,Deaf Smith,141,7,0,34.96522957,-102.6054267,48117.0,134,141,7,0,134,141,18760,0,0,0,0,0
2020-05-23,US,Texas,Delta,1,0,0,33.38570922,-95.66921122,48119.0,1,1,0,0,1,1,5349,0,0,0,0,0
2020-05-23,US,Texas,Denton,1205,28,0,33.20521901,-97.11691153,48121.0,1177,1161,28,0,1133,1161,859064,44,0,0,44,0
2020-05-23,US,Texas,Dickens,1,0,0,33.61616822,-100.7788855,48125.0,1,1,0,0,1,1,2249,0,0,0,0,0
2020-05-23,US,Texas,Dimmit,1,0,0,28.42270064,-99.75645095,48127.0,1,1,0,0,1,1,10308,0,0,0,0,0
2020-05-23,US,Texas,Donley,26,0,0,34.96517499,-100.8140093,48129.0,26,26,0,0,26,26,3319,0,0,0,0,0
2020-05-23,US,Texas,Duval,5,0,0,27.68184592,-98.50864568,48131.0,5,5,0,0,5,5,11212,0,0,0,0,0
2020-05-23,US,Texas,Eastland,5,0,0,32.32743996,-98.83243566,48133.0,5,5,0,0,5,5,18322,0,0,0,0,0
2020-05-23,US,Texas,Ector,130,4,0,31.86898877,-102.54294279999999,48135.0,126,130,4,0,126,130,162124,0,0,0,0,0
2020-05-23,US,Texas,El Paso,2265,57,0,31.76980765,-106.23632749999999,48141.0,2208,2046,57,0,1989,2046,840758,219,0,0,219,0
2020-05-23,US,Texas,Ellis,266,12,0,32.34894117,-96.79371841,48139.0,254,266,12,0,254,266,179436,0,0,0,0,0
2020-05-23,US,Texas,Erath,15,1,0,32.23602653,-98.21773417,48143.0,14,15,1,0,14,15,42446,0,0,0,0,0
2020-05-23,US,Texas,Falls,6,0,0,31.25350609,-96.93630086,48145.0,6,6,0,0,6,6,17335,0,0,0,0,0
2020-05-23,US,Texas,Fannin,29,2,0,33.59564294,-96.10751083,48147.0,27,29,2,0,27,29,35286,0,0,0,0,0
2020-05-23,US,Texas,Fayette,31,2,0,29.87788372,-96.92076062,48149.0,29,31,2,0,29,31,25349,0,0,0,0,0
2020-05-23,US,Texas,Fisher,2,0,0,32.74281316,-100.40193020000001,48151.0,2,2,0,0,2,2,3839,0,0,0,0,0
2020-05-23,US,Texas,Floyd,5,0,0,34.07227468,-101.3031546,48153.0,5,5,0,0,5,5,5837,0,0,0,0,0
2020-05-23,US,Texas,Fort Bend,1676,41,0,29.52704478,-95.77219463,48157.0,1635,1652,40,0,1612,1652,787858,24,1,0,23,0
2020-05-23,US,Texas,Franklin,8,0,0,33.17653242,-95.21917243,48159.0,8,8,0,0,8,8,10766,0,0,0,0,0
2020-05-23,US,Texas,Freestone,7,0,0,31.70422788,-96.15072516,48161.0,7,7,0,0,7,7,19808,0,0,0,0,0
2020-05-23,US,Texas,Frio,35,0,0,28.86751206,-99.10804207,48163.0,35,35,0,0,35,35,19816,0,0,0,0,0
2020-05-23,US,Texas,Gaines,6,0,0,32.74055318,-102.6353295,48165.0,6,6,0,0,6,6,20901,0,0,0,0,0
2020-05-23,US,Texas,Galveston,740,31,0,29.40167322,-94.90469073,48167.0,709,721,31,0,690,721,337890,19,0,0,19,0
2020-05-23,US,Texas,Garza,4,0,0,33.17969345,-101.2984114,48169.0,4,4,0,0,4,4,6578,0,0,0,0,0
2020-05-23,US,Texas,Gillespie,5,0,0,30.31824095,-98.94676915,48171.0,5,5,0,0,5,5,26804,0,0,0,0,0
2020-05-23,US,Texas,Glasscock,1,0,0,31.86942909,-101.5207776,48173.0,1,1,0,0,1,1,1388,0,0,0,0,0
2020-05-23,US,Texas,Goliad,7,0,0,28.65696592,-97.42760647,48175.0,7,7,0,0,7,7,7584,0,0,0,0,0
2020-05-23,US,Texas,Gonzales,90,2,0,29.45634206,-97.49424032,48177.0,88,90,2,0,88,90,20826,0,0,0,0,0
2020-05-23,US,Texas,Gray,95,1,0,35.40081878,-100.8129222,48179.0,94,95,1,0,94,95,21895,0,0,0,0,0
2020-05-23,US,Texas,Grayson,268,1,0,33.62744998,-96.67753461,48181.0,267,268,1,0,267,268,133991,0,0,0,0,0
2020-05-23,US,Texas,Gregg,180,4,0,32.47940482,-94.81591935,48183.0,176,180,4,0,176,180,123707,0,0,0,0,0
2020-05-23,US,Texas,Grimes,91,1,0,30.54579585,-95.98902499,48185.0,90,91,1,0,90,91,28360,0,0,0,0,0
2020-05-23,US,Texas,Guadalupe,116,0,0,29.58165339,-97.94786822,48187.0,116,116,0,0,116,116,163694,0,0,0,0,0
2020-05-23,US,Texas,Hale,50,4,0,34.07044901,-101.82681140000001,48189.0,46,50,4,0,46,50,33830,0,0,0,0,0
2020-05-23,US,Texas,Hall,1,0,0,34.5307555,-100.68138520000001,48191.0,1,1,0,0,1,1,3028,0,0,0,0,0
2020-05-23,US,Texas,Hamilton,7,0,0,31.70470573,-98.11083887,48193.0,7,7,0,0,7,7,8484,0,0,0,0,0
2020-05-23,US,Texas,Hansford,18,2,0,36.27743284,-101.3545796,48195.0,16,18,2,0,16,18,5463,0,0,0,0,0
2020-05-23,US,Texas,Hardin,121,4,0,30.33364686,-94.38931817,48199.0,117,121,4,0,117,121,57207,0,0,0,0,0
2020-05-23,US,Texas,Harris,10770,219,0,29.86,-95.39,48201.0,10551,10526,217,0,10309,10283,4698619,244,2,0,242,243
2020-05-23,US,Texas,Harrison,217,22,0,32.54935988,-94.36934071,48203.0,195,217,22,0,195,217,66726,0,0,0,0,0
2020-05-23,US,Texas,Hartley,11,2,0,35.84008013,-102.6029022,48205.0,9,11,2,0,9,11,5619,0,0,0,0,0
2020-05-23,US,Texas,Haskell,2,0,0,33.17823584,-99.73037358,48207.0,2,2,0,0,2,2,5813,0,0,0,0,0
2020-05-23,US,Texas,Hays,250,3,0,30.05669873,-98.02944344,48209.0,247,250,3,0,247,250,222631,0,0,0,0,0
2020-05-23,US,Texas,Hemphill,1,0,0,35.83764858,-100.2703577,48211.0,1,1,0,0,1,1,3825,0,0,0,0,0
2020-05-23,US,Texas,Henderson,51,0,0,32.21128872,-95.85846587,48213.0,51,51,0,0,51,51,82299,0,0,0,0,0
2020-05-23,US,Texas,Hidalgo,482,10,0,26.39418217,-98.18299696,48215.0,472,472,10,0,462,467,865939,10,0,0,10,5
2020-05-23,US,Texas,Hill,23,1,0,31.99045053,-97.13423143,48217.0,22,23,1,0,22,23,36354,0,0,0,0,0
2020-05-23,US,Texas,Hockley,27,1,0,33.60771256,-102.3431676,48219.0,26,27,1,0,26,27,22980,0,0,0,0,0
2020-05-23,US,Texas,Hood,23,3,0,32.42990927,-97.83242024,48221.0,20,23,3,0,20,23,60537,0,0,0,0,0
2020-05-23,US,Texas,Hopkins,12,0,0,33.14875072,-95.56351139,48223.0,12,12,0,0,12,12,36810,0,0,0,0,0
2020-05-23,US,Texas,Houston,81,0,0,31.31925973,-95.42226208,48225.0,81,81,0,0,81,81,23169,0,0,0,0,0
2020-05-23,US,Texas,Howard,6,1,0,32.30621324,-101.4356444,48227.0,5,6,1,0,5,6,36459,0,0,0,0,0
2020-05-23,US,Texas,Hunt,71,3,0,33.12351514,-96.08551032,48231.0,68,71,3,0,68,71,96493,0,0,0,0,0
2020-05-23,US,Texas,Hutchinson,31,0,0,35.84006574,-101.3546643,48233.0,31,31,0,0,31,31,21198,0,0,0,0,0
2020-05-23,US,Texas,Jack,4,0,0,33.23377248,-98.17283469,48237.0,4,4,0,0,4,4,8843,0,0,0,0,0
2020-05-23,US,Texas,Jackson,16,1,0,28.95472367,-96.57749563,48239.0,15,16,1,0,15,16,14874,0,0,0,0,0
2020-05-23,US,Texas,Jasper,26,1,0,30.74685667,-94.02667579,48241.0,25,26,1,0,25,26,35872,0,0,0,0,0
2020-05-23,US,Texas,Jefferson,465,27,0,29.8832777,-94.16434171,48245.0,438,465,27,0,438,465,255001,0,0,0,0,0
2020-05-23,US,Texas,Jim Hogg,4,0,0,27.04453923,-98.69681870000001,48247.0,4,4,0,0,4,4,5248,0,0,0,0,0
2020-05-23,US,Texas,Jim Wells,9,0,0,27.73103938,-98.0904705,48249.0,9,9,0,0,9,9,40822,0,0,0,0,0
2020-05-23,US,Texas,Johnson,144,4,0,32.37877812,-97.36615819,48251.0,140,144,4,0,140,144,171361,0,0,0,0,0
2020-05-23,US,Texas,Jones,134,0,0,32.73997145,-99.87861576,48253.0,134,134,0,0,134,134,19817,0,0,0,0,0
2020-05-23,US,Texas,Karnes,4,0,0,28.90705334,-97.85960149,48255.0,4,4,0,0,4,4,15650,0,0,0,0,0
2020-05-23,US,Texas,Kaufman,173,2,0,32.599141700000004,-96.28734728,48257.0,171,173,2,0,171,173,128622,0,0,0,0,0
2020-05-23,US,Texas,Kendall,24,0,0,29.94414155,-98.7113588,48259.0,24,24,0,0,24,24,45641,0,0,0,0,0
2020-05-23,US,Texas,Kerr,11,0,0,30.06040006,-99.34930144,48265.0,11,11,0,0,11,11,52405,0,0,0,0,0
2020-05-23,US,Texas,Kimble,1,0,0,30.48678918,-99.74856473,48267.0,1,1,0,0,1,1,4362,0,0,0,0,0
2020-05-23,US,Texas,Kleberg,14,1,0,27.42435506,-97.69894948,48273.0,13,14,1,0,13,14,31129,0,0,0,0,0
2020-05-23,US,Texas,Knox,1,0,0,33.60519951,-99.74229059999999,48275.0,1,1,0,0,1,1,3653,0,0,0,0,0
2020-05-23,US,Texas,La Salle,4,0,0,28.34453111,-99.09908775,48283.0,4,4,0,0,4,4,7531,0,0,0,0,0
2020-05-23,US,Texas,Lamar,126,9,0,33.66981763,-95.57404777,48277.0,117,126,9,0,117,126,49728,0,0,0,0,0
2020-05-23,US,Texas,Lamb,11,0,0,34.06859623,-102.35162890000001,48279.0,11,11,0,0,11,11,13158,0,0,0,0,0
2020-05-23,US,Texas,Lampasas,8,0,0,31.19531316,-98.24206613,48281.0,8,8,0,0,8,8,21229,0,0,0,0,0
2020-05-23,US,Texas,Lavaca,8,1,0,29.38508402,-96.93186692,48285.0,7,8,1,0,7,8,20110,0,0,0,0,0
2020-05-23,US,Texas,Lee,8,0,0,30.31120597,-96.97045773,48287.0,8,8,0,0,8,8,17144,0,0,0,0,0
2020-05-23,US,Texas,Leon,9,0,0,31.29872538,-95.9936328,48289.0,9,9,0,0,9,9,17270,0,0,0,0,0
2020-05-23,US,Texas,Liberty,81,3,0,30.15152688,-94.81205615,48291.0,78,81,3,0,78,81,86323,0,0,0,0,0
2020-05-23,US,Texas,Limestone,18,1,0,31.5454767,-96.58095444,48293.0,17,18,1,0,17,18,23519,0,0,0,0,0
2020-05-23,US,Texas,Lipscomb,2,0,0,36.27783108,-100.27331509999999,48295.0,2,2,0,0,2,2,3355,0,0,0,0,0
2020-05-23,US,Texas,Live Oak,9,0,0,28.35101362,-98.1246786,48297.0,9,9,0,0,9,9,12166,0,0,0,0,0
2020-05-23,US,Texas,Llano,3,0,0,30.70645047,-98.68475262,48299.0,3,3,0,0,3,3,21646,0,0,0,0,0
2020-05-23,US,Texas,Lubbock,656,50,0,33.61008596,-101.82047890000001,48303.0,606,639,50,0,589,639,307412,17,0,0,17,0
2020-05-23,US,Texas,Lynn,5,1,0,33.17657705,-101.8162849,48305.0,4,5,1,0,4,5,5877,0,0,0,0,0
2020-05-23,US,Texas,Madison,8,0,0,30.96694679,-95.93003775,48313.0,8,8,0,0,8,8,14422,0,0,0,0,0
2020-05-23,US,Texas,Marion,15,0,0,32.79868409,-94.35661230000001,48315.0,15,15,0,0,15,15,9928,0,0,0,0,0
2020-05-23,US,Texas,Martin,3,1,0,32.30600051,-101.9513518,48317.0,2,3,1,0,2,3,5753,0,0,0,0,0
2020-05-23,US,Texas,Mason,31,0,0,30.71780434,-99.22629416,48319.0,31,31,0,0,31,31,4280,0,0,0,0,0
2020-05-23,US,Texas,Matagorda,67,5,0,28.81955746,-96.01230294,48321.0,62,67,5,0,62,66,36552,0,0,0,0,1
2020-05-23,US,Texas,Maverick,94,1,0,28.7429195,-100.3157686,48323.0,93,98,1,0,97,94,58485,-4,0,0,-4,4
2020-05-23,US,Texas,McCulloch,3,0,0,31.1925468,-99.34682807,48307.0,3,3,0,0,3,3,7987,0,0,0,0,0
2020-05-23,US,Texas,McLennan,102,4,0,31.55255453,-97.20217694,48309.0,98,102,4,0,98,102,254607,0,0,0,0,0
2020-05-23,US,Texas,Medina,64,2,0,29.355730100000002,-99.11030298,48325.0,62,64,2,0,62,64,50921,0,0,0,0,0
2020-05-23,US,Texas,Midland,123,12,0,31.86904128,-102.03156820000001,48329.0,111,123,12,0,111,123,172578,0,0,0,0,0
2020-05-23,US,Texas,Milam,27,1,0,30.78581830000001,-96.97718698,48331.0,26,27,1,0,26,27,25131,0,0,0,0,0
2020-05-23,US,Texas,Mills,1,0,0,31.49557106,-98.59272068,48333.0,1,1,0,0,1,1,4921,0,0,0,0,0
2020-05-23,US,Texas,Mitchell,1,0,0,32.30623474,-100.9212058,48335.0,1,1,0,0,1,1,8145,0,0,0,0,0
2020-05-23,US,Texas,Montague,9,1,0,33.67521893,-97.72500958,48337.0,8,9,1,0,8,9,19596,0,0,0,0,0
2020-05-23,US,Texas,Montgomery,888,23,0,30.30079133,-95.50572772,48339.0,865,888,23,0,865,881,590925,0,0,0,0,7
2020-05-23,US,Texas,Moore,579,13,0,35.83769242,-101.8930281,48341.0,566,579,13,0,566,579,21485,0,0,0,0,0
2020-05-23,US,Texas,Morris,15,0,0,33.11304005,-94.73255695,48343.0,15,15,0,0,15,15,12339,0,0,0,0,0
2020-05-23,US,Texas,Motley,1,0,0,34.07408766,-100.77972199999999,48345.0,1,1,0,0,1,1,1234,0,0,0,0,0
2020-05-23,US,Texas,Nacogdoches,244,17,0,31.62017125,-94.61803994,48347.0,227,244,17,0,227,244,65711,0,0,0,0,0
2020-05-23,US,Texas,Navarro,40,2,0,32.04620681,-96.47428766,48349.0,38,40,2,0,38,40,49565,0,0,0,0,0
2020-05-23,US,Texas,Newton,4,0,0,30.78548982,-93.74408813,48351.0,4,4,0,0,4,4,13746,0,0,0,0,0
2020-05-23,US,Texas,Nolan,2,0,0,32.30365282,-100.4060208,48353.0,2,2,0,0,2,2,14751,0,0,0,0,0
2020-05-23,US,Texas,Nueces,260,3,0,27.736286,-97.5433285,48355.0,257,260,3,0,257,256,362265,0,0,0,0,4
2020-05-23,US,Texas,Ochiltree,41,3,0,36.27829105,-100.8158184,48357.0,38,41,3,0,38,41,9947,0,0,0,0,0
2020-05-23,US,Texas,Oldham,3,1,0,35.40425596,-102.6027606,48359.0,2,3,1,0,2,3,2131,0,0,0,0,0
2020-05-23,US,Texas,Orange,89,2,0,30.11879481,-93.89412775,48361.0,87,89,2,0,87,89,83572,0,0,0,0,0
2020-05-23,US,Texas,Palo Pinto,10,2,0,32.75310985,-98.31319001,48363.0,8,10,2,0,8,10,28875,0,0,0,0,0
2020-05-23,US,Texas,Panola,188,21,0,32.163959600000005,-94.30552481,48365.0,167,188,21,0,167,175,23148,0,0,0,0,13
2020-05-23,US,Texas,Parker,67,1,0,32.77757172,-97.80500621,48367.0,66,67,1,0,66,67,138371,0,0,0,0,0
2020-05-23,US,Texas,Parmer,39,0,0,34.52993409,-102.78446679999999,48369.0,39,39,0,0,39,39,9864,0,0,0,0,0
2020-05-23,US,Texas,Pecos,24,0,0,30.78097267,-102.72412609999999,48371.0,24,24,0,0,24,24,15673,0,0,0,0,0
2020-05-23,US,Texas,Polk,52,0,0,30.79472531,-94.82766240000001,48373.0,52,52,0,0,52,52,50031,0,0,0,0,0
2020-05-23,US,Texas,Potter,2229,24,0,35.40133773,-101.893964,48375.0,2205,2196,24,0,2172,2196,119648,33,0,0,33,0
2020-05-23,US,Texas,Rains,3,0,0,32.87109387,-95.79232691,48379.0,3,3,0,0,3,3,12159,0,0,0,0,0
2020-05-23,US,Texas,Randall,645,5,0,34.96585996,-101.8971322,48381.0,640,625,5,0,620,625,136271,20,0,0,20,0
2020-05-23,US,Texas,Red River,42,4,0,33.61886692,-95.04841765,48387.0,38,42,4,0,38,42,12175,0,0,0,0,0
2020-05-23,US,Texas,Reeves,7,0,0,31.32323325,-103.69038959999999,48389.0,7,7,0,0,7,7,15695,0,0,0,0,0
2020-05-23,US,Texas,Refugio,3,0,0,28.323897600000002,-97.15766311,48391.0,3,3,0,0,3,3,7032,0,0,0,0,0
2020-05-23,US,Texas,Roberts,2,0,0,35.83809685,-100.813175,48393.0,2,2,0,0,2,2,903,0,0,0,0,0
2020-05-23,US,Texas,Robertson,7,0,0,31.02539637,-96.51272246,48395.0,7,7,0,0,7,7,17284,0,0,0,0,0
2020-05-23,US,Texas,Rockwall,147,9,0,32.89779518,-96.40771592,48397.0,138,147,9,0,138,147,100657,0,0,0,0,0
2020-05-23,US,Texas,Runnels,2,0,0,31.8314342,-99.97616148,48399.0,2,2,0,0,2,2,10234,0,0,0,0,0
2020-05-23,US,Texas,Rusk,42,2,0,32.10773545,-94.76176432,48401.0,40,42,2,0,40,42,54450,0,0,0,0,0
2020-05-23,US,Texas,Sabine,4,0,0,31.34318809,-93.85440451,48403.0,4,4,0,0,4,4,10589,0,0,0,0,0
2020-05-23,US,Texas,San Augustine,28,1,0,31.39457611,-94.17000399,48405.0,27,28,1,0,27,28,8232,0,0,0,0,0
2020-05-23,US,Texas,San Jacinto,13,0,0,30.57933681,-95.16260304,48407.0,13,13,0,0,13,13,28719,0,0,0,0,0
2020-05-23,US,Texas,San Patricio,28,0,0,28.00880118,-97.51763891,48409.0,28,28,0,0,28,28,66893,0,0,0,0,0
2020-05-23,US,Texas,San Saba,1,0,0,31.1577796,-98.81758731,48411.0,1,1,0,0,1,1,6054,0,0,0,0,0
2020-05-23,US,Texas,Scurry,2,0,0,32.74613808,-100.91626640000001,48415.0,2,2,0,0,2,2,16866,0,0,0,0,0
2020-05-23,US,Texas,Shackelford,1,0,0,32.73587756,-99.35401337,48417.0,1,1,0,0,1,1,3253,0,0,0,0,0
2020-05-23,US,Texas,Shelby,180,5,0,31.79211404,-94.14550696,48419.0,175,180,5,0,175,180,25418,0,0,0,0,0
2020-05-23,US,Texas,Sherman,23,0,0,36.27751473,-101.8933156,48421.0,23,23,0,0,23,23,3079,0,0,0,0,0
2020-05-23,US,Texas,Smith,195,4,0,32.37474036,-95.27175679999999,48423.0,191,195,4,0,191,195,230221,0,0,0,0,0
2020-05-23,US,Texas,Starr,23,0,0,26.56150059,-98.73892358,48427.0,23,23,0,0,23,23,64525,0,0,0,0,0
2020-05-23,US,Texas,Stephens,2,0,0,32.73553157,-98.83631615,48429.0,2,2,0,0,2,2,9433,0,0,0,0,0
2020-05-23,US,Texas,Swisher,15,0,0,34.53028891,-101.73491740000001,48437.0,15,15,0,0,15,15,7462,0,0,0,0,0
2020-05-23,US,Texas,Tarrant,4899,132,0,32.77143818,-97.29101614,48439.0,4767,4711,132,0,4579,4711,2084931,188,0,0,188,0
2020-05-23,US,Texas,Taylor,228,5,0,32.30163422,-99.89007449,48441.0,223,228,5,0,223,225,137640,0,0,0,0,3
2020-05-23,US,Texas,Terry,13,0,0,33.17402785,-102.3354521,48445.0,13,13,0,0,13,13,12287,0,0,0,0,0
2020-05-23,US,Texas,Titus,248,2,0,33.21339719,-94.96797273,48449.0,246,248,2,0,246,189,33033,0,0,0,0,59
2020-05-23,US,Texas,Tom Green,90,1,0,31.40464436,-100.46244300000001,48451.0,89,90,1,0,89,89,118189,0,0,0,0,1
2020-05-23,US,Texas,Travis,2761,82,0,30.33432034,-97.78535620000001,48453.0,2679,2644,82,0,2562,2644,1248743,117,0,0,117,0
2020-05-23,US,Texas,Trinity,11,0,0,31.0879489,-95.1367187,48455.0,11,11,0,0,11,11,14740,0,0,0,0,0
2020-05-23,US,Texas,Tyler,10,0,0,30.77031716,-94.37690895,48457.0,10,10,0,0,10,10,21696,0,0,0,0,0
2020-05-23,US,Texas,Upshur,18,0,0,32.73706798,-94.93999853,48459.0,18,18,0,0,18,18,41260,0,0,0,0,0
2020-05-23,US,Texas,Uvalde,6,0,0,29.35739637,-99.76229172,48463.0,6,6,0,0,6,6,26846,0,0,0,0,0
2020-05-23,US,Texas,Val Verde,14,0,0,29.89149232,-101.1525205,48465.0,14,14,0,0,14,13,49208,0,0,0,0,1
2020-05-23,US,Texas,Van Zandt,25,1,0,32.56483801,-95.83766469,48467.0,24,25,1,0,24,25,56019,0,0,0,0,0
2020-05-23,US,Texas,Victoria,157,7,0,28.79780988,-96.96813006,48469.0,150,157,7,0,150,157,92035,0,0,0,0,0
2020-05-23,US,Texas,Walker,436,27,0,30.73872995,-95.57440968,48471.0,409,436,27,0,409,552,72480,0,0,0,0,-116
2020-05-23,US,Texas,Waller,45,0,0,30.01058447,-95.99011759,48473.0,45,45,0,0,45,45,53126,0,0,0,0,0
2020-05-23,US,Texas,Washington,187,22,0,30.21498498,-96.40946246,48477.0,165,187,22,0,165,187,35108,0,0,0,0,0
2020-05-23,US,Texas,Webb,502,18,0,27.7610369,-99.33237355,48479.0,484,498,18,0,480,498,275910,4,0,0,4,0
2020-05-23,US,Texas,Wharton,45,0,0,29.27765923,-96.22319248,48481.0,45,45,0,0,45,45,41619,0,0,0,0,0
2020-05-23,US,Texas,Wheeler,15,0,0,35.40114335,-100.26995140000001,48483.0,15,15,0,0,15,15,5191,0,0,0,0,0
2020-05-23,US,Texas,Wichita,82,2,0,33.98842886,-98.70410340000001,48485.0,80,82,2,0,80,82,132064,0,0,0,0,0
2020-05-23,US,Texas,Wilbarger,6,0,0,34.07945812,-99.24178437,48487.0,6,6,0,0,6,6,12820,0,0,0,0,0
2020-05-23,US,Texas,Willacy,15,1,0,26.47411727,-97.61535848,48489.0,14,15,1,0,14,15,21515,0,0,0,0,0
2020-05-23,US,Texas,Williamson,541,21,0,30.64655664,-97.60048540000001,48491.0,520,528,21,0,507,520,566719,13,0,0,13,8
2020-05-23,US,Texas,Wilson,38,5,0,29.1732598,-98.08693082,48493.0,33,38,5,0,33,38,50224,0,0,0,0,0
2020-05-23,US,Texas,Winkler,3,0,0,31.85008651,-103.04851629999999,48495.0,3,3,0,0,3,3,7720,0,0,0,0,0
2020-05-23,US,Texas,Wise,42,2,0,33.21570665,-97.65460265,48497.0,40,42,2,0,40,42,68305,0,0,0,0,0
2020-05-23,US,Texas,Wood,22,1,0,32.78722382,-95.38236368,48499.0,21,22,1,0,21,22,45129,0,0,0,0,0
2020-05-23,US,Texas,Yoakum,3,0,0,33.17320212,-102.82764329999999,48501.0,3,3,0,0,3,3,8591,0,0,0,0,0
2020-05-23,US,Texas,Young,4,1,0,33.17659707,-98.68790885,48503.0,3,4,1,0,3,4,18045,0,0,0,0,0
2020-05-23,US,Texas,Zapata,8,0,0,27.00156391,-99.16987152,48505.0,8,8,0,0,8,8,14190,0,0,0,0,0
2020-05-23,US,Texas,Zavala,11,0,0,28.86617238,-99.76050829,48507.0,11,11,0,0,11,11,11983,0,0,0,0,0
2020-05-23,US,Utah,Bear River,102,1,0,41.52106798,-113.08328159999999,0.0,101,98,1,0,97,97,,4,0,0,4,1
2020-05-23,US,Utah,Central Utah,33,0,0,39.37231946,-111.5758676,0.0,33,34,0,0,34,32,,-1,0,0,-1,2
2020-05-23,US,Utah,Davis,407,2,0,40.99001837,-112.1139997,49011.0,405,401,2,0,399,396,351713,6,0,0,6,5
2020-05-23,US,Utah,Salt Lake,4441,67,0,40.66616532,-111.92160109999999,49035.0,4374,4308,64,0,4244,4217,1152633,133,3,0,130,91
2020-05-23,US,Utah,San Juan,259,4,0,37.62762978,-109.80337140000002,49037.0,255,254,4,0,250,251,15449,5,0,0,5,3
2020-05-23,US,Utah,Southeast Utah,18,0,0,38.99617072,-110.70139579999999,0.0,18,18,0,0,18,17,,0,0,0,0,1
2020-05-23,US,Utah,Southwest Utah,294,4,0,37.85447192,-111.4418764,90049.0,290,281,4,0,277,271,,13,0,0,13,10
2020-05-23,US,Utah,Summit,403,0,0,40.86688146,-110.9535882,49043.0,403,403,0,0,403,404,41933,0,0,0,0,-1
2020-05-23,US,Utah,Tooele,112,0,0,40.44862644,-113.12957150000001,49045.0,112,108,0,0,108,104,69907,4,0,0,4,4
2020-05-23,US,Utah,TriCounty,20,0,0,40.12491499,-109.5174415,0.0,20,21,0,0,21,20,,-1,0,0,-1,1
2020-05-23,US,Utah,Utah,1678,14,0,40.116672200000004,-111.66576620000001,49049.0,1664,1651,13,0,1638,1592,622213,27,1,0,26,59
2020-05-23,US,Utah,Wasatch,237,1,0,40.33110236,-111.1691419,49051.0,236,228,1,0,227,222,33240,9,0,0,9,6
2020-05-23,US,Utah,Weber-Morgan,256,4,0,41.27116049,-111.9145117,0.0,252,252,4,0,248,251,,4,0,0,4,1
2020-05-23,US,Vermont,Addison,62,2,0,44.03217337,-73.14130877,50001.0,60,62,2,0,60,62,36973,0,0,0,0,0
2020-05-23,US,Vermont,Bennington,60,1,0,43.03519828,-73.09048868,50003.0,59,60,1,0,59,60,35631,0,0,0,0,0
2020-05-23,US,Vermont,Caledonia,14,0,0,44.46548598,-72.10314651,50005.0,14,14,0,0,14,14,30302,0,0,0,0,0
2020-05-23,US,Vermont,Chittenden,440,38,0,44.46322849,-73.08359212,50007.0,402,440,38,0,402,440,164572,0,0,0,0,0
2020-05-23,US,Vermont,Essex,3,0,0,44.72736416,-71.73579864,50009.0,3,3,0,0,3,2,6250,0,0,0,0,1
2020-05-23,US,Vermont,Franklin,99,5,0,44.85627605,-72.91249563,50011.0,94,99,5,0,94,99,49421,0,0,0,0,0
2020-05-23,US,Vermont,Grand Isle,6,0,0,44.797582399999996,-73.29679772,50013.0,6,5,0,0,5,5,7090,1,0,0,1,0
2020-05-23,US,Vermont,Lamoille,29,1,0,44.60353043,-72.64356694,50015.0,28,29,1,0,28,29,25300,0,0,0,0,0
2020-05-23,US,Vermont,Orange,8,0,0,44.00470222,-72.37640104,50017.0,8,8,0,0,8,8,28999,0,0,0,0,0
2020-05-23,US,Vermont,Orleans,9,0,0,44.82964024,-72.24562697,50019.0,9,9,0,0,9,9,26907,0,0,0,0,0
2020-05-23,US,Vermont,Rutland,51,1,0,43.57723578,-73.03741676,50021.0,50,51,1,0,50,50,58672,0,0,0,0,1
2020-05-23,US,Vermont,Unassigned,5,0,0,0.0,0.0,90050.0,5,5,0,0,5,5,,0,0,0,0,0
2020-05-23,US,Vermont,Washington,39,1,0,44.27343241,-72.61604978,50023.0,38,38,1,0,37,38,58140,1,0,0,1,0
2020-05-23,US,Vermont,Windham,80,3,0,42.986982,-72.71268875,50025.0,77,80,3,0,77,80,42756,0,0,0,0,0
2020-05-23,US,Vermont,Windsor,49,2,0,43.58010937,-72.58595157,50027.0,47,49,2,0,47,49,55286,0,0,0,0,0
2020-05-23,US,Virginia,Accomack,722,11,0,37.76707161,-75.63234615,51001.0,711,711,11,0,700,709,32412,11,0,0,11,2
2020-05-23,US,Virginia,Albemarle,143,5,0,38.02080697,-78.55481085,51003.0,138,142,4,0,138,142,108718,1,1,0,0,0
2020-05-23,US,Virginia,Alexandria,1703,38,0,38.814003,-77.08183073,51510.0,1665,1657,37,0,1620,1627,160530,46,1,0,45,30
2020-05-23,US,Virginia,Alleghany,13,2,0,37.78636074,-80.00222498,51005.0,11,10,2,0,8,9,14910,3,0,0,3,1
2020-05-23,US,Virginia,Amelia,22,1,0,37.34081025,-77.98584649,51007.0,21,22,1,0,21,22,13013,0,0,0,0,0
2020-05-23,US,Virginia,Amherst,25,0,0,37.60308293,-79.14548696,51009.0,25,25,0,0,25,25,31666,0,0,0,0,0
2020-05-23,US,Virginia,Appomattox,26,0,0,37.37569884,-78.81340003,51011.0,26,26,0,0,26,25,15841,0,0,0,0,1
2020-05-23,US,Virginia,Arlington,1804,95,0,38.8767675,-77.10139853,51013.0,1709,1795,91,0,1704,1763,237521,9,4,0,5,32
2020-05-23,US,Virginia,Augusta,89,1,0,38.16404586,-79.12461614,51015.0,88,86,1,0,85,85,75457,3,0,0,3,1
2020-05-23,US,Virginia,Bedford,41,2,0,37.3080028,-79.5281964,51019.0,39,41,2,0,39,41,78747,0,0,0,0,0
2020-05-23,US,Virginia,Botetourt,31,4,0,37.55531756,-79.80982182,51023.0,27,31,4,0,27,31,33277,0,0,0,0,0
2020-05-23,US,Virginia,Bristol,4,0,0,36.616302399999995,-82.16359122,51520.0,4,4,0,0,4,4,16482,0,0,0,0,0
2020-05-23,US,Virginia,Brunswick,21,1,0,36.76366949,-77.8593436,51025.0,20,21,1,0,20,21,16384,0,0,0,0,0
2020-05-23,US,Virginia,Buchanan,18,0,0,37.26818323,-82.03749726,51027.0,18,18,0,0,18,18,21221,0,0,0,0,0
2020-05-23,US,Virginia,Buckingham,443,2,0,37.57242268,-78.52518834,51029.0,441,439,2,0,437,438,16999,4,0,0,4,1
2020-05-23,US,Virginia,Buena Vista,12,0,0,37.73484642,-79.35296097,51530.0,12,12,0,0,12,12,6237,0,0,0,0,0
2020-05-23,US,Virginia,Campbell,13,1,0,37.20553386,-79.09678609,51031.0,12,13,1,0,12,13,54973,0,0,0,0,0
2020-05-23,US,Virginia,Caroline,46,2,0,38.02679129,-77.34901405,51033.0,44,45,2,0,43,45,30772,1,0,0,1,0
2020-05-23,US,Virginia,Carroll,66,1,0,36.73066666,-80.73455942,51035.0,65,66,1,0,65,64,29636,0,0,0,0,2
2020-05-23,US,Virginia,Charles City,27,1,0,37.35358063,-77.05634116,51036.0,26,25,1,0,24,25,6941,2,0,0,2,0
2020-05-23,US,Virginia,Charlotte,19,0,0,37.01909701,-78.66314092,51037.0,19,19,0,0,19,16,11938,0,0,0,0,3
2020-05-23,US,Virginia,Charlottesville,74,3,0,38.03527919,-78.48569588,51540.0,71,74,2,0,72,72,48117,0,1,0,-1,2
2020-05-23,US,Virginia,Chesapeake,426,13,0,36.67670048,-76.30545744,51550.0,413,419,13,0,406,412,242634,7,0,0,7,7
2020-05-23,US,Virginia,Chesterfield,1193,29,0,37.37373208,-77.58680140000001,51041.0,1164,1152,29,0,1123,1132,348556,41,0,0,41,20
2020-05-23,US,Virginia,Clarke,21,0,0,39.11271747,-77.99199425,51043.0,21,21,0,0,21,19,14523,0,0,0,0,2
2020-05-23,US,Virginia,Colonial Heights,83,8,0,37.26420587,-77.39609676,51570.0,75,83,8,0,75,82,17833,0,0,0,0,1
2020-05-23,US,Virginia,Covington,3,0,0,37.7824656,-79.98631446,51580.0,3,3,0,0,3,3,5460,0,0,0,0,0
2020-05-23,US,Virginia,Craig,5,0,0,37.48133648,-80.21072274,51045.0,5,5,0,0,5,5,5064,0,0,0,0,0
2020-05-23,US,Virginia,Culpeper,574,5,0,38.48199985,-77.95630870000002,51047.0,569,555,5,0,550,526,51859,19,0,0,19,29
2020-05-23,US,Virginia,Cumberland,26,0,0,37.51328851,-78.24398086,51049.0,26,25,0,0,25,25,9809,1,0,0,1,0
2020-05-23,US,Virginia,Danville,46,2,0,36.58022376,-79.40395668,51590.0,44,46,2,0,44,45,40693,0,0,0,0,1
2020-05-23,US,Virginia,Dinwiddie,48,0,0,37.07544585,-77.63451754,51053.0,48,47,0,0,47,47,28529,1,0,0,1,0
2020-05-23,US,Virginia,Emporia,60,3,0,36.69455571,-77.53406129,51595.0,57,60,3,0,57,58,5121,0,0,0,0,2
2020-05-23,US,Virginia,Essex,41,0,0,37.93357639,-76.94230311,51057.0,41,36,0,0,36,36,10919,5,0,0,5,0
2020-05-23,US,Virginia,Fairfax,8945,326,0,38.83677558,-77.27565836,51059.0,8619,8734,321,0,8413,8580,1150795,211,5,0,206,154
2020-05-23,US,Virginia,Fairfax,8945,326,0,38.83677558,-77.27565836,51059.0,8619,8734,321,0,8413,8580,24574,211,5,0,206,154
2020-05-23,US,Virginia,Fairfax City,52,3,0,38.85157547,-77.29779640000002,51600.0,49,51,4,0,47,51,24574,1,-1,0,2,0
2020-05-23,US,Virginia,Falls Church,47,5,0,38.88485255,-77.17560759,51610.0,42,46,5,0,41,46,14772,1,0,0,1,0
2020-05-23,US,Virginia,Fauquier,269,5,0,38.73564842,-77.80647472,51061.0,264,267,5,0,262,261,70675,2,0,0,2,6
2020-05-23,US,Virginia,Floyd,4,0,0,36.9302126,-80.36738849,51063.0,4,4,0,0,4,4,15795,0,0,0,0,0
2020-05-23,US,Virginia,Fluvanna,84,6,0,37.84157909,-78.27715475,51065.0,78,84,6,0,78,83,26783,0,0,0,0,1
2020-05-23,US,Virginia,Franklin,32,1,0,36.99536167,-79.88023649,51067.0,31,31,1,0,30,30,56195,1,0,0,1,1
2020-05-23,US,Virginia,Franklin,32,1,0,36.99536167,-79.88023649,51067.0,31,31,1,0,30,30,8013,1,0,0,1,1
2020-05-23,US,Virginia,Franklin City,38,1,0,36.6831435,-76.93859681,51620.0,37,34,1,0,33,34,8013,4,0,0,4,0
2020-05-23,US,Virginia,Frederick,255,3,0,39.20172582,-78.25974949,51069.0,252,249,3,0,246,245,88355,6,0,0,6,4
2020-05-23,US,Virginia,Fredericksburg,113,0,0,38.2977863,-77.4922454,51630.0,113,109,0,0,109,107,29144,4,0,0,4,2
2020-05-23,US,Virginia,Galax,87,0,0,36.66601852,-80.91703124,51640.0,87,85,0,0,85,82,6423,2,0,0,2,3
2020-05-23,US,Virginia,Giles,5,0,0,37.31234791,-80.70636931,51071.0,5,5,0,0,5,5,16844,0,0,0,0,0
2020-05-23,US,Virginia,Gloucester,30,1,0,37.40809042,-76.53524337,51073.0,29,30,1,0,29,30,37349,0,0,0,0,0
2020-05-23,US,Virginia,Goochland,90,5,0,37.71714806,-77.90381514,51075.0,85,89,5,0,84,89,23244,1,0,0,1,0
2020-05-23,US,Virginia,Grayson,24,0,0,36.65677234,-81.23215889,51077.0,24,24,0,0,24,22,15631,0,0,0,0,2
2020-05-23,US,Virginia,Greene,21,1,0,38.29545894,-78.46525378,51079.0,20,21,1,0,20,20,19779,0,0,0,0,1
2020-05-23,US,Virginia,Greensville,55,7,0,36.67878901,-77.56351439,51081.0,48,55,7,0,48,55,11627,0,0,0,0,0
2020-05-23,US,Virginia,Halifax,29,0,0,36.76654925,-78.93512622,51083.0,29,29,0,0,29,29,34120,0,0,0,0,0
2020-05-23,US,Virginia,Hampton,172,3,0,37.03513786,-76.35879121,51650.0,169,169,3,0,166,167,134313,3,0,0,3,2
2020-05-23,US,Virginia,Hanover,252,19,0,37.7583355,-77.49464673,51085.0,233,246,19,0,227,244,107239,6,0,0,6,2
2020-05-23,US,Virginia,Harrisonburg,709,21,0,38.43542574,-78.87536254,51660.0,688,704,21,0,683,695,54033,5,0,0,5,9
2020-05-23,US,Virginia,Henrico,1411,118,0,37.53460572,-77.39326555,51087.0,1293,1375,117,0,1258,1339,329261,36,1,0,35,36
2020-05-23,US,Virginia,Henry,63,2,0,36.68542395,-79.87634026,51089.0,61,59,2,0,57,53,50953,4,0,0,4,6
2020-05-23,US,Virginia,Highland,3,0,0,38.35799465,-79.56124594,51091.0,3,3,0,0,3,3,2210,0,0,0,0,0
2020-05-23,US,Virginia,Hopewell,67,0,0,37.29186313,-77.29754684,51670.0,67,66,0,0,66,62,22596,1,0,0,1,4
2020-05-23,US,Virginia,Isle of Wight,124,3,0,36.90579348,-76.70842863,51093.0,121,122,3,0,119,121,36953,2,0,0,2,1
2020-05-23,US,Virginia,James City,192,16,0,37.31156958,-76.76950618,51095.0,176,191,16,0,175,189,76397,1,0,0,1,2
2020-05-23,US,Virginia,King George,52,4,0,38.26818502,-77.15852768,51099.0,48,50,4,0,46,49,26575,2,0,0,2,1
2020-05-23,US,Virginia,King William,20,0,0,37.70965316,-77.09384941,51101.0,20,19,0,0,19,16,16939,1,0,0,1,3
2020-05-23,US,Virginia,King and Queen,7,0,0,37.71044922,-76.88689628,51097.0,7,7,0,0,7,7,7042,0,0,0,0,0
2020-05-23,US,Virginia,Lancaster,10,0,0,37.71889653,-76.46400482,51103.0,10,10,0,0,10,8,10783,0,0,0,0,2
2020-05-23,US,Virginia,Lee,9,0,0,36.70586667,-83.12606515,51105.0,9,9,0,0,9,10,23541,0,0,0,0,-1
2020-05-23,US,Virginia,Lexington,6,0,0,37.78258621,-79.44262866,51678.0,6,6,0,0,6,6,7136,0,0,0,0,0
2020-05-23,US,Virginia,Loudoun,1831,52,0,39.08990083,-77.63481877,51107.0,1779,1807,51,0,1756,1700,406850,24,1,0,23,107
2020-05-23,US,Virginia,Louisa,67,1,0,37.97850256,-77.96274807,51109.0,66,67,1,0,66,64,36778,0,0,0,0,3
2020-05-23,US,Virginia,Lunenburg,7,0,0,36.94618528,-78.24133319,51111.0,7,7,0,0,7,7,12086,0,0,0,0,0
2020-05-23,US,Virginia,Lynchburg,77,1,0,37.40021399,-79.19888138,51680.0,76,77,1,0,76,75,82126,0,0,0,0,2
2020-05-23,US,Virginia,Madison,27,1,0,38.41531222,-78.28220331,51113.0,26,27,1,0,26,27,13295,0,0,0,0,0
2020-05-23,US,Virginia,Manassas,792,7,0,38.7464321,-77.48509905,51683.0,785,764,7,0,757,743,41641,28,0,0,28,21
2020-05-23,US,Virginia,Manassas Park,230,4,0,38.77058531,-77.44399307,51685.0,226,228,4,0,224,223,17307,2,0,0,2,5
2020-05-23,US,Virginia,Martinsville,24,1,0,36.68212094,-79.86352771,51690.0,23,25,0,0,25,21,12902,-1,1,0,-2,4
2020-05-23,US,Virginia,Mathews,5,0,0,37.44164146,-76.34098896,51115.0,5,5,0,0,5,5,8802,0,0,0,0,0
2020-05-23,US,Virginia,Mecklenburg,193,20,0,36.67882005,-78.36131056,51117.0,173,192,20,0,172,185,30650,1,0,0,1,7
2020-05-23,US,Virginia,Middlesex,12,0,0,37.63191998,-76.55064617,51119.0,12,12,0,0,12,12,10769,0,0,0,0,0
2020-05-23,US,Virginia,Montgomery,69,1,0,37.17746986,-80.37868691,51121.0,68,67,1,0,66,67,98985,2,0,0,2,0
2020-05-23,US,Virginia,Nelson,13,0,0,37.78790447,-78.88498513,51125.0,13,13,0,0,13,13,14836,0,0,0,0,0
2020-05-23,US,Virginia,New Kent,27,1,0,37.50694406,-76.99828634,51127.0,26,26,1,0,25,26,22391,1,0,0,1,0
2020-05-23,US,Virginia,Newport News,234,10,0,37.08166899,-76.51754109,51700.0,224,224,10,0,214,215,178626,10,0,0,10,9
2020-05-23,US,Virginia,Norfolk,393,6,0,36.89934014,-76.26420872,51710.0,387,388,6,0,382,377,244076,5,0,0,5,11
2020-05-23,US,Virginia,Northampton,210,16,0,37.34062933,-75.87751591,51131.0,194,206,16,0,190,206,11735,4,0,0,4,0
2020-05-23,US,Virginia,Northumberland,22,1,0,37.89202088,-76.41949732,51133.0,21,22,1,0,21,21,12147,0,0,0,0,1
2020-05-23,US,Virginia,Norton,2,0,0,36.93357076,-82.62750411,51720.0,2,2,0,0,2,2,3968,0,0,0,0,0
2020-05-23,US,Virginia,Nottoway,19,0,0,37.1435975,-78.05065922,51135.0,19,19,0,0,19,19,15420,0,0,0,0,0
2020-05-23,US,Virginia,Orange,77,0,0,38.24530219,-78.01560400000002,51137.0,77,73,0,0,73,73,36644,4,0,0,4,0
2020-05-23,US,Virginia,Page,186,21,0,38.61807452,-78.48797204,51139.0,165,172,19,0,153,166,23933,14,2,0,12,6
2020-05-23,US,Virginia,Patrick,13,0,0,36.680163799999995,-80.2865648,51141.0,13,12,0,0,12,12,17673,1,0,0,1,0
2020-05-23,US,Virginia,Petersburg,87,2,0,37.20530399,-77.39368102,51730.0,85,84,2,0,82,84,31567,3,0,0,3,0
2020-05-23,US,Virginia,Pittsylvania,28,1,0,36.81980341,-79.39731264,51143.0,27,27,1,0,26,26,60949,1,0,0,1,1
2020-05-23,US,Virginia,Poquoson,7,0,0,37.14259351,-76.35798148,51735.0,7,7,0,0,7,7,12190,0,0,0,0,0
2020-05-23,US,Virginia,Portsmouth,253,11,0,36.85914825,-76.35971629,51740.0,242,251,11,0,240,245,94632,2,0,0,2,6
2020-05-23,US,Virginia,Powhatan,29,0,0,37.55016038,-77.91267882,51145.0,29,26,0,0,26,26,29189,3,0,0,3,0
2020-05-23,US,Virginia,Prince Edward,108,2,0,37.22554789,-78.43597949,51147.0,106,104,2,0,102,99,22950,4,0,0,4,5
2020-05-23,US,Virginia,Prince George,60,0,0,37.18497668,-77.22922187,51149.0,60,56,0,0,56,56,38082,4,0,0,4,0
2020-05-23,US,Virginia,Prince William,4408,84,0,38.70916224,-77.48713689,51153.0,4324,4315,80,0,4235,4183,468011,93,4,0,89,132
2020-05-23,US,Virginia,Pulaski,10,0,0,37.06474963,-80.71229738,51155.0,10,10,0,0,10,10,34066,0,0,0,0,0
2020-05-23,US,Virginia,Radford,4,0,0,37.12222899,-80.56027320000003,51750.0,4,4,0,0,4,4,18339,0,0,0,0,0
2020-05-23,US,Virginia,Rappahannock,12,0,0,38.68295619,-78.15826963,51157.0,12,12,0,0,12,12,7252,0,0,0,0,0
2020-05-23,US,Virginia,Richmond,276,4,0,37.937575,-76.72920628,51159.0,272,267,4,0,263,263,9038,9,0,0,9,4
2020-05-23,US,Virginia,Richmond City,979,19,0,37.53255773,-77.47966921,51760.0,960,934,20,0,914,888,228783,45,-1,0,46,46
2020-05-23,US,Virginia,Roanoke,90,5,0,37.26865804,-80.06396753,51161.0,85,90,5,0,85,89,94073,0,0,0,0,1
2020-05-23,US,Virginia,Roanoke City,141,9,0,37.27791025,-79.96189766,51770.0,132,140,9,0,131,135,99920,1,0,0,1,5
2020-05-23,US,Virginia,Rockbridge,14,0,0,37.81204314,-79.44605905,51163.0,14,13,0,0,13,12,22752,1,0,0,1,1
2020-05-23,US,Virginia,Rockingham,452,6,0,38.51006137,-78.87260325,51165.0,446,444,6,0,438,434,81244,8,0,0,8,10
2020-05-23,US,Virginia,Russell,8,0,0,36.93028320000001,-82.10095486,51167.0,8,8,0,0,8,8,26748,0,0,0,0,0
2020-05-23,US,Virginia,Salem,32,3,0,37.2836193,-80.06219455,51775.0,29,32,3,0,29,33,25643,0,0,0,0,-1
2020-05-23,US,Virginia,Scott,7,2,0,36.71466456,-82.60171704,51169.0,5,7,2,0,5,8,21534,0,0,0,0,-1
2020-05-23,US,Virginia,Shenandoah,365,16,0,38.85905135,-78.56813762,51171.0,349,358,12,0,346,355,43497,7,4,0,3,3
2020-05-23,US,Virginia,Smyth,15,0,0,36.84455636,-81.53344948,51173.0,15,15,0,0,15,15,30472,0,0,0,0,0
2020-05-23,US,Virginia,Southampton,141,2,0,36.72231125,-77.10642712,51175.0,139,137,2,0,135,138,17586,4,0,0,4,-1
2020-05-23,US,Virginia,Spotsylvania,386,4,0,38.18574462,-77.655399,51177.0,382,373,4,0,369,366,134238,13,0,0,13,7
2020-05-23,US,Virginia,Stafford,569,4,0,38.41758738,-77.45917053,51179.0,565,552,4,0,548,540,149960,17,0,0,17,12
2020-05-23,US,Virginia,Staunton,35,0,0,38.15965544,-79.05979937,51790.0,35,34,0,0,34,34,24922,1,0,0,1,0
2020-05-23,US,Virginia,Suffolk,290,25,0,36.70155394,-76.63603554,51800.0,265,283,25,0,258,278,91185,7,0,0,7,5
2020-05-23,US,Virginia,Surry,6,1,0,37.11781893,-76.88450012,51181.0,5,6,1,0,5,6,6474,0,0,0,0,0
2020-05-23,US,Virginia,Sussex,114,1,0,36.92432914,-77.25791182,51183.0,113,100,1,0,99,100,11237,14,0,0,14,0
2020-05-23,US,Virginia,Tazewell,6,0,0,37.12191123,-81.56685568,51185.0,6,6,0,0,6,6,40855,0,0,0,0,0
2020-05-23,US,Virginia,Virginia Beach,598,19,0,36.73285734,-76.04566934,51810.0,579,591,19,0,572,584,450189,7,0,0,7,7
2020-05-23,US,Virginia,Warren,110,2,0,38.90847745,-78.20280433,51187.0,108,110,2,0,108,110,40003,0,0,0,0,0
2020-05-23,US,Virginia,Washington,51,4,0,36.72341572,-81.95666289,51191.0,47,51,4,0,47,51,54402,0,0,0,0,0
2020-05-23,US,Virginia,Waynesboro,38,0,0,38.06451466,-78.90293905,51820.0,38,36,0,0,36,33,22628,2,0,0,2,3
2020-05-23,US,Virginia,Westmoreland,46,0,0,38.11021557,-76.80213247,51193.0,46,43,0,0,43,43,17830,3,0,0,3,0
2020-05-23,US,Virginia,Williamsburg,43,3,0,37.28131268,-76.70905141,51830.0,40,43,3,0,40,43,14896,0,0,0,0,0
2020-05-23,US,Virginia,Winchester,128,1,0,39.17054517,-78.17325058,51840.0,127,121,1,0,120,110,28108,7,0,0,7,11
2020-05-23,US,Virginia,Wise,24,2,0,36.9746148,-82.62410519,51195.0,22,24,2,0,22,24,38012,0,0,0,0,0
2020-05-23,US,Virginia,Wythe,17,1,0,36.91582035,-81.07834059,51197.0,16,17,1,0,16,16,28754,0,0,0,0,1
2020-05-23,US,Virginia,York,67,3,0,37.24374789,-76.54412815,51199.0,64,67,3,0,64,65,67846,0,0,0,0,2
2020-05-23,US,Washington,Adams,50,0,0,46.98299757,-118.56017340000001,53001.0,50,50,0,0,50,50,19759,0,0,0,0,0
2020-05-23,US,Washington,Asotin,18,2,0,46.18894415,-117.2022851,53003.0,16,18,2,0,16,18,22610,0,0,0,0,0
2020-05-23,US,Washington,Benton,674,59,0,46.23946995,-119.51208340000001,53005.0,615,674,59,0,615,666,201877,0,0,0,0,8
2020-05-23,US,Washington,Chelan,204,6,0,47.87046092,-120.6173956,53007.0,198,204,6,0,198,198,77036,0,0,0,0,6
2020-05-23,US,Washington,Clallam,25,0,0,48.04754642,-123.92263190000001,53009.0,25,25,0,0,25,25,76737,0,0,0,0,0
2020-05-23,US,Washington,Clark,399,22,0,45.77568046,-122.48292040000001,53011.0,377,399,22,0,377,394,481857,0,0,0,0,5
2020-05-23,US,Washington,Columbia,1,0,0,46.29442881,-117.9051983,53013.0,1,1,0,0,1,1,4059,0,0,0,0,0
2020-05-23,US,Washington,Cowlitz,71,0,0,46.19074721,-122.6782231,53015.0,71,71,0,0,71,71,108987,0,0,0,0,0
2020-05-23,US,Washington,Douglas,139,3,0,47.7361335,-119.69293700000001,53017.0,136,139,3,0,136,137,42907,0,0,0,0,2
2020-05-23,US,Washington,Ferry,1,0,0,48.471143100000006,-118.5154041,53019.0,1,1,0,0,1,1,7649,0,0,0,0,0
2020-05-23,US,Washington,Franklin,480,18,0,46.53351425,-118.9018212,53021.0,462,480,18,0,462,472,94347,0,0,0,0,8
2020-05-23,US,Washington,Grant,189,4,0,47.20753737,-119.4500749,53025.0,185,189,4,0,185,188,97331,0,0,0,0,1
2020-05-23,US,Washington,Grays Harbor,16,0,0,47.14003705,-123.7820567,53027.0,16,16,0,0,16,15,73901,0,0,0,0,1
2020-05-23,US,Washington,Island,177,10,0,48.14713305,-122.5216407,53029.0,167,177,10,0,167,177,84460,0,0,0,0,0
2020-05-23,US,Washington,Jefferson,30,0,0,47.75003077,-123.56097040000002,53031.0,30,30,0,0,30,30,31729,0,0,0,0,0
2020-05-23,US,Washington,King,7669,542,0,47.49137892,-121.8346131,53033.0,7127,7669,542,0,7127,7630,2233163,0,0,0,0,39
2020-05-23,US,Washington,Kitsap,160,2,0,47.63479026,-122.6436061,53035.0,158,160,2,0,158,161,269805,0,0,0,0,-1
2020-05-23,US,Washington,Kittitas,66,0,0,47.12521214,-120.67943899999999,53037.0,66,66,0,0,66,66,47364,0,0,0,0,0
2020-05-23,US,Washington,Klickitat,24,3,0,45.87325839,-120.7913598,53039.0,21,24,3,0,21,24,22107,0,0,0,0,0
2020-05-23,US,Washington,Lewis,35,3,0,46.57756476,-122.39257690000001,53041.0,32,35,3,0,32,35,79604,0,0,0,0,0
2020-05-23,US,Washington,Lincoln,2,0,0,47.57705241,-118.41943880000001,53043.0,2,2,0,0,2,2,10740,0,0,0,0,0
2020-05-23,US,Washington,Mason,34,1,0,47.35007586,-123.1863685,53045.0,33,34,1,0,33,33,65507,0,0,0,0,1
2020-05-23,US,Washington,Okanogan,42,1,0,48.54855019,-119.73872240000001,53047.0,41,42,1,0,41,42,42132,0,0,0,0,0
2020-05-23,US,Washington,Pacific,9,1,0,46.55418369,-123.7285716,53049.0,8,9,1,0,8,9,22036,0,0,0,0,0
2020-05-23,US,Washington,Pend Oreille,2,0,0,48.53234021,-117.2741804,53051.0,2,2,0,0,2,2,13602,0,0,0,0,0
2020-05-23,US,Washington,Pierce,1728,69,0,47.03892768,-122.14059579999999,53053.0,1659,1728,69,0,1659,1719,891299,0,0,0,0,9
2020-05-23,US,Washington,San Juan,15,0,0,48.60182783,-122.96745,53055.0,15,15,0,0,15,15,17128,0,0,0,0,0
2020-05-23,US,Washington,Skagit,426,15,0,48.48171488,-121.766131,53057.0,411,426,15,0,411,426,128206,0,0,0,0,0
2020-05-23,US,Washington,Skamania,3,0,0,46.02408726,-121.91644029999999,53059.0,3,3,0,0,3,3,11924,0,0,0,0,0
2020-05-23,US,Washington,Snohomish,2863,135,0,48.04615983,-121.7170703,53061.0,2728,2863,135,0,2728,2846,814901,0,0,0,0,17
2020-05-23,US,Washington,Spokane,437,31,0,47.62113146,-117.4046494,53063.0,406,437,31,0,406,421,514631,0,0,0,0,16
2020-05-23,US,Washington,Stevens,10,1,0,48.40035475,-117.8542701,53065.0,9,10,1,0,9,10,45260,0,0,0,0,0
2020-05-23,US,Washington,Thurston,124,1,0,46.9291895,-122.82906559999999,53067.0,123,124,1,0,123,124,286419,0,0,0,0,0
2020-05-23,US,Washington,Unassigned,59,0,0,0.0,0.0,90053.0,59,59,0,0,59,66,,0,0,0,0,-7
2020-05-23,US,Washington,Wahkiakum,4,0,0,46.29180039999999,-123.4250831,53069.0,4,4,0,0,4,4,4426,0,0,0,0,0
2020-05-23,US,Washington,Walla Walla,106,2,0,46.23040051,-118.4775539,53071.0,104,106,2,0,104,106,60922,0,0,0,0,0
2020-05-23,US,Washington,Whatcom,363,36,0,48.82227976,-121.74900179999999,53073.0,327,363,36,0,327,363,225685,0,0,0,0,0
2020-05-23,US,Washington,Whitman,16,0,0,46.90022523,-117.52417630000001,53075.0,16,16,0,0,16,16,49791,0,0,0,0,0
2020-05-23,US,Washington,Yakima,2594,83,0,46.45738486,-120.73801259999999,53077.0,2511,2594,83,0,2511,2551,251446,0,0,0,0,43
2020-05-23,US,West Virginia,Barbour,7,1,0,39.1307219,-80.00350858,54001.0,6,7,1,0,6,7,16535,0,0,0,0,0
2020-05-23,US,West Virginia,Berkeley,256,6,0,39.46704621,-78.02414609,54003.0,250,256,6,0,250,248,117123,0,0,0,0,8
2020-05-23,US,West Virginia,Boone,9,0,0,38.01974191,-81.69888019,54005.0,9,9,0,0,9,9,21951,0,0,0,0,0
2020-05-23,US,West Virginia,Braxton,2,0,0,38.70036159,-80.72011184,54007.0,2,2,0,0,2,2,14089,0,0,0,0,0
2020-05-23,US,West Virginia,Brooke,3,0,0,40.27367263,-80.57915332,54009.0,3,3,0,0,3,3,22203,0,0,0,0,0
2020-05-23,US,West Virginia,Cabell,57,0,0,38.42424062,-82.23855912,54011.0,57,57,0,0,57,55,93224,0,0,0,0,2
2020-05-23,US,West Virginia,Calhoun,2,0,0,38.84315422,-81.11934872,54013.0,2,2,0,0,2,2,7254,0,0,0,0,0
2020-05-23,US,West Virginia,Clay,2,0,0,38.46231092,-81.07652217,54015.0,2,2,0,0,2,2,8632,0,0,0,0,0
2020-05-23,US,West Virginia,Fayette,42,3,0,38.02974928,-81.08286634,54019.0,39,42,3,0,39,39,43018,0,0,0,0,3
2020-05-23,US,West Virginia,Gilmer,9,0,0,38.9251277,-80.85952723,54021.0,9,9,0,0,9,9,8026,0,0,0,0,0
2020-05-23,US,West Virginia,Grant,6,0,0,39.10314817,-79.19440518,54023.0,6,6,0,0,6,6,11626,0,0,0,0,0
2020-05-23,US,West Virginia,Greenbrier,9,0,0,37.9463652,-80.45335881,54025.0,9,9,0,0,9,9,34786,0,0,0,0,0
2020-05-23,US,West Virginia,Hampshire,13,1,0,39.32103553,-78.60826476,54027.0,12,13,1,0,12,12,23347,0,0,0,0,1
2020-05-23,US,West Virginia,Hancock,15,0,0,40.51943859,-80.57461608,54029.0,15,15,0,0,15,13,29094,0,0,0,0,2
2020-05-23,US,West Virginia,Hardy,35,0,0,39.00683177,-78.85855301,54031.0,35,35,0,0,35,34,13775,0,0,0,0,1
2020-05-23,US,West Virginia,Harrison,38,1,0,39.2853852,-80.37919577,54033.0,37,38,1,0,37,37,67554,0,0,0,0,1
2020-05-23,US,West Virginia,Jackson,135,18,0,38.84263974,-81.68148753,54035.0,117,135,18,0,117,135,28706,0,0,0,0,0
2020-05-23,US,West Virginia,Jefferson,140,1,0,39.30776166,-77.86014147,54037.0,139,140,1,0,139,131,56811,0,0,0,0,9
2020-05-23,US,West Virginia,Kanawha,212,18,0,38.33860077,-81.52857054,54039.0,194,212,18,0,194,205,180454,0,0,0,0,7
2020-05-23,US,West Virginia,Lewis,5,1,0,38.9947249,-80.49988181,54041.0,4,5,1,0,4,5,16024,0,0,0,0,0
2020-05-23,US,West Virginia,Lincoln,5,0,0,38.172154,-82.07017953,54043.0,5,5,0,0,5,5,20599,0,0,0,0,0
2020-05-23,US,West Virginia,Logan,16,1,0,37.8299889,-81.93528571,54045.0,15,16,1,0,15,15,32607,0,0,0,0,1
2020-05-23,US,West Virginia,Marion,48,2,0,39.50984542,-80.24244659,54049.0,46,48,2,0,46,48,56097,0,0,0,0,0
2020-05-23,US,West Virginia,Marshall,27,0,0,39.86064362,-80.66591062,54051.0,27,27,0,0,27,26,30785,0,0,0,0,1
2020-05-23,US,West Virginia,Mason,15,0,0,38.77071799,-82.02524219,54053.0,15,15,0,0,15,15,26718,0,0,0,0,0
2020-05-23,US,West Virginia,McDowell,6,0,0,37.38002939,-81.65083669,54047.0,6,6,0,0,6,6,18223,0,0,0,0,0
2020-05-23,US,West Virginia,Mercer,13,0,0,37.40481169,-81.11023142,54055.0,13,13,0,0,13,13,59131,0,0,0,0,0
2020-05-23,US,West Virginia,Mineral,36,0,0,39.41561583,-78.94104895,54057.0,36,36,0,0,36,34,26940,0,0,0,0,2
2020-05-23,US,West Virginia,Mingo,3,1,0,37.73048351,-82.13338365,54059.0,2,3,1,0,2,3,23785,0,0,0,0,0
2020-05-23,US,West Virginia,Monongalia,119,5,0,39.63218457,-80.04766838,54061.0,114,119,5,0,114,118,106420,0,0,0,0,1
2020-05-23,US,West Virginia,Monroe,6,0,0,37.56274716,-80.54577965,54063.0,6,6,0,0,6,6,13280,0,0,0,0,0
2020-05-23,US,West Virginia,Morgan,17,0,0,39.55439028,-78.26311676,54065.0,17,17,0,0,17,17,17787,0,0,0,0,0
2020-05-23,US,West Virginia,Nicholas,10,1,0,38.29617706,-80.79759588,54067.0,9,10,1,0,9,9,24842,0,0,0,0,1
2020-05-23,US,West Virginia,Ohio,38,1,0,40.0955451,-80.62203992,54069.0,37,38,1,0,37,38,41755,0,0,0,0,0
2020-05-23,US,West Virginia,Pendleton,6,0,0,38.68314479,-79.35084086,54071.0,6,6,0,0,6,5,6997,0,0,0,0,1
2020-05-23,US,West Virginia,Pleasants,3,0,0,39.37091679,-81.16771771,54073.0,3,3,0,0,3,2,7507,0,0,0,0,1
2020-05-23,US,West Virginia,Pocahontas,24,0,0,38.32758728,-80.00993811,54075.0,24,24,0,0,24,13,8414,0,0,0,0,11
2020-05-23,US,West Virginia,Preston,15,0,0,39.46770987,-79.66712803,54077.0,15,15,0,0,15,15,33839,0,0,0,0,0
2020-05-23,US,West Virginia,Putnam,31,0,0,38.50782345,-81.9082131,54079.0,31,31,0,0,31,30,56682,0,0,0,0,1
2020-05-23,US,West Virginia,Raleigh,14,0,0,37.76936795,-81.2456041,54081.0,14,14,0,0,14,14,74254,0,0,0,0,0
2020-05-23,US,West Virginia,Randolph,28,0,0,38.769899,-79.87919615,54083.0,28,28,0,0,28,9,28823,0,0,0,0,19
2020-05-23,US,West Virginia,Ritchie,1,0,0,39.18094587,-81.06356878,54085.0,1,1,0,0,1,1,9721,0,0,0,0,0
2020-05-23,US,West Virginia,Roane,8,0,0,38.71622686,-81.35243568,54087.0,8,8,0,0,8,8,13932,0,0,0,0,0
2020-05-23,US,West Virginia,Summers,1,0,0,37.65390597,-80.86009693,54089.0,1,1,0,0,1,1,12760,0,0,0,0,0
2020-05-23,US,West Virginia,Taylor,8,0,0,39.33602617,-80.0421439,54091.0,8,8,0,0,8,8,16862,0,0,0,0,0
2020-05-23,US,West Virginia,Tucker,4,0,0,39.11240885,-79.57053576,54093.0,4,4,0,0,4,4,6955,0,0,0,0,0
2020-05-23,US,West Virginia,Tyler,3,0,0,39.46811972,-80.88772676,54095.0,3,3,0,0,3,3,8746,0,0,0,0,0
2020-05-23,US,West Virginia,Unassigned,37,0,0,0.0,0.0,90054.0,37,37,0,0,37,,,0,0,0,0,
2020-05-23,US,West Virginia,Upshur,6,0,0,38.89285061,-80.23689136,54097.0,6,6,0,0,6,6,24415,0,0,0,0,0
2020-05-23,US,West Virginia,Wayne,97,9,0,38.14901357,-82.42287994,54099.0,88,97,9,0,88,96,39944,0,0,0,0,1
2020-05-23,US,West Virginia,Wetzel,8,0,0,39.6065771,-80.64016540000001,54103.0,8,8,0,0,8,7,15270,0,0,0,0,1
2020-05-23,US,West Virginia,Wirt,4,0,0,39.02775007,-81.37473928,54105.0,4,4,0,0,4,4,5830,0,0,0,0,0
2020-05-23,US,West Virginia,Wood,48,2,0,39.20967886,-81.5162836,54107.0,46,48,2,0,46,48,84203,0,0,0,0,0
2020-05-23,US,West Virginia,Wyoming,3,0,0,37.612327,-81.54511071,54109.0,3,3,0,0,3,3,20786,0,0,0,0,0
2020-05-23,US,Wisconsin,Adams,4,1,0,43.96974651,-89.76782777,55001.0,3,4,1,0,3,4,20348,0,0,0,0,0
2020-05-23,US,Wisconsin,Ashland,2,0,0,46.31956891,-90.67837132,55003.0,2,2,0,0,2,2,15600,0,0,0,0,0
2020-05-23,US,Wisconsin,Barron,12,0,0,45.42372701,-91.84833627,55005.0,12,11,0,0,11,11,45164,1,0,0,1,0
2020-05-23,US,Wisconsin,Bayfield,3,1,0,46.52868768,-91.19716729,55007.0,2,3,1,0,2,3,15042,0,0,0,0,0
2020-05-23,US,Wisconsin,Brown,2238,32,0,44.452655299999996,-88.00411844,55009.0,2206,2204,31,0,2173,2177,263378,34,1,0,33,27
2020-05-23,US,Wisconsin,Buffalo,5,1,0,44.37835084,-91.75332578,55011.0,4,5,1,0,4,5,13125,0,0,0,0,0
2020-05-23,US,Wisconsin,Burnett,1,1,0,45.86303537,-92.36711412,55013.0,0,1,1,0,0,1,15392,0,0,0,0,0
2020-05-23,US,Wisconsin,Calumet,69,1,0,44.0816316,-88.21780273,55015.0,68,67,1,0,66,61,50159,2,0,0,2,6
2020-05-23,US,Wisconsin,Chippewa,48,0,0,45.06939744,-91.28068855,55017.0,48,46,0,0,46,45,64135,2,0,0,2,1
2020-05-23,US,Wisconsin,Clark,28,4,0,44.73483377,-90.61207486,55019.0,24,28,4,0,24,29,34709,0,0,0,0,-1
2020-05-23,US,Wisconsin,Columbia,37,1,0,43.46492199,-89.33589004,55021.0,36,37,1,0,36,36,57358,0,0,0,0,1
2020-05-23,US,Wisconsin,Crawford,25,0,0,43.23870316,-90.93073686,55023.0,25,25,0,0,25,24,16291,0,0,0,0,1
2020-05-23,US,Wisconsin,Dane,594,26,0,43.06601594,-89.41733797,55025.0,568,587,26,0,561,576,542364,7,0,0,7,11
2020-05-23,US,Wisconsin,Dodge,149,1,0,43.41576662,-88.70928178,55027.0,148,137,1,0,136,121,87847,12,0,0,12,16
2020-05-23,US,Wisconsin,Door,37,3,0,44.95856458,-87.30002707,55029.0,34,35,3,0,32,34,27610,2,0,0,2,1
2020-05-23,US,Wisconsin,Douglas,17,0,0,46.43222285,-91.91595768,55031.0,17,16,0,0,16,15,43208,1,0,0,1,1
2020-05-23,US,Wisconsin,Dunn,21,0,0,44.94562799,-91.8962481,55033.0,21,21,0,0,21,20,45131,0,0,0,0,1
2020-05-23,US,Wisconsin,Eau Claire,93,0,0,44.726614,-91.28609183,55035.0,93,89,0,0,89,82,104534,4,0,0,4,7
2020-05-23,US,Wisconsin,Florence,2,0,0,45.84963535,-88.39804137,55037.0,2,2,0,0,2,2,4321,0,0,0,0,0
2020-05-23,US,Wisconsin,Fond du Lac,158,4,0,43.75354908,-88.48885325,55039.0,154,155,4,0,151,148,103066,3,0,0,3,7
2020-05-23,US,Wisconsin,Forest,11,0,0,45.66678019,-88.77084892,55041.0,11,11,0,0,11,11,8991,0,0,0,0,0
2020-05-23,US,Wisconsin,Grant,81,10,0,42.8671731,-90.7063218,55043.0,71,81,10,0,71,78,51554,0,0,0,0,3
2020-05-23,US,Wisconsin,Green,52,0,0,42.6794956,-89.60243287,55045.0,52,49,0,0,49,49,36929,3,0,0,3,0
2020-05-23,US,Wisconsin,Green Lake,14,0,0,43.80025981,-89.04679553,55047.0,14,13,0,0,13,12,18918,1,0,0,1,1
2020-05-23,US,Wisconsin,Iowa,11,0,0,43.00050278,-90.13469017,55049.0,11,11,0,0,11,11,23771,0,0,0,0,0
2020-05-23,US,Wisconsin,Iron,2,1,0,46.26302338,-90.24295041,55051.0,1,2,1,0,1,2,5676,0,0,0,0,0
2020-05-23,US,Wisconsin,Jackson,15,1,0,44.31864893,-90.80566792,55053.0,14,15,1,0,14,15,20478,0,0,0,0,0
2020-05-23,US,Wisconsin,Jefferson,78,3,0,43.02054068,-88.77529134,55055.0,75,75,3,0,72,67,85129,3,0,0,3,8
2020-05-23,US,Wisconsin,Juneau,22,1,0,43.92456975,-90.11120239,55057.0,21,22,1,0,21,22,26617,0,0,0,0,0
2020-05-23,US,Wisconsin,Kenosha,983,22,0,42.57639354,-88.04051686,55059.0,961,948,22,0,926,921,169290,35,0,0,35,27
2020-05-23,US,Wisconsin,Kewaunee,33,1,0,44.51727459,-87.61468386,55061.0,32,32,1,0,31,32,20383,1,0,0,1,0
2020-05-23,US,Wisconsin,La Crosse,48,0,0,43.90632465,-91.11451093,55063.0,48,48,0,0,48,47,118230,0,0,0,0,1
2020-05-23,US,Wisconsin,Lafayette,18,0,0,42.66005229,-90.1317729,55065.0,18,17,0,0,17,16,16665,1,0,0,1,1
2020-05-23,US,Wisconsin,Langlade,1,0,0,45.26271619,-89.07483625,55067.0,1,1,0,0,1,1,19268,0,0,0,0,0
2020-05-23,US,Wisconsin,Lincoln,3,0,0,45.33737523,-89.73411273,55069.0,3,3,0,0,3,3,27689,0,0,0,0,0
2020-05-23,US,Wisconsin,Manitowoc,28,1,0,44.11946801,-87.80928853,55071.0,27,28,1,0,27,28,79074,0,0,0,0,0
2020-05-23,US,Wisconsin,Marathon,38,1,0,44.89792533,-89.75863384,55073.0,37,36,1,0,35,35,135428,2,0,0,2,1
2020-05-23,US,Wisconsin,Marinette,31,2,0,45.38553432,-88.03324599999998,55075.0,29,30,2,0,28,28,40434,1,0,0,1,2
2020-05-23,US,Wisconsin,Marquette,3,1,0,43.81911946,-89.40073763,55077.0,2,3,1,0,2,3,15434,0,0,0,0,0
2020-05-23,US,Wisconsin,Menominee,2,0,0,45.00422544,-88.70950714,55078.0,2,2,0,0,2,2,4658,0,0,0,0,0
2020-05-23,US,Wisconsin,Milwaukee,5987,276,0,43.00486062,-87.96733172,55079.0,5711,5735,270,0,5465,5556,948201,252,6,0,246,179
2020-05-23,US,Wisconsin,Monroe,16,1,0,43.94641218,-90.61881899999999,55081.0,15,16,1,0,15,16,46051,0,0,0,0,0
2020-05-23,US,Wisconsin,Oconto,34,0,0,45.02715345,-88.26807503,55083.0,34,32,0,0,32,31,37830,2,0,0,2,1
2020-05-23,US,Wisconsin,Oneida,7,0,0,45.70677897,-89.51944105,55085.0,7,7,0,0,7,7,35470,0,0,0,0,0
2020-05-23,US,Wisconsin,Outagamie,181,6,0,44.41578887,-88.46565023,55087.0,175,174,5,0,169,161,187365,7,1,0,6,13
2020-05-23,US,Wisconsin,Ozaukee,134,11,0,43.38352225,-87.94625009,55089.0,123,133,11,0,122,131,89147,1,0,0,1,2
2020-05-23,US,Wisconsin,Pepin,1,0,0,44.58307413,-91.99949611,55091.0,1,1,0,0,1,1,7289,0,0,0,0,0
2020-05-23,US,Wisconsin,Pierce,36,0,0,44.71850291,-92.4224416,55093.0,36,34,0,0,34,30,42555,2,0,0,2,4
2020-05-23,US,Wisconsin,Polk,15,1,0,45.46130348,-92.44182875,55095.0,14,13,1,0,12,9,43598,2,0,0,2,4
2020-05-23,US,Wisconsin,Portage,9,0,0,44.47558711,-89.50152965,55097.0,9,8,0,0,8,8,70942,1,0,0,1,0
2020-05-23,US,Wisconsin,Price,2,0,0,45.68051754,-90.36098879999999,55099.0,2,2,0,0,2,2,13397,0,0,0,0,0
2020-05-23,US,Wisconsin,Racine,1311,22,0,42.74753117,-88.05941254,55101.0,1289,1269,22,0,1247,1166,196584,42,0,0,42,103
2020-05-23,US,Wisconsin,Richland,14,4,0,43.3762778,-90.43012729,55103.0,10,14,4,0,10,14,17377,0,0,0,0,0
2020-05-23,US,Wisconsin,Rock,529,16,0,42.67151616,-89.07147900000002,55105.0,513,520,15,0,505,493,163129,9,1,0,8,27
2020-05-23,US,Wisconsin,Rusk,4,0,0,45.47498854,-91.1333012,55107.0,4,4,0,0,4,4,14147,0,0,0,0,0
2020-05-23,US,Wisconsin,Sauk,77,3,0,43.42574087,-89.94966132,55111.0,74,77,3,0,74,77,64249,0,0,0,0,0
2020-05-23,US,Wisconsin,Sawyer,7,0,0,45.87931905,-91.14504927,55113.0,7,7,0,0,7,7,16489,0,0,0,0,0
2020-05-23,US,Wisconsin,Shawano,37,0,0,44.78902246,-88.76443896,55115.0,37,36,0,0,36,36,40796,1,0,0,1,0
2020-05-23,US,Wisconsin,Sheboygan,82,3,0,43.72099677,-87.94579284,55117.0,79,78,3,0,75,76,115456,4,0,0,4,2
2020-05-23,US,Wisconsin,St. Croix,65,0,0,45.03437474,-92.45000068,55109.0,65,58,0,0,58,57,89694,7,0,0,7,1
2020-05-23,US,Wisconsin,Taylor,1,0,0,45.21179252,-90.5004405,55119.0,1,1,0,0,1,1,20412,0,0,0,0,0
2020-05-23,US,Wisconsin,Trempealeau,14,0,0,44.30360275,-91.35893614,55121.0,14,13,0,0,13,13,29442,1,0,0,1,0
2020-05-23,US,Wisconsin,Vernon,14,0,0,43.59422667,-90.8324691,55123.0,14,14,0,0,14,13,30785,0,0,0,0,1
2020-05-23,US,Wisconsin,Vilas,6,0,0,46.05467334,-89.51719204,55125.0,6,6,0,0,6,5,21938,0,0,0,0,1
2020-05-23,US,Wisconsin,Walworth,339,12,0,42.66858202,-88.54163073,55127.0,327,329,11,0,318,316,103718,10,1,0,9,13
2020-05-23,US,Wisconsin,Washburn,2,0,0,45.89838588,-91.79050449,55129.0,2,2,0,0,2,2,15878,0,0,0,0,0
2020-05-23,US,Wisconsin,Washington,181,4,0,43.36863664,-88.22974712,55131.0,177,178,4,0,174,171,135693,3,0,0,3,7
2020-05-23,US,Wisconsin,Waukesha,553,25,0,43.01833055,-88.30431188,55133.0,528,537,25,0,512,527,403072,16,0,0,16,10
2020-05-23,US,Wisconsin,Waupaca,20,1,0,44.47068056,-88.96534501,55135.0,19,20,1,0,19,19,51128,0,0,0,0,1
2020-05-23,US,Wisconsin,Waushara,7,0,0,44.11324419,-89.24317107,55137.0,7,7,0,0,7,7,24263,0,0,0,0,0
2020-05-23,US,Wisconsin,Winnebago,166,1,0,44.06886922,-88.64477096,55139.0,165,160,1,0,159,141,171020,6,0,0,6,19
2020-05-23,US,Wisconsin,Wood,9,1,0,44.45537896,-90.04158336,55141.0,8,9,0,0,9,9,73055,0,1,0,-1,0
2020-05-23,US,Wyoming,Albany,14,0,0,41.65498705,-105.72354150000001,56001.0,14,10,0,0,10,10,38601,4,0,0,4,0
2020-05-23,US,Wyoming,Big Horn,3,0,0,44.52405055,-107.9960365,56003.0,3,3,0,0,3,3,11881,0,0,0,0,0
2020-05-23,US,Wyoming,Campbell,30,0,0,44.24886082,-105.54744040000001,56005.0,30,30,0,0,30,30,46140,0,0,0,0,0
2020-05-23,US,Wyoming,Carbon,16,0,0,41.69357844,-106.9326084,56007.0,16,16,0,0,16,16,14971,0,0,0,0,0
2020-05-23,US,Wyoming,Converse,24,0,0,42.97272268,-105.5081848,56009.0,24,24,0,0,24,24,13640,0,0,0,0,0
2020-05-23,US,Wyoming,Crook,5,0,0,44.58855102,-104.56977049999999,56011.0,5,5,0,0,5,5,7450,0,0,0,0,0
2020-05-23,US,Wyoming,Fremont,244,0,0,43.04183996,-108.6296893,56013.0,244,238,0,0,238,237,39531,6,0,0,6,1
2020-05-23,US,Wyoming,Goshen,5,0,0,42.08798185,-104.3534743,56015.0,5,5,0,0,5,5,13376,0,0,0,0,0
2020-05-23,US,Wyoming,Hot Springs,9,0,0,43.71930657,-108.44231740000001,56017.0,9,9,0,0,9,9,4555,0,0,0,0,0
2020-05-23,US,Wyoming,Johnson,16,1,0,44.04057166,-106.58451740000001,56019.0,15,16,1,0,15,16,8460,0,0,0,0,0
2020-05-23,US,Wyoming,Laramie,182,0,0,41.30702520000001,-104.6887497,56021.0,182,182,0,0,182,182,98976,0,0,0,0,0
2020-05-23,US,Wyoming,Lincoln,15,0,0,42.26376367,-110.6563997,56023.0,15,15,0,0,15,15,19434,0,0,0,0,0
2020-05-23,US,Wyoming,Natrona,68,0,0,42.96180148,-106.79788500000001,56025.0,68,68,0,0,68,67,79115,0,0,0,0,1
2020-05-23,US,Wyoming,Niobrara,2,0,0,43.05607708,-104.47588959999999,56027.0,2,2,0,0,2,2,2388,0,0,0,0,0
2020-05-23,US,Wyoming,Park,2,0,0,44.52157546,-109.58528249999999,56029.0,2,2,0,0,2,2,29324,0,0,0,0,0
2020-05-23,US,Wyoming,Platte,1,0,0,42.13299116,-104.96633100000001,56031.0,1,1,0,0,1,1,8566,0,0,0,0,0
2020-05-23,US,Wyoming,Sheridan,16,0,0,44.79048913,-106.8862389,56033.0,16,16,0,0,16,16,30233,0,0,0,0,0
2020-05-23,US,Wyoming,Sublette,3,0,0,42.76558279,-109.91309220000001,56035.0,3,3,0,0,3,3,9813,0,0,0,0,0
2020-05-23,US,Wyoming,Sweetwater,25,0,0,41.65943896,-108.8827882,56037.0,25,25,0,0,25,25,43051,0,0,0,0,0
2020-05-23,US,Wyoming,Teton,100,0,0,43.93522482,-110.5890801,56039.0,100,100,0,0,100,100,23081,0,0,0,0,0
2020-05-23,US,Wyoming,Uinta,12,0,0,41.2878183,-110.54757820000002,56041.0,12,13,0,0,13,13,20299,-1,0,0,-1,0
2020-05-23,US,Wyoming,Unassigned,0,11,0,0.0,0.0,90056.0,-11,0,11,0,-11,0,,0,0,0,0,0
2020-05-23,US,Wyoming,Washakie,21,0,0,43.90451606,-107.68018700000002,56043.0,21,20,0,0,20,20,7885,1,0,0,1,0
