Date,Country/Region,Province/State,Admin2,Confirmed,Deaths,Recovered,Latitude,Longitude,FIPS,Incidence_Rate,Case-Fatality_Ratio,Active Cases,Previous Confirmed,Previous Deaths,Previous Recovered,Previous Active,Prev2 Confirmed,Population,Daily Confirmed,Daily Deaths,Daily Recovered,Daily Active,Previous Daily Confirmed
2020-10-17,US,Alabama,Autauga,1983,28,0,32.53952745,-86.64408227,1001.0,3549.374429468937,1.4120020171457388,1955,1966,28,0,1938,1949,55601,17,0,0,17,17
2020-10-17,US,Alabama,Baldwin,6350,67,0,30.72774991,-87.72207058,1003.0,2844.548769452682,1.0551181102362204,6283,6333,67,0,6266,6285,218022,17,0,0,17,48
2020-10-17,US,Alabama,Barbour,977,9,0,31.868263,-85.3871286,1005.0,3957.708822814551,0.9211873080859776,968,968,9,0,959,965,24881,9,0,0,9,3
2020-10-17,US,Alabama,Bibb,775,13,0,32.99642064,-87.12511459999996,1007.0,3460.748414753952,1.6774193548387095,762,771,13,0,758,761,22400,4,0,0,4,10
2020-10-17,US,Alabama,Blount,1807,23,0,33.98210918,-86.56790593,1009.0,3124.8919171307025,1.2728278915329274,1784,1783,23,0,1760,1768,57840,24,0,0,24,15
2020-10-17,US,Alabama,Bullock,634,17,0,32.10030533,-85.71265535,1011.0,6276.606276606277,2.6813880126182967,617,631,17,0,614,628,10138,3,0,0,3,3
2020-10-17,US,Alabama,Butler,990,40,0,31.75300095,-86.68057478,1013.0,5090.497737556561,4.040404040404041,950,988,40,0,948,982,19680,2,0,0,2,6
2020-10-17,US,Alabama,Calhoun,4066,59,0,33.77483727,-85.82630386,1015.0,3579.0678227190706,1.4510575504181014,4007,4003,59,0,3944,3949,114277,63,0,0,63,54
2020-10-17,US,Alabama,Chambers,1266,43,0,32.91360079,-85.39072749,1017.0,3807.0608047152227,3.39652448657188,1223,1263,43,0,1220,1260,33615,3,0,0,3,3
2020-10-17,US,Alabama,Cherokee,713,14,0,34.17805983,-85.60638968,1019.0,2721.7895861963652,1.9635343618513323,699,702,14,0,688,696,26032,11,0,0,11,6
2020-10-17,US,Alabama,Chilton,1779,31,0,32.85044126,-86.7173256,1021.0,4004.231565679301,1.7425519955030917,1748,1767,31,0,1736,1756,44153,12,0,0,12,11
2020-10-17,US,Alabama,Choctaw,386,12,0,32.02227341,-88.26564429999998,1023.0,3066.1688775915477,3.1088082901554404,374,383,12,0,371,379,12841,3,0,0,3,4
2020-10-17,US,Alabama,Clarke,1259,16,0,31.68099859,-87.83548597,1025.0,5329.77732622132,1.2708498808578237,1243,1240,16,0,1224,1236,23920,19,0,0,19,4
2020-10-17,US,Alabama,Clay,697,12,0,33.26984193,-85.85836077,1027.0,5266.339251983379,1.721664275466284,685,679,12,0,667,674,13275,18,0,0,18,5
2020-10-17,US,Alabama,Cleburne,515,7,0,33.67679204,-85.52005899,1029.0,3454.057679409792,1.3592233009708738,508,504,7,0,497,489,14987,11,0,0,11,15
2020-10-17,US,Alabama,Coffee,1615,9,0,31.39932826,-85.98901039,1031.0,3085.476290550609,0.5572755417956656,1606,1606,9,0,1597,1588,51909,9,0,0,9,18
2020-10-17,US,Alabama,Colbert,1883,27,0,34.69847452,-87.80168544,1033.0,3408.700059738238,1.4338821030270843,1856,1869,27,0,1842,1851,54762,14,0,0,14,18
2020-10-17,US,Alabama,Conecuh,554,13,0,31.43401703,-86.99320044,1035.0,4591.0333968674895,2.3465703971119134,541,550,13,0,537,550,12277,4,0,0,4,0
2020-10-17,US,Alabama,Coosa,196,3,0,32.93690146,-86.24847739,1037.0,1838.131857826128,1.5306122448979589,193,192,3,0,189,191,10715,4,0,0,4,1
2020-10-17,US,Alabama,Covington,1640,29,0,31.247785399999998,-86.45050893,1039.0,4426.570217819644,1.7682926829268293,1611,1612,29,0,1583,1604,36986,28,0,0,28,8
2020-10-17,US,Alabama,Crenshaw,583,30,0,31.72941803,-86.31593104,1041.0,4233.2268370607035,5.145797598627787,553,578,30,0,548,573,13824,5,0,0,5,5
2020-10-17,US,Alabama,Cullman,2212,23,0,34.13020303,-86.86888037,1043.0,2640.6264922165983,1.0397830018083185,2189,2190,23,0,2167,2168,83442,22,0,0,22,22
2020-10-17,US,Alabama,Dale,1604,51,0,31.43037123,-85.61095742,1045.0,3262.0190352232976,3.1795511221945136,1553,1594,51,0,1543,1580,48956,10,0,0,10,14
2020-10-17,US,Alabama,Dallas,1845,27,0,32.32688101,-87.10866709999998,1047.0,4960.210775352189,1.4634146341463414,1818,1841,27,0,1814,1841,38310,4,0,0,4,0
2020-10-17,US,Alabama,DeKalb,3095,26,0,34.45946862,-85.80782906,1049.0,4327.8844405912205,0.840064620355412,3069,3036,26,0,3010,2996,71385,59,0,0,59,40
2020-10-17,US,Alabama,Elmore,3074,52,0,32.59785413,-86.14415284,1051.0,3785.294733342364,1.6916070266753416,3022,3045,52,0,2993,3028,81887,29,0,0,29,17
2020-10-17,US,Alabama,Escambia,1702,28,0,31.1256789,-87.15918694,1053.0,4646.0841317937375,1.645123384253819,1674,1695,28,0,1667,1691,36748,7,0,0,7,4
2020-10-17,US,Alabama,Etowah,3951,49,0,34.04567266,-86.04051873,1055.0,3863.378573942973,1.240192356365477,3902,3924,49,0,3875,3896,102501,27,0,0,27,28
2020-10-17,US,Alabama,Fayette,536,12,0,33.72076938,-87.73886638,1057.0,3287.9401300453933,2.238805970149253,524,532,12,0,520,525,16433,4,0,0,4,7
2020-10-17,US,Alabama,Franklin,1974,31,0,34.44235334,-87.84289505,1059.0,6294.241438683757,1.5704154002026345,1943,1952,31,0,1921,1928,31363,22,0,0,22,24
2020-10-17,US,Alabama,Geneva,823,7,0,31.09389027,-85.83572839,1061.0,3132.7319097103277,0.8505467800729041,816,814,7,0,807,810,26314,9,0,0,9,4
2020-10-17,US,Alabama,Greene,329,16,0,32.85504247,-87.95684022,1063.0,4056.219948218469,4.863221884498481,313,329,16,0,313,328,8233,0,0,0,0,1
2020-10-17,US,Alabama,Hale,734,29,0,32.76039258,-87.63284988,1065.0,5009.896935362775,3.9509536784741135,705,729,29,0,700,726,14726,5,0,0,5,3
2020-10-17,US,Alabama,Henry,621,6,0,31.51148016,-85.24267944,1067.0,3609.415867480384,0.966183574879227,615,620,6,0,614,615,17209,1,0,0,1,5
2020-10-17,US,Alabama,Houston,3599,32,0,31.15197924,-85.29939599,1069.0,3399.066885778508,0.8891358710752987,3567,3582,32,0,3550,3559,104722,17,0,0,17,23
2020-10-17,US,Alabama,Jackson,1964,14,0,34.78144169,-85.99750489,1071.0,3804.284662766823,0.7128309572301426,1950,1943,14,0,1929,1901,51736,21,0,0,21,42
2020-10-17,US,Alabama,Jefferson,22194,372,0,33.55554728,-86.89506300000002,1073.0,3370.0136507266466,1.6761286834279534,21822,22030,371,0,21659,21897,659300,164,1,0,163,133
2020-10-17,US,Alabama,Lamar,446,5,0,33.77995024,-88.09668032,1075.0,3230.713509597972,1.1210762331838564,441,441,5,0,436,429,13844,5,0,0,5,12
2020-10-17,US,Alabama,Lauderdale,2029,40,0,34.90171875,-87.65624729,1077.0,2188.0964962417365,1.9714144898965007,1989,1994,40,0,1954,1974,92387,35,0,0,35,20
2020-10-17,US,Alabama,Lawrence,782,30,0,34.52041498,-87.31069453,1079.0,2375.1670513910826,3.836317135549872,752,772,30,0,742,759,32957,10,0,0,10,13
2020-10-17,US,Alabama,Lee,6421,66,0,32.60154883,-85.35132246,1081.0,3902.3471210997805,1.027877277682604,6355,6400,66,0,6334,6367,163941,21,0,0,21,33
2020-10-17,US,Alabama,Limestone,2658,27,0,34.81185586,-86.98310072,1083.0,2687.155638679675,1.015801354401806,2631,2638,27,0,2611,2605,96174,20,0,0,20,33
2020-10-17,US,Alabama,Lowndes,696,27,0,32.1597283,-86.65158371,1085.0,7156.07649599013,3.8793103448275854,669,693,27,0,666,687,9974,3,0,0,3,6
2020-10-17,US,Alabama,Macon,527,19,0,32.38759944,-85.69267724,1087.0,2916.7589107814915,3.6053130929791273,508,523,19,0,504,521,18439,4,0,0,4,2
2020-10-17,US,Alabama,Madison,8893,92,0,34.76327133,-86.55069633,1089.0,2384.7641113515633,1.0345215337906215,8801,8818,92,0,8726,8742,366519,75,0,0,75,76
2020-10-17,US,Alabama,Marengo,956,21,0,32.24767634,-87.78796182,1091.0,5068.122780045592,2.196652719665272,935,938,21,0,917,928,19066,18,0,0,18,10
2020-10-17,US,Alabama,Marion,1037,29,0,34.13697363,-87.88704173,1093.0,3490.5247568077016,2.7965284474445515,1008,1036,29,0,1007,1032,29763,1,0,0,1,4
2020-10-17,US,Alabama,Marshall,4240,48,0,34.36975964,-86.30486727,1095.0,4381.342096017525,1.1320754716981132,4192,4209,48,0,4161,4194,96109,31,0,0,31,15
2020-10-17,US,Alabama,Mobile,14217,314,0,30.78472347,-88.20842409,1097.0,3440.6234118244956,2.2086234789336707,13903,14160,313,0,13847,14120,413757,57,1,0,56,40
2020-10-17,US,Alabama,Monroe,624,9,0,31.56729412,-87.36995001,1099.0,3009.694689625235,1.4423076923076923,615,619,9,0,610,618,21067,5,0,0,5,1
2020-10-17,US,Alabama,Montgomery,9584,196,0,32.2206831,-86.20969272,1101.0,4231.608134719144,2.045075125208681,9388,9517,196,0,9321,9453,225763,67,0,0,67,64
2020-10-17,US,Alabama,Morgan,3885,32,0,34.45500589,-86.85475946,1103.0,3246.1835409721,0.8236808236808236,3853,3846,32,0,3814,3800,119089,39,0,0,39,46
2020-10-17,US,Alabama,Perry,577,6,0,32.64048341,-87.29770589,1105.0,6466.435055474615,1.0398613518197577,571,576,6,0,570,577,9140,1,0,0,1,-1
2020-10-17,US,Alabama,Pickens,778,17,0,33.28094866,-88.08818103,1107.0,3903.662819869544,2.185089974293059,761,775,17,0,758,761,19938,3,0,0,3,14
2020-10-17,US,Alabama,Pike,1299,12,0,31.80396383,-85.9408295,1109.0,3922.8121036419643,0.9237875288683602,1287,1293,12,0,1281,1288,33338,6,0,0,6,5
2020-10-17,US,Alabama,Randolph,781,14,0,33.29526734,-85.45708831,1111.0,3437.1974298037144,1.792573623559539,767,774,14,0,760,766,22725,7,0,0,7,8
2020-10-17,US,Alabama,Russell,1898,3,0,32.28725256,-85.18415324,1113.0,3274.615689860424,0.15806111696522654,1895,1889,3,0,1886,1874,57781,9,0,0,9,15
2020-10-17,US,Alabama,Shelby,6955,60,0,33.26879845,-86.66232561,1117.0,3194.734086044225,0.8626887131560029,6895,6906,60,0,6846,6853,215707,49,0,0,49,53
2020-10-17,US,Alabama,St. Clair,2735,42,0,33.71902176,-86.31029372,1115.0,3055.4562516757533,1.5356489945155394,2693,2705,42,0,2663,2676,88690,30,0,0,30,29
2020-10-17,US,Alabama,Sumter,464,21,0,32.59117397,-88.19916205,1119.0,3733.805423674258,4.525862068965517,443,463,21,0,442,461,12691,1,0,0,1,2
2020-10-17,US,Alabama,Talladega,2529,34,0,33.37823223,-86.16886178,1121.0,3162.119582885293,1.3444049031237644,2495,2495,34,0,2461,2473,79828,34,0,0,34,22
2020-10-17,US,Alabama,Tallapoosa,1267,86,0,32.86698258,-85.79833053,1123.0,3138.7024054301783,6.787687450670877,1181,1249,86,0,1163,1245,40497,18,0,0,18,4
2020-10-17,US,Alabama,Tuscaloosa,9782,132,0,33.28726072,-87.52556818,1125.0,4672.446323230875,1.3494172970762626,9650,9747,132,0,9615,9702,208911,35,0,0,35,45
2020-10-17,US,Alabama,Walker,2627,92,0,33.80270512,-87.30027177,1127.0,4135.64018198706,3.5020936429387133,2535,2615,92,0,2523,2602,63711,12,0,0,12,13
2020-10-17,US,Alabama,Washington,614,12,0,31.4092794,-88.20689944,1129.0,3760.8722283474212,1.954397394136808,602,615,12,0,603,613,16378,-1,0,0,-1,2
2020-10-17,US,Alabama,Wilcox,554,12,0,31.98773215,-87.30891118,1131.0,5340.78858575147,2.166064981949458,542,554,12,0,542,554,10627,0,0,0,0,0
2020-10-17,US,Alabama,Winston,882,13,0,34.15030532,-87.37325922,1133.0,3732.7013415717975,1.473922902494331,869,870,13,0,857,865,23660,12,0,0,12,5
2020-10-17,US,Alaska,Aleutians East,5,0,0,55.32222414,-161.9722021,2013.0,149.8351813005694,0.0,5,5,0,0,5,5,3515,0,0,0,0,0
2020-10-17,US,Alaska,Aleutians West,6,0,0,52.3233,-174.1596,2016.0,106.49627263045794,0.0,6,5,0,0,5,5,5723,1,0,0,1,0
2020-10-17,US,Alaska,Anchorage,5995,41,0,61.14998174,-149.14269860000005,2020.0,2081.597222222222,0.6839032527105922,5954,5888,40,0,5848,5777,291538,107,1,0,106,111
2020-10-17,US,Alaska,Bethel,234,0,0,60.90980451,-159.8561831,2050.0,1272.707494833025,0.0,234,229,0,0,229,214,18216,5,0,0,5,15
2020-10-17,US,Alaska,Bristol Bay,10,0,0,58.74513976,-156.701064,2060.0,1196.1722488038274,0.0,10,10,0,0,10,10,877,0,0,0,0,0
2020-10-17,US,Alaska,Denali,17,0,0,63.67264044,-150.0076108,2068.0,810.6819265617547,0.0,17,15,0,0,15,13,2059,2,0,0,2,2
2020-10-17,US,Alaska,Dillingham,15,0,0,59.79603738,-158.23819419999995,2070.0,305.12611879576895,0.0,15,15,0,0,15,12,5000,0,0,0,0,3
2020-10-17,US,Alaska,Fairbanks North Star,1707,13,0,64.80726247,-146.5692662,2090.0,1762.5375584673047,0.7615700058582309,1694,1678,12,0,1666,1646,98971,29,1,0,28,32
2020-10-17,US,Alaska,Haines,6,0,0,59.09893571,-135.4679843,2100.0,237.15415019762847,0.0,6,6,0,0,6,6,2474,0,0,0,0,0
2020-10-17,US,Alaska,Juneau,358,3,0,58.45031811,-134.200436,2110.0,1119.6597235253644,0.8379888268156425,355,346,3,0,343,338,32113,12,0,0,12,8
2020-10-17,US,Alaska,Kenai Peninsula,553,3,0,60.24429722,-151.53888840000005,2122.0,941.9499897799278,0.5424954792043399,550,545,4,0,541,542,58533,8,-1,0,9,3
2020-10-17,US,Alaska,Ketchikan Gateway,58,0,0,55.57445008,-130.975561,2130.0,417.236170059708,0.0,58,56,0,0,56,56,13918,2,0,0,2,0
2020-10-17,US,Alaska,Kodiak Island,47,0,0,57.65529415,-153.7493579,2150.0,361.59409139867677,0.0,47,46,0,0,46,41,13345,1,0,0,1,5
2020-10-17,US,Alaska,Kusilvak,26,0,0,62.15429159999999,-163.39678830000003,2158.0,312.72552321385615,0.0,26,24,0,0,24,24,8303,2,0,0,2,0
2020-10-17,US,Alaska,Matanuska-Susitna,819,3,0,62.31305045,-149.5741743,2170.0,756.1139987259618,0.3663003663003663,816,796,3,0,793,778,107610,23,0,0,23,18
2020-10-17,US,Alaska,Nome,108,0,0,64.90320724,-164.0353804,2180.0,1079.5681727309077,0.0,108,107,0,0,107,107,10008,1,0,0,1,0
2020-10-17,US,Alaska,North Slope,198,0,0,69.31479216,-153.4836093,2185.0,2013.832384052075,0.0,198,193,0,0,193,180,9872,5,0,0,5,13
2020-10-17,US,Alaska,Northwest Arctic,195,0,0,67.04919196,-159.7503946,2188.0,2558.719328172156,0.0,195,195,0,0,195,191,7671,0,0,0,0,4
2020-10-17,US,Alaska,Petersburg,11,1,0,57.13978948,-132.9540995,2195.0,336.80342927127987,9.090909090909092,10,8,1,0,7,8,3221,3,0,0,3,0
2020-10-17,US,Alaska,Prince of Wales-Hyder,34,0,0,55.76261984,-133.0511621,2198.0,548.1218765113655,0.0,34,33,0,0,33,31,6422,1,0,0,1,2
2020-10-17,US,Alaska,Sitka,55,0,0,57.24124555,-135.3206587,2220.0,647.5921346991639,0.0,55,55,0,0,55,55,8647,0,0,0,0,0
2020-10-17,US,Alaska,Skagway,1,0,0,59.56149996,-135.33377480000001,2230.0,84.53085376162298,0.0,1,1,0,0,1,,1148,0,0,0,0,
2020-10-17,US,Alaska,Southeast Fairbanks,44,0,0,63.87692095,-143.2127643,2240.0,638.3287393007399,0.0,44,37,0,0,37,36,6918,7,0,0,7,1
2020-10-17,US,Alaska,Unassigned,24,0,0,0.0,0.0,90002.0,0.0,0.0,24,24,0,0,24,23,,0,0,0,0,1
2020-10-17,US,Alaska,Valdez-Cordova,98,1,0,61.47502768,-144.7126799,2261.0,1064.9858726363834,1.020408163265306,97,98,1,0,97,93,9164,0,0,0,0,5
2020-10-17,US,Alaska,Wrangell,13,0,0,56.3202004,-132.05837309999998,2275.0,519.5843325339728,0.0,13,13,0,0,13,13,2503,0,0,0,0,0
2020-10-17,US,Alaska,Yakutat,26,0,0,59.890980799999994,-140.36014509999998,2282.0,4490.500863557859,0.0,26,26,0,0,26,25,604,0,0,0,0,1
2020-10-17,US,Alaska,Yukon-Koyukuk,97,2,0,65.50815459,-151.39073869999999,2290.0,1854.6845124282986,2.061855670103093,95,95,2,0,93,94,5327,2,0,0,2,1
2020-10-17,US,Arizona,Apache,3779,167,0,35.39465006,-109.4892383,4001.0,5256.861463129634,4.4191585075416775,3612,3751,167,0,3584,3742,71818,28,0,0,28,9
2020-10-17,US,Arizona,Cochise,2025,73,0,31.87934684,-109.7516088,4003.0,1608.1383713727546,3.6049382716049374,1952,2015,73,0,1942,2005,126770,10,0,0,10,10
2020-10-17,US,Arizona,Coconino,4684,147,0,35.83883429,-111.77071780000001,4005.0,3264.657503693998,3.1383432963279247,4537,4643,147,0,4496,4629,142854,41,0,0,41,14
2020-10-17,US,Arizona,Gila,1725,64,0,33.80190085,-110.8132779,4007.0,3193.3799844496284,3.710144927536232,1661,1694,63,0,1631,1633,53889,31,1,0,30,61
2020-10-17,US,Arizona,Graham,1022,27,0,32.93166885,-109.8882178,4009.0,2631.5111877848444,2.641878669275929,995,1007,26,0,981,977,38072,15,1,0,14,30
2020-10-17,US,Arizona,Greenlee,72,1,0,33.21498827,-109.2405279,4011.0,758.0543272267848,1.3888888888888888,71,68,2,0,66,70,9483,4,-1,0,5,-2
2020-10-17,US,Arizona,La Paz,589,16,0,33.72854224,-113.98100290000001,4012.0,2790.411218495357,2.7164685908319184,573,581,16,0,565,577,21098,8,0,0,8,4
2020-10-17,US,Arizona,Maricopa,149202,3512,0,33.34835867,-112.49181540000001,4013.0,3326.3819125726186,2.353855846436375,145690,148612,3500,0,145112,148152,4410824,590,12,0,578,460
2020-10-17,US,Arizona,Mohave,4178,229,0,35.70471703,-113.7577902,4015.0,1969.0735739769348,5.4810914313068455,3949,4156,229,0,3927,4138,209550,22,0,0,22,18
2020-10-17,US,Arizona,Navajo,6136,236,0,35.3997715,-110.3218983,4017.0,5484.836464606397,3.8461538461538463,5900,6136,236,0,5900,6120,110445,0,0,0,0,16
2020-10-17,US,Arizona,Pima,26843,633,0,32.0971334,-111.7890033,4019.0,2563.1183285447337,2.358156688894684,26210,26769,633,0,26136,26727,1039073,74,0,0,74,42
2020-10-17,US,Arizona,Pinal,11307,215,0,32.90525627,-111.3449483,4021.0,2443.2300681304005,1.9014769611744935,11092,11242,213,0,11029,11203,447138,65,2,0,63,39
2020-10-17,US,Arizona,Santa Cruz,2941,64,0,31.52508998,-110.8479088,4023.0,6325.003225945202,2.17613056783407,2877,2936,64,0,2872,2935,46511,5,0,0,5,1
2020-10-17,US,Arizona,Unassigned,0,1,0,0.0,0.0,90004.0,0.0,0.0,-1,,,,,0,,,,,,
2020-10-17,US,Arizona,Yavapai,2766,87,0,34.59933926,-112.5538588,4025.0,1176.5256338818965,3.1453362255965294,2679,2753,86,0,2667,2748,231993,13,1,0,12,5
2020-10-17,US,Arizona,Yuma,13190,352,0,32.76895712,-113.90666740000002,4027.0,6169.692263795273,2.6686884003032603,12838,13123,351,0,12772,13092,212128,67,1,0,66,31
2020-10-17,US,Arkansas,Arkansas,599,11,0,34.29145151,-91.37277296,5001.0,3425.5976209539062,1.8363939899833053,588,594,11,0,583,582,17769,5,0,0,5,12
2020-10-17,US,Arkansas,Ashley,498,12,0,33.19153461,-91.76984709999999,5003.0,2533.4486442488683,2.409638554216868,486,495,12,0,483,491,20046,3,0,0,3,4
2020-10-17,US,Arkansas,Baxter,532,7,0,36.28784385,-92.33782872,5005.0,1268.720786034532,1.3157894736842106,525,518,7,0,511,506,41619,14,0,0,14,12
2020-10-17,US,Arkansas,Benton,7558,103,0,36.33644656,-94.25680817,5007.0,2707.5922204190715,1.362794390050278,7455,7512,102,0,7410,7445,272608,46,1,0,45,67
2020-10-17,US,Arkansas,Boone,947,28,0,36.3084504,-93.09374925,5009.0,2529.920923274204,2.956705385427666,919,940,27,0,913,912,37480,7,1,0,6,28
2020-10-17,US,Arkansas,Bradley,355,8,0,33.46755808,-92.15980837,5011.0,3298.336894917774,2.2535211267605635,347,354,8,0,346,350,10897,1,0,0,1,4
2020-10-17,US,Arkansas,Calhoun,42,0,0,33.55598792,-92.49974403,5013.0,809.4045095394102,0.0,42,41,0,0,41,40,5277,1,0,0,1,1
2020-10-17,US,Arkansas,Carroll,924,12,0,36.34038560000001,-93.54270261,5015.0,3255.813953488372,1.2987012987012987,912,921,12,0,909,907,28223,3,0,0,3,14
2020-10-17,US,Arkansas,Chicot,1029,22,0,33.26458973,-91.29539209,5017.0,10169.994069974304,2.1379980563654035,1007,1027,22,0,1005,1025,10438,2,0,0,2,2
2020-10-17,US,Arkansas,Clark,463,4,0,34.04613432,-93.17484713,5019.0,2074.3727598566306,0.8639308855291576,459,452,5,0,447,448,22061,11,-1,0,12,4
2020-10-17,US,Arkansas,Clay,423,11,0,36.36826212,-90.4148172,5021.0,2907.0166998831696,2.600472813238771,412,413,11,0,402,405,14847,10,0,0,10,8
2020-10-17,US,Arkansas,Cleburne,428,14,0,35.53864922,-92.02640019,5023.0,1717.5649103094024,3.2710280373831777,414,410,14,0,396,406,24965,18,0,0,18,4
2020-10-17,US,Arkansas,Cleveland,202,12,0,33.89723187,-92.18537045,5025.0,2538.964303670186,5.9405940594059405,190,199,12,0,187,198,8018,3,0,0,3,1
2020-10-17,US,Arkansas,Columbia,646,19,0,33.21230701,-93.22642793,5027.0,2753.9753591678386,2.9411764705882355,627,639,19,0,620,634,23537,7,0,0,7,5
2020-10-17,US,Arkansas,Conway,328,3,0,35.26205537,-92.70506566,5029.0,1573.4433464453616,0.9146341463414634,325,326,3,0,323,324,20891,2,0,0,2,2
2020-10-17,US,Arkansas,Craighead,3992,35,0,35.83018283,-90.63235729,5031.0,3618.170612333684,0.8767535070140281,3957,3935,34,0,3901,3863,108558,57,1,0,56,72
2020-10-17,US,Arkansas,Crawford,1855,24,0,35.58928601,-94.2446814,5033.0,2932.4817806724946,1.293800539083558,1831,1821,24,0,1797,1803,63406,34,0,0,34,18
2020-10-17,US,Arkansas,Crittenden,2176,51,0,35.21247318,-90.30839406,5035.0,4537.58732144719,2.34375,2125,2152,51,0,2101,2131,48342,24,0,0,24,21
2020-10-17,US,Arkansas,Cross,535,20,0,35.29631396,-90.77185818,5037.0,3258.4201230281988,3.7383177570093458,515,532,20,0,512,521,16676,3,0,0,3,11
2020-10-17,US,Arkansas,Dallas,177,5,0,33.97042763,-92.65167437,5039.0,2525.324582679413,2.824858757062147,172,178,5,0,173,177,7182,-1,0,0,-1,1
2020-10-17,US,Arkansas,Desha,368,7,0,33.83011025,-91.25500948,5041.0,3239.1514831440886,1.9021739130434785,361,361,7,0,354,357,11512,7,0,0,7,4
2020-10-17,US,Arkansas,Drew,401,7,0,33.59035001,-91.71777921,5043.0,2200.9989571326637,1.745635910224439,394,388,7,0,381,387,18328,13,0,0,13,1
2020-10-17,US,Arkansas,Faulkner,3113,29,0,35.14719007,-92.33717519,5045.0,2470.497670764323,0.931577256665596,3084,3071,27,0,3044,3038,124806,42,2,0,40,33
2020-10-17,US,Arkansas,Franklin,453,2,0,35.51202821,-93.89299569,5047.0,2557.1549534292967,0.44150110375275936,451,446,2,0,444,439,17810,7,0,0,7,7
2020-10-17,US,Arkansas,Fulton,267,8,0,36.38177105,-91.81729127,5049.0,2139.937484972349,2.9962546816479403,259,264,8,0,256,257,12269,3,0,0,3,7
2020-10-17,US,Arkansas,Garland,2232,61,0,34.57692074,-93.14921604,5051.0,2245.789145352464,2.7329749103942653,2171,2222,58,0,2164,2206,99154,10,3,0,7,16
2020-10-17,US,Arkansas,Grant,334,4,0,34.29017991,-92.42320562,5053.0,1828.633999452505,1.1976047904191616,330,331,4,0,327,329,18188,3,0,0,3,2
2020-10-17,US,Arkansas,Greene,1231,15,0,36.11735460000001,-90.55832668,5055.0,2715.940430226145,1.2185215272136474,1216,1212,15,0,1197,1195,45325,19,0,0,19,17
2020-10-17,US,Arkansas,Hempstead,496,5,0,33.73325583,-93.66935133,5057.0,2303.548207319339,1.0080645161290325,491,492,5,0,487,487,21741,4,0,0,4,5
2020-10-17,US,Arkansas,Hot Spring,2097,30,0,34.31709259,-92.95396325,5059.0,6209.4696633206,1.430615164520744,2067,2091,30,0,2061,2086,33701,6,0,0,6,5
2020-10-17,US,Arkansas,Howard,537,13,0,34.09007427,-93.9934871,5061.0,4067.5655203757015,2.4208566108007448,524,536,13,0,523,532,13341,1,0,0,1,4
2020-10-17,US,Arkansas,Independence,1365,37,0,35.74242707,-91.57001641,5063.0,3608.7243886318574,2.7106227106227108,1328,1354,36,0,1318,1352,37678,11,1,0,10,2
2020-10-17,US,Arkansas,Izard,398,1,0,36.09604046,-91.90847954,5065.0,2920.2435982096995,0.25125628140703515,397,394,1,0,393,391,13593,4,0,0,4,3
2020-10-17,US,Arkansas,Jackson,609,5,0,35.59802983,-91.21494602,5067.0,3642.562354207787,0.8210180623973727,604,591,5,0,586,585,16811,18,0,0,18,6
2020-10-17,US,Arkansas,Jefferson,3921,97,0,34.26767081,-91.92619839,5069.0,5867.652340476476,2.4738587095128795,3824,3904,97,0,3807,3896,68114,17,0,0,17,8
2020-10-17,US,Arkansas,Johnson,937,7,0,35.56759135,-93.46036368,5071.0,3525.4721950485364,0.7470651013874067,930,933,8,0,925,929,26742,4,-1,0,5,4
2020-10-17,US,Arkansas,Lafayette,149,3,0,33.24116713,-93.60677071,5073.0,2249.3961352657007,2.0134228187919465,146,146,3,0,143,145,6682,3,0,0,3,1
2020-10-17,US,Arkansas,Lawrence,718,14,0,36.04188196,-91.10867198,5075.0,4376.447641106913,1.9498607242339836,704,700,14,0,686,693,16434,18,0,0,18,7
2020-10-17,US,Arkansas,Lee,1097,18,0,34.78498904,-90.78383866,5077.0,12385.683640058709,1.6408386508659982,1079,1096,18,0,1078,1094,8985,1,0,0,1,2
2020-10-17,US,Arkansas,Lincoln,2211,17,0,33.95317155,-91.74002806,5079.0,16976.35135135135,0.7688828584350973,2194,2180,17,0,2163,2162,13383,31,0,0,31,18
2020-10-17,US,Arkansas,Little River,413,35,0,33.70375665,-94.23468591,5081.0,3368.9534219756915,8.474576271186441,378,404,29,0,375,404,12326,9,6,0,3,0
2020-10-17,US,Arkansas,Logan,539,2,0,35.21413234,-93.71951016,5083.0,2510.947544954812,0.3710575139146568,537,531,2,0,529,520,21737,8,0,0,8,11
2020-10-17,US,Arkansas,Lonoke,1513,22,0,34.75392199,-91.88742357,5085.0,2063.866646660028,1.4540647719762063,1491,1505,21,0,1484,1488,73657,8,1,0,7,17
2020-10-17,US,Arkansas,Madison,408,5,0,36.01038185,-93.72524943,5087.0,2461.3899613899607,1.2254901960784317,403,408,6,0,402,408,16481,0,-1,0,1,0
2020-10-17,US,Arkansas,Marion,129,2,0,36.26844485,-92.68451899,5089.0,772.7327183419193,1.5503875968992251,127,126,2,0,124,122,16722,3,0,0,3,4
2020-10-17,US,Arkansas,Miller,1163,15,0,33.31403423,-93.89285258,5091.0,2688.582194789283,1.289767841788478,1148,1146,15,0,1131,1127,43592,17,0,0,17,19
2020-10-17,US,Arkansas,Mississippi,2022,61,0,35.76271485,-90.05194370000002,5093.0,4974.047378908268,3.016815034619189,1961,1991,58,0,1933,1944,41239,31,3,0,28,47
2020-10-17,US,Arkansas,Monroe,198,0,0,34.6815935,-91.20540287,5095.0,2954.7828682286226,0.0,198,194,0,0,194,190,6900,4,0,0,4,4
2020-10-17,US,Arkansas,Montgomery,179,8,0,34.53704874,-93.65824478,5097.0,1991.9875361673714,4.46927374301676,171,178,8,0,170,177,8924,1,0,0,1,1
2020-10-17,US,Arkansas,Nevada,263,14,0,33.66340119,-93.30632432,5099.0,3187.1061560833728,5.32319391634981,249,260,14,0,246,259,8326,3,0,0,3,1
2020-10-17,US,Arkansas,Newton,285,19,0,35.91947491,-93.21612969,5101.0,3675.996388494776,6.666666666666668,266,282,19,0,263,279,7805,3,0,0,3,3
2020-10-17,US,Arkansas,Ouachita,329,7,0,33.58839816,-92.87795984,5103.0,1407.0652638781974,2.127659574468085,322,326,7,0,319,314,23606,3,0,0,3,12
2020-10-17,US,Arkansas,Perry,124,0,0,34.945915299999996,-92.94372564,5105.0,1186.0353897656626,0.0,124,124,0,0,124,122,10352,0,0,0,0,2
2020-10-17,US,Arkansas,Phillips,681,15,0,34.43268455,-90.84800154,5107.0,3829.7154425823865,2.202643171806167,666,671,15,0,656,661,18029,10,0,0,10,10
2020-10-17,US,Arkansas,Pike,254,1,0,34.16250414,-93.65789349,5109.0,2369.845120358276,0.3937007874015748,253,253,2,0,251,253,10673,1,-1,0,2,0
2020-10-17,US,Arkansas,Poinsett,900,16,0,35.57433534,-90.66268713,5111.0,3825.229513770825,1.7777777777777777,884,883,16,0,867,868,23974,17,0,0,17,15
2020-10-17,US,Arkansas,Polk,341,4,0,34.48254879,-94.22728802,5113.0,1708.0745341614904,1.1730205278592376,337,332,4,0,328,325,20049,9,0,0,9,7
2020-10-17,US,Arkansas,Pope,2529,36,0,35.44871474,-93.03212219,5115.0,3947.121987763766,1.4234875444839858,2493,2511,36,0,2475,2470,64000,18,0,0,18,41
2020-10-17,US,Arkansas,Prairie,192,4,0,34.83624419,-91.55162157,5117.0,2381.5430414289262,2.083333333333333,188,191,4,0,187,186,8074,1,0,0,1,5
2020-10-17,US,Arkansas,Pulaski,11025,193,0,34.77054088,-92.31355101,5119.0,2813.1386973062763,1.7505668934240364,10832,10954,193,0,10761,10862,392680,71,0,0,71,92
2020-10-17,US,Arkansas,Randolph,578,23,0,36.3415714,-91.02455531,5121.0,3218.6212273081633,3.97923875432526,555,572,23,0,549,566,17948,6,0,0,6,6
2020-10-17,US,Arkansas,Saline,2572,28,0,34.64916145,-92.67583224,5125.0,2100.672182428514,1.088646967340591,2544,2544,28,0,2516,2521,121421,28,0,0,28,23
2020-10-17,US,Arkansas,Scott,147,1,0,34.85588887,-94.0632176,5127.0,1429.8220017508027,0.6802721088435374,146,146,1,0,145,141,10319,1,0,0,1,5
2020-10-17,US,Arkansas,Searcy,175,1,0,35.9109364,-92.69936482,5129.0,2220.530389544474,0.5714285714285714,174,173,1,0,172,171,7958,2,0,0,2,2
2020-10-17,US,Arkansas,Sebastian,4495,87,0,35.19605503,-94.27162713,5131.0,3516.4714809860197,1.935483870967742,4408,4457,87,0,4370,4427,127753,38,0,0,38,30
2020-10-17,US,Arkansas,Sevier,1264,16,0,33.99780401,-94.2424869,5133.0,7432.2337860880825,1.2658227848101269,1248,1256,19,0,1237,1246,17139,8,-3,0,11,10
2020-10-17,US,Arkansas,Sharp,298,9,0,36.16258158,-91.47819342,5135.0,1708.5196651760114,3.0201342281879198,289,293,9,0,284,290,17366,5,0,0,5,3
2020-10-17,US,Arkansas,St. Francis,1649,10,0,35.02201976,-90.74828138,5123.0,6597.583420020805,0.6064281382656155,1639,1643,9,0,1634,1636,25439,6,1,0,5,7
2020-10-17,US,Arkansas,Stone,389,20,0,35.86251946,-92.15684085,5137.0,3110.5069566608026,5.141388174807198,369,389,20,0,369,390,12457,0,0,0,0,-1
2020-10-17,US,Arkansas,Unassigned,1985,0,0,0.0,0.0,90005.0,0.0,0.0,1985,1982,0,0,1982,1908,,3,0,0,3,74
2020-10-17,US,Arkansas,Union,1069,47,0,33.16887091,-92.59746952,5139.0,2763.5592782172585,4.396632366697848,1022,1057,47,0,1010,1049,39126,12,0,0,12,8
2020-10-17,US,Arkansas,Van Buren,199,3,0,35.58095779,-92.51295036,5141.0,1202.7802961619825,1.5075376884422111,196,198,3,0,195,197,16603,1,0,0,1,1
2020-10-17,US,Arkansas,Washington,10805,137,0,35.976844,-94.21800746,5143.0,4517.3859783349435,1.2679315131883386,10668,10748,131,0,10617,10663,236961,57,6,0,51,85
2020-10-17,US,Arkansas,White,1266,32,0,35.25688493,-91.74908296,5145.0,1607.557807321626,2.527646129541864,1234,1248,32,0,1216,1230,78727,18,0,0,18,18
2020-10-17,US,Arkansas,Woodruff,85,0,0,35.18902527,-91.2439489,5147.0,1344.9367088607594,0.0,85,82,0,0,82,79,6490,3,0,0,3,3
2020-10-17,US,Arkansas,Yell,1316,30,0,35.00292371,-93.41171338,5149.0,6166.533901879013,2.2796352583586628,1286,1310,30,0,1280,1303,21535,6,0,0,6,7
2020-10-17,US,California,Alameda,22459,442,0,37.64629437,-121.8929271,6001.0,1343.7809072899472,1.9680306335990023,22017,22408,439,0,21969,22370,1666753,51,3,0,48,38
2020-10-17,US,California,Alpine,3,0,0,38.59678594,-119.82235940000001,6003.0,265.72187776793623,0.0,3,3,0,0,3,3,1101,0,0,0,0,0
2020-10-17,US,California,Amador,309,16,0,38.44583082,-120.65696000000001,6005.0,777.3193801569732,5.17799352750809,293,309,16,0,293,308,39383,0,0,0,0,1
2020-10-17,US,California,Butte,3004,50,0,39.66727762,-121.6005252,6007.0,1370.525489766682,1.664447403462051,2954,3000,50,0,2950,2995,231256,4,0,0,4,5
2020-10-17,US,California,Calaveras,333,17,0,38.20537103,-120.55291299999999,6009.0,725.4111752532402,5.105105105105106,316,331,16,0,315,331,45602,2,1,0,1,0
2020-10-17,US,California,Colusa,545,6,0,39.17881957,-122.2331726,6011.0,2529.354434492041,1.1009174311926606,539,545,6,0,539,545,21627,0,0,0,0,0
2020-10-17,US,California,Contra Costa,17997,234,0,37.91923498,-121.9289527,6013.0,1560.1728959728696,1.3002167027837972,17763,17945,234,0,17711,17866,1150215,52,0,0,52,79
2020-10-17,US,California,Del Norte,173,1,0,41.74228275,-123.89740630000001,6015.0,622.0336545376098,0.5780346820809249,172,173,1,0,172,171,27828,0,0,0,0,2
2020-10-17,US,California,El Dorado,1275,4,0,38.77965956,-120.5233166,6017.0,661.159596148162,0.3137254901960784,1271,1271,4,0,1267,1264,190678,4,0,0,4,7
2020-10-17,US,California,Fresno,29796,429,0,36.75733899,-119.6466953,6019.0,2982.2810706825435,1.4397905759162304,29367,29727,429,0,29298,29650,994400,69,0,0,69,77
2020-10-17,US,California,Glenn,639,3,0,39.59875897,-122.3938452,6021.0,2250.554714190117,0.4694835680751174,636,638,3,0,635,635,28047,1,0,0,1,3
2020-10-17,US,California,Humboldt,544,8,0,40.69923009,-123.876044,6023.0,401.3042387760221,1.4705882352941178,536,544,8,0,536,544,136373,0,0,0,0,0
2020-10-17,US,California,Imperial,12410,335,0,33.0393082,-115.36690420000001,6025.0,6848.218966421102,2.6994359387590654,12075,12410,335,0,12075,12373,181827,0,0,0,0,37
2020-10-17,US,California,Inyo,212,15,0,36.51112084,-117.41119779999998,6027.0,1175.2314429846444,7.075471698113208,197,210,15,0,195,209,17987,2,0,0,2,1
2020-10-17,US,California,Kern,33286,408,0,35.34329425,-118.72777959999999,6029.0,3697.614535404276,1.2257405515832482,32878,33225,406,0,32819,33145,896764,61,2,0,59,80
2020-10-17,US,California,Kings,8146,83,0,36.07409056,-119.8159973,6031.0,5326.2717405518515,1.0189049840412472,8063,8134,83,0,8051,8118,151366,12,0,0,12,16
2020-10-17,US,California,Lake,658,15,0,39.10124298,-122.75362439999999,6033.0,1021.9612959338988,2.2796352583586628,643,642,14,0,628,642,64382,16,1,0,15,0
2020-10-17,US,California,Lassen,757,1,0,40.67311306,-120.59350990000002,6035.0,2476.040951166061,0.13210039630118892,756,752,1,0,751,752,30802,5,0,0,5,0
2020-10-17,US,California,Los Angeles,288136,6863,0,34.30828379,-118.22824109999999,6037.0,2870.1357600830434,2.3818613432545743,281273,287222,6855,0,280367,286183,10105518,914,8,0,906,1039
2020-10-17,US,California,Madera,4836,73,0,37.21513971,-119.76655890000002,6039.0,3073.852549149224,1.5095119933829608,4763,4836,73,0,4763,4822,157672,0,0,0,0,14
2020-10-17,US,California,Marin,6982,124,0,38.07122463,-122.72106310000001,6041.0,2697.5651596052953,1.7759954167860212,6858,6966,124,0,6842,6940,259666,16,0,0,16,26
2020-10-17,US,California,Mariposa,78,2,0,37.57978556,-119.9073334,6043.0,453.4092890774865,2.5641025641025643,76,78,2,0,76,77,17471,0,0,0,0,1
2020-10-17,US,California,Mendocino,1080,21,0,39.4381191,-123.39113130000001,6045.0,1244.971123586439,1.9444444444444444,1059,1077,21,0,1056,1063,87606,3,0,0,3,14
2020-10-17,US,California,Merced,9314,152,0,37.18922369,-120.72090349999999,6047.0,3354.22068568136,1.6319519003650418,9162,9302,152,0,9150,9286,274765,12,0,0,12,16
2020-10-17,US,California,Modoc,27,0,0,41.58965602,-120.7244817,6049.0,305.3953172718018,0.0,27,27,0,0,27,27,8777,0,0,0,0,0
2020-10-17,US,California,Mono,175,2,0,37.93899289,-118.8872409,6051.0,1211.5757407920246,1.1428571428571428,173,174,2,0,172,173,14250,1,0,0,1,1
2020-10-17,US,California,Monterey,10943,82,0,36.21862405,-121.24133970000001,6053.0,2521.0742268943773,0.7493374760120625,10861,10887,82,0,10805,10827,435594,56,0,0,56,60
2020-10-17,US,California,Napa,1855,14,0,38.50735751,-122.33283899999999,6055.0,1346.7011267278426,0.7547169811320755,1841,1842,14,0,1828,1837,139417,13,0,0,13,5
2020-10-17,US,California,Nevada,581,8,0,39.30394768,-120.76272809999999,6057.0,582.4269460177435,1.3769363166953528,573,579,8,0,571,576,99696,2,0,0,2,3
2020-10-17,US,California,Orange,56672,1409,0,33.70147516,-117.76459979999998,6059.0,1784.5559330060971,2.4862365894974587,55263,56587,1401,0,55186,56436,3185968,85,8,0,77,151
2020-10-17,US,California,Placer,3880,52,0,39.06167234,-120.72405690000001,6061.0,974.0691739742776,1.3402061855670102,3828,3880,52,0,3828,3864,393149,0,0,0,0,16
2020-10-17,US,California,Plumas,54,0,0,40.00355989,-120.8395236,6063.0,287.1271335141172,0.0,54,53,0,0,53,53,18804,1,0,0,1,0
2020-10-17,US,California,Riverside,63284,1269,0,33.74314981,-115.9933578,6065.0,2561.5390282148155,2.005246191770432,62015,63284,1269,0,62015,63125,2450758,0,0,0,0,159
2020-10-17,US,California,Sacramento,24192,468,0,38.45106826,-121.34253740000001,6067.0,1558.7046360380862,1.934523809523809,23724,24102,464,0,23638,24060,1540975,90,4,0,86,42
2020-10-17,US,California,San Benito,1401,14,0,36.60308176,-121.069975,6069.0,2230.60756591517,0.9992862241256244,1387,1396,14,0,1382,1392,61537,5,0,0,5,4
2020-10-17,US,California,San Bernardino,59602,998,0,34.84060306,-116.1774685,6071.0,2733.930099055771,1.674440455018288,58604,59463,989,0,58474,59169,2171603,139,9,0,130,294
2020-10-17,US,California,San Diego,51982,869,0,33.03484597,-116.73653259999999,6073.0,1557.1258683233832,1.6717325227963526,51113,51781,865,0,50916,51470,3343364,201,4,0,197,311
2020-10-17,US,California,San Francisco,11840,133,0,37.75215114,-122.43856720000001,6075.0,1343.0904011007894,1.1233108108108107,11707,11808,131,0,11677,11783,883305,32,2,0,30,25
2020-10-17,US,California,San Joaquin,21187,484,0,37.93433732,-121.2730061,6077.0,2779.906264924923,2.2844196913201493,20703,21138,483,0,20655,21100,752660,49,1,0,48,38
2020-10-17,US,California,San Luis Obispo,3985,32,0,35.38822029,-120.4039028,6079.0,1407.5751207123706,0.8030112923462986,3953,3969,32,0,3937,3933,284010,16,0,0,16,36
2020-10-17,US,California,San Mateo,10743,157,0,37.422880799999994,-122.32755459999998,6081.0,1401.432088007274,1.4614167364795683,10586,10687,157,0,10530,10655,769545,56,0,0,56,32
2020-10-17,US,California,Santa Barbara,9560,119,0,34.65329488,-120.0188492,6083.0,2141.102219713818,1.2447698744769875,9441,9540,118,0,9422,9520,446527,20,1,0,19,20
2020-10-17,US,California,Santa Clara,23052,373,0,37.23104908,-121.6970462,6085.0,1191.6889885738115,1.6180808606628492,22679,22974,373,0,22601,22859,1937570,78,0,0,78,115
2020-10-17,US,California,Santa Cruz,2682,23,0,37.05580291,-122.0066524,6087.0,981.6516783608394,0.8575689783743475,2659,2670,23,0,2647,2633,274255,12,0,0,12,37
2020-10-17,US,California,Shasta,1666,29,0,40.76391419,-122.0396884,6089.0,925.1443802754332,1.7406962785114046,1637,1666,29,0,1637,1640,180040,0,0,0,0,26
2020-10-17,US,California,Sierra,6,0,0,39.57713498,-120.52007009999998,6091.0,199.6672212978369,0.0,6,6,0,0,6,6,2987,0,0,0,0,0
2020-10-17,US,California,Siskiyou,184,0,0,41.59198861,-122.54074340000001,6093.0,422.6096143687269,0.0,184,183,0,0,183,183,43724,1,0,0,1,0
2020-10-17,US,California,Solano,7009,74,0,38.26827353,-121.9357113,6095.0,1565.7566408946414,1.0557854187473248,6935,7009,74,0,6935,6951,446610,0,0,0,0,58
2020-10-17,US,California,Sonoma,8810,129,0,38.52746429,-122.88625060000001,6097.0,1782.1886328327291,1.464245175936436,8681,8717,129,0,8588,8684,499942,93,0,0,93,33
2020-10-17,US,California,Stanislaus,17244,391,0,37.55862499,-120.9970722,6099.0,3131.514909381469,2.267455346787288,16853,17198,391,0,16807,17160,549815,46,0,0,46,38
2020-10-17,US,California,Sutter,1796,12,0,39.03417539,-121.6945899,6101.0,1852.1001124047393,0.6681514476614699,1784,1793,12,0,1781,1785,96807,3,0,0,3,8
2020-10-17,US,California,Tehama,737,8,0,40.12570935,-122.23701709999999,6103.0,1132.3827668858705,1.0854816824966078,729,726,8,0,718,722,63916,11,0,0,11,4
2020-10-17,US,California,Trinity,20,0,0,40.64917670000001,-123.114713,6105.0,162.8001628001628,0.0,20,20,0,0,20,21,12535,0,0,0,0,-1
2020-10-17,US,California,Tulare,17120,275,0,36.22026558,-118.8020203,6107.0,3672.2830575188495,1.6063084112149533,16845,17072,274,0,16798,17015,465861,48,1,0,47,57
2020-10-17,US,California,Tuolumne,249,4,0,38.02644018,-119.95250929999999,6109.0,457.0652373435148,1.606425702811245,245,244,4,0,240,242,54539,5,0,0,5,2
2020-10-17,US,California,Ventura,13805,160,0,34.44465746,-119.09106129999999,6111.0,1631.785117363234,1.1590003621876133,13645,13750,159,0,13591,13697,850967,55,1,0,54,53
2020-10-17,US,California,Yolo,3046,56,0,38.68278902,-121.90182879999999,6113.0,1381.40589569161,1.8384766907419567,2990,3034,56,0,2978,3015,220408,12,0,0,12,19
2020-10-17,US,California,Yuba,1253,10,0,39.26255932,-121.35356440000001,6115.0,1592.7696140743378,0.7980845969672785,1243,1246,10,0,1236,1243,78041,7,0,0,7,3
2020-10-17,US,Colorado,Adams,11665,248,0,39.87432092,-104.3362578,8001.0,2254.4504378446177,2.126018002571796,11417,11497,247,0,11250,11303,511868,168,1,0,167,194
2020-10-17,US,Colorado,Alamosa,282,9,0,37.57250606,-105.7885451,8003.0,1737.201995934208,3.191489361702128,273,272,9,0,263,271,16683,10,0,0,10,1
2020-10-17,US,Colorado,Arapahoe,11029,377,0,39.64977461,-104.3353617,8005.0,1679.739258898247,3.4182609484087405,10652,10911,376,0,10535,10783,651215,118,1,0,117,128
2020-10-17,US,Colorado,Archuleta,59,0,0,37.19474156,-107.04768670000001,8007.0,420.5574167795281,0.0,59,58,0,0,58,58,13765,1,0,0,1,0
2020-10-17,US,Colorado,Baca,23,0,0,37.31940883,-102.5603223,8009.0,642.2786931024854,0.0,23,23,0,0,23,23,3585,0,0,0,0,0
2020-10-17,US,Colorado,Bent,12,0,0,37.95474293,-103.0720195,8011.0,215.16944593867672,0.0,12,12,0,0,12,12,5882,0,0,0,0,0
2020-10-17,US,Colorado,Boulder,4967,84,0,40.09313619,-105.3546767,8013.0,1522.70414106856,1.6911616670022147,4883,4931,84,0,4847,4891,326078,36,0,0,36,40
2020-10-17,US,Colorado,Broomfield,778,39,0,39.95998787,-105.0566324,8014.0,1104.0942311785993,5.012853470437018,739,767,39,0,728,763,69267,11,0,0,11,4
2020-10-17,US,Colorado,Chaffee,369,20,0,38.74745778,-106.19265729999998,8015.0,1812.7333464334838,5.420054200542006,349,359,20,0,339,358,20027,10,0,0,10,1
2020-10-17,US,Colorado,Cheyenne,14,0,0,38.82777431,-102.6032558,8017.0,764.6095030038231,0.0,14,14,0,0,14,14,1876,0,0,0,0,0
2020-10-17,US,Colorado,Clear Creek,61,1,0,39.68864463,-105.6463118,8019.0,628.8659793814433,1.639344262295082,60,61,1,0,60,61,9605,0,0,0,0,0
2020-10-17,US,Colorado,Conejos,50,0,0,37.201606,-106.19174879999998,8021.0,609.3845216331505,0.0,50,48,0,0,48,44,8200,2,0,0,2,4
2020-10-17,US,Colorado,Costilla,34,1,0,37.27732493,-105.4276548,8023.0,874.7105737072293,2.9411764705882355,33,34,1,0,33,34,3828,0,0,0,0,0
2020-10-17,US,Colorado,Crowley,80,1,0,38.32608609,-103.7844965,8025.0,1319.9142055766376,1.25,79,80,1,0,79,78,5858,0,0,0,0,2
2020-10-17,US,Colorado,Custer,19,0,0,38.10883162,-105.3683478,8027.0,374.9013417521705,0.0,19,19,0,0,19,19,4954,0,0,0,0,0
2020-10-17,US,Colorado,Delta,195,4,0,38.86246243,-107.86313419999999,8029.0,625.7621462037097,2.051282051282051,191,195,4,0,191,194,30953,0,0,0,0,1
2020-10-17,US,Colorado,Denver,15774,440,0,39.76018276,-104.87256950000001,8031.0,2169.1091031351284,2.7894002789400285,15334,15590,440,0,15150,15383,716492,184,0,0,184,207
2020-10-17,US,Colorado,Dolores,3,0,0,37.75208676,-108.5211585,8033.0,145.98540145985402,0.0,3,3,0,0,3,3,2074,0,0,0,0,0
2020-10-17,US,Colorado,Douglas,3267,63,0,39.33133796,-104.930001,8035.0,930.3610381769822,1.9283746556473829,3204,3227,63,0,3164,3184,342776,40,0,0,40,43
2020-10-17,US,Colorado,Eagle,1340,10,0,39.62754308,-106.6933637,8037.0,2430.7508117619313,0.746268656716418,1330,1338,10,0,1328,1335,54993,2,0,0,2,3
2020-10-17,US,Colorado,El Paso,8353,187,0,38.83240149,-104.5251411,8041.0,1159.4898966273045,2.2387166287561358,8166,8193,187,0,8006,8064,713856,160,0,0,160,129
2020-10-17,US,Colorado,Elbert,180,3,0,39.28656773,-104.13587209999999,8039.0,673.4258670358038,1.6666666666666667,177,179,3,0,176,177,26282,1,0,0,1,2
2020-10-17,US,Colorado,Fremont,462,1,0,38.47362326,-105.43996670000001,8043.0,965.7392504023912,0.21645021645021645,461,453,1,0,452,310,48021,9,0,0,9,143
2020-10-17,US,Colorado,Garfield,1058,5,0,39.59921777,-107.902708,8045.0,1761.5424318609414,0.4725897920604915,1053,1053,5,0,1048,1047,59770,5,0,0,5,6
2020-10-17,US,Colorado,Gilpin,21,0,0,39.85646523,-105.5252597,8047.0,336.3767419509851,0.0,21,21,0,0,21,21,6121,0,0,0,0,0
2020-10-17,US,Colorado,Grand,133,1,0,40.10603347,-106.11780420000001,8049.0,845.3031651201221,0.7518796992481203,132,127,1,0,126,123,15525,6,0,0,6,4
2020-10-17,US,Colorado,Gunnison,296,7,0,38.66611652,-107.0320729,8051.0,1695.1093803688007,2.3648648648648654,289,296,7,0,289,296,17246,0,0,0,0,0
2020-10-17,US,Colorado,Hinsdale,3,0,0,37.82247444,-107.3004345,8053.0,365.8536585365854,0.0,3,3,0,0,3,3,811,0,0,0,0,0
2020-10-17,US,Colorado,Huerfano,28,2,0,37.68473101,-104.9612585,8055.0,405.9736117152385,7.142857142857142,26,28,2,0,26,27,6889,0,0,0,0,1
2020-10-17,US,Colorado,Jackson,9,0,0,40.66593870000001,-106.3408905,8057.0,646.5517241379309,0.0,9,9,0,0,9,9,1399,0,0,0,0,0
2020-10-17,US,Colorado,Jefferson,7076,299,0,39.58635604,-105.2517692,8059.0,1213.9699183881446,4.225551158846806,6777,6991,298,0,6693,6887,580233,85,1,0,84,104
2020-10-17,US,Colorado,Kiowa,3,0,0,38.43260896,-102.7392145,8061.0,213.3712660028449,0.0,3,2,0,0,2,2,1383,1,0,0,1,0
2020-10-17,US,Colorado,Kit Carson,103,3,0,39.30497777,-102.60221990000001,8063.0,1451.3174580808793,2.9126213592233015,100,98,3,0,95,98,7163,5,0,0,5,0
2020-10-17,US,Colorado,La Plata,320,2,0,37.28632032,-107.8429014,8067.0,569.1823340033084,0.625,318,318,2,0,316,305,56310,2,0,0,2,13
2020-10-17,US,Colorado,Lake,117,0,0,39.20278823,-106.35556969999999,8065.0,1439.6456256921374,0.0,117,116,0,0,116,114,7824,1,0,0,1,2
2020-10-17,US,Colorado,Larimer,3462,55,0,40.66671597,-105.4625784,8069.0,970.022331247776,1.5886770652801852,3407,3390,55,0,3335,3327,350518,72,0,0,72,63
2020-10-17,US,Colorado,Las Animas,37,1,0,37.3153406,-104.03764579999999,8071.0,255.066868881842,2.702702702702702,36,33,1,0,32,31,14503,4,0,0,4,2
2020-10-17,US,Colorado,Lincoln,24,0,0,38.98749519,-103.51366490000001,8073.0,420.97877565339417,0.0,24,24,0,0,24,24,5610,0,0,0,0,0
2020-10-17,US,Colorado,Logan,1062,10,0,40.7249637,-103.110817,8075.0,4739.167298853139,0.9416195856873822,1052,1051,10,0,1041,1038,21528,11,0,0,11,13
2020-10-17,US,Colorado,Mesa,992,8,0,39.01787888,-108.469799,8077.0,643.2786460022047,0.8064516129032258,984,956,8,0,948,847,153207,36,0,0,36,109
2020-10-17,US,Colorado,Mineral,21,0,0,37.66954283,-106.92816979999999,8079.0,2730.8192457737327,0.0,21,21,0,0,21,21,776,0,0,0,0,0
2020-10-17,US,Colorado,Moffat,51,1,0,40.61810999,-108.2070876,8081.0,383.94940901904687,1.96078431372549,50,49,1,0,48,49,13188,2,0,0,2,0
2020-10-17,US,Colorado,Montezuma,176,5,0,37.33859579,-108.59588570000001,8083.0,672.1918802276286,2.8409090909090913,171,173,5,0,168,173,26158,3,0,0,3,0
2020-10-17,US,Colorado,Montrose,417,13,0,38.40214114,-108.26390220000002,8085.0,975.256092427148,3.117505995203837,404,412,13,0,399,412,42214,5,0,0,5,0
2020-10-17,US,Colorado,Morgan,809,48,0,40.26279810000001,-103.8093302,8087.0,2783.129214256227,5.933250927070457,761,804,48,0,756,800,28558,5,0,0,5,4
2020-10-17,US,Colorado,Otero,115,6,0,37.9014485,-103.7173385,8089.0,629.1716818032608,5.217391304347826,109,114,6,0,108,114,18432,1,0,0,1,0
2020-10-17,US,Colorado,Ouray,32,1,0,38.14717457,-107.7675136,8091.0,646.2035541195477,3.125,31,32,1,0,31,32,4833,0,0,0,0,0
2020-10-17,US,Colorado,Park,79,1,0,39.120926000000004,-105.7182065,8093.0,419.209339347307,1.2658227848101269,78,69,1,0,68,65,18556,10,0,0,10,4
2020-10-17,US,Colorado,Phillips,36,0,0,40.59414277,-102.3577703,8095.0,844.0797186400937,0.0,36,36,0,0,36,35,4286,0,0,0,0,1
2020-10-17,US,Colorado,Pitkin,255,2,0,39.21720112,-106.9310027,8097.0,1435.2451173523948,0.7843137254901961,253,255,2,0,253,253,17950,0,0,0,0,2
2020-10-17,US,Colorado,Prowers,115,0,0,37.95544985,-102.3926052,8099.0,944.7913243509697,0.0,115,104,0,0,104,102,12164,11,0,0,11,2
2020-10-17,US,Colorado,Pueblo,1544,40,0,38.17359144,-104.5127437,8101.0,916.7339571557496,2.5906735751295336,1504,1514,40,0,1474,1492,167529,30,0,0,30,22
2020-10-17,US,Colorado,Rio Blanco,25,0,0,39.97913541,-108.2179009,8103.0,395.31941808981657,0.0,25,25,0,0,25,25,6336,0,0,0,0,0
2020-10-17,US,Colorado,Rio Grande,114,2,0,37.5836865,-106.3847838,8105.0,1011.804384485666,1.7543859649122806,112,112,2,0,110,112,11250,2,0,0,2,0
2020-10-17,US,Colorado,Routt,185,8,0,40.48596505,-106.9905548,8107.0,721.5851470473517,4.3243243243243255,177,180,8,0,172,175,25733,5,0,0,5,5
2020-10-17,US,Colorado,Saguache,119,2,0,38.08054629,-106.28246599999999,8109.0,1743.8452520515827,1.680672268907563,117,118,2,0,116,117,6843,1,0,0,1,1
2020-10-17,US,Colorado,San Juan,6,0,0,37.76248981,-107.67632890000002,8111.0,824.1758241758242,0.0,6,6,0,0,6,6,762,0,0,0,0,0
2020-10-17,US,Colorado,San Miguel,100,0,0,38.00450883,-108.4020725,8113.0,1222.643354933366,0.0,100,99,0,0,99,99,8191,1,0,0,1,0
2020-10-17,US,Colorado,Sedgwick,22,1,0,40.87595412,-102.3519227,8115.0,978.6476868327403,4.545454545454546,21,16,1,0,15,16,2303,6,0,0,6,0
2020-10-17,US,Colorado,Summit,549,4,0,39.63803232,-106.1150762,8117.0,1770.3395569314114,0.7285974499089253,545,540,4,0,536,536,31007,9,0,0,9,4
2020-10-17,US,Colorado,Teller,192,4,0,38.88133511,-105.16148929999999,8119.0,756.2628013234599,2.083333333333333,188,187,4,0,183,186,25083,5,0,0,5,1
2020-10-17,US,Colorado,Washington,78,0,0,39.97015535,-103.202587,8121.0,1589.2420537897312,0.0,78,78,0,0,78,77,4909,0,0,0,0,1
2020-10-17,US,Colorado,Weld,5367,156,0,40.55499405,-104.39296209999999,8123.0,1653.9698975629599,2.906651760760201,5211,5307,155,0,5152,5264,314305,60,1,0,59,43
2020-10-17,US,Colorado,Yuma,179,1,0,40.00346839,-102.4258673,8125.0,1786.6054496456732,0.5586592178770949,178,176,1,0,175,173,10020,3,0,0,3,3
2020-10-17,US,Connecticut,Fairfield,21368,1427,0,41.26809896,-73.3881171,9001.0,2265.1622122434096,6.6782104080868585,19941,21368,1427,0,19941,21183,943823,0,0,0,0,185
2020-10-17,US,Connecticut,Hartford,16273,1445,0,41.80283011,-72.73103891,9003.0,1824.9001928856592,8.879739445707614,14828,16273,1445,0,14828,16058,892697,0,0,0,0,215
2020-10-17,US,Connecticut,Litchfield,1991,143,0,41.7937534,-73.2451475,9005.0,1104.068584230285,7.18232044198895,1848,1991,143,0,1848,1959,181111,0,0,0,0,32
2020-10-17,US,Connecticut,Middlesex,1754,194,0,41.45949668,-72.53714864,9007.0,1079.8098943583934,11.060433295324971,1560,1754,194,0,1560,1733,162682,0,0,0,0,21
2020-10-17,US,Connecticut,New Haven,15455,1119,0,41.408032500000004,-72.93620426,9009.0,1808.11622484519,7.240375283079909,14336,15455,1119,0,14336,15310,857620,0,0,0,0,145
2020-10-17,US,Connecticut,New London,3083,130,0,41.48896435,-72.10430976,9011.0,1162.492552958832,4.216672072656503,2953,3083,130,0,2953,2924,266784,0,0,0,0,159
2020-10-17,US,Connecticut,Tolland,1565,67,0,41.85853803,-72.3308481,9013.0,1038.3423676859893,4.281150159744409,1498,1565,67,0,1498,1539,150921,0,0,0,0,26
2020-10-17,US,Connecticut,Unassigned,125,0,0,0.0,0.0,90009.0,0.0,0.0,125,125,0,0,125,129,,0,0,0,0,-4
2020-10-17,US,Connecticut,Windham,1216,17,0,41.82972709,-71.98182316,9015.0,1041.2563580003768,1.3980263157894737,1199,1216,17,0,1199,1193,117027,0,0,0,0,23
2020-10-17,US,Delaware,Kent,3316,119,0,39.08646628,-75.56884914,10001.0,1834.2128262144192,3.5886610373944507,3197,3285,119,0,3166,3272,178550,31,0,0,31,13
2020-10-17,US,Delaware,New Castle,12059,332,0,39.57992638,-75.64054974,10003.0,2158.198703183697,2.753130441993532,11727,11958,330,0,11628,11851,559335,101,2,0,99,107
2020-10-17,US,Delaware,Sussex,7476,213,0,38.66143781,-75.39031349,10005.0,3191.802753762408,2.849117174959872,7263,7390,213,0,7177,7346,229286,86,0,0,86,44
2020-10-17,US,Delaware,Unassigned,91,0,0,0.0,0.0,90010.0,0.0,0.0,91,91,0,0,91,91,,0,0,0,0,0
2020-10-17,US,District of Columbia,District of Columbia,16334,641,0,38.90417773,-77.01655992,11001.0,2314.420565951917,3.924329619199217,15693,16255,641,0,15614,16166,702455,79,0,0,79,89
2020-10-17,US,Florida,Alachua,9412,71,0,29.67866525,-82.35928158,12001.0,3498.3255464739836,0.7543561410964726,9341,9307,70,0,9237,9190,269956,105,1,0,104,117
2020-10-17,US,Florida,Baker,1681,17,0,30.33060121,-82.28467476,12003.0,5754.878466278672,1.0113027959547891,1664,1672,17,0,1655,1655,28355,9,0,0,9,17
2020-10-17,US,Florida,Bay,6436,126,0,30.26548745,-85.62122584,12005.0,3683.9243295841557,1.9577377252952144,6310,6408,125,0,6283,6394,185287,28,1,0,27,14
2020-10-17,US,Florida,Bradford,1201,12,0,29.95079741,-82.16611613,12007.0,4258.714229991844,0.9991673605328892,1189,1197,11,0,1186,1194,27732,4,1,0,3,3
2020-10-17,US,Florida,Brevard,10349,345,0,28.29409504,-80.73091022,12009.0,1719.268633855089,3.3336554256449897,10004,10268,342,0,9926,10183,596849,81,3,0,78,85
2020-10-17,US,Florida,Broward,80820,1506,0,26.15184651,-80.48725556,12011.0,4138.719301425968,1.8634001484780995,79314,80443,1500,0,78943,80112,1951260,377,6,0,371,331
2020-10-17,US,Florida,Calhoun,668,14,0,30.40666734,-85.19394153,12013.0,4735.909252038285,2.0958083832335332,654,663,14,0,649,658,14587,5,0,0,5,5
2020-10-17,US,Florida,Charlotte,3349,153,0,26.90131002,-81.92949121,12015.0,1772.8018633211582,4.568527918781727,3196,3332,152,0,3180,3316,184998,17,1,0,16,16
2020-10-17,US,Florida,Citrus,3030,126,0,28.84804315,-82.47614748,12017.0,2024.6296531401806,4.158415841584159,2904,3000,125,0,2875,2988,147929,30,1,0,29,12
2020-10-17,US,Florida,Clay,5684,115,0,29.98319144,-81.85609986,12019.0,2592.450696002773,2.0232230823363833,5569,5627,114,0,5513,5596,216072,57,1,0,56,31
2020-10-17,US,Florida,Collier,13588,244,0,26.11091986,-81.34687065,12021.0,3530.24925825275,1.795702090079482,13344,13492,243,0,13249,13432,378488,96,1,0,95,60
2020-10-17,US,Florida,Columbia,4100,71,0,30.22509788,-82.62160164,12023.0,5719.387328069637,1.7317073170731707,4029,4083,70,0,4013,4051,70503,17,1,0,16,32
2020-10-17,US,Florida,DeSoto,1620,28,0,27.18677893,-81.80941373,12027.0,4263.045709323439,1.728395061728395,1592,1612,27,0,1585,1609,37489,8,1,0,7,3
2020-10-17,US,Florida,Dixie,867,11,0,29.60631086,-83.15724673,12029.0,5152.739807440866,1.268742791234141,856,863,11,0,852,862,16700,4,0,0,4,1
2020-10-17,US,Florida,Duval,32772,505,0,30.33225875,-81.66976468,12031.0,3421.751909413159,1.540949591114366,32267,32625,505,0,32120,32489,950181,147,0,0,147,136
2020-10-17,US,Florida,Escambia,12959,269,0,30.67652764,-87.37284571,12033.0,4071.111725455208,2.0757774519638863,12690,12883,268,0,12615,12837,315534,76,1,0,75,46
2020-10-17,US,Florida,Flagler,1945,35,0,29.45933576,-81.31508595,12035.0,1690.113919760864,1.7994858611825193,1910,1927,35,0,1892,1904,112067,18,0,0,18,23
2020-10-17,US,Florida,Franklin,691,4,0,29.83791238,-84.82731662,12037.0,5698.969072164949,0.5788712011577424,687,687,4,0,683,686,11736,4,0,0,4,1
2020-10-17,US,Florida,Gadsden,3019,53,0,30.57796289,-84.61915825,12039.0,6611.914148050811,1.755548194766479,2966,3015,51,0,2964,3005,45894,4,2,0,2,10
2020-10-17,US,Florida,Gilchrist,540,17,0,29.72856978,-82.79880657,12041.0,2906.038101388441,3.1481481481481484,523,540,17,0,523,538,18256,0,0,0,0,2
2020-10-17,US,Florida,Glades,587,6,0,26.95635849,-81.18996211,12043.0,4250.235319672725,1.0221465076660987,581,587,6,0,581,584,13724,0,0,0,0,3
2020-10-17,US,Florida,Gulf,921,15,0,29.93543004,-85.24270990000002,12045.0,6752.6944790673815,1.6286644951140066,906,920,15,0,905,917,16164,1,0,0,1,3
2020-10-17,US,Florida,Hamilton,890,9,0,30.49673973,-82.94998918,12047.0,6168.561131133906,1.0112359550561798,881,888,9,0,879,888,14310,2,0,0,2,0
2020-10-17,US,Florida,Hardee,1524,11,0,27.49293939,-81.80956574,12049.0,5657.645617552065,0.7217847769028871,1513,1519,11,0,1508,1504,27245,5,0,0,5,15
2020-10-17,US,Florida,Hendry,2147,43,0,26.55386945,-81.16469006,12051.0,5109.228499357479,2.0027945971122496,2104,2143,43,0,2100,2137,41556,4,0,0,4,6
2020-10-17,US,Florida,Hernando,3425,154,0,28.55364461,-82.42700204,12053.0,1766.1922442244227,4.496350364963504,3271,3385,153,0,3232,3359,190865,40,1,0,39,26
2020-10-17,US,Florida,Highlands,2431,102,0,27.34254618,-81.34071957,12055.0,2288.624659907174,4.195804195804196,2329,2416,101,0,2315,2406,105424,15,1,0,14,10
2020-10-17,US,Florida,Hillsborough,45275,745,0,27.9276559,-82.32013172,12057.0,3075.8141481336547,1.6454997239094422,44530,44999,738,0,44261,44811,1436888,276,7,0,269,188
2020-10-17,US,Florida,Holmes,836,11,0,30.86747479,-85.81319222,12059.0,4261.609828210226,1.3157894736842106,825,818,10,0,808,812,19477,18,1,0,17,6
2020-10-17,US,Florida,Indian River,3520,122,0,27.69308961,-80.60556721,12061.0,2201.059259768764,3.4659090909090913,3398,3495,122,0,3373,3476,157413,25,0,0,25,19
2020-10-17,US,Florida,Jackson,3035,83,0,30.795459700000002,-85.21500423,12063.0,6538.975309173958,2.7347611202635917,2952,3018,83,0,2935,3000,48305,17,0,0,17,18
2020-10-17,US,Florida,Jefferson,620,9,0,30.43669112,-83.89442308,12065.0,4352.098834760634,1.4516129032258065,611,611,9,0,602,608,14288,9,0,0,9,3
2020-10-17,US,Florida,Lafayette,1260,15,0,29.98484137,-83.18166636,12067.0,14960.816908097839,1.1904761904761905,1245,1258,15,0,1243,1254,8732,2,0,0,2,4
2020-10-17,US,Florida,Lake,8130,216,0,28.76202069,-81.7125123,12069.0,2214.546821457951,2.656826568265682,7914,8083,214,0,7869,8047,356495,47,2,0,45,36
2020-10-17,US,Florida,Lee,21883,492,0,26.58410348,-81.88399313,12071.0,2839.8200309638105,2.2483206141753866,21391,21753,492,0,21261,21613,754610,130,0,0,130,140
2020-10-17,US,Florida,Leon,11616,98,0,30.45955727,-84.27491114,12073.0,3956.6458434100177,0.84366391184573,11518,11564,97,0,11467,11483,292502,52,1,0,51,81
2020-10-17,US,Florida,Levy,1100,11,0,29.31829741,-82.74007147,12075.0,2650.41081367612,1.0,1089,1096,10,0,1086,1092,40770,4,1,0,3,4
2020-10-17,US,Florida,Liberty,523,10,0,30.23766008,-84.8829258,12077.0,6260.47402441944,1.9120458891013383,513,521,10,0,511,520,8457,2,0,0,2,1
2020-10-17,US,Florida,Madison,1053,24,0,30.44396917,-83.47398594,12079.0,5694.0463959335975,2.2792022792022792,1029,1052,24,0,1028,1049,18529,1,0,0,1,3
2020-10-17,US,Florida,Manatee,12488,319,0,27.47196942,-82.31831044,12081.0,3096.8151507862312,2.5544522741832156,12169,12365,317,0,12048,12304,394855,123,2,0,121,61
2020-10-17,US,Florida,Marion,10416,334,0,29.21227113,-82.05803627,12083.0,2849.1789736281353,3.2066052227342547,10082,10345,335,0,10010,10301,359977,71,-1,0,72,44
2020-10-17,US,Florida,Martin,5169,154,0,27.0772071,-80.43109784,12085.0,3210.5590062111796,2.9792996711162703,5015,5137,153,0,4984,5115,160912,32,1,0,31,22
2020-10-17,US,Florida,Miami-Dade,177893,3537,0,25.6112362,-80.55170587,12086.0,6547.549817073621,1.9882738500109616,174356,177339,3520,0,173819,176809,2761581,554,17,0,537,530
2020-10-17,US,Florida,Monroe,2038,25,0,25.20904673,-81.07812416,12087.0,2745.5946543083473,1.2266928361138372,2013,2022,24,0,1998,2002,75027,16,1,0,15,20
2020-10-17,US,Florida,Nassau,2335,50,0,30.61037141,-81.80297522,12089.0,2634.6967559943578,2.1413276231263385,2285,2319,50,0,2269,2309,85832,16,0,0,16,10
2020-10-17,US,Florida,Okaloosa,5756,128,0,30.69143028,-86.59267105,12091.0,2731.353623931137,2.223766504517026,5628,5706,127,0,5579,5645,207269,50,1,0,49,61
2020-10-17,US,Florida,Okeechobee,1663,37,0,27.386336199999995,-80.88944347,12093.0,3943.748814266743,2.2248947684906795,1626,1660,37,0,1623,1658,41537,3,0,0,3,2
2020-10-17,US,Florida,Orange,43302,530,0,28.51367621,-81.31799498,12095.0,3107.5343822392156,1.2239619417116991,42772,43044,528,0,42516,42778,1380645,258,2,0,256,266
2020-10-17,US,Florida,Osceola,13436,181,0,28.06312234,-81.14882926,12097.0,3575.772253433789,1.3471271211670142,13255,13356,178,0,13178,13313,367990,80,3,0,77,43
2020-10-17,US,Florida,Palm Beach,48870,1487,0,26.64676272,-80.46536002,12099.0,3265.0306994394605,3.0427665234295067,47383,48674,1478,0,47196,48496,1485941,196,9,0,187,178
2020-10-17,US,Florida,Pasco,10169,223,0,28.30810945,-82.40227529,12101.0,1835.7351876623572,2.192939325400728,9946,10089,222,0,9867,10054,539630,80,1,0,79,35
2020-10-17,US,Florida,Pinellas,23982,798,0,27.93130349,-82.72239666,12103.0,2459.702398779072,3.327495621716287,23184,23746,793,0,22953,23623,975280,236,5,0,231,123
2020-10-17,US,Florida,Polk,21713,582,0,27.95027105,-81.69732947,12105.0,2995.818024026701,2.6804218670842355,21131,21572,578,0,20994,21456,708009,141,4,0,137,116
2020-10-17,US,Florida,Putnam,2262,48,0,29.60779729,-81.74230285,12107.0,3035.3859985775816,2.122015915119364,2214,2253,47,0,2206,2240,74163,9,1,0,8,13
2020-10-17,US,Florida,Santa Rosa,5705,85,0,30.69341450000001,-87.02458128,12113.0,3095.278140988428,1.4899211218229622,5620,5667,85,0,5582,5639,179349,38,0,0,38,28
2020-10-17,US,Florida,Sarasota,8969,309,0,27.18546175,-82.33174248,12115.0,2067.819118277686,3.44520013379418,8660,8908,307,0,8601,8841,426718,61,2,0,59,67
2020-10-17,US,Florida,Seminole,9674,233,0,28.7158582,-81.24060348,12117.0,2050.332113957264,2.408517676245607,9441,9605,234,0,9371,9561,467832,69,-1,0,70,44
2020-10-17,US,Florida,St. Johns,5944,78,0,29.90096506,-81.43589967,12109.0,2245.798573328497,1.3122476446837146,5866,5900,78,0,5822,5862,254261,44,0,0,44,38
2020-10-17,US,Florida,St. Lucie,8562,316,0,27.37763908,-80.47106649,12111.0,2608.0043375358287,3.690726465779024,8246,8521,315,0,8206,8486,321128,41,1,0,40,35
2020-10-17,US,Florida,Sumter,2742,79,0,28.70181754,-82.0794267,12119.0,2070.6841866787495,2.8811086797957697,2663,2731,79,0,2652,2716,128754,11,0,0,11,15
2020-10-17,US,Florida,Suwannee,2916,77,0,30.19746066,-82.99099670000003,12121.0,6565.053920796093,2.640603566529492,2839,2895,76,0,2819,2871,44191,21,1,0,20,24
2020-10-17,US,Florida,Taylor,1418,15,0,30.04848048,-83.60445406,12123.0,6574.250081134962,1.0578279266572637,1403,1414,15,0,1399,1408,21623,4,0,0,4,6
2020-10-17,US,Florida,Unassigned,1961,0,0,0.0,0.0,90012.0,0.0,0.0,1961,1948,0,0,1948,1927,,13,0,0,13,21
2020-10-17,US,Florida,Union,1077,27,0,30.04412971,-82.37497443,12125.0,7068.320535538493,2.5069637883008355,1050,1066,27,0,1039,1058,14940,11,0,0,11,8
2020-10-17,US,Florida,Volusia,11903,304,0,29.05858895,-81.18263252,12127.0,2151.336384207749,2.553977988742334,11599,11819,300,0,11519,11739,547538,84,4,0,80,80
2020-10-17,US,Florida,Wakulla,1243,10,0,30.16548905,-84.39895211,12129.0,3684.1637274370905,0.8045052292839904,1233,1233,11,0,1222,1219,32461,10,-1,0,11,14
2020-10-17,US,Florida,Walton,2206,29,0,30.64204028,-86.16935664,12131.0,2978.2235962792456,1.314596554850408,2177,2182,29,0,2153,2165,71375,24,0,0,24,17
2020-10-17,US,Florida,Washington,1162,24,0,30.61359259,-85.66002461,12133.0,4561.692772739763,2.0654044750430294,1138,1151,24,0,1127,1134,24880,11,0,0,11,17
2020-10-17,US,Georgia,Appling,1129,34,0,31.74847232,-82.28909114,13001.0,6140.541716523442,3.0115146147032767,1095,1123,34,0,1089,1117,18507,6,0,0,6,6
2020-10-17,US,Georgia,Atkinson,471,5,0,31.29633502,-82.87545866,13003.0,5768.52418860992,1.0615711252653928,466,471,4,0,467,472,8297,0,1,0,-1,-1
2020-10-17,US,Georgia,Bacon,623,14,0,31.55456473,-82.45936528,13005.0,5580.437119312074,2.247191011235955,609,623,14,0,609,618,11185,0,0,0,0,5
2020-10-17,US,Georgia,Baker,86,6,0,31.32669878,-84.44218806,13007.0,2830.8097432521395,6.9767441860465125,80,86,6,0,80,86,3092,0,0,0,0,0
2020-10-17,US,Georgia,Baldwin,2241,63,0,33.06882326,-83.24701748,13009.0,4992.203163288037,2.8112449799196786,2178,2231,62,0,2169,2225,44823,10,1,0,9,6
2020-10-17,US,Georgia,Banks,536,8,0,34.35607081,-83.49644388,13011.0,2786.731829052719,1.492537313432836,528,534,8,0,526,528,18988,2,0,0,2,6
2020-10-17,US,Georgia,Barrow,2471,50,0,33.99148694,-83.71436292,13013.0,2968.5247477174435,2.0234722784297854,2421,2453,47,0,2406,2435,80809,18,3,0,15,18
2020-10-17,US,Georgia,Bartow,3325,91,0,34.23732119,-84.83887523,13015.0,3086.1905734281318,2.736842105263158,3234,3284,92,0,3192,3257,106408,41,-1,0,42,27
2020-10-17,US,Georgia,Ben Hill,843,32,0,31.76095874,-83.22145359,13017.0,5047.904191616766,3.7959667852906285,811,840,30,0,810,839,16787,3,2,0,1,1
2020-10-17,US,Georgia,Berrien,478,12,0,31.27590016,-83.22529920000002,13019.0,2464.298602876733,2.510460251046025,466,477,12,0,465,473,19252,1,0,0,1,4
2020-10-17,US,Georgia,Bibb,6443,188,0,32.80904227,-83.70489165,13021.0,4206.739401536965,2.9178953903461116,6255,6424,186,0,6238,6398,153095,19,2,0,17,26
2020-10-17,US,Georgia,Bleckley,501,21,0,32.43829035,-83.33035166,13023.0,3891.866697739455,4.1916167664670665,480,491,21,0,470,477,12838,10,0,0,10,14
2020-10-17,US,Georgia,Brantley,403,12,0,31.19576557,-81.97743999,13025.0,2108.9538960699147,2.977667493796526,391,396,11,0,385,383,18897,7,1,0,6,13
2020-10-17,US,Georgia,Brooks,544,26,0,30.83922642,-83.58303423,13027.0,3519.441029954067,4.779411764705882,518,541,26,0,515,536,15513,3,0,0,3,5
2020-10-17,US,Georgia,Bryan,1249,13,0,32.00979311,-81.44002948,13029.0,3151.8913871855048,1.0408326661329064,1236,1247,13,0,1234,1237,38109,2,0,0,2,10
2020-10-17,US,Georgia,Bulloch,3002,33,0,32.39577406,-81.74811421,13031.0,3770.9777911767655,1.0992671552298467,2969,2996,32,0,2964,2987,77296,6,1,0,5,9
2020-10-17,US,Georgia,Burke,868,11,0,33.05917989,-81.99928721,13033.0,3877.943081803154,1.2672811059907834,857,867,11,0,856,867,22423,1,0,0,1,0
2020-10-17,US,Georgia,Butts,721,43,0,33.283094500000004,-83.95435040000002,13035.0,2891.401989092076,5.963938973647712,678,713,43,0,670,712,24193,8,0,0,8,1
2020-10-17,US,Georgia,Calhoun,261,9,0,31.53169785,-84.62725131,13037.0,4217.1594764905485,3.4482758620689653,252,261,9,0,252,260,6352,0,0,0,0,1
2020-10-17,US,Georgia,Camden,1378,17,0,30.92951916,-81.66601818,13039.0,2520.7624483225404,1.2336719883889695,1361,1377,16,0,1361,1369,53677,1,1,0,0,8
2020-10-17,US,Georgia,Candler,518,24,0,32.40209349,-82.07702563,13043.0,4794.964361751366,4.633204633204633,494,513,24,0,489,509,10836,5,0,0,5,4
2020-10-17,US,Georgia,Carroll,3147,74,0,33.58138199,-85.07976677,13045.0,2622.6748449896663,2.3514458214172227,3073,3126,74,0,3052,3078,118121,21,0,0,21,48
2020-10-17,US,Georgia,Catoosa,1338,20,0,34.89872298,-85.13757014,13047.0,1979.875702870672,1.4947683109118086,1318,1328,20,0,1308,1314,67420,10,0,0,10,14
2020-10-17,US,Georgia,Charlton,643,10,0,30.78371028,-82.13951596,13049.0,4801.3739545997605,1.5552099533437014,633,642,10,0,632,644,12968,1,0,0,1,-2
2020-10-17,US,Georgia,Chatham,9076,181,0,32.00043026,-81.12489526,13051.0,3135.8186780914207,1.9942706037902158,8895,9042,181,0,8861,8984,289195,34,0,0,34,58
2020-10-17,US,Georgia,Chattahoochee,1718,1,0,32.34341231,-84.78809239,13053.0,15751.352342532316,0.05820721769499417,1717,1718,1,0,1717,1718,10684,0,0,0,0,0
2020-10-17,US,Georgia,Chattooga,873,27,0,34.47197698,-85.34535662,13055.0,3521.7233450320705,3.0927835051546397,846,865,27,0,838,863,24790,8,0,0,8,2
2020-10-17,US,Georgia,Cherokee,6715,100,0,34.24393976,-84.47431861,13057.0,2594.938420932632,1.4892032762472078,6615,6680,100,0,6580,6625,254149,35,0,0,35,55
2020-10-17,US,Georgia,Clarke,5533,46,0,33.95436462,-83.37124007,13059.0,4311.506962464253,0.8313753840592807,5487,5517,46,0,5471,5477,127330,16,0,0,16,40
2020-10-17,US,Georgia,Clay,122,3,0,31.62221166,-84.97713865,13061.0,4304.8694424841215,2.459016393442623,119,122,3,0,119,122,2887,0,0,0,0,0
2020-10-17,US,Georgia,Clayton,7799,173,0,33.54187245,-84.35594188,13063.0,2668.5508595204205,2.218233106808565,7626,7754,171,0,7583,7686,289615,45,2,0,43,68
2020-10-17,US,Georgia,Clinch,419,11,0,30.91395822,-82.70432472,13065.0,6331.217890601391,2.6252983293556085,408,419,11,0,408,417,6648,0,0,0,0,2
2020-10-17,US,Georgia,Cobb,21118,447,0,33.94243204,-84.5761255,13067.0,2778.168787106603,2.116677715692774,20671,21041,446,0,20595,20924,756865,77,1,0,76,117
2020-10-17,US,Georgia,Coffee,2183,58,0,31.54892966,-82.85492059999999,13069.0,5044.716104730433,2.6568941823179117,2125,2181,57,0,2124,2169,43093,2,1,0,1,12
2020-10-17,US,Georgia,Colquitt,2068,38,0,31.18810588,-83.7677946,13071.0,4535.087719298245,1.8375241779497096,2030,2050,37,0,2013,2017,45592,18,1,0,17,33
2020-10-17,US,Georgia,Columbia,4135,64,0,33.54534185,-82.263524,13073.0,2638.564518804957,1.54776299879081,4071,4114,63,0,4051,4070,154291,21,1,0,20,44
2020-10-17,US,Georgia,Cook,571,15,0,31.16068491,-83.42947229,13075.0,3306.311522872033,2.626970227670753,556,569,15,0,554,569,17162,2,0,0,2,0
2020-10-17,US,Georgia,Coweta,2837,60,0,33.35334302,-84.76129976,13077.0,1910.3219333508407,2.1149101163200563,2777,2833,60,0,2773,2807,145864,4,0,0,4,26
2020-10-17,US,Georgia,Crawford,189,6,0,32.71391813,-83.98061238,13079.0,1523.7020316027088,3.1746031746031744,183,188,6,0,182,186,12318,1,0,0,1,2
2020-10-17,US,Georgia,Crisp,629,23,0,31.92289565,-83.76811843,13081.0,2811.550151975684,3.656597774244833,606,627,22,0,605,613,22601,2,1,0,1,14
2020-10-17,US,Georgia,Dade,323,5,0,34.854916700000004,-85.50490424,13083.0,2004.2194092827008,1.547987616099071,318,321,5,0,316,316,16226,2,0,0,2,5
2020-10-17,US,Georgia,Dawson,885,10,0,34.44244079,-84.16964071,13085.0,3389.765589091466,1.1299435028248588,875,879,10,0,869,878,25083,6,0,0,6,1
2020-10-17,US,Georgia,DeKalb,20182,386,0,33.76944049,-84.22396017,13089.0,2657.984951869953,1.9125953820235853,19796,20088,387,0,19701,19969,756558,94,-1,0,95,119
2020-10-17,US,Georgia,Decatur,1256,34,0,30.87967778,-84.57619536,13087.0,4756.8550219663675,2.707006369426752,1222,1253,34,0,1219,1248,26575,3,0,0,3,5
2020-10-17,US,Georgia,Dodge,520,14,0,32.17265114,-83.16948926,13091.0,2523.6593059936913,2.6923076923076925,506,517,13,0,504,499,20705,3,1,0,2,18
2020-10-17,US,Georgia,Dooly,356,15,0,32.15630737,-83.79746561,13093.0,2658.700522778193,4.213483146067416,341,355,14,0,341,352,13706,1,1,0,0,3
2020-10-17,US,Georgia,Dougherty,3254,190,0,31.53328528,-84.21722377,13095.0,3699.5770612579017,5.83896742470805,3064,3251,190,0,3061,3245,91243,3,0,0,3,6
2020-10-17,US,Georgia,Douglas,3933,71,0,33.70291126,-84.77026156,13097.0,2687.5217810212994,1.8052377320111876,3862,3911,71,0,3840,3896,145331,22,0,0,22,15
2020-10-17,US,Georgia,Early,524,33,0,31.32155345,-84.90255207,13099.0,5142.296368989205,6.297709923664121,491,523,33,0,490,520,10247,1,0,0,1,3
2020-10-17,US,Georgia,Echols,244,2,0,30.71101099,-82.89687287,13101.0,6090.863704443335,0.819672131147541,242,244,2,0,242,244,4000,0,0,0,0,0
2020-10-17,US,Georgia,Effingham,1671,28,0,32.36616021,-81.34280942,13103.0,2598.9175065322884,1.6756433273488929,1643,1654,28,0,1626,1637,62190,17,0,0,17,17
2020-10-17,US,Georgia,Elbert,742,8,0,34.11302332,-82.83936148,13105.0,3865.7913931436906,1.0781671159029649,734,736,8,0,728,733,19120,6,0,0,6,3
2020-10-17,US,Georgia,Emanuel,1155,36,0,32.59221302,-82.30239915,13107.0,5100.23845270688,3.116883116883117,1119,1148,36,0,1112,1145,22612,7,0,0,7,3
2020-10-17,US,Georgia,Evans,459,6,0,32.15328841,-81.8870105,13109.0,4308.2410362305245,1.30718954248366,453,457,6,0,451,450,10721,2,0,0,2,7
2020-10-17,US,Georgia,Fannin,776,28,0,34.86430205,-84.316964,13111.0,2963.189246983351,3.608247422680413,748,768,28,0,740,760,25964,8,0,0,8,8
2020-10-17,US,Georgia,Fayette,2019,52,0,33.41357794,-84.49089434,13113.0,1764.5362302374563,2.575532441802873,1967,2012,52,0,1960,2005,113459,7,0,0,7,7
2020-10-17,US,Georgia,Floyd,3589,55,0,34.26268279,-85.21577392,13115.0,3643.7288066762776,1.532460295346893,3534,3553,53,0,3500,3519,97927,36,2,0,34,34
2020-10-17,US,Georgia,Forsyth,4527,50,0,34.22604035,-84.12315129999998,13117.0,1853.4136875030704,1.104484205875856,4477,4502,50,0,4452,4466,236612,25,0,0,25,36
2020-10-17,US,Georgia,Franklin,834,17,0,34.37525597,-83.23159927,13119.0,3571.8874469998714,2.0383693045563547,817,828,16,0,812,820,23023,6,1,0,5,8
2020-10-17,US,Georgia,Fulton,29678,605,0,33.79216944,-84.46319413,13121.0,2789.4508791403996,2.038547071905115,29073,29562,603,0,28959,29429,1050114,116,2,0,114,133
2020-10-17,US,Georgia,Gilmer,973,19,0,34.69316688,-84.45802506,13123.0,3101.7883898115974,1.9527235354573484,954,958,17,0,941,952,30816,15,2,0,13,6
2020-10-17,US,Georgia,Glascock,42,2,0,33.22879932,-82.61297636,13125.0,1413.6654325143052,4.761904761904762,40,40,2,0,38,40,2995,2,0,0,2,0
2020-10-17,US,Georgia,Glynn,3621,101,0,31.23279254,-81.53811412,13127.0,4245.41574825306,2.7892847279756974,3520,3604,99,0,3505,3590,85219,17,2,0,15,14
2020-10-17,US,Georgia,Gordon,2129,42,0,34.50487351,-84.87296253,13129.0,3673.0327967841554,1.972757162987318,2087,2092,39,0,2053,2066,57685,37,3,0,34,26
2020-10-17,US,Georgia,Grady,839,25,0,30.87454847,-84.23418364,13131.0,3406.000081191897,2.9797377830750893,814,838,25,0,813,834,24748,1,0,0,1,4
2020-10-17,US,Georgia,Greene,550,25,0,33.5769205,-83.17139104,13133.0,3001.5280506439644,4.545454545454546,525,550,25,0,525,547,17698,0,0,0,0,3
2020-10-17,US,Georgia,Gwinnett,29558,431,0,33.96044201,-84.02137802,13135.0,3157.062750333779,1.4581500778131131,29127,29418,429,0,28989,29295,927781,140,2,0,138,123
2020-10-17,US,Georgia,Habersham,1826,74,0,34.63331566,-83.53094677,13137.0,4028.4151076597245,4.052573932092004,1752,1819,74,0,1745,1808,45388,7,0,0,7,11
2020-10-17,US,Georgia,Hall,10309,167,0,34.32207823,-83.81896936,13139.0,5042.530607852632,1.619943738480939,10142,10233,165,0,10068,10163,202148,76,2,0,74,70
2020-10-17,US,Georgia,Hancock,412,44,0,33.2721566,-82.99766919,13141.0,4871.703913917465,10.679611650485436,368,410,44,0,366,410,8348,2,0,0,2,0
2020-10-17,US,Georgia,Haralson,593,10,0,33.79602175,-85.21005667,13143.0,1990.46723952739,1.6863406408094437,583,576,10,0,566,570,29533,17,0,0,17,6
2020-10-17,US,Georgia,Harris,835,25,0,32.73709786,-84.90538572,13145.0,2369.735497786355,2.9940119760479043,810,833,25,0,808,832,34475,2,0,0,2,1
2020-10-17,US,Georgia,Hart,556,16,0,34.34626973,-82.96567682,13147.0,2121.7324937988933,2.8776978417266186,540,554,16,0,538,551,26099,2,0,0,2,3
2020-10-17,US,Georgia,Heard,210,6,0,33.29686567,-85.12886832,13149.0,1761.3016858173278,2.8571428571428568,204,207,6,0,201,205,11879,3,0,0,3,2
2020-10-17,US,Georgia,Henry,5853,109,0,33.4533428,-84.14814659999998,13151.0,2495.2997301341657,1.862292841277977,5744,5816,109,0,5707,5770,230220,37,0,0,37,46
2020-10-17,US,Georgia,Houston,3412,88,0,32.45802497,-83.66879087,13153.0,2161.3677682547527,2.5791324736225087,3324,3392,86,0,3306,3369,155469,20,2,0,18,23
2020-10-17,US,Georgia,Irwin,347,6,0,31.60213036,-83.27501387,13155.0,3685.216652506372,1.7291066282420748,341,345,6,0,339,343,9398,2,0,0,2,2
2020-10-17,US,Georgia,Jackson,2245,40,0,34.13794553,-83.56814788,13157.0,3076.311714649821,1.7817371937639201,2205,2231,39,0,2192,2200,70422,14,1,0,13,31
2020-10-17,US,Georgia,Jasper,243,4,0,33.31535543,-83.68844964,13159.0,1708.9809409944446,1.6460905349794241,239,242,4,0,238,240,14040,1,0,0,1,2
2020-10-17,US,Georgia,Jeff Davis,774,22,0,31.80405727,-82.63724870000001,13161.0,5120.740985775719,2.842377260981912,752,770,22,0,748,764,15029,4,0,0,4,6
2020-10-17,US,Georgia,Jefferson,831,32,0,33.05867328,-82.41609057,13163.0,5409.451894284598,3.8507821901323696,799,831,32,0,799,829,15430,0,0,0,0,2
2020-10-17,US,Georgia,Jenkins,462,32,0,32.79248718,-81.96040187,13165.0,5325.03457814661,6.926406926406926,430,460,32,0,428,460,8683,2,0,0,2,0
2020-10-17,US,Georgia,Johnson,440,22,0,32.70211082,-82.66166794,13167.0,4562.895364513119,5.0,418,436,22,0,414,436,9708,4,0,0,4,0
2020-10-17,US,Georgia,Jones,625,14,0,33.02512137,-83.56019163,13169.0,2175.047851052723,2.24,611,620,13,0,607,619,28616,5,1,0,4,1
2020-10-17,US,Georgia,Lamar,399,19,0,33.07841647,-84.14263877,13171.0,2091.523824500708,4.761904761904762,380,394,19,0,375,393,19000,5,0,0,5,1
2020-10-17,US,Georgia,Lanier,311,7,0,31.03828570000001,-83.06472457,13173.0,2983.7858581982155,2.2508038585209005,304,311,7,0,304,310,10340,0,0,0,0,1
2020-10-17,US,Georgia,Laurens,1896,85,0,32.46325233,-82.92221316,13175.0,3987.717158120557,4.483122362869199,1811,1890,85,0,1805,1879,47325,6,0,0,6,11
2020-10-17,US,Georgia,Lee,737,27,0,31.779330600000005,-84.14324253,13177.0,2457.3219525206728,3.663500678426052,710,734,26,0,708,731,29764,3,1,0,2,3
2020-10-17,US,Georgia,Liberty,1187,24,0,31.82588896,-81.49251135,13179.0,1932.1233824367212,2.0219039595619206,1163,1183,24,0,1159,1176,61497,4,0,0,4,7
2020-10-17,US,Georgia,Lincoln,221,7,0,33.79201475,-82.45024131,13181.0,2790.05176114127,3.1674208144796383,214,221,7,0,214,220,7915,0,0,0,0,1
2020-10-17,US,Georgia,Long,268,4,0,31.75218791,-81.74952375,13183.0,1370.2132010839,1.492537313432836,264,268,4,0,264,269,18998,0,0,0,0,-1
2020-10-17,US,Georgia,Lowndes,4281,85,0,30.83568832,-83.27056716,13185.0,3646.3213123690443,1.985517402476057,4196,4258,85,0,4173,4220,116321,23,0,0,23,38
2020-10-17,US,Georgia,Lumpkin,1009,14,0,34.57286511,-84.00425681,13187.0,3002.0827134781316,1.3875123885034688,995,1002,14,0,988,995,32955,7,0,0,7,7
2020-10-17,US,Georgia,Macon,242,10,0,32.35207048,-84.04234127,13193.0,1869.1588785046729,4.132231404958676,232,241,10,0,231,240,13143,1,0,0,1,1
2020-10-17,US,Georgia,Madison,752,11,0,34.12920917,-83.21218732,13195.0,2516.7336010709505,1.4627659574468086,741,750,11,0,739,745,29650,2,0,0,2,5
2020-10-17,US,Georgia,Marion,195,9,0,32.3483402,-84.52733571,13197.0,2332.814930015552,4.615384615384615,186,195,9,0,186,195,8351,0,0,0,0,0
2020-10-17,US,Georgia,McDuffie,660,15,0,33.47851918,-82.48252774,13189.0,3096.846846846847,2.272727272727273,645,657,15,0,642,653,21531,3,0,0,3,4
2020-10-17,US,Georgia,McIntosh,300,7,0,31.49683595,-81.40163426,13191.0,2086.521073862846,2.333333333333333,293,300,7,0,293,300,14340,0,0,0,0,0
2020-10-17,US,Georgia,Meriwether,571,16,0,33.04163534,-84.68859732,13199.0,2697.595313459631,2.8021015761821366,555,569,14,0,555,569,21068,2,2,0,0,0
2020-10-17,US,Georgia,Miller,295,2,0,31.16568912,-84.73151117,13201.0,5159.146554739419,0.6779661016949152,293,295,2,0,293,295,5686,0,0,0,0,0
2020-10-17,US,Georgia,Mitchell,844,45,0,31.22483255,-84.19381821,13205.0,3860.4034213054015,5.331753554502369,799,843,45,0,798,841,22192,1,0,0,1,2
2020-10-17,US,Georgia,Monroe,740,54,0,33.014289,-83.92097166,13207.0,2683.298281238669,7.297297297297297,686,735,55,0,680,736,27520,5,-1,0,6,-1
2020-10-17,US,Georgia,Montgomery,357,8,0,32.17201038,-82.53527476,13209.0,3892.280854775403,2.2408963585434174,349,353,7,0,346,351,9193,4,1,0,3,2
2020-10-17,US,Georgia,Morgan,512,4,0,33.59232073,-83.49129491,13211.0,2656.152728781905,0.78125,508,513,4,0,509,510,18853,-1,0,0,-1,3
2020-10-17,US,Georgia,Murray,946,8,0,34.78897608,-84.74993177,13213.0,2359.3375897845167,0.8456659619450317,938,934,8,0,926,919,39921,12,0,0,12,15
2020-10-17,US,Georgia,Muscogee,6249,173,0,32.50931999,-84.87142262,13215.0,3192.0273383426384,2.7684429508721395,6076,6244,173,0,6071,6237,194160,5,0,0,5,7
2020-10-17,US,Georgia,Newton,2772,93,0,33.55514538,-83.84547140000002,13217.0,2480.6701030927834,3.354978354978355,2679,2762,93,0,2669,2750,109541,10,0,0,10,12
2020-10-17,US,Georgia,Oconee,822,27,0,33.83749973,-83.43679568,13219.0,2040.7149950347568,3.2846715328467155,795,817,27,0,790,813,39272,5,0,0,5,4
2020-10-17,US,Georgia,Oglethorpe,389,11,0,33.878629600000004,-83.08278123,13221.0,2549.3151582672517,2.8277634961439593,378,387,11,0,376,385,15054,2,0,0,2,2
2020-10-17,US,Georgia,Out of GA,14609,178,0,0.0,0.0,80013.0,0.0,1.2184269970566088,14431,14664,174,0,14490,14841,,-55,4,0,-59,-177
2020-10-17,US,Georgia,Paulding,3018,59,0,33.91969522,-84.86848792,13223.0,1789.3245270266266,1.9549370444002647,2959,2993,59,0,2934,2987,164044,25,0,0,25,6
2020-10-17,US,Georgia,Peach,733,24,0,32.56934316,-83.82937,13225.0,2661.0034124736803,3.2742155525238745,709,729,24,0,705,726,27297,4,0,0,4,3
2020-10-17,US,Georgia,Pickens,691,9,0,34.46589159,-84.46406611,13227.0,2120.217237887761,1.3024602026049203,682,677,9,0,668,673,31980,14,0,0,14,4
2020-10-17,US,Georgia,Pierce,643,24,0,31.35928155,-82.21598442,13229.0,3303.3650141279218,3.7325038880248833,619,641,24,0,617,639,19389,2,0,0,2,2
2020-10-17,US,Georgia,Pike,373,11,0,33.09310242,-84.38790389,13231.0,1967.0920788946314,2.949061662198392,362,372,11,0,361,370,18634,1,0,0,1,2
2020-10-17,US,Georgia,Polk,1611,25,0,34.00267074,-85.18677781,13233.0,3780.5364560110775,1.5518311607697082,1586,1597,25,0,1572,1584,42470,14,0,0,14,13
2020-10-17,US,Georgia,Pulaski,325,23,0,32.23334561,-83.47549959999998,13235.0,2918.200592619197,7.0769230769230775,302,324,22,0,302,323,11069,1,1,0,0,1
2020-10-17,US,Georgia,Putnam,765,27,0,33.32056115,-83.37552891,13237.0,3458.56503458565,3.5294117647058822,738,761,27,0,734,755,21809,4,0,0,4,6
2020-10-17,US,Georgia,Quitman,38,1,0,31.86728114,-85.01773177,13239.0,1652.892561983471,2.631578947368421,37,38,1,0,37,38,2279,0,0,0,0,0
2020-10-17,US,Georgia,Rabun,409,11,0,34.88389445,-83.40304637,13241.0,2386.648771663652,2.6894865525672373,398,408,11,0,397,404,16867,1,0,0,1,4
2020-10-17,US,Georgia,Randolph,338,29,0,31.76622818,-84.75732369,13243.0,4986.721746827973,8.579881656804734,309,338,29,0,309,338,6833,0,0,0,0,0
2020-10-17,US,Georgia,Richmond,7667,173,0,33.35777107,-82.07026432,13245.0,3785.8363207221087,2.256423633755054,7494,7652,173,0,7479,7610,201554,15,0,0,15,42
2020-10-17,US,Georgia,Rockdale,2012,40,0,33.65145002,-84.02202167,13247.0,2213.5187466995253,1.9880715705765408,1972,2003,40,0,1963,1983,90594,9,0,0,9,20
2020-10-17,US,Georgia,Schley,108,2,0,32.2654021,-84.31258912,13249.0,2054.4036522731594,1.851851851851852,106,108,2,0,106,108,5236,0,0,0,0,0
2020-10-17,US,Georgia,Screven,441,11,0,32.74976524,-81.60779441,13251.0,3157.668623800659,2.4943310657596367,430,440,11,0,429,437,13938,1,0,0,1,3
2020-10-17,US,Georgia,Seminole,380,11,0,30.93464824,-84.86823924,13253.0,4697.156983930779,2.8947368421052637,369,379,11,0,368,379,8315,1,0,0,1,0
2020-10-17,US,Georgia,Spalding,1467,62,0,33.26310031,-84.28013991,13255.0,2199.3013807474927,4.226312201772324,1405,1463,62,0,1401,1455,66100,4,0,0,4,8
2020-10-17,US,Georgia,Stephens,1239,41,0,34.55151201,-83.29405315,13257.0,4779.1706846673105,3.3091202582728005,1198,1231,42,0,1189,1224,26035,8,-1,0,9,7
2020-10-17,US,Georgia,Stewart,526,16,0,32.07996777,-84.83208037,13259.0,7944.419272013291,3.041825095057034,510,525,16,0,509,524,6199,1,0,0,1,1
2020-10-17,US,Georgia,Sumter,954,68,0,32.03650571,-84.19821492,13261.0,3231.269475680802,7.127882599580713,886,953,68,0,885,951,29733,1,0,0,1,2
2020-10-17,US,Georgia,Talbot,167,7,0,32.69642758,-84.53351366,13263.0,2695.7223567393053,4.1916167664670665,160,167,7,0,160,167,6272,0,0,0,0,0
2020-10-17,US,Georgia,Taliaferro,25,0,0,33.56543317,-82.88136816,13265.0,1626.545217957059,0.0,25,25,0,0,25,25,1608,0,0,0,0,0
2020-10-17,US,Georgia,Tattnall,898,13,0,32.04785085,-82.05539188,13267.0,3551.372300877956,1.447661469933185,885,888,13,0,875,879,25391,10,0,0,10,9
2020-10-17,US,Georgia,Taylor,224,12,0,32.55792548,-84.25077141,13269.0,2793.017456359102,5.357142857142857,212,224,12,0,212,224,8039,0,0,0,0,0
2020-10-17,US,Georgia,Telfair,429,23,0,31.92829517,-82.93491155,13271.0,2704.918032786885,5.361305361305361,406,429,22,0,407,420,15876,0,1,0,-1,9
2020-10-17,US,Georgia,Terrell,337,32,0,31.77527543,-84.44069698,13273.0,3950.2989098581643,9.495548961424332,305,335,32,0,303,336,8611,2,0,0,2,-1
2020-10-17,US,Georgia,Thomas,1569,68,0,30.86392347,-83.91847289,13275.0,3529.7293649186745,4.3339706819630335,1501,1567,69,0,1498,1558,44448,2,-1,0,3,9
2020-10-17,US,Georgia,Tift,1904,61,0,31.45743864,-83.5236119,13277.0,4684.578289538431,3.2037815126050417,1843,1893,60,0,1833,1888,40571,11,1,0,10,5
2020-10-17,US,Georgia,Toombs,1441,56,0,32.12059861,-82.32957247,13279.0,5370.853522176668,3.8861901457321295,1385,1433,56,0,1377,1431,26887,8,0,0,8,2
2020-10-17,US,Georgia,Towns,401,12,0,34.91369188,-83.74107459999998,13281.0,3331.394865830357,2.9925187032418954,389,402,11,0,391,398,11852,-1,1,0,-2,4
2020-10-17,US,Georgia,Treutlen,290,11,0,32.40422134,-82.56904553,13283.0,4202.289523257498,3.7931034482758617,279,289,11,0,278,285,6809,1,0,0,1,4
2020-10-17,US,Georgia,Troup,2957,104,0,33.03349196,-85.02812115,13285.0,4228.998026372245,3.5170781197159284,2853,2954,104,0,2850,2947,70034,3,0,0,3,7
2020-10-17,US,Georgia,Turner,330,24,0,31.71612656,-83.62069378,13287.0,4132.748904195366,7.272727272727272,306,330,24,0,306,330,7912,0,0,0,0,0
2020-10-17,US,Georgia,Twiggs,210,9,0,32.67435595,-83.43078662,13289.0,2586.2068965517237,4.285714285714286,201,209,9,0,200,206,8188,1,0,0,1,3
2020-10-17,US,Georgia,Unassigned,1927,6,0,0.0,0.0,90013.0,0.0,0.3113648157758173,1921,1937,6,0,1931,2043,,-10,0,0,-10,-106
2020-10-17,US,Georgia,Union,854,24,0,34.82995757,-83.98967069,13291.0,3484.1499734812933,2.8103044496487115,830,852,23,0,829,850,24001,2,1,0,1,2
2020-10-17,US,Georgia,Upson,826,68,0,32.87920671,-84.30024826,13293.0,3138.297872340425,8.232445520581113,758,826,68,0,758,828,26215,0,0,0,0,-2
2020-10-17,US,Georgia,Walker,1746,43,0,34.73376362,-85.30165174,13295.0,2502.831094737748,2.4627720504009165,1703,1725,42,0,1683,1718,69410,21,1,0,20,7
2020-10-17,US,Georgia,Walton,2033,64,0,33.78017694,-83.73552314,13297.0,2149.2076580719504,3.148057058534186,1969,2022,64,0,1958,2008,93503,11,0,0,11,14
2020-10-17,US,Georgia,Ware,1698,61,0,31.05449097,-82.42224148,13299.0,4751.7770190854635,3.5924617196702004,1637,1634,62,0,1572,1624,35680,64,-1,0,65,10
2020-10-17,US,Georgia,Warren,163,5,0,33.41146451,-82.67795848,13301.0,3102.398172820708,3.0674846625766867,158,163,5,0,158,163,5251,0,0,0,0,0
2020-10-17,US,Georgia,Washington,723,11,0,32.96711864,-82.79357039,13303.0,3548.640424069893,1.5214384508990315,712,722,11,0,711,719,20386,1,0,0,1,3
2020-10-17,US,Georgia,Wayne,1196,30,0,31.5521809,-81.91894878,13305.0,3996.391218632005,2.508361204013378,1166,1193,29,0,1164,1191,29808,3,1,0,2,2
2020-10-17,US,Georgia,Webster,44,2,0,32.04066113,-84.54742852,13307.0,1687.7637130801688,4.545454545454546,42,44,2,0,42,44,2611,0,0,0,0,0
2020-10-17,US,Georgia,Wheeler,355,16,0,32.12009104,-82.72574721,13309.0,4519.414385741567,4.507042253521127,339,360,14,0,346,356,7879,-5,2,0,-7,4
2020-10-17,US,Georgia,White,982,22,0,34.64624278,-83.74905525,13311.0,3188.518734982791,2.240325865580448,960,976,22,0,954,973,29970,6,0,0,6,3
2020-10-17,US,Georgia,Whitfield,5065,63,0,34.80987459,-84.96093476,13313.0,4840.960354780747,1.2438302073050345,5002,5027,63,0,4964,4993,104062,38,0,0,38,34
2020-10-17,US,Georgia,Wilcox,252,25,0,31.97496928,-83.43438555,13315.0,2918.355529820498,9.92063492063492,227,251,25,0,226,251,8812,1,0,0,1,0
2020-10-17,US,Georgia,Wilkes,277,6,0,33.78290391,-82.74286107,13317.0,2833.1799120384576,2.166064981949458,271,277,6,0,271,273,9876,0,0,0,0,4
2020-10-17,US,Georgia,Wilkinson,359,17,0,32.80291082,-83.17140684,13319.0,4009.3812821085553,4.735376044568246,342,359,18,0,341,359,9036,0,-1,0,1,0
2020-10-17,US,Georgia,Worth,584,32,0,31.55162306,-83.85090513,13321.0,2884.377932533215,5.479452054794519,552,584,32,0,552,581,20299,0,0,0,0,3
2020-10-17,US,Hawaii,Hawaii,1038,18,0,19.60121157,-155.5210167,15001.0,515.1032439594468,1.7341040462427746,1020,1026,18,0,1008,1005,200983,12,0,0,12,21
2020-10-17,US,Hawaii,Honolulu,12398,149,0,21.45803166,-157.97121819999995,15003.0,1272.1599321952506,1.2018067430230683,12249,12317,148,0,12169,12249,980080,81,1,0,80,68
2020-10-17,US,Hawaii,Kauai,60,0,0,22.03935037,-159.5966786,15007.0,82.99558740126983,0.0,60,59,0,0,59,59,72133,1,0,0,1,0
2020-10-17,US,Hawaii,Maui,411,18,0,20.86399628,-156.56890969999995,15009.0,245.49478248923347,4.37956204379562,393,411,18,0,393,411,167207,0,0,0,0,0
2020-10-17,US,Hawaii,Out of HI,42,1,0,0.0,0.0,80015.0,0.0,2.380952380952381,41,40,1,0,39,40,,2,0,0,2,0
2020-10-17,US,Idaho,Ada,15013,157,0,43.4526575,-116.24155159999998,16001.0,3117.4014248723493,1.0457603410377672,14856,14913,156,0,14757,14827,469966,100,1,0,99,86
2020-10-17,US,Idaho,Adams,32,2,0,44.89333571,-116.4545247,16003.0,745.2258965999067,6.25,30,32,2,0,30,31,4250,0,0,0,0,1
2020-10-17,US,Idaho,Bannock,1859,9,0,42.67002716,-112.2233311,16005.0,2117.11916909621,0.4841312533620226,1850,1708,9,0,1699,1553,87138,151,0,0,151,155
2020-10-17,US,Idaho,Bear Lake,61,1,0,42.28269683,-111.32892379999998,16007.0,995.9183673469388,1.639344262295082,60,57,1,0,56,53,6050,4,0,0,4,4
2020-10-17,US,Idaho,Benewah,164,3,0,47.21754179,-116.6586851,16009.0,1763.8201763820175,1.8292682926829267,161,164,3,0,161,162,9226,0,0,0,0,2
2020-10-17,US,Idaho,Bingham,1351,13,0,43.21672879999999,-112.3978437,16011.0,2886.0737860759223,0.9622501850481124,1338,1267,11,0,1256,1197,46236,84,2,0,82,70
2020-10-17,US,Idaho,Blaine,808,6,0,43.4085812,-113.9752658,16013.0,3509.8388427957093,0.7425742574257426,802,803,6,0,797,788,22601,5,0,0,5,15
2020-10-17,US,Idaho,Boise,75,2,0,43.98829931,-115.7309284,16015.0,957.7320904099092,2.6666666666666665,73,74,2,0,72,74,7634,1,0,0,1,0
2020-10-17,US,Idaho,Bonner,429,1,0,48.29996017,-116.6017932,16017.0,937.9304313605458,0.2331002331002331,428,427,1,0,426,418,44727,2,0,0,2,9
2020-10-17,US,Idaho,Bonneville,3743,22,0,43.38713372,-111.6161537,16019.0,3143.740236179469,0.5877638258081752,3721,3685,22,0,3663,3612,116854,58,0,0,58,73
2020-10-17,US,Idaho,Boundary,94,1,0,48.76684761,-116.4630179,16021.0,767.660269497754,1.0638297872340423,93,89,1,0,88,78,11948,5,0,0,5,11
2020-10-17,US,Idaho,Butte,77,0,0,43.72592209,-113.1735463,16023.0,2964.959568733153,0.0,77,71,0,0,71,62,2611,6,0,0,6,9
2020-10-17,US,Idaho,Camas,38,0,0,43.46665742,-114.8065892,16025.0,3435.8047016274872,0.0,38,38,0,0,38,38,1127,0,0,0,0,0
2020-10-17,US,Idaho,Canyon,9150,106,0,43.61970148,-116.70954990000001,16027.0,3980.874400149664,1.1584699453551912,9044,9102,105,0,8997,9027,223499,48,1,0,47,75
2020-10-17,US,Idaho,Caribou,198,4,0,42.77149116,-111.5597683,16029.0,2767.2955974842766,2.0202020202020203,194,182,3,0,179,161,7060,16,1,0,15,21
2020-10-17,US,Idaho,Cassia,1113,8,0,42.28347888,-113.6012409,16031.0,4631.710362047441,0.7187780772686433,1105,1070,8,0,1062,1031,23864,43,0,0,43,39
2020-10-17,US,Idaho,Clark,40,0,0,44.28496071,-112.35057040000001,16033.0,4733.727810650888,0.0,40,40,0,0,40,40,852,0,0,0,0,0
2020-10-17,US,Idaho,Clearwater,120,0,0,46.67459924,-115.6622393,16035.0,1370.4888076747372,0.0,120,120,0,0,120,112,8758,0,0,0,0,8
2020-10-17,US,Idaho,Custer,93,1,0,44.24186819,-114.2855494,16037.0,2155.2723059096174,1.075268817204301,92,92,1,0,91,90,4280,1,0,0,1,2
2020-10-17,US,Idaho,Elmore,448,4,0,43.3507101,-115.4701578,16039.0,1628.439533277598,0.8928571428571429,444,440,4,0,436,437,27259,8,0,0,8,3
2020-10-17,US,Idaho,Franklin,269,1,0,42.18332217,-111.81496659999999,16041.0,1938.5990198904583,0.3717472118959108,268,237,1,0,236,208,13726,32,0,0,32,29
2020-10-17,US,Idaho,Fremont,353,3,0,44.22800938,-111.48099429999999,16043.0,2694.86220322162,0.8498583569405099,350,338,3,0,335,329,13168,15,0,0,15,9
2020-10-17,US,Idaho,Gem,387,4,0,44.06482372,-116.398376,16045.0,2136.7049469964663,1.0335917312661498,383,384,4,0,380,380,17634,3,0,0,3,4
2020-10-17,US,Idaho,Gooding,436,2,0,42.96927962,-114.81083059999999,16047.0,2872.3894854733508,0.4587155963302753,434,432,2,0,430,413,15196,4,0,0,4,19
2020-10-17,US,Idaho,Idaho,288,0,0,45.84721541,-115.4634436,16049.0,1727.965440691186,0.0,288,287,0,0,287,271,16513,1,0,0,1,16
2020-10-17,US,Idaho,Jefferson,828,3,0,43.82078483,-112.3131749,16051.0,2771.919252786984,0.3623188405797101,825,814,3,0,811,798,29439,14,0,0,14,16
2020-10-17,US,Idaho,Jerome,953,7,0,42.68891267,-114.2655033,16053.0,3903.8177945272814,0.7345225603357818,946,944,7,0,937,930,24015,9,0,0,9,14
2020-10-17,US,Idaho,Kootenai,3356,46,0,47.67282258,-116.7020872,16055.0,2025.3836822634084,1.3706793802145412,3310,3277,46,0,3231,3217,161505,79,0,0,79,60
2020-10-17,US,Idaho,Latah,807,0,0,46.81587887,-116.71136979999999,16057.0,2012.067417971477,0.0,807,806,0,0,806,775,40134,1,0,0,1,31
2020-10-17,US,Idaho,Lemhi,171,0,0,44.9438088,-113.9309747,16059.0,2130.310203064657,0.0,171,165,0,0,165,159,7961,6,0,0,6,6
2020-10-17,US,Idaho,Lewis,65,2,0,46.23315327,-116.434146,16061.0,1693.5904116727465,3.0769230769230766,63,64,2,0,62,61,3861,1,0,0,1,3
2020-10-17,US,Idaho,Lincoln,131,0,0,43.0012336,-114.1358773,16063.0,2441.297055534849,0.0,131,130,0,0,130,124,5360,1,0,0,1,6
2020-10-17,US,Idaho,Madison,1902,2,0,43.78141028,-111.65384740000002,16065.0,4766.081138647355,0.10515247108307044,1900,1838,2,0,1836,1758,39304,64,0,0,64,80
2020-10-17,US,Idaho,Minidoka,1038,8,0,42.85518524,-113.6357257,16067.0,4933.694567232283,0.7707129094412332,1030,996,8,0,988,941,20825,42,0,0,42,55
2020-10-17,US,Idaho,Nez Perce,616,24,0,46.32638236,-116.75009750000001,16069.0,1524.4506038408233,3.8961038961038965,592,612,24,0,588,588,40408,4,0,0,4,24
2020-10-17,US,Idaho,Oneida,34,0,0,42.19494279999999,-112.5407838,16071.0,750.3862282056941,0.0,34,31,0,0,31,29,4488,3,0,0,3,2
2020-10-17,US,Idaho,Owyhee,365,5,0,42.58016894,-116.16938710000001,16073.0,3087.2029095830158,1.3698630136986298,360,364,5,0,359,363,11693,1,0,0,1,1
2020-10-17,US,Idaho,Payette,1068,10,0,44.00545243,-116.7647695,16075.0,4459.104004008183,0.9363295880149812,1058,1052,10,0,1042,1038,23551,16,0,0,16,14
2020-10-17,US,Idaho,Power,336,2,0,42.69254894,-112.83957420000002,16077.0,4374.430412706679,0.5952380952380952,334,328,1,0,327,312,7768,8,1,0,7,16
2020-10-17,US,Idaho,Shoshone,229,19,0,47.35364087,-115.89167490000001,16079.0,1777.6742741810278,8.296943231441048,210,229,19,0,210,226,12796,0,0,0,0,3
2020-10-17,US,Idaho,Teton,253,1,0,43.75303583,-111.2056773,16081.0,2083.6764948113987,0.3952569169960474,252,252,1,0,251,248,11640,1,0,0,1,4
2020-10-17,US,Idaho,Twin Falls,3262,42,0,42.35440512,-114.6685381,16083.0,3754.6904855084135,1.2875536480686696,3220,3220,42,0,3178,3125,86081,42,0,0,42,95
2020-10-17,US,Idaho,Unassigned,2,0,0,0.0,0.0,90016.0,0.0,0.0,2,4,0,0,4,5,,-2,0,0,-2,-1
2020-10-17,US,Idaho,Valley,107,1,0,44.76728382,-115.5676773,16085.0,939.2556179775281,0.9345794392523364,106,107,1,0,106,107,11041,0,0,0,0,0
2020-10-17,US,Idaho,Washington,420,7,0,44.45275475,-116.78476880000001,16087.0,4120.070629782224,1.6666666666666667,413,419,7,0,412,414,10161,1,0,0,1,5
2020-10-17,US,Illinois,Adams,1542,14,0,39.98815591,-91.18786813,17001.0,2356.537021471689,0.9079118028534372,1528,1525,14,0,1511,1488,65691,17,0,0,17,37
2020-10-17,US,Illinois,Alexander,105,1,0,37.18049267,-89.32910838,17003.0,1822.6002430133656,0.9523809523809524,104,105,1,0,104,105,6060,0,0,0,0,0
2020-10-17,US,Illinois,Bond,440,9,0,38.88829622,-89.43534887,17005.0,2678.6801412394984,2.0454545454545454,431,432,9,0,423,417,16630,8,0,0,8,15
2020-10-17,US,Illinois,Boone,1596,24,0,42.32359279,-88.82345779,17007.0,2980.726131779471,1.5037593984962403,1572,1562,24,0,1538,1527,53577,34,0,0,34,35
2020-10-17,US,Illinois,Brown,93,0,0,39.96209138,-90.75068024,17009.0,1413.8035877166312,0.0,93,94,0,0,94,87,6556,-1,0,0,-1,7
2020-10-17,US,Illinois,Bureau,832,17,0,41.40385234,-89.5283051,17011.0,2549.9570920681617,2.043269230769231,815,827,16,0,811,821,32993,5,1,0,4,6
2020-10-17,US,Illinois,Calhoun,70,0,0,39.16840183,-90.66330078,17013.0,1477.1048744460854,0.0,70,67,0,0,67,66,4802,3,0,0,3,1
2020-10-17,US,Illinois,Carroll,350,7,0,42.06823429,-89.93395545,17015.0,2446.696959105208,2.0,343,336,7,0,329,328,14312,14,0,0,14,8
2020-10-17,US,Illinois,Cass,447,11,0,39.96991073,-90.24734436,17017.0,3679.920968140281,2.460850111856823,436,445,11,0,434,442,12260,2,0,0,2,3
2020-10-17,US,Illinois,Champaign,5634,28,0,40.13919438,-88.20046615,17019.0,2686.8362193534235,0.4969826056088037,5606,5596,28,0,5568,5559,209983,38,0,0,38,37
2020-10-17,US,Illinois,Christian,750,25,0,39.54581621,-89.27780482,17021.0,2321.6939078751857,3.333333333333333,725,747,25,0,722,739,32661,3,0,0,3,8
2020-10-17,US,Illinois,Clark,251,6,0,39.33425789,-87.78705622,17023.0,1625.5423871510916,2.3904382470119523,245,247,6,0,241,241,15596,4,0,0,4,6
2020-10-17,US,Illinois,Clay,272,11,0,38.75388572,-88.48914513,17025.0,2063.106796116505,4.044117647058823,261,268,11,0,257,262,13253,4,0,0,4,6
2020-10-17,US,Illinois,Clinton,1541,24,0,38.60704876,-89.42385254,17027.0,4102.5504499227945,1.5574302401038287,1517,1515,23,0,1492,1480,37639,26,1,0,25,35
2020-10-17,US,Illinois,Coles,1759,38,0,39.51949084,-88.22358557,17029.0,3474.8424566879357,2.160318362706083,1721,1730,38,0,1692,1694,50885,29,0,0,29,36
2020-10-17,US,Illinois,Cook,162220,5350,0,41.84144849,-87.81658794,17031.0,3149.7604088980047,3.29799038342991,156870,160645,5339,0,155306,159035,5180493,1575,11,0,1564,1610
2020-10-17,US,Illinois,Crawford,609,6,0,39.0032229,-87.75954624,17033.0,3262.441742111748,0.9852216748768472,603,608,6,0,602,604,18807,1,0,0,1,4
2020-10-17,US,Illinois,Cumberland,247,6,0,39.27432424,-88.2401158,17035.0,2294.259706483373,2.42914979757085,241,246,5,0,241,244,10808,1,1,0,0,2
2020-10-17,US,Illinois,De Witt,222,3,0,40.17514519,-88.90959682,17039.0,1419.6188770942574,1.351351351351351,219,219,3,0,216,219,15769,3,0,0,3,0
2020-10-17,US,Illinois,DeKalb,2037,42,0,41.89373302,-88.76958483,17037.0,1941.90491625118,2.061855670103093,1995,2006,42,0,1964,1984,104143,31,0,0,31,22
2020-10-17,US,Illinois,Douglas,512,8,0,39.76768052,-88.21854195,17041.0,2630.3621885435396,1.5625,504,470,8,0,462,447,19479,42,0,0,42,23
2020-10-17,US,Illinois,DuPage,20477,596,0,41.85116968,-88.08642662,17043.0,2218.7164448528097,2.9105826048737606,19881,20277,595,0,19682,19967,928589,200,1,0,199,310
2020-10-17,US,Illinois,Edgar,137,8,0,39.6809186,-87.74759563,17045.0,798.3217761202727,5.8394160583941614,129,136,8,0,128,135,17360,1,0,0,1,1
2020-10-17,US,Illinois,Edwards,97,0,0,38.41353228,-88.05720863,17047.0,1516.8100078186085,0.0,97,93,0,0,93,87,6392,4,0,0,4,6
2020-10-17,US,Illinois,Effingham,1057,3,0,39.05935711,-88.58969584,17049.0,3108.0922135968012,0.2838221381267739,1054,1044,3,0,1041,1028,34208,13,0,0,13,16
2020-10-17,US,Illinois,Fayette,615,17,0,39.00072038,-89.02452658,17051.0,2882.4521934758154,2.7642276422764227,598,597,17,0,580,589,21416,18,0,0,18,8
2020-10-17,US,Illinois,Ford,163,9,0,40.59706922,-88.22350769,17053.0,1257.6190108787905,5.521472392638037,154,162,9,0,153,162,13264,1,0,0,1,0
2020-10-17,US,Illinois,Franklin,813,6,0,37.99189086,-88.92567818,17055.0,2113.3900023395463,0.7380073800738007,807,801,6,0,795,779,38701,12,0,0,12,22
2020-10-17,US,Illinois,Fulton,372,0,0,40.47289135,-90.20862357,17057.0,1083.2847990681419,0.0,372,364,0,0,364,344,34844,8,0,0,8,20
2020-10-17,US,Illinois,Gallatin,103,2,0,37.76430935,-88.22953869,17059.0,2133.3885666942833,1.9417475728155342,101,101,2,0,99,100,5058,2,0,0,2,1
2020-10-17,US,Illinois,Greene,261,15,0,39.35907414,-90.388865,17061.0,2012.4913254684247,5.747126436781608,246,260,15,0,245,253,13044,1,0,0,1,7
2020-10-17,US,Illinois,Grundy,846,7,0,41.28569601,-88.41905692,17063.0,1657.068985779763,0.8274231678486997,839,838,7,0,831,820,50972,8,0,0,8,18
2020-10-17,US,Illinois,Hamilton,106,2,0,38.08163641,-88.53883373,17065.0,1306.0620995564318,1.8867924528301887,104,103,2,0,101,101,8163,3,0,0,3,2
2020-10-17,US,Illinois,Hancock,276,3,0,40.40423981,-91.16313899,17067.0,1558.6175739778628,1.0869565217391304,273,270,3,0,267,264,17844,6,0,0,6,6
2020-10-17,US,Illinois,Hardin,49,0,0,37.51810645,-88.26873022,17069.0,1282.3868097356712,0.0,49,49,0,0,49,48,3910,0,0,0,0,1
2020-10-17,US,Illinois,Henderson,101,0,0,40.81908672,-90.92491462,17071.0,1519.7111044237133,0.0,101,95,0,0,95,93,6709,6,0,0,6,2
2020-10-17,US,Illinois,Henry,787,5,0,41.3533994,-90.13296166,17073.0,1608.979207981518,0.6353240152477764,782,785,5,0,780,775,49090,2,0,0,2,10
2020-10-17,US,Illinois,Iroquois,445,19,0,40.74717633,-87.82466784,17075.0,1641.2185586781736,4.2696629213483135,426,439,19,0,420,436,27604,6,0,0,6,3
2020-10-17,US,Illinois,Jackson,1415,25,0,37.78595185,-89.38232563,17077.0,2493.392070484581,1.7667844522968197,1390,1410,25,0,1385,1392,57419,5,0,0,5,18
2020-10-17,US,Illinois,Jasper,239,10,0,39.01054275,-88.15437049,17079.0,2486.9927159209155,4.184100418410042,229,237,10,0,227,234,9611,2,0,0,2,3
2020-10-17,US,Illinois,Jefferson,847,44,0,38.29980057,-88.9240025,17081.0,2247.638254962318,5.194805194805196,803,840,43,0,797,834,37820,7,1,0,6,6
2020-10-17,US,Illinois,Jersey,448,21,0,39.08869046,-90.35393073,17083.0,2057.594268130253,4.6875,427,446,21,0,425,438,21847,2,0,0,2,8
2020-10-17,US,Illinois,Jo Daviess,401,5,0,42.36542373,-90.21094405,17085.0,1888.3918059806922,1.2468827930174564,396,392,5,0,387,381,21366,9,0,0,9,11
2020-10-17,US,Illinois,Johnson,308,0,0,37.45939802,-88.88165419,17087.0,2480.4703229443508,0.0,308,298,0,0,298,289,12456,10,0,0,10,9
2020-10-17,US,Illinois,Kane,15091,340,0,41.93842729,-88.42861412,17089.0,2834.506943048781,2.252998475912796,14751,14925,338,0,14587,14702,534216,166,2,0,164,223
2020-10-17,US,Illinois,Kankakee,3102,78,0,41.13746989,-87.86205334,17091.0,2823.542262110648,2.514506769825919,3024,3089,78,0,3011,3051,110024,13,0,0,13,38
2020-10-17,US,Illinois,Kendall,2417,27,0,41.59081014,-88.42869583,17093.0,1873.7886657880454,1.117087298303682,2390,2382,27,0,2355,2349,127915,35,0,0,35,33
2020-10-17,US,Illinois,Knox,1054,9,0,40.93148779,-90.21330340000002,17095.0,2120.767017445019,0.8538899430740038,1045,1029,9,0,1020,982,50112,25,0,0,25,47
2020-10-17,US,Illinois,LaSalle,2128,59,0,41.34426129999999,-88.88633881,17099.0,1958.2401604873514,2.772556390977444,2069,2100,58,0,2042,2069,109430,28,1,0,27,31
2020-10-17,US,Illinois,Lake,19252,501,0,42.3224907,-88.00367925,17097.0,2763.967352681488,2.6023270309578224,18751,19077,501,0,18576,18859,700832,175,0,0,175,218
2020-10-17,US,Illinois,Lawrence,304,8,0,38.71987914,-87.72884035,17101.0,1939.0228345452224,2.631578947368421,296,302,8,0,294,296,15765,2,0,0,2,6
2020-10-17,US,Illinois,Lee,564,1,0,41.74583951,-89.29977132,17103.0,1654.15297982168,0.1773049645390071,563,562,1,0,561,549,34223,2,0,0,2,13
2020-10-17,US,Illinois,Livingston,529,9,0,40.89188292,-88.55784752,17105.0,1483.9542190305206,1.7013232514177694,520,517,9,0,508,499,35761,12,0,0,12,18
2020-10-17,US,Illinois,Logan,529,4,0,40.12581572,-89.36638784,17107.0,1848.4869662450205,0.7561436672967864,525,526,4,0,522,525,28925,3,0,0,3,1
2020-10-17,US,Illinois,Macon,2429,48,0,39.86064913,-88.96342505,17115.0,2335.3748233325964,1.9761218608480855,2381,2371,48,0,2323,2273,104712,58,0,0,58,98
2020-10-17,US,Illinois,Macoupin,709,8,0,39.26119767,-89.92424028,17117.0,1578.150736767128,1.1283497884344147,701,703,8,0,695,685,45313,6,0,0,6,18
2020-10-17,US,Illinois,Madison,6685,152,0,38.83042506,-89.90422563,17119.0,2542.153738506119,2.273747195213164,6533,6650,152,0,6498,6565,264461,35,0,0,35,85
2020-10-17,US,Illinois,Marion,823,12,0,38.64963204,-88.91899208,17121.0,2212.068270393764,1.4580801944106927,811,814,11,0,803,807,37620,9,1,0,8,7
2020-10-17,US,Illinois,Marshall,132,3,0,41.0327901,-89.34510444,17123.0,1154.047910473859,2.272727272727273,129,132,3,0,129,129,11534,0,0,0,0,3
2020-10-17,US,Illinois,Mason,228,1,0,40.23917274,-89.91824452,17125.0,1706.714574444195,0.43859649122807015,227,225,1,0,224,217,13565,3,0,0,3,8
2020-10-17,US,Illinois,Massac,138,2,0,37.22078441,-88.71036614,17127.0,1002.0331106593088,1.4492753623188406,136,136,2,0,134,135,14080,2,0,0,2,1
2020-10-17,US,Illinois,McDonough,635,15,0,40.45674722,-90.67775541,17109.0,2139.3437099925877,2.3622047244094486,620,621,15,0,606,598,29955,14,0,0,14,23
2020-10-17,US,Illinois,McHenry,5485,120,0,42.32451172,-88.45248227,17111.0,1782.1518386868286,2.187784867821331,5365,5396,120,0,5276,5310,308570,89,0,0,89,86
2020-10-17,US,Illinois,McLean,3834,30,0,40.48996987,-88.84621113,17113.0,2235.3469335401155,0.7824726134585289,3804,3815,30,0,3785,3779,172828,19,0,0,19,36
2020-10-17,US,Illinois,Menard,159,1,0,40.02742725,-89.80246001,17129.0,1303.7061331584125,0.6289308176100629,158,156,1,0,155,152,12288,3,0,0,3,4
2020-10-17,US,Illinois,Mercer,210,6,0,41.20596782,-90.74290052,17131.0,1360.3679471399882,2.8571428571428568,204,205,6,0,199,195,15601,5,0,0,5,10
2020-10-17,US,Illinois,Monroe,835,27,0,38.27594376,-90.17761038,17133.0,2410.7168634697,3.2335329341317367,808,829,27,0,802,819,34335,6,0,0,6,10
2020-10-17,US,Illinois,Montgomery,526,14,0,39.23198845,-89.47809254,17135.0,1851.2001126205396,2.661596958174905,512,511,14,0,497,506,28601,15,0,0,15,5
2020-10-17,US,Illinois,Morgan,787,24,0,39.71654544,-90.20255104,17137.0,2338.225681858696,3.0495552731893265,763,786,24,0,762,769,33976,1,0,0,1,17
2020-10-17,US,Illinois,Moultrie,349,5,0,39.64187451,-88.62099969,17139.0,2406.730570305497,1.4326647564469914,344,333,5,0,328,319,14717,16,0,0,16,14
2020-10-17,US,Illinois,Ogle,1011,7,0,42.04165196,-89.32184679,17141.0,1996.327231799064,0.6923837784371909,1004,1001,7,0,994,964,50923,10,0,0,10,37
2020-10-17,US,Illinois,Out of IL,1,0,0,0.0,0.0,80017.0,0.0,0.0,1,2,0,0,2,2,,-1,0,0,-1,0
2020-10-17,US,Illinois,Peoria,4166,59,0,40.78702156,-89.76078901,17143.0,2325.049252423554,1.4162265962554008,4107,4136,59,0,4077,4069,180621,30,0,0,30,67
2020-10-17,US,Illinois,Perry,401,16,0,38.08510853,-89.36856219,17145.0,1917.1925798431823,3.990024937655861,385,394,16,0,378,387,21174,7,0,0,7,7
2020-10-17,US,Illinois,Piatt,198,0,0,40.01360584,-88.59319339,17147.0,1211.4537444933922,0.0,198,195,0,0,195,187,16396,3,0,0,3,8
2020-10-17,US,Illinois,Pike,237,2,0,39.62265059,-90.8877017,17149.0,1523.0383651436282,0.8438818565400844,235,230,2,0,228,209,15611,7,0,0,7,21
2020-10-17,US,Illinois,Pope,36,1,0,37.41391284,-88.56152109,17151.0,861.8625807996167,2.7777777777777777,35,36,1,0,35,36,4212,0,0,0,0,0
2020-10-17,US,Illinois,Pulaski,223,1,0,37.22631423,-89.13085001,17153.0,4179.943767572634,0.4484304932735426,222,218,1,0,217,218,5463,5,0,0,5,0
2020-10-17,US,Illinois,Putnam,82,0,0,41.2013541,-89.2869272,17155.0,1428.8203519776966,0.0,82,81,0,0,81,75,5740,1,0,0,1,6
2020-10-17,US,Illinois,Randolph,1130,14,0,38.05095369,-89.82512254,17157.0,3555.471650619848,1.2389380530973448,1116,1107,14,0,1093,1090,32106,23,0,0,23,17
2020-10-17,US,Illinois,Richland,309,14,0,38.71240969,-88.08475366,17159.0,1991.8777799265133,4.53074433656958,295,306,14,0,292,298,15763,3,0,0,3,8
2020-10-17,US,Illinois,Rock Island,3584,88,0,41.46613806,-90.57042164,17161.0,2526.096180548213,2.455357142857143,3496,3544,87,0,3457,3483,143477,40,1,0,39,61
2020-10-17,US,Illinois,Saline,479,7,0,37.75332999,-88.54119706,17165.0,2039.0787961346896,1.4613778705636744,472,468,7,0,461,463,23906,11,0,0,11,5
2020-10-17,US,Illinois,Sangamon,3350,54,0,39.75836914,-89.65872023,17167.0,1720.843264568094,1.611940298507463,3296,3293,54,0,3239,3204,195348,57,0,0,57,89
2020-10-17,US,Illinois,Schuyler,79,1,0,40.157179799999994,-90.61114163,17169.0,1167.25768321513,1.2658227848101269,78,78,1,0,77,75,6907,1,0,0,1,3
2020-10-17,US,Illinois,Scott,88,0,0,39.642916899999996,-90.47814431,17171.0,1777.4187032922641,0.0,88,88,0,0,88,88,4926,0,0,0,0,0
2020-10-17,US,Illinois,Shelby,565,8,0,39.39133527,-88.80611122,17173.0,2611.6298419155028,1.4159292035398232,557,563,8,0,555,539,21741,2,0,0,2,24
2020-10-17,US,Illinois,St. Clair,7460,211,0,38.46996033,-89.93063427,17163.0,2872.7001070523634,2.8284182305630026,7249,7430,210,0,7220,7382,261059,30,1,0,29,48
2020-10-17,US,Illinois,Stark,78,2,0,41.09309773,-89.79745866,17175.0,1460.1272931486335,2.5641025641025643,76,78,2,0,76,74,5427,0,0,0,0,4
2020-10-17,US,Illinois,Stephenson,749,7,0,42.35129217,-89.662598,17177.0,1683.2217178300145,0.9345794392523364,742,746,7,0,739,732,44753,3,0,0,3,14
2020-10-17,US,Illinois,Tazewell,2374,46,0,40.50716185,-89.51404662,17179.0,1801.17296267915,1.9376579612468408,2328,2334,45,0,2289,2247,132328,40,1,0,39,87
2020-10-17,US,Illinois,Unassigned,3624,260,0,0.0,0.0,90017.0,0.0,7.17439293598234,3364,3623,260,0,3363,3070,,1,0,0,1,553
2020-10-17,US,Illinois,Union,719,25,0,37.47119609,-89.25548938,17181.0,4317.540383114154,3.477051460361613,694,713,25,0,688,695,16841,6,0,0,6,18
2020-10-17,US,Illinois,Vermilion,1479,7,0,40.18417171,-87.73384359,17183.0,1952.2690672932226,0.4732927653820149,1472,1444,7,0,1437,1406,76806,35,0,0,35,38
2020-10-17,US,Illinois,Wabash,201,5,0,38.44272901,-87.84922065,17185.0,1744.791666666667,2.487562189054726,196,200,5,0,195,190,11549,1,0,0,1,10
2020-10-17,US,Illinois,Warren,443,6,0,40.84925021,-90.6147432,17187.0,2630.016623129898,1.3544018058690743,437,432,6,0,426,428,17032,11,0,0,11,4
2020-10-17,US,Illinois,Washington,271,1,0,38.35309213,-89.40982703,17189.0,1951.465399294304,0.3690036900369004,270,271,1,0,270,269,13995,0,0,0,0,2
2020-10-17,US,Illinois,Wayne,429,9,0,38.42955355,-88.42586459,17191.0,2645.698427382053,2.097902097902098,420,422,9,0,413,411,16332,7,0,0,7,11
2020-10-17,US,Illinois,White,231,1,0,38.08706198,-88.17657461,17193.0,1706.4342173302805,0.4329004329004329,230,228,1,0,227,223,13665,3,0,0,3,5
2020-10-17,US,Illinois,Whiteside,1100,21,0,41.75509713,-89.91556058,17195.0,1993.6565473493426,1.9090909090909087,1079,1087,21,0,1066,1064,55626,13,0,0,13,23
2020-10-17,US,Illinois,Will,16481,418,0,41.44619267,-87.97862712,17197.0,2385.981472124944,2.5362538680905287,16063,16321,414,0,15907,16074,692310,160,4,0,156,247
2020-10-17,US,Illinois,Williamson,1668,57,0,37.73033511,-88.92994027,17199.0,2504.6173251047344,3.41726618705036,1611,1655,57,0,1598,1621,67056,13,0,0,13,34
2020-10-17,US,Illinois,Winnebago,8773,163,0,42.33641854,-89.16085327,17201.0,3104.6954404541143,1.8579733272540748,8610,8580,163,0,8417,8397,284081,193,0,0,193,183
2020-10-17,US,Illinois,Woodford,541,10,0,40.78579374,-89.20973757,17203.0,1406.692841727554,1.8484288354898335,531,534,10,0,524,504,38463,7,0,0,7,30
2020-10-17,US,Indiana,Adams,449,5,0,40.7457653,-84.93671406,18001.0,1254.9962266260447,1.11358574610245,444,432,5,0,427,415,35636,17,0,0,17,17
2020-10-17,US,Indiana,Allen,7667,220,0,41.09194313,-85.06800636,18003.0,2021.36045705367,2.8694404591104736,7447,7542,219,0,7323,7406,375351,125,1,0,124,136
2020-10-17,US,Indiana,Bartholomew,1363,57,0,39.20744865,-85.89558181,18005.0,1626.8993423172876,4.181951577402788,1306,1343,57,0,1286,1329,82753,20,0,0,20,14
2020-10-17,US,Indiana,Benton,105,0,0,40.60626947,-87.31093999,18007.0,1200.2743484224966,0.0,105,100,0,0,100,98,8653,5,0,0,5,2
2020-10-17,US,Indiana,Blackford,180,3,0,40.47388153,-85.32499702,18009.0,1530.872597380507,1.6666666666666667,177,176,3,0,173,170,11930,4,0,0,4,6
2020-10-17,US,Indiana,Boone,1171,48,0,40.0509304,-86.46841646,18011.0,1726.0439544241856,4.099060631938514,1123,1158,48,0,1110,1143,66999,13,0,0,13,15
2020-10-17,US,Indiana,Brown,127,3,0,39.19605589,-86.22868909,18013.0,841.5054333421681,2.3622047244094486,124,125,3,0,122,124,15234,2,0,0,2,1
2020-10-17,US,Indiana,Carroll,305,13,0,40.580783200000006,-86.56198812,18015.0,1505.6523670829833,4.262295081967213,292,305,13,0,292,301,20127,0,0,0,0,4
2020-10-17,US,Indiana,Cass,2197,20,0,40.76135835,-86.34830753,18017.0,5829.287059884848,0.9103322712790168,2177,2185,17,0,2168,2160,37955,12,3,0,9,25
2020-10-17,US,Indiana,Clark,2791,57,0,38.48015445,-85.70510334,18019.0,2359.216243174249,2.0422787531350766,2734,2722,57,0,2665,2680,117360,69,0,0,69,42
2020-10-17,US,Indiana,Clay,417,6,0,39.39561833,-87.11723506,18021.0,1590.0857959961868,1.4388489208633093,411,405,6,0,399,393,26170,12,0,0,12,12
2020-10-17,US,Indiana,Clinton,797,15,0,40.30319754,-86.47277257,18023.0,2459.9524676687547,1.8820577164366372,782,783,15,0,768,766,32250,14,0,0,14,17
2020-10-17,US,Indiana,Crawford,140,1,0,38.28814402,-86.44518825,18025.0,1323.6267372600926,0.7142857142857143,139,138,1,0,137,134,10558,2,0,0,2,4
2020-10-17,US,Indiana,Daviess,813,32,0,38.70186039,-87.07185406,18027.0,2437.708014752181,3.9360393603936035,781,805,31,0,774,779,33147,8,1,0,7,26
2020-10-17,US,Indiana,DeKalb,661,11,0,41.39804622,-84.99906934,18033.0,1520.4140310523292,1.6641452344931922,650,643,11,0,632,638,43226,18,0,0,18,5
2020-10-17,US,Indiana,Dearborn,890,28,0,39.14647946,-84.97333539,18029.0,1799.5066521088602,3.1460674157303368,862,854,28,0,826,834,49568,36,0,0,36,20
2020-10-17,US,Indiana,Decatur,493,39,0,39.30712658,-85.50087166,18031.0,1856.2445875221206,7.910750507099391,454,489,39,0,450,484,26794,4,0,0,4,5
2020-10-17,US,Indiana,Delaware,2719,74,0,40.22787247,-85.39732772,18035.0,2382.266614097341,2.7215888194189044,2645,2667,73,0,2594,2609,114772,52,1,0,51,58
2020-10-17,US,Indiana,Dubois,1322,21,0,38.36597551,-86.87924170000002,18037.0,3093.4107076001496,1.5885022692889559,1301,1302,21,0,1281,1265,42565,20,0,0,20,37
2020-10-17,US,Indiana,Elkhart,8155,129,0,41.59761169,-85.85875695,18039.0,3952.195637318807,1.5818516247700798,8026,8039,128,0,7911,7925,205560,116,1,0,115,114
2020-10-17,US,Indiana,Fayette,547,15,0,39.63684962,-85.17797541,18041.0,2367.760367067787,2.742230347349177,532,531,15,0,516,525,23047,16,0,0,16,6
2020-10-17,US,Indiana,Floyd,1696,65,0,38.32117957,-85.90385377,18043.0,2159.9042306614706,3.8325471698113214,1631,1667,65,0,1602,1644,77781,29,0,0,29,23
2020-10-17,US,Indiana,Fountain,270,3,0,40.12361933,-87.24217689,18045.0,1651.780252049431,1.1111111111111112,267,257,3,0,254,240,16351,13,0,0,13,17
2020-10-17,US,Indiana,Franklin,358,25,0,39.4142482,-85.06062647,18047.0,1573.0732050268039,6.983240223463688,333,349,25,0,324,336,22736,9,0,0,9,13
2020-10-17,US,Indiana,Fulton,323,2,0,41.0469907,-86.26252745,18049.0,1617.1022329027735,0.6191950464396285,321,320,2,0,318,314,20092,3,0,0,3,6
2020-10-17,US,Indiana,Gibson,810,9,0,38.30393723,-87.58054938,18051.0,2406.48860631629,1.1111111111111112,801,794,9,0,785,770,33452,16,0,0,16,24
2020-10-17,US,Indiana,Grant,1154,39,0,40.51587228,-85.65468702,18053.0,1754.626039623531,3.379549393414212,1115,1141,39,0,1102,1117,65936,13,0,0,13,24
2020-10-17,US,Indiana,Greene,499,37,0,39.03630547,-86.96223202,18055.0,1563.1852640811978,7.414829659318638,462,493,36,0,457,482,32006,6,1,0,5,11
2020-10-17,US,Indiana,Hamilton,5822,112,0,40.07306535,-86.05244729,18057.0,1722.4291517139975,1.9237375472346272,5710,5759,112,0,5647,5659,330086,63,0,0,63,100
2020-10-17,US,Indiana,Hancock,1112,44,0,39.82304555,-85.77566351,18059.0,1422.577013611708,3.956834532374101,1068,1098,44,0,1054,1090,76351,14,0,0,14,8
2020-10-17,US,Indiana,Harrison,727,24,0,38.19467379,-86.10948271,18061.0,1794.3971368628906,3.3012379642365888,703,716,24,0,692,693,40350,11,0,0,11,23
2020-10-17,US,Indiana,Hendricks,3093,129,0,39.76719009,-86.51037283,18063.0,1816.089389411136,4.1707080504364695,2964,3068,128,0,2940,3029,167009,25,1,0,24,39
2020-10-17,US,Indiana,Henry,1184,28,0,39.93029017,-85.39625719,18065.0,2468.1063953973153,2.3648648648648654,1156,1139,27,0,1112,1088,48271,45,1,0,44,51
2020-10-17,US,Indiana,Howard,1548,66,0,40.48527731,-86.11351892,18067.0,1875.3634425276211,4.263565891472869,1482,1530,66,0,1464,1515,82366,18,0,0,18,15
2020-10-17,US,Indiana,Huntington,359,5,0,40.82907273,-85.48822092,18069.0,983.0230010952904,1.3927576601671308,354,353,5,0,348,353,36240,6,0,0,6,0
2020-10-17,US,Indiana,Jackson,1044,12,0,38.90915820000001,-86.03851889,18071.0,2360.3355112929844,1.1494252873563218,1032,1010,11,0,999,986,44111,34,1,0,33,24
2020-10-17,US,Indiana,Jasper,520,4,0,41.02078733,-87.11553319,18073.0,1549.3713127942315,0.7692307692307693,516,495,4,0,491,478,33370,25,0,0,25,17
2020-10-17,US,Indiana,Jay,272,6,0,40.43781032,-85.00576229,18075.0,1330.9845370914072,2.2058823529411766,266,267,6,0,261,258,20764,5,0,0,5,9
2020-10-17,US,Indiana,Jefferson,325,4,0,38.78576239,-85.43633383,18077.0,1005.9428005447568,1.2307692307692308,321,321,4,0,317,316,32208,4,0,0,4,5
2020-10-17,US,Indiana,Jennings,356,13,0,38.99588883,-85.62710784,18079.0,1283.576708130521,3.651685393258427,343,354,13,0,341,348,27611,2,0,0,2,6
2020-10-17,US,Indiana,Johnson,2919,127,0,39.48994426,-86.10149107,18081.0,1845.5177122914386,4.350805070229532,2792,2885,127,0,2758,2849,156225,34,0,0,34,36
2020-10-17,US,Indiana,Knox,678,10,0,38.68861576,-87.4194665,18083.0,1852.762747991474,1.4749262536873156,668,647,10,0,637,636,36895,31,0,0,31,11
2020-10-17,US,Indiana,Kosciusko,1670,21,0,41.24521668,-85.86312322,18085.0,2101.7921868707213,1.2574850299401197,1649,1620,20,0,1600,1567,79344,50,1,0,49,53
2020-10-17,US,Indiana,LaGrange,758,14,0,41.64232188,-85.42674232,18087.0,1913.4649366385627,1.8469656992084436,744,748,14,0,734,742,39330,10,0,0,10,6
2020-10-17,US,Indiana,LaPorte,2069,52,0,41.54366008,-86.74072188,18091.0,1882.8261502620846,2.5132914451425807,2017,2008,52,0,1956,1972,110007,61,0,0,61,36
2020-10-17,US,Indiana,Lake,12739,348,0,41.41874274,-87.38277575,18089.0,2623.930726086679,2.7317685846612765,12391,12528,346,0,12182,12326,484411,211,2,0,209,202
2020-10-17,US,Indiana,Lawrence,739,32,0,38.84112637,-86.48361629,18093.0,1628.829623098964,4.330175913396482,707,714,32,0,682,670,45668,25,0,0,25,44
2020-10-17,US,Indiana,Madison,2214,87,0,40.16143691,-85.71964711,18095.0,1708.7420602150205,3.9295392953929538,2127,2158,86,0,2072,2111,129641,56,1,0,55,47
2020-10-17,US,Indiana,Marion,24290,780,0,39.78163624,-86.13826325,18097.0,2518.1892260067057,3.2111980238781386,23510,24034,777,0,23257,23852,954670,256,3,0,253,182
2020-10-17,US,Indiana,Marshall,1282,26,0,41.32467367,-86.26185087,18099.0,2771.412512430283,2.0280811232449296,1256,1261,26,0,1235,1239,46248,21,0,0,21,22
2020-10-17,US,Indiana,Martin,191,0,0,38.7099921,-86.80373186,18101.0,1862.506094588006,0.0,191,187,0,0,187,186,10217,4,0,0,4,1
2020-10-17,US,Indiana,Miami,558,5,0,40.76940965,-86.04525048,18103.0,1571.122874197545,0.8960573476702509,553,540,4,0,536,521,35567,18,1,0,17,19
2020-10-17,US,Indiana,Monroe,3140,38,0,39.16130004,-86.52414358,18105.0,2115.4610559788725,1.2101910828025475,3102,3117,38,0,3079,3087,146917,23,0,0,23,30
2020-10-17,US,Indiana,Montgomery,555,22,0,40.04034823,-86.89335024,18107.0,1447.6498513224476,3.963963963963964,533,548,22,0,526,540,38346,7,0,0,7,8
2020-10-17,US,Indiana,Morgan,901,40,0,39.47899078,-86.44573375,18109.0,1278.213621983572,4.439511653718091,861,889,40,0,849,867,70116,12,0,0,12,22
2020-10-17,US,Indiana,Newton,203,11,0,40.95610449,-87.39635768,18111.0,1451.659038901602,5.41871921182266,192,197,11,0,186,192,14011,6,0,0,6,5
2020-10-17,US,Indiana,Noble,1089,33,0,41.39672484,-85.41966713,18113.0,2280.914879356568,3.0303030303030303,1056,1074,33,0,1041,1058,47532,15,0,0,15,16
2020-10-17,US,Indiana,Ohio,114,7,0,38.955304999999996,-84.96515993,18115.0,1940.4255319148936,6.140350877192982,107,109,7,0,102,105,5844,5,0,0,5,4
2020-10-17,US,Indiana,Orange,371,24,0,38.54118920000001,-86.49523093,18117.0,1888.42512470732,6.469002695417791,347,366,24,0,342,360,19489,5,0,0,5,6
2020-10-17,US,Indiana,Owen,197,1,0,39.31145587,-86.83900724,18119.0,947.1609211981344,0.5076142131979695,196,195,1,0,194,190,20845,2,0,0,2,5
2020-10-17,US,Indiana,Parke,207,2,0,39.77202286,-87.20375833,18121.0,1222.1763004073919,0.966183574879227,205,202,2,0,200,187,16927,5,0,0,5,15
2020-10-17,US,Indiana,Perry,275,14,0,38.07809328,-86.63741946,18123.0,1434.6079607699933,5.090909090909091,261,269,14,0,255,263,19102,6,0,0,6,6
2020-10-17,US,Indiana,Pike,307,10,0,38.40112197,-87.23574907,18125.0,2478.004681572362,3.2573289902280136,297,303,9,0,294,294,12410,4,1,0,3,9
2020-10-17,US,Indiana,Porter,2855,47,0,41.45986947,-87.06848888,18127.0,1675.5776487918822,1.6462346760070052,2808,2798,47,0,2751,2746,169594,57,0,0,57,52
2020-10-17,US,Indiana,Posey,651,5,0,38.02097333,-87.86480429,18129.0,2560.2705785188973,0.7680491551459293,646,631,3,0,628,623,25540,20,2,0,18,8
2020-10-17,US,Indiana,Pulaski,139,1,0,41.04166107,-86.69890683,18131.0,1125.2327369869668,0.7194244604316546,138,131,1,0,130,126,12469,8,0,0,8,5
2020-10-17,US,Indiana,Putnam,686,15,0,39.66437981,-86.84517605,18133.0,1825.6333830104322,2.186588921282799,671,678,15,0,663,674,37779,8,0,0,8,4
2020-10-17,US,Indiana,Randolph,323,8,0,40.15734772,-85.01139319,18135.0,1309.5479424285425,2.476780185758514,315,312,8,0,304,299,24851,11,0,0,11,13
2020-10-17,US,Indiana,Ripley,409,8,0,39.10235626,-85.26212744,18137.0,1444.0050840276795,1.9559902200489,401,400,8,0,392,392,28523,9,0,0,9,8
2020-10-17,US,Indiana,Rush,192,4,0,39.62002287,-85.4655599,18139.0,1157.951872625294,2.083333333333333,188,181,4,0,177,178,16663,11,0,0,11,3
2020-10-17,US,Indiana,Scott,500,13,0,38.68672078,-85.74627859,18143.0,2094.4162861810414,2.6,487,493,13,0,480,486,23878,7,0,0,7,7
2020-10-17,US,Indiana,Shelby,765,29,0,39.52305623,-85.79158570000001,18145.0,1710.299805495316,3.7908496732026142,736,757,29,0,728,742,44593,8,0,0,8,15
2020-10-17,US,Indiana,Spencer,359,6,0,38.01519732,-87.0079644,18147.0,1770.478867682596,1.6713091922005572,353,348,6,0,342,345,20327,11,0,0,11,3
2020-10-17,US,Indiana,St. Joseph,8560,154,0,41.61756781,-86.29040834,18141.0,3149.0733042460993,1.7990654205607477,8406,8433,151,0,8282,8321,270771,127,3,0,124,112
2020-10-17,US,Indiana,Starke,372,7,0,41.27890281,-86.64686895,18149.0,1617.7429876060016,1.8817204301075268,365,362,7,0,355,355,22935,10,0,0,10,7
2020-10-17,US,Indiana,Steuben,568,8,0,41.64423868,-85.00101094,18151.0,1641.9032202115975,1.4084507042253518,560,558,8,0,550,544,34586,10,0,0,10,14
2020-10-17,US,Indiana,Sullivan,404,12,0,39.08952258,-87.41414469,18153.0,1954.6180269969518,2.9702970297029703,392,394,12,0,382,391,20690,10,0,0,10,3
2020-10-17,US,Indiana,Switzerland,83,0,0,38.82767338,-85.03022429,18155.0,772.0212073295507,0.0,83,79,0,0,79,77,10717,4,0,0,4,2
2020-10-17,US,Indiana,Tippecanoe,3428,14,0,40.38872739,-86.89413959,18157.0,1751.3743281629984,0.4084014002333721,3414,3377,13,0,3364,3311,193048,51,1,0,50,66
2020-10-17,US,Indiana,Tipton,261,23,0,40.31123252,-86.05234925,18159.0,1722.9997359387378,8.812260536398467,238,258,23,0,235,257,15128,3,0,0,3,1
2020-10-17,US,Indiana,Unassigned,0,233,0,0.0,0.0,90018.0,0.0,0.0,-233,0,233,0,-233,0,,0,0,0,0,0
2020-10-17,US,Indiana,Union,97,0,0,39.62550777,-84.92497066,18161.0,1375.1063226538135,0.0,97,94,0,0,94,92,7037,3,0,0,3,2
2020-10-17,US,Indiana,Vanderburgh,5363,49,0,38.02658833,-87.58763124,18163.0,2955.6188723126347,0.9136677232892038,5314,5225,48,0,5177,5167,180974,138,1,0,137,58
2020-10-17,US,Indiana,Vermillion,196,1,0,39.8523352,-87.46160542,18165.0,1264.6793134598013,0.5102040816326531,195,191,1,0,190,185,15479,5,0,0,5,6
2020-10-17,US,Indiana,Vigo,2422,32,0,39.42944561,-87.39169027,18167.0,2262.7478091892604,1.3212221304706857,2390,2343,32,0,2311,2322,107386,79,0,0,79,21
2020-10-17,US,Indiana,Wabash,366,9,0,40.84704239,-85.79328272,18169.0,1180.7975222609368,2.459016393442623,357,350,9,0,341,344,31280,16,0,0,16,6
2020-10-17,US,Indiana,Warren,72,1,0,40.34728141,-87.35602659,18171.0,871.1433756805808,1.3888888888888888,71,65,1,0,64,60,8263,7,0,0,7,5
2020-10-17,US,Indiana,Warrick,1820,62,0,38.08922676,-87.2716085,18173.0,2888.9806025588123,3.4065934065934065,1758,1790,60,0,1730,1774,62567,30,2,0,28,16
2020-10-17,US,Indiana,Washington,342,2,0,38.60219804,-86.1049363,18175.0,1219.8601797688686,0.5847953216374269,340,339,2,0,337,322,27943,3,0,0,3,17
2020-10-17,US,Indiana,Wayne,1127,21,0,39.863344399999995,-85.01044989,18177.0,1710.5822354441138,1.8633540372670807,1106,1093,19,0,1074,1062,65936,34,2,0,32,31
2020-10-17,US,Indiana,Wells,398,5,0,40.72934187,-85.22132966,18179.0,1406.559230986712,1.256281407035176,393,392,5,0,387,379,28206,6,0,0,6,13
2020-10-17,US,Indiana,White,553,15,0,40.74911165,-86.86492015,18181.0,2294.4154012115177,2.7124773960217,538,545,15,0,530,540,24133,8,0,0,8,5
2020-10-17,US,Indiana,Whitley,419,6,0,41.13863784,-85.50791236,18183.0,1233.6591685313865,1.431980906921241,413,404,6,0,398,390,34074,15,0,0,15,14
2020-10-17,US,Iowa,Adair,122,1,0,41.33075609,-94.47105874,19001.0,1705.8165548098434,0.819672131147541,121,117,1,0,116,113,7063,5,0,0,5,4
2020-10-17,US,Iowa,Adams,66,0,0,41.02903567,-94.69932645,19003.0,1832.3153803442533,0.0,66,63,0,0,63,60,3645,3,0,0,3,3
2020-10-17,US,Iowa,Allamakee,319,8,0,43.28383218,-91.37860922,19005.0,2330.678746255571,2.5078369905956115,311,317,8,0,309,307,13832,2,0,0,2,10
2020-10-17,US,Iowa,Appanoose,196,3,0,40.74324454,-92.86865906,19007.0,1577.3378400128765,1.5306122448979589,193,194,3,0,191,190,12437,2,0,0,2,4
2020-10-17,US,Iowa,Audubon,128,1,0,41.6844628,-94.90581859,19009.0,2328.9665211062593,0.78125,127,127,1,0,126,124,5506,1,0,0,1,3
2020-10-17,US,Iowa,Benton,491,1,0,42.08011739,-92.06463573,19011.0,1914.603236498343,0.20366598778004075,490,483,1,0,482,463,25642,8,0,0,8,20
2020-10-17,US,Iowa,Black Hawk,5155,96,0,42.4704581,-92.30524729,19013.0,3928.2775017526747,1.8622696411251207,5059,5112,96,0,5016,5042,132408,43,0,0,43,70
2020-10-17,US,Iowa,Boone,667,8,0,42.03657094,-93.9313999,19015.0,2542.5020965159715,1.199400299850075,659,661,8,0,653,642,26346,6,0,0,6,19
2020-10-17,US,Iowa,Bremer,610,7,0,42.77461496,-92.31795937,19017.0,2433.96376985077,1.147540983606557,603,602,7,0,595,592,24947,8,0,0,8,10
2020-10-17,US,Iowa,Buchanan,388,3,0,42.4709188,-91.83510825,19019.0,1832.349468713105,0.7731958762886598,385,385,3,0,382,375,21199,3,0,0,3,10
2020-10-17,US,Iowa,Buena Vista,2192,12,0,42.73545875,-95.15100162,19021.0,11172.273190621814,0.5474452554744526,2180,2189,12,0,2177,2177,19874,3,0,0,3,12
2020-10-17,US,Iowa,Butler,340,2,0,42.73172833,-92.79015971,19023.0,2354.733707320452,0.5882352941176471,338,336,2,0,334,330,14539,4,0,0,4,6
2020-10-17,US,Iowa,Calhoun,257,3,0,42.38521079,-94.64046046,19025.0,2658.254033926355,1.1673151750972763,254,256,3,0,253,251,9699,1,0,0,1,5
2020-10-17,US,Iowa,Carroll,1020,8,0,42.03617207,-94.86032705,19027.0,5058.269278452764,0.7843137254901961,1012,1001,8,0,993,981,20154,19,0,0,19,20
2020-10-17,US,Iowa,Cass,290,2,0,41.33149454,-94.92792482,19029.0,2259.2708008725463,0.6896551724137931,288,276,2,0,274,261,12930,14,0,0,14,15
2020-10-17,US,Iowa,Cedar,348,5,0,41.77233777,-91.13246684,19031.0,1868.2557577709772,1.4367816091954022,343,338,5,0,333,325,18627,10,0,0,10,13
2020-10-17,US,Iowa,Cerro Gordo,1220,23,0,43.08177563,-93.2612239,19033.0,2873.96937573616,1.8852459016393444,1197,1218,23,0,1195,1209,42647,2,0,0,2,9
2020-10-17,US,Iowa,Cherokee,356,2,0,42.73538914,-95.62389402,19035.0,3168.669336893636,0.5617977528089888,354,354,2,0,352,348,11321,2,0,0,2,6
2020-10-17,US,Iowa,Chickasaw,318,1,0,43.06001295,-92.31773347,19037.0,2664.878907232045,0.31446540880503143,317,317,1,0,316,317,11964,1,0,0,1,0
2020-10-17,US,Iowa,Clarke,303,3,0,41.02868181,-93.78499767,19039.0,3225.1197445449707,0.99009900990099,300,301,3,0,298,299,9423,2,0,0,2,2
2020-10-17,US,Iowa,Clay,477,4,0,43.08247182,-95.15096481,19041.0,2978.271728271728,0.8385744234800838,473,471,4,0,467,460,16134,6,0,0,6,11
2020-10-17,US,Iowa,Clayton,349,3,0,42.84443388,-91.34133693,19043.0,1988.717305829392,0.8595988538681948,346,339,3,0,336,332,17556,10,0,0,10,7
2020-10-17,US,Iowa,Clinton,1342,25,0,41.89981633,-90.53275096,19045.0,2890.434857524392,1.8628912071535024,1317,1330,25,0,1305,1321,46518,12,0,0,12,9
2020-10-17,US,Iowa,Crawford,1302,12,0,42.03718237,-95.3819718,19047.0,7740.78478002378,0.9216589861751152,1290,1292,12,0,1280,1280,17158,10,0,0,10,12
2020-10-17,US,Iowa,Dallas,3280,43,0,41.68560356,-94.04127625,19049.0,3509.7856676618194,1.3109756097560976,3237,3263,43,0,3220,3214,90180,17,0,0,17,49
2020-10-17,US,Iowa,Davis,154,4,0,40.74773536,-92.41005468,19051.0,1711.111111111111,2.5974025974025974,150,153,4,0,149,150,9017,1,0,0,1,3
2020-10-17,US,Iowa,Decatur,121,0,0,40.73742757,-93.78645949,19053.0,1537.4841168996188,0.0,121,121,0,0,121,119,7890,0,0,0,0,2
2020-10-17,US,Iowa,Delaware,668,8,0,42.47104597,-91.3664492,19055.0,3926.8708482746456,1.1976047904191616,660,653,8,0,645,633,17069,15,0,0,15,20
2020-10-17,US,Iowa,Des Moines,1190,9,0,40.92012606,-91.18326592,19057.0,3053.866091821285,0.7563025210084033,1181,1175,9,0,1166,1104,39138,15,0,0,15,71
2020-10-17,US,Iowa,Dickinson,677,7,0,43.37787725,-95.1510206,19059.0,3922.8184030594507,1.03397341211226,670,671,7,0,664,663,17153,6,0,0,6,8
2020-10-17,US,Iowa,Dubuque,4601,52,0,42.46815349,-90.88181925,19061.0,4728.139675884535,1.1301890893284068,4549,4528,52,0,4476,4423,96854,73,0,0,73,105
2020-10-17,US,Iowa,Emmet,389,14,0,43.37782951,-94.67858943,19063.0,4224.587315377932,3.5989717223650386,375,381,14,0,367,376,9253,8,0,0,8,5
2020-10-17,US,Iowa,Fayette,331,2,0,42.86271799,-91.84412309999999,19065.0,1684.4783715012722,0.6042296072507553,329,329,2,0,327,320,19660,2,0,0,2,9
2020-10-17,US,Iowa,Floyd,411,11,0,43.06000529999999,-92.78940097,19067.0,2627.541235136172,2.67639902676399,400,410,11,0,399,407,15761,1,0,0,1,3
2020-10-17,US,Iowa,Franklin,368,18,0,42.73270384,-93.26256925,19069.0,3654.4190665342603,4.891304347826087,350,366,18,0,348,365,10124,2,0,0,2,1
2020-10-17,US,Iowa,Fremont,178,1,0,40.74542720000001,-95.60129045,19071.0,2557.4712643678163,0.5617977528089888,177,177,1,0,176,176,6993,1,0,0,1,1
2020-10-17,US,Iowa,Greene,170,0,0,42.03614551,-94.39658081,19073.0,1912.6912691269129,0.0,170,168,0,0,168,158,8981,2,0,0,2,10
2020-10-17,US,Iowa,Grundy,279,4,0,42.40183723,-92.78829551,19075.0,2280.9025506867238,1.4336917562724014,275,272,4,0,268,265,12304,7,0,0,7,7
2020-10-17,US,Iowa,Guthrie,360,14,0,41.68378965,-94.50111014,19077.0,3367.948358125175,3.888888888888889,346,357,14,0,343,353,10720,3,0,0,3,4
2020-10-17,US,Iowa,Hamilton,429,3,0,42.38382428,-93.70197703,19079.0,2903.946388682055,0.6993006993006993,426,427,3,0,424,422,14952,2,0,0,2,5
2020-10-17,US,Iowa,Hancock,270,4,0,43.08178477,-93.73454884,19081.0,2539.981185324553,1.4814814814814814,266,267,4,0,263,261,10712,3,0,0,3,6
2020-10-17,US,Iowa,Hardin,418,5,0,42.38353877,-93.23654611,19083.0,2481.301199097709,1.1961722488038278,413,416,5,0,411,408,16868,2,0,0,2,8
2020-10-17,US,Iowa,Harrison,551,8,0,41.68330137,-95.81558439,19085.0,3921.987330059079,1.4519056261343013,543,542,7,0,535,524,14134,9,1,0,8,18
2020-10-17,US,Iowa,Henry,966,5,0,40.98767962,-91.54436349,19087.0,4841.134609602085,0.5175983436853002,961,962,5,0,957,946,20067,4,0,0,4,16
2020-10-17,US,Iowa,Howard,240,8,0,43.35671042,-92.31702714,19089.0,2620.65953264905,3.333333333333333,232,237,8,0,229,230,9187,3,0,0,3,7
2020-10-17,US,Iowa,Humboldt,278,3,0,42.7764426,-94.20722537,19091.0,2908.5582757899133,1.0791366906474822,275,277,3,0,274,270,9547,1,0,0,1,7
2020-10-17,US,Iowa,Ida,176,2,0,42.38696136,-95.51355387,19093.0,2565.597667638484,1.1363636363636365,174,173,2,0,171,172,6841,3,0,0,3,1
2020-10-17,US,Iowa,Iowa,371,4,0,41.68630265,-92.0643373,19095.0,2292.3875432525947,1.0781671159029649,367,366,2,0,364,361,16141,5,2,0,3,5
2020-10-17,US,Iowa,Jackson,518,3,0,42.17178824,-90.57354837,19097.0,2664.7461289160965,0.5791505791505791,515,508,3,0,505,488,19432,10,0,0,10,20
2020-10-17,US,Iowa,Jasper,1014,34,0,41.68576082,-93.05567785,19099.0,2726.9060104881,3.3530571992110447,980,1005,34,0,971,993,37147,9,0,0,9,12
2020-10-17,US,Iowa,Jefferson,187,1,0,41.03192394,-91.94849466,19101.0,1022.137195955179,0.5347593582887701,186,185,1,0,184,182,18381,2,0,0,2,3
2020-10-17,US,Iowa,Johnson,5609,30,0,41.67169354,-91.58754744,19103.0,3711.128754796877,0.5348546978070957,5579,5586,30,0,5556,5559,151260,23,0,0,23,27
2020-10-17,US,Iowa,Jones,396,3,0,42.12118609,-91.13139641,19105.0,1914.8010250954983,0.7575757575757576,393,385,3,0,382,378,20744,11,0,0,11,7
2020-10-17,US,Iowa,Keokuk,136,1,0,41.33649833,-92.1785067,19107.0,1327.3472574663285,0.7352941176470589,135,136,1,0,135,135,10225,0,0,0,0,1
2020-10-17,US,Iowa,Kossuth,411,0,0,43.20405458,-94.20691791,19109.0,2774.5898872611897,0.0,411,411,0,0,411,404,14908,0,0,0,0,7
2020-10-17,US,Iowa,Lee,864,9,0,40.64181461,-91.48183025,19111.0,2567.0737142347807,1.0416666666666667,855,850,9,0,841,825,34055,14,0,0,14,25
2020-10-17,US,Iowa,Linn,4979,122,0,42.07923082,-91.59809485,19113.0,2196.236535424735,2.4502912231371763,4857,4926,122,0,4804,4864,225909,53,0,0,53,62
2020-10-17,US,Iowa,Louisa,488,15,0,41.21842119,-91.26102611,19115.0,4422.292705029452,3.0737704918032787,473,482,15,0,467,476,11169,6,0,0,6,6
2020-10-17,US,Iowa,Lucas,179,6,0,41.02958964,-93.32780803,19117.0,2081.395348837209,3.35195530726257,173,179,6,0,173,178,8645,0,0,0,0,1
2020-10-17,US,Iowa,Lyon,505,7,0,43.38107862,-96.20926845,19119.0,4296.0442364951095,1.3861386138613858,498,500,7,0,493,498,11811,5,0,0,5,2
2020-10-17,US,Iowa,Madison,336,2,0,41.33081904,-94.01554631,19121.0,2056.5552699228792,0.5952380952380952,334,333,2,0,331,329,16249,3,0,0,3,4
2020-10-17,US,Iowa,Mahaska,599,22,0,41.33521503,-92.64083907,19123.0,2711.02059289432,3.6727879799666114,577,592,22,0,570,567,22000,7,0,0,7,25
2020-10-17,US,Iowa,Marion,913,10,0,41.33445101,-93.09934783,19125.0,2745.616936817731,1.095290251916758,903,907,10,0,897,895,33407,6,0,0,6,12
2020-10-17,US,Iowa,Marshall,1914,36,0,42.03586837,-92.99908190000001,19127.0,4861.693210393964,1.8808777429467085,1878,1911,36,0,1875,1890,39981,3,0,0,3,21
2020-10-17,US,Iowa,Mills,326,1,0,41.03299766,-95.61920963,19129.0,2157.654378185188,0.3067484662576687,325,318,1,0,317,307,15063,8,0,0,8,11
2020-10-17,US,Iowa,Mitchell,225,0,0,43.35638371,-92.78887719,19131.0,2125.448705837899,0.0,225,220,0,0,220,211,10569,5,0,0,5,9
2020-10-17,US,Iowa,Monona,225,1,0,42.05220391,-95.95743843,19133.0,2611.72373766686,0.4444444444444444,224,222,1,0,221,220,8679,3,0,0,3,2
2020-10-17,US,Iowa,Monroe,236,11,0,41.02988815,-92.8690667,19135.0,3062.151291034125,4.6610169491525415,225,232,11,0,221,226,7790,4,0,0,4,6
2020-10-17,US,Iowa,Montgomery,150,5,0,41.03018714,-95.15642896,19137.0,1512.5541998588285,3.333333333333333,145,149,5,0,144,144,10003,1,0,0,1,5
2020-10-17,US,Iowa,Muscatine,1320,57,0,41.48370744,-91.11216970000001,19139.0,3093.9433714607158,4.318181818181818,1263,1307,57,0,1250,1264,42929,13,0,0,13,43
2020-10-17,US,Iowa,O'Brien,560,9,0,43.08310673,-95.62474482,19141.0,4071.8388715189412,1.6071428571428572,551,553,9,0,544,540,13840,7,0,0,7,13
2020-10-17,US,Iowa,Osceola,244,0,0,43.37824276,-95.62422844,19143.0,4095.334004699564,0.0,244,240,0,0,240,236,6040,4,0,0,4,4
2020-10-17,US,Iowa,Page,338,0,0,40.7393172,-95.1497813,19145.0,2237.373403058185,0.0,338,336,0,0,336,322,15249,2,0,0,2,14
2020-10-17,US,Iowa,Palo Alto,282,1,0,43.08193849,-94.67824621,19147.0,3173.5313977042547,0.3546099290780142,281,277,1,0,276,273,8929,5,0,0,5,4
2020-10-17,US,Iowa,Plymouth,1516,24,0,42.737633,-96.21366621,19149.0,6021.368709536482,1.5831134564643798,1492,1498,24,0,1474,1469,25095,18,0,0,18,29
2020-10-17,US,Iowa,Pocahontas,202,2,0,42.73420133,-94.67862564,19151.0,3051.8205166943653,0.99009900990099,200,202,2,0,200,197,6740,0,0,0,0,5
2020-10-17,US,Iowa,Polk,17844,281,0,41.68679484,-93.57767461,19153.0,3640.4365096366296,1.5747590226406636,17563,17754,281,0,17473,17573,487204,90,0,0,90,181
2020-10-17,US,Iowa,Pottawattamie,2929,44,0,41.33640314,-95.53907776,19155.0,3142.5015556938392,1.5022191874359851,2885,2860,44,0,2816,2791,93533,69,0,0,69,69
2020-10-17,US,Iowa,Poweshiek,416,11,0,41.68625425,-92.53155731,19157.0,2248.1625594466063,2.644230769230769,405,413,11,0,402,403,18699,3,0,0,3,10
2020-10-17,US,Iowa,Ringgold,80,2,0,40.73518949,-94.24368535,19159.0,1634.6546791990193,2.5,78,80,2,0,78,80,4968,0,0,0,0,0
2020-10-17,US,Iowa,Sac,359,3,0,42.38624071,-95.10547892,19161.0,3693.0356959160576,0.8356545961002786,356,357,3,0,354,346,9719,2,0,0,2,11
2020-10-17,US,Iowa,Scott,3985,33,0,41.63935978,-90.61959493,19163.0,2304.2274044049195,0.8281053952321205,3952,3919,33,0,3886,3821,173283,66,0,0,66,98
2020-10-17,US,Iowa,Shelby,339,1,0,41.6850066,-95.31015553,19165.0,2959.6647459402834,0.2949852507374631,338,334,1,0,333,329,11578,5,0,0,5,5
2020-10-17,US,Iowa,Sioux,2272,11,0,43.08221074,-96.17675679999999,19167.0,6518.433510256778,0.4841549295774648,2261,2250,11,0,2239,2218,34909,22,0,0,22,32
2020-10-17,US,Iowa,Story,3825,17,0,42.03621213,-93.46499005,19169.0,3938.548348898751,0.4444444444444444,3808,3817,17,0,3800,3776,98105,8,0,0,8,41
2020-10-17,US,Iowa,Tama,890,36,0,42.07991767,-92.53266945,19171.0,5280.645544084489,4.044943820224719,854,888,36,0,852,879,16904,2,0,0,2,9
2020-10-17,US,Iowa,Taylor,218,2,0,40.73710579,-94.69778563,19173.0,3561.5095572618848,0.9174311926605504,216,216,2,0,214,208,6191,2,0,0,2,8
2020-10-17,US,Iowa,Unassigned,25,0,0,0.0,0.0,90019.0,0.0,0.0,25,15,0,0,15,7,,10,0,0,10,8
2020-10-17,US,Iowa,Union,208,3,0,41.0277278,-94.24234847,19175.0,1699.2075810799772,1.4423076923076923,205,204,3,0,201,201,12359,4,0,0,4,3
2020-10-17,US,Iowa,Van Buren,151,2,0,40.75326764,-91.95017958,19177.0,2143.66837024418,1.3245033112582782,149,150,2,0,148,144,7020,1,0,0,1,6
2020-10-17,US,Iowa,Wapello,1466,62,0,41.03064984,-92.40954728,19179.0,4192.284594926935,4.229195088676671,1404,1458,62,0,1396,1453,35205,8,0,0,8,5
2020-10-17,US,Iowa,Warren,1136,6,0,41.33559454,-93.56007641,19181.0,2207.2824777523024,0.528169014084507,1130,1126,6,0,1120,1107,51056,10,0,0,10,19
2020-10-17,US,Iowa,Washington,601,11,0,41.33577126,-91.71725711,19183.0,2736.1711814249943,1.8302828618968383,590,595,11,0,584,585,22141,6,0,0,6,10
2020-10-17,US,Iowa,Wayne,111,3,0,40.73969028,-93.32752197,19185.0,1723.3348858872846,2.702702702702702,108,110,3,0,107,110,6401,1,0,0,1,0
2020-10-17,US,Iowa,Webster,1661,14,0,42.42853483,-94.17987389,19187.0,4626.225490196079,0.8428657435279951,1647,1658,14,0,1644,1636,36277,3,0,0,3,22
2020-10-17,US,Iowa,Winnebago,415,16,0,43.37751174,-93.73407298,19189.0,4008.112806644775,3.8554216867469884,399,407,16,0,391,390,10518,8,0,0,8,17
2020-10-17,US,Iowa,Winneshiek,425,9,0,43.29094334,-91.84422722,19191.0,2125.956680506228,2.117647058823529,416,422,9,0,413,408,20029,3,0,0,3,14
2020-10-17,US,Iowa,Woodbury,6734,86,0,42.38979414,-96.0459439,19193.0,6531.079364155684,1.277101277101277,6648,6689,85,0,6604,6605,102539,45,1,0,44,84
2020-10-17,US,Iowa,Worth,126,0,0,43.37750768,-93.26087602,19195.0,1707.0857607370276,0.0,126,126,0,0,126,124,7453,0,0,0,0,2
2020-10-17,US,Iowa,Wright,678,1,0,42.73305373,-93.73515113,19197.0,5397.229740487183,0.14749262536873156,677,678,1,0,677,673,12690,0,0,0,0,5
2020-10-17,US,Kansas,Allen,104,1,0,37.88582951,-95.30030847,20001.0,840.8117066860699,0.9615384615384616,103,104,1,0,103,104,12444,0,0,0,0,0
2020-10-17,US,Kansas,Anderson,114,0,0,38.21413251,-95.29272815,20003.0,1450.7508271824893,0.0,114,114,0,0,114,113,7878,0,0,0,0,1
2020-10-17,US,Kansas,Atchison,460,4,0,39.53185661,-95.30870026,20005.0,2861.9423878554107,0.8695652173913043,456,460,4,0,456,460,16193,0,0,0,0,0
2020-10-17,US,Kansas,Barber,26,0,0,37.2288586,-98.68460053,20007.0,587.3051728032527,0.0,26,26,0,0,26,24,4472,0,0,0,0,2
2020-10-17,US,Kansas,Barton,676,7,0,38.47889676,-98.75636726,20009.0,2622.289460413515,1.0355029585798816,669,676,7,0,669,645,26111,0,0,0,0,31
2020-10-17,US,Kansas,Bourbon,267,3,0,37.85508555,-94.84865997,20011.0,1837.0716939589927,1.1235955056179776,264,267,3,0,264,267,14653,0,0,0,0,0
2020-10-17,US,Kansas,Brown,182,5,0,39.82652589,-95.56421698,20013.0,1902.9694688414886,2.7472527472527477,177,182,5,0,177,182,9598,0,0,0,0,0
2020-10-17,US,Kansas,Butler,759,3,0,37.78134351,-96.83878537,20015.0,1134.3426342454902,0.3952569169960474,756,759,3,0,756,749,66765,0,0,0,0,10
2020-10-17,US,Kansas,Chase,90,2,0,38.30292938,-96.59563862,20017.0,3398.7915407854985,2.2222222222222223,88,90,2,0,88,87,2629,0,0,0,0,3
2020-10-17,US,Kansas,Chautauqua,21,0,0,37.14994405,-96.2454192,20019.0,646.1538461538463,0.0,21,21,0,0,21,22,3309,0,0,0,0,-1
2020-10-17,US,Kansas,Cherokee,621,7,0,37.16928494,-94.8462897,20021.0,3114.499222629019,1.1272141706924317,614,606,7,0,599,606,20015,15,0,0,15,0
2020-10-17,US,Kansas,Cheyenne,94,5,0,39.78580976,-101.7318201,20023.0,3537.824614226571,5.319148936170213,89,94,5,0,89,88,2660,0,0,0,0,6
2020-10-17,US,Kansas,Clark,59,1,0,37.23577007,-99.81883015,20025.0,2958.8766298896694,1.6949152542372878,58,59,1,0,58,58,2005,0,0,0,0,1
2020-10-17,US,Kansas,Clay,76,2,0,39.34948772,-97.16518128,20027.0,949.7625593601599,2.631578947368421,74,76,2,0,74,63,7997,0,0,0,0,13
2020-10-17,US,Kansas,Cloud,97,1,0,39.48028352,-97.64925343,20029.0,1104.0291372638287,1.0309278350515465,96,97,1,0,96,94,8729,0,0,0,0,3
2020-10-17,US,Kansas,Coffey,136,9,0,38.2365018,-95.73379515,20031.0,1662.7949627093774,6.617647058823528,127,136,9,0,127,136,8233,0,0,0,0,0
2020-10-17,US,Kansas,Comanche,19,0,0,37.19114520000001,-99.27113247,20033.0,1117.6470588235297,0.0,19,19,0,0,19,19,1748,0,0,0,0,0
2020-10-17,US,Kansas,Cowley,458,9,0,37.23781842,-96.83776647,20035.0,1312.0201672968947,1.965065502183406,449,458,9,0,449,440,35218,0,0,0,0,18
2020-10-17,US,Kansas,Crawford,1226,10,0,37.50675523,-94.85245778,20037.0,3158.3286104384565,0.8156606851549756,1216,1226,10,0,1216,1226,39019,0,0,0,0,0
2020-10-17,US,Kansas,Decatur,45,1,0,39.78468441,-100.45940809999999,20039.0,1591.7934205871952,2.2222222222222223,44,45,1,0,44,41,2871,0,0,0,0,4
2020-10-17,US,Kansas,Dickinson,267,3,0,38.86600962,-97.15532383,20041.0,1445.900574027943,1.1235955056179776,264,267,3,0,264,260,18717,0,0,0,0,7
2020-10-17,US,Kansas,Doniphan,153,0,0,39.79067154,-95.14056866,20043.0,2013.157894736842,0.0,153,153,0,0,153,141,7682,0,0,0,0,12
2020-10-17,US,Kansas,Douglas,2692,15,0,38.88503636,-95.2925121,20045.0,2201.882887967348,0.5572065378900446,2677,2692,15,0,2677,2684,121436,0,0,0,0,8
2020-10-17,US,Kansas,Edwards,60,0,0,37.88735543,-99.31263309,20047.0,2144.3888491779844,0.0,60,60,0,0,60,60,2849,0,0,0,0,0
2020-10-17,US,Kansas,Elk,13,0,0,37.45338105,-96.24369667,20049.0,513.8339920948616,0.0,13,13,0,0,13,13,2508,0,0,0,0,0
2020-10-17,US,Kansas,Ellis,1277,16,0,38.91458712,-99.31751551,20051.0,4472.38468812384,1.2529365700861397,1261,1277,16,0,1261,1239,28710,0,0,0,0,38
2020-10-17,US,Kansas,Ellsworth,142,0,0,38.69677695,-98.20462799,20053.0,2327.105866928876,0.0,142,142,0,0,142,133,6196,0,0,0,0,9
2020-10-17,US,Kansas,Finney,2567,16,0,38.04340344,-100.73819379999999,20055.0,7039.240957578084,0.6232956758862486,2551,2567,16,0,2551,2567,36611,0,0,0,0,0
2020-10-17,US,Kansas,Ford,3108,13,0,37.69200114,-99.88825298,20057.0,9244.772301377196,0.4182754182754183,3095,3108,13,0,3095,3073,33888,0,0,0,0,35
2020-10-17,US,Kansas,Franklin,484,3,0,38.56443815,-95.28644341,20059.0,1894.7698089570936,0.6198347107438017,481,475,3,0,472,471,25631,9,0,0,9,4
2020-10-17,US,Kansas,Geary,357,4,0,38.99871131,-96.7577178,20061.0,1127.2497631828228,1.1204481792717087,353,357,4,0,353,356,32594,0,0,0,0,1
2020-10-17,US,Kansas,Gove,148,9,0,38.91588178,-100.4829321,20063.0,5614.567526555387,6.081081081081082,139,148,9,0,139,136,2612,0,0,0,0,12
2020-10-17,US,Kansas,Graham,56,1,0,39.34987223,-99.88332493,20065.0,2256.2449637389204,1.7857142857142858,55,56,1,0,55,56,2492,0,0,0,0,0
2020-10-17,US,Kansas,Grant,392,8,0,37.56227336,-101.3079758,20067.0,5482.517482517483,2.0408163265306123,384,379,8,0,371,379,7336,13,0,0,13,0
2020-10-17,US,Kansas,Gray,181,0,0,37.73836671,-100.4369088,20069.0,3022.7120908483635,0.0,181,181,0,0,181,181,6033,0,0,0,0,0
2020-10-17,US,Kansas,Greeley,22,0,0,38.4808095,-101.8061079,20071.0,1785.7142857142858,0.0,22,22,0,0,22,22,1227,0,0,0,0,0
2020-10-17,US,Kansas,Greenwood,71,0,0,37.8774388,-96.23250453,20073.0,1186.8940153794715,0.0,71,71,0,0,71,66,6055,0,0,0,0,5
2020-10-17,US,Kansas,Hamilton,51,0,0,37.99978709,-101.7921066,20075.0,2008.6648286727054,0.0,51,51,0,0,51,48,2607,0,0,0,0,3
2020-10-17,US,Kansas,Harper,133,2,0,37.19175361,-98.07578384,20077.0,2446.651949963208,1.5037593984962403,131,133,2,0,131,126,5506,0,0,0,0,7
2020-10-17,US,Kansas,Harvey,466,7,0,38.04293782,-97.42747573,20079.0,1353.5101222806356,1.502145922746781,459,466,7,0,459,461,34210,0,0,0,0,5
2020-10-17,US,Kansas,Haskell,103,1,0,37.562039399999996,-100.8710738,20081.0,2595.766129032258,0.9708737864077671,102,103,1,0,102,103,3997,0,0,0,0,0
2020-10-17,US,Kansas,Hodgeman,30,0,0,38.08780079,-99.89829881,20083.0,1672.2408026755857,0.0,30,30,0,0,30,30,1818,0,0,0,0,0
2020-10-17,US,Kansas,Jackson,285,4,0,39.41673394,-95.79356799,20085.0,2163.8448105686734,1.4035087719298245,281,285,4,0,281,280,13280,0,0,0,0,5
2020-10-17,US,Kansas,Jefferson,248,4,0,39.2347941,-95.38289232,20087.0,1302.3158115843091,1.6129032258064515,244,248,4,0,244,237,18975,0,0,0,0,11
2020-10-17,US,Kansas,Jewell,21,1,0,39.78470589,-98.21820662,20089.0,729.4199374782913,4.761904761904762,20,21,1,0,20,20,2841,0,0,0,0,1
2020-10-17,US,Kansas,Johnson,12932,173,0,38.88548175,-94.82250877,20091.0,2146.7427842915267,1.3377667800804207,12759,12818,173,0,12645,12685,597555,114,0,0,114,133
2020-10-17,US,Kansas,Kearny,128,3,0,38.00017981,-101.32168100000001,20093.0,3335.070349140177,2.34375,125,128,3,0,125,120,3943,0,0,0,0,8
2020-10-17,US,Kansas,Kingman,107,3,0,37.55909527,-98.13638678,20095.0,1496.0850111856823,2.803738317757009,104,107,3,0,104,107,7310,0,0,0,0,0
2020-10-17,US,Kansas,Kiowa,43,0,0,37.55848695,-99.2856537,20097.0,1737.3737373737374,0.0,43,43,0,0,43,43,2516,0,0,0,0,0
2020-10-17,US,Kansas,Labette,330,5,0,37.19113093,-95.29849679,20099.0,1682.1286573554898,1.5151515151515151,325,330,5,0,325,330,19964,0,0,0,0,0
2020-10-17,US,Kansas,Lane,17,0,0,38.48119447,-100.46607540000001,20101.0,1107.4918566775243,0.0,17,17,0,0,17,16,1560,0,0,0,0,1
2020-10-17,US,Kansas,Leavenworth,2424,17,0,39.20183497,-95.03620809,20103.0,2964.847476699528,0.7013201320132013,2407,2424,17,0,2407,2386,81352,0,0,0,0,38
2020-10-17,US,Kansas,Lincoln,15,1,0,39.04549684,-98.20756994,20105.0,506.41458474004054,6.666666666666668,14,15,1,0,14,15,3023,0,0,0,0,0
2020-10-17,US,Kansas,Linn,109,1,0,38.21267844,-94.84254089,20107.0,1123.3639080696692,0.9174311926605504,108,109,1,0,108,109,9750,0,0,0,0,0
2020-10-17,US,Kansas,Logan,68,0,0,38.91735806,-101.148475,20109.0,2433.78668575519,0.0,68,68,0,0,68,68,2844,0,0,0,0,0
2020-10-17,US,Kansas,Lyon,1243,37,0,38.45576156,-96.15275715,20111.0,3744.5398403373997,2.9766693483507645,1206,1243,37,0,1206,1232,33406,0,0,0,0,11
2020-10-17,US,Kansas,Marion,103,1,0,38.35855394,-97.09852509999999,20115.0,866.7115449343655,0.9708737864077671,102,103,1,0,102,99,11950,0,0,0,0,4
2020-10-17,US,Kansas,Marshall,59,0,0,39.78359669,-96.52278974,20117.0,607.8087977748016,0.0,59,59,0,0,59,56,9722,0,0,0,0,3
2020-10-17,US,Kansas,McPherson,338,5,0,38.39184858,-97.64769869,20113.0,1184.2197463387288,1.4792899408284024,333,338,5,0,333,338,28537,0,0,0,0,0
2020-10-17,US,Kansas,Meade,140,1,0,37.23859987,-100.36483100000001,20119.0,3471.3612695264073,0.7142857142857143,139,140,1,0,139,137,4146,0,0,0,0,3
2020-10-17,US,Kansas,Miami,474,2,0,38.56383358,-94.83832189,20121.0,1384.4670970003212,0.4219409282700422,472,474,2,0,472,474,33680,0,0,0,0,0
2020-10-17,US,Kansas,Mitchell,57,0,0,39.39331582,-98.20906732,20123.0,953.33667837431,0.0,57,57,0,0,57,57,6150,0,0,0,0,0
2020-10-17,US,Kansas,Montgomery,612,6,0,37.19236568,-95.74329258,20125.0,1922.774827987056,0.9803921568627452,606,612,6,0,606,540,32120,0,0,0,0,72
2020-10-17,US,Kansas,Morris,49,0,0,38.68827511,-96.65128437,20127.0,871.8861209964412,0.0,49,49,0,0,49,48,5521,0,0,0,0,1
2020-10-17,US,Kansas,Morton,32,2,0,37.19141121,-101.79925190000002,20129.0,1236.954000773096,6.25,30,32,2,0,30,32,2667,0,0,0,0,0
2020-10-17,US,Kansas,Nemaha,215,1,0,39.78345387,-96.01392079,20131.0,2101.4563581272605,0.4651162790697674,214,215,1,0,214,215,10155,0,0,0,0,0
2020-10-17,US,Kansas,Neosho,206,0,0,37.55862897,-95.30670046,20133.0,1286.9369650777785,0.0,206,206,0,0,206,201,15951,0,0,0,0,5
2020-10-17,US,Kansas,Ness,107,8,0,38.47974157,-99.91547333,20135.0,3890.909090909091,7.4766355140186915,99,107,8,0,99,107,2840,0,0,0,0,0
2020-10-17,US,Kansas,Norton,252,1,0,39.78443827,-99.90286639,20137.0,4700.615556799105,0.3968253968253968,251,252,1,0,251,204,5430,0,0,0,0,48
2020-10-17,US,Kansas,Osage,142,1,0,38.65235984,-95.72707998,20139.0,890.3379522227098,0.7042253521126759,141,142,1,0,141,132,15941,0,0,0,0,10
2020-10-17,US,Kansas,Osborne,21,0,0,39.3503437,-98.76753828,20141.0,613.8555977784274,0.0,21,21,0,0,21,18,3475,0,0,0,0,3
2020-10-17,US,Kansas,Ottawa,104,0,0,39.13237408,-97.65020313,20143.0,1823.2819074333802,0.0,104,104,0,0,104,97,5802,0,0,0,0,7
2020-10-17,US,Kansas,Pawnee,406,1,0,38.18108732,-99.23692334,20145.0,6329.903336451513,0.24630541871921185,405,406,1,0,405,406,6562,0,0,0,0,0
2020-10-17,US,Kansas,Phillips,151,9,0,39.78465501,-99.34668865,20147.0,2884.9828047382507,5.960264900662253,142,151,9,0,142,150,5317,0,0,0,0,1
2020-10-17,US,Kansas,Pottawatomie,350,0,0,39.37925655,-96.34564657,20149.0,1435.4263216175204,0.0,350,350,0,0,350,339,24277,0,0,0,0,11
2020-10-17,US,Kansas,Pratt,101,0,0,37.64780729,-98.73922153,20151.0,1102.1388040157137,0.0,101,101,0,0,101,96,9378,0,0,0,0,5
2020-10-17,US,Kansas,Rawlins,67,0,0,39.78525843,-101.07616170000001,20153.0,2648.221343873518,0.0,67,67,0,0,67,67,2508,0,0,0,0,0
2020-10-17,US,Kansas,Reno,1681,10,0,37.95230263,-98.08607292,20155.0,2711.377786380205,0.594883997620464,1671,1577,9,0,1568,1554,62342,104,1,0,103,23
2020-10-17,US,Kansas,Republic,71,1,0,39.82799632,-97.65036709,20157.0,1531.4926660914582,1.4084507042253518,70,71,1,0,70,62,4664,0,0,0,0,9
2020-10-17,US,Kansas,Rice,117,1,0,38.34616184,-98.19992118,20159.0,1226.8008807801195,0.8547008547008547,116,117,1,0,116,107,9531,0,0,0,0,10
2020-10-17,US,Kansas,Riley,2047,11,0,39.28935726,-96.73420026,20161.0,2757.570858928764,0.537371763556424,2036,2047,11,0,2036,2015,73703,0,0,0,0,32
2020-10-17,US,Kansas,Rooks,131,7,0,39.35022773,-99.32484567,20163.0,2662.60162601626,5.343511450381679,124,131,7,0,124,130,5013,0,0,0,0,1
2020-10-17,US,Kansas,Rush,93,0,0,38.52275276,-99.30863983,20165.0,3063.2411067193675,0.0,93,93,0,0,93,93,3093,0,0,0,0,0
2020-10-17,US,Kansas,Russell,158,3,0,38.91462787,-98.76254297,20167.0,2304.550758459743,1.8987341772151896,155,155,3,0,152,155,6907,3,0,0,3,0
2020-10-17,US,Kansas,Saline,953,13,0,38.78369175,-97.65185177,20169.0,1757.5243434641486,1.3641133263378804,940,953,13,0,940,934,54401,0,0,0,0,19
2020-10-17,US,Kansas,Scott,164,1,0,38.48222076,-100.90665390000001,20171.0,3400.3732116939673,0.6097560975609756,163,160,1,0,159,158,4897,4,0,0,4,2
2020-10-17,US,Kansas,Sedgwick,9909,121,0,37.6842718,-97.4608198,20173.0,1920.1925424674732,1.2211121202946815,9788,9799,120,0,9679,9673,513607,110,1,0,109,126
2020-10-17,US,Kansas,Seward,1978,7,0,37.19324632,-100.85072009999999,20175.0,9230.912824341982,0.3538928210313448,1971,1948,7,0,1941,1948,21780,30,0,0,30,0
2020-10-17,US,Kansas,Shawnee,3175,69,0,39.04100763,-95.75572640000001,20177.0,1795.053003533569,2.173228346456693,3106,3175,69,0,3106,3136,177499,0,0,0,0,39
2020-10-17,US,Kansas,Sheridan,101,0,0,39.35018161,-100.44182590000001,20179.0,4006.346687822293,0.0,101,101,0,0,101,86,2533,0,0,0,0,15
2020-10-17,US,Kansas,Sherman,130,0,0,39.35147699,-101.71976240000001,20181.0,2197.059320601656,0.0,130,130,0,0,130,130,5899,0,0,0,0,0
2020-10-17,US,Kansas,Smith,19,0,0,39.78516566,-98.78566062,20183.0,530.2818866871337,0.0,19,19,0,0,19,19,3603,0,0,0,0,0
2020-10-17,US,Kansas,Stafford,65,1,0,38.03100851,-98.71762001,20185.0,1564.0038498556305,1.5384615384615383,64,65,1,0,64,65,4178,0,0,0,0,0
2020-10-17,US,Kansas,Stanton,48,2,0,37.56304714,-101.78435340000001,20187.0,2392.8215353938185,4.166666666666667,46,48,2,0,46,48,1987,0,0,0,0,0
2020-10-17,US,Kansas,Stevens,201,1,0,37.1923008,-101.3118967,20189.0,3664.539653600729,0.4975124378109453,200,201,1,0,200,194,5559,0,0,0,0,7
2020-10-17,US,Kansas,Sumner,232,3,0,37.23682549,-97.47721621,20191.0,1015.9397442634436,1.293103448275862,229,232,3,0,229,225,22996,0,0,0,0,7
2020-10-17,US,Kansas,Thomas,262,2,0,39.35107575,-101.0553705,20193.0,3368.908319403369,0.7633587786259542,260,256,2,0,254,242,7711,6,0,0,6,14
2020-10-17,US,Kansas,Trego,74,3,0,38.91467218,-99.87284448,20195.0,2640.0285408490904,4.0540540540540535,71,74,3,0,71,69,2793,0,0,0,0,5
2020-10-17,US,Kansas,Wabaunsee,76,1,0,38.95471985,-96.20350509,20197.0,1096.5228682729764,1.3157894736842106,75,76,1,0,75,75,6899,0,0,0,0,1
2020-10-17,US,Kansas,Wallace,27,0,0,38.91686134,-101.76388759999999,20199.0,1778.6561264822135,0.0,27,27,0,0,27,27,1503,0,0,0,0,0
2020-10-17,US,Kansas,Washington,27,0,0,39.78420784,-97.08753229999999,20201.0,499.4450610432852,0.0,27,27,0,0,27,26,5420,0,0,0,0,1
2020-10-17,US,Kansas,Wichita,16,0,0,38.48178252,-101.3471509,20203.0,755.0731477111847,0.0,16,16,0,0,16,10,2105,0,0,0,0,6
2020-10-17,US,Kansas,Wilson,104,2,0,37.55937174,-95.74323255,20205.0,1219.941348973607,1.9230769230769231,102,104,2,0,102,79,8665,0,0,0,0,25
2020-10-17,US,Kansas,Woodson,26,0,0,37.8865336,-95.74006277,20207.0,828.55321861058,0.0,26,26,0,0,26,26,3183,0,0,0,0,0
2020-10-17,US,Kansas,Wyandotte,7879,145,0,39.11727348,-94.76378225,20209.0,4762.768317525948,1.840335067902018,7734,7814,145,0,7669,7734,165324,65,0,0,65,80
2020-10-17,US,Kentucky,Adair,437,20,0,37.10459774,-85.28129668,21001.0,2275.804603687116,4.576659038901601,417,426,20,0,406,422,19215,11,0,0,11,4
2020-10-17,US,Kentucky,Allen,469,9,0,36.75197631,-86.19457544,21003.0,2200.328407224959,1.9189765458422172,460,460,9,0,451,455,21122,9,0,0,9,5
2020-10-17,US,Kentucky,Anderson,222,1,0,38.00671029,-84.99171713,21005.0,975.9528729063173,0.4504504504504505,221,213,1,0,212,210,22663,9,0,0,9,3
2020-10-17,US,Kentucky,Ballard,66,1,0,37.05842757,-88.99427697,21007.0,836.7139959432048,1.5151515151515151,65,63,1,0,62,63,7979,3,0,0,3,0
2020-10-17,US,Kentucky,Barren,947,13,0,36.96469836,-85.93338945,21009.0,2140.161359578748,1.372756071805702,934,926,13,0,913,893,44176,21,0,0,21,33
2020-10-17,US,Kentucky,Bath,103,1,0,38.14735938,-83.74588932,21011.0,824.0,0.9708737864077671,102,102,1,0,101,99,12383,1,0,0,1,3
2020-10-17,US,Kentucky,Bell,596,16,0,36.73355174,-83.67766671,21013.0,2289.4898586355257,2.684563758389262,580,592,16,0,576,580,26569,4,0,0,4,12
2020-10-17,US,Kentucky,Boone,1887,25,0,38.97065142,-84.72615357,21015.0,1412.6260471174792,1.3248542660307363,1862,1868,25,0,1843,1848,131533,19,0,0,19,20
2020-10-17,US,Kentucky,Bourbon,273,1,0,38.2054607,-84.21827874,21017.0,1379.6240145542756,0.3663003663003663,272,263,1,0,262,256,20184,10,0,0,10,7
2020-10-17,US,Kentucky,Boyd,585,17,0,38.36176608,-82.68652187,21019.0,1252.1940151547585,2.9059829059829063,568,568,15,0,553,560,47240,17,2,0,15,8
2020-10-17,US,Kentucky,Boyle,392,0,0,37.62680923,-84.8633779,21021.0,1304.0585495675314,0.0,392,388,0,0,388,378,30100,4,0,0,4,10
2020-10-17,US,Kentucky,Bracken,50,1,0,38.69158994,-84.08532444,21023.0,602.1919788028423,2.0,49,49,1,0,48,48,8239,1,0,0,1,1
2020-10-17,US,Kentucky,Breathitt,108,0,0,37.52333168,-83.31959161,21025.0,855.1068883610451,0.0,108,108,0,0,108,106,12726,0,0,0,0,2
2020-10-17,US,Kentucky,Breckinridge,173,2,0,37.77377239,-86.42885017,21027.0,844.8503198710747,1.1560693641618498,171,164,2,0,162,163,20388,9,0,0,9,1
2020-10-17,US,Kentucky,Bullitt,1191,14,0,37.97162523,-85.68955617,21029.0,1458.2006954307262,1.1754827875734677,1177,1170,14,0,1156,1144,81069,21,0,0,21,26
2020-10-17,US,Kentucky,Butler,386,16,0,37.20946153,-86.68748787,21031.0,2997.127106141781,4.1450777202072535,370,378,16,0,362,377,12772,8,0,0,8,1
2020-10-17,US,Kentucky,Caldwell,236,0,0,37.14749129,-87.86948214,21033.0,1851.4160194555584,0.0,236,230,0,0,230,224,12715,6,0,0,6,6
2020-10-17,US,Kentucky,Calloway,840,9,0,36.62093411,-88.2731593,21035.0,2153.7909284377324,1.0714285714285714,831,828,9,0,819,818,39135,12,0,0,12,10
2020-10-17,US,Kentucky,Campbell,1066,16,0,38.94384345,-84.37875208,21037.0,1139.0836040348775,1.50093808630394,1050,1051,16,0,1035,1037,93152,15,0,0,15,14
2020-10-17,US,Kentucky,Carlisle,98,1,0,36.85372876,-88.96692220000001,21039.0,2058.8235294117653,1.020408163265306,97,96,1,0,95,91,4771,2,0,0,2,5
2020-10-17,US,Kentucky,Carroll,209,5,0,38.66599534,-85.12601074,21041.0,1965.9486407675665,2.392344497607656,204,208,5,0,203,207,10737,1,0,0,1,1
2020-10-17,US,Kentucky,Carter,284,4,0,38.31690743,-83.05092385,21043.0,1059.8201291189312,1.4084507042253518,280,282,4,0,278,280,27004,2,0,0,2,2
2020-10-17,US,Kentucky,Casey,290,15,0,37.32533118,-84.92726209,21045.0,1794.6655114796704,5.172413793103448,275,288,15,0,273,288,15888,2,0,0,2,0
2020-10-17,US,Kentucky,Christian,1680,26,0,36.89267803,-87.49055367,21047.0,2384.297696598118,1.5476190476190477,1654,1655,26,0,1629,1634,71671,25,0,0,25,21
2020-10-17,US,Kentucky,Clark,437,10,0,37.9689263,-84.14615986,21049.0,1205.0850729393594,2.2883295194508007,427,429,10,0,419,408,36249,8,0,0,8,21
2020-10-17,US,Kentucky,Clay,423,6,0,37.16451126,-83.712575,21051.0,2125.521330586403,1.4184397163120568,417,418,6,0,412,408,20105,5,0,0,5,10
2020-10-17,US,Kentucky,Clinton,190,2,0,36.72581156,-85.13377529,21053.0,1859.4636915247602,1.0526315789473684,188,182,2,0,180,177,10206,8,0,0,8,5
2020-10-17,US,Kentucky,Crittenden,146,1,0,37.35839237,-88.08826090000002,21055.0,1657.9604814898933,0.6849315068493149,145,146,1,0,145,139,8915,0,0,0,0,7
2020-10-17,US,Kentucky,Cumberland,118,0,0,36.78926125,-85.39050034,21057.0,1784.094345328092,0.0,118,117,0,0,117,113,6659,1,0,0,1,4
2020-10-17,US,Kentucky,Daviess,1781,25,0,37.73028906,-87.09019479999998,21059.0,1754.4896612189816,1.403705783267827,1756,1758,24,0,1734,1742,101104,23,1,0,22,16
2020-10-17,US,Kentucky,Edmonson,159,12,0,37.21218923,-86.23955613,21061.0,1308.641975308642,7.547169811320754,147,157,12,0,145,157,12274,2,0,0,2,0
2020-10-17,US,Kentucky,Elliott,62,0,0,38.11624059,-83.09771563,21063.0,824.7971265132367,0.0,62,62,0,0,62,62,7508,0,0,0,0,0
2020-10-17,US,Kentucky,Estill,243,0,0,37.69241417,-83.95956369,21065.0,1722.671203743088,0.0,243,241,0,0,241,233,14198,2,0,0,2,8
2020-10-17,US,Kentucky,Fayette,9818,82,0,38.0368225,-84.45576892,21067.0,3038.1987423874834,0.8352006518639234,9736,9705,82,0,9623,9557,323780,113,0,0,113,148
2020-10-17,US,Kentucky,Fleming,117,0,0,38.36758311,-83.69657514,21069.0,802.414100541801,0.0,117,116,0,0,116,109,14432,1,0,0,1,7
2020-10-17,US,Kentucky,Floyd,267,4,0,37.56213922,-82.74750924,21071.0,750.2318132007083,1.49812734082397,263,259,4,0,255,254,35845,8,0,0,8,5
2020-10-17,US,Kentucky,Franklin,787,13,0,38.2379395,-84.87962551,21073.0,1543.4096213057205,1.6518424396442186,774,779,13,0,766,771,50815,8,0,0,8,8
2020-10-17,US,Kentucky,Fulton,214,3,0,36.55238827,-89.20140068,21075.0,3585.1901491037024,1.4018691588785046,211,213,3,0,210,209,6120,1,0,0,1,4
2020-10-17,US,Kentucky,Gallatin,113,8,0,38.75398691,-84.8558382,21077.0,1274.100800541211,7.079646017699115,105,113,8,0,105,110,8832,0,0,0,0,3
2020-10-17,US,Kentucky,Garrard,239,3,0,37.638866799999995,-84.53289319,21079.0,1352.8812408015394,1.2552301255230125,236,233,3,0,230,220,17560,6,0,0,6,13
2020-10-17,US,Kentucky,Grant,214,6,0,38.64962758,-84.62415957,21081.0,853.6439427180983,2.803738317757009,208,214,6,0,208,213,25121,0,0,0,0,1
2020-10-17,US,Kentucky,Graves,840,29,0,36.72292505,-88.65143315,21083.0,2254.065367895669,3.452380952380953,811,836,29,0,807,835,37317,4,0,0,4,1
2020-10-17,US,Kentucky,Grayson,450,15,0,37.46231118,-86.34248968,21085.0,1702.8039505051652,3.333333333333333,435,449,15,0,434,443,26321,1,0,0,1,6
2020-10-17,US,Kentucky,Green,305,8,0,37.26484328,-85.5540745,21087.0,2787.679371172653,2.622950819672131,297,305,8,0,297,304,11049,0,0,0,0,1
2020-10-17,US,Kentucky,Greenup,553,7,0,38.54332505,-82.9215658,21089.0,1575.5883526126847,1.2658227848101269,546,543,7,0,536,534,35268,10,0,0,10,9
2020-10-17,US,Kentucky,Hancock,114,1,0,37.83766422,-86.78280584,21091.0,1307.0396698005045,0.8771929824561403,113,112,1,0,111,111,8758,2,0,0,2,1
2020-10-17,US,Kentucky,Hardin,1683,12,0,37.6976111,-85.96319251,21093.0,1516.7901368085227,0.7130124777183601,1671,1662,12,0,1650,1620,110356,21,0,0,21,42
2020-10-17,US,Kentucky,Harlan,558,13,0,36.85699301,-83.21899516,21095.0,2145.3287197231834,2.3297491039426523,545,548,13,0,535,537,26409,10,0,0,10,11
2020-10-17,US,Kentucky,Harrison,239,1,0,38.44188174,-84.32869741,21097.0,1265.4876628190193,0.41841004184100417,238,236,1,0,235,229,18778,3,0,0,3,7
2020-10-17,US,Kentucky,Hart,259,1,0,37.29943898,-85.88461055,21099.0,1360.6514315734173,0.3861003861003861,258,253,1,0,252,246,18906,6,0,0,6,7
2020-10-17,US,Kentucky,Henderson,1187,18,0,37.79344553,-87.57392021,21101.0,2625.525326255253,1.516427969671441,1169,1171,17,0,1154,1143,45591,16,1,0,15,28
2020-10-17,US,Kentucky,Henry,229,2,0,38.44942688,-85.11587507,21103.0,1420.0669725908472,0.8733624454148472,227,225,2,0,223,222,16106,4,0,0,4,3
2020-10-17,US,Kentucky,Hickman,97,1,0,36.67948079999999,-88.97875928,21105.0,2214.611872146119,1.0309278350515465,96,96,1,0,95,96,4421,1,0,0,1,0
2020-10-17,US,Kentucky,Hopkins,907,41,0,37.30939025,-87.54670406,21107.0,2029.718480060869,4.5203969128996695,866,889,40,0,849,877,45068,18,1,0,17,12
2020-10-17,US,Kentucky,Jackson,418,17,0,37.41866422,-83.99825483,21109.0,3136.0192062420288,4.066985645933015,401,416,17,0,399,410,13442,2,0,0,2,6
2020-10-17,US,Kentucky,Jefferson,19144,328,0,38.18664655,-85.65931031,21111.0,2496.749296061203,1.7133305474300042,18816,18855,326,0,18529,18604,770517,289,2,0,287,251
2020-10-17,US,Kentucky,Jessamine,827,2,0,37.87119786,-84.58252003,21113.0,1528.2269241430288,0.2418379685610641,825,808,1,0,807,787,53920,19,1,0,18,21
2020-10-17,US,Kentucky,Johnson,233,2,0,37.85106355,-82.8264322,21115.0,1050.117180457905,0.8583690987124464,231,216,2,0,214,209,22386,17,0,0,17,7
2020-10-17,US,Kentucky,Kenton,2350,49,0,38.93950319,-84.53241199,21117.0,1407.202481466844,2.0851063829787235,2301,2328,49,0,2279,2308,166051,22,0,0,22,20
2020-10-17,US,Kentucky,Knott,291,2,0,37.35388197,-82.94981134,21119.0,1965.419424557612,0.6872852233676976,289,285,2,0,283,285,15126,6,0,0,6,0
2020-10-17,US,Kentucky,Knox,721,9,0,36.89225732,-83.85403396,21121.0,2314.9783271793226,1.2482662968099858,712,714,9,0,705,705,31304,7,0,0,7,9
2020-10-17,US,Kentucky,Larue,215,1,0,37.54567114,-85.70138352,21123.0,1493.2629531879431,0.4651162790697674,214,212,1,0,211,207,14307,3,0,0,3,5
2020-10-17,US,Kentucky,Laurel,1223,7,0,37.10975748,-84.11321779,21125.0,2011.0831565619198,0.5723630417007359,1216,1208,7,0,1201,1193,60669,15,0,0,15,15
2020-10-17,US,Kentucky,Lawrence,116,0,0,38.07136018,-82.72882223,21127.0,757.3284585754393,0.0,116,115,0,0,115,110,15571,1,0,0,1,5
2020-10-17,US,Kentucky,Lee,35,0,0,37.59645942,-83.71513901,21129.0,472.7813048764015,0.0,35,33,0,0,33,30,7033,2,0,0,2,3
2020-10-17,US,Kentucky,Leslie,114,0,0,37.09246661,-83.37999606,21131.0,1154.1966184063988,0.0,114,111,0,0,111,109,10143,3,0,0,3,2
2020-10-17,US,Kentucky,Letcher,276,2,0,37.12306748,-82.85346474,21133.0,1280.5641905999166,0.7246376811594203,274,268,2,0,266,263,21899,8,0,0,8,5
2020-10-17,US,Kentucky,Lewis,260,15,0,38.53184419,-83.37735618,21135.0,1958.5687382297556,5.769230769230768,245,257,15,0,242,256,13257,3,0,0,3,1
2020-10-17,US,Kentucky,Lincoln,273,16,0,37.45475628,-84.6565327,21137.0,1112.0615911035072,5.86080586080586,257,271,16,0,255,262,24644,2,0,0,2,9
2020-10-17,US,Kentucky,Livingston,117,1,0,37.21137452,-88.34797529,21139.0,1272.5690667826846,0.8547008547008547,116,112,1,0,111,109,9242,5,0,0,5,3
2020-10-17,US,Kentucky,Logan,678,30,0,36.85949479,-86.877635,21141.0,2501.6603940668583,4.424778761061948,648,665,30,0,635,657,26989,13,0,0,13,8
2020-10-17,US,Kentucky,Lyon,93,4,0,37.02080035,-88.07886257,21143.0,1132.7649208282585,4.301075268817204,89,93,4,0,89,92,8009,0,0,0,0,1
2020-10-17,US,Kentucky,Madison,2145,11,0,37.71659336,-84.27220275,21151.0,2306.7740651919084,0.5128205128205128,2134,2116,11,0,2105,2105,92368,29,0,0,29,11
2020-10-17,US,Kentucky,Magoffin,128,0,0,37.70820545,-83.0657714,21153.0,1052.5450209686703,0.0,128,123,0,0,123,121,12362,5,0,0,5,2
2020-10-17,US,Kentucky,Marion,331,8,0,37.55218078,-85.26898542,21155.0,1717.4285269548072,2.416918429003021,323,318,8,0,310,310,19404,13,0,0,13,8
2020-10-17,US,Kentucky,Marshall,411,4,0,36.88007070000001,-88.32803576,21157.0,1321.5434083601285,0.97323600973236,407,406,4,0,402,405,31191,5,0,0,5,1
2020-10-17,US,Kentucky,Martin,121,3,0,37.79990579,-82.51247478,21159.0,1080.8396605627513,2.479338842975207,118,117,3,0,114,107,11323,4,0,0,4,10
2020-10-17,US,Kentucky,Mason,149,2,0,38.59471935,-83.82151043,21161.0,872.8763913298184,1.342281879194631,147,146,2,0,144,145,17150,3,0,0,3,1
2020-10-17,US,Kentucky,McCracken,954,11,0,37.05350953,-88.70445755,21145.0,1458.3142254425388,1.1530398322851152,943,943,11,0,932,925,65346,11,0,0,11,18
2020-10-17,US,Kentucky,McCreary,236,1,0,36.73874143,-84.48102924,21147.0,1369.6245139574025,0.42372881355932196,235,232,1,0,231,229,17408,4,0,0,4,3
2020-10-17,US,Kentucky,McLean,126,3,0,37.5301951,-87.26803443,21149.0,1368.5239491691107,2.380952380952381,123,117,2,0,115,114,9252,9,1,0,8,3
2020-10-17,US,Kentucky,Meade,311,3,0,37.96163597,-86.21028219,21163.0,1088.4782304353912,0.964630225080386,308,303,3,0,300,299,28715,8,0,0,8,4
2020-10-17,US,Kentucky,Menifee,76,1,0,37.94090733,-83.59985712,21165.0,1171.2128216982585,1.3157894736842106,75,76,1,0,75,75,6451,0,0,0,0,1
2020-10-17,US,Kentucky,Mercer,313,5,0,37.81474237,-84.87488475,21167.0,1427.0733597775045,1.597444089456869,308,306,5,0,301,298,21774,7,0,0,7,8
2020-10-17,US,Kentucky,Metcalfe,161,2,0,36.99459295,-85.63123699,21169.0,1598.6495879257272,1.2422360248447204,159,152,2,0,150,151,10030,9,0,0,9,1
2020-10-17,US,Kentucky,Monroe,247,4,0,36.71225341,-85.71596443,21171.0,2319.24882629108,1.6194331983805668,243,245,4,0,241,243,10718,2,0,0,2,2
2020-10-17,US,Kentucky,Montgomery,371,4,0,38.03253032,-83.9145241,21173.0,1317.6119615015805,1.0781671159029649,367,364,4,0,360,359,28203,7,0,0,7,5
2020-10-17,US,Kentucky,Morgan,100,0,0,37.92465657,-83.25558245,21175.0,751.3712525358777,0.0,100,100,0,0,100,99,13345,0,0,0,0,1
2020-10-17,US,Kentucky,Muhlenberg,906,12,0,37.21425819,-87.14632053,21177.0,2958.6571745803667,1.3245033112582782,894,896,12,0,884,888,30774,10,0,0,10,8
2020-10-17,US,Kentucky,Nelson,674,4,0,37.80335779,-85.4657193,21179.0,1457.8331494819718,0.5934718100890207,670,654,4,0,650,633,45851,20,0,0,20,21
2020-10-17,US,Kentucky,Nicholas,89,1,0,38.33342292,-84.01889177,21181.0,1224.3774934654014,1.1235955056179776,88,86,1,0,85,85,7166,3,0,0,3,1
2020-10-17,US,Kentucky,Ohio,558,9,0,37.47751843,-86.85368087,21183.0,2325.581395348837,1.6129032258064515,549,550,9,0,541,549,24087,8,0,0,8,1
2020-10-17,US,Kentucky,Oldham,1329,26,0,38.39791089,-85.448222,21185.0,1989.550741777572,1.956358164033108,1303,1312,26,0,1286,1278,66470,17,0,0,17,34
2020-10-17,US,Kentucky,Owen,112,2,0,38.51679143,-84.82404619,21187.0,1027.4286762682325,1.7857142857142858,110,108,2,0,106,108,10880,4,0,0,4,0
2020-10-17,US,Kentucky,Owsley,67,1,0,37.42823949,-83.68811419,21189.0,1517.5537938844848,1.492537313432836,66,63,1,0,62,57,4472,4,0,0,4,6
2020-10-17,US,Kentucky,Pendleton,109,0,0,38.69607718,-84.35599463,21191.0,747.0870459218643,0.0,109,109,0,0,109,109,14529,0,0,0,0,0
2020-10-17,US,Kentucky,Perry,429,9,0,37.25023553,-83.22922731,21193.0,1665.5019799673887,2.097902097902098,420,411,9,0,402,399,26092,18,0,0,18,12
2020-10-17,US,Kentucky,Pike,679,3,0,37.47088263,-82.39487445,21195.0,1173.1978713110789,0.4418262150220913,676,677,3,0,674,666,58402,2,0,0,2,11
2020-10-17,US,Kentucky,Powell,132,0,0,37.83218794,-83.82553961,21197.0,1068.0475766647787,0.0,132,131,0,0,131,129,12442,1,0,0,1,2
2020-10-17,US,Kentucky,Pulaski,945,13,0,37.10466131,-84.57629079,21199.0,1454.3160097877774,1.3756613756613756,932,937,12,0,925,924,64623,8,1,0,7,13
2020-10-17,US,Kentucky,Robertson,13,1,0,38.51923469,-84.05055616,21201.0,616.6982922201139,7.6923076923076925,12,13,1,0,12,13,2135,0,0,0,0,0
2020-10-17,US,Kentucky,Rockcastle,266,1,0,37.36642393,-84.31176452,21203.0,1593.291404612159,0.3759398496240601,265,264,1,0,263,255,16750,2,0,0,2,9
2020-10-17,US,Kentucky,Rowan,315,1,0,38.19484205,-83.42088935,21205.0,1287.8168438266555,0.31746031746031744,314,314,1,0,313,309,24583,1,0,0,1,5
2020-10-17,US,Kentucky,Russell,336,6,0,36.99308373,-85.06070117,21207.0,1874.6861574513198,1.7857142857142858,330,324,6,0,318,311,17821,12,0,0,12,13
2020-10-17,US,Kentucky,Scott,988,17,0,38.29622293,-84.5816631,21209.0,1733.2117044417935,1.720647773279352,971,978,17,0,961,971,56031,10,0,0,10,7
2020-10-17,US,Kentucky,Shelby,1268,24,0,38.21476019,-85.194223,21211.0,2586.488250652741,1.892744479495268,1244,1248,24,0,1224,1226,48518,20,0,0,20,22
2020-10-17,US,Kentucky,Simpson,313,8,0,36.74058474,-86.58047435,21213.0,1685.332758992031,2.5559105431309903,305,309,8,0,301,305,18529,4,0,0,4,4
2020-10-17,US,Kentucky,Spencer,257,0,0,38.03223971,-85.32749335,21215.0,1328.0967391866054,0.0,257,254,0,0,254,250,18794,3,0,0,3,4
2020-10-17,US,Kentucky,Taylor,411,7,0,37.3677562,-85.3329931,21217.0,1594.9396561760254,1.70316301703163,404,404,7,0,397,399,25549,7,0,0,7,5
2020-10-17,US,Kentucky,Todd,262,8,0,36.8381152,-87.17878374,21219.0,2131.1208719700667,3.053435114503817,254,256,8,0,248,250,12311,6,0,0,6,6
2020-10-17,US,Kentucky,Trigg,225,0,0,36.80767017,-87.87333656,21221.0,1535.7313493959455,0.0,225,219,0,0,219,216,14643,6,0,0,6,3
2020-10-17,US,Kentucky,Trimble,80,0,0,38.61056487,-85.33775972,21223.0,944.3985361822687,0.0,80,81,0,0,81,79,8515,-1,0,0,-1,2
2020-10-17,US,Kentucky,Union,469,6,0,37.66166713,-87.94300009,21225.0,3261.2474793129827,1.279317697228145,463,462,5,0,457,448,14505,7,1,0,6,14
2020-10-17,US,Kentucky,Warren,4883,57,0,36.99903045,-86.42672751,21227.0,3674.3017096075127,1.1673151750972763,4826,4828,57,0,4771,4791,131264,55,0,0,55,37
2020-10-17,US,Kentucky,Washington,189,1,0,37.75599461,-85.17407732,21229.0,1562.62918561389,0.5291005291005291,188,183,1,0,182,180,12084,6,0,0,6,3
2020-10-17,US,Kentucky,Wayne,227,0,0,36.80310688,-84.8251971,21231.0,1116.4117444548272,0.0,227,222,0,0,222,215,20468,5,0,0,5,7
2020-10-17,US,Kentucky,Webster,278,5,0,37.52168356,-87.67989953,21233.0,2148.0451244011747,1.7985611510791366,273,272,5,0,267,266,13111,6,0,0,6,6
2020-10-17,US,Kentucky,Whitley,685,6,0,36.75700531,-84.14541217,21235.0,1888.925656298257,0.8759124087591241,679,668,5,0,663,654,36242,17,1,0,16,14
2020-10-17,US,Kentucky,Wolfe,59,0,0,37.73941626,-83.49303612,21237.0,824.3677518513342,0.0,59,58,0,0,58,58,7177,1,0,0,1,0
2020-10-17,US,Kentucky,Woodford,343,0,0,38.04178222,-84.7417556,21239.0,1283.0103987431735,0.0,343,341,0,0,341,333,26533,2,0,0,2,8
2020-10-17,US,Louisiana,Acadia,3053,99,0,30.295064899999996,-92.41419698,22001.0,4920.6221290998465,3.2427120864723222,2954,3053,99,0,2954,3055,62190,0,0,0,0,-2
2020-10-17,US,Louisiana,Allen,1790,53,0,30.65385745,-92.82442028,22003.0,6984.820696921216,2.9608938547486034,1737,1790,53,0,1737,1782,25605,0,0,0,0,8
2020-10-17,US,Louisiana,Ascension,3921,98,0,30.20406249,-90.91328409999998,22005.0,3097.05854475372,2.4993624075490946,3823,3921,98,0,3823,3885,124672,0,0,0,0,36
2020-10-17,US,Louisiana,Assumption,780,24,0,29.89946234,-91.06461642,22007.0,3563.108126627381,3.0769230769230766,756,780,24,0,756,780,22300,0,0,0,0,0
2020-10-17,US,Louisiana,Avoyelles,1656,62,0,31.07796211,-92.00079449,22009.0,4125.149461937027,3.7439613526570046,1594,1656,62,0,1594,1652,40462,0,0,0,0,4
2020-10-17,US,Louisiana,Beauregard,1041,39,0,30.64836518,-93.34173616,22011.0,2776.2220977678217,3.746397694524496,1002,1041,39,0,1002,1041,37253,0,0,0,0,0
2020-10-17,US,Louisiana,Bienville,553,33,0,32.34569994,-93.05398492,22013.0,4176.421720413866,5.967450271247738,520,553,33,0,520,555,13308,0,0,0,0,-2
2020-10-17,US,Louisiana,Bossier,3821,112,0,32.67932307,-93.60460152,22015.0,3007.737781311251,2.9311698508243915,3709,3821,112,0,3709,3761,127185,0,0,0,0,60
2020-10-17,US,Louisiana,Caddo,9532,382,0,32.57991587,-93.88375652,22017.0,3968.2936170921375,4.007553503986571,9150,9532,382,0,9150,9478,242922,0,0,0,0,54
2020-10-17,US,Louisiana,Calcasieu,8138,221,0,30.22931235,-93.35400434,22019.0,4000.275270846851,2.7156549520766773,7917,8138,221,0,7917,8106,203112,0,0,0,0,32
2020-10-17,US,Louisiana,Caldwell,334,3,0,32.0902519,-92.11752148,22021.0,3367.6144383948376,0.8982035928143712,331,334,3,0,331,328,9960,0,0,0,0,6
2020-10-17,US,Louisiana,Cameron,234,2,0,29.87592238,-93.19310676,22023.0,3355.8009465079595,0.8547008547008547,232,234,2,0,232,236,6968,0,0,0,0,-2
2020-10-17,US,Louisiana,Catahoula,452,13,0,31.66778967,-91.84526385,22025.0,4760.901622077101,2.8761061946902653,439,452,13,0,439,453,9608,0,0,0,0,-1
2020-10-17,US,Louisiana,Claiborne,582,24,0,32.82308512,-92.99526883,22027.0,3714.1033822590944,4.123711340206185,558,582,24,0,558,583,15944,0,0,0,0,-1
2020-10-17,US,Louisiana,Concordia,558,16,0,31.44817835,-91.63814433,22029.0,2897.346695051664,2.867383512544803,542,558,16,0,542,557,19572,0,0,0,0,1
2020-10-17,US,Louisiana,De Soto,979,35,0,32.05457447,-93.74130302,22031.0,3564.796271346904,3.5750766087844736,944,979,35,0,944,975,27436,0,0,0,0,4
2020-10-17,US,Louisiana,East Baton Rouge,15636,452,0,30.53842039,-91.09777565,22033.0,3553.159917192922,2.8907649015093373,15184,15636,452,0,15184,15540,440956,0,0,0,0,96
2020-10-17,US,Louisiana,East Carroll,563,6,0,32.73926954,-91.23425694,22035.0,8205.800903658359,1.0657193605683837,557,563,6,0,557,558,7037,0,0,0,0,5
2020-10-17,US,Louisiana,East Feliciana,1784,75,0,30.84425359,-91.04976723,22037.0,9323.229683825452,4.2040358744394615,1709,1784,75,0,1709,1780,19305,0,0,0,0,4
2020-10-17,US,Louisiana,Evangeline,1380,37,0,30.72985248,-92.39915924,22039.0,4132.355142985477,2.681159420289855,1343,1380,37,0,1343,1377,33443,0,0,0,0,3
2020-10-17,US,Louisiana,Franklin,1263,44,0,32.13675181,-91.67589857,22041.0,6310.267299525356,3.4837688044338875,1219,1263,44,0,1219,1261,20156,0,0,0,0,2
2020-10-17,US,Louisiana,Grant,512,30,0,31.59882456,-92.56124347,22043.0,2286.8372861673142,5.859375,482,512,30,0,482,514,22482,0,0,0,0,-2
2020-10-17,US,Louisiana,Iberia,3029,93,0,29.86803617,-91.75871777,22045.0,4337.677216096234,3.070320237702212,2936,3029,93,0,2936,3027,70941,0,0,0,0,2
2020-10-17,US,Louisiana,Iberville,1434,58,0,30.25734305,-91.3499598,22047.0,4410.814801144228,4.044630404463041,1376,1434,58,0,1376,1431,32721,0,0,0,0,3
2020-10-17,US,Louisiana,Jackson,787,22,0,32.30251776,-92.55692092,22049.0,4998.729674796748,2.795425667090216,765,787,22,0,765,780,15902,0,0,0,0,7
2020-10-17,US,Louisiana,Jefferson,18252,580,0,29.74075478,-90.11115756,22051.0,4220.183910491037,3.1777339469647163,17672,18252,580,0,17672,18182,434051,0,0,0,0,70
2020-10-17,US,Louisiana,Jefferson Davis,1300,42,0,30.26896765,-92.81210004,22053.0,4144.350930884978,3.2307692307692313,1258,1300,42,0,1258,1306,31582,0,0,0,0,-6
2020-10-17,US,Louisiana,LaSalle,468,10,0,31.67884782,-92.15907765,22059.0,3142.62691377921,2.1367521367521367,458,468,10,0,458,466,14917,0,0,0,0,2
2020-10-17,US,Louisiana,Lafayette,9241,136,0,30.2049055,-92.06959876,22055.0,3781.251278693891,1.4717021967319557,9105,9241,136,0,9105,9212,242782,0,0,0,0,29
2020-10-17,US,Louisiana,Lafourche,3810,124,0,29.52470226,-90.40976986,22057.0,3903.128649578953,3.254593175853018,3686,3810,124,0,3686,3807,98115,0,0,0,0,3
2020-10-17,US,Louisiana,Lincoln,1592,48,0,32.6003154,-92.66597409999999,22061.0,3405.930426597064,3.0150753768844223,1544,1592,48,0,1544,1582,47196,0,0,0,0,10
2020-10-17,US,Louisiana,Livingston,4047,79,0,30.44143993,-90.73061664,22063.0,2874.514344160411,1.9520632567333829,3968,4047,79,0,3968,3990,139567,0,0,0,0,57
2020-10-17,US,Louisiana,Madison,889,8,0,32.36918118,-91.23973355,22065.0,8117.980093142179,0.8998875140607424,881,889,8,0,881,891,11161,0,0,0,0,-2
2020-10-17,US,Louisiana,Morehouse,861,24,0,32.81686191,-91.80421614,22067.0,3461.445686258744,2.787456445993032,837,861,24,0,837,860,25398,0,0,0,0,1
2020-10-17,US,Louisiana,Natchitoches,1353,26,0,31.72321584,-93.09816516,22069.0,3545.7833219770428,1.921655580192165,1327,1353,26,0,1327,1325,38659,0,0,0,0,28
2020-10-17,US,Louisiana,Orleans,13150,589,0,30.06971951,-89.92660315,22071.0,3370.550360892389,4.479087452471483,12561,13150,589,0,12561,13106,391006,0,0,0,0,44
2020-10-17,US,Louisiana,Ouachita,6714,158,0,32.47645559,-92.15704172,22073.0,4380.247783453702,2.35329162943104,6556,6714,158,0,6556,6691,154475,0,0,0,0,23
2020-10-17,US,Louisiana,Plaquemines,824,19,0,29.42245447,-89.60322085,22075.0,3552.1834720006896,2.3058252427184467,805,824,19,0,805,817,23410,0,0,0,0,7
2020-10-17,US,Louisiana,Pointe Coupee,1096,40,0,30.71409502,-91.60209535,22077.0,5043.718361711919,3.6496350364963503,1056,1096,40,0,1056,1095,21940,0,0,0,0,1
2020-10-17,US,Louisiana,Rapides,4514,153,0,31.19778499,-92.52997303,22079.0,3481.7351598173523,3.3894550287992917,4361,4514,153,0,4361,4474,130562,0,0,0,0,40
2020-10-17,US,Louisiana,Red River,384,24,0,32.09530039,-93.34213308,22081.0,4548.685145700071,6.25,360,384,24,0,360,381,8477,0,0,0,0,3
2020-10-17,US,Louisiana,Richland,841,15,0,32.41391005,-91.76634876,22083.0,4179.5050193817715,1.78359096313912,826,841,15,0,826,833,20192,0,0,0,0,8
2020-10-17,US,Louisiana,Sabine,942,14,0,31.56388699,-93.55433981,22085.0,3944.062971026629,1.4861995753715498,928,942,14,0,928,937,24032,0,0,0,0,5
2020-10-17,US,Louisiana,St. Bernard,1508,32,0,29.87761636,-89.51887093,22087.0,3191.939717212768,2.122015915119364,1476,1508,32,0,1476,1501,46721,0,0,0,0,7
2020-10-17,US,Louisiana,St. Charles,1896,63,0,29.90709658,-90.35555967,22089.0,3570.6214689265526,3.3227848101265822,1833,1896,63,0,1833,1893,52879,0,0,0,0,3
2020-10-17,US,Louisiana,St. Helena,424,4,0,30.82210324,-90.71013176,22091.0,4184.761152783261,0.9433962264150944,420,424,4,0,420,425,10262,0,0,0,0,-1
2020-10-17,US,Louisiana,St. James,828,40,0,30.02531716,-90.80212061,22093.0,3924.914675767918,4.8309178743961345,788,828,40,0,788,826,21037,0,0,0,0,2
2020-10-17,US,Louisiana,St. John the Baptist,1616,105,0,30.12597499,-90.4753503,22095.0,3772.439713331933,6.497524752475248,1511,1616,105,0,1511,1615,43184,0,0,0,0,1
2020-10-17,US,Louisiana,St. Landry,3510,132,0,30.59724262,-92.00135806,22097.0,4274.024645657786,3.7606837606837606,3378,3510,132,0,3378,3503,82764,0,0,0,0,7
2020-10-17,US,Louisiana,St. Martin,2152,61,0,30.13112107,-91.61403569,22099.0,4027.624412794071,2.83457249070632,2091,2152,61,0,2091,2142,53621,0,0,0,0,10
2020-10-17,US,Louisiana,St. Mary,1990,83,0,29.69262097,-91.44702164,22101.0,4032.584907189754,4.170854271356784,1907,1990,83,0,1907,1985,49774,0,0,0,0,5
2020-10-17,US,Louisiana,St. Tammany,7479,269,0,30.40942847,-89.95642711,22103.0,2871.9102676840016,3.5967375317555823,7210,7479,269,0,7210,7456,258111,0,0,0,0,23
2020-10-17,US,Louisiana,Tangipahoa,4859,122,0,30.62888673,-90.40664996,22105.0,3605.7228513335017,2.5108046923235228,4737,4859,122,0,4737,4813,133777,0,0,0,0,46
2020-10-17,US,Louisiana,Tensas,186,2,0,32.00760749,-91.32915234,22107.0,4291.647438855561,1.075268817204301,184,186,2,0,184,185,4462,0,0,0,0,1
2020-10-17,US,Louisiana,Terrebonne,3779,122,0,29.37343766,-90.82626855,22109.0,3421.1169553054924,3.2283672929346388,3657,3779,122,0,3657,3769,111021,0,0,0,0,10
2020-10-17,US,Louisiana,Unassigned,242,200,0,0.0,0.0,90022.0,0.0,82.64462809917356,42,242,200,0,42,239,,0,0,0,0,3
2020-10-17,US,Louisiana,Union,1058,49,0,32.83121059,-92.3749373,22111.0,4785.597973584223,4.631379962192816,1009,1058,49,0,1009,1053,22330,0,0,0,0,5
2020-10-17,US,Louisiana,Vermilion,2080,68,0,29.83517605,-92.30292538,22113.0,3495.1521567441314,3.2692307692307687,2012,2080,68,0,2012,2086,59830,0,0,0,0,-6
2020-10-17,US,Louisiana,Vernon,1108,55,0,31.10884837,-93.18153838,22115.0,2336.123468763837,4.9638989169675085,1053,1108,55,0,1053,1106,48860,0,0,0,0,2
2020-10-17,US,Louisiana,Washington,1708,68,0,30.85288548,-90.03866652,22117.0,3697.449885266485,3.981264637002342,1640,1708,68,0,1640,1710,46582,0,0,0,0,-2
2020-10-17,US,Louisiana,Webster,1412,34,0,32.70847669,-93.33121835,22119.0,3682.8377673448094,2.407932011331445,1378,1412,34,0,1378,1406,38798,0,0,0,0,6
2020-10-17,US,Louisiana,West Baton Rouge,942,42,0,30.46058217,-91.30989571,22121.0,3559.418099376535,4.4585987261146505,900,942,42,0,900,941,26427,0,0,0,0,1
2020-10-17,US,Louisiana,West Carroll,361,10,0,32.78550125,-91.461201,22123.0,3333.333333333333,2.770083102493075,351,361,10,0,351,360,10982,0,0,0,0,1
2020-10-17,US,Louisiana,West Feliciana,744,25,0,30.87882871,-91.41485379999999,22125.0,4779.033915724564,3.3602150537634414,719,744,25,0,719,742,15460,0,0,0,0,2
2020-10-17,US,Louisiana,Winn,666,19,0,31.94449367,-92.63789413,22127.0,4789.988492520138,2.8528528528528527,647,666,19,0,647,658,14134,0,0,0,0,8
2020-10-17,US,Maine,Androscoggin,832,10,0,44.1664747,-70.20380627,23001.0,768.3995677752431,1.2019230769230769,822,830,10,0,820,826,107679,2,0,0,2,4
2020-10-17,US,Maine,Aroostook,56,1,0,46.65926321,-68.59841248,23003.0,83.51353366639326,1.7857142857142858,55,56,1,0,55,54,67111,0,0,0,0,2
2020-10-17,US,Maine,Cumberland,2421,70,0,43.8370751,-70.37226999,23005.0,820.669620308946,2.8913672036348617,2351,2403,70,0,2333,2399,293557,18,0,0,18,4
2020-10-17,US,Maine,Franklin,73,1,0,44.97330019,-70.44381045,23007.0,241.72985860458957,1.3698630136986298,72,73,1,0,72,73,29897,0,0,0,0,0
2020-10-17,US,Maine,Hancock,56,1,0,44.59816444,-68.38401854,23009.0,101.84225362358377,1.7857142857142858,55,56,1,0,55,56,54811,0,0,0,0,0
2020-10-17,US,Maine,Kennebec,288,11,0,44.40759555,-69.76738544,23011.0,235.48265768343936,3.8194444444444446,277,285,11,0,274,283,122083,3,0,0,3,2
2020-10-17,US,Maine,Knox,57,1,0,44.11486325,-69.10529169,23013.0,143.31690636628784,1.7543859649122806,56,55,1,0,54,54,39771,2,0,0,2,1
2020-10-17,US,Maine,Lincoln,52,1,0,44.05996956,-69.54227124,23015.0,150.14147947104001,1.9230769230769231,51,50,1,0,49,52,34342,2,0,0,2,-2
2020-10-17,US,Maine,Oxford,157,2,0,44.49952995,-70.75682123,23017.0,270.8063820612333,1.2738853503184713,155,160,2,0,158,160,57618,-3,0,0,-3,0
2020-10-17,US,Maine,Penobscot,271,6,0,45.40194593,-68.65020455,23019.0,178.11604490364644,2.2140221402214024,265,270,6,0,264,270,151096,1,0,0,1,0
2020-10-17,US,Maine,Piscataquis,10,0,0,45.83839062,-69.2860223,23021.0,59.577003276735184,0.0,10,10,0,0,10,10,16800,0,0,0,0,0
2020-10-17,US,Maine,Sagadahoc,77,0,0,43.95415864,-69.85074999,23023.0,214.74788041053105,0.0,77,76,0,0,76,73,35634,1,0,0,1,3
2020-10-17,US,Maine,Somerset,127,8,0,45.51229767,-69.95995554,23025.0,251.56485223040963,6.299212598425197,119,125,8,0,117,125,50592,2,0,0,2,0
2020-10-17,US,Maine,Waldo,102,14,0,44.4858305,-69.12061935,23027.0,256.8299131310588,13.725490196078429,88,95,14,0,81,84,39694,7,0,0,7,11
2020-10-17,US,Maine,Washington,20,0,0,45.01607142,-67.62813524,23029.0,63.73689410115046,0.0,20,20,0,0,20,20,31490,0,0,0,0,0
2020-10-17,US,Maine,York,1313,20,0,43.47808377,-70.71052375,23031.0,632.3413969302787,1.523229246001523,1293,1299,19,0,1280,1295,206229,14,1,0,13,4
2020-10-17,US,Maryland,Allegany,551,23,0,39.62357628,-78.69280486,24001.0,782.4926153147012,4.174228675136116,528,543,23,0,520,538,70975,8,0,0,8,5
2020-10-17,US,Maryland,Anne Arundel,11222,263,0,39.00670238,-76.60329337,24003.0,1937.3862722146835,2.343610764569596,10959,11151,262,0,10889,11053,576031,71,1,0,70,98
2020-10-17,US,Maryland,Baltimore,19494,653,0,39.45784712,-76.62911955,24005.0,2356.1405417165233,3.3497486406073658,18841,19403,650,0,18753,19275,828431,91,3,0,88,128
2020-10-17,US,Maryland,Baltimore City,16773,496,0,39.30211911,-76.61151012,24510.0,2826.163878077137,2.9571334883443634,16277,16681,495,0,16186,16647,621342,92,1,0,91,34
2020-10-17,US,Maryland,Calvert,1113,28,0,38.53961642,-76.56820632,24009.0,1202.9181302350717,2.5157232704402515,1085,1098,28,0,1070,1082,92003,15,0,0,15,16
2020-10-17,US,Maryland,Caroline,699,8,0,38.87172293,-75.82904158,24011.0,2092.438484104652,1.1444921316165952,691,687,8,0,679,688,33304,12,0,0,12,-1
2020-10-17,US,Maryland,Carroll,2128,128,0,39.56453592,-77.02373735,24013.0,1263.3053720161238,6.015037593984963,2000,2120,128,0,1992,2108,168429,8,0,0,8,12
2020-10-17,US,Maryland,Cecil,1262,36,0,39.56647682,-75.94627411,24015.0,1226.9700063195762,2.8526148969889067,1226,1244,36,0,1208,1192,102826,18,0,0,18,52
2020-10-17,US,Maryland,Charles,3007,101,0,38.51092331,-76.98580666,24017.0,1841.8812057063406,3.3588293980711668,2906,2991,101,0,2890,2983,161503,16,0,0,16,8
2020-10-17,US,Maryland,Dorchester,679,10,0,38.45413522,-76.02752426,24019.0,2126.5933790597887,1.4727540500736378,669,661,10,0,651,653,31998,18,0,0,18,8
2020-10-17,US,Maryland,Frederick,4498,137,0,39.47296601,-77.39999394,24021.0,1733.019453124097,3.045798132503335,4361,4464,137,0,4327,4436,255648,34,0,0,34,28
2020-10-17,US,Maryland,Garrett,96,1,0,39.52786077,-79.27355126,24023.0,330.8747501206313,1.0416666666666667,95,94,1,0,93,88,29163,2,0,0,2,6
2020-10-17,US,Maryland,Harford,3374,77,0,39.55010644,-76.30775940000002,24025.0,1320.8529562599585,2.282157676348548,3297,3353,77,0,3276,3335,253956,21,0,0,21,18
2020-10-17,US,Maryland,Howard,5566,123,0,39.25305293,-76.93126208,24027.0,1708.9870735975928,2.209845490477901,5443,5534,123,0,5411,5508,323196,32,0,0,32,26
2020-10-17,US,Maryland,Kent,326,24,0,39.24976208,-76.04741541,24029.0,1678.50890742457,7.361963190184048,302,326,24,0,302,326,19383,0,0,0,0,0
2020-10-17,US,Maryland,Montgomery,24291,860,0,39.13676329,-77.20358245,24031.0,2311.9137174879693,3.5404059116545223,23431,24174,860,0,23314,24015,1052567,117,0,0,117,159
2020-10-17,US,Maryland,Prince George's,31367,843,0,38.83070039,-76.8496441,24033.0,3449.4741715576465,2.6875378582586795,30524,31210,841,0,30369,31102,909308,157,2,0,155,108
2020-10-17,US,Maryland,Queen Anne's,725,26,0,39.06198912,-76.03530977,24035.0,1439.0345566781127,3.5862068965517233,699,719,26,0,693,714,50251,6,0,0,6,5
2020-10-17,US,Maryland,Somerset,377,5,0,38.1163542,-75.75118623,24039.0,1471.736414740787,1.326259946949602,372,368,5,0,363,363,25675,9,0,0,9,5
2020-10-17,US,Maryland,St. Mary's,1392,59,0,38.30058422,-76.60629279999998,24037.0,1226.3236719231786,4.238505747126437,1333,1385,59,0,1326,1382,112664,7,0,0,7,3
2020-10-17,US,Maryland,Talbot,610,6,0,38.76618159,-76.10882561,24041.0,1640.6228987923942,0.9836065573770492,604,602,6,0,596,596,36968,8,0,0,8,6
2020-10-17,US,Maryland,Unassigned,0,8,0,0.0,0.0,90024.0,0.0,0.0,-8,0,11,0,-11,0,,0,-3,0,3,0
2020-10-17,US,Maryland,Washington,2093,42,0,39.60835778,-77.82002295,24043.0,1385.6430694675234,2.0066889632107023,2051,2075,42,0,2033,2054,150926,18,0,0,18,21
2020-10-17,US,Maryland,Wicomico,2320,49,0,38.37301947,-75.62705831,24045.0,2239.187715352913,2.112068965517241,2271,2287,49,0,2238,2259,103195,33,0,0,33,28
2020-10-17,US,Maryland,Worcester,1164,30,0,38.21274277,-75.33200012,24047.0,2226.6432014691254,2.5773195876288657,1134,1159,30,0,1129,1151,51823,5,0,0,5,8
2020-10-17,US,Massachusetts,Barnstable,1888,181,0,41.72980578,-70.28854339,25001.0,886.4265927977838,9.58686440677966,1707,1888,180,0,1708,1882,213413,0,1,0,-1,6
2020-10-17,US,Massachusetts,Berkshire,736,51,0,42.37428441,-73.20524838,25003.0,589.0639006274812,6.929347826086956,685,735,51,0,684,735,126348,1,0,0,1,0
2020-10-17,US,Massachusetts,Bristol,10919,731,0,41.79228404,-71.10872211,25005.0,1931.8244143399786,6.694752266691089,10188,10864,729,0,10135,10828,564022,55,2,0,53,36
2020-10-17,US,Massachusetts,Dukes and Nantucket,204,2,0,41.40674725,-70.68763497,0.0,710.0344575545578,0.9803921568627452,202,202,2,0,200,202,26707,2,0,0,2,0
2020-10-17,US,Massachusetts,Essex,21865,1322,0,42.6687626,-70.94687179,25009.0,2771.1099901905372,6.046192545163502,20543,21736,1320,0,20416,21619,790638,129,2,0,127,117
2020-10-17,US,Massachusetts,Franklin,434,71,0,42.58119713,-72.58602547,25011.0,618.4098033627814,16.359447004608295,363,432,71,0,361,426,70963,2,0,0,2,6
2020-10-17,US,Massachusetts,Hampden,9014,798,0,42.13440424,-72.63235561,25013.0,1932.7918485672385,8.852895495895273,8216,8971,796,0,8175,8921,470406,43,2,0,41,50
2020-10-17,US,Massachusetts,Hampshire,1389,153,0,42.33997957,-72.65898478,25015.0,863.6448423801529,11.015118790496759,1236,1386,152,0,1234,1376,161355,3,1,0,2,10
2020-10-17,US,Massachusetts,Middlesex,29845,2219,0,42.48607732,-71.39049229,25017.0,1851.7725704365398,7.43508125314123,27626,29728,2214,0,27514,29587,1614714,117,5,0,112,141
2020-10-17,US,Massachusetts,Norfolk,11085,1090,0,42.16073095,-71.20530408,25021.0,1568.3916380743515,9.833107803337844,9995,11050,1087,0,9963,11008,705388,35,3,0,32,42
2020-10-17,US,Massachusetts,Plymouth,10573,802,0,41.94070556,-70.80802823,25023.0,2028.580089869187,7.5853589331315625,9771,10540,800,0,9740,10486,518132,33,2,0,31,54
2020-10-17,US,Massachusetts,Suffolk,26250,1156,0,42.327951399999996,-71.07850442,25025.0,3265.303076102087,4.403809523809524,25094,26160,1155,0,25005,26012,807252,90,1,0,89,148
2020-10-17,US,Massachusetts,Unassigned,3316,5,0,0.0,0.0,90025.0,0.0,0.15078407720144751,3311,3297,5,0,3292,3217,,19,0,0,19,80
2020-10-17,US,Massachusetts,Worcester,15412,1142,0,42.35026951,-71.90493363,25027.0,1855.4769799018088,7.4098105372437075,14270,15357,1140,0,14217,15280,830839,55,2,0,53,77
2020-10-17,US,Michigan,Alcona,51,2,0,44.6846864,-83.59507875,26001.0,490.148966842864,3.92156862745098,49,50,2,0,48,50,10362,1,0,0,1,0
2020-10-17,US,Michigan,Alger,88,0,0,46.41292944,-86.60260122,26003.0,966.1835748792273,0.0,88,77,0,0,77,67,9097,11,0,0,11,10
2020-10-17,US,Michigan,Allegan,1040,7,0,42.59147037,-85.89102866,26005.0,880.7513486505028,0.6730769230769231,1033,1015,7,0,1008,989,117327,25,0,0,25,26
2020-10-17,US,Michigan,Alpena,152,14,0,45.03477666,-83.62212411,26007.0,535.1170568561873,9.210526315789474,138,148,14,0,134,148,28360,4,0,0,4,0
2020-10-17,US,Michigan,Antrim,92,0,0,44.99690221,-85.15503082,26009.0,394.44349168238716,0.0,92,89,0,0,89,88,23365,3,0,0,3,1
2020-10-17,US,Michigan,Arenac,87,3,0,44.0636262,-83.89277559,26011.0,584.5595646039105,3.4482758620689653,84,84,3,0,81,84,15041,3,0,0,3,0
2020-10-17,US,Michigan,Baraga,66,4,0,46.6720582,-88.36363591,26013.0,803.9956145693751,6.0606060606060606,62,65,4,0,61,63,8320,1,0,0,1,2
2020-10-17,US,Michigan,Barry,515,5,0,42.59513984,-85.30834519,26015.0,836.7181153533713,0.9708737864077671,510,504,5,0,499,494,61157,11,0,0,11,10
2020-10-17,US,Michigan,Bay,1221,55,0,43.70639106,-83.98731479,26017.0,1183.9885188992107,4.504504504504505,1166,1199,55,0,1144,1187,103923,22,0,0,22,12
2020-10-17,US,Michigan,Benzie,104,2,0,44.63899297,-86.01608482,26019.0,585.3878194303726,1.9230769230769231,102,101,2,0,99,101,17753,3,0,0,3,0
2020-10-17,US,Michigan,Berrien,2308,77,0,41.95447397,-86.41313079999998,26021.0,1504.5534253362102,3.336221837088388,2231,2286,78,0,2208,2220,154141,22,-1,0,23,66
2020-10-17,US,Michigan,Branch,767,10,0,41.91600556,-85.05929476,26023.0,1762.5295861387506,1.303780964797914,757,756,10,0,746,742,43622,11,0,0,11,14
2020-10-17,US,Michigan,Calhoun,2192,52,0,42.24633834,-85.00493569,26025.0,1633.8821845720374,2.372262773722628,2140,2150,53,0,2097,2087,134487,42,-1,0,43,63
2020-10-17,US,Michigan,Cass,805,23,0,41.91522292,-85.99405727,26027.0,1554.4441655241662,2.8571428571428568,782,788,23,0,765,753,51653,17,0,0,17,35
2020-10-17,US,Michigan,Charlevoix,133,4,0,45.37790017,-85.19614053,26029.0,508.7403893967794,3.0075187969924815,129,131,4,0,127,129,26244,2,0,0,2,2
2020-10-17,US,Michigan,Cheboygan,112,2,0,45.44787015,-84.50122149,26031.0,443.1080867225827,1.7857142857142858,110,112,2,0,110,108,25413,0,0,0,0,4
2020-10-17,US,Michigan,Chippewa,104,0,0,46.29552653,-84.54353449,26033.0,278.45457709711104,0.0,104,101,0,0,101,97,37517,3,0,0,3,4
2020-10-17,US,Michigan,Clare,209,7,0,43.98794227,-84.84819859999998,26035.0,675.2827140549272,3.3492822966507183,202,198,6,0,192,189,30757,11,1,0,10,9
2020-10-17,US,Michigan,Clinton,874,14,0,42.94400871,-84.60145248,26037.0,1098.0589232992022,1.6018306636155606,860,857,14,0,843,844,79332,17,0,0,17,13
2020-10-17,US,Michigan,Crawford,136,5,0,44.68255561,-84.61006219,26039.0,969.4204861358612,3.6764705882352944,131,135,5,0,130,132,13901,1,0,0,1,3
2020-10-17,US,Michigan,Delta,958,17,0,45.90484910000001,-86.9080745,26041.0,2677.174156047396,1.7745302713987474,941,949,16,0,933,912,35857,9,1,0,8,37
2020-10-17,US,Michigan,Dickinson,444,8,0,46.00999672,-87.86961634,26043.0,1759.1822179959586,1.8018018018018016,436,414,5,0,409,382,25383,30,3,0,27,32
2020-10-17,US,Michigan,Eaton,926,10,0,42.59599185,-84.83740035,26045.0,839.7721913882541,1.079913606911447,916,894,10,0,884,878,109826,32,0,0,32,16
2020-10-17,US,Michigan,Emmet,183,4,0,45.52625509,-84.89083249,26047.0,547.6582373185695,2.1857923497267757,179,181,4,0,177,181,33308,2,0,0,2,0
2020-10-17,US,Michigan,Federal Correctional Institution (FCI),195,5,0,0.0,0.0,0.0,0.0,2.5641025641025643,190,195,5,0,190,195,,0,0,0,0,0
2020-10-17,US,Michigan,Genesee,5910,322,0,43.02244215,-83.70589709,26049.0,1456.3357999866935,5.44839255499154,5588,5811,321,0,5490,5694,406892,99,1,0,98,117
2020-10-17,US,Michigan,Gladwin,156,2,0,43.98901072,-84.38774817,26051.0,612.9906872568666,1.2820512820512822,154,156,2,0,154,147,25337,0,0,0,0,9
2020-10-17,US,Michigan,Gogebic,264,2,0,46.40862701,-89.69377193,26053.0,1889.0876565295166,0.7575757575757576,262,239,2,0,237,224,15096,25,0,0,25,15
2020-10-17,US,Michigan,Grand Traverse,631,13,0,44.69565625,-85.55585247,26055.0,677.8532141629425,2.060221870047544,618,628,12,0,616,619,92573,3,1,0,2,9
2020-10-17,US,Michigan,Gratiot,396,16,0,43.29265605,-84.60505416,26057.0,972.7100783572008,4.040404040404041,380,389,16,0,373,389,40599,7,0,0,7,0
2020-10-17,US,Michigan,Hillsdale,451,27,0,41.88753639,-84.59312019,26059.0,988.9266527793004,5.986696230598669,424,440,27,0,413,429,45749,11,0,0,11,11
2020-10-17,US,Michigan,Houghton,846,6,0,46.89988536,-88.68495385,26061.0,2370.8104472592763,0.7092198581560284,840,839,6,0,833,832,36219,7,0,0,7,7
2020-10-17,US,Michigan,Huron,257,5,0,43.83353985,-83.04078453,26063.0,829.5406862270422,1.9455252918287935,252,253,5,0,248,251,31166,4,0,0,4,2
2020-10-17,US,Michigan,Ingham,4237,58,0,42.59716886,-84.37472069,26065.0,1449.012674158533,1.3688930847297616,4179,4217,57,0,4160,4176,292735,20,1,0,19,41
2020-10-17,US,Michigan,Ionia,560,7,0,42.94502238,-85.07413319,26067.0,865.5733650710234,1.25,553,531,7,0,524,516,64210,29,0,0,29,15
2020-10-17,US,Michigan,Iosco,256,14,0,44.35486835,-83.63484895,26069.0,1018.8243721892784,5.46875,242,255,14,0,241,253,25081,1,0,0,1,2
2020-10-17,US,Michigan,Iron,336,18,0,46.20974132,-88.53136251,26071.0,3036.3274896078083,5.357142857142857,318,326,17,0,309,315,11117,10,1,0,9,11
2020-10-17,US,Michigan,Isabella,914,15,0,43.64060976,-84.84664923,26073.0,1308.1062514311884,1.6411378555798688,899,897,15,0,882,878,70562,17,0,0,17,19
2020-10-17,US,Michigan,Jackson,1516,61,0,42.24807035,-84.42258681,26075.0,956.4065358652452,4.0237467018469655,1455,1482,60,0,1422,1434,158823,34,1,0,33,48
2020-10-17,US,Michigan,Kalamazoo,4133,99,0,42.24542231,-85.53038622,26077.0,1559.234303909215,2.3953544640696833,4034,4045,98,0,3947,3932,264870,88,1,0,87,113
2020-10-17,US,Michigan,Kalkaska,114,4,0,44.68512729,-85.09085699,26079.0,631.999112983701,3.5087719298245608,110,110,4,0,106,103,17824,4,0,0,4,7
2020-10-17,US,Michigan,Kent,12343,178,0,43.03197711,-85.54934642,26081.0,1878.819706068148,1.4421129385076559,12165,12201,178,0,12023,12024,653786,142,0,0,142,177
2020-10-17,US,Michigan,Keweenaw,17,0,0,47.63197653,-88.41434263,26083.0,803.4026465028355,0.0,17,18,0,0,18,16,2113,-1,0,0,-1,2
2020-10-17,US,Michigan,Lake,43,0,0,43.99050893,-85.802173,26085.0,362.77735594364304,0.0,43,41,0,0,41,40,11881,2,0,0,2,1
2020-10-17,US,Michigan,Lapeer,788,38,0,43.09052506,-83.22153148,26087.0,899.4715034186763,4.822335025380711,750,772,38,0,734,757,88028,16,0,0,16,15
2020-10-17,US,Michigan,Leelanau,130,1,0,44.94430054,-85.80150326,26089.0,597.3990165893111,0.7692307692307693,129,129,1,0,128,125,21764,1,0,0,1,4
2020-10-17,US,Michigan,Lenawee,1007,18,0,41.89475156,-84.06603727,26091.0,1022.8438512559547,1.7874875868917577,989,997,18,0,979,983,98266,10,0,0,10,14
2020-10-17,US,Michigan,Livingston,1740,32,0,42.60302282,-83.91297209,26093.0,906.2736008750227,1.839080459770115,1708,1709,32,0,1677,1688,191224,31,0,0,31,21
2020-10-17,US,Michigan,Luce,37,0,0,46.47227431,-85.54471223,26095.0,593.9958259752771,0.0,37,37,0,0,37,37,6283,0,0,0,0,0
2020-10-17,US,Michigan,Mackinac,137,0,0,46.07028979,-85.04980537,26097.0,1268.6359848134084,0.0,137,134,0,0,134,123,10787,3,0,0,3,11
2020-10-17,US,Michigan,Macomb,16870,1061,0,42.69158356,-82.92752801,26099.0,1930.2677888994158,6.289270895080024,15809,16751,1059,0,15692,16548,874759,119,2,0,117,203
2020-10-17,US,Michigan,Manistee,109,3,0,44.33352407,-86.05626916,26101.0,443.8472188288949,2.7522935779816518,106,106,3,0,103,103,24528,3,0,0,3,3
2020-10-17,US,Michigan,Marquette,956,12,0,46.4338914,-87.64043701,26103.0,1433.3048471491327,1.2552301255230125,944,702,12,0,690,654,66516,254,0,0,254,48
2020-10-17,US,Michigan,Mason,173,1,0,43.99509218,-86.24988902,26105.0,593.6041723853966,0.5780346820809249,172,168,1,0,167,161,29100,5,0,0,5,7
2020-10-17,US,Michigan,Mecosta,356,4,0,43.64064262,-85.32463223,26107.0,819.2759993556256,1.1235955056179776,352,342,4,0,338,324,43545,14,0,0,14,18
2020-10-17,US,Michigan,Menominee,593,3,0,45.58038692,-87.55370409,26109.0,2603.160667251976,0.5059021922428331,590,609,3,0,606,577,22983,-16,0,0,-16,32
2020-10-17,US,Michigan,Michigan Department of Corrections (MDOC),5846,75,0,0.0,0.0,0.0,0.0,1.2829284981183715,5771,5832,75,0,5757,5803,,14,0,0,14,29
2020-10-17,US,Michigan,Midland,800,13,0,43.64330771,-84.38804374,26111.0,962.0472365193132,1.625,787,781,13,0,768,767,83209,19,0,0,19,14
2020-10-17,US,Michigan,Missaukee,78,1,0,44.33772443,-85.09256478,26113.0,515.9412620717027,1.2820512820512822,77,75,1,0,74,70,15113,3,0,0,3,5
2020-10-17,US,Michigan,Monroe,1795,30,0,41.92734151,-83.53749864,26115.0,1192.6910299003325,1.6713091922005572,1765,1784,30,0,1754,1753,150439,11,0,0,11,31
2020-10-17,US,Michigan,Montcalm,480,8,0,43.31082541,-85.15252824,26117.0,751.3148009015778,1.6666666666666667,472,462,8,0,454,454,63968,18,0,0,18,8
2020-10-17,US,Michigan,Montmorency,20,0,0,45.0275929,-84.12696227,26119.0,214.4082332761578,0.0,20,20,0,0,20,19,9265,0,0,0,0,1
2020-10-17,US,Michigan,Muskegon,1794,76,0,43.29123859,-86.15176712,26121.0,1033.6125738911999,4.23634336677815,1718,1778,74,0,1704,1760,173588,16,2,0,14,18
2020-10-17,US,Michigan,Newaygo,511,2,0,43.554373999999996,-85.80070107,26123.0,1043.2829726418947,0.3913894324853229,509,505,2,0,503,493,48892,6,0,0,6,12
2020-10-17,US,Michigan,Oakland,22931,1226,0,42.66090111,-83.38595416,26125.0,1823.4169645924246,5.346474205224369,21705,22752,1224,0,21528,22571,1259201,179,2,0,177,181
2020-10-17,US,Michigan,Oceana,567,6,0,43.64124435,-86.26726673,26127.0,2142.2903993652467,1.058201058201058,561,561,6,0,555,558,26625,6,0,0,6,3
2020-10-17,US,Michigan,Ogemaw,84,5,0,44.33481032,-84.12725175,26129.0,400.0571510215745,5.9523809523809526,79,83,5,0,78,81,20952,1,0,0,1,2
2020-10-17,US,Michigan,Ontonagon,69,0,0,46.665226200000006,-89.31390481,26131.0,1206.2937062937062,0.0,69,64,0,0,64,60,5795,5,0,0,5,4
2020-10-17,US,Michigan,Osceola,120,0,0,43.98992088,-85.32566756,26133.0,511.5089514066496,0.0,120,119,0,0,119,117,23341,1,0,0,1,2
2020-10-17,US,Michigan,Oscoda,52,1,0,44.68192279,-84.12939244,26135.0,630.9913845407111,1.9230769230769231,51,50,1,0,49,50,8276,2,0,0,2,0
2020-10-17,US,Michigan,Otsego,206,11,0,45.02085831,-84.59898295,26137.0,835.0899951353981,5.339805825242719,195,205,11,0,194,203,24665,1,0,0,1,2
2020-10-17,US,Michigan,Ottawa,4299,72,0,42.95996803,-85.9969107,26139.0,1473.117911112634,1.674808094905792,4227,4238,70,0,4168,4159,290494,61,2,0,59,79
2020-10-17,US,Michigan,Out of MI,254,2,0,0.0,0.0,80026.0,0.0,0.7874015748031497,252,246,2,0,244,236,,8,0,0,8,10
2020-10-17,US,Michigan,Presque Isle,35,1,0,45.34018577,-83.91498656,26141.0,277.9542566709021,2.8571428571428568,34,34,1,0,33,33,12738,1,0,0,1,1
2020-10-17,US,Michigan,Roscommon,133,4,0,44.33473082,-84.61067651,26143.0,553.7282984304093,3.0075187969924815,129,128,4,0,124,125,23884,5,0,0,5,3
2020-10-17,US,Michigan,Saginaw,3378,148,0,43.33433923,-84.05131209999998,26145.0,1772.8653976351293,4.381290704558912,3230,3338,148,0,3190,3312,190800,40,0,0,40,26
2020-10-17,US,Michigan,Sanilac,165,7,0,43.42406072,-82.82055898,26151.0,400.7772649987857,4.242424242424242,158,163,7,0,156,163,41182,2,0,0,2,0
2020-10-17,US,Michigan,Schoolcraft,54,0,0,46.19235734,-86.19972234,26153.0,667.1608598962194,0.0,54,53,0,0,53,53,8068,1,0,0,1,0
2020-10-17,US,Michigan,Shiawassee,611,33,0,42.95392800000001,-84.14585902,26155.0,896.9202313496374,5.400981996726677,578,605,33,0,572,598,68192,6,0,0,6,7
2020-10-17,US,Michigan,St. Clair,1279,63,0,42.92655373,-82.67937954,26147.0,803.7554672967674,4.925723221266613,1216,1256,62,0,1194,1220,159337,23,1,0,22,36
2020-10-17,US,Michigan,St. Joseph,1037,12,0,41.91441767,-85.52797979,26149.0,1701.0038711370646,1.1571841851494695,1025,1028,12,0,1016,998,61043,9,0,0,9,30
2020-10-17,US,Michigan,Tuscola,577,34,0,43.46606813,-83.41897025,26157.0,1104.4119054454973,5.8925476603119575,543,573,34,0,539,557,52516,4,0,0,4,16
2020-10-17,US,Michigan,Unassigned,10,0,0,0.0,0.0,90026.0,0.0,0.0,10,19,0,0,19,11,,-9,0,0,-9,8
2020-10-17,US,Michigan,Van Buren,929,18,0,42.25190229,-86.01939087,26159.0,1227.585660108091,1.9375672766415504,911,914,18,0,896,904,75448,15,0,0,15,10
2020-10-17,US,Michigan,Washtenaw,4661,116,0,42.253105,-83.83853204,26161.0,1267.950848882348,2.4887363226775374,4545,4544,116,0,4428,4466,370963,117,0,0,117,78
2020-10-17,US,Michigan,Wayne,38146,3022,0,42.28098405,-83.281255,26163.0,2180.590084391683,7.922193676925497,35124,37951,3017,0,34934,37702,1753893,195,5,0,190,249
2020-10-17,US,Michigan,Wexford,146,4,0,44.33853602,-85.57712739,26165.0,434.1232791174809,2.7397260273972597,142,145,4,0,141,145,33466,1,0,0,1,0
2020-10-17,US,Minnesota,Aitkin,146,1,0,46.60962049,-93.41168259999999,27001.0,919.0482185572198,0.6849315068493149,145,140,1,0,139,133,15902,6,0,0,6,7
2020-10-17,US,Minnesota,Anoka,7826,147,0,45.27476015,-93.24604565,27003.0,2192.6420692534202,1.8783542039355996,7679,7715,147,0,7568,7614,353813,111,0,0,111,101
2020-10-17,US,Minnesota,Becker,472,3,0,46.93479392,-95.67158144,27005.0,1371.176248438544,0.6355932203389829,469,460,2,0,458,427,34371,12,1,0,11,33
2020-10-17,US,Minnesota,Beltrami,736,7,0,47.97373527,-94.93732139,27007.0,1559.718572518437,0.9510869565217392,729,714,7,0,707,706,46847,22,0,0,22,8
2020-10-17,US,Minnesota,Benton,815,4,0,45.69804958,-93.99514135,27009.0,1993.2011054317786,0.4907975460122699,811,790,4,0,786,755,40545,25,0,0,25,35
2020-10-17,US,Minnesota,Big Stone,125,0,0,45.42712824,-96.41403739,27011.0,2504.5081146062907,0.0,125,121,0,0,121,118,4989,4,0,0,4,3
2020-10-17,US,Minnesota,Blue Earth,1948,7,0,44.03554215,-94.06699781,27013.0,2879.399287540833,0.3593429158110883,1941,1933,7,0,1926,1890,67427,15,0,0,15,43
2020-10-17,US,Minnesota,Brown,290,3,0,44.24205652,-94.72562874,27015.0,1159.6289187460013,1.0344827586206895,287,285,3,0,282,276,25111,5,0,0,5,9
2020-10-17,US,Minnesota,Carlton,371,1,0,46.59180601,-92.67601019,27017.0,1034.261659836637,0.2695417789757412,370,368,1,0,367,364,35837,3,0,0,3,4
2020-10-17,US,Minnesota,Carver,1664,7,0,44.82017001,-93.80099179999999,27019.0,1583.4197680061661,0.4206730769230769,1657,1646,7,0,1639,1624,103551,18,0,0,18,22
2020-10-17,US,Minnesota,Cass,293,5,0,46.95043611,-94.32603968,27021.0,983.9148393162967,1.706484641638225,288,289,4,0,285,274,29519,4,1,0,3,15
2020-10-17,US,Minnesota,Chippewa,364,3,0,45.02343421,-95.56403693,27023.0,3084.745762711864,0.8241758241758241,361,357,2,0,355,334,11924,7,1,0,6,23
2020-10-17,US,Minnesota,Chisago,811,2,0,45.5021011,-92.90861945,27025.0,1433.3940154474274,0.2466091245376079,809,787,2,0,785,763,55922,24,0,0,24,24
2020-10-17,US,Minnesota,Clay,1966,43,0,46.89289518,-96.48761922,27027.0,3061.2562673227244,2.187182095625636,1923,1919,43,0,1876,1862,63955,47,0,0,47,57
2020-10-17,US,Minnesota,Clearwater,71,0,0,47.57992111,-95.37790562,27029.0,805.171240644137,0.0,71,64,0,0,64,59,8810,7,0,0,7,5
2020-10-17,US,Minnesota,Cook,9,0,0,47.90504893,-90.52629546,27031.0,164.74464579901152,0.0,9,8,0,0,8,8,5393,1,0,0,1,0
2020-10-17,US,Minnesota,Cottonwood,259,0,0,44.00715262,-95.18138802,27033.0,2313.3261879242586,0.0,259,253,0,0,253,253,11277,6,0,0,6,0
2020-10-17,US,Minnesota,Crow Wing,834,21,0,46.48096553,-94.06755609,27035.0,1281.992160479594,2.5179856115107917,813,810,21,0,789,766,64889,24,0,0,24,44
2020-10-17,US,Minnesota,Dakota,9030,133,0,44.67172617,-93.06299363,27037.0,2104.792073115302,1.4728682170542635,8897,8930,133,0,8797,8814,425423,100,0,0,100,116
2020-10-17,US,Minnesota,Dodge,353,0,0,44.02238415,-92.86244324,27039.0,1686.2520301901209,0.0,353,349,0,0,349,340,20822,4,0,0,4,9
2020-10-17,US,Minnesota,Douglas,569,3,0,45.93348491,-95.45335469,27041.0,1491.8329356860074,0.5272407732864675,566,556,3,0,553,532,37964,13,0,0,13,24
2020-10-17,US,Minnesota,Faribault,205,0,0,43.67381499,-93.94787458,27043.0,1501.5015015015015,0.0,205,198,0,0,198,193,13758,7,0,0,7,5
2020-10-17,US,Minnesota,Fillmore,232,0,0,43.67394126,-92.08980382,27045.0,1101.2483979683866,0.0,232,223,0,0,223,211,21058,9,0,0,9,12
2020-10-17,US,Minnesota,Freeborn,625,4,0,43.67385583,-93.34884422,27047.0,2064.000528384135,0.64,621,618,4,0,614,597,30444,7,0,0,7,21
2020-10-17,US,Minnesota,Goodhue,491,11,0,44.40849741,-92.72341949999999,27049.0,1059.5597755718602,2.240325865580448,480,477,11,0,466,462,46403,14,0,0,14,15
2020-10-17,US,Minnesota,Grant,84,4,0,45.93424769,-96.01139609,27051.0,1406.563965170797,4.761904761904762,80,84,4,0,80,81,6021,0,0,0,0,3
2020-10-17,US,Minnesota,Hennepin,31749,962,0,45.00761521,-93.47694895,27053.0,2508.130945148806,3.0300166934391632,30787,31472,962,0,30510,31161,1259428,277,0,0,277,311
2020-10-17,US,Minnesota,Houston,177,1,0,43.67129565,-91.49143057,27055.0,951.6129032258065,0.5649717514124294,176,174,1,0,173,169,18578,3,0,0,3,5
2020-10-17,US,Minnesota,Hubbard,286,2,0,47.10778564,-94.91693868,27057.0,1330.7896328695733,0.6993006993006993,284,264,2,0,262,243,21332,22,0,0,22,21
2020-10-17,US,Minnesota,Isanti,474,3,0,45.56181234,-93.29487636,27059.0,1167.6027194797514,0.6329113924050633,471,460,3,0,457,451,39966,14,0,0,14,9
2020-10-17,US,Minnesota,Itasca,656,17,0,47.51009045,-93.63092229,27061.0,1453.5785508530912,2.591463414634146,639,638,17,0,621,617,45108,18,0,0,18,21
2020-10-17,US,Minnesota,Jackson,186,1,0,43.67423373,-95.15398258,27063.0,1889.0920170627667,0.5376344086021505,185,183,1,0,182,181,9911,3,0,0,3,2
2020-10-17,US,Minnesota,Kanabec,180,10,0,45.9459309,-93.29275192,27065.0,1101.7934749341982,5.5555555555555545,170,178,10,0,168,170,16207,2,0,0,2,8
2020-10-17,US,Minnesota,Kandiyohi,1490,4,0,45.1526059,-95.00586446,27067.0,3449.153915599898,0.2684563758389262,1486,1464,4,0,1460,1388,42855,26,0,0,26,76
2020-10-17,US,Minnesota,Kittson,25,0,0,48.77754106,-96.78317184,27069.0,581.6658911121452,0.0,25,23,0,0,23,19,4248,2,0,0,2,4
2020-10-17,US,Minnesota,Koochiching,159,4,0,48.24539665,-93.78352843,27071.0,1300.1880775206475,2.5157232704402515,155,156,4,0,152,149,12440,3,0,0,3,7
2020-10-17,US,Minnesota,Lac qui Parle,121,2,0,44.9973857,-96.17488219,27073.0,1826.9666314359051,1.6528925619834711,119,118,2,0,116,115,6658,3,0,0,3,3
2020-10-17,US,Minnesota,Lake,98,0,0,47.64270764,-91.44557998,27075.0,920.9660746170473,0.0,98,94,0,0,94,92,10658,4,0,0,4,2
2020-10-17,US,Minnesota,Lake of the Woods,40,1,0,48.77217001,-94.90274472,27077.0,1069.51871657754,2.5,39,39,1,0,38,39,3758,1,0,0,1,0
2020-10-17,US,Minnesota,Le Sueur,582,5,0,44.37136597,-93.72844721,27079.0,2014.747118080797,0.8591065292096219,577,574,5,0,569,553,28494,8,0,0,8,21
2020-10-17,US,Minnesota,Lincoln,161,0,0,44.41311883,-96.26688165,27081.0,2855.116155346693,0.0,161,156,0,0,156,151,5673,5,0,0,5,5
2020-10-17,US,Minnesota,Lyon,909,6,0,44.41327865,-95.83806103,27083.0,3568.3441940802386,0.6600660066006601,903,896,6,0,890,887,25629,13,0,0,13,9
2020-10-17,US,Minnesota,Mahnomen,88,1,0,47.32557075,-95.80921485,27087.0,1592.1838248597794,1.1363636363636365,87,85,1,0,84,79,5519,3,0,0,3,6
2020-10-17,US,Minnesota,Marshall,82,1,0,48.35825983,-96.37017407,27089.0,878.3204798628963,1.2195121951219512,81,76,1,0,75,74,9390,6,0,0,6,2
2020-10-17,US,Minnesota,Martin,579,16,0,43.67429718,-94.55099908,27091.0,2941.624752324341,2.763385146804836,563,567,16,0,551,558,19785,12,0,0,12,9
2020-10-17,US,Minnesota,McLeod,557,3,0,44.82367677,-94.27287017,27085.0,1551.8346195637032,0.5385996409335727,554,555,3,0,552,550,35873,2,0,0,2,5
2020-10-17,US,Minnesota,Meeker,300,3,0,45.12328869,-94.52839455,27093.0,1291.8783911807768,1.0,297,294,3,0,291,279,23141,6,0,0,6,15
2020-10-17,US,Minnesota,Mille Lacs,342,7,0,45.93705297,-93.63236823,27095.0,1301.5184381778745,2.046783625730994,335,329,7,0,322,299,26139,13,0,0,13,30
2020-10-17,US,Minnesota,Morrison,562,6,0,46.01265363,-94.27341528,27097.0,1683.3403222907807,1.0676156583629892,556,536,5,0,531,478,33169,26,1,0,25,58
2020-10-17,US,Minnesota,Mower,1484,11,0,43.67142874,-92.75234549,27099.0,3704.258399480805,0.7412398921832885,1473,1473,11,0,1462,1454,40011,11,0,0,11,19
2020-10-17,US,Minnesota,Murray,241,3,0,44.02216709,-95.76328482,27101.0,2941.1764705882347,1.2448132780082988,238,234,3,0,231,228,8276,7,0,0,7,6
2020-10-17,US,Minnesota,Nicollet,663,17,0,44.35291112,-94.24710352,27103.0,1934.4109237322755,2.5641025641025643,646,651,17,0,634,638,34220,12,0,0,12,13
2020-10-17,US,Minnesota,Nobles,2106,16,0,43.67434621,-95.75329576,27105.0,9736.927273567895,0.7597340930674265,2090,2093,16,0,2077,2085,21924,13,0,0,13,8
2020-10-17,US,Minnesota,Norman,88,0,0,47.32628443,-96.45620947,27107.0,1380.3921568627454,0.0,88,88,0,0,88,86,6475,0,0,0,0,2
2020-10-17,US,Minnesota,Olmsted,3025,29,0,44.00374114,-92.40209944,27109.0,1911.0131212371994,0.9586776859504132,2996,2979,29,0,2950,2912,156277,46,0,0,46,67
2020-10-17,US,Minnesota,Otter Tail,696,6,0,46.40846929,-95.70835255,27111.0,1184.761515677663,0.8620689655172413,690,670,6,0,664,643,58812,26,0,0,26,27
2020-10-17,US,Minnesota,Pennington,157,1,0,48.06642577,-96.0370814,27113.0,1111.976768892981,0.6369426751592356,156,153,1,0,152,151,14178,4,0,0,4,2
2020-10-17,US,Minnesota,Pine,495,0,0,46.12105238,-92.74070188,27115.0,1673.48456675344,0.0,495,488,0,0,488,479,29483,7,0,0,7,9
2020-10-17,US,Minnesota,Pipestone,323,16,0,44.02301619,-96.25841142,27117.0,3539.3381547227705,4.953560371517028,307,320,16,0,304,317,9047,3,0,0,3,3
2020-10-17,US,Minnesota,Polk,480,4,0,47.77372465,-96.40134647,27119.0,1530.4170386430303,0.8333333333333334,476,455,4,0,451,447,31529,25,0,0,25,8
2020-10-17,US,Minnesota,Pope,137,0,0,45.58606667,-95.44451209,27121.0,1217.8860343141612,0.0,137,136,0,0,136,131,11097,1,0,0,1,5
2020-10-17,US,Minnesota,Ramsey,13063,341,0,45.01625271,-93.09872295,27123.0,2373.7055282280703,2.610426395161908,12722,12922,341,0,12581,12786,550210,141,0,0,141,136
2020-10-17,US,Minnesota,Red Lake,55,2,0,47.87197525,-96.09561104,27125.0,1356.3501849568433,3.636363636363636,53,52,2,0,50,49,3999,3,0,0,3,3
2020-10-17,US,Minnesota,Redwood,236,10,0,44.40555844,-95.25207021,27127.0,1555.7020435069214,4.2372881355932215,226,231,10,0,221,223,15249,5,0,0,5,8
2020-10-17,US,Minnesota,Renville,224,11,0,44.72836381,-94.94553734,27129.0,1539.7305471542481,4.910714285714286,213,216,11,0,205,216,14612,8,0,0,8,0
2020-10-17,US,Minnesota,Rice,1555,8,0,44.3543376,-93.29658715,27131.0,2321.865854386908,0.5144694533762058,1547,1522,8,0,1514,1508,66523,33,0,0,33,14
2020-10-17,US,Minnesota,Rock,282,1,0,43.67482683,-96.25296832,27133.0,3027.375201288245,0.3546099290780142,281,281,1,0,280,276,9414,1,0,0,1,5
2020-10-17,US,Minnesota,Roseau,179,0,0,48.77501878,-95.81079919,27135.0,1180.3494889548301,0.0,179,172,0,0,172,161,15150,7,0,0,7,11
2020-10-17,US,Minnesota,Scott,3112,34,0,44.6490231,-93.53340251,27139.0,2088.408393898519,1.0925449871465296,3078,3057,34,0,3023,3016,147381,55,0,0,55,41
2020-10-17,US,Minnesota,Sherburne,1498,20,0,45.44447208,-93.77617511,27141.0,1540.549990744359,1.335113484646195,1478,1467,20,0,1447,1428,96036,31,0,0,31,39
2020-10-17,US,Minnesota,Sibley,234,3,0,44.5796592,-94.23164924,27143.0,1574.167507568113,1.2820512820512822,231,232,3,0,229,227,15028,2,0,0,2,5
2020-10-17,US,Minnesota,St. Louis,2539,62,0,47.604840700000004,-92.46879855,27137.0,1275.4307530014567,2.4419062623079952,2477,2498,61,0,2437,2401,199754,41,1,0,40,97
2020-10-17,US,Minnesota,Stearns,5161,33,0,45.55192576,-94.61078221,27145.0,3204.0974701226137,0.6394109668668863,5128,5094,33,0,5061,4888,159256,67,0,0,67,206
2020-10-17,US,Minnesota,Steele,712,2,0,44.02240351,-93.22627088,27147.0,1942.7542361319547,0.2808988764044944,710,692,2,0,690,670,36803,20,0,0,20,22
2020-10-17,US,Minnesota,Stevens,157,1,0,45.58613007,-96.00163705,27149.0,1601.2238653748084,0.6369426751592356,156,153,1,0,152,151,9753,4,0,0,4,2
2020-10-17,US,Minnesota,Swift,184,1,0,45.2829032,-95.68264092,27151.0,1985.7543708180444,0.5434782608695652,183,179,1,0,178,178,9345,5,0,0,5,1
2020-10-17,US,Minnesota,Todd,666,2,0,46.06996226,-94.89785296,27153.0,2700.291923451184,0.3003003003003003,664,657,2,0,655,626,24582,9,0,0,9,31
2020-10-17,US,Minnesota,Traverse,48,0,0,45.77298854,-96.47062949,27155.0,1472.844430806996,0.0,48,47,0,0,47,47,3308,1,0,0,1,0
2020-10-17,US,Minnesota,Unassigned,195,53,0,0.0,0.0,90027.0,0.0,27.179487179487182,142,218,53,0,165,188,,-23,0,0,-23,30
2020-10-17,US,Minnesota,Wabasha,310,0,0,44.28424356,-92.23121312,27157.0,1433.3934433809588,0.0,310,303,0,0,303,285,21645,7,0,0,7,18
2020-10-17,US,Minnesota,Wadena,171,0,0,46.58589171,-94.96968506,27159.0,1249.8172781757053,0.0,171,170,0,0,170,153,13773,1,0,0,1,17
2020-10-17,US,Minnesota,Waseca,904,9,0,44.02211116,-93.58720034,27161.0,4857.081452826134,0.9955752212389379,895,893,9,0,884,885,18691,11,0,0,11,8
2020-10-17,US,Minnesota,Washington,5016,66,0,45.03864533,-92.88429635,27163.0,1911.2940100594421,1.3157894736842106,4950,4942,66,0,4876,4859,259201,74,0,0,74,83
2020-10-17,US,Minnesota,Watonwan,558,4,0,43.97823903,-94.61413846,27165.0,5120.675415251904,0.7168458781362007,554,557,4,0,553,553,10980,1,0,0,1,4
2020-10-17,US,Minnesota,Wilkin,115,4,0,46.35721532,-96.4684375,27167.0,1852.7468986628,3.4782608695652173,111,110,4,0,106,108,6254,5,0,0,5,2
2020-10-17,US,Minnesota,Winona,1157,18,0,43.98772283,-91.78081305,27169.0,2291.815228587275,1.5557476231633536,1139,1136,18,0,1118,1096,50825,21,0,0,21,40
2020-10-17,US,Minnesota,Wright,2209,13,0,45.17297924,-93.96234781,27171.0,1596.3635575276237,0.5885015844273427,2196,2170,13,0,2157,2143,136349,39,0,0,39,27
2020-10-17,US,Minnesota,Yellow Medicine,263,5,0,44.71710183,-95.86842453,27173.0,2708.8268616747346,1.9011406844106464,258,260,5,0,255,256,9795,3,0,0,3,4
2020-10-17,US,Mississippi,Adams,1040,42,0,31.47669768,-91.35326037,28001.0,3388.394747988141,4.038461538461538,998,1032,40,0,992,1019,31192,8,2,0,6,13
2020-10-17,US,Mississippi,Alcorn,944,12,0,34.88084463,-88.57996173,28003.0,2554.5963791843687,1.2711864406779658,932,938,12,0,926,920,36925,6,0,0,6,18
2020-10-17,US,Mississippi,Amite,415,13,0,31.17467303,-90.80501621,28005.0,3374.806863462633,3.132530120481928,402,412,13,0,399,410,12326,3,0,0,3,2
2020-10-17,US,Mississippi,Attala,763,25,0,33.08658803,-89.57838564,28007.0,4198.305271266645,3.2765399737876804,738,755,25,0,730,749,18365,8,0,0,8,6
2020-10-17,US,Mississippi,Benton,300,4,0,34.81681228,-89.18945516,28009.0,3632.401017072285,1.3333333333333333,296,296,4,0,292,292,8271,4,0,0,4,4
2020-10-17,US,Mississippi,Bolivar,1977,75,0,33.79696941,-90.87372121,28011.0,6454.8778895128635,3.793626707132018,1902,1973,75,0,1898,1967,31333,4,0,0,4,6
2020-10-17,US,Mississippi,Calhoun,609,12,0,33.93683395,-89.33686647,28013.0,4240.65176519741,1.9704433497536944,597,605,12,0,593,594,14436,4,0,0,4,11
2020-10-17,US,Mississippi,Carroll,458,12,0,33.44834567,-89.91994479,28015.0,4604.403337689756,2.6200873362445414,446,453,12,0,441,449,9911,5,0,0,5,4
2020-10-17,US,Mississippi,Chickasaw,817,24,0,33.91983202,-88.9481545,28017.0,4776.939718178098,2.9375764993880047,793,811,24,0,787,801,17171,6,0,0,6,10
2020-10-17,US,Mississippi,Choctaw,203,6,0,33.34598242,-89.24809382,28019.0,2472.594397076736,2.955665024630542,197,202,6,0,196,202,8278,1,0,0,1,0
2020-10-17,US,Mississippi,Claiborne,530,16,0,31.97061673,-90.90702196,28021.0,5896.751223854029,3.018867924528302,514,528,16,0,512,527,9002,2,0,0,2,1
2020-10-17,US,Mississippi,Clarke,709,48,0,32.04158545,-88.68896219999998,28023.0,4562.125989318577,6.770098730606486,661,704,48,0,656,701,15604,5,0,0,5,3
2020-10-17,US,Mississippi,Clay,666,21,0,33.65358105,-88.77784255,28025.0,3447.9188237730377,3.1531531531531534,645,663,21,0,642,660,19386,3,0,0,3,3
2020-10-17,US,Mississippi,Coahoma,1228,36,0,34.22772299,-90.60415045,28027.0,5550.5333574398865,2.931596091205212,1192,1223,36,0,1187,1219,22628,5,0,0,5,4
2020-10-17,US,Mississippi,Copiah,1333,36,0,31.86977774,-90.44565118,28029.0,4749.688223766257,2.7006751687921984,1297,1328,36,0,1292,1319,28543,5,0,0,5,9
2020-10-17,US,Mississippi,Covington,908,25,0,31.63225413,-89.55389939,28031.0,4872.290191028118,2.753303964757709,883,902,25,0,877,897,18853,6,0,0,6,5
2020-10-17,US,Mississippi,DeSoto,6551,77,0,34.87625235,-89.99091418,28033.0,3542.1341479899434,1.175393069760342,6474,6495,77,0,6418,6401,182001,56,0,0,56,94
2020-10-17,US,Mississippi,Forrest,2927,77,0,31.18961454,-89.25832496,28035.0,3908.033699614137,2.630679877007174,2850,2906,77,0,2829,2887,75036,21,0,0,21,19
2020-10-17,US,Mississippi,Franklin,228,3,0,31.47786634,-90.89672989,28037.0,2956.0482302605988,1.3157894736842106,225,223,3,0,220,220,7788,5,0,0,5,3
2020-10-17,US,Mississippi,George,932,17,0,30.86259065,-88.64436789,28039.0,3804.0816326530608,1.8240343347639485,915,927,16,0,911,922,24250,5,1,0,4,5
2020-10-17,US,Mississippi,Greene,447,17,0,31.21444233,-88.63922281,28041.0,3290.151626674518,3.8031319910514543,430,444,17,0,427,443,13586,3,0,0,3,1
2020-10-17,US,Mississippi,Grenada,1196,37,0,33.77036166,-89.80245083,28043.0,5761.634068792755,3.0936454849498327,1159,1193,37,0,1156,1190,21055,3,0,0,3,3
2020-10-17,US,Mississippi,Hancock,765,27,0,30.41830223,-89.48851033,28045.0,1606.0631508229765,3.5294117647058822,738,739,27,0,712,722,47334,26,0,0,26,17
2020-10-17,US,Mississippi,Harrison,4784,81,0,30.51359752,-89.12467576,28047.0,2299.115724721261,1.69314381270903,4703,4713,81,0,4632,4600,206650,71,0,0,71,113
2020-10-17,US,Mississippi,Hinds,7731,171,0,32.2656285,-90.44435448,28049.0,3334.627329192547,2.211874272409778,7560,7707,170,0,7537,7619,237085,24,1,0,23,88
2020-10-17,US,Mississippi,Holmes,1130,60,0,33.12345854,-90.08923538,28051.0,6643.151087595532,5.3097345132743365,1070,1129,60,0,1069,1126,17622,1,0,0,1,3
2020-10-17,US,Mississippi,Humphreys,399,16,0,33.12825718,-90.52252707,28053.0,4947.916666666667,4.010025062656641,383,394,16,0,378,392,8257,5,0,0,5,2
2020-10-17,US,Mississippi,Issaquena,106,3,0,32.72531359,-90.97392828,28055.0,7987.942727957799,2.830188679245283,103,106,3,0,103,106,1308,0,0,0,0,0
2020-10-17,US,Mississippi,Itawamba,1087,24,0,34.27993475,-88.3606733,28057.0,4647.2851646002555,2.2079116835326587,1063,1070,24,0,1046,1059,23517,17,0,0,17,11
2020-10-17,US,Mississippi,Jackson,4291,78,0,30.54020656,-88.64184064,28059.0,2987.807850045607,1.8177580983453743,4213,4258,77,0,4181,4193,143277,33,1,0,32,65
2020-10-17,US,Mississippi,Jasper,660,16,0,32.01922104,-89.11786866,28061.0,4028.5661966672774,2.4242424242424243,644,657,16,0,641,655,16428,3,0,0,3,2
2020-10-17,US,Mississippi,Jefferson,262,10,0,31.73397872,-91.03764977,28063.0,3748.2117310443487,3.816793893129771,252,259,10,0,249,256,7106,3,0,0,3,3
2020-10-17,US,Mississippi,Jefferson Davis,393,11,0,31.56884708,-89.82670990000004,28065.0,3531.6319194823877,2.7989821882951653,382,390,11,0,379,384,11234,3,0,0,3,6
2020-10-17,US,Mississippi,Jones,2816,82,0,31.62257767,-89.16896899999998,28067.0,4135.2168933008315,2.9119318181818183,2734,2799,81,0,2718,2779,68461,17,1,0,16,20
2020-10-17,US,Mississippi,Kemper,316,15,0,32.75462946,-88.64105766,28069.0,3243.687127899815,4.746835443037975,301,315,15,0,300,314,10027,1,0,0,1,1
2020-10-17,US,Mississippi,Lafayette,2413,42,0,34.35687874,-89.48490961,28071.0,4466.9468150095345,1.740571902196436,2371,2405,42,0,2363,2395,54793,8,0,0,8,10
2020-10-17,US,Mississippi,Lamar,2120,38,0,31.20572971,-89.5077704,28073.0,3346.857584894937,1.7924528301886793,2082,2100,38,0,2062,2075,62447,20,0,0,20,25
2020-10-17,US,Mississippi,Lauderdale,2329,130,0,32.40419769,-88.66229662,28075.0,3141.989881956155,5.5817947617003005,2199,2311,130,0,2181,2305,75317,18,0,0,18,6
2020-10-17,US,Mississippi,Lawrence,489,14,0,31.55147224,-90.10841127,28077.0,3885.2693468933735,2.8629856850715747,475,489,14,0,475,483,12455,0,0,0,0,6
2020-10-17,US,Mississippi,Leake,1118,39,0,32.7536828,-89.52402044,28079.0,4906.521548319143,3.4883720930232562,1079,1110,39,0,1071,1094,22763,8,0,0,8,16
2020-10-17,US,Mississippi,Lee,3392,79,0,34.291877500000005,-88.68149954,28081.0,3970.223325062034,2.329009433962264,3313,3354,79,0,3275,3316,85202,38,0,0,38,38
2020-10-17,US,Mississippi,Leflore,1587,86,0,33.55545125,-90.29900733,28083.0,5631.054181598835,5.419029615626969,1501,1582,86,0,1496,1570,28919,5,0,0,5,12
2020-10-17,US,Mississippi,Lincoln,1339,54,0,31.53288662,-90.45391915,28085.0,3920.5926272948213,4.032860343539955,1285,1321,54,0,1267,1302,34205,18,0,0,18,19
2020-10-17,US,Mississippi,Lowndes,1736,62,0,33.47386518,-88.44191529999998,28087.0,2962.7101288505846,3.571428571428572,1674,1729,62,0,1667,1713,58930,7,0,0,7,16
2020-10-17,US,Mississippi,Madison,3710,92,0,32.63389156,-90.03513564,28089.0,3491.041854862993,2.47978436657682,3618,3683,92,0,3591,3623,105630,27,0,0,27,60
2020-10-17,US,Mississippi,Marion,926,42,0,31.23132643,-89.8209217,28091.0,3768.363651161844,4.535637149028077,884,926,42,0,884,916,24715,0,0,0,0,10
2020-10-17,US,Mississippi,Marshall,1300,26,0,34.76216286,-89.50299462,28093.0,3683.345611152037,2.0,1274,1273,25,0,1248,1244,35451,27,1,0,26,29
2020-10-17,US,Mississippi,Monroe,1436,72,0,33.89236763,-88.4808438,28095.0,4073.5277431067743,5.013927576601671,1364,1422,72,0,1350,1410,35564,14,0,0,14,12
2020-10-17,US,Mississippi,Montgomery,527,23,0,33.49419589,-89.61729103,28097.0,5391.304347826087,4.364326375711575,504,523,23,0,500,522,10023,4,0,0,4,1
2020-10-17,US,Mississippi,Neshoba,1795,111,0,32.75339664,-89.11726492,28099.0,6164.571742564736,6.183844011142062,1684,1790,110,0,1680,1779,29125,5,1,0,4,11
2020-10-17,US,Mississippi,Newton,842,27,0,32.40021118,-89.11843336,28101.0,4006.090018079741,3.2066508313539197,815,840,27,0,813,835,21443,2,0,0,2,5
2020-10-17,US,Mississippi,Noxubee,595,16,0,33.11009499,-88.56949061,28103.0,5711.817221848903,2.6890756302521006,579,593,16,0,577,591,10535,2,0,0,2,2
2020-10-17,US,Mississippi,Oktibbeha,1941,54,0,33.42491685,-88.87905132,28105.0,3914.332385504266,2.7820710973724885,1887,1932,54,0,1878,1923,49599,9,0,0,9,9
2020-10-17,US,Mississippi,Panola,1647,36,0,34.36398677,-89.95064249,28107.0,4816.916237716425,2.1857923497267757,1611,1642,36,0,1606,1620,34178,5,0,0,5,22
2020-10-17,US,Mississippi,Pearl River,1074,56,0,30.77090935,-89.58677275,28109.0,1933.9155487530386,5.21415270018622,1018,1063,55,0,1008,1052,55387,11,1,0,10,11
2020-10-17,US,Mississippi,Perry,475,22,0,31.17161885,-88.99281835,28111.0,3967.259667585401,4.631578947368421,453,469,22,0,447,466,11931,6,0,0,6,3
2020-10-17,US,Mississippi,Pike,1355,55,0,31.17507789,-90.40392572,28113.0,3448.8902463856653,4.059040590405904,1300,1351,55,0,1296,1348,39563,4,0,0,4,3
2020-10-17,US,Mississippi,Pontotoc,1430,19,0,34.226046000000004,-89.03636807,28115.0,4444.582582209237,1.3286713286713288,1411,1426,19,0,1407,1413,31833,4,0,0,4,13
2020-10-17,US,Mississippi,Prentiss,1009,19,0,34.61810501,-88.51986294,28117.0,4015.760566743612,1.883052527254708,990,1007,19,0,988,988,25315,2,0,0,2,19
2020-10-17,US,Mississippi,Quitman,409,6,0,34.25157572,-90.28908,28119.0,6021.790341578328,1.4669926650366751,403,410,6,0,404,407,7051,-1,0,0,-1,3
2020-10-17,US,Mississippi,Rankin,3800,86,0,32.26469147,-89.94537876,28121.0,2447.334016010717,2.263157894736842,3714,3773,86,0,3687,3728,153902,27,0,0,27,45
2020-10-17,US,Mississippi,Scott,1227,29,0,32.406704100000006,-89.53789439,28123.0,4362.8217892191715,2.3634881825590868,1198,1216,29,0,1187,1213,28287,11,0,0,11,3
2020-10-17,US,Mississippi,Sharkey,277,14,0,32.88149103,-90.81595379999999,28125.0,6410.553112705392,5.054151624548736,263,277,14,0,263,277,4377,0,0,0,0,0
2020-10-17,US,Mississippi,Simpson,1176,48,0,31.91282117,-89.91716179,28127.0,4411.433715957686,4.081632653061225,1128,1174,48,0,1126,1171,26758,2,0,0,2,3
2020-10-17,US,Mississippi,Smith,577,16,0,32.01744532,-89.50644846,28129.0,3625.2827343553663,2.7729636048526864,561,576,16,0,560,575,16002,1,0,0,1,1
2020-10-17,US,Mississippi,Stone,446,14,0,30.79187949,-89.11547539,28131.0,2432.373472949389,3.1390134529147984,432,443,14,0,429,437,18717,3,0,0,3,6
2020-10-17,US,Mississippi,Sunflower,1567,49,0,33.60192578,-90.58882684,28133.0,6240.541616885703,3.126994256541161,1518,1557,49,0,1508,1553,25735,10,0,0,10,4
2020-10-17,US,Mississippi,Tallahatchie,817,25,0,33.95339918,-90.1729398,28135.0,5916.431312911869,3.0599755201958385,792,817,25,0,792,815,13987,0,0,0,0,2
2020-10-17,US,Mississippi,Tate,1123,39,0,34.65133709,-89.94485778,28137.0,3965.255464143215,3.472840605520926,1084,1119,39,0,1080,1111,28759,4,0,0,4,8
2020-10-17,US,Mississippi,Tippah,848,20,0,34.76872156,-88.90988194,28139.0,3851.9191460367933,2.358490566037736,828,844,20,0,824,823,21995,4,0,0,4,21
2020-10-17,US,Mississippi,Tishomingo,786,40,0,34.74023475,-88.23917219,28141.0,4055.099829747717,5.089058524173028,746,779,40,0,739,771,19454,7,0,0,7,8
2020-10-17,US,Mississippi,Tunica,518,17,0,34.64967704,-90.37481167,28143.0,5377.906976744186,3.281853281853282,501,518,17,0,501,516,9944,0,0,0,0,2
2020-10-17,US,Mississippi,Union,1138,25,0,34.49162015,-89.00776006,28145.0,3949.3319451674483,2.1968365553602807,1113,1119,25,0,1094,1106,28606,19,0,0,19,13
2020-10-17,US,Mississippi,Walthall,634,27,0,31.14971548,-90.10446654,28147.0,4437.911241775165,4.2586750788643535,607,628,27,0,601,627,14465,6,0,0,6,1
2020-10-17,US,Mississippi,Warren,1518,54,0,32.35810271,-90.83352619,28149.0,3345.0122297877965,3.5573122529644268,1464,1511,54,0,1457,1486,46176,7,0,0,7,25
2020-10-17,US,Mississippi,Washington,2506,97,0,33.28392041,-90.94196237,28151.0,5707.258193081145,3.870710295291301,2409,2493,95,0,2398,2477,45063,13,2,0,11,16
2020-10-17,US,Mississippi,Wayne,979,21,0,31.64135687,-88.69573913,28153.0,4850.616855769707,2.1450459652706844,958,972,21,0,951,965,20298,7,0,0,7,7
2020-10-17,US,Mississippi,Webster,363,13,0,33.61300486,-89.28392912,28155.0,3746.516668386831,3.5812672176308538,350,361,13,0,348,360,9788,2,0,0,2,1
2020-10-17,US,Mississippi,Wilkinson,329,20,0,31.16078225,-91.31018819,28157.0,3812.2827346465815,6.079027355623101,309,329,20,0,309,319,8792,0,0,0,0,10
2020-10-17,US,Mississippi,Winston,814,21,0,33.08747908,-89.03391385,28159.0,4533.556112503481,2.57985257985258,793,810,21,0,789,806,18165,4,0,0,4,4
2020-10-17,US,Mississippi,Yalobusha,479,14,0,34.02824175,-89.70762049999998,28161.0,3956.0621076973907,2.9227557411273484,465,479,14,0,465,479,12392,0,0,0,0,0
2020-10-17,US,Mississippi,Yazoo,1169,33,0,32.77890365,-90.39656148,28163.0,3937.3526439878747,2.822925577416596,1136,1160,33,0,1127,1140,28248,9,0,0,9,20
2020-10-17,US,Missouri,Adair,452,0,0,40.19058551,-92.60078167,29001.0,1783.5299688276841,0.0,452,444,0,0,444,436,25339,8,0,0,8,8
2020-10-17,US,Missouri,Andrew,386,4,0,39.98492163,-94.80163024,29003.0,2179.313459801265,1.0362694300518134,382,372,4,0,368,365,17607,14,0,0,14,7
2020-10-17,US,Missouri,Atchison,70,1,0,40.43238737,-95.42970639,29005.0,1361.0733035193464,1.4285714285714286,69,70,1,0,69,70,5171,0,0,0,0,0
2020-10-17,US,Missouri,Audrain,524,7,0,39.215877,-91.84242683,29007.0,2063.9672286119426,1.3358778625954195,517,520,5,0,515,516,25473,4,2,0,2,4
2020-10-17,US,Missouri,Barry,691,7,0,36.70978521,-93.82919888,29009.0,1930.7608483053448,1.0130246020260492,684,651,7,0,644,632,35886,40,0,0,40,19
2020-10-17,US,Missouri,Barton,388,2,0,37.50207671,-94.34757022,29011.0,3301.003913561341,0.5154639175257731,386,373,2,0,371,365,11798,15,0,0,15,8
2020-10-17,US,Missouri,Bates,222,5,0,38.25271289,-94.34113157,29013.0,1372.7430126143952,2.2522522522522523,217,221,3,0,218,213,16320,1,2,0,-1,8
2020-10-17,US,Missouri,Benton,445,5,0,38.29503305,-93.28756116,29015.0,2288.7414493648107,1.1235955056179776,440,432,5,0,427,431,19278,13,0,0,13,1
2020-10-17,US,Missouri,Bollinger,429,2,0,37.32449052,-90.02725304,29017.0,3535.811423390753,0.4662004662004662,427,423,2,0,421,418,12169,6,0,0,6,5
2020-10-17,US,Missouri,Boone,5582,14,0,38.99186229,-92.30723575,29019.0,3093.154829521841,0.2508061626657112,5568,5508,14,0,5494,5459,180005,74,0,0,74,49
2020-10-17,US,Missouri,Buchanan,2677,34,0,39.65816401,-94.80138942,29021.0,3064.1912000366283,1.270078446021666,2643,2641,33,0,2608,2614,88571,36,1,0,35,27
2020-10-17,US,Missouri,Butler,992,8,0,36.71462476,-90.40421163,29023.0,2335.326521964311,0.8064516129032258,984,951,8,0,943,915,42639,41,0,0,41,36
2020-10-17,US,Missouri,Caldwell,151,1,0,39.65620858,-93.98308093,29025.0,1674.0576496674055,0.6622516556291391,150,150,1,0,149,144,9108,1,0,0,1,6
2020-10-17,US,Missouri,Callaway,995,5,0,38.83674754,-91.92186505,29027.0,2223.811545940147,0.5025125628140703,990,974,4,0,970,950,44889,21,1,0,20,24
2020-10-17,US,Missouri,Camden,1434,26,0,38.02199522,-92.76083747,29029.0,3096.857790735342,1.8131101813110184,1408,1406,23,0,1383,1386,45815,28,3,0,25,20
2020-10-17,US,Missouri,Cape Girardeau,2418,45,0,37.38489388,-89.6843587,29031.0,3065.765617273776,1.8610421836228288,2373,2402,35,0,2367,2356,78753,16,10,0,6,46
2020-10-17,US,Missouri,Carroll,168,2,0,39.42762566,-93.50626255,29033.0,1935.7068786726581,1.1904761904761905,166,162,2,0,160,162,8743,6,0,0,6,0
2020-10-17,US,Missouri,Carter,149,3,0,36.94160441,-90.96051322,29035.0,2490.8057505850884,2.0134228187919465,146,144,3,0,141,143,6054,5,0,0,5,1
2020-10-17,US,Missouri,Cass,1855,28,0,38.64789422,-94.353399,29037.0,1753.63962941955,1.509433962264151,1827,1831,27,0,1804,1814,104954,24,1,0,23,17
2020-10-17,US,Missouri,Cedar,207,2,0,37.72391475,-93.85445441,29039.0,1442.609241062095,0.966183574879227,205,205,2,0,203,198,14165,2,0,0,2,7
2020-10-17,US,Missouri,Chariton,54,1,0,39.51499357,-92.9629191,29041.0,727.1747912739024,1.851851851851852,53,54,1,0,53,54,7451,0,0,0,0,0
2020-10-17,US,Missouri,Christian,2059,10,0,36.9711783,-93.18537118,29043.0,2324.0589198036005,0.4856726566294318,2049,2018,8,0,2010,1972,86983,41,2,0,39,46
2020-10-17,US,Missouri,Clark,99,0,0,40.41040752,-91.73661677,29045.0,1456.5249374724142,0.0,99,95,0,0,95,95,6842,4,0,0,4,0
2020-10-17,US,Missouri,Clay,2283,46,0,39.31132056,-94.41850862,29047.0,913.3899851169044,2.0148926850635127,2237,2257,46,0,2211,2210,246365,26,0,0,26,47
2020-10-17,US,Missouri,Clinton,408,7,0,39.6013098,-94.40465394,29049.0,2001.2753225094425,1.7156862745098038,401,402,7,0,395,385,20470,6,0,0,6,17
2020-10-17,US,Missouri,Cole,2422,18,0,38.50455671,-92.27860244,29051.0,3155.905922209916,0.7431874483897605,2404,2327,16,0,2311,2258,76796,95,2,0,93,69
2020-10-17,US,Missouri,Cooper,556,2,0,38.844478,-92.80896081,29053.0,3139.646507425603,0.3597122302158273,554,541,2,0,539,512,17603,15,0,0,15,29
2020-10-17,US,Missouri,Crawford,531,7,0,37.97663738,-91.30528104,29055.0,2219.8996655518395,1.3182674199623352,524,518,6,0,512,511,23957,13,1,0,12,7
2020-10-17,US,Missouri,Dade,126,0,0,37.431814,-93.8503345,29057.0,1666.4462372702026,0.0,126,126,0,0,126,123,7569,0,0,0,0,3
2020-10-17,US,Missouri,Dallas,275,1,0,37.681135499999996,-93.02127031,29059.0,1629.3399691906625,0.3636363636363637,274,269,1,0,268,264,16762,6,0,0,6,5
2020-10-17,US,Missouri,Daviess,198,3,0,39.96145298,-93.98519678,29061.0,2391.8820971249093,1.5151515151515151,195,194,2,0,192,194,8313,4,1,0,3,0
2020-10-17,US,Missouri,DeKalb,238,2,0,39.89201062,-94.40476508,29063.0,1896.8677771578864,0.8403361344537815,236,221,2,0,219,212,12630,17,0,0,17,9
2020-10-17,US,Missouri,Dent,225,3,0,37.60663134,-91.50790473,29065.0,1444.8083220959354,1.3333333333333333,222,221,2,0,219,217,15441,4,1,0,3,4
2020-10-17,US,Missouri,Douglas,259,3,0,36.9325593,-92.49905109,29067.0,2009.8596890405765,1.1583011583011582,256,259,3,0,256,256,13373,0,0,0,0,3
2020-10-17,US,Missouri,Dunklin,968,12,0,36.27167174,-90.09122243,29069.0,3322.920600048059,1.2396694214876034,956,951,11,0,940,938,29423,17,1,0,16,13
2020-10-17,US,Missouri,Franklin,2284,40,0,38.41127108,-91.07522826,29071.0,2196.8509238508373,1.7513134851138354,2244,2240,34,0,2206,2202,103670,44,6,0,38,38
2020-10-17,US,Missouri,Gasconade,211,24,0,38.43947277,-91.50847147,29073.0,1434.7885216918264,11.374407582938387,187,206,24,0,182,202,14705,5,0,0,5,4
2020-10-17,US,Missouri,Gentry,167,10,0,40.21097916,-94.40944419,29075.0,2541.470095875818,5.9880239520958085,157,167,10,0,157,165,6628,0,0,0,0,2
2020-10-17,US,Missouri,Greene,8229,104,0,37.2575872,-93.34230916,29077.0,2807.708317695148,1.263823064770932,8125,8131,103,0,8028,8026,291923,98,1,0,97,105
2020-10-17,US,Missouri,Grundy,233,8,0,40.11406587,-93.56509276,29079.0,2365.4822335025383,3.433476394849785,225,231,8,0,223,230,9914,2,0,0,2,1
2020-10-17,US,Missouri,Harrison,164,1,0,40.35570088,-93.99222144,29081.0,1963.6015325670496,0.6097560975609756,163,160,1,0,159,157,8414,4,0,0,4,3
2020-10-17,US,Missouri,Henry,334,5,0,38.38482826,-93.79293734,29083.0,1530.4252199413488,1.497005988023952,329,328,5,0,323,319,21792,6,0,0,6,9
2020-10-17,US,Missouri,Hickory,176,3,0,37.94163617,-93.3203037,29085.0,1844.0905280804693,1.7045454545454546,173,171,3,0,168,168,9509,5,0,0,5,3
2020-10-17,US,Missouri,Holt,103,1,0,40.09799248,-95.21638879999999,29087.0,2339.314104019986,0.9708737864077671,102,98,1,0,97,96,4404,5,0,0,5,2
2020-10-17,US,Missouri,Howard,222,2,0,39.1435761,-92.69756691,29089.0,2219.77802219778,0.9009009009009008,220,217,2,0,215,214,10137,5,0,0,5,3
2020-10-17,US,Missouri,Howell,986,6,0,36.77383887,-91.88683935,29091.0,2457.8109031084077,0.6085192697768763,980,976,4,0,972,959,40076,10,2,0,8,17
2020-10-17,US,Missouri,Iron,91,0,0,37.55487945,-90.7735296,29093.0,898.7654320987656,0.0,91,87,0,0,87,82,10177,4,0,0,4,5
2020-10-17,US,Missouri,Jackson,9088,117,0,39.01002188,-94.34724536,29095.0,1292.7251493931105,1.2874119718309858,8971,9062,117,0,8945,8977,700307,26,0,0,26,85
2020-10-17,US,Missouri,Jasper,4770,67,0,37.20351921,-94.34050458,29097.0,3931.49149413161,1.4046121593291403,4703,4659,59,0,4600,4619,120636,111,8,0,103,40
2020-10-17,US,Missouri,Jefferson,5081,77,0,38.25926778,-90.53870896,29099.0,2257.4095547825004,1.5154497146231056,5004,5032,69,0,4963,4988,224347,49,8,0,41,44
2020-10-17,US,Missouri,Johnson,1387,11,0,38.74719601,-93.80691168,29101.0,2565.572860789464,0.7930785868781542,1376,1344,10,0,1334,1335,53652,43,1,0,42,9
2020-10-17,US,Missouri,Kansas City,13499,162,0,39.0997,-94.5786,0.0,2760.853514622359,1.2000888954737388,13337,13263,159,0,13104,13101,491918,236,3,0,233,162
2020-10-17,US,Missouri,Knox,59,1,0,40.12699751,-92.14780832,29103.0,1490.2753220510226,1.6949152542372878,58,58,1,0,57,58,3947,1,0,0,1,0
2020-10-17,US,Missouri,Laclede,1045,18,0,37.65896829,-92.5888493,29105.0,2925.2862301598407,1.7224880382775118,1027,1026,15,0,1011,1011,35713,19,3,0,16,15
2020-10-17,US,Missouri,Lafayette,733,24,0,39.06986886,-93.78076396,29107.0,2241.0419469242997,3.2742155525238745,709,718,19,0,699,709,32598,15,5,0,10,9
2020-10-17,US,Missouri,Lawrence,944,14,0,37.10626634,-93.83293097,29109.0,2461.217572676313,1.4830508474576272,930,928,13,0,915,907,38359,16,1,0,15,21
2020-10-17,US,Missouri,Lewis,166,2,0,40.09673161,-91.72070156,29111.0,1698.0360065466448,1.2048192771084338,164,161,2,0,159,153,9855,5,0,0,5,8
2020-10-17,US,Missouri,Lincoln,1034,5,0,39.05345619,-90.95588181,29113.0,1752.1563045430667,0.4835589941972921,1029,1017,4,0,1013,1004,57686,17,1,0,16,13
2020-10-17,US,Missouri,Linn,150,1,0,39.87001769,-93.10704106,29115.0,1266.778523489933,0.6666666666666666,149,150,1,0,149,145,12037,0,0,0,0,5
2020-10-17,US,Missouri,Livingston,536,6,0,39.78110272,-93.54645978,29117.0,3520.0630459053004,1.1194029850746268,530,530,5,0,525,535,15146,6,1,0,5,-5
2020-10-17,US,Missouri,Macon,191,1,0,39.83049768,-92.56453089,29121.0,1263.478203347225,0.5235602094240838,190,188,0,0,188,187,15153,3,1,0,2,1
2020-10-17,US,Missouri,Madison,425,2,0,37.47865134,-90.34671429999999,29123.0,3515.883520847121,0.4705882352941176,423,415,2,0,413,406,12188,10,0,0,10,9
2020-10-17,US,Missouri,Maries,130,0,0,38.16193985,-91.92249662,29125.0,1494.7683109118084,0.0,130,126,0,0,126,122,8769,4,0,0,4,4
2020-10-17,US,Missouri,Marion,804,14,0,39.80601912,-91.62203062,29127.0,2818.086225026288,1.7412935323383083,790,801,14,0,787,789,28592,3,0,0,3,12
2020-10-17,US,Missouri,McDonald,1174,11,0,36.62869595,-94.34867205,29119.0,5140.780312650523,0.9369676320272572,1163,1169,11,0,1158,1166,23078,5,0,0,5,3
2020-10-17,US,Missouri,Mercer,31,0,0,40.42212303,-93.56829590000001,29129.0,857.0638650815595,0.0,31,30,0,0,30,30,3641,1,0,0,1,0
2020-10-17,US,Missouri,Miller,734,5,0,38.21450288,-92.42610898,29131.0,2865.06108747414,0.6811989100817438,729,723,5,0,718,681,25336,11,0,0,11,42
2020-10-17,US,Missouri,Mississippi,376,5,0,36.82516239,-89.29505753,29133.0,2852.8072837632776,1.3297872340425532,371,372,5,0,367,355,13336,4,0,0,4,17
2020-10-17,US,Missouri,Moniteau,473,7,0,38.63571781,-92.57976951,29135.0,2932.0605008678413,1.4799154334038056,466,459,6,0,453,445,16121,14,1,0,13,14
2020-10-17,US,Missouri,Monroe,124,1,0,39.49593978,-92.00043978,29137.0,1434.5210550670984,0.8064516129032258,123,113,1,0,112,112,8664,11,0,0,11,1
2020-10-17,US,Missouri,Montgomery,105,1,0,38.94022054,-91.47000721,29139.0,909.0122067353476,0.9523809523809524,104,100,1,0,99,99,11534,5,0,0,5,1
2020-10-17,US,Missouri,Morgan,559,6,0,38.4181765,-92.88791859,29141.0,2710.040238522325,1.073345259391771,553,551,5,0,546,535,20358,8,1,0,7,16
2020-10-17,US,Missouri,New Madrid,688,20,0,36.59666326,-89.66070007,29143.0,4029.0466151323494,2.9069767441860463,668,673,17,0,656,667,17296,15,3,0,12,6
2020-10-17,US,Missouri,Newton,1876,17,0,36.90519407,-94.3394104,29145.0,3221.3750944432995,0.9061833688699359,1859,1841,16,0,1825,1830,58266,35,1,0,34,11
2020-10-17,US,Missouri,Nodaway,987,10,0,40.36079813,-94.88133008,29147.0,4467.680608365019,1.0131712259371837,977,976,10,0,966,962,22304,11,0,0,11,14
2020-10-17,US,Missouri,Oregon,207,0,0,36.68710164,-91.4033755,29149.0,1965.9986703390634,0.0,207,202,0,0,202,193,10541,5,0,0,5,9
2020-10-17,US,Missouri,Osage,386,3,0,38.46036182,-91.8613635,29151.0,2835.108336393684,0.7772020725388601,383,351,3,0,348,324,13714,35,0,0,35,27
2020-10-17,US,Missouri,Ozark,170,1,0,36.64916339,-92.44459066,29153.0,1853.0630041421407,0.5882352941176471,169,169,1,0,168,165,9017,1,0,0,1,4
2020-10-17,US,Missouri,Pemiscot,662,12,0,36.2130572,-89.78742322,29155.0,4188.547927870927,1.8126888217522656,650,650,12,0,638,640,16272,12,0,0,12,10
2020-10-17,US,Missouri,Perry,744,7,0,37.70660776,-89.82741088,29157.0,3887.959866220736,0.9408602150537636,737,731,7,0,724,726,19150,13,0,0,13,5
2020-10-17,US,Missouri,Pettis,1383,14,0,38.72798918,-93.28471706,29159.0,3266.491886912775,1.0122921185827911,1369,1351,13,0,1338,1321,42542,32,1,0,31,30
2020-10-17,US,Missouri,Phelps,741,19,0,37.87736118,-91.79351727,29161.0,1662.4413882843876,2.5641025641025643,722,727,19,0,708,715,44732,14,0,0,14,12
2020-10-17,US,Missouri,Pike,291,4,0,39.34310674,-91.16980779,29163.0,1628.2373511091685,1.3745704467353952,287,291,4,0,287,288,18504,0,0,0,0,3
2020-10-17,US,Missouri,Platte,888,12,0,39.38154439,-94.77068479,29165.0,850.4280871114175,1.351351351351351,876,876,12,0,864,864,102985,12,0,0,12,12
2020-10-17,US,Missouri,Polk,858,8,0,37.616229600000004,-93.39828174,29167.0,2668.823291548726,0.9324009324009324,850,849,7,0,842,834,32201,9,1,0,8,15
2020-10-17,US,Missouri,Pulaski,875,8,0,37.82462075,-92.20783203,29169.0,1663.2767502423633,0.9142857142857144,867,865,8,0,857,857,52014,10,0,0,10,8
2020-10-17,US,Missouri,Putnam,48,1,0,40.47942497,-93.02042674,29171.0,1022.1465076660988,2.083333333333333,47,47,1,0,46,46,4757,1,0,0,1,1
2020-10-17,US,Missouri,Ralls,183,0,0,39.52817427,-91.51838643,29173.0,1775.1479289940826,0.0,183,179,0,0,179,177,10212,4,0,0,4,2
2020-10-17,US,Missouri,Randolph,481,3,0,39.44007257,-92.49713740000001,29175.0,1943.59140132536,0.6237006237006237,478,463,3,0,460,452,24763,18,0,0,18,11
2020-10-17,US,Missouri,Ray,233,2,0,39.353746799999996,-93.98905745,29177.0,1012.2512816057001,0.8583690987124464,231,226,2,0,224,222,22883,7,0,0,7,4
2020-10-17,US,Missouri,Reynolds,54,0,0,37.36085952,-90.97009925,29179.0,861.2440191387559,0.0,54,54,0,0,54,50,6254,0,0,0,0,4
2020-10-17,US,Missouri,Ripley,209,4,0,36.65460667,-90.85990261,29181.0,1572.8476821192053,1.9138755980861244,205,199,3,0,196,197,13401,10,1,0,9,2
2020-10-17,US,Missouri,Saline,880,9,0,39.13734288,-93.20259964,29195.0,3866.262466499714,1.0227272727272727,871,873,9,0,864,864,22895,7,0,0,7,9
2020-10-17,US,Missouri,Schuyler,35,0,0,40.46921489,-92.52311943,29197.0,751.0729613733905,0.0,35,35,0,0,35,32,4599,0,0,0,0,3
2020-10-17,US,Missouri,Scotland,58,1,0,40.45214695,-92.14709064,29199.0,1183.1905344757242,1.7241379310344829,57,54,1,0,53,48,4966,4,0,0,4,6
2020-10-17,US,Missouri,Scott,1224,18,0,37.05588075,-89.56474493,29201.0,3197.4921630094045,1.4705882352941178,1206,1186,18,0,1168,1164,38458,38,0,0,38,22
2020-10-17,US,Missouri,Shannon,185,3,0,37.15772072,-91.40190382,29203.0,2265.4910604947345,1.6216216216216215,182,183,2,0,181,181,8189,2,1,0,1,2
2020-10-17,US,Missouri,Shelby,92,1,0,39.79742518,-92.07634971,29205.0,1551.433389544688,1.0869565217391304,91,90,1,0,89,88,6050,2,0,0,2,2
2020-10-17,US,Missouri,St. Charles,9483,140,0,38.77875681,-90.66662425,29183.0,2358.8261338931698,1.4763260571549088,9343,9353,130,0,9223,9196,399182,130,10,0,120,157
2020-10-17,US,Missouri,St. Clair,103,1,0,38.03699437,-93.77631447,29185.0,1096.0944982441204,0.9708737864077671,102,100,1,0,99,99,9395,3,0,0,3,1
2020-10-17,US,Missouri,St. Francois,2587,22,0,37.81214171,-90.47598685,29187.0,3848.843264152347,0.8504058755315037,2565,2551,19,0,2532,2540,66692,36,3,0,33,11
2020-10-17,US,Missouri,St. Louis,27603,857,0,38.63770039999999,-90.4458375,29189.0,2776.3891752706927,3.1047349925732712,26746,27472,854,0,26618,27050,996945,131,3,0,128,422
2020-10-17,US,Missouri,St. Louis City,7854,218,0,38.63555736,-90.24349225,29510.0,2612.983072500799,2.775655716832188,7636,7803,216,0,7587,7750,302838,51,2,0,49,53
2020-10-17,US,Missouri,Ste. Genevieve,283,1,0,37.89090059,-90.1949941,29186.0,1581.5357102939533,0.353356890459364,282,268,1,0,267,265,17888,15,0,0,15,3
2020-10-17,US,Missouri,Stoddard,746,15,0,36.85571651,-89.9444155,29207.0,2570.198105081826,2.0107238605898123,731,723,15,0,708,708,29206,23,0,0,23,15
2020-10-17,US,Missouri,Stone,624,7,0,36.75000327,-93.45256475,29209.0,1952.9293940911368,1.1217948717948718,617,615,6,0,609,606,31749,9,1,0,8,9
2020-10-17,US,Missouri,Sullivan,273,1,0,40.2099105,-93.11150106,29211.0,4483.494826736738,0.3663003663003663,272,267,1,0,266,264,6221,6,0,0,6,3
2020-10-17,US,Missouri,Taney,1533,33,0,36.65465345,-93.04075153,29213.0,2741.024173937921,2.152641878669276,1500,1520,33,0,1487,1502,55852,13,0,0,13,18
2020-10-17,US,Missouri,Texas,513,3,0,37.31728859,-91.96564727,29215.0,2019.8440822111972,0.5847953216374269,510,510,3,0,507,506,25571,3,0,0,3,4
2020-10-17,US,Missouri,Vernon,283,3,0,37.8457799,-94.34127305,29217.0,1376.258328064971,1.060070671378092,280,279,3,0,276,272,20528,4,0,0,4,7
2020-10-17,US,Missouri,Warren,568,1,0,38.76529479,-91.16124662,29219.0,1593.3125753878091,0.17605633802816897,567,564,1,0,563,557,34711,4,0,0,4,7
2020-10-17,US,Missouri,Washington,581,14,0,37.96130078,-90.87948158,29221.0,2349.3732308936515,2.409638554216868,567,573,11,0,562,561,24943,8,3,0,5,12
2020-10-17,US,Missouri,Wayne,289,1,0,37.11303869,-90.46001416,29223.0,2245.008933426552,0.3460207612456747,288,286,1,0,285,274,13122,3,0,0,3,12
2020-10-17,US,Missouri,Webster,1021,8,0,37.2813734,-92.876329,29225.0,2578.803798747221,0.7835455435847208,1013,990,6,0,984,973,39109,31,2,0,29,17
2020-10-17,US,Missouri,Worth,26,0,0,40.47945588,-94.42328751,29227.0,1291.6045702930949,0.0,26,26,0,0,26,25,2040,0,0,0,0,1
2020-10-17,US,Missouri,Wright,546,1,0,37.27029221,-92.46914488,29229.0,2985.4010607468967,0.18315018315018314,545,542,0,0,542,530,18378,4,1,0,3,12
2020-10-17,US,Montana,Beaverhead,231,1,0,45.13434354,-112.89846940000001,30001.0,2443.6686766106,0.4329004329004329,230,229,1,0,228,222,9404,2,0,0,2,7
2020-10-17,US,Montana,Big Horn,1111,32,0,45.42335905,-107.492347,30003.0,8341.46707710789,2.8802880288028803,1079,1111,32,0,1079,1091,13338,0,0,0,0,20
2020-10-17,US,Montana,Blaine,193,2,0,48.43175214,-108.9582723,30005.0,2888.7891034276313,1.0362694300518134,191,182,2,0,180,165,6807,11,0,0,11,17
2020-10-17,US,Montana,Broadwater,38,0,0,46.33277565,-111.49558130000001,30007.0,609.2672759339426,0.0,38,33,0,0,33,29,6085,5,0,0,5,4
2020-10-17,US,Montana,Carbon,195,0,0,45.22850116,-109.0274047,30009.0,1818.1818181818185,0.0,195,189,0,0,189,188,10714,6,0,0,6,1
2020-10-17,US,Montana,Carter,31,0,0,45.5197966,-104.53955359999999,30011.0,2476.038338658147,0.0,31,28,0,0,28,26,1238,3,0,0,3,2
2020-10-17,US,Montana,Cascade,1371,6,0,47.30797024,-111.3467922,30013.0,1684.9789838507486,0.43763676148796504,1365,1308,6,0,1302,1261,81643,63,0,0,63,47
2020-10-17,US,Montana,Chouteau,52,0,0,47.88084126,-110.4353362,30015.0,922.8039041703638,0.0,52,52,0,0,52,50,5745,0,0,0,0,2
2020-10-17,US,Montana,Custer,185,2,0,46.25319932,-105.57375259999998,30017.0,1622.5223644974567,1.0810810810810811,183,180,2,0,178,169,11586,5,0,0,5,11
2020-10-17,US,Montana,Daniels,15,0,0,48.78420029,-105.54763429999998,30019.0,887.5739644970413,0.0,15,15,0,0,15,13,1747,0,0,0,0,2
2020-10-17,US,Montana,Dawson,157,1,0,47.26584855,-104.89444170000002,30021.0,1822.8259607569955,0.6369426751592356,156,146,1,0,145,141,8680,11,0,0,11,5
2020-10-17,US,Montana,Deer Lodge,320,0,0,46.05953325,-113.073353,30023.0,3501.0940919037207,0.0,320,295,0,0,295,273,9131,25,0,0,25,22
2020-10-17,US,Montana,Fallon,32,0,0,46.33478338,-104.41835649999999,30025.0,1124.3851018974,0.0,32,32,0,0,32,27,2920,0,0,0,0,5
2020-10-17,US,Montana,Fergus,151,1,0,47.26331584,-109.2245206,30027.0,1438.9140271493213,0.6622516556291391,150,151,1,0,150,146,11113,0,0,0,0,5
2020-10-17,US,Montana,Flathead,2403,23,0,48.29575866,-114.05205690000001,30029.0,2314.895092769204,0.957136912193092,2380,2347,23,0,2324,2286,102106,56,0,0,56,61
2020-10-17,US,Montana,Gallatin,2183,5,0,45.54486106,-111.1692571,30031.0,1907.6498243529024,0.2290426019239579,2178,2123,5,0,2118,2081,111876,60,0,0,60,42
2020-10-17,US,Montana,Garfield,19,0,0,47.27545948,-107.0002351,30033.0,1510.3338632750394,0.0,19,19,0,0,19,19,1268,0,0,0,0,0
2020-10-17,US,Montana,Glacier,777,2,0,48.70513576,-112.9934235,30035.0,5649.6764342325305,0.2574002574002574,775,776,2,0,774,763,13747,1,0,0,1,13
2020-10-17,US,Montana,Golden Valley,6,0,0,46.3816474,-109.17685220000001,30037.0,730.8160779537151,0.0,6,6,0,0,6,5,826,0,0,0,0,1
2020-10-17,US,Montana,Granite,50,0,0,46.40605220000001,-113.4414186,30039.0,1479.727730097662,0.0,50,46,0,0,46,45,3378,4,0,0,4,1
2020-10-17,US,Montana,Hill,498,10,0,48.62879827,-110.1129252,30041.0,3021.111380732832,2.0080321285140563,488,463,10,0,453,454,16347,35,0,0,35,9
2020-10-17,US,Montana,Jefferson,124,0,0,46.14907081,-112.094396,30043.0,1014.6469192373784,0.0,124,119,0,0,119,117,12097,5,0,0,5,2
2020-10-17,US,Montana,Judith Basin,12,0,0,47.04581276,-110.26606880000001,30045.0,597.9073243647233,0.0,12,12,0,0,12,12,1952,0,0,0,0,0
2020-10-17,US,Montana,Lake,425,1,0,47.64514965,-114.0898013,30047.0,1395.3641079519339,0.2352941176470588,424,400,1,0,399,376,30250,25,0,0,25,24
2020-10-17,US,Montana,Lewis and Clark,573,3,0,47.12610041,-112.39469799999999,30049.0,825.2678880055307,0.5235602094240838,570,553,3,0,550,528,68700,20,0,0,20,25
2020-10-17,US,Montana,Liberty,28,0,0,48.56084317,-111.02430700000001,30051.0,1198.117244330338,0.0,28,28,0,0,28,28,2430,0,0,0,0,0
2020-10-17,US,Montana,Lincoln,243,3,0,48.54265777,-115.4046155,30053.0,1216.2162162162165,1.2345679012345678,240,234,3,0,231,224,19794,9,0,0,9,10
2020-10-17,US,Montana,Madison,131,1,0,45.30080065,-111.9173017,30057.0,1523.2558139534885,0.7633587786259542,130,127,1,0,126,127,8768,4,0,0,4,0
2020-10-17,US,Montana,McCone,45,0,0,47.64469406,-105.79449939999999,30055.0,2704.326923076923,0.0,45,39,0,0,39,36,1675,6,0,0,6,3
2020-10-17,US,Montana,Meagher,49,2,0,46.59907074,-110.8898557,30059.0,2631.578947368421,4.081632653061225,47,48,2,0,46,47,1866,1,0,0,1,1
2020-10-17,US,Montana,Mineral,13,0,0,47.15283992,-115.00152390000001,30061.0,295.6561291789857,0.0,13,11,0,0,11,11,4316,2,0,0,2,0
2020-10-17,US,Montana,Missoula,1549,7,0,47.03728583,-113.92135079999998,30063.0,1295.1505016722408,0.4519044544867656,1542,1512,7,0,1505,1470,118791,37,0,0,37,42
2020-10-17,US,Montana,Musselshell,63,1,0,46.49684637,-108.39498,30065.0,1359.810058277574,1.5873015873015872,62,60,1,0,59,49,4651,3,0,0,3,11
2020-10-17,US,Montana,Park,169,0,0,45.48965095,-110.52643940000002,30067.0,1017.7044441768036,0.0,169,168,0,0,168,163,16736,1,0,0,1,5
2020-10-17,US,Montana,Petroleum,3,0,0,47.118246299999996,-108.2508876,30069.0,616.0164271047228,0.0,3,3,0,0,3,3,513,0,0,0,0,0
2020-10-17,US,Montana,Phillips,142,0,0,48.25936577,-107.9128511,30071.0,3591.2999494183105,0.0,142,139,0,0,139,139,4074,3,0,0,3,0
2020-10-17,US,Montana,Pondera,133,1,0,48.22773388,-112.22527029999999,30073.0,2250.0422940280832,0.7518796992481203,132,132,1,0,131,122,5972,1,0,0,1,10
2020-10-17,US,Montana,Powder River,47,3,0,45.39617714,-105.636738,30075.0,2794.292508917955,6.382978723404255,44,44,0,0,44,39,1716,3,3,0,0,5
2020-10-17,US,Montana,Powell,37,0,0,46.85538891,-112.93591640000001,30077.0,537.0101596516691,0.0,37,33,0,0,33,28,6968,4,0,0,4,5
2020-10-17,US,Montana,Prairie,29,0,0,46.86048047,-105.379384,30079.0,2692.664809656453,0.0,29,28,0,0,28,28,1087,1,0,0,1,0
2020-10-17,US,Montana,Ravalli,316,4,0,46.08520862,-114.11891640000002,30081.0,721.3623704515362,1.2658227848101269,312,297,4,0,293,278,43172,19,0,0,19,19
2020-10-17,US,Montana,Richland,194,2,0,47.78668011,-104.5610786,30083.0,1795.7974636675,1.0309278350515465,192,187,2,0,185,172,10913,7,0,0,7,15
2020-10-17,US,Montana,Roosevelt,762,14,0,48.29607488,-105.00792679999999,30085.0,6924.754634678299,1.837270341207349,748,725,13,0,712,705,11059,37,1,0,36,20
2020-10-17,US,Montana,Rosebud,723,20,0,46.23397237,-106.72928799999998,30087.0,8089.963074857334,2.7662517289073305,703,716,20,0,696,711,9063,7,0,0,7,5
2020-10-17,US,Montana,Sanders,82,1,0,47.67657534,-115.1329916,30089.0,676.9586394782465,1.2195121951219512,81,82,1,0,81,82,11844,0,0,0,0,0
2020-10-17,US,Montana,Sheridan,42,0,0,48.72085833,-104.50382900000001,30091.0,1269.2656391659116,0.0,42,41,0,0,41,40,3424,1,0,0,1,1
2020-10-17,US,Montana,Silver Bow,412,0,0,45.90018933,-112.6620092,30093.0,1180.008592295575,0.0,412,407,0,0,407,395,34993,5,0,0,5,12
2020-10-17,US,Montana,Stillwater,141,3,0,45.67071407,-109.3950061,30095.0,1462.352209085252,2.127659574468085,138,132,3,0,129,129,9534,9,0,0,9,3
2020-10-17,US,Montana,Sweet Grass,58,2,0,45.81367654,-109.9425686,30097.0,1552.047096601552,3.4482758620689653,56,58,2,0,56,58,3710,0,0,0,0,0
2020-10-17,US,Montana,Teton,71,0,0,47.83741052,-112.24106880000001,30099.0,1155.0349764112575,0.0,71,65,0,0,65,64,6162,6,0,0,6,1
2020-10-17,US,Montana,Toole,298,6,0,48.65577551,-111.69424140000001,30101.0,6292.22972972973,2.0134228187919465,292,293,6,0,287,289,4853,5,0,0,5,4
2020-10-17,US,Montana,Treasure,10,0,0,46.20973220000001,-107.26665159999999,30103.0,1436.7816091954026,0.0,10,10,0,0,10,10,679,0,0,0,0,0
2020-10-17,US,Montana,Valley,248,2,0,48.36435097,-106.6669635,30105.0,3353.16387236344,0.8064516129032258,246,236,2,0,234,213,7437,12,0,0,12,23
2020-10-17,US,Montana,Wheatland,58,1,0,46.46652491,-109.84646359999999,30107.0,2728.1279397930384,1.7241379310344829,57,58,1,0,57,54,2236,0,0,0,0,4
2020-10-17,US,Montana,Wibaux,36,0,0,46.95925154,-104.2510927,30109.0,3715.170278637771,0.0,36,35,0,0,35,36,1034,1,0,0,1,-1
2020-10-17,US,Montana,Yellowstone,4941,77,0,45.93955949,-108.26914860000001,30111.0,3063.236205827651,1.5583889900829793,4864,4832,77,0,4755,4696,160137,109,0,0,109,136
2020-10-17,US,Nebraska,Adams,704,13,0,40.52449420000001,-98.50117804,31001.0,2244.6832254567485,1.8465909090909087,691,698,13,0,685,691,31511,6,0,0,6,7
2020-10-17,US,Nebraska,Antelope,135,1,0,42.17695516,-98.06662829999999,31003.0,2143.5376309939666,0.7407407407407407,134,135,1,0,134,134,6336,0,0,0,0,1
2020-10-17,US,Nebraska,Arthur,3,0,0,41.56896142,-101.6959559,31005.0,647.9481641468683,0.0,3,3,0,0,3,3,465,0,0,0,0,0
2020-10-17,US,Nebraska,Banner,2,0,0,41.54634427,-103.7114332,31007.0,268.4563758389262,0.0,2,2,0,0,2,2,730,0,0,0,0,0
2020-10-17,US,Nebraska,Blaine,3,0,0,41.91311716,-99.97677845,31009.0,645.1612903225806,0.0,3,3,0,0,3,3,476,0,0,0,0,0
2020-10-17,US,Nebraska,Boone,124,0,0,41.70759415,-98.06737183,31011.0,2388.2896764252696,0.0,124,124,0,0,124,121,5239,0,0,0,0,3
2020-10-17,US,Nebraska,Box Butte,153,1,0,42.22079243,-103.08788340000001,31013.0,1418.900120560141,0.6535947712418301,152,148,1,0,147,142,10772,5,0,0,5,6
2020-10-17,US,Nebraska,Boyd,49,0,0,42.899727399999996,-98.76486568,31015.0,2553.413236060448,0.0,49,49,0,0,49,47,1955,0,0,0,0,2
2020-10-17,US,Nebraska,Brown,65,0,0,42.43018907,-99.92904055,31017.0,2199.661590524535,0.0,65,65,0,0,65,63,2973,0,0,0,0,2
2020-10-17,US,Nebraska,Buffalo,1546,6,0,40.85486962,-99.07500296,31019.0,3113.232243903421,0.38809831824062097,1540,1535,6,0,1529,1474,49615,11,0,0,11,61
2020-10-17,US,Nebraska,Burt,100,1,0,41.85056773,-96.32605633,31021.0,1548.2272797646694,1.0,99,100,1,0,99,98,6488,0,0,0,0,2
2020-10-17,US,Nebraska,Butler,210,1,0,41.22703692,-97.13106306,31023.0,2619.7604790419164,0.4761904761904762,209,203,1,0,202,187,8058,7,0,0,7,16
2020-10-17,US,Nebraska,Cass,450,3,0,40.90899107,-96.13971217,31025.0,1714.4163364827796,0.6666666666666666,447,443,3,0,440,439,26159,7,0,0,7,4
2020-10-17,US,Nebraska,Cedar,128,0,0,42.598885100000004,-97.25311951,31027.0,1523.4467983813379,0.0,128,128,0,0,128,124,8446,0,0,0,0,4
2020-10-17,US,Nebraska,Chase,116,0,0,40.523719799999995,-101.69780259999999,31029.0,2956.1671763506624,0.0,116,116,0,0,116,110,3977,0,0,0,0,6
2020-10-17,US,Nebraska,Cherry,62,4,0,42.54502621,-101.1244332,31031.0,1089.8224644049922,6.451612903225807,58,58,4,0,54,58,5761,4,0,0,4,0
2020-10-17,US,Nebraska,Cheyenne,69,1,0,41.21999357,-102.9941693,31033.0,774.4107744107744,1.4492753623188406,68,68,1,0,67,66,9310,1,0,0,1,2
2020-10-17,US,Nebraska,Clay,122,0,0,40.52439441,-98.05126296,31035.0,1966.7902627760761,0.0,122,119,0,0,119,117,6214,3,0,0,3,2
2020-10-17,US,Nebraska,Colfax,856,6,0,41.57486951,-97.0868542,31037.0,7993.276683163694,0.7009345794392523,850,853,6,0,847,842,10881,3,0,0,3,11
2020-10-17,US,Nebraska,Cuming,234,2,0,41.91637624,-96.78730772,31039.0,2645.2633958851457,0.8547008547008547,232,234,2,0,232,226,8940,0,0,0,0,8
2020-10-17,US,Nebraska,Custer,169,4,0,41.39374521,-99.72805369,31041.0,1568.1544028950545,2.366863905325444,165,168,4,0,164,159,10840,1,0,0,1,9
2020-10-17,US,Nebraska,Dakota,2447,44,0,42.39040144,-96.56656425,31043.0,12219.115150304604,1.7981201471189212,2403,2433,44,0,2389,2425,20083,14,0,0,14,8
2020-10-17,US,Nebraska,Dawes,188,0,0,42.71985036,-103.1313774,31045.0,2188.846198626149,0.0,188,189,0,0,189,182,8716,-1,0,0,-1,7
2020-10-17,US,Nebraska,Dawson,1189,14,0,40.87028216,-99.82014609999999,31047.0,5039.203221021403,1.1774600504625736,1175,1186,14,0,1172,1171,23709,3,0,0,3,15
2020-10-17,US,Nebraska,Deuel,7,0,0,41.11168186,-102.33333309999999,31049.0,390.1895206243032,0.0,7,7,0,0,7,6,1825,0,0,0,0,1
2020-10-17,US,Nebraska,Dixon,148,2,0,42.49188363,-96.86782408,31051.0,2625.9758694109296,1.351351351351351,146,147,2,0,145,144,5709,1,0,0,1,3
2020-10-17,US,Nebraska,Dodge,1453,16,0,41.58071748,-96.65598179,31053.0,3973.745384930945,1.1011699931176877,1437,1446,16,0,1430,1438,36791,7,0,0,7,8
2020-10-17,US,Nebraska,Douglas,19799,214,0,41.29518299,-96.15085305,31055.0,3465.4409821345744,1.0808626698318098,19585,19574,214,0,19360,19190,566880,225,0,0,225,384
2020-10-17,US,Nebraska,Dundy,16,1,0,40.17638677,-101.6876522,31057.0,945.0679267572356,6.25,15,16,1,0,15,16,1770,0,0,0,0,0
2020-10-17,US,Nebraska,Fillmore,74,1,0,40.52458567,-97.59646937,31059.0,1354.8150860490664,1.351351351351351,73,72,1,0,71,68,5527,2,0,0,2,4
2020-10-17,US,Nebraska,Franklin,70,0,0,40.17636348,-98.95299073,31061.0,2349.7818059751594,0.0,70,70,0,0,70,66,3023,0,0,0,0,4
2020-10-17,US,Nebraska,Frontier,25,0,0,40.52993007,-100.3924658,31063.0,951.6558812333459,0.0,25,25,0,0,25,24,2608,0,0,0,0,1
2020-10-17,US,Nebraska,Furnas,76,2,0,40.17642064,-99.91247454,31065.0,1625.3207869974335,2.631578947368421,74,74,2,0,72,70,4715,2,0,0,2,4
2020-10-17,US,Nebraska,Gage,418,5,0,40.26186809,-96.68946704,31067.0,1943.0112025287035,1.1961722488038278,413,413,5,0,408,379,21493,5,0,0,5,34
2020-10-17,US,Nebraska,Garden,17,0,0,41.61703149,-102.3313973,31069.0,925.421883505716,0.0,17,17,0,0,17,15,1897,0,0,0,0,2
2020-10-17,US,Nebraska,Garfield,19,0,0,41.91428955,-98.99111827,31071.0,964.9568308786186,0.0,19,19,0,0,19,15,1987,0,0,0,0,4
2020-10-17,US,Nebraska,Gosper,54,0,0,40.51481965,-99.83020279,31073.0,2713.56783919598,0.0,54,54,0,0,54,52,1996,0,0,0,0,2
2020-10-17,US,Nebraska,Grant,2,0,0,41.91528587,-101.740701,31075.0,321.0272873194222,0.0,2,2,0,0,2,2,660,0,0,0,0,0
2020-10-17,US,Nebraska,Greeley,43,0,0,41.56742671,-98.52150266,31077.0,1825.1273344651956,0.0,43,42,0,0,42,42,2356,1,0,0,1,0
2020-10-17,US,Nebraska,Hall,2393,48,0,40.87257079,-98.50218293,31079.0,3900.3797695304224,2.0058503969912245,2345,2382,48,0,2334,2340,61607,11,0,0,11,42
2020-10-17,US,Nebraska,Hamilton,211,12,0,40.87349452,-98.02099117,31081.0,2262.977262977263,5.6872037914691935,199,208,12,0,196,204,9280,3,0,0,3,4
2020-10-17,US,Nebraska,Harlan,46,0,0,40.17658508,-99.40438879,31083.0,1360.9467455621302,0.0,46,45,0,0,45,44,3401,1,0,0,1,1
2020-10-17,US,Nebraska,Hayes,13,0,0,40.52451972,-101.0603568,31085.0,1409.9783080260306,0.0,13,13,0,0,13,6,916,0,0,0,0,7
2020-10-17,US,Nebraska,Hitchcock,31,0,0,40.17609175,-101.04164770000001,31087.0,1122.3750905141203,0.0,31,28,0,0,28,25,2806,3,0,0,3,3
2020-10-17,US,Nebraska,Holt,208,1,0,42.45522056,-98.78402558,31089.0,2066.1567497764977,0.4807692307692308,207,204,1,0,203,192,10178,4,0,0,4,12
2020-10-17,US,Nebraska,Hooker,19,1,0,41.91586243,-101.1354293,31091.0,2785.923753665689,5.2631578947368425,18,18,1,0,17,18,682,1,0,0,1,0
2020-10-17,US,Nebraska,Howard,124,5,0,41.2200529,-98.5166499,31093.0,1923.9720713731574,4.032258064516129,119,124,5,0,119,122,6468,0,0,0,0,2
2020-10-17,US,Nebraska,Jefferson,67,0,0,40.17584531,-97.142601,31095.0,950.8941243258588,0.0,67,62,0,0,62,55,7097,5,0,0,5,7
2020-10-17,US,Nebraska,Johnson,93,0,0,40.39257596,-96.26522753,31097.0,1833.9577992506408,0.0,93,89,0,0,89,88,5134,4,0,0,4,1
2020-10-17,US,Nebraska,Kearney,232,0,0,40.50663314,-98.94877182,31099.0,3571.97844495766,0.0,232,231,0,0,231,226,6544,1,0,0,1,5
2020-10-17,US,Nebraska,Keith,81,0,0,41.19930341,-101.66201640000001,31101.0,1008.2150858849888,0.0,81,79,0,0,79,77,8021,2,0,0,2,2
2020-10-17,US,Nebraska,Keya Paha,8,0,0,42.87990694,-99.71343729,31103.0,992.5558312655087,0.0,8,8,0,0,8,8,810,0,0,0,0,0
2020-10-17,US,Nebraska,Kimball,33,0,0,41.19774275,-103.7148131,31105.0,908.590308370044,0.0,33,33,0,0,33,33,3618,0,0,0,0,0
2020-10-17,US,Nebraska,Knox,238,0,0,42.63758421,-97.89178836,31107.0,2856.4570331253003,0.0,238,237,0,0,237,236,8419,1,0,0,1,1
2020-10-17,US,Nebraska,Lancaster,7966,30,0,40.78416049,-96.68777155,31109.0,2496.474348929769,0.3766005523474768,7936,7878,30,0,7848,7757,317272,88,0,0,88,121
2020-10-17,US,Nebraska,Lincoln,646,4,0,41.04658298,-100.74753740000001,31111.0,1850.2606404307728,0.6191950464396285,642,637,4,0,633,617,35185,9,0,0,9,20
2020-10-17,US,Nebraska,Logan,8,0,0,41.56650314,-100.4817851,31113.0,1069.51871657754,0.0,8,8,0,0,8,8,749,0,0,0,0,0
2020-10-17,US,Nebraska,Loup,5,0,0,41.91371961,-99.45440415,31115.0,753.0120481927713,0.0,5,5,0,0,5,5,618,0,0,0,0,0
2020-10-17,US,Nebraska,Madison,1044,8,0,41.91676024,-97.6005481,31119.0,2974.443716345195,0.7662835249042146,1036,1041,8,0,1033,1011,35392,3,0,0,3,30
2020-10-17,US,Nebraska,McPherson,9,0,0,41.56797682,-101.05993620000001,31117.0,1821.8623481781376,0.0,9,7,0,0,7,7,492,2,0,0,2,0
2020-10-17,US,Nebraska,Merrick,118,1,0,41.16624273,-98.0374887,31121.0,1521.5989684074787,0.8474576271186439,117,113,1,0,112,110,7733,5,0,0,5,3
2020-10-17,US,Nebraska,Morrill,92,0,0,41.71711774,-103.0061405,31123.0,1981.904351572598,0.0,92,92,0,0,92,91,4686,0,0,0,0,1
2020-10-17,US,Nebraska,Nance,72,0,0,41.39750195,-97.99327291,31125.0,2046.0358056265984,0.0,72,71,0,0,71,69,3532,1,0,0,1,2
2020-10-17,US,Nebraska,Nemaha,160,0,0,40.38514847,-95.85433992,31127.0,2294.893861158921,0.0,160,160,0,0,160,152,6958,0,0,0,0,8
2020-10-17,US,Nebraska,Nuckolls,63,0,0,40.17637905,-98.04743961,31129.0,1518.804243008679,0.0,63,61,0,0,61,52,4195,2,0,0,2,9
2020-10-17,US,Nebraska,Otoe,252,1,0,40.64843556,-96.13374142,31131.0,1573.819635273545,0.3968253968253968,251,247,1,0,246,243,15985,5,0,0,5,4
2020-10-17,US,Nebraska,Pawnee,26,0,0,40.13141096,-96.23705437,31133.0,995.0248756218906,0.0,26,25,0,0,25,24,2632,1,0,0,1,1
2020-10-17,US,Nebraska,Perkins,39,10,0,40.85082525,-101.6502942,31135.0,1349.0141819439639,25.64102564102564,29,36,10,0,26,36,2929,3,0,0,3,0
2020-10-17,US,Nebraska,Phelps,237,0,0,40.51156033,-99.41461667,31137.0,2623.422625636485,0.0,237,223,0,0,223,209,8996,14,0,0,14,14
2020-10-17,US,Nebraska,Pierce,153,8,0,42.26434853,-97.60122773,31139.0,2140.458869613878,5.2287581699346415,145,153,8,0,145,147,7142,0,0,0,0,6
2020-10-17,US,Nebraska,Platte,1371,5,0,41.57246836,-97.52144359,31141.0,4096.205557215417,0.3646973012399709,1366,1362,5,0,1357,1337,33363,9,0,0,9,25
2020-10-17,US,Nebraska,Polk,163,1,0,41.18813488,-97.56630712,31143.0,3165.164013044313,0.6134969325153374,162,163,1,0,162,150,5278,0,0,0,0,13
2020-10-17,US,Nebraska,Red Willow,152,0,0,40.17556879999999,-100.476998,31145.0,1417.3815740395373,0.0,152,138,0,0,138,133,10726,14,0,0,14,5
2020-10-17,US,Nebraska,Richardson,82,2,0,40.1247415,-95.71755036,31147.0,1042.593769866497,2.4390243902439024,80,82,2,0,80,79,7937,0,0,0,0,3
2020-10-17,US,Nebraska,Rock,51,1,0,42.42252217,-99.44832069,31149.0,3758.290346352248,1.96078431372549,50,50,1,0,49,50,1360,1,0,0,1,0
2020-10-17,US,Nebraska,Saline,841,2,0,40.52418865,-97.14085859,31151.0,5912.542182227222,0.2378121284185493,839,838,2,0,836,819,14350,3,0,0,3,19
2020-10-17,US,Nebraska,Sarpy,5052,32,0,41.11314181,-96.11156432,31153.0,2698.775614863565,0.6334125098970704,5020,4986,32,0,4954,4813,184459,66,0,0,66,173
2020-10-17,US,Nebraska,Saunders,608,4,0,41.227810299999994,-96.63773905,31155.0,2817.6846788395587,0.6578947368421053,604,603,4,0,599,586,21303,5,0,0,5,17
2020-10-17,US,Nebraska,Scotts Bluff,513,8,0,41.85070896,-103.70809859999999,31157.0,1440.2830029760235,1.5594541910331383,505,510,8,0,502,498,35989,3,0,0,3,12
2020-10-17,US,Nebraska,Seward,298,3,0,40.87241834,-97.139673,31159.0,1724.1379310344828,1.0067114093959733,295,291,3,0,288,284,17318,7,0,0,7,7
2020-10-17,US,Nebraska,Sheridan,100,0,0,42.50284406,-102.4126613,31161.0,1906.214258482653,0.0,100,97,0,0,97,89,5190,3,0,0,3,8
2020-10-17,US,Nebraska,Sherman,34,3,0,41.22045983,-98.97588642,31163.0,1132.95568143952,8.823529411764708,31,34,3,0,31,33,3038,0,0,0,0,1
2020-10-17,US,Nebraska,Sioux,12,0,0,42.48932059,-103.7576544,31165.0,1029.1595197255574,0.0,12,11,0,0,11,11,1187,1,0,0,1,0
2020-10-17,US,Nebraska,Stanton,56,0,0,41.9169835,-97.19394708,31167.0,945.945945945946,0.0,56,56,0,0,56,55,5970,0,0,0,0,1
2020-10-17,US,Nebraska,Thayer,45,0,0,40.17626377,-97.59504381,31169.0,899.4603238057166,0.0,45,45,0,0,45,42,5039,0,0,0,0,3
2020-10-17,US,Nebraska,Thomas,8,0,0,41.91358968,-100.5556632,31171.0,1108.03324099723,0.0,8,8,0,0,8,8,720,0,0,0,0,0
2020-10-17,US,Nebraska,Thurston,300,4,0,42.15725356,-96.54157099,31173.0,4152.823920265781,1.3333333333333333,296,300,4,0,296,298,7303,0,0,0,0,2
2020-10-17,US,Nebraska,Unassigned,405,1,0,0.0,0.0,90031.0,0.0,0.2469135802469136,404,396,1,0,395,398,,9,0,0,9,-2
2020-10-17,US,Nebraska,Valley,64,1,0,41.56730777,-98.98197724,31175.0,1539.2015392015396,1.5625,63,62,1,0,61,57,4190,2,0,0,2,5
2020-10-17,US,Nebraska,Washington,403,7,0,41.52815707,-96.22019892,31177.0,1944.13623426118,1.7369727047146402,396,399,7,0,392,383,20667,4,0,0,4,16
2020-10-17,US,Nebraska,Wayne,279,0,0,42.20934475,-97.11926964,31179.0,2972.828982418753,0.0,279,279,0,0,279,266,9403,0,0,0,0,13
2020-10-17,US,Nebraska,Webster,84,0,0,40.17642643,-98.50019851,31181.0,2408.947519357614,0.0,84,81,0,0,81,66,3533,3,0,0,3,15
2020-10-17,US,Nebraska,Wheeler,3,0,0,41.91482725,-98.52798941,31183.0,383.1417624521073,0.0,3,3,0,0,3,3,805,0,0,0,0,0
2020-10-17,US,Nebraska,York,376,2,0,40.87272618,-97.59710186,31185.0,2748.738942905183,0.5319148936170213,374,364,2,0,362,347,13772,12,0,0,12,17
2020-10-17,US,Nevada,Carson City,645,8,0,39.15509045,-119.7480219,32510.0,1153.5159882681164,1.2403100775193798,637,637,8,0,629,626,55414,8,0,0,8,11
2020-10-17,US,Nevada,Churchill,184,4,0,39.58105744,-118.3394607,32001.0,738.6888273314868,2.1739130434782608,180,184,4,0,180,182,24440,0,0,0,0,2
2020-10-17,US,Nevada,Clark,74544,1468,0,36.21458855,-115.0130241,32003.0,3288.6357570316522,1.969306718179867,73076,73737,1468,0,72269,73154,2231647,807,0,0,807,583
2020-10-17,US,Nevada,Douglas,370,1,0,38.912862,-119.61713329999999,32005.0,756.5688579899803,0.2702702702702703,369,368,1,0,367,364,48467,2,0,0,2,4
2020-10-17,US,Nevada,Elko,1180,11,0,41.14531606,-115.3577619,32007.0,2235.780059873432,0.9322033898305084,1169,1161,11,0,1150,1145,52460,19,0,0,19,16
2020-10-17,US,Nevada,Eureka,10,0,0,39.98100864,-116.26832040000001,32011.0,492.8536224741252,0.0,10,10,0,0,10,10,2003,0,0,0,0,0
2020-10-17,US,Nevada,Humboldt,150,4,0,41.40692186,-118.11094270000001,32013.0,891.2126433367001,2.6666666666666665,146,150,4,0,146,150,16786,0,0,0,0,0
2020-10-17,US,Nevada,Lander,89,2,0,39.933223299999995,-117.03970749999999,32015.0,1608.8214027476502,2.247191011235955,87,90,2,0,88,90,5575,-1,0,0,-1,0
2020-10-17,US,Nevada,Lincoln,34,0,0,37.64268459,-114.8790388,32017.0,655.9907389542736,0.0,34,28,0,0,28,18,5201,6,0,0,6,10
2020-10-17,US,Nevada,Lyon,541,10,0,39.01777974,-119.18704790000001,32019.0,940.7059641801428,1.8484288354898335,531,540,10,0,530,533,55808,1,0,0,1,7
2020-10-17,US,Nevada,Mineral,14,0,0,38.53841696,-118.4344506,32021.0,310.7658157602664,0.0,14,14,0,0,14,14,4514,0,0,0,0,0
2020-10-17,US,Nevada,Nye,572,16,0,38.04264256,-116.47227020000001,32023.0,1229.4993873997807,2.797202797202797,556,572,16,0,556,569,45346,0,0,0,0,3
2020-10-17,US,Nevada,Pershing,23,0,0,40.44003782,-118.40056409999998,32027.0,342.00743494423784,0.0,23,23,0,0,23,23,6666,0,0,0,0,0
2020-10-17,US,Nevada,Storey,20,0,0,39.44875482,-119.5250207,32029.0,485.0836769342712,0.0,20,18,0,0,18,16,4029,2,0,0,2,2
2020-10-17,US,Nevada,Washoe,11183,182,0,40.66562265,-119.6631594,32031.0,2371.6965806255953,1.6274702673701154,11001,11060,182,0,10878,10984,465735,123,0,0,123,76
2020-10-17,US,Nevada,White Pine,93,1,0,39.44157041,-114.89996599999999,32033.0,970.7724425887268,1.075268817204301,92,93,1,0,92,91,9475,0,0,0,0,2
2020-10-17,US,New Hampshire,Belknap,188,5,0,43.51637314,-71.41684235,33001.0,306.67340913169016,2.6595744680851063,183,186,5,0,181,185,61022,2,0,0,2,1
2020-10-17,US,New Hampshire,Carroll,135,2,0,43.87498583,-71.20430216,33003.0,276.0171744019628,1.4814814814814814,133,134,2,0,132,134,48779,1,0,0,1,0
2020-10-17,US,New Hampshire,Cheshire,171,3,0,42.92015988,-72.25311043,33005.0,224.74863639350727,1.7543859649122806,168,171,3,0,168,167,76493,0,0,0,0,4
2020-10-17,US,New Hampshire,Coos,31,0,0,44.69063265,-71.30633239,33007.0,98.2162658809365,0.0,31,29,0,0,29,28,31589,2,0,0,2,1
2020-10-17,US,New Hampshire,Grafton,180,1,0,43.93779815,-71.82057197,33009.0,200.25365462919697,0.5555555555555556,179,176,1,0,175,174,89786,4,0,0,4,2
2020-10-17,US,New Hampshire,Hillsborough,5085,311,0,42.91537785,-71.7200253,33011.0,1219.3513578322645,6.116027531956735,4774,5040,310,0,4730,4999,415247,45,1,0,44,41
2020-10-17,US,New Hampshire,Merrimack,755,24,0,43.29662971,-71.6811573,33013.0,498.7086418611409,3.178807947019868,731,733,24,0,709,718,151132,22,0,0,22,15
2020-10-17,US,New Hampshire,Rockingham,2356,105,0,42.98499744,-71.12883377,33015.0,760.5667448970039,4.4567062818336165,2251,2332,105,0,2227,2313,309176,24,0,0,24,19
2020-10-17,US,New Hampshire,Strafford,644,14,0,43.291833000000004,-71.02336013,33017.0,492.98416173554915,2.1739130434782608,630,640,14,0,626,634,130090,4,0,0,4,6
2020-10-17,US,New Hampshire,Sullivan,68,1,0,43.36094111,-72.22203125,33019.0,157.60441292356185,1.4705882352941178,67,67,1,0,66,66,43144,1,0,0,1,1
2020-10-17,US,New Hampshire,Unassigned,12,0,0,0.0,0.0,90033.0,0.0,0.0,12,6,0,0,6,8,,6,0,0,6,-2
2020-10-17,US,New Jersey,Atlantic,4638,264,0,39.47538693,-74.65848483,34001.0,1759.0169530094433,5.692108667529108,4374,4595,264,0,4331,4566,265429,43,0,0,43,29
2020-10-17,US,New Jersey,Bergen,23639,2050,0,40.96010917,-74.07164325,34003.0,2535.8237806827274,8.672109649308346,21589,23569,2050,0,21519,23495,936692,70,0,0,70,74
2020-10-17,US,New Jersey,Burlington,7776,505,0,39.87681124,-74.66927768,34005.0,1746.0463591475448,6.4943415637860085,7271,7730,505,0,7225,7703,445384,46,0,0,46,27
2020-10-17,US,New Jersey,Camden,10739,617,0,39.80343818,-74.96388753,34007.0,2120.3583225890525,5.7454139119098615,10122,10695,617,0,10078,10646,507078,44,0,0,44,49
2020-10-17,US,New Jersey,Cape May,1072,99,0,39.15008829,-74.80170244,34009.0,1164.7236497571682,9.235074626865671,973,1067,99,0,968,1064,92560,5,0,0,5,3
2020-10-17,US,New Jersey,Cumberland,3894,161,0,39.37199394,-75.10712559,34011.0,2604.211948343777,4.1345659989727785,3733,3889,161,0,3728,3885,150972,5,0,0,5,4
2020-10-17,US,New Jersey,Essex,22345,2134,0,40.78681335,-74.24657979,34013.0,2796.7082824869362,9.550234951890804,20211,22227,2134,0,20093,22129,799767,118,0,0,118,98
2020-10-17,US,New Jersey,Gloucester,5142,234,0,39.71581067,-75.13995546,34015.0,1763.1568119162243,4.5507584597432915,4908,5091,234,0,4857,5072,291408,51,0,0,51,19
2020-10-17,US,New Jersey,Hudson,21604,1521,0,40.73766234,-74.07515667,34017.0,3213.011476953142,7.040362895760045,20083,21529,1520,0,20009,21425,676061,75,1,0,74,104
2020-10-17,US,New Jersey,Hunterdon,1474,126,0,40.56335249,-74.91284156,34019.0,1185.1637439596047,8.548168249660787,1348,1471,126,0,1345,1469,124714,3,0,0,3,2
2020-10-17,US,New Jersey,Mercer,8925,637,0,40.28047017,-74.70479631,34021.0,2429.034101733664,7.137254901960786,8288,8911,637,0,8274,8894,369811,14,0,0,14,17
2020-10-17,US,New Jersey,Middlesex,20822,1437,0,40.43629879,-74.41426991,34023.0,2523.689128816986,6.901354336759198,19385,20727,1437,0,19290,20646,829685,95,0,0,95,81
2020-10-17,US,New Jersey,Monmouth,13266,868,0,40.26549699,-74.22240686,34025.0,2143.844084066613,6.5430423639378885,12398,13180,868,0,12312,13099,621354,86,0,0,86,81
2020-10-17,US,New Jersey,Morris,8337,832,0,40.86095313,-74.54553709999998,34027.0,1695.0462035803962,9.979608972052297,7505,8307,832,0,7475,8280,494228,30,0,0,30,27
2020-10-17,US,New Jersey,Ocean,15832,1054,0,39.8895449,-74.28089251,34029.0,2607.438247917442,6.657402728650834,14778,15752,1054,0,14698,15684,601651,80,0,0,80,68
2020-10-17,US,New Jersey,Passaic,19914,1258,0,41.03238628,-74.29954144,34031.0,3968.307740133033,6.317163804358742,18656,19859,1258,0,18601,19812,503310,55,0,0,55,47
2020-10-17,US,New Jersey,Salem,1136,88,0,39.58719656,-75.34696629999998,34033.0,1820.9505490101787,7.746478873239437,1048,1130,88,0,1042,1127,62607,6,0,0,6,3
2020-10-17,US,New Jersey,Somerset,6110,588,0,40.56465737,-74.61683016,34035.0,1857.5154894294903,9.623567921440262,5522,6092,588,0,5504,6089,331164,18,0,0,18,3
2020-10-17,US,New Jersey,Sussex,1601,197,0,41.13891592,-74.69118243,34037.0,1139.5991116679006,12.304809494066207,1404,1596,197,0,1399,1589,140799,5,0,0,5,7
2020-10-17,US,New Jersey,Unassigned,368,0,0,0.0,0.0,90034.0,0.0,0.0,368,380,0,0,380,385,,-12,0,0,-12,-5
2020-10-17,US,New Jersey,Union,18599,1363,0,40.65835409,-74.30680092,34039.0,3343.0935343611204,7.3283509866121825,17236,18505,1362,0,17143,18440,558067,94,1,0,93,65
2020-10-17,US,New Jersey,Warren,1505,171,0,40.85951833,-74.99556527,34041.0,1429.6978160297147,11.362126245847175,1334,1502,171,0,1331,1495,105779,3,0,0,3,7
2020-10-17,US,New Mexico,Bernalillo,8794,186,0,35.05163625,-106.6703554,35001.0,1294.9091546278205,2.1150784625881283,8608,8605,185,0,8420,8428,678701,189,1,0,188,177
2020-10-17,US,New Mexico,Catron,9,1,0,33.91514144,-108.4046587,35003.0,255.17436915225403,11.111111111111109,8,9,1,0,8,9,3578,0,0,0,0,0
2020-10-17,US,New Mexico,Chaves,1710,17,0,33.36406072,-104.4665365,35005.0,2646.4443240733576,0.9941520467836256,1693,1687,17,0,1670,1664,64689,23,0,0,23,23
2020-10-17,US,New Mexico,Cibola,490,21,0,34.91131525,-107.998876,35006.0,1836.925960637301,4.285714285714286,469,487,21,0,466,479,26746,3,0,0,3,8
2020-10-17,US,New Mexico,Colfax,41,1,0,36.60569702,-104.64726740000002,35007.0,343.3548279038607,2.4390243902439024,40,41,1,0,40,41,12110,0,0,0,0,0
2020-10-17,US,New Mexico,Curry,1265,8,0,34.57421077,-103.34688759999999,35009.0,2584.058503901622,0.6324110671936759,1257,1231,8,0,1223,1155,49437,34,0,0,34,76
2020-10-17,US,New Mexico,De Baca,1,0,0,34.34274529,-104.4117842,35011.0,57.20823798627003,0.0,1,1,0,0,1,1,1781,0,0,0,0,0
2020-10-17,US,New Mexico,Dona Ana,4596,63,0,32.35275771,-106.83293870000001,35013.0,2106.372739980293,1.370757180156658,4533,4500,63,0,4437,4355,217522,96,0,0,96,145
2020-10-17,US,New Mexico,Eddy,1161,17,0,32.47167456,-104.3053527,35015.0,1985.9733150872394,1.4642549526270456,1144,1125,17,0,1108,1089,57900,36,0,0,36,36
2020-10-17,US,New Mexico,Grant,161,2,0,32.73911281,-108.3827845,35017.0,596.3404696644196,1.2422360248447204,159,159,2,0,157,156,27346,2,0,0,2,3
2020-10-17,US,New Mexico,Guadalupe,37,1,0,34.86319296,-104.790669,35019.0,860.4651162790698,2.702702702702702,36,37,1,0,36,37,4341,0,0,0,0,0
2020-10-17,US,New Mexico,Harding,1,0,0,35.85751555,-103.82209379999999,35021.0,160.0,0.0,1,1,0,0,1,1,655,0,0,0,0,0
2020-10-17,US,New Mexico,Hidalgo,111,2,0,31.91383467,-108.7151824,35023.0,2644.1162458313484,1.8018018018018016,109,111,2,0,109,111,4240,0,0,0,0,0
2020-10-17,US,New Mexico,Lea,1782,28,0,32.79215361,-103.4123733,35025.0,2507.3870831574504,1.5712682379349046,1754,1767,28,0,1739,1713,69611,15,0,0,15,54
2020-10-17,US,New Mexico,Lincoln,293,4,0,33.74526079,-105.4586166,35027.0,1497.0365828734928,1.3651877133105803,289,283,4,0,279,267,19556,10,0,0,10,16
2020-10-17,US,New Mexico,Los Alamos,37,0,0,35.86631386,-106.31349850000001,35028.0,191.02689865248595,0.0,37,37,0,0,37,37,19101,0,0,0,0,0
2020-10-17,US,New Mexico,Luna,579,10,0,32.18179341,-107.75088259999998,35029.0,2442.1105909148423,1.7271157167530224,569,558,10,0,548,528,23963,21,0,0,21,30
2020-10-17,US,New Mexico,McKinley,4461,260,0,35.58007720000001,-108.262245,35031.0,6250.7881794106515,5.828289621161175,4201,4454,260,0,4194,4449,72290,7,0,0,7,5
2020-10-17,US,New Mexico,Mora,14,0,0,36.01095101,-104.9497716,35033.0,309.66600309666,0.0,14,13,0,0,13,12,4506,1,0,0,1,1
2020-10-17,US,New Mexico,Otero,348,13,0,32.61348406,-105.7417604,35035.0,515.6319454734034,3.7356321839080464,335,342,13,0,329,319,66781,6,0,0,6,23
2020-10-17,US,New Mexico,Quay,86,2,0,35.10403332,-103.54817270000001,35037.0,1042.0453168544768,2.3255813953488373,84,86,2,0,84,86,8253,0,0,0,0,0
2020-10-17,US,New Mexico,Rio Arriba,438,14,0,36.51072137,-106.69316740000001,35039.0,1125.3564913542818,3.1963470319634704,424,432,14,0,418,428,39006,6,0,0,6,4
2020-10-17,US,New Mexico,Roosevelt,377,6,0,34.02097406,-103.4799493,35041.0,2037.8378378378384,1.5915119363395225,371,373,6,0,367,365,18743,4,0,0,4,8
2020-10-17,US,New Mexico,San Juan,3575,203,0,36.50838318,-108.32043700000001,35045.0,2884.0413688507397,5.6783216783216774,3372,3565,203,0,3362,3536,125043,10,0,0,10,29
2020-10-17,US,New Mexico,San Miguel,139,0,0,35.48014807,-104.8163562,35047.0,509.58683139641454,0.0,139,132,0,0,132,128,27591,7,0,0,7,4
2020-10-17,US,New Mexico,Sandoval,1688,43,0,35.68862401,-106.86878030000001,35043.0,1150.2712132362965,2.5473933649289098,1645,1664,43,0,1621,1622,145179,24,0,0,24,42
2020-10-17,US,New Mexico,Santa Fe,1340,8,0,35.50708973,-105.9774716,35049.0,891.2063209140849,0.5970149253731343,1332,1312,8,0,1304,1274,150056,28,0,0,28,38
2020-10-17,US,New Mexico,Sierra,74,1,0,33.13028233,-107.1925893,35051.0,685.7566490594013,1.351351351351351,73,73,1,0,72,67,10968,1,0,0,1,6
2020-10-17,US,New Mexico,Socorro,165,7,0,34.00715494,-106.9298354,35053.0,991.7653423093103,4.242424242424242,158,155,7,0,148,148,16735,10,0,0,10,7
2020-10-17,US,New Mexico,Taos,167,4,0,36.58006022,-105.63101979999999,35055.0,510.34440607523766,2.395209580838323,163,165,4,0,161,164,32835,2,0,0,2,1
2020-10-17,US,New Mexico,Torrance,93,1,0,34.64048375,-105.8508949,35057.0,601.5134855442727,1.075268817204301,92,91,1,0,90,91,15591,2,0,0,2,0
2020-10-17,US,New Mexico,Unassigned,1532,0,0,0.0,0.0,90035.0,0.0,0.0,1532,1511,0,0,1511,1459,,21,0,0,21,52
2020-10-17,US,New Mexico,Union,38,2,0,36.48126404,-103.4709624,35059.0,936.1911800936192,5.2631578947368425,36,38,2,0,36,37,4118,0,0,0,0,1
2020-10-17,US,New Mexico,Valencia,740,4,0,34.71669834,-106.8103733,35061.0,964.9488837888588,0.5405405405405406,736,725,4,0,721,702,76456,15,0,0,15,23
2020-10-17,US,New York,Albany,3398,136,0,42.60060306,-73.97723916,36001.0,1112.2531145051162,4.002354326074161,3262,3383,136,0,3247,3369,307117,15,0,0,15,14
2020-10-17,US,New York,Allegany,200,1,0,42.25748406,-78.02750466,36003.0,433.92419344340544,0.5,199,188,1,0,187,176,46430,12,0,0,12,12
2020-10-17,US,New York,Bronx,54307,4975,0,40.85209301,-73.86282755,36005.0,3829.271749469577,9.160881654298711,49332,54198,4973,0,49225,54077,1432132,109,2,0,107,121
2020-10-17,US,New York,Broome,2844,83,0,42.15903158,-75.81326086,36007.0,1493.0074335391205,2.918424753867792,2761,2784,83,0,2701,2703,191659,60,0,0,60,81
2020-10-17,US,New York,Cattaraugus,399,6,0,42.24778241,-78.67923096,36009.0,524.1930186423532,1.5037593984962403,393,393,6,0,387,383,76840,6,0,0,6,10
2020-10-17,US,New York,Cayuga,284,2,0,42.91261714,-76.55731592,36011.0,370.8733806936898,0.7042253521126759,282,275,2,0,273,269,77145,9,0,0,9,6
2020-10-17,US,New York,Chautauqua,789,13,0,42.22769210000001,-79.36691763,36013.0,621.734710763339,1.6476552598225602,776,771,13,0,758,758,127939,18,0,0,18,13
2020-10-17,US,New York,Chemung,1199,3,0,42.13891056,-76.7638805,36015.0,1436.685199386503,0.25020850708924103,1196,1156,3,0,1153,1104,84254,43,0,0,43,52
2020-10-17,US,New York,Chenango,304,7,0,42.49430041,-75.60887553,36017.0,643.9722922447943,2.3026315789473686,297,294,7,0,287,291,47536,10,0,0,10,3
2020-10-17,US,New York,Clinton,192,5,0,44.74530905,-73.67875352,36019.0,238.55376778281658,2.6041666666666665,187,190,5,0,185,187,80695,2,0,0,2,3
2020-10-17,US,New York,Columbia,641,38,0,42.24819348,-73.63089095,36021.0,1078.0175240914214,5.928237129485179,603,635,38,0,597,634,59916,6,0,0,6,1
2020-10-17,US,New York,Cortland,399,0,0,42.59509207,-76.07048931,36023.0,838.5700174439377,0.0,399,387,0,0,387,371,47823,12,0,0,12,16
2020-10-17,US,New York,Delaware,159,7,0,42.19837623,-74.96709306,36025.0,360.2582984026283,4.402515723270441,152,157,7,0,150,156,44527,2,0,0,2,1
2020-10-17,US,New York,Dutchess,5318,163,0,41.76486060000001,-73.74356679,36027.0,1807.5032798809045,3.065062053403535,5155,5305,163,0,5142,5289,293718,13,0,0,13,16
2020-10-17,US,New York,Erie,12393,708,0,42.76249024,-78.73063652,36029.0,1348.9684359019573,5.712902444928589,11685,12324,708,0,11616,12269,919719,69,0,0,69,55
2020-10-17,US,New York,Essex,190,0,0,44.11630765,-73.77297842,36031.0,515.1145452080792,0.0,190,184,0,0,184,182,37300,6,0,0,6,2
2020-10-17,US,New York,Franklin,77,0,0,44.59040891,-74.29926032,36033.0,153.93226980128745,0.0,77,75,0,0,75,75,50293,2,0,0,2,0
2020-10-17,US,New York,Fulton,358,24,0,43.11363907,-74.41798804,36035.0,670.6254800217297,6.70391061452514,334,357,24,0,333,357,53591,1,0,0,1,0
2020-10-17,US,New York,Genesee,371,5,0,43.0022601,-78.19135193,36037.0,647.6955307262571,1.3477088948787062,366,371,5,0,366,370,57511,0,0,0,0,1
2020-10-17,US,New York,Greene,465,18,0,42.275797,-74.12384884,36039.0,985.4200220395016,3.870967741935484,447,464,18,0,446,454,47491,1,0,0,1,10
2020-10-17,US,New York,Hamilton,16,0,0,43.66146647,-74.49721957,36041.0,362.3188405797102,0.0,16,16,0,0,16,16,4434,0,0,0,0,0
2020-10-17,US,New York,Herkimer,368,10,0,43.42034246,-74.96145307,36043.0,600.1402501671587,2.717391304347826,358,367,10,0,357,367,61833,1,0,0,1,0
2020-10-17,US,New York,Jefferson,186,0,0,44.04200959,-75.94653457,36045.0,169.3464683067174,0.0,186,186,0,0,186,186,111755,0,0,0,0,0
2020-10-17,US,New York,Kings,72894,7366,0,40.636182500000004,-73.94935552,36047.0,2847.5297696826788,10.105084094712868,65528,72598,7365,0,65233,72369,2582830,296,1,0,295,229
2020-10-17,US,New York,Lewis,55,0,0,43.784415700000004,-75.44903992,36049.0,209.15728627928203,0.0,55,55,0,0,55,55,26447,0,0,0,0,0
2020-10-17,US,New York,Livingston,239,8,0,42.72596275,-77.77966158,36051.0,379.8836506977778,3.3472803347280333,231,234,8,0,226,232,63227,5,0,0,5,2
2020-10-17,US,New York,Madison,531,17,0,42.91653905,-75.67266639,36053.0,748.5093246500612,3.2015065913371004,514,528,17,0,511,521,70795,3,0,0,3,7
2020-10-17,US,New York,Monroe,6671,300,0,43.14638895,-77.69322942,36055.0,899.3353734985237,4.49707690001499,6371,6628,300,0,6328,6572,742474,43,0,0,43,56
2020-10-17,US,New York,Montgomery,254,4,0,42.90123494,-74.44011632,36057.0,516.0399016679872,1.5748031496062993,250,252,4,0,248,250,49455,2,0,0,2,2
2020-10-17,US,New York,Nassau,48494,2204,0,40.74066522,-73.58941873,36059.0,3573.818430509004,4.544892151606384,46290,48377,2204,0,46173,48272,1358343,117,0,0,117,105
2020-10-17,US,New York,New York,34871,3188,0,40.76727260000001,-73.97152637,36061.0,2141.0248381230253,9.142267213443835,31683,34735,3188,0,31547,34637,,136,0,0,136,98
2020-10-17,US,New York,Niagara,1946,101,0,43.19898042,-78.74777412,36063.0,929.8502969691467,5.190133607399795,1845,1938,101,0,1837,1928,210433,8,0,0,8,10
2020-10-17,US,New York,Oneida,2586,128,0,43.24375382,-75.43710392,36065.0,1130.8823593721984,4.949729311678269,2458,2574,128,0,2446,2567,229577,12,0,0,12,7
2020-10-17,US,New York,Onondaga,4977,207,0,43.00491923,-76.19971155,36067.0,1080.7160476670256,4.159132007233273,4770,4946,207,0,4739,4908,461809,31,0,0,31,38
2020-10-17,US,New York,Ontario,559,35,0,42.85145728,-77.30874425,36069.0,509.2141341082376,6.2611806797853315,524,549,35,0,514,537,109864,10,0,0,10,12
2020-10-17,US,New York,Orange,13139,502,0,41.40337468,-74.30240757,36071.0,3413.259209227412,3.8206865058223607,12637,13098,502,0,12596,13033,381951,41,0,0,41,65
2020-10-17,US,New York,Orleans,360,54,0,43.2516977,-78.2320066,36073.0,892.1490880253767,15.0,306,359,54,0,305,356,40612,1,0,0,1,3
2020-10-17,US,New York,Oswego,582,4,0,43.42778894,-76.14635194,36075.0,496.9092585635736,0.6872852233676976,578,579,4,0,575,568,117898,3,0,0,3,11
2020-10-17,US,New York,Otsego,364,5,0,42.63492579,-75.03151402,36077.0,611.8366866690199,1.3736263736263736,359,362,5,0,357,362,59749,2,0,0,2,0
2020-10-17,US,New York,Putnam,1731,63,0,41.42630093,-73.74965532,36079.0,1760.5777054515866,3.639514731369151,1668,1716,63,0,1653,1710,98892,15,0,0,15,6
2020-10-17,US,New York,Queens,74998,7285,0,40.71088124,-73.81684712,36081.0,3327.538824539967,9.713592362463,67713,74798,7282,0,67516,74632,2278906,200,3,0,197,166
2020-10-17,US,New York,Rensselaer,1021,42,0,42.71348136,-73.51089874,36083.0,643.2954874806255,4.113614103819785,979,1020,42,0,978,1007,159442,1,0,0,1,13
2020-10-17,US,New York,Richmond,16670,1089,0,40.58582155,-74.14808598,36085.0,3501.049054590743,6.532693461307738,15581,16605,1089,0,15516,16559,476179,65,0,0,65,46
2020-10-17,US,New York,Rockland,17125,680,0,41.15027894,-74.02560498,36087.0,5256.469678227319,3.970802919708029,16445,17063,680,0,16383,16972,325695,62,0,0,62,91
2020-10-17,US,New York,Saratoga,1202,17,0,43.10904162,-73.86653895,36091.0,522.9201741907136,1.4143094841930115,1185,1190,17,0,1173,1182,230163,12,0,0,12,8
2020-10-17,US,New York,Schenectady,1491,50,0,42.81668777,-74.05278291,36093.0,960.0834519217767,3.35345405767941,1441,1485,50,0,1435,1477,155350,6,0,0,6,8
2020-10-17,US,New York,Schoharie,100,0,0,42.58831742,-74.44339029999998,36095.0,322.5910513242363,0.0,100,100,0,0,100,97,31097,0,0,0,0,3
2020-10-17,US,New York,Schuyler,86,0,0,42.39184015,-76.8773299,36097.0,482.95614084348847,0.0,86,85,0,0,85,82,17912,1,0,0,1,3
2020-10-17,US,New York,Seneca,126,3,0,42.78081007,-76.82497064,36099.0,370.4139228598307,2.380952380952381,123,125,3,0,122,124,34300,1,0,0,1,1
2020-10-17,US,New York,St. Lawrence,355,4,0,44.4976179,-75.06550039,36089.0,329.49693707072583,1.1267605633802815,351,353,4,0,349,351,108047,2,0,0,2,2
2020-10-17,US,New York,Steuben,847,57,0,42.2689144,-77.3829924,36101.0,888.0361505153128,6.729634002361276,790,817,57,0,760,764,95796,30,0,0,30,53
2020-10-17,US,New York,Suffolk,47941,2016,0,40.88320119,-72.8012172,36103.0,3246.713228556665,4.2051688533822835,45925,47815,2016,0,45799,47711,1481093,126,0,0,126,104
2020-10-17,US,New York,Sullivan,1674,48,0,41.71579493,-74.76394559,36105.0,2219.217308304168,2.867383512544803,1626,1668,48,0,1620,1663,75498,6,0,0,6,5
2020-10-17,US,New York,Tioga,424,25,0,42.16852837,-76.30835812,36107.0,879.6133020766342,5.89622641509434,399,413,25,0,388,390,48560,11,0,0,11,23
2020-10-17,US,New York,Tompkins,534,0,0,42.44945765,-76.47229843,36109.0,522.6071638285379,0.0,534,523,0,0,523,515,102793,11,0,0,11,8
2020-10-17,US,New York,Ulster,2402,95,0,41.89027881,-74.26252104,36111.0,1352.6831218710051,3.9550374687760197,2307,2395,95,0,2300,2392,178599,7,0,0,7,3
2020-10-17,US,New York,Unassigned,0,22,0,0.0,0.0,90036.0,0.0,0.0,-22,0,18,0,-18,0,,0,4,0,-4,0
2020-10-17,US,New York,Warren,437,33,0,43.56173026,-73.8433699,36113.0,683.410484173652,7.551487414187642,404,437,33,0,404,434,64265,0,0,0,0,3
2020-10-17,US,New York,Washington,326,14,0,43.31153794,-73.43043448,36115.0,532.6449251682898,4.294478527607362,312,325,14,0,311,324,61197,1,0,0,1,1
2020-10-17,US,New York,Wayne,377,5,0,43.15494365,-77.02976528,36117.0,419.27089125647797,1.326259946949602,372,373,5,0,368,370,90064,4,0,0,4,3
2020-10-17,US,New York,Westchester,39398,1460,0,41.16278376,-73.75741653,36119.0,4072.1194493884277,3.7057718665922126,37938,39288,1460,0,37828,39200,967612,110,0,0,110,88
2020-10-17,US,New York,Wyoming,163,5,0,42.70145109,-78.22199579,36121.0,408.9415188539602,3.0674846625766867,158,160,5,0,155,156,40085,3,0,0,3,4
2020-10-17,US,New York,Yates,84,7,0,42.63505484,-77.10369919,36123.0,337.17336330429896,8.333333333333334,77,81,7,0,74,78,24841,3,0,0,3,3
2020-10-17,US,North Carolina,Alamance,4757,59,0,36.0434701,-79.39976137,37001.0,2806.3406662773077,1.2402774858103849,4698,4675,59,0,4616,4580,166436,82,0,0,82,95
2020-10-17,US,North Carolina,Alexander,671,9,0,35.922379600000006,-81.17751948,37003.0,1789.4764914526495,1.3412816691505216,662,653,9,0,644,636,37353,18,0,0,18,17
2020-10-17,US,North Carolina,Alleghany,264,1,0,36.49360862,-81.12857041,37005.0,2370.47678908144,0.3787878787878788,263,262,1,0,261,261,11161,2,0,0,2,1
2020-10-17,US,North Carolina,Anson,689,8,0,34.97403241,-80.09953279,37007.0,2818.457007281355,1.161103047895501,681,687,8,0,679,680,24877,2,0,0,2,7
2020-10-17,US,North Carolina,Ashe,364,1,0,36.43296207,-81.49862729,37009.0,1338.0877109142375,0.27472527472527475,363,358,1,0,357,347,27109,6,0,0,6,11
2020-10-17,US,North Carolina,Avery,526,0,0,36.07569796,-81.92308483,37011.0,2995.956028934328,0.0,526,490,0,0,490,481,17505,36,0,0,36,9
2020-10-17,US,North Carolina,Beaufort,1220,35,0,35.48531943,-76.84325809,37013.0,2596.076094820616,2.8688524590163933,1185,1189,35,0,1154,1172,47079,31,0,0,31,17
2020-10-17,US,North Carolina,Bertie,684,13,0,36.0688473,-76.96545943,37015.0,3610.0701958093628,1.9005847953216373,671,674,13,0,661,666,19026,10,0,0,10,8
2020-10-17,US,North Carolina,Bladen,1030,19,0,34.61296243,-78.56180059,37017.0,3147.7293563963085,1.8446601941747571,1011,1014,19,0,995,1004,33190,16,0,0,16,10
2020-10-17,US,North Carolina,Brunswick,2000,33,0,34.070565,-78.22814204,37019.0,1400.3640946646128,1.65,1967,1986,31,0,1955,1942,136744,14,2,0,12,44
2020-10-17,US,North Carolina,Buncombe,3742,94,0,35.61113393,-82.53305,37021.0,1432.6680475207795,2.512025654730091,3648,3717,93,0,3624,3674,259103,25,1,0,24,43
2020-10-17,US,North Carolina,Burke,2473,46,0,35.74989637,-81.70755735,37023.0,2733.049676742001,1.8600889607763849,2427,2453,46,0,2407,2428,90382,20,0,0,20,25
2020-10-17,US,North Carolina,Cabarrus,4555,82,0,35.3877799,-80.55267168,37025.0,2104.382937635422,1.8002195389681668,4473,4531,82,0,4449,4500,211342,24,0,0,24,31
2020-10-17,US,North Carolina,Caldwell,2150,19,0,35.95204977,-81.54799522,37027.0,2616.271994937818,0.8837209302325582,2131,2111,19,0,2092,2077,82029,39,0,0,39,34
2020-10-17,US,North Carolina,Camden,131,3,0,36.33804939,-76.15568396,37029.0,1205.4844943406645,2.2900763358778624,128,131,3,0,128,130,10710,0,0,0,0,1
2020-10-17,US,North Carolina,Carteret,985,5,0,34.8932941,-76.54120135,37031.0,1417.8169936522104,0.5076142131979695,980,964,5,0,959,945,69524,21,0,0,21,19
2020-10-17,US,North Carolina,Caswell,555,5,0,36.39312665,-79.33353281,37033.0,2455.317642895063,0.9009009009009008,550,549,5,0,544,535,22698,6,0,0,6,14
2020-10-17,US,North Carolina,Catawba,3894,57,0,35.66211129,-81.2132617,37035.0,2440.598930749416,1.4637904468412943,3837,3855,57,0,3798,3760,158652,39,0,0,39,95
2020-10-17,US,North Carolina,Chatham,1852,60,0,35.70394416,-79.25541492,37037.0,2486.907479521956,3.239740820734341,1792,1845,60,0,1785,1838,73139,7,0,0,7,7
2020-10-17,US,North Carolina,Cherokee,729,12,0,35.1349263,-84.05970864,37039.0,2547.88200754928,1.6460905349794241,717,723,12,0,711,718,28383,6,0,0,6,5
2020-10-17,US,North Carolina,Chowan,486,10,0,36.12908077,-76.60118385,37041.0,3485.6200243849958,2.05761316872428,476,482,10,0,472,477,14029,4,0,0,4,5
2020-10-17,US,North Carolina,Clay,172,3,0,35.05704275,-83.74353633,37043.0,1531.4753806428635,1.7441860465116281,169,167,3,0,164,162,11139,5,0,0,5,5
2020-10-17,US,North Carolina,Cleveland,2820,76,0,35.33553364,-81.55204486,37045.0,2879.108089068578,2.695035460992908,2744,2783,75,0,2708,2753,97645,37,1,0,36,30
2020-10-17,US,North Carolina,Columbus,1570,59,0,34.26744084,-78.65801424,37047.0,2828.421128485984,3.7579617834394905,1511,1557,59,0,1498,1552,55655,13,0,0,13,5
2020-10-17,US,North Carolina,Craven,2103,50,0,35.11833364,-77.08398081,37049.0,2058.958869775502,2.3775558725630046,2053,2076,50,0,2026,2038,102912,27,0,0,27,38
2020-10-17,US,North Carolina,Cumberland,6482,91,0,35.04762133,-78.82623165,37051.0,1931.989901910232,1.4038876889848813,6391,6416,91,0,6325,6335,332330,66,0,0,66,81
2020-10-17,US,North Carolina,Currituck,215,4,0,36.36123664,-75.95876401,37053.0,774.4119871771782,1.8604651162790695,211,214,4,0,210,213,27072,1,0,0,1,1
2020-10-17,US,North Carolina,Dare,320,3,0,35.66520691,-75.71767334,37055.0,864.6545434894215,0.9375,317,319,3,0,316,314,36501,1,0,0,1,5
2020-10-17,US,North Carolina,Davidson,3404,42,0,35.79115496,-80.21256572,37057.0,2030.9171941840832,1.2338425381903644,3362,3374,42,0,3332,3336,166614,30,0,0,30,38
2020-10-17,US,North Carolina,Davie,696,6,0,35.93099927,-80.54496571,37059.0,1624.422349810951,0.8620689655172413,690,688,6,0,682,675,42733,8,0,0,8,13
2020-10-17,US,North Carolina,Duplin,2671,54,0,34.93449805,-77.93140529,37061.0,4547.079552612315,2.0217147135904154,2617,2644,54,0,2590,2628,58856,27,0,0,27,16
2020-10-17,US,North Carolina,Durham,8508,97,0,36.03638492,-78.87608331,37063.0,2646.444035236152,1.1401034320639398,8411,8484,97,0,8387,8441,316739,24,0,0,24,43
2020-10-17,US,North Carolina,Edgecombe,1768,52,0,35.91230639,-77.59436892,37065.0,3434.877214796394,2.9411764705882355,1716,1732,52,0,1680,1705,52005,36,0,0,36,27
2020-10-17,US,North Carolina,Forsyth,8049,111,0,36.12859861,-80.25459052,37067.0,2105.4421323846773,1.3790532985464032,7938,7968,110,0,7858,7887,379099,81,1,0,80,81
2020-10-17,US,North Carolina,Franklin,1367,31,0,36.081519,-78.28708884,37069.0,1961.6847241156634,2.267739575713241,1336,1362,31,0,1331,1358,67560,5,0,0,5,4
2020-10-17,US,North Carolina,Gaston,6558,104,0,35.29373559,-81.17477045,37071.0,2920.780834546985,1.5858493443122903,6454,6472,102,0,6370,6334,222846,86,2,0,84,138
2020-10-17,US,North Carolina,Gates,160,3,0,36.44667547,-76.69749701,37073.0,1383.8436256702994,1.875,157,160,3,0,157,158,11573,0,0,0,0,2
2020-10-17,US,North Carolina,Graham,231,7,0,35.3506925,-83.83369267,37075.0,2736.6425778936145,3.0303030303030303,224,227,7,0,220,223,8484,4,0,0,4,4
2020-10-17,US,North Carolina,Granville,1894,50,0,36.30337451,-78.65184241,37077.0,3133.5307645219464,2.6399155227032733,1844,1878,50,0,1828,1868,60115,16,0,0,16,10
2020-10-17,US,North Carolina,Greene,845,18,0,35.48544173,-77.67578087,37079.0,4010.6317338269496,2.1301775147929,827,820,15,0,805,801,21012,25,3,0,22,19
2020-10-17,US,North Carolina,Guilford,10357,192,0,36.07959451,-79.78824948,37081.0,1928.053107559189,1.853818673361012,10165,10286,192,0,10094,10184,533670,71,0,0,71,102
2020-10-17,US,North Carolina,Halifax,1245,25,0,36.25669272,-77.6556109,37083.0,2489.5020995800837,2.0080321285140563,1220,1220,25,0,1195,1210,50574,25,0,0,25,10
2020-10-17,US,North Carolina,Harnett,2683,66,0,35.36731853,-78.87243571,37085.0,1973.1423192328052,2.4599329109206107,2617,2652,64,0,2588,2630,134214,31,2,0,29,22
2020-10-17,US,North Carolina,Haywood,684,36,0,35.55269063,-82.98196486,37087.0,1097.613813245182,5.2631578947368425,648,676,36,0,640,668,61971,8,0,0,8,8
2020-10-17,US,North Carolina,Henderson,2332,64,0,35.33788927,-82.4766782,37089.0,1986.083786845176,2.74442538593482,2268,2307,64,0,2243,2282,116748,25,0,0,25,25
2020-10-17,US,North Carolina,Hertford,838,34,0,36.3607755,-76.98104134,37091.0,3539.299742366009,4.05727923627685,804,837,34,0,803,836,23659,1,0,0,1,1
2020-10-17,US,North Carolina,Hoke,1444,22,0,35.01888303,-79.23651674,37093.0,2614.331752181627,1.5235457063711912,1422,1423,22,0,1401,1410,54764,21,0,0,21,13
2020-10-17,US,North Carolina,Hyde,174,5,0,35.42017674,-76.15180542,37095.0,3524.407534940248,2.8735632183908044,169,174,5,0,169,158,5230,0,0,0,0,16
2020-10-17,US,North Carolina,Iredell,3514,34,0,35.80950511,-80.8743128,37097.0,1932.8294995764718,0.9675583380762665,3480,3492,34,0,3458,3466,178435,22,0,0,22,26
2020-10-17,US,North Carolina,Jackson,835,7,0,35.28814273,-83.14093385,37099.0,1900.4051163002407,0.8383233532934131,828,818,7,0,811,788,43327,17,0,0,17,30
2020-10-17,US,North Carolina,Johnston,5125,59,0,35.51745004,-78.36622717,37101.0,2448.182135196977,1.151219512195122,5066,5081,59,0,5022,5036,202675,44,0,0,44,45
2020-10-17,US,North Carolina,Jones,173,15,0,35.02254606,-77.35870791,37103.0,1836.7130268606008,8.670520231213873,158,173,14,0,159,171,9637,0,1,0,-1,2
2020-10-17,US,North Carolina,Lee,1937,16,0,35.47623147,-79.17569362,37105.0,3135.3696239822593,0.8260196179659267,1921,1913,16,0,1897,1888,61452,24,0,0,24,25
2020-10-17,US,North Carolina,Lenoir,1257,35,0,35.24032589999999,-77.64245615,37107.0,2246.688948864144,2.7844073190135243,1222,1236,35,0,1201,1209,55976,21,0,0,21,27
2020-10-17,US,North Carolina,Lincoln,2122,16,0,35.48508185,-81.21740317,37109.0,2464.2612442080567,0.7540056550424128,2106,2098,16,0,2082,2069,83770,24,0,0,24,29
2020-10-17,US,North Carolina,Macon,701,7,0,35.14867843,-83.41696617,37113.0,1954.9333482068162,0.9985734664764622,694,698,7,0,691,688,35285,3,0,0,3,10
2020-10-17,US,North Carolina,Madison,140,1,0,35.85402722,-82.71346418,37115.0,643.5302229372558,0.7142857142857143,139,135,1,0,134,134,21763,5,0,0,5,1
2020-10-17,US,North Carolina,Martin,589,16,0,35.84326734,-77.10860251,37117.0,2624.7771836007128,2.7164685908319184,573,586,16,0,570,578,22671,3,0,0,3,8
2020-10-17,US,North Carolina,McDowell,1199,31,0,35.67736232,-82.0482425,37111.0,2620.421365503977,2.585487906588824,1168,1195,32,0,1163,1177,45507,4,-1,0,5,18
2020-10-17,US,North Carolina,Mecklenburg,31442,374,0,35.24469268,-80.8317671,37119.0,2831.7044263281327,1.189491762610521,31068,31279,374,0,30905,31074,1093901,163,0,0,163,205
2020-10-17,US,North Carolina,Mitchell,186,4,0,36.01059309,-82.1582442,37121.0,1242.9831595829992,2.150537634408602,182,182,4,0,178,178,15000,4,0,0,4,4
2020-10-17,US,North Carolina,Montgomery,1134,38,0,35.33155144,-79.90416657,37123.0,4173.2602215434445,3.3509700176366843,1096,1119,38,0,1081,1108,27271,15,0,0,15,11
2020-10-17,US,North Carolina,Moore,2099,38,0,35.30885257,-79.48474178,37125.0,2080.689928628073,1.810385898046689,2061,2081,36,0,2045,2068,98682,18,2,0,16,13
2020-10-17,US,North Carolina,Nash,3063,60,0,35.96575634,-77.98422508,37127.0,3248.2131116248493,1.9588638589618024,3003,3037,60,0,2977,2959,94016,26,0,0,26,78
2020-10-17,US,North Carolina,New Hanover,4850,36,0,34.25758282,-77.87075626,37129.0,2068.4684377305703,0.7422680412371134,4814,4821,36,0,4785,4782,232274,29,0,0,29,39
2020-10-17,US,North Carolina,Northampton,516,18,0,36.41736238,-77.39769443,37131.0,2648.4627624082527,3.4883720930232562,498,514,18,0,496,513,19676,2,0,0,2,1
2020-10-17,US,North Carolina,Onslow,2918,26,0,34.72607366,-77.42908179,37133.0,1474.1989916034313,0.8910212474297464,2892,2880,26,0,2854,2832,197683,38,0,0,38,48
2020-10-17,US,North Carolina,Orange,2913,58,0,36.06092947,-79.12167935,37135.0,1961.9332417360376,1.9910744936491591,2855,2907,57,0,2850,2886,146027,6,1,0,5,21
2020-10-17,US,North Carolina,Pamlico,298,2,0,35.15253315,-76.66559823,37137.0,2341.662737702341,0.6711409395973155,296,298,2,0,296,295,12670,0,0,0,0,3
2020-10-17,US,North Carolina,Pasquotank,816,33,0,36.26723798,-76.25134778,37139.0,2049.0156689433506,4.044117647058823,783,806,33,0,773,801,39639,10,0,0,10,5
2020-10-17,US,North Carolina,Pender,1179,8,0,34.52265624,-77.90352133,37141.0,1869.6479543292105,0.6785411365564037,1171,1166,8,0,1158,1155,62162,13,0,0,13,11
2020-10-17,US,North Carolina,Perquimans,223,3,0,36.17847453,-76.40603143,37143.0,1656.3915917700367,1.345291479820628,220,221,3,0,218,218,13422,2,0,0,2,3
2020-10-17,US,North Carolina,Person,549,9,0,36.38989032,-78.97217358,37145.0,1390.2253735122815,1.639344262295082,540,541,9,0,532,534,39507,8,0,0,8,7
2020-10-17,US,North Carolina,Pitt,5772,35,0,35.59535426,-77.37353178,37147.0,3193.5023403525465,0.6063756063756064,5737,5703,35,0,5668,5655,179914,69,0,0,69,48
2020-10-17,US,North Carolina,Polk,372,11,0,35.27820615,-82.16812354,37149.0,1795.0202663578461,2.956989247311828,361,370,11,0,359,367,20611,2,0,0,2,3
2020-10-17,US,North Carolina,Randolph,3443,57,0,35.71015088,-79.80570339,37151.0,2396.514161220044,1.6555329654371187,3386,3400,57,0,3343,3354,143351,43,0,0,43,46
2020-10-17,US,North Carolina,Richmond,1281,24,0,35.00417719,-79.74491009,37153.0,2857.525262664793,1.873536299765808,1257,1271,24,0,1247,1232,44887,10,0,0,10,39
2020-10-17,US,North Carolina,Robeson,5559,86,0,34.64244496,-79.10250529999998,37155.0,4255.693779904306,1.5470408346824969,5473,5537,86,0,5451,5475,131831,22,0,0,22,62
2020-10-17,US,North Carolina,Rockingham,1690,17,0,36.39593137,-79.77504841,37157.0,1856.938797934293,1.0059171597633136,1673,1670,17,0,1653,1628,90690,20,0,0,20,42
2020-10-17,US,North Carolina,Rowan,3875,110,0,35.64003916,-80.52446628,37159.0,2727.183154101684,2.838709677419355,3765,3854,110,0,3744,3828,141262,21,0,0,21,26
2020-10-17,US,North Carolina,Rutherford,1548,46,0,35.40114178,-81.92112099,37161.0,2309.448149308508,2.9715762273901807,1502,1535,45,0,1490,1505,66826,13,1,0,12,30
2020-10-17,US,North Carolina,Sampson,2536,28,0,34.98820368,-78.36914061,37163.0,3991.752058050401,1.1041009463722398,2508,2503,28,0,2475,2493,63626,33,0,0,33,10
2020-10-17,US,North Carolina,Scotland,1508,22,0,34.8386299,-79.4757978,37165.0,4330.471240272233,1.4588859416445623,1486,1498,21,0,1477,1489,34810,10,1,0,9,9
2020-10-17,US,North Carolina,Stanly,2341,57,0,35.31647813,-80.25093221,37167.0,3727.350890042353,2.4348568987612134,2284,2328,57,0,2271,2312,62075,13,0,0,13,16
2020-10-17,US,North Carolina,Stokes,615,5,0,36.4017975,-80.23893369,37169.0,1348.950450746858,0.8130081300813008,610,604,5,0,599,595,45467,11,0,0,11,9
2020-10-17,US,North Carolina,Surry,1599,26,0,36.41689489,-80.69102283,37171.0,2227.546912221557,1.6260162601626016,1573,1577,26,0,1551,1542,71948,22,0,0,22,35
2020-10-17,US,North Carolina,Swain,219,3,0,35.48665845,-83.48748932,37173.0,1534.5806180365776,1.3698630136986298,216,207,3,0,204,203,14245,12,0,0,12,4
2020-10-17,US,North Carolina,Transylvania,386,9,0,35.20383864,-82.79638423,37175.0,1122.582521448306,2.33160621761658,377,383,9,0,374,369,34215,3,0,0,3,14
2020-10-17,US,North Carolina,Tyrrell,120,3,0,35.87147226,-76.17055253,37177.0,2988.047808764941,2.5,117,119,3,0,116,118,4131,1,0,0,1,1
2020-10-17,US,North Carolina,Union,5556,62,0,34.98960527,-80.52955873,37179.0,2316.360862006429,1.1159107271418287,5494,5526,61,0,5465,5487,235908,30,1,0,29,39
2020-10-17,US,North Carolina,Vance,1139,46,0,36.36880673,-78.40670845,37181.0,2557.5390142584483,4.038630377524144,1093,1135,46,0,1089,1128,44582,4,0,0,4,7
2020-10-17,US,North Carolina,Wake,19668,261,0,35.78879266,-78.65249174,37183.0,1769.0852620302387,1.3270286760219645,19407,19583,261,0,19322,19454,1092305,85,0,0,85,129
2020-10-17,US,North Carolina,Warren,390,7,0,36.39728256,-78.10652228,37185.0,1976.5850691804774,1.794871794871795,383,385,7,0,378,383,19807,5,0,0,5,2
2020-10-17,US,North Carolina,Washington,237,8,0,35.83810081,-76.57299037,37187.0,2046.6321243523319,3.3755274261603376,229,236,8,0,228,232,11859,1,0,0,1,4
2020-10-17,US,North Carolina,Watauga,1288,2,0,36.23103603,-81.70033724,37189.0,2292.7532620111433,0.15527950310559005,1286,1284,2,0,1282,1266,55945,4,0,0,4,18
2020-10-17,US,North Carolina,Wayne,4095,77,0,35.36438125,-78.00027268,37191.0,3325.7262590249406,1.8803418803418803,4018,4056,76,0,3980,3996,123248,39,1,0,38,60
2020-10-17,US,North Carolina,Wilkes,1543,36,0,36.2084135,-81.16232895,37193.0,2255.452259837456,2.3331173039533377,1507,1533,36,0,1497,1511,68557,10,0,0,10,22
2020-10-17,US,North Carolina,Wilson,2670,62,0,35.70625477,-77.917978,37195.0,3264.018777276561,2.322097378277153,2608,2640,62,0,2578,2585,81455,30,0,0,30,55
2020-10-17,US,North Carolina,Yadkin,894,9,0,36.16222629,-80.66239436,37197.0,2373.4303236254545,1.0067114093959733,885,890,9,0,881,875,37543,4,0,0,4,15
2020-10-17,US,North Carolina,Yancey,256,0,0,35.90079156,-82.31237181,37199.0,1416.7911893297917,0.0,256,254,0,0,254,240,17903,2,0,0,2,14
2020-10-17,US,North Dakota,Adams,51,0,0,46.09686891,-102.5285397,38001.0,2301.4440433212994,0.0,51,49,0,0,49,49,2294,2,0,0,2,0
2020-10-17,US,North Dakota,Barnes,290,1,0,46.93579637,-98.06605978,38003.0,2784.445511281805,0.3448275862068966,289,280,1,0,279,276,10542,10,0,0,10,4
2020-10-17,US,North Dakota,Benson,448,8,0,48.0683985,-99.35916363,38005.0,6557.377049180328,1.7857142857142858,440,439,8,0,431,424,6962,9,0,0,9,15
2020-10-17,US,North Dakota,Billings,31,0,0,47.02366884,-103.3762965,38007.0,3340.5172413793102,0.0,31,31,0,0,31,30,919,0,0,0,0,1
2020-10-17,US,North Dakota,Bottineau,184,16,0,48.79106111,-100.8378166,38009.0,2929.0035020694045,8.695652173913043,168,171,16,0,155,168,6411,13,0,0,13,3
2020-10-17,US,North Dakota,Bowman,96,2,0,46.11285362,-103.5203343,38011.0,3174.6031746031745,2.083333333333333,94,94,2,0,92,92,3076,2,0,0,2,2
2020-10-17,US,North Dakota,Burke,45,1,0,48.79094471,-102.51821170000001,38013.0,2127.659574468085,2.2222222222222223,44,45,1,0,44,45,2100,0,0,0,0,0
2020-10-17,US,North Dakota,Burleigh,5359,69,0,46.97847375,-100.46452140000001,38015.0,5604.12440131345,1.2875536480686696,5290,5211,68,0,5143,5105,95273,148,1,0,147,106
2020-10-17,US,North Dakota,Cass,7405,79,0,46.93201724,-97.24447190000001,38017.0,4070.403412432733,1.0668467251856852,7326,7231,79,0,7152,7011,181516,174,0,0,174,220
2020-10-17,US,North Dakota,Cavalier,60,1,0,48.77286211,-98.46685243,38019.0,1594.8963317384369,1.6666666666666667,59,59,1,0,58,59,3829,1,0,0,1,0
2020-10-17,US,North Dakota,Dickey,196,0,0,46.11017712,-98.50490079999999,38021.0,4022.988505747127,0.0,196,193,0,0,193,193,4903,3,0,0,3,0
2020-10-17,US,North Dakota,Divide,41,1,0,48.814938700000006,-103.48736109999999,38023.0,1810.9540636042402,2.4390243902439024,40,37,1,0,36,34,2283,4,0,0,4,3
2020-10-17,US,North Dakota,Dunn,188,5,0,47.35423935,-102.61604679999999,38025.0,4249.547920433996,2.6595744680851063,183,188,4,0,184,185,4332,0,1,0,-1,3
2020-10-17,US,North Dakota,Eddy,153,3,0,47.71701474,-98.90432337,38027.0,6689.986882378662,1.96078431372549,150,145,3,0,142,142,2313,8,0,0,8,3
2020-10-17,US,North Dakota,Emmons,262,7,0,46.28398398,-100.2389766,38029.0,8083.924714594262,2.6717557251908395,255,259,7,0,252,260,3295,3,0,0,3,-1
2020-10-17,US,North Dakota,Foster,133,2,0,47.457108399999996,-98.88279923,38031.0,4143.3021806853585,1.5037593984962403,131,124,1,0,123,121,3216,9,1,0,8,3
2020-10-17,US,North Dakota,Golden Valley,100,0,0,46.94022281,-103.8465421,38033.0,5678.591709256105,0.0,100,100,0,0,100,100,1769,0,0,0,0,0
2020-10-17,US,North Dakota,Grand Forks,2985,15,0,47.92093639,-97.45450447,38035.0,4297.994269340974,0.5025125628140703,2970,2930,15,0,2915,2817,70770,55,0,0,55,113
2020-10-17,US,North Dakota,Grant,55,2,0,46.35821257,-101.63900129999999,38037.0,2418.645558487247,3.636363636363636,53,55,1,0,54,54,2374,0,1,0,-1,1
2020-10-17,US,North Dakota,Griggs,67,1,0,47.45785838,-98.23850925,38039.0,3003.137606454505,1.492537313432836,66,67,1,0,66,66,2232,0,0,0,0,1
2020-10-17,US,North Dakota,Hettinger,97,1,0,46.43375068,-102.4632417,38041.0,3881.5526210484204,1.0309278350515465,96,91,1,0,90,89,2514,6,0,0,6,2
2020-10-17,US,North Dakota,Kidder,73,1,0,46.97830064,-99.77507857,38043.0,2943.548387096774,1.3698630136986298,72,72,1,0,71,71,2450,1,0,0,1,1
2020-10-17,US,North Dakota,LaMoure,161,3,0,46.45681054,-98.53542355,38045.0,3979.238754325259,1.8633540372670807,158,156,3,0,153,154,4062,5,0,0,5,2
2020-10-17,US,North Dakota,Logan,107,0,0,46.45729487,-99.47719806,38047.0,5783.783783783784,0.0,107,103,0,0,103,102,1903,4,0,0,4,1
2020-10-17,US,North Dakota,McHenry,136,12,0,48.23104458,-100.6324822,38049.0,2367.2758920800698,8.823529411764708,124,134,11,0,123,126,5816,2,1,0,1,8
2020-10-17,US,North Dakota,McIntosh,141,4,0,46.11182017,-99.44145858,38051.0,5646.776131357629,2.8368794326241136,137,138,4,0,134,138,2585,3,0,0,3,0
2020-10-17,US,North Dakota,McKenzie,414,3,0,47.74133370000001,-103.395905,38053.0,2755.5910543130985,0.7246376811594203,411,400,3,0,397,388,13632,14,0,0,14,12
2020-10-17,US,North Dakota,McLean,423,7,0,47.60766714,-101.3182418,38055.0,4476.190476190476,1.6548463356973997,416,411,6,0,405,398,9541,12,1,0,11,13
2020-10-17,US,North Dakota,Mercer,358,3,0,47.31213126,-101.8318399,38057.0,4372.786124343473,0.8379888268156425,355,337,3,0,334,321,8267,21,0,0,21,16
2020-10-17,US,North Dakota,Morton,1872,48,0,46.71681782,-101.2822377,38059.0,5968.626450707819,2.5641025641025643,1824,1824,46,0,1778,1796,31095,48,2,0,46,28
2020-10-17,US,North Dakota,Mountrail,401,6,0,48.20197971,-102.3555315,38061.0,3802.750118539592,1.4962593516209477,395,390,6,0,384,377,10218,11,0,0,11,13
2020-10-17,US,North Dakota,Nelson,138,3,0,47.9226426,-98.19038437,38063.0,4793.331017714484,2.1739130434782608,135,138,3,0,135,136,2869,0,0,0,0,2
2020-10-17,US,North Dakota,Oliver,62,0,0,47.11530482,-101.3406158,38065.0,3164.8800408371612,0.0,62,60,0,0,60,56,1952,2,0,0,2,4
2020-10-17,US,North Dakota,Pembina,160,0,0,48.76623521,-97.5523809,38067.0,2352.5952065872666,0.0,160,157,0,0,157,151,6947,3,0,0,3,6
2020-10-17,US,North Dakota,Pierce,51,0,0,48.24977025,-99.96407787,38069.0,1283.0188679245282,0.0,51,45,0,0,45,44,4081,6,0,0,6,1
2020-10-17,US,North Dakota,Ramsey,385,3,0,48.26886249,-98.72223879,38071.0,3342.3040194461323,0.7792207792207793,382,383,3,0,380,361,11481,2,0,0,2,22
2020-10-17,US,North Dakota,Ransom,122,0,0,46.45621782,-97.65742504,38073.0,2338.06055960138,0.0,122,119,0,0,119,114,5237,3,0,0,3,5
2020-10-17,US,North Dakota,Renville,95,2,0,48.71982533,-101.6603912,38075.0,4082.509669101848,2.1052631578947367,93,94,2,0,92,94,2374,1,0,0,1,0
2020-10-17,US,North Dakota,Richland,329,2,0,46.26440649,-96.94852979,38077.0,2033.7516226741668,0.6079027355623101,327,319,2,0,317,307,16239,10,0,0,10,12
2020-10-17,US,North Dakota,Rolette,274,7,0,48.77245354,-99.84097493,38079.0,1932.8442437923247,2.554744525547445,267,270,7,0,263,264,14301,4,0,0,4,6
2020-10-17,US,North Dakota,Sargent,105,2,0,46.10830372,-97.63217159,38081.0,2693.689071318625,1.9047619047619049,103,105,2,0,103,103,3870,0,0,0,0,2
2020-10-17,US,North Dakota,Sheridan,29,1,0,47.57700669,-100.3426391,38083.0,2205.3231939163493,3.4482758620689653,28,28,1,0,27,25,1349,1,0,0,1,3
2020-10-17,US,North Dakota,Sioux,213,3,0,46.11323337,-101.04401490000001,38085.0,5035.460992907802,1.4084507042253518,210,216,3,0,213,211,4358,-3,0,0,-3,5
2020-10-17,US,North Dakota,Slope,12,0,0,46.44737738,-103.4601547,38087.0,1600.0,0.0,12,12,0,0,12,11,763,0,0,0,0,1
2020-10-17,US,North Dakota,Stark,2168,29,0,46.80851182,-102.65763259999999,38089.0,6884.9439486804895,1.3376383763837638,2139,2131,28,0,2103,2105,30997,37,1,0,36,26
2020-10-17,US,North Dakota,Steele,34,0,0,47.45611548,-97.72728747,38091.0,1798.9417989417987,0.0,34,31,0,0,31,31,1903,3,0,0,3,0
2020-10-17,US,North Dakota,Stutsman,680,5,0,46.97962541,-98.95637318,38093.0,3284.389489953632,0.7352941176470589,675,668,4,0,664,647,20917,12,1,0,11,21
2020-10-17,US,North Dakota,Towner,69,1,0,48.68565745,-99.24564265,38095.0,3152.1242576518957,1.4492753623188406,68,67,1,0,66,64,2192,2,0,0,2,3
2020-10-17,US,North Dakota,Traill,204,3,0,47.45367788,-97.16323288,38097.0,2538.5764061722252,1.4705882352941178,201,187,2,0,185,175,8037,17,1,0,16,12
2020-10-17,US,North Dakota,Walsh,319,2,0,48.36876964,-97.72574783,38099.0,2997.838549008552,0.6269592476489029,317,306,2,0,304,297,10667,13,0,0,13,9
2020-10-17,US,North Dakota,Ward,1821,24,0,48.22390169,-101.54367629999999,38101.0,2692.154166851466,1.317957166392092,1797,1801,24,0,1777,1687,67744,20,0,0,20,114
2020-10-17,US,North Dakota,Wells,74,0,0,47.58614526,-99.65904998,38103.0,1930.0991131977048,0.0,74,66,0,0,66,63,3957,8,0,0,8,3
2020-10-17,US,North Dakota,Williams,1585,11,0,48.34522353,-103.4793387,38105.0,4216.659129000504,0.694006309148265,1574,1550,11,0,1539,1516,35350,35,0,0,35,34
2020-10-17,US,Ohio,Adams,187,6,0,38.84541072,-83.4718964,39001.0,675.1389992057187,3.2085561497326203,181,187,6,0,181,183,27724,0,0,0,0,4
2020-10-17,US,Ohio,Allen,1940,73,0,40.77285242,-84.10802343,39003.0,1895.4382468173249,3.762886597938144,1867,1891,73,0,1818,1871,102663,49,0,0,49,20
2020-10-17,US,Ohio,Ashland,365,5,0,40.84772277,-82.27280781,39005.0,682.4470869792835,1.3698630136986298,360,361,5,0,356,357,53745,4,0,0,4,4
2020-10-17,US,Ohio,Ashtabula,705,48,0,41.70860332,-80.74830218,39007.0,725.0028280252156,6.808510638297872,657,698,48,0,650,693,97493,7,0,0,7,5
2020-10-17,US,Ohio,Athens,1141,2,0,39.33425634,-82.04278644,39009.0,1746.5978844888025,0.17528483786152502,1139,1121,2,0,1119,1102,65818,20,0,0,20,19
2020-10-17,US,Ohio,Auglaize,899,16,0,40.55998859,-84.22421429999999,39011.0,1969.0730681619063,1.7797552836484982,883,882,16,0,866,856,45804,17,0,0,17,26
2020-10-17,US,Ohio,Belmont,767,27,0,40.01625942,-80.9924051,39013.0,1144.6736113183895,3.520208604954368,740,760,27,0,733,756,67505,7,0,0,7,4
2020-10-17,US,Ohio,Brown,351,3,0,38.93416837,-83.86788395,39015.0,808.1598821145699,0.8547008547008547,348,342,3,0,339,337,43602,9,0,0,9,5
2020-10-17,US,Ohio,Butler,7779,122,0,39.44012838,-84.57388716,39017.0,2030.360135096337,1.5683249775035348,7657,7654,119,0,7535,7549,382378,125,3,0,122,105
2020-10-17,US,Ohio,Carroll,184,7,0,40.578968599999996,-81.09178213,39019.0,683.6590621981125,3.804347826086957,177,179,7,0,172,179,27081,5,0,0,5,0
2020-10-17,US,Ohio,Champaign,377,3,0,40.13923427,-83.76875242,39021.0,969.5255239809698,0.7957559681697612,374,373,3,0,370,366,38754,4,0,0,4,7
2020-10-17,US,Ohio,Clark,2296,54,0,39.91592258,-83.78498252,39023.0,1712.3721873764755,2.35191637630662,2242,2279,53,0,2226,2246,134585,17,1,0,16,33
2020-10-17,US,Ohio,Clermont,2239,36,0,39.04847534,-84.15375786,39025.0,1084.639680663476,1.6078606520768202,2203,2198,36,0,2162,2163,205466,41,0,0,41,35
2020-10-17,US,Ohio,Clinton,410,13,0,39.41485808,-83.80852286,39027.0,976.9348074723599,3.1707317073170733,397,398,13,0,385,387,42057,12,0,0,12,11
2020-10-17,US,Ohio,Columbiana,2071,87,0,40.76932373,-80.78094576,39029.0,2032.7238106455445,4.200869145340415,1984,2062,87,0,1975,2053,102665,9,0,0,9,9
2020-10-17,US,Ohio,Coshocton,286,12,0,40.30096166,-81.91729018,39031.0,781.4207650273224,4.195804195804196,274,282,12,0,270,281,36629,4,0,0,4,1
2020-10-17,US,Ohio,Crawford,401,8,0,40.85065156,-82.91989099,39033.0,966.4047814141804,1.9950124688279305,393,376,8,0,368,365,41550,25,0,0,25,11
2020-10-17,US,Ohio,Cuyahoga,19103,671,0,41.424119,-81.65918339,39035.0,1546.71144678205,3.5125372978066274,18432,18951,671,0,18280,18834,1243857,152,0,0,152,117
2020-10-17,US,Ohio,Darke,1071,50,0,40.13412966,-84.6194517,39037.0,2095.3573454894063,4.6685340802987865,1021,1063,50,0,1013,1048,51323,8,0,0,8,15
2020-10-17,US,Ohio,Defiance,429,13,0,41.32398837,-84.49076944,39039.0,1126.3685772048207,3.0303030303030303,416,425,13,0,412,422,38165,4,0,0,4,3
2020-10-17,US,Ohio,Delaware,2741,27,0,40.27942393,-83.00457058,39041.0,1310.3735114281208,0.9850419554906968,2714,2723,26,0,2697,2697,204826,18,1,0,17,26
2020-10-17,US,Ohio,Erie,1111,53,0,41.36796058,-82.62904521,39043.0,1495.9739315433712,4.7704770477047695,1058,1092,53,0,1039,1088,74615,19,0,0,19,4
2020-10-17,US,Ohio,Fairfield,2504,56,0,39.75107189,-82.63088163,39045.0,1589.0946475941462,2.236421725239617,2448,2476,56,0,2420,2452,155782,28,0,0,28,24
2020-10-17,US,Ohio,Fayette,414,8,0,39.56021306,-83.4562016,39047.0,1451.3584574934268,1.932367149758454,406,407,8,0,399,397,28666,7,0,0,7,10
2020-10-17,US,Ohio,Franklin,30401,635,0,39.96995815,-83.01115755,39049.0,2308.7800625172767,2.0887470806881354,29766,30157,635,0,29522,29901,1310300,244,0,0,244,256
2020-10-17,US,Ohio,Fulton,461,6,0,41.60213491,-84.12571393,39051.0,1094.336039500546,1.3015184381778742,455,451,4,0,447,445,42276,10,2,0,8,6
2020-10-17,US,Ohio,Gallia,272,13,0,38.82708533,-82.31647569,39053.0,909.7598501572012,4.779411764705882,259,269,13,0,256,266,29979,3,0,0,3,3
2020-10-17,US,Ohio,Geauga,811,50,0,41.49952319,-81.17935342,39055.0,865.9996369421991,6.165228113440198,761,804,50,0,754,790,94031,7,0,0,7,14
2020-10-17,US,Ohio,Greene,2070,40,0,39.69116283,-83.89032084,39057.0,1225.3088429414515,1.932367149758454,2030,2037,40,0,1997,1976,167995,33,0,0,33,61
2020-10-17,US,Ohio,Guernsey,261,8,0,40.05026529,-81.49248905,39059.0,671.3826366559484,3.0651340996168583,253,243,8,0,235,238,39022,18,0,0,18,5
2020-10-17,US,Ohio,Hamilton,15762,338,0,39.19673558,-84.54502924,39061.0,1928.1370760869165,2.1443979190458062,15424,15544,338,0,15206,15329,816684,218,0,0,218,215
2020-10-17,US,Ohio,Hancock,967,20,0,41.00250487,-83.66838948,39063.0,1276.011770449837,2.068252326783868,947,951,19,0,932,919,75930,16,1,0,15,32
2020-10-17,US,Ohio,Hardin,307,13,0,40.66015414,-83.65929931,39065.0,978.7980232743504,4.234527687296417,294,305,13,0,292,303,31480,2,0,0,2,2
2020-10-17,US,Ohio,Harrison,75,3,0,40.29380509,-81.09068544,39067.0,498.6702127659574,4.0,72,73,3,0,70,72,15174,2,0,0,2,1
2020-10-17,US,Ohio,Henry,435,17,0,41.333964200000004,-84.06830637,39069.0,1610.7531659631193,3.9080459770114944,418,426,17,0,409,419,27086,9,0,0,9,7
2020-10-17,US,Ohio,Highland,362,4,0,39.1839264,-83.60331456,39071.0,838.7201408679132,1.1049723756906078,358,356,4,0,352,351,43058,6,0,0,6,5
2020-10-17,US,Ohio,Hocking,188,9,0,39.49537927,-82.47991446,39073.0,665.157090291537,4.787234042553191,179,188,9,0,179,187,28385,0,0,0,0,1
2020-10-17,US,Ohio,Holmes,526,10,0,40.56163713,-81.92635677,39075.0,1196.542311191993,1.9011406844106464,516,517,10,0,507,506,43892,9,0,0,9,11
2020-10-17,US,Ohio,Huron,687,9,0,41.14651175,-82.59867951,39077.0,1179.0752754608175,1.310043668122271,678,682,9,0,673,680,58504,5,0,0,5,2
2020-10-17,US,Ohio,Jackson,407,7,0,39.01914254,-82.61818559999998,39079.0,1255.6690216888285,1.71990171990172,400,388,7,0,381,377,32384,19,0,0,19,11
2020-10-17,US,Ohio,Jefferson,435,4,0,40.38614126,-80.76259514,39081.0,665.9012629161883,0.9195402298850576,431,432,4,0,428,428,65767,3,0,0,3,4
2020-10-17,US,Ohio,Knox,342,15,0,40.39830217,-82.42027563,39083.0,548.7628766727639,4.385964912280701,327,336,15,0,321,332,61893,6,0,0,6,4
2020-10-17,US,Ohio,Lake,1831,57,0,41.69710807,-81.23676539,39085.0,795.5715645082097,3.113052976515565,1774,1811,57,0,1754,1798,230514,20,0,0,20,13
2020-10-17,US,Ohio,Lawrence,873,24,0,38.59743452,-82.53466552,39087.0,1468.139851672469,2.7491408934707904,849,859,24,0,835,846,59866,14,0,0,14,13
2020-10-17,US,Ohio,Licking,2380,65,0,40.09136236,-82.48185785,39089.0,1345.6819441146206,2.73109243697479,2315,2333,65,0,2268,2279,175769,47,0,0,47,54
2020-10-17,US,Ohio,Logan,389,3,0,40.38996525,-83.76784341,39091.0,851.7253459449993,0.7712082262210797,386,376,3,0,373,369,45358,13,0,0,13,7
2020-10-17,US,Ohio,Lorain,2596,89,0,41.29553751,-82.15083537,39093.0,837.8707239061043,3.428351309707242,2507,2569,89,0,2480,2550,309461,27,0,0,27,19
2020-10-17,US,Ohio,Lucas,8026,370,0,41.62101218,-83.65468618,39095.0,1873.7101608972143,4.610017443309245,7656,7979,370,0,7609,7931,429899,47,0,0,47,48
2020-10-17,US,Ohio,Madison,1006,14,0,39.89381073,-83.40178317,39097.0,2248.999575238649,1.3916500994035783,992,1000,14,0,986,996,44413,6,0,0,6,4
2020-10-17,US,Ohio,Mahoning,3544,283,0,41.01631101,-80.77287029,39099.0,1549.7435314387164,7.9853273137697505,3261,3515,283,0,3232,3476,229642,29,0,0,29,39
2020-10-17,US,Ohio,Marion,3310,49,0,40.58610662,-83.15736305,39101.0,5085.032184720323,1.4803625377643506,3261,3300,48,0,3252,3289,65256,10,1,0,9,11
2020-10-17,US,Ohio,Medina,1737,42,0,41.11770589,-81.89986209999998,39103.0,966.3636464789205,2.4179620034542317,1695,1714,42,0,1672,1693,179146,23,0,0,23,21
2020-10-17,US,Ohio,Meigs,204,12,0,39.09224872,-82.0305041,39105.0,890.5574715152574,5.882352941176472,192,199,12,0,187,197,23106,5,0,0,5,2
2020-10-17,US,Ohio,Mercer,1427,27,0,40.54043046,-84.62912742,39107.0,3465.9477314679884,1.8920812894183603,1400,1400,27,0,1373,1380,40959,27,0,0,27,20
2020-10-17,US,Ohio,Miami,1890,56,0,40.0543329,-84.22871271,39109.0,1766.5697701589913,2.962962962962963,1834,1879,56,0,1823,1852,106222,11,0,0,11,27
2020-10-17,US,Ohio,Monroe,136,18,0,39.72984936,-81.08464734,39111.0,996.0451149846199,13.235294117647056,118,129,18,0,111,128,13790,7,0,0,7,1
2020-10-17,US,Ohio,Montgomery,9772,184,0,39.75394919,-84.29050975,39113.0,1837.9234399185987,1.8829308227589032,9588,9675,183,0,9492,9487,532331,97,1,0,96,188
2020-10-17,US,Ohio,Morgan,66,0,0,39.62081738,-81.85308173,39115.0,454.92142266335816,0.0,66,65,0,0,65,63,14604,1,0,0,1,2
2020-10-17,US,Ohio,Morrow,321,2,0,40.52363560000001,-82.7892599,39117.0,908.6277173913044,0.6230529595015576,319,313,2,0,311,313,35112,8,0,0,8,0
2020-10-17,US,Ohio,Muskingum,786,4,0,39.96575964,-81.94363275,39119.0,911.6743026155541,0.5089058524173028,782,743,4,0,739,718,86183,43,0,0,43,25
2020-10-17,US,Ohio,Noble,110,0,0,39.76818851,-81.45937183,39121.0,762.6178591236827,0.0,110,105,0,0,105,99,14354,5,0,0,5,6
2020-10-17,US,Ohio,Ottawa,558,30,0,41.53781826,-83.0940185,39123.0,1376.9278223318936,5.376344086021504,528,548,30,0,518,545,40769,10,0,0,10,3
2020-10-17,US,Ohio,Paulding,176,1,0,41.11676341,-84.5801017,39125.0,942.5878320479865,0.5681818181818182,175,172,1,0,171,160,18760,4,0,0,4,12
2020-10-17,US,Ohio,Perry,344,11,0,39.73508655,-82.23804971,39127.0,952.011955498976,3.197674418604651,333,343,11,0,332,340,36033,1,0,0,1,3
2020-10-17,US,Ohio,Pickaway,2941,46,0,39.64170392,-83.0243386,39129.0,5031.048462972783,1.5640938456307378,2895,2921,46,0,2875,2902,58086,20,0,0,20,19
2020-10-17,US,Ohio,Pike,275,0,0,39.07634001,-83.06769584,39131.0,990.2059628402707,0.0,275,271,0,0,271,268,28067,4,0,0,4,3
2020-10-17,US,Ohio,Portage,1516,67,0,41.16793482,-81.19735782,39133.0,933.1183139856956,4.419525065963062,1449,1497,67,0,1430,1469,162927,19,0,0,19,28
2020-10-17,US,Ohio,Preble,568,17,0,39.7420247,-84.64787018,39135.0,1389.3645124993884,2.992957746478873,551,555,17,0,538,547,40997,13,0,0,13,8
2020-10-17,US,Ohio,Putnam,852,27,0,41.02094889,-84.1336111,39137.0,2516.1690440329585,3.1690140845070425,825,821,27,0,794,809,33780,31,0,0,31,12
2020-10-17,US,Ohio,Richland,1243,24,0,40.77180308,-82.53799609999999,39139.0,1025.9669511530776,1.9308125502815767,1219,1220,24,0,1196,1201,121099,23,0,0,23,19
2020-10-17,US,Ohio,Ross,1288,33,0,39.33705391,-83.06000914,39141.0,1680.0146088226857,2.562111801242236,1255,1266,33,0,1233,1238,76931,22,0,0,22,28
2020-10-17,US,Ohio,Sandusky,684,22,0,41.35624126,-83.137872,39143.0,1168.871116579514,3.2163742690058483,662,677,22,0,655,672,58799,7,0,0,7,5
2020-10-17,US,Ohio,Scioto,765,9,0,38.80270163,-82.98907345,39145.0,1015.747404201078,1.1764705882352942,756,751,8,0,743,735,75502,14,1,0,13,16
2020-10-17,US,Ohio,Seneca,570,14,0,41.12351311,-83.12783209,39147.0,1033.0204066838232,2.456140350877193,556,558,14,0,544,549,55207,12,0,0,12,9
2020-10-17,US,Ohio,Shelby,841,14,0,40.33163494,-84.20258189,39149.0,1730.8088083967896,1.6646848989298455,827,835,14,0,821,824,48627,6,0,0,6,11
2020-10-17,US,Ohio,Stark,3585,178,0,40.81482476,-81.36437305,39151.0,967.3345817390976,4.96513249651325,3407,3532,178,0,3354,3494,371574,53,0,0,53,38
2020-10-17,US,Ohio,Summit,6341,260,0,41.12464734,-81.53123079,39153.0,1172.0605604671237,4.100299637281186,6081,6242,259,0,5983,6167,541918,99,1,0,98,75
2020-10-17,US,Ohio,Trumbull,2156,134,0,41.31735028,-80.76109643,39155.0,1089.0318930768688,6.215213358070501,2022,2141,134,0,2007,2125,198627,15,0,0,15,16
2020-10-17,US,Ohio,Tuscarawas,1165,22,0,40.44214695,-81.47226262,39157.0,1266.4833074238752,1.888412017167382,1143,1142,21,0,1121,1118,92176,23,1,0,22,24
2020-10-17,US,Ohio,Union,715,3,0,40.30016061,-83.37239023,39159.0,1212.1109378178612,0.4195804195804196,712,700,3,0,697,693,57835,15,0,0,15,7
2020-10-17,US,Ohio,Van Wert,210,3,0,40.8554138,-84.59111700000003,39161.0,742.7055702917772,1.4285714285714286,207,197,3,0,194,191,28281,13,0,0,13,6
2020-10-17,US,Ohio,Vinton,84,3,0,39.25208988,-82.4831444,39163.0,641.9564386702332,3.571428571428572,81,83,3,0,80,80,13139,1,0,0,1,3
2020-10-17,US,Ohio,Warren,3879,60,0,39.42581994,-84.16557457,39165.0,1653.4385896113415,1.5467904098994587,3819,3799,60,0,3739,3735,232173,80,0,0,80,64
2020-10-17,US,Ohio,Washington,323,23,0,39.45690571,-81.49121382,39167.0,539.1330473535745,7.120743034055728,300,316,23,0,293,309,60155,7,0,0,7,7
2020-10-17,US,Ohio,Wayne,1248,68,0,40.82925852,-81.88844833,39169.0,1078.5584651283384,5.44871794871795,1180,1202,68,0,1134,1140,115967,46,0,0,46,62
2020-10-17,US,Ohio,Williams,306,4,0,41.56052014,-84.58429552,39171.0,833.9692576038374,1.30718954248366,302,292,4,0,288,287,36804,14,0,0,14,5
2020-10-17,US,Ohio,Wood,2372,81,0,41.36224827,-83.62285108,39173.0,1813.2199943432431,3.4148397976391234,2291,2331,81,0,2250,2310,130696,41,0,0,41,21
2020-10-17,US,Ohio,Wyandot,276,13,0,40.84339621,-83.30734173,39175.0,1267.6832629064854,4.710144927536232,263,276,13,0,263,270,21935,0,0,0,0,6
2020-10-17,US,Oklahoma,Adair,719,11,0,35.88494195,-94.65859267,40001.0,3239.614310173921,1.5299026425591098,708,719,11,0,708,715,22082,0,0,0,0,4
2020-10-17,US,Oklahoma,Alfalfa,104,0,0,36.73090616,-98.32408495,40003.0,1823.9214310768152,0.0,104,102,0,0,102,101,5754,2,0,0,2,1
2020-10-17,US,Oklahoma,Atoka,398,1,0,34.37366573,-96.03802487,40005.0,2892.862334641663,0.25125628140703515,397,378,1,0,377,373,13838,20,0,0,20,5
2020-10-17,US,Oklahoma,Beaver,79,0,0,36.7496847,-100.4758872,40007.0,1487.4788175484846,0.0,79,76,0,0,76,76,5319,3,0,0,3,0
2020-10-17,US,Oklahoma,Beckham,753,10,0,35.26862449,-99.68128023,40009.0,3444.8053433368395,1.3280212483399734,743,744,9,0,735,737,21709,9,1,0,8,7
2020-10-17,US,Oklahoma,Blaine,177,1,0,35.87518314,-98.43307003,40011.0,1877.187400572701,0.5649717514124294,176,172,1,0,171,166,9485,5,0,0,5,6
2020-10-17,US,Oklahoma,Bryan,1303,5,0,33.96472458,-96.25903472,40013.0,2787.7903948327953,0.3837298541826554,1298,1303,5,0,1298,1286,47192,0,0,0,0,17
2020-10-17,US,Oklahoma,Caddo,1040,24,0,35.17364557,-98.37534464,40015.0,3615.882066615673,2.3076923076923075,1016,1028,23,0,1005,1022,28977,12,1,0,11,6
2020-10-17,US,Oklahoma,Canadian,3324,21,0,35.5426055,-97.98465569,40017.0,2241.311882189527,0.631768953068592,3303,3227,20,0,3207,3073,144447,97,1,0,96,154
2020-10-17,US,Oklahoma,Carter,730,9,0,34.25103751,-97.28552485,40019.0,1517.3245203799552,1.2328767123287672,721,715,9,0,706,703,48177,15,0,0,15,12
2020-10-17,US,Oklahoma,Cherokee,1298,8,0,35.90692775,-94.99980896,40021.0,2667.653163984627,0.6163328197226502,1290,1280,8,0,1272,1279,48675,18,0,0,18,1
2020-10-17,US,Oklahoma,Choctaw,401,2,0,34.02807439,-95.54771129,40023.0,2733.0970556161396,0.4987531172069826,399,418,2,0,416,393,14668,-17,0,0,-17,25
2020-10-17,US,Oklahoma,Cimarron,34,0,0,36.74817177,-102.5173885,40025.0,1591.0154422087037,0.0,34,32,0,0,32,32,2153,2,0,0,2,0
2020-10-17,US,Oklahoma,Cleveland,7512,85,0,35.20413532,-97.32519562,40027.0,2644.940038167133,1.1315228966986155,7427,7429,85,0,7344,7337,281669,83,0,0,83,92
2020-10-17,US,Oklahoma,Coal,79,0,0,34.58840127,-96.29798747,40029.0,1437.6706096451321,0.0,79,79,0,0,79,78,5520,0,0,0,0,1
2020-10-17,US,Oklahoma,Comanche,2039,16,0,34.65973764,-98.47195055,40031.0,1688.6268209260531,0.784698381559588,2023,2001,16,0,1985,1990,120422,38,0,0,38,11
2020-10-17,US,Oklahoma,Cotton,87,3,0,34.28845626,-98.37053567,40033.0,1535.4747617366752,3.4482758620689653,84,83,3,0,80,77,5776,4,0,0,4,6
2020-10-17,US,Oklahoma,Craig,596,2,0,36.76268118,-95.20916602,40035.0,4214.39683213124,0.3355704697986577,594,591,2,0,589,585,14306,5,0,0,5,6
2020-10-17,US,Oklahoma,Creek,1449,36,0,35.90230551,-96.37086028,40037.0,2025.9500573250186,2.4844720496894412,1413,1426,36,0,1390,1413,71604,23,0,0,23,13
2020-10-17,US,Oklahoma,Custer,981,3,0,35.63853802,-99.00170785,40039.0,3382.408716339689,0.3058103975535168,978,974,3,0,971,968,29036,7,0,0,7,6
2020-10-17,US,Oklahoma,Delaware,1127,27,0,36.40823634,-94.80325046,40041.0,2620.3817805575572,2.3957409050576755,1100,1114,27,0,1087,1085,42733,13,0,0,13,29
2020-10-17,US,Oklahoma,Dewey,78,1,0,35.98772922,-99.00730714,40043.0,1594.765896544674,1.2820512820512822,77,77,1,0,76,76,4894,1,0,0,1,1
2020-10-17,US,Oklahoma,Ellis,18,0,0,36.218019399999996,-99.75324573,40045.0,466.442083441306,0.0,18,18,0,0,18,15,3952,0,0,0,0,3
2020-10-17,US,Oklahoma,Garfield,2195,23,0,36.3791334,-97.78265517,40047.0,3595.0602725366875,1.0478359908883828,2172,2170,23,0,2147,2131,60913,25,0,0,25,39
2020-10-17,US,Oklahoma,Garvin,561,6,0,34.70418038,-97.30811132,40049.0,2024.4668182310274,1.0695187165775402,555,558,6,0,552,547,27811,3,0,0,3,11
2020-10-17,US,Oklahoma,Grady,1445,14,0,35.0167709,-97.88339847,40051.0,2588.0287996561233,0.9688581314878892,1431,1426,14,0,1412,1414,55551,19,0,0,19,12
2020-10-17,US,Oklahoma,Grant,74,1,0,36.796296999999996,-97.78638765,40053.0,1707.8236787445187,1.351351351351351,73,74,1,0,73,72,4326,0,0,0,0,2
2020-10-17,US,Oklahoma,Greer,129,8,0,34.93535801,-99.56056120000001,40055.0,2258.403361344537,6.2015503875969005,121,129,8,0,121,128,5821,0,0,0,0,1
2020-10-17,US,Oklahoma,Harmon,62,0,0,34.7440135,-99.84741652,40057.0,2336.977007161704,0.0,62,62,0,0,62,61,2664,0,0,0,0,1
2020-10-17,US,Oklahoma,Harper,46,1,0,36.78836519,-99.6679804,40059.0,1247.2885032537959,2.1739130434782608,45,46,1,0,45,44,3797,0,0,0,0,2
2020-10-17,US,Oklahoma,Haskell,346,5,0,35.22257600000001,-95.11513306,40061.0,2740.15997465748,1.4450867052023122,341,346,5,0,341,342,12668,0,0,0,0,4
2020-10-17,US,Oklahoma,Hughes,358,4,0,35.04912569,-96.24921145,40063.0,2695.9861435349053,1.11731843575419,354,353,4,0,349,345,13335,5,0,0,5,8
2020-10-17,US,Oklahoma,Jackson,1016,11,0,34.58781741,-99.41138784,40065.0,4141.867101508357,1.0826771653543308,1005,991,11,0,980,980,24949,25,0,0,25,11
2020-10-17,US,Oklahoma,Jefferson,65,0,0,34.11130184,-97.83182974,40067.0,1082.9723425524826,0.0,65,65,0,0,65,63,6123,0,0,0,0,2
2020-10-17,US,Oklahoma,Johnston,258,4,0,34.31440473,-96.66011537,40069.0,2327.469553450609,1.5503875968992251,254,254,4,0,250,251,10949,4,0,0,4,3
2020-10-17,US,Oklahoma,Kay,789,15,0,36.81799745,-97.14421435,40071.0,1812.2100234278103,1.9011406844106464,774,782,15,0,767,775,44161,7,0,0,7,7
2020-10-17,US,Oklahoma,Kingfisher,478,2,0,35.94530008,-97.94193268,40073.0,3032.032984459245,0.41841004184100417,476,472,2,0,470,460,15816,6,0,0,6,12
2020-10-17,US,Oklahoma,Kiowa,148,2,0,34.91671958,-98.97720696,40075.0,1699.586587046394,1.351351351351351,146,147,2,0,145,145,8729,1,0,0,1,2
2020-10-17,US,Oklahoma,Latimer,175,2,0,34.87844729,-95.25215049,40077.0,1737.3175816539265,1.1428571428571428,173,174,2,0,172,166,10231,1,0,0,1,8
2020-10-17,US,Oklahoma,Le Flore,1528,21,0,34.89851864,-94.70392124,40079.0,3065.011132730227,1.37434554973822,1507,1513,21,0,1492,1495,49980,15,0,0,15,18
2020-10-17,US,Oklahoma,Lincoln,700,13,0,35.70270942,-96.8812462,40081.0,2007.0533589471568,1.8571428571428568,687,687,10,0,677,670,34920,13,3,0,10,17
2020-10-17,US,Oklahoma,Logan,722,2,0,35.91899576,-97.44352845,40083.0,1503.8220407823208,0.2770083102493075,720,720,2,0,718,696,47291,2,0,0,2,24
2020-10-17,US,Oklahoma,Love,252,1,0,33.95273467,-97.23906784,40085.0,2457.817224227056,0.3968253968253968,251,245,1,0,244,242,10134,7,0,0,7,3
2020-10-17,US,Oklahoma,Major,134,2,0,36.31149996,-98.53467076,40093.0,1756.4556298335299,1.492537313432836,132,131,2,0,129,128,7644,3,0,0,3,3
2020-10-17,US,Oklahoma,Marshall,249,2,0,34.02311222,-96.76855464,40095.0,1470.6750930246294,0.8032128514056225,247,246,2,0,244,235,16806,3,0,0,3,11
2020-10-17,US,Oklahoma,Mayes,868,11,0,36.30179091,-95.23175116,40097.0,2111.9221411192216,1.2672811059907834,857,864,11,0,853,857,41107,4,0,0,4,7
2020-10-17,US,Oklahoma,McClain,1160,9,0,35.01123903,-97.44572302,40087.0,2866.0374561446856,0.7758620689655172,1151,1148,9,0,1139,1135,39985,12,0,0,12,13
2020-10-17,US,Oklahoma,McCurtain,1518,37,0,34.11664328,-94.77222373,40089.0,4623.538011695907,2.437417654808959,1481,1508,37,0,1471,1474,32703,10,0,0,10,34
2020-10-17,US,Oklahoma,McIntosh,439,8,0,35.37235506,-95.66599306,40091.0,2240.25311288018,1.8223234624145783,431,438,8,0,430,429,19815,1,0,0,1,9
2020-10-17,US,Oklahoma,Murray,251,2,0,34.48116015,-97.06826283,40099.0,1783.5571662047894,0.796812749003984,249,246,2,0,244,239,13953,5,0,0,5,7
2020-10-17,US,Oklahoma,Muskogee,2168,28,0,35.61318461,-95.37802952,40101.0,3188.3759577628425,1.2915129151291511,2140,2157,28,0,2129,2133,68362,11,0,0,11,24
2020-10-17,US,Oklahoma,Noble,170,3,0,36.38953329,-97.22928674,40103.0,1527.2661935136111,1.7647058823529411,167,169,3,0,166,167,11289,1,0,0,1,2
2020-10-17,US,Oklahoma,Nowata,222,4,0,36.79843529,-95.61902331,40105.0,2203.255260023819,1.8018018018018016,218,215,4,0,211,207,10218,7,0,0,7,8
2020-10-17,US,Oklahoma,Okfuskee,263,6,0,35.46485198,-96.32639984,40107.0,2192.9458850996416,2.281368821292776,257,250,6,0,244,232,12098,13,0,0,13,18
2020-10-17,US,Oklahoma,Oklahoma,21701,216,0,35.55140095,-97.40716948,40109.0,2721.353742127875,0.9953458365973918,21485,21506,216,0,21290,21260,792582,195,0,0,195,246
2020-10-17,US,Oklahoma,Okmulgee,1058,8,0,35.64661916,-95.96432828,40111.0,2750.552450279475,0.7561436672967864,1050,1033,8,0,1025,1002,38335,25,0,0,25,31
2020-10-17,US,Oklahoma,Osage,1320,13,0,36.62888819,-96.39635704,40113.0,2810.7233353916913,0.9848484848484848,1307,1285,13,0,1272,1266,47014,35,0,0,35,19
2020-10-17,US,Oklahoma,Ottawa,1126,8,0,36.83532655,-94.81011909,40115.0,3617.43823690044,0.7104795737122558,1118,1113,8,0,1105,1098,31175,13,0,0,13,15
2020-10-17,US,Oklahoma,Pawnee,303,5,0,36.31743373,-96.70331759999999,40117.0,1850.2686858817785,1.6501650165016502,298,298,5,0,293,294,16390,5,0,0,5,4
2020-10-17,US,Oklahoma,Payne,2678,9,0,36.07695283,-96.97584944,40119.0,3274.479115719457,0.33607169529499625,2669,2653,9,0,2644,2618,82040,25,0,0,25,35
2020-10-17,US,Oklahoma,Pittsburg,1147,20,0,34.92065823,-95.75134320000001,40121.0,2627.479726943693,1.7436791630340018,1127,1119,20,0,1099,1110,43877,28,0,0,28,9
2020-10-17,US,Oklahoma,Pontotoc,622,4,0,34.72959848,-96.68337199,40123.0,1624.699613415526,0.6430868167202572,618,610,4,0,606,591,38247,12,0,0,12,19
2020-10-17,US,Oklahoma,Pottawatomie,1879,11,0,35.20614018,-96.94923008,40125.0,2588.439497465285,0.5854177754124534,1868,1874,11,0,1863,1851,72679,5,0,0,5,23
2020-10-17,US,Oklahoma,Pushmataha,244,4,0,34.41635232,-95.37603505,40127.0,2198.9906272530648,1.639344262295082,240,241,4,0,237,233,11179,3,0,0,3,8
2020-10-17,US,Oklahoma,Roger Mills,84,2,0,35.68711719,-99.69666167,40129.0,2344.404130616801,2.380952380952381,82,82,2,0,80,81,3656,2,0,0,2,1
2020-10-17,US,Oklahoma,Rogers,2254,53,0,36.37004357,-95.60406759,40131.0,2437.8373116732823,2.3513753327417923,2201,2235,53,0,2182,2206,91984,19,0,0,19,29
2020-10-17,US,Oklahoma,Seminole,673,6,0,35.16478725,-96.61686741,40133.0,2774.3424849534167,0.8915304606240714,667,665,6,0,659,655,24578,8,0,0,8,10
2020-10-17,US,Oklahoma,Sequoyah,1125,13,0,35.49447108,-94.75463785,40135.0,2706.343669561452,1.1555555555555554,1112,1108,13,0,1095,1083,41179,17,0,0,17,25
2020-10-17,US,Oklahoma,Stephens,592,8,0,34.48556989,-97.85141892,40137.0,1372.1808868182554,1.351351351351351,584,574,8,0,566,562,43265,18,0,0,18,12
2020-10-17,US,Oklahoma,Texas,1721,10,0,36.74777635,-101.4889765,40139.0,8612.320472401541,0.5810575246949448,1711,1704,10,0,1694,1698,20455,17,0,0,17,6
2020-10-17,US,Oklahoma,Tillman,133,2,0,34.37288446,-98.92426619,40141.0,1834.4827586206893,1.5037593984962403,131,133,2,0,131,127,7348,0,0,0,0,6
2020-10-17,US,Oklahoma,Tulsa,20251,185,0,36.11939621,-95.94013939,40143.0,3108.117233927607,0.9135351340674536,20066,20102,183,0,19919,19888,648360,149,2,0,147,214
2020-10-17,US,Oklahoma,Unassigned,21,0,0,0.0,0.0,90040.0,0.0,0.0,21,17,0,0,17,21,,4,0,0,4,-4
2020-10-17,US,Oklahoma,Wagoner,1743,27,0,35.96024096,-95.51911308,40145.0,2144.201552485576,1.5490533562822721,1716,1731,27,0,1704,1722,80110,12,0,0,12,9
2020-10-17,US,Oklahoma,Washington,1200,41,0,36.71380786,-95.90514104,40147.0,2328.876123197547,3.4166666666666665,1159,1186,41,0,1145,1174,51843,14,0,0,14,12
2020-10-17,US,Oklahoma,Washita,149,0,0,35.29071824,-98.99180434,40149.0,1364.9688530597286,0.0,149,144,0,0,144,140,11127,5,0,0,5,4
2020-10-17,US,Oklahoma,Woods,142,0,0,36.76705782,-98.86573064,40151.0,1614.9209598544296,0.0,142,140,0,0,140,137,8897,2,0,0,2,3
2020-10-17,US,Oklahoma,Woodward,1187,5,0,36.42316318,-99.26283045,40153.0,5873.0394339716,0.42122999157540014,1182,1183,5,0,1178,1176,20222,4,0,0,4,7
2020-10-17,US,Oregon,Baker,112,2,0,44.70915557,-117.6749883,41001.0,694.61672041677,1.7857142857142858,110,111,2,0,109,111,16006,1,0,0,1,0
2020-10-17,US,Oregon,Benton,413,6,0,44.49167306,-123.4316987,41003.0,443.83308437127226,1.452784503631961,407,412,6,0,406,411,92101,1,0,0,1,1
2020-10-17,US,Oregon,Clackamas,2910,65,0,45.18787398,-122.2179634,41005.0,695.8609425926677,2.233676975945017,2845,2882,65,0,2817,2839,416075,28,0,0,28,43
2020-10-17,US,Oregon,Clatsop,235,0,0,45.99712889,-123.660711,41007.0,584.2283214001592,0.0,235,235,0,0,235,235,39764,0,0,0,0,0
2020-10-17,US,Oregon,Columbia,243,1,0,45.94464254,-123.08908980000001,41009.0,464.14791610956183,0.41152263374485604,242,239,1,0,238,236,52377,4,0,0,4,3
2020-10-17,US,Oregon,Coos,210,0,0,43.17406868,-124.0594514,41011.0,325.6470296338797,0.0,210,205,0,0,205,200,64389,5,0,0,5,5
2020-10-17,US,Oregon,Crook,81,1,0,44.14230227,-120.356297,41013.0,331.9128011801344,1.2345679012345678,80,76,1,0,75,75,23867,5,0,0,5,1
2020-10-17,US,Oregon,Curry,56,1,0,42.45911325,-124.15728200000001,41015.0,244.2748091603053,1.7857142857142858,55,56,1,0,55,55,22813,0,0,0,0,1
2020-10-17,US,Oregon,Deschutes,1041,13,0,43.91570171,-121.2289121,41017.0,526.576695061004,1.2487992315081653,1028,1028,13,0,1015,1010,191996,13,0,0,13,18
2020-10-17,US,Oregon,Douglas,313,4,0,43.27941273,-123.16729099999999,41019.0,282.03279870246894,1.2779552715654952,309,306,4,0,302,301,110283,7,0,0,7,5
2020-10-17,US,Oregon,Gilliam,11,0,0,45.37160076,-120.20488689999999,41021.0,575.3138075313808,0.0,11,11,0,0,11,11,1894,0,0,0,0,0
2020-10-17,US,Oregon,Grant,10,0,0,44.49024544,-119.0068631,41023.0,138.90818169190166,0.0,10,10,0,0,10,10,7176,0,0,0,0,0
2020-10-17,US,Oregon,Harney,13,0,0,43.06422669,-118.96663059999999,41025.0,175.84201271473015,0.0,13,13,0,0,13,13,7329,0,0,0,0,0
2020-10-17,US,Oregon,Hood River,268,1,0,45.51872811,-121.65520359999998,41027.0,1146.1808228551874,0.373134328358209,267,268,1,0,267,268,23428,0,0,0,0,0
2020-10-17,US,Oregon,Jackson,1471,6,0,42.43201126,-122.72893090000001,41029.0,665.7795640524297,0.4078857919782461,1465,1448,6,0,1442,1430,219564,23,0,0,23,18
2020-10-17,US,Oregon,Jefferson,593,9,0,44.62806839,-121.17832,41031.0,2404.8990185740936,1.5177065767284992,584,593,9,0,584,590,24192,0,0,0,0,3
2020-10-17,US,Oregon,Josephine,255,2,0,42.3665549,-123.5561938,41033.0,291.4718758215506,0.7843137254901961,253,253,2,0,251,254,87393,2,0,0,2,-1
2020-10-17,US,Oregon,Klamath,395,3,0,42.68762984,-121.64964609999998,41035.0,578.8563556962396,0.7594936708860759,392,394,3,0,391,392,67653,1,0,0,1,2
2020-10-17,US,Oregon,Lake,35,0,0,42.79246693,-120.38501629999999,41037.0,444.7833269792858,0.0,35,35,0,0,35,35,7879,0,0,0,0,0
2020-10-17,US,Oregon,Lane,2058,22,0,43.93727035,-122.847753,41039.0,538.64898041443,1.0689990281827018,2036,2011,22,0,1989,1957,379611,47,0,0,47,54
2020-10-17,US,Oregon,Lincoln,507,13,0,44.64252874,-123.86991200000001,41041.0,1014.7712261318602,2.5641025641025643,494,507,13,0,494,507,49388,0,0,0,0,0
2020-10-17,US,Oregon,Linn,734,14,0,44.48899494,-122.53731540000001,41043.0,565.7076355116418,1.9073569482288828,720,726,14,0,712,716,127335,8,0,0,8,10
2020-10-17,US,Oregon,Malheur,1841,33,0,43.1937027,-117.62273950000001,41045.0,6022.04703804259,1.7925040738728952,1808,1828,33,0,1795,1812,30725,13,0,0,13,16
2020-10-17,US,Oregon,Marion,5437,105,0,44.90287942,-122.58151170000001,41047.0,1563.1738437918682,1.9312120654772853,5332,5388,104,0,5284,5353,346868,49,1,0,48,35
2020-10-17,US,Oregon,Morrow,539,6,0,45.41846568,-119.584546,41049.0,4645.3503404292,1.1131725417439704,533,538,6,0,532,533,11372,1,0,0,1,5
2020-10-17,US,Oregon,Multnomah,8462,152,0,45.54747959,-122.4169351,41051.0,1041.0220765081103,1.7962656582368235,8310,8367,150,0,8217,8280,811880,95,2,0,93,87
2020-10-17,US,Oregon,Polk,626,15,0,44.90322804,-123.4128888,41053.0,727.1882441772667,2.3961661341853038,611,618,15,0,603,606,85234,8,0,0,8,12
2020-10-17,US,Oregon,Sherman,18,0,0,45.41501554,-120.6827834,41055.0,1011.2359550561798,0.0,18,18,0,0,18,18,1708,0,0,0,0,0
2020-10-17,US,Oregon,Tillamook,69,0,0,45.46248721,-123.712066,41057.0,255.2152685308477,0.0,69,69,0,0,69,66,26787,0,0,0,0,3
2020-10-17,US,Oregon,Umatilla,3255,43,0,45.59073056,-118.7353826,41059.0,4175.753688261706,1.3210445468509984,3212,3242,43,0,3199,3225,77516,13,0,0,13,17
2020-10-17,US,Oregon,Union,456,2,0,45.30915495,-118.0068979,41061.0,1699.2733370598098,0.43859649122807015,454,455,2,0,453,455,26461,1,0,0,1,0
2020-10-17,US,Oregon,Wallowa,38,1,0,45.57894064,-117.18353799999998,41063.0,541.0654827968923,2.631578947368421,37,38,1,0,37,38,7081,0,0,0,0,0
2020-10-17,US,Oregon,Wasco,332,15,0,45.16292781,-121.16709540000001,41065.0,1244.2845363915746,4.518072289156627,317,331,15,0,316,329,26505,1,0,0,1,2
2020-10-17,US,Oregon,Washington,5345,69,0,45.55972701,-123.0955257,41067.0,888.4759105839172,1.2909260991580918,5276,5297,70,0,5227,5241,597695,48,-1,0,49,56
2020-10-17,US,Oregon,Wheeler,1,0,0,44.72698162,-120.02814270000002,41069.0,75.07507507507508,0.0,1,1,0,0,1,1,1366,0,0,0,0,0
2020-10-17,US,Oregon,Yamhill,932,15,0,45.23330449,-123.3086963,41071.0,870.2147525676938,1.609442060085837,917,926,15,0,911,912,107002,6,0,0,6,14
2020-10-17,US,Pennsylvania,Adams,985,27,0,39.87140411,-77.21610347,42001.0,956.2271257851256,2.7411167512690358,958,971,27,0,944,962,102811,14,0,0,14,9
2020-10-17,US,Pennsylvania,Allegheny,13959,387,0,40.46809875,-79.98167747,42003.0,1147.90159903622,2.7724049000644744,13572,13821,387,0,13434,13672,1218452,138,0,0,138,149
2020-10-17,US,Pennsylvania,Armstrong,568,19,0,40.81665618,-79.46290811,42005.0,877.4233413145903,3.3450704225352115,549,549,19,0,530,539,65263,19,0,0,19,10
2020-10-17,US,Pennsylvania,Beaver,2134,136,0,40.6825484,-80.34921611,42007.0,1301.7830890202465,6.373008434864105,1998,2117,136,0,1981,2102,164742,17,0,0,17,15
2020-10-17,US,Pennsylvania,Bedford,329,6,0,40.00522157,-78.48998442,42009.0,687.0197126628799,1.82370820668693,323,323,6,0,317,315,48176,6,0,0,6,8
2020-10-17,US,Pennsylvania,Berks,8212,412,0,40.41570541,-75.92457766,42011.0,1949.834268835893,5.0170482221139805,7800,8102,411,0,7691,8035,420152,110,1,0,109,67
2020-10-17,US,Pennsylvania,Blair,1003,23,0,40.47961444,-78.34917412,42013.0,823.2850963235353,2.2931206380857434,980,980,23,0,957,950,122492,23,0,0,23,30
2020-10-17,US,Pennsylvania,Bradford,460,7,0,41.78869215,-76.51570822,42015.0,762.5615436898033,1.5217391304347827,453,435,6,0,429,415,60833,25,1,0,24,20
2020-10-17,US,Pennsylvania,Bucks,9561,622,0,40.33682119,-75.10836643,42017.0,1521.797953109332,6.505595648990692,8939,9527,622,0,8905,9485,628195,34,0,0,34,42
2020-10-17,US,Pennsylvania,Butler,1388,26,0,40.91152759,-79.91351055,42019.0,738.8756101845594,1.873198847262248,1362,1365,26,0,1339,1346,187888,23,0,0,23,19
2020-10-17,US,Pennsylvania,Cambria,877,7,0,40.49527404,-78.71377428,42021.0,673.6204989553887,0.7981755986316991,870,831,7,0,824,801,131730,46,0,0,46,30
2020-10-17,US,Pennsylvania,Cameron,8,0,0,41.43625568,-78.20376845,42023.0,179.89655947830002,0.0,8,8,0,0,8,8,4492,0,0,0,0,0
2020-10-17,US,Pennsylvania,Carbon,538,29,0,40.91545395,-75.7068525,42025.0,838.2412514412141,5.390334572490707,509,533,29,0,504,526,64227,5,0,0,5,7
2020-10-17,US,Pennsylvania,Centre,3687,15,0,40.92058903,-77.82200624,42027.0,2270.5299134772304,0.4068348250610253,3672,3650,15,0,3635,3614,162805,37,0,0,37,36
2020-10-17,US,Pennsylvania,Chester,7575,374,0,39.97291773,-75.74768357,42029.0,1442.8873747830908,4.9372937293729375,7201,7575,374,0,7201,7534,522046,0,0,0,0,41
2020-10-17,US,Pennsylvania,Clarion,177,3,0,41.19265812,-79.42413524,42031.0,460.48181487070093,1.6949152542372878,174,174,3,0,171,171,38779,3,0,0,3,3
2020-10-17,US,Pennsylvania,Clearfield,389,7,0,41.00110782,-78.47592663,42033.0,490.8207684057789,1.7994858611825193,382,385,7,0,378,380,79388,4,0,0,4,5
2020-10-17,US,Pennsylvania,Clinton,237,6,0,41.23255967,-77.63785995,42035.0,613.4810519776353,2.5316455696202533,231,235,6,0,229,233,38684,2,0,0,2,2
2020-10-17,US,Pennsylvania,Columbia,1021,39,0,41.04821986,-76.40565017,42037.0,1571.6396773597685,3.819784524975514,982,1015,39,0,976,1013,65456,6,0,0,6,2
2020-10-17,US,Pennsylvania,Crawford,379,3,0,41.68447709,-80.10760592,42039.0,447.8370298597408,0.7915567282321899,376,374,3,0,371,366,85063,5,0,0,5,8
2020-10-17,US,Pennsylvania,Cumberland,2216,78,0,40.1625372,-77.26130755,42041.0,874.6102537790582,3.51985559566787,2138,2195,78,0,2117,2174,251423,21,0,0,21,21
2020-10-17,US,Pennsylvania,Dauphin,4365,185,0,40.41377078,-76.77993242,42043.0,1568.4569473839288,4.238258877434134,4180,4340,185,0,4155,4290,277097,25,0,0,25,50
2020-10-17,US,Pennsylvania,Delaware,12510,764,0,39.91680171,-75.40243663,42045.0,2207.334136748849,6.1071143085531565,11746,12410,764,0,11646,12349,564751,100,0,0,100,61
2020-10-17,US,Pennsylvania,Elk,102,2,0,41.42822061,-78.64524744,42047.0,341.0230692076229,1.96078431372549,100,99,2,0,97,93,30169,3,0,0,3,6
2020-10-17,US,Pennsylvania,Erie,1857,39,0,41.99253829,-80.03301954,42049.0,688.4713489144618,2.10016155088853,1818,1844,39,0,1805,1835,272061,13,0,0,13,9
2020-10-17,US,Pennsylvania,Fayette,917,10,0,39.92041012,-79.64291195,42051.0,709.346040193697,1.0905125408942202,907,911,10,0,901,899,130441,6,0,0,6,12
2020-10-17,US,Pennsylvania,Forest,18,1,0,41.51095103,-79.23229292,42053.0,248.3786394370084,5.5555555555555545,17,17,1,0,16,17,7279,1,0,0,1,0
2020-10-17,US,Pennsylvania,Franklin,1982,53,0,39.92956518,-77.72157791,42055.0,1278.4869732369198,2.6740665993945507,1929,1975,53,0,1922,1957,154835,7,0,0,7,18
2020-10-17,US,Pennsylvania,Fulton,62,2,0,39.92913544,-78.11163677,42057.0,426.70337233310397,3.2258064516129035,60,62,2,0,60,62,14523,0,0,0,0,0
2020-10-17,US,Pennsylvania,Greene,211,1,0,39.85746531,-80.22357106,42059.0,582.3420638644329,0.4739336492890995,210,209,1,0,208,208,36506,2,0,0,2,1
2020-10-17,US,Pennsylvania,Huntingdon,675,8,0,40.42162652,-77.97673273,42061.0,1495.2153110047848,1.1851851851851851,667,640,8,0,632,623,45168,35,0,0,35,17
2020-10-17,US,Pennsylvania,Indiana,939,14,0,40.65241041,-79.08963285,42063.0,1116.8865152902831,1.490947816826411,925,928,14,0,914,906,84501,11,0,0,11,22
2020-10-17,US,Pennsylvania,Jefferson,143,3,0,41.12913106,-78.9986361,42065.0,329.30339666090964,2.097902097902098,140,143,3,0,140,141,43641,0,0,0,0,2
2020-10-17,US,Pennsylvania,Juniata,209,8,0,40.53358749,-77.39975129999998,42067.0,844.0011307192183,3.827751196172249,201,207,8,0,199,205,24704,2,0,0,2,2
2020-10-17,US,Pennsylvania,Lackawanna,3244,217,0,41.43564672,-75.60379201,42069.0,1547.1636922079038,6.689272503082613,3027,3197,217,0,2980,3125,210793,47,0,0,47,72
2020-10-17,US,Pennsylvania,Lancaster,8892,468,0,40.03904563,-76.24770128,42071.0,1629.3950788310574,5.2631578947368425,8424,8812,467,0,8345,8751,543557,80,1,0,79,61
2020-10-17,US,Pennsylvania,Lawrence,703,24,0,40.99206278,-80.33393706,42073.0,822.1068388062497,3.4139402560455183,679,685,24,0,661,681,86184,18,0,0,18,4
2020-10-17,US,Pennsylvania,Lebanon,2552,65,0,40.36680311,-76.45651841,42075.0,1799.806760559407,2.547021943573668,2487,2495,65,0,2430,2460,141314,57,0,0,57,35
2020-10-17,US,Pennsylvania,Lehigh,6109,361,0,40.6154815,-75.59435245,42077.0,1654.130045110176,5.909314126698314,5748,6078,361,0,5717,6053,368100,31,0,0,31,25
2020-10-17,US,Pennsylvania,Luzerne,4655,190,0,41.17823008,-75.98447579,42079.0,1466.5251073508982,4.081632653061225,4465,4594,190,0,4404,4550,317646,61,0,0,61,44
2020-10-17,US,Pennsylvania,Lycoming,873,29,0,41.34310539,-77.06629984,42081.0,770.527542167186,3.3218785796105386,844,866,29,0,837,858,113664,7,0,0,7,8
2020-10-17,US,Pennsylvania,McKean,93,2,0,41.80938602,-78.56478358,42083.0,228.9230769230769,2.150537634408602,91,90,2,0,88,84,40968,3,0,0,3,6
2020-10-17,US,Pennsylvania,Mercer,882,25,0,41.30248872,-80.25816981,42085.0,806.0388945752303,2.8344671201814062,857,867,25,0,842,862,110683,15,0,0,15,5
2020-10-17,US,Pennsylvania,Mifflin,313,3,0,40.61116939,-77.61070738,42087.0,678.3995838571243,0.9584664536741214,310,301,3,0,298,292,46222,12,0,0,12,9
2020-10-17,US,Pennsylvania,Monroe,1913,134,0,41.05934058,-75.34031025,42089.0,1123.5031214945586,7.004704652378464,1779,1904,134,0,1770,1898,169507,9,0,0,9,6
2020-10-17,US,Pennsylvania,Montgomery,13114,889,0,40.21053671,-75.36652296,42091.0,1578.2601108416627,6.779014793350616,12225,13050,889,0,12161,12999,828604,64,0,0,64,51
2020-10-17,US,Pennsylvania,Montour,271,7,0,41.03023987,-76.66345939,42093.0,1486.5606143719144,2.5830258302583027,264,261,7,0,254,254,18240,10,0,0,10,7
2020-10-17,US,Pennsylvania,Northampton,5022,309,0,40.75182733,-75.30471829,42095.0,1645.020227000999,6.152927120669056,4713,4972,309,0,4663,4929,304807,50,0,0,50,43
2020-10-17,US,Pennsylvania,Northumberland,1327,97,0,40.84785433,-76.70798222,42097.0,1460.7619739550653,7.309721175584023,1230,1317,96,0,1221,1302,91083,10,1,0,9,15
2020-10-17,US,Pennsylvania,Perry,307,6,0,40.40206612,-77.26297447,42099.0,663.4681881051175,1.954397394136808,301,300,6,0,294,297,46139,7,0,0,7,3
2020-10-17,US,Pennsylvania,Philadelphia,40179,1840,0,40.00338507,-75.1379271,42101.0,2536.4505474526277,4.5795067074840095,38339,40179,1840,0,38339,39870,1584138,0,0,0,0,309
2020-10-17,US,Pennsylvania,Pike,609,23,0,41.33155042,-75.03208106,42103.0,1091.221845938827,3.7766830870279136,586,609,23,0,586,608,55933,0,0,0,0,1
2020-10-17,US,Pennsylvania,Potter,40,1,0,41.74471626,-77.89559864,42105.0,242.0428415829602,2.5,39,38,1,0,37,37,16622,2,0,0,2,1
2020-10-17,US,Pennsylvania,Schuylkill,1545,71,0,40.70497338,-76.2150785,42107.0,1092.961891354636,4.595469255663431,1474,1511,71,0,1440,1495,142067,34,0,0,34,16
2020-10-17,US,Pennsylvania,Snyder,440,12,0,40.77129231,-77.06840691,42109.0,1089.8642623600515,2.727272727272727,428,438,12,0,426,434,40540,2,0,0,2,4
2020-10-17,US,Pennsylvania,Somerset,313,3,0,39.97172723,-79.02699593,42111.0,426.15763748008766,0.9584664536741214,310,308,3,0,305,284,73952,5,0,0,5,24
2020-10-17,US,Pennsylvania,Sullivan,15,1,0,41.44634738,-76.51246591,42113.0,247.27992087042526,6.666666666666668,14,15,1,0,14,15,6071,0,0,0,0,0
2020-10-17,US,Pennsylvania,Susquehanna,368,28,0,41.82147784,-75.80071959,42115.0,912.5173576671297,7.608695652173912,340,363,28,0,335,359,40589,5,0,0,5,4
2020-10-17,US,Pennsylvania,Tioga,140,3,0,41.77255149,-77.25433032,42117.0,344.90404276810136,2.142857142857143,137,133,3,0,130,126,40763,7,0,0,7,7
2020-10-17,US,Pennsylvania,Union,636,7,0,40.96188846,-77.05996014,42119.0,1415.7558488970017,1.1006289308176103,629,634,7,0,627,637,44785,2,0,0,2,-3
2020-10-17,US,Pennsylvania,Venango,161,1,0,41.40323442,-79.75845449,42121.0,317.754795926423,0.6211180124223602,160,154,1,0,153,149,51266,7,0,0,7,5
2020-10-17,US,Pennsylvania,Warren,59,1,0,41.81304978,-79.26969577,42123.0,150.54476793141282,1.6949152542372878,58,59,1,0,58,58,39498,0,0,0,0,1
2020-10-17,US,Pennsylvania,Washington,1625,32,0,40.19208869,-80.24582867,42125.0,785.5364609769656,1.9692307692307691,1593,1594,32,0,1562,1577,207346,31,0,0,31,17
2020-10-17,US,Pennsylvania,Wayne,280,12,0,41.64938475,-75.29956506,42127.0,545.1607250637643,4.285714285714286,268,277,12,0,265,273,51276,3,0,0,3,4
2020-10-17,US,Pennsylvania,Westmoreland,3412,69,0,40.31377979999999,-79.46615476,42129.0,977.933442056297,2.0222743259085583,3343,3310,66,0,3244,3201,350611,102,3,0,99,109
2020-10-17,US,Pennsylvania,Wyoming,99,8,0,41.51955538,-76.01074915,42131.0,369.4857057550199,8.080808080808081,91,96,8,0,88,93,27046,3,0,0,3,3
2020-10-17,US,Pennsylvania,York,5784,188,0,39.9210089,-76.73040131,42133.0,1288.0296086474352,3.2503457814661134,5596,5708,187,0,5521,5649,448273,76,1,0,75,59
2020-10-17,US,Puerto Rico,Adjuntas,167,0,0,18.180117000000006,-66.754367,72001.0,857.157521942206,0.0,167,166,0,0,166,166,,1,0,0,1,0
2020-10-17,US,Puerto Rico,Aguada,393,0,0,18.360255,-67.17513100000001,72003.0,936.6286136466548,0.0,393,391,0,0,391,390,,2,0,0,2,1
2020-10-17,US,Puerto Rico,Aguadilla,511,0,0,18.459681,-67.12081500000001,72005.0,838.4058803261743,0.0,511,506,0,0,506,496,,5,0,0,5,10
2020-10-17,US,Puerto Rico,Aguas Buenas,336,0,0,18.251619,-66.126806,72007.0,1172.4065738511465,0.0,336,334,0,0,334,333,,2,0,0,2,1
2020-10-17,US,Puerto Rico,Aibonito,190,0,0,18.131361,-66.264131,72009.0,733.5907335907336,0.0,190,190,0,0,190,189,,0,0,0,0,1
2020-10-17,US,Puerto Rico,Anasco,239,0,0,18.287985,-67.120611,72011.0,816.786849389973,0.0,239,239,0,0,239,238,,0,0,0,0,1
2020-10-17,US,Puerto Rico,Arecibo,975,0,0,18.406631,-66.675077,72013.0,1010.9912899211943,0.0,975,971,0,0,971,969,,4,0,0,4,2
2020-10-17,US,Puerto Rico,Arroyo,188,0,0,17.998457000000005,-66.056546,72015.0,960.4086845466156,0.0,188,187,0,0,187,187,,1,0,0,1,0
2020-10-17,US,Puerto Rico,Barceloneta,297,0,0,18.445532999999998,-66.56053100000001,72017.0,1196.8085106382978,0.0,297,297,0,0,297,292,,0,0,0,0,5
2020-10-17,US,Puerto Rico,Barranquitas,537,0,0,18.201592,-66.30963,72019.0,1771.2250148426676,0.0,537,537,0,0,537,537,,0,0,0,0,0
2020-10-17,US,Puerto Rico,Bayamon,4396,0,0,18.34946,-66.168435,72021.0,2112.2835341828595,0.0,4396,4383,0,0,4383,4353,,13,0,0,13,30
2020-10-17,US,Puerto Rico,Cabo Rojo,463,0,0,18.040993,-67.154391,72023.0,909.3230158886032,0.0,463,462,0,0,462,461,,1,0,0,1,1
2020-10-17,US,Puerto Rico,Caguas,1944,0,0,18.211615,-66.050779,72025.0,1360.4585249102474,0.0,1944,1936,0,0,1936,1924,,8,0,0,8,12
2020-10-17,US,Puerto Rico,Camuy,336,0,0,18.418578,-66.860206,72027.0,955.6585795955516,0.0,336,335,0,0,335,335,,1,0,0,1,0
2020-10-17,US,Puerto Rico,Canovanas,800,0,0,18.328802,-65.887612,72029.0,1678.9791806581595,0.0,800,797,0,0,797,794,,3,0,0,3,3
2020-10-17,US,Puerto Rico,Carolina,3376,0,0,18.374986,-65.95683100000001,72031.0,1909.9127640556228,0.0,3376,3355,0,0,3355,3336,,21,0,0,21,19
2020-10-17,US,Puerto Rico,Catano,542,0,0,18.437269,-66.14330600000001,72033.0,1926.0838663823733,0.0,542,539,0,0,539,534,,3,0,0,3,5
2020-10-17,US,Puerto Rico,Cayey,439,0,0,18.102851,-66.14914,72035.0,912.3215361915253,0.0,439,434,0,0,434,429,,5,0,0,5,5
2020-10-17,US,Puerto Rico,Ceiba,167,0,0,18.251818,-65.666416,72037.0,1225.1485584329835,0.0,167,167,0,0,167,167,,0,0,0,0,0
2020-10-17,US,Puerto Rico,Ciales,315,0,0,18.28885,-66.516475,72039.0,1677.13768501757,0.0,315,314,0,0,314,312,,1,0,0,1,2
2020-10-17,US,Puerto Rico,Cidra,381,0,0,18.173559,-66.161179,72041.0,876.264949402024,0.0,381,381,0,0,381,379,,0,0,0,0,2
2020-10-17,US,Puerto Rico,Coamo,351,0,0,18.097597,-66.36014,72043.0,866.4099526066351,0.0,351,350,0,0,350,350,,1,0,0,1,0
2020-10-17,US,Puerto Rico,Comerio,267,0,0,18.224687,-66.221622,72045.0,1285.0129945134274,0.0,267,267,0,0,267,266,,0,0,0,0,1
2020-10-17,US,Puerto Rico,Corozal,774,0,0,18.304264,-66.327738,72047.0,2083.8942437133164,0.0,774,769,0,0,769,764,,5,0,0,5,5
2020-10-17,US,Puerto Rico,Culebra,22,0,0,18.31586,-65.28813000000001,72049.0,1210.1210121012102,0.0,22,22,0,0,22,22,,0,0,0,0,0
2020-10-17,US,Puerto Rico,Dorado,951,0,0,18.436115,-66.278669,72051.0,2491.811869513953,0.0,951,945,0,0,945,935,,6,0,0,6,10
2020-10-17,US,Puerto Rico,Fajardo,642,0,0,18.318373,-65.666866,72053.0,1735.4634660611466,0.0,642,642,0,0,642,641,,0,0,0,0,1
2020-10-17,US,Puerto Rico,Florida,366,0,0,18.373715,-66.560488,72054.0,2886.4353312302837,0.0,366,366,0,0,366,366,,0,0,0,0,0
2020-10-17,US,Puerto Rico,Guanica,137,0,0,17.982429,-66.91964300000001,72055.0,705.2040973902301,0.0,137,133,0,0,133,133,,4,0,0,4,0
2020-10-17,US,Puerto Rico,Guayama,350,0,0,18.007516,-66.13390799999999,72057.0,771.5709183898417,0.0,350,349,0,0,349,346,,1,0,0,1,3
2020-10-17,US,Puerto Rico,Guayanilla,224,0,0,18.039942,-66.79186,72059.0,1037.9500486539084,0.0,224,224,0,0,224,224,,0,0,0,0,0
2020-10-17,US,Puerto Rico,Guaynabo,2048,0,0,18.345114000000002,-66.11452299999999,72061.0,2091.417834238797,0.0,2048,2043,0,0,2043,2033,,5,0,0,5,10
2020-10-17,US,Puerto Rico,Gurabo,657,0,0,18.266461,-65.97970500000001,72063.0,1448.1253719500098,0.0,657,655,0,0,655,652,,2,0,0,2,3
2020-10-17,US,Puerto Rico,Hatillo,382,0,0,18.410928,-66.79632600000001,72065.0,910.5427502204848,0.0,382,380,0,0,380,379,,2,0,0,2,1
2020-10-17,US,Puerto Rico,Hormigueros,192,0,0,18.134532,-67.113972,72067.0,1113.0434782608695,0.0,192,191,0,0,191,191,,1,0,0,1,0
2020-10-17,US,Puerto Rico,Humacao,691,0,0,18.145211,-65.810174,72069.0,1181.883487839086,0.0,691,682,0,0,682,678,,9,0,0,9,4
2020-10-17,US,Puerto Rico,Isabela,336,0,0,18.44981,-67.005093,72071.0,736.3415222107777,0.0,336,334,0,0,334,333,,2,0,0,2,1
2020-10-17,US,Puerto Rico,Jayuya,271,0,0,18.211446,-66.58878,72073.0,1628.4100468693664,0.0,271,271,0,0,271,270,,0,0,0,0,1
2020-10-17,US,Puerto Rico,Juana Diaz,403,0,0,18.050764,-66.49458100000001,72075.0,504.3994142458415,0.0,403,401,0,0,401,395,,2,0,0,2,6
2020-10-17,US,Puerto Rico,Juncos,517,0,0,18.223793,-65.909109,72077.0,1283.1968230330106,0.0,517,511,0,0,511,503,,6,0,0,6,8
2020-10-17,US,Puerto Rico,Lajas,190,0,0,18.011661,-67.040585,72079.0,737.7781229371335,0.0,190,190,0,0,190,187,,0,0,0,0,3
2020-10-17,US,Puerto Rico,Lares,393,0,0,18.269035000000002,-66.867236,72081.0,1277.9241049653692,0.0,393,393,0,0,393,391,,0,0,0,0,2
2020-10-17,US,Puerto Rico,Las Marias,118,0,0,18.23679,-66.98362,72083.0,1194.2111122356034,0.0,118,118,0,0,118,118,,0,0,0,0,0
2020-10-17,US,Puerto Rico,Las Piedras,592,0,0,18.187527,-65.86946800000001,72085.0,1530.704589528119,0.0,592,588,0,0,588,585,,4,0,0,4,3
2020-10-17,US,Puerto Rico,Loiza,333,0,0,18.425688,-65.89943000000001,72087.0,1107.7844311377246,0.0,333,332,0,0,332,330,,1,0,0,1,2
2020-10-17,US,Puerto Rico,Luquillo,295,0,0,18.342114000000002,-65.72509699999999,72089.0,1470.0019932230414,0.0,295,295,0,0,295,293,,0,0,0,0,2
2020-10-17,US,Puerto Rico,Manati,682,0,0,18.420473,-66.490461,72091.0,1546.029515108925,0.0,682,682,0,0,682,680,,0,0,0,0,2
2020-10-17,US,Puerto Rico,Maricao,91,0,0,18.171795,-66.942126,72093.0,1449.9681325685144,0.0,91,90,0,0,90,90,,1,0,0,1,0
2020-10-17,US,Puerto Rico,Maunabo,167,0,0,18.017889,-65.922235,72095.0,1366.0531697341514,0.0,167,166,0,0,166,166,,1,0,0,1,0
2020-10-17,US,Puerto Rico,Mayaguez,935,0,0,18.2013,-67.1452,72097.0,1049.6183206106869,0.0,935,932,0,0,932,925,,3,0,0,3,7
2020-10-17,US,Puerto Rico,Moca,408,0,0,18.377805,-67.080952,72099.0,1017.2280535540652,0.0,408,408,0,0,408,407,,0,0,0,0,1
2020-10-17,US,Puerto Rico,Morovis,584,0,0,18.316963,-66.420383,72101.0,1790.8616988653787,0.0,584,585,0,0,585,582,,-1,0,0,-1,3
2020-10-17,US,Puerto Rico,Naguabo,340,0,0,18.230636999999998,-65.753897,72103.0,1272.4550898203593,0.0,340,338,0,0,338,336,,2,0,0,2,2
2020-10-17,US,Puerto Rico,Naranjito,761,0,0,18.288019,-66.252703,72105.0,2503.12479442142,0.0,761,759,0,0,759,759,,2,0,0,2,0
2020-10-17,US,Puerto Rico,Orocovis,393,0,0,18.215046,-66.433604,72107.0,1677.83802245656,0.0,393,392,0,0,392,392,,1,0,0,1,0
2020-10-17,US,Puerto Rico,Out of PR,804,0,0,0.0,0.0,72888.0,0.0,0.0,804,804,0,0,804,804,,0,0,0,0,0
2020-10-17,US,Puerto Rico,Patillas,190,0,0,18.03174,-66.012242,72109.0,985.6305441718108,0.0,190,188,0,0,188,187,,2,0,0,2,1
2020-10-17,US,Puerto Rico,Penuelas,141,0,0,18.059645,-66.721572,72111.0,580.6770447244872,0.0,141,141,0,0,141,137,,0,0,0,0,4
2020-10-17,US,Puerto Rico,Ponce,1080,0,0,18.059498,-66.613748,72113.0,649.3233209280512,0.0,1080,1071,0,0,1071,1058,,9,0,0,9,13
2020-10-17,US,Puerto Rico,Quebradillas,231,0,0,18.439692,-66.926113,72115.0,891.2380878891933,0.0,231,229,0,0,229,223,,2,0,0,2,6
2020-10-17,US,Puerto Rico,Rincon,229,0,0,18.335442999999998,-67.23174,72117.0,1506.578947368421,0.0,229,229,0,0,229,229,,0,0,0,0,0
2020-10-17,US,Puerto Rico,Rio Grande,728,0,0,18.346329,-65.813742,72119.0,1340.6010606953446,0.0,728,722,0,0,722,715,,6,0,0,6,7
2020-10-17,US,Puerto Rico,Sabana Grande,221,0,0,18.08282,-66.943758,72121.0,874.727884425094,0.0,221,220,0,0,220,217,,1,0,0,1,3
2020-10-17,US,Puerto Rico,Salinas,503,0,0,18.010386999999994,-66.256592,72123.0,1618.5082695154126,0.0,503,500,0,0,500,495,,3,0,0,3,5
2020-10-17,US,Puerto Rico,San German,289,0,0,18.111484,-67.03858100000001,72125.0,813.4658147324568,0.0,289,288,0,0,288,288,,1,0,0,1,0
2020-10-17,US,Puerto Rico,San Juan,9161,0,0,18.386933,-66.061128,72127.0,2317.3279774161074,0.0,9161,9115,0,0,9115,9057,,46,0,0,46,58
2020-10-17,US,Puerto Rico,San Lorenzo,633,0,0,18.147987,-65.976392,72129.0,1541.7214671927518,0.0,633,632,0,0,632,628,,1,0,0,1,4
2020-10-17,US,Puerto Rico,San Sebastian,562,0,0,18.328646,-66.971214,72131.0,1324.5345274569881,0.0,562,562,0,0,562,560,,0,0,0,0,2
2020-10-17,US,Puerto Rico,Santa Isabel,212,0,0,17.994525,-66.388913,72133.0,910.8876858296812,0.0,212,209,0,0,209,209,,3,0,0,3,0
2020-10-17,US,Puerto Rico,Toa Alta,1530,0,0,18.362406,-66.246616,72135.0,2065.725164042881,0.0,1530,1522,0,0,1522,1505,,8,0,0,8,17
2020-10-17,US,Puerto Rico,Toa Baja,1748,0,0,18.431445999999998,-66.213553,72137.0,1950.6969166043589,0.0,1748,1742,0,0,1742,1734,,6,0,0,6,8
2020-10-17,US,Puerto Rico,Trujillo Alto,1322,0,0,18.336159,-65.99888399999999,72139.0,1766.3878570855936,0.0,1322,1318,0,0,1318,1309,,4,0,0,4,9
2020-10-17,US,Puerto Rico,Unassigned,847,761,0,0.0,0.0,72999.0,0.0,89.84651711924441,86,847,758,0,89,846,,0,3,0,-3,1
2020-10-17,US,Puerto Rico,Utuado,193,0,0,18.271214,-66.702984,72141.0,582.2196748016531,0.0,193,191,0,0,191,190,,2,0,0,2,1
2020-10-17,US,Puerto Rico,Vega Alta,885,0,0,18.409346,-66.33725,72143.0,2215.2136367049634,0.0,885,883,0,0,883,881,,2,0,0,2,2
2020-10-17,US,Puerto Rico,Vega Baja,1102,0,0,18.428262,-66.397924,72145.0,1847.0718380208511,0.0,1102,1099,0,0,1099,1096,,3,0,0,3,3
2020-10-17,US,Puerto Rico,Vieques,101,0,0,18.123276,-65.44097099999999,72147.0,1085.9047414256531,0.0,101,101,0,0,101,101,,0,0,0,0,0
2020-10-17,US,Puerto Rico,Villalba,176,0,0,18.127951,-66.473115,72149.0,675.0278065431672,0.0,176,171,0,0,171,171,,5,0,0,5,0
2020-10-17,US,Puerto Rico,Yabucoa,440,0,0,18.070399,-65.896289,72151.0,1159.6953164123245,0.0,440,437,0,0,437,435,,3,0,0,3,2
2020-10-17,US,Puerto Rico,Yauco,467,0,0,18.080374,-66.858814,72153.0,1110.7675475108817,0.0,467,467,0,0,467,467,,0,0,0,0,0
2020-10-17,US,Rhode Island,Bristol,461,17,0,41.71018079,-71.28652315,44001.0,950.9272055941748,3.6876355748373104,444,461,17,0,444,461,48649,0,0,0,0,0
2020-10-17,US,Rhode Island,Kent,2145,116,0,41.67106337,-71.57641596,44003.0,1305.6022204367832,5.407925407925408,2029,2145,116,0,2029,2145,163861,0,0,0,0,0
2020-10-17,US,Rhode Island,Newport,582,10,0,41.5642026,-71.26569799,44005.0,709.0470505104653,1.718213058419244,572,582,10,0,572,582,82542,0,0,0,0,0
2020-10-17,US,Rhode Island,Providence,20439,909,0,41.87064746,-71.57753536,44007.0,3198.9369744150777,4.447380008806694,19530,20439,909,0,19530,20439,636084,0,0,0,0,0
2020-10-17,US,Rhode Island,Unassigned,2945,23,0,0.0,0.0,90044.0,0.0,0.7809847198641766,2922,2945,23,0,2922,2692,,0,0,0,0,253
2020-10-17,US,Rhode Island,Washington,1119,77,0,41.45961631,-71.61435303,44009.0,891.0867435915812,6.881143878462915,1042,1119,77,0,1042,1119,126179,0,0,0,0,0
2020-10-17,US,South Carolina,Abbeville,707,15,0,34.22333378,-82.46170658,45001.0,2882.537611611693,2.1216407355021216,692,703,15,0,688,701,24541,4,0,0,4,2
2020-10-17,US,South Carolina,Aiken,4736,85,0,33.54338026,-81.63645384,45003.0,2771.665340137647,1.7947635135135136,4651,4713,85,0,4628,4683,169401,23,0,0,23,30
2020-10-17,US,South Carolina,Allendale,428,6,0,32.98837386,-81.35321066,45005.0,4926.33517495396,1.4018691588785046,422,427,6,0,421,426,8903,1,0,0,1,1
2020-10-17,US,South Carolina,Anderson,5193,193,0,34.51828081,-82.63959517,45007.0,2563.710147217093,3.7165414981706144,5000,5155,190,0,4965,5111,200482,38,3,0,35,44
2020-10-17,US,South Carolina,Bamberg,669,35,0,33.21927586,-81.05659969,45009.0,4756.149580548841,5.23168908819133,634,666,35,0,631,665,14275,3,0,0,3,1
2020-10-17,US,South Carolina,Barnwell,841,21,0,33.26679302,-81.43584352,45011.0,4030.4802070353694,2.4970273483947683,820,840,19,0,821,828,21112,1,2,0,-1,12
2020-10-17,US,South Carolina,Beaufort,5960,89,0,32.39226291,-80.72619758,45013.0,3102.195479955445,1.4932885906040267,5871,5942,89,0,5853,5927,188715,18,0,0,18,15
2020-10-17,US,South Carolina,Berkeley,5802,92,0,33.20222596,-79.94654523,45015.0,2545.775250431097,1.5856601172009652,5710,5782,92,0,5690,5749,221091,20,0,0,20,33
2020-10-17,US,South Carolina,Calhoun,500,17,0,33.66926881,-80.77722168,45017.0,3435.717721432007,3.4,483,499,17,0,482,497,14520,1,0,0,1,2
2020-10-17,US,South Carolina,Charleston,16576,270,0,32.82487866,-79.96512315,45019.0,4029.1099303364563,1.628861003861004,16306,16498,269,0,16229,16448,405905,78,1,0,77,50
2020-10-17,US,South Carolina,Cherokee,1354,48,0,35.05122251,-81.61828622,45021.0,2363.0017452006978,3.5450516986706058,1306,1343,48,0,1295,1328,57078,11,0,0,11,15
2020-10-17,US,South Carolina,Chester,1157,23,0,34.69249168,-81.1583216,45023.0,3588.2644833147247,1.987899740708729,1134,1149,22,0,1127,1140,32251,8,1,0,7,9
2020-10-17,US,South Carolina,Chesterfield,1414,41,0,34.64137396,-80.15640140000002,45025.0,3097.4808324205915,2.8995756718528995,1373,1406,41,0,1365,1397,45754,8,0,0,8,9
2020-10-17,US,South Carolina,Clarendon,1144,68,0,33.66610974,-80.21647898,45027.0,3390.131871388354,5.944055944055943,1076,1141,68,0,1073,1138,33700,3,0,0,3,3
2020-10-17,US,South Carolina,Colleton,1185,44,0,32.87582989,-80.67641292,45029.0,3145.1548690182344,3.7130801687763713,1141,1178,44,0,1134,1173,37660,7,0,0,7,5
2020-10-17,US,South Carolina,Darlington,2331,63,0,34.33358335,-79.96027485,45031.0,3499.0543096460415,2.702702702702702,2268,2320,63,0,2257,2301,66802,11,0,0,11,19
2020-10-17,US,South Carolina,Dillon,1252,46,0,34.39007791,-79.37741872,45033.0,4107.746317136389,3.674121405750799,1206,1246,45,0,1201,1236,30599,6,1,0,5,10
2020-10-17,US,South Carolina,Dorchester,4577,94,0,33.0794369,-80.40502652,45035.0,2811.269647255373,2.053746995848809,4483,4554,92,0,4462,4528,160647,23,2,0,21,26
2020-10-17,US,South Carolina,Edgefield,869,21,0,33.77221995,-81.96231108,45037.0,3187.8209831254585,2.4165707710011506,848,868,21,0,847,868,27052,1,0,0,1,0
2020-10-17,US,South Carolina,Fairfield,835,37,0,34.39287073,-81.1195624,45039.0,3736.5194433257257,4.431137724550899,798,833,37,0,796,828,22402,2,0,0,2,5
2020-10-17,US,South Carolina,Florence,5343,199,0,34.02361754,-79.70189312,45041.0,3863.536115349295,3.724499344937301,5144,5316,199,0,5117,5290,138159,27,0,0,27,26
2020-10-17,US,South Carolina,Georgetown,2160,47,0,33.43443342,-79.33202141,45043.0,3446.075303126994,2.175925925925926,2113,2127,47,0,2080,2098,62249,33,0,0,33,29
2020-10-17,US,South Carolina,Greenville,16289,330,0,34.89502264,-82.37295012,45045.0,3111.307211264808,2.025907053840015,15959,16184,330,0,15854,15994,514213,105,0,0,105,190
2020-10-17,US,South Carolina,Greenwood,2447,74,0,34.15272415,-82.12715789,45047.0,3455.677790173843,3.024111156518185,2373,2444,74,0,2370,2435,70741,3,0,0,3,9
2020-10-17,US,South Carolina,Hampton,739,30,0,32.77419582,-81.13845571,45049.0,3844.553116220997,4.059539918809202,709,738,29,0,709,735,19351,1,1,0,0,3
2020-10-17,US,South Carolina,Horry,11794,208,0,33.9212828,-78.99555293,45051.0,3330.8762684244566,1.7636086145497711,11586,11705,207,0,11498,11617,344147,89,1,0,88,88
2020-10-17,US,South Carolina,Jasper,874,23,0,32.43171982,-81.02487495,45053.0,2906.2614305190705,2.631578947368421,851,869,23,0,846,867,28971,5,0,0,5,2
2020-10-17,US,South Carolina,Kershaw,2325,42,0,34.33988254,-80.58763164,45055.0,3493.5613289056514,1.8064516129032255,2283,2306,42,0,2264,2286,65592,19,0,0,19,20
2020-10-17,US,South Carolina,Lancaster,2422,56,0,34.68270843,-80.70513032,45057.0,2471.125984573317,2.3121387283237,2366,2406,56,0,2350,2390,95380,16,0,0,16,16
2020-10-17,US,South Carolina,Laurens,1840,58,0,34.48244419,-82.00490796,45059.0,2726.2086438593633,3.152173913043478,1782,1828,58,0,1770,1816,66994,12,0,0,12,12
2020-10-17,US,South Carolina,Lee,758,35,0,34.16393091,-80.25690731,45061.0,4504.397432850013,4.617414248021109,723,753,35,0,718,750,17142,5,0,0,5,3
2020-10-17,US,South Carolina,Lexington,8395,191,0,33.89665987,-81.27146426,45063.0,2810.041841004184,2.275163787969029,8204,8341,187,0,8154,8278,295032,54,4,0,50,63
2020-10-17,US,South Carolina,Marion,1048,36,0,34.07859748,-79.36400756,45067.0,3418.4688651857646,3.435114503816794,1012,1042,36,0,1006,1034,31039,6,0,0,6,8
2020-10-17,US,South Carolina,Marlboro,1054,12,0,34.59905577,-79.67561152,45069.0,4035.5310513821887,1.1385199240986716,1042,1051,12,0,1039,1042,26398,3,0,0,3,9
2020-10-17,US,South Carolina,McCormick,258,7,0,33.90161443,-82.30794338,45065.0,2726.408115819508,2.713178294573644,251,258,7,0,251,256,9410,0,0,0,0,2
2020-10-17,US,South Carolina,Newberry,1539,36,0,34.28629098,-81.59935761,45071.0,4003.642039542144,2.3391812865497075,1503,1527,35,0,1492,1519,38520,12,1,0,11,8
2020-10-17,US,South Carolina,Oconee,2283,31,0,34.75225169,-83.06742317,45073.0,2870.0374626002563,1.3578624616732369,2252,2266,30,0,2236,2237,78374,17,1,0,16,29
2020-10-17,US,South Carolina,Orangeburg,3250,129,0,33.4391073,-80.79886287,45075.0,3771.395416304033,3.969230769230769,3121,3245,129,0,3116,3240,86934,5,0,0,5,5
2020-10-17,US,South Carolina,Pickens,3863,53,0,34.88807695,-82.72791551,45077.0,3044.513098578229,1.3719906808180171,3810,3822,53,0,3769,3756,124937,41,0,0,41,66
2020-10-17,US,South Carolina,Richland,16555,260,0,34.01791263,-80.90267209,45079.0,3981.8741145711824,1.5705225007550592,16295,16476,260,0,16216,16366,414576,79,0,0,79,110
2020-10-17,US,South Carolina,Saluda,712,22,0,34.00795823,-81.72713237,45081.0,3477.7511844868845,3.0898876404494384,690,713,22,0,691,711,20544,-1,0,0,-1,2
2020-10-17,US,South Carolina,Spartanburg,8104,211,0,34.92960077,-81.99225984,45083.0,2534.202667417171,2.60365251727542,7893,8027,211,0,7816,7928,313888,77,0,0,77,99
2020-10-17,US,South Carolina,Sumter,3388,84,0,33.91826534,-80.37942316,45085.0,3174.6329213556846,2.479338842975207,3304,3373,84,0,3289,3362,106512,15,0,0,15,11
2020-10-17,US,South Carolina,Union,690,15,0,34.68835752,-81.61730349,45087.0,2525.992092546493,2.1739130434782608,675,677,15,0,662,675,27410,13,0,0,13,2
2020-10-17,US,South Carolina,Williamsburg,1383,46,0,33.62190129,-79.72767442,45089.0,4554.13593256059,3.3261026753434564,1337,1379,46,0,1333,1379,30606,4,0,0,4,0
2020-10-17,US,South Carolina,York,6171,94,0,34.97281497,-81.18085944,45091.0,2196.2495417807027,1.523253929671042,6077,6117,90,0,6027,6073,274118,54,4,0,50,44
2020-10-17,US,South Dakota,Aurora,156,0,0,43.71757685,-98.56050467,46003.0,5670.6652126499475,0.0,156,148,0,0,148,145,2801,8,0,0,8,3
2020-10-17,US,South Dakota,Beadle,1047,12,0,44.41464384,-98.27858469,46005.0,5673.874166802146,1.146131805157593,1035,1033,12,0,1021,1016,18883,14,0,0,14,17
2020-10-17,US,South Dakota,Bennett,123,4,0,43.19486375,-101.6665572,46007.0,3655.2748885586934,3.2520325203252027,119,121,4,0,117,119,3468,2,0,0,2,2
2020-10-17,US,South Dakota,Bon Homme,297,1,0,42.98914167,-97.88592746,46009.0,4303.724097956818,0.3367003367003367,296,200,1,0,199,191,6980,97,0,0,97,9
2020-10-17,US,South Dakota,Brookings,1155,2,0,44.36974375,-96.79079945,46011.0,3292.7559369387345,0.17316017316017315,1153,1109,2,0,1107,1085,35232,46,0,0,46,24
2020-10-17,US,South Dakota,Brown,1732,4,0,45.58994323,-98.35165355,46013.0,4459.4351038904215,0.2309468822170901,1728,1685,4,0,1681,1650,39316,47,0,0,47,35
2020-10-17,US,South Dakota,Brule,199,2,0,43.71756379,-99.08118954,46015.0,3756.843496318672,1.0050251256281406,197,195,2,0,193,189,5229,4,0,0,4,6
2020-10-17,US,South Dakota,Buffalo,196,3,0,44.07657829,-99.20814467,46017.0,9989.806320081549,1.5306122448979589,193,192,3,0,189,187,2036,4,0,0,4,5
2020-10-17,US,South Dakota,Butte,214,3,0,44.90608745,-103.5079318,46019.0,2051.970466967111,1.4018691588785046,211,210,3,0,207,184,10222,4,0,0,4,26
2020-10-17,US,South Dakota,Campbell,65,0,0,45.77074915,-100.0510181,46021.0,4723.8372093023245,0.0,65,62,0,0,62,57,1377,3,0,0,3,5
2020-10-17,US,South Dakota,Charles Mix,307,0,0,43.20660134,-98.58856175,46023.0,3303.9173482565648,0.0,307,293,0,0,293,289,9338,14,0,0,14,4
2020-10-17,US,South Dakota,Clark,66,0,0,44.85834507,-97.72925109,46025.0,1766.5952890792291,0.0,66,65,0,0,65,61,3739,1,0,0,1,4
2020-10-17,US,South Dakota,Clay,693,8,0,42.91296147,-96.97656917,46027.0,4925.373134328358,1.1544011544011543,685,683,8,0,675,677,14041,10,0,0,10,6
2020-10-17,US,South Dakota,Codington,1218,10,0,44.97788119,-97.18827677,46029.0,4348.602234995894,0.8210180623973727,1208,1206,10,0,1196,1180,28015,12,0,0,12,26
2020-10-17,US,South Dakota,Corson,132,1,0,45.70889983,-101.1970473,46031.0,3230.543318649045,0.7575757575757576,131,128,1,0,127,125,4165,4,0,0,4,3
2020-10-17,US,South Dakota,Custer,258,3,0,43.67741105,-103.45345209999999,46033.0,2875.613018279091,1.162790697674419,255,252,3,0,249,242,8726,6,0,0,6,10
2020-10-17,US,South Dakota,Davison,689,4,0,43.67490933,-98.14458906,46035.0,3484.197218710493,0.5805515239477503,685,654,4,0,650,635,19790,35,0,0,35,19
2020-10-17,US,South Dakota,Day,124,1,0,45.367281,-97.60737498,46037.0,2286.1356932153394,0.8064516129032258,123,119,0,0,119,118,5505,5,1,0,4,1
2020-10-17,US,South Dakota,Deuel,144,0,0,44.75994309,-96.66943645,46039.0,3309.584003677316,0.0,144,142,0,0,142,137,4337,2,0,0,2,5
2020-10-17,US,South Dakota,Dewey,259,0,0,45.15639647,-100.8709139,46041.0,4395.790902919212,0.0,259,257,0,0,257,252,5904,2,0,0,2,5
2020-10-17,US,South Dakota,Douglas,146,4,0,43.38520741,-98.36978007,46043.0,4998.28825744608,2.7397260273972597,142,145,3,0,142,142,2935,1,1,0,0,3
2020-10-17,US,South Dakota,Edmunds,123,1,0,45.41846445,-99.21545423,46045.0,3212.3269783233227,0.8130081300813008,122,117,1,0,116,113,3875,6,0,0,6,4
2020-10-17,US,South Dakota,Fall River,158,6,0,43.23929297,-103.5275691,46047.0,2353.642186801728,3.79746835443038,152,153,6,0,147,149,6758,5,0,0,5,4
2020-10-17,US,South Dakota,Faulk,148,1,0,45.07082625,-99.14535601,46049.0,6437.5815571987805,0.6756756756756757,147,145,1,0,144,145,2330,3,0,0,3,0
2020-10-17,US,South Dakota,Grant,251,2,0,45.1723937,-96.77002276,46051.0,3559.2739648326715,0.796812749003984,249,244,2,0,242,237,7147,7,0,0,7,7
2020-10-17,US,South Dakota,Gregory,173,8,0,43.19419064,-99.18883902,46053.0,4133.811230585424,4.624277456647398,165,171,8,0,163,170,4212,2,0,0,2,1
2020-10-17,US,South Dakota,Haakon,62,1,0,44.29299053,-101.539099,46055.0,3264.876250658241,1.6129032258064515,61,59,1,0,58,57,1918,3,0,0,3,2
2020-10-17,US,South Dakota,Hamlin,153,0,0,44.67385954,-97.18829593,46057.0,2482.154445165477,0.0,153,147,0,0,147,144,6111,6,0,0,6,3
2020-10-17,US,South Dakota,Hand,87,1,0,44.54708407,-99.00386459,46059.0,2726.4180507677843,1.1494252873563218,86,84,1,0,83,81,3262,3,0,0,3,3
2020-10-17,US,South Dakota,Hanson,64,1,0,43.6746384,-97.78715148,46061.0,1853.460758760498,1.5625,63,63,1,0,62,61,3376,1,0,0,1,2
2020-10-17,US,South Dakota,Harding,19,0,0,45.58015551,-103.4958629,46063.0,1463.7904468412946,0.0,19,18,0,0,18,16,1249,1,0,0,1,2
2020-10-17,US,South Dakota,Hughes,712,5,0,44.39091534,-99.99661148,46065.0,4062.535661303207,0.702247191011236,707,702,5,0,697,684,17650,10,0,0,10,18
2020-10-17,US,South Dakota,Hutchinson,180,2,0,43.33449012,-97.75536441,46067.0,2468.797147167741,1.1111111111111112,178,176,2,0,174,174,7380,4,0,0,4,2
2020-10-17,US,South Dakota,Hyde,32,0,0,44.54747703,-99.48572582,46069.0,2459.646425826288,0.0,32,32,0,0,32,30,1282,0,0,0,0,2
2020-10-17,US,South Dakota,Jackson,72,1,0,43.69318385,-101.6255063,46071.0,2153.1100478468898,1.3888888888888888,71,72,1,0,71,69,3307,0,0,0,0,3
2020-10-17,US,South Dakota,Jerauld,153,6,0,44.06637798,-98.62965972,46073.0,7600.596125186289,3.92156862745098,147,153,6,0,147,153,2043,0,0,0,0,0
2020-10-17,US,South Dakota,Jones,26,0,0,43.96278565,-100.6940008,46075.0,2879.291251384275,0.0,26,24,0,0,24,24,928,2,0,0,2,0
2020-10-17,US,South Dakota,Kingsbury,132,1,0,44.36956169,-97.4913945,46077.0,2672.60579064588,0.7575757575757576,131,123,0,0,123,118,4919,9,1,0,8,5
2020-10-17,US,South Dakota,Lake,289,8,0,44.02193107,-97.12926365,46079.0,2258.341798859108,2.7681660899653977,281,284,8,0,276,279,13057,5,0,0,5,5
2020-10-17,US,South Dakota,Lawrence,641,5,0,44.35919441,-103.79294279999999,46081.0,2480.2662126605787,0.7800312012480499,636,630,5,0,625,611,25741,11,0,0,11,19
2020-10-17,US,South Dakota,Lincoln,2141,14,0,43.27841182,-96.72039050000001,46083.0,3502.4865855254548,0.6539000467071462,2127,2094,11,0,2083,2022,58807,47,3,0,44,72
2020-10-17,US,South Dakota,Lyman,208,4,0,43.89522709,-99.85201878,46085.0,5501.190161332981,1.9230769230769231,204,207,4,0,203,205,3821,1,0,0,1,2
2020-10-17,US,South Dakota,Marshall,55,0,0,45.75870838,-97.59855639,46091.0,1114.4883485309017,0.0,55,54,0,0,54,54,5112,1,0,0,1,0
2020-10-17,US,South Dakota,McCook,177,1,0,43.6742571,-97.36863144,46087.0,3168.635875402793,0.5649717514124294,176,171,1,0,170,164,5546,6,0,0,6,7
2020-10-17,US,South Dakota,McPherson,54,0,0,45.76626028,-99.22118798,46089.0,2269.861286254729,0.0,54,53,0,0,53,51,2407,1,0,0,1,2
2020-10-17,US,South Dakota,Meade,780,8,0,44.56676791,-102.71627409999999,46093.0,2753.0707327403643,1.0256410256410255,772,773,8,0,765,752,28294,7,0,0,7,21
2020-10-17,US,South Dakota,Mellette,48,0,0,43.58078848,-100.7563186,46095.0,2328.9665211062593,0.0,48,47,0,0,47,46,2042,1,0,0,1,1
2020-10-17,US,South Dakota,Miner,103,0,0,44.02197882,-97.60992207,46097.0,4648.014440433213,0.0,103,94,0,0,94,84,2213,9,0,0,9,10
2020-10-17,US,South Dakota,Minnehaha,8892,94,0,43.67441641,-96.7910885,46099.0,4604.057286650719,1.0571300044984255,8798,8712,92,0,8620,8531,192876,180,2,0,178,181
2020-10-17,US,South Dakota,Moody,165,1,0,44.02266214,-96.67081159,46101.0,2509.1240875912413,0.6060606060606061,164,159,1,0,158,156,6579,6,0,0,6,3
2020-10-17,US,South Dakota,Oglala Lakota,544,5,0,43.33749164,-102.55554980000001,46102.0,3837.2011003738453,0.9191176470588236,539,518,5,0,513,488,14309,26,0,0,26,30
2020-10-17,US,South Dakota,Pennington,3504,43,0,44.0025835,-102.8240777,46103.0,3079.7626895187873,1.2271689497716896,3461,3468,43,0,3425,3378,111729,36,0,0,36,90
2020-10-17,US,South Dakota,Perkins,60,0,0,45.49049506,-102.47555859999999,46105.0,2094.2408376963353,0.0,60,59,0,0,59,58,2922,1,0,0,1,1
2020-10-17,US,South Dakota,Potter,83,0,0,45.06583079,-99.95498503,46107.0,3855.085926614027,0.0,83,82,0,0,82,79,2207,1,0,0,1,3
2020-10-17,US,South Dakota,Roberts,270,2,0,45.62975048,-96.94672673,46109.0,2597.652491822205,0.7407407407407407,268,266,2,0,264,264,10447,4,0,0,4,2
2020-10-17,US,South Dakota,Sanborn,68,0,0,44.02351092,-98.09098159999999,46111.0,2901.023890784983,0.0,68,66,0,0,66,65,2429,2,0,0,2,1
2020-10-17,US,South Dakota,Spink,213,1,0,44.93837606,-98.34626602,46115.0,3340.6524466750316,0.4694835680751174,212,206,1,0,205,202,6495,7,0,0,7,4
2020-10-17,US,South Dakota,Stanley,68,0,0,44.41381872,-100.7349153,46117.0,2194.9644932214333,0.0,68,65,0,0,65,63,3022,3,0,0,3,2
2020-10-17,US,South Dakota,Sully,31,0,0,44.71571812,-100.1278092,46119.0,2228.612508986341,0.0,31,27,0,0,27,24,1392,4,0,0,4,3
2020-10-17,US,South Dakota,Todd,303,5,0,43.19338568,-100.71955030000001,46121.0,2977.301758868036,1.6501650165016502,298,292,5,0,287,287,10283,11,0,0,11,5
2020-10-17,US,South Dakota,Tripp,227,1,0,43.34459388,-99.8854891,46123.0,4172.027200882191,0.4405286343612335,226,223,1,0,222,221,5478,4,0,0,4,2
2020-10-17,US,South Dakota,Turner,361,8,0,43.3109081,-97.14865776,46125.0,4305.820610687023,2.21606648199446,353,341,8,0,333,335,8424,20,0,0,20,6
2020-10-17,US,South Dakota,Union,643,10,0,42.83112163,-96.6557828,46127.0,4035.90258599046,1.5552099533437014,633,630,10,0,620,620,15619,13,0,0,13,10
2020-10-17,US,South Dakota,Walworth,237,1,0,45.43019636,-100.03075140000001,46129.0,4360.625574977001,0.4219409282700422,236,234,1,0,233,213,5587,3,0,0,3,21
2020-10-17,US,South Dakota,Yankton,603,5,0,43.00924485,-97.39467635,46135.0,2643.113877443675,0.8291873963515755,598,590,5,0,585,578,22869,13,0,0,13,12
2020-10-17,US,South Dakota,Ziebach,78,1,0,44.97881876,-101.6654622,46137.0,2830.1886792452833,1.2820512820512822,77,78,1,0,77,76,2742,0,0,0,0,2
2020-10-17,US,Tennessee,Anderson,1526,13,0,36.12684348,-84.19965764,47001.0,1982.3845774117278,0.8519003931847968,1513,1498,13,0,1485,1486,76482,28,0,0,28,12
2020-10-17,US,Tennessee,Bedford,1562,20,0,35.51123746,-86.45549096,47003.0,3142.0352825216746,1.2804097311139564,1542,1551,20,0,1531,1548,49038,11,0,0,11,3
2020-10-17,US,Tennessee,Benton,379,9,0,36.07110411,-88.06849355,47005.0,2345.29702970297,2.3746701846965697,370,374,9,0,365,370,16184,5,0,0,5,4
2020-10-17,US,Tennessee,Bledsoe,913,4,0,35.59942968,-85.20611967,47007.0,6060.807222517261,0.4381161007667032,909,905,4,0,901,906,14755,8,0,0,8,-1
2020-10-17,US,Tennessee,Blount,3041,31,0,35.68938198,-83.92847788,47009.0,2284.954315941332,1.019401512660309,3010,3001,31,0,2970,2974,131349,40,0,0,40,27
2020-10-17,US,Tennessee,Bradley,3341,21,0,35.15739424,-84.857186,47011.0,3090.3709185089256,0.6285543250523795,3320,3312,21,0,3291,3306,106727,29,0,0,29,6
2020-10-17,US,Tennessee,Campbell,824,6,0,36.40355516,-84.15108559999999,47013.0,2068.1692686110136,0.7281553398058253,818,796,6,0,790,786,39583,28,0,0,28,10
2020-10-17,US,Tennessee,Cannon,375,2,0,35.80990797,-86.05738983,47015.0,2554.843984194032,0.5333333333333333,373,366,2,0,364,366,14462,9,0,0,9,0
2020-10-17,US,Tennessee,Carroll,1076,24,0,35.97366108,-88.45189331,47017.0,3875.103540173587,2.2304832713754648,1052,1071,24,0,1047,1072,28020,5,0,0,5,-1
2020-10-17,US,Tennessee,Carter,1388,32,0,36.28969086,-82.12588974,47019.0,2461.3856821123936,2.3054755043227666,1356,1366,32,0,1334,1359,56351,22,0,0,22,7
2020-10-17,US,Tennessee,Cheatham,942,11,0,36.26136216,-87.08903581,47021.0,2316.3744559470824,1.167728237791932,931,929,11,0,918,927,40439,13,0,0,13,2
2020-10-17,US,Tennessee,Chester,708,14,0,35.42527478,-88.6095842,47023.0,4093.195351795109,1.9774011299435028,694,703,13,0,690,703,17276,5,1,0,4,0
2020-10-17,US,Tennessee,Claiborne,489,6,0,36.48319149,-83.65947309,47025.0,1530.0854219468695,1.2269938650306749,483,488,6,0,482,487,31756,1,0,0,1,1
2020-10-17,US,Tennessee,Clay,355,9,0,36.55151008,-85.53930419,47027.0,4661.851608667104,2.5352112676056344,346,351,7,0,344,351,7717,4,2,0,2,0
2020-10-17,US,Tennessee,Cocke,895,12,0,35.9278914,-83.11828725,47029.0,2485.834907232529,1.340782122905028,883,884,12,0,872,878,35774,11,0,0,11,6
2020-10-17,US,Tennessee,Coffee,1696,20,0,35.49090731,-86.07311784,47031.0,3000.707714083511,1.179245283018868,1676,1669,19,0,1650,1668,55700,27,1,0,26,1
2020-10-17,US,Tennessee,Crockett,735,20,0,35.81830662,-89.14916269,47033.0,5165.144061841181,2.7210884353741496,715,716,19,0,697,715,14328,19,1,0,18,1
2020-10-17,US,Tennessee,Cumberland,1467,24,0,35.95271721,-84.99840585,47035.0,2423.9920687376075,1.6359918200408998,1443,1449,24,0,1425,1446,59673,18,0,0,18,3
2020-10-17,US,Tennessee,Davidson,29185,325,0,36.17007426,-86.78646056,47037.0,4204.459017149179,1.11358574610245,28860,28933,324,0,28609,28895,692587,252,1,0,251,38
2020-10-17,US,Tennessee,DeKalb,661,16,0,35.97616272,-85.83689361,47041.0,3225.963884821864,2.4205748865355523,645,654,16,0,638,653,20138,7,0,0,7,1
2020-10-17,US,Tennessee,Decatur,612,11,0,35.60048904,-88.11043779,47039.0,5247.363457086513,1.7973856209150327,601,607,11,0,596,607,11706,5,0,0,5,0
2020-10-17,US,Tennessee,Dickson,1519,18,0,36.14669837,-87.35891709,47043.0,2815.6743530807453,1.184990125082291,1501,1499,18,0,1481,1487,53446,20,0,0,20,12
2020-10-17,US,Tennessee,Dyer,1909,26,0,36.05931946,-89.41542855,47045.0,5137.38259910116,1.3619696176008382,1883,1881,24,0,1857,1874,37320,28,2,0,26,7
2020-10-17,US,Tennessee,Fayette,1479,21,0,35.19615831,-89.41399032,47047.0,3595.6531252279187,1.4198782961460443,1458,1456,21,0,1435,1453,40507,23,0,0,23,3
2020-10-17,US,Tennessee,Fentress,828,7,0,36.38128818,-84.92870012,47049.0,4470.1182313880045,0.8454106280193237,821,813,6,0,807,812,18217,15,1,0,14,1
2020-10-17,US,Tennessee,Franklin,1181,15,0,35.15634626,-86.09201039,47051.0,2798.0477634571644,1.2701100762066049,1166,1173,14,0,1159,1169,41890,8,1,0,7,4
2020-10-17,US,Tennessee,Gibson,2018,37,0,35.99438059,-88.93358327,47053.0,4107.219180591456,1.833498513379584,1981,2002,36,0,1966,1997,49045,16,1,0,15,5
2020-10-17,US,Tennessee,Giles,869,31,0,35.20222469,-87.03992678,47055.0,2949.3619332066246,3.567318757192175,838,855,31,0,824,850,29503,14,0,0,14,5
2020-10-17,US,Tennessee,Grainger,517,4,0,36.27469206,-83.51254721,47057.0,2216.981132075472,0.7736943907156673,513,509,4,0,505,497,23145,8,0,0,8,12
2020-10-17,US,Tennessee,Greene,1464,48,0,36.17470125,-82.84691273,47059.0,2119.619510923859,3.278688524590164,1416,1444,48,0,1396,1435,69087,20,0,0,20,9
2020-10-17,US,Tennessee,Grundy,498,8,0,35.38433717,-85.72142731,47061.0,3708.944663737245,1.606425702811245,490,488,8,0,480,483,13346,10,0,0,10,5
2020-10-17,US,Tennessee,Hamblen,2292,43,0,36.21990035,-83.26586179,47063.0,3529.7378877013584,1.8760907504363,2249,2281,43,0,2238,2271,64569,11,0,0,11,10
2020-10-17,US,Tennessee,Hamilton,10918,102,0,35.17670231,-85.16652245,47065.0,2968.42883709802,0.93423703975087,10816,10834,101,0,10733,10785,364286,84,1,0,83,49
2020-10-17,US,Tennessee,Hancock,113,3,0,36.52692871,-83.22375847,47067.0,1706.9486404833838,2.6548672566371683,110,112,3,0,109,112,6549,1,0,0,1,0
2020-10-17,US,Tennessee,Hardeman,1753,32,0,35.20772017,-88.99161161,47069.0,6998.003992015968,1.8254420992584144,1721,1739,32,0,1707,1733,25220,14,0,0,14,6
2020-10-17,US,Tennessee,Hardin,1278,19,0,35.19732531,-88.18593755,47071.0,4982.067675035085,1.486697965571205,1259,1247,19,0,1228,1245,25776,31,0,0,31,2
2020-10-17,US,Tennessee,Hawkins,1057,23,0,36.44355426,-82.94885298,47073.0,1861.374282393548,2.1759697256386,1034,1043,23,0,1020,1039,56530,14,0,0,14,4
2020-10-17,US,Tennessee,Haywood,1179,25,0,35.58332824,-89.28536625,47075.0,6813.453536754508,2.1204410517387617,1154,1173,25,0,1148,1169,17335,6,0,0,6,4
2020-10-17,US,Tennessee,Henderson,1341,25,0,35.65581134,-88.38600175,47077.0,4769.356616993278,1.864280387770321,1316,1338,24,0,1314,1335,27847,3,1,0,2,3
2020-10-17,US,Tennessee,Henry,723,10,0,36.33160906,-88.30121797,47079.0,2235.2759313649717,1.3831258644536653,713,707,10,0,697,708,32358,16,0,0,16,-1
2020-10-17,US,Tennessee,Hickman,720,13,0,35.80609681,-87.47643507,47081.0,2859.6393677019623,1.805555555555556,707,714,13,0,701,711,25063,6,0,0,6,3
2020-10-17,US,Tennessee,Houston,375,14,0,36.28872054,-87.71878828,47083.0,4572.613095963907,3.733333333333333,361,375,14,0,361,373,8263,0,0,0,0,2
2020-10-17,US,Tennessee,Humphreys,388,4,0,36.03958805,-87.77992872,47085.0,2088.0421913679907,1.0309278350515465,384,385,4,0,381,377,18486,3,0,0,3,8
2020-10-17,US,Tennessee,Jackson,413,5,0,36.36380466,-85.67239905,47087.0,3504.157474970304,1.2106537530266344,408,406,5,0,401,403,11758,7,0,0,7,3
2020-10-17,US,Tennessee,Jefferson,1425,18,0,36.04818632,-83.45148924,47089.0,2614.9187998898983,1.263157894736842,1407,1407,18,0,1389,1393,54012,18,0,0,18,14
2020-10-17,US,Tennessee,Johnson,1066,6,0,36.45523950000001,-81.84886538,47091.0,5992.804137620868,0.5628517823639775,1060,1060,6,0,1054,1060,17778,6,0,0,6,0
2020-10-17,US,Tennessee,Knox,11559,86,0,35.99508821,-83.94635435,47093.0,2457.724961887084,0.7440089973181071,11473,11441,85,0,11356,11389,465289,118,1,0,117,52
2020-10-17,US,Tennessee,Lake,957,3,0,36.34180170000001,-89.48921915,47095.0,13640.250855188142,0.31347962382445144,954,955,3,0,952,954,7411,2,0,0,2,1
2020-10-17,US,Tennessee,Lauderdale,1254,18,0,35.75893438,-89.63015909999999,47097.0,4892.131237077205,1.4354066985645932,1236,1240,18,0,1222,1232,25825,14,0,0,14,8
2020-10-17,US,Tennessee,Lawrence,1405,17,0,35.21675201,-87.39787695,47099.0,3182.9097005119843,1.209964412811388,1388,1376,17,0,1359,1368,43734,29,0,0,29,8
2020-10-17,US,Tennessee,Lewis,323,2,0,35.52853208,-87.49022694,47101.0,2632.865992826867,0.6191950464396285,321,304,2,0,302,300,12086,19,0,0,19,4
2020-10-17,US,Tennessee,Lincoln,781,2,0,35.13738622,-86.58910106,47103.0,2272.595006692661,0.2560819462227913,779,770,2,0,768,763,34117,11,0,0,11,7
2020-10-17,US,Tennessee,Loudon,1513,10,0,35.73939663,-84.31145275,47105.0,2798.328031367907,0.6609385327164574,1503,1507,10,0,1497,1498,53054,6,0,0,6,9
2020-10-17,US,Tennessee,Macon,1252,24,0,36.53157855,-86.00778595,47111.0,5089.017153076986,1.9169329073482428,1228,1234,22,0,1212,1231,24265,18,2,0,16,3
2020-10-17,US,Tennessee,Madison,3571,78,0,35.61181957,-88.84076036,47113.0,3644.472566949705,2.1842621114533745,3493,3495,78,0,3417,3468,97605,76,0,0,76,27
2020-10-17,US,Tennessee,Marion,670,9,0,35.12997174,-85.62265895,47115.0,2317.7777009028955,1.3432835820895523,661,654,9,0,645,652,28575,16,0,0,16,2
2020-10-17,US,Tennessee,Marshall,1012,8,0,35.45798777,-86.76420988,47117.0,2944.0,0.7905138339920948,1004,992,8,0,984,987,33683,20,0,0,20,5
2020-10-17,US,Tennessee,Maury,2910,35,0,35.618741299999996,-87.07462444,47119.0,3019.079336425037,1.2027491408934707,2875,2885,35,0,2850,2874,94340,25,0,0,25,11
2020-10-17,US,Tennessee,McMinn,1448,32,0,35.42812616,-84.61520715,47107.0,2691.750009294717,2.209944751381216,1416,1413,32,0,1381,1406,53285,35,0,0,35,7
2020-10-17,US,Tennessee,McNairy,1067,25,0,35.17468549,-88.5647812,47109.0,4152.720479489375,2.343017806935333,1042,1059,24,0,1035,1058,25832,8,1,0,7,1
2020-10-17,US,Tennessee,Meigs,276,4,0,35.51558739,-84.81482914,47121.0,2221.864434068588,1.4492753623188406,272,277,4,0,273,269,12306,-1,0,0,-1,8
2020-10-17,US,Tennessee,Monroe,1283,23,0,35.44550387,-84.24902965,47123.0,2756.4722311741325,1.7926734216679656,1260,1274,22,0,1252,1263,46357,9,1,0,8,11
2020-10-17,US,Tennessee,Montgomery,3740,51,0,36.49609412,-87.38550661,47125.0,1789.5336207432786,1.3636363636363635,3689,3691,51,0,3640,3678,205950,49,0,0,49,13
2020-10-17,US,Tennessee,Moore,239,2,0,35.27724699,-86.36230578,47127.0,3683.723797780518,0.8368200836820083,237,230,2,0,228,228,6411,9,0,0,9,2
2020-10-17,US,Tennessee,Morgan,399,6,0,36.13248031,-84.64880098,47129.0,1864.2246414054105,1.5037593984962403,393,393,6,0,387,391,21579,6,0,0,6,2
2020-10-17,US,Tennessee,Obion,1611,17,0,36.35732446,-89.14921589,47131.0,5357.677342113139,1.0552451893234016,1594,1583,17,0,1566,1580,30267,28,0,0,28,3
2020-10-17,US,Tennessee,Out of TN,3531,34,0,0.0,0.0,80047.0,0.0,0.9629000283205892,3497,3440,31,0,3409,3472,,91,3,0,88,-32
2020-10-17,US,Tennessee,Overton,1094,11,0,36.34117832,-85.28989535,47133.0,4918.843577177286,1.0054844606946984,1083,1058,11,0,1047,1055,22068,36,0,0,36,3
2020-10-17,US,Tennessee,Perry,190,1,0,35.63708728,-87.86139634,47135.0,2352.6498266468548,0.5263157894736842,189,176,1,0,175,176,8064,14,0,0,14,0
2020-10-17,US,Tennessee,Pickett,229,5,0,36.55606529,-85.07763299999998,47137.0,4536.450079239303,2.183406113537118,224,221,4,0,217,220,5082,8,1,0,7,1
2020-10-17,US,Tennessee,Polk,458,13,0,35.12245443,-84.52075859,47139.0,2721.007604562737,2.838427947598253,445,451,13,0,438,451,16898,7,0,0,7,0
2020-10-17,US,Tennessee,Putnam,4009,52,0,36.14005459,-85.50646123,47141.0,4995.949903420774,1.2970815664754305,3957,3948,51,0,3897,3948,78843,61,1,0,60,0
2020-10-17,US,Tennessee,Rhea,1014,16,0,35.60536161,-84.93076643,47143.0,3057.2557059728038,1.5779092702169626,998,1003,16,0,987,998,33044,11,0,0,11,5
2020-10-17,US,Tennessee,Roane,1146,6,0,35.84923189,-84.52458689,47145.0,2146.791053163988,0.5235602094240838,1140,1130,6,0,1124,1123,53140,16,0,0,16,7
2020-10-17,US,Tennessee,Robertson,2450,39,0,36.52454807,-86.87346725,47147.0,3411.638561263281,1.5918367346938775,2411,2426,40,0,2386,2419,71012,24,-1,0,25,7
2020-10-17,US,Tennessee,Rutherford,10770,106,0,35.84591405,-86.4107263,47149.0,3241.19355372647,0.9842154131847726,10664,10654,105,0,10549,10637,324890,116,1,0,115,17
2020-10-17,US,Tennessee,Scott,311,4,0,36.42325673,-84.50360494,47151.0,1409.2804060177634,1.2861736334405145,307,300,3,0,297,299,22039,11,1,0,10,1
2020-10-17,US,Tennessee,Sequatchie,314,4,0,35.36979721,-85.41022136,47153.0,2089.711167309996,1.2738853503184713,310,306,4,0,302,301,14876,8,0,0,8,5
2020-10-17,US,Tennessee,Sevier,3109,20,0,35.78077323,-83.52244332,47155.0,3164.376590330789,0.6432936635574139,3089,3054,20,0,3034,3044,97892,55,0,0,55,10
2020-10-17,US,Tennessee,Shelby,33754,549,0,35.1864775,-89.89692423,47157.0,3601.7098358241765,1.626473899389702,33205,33507,548,0,32959,33443,935764,247,1,0,246,64
2020-10-17,US,Tennessee,Smith,920,13,0,36.25359775,-85.95411046,47159.0,4564.171255643201,1.4130434782608696,907,908,12,0,896,907,19942,12,1,0,11,1
2020-10-17,US,Tennessee,Stewart,301,7,0,36.50235092,-87.83920548,47161.0,2194.677360554138,2.3255813953488373,294,299,7,0,292,297,13561,2,0,0,2,2
2020-10-17,US,Tennessee,Sullivan,3072,44,0,36.51240691,-82.30412917,47163.0,1940.0308181978933,1.4322916666666667,3028,2943,42,0,2901,2914,157668,129,2,0,127,29
2020-10-17,US,Tennessee,Sumner,5486,106,0,36.46824103,-86.45917204,47165.0,2868.0018611167748,1.932191031717098,5380,5442,106,0,5336,5428,187149,44,0,0,44,14
2020-10-17,US,Tennessee,Tipton,2151,22,0,35.501942,-89.73694895,47167.0,3491.939804217601,1.0227801022780103,2129,2128,22,0,2106,2123,61581,23,0,0,23,5
2020-10-17,US,Tennessee,Trousdale,1720,7,0,36.39026213,-86.16087954,47169.0,15242.821694434597,0.4069767441860465,1713,1717,7,0,1710,1717,11012,3,0,0,3,0
2020-10-17,US,Tennessee,Unassigned,3461,3,0,0.0,0.0,90047.0,0.0,0.08668015024559378,3458,3434,3,0,3431,3437,,27,0,0,27,-3
2020-10-17,US,Tennessee,Unicoi,340,1,0,36.10890856,-82.43709629,47171.0,1901.246994352178,0.29411764705882354,339,330,1,0,329,330,17761,10,0,0,10,0
2020-10-17,US,Tennessee,Union,487,2,0,36.28590426,-83.83651902,47173.0,2438.4137792910074,0.4106776180698152,485,476,2,0,474,474,19688,11,0,0,11,2
2020-10-17,US,Tennessee,Van Buren,190,1,0,35.69864497,-85.45221699,47175.0,3235.6948228882843,0.5263157894736842,189,186,1,0,185,186,5765,4,0,0,4,0
2020-10-17,US,Tennessee,Warren,1293,9,0,35.672829899999996,-85.77969117,47177.0,3132.4950941202123,0.6960556844547564,1284,1283,9,0,1274,1282,40878,10,0,0,10,1
2020-10-17,US,Tennessee,Washington,2933,42,0,36.29472368,-82.49454720000001,47179.0,2267.053140096619,1.431980906921241,2891,2874,42,0,2832,2855,128607,59,0,0,59,19
2020-10-17,US,Tennessee,Wayne,1552,7,0,35.23868267,-87.78644456,47181.0,9308.462784142026,0.4510309278350516,1545,1548,7,0,1541,1546,16558,4,0,0,4,2
2020-10-17,US,Tennessee,Weakley,1416,25,0,36.29896232,-88.71990865,47183.0,4248.679788766201,1.7655367231638417,1391,1404,23,0,1381,1400,33415,12,2,0,10,4
2020-10-17,US,Tennessee,White,1047,14,0,35.92929884,-85.45591799,47185.0,3828.853538123972,1.3371537726838587,1033,1032,14,0,1018,1032,27107,15,0,0,15,0
2020-10-17,US,Tennessee,Williamson,6374,48,0,35.89099229,-86.89281867,47187.0,2673.5231448081468,0.7530593034201444,6326,6294,47,0,6247,6274,231729,80,1,0,79,20
2020-10-17,US,Tennessee,Wilson,4254,53,0,36.15496772,-86.29775884,47189.0,2940.749497086211,1.2458862247296665,4201,4184,52,0,4132,4176,140625,70,1,0,69,8
2020-10-17,US,Texas,Anderson,2909,38,0,31.81534745,-95.65354823,48001.0,5038.538148436824,1.3062908215881746,2871,2906,38,0,2868,2903,58057,3,0,0,3,3
2020-10-17,US,Texas,Andrews,547,10,0,32.30468633,-102.63765479999999,48003.0,2924.351777599573,1.828153564899452,537,547,10,0,537,518,18128,0,0,0,0,29
2020-10-17,US,Texas,Angelina,2251,87,0,31.25457347,-94.60901487,48005.0,2595.860001153203,3.864948911594847,2164,2251,87,0,2164,2221,87092,0,0,0,0,30
2020-10-17,US,Texas,Aransas,341,18,0,28.10556197,-96.9995047,48007.0,1450.4466184602295,5.278592375366569,323,340,18,0,322,340,23792,1,0,0,1,0
2020-10-17,US,Texas,Archer,114,1,0,33.61569967,-98.68754589,48009.0,1332.8656611715187,0.8771929824561403,113,106,1,0,105,105,8786,8,0,0,8,1
2020-10-17,US,Texas,Armstrong,18,1,0,34.96507426,-101.35748740000001,48011.0,953.8950715421304,5.5555555555555545,17,18,1,0,17,18,1892,0,0,0,0,0
2020-10-17,US,Texas,Atascosa,1254,35,0,28.89333001,-98.52730485,48013.0,2451.469122045628,2.7910685805422646,1219,1252,34,0,1218,1254,50310,2,1,0,1,-2
2020-10-17,US,Texas,Austin,507,9,0,29.88548725,-96.27736949,48015.0,1688.1992541289292,1.7751479289940828,498,507,9,0,498,506,29989,0,0,0,0,1
2020-10-17,US,Texas,Bailey,260,5,0,34.06854817,-102.8299707,48017.0,3714.285714285714,1.9230769230769231,255,256,5,0,251,251,7027,4,0,0,4,5
2020-10-17,US,Texas,Bandera,178,8,0,29.74619598,-99.24598147,48019.0,770.1626860505365,4.49438202247191,170,178,8,0,170,178,22824,0,0,0,0,0
2020-10-17,US,Texas,Bastrop,1945,31,0,30.10370699,-97.31206354,48021.0,2192.2162235271576,1.5938303341902311,1914,1939,31,0,1908,1930,86976,6,0,0,6,9
2020-10-17,US,Texas,Baylor,42,2,0,33.61640794,-99.21352901,48023.0,1196.9222000569964,4.761904761904762,40,40,2,0,38,39,3582,2,0,0,2,1
2020-10-17,US,Texas,Bee,1832,37,0,28.41761668,-97.74215593,48025.0,5625.6717334561645,2.019650655021834,1795,1831,37,0,1794,1831,32587,1,0,0,1,0
2020-10-17,US,Texas,Bell,6064,96,0,31.03736027,-97.4785025,48027.0,1670.873240678489,1.5831134564643798,5968,6015,95,0,5920,5959,355642,49,1,0,48,56
2020-10-17,US,Texas,Bexar,60629,1379,0,29.44928723,-98.52019748,48029.0,3026.0726688674226,2.274489105873427,59250,60442,1376,0,59066,60258,1986049,187,3,0,184,184
2020-10-17,US,Texas,Blanco,153,6,0,30.26640707,-98.3999852,48031.0,1282.3736484787528,3.92156862745098,147,153,6,0,147,153,11702,0,0,0,0,0
2020-10-17,US,Texas,Borden,1,0,0,32.74363984,-101.43165090000001,48033.0,152.9051987767584,0.0,1,1,0,0,1,1,648,0,0,0,0,0
2020-10-17,US,Texas,Bosque,385,10,0,31.89978581,-97.63613524,48035.0,2060.476317902061,2.5974025974025974,375,381,9,0,372,380,18691,4,1,0,3,1
2020-10-17,US,Texas,Bowie,1668,69,0,33.44626922,-94.41834132,48037.0,1788.8358625127353,4.1366906474820135,1599,1654,67,0,1587,1625,94324,14,2,0,12,29
2020-10-17,US,Texas,Brazoria,11954,179,0,29.18757369,-95.44563172,48039.0,3194.0020947780176,1.4974067257821648,11775,11917,179,0,11738,11895,370200,37,0,0,37,22
2020-10-17,US,Texas,Brazos,7262,65,0,30.663644800000004,-96.30205577,48041.0,3168.2598130107194,0.8950702285871661,7197,7213,65,0,7148,7138,226758,49,0,0,49,75
2020-10-17,US,Texas,Brewster,246,5,0,29.81008251,-103.25203259999999,48043.0,2673.041399543627,2.0325203252032518,241,245,5,0,240,245,9267,1,0,0,1,0
2020-10-17,US,Texas,Briscoe,18,1,0,34.53026962,-101.2084947,48045.0,1164.294954721863,5.5555555555555545,17,17,1,0,16,16,1516,1,0,0,1,1
2020-10-17,US,Texas,Brooks,350,23,0,27.03103197,-98.21808402,48047.0,4934.442408007895,6.571428571428571,327,345,23,0,322,345,7114,5,0,0,5,0
2020-10-17,US,Texas,Brown,632,26,0,31.77430356,-98.99907113,48049.0,1669.131628987957,4.113924050632911,606,629,26,0,603,625,37924,3,0,0,3,4
2020-10-17,US,Texas,Burleson,420,6,0,30.49273808,-96.62158484,48051.0,2277.286775470368,1.4285714285714286,414,410,6,0,404,403,18389,10,0,0,10,7
2020-10-17,US,Texas,Burnet,854,12,0,30.78801353,-98.181887,48053.0,1773.4399335479181,1.4051522248243558,842,852,12,0,840,846,47542,2,0,0,2,6
2020-10-17,US,Texas,Caldwell,1675,37,0,29.83668859,-97.61814775,48055.0,3836.112128984976,2.2089552238805967,1638,1681,37,0,1644,1674,43247,-6,0,0,-6,7
2020-10-17,US,Texas,Calhoun,879,9,0,28.47048236,-96.61633945,48057.0,4128.698919680602,1.023890784982935,870,877,9,0,868,875,21561,2,0,0,2,2
2020-10-17,US,Texas,Callahan,110,4,0,32.29760619,-99.37326312,48059.0,788.9263429677975,3.636363636363636,106,107,4,0,103,106,13994,3,0,0,3,1
2020-10-17,US,Texas,Cameron,23662,1063,0,26.14524221,-97.48140372,48061.0,5591.698707117588,4.492435128053419,22599,23662,1063,0,22599,23612,423908,0,0,0,0,50
2020-10-17,US,Texas,Camp,383,13,0,32.97195142,-94.97790104,48063.0,2925.0038185428443,3.3942558746736293,370,381,13,0,368,379,13033,2,0,0,2,2
2020-10-17,US,Texas,Carson,49,0,0,35.40365929,-101.35426690000001,48065.0,826.8646641916977,0.0,49,47,0,0,47,47,6005,2,0,0,2,0
2020-10-17,US,Texas,Cass,461,21,0,33.07499881,-94.34646905,48067.0,1535.3360420968493,4.55531453362256,440,454,20,0,434,445,30119,7,1,0,6,9
2020-10-17,US,Texas,Castro,285,6,0,34.53016752,-102.2617243,48069.0,3784.860557768924,2.1052631578947367,279,278,6,0,272,277,7665,7,0,0,7,1
2020-10-17,US,Texas,Chambers,1497,8,0,29.70972016,-94.67154501,48071.0,3414.923466478089,0.5344021376085505,1489,1497,8,0,1489,1481,42454,0,0,0,0,16
2020-10-17,US,Texas,Cherokee,1611,31,0,31.837258000000002,-95.16559897,48073.0,3060.0615431371807,1.9242706393544384,1580,1606,31,0,1575,1601,52592,5,0,0,5,5
2020-10-17,US,Texas,Childress,91,0,0,34.529304100000004,-100.2077916,48075.0,1245.5516014234875,0.0,91,90,0,0,90,89,7291,1,0,0,1,1
2020-10-17,US,Texas,Clay,97,2,0,33.78686685,-98.20771198,48077.0,926.3680641772514,2.061855670103093,95,91,2,0,89,90,10456,6,0,0,6,1
2020-10-17,US,Texas,Cochran,81,1,0,33.60425307,-102.82844990000001,48079.0,2839.116719242902,1.2345679012345678,80,79,1,0,78,78,2836,2,0,0,2,1
2020-10-17,US,Texas,Coke,84,4,0,31.88911733,-100.5297533,48081.0,2480.070859167405,4.761904761904762,80,80,4,0,76,79,3370,4,0,0,4,1
2020-10-17,US,Texas,Coleman,84,4,0,31.76736834,-99.45240766,48083.0,1027.5229357798164,4.761904761904762,80,82,4,0,78,82,8397,2,0,0,2,0
2020-10-17,US,Texas,Collin,16862,170,0,33.18820114,-96.57264368,48085.0,1629.6038580112686,1.0081840825524848,16692,16751,169,0,16582,16588,1005146,111,1,0,110,163
2020-10-17,US,Texas,Collingsworth,19,0,0,34.96489496,-100.27001109999999,48087.0,650.6849315068494,0.0,19,19,0,0,19,19,2962,0,0,0,0,0
2020-10-17,US,Texas,Colorado,496,4,0,29.622097999999998,-96.5273805,48089.0,2307.728097520123,0.8064516129032258,492,494,4,0,490,494,21217,2,0,0,2,0
2020-10-17,US,Texas,Comal,2822,105,0,29.80811278,-98.27647225,48091.0,1806.5540397800385,3.720765414599575,2717,2817,105,0,2712,2801,148373,5,0,0,5,16
2020-10-17,US,Texas,Comanche,343,5,0,31.94854689,-98.55876441,48093.0,2515.584891822516,1.4577259475218658,338,336,5,0,331,336,13534,7,0,0,7,0
2020-10-17,US,Texas,Concho,140,2,0,31.32635934,-99.86473038,48095.0,5135.730007336757,1.4285714285714286,138,139,2,0,137,139,4276,1,0,0,1,0
2020-10-17,US,Texas,Cooke,505,7,0,33.63979567,-97.21240912,48097.0,1224.0347092614584,1.3861386138613858,498,504,7,0,497,501,40574,1,0,0,1,3
2020-10-17,US,Texas,Coryell,1941,13,0,31.39078397,-97.79936155,48099.0,2555.595054706324,0.6697578567748583,1928,1928,13,0,1915,1925,74808,13,0,0,13,3
2020-10-17,US,Texas,Cottle,33,3,0,34.07783319,-100.27850620000001,48101.0,2360.5150214592277,9.090909090909092,30,33,3,0,30,33,1389,0,0,0,0,0
2020-10-17,US,Texas,Crane,73,2,0,31.43052248,-102.5143314,48103.0,1521.7844486137174,2.7397260273972597,71,73,2,0,71,73,4794,0,0,0,0,0
2020-10-17,US,Texas,Crockett,166,7,0,30.72367027,-101.4134238,48105.0,4792.147806004619,4.216867469879518,159,166,7,0,159,166,3499,0,0,0,0,0
2020-10-17,US,Texas,Crosby,105,6,0,33.61431553,-101.30003640000001,48107.0,1830.2248561966187,5.7142857142857135,99,103,5,0,98,102,5779,2,1,0,1,1
2020-10-17,US,Texas,Culberson,84,2,0,31.44506775,-104.5185739,48109.0,3869.184707508061,2.380952380952381,82,81,2,0,79,77,2204,3,0,0,3,4
2020-10-17,US,Texas,Dallam,331,10,0,36.27787176,-102.60207249999999,48111.0,4542.335666254975,3.0211480362537766,321,327,10,0,317,317,7200,4,0,0,4,10
2020-10-17,US,Texas,Dallas,89433,1190,0,32.76670599,-96.77796049999999,48113.0,3393.377236184489,1.3306050339360191,88243,88372,1187,0,87185,88372,2637772,1061,3,0,1058,0
2020-10-17,US,Texas,Dawson,697,15,0,32.74255572,-101.94772420000001,48115.0,5476.115650534255,2.152080344332855,682,697,15,0,682,672,12619,0,0,0,0,25
2020-10-17,US,Texas,DeWitt,1058,42,0,29.08101855,-97.35681170000001,48123.0,5248.015873015873,3.9697542533081287,1016,1060,42,0,1018,1057,20187,-2,0,0,-2,3
2020-10-17,US,Texas,Deaf Smith,965,25,0,34.96522957,-102.6054267,48117.0,5203.278334950934,2.5906735751295336,940,965,25,0,940,964,18760,0,0,0,0,1
2020-10-17,US,Texas,Delta,32,0,0,33.38570922,-95.66921122,48119.0,600.2626148940161,0.0,32,32,0,0,32,32,5349,0,0,0,0,0
2020-10-17,US,Texas,Denton,13547,163,0,33.20521901,-97.11691153,48121.0,1526.9266360612573,1.2032184247434856,13384,13463,162,0,13301,13306,859064,84,1,0,83,157
2020-10-17,US,Texas,Dickens,51,2,0,33.61616822,-100.7788855,48125.0,2306.648575305292,3.92156862745098,49,51,2,0,49,51,2249,0,0,0,0,0
2020-10-17,US,Texas,Dimmit,275,7,0,28.42270064,-99.75645095,48127.0,2716.3176610035557,2.5454545454545454,268,272,7,0,265,278,10308,3,0,0,3,-6
2020-10-17,US,Texas,Donley,82,1,0,34.96517499,-100.8140093,48129.0,2501.5253203172665,1.2195121951219512,81,81,1,0,80,81,3319,1,0,0,1,0
2020-10-17,US,Texas,Duval,468,20,0,27.68184592,-98.50864568,48131.0,4194.675988168862,4.2735042735042725,448,469,20,0,449,469,11212,-1,0,0,-1,0
2020-10-17,US,Texas,Eastland,226,6,0,32.32743996,-98.83243566,48133.0,1230.9368191721132,2.6548672566371683,220,218,6,0,212,217,18322,8,0,0,8,1
2020-10-17,US,Texas,Ector,5613,108,0,31.86898877,-102.54294279999999,48135.0,3376.7890123508782,1.9241047568145375,5505,5613,108,0,5505,5556,162124,0,0,0,0,57
2020-10-17,US,Texas,Edwards,66,2,0,29.98202582,-100.304252,48137.0,3416.149068322981,3.0303030303030303,64,66,2,0,64,68,1928,0,0,0,0,-2
2020-10-17,US,Texas,El Paso,32060,575,0,31.76980765,-106.23632749999999,48141.0,3820.132072189296,1.7935121646912042,31485,31478,571,0,30907,29887,840758,582,4,0,578,1591
2020-10-17,US,Texas,Ellis,4729,74,0,32.34894117,-96.79371841,48139.0,2558.622704597838,1.5648128568407698,4655,4700,74,0,4626,4684,179436,29,0,0,29,16
2020-10-17,US,Texas,Erath,974,13,0,32.23602653,-98.21773417,48143.0,2281.1372898028008,1.3347022587268993,961,956,13,0,943,948,42446,18,0,0,18,8
2020-10-17,US,Texas,Falls,635,5,0,31.25350609,-96.93630086,48145.0,3671.156848008325,0.7874015748031497,630,633,5,0,628,623,17335,2,0,0,2,10
2020-10-17,US,Texas,Fannin,746,16,0,33.59564294,-96.10751083,48147.0,2100.58005293687,2.1447721179624666,730,733,16,0,717,728,35286,13,0,0,13,5
2020-10-17,US,Texas,Fayette,653,22,0,29.87788372,-96.92076062,48149.0,2576.343407243747,3.3690658499234303,631,653,22,0,631,649,25349,0,0,0,0,4
2020-10-17,US,Texas,Fisher,83,3,0,32.74281316,-100.40193020000001,48151.0,2167.1018276762397,3.614457831325301,80,85,3,0,82,85,3839,-2,0,0,-2,0
2020-10-17,US,Texas,Floyd,120,9,0,34.07227468,-101.3031546,48153.0,2100.840336134454,7.5,111,119,9,0,110,119,5837,1,0,0,1,0
2020-10-17,US,Texas,Foard,20,0,0,33.97308618,-99.7767797,48155.0,1731.6017316017317,0.0,20,20,0,0,20,19,1200,0,0,0,0,1
2020-10-17,US,Texas,Fort Bend,17126,303,0,29.52704478,-95.77219463,48157.0,2109.92401021082,1.7692397524232162,16823,17062,303,0,16759,17038,787858,64,0,0,64,24
2020-10-17,US,Texas,Franklin,170,6,0,33.17653242,-95.21917243,48159.0,1585.081585081585,3.5294117647058822,164,170,6,0,164,168,10766,0,0,0,0,2
2020-10-17,US,Texas,Freestone,438,4,0,31.70422788,-96.15072516,48161.0,2221.433280925089,0.9132420091324199,434,437,4,0,433,434,19808,1,0,0,1,3
2020-10-17,US,Texas,Frio,1012,9,0,28.86751206,-99.10804207,48163.0,4983.748645720478,0.8893280632411067,1003,1011,9,0,1002,1002,19816,1,0,0,1,9
2020-10-17,US,Texas,Gaines,454,10,0,32.74055318,-102.6353295,48165.0,2112.413921459148,2.202643171806167,444,454,10,0,444,447,20901,0,0,0,0,7
2020-10-17,US,Texas,Galveston,12046,166,0,29.40167322,-94.90469073,48167.0,3520.7912573544672,1.3780508052465548,11880,12015,166,0,11849,12005,337890,31,0,0,31,10
2020-10-17,US,Texas,Garza,118,4,0,33.17969345,-101.2984114,48169.0,1894.365066623856,3.3898305084745757,114,115,4,0,111,114,6578,3,0,0,3,1
2020-10-17,US,Texas,Gillespie,346,10,0,30.31824095,-98.94676915,48171.0,1282.051282051282,2.8901734104046244,336,344,10,0,334,342,26804,2,0,0,2,2
2020-10-17,US,Texas,Glasscock,11,0,0,31.86942909,-101.5207776,48173.0,780.69552874379,0.0,11,11,0,0,11,11,1388,0,0,0,0,0
2020-10-17,US,Texas,Goliad,157,6,0,28.65696592,-97.42760647,48175.0,2050.1436406372422,3.8216560509554136,151,157,6,0,151,157,7584,0,0,0,0,0
2020-10-17,US,Texas,Gonzales,1092,19,0,29.45634206,-97.49424032,48177.0,5240.677640735231,1.73992673992674,1073,1089,18,0,1071,1091,20826,3,1,0,2,-2
2020-10-17,US,Texas,Gray,386,9,0,35.40081878,-100.8129222,48179.0,1763.6845471991226,2.33160621761658,377,385,9,0,376,383,21895,1,0,0,1,2
2020-10-17,US,Texas,Grayson,2280,60,0,33.62744998,-96.67753461,48181.0,1673.8613338031894,2.631578947368421,2220,2263,60,0,2203,2234,133991,17,0,0,17,29
2020-10-17,US,Texas,Gregg,2431,82,0,32.47940482,-94.81591935,48183.0,1961.353826293921,3.373097490744549,2349,2421,81,0,2340,2405,123707,10,1,0,9,16
2020-10-17,US,Texas,Grimes,1152,35,0,30.54579585,-95.98902499,48185.0,3988.919667590028,3.0381944444444446,1117,1143,34,0,1109,1140,28360,9,1,0,8,3
2020-10-17,US,Texas,Guadalupe,3784,79,0,29.58165339,-97.94786822,48187.0,2267.946082338909,2.087737843551797,3705,3782,79,0,3703,3775,163694,2,0,0,2,7
2020-10-17,US,Texas,Hale,2259,59,0,34.07044901,-101.82681140000001,48189.0,6762.258276956235,2.6117751217352807,2200,2259,59,0,2200,2188,33830,0,0,0,0,71
2020-10-17,US,Texas,Hall,36,1,0,34.5307555,-100.68138520000001,48191.0,1214.5748987854256,2.7777777777777777,35,36,1,0,35,36,3028,0,0,0,0,0
2020-10-17,US,Texas,Hamilton,182,4,0,31.70470573,-98.11083887,48193.0,2151.0459756529967,2.1978021978021984,178,179,4,0,175,176,8484,3,0,0,3,3
2020-10-17,US,Texas,Hansford,187,6,0,36.27743284,-101.3545796,48195.0,3463.604371179848,3.2085561497326203,181,186,6,0,180,184,5463,1,0,0,1,2
2020-10-17,US,Texas,Hardeman,59,1,0,34.28944521,-99.74632408,48197.0,1500.1271294177473,1.6949152542372878,58,59,1,0,58,54,3922,0,0,0,0,5
2020-10-17,US,Texas,Hardin,1405,33,0,30.33364686,-94.38931817,48199.0,2439.151418353529,2.3487544483985765,1372,1388,33,0,1355,1388,57207,17,0,0,17,0
2020-10-17,US,Texas,Harris,153955,2726,0,29.85864939,-95.39339521,48201.0,3266.377769409069,1.7706472670585558,151229,153571,2718,0,150853,152977,4698619,384,8,0,376,594
2020-10-17,US,Texas,Harrison,1012,37,0,32.54935988,-94.36934071,48203.0,1520.5926104007333,3.656126482213439,975,997,37,0,960,982,66726,15,0,0,15,15
2020-10-17,US,Texas,Hartley,163,0,0,35.84008013,-102.6029022,48205.0,2923.2424677187946,0.0,163,162,0,0,162,160,5619,1,0,0,1,2
2020-10-17,US,Texas,Haskell,77,3,0,33.17823584,-99.73037358,48207.0,1360.90491339696,3.8961038961038965,74,75,3,0,72,75,5813,2,0,0,2,0
2020-10-17,US,Texas,Hays,6155,70,0,30.05669873,-98.02944344,48209.0,2673.866484788719,1.1372867587327375,6085,6155,70,0,6085,6134,222631,0,0,0,0,21
2020-10-17,US,Texas,Hemphill,132,0,0,35.83764858,-100.2703577,48211.0,3456.402199528673,0.0,132,125,0,0,125,125,3825,7,0,0,7,0
2020-10-17,US,Texas,Henderson,1163,28,0,32.21128872,-95.85846587,48213.0,1405.6588950529992,2.407566638005159,1135,1155,28,0,1127,1127,82299,8,0,0,8,28
2020-10-17,US,Texas,Hidalgo,34179,1895,0,26.39418217,-98.18299696,48215.0,3934.4681233143046,5.544340091869277,32284,34179,1895,0,32284,34034,865939,0,0,0,0,145
2020-10-17,US,Texas,Hill,761,15,0,31.99045053,-97.13423143,48217.0,2076.455019236541,1.9710906701708282,746,753,15,0,738,742,36354,8,0,0,8,11
2020-10-17,US,Texas,Hockley,483,11,0,33.60771256,-102.3431676,48219.0,2098.084357760306,2.2774327122153206,472,466,11,0,455,451,22980,17,0,0,17,15
2020-10-17,US,Texas,Hood,1111,35,0,32.42990927,-97.83242024,48221.0,1802.3133202472304,3.1503150315031503,1076,1090,34,0,1056,1070,60537,21,1,0,20,20
2020-10-17,US,Texas,Hopkins,475,23,0,33.14875072,-95.56351139,48223.0,1280.8758494229314,4.842105263157895,452,473,21,0,452,473,36810,2,2,0,0,0
2020-10-17,US,Texas,Houston,398,11,0,31.31925973,-95.42226208,48225.0,1732.8456983629394,2.7638190954773867,387,395,11,0,384,390,23169,3,0,0,3,5
2020-10-17,US,Texas,Howard,1013,19,0,32.30621324,-101.4356444,48227.0,2762.928212960943,1.8756169792694968,994,1011,19,0,992,1003,36459,2,0,0,2,8
2020-10-17,US,Texas,Hudspeth,72,3,0,31.45628381,-105.388178,48229.0,1473.5980352026197,4.166666666666667,69,70,3,0,67,68,4795,2,0,0,2,2
2020-10-17,US,Texas,Hunt,1863,43,0,33.12351514,-96.08551032,48231.0,1889.567316469562,2.3081052066559318,1820,1819,42,0,1777,1819,96493,44,1,0,43,0
2020-10-17,US,Texas,Hutchinson,283,7,0,35.84006574,-101.3546643,48233.0,1351.6095138026556,2.4734982332155475,276,278,7,0,271,277,21198,5,0,0,5,1
2020-10-17,US,Texas,Irion,13,0,0,31.30375559,-100.982439,48235.0,846.3541666666665,0.0,13,13,0,0,13,13,1522,0,0,0,0,0
2020-10-17,US,Texas,Jack,148,3,0,33.23377248,-98.17283469,48237.0,1656.4073866815893,2.0270270270270268,145,147,3,0,144,147,8843,1,0,0,1,0
2020-10-17,US,Texas,Jackson,636,16,0,28.95472367,-96.57749563,48239.0,4308.943089430894,2.5157232704402515,620,635,16,0,619,635,14874,1,0,0,1,0
2020-10-17,US,Texas,Jasper,507,34,0,30.74685667,-94.02667579,48241.0,1427.0032930845225,6.7061143984220895,473,507,34,0,473,507,35872,0,0,0,0,0
2020-10-17,US,Texas,Jeff Davis,17,0,0,30.71490589,-104.1399973,48243.0,747.5813544415128,0.0,17,17,0,0,17,17,2252,0,0,0,0,0
2020-10-17,US,Texas,Jefferson,8017,146,0,29.8832777,-94.16434171,48245.0,3186.8503170154827,1.8211300985406007,7871,7980,145,0,7835,7950,255001,37,1,0,36,30
2020-10-17,US,Texas,Jim Hogg,156,3,0,27.04453923,-98.69681870000001,48247.0,3000.0,1.9230769230769231,153,155,3,0,152,155,5248,1,0,0,1,0
2020-10-17,US,Texas,Jim Wells,1524,46,0,27.73103938,-98.0904705,48249.0,3764.636134578331,3.0183727034120733,1478,1563,46,0,1517,1563,40822,-39,0,0,-39,0
2020-10-17,US,Texas,Johnson,3426,62,0,32.37877812,-97.36615819,48251.0,1948.6170279324524,1.8096906012842968,3364,3384,60,0,3324,3364,171361,42,2,0,40,20
2020-10-17,US,Texas,Jones,586,2,0,32.73997145,-99.87861576,48253.0,2917.8907533734996,0.3412969283276451,584,577,1,0,576,574,19817,9,1,0,8,3
2020-10-17,US,Texas,Karnes,946,17,0,28.90705334,-97.85960149,48255.0,6063.713864495866,1.7970401691331923,929,942,17,0,925,943,15650,4,0,0,4,-1
2020-10-17,US,Texas,Kaufman,3379,52,0,32.599141700000004,-96.28734728,48257.0,2481.748608193663,1.5389168393015684,3327,3320,52,0,3268,3330,128622,59,0,0,59,-10
2020-10-17,US,Texas,Kendall,374,10,0,29.94414155,-98.7113588,48259.0,788.5138411587358,2.6737967914438503,364,375,10,0,365,375,45641,-1,0,0,-1,0
2020-10-17,US,Texas,Kenedy,7,2,0,26.92601662,-97.66413984,48261.0,1732.6732673267327,28.57142857142857,5,7,2,0,5,7,442,0,0,0,0,0
2020-10-17,US,Texas,Kent,10,0,0,33.18104136,-100.7780939,48263.0,1312.3359580052493,0.0,10,9,0,0,9,9,726,1,0,0,1,0
2020-10-17,US,Texas,Kerr,669,13,0,30.06040006,-99.34930144,48265.0,1271.8631178707226,1.9431988041853512,656,666,13,0,653,658,52405,3,0,0,3,8
2020-10-17,US,Texas,Kimble,21,1,0,30.48678918,-99.74856473,48267.0,484.2056721235877,4.761904761904762,20,20,1,0,19,20,4362,1,0,0,1,0
2020-10-17,US,Texas,King,1,0,0,33.61643847,-100.2558057,48269.0,367.6470588235293,0.0,1,1,0,0,1,1,277,0,0,0,0,0
2020-10-17,US,Texas,Kinney,62,1,0,29.34967888,-100.41866379999999,48271.0,1690.7553858740116,1.6129032258064515,61,62,1,0,61,62,3767,0,0,0,0,0
2020-10-17,US,Texas,Kleberg,998,49,0,27.42435506,-97.69894948,48273.0,3252.933507170795,4.909819639278557,949,1031,49,0,982,1031,31129,-33,0,0,-33,0
2020-10-17,US,Texas,Knox,110,8,0,33.60519951,-99.74229059999999,48275.0,3002.183406113537,7.272727272727272,102,111,8,0,103,111,3653,-1,0,0,-1,0
2020-10-17,US,Texas,La Salle,349,13,0,28.34453111,-99.09908775,48283.0,4640.95744680851,3.7249283667621778,336,349,13,0,336,350,7531,0,0,0,0,-1
2020-10-17,US,Texas,Lamar,1593,44,0,33.66981763,-95.57404777,48277.0,3195.0099279969513,2.7620841180163214,1549,1570,44,0,1526,1541,49728,23,0,0,23,29
2020-10-17,US,Texas,Lamb,452,23,0,34.06859623,-102.35162890000001,48279.0,3505.7783293259913,5.088495575221238,429,447,23,0,424,427,13158,5,0,0,5,20
2020-10-17,US,Texas,Lampasas,297,9,0,31.19531316,-98.24206613,48281.0,1386.0369609856266,3.0303030303030303,288,294,9,0,285,292,21229,3,0,0,3,2
2020-10-17,US,Texas,Lavaca,1087,37,0,29.38508402,-96.93186692,48285.0,5393.470278852833,3.4038638454461823,1050,1084,37,0,1047,1081,20110,3,0,0,3,3
2020-10-17,US,Texas,Lee,235,14,0,30.31120597,-96.97045773,48287.0,1363.1881199605546,5.957446808510637,221,235,14,0,221,235,17144,0,0,0,0,0
2020-10-17,US,Texas,Leon,319,10,0,31.29872538,-95.9936328,48289.0,1832.9119742587911,3.134796238244514,309,316,10,0,306,306,17270,3,0,0,3,10
2020-10-17,US,Texas,Liberty,2263,54,0,30.15152688,-94.81205615,48291.0,2565.2070415670096,2.386212991604065,2209,2279,53,0,2226,2270,86323,-16,1,0,-17,9
2020-10-17,US,Texas,Limestone,659,16,0,31.5454767,-96.58095444,48293.0,2811.793318257456,2.427921092564492,643,658,16,0,642,645,23519,1,0,0,1,13
2020-10-17,US,Texas,Lipscomb,63,1,0,36.27783108,-100.27331509999999,48295.0,1948.654500463965,1.5873015873015872,62,63,1,0,62,58,3355,0,0,0,0,5
2020-10-17,US,Texas,Live Oak,374,9,0,28.35101362,-98.1246786,48297.0,3063.815843368559,2.406417112299465,365,374,9,0,365,374,12166,0,0,0,0,0
2020-10-17,US,Texas,Llano,165,2,0,30.70645047,-98.68475262,48299.0,757.0543702684101,1.2121212121212122,163,165,2,0,163,160,21646,0,0,0,0,5
2020-10-17,US,Texas,Lubbock,15174,150,0,33.61008596,-101.82047890000001,48303.0,4885.870772678535,0.988533017002768,15024,14921,150,0,14771,14675,307412,253,0,0,253,246
2020-10-17,US,Texas,Lynn,144,5,0,33.17657705,-101.8162849,48305.0,2419.761384641237,3.4722222222222223,139,144,5,0,139,133,5877,0,0,0,0,11
2020-10-17,US,Texas,Madison,742,6,0,30.96694679,-95.93003775,48313.0,5194.623354802577,0.8086253369272237,736,741,6,0,735,736,14422,1,0,0,1,5
2020-10-17,US,Texas,Marion,163,14,0,32.79868409,-94.35661230000001,48315.0,1654.1505987416278,8.588957055214724,149,162,14,0,148,162,9928,1,0,0,1,0
2020-10-17,US,Texas,Martin,85,7,0,32.30600051,-101.9513518,48317.0,1472.8816496274476,8.235294117647058,78,84,7,0,77,84,5753,1,0,0,1,0
2020-10-17,US,Texas,Mason,80,2,0,30.71780434,-99.22629416,48319.0,1871.7828731867105,2.5,78,80,2,0,78,80,4280,0,0,0,0,0
2020-10-17,US,Texas,Matagorda,1083,51,0,28.81955746,-96.01230294,48321.0,2955.5440329667326,4.709141274238228,1032,1085,51,0,1034,1082,36552,-2,0,0,-2,3
2020-10-17,US,Texas,Maverick,3838,142,0,28.7429195,-100.3157686,48323.0,6535.880930486021,3.6998436685773837,3696,3838,142,0,3696,3838,58485,0,0,0,0,0
2020-10-17,US,Texas,McCulloch,187,4,0,31.1925468,-99.34682807,48307.0,2342.184368737475,2.1390374331550803,183,183,4,0,179,183,7987,4,0,0,4,0
2020-10-17,US,Texas,McLennan,9290,125,0,31.55255453,-97.20217694,48309.0,3620.096406011932,1.3455328310010763,9165,9243,124,0,9119,9187,254607,47,1,0,46,56
2020-10-17,US,Texas,McMullen,24,1,0,28.35251708,-98.56769164,48311.0,3230.1480484522212,4.166666666666667,23,24,1,0,23,24,749,0,0,0,0,0
2020-10-17,US,Texas,Medina,1250,48,0,29.355730100000002,-99.11030298,48325.0,2423.2320099255585,3.84,1202,1248,48,0,1200,1251,50921,2,0,0,2,-3
2020-10-17,US,Texas,Menard,39,0,0,30.88990665,-99.82047940000001,48327.0,1824.1347053320856,0.0,39,39,0,0,39,39,2139,0,0,0,0,0
2020-10-17,US,Texas,Midland,4444,88,0,31.86904128,-102.03156820000001,48329.0,2513.1197973217522,1.98019801980198,4356,4444,88,0,4356,4397,172578,0,0,0,0,47
2020-10-17,US,Texas,Milam,537,7,0,30.78581830000001,-96.97718698,48331.0,2163.3162792571406,1.303538175046555,530,534,7,0,527,530,25131,3,0,0,3,4
2020-10-17,US,Texas,Mills,71,0,0,31.49557106,-98.59272068,48333.0,1457.0080032833982,0.0,71,70,0,0,70,70,4921,1,0,0,1,0
2020-10-17,US,Texas,Mitchell,135,2,0,32.30623474,-100.9212058,48335.0,1579.8712697483911,1.4814814814814814,133,129,2,0,127,127,8145,6,0,0,6,2
2020-10-17,US,Texas,Montague,238,4,0,33.67521893,-97.72500958,48337.0,1200.928448884852,1.680672268907563,234,225,4,0,221,216,19596,13,0,0,13,9
2020-10-17,US,Texas,Montgomery,12844,169,0,30.30079133,-95.50572772,48339.0,2114.618096086376,1.3157894736842106,12675,12844,167,0,12677,12747,590925,0,2,0,-2,97
2020-10-17,US,Texas,Moore,1268,22,0,35.83769242,-101.8930281,48341.0,6055.396370582617,1.7350157728706626,1246,1247,22,0,1225,1247,21485,21,0,0,21,0
2020-10-17,US,Texas,Morris,201,5,0,33.11304005,-94.73255695,48343.0,1622.5379399418796,2.487562189054726,196,200,5,0,195,199,12339,1,0,0,1,1
2020-10-17,US,Texas,Motley,12,0,0,34.07408766,-100.77972199999999,48345.0,1000.0,0.0,12,12,0,0,12,12,1234,0,0,0,0,0
2020-10-17,US,Texas,Nacogdoches,1734,66,0,31.62017125,-94.61803994,48347.0,2659.346052389424,3.8062283737024223,1668,1727,66,0,1661,1714,65711,7,0,0,7,13
2020-10-17,US,Texas,Navarro,1378,30,0,32.04620681,-96.47428766,48349.0,2749.785484804342,2.177068214804064,1348,1373,29,0,1344,1371,49565,5,1,0,4,2
2020-10-17,US,Texas,Newton,187,13,0,30.78548982,-93.74408813,48351.0,1375.5057006252298,6.951871657754011,174,187,13,0,174,187,13746,0,0,0,0,0
2020-10-17,US,Texas,Nolan,361,5,0,32.30365282,-100.4060208,48353.0,2453.445697974718,1.3850415512465375,356,349,5,0,344,345,14751,12,0,0,12,4
2020-10-17,US,Texas,Nueces,20982,435,0,27.736286,-97.5433285,48355.0,5791.429060376379,2.0732056048041176,20547,20931,435,0,20496,20887,362265,51,0,0,51,44
2020-10-17,US,Texas,Ochiltree,256,5,0,36.27829105,-100.8158184,48357.0,2602.684017893453,1.953125,251,255,5,0,250,226,9947,1,0,0,1,29
2020-10-17,US,Texas,Oldham,25,1,0,35.40425596,-102.6027606,48359.0,1183.7121212121212,4.0,24,25,1,0,24,25,2131,0,0,0,0,0
2020-10-17,US,Texas,Orange,2071,46,0,30.11879481,-93.89412775,48361.0,2483.332533934481,2.221149203283438,2025,2048,46,0,2002,2048,83572,23,0,0,23,0
2020-10-17,US,Texas,Palo Pinto,662,17,0,32.75310985,-98.31319001,48363.0,2267.9776628181853,2.5679758308157097,645,645,17,0,628,638,28875,17,0,0,17,7
2020-10-17,US,Texas,Panola,447,27,0,32.163959600000005,-94.30552481,48365.0,1927.222557557989,6.040268456375839,420,440,27,0,413,439,23148,7,0,0,7,1
2020-10-17,US,Texas,Parker,2256,42,0,32.77757172,-97.80500621,48367.0,1578.9694704573133,1.8617021276595744,2214,2233,42,0,2191,2218,138371,23,0,0,23,15
2020-10-17,US,Texas,Parmer,529,16,0,34.52993409,-102.78446679999999,48369.0,5507.548152004165,3.0245746691871456,513,527,15,0,512,521,9864,2,1,0,1,6
2020-10-17,US,Texas,Pecos,424,5,0,30.78097267,-102.72412609999999,48371.0,2679.6435568476268,1.179245283018868,419,423,5,0,418,418,15673,1,0,0,1,5
2020-10-17,US,Texas,Polk,902,30,0,30.79472531,-94.82766240000001,48373.0,1756.4699238603393,3.3259423503325944,872,902,30,0,872,897,50031,0,0,0,0,5
2020-10-17,US,Texas,Potter,7130,92,0,35.40133773,-101.893964,48375.0,6072.477962781587,1.2903225806451613,7038,7130,92,0,7038,7021,119648,0,0,0,0,109
2020-10-17,US,Texas,Presidio,121,7,0,29.99954402,-104.24080790000001,48377.0,1804.892601431981,5.785123966942148,114,122,7,0,115,122,6948,-1,0,0,-1,0
2020-10-17,US,Texas,Rains,80,5,0,32.87109387,-95.79232691,48379.0,639.284001917852,6.25,75,79,5,0,74,78,12159,1,0,0,1,1
2020-10-17,US,Texas,Randall,4291,49,0,34.96585996,-101.8971322,48381.0,3115.9004596515942,1.1419249592169658,4242,4188,47,0,4141,4100,136271,103,2,0,101,88
2020-10-17,US,Texas,Reagan,89,6,0,31.36607041,-101.52326590000001,48383.0,2312.288906209405,6.741573033707866,83,89,6,0,83,89,3741,0,0,0,0,0
2020-10-17,US,Texas,Real,108,8,0,29.83321503,-99.82018052,48385.0,3128.6210892236377,7.407407407407407,100,108,8,0,100,120,3478,0,0,0,0,-12
2020-10-17,US,Texas,Red River,181,15,0,33.61886692,-95.04841765,48387.0,1505.4478915412124,8.287292817679559,166,179,14,0,165,176,12175,2,1,0,1,3
2020-10-17,US,Texas,Reeves,242,6,0,31.32323325,-103.69038959999999,48389.0,1514.772158237356,2.479338842975207,236,239,6,0,233,234,15695,3,0,0,3,5
2020-10-17,US,Texas,Refugio,305,15,0,28.323897600000002,-97.15766311,48391.0,4389.752446747266,4.918032786885246,290,313,15,0,298,313,7032,-8,0,0,-8,0
2020-10-17,US,Texas,Roberts,14,0,0,35.83809685,-100.813175,48393.0,1639.344262295082,0.0,14,14,0,0,14,14,903,0,0,0,0,0
2020-10-17,US,Texas,Robertson,402,4,0,31.02539637,-96.51272246,48395.0,2354.4570692280663,0.9950248756218906,398,401,4,0,397,397,17284,1,0,0,1,4
2020-10-17,US,Texas,Rockwall,1792,30,0,32.89779518,-96.40771592,48397.0,1708.049373302197,1.6741071428571428,1762,1775,30,0,1745,1770,100657,17,0,0,17,5
2020-10-17,US,Texas,Runnels,287,9,0,31.8314342,-99.97616148,48399.0,2796.1808261886213,3.1358885017421603,278,286,9,0,277,286,10234,1,0,0,1,0
2020-10-17,US,Texas,Rusk,955,20,0,32.10773545,-94.76176432,48401.0,1755.321104289968,2.094240837696335,935,953,20,0,933,962,54450,2,0,0,2,-9
2020-10-17,US,Texas,Sabine,87,9,0,31.34318809,-93.85440451,48403.0,825.2703471826977,10.344827586206897,78,87,9,0,78,87,10589,0,0,0,0,0
2020-10-17,US,Texas,San Augustine,213,15,0,31.39457611,-94.17000399,48405.0,2585.892922180405,7.042253521126762,198,213,15,0,198,208,8232,0,0,0,0,5
2020-10-17,US,Texas,San Jacinto,231,11,0,30.57933681,-95.16260304,48407.0,800.4435358120517,4.761904761904762,220,230,11,0,219,230,28719,1,0,0,1,0
2020-10-17,US,Texas,San Patricio,1549,79,0,28.00880118,-97.51763891,48409.0,2321.29476996853,5.100064557779213,1470,1530,79,0,1451,1530,66893,19,0,0,19,0
2020-10-17,US,Texas,San Saba,110,0,0,31.1577796,-98.81758731,48411.0,1816.6804293971925,0.0,110,109,0,0,109,103,6054,1,0,0,1,6
2020-10-17,US,Texas,Schleicher,55,2,0,30.89740592,-100.5384842,48413.0,1969.2087361260294,3.636363636363636,53,54,2,0,52,54,2895,1,0,0,1,0
2020-10-17,US,Texas,Scurry,957,11,0,32.74613808,-100.91626640000001,48415.0,5729.509668921751,1.1494252873563218,946,951,11,0,940,932,16866,6,0,0,6,19
2020-10-17,US,Texas,Shackelford,34,0,0,32.73587756,-99.35401337,48417.0,1041.347626339969,0.0,34,33,0,0,33,31,3253,1,0,0,1,2
2020-10-17,US,Texas,Shelby,538,30,0,31.79211404,-94.14550696,48419.0,2128.6697792197515,5.5762081784386615,508,537,29,0,508,535,25418,1,1,0,0,2
2020-10-17,US,Texas,Sherman,72,1,0,36.27751473,-101.8933156,48421.0,2382.528127068167,1.3888888888888888,71,71,1,0,70,68,3079,1,0,0,1,3
2020-10-17,US,Texas,Smith,4178,123,0,32.37474036,-95.27175679999999,48423.0,1795.0513639039145,2.9439923408329345,4055,4155,120,0,4035,4137,230221,23,3,0,20,18
2020-10-17,US,Texas,Somervell,154,5,0,32.22236802,-97.77403489,48425.0,1687.116564417178,3.2467532467532467,149,153,5,0,148,152,9016,1,0,0,1,1
2020-10-17,US,Texas,Starr,3477,179,0,26.56150059,-98.73892358,48427.0,5379.604845821794,5.148116192119644,3298,3491,179,0,3312,3491,64525,-14,0,0,-14,0
2020-10-17,US,Texas,Stephens,151,4,0,32.73553157,-98.83631615,48429.0,1612.2143924834506,2.6490066225165565,147,149,4,0,145,147,9433,2,0,0,2,2
2020-10-17,US,Texas,Sterling,11,0,0,31.82781912,-101.05007459999999,48431.0,852.0526723470178,0.0,11,11,0,0,11,10,1311,0,0,0,0,1
2020-10-17,US,Texas,Stonewall,18,1,0,33.17906744,-100.25384009999999,48433.0,1333.3333333333333,5.5555555555555545,17,17,1,0,16,17,1362,1,0,0,1,0
2020-10-17,US,Texas,Sutton,95,3,0,30.49856623,-100.5382014,48435.0,2515.8898305084745,3.1578947368421053,92,89,3,0,86,87,3758,6,0,0,6,2
2020-10-17,US,Texas,Swisher,130,3,0,34.53028891,-101.73491740000001,48437.0,1757.4692442882251,2.3076923076923075,127,129,3,0,126,128,7462,1,0,0,1,1
2020-10-17,US,Texas,Tarrant,58773,782,0,32.77143818,-97.29101614,48439.0,2795.366501546957,1.3305429363823524,57991,58053,778,0,57275,57438,2084931,720,4,0,716,615
2020-10-17,US,Texas,Taylor,1728,62,0,32.30163422,-99.89007449,48441.0,1251.8654824173755,3.587962962962963,1666,1718,62,0,1656,1701,137640,10,0,0,10,17
2020-10-17,US,Texas,Terrell,4,0,0,30.22429013,-102.0766732,48443.0,515.4639175257731,0.0,4,4,0,0,4,3,823,0,0,0,0,1
2020-10-17,US,Texas,Terry,430,6,0,33.17402785,-102.3354521,48445.0,3485.450271540893,1.3953488372093024,424,398,6,0,392,398,12287,32,0,0,32,0
2020-10-17,US,Texas,Throckmorton,16,2,0,33.17751417,-99.21226795,48447.0,1065.9560293137909,12.5,14,15,2,0,13,15,1515,1,0,0,1,0
2020-10-17,US,Texas,Titus,1650,35,0,33.21339719,-94.96797273,48449.0,5038.1679389312985,2.121212121212121,1615,1650,34,0,1616,1650,33033,0,1,0,-1,0
2020-10-17,US,Texas,Tom Green,4272,74,0,31.40464436,-100.46244300000001,48451.0,3583.892617449665,1.7322097378277153,4198,4231,73,0,4158,4177,118189,41,1,0,40,54
2020-10-17,US,Texas,Travis,30908,445,0,30.33432034,-97.78535620000001,48453.0,2426.147254924432,1.4397566972951987,30463,30797,443,0,30354,30688,1248743,111,2,0,109,109
2020-10-17,US,Texas,Trinity,200,7,0,31.0879489,-95.1367187,48455.0,1365.0945327963962,3.5,193,200,7,0,193,200,14740,0,0,0,0,0
2020-10-17,US,Texas,Tyler,252,4,0,30.77031716,-94.37690895,48457.0,1162.7906976744189,1.5873015873015872,248,252,4,0,248,250,21696,0,0,0,0,2
2020-10-17,US,Texas,Upshur,456,12,0,32.73706798,-94.93999853,48459.0,1092.1370919454891,2.631578947368421,444,454,12,0,442,444,41260,2,0,0,2,10
2020-10-17,US,Texas,Upton,27,3,0,31.36868194,-102.0423217,48461.0,738.3100902378999,11.111111111111109,24,40,3,0,37,26,3671,-13,0,0,-13,14
2020-10-17,US,Texas,Uvalde,816,36,0,29.35739637,-99.76229172,48463.0,3051.493960584869,4.411764705882354,780,816,36,0,780,815,26846,0,0,0,0,1
2020-10-17,US,Texas,Val Verde,2384,123,0,29.89149232,-101.1525205,48465.0,4862.825089240184,5.159395973154362,2261,2384,121,0,2263,2356,49208,0,2,0,-2,28
2020-10-17,US,Texas,Van Zandt,652,25,0,32.56483801,-95.83766469,48467.0,1152.1470224421275,3.834355828220859,627,646,24,0,622,645,56019,6,1,0,5,1
2020-10-17,US,Texas,Victoria,4193,97,0,28.79780988,-96.96813006,48469.0,4553.4511967334165,2.313379441927021,4096,4182,97,0,4085,4168,92035,11,0,0,11,14
2020-10-17,US,Texas,Walker,3855,61,0,30.73872995,-95.57440968,48471.0,5282.920612298036,1.5823605706874189,3794,3842,61,0,3781,3847,72480,13,0,0,13,-5
2020-10-17,US,Texas,Waller,945,15,0,30.01058447,-95.99011759,48473.0,1710.5310791731529,1.5873015873015872,930,943,15,0,928,941,53126,2,0,0,2,2
2020-10-17,US,Texas,Ward,156,1,0,31.50999644,-103.09279090000001,48475.0,1300.2167027837972,0.6410256410256411,155,154,1,0,153,150,11720,2,0,0,2,4
2020-10-17,US,Texas,Washington,692,48,0,30.21498498,-96.40946246,48477.0,1928.543559444847,6.9364161849710975,644,673,48,0,625,671,35108,19,0,0,19,2
2020-10-17,US,Texas,Webb,14669,337,0,27.7610369,-99.33237355,48479.0,5302.329280106414,2.2973617833526485,14332,14669,337,0,14332,14488,275910,0,0,0,0,181
2020-10-17,US,Texas,Wharton,1413,58,0,29.27765923,-96.22319248,48481.0,3400.2310135720472,4.104741684359518,1355,1411,57,0,1354,1409,41619,2,1,0,1,2
2020-10-17,US,Texas,Wheeler,58,0,0,35.40114335,-100.26995140000001,48483.0,1147.1518987341772,0.0,58,56,0,0,56,55,5191,2,0,0,2,1
2020-10-17,US,Texas,Wichita,2861,26,0,33.98842886,-98.70410340000001,48485.0,2163.6542388262874,0.9087731562390772,2835,2764,26,0,2738,2665,132064,97,0,0,97,99
2020-10-17,US,Texas,Wilbarger,281,3,0,34.07945812,-99.24178437,48487.0,2200.6421802803666,1.0676156583629892,278,262,3,0,259,256,12820,19,0,0,19,6
2020-10-17,US,Texas,Willacy,1198,55,0,26.47411727,-97.61535848,48489.0,5609.139432531137,4.590984974958264,1143,1224,55,0,1169,1224,21515,-26,0,0,-26,0
2020-10-17,US,Texas,Williamson,9137,150,0,30.64655664,-97.60048540000001,48491.0,1547.19914114107,1.6416766991353835,8987,9137,149,0,8988,9093,566719,0,1,0,-1,44
2020-10-17,US,Texas,Wilson,972,28,0,29.1732598,-98.08693082,48493.0,1903.270021539064,2.8806584362139915,944,972,28,0,944,975,50224,0,0,0,0,-3
2020-10-17,US,Texas,Winkler,130,4,0,31.85008651,-103.04851629999999,48495.0,1622.971285892634,3.0769230769230766,126,129,4,0,125,126,7720,1,0,0,1,3
2020-10-17,US,Texas,Wise,848,15,0,33.21570665,-97.65460265,48497.0,1211.705532693187,1.768867924528302,833,838,15,0,823,837,68305,10,0,0,10,1
2020-10-17,US,Texas,Wood,590,34,0,32.78722382,-95.38236368,48499.0,1295.5927885987835,5.7627118644067785,556,587,33,0,554,582,45129,3,1,0,2,5
2020-10-17,US,Texas,Yoakum,283,5,0,33.17320212,-102.82764329999999,48501.0,3248.0201997015947,1.7667844522968197,278,283,5,0,278,282,8591,0,0,0,0,1
2020-10-17,US,Texas,Young,470,6,0,33.17659707,-98.68790885,48503.0,2609.661299278179,1.2765957446808511,464,435,6,0,429,417,18045,35,0,0,35,18
2020-10-17,US,Texas,Zapata,342,6,0,27.00156391,-99.16987152,48505.0,2412.017772762536,1.7543859649122806,336,342,6,0,336,342,14190,0,0,0,0,0
2020-10-17,US,Texas,Zavala,436,18,0,28.86617238,-99.76050829,48507.0,3682.432432432433,4.128440366972477,418,419,18,0,401,426,11983,17,0,0,17,-7
2020-10-17,US,Utah,Bear River,4436,14,0,41.52106798,-113.08328159999999,0.0,2374.5035274973498,0.3155996393146979,4422,4363,14,0,4349,4301,,73,0,0,73,62
2020-10-17,US,Utah,Central Utah,1038,6,0,39.37231946,-111.5758676,0.0,1266.5641701442273,0.5780346820809249,1032,996,6,0,990,977,,42,0,0,42,19
2020-10-17,US,Utah,Davis,7074,39,0,40.99001837,-112.1139997,49011.0,1989.9797738838363,0.5513146734520781,7035,6947,38,0,6909,6836,351713,127,1,0,126,111
2020-10-17,US,Utah,Salt Lake,40227,286,0,40.66616532,-111.92160109999999,49035.0,3466.538898707987,0.7109652720809406,39941,39645,285,0,39360,38949,1152633,582,1,0,581,696
2020-10-17,US,Utah,San Juan,753,29,0,37.62762978,-109.80337140000002,49037.0,4918.996603083355,3.8512616201859236,724,745,29,0,716,733,15449,8,0,0,8,12
2020-10-17,US,Utah,Southeast Utah,357,3,0,38.99617072,-110.70139579999999,0.0,887.4195232295108,0.8403361344537815,354,349,2,0,347,337,,8,1,0,7,12
2020-10-17,US,Utah,Southwest Utah,5252,45,0,37.85447192,-111.4418764,0.0,2083.7796875123986,0.8568164508758568,5207,5160,45,0,5115,5113,,92,0,0,92,47
2020-10-17,US,Utah,Summit,1213,1,0,40.86688146,-110.9535882,49043.0,2878.1587376913035,0.08244023083264633,1212,1204,1,0,1203,1187,41933,9,0,0,9,17
2020-10-17,US,Utah,Tooele,1197,2,0,40.44862644,-113.12957150000001,49045.0,1656.5410537095725,0.1670843776106934,1195,1177,2,0,1175,1137,69907,20,0,0,20,40
2020-10-17,US,Utah,TriCounty,309,2,0,40.12491499,-109.5174415,0.0,545.7242767828759,0.6472491909385113,307,306,2,0,304,302,,3,0,0,3,4
2020-10-17,US,Utah,Utah,24932,72,0,40.116672200000004,-111.66576620000001,49049.0,3918.6778470219338,0.2887854965506177,24860,24638,72,0,24566,24279,622213,294,0,0,294,359
2020-10-17,US,Utah,Wasatch,971,9,0,40.33110236,-111.1691419,49051.0,2848.259071309143,0.9268795056642636,962,967,9,0,958,946,33240,4,0,0,4,21
2020-10-17,US,Utah,Weber-Morgan,5538,32,0,41.27116049,-111.9145117,0.0,2033.5099527423745,0.5778259299386059,5506,5460,32,0,5428,5364,,78,0,0,78,96
2020-10-17,US,Vermont,Addison,114,2,0,44.03217337,-73.14130877,50001.0,309.9763439105963,1.7543859649122806,112,114,2,0,112,114,36973,0,0,0,0,0
2020-10-17,US,Vermont,Bennington,132,1,0,43.03519828,-73.09048868,50003.0,372.14547504933745,0.7575757575757576,131,132,1,0,131,129,35631,0,0,0,0,3
2020-10-17,US,Vermont,Caledonia,35,0,0,44.46548598,-72.10314651,50005.0,116.6938952422232,0.0,35,35,0,0,35,35,30302,0,0,0,0,0
2020-10-17,US,Vermont,Chittenden,899,39,0,44.46322849,-73.08359212,50007.0,548.9271801384835,4.3381535038932135,860,897,39,0,858,891,164572,2,0,0,2,6
2020-10-17,US,Vermont,Essex,6,0,0,44.72736416,-71.73579864,50009.0,97.35518416355671,0.0,6,6,0,0,6,6,6250,0,0,0,0,0
2020-10-17,US,Vermont,Franklin,131,7,0,44.85627605,-72.91249563,50011.0,265.1714505485608,5.343511450381679,124,131,7,0,124,131,49421,0,0,0,0,0
2020-10-17,US,Vermont,Grand Isle,16,0,0,44.797582399999996,-73.29679772,50013.0,221.147201105736,0.0,16,16,0,0,16,16,7090,0,0,0,0,0
2020-10-17,US,Vermont,Lamoille,60,1,0,44.60353043,-72.64356694,50015.0,236.57440264963333,1.6666666666666667,59,60,1,0,59,61,25300,0,0,0,0,-1
2020-10-17,US,Vermont,Orange,28,0,0,44.00470222,-72.37640104,50017.0,96.91264017721168,0.0,28,28,0,0,28,27,28999,0,0,0,0,1
2020-10-17,US,Vermont,Orleans,25,0,0,44.82964024,-72.24562697,50019.0,92.4658800902467,0.0,25,24,0,0,24,24,26907,1,0,0,1,0
2020-10-17,US,Vermont,Rutland,133,1,0,43.57723578,-73.03741676,50021.0,228.5576807410081,0.7518796992481203,132,133,1,0,132,134,58672,0,0,0,0,-1
2020-10-17,US,Vermont,Unassigned,8,0,0,0.0,0.0,90050.0,0.0,0.0,8,8,0,0,8,8,,0,0,0,0,0
2020-10-17,US,Vermont,Washington,96,2,0,44.27343241,-72.61604978,50023.0,164.35823246417505,2.083333333333333,94,94,2,0,92,92,58140,2,0,0,2,2
2020-10-17,US,Vermont,Windham,135,3,0,42.986982,-72.71268875,50025.0,319.73852493960493,2.2222222222222223,132,131,3,0,128,130,42756,4,0,0,4,1
2020-10-17,US,Vermont,Windsor,108,2,0,43.58010937,-72.58595157,50027.0,196.1425302386401,1.851851851851852,106,106,2,0,104,105,55286,2,0,0,2,1
2020-10-17,US,Virginia,Accomack,1201,19,0,37.76707161,-75.63234615,51001.0,3716.4253001609113,1.5820149875104081,1182,1198,19,0,1179,1197,32412,3,0,0,3,1
2020-10-17,US,Virginia,Albemarle,1476,22,0,38.02080697,-78.55481085,51003.0,1350.041159791457,1.4905149051490514,1454,1466,22,0,1444,1452,108718,10,0,0,10,14
2020-10-17,US,Virginia,Alexandria,4104,74,0,38.814003,-77.08183073,51510.0,2574.2027749203407,1.8031189083820665,4030,4086,74,0,4012,4077,160530,18,0,0,18,9
2020-10-17,US,Virginia,Alleghany,84,4,0,37.78636074,-80.00222498,51005.0,565.2759084791386,4.761904761904762,80,84,4,0,80,83,14910,0,0,0,0,1
2020-10-17,US,Virginia,Amelia,138,6,0,37.34081025,-77.98584649,51007.0,1049.8288322556105,4.3478260869565215,132,138,6,0,132,133,13013,0,0,0,0,5
2020-10-17,US,Virginia,Amherst,523,4,0,37.60308293,-79.14548696,51009.0,1654.8014554659073,0.7648183556405354,519,517,4,0,513,507,31666,6,0,0,6,10
2020-10-17,US,Virginia,Appomattox,264,5,0,37.37569884,-78.81340003,51011.0,1659.2294638929043,1.893939393939394,259,262,5,0,257,257,15841,2,0,0,2,5
2020-10-17,US,Virginia,Arlington,4345,152,0,38.8767675,-77.10139853,51013.0,1834.5563709139426,3.4982738780207137,4193,4318,153,0,4165,4278,237521,27,-1,0,28,40
2020-10-17,US,Virginia,Augusta,616,8,0,38.16404586,-79.12461614,51015.0,815.2677413377803,1.2987012987012987,608,607,8,0,599,593,75457,9,0,0,9,14
2020-10-17,US,Virginia,Bath,22,0,0,38.05852573,-79.73912095,51017.0,530.5039787798407,0.0,22,21,0,0,21,20,4292,1,0,0,1,1
2020-10-17,US,Virginia,Bedford,1048,16,0,37.3080028,-79.5281964,51019.0,1326.6326569363393,1.5267175572519085,1032,1035,16,0,1019,1014,78747,13,0,0,13,21
2020-10-17,US,Virginia,Bland,64,5,0,37.13128068,-81.13599391,51021.0,1019.108280254777,7.8125,59,64,5,0,59,64,6293,0,0,0,0,0
2020-10-17,US,Virginia,Botetourt,349,11,0,37.55531756,-79.80982182,51023.0,1044.3161076034594,3.151862464183381,338,347,11,0,336,342,33277,2,0,0,2,5
2020-10-17,US,Virginia,Bristol,231,7,0,36.616302399999995,-82.16359122,51520.0,1378.117169788808,3.0303030303030303,224,229,7,0,222,223,16482,2,0,0,2,6
2020-10-17,US,Virginia,Brunswick,404,5,0,36.76366949,-77.8593436,51025.0,2489.0641365288643,1.2376237623762376,399,402,5,0,397,402,16384,2,0,0,2,0
2020-10-17,US,Virginia,Buchanan,227,2,0,37.26818323,-82.03749726,51027.0,1080.7465244715293,0.8810572687224669,225,220,2,0,218,219,21221,7,0,0,7,1
2020-10-17,US,Virginia,Buckingham,721,9,0,37.57242268,-78.52518834,51029.0,4204.57196174481,1.2482662968099858,712,719,9,0,710,718,16999,2,0,0,2,1
2020-10-17,US,Virginia,Buena Vista,119,1,0,37.73484642,-79.35296097,51530.0,1836.9867242976227,0.8403361344537815,118,119,1,0,118,115,6237,0,0,0,0,4
2020-10-17,US,Virginia,Campbell,628,6,0,37.20553386,-79.09678609,51031.0,1144.2106222100756,0.9554140127388536,622,616,6,0,610,602,54973,12,0,0,12,14
2020-10-17,US,Virginia,Caroline,396,5,0,38.02679129,-77.34901405,51033.0,1288.8527257933279,1.2626262626262623,391,395,5,0,390,390,30772,1,0,0,1,5
2020-10-17,US,Virginia,Carroll,551,26,0,36.73066666,-80.73455942,51035.0,1849.551878083985,4.718693284936479,525,547,25,0,522,535,29636,4,1,0,3,12
2020-10-17,US,Virginia,Charles City,95,5,0,37.35358063,-77.05634116,51036.0,1364.3544449231654,5.2631578947368425,90,94,5,0,89,91,6941,1,0,0,1,3
2020-10-17,US,Virginia,Charlotte,197,0,0,37.01909701,-78.66314092,51037.0,1658.2491582491587,0.0,197,193,0,0,193,192,11938,4,0,0,4,1
2020-10-17,US,Virginia,Charlottesville,1503,32,0,38.03527919,-78.48569588,51540.0,3179.8755976812085,2.1290751829673984,1471,1499,32,0,1467,1481,48117,4,0,0,4,18
2020-10-17,US,Virginia,Chesapeake,4714,76,0,36.67670048,-76.30545744,51550.0,1925.3783160087405,1.612218922358931,4638,4692,75,0,4617,4661,242634,22,1,0,21,31
2020-10-17,US,Virginia,Chesterfield,6662,99,0,37.37373208,-77.58680140000001,51041.0,1888.31129075232,1.4860402281597118,6563,6568,99,0,6469,6546,348556,94,0,0,94,22
2020-10-17,US,Virginia,Clarke,112,1,0,39.11271747,-77.99199425,51043.0,766.1262740269513,0.8928571428571429,111,113,1,0,112,114,14523,-1,0,0,-1,-1
2020-10-17,US,Virginia,Colonial Heights,283,26,0,37.26420587,-77.39609676,51570.0,1629.2458261370182,9.187279151943462,257,278,26,0,252,278,17833,5,0,0,5,0
2020-10-17,US,Virginia,Covington,33,0,0,37.7824656,-79.98631446,51580.0,595.8829902491874,0.0,33,33,0,0,33,33,5460,0,0,0,0,0
2020-10-17,US,Virginia,Craig,42,0,0,37.48133648,-80.21072274,51045.0,818.5538881309686,0.0,42,41,0,0,41,40,5064,1,0,0,1,1
2020-10-17,US,Virginia,Culpeper,1272,18,0,38.48199985,-77.95630870000002,51047.0,2418.021100655831,1.4150943396226414,1254,1266,18,0,1248,1263,51859,6,0,0,6,3
2020-10-17,US,Virginia,Cumberland,112,2,0,37.51328851,-78.24398086,51049.0,1127.6681433749498,1.7857142857142858,110,111,2,0,109,111,9809,1,0,0,1,0
2020-10-17,US,Virginia,Danville,1113,38,0,36.58022376,-79.40395668,51590.0,2779.4426131255627,3.414195867026056,1075,1094,38,0,1056,1090,40693,19,0,0,19,4
2020-10-17,US,Virginia,Dickenson,121,1,0,37.12560977,-82.35124171,51051.0,845.0900963821762,0.8264462809917356,120,119,1,0,118,118,14523,2,0,0,2,1
2020-10-17,US,Virginia,Dinwiddie,473,12,0,37.07544585,-77.63451754,51053.0,1657.090807174888,2.5369978858350954,461,468,12,0,456,462,28529,5,0,0,5,6
2020-10-17,US,Virginia,Emporia,273,26,0,36.69455571,-77.53406129,51595.0,5106.62177328844,9.523809523809524,247,272,26,0,246,271,5121,1,0,0,1,1
2020-10-17,US,Virginia,Essex,188,2,0,37.93357639,-76.94230311,51057.0,1716.424723819958,1.0638297872340423,186,188,2,0,186,188,10919,0,0,0,0,0
2020-10-17,US,Virginia,Fairfax,22530,601,0,38.83677558,-77.27565836,51059.0,1963.3439416068568,2.6675543719485133,21929,22460,599,0,21861,22340,1150795,70,2,0,68,120
2020-10-17,US,Virginia,Fairfax,22530,601,0,38.83677558,-77.27565836,51059.0,1963.3439416068568,2.6675543719485133,21929,22460,599,0,21861,22340,24574,70,2,0,68,120
2020-10-17,US,Virginia,Fairfax City,151,8,0,38.85157547,-77.29779640000002,51600.0,628.6689703984346,5.298013245033113,143,146,8,0,138,145,24574,5,0,0,5,1
2020-10-17,US,Virginia,Falls Church,75,7,0,38.88485255,-77.17560759,51610.0,513.1011835533967,9.333333333333334,68,75,7,0,68,75,14772,0,0,0,0,0
2020-10-17,US,Virginia,Fauquier,1032,25,0,38.73564842,-77.80647472,51061.0,1448.9904804695182,2.4224806201550386,1007,1026,25,0,1001,1026,70675,6,0,0,6,0
2020-10-17,US,Virginia,Floyd,232,16,0,36.9302126,-80.36738849,51063.0,1473.109403771668,6.896551724137932,216,230,16,0,214,229,15795,2,0,0,2,1
2020-10-17,US,Virginia,Fluvanna,407,9,0,37.84157909,-78.27715475,51065.0,1492.4825815914926,2.211302211302211,398,405,9,0,396,403,26783,2,0,0,2,2
2020-10-17,US,Virginia,Franklin,194,1,0,36.99536167,-79.88023649,51067.0,346.1689447200313,0.5154639175257731,193,194,1,0,193,194,56195,0,0,0,0,0
2020-10-17,US,Virginia,Franklin,194,1,0,36.99536167,-79.88023649,51067.0,346.1689447200313,0.5154639175257731,193,194,1,0,193,194,8013,0,0,0,0,0
2020-10-17,US,Virginia,Franklin City,467,12,0,36.6831435,-76.93859681,51620.0,5861.679427639011,2.569593147751606,455,465,11,0,454,464,8013,2,1,0,1,1
2020-10-17,US,Virginia,Frederick,1078,13,0,39.20172582,-78.25974949,51069.0,1206.9911435065444,1.2059369202226344,1065,1068,13,0,1055,1051,88355,10,0,0,10,17
2020-10-17,US,Virginia,Fredericksburg,575,5,0,38.2977863,-77.4922454,51630.0,1980.3003168480511,0.8695652173913043,570,573,5,0,568,568,29144,2,0,0,2,5
2020-10-17,US,Virginia,Galax,430,30,0,36.66601852,-80.91703124,51640.0,6774.854261855995,6.9767441860465125,400,427,30,0,397,427,6423,3,0,0,3,0
2020-10-17,US,Virginia,Giles,111,0,0,37.31234791,-80.70636931,51071.0,663.8755980861245,0.0,111,110,0,0,110,109,16844,1,0,0,1,1
2020-10-17,US,Virginia,Gloucester,328,3,0,37.40809042,-76.53524337,51073.0,878.2264110528007,0.9146341463414634,325,327,3,0,324,319,37349,1,0,0,1,8
2020-10-17,US,Virginia,Goochland,306,7,0,37.71714806,-77.90381514,51075.0,1288.2583252641768,2.2875816993464047,299,305,7,0,298,306,23244,1,0,0,1,-1
2020-10-17,US,Virginia,Grayson,355,19,0,36.65677234,-81.23215889,51077.0,2282.958199356913,5.352112676056338,336,348,18,0,330,346,15631,7,1,0,6,2
2020-10-17,US,Virginia,Greene,263,3,0,38.29545894,-78.46525378,51079.0,1327.009435390282,1.1406844106463878,260,261,3,0,258,258,19779,2,0,0,2,3
2020-10-17,US,Virginia,Greensville,873,13,0,36.67878901,-77.56351439,51081.0,7701.129146083274,1.4891179839633448,860,869,12,0,857,842,11627,4,1,0,3,27
2020-10-17,US,Virginia,Halifax,446,7,0,36.76654925,-78.93512622,51083.0,1315.2074548081744,1.5695067264573992,439,441,7,0,434,441,34120,5,0,0,5,0
2020-10-17,US,Virginia,Hampton,2025,29,0,37.03513786,-76.35879121,51650.0,1505.4642777488666,1.432098765432099,1996,2018,29,0,1989,2004,134313,7,0,0,7,14
2020-10-17,US,Virginia,Hanover,1521,40,0,37.7583355,-77.49464673,51085.0,1411.3913479204944,2.6298487836949374,1481,1507,40,0,1467,1495,107239,14,0,0,14,12
2020-10-17,US,Virginia,Harrisonburg,2907,35,0,38.43542574,-78.87536254,51660.0,5483.250339520146,1.2039903680770554,2872,2904,35,0,2869,2882,54033,3,0,0,3,22
2020-10-17,US,Virginia,Henrico,5938,222,0,37.53460572,-77.39326555,51087.0,1794.9446523466074,3.7386325362074775,5716,5911,222,0,5689,5881,329261,27,0,0,27,30
2020-10-17,US,Virginia,Henry,1237,31,0,36.68542395,-79.87634026,51089.0,2446.7432798623336,2.506063055780113,1206,1230,31,0,1199,1220,50953,7,0,0,7,10
2020-10-17,US,Virginia,Highland,9,0,0,38.35799465,-79.56124594,51091.0,410.958904109589,0.0,9,9,0,0,9,9,2210,0,0,0,0,0
2020-10-17,US,Virginia,Hopewell,477,7,0,37.29186313,-77.29754684,51670.0,2117.271072839452,1.4675052410901468,470,469,7,0,462,465,22596,8,0,0,8,4
2020-10-17,US,Virginia,Isle of Wight,818,22,0,36.90579348,-76.70842863,51093.0,2204.317012045595,2.6894865525672373,796,816,22,0,794,816,36953,2,0,0,2,0
2020-10-17,US,Virginia,James City,912,21,0,37.31156958,-76.76950618,51095.0,1191.7985442285326,2.3026315789473686,891,910,21,0,889,909,76397,2,0,0,2,1
2020-10-17,US,Virginia,King George,261,4,0,38.26818502,-77.15852768,51099.0,972.5741541213297,1.5325670498084292,257,262,4,0,258,257,26575,-1,0,0,-1,5
2020-10-17,US,Virginia,King William,187,2,0,37.70965316,-77.09384941,51101.0,1090.5061814788896,1.0695187165775402,185,187,2,0,185,184,16939,0,0,0,0,3
2020-10-17,US,Virginia,King and Queen,84,1,0,37.71044922,-76.88689628,51097.0,1195.729537366548,1.1904761904761905,83,83,1,0,82,83,7042,1,0,0,1,0
2020-10-17,US,Virginia,Lancaster,171,0,0,37.71889653,-76.46400482,51103.0,1612.7511081769312,0.0,171,171,0,0,171,171,10783,0,0,0,0,0
2020-10-17,US,Virginia,Lee,374,9,0,36.70586667,-83.12606515,51105.0,1596.7211714981,2.406417112299465,365,366,9,0,357,359,23541,8,0,0,8,7
2020-10-17,US,Virginia,Lexington,203,1,0,37.78258621,-79.44262866,51678.0,2726.2959978511954,0.4926108374384237,202,199,1,0,198,189,7136,4,0,0,4,10
2020-10-17,US,Virginia,Loudoun,7505,129,0,39.08990083,-77.63481877,51107.0,1814.8271742862808,1.7188540972684876,7376,7454,129,0,7325,7417,406850,51,0,0,51,37
2020-10-17,US,Virginia,Louisa,368,7,0,37.97850256,-77.96274807,51109.0,978.9577292437019,1.9021739130434785,361,358,7,0,351,356,36778,10,0,0,10,2
2020-10-17,US,Virginia,Lunenburg,140,3,0,36.94618528,-78.24133319,51111.0,1147.9173499508036,2.142857142857143,137,140,3,0,137,136,12086,0,0,0,0,4
2020-10-17,US,Virginia,Lynchburg,1803,23,0,37.40021399,-79.19888138,51680.0,2194.2848797585434,1.2756516916250693,1780,1783,23,0,1760,1759,82126,20,0,0,20,24
2020-10-17,US,Virginia,Madison,122,3,0,38.41531222,-78.28220331,51113.0,919.9909509086797,2.459016393442623,119,122,3,0,119,118,13295,0,0,0,0,4
2020-10-17,US,Virginia,Manassas,2007,26,0,38.7464321,-77.48509905,51683.0,4884.994523548739,1.2954658694569008,1981,2006,26,0,1980,2004,41641,1,0,0,1,2
2020-10-17,US,Virginia,Manassas Park,631,8,0,38.77058531,-77.44399307,51685.0,3610.2528893466083,1.2678288431061806,623,629,8,0,621,628,17307,2,0,0,2,1
2020-10-17,US,Virginia,Martinsville,451,23,0,36.68212094,-79.86352771,51690.0,3592.4804843077904,5.099778270509979,428,445,23,0,422,445,12902,6,0,0,6,0
2020-10-17,US,Virginia,Mathews,127,0,0,37.44164146,-76.34098896,51115.0,1437.6273488793302,0.0,127,127,0,0,127,127,8802,0,0,0,0,0
2020-10-17,US,Virginia,Mecklenburg,846,34,0,36.67882005,-78.36131056,51117.0,2765.880929806781,4.018912529550828,812,844,34,0,810,844,30650,2,0,0,2,0
2020-10-17,US,Virginia,Middlesex,139,11,0,37.63191998,-76.55064617,51119.0,1313.5513135513136,7.913669064748201,128,138,11,0,127,137,10769,1,0,0,1,1
2020-10-17,US,Virginia,Montgomery,2486,5,0,37.17746986,-80.37868691,51121.0,2522.961384279697,0.2011263073209976,2481,2450,5,0,2445,2403,98985,36,0,0,36,47
2020-10-17,US,Virginia,Nelson,125,2,0,37.78790447,-78.88498513,51125.0,837.2404554588077,1.6,123,125,2,0,123,124,14836,0,0,0,0,1
2020-10-17,US,Virginia,New Kent,262,3,0,37.50694406,-76.99828634,51127.0,1134.6412021999913,1.1450381679389312,259,259,3,0,256,257,22391,3,0,0,3,2
2020-10-17,US,Virginia,Newport News,3031,49,0,37.08166899,-76.51754109,51700.0,1691.1703166410935,1.6166281755196306,2982,3008,49,0,2959,2973,178626,23,0,0,23,35
2020-10-17,US,Virginia,Norfolk,5169,82,0,36.89934014,-76.26420872,51710.0,2129.421360951133,1.5863803443606113,5087,5145,81,0,5064,5122,244076,24,1,0,23,23
2020-10-17,US,Virginia,Northampton,312,31,0,37.34062933,-75.87751591,51131.0,2664.389410760034,9.935897435897436,281,312,31,0,281,311,11735,0,0,0,0,1
2020-10-17,US,Virginia,Northumberland,208,7,0,37.89202088,-76.41949732,51133.0,1719.7188921041752,3.3653846153846154,201,206,6,0,200,206,12147,2,1,0,1,0
2020-10-17,US,Virginia,Norton,44,0,0,36.93357076,-82.62750411,51720.0,1105.249937201708,0.0,44,44,0,0,44,44,3968,0,0,0,0,0
2020-10-17,US,Virginia,Nottoway,329,20,0,37.1435975,-78.05065922,51135.0,2159.9264705882347,6.079027355623101,309,322,20,0,302,316,15420,7,0,0,7,6
2020-10-17,US,Virginia,Orange,370,5,0,38.24530219,-78.01560400000002,51137.0,998.623518933362,1.351351351351351,365,367,5,0,362,363,36644,3,0,0,3,4
2020-10-17,US,Virginia,Page,453,30,0,38.61807452,-78.48797204,51139.0,1895.238892142917,6.622516556291392,423,449,30,0,419,442,23933,4,0,0,4,7
2020-10-17,US,Virginia,Patrick,299,26,0,36.680163799999995,-80.2865648,51141.0,1698.0917764652431,8.695652173913043,273,295,26,0,269,296,17673,4,0,0,4,-1
2020-10-17,US,Virginia,Petersburg,859,29,0,37.20530399,-77.39368102,51730.0,2740.381547884897,3.3760186263096625,830,840,29,0,811,838,31567,19,0,0,19,2
2020-10-17,US,Virginia,Pittsylvania,1195,12,0,36.81980341,-79.39731264,51143.0,1979.9847566027106,1.00418410041841,1183,1183,11,0,1172,1185,60949,12,1,0,11,-2
2020-10-17,US,Virginia,Poquoson,88,2,0,37.14259351,-76.35798148,51735.0,717.1379675658055,2.272727272727273,86,87,2,0,85,86,12190,1,0,0,1,1
2020-10-17,US,Virginia,Portsmouth,2715,64,0,36.85914825,-76.35971629,51740.0,2876.1202567851005,2.3572744014732967,2651,2713,64,0,2649,2706,94632,2,0,0,2,7
2020-10-17,US,Virginia,Powhatan,278,5,0,37.55016038,-77.91267882,51145.0,937.5421556724672,1.7985611510791366,273,268,5,0,263,269,29189,10,0,0,10,-1
2020-10-17,US,Virginia,Prince Edward,714,13,0,37.22554789,-78.43597949,51147.0,3131.304271555127,1.8207282913165264,701,705,12,0,693,700,22950,9,1,0,8,5
2020-10-17,US,Virginia,Prince George,1016,5,0,37.18497668,-77.22922187,51149.0,2649.0756916017003,0.4921259842519685,1011,1000,5,0,995,997,38082,16,0,0,16,3
2020-10-17,US,Virginia,Prince William,13493,217,0,38.70916224,-77.48713689,51153.0,2868.806276377476,1.6082413103090492,13276,13451,216,0,13235,13390,468011,42,1,0,41,61
2020-10-17,US,Virginia,Pulaski,265,6,0,37.06474963,-80.71229738,51155.0,778.7933111940519,2.2641509433962264,259,263,6,0,257,260,34066,2,0,0,2,3
2020-10-17,US,Virginia,Radford,823,1,0,37.12222899,-80.56027320000003,51750.0,4509.836155405776,0.12150668286755772,822,807,1,0,806,790,18339,16,0,0,16,17
2020-10-17,US,Virginia,Rappahannock,65,2,0,38.68295619,-78.15826963,51157.0,881.9538670284938,3.0769230769230766,63,65,2,0,63,66,7252,0,0,0,0,-1
2020-10-17,US,Virginia,Richmond,373,4,0,37.937575,-76.72920628,51159.0,4133.880084229192,1.0723860589812333,369,372,4,0,368,371,9038,1,0,0,1,1
2020-10-17,US,Virginia,Richmond City,5057,63,0,37.53255773,-77.47966921,51760.0,2194.5355760384664,1.2457979038955902,4994,5027,63,0,4964,5003,228783,30,0,0,30,24
2020-10-17,US,Virginia,Roanoke,1244,9,0,37.26865804,-80.06396753,51161.0,1320.7907756991485,0.7234726688102894,1235,1224,9,0,1215,1183,94073,20,0,0,20,41
2020-10-17,US,Virginia,Roanoke City,2332,32,0,37.27791025,-79.96189766,51770.0,2352.157994008654,1.37221269296741,2300,2296,32,0,2264,2276,99920,36,0,0,36,20
2020-10-17,US,Virginia,Rockbridge,144,3,0,37.81204314,-79.44605905,51163.0,637.9302706773581,2.083333333333333,141,143,3,0,140,140,22752,1,0,0,1,3
2020-10-17,US,Virginia,Rockingham,1685,23,0,38.51006137,-78.87260325,51165.0,2056.1819690535463,1.3649851632047478,1662,1672,22,0,1650,1660,81244,13,1,0,12,12
2020-10-17,US,Virginia,Russell,404,8,0,36.93028320000001,-82.10095486,51167.0,1519.5967802602875,1.98019801980198,396,395,8,0,387,386,26748,9,0,0,9,9
2020-10-17,US,Virginia,Salem,426,6,0,37.2836193,-80.06219455,51775.0,1683.7279158926526,1.4084507042253518,420,424,6,0,418,409,25643,2,0,0,2,15
2020-10-17,US,Virginia,Scott,261,5,0,36.71466456,-82.60171704,51169.0,1210.2383381248262,1.9157088122605364,256,248,5,0,243,240,21534,13,0,0,13,8
2020-10-17,US,Virginia,Shenandoah,911,59,0,38.85905135,-78.56813762,51171.0,2088.683052090976,6.476399560922062,852,902,59,0,843,893,43497,9,0,0,9,9
2020-10-17,US,Virginia,Smyth,587,22,0,36.84455636,-81.53344948,51173.0,1949.9069891044376,3.7478705281090288,565,583,22,0,561,583,30472,4,0,0,4,0
2020-10-17,US,Virginia,Southampton,884,31,0,36.72231125,-77.10642712,51175.0,5013.895978673927,3.5067873303167416,853,880,31,0,849,876,17586,4,0,0,4,4
2020-10-17,US,Virginia,Spotsylvania,2315,47,0,38.18574462,-77.655399,51177.0,1699.5191425320263,2.0302375809935205,2268,2306,46,0,2260,2298,134238,9,1,0,8,8
2020-10-17,US,Virginia,Stafford,2255,19,0,38.41758738,-77.45917053,51179.0,1474.9937860572204,0.8425720620842572,2236,2247,19,0,2228,2230,149960,8,0,0,8,17
2020-10-17,US,Virginia,Staunton,350,0,0,38.15965544,-79.05979937,51790.0,1403.8183860099468,0.0,350,347,0,0,347,338,24922,3,0,0,3,9
2020-10-17,US,Virginia,Suffolk,2236,77,0,36.70155394,-76.63603554,51800.0,2427.585008902593,3.443649373881932,2159,2229,77,0,2152,2220,91185,7,0,0,7,9
2020-10-17,US,Virginia,Surry,136,4,0,37.11781893,-76.88450012,51181.0,2117.720336343818,2.9411764705882355,132,135,4,0,131,134,6474,1,0,0,1,1
2020-10-17,US,Virginia,Sussex,638,12,0,36.92432914,-77.25791182,51183.0,5717.358186217403,1.8808777429467085,626,636,12,0,624,634,11237,2,0,0,2,2
2020-10-17,US,Virginia,Tazewell,408,2,0,37.12191123,-81.56685568,51185.0,1005.049882990516,0.4901960784313725,406,399,2,0,397,395,40855,9,0,0,9,4
2020-10-17,US,Virginia,Virginia Beach,7513,102,0,36.73285734,-76.04566934,51810.0,1669.652024339184,1.3576467456408892,7411,7473,103,0,7370,7415,450189,40,-1,0,41,58
2020-10-17,US,Virginia,Warren,515,14,0,38.90847745,-78.20280433,51187.0,1282.2428045015433,2.718446601941748,501,514,14,0,500,514,40003,1,0,0,1,0
2020-10-17,US,Virginia,Washington,823,22,0,36.72341572,-81.95666289,51191.0,1531.447711202084,2.67314702308627,801,800,21,0,779,778,54402,23,1,0,22,22
2020-10-17,US,Virginia,Waynesboro,353,3,0,38.06451466,-78.90293905,51820.0,1559.8762704374726,0.8498583569405099,350,352,3,0,349,348,22628,1,0,0,1,4
2020-10-17,US,Virginia,Westmoreland,332,5,0,38.11021557,-76.80213247,51193.0,1842.9086872051068,1.5060240963855422,327,329,4,0,325,328,17830,3,1,0,2,1
2020-10-17,US,Virginia,Williamsburg,204,8,0,37.28131268,-76.70905141,51830.0,1364.1834960545673,3.92156862745098,196,204,8,0,196,204,14896,0,0,0,0,0
2020-10-17,US,Virginia,Winchester,554,4,0,39.17054517,-78.17325058,51840.0,1973.0750053422607,0.7220216606498195,550,549,4,0,545,542,28108,5,0,0,5,7
2020-10-17,US,Virginia,Wise,515,9,0,36.9746148,-82.62410519,51195.0,1377.6315437498329,1.7475728155339805,506,508,9,0,499,500,38012,7,0,0,7,8
2020-10-17,US,Virginia,Wythe,305,6,0,36.91582035,-81.07834059,51197.0,1063.3105564077534,1.9672131147540983,299,303,6,0,297,295,28754,2,0,0,2,8
2020-10-17,US,Virginia,York,616,9,0,37.24374789,-76.54412815,51199.0,902.1675454012887,1.4610389610389611,607,612,9,0,603,603,67846,4,0,0,4,9
2020-10-17,US,Washington,Adams,906,10,0,46.98299757,-118.56017340000001,53001.0,4533.853775709353,1.1037527593818983,896,902,10,0,892,899,19759,4,0,0,4,3
2020-10-17,US,Washington,Asotin,180,6,0,46.18894415,-117.2022851,53003.0,797.0950314409707,3.333333333333333,174,175,6,0,169,167,22610,5,0,0,5,8
2020-10-17,US,Washington,Benton,4958,132,0,46.23946995,-119.51208340000001,53005.0,2425.754684671461,2.662363856393707,4826,4929,132,0,4797,4903,201877,29,0,0,29,26
2020-10-17,US,Washington,Chelan,1953,16,0,47.87046092,-120.6173956,53007.0,2529.79274611399,0.819252432155658,1937,1939,16,0,1923,1932,77036,14,0,0,14,7
2020-10-17,US,Washington,Clallam,250,1,0,48.04754642,-123.92263190000001,53009.0,323.2856163763562,0.4,249,249,1,0,248,246,76737,1,0,0,1,3
2020-10-17,US,Washington,Clark,3948,74,0,45.77568046,-122.48292040000001,53011.0,808.6170559211537,1.8743667679837888,3874,3907,74,0,3833,3877,481857,41,0,0,41,30
2020-10-17,US,Washington,Columbia,14,1,0,46.29442881,-117.9051983,53013.0,351.3174404015057,7.142857142857142,13,14,1,0,13,14,4059,0,0,0,0,0
2020-10-17,US,Washington,Cowlitz,759,7,0,46.19074721,-122.6782231,53015.0,686.3002179161431,0.9222661396574441,752,754,7,0,747,744,108987,5,0,0,5,10
2020-10-17,US,Washington,Douglas,1219,9,0,47.7361335,-119.69293700000001,53017.0,2806.880195261231,0.7383100902379001,1210,1217,9,0,1208,1216,42907,2,0,0,2,1
2020-10-17,US,Washington,Ferry,30,0,0,48.471143100000006,-118.5154041,53019.0,393.3394519470304,0.0,30,30,0,0,30,30,7649,0,0,0,0,0
2020-10-17,US,Washington,Franklin,4630,67,0,46.53351425,-118.9018212,53021.0,4862.321732372771,1.4470842332613392,4563,4602,67,0,4535,4589,94347,28,0,0,28,13
2020-10-17,US,Washington,Garfield,14,0,0,46.43197502,-117.54540320000001,53023.0,629.2134831460675,0.0,14,13,0,0,13,13,2247,1,0,0,1,0
2020-10-17,US,Washington,Grant,3250,23,0,47.20753737,-119.4500749,53025.0,3325.3865122323064,0.7076923076923077,3227,3227,23,0,3204,3201,97331,23,0,0,23,26
2020-10-17,US,Washington,Grays Harbor,629,11,0,47.14003705,-123.7820567,53027.0,837.9851054475693,1.7488076311605725,618,627,11,0,616,614,73901,2,0,0,2,13
2020-10-17,US,Washington,Island,360,12,0,48.14713305,-122.5216407,53029.0,422.82801470501886,3.333333333333333,348,357,12,0,345,351,84460,3,0,0,3,6
2020-10-17,US,Washington,Jefferson,81,0,0,47.75003077,-123.56097040000002,53031.0,251.38884578380558,0.0,81,80,0,0,80,80,31729,1,0,0,1,0
2020-10-17,US,Washington,King,24985,793,0,47.49137892,-121.8346131,53033.0,1109.0731371255627,3.1739043426055638,24192,24769,792,0,23977,24610,2233163,216,1,0,215,159
2020-10-17,US,Washington,Kitsap,1407,19,0,47.63479026,-122.6436061,53035.0,518.2835862129937,1.3503909026297083,1388,1397,19,0,1378,1386,269805,10,0,0,10,11
2020-10-17,US,Washington,Kittitas,666,22,0,47.12521214,-120.67943899999999,53037.0,1389.3814540523624,3.3033033033033035,644,657,22,0,635,642,47364,9,0,0,9,15
2020-10-17,US,Washington,Klickitat,203,3,0,45.87325839,-120.7913598,53039.0,905.2396878483836,1.477832512315271,200,202,3,0,199,202,22107,1,0,0,1,0
2020-10-17,US,Washington,Lewis,655,8,0,46.57756476,-122.39257690000001,53041.0,811.5776822332635,1.2213740458015268,647,649,8,0,641,643,79604,6,0,0,6,6
2020-10-17,US,Washington,Lincoln,64,2,0,47.57705241,-118.41943880000001,53043.0,585.0626199835451,3.125,62,64,2,0,62,63,10740,0,0,0,0,1
2020-10-17,US,Washington,Mason,492,9,0,47.35007586,-123.1863685,53045.0,736.8799424874193,1.8292682926829267,483,490,9,0,481,490,65507,2,0,0,2,0
2020-10-17,US,Washington,Okanogan,1090,10,0,48.54855019,-119.73872240000001,53047.0,2580.309163648415,0.9174311926605504,1080,1090,10,0,1080,1090,42132,0,0,0,0,0
2020-10-17,US,Washington,Pacific,112,3,0,46.55418369,-123.7285716,53049.0,498.4201860175337,2.6785714285714284,109,107,3,0,104,107,22036,5,0,0,5,0
2020-10-17,US,Washington,Pend Oreille,126,0,0,48.53234021,-117.2741804,53051.0,918.0996793937628,0.0,126,125,0,0,125,123,13602,1,0,0,1,2
2020-10-17,US,Washington,Pierce,9163,217,0,47.03892768,-122.14059579999999,53053.0,1012.5085637251652,2.368220015278838,8946,9075,217,0,8858,8995,891299,88,0,0,88,80
2020-10-17,US,Washington,San Juan,30,0,0,48.60182783,-122.96745,53055.0,170.62905243999546,0.0,30,30,0,0,30,30,17128,0,0,0,0,0
2020-10-17,US,Washington,Skagit,1194,23,0,48.48171488,-121.766131,53057.0,924.1128439301884,1.9262981574539364,1171,1188,23,0,1165,1184,128206,6,0,0,6,4
2020-10-17,US,Washington,Skamania,69,1,0,46.02408726,-121.91644029999999,53059.0,571.0502358685758,1.4492753623188406,68,68,1,0,67,66,11924,1,0,0,1,2
2020-10-17,US,Washington,Snohomish,7937,220,0,48.04615983,-121.7170703,53061.0,965.474289092464,2.7718281466549075,7717,7849,220,0,7629,7758,814901,88,0,0,88,91
2020-10-17,US,Washington,Spokane,8476,185,0,47.62113146,-117.4046494,53063.0,1621.27628644333,2.182633317602643,8291,8371,185,0,8186,8284,514631,105,0,0,105,87
2020-10-17,US,Washington,Stevens,232,5,0,48.40035475,-117.8542701,53065.0,507.4032762504647,2.155172413793104,227,229,5,0,224,227,45260,3,0,0,3,2
2020-10-17,US,Washington,Thurston,1402,21,0,46.9291895,-122.82906559999999,53067.0,482.55637855549736,1.4978601997146932,1381,1388,21,0,1367,1345,286419,14,0,0,14,43
2020-10-17,US,Washington,Unassigned,348,4,0,0.0,0.0,90053.0,0.0,1.1494252873563218,344,347,5,0,342,352,,1,-1,0,2,-5
2020-10-17,US,Washington,Wahkiakum,10,0,0,46.29180039999999,-123.4250831,53069.0,222.81639928698758,0.0,10,10,0,0,10,9,4426,0,0,0,0,1
2020-10-17,US,Washington,Walla Walla,987,6,0,46.23040051,-118.4775539,53071.0,1624.4239631336407,0.6079027355623101,981,980,6,0,974,970,60922,7,0,0,7,10
2020-10-17,US,Washington,Whatcom,1503,49,0,48.82227976,-121.74900179999999,53073.0,655.624719189346,3.2601463739188286,1454,1493,49,0,1444,1489,225685,10,0,0,10,4
2020-10-17,US,Washington,Whitman,1644,3,0,46.90022523,-117.52417630000001,53075.0,3281.1751556761933,0.18248175182481752,1641,1614,3,0,1611,1587,49791,30,0,0,30,27
2020-10-17,US,Washington,Yakima,11695,267,0,46.45738486,-120.73801259999999,53077.0,4661.721269327509,2.2830269345874306,11428,11680,267,0,11413,11657,251446,15,0,0,15,23
2020-10-17,US,West Virginia,Barbour,163,1,0,39.1307219,-80.00350858,54001.0,991.4238793260747,0.6134969325153374,162,158,1,0,157,155,16535,5,0,0,5,3
2020-10-17,US,West Virginia,Berkeley,1376,17,0,39.46704621,-78.02414609,54003.0,1154.6433276552182,1.2354651162790695,1359,1349,17,0,1332,1315,117123,27,0,0,27,34
2020-10-17,US,West Virginia,Boone,288,3,0,38.01974191,-81.69888019,54005.0,1342.2193223656614,1.0416666666666667,285,284,3,0,281,280,21951,4,0,0,4,4
2020-10-17,US,West Virginia,Braxton,35,0,0,38.70036159,-80.72011184,54007.0,250.77022282725517,0.0,35,31,0,0,31,30,14089,4,0,0,4,1
2020-10-17,US,West Virginia,Brooke,192,1,0,40.27367263,-80.57915332,54009.0,875.1538356351703,0.5208333333333334,191,185,1,0,184,142,22203,7,0,0,7,43
2020-10-17,US,West Virginia,Cabell,1141,16,0,38.42424062,-82.23855912,54011.0,1240.9592691282833,1.4022787028922001,1125,1130,15,0,1115,1092,93224,11,1,0,10,38
2020-10-17,US,West Virginia,Calhoun,32,0,0,38.84315422,-81.11934872,54013.0,450.1336334224224,0.0,32,32,0,0,32,32,7254,0,0,0,0,0
2020-10-17,US,West Virginia,Clay,51,2,0,38.46231092,-81.07652217,54015.0,599.4358251057828,3.92156862745098,49,51,2,0,49,51,8632,0,0,0,0,0
2020-10-17,US,West Virginia,Doddridge,65,1,0,39.27057157,-80.70671527,54017.0,769.4128787878788,1.5384615384615383,64,63,1,0,62,59,8406,2,0,0,2,4
2020-10-17,US,West Virginia,Fayette,709,20,0,38.02974928,-81.08286634,54019.0,1671.9332169975946,2.8208744710860367,689,705,19,0,686,697,43018,4,1,0,3,8
2020-10-17,US,West Virginia,Gilmer,62,0,0,38.9251277,-80.85952723,54021.0,792.5348331842005,0.0,62,61,0,0,61,60,8026,1,0,0,1,1
2020-10-17,US,West Virginia,Grant,178,8,0,39.10314817,-79.19440518,54023.0,1538.7275242047024,4.49438202247191,170,177,7,0,170,177,11626,1,1,0,0,0
2020-10-17,US,West Virginia,Greenbrier,153,3,0,37.9463652,-80.45335881,54025.0,441.40557382724603,1.96078431372549,150,151,3,0,148,146,34786,2,0,0,2,5
2020-10-17,US,West Virginia,Hampshire,118,1,0,39.32103553,-78.60826476,54027.0,509.1693635382956,0.8474576271186439,117,118,1,0,117,118,23347,0,0,0,0,0
2020-10-17,US,West Virginia,Hancock,188,0,0,40.51943859,-80.57461608,54029.0,652.5511975008677,0.0,188,188,0,0,188,188,29094,0,0,0,0,0
2020-10-17,US,West Virginia,Hardy,101,1,0,39.00683177,-78.85855301,54031.0,733.1591173054587,0.99009900990099,100,101,1,0,100,100,13775,0,0,0,0,1
2020-10-17,US,West Virginia,Harrison,619,10,0,39.2853852,-80.37919577,54033.0,920.3639823956227,1.615508885298869,609,616,10,0,606,588,67554,3,0,0,3,28
2020-10-17,US,West Virginia,Jackson,345,24,0,38.84263974,-81.68148753,54035.0,1207.306830907055,6.956521739130435,321,341,24,0,317,336,28706,4,0,0,4,5
2020-10-17,US,West Virginia,Jefferson,518,4,0,39.30776166,-77.86014147,54037.0,906.4501452420116,0.7722007722007722,514,513,4,0,509,495,56811,5,0,0,5,18
2020-10-17,US,West Virginia,Kanawha,3273,101,0,38.33860077,-81.52857054,54039.0,1837.4839999101748,3.0858539566147267,3172,3249,101,0,3148,3196,180454,24,0,0,24,53
2020-10-17,US,West Virginia,Lewis,64,2,0,38.9947249,-80.49988181,54041.0,402.33859307223236,3.125,62,64,2,0,62,62,16024,0,0,0,0,2
2020-10-17,US,West Virginia,Lincoln,207,2,0,38.172154,-82.07017953,54043.0,1014.2584154049684,0.966183574879227,205,206,2,0,204,203,20599,1,0,0,1,3
2020-10-17,US,West Virginia,Logan,707,43,0,37.8299889,-81.93528571,54045.0,2208.0639620225493,6.082036775106082,664,706,43,0,663,701,32607,1,0,0,1,5
2020-10-17,US,West Virginia,Marion,351,5,0,39.50984542,-80.24244659,54049.0,625.9808817234982,1.4245014245014245,346,341,5,0,336,337,56097,10,0,0,10,4
2020-10-17,US,West Virginia,Marshall,241,1,0,39.86064362,-80.66591062,54051.0,789.3616324391603,0.4149377593360996,240,238,1,0,237,231,30785,3,0,0,3,7
2020-10-17,US,West Virginia,Mason,161,6,0,38.77071799,-82.02524219,54053.0,607.1805702217529,3.7267080745341614,155,157,6,0,151,156,26718,4,0,0,4,1
2020-10-17,US,West Virginia,McDowell,104,1,0,37.38002939,-81.65083669,54047.0,590.1044030866999,0.9615384615384616,103,103,1,0,102,100,18223,1,0,0,1,3
2020-10-17,US,West Virginia,Mercer,550,30,0,37.40481169,-81.11023142,54055.0,936.0427516253106,5.454545454545454,520,535,30,0,505,494,59131,15,0,0,15,41
2020-10-17,US,West Virginia,Mineral,202,4,0,39.41561583,-78.94104895,54057.0,751.8237308322168,1.98019801980198,198,201,4,0,197,196,26940,1,0,0,1,5
2020-10-17,US,West Virginia,Mingo,494,10,0,37.73048351,-82.13338365,54059.0,2108.948087431694,2.0242914979757085,484,490,10,0,480,478,23785,4,0,0,4,12
2020-10-17,US,West Virginia,Monongalia,2214,5,0,39.63218457,-80.04766838,54061.0,2096.352687194637,0.2258355916892502,2209,2205,5,0,2200,2190,106420,9,0,0,9,15
2020-10-17,US,West Virginia,Monroe,188,8,0,37.56274716,-80.54577965,54063.0,1416.195856873823,4.25531914893617,180,184,8,0,176,175,13280,4,0,0,4,9
2020-10-17,US,West Virginia,Morgan,95,0,0,39.55439028,-78.26311676,54065.0,531.2010735853277,0.0,95,93,0,0,93,89,17787,2,0,0,2,4
2020-10-17,US,West Virginia,Nicholas,172,3,0,38.29617706,-80.79759588,54067.0,702.1554539516655,1.7441860465116281,169,170,3,0,167,160,24842,2,0,0,2,10
2020-10-17,US,West Virginia,Ohio,452,7,0,40.0955451,-80.62203992,54069.0,1091.497428219555,1.5486725663716814,445,443,7,0,436,433,41755,9,0,0,9,10
2020-10-17,US,West Virginia,Pendleton,65,1,0,38.68314479,-79.35084086,54071.0,932.7019658487587,1.5384615384615383,64,65,1,0,64,63,6997,0,0,0,0,2
2020-10-17,US,West Virginia,Pleasants,22,3,0,39.37091679,-81.16771771,54073.0,294.9061662198391,13.636363636363635,19,22,3,0,19,21,7507,0,0,0,0,1
2020-10-17,US,West Virginia,Pocahontas,64,0,0,38.32758728,-80.00993811,54075.0,776.039772038317,0.0,64,64,0,0,64,62,8414,0,0,0,0,2
2020-10-17,US,West Virginia,Preston,174,4,0,39.46770987,-79.66712803,54077.0,520.45944005743,2.2988505747126435,170,174,4,0,170,172,33839,0,0,0,0,2
2020-10-17,US,West Virginia,Putnam,779,10,0,38.50782345,-81.9082131,54079.0,1379.9822852081488,1.2836970474967908,769,767,10,0,757,739,56682,12,0,0,12,28
2020-10-17,US,West Virginia,Raleigh,643,8,0,37.76936795,-81.2456041,54081.0,876.4875069860009,1.2441679626749609,635,638,8,0,630,629,74254,5,0,0,5,9
2020-10-17,US,West Virginia,Randolph,372,1,0,38.769899,-79.87919615,54083.0,1296.3930998431786,0.26881720430107525,371,368,1,0,367,360,28823,4,0,0,4,8
2020-10-17,US,West Virginia,Ritchie,25,0,0,39.18094587,-81.06356878,54085.0,261.6705045007327,0.0,25,25,0,0,25,23,9721,0,0,0,0,2
2020-10-17,US,West Virginia,Roane,86,2,0,38.71622686,-81.35243568,54087.0,628.2875511396844,2.3255813953488373,84,85,2,0,83,82,13932,1,0,0,1,3
2020-10-17,US,West Virginia,Summers,73,0,0,37.65390597,-80.86009693,54089.0,580.6092420265649,0.0,73,72,0,0,72,67,12760,1,0,0,1,5
2020-10-17,US,West Virginia,Taylor,158,8,0,39.33602617,-80.0421439,54091.0,946.3911350703804,5.063291139240507,150,158,8,0,150,157,16862,0,0,0,0,1
2020-10-17,US,West Virginia,Tucker,52,0,0,39.11240885,-79.57053576,54093.0,760.3450796900131,0.0,52,52,0,0,52,50,6955,0,0,0,0,2
2020-10-17,US,West Virginia,Tyler,24,1,0,39.46811972,-80.88772676,54095.0,279.36212315213595,4.166666666666667,23,24,1,0,23,24,8746,0,0,0,0,0
2020-10-17,US,West Virginia,Upshur,216,1,0,38.89285061,-80.23689136,54097.0,893.4480476505626,0.462962962962963,215,210,1,0,209,203,24415,6,0,0,6,7
2020-10-17,US,West Virginia,Wayne,484,11,0,38.14901357,-82.42287994,54099.0,1228.3640424343942,2.272727272727273,473,477,11,0,466,465,39944,7,0,0,7,12
2020-10-17,US,West Virginia,Webster,19,0,0,38.49370949,-80.4202023,54101.0,234.1631747596746,0.0,19,17,0,0,17,15,8285,2,0,0,2,2
2020-10-17,US,West Virginia,Wetzel,81,0,0,39.6065771,-80.64016540000001,54103.0,537.6700962495852,0.0,81,78,0,0,78,71,15270,3,0,0,3,7
2020-10-17,US,West Virginia,Wirt,28,0,0,39.02775007,-81.37473928,54105.0,481.0170073870469,0.0,28,26,0,0,26,23,5830,2,0,0,2,3
2020-10-17,US,West Virginia,Wood,468,6,0,39.20967886,-81.5162836,54107.0,560.3582461265835,1.2820512820512822,462,464,6,0,458,444,84203,4,0,0,4,20
2020-10-17,US,West Virginia,Wyoming,163,5,0,37.612327,-81.54511071,54109.0,799.2546827498284,3.0674846625766867,158,161,5,0,156,152,20786,2,0,0,2,9
2020-10-17,US,Wisconsin,Adams,352,4,0,43.96974651,-89.76782777,55001.0,1740.8506429277945,1.1363636363636365,348,352,4,0,348,340,20348,0,0,0,0,12
2020-10-17,US,Wisconsin,Ashland,214,3,0,46.31956891,-90.67837132,55003.0,1375.1445829584884,1.4018691588785046,211,214,3,0,211,210,15600,0,0,0,0,4
2020-10-17,US,Wisconsin,Barron,730,6,0,45.42372701,-91.84833627,55005.0,1613.4736097604102,0.821917808219178,724,730,6,0,724,701,45164,0,0,0,0,29
2020-10-17,US,Wisconsin,Bayfield,168,1,0,46.52868768,-91.19716729,55007.0,1117.31843575419,0.5952380952380952,167,168,1,0,167,166,15042,0,0,0,0,2
2020-10-17,US,Wisconsin,Brown,12848,84,0,44.452655299999996,-88.00411844,55009.0,4856.695723174392,0.6537982565379825,12764,12848,84,0,12764,12519,263378,0,0,0,0,329
2020-10-17,US,Wisconsin,Buffalo,197,2,0,44.37835084,-91.75332578,55011.0,1511.7796024863787,1.0152284263959392,195,197,2,0,195,191,13125,0,0,0,0,6
2020-10-17,US,Wisconsin,Burnett,261,6,0,45.86303537,-92.36711412,55013.0,1693.2658622031922,2.2988505747126435,255,261,6,0,255,255,15392,0,0,0,0,6
2020-10-17,US,Wisconsin,Calumet,2174,10,0,44.0816316,-88.21780273,55015.0,4340.274311725128,0.4599816007359706,2164,2174,10,0,2164,2094,50159,0,0,0,0,80
2020-10-17,US,Wisconsin,Chippewa,1017,2,0,45.06939744,-91.28068855,55017.0,1572.891212224319,0.19665683382497545,1015,1017,2,0,1015,959,64135,0,0,0,0,58
2020-10-17,US,Wisconsin,Clark,623,11,0,44.73483377,-90.61207486,55019.0,1791.568413182263,1.7656500802568218,612,623,11,0,612,599,34709,0,0,0,0,24
2020-10-17,US,Wisconsin,Columbia,1321,4,0,43.46492199,-89.33589004,55021.0,2296.1134672877693,0.3028009084027252,1317,1321,4,0,1317,1266,57358,0,0,0,0,55
2020-10-17,US,Wisconsin,Crawford,284,0,0,43.23870316,-90.93073686,55023.0,1760.5852086045502,0.0,284,284,0,0,284,268,16291,0,0,0,0,16
2020-10-17,US,Wisconsin,Dane,12296,46,0,43.06601594,-89.41733797,55025.0,2249.1517207949587,0.3741054001301236,12250,12296,46,0,12250,12072,542364,0,0,0,0,224
2020-10-17,US,Wisconsin,Dodge,2891,21,0,43.41576662,-88.70928178,55027.0,3291.248761939457,0.7263922518159807,2870,2891,21,0,2870,2806,87847,0,0,0,0,85
2020-10-17,US,Wisconsin,Door,584,4,0,44.95856458,-87.30002707,55029.0,2110.741651004771,0.6849315068493149,580,584,4,0,580,563,27610,0,0,0,0,21
2020-10-17,US,Wisconsin,Douglas,673,1,0,46.43222285,-91.91595768,55031.0,1559.675550405562,0.1485884101040119,672,673,1,0,672,655,43208,0,0,0,0,18
2020-10-17,US,Wisconsin,Dunn,827,1,0,44.94562799,-91.8962481,55033.0,1822.8707459001944,0.12091898428053205,826,827,1,0,826,797,45131,0,0,0,0,30
2020-10-17,US,Wisconsin,Eau Claire,2558,9,0,44.726614,-91.28609183,55035.0,2444.431703075129,0.3518373729476153,2549,2558,9,0,2549,2508,104534,0,0,0,0,50
2020-10-17,US,Wisconsin,Florence,149,4,0,45.84963535,-88.39804137,55037.0,3469.1501746216527,2.684563758389262,145,149,4,0,145,149,4321,0,0,0,0,0
2020-10-17,US,Wisconsin,Fond du Lac,3375,17,0,43.75354908,-88.48885325,55039.0,3263.9285127123967,0.5037037037037037,3358,3375,17,0,3358,3247,103066,0,0,0,0,128
2020-10-17,US,Wisconsin,Forest,392,10,0,45.66678019,-88.77084892,55041.0,4353.620613060862,2.5510204081632653,382,392,10,0,382,388,8991,0,0,0,0,4
2020-10-17,US,Wisconsin,Grant,1550,23,0,42.8671731,-90.7063218,55043.0,3013.2778630999824,1.4838709677419355,1527,1550,23,0,1527,1538,51554,0,0,0,0,12
2020-10-17,US,Wisconsin,Green,776,3,0,42.6794956,-89.60243287,55045.0,2099.5670995671,0.3865979381443299,773,776,3,0,773,760,36929,0,0,0,0,16
2020-10-17,US,Wisconsin,Green Lake,563,2,0,43.80025981,-89.04679553,55047.0,2976.7884523872467,0.3552397868561279,561,563,2,0,561,536,18918,0,0,0,0,27
2020-10-17,US,Wisconsin,Iowa,352,1,0,43.00050278,-90.13469017,55049.0,1486.6120449362274,0.2840909090909091,351,352,1,0,351,335,23771,0,0,0,0,17
2020-10-17,US,Wisconsin,Iron,159,1,0,46.26302338,-90.24295041,55051.0,2795.8501846316162,0.6289308176100629,158,159,1,0,158,158,5676,0,0,0,0,1
2020-10-17,US,Wisconsin,Jackson,256,1,0,44.31864893,-90.80566792,55053.0,1240.129826091169,0.390625,255,256,1,0,255,247,20478,0,0,0,0,9
2020-10-17,US,Wisconsin,Jefferson,2131,9,0,43.02054068,-88.77529134,55055.0,2513.890691172481,0.4223369310183013,2122,2131,9,0,2122,2112,85129,0,0,0,0,19
2020-10-17,US,Wisconsin,Juneau,581,3,0,43.92456975,-90.11120239,55057.0,2177.0899688987147,0.5163511187607573,578,581,3,0,578,566,26617,0,0,0,0,15
2020-10-17,US,Wisconsin,Kenosha,4266,69,0,42.57639354,-88.04051686,55059.0,2515.9087290119783,1.6174402250351618,4197,4266,69,0,4197,4194,169290,0,0,0,0,72
2020-10-17,US,Wisconsin,Kewaunee,877,4,0,44.51727459,-87.61468386,55061.0,4291.866497014779,0.4561003420752566,873,877,4,0,873,851,20383,0,0,0,0,26
2020-10-17,US,Wisconsin,La Crosse,3718,12,0,43.90632465,-91.11451093,55063.0,3150.4202819956618,0.32275416890801506,3706,3718,12,0,3706,3657,118230,0,0,0,0,61
2020-10-17,US,Wisconsin,Lafayette,445,1,0,42.66005229,-90.1317729,55065.0,2670.26702670267,0.2247191011235955,444,445,1,0,444,436,16665,0,0,0,0,9
2020-10-17,US,Wisconsin,Langlade,624,5,0,45.26271619,-89.07483625,55067.0,3251.8630465370784,0.8012820512820513,619,624,5,0,619,588,19268,0,0,0,0,36
2020-10-17,US,Wisconsin,Lincoln,506,5,0,45.33737523,-89.73411273,55069.0,1833.7984271373173,0.9881422924901184,501,506,5,0,501,484,27689,0,0,0,0,22
2020-10-17,US,Wisconsin,Manitowoc,2004,7,0,44.11946801,-87.80928853,55071.0,2537.319102062521,0.34930139720558884,1997,2004,7,0,1997,1940,79074,0,0,0,0,64
2020-10-17,US,Wisconsin,Marathon,3165,32,0,44.89792533,-89.75863384,55073.0,2332.488282286354,1.0110584518167456,3133,3165,32,0,3133,3016,135428,0,0,0,0,149
2020-10-17,US,Wisconsin,Marinette,1379,9,0,45.38553432,-88.03324599999998,55075.0,3417.596034696406,0.6526468455402465,1370,1379,9,0,1370,1349,40434,0,0,0,0,30
2020-10-17,US,Wisconsin,Marquette,479,2,0,43.81911946,-89.40073763,55077.0,3075.63888532169,0.4175365344467641,477,479,2,0,477,470,15434,0,0,0,0,9
2020-10-17,US,Wisconsin,Menominee,206,0,0,45.00422544,-88.70950714,55078.0,4521.510096575944,0.0,206,206,0,0,206,194,4658,0,0,0,0,12
2020-10-17,US,Wisconsin,Milwaukee,34400,554,0,43.00486062,-87.96733172,55079.0,3637.4171800288877,1.6104651162790695,33846,34400,554,0,33846,34017,948201,0,0,0,0,383
2020-10-17,US,Wisconsin,Monroe,878,3,0,43.94641218,-90.61881899999999,55081.0,1898.2552483082181,0.3416856492027335,875,878,3,0,875,853,46051,0,0,0,0,25
2020-10-17,US,Wisconsin,Oconto,1691,6,0,45.02715345,-88.26807503,55083.0,4458.2124967044565,0.3548196333530456,1685,1691,6,0,1685,1634,37830,0,0,0,0,57
2020-10-17,US,Wisconsin,Oneida,877,6,0,45.70677897,-89.51944105,55085.0,2463.8291894929057,0.6841505131128849,871,877,6,0,871,839,35470,0,0,0,0,38
2020-10-17,US,Wisconsin,Outagamie,7286,48,0,44.41578887,-88.46565023,55087.0,3877.9040370439366,0.6587976942080702,7238,7286,48,0,7238,7105,187365,0,0,0,0,181
2020-10-17,US,Wisconsin,Ozaukee,1778,23,0,43.38352225,-87.94625009,55089.0,1992.8043846179712,1.2935883014623173,1755,1778,23,0,1755,1740,89147,0,0,0,0,38
2020-10-17,US,Wisconsin,Pepin,86,0,0,44.58307413,-91.99949611,55091.0,1180.183889117607,0.0,86,86,0,0,86,85,7289,0,0,0,0,1
2020-10-17,US,Wisconsin,Pierce,582,7,0,44.71850291,-92.4224416,55093.0,1361.2761379052251,1.2027491408934707,575,582,7,0,575,559,42555,0,0,0,0,23
2020-10-17,US,Wisconsin,Polk,388,2,0,45.46130348,-92.44182875,55095.0,886.1887033780234,0.5154639175257731,386,388,2,0,386,375,43598,0,0,0,0,13
2020-10-17,US,Wisconsin,Portage,2121,15,0,44.47558711,-89.50152965,55097.0,2996.947945515176,0.7072135785007072,2106,2121,15,0,2106,2065,70942,0,0,0,0,56
2020-10-17,US,Wisconsin,Price,272,0,0,45.68051754,-90.36098879999999,55099.0,2037.300576735825,0.0,272,272,0,0,272,267,13397,0,0,0,0,5
2020-10-17,US,Wisconsin,Racine,6036,101,0,42.74753117,-88.05941254,55101.0,3074.7130828124764,1.6732935719019215,5935,6036,101,0,5935,5951,196584,0,0,0,0,85
2020-10-17,US,Wisconsin,Richland,364,6,0,43.3762778,-90.43012729,55103.0,2109.9003014143286,1.6483516483516485,358,364,6,0,358,350,17377,0,0,0,0,14
2020-10-17,US,Wisconsin,Rock,3828,38,0,42.67151616,-89.07147900000002,55105.0,2343.3769604662266,0.992685475444096,3790,3828,38,0,3790,3634,163129,0,0,0,0,194
2020-10-17,US,Wisconsin,Rusk,139,1,0,45.47498854,-91.1333012,55107.0,980.3921568627452,0.7194244604316546,138,139,1,0,138,109,14147,0,0,0,0,30
2020-10-17,US,Wisconsin,Sauk,1383,6,0,43.42574087,-89.94966132,55111.0,2146.1158871543407,0.4338394793926248,1377,1383,6,0,1377,1373,64249,0,0,0,0,10
2020-10-17,US,Wisconsin,Sawyer,319,1,0,45.87931905,-91.14504927,55113.0,1926.5611788863391,0.31347962382445144,318,319,1,0,318,304,16489,0,0,0,0,15
2020-10-17,US,Wisconsin,Shawano,1840,8,0,44.78902246,-88.76443896,55115.0,4498.887503361941,0.43478260869565216,1832,1840,8,0,1832,1773,40796,0,0,0,0,67
2020-10-17,US,Wisconsin,Sheboygan,2949,20,0,43.72099677,-87.94579284,55117.0,2556.788624934975,0.6781959986436079,2929,2949,20,0,2929,2828,115456,0,0,0,0,121
2020-10-17,US,Wisconsin,St. Croix,1367,9,0,45.03437474,-92.45000068,55109.0,1507.3825355343106,0.6583760058522312,1358,1367,9,0,1358,1332,89694,0,0,0,0,35
2020-10-17,US,Wisconsin,Taylor,334,6,0,45.21179252,-90.5004405,55119.0,1641.8424027921149,1.7964071856287425,328,334,6,0,328,324,20412,0,0,0,0,10
2020-10-17,US,Wisconsin,Trempealeau,842,2,0,44.30360275,-91.35893614,55121.0,2839.8934196768864,0.2375296912114014,840,842,2,0,840,821,29442,0,0,0,0,21
2020-10-17,US,Wisconsin,Vernon,418,3,0,43.59422667,-90.8324691,55123.0,1356.1741613133474,0.7177033492822966,415,418,3,0,415,401,30785,0,0,0,0,17
2020-10-17,US,Wisconsin,Vilas,397,3,0,46.05467334,-89.51719204,55125.0,1788.6911466546521,0.7556675062972292,394,397,3,0,394,388,21938,0,0,0,0,9
2020-10-17,US,Wisconsin,Walworth,3026,36,0,42.66858202,-88.54163073,55127.0,2913.3130511803442,1.1896893588896231,2990,3026,36,0,2990,2989,103718,0,0,0,0,37
2020-10-17,US,Wisconsin,Washburn,173,2,0,45.89838588,-91.79050449,55129.0,1100.5089058524172,1.1560693641618498,171,173,2,0,171,168,15878,0,0,0,0,5
2020-10-17,US,Wisconsin,Washington,3648,40,0,43.36863664,-88.22974712,55131.0,2681.6825205463338,1.0964912280701755,3608,3648,40,0,3608,3561,135693,0,0,0,0,87
2020-10-17,US,Wisconsin,Waukesha,9935,103,0,43.01833055,-88.30431188,55133.0,2457.9537751300104,1.0367388022143935,9832,9935,103,0,9832,9723,403072,0,0,0,0,212
2020-10-17,US,Wisconsin,Waupaca,1849,29,0,44.47068056,-88.96534501,55135.0,3626.201215924691,1.5684153596538668,1820,1849,29,0,1820,1806,51128,0,0,0,0,43
2020-10-17,US,Wisconsin,Waushara,741,3,0,44.11324419,-89.24317107,55137.0,3031.54277298204,0.4048582995951417,738,741,3,0,738,710,24263,0,0,0,0,31
2020-10-17,US,Wisconsin,Winnebago,7014,49,0,44.06886922,-88.64477096,55139.0,4080.1130844002864,0.6986027944111777,6965,7014,49,0,6965,6831,171020,0,0,0,0,183
2020-10-17,US,Wisconsin,Wood,1254,9,0,44.45537896,-90.04158336,55141.0,1717.8317511198786,0.7177033492822966,1245,1254,9,0,1245,1226,73055,0,0,0,0,28
2020-10-17,US,Wyoming,Albany,1034,1,0,41.65498705,-105.72354150000001,56001.0,2659.465020576132,0.0967117988394584,1033,1015,1,0,1014,959,38601,19,0,0,19,56
2020-10-17,US,Wyoming,Big Horn,137,2,0,44.52405055,-107.9960365,56003.0,1162.0016963528415,1.45985401459854,135,133,2,0,131,121,11881,4,0,0,4,12
2020-10-17,US,Wyoming,Campbell,566,2,0,44.24886082,-105.54744040000001,56005.0,1221.38063485898,0.353356890459364,564,551,2,0,549,522,46140,15,0,0,15,29
2020-10-17,US,Wyoming,Carbon,269,2,0,41.69357844,-106.9326084,56007.0,1817.5675675675675,0.7434944237918215,267,269,2,0,267,263,14971,0,0,0,0,6
2020-10-17,US,Wyoming,Converse,223,0,0,42.97272268,-105.5081848,56009.0,1613.3699898712198,0.0,223,223,0,0,223,217,13640,0,0,0,0,6
2020-10-17,US,Wyoming,Crook,81,0,0,44.58855102,-104.56977049999999,56011.0,1068.0379746835442,0.0,81,79,0,0,79,74,7450,2,0,0,2,5
2020-10-17,US,Wyoming,Fremont,1009,14,0,43.04183996,-108.6296893,56013.0,2569.9803876620567,1.3875123885034688,995,995,14,0,981,979,39531,14,0,0,14,16
2020-10-17,US,Wyoming,Goshen,134,2,0,42.08798185,-104.3534743,56015.0,1014.3062599349028,1.492537313432836,132,134,2,0,132,134,13376,0,0,0,0,0
2020-10-17,US,Wyoming,Hot Springs,41,0,0,43.71930657,-108.44231740000001,56017.0,929.0731928393384,0.0,41,41,0,0,41,41,4555,0,0,0,0,0
2020-10-17,US,Wyoming,Johnson,68,1,0,44.04057166,-106.58451740000001,56019.0,805.2101835405565,1.4705882352941178,67,65,1,0,64,60,8460,3,0,0,3,5
2020-10-17,US,Wyoming,Laramie,1133,4,0,41.30702520000001,-104.6887497,56021.0,1138.6934673366834,0.35304501323918797,1129,1110,4,0,1106,1084,98976,23,0,0,23,26
2020-10-17,US,Wyoming,Lincoln,301,2,0,42.26376367,-110.6563997,56023.0,1517.9021684316692,0.6644518272425249,299,296,2,0,294,295,19434,5,0,0,5,1
2020-10-17,US,Wyoming,Natrona,960,7,0,42.96180148,-106.79788500000001,56025.0,1202.1337874727642,0.7291666666666666,953,938,7,0,931,880,79115,22,0,0,22,58
2020-10-17,US,Wyoming,Niobrara,5,0,0,43.05607708,-104.47588959999999,56027.0,212.22410865874363,0.0,5,5,0,0,5,4,2388,0,0,0,0,1
2020-10-17,US,Wyoming,Park,414,2,0,44.52157546,-109.58528249999999,56029.0,1418.099609508803,0.4830917874396135,412,406,2,0,404,386,29324,8,0,0,8,20
2020-10-17,US,Wyoming,Platte,81,1,0,42.13299116,-104.96633100000001,56031.0,965.089955915644,1.2345679012345678,80,81,1,0,80,77,8566,0,0,0,0,4
2020-10-17,US,Wyoming,Sheridan,493,4,0,44.79048913,-106.8862389,56033.0,1617.1887813678861,0.8113590263691683,489,474,4,0,470,460,30233,19,0,0,19,14
2020-10-17,US,Wyoming,Sublette,142,1,0,42.76558279,-109.91309220000001,56035.0,1444.4105380937854,0.7042253521126759,141,142,1,0,141,135,9813,0,0,0,0,7
2020-10-17,US,Wyoming,Sweetwater,411,2,0,41.65943896,-108.8827882,56037.0,970.6444985003424,0.4866180048661801,409,410,2,0,408,406,43051,1,0,0,1,4
2020-10-17,US,Wyoming,Teton,692,1,0,43.93522482,-110.5890801,56039.0,2949.198772587795,0.14450867052023122,691,692,1,0,691,687,23081,0,0,0,0,5
2020-10-17,US,Wyoming,Uinta,401,2,0,41.2878183,-110.54757820000002,56041.0,1982.5966577672305,0.4987531172069826,399,392,2,0,390,388,20299,9,0,0,9,4
2020-10-17,US,Wyoming,Washakie,133,7,0,43.90451606,-107.68018700000002,56043.0,1704.0358744394614,5.2631578947368425,126,133,7,0,126,132,7885,0,0,0,0,1
2020-10-17,US,Wyoming,Weston,88,0,0,43.83961191,-104.56748809999999,56045.0,1270.3912227515518,0.0,88,81,0,0,81,71,6967,7,0,0,7,10
