Date,Country/Region,Province/State,Admin2,Confirmed,Deaths,Recovered,Latitude,Longitude,FIPS,Incidence_Rate,Case-Fatality_Ratio,Active Cases,Previous Confirmed,Previous Deaths,Previous Recovered,Previous Active,Prev2 Confirmed,Population,Daily Confirmed,Daily Deaths,Daily Recovered,Daily Active,Previous Daily Confirmed
2020-07-07,US,Alabama,Autauga,636,12,0,32.53952745,-86.64408227,1001.0,1138.3772754121248,1.8867924528301887,624,610,12,0,598,607,55601,26,0,0,26,3
2020-07-07,US,Alabama,Baldwin,980,9,0,30.72774991,-87.72207058,1003.0,439.001227411595,0.9183673469387756,971,894,9,0,885,864,218022,86,0,0,86,30
2020-07-07,US,Alabama,Barbour,357,2,0,31.868263,-85.3871286,1005.0,1446.163817548408,0.5602240896358543,355,353,2,0,351,349,24881,4,0,0,4,4
2020-07-07,US,Alabama,Bibb,196,1,0,32.99642064,-87.12511459999996,1007.0,875.2344377958383,0.5102040816326531,195,194,1,0,193,190,22400,2,0,0,2,4
2020-07-07,US,Alabama,Blount,251,1,0,33.98210918,-86.56790593,1009.0,434.060803098952,0.398406374501992,250,243,1,0,242,235,57840,8,0,0,8,8
2020-07-07,US,Alabama,Bullock,368,10,0,32.10030533,-85.71265535,1011.0,3643.203643203643,2.717391304347826,358,369,10,0,359,369,10138,-1,0,0,-1,0
2020-07-07,US,Alabama,Butler,632,28,0,31.75300095,-86.68057478,1013.0,3249.6914849856025,4.4303797468354436,604,634,28,0,606,633,19680,-2,0,0,-2,1
2020-07-07,US,Alabama,Calhoun,387,5,0,33.77483727,-85.82630386,1015.0,340.6540205096606,1.2919896640826871,382,376,5,0,371,354,114277,11,0,0,11,22
2020-07-07,US,Alabama,Chambers,643,27,0,32.91360079,-85.39072749,1017.0,1933.6019726950146,4.199066874027993,616,642,27,0,615,629,33615,1,0,0,1,13
2020-07-07,US,Alabama,Cherokee,103,7,0,34.17805983,-85.60638968,1019.0,393.189799969461,6.7961165048543695,96,102,7,0,95,97,26032,1,0,0,1,5
2020-07-07,US,Alabama,Chilton,262,2,0,32.85044126,-86.7173256,1021.0,589.718195732421,0.7633587786259542,260,252,2,0,250,246,44153,10,0,0,10,6
2020-07-07,US,Alabama,Choctaw,197,12,0,32.02227341,-88.26564429999998,1023.0,1564.8582095480178,6.091370558375634,185,195,12,0,183,195,12841,2,0,0,2,0
2020-07-07,US,Alabama,Clarke,283,6,0,31.68099859,-87.83548597,1025.0,1198.0357294047922,2.120141342756184,277,277,6,0,271,274,23920,6,0,0,6,3
2020-07-07,US,Alabama,Clay,69,2,0,33.26984193,-85.85836077,1027.0,521.3449187759728,2.898550724637681,67,69,2,0,67,65,13275,0,0,0,0,4
2020-07-07,US,Alabama,Cleburne,39,1,0,33.67679204,-85.52005899,1029.0,261.569416498994,2.5641025641025643,38,38,1,0,37,36,14987,1,0,0,1,2
2020-07-07,US,Alabama,Coffee,386,3,0,31.39932826,-85.98901039,1031.0,737.4574911161209,0.7772020725388601,383,381,2,0,379,377,51909,5,1,0,4,4
2020-07-07,US,Alabama,Colbert,426,6,0,34.69847452,-87.80168544,1033.0,771.1663438388154,1.4084507042253518,420,408,6,0,402,395,54762,18,0,0,18,13
2020-07-07,US,Alabama,Conecuh,217,7,0,31.43401703,-86.99320044,1035.0,1798.292864837988,3.2258064516129035,210,210,7,0,203,209,12277,7,0,0,7,1
2020-07-07,US,Alabama,Coosa,59,1,0,32.93690146,-86.24847739,1037.0,553.3152021007221,1.6949152542372878,58,59,1,0,58,58,10715,0,0,0,0,1
2020-07-07,US,Alabama,Covington,372,7,0,31.247785399999998,-86.45050893,1039.0,1004.075683554212,1.8817204301075268,365,370,7,0,363,358,36986,2,0,0,2,12
2020-07-07,US,Alabama,Crenshaw,125,3,0,31.72941803,-86.31593104,1041.0,907.6386871914027,2.4,122,125,3,0,122,125,13824,0,0,0,0,0
2020-07-07,US,Alabama,Cullman,470,5,0,34.13020303,-86.86888037,1043.0,561.0734409320982,1.0638297872340423,465,459,4,0,455,452,83442,11,1,0,10,7
2020-07-07,US,Alabama,Dale,302,0,0,31.43037123,-85.61095742,1045.0,614.1706662328154,0.0,302,299,0,0,299,288,48956,3,0,0,3,11
2020-07-07,US,Alabama,Dallas,910,9,0,32.32688101,-87.10866709999998,1047.0,2446.4996236154425,0.989010989010989,901,891,9,0,882,880,38310,19,0,0,19,11
2020-07-07,US,Alabama,DeKalb,761,5,0,34.45946862,-85.80782906,1049.0,1064.1421839385846,0.657030223390276,756,737,5,0,732,719,71385,24,0,0,24,18
2020-07-07,US,Alabama,Elmore,962,15,0,32.59785413,-86.14415284,1051.0,1184.5977662574346,1.5592515592515592,947,943,14,0,929,925,81887,19,1,0,18,18
2020-07-07,US,Alabama,Escambia,411,8,0,31.1256789,-87.15918694,1053.0,1121.9392351158792,1.9464720194647205,403,396,6,0,390,350,36748,15,2,0,13,46
2020-07-07,US,Alabama,Etowah,790,13,0,34.04567266,-86.04051873,1055.0,772.4801501936089,1.6455696202531649,777,750,13,0,737,739,102501,40,0,0,40,11
2020-07-07,US,Alabama,Fayette,72,1,0,33.72076938,-87.73886638,1057.0,441.6635995583364,1.3888888888888888,71,71,1,0,70,70,16433,1,0,0,1,1
2020-07-07,US,Alabama,Franklin,902,16,0,34.44235334,-87.84289505,1059.0,2876.092085963905,1.7738359201773837,886,898,14,0,884,895,31363,4,2,0,2,3
2020-07-07,US,Alabama,Geneva,84,0,0,31.09389027,-85.83572839,1061.0,319.744204636291,0.0,84,83,0,0,83,80,26314,1,0,0,1,3
2020-07-07,US,Alabama,Greene,186,8,0,32.85504247,-87.95684022,1063.0,2293.182098384909,4.301075268817204,178,186,8,0,178,186,8233,0,0,0,0,0
2020-07-07,US,Alabama,Hale,315,21,0,32.76039258,-87.63284988,1065.0,2150.023889154324,6.666666666666668,294,314,21,0,293,311,14726,1,0,0,1,3
2020-07-07,US,Alabama,Henry,136,3,0,31.51148016,-85.24267944,1067.0,790.4678872420807,2.2058823529411766,133,136,3,0,133,134,17209,0,0,0,0,2
2020-07-07,US,Alabama,Houston,510,6,0,31.15197924,-85.29939599,1069.0,481.66827222757416,1.1764705882352942,504,507,4,0,503,496,104722,3,2,0,1,11
2020-07-07,US,Alabama,Jackson,302,2,0,34.78144169,-85.99750489,1071.0,584.9765621973422,0.6622516556291391,300,284,2,0,282,273,51736,18,0,0,18,11
2020-07-07,US,Alabama,Jefferson,5486,155,0,33.55554728,-86.89506300000002,1073.0,833.0131967147148,2.825373678454248,5331,5410,152,0,5258,5221,659300,76,3,0,73,189
2020-07-07,US,Alabama,Lamar,80,1,0,33.77995024,-88.09668032,1075.0,579.5001810938066,1.25,79,78,1,0,77,77,13844,2,0,0,2,1
2020-07-07,US,Alabama,Lauderdale,501,6,0,34.90171875,-87.65624729,1077.0,540.2840535323362,1.1976047904191616,495,496,6,0,490,490,92387,5,0,0,5,6
2020-07-07,US,Alabama,Lawrence,109,0,0,34.52041498,-87.31069453,1079.0,331.0654841453043,0.0,109,110,0,0,110,108,32957,-1,0,0,-1,2
2020-07-07,US,Alabama,Lee,1433,37,0,32.60154883,-85.35132246,1081.0,870.9022620364406,2.5819958129797627,1396,1411,37,0,1374,1384,163941,22,0,0,22,27
2020-07-07,US,Alabama,Limestone,518,1,0,34.81185586,-86.98310072,1083.0,523.6819491482586,0.19305019305019305,517,501,0,0,501,495,96174,17,1,0,16,6
2020-07-07,US,Alabama,Lowndes,478,21,0,32.1597283,-86.65158371,1085.0,4914.661731441497,4.393305439330544,457,472,21,0,451,472,9974,6,0,0,6,0
2020-07-07,US,Alabama,Macon,199,9,0,32.38759944,-85.69267724,1087.0,1101.3947310161611,4.522613065326633,190,199,9,0,190,194,18439,0,0,0,0,5
2020-07-07,US,Alabama,Madison,1554,8,0,34.76327133,-86.55069633,1089.0,416.72365107841324,0.5148005148005148,1546,1491,7,0,1484,1430,366519,63,1,0,62,61
2020-07-07,US,Alabama,Marengo,317,11,0,32.24767634,-87.78796182,1091.0,1680.5386205799716,3.470031545741325,306,312,11,0,301,302,19066,5,0,0,5,10
2020-07-07,US,Alabama,Marion,236,13,0,34.13697363,-87.88704173,1093.0,794.3720758019458,5.508474576271187,223,233,13,0,220,224,29763,3,0,0,3,9
2020-07-07,US,Alabama,Marshall,1770,11,0,34.36975964,-86.30486727,1095.0,1829.003658007316,0.6214689265536724,1759,1724,10,0,1714,1711,96109,46,1,0,45,13
2020-07-07,US,Alabama,Mobile,4219,136,0,30.78472347,-88.20842409,1097.0,1021.0304687689068,3.223512680730031,4083,4129,134,0,3995,4080,413757,90,2,0,88,49
2020-07-07,US,Alabama,Monroe,241,2,0,31.56729412,-87.36995001,1099.0,1162.3981092943616,0.8298755186721992,239,239,2,0,237,235,21067,2,0,0,2,4
2020-07-07,US,Alabama,Montgomery,4246,105,0,32.2206831,-86.20969272,1101.0,1874.729563858252,2.4729156853509187,4141,4158,103,0,4055,4127,225763,88,2,0,86,31
2020-07-07,US,Alabama,Morgan,1128,5,0,34.45500589,-86.85475946,1103.0,942.521244328579,0.4432624113475177,1123,1121,5,0,1116,1102,119089,7,0,0,7,19
2020-07-07,US,Alabama,Perry,179,1,0,32.64048341,-87.29770589,1105.0,2006.0517763084165,0.5586592178770949,178,179,1,0,178,177,9140,0,0,0,0,2
2020-07-07,US,Alabama,Pickens,238,6,0,33.28094866,-88.08818103,1107.0,1194.1796287004515,2.5210084033613445,232,236,6,0,230,235,19938,2,0,0,2,1
2020-07-07,US,Alabama,Pike,452,5,0,31.80396383,-85.9408295,1109.0,1364.9815787884281,1.106194690265487,447,437,5,0,432,429,33338,15,0,0,15,8
2020-07-07,US,Alabama,Randolph,216,9,0,33.29526734,-85.45708831,1111.0,950.6205439662,4.166666666666667,207,209,9,0,200,206,22725,7,0,0,7,3
2020-07-07,US,Alabama,Russell,568,0,0,32.28725256,-85.18415324,1113.0,979.9692896947947,0.0,568,565,0,0,565,552,57781,3,0,0,3,13
2020-07-07,US,Alabama,Shelby,1357,24,0,33.26879845,-86.66232561,1117.0,623.3291379959761,1.7686072218128224,1333,1334,23,0,1311,1284,215707,23,1,0,22,50
2020-07-07,US,Alabama,St. Clair,416,2,0,33.71902176,-86.31029372,1115.0,464.7421574760926,0.4807692307692308,414,402,2,0,400,382,88690,14,0,0,14,20
2020-07-07,US,Alabama,Sumter,285,12,0,32.59117397,-88.19916205,1119.0,2293.393417558542,4.2105263157894735,273,285,12,0,273,285,12691,0,0,0,0,0
2020-07-07,US,Alabama,Talladega,323,7,0,33.37823223,-86.16886178,1121.0,403.8610617919928,2.1671826625387,316,317,7,0,310,309,79828,6,0,0,6,8
2020-07-07,US,Alabama,Tallapoosa,604,69,0,32.86698258,-85.79833053,1123.0,1496.2717070874726,11.42384105960265,535,605,69,0,536,591,40497,-1,0,0,-1,14
2020-07-07,US,Alabama,Tuscaloosa,2346,44,0,33.28726072,-87.52556818,1125.0,1120.5846528623629,1.8755328218243816,2302,2321,42,0,2279,2288,208911,25,2,0,23,33
2020-07-07,US,Alabama,Unassigned,522,26,0,0.0,0.0,90001.0,0.0,4.980842911877394,496,503,23,0,480,503,,19,3,0,16,0
2020-07-07,US,Alabama,Walker,985,25,0,33.80270512,-87.30027177,1127.0,1550.6682829300546,2.538071065989848,960,978,24,0,954,939,63711,7,1,0,6,39
2020-07-07,US,Alabama,Washington,118,7,0,31.4092794,-88.20689944,1129.0,722.7734901384296,5.932203389830509,111,111,7,0,104,109,16378,7,0,0,7,2
2020-07-07,US,Alabama,Wilcox,294,8,0,31.98773215,-87.30891118,1131.0,2834.28130723995,2.7210884353741496,286,294,8,0,286,291,10627,0,0,0,0,3
2020-07-07,US,Alabama,Winston,266,3,0,34.15030532,-87.37325922,1133.0,1125.735325235939,1.1278195488721805,263,263,3,0,260,258,23660,3,0,0,3,5
2020-07-07,US,Alaska,Anchorage,577,7,0,61.14998174,-149.14269860000005,2020.0,200.34722222222226,1.2131715771230502,570,565,7,0,558,547,291538,12,0,0,12,18
2020-07-07,US,Alaska,Bethel,11,0,0,60.90980451,-159.8561831,2050.0,59.82813009898836,0.0,11,11,0,0,11,11,18216,0,0,0,0,0
2020-07-07,US,Alaska,Fairbanks North Star,172,2,0,64.80726247,-146.5692662,2090.0,177.59605158545781,1.162790697674419,170,172,2,0,170,166,98971,0,0,0,0,6
2020-07-07,US,Alaska,Haines,2,0,0,59.09893571,-135.4679843,2100.0,79.05138339920948,0.0,2,2,0,0,2,2,2474,0,0,0,0,0
2020-07-07,US,Alaska,Juneau,45,2,0,58.45031811,-134.200436,2110.0,140.739350722462,4.4444444444444455,43,45,2,0,43,45,32113,0,0,0,0,0
2020-07-07,US,Alaska,Kenai Peninsula,166,2,0,60.24429722,-151.53888840000005,2122.0,282.7553314710092,1.2048192771084338,164,165,2,0,163,162,58533,1,0,0,1,3
2020-07-07,US,Alaska,Ketchikan Gateway,23,0,0,55.57445008,-130.975561,2130.0,165.4557226098842,0.0,23,22,0,0,22,22,13918,1,0,0,1,0
2020-07-07,US,Alaska,Kodiak Island,4,0,0,57.65529415,-153.7493579,2150.0,30.773965225419296,0.0,4,4,0,0,4,4,13345,0,0,0,0,0
2020-07-07,US,Alaska,Kusilvak,1,0,0,62.15429159999999,-163.39678830000003,2158.0,12.027904738994467,0.0,1,1,0,0,1,1,8303,0,0,0,0,0
2020-07-07,US,Alaska,Matanuska-Susitna,118,1,0,62.31305045,-149.5741743,2170.0,108.93950164794077,0.8474576271186439,117,116,1,0,115,115,107610,2,0,0,2,1
2020-07-07,US,Alaska,Nome,9,0,0,64.90320724,-164.0353804,2180.0,89.96401439424231,0.0,9,9,0,0,9,9,10008,0,0,0,0,0
2020-07-07,US,Alaska,North Slope,4,0,0,69.31479216,-153.4836093,2185.0,40.68348250610252,0.0,4,4,0,0,4,4,9872,0,0,0,0,0
2020-07-07,US,Alaska,Northwest Arctic,5,0,0,67.04919196,-159.7503946,2188.0,65.60818790185014,0.0,5,5,0,0,5,5,7671,0,0,0,0,0
2020-07-07,US,Alaska,Petersburg,5,1,0,57.13978948,-132.9540995,2195.0,153.09246785058176,20.0,4,5,1,0,4,5,3221,0,0,0,0,0
2020-07-07,US,Alaska,Prince of Wales-Hyder,2,0,0,55.76261984,-133.0511621,2198.0,32.24246332419797,0.0,2,2,0,0,2,2,6422,0,0,0,0,0
2020-07-07,US,Alaska,Sitka,13,0,0,57.24124555,-135.3206587,2220.0,153.06723183798422,0.0,13,13,0,0,13,13,8647,0,0,0,0,0
2020-07-07,US,Alaska,Southeast Fairbanks,10,0,0,63.87692095,-143.2127643,2240.0,145.07471347744092,0.0,10,10,0,0,10,10,6918,0,0,0,0,0
2020-07-07,US,Alaska,Unassigned,0,2,0,0.0,0.0,90002.0,0.0,0.0,-2,0,1,0,-1,0,,0,1,0,-1,0
2020-07-07,US,Alaska,Valdez-Cordova,5,0,0,61.47502768,-144.7126799,2261.0,54.33601391001956,0.0,5,4,0,0,4,4,9164,1,0,0,1,0
2020-07-07,US,Alaska,Wrangell,3,0,0,56.3202004,-132.05837309999998,2275.0,119.90407673860909,0.0,3,3,0,0,3,3,2503,0,0,0,0,0
2020-07-07,US,Alaska,Yukon-Koyukuk,5,0,0,65.50815459,-151.39073869999999,2290.0,95.60229445506693,0.0,5,4,0,0,4,4,5327,1,0,0,1,0
2020-07-07,US,Arizona,Apache,2471,99,0,35.39465006,-109.4892383,4001.0,3437.3391572885216,4.006475111290976,2372,2441,92,0,2349,2439,71818,30,7,0,23,2
2020-07-07,US,Arizona,Cochise,855,17,0,31.87934684,-109.7516088,4003.0,678.9917568018298,1.9883040935672516,838,826,14,0,812,791,126770,29,3,0,26,35
2020-07-07,US,Arizona,Coconino,2237,97,0,35.83883429,-111.77071780000001,4005.0,1559.1457804789652,4.336164506034868,2140,2190,96,0,2094,2164,142854,47,1,0,46,26
2020-07-07,US,Arizona,Gila,361,6,0,33.80190085,-110.8132779,4007.0,668.2957532674294,1.6620498614958448,355,349,6,0,343,354,53889,12,0,0,12,-5
2020-07-07,US,Arizona,Graham,172,1,0,32.93166885,-109.8882178,4009.0,442.87663825733193,0.5813953488372093,171,152,1,0,151,140,38072,20,0,0,20,12
2020-07-07,US,Arizona,Greenlee,26,1,0,33.21498827,-109.2405279,4011.0,273.74184038745,3.8461538461538463,25,26,1,0,25,21,9483,0,0,0,0,5
2020-07-07,US,Arizona,La Paz,374,7,0,33.72854224,-113.98100290000001,4012.0,1771.8400606405155,1.8716577540106951,367,371,6,0,365,363,21098,3,1,0,2,8
2020-07-07,US,Arizona,Maricopa,67543,933,0,33.34835867,-112.49181540000001,4013.0,1505.8364735116986,1.3813422560442976,66610,64915,881,0,64034,62296,4410824,2628,52,0,2576,2619
2020-07-07,US,Arizona,Mohave,1448,93,0,35.70471703,-113.7577902,4015.0,682.4362219048829,6.422651933701657,1355,1413,88,0,1325,1384,209550,35,5,0,30,29
2020-07-07,US,Arizona,Navajo,4015,134,0,35.3997715,-110.3218983,4017.0,3619.5953986513287,3.3374844333748444,3881,3904,133,0,3771,3883,110445,111,1,0,110,21
2020-07-07,US,Arizona,Pima,10184,302,0,32.0971334,-111.7890033,4019.0,972.424731136593,2.965435978004713,9882,9873,282,0,9591,9621,1039073,311,20,0,291,252
2020-07-07,US,Arizona,Pinal,4792,81,0,32.90525627,-111.3449483,4021.0,1035.4610848572459,1.6903171953255425,4711,4600,78,0,4522,4391,447138,192,3,0,189,209
2020-07-07,US,Arizona,Santa Cruz,2048,27,0,31.52508998,-110.8479088,4023.0,4404.490515721106,1.318359375,2021,2002,24,0,1978,1981,46511,46,3,0,43,21
2020-07-07,US,Arizona,Unassigned,0,1,0,0.0,0.0,90004.0,0.0,0.0,-1,,,,,,,,,,,
2020-07-07,US,Arizona,Yavapai,969,11,0,34.59933926,-112.5538588,4025.0,412.1667893100354,1.1351909184726523,958,948,10,0,938,929,231993,21,1,0,20,19
2020-07-07,US,Arizona,Yuma,7599,117,0,32.76895712,-113.90666740000002,4027.0,3554.47244219714,1.5396762731938414,7482,7445,117,0,7328,7346,212128,154,0,0,154,99
2020-07-07,US,Arkansas,Arkansas,41,0,0,34.29145151,-91.37277296,5001.0,234.4732929200503,0.0,41,37,0,0,37,37,17769,4,0,0,4,0
2020-07-07,US,Arkansas,Ashley,84,1,0,33.19153461,-91.76984709999999,5003.0,427.32868698173684,1.1904761904761905,83,84,1,0,83,83,20046,0,0,0,0,1
2020-07-07,US,Arkansas,Baxter,25,0,0,36.28784385,-92.33782872,5005.0,59.620337689592674,0.0,25,25,0,0,25,24,41619,0,0,0,0,1
2020-07-07,US,Arkansas,Benton,3095,21,0,36.33644656,-94.25680817,5007.0,1108.7586560197176,0.678513731825525,3074,3043,20,0,3023,3000,272608,52,1,0,51,43
2020-07-07,US,Arkansas,Boone,30,1,0,36.3084504,-93.09374925,5009.0,80.14533019876042,3.333333333333333,29,30,1,0,29,30,37480,0,0,0,0,0
2020-07-07,US,Arkansas,Bradley,55,2,0,33.46755808,-92.15980837,5011.0,511.009941466134,3.636363636363636,53,56,2,0,54,56,10897,-1,0,0,-1,0
2020-07-07,US,Arkansas,Calhoun,2,0,0,33.55598792,-92.49974403,5013.0,38.54307188282906,0.0,2,2,0,0,2,2,5277,0,0,0,0,0
2020-07-07,US,Arkansas,Carroll,197,5,0,36.34038560000001,-93.54270261,5015.0,694.1508104298803,2.538071065989848,192,195,5,0,190,190,28223,2,0,0,2,5
2020-07-07,US,Arkansas,Chicot,183,3,0,33.26458973,-91.29539209,5017.0,1808.6578375172962,1.639344262295082,180,183,3,0,180,180,10438,0,0,0,0,3
2020-07-07,US,Arkansas,Clark,59,0,0,34.04613432,-93.17484713,5019.0,264.336917562724,0.0,59,59,0,0,59,58,22061,0,0,0,0,1
2020-07-07,US,Arkansas,Clay,71,3,0,36.36826212,-90.4148172,5021.0,487.9389732664422,4.225352112676056,68,70,3,0,67,66,14847,1,0,0,1,4
2020-07-07,US,Arkansas,Cleburne,117,4,0,35.53864922,-92.02640019,5023.0,469.5212488462618,3.418803418803418,113,115,4,0,111,111,24965,2,0,0,2,4
2020-07-07,US,Arkansas,Cleveland,30,0,0,33.89723187,-92.18537045,5025.0,377.07390648567116,0.0,30,29,0,0,29,29,8018,1,0,0,1,0
2020-07-07,US,Arkansas,Columbia,90,4,0,33.21230701,-93.22642793,5027.0,383.6807775930426,4.4444444444444455,86,90,4,0,86,90,23537,0,0,0,0,0
2020-07-07,US,Arkansas,Conway,77,3,0,35.26205537,-92.70506566,5029.0,369.3754197447951,3.8961038961038965,74,74,3,0,71,72,20891,3,0,0,3,2
2020-07-07,US,Arkansas,Craighead,485,7,0,35.83018283,-90.63235729,5031.0,439.5823514483559,1.443298969072165,478,482,7,0,475,480,108558,3,0,0,3,2
2020-07-07,US,Arkansas,Crawford,218,1,0,35.58928601,-94.2446814,5033.0,344.6258912057164,0.4587155963302753,217,216,1,0,215,215,63406,2,0,0,2,1
2020-07-07,US,Arkansas,Crittenden,786,13,0,35.21247318,-90.30839406,5035.0,1639.0365968095084,1.653944020356234,773,783,13,0,770,766,48342,3,0,0,3,17
2020-07-07,US,Arkansas,Cross,90,1,0,35.29631396,-90.77185818,5037.0,548.1454412570802,1.1111111111111112,89,90,1,0,89,89,16676,0,0,0,0,1
2020-07-07,US,Arkansas,Dallas,10,0,0,33.97042763,-92.65167437,5039.0,142.673705236125,0.0,10,10,0,0,10,10,7182,0,0,0,0,0
2020-07-07,US,Arkansas,Desha,66,1,0,33.83011025,-91.25500948,5041.0,580.9347768682335,1.5151515151515151,65,65,1,0,64,64,11512,1,0,0,1,1
2020-07-07,US,Arkansas,Drew,79,2,0,33.59035001,-91.71777921,5043.0,433.61326088149735,2.5316455696202533,77,77,2,0,75,76,18328,2,0,0,2,1
2020-07-07,US,Arkansas,Faulkner,622,3,0,35.14719007,-92.33717519,5045.0,493.62337013023085,0.482315112540193,619,612,3,0,609,593,124806,10,0,0,10,19
2020-07-07,US,Arkansas,Franklin,27,1,0,35.51202821,-93.89299569,5047.0,152.41320914479255,3.703703703703704,26,27,1,0,26,27,17810,0,0,0,0,0
2020-07-07,US,Arkansas,Fulton,16,0,0,36.38177105,-91.81729127,5049.0,128.2359541556464,0.0,16,15,0,0,15,15,12269,1,0,0,1,0
2020-07-07,US,Arkansas,Garland,293,1,0,34.57692074,-93.14921604,5051.0,294.8101342241362,0.3412969283276451,292,288,1,0,287,285,99154,5,0,0,5,3
2020-07-07,US,Arkansas,Grant,51,0,0,34.29017991,-92.42320562,5053.0,279.222556802628,0.0,51,50,0,0,50,46,18188,1,0,0,1,4
2020-07-07,US,Arkansas,Greene,128,0,0,36.11735460000001,-90.55832668,5055.0,282.40485383342525,0.0,128,124,0,0,124,122,45325,4,0,0,4,2
2020-07-07,US,Arkansas,Hempstead,65,1,0,33.73325583,-93.66935133,5057.0,301.87627716886493,1.5384615384615383,64,64,1,0,63,63,21741,1,0,0,1,1
2020-07-07,US,Arkansas,Hot Spring,587,1,0,34.31709259,-92.95396325,5059.0,1738.177726451689,0.17035775127768313,586,584,1,0,583,583,33701,3,0,0,3,1
2020-07-07,US,Arkansas,Howard,106,1,0,34.09007427,-93.9934871,5061.0,802.9086502045145,0.9433962264150944,105,102,1,0,101,101,13341,4,0,0,4,1
2020-07-07,US,Arkansas,Independence,60,0,0,35.74242707,-91.57001641,5063.0,158.62524785194978,0.0,60,61,0,0,61,60,37678,-1,0,0,-1,1
2020-07-07,US,Arkansas,Izard,25,1,0,36.09604046,-91.90847954,5065.0,183.4323868222173,4.0,24,23,1,0,22,23,13593,2,0,0,2,0
2020-07-07,US,Arkansas,Jackson,35,0,0,35.59802983,-91.21494602,5067.0,209.3426640349303,0.0,35,33,0,0,33,32,16811,2,0,0,2,1
2020-07-07,US,Arkansas,Jefferson,774,28,0,34.26767081,-91.92619839,5069.0,1158.2664910810488,3.617571059431525,746,761,28,0,733,752,68114,13,0,0,13,9
2020-07-07,US,Arkansas,Johnson,281,0,0,35.56759135,-93.46036368,5071.0,1057.2654074798706,0.0,281,271,0,0,271,271,26742,10,0,0,10,0
2020-07-07,US,Arkansas,Lafayette,22,2,0,33.24116713,-93.60677071,5073.0,332.1256038647344,9.090909090909092,20,22,1,0,21,21,6682,0,1,0,-1,1
2020-07-07,US,Arkansas,Lawrence,103,9,0,36.04188196,-91.10867198,5075.0,627.8190905766184,8.737864077669903,94,103,9,0,94,103,16434,0,0,0,0,0
2020-07-07,US,Arkansas,Lee,805,3,0,34.78498904,-90.78383866,5077.0,9088.856271875351,0.3726708074534161,802,803,3,0,800,803,8985,2,0,0,2,0
2020-07-07,US,Arkansas,Lincoln,1044,11,0,33.95317155,-91.74002806,5079.0,8015.970515970516,1.053639846743295,1033,1043,11,0,1032,1043,13383,1,0,0,1,0
2020-07-07,US,Arkansas,Little River,40,0,0,33.70375665,-94.23468591,5081.0,326.29088832694345,0.0,40,40,0,0,40,40,12326,0,0,0,0,0
2020-07-07,US,Arkansas,Logan,62,0,0,35.21413234,-93.71951016,5083.0,288.8288456163233,0.0,62,61,0,0,61,61,21737,1,0,0,1,0
2020-07-07,US,Arkansas,Lonoke,178,1,0,34.75392199,-91.88742357,5085.0,242.80784078353275,0.5617977528089888,177,171,1,0,170,167,73657,7,0,0,7,4
2020-07-07,US,Arkansas,Madison,211,0,0,36.01038185,-93.72524943,5087.0,1272.9247104247106,0.0,211,203,0,0,203,206,16481,8,0,0,8,-3
2020-07-07,US,Arkansas,Marion,12,0,0,36.26844485,-92.68451899,5089.0,71.88211333413203,0.0,12,12,0,0,12,12,16722,0,0,0,0,0
2020-07-07,US,Arkansas,Miller,232,2,0,33.31403423,-93.89285258,5091.0,536.3293802159188,0.8620689655172413,230,228,2,0,226,220,43592,4,0,0,4,8
2020-07-07,US,Arkansas,Mississippi,225,3,0,35.76271485,-90.05194370000002,5093.0,553.4919190179824,1.3333333333333333,222,224,3,0,221,214,41239,1,0,0,1,10
2020-07-07,US,Arkansas,Monroe,17,0,0,34.6815935,-91.20540287,5095.0,253.6934785852858,0.0,17,17,0,0,17,16,6900,0,0,0,0,1
2020-07-07,US,Arkansas,Montgomery,7,0,0,34.53704874,-93.65824478,5097.0,77.89895392833294,0.0,7,6,0,0,6,5,8924,1,0,0,1,1
2020-07-07,US,Arkansas,Nevada,104,3,0,33.66340119,-93.30632432,5099.0,1260.3005332040718,2.8846153846153846,101,104,3,0,101,104,8326,0,0,0,0,0
2020-07-07,US,Arkansas,Newton,7,0,0,35.91947491,-93.21612969,5101.0,90.28763059460856,0.0,7,7,0,0,7,7,7805,0,0,0,0,0
2020-07-07,US,Arkansas,Ouachita,25,0,0,33.58839816,-92.87795984,5103.0,106.91985287828243,0.0,25,22,0,0,22,21,23606,3,0,0,3,1
2020-07-07,US,Arkansas,Perry,34,0,0,34.945915299999996,-92.94372564,5105.0,325.2032520325203,0.0,34,34,0,0,34,34,10352,0,0,0,0,0
2020-07-07,US,Arkansas,Phillips,159,5,0,34.43268455,-90.84800154,5107.0,894.1626363738612,3.1446540880503147,154,156,5,0,151,155,18029,3,0,0,3,1
2020-07-07,US,Arkansas,Pike,11,0,0,34.16250414,-93.65789349,5109.0,102.63108788953163,0.0,11,10,0,0,10,10,10673,1,0,0,1,0
2020-07-07,US,Arkansas,Poinsett,63,3,0,35.57433534,-90.66268713,5111.0,267.76606596395783,4.761904761904762,60,63,3,0,60,62,23974,0,0,0,0,1
2020-07-07,US,Arkansas,Polk,80,0,0,34.48254879,-94.22728802,5113.0,400.7212983370066,0.0,80,80,0,0,80,77,20049,0,0,0,0,3
2020-07-07,US,Arkansas,Pope,516,4,0,35.44871474,-93.03212219,5115.0,805.3439880134848,0.7751937984496124,512,500,4,0,496,495,64000,16,0,0,16,5
2020-07-07,US,Arkansas,Prairie,22,0,0,34.83624419,-91.55162157,5117.0,272.8851401637311,0.0,22,22,0,0,22,22,8074,0,0,0,0,0
2020-07-07,US,Arkansas,Pulaski,2522,62,0,34.77054088,-92.31355101,5119.0,643.5134507579527,2.458366375892149,2460,2472,61,0,2411,2425,392680,50,1,0,49,47
2020-07-07,US,Arkansas,Randolph,56,1,0,36.3415714,-91.02455531,5121.0,311.83873482570436,1.7857142857142858,55,56,1,0,55,55,17948,0,0,0,0,1
2020-07-07,US,Arkansas,Saline,375,2,0,34.64916145,-92.67583224,5125.0,306.27996438984945,0.5333333333333333,373,359,2,0,357,353,121421,16,0,0,16,6
2020-07-07,US,Arkansas,Scott,14,0,0,34.85588887,-94.0632176,5127.0,136.1735239762669,0.0,14,14,0,0,14,12,10319,0,0,0,0,2
2020-07-07,US,Arkansas,Searcy,12,0,0,35.9109364,-92.69936482,5129.0,152.26494099733537,0.0,12,12,0,0,12,12,7958,0,0,0,0,0
2020-07-07,US,Arkansas,Sebastian,634,7,0,35.19605503,-94.27162713,5131.0,495.98285182316727,1.1041009463722398,627,622,5,0,617,602,127753,12,2,0,10,20
2020-07-07,US,Arkansas,Sevier,758,9,0,33.99780401,-94.2424869,5133.0,4456.988298935732,1.1873350923482848,749,748,9,0,739,743,17139,10,0,0,10,5
2020-07-07,US,Arkansas,Sharp,56,5,0,36.16258158,-91.47819342,5135.0,321.06409815388145,8.928571428571429,51,58,5,0,53,58,17366,-2,0,0,-2,0
2020-07-07,US,Arkansas,St. Francis,893,3,0,35.02201976,-90.74828138,5123.0,3572.857485796592,0.33594624860022404,890,892,3,0,889,883,25439,1,0,0,1,9
2020-07-07,US,Arkansas,Stone,19,1,0,35.86251946,-92.15684085,5137.0,151.92707500399808,5.2631578947368425,18,19,0,0,19,19,12457,0,1,0,-1,0
2020-07-07,US,Arkansas,Unassigned,914,0,0,0.0,0.0,90005.0,0.0,0.0,914,965,0,0,965,907,,-51,0,0,-51,58
2020-07-07,US,Arkansas,Union,256,13,0,33.16887091,-92.59746952,5139.0,661.8065249987075,5.078125,243,253,13,0,240,252,39126,3,0,0,3,1
2020-07-07,US,Arkansas,Van Buren,34,2,0,35.58095779,-92.51295036,5141.0,205.50015110305236,5.882352941176472,32,34,2,0,32,33,16603,0,0,0,0,1
2020-07-07,US,Arkansas,Washington,4171,34,0,35.976844,-94.21800746,5143.0,1743.823870026381,0.8151522416686646,4137,4137,33,0,4104,4050,236961,34,1,0,33,87
2020-07-07,US,Arkansas,White,101,2,0,35.25688493,-91.74908296,5145.0,128.24908257463207,1.98019801980198,99,98,2,0,96,96,78727,3,0,0,3,2
2020-07-07,US,Arkansas,Woodruff,8,0,0,35.18902527,-91.2439489,5147.0,126.58227848101265,0.0,8,8,0,0,8,8,6490,0,0,0,0,0
2020-07-07,US,Arkansas,Yell,750,5,0,35.00292371,-93.41171338,5149.0,3514.3620261468536,0.6666666666666666,745,745,3,0,742,707,21535,5,2,0,3,38
2020-07-07,US,California,Alameda,6925,140,0,37.64629437,-121.8929271,6001.0,414.3409227028311,2.0216606498194944,6785,6855,140,0,6715,6855,1666753,70,0,0,70,0
2020-07-07,US,California,Alpine,2,0,0,38.59678594,-119.82235940000001,6003.0,177.14791851195747,0.0,2,2,0,0,2,2,1101,0,0,0,0,0
2020-07-07,US,California,Amador,34,0,0,38.44583082,-120.65696000000001,6005.0,85.53028778426244,0.0,34,33,0,0,33,31,39383,1,0,0,1,2
2020-07-07,US,California,Butte,275,3,0,39.66727762,-121.6005252,6007.0,125.46421760513901,1.0909090909090908,272,206,3,0,203,206,231256,69,0,0,69,0
2020-07-07,US,California,Calaveras,61,0,0,38.20537103,-120.55291299999999,6009.0,132.88312819954254,0.0,61,53,0,0,53,53,45602,8,0,0,8,0
2020-07-07,US,California,Colusa,86,0,0,39.17881957,-122.2331726,6011.0,399.127488745533,0.0,86,70,0,0,70,70,21627,16,0,0,16,0
2020-07-07,US,California,Contra Costa,4092,86,0,37.91923498,-121.9289527,6013.0,354.7384280891805,2.101661779081134,4006,3878,85,0,3793,3662,1150215,214,1,0,213,216
2020-07-07,US,California,Del Norte,58,1,0,41.74228275,-123.89740630000001,6015.0,208.54307493168412,1.7241379310344829,57,58,1,0,57,58,27828,0,0,0,0,0
2020-07-07,US,California,El Dorado,264,0,0,38.77965956,-120.5233166,6017.0,136.89892814361943,0.0,264,226,0,0,226,226,190678,38,0,0,38,0
2020-07-07,US,California,Fresno,6924,81,0,36.75733899,-119.6466953,6019.0,693.023027701904,1.169844020797227,6843,6110,77,0,6033,6110,994400,814,4,0,810,0
2020-07-07,US,California,Glenn,146,0,0,39.59875897,-122.3938452,6021.0,514.2112492515762,0.0,146,122,0,0,122,122,28047,24,0,0,24,0
2020-07-07,US,California,Humboldt,154,4,0,40.69923009,-123.876044,6023.0,113.60450877115328,2.5974025974025974,150,144,4,0,140,144,136373,10,0,0,10,0
2020-07-07,US,California,Imperial,7343,121,0,33.0393082,-115.36690420000001,6025.0,4052.092817923461,1.6478278632711425,7222,7190,117,0,7073,7039,181827,153,4,0,149,151
2020-07-07,US,California,Inyo,34,1,0,36.51112084,-117.41119779999998,6027.0,188.4805144409336,2.9411764705882355,33,33,1,0,32,33,17987,1,0,0,1,0
2020-07-07,US,California,Kern,5543,84,0,35.34329425,-118.72777959999999,6029.0,615.7506870680136,1.515424860184016,5459,5369,82,0,5287,5245,896764,174,2,0,172,124
2020-07-07,US,California,Kings,2755,37,0,36.07409056,-119.8159973,6031.0,1801.360010461619,1.3430127041742286,2718,2673,33,0,2640,2634,151366,82,4,0,78,39
2020-07-07,US,California,Lake,98,1,0,39.10124298,-122.75362439999999,6033.0,152.20700152207002,1.020408163265306,97,96,1,0,95,87,64382,2,0,0,2,9
2020-07-07,US,California,Lassen,267,0,0,40.67311306,-120.59350990000002,6035.0,873.3195957217152,0.0,267,242,0,0,242,242,30802,25,0,0,25,0
2020-07-07,US,California,Los Angeles,120764,3582,0,34.30828379,-118.22824109999999,6037.0,1202.9356794384205,2.9661157298532674,117182,116570,3534,0,113036,115024,10105518,4194,48,0,4146,1546
2020-07-07,US,California,Madera,713,7,0,37.21513971,-119.76655890000002,6039.0,453.1962091694369,0.9817671809256662,706,578,5,0,573,578,157672,135,2,0,133,0
2020-07-07,US,California,Marin,2989,26,0,38.07122463,-122.72106310000001,6041.0,1154.8298857147274,0.8698561391769822,2963,2809,21,0,2788,2719,259666,180,5,0,175,90
2020-07-07,US,California,Mariposa,31,1,0,37.57978556,-119.9073334,6043.0,180.2011277102831,3.2258064516129035,30,31,1,0,30,27,17471,0,0,0,0,4
2020-07-07,US,California,Mendocino,92,0,0,39.4381191,-123.39113130000001,6045.0,106.05309571291887,0.0,92,85,0,0,85,85,87606,7,0,0,7,0
2020-07-07,US,California,Merced,1623,11,0,37.18922369,-120.72090349999999,6047.0,584.485738980121,0.6777572396796057,1612,1272,11,0,1261,1272,274765,351,0,0,351,0
2020-07-07,US,California,Mono,48,1,0,37.93899289,-118.8872409,6051.0,332.3179174743838,2.083333333333333,47,47,1,0,46,45,14250,1,0,0,1,2
2020-07-07,US,California,Monterey,2239,17,0,36.21862405,-121.24133970000001,6053.0,515.8261166057305,0.7592675301473872,2222,2151,15,0,2136,2064,435594,88,2,0,86,87
2020-07-07,US,California,Napa,448,4,0,38.50735751,-122.33283899999999,6055.0,325.2410268323847,0.8928571428571429,444,436,4,0,432,376,139417,12,0,0,12,60
2020-07-07,US,California,Nevada,151,1,0,39.30394768,-120.76272809999999,6057.0,151.37085860357877,0.6622516556291391,150,129,1,0,128,129,99696,22,0,0,22,0
2020-07-07,US,California,Orange,18892,369,0,33.70147516,-117.76459979999998,6059.0,594.8939632684783,1.9532077069659115,18523,17882,366,0,17516,16854,3185968,1010,3,0,1007,1028
2020-07-07,US,California,Placer,938,11,0,39.06167234,-120.72405690000001,6061.0,235.4837332958434,1.1727078891257996,927,911,11,0,900,877,393149,27,0,0,27,34
2020-07-07,US,California,Plumas,13,0,0,40.00355989,-120.8395236,6063.0,69.1231988089541,0.0,13,11,0,0,11,11,18804,2,0,0,2,0
2020-07-07,US,California,Riverside,21101,506,0,33.74314981,-115.9933578,6065.0,854.1026963270468,2.397990616558457,20595,20555,486,0,20069,19450,2450758,546,20,0,526,1105
2020-07-07,US,California,Sacramento,4566,76,0,38.45106826,-121.34253740000001,6067.0,294.1900367125455,1.6644765659220324,4490,4236,69,0,4167,4236,1540975,330,7,0,323,0
2020-07-07,US,California,San Benito,292,2,0,36.60308176,-121.069975,6069.0,464.9089287988791,0.6849315068493149,290,273,2,0,271,273,61537,19,0,0,19,0
2020-07-07,US,California,San Bernardino,15932,272,0,34.84060306,-116.1774685,6071.0,730.7971936874022,1.7072558373085611,15660,15345,269,0,15076,14922,2171603,587,3,0,584,423
2020-07-07,US,California,San Diego,17578,399,0,33.03484597,-116.73653259999999,6073.0,526.5507004999506,2.269882808055524,17179,16726,387,0,16339,16726,3343364,852,12,0,840,0
2020-07-07,US,California,San Francisco,4020,50,0,37.75215114,-122.43856720000001,6075.0,456.0154909142884,1.243781094527363,3970,3992,50,0,3942,3776,883305,28,0,0,28,216
2020-07-07,US,California,San Joaquin,5600,58,0,37.93433732,-121.2730061,6077.0,734.7654261377055,1.0357142857142858,5542,4474,55,0,4419,4474,752660,1126,3,0,1123,0
2020-07-07,US,California,San Luis Obispo,808,2,0,35.38822029,-120.4039028,6079.0,285.4004259813288,0.2475247524752475,806,765,2,0,763,701,284010,43,0,0,43,64
2020-07-07,US,California,San Mateo,3692,111,0,37.422880799999994,-122.32755459999998,6081.0,481.62405928724337,3.0065005417118082,3581,3599,108,0,3491,3536,769545,93,3,0,90,63
2020-07-07,US,California,Santa Barbara,3742,30,0,34.65329488,-120.0188492,6083.0,838.0757851641325,0.8017103153393907,3712,3261,29,0,3232,3261,446527,481,1,0,480,0
2020-07-07,US,California,Santa Clara,5478,165,0,37.23104908,-121.6970462,6085.0,284.1504430838052,3.0120481927710845,5313,5408,164,0,5244,5273,1937570,70,1,0,69,135
2020-07-07,US,California,Santa Cruz,501,3,0,37.05580291,-122.0066524,6087.0,183.37341195331115,0.5988023952095808,498,459,3,0,456,457,274255,42,0,0,42,2
2020-07-07,US,California,Shasta,163,5,0,40.76391419,-122.0396884,6089.0,90.51532652154594,3.0674846625766867,158,154,4,0,150,154,180040,9,1,0,8,0
2020-07-07,US,California,Sierra,1,0,0,39.57713498,-120.52007009999998,6091.0,33.277870216306155,0.0,1,1,0,0,1,1,2987,0,0,0,0,0
2020-07-07,US,California,Siskiyou,32,0,0,41.59198861,-122.54074340000001,6093.0,73.49732423803945,0.0,32,32,0,0,32,31,43724,0,0,0,0,1
2020-07-07,US,California,Solano,1826,27,0,38.26827353,-121.9357113,6095.0,407.9143424559304,1.4786418400876231,1799,1476,25,0,1451,1476,446610,350,2,0,348,0
2020-07-07,US,California,Sonoma,1466,12,0,38.52746429,-122.88625060000001,6097.0,296.55942516830663,0.8185538881309686,1454,1359,11,0,1348,1359,499942,107,1,0,106,0
2020-07-07,US,California,Stanislaus,2889,45,0,37.55862499,-120.9970722,6099.0,524.6431554861439,1.557632398753894,2844,2660,45,0,2615,2660,549815,229,0,0,229,0
2020-07-07,US,California,Sutter,275,3,0,39.03417539,-121.6945899,6101.0,283.5899392601912,1.0909090909090908,272,252,3,0,249,252,96807,23,0,0,23,0
2020-07-07,US,California,Tehama,94,1,0,40.12570935,-122.23701709999999,6103.0,144.4287382459591,1.0638297872340423,93,88,1,0,87,88,63916,6,0,0,6,0
2020-07-07,US,California,Trinity,2,0,0,40.64917670000001,-123.114713,6105.0,16.28001628001628,0.0,2,2,0,0,2,2,12535,0,0,0,0,0
2020-07-07,US,California,Tulare,5175,139,0,36.22026558,-118.8020203,6107.0,1110.0505153422923,2.6859903381642507,5036,5009,136,0,4873,4627,465861,166,3,0,163,382
2020-07-07,US,California,Tuolumne,57,0,0,38.02644018,-119.95250929999999,6109.0,104.62939168104558,0.0,57,43,0,0,43,43,54539,14,0,0,14,0
2020-07-07,US,California,Ventura,3858,50,0,34.44465746,-119.09106129999999,6111.0,456.02513457351364,1.2960082944530844,3808,3789,50,0,3739,3240,850967,69,0,0,69,549
2020-07-07,US,California,Yolo,723,26,0,38.68278902,-121.90182879999999,6113.0,327.89115646258506,3.59612724757953,697,677,26,0,651,677,220408,46,0,0,46,0
2020-07-07,US,California,Yuba,139,2,0,39.26255932,-121.35356440000001,6115.0,176.69192047592415,1.4388489208633093,137,128,2,0,126,106,78041,11,0,0,11,22
2020-07-07,US,Colorado,Adams,4478,156,0,39.87432092,-104.3362578,8001.0,865.4461260752852,3.4836980794997765,4322,4400,156,0,4244,4362,511868,78,0,0,78,38
2020-07-07,US,Colorado,Alamosa,202,5,0,37.57250606,-105.7885451,8003.0,1244.3787346762767,2.4752475247524752,197,200,4,0,196,200,16683,2,1,0,1,0
2020-07-07,US,Colorado,Arapahoe,5421,346,0,39.64977461,-104.3353617,8005.0,825.6293882026836,6.3825862387013474,5075,5369,346,0,5023,5354,651215,52,0,0,52,15
2020-07-07,US,Colorado,Archuleta,11,0,0,37.19474156,-107.0476867,8007.0,78.40900990804762,0.0,11,11,0,0,11,10,13765,0,0,0,0,1
2020-07-07,US,Colorado,Baca,14,0,0,37.31940883,-102.5603223,8009.0,390.9522479754258,0.0,14,14,0,0,14,14,3585,0,0,0,0,0
2020-07-07,US,Colorado,Bent,4,0,0,37.95474293,-103.0720195,8011.0,71.72314864622557,0.0,4,5,0,0,5,5,5882,-1,0,0,-1,0
2020-07-07,US,Colorado,Boulder,1454,73,0,40.09313619,-105.3546767,8013.0,445.7442764472893,5.020632737276478,1381,1443,72,0,1371,1435,326078,11,1,0,10,8
2020-07-07,US,Colorado,Broomfield,320,30,0,39.95998787,-105.0566324,8014.0,454.12616192435956,9.375,290,316,30,0,286,314,69267,4,0,0,4,2
2020-07-07,US,Colorado,Chaffee,78,19,0,38.74745778,-106.19265729999998,8015.0,383.17940656317535,24.35897435897436,59,78,19,0,59,77,20027,0,0,0,0,1
2020-07-07,US,Colorado,Cheyenne,5,0,0,38.82777431,-102.6032558,8017.0,273.07482250136536,0.0,5,5,0,0,5,5,1876,0,0,0,0,0
2020-07-07,US,Colorado,Clear Creek,21,1,0,39.68864463,-105.6463118,8019.0,216.49484536082474,4.761904761904762,20,21,1,0,20,21,9605,0,0,0,0,0
2020-07-07,US,Colorado,Conejos,15,0,0,37.201606,-106.19174879999998,8021.0,182.81535648994515,0.0,15,15,0,0,15,15,8200,0,0,0,0,0
2020-07-07,US,Colorado,Costilla,22,0,0,37.27732493,-105.4276548,8023.0,565.9891947517366,0.0,22,22,0,0,22,22,3828,0,0,0,0,0
2020-07-07,US,Colorado,Crowley,71,1,0,38.32608609,-103.7844965,8025.0,1171.4238574492658,1.4084507042253518,70,71,1,0,70,71,5858,0,0,0,0,0
2020-07-07,US,Colorado,Custer,2,0,0,38.10883162,-105.3683478,8027.0,39.463299131807425,0.0,2,2,0,0,2,2,4954,0,0,0,0,0
2020-07-07,US,Colorado,Delta,84,1,0,38.86246243,-107.8631342,8029.0,269.5590783646749,1.1904761904761905,83,83,1,0,82,84,30953,1,0,0,1,-1
2020-07-07,US,Colorado,Denver,7477,383,0,39.76018276,-104.8725695,8031.0,1028.1747663332926,5.122375284204894,7094,7392,381,0,7011,7344,716492,85,2,0,83,48
2020-07-07,US,Colorado,Douglas,1042,52,0,39.33133796,-104.930001,8035.0,296.7359050445104,4.9904030710172735,990,1019,52,0,967,1013,342776,23,0,0,23,6
2020-07-07,US,Colorado,Eagle,715,8,0,39.62754308,-106.6933637,8037.0,1297.005097320732,1.1188811188811192,707,709,8,0,701,705,54993,6,0,0,6,4
2020-07-07,US,Colorado,El Paso,2685,109,0,38.83240149,-104.5251411,8041.0,372.70805368661706,4.059590316573557,2576,2645,109,0,2536,2608,713856,40,0,0,40,37
2020-07-07,US,Colorado,Elbert,60,2,0,39.28656773,-104.1358721,8039.0,224.4752890119346,3.333333333333333,58,58,2,0,56,57,26282,2,0,0,2,1
2020-07-07,US,Colorado,Fremont,41,0,0,38.47362326,-105.4399667,8043.0,85.70413261146763,0.0,41,41,0,0,41,40,48021,0,0,0,0,1
2020-07-07,US,Colorado,Garfield,326,3,0,39.59921777,-107.902708,8045.0,542.7815054694394,0.9202453987730062,323,317,3,0,314,319,59770,9,0,0,9,-2
2020-07-07,US,Colorado,Gilpin,8,0,0,39.85646523,-105.5252597,8047.0,128.14352074323241,0.0,8,8,0,0,8,8,6121,0,0,0,0,0
2020-07-07,US,Colorado,Grand,23,1,0,40.10603347,-106.1178042,8049.0,146.1802465997204,4.3478260869565215,22,21,1,0,20,21,15525,2,0,0,2,0
2020-07-07,US,Colorado,Gunnison,189,6,0,38.66611652,-107.0320729,8051.0,1082.3502462489978,3.1746031746031744,183,189,6,0,183,189,17246,0,0,0,0,0
2020-07-07,US,Colorado,Hinsdale,3,0,0,37.82247444,-107.3004345,8053.0,365.8536585365854,0.0,3,3,0,0,3,3,811,0,0,0,0,0
2020-07-07,US,Colorado,Huerfano,4,1,0,37.68473101,-104.9612585,8055.0,57.99623024503408,25.0,3,4,1,0,3,4,6889,0,0,0,0,0
2020-07-07,US,Colorado,Jackson,2,0,0,40.66593870000001,-106.3408905,8057.0,143.67816091954026,0.0,2,2,0,0,2,2,1399,0,0,0,0,0
2020-07-07,US,Colorado,Jefferson,2842,212,0,39.58635604,-105.2517692,8059.0,487.5780819755662,7.459535538353273,2630,2801,212,0,2589,2788,580233,41,0,0,41,13
2020-07-07,US,Colorado,Kit Carson,33,3,0,39.30497777,-102.6022199,8063.0,464.985205016204,9.090909090909092,30,33,3,0,30,33,7163,0,0,0,0,0
2020-07-07,US,Colorado,La Plata,127,1,0,37.28632032,-107.8429014,8067.0,225.89423880756303,0.7874015748031497,126,122,1,0,121,123,56310,5,0,0,5,-1
2020-07-07,US,Colorado,Lake,51,0,0,39.20278823,-106.3555697,8065.0,627.5378368401623,0.0,51,52,0,0,52,52,7824,-1,0,0,-1,0
2020-07-07,US,Colorado,Larimer,818,29,0,40.66671597,-105.4625784,8069.0,229.19649536703662,3.5452322738386317,789,808,29,0,779,803,350518,10,0,0,10,5
2020-07-07,US,Colorado,Las Animas,9,0,0,37.3153406,-104.0376458,8071.0,62.04329243071832,0.0,9,9,0,0,9,9,14503,0,0,0,0,0
2020-07-07,US,Colorado,Lincoln,4,0,0,38.98749519,-103.5136649,8073.0,70.1631292755657,0.0,4,4,0,0,4,4,5610,0,0,0,0,0
2020-07-07,US,Colorado,Logan,640,5,0,40.7249637,-103.110817,8075.0,2855.995359007541,0.78125,635,640,5,0,635,640,21528,0,0,0,0,0
2020-07-07,US,Colorado,Mesa,121,0,0,39.01787888,-108.469799,8077.0,78.46443161922055,0.0,121,119,0,0,119,118,153207,2,0,0,2,1
2020-07-07,US,Colorado,Mineral,13,0,0,37.66954283,-106.9281698,8079.0,1690.5071521456437,0.0,13,11,0,0,11,9,776,2,0,0,2,2
2020-07-07,US,Colorado,Moffat,13,0,0,40.61810999,-108.2070876,8081.0,97.86945720093351,0.0,13,13,0,0,13,13,13188,0,0,0,0,0
2020-07-07,US,Colorado,Montezuma,74,3,0,37.33859579,-108.5958857,8083.0,282.62613145934387,4.0540540540540535,71,74,3,0,71,73,26158,0,0,0,0,1
2020-07-07,US,Colorado,Montrose,211,12,0,38.40214114,-108.26390220000002,8085.0,493.4749052808831,5.6872037914691935,199,210,12,0,198,208,42214,1,0,0,1,2
2020-07-07,US,Colorado,Morgan,655,46,0,40.26279810000001,-103.8093302,8087.0,2253.337002889776,7.022900763358778,609,655,46,0,609,655,28558,0,0,0,0,0
2020-07-07,US,Colorado,Otero,22,1,0,37.9014485,-103.7173385,8089.0,120.3632782580151,4.545454545454546,21,22,1,0,21,22,18432,0,0,0,0,0
2020-07-07,US,Colorado,Ouray,12,1,0,38.14717457,-107.7675136,8091.0,242.3263327948304,8.333333333333334,11,12,1,0,11,12,4833,0,0,0,0,0
2020-07-07,US,Colorado,Park,28,0,0,39.120926,-105.7182065,8093.0,148.580525338286,0.0,28,28,0,0,28,27,18556,0,0,0,0,1
2020-07-07,US,Colorado,Phillips,16,0,0,40.59414277,-102.3577703,8095.0,375.14654161781954,0.0,16,16,0,0,16,16,4286,0,0,0,0,0
2020-07-07,US,Colorado,Pitkin,108,2,0,39.21720112,-106.9310027,8097.0,607.8685202904261,1.851851851851852,106,105,2,0,103,105,17950,3,0,0,3,0
2020-07-07,US,Colorado,Prowers,30,0,0,37.95544985,-102.3926052,8099.0,246.46730200460075,0.0,30,29,0,0,29,29,12164,1,0,0,1,0
2020-07-07,US,Colorado,Pueblo,411,30,0,38.17359144,-104.5127437,8101.0,244.02697952785823,7.299270072992702,381,408,30,0,378,407,167529,3,0,0,3,1
2020-07-07,US,Colorado,Rio Blanco,4,0,0,39.97913541,-108.2179009,8103.0,63.25110689437065,0.0,4,4,0,0,4,4,6336,0,0,0,0,0
2020-07-07,US,Colorado,Rio Grande,80,2,0,37.5836865,-106.3847838,8105.0,710.0381645513446,2.5,78,80,2,0,78,80,11250,0,0,0,0,0
2020-07-07,US,Colorado,Routt,78,6,0,40.48596505,-106.9905548,8107.0,304.2358998361807,7.6923076923076925,72,78,6,0,72,77,25733,0,0,0,0,1
2020-07-07,US,Colorado,Saguache,102,2,0,38.08054629,-106.282466,8109.0,1494.7245017584994,1.96078431372549,100,102,2,0,100,102,6843,0,0,0,0,0
2020-07-07,US,Colorado,San Juan,2,0,0,37.76248981,-107.67632890000002,8111.0,274.72527472527474,0.0,2,2,0,0,2,2,762,0,0,0,0,0
2020-07-07,US,Colorado,San Miguel,39,0,0,38.00450883,-108.4020725,8113.0,476.8309084240127,0.0,39,39,0,0,39,39,8191,0,0,0,0,0
2020-07-07,US,Colorado,Summit,286,4,0,39.63803232,-106.1150762,8117.0,922.253393956983,1.3986013986013983,282,281,4,0,277,281,31007,5,0,0,5,0
2020-07-07,US,Colorado,Teller,52,2,0,38.88133511,-105.1614893,8119.0,204.82117535843705,3.8461538461538463,50,43,2,0,41,43,25083,9,0,0,9,0
2020-07-07,US,Colorado,Washington,46,0,0,39.97015535,-103.202587,8121.0,937.2453137734312,0.0,46,46,0,0,46,46,4909,0,0,0,0,0
2020-07-07,US,Colorado,Weld,2890,138,0,40.55499405,-104.3929621,8123.0,890.6228813036992,4.775086505190312,2752,2878,137,0,2741,2871,314305,12,1,0,11,7
2020-07-07,US,Colorado,Yuma,53,0,0,40.00346839,-102.4258673,8125.0,528.9949096716239,0.0,53,53,0,0,53,53,10020,0,0,0,0,0
2020-07-07,US,Connecticut,Fairfield,16837,1377,0,41.26809896,-73.3881171,9001.0,1784.8435121463074,8.178416582526578,15460,16823,1377,0,15446,16757,943823,14,0,0,14,66
2020-07-07,US,Connecticut,Hartford,11812,1380,0,41.80283011,-72.73103891,9003.0,1324.6310501054145,11.683034202505924,10432,11794,1380,0,10414,11728,892697,18,0,0,18,66
2020-07-07,US,Connecticut,Litchfield,1508,137,0,41.7937534,-73.2451475,9005.0,836.2307508886337,9.084880636604774,1371,1504,137,0,1367,1494,181111,4,0,0,4,10
2020-07-07,US,Connecticut,Middlesex,1320,186,0,41.45949668,-72.53714864,9007.0,812.6277426186315,14.090909090909092,1134,1321,186,0,1135,1308,162682,-1,0,0,-1,13
2020-07-07,US,Connecticut,New Haven,12473,1078,0,41.408032500000004,-72.93620426,9009.0,1459.2451421866094,8.642668163232582,11395,12462,1078,0,11384,12409,857620,11,0,0,11,53
2020-07-07,US,Connecticut,New London,1304,102,0,41.48896435,-72.10430976,9011.0,491.6932497756461,7.822085889570554,1202,1296,102,0,1194,1277,266784,8,0,0,8,19
2020-07-07,US,Connecticut,Tolland,925,64,0,41.85853803,-72.3308481,9013.0,613.7167348942749,6.918918918918918,861,925,64,0,861,915,150921,0,0,0,0,10
2020-07-07,US,Connecticut,Unassigned,227,0,0,0.0,0.0,90009.0,0.0,0.0,227,227,0,0,227,213,,0,0,0,0,14
2020-07-07,US,Connecticut,Windham,627,14,0,41.82972709,-71.98182316,9015.0,536.8978095939443,2.232854864433812,613,624,14,0,610,616,117027,3,0,0,3,8
2020-07-07,US,Delaware,Kent,1784,92,0,39.08646628,-75.56884914,10001.0,986.8020753819432,5.15695067264574,1692,1761,92,0,1669,1746,178550,23,0,0,23,15
2020-07-07,US,Delaware,New Castle,5555,247,0,39.57992638,-75.64054974,10003.0,994.178107321124,4.446444644464448,5308,5489,245,0,5244,5398,559335,66,2,0,64,91
2020-07-07,US,Delaware,Sussex,4977,175,0,38.66143781,-75.39031349,10005.0,2124.8799231508165,3.516174402250352,4802,4952,175,0,4777,4903,229286,25,0,0,25,49
2020-07-07,US,Delaware,Unassigned,98,0,0,0.0,0.0,90010.0,0.0,0.0,98,91,0,0,91,81,,7,0,0,7,10
2020-07-07,US,District of Columbia,District of Columbia,10569,561,0,38.90417773,-77.01655992,11001.0,1497.557913649187,5.307976156684644,10008,10515,561,0,9954,10482,702455,54,0,0,54,33
2020-07-07,US,Florida,Alachua,1701,12,0,29.67866525,-82.35928158,12001.0,632.2409428976038,0.7054673721340388,1689,1636,12,0,1624,1578,269956,65,0,0,65,58
2020-07-07,US,Florida,Baker,110,4,0,30.33060121,-82.28467476,12003.0,376.583361862376,3.636363636363636,106,106,4,0,102,102,28355,4,0,0,4,4
2020-07-07,US,Florida,Bay,818,5,0,30.26548745,-85.62122584,12005.0,468.2178529521193,0.6112469437652812,813,744,5,0,739,713,185287,74,0,0,74,31
2020-07-07,US,Florida,Bradford,102,2,0,29.95079741,-82.16611613,12007.0,361.6893017978086,1.96078431372549,100,95,2,0,93,95,27732,7,0,0,7,0
2020-07-07,US,Florida,Brevard,2705,20,0,28.29409504,-80.73091022,12009.0,449.378843808872,0.7393715341959335,2685,2591,19,0,2572,2521,596849,114,1,0,113,70
2020-07-07,US,Florida,Broward,22595,418,0,26.15184651,-80.48725556,12011.0,1157.069569608015,1.8499668068156672,22177,21856,414,0,21442,21239,1951260,739,4,0,735,617
2020-07-07,US,Florida,Calhoun,101,6,0,30.40666734,-85.19394153,12013.0,716.0581354129741,5.9405940594059405,95,97,6,0,91,97,14587,4,0,0,4,0
2020-07-07,US,Florida,Charlotte,944,77,0,26.90131002,-81.92949121,12015.0,499.7088560690277,8.15677966101695,867,935,77,0,858,922,184998,9,0,0,9,13
2020-07-07,US,Florida,Citrus,419,13,0,28.84804315,-82.47614748,12017.0,279.97353949364214,3.102625298329356,406,399,13,0,386,378,147929,20,0,0,20,21
2020-07-07,US,Florida,Clay,1074,34,0,29.98319144,-81.85609986,12019.0,489.8472989984128,3.165735567970205,1040,1017,34,0,983,991,216072,57,0,0,57,26
2020-07-07,US,Florida,Collier,5201,85,0,26.11091986,-81.34687065,12021.0,1351.2530462299494,1.6343010959430881,5116,5076,85,0,4991,5019,378488,125,0,0,125,57
2020-07-07,US,Florida,Columbia,377,4,0,30.22509788,-82.62160164,12023.0,525.9046396785983,1.0610079575596818,373,364,4,0,360,361,70503,13,0,0,13,3
2020-07-07,US,Florida,DeSoto,760,10,0,27.18677893,-81.80941373,12027.0,1999.9473698060567,1.3157894736842106,750,752,10,0,742,748,37489,8,0,0,8,4
2020-07-07,US,Florida,Dixie,84,4,0,29.60631086,-83.15724673,12029.0,499.2273861880423,4.761904761904762,80,80,4,0,76,78,16700,4,0,0,4,2
2020-07-07,US,Florida,Duval,9835,70,0,30.33225875,-81.66976468,12031.0,1026.88056966552,0.7117437722419929,9765,9487,68,0,9419,9146,950181,348,2,0,346,341
2020-07-07,US,Florida,Escambia,3059,48,0,30.67652764,-87.37284571,12033.0,960.994734791842,1.5691402419091207,3011,2942,47,0,2895,2809,315534,117,1,0,116,133
2020-07-07,US,Florida,Flagler,410,5,0,29.45933576,-81.31508595,12035.0,356.27080056655745,1.2195121951219512,405,392,5,0,387,383,112067,18,0,0,18,9
2020-07-07,US,Florida,Franklin,15,0,0,29.83791238,-84.82731662,12037.0,123.71134020618557,0.0,15,15,0,0,15,15,11736,0,0,0,0,0
2020-07-07,US,Florida,Gadsden,474,7,0,30.57796289,-84.61915825,12039.0,1038.107752956636,1.4767932489451476,467,468,7,0,461,468,45894,6,0,0,6,0
2020-07-07,US,Florida,Gilchrist,122,0,0,29.72856978,-82.79880657,12041.0,656.5493488322032,0.0,122,116,0,0,116,114,18256,6,0,0,6,2
2020-07-07,US,Florida,Glades,188,1,0,26.95635849,-81.18996211,12043.0,1361.2337991456086,0.5319148936170213,187,188,1,0,187,179,13724,0,0,0,0,9
2020-07-07,US,Florida,Gulf,57,0,0,29.93543004,-85.24270990000002,12045.0,417.91920228755777,0.0,57,54,0,0,54,54,16164,3,0,0,3,0
2020-07-07,US,Florida,Hamilton,392,2,0,30.49673973,-82.94998918,12047.0,2716.9392847241475,0.5102040816326531,390,389,2,0,387,384,14310,3,0,0,3,5
2020-07-07,US,Florida,Hardee,517,3,0,27.49293939,-81.80956574,12049.0,1919.293165534395,0.5802707930367504,514,509,3,0,506,506,27245,8,0,0,8,3
2020-07-07,US,Florida,Hendry,1111,27,0,26.55386945,-81.16469006,12051.0,2643.85321974204,2.43024302430243,1084,1101,27,0,1074,1085,41556,10,0,0,10,16
2020-07-07,US,Florida,Hernando,592,6,0,28.55364461,-82.42700204,12053.0,305.28052805280527,1.0135135135135136,586,557,6,0,551,541,190865,35,0,0,35,16
2020-07-07,US,Florida,Highlands,435,12,0,27.34254618,-81.34071957,12055.0,409.5235405428305,2.7586206896551726,423,416,12,0,404,405,105424,19,0,0,19,11
2020-07-07,US,Florida,Hillsborough,15362,163,0,27.9276559,-82.32013172,12057.0,1043.6368181916996,1.0610597578440306,15199,14677,158,0,14519,14336,1436888,685,5,0,680,341
2020-07-07,US,Florida,Holmes,201,0,0,30.86747479,-85.81319222,12059.0,1024.6215017586787,0.0,201,199,0,0,199,199,19477,2,0,0,2,0
2020-07-07,US,Florida,Indian River,969,17,0,27.69308961,-80.60556721,12061.0,605.9165973624807,1.7543859649122806,952,953,17,0,936,932,157413,16,0,0,16,21
2020-07-07,US,Florida,Jackson,415,2,0,30.795459700000002,-85.21500423,12063.0,894.1267720946266,0.4819277108433735,413,411,2,0,409,406,48305,4,0,0,4,5
2020-07-07,US,Florida,Jefferson,67,4,0,30.43669112,-83.89442308,12065.0,470.3074547241332,5.970149253731344,63,65,4,0,61,58,14288,2,0,0,2,7
2020-07-07,US,Florida,Lafayette,42,0,0,29.98484137,-83.18166636,12067.0,498.6938969365946,0.0,42,40,0,0,40,36,8732,2,0,0,2,4
2020-07-07,US,Florida,Lake,1998,25,0,28.76202069,-81.7125123,12069.0,544.2391819523967,1.2512512512512513,1973,1890,23,0,1867,1845,356495,108,2,0,106,45
2020-07-07,US,Florida,Lee,7859,172,0,26.58410348,-81.88399313,12071.0,1019.8850990880859,2.1885736098740303,7687,7661,167,0,7494,7498,754610,198,5,0,193,163
2020-07-07,US,Florida,Leon,1911,8,0,30.45955727,-84.27491114,12073.0,650.9254654576915,0.4186289900575615,1903,1870,8,0,1862,1798,292502,41,0,0,41,72
2020-07-07,US,Florida,Levy,218,1,0,29.31829741,-82.74007147,12075.0,525.2632339830857,0.4587155963302753,217,211,1,0,210,210,40770,7,0,0,7,1
2020-07-07,US,Florida,Liberty,245,1,0,30.23766008,-84.8829258,12077.0,2932.726837443141,0.4081632653061225,244,244,1,0,243,244,8457,1,0,0,1,0
2020-07-07,US,Florida,Madison,265,4,0,30.44396917,-83.47398594,12079.0,1432.9746390526145,1.509433962264151,261,255,4,0,251,247,18529,10,0,0,10,8
2020-07-07,US,Florida,Manatee,3890,135,0,27.47196942,-82.31831044,12081.0,964.6549436705988,3.4704370179948585,3755,3785,132,0,3653,3716,394855,105,3,0,102,69
2020-07-07,US,Florida,Marion,1043,12,0,29.21227113,-82.05803627,12083.0,285.3008515259356,1.1505273250239694,1031,986,12,0,974,927,359977,57,0,0,57,59
2020-07-07,US,Florida,Martin,2461,31,0,27.0772071,-80.43109784,12085.0,1528.5714285714291,1.2596505485574971,2430,2422,29,0,2393,2320,160912,39,2,0,37,102
2020-07-07,US,Florida,Miami-Dade,51058,1057,0,25.6112362,-80.55170587,12086.0,1879.2465052595933,2.070194680559364,50001,48992,1051,0,47941,47011,2761581,2066,6,0,2060,1981
2020-07-07,US,Florida,Monroe,398,5,0,25.20904673,-81.07812416,12087.0,536.1858058953495,1.256281407035176,393,380,5,0,375,367,75027,18,0,0,18,13
2020-07-07,US,Florida,Nassau,346,2,0,30.61037141,-81.80297522,12089.0,390.4090267983075,0.5780346820809249,344,325,1,0,324,313,85832,21,1,0,20,12
2020-07-07,US,Florida,Okaloosa,938,9,0,30.69143028,-86.59267105,12091.0,445.1024494870408,0.9594882729211088,929,917,8,0,909,906,207269,21,1,0,20,11
2020-07-07,US,Florida,Okeechobee,451,0,0,27.386336199999995,-80.88944347,12093.0,1069.5313982166572,0.0,451,439,0,0,439,423,41537,12,0,0,12,16
2020-07-07,US,Florida,Orange,14768,61,0,28.51367621,-81.31799498,12095.0,1059.8140445454885,0.4130552546045504,14707,14407,61,0,14346,14032,1380645,361,0,0,361,375
2020-07-07,US,Florida,Osceola,3190,29,0,28.06312234,-81.14882926,12097.0,848.9664698164476,0.9090909090909092,3161,3068,29,0,3039,2966,367990,122,0,0,122,102
2020-07-07,US,Florida,Palm Beach,17638,563,0,26.64676272,-80.46536002,12099.0,1178.404163632355,3.1919718788978337,17075,17242,543,0,16699,16836,1485941,396,20,0,376,406
2020-07-07,US,Florida,Pasco,3004,26,0,28.30810945,-82.40227529,12101.0,542.2901468913092,0.8655126498002663,2978,2850,26,0,2824,2757,539630,154,0,0,154,93
2020-07-07,US,Florida,Pinellas,9032,206,0,27.93130349,-82.72239666,12103.0,926.3627748216403,2.2807794508414525,8826,8759,199,0,8560,8533,975280,273,7,0,266,226
2020-07-07,US,Florida,Polk,5665,115,0,27.95027105,-81.69732947,12105.0,781.6197257915193,2.030008826125331,5550,5472,114,0,5358,5196,708009,193,1,0,192,276
2020-07-07,US,Florida,Putnam,566,6,0,29.60779729,-81.74230285,12107.0,759.5174514566362,1.060070671378092,560,550,6,0,544,540,74163,16,0,0,16,10
2020-07-07,US,Florida,Santa Rosa,941,9,0,30.69341450000001,-87.02458128,12113.0,510.5445627817897,0.9564293304994688,932,902,9,0,893,867,179349,39,0,0,39,35
2020-07-07,US,Florida,Sarasota,2249,98,0,27.18546175,-82.33174248,12115.0,518.5110042375421,4.357492218763895,2151,2191,98,0,2093,2160,426718,58,0,0,58,31
2020-07-07,US,Florida,Seminole,3522,20,0,28.7158582,-81.24060348,12117.0,746.4616193257684,0.5678591709256104,3502,3430,20,0,3410,3339,467832,92,0,0,92,91
2020-07-07,US,Florida,St. Johns,1433,8,0,29.90096506,-81.43589967,12109.0,541.4248579373715,0.5582693649685974,1425,1383,8,0,1375,1325,254261,50,0,0,50,58
2020-07-07,US,Florida,St. Lucie,2355,54,0,27.37763908,-80.47106649,12111.0,717.33826382818,2.2929936305732483,2301,2264,53,0,2211,2182,321128,91,1,0,90,82
2020-07-07,US,Florida,Sumter,478,17,0,28.70181754,-82.0794267,12119.0,360.9726627397674,3.5564853556485354,461,436,17,0,419,420,128754,42,0,0,42,16
2020-07-07,US,Florida,Suwannee,646,21,0,30.19746066,-82.99099670000003,12121.0,1454.398090821082,3.2507739938080493,625,630,21,0,609,614,44191,16,0,0,16,16
2020-07-07,US,Florida,Taylor,102,1,0,30.04848048,-83.60445406,12123.0,472.9009226204275,0.9803921568627452,101,101,1,0,100,99,21623,1,0,0,1,2
2020-07-07,US,Florida,Unassigned,231,0,0,0.0,0.0,90012.0,0.0,0.0,231,230,0,0,230,226,,1,0,0,1,4
2020-07-07,US,Florida,Union,92,2,0,30.04412971,-82.37497443,12125.0,603.7933976504562,2.1739130434782608,90,89,2,0,87,85,14940,3,0,0,3,4
2020-07-07,US,Florida,Volusia,2951,59,0,29.05858895,-81.18263252,12127.0,533.3608056621915,1.9993222636394443,2892,2804,58,0,2746,2685,547538,147,1,0,146,119
2020-07-07,US,Florida,Wakulla,93,1,0,30.16548905,-84.39895211,12129.0,275.6453955363229,1.075268817204301,92,90,1,0,89,87,32461,3,0,0,3,3
2020-07-07,US,Florida,Walton,372,9,0,30.64204028,-86.16935664,12131.0,502.2208421649497,2.419354838709677,363,324,9,0,315,318,71375,48,0,0,48,6
2020-07-07,US,Florida,Washington,131,13,0,30.61359259,-85.66002461,12133.0,514.2700113846033,9.923664122137405,118,121,13,0,108,121,24880,10,0,0,10,0
2020-07-07,US,Georgia,Appling,302,14,0,31.74847232,-82.28909114,13001.0,1642.5541172631354,4.635761589403972,288,299,14,0,285,290,18507,3,0,0,3,9
2020-07-07,US,Georgia,Atkinson,179,2,0,31.29633502,-82.87545866,13003.0,2192.2841396203307,1.11731843575419,177,175,2,0,173,162,8297,4,0,0,4,13
2020-07-07,US,Georgia,Bacon,283,4,0,31.55456473,-82.45936528,13005.0,2534.9337155141525,1.413427561837456,279,282,4,0,278,281,11185,1,0,0,1,1
2020-07-07,US,Georgia,Baker,44,3,0,31.32669878,-84.44218806,13007.0,1448.3212639894668,6.8181818181818175,41,44,3,0,41,44,3092,0,0,0,0,0
2020-07-07,US,Georgia,Baldwin,582,34,0,33.06882326,-83.24701748,13009.0,1296.5025618177767,5.841924398625428,548,570,34,0,536,566,44823,12,0,0,12,4
2020-07-07,US,Georgia,Banks,143,1,0,34.35607081,-83.49644388,13011.0,743.4750961838411,0.6993006993006993,142,146,2,0,144,144,18988,-3,-1,0,-2,2
2020-07-07,US,Georgia,Barrow,562,25,0,33.99148694,-83.71436292,13013.0,675.1561749159058,4.448398576512456,537,543,25,0,518,535,80809,19,0,0,19,8
2020-07-07,US,Georgia,Bartow,807,42,0,34.23732119,-84.83887523,13015.0,749.0393361673689,5.204460966542751,765,788,42,0,746,774,106408,19,0,0,19,14
2020-07-07,US,Georgia,Ben Hill,192,1,0,31.76095874,-83.22145359,13017.0,1149.7005988023952,0.5208333333333334,191,186,1,0,185,185,16787,6,0,0,6,1
2020-07-07,US,Georgia,Berrien,152,0,0,31.27590016,-83.22529920000002,13019.0,783.6263339691702,0.0,152,141,0,0,141,135,19252,11,0,0,11,6
2020-07-07,US,Georgia,Bibb,1346,41,0,32.80904227,-83.70489165,13021.0,878.8252730822217,3.0460624071322435,1305,1237,41,0,1196,1207,153095,109,0,0,109,30
2020-07-07,US,Georgia,Bleckley,77,1,0,32.43829035,-83.33035166,13023.0,598.1511691136487,1.2987012987012987,76,72,1,0,71,72,12838,5,0,0,5,0
2020-07-07,US,Georgia,Brantley,115,3,0,31.19576557,-81.97743999,13025.0,601.8106651316134,2.608695652173913,112,112,3,0,109,110,18897,3,0,0,3,2
2020-07-07,US,Georgia,Brooks,199,11,0,30.83922642,-83.58303423,13027.0,1287.442582648638,5.527638190954773,188,189,11,0,178,184,15513,10,0,0,10,5
2020-07-07,US,Georgia,Bryan,180,5,0,32.00979311,-81.44002948,13029.0,454.23574835339537,2.7777777777777777,175,173,5,0,168,166,38109,7,0,0,7,7
2020-07-07,US,Georgia,Bulloch,532,4,0,32.39577406,-81.74811421,13031.0,668.2745452718319,0.7518796992481203,528,515,4,0,511,508,77296,17,0,0,17,7
2020-07-07,US,Georgia,Burke,158,7,0,33.05917989,-81.99928721,13033.0,705.8928651208507,4.4303797468354436,151,157,7,0,150,156,22423,1,0,0,1,1
2020-07-07,US,Georgia,Butts,320,34,0,33.283094500000004,-83.95435040000002,13035.0,1283.285210137953,10.625,286,297,33,0,264,293,24193,23,1,0,22,4
2020-07-07,US,Georgia,Calhoun,169,6,0,31.53169785,-84.62725131,13037.0,2730.6511552754887,3.5502958579881656,163,168,6,0,162,167,6352,1,0,0,1,1
2020-07-07,US,Georgia,Camden,212,2,0,30.92951916,-81.66601818,13039.0,387.8096074342369,0.9433962264150944,210,204,2,0,202,188,53677,8,0,0,8,16
2020-07-07,US,Georgia,Candler,70,0,0,32.40209349,-82.07702563,13043.0,647.9681569934278,0.0,70,66,0,0,66,62,10836,4,0,0,4,4
2020-07-07,US,Georgia,Carroll,881,40,0,33.58138199,-85.07976677,13045.0,734.2156143742917,4.540295119182747,841,864,40,0,824,846,118121,17,0,0,17,18
2020-07-07,US,Georgia,Catoosa,333,8,0,34.89872298,-85.13757014,13047.0,492.74933412252153,2.4024024024024024,325,324,8,0,316,323,67420,9,0,0,9,1
2020-07-07,US,Georgia,Charlton,73,2,0,30.78371028,-82.13951596,13049.0,545.1015531660694,2.7397260273972597,71,70,2,0,68,66,12968,3,0,0,3,4
2020-07-07,US,Georgia,Chatham,1985,38,0,32.00043026,-81.12489526,13051.0,685.8307708254155,1.9143576826196476,1947,1917,38,0,1879,1831,289195,68,0,0,68,86
2020-07-07,US,Georgia,Chattahoochee,430,0,0,32.34341231,-84.78809239,13053.0,3942.4222976070414,0.0,430,429,0,0,429,429,10684,1,0,0,1,0
2020-07-07,US,Georgia,Chattooga,73,2,0,34.47197698,-85.34535662,13055.0,294.4854572592683,2.7397260273972597,71,67,2,0,65,67,24790,6,0,0,6,0
2020-07-07,US,Georgia,Cherokee,1551,45,0,34.24393976,-84.47431861,13057.0,599.3670127872691,2.9013539651837523,1506,1491,44,0,1447,1460,254149,60,1,0,59,31
2020-07-07,US,Georgia,Clarke,775,15,0,33.95436462,-83.37124007,13059.0,603.9070840249043,1.935483870967742,760,738,15,0,723,714,127330,37,0,0,37,24
2020-07-07,US,Georgia,Clay,56,2,0,31.62221166,-84.97713865,13061.0,1976.0056457304165,3.571428571428572,54,56,2,0,54,56,2887,0,0,0,0,0
2020-07-07,US,Georgia,Clayton,2439,81,0,33.54187245,-84.35594188,13063.0,834.5423190627396,3.3210332103321027,2358,2376,80,0,2296,2344,289615,63,1,0,62,32
2020-07-07,US,Georgia,Clinch,115,3,0,30.91395822,-82.70432472,13065.0,1737.685101239045,2.608695652173913,112,114,3,0,111,112,6648,1,0,0,1,2
2020-07-07,US,Georgia,Cobb,6082,247,0,33.94243204,-84.5761255,13067.0,800.1147155593503,4.061164090759618,5835,5857,246,0,5611,5758,756865,225,1,0,224,99
2020-07-07,US,Georgia,Coffee,659,17,0,31.54892966,-82.85492059999999,13069.0,1522.88956162041,2.579666160849772,642,630,17,0,613,617,43093,29,0,0,29,13
2020-07-07,US,Georgia,Colquitt,1149,19,0,31.18810588,-83.7677946,13071.0,2519.7368421052633,1.6536118363794603,1130,1108,18,0,1090,1101,45592,41,1,0,40,7
2020-07-07,US,Georgia,Columbia,655,10,0,33.54534185,-82.263524,13073.0,417.9588294600355,1.5267175572519085,645,637,9,0,628,627,154291,18,1,0,17,10
2020-07-07,US,Georgia,Cook,195,3,0,31.16068491,-83.42947229,13075.0,1129.125651418645,1.5384615384615383,192,182,2,0,180,177,17162,13,1,0,12,5
2020-07-07,US,Georgia,Coweta,794,16,0,33.35334302,-84.76129976,13077.0,534.6477317872991,2.0151133501259446,778,787,16,0,771,777,145864,7,0,0,7,10
2020-07-07,US,Georgia,Crawford,54,0,0,32.71391813,-83.98061238,13079.0,435.34343760077394,0.0,54,54,0,0,54,51,12318,0,0,0,0,3
2020-07-07,US,Georgia,Crisp,297,12,0,31.92289565,-83.76811843,13081.0,1327.5522975147505,4.040404040404041,285,295,12,0,283,292,22601,2,0,0,2,3
2020-07-07,US,Georgia,Dade,76,1,0,34.854916700000004,-85.50490424,13083.0,471.5810374782824,1.3157894736842106,75,75,1,0,74,74,16226,1,0,0,1,1
2020-07-07,US,Georgia,Dawson,159,3,0,34.44244079,-84.16964071,13085.0,609.008732955416,1.8867924528301887,156,153,3,0,150,153,25083,6,0,0,6,0
2020-07-07,US,Georgia,DeKalb,7158,173,0,33.76944049,-84.22396017,13089.0,942.7141158202916,2.416876222408494,6985,7050,173,0,6877,6905,756558,108,0,0,108,145
2020-07-07,US,Georgia,Decatur,268,8,0,30.87967778,-84.57619536,13087.0,1014.9977276170276,2.985074626865672,260,265,8,0,257,268,26575,3,0,0,3,-3
2020-07-07,US,Georgia,Dodge,122,2,0,32.17265114,-83.16948926,13091.0,592.0892987139042,1.639344262295082,120,113,2,0,111,113,20705,9,0,0,9,0
2020-07-07,US,Georgia,Dooly,217,12,0,32.15630737,-83.79746561,13093.0,1620.6123973114263,5.529953917050692,205,214,12,0,202,215,13706,3,0,0,3,-1
2020-07-07,US,Georgia,Dougherty,2030,155,0,31.53328528,-84.21722377,13095.0,2307.9721679021327,7.635467980295568,1875,2001,155,0,1846,1991,91243,29,0,0,29,10
2020-07-07,US,Georgia,Douglas,1179,37,0,33.70291126,-84.77026156,13097.0,805.641540763822,3.1382527565733667,1142,1137,37,0,1100,1101,145331,42,0,0,42,36
2020-07-07,US,Georgia,Early,287,31,0,31.32155345,-84.90255207,13099.0,2816.486751717369,10.801393728222997,256,281,31,0,250,275,10247,6,0,0,6,6
2020-07-07,US,Georgia,Echols,187,0,0,30.71101099,-82.89687287,13101.0,4667.998002995507,0.0,187,185,0,0,185,185,4000,2,0,0,2,0
2020-07-07,US,Georgia,Effingham,216,1,0,32.36616021,-81.34280942,13103.0,335.9462486002239,0.462962962962963,215,210,1,0,209,200,62190,6,0,0,6,10
2020-07-07,US,Georgia,Elbert,135,0,0,34.11302332,-82.83936148,13105.0,703.3447952485153,0.0,135,119,0,0,119,115,19120,16,0,0,16,4
2020-07-07,US,Georgia,Emanuel,176,3,0,32.59221302,-82.30239915,13107.0,777.1791927934293,1.7045454545454546,173,150,3,0,147,146,22612,26,0,0,26,4
2020-07-07,US,Georgia,Evans,33,0,0,32.15328841,-81.8870105,13109.0,309.74281959827294,0.0,33,30,0,0,30,30,10721,3,0,0,3,0
2020-07-07,US,Georgia,Fannin,109,1,0,34.86430205,-84.316964,13111.0,416.2211700015274,0.9174311926605504,108,107,1,0,106,107,25964,2,0,0,2,0
2020-07-07,US,Georgia,Fayette,458,19,0,33.41357794,-84.49089434,13113.0,400.27617308011634,4.148471615720524,439,422,19,0,403,414,113459,36,0,0,36,8
2020-07-07,US,Georgia,Floyd,629,15,0,34.26268279,-85.21577392,13115.0,638.5916465308941,2.384737678855326,614,594,15,0,579,588,97927,35,0,0,35,6
2020-07-07,US,Georgia,Forsyth,1006,15,0,34.22604035,-84.12315129999998,13117.0,411.8697083340157,1.4910536779324055,991,959,15,0,944,944,236612,47,0,0,47,15
2020-07-07,US,Georgia,Franklin,224,1,0,34.37525597,-83.23159927,13119.0,959.3558610647136,0.44642857142857145,223,217,1,0,216,217,23023,7,0,0,7,0
2020-07-07,US,Georgia,Fulton,9066,316,0,33.79216944,-84.46319413,13121.0,852.1181235355101,3.485550408118244,8750,8883,316,0,8567,8652,1050114,183,0,0,183,231
2020-07-07,US,Georgia,Gilmer,197,2,0,34.69316688,-84.45802506,13123.0,628.0085434664796,1.0152284263959392,195,196,2,0,194,196,30816,1,0,0,1,0
2020-07-07,US,Georgia,Glascock,13,0,0,33.22879932,-82.61297636,13125.0,437.5631100639515,0.0,13,10,0,0,10,10,2995,3,0,0,3,0
2020-07-07,US,Georgia,Glynn,1231,6,0,31.23279254,-81.53811412,13127.0,1443.2772123997559,0.48740861088545895,1225,1221,6,0,1215,1162,85219,10,0,0,10,59
2020-07-07,US,Georgia,Gordon,457,18,0,34.50487351,-84.87296253,13129.0,788.4340010006383,3.938730853391685,439,446,18,0,428,438,57685,11,0,0,11,8
2020-07-07,US,Georgia,Grady,237,4,0,30.87454847,-84.23418364,13131.0,962.1239800267932,1.6877637130801688,233,232,4,0,228,229,24748,5,0,0,5,3
2020-07-07,US,Georgia,Greene,107,9,0,33.5769205,-83.17139104,13133.0,583.9336389434621,8.411214953271028,98,104,9,0,95,104,17698,3,0,0,3,0
2020-07-07,US,Georgia,Gwinnett,9972,174,0,33.96044201,-84.02137802,13135.0,1065.1001335113485,1.7448856799037304,9798,9787,174,0,9613,9645,927781,185,0,0,185,142
2020-07-07,US,Georgia,Habersham,729,38,0,34.63331566,-83.53094677,13137.0,1608.277444405224,5.212620027434842,691,717,36,0,681,717,45388,12,2,0,10,0
2020-07-07,US,Georgia,Hall,3475,62,0,34.32207823,-83.81896936,13139.0,1699.7568980781741,1.7841726618705036,3413,3419,63,0,3356,3404,202148,56,-1,0,57,15
2020-07-07,US,Georgia,Hancock,222,32,0,33.2721566,-82.99766919,13141.0,2625.044341965236,14.414414414414413,190,220,32,0,188,220,8348,2,0,0,2,0
2020-07-07,US,Georgia,Haralson,87,5,0,33.79602175,-85.21005667,13143.0,292.02470461868955,5.747126436781608,82,87,5,0,82,85,29533,0,0,0,0,2
2020-07-07,US,Georgia,Harris,386,11,0,32.73709786,-84.90538572,13145.0,1095.4705414916561,2.8497409326424865,375,383,11,0,372,374,34475,3,0,0,3,9
2020-07-07,US,Georgia,Hart,88,0,0,34.34626973,-82.96567682,13147.0,335.8137759969472,0.0,88,87,0,0,87,83,26099,1,0,0,1,4
2020-07-07,US,Georgia,Heard,72,3,0,33.29686567,-85.12886832,13149.0,603.8748637087981,4.166666666666667,69,66,3,0,63,64,11879,6,0,0,6,2
2020-07-07,US,Georgia,Henry,1514,33,0,33.4533428,-84.14814659999998,13151.0,645.4610954080175,2.179656538969617,1481,1460,33,0,1427,1445,230220,54,0,0,54,15
2020-07-07,US,Georgia,Houston,840,28,0,32.45802497,-83.66879087,13153.0,532.1069534976531,3.333333333333333,812,751,25,0,726,744,155469,89,3,0,86,7
2020-07-07,US,Georgia,Irwin,82,1,0,31.60213036,-83.27501387,13155.0,870.8581138487683,1.2195121951219512,81,76,1,0,75,76,9398,6,0,0,6,0
2020-07-07,US,Georgia,Jackson,461,10,0,34.13794553,-83.56814788,13157.0,631.705879934774,2.169197396963124,451,449,10,0,439,434,70422,12,0,0,12,15
2020-07-07,US,Georgia,Jasper,79,1,0,33.31535543,-83.68844964,13159.0,555.5946269076587,1.2658227848101269,78,78,1,0,77,77,14040,1,0,0,1,1
2020-07-07,US,Georgia,Jeff Davis,135,3,0,31.80405727,-82.63724870000001,13161.0,893.1524975190207,2.2222222222222223,132,129,3,0,126,126,15029,6,0,0,6,3
2020-07-07,US,Georgia,Jefferson,155,2,0,33.05867328,-82.41609057,13163.0,1008.9832053118083,1.2903225806451613,153,141,2,0,139,139,15430,14,0,0,14,2
2020-07-07,US,Georgia,Jenkins,127,12,0,32.79248718,-81.96040187,13165.0,1463.8082065467954,9.448818897637793,115,122,12,0,110,122,8683,5,0,0,5,0
2020-07-07,US,Georgia,Johnson,111,2,0,32.70211082,-82.66166794,13167.0,1151.0940578658094,1.8018018018018016,109,105,2,0,103,102,9708,6,0,0,6,3
2020-07-07,US,Georgia,Jones,114,0,0,33.02512137,-83.56019163,13169.0,396.7287280320167,0.0,114,104,0,0,104,103,28616,10,0,0,10,1
2020-07-07,US,Georgia,Lamar,136,6,0,33.07841647,-84.14263877,13171.0,712.9003512082612,4.411764705882354,130,133,6,0,127,130,19000,3,0,0,3,3
2020-07-07,US,Georgia,Lanier,153,3,0,31.03828570000001,-83.06472457,13173.0,1467.9075122325626,1.96078431372549,150,152,3,0,149,152,10340,1,0,0,1,0
2020-07-07,US,Georgia,Laurens,261,1,0,32.46325233,-82.92221316,13175.0,548.9420771463425,0.3831417624521073,260,231,1,0,230,225,47325,30,0,0,30,6
2020-07-07,US,Georgia,Lee,410,22,0,31.779330600000005,-84.14324253,13177.0,1367.0312083222193,5.365853658536587,388,405,22,0,383,402,29764,5,0,0,5,3
2020-07-07,US,Georgia,Liberty,168,1,0,31.82588896,-81.49251135,13179.0,273.45975421176854,0.5952380952380952,167,161,1,0,160,157,61497,7,0,0,7,4
2020-07-07,US,Georgia,Lincoln,53,1,0,33.79201475,-82.45024131,13181.0,669.1074359298068,1.8867924528301887,52,51,1,0,50,51,7915,2,0,0,2,0
2020-07-07,US,Georgia,Long,57,1,0,31.75218791,-81.74952375,13183.0,291.42594202157574,1.7543859649122806,56,57,1,0,56,57,18998,0,0,0,0,0
2020-07-07,US,Georgia,Lowndes,1659,14,0,30.83568832,-83.27056716,13185.0,1413.045329880926,0.8438818565400844,1645,1485,12,0,1473,1425,116321,174,2,0,172,60
2020-07-07,US,Georgia,Lumpkin,148,4,0,34.57286511,-84.00425681,13187.0,440.3451353763761,2.702702702702702,144,146,4,0,142,145,32955,2,0,0,2,1
2020-07-07,US,Georgia,Macon,121,9,0,32.35207048,-84.04234127,13193.0,934.5794392523364,7.43801652892562,112,120,9,0,111,119,13143,1,0,0,1,1
2020-07-07,US,Georgia,Madison,128,4,0,34.12920917,-83.21218732,13195.0,428.38018741633203,3.125,124,126,4,0,122,122,29650,2,0,0,2,4
2020-07-07,US,Georgia,Marion,86,2,0,32.3483402,-84.52733571,13197.0,1028.8311999042946,2.3255813953488373,84,87,2,0,85,87,8351,-1,0,0,-1,0
2020-07-07,US,Georgia,McDuffie,129,7,0,33.47851918,-82.48252774,13189.0,605.2927927927927,5.426356589147288,122,126,7,0,119,125,21531,3,0,0,3,1
2020-07-07,US,Georgia,McIntosh,68,1,0,31.49683595,-81.40163426,13191.0,472.9447767422451,1.4705882352941178,67,67,1,0,66,63,14340,1,0,0,1,4
2020-07-07,US,Georgia,Meriwether,225,3,0,33.04163534,-84.68859732,13199.0,1062.9753862143905,1.3333333333333333,222,218,3,0,215,216,21068,7,0,0,7,2
2020-07-07,US,Georgia,Miller,53,0,0,31.16568912,-84.73151117,13201.0,926.8975166142008,0.0,53,52,0,0,52,52,5686,1,0,0,1,0
2020-07-07,US,Georgia,Mitchell,468,39,0,31.22483255,-84.19381821,13205.0,2140.602844989251,8.333333333333334,429,459,38,0,421,459,22192,9,1,0,8,0
2020-07-07,US,Georgia,Monroe,213,18,0,33.014289,-83.92097166,13207.0,772.3547755457248,8.450704225352112,195,207,18,0,189,198,27520,6,0,0,6,9
2020-07-07,US,Georgia,Montgomery,41,0,0,32.17201038,-82.53527476,13209.0,447.0126471870912,0.0,41,33,0,0,33,33,9193,8,0,0,8,0
2020-07-07,US,Georgia,Morgan,68,0,0,33.59232073,-83.49129491,13211.0,352.77028429134674,0.0,68,66,0,0,66,66,18853,2,0,0,2,0
2020-07-07,US,Georgia,Murray,271,3,0,34.78897608,-84.74993177,13213.0,675.877893056664,1.1070110701107012,268,263,2,0,261,250,39921,8,1,0,7,13
2020-07-07,US,Georgia,Muscogee,2206,54,0,32.50931999,-84.87142262,13215.0,1126.8382634635718,2.4478694469628293,2152,2166,52,0,2114,2137,194160,40,2,0,38,29
2020-07-07,US,Georgia,Newton,750,12,0,33.55514538,-83.84547140000002,13217.0,671.176975945017,1.6,738,734,12,0,722,713,109541,16,0,0,16,21
2020-07-07,US,Georgia,Oconee,194,10,0,33.83749973,-83.43679568,13219.0,481.6285998013903,5.154639175257731,184,190,10,0,180,183,39272,4,0,0,4,7
2020-07-07,US,Georgia,Oglethorpe,101,7,0,33.878629600000004,-83.08278123,13221.0,661.9044498328855,6.9306930693069315,94,98,7,0,91,98,15054,3,0,0,3,0
2020-07-07,US,Georgia,Out of GA,6763,49,0,0.0,0.0,80013.0,0.0,0.7245305337867808,6714,6049,49,0,6000,6027,,714,0,0,714,22
2020-07-07,US,Georgia,Paulding,724,16,0,33.91969522,-84.86848792,13223.0,429.2481635411788,2.209944751381216,708,697,16,0,681,679,164044,27,0,0,27,18
2020-07-07,US,Georgia,Peach,126,10,0,32.56934316,-83.82937,13225.0,457.4166848181224,7.936507936507938,116,122,9,0,113,118,27297,4,1,0,3,4
2020-07-07,US,Georgia,Pickens,101,5,0,34.46589159,-84.46406611,13227.0,309.90150655088826,4.950495049504951,96,101,5,0,96,101,31980,0,0,0,0,0
2020-07-07,US,Georgia,Pierce,217,5,0,31.35928155,-82.21598442,13229.0,1114.8214744413049,2.3041474654377883,212,211,5,0,206,199,19389,6,0,0,6,12
2020-07-07,US,Georgia,Pike,105,3,0,33.09310242,-84.38790389,13231.0,553.7390570614914,2.8571428571428568,102,104,3,0,101,103,18634,1,0,0,1,1
2020-07-07,US,Georgia,Polk,254,1,0,34.00267074,-85.18677781,13233.0,596.062234529369,0.3937007874015748,253,233,1,0,232,234,42470,21,0,0,21,-1
2020-07-07,US,Georgia,Pulaski,57,2,0,32.23334561,-83.47549959999998,13235.0,511.8074885516747,3.5087719298245608,55,55,2,0,53,54,11069,2,0,0,2,1
2020-07-07,US,Georgia,Putnam,199,12,0,33.32056115,-83.37552891,13237.0,899.6790089967901,6.030150753768845,187,194,12,0,182,181,21809,5,0,0,5,13
2020-07-07,US,Georgia,Quitman,19,1,0,31.86728114,-85.01773177,13239.0,826.4462809917355,5.2631578947368425,18,18,1,0,17,18,2279,1,0,0,1,0
2020-07-07,US,Georgia,Rabun,57,3,0,34.88389445,-83.40304637,13241.0,332.6136429946898,5.2631578947368425,54,57,3,0,54,57,16867,0,0,0,0,0
2020-07-07,US,Georgia,Randolph,205,25,0,31.76622818,-84.75732369,13243.0,3024.4910002950733,12.19512195121951,180,204,25,0,179,201,6833,1,0,0,1,3
2020-07-07,US,Georgia,Richmond,1340,57,0,33.35777107,-82.07026432,13245.0,661.6695799879517,4.253731343283582,1283,1300,57,0,1243,1279,201554,40,0,0,40,21
2020-07-07,US,Georgia,Rockdale,583,11,0,33.65145002,-84.02202167,13247.0,641.392360499912,1.8867924528301887,572,568,11,0,557,552,90594,15,0,0,15,16
2020-07-07,US,Georgia,Schley,25,1,0,32.2654021,-84.31258912,13249.0,475.5564009891573,4.0,24,26,1,0,25,26,5236,-1,0,0,-1,0
2020-07-07,US,Georgia,Screven,101,7,0,32.74976524,-81.60779441,13251.0,723.1848775597881,6.9306930693069315,94,99,7,0,92,98,13938,2,0,0,2,1
2020-07-07,US,Georgia,Seminole,54,2,0,30.93464824,-84.86823924,13253.0,667.4907292954265,3.703703703703704,52,54,2,0,52,51,8315,0,0,0,0,3
2020-07-07,US,Georgia,Spalding,490,33,0,33.26310031,-84.28013991,13255.0,734.5996431944591,6.7346938775510194,457,476,32,0,444,467,66100,14,1,0,13,9
2020-07-07,US,Georgia,Stephens,269,6,0,34.55151201,-83.29405315,13257.0,1037.6084860173578,2.2304832713754648,263,262,6,0,256,262,26035,7,0,0,7,0
2020-07-07,US,Georgia,Stewart,204,3,0,32.07996777,-84.83208037,13259.0,3081.1055731762567,1.4705882352941178,201,184,3,0,181,184,6199,20,0,0,20,0
2020-07-07,US,Georgia,Sumter,580,50,0,32.03650571,-84.19821492,13261.0,1964.5034548164208,8.620689655172415,530,576,50,0,526,574,29733,4,0,0,4,2
2020-07-07,US,Georgia,Talbot,88,3,0,32.69642758,-84.53351366,13263.0,1420.5004035512507,3.4090909090909087,85,82,3,0,79,82,6272,6,0,0,6,0
2020-07-07,US,Georgia,Taliaferro,2,0,0,33.56543317,-82.88136816,13265.0,130.1236174365647,0.0,2,2,0,0,2,2,1608,0,0,0,0,0
2020-07-07,US,Georgia,Tattnall,164,0,0,32.04785085,-82.05539188,13267.0,648.5802420311635,0.0,164,161,0,0,161,158,25391,3,0,0,3,3
2020-07-07,US,Georgia,Taylor,38,2,0,32.55792548,-84.25077141,13269.0,473.81546134663336,5.2631578947368425,36,38,2,0,36,37,8039,0,0,0,0,1
2020-07-07,US,Georgia,Telfair,131,3,0,31.92829517,-82.93491155,13271.0,825.9773013871375,2.2900763358778624,128,127,3,0,124,126,15876,4,0,0,4,1
2020-07-07,US,Georgia,Terrell,236,28,0,31.77527543,-84.44069698,13273.0,2766.3814324229284,11.864406779661017,208,234,27,0,207,232,8611,2,1,0,1,2
2020-07-07,US,Georgia,Thomas,519,32,0,30.86392347,-83.91847289,13275.0,1167.5777822771142,6.165703275529865,487,500,32,0,468,497,44448,19,0,0,19,3
2020-07-07,US,Georgia,Tift,892,26,0,31.45743864,-83.5236119,13277.0,2194.6658793425845,2.914798206278027,866,849,26,0,823,823,40571,43,0,0,43,26
2020-07-07,US,Georgia,Toombs,289,5,0,32.12059861,-82.32957247,13279.0,1077.1524412970557,1.7301038062283738,284,276,5,0,271,274,26887,13,0,0,13,2
2020-07-07,US,Georgia,Towns,58,1,0,34.91369188,-83.74107459999998,13281.0,481.84763645426597,1.7241379310344829,57,50,1,0,49,50,11852,8,0,0,8,0
2020-07-07,US,Georgia,Treutlen,33,1,0,32.40422134,-82.56904553,13283.0,478.19156643964635,3.0303030303030303,32,30,1,0,29,30,6809,3,0,0,3,0
2020-07-07,US,Georgia,Troup,1650,36,0,33.03349196,-85.02812115,13285.0,2359.772317725465,2.1818181818181817,1614,1627,35,0,1592,1600,70034,23,1,0,22,27
2020-07-07,US,Georgia,Turner,183,16,0,31.71612656,-83.62069378,13287.0,2291.797119599249,8.743169398907106,167,182,16,0,166,181,7912,1,0,0,1,1
2020-07-07,US,Georgia,Twiggs,37,1,0,32.67435595,-83.43078662,13289.0,455.66502463054184,2.702702702702702,36,33,1,0,32,29,8188,4,0,0,4,4
2020-07-07,US,Georgia,Unassigned,1180,2,0,0.0,0.0,90013.0,0.0,0.1694915254237288,1178,1237,2,0,1235,1383,,-57,0,0,-57,-146
2020-07-07,US,Georgia,Union,85,3,0,34.82995757,-83.98967069,13291.0,346.7830769858432,3.5294117647058822,82,78,3,0,75,78,24001,7,0,0,7,0
2020-07-07,US,Georgia,Upson,381,43,0,32.87920671,-84.30024826,13293.0,1447.568389057751,11.286089238845145,338,380,43,0,337,378,26215,1,0,0,1,2
2020-07-07,US,Georgia,Walker,348,12,0,34.73376362,-85.30165174,13295.0,498.84606011955117,3.4482758620689653,336,345,12,0,333,344,69410,3,0,0,3,1
2020-07-07,US,Georgia,Walton,490,28,0,33.78017694,-83.73552314,13297.0,518.008732147199,5.7142857142857135,462,475,28,0,447,467,93503,15,0,0,15,8
2020-07-07,US,Georgia,Ware,538,16,0,31.05449097,-82.42224148,13299.0,1505.5689259528742,2.9739776951672865,522,523,16,0,507,510,35680,15,0,0,15,13
2020-07-07,US,Georgia,Warren,29,0,0,33.41146451,-82.67795848,13301.0,551.9604111153407,0.0,29,27,0,0,27,27,5251,2,0,0,2,0
2020-07-07,US,Georgia,Washington,148,1,0,32.96711864,-82.79357039,13303.0,726.41602041818,0.6756756756756757,147,136,1,0,135,134,20386,12,0,0,12,2
2020-07-07,US,Georgia,Wayne,119,0,0,31.5521809,-81.91894878,13305.0,397.6342433254252,0.0,119,113,0,0,113,103,29808,6,0,0,6,10
2020-07-07,US,Georgia,Webster,24,2,0,32.04066113,-84.54742852,13307.0,920.5983889528192,8.333333333333334,22,24,2,0,22,24,2611,0,0,0,0,0
2020-07-07,US,Georgia,Wheeler,56,0,0,32.12009104,-82.72574721,13309.0,712.9217059197963,0.0,56,55,0,0,55,55,7879,1,0,0,1,0
2020-07-07,US,Georgia,White,152,4,0,34.64624278,-83.74905525,13311.0,493.5385414637314,2.631578947368421,148,151,4,0,147,151,29970,1,0,0,1,0
2020-07-07,US,Georgia,Whitfield,1464,15,0,34.80987459,-84.96093476,13313.0,1399.2430324578506,1.024590163934426,1449,1366,14,0,1352,1326,104062,98,1,0,97,40
2020-07-07,US,Georgia,Wilcox,132,15,0,31.97496928,-83.43438555,13315.0,1528.6624203821655,11.363636363636365,117,132,15,0,117,131,8812,0,0,0,0,1
2020-07-07,US,Georgia,Wilkes,85,1,0,33.78290391,-82.74286107,13317.0,869.3873376291292,1.1764705882352942,84,79,1,0,78,76,9876,6,0,0,6,3
2020-07-07,US,Georgia,Wilkinson,94,8,0,32.80291082,-83.17140684,13319.0,1049.8101407192316,8.51063829787234,86,83,8,0,75,82,9036,11,0,0,11,1
2020-07-07,US,Georgia,Worth,339,22,0,31.55162306,-83.85090513,13321.0,1674.3221217958214,6.489675516224189,317,331,22,0,309,327,20299,8,0,0,8,4
2020-07-07,US,Hawaii,Hawaii,95,0,0,19.60121157,-155.5210167,15001.0,47.14336047798405,0.0,95,94,0,0,94,93,200983,1,0,0,1,1
2020-07-07,US,Hawaii,Honolulu,788,13,0,21.45803166,-157.97121819999995,15003.0,80.8567532319614,1.6497461928934007,775,750,13,0,737,744,980080,38,0,0,38,6
2020-07-07,US,Hawaii,Kauai,42,0,0,22.03935037,-159.5966786,15007.0,58.09691118088888,0.0,42,40,0,0,40,40,72133,2,0,0,2,0
2020-07-07,US,Hawaii,Maui,128,6,0,20.86399628,-156.56890969999995,15009.0,76.45579600637926,4.6875,122,128,6,0,122,128,167207,0,0,0,0,0
2020-07-07,US,Hawaii,Out of HI,18,0,0,0.0,0.0,80015.0,0.0,0.0,18,18,0,0,18,18,,0,0,0,0,0
2020-07-07,US,Idaho,Ada,3252,23,0,43.4526575,-116.24155159999998,16001.0,675.2673971681129,0.7072570725707257,3229,3000,23,0,2977,2835,469966,252,0,0,252,165
2020-07-07,US,Idaho,Adams,12,0,0,44.89333571,-116.4545247,16003.0,279.4597112249651,0.0,12,12,0,0,12,11,4250,0,0,0,0,1
2020-07-07,US,Idaho,Bannock,122,1,0,42.67002716,-112.2233311,16005.0,138.93950437317784,0.819672131147541,121,112,1,0,111,112,87138,10,0,0,10,0
2020-07-07,US,Idaho,Bear Lake,2,0,0,42.28269683,-111.32892379999998,16007.0,32.6530612244898,0.0,2,2,0,0,2,2,6050,0,0,0,0,0
2020-07-07,US,Idaho,Benewah,23,0,0,47.21754179,-116.6586851,16009.0,247.36502473650242,0.0,23,23,0,0,23,23,9226,0,0,0,0,0
2020-07-07,US,Idaho,Bingham,58,1,0,43.21672879999999,-112.3978437,16011.0,123.90250154878127,1.7241379310344829,57,50,1,0,49,48,46236,8,0,0,8,2
2020-07-07,US,Idaho,Blaine,543,5,0,43.4085812,-113.9752658,16013.0,2358.715954997611,0.9208103130755064,538,542,5,0,537,539,22601,1,0,0,1,3
2020-07-07,US,Idaho,Boise,5,0,0,43.98829931,-115.7309284,16015.0,63.84880602732729,0.0,5,5,0,0,5,5,7634,0,0,0,0,0
2020-07-07,US,Idaho,Bonner,40,0,0,48.29996017,-116.6017932,16017.0,87.45272087277814,0.0,40,40,0,0,40,39,44727,0,0,0,0,1
2020-07-07,US,Idaho,Bonneville,156,1,0,43.38713372,-111.6161537,16019.0,131.0241722799886,0.6410256410256411,155,141,1,0,140,134,116854,15,0,0,15,7
2020-07-07,US,Idaho,Boundary,1,0,0,48.76684761,-116.4630179,16021.0,8.166598611678237,0.0,1,1,0,0,1,1,11948,0,0,0,0,0
2020-07-07,US,Idaho,Camas,1,0,0,43.46665742,-114.8065892,16025.0,90.41591320072331,0.0,1,1,0,0,1,1,1127,0,0,0,0,0
2020-07-07,US,Idaho,Canyon,1485,6,0,43.61970148,-116.70954990000001,16027.0,646.07633707347,0.404040404040404,1479,1399,6,0,1393,1346,223499,86,0,0,86,53
2020-07-07,US,Idaho,Caribou,12,0,0,42.77149116,-111.5597683,16029.0,167.71488469601678,0.0,12,11,0,0,11,11,7060,1,0,0,1,0
2020-07-07,US,Idaho,Cassia,285,1,0,42.28347888,-113.6012409,16031.0,1186.0174781523096,0.3508771929824561,284,285,1,0,284,266,23864,0,0,0,0,19
2020-07-07,US,Idaho,Clearwater,3,0,0,46.67459924,-115.6622393,16035.0,34.26222019186843,0.0,3,3,0,0,3,2,8758,0,0,0,0,1
2020-07-07,US,Idaho,Custer,4,0,0,44.24186819,-114.2855494,16037.0,92.69988412514485,0.0,4,4,0,0,4,4,4280,0,0,0,0,0
2020-07-07,US,Idaho,Elmore,75,2,0,43.3507101,-115.4701578,16039.0,272.61822543709786,2.6666666666666665,73,70,2,0,68,70,27259,5,0,0,5,0
2020-07-07,US,Idaho,Franklin,30,0,0,42.18332217,-111.81496659999999,16041.0,216.20063418852692,0.0,30,27,0,0,27,27,13726,3,0,0,3,0
2020-07-07,US,Idaho,Fremont,8,0,0,44.22800938,-111.48099429999999,16043.0,61.07336437896023,0.0,8,8,0,0,8,8,13168,0,0,0,0,0
2020-07-07,US,Idaho,Gem,39,0,0,44.06482372,-116.398376,16045.0,215.32685512367487,0.0,39,39,0,0,39,39,17634,0,0,0,0,0
2020-07-07,US,Idaho,Gooding,68,1,0,42.96927962,-114.81083059999999,16047.0,447.98735094538506,1.4705882352941178,67,66,1,0,65,66,15196,2,0,0,2,0
2020-07-07,US,Idaho,Idaho,8,0,0,45.84721541,-115.4634436,16049.0,47.99904001919962,0.0,8,8,0,0,8,5,16513,0,0,0,0,3
2020-07-07,US,Idaho,Jefferson,20,0,0,43.82078483,-112.3131749,16051.0,66.9545713233571,0.0,20,19,0,0,19,19,29439,1,0,0,1,0
2020-07-07,US,Idaho,Jerome,260,5,0,42.68891267,-114.2655033,16053.0,1065.0499754219236,1.9230769230769231,255,251,5,0,246,247,24015,9,0,0,9,4
2020-07-07,US,Idaho,Kootenai,464,1,0,47.67282258,-116.7020872,16055.0,280.029209943451,0.21551724137931036,463,440,1,0,439,424,161505,24,0,0,24,16
2020-07-07,US,Idaho,Latah,30,0,0,46.81587887,-116.71136979999999,16057.0,74.79804527775008,0.0,30,27,0,0,27,25,40134,3,0,0,3,2
2020-07-07,US,Idaho,Lemhi,2,0,0,44.9438088,-113.9309747,16059.0,24.91590880777377,0.0,2,2,0,0,2,2,7961,0,0,0,0,0
2020-07-07,US,Idaho,Lewis,1,0,0,46.23315327,-116.434146,16061.0,26.055237102657642,0.0,1,1,0,0,1,,3861,0,0,0,0,
2020-07-07,US,Idaho,Lincoln,37,0,0,43.0012336,-114.1358773,16063.0,689.5266492732018,0.0,37,36,0,0,36,36,5360,1,0,0,1,0
2020-07-07,US,Idaho,Madison,43,0,0,43.78141028,-111.65384740000002,16065.0,107.75051995890443,0.0,43,40,0,0,40,39,39304,3,0,0,3,1
2020-07-07,US,Idaho,Minidoka,227,0,0,42.85518524,-113.6357257,16067.0,1078.948619230952,0.0,227,222,0,0,222,208,20825,5,0,0,5,14
2020-07-07,US,Idaho,Nez Perce,106,19,0,46.32638236,-116.75009750000001,16069.0,262.32429221936246,17.924528301886788,87,104,19,0,85,98,40408,2,0,0,2,6
2020-07-07,US,Idaho,Oneida,4,0,0,42.19494279999999,-112.5407838,16071.0,88.28073273008167,0.0,4,4,0,0,4,4,4488,0,0,0,0,0
2020-07-07,US,Idaho,Owyhee,57,0,0,42.58016894,-116.16938710000001,16073.0,482.11113930474505,0.0,57,53,0,0,53,51,11693,4,0,0,4,2
2020-07-07,US,Idaho,Payette,141,2,0,44.00545243,-116.7647695,16075.0,588.70193311344,1.4184397163120568,139,138,2,0,136,136,23551,3,0,0,3,2
2020-07-07,US,Idaho,Power,19,0,0,42.69254894,-112.83957420000002,16077.0,247.36362452805625,0.0,19,17,0,0,17,17,7768,2,0,0,2,0
2020-07-07,US,Idaho,Shoshone,3,0,0,47.35364087,-115.89167490000001,16079.0,23.288309268747092,0.0,3,3,0,0,3,3,12796,0,0,0,0,0
2020-07-07,US,Idaho,Teton,23,0,0,43.75303583,-111.2056773,16081.0,189.4251358919453,0.0,23,22,0,0,22,22,11640,1,0,0,1,0
2020-07-07,US,Idaho,Twin Falls,727,25,0,42.35440512,-114.6685381,16083.0,836.8056354888464,3.43878954607978,702,685,25,0,660,669,86081,42,0,0,42,16
2020-07-07,US,Idaho,Unassigned,1,0,0,0.0,0.0,90016.0,0.0,0.0,1,1,0,0,1,1,,0,0,0,0,0
2020-07-07,US,Idaho,Valley,22,0,0,44.76728382,-115.5676773,16085.0,193.11797752808982,0.0,22,20,0,0,20,20,11041,2,0,0,2,0
2020-07-07,US,Idaho,Washington,120,1,0,44.45275475,-116.78476880000001,16087.0,1177.1630370806356,0.8333333333333334,119,118,1,0,117,118,10161,2,0,0,2,0
2020-07-07,US,Illinois,Adams,134,1,0,39.98815591,-91.18786813,17001.0,204.78337281271493,0.746268656716418,133,131,1,0,130,122,65691,3,0,0,3,9
2020-07-07,US,Illinois,Alexander,22,0,0,37.18049267,-89.32910838,17003.0,381.87814615518135,0.0,22,22,0,0,22,22,6060,0,0,0,0,0
2020-07-07,US,Illinois,Bond,17,1,0,38.88829622,-89.43534887,17005.0,103.49446000243515,5.882352941176472,16,16,1,0,15,16,16630,1,0,0,1,0
2020-07-07,US,Illinois,Boone,617,21,0,42.32359279,-88.82345779,17007.0,1152.3233228746449,3.4035656401944894,596,610,21,0,589,608,53577,7,0,0,7,2
2020-07-07,US,Illinois,Brown,10,0,0,39.96209138,-90.75068024,17009.0,152.02189115232594,0.0,10,10,0,0,10,10,6556,0,0,0,0,0
2020-07-07,US,Illinois,Bureau,31,2,0,41.40385234,-89.5283051,17011.0,95.01042049773199,6.451612903225807,29,30,2,0,28,30,32993,1,0,0,1,0
2020-07-07,US,Illinois,Calhoun,1,0,0,39.16840183,-90.66330078,17013.0,21.101498206372653,0.0,1,1,0,0,1,1,4802,0,0,0,0,0
2020-07-07,US,Illinois,Carroll,21,2,0,42.06823429,-89.93395545,17015.0,146.8018175463125,9.523809523809524,19,21,2,0,19,21,14312,0,0,0,0,0
2020-07-07,US,Illinois,Cass,136,7,0,39.96991073,-90.24734436,17017.0,1119.6180126780278,5.147058823529412,129,136,7,0,129,136,12260,0,0,0,0,0
2020-07-07,US,Illinois,Champaign,973,15,0,40.13919438,-88.20046615,17019.0,464.0205256355842,1.5416238437821173,958,960,15,0,945,948,209983,13,0,0,13,12
2020-07-07,US,Illinois,Christian,47,4,0,39.54581621,-89.27780482,17021.0,145.49281822684495,8.51063829787234,43,47,4,0,43,45,32661,0,0,0,0,2
2020-07-07,US,Illinois,Clark,15,0,0,39.33425789,-87.78705622,17023.0,97.14396735962696,0.0,15,15,0,0,15,15,15596,0,0,0,0,0
2020-07-07,US,Illinois,Clay,2,0,0,38.75388572,-88.48914513,17025.0,15.169902912621355,0.0,2,2,0,0,2,2,13253,0,0,0,0,0
2020-07-07,US,Illinois,Clinton,243,17,0,38.60704876,-89.42385254,17027.0,646.9304083914593,6.99588477366255,226,242,17,0,225,242,37639,1,0,0,1,0
2020-07-07,US,Illinois,Coles,179,17,0,39.51949084,-88.22358557,17029.0,353.6081863258333,9.497206703910617,162,178,17,0,161,172,50885,1,0,0,1,6
2020-07-07,US,Illinois,Cook,93053,4651,0,41.84144849,-87.81658794,17031.0,1806.7726256268409,4.998226816975271,88402,92781,4630,0,88151,92532,5180493,272,21,0,251,249
2020-07-07,US,Illinois,Crawford,18,0,0,39.0032229,-87.75954624,17033.0,96.42684952054428,0.0,18,18,0,0,18,18,18807,0,0,0,0,0
2020-07-07,US,Illinois,Cumberland,17,0,0,39.27432424,-88.2401158,17035.0,157.90451421140628,0.0,17,17,0,0,17,16,10808,0,0,0,0,1
2020-07-07,US,Illinois,De Witt,12,0,0,40.17514519,-88.90959682,17039.0,76.73615551860851,0.0,12,12,0,0,12,12,15769,0,0,0,0,0
2020-07-07,US,Illinois,DeKalb,587,20,0,41.89373302,-88.76958483,17037.0,559.5965566222104,3.4071550255536627,567,582,20,0,562,578,104143,5,0,0,5,4
2020-07-07,US,Illinois,Douglas,54,0,0,39.76768052,-88.21854195,17041.0,277.42101207295144,0.0,54,54,0,0,54,54,19479,0,0,0,0,0
2020-07-07,US,Illinois,DuPage,9392,477,0,41.85116968,-88.08642662,17043.0,1017.638562780563,5.078790459965927,8915,9364,475,0,8889,9311,928589,28,2,0,26,53
2020-07-07,US,Illinois,Edgar,11,0,0,39.6809186,-87.74759563,17045.0,64.09882873958394,0.0,11,10,0,0,10,10,17360,1,0,0,1,0
2020-07-07,US,Illinois,Edwards,2,0,0,38.41353228,-88.05720863,17047.0,31.27443315089914,0.0,2,2,0,0,2,2,6392,0,0,0,0,0
2020-07-07,US,Illinois,Effingham,19,1,0,39.05935711,-88.58969584,17049.0,55.86920724535403,5.2631578947368425,18,19,1,0,18,18,34208,0,0,0,0,1
2020-07-07,US,Illinois,Fayette,23,3,0,39.00072038,-89.02452658,17051.0,107.79902512185976,13.043478260869565,20,23,3,0,20,23,21416,0,0,0,0,0
2020-07-07,US,Illinois,Ford,40,1,0,40.59706922,-88.22350769,17053.0,308.61816217884416,2.5,39,40,1,0,39,38,13264,0,0,0,0,2
2020-07-07,US,Illinois,Franklin,34,0,0,37.99189086,-88.92567818,17055.0,88.38285372637709,0.0,34,31,0,0,31,29,38701,3,0,0,3,2
2020-07-07,US,Illinois,Fulton,15,0,0,40.47289135,-90.20862357,17057.0,43.68083867210249,0.0,15,15,0,0,15,16,34844,0,0,0,0,-1
2020-07-07,US,Illinois,Gallatin,4,0,0,37.76430935,-88.22953869,17059.0,82.8500414250207,0.0,4,3,0,0,3,2,5058,1,0,0,1,1
2020-07-07,US,Illinois,Greene,8,0,0,39.35907414,-90.388865,17061.0,61.68555786876398,0.0,8,9,0,0,9,9,13044,-1,0,0,-1,0
2020-07-07,US,Illinois,Grundy,176,5,0,41.28569601,-88.41905692,17063.0,344.73302777451323,2.8409090909090913,171,177,5,0,172,173,50972,-1,0,0,-1,4
2020-07-07,US,Illinois,Hamilton,6,0,0,38.08163641,-88.53883373,17065.0,73.92804337111879,0.0,6,6,0,0,6,6,8163,0,0,0,0,0
2020-07-07,US,Illinois,Hancock,19,1,0,40.40423981,-91.16313899,17067.0,107.2961373390558,5.2631578947368425,18,19,1,0,18,19,17844,0,0,0,0,0
2020-07-07,US,Illinois,Hardin,1,0,0,37.51810645,-88.26873022,17069.0,26.17115938236064,0.0,1,1,0,0,1,1,3910,0,0,0,0,0
2020-07-07,US,Illinois,Henderson,8,0,0,40.81908672,-90.92491462,17071.0,120.37315678603672,0.0,8,8,0,0,8,8,6709,0,0,0,0,0
2020-07-07,US,Illinois,Henry,98,1,0,41.3533994,-90.13296166,17073.0,200.355733649541,1.020408163265306,97,98,1,0,97,96,49090,0,0,0,0,2
2020-07-07,US,Illinois,Iroquois,167,5,0,40.74717633,-87.82466784,17075.0,615.917975953382,2.9940119760479043,162,164,5,0,159,162,27604,3,0,0,3,2
2020-07-07,US,Illinois,Jackson,340,19,0,37.78595185,-89.38232563,17077.0,599.1189427312776,5.588235294117646,321,340,19,0,321,339,57419,0,0,0,0,1
2020-07-07,US,Illinois,Jasper,47,7,0,39.01054275,-88.15437049,17079.0,489.0738813735692,14.893617021276595,40,47,7,0,40,47,9611,0,0,0,0,0
2020-07-07,US,Illinois,Jefferson,107,17,0,38.29980057,-88.9240025,17081.0,283.9401337437639,15.88785046728972,90,107,17,0,90,107,37820,0,0,0,0,0
2020-07-07,US,Illinois,Jersey,36,1,0,39.08869046,-90.35393073,17083.0,165.34239654618102,2.7777777777777777,35,35,1,0,34,35,21847,1,0,0,1,0
2020-07-07,US,Illinois,Jo Daviess,47,1,0,42.36542373,-90.21094405,17085.0,221.33270543913352,2.127659574468085,46,47,1,0,46,46,21366,0,0,0,0,1
2020-07-07,US,Illinois,Johnson,20,0,0,37.45939802,-88.88165419,17087.0,161.0695014898929,0.0,20,20,0,0,20,20,12456,0,0,0,0,0
2020-07-07,US,Illinois,Kane,7909,276,0,41.93842729,-88.42861412,17089.0,1485.5288193342265,3.489695283853837,7633,7877,275,0,7602,7856,534216,32,1,0,31,21
2020-07-07,US,Illinois,Kankakee,1312,65,0,41.13746989,-87.86205334,17091.0,1194.2254828785206,4.954268292682927,1247,1311,65,0,1246,1307,110024,1,0,0,1,4
2020-07-07,US,Illinois,Kendall,1006,22,0,41.59081014,-88.42869583,17093.0,779.9054190247307,2.1868787276341948,984,1000,21,0,979,996,127915,6,1,0,5,4
2020-07-07,US,Illinois,Knox,149,0,0,40.93148779,-90.21330340000002,17095.0,299.8048250467816,0.0,149,147,0,0,147,140,50112,2,0,0,2,7
2020-07-07,US,Illinois,LaSalle,233,17,0,41.34426129999999,-88.88633881,17099.0,214.41257396313577,7.296137339055795,216,228,17,0,211,226,109430,5,0,0,5,2
2020-07-07,US,Illinois,Lake,10039,425,0,42.3224907,-88.00367925,17097.0,1441.277179179797,4.233489391373642,9614,10007,423,0,9584,9954,700832,32,2,0,30,53
2020-07-07,US,Illinois,Lawrence,8,0,0,38.71987914,-87.72884035,17101.0,51.0269166985585,0.0,8,7,0,0,7,7,15765,1,0,0,1,0
2020-07-07,US,Illinois,Lee,104,2,0,41.74583951,-89.29977132,17103.0,305.02111684655085,1.9230769230769231,102,103,2,0,101,101,34223,1,0,0,1,2
2020-07-07,US,Illinois,Livingston,53,2,0,40.89188292,-88.55784752,17105.0,148.67594254937163,3.7735849056603774,51,52,2,0,50,52,35761,1,0,0,1,0
2020-07-07,US,Illinois,Logan,18,0,0,40.12581572,-89.36638784,17107.0,62.89747711230694,0.0,18,18,0,0,18,18,28925,0,0,0,0,0
2020-07-07,US,Illinois,Macon,238,22,0,39.86064913,-88.96342505,17115.0,228.82635156572988,9.243697478991596,216,236,22,0,214,235,104712,2,0,0,2,1
2020-07-07,US,Illinois,Macoupin,60,3,0,39.26119767,-89.92424028,17117.0,133.55295374616034,5.0,57,58,3,0,55,58,45313,2,0,0,2,0
2020-07-07,US,Illinois,Madison,1054,70,0,38.83042506,-89.90422563,17119.0,400.8122723089677,6.6413662239089195,984,1042,69,0,973,1036,264461,12,1,0,11,6
2020-07-07,US,Illinois,Marion,70,0,0,38.64963204,-88.91899208,17121.0,188.14675446848545,0.0,70,70,0,0,70,69,37620,0,0,0,0,1
2020-07-07,US,Illinois,Marshall,12,0,0,41.0327901,-89.34510444,17123.0,104.91344640671446,0.0,12,11,0,0,11,10,11534,1,0,0,1,1
2020-07-07,US,Illinois,Mason,23,0,0,40.23917274,-89.91824452,17125.0,172.16857549217755,0.0,23,23,0,0,23,22,13565,0,0,0,0,1
2020-07-07,US,Illinois,Massac,15,0,0,37.22078441,-88.71036614,17127.0,108.91664246296837,0.0,15,15,0,0,15,15,14080,0,0,0,0,0
2020-07-07,US,Illinois,McDonough,102,15,0,40.45674722,-90.67775541,17109.0,343.6426116838488,14.705882352941178,87,102,15,0,87,102,29955,0,0,0,0,0
2020-07-07,US,Illinois,McHenry,2141,98,0,42.32451172,-88.45248227,17111.0,695.6403074983592,4.577300326950023,2043,2120,97,0,2023,2115,308570,21,1,0,20,5
2020-07-07,US,Illinois,McLean,289,13,0,40.48996987,-88.84621113,17113.0,168.49641726476094,4.498269896193771,276,285,13,0,272,277,172828,4,0,0,4,8
2020-07-07,US,Illinois,Menard,26,0,0,40.02742725,-89.80246001,17129.0,213.18465070514924,0.0,26,25,0,0,25,24,12288,1,0,0,1,1
2020-07-07,US,Illinois,Mercer,25,0,0,41.20596782,-90.74290052,17131.0,161.9485651357129,0.0,25,25,0,0,25,23,15601,0,0,0,0,2
2020-07-07,US,Illinois,Monroe,137,13,0,38.27594376,-90.17761038,17133.0,395.5307907728729,9.489051094890511,124,137,13,0,124,130,34335,0,0,0,0,7
2020-07-07,US,Illinois,Montgomery,56,1,0,39.23198845,-89.47809254,17135.0,197.08594354895473,1.7857142857142858,55,49,1,0,48,48,28601,7,0,0,7,1
2020-07-07,US,Illinois,Morgan,132,3,0,39.71654544,-90.20255104,17137.0,392.1801651910393,2.272727272727273,129,130,3,0,127,130,33976,2,0,0,2,0
2020-07-07,US,Illinois,Moultrie,19,0,0,39.64187451,-88.62099969,17139.0,131.0254465209296,0.0,19,19,0,0,19,19,14717,0,0,0,0,0
2020-07-07,US,Illinois,Ogle,278,4,0,42.04165196,-89.32184679,17141.0,548.9406235807515,1.4388489208633093,274,275,4,0,271,271,50923,3,0,0,3,4
2020-07-07,US,Illinois,Peoria,574,29,0,40.78702156,-89.76078901,17143.0,320.35004102043206,5.052264808362369,545,567,28,0,539,556,180621,7,1,0,6,11
2020-07-07,US,Illinois,Perry,58,1,0,38.08510853,-89.36856219,17145.0,277.2996748900364,1.7241379310344829,57,58,1,0,57,57,21174,0,0,0,0,1
2020-07-07,US,Illinois,Piatt,20,0,0,40.01360584,-88.59319339,17147.0,122.36906510034264,0.0,20,20,0,0,20,20,16396,0,0,0,0,0
2020-07-07,US,Illinois,Pike,4,0,0,39.62265059,-90.8877017,17149.0,25.705288863183604,0.0,4,3,0,0,3,3,15611,1,0,0,1,0
2020-07-07,US,Illinois,Pope,1,0,0,37.41391284,-88.56152109,17151.0,23.94062724443381,0.0,1,1,0,0,1,1,4212,0,0,0,0,0
2020-07-07,US,Illinois,Pulaski,80,0,0,37.22631423,-89.13085001,17153.0,1499.531396438613,0.0,80,79,0,0,79,79,5463,1,0,0,1,0
2020-07-07,US,Illinois,Putnam,1,0,0,41.2013541,-89.2869272,17155.0,17.424638438752392,0.0,1,1,0,0,1,1,5740,0,0,0,0,0
2020-07-07,US,Illinois,Randolph,288,7,0,38.05095369,-89.82512254,17157.0,906.1733056447046,2.430555555555556,281,288,7,0,281,288,32106,0,0,0,0,0
2020-07-07,US,Illinois,Richland,7,0,0,38.71240969,-88.08475366,17159.0,45.12344485270418,0.0,7,4,0,0,4,4,15763,3,0,0,3,0
2020-07-07,US,Illinois,Rock Island,1073,30,0,41.46613806,-90.57042164,17161.0,756.2782370893507,2.795899347623485,1043,1061,29,0,1032,1033,143477,12,1,0,11,28
2020-07-07,US,Illinois,Saline,10,0,0,37.75332999,-88.54119706,17165.0,42.569494700097906,0.0,10,9,0,0,9,9,23906,1,0,0,1,0
2020-07-07,US,Illinois,Sangamon,462,33,0,39.75836914,-89.65872023,17167.0,237.32226514342082,7.142857142857142,429,455,32,0,423,450,195348,7,1,0,6,5
2020-07-07,US,Illinois,Schuyler,13,0,0,40.1571798,-90.61114163,17169.0,192.08037825059105,0.0,13,13,0,0,13,13,6907,0,0,0,0,0
2020-07-07,US,Illinois,Scott,1,0,0,39.6429169,-90.47814431,17171.0,20.197939810139367,0.0,1,1,0,0,1,1,4926,0,0,0,0,0
2020-07-07,US,Illinois,Shelby,19,1,0,39.39133527,-88.80611122,17173.0,87.82472034760097,5.2631578947368425,18,19,1,0,18,19,21741,0,0,0,0,0
2020-07-07,US,Illinois,St. Clair,2054,138,0,38.46996033,-89.93063427,17163.0,790.9552305476615,6.718597857838364,1916,2037,137,0,1900,2017,261059,17,1,0,16,20
2020-07-07,US,Illinois,Stark,6,0,0,41.09309773,-89.79745866,17175.0,112.31748408835642,0.0,6,4,0,0,4,4,5427,2,0,0,2,0
2020-07-07,US,Illinois,Stephenson,280,6,0,42.35129217,-89.662598,17177.0,629.2417636747717,2.142857142857143,274,278,5,0,273,276,44753,2,1,0,1,2
2020-07-07,US,Illinois,Tazewell,154,8,0,40.50716185,-89.51404662,17179.0,116.84104307185724,5.194805194805196,146,152,8,0,144,150,132328,2,0,0,2,2
2020-07-07,US,Illinois,Unassigned,1177,210,0,0.0,0.0,90017.0,0.0,17.841971112999147,967,53,0,0,53,54,,1124,210,0,914,-1
2020-07-07,US,Illinois,Union,195,19,0,37.47119609,-89.25548938,17181.0,1170.96018735363,9.743589743589745,176,196,19,0,177,195,16841,-1,0,0,-1,1
2020-07-07,US,Illinois,Vermilion,79,2,0,40.18417171,-87.73384359,17183.0,104.27941603527019,2.5316455696202533,77,79,2,0,77,78,76806,0,0,0,0,1
2020-07-07,US,Illinois,Wabash,23,0,0,38.44272901,-87.84922065,17185.0,199.65277777777766,0.0,23,23,0,0,23,23,11549,0,0,0,0,0
2020-07-07,US,Illinois,Warren,147,0,0,40.84925021,-90.6147432,17187.0,872.7143196390407,0.0,147,145,0,0,145,143,17032,2,0,0,2,2
2020-07-07,US,Illinois,Washington,24,0,0,38.35309213,-89.40982703,17189.0,172.82350399654354,0.0,24,21,0,0,21,21,13995,3,0,0,3,0
2020-07-07,US,Illinois,Wayne,15,1,0,38.42955355,-88.42586459,17191.0,92.50693802035153,6.666666666666668,14,14,1,0,13,14,16332,1,0,0,1,0
2020-07-07,US,Illinois,White,8,0,0,38.08706198,-88.17657461,17193.0,59.097288911871175,0.0,8,8,0,0,8,8,13665,0,0,0,0,0
2020-07-07,US,Illinois,Whiteside,200,15,0,41.75509713,-89.91556058,17195.0,362.48300860897143,7.5,185,196,15,0,181,195,55626,4,0,0,4,1
2020-07-07,US,Illinois,Will,6996,322,0,41.44619267,-87.97862712,17197.0,1012.8224245486383,4.6026300743281885,6674,6957,320,0,6637,6923,692310,39,2,0,37,34
2020-07-07,US,Illinois,Williamson,133,4,0,37.73033511,-88.92994027,17199.0,199.70869558688838,3.0075187969924815,129,133,4,0,129,132,67056,0,0,0,0,1
2020-07-07,US,Illinois,Winnebago,3118,97,0,42.33641854,-89.16085327,17201.0,1103.4355845589796,3.110968569595894,3021,3109,96,0,3013,3091,284081,9,1,0,8,18
2020-07-07,US,Illinois,Woodford,37,2,0,40.78579374,-89.20973757,17203.0,96.20634961907486,5.405405405405406,35,36,2,0,34,35,38463,1,0,0,1,1
2020-07-07,US,Indiana,Adams,50,1,0,40.7457653,-84.93671406,18001.0,139.75459093831233,2.0,49,50,1,0,49,50,35636,0,0,0,0,0
2020-07-07,US,Indiana,Allen,2815,132,0,41.09194313,-85.06800636,18003.0,742.1585609242312,4.6891651865008885,2683,2798,132,0,2666,2762,375351,17,0,0,17,36
2020-07-07,US,Indiana,Bartholomew,589,44,0,39.20744865,-85.89558181,18005.0,703.0401413241983,7.470288624787776,545,586,44,0,542,585,82753,3,0,0,3,1
2020-07-07,US,Indiana,Benton,48,0,0,40.60626947,-87.31093999,18007.0,548.6968449931413,0.0,48,48,0,0,48,48,8653,0,0,0,0,0
2020-07-07,US,Indiana,Blackford,39,2,0,40.47388153,-85.32499702,18009.0,331.6890627657765,5.128205128205129,37,37,2,0,35,37,11930,2,0,0,2,0
2020-07-07,US,Indiana,Boone,449,43,0,40.0509304,-86.46841646,18011.0,661.8221481950975,9.576837416481071,406,445,43,0,402,442,66999,4,0,0,4,3
2020-07-07,US,Indiana,Brown,39,1,0,39.19605589,-86.22868909,18013.0,258.41505433342166,2.5641025641025643,38,39,1,0,38,39,15234,0,0,0,0,0
2020-07-07,US,Indiana,Carroll,110,2,0,40.580783200000006,-86.56198812,18015.0,543.0221651774697,1.818181818181818,108,110,2,0,108,110,20127,0,0,0,0,0
2020-07-07,US,Indiana,Cass,1639,9,0,40.76135835,-86.34830753,18017.0,4348.748971848549,0.5491153142159854,1630,1638,9,0,1629,1638,37955,1,0,0,1,0
2020-07-07,US,Indiana,Clark,660,44,0,38.48015445,-85.70510334,18019.0,557.8942029720546,6.666666666666668,616,655,44,0,611,651,117360,5,0,0,5,4
2020-07-07,US,Indiana,Clay,60,4,0,39.39561833,-87.11723506,18021.0,228.78932316491898,6.666666666666668,56,60,4,0,56,60,26170,0,0,0,0,0
2020-07-07,US,Indiana,Clinton,289,2,0,40.30319754,-86.47277257,18023.0,892.0028395938147,0.6920415224913494,287,289,2,0,287,289,32250,0,0,0,0,0
2020-07-07,US,Indiana,Crawford,32,0,0,38.28814402,-86.44518825,18025.0,302.54325423087835,0.0,32,32,0,0,32,32,10558,0,0,0,0,0
2020-07-07,US,Indiana,Daviess,147,17,0,38.70186039,-87.07185406,18027.0,440.76639381128,11.564625850340136,130,143,17,0,126,143,33147,4,0,0,4,0
2020-07-07,US,Indiana,DeKalb,163,4,0,41.39804622,-84.99906934,18033.0,374.9281196089708,2.4539877300613497,159,162,4,0,158,162,43226,1,0,0,1,0
2020-07-07,US,Indiana,Dearborn,233,23,0,39.14647946,-84.97333539,18029.0,471.10679768692637,9.871244635193133,210,238,23,0,215,236,49568,-5,0,0,-5,2
2020-07-07,US,Indiana,Decatur,255,32,0,39.30712658,-85.50087166,18031.0,960.1265107873036,12.549019607843134,223,250,32,0,218,250,26794,5,0,0,5,0
2020-07-07,US,Indiana,Delaware,450,50,0,40.22787247,-85.39732772,18035.0,394.2699434879748,11.111111111111109,400,445,50,0,395,442,114772,5,0,0,5,3
2020-07-07,US,Indiana,Dubois,283,6,0,38.36597551,-86.87924170000002,18037.0,662.205166604268,2.120141342756184,277,273,6,0,267,273,42565,10,0,0,10,0
2020-07-07,US,Indiana,Elkhart,3320,51,0,41.59761169,-85.85875695,18039.0,1608.9870651009735,1.5361445783132532,3269,3301,46,0,3255,3285,205560,19,5,0,14,16
2020-07-07,US,Indiana,Fayette,101,7,0,39.63684962,-85.17797541,18041.0,437.19158514414335,6.9306930693069315,94,99,7,0,92,99,23047,2,0,0,2,0
2020-07-07,US,Indiana,Floyd,382,44,0,38.32117957,-85.90385377,18043.0,486.4878632739869,11.518324607329845,338,381,44,0,337,379,77781,1,0,0,1,2
2020-07-07,US,Indiana,Fountain,32,2,0,40.12361933,-87.24217689,18045.0,195.7665483910437,6.25,30,32,2,0,30,31,16351,0,0,0,0,1
2020-07-07,US,Indiana,Franklin,126,8,0,39.4142482,-85.06062647,18047.0,553.6514632217243,6.349206349206349,118,124,8,0,116,124,22736,2,0,0,2,0
2020-07-07,US,Indiana,Fulton,71,1,0,41.0469907,-86.26252745,18049.0,355.46210073095017,1.4084507042253518,70,72,1,0,71,70,20092,-1,0,0,-1,2
2020-07-07,US,Indiana,Gibson,87,2,0,38.30393723,-87.58054938,18051.0,258.4747021598978,2.2988505747126435,85,81,2,0,79,80,33452,6,0,0,6,1
2020-07-07,US,Indiana,Grant,295,26,0,40.51587228,-85.65468702,18053.0,448.5395855190136,8.8135593220339,269,295,26,0,269,294,65936,0,0,0,0,1
2020-07-07,US,Indiana,Greene,190,32,0,39.03630547,-86.96223202,18055.0,595.2008019547648,16.842105263157894,158,189,32,0,157,188,32006,1,0,0,1,1
2020-07-07,US,Indiana,Hamilton,1596,101,0,40.07306535,-86.05244729,18057.0,472.173982503528,6.328320802005013,1495,1563,101,0,1462,1552,330086,33,0,0,33,11
2020-07-07,US,Indiana,Hancock,449,35,0,39.82304555,-85.77566351,18059.0,574.4038481219936,7.795100222717148,414,450,35,0,415,448,76351,-1,0,0,-1,2
2020-07-07,US,Indiana,Harrison,216,22,0,38.19467379,-86.10948271,18061.0,533.135875601629,10.185185185185183,194,218,22,0,196,213,40350,-2,0,0,-2,5
2020-07-07,US,Indiana,Hendricks,1414,100,0,39.76719009,-86.51037283,18063.0,830.2458443670697,7.072135785007073,1314,1410,100,0,1310,1403,167009,4,0,0,4,7
2020-07-07,US,Indiana,Henry,280,16,0,39.93029017,-85.39625719,18065.0,583.673809722338,5.7142857142857135,264,274,15,0,259,263,48271,6,1,0,5,11
2020-07-07,US,Indiana,Howard,580,57,0,40.48527731,-86.11351892,18067.0,702.6555534018221,9.827586206896553,523,577,57,0,520,575,82366,3,0,0,3,2
2020-07-07,US,Indiana,Huntington,78,2,0,40.82907273,-85.48822092,18069.0,213.5815991237678,2.5641025641025643,76,81,2,0,79,81,36240,-3,0,0,-3,0
2020-07-07,US,Indiana,Jackson,472,3,0,38.90915820000001,-86.03851889,18071.0,1067.1248671746064,0.6355932203389829,469,472,3,0,469,470,44111,0,0,0,0,2
2020-07-07,US,Indiana,Jasper,121,2,0,41.02078733,-87.11553319,18073.0,360.52678624635,1.6528925619834711,119,121,2,0,119,121,33370,0,0,0,0,0
2020-07-07,US,Indiana,Jay,68,0,0,40.43781032,-85.00576229,18075.0,332.7461342728518,0.0,68,68,0,0,68,68,20764,0,0,0,0,0
2020-07-07,US,Indiana,Jefferson,72,2,0,38.78576239,-85.43633383,18077.0,222.8550204283769,2.7777777777777777,70,72,2,0,70,72,32208,0,0,0,0,0
2020-07-07,US,Indiana,Jennings,176,12,0,38.99588883,-85.62710784,18079.0,634.5772489634038,6.8181818181818175,164,176,11,0,165,176,27611,0,1,0,-1,0
2020-07-07,US,Indiana,Johnson,1288,117,0,39.48994426,-86.10149107,18081.0,814.3291584211624,9.083850931677016,1171,1288,118,0,1170,1278,156225,0,-1,0,1,10
2020-07-07,US,Indiana,Knox,64,0,0,38.68861576,-87.4194665,18083.0,174.8920588074548,0.0,64,64,0,0,64,64,36895,0,0,0,0,0
2020-07-07,US,Indiana,Kosciusko,556,4,0,41.24521668,-85.86312322,18085.0,699.7583568264197,0.7194244604316546,552,549,4,0,545,546,79344,7,0,0,7,3
2020-07-07,US,Indiana,LaGrange,471,9,0,41.64232188,-85.42674232,18087.0,1188.9735951936184,1.9108280254777068,462,470,9,0,461,470,39330,1,0,0,1,0
2020-07-07,US,Indiana,LaPorte,579,26,0,41.54366008,-86.74072188,18091.0,526.9001164822365,4.490500863557858,553,580,26,0,554,573,110007,-1,0,0,-1,7
2020-07-07,US,Indiana,Lake,5212,244,0,41.41874274,-87.38277575,18089.0,1073.5479193314836,4.681504221028397,4968,5180,242,0,4938,5146,484411,32,2,0,30,34
2020-07-07,US,Indiana,Lawrence,246,25,0,38.84112637,-86.48361629,18093.0,542.2085078245536,10.16260162601626,221,246,25,0,221,244,45668,0,0,0,0,2
2020-07-07,US,Indiana,Madison,663,64,0,40.16143691,-85.71964711,18095.0,511.6964706063951,9.653092006033182,599,659,64,0,595,658,129641,4,0,0,4,1
2020-07-07,US,Indiana,Marion,11723,689,0,39.78163624,-86.13826325,18097.0,1215.345092485657,5.877335153117802,11034,11682,684,0,10998,11624,954670,41,5,0,36,58
2020-07-07,US,Indiana,Marshall,492,6,0,41.32467367,-86.26185087,18099.0,1063.5998097626357,1.2195121951219512,486,490,4,0,486,492,46248,2,2,0,0,-2
2020-07-07,US,Indiana,Martin,23,0,0,38.7099921,-86.80373186,18101.0,224.2808386153096,0.0,23,22,0,0,22,22,10217,1,0,0,1,0
2020-07-07,US,Indiana,Miami,184,2,0,40.76940965,-86.04525048,18103.0,518.0763599504448,1.0869565217391304,182,183,2,0,181,182,35567,1,0,0,1,1
2020-07-07,US,Indiana,Monroe,301,28,0,39.16130004,-86.52414358,18105.0,202.78782734064987,9.30232558139535,273,300,28,0,272,294,146917,1,0,0,1,6
2020-07-07,US,Indiana,Montgomery,297,20,0,40.04034823,-86.89335024,18107.0,774.6882988157962,6.7340067340067336,277,294,20,0,274,294,38346,3,0,0,3,0
2020-07-07,US,Indiana,Morgan,329,31,0,39.47899078,-86.44573375,18109.0,466.7394912681411,9.422492401215807,298,329,31,0,298,329,70116,0,0,0,0,0
2020-07-07,US,Indiana,Newton,99,10,0,40.95610449,-87.39635768,18111.0,707.9519450800916,10.1010101010101,89,98,10,0,88,98,14011,1,0,0,1,0
2020-07-07,US,Indiana,Noble,484,28,0,41.39672484,-85.41966713,18113.0,1013.739946380697,5.785123966942148,456,482,28,0,454,478,47532,2,0,0,2,4
2020-07-07,US,Indiana,Ohio,17,0,0,38.955304999999996,-84.96515993,18115.0,289.3617021276596,0.0,17,17,0,0,17,17,5844,0,0,0,0,0
2020-07-07,US,Indiana,Orange,135,23,0,38.54118920000001,-86.49523093,18117.0,687.1627812277309,17.037037037037038,112,136,23,0,113,136,19489,-1,0,0,-1,0
2020-07-07,US,Indiana,Owen,49,1,0,39.31145587,-86.83900724,18119.0,235.588249435069,2.0408163265306123,48,49,1,0,48,47,20845,0,0,0,0,2
2020-07-07,US,Indiana,Parke,23,0,0,39.77202286,-87.20375833,18121.0,135.79736671193243,0.0,23,23,0,0,23,23,16927,0,0,0,0,0
2020-07-07,US,Indiana,Perry,135,9,0,38.07809328,-86.63741946,18123.0,704.2620898325421,6.666666666666668,126,129,9,0,120,127,19102,6,0,0,6,2
2020-07-07,US,Indiana,Pike,11,0,0,38.40112197,-87.23574907,18125.0,88.78844135927031,0.0,11,11,0,0,11,11,12410,0,0,0,0,0
2020-07-07,US,Indiana,Porter,736,37,0,41.45986947,-87.06848888,18127.0,431.9527669039669,5.027173913043479,699,732,37,0,695,728,169594,4,0,0,4,4
2020-07-07,US,Indiana,Posey,44,0,0,38.02097333,-87.86480429,18129.0,173.04440162032486,0.0,44,42,0,0,42,39,25540,2,0,0,2,3
2020-07-07,US,Indiana,Pulaski,66,1,0,41.04166107,-86.69890683,18131.0,534.2831700801423,1.5151515151515151,65,66,1,0,65,64,12469,0,0,0,0,2
2020-07-07,US,Indiana,Putnam,170,8,0,39.66437981,-86.84517605,18133.0,452.41643602299337,4.705882352941177,162,169,8,0,161,169,37779,1,0,0,1,0
2020-07-07,US,Indiana,Randolph,80,4,0,40.15734772,-85.01139319,18135.0,324.3462396107845,5.0,76,79,4,0,75,79,24851,1,0,0,1,0
2020-07-07,US,Indiana,Ripley,122,7,0,39.10235626,-85.26212744,18137.0,430.7301228640023,5.737704918032787,115,117,7,0,110,116,28523,5,0,0,5,1
2020-07-07,US,Indiana,Rush,58,3,0,39.62002287,-85.4655599,18139.0,349.79796152222417,5.172413793103448,55,58,3,0,55,58,16663,0,0,0,0,0
2020-07-07,US,Indiana,Scott,162,8,0,38.68672078,-85.74627859,18143.0,678.5908767226574,4.938271604938271,154,162,7,0,155,160,23878,0,1,0,-1,2
2020-07-07,US,Indiana,Shelby,430,25,0,39.52305623,-85.79158570000001,18145.0,961.3449887097856,5.813953488372092,405,426,25,0,401,425,44593,4,0,0,4,1
2020-07-07,US,Indiana,Spencer,41,1,0,38.01519732,-87.0079644,18147.0,202.199536420575,2.4390243902439024,40,38,1,0,37,38,20327,3,0,0,3,0
2020-07-07,US,Indiana,St. Joseph,1981,68,0,41.61756781,-86.29040834,18141.0,728.775025199944,3.432609793033821,1913,1964,66,0,1898,1943,270771,17,2,0,15,21
2020-07-07,US,Indiana,Starke,93,3,0,41.27890281,-86.64686895,18149.0,404.4357469015004,3.2258064516129035,90,93,3,0,90,93,22935,0,0,0,0,0
2020-07-07,US,Indiana,Steuben,130,2,0,41.64423868,-85.00101094,18151.0,375.7877088512459,1.5384615384615383,128,129,2,0,127,129,34586,1,0,0,1,0
2020-07-07,US,Indiana,Sullivan,45,1,0,39.08952258,-87.41414469,18153.0,217.7173544922348,2.2222222222222223,44,45,1,0,44,44,20690,0,0,0,0,1
2020-07-07,US,Indiana,Switzerland,27,0,0,38.82767338,-85.03022429,18155.0,251.1394288903357,0.0,27,27,0,0,27,27,10717,0,0,0,0,0
2020-07-07,US,Indiana,Tippecanoe,727,9,0,40.38872739,-86.89413959,18157.0,371.42623587354143,1.237964236588721,718,726,8,0,718,715,193048,1,1,0,0,11
2020-07-07,US,Indiana,Tipton,31,1,0,40.31123252,-86.05234925,18159.0,204.64747821494583,3.2258064516129035,30,32,1,0,31,32,15128,-1,0,0,-1,0
2020-07-07,US,Indiana,Unassigned,0,193,0,0.0,0.0,90018.0,0.0,0.0,-193,193,193,0,0,193,,-193,0,0,-193,0
2020-07-07,US,Indiana,Union,13,0,0,39.62550777,-84.92497066,18161.0,184.2925999432946,0.0,13,13,0,0,13,13,7037,0,0,0,0,0
2020-07-07,US,Indiana,Vanderburgh,570,6,0,38.02658833,-87.58763124,18163.0,314.13439440951,1.0526315789473684,564,548,6,0,542,522,180974,22,0,0,22,26
2020-07-07,US,Indiana,Vermillion,14,0,0,39.8523352,-87.46160542,18165.0,90.3342366757001,0.0,14,14,0,0,14,14,15479,0,0,0,0,0
2020-07-07,US,Indiana,Vigo,236,8,0,39.42944561,-87.39169027,18167.0,220.4824454866496,3.3898305084745757,228,235,8,0,227,234,107386,1,0,0,1,1
2020-07-07,US,Indiana,Wabash,113,2,0,40.84704239,-85.79328272,18169.0,364.56316944121824,1.7699115044247788,111,112,2,0,110,112,31280,1,0,0,1,0
2020-07-07,US,Indiana,Warren,14,1,0,40.34728141,-87.35602659,18171.0,169.38898971566852,7.142857142857142,13,14,1,0,13,14,8263,0,0,0,0,0
2020-07-07,US,Indiana,Warrick,221,29,0,38.08922676,-87.2716085,18173.0,350.80478745356993,13.122171945701355,192,218,29,0,189,214,62567,3,0,0,3,4
2020-07-07,US,Indiana,Washington,67,1,0,38.60219804,-86.1049363,18175.0,238.9784562705093,1.492537313432836,66,67,1,0,66,67,27943,0,0,0,0,0
2020-07-07,US,Indiana,Wayne,142,6,0,39.863344399999995,-85.01044989,18177.0,215.5303260275636,4.225352112676056,136,140,6,0,134,138,65936,2,0,0,2,2
2020-07-07,US,Indiana,Wells,75,1,0,40.72934187,-85.22132966,18179.0,265.05513146734523,1.3333333333333333,74,73,1,0,72,72,28206,2,0,0,2,1
2020-07-07,US,Indiana,White,265,10,0,40.74911165,-86.86492015,18181.0,1099.4938179404198,3.7735849056603774,255,265,10,0,255,263,24133,0,0,0,0,2
2020-07-07,US,Indiana,Whitley,96,5,0,41.13863784,-85.50791236,18183.0,282.65221999764464,5.208333333333333,91,92,5,0,87,92,34074,4,0,0,4,0
2020-07-07,US,Iowa,Adair,16,0,0,41.33075609,-94.47105874,19001.0,223.71364653243847,0.0,16,16,0,0,16,15,7063,0,0,0,0,1
2020-07-07,US,Iowa,Adams,8,0,0,41.02903567,-94.69932645,19003.0,222.0988339811216,0.0,8,8,0,0,8,8,3645,0,0,0,0,0
2020-07-07,US,Iowa,Allamakee,133,4,0,43.28383218,-91.37860922,19005.0,971.7249945203478,3.0075187969924815,129,131,4,0,127,128,13832,2,0,0,2,3
2020-07-07,US,Iowa,Appanoose,21,3,0,40.74324454,-92.86865906,19007.0,169.00048285852245,14.285714285714285,18,21,3,0,18,20,12437,0,0,0,0,1
2020-07-07,US,Iowa,Audubon,16,1,0,41.6844628,-94.90581859,19009.0,291.12081513828235,6.25,15,16,1,0,15,16,5506,0,0,0,0,0
2020-07-07,US,Iowa,Benton,68,1,0,42.08011739,-92.06463573,19011.0,265.1589003704426,1.4705882352941178,67,69,1,0,68,67,25642,-1,0,0,-1,2
2020-07-07,US,Iowa,Black Hawk,2323,58,0,42.4704581,-92.30524729,19013.0,1770.2014813911665,2.496771416272062,2265,2301,58,0,2243,2287,132408,22,0,0,22,14
2020-07-07,US,Iowa,Boone,150,1,0,42.03657094,-93.9313999,19015.0,571.7770831745064,0.6666666666666666,149,148,1,0,147,148,26346,2,0,0,2,0
2020-07-07,US,Iowa,Bremer,95,7,0,42.77461496,-92.31795937,19017.0,379.0599313702018,7.36842105263158,88,94,6,0,88,94,24947,1,1,0,0,0
2020-07-07,US,Iowa,Buchanan,60,1,0,42.4709188,-91.83510825,19019.0,283.3530106257378,1.6666666666666667,59,55,1,0,54,52,21199,5,0,0,5,3
2020-07-07,US,Iowa,Buena Vista,1719,11,0,42.73545875,-95.15100162,19021.0,8761.467889908257,0.6399069226294357,1708,1714,11,0,1703,1712,19874,5,0,0,5,2
2020-07-07,US,Iowa,Butler,59,2,0,42.73172833,-92.79015971,19023.0,408.61555509384317,3.3898305084745757,57,57,2,0,55,55,14539,2,0,0,2,2
2020-07-07,US,Iowa,Calhoun,54,2,0,42.38521079,-94.64046046,19025.0,558.5436491518411,3.703703703703704,52,53,2,0,51,49,9699,1,0,0,1,4
2020-07-07,US,Iowa,Carroll,99,1,0,42.03617207,-94.86032705,19027.0,490.94966526159203,1.0101010101010102,98,99,1,0,98,98,20154,0,0,0,0,1
2020-07-07,US,Iowa,Cass,24,0,0,41.33149454,-94.92792482,19029.0,186.97413524462448,0.0,24,23,0,0,23,22,12930,1,0,0,1,1
2020-07-07,US,Iowa,Cedar,85,1,0,41.77233777,-91.13246684,19031.0,456.3268373865894,1.1764705882352942,84,84,1,0,83,84,18627,1,0,0,1,0
2020-07-07,US,Iowa,Cerro Gordo,190,1,0,43.08177563,-93.2612239,19033.0,447.58539458186095,0.5263157894736842,189,182,1,0,181,178,42647,8,0,0,8,4
2020-07-07,US,Iowa,Cherokee,76,1,0,42.73538914,-95.62389402,19035.0,676.4574988874054,1.3157894736842106,75,75,1,0,74,75,11321,1,0,0,1,0
2020-07-07,US,Iowa,Chickasaw,29,0,0,43.06001295,-92.31773347,19037.0,243.0235481438029,0.0,29,29,0,0,29,31,11964,0,0,0,0,-2
2020-07-07,US,Iowa,Clarke,133,3,0,41.02868181,-93.78499767,19039.0,1415.6466205428421,2.255639097744361,130,132,2,0,130,131,9423,1,1,0,0,1
2020-07-07,US,Iowa,Clay,137,0,0,43.08247182,-95.15096481,19041.0,855.3946053946054,0.0,137,134,0,0,134,134,16134,3,0,0,3,0
2020-07-07,US,Iowa,Clayton,44,3,0,42.84443388,-91.34133693,19043.0,250.7265371246225,6.8181818181818175,41,44,3,0,41,44,17556,0,0,0,0,0
2020-07-07,US,Iowa,Clinton,113,1,0,41.89981633,-90.53275096,19045.0,243.38236877813443,0.8849557522123894,112,112,1,0,111,113,46518,1,0,0,1,-1
2020-07-07,US,Iowa,Crawford,678,3,0,42.03718237,-95.3819718,19047.0,4030.915576694411,0.4424778761061947,675,677,2,0,675,678,17158,1,1,0,0,-1
2020-07-07,US,Iowa,Dallas,1291,29,0,41.68560356,-94.04127625,19049.0,1381.443078338844,2.2463206816421377,1262,1280,29,0,1251,1281,90180,11,0,0,11,-1
2020-07-07,US,Iowa,Davis,41,1,0,40.74773536,-92.41005468,19051.0,455.5555555555555,2.4390243902439024,40,41,1,0,40,40,9017,0,0,0,0,1
2020-07-07,US,Iowa,Decatur,12,0,0,40.73742757,-93.78645949,19053.0,152.4777636594663,0.0,12,12,0,0,12,11,7890,0,0,0,0,1
2020-07-07,US,Iowa,Delaware,51,1,0,42.47104597,-91.3664492,19055.0,299.80600787725587,1.96078431372549,50,51,1,0,50,51,17069,0,0,0,0,0
2020-07-07,US,Iowa,Des Moines,91,2,0,40.92012606,-91.18326592,19057.0,233.5309364333924,2.1978021978021984,89,92,2,0,90,90,39138,-1,0,0,-1,2
2020-07-07,US,Iowa,Dickinson,266,3,0,43.37787725,-95.1510206,19059.0,1541.3141731370956,1.1278195488721805,263,266,3,0,263,267,17153,0,0,0,0,-1
2020-07-07,US,Iowa,Dubuque,742,22,0,42.46815349,-90.88181925,19061.0,762.5037251698163,2.964959568733154,720,702,22,0,680,699,96854,40,0,0,40,3
2020-07-07,US,Iowa,Emmet,87,0,0,43.37782951,-94.67858943,19063.0,944.8305821025197,0.0,87,88,0,0,88,87,9253,-1,0,0,-1,1
2020-07-07,US,Iowa,Fayette,50,0,0,42.86271799,-91.8441231,19065.0,254.45292620865138,0.0,50,51,0,0,51,50,19660,-1,0,0,-1,1
2020-07-07,US,Iowa,Floyd,73,2,0,43.06000529999999,-92.78940097,19067.0,466.69223884413765,2.7397260273972597,71,73,2,0,71,75,15761,0,0,0,0,-2
2020-07-07,US,Iowa,Franklin,95,0,0,42.73270384,-93.26256925,19069.0,943.3962264150942,0.0,95,90,0,0,90,90,10124,5,0,0,5,0
2020-07-07,US,Iowa,Fremont,8,0,0,40.74542720000001,-95.60129045,19071.0,114.94252873563221,0.0,8,7,0,0,7,7,6993,1,0,0,1,0
2020-07-07,US,Iowa,Greene,29,0,0,42.03614551,-94.39658081,19073.0,326.2826282628264,0.0,29,30,0,0,30,29,8981,-1,0,0,-1,1
2020-07-07,US,Iowa,Grundy,40,0,0,42.40183723,-92.78829551,19075.0,327.01111837802483,0.0,40,38,0,0,38,38,12304,2,0,0,2,0
2020-07-07,US,Iowa,Guthrie,68,4,0,41.68378965,-94.50111014,19077.0,636.168023201422,5.882352941176472,64,66,4,0,62,66,10720,2,0,0,2,0
2020-07-07,US,Iowa,Hamilton,189,1,0,42.38382428,-93.70197703,19079.0,1279.3609964123739,0.5291005291005291,188,189,1,0,188,188,14952,0,0,0,0,1
2020-07-07,US,Iowa,Hancock,55,1,0,43.08178477,-93.73454884,19081.0,517.4035747883349,1.818181818181818,54,54,0,0,54,54,10712,1,1,0,0,0
2020-07-07,US,Iowa,Hardin,81,0,0,42.38353877,-93.23654611,19083.0,480.82630891606317,0.0,81,77,0,0,77,75,16868,4,0,0,4,2
2020-07-07,US,Iowa,Harrison,54,0,0,41.68330137,-95.81558439,19085.0,384.3689942344651,0.0,54,54,0,0,54,53,14134,0,0,0,0,1
2020-07-07,US,Iowa,Henry,86,3,0,40.98767962,-91.54436349,19087.0,430.99127994387084,3.4883720930232562,83,86,3,0,83,86,20067,0,0,0,0,0
2020-07-07,US,Iowa,Howard,34,0,0,43.35671042,-92.31702714,19089.0,371.26010045861534,0.0,34,34,0,0,34,34,9187,0,0,0,0,0
2020-07-07,US,Iowa,Humboldt,55,1,0,42.7764426,-94.20722537,19091.0,575.4341912534003,1.818181818181818,54,55,1,0,54,54,9547,0,0,0,0,1
2020-07-07,US,Iowa,Ida,23,0,0,42.38696136,-95.51355387,19093.0,335.2769679300292,0.0,23,24,0,0,24,24,6841,-1,0,0,-1,0
2020-07-07,US,Iowa,Iowa,53,0,0,41.68630265,-92.0643373,19095.0,327.48393475037074,0.0,53,53,0,0,53,51,16141,0,0,0,0,2
2020-07-07,US,Iowa,Jackson,34,0,0,42.17178824,-90.57354837,19097.0,174.9061165697824,0.0,34,32,0,0,32,32,19432,2,0,0,2,0
2020-07-07,US,Iowa,Jasper,325,17,0,41.68576082,-93.05567785,19099.0,874.0083366949037,5.230769230769232,308,325,17,0,308,324,37147,0,0,0,0,1
2020-07-07,US,Iowa,Jefferson,62,0,0,41.03192394,-91.94849466,19101.0,338.89040721508616,0.0,62,64,0,0,64,63,18381,-2,0,0,-2,1
2020-07-07,US,Iowa,Johnson,1340,8,0,41.67169354,-91.58754744,19103.0,886.5952097393146,0.5970149253731343,1332,1314,8,0,1306,1292,151260,26,0,0,26,22
2020-07-07,US,Iowa,Jones,64,0,0,42.12118609,-91.13139641,19105.0,309.462791934626,0.0,64,61,0,0,61,58,20744,3,0,0,3,3
2020-07-07,US,Iowa,Keokuk,21,1,0,41.33649833,-92.1785067,19107.0,204.9580324028889,4.761904761904762,20,21,1,0,20,21,10225,0,0,0,0,0
2020-07-07,US,Iowa,Kossuth,36,0,0,43.20405458,-94.20691791,19109.0,243.02977114696552,0.0,36,35,0,0,35,35,14908,1,0,0,1,0
2020-07-07,US,Iowa,Lee,54,2,0,40.64181461,-91.48183025,19111.0,160.44210713967374,3.703703703703704,52,54,2,0,52,54,34055,0,0,0,0,0
2020-07-07,US,Iowa,Linn,1304,82,0,42.07923082,-91.59809485,19113.0,575.1943045177453,6.288343558282207,1222,1294,82,0,1212,1277,225909,10,0,0,10,17
2020-07-07,US,Iowa,Louisa,363,13,0,41.21842119,-91.26102611,19115.0,3289.533303126416,3.5812672176308538,350,362,13,0,349,361,11169,1,0,0,1,1
2020-07-07,US,Iowa,Lucas,31,4,0,41.02958964,-93.32780803,19117.0,360.46511627906983,12.903225806451614,27,31,4,0,27,31,8645,0,0,0,0,0
2020-07-07,US,Iowa,Lyon,45,0,0,43.38107862,-96.20926845,19119.0,382.81582305401963,0.0,45,44,0,0,44,44,11811,1,0,0,1,0
2020-07-07,US,Iowa,Madison,48,2,0,41.33081904,-94.01554631,19121.0,293.7936099889827,4.166666666666667,46,48,2,0,46,47,16249,0,0,0,0,1
2020-07-07,US,Iowa,Mahaska,117,17,0,41.33521503,-92.64083907,19123.0,529.5315682281058,14.52991452991453,100,116,17,0,99,116,22000,1,0,0,1,0
2020-07-07,US,Iowa,Marion,71,0,0,41.33445101,-93.09934783,19125.0,213.51457011397468,0.0,71,70,0,0,70,70,33407,1,0,0,1,0
2020-07-07,US,Iowa,Marshall,1060,19,0,42.03586837,-92.9990819,19127.0,2692.473773781401,1.7924528301886793,1041,1049,19,0,1030,1049,39981,11,0,0,11,0
2020-07-07,US,Iowa,Mills,39,0,0,41.03299766,-95.61920963,19129.0,258.1242967767556,0.0,39,37,0,0,37,37,15063,2,0,0,2,0
2020-07-07,US,Iowa,Mitchell,41,0,0,43.35638371,-92.78887719,19131.0,387.3039863971282,0.0,41,39,0,0,39,37,10569,2,0,0,2,2
2020-07-07,US,Iowa,Monona,77,0,0,42.05220391,-95.95743843,19133.0,893.7899013348807,0.0,77,77,0,0,77,76,8679,0,0,0,0,1
2020-07-07,US,Iowa,Monroe,51,7,0,41.02988815,-92.8690667,19135.0,661.7360840794082,13.725490196078429,44,51,6,0,45,51,7790,0,1,0,-1,0
2020-07-07,US,Iowa,Montgomery,10,2,0,41.03018714,-95.15642896,19137.0,100.83694665725521,20.0,8,10,2,0,8,10,10003,0,0,0,0,0
2020-07-07,US,Iowa,Muscatine,649,44,0,41.48370744,-91.1121697,19139.0,1521.188824301519,6.779661016949151,605,643,44,0,599,638,42929,6,0,0,6,5
2020-07-07,US,Iowa,O'Brien,89,1,0,43.08310673,-95.62474482,19141.0,647.1315349378317,1.1235955056179776,88,88,1,0,87,87,13840,1,0,0,1,1
2020-07-07,US,Iowa,Osceola,62,0,0,43.37824276,-95.62422844,19143.0,1040.6176569318563,0.0,62,62,0,0,62,61,6040,0,0,0,0,1
2020-07-07,US,Iowa,Page,20,0,0,40.7393172,-95.1497813,19145.0,132.38895876083936,0.0,20,21,0,0,21,20,15249,-1,0,0,-1,1
2020-07-07,US,Iowa,Palo Alto,41,0,0,43.08193849,-94.67824621,19147.0,461.39995498537024,0.0,41,41,0,0,41,41,8929,0,0,0,0,0
2020-07-07,US,Iowa,Plymouth,324,5,0,42.737633,-96.21366621,19149.0,1286.888827104103,1.5432098765432098,319,322,5,0,317,322,25095,2,0,0,2,0
2020-07-07,US,Iowa,Pocahontas,98,1,0,42.73420133,-94.67862564,19151.0,1480.5861912675628,1.020408163265306,97,97,1,0,96,96,6740,1,0,0,1,1
2020-07-07,US,Iowa,Polk,6739,181,0,41.68679484,-93.57767461,19153.0,1374.8543845797603,2.6858584359697284,6558,6638,179,0,6459,6578,487204,101,2,0,99,60
2020-07-07,US,Iowa,Pottawattamie,745,12,0,41.33640314,-95.53907776,19155.0,799.3047657876103,1.6107382550335567,733,736,12,0,724,726,93533,9,0,0,9,10
2020-07-07,US,Iowa,Poweshiek,107,8,0,41.68625425,-92.53155731,19157.0,578.2533506268915,7.4766355140186915,99,106,8,0,98,105,18699,1,0,0,1,1
2020-07-07,US,Iowa,Ringgold,15,0,0,40.73518949,-94.24368535,19159.0,306.49775234981615,0.0,15,16,0,0,16,15,4968,-1,0,0,-1,1
2020-07-07,US,Iowa,Sac,64,0,0,42.38624071,-95.10547892,19161.0,658.3684806089908,0.0,64,64,0,0,64,64,9719,0,0,0,0,0
2020-07-07,US,Iowa,Scott,845,10,0,41.63935978,-90.61959493,19163.0,488.6002902690482,1.183431952662722,835,815,10,0,805,798,173283,30,0,0,30,17
2020-07-07,US,Iowa,Shelby,117,0,0,41.6850066,-95.31015553,19165.0,1021.4772132006286,0.0,117,114,0,0,114,113,11578,3,0,0,3,1
2020-07-07,US,Iowa,Sioux,481,0,0,43.08221074,-96.1767568,19167.0,1380.0028690288336,0.0,481,477,0,0,477,472,34909,4,0,0,4,5
2020-07-07,US,Iowa,Story,806,3,0,42.03621213,-93.46499005,19169.0,829.9267893365732,0.37220843672456577,803,779,3,0,776,775,98105,27,0,0,27,4
2020-07-07,US,Iowa,Tama,468,29,0,42.07991767,-92.53266945,19171.0,2776.7888928444286,6.196581196581197,439,465,29,0,436,465,16904,3,0,0,3,0
2020-07-07,US,Iowa,Taylor,80,0,0,40.73710579,-94.69778563,19173.0,1306.975984316288,0.0,80,79,0,0,79,79,6191,1,0,0,1,0
2020-07-07,US,Iowa,Unassigned,16,0,0,0.0,0.0,90019.0,0.0,0.0,16,17,0,0,17,16,,-1,0,0,-1,1
2020-07-07,US,Iowa,Union,34,0,0,41.0277278,-94.24234847,19175.0,277.7550853688424,0.0,34,29,0,0,29,28,12359,5,0,0,5,1
2020-07-07,US,Iowa,Van Buren,21,0,0,40.75326764,-91.95017958,19177.0,298.12606473594553,0.0,21,22,0,0,22,21,7020,-1,0,0,-1,1
2020-07-07,US,Iowa,Wapello,708,30,0,41.03064984,-92.40954728,19179.0,2024.6504046441128,4.2372881355932215,678,708,30,0,678,708,35205,0,0,0,0,0
2020-07-07,US,Iowa,Warren,291,1,0,41.33559454,-93.56007641,19181.0,565.4218318890141,0.3436426116838488,290,290,1,0,289,286,51056,1,0,0,1,4
2020-07-07,US,Iowa,Washington,245,9,0,41.33577126,-91.71725711,19183.0,1115.410880946961,3.673469387755102,236,243,9,0,234,240,22141,2,0,0,2,3
2020-07-07,US,Iowa,Wayne,10,0,0,40.73969028,-93.32752197,19185.0,155.2553951249806,0.0,10,10,0,0,10,10,6401,0,0,0,0,0
2020-07-07,US,Iowa,Webster,248,4,0,42.42853483,-94.17987389,19187.0,690.7308377896612,1.6129032258064515,244,229,2,0,227,219,36277,19,2,0,17,10
2020-07-07,US,Iowa,Winnebago,29,0,0,43.37751174,-93.73407298,19189.0,280.0849913077072,0.0,29,29,0,0,29,28,10518,0,0,0,0,1
2020-07-07,US,Iowa,Winneshiek,39,0,0,43.29094334,-91.84422722,19191.0,195.08778950527736,0.0,39,39,0,0,39,38,20029,0,0,0,0,1
2020-07-07,US,Iowa,Woodbury,3260,44,0,42.38979414,-96.0459439,19193.0,3161.763992745401,1.3496932515337423,3216,3252,44,0,3208,3241,102539,8,0,0,8,11
2020-07-07,US,Iowa,Worth,20,0,0,43.37750768,-93.26087602,19195.0,270.96599376778215,0.0,20,20,0,0,20,19,7453,0,0,0,0,1
2020-07-07,US,Iowa,Wright,385,1,0,42.73305373,-93.73515113,19197.0,3064.798598949212,0.2597402597402597,384,386,1,0,385,384,12690,-1,0,0,-1,2
2020-07-07,US,Kansas,Allen,5,0,0,37.88582951,-95.30030847,20001.0,40.4236397445226,0.0,5,5,0,0,5,4,12444,0,0,0,0,1
2020-07-07,US,Kansas,Anderson,5,0,0,38.21413251,-95.29272815,20003.0,63.62942224484602,0.0,5,5,0,0,5,4,7878,0,0,0,0,1
2020-07-07,US,Kansas,Atchison,41,0,0,39.53185661,-95.30870026,20005.0,255.08616935233,0.0,41,41,0,0,41,39,16193,0,0,0,0,2
2020-07-07,US,Kansas,Barber,2,0,0,37.2288586,-98.68460053,20007.0,45.177320984865595,0.0,2,2,0,0,2,2,4472,0,0,0,0,0
2020-07-07,US,Kansas,Barton,57,2,0,38.47889676,-98.75636726,20009.0,221.1102059816129,3.5087719298245608,55,57,2,0,55,57,26111,0,0,0,0,0
2020-07-07,US,Kansas,Bourbon,36,1,0,37.85508555,-94.84865997,20011.0,247.69505985963943,2.7777777777777777,35,36,1,0,35,28,14653,0,0,0,0,8
2020-07-07,US,Kansas,Brown,14,0,0,39.82652589,-95.56421698,20013.0,146.3822668339607,0.0,14,14,0,0,14,14,9598,0,0,0,0,0
2020-07-07,US,Kansas,Butler,67,0,0,37.78134351,-96.83878537,20015.0,100.13301250915396,0.0,67,67,0,0,67,67,66765,0,0,0,0,0
2020-07-07,US,Kansas,Chase,5,0,0,38.30292938,-96.59563862,20017.0,188.82175226586102,0.0,5,5,0,0,5,5,2629,0,0,0,0,0
2020-07-07,US,Kansas,Chautauqua,4,0,0,37.14994405,-96.2454192,20019.0,123.07692307692308,0.0,4,4,0,0,4,4,3309,0,0,0,0,0
2020-07-07,US,Kansas,Cherokee,43,1,0,37.16928494,-94.8462897,20021.0,215.65775615627663,2.3255813953488373,42,42,0,0,42,39,20015,1,1,0,0,3
2020-07-07,US,Kansas,Cheyenne,2,0,0,39.78580976,-101.7318201,20023.0,75.27286413248024,0.0,2,2,0,0,2,2,2660,0,0,0,0,0
2020-07-07,US,Kansas,Clark,34,1,0,37.23577007,-99.81883015,20025.0,1705.1153460381142,2.9411764705882355,33,34,1,0,33,34,2005,0,0,0,0,0
2020-07-07,US,Kansas,Clay,9,2,0,39.34948772,-97.16518128,20027.0,112.47188202949265,22.222222222222218,7,9,2,0,7,7,7997,0,0,0,0,2
2020-07-07,US,Kansas,Cloud,24,0,0,39.48028352,-97.64925343,20029.0,273.16184839517416,0.0,24,24,0,0,24,21,8729,0,0,0,0,3
2020-07-07,US,Kansas,Coffey,53,8,0,38.2365018,-95.73379515,20031.0,648.0009781146838,15.094339622641508,45,53,8,0,45,53,8233,0,0,0,0,0
2020-07-07,US,Kansas,Comanche,3,0,0,37.19114520000001,-99.27113247,20033.0,176.47058823529412,0.0,3,3,0,0,3,3,1748,0,0,0,0,0
2020-07-07,US,Kansas,Cowley,76,1,0,37.23781842,-96.83776647,20035.0,217.71513693136242,1.3157894736842106,75,76,1,0,75,73,35218,0,0,0,0,3
2020-07-07,US,Kansas,Crawford,275,1,0,37.50675523,-94.85245778,20037.0,708.4342315420682,0.3636363636363637,274,275,1,0,274,266,39019,0,0,0,0,9
2020-07-07,US,Kansas,Dickinson,14,1,0,38.86600962,-97.15532383,20041.0,75.8150113722517,7.142857142857142,13,10,1,0,9,8,18717,4,0,0,4,2
2020-07-07,US,Kansas,Doniphan,26,0,0,39.79067154,-95.14056866,20043.0,342.10526315789474,0.0,26,26,0,0,26,26,7682,0,0,0,0,0
2020-07-07,US,Kansas,Douglas,354,0,0,38.88503636,-95.2925121,20045.0,289.54923563909404,0.0,354,354,0,0,354,251,121436,0,0,0,0,103
2020-07-07,US,Kansas,Edwards,7,0,0,37.88735543,-99.31263309,20047.0,250.17869907076482,0.0,7,7,0,0,7,7,2849,0,0,0,0,0
2020-07-07,US,Kansas,Elk,1,0,0,37.45338105,-96.24369667,20049.0,39.52569169960474,0.0,1,1,0,0,1,1,2508,0,0,0,0,0
2020-07-07,US,Kansas,Ellis,28,0,0,38.91458712,-99.31751551,20051.0,98.06325079676391,0.0,28,28,0,0,28,25,28710,0,0,0,0,3
2020-07-07,US,Kansas,Ellsworth,11,0,0,38.69677695,-98.20462799,20053.0,180.26876433956082,0.0,11,10,0,0,10,4,6196,1,0,0,1,6
2020-07-07,US,Kansas,Finney,1584,10,0,38.04340344,-100.73819379999999,20055.0,4343.653165875998,0.6313131313131313,1574,1584,10,0,1574,1575,36611,0,0,0,0,9
2020-07-07,US,Kansas,Ford,1955,8,0,37.69200114,-99.88825298,20057.0,5815.164044141707,0.4092071611253197,1947,1955,8,0,1947,1954,33888,0,0,0,0,1
2020-07-07,US,Kansas,Franklin,79,1,0,38.56443815,-95.28644341,20059.0,309.27027873473224,1.2658227848101269,78,79,1,0,78,78,25631,0,0,0,0,1
2020-07-07,US,Kansas,Geary,72,1,0,38.99871131,-96.7577178,20061.0,227.34449005367856,1.3888888888888888,71,72,1,0,71,65,32594,0,0,0,0,7
2020-07-07,US,Kansas,Gove,2,0,0,38.91588178,-100.4829321,20063.0,75.87253414264036,0.0,2,2,0,0,2,2,2612,0,0,0,0,0
2020-07-07,US,Kansas,Graham,2,0,0,39.34987223,-99.88332493,20065.0,80.58017727639,0.0,2,2,0,0,2,,2492,0,0,0,0,
2020-07-07,US,Kansas,Grant,55,1,0,37.56227336,-101.3079758,20067.0,769.2307692307692,1.818181818181818,54,53,1,0,52,53,7336,2,0,0,2,0
2020-07-07,US,Kansas,Gray,32,0,0,37.73836671,-100.4369088,20069.0,534.4021376085503,0.0,32,32,0,0,32,31,6033,0,0,0,0,1
2020-07-07,US,Kansas,Greenwood,11,0,0,37.8774388,-96.23250453,20073.0,183.884988298228,0.0,11,11,0,0,11,11,6055,0,0,0,0,0
2020-07-07,US,Kansas,Hamilton,32,0,0,37.99978709,-101.7921066,20075.0,1260.338716029933,0.0,32,32,0,0,32,30,2607,0,0,0,0,2
2020-07-07,US,Kansas,Harper,2,0,0,37.19175361,-98.07578384,20077.0,36.79175864606328,0.0,2,2,0,0,2,4,5506,0,0,0,0,-2
2020-07-07,US,Kansas,Harvey,50,0,0,38.04293782,-97.42747573,20079.0,145.22640797002526,0.0,50,50,0,0,50,43,34210,0,0,0,0,7
2020-07-07,US,Kansas,Haskell,30,0,0,37.562039399999996,-100.8710738,20081.0,756.0483870967741,0.0,30,30,0,0,30,28,3997,0,0,0,0,2
2020-07-07,US,Kansas,Hodgeman,9,0,0,38.08780079,-99.89829881,20083.0,501.6722408026756,0.0,9,9,0,0,9,9,1818,0,0,0,0,0
2020-07-07,US,Kansas,Jackson,113,1,0,39.41673394,-95.79356799,20085.0,857.9454862956495,0.8849557522123894,112,113,1,0,112,113,13280,0,0,0,0,0
2020-07-07,US,Kansas,Jefferson,34,0,0,39.2347941,-95.38289232,20087.0,178.54329674946175,0.0,34,27,0,0,27,27,18975,7,0,0,7,0
2020-07-07,US,Kansas,Jewell,4,0,0,39.78470589,-98.21820662,20089.0,138.9371309482459,0.0,4,4,0,0,4,4,2841,0,0,0,0,0
2020-07-07,US,Kansas,Johnson,2356,91,0,38.88548175,-94.82250877,20091.0,391.10160839706435,3.8624787775891343,2265,2277,90,0,2187,2205,597555,79,1,0,78,72
2020-07-07,US,Kansas,Kearny,48,1,0,38.00017981,-101.32168100000001,20093.0,1250.6513809275666,2.083333333333333,47,48,1,0,47,48,3943,0,0,0,0,0
2020-07-07,US,Kansas,Kingman,1,0,0,37.55909527,-98.13638678,20095.0,13.982102908277405,0.0,1,1,0,0,1,,7310,0,0,0,0,
2020-07-07,US,Kansas,Kiowa,3,0,0,37.55848695,-99.2856537,20097.0,121.21212121212122,0.0,3,3,0,0,3,3,2516,0,0,0,0,0
2020-07-07,US,Kansas,Labette,63,0,0,37.19113093,-95.29849679,20099.0,321.13365276786624,0.0,63,66,0,0,66,65,19964,-3,0,0,-3,1
2020-07-07,US,Kansas,Lane,5,0,0,38.48119447,-100.46607540000001,20101.0,325.73289902280135,0.0,5,5,0,0,5,5,1560,0,0,0,0,0
2020-07-07,US,Kansas,Leavenworth,1192,7,0,39.20183497,-95.03620809,20103.0,1457.9613004232,0.587248322147651,1185,1192,7,0,1185,1181,81352,0,0,0,0,11
2020-07-07,US,Kansas,Lincoln,1,0,0,39.04549684,-98.20756994,20105.0,33.7609723160027,0.0,1,1,0,0,1,1,3023,0,0,0,0,0
2020-07-07,US,Kansas,Linn,16,0,0,38.21267844,-94.84254089,20107.0,164.89745439554778,0.0,16,16,0,0,16,15,9750,0,0,0,0,1
2020-07-07,US,Kansas,Logan,1,0,0,38.91735806,-101.148475,20109.0,35.79098067287043,0.0,1,1,0,0,1,1,2844,0,0,0,0,0
2020-07-07,US,Kansas,Lyon,501,7,0,38.45576156,-96.15275715,20111.0,1509.263443289652,1.3972055888223551,494,510,7,0,503,502,33406,-9,0,0,-9,8
2020-07-07,US,Kansas,Marion,11,1,0,38.35855394,-97.09852509999999,20115.0,92.56142712891285,9.090909090909092,10,11,1,0,10,10,11950,0,0,0,0,1
2020-07-07,US,Kansas,Marshall,2,0,0,39.78359669,-96.52278974,20117.0,20.603688060162767,0.0,2,2,0,0,2,2,9722,0,0,0,0,0
2020-07-07,US,Kansas,McPherson,79,0,0,38.39184858,-97.64769869,20113.0,276.78508864130055,0.0,79,79,0,0,79,79,28537,0,0,0,0,0
2020-07-07,US,Kansas,Meade,30,0,0,37.23859987,-100.36483100000001,20119.0,743.86312918423,0.0,30,30,0,0,30,30,4146,0,0,0,0,0
2020-07-07,US,Kansas,Miami,42,0,0,38.56383358,-94.83832189,20121.0,122.67429973420569,0.0,42,42,0,0,42,35,33680,0,0,0,0,7
2020-07-07,US,Kansas,Mitchell,4,0,0,39.39331582,-98.20906732,20123.0,66.9008195350393,0.0,4,4,0,0,4,4,6150,0,0,0,0,0
2020-07-07,US,Kansas,Montgomery,56,3,0,37.19236568,-95.74329258,20125.0,175.94018033868485,5.357142857142857,53,54,3,0,51,48,32120,2,0,0,2,6
2020-07-07,US,Kansas,Morris,5,0,0,38.68827511,-96.65128437,20127.0,88.96797153024912,0.0,5,5,0,0,5,5,5521,0,0,0,0,0
2020-07-07,US,Kansas,Morton,7,2,0,37.19141121,-101.79925190000002,20129.0,270.5836876691148,28.57142857142857,5,7,2,0,5,7,2667,0,0,0,0,0
2020-07-07,US,Kansas,Nemaha,29,0,0,39.78345387,-96.01392079,20131.0,283.45225295670025,0.0,29,29,0,0,29,27,10155,0,0,0,0,2
2020-07-07,US,Kansas,Neosho,35,0,0,37.55862897,-95.30670046,20133.0,218.65433872680703,0.0,35,35,0,0,35,33,15951,0,0,0,0,2
2020-07-07,US,Kansas,Ness,4,0,0,38.47974157,-99.91547333,20135.0,145.45454545454547,0.0,4,4,0,0,4,4,2840,0,0,0,0,0
2020-07-07,US,Kansas,Norton,12,0,0,39.78443827,-99.90286639,20137.0,223.8388360380526,0.0,12,10,0,0,10,6,5430,2,0,0,2,4
2020-07-07,US,Kansas,Osage,19,0,0,38.65235984,-95.72707998,20139.0,119.12972600163022,0.0,19,18,0,0,18,15,15941,1,0,0,1,3
2020-07-07,US,Kansas,Osborne,3,0,0,39.3503437,-98.76753828,20141.0,87.69365682548961,0.0,3,3,0,0,3,2,3475,0,0,0,0,1
2020-07-07,US,Kansas,Ottawa,10,0,0,39.13237408,-97.65020313,20143.0,175.3155680224404,0.0,10,10,0,0,10,8,5802,0,0,0,0,2
2020-07-07,US,Kansas,Pawnee,3,0,0,38.18108732,-99.23692334,20145.0,46.772684752104766,0.0,3,3,0,0,3,3,6562,0,0,0,0,0
2020-07-07,US,Kansas,Phillips,27,2,0,39.78465501,-99.34668865,20147.0,515.8578525028659,7.407407407407407,25,27,0,0,27,10,5317,0,2,0,-2,17
2020-07-07,US,Kansas,Pottawatomie,78,0,0,39.37925655,-96.34564657,20149.0,319.8950088176188,0.0,78,78,0,0,78,74,24277,0,0,0,0,4
2020-07-07,US,Kansas,Pratt,11,0,0,37.64780729,-98.73922153,20151.0,120.03491924923614,0.0,11,11,0,0,11,11,9378,0,0,0,0,0
2020-07-07,US,Kansas,Reno,89,0,0,37.95230263,-98.08607292,20155.0,143.55301783928513,0.0,89,89,0,0,89,83,62342,0,0,0,0,6
2020-07-07,US,Kansas,Republic,15,0,0,39.82799632,-97.65036709,20157.0,323.5547886108715,0.0,15,15,0,0,15,15,4664,0,0,0,0,0
2020-07-07,US,Kansas,Rice,4,0,0,38.34616184,-98.19992118,20159.0,41.94191045402118,0.0,4,4,0,0,4,4,9531,0,0,0,0,0
2020-07-07,US,Kansas,Riley,317,3,0,39.28935726,-96.73420026,20161.0,427.0395516758271,0.946372239747634,314,309,3,0,306,273,73703,8,0,0,8,36
2020-07-07,US,Kansas,Rooks,9,0,0,39.35022773,-99.32484567,20163.0,182.9268292682927,0.0,9,7,0,0,7,7,5013,2,0,0,2,0
2020-07-07,US,Kansas,Rush,1,0,0,38.52275276,-99.30863983,20165.0,32.93807641633729,0.0,1,1,0,0,1,1,3093,0,0,0,0,0
2020-07-07,US,Kansas,Russell,2,0,0,38.91462787,-98.76254297,20167.0,29.171528588098017,0.0,2,2,0,0,2,2,6907,0,0,0,0,0
2020-07-07,US,Kansas,Saline,168,2,0,38.78369175,-97.65185177,20169.0,309.82590734730013,1.1904761904761905,166,168,2,0,166,140,54401,0,0,0,0,28
2020-07-07,US,Kansas,Scott,16,0,0,38.48222076,-100.90665390000001,20171.0,331.7437279701432,0.0,16,16,0,0,16,16,4897,0,0,0,0,0
2020-07-07,US,Kansas,Sedgwick,1652,28,0,37.6842718,-97.4608198,20173.0,320.1289817495475,1.6949152542372878,1624,1597,28,0,1569,1540,513607,55,0,0,55,57
2020-07-07,US,Kansas,Seward,1045,2,0,37.19324632,-100.85072009999999,20175.0,4876.796714579055,0.19138755980861244,1043,1033,2,0,1031,1033,21780,12,0,0,12,0
2020-07-07,US,Kansas,Shawnee,844,13,0,39.04100763,-95.75572640000001,20177.0,477.17314487632507,1.5402843601895737,831,819,13,0,806,747,177499,25,0,0,25,72
2020-07-07,US,Kansas,Sheridan,5,0,0,39.35018161,-100.44182590000001,20179.0,198.33399444664815,0.0,5,5,0,0,5,5,2533,0,0,0,0,0
2020-07-07,US,Kansas,Sherman,7,0,0,39.35147699,-101.71976240000001,20181.0,118.30319418624303,0.0,7,7,0,0,7,7,5899,0,0,0,0,0
2020-07-07,US,Kansas,Smith,3,0,0,39.78516566,-98.78566062,20183.0,83.72871895060004,0.0,3,3,0,0,3,3,3603,0,0,0,0,0
2020-07-07,US,Kansas,Stafford,1,0,0,38.03100851,-98.71762001,20185.0,24.06159769008662,0.0,1,1,0,0,1,1,4178,0,0,0,0,0
2020-07-07,US,Kansas,Stanton,12,0,0,37.56304714,-101.78435340000001,20187.0,598.2053838484546,0.0,12,12,0,0,12,11,1987,0,0,0,0,1
2020-07-07,US,Kansas,Stevens,32,0,0,37.1923008,-101.3118967,20189.0,583.4092980856882,0.0,32,32,0,0,32,32,5559,0,0,0,0,0
2020-07-07,US,Kansas,Sumner,16,1,0,37.23682549,-97.47721621,20191.0,70.06480994920301,6.25,15,16,1,0,15,13,22996,0,0,0,0,3
2020-07-07,US,Kansas,Thomas,17,0,0,39.35107575,-101.0553705,20193.0,218.59328790021854,0.0,17,17,0,0,17,16,7711,0,0,0,0,1
2020-07-07,US,Kansas,Trego,1,0,0,38.91467218,-99.87284448,20195.0,35.67606136282553,0.0,1,1,0,0,1,1,2793,0,0,0,0,0
2020-07-07,US,Kansas,Unassigned,0,1,0,0.0,0.0,90020.0,0.0,0.0,-1,0,1,0,-1,0,,0,0,0,0,0
2020-07-07,US,Kansas,Wabaunsee,36,0,0,38.95471985,-96.20350509,20197.0,519.4055691819362,0.0,36,36,0,0,36,36,6899,0,0,0,0,0
2020-07-07,US,Kansas,Washington,1,0,0,39.78420784,-97.08753229999999,20201.0,18.49796522382538,0.0,1,1,0,0,1,1,5420,0,0,0,0,0
2020-07-07,US,Kansas,Wilson,4,0,0,37.55937174,-95.74323255,20205.0,46.920821114369495,0.0,4,4,0,0,4,3,8665,0,0,0,0,1
2020-07-07,US,Kansas,Woodson,12,0,0,37.8865336,-95.74006277,20207.0,382.4091778202677,0.0,12,12,0,0,12,10,3183,0,0,0,0,2
2020-07-07,US,Kansas,Wyandotte,2635,85,0,39.11727348,-94.76378225,20209.0,1592.8283432771766,3.2258064516129035,2550,2602,85,0,2517,2571,165324,33,0,0,33,31
2020-07-07,US,Kentucky,Adair,130,19,0,37.10459774,-85.28129668,21001.0,677.0128111655036,14.615384615384615,111,129,19,0,110,126,19215,1,0,0,1,3
2020-07-07,US,Kentucky,Allen,180,7,0,36.75197631,-86.19457544,21003.0,844.475721323012,3.888888888888889,173,176,7,0,169,171,21122,4,0,0,4,5
2020-07-07,US,Kentucky,Anderson,29,1,0,38.00671029,-84.99171713,21005.0,127.48933925352794,3.4482758620689653,28,29,1,0,28,29,22663,0,0,0,0,0
2020-07-07,US,Kentucky,Ballard,15,0,0,37.05842757,-88.99427697,21007.0,190.16227180527386,0.0,15,16,0,0,16,14,7979,-1,0,0,-1,2
2020-07-07,US,Kentucky,Barren,98,2,0,36.96469836,-85.93338945,21009.0,221.47393161427377,2.0408163265306123,96,97,2,0,95,92,44176,1,0,0,1,5
2020-07-07,US,Kentucky,Bath,18,1,0,38.14735938,-83.74588932,21011.0,144.0,5.5555555555555545,17,18,1,0,17,18,12383,0,0,0,0,0
2020-07-07,US,Kentucky,Bell,43,0,0,36.73355174,-83.67766671,21013.0,165.18131530424094,0.0,43,21,0,0,21,13,26569,22,0,0,22,8
2020-07-07,US,Kentucky,Boone,660,23,0,38.97065142,-84.72615357,21015.0,494.0822422350484,3.484848484848485,637,646,23,0,623,615,131533,14,0,0,14,31
2020-07-07,US,Kentucky,Bourbon,35,1,0,38.2054607,-84.21827874,21017.0,176.87487366080452,2.8571428571428568,34,35,1,0,34,34,20184,0,0,0,0,1
2020-07-07,US,Kentucky,Boyd,71,3,0,38.36176608,-82.68652187,21019.0,151.9756838905775,4.225352112676056,68,69,3,0,66,67,47240,2,0,0,2,2
2020-07-07,US,Kentucky,Boyle,43,0,0,37.62680923,-84.8633779,21021.0,143.0472388556221,0.0,43,43,0,0,43,40,30100,0,0,0,0,3
2020-07-07,US,Kentucky,Bracken,17,0,0,38.69158994,-84.08532444,21023.0,204.74527279296643,0.0,17,17,0,0,17,17,8239,0,0,0,0,0
2020-07-07,US,Kentucky,Breathitt,12,0,0,37.52333168,-83.31959161,21025.0,95.01187648456056,0.0,12,10,0,0,10,9,12726,2,0,0,2,1
2020-07-07,US,Kentucky,Breckinridge,28,2,0,37.77377239,-86.42885017,21027.0,136.73878009474043,7.142857142857142,26,28,2,0,26,25,20388,0,0,0,0,3
2020-07-07,US,Kentucky,Bullitt,165,4,0,37.97162523,-85.68955617,21029.0,202.0177285861208,2.4242424242424243,161,159,4,0,155,154,81069,6,0,0,6,5
2020-07-07,US,Kentucky,Butler,260,14,0,37.20946153,-86.68748787,21031.0,2018.79027874835,5.384615384615384,246,258,14,0,244,257,12772,2,0,0,2,1
2020-07-07,US,Kentucky,Caldwell,17,0,0,37.14749129,-87.86948214,21033.0,133.3647132658665,0.0,17,17,0,0,17,15,12715,0,0,0,0,2
2020-07-07,US,Kentucky,Calloway,94,1,0,36.62093411,-88.2731593,21035.0,241.01946103946054,1.0638297872340423,93,93,1,0,92,86,39135,1,0,0,1,7
2020-07-07,US,Kentucky,Campbell,299,13,0,38.94384345,-84.37875208,21037.0,319.4990596683194,4.3478260869565215,286,293,13,0,280,270,93152,6,0,0,6,23
2020-07-07,US,Kentucky,Carlisle,7,1,0,36.85372876,-88.96692220000001,21039.0,147.05882352941177,14.285714285714285,6,7,1,0,6,5,4771,0,0,0,0,2
2020-07-07,US,Kentucky,Carroll,63,1,0,38.66599534,-85.12601074,21041.0,592.6065280782617,1.5873015873015872,62,61,1,0,60,42,10737,2,0,0,2,19
2020-07-07,US,Kentucky,Carter,32,0,0,38.31690743,-83.05092385,21043.0,119.41635257678098,0.0,32,31,0,0,31,29,27004,1,0,0,1,2
2020-07-07,US,Kentucky,Casey,29,0,0,37.32533118,-84.92726209,21045.0,179.46655114796712,0.0,29,26,0,0,26,21,15888,3,0,0,3,5
2020-07-07,US,Kentucky,Christian,240,4,0,36.89267803,-87.49055367,21047.0,340.613956656874,1.6666666666666667,236,223,4,0,219,210,71671,17,0,0,17,13
2020-07-07,US,Kentucky,Clark,103,5,0,37.9689263,-84.14615986,21049.0,284.03606982323583,4.854368932038835,98,102,5,0,97,99,36249,1,0,0,1,3
2020-07-07,US,Kentucky,Clay,76,3,0,37.16451126,-83.712575,21051.0,381.89035726847885,3.947368421052632,73,72,3,0,69,68,20105,4,0,0,4,4
2020-07-07,US,Kentucky,Clinton,6,0,0,36.72581156,-85.13377529,21053.0,58.71990604815032,0.0,6,6,0,0,6,5,10206,0,0,0,0,1
2020-07-07,US,Kentucky,Crittenden,9,1,0,37.35839237,-88.08826090000002,21055.0,102.20304337951396,11.111111111111109,8,9,1,0,8,9,8915,0,0,0,0,0
2020-07-07,US,Kentucky,Cumberland,6,0,0,36.78926125,-85.39050034,21057.0,90.71666162685213,0.0,6,6,0,0,6,6,6659,0,0,0,0,0
2020-07-07,US,Kentucky,Daviess,467,8,0,37.73028906,-87.09019479999998,21059.0,460.04866467673446,1.7130620985010707,459,458,8,0,450,452,101104,9,0,0,9,6
2020-07-07,US,Kentucky,Edmonson,74,11,0,37.21218923,-86.23955613,21061.0,609.0534979423868,14.864864864864865,63,74,11,0,63,75,12274,0,0,0,0,-1
2020-07-07,US,Kentucky,Elliott,3,0,0,38.11624059,-83.09771563,21063.0,39.90953837967274,0.0,3,3,0,0,3,3,7508,0,0,0,0,0
2020-07-07,US,Kentucky,Estill,4,0,0,37.69241417,-83.95956369,21065.0,28.356727633631078,0.0,4,4,0,0,4,4,14198,0,0,0,0,0
2020-07-07,US,Kentucky,Fayette,1647,30,0,38.0368225,-84.45576892,21067.0,509.6672773184137,1.8214936247723128,1617,1588,30,0,1558,1510,323780,59,0,0,59,78
2020-07-07,US,Kentucky,Fleming,25,0,0,38.36758311,-83.69657514,21069.0,171.45600438927372,0.0,25,25,0,0,25,21,14432,0,0,0,0,4
2020-07-07,US,Kentucky,Floyd,37,0,0,37.56213922,-82.74750924,21071.0,103.9647081963528,0.0,37,35,0,0,35,32,35845,2,0,0,2,3
2020-07-07,US,Kentucky,Franklin,149,4,0,38.2379395,-84.87962551,21073.0,292.20842893844014,2.684563758389262,145,146,4,0,142,144,50815,3,0,0,3,2
2020-07-07,US,Kentucky,Fulton,24,0,0,36.55238827,-89.20140068,21075.0,402.0773998994807,0.0,24,24,0,0,24,24,6120,0,0,0,0,0
2020-07-07,US,Kentucky,Gallatin,65,8,0,38.75398691,-84.8558382,21077.0,732.8898410192807,12.307692307692307,57,65,8,0,57,65,8832,0,0,0,0,0
2020-07-07,US,Kentucky,Garrard,29,0,0,37.638866799999995,-84.53289319,21079.0,164.15713800520774,0.0,29,28,0,0,28,26,17560,1,0,0,1,2
2020-07-07,US,Kentucky,Grant,60,4,0,38.64962758,-84.62415957,21081.0,239.33942319199008,6.666666666666668,56,60,4,0,56,59,25121,0,0,0,0,1
2020-07-07,US,Kentucky,Graves,233,21,0,36.72292505,-88.65143315,21083.0,625.2347984758226,9.012875536480689,212,231,21,0,210,219,37317,2,0,0,2,12
2020-07-07,US,Kentucky,Grayson,140,11,0,37.46231118,-86.34248968,21085.0,529.7612290460514,7.857142857142858,129,140,11,0,129,140,26321,0,0,0,0,0
2020-07-07,US,Kentucky,Green,8,1,0,37.26484328,-85.5540745,21087.0,73.11945891600402,12.5,7,5,1,0,4,5,11049,3,0,0,3,0
2020-07-07,US,Kentucky,Greenup,40,0,0,38.54332505,-82.9215658,21089.0,113.96660778391932,0.0,40,36,0,0,36,33,35268,4,0,0,4,3
2020-07-07,US,Kentucky,Hancock,19,0,0,37.83766422,-86.78280584,21091.0,217.83994496675075,0.0,19,19,0,0,19,19,8758,0,0,0,0,0
2020-07-07,US,Kentucky,Hardin,214,6,0,37.6976111,-85.96319251,21093.0,192.86576902972297,2.803738317757009,208,202,6,0,196,177,110356,12,0,0,12,25
2020-07-07,US,Kentucky,Harlan,32,2,0,36.85699301,-83.21899516,21095.0,123.02960399846214,6.25,30,31,2,0,29,27,26409,1,0,0,1,4
2020-07-07,US,Kentucky,Harrison,79,0,0,38.44188174,-84.32869741,21097.0,418.2992693000105,0.0,79,79,0,0,79,74,18778,0,0,0,0,5
2020-07-07,US,Kentucky,Hart,46,0,0,37.29943898,-85.88461055,21099.0,241.6600998161282,0.0,46,46,0,0,46,42,18906,0,0,0,0,4
2020-07-07,US,Kentucky,Henderson,169,3,0,37.79344553,-87.57392021,21101.0,373.8111037381111,1.7751479289940828,166,166,3,0,163,163,45591,3,0,0,3,3
2020-07-07,US,Kentucky,Henry,39,2,0,38.44942688,-85.11587507,21103.0,241.84546694778615,5.128205128205129,37,38,2,0,36,36,16106,1,0,0,1,2
2020-07-07,US,Kentucky,Hickman,7,0,0,36.67948079999999,-88.97875928,21105.0,159.8173515981735,0.0,7,7,0,0,7,5,4421,0,0,0,0,2
2020-07-07,US,Kentucky,Hopkins,278,33,0,37.30939025,-87.54670406,21107.0,622.1187844067492,11.870503597122305,245,271,33,0,238,265,45068,7,0,0,7,6
2020-07-07,US,Kentucky,Jackson,115,14,0,37.41866422,-83.99825483,21109.0,862.7804036311801,12.173913043478262,101,115,14,0,101,114,13442,0,0,0,0,1
2020-07-07,US,Kentucky,Jefferson,4233,201,0,38.18664655,-85.65931031,21111.0,552.0653870783051,4.7484053862508855,4032,4173,200,0,3973,4034,770517,60,1,0,59,139
2020-07-07,US,Kentucky,Jessamine,118,0,0,37.87119786,-84.58252003,21113.0,218.05414395269332,0.0,118,116,0,0,116,111,53920,2,0,0,2,5
2020-07-07,US,Kentucky,Johnson,10,0,0,37.85106355,-82.8264322,21115.0,45.06940688660537,0.0,10,10,0,0,10,10,22386,0,0,0,0,0
2020-07-07,US,Kentucky,Kenton,844,37,0,38.93950319,-84.53241199,21117.0,505.39527419490054,4.38388625592417,807,833,36,0,797,814,166051,11,1,0,10,19
2020-07-07,US,Kentucky,Knott,12,0,0,37.35388197,-82.94981134,21119.0,81.04822369309741,0.0,12,11,0,0,11,11,15126,1,0,0,1,0
2020-07-07,US,Kentucky,Knox,81,4,0,36.89225732,-83.85403396,21121.0,260.0738481297158,4.938271604938271,77,80,0,0,80,73,31304,1,4,0,-3,7
2020-07-07,US,Kentucky,Larue,17,1,0,37.54567114,-85.70138352,21123.0,118.07195443811639,5.882352941176472,16,16,1,0,15,15,14307,1,0,0,1,1
2020-07-07,US,Kentucky,Laurel,143,3,0,37.10975748,-84.11321779,21125.0,235.14709026030621,2.097902097902098,140,133,3,0,130,124,60669,10,0,0,10,9
2020-07-07,US,Kentucky,Lawrence,11,0,0,38.07136018,-82.72882223,21127.0,71.81562969249853,0.0,11,10,0,0,10,9,15571,1,0,0,1,1
2020-07-07,US,Kentucky,Lee,1,0,0,37.59645942,-83.71513901,21129.0,13.508037282182901,0.0,1,1,0,0,1,1,7033,0,0,0,0,0
2020-07-07,US,Kentucky,Leslie,10,0,0,37.09246661,-83.37999606,21131.0,101.24531740407005,0.0,10,10,0,0,10,10,10143,0,0,0,0,0
2020-07-07,US,Kentucky,Letcher,17,0,0,37.12306748,-82.85346474,21133.0,78.87533058042962,0.0,17,15,0,0,15,14,21899,2,0,0,2,1
2020-07-07,US,Kentucky,Lewis,22,0,0,38.53184419,-83.37735618,21135.0,165.72504708097932,0.0,22,22,0,0,22,22,13257,0,0,0,0,0
2020-07-07,US,Kentucky,Lincoln,39,1,0,37.45475628,-84.6565327,21137.0,158.8659415862153,2.5641025641025643,38,36,1,0,35,30,24644,3,0,0,3,6
2020-07-07,US,Kentucky,Livingston,11,0,0,37.21137452,-88.34797529,21139.0,119.64324559495323,0.0,11,10,0,0,10,10,9242,1,0,0,1,0
2020-07-07,US,Kentucky,Logan,238,13,0,36.85949479,-86.877635,21141.0,878.1639731385138,5.46218487394958,225,233,12,0,221,227,26989,5,1,0,4,6
2020-07-07,US,Kentucky,Lyon,21,3,0,37.02080035,-88.07886257,21143.0,255.78562728380024,14.285714285714285,18,21,3,0,18,20,8009,0,0,0,0,1
2020-07-07,US,Kentucky,Madison,152,1,0,37.71659336,-84.27220275,21151.0,163.4637099809651,0.6578947368421053,151,143,1,0,142,130,92368,9,0,0,9,13
2020-07-07,US,Kentucky,Magoffin,7,0,0,37.70820545,-83.0657714,21153.0,57.561055834224156,0.0,7,6,0,0,6,6,12362,1,0,0,1,0
2020-07-07,US,Kentucky,Marion,57,0,0,37.55218078,-85.26898542,21155.0,295.75053183209667,0.0,57,55,0,0,55,52,19404,2,0,0,2,3
2020-07-07,US,Kentucky,Marshall,65,2,0,36.88007070000001,-88.32803576,21157.0,209.0032154340836,3.0769230769230766,63,65,2,0,63,60,31191,0,0,0,0,5
2020-07-07,US,Kentucky,Martin,9,0,0,37.79990579,-82.51247478,21159.0,80.39303260384102,0.0,9,9,0,0,9,8,11323,0,0,0,0,1
2020-07-07,US,Kentucky,Mason,39,1,0,38.59471935,-83.82151043,21161.0,228.47100175746925,2.5641025641025643,38,36,0,0,36,33,17150,3,1,0,2,3
2020-07-07,US,Kentucky,McCracken,181,3,0,37.05350953,-88.70445755,21145.0,276.68225870555506,1.6574585635359116,178,178,3,0,175,172,65346,3,0,0,3,6
2020-07-07,US,Kentucky,McCreary,18,0,0,36.73874143,-84.48102924,21147.0,104.46288665776798,0.0,18,18,0,0,18,18,17408,0,0,0,0,0
2020-07-07,US,Kentucky,McLean,26,1,0,37.5301951,-87.26803443,21149.0,282.39383078092754,3.8461538461538463,25,26,1,0,25,26,9252,0,0,0,0,0
2020-07-07,US,Kentucky,Meade,30,2,0,37.96163597,-86.21028219,21163.0,104.99790004199915,6.666666666666668,28,29,2,0,27,28,28715,1,0,0,1,1
2020-07-07,US,Kentucky,Menifee,13,0,0,37.94090733,-83.59985712,21165.0,200.3390352904916,0.0,13,13,0,0,13,13,6451,0,0,0,0,0
2020-07-07,US,Kentucky,Mercer,25,0,0,37.81474237,-84.87488475,21167.0,113.9834951898965,0.0,25,25,0,0,25,24,21774,0,0,0,0,1
2020-07-07,US,Kentucky,Metcalfe,13,2,0,36.99459295,-85.63123699,21169.0,129.08350709959288,15.384615384615385,11,13,2,0,11,11,10030,0,0,0,0,2
2020-07-07,US,Kentucky,Monroe,42,2,0,36.71225341,-85.71596443,21171.0,394.3661971830985,4.761904761904762,40,42,1,0,41,40,10718,0,1,0,-1,2
2020-07-07,US,Kentucky,Montgomery,61,0,0,38.03253032,-83.9145241,21173.0,216.64239798273965,0.0,61,58,0,0,58,56,28203,3,0,0,3,2
2020-07-07,US,Kentucky,Morgan,11,0,0,37.92465657,-83.25558245,21175.0,82.65083777894658,0.0,11,10,0,0,10,9,13345,1,0,0,1,1
2020-07-07,US,Kentucky,Muhlenberg,520,8,0,37.21425819,-87.14632053,21177.0,1698.1255306642286,1.5384615384615383,512,520,8,0,512,510,30774,0,0,0,0,10
2020-07-07,US,Kentucky,Nelson,93,2,0,37.80335779,-85.4657193,21179.0,201.15501914217117,2.150537634408602,91,90,2,0,88,81,45851,3,0,0,3,9
2020-07-07,US,Kentucky,Nicholas,9,0,0,38.33342292,-84.01889177,21181.0,123.81345439537763,0.0,9,9,0,0,9,8,7166,0,0,0,0,1
2020-07-07,US,Kentucky,Ohio,201,0,0,37.47751843,-86.85368087,21183.0,837.7094273568393,0.0,201,200,0,0,200,188,24087,1,0,0,1,12
2020-07-07,US,Kentucky,Oldham,149,7,0,38.39791089,-85.448222,21185.0,223.0572313956796,4.697986577181208,142,144,7,0,137,139,66470,5,0,0,5,5
2020-07-07,US,Kentucky,Owen,9,0,0,38.51679143,-84.82404619,21187.0,82.56123291441152,0.0,9,8,0,0,8,7,10880,1,0,0,1,1
2020-07-07,US,Kentucky,Owsley,3,0,0,37.42823949,-83.68811419,21189.0,67.95016987542469,0.0,3,3,0,0,3,3,4472,0,0,0,0,0
2020-07-07,US,Kentucky,Pendleton,21,0,0,38.69607718,-84.35599463,21191.0,143.9342015078821,0.0,21,20,0,0,20,19,14529,1,0,0,1,1
2020-07-07,US,Kentucky,Perry,69,1,0,37.25023553,-83.22922731,21193.0,267.87794083391566,1.4492753623188406,68,68,1,0,67,62,26092,1,0,0,1,6
2020-07-07,US,Kentucky,Pike,107,2,0,37.47088263,-82.39487445,21195.0,184.8780150666943,1.8691588785046729,105,104,2,0,102,99,58402,3,0,0,3,5
2020-07-07,US,Kentucky,Powell,8,0,0,37.83218794,-83.82553961,21197.0,64.73015616150174,0.0,8,8,0,0,8,8,12442,0,0,0,0,0
2020-07-07,US,Kentucky,Pulaski,106,2,0,37.10466131,-84.57629079,21199.0,163.12962649471368,1.8867924528301887,104,106,2,0,104,100,64623,0,0,0,0,6
2020-07-07,US,Kentucky,Robertson,1,0,0,38.51923469,-84.05055616,21201.0,47.43833017077799,0.0,1,1,0,0,1,1,2135,0,0,0,0,0
2020-07-07,US,Kentucky,Rockcastle,27,0,0,37.36642393,-84.31176452,21203.0,161.72506738544473,0.0,27,27,0,0,27,21,16750,0,0,0,0,6
2020-07-07,US,Kentucky,Rowan,23,0,0,38.19484205,-83.42088935,21205.0,94.03107113654949,0.0,23,23,0,0,23,23,24583,0,0,0,0,0
2020-07-07,US,Kentucky,Russell,56,4,0,36.99308373,-85.06070117,21207.0,312.44769290855334,7.142857142857142,52,53,4,0,49,47,17821,3,0,0,3,6
2020-07-07,US,Kentucky,Scott,107,0,0,38.29622293,-84.5816631,21209.0,187.70612588590274,0.0,107,101,0,0,101,99,56031,6,0,0,6,2
2020-07-07,US,Kentucky,Shelby,528,17,0,38.21476019,-85.194223,21211.0,1077.023498694517,3.2196969696969697,511,524,17,0,507,433,48518,4,0,0,4,91
2020-07-07,US,Kentucky,Simpson,80,3,0,36.74058474,-86.58047435,21213.0,430.75597673917724,3.75,77,79,3,0,76,80,18529,1,0,0,1,-1
2020-07-07,US,Kentucky,Spencer,40,0,0,38.03223971,-85.32749335,21215.0,206.7076636866312,0.0,40,40,0,0,40,38,18794,0,0,0,0,2
2020-07-07,US,Kentucky,Taylor,45,1,0,37.3677562,-85.3329931,21217.0,174.62842950832396,2.2222222222222223,44,45,1,0,44,43,25549,0,0,0,0,2
2020-07-07,US,Kentucky,Todd,26,0,0,36.8381152,-87.17878374,21219.0,211.4852773710753,0.0,26,26,0,0,26,26,12311,0,0,0,0,0
2020-07-07,US,Kentucky,Trigg,26,0,0,36.80767017,-87.87333656,21221.0,177.4622892635315,0.0,26,26,0,0,26,26,14643,0,0,0,0,0
2020-07-07,US,Kentucky,Trimble,7,0,0,38.61056487,-85.33775972,21223.0,82.63487191594854,0.0,7,6,0,0,6,6,8515,1,0,0,1,0
2020-07-07,US,Kentucky,Union,30,0,0,37.66166713,-87.94300009,21225.0,208.60858076628887,0.0,30,29,0,0,29,29,14505,1,0,0,1,0
2020-07-07,US,Kentucky,Warren,1651,14,0,36.99903045,-86.42672751,21227.0,1242.324825427402,0.8479709267110842,1637,1632,14,0,1618,1583,131264,19,0,0,19,49
2020-07-07,US,Kentucky,Washington,27,0,0,37.75599461,-85.17407732,21229.0,223.23274080198428,0.0,27,27,0,0,27,25,12084,0,0,0,0,2
2020-07-07,US,Kentucky,Wayne,20,0,0,36.80310688,-84.8251971,21231.0,98.36226823390548,0.0,20,20,0,0,20,16,20468,0,0,0,0,4
2020-07-07,US,Kentucky,Webster,45,0,0,37.52168356,-87.67989953,21233.0,347.70514603616135,0.0,45,45,0,0,45,42,13111,0,0,0,0,3
2020-07-07,US,Kentucky,Whitley,41,0,0,36.75700531,-84.14541217,21235.0,113.05978380763293,0.0,41,40,0,0,40,32,36242,1,0,0,1,8
2020-07-07,US,Kentucky,Wolfe,4,0,0,37.73941626,-83.49303612,21237.0,55.88933910856503,0.0,4,4,0,0,4,4,7177,0,0,0,0,0
2020-07-07,US,Kentucky,Woodford,75,0,0,38.04178222,-84.7417556,21239.0,280.5416323782449,0.0,75,74,0,0,74,73,26533,1,0,0,1,1
2020-07-07,US,Louisiana,Acadia,1068,43,0,30.295064899999996,-92.41419698,22001.0,1721.3312918043357,4.02621722846442,1025,1042,42,0,1000,1016,62190,26,1,0,25,26
2020-07-07,US,Louisiana,Allen,368,11,0,30.65385745,-92.82442028,22003.0,1435.985484059781,2.989130434782609,357,354,11,0,343,344,25605,14,0,0,14,10
2020-07-07,US,Louisiana,Ascension,1412,59,0,30.20406249,-90.91328409999998,22005.0,1115.2886164734132,4.178470254957508,1353,1358,58,0,1300,1331,124672,54,1,0,53,27
2020-07-07,US,Louisiana,Assumption,390,15,0,29.89946234,-91.06461642,22007.0,1781.5540633136904,3.8461538461538463,375,383,15,0,368,381,22300,7,0,0,7,2
2020-07-07,US,Louisiana,Avoyelles,402,15,0,31.07796211,-92.00079449,22009.0,1001.394978078916,3.7313432835820897,387,390,14,0,376,386,40462,12,1,0,11,4
2020-07-07,US,Louisiana,Beauregard,269,9,0,30.64836518,-93.34173616,22011.0,717.3907245913008,3.3457249070631967,260,259,9,0,250,247,37253,10,0,0,10,12
2020-07-07,US,Louisiana,Bienville,244,28,0,32.34569994,-93.05398492,22013.0,1842.761120761272,11.475409836065571,216,234,28,0,206,233,13308,10,0,0,10,1
2020-07-07,US,Louisiana,Bossier,1099,36,0,32.67932307,-93.60460152,22015.0,865.0886735569393,3.275705186533212,1063,1030,35,0,995,1007,127185,69,1,0,68,23
2020-07-07,US,Louisiana,Caddo,3835,243,0,32.57991587,-93.88375652,22017.0,1596.5595910143045,6.336375488917862,3592,3740,243,0,3497,3706,242922,95,0,0,95,34
2020-07-07,US,Louisiana,Calcasieu,2408,59,0,30.22931235,-93.35400434,22019.0,1183.664641459722,2.4501661129568104,2349,2289,59,0,2230,2153,203112,119,0,0,119,136
2020-07-07,US,Louisiana,Caldwell,113,1,0,32.0902519,-92.11752148,22021.0,1139.3426093970559,0.8849557522123894,112,112,1,0,111,112,9960,1,0,0,1,0
2020-07-07,US,Louisiana,Cameron,85,0,0,29.87592238,-93.19310676,22023.0,1218.9875233041732,0.0,85,57,0,0,57,58,6968,28,0,0,28,-1
2020-07-07,US,Louisiana,Catahoula,204,3,0,31.66778967,-91.84526385,22025.0,2148.725510848957,1.4705882352941178,201,198,3,0,195,195,9608,6,0,0,6,3
2020-07-07,US,Louisiana,Claiborne,133,10,0,32.82308512,-92.99526883,22027.0,848.7555839183153,7.518796992481202,123,128,10,0,118,128,15944,5,0,0,5,0
2020-07-07,US,Louisiana,Concordia,126,6,0,31.44817835,-91.63814433,22029.0,654.2395763019888,4.761904761904762,120,118,6,0,112,118,19572,8,0,0,8,0
2020-07-07,US,Louisiana,De Soto,390,19,0,32.05457447,-93.74130302,22031.0,1420.0924880748646,4.871794871794871,371,371,19,0,352,369,27436,19,0,0,19,2
2020-07-07,US,Louisiana,East Baton Rouge,6231,275,0,30.53842039,-91.09777565,22033.0,1415.9464980832113,4.413416787032579,5956,5978,274,0,5704,5874,440956,253,1,0,252,104
2020-07-07,US,Louisiana,East Carroll,446,1,0,32.73926954,-91.23425694,22035.0,6500.5101297187,0.2242152466367713,445,447,1,0,446,445,7037,-1,0,0,-1,2
2020-07-07,US,Louisiana,East Feliciana,329,33,0,30.84425359,-91.04976723,22037.0,1719.362424875882,10.030395136778118,296,310,33,0,277,310,19305,19,0,0,19,0
2020-07-07,US,Louisiana,Evangeline,247,1,0,30.72985248,-92.39915924,22039.0,739.6316813894298,0.4048582995951417,246,234,1,0,233,228,33443,13,0,0,13,6
2020-07-07,US,Louisiana,Franklin,502,14,0,32.13675181,-91.67589857,22041.0,2508.1189108168874,2.7888446215139444,488,501,14,0,487,501,20156,1,0,0,1,0
2020-07-07,US,Louisiana,Grant,103,2,0,31.59882456,-92.56124347,22043.0,460.04734467819014,1.9417475728155342,101,94,1,0,93,94,22482,9,1,0,8,0
2020-07-07,US,Louisiana,Iberia,995,47,0,29.86803617,-91.75871777,22045.0,1424.8890161821564,4.723618090452262,948,978,45,0,933,902,70941,17,2,0,15,76
2020-07-07,US,Louisiana,Iberville,759,43,0,30.25734305,-91.3499598,22047.0,2334.594444957092,5.665349143610013,716,754,43,0,711,752,32721,5,0,0,5,2
2020-07-07,US,Louisiana,Jackson,220,16,0,32.30251776,-92.55692092,22049.0,1397.3577235772354,7.272727272727272,204,221,16,0,205,221,15902,-1,0,0,-1,0
2020-07-07,US,Louisiana,Jefferson,10272,488,0,29.74075478,-90.11115756,22051.0,2375.067342130393,4.750778816199377,9784,10097,487,0,9610,10024,434051,175,1,0,174,73
2020-07-07,US,Louisiana,Jefferson Davis,507,9,0,30.26896765,-92.81210004,22053.0,1616.2968630451417,1.7751479289940828,498,482,9,0,473,461,31582,25,0,0,25,21
2020-07-07,US,Louisiana,LaSalle,109,0,0,31.67884782,-92.15907765,22059.0,731.9366102605426,0.0,109,104,0,0,104,104,14917,5,0,0,5,0
2020-07-07,US,Louisiana,Lafayette,3000,48,0,30.2049055,-92.06959876,22055.0,1227.5461352755842,1.6,2952,2917,48,0,2869,2800,242782,83,0,0,83,117
2020-07-07,US,Louisiana,Lafourche,1339,90,0,29.52470226,-90.40976986,22057.0,1371.729465035753,6.721433905899925,1249,1304,90,0,1214,1284,98115,35,0,0,35,20
2020-07-07,US,Louisiana,Lincoln,354,19,0,32.6003154,-92.66597409999999,22061.0,757.3488511403018,5.367231638418079,335,353,19,0,334,350,47196,1,0,0,1,3
2020-07-07,US,Louisiana,Livingston,1267,39,0,30.44143993,-90.73061664,22063.0,899.9282614408796,3.078137332280978,1228,1181,39,0,1142,1156,139567,86,0,0,86,25
2020-07-07,US,Louisiana,Madison,393,3,0,32.36918118,-91.23973355,22065.0,3588.713359510547,0.7633587786259542,390,393,3,0,390,393,11161,0,0,0,0,0
2020-07-07,US,Louisiana,Morehouse,254,10,0,32.81686191,-91.80421614,22067.0,1021.1465787569348,3.9370078740157477,244,251,10,0,241,250,25398,3,0,0,3,1
2020-07-07,US,Louisiana,Natchitoches,334,14,0,31.72321584,-93.09816516,22069.0,875.3079301850203,4.1916167664670665,320,330,14,0,316,327,38659,4,0,0,4,3
2020-07-07,US,Louisiana,Orleans,8206,536,0,30.06971951,-89.92660315,22071.0,2103.3259514435695,6.531805995612966,7670,8143,534,0,7609,8107,391006,63,2,0,61,36
2020-07-07,US,Louisiana,Ouachita,2730,80,0,32.47645559,-92.15704172,22073.0,1781.065899438279,2.93040293040293,2650,2694,80,0,2614,2667,154475,36,0,0,36,27
2020-07-07,US,Louisiana,Plaquemines,288,17,0,29.42245447,-89.60322085,22075.0,1241.5398542915034,5.902777777777778,271,280,17,0,263,278,23410,8,0,0,8,2
2020-07-07,US,Louisiana,Pointe Coupee,308,28,0,30.71409502,-91.60209535,22077.0,1417.395306028532,9.090909090909092,280,296,28,0,268,289,21940,12,0,0,12,7
2020-07-07,US,Louisiana,Rapides,1759,72,0,31.19778499,-92.52997303,22079.0,1356.750586202641,4.093234792495736,1687,1689,68,0,1621,1678,130562,70,4,0,66,11
2020-07-07,US,Louisiana,Red River,65,9,0,32.09530039,-93.34213308,22081.0,769.9597251836058,13.846153846153848,56,64,8,0,56,64,8477,1,1,0,0,0
2020-07-07,US,Louisiana,Richland,217,5,0,32.41391005,-91.76634876,22083.0,1078.4216280687804,2.3041474654377883,212,215,5,0,210,211,20192,2,0,0,2,4
2020-07-07,US,Louisiana,Sabine,120,1,0,31.56388699,-93.55433981,22085.0,502.42840395243684,0.8333333333333334,119,99,1,0,98,98,24032,21,0,0,21,1
2020-07-07,US,Louisiana,St. Bernard,659,23,0,29.87761636,-89.51887093,22087.0,1394.8861231055796,3.4901365705614573,636,650,23,0,627,646,46721,9,0,0,9,4
2020-07-07,US,Louisiana,St. Charles,816,49,0,29.90709658,-90.35555967,22089.0,1536.723163841808,6.004901960784314,767,802,49,0,753,796,52879,14,0,0,14,6
2020-07-07,US,Louisiana,St. Helena,113,1,0,30.82210324,-90.71013176,22091.0,1115.278326095539,0.8849557522123894,112,104,1,0,103,103,10262,9,0,0,9,1
2020-07-07,US,Louisiana,St. James,413,29,0,30.02531716,-90.80212061,22093.0,1957.717102768297,7.021791767554479,384,410,29,0,381,404,21037,3,0,0,3,6
2020-07-07,US,Louisiana,St. John the Baptist,1024,87,0,30.12597499,-90.4753503,22095.0,2390.456848051918,8.49609375,937,1015,87,0,928,1011,43184,9,0,0,9,4
2020-07-07,US,Louisiana,St. Landry,850,57,0,30.59724262,-92.00135806,22097.0,1035.020213335931,6.705882352941178,793,797,57,0,740,763,82764,53,0,0,53,34
2020-07-07,US,Louisiana,St. Martin,897,27,0,30.13112107,-91.61403569,22099.0,1678.800696225038,3.0100334448160537,870,846,27,0,819,824,53621,51,0,0,51,22
2020-07-07,US,Louisiana,St. Mary,616,39,0,29.69262097,-91.44702164,22101.0,1248.2775391099942,6.331168831168832,577,600,38,0,562,576,49774,16,1,0,15,24
2020-07-07,US,Louisiana,St. Tammany,2738,181,0,30.40942847,-89.95642711,22103.0,1051.3825796120866,6.610664718772828,2557,2657,179,0,2478,2615,258111,81,2,0,79,42
2020-07-07,US,Louisiana,Tangipahoa,1624,43,0,30.62888673,-90.40664996,22105.0,1205.123257988394,2.6477832512315267,1581,1541,43,0,1498,1513,133777,83,0,0,83,28
2020-07-07,US,Louisiana,Tensas,28,0,0,32.00760749,-91.32915234,22107.0,646.0544531610523,0.0,28,27,0,0,27,26,4462,1,0,0,1,1
2020-07-07,US,Louisiana,Terrebonne,1309,63,0,29.37343766,-90.82626855,22109.0,1185.033631779542,4.81283422459893,1246,1277,61,0,1216,1228,111021,32,2,0,30,49
2020-07-07,US,Louisiana,Unassigned,33,108,0,0.0,0.0,90022.0,0.0,327.27272727272725,-75,8,108,0,-100,8,,25,0,0,25,0
2020-07-07,US,Louisiana,Union,447,27,0,32.83121059,-92.3749373,22111.0,2021.8925275918216,6.040268456375839,420,445,26,0,419,443,22330,2,1,0,1,2
2020-07-07,US,Louisiana,Vermilion,381,6,0,29.83517605,-92.30292538,22113.0,640.217774865151,1.5748031496062993,375,359,6,0,353,326,59830,22,0,0,22,33
2020-07-07,US,Louisiana,Vernon,217,9,0,31.10884837,-93.18153838,22115.0,457.52598621096803,4.147465437788019,208,187,8,0,179,179,48860,30,1,0,29,8
2020-07-07,US,Louisiana,Washington,754,47,0,30.85288548,-90.03866652,22117.0,1632.2466121141274,6.233421750663131,707,726,47,0,679,720,46582,28,0,0,28,6
2020-07-07,US,Louisiana,Webster,448,12,0,32.70847669,-93.33121835,22119.0,1168.49243609807,2.6785714285714284,436,437,12,0,425,434,38798,11,0,0,11,3
2020-07-07,US,Louisiana,West Baton Rouge,326,30,0,30.46058217,-91.30989571,22121.0,1231.8156055167199,9.202453987730062,296,310,30,0,280,309,26427,16,0,0,16,1
2020-07-07,US,Louisiana,West Carroll,155,5,0,32.78550125,-91.461201,22123.0,1431.2096029547556,3.2258064516129035,150,152,5,0,147,149,10982,3,0,0,3,3
2020-07-07,US,Louisiana,West Feliciana,252,14,0,30.87882871,-91.41485379999999,22125.0,1618.7050359712232,5.5555555555555545,238,247,14,0,233,247,15460,5,0,0,5,0
2020-07-07,US,Louisiana,Winn,263,5,0,31.94449367,-92.63789413,22127.0,1891.542002301496,1.9011406844106464,258,258,5,0,253,254,14134,5,0,0,5,4
2020-07-07,US,Maine,Androscoggin,496,4,0,44.1664747,-70.20380627,23001.0,458.08435771216415,0.8064516129032258,492,496,4,0,492,496,107679,0,0,0,0,0
2020-07-07,US,Maine,Aroostook,24,1,0,46.65926321,-68.59841248,23003.0,35.791514428454256,4.166666666666667,23,24,1,0,23,24,67111,0,0,0,0,0
2020-07-07,US,Maine,Cumberland,1818,65,0,43.8370751,-70.37226999,23005.0,616.2649193398032,3.575357535753575,1753,1810,64,0,1746,1805,293557,8,1,0,7,5
2020-07-07,US,Maine,Franklin,40,1,0,44.97330019,-70.44381045,23007.0,132.4547170436107,2.5,39,40,1,0,39,40,29897,0,0,0,0,0
2020-07-07,US,Maine,Hancock,18,1,0,44.59816444,-68.38401854,23009.0,32.73501009329477,5.5555555555555545,17,18,1,0,17,17,54811,0,0,0,0,1
2020-07-07,US,Maine,Kennebec,145,10,0,44.40759555,-69.76738544,23011.0,118.55897695867607,6.896551724137932,135,145,10,0,135,145,122083,0,0,0,0,0
2020-07-07,US,Maine,Knox,25,1,0,44.11486325,-69.10529169,23013.0,62.858292265915715,4.0,24,25,1,0,24,25,39771,0,0,0,0,0
2020-07-07,US,Maine,Lincoln,25,0,0,44.05996956,-69.54227124,23015.0,72.18340359184616,0.0,25,25,0,0,25,25,34342,0,0,0,0,0
2020-07-07,US,Maine,Oxford,42,0,0,44.49952995,-70.75682123,23017.0,72.44501940491591,0.0,42,42,0,0,42,42,57618,0,0,0,0,0
2020-07-07,US,Maine,Penobscot,117,2,0,45.40194593,-68.65020455,23019.0,76.89880905434183,1.709401709401709,115,118,2,0,116,116,151096,-1,0,0,-1,2
2020-07-07,US,Maine,Piscataquis,4,0,0,45.83839062,-69.2860223,23021.0,23.83080131069407,0.0,4,4,0,0,4,4,16800,0,0,0,0,0
2020-07-07,US,Maine,Sagadahoc,34,0,0,43.95415864,-69.85074999,23023.0,94.82373940205264,0.0,34,34,0,0,34,34,35634,0,0,0,0,0
2020-07-07,US,Maine,Somerset,30,0,0,45.51229767,-69.95995554,23025.0,59.42476824340386,0.0,30,30,0,0,30,30,50592,0,0,0,0,0
2020-07-07,US,Maine,Unassigned,5,0,0,0.0,0.0,90023.0,0.0,0.0,5,2,0,0,2,3,,3,0,0,3,-1
2020-07-07,US,Maine,Waldo,58,14,0,44.4858305,-69.12061935,23027.0,146.0405388392295,24.13793103448276,44,58,14,0,44,56,39694,0,0,0,0,2
2020-07-07,US,Maine,Washington,4,0,0,45.01607142,-67.62813524,23029.0,12.747378820230091,0.0,4,3,0,0,3,3,31490,1,0,0,1,0
2020-07-07,US,Maine,York,555,11,0,43.47808377,-70.71052375,23031.0,267.2882523201102,1.981981981981982,544,549,11,0,538,550,206229,6,0,0,6,-1
2020-07-07,US,Maryland,Allegany,210,18,0,39.62357628,-78.69280486,24001.0,298.227675528289,8.571428571428571,192,210,18,0,192,210,70975,0,0,0,0,0
2020-07-07,US,Maryland,Anne Arundel,5305,210,0,39.00670238,-76.60329337,24003.0,915.8647455087236,3.9585296889726673,5095,5290,209,0,5081,5261,576031,15,1,0,14,29
2020-07-07,US,Maryland,Baltimore,8381,486,0,39.45784712,-76.62911955,24005.0,1012.968804766912,5.798830688461997,7895,8335,482,0,7853,8285,828431,46,4,0,42,50
2020-07-07,US,Maryland,Baltimore City,8000,352,0,39.30211911,-76.61151012,24510.0,1347.958685066303,4.4,7648,7960,349,0,7611,7897,621342,40,3,0,37,63
2020-07-07,US,Maryland,Calvert,422,27,0,38.53961642,-76.56820632,24009.0,456.09294785193185,6.398104265402844,395,422,27,0,395,421,92003,0,0,0,0,1
2020-07-07,US,Maryland,Caroline,323,3,0,38.87172293,-75.82904158,24011.0,966.8921750583728,0.9287925696594428,320,322,3,0,319,322,33304,1,0,0,1,0
2020-07-07,US,Maryland,Carroll,1182,114,0,39.56453592,-77.02373735,24013.0,701.7043936668507,9.64467005076142,1068,1164,114,0,1050,1158,168429,18,0,0,18,6
2020-07-07,US,Maryland,Cecil,505,29,0,39.56647682,-75.94627411,24015.0,490.9824510232852,5.742574257425742,476,498,29,0,469,494,102826,7,0,0,7,4
2020-07-07,US,Maryland,Charles,1451,87,0,38.51092331,-76.98580666,24017.0,888.7827168207182,5.9958649207443155,1364,1441,87,0,1354,1437,161503,10,0,0,10,4
2020-07-07,US,Maryland,Dorchester,199,5,0,38.45413522,-76.02752426,24019.0,623.2578533621472,2.512562814070352,194,201,5,0,196,201,31998,-2,0,0,-2,0
2020-07-07,US,Maryland,Frederick,2551,120,0,39.47296601,-77.39999394,24021.0,982.8663016717587,4.704037632301059,2431,2554,120,0,2434,2552,255648,-3,0,0,-3,2
2020-07-07,US,Maryland,Garrett,15,0,0,39.52786077,-79.27355126,24023.0,51.69917970634866,0.0,15,15,0,0,15,14,29163,0,0,0,0,1
2020-07-07,US,Maryland,Harford,1198,63,0,39.55010644,-76.30775940000002,24025.0,468.99283983385595,5.258764607679466,1135,1189,63,0,1126,1180,253956,9,0,0,9,9
2020-07-07,US,Maryland,Howard,2685,93,0,39.25305293,-76.93126208,24027.0,824.4035739506893,3.463687150837989,2592,2666,91,0,2575,2651,323196,19,2,0,17,15
2020-07-07,US,Maryland,Kent,204,23,0,39.24976208,-76.04741541,24029.0,1050.3552672227372,11.274509803921571,181,203,23,0,180,203,19383,1,0,0,1,0
2020-07-07,US,Maryland,Montgomery,15332,752,0,39.13676329,-77.20358245,24031.0,1459.2343302674058,4.9047743282024525,14580,15163,753,0,14410,15129,1052567,169,-1,0,170,34
2020-07-07,US,Maryland,Prince George's,19182,692,0,38.83070039,-76.8496441,24033.0,2109.4721700774307,3.6075487436138047,18490,19040,690,0,18350,18998,909308,142,2,0,140,42
2020-07-07,US,Maryland,Queen Anne's,256,20,0,39.06198912,-76.03530977,24035.0,508.12806415116813,7.8125,236,248,20,0,228,247,50251,8,0,0,8,1
2020-07-07,US,Maryland,Somerset,91,3,0,38.1163542,-75.75118623,24039.0,355.24672079950034,3.2967032967032965,88,88,3,0,85,88,25675,3,0,0,3,0
2020-07-07,US,Maryland,St. Mary's,662,51,0,38.30058422,-76.60629279999998,24037.0,583.2085278830059,7.7039274924471295,611,659,51,0,608,654,112664,3,0,0,3,5
2020-07-07,US,Maryland,Talbot,155,4,0,38.76618159,-76.10882561,24041.0,416.8795890374117,2.5806451612903225,151,152,4,0,148,150,36968,3,0,0,3,2
2020-07-07,US,Maryland,Unassigned,0,27,0,0.0,0.0,90024.0,0.0,0.0,-27,0,18,0,-18,0,,0,9,0,-9,0
2020-07-07,US,Maryland,Washington,691,29,0,39.60835778,-77.82002295,24043.0,457.4674443392541,4.196816208393631,662,696,29,0,667,696,150926,-5,0,0,-5,0
2020-07-07,US,Maryland,Wicomico,1095,41,0,38.37301947,-75.62705831,24045.0,1056.8579949618277,3.7442922374429215,1054,1091,41,0,1050,1088,103195,4,0,0,4,3
2020-07-07,US,Maryland,Worcester,301,17,0,38.21274277,-75.33200012,24047.0,575.7900374933048,5.647840531561463,284,297,17,0,280,296,51823,4,0,0,4,1
2020-07-07,US,Massachusetts,Barnstable,1561,150,0,41.72980578,-70.28854339,25001.0,732.8982581341847,9.609224855861626,1411,1561,150,0,1411,1557,213413,0,0,0,0,4
2020-07-07,US,Massachusetts,Berkshire,604,45,0,42.37428441,-73.20524838,25003.0,483.41657062363936,7.450331125827813,559,604,45,0,559,602,126348,0,0,0,0,2
2020-07-07,US,Massachusetts,Bristol,8348,592,0,41.79228404,-71.10872211,25005.0,1476.9548686610626,7.091518926689028,7756,8331,592,0,7739,8321,564022,17,0,0,17,10
2020-07-07,US,Massachusetts,Dukes and Nantucket,71,1,0,41.40674725,-70.68763497,0.0,247.1198357175177,1.4084507042253518,70,71,1,0,70,71,26707,0,0,0,0,0
2020-07-07,US,Massachusetts,Essex,16318,1126,0,42.6687626,-70.94687179,25009.0,2068.098459635453,6.900355435715162,15192,16283,1122,0,15161,16254,790638,35,4,0,31,29
2020-07-07,US,Massachusetts,Franklin,373,55,0,42.58119713,-72.58602547,25011.0,531.4904531205472,14.745308310991955,318,373,55,0,318,373,70963,0,0,0,0,0
2020-07-07,US,Massachusetts,Hampden,6895,672,0,42.13440424,-72.63235561,25013.0,1478.4335251687494,9.746192893401016,6223,6883,670,0,6213,6870,470406,12,2,0,10,13
2020-07-07,US,Massachusetts,Hampshire,986,116,0,42.33997957,-72.65898478,25015.0,613.069700926444,11.764705882352944,870,985,116,0,869,985,161355,1,0,0,1,0
2020-07-07,US,Massachusetts,Middlesex,24243,1888,0,42.48607732,-71.39049229,25017.0,1504.1890576342112,7.7878150393928145,22355,24193,1882,0,22311,24153,1614714,50,6,0,44,40
2020-07-07,US,Massachusetts,Norfolk,9306,941,0,42.16073095,-71.20530408,25021.0,1316.6849421668849,10.111755856436707,8365,9284,940,0,8344,9273,705388,22,1,0,21,11
2020-07-07,US,Massachusetts,Plymouth,8757,669,0,41.94070556,-70.80802823,25023.0,1680.1547192835026,7.6396026036313796,8088,8748,668,0,8080,8740,518132,9,1,0,8,8
2020-07-07,US,Massachusetts,Suffolk,20048,1008,0,42.327951399999996,-71.07850442,25025.0,2493.820802655033,5.027932960893856,19040,20014,1008,0,19006,19985,807252,34,0,0,34,29
2020-07-07,US,Massachusetts,Unassigned,294,7,0,0.0,0.0,90025.0,0.0,2.380952380952381,287,292,7,0,285,291,,2,0,0,2,1
2020-07-07,US,Massachusetts,Worcester,12534,943,0,42.35026951,-71.90493363,25027.0,1508.989648721079,7.52353598212861,11591,12515,942,0,11573,12499,830839,19,1,0,18,16
2020-07-07,US,Michigan,Alcona,22,1,0,44.6846864,-83.59507875,26001.0,211.43680922633342,4.545454545454546,21,22,1,0,21,22,10362,0,0,0,0,0
2020-07-07,US,Michigan,Alger,4,0,0,46.41292944,-86.60260122,26003.0,43.917435221783045,0.0,4,4,0,0,4,4,9097,0,0,0,0,0
2020-07-07,US,Michigan,Allegan,346,7,0,42.59147037,-85.89102866,26005.0,293.019198685648,2.0231213872832368,339,338,7,0,331,333,117327,8,0,0,8,5
2020-07-07,US,Michigan,Alpena,123,11,0,45.03477666,-83.62212411,26007.0,433.0223552191516,8.943089430894311,112,123,11,0,112,123,28360,0,0,0,0,0
2020-07-07,US,Michigan,Antrim,23,0,0,44.99690221,-85.15503082,26009.0,98.61087292059679,0.0,23,23,0,0,23,23,23365,0,0,0,0,0
2020-07-07,US,Michigan,Arenac,38,2,0,44.0636262,-83.89277559,26011.0,255.32486729825973,5.2631578947368425,36,38,2,0,36,38,15041,0,0,0,0,0
2020-07-07,US,Michigan,Baraga,5,0,0,46.6720582,-88.36363591,26013.0,60.9087586794981,0.0,5,5,0,0,5,5,8320,0,0,0,0,0
2020-07-07,US,Michigan,Barry,120,2,0,42.59513984,-85.30834519,26015.0,194.96344435418357,1.6666666666666667,118,119,2,0,117,115,61157,1,0,0,1,4
2020-07-07,US,Michigan,Bay,407,30,0,43.70639106,-83.98731479,26017.0,394.66283963307023,7.371007371007371,377,405,30,0,375,404,103923,2,0,0,2,1
2020-07-07,US,Michigan,Benzie,11,0,0,44.63899297,-86.01608482,26019.0,61.91601936282788,0.0,11,11,0,0,11,10,17753,0,0,0,0,1
2020-07-07,US,Michigan,Berrien,939,60,0,41.95447397,-86.41313079999998,26021.0,612.1211726129554,6.389776357827476,879,927,60,0,867,927,154141,12,0,0,12,0
2020-07-07,US,Michigan,Branch,260,2,0,41.91600556,-85.05929476,26023.0,597.4676563182205,0.7692307692307693,258,260,2,0,258,260,43622,0,0,0,0,0
2020-07-07,US,Michigan,Calhoun,576,38,0,42.24633834,-85.00493569,26025.0,429.341303975134,6.597222222222222,538,562,37,0,525,559,134487,14,1,0,13,3
2020-07-07,US,Michigan,Cass,172,6,0,41.91522292,-85.99405727,26027.0,332.1296850560952,3.4883720930232562,166,164,6,0,158,164,51653,8,0,0,8,0
2020-07-07,US,Michigan,Charlevoix,30,2,0,45.37790017,-85.19614053,26029.0,114.7534712925066,6.666666666666668,28,30,2,0,28,28,26244,0,0,0,0,2
2020-07-07,US,Michigan,Cheboygan,28,2,0,45.44787015,-84.50122149,26031.0,110.77702168064569,7.142857142857142,26,28,2,0,26,27,25413,0,0,0,0,1
2020-07-07,US,Michigan,Chippewa,14,0,0,46.29552653,-84.54353449,26033.0,37.48426999384187,0.0,14,13,0,0,13,13,37517,1,0,0,1,0
2020-07-07,US,Michigan,Clare,30,3,0,43.98794227,-84.84819859999998,26035.0,96.93053311793214,10.0,27,31,3,0,28,31,30757,-1,0,0,-1,0
2020-07-07,US,Michigan,Clinton,263,12,0,42.94400871,-84.60145248,26037.0,330.42276524907345,4.56273764258555,251,253,12,0,241,250,79332,10,0,0,10,3
2020-07-07,US,Michigan,Crawford,81,5,0,44.68255561,-84.61006219,26039.0,577.3754365956232,6.172839506172839,76,70,5,0,65,70,13901,11,0,0,11,0
2020-07-07,US,Michigan,Delta,27,3,0,45.90484910000001,-86.9080745,26041.0,75.45271629778672,11.111111111111109,24,27,3,0,24,27,35857,0,0,0,0,0
2020-07-07,US,Michigan,Dickinson,15,2,0,46.00999672,-87.86961634,26043.0,59.43183168905266,13.333333333333336,13,14,2,0,12,10,25383,1,0,0,1,4
2020-07-07,US,Michigan,Eaton,347,7,0,42.59599185,-84.83740035,26045.0,314.6878514165488,2.0172910662824206,340,338,7,0,331,336,109826,9,0,0,9,2
2020-07-07,US,Michigan,Emmet,32,2,0,45.52625509,-84.89083249,26047.0,95.76537483166244,6.25,30,31,2,0,29,35,33308,1,0,0,1,-4
2020-07-07,US,Michigan,Federal Correctional Institution (FCI),186,5,0,0.0,0.0,0.0,0.0,2.6881720430107525,181,186,5,0,181,185,,0,0,0,0,1
2020-07-07,US,Michigan,Genesee,2837,288,0,43.02244215,-83.70589709,26049.0,699.0904677770302,10.15156855833627,2549,2829,288,0,2541,2816,406892,8,0,0,8,13
2020-07-07,US,Michigan,Gladwin,27,1,0,43.98901072,-84.38774817,26051.0,106.09454202522691,3.703703703703704,26,27,1,0,26,27,25337,0,0,0,0,0
2020-07-07,US,Michigan,Gogebic,11,1,0,46.40862701,-89.69377193,26053.0,78.71198568872988,9.090909090909092,10,10,1,0,9,7,15096,1,0,0,1,3
2020-07-07,US,Michigan,Grand Traverse,70,5,0,44.69565625,-85.55585247,26055.0,75.19766242695084,7.142857142857142,65,65,5,0,60,64,92573,5,0,0,5,1
2020-07-07,US,Michigan,Gratiot,96,13,0,43.29265605,-84.60505416,26057.0,235.80850384416988,13.541666666666664,83,95,13,0,82,94,40599,1,0,0,1,1
2020-07-07,US,Michigan,Hillsdale,202,25,0,41.88753639,-84.59312019,26059.0,442.9338888279793,12.376237623762375,177,201,25,0,176,199,45749,1,0,0,1,2
2020-07-07,US,Michigan,Houghton,20,0,0,46.89988536,-88.68495385,26061.0,56.04752830400179,0.0,20,20,0,0,20,19,36219,0,0,0,0,1
2020-07-07,US,Michigan,Huron,68,3,0,43.83353985,-83.04078453,26063.0,219.48936444917854,4.411764705882354,65,66,3,0,63,66,31166,2,0,0,2,0
2020-07-07,US,Michigan,Ingham,1114,29,0,42.59716886,-84.37472069,26065.0,380.97713453212316,2.603231597845601,1085,1095,29,0,1066,1092,292735,19,0,0,19,3
2020-07-07,US,Michigan,Ionia,205,4,0,42.94502238,-85.07413319,26067.0,316.8616782849282,1.951219512195122,201,206,4,0,202,203,64210,-1,0,0,-1,3
2020-07-07,US,Michigan,Iosco,118,11,0,44.35486835,-83.63484895,26069.0,469.6143590559954,9.322033898305083,107,118,11,0,107,118,25081,0,0,0,0,0
2020-07-07,US,Michigan,Iron,6,1,0,46.20974132,-88.53136251,26071.0,54.220133742996566,16.666666666666668,5,6,1,0,5,6,11117,0,0,0,0,0
2020-07-07,US,Michigan,Isabella,135,8,0,43.64060976,-84.84664923,26073.0,193.21044195099608,5.925925925925926,127,136,8,0,128,135,70562,-1,0,0,-1,1
2020-07-07,US,Michigan,Jackson,528,32,0,42.24807035,-84.42258681,26075.0,333.10201249132547,6.0606060606060606,496,528,31,0,497,523,158823,0,1,0,-1,5
2020-07-07,US,Michigan,Kalamazoo,1131,68,0,42.24542231,-85.53038622,26077.0,426.68618381836967,6.012378426171528,1063,1112,68,0,1044,1110,264870,19,0,0,19,2
2020-07-07,US,Michigan,Kalkaska,41,2,0,44.68512729,-85.09085699,26079.0,227.29792659940125,4.878048780487805,39,41,2,0,39,39,17824,0,0,0,0,2
2020-07-07,US,Michigan,Kent,5380,139,0,43.03197711,-85.54934642,26081.0,818.9297592681386,2.58364312267658,5241,5302,136,0,5166,5266,653786,78,3,0,75,36
2020-07-07,US,Michigan,Keweenaw,1,0,0,47.63197653,-88.41434263,26083.0,47.25897920604915,0.0,1,1,0,0,1,1,2113,0,0,0,0,0
2020-07-07,US,Michigan,Lake,12,0,0,43.99050893,-85.802173,26085.0,101.24019235636548,0.0,12,12,0,0,12,12,11881,0,0,0,0,0
2020-07-07,US,Michigan,Lapeer,308,31,0,43.09052506,-83.22153148,26087.0,351.5700800164372,10.064935064935067,277,308,31,0,277,304,88028,0,0,0,0,4
2020-07-07,US,Michigan,Leelanau,27,0,0,44.94430054,-85.80150326,26089.0,124.07518036854923,0.0,27,27,0,0,27,26,21764,0,0,0,0,1
2020-07-07,US,Michigan,Lenawee,239,8,0,41.89475156,-84.06603727,26091.0,242.76035794456126,3.3472803347280333,231,238,7,0,231,238,98266,1,1,0,0,0
2020-07-07,US,Michigan,Livingston,600,28,0,42.60302282,-83.91297209,26093.0,312.5081382327665,4.666666666666667,572,595,28,0,567,594,191224,5,0,0,5,1
2020-07-07,US,Michigan,Luce,3,0,0,46.47227431,-85.54471223,26095.0,48.16182372772515,0.0,3,3,0,0,3,3,6283,0,0,0,0,0
2020-07-07,US,Michigan,Mackinac,9,0,0,46.07028979,-85.04980537,26097.0,83.34105009723123,0.0,9,9,0,0,9,9,10787,0,0,0,0,0
2020-07-07,US,Michigan,Macomb,7625,923,0,42.69158356,-82.92752801,26099.0,872.4535797485503,12.104918032786884,6702,7580,919,0,6661,7541,874759,45,4,0,41,39
2020-07-07,US,Michigan,Manistee,25,0,0,44.33352407,-86.05626916,26101.0,101.79982083231528,0.0,25,25,0,0,25,25,24528,0,0,0,0,0
2020-07-07,US,Michigan,Marquette,83,11,0,46.4338914,-87.64043701,26103.0,124.43964677131588,13.25301204819277,72,76,11,0,65,73,66516,7,0,0,7,3
2020-07-07,US,Michigan,Mason,66,0,0,43.99509218,-86.24988902,26105.0,226.4617073840241,0.0,66,65,0,0,65,61,29100,1,0,0,1,4
2020-07-07,US,Michigan,Mecosta,32,2,0,43.64064262,-85.32463223,26107.0,73.64278645893263,6.25,30,32,2,0,30,32,43545,0,0,0,0,0
2020-07-07,US,Michigan,Menominee,25,0,0,45.58038692,-87.55370409,26109.0,109.74539069359085,0.0,25,24,0,0,24,22,22983,1,0,0,1,2
2020-07-07,US,Michigan,Michigan Department of Corrections (MDOC),4118,68,0,0.0,0.0,0.0,0.0,1.651287032540068,4050,4118,68,0,4050,4118,,0,0,0,0,0
2020-07-07,US,Michigan,Midland,172,9,0,43.64330771,-84.38804374,26111.0,206.8401558516524,5.232558139534883,163,172,9,0,163,172,83209,0,0,0,0,0
2020-07-07,US,Michigan,Missaukee,33,1,0,44.33772443,-85.09256478,26113.0,218.2828416457204,3.0303030303030303,32,34,1,0,33,33,15113,-1,0,0,-1,1
2020-07-07,US,Michigan,Monroe,647,21,0,41.92734151,-83.53749864,26115.0,429.90033222591364,3.2457496136012365,626,641,21,0,620,633,150439,6,0,0,6,8
2020-07-07,US,Michigan,Montcalm,111,1,0,43.31082541,-85.15252824,26117.0,173.74154770848992,0.9009009009009008,110,109,1,0,108,108,63968,2,0,0,2,1
2020-07-07,US,Michigan,Montmorency,5,0,0,45.0275929,-84.12696227,26119.0,53.60205831903945,0.0,5,5,0,0,5,5,9265,0,0,0,0,0
2020-07-07,US,Michigan,Muskegon,867,53,0,43.29123859,-86.15176712,26121.0,499.521795743406,6.113033448673588,814,861,51,0,810,858,173588,6,2,0,4,3
2020-07-07,US,Michigan,Newaygo,182,0,0,43.554373999999996,-85.80070107,26123.0,371.5802368313597,0.0,182,182,0,0,182,180,48892,0,0,0,0,2
2020-07-07,US,Michigan,Oakland,12320,1095,0,42.66090111,-83.38595416,26125.0,979.6562297230245,8.887987012987011,11225,12254,1091,0,11163,12233,1259201,66,4,0,62,21
2020-07-07,US,Michigan,Oceana,354,4,0,43.64124435,-86.26726673,26127.0,1337.5146408735409,1.1299435028248588,350,347,4,0,343,345,26625,7,0,0,7,2
2020-07-07,US,Michigan,Ogemaw,42,2,0,44.33481032,-84.12725175,26129.0,200.02857551078725,4.761904761904762,40,39,2,0,37,38,20952,3,0,0,3,1
2020-07-07,US,Michigan,Ontonagon,1,0,0,46.665226200000006,-89.31390481,26131.0,17.482517482517483,0.0,1,1,0,0,1,1,5795,0,0,0,0,0
2020-07-07,US,Michigan,Osceola,41,0,0,43.98992088,-85.32566756,26133.0,174.76555839727195,0.0,41,39,0,0,39,35,23341,2,0,0,2,4
2020-07-07,US,Michigan,Oscoda,21,1,0,44.68192279,-84.12939244,26135.0,254.82344375682564,4.761904761904762,20,21,1,0,20,21,8276,0,0,0,0,0
2020-07-07,US,Michigan,Otsego,124,10,0,45.02085831,-84.59898295,26137.0,502.6755310523756,8.064516129032258,114,124,10,0,114,123,24665,0,0,0,0,1
2020-07-07,US,Michigan,Ottawa,1156,51,0,42.95996803,-85.9969107,26139.0,396.12102936641196,4.411764705882354,1105,1135,51,0,1084,1128,290494,21,0,0,21,7
2020-07-07,US,Michigan,Out of MI,127,0,0,0.0,0.0,80026.0,0.0,0.0,127,100,0,0,100,91,,27,0,0,27,9
2020-07-07,US,Michigan,Presque Isle,14,0,0,45.34018577,-83.91498656,26141.0,111.18170266836088,0.0,14,13,0,0,13,13,12738,1,0,0,1,0
2020-07-07,US,Michigan,Roscommon,29,0,0,44.33473082,-84.61067651,26143.0,120.73774928181857,0.0,29,28,0,0,28,28,23884,1,0,0,1,0
2020-07-07,US,Michigan,Saginaw,1342,124,0,43.33433923,-84.05131209999998,26145.0,704.3177512215344,9.239940387481369,1218,1337,123,0,1214,1328,190800,5,1,0,4,9
2020-07-07,US,Michigan,Sanilac,54,6,0,43.42406072,-82.82055898,26151.0,131.1634685450571,11.111111111111109,48,51,6,0,45,50,41182,3,0,0,3,1
2020-07-07,US,Michigan,Schoolcraft,6,0,0,46.19235734,-86.19972234,26153.0,74.12898443291327,0.0,6,6,0,0,6,6,8068,0,0,0,0,0
2020-07-07,US,Michigan,Shiawassee,278,28,0,42.95392800000001,-84.14585902,26155.0,408.0913654913244,10.071942446043163,250,278,28,0,250,278,68192,0,0,0,0,0
2020-07-07,US,Michigan,St. Clair,593,51,0,42.92655373,-82.67937954,26147.0,372.6559750640993,8.600337268128161,542,586,50,0,536,587,159337,7,1,0,6,-1
2020-07-07,US,Michigan,St. Joseph,358,5,0,41.91441767,-85.52797979,26149.0,587.2318089364215,1.3966480446927374,353,352,5,0,347,349,61043,6,0,0,6,3
2020-07-07,US,Michigan,Tuscola,238,26,0,43.46606813,-83.41897025,26157.0,455.5459852617476,10.92436974789916,212,235,26,0,209,233,52516,3,0,0,3,2
2020-07-07,US,Michigan,Unassigned,6,0,0,0.0,0.0,90026.0,0.0,0.0,6,17,0,0,17,3,,-11,0,0,-11,14
2020-07-07,US,Michigan,Van Buren,246,8,0,42.25190229,-86.01939087,26159.0,325.06573992098,3.2520325203252027,238,235,8,0,227,235,75448,11,0,0,11,0
2020-07-07,US,Michigan,Washtenaw,1790,107,0,42.253105,-83.83853204,26161.0,486.9410039689772,5.977653631284916,1683,1768,106,0,1662,1759,370963,22,1,0,21,9
2020-07-07,US,Michigan,Wayne,23435,2741,0,42.28098405,-83.281255,26163.0,1339.64579845119,11.696180925965436,20694,23259,2730,0,20529,23182,1753893,176,11,0,165,77
2020-07-07,US,Michigan,Wexford,47,4,0,44.33853602,-85.57712739,26165.0,139.75201451042193,8.51063829787234,43,46,4,0,42,44,33466,1,0,0,1,2
2020-07-07,US,Minnesota,Aitkin,15,0,0,46.60962049,-93.41168259999999,27001.0,94.42276218053631,0.0,15,15,0,0,15,15,15902,0,0,0,0,0
2020-07-07,US,Minnesota,Anoka,2266,109,0,45.27476015,-93.24604565,27003.0,634.8743839673205,4.810238305383937,2157,2241,109,0,2132,2200,353813,25,0,0,25,41
2020-07-07,US,Minnesota,Becker,57,0,0,46.93479392,-95.67158144,27005.0,165.58696220550215,0.0,57,56,0,0,56,56,34371,1,0,0,1,0
2020-07-07,US,Minnesota,Beltrami,34,0,0,47.97373527,-94.93732139,27007.0,72.05221666525388,0.0,34,30,0,0,30,30,46847,4,0,0,4,0
2020-07-07,US,Minnesota,Benton,220,3,0,45.69804958,-93.99514135,27009.0,538.0420161901733,1.3636363636363635,217,217,3,0,214,215,40545,3,0,0,3,2
2020-07-07,US,Minnesota,Big Stone,15,0,0,45.42712824,-96.41403739,27011.0,300.54097375275495,0.0,15,15,0,0,15,14,4989,0,0,0,0,1
2020-07-07,US,Minnesota,Blue Earth,494,2,0,44.03554215,-94.06699781,27013.0,730.1967392429013,0.4048582995951417,492,479,2,0,477,470,67427,15,0,0,15,9
2020-07-07,US,Minnesota,Brown,34,2,0,44.24205652,-94.72562874,27015.0,135.95649392194497,5.882352941176472,32,31,2,0,29,30,25111,3,0,0,3,1
2020-07-07,US,Minnesota,Carlton,87,0,0,46.59180601,-92.67601019,27017.0,242.5357531153299,0.0,87,87,0,0,87,87,35837,0,0,0,0,0
2020-07-07,US,Minnesota,Carver,395,1,0,44.82017001,-93.80099179999999,27019.0,375.87188002550215,0.2531645569620253,394,381,1,0,380,376,103551,14,0,0,14,5
2020-07-07,US,Minnesota,Cass,16,2,0,46.95043611,-94.32603968,27021.0,53.72913798314249,12.5,14,16,2,0,14,15,29519,0,0,0,0,1
2020-07-07,US,Minnesota,Chippewa,79,1,0,45.02343421,-95.56403693,27023.0,669.4915254237287,1.2658227848101269,78,79,1,0,78,79,11924,0,0,0,0,0
2020-07-07,US,Minnesota,Chisago,102,1,0,45.5021011,-92.90861945,27025.0,180.2789020661376,0.9803921568627452,101,100,1,0,99,98,55922,2,0,0,2,2
2020-07-07,US,Minnesota,Clay,591,38,0,46.89289518,-96.48761922,27027.0,920.2453987730064,6.429780033840947,553,587,38,0,549,587,63955,4,0,0,4,0
2020-07-07,US,Minnesota,Clearwater,9,0,0,47.57992111,-95.37790562,27029.0,102.06396008165116,0.0,9,8,0,0,8,7,8810,1,0,0,1,1
2020-07-07,US,Minnesota,Cook,1,0,0,47.90504893,-90.52629546,27031.0,18.304960644334614,0.0,1,1,0,0,1,1,5393,0,0,0,0,0
2020-07-07,US,Minnesota,Cottonwood,136,0,0,44.00715262,-95.18138802,27033.0,1214.7195426938192,0.0,136,136,0,0,136,136,11277,0,0,0,0,0
2020-07-07,US,Minnesota,Crow Wing,108,12,0,46.48096553,-94.06755609,27035.0,166.01337329951582,11.111111111111109,96,106,12,0,94,106,64889,2,0,0,2,0
2020-07-07,US,Minnesota,Dakota,2421,92,0,44.67172617,-93.06299363,27037.0,564.3080408651325,3.8000826104915326,2329,2382,91,0,2291,2330,425423,39,1,0,38,52
2020-07-07,US,Minnesota,Dodge,88,0,0,44.02238415,-92.86244324,27039.0,420.36877806439287,0.0,88,87,0,0,87,86,20822,1,0,0,1,1
2020-07-07,US,Minnesota,Douglas,65,0,0,45.93348491,-95.45335469,27041.0,170.42028263548409,0.0,65,65,0,0,65,64,37964,0,0,0,0,1
2020-07-07,US,Minnesota,Faribault,60,0,0,43.67381499,-93.94787458,27043.0,439.46385409800047,0.0,60,56,0,0,56,56,13758,4,0,0,4,0
2020-07-07,US,Minnesota,Fillmore,30,0,0,43.67394126,-92.08980382,27045.0,142.40281008211898,0.0,30,30,0,0,30,30,21058,0,0,0,0,0
2020-07-07,US,Minnesota,Freeborn,297,0,0,43.67385583,-93.34884422,27047.0,980.813051088141,0.0,297,292,0,0,292,292,30444,5,0,0,5,0
2020-07-07,US,Minnesota,Goodhue,131,8,0,44.40849741,-92.72341949999999,27049.0,282.6931376780318,6.106870229007634,123,131,8,0,123,130,46403,0,0,0,0,1
2020-07-07,US,Minnesota,Grant,17,0,0,45.93424769,-96.01139609,27051.0,284.6617548559946,0.0,17,12,0,0,12,11,6021,5,0,0,5,1
2020-07-07,US,Minnesota,Hennepin,12597,787,0,45.00761521,-93.47694895,27053.0,995.1471075006932,6.247519250615226,11810,12456,787,0,11669,12329,1259428,141,0,0,141,127
2020-07-07,US,Minnesota,Houston,27,0,0,43.67129565,-91.49143057,27055.0,145.16129032258058,0.0,27,26,0,0,26,25,18578,1,0,0,1,1
2020-07-07,US,Minnesota,Hubbard,8,0,0,47.10778564,-94.91693868,27057.0,37.22488483551254,0.0,8,7,0,0,7,6,21332,1,0,0,1,1
2020-07-07,US,Minnesota,Isanti,75,0,0,45.56181234,-93.29487636,27059.0,184.74726574046704,0.0,75,73,0,0,73,72,39966,2,0,0,2,1
2020-07-07,US,Minnesota,Itasca,64,12,0,47.51009045,-93.63092229,27061.0,141.81254154664302,18.75,52,64,12,0,52,64,45108,0,0,0,0,0
2020-07-07,US,Minnesota,Jackson,55,0,0,43.67423373,-95.15398258,27063.0,558.6024781637213,0.0,55,55,0,0,55,55,9911,0,0,0,0,0
2020-07-07,US,Minnesota,Kanabec,15,1,0,45.9459309,-93.29275192,27065.0,91.8161229111832,6.666666666666668,14,14,1,0,13,14,16207,1,0,0,1,0
2020-07-07,US,Minnesota,Kandiyohi,578,1,0,45.1526059,-95.00586446,27067.0,1337.9939350447928,0.17301038062283736,577,573,1,0,572,573,42855,5,0,0,5,0
2020-07-07,US,Minnesota,Kittson,2,0,0,48.77754106,-96.78317184,27069.0,46.533271288971605,0.0,2,2,0,0,2,2,4248,0,0,0,0,0
2020-07-07,US,Minnesota,Koochiching,18,1,0,48.24539665,-93.78352843,27071.0,147.19110311554502,5.5555555555555545,17,15,1,0,14,15,12440,3,0,0,3,0
2020-07-07,US,Minnesota,Lac qui Parle,4,0,0,44.9973857,-96.17488219,27073.0,60.3955911218481,0.0,4,4,0,0,4,4,6658,0,0,0,0,0
2020-07-07,US,Minnesota,Lake,6,0,0,47.64270764,-91.44557998,27075.0,56.385678037778405,0.0,6,6,0,0,6,6,10658,0,0,0,0,0
2020-07-07,US,Minnesota,Le Sueur,108,1,0,44.37136597,-93.72844721,27079.0,373.8705992314882,0.925925925925926,107,103,1,0,102,100,28494,5,0,0,5,3
2020-07-07,US,Minnesota,Lincoln,10,0,0,44.41311883,-96.26688165,27081.0,177.33640716439086,0.0,10,10,0,0,10,10,5673,0,0,0,0,0
2020-07-07,US,Minnesota,Lyon,327,2,0,44.41327865,-95.83806103,27083.0,1283.6617727879407,0.6116207951070336,325,316,2,0,314,312,25629,11,0,0,11,4
2020-07-07,US,Minnesota,Mahnomen,10,1,0,47.32557075,-95.80921485,27087.0,180.92998009770213,10.0,9,9,1,0,8,8,5519,1,0,0,1,1
2020-07-07,US,Minnesota,Marshall,12,0,0,48.35825983,-96.37017407,27089.0,128.53470437017995,0.0,12,12,0,0,12,12,9390,0,0,0,0,0
2020-07-07,US,Minnesota,Martin,171,5,0,43.67429718,-94.55099908,27091.0,868.7700045724738,2.9239766081871346,166,169,5,0,164,168,19785,2,0,0,2,1
2020-07-07,US,Minnesota,McLeod,92,0,0,44.82367677,-94.27287017,27085.0,256.3173877914914,0.0,92,92,0,0,92,91,35873,0,0,0,0,1
2020-07-07,US,Minnesota,Meeker,61,1,0,45.12328869,-94.52839455,27093.0,262.6819395400913,1.639344262295082,60,61,1,0,60,61,23141,0,0,0,0,0
2020-07-07,US,Minnesota,Mille Lacs,34,2,0,45.93705297,-93.63236823,27095.0,129.39072192411615,5.882352941176472,32,34,2,0,32,34,26139,0,0,0,0,0
2020-07-07,US,Minnesota,Morrison,61,1,0,46.01265363,-94.27341528,27097.0,182.7113161205296,1.639344262295082,60,59,1,0,58,59,33169,2,0,0,2,0
2020-07-07,US,Minnesota,Mower,960,2,0,43.67142874,-92.75234549,27099.0,2396.2857570765314,0.20833333333333331,958,952,2,0,950,951,40011,8,0,0,8,1
2020-07-07,US,Minnesota,Murray,65,0,0,44.02216709,-95.76328482,27101.0,793.2633634366609,0.0,65,64,0,0,64,63,8276,1,0,0,1,1
2020-07-07,US,Minnesota,Nicollet,173,12,0,44.35291112,-94.24710352,27103.0,504.75579156211705,6.9364161849710975,161,169,12,0,157,166,34220,4,0,0,4,3
2020-07-07,US,Minnesota,Nobles,1672,6,0,43.67434621,-95.75329576,27105.0,7730.362013962736,0.3588516746411483,1666,1669,6,0,1663,1668,21924,3,0,0,3,1
2020-07-07,US,Minnesota,Norman,20,0,0,47.32628443,-96.45620947,27107.0,313.72549019607845,0.0,20,20,0,0,20,20,6475,0,0,0,0,0
2020-07-07,US,Minnesota,Olmsted,1147,15,0,44.00374114,-92.40209944,27109.0,724.6056363831627,1.3077593722755012,1132,1129,15,0,1114,1124,156277,18,0,0,18,5
2020-07-07,US,Minnesota,Otter Tail,100,1,0,46.40846929,-95.70835255,27111.0,170.2243557008137,1.0,99,95,1,0,94,93,58812,5,0,0,5,2
2020-07-07,US,Minnesota,Pennington,52,0,0,48.06642577,-96.0370814,27113.0,368.2980381046816,0.0,52,51,0,0,51,51,14178,1,0,0,1,0
2020-07-07,US,Minnesota,Pine,107,0,0,46.12105238,-92.74070188,27115.0,361.7431285709456,0.0,107,105,0,0,105,103,29483,2,0,0,2,2
2020-07-07,US,Minnesota,Pipestone,59,2,0,44.02301619,-96.25841142,27117.0,646.5044926583388,3.3898305084745757,57,52,2,0,50,44,9047,7,0,0,7,8
2020-07-07,US,Minnesota,Polk,82,2,0,47.77372465,-96.40134647,27119.0,261.44624410151766,2.4390243902439024,80,82,2,0,80,81,31529,0,0,0,0,1
2020-07-07,US,Minnesota,Pope,12,0,0,45.58606667,-95.44451209,27121.0,106.67614899102142,0.0,12,10,0,0,10,10,11097,2,0,0,2,0
2020-07-07,US,Minnesota,Ramsey,4963,229,0,45.01625271,-93.09872295,27123.0,901.8372913263347,4.61414467056216,4734,4911,228,0,4683,4855,550210,52,1,0,51,56
2020-07-07,US,Minnesota,Red Lake,4,0,0,47.87197525,-96.09561104,27125.0,98.64364981504316,0.0,4,3,0,0,3,3,3999,1,0,0,1,0
2020-07-07,US,Minnesota,Redwood,19,0,0,44.40555844,-95.25207021,27127.0,125.24719841793012,0.0,19,18,0,0,18,18,15249,1,0,0,1,0
2020-07-07,US,Minnesota,Renville,36,2,0,44.72836381,-94.94553734,27129.0,247.45669507836132,5.5555555555555545,34,35,2,0,33,35,14612,1,0,0,1,0
2020-07-07,US,Minnesota,Rice,848,8,0,44.3543376,-93.29658715,27131.0,1266.2008003344679,0.9433962264150944,840,844,7,0,837,842,66523,4,1,0,3,2
2020-07-07,US,Minnesota,Rock,31,0,0,43.67482683,-96.25296832,27133.0,332.7965646806227,0.0,31,31,0,0,31,31,9414,0,0,0,0,0
2020-07-07,US,Minnesota,Roseau,17,0,0,48.77501878,-95.81079919,27135.0,112.10023079459282,0.0,17,16,0,0,16,16,15150,1,0,0,1,0
2020-07-07,US,Minnesota,Scott,762,4,0,44.6490231,-93.53340251,27139.0,511.36478025407183,0.5249343832020997,758,734,4,0,730,715,147381,28,0,0,28,19
2020-07-07,US,Minnesota,Sherburne,325,5,0,45.44447208,-93.77617511,27141.0,334.2314732923344,1.5384615384615383,320,317,5,0,312,312,96036,8,0,0,8,5
2020-07-07,US,Minnesota,Sibley,54,2,0,44.5796592,-94.23164924,27143.0,363.2694248234107,3.703703703703704,52,54,2,0,52,54,15028,0,0,0,0,0
2020-07-07,US,Minnesota,St. Louis,196,15,0,47.604840700000004,-92.46879855,27137.0,98.45782890440547,7.653061224489796,181,180,15,0,165,178,199754,16,0,0,16,2
2020-07-07,US,Minnesota,Stearns,2414,19,0,45.55192576,-94.61078221,27145.0,1498.6807387862796,0.7870753935376967,2395,2371,19,0,2352,2361,159256,43,0,0,43,10
2020-07-07,US,Minnesota,Steele,237,1,0,44.02240351,-93.22627088,27147.0,646.6752162405522,0.4219409282700422,236,231,1,0,230,231,36803,6,0,0,6,0
2020-07-07,US,Minnesota,Stevens,5,0,0,45.58613007,-96.00163705,27149.0,50.99439061703214,0.0,5,4,0,0,4,4,9753,1,0,0,1,0
2020-07-07,US,Minnesota,Swift,22,1,0,45.2829032,-95.68264092,27151.0,237.42715303259232,4.545454545454546,21,22,1,0,21,21,9345,0,0,0,0,1
2020-07-07,US,Minnesota,Todd,401,2,0,46.06996226,-94.89785296,27153.0,1625.8514433992866,0.4987531172069826,399,401,2,0,399,401,24582,0,0,0,0,0
2020-07-07,US,Minnesota,Traverse,5,0,0,45.77298854,-96.47062949,27155.0,153.42129487572873,0.0,5,6,0,0,6,6,3308,-1,0,0,-1,0
2020-07-07,US,Minnesota,Unassigned,85,37,0,0.0,0.0,90027.0,0.0,43.529411764705884,48,78,37,0,41,77,,7,0,0,7,1
2020-07-07,US,Minnesota,Wabasha,33,0,0,44.28424356,-92.23121312,27157.0,152.58704397281176,0.0,33,33,0,0,33,33,21645,0,0,0,0,0
2020-07-07,US,Minnesota,Wadena,15,0,0,46.58589171,-94.96968506,27159.0,109.63309457681623,0.0,15,15,0,0,15,15,13773,0,0,0,0,0
2020-07-07,US,Minnesota,Waseca,71,0,0,44.02211116,-93.58720034,27161.0,381.4743176445304,0.0,71,68,0,0,68,68,18691,3,0,0,3,0
2020-07-07,US,Minnesota,Washington,1137,40,0,45.03864533,-92.88429635,27163.0,433.2418838591678,3.518029903254177,1097,1114,40,0,1074,1082,259201,23,0,0,23,32
2020-07-07,US,Minnesota,Watonwan,238,0,0,43.97823903,-94.61413846,27165.0,2184.08736349454,0.0,238,234,0,0,234,224,10980,4,0,0,4,10
2020-07-07,US,Minnesota,Wilkin,21,3,0,46.35721532,-96.4684375,27167.0,338.3276945384244,14.285714285714285,18,21,3,0,18,20,6254,0,0,0,0,1
2020-07-07,US,Minnesota,Winona,129,15,0,43.98772283,-91.78081305,27169.0,255.52650344663655,11.627906976744184,114,125,15,0,110,124,50825,4,0,0,4,1
2020-07-07,US,Minnesota,Wright,483,5,0,45.17297924,-93.96234781,27171.0,349.046445579829,1.0351966873706004,478,475,5,0,470,465,136349,8,0,0,8,10
2020-07-07,US,Minnesota,Yellow Medicine,30,0,0,44.71710183,-95.86842453,27173.0,308.99165722525487,0.0,30,30,0,0,30,30,9795,0,0,0,0,0
2020-07-07,US,Mississippi,Adams,315,18,0,31.47669768,-91.35326037,28001.0,1026.2926400156387,5.7142857142857135,297,313,18,0,295,311,31192,2,0,0,2,2
2020-07-07,US,Mississippi,Alcorn,74,2,0,34.88084463,-88.57996173,28003.0,200.2543771818256,2.702702702702702,72,71,2,0,69,69,36925,3,0,0,3,2
2020-07-07,US,Mississippi,Amite,104,3,0,31.17467303,-90.80501621,28005.0,845.7347320484671,2.8846153846153846,101,91,2,0,89,91,12326,13,1,0,12,0
2020-07-07,US,Mississippi,Attala,365,23,0,33.08658803,-89.57838564,28007.0,2008.3635963464287,6.301369863013699,342,361,23,0,338,360,18365,4,0,0,4,1
2020-07-07,US,Mississippi,Benton,42,0,0,34.81681228,-89.18945516,28009.0,508.5361423901198,0.0,42,38,0,0,38,36,8271,4,0,0,4,2
2020-07-07,US,Mississippi,Bolivar,356,18,0,33.79696941,-90.87372121,28011.0,1162.3351181925036,5.056179775280898,338,340,14,0,326,334,31333,16,4,0,12,6
2020-07-07,US,Mississippi,Calhoun,141,4,0,33.93683395,-89.33686647,28013.0,981.8257781491541,2.8368794326241136,137,132,4,0,128,130,14436,9,0,0,9,2
2020-07-07,US,Mississippi,Carroll,168,11,0,33.44834567,-89.91994479,28015.0,1688.951442646024,6.547619047619048,157,166,11,0,155,165,9911,2,0,0,2,1
2020-07-07,US,Mississippi,Chickasaw,287,19,0,33.91983202,-88.9481545,28017.0,1678.0681751739462,6.620209059233449,268,279,18,0,261,277,17171,8,1,0,7,2
2020-07-07,US,Mississippi,Choctaw,75,4,0,33.34598242,-89.24809382,28019.0,913.5200974421435,5.333333333333333,71,74,4,0,70,74,8278,1,0,0,1,0
2020-07-07,US,Mississippi,Claiborne,284,10,0,31.97061673,-90.90702196,28021.0,3159.768580329328,3.5211267605633805,274,279,10,0,269,274,9002,5,0,0,5,5
2020-07-07,US,Mississippi,Clarke,210,25,0,32.04158545,-88.68896219999998,28023.0,1351.2643974004247,11.904761904761903,185,207,24,0,183,207,15604,3,1,0,2,0
2020-07-07,US,Mississippi,Clay,249,11,0,33.65358105,-88.77784255,28025.0,1289.0867674466765,4.417670682730924,238,251,11,0,240,250,19386,-2,0,0,-2,1
2020-07-07,US,Mississippi,Coahoma,205,6,0,34.22772299,-90.60415045,28027.0,926.5955523413487,2.9268292682926833,199,201,6,0,195,201,22628,4,0,0,4,0
2020-07-07,US,Mississippi,Copiah,620,15,0,31.86977774,-90.44565118,28029.0,2209.1573133796537,2.419354838709677,605,607,15,0,592,602,28543,13,0,0,13,5
2020-07-07,US,Mississippi,Covington,375,5,0,31.63225413,-89.55389939,28031.0,2012.234385061172,1.3333333333333333,370,359,5,0,354,356,18853,16,0,0,16,3
2020-07-07,US,Mississippi,DeSoto,1724,18,0,34.87625235,-89.99091418,28033.0,932.1690232231205,1.0440835266821349,1706,1620,16,0,1604,1594,182001,104,2,0,102,26
2020-07-07,US,Mississippi,Forrest,916,43,0,31.18961454,-89.25832496,28035.0,1223.0129377678682,4.6943231441048034,873,878,42,0,836,869,75036,38,1,0,37,9
2020-07-07,US,Mississippi,Franklin,45,2,0,31.47786634,-90.89672989,28037.0,583.4305717619602,4.4444444444444455,43,45,2,0,43,45,7788,0,0,0,0,0
2020-07-07,US,Mississippi,George,91,3,0,30.86259065,-88.64436789,28039.0,371.4285714285714,3.2967032967032965,88,89,3,0,86,88,24250,2,0,0,2,1
2020-07-07,US,Mississippi,Greene,105,9,0,31.21444233,-88.63922281,28041.0,772.85440895039,8.571428571428571,96,105,8,0,97,105,13586,0,1,0,-1,0
2020-07-07,US,Mississippi,Grenada,506,7,0,33.77036166,-89.80245083,28043.0,2437.6144137200117,1.383399209486166,499,490,5,0,485,483,21055,16,2,0,14,7
2020-07-07,US,Mississippi,Hancock,134,13,0,30.41830223,-89.48851033,28045.0,281.3234800134363,9.701492537313431,121,130,13,0,117,128,47334,4,0,0,4,2
2020-07-07,US,Mississippi,Harrison,969,11,0,30.51359752,-89.12467576,28047.0,465.68627450980387,1.1351909184726523,958,933,11,0,922,912,206650,36,0,0,36,21
2020-07-07,US,Mississippi,Hinds,2591,41,0,32.2656285,-90.44435448,28049.0,1117.5810904071773,1.5824006175221923,2550,2536,40,0,2496,2498,237085,55,1,0,54,38
2020-07-07,US,Mississippi,Holmes,560,41,0,33.12345854,-90.08923538,28051.0,3292.181069958848,7.321428571428571,519,557,41,0,516,553,17622,3,0,0,3,4
2020-07-07,US,Mississippi,Humphreys,156,9,0,33.12825718,-90.52252707,28053.0,1934.523809523809,5.769230769230768,147,150,9,0,141,147,8257,6,0,0,6,3
2020-07-07,US,Mississippi,Issaquena,10,1,0,32.72531359,-90.97392828,28055.0,753.5795026375282,10.0,9,9,1,0,8,9,1308,1,0,0,1,0
2020-07-07,US,Mississippi,Itawamba,137,8,0,34.27993475,-88.3606733,28057.0,585.7203933304831,5.8394160583941614,129,136,8,0,128,135,23517,1,0,0,1,1
2020-07-07,US,Mississippi,Jackson,689,17,0,30.54020656,-88.64184064,28059.0,479.7482192219584,2.467343976777939,672,638,16,0,622,622,143277,51,1,0,50,16
2020-07-07,US,Mississippi,Jasper,267,6,0,32.01922104,-89.11786866,28061.0,1629.7381431972167,2.247191011235955,261,263,6,0,257,262,16428,4,0,0,4,1
2020-07-07,US,Mississippi,Jefferson,110,3,0,31.73397872,-91.03764977,28063.0,1573.6766809728185,2.727272727272727,107,108,3,0,105,107,7106,2,0,0,2,1
2020-07-07,US,Mississippi,Jefferson Davis,113,4,0,31.56884708,-89.82670990000004,28065.0,1015.456506110712,3.5398230088495577,109,112,4,0,108,111,11234,1,0,0,1,1
2020-07-07,US,Mississippi,Jones,1140,49,0,31.62257767,-89.16896899999998,28067.0,1674.057975270933,4.298245614035086,1091,1128,49,0,1079,1124,68461,12,0,0,12,4
2020-07-07,US,Mississippi,Kemper,179,14,0,32.75462946,-88.64105766,28069.0,1837.40505029768,7.82122905027933,165,179,14,0,165,179,10027,0,0,0,0,0
2020-07-07,US,Mississippi,Lafayette,409,4,0,34.35687874,-89.48490961,28071.0,757.1410059423538,0.9779951100244498,405,393,4,0,389,391,54793,16,0,0,16,2
2020-07-07,US,Mississippi,Lamar,491,7,0,31.20572971,-89.5077704,28073.0,775.1448463129312,1.4256619144602851,484,465,7,0,458,458,62447,26,0,0,26,7
2020-07-07,US,Mississippi,Lauderdale,922,80,0,32.40419769,-88.66229662,28075.0,1243.8448566610455,8.676789587852495,842,910,79,0,831,909,75317,12,1,0,11,1
2020-07-07,US,Mississippi,Lawrence,187,2,0,31.55147224,-90.10841127,28077.0,1485.7778484029873,1.0695187165775402,185,178,2,0,176,177,12455,9,0,0,9,1
2020-07-07,US,Mississippi,Leake,589,19,0,32.7536828,-89.52402044,28079.0,2584.9205652593696,3.2258064516129035,570,578,19,0,559,578,22763,11,0,0,11,0
2020-07-07,US,Mississippi,Lee,562,20,0,34.291877500000005,-88.68149954,28081.0,657.80233156983,3.5587188612099645,542,552,19,0,533,547,85202,10,1,0,9,5
2020-07-07,US,Mississippi,Leflore,500,53,0,33.55545125,-90.29900733,28083.0,1774.1191498421033,10.6,447,491,51,0,440,487,28919,9,2,0,7,4
2020-07-07,US,Mississippi,Lincoln,484,34,0,31.53288662,-90.45391915,28085.0,1417.1522267443563,7.024793388429752,450,466,34,0,432,460,34205,18,0,0,18,6
2020-07-07,US,Mississippi,Lowndes,509,13,0,33.47386518,-88.44191529999998,28087.0,868.6748016042325,2.5540275049115917,496,494,13,0,481,483,58930,15,0,0,15,11
2020-07-07,US,Mississippi,Madison,1326,35,0,32.63389156,-90.03513564,28089.0,1247.7416440831075,2.6395173453996983,1291,1314,34,0,1280,1300,105630,12,1,0,11,14
2020-07-07,US,Mississippi,Marion,300,12,0,31.23132643,-89.8209217,28091.0,1220.8521548040533,4.0,288,284,11,0,273,281,24715,16,1,0,15,3
2020-07-07,US,Mississippi,Marshall,258,3,0,34.76216286,-89.50299462,28093.0,731.0024366747888,1.162790697674419,255,234,3,0,231,232,35451,24,0,0,24,2
2020-07-07,US,Mississippi,Monroe,425,34,0,33.89236763,-88.4808438,28095.0,1205.605355724498,8.0,391,403,30,0,373,401,35564,22,4,0,18,2
2020-07-07,US,Mississippi,Montgomery,139,2,0,33.49419589,-89.61729103,28097.0,1421.9948849104862,1.4388489208633093,137,135,2,0,133,132,10023,4,0,0,4,3
2020-07-07,US,Mississippi,Neshoba,1004,73,0,32.75339664,-89.11726492,28099.0,3448.039013668521,7.2709163346613535,931,992,71,0,921,988,29125,12,2,0,10,4
2020-07-07,US,Mississippi,Newton,347,9,0,32.40021118,-89.11843336,28101.0,1650.965838804834,2.5936599423631126,338,339,9,0,330,339,21443,8,0,0,8,0
2020-07-07,US,Mississippi,Noxubee,272,8,0,33.11009499,-88.56949061,28103.0,2611.116444273783,2.9411764705882355,264,267,8,0,259,263,10535,5,0,0,5,4
2020-07-07,US,Mississippi,Oktibbeha,552,27,0,33.42491685,-88.87905132,28105.0,1113.1949906225425,4.891304347826087,525,541,26,0,515,541,49599,11,1,0,10,0
2020-07-07,US,Mississippi,Panola,364,6,0,34.36398677,-89.95064249,28107.0,1064.5765091249416,1.6483516483516485,358,352,6,0,346,350,34178,12,0,0,12,2
2020-07-07,US,Mississippi,Pearl River,265,32,0,30.77090935,-89.58677275,28109.0,477.17655532547036,12.075471698113208,233,257,32,0,225,254,55387,8,0,0,8,3
2020-07-07,US,Mississippi,Perry,72,4,0,31.17161885,-88.99281835,28111.0,601.3530443497872,5.5555555555555545,68,67,4,0,63,66,11931,5,0,0,5,1
2020-07-07,US,Mississippi,Pike,454,16,0,31.17507789,-90.40392572,28113.0,1155.569130523315,3.524229074889868,438,441,12,0,429,431,39563,13,4,0,9,10
2020-07-07,US,Mississippi,Pontotoc,304,6,0,34.226046000000004,-89.03636807,28115.0,944.8623111829428,1.973684210526316,298,292,6,0,286,286,31833,12,0,0,12,6
2020-07-07,US,Mississippi,Prentiss,110,3,0,34.61810501,-88.51986294,28117.0,437.7935206558943,2.727272727272727,107,108,3,0,105,108,25315,2,0,0,2,0
2020-07-07,US,Mississippi,Quitman,81,1,0,34.25157572,-90.28908,28119.0,1192.5795053003533,1.2345679012345678,80,78,0,0,78,76,7051,3,1,0,2,2
2020-07-07,US,Mississippi,Rankin,982,13,0,32.26469147,-89.94537876,28121.0,632.4426325585589,1.323828920570265,969,951,12,0,939,934,153902,31,1,0,30,17
2020-07-07,US,Mississippi,Scott,779,15,0,32.406704100000006,-89.53789439,28123.0,2769.8762622671034,1.925545571245186,764,773,15,0,758,771,28287,6,0,0,6,2
2020-07-07,US,Mississippi,Sharkey,37,0,0,32.88149103,-90.8159538,28125.0,856.2832677620921,0.0,37,38,0,0,38,37,4377,-1,0,0,-1,1
2020-07-07,US,Mississippi,Simpson,345,3,0,31.91282117,-89.91716179,28127.0,1294.1706054467704,0.8695652173913043,342,323,3,0,320,317,26758,22,0,0,22,6
2020-07-07,US,Mississippi,Smith,229,11,0,32.01744532,-89.50644846,28129.0,1438.8037195275194,4.80349344978166,218,218,11,0,207,218,16002,11,0,0,11,0
2020-07-07,US,Mississippi,Stone,69,2,0,30.79187949,-89.11547539,28131.0,376.30890052356017,2.898550724637681,67,65,1,0,64,65,18717,4,1,0,3,0
2020-07-07,US,Mississippi,Sunflower,420,8,0,33.60192578,-90.58882684,28133.0,1672.6403823178016,1.9047619047619049,412,400,8,0,392,372,25735,20,0,0,20,28
2020-07-07,US,Mississippi,Tallahatchie,145,4,0,33.95339918,-90.1729398,28135.0,1050.0398290969658,2.7586206896551726,141,137,4,0,133,136,13987,8,0,0,8,1
2020-07-07,US,Mississippi,Tate,310,11,0,34.65133709,-89.94485778,28137.0,1094.5941174393558,3.548387096774193,299,288,10,0,278,283,28759,22,1,0,21,5
2020-07-07,US,Mississippi,Tippah,138,11,0,34.76872156,-88.90988194,28139.0,626.8453327276858,7.971014492753622,127,131,11,0,120,130,21995,7,0,0,7,1
2020-07-07,US,Mississippi,Tishomingo,89,1,0,34.74023475,-88.23917219,28141.0,459.1652478976423,1.1235955056179776,88,83,1,0,82,80,19454,6,0,0,6,3
2020-07-07,US,Mississippi,Tunica,113,3,0,34.64967704,-90.37481167,28143.0,1173.172757475083,2.6548672566371683,110,105,3,0,102,100,9944,8,0,0,8,5
2020-07-07,US,Mississippi,Union,218,10,0,34.49162015,-89.00776006,28145.0,756.5504077737289,4.587155963302751,208,210,9,0,201,207,28606,8,1,0,7,3
2020-07-07,US,Mississippi,Walthall,205,6,0,31.14971548,-90.10446654,28147.0,1434.9713005739886,2.9268292682926833,199,204,5,0,199,199,14465,1,1,0,0,5
2020-07-07,US,Mississippi,Warren,532,18,0,32.35810271,-90.83352619,28149.0,1172.2967761838654,3.3834586466165413,514,516,18,0,498,515,46176,16,0,0,16,1
2020-07-07,US,Mississippi,Washington,617,10,0,33.28392041,-90.94196237,28151.0,1405.1788927099228,1.6207455429497568,607,591,9,0,582,584,45063,26,1,0,25,7
2020-07-07,US,Mississippi,Wayne,545,15,0,31.64135687,-88.69573913,28153.0,2700.2923252241985,2.7522935779816518,530,545,13,0,532,545,20298,0,2,0,-2,0
2020-07-07,US,Mississippi,Webster,127,11,0,33.61300486,-89.28392912,28155.0,1310.7647848075135,8.661417322834646,116,127,10,0,117,127,9788,0,1,0,-1,0
2020-07-07,US,Mississippi,Wilkinson,93,9,0,31.16078225,-91.31018819,28157.0,1077.6361529548087,9.677419354838712,84,94,9,0,85,94,8792,-1,0,0,-1,0
2020-07-07,US,Mississippi,Winston,280,8,0,33.08747908,-89.03391385,28159.0,1559.4541910331384,2.8571428571428568,272,266,6,0,260,261,18165,14,2,0,12,5
2020-07-07,US,Mississippi,Yalobusha,180,7,0,34.02824175,-89.70762049999998,28161.0,1486.6204162537165,3.888888888888889,173,173,7,0,166,170,12392,7,0,0,7,3
2020-07-07,US,Mississippi,Yazoo,523,6,0,32.77890365,-90.39656148,28163.0,1761.5358706635232,1.147227533460803,517,513,6,0,507,509,28248,10,0,0,10,4
2020-07-07,US,Missouri,Adair,95,0,0,40.19058551,-92.60078167,29001.0,374.8569624748452,0.0,95,93,0,0,93,93,25339,2,0,0,2,0
2020-07-07,US,Missouri,Andrew,59,0,0,39.98492163,-94.80163024,29003.0,333.10749774164407,0.0,59,56,0,0,56,55,17607,3,0,0,3,1
2020-07-07,US,Missouri,Atchison,6,0,0,40.43238737,-95.42970639,29005.0,116.663426015944,0.0,6,5,0,0,5,5,5171,1,0,0,1,0
2020-07-07,US,Missouri,Audrain,139,1,0,39.215877,-91.84242683,29007.0,547.5027572081299,0.7194244604316546,138,139,1,0,138,139,25473,0,0,0,0,0
2020-07-07,US,Missouri,Barry,81,0,0,36.70978521,-93.82919888,29009.0,226.32652490988846,0.0,81,72,0,0,72,72,35886,9,0,0,9,0
2020-07-07,US,Missouri,Barton,30,0,0,37.50207671,-94.34757022,29011.0,255.23226135783563,0.0,30,29,0,0,29,28,11798,1,0,0,1,1
2020-07-07,US,Missouri,Bates,12,1,0,38.25271289,-94.34113157,29013.0,74.20232500618353,8.333333333333334,11,12,1,0,11,12,16320,0,0,0,0,0
2020-07-07,US,Missouri,Benton,20,0,0,38.29503305,-93.28756116,29015.0,102.86478424111506,0.0,20,19,0,0,19,18,19278,1,0,0,1,1
2020-07-07,US,Missouri,Bollinger,16,0,0,37.32449052,-90.02725304,29017.0,131.8717547185362,0.0,16,14,0,0,14,14,12169,2,0,0,2,0
2020-07-07,US,Missouri,Boone,464,2,0,38.99186229,-92.30723575,29019.0,257.1164172157174,0.4310344827586207,462,424,2,0,422,418,180005,40,0,0,40,6
2020-07-07,US,Missouri,Buchanan,911,4,0,39.65816401,-94.80138942,29021.0,1042.7636097248294,0.4390779363336992,907,892,3,0,889,884,88571,19,1,0,18,8
2020-07-07,US,Missouri,Butler,111,0,0,36.71462476,-90.40421163,29023.0,261.31173784076464,0.0,111,108,0,0,108,108,42639,3,0,0,3,0
2020-07-07,US,Missouri,Caldwell,12,0,0,39.65620858,-93.98308093,29025.0,133.03769401330376,0.0,12,13,0,0,13,13,9108,-1,0,0,-1,0
2020-07-07,US,Missouri,Callaway,61,1,0,38.83674754,-91.92186505,29027.0,136.33417517824017,1.639344262295082,60,57,1,0,56,57,44889,4,0,0,4,0
2020-07-07,US,Missouri,Camden,74,1,0,38.02199522,-92.76083747,29029.0,159.8099557283231,1.351351351351351,73,71,1,0,70,70,45815,3,0,0,3,1
2020-07-07,US,Missouri,Cape Girardeau,252,3,0,37.38489388,-89.6843587,29031.0,319.50907177543075,1.1904761904761905,249,221,3,0,218,214,78753,31,0,0,31,7
2020-07-07,US,Missouri,Carroll,20,0,0,39.42762566,-93.50626255,29033.0,230.4412950800784,0.0,20,19,0,0,19,16,8743,1,0,0,1,3
2020-07-07,US,Missouri,Carter,6,1,0,36.94160441,-90.96051322,29035.0,100.30090270812435,16.666666666666668,5,6,1,0,5,6,6054,0,0,0,0,0
2020-07-07,US,Missouri,Cass,169,8,0,38.64789422,-94.353399,29037.0,159.76555114388353,4.733727810650888,161,164,8,0,156,161,104954,5,0,0,5,3
2020-07-07,US,Missouri,Cedar,12,0,0,37.72391475,-93.85445441,29039.0,83.62952122099102,0.0,12,11,0,0,11,11,14165,1,0,0,1,0
2020-07-07,US,Missouri,Chariton,6,0,0,39.51499357,-92.9629191,29041.0,80.79719903043363,0.0,6,6,0,0,6,6,7451,0,0,0,0,0
2020-07-07,US,Missouri,Christian,54,1,0,36.9711783,-93.18537118,29043.0,60.95152096619448,1.851851851851852,53,49,1,0,48,48,86983,5,0,0,5,1
2020-07-07,US,Missouri,Clark,2,0,0,40.41040752,-91.73661677,29045.0,29.424746211563924,0.0,2,2,0,0,2,2,6842,0,0,0,0,0
2020-07-07,US,Missouri,Clay,510,12,0,39.31132056,-94.41850862,29047.0,204.0424408276921,2.3529411764705883,498,504,11,0,493,500,246365,6,1,0,5,4
2020-07-07,US,Missouri,Clinton,29,0,0,39.6013098,-94.40465394,29049.0,142.2475106685633,0.0,29,28,0,0,28,29,20470,1,0,0,1,-1
2020-07-07,US,Missouri,Cole,94,2,0,38.50455671,-92.27860244,29051.0,122.48354941690012,2.127659574468085,92,87,2,0,85,84,76796,7,0,0,7,3
2020-07-07,US,Missouri,Cooper,23,0,0,38.844478,-92.80896081,29053.0,129.87746343667058,0.0,23,20,0,0,20,20,17603,3,0,0,3,0
2020-07-07,US,Missouri,Crawford,18,0,0,37.97663738,-91.30528104,29055.0,75.25083612040133,0.0,18,17,0,0,17,17,23957,1,0,0,1,0
2020-07-07,US,Missouri,Dade,1,0,0,37.431814,-93.8503345,29057.0,13.225763787858751,0.0,1,1,0,0,1,1,7569,0,0,0,0,0
2020-07-07,US,Missouri,Dallas,15,1,0,37.6811355,-93.02127031,29059.0,88.8730892285816,6.666666666666668,14,15,1,0,14,14,16762,0,0,0,0,1
2020-07-07,US,Missouri,Daviess,10,0,0,39.96145298,-93.98519678,29061.0,120.80212611741966,0.0,10,9,0,0,9,9,8313,1,0,0,1,0
2020-07-07,US,Missouri,DeKalb,15,0,0,39.89201062,-94.40476508,29063.0,119.55049015700963,0.0,15,14,0,0,14,14,12630,1,0,0,1,0
2020-07-07,US,Missouri,Dent,5,0,0,37.60663134,-91.50790473,29065.0,32.106851602131904,0.0,5,4,0,0,4,4,15441,1,0,0,1,0
2020-07-07,US,Missouri,Douglas,6,0,0,36.9325593,-92.49905109,29067.0,45.50625711035267,0.0,6,6,0,0,6,6,13373,0,0,0,0,0
2020-07-07,US,Missouri,Dunklin,116,3,0,36.27167174,-90.09122243,29069.0,398.20122893137886,2.586206896551724,113,110,3,0,107,110,29423,6,0,0,6,0
2020-07-07,US,Missouri,Franklin,231,18,0,38.41127108,-91.07522826,29071.0,222.1858859061049,7.792207792207793,213,227,18,0,209,217,103670,4,0,0,4,10
2020-07-07,US,Missouri,Gasconade,12,0,0,38.43947277,-91.50847147,29073.0,81.59934720522236,0.0,12,12,0,0,12,12,14705,0,0,0,0,0
2020-07-07,US,Missouri,Gentry,63,9,0,40.21097916,-94.40944419,29075.0,958.7581798812967,14.285714285714285,54,60,9,0,51,58,6628,3,0,0,3,2
2020-07-07,US,Missouri,Greene,373,8,0,37.2575872,-93.34230916,29077.0,127.26639962331876,2.1447721179624666,365,351,8,0,343,328,291923,22,0,0,22,23
2020-07-07,US,Missouri,Grundy,20,1,0,40.11406587,-93.56509276,29079.0,203.0456852791878,5.0,19,20,0,0,20,20,9914,0,1,0,-1,0
2020-07-07,US,Missouri,Harrison,19,0,0,40.35570088,-93.99222144,29081.0,227.49042145593867,0.0,19,17,0,0,17,17,8414,2,0,0,2,0
2020-07-07,US,Missouri,Henry,20,3,0,38.38482826,-93.79293734,29083.0,91.64222873900292,15.0,17,20,3,0,17,20,21792,0,0,0,0,0
2020-07-07,US,Missouri,Holt,1,0,0,40.09799248,-95.2163888,29087.0,22.71178741766977,0.0,1,1,0,0,1,1,4404,0,0,0,0,0
2020-07-07,US,Missouri,Howard,5,0,0,39.1435761,-92.69756691,29089.0,49.99500049995,0.0,5,5,0,0,5,5,10137,0,0,0,0,0
2020-07-07,US,Missouri,Howell,44,0,0,36.77383887,-91.88683935,29091.0,109.67918837400605,0.0,44,45,0,0,45,45,40076,-1,0,0,-1,0
2020-07-07,US,Missouri,Iron,3,0,0,37.55487945,-90.7735296,29093.0,29.62962962962963,0.0,3,3,0,0,3,3,10177,0,0,0,0,0
2020-07-07,US,Missouri,Jackson,1397,42,0,39.01002188,-94.34724536,29095.0,198.71666303941188,3.0064423765211163,1355,1359,40,0,1319,1329,700307,38,2,0,36,30
2020-07-07,US,Missouri,Jasper,833,7,0,37.20351921,-94.34050458,29097.0,686.5686403797969,0.8403361344537815,826,787,7,0,780,754,120636,46,0,0,46,33
2020-07-07,US,Missouri,Jefferson,514,22,0,38.25926778,-90.53870896,29099.0,228.36223404019,4.280155642023346,492,504,22,0,482,502,224347,10,0,0,10,2
2020-07-07,US,Missouri,Johnson,197,0,0,38.74719601,-93.80691168,29101.0,364.39643372424246,0.0,197,169,0,0,169,162,53652,28,0,0,28,7
2020-07-07,US,Missouri,Kansas City,2814,31,0,39.0997,-94.5786,0.0,575.5272086930379,1.101634683724236,2783,2748,31,0,2717,2696,491918,66,0,0,66,52
2020-07-07,US,Missouri,Knox,2,0,0,40.12699751,-92.14780832,29103.0,50.51780752715332,0.0,2,2,0,0,2,2,3947,0,0,0,0,0
2020-07-07,US,Missouri,Laclede,57,0,0,37.65896829,-92.5888493,29105.0,159.56106709962768,0.0,57,48,0,0,48,40,35713,9,0,0,9,8
2020-07-07,US,Missouri,Lafayette,94,2,0,39.06986886,-93.78076396,29107.0,287.3914638620521,2.127659574468085,92,93,2,0,91,93,32598,1,0,0,1,0
2020-07-07,US,Missouri,Lawrence,48,1,0,37.10626634,-93.83293097,29109.0,125.14665623777864,2.083333333333333,47,46,1,0,45,45,38359,2,0,0,2,1
2020-07-07,US,Missouri,Lewis,8,1,0,40.09673161,-91.72070156,29111.0,81.83306055646482,12.5,7,8,1,0,7,8,9855,0,0,0,0,0
2020-07-07,US,Missouri,Lincoln,105,1,0,39.05345619,-90.95588181,29113.0,177.9268974632708,0.9523809523809524,104,102,1,0,101,98,57686,3,0,0,3,4
2020-07-07,US,Missouri,Linn,19,1,0,39.87001769,-93.10704106,29115.0,159.39597315436242,5.2631578947368425,18,18,1,0,17,18,12037,1,0,0,1,0
2020-07-07,US,Missouri,Livingston,21,0,0,39.78110272,-93.54645978,29117.0,137.91291784330463,0.0,21,20,0,0,20,16,15146,1,0,0,1,4
2020-07-07,US,Missouri,Macon,10,0,0,39.83049768,-92.56453089,29121.0,66.15069127472383,0.0,10,8,0,0,8,8,15153,2,0,0,2,0
2020-07-07,US,Missouri,Madison,7,0,0,37.47865134,-90.3467143,29123.0,57.90866975512906,0.0,7,7,0,0,7,7,12188,0,0,0,0,0
2020-07-07,US,Missouri,Maries,6,0,0,38.16193985,-91.92249662,29125.0,68.98930665746809,0.0,6,6,0,0,6,6,8769,0,0,0,0,0
2020-07-07,US,Missouri,Marion,26,0,0,39.80601912,-91.62203062,29127.0,91.13214160532772,0.0,26,25,0,0,25,25,28592,1,0,0,1,0
2020-07-07,US,Missouri,McDonald,652,1,0,36.62869595,-94.34867205,29119.0,2855.015982834873,0.15337423312883436,651,632,1,0,631,612,23078,20,0,0,20,20
2020-07-07,US,Missouri,Mercer,6,0,0,40.42212303,-93.5682959,29129.0,165.8833287254631,0.0,6,6,0,0,6,6,3641,0,0,0,0,0
2020-07-07,US,Missouri,Miller,20,0,0,38.21450288,-92.42610898,29131.0,78.06705960420003,0.0,20,19,0,0,19,19,25336,1,0,0,1,0
2020-07-07,US,Missouri,Mississippi,95,0,0,36.82516239,-89.29505753,29133.0,720.7890743550835,0.0,95,91,0,0,91,91,13336,4,0,0,4,0
2020-07-07,US,Missouri,Moniteau,65,1,0,38.63571781,-92.57976951,29135.0,402.92586164145797,1.5384615384615383,64,61,1,0,60,57,16121,4,0,0,4,4
2020-07-07,US,Missouri,Monroe,5,0,0,39.49593978,-92.00043978,29137.0,57.84359093012494,0.0,5,5,0,0,5,5,8664,0,0,0,0,0
2020-07-07,US,Missouri,Montgomery,21,0,0,38.94022054,-91.47000721,29139.0,181.8024413470695,0.0,21,21,0,0,21,20,11534,0,0,0,0,1
2020-07-07,US,Missouri,Morgan,22,0,0,38.4181765,-92.88791859,29141.0,106.6563242352257,0.0,22,19,0,0,19,19,20358,3,0,0,3,0
2020-07-07,US,Missouri,New Madrid,45,1,0,36.59666326,-89.66070007,29143.0,263.5277582572031,2.2222222222222223,44,45,1,0,44,44,17296,0,0,0,0,1
2020-07-07,US,Missouri,Newton,502,2,0,36.90519407,-94.3394104,29145.0,862.0097534171302,0.398406374501992,500,478,2,0,476,467,58266,24,0,0,24,11
2020-07-07,US,Missouri,Nodaway,24,0,0,40.36079813,-94.88133008,29147.0,108.6366105377512,0.0,24,23,0,0,23,23,22304,1,0,0,1,0
2020-07-07,US,Missouri,Oregon,8,0,0,36.68710164,-91.4033755,29149.0,75.98062494064014,0.0,8,8,0,0,8,8,10541,0,0,0,0,0
2020-07-07,US,Missouri,Osage,10,0,0,38.46036182,-91.8613635,29151.0,73.44840249724568,0.0,10,9,0,0,9,9,13714,1,0,0,1,0
2020-07-07,US,Missouri,Ozark,2,0,0,36.64916339,-92.44459066,29153.0,21.80074122520166,0.0,2,2,0,0,2,2,9017,0,0,0,0,0
2020-07-07,US,Missouri,Pemiscot,114,6,0,36.2130572,-89.78742322,29155.0,721.2907307813983,5.2631578947368425,108,111,6,0,105,111,16272,3,0,0,3,0
2020-07-07,US,Missouri,Perry,163,1,0,37.70660776,-89.82741088,29157.0,851.7976588628762,0.6134969325153374,162,156,0,0,156,151,19150,7,1,0,6,5
2020-07-07,US,Missouri,Pettis,136,1,0,38.72798918,-93.28471706,29159.0,321.2168449892534,0.7352941176470589,135,135,1,0,134,134,42542,1,0,0,1,1
2020-07-07,US,Missouri,Phelps,48,0,0,37.87736118,-91.79351727,29161.0,107.68851098198459,0.0,48,49,0,0,49,46,44732,-1,0,0,-1,3
2020-07-07,US,Missouri,Pike,37,1,0,39.34310674,-91.16980779,29163.0,202.1636979565075,2.702702702702702,36,36,1,0,35,36,18504,1,0,0,1,0
2020-07-07,US,Missouri,Platte,135,6,0,39.38154439,-94.77068479,29165.0,129.28805378383038,4.4444444444444455,129,131,6,0,125,130,102985,4,0,0,4,1
2020-07-07,US,Missouri,Polk,16,0,0,37.6162296,-93.39828174,29167.0,49.768266509067146,0.0,16,15,0,0,15,15,32201,1,0,0,1,0
2020-07-07,US,Missouri,Pulaski,130,1,0,37.82462075,-92.20783203,29169.0,247.1154028931511,0.7692307692307693,129,129,1,0,128,128,52014,1,0,0,1,1
2020-07-07,US,Missouri,Putnam,4,0,0,40.47942497,-93.02042674,29171.0,85.17887563884156,0.0,4,3,0,0,3,3,4757,1,0,0,1,0
2020-07-07,US,Missouri,Ralls,10,0,0,39.52817427,-91.51838643,29173.0,97.00261907071491,0.0,10,10,0,0,10,10,10212,0,0,0,0,0
2020-07-07,US,Missouri,Randolph,13,0,0,39.44007257,-92.4971374,29175.0,52.52949733311783,0.0,13,13,0,0,13,12,24763,0,0,0,0,1
2020-07-07,US,Missouri,Ray,29,0,0,39.3537468,-93.98905745,29177.0,125.98835693804848,0.0,29,28,0,0,28,27,22883,1,0,0,1,1
2020-07-07,US,Missouri,Reynolds,2,0,0,37.36085952,-90.97009925,29179.0,31.89792663476873,0.0,2,2,0,0,2,2,6254,0,0,0,0,0
2020-07-07,US,Missouri,Ripley,19,0,0,36.65460667,-90.85990261,29181.0,142.98615291992775,0.0,19,19,0,0,19,19,13401,0,0,0,0,0
2020-07-07,US,Missouri,Saline,290,4,0,39.13734288,-93.20259964,29195.0,1274.1092219146785,1.3793103448275863,286,287,4,0,283,284,22895,3,0,0,3,3
2020-07-07,US,Missouri,Schuyler,5,0,0,40.46921489,-92.52311943,29197.0,107.2961373390558,0.0,5,5,0,0,5,5,4599,0,0,0,0,0
2020-07-07,US,Missouri,Scotland,11,1,0,40.45214695,-92.14709064,29199.0,224.3982048143615,9.090909090909092,10,11,1,0,10,11,4966,0,0,0,0,0
2020-07-07,US,Missouri,Scott,188,11,0,37.05588075,-89.56474493,29201.0,491.11807732497385,5.851063829787233,177,185,11,0,174,181,38458,3,0,0,3,4
2020-07-07,US,Missouri,Shannon,22,0,0,37.15772072,-91.40190382,29203.0,269.40974773450887,0.0,22,19,0,0,19,18,8189,3,0,0,3,1
2020-07-07,US,Missouri,Shelby,4,0,0,39.79742518,-92.07634971,29205.0,67.45362563237774,0.0,4,4,0,0,4,4,6050,0,0,0,0,0
2020-07-07,US,Missouri,St. Charles,1167,75,0,38.77875681,-90.66662425,29183.0,290.2826213490804,6.4267352185089965,1092,1140,74,0,1066,1122,399182,27,1,0,26,18
2020-07-07,US,Missouri,St. Clair,2,0,0,38.03699437,-93.77631447,29185.0,21.283388315419813,0.0,2,2,0,0,2,2,9395,0,0,0,0,0
2020-07-07,US,Missouri,St. Francois,158,2,0,37.81214171,-90.47598685,29187.0,235.06657740087778,1.2658227848101269,156,152,2,0,150,152,66692,6,0,0,6,0
2020-07-07,US,Missouri,St. Louis,7066,593,0,38.63770039999999,-90.4458375,29189.0,710.7186143702758,8.392301160486838,6473,6931,584,0,6347,6887,996945,135,9,0,126,44
2020-07-07,US,Missouri,St. Louis City,2657,158,0,38.63555736,-90.24349225,29510.0,883.9694453316299,5.946556266465938,2499,2621,158,0,2463,2587,302838,36,0,0,36,34
2020-07-07,US,Missouri,Ste. Genevieve,22,1,0,37.89090059,-90.1949941,29186.0,122.94623896278082,4.545454545454546,21,21,1,0,20,20,17888,1,0,0,1,1
2020-07-07,US,Missouri,Stoddard,146,9,0,36.85571651,-89.9444155,29207.0,503.0146425495263,6.164383561643835,137,145,9,0,136,142,29206,1,0,0,1,3
2020-07-07,US,Missouri,Stone,19,0,0,36.75000327,-93.45256475,29209.0,59.46419629444165,0.0,19,20,0,0,20,20,31749,-1,0,0,-1,0
2020-07-07,US,Missouri,Sullivan,119,0,0,40.2099105,-93.11150106,29211.0,1954.3438988339624,0.0,119,115,0,0,115,115,6221,4,0,0,4,0
2020-07-07,US,Missouri,Taney,105,2,0,36.65465345,-93.04075153,29213.0,187.74138177656985,1.9047619047619049,103,96,2,0,94,84,55852,9,0,0,9,12
2020-07-07,US,Missouri,Texas,9,0,0,37.31728859,-91.96564727,29215.0,35.43586109142452,0.0,9,9,0,0,9,7,25571,0,0,0,0,2
2020-07-07,US,Missouri,Unassigned,1,0,0,0.0,0.0,90029.0,0.0,0.0,1,1,0,0,1,,,0,0,0,0,
2020-07-07,US,Missouri,Vernon,26,0,0,37.8457799,-94.34127305,29217.0,126.44069445119877,0.0,26,27,0,0,27,27,20528,-1,0,0,-1,0
2020-07-07,US,Missouri,Warren,54,0,0,38.76529479,-91.16124662,29219.0,151.47689977278466,0.0,54,50,0,0,50,48,34711,4,0,0,4,2
2020-07-07,US,Missouri,Washington,25,1,0,37.96130078,-90.87948158,29221.0,101.09179134654266,4.0,24,25,1,0,24,25,24943,0,0,0,0,0
2020-07-07,US,Missouri,Wayne,5,0,0,37.11303869,-90.46001416,29223.0,38.84098500737978,0.0,5,5,0,0,5,4,13122,0,0,0,0,1
2020-07-07,US,Missouri,Webster,48,1,0,37.2813734,-92.876329,29225.0,121.2366134572641,2.083333333333333,47,44,1,0,43,42,39109,4,0,0,4,2
2020-07-07,US,Missouri,Worth,4,0,0,40.47945588,-94.42328751,29227.0,198.7083954297069,0.0,4,4,0,0,4,4,2040,0,0,0,0,0
2020-07-07,US,Missouri,Wright,29,0,0,37.27029221,-92.46914488,29229.0,158.56525780523813,0.0,29,28,0,0,28,26,18378,1,0,0,1,2
2020-07-07,US,Montana,Beaverhead,2,0,0,45.13434354,-112.89846940000001,30001.0,21.157304559399133,0.0,2,2,0,0,2,2,9404,0,0,0,0,0
2020-07-07,US,Montana,Big Horn,92,4,0,45.42335905,-107.492347,30003.0,690.7425482393573,4.3478260869565215,88,90,4,0,86,89,13338,2,0,0,2,1
2020-07-07,US,Montana,Broadwater,5,0,0,46.33277565,-111.49558130000001,30007.0,80.1667468334135,0.0,5,5,0,0,5,5,6085,0,0,0,0,0
2020-07-07,US,Montana,Carbon,29,0,0,45.22850116,-109.0274047,30009.0,270.3962703962704,0.0,29,28,0,0,28,27,10714,1,0,0,1,1
2020-07-07,US,Montana,Cascade,36,2,0,47.30797024,-111.3467922,30013.0,44.24452474006342,5.5555555555555545,34,34,2,0,32,34,81643,2,0,0,2,0
2020-07-07,US,Montana,Custer,30,0,0,46.25319932,-105.57375259999998,30017.0,263.11173478337133,0.0,30,30,0,0,30,30,11586,0,0,0,0,0
2020-07-07,US,Montana,Dawson,8,0,0,47.26584855,-104.89444170000002,30021.0,92.88285150354116,0.0,8,8,0,0,8,8,8680,0,0,0,0,0
2020-07-07,US,Montana,Deer Lodge,4,0,0,46.05953325,-113.073353,30023.0,43.7636761487965,0.0,4,4,0,0,4,4,9131,0,0,0,0,0
2020-07-07,US,Montana,Fergus,2,0,0,47.26331584,-109.2245206,30027.0,18.099547511312217,0.0,2,2,0,0,2,2,11113,0,0,0,0,0
2020-07-07,US,Montana,Flathead,64,2,0,48.29575866,-114.05205690000001,30029.0,61.65346897096507,3.125,62,65,2,0,63,64,102106,-1,0,0,-1,1
2020-07-07,US,Montana,Gallatin,308,1,0,45.54486106,-111.1692571,30031.0,269.15077686701505,0.3246753246753247,307,305,1,0,304,298,111876,3,0,0,3,7
2020-07-07,US,Montana,Glacier,25,0,0,48.70513576,-112.9934235,30035.0,181.77852104995273,0.0,25,25,0,0,25,25,13747,0,0,0,0,0
2020-07-07,US,Montana,Golden Valley,3,0,0,46.3816474,-109.17685220000001,30037.0,365.4080389768576,0.0,3,3,0,0,3,3,826,0,0,0,0,0
2020-07-07,US,Montana,Granite,4,0,0,46.40605220000001,-113.4414186,30039.0,118.37821840781295,0.0,4,4,0,0,4,4,3378,0,0,0,0,0
2020-07-07,US,Montana,Hill,7,0,0,48.62879827,-110.1129252,30041.0,42.46542101431693,0.0,7,2,0,0,2,2,16347,5,0,0,5,0
2020-07-07,US,Montana,Jefferson,3,0,0,46.14907081,-112.094396,30043.0,24.547909336388184,0.0,3,3,0,0,3,3,12097,0,0,0,0,0
2020-07-07,US,Montana,Lake,22,0,0,47.64514965,-114.0898013,30047.0,72.23061264692363,0.0,22,21,0,0,21,21,30250,1,0,0,1,0
2020-07-07,US,Montana,Lewis and Clark,36,0,0,47.12610041,-112.39469799999999,30049.0,51.849291393017644,0.0,36,35,0,0,35,32,68700,1,0,0,1,3
2020-07-07,US,Montana,Liberty,1,0,0,48.56084317,-111.02430700000001,30051.0,42.78990158322636,0.0,1,1,0,0,1,1,2430,0,0,0,0,0
2020-07-07,US,Montana,Lincoln,9,1,0,48.54265777,-115.4046155,30053.0,45.04504504504504,11.111111111111109,8,9,1,0,8,9,19794,0,0,0,0,0
2020-07-07,US,Montana,Madison,19,1,0,45.30080065,-111.9173017,30057.0,220.93023255813952,5.2631578947368425,18,18,1,0,17,17,8768,1,0,0,1,1
2020-07-07,US,Montana,Meagher,2,0,0,46.59907074,-110.8898557,30059.0,107.41138560687432,0.0,2,2,0,0,2,2,1866,0,0,0,0,0
2020-07-07,US,Montana,Missoula,121,1,0,47.03728583,-113.92135079999998,30063.0,101.17056856187293,0.8264462809917356,120,121,1,0,120,107,118791,0,0,0,0,14
2020-07-07,US,Montana,Musselshell,1,0,0,46.49684637,-108.39498,30065.0,21.58428663932657,0.0,1,1,0,0,1,1,4651,0,0,0,0,0
2020-07-07,US,Montana,Park,16,0,0,45.48965095,-110.52643940000002,30067.0,96.35071660845476,0.0,16,13,0,0,13,13,16736,3,0,0,3,0
2020-07-07,US,Montana,Pondera,2,0,0,48.22773388,-112.22527029999999,30073.0,33.83522246658772,0.0,2,2,0,0,2,2,5972,0,0,0,0,0
2020-07-07,US,Montana,Ravalli,36,0,0,46.08520862,-114.11891640000002,30081.0,82.18052321599781,0.0,36,33,0,0,33,33,43172,3,0,0,3,0
2020-07-07,US,Montana,Richland,22,0,0,47.78668011,-104.5610786,30083.0,203.64713505507729,0.0,22,22,0,0,22,22,10913,0,0,0,0,0
2020-07-07,US,Montana,Roosevelt,7,0,0,48.29607488,-105.00792679999999,30085.0,63.613231552162844,0.0,7,7,0,0,7,7,11059,0,0,0,0,0
2020-07-07,US,Montana,Rosebud,10,1,0,46.23397237,-106.72928799999998,30087.0,111.89437171310284,10.0,9,10,1,0,9,10,9063,0,0,0,0,0
2020-07-07,US,Montana,Sheridan,1,0,0,48.72085833,-104.50382900000001,30091.0,30.22061045633122,0.0,1,1,0,0,1,1,3424,0,0,0,0,0
2020-07-07,US,Montana,Silver Bow,19,0,0,45.90018933,-112.6620092,30093.0,54.417871974795936,0.0,19,19,0,0,19,19,34993,0,0,0,0,0
2020-07-07,US,Montana,Stillwater,7,0,0,45.67071407,-109.3950061,30095.0,72.59904584111179,0.0,7,6,0,0,6,6,9534,1,0,0,1,0
2020-07-07,US,Montana,Teton,10,0,0,47.83741052,-112.24106880000001,30099.0,162.68098259313487,0.0,10,10,0,0,10,10,6162,0,0,0,0,0
2020-07-07,US,Montana,Toole,31,6,0,48.65577551,-111.69424140000001,30101.0,654.5608108108107,19.354838709677423,25,31,6,0,25,31,4853,0,0,0,0,0
2020-07-07,US,Montana,Treasure,2,0,0,46.20973220000001,-107.26665159999999,30103.0,287.3563218390805,0.0,2,2,0,0,2,2,679,0,0,0,0,0
2020-07-07,US,Montana,Valley,4,0,0,48.36435097,-106.6669635,30105.0,54.08328826392645,0.0,4,4,0,0,4,4,7437,0,0,0,0,0
2020-07-07,US,Montana,Wheatland,2,0,0,46.46652491,-109.84646359999999,30107.0,94.07337723424273,0.0,2,1,0,0,1,1,2236,1,0,0,1,0
2020-07-07,US,Montana,Yellowstone,325,4,0,45.93955949,-108.26914860000001,30111.0,201.48791072535647,1.2307692307692308,321,270,4,0,266,261,160137,55,0,0,55,9
2020-07-07,US,Nebraska,Adams,302,11,0,40.52449420000001,-98.50117804,31001.0,962.9180881930936,3.6423841059602653,291,301,11,0,290,299,31511,1,0,0,1,2
2020-07-07,US,Nebraska,Antelope,9,1,0,42.17695516,-98.06662829999999,31003.0,142.9025087329311,11.111111111111109,8,9,1,0,8,9,6336,0,0,0,0,0
2020-07-07,US,Nebraska,Banner,2,0,0,41.54634427,-103.7114332,31007.0,268.4563758389262,0.0,2,2,0,0,2,2,730,0,0,0,0,0
2020-07-07,US,Nebraska,Boone,7,0,0,41.70759415,-98.06737183,31011.0,134.82280431432974,0.0,7,7,0,0,7,7,5239,0,0,0,0,0
2020-07-07,US,Nebraska,Box Butte,3,0,0,42.22079243,-103.08788340000001,31013.0,27.82157099137532,0.0,3,3,0,0,3,3,10772,0,0,0,0,0
2020-07-07,US,Nebraska,Boyd,1,0,0,42.899727399999996,-98.76486568,31015.0,52.110474205315285,0.0,1,1,0,0,1,1,1955,0,0,0,0,0
2020-07-07,US,Nebraska,Buffalo,196,1,0,40.85486962,-99.07500296,31019.0,394.69179806278817,0.5102040816326531,195,194,1,0,193,194,49615,2,0,0,2,0
2020-07-07,US,Nebraska,Burt,14,0,0,41.85056773,-96.32605633,31021.0,216.75181916705367,0.0,14,14,0,0,14,14,6488,0,0,0,0,0
2020-07-07,US,Nebraska,Butler,51,0,0,41.22703692,-97.13106306,31023.0,636.2275449101796,0.0,51,52,0,0,52,51,8058,-1,0,0,-1,1
2020-07-07,US,Nebraska,Cass,74,1,0,40.90899107,-96.13971217,31025.0,281.92624199939036,1.351351351351351,73,71,1,0,70,71,26159,3,0,0,3,0
2020-07-07,US,Nebraska,Cedar,17,0,0,42.598885100000004,-97.25311951,31027.0,202.33277791002143,0.0,17,17,0,0,17,17,8446,0,0,0,0,0
2020-07-07,US,Nebraska,Chase,1,0,0,40.523719799999995,-101.69780259999999,31029.0,25.4841997961264,0.0,1,1,0,0,1,1,3977,0,0,0,0,0
2020-07-07,US,Nebraska,Cherry,2,0,0,42.54502621,-101.1244332,31031.0,35.15556336790297,0.0,2,2,0,0,2,2,5761,0,0,0,0,0
2020-07-07,US,Nebraska,Cheyenne,19,0,0,41.21999357,-102.9941693,31033.0,213.2435465768799,0.0,19,19,0,0,19,19,9310,0,0,0,0,0
2020-07-07,US,Nebraska,Clay,28,0,0,40.52439441,-98.05126296,31035.0,451.3944865387716,0.0,28,27,0,0,27,27,6214,1,0,0,1,0
2020-07-07,US,Nebraska,Colfax,671,4,0,41.57486951,-97.0868542,31037.0,6265.757773835092,0.5961251862891207,667,670,4,0,666,670,10881,1,0,0,1,0
2020-07-07,US,Nebraska,Cuming,37,0,0,41.91637624,-96.78730772,31039.0,418.26814379380517,0.0,37,37,1,0,36,36,8940,0,-1,0,1,1
2020-07-07,US,Nebraska,Custer,40,4,0,41.39374521,-99.72805369,31041.0,371.16080541894775,10.0,36,41,4,0,37,40,10840,-1,0,0,-1,1
2020-07-07,US,Nebraska,Dakota,1776,35,0,42.39040144,-96.56656425,31043.0,8868.470987715971,1.970720720720721,1741,1776,35,0,1741,1774,20083,0,0,0,0,2
2020-07-07,US,Nebraska,Dawes,5,0,0,42.71985036,-103.1313774,31045.0,58.21399464431249,0.0,5,5,0,0,5,5,8716,0,0,0,0,0
2020-07-07,US,Nebraska,Dawson,863,8,0,40.87028216,-99.82014609999999,31047.0,3657.554566645476,0.9269988412514484,855,861,8,0,853,861,23709,2,0,0,2,0
2020-07-07,US,Nebraska,Dixon,52,2,0,42.49188363,-96.86782408,31051.0,922.6401703335699,3.8461538461538463,50,51,2,0,49,50,5709,1,0,0,1,1
2020-07-07,US,Nebraska,Dodge,698,8,0,41.58071748,-96.65598179,31053.0,1908.929303979215,1.146131805157593,690,699,8,0,691,694,36791,-1,0,0,-1,5
2020-07-07,US,Nebraska,Douglas,7596,98,0,41.29518299,-96.15085305,31055.0,1329.5363250817834,1.2901527119536598,7498,7500,97,0,7403,7456,566880,96,1,0,95,44
2020-07-07,US,Nebraska,Fillmore,15,1,0,40.52458567,-97.59646937,31059.0,274.62467960454046,6.666666666666668,14,15,1,0,14,14,5527,0,0,0,0,1
2020-07-07,US,Nebraska,Franklin,8,0,0,40.17636348,-98.95299073,31061.0,268.5464921114468,0.0,8,8,0,0,8,7,3023,0,0,0,0,1
2020-07-07,US,Nebraska,Frontier,1,0,0,40.52993007,-100.3924658,31063.0,38.06623524933384,0.0,1,1,0,0,1,1,2608,0,0,0,0,0
2020-07-07,US,Nebraska,Furnas,10,1,0,40.17642064,-99.91247454,31065.0,213.85799828913602,10.0,9,10,1,0,9,10,4715,0,0,0,0,0
2020-07-07,US,Nebraska,Gage,58,3,0,40.26186809,-96.68946704,31067.0,269.6044252312555,5.172413793103448,55,58,4,0,54,56,21493,0,-1,0,1,2
2020-07-07,US,Nebraska,Garden,4,0,0,41.61703149,-102.3313973,31069.0,217.74632553075668,0.0,4,4,0,0,4,4,1897,0,0,0,0,0
2020-07-07,US,Nebraska,Garfield,1,0,0,41.91428955,-98.99111827,31071.0,50.787201625190455,0.0,1,1,0,0,1,1,1987,0,0,0,0,0
2020-07-07,US,Nebraska,Gosper,13,0,0,40.51481965,-99.83020279,31073.0,653.2663316582915,0.0,13,13,0,0,13,13,1996,0,0,0,0,0
2020-07-07,US,Nebraska,Greeley,5,0,0,41.56742671,-98.52150266,31077.0,212.22410865874363,0.0,5,5,0,0,5,3,2356,0,0,0,0,2
2020-07-07,US,Nebraska,Hall,1606,47,0,40.87257079,-98.50218293,31079.0,2617.6389092627905,2.9265255292652554,1559,1605,47,0,1558,1602,61607,1,0,0,1,3
2020-07-07,US,Nebraska,Hamilton,67,12,0,40.87349452,-98.02099117,31081.0,718.5757185757187,17.910447761194032,55,66,12,0,54,64,9280,1,0,0,1,2
2020-07-07,US,Nebraska,Harlan,1,0,0,40.17658508,-99.40438879,31083.0,29.58579881656805,0.0,1,1,0,0,1,1,3401,0,0,0,0,0
2020-07-07,US,Nebraska,Hitchcock,1,0,0,40.17609175,-101.04164770000001,31087.0,36.205648081100655,0.0,1,1,0,0,1,1,2806,0,0,0,0,0
2020-07-07,US,Nebraska,Holt,3,0,0,42.45522056,-98.78402558,31089.0,29.800337737161023,0.0,3,3,0,0,3,3,10178,0,0,0,0,0
2020-07-07,US,Nebraska,Hooker,2,0,0,41.91586243,-101.1354293,31091.0,293.2551319648094,0.0,2,2,0,0,2,1,682,0,0,0,0,1
2020-07-07,US,Nebraska,Howard,44,4,0,41.2200529,-98.5166499,31093.0,682.6997672614431,9.090909090909092,40,44,4,0,40,46,6468,0,0,0,0,-2
2020-07-07,US,Nebraska,Jefferson,10,0,0,40.17584531,-97.142601,31095.0,141.92449616803862,0.0,10,10,0,0,10,10,7097,0,0,0,0,0
2020-07-07,US,Nebraska,Johnson,7,0,0,40.39257596,-96.26522753,31097.0,138.03983435219877,0.0,7,7,0,0,7,7,5134,0,0,0,0,0
2020-07-07,US,Nebraska,Kearney,17,0,0,40.50663314,-98.94877182,31099.0,261.7397998460354,0.0,17,17,0,0,17,16,6544,0,0,0,0,1
2020-07-07,US,Nebraska,Keith,4,0,0,41.19930341,-101.66201640000001,31101.0,49.78839930296241,0.0,4,4,0,0,4,4,8021,0,0,0,0,0
2020-07-07,US,Nebraska,Kimball,11,0,0,41.19774275,-103.7148131,31105.0,302.86343612334804,0.0,11,11,0,0,11,11,3618,0,0,0,0,0
2020-07-07,US,Nebraska,Knox,25,0,0,42.63758421,-97.89178836,31107.0,300.04800768122897,0.0,25,25,0,0,25,25,8419,0,0,0,0,0
2020-07-07,US,Nebraska,Lancaster,1897,12,0,40.78416049,-96.68777155,31109.0,594.5031182425022,0.6325777543489721,1885,1875,12,0,1863,1846,317272,22,0,0,22,29
2020-07-07,US,Nebraska,Lincoln,63,2,0,41.04658298,-100.74753740000001,31111.0,180.4433751503695,3.1746031746031744,61,61,2,0,59,58,35185,2,0,0,2,3
2020-07-07,US,Nebraska,Madison,376,4,0,41.91676024,-97.6005481,31119.0,1071.2555913273884,1.0638297872340423,372,377,4,0,373,371,35392,-1,0,0,-1,6
2020-07-07,US,Nebraska,Merrick,39,0,0,41.16624273,-98.0374887,31121.0,502.9013539651838,0.0,39,39,0,0,39,39,7733,0,0,0,0,0
2020-07-07,US,Nebraska,Morrill,51,0,0,41.71711774,-103.0061405,31123.0,1098.664368806549,0.0,51,50,0,0,50,46,4686,1,0,0,1,4
2020-07-07,US,Nebraska,Nance,4,0,0,41.39750195,-97.99327291,31125.0,113.66865586814436,0.0,4,4,0,0,4,4,3532,0,0,0,0,0
2020-07-07,US,Nebraska,Nemaha,5,0,0,40.38514847,-95.85433992,31127.0,71.7154331612163,0.0,5,5,0,0,5,6,6958,0,0,0,0,-1
2020-07-07,US,Nebraska,Nuckolls,1,0,0,40.17637905,-98.04743961,31129.0,24.108003857280607,0.0,1,1,0,0,1,2,4195,0,0,0,0,-1
2020-07-07,US,Nebraska,Otoe,25,0,0,40.64843556,-96.13374142,31131.0,156.13290032475643,0.0,25,25,0,0,25,25,15985,0,0,0,0,0
2020-07-07,US,Nebraska,Phelps,27,0,0,40.51156033,-99.41461667,31137.0,298.87093203453617,0.0,27,27,0,0,27,27,8996,0,0,0,0,0
2020-07-07,US,Nebraska,Pierce,9,0,0,42.26434853,-97.60122773,31139.0,125.90934527140459,0.0,9,9,0,0,9,9,7142,0,0,0,0,0
2020-07-07,US,Nebraska,Platte,672,3,0,41.57246836,-97.52144359,31141.0,2007.7681505826115,0.44642857142857145,669,671,3,0,668,669,33363,1,0,0,1,2
2020-07-07,US,Nebraska,Polk,13,0,0,41.18813488,-97.56630712,31143.0,249.37655860349128,0.0,13,13,0,0,13,13,5278,0,0,0,0,0
2020-07-07,US,Nebraska,Red Willow,8,0,0,40.17556879999999,-100.476998,31145.0,74.59903021260723,0.0,8,8,0,0,8,8,10726,0,0,0,0,0
2020-07-07,US,Nebraska,Richardson,5,1,0,40.1247415,-95.71755036,31147.0,63.57279084551812,20.0,4,5,1,0,4,5,7937,0,0,0,0,0
2020-07-07,US,Nebraska,Rock,2,0,0,42.42252217,-99.44832069,31149.0,147.38393515106853,0.0,2,2,0,0,2,2,1360,0,0,0,0,0
2020-07-07,US,Nebraska,Saline,540,2,0,40.52418865,-97.14085859,31151.0,3796.400449943757,0.3703703703703704,538,539,2,0,537,540,14350,1,0,0,1,-1
2020-07-07,US,Nebraska,Sarpy,1259,8,0,41.11314181,-96.11156432,31153.0,672.5571059210666,0.6354249404289118,1251,1242,8,0,1234,1237,184459,17,0,0,17,5
2020-07-07,US,Nebraska,Saunders,81,2,0,41.227810299999994,-96.63773905,31155.0,375.3823338585597,2.469135802469136,79,79,2,0,77,79,21303,2,0,0,2,0
2020-07-07,US,Nebraska,Scotts Bluff,229,3,0,41.85070896,-103.70809859999999,31157.0,642.9333483070358,1.310043668122271,226,227,3,0,224,224,35989,2,0,0,2,3
2020-07-07,US,Nebraska,Seward,44,1,0,40.87241834,-97.139673,31159.0,254.570701226568,2.272727272727273,43,41,1,0,40,39,17318,3,0,0,3,2
2020-07-07,US,Nebraska,Sheridan,8,0,0,42.50284406,-102.4126613,31161.0,152.49714067861228,0.0,8,8,0,0,8,8,5190,0,0,0,0,0
2020-07-07,US,Nebraska,Sherman,5,0,0,41.22045983,-98.97588642,31163.0,166.61112962345885,0.0,5,5,0,0,5,5,3038,0,0,0,0,0
2020-07-07,US,Nebraska,Sioux,6,0,0,42.48932059,-103.7576544,31165.0,514.5797598627787,0.0,6,6,0,0,6,6,1187,0,0,0,0,0
2020-07-07,US,Nebraska,Stanton,21,0,0,41.9169835,-97.19394708,31167.0,354.72972972972974,0.0,21,21,0,0,21,21,5970,0,0,0,0,0
2020-07-07,US,Nebraska,Thayer,1,0,0,40.17626377,-97.59504381,31169.0,19.98800719568259,0.0,1,1,0,0,1,1,5039,0,0,0,0,0
2020-07-07,US,Nebraska,Thomas,1,0,0,41.91358968,-100.5556632,31171.0,138.50415512465375,0.0,1,1,0,0,1,1,720,0,0,0,0,0
2020-07-07,US,Nebraska,Thurston,166,1,0,42.15725356,-96.54157099,31173.0,2297.895902547065,0.6024096385542169,165,128,1,0,127,128,7303,38,0,0,38,0
2020-07-07,US,Nebraska,Unassigned,126,1,0,0.0,0.0,90031.0,0.0,0.7936507936507936,125,166,1,0,165,168,,-40,0,0,-40,-2
2020-07-07,US,Nebraska,Valley,8,0,0,41.56730777,-98.98197724,31175.0,192.40019240019242,0.0,8,8,0,0,8,8,4190,0,0,0,0,0
2020-07-07,US,Nebraska,Washington,50,1,0,41.52815707,-96.22019892,31177.0,241.20796951131263,2.0,49,50,1,0,49,50,20667,0,0,0,0,0
2020-07-07,US,Nebraska,Wayne,28,0,0,42.20934475,-97.11926964,31179.0,298.3484283431007,0.0,28,28,0,0,28,28,9403,0,0,0,0,0
2020-07-07,US,Nebraska,Webster,7,0,0,40.17642643,-98.50019851,31181.0,200.7456266131345,0.0,7,7,0,0,7,7,3533,0,0,0,0,0
2020-07-07,US,Nebraska,York,47,0,0,40.87272618,-97.59710186,31185.0,343.5923678631479,0.0,47,45,0,0,45,45,13772,2,0,0,2,0
2020-07-07,US,Nevada,Carson City,182,5,0,39.15509045,-119.7480219,32510.0,325.4882323485228,2.7472527472527477,177,180,5,0,175,177,55414,2,0,0,2,3
2020-07-07,US,Nevada,Churchill,20,1,0,39.58105744,-118.3394607,32001.0,80.29226384037898,5.0,19,18,1,0,17,18,24440,2,0,0,2,0
2020-07-07,US,Nevada,Clark,19654,450,0,36.21458855,-115.0130241,32003.0,867.0697463068802,2.2896102574539534,19204,18818,439,0,18379,18442,2231647,836,11,0,825,376
2020-07-07,US,Nevada,Douglas,76,0,0,38.912862,-119.61713329999999,32005.0,155.4033329925366,0.0,76,74,0,0,74,73,48467,2,0,0,2,1
2020-07-07,US,Nevada,Elko,162,1,0,41.14531606,-115.3577619,32007.0,306.94607601652206,0.6172839506172839,161,155,1,0,154,144,52460,7,0,0,7,11
2020-07-07,US,Nevada,Eureka,1,0,0,39.98100864,-116.26832040000001,32011.0,49.28536224741252,0.0,1,1,0,0,1,1,2003,0,0,0,0,0
2020-07-07,US,Nevada,Humboldt,86,4,0,41.40692186,-118.11094270000001,32013.0,510.9619155130414,4.651162790697675,82,84,4,0,80,84,16786,2,0,0,2,0
2020-07-07,US,Nevada,Lander,38,0,0,39.933223299999995,-117.03970749999999,32015.0,686.9125090383225,0.0,38,38,0,0,38,38,5575,0,0,0,0,0
2020-07-07,US,Nevada,Lincoln,2,0,0,37.64268459,-114.8790388,32017.0,38.58769052672198,0.0,2,2,0,0,2,2,5201,0,0,0,0,0
2020-07-07,US,Nevada,Lyon,132,2,0,39.01777974,-119.18704790000001,32019.0,229.52529994783515,1.5151515151515151,130,129,2,0,127,127,55808,3,0,0,3,2
2020-07-07,US,Nevada,Mineral,5,0,0,38.53841696,-118.4344506,32021.0,110.98779134295229,0.0,5,5,0,0,5,5,4514,0,0,0,0,0
2020-07-07,US,Nevada,Nye,150,3,0,38.04264256,-116.47227020000001,32023.0,322.42116802441797,2.0,147,130,3,0,127,125,45346,20,0,0,20,5
2020-07-07,US,Nevada,Pershing,9,0,0,40.44003782,-118.40056409999998,32027.0,133.82899628252787,0.0,9,9,0,0,9,9,6666,0,0,0,0,0
2020-07-07,US,Nevada,Storey,2,0,0,39.44875482,-119.5250207,32029.0,48.508367693427104,0.0,2,2,0,0,2,2,4029,0,0,0,0,0
2020-07-07,US,Nevada,Washoe,3260,82,0,40.66562265,-119.6631594,32031.0,691.3825317749656,2.515337423312884,3178,3258,82,0,3176,3165,465735,2,0,0,2,93
2020-07-07,US,Nevada,White Pine,6,0,0,39.44157041,-114.89996599999999,32033.0,62.63048016701461,0.0,6,6,0,0,6,6,9475,0,0,0,0,0
2020-07-07,US,New Hampshire,Belknap,86,2,0,43.51637314,-71.41684235,33001.0,140.28677226236886,2.3255813953488373,84,85,2,0,83,82,61022,1,0,0,1,3
2020-07-07,US,New Hampshire,Carroll,64,0,0,43.87498583,-71.20430216,33003.0,130.85258638315273,0.0,64,63,0,0,63,60,48779,1,0,0,1,3
2020-07-07,US,New Hampshire,Cheshire,74,2,0,42.92015988,-72.25311043,33005.0,97.2596438194125,2.702702702702702,72,73,2,0,71,73,76493,1,0,0,1,0
2020-07-07,US,New Hampshire,Coos,9,0,0,44.69063265,-71.30633239,33007.0,28.5143997718848,0.0,9,9,0,0,9,7,31589,0,0,0,0,2
2020-07-07,US,New Hampshire,Grafton,88,1,0,43.93779815,-71.82057197,33009.0,97.9017867076074,1.1363636363636365,87,88,1,0,87,88,89786,0,0,0,0,0
2020-07-07,US,New Hampshire,Hillsborough,3361,254,0,42.91537785,-71.7200253,33011.0,805.9468856783168,7.557274620648616,3107,3348,253,0,3095,3341,415247,13,1,0,12,7
2020-07-07,US,New Hampshire,Merrimack,420,19,0,43.29662971,-71.6811573,33013.0,277.427323949244,4.523809523809524,401,419,18,0,401,418,151132,1,1,0,0,1
2020-07-07,US,New Hampshire,Rockingham,1499,92,0,42.98499744,-71.12883377,33015.0,483.9089773347236,6.137424949966644,1407,1495,92,0,1403,1494,309176,4,0,0,4,1
2020-07-07,US,New Hampshire,Strafford,295,13,0,43.291833000000004,-71.02336013,33017.0,225.8234902360047,4.40677966101695,282,296,13,0,283,295,130090,-1,0,0,-1,1
2020-07-07,US,New Hampshire,Sullivan,35,1,0,43.36094111,-72.22203125,33019.0,81.11991841653919,2.8571428571428568,34,35,1,0,34,35,43144,0,0,0,0,0
2020-07-07,US,New Hampshire,Unassigned,1,0,0,0.0,0.0,90033.0,0.0,0.0,1,3,0,0,3,4,,-2,0,0,-2,-1
2020-07-07,US,New Jersey,Atlantic,2961,222,0,39.47538693,-74.65848483,34001.0,1122.9946524064173,7.497467071935158,2739,2949,221,0,2728,2936,265429,12,1,0,11,13
2020-07-07,US,New Jersey,Bergen,19676,2009,0,40.96010917,-74.07164325,34003.0,2110.701328681981,10.210408619638137,17667,19655,2006,0,17649,19625,936692,21,3,0,18,30
2020-07-07,US,New Jersey,Burlington,5295,438,0,39.87681124,-74.66927768,34005.0,1188.9551789719972,8.271954674220963,4857,5277,434,0,4843,5262,445384,18,4,0,14,15
2020-07-07,US,New Jersey,Camden,7536,534,0,39.80343818,-74.96388753,34007.0,1487.943041161291,7.085987261146497,7002,7496,525,0,6971,7479,507078,40,9,0,31,17
2020-07-07,US,New Jersey,Cape May,720,75,0,39.15008829,-74.80170244,34009.0,782.2770781951131,10.416666666666666,645,720,74,0,646,716,92560,0,1,0,-1,4
2020-07-07,US,New Jersey,Cumberland,3029,149,0,39.37199394,-75.10712559,34011.0,2025.7211072247821,4.919115219544404,2880,3021,149,0,2872,3017,150972,8,0,0,8,4
2020-07-07,US,New Jersey,Essex,18918,2042,0,40.78681335,-74.24657979,34013.0,2367.7837228949593,10.793952849138385,16876,18895,2041,0,16854,18887,799767,23,1,0,22,8
2020-07-07,US,New Jersey,Gloucester,2671,190,0,39.71581067,-75.13995546,34015.0,915.8677255208548,7.113440658929241,2481,2656,188,0,2468,2645,291408,15,2,0,13,11
2020-07-07,US,New Jersey,Hudson,19016,1460,0,40.73766234,-74.07515667,34017.0,2828.116378714172,7.6777450567942775,17556,18990,1456,0,17534,18976,676061,26,4,0,22,14
2020-07-07,US,New Jersey,Hunterdon,1090,124,0,40.56335249,-74.91284156,34019.0,876.4100956010643,11.376146788990825,966,1090,124,0,966,1088,124714,0,0,0,0,2
2020-07-07,US,New Jersey,Mercer,7756,592,0,40.28047017,-74.70479631,34021.0,2110.878262526196,7.632800412583807,7164,7745,591,0,7154,7740,369811,11,1,0,10,5
2020-07-07,US,New Jersey,Middlesex,16966,1338,0,40.43629879,-74.41426991,34023.0,2056.3303121462386,7.8863609572085345,15628,16957,1333,0,15624,16913,829685,9,5,0,4,44
2020-07-07,US,New Jersey,Monmouth,9346,822,0,40.26549699,-74.22240686,34025.0,1510.3548024790116,8.79520650545688,8524,9320,820,0,8500,9308,621354,26,2,0,24,12
2020-07-07,US,New Jersey,Morris,6830,806,0,40.86095313,-74.54553709999998,34027.0,1388.6488629547928,11.800878477306005,6024,6820,806,0,6014,6809,494228,10,0,0,10,11
2020-07-07,US,New Jersey,Ocean,9738,982,0,39.8895449,-74.28089251,34029.0,1603.7919187860064,10.084206202505648,8756,9716,974,0,8742,9706,601651,22,8,0,14,10
2020-07-07,US,New Jersey,Passaic,16974,1200,0,41.03238628,-74.29954144,34031.0,3382.4473024514477,7.069635913750441,15774,16963,1196,0,15767,16954,503310,11,4,0,7,9
2020-07-07,US,New Jersey,Salem,807,77,0,39.58719656,-75.34696629999998,34033.0,1293.580187545083,9.541511771995042,730,805,77,0,728,802,62607,2,0,0,2,3
2020-07-07,US,New Jersey,Somerset,4945,535,0,40.56465737,-74.61683016,34035.0,1503.341095782133,10.819009100101113,4410,4943,531,0,4412,4937,331164,2,4,0,-2,6
2020-07-07,US,New Jersey,Sussex,1214,193,0,41.13891592,-74.69118243,34037.0,864.1307442628553,15.897858319604614,1021,1211,193,0,1018,1209,140799,3,0,0,3,2
2020-07-07,US,New Jersey,Unassigned,682,0,0,0.0,0.0,90034.0,0.0,0.0,682,695,0,0,695,685,,-13,0,0,-13,10
2020-07-07,US,New Jersey,Union,16450,1331,0,40.65835409,-74.30680092,34039.0,2956.819648381119,8.091185410334347,15119,16432,1328,0,15104,16455,558067,18,3,0,15,-23
2020-07-07,US,New Jersey,Warren,1258,162,0,40.85951833,-74.99556527,34041.0,1195.0563804421138,12.877583465818761,1096,1255,162,0,1093,1253,105779,3,0,0,3,2
2020-07-07,US,New Mexico,Bernalillo,2618,89,0,35.05163625,-106.6703554,35001.0,385.498313260818,3.399541634835753,2529,2531,88,0,2443,2471,678701,87,1,0,86,60
2020-07-07,US,New Mexico,Catron,2,1,0,33.91514144,-108.4046587,35003.0,56.70541536716757,50.0,1,2,1,0,1,2,3578,0,0,0,0,0
2020-07-07,US,New Mexico,Chaves,133,2,0,33.36406072,-104.4665365,35005.0,205.83455853903894,1.5037593984962403,131,127,2,0,125,120,64689,6,0,0,6,7
2020-07-07,US,New Mexico,Cibola,242,14,0,34.91131525,-107.998876,35006.0,907.2164948453607,5.785123966942148,228,241,14,0,227,233,26746,1,0,0,1,8
2020-07-07,US,New Mexico,Colfax,9,1,0,36.60569702,-104.64726740000002,35007.0,75.37057197889624,11.111111111111109,8,9,1,0,8,9,12110,0,0,0,0,0
2020-07-07,US,New Mexico,Curry,201,0,0,34.57421077,-103.34688759999999,35009.0,410.58953303100884,0.0,201,199,0,0,199,193,49437,2,0,0,2,6
2020-07-07,US,New Mexico,Dona Ana,1233,10,0,32.35275771,-106.83293870000001,35013.0,565.0908590939298,0.8110300081103001,1223,1211,10,0,1201,1128,217522,22,0,0,22,83
2020-07-07,US,New Mexico,Eddy,107,1,0,32.47167456,-104.3053527,35015.0,183.03113239822102,0.9345794392523364,106,104,1,0,103,103,57900,3,0,0,3,1
2020-07-07,US,New Mexico,Grant,24,0,0,32.73911281,-108.3827845,35017.0,88.89547373879545,0.0,24,24,0,0,24,24,27346,0,0,0,0,0
2020-07-07,US,New Mexico,Guadalupe,20,0,0,34.86319296,-104.790669,35019.0,465.11627906976736,0.0,20,20,0,0,20,20,4341,0,0,0,0,0
2020-07-07,US,New Mexico,Harding,1,0,0,35.85751555,-103.82209379999999,35021.0,160.0,0.0,1,1,0,0,1,1,655,0,0,0,0,0
2020-07-07,US,New Mexico,Hidalgo,61,0,0,31.91383467,-108.7151824,35023.0,1453.0728918532636,0.0,61,60,0,0,60,59,4240,1,0,0,1,1
2020-07-07,US,New Mexico,Lea,211,0,0,32.79215361,-103.4123733,35025.0,296.89038975657814,0.0,211,204,0,0,204,187,69611,7,0,0,7,17
2020-07-07,US,New Mexico,Lincoln,14,0,0,33.74526079,-105.4586166,35027.0,71.53075822603721,0.0,14,14,0,0,14,13,19556,0,0,0,0,1
2020-07-07,US,New Mexico,Los Alamos,11,0,0,35.86631386,-106.31349850000001,35028.0,56.79178068046879,0.0,11,9,0,0,9,8,19101,2,0,0,2,1
2020-07-07,US,New Mexico,Luna,112,3,0,32.18179341,-107.75088259999998,35029.0,472.39444936522005,2.6785714285714284,109,104,3,0,101,101,23963,8,0,0,8,3
2020-07-07,US,New Mexico,McKinley,3525,181,0,35.58007720000001,-108.262245,35031.0,4939.257640085753,5.134751773049645,3344,3514,179,0,3335,3502,72290,11,2,0,9,12
2020-07-07,US,New Mexico,Otero,63,7,0,32.61348406,-105.7417604,35035.0,93.34716254259891,11.111111111111109,56,60,7,0,53,58,66781,3,0,0,3,2
2020-07-07,US,New Mexico,Quay,8,1,0,35.10403332,-103.54817270000001,35037.0,96.93444807948623,12.5,7,7,1,0,6,6,8253,1,0,0,1,1
2020-07-07,US,New Mexico,Rio Arriba,119,1,0,36.51072137,-106.69316740000001,35039.0,305.7475398884921,0.8403361344537815,118,110,1,0,109,106,39006,9,0,0,9,4
2020-07-07,US,New Mexico,Roosevelt,74,1,0,34.02097406,-103.4799493,35041.0,400.0,1.351351351351351,73,72,1,0,71,71,18743,2,0,0,2,1
2020-07-07,US,New Mexico,San Juan,2594,165,0,36.50838318,-108.32043700000001,35045.0,2092.6442827409282,6.360832690824982,2429,2560,164,0,2396,2542,125043,34,1,0,33,18
2020-07-07,US,New Mexico,San Miguel,23,0,0,35.48014807,-104.8163562,35047.0,84.32012318070169,0.0,23,22,0,0,22,22,27591,1,0,0,1,0
2020-07-07,US,New Mexico,Sandoval,776,30,0,35.68862401,-106.86878030000001,35043.0,528.7976667484395,3.865979381443299,746,769,30,0,739,761,145179,7,0,0,7,8
2020-07-07,US,New Mexico,Santa Fe,283,3,0,35.50708973,-105.9774716,35049.0,188.21745434230306,1.060070671378092,280,275,3,0,272,267,150056,8,0,0,8,8
2020-07-07,US,New Mexico,Sierra,14,0,0,33.13028233,-107.1925893,35051.0,129.7377444166435,0.0,14,14,0,0,14,14,10968,0,0,0,0,0
2020-07-07,US,New Mexico,Socorro,61,5,0,34.00715494,-106.9298354,35053.0,366.65264170222997,8.196721311475411,56,61,5,0,56,60,16735,0,0,0,0,1
2020-07-07,US,New Mexico,Taos,49,1,0,36.58006022,-105.63101979999999,35055.0,149.74177184243499,2.0408163265306123,48,49,1,0,48,48,32835,0,0,0,0,1
2020-07-07,US,New Mexico,Torrance,48,1,0,34.64048375,-105.8508949,35057.0,310.45857318414073,2.083333333333333,47,48,1,0,47,48,15591,0,0,0,0,0
2020-07-07,US,New Mexico,Unassigned,928,0,0,0.0,0.0,90035.0,0.0,0.0,928,927,0,0,927,925,,1,0,0,1,2
2020-07-07,US,New Mexico,Union,8,0,0,36.48126404,-103.4709624,35059.0,197.09288001970933,0.0,8,8,0,0,8,8,4118,0,0,0,0,0
2020-07-07,US,New Mexico,Valencia,155,2,0,34.71669834,-106.8103733,35061.0,202.11767160442315,1.2903225806451613,153,151,2,0,149,146,76456,4,0,0,4,5
2020-07-07,US,New York,Albany,2164,121,0,42.60060306,-73.97723916,36001.0,708.3330605618221,5.591497227356747,2043,2160,121,0,2039,2152,307117,4,0,0,4,8
2020-07-07,US,New York,Allegany,63,1,0,42.25748406,-78.02750466,36003.0,136.68612093467272,1.5873015873015872,62,63,1,0,62,63,46430,0,0,0,0,0
2020-07-07,US,New York,Broome,762,58,0,42.15903158,-75.81326086,36007.0,400.0251984376968,7.6115485564304475,704,757,58,0,699,753,191659,5,0,0,5,4
2020-07-07,US,New York,Cattaraugus,128,6,0,42.24778241,-78.67923096,36009.0,168.16217139403813,4.6875,122,128,6,0,122,127,76840,0,0,0,0,1
2020-07-07,US,New York,Cayuga,122,2,0,42.91261714,-76.55731592,36011.0,159.3188466360217,1.639344262295082,120,122,2,0,120,120,77145,0,0,0,0,2
2020-07-07,US,New York,Chautauqua,135,7,0,42.22769210000001,-79.36691763,36013.0,106.38046381882224,5.185185185185184,128,134,7,0,127,132,127939,1,0,0,1,2
2020-07-07,US,New York,Chemung,147,2,0,42.13891056,-76.7638805,36015.0,176.14072085889572,1.3605442176870748,145,146,2,0,144,146,84254,1,0,0,1,0
2020-07-07,US,New York,Chenango,157,5,0,42.49430041,-75.60887553,36017.0,332.577795665897,3.1847133757961785,152,156,5,0,151,150,47536,1,0,0,1,6
2020-07-07,US,New York,Clinton,105,4,0,44.74530905,-73.67875352,36019.0,130.45909175622788,3.809523809523809,101,103,4,0,99,103,80695,2,0,0,2,0
2020-07-07,US,New York,Columbia,479,37,0,42.24819348,-73.63089095,36021.0,805.5700375035738,7.724425887265136,442,477,37,0,440,475,59916,2,0,0,2,2
2020-07-07,US,New York,Cortland,53,0,0,42.59509207,-76.07048931,36023.0,111.38899981084887,0.0,53,52,0,0,52,51,47823,1,0,0,1,1
2020-07-07,US,New York,Delaware,91,4,0,42.19837623,-74.96709306,36025.0,206.18556701030928,4.395604395604397,87,91,4,0,87,91,44527,0,0,0,0,0
2020-07-07,US,New York,Dutchess,4248,152,0,41.76486060000001,-73.74356679,36027.0,1443.8273661026858,3.5781544256120528,4096,4246,152,0,4094,4243,293718,2,0,0,2,3
2020-07-07,US,New York,Erie,7544,639,0,42.76249024,-78.73063652,36029.0,821.1585476030314,8.470307529162246,6905,7500,639,0,6861,7475,919719,44,0,0,44,25
2020-07-07,US,New York,Essex,49,0,0,44.11630765,-73.77297842,36031.0,132.84533007997828,0.0,49,49,0,0,49,48,37300,0,0,0,0,1
2020-07-07,US,New York,Franklin,33,0,0,44.59040891,-74.29926032,36033.0,65.97097277198033,0.0,33,33,0,0,33,33,50293,0,0,0,0,0
2020-07-07,US,New York,Fulton,262,24,0,43.11363907,-74.41798804,36035.0,490.7929490661821,9.16030534351145,238,262,24,0,238,261,53591,0,0,0,0,1
2020-07-07,US,New York,Genesee,242,5,0,43.0022601,-78.19135193,36037.0,422.48603351955313,2.066115702479338,237,242,5,0,237,239,57511,0,0,0,0,3
2020-07-07,US,New York,Greene,263,18,0,42.275797,-74.12384884,36039.0,557.3450877341697,6.844106463878328,245,263,18,0,245,263,47491,0,0,0,0,0
2020-07-07,US,New York,Hamilton,6,0,0,43.66146647,-74.49721957,36041.0,135.8695652173913,0.0,6,6,0,0,6,6,4434,0,0,0,0,0
2020-07-07,US,New York,Herkimer,181,4,0,43.42034246,-74.96145307,36043.0,295.1776773919992,2.209944751381216,177,179,3,0,176,173,61833,2,1,0,1,6
2020-07-07,US,New York,Jefferson,94,0,0,44.04200959,-75.94653457,36045.0,85.58369903672815,0.0,94,94,0,0,94,94,111755,0,0,0,0,0
2020-07-07,US,New York,Lewis,31,0,0,43.784415700000004,-75.44903992,36049.0,117.88865226650441,0.0,31,31,0,0,31,31,26447,0,0,0,0,0
2020-07-07,US,New York,Livingston,134,8,0,42.72596275,-77.77966158,36051.0,212.98915980544868,5.970149253731344,126,133,8,0,125,132,63227,1,0,0,1,1
2020-07-07,US,New York,Madison,367,17,0,42.91653905,-75.67266639,36053.0,517.3313034775376,4.632152588555858,350,364,17,0,347,363,70795,3,0,0,3,1
2020-07-07,US,New York,Monroe,4004,273,0,43.14638895,-77.69322942,36055.0,539.7899618480121,6.8181818181818175,3731,3974,273,0,3701,3953,742474,30,0,0,30,21
2020-07-07,US,New York,Montgomery,121,4,0,42.90123494,-74.44011632,36057.0,245.83003189695447,3.3057851239669422,117,120,4,0,116,119,49455,1,0,0,1,1
2020-07-07,US,New York,Nassau,42088,2187,0,40.74066522,-73.58941873,36059.0,3101.7212459946168,5.196255464740544,39901,42053,2187,0,39866,42031,1358343,35,0,0,35,22
2020-07-07,US,New York,New York City,217488,23218,0,40.76727260000001,-73.97152637,36061.0,2608.7654316989324,10.675531523578313,194270,217216,23201,0,194015,216969,1628701,272,17,0,255,247
2020-07-07,US,New York,Niagara,1297,90,0,43.19898042,-78.74777412,36063.0,619.7409224917694,6.939090208172706,1207,1290,88,0,1202,1284,210433,7,2,0,5,6
2020-07-07,US,New York,Oneida,1760,98,0,43.24375382,-75.43710392,36065.0,769.6647148086115,5.568181818181818,1662,1749,98,0,1651,1742,229577,11,0,0,11,7
2020-07-07,US,New York,Onondaga,2997,188,0,43.00491923,-76.19971155,36067.0,650.7747628808672,6.27293960627294,2809,2963,188,0,2775,2949,461809,34,0,0,34,14
2020-07-07,US,New York,Ontario,283,33,0,42.85145728,-77.30874425,36069.0,257.7953487524709,11.660777385159012,250,282,33,0,249,280,109864,1,0,0,1,2
2020-07-07,US,New York,Orange,10798,484,0,41.40337468,-74.30240757,36071.0,2805.112485062607,4.482311539173921,10314,10781,484,0,10297,10775,381951,17,0,0,17,6
2020-07-07,US,New York,Orleans,285,54,0,43.2516977,-78.2320066,36073.0,706.2846946867566,18.94736842105263,231,284,54,0,230,282,40612,1,0,0,1,2
2020-07-07,US,New York,Oswego,207,3,0,43.42778894,-76.14635194,36075.0,176.73576722106486,1.4492753623188406,204,206,3,0,203,206,117898,1,0,0,1,0
2020-07-07,US,New York,Otsego,86,5,0,42.63492579,-75.03151402,36077.0,144.55482157564757,5.813953488372092,81,86,5,0,81,86,59749,0,0,0,0,0
2020-07-07,US,New York,Putnam,1340,63,0,41.42630093,-73.74965532,36079.0,1362.8966639544344,4.701492537313434,1277,1337,63,0,1274,1336,98892,3,0,0,3,1
2020-07-07,US,New York,Rensselaer,571,30,0,42.71348136,-73.51089874,36083.0,359.7666242423478,5.253940455341506,541,568,30,0,538,565,159442,3,0,0,3,3
2020-07-07,US,New York,Rockland,13668,668,0,41.15027894,-74.02560498,36087.0,4195.353434278014,4.88732806555458,13000,13656,668,0,12988,13648,325695,12,0,0,12,8
2020-07-07,US,New York,Saratoga,578,17,0,43.10904162,-73.86653895,36091.0,251.4541270234879,2.9411764705882355,561,572,17,0,555,566,230163,6,0,0,6,6
2020-07-07,US,New York,Schenectady,843,37,0,42.81668777,-74.05278291,36093.0,542.8238430382681,4.389086595492288,806,838,37,0,801,834,155350,5,0,0,5,4
2020-07-07,US,New York,Schoharie,59,0,0,42.58831742,-74.44339029999998,36095.0,190.32872028129933,0.0,59,59,0,0,59,59,31097,0,0,0,0,0
2020-07-07,US,New York,Schuyler,13,0,0,42.39184015,-76.8773299,36097.0,73.0049980344808,0.0,13,13,0,0,13,13,17912,0,0,0,0,0
2020-07-07,US,New York,Seneca,71,0,0,42.78081007,-76.82497064,36099.0,208.72530573847598,0.0,71,71,0,0,71,71,34300,0,0,0,0,0
2020-07-07,US,New York,St. Lawrence,226,2,0,44.4976179,-75.06550039,36089.0,209.76424726192687,0.8849557522123894,224,226,2,0,224,224,108047,0,0,0,0,2
2020-07-07,US,New York,Steuben,271,41,0,42.2689144,-77.3829924,36101.0,284.1296302121012,15.129151291512914,230,271,41,0,230,270,95796,0,0,0,0,1
2020-07-07,US,New York,Suffolk,41730,1985,0,40.88320119,-72.8012172,36103.0,2826.0850426079896,4.7567697100407385,39745,41685,1984,0,39701,41642,1481093,45,1,0,44,43
2020-07-07,US,New York,Sullivan,1459,48,0,41.71579493,-74.76394559,36105.0,1934.1923851946124,3.2899246058944485,1411,1457,48,0,1409,1456,75498,2,0,0,2,1
2020-07-07,US,New York,Tioga,150,24,0,42.16852837,-76.30835812,36107.0,311.18395120635637,16.0,126,148,24,0,124,146,48560,2,0,0,2,2
2020-07-07,US,New York,Tompkins,179,0,0,42.44945765,-76.47229843,36109.0,175.18105304364846,0.0,179,179,0,0,179,179,102793,0,0,0,0,0
2020-07-07,US,New York,Ulster,1843,86,0,41.89027881,-74.26252104,36111.0,1037.8830114938644,4.666304937601736,1757,1840,86,0,1754,1834,178599,3,0,0,3,6
2020-07-07,US,New York,Warren,273,33,0,43.56173026,-73.8433699,36113.0,426.9360690604279,12.087912087912088,240,272,33,0,239,269,64265,1,0,0,1,3
2020-07-07,US,New York,Washington,247,14,0,43.31153794,-73.43043448,36115.0,403.5683942225998,5.668016194331983,233,247,14,0,233,246,61197,0,0,0,0,1
2020-07-07,US,New York,Wayne,191,3,0,43.15494365,-77.02976528,36117.0,212.41575657821568,1.5706806282722514,188,186,3,0,183,185,90064,5,0,0,5,1
2020-07-07,US,New York,Westchester,35106,1430,0,41.16278376,-73.75741653,36119.0,3628.504629428655,4.073377770181735,33676,35084,1427,0,33657,35043,967612,22,3,0,19,41
2020-07-07,US,New York,Wyoming,97,5,0,42.70145109,-78.22199579,36121.0,243.3578363732156,5.154639175257731,92,97,5,0,92,97,40085,0,0,0,0,0
2020-07-07,US,New York,Yates,48,6,0,42.63505484,-77.10369919,36123.0,192.67049331674232,12.5,42,48,6,0,42,48,24841,0,0,0,0,0
2020-07-07,US,North Carolina,Alamance,1320,37,0,36.0434701,-79.39976137,37001.0,778.7197139974869,2.803030303030303,1283,1292,37,0,1255,1274,166436,28,0,0,28,18
2020-07-07,US,North Carolina,Alexander,134,1,0,35.922379600000006,-81.17751948,37003.0,357.3619222871164,0.746268656716418,133,124,1,0,123,118,37353,10,0,0,10,6
2020-07-07,US,North Carolina,Alleghany,37,0,0,36.49360862,-81.12857041,37005.0,332.2259136212625,0.0,37,37,0,0,37,37,11161,0,0,0,0,0
2020-07-07,US,North Carolina,Anson,162,2,0,34.97403241,-80.09953279,37007.0,662.6851018571546,1.2345679012345678,160,155,2,0,153,149,24877,7,0,0,7,6
2020-07-07,US,North Carolina,Ashe,60,1,0,36.43296207,-81.49862729,37009.0,220.5639083924567,1.6666666666666667,59,60,1,0,59,57,27109,0,0,0,0,3
2020-07-07,US,North Carolina,Avery,27,0,0,36.07569796,-81.92308483,37011.0,153.7848151734351,0.0,27,25,0,0,25,15,17505,2,0,0,2,10
2020-07-07,US,North Carolina,Beaufort,110,0,0,35.48531943,-76.84325809,37013.0,234.07243477890802,0.0,110,108,0,0,108,104,47079,2,0,0,2,4
2020-07-07,US,North Carolina,Bertie,151,4,0,36.0688473,-76.96545943,37015.0,796.9599408877394,2.6490066225165565,147,151,4,0,147,151,19026,0,0,0,0,0
2020-07-07,US,North Carolina,Bladen,406,4,0,34.61296243,-78.56180059,37017.0,1240.7554550455352,0.9852216748768472,402,399,3,0,396,399,33190,7,1,0,6,0
2020-07-07,US,North Carolina,Brunswick,677,7,0,34.070565,-78.22814204,37019.0,474.0232460439714,1.03397341211226,670,662,6,0,656,646,136744,15,1,0,14,16
2020-07-07,US,North Carolina,Buncombe,711,30,0,35.61113393,-82.53305,37021.0,272.2145862606292,4.219409282700422,681,693,40,0,653,675,259103,18,-10,0,28,18
2020-07-07,US,North Carolina,Burke,1129,20,0,35.74989637,-81.70755735,37023.0,1247.7206166767976,1.7714791851195748,1109,1110,20,0,1090,1105,90382,19,0,0,19,5
2020-07-07,US,North Carolina,Cabarrus,1399,33,0,35.3877799,-80.55267168,37025.0,646.3296882002097,2.3588277340957826,1366,1368,33,0,1335,1343,211342,31,0,0,31,25
2020-07-07,US,North Carolina,Caldwell,534,4,0,35.95204977,-81.54799522,37027.0,649.8089513008347,0.7490636704119851,530,522,4,0,518,504,82029,12,0,0,12,18
2020-07-07,US,North Carolina,Camden,33,0,0,36.33804939,-76.15568396,37029.0,303.6716665132971,0.0,33,31,0,0,31,31,10710,2,0,0,2,0
2020-07-07,US,North Carolina,Carteret,111,3,0,34.8932941,-76.54120135,37031.0,159.77430080750798,2.702702702702702,108,109,3,0,106,105,69524,2,0,0,2,4
2020-07-07,US,North Carolina,Caswell,147,2,0,36.39312665,-79.33353281,37033.0,650.3273756857192,1.3605442176870748,145,147,2,0,145,147,22698,0,0,0,0,0
2020-07-07,US,North Carolina,Catawba,1018,14,0,35.66211129,-81.2132617,37035.0,638.04050115637,1.3752455795677798,1004,980,14,0,966,942,158652,38,0,0,38,38
2020-07-07,US,North Carolina,Chatham,999,43,0,35.70394416,-79.25541492,37037.0,1341.4797905196726,4.3043043043043046,956,994,43,0,951,990,73139,5,0,0,5,4
2020-07-07,US,North Carolina,Cherokee,48,2,0,35.1349263,-84.05970864,37039.0,167.76177827484972,4.166666666666667,46,45,2,0,43,44,28383,3,0,0,3,1
2020-07-07,US,North Carolina,Chowan,30,0,0,36.12908077,-76.60118385,37041.0,215.16172990030842,0.0,30,29,0,0,29,27,14029,1,0,0,1,2
2020-07-07,US,North Carolina,Clay,14,0,0,35.05704275,-83.74353633,37043.0,124.65497284302376,0.0,14,12,0,0,12,12,11139,2,0,0,2,0
2020-07-07,US,North Carolina,Cleveland,407,6,0,35.33553364,-81.55204486,37045.0,415.5308483159259,1.4742014742014742,401,398,5,0,393,375,97645,9,1,0,8,23
2020-07-07,US,North Carolina,Columbus,570,39,0,34.26744084,-78.65801424,37047.0,1026.879008431217,6.842105263157895,531,565,39,0,526,556,55655,5,0,0,5,9
2020-07-07,US,North Carolina,Craven,405,7,0,35.11833364,-77.08398081,37049.0,396.5184699282351,1.728395061728395,398,402,6,0,396,396,102912,3,1,0,2,6
2020-07-07,US,North Carolina,Cumberland,1484,41,0,35.04762133,-78.82623165,37051.0,442.3130228995348,2.762803234501348,1443,1374,41,0,1333,1355,332330,110,0,0,110,19
2020-07-07,US,North Carolina,Currituck,21,0,0,36.36123664,-75.95876401,37053.0,75.64024060800345,0.0,21,20,0,0,20,20,27072,1,0,0,1,0
2020-07-07,US,North Carolina,Dare,80,1,0,35.66520691,-75.71767334,37055.0,216.16363587235537,1.25,79,73,1,0,72,72,36501,7,0,0,7,1
2020-07-07,US,North Carolina,Davidson,1114,15,0,35.79115496,-80.21256572,37057.0,664.6421134903258,1.346499102333932,1099,1102,15,0,1087,1072,166614,12,0,0,12,30
2020-07-07,US,North Carolina,Davie,251,4,0,35.93099927,-80.54496571,37059.0,585.818979601363,1.593625498007968,247,233,4,0,229,215,42733,18,0,0,18,18
2020-07-07,US,North Carolina,Duplin,1595,28,0,34.93449805,-77.93140529,37061.0,2715.3095793398143,1.7554858934169284,1567,1579,28,0,1551,1561,58856,16,0,0,16,18
2020-07-07,US,North Carolina,Durham,4176,67,0,36.03638492,-78.87608331,37063.0,1298.9598367590704,1.6044061302681991,4109,4107,67,0,4040,4039,316739,69,0,0,69,68
2020-07-07,US,North Carolina,Edgecombe,352,9,0,35.91230639,-77.59436892,37065.0,683.8669567920423,2.5568181818181817,343,347,9,0,338,334,52005,5,0,0,5,13
2020-07-07,US,North Carolina,Forsyth,3423,37,0,36.12859861,-80.25459052,37067.0,895.3818386324698,1.0809231668127373,3386,3353,37,0,3316,3290,379099,70,0,0,70,63
2020-07-07,US,North Carolina,Franklin,403,21,0,36.081519,-78.28708884,37069.0,578.316710913396,5.2109181141439205,382,388,21,0,367,381,67560,15,0,0,15,7
2020-07-07,US,North Carolina,Gaston,1443,15,0,35.29373559,-81.17477045,37071.0,642.6786740242909,1.0395010395010396,1428,1385,13,0,1372,1325,222846,58,2,0,56,60
2020-07-07,US,North Carolina,Gates,27,2,0,36.44667547,-76.69749701,37073.0,233.52361183186298,7.407407407407407,25,27,2,0,25,27,11573,0,0,0,0,0
2020-07-07,US,North Carolina,Graham,10,0,0,35.3506925,-83.83369267,37075.0,118.46937566639023,0.0,10,10,0,0,10,10,8484,0,0,0,0,0
2020-07-07,US,North Carolina,Granville,854,21,0,36.30337451,-78.65184241,37077.0,1412.90141124696,2.459016393442623,833,854,21,0,833,844,60115,0,0,0,0,10
2020-07-07,US,North Carolina,Greene,192,3,0,35.48544173,-77.67578087,37079.0,911.2914708813896,1.5625,189,190,3,0,187,184,21012,2,0,0,2,6
2020-07-07,US,North Carolina,Guilford,3208,118,0,36.07959451,-79.78824948,37081.0,597.1994176933357,3.678304239401496,3090,3149,117,0,3032,3094,533670,59,1,0,58,55
2020-07-07,US,North Carolina,Halifax,329,4,0,36.25669272,-77.6556109,37083.0,657.868426314737,1.2158054711246202,325,325,4,0,321,323,50574,4,0,0,4,2
2020-07-07,US,North Carolina,Harnett,712,30,0,35.36731853,-78.87243571,37085.0,523.6218156145202,4.213483146067416,682,705,30,0,675,698,134214,7,0,0,7,7
2020-07-07,US,North Carolina,Haywood,107,0,0,35.55269063,-82.98196486,37087.0,171.7027456392317,0.0,107,106,0,0,106,98,61971,1,0,0,1,8
2020-07-07,US,North Carolina,Henderson,738,51,0,35.33788927,-82.4766782,37089.0,628.5290886328215,6.9105691056910565,687,720,50,0,670,703,116748,18,1,0,17,17
2020-07-07,US,North Carolina,Hertford,174,10,0,36.3607755,-76.98104134,37091.0,734.8903999662117,5.747126436781608,164,171,10,0,161,170,23659,3,0,0,3,1
2020-07-07,US,North Carolina,Hoke,415,3,0,35.01888303,-79.23651674,37093.0,751.3488068943042,0.7228915662650602,412,407,3,0,404,403,54764,8,0,0,8,4
2020-07-07,US,North Carolina,Hyde,20,0,0,35.42017674,-76.15180542,37095.0,405.104314360948,0.0,20,20,0,0,20,17,5230,0,0,0,0,3
2020-07-07,US,North Carolina,Iredell,945,9,0,35.80950511,-80.8743128,37097.0,519.7848255833139,0.9523809523809524,936,918,9,0,909,890,178435,27,0,0,27,28
2020-07-07,US,North Carolina,Jackson,147,1,0,35.28814273,-83.14093385,37099.0,334.5623378396832,0.6802721088435374,146,141,1,0,140,138,43327,6,0,0,6,3
2020-07-07,US,North Carolina,Johnston,1789,33,0,35.51745004,-78.36622717,37101.0,854.5947004619302,1.8446059250978202,1756,1737,33,0,1704,1715,202675,52,0,0,52,22
2020-07-07,US,North Carolina,Jones,39,3,0,35.02254606,-77.35870791,37103.0,414.0566939165517,7.6923076923076925,36,38,3,0,35,36,9637,1,0,0,1,2
2020-07-07,US,North Carolina,Lee,875,8,0,35.47623147,-79.17569362,37105.0,1416.338885381764,0.9142857142857144,867,871,8,0,863,869,61452,4,0,0,4,2
2020-07-07,US,North Carolina,Lenoir,391,11,0,35.24032589999999,-77.64245615,37107.0,698.850739065935,2.8132992327365733,380,382,11,0,371,380,55976,9,0,0,9,2
2020-07-07,US,North Carolina,Lincoln,334,2,0,35.48508185,-81.21740317,37109.0,387.8714682212493,0.5988023952095808,332,323,2,0,321,300,83770,11,0,0,11,23
2020-07-07,US,North Carolina,Macon,293,3,0,35.14867843,-83.41696617,37113.0,817.1119415472141,1.023890784982935,290,291,3,0,288,289,35285,2,0,0,2,2
2020-07-07,US,North Carolina,Madison,17,0,0,35.85402722,-82.71346418,37115.0,78.14295564238105,0.0,17,17,0,0,17,16,21763,0,0,0,0,1
2020-07-07,US,North Carolina,Martin,150,4,0,35.84326734,-77.10860251,37117.0,668.4491978609626,2.6666666666666665,146,145,4,0,141,143,22671,5,0,0,5,2
2020-07-07,US,North Carolina,McDowell,280,2,0,35.67736232,-82.0482425,37111.0,611.9416032870007,0.7142857142857143,278,271,2,0,269,267,45507,9,0,0,9,4
2020-07-07,US,North Carolina,Mecklenburg,13317,155,0,35.24469268,-80.8317671,37119.0,1199.3450749129108,1.1639258091161673,13162,13111,155,0,12956,12806,1093901,206,0,0,206,305
2020-07-07,US,North Carolina,Mitchell,59,0,0,36.01059309,-82.1582442,37121.0,394.2796043838546,0.0,59,52,0,0,52,44,15000,7,0,0,7,8
2020-07-07,US,North Carolina,Montgomery,393,9,0,35.33155144,-79.90416657,37123.0,1446.288595296802,2.2900763358778624,384,393,8,0,385,343,27271,0,1,0,-1,50
2020-07-07,US,North Carolina,Moore,543,14,0,35.30885257,-79.48474178,37125.0,538.2632831086439,2.5782688766114177,529,533,14,0,519,530,98682,10,0,0,10,3
2020-07-07,US,North Carolina,Nash,552,6,0,35.96575634,-77.98422508,37127.0,585.3782688922353,1.0869565217391304,546,541,6,0,535,525,94016,11,0,0,11,16
2020-07-07,US,North Carolina,New Hanover,1260,7,0,34.25758282,-77.87075626,37129.0,537.3753054722719,0.5555555555555556,1253,1225,7,0,1218,1118,232274,35,0,0,35,107
2020-07-07,US,North Carolina,Northampton,203,15,0,36.41736238,-77.39769443,37131.0,1041.9339937381308,7.389162561576356,188,203,15,0,188,199,19676,0,0,0,0,4
2020-07-07,US,North Carolina,Onslow,364,3,0,34.72607366,-77.42908179,37133.0,183.89596742414287,0.8241758241758241,361,353,3,0,350,345,197683,11,0,0,11,8
2020-07-07,US,North Carolina,Orange,848,42,0,36.06092947,-79.12167935,37135.0,571.1360758641127,4.952830188679245,806,839,42,0,797,813,146027,9,0,0,9,26
2020-07-07,US,North Carolina,Pamlico,26,1,0,35.15253315,-76.66559823,37137.0,204.30614490020432,3.8461538461538463,25,26,1,0,25,25,12670,0,0,0,0,1
2020-07-07,US,North Carolina,Pasquotank,225,17,0,36.26723798,-76.25134778,37139.0,564.9859381277621,7.5555555555555545,208,221,17,0,204,220,39639,4,0,0,4,1
2020-07-07,US,North Carolina,Pender,303,2,0,34.52265624,-77.90352133,37141.0,480.49476688867753,0.6600660066006601,301,303,2,0,301,298,62162,0,0,0,0,5
2020-07-07,US,North Carolina,Perquimans,37,2,0,36.17847453,-76.40603143,37143.0,274.82730446408675,5.405405405405406,35,37,2,0,35,37,13422,0,0,0,0,0
2020-07-07,US,North Carolina,Person,123,1,0,36.38989032,-78.97217358,37145.0,311.47125854646754,0.8130081300813008,122,120,1,0,119,117,39507,3,0,0,3,3
2020-07-07,US,North Carolina,Pitt,844,9,0,35.59535426,-77.37353178,37147.0,466.9639596773301,1.0663507109004742,835,822,9,0,813,804,179914,22,0,0,22,18
2020-07-07,US,North Carolina,Polk,89,4,0,35.27820615,-82.16812354,37149.0,429.453773402818,4.49438202247191,85,85,4,0,81,79,20611,4,0,0,4,6
2020-07-07,US,North Carolina,Randolph,1330,31,0,35.71015088,-79.80570339,37151.0,925.7519124085561,2.3308270676691736,1299,1316,31,0,1285,1295,143351,14,0,0,14,21
2020-07-07,US,North Carolina,Richmond,326,7,0,35.00417719,-79.74491009,37153.0,727.2078342144594,2.147239263803681,319,325,7,0,318,320,44887,1,0,0,1,5
2020-07-07,US,North Carolina,Robeson,1429,44,0,34.64244496,-79.10250529999998,37155.0,1093.9712918660287,3.0790762771168656,1385,1338,40,0,1298,1332,131831,91,4,0,87,6
2020-07-07,US,North Carolina,Rockingham,271,2,0,36.39593137,-79.77504841,37157.0,297.76947588177126,0.7380073800738007,269,267,2,0,265,261,90690,4,0,0,4,6
2020-07-07,US,North Carolina,Rowan,1368,43,0,35.64003916,-80.52446628,37159.0,962.7836270480266,3.1432748538011697,1325,1341,43,0,1298,1309,141262,27,0,0,27,32
2020-07-07,US,North Carolina,Rutherford,360,10,0,35.40114178,-81.92112099,37161.0,537.080964955467,2.7777777777777777,350,337,9,0,328,328,66826,23,1,0,22,9
2020-07-07,US,North Carolina,Sampson,1122,7,0,34.98820368,-78.36914061,37163.0,1766.0669594371252,0.6238859180035651,1115,1112,6,0,1106,1100,63626,10,1,0,9,12
2020-07-07,US,North Carolina,Scotland,152,2,0,34.8386299,-79.4757978,37165.0,436.49312236165747,1.3157894736842106,150,151,2,0,149,149,34810,1,0,0,1,2
2020-07-07,US,North Carolina,Stanly,481,5,0,35.31647813,-80.25093221,37167.0,765.8503964589371,1.0395010395010396,476,479,5,0,474,468,62075,2,0,0,2,11
2020-07-07,US,North Carolina,Stokes,147,1,0,36.4017975,-80.23893369,37169.0,322.4320589590052,0.6802721088435374,146,143,1,0,142,139,45467,4,0,0,4,4
2020-07-07,US,North Carolina,Surry,525,2,0,36.41689489,-80.69102283,37171.0,731.3709374085788,0.3809523809523809,523,516,2,0,514,503,71948,9,0,0,9,13
2020-07-07,US,North Carolina,Swain,67,1,0,35.48665845,-83.48748932,37173.0,469.4835680751173,1.492537313432836,66,59,1,0,58,59,14245,8,0,0,8,0
2020-07-07,US,North Carolina,Transylvania,37,1,0,35.20383864,-82.79638423,37175.0,107.60506034608116,2.702702702702702,36,36,1,0,35,30,34215,1,0,0,1,6
2020-07-07,US,North Carolina,Tyrrell,19,0,0,35.87147226,-76.17055253,37177.0,473.1075697211155,0.0,19,16,0,0,16,13,4131,3,0,0,3,3
2020-07-07,US,North Carolina,Union,1551,25,0,34.98960527,-80.52955873,37179.0,646.6298950633497,1.6118633139909735,1526,1512,25,0,1487,1452,235908,39,0,0,39,60
2020-07-07,US,North Carolina,Vance,532,39,0,36.36880673,-78.40670845,37181.0,1194.5660716290558,7.330827067669173,493,527,38,0,489,526,44582,5,1,0,4,1
2020-07-07,US,North Carolina,Wake,6299,52,0,35.78879266,-78.65249174,37183.0,566.5786081720802,0.8255278615653279,6247,6231,49,0,6182,5980,1092305,68,3,0,65,251
2020-07-07,US,North Carolina,Warren,174,5,0,36.39728256,-78.10652228,37185.0,881.8610308651361,2.8735632183908044,169,174,5,0,169,171,19807,0,0,0,0,3
2020-07-07,US,North Carolina,Washington,41,3,0,35.83810081,-76.57299037,37187.0,354.05872193436966,7.317073170731707,38,40,3,0,37,41,11859,1,0,0,1,-1
2020-07-07,US,North Carolina,Watauga,104,0,0,36.23103603,-81.70033724,37189.0,185.12914537978176,0.0,104,99,0,0,99,93,55945,5,0,0,5,6
2020-07-07,US,North Carolina,Wayne,1926,29,0,35.36438125,-78.00027268,37191.0,1564.1877350139282,1.505711318795431,1897,1913,28,0,1885,1897,123248,13,1,0,12,16
2020-07-07,US,North Carolina,Wilkes,593,6,0,36.2084135,-81.16232895,37193.0,866.8069929252177,1.011804384485666,587,593,6,0,587,589,68557,0,0,0,0,4
2020-07-07,US,North Carolina,Wilson,804,24,0,35.70625477,-77.917978,37195.0,982.873070011369,2.985074626865672,780,786,20,0,766,764,81455,18,4,0,14,22
2020-07-07,US,North Carolina,Yadkin,360,5,0,36.16222629,-80.66239436,37197.0,955.7437544800487,1.3888888888888888,355,351,5,0,346,341,37543,9,0,0,9,10
2020-07-07,US,North Carolina,Yancey,59,0,0,35.90079156,-82.31237181,37199.0,326.52609441585037,0.0,59,52,0,0,52,49,17903,7,0,0,7,3
2020-07-07,US,North Dakota,Barnes,23,0,0,46.93579637,-98.06605978,38003.0,220.8353336533845,0.0,23,22,0,0,22,21,10542,1,0,0,1,1
2020-07-07,US,North Dakota,Benson,5,0,0,48.0683985,-99.35916363,38005.0,73.18501170960188,0.0,5,4,0,0,4,4,6962,1,0,0,1,0
2020-07-07,US,North Dakota,Billings,1,0,0,47.02366884,-103.3762965,38007.0,107.75862068965515,0.0,1,1,0,0,1,1,919,0,0,0,0,0
2020-07-07,US,North Dakota,Bottineau,5,0,0,48.79106111,-100.8378166,38009.0,79.59248646927729,0.0,5,5,0,0,5,5,6411,0,0,0,0,0
2020-07-07,US,North Dakota,Bowman,1,0,0,46.11285362,-103.5203343,38011.0,33.06878306878307,0.0,1,1,0,0,1,1,3076,0,0,0,0,0
2020-07-07,US,North Dakota,Burke,6,0,0,48.79094471,-102.51821170000001,38013.0,283.6879432624113,0.0,6,6,0,0,6,6,2100,0,0,0,0,0
2020-07-07,US,North Dakota,Burleigh,343,0,0,46.97847375,-100.46452140000001,38015.0,358.6890594608161,0.0,343,328,0,0,328,322,95273,15,0,0,15,6
2020-07-07,US,North Dakota,Cass,2358,69,0,46.93201724,-97.24447190000001,38017.0,1296.1527679292888,2.9262086513994916,2289,2351,66,0,2285,2334,181516,7,3,0,4,17
2020-07-07,US,North Dakota,Cavalier,6,0,0,48.77286211,-98.46685243,38019.0,159.48963317384369,0.0,6,5,0,0,5,4,3829,1,0,0,1,1
2020-07-07,US,North Dakota,Dickey,4,0,0,46.11017712,-98.50490079999999,38021.0,82.10180623973726,0.0,4,4,0,0,4,4,4903,0,0,0,0,0
2020-07-07,US,North Dakota,Divide,1,0,0,48.814938700000006,-103.48736109999999,38023.0,44.16961130742049,0.0,1,1,0,0,1,1,2283,0,0,0,0,0
2020-07-07,US,North Dakota,Dunn,15,0,0,47.35423935,-102.61604679999999,38025.0,339.05967450271254,0.0,15,15,0,0,15,15,4332,0,0,0,0,0
2020-07-07,US,North Dakota,Eddy,5,0,0,47.71701474,-98.90432337,38027.0,218.62702229995628,0.0,5,5,0,0,5,5,2313,0,0,0,0,0
2020-07-07,US,North Dakota,Emmons,4,1,0,46.28398398,-100.2389766,38029.0,123.41869793273679,25.0,3,4,1,0,3,4,3295,0,0,0,0,0
2020-07-07,US,North Dakota,Foster,2,0,0,47.457108399999996,-98.88279923,38031.0,62.30529595015578,0.0,2,2,0,0,2,2,3216,0,0,0,0,0
2020-07-07,US,North Dakota,Grand Forks,408,4,0,47.92093639,-97.45450447,38035.0,587.464543347108,0.9803921568627452,404,406,4,0,402,403,70770,2,0,0,2,3
2020-07-07,US,North Dakota,Grant,3,0,0,46.35821257,-101.63900129999999,38037.0,131.9261213720317,0.0,3,3,0,0,3,3,2374,0,0,0,0,0
2020-07-07,US,North Dakota,Griggs,2,0,0,47.45785838,-98.23850925,38039.0,89.64589870013447,0.0,2,2,0,0,2,2,2232,0,0,0,0,0
2020-07-07,US,North Dakota,Hettinger,1,0,0,46.43375068,-102.4632417,38041.0,40.01600640256103,0.0,1,1,0,0,1,1,2514,0,0,0,0,0
2020-07-07,US,North Dakota,Kidder,2,0,0,46.97830064,-99.77507857,38043.0,80.64516129032258,0.0,2,2,0,0,2,2,2450,0,0,0,0,0
2020-07-07,US,North Dakota,LaMoure,13,0,0,46.45681054,-98.53542355,38045.0,321.3049925852694,0.0,13,13,0,0,13,13,4062,0,0,0,0,0
2020-07-07,US,North Dakota,McHenry,5,1,0,48.23104458,-100.6324822,38049.0,87.03220191470844,20.0,4,5,1,0,4,5,5816,0,0,0,0,0
2020-07-07,US,North Dakota,McIntosh,2,0,0,46.11182017,-99.44145858,38051.0,80.0961153384061,0.0,2,2,0,0,2,2,2585,0,0,0,0,0
2020-07-07,US,North Dakota,McKenzie,28,0,0,47.74133370000001,-103.395905,38053.0,186.3684771033014,0.0,28,27,0,0,27,27,13632,1,0,0,1,0
2020-07-07,US,North Dakota,McLean,11,0,0,47.60766714,-101.3182418,38055.0,116.40211640211642,0.0,11,11,0,0,11,11,9541,0,0,0,0,0
2020-07-07,US,North Dakota,Mercer,7,0,0,47.31213126,-101.8318399,38057.0,85.5014046659338,0.0,7,7,0,0,7,7,8267,0,0,0,0,0
2020-07-07,US,North Dakota,Morton,109,2,0,46.71681782,-101.2822377,38059.0,347.53220252518815,1.834862385321101,107,103,2,0,101,103,31095,6,0,0,6,0
2020-07-07,US,North Dakota,Mountrail,54,0,0,48.20197971,-102.3555315,38061.0,512.0910384068278,0.0,54,54,0,0,54,54,10218,0,0,0,0,0
2020-07-07,US,North Dakota,Nelson,1,0,0,47.9226426,-98.19038437,38063.0,34.734282737061484,0.0,1,1,0,0,1,1,2869,0,0,0,0,0
2020-07-07,US,North Dakota,Oliver,2,0,0,47.11530482,-101.3406158,38065.0,102.09290454313421,0.0,2,2,0,0,2,2,1952,0,0,0,0,0
2020-07-07,US,North Dakota,Pembina,11,0,0,48.76623521,-97.5523809,38067.0,161.7409204528746,0.0,11,10,0,0,10,10,6947,1,0,0,1,0
2020-07-07,US,North Dakota,Pierce,5,0,0,48.24977025,-99.96407787,38069.0,125.78616352201256,0.0,5,5,0,0,5,5,4081,0,0,0,0,0
2020-07-07,US,North Dakota,Ramsey,12,1,0,48.26886249,-98.72223879,38071.0,104.1757096970223,8.333333333333334,11,12,1,0,11,12,11481,0,0,0,0,0
2020-07-07,US,North Dakota,Ransom,19,0,0,46.45621782,-97.65742504,38073.0,364.1241855116903,0.0,19,19,0,0,19,18,5237,0,0,0,0,1
2020-07-07,US,North Dakota,Renville,5,0,0,48.71982533,-101.6603912,38075.0,214.86892995272885,0.0,5,5,0,0,5,5,2374,0,0,0,0,0
2020-07-07,US,North Dakota,Richland,43,0,0,46.26440649,-96.94852979,38077.0,265.8094825987513,0.0,43,43,0,0,43,43,16239,0,0,0,0,0
2020-07-07,US,North Dakota,Rolette,11,0,0,48.77245354,-99.84097493,38079.0,77.59593679458239,0.0,11,11,0,0,11,11,14301,0,0,0,0,0
2020-07-07,US,North Dakota,Sargent,7,0,0,46.10830372,-97.63217159,38081.0,179.57927142124166,0.0,7,6,0,0,6,6,3870,1,0,0,1,0
2020-07-07,US,North Dakota,Sheridan,1,0,0,47.57700669,-100.3426391,38083.0,76.04562737642586,0.0,1,1,0,0,1,1,1349,0,0,0,0,0
2020-07-07,US,North Dakota,Sioux,26,0,0,46.11323337,-101.04401490000001,38085.0,614.6572104018912,0.0,26,25,0,0,25,25,4358,1,0,0,1,0
2020-07-07,US,North Dakota,Slope,3,0,0,46.44737738,-103.4601547,38087.0,400.0,0.0,3,3,0,0,3,3,763,0,0,0,0,0
2020-07-07,US,North Dakota,Stark,82,3,0,46.80851182,-102.65763259999999,38089.0,260.40839658293373,3.6585365853658534,79,80,3,0,77,80,30997,2,0,0,2,0
2020-07-07,US,North Dakota,Steele,3,0,0,47.45611548,-97.72728747,38091.0,158.73015873015868,0.0,3,3,0,0,3,2,1903,0,0,0,0,1
2020-07-07,US,North Dakota,Stutsman,65,2,0,46.97962541,-98.95637318,38093.0,313.94899536321486,3.0769230769230766,63,65,1,0,64,64,20917,0,1,0,-1,1
2020-07-07,US,North Dakota,Towner,1,0,0,48.68565745,-99.24564265,38095.0,45.682960255824575,0.0,1,,,,,,2192,,,,,
2020-07-07,US,North Dakota,Traill,22,0,0,47.45367788,-97.16323288,38097.0,273.768043802887,0.0,22,22,0,0,22,21,8037,0,0,0,0,1
2020-07-07,US,North Dakota,Walsh,30,0,0,48.36876964,-97.72574783,38099.0,281.92839018889197,0.0,30,29,0,0,29,28,10667,1,0,0,1,1
2020-07-07,US,North Dakota,Ward,66,1,0,48.22390169,-101.54367629999999,38101.0,97.5739566239411,1.5151515151515151,65,65,1,0,64,65,67744,1,0,0,1,0
2020-07-07,US,North Dakota,Wells,9,0,0,47.58614526,-99.65904998,38103.0,234.74178403755863,0.0,9,9,0,0,9,9,3957,0,0,0,0,0
2020-07-07,US,North Dakota,Williams,50,0,0,48.34522353,-103.4793387,38105.0,133.0176381388172,0.0,50,43,0,0,43,43,35350,7,0,0,7,0
2020-07-07,US,Ohio,Adams,24,1,0,38.84541072,-83.4718964,39001.0,86.64885551303342,4.166666666666667,23,24,1,0,23,22,27724,0,0,0,0,2
2020-07-07,US,Ohio,Allen,323,41,0,40.77285242,-84.10802343,39003.0,315.58069779484316,12.693498452012385,282,321,41,0,280,315,102663,2,0,0,2,6
2020-07-07,US,Ohio,Ashland,60,1,0,40.84772277,-82.27280781,39005.0,112.1830827911151,1.6666666666666667,59,59,1,0,58,59,53745,1,0,0,1,0
2020-07-07,US,Ohio,Ashtabula,436,44,0,41.70860332,-80.74830218,39007.0,448.37054328935324,10.091743119266058,392,435,44,0,391,433,97493,1,0,0,1,2
2020-07-07,US,Ohio,Athens,63,1,0,39.33425634,-82.04278644,39009.0,96.43792000244923,1.5873015873015872,62,59,1,0,58,56,65818,4,0,0,4,3
2020-07-07,US,Ohio,Auglaize,107,4,0,40.55998859,-84.22421429999999,39011.0,234.36131067110568,3.7383177570093458,103,107,4,0,103,106,45804,0,0,0,0,1
2020-07-07,US,Ohio,Belmont,554,22,0,40.01625942,-80.9924051,39013.0,826.7916306002447,3.9711191335740073,532,549,22,0,527,546,67505,5,0,0,5,3
2020-07-07,US,Ohio,Brown,58,1,0,38.93416837,-83.86788395,39015.0,133.54208878246453,1.7241379310344829,57,57,1,0,56,56,43602,1,0,0,1,1
2020-07-07,US,Ohio,Butler,1637,47,0,39.44012838,-84.57388716,39017.0,427.2656564021987,2.8711056811240074,1590,1599,44,0,1555,1576,382378,38,3,0,35,23
2020-07-07,US,Ohio,Carroll,59,3,0,40.5789686,-81.09178213,39019.0,219.2167645091773,5.084745762711863,56,59,3,0,56,59,27081,0,0,0,0,0
2020-07-07,US,Ohio,Champaign,41,1,0,40.13923427,-83.76875242,39021.0,105.43911534010545,2.4390243902439024,40,40,1,0,39,40,38754,1,0,0,1,0
2020-07-07,US,Ohio,Clark,772,9,0,39.91592258,-83.78498252,39023.0,575.7627738042853,1.16580310880829,763,766,9,0,757,765,134585,6,0,0,6,1
2020-07-07,US,Ohio,Clermont,422,6,0,39.04847534,-84.15375786,39025.0,204.42963163911872,1.4218009478672986,416,414,6,0,408,400,205466,8,0,0,8,14
2020-07-07,US,Ohio,Clinton,68,0,0,39.41485808,-83.80852286,39027.0,162.0282119710255,0.0,68,68,0,0,68,68,42057,0,0,0,0,0
2020-07-07,US,Ohio,Columbiana,1306,60,0,40.76932373,-80.78094576,39029.0,1281.8625285867122,4.59418070444104,1246,1307,60,0,1247,1303,102665,-1,0,0,-1,4
2020-07-07,US,Ohio,Coshocton,127,2,0,40.30096166,-81.91729018,39031.0,346.9945355191257,1.5748031496062993,125,111,2,0,109,97,36629,16,0,0,16,14
2020-07-07,US,Ohio,Crawford,136,5,0,40.85065156,-82.91989099,39033.0,327.75823010555735,3.6764705882352944,131,135,5,0,130,135,41550,1,0,0,1,0
2020-07-07,US,Ohio,Cuyahoga,8048,379,0,41.424119,-81.65918339,39035.0,651.6219297336513,4.709244532803181,7669,7883,373,0,7510,7724,1243857,165,6,0,159,159
2020-07-07,US,Ohio,Darke,253,26,0,40.13412966,-84.6194517,39037.0,494.9817071977775,10.276679841897232,227,251,25,0,226,248,51323,2,1,0,1,3
2020-07-07,US,Ohio,Defiance,51,3,0,41.32398837,-84.49076944,39039.0,133.90395673064302,5.882352941176472,48,51,3,0,48,50,38165,0,0,0,0,1
2020-07-07,US,Ohio,Delaware,588,15,0,40.27942393,-83.00457058,39041.0,281.10165075510207,2.5510204081632653,573,582,15,0,567,568,204826,6,0,0,6,14
2020-07-07,US,Ohio,Erie,246,22,0,41.36796058,-82.62904521,39043.0,331.24175261896426,8.943089430894311,224,244,22,0,222,242,74615,2,0,0,2,2
2020-07-07,US,Ohio,Fairfield,585,16,0,39.75107189,-82.63088163,39045.0,371.25414091157165,2.7350427350427347,569,572,16,0,556,559,155782,13,0,0,13,13
2020-07-07,US,Ohio,Fayette,46,0,0,39.56021306,-83.4562016,39047.0,161.26205083260297,0.0,46,46,0,0,46,46,28666,0,0,0,0,0
2020-07-07,US,Ohio,Franklin,10587,431,0,39.96995815,-83.01115755,39049.0,804.0213980418544,4.0710305091149515,10156,10410,429,0,9981,10271,1310300,177,2,0,175,139
2020-07-07,US,Ohio,Fulton,62,0,0,41.60213491,-84.12571393,39051.0,147.17751507382613,0.0,62,61,0,0,61,61,42276,1,0,0,1,0
2020-07-07,US,Ohio,Gallia,18,1,0,38.82708533,-82.31647569,39053.0,60.20469596628537,5.5555555555555545,17,18,1,0,17,17,29979,0,0,0,0,1
2020-07-07,US,Ohio,Geauga,408,43,0,41.49952319,-81.17935342,39055.0,435.66936112505203,10.53921568627451,365,407,42,0,365,405,94031,1,1,0,0,2
2020-07-07,US,Ohio,Greene,276,9,0,39.69116283,-83.89032084,39057.0,163.37451239219354,3.260869565217391,267,258,9,0,249,251,167995,18,0,0,18,7
2020-07-07,US,Ohio,Guernsey,74,3,0,40.05026529,-81.49248905,39059.0,190.35369774919613,4.0540540540540535,71,74,3,0,71,70,39022,0,0,0,0,4
2020-07-07,US,Ohio,Hamilton,6158,204,0,39.19673558,-84.54502924,39061.0,753.297050789445,3.3127638843780454,5954,6019,198,0,5821,5924,816684,139,6,0,133,95
2020-07-07,US,Ohio,Hancock,79,1,0,41.00250487,-83.66838948,39063.0,104.24501537284088,1.2658227848101269,78,79,1,0,78,78,75930,0,0,0,0,1
2020-07-07,US,Ohio,Hardin,123,12,0,40.66015414,-83.65929931,39065.0,392.156862745098,9.75609756097561,111,123,12,0,111,123,31480,0,0,0,0,0
2020-07-07,US,Ohio,Harrison,12,1,0,40.29380509,-81.09068544,39067.0,79.78723404255321,8.333333333333334,11,12,1,0,11,12,15174,0,0,0,0,0
2020-07-07,US,Ohio,Henry,30,0,0,41.3339642,-84.06830637,39069.0,111.08642523883582,0.0,30,30,0,0,30,29,27086,0,0,0,0,1
2020-07-07,US,Ohio,Highland,45,1,0,39.1839264,-83.60331456,39071.0,104.26079099186764,2.2222222222222223,44,45,1,0,44,45,43058,0,0,0,0,0
2020-07-07,US,Ohio,Hocking,78,8,0,39.49537927,-82.47991446,39073.0,275.9694310784036,10.256410256410255,70,78,8,0,70,78,28385,0,0,0,0,0
2020-07-07,US,Ohio,Holmes,239,3,0,40.56163713,-81.92635677,39075.0,543.6760691537762,1.2552301255230125,236,236,3,0,233,231,43892,3,0,0,3,5
2020-07-07,US,Ohio,Huron,223,2,0,41.14651175,-82.59867951,39077.0,382.7274911612261,0.8968609865470852,221,220,2,0,218,215,58504,3,0,0,3,5
2020-07-07,US,Ohio,Jackson,24,0,0,39.01914254,-82.61818559999998,39079.0,74.04436491531176,0.0,24,23,0,0,23,23,32384,1,0,0,1,0
2020-07-07,US,Ohio,Jefferson,91,2,0,40.38614126,-80.76259514,39081.0,139.30348258706468,2.1978021978021984,89,88,2,0,86,87,65767,3,0,0,3,1
2020-07-07,US,Ohio,Knox,52,1,0,40.39830217,-82.42027563,39083.0,83.43763037129746,1.9230769230769231,51,51,1,0,50,51,61893,1,0,0,1,0
2020-07-07,US,Ohio,Lake,508,19,0,41.69710807,-81.23676539,39085.0,220.7265727854564,3.7401574803149606,489,500,18,0,482,497,230514,8,1,0,7,3
2020-07-07,US,Ohio,Lawrence,72,0,0,38.59743452,-82.53466552,39087.0,121.08369910700772,0.0,72,71,0,0,71,70,59866,1,0,0,1,1
2020-07-07,US,Ohio,Licking,496,12,0,40.09136236,-82.48185785,39089.0,280.4446404541394,2.419354838709677,484,493,12,0,481,477,175769,3,0,0,3,16
2020-07-07,US,Ohio,Logan,64,1,0,40.38996525,-83.76784341,39091.0,140.12961989840602,1.5625,63,62,1,0,61,62,45358,2,0,0,2,0
2020-07-07,US,Ohio,Lorain,1051,67,0,41.29553751,-82.15083537,39093.0,339.21499646583806,6.37488106565176,984,1035,67,0,968,1021,309461,16,0,0,16,14
2020-07-07,US,Ohio,Lucas,2788,303,0,41.62101218,-83.65468618,39095.0,650.8726549441109,10.868005738880916,2485,2752,302,0,2450,2723,429899,36,1,0,35,29
2020-07-07,US,Ohio,Madison,199,9,0,39.89381073,-83.40178317,39097.0,444.88162571818197,4.522613065326633,190,197,8,0,189,195,44413,2,1,0,1,2
2020-07-07,US,Ohio,Mahoning,1849,238,0,41.01631101,-80.77287029,39099.0,808.5428300310913,12.871822606814494,1611,1832,232,0,1600,1825,229642,17,6,0,11,7
2020-07-07,US,Ohio,Marion,2734,39,0,40.58610662,-83.15736305,39101.0,4200.1444087689915,1.4264813460131676,2695,2734,38,0,2696,2732,65256,0,1,0,-1,2
2020-07-07,US,Ohio,Medina,536,32,0,41.11770589,-81.89986209999998,39103.0,298.1985690919408,5.970149253731344,504,523,32,0,491,516,179146,13,0,0,13,7
2020-07-07,US,Ohio,Meigs,12,0,0,39.09224872,-82.0305041,39105.0,52.38573361854455,0.0,12,12,0,0,12,12,23106,0,0,0,0,0
2020-07-07,US,Ohio,Mercer,287,9,0,40.54043046,-84.62912742,39107.0,697.0756825026718,3.1358885017421603,278,282,9,0,273,281,40959,5,0,0,5,1
2020-07-07,US,Ohio,Miami,472,31,0,40.0543329,-84.22871271,39109.0,441.17509603970575,6.567796610169491,441,466,31,0,435,463,106222,6,0,0,6,3
2020-07-07,US,Ohio,Monroe,89,17,0,39.72984936,-81.08464734,39111.0,651.8236414237588,19.101123595505623,72,89,17,0,72,89,13790,0,0,0,0,0
2020-07-07,US,Ohio,Montgomery,2134,31,0,39.75394919,-84.29050975,39113.0,401.3639603751831,1.4526710402999063,2103,2034,27,0,2007,1981,532331,100,4,0,96,53
2020-07-07,US,Ohio,Morgan,11,0,0,39.62081738,-81.85308173,39115.0,75.82023711055969,0.0,11,11,0,0,11,11,14604,0,0,0,0,0
2020-07-07,US,Ohio,Morrow,117,1,0,40.52363560000001,-82.7892599,39117.0,331.1820652173913,0.8547008547008547,116,116,1,0,115,116,35112,1,0,0,1,0
2020-07-07,US,Ohio,Muskingum,86,1,0,39.96575964,-81.94363275,39119.0,99.75062344139653,1.162790697674419,85,83,1,0,82,83,86183,3,0,0,3,0
2020-07-07,US,Ohio,Noble,11,0,0,39.76818851,-81.45937183,39121.0,76.26178591236828,0.0,11,11,0,0,11,11,14354,0,0,0,0,0
2020-07-07,US,Ohio,Ottawa,150,24,0,41.53781826,-83.0940185,39123.0,370.1418877236274,16.0,126,149,23,0,126,143,40769,1,1,0,0,6
2020-07-07,US,Ohio,Paulding,26,0,0,41.11676341,-84.5801017,39125.0,139.24592973436162,0.0,26,25,0,0,25,23,18760,1,0,0,1,2
2020-07-07,US,Ohio,Perry,35,1,0,39.73508655,-82.23804971,39127.0,96.86168151879116,2.8571428571428568,34,35,1,0,34,34,36033,0,0,0,0,1
2020-07-07,US,Ohio,Pickaway,2201,41,0,39.64170392,-83.0243386,39129.0,3765.160716424038,1.8627896410722398,2160,2197,41,0,2156,2191,58086,4,0,0,4,6
2020-07-07,US,Ohio,Pike,24,0,0,39.07634001,-83.06769584,39131.0,86.41797493878727,0.0,24,23,0,0,23,23,28067,1,0,0,1,0
2020-07-07,US,Ohio,Portage,449,59,0,41.16793482,-81.19735782,39133.0,276.3655164772937,13.140311804008908,390,442,58,0,384,440,162927,7,1,0,6,2
2020-07-07,US,Ohio,Preble,78,1,0,39.7420247,-84.64787018,39135.0,190.79301404040905,1.2820512820512822,77,73,1,0,72,73,40997,5,0,0,5,0
2020-07-07,US,Ohio,Putnam,129,15,0,41.02094889,-84.1336111,39137.0,380.969256666962,11.627906976744184,114,128,15,0,113,128,33780,1,0,0,1,0
2020-07-07,US,Ohio,Richland,347,5,0,40.77180308,-82.53799609999999,39139.0,286.4123347144956,1.4409221902017288,342,345,5,0,340,337,121099,2,0,0,2,8
2020-07-07,US,Ohio,Ross,130,3,0,39.33705391,-83.06000914,39141.0,169.56669188427725,2.3076923076923075,127,127,3,0,124,124,76931,3,0,0,3,3
2020-07-07,US,Ohio,Sandusky,137,14,0,41.35624126,-83.137872,39143.0,234.1159984961892,10.218978102189784,123,136,14,0,122,134,58799,1,0,0,1,2
2020-07-07,US,Ohio,Scioto,45,0,0,38.80270163,-82.98907345,39145.0,59.74984730594578,0.0,45,41,0,0,41,38,75502,4,0,0,4,3
2020-07-07,US,Ohio,Seneca,34,2,0,41.12351311,-83.12783209,39147.0,61.618761100438576,5.882352941176472,32,34,2,0,32,33,55207,0,0,0,0,1
2020-07-07,US,Ohio,Shelby,69,4,0,40.33163494,-84.20258189,39149.0,142.0045276805927,5.797101449275362,65,68,4,0,64,68,48627,1,0,0,1,0
2020-07-07,US,Ohio,Stark,1133,113,0,40.81482476,-81.36437305,39151.0,305.71550379648465,9.973521624007061,1020,1123,112,0,1011,1107,371574,10,1,0,9,16
2020-07-07,US,Ohio,Summit,2175,207,0,41.12464734,-81.53123079,39153.0,402.02361126257597,9.517241379310343,1968,2143,206,0,1937,2131,541918,32,1,0,31,12
2020-07-07,US,Ohio,Trumbull,974,73,0,41.31735028,-80.76109643,39155.0,491.9837958519806,7.494866529774129,901,967,70,0,897,939,198627,7,3,0,4,28
2020-07-07,US,Ohio,Tuscarawas,568,10,0,40.44214695,-81.47226262,39157.0,617.4785567525846,1.7605633802816902,558,567,10,0,557,552,92176,1,0,0,1,15
2020-07-07,US,Ohio,Union,89,1,0,40.30016061,-83.37239023,39159.0,150.87814470739812,1.1235955056179776,88,86,1,0,85,85,57835,3,0,0,3,1
2020-07-07,US,Ohio,Van Wert,38,0,0,40.8554138,-84.59111700000003,39161.0,134.394341290893,0.0,38,35,0,0,35,34,28281,3,0,0,3,1
2020-07-07,US,Ohio,Vinton,22,2,0,39.25208988,-82.4831444,39163.0,168.13144822315633,9.090909090909092,20,22,2,0,20,22,13139,0,0,0,0,0
2020-07-07,US,Ohio,Warren,881,24,0,39.42581994,-84.16557457,39165.0,375.5296203783429,2.724177071509648,857,860,21,0,839,839,232173,21,3,0,18,21
2020-07-07,US,Ohio,Washington,135,20,0,39.45690571,-81.49121382,39167.0,225.3342457979336,14.814814814814815,115,135,20,0,115,132,60155,0,0,0,0,3
2020-07-07,US,Ohio,Wayne,363,52,0,40.82925852,-81.88844833,39169.0,313.7153227897328,14.325068870523415,311,363,51,0,312,362,115967,0,1,0,-1,1
2020-07-07,US,Ohio,Williams,72,2,0,41.56052014,-84.58429552,39171.0,196.22806061266758,2.7777777777777777,70,71,2,0,69,70,36804,1,0,0,1,1
2020-07-07,US,Ohio,Wood,436,51,0,41.36224827,-83.62285108,39173.0,333.2900158236315,11.697247706422019,385,428,51,0,377,421,130696,8,0,0,8,7
2020-07-07,US,Ohio,Wyandot,59,5,0,40.84339621,-83.30734173,39175.0,270.9902627227632,8.474576271186441,54,59,6,0,53,58,21935,0,-1,0,1,1
2020-07-07,US,Oklahoma,Adair,129,4,0,35.88494195,-94.65859267,40001.0,581.2381724790482,3.1007751937984502,125,123,4,0,119,121,22082,6,0,0,6,2
2020-07-07,US,Oklahoma,Alfalfa,1,0,0,36.73090616,-98.32408495,40003.0,17.5377060680463,0.0,1,1,0,0,1,1,5754,0,0,0,0,0
2020-07-07,US,Oklahoma,Atoka,29,0,0,34.37366573,-96.03802487,40005.0,210.78645151911618,0.0,29,27,0,0,27,25,13838,2,0,0,2,2
2020-07-07,US,Oklahoma,Beaver,32,0,0,36.7496847,-100.4758872,40007.0,602.5230653360949,0.0,32,32,0,0,32,32,5319,0,0,0,0,0
2020-07-07,US,Oklahoma,Beckham,13,0,0,35.26862449,-99.68128023,40009.0,59.47207100050323,0.0,13,11,0,0,11,11,21709,2,0,0,2,0
2020-07-07,US,Oklahoma,Blaine,18,0,0,35.87518314,-98.43307003,40011.0,190.90041361756283,0.0,18,17,0,0,17,18,9485,1,0,0,1,-1
2020-07-07,US,Oklahoma,Bryan,136,1,0,33.96472458,-96.25903472,40013.0,283.36285029690595,0.7352941176470589,135,134,1,0,133,124,47192,2,0,0,2,10
2020-07-07,US,Oklahoma,Caddo,200,11,0,35.17364557,-98.37534464,40015.0,695.3619358876297,5.5,189,197,11,0,186,195,28977,3,0,0,3,2
2020-07-07,US,Oklahoma,Canadian,387,3,0,35.5426055,-97.98465569,40017.0,260.9469610130406,0.7751937984496124,384,360,3,0,357,337,144447,27,0,0,27,23
2020-07-07,US,Oklahoma,Carter,140,2,0,34.25103751,-97.28552485,40019.0,290.9937436345119,1.4285714285714286,138,132,1,0,131,128,48177,8,1,0,7,4
2020-07-07,US,Oklahoma,Cherokee,95,1,0,35.90692775,-94.99980896,40021.0,195.24426084633248,1.0526315789473684,94,90,1,0,89,90,48675,5,0,0,5,0
2020-07-07,US,Oklahoma,Choctaw,120,1,0,34.02807439,-95.54771129,40023.0,817.8844056706653,0.8333333333333334,119,120,1,0,119,119,14668,0,0,0,0,1
2020-07-07,US,Oklahoma,Cimarron,1,0,0,36.74817177,-102.5173885,40025.0,46.79457182966776,0.0,1,1,0,0,1,1,2153,0,0,0,0,0
2020-07-07,US,Oklahoma,Cleveland,1157,40,0,35.20413532,-97.32519562,40027.0,407.3742843662637,3.457216940363008,1117,1107,40,0,1067,1052,281669,50,0,0,50,55
2020-07-07,US,Oklahoma,Coal,10,0,0,34.58840127,-96.29798747,40029.0,181.98362147406726,0.0,10,9,0,0,9,9,5520,1,0,0,1,0
2020-07-07,US,Oklahoma,Comanche,457,7,0,34.65973764,-98.47195055,40031.0,378.4710432384533,1.5317286652078774,450,447,7,0,440,447,120422,10,0,0,10,0
2020-07-07,US,Oklahoma,Cotton,8,2,0,34.28845626,-98.37053567,40033.0,141.1930815390046,25.0,6,7,2,0,5,7,5776,1,0,0,1,0
2020-07-07,US,Oklahoma,Craig,22,0,0,36.76268118,-95.20916602,40035.0,155.56498373638806,0.0,22,21,0,0,21,22,14306,1,0,0,1,-1
2020-07-07,US,Oklahoma,Creek,185,7,0,35.90230551,-96.37086028,40037.0,258.6616705349403,3.783783783783784,178,175,7,0,168,174,71604,10,0,0,10,1
2020-07-07,US,Oklahoma,Custer,67,0,0,35.63853802,-99.00170785,40039.0,231.0105851118849,0.0,67,64,0,0,64,64,29036,3,0,0,3,0
2020-07-07,US,Oklahoma,Delaware,199,17,0,36.40823634,-94.80325046,40041.0,462.69385477458206,8.542713567839195,182,181,16,0,165,175,42733,18,1,0,17,6
2020-07-07,US,Oklahoma,Dewey,4,0,0,35.98772922,-99.00730714,40043.0,81.78286648947045,0.0,4,4,0,0,4,4,4894,0,0,0,0,0
2020-07-07,US,Oklahoma,Ellis,1,0,0,36.218019399999996,-99.75324573,40045.0,25.91344908007256,0.0,1,1,0,0,1,1,3952,0,0,0,0,0
2020-07-07,US,Oklahoma,Garfield,84,2,0,36.3791334,-97.78265517,40047.0,137.5786163522013,2.380952380952381,82,82,2,0,80,79,60913,2,0,0,2,3
2020-07-07,US,Oklahoma,Garvin,94,2,0,34.70418038,-97.30811132,40049.0,339.2154739994948,2.127659574468085,92,91,1,0,90,91,27811,3,1,0,2,0
2020-07-07,US,Oklahoma,Grady,206,5,0,35.0167709,-97.88339847,40051.0,368.95081849768957,2.4271844660194173,201,198,5,0,193,173,55551,8,0,0,8,25
2020-07-07,US,Oklahoma,Grant,2,0,0,36.796296999999996,-97.78638765,40053.0,46.15739672282484,0.0,2,2,0,0,2,2,4326,0,0,0,0,0
2020-07-07,US,Oklahoma,Greer,66,7,0,34.93535801,-99.56056120000001,40055.0,1155.4621848739494,10.606060606060606,59,66,7,0,59,66,5821,0,0,0,0,0
2020-07-07,US,Oklahoma,Harmon,3,0,0,34.7440135,-99.84741652,40057.0,113.07953260459855,0.0,3,2,0,0,2,2,2664,1,0,0,1,0
2020-07-07,US,Oklahoma,Harper,1,0,0,36.78836519,-99.6679804,40059.0,27.11496746203905,0.0,1,1,0,0,1,1,3797,0,0,0,0,0
2020-07-07,US,Oklahoma,Haskell,13,0,0,35.22257600000001,-95.11513306,40061.0,102.95398748713076,0.0,13,13,0,0,13,12,12668,0,0,0,0,1
2020-07-07,US,Oklahoma,Hughes,13,0,0,35.04912569,-96.24921145,40063.0,97.89893817305521,0.0,13,13,0,0,13,13,13335,0,0,0,0,0
2020-07-07,US,Oklahoma,Jackson,53,3,0,34.58781741,-99.41138784,40065.0,216.06196494088869,5.660377358490566,50,48,3,0,45,48,24949,5,0,0,5,0
2020-07-07,US,Oklahoma,Jefferson,13,0,0,34.11130184,-97.83182974,40067.0,216.59446851049648,0.0,13,10,0,0,10,10,6123,3,0,0,3,0
2020-07-07,US,Oklahoma,Johnston,13,0,0,34.31440473,-96.66011537,40069.0,117.27559765448805,0.0,13,13,0,0,13,13,10949,0,0,0,0,0
2020-07-07,US,Oklahoma,Kay,113,7,0,36.81799745,-97.14421435,40071.0,259.543387385732,6.1946902654867255,106,112,7,0,105,111,44161,1,0,0,1,1
2020-07-07,US,Oklahoma,Kingfisher,36,0,0,35.94530008,-97.94193268,40073.0,228.3539486203616,0.0,36,33,0,0,33,32,15816,3,0,0,3,1
2020-07-07,US,Oklahoma,Kiowa,14,1,0,34.91671958,-98.97720696,40075.0,160.77170418006432,7.142857142857142,13,12,1,0,11,12,8729,2,0,0,2,0
2020-07-07,US,Oklahoma,Latimer,15,1,0,34.87844729,-95.25215049,40077.0,148.91293557033654,6.666666666666668,14,14,1,0,13,15,10231,1,0,0,1,-1
2020-07-07,US,Oklahoma,Le Flore,39,1,0,34.89851864,-94.70392124,40079.0,78.22999618879506,2.5641025641025643,38,36,1,0,35,35,49980,3,0,0,3,1
2020-07-07,US,Oklahoma,Lincoln,37,2,0,35.70270942,-96.8812462,40081.0,106.08710611577831,5.405405405405406,35,36,2,0,34,35,34920,1,0,0,1,1
2020-07-07,US,Oklahoma,Logan,67,1,0,35.91899576,-97.44352845,40083.0,139.5513528149799,1.492537313432836,66,62,1,0,61,60,47291,5,0,0,5,2
2020-07-07,US,Oklahoma,Love,39,0,0,33.95273467,-97.23906784,40085.0,380.3764751779967,0.0,39,34,0,0,34,31,10134,5,0,0,5,3
2020-07-07,US,Oklahoma,Major,8,1,0,36.31149996,-98.53467076,40093.0,104.86302267662865,12.5,7,8,1,0,7,8,7644,0,0,0,0,0
2020-07-07,US,Oklahoma,Marshall,41,0,0,34.02311222,-96.76855464,40095.0,242.15935266670604,0.0,41,37,0,0,37,37,16806,4,0,0,4,0
2020-07-07,US,Oklahoma,Mayes,102,5,0,36.30179091,-95.23175116,40097.0,248.17518248175188,4.901960784313727,97,94,5,0,89,94,41107,8,0,0,8,0
2020-07-07,US,Oklahoma,McClain,216,4,0,35.01123903,-97.44572302,40087.0,533.6759401097,1.851851851851852,212,204,4,0,200,198,39985,12,0,0,12,6
2020-07-07,US,Oklahoma,McCurtain,569,9,0,34.11664328,-94.77222373,40089.0,1733.0653021442495,1.5817223198594024,560,561,8,0,553,542,32703,8,1,0,7,19
2020-07-07,US,Oklahoma,McIntosh,69,1,0,35.37235506,-95.66599306,40091.0,352.11267605633805,1.4492753623188406,68,70,1,0,69,67,19815,-1,0,0,-1,3
2020-07-07,US,Oklahoma,Murray,23,0,0,34.48116015,-97.06826283,40099.0,163.43352519008033,0.0,23,22,0,0,22,22,13953,1,0,0,1,0
2020-07-07,US,Oklahoma,Muskogee,153,12,0,35.61318461,-95.37802952,40101.0,225.00992690854008,7.84313725490196,141,143,11,0,132,138,68362,10,1,0,9,5
2020-07-07,US,Oklahoma,Noble,48,1,0,36.38953329,-97.22928674,40103.0,431.2281016979608,2.083333333333333,47,47,1,0,46,40,11289,1,0,0,1,7
2020-07-07,US,Oklahoma,Nowata,37,1,0,36.79843529,-95.61902331,40105.0,367.2092100039698,2.702702702702702,36,37,1,0,36,37,10218,0,0,0,0,0
2020-07-07,US,Oklahoma,Okfuskee,16,0,0,35.46485198,-96.32639984,40107.0,133.41115650796294,0.0,16,16,0,0,16,16,12098,0,0,0,0,0
2020-07-07,US,Oklahoma,Oklahoma,3819,70,0,35.55140095,-97.40716948,40109.0,478.91110737691145,1.8329405603561144,3749,3607,70,0,3537,3479,792582,212,0,0,212,128
2020-07-07,US,Oklahoma,Okmulgee,104,0,0,35.64661916,-95.96432828,40111.0,270.3756661900429,0.0,104,100,0,0,100,95,38335,4,0,0,4,5
2020-07-07,US,Oklahoma,Osage,187,8,0,36.62888819,-96.39635704,40113.0,398.18580584715625,4.2780748663101615,179,186,8,0,178,185,47014,1,0,0,1,1
2020-07-07,US,Oklahoma,Ottawa,120,2,0,36.83532655,-94.81011909,40115.0,385.5173964725157,1.6666666666666667,118,85,2,0,83,81,31175,35,0,0,35,4
2020-07-07,US,Oklahoma,Pawnee,60,2,0,36.31743373,-96.70331759999999,40117.0,366.38983878847085,3.333333333333333,58,58,2,0,56,58,16390,2,0,0,2,0
2020-07-07,US,Oklahoma,Payne,452,1,0,36.07695283,-96.97584944,40119.0,552.6753399197887,0.22123893805309736,451,438,1,0,437,426,82040,14,0,0,14,12
2020-07-07,US,Oklahoma,Pittsburg,67,3,0,34.92065823,-95.75134320000001,40121.0,153.47963531406054,4.477611940298506,64,65,3,0,62,64,43877,2,0,0,2,1
2020-07-07,US,Oklahoma,Pontotoc,51,2,0,34.72959848,-96.68337199,40123.0,133.21492007104794,3.92156862745098,49,50,2,0,48,45,38247,1,0,0,1,5
2020-07-07,US,Oklahoma,Pottawatomie,121,4,0,35.20614018,-96.94923008,40125.0,166.68503416354415,3.3057851239669422,117,119,4,0,115,117,72679,2,0,0,2,2
2020-07-07,US,Oklahoma,Pushmataha,17,0,0,34.41635232,-95.37603505,40127.0,153.2083633741889,0.0,17,17,0,0,17,17,11179,0,0,0,0,0
2020-07-07,US,Oklahoma,Rogers,262,7,0,36.37004357,-95.60406759,40131.0,283.3688445689442,2.6717557251908395,255,222,6,0,216,217,91984,40,1,0,39,5
2020-07-07,US,Oklahoma,Seminole,46,3,0,35.16478725,-96.61686741,40133.0,189.62816390469123,6.521739130434782,43,43,3,0,40,43,24578,3,0,0,3,0
2020-07-07,US,Oklahoma,Sequoyah,52,3,0,35.49447108,-94.75463785,40135.0,125.09321850417378,5.769230769230768,49,50,3,0,47,47,41179,2,0,0,2,3
2020-07-07,US,Oklahoma,Stephens,70,1,0,34.48556989,-97.85141892,40137.0,162.25111837378026,1.4285714285714286,69,72,1,0,71,65,43265,-2,0,0,-2,7
2020-07-07,US,Oklahoma,Texas,997,6,0,36.74777635,-101.4889765,40139.0,4989.240854726518,0.6018054162487463,991,993,6,0,987,993,20455,4,0,0,4,0
2020-07-07,US,Oklahoma,Tillman,25,1,0,34.37288446,-98.92426619,40141.0,344.82758620689657,4.0,24,25,1,0,24,25,7348,0,0,0,0,0
2020-07-07,US,Oklahoma,Tulsa,4365,71,0,36.11939621,-95.94013939,40143.0,669.9388536908796,1.6265750286368843,4294,4104,72,0,4032,4035,648360,261,-1,0,262,69
2020-07-07,US,Oklahoma,Wagoner,331,19,0,35.96024096,-95.51911308,40145.0,407.1891645856143,5.740181268882174,312,314,19,0,295,310,80110,17,0,0,17,4
2020-07-07,US,Oklahoma,Washington,431,39,0,36.71380786,-95.90514104,40147.0,836.4546742484523,9.048723897911833,392,410,39,0,371,407,51843,21,0,0,21,3
2020-07-07,US,Oklahoma,Washita,6,0,0,35.29071824,-98.99180434,40149.0,54.965188713814584,0.0,6,5,0,0,5,5,11127,1,0,0,1,0
2020-07-07,US,Oklahoma,Woods,8,0,0,36.76705782,-98.86573064,40151.0,90.98146252701012,0.0,8,6,0,0,6,7,8897,2,0,0,2,-1
2020-07-07,US,Oklahoma,Woodward,15,0,0,36.42316318,-99.26283045,40153.0,74.2170105388155,0.0,15,15,0,0,15,13,20222,0,0,0,0,2
2020-07-07,US,Oregon,Baker,5,0,0,44.70915557,-117.6749883,41001.0,31.009675018605805,0.0,5,5,0,0,5,5,16006,0,0,0,0,0
2020-07-07,US,Oregon,Benton,97,5,0,44.49167306,-123.4316987,41003.0,104.24166872642472,5.154639175257731,92,95,5,0,90,94,92101,2,0,0,2,1
2020-07-07,US,Oregon,Clackamas,877,25,0,45.18787398,-122.2179634,41005.0,209.71479266452567,2.8506271379703536,852,861,25,0,836,845,416075,16,0,0,16,16
2020-07-07,US,Oregon,Clatsop,54,0,0,45.99712889,-123.660711,41007.0,134.24821002386628,0.0,54,54,0,0,54,51,39764,0,0,0,0,3
2020-07-07,US,Oregon,Columbia,44,0,0,45.94464254,-123.08908980000001,41009.0,84.04324406922106,0.0,44,42,0,0,42,39,52377,2,0,0,2,3
2020-07-07,US,Oregon,Coos,46,0,0,43.17406868,-124.0594514,41011.0,71.33220649123079,0.0,46,42,0,0,42,42,64389,4,0,0,4,0
2020-07-07,US,Oregon,Crook,14,0,0,44.14230227,-120.356297,41013.0,57.36764464841829,0.0,14,13,0,0,13,13,23867,1,0,0,1,0
2020-07-07,US,Oregon,Curry,8,0,0,42.45911325,-124.15728200000001,41015.0,34.89640130861505,0.0,8,8,0,0,8,8,22813,0,0,0,0,0
2020-07-07,US,Oregon,Deschutes,221,0,0,43.91570171,-121.2289121,41017.0,111.79005726078951,0.0,221,221,0,0,221,219,191996,0,0,0,0,2
2020-07-07,US,Oregon,Douglas,54,0,0,43.27941273,-123.16729099999999,41019.0,48.65741575058569,0.0,54,51,0,0,51,50,110283,3,0,0,3,1
2020-07-07,US,Oregon,Gilliam,1,0,0,45.37160076,-120.20488689999999,41021.0,52.30125523012552,0.0,1,1,0,0,1,1,1894,0,0,0,0,0
2020-07-07,US,Oregon,Grant,1,0,0,44.49024544,-119.0068631,41023.0,13.890818169190164,0.0,1,1,0,0,1,1,7176,0,0,0,0,0
2020-07-07,US,Oregon,Harney,1,0,0,43.06422669,-118.96663059999999,41025.0,13.526308670363855,0.0,1,1,0,0,1,1,7329,0,0,0,0,0
2020-07-07,US,Oregon,Hood River,97,0,0,45.51872811,-121.65520359999998,41027.0,414.8490291677359,0.0,97,94,0,0,94,93,23428,3,0,0,3,1
2020-07-07,US,Oregon,Jackson,152,0,0,42.43201126,-122.72893090000001,41029.0,68.79571294083567,0.0,152,152,0,0,152,149,219564,0,0,0,0,3
2020-07-07,US,Oregon,Jefferson,136,0,0,44.62806839,-121.17832,41031.0,551.5451374807365,0.0,136,134,0,0,134,133,24192,2,0,0,2,1
2020-07-07,US,Oregon,Josephine,59,1,0,42.3665549,-123.5561938,41033.0,67.43859087635877,1.6949152542372878,58,56,1,0,55,55,87393,3,0,0,3,1
2020-07-07,US,Oregon,Klamath,131,1,0,42.68762984,-121.64964609999998,41035.0,191.97514581318327,0.7633587786259542,130,130,1,0,129,130,67653,1,0,0,1,0
2020-07-07,US,Oregon,Lake,22,0,0,42.79246693,-120.38501629999999,41037.0,279.5780912441225,0.0,22,21,0,0,21,21,7879,1,0,0,1,0
2020-07-07,US,Oregon,Lane,243,3,0,43.93727035,-122.847753,41039.0,63.60141022386126,1.2345679012345678,240,228,3,0,225,218,379611,15,0,0,15,10
2020-07-07,US,Oregon,Lincoln,346,4,0,44.64252874,-123.86991200000001,41041.0,692.5263200032024,1.1560693641618498,342,346,4,0,342,346,49388,0,0,0,0,0
2020-07-07,US,Oregon,Linn,157,10,0,44.48899494,-122.53731540000001,41043.0,121.00285936693152,6.369426751592357,147,157,9,0,148,157,127335,0,1,0,-1,0
2020-07-07,US,Oregon,Malheur,223,1,0,43.1937027,-117.62273950000001,41045.0,729.449478263714,0.4484304932735426,222,216,1,0,215,206,30725,7,0,0,7,10
2020-07-07,US,Oregon,Marion,1683,50,0,44.90287942,-122.58151170000001,41047.0,483.87375006468903,2.9708853238265003,1633,1661,48,0,1613,1648,346868,22,2,0,20,13
2020-07-07,US,Oregon,Morrow,109,1,0,45.41846568,-119.584546,41049.0,939.4122209773337,0.9174311926605504,108,107,1,0,106,102,11372,2,0,0,2,5
2020-07-07,US,Oregon,Multnomah,2580,70,0,45.54747959,-122.4169351,41051.0,317.39978224898664,2.713178294573644,2510,2529,69,0,2460,2488,811880,51,1,0,50,41
2020-07-07,US,Oregon,Polk,166,12,0,44.90322804,-123.4128888,41053.0,192.83266538885982,7.2289156626506035,154,160,12,0,148,159,85234,6,0,0,6,1
2020-07-07,US,Oregon,Sherman,3,0,0,45.41501554,-120.6827834,41055.0,168.53932584269663,0.0,3,3,0,0,3,3,1708,0,0,0,0,0
2020-07-07,US,Oregon,Tillamook,15,0,0,45.46248721,-123.712066,41057.0,55.48158011540168,0.0,15,15,0,0,15,14,26787,0,0,0,0,1
2020-07-07,US,Oregon,Umatilla,792,6,0,45.59073056,-118.7353826,41059.0,1016.0359204618344,0.7575757575757576,786,772,6,0,766,757,77516,20,0,0,20,15
2020-07-07,US,Oregon,Union,361,1,0,45.30915495,-118.0068979,41061.0,1345.2580585056826,0.2770083102493075,360,356,1,0,355,356,26461,5,0,0,5,0
2020-07-07,US,Oregon,Wallowa,11,0,0,45.57894064,-117.18353799999998,41063.0,152.60821309655938,0.0,11,10,0,0,10,10,7081,1,0,0,1,0
2020-07-07,US,Oregon,Wasco,96,1,0,45.16292781,-121.16709540000001,41065.0,359.79311895660004,1.0416666666666667,95,94,1,0,93,91,26505,2,0,0,2,3
2020-07-07,US,Oregon,Washington,1645,20,0,45.55972701,-123.0955257,41067.0,273.44113618532157,1.2158054711246202,1625,1620,20,0,1600,1586,597695,25,0,0,25,34
2020-07-07,US,Oregon,Yamhill,155,9,0,45.23330449,-123.3086963,41071.0,144.72455648926237,5.806451612903227,146,139,8,0,131,139,107002,16,1,0,15,0
2020-07-07,US,Pennsylvania,Adams,358,13,0,39.87140411,-77.21610347,42001.0,347.5424477472841,3.6312849162011163,345,352,13,0,339,352,102811,6,0,0,6,0
2020-07-07,US,Pennsylvania,Allegheny,3979,190,0,40.46809875,-79.98167747,42003.0,327.20828587757853,4.775069112842423,3789,3775,190,0,3585,3557,1218452,204,0,0,204,218
2020-07-07,US,Pennsylvania,Armstrong,79,6,0,40.81665618,-79.46290811,42005.0,122.03599289410671,7.594936708860758,73,78,6,0,72,78,65263,1,0,0,1,0
2020-07-07,US,Pennsylvania,Beaver,770,79,0,40.6825484,-80.34921611,42007.0,469.715547584625,10.25974025974026,691,742,79,0,663,737,164742,28,0,0,28,5
2020-07-07,US,Pennsylvania,Bedford,90,4,0,40.00522157,-78.48998442,42009.0,187.93852322084862,4.4444444444444455,86,89,4,0,85,89,48176,1,0,0,1,0
2020-07-07,US,Pennsylvania,Berks,4606,353,0,40.41570541,-75.92457766,42011.0,1093.6357333485294,7.663916630481981,4253,4581,352,0,4229,4578,420152,25,1,0,24,3
2020-07-07,US,Pennsylvania,Blair,89,1,0,40.47961444,-78.34917412,42013.0,73.05321393100165,1.1235955056179776,88,87,1,0,86,84,122492,2,0,0,2,3
2020-07-07,US,Pennsylvania,Bradford,59,3,0,41.78869215,-76.51570822,42015.0,97.80680669064868,5.084745762711863,56,56,3,0,53,56,60833,3,0,0,3,0
2020-07-07,US,Pennsylvania,Bucks,5948,570,0,40.33682119,-75.10836643,42017.0,946.7267257707672,9.583053127101547,5378,5912,568,0,5344,5883,628195,36,2,0,34,29
2020-07-07,US,Pennsylvania,Butler,370,13,0,40.91152759,-79.91351055,42019.0,196.96251856504813,3.5135135135135136,357,356,13,0,343,346,187888,14,0,0,14,10
2020-07-07,US,Pennsylvania,Cambria,104,3,0,40.49527404,-78.71377428,42021.0,79.88202040063905,2.8846153846153846,101,98,3,0,95,96,131730,6,0,0,6,2
2020-07-07,US,Pennsylvania,Cameron,4,0,0,41.43625568,-78.20376845,42023.0,89.94827973915001,0.0,4,4,0,0,4,4,4492,0,0,0,0,0
2020-07-07,US,Pennsylvania,Carbon,288,27,0,40.91545395,-75.7068525,42025.0,448.723941291951,9.375,261,287,26,0,261,287,64227,1,1,0,0,0
2020-07-07,US,Pennsylvania,Centre,230,8,0,40.92058903,-77.82200624,42027.0,141.63869815561782,3.4782608695652173,222,228,8,0,220,227,162805,2,0,0,2,1
2020-07-07,US,Pennsylvania,Chester,3863,330,0,39.97291773,-75.74768357,42029.0,735.8249410940039,8.542583484338596,3533,3839,329,0,3510,3831,522046,24,1,0,23,8
2020-07-07,US,Pennsylvania,Clarion,48,2,0,41.19265812,-79.42413524,42031.0,124.87642437171549,4.166666666666667,46,48,2,0,46,48,38779,0,0,0,0,0
2020-07-07,US,Pennsylvania,Clearfield,79,0,0,41.00110782,-78.47592663,42033.0,99.67825373793451,0.0,79,75,0,0,75,74,79388,4,0,0,4,1
2020-07-07,US,Pennsylvania,Clinton,81,4,0,41.23255967,-77.63785995,42035.0,209.67073928349555,4.938271604938271,77,81,4,0,77,80,38684,0,0,0,0,1
2020-07-07,US,Pennsylvania,Columbia,412,34,0,41.04821986,-76.40565017,42037.0,634.1974016378302,8.25242718446602,378,411,34,0,377,411,65456,1,0,0,1,0
2020-07-07,US,Pennsylvania,Crawford,72,0,0,41.68447709,-80.10760592,42039.0,85.07721939287951,0.0,72,70,0,0,70,66,85063,2,0,0,2,4
2020-07-07,US,Pennsylvania,Cumberland,902,64,0,40.1625372,-77.26130755,42041.0,356.00110510320883,7.095343680709535,838,894,64,0,830,890,251423,8,0,0,8,4
2020-07-07,US,Pennsylvania,Dauphin,2220,142,0,40.41377078,-76.77993242,42043.0,797.7031897347816,6.396396396396398,2078,2198,140,0,2058,2194,277097,22,2,0,20,4
2020-07-07,US,Pennsylvania,Delaware,7384,661,0,39.91680171,-75.40243663,42045.0,1302.87412196271,8.951787648970749,6723,7349,659,0,6690,7334,564751,35,2,0,33,15
2020-07-07,US,Pennsylvania,Elk,24,0,0,41.42822061,-78.64524744,42047.0,80.2407221664995,0.0,24,20,0,0,20,20,30169,4,0,0,4,0
2020-07-07,US,Pennsylvania,Erie,679,12,0,41.99253829,-80.03301954,42049.0,251.73508126705426,1.7673048600883652,667,661,12,0,649,650,272061,18,0,0,18,11
2020-07-07,US,Pennsylvania,Fayette,149,4,0,39.92041012,-79.64291195,42051.0,115.25906214706751,2.684563758389262,145,147,4,0,143,140,130441,2,0,0,2,7
2020-07-07,US,Pennsylvania,Forest,7,0,0,41.51095103,-79.23229292,42053.0,96.59169311439214,0.0,7,7,0,0,7,7,7279,0,0,0,0,0
2020-07-07,US,Pennsylvania,Franklin,970,44,0,39.92956518,-77.72157791,42055.0,625.6974591522768,4.536082474226804,926,958,44,0,914,956,154835,12,0,0,12,2
2020-07-07,US,Pennsylvania,Fulton,18,1,0,39.92913544,-78.11163677,42057.0,123.88162422573986,5.5555555555555545,17,18,1,0,17,18,14523,0,0,0,0,0
2020-07-07,US,Pennsylvania,Greene,50,0,0,39.85746531,-80.22357106,42059.0,137.9957497309083,0.0,50,47,0,0,47,44,36506,3,0,0,3,3
2020-07-07,US,Pennsylvania,Huntingdon,254,4,0,40.42162652,-77.97673273,42061.0,562.6439836966152,1.5748031496062993,250,254,4,0,250,254,45168,0,0,0,0,0
2020-07-07,US,Pennsylvania,Indiana,116,6,0,40.65241041,-79.08963285,42063.0,137.97533096237794,5.172413793103448,110,114,6,0,108,114,84501,2,0,0,2,0
2020-07-07,US,Pennsylvania,Jefferson,30,1,0,41.12913106,-78.9986361,42065.0,69.08462867012089,3.333333333333333,29,30,1,0,29,30,43641,0,0,0,0,0
2020-07-07,US,Pennsylvania,Juniata,114,6,0,40.53358749,-77.39975129999998,42067.0,460.3642531195736,5.2631578947368425,108,113,6,0,107,113,24704,1,0,0,1,0
2020-07-07,US,Pennsylvania,Lackawanna,1740,207,0,41.43564672,-75.60379201,42069.0,829.859686942587,11.89655172413793,1533,1734,207,0,1527,1733,210793,6,0,0,6,1
2020-07-07,US,Pennsylvania,Lancaster,4623,372,0,40.03904563,-76.24770128,42071.0,847.1315170305869,8.046722907203115,4251,4602,367,0,4235,4589,543557,21,5,0,16,13
2020-07-07,US,Pennsylvania,Lawrence,129,9,0,40.99206278,-80.33393706,42073.0,150.85602020769014,6.9767441860465125,120,124,9,0,115,119,86184,5,0,0,5,5
2020-07-07,US,Pennsylvania,Lebanon,1389,45,0,40.36680311,-76.45651841,42075.0,979.597018188486,3.239740820734341,1344,1383,44,0,1339,1383,141314,6,1,0,5,0
2020-07-07,US,Pennsylvania,Lehigh,4334,309,0,40.6154815,-75.59435245,42077.0,1173.5144238840242,7.1296723580987535,4025,4317,307,0,4010,4311,368100,17,2,0,15,6
2020-07-07,US,Pennsylvania,Luzerne,2964,179,0,41.17823008,-75.98447579,42079.0,933.7874152928167,6.039136302294197,2785,2958,178,0,2780,2956,317646,6,1,0,5,2
2020-07-07,US,Pennsylvania,Lycoming,217,20,0,41.34310539,-77.06629984,42081.0,191.52861013777704,9.216589861751153,197,214,20,0,194,214,113664,3,0,0,3,0
2020-07-07,US,Pennsylvania,McKean,20,1,0,41.80938602,-78.56478358,42083.0,49.23076923076921,5.0,19,20,1,0,19,20,40968,0,0,0,0,0
2020-07-07,US,Pennsylvania,Mercer,159,6,0,41.30248872,-80.25816981,42085.0,145.3063313349905,3.7735849056603774,153,158,6,0,152,154,110683,1,0,0,1,4
2020-07-07,US,Pennsylvania,Mifflin,66,1,0,40.61116939,-77.61070738,42087.0,143.0491135289783,1.5151515151515151,65,65,1,0,64,64,46222,1,0,0,1,1
2020-07-07,US,Pennsylvania,Monroe,1444,111,0,41.05934058,-75.34031025,42089.0,848.0598575212456,7.686980609418282,1333,1439,109,0,1330,1436,169507,5,2,0,3,3
2020-07-07,US,Pennsylvania,Montgomery,8682,815,0,40.21053671,-75.36652296,42091.0,1044.8722191800605,9.387237963602855,7867,8634,811,0,7823,8610,828604,48,4,0,44,24
2020-07-07,US,Pennsylvania,Montour,76,2,0,41.03023987,-76.66345939,42093.0,416.8952276467362,2.631578947368421,74,76,2,0,74,76,18240,0,0,0,0,0
2020-07-07,US,Pennsylvania,Northampton,3485,275,0,40.75182733,-75.30471829,42095.0,1141.5562507165434,7.890961262553803,3210,3475,273,0,3202,3471,304807,10,2,0,8,4
2020-07-07,US,Pennsylvania,Northumberland,328,8,0,40.84785433,-76.70798222,42097.0,361.06249243199807,2.4390243902439024,320,327,8,0,319,327,91083,1,0,0,1,0
2020-07-07,US,Pennsylvania,Perry,88,5,0,40.40206612,-77.26297447,42099.0,190.17980636237897,5.6818181818181825,83,86,5,0,81,86,46139,2,0,0,2,0
2020-07-07,US,Pennsylvania,Philadelphia,26901,1621,0,40.00338507,-75.1379271,42101.0,1698.2268393196234,6.025798297461061,25280,26810,1619,0,25191,26565,1584138,91,2,0,89,245
2020-07-07,US,Pennsylvania,Pike,504,21,0,41.33155042,-75.03208106,42103.0,903.0801483631673,4.166666666666667,483,503,21,0,482,503,55933,1,0,0,1,0
2020-07-07,US,Pennsylvania,Potter,17,0,0,41.74471626,-77.89559864,42105.0,102.86820767275809,0.0,17,17,0,0,17,17,16622,0,0,0,0,0
2020-07-07,US,Pennsylvania,Schuylkill,759,46,0,40.70497338,-76.2150785,42107.0,536.9307932285882,6.0606060606060606,713,755,44,0,711,754,142067,4,2,0,2,1
2020-07-07,US,Pennsylvania,Snyder,68,2,0,40.77129231,-77.06840691,42109.0,168.43356781928068,2.9411764705882355,66,68,2,0,66,68,40540,0,0,0,0,0
2020-07-07,US,Pennsylvania,Somerset,64,1,0,39.97172723,-79.02699593,42111.0,87.13766389369205,1.5625,63,64,1,0,63,63,73952,0,0,0,0,1
2020-07-07,US,Pennsylvania,Sullivan,10,0,0,41.44634738,-76.51246591,42113.0,164.85328058028355,0.0,10,10,0,0,10,10,6071,0,0,0,0,0
2020-07-07,US,Pennsylvania,Susquehanna,190,25,0,41.82147784,-75.80071959,42115.0,471.13667923031153,13.157894736842106,165,186,24,0,162,185,40589,4,1,0,3,1
2020-07-07,US,Pennsylvania,Tioga,27,2,0,41.77255149,-77.25433032,42117.0,66.51720824813383,7.407407407407407,25,27,2,0,25,27,40763,0,0,0,0,0
2020-07-07,US,Pennsylvania,Union,96,2,0,40.96188846,-77.05996014,42119.0,213.69899605992472,2.083333333333333,94,95,2,0,93,95,44785,1,0,0,1,0
2020-07-07,US,Pennsylvania,Venango,28,0,0,41.40323442,-79.75845449,42121.0,55.261703639377906,0.0,28,27,0,0,27,27,51266,1,0,0,1,0
2020-07-07,US,Pennsylvania,Warren,7,1,0,41.81304978,-79.26969577,42123.0,17.861243652879487,14.285714285714285,6,7,1,0,6,7,39498,0,0,0,0,0
2020-07-07,US,Pennsylvania,Washington,339,6,0,40.19208869,-80.24582867,42125.0,163.87499093611774,1.7699115044247788,333,318,6,0,312,295,207346,21,0,0,21,23
2020-07-07,US,Pennsylvania,Wayne,141,9,0,41.64938475,-75.29956506,42127.0,274.52736512139563,6.382978723404255,132,141,9,0,132,141,51276,0,0,0,0,0
2020-07-07,US,Pennsylvania,Westmoreland,863,39,0,40.31377979999999,-79.46615476,42129.0,247.34951948844795,4.519119351100811,824,828,38,0,790,801,350611,35,1,0,34,27
2020-07-07,US,Pennsylvania,Wyoming,40,7,0,41.51955538,-76.01074915,42131.0,149.28715384041203,17.5,33,40,7,0,33,39,27046,0,0,0,0,1
2020-07-07,US,Pennsylvania,York,1654,55,0,39.9210089,-76.73040131,42133.0,368.3265858753212,3.3252720677146312,1599,1613,54,0,1559,1609,448273,41,1,0,40,4
2020-07-07,US,Rhode Island,Bristol,256,0,0,41.71018079,-71.28652315,44001.0,528.0636976835331,0.0,256,256,0,0,256,256,48649,0,0,0,0,0
2020-07-07,US,Rhode Island,Kent,1234,0,0,41.67106337,-71.57641596,44003.0,751.1016969785504,0.0,1234,1234,0,0,1234,1234,163861,0,0,0,0,0
2020-07-07,US,Rhode Island,Newport,331,0,0,41.5642026,-71.26569799,44005.0,403.25528130406167,0.0,331,331,0,0,331,331,82542,0,0,0,0,0
2020-07-07,US,Rhode Island,Providence,13144,0,0,41.87064746,-71.57753536,44007.0,2057.1861437307,0.0,13144,13144,0,0,13144,13144,636084,0,0,0,0,0
2020-07-07,US,Rhode Island,Unassigned,1651,969,0,0.0,0.0,90044.0,0.0,58.691701998788616,682,1488,960,0,528,1488,,163,9,0,154,0
2020-07-07,US,Rhode Island,Washington,538,0,0,41.45961631,-71.61435303,44009.0,428.4224021914842,0.0,538,538,0,0,538,538,126179,0,0,0,0,0
2020-07-07,US,South Carolina,Abbeville,134,1,0,34.22333378,-82.46170658,45001.0,546.336690178171,0.746268656716418,133,135,0,0,135,124,24541,-1,1,0,-2,11
2020-07-07,US,South Carolina,Aiken,530,11,0,33.54338026,-81.63645384,45003.0,310.1736972704714,2.0754716981132075,519,516,10,0,506,507,169401,14,1,0,13,9
2020-07-07,US,South Carolina,Allendale,64,3,0,32.98837386,-81.35321066,45005.0,736.6482504604053,4.6875,61,64,3,0,61,61,8903,0,0,0,0,3
2020-07-07,US,South Carolina,Anderson,824,15,0,34.51828081,-82.63959517,45007.0,406.7970655318477,1.8203883495145632,809,798,12,0,786,777,200482,26,3,0,23,21
2020-07-07,US,South Carolina,Bamberg,151,1,0,33.21927586,-81.05659969,45009.0,1073.5105929190956,0.6622516556291391,150,148,1,0,147,147,14275,3,0,0,3,1
2020-07-07,US,South Carolina,Barnwell,101,1,0,33.26679302,-81.43584352,45011.0,484.04102367487775,0.99009900990099,100,99,1,0,98,95,21112,2,0,0,2,4
2020-07-07,US,South Carolina,Beaufort,1620,23,0,32.39226291,-80.72619758,45013.0,843.2142076388961,1.4197530864197532,1597,1515,23,0,1492,1462,188715,105,0,0,105,53
2020-07-07,US,South Carolina,Berkeley,1703,24,0,33.20222596,-79.94654523,45015.0,747.2346176291206,1.4092777451556078,1679,1654,24,0,1630,1540,221091,49,0,0,49,114
2020-07-07,US,South Carolina,Calhoun,109,2,0,33.66926881,-80.77722168,45017.0,748.9864632721774,1.834862385321101,107,107,2,0,105,106,14520,2,0,0,2,1
2020-07-07,US,South Carolina,Charleston,6073,41,0,32.82487866,-79.96512315,45019.0,1476.1573725225205,0.6751193808661288,6032,5979,36,0,5943,5651,405905,94,5,0,89,328
2020-07-07,US,South Carolina,Cherokee,204,8,0,35.05122251,-81.61828622,45021.0,356.020942408377,3.92156862745098,196,189,7,0,182,185,57078,15,1,0,14,4
2020-07-07,US,South Carolina,Chester,236,2,0,34.69249168,-81.1583216,45023.0,731.9191167348964,0.8474576271186439,234,232,2,0,230,227,32251,4,0,0,4,5
2020-07-07,US,South Carolina,Chesterfield,407,15,0,34.64137396,-80.15640140000002,45025.0,891.5662650602409,3.6855036855036856,392,400,15,0,385,393,45754,7,0,0,7,7
2020-07-07,US,South Carolina,Clarendon,454,43,0,33.66610974,-80.21647898,45027.0,1345.384501407616,9.47136563876652,411,450,43,0,407,446,33700,4,0,0,4,4
2020-07-07,US,South Carolina,Colleton,401,22,0,32.87582989,-80.67641292,45029.0,1064.3097911192506,5.486284289276808,379,384,22,0,362,378,37660,17,0,0,17,6
2020-07-07,US,South Carolina,Darlington,504,16,0,34.33358335,-79.96027485,45031.0,756.5522831667117,3.1746031746031744,488,498,16,0,482,492,66802,6,0,0,6,6
2020-07-07,US,South Carolina,Dillon,350,12,0,34.39007791,-79.37741872,45033.0,1148.3316381771056,3.4285714285714284,338,344,12,0,332,336,30599,6,0,0,6,8
2020-07-07,US,South Carolina,Dorchester,1155,5,0,33.0794369,-80.40502652,45035.0,709.4202408957733,0.4329004329004329,1150,1133,5,0,1128,1074,160647,22,0,0,22,59
2020-07-07,US,South Carolina,Edgefield,101,3,0,33.77221995,-81.96231108,45037.0,370.5062362435804,2.9702970297029703,98,100,3,0,97,99,27052,1,0,0,1,1
2020-07-07,US,South Carolina,Fairfield,319,22,0,34.39287073,-81.1195624,45039.0,1427.4846735579722,6.896551724137932,297,316,22,0,294,313,22402,3,0,0,3,3
2020-07-07,US,South Carolina,Florence,1427,56,0,34.02361754,-79.70189312,45041.0,1031.867122703246,3.9243167484232657,1371,1415,56,0,1359,1384,138159,12,0,0,12,31
2020-07-07,US,South Carolina,Georgetown,644,6,0,33.43443342,-79.33202141,45043.0,1027.4409700063816,0.9316770186335404,638,631,6,0,625,658,62249,13,0,0,13,-27
2020-07-07,US,South Carolina,Greenville,6068,90,0,34.89502264,-82.37295012,45045.0,1159.0283110046564,1.4831905075807514,5978,6019,87,0,5932,5864,514213,49,3,0,46,155
2020-07-07,US,South Carolina,Greenwood,599,7,0,34.15272415,-82.12715789,45047.0,845.9137704593919,1.1686143572621035,592,595,7,0,588,561,70741,4,0,0,4,34
2020-07-07,US,South Carolina,Hampton,87,2,0,32.77419582,-81.13845571,45049.0,452.606388513162,2.2988505747126435,85,87,2,0,85,86,19351,0,0,0,0,1
2020-07-07,US,South Carolina,Horry,4847,55,0,33.9212828,-78.99555293,45051.0,1368.895817623651,1.1347225087683104,4792,4717,55,0,4662,4482,344147,130,0,0,130,235
2020-07-07,US,South Carolina,Jasper,208,3,0,32.43171982,-81.02487495,45053.0,691.6503175606026,1.4423076923076923,205,188,3,0,185,178,28971,20,0,0,20,10
2020-07-07,US,South Carolina,Kershaw,797,16,0,34.33988254,-80.58763164,45055.0,1197.5777974786256,2.0075282308657467,781,790,17,0,773,767,65592,7,-1,0,8,23
2020-07-07,US,South Carolina,Lancaster,574,14,0,34.68270843,-80.70513032,45057.0,585.6425743786475,2.4390243902439024,560,571,14,0,557,555,95380,3,0,0,3,16
2020-07-07,US,South Carolina,Laurens,626,9,0,34.48244419,-82.00490796,45059.0,927.5035929651964,1.437699680511182,617,608,9,0,599,590,66994,18,0,0,18,18
2020-07-07,US,South Carolina,Lee,330,22,0,34.16393091,-80.25690731,45061.0,1961.0173520323278,6.666666666666668,308,310,22,0,288,308,17142,20,0,0,20,2
2020-07-07,US,South Carolina,Lexington,2522,57,0,33.89665987,-81.27146426,45063.0,844.18410041841,2.260111022997621,2465,2462,57,0,2405,2396,295032,60,0,0,60,66
2020-07-07,US,South Carolina,Marion,281,9,0,34.07859748,-79.36400756,45067.0,916.5932739667938,3.2028469750889683,272,280,8,0,272,275,31039,1,1,0,0,5
2020-07-07,US,South Carolina,Marlboro,321,4,0,34.59905577,-79.67561152,45069.0,1229.0374454399264,1.2461059190031152,317,319,4,0,315,316,26398,2,0,0,2,3
2020-07-07,US,South Carolina,McCormick,26,2,0,33.90161443,-82.30794338,45065.0,274.7543062453767,7.6923076923076925,24,26,2,0,24,21,9410,0,0,0,0,5
2020-07-07,US,South Carolina,Newberry,336,5,0,34.28629098,-81.59935761,45071.0,874.0894901144641,1.488095238095238,331,312,5,0,307,298,38520,24,0,0,24,14
2020-07-07,US,South Carolina,Oconee,350,1,0,34.75225169,-83.06742317,45073.0,439.99698287783167,0.2857142857142857,349,334,1,0,333,330,78374,16,0,0,16,4
2020-07-07,US,South Carolina,Orangeburg,954,16,0,33.4391073,-80.79886287,45075.0,1107.0496083550913,1.6771488469601676,938,936,16,0,920,917,86934,18,0,0,18,19
2020-07-07,US,South Carolina,Pickens,1007,5,0,34.88807695,-82.72791551,45077.0,793.6382837867659,0.4965243296921549,1002,1000,5,0,995,979,124937,7,0,0,7,21
2020-07-07,US,South Carolina,Richland,4273,90,0,34.01791263,-80.90267209,45079.0,1027.7588699222383,2.1062485373274047,4183,4216,87,0,4129,4127,414576,57,3,0,54,89
2020-07-07,US,South Carolina,Saluda,240,1,0,34.00795823,-81.72713237,45081.0,1172.2756801641185,0.4166666666666667,239,239,1,0,238,235,20544,1,0,0,1,4
2020-07-07,US,South Carolina,Spartanburg,2009,52,0,34.92960077,-81.99225984,45083.0,628.2345951185953,2.5883524141363856,1957,1955,52,0,1903,1892,313888,54,0,0,54,63
2020-07-07,US,South Carolina,Sumter,1248,27,0,33.91826534,-80.37942316,45085.0,1169.404334667029,2.1634615384615383,1221,1208,25,0,1183,1195,106512,40,2,0,38,13
2020-07-07,US,South Carolina,Union,120,0,0,34.68835752,-81.61730349,45087.0,439.3029726167814,0.0,120,116,0,0,116,102,27410,4,0,0,4,14
2020-07-07,US,South Carolina,Williamsburg,445,15,0,33.62190129,-79.72767442,45089.0,1465.3582718651212,3.3707865168539324,430,441,15,0,426,435,30606,4,0,0,4,6
2020-07-07,US,South Carolina,York,1573,12,0,34.97281497,-81.18085944,45091.0,559.8283145715516,0.7628734901462174,1561,1544,12,0,1532,1483,274118,29,0,0,29,61
2020-07-07,US,South Dakota,Aurora,34,0,0,43.71757685,-98.56050467,46003.0,1235.9142130134496,0.0,34,34,0,0,34,34,2801,0,0,0,0,0
2020-07-07,US,South Dakota,Beadle,545,7,0,44.41464384,-98.27858469,46005.0,2953.449303636265,1.2844036697247707,538,541,7,0,534,540,18883,4,0,0,4,1
2020-07-07,US,South Dakota,Bennett,4,0,0,43.19486375,-101.6665572,46007.0,118.87072808320951,0.0,4,4,0,0,4,4,3468,0,0,0,0,0
2020-07-07,US,South Dakota,Bon Homme,12,0,0,42.98914167,-97.88592746,46009.0,173.8878423416896,0.0,12,12,0,0,12,12,6980,0,0,0,0,0
2020-07-07,US,South Dakota,Brookings,83,0,0,44.36974375,-96.79079945,46011.0,236.6222881090173,0.0,83,81,0,0,81,79,35232,2,0,0,2,2
2020-07-07,US,South Dakota,Brown,350,2,0,45.58994323,-98.35165355,46013.0,901.1560544813203,0.5714285714285714,348,349,2,0,347,347,39316,1,0,0,1,2
2020-07-07,US,South Dakota,Brule,29,0,0,43.71756379,-99.08118954,46015.0,547.4797054936756,0.0,29,29,0,0,29,29,5229,0,0,0,0,0
2020-07-07,US,South Dakota,Buffalo,77,3,0,44.07657829,-99.20814467,46017.0,3924.5667686034662,3.8961038961038965,74,76,3,0,73,76,2036,1,0,0,1,0
2020-07-07,US,South Dakota,Campbell,1,0,0,45.77074915,-100.0510181,46021.0,72.67441860465118,0.0,1,1,0,0,1,1,1377,0,0,0,0,0
2020-07-07,US,South Dakota,Charles Mix,90,0,0,43.20660134,-98.58856175,46023.0,968.5751183814034,0.0,90,91,0,0,91,91,9338,-1,0,0,-1,0
2020-07-07,US,South Dakota,Clark,15,0,0,44.85834507,-97.72925109,46025.0,401.4989293361885,0.0,15,15,0,0,15,15,3739,0,0,0,0,0
2020-07-07,US,South Dakota,Clay,90,0,0,42.91296147,-96.97656917,46027.0,639.6588486140722,0.0,90,89,0,0,89,87,14041,1,0,0,1,2
2020-07-07,US,South Dakota,Codington,85,0,0,44.97788119,-97.18827677,46029.0,303.47388339462316,0.0,85,83,0,0,83,83,28015,2,0,0,2,0
2020-07-07,US,South Dakota,Corson,19,0,0,45.70889983,-101.1970473,46031.0,465.00244738130203,0.0,19,19,0,0,19,19,4165,0,0,0,0,0
2020-07-07,US,South Dakota,Custer,10,0,0,43.67741105,-103.45345209999999,46033.0,111.45786892554614,0.0,10,10,0,0,10,10,8726,0,0,0,0,0
2020-07-07,US,South Dakota,Davison,47,0,0,43.67490933,-98.14458906,46035.0,237.67383059418458,0.0,47,47,0,0,47,46,19790,0,0,0,0,1
2020-07-07,US,South Dakota,Day,19,0,0,45.367281,-97.60737498,46037.0,350.29498525073745,0.0,19,18,0,0,18,18,5505,1,0,0,1,0
2020-07-07,US,South Dakota,Deuel,4,0,0,44.75994309,-96.66943645,46039.0,91.93288899103656,0.0,4,4,0,0,4,4,4337,0,0,0,0,0
2020-07-07,US,South Dakota,Dewey,9,0,0,45.15639647,-100.8709139,46041.0,152.74949083503054,0.0,9,8,0,0,8,8,5904,1,0,0,1,0
2020-07-07,US,South Dakota,Douglas,10,0,0,43.38520741,-98.36978007,46043.0,342.3485107839781,0.0,10,9,0,0,9,9,2935,1,0,0,1,0
2020-07-07,US,South Dakota,Edmunds,8,0,0,45.41846445,-99.21545423,46045.0,208.9318359885088,0.0,8,8,0,0,8,8,3875,0,0,0,0,0
2020-07-07,US,South Dakota,Fall River,12,0,0,43.23929297,-103.5275691,46047.0,178.75763444063756,0.0,12,12,0,0,12,12,6758,0,0,0,0,0
2020-07-07,US,South Dakota,Faulk,23,1,0,45.07082625,-99.14535601,46049.0,1000.4349717268376,4.3478260869565215,22,23,1,0,22,23,2330,0,0,0,0,0
2020-07-07,US,South Dakota,Grant,14,0,0,45.1723937,-96.77002276,46051.0,198.52524106636415,0.0,14,13,0,0,13,13,7147,1,0,0,1,0
2020-07-07,US,South Dakota,Gregory,4,0,0,43.19419064,-99.18883902,46053.0,95.57945041816008,0.0,4,4,0,0,4,4,4212,0,0,0,0,0
2020-07-07,US,South Dakota,Haakon,1,0,0,44.29299053,-101.539099,46055.0,52.6592943654555,0.0,1,1,0,0,1,,1918,0,0,0,0,
2020-07-07,US,South Dakota,Hamlin,13,0,0,44.67385954,-97.18829593,46057.0,210.90201168072682,0.0,13,13,0,0,13,13,6111,0,0,0,0,0
2020-07-07,US,South Dakota,Hand,7,0,0,44.54708407,-99.00386459,46059.0,219.36696960200558,0.0,7,7,0,0,7,7,3262,0,0,0,0,0
2020-07-07,US,South Dakota,Hanson,12,0,0,43.6746384,-97.78715148,46061.0,347.5238922675934,0.0,12,10,0,0,10,10,3376,2,0,0,2,0
2020-07-07,US,South Dakota,Hughes,65,0,0,44.39091534,-99.99661148,46065.0,370.8775533493096,0.0,65,65,0,0,65,64,17650,0,0,0,0,1
2020-07-07,US,South Dakota,Hutchinson,15,0,0,43.33449012,-97.75536441,46067.0,205.73309559731172,0.0,15,15,0,0,15,14,7380,0,0,0,0,1
2020-07-07,US,South Dakota,Hyde,3,0,0,44.54747703,-99.48572582,46069.0,230.59185242121444,0.0,3,3,0,0,3,3,1282,0,0,0,0,0
2020-07-07,US,South Dakota,Jackson,6,1,0,43.69318385,-101.6255063,46071.0,179.42583732057415,16.666666666666668,5,6,1,0,5,6,3307,0,0,0,0,0
2020-07-07,US,South Dakota,Jerauld,39,1,0,44.06637798,-98.62965972,46073.0,1937.4068554396426,2.5641025641025643,38,39,1,0,38,39,2043,0,0,0,0,0
2020-07-07,US,South Dakota,Kingsbury,6,0,0,44.36956169,-97.4913945,46077.0,121.48208139299452,0.0,6,6,0,0,6,6,4919,0,0,0,0,0
2020-07-07,US,South Dakota,Lake,22,1,0,44.02193107,-97.12926365,46079.0,171.9152926467141,4.545454545454546,21,22,1,0,21,22,13057,0,0,0,0,0
2020-07-07,US,South Dakota,Lawrence,19,0,0,44.35919441,-103.79294279999999,46081.0,73.51803126451014,0.0,19,19,0,0,19,19,25741,0,0,0,0,0
2020-07-07,US,South Dakota,Lincoln,371,1,0,43.27841182,-96.72039050000001,46083.0,606.9231775945558,0.2695417789757412,370,366,1,0,365,365,58807,5,0,0,5,1
2020-07-07,US,South Dakota,Lyman,72,1,0,43.89522709,-99.85201878,46085.0,1904.258132769109,1.3888888888888888,71,70,1,0,69,70,3821,2,0,0,2,0
2020-07-07,US,South Dakota,Marshall,5,0,0,45.75870838,-97.59855639,46091.0,101.31712259371834,0.0,5,5,0,0,5,5,5112,0,0,0,0,0
2020-07-07,US,South Dakota,McCook,14,1,0,43.6742571,-97.36863144,46087.0,250.62656641604008,7.142857142857142,13,13,1,0,12,13,5546,1,0,0,1,0
2020-07-07,US,South Dakota,McPherson,5,0,0,45.76626028,-99.22118798,46089.0,210.17234131988232,0.0,5,5,0,0,5,5,2407,0,0,0,0,0
2020-07-07,US,South Dakota,Meade,52,1,0,44.56676791,-102.71627409999999,46093.0,183.5380488493576,1.9230769230769231,51,51,1,0,50,51,28294,1,0,0,1,0
2020-07-07,US,South Dakota,Mellette,6,0,0,43.58078848,-100.7563186,46095.0,291.12081513828235,0.0,6,7,0,0,7,7,2042,-1,0,0,-1,0
2020-07-07,US,South Dakota,Miner,10,0,0,44.02197882,-97.60992207,46097.0,451.2635379061372,0.0,10,10,0,0,10,10,2213,0,0,0,0,0
2020-07-07,US,South Dakota,Minnehaha,3685,59,0,43.67441641,-96.7910885,46099.0,1908.0016983027328,1.6010854816824966,3626,3667,58,0,3609,3663,192876,18,1,0,17,4
2020-07-07,US,South Dakota,Moody,23,0,0,44.02266214,-96.67081159,46101.0,349.7566909975669,0.0,23,23,0,0,23,23,6579,0,0,0,0,0
2020-07-07,US,South Dakota,Oglala Lakota,100,0,0,43.33749164,-102.55554980000001,46102.0,705.3678493334273,0.0,100,99,0,0,99,95,14309,1,0,0,1,4
2020-07-07,US,South Dakota,Pennington,590,17,0,44.0025835,-102.8240777,46103.0,518.5673478356405,2.8813559322033897,573,575,17,0,558,560,111729,15,0,0,15,15
2020-07-07,US,South Dakota,Roberts,52,0,0,45.62975048,-96.94672673,46109.0,500.2886280546469,0.0,52,52,0,0,52,52,10447,0,0,0,0,0
2020-07-07,US,South Dakota,Sanborn,12,0,0,44.02351092,-98.09098159999999,46111.0,511.9453924914676,0.0,12,12,0,0,12,12,2429,0,0,0,0,0
2020-07-07,US,South Dakota,Spink,12,0,0,44.93837606,-98.34626602,46115.0,188.20577164366367,0.0,12,12,0,0,12,12,6495,0,0,0,0,0
2020-07-07,US,South Dakota,Stanley,14,0,0,44.41381872,-100.7349153,46117.0,451.9044544867656,0.0,14,14,0,0,14,14,3022,0,0,0,0,0
2020-07-07,US,South Dakota,Sully,1,0,0,44.71571812,-100.1278092,46119.0,71.89072609633357,0.0,1,1,0,0,1,1,1392,0,0,0,0,0
2020-07-07,US,South Dakota,Todd,57,1,0,43.19338568,-100.71955030000001,46121.0,560.0864694900265,1.7543859649122806,56,57,1,0,56,57,10283,0,0,0,0,0
2020-07-07,US,South Dakota,Tripp,18,0,0,43.34459388,-99.8854891,46123.0,330.8215401580592,0.0,18,18,0,0,18,18,5478,0,0,0,0,0
2020-07-07,US,South Dakota,Turner,27,0,0,43.3109081,-97.14865776,46125.0,322.04198473282435,0.0,27,27,0,0,27,25,8424,0,0,0,0,2
2020-07-07,US,South Dakota,Union,137,1,0,42.83112163,-96.6557828,46127.0,859.9045945267386,0.7299270072992701,136,137,1,0,136,133,15619,0,0,0,0,4
2020-07-07,US,South Dakota,Walworth,15,0,0,45.43019636,-100.03075140000001,46129.0,275.9889604415823,0.0,15,15,0,0,15,15,5587,0,0,0,0,0
2020-07-07,US,South Dakota,Yankton,82,0,0,43.00924485,-97.39467635,46135.0,359.42842114491094,0.0,82,82,0,0,82,81,22869,0,0,0,0,1
2020-07-07,US,South Dakota,Ziebach,1,0,0,44.97881876,-101.6654622,46137.0,36.2844702467344,0.0,1,1,0,0,1,1,2742,0,0,0,0,0
2020-07-07,US,Tennessee,Anderson,143,2,0,36.12684348,-84.19965764,47001.0,185.76736210345814,1.3986013986013983,141,144,2,0,142,142,76482,-1,0,0,-1,2
2020-07-07,US,Tennessee,Bedford,584,7,0,35.51123746,-86.45549096,47003.0,1174.7430249632896,1.1986301369863013,577,570,5,0,565,570,49038,14,2,0,12,0
2020-07-07,US,Tennessee,Benton,13,1,0,36.07110411,-88.06849355,47005.0,80.44554455445545,7.6923076923076925,12,13,1,0,12,13,16184,0,0,0,0,0
2020-07-07,US,Tennessee,Bledsoe,623,1,0,35.59942968,-85.20611967,47007.0,4135.687732342008,0.16051364365971107,622,621,1,0,620,620,14755,2,0,0,2,1
2020-07-07,US,Tennessee,Blount,262,3,0,35.68938198,-83.92847788,47009.0,196.86222649675403,1.1450381679389312,259,229,3,0,226,227,131349,33,0,0,33,2
2020-07-07,US,Tennessee,Bradley,773,4,0,35.15739424,-84.857186,47011.0,715.0124872814723,0.517464424320828,769,745,4,0,741,707,106727,28,0,0,28,38
2020-07-07,US,Tennessee,Campbell,54,1,0,36.40355516,-84.15108559999999,47013.0,135.5353646905276,1.851851851851852,53,51,1,0,50,48,39583,3,0,0,3,3
2020-07-07,US,Tennessee,Cannon,37,0,0,35.80990797,-86.05738983,47015.0,252.07793977381115,0.0,37,37,0,0,37,37,14462,0,0,0,0,0
2020-07-07,US,Tennessee,Carroll,49,1,0,35.97366108,-88.45189331,47017.0,176.4684697662693,2.0408163265306123,48,48,1,0,47,47,28020,1,0,0,1,1
2020-07-07,US,Tennessee,Carter,70,1,0,36.28969086,-82.12588974,47019.0,124.13328368001986,1.4285714285714286,69,65,1,0,64,59,56351,5,0,0,5,6
2020-07-07,US,Tennessee,Cheatham,236,1,0,36.26136216,-87.08903581,47021.0,580.3231121056385,0.42372881355932196,235,232,1,0,231,230,40439,4,0,0,4,2
2020-07-07,US,Tennessee,Chester,37,0,0,35.42527478,-88.6095842,47023.0,213.90992657686303,0.0,37,35,0,0,35,34,17276,2,0,0,2,1
2020-07-07,US,Tennessee,Claiborne,53,0,0,36.48319149,-83.65947309,47025.0,165.8374792703151,0.0,53,48,0,0,48,45,31756,5,0,0,5,3
2020-07-07,US,Tennessee,Clay,19,0,0,36.55151008,-85.53930419,47027.0,249.50755088640844,0.0,19,18,0,0,18,17,7717,1,0,0,1,1
2020-07-07,US,Tennessee,Cocke,105,0,0,35.9278914,-83.11828725,47029.0,291.6342628596824,0.0,105,94,0,0,94,94,35774,11,0,0,11,0
2020-07-07,US,Tennessee,Coffee,125,0,0,35.49090731,-86.07311784,47031.0,221.16065109695683,0.0,125,120,0,0,120,119,55700,5,0,0,5,1
2020-07-07,US,Tennessee,Crockett,40,3,0,35.81830662,-89.14916269,47033.0,281.09627547435,7.5,37,40,3,0,37,38,14328,0,0,0,0,2
2020-07-07,US,Tennessee,Cumberland,188,4,0,35.95271721,-84.99840585,47035.0,310.6411103767349,2.127659574468085,184,183,4,0,179,181,59673,5,0,0,5,2
2020-07-07,US,Tennessee,Davidson,11599,127,0,36.17007426,-86.78646056,47037.0,1670.9789323252814,1.0949219760324165,11472,11205,121,0,11084,11089,692587,394,6,0,388,116
2020-07-07,US,Tennessee,DeKalb,70,0,0,35.97616272,-85.83689361,47041.0,341.6300634455833,0.0,70,68,0,0,68,67,20138,2,0,0,2,1
2020-07-07,US,Tennessee,Decatur,22,0,0,35.60048904,-88.11043779,47039.0,188.63071250964592,0.0,22,22,0,0,22,22,11706,0,0,0,0,0
2020-07-07,US,Tennessee,Dickson,219,0,0,36.14669837,-87.35891709,47043.0,405.9464669681916,0.0,219,212,0,0,212,209,53446,7,0,0,7,3
2020-07-07,US,Tennessee,Dyer,261,3,0,36.05931946,-89.41542855,47045.0,702.3870394789958,1.1494252873563218,258,254,3,0,251,251,37320,7,0,0,7,3
2020-07-07,US,Tennessee,Fayette,328,2,0,35.19615831,-89.41399032,47047.0,797.4132691512898,0.6097560975609756,326,323,2,0,321,317,40507,5,0,0,5,6
2020-07-07,US,Tennessee,Fentress,24,0,0,36.38128818,-84.92870012,47049.0,129.5686443880581,0.0,24,23,0,0,23,22,18217,1,0,0,1,1
2020-07-07,US,Tennessee,Franklin,90,3,0,35.15634626,-86.09201039,47051.0,213.2297194844579,3.333333333333333,87,88,3,0,85,87,41890,2,0,0,2,1
2020-07-07,US,Tennessee,Gibson,133,1,0,35.99438059,-88.93358327,47053.0,270.6938310300613,0.7518796992481203,132,129,1,0,128,129,49045,4,0,0,4,0
2020-07-07,US,Tennessee,Giles,70,1,0,35.20222469,-87.03992678,47055.0,237.5780613630193,1.4285714285714286,69,62,1,0,61,60,29503,8,0,0,8,2
2020-07-07,US,Tennessee,Grainger,47,0,0,36.27469206,-83.51254721,47057.0,201.54373927958832,0.0,47,41,0,0,41,42,23145,6,0,0,6,-1
2020-07-07,US,Tennessee,Greene,117,2,0,36.17470125,-82.84691273,47059.0,169.39582156973458,1.709401709401709,115,114,2,0,112,103,69087,3,0,0,3,11
2020-07-07,US,Tennessee,Grundy,63,1,0,35.38433717,-85.72142731,47061.0,469.2038430029048,1.5873015873015872,62,61,1,0,60,62,13346,2,0,0,2,-1
2020-07-07,US,Tennessee,Hamblen,374,4,0,36.21990035,-83.26586179,47063.0,575.9694458989127,1.0695187165775402,370,343,4,0,339,340,64569,31,0,0,31,3
2020-07-07,US,Tennessee,Hamilton,2867,36,0,35.17670231,-85.16652245,47065.0,779.4912507748693,1.2556679455877224,2831,2804,35,0,2769,2781,364286,63,1,0,62,23
2020-07-07,US,Tennessee,Hancock,8,0,0,36.52692871,-83.22375847,47067.0,120.84592145015104,0.0,8,6,0,0,6,6,6549,2,0,0,2,0
2020-07-07,US,Tennessee,Hardeman,357,4,0,35.20772017,-88.99161161,47069.0,1425.1497005988024,1.1204481792717087,353,352,4,0,348,343,25220,5,0,0,5,9
2020-07-07,US,Tennessee,Hardin,115,7,0,35.19732531,-88.18593755,47071.0,448.30812412287537,6.086956521739131,108,109,7,0,102,108,25776,6,0,0,6,1
2020-07-07,US,Tennessee,Hawkins,64,2,0,36.44355426,-82.94885298,47073.0,112.70383545240023,3.125,62,62,2,0,60,57,56530,2,0,0,2,5
2020-07-07,US,Tennessee,Haywood,96,2,0,35.58332824,-89.28536625,47075.0,554.7850208044383,2.083333333333333,94,93,2,0,91,92,17335,3,0,0,3,1
2020-07-07,US,Tennessee,Henderson,48,0,0,35.65581134,-88.38600175,47077.0,170.7152256641889,0.0,48,48,0,0,48,46,27847,0,0,0,0,2
2020-07-07,US,Tennessee,Henry,45,0,0,36.33160906,-88.30121797,47079.0,139.12505796877414,0.0,45,45,0,0,45,44,32358,0,0,0,0,1
2020-07-07,US,Tennessee,Hickman,88,0,0,35.80609681,-87.47643507,47081.0,349.51147827468424,0.0,88,80,0,0,80,80,25063,8,0,0,8,0
2020-07-07,US,Tennessee,Houston,15,0,0,36.28872054,-87.71878828,47083.0,182.90452383855632,0.0,15,15,0,0,15,15,8263,0,0,0,0,0
2020-07-07,US,Tennessee,Humphreys,35,2,0,36.03958805,-87.77992872,47085.0,188.3543213862878,5.7142857142857135,33,29,2,0,27,28,18486,6,0,0,6,1
2020-07-07,US,Tennessee,Jackson,30,0,0,36.36380466,-85.67239905,47087.0,254.539283896148,0.0,30,29,0,0,29,27,11758,1,0,0,1,2
2020-07-07,US,Tennessee,Jefferson,147,1,0,36.04818632,-83.45148924,47089.0,269.7495183044316,0.6802721088435374,146,137,2,0,135,136,54012,10,-1,0,11,1
2020-07-07,US,Tennessee,Johnson,45,0,0,36.45523950000001,-81.84886538,47091.0,252.97953676635933,0.0,45,44,0,0,44,44,17778,1,0,0,1,0
2020-07-07,US,Tennessee,Knox,1309,8,0,35.99508821,-83.94635435,47093.0,278.3252855013576,0.6111535523300229,1301,1209,8,0,1201,1171,465289,100,0,0,100,38
2020-07-07,US,Tennessee,Lake,694,0,0,36.34180170000001,-89.48921915,47095.0,9891.676168757127,0.0,694,694,0,0,694,692,7411,0,0,0,0,2
2020-07-07,US,Tennessee,Lauderdale,154,3,0,35.75893438,-89.63015909999999,47097.0,600.7880466586041,1.9480519480519483,151,151,3,0,148,145,25825,3,0,0,3,6
2020-07-07,US,Tennessee,Lawrence,172,6,0,35.21675201,-87.39787695,47099.0,389.65157899506136,3.4883720930232562,166,164,6,0,158,163,43734,8,0,0,8,1
2020-07-07,US,Tennessee,Lewis,6,0,0,35.52853208,-87.49022694,47101.0,48.90772742093251,0.0,6,6,0,0,6,6,12086,0,0,0,0,0
2020-07-07,US,Tennessee,Lincoln,68,0,0,35.13738622,-86.58910106,47103.0,197.8699877786184,0.0,68,65,0,0,65,64,34117,3,0,0,3,1
2020-07-07,US,Tennessee,Loudon,293,1,0,35.73939663,-84.31145275,47105.0,541.9101871717097,0.3412969283276451,292,288,1,0,287,287,53054,5,0,0,5,1
2020-07-07,US,Tennessee,Macon,500,4,0,36.53157855,-86.00778595,47111.0,2032.3550930818635,0.8,496,487,4,0,483,465,24265,13,0,0,13,22
2020-07-07,US,Tennessee,Madison,318,2,0,35.61181957,-88.84076036,47113.0,324.5427824951012,0.6289308176100629,316,305,2,0,303,299,97605,13,0,0,13,6
2020-07-07,US,Tennessee,Marion,79,4,0,35.12997174,-85.62265895,47115.0,273.2902065243713,5.063291139240507,75,74,4,0,70,73,28575,5,0,0,5,1
2020-07-07,US,Tennessee,Marshall,98,1,0,35.45798777,-86.76420988,47117.0,285.09090909090907,1.020408163265306,97,92,1,0,91,91,33683,6,0,0,6,1
2020-07-07,US,Tennessee,Maury,379,3,0,35.618741299999996,-87.07462444,47119.0,393.20655275088967,0.7915567282321899,376,357,3,0,354,354,94340,22,0,0,22,3
2020-07-07,US,Tennessee,McMinn,243,18,0,35.42812616,-84.61520715,47107.0,451.72324051009406,7.407407407407407,225,239,18,0,221,237,53285,4,0,0,4,2
2020-07-07,US,Tennessee,McNairy,76,0,0,35.17468549,-88.5647812,47109.0,295.7889001323266,0.0,76,76,0,0,76,73,25832,0,0,0,0,3
2020-07-07,US,Tennessee,Meigs,32,0,0,35.51558739,-84.81482914,47121.0,257.6074706166479,0.0,32,32,0,0,32,32,12306,0,0,0,0,0
2020-07-07,US,Tennessee,Monroe,140,6,0,35.44550387,-84.24902965,47123.0,300.78418734557954,4.285714285714286,134,141,6,0,135,140,46357,-1,0,0,-1,1
2020-07-07,US,Tennessee,Montgomery,587,7,0,36.49609412,-87.38550661,47125.0,280.87065117013486,1.192504258943782,580,567,7,0,560,554,205950,20,0,0,20,13
2020-07-07,US,Tennessee,Moore,15,0,0,35.27724699,-86.36230578,47127.0,231.1960542540074,0.0,15,13,0,0,13,12,6411,2,0,0,2,1
2020-07-07,US,Tennessee,Morgan,28,1,0,36.13248031,-84.64880098,47129.0,130.82278185301126,3.571428571428572,27,27,1,0,26,27,21579,1,0,0,1,0
2020-07-07,US,Tennessee,Obion,117,2,0,36.35732446,-89.14921589,47131.0,389.10505836575874,1.709401709401709,115,113,2,0,111,112,30267,4,0,0,4,1
2020-07-07,US,Tennessee,Out of TN,1095,8,0,0.0,0.0,80047.0,0.0,0.7305936073059359,1087,1198,7,0,1191,1185,,-103,1,0,-104,13
2020-07-07,US,Tennessee,Overton,65,1,0,36.34117832,-85.28989535,47133.0,292.25304617598135,1.5384615384615383,64,63,1,0,62,62,22068,2,0,0,2,1
2020-07-07,US,Tennessee,Perry,35,0,0,35.63708728,-87.86139634,47135.0,433.38286280336797,0.0,35,34,0,0,34,34,8064,1,0,0,1,0
2020-07-07,US,Tennessee,Pickett,6,0,0,36.55606529,-85.07763299999998,47137.0,118.85895404120443,0.0,6,6,0,0,6,6,5082,0,0,0,0,0
2020-07-07,US,Tennessee,Polk,46,0,0,35.12245443,-84.52075859,47139.0,273.28897338403044,0.0,46,46,0,0,46,45,16898,0,0,0,0,1
2020-07-07,US,Tennessee,Putnam,919,7,0,36.14005459,-85.50646123,47141.0,1145.2426942488628,0.7616974972796517,912,906,7,0,899,883,78843,13,0,0,13,23
2020-07-07,US,Tennessee,Rhea,289,0,0,35.60536161,-84.93076643,47143.0,871.3480266529982,0.0,289,285,0,0,285,286,33044,4,0,0,4,-1
2020-07-07,US,Tennessee,Roane,64,0,0,35.84923189,-84.52458689,47145.0,119.89059982765728,0.0,64,62,0,0,62,62,53140,2,0,0,2,0
2020-07-07,US,Tennessee,Robertson,855,11,0,36.52454807,-86.87346725,47147.0,1190.5922326041245,1.286549707602339,844,839,11,0,828,834,71012,16,0,0,16,5
2020-07-07,US,Tennessee,Rutherford,3111,36,0,35.84591405,-86.4107263,47149.0,936.244488917646,1.1571841851494695,3075,3040,35,0,3005,2987,324890,71,1,0,70,53
2020-07-07,US,Tennessee,Scott,18,0,0,36.42325673,-84.50360494,47151.0,81.56606851549755,0.0,18,17,0,0,17,17,22039,1,0,0,1,0
2020-07-07,US,Tennessee,Sequatchie,42,0,0,35.36979721,-85.41022136,47153.0,279.5155064554772,0.0,42,41,0,0,41,42,14876,1,0,0,1,-1
2020-07-07,US,Tennessee,Sevier,857,3,0,35.78077323,-83.52244332,47155.0,872.2646310432567,0.3500583430571762,854,830,3,0,827,804,97892,27,0,0,27,26
2020-07-07,US,Tennessee,Shelby,12176,202,0,35.1864775,-89.89692423,47157.0,1299.2362078863296,1.6590013140604467,11974,11936,201,0,11735,11793,935764,240,1,0,239,143
2020-07-07,US,Tennessee,Smith,124,1,0,36.25359775,-85.95411046,47159.0,615.170908369301,0.8064516129032258,123,122,1,0,121,120,19942,2,0,0,2,2
2020-07-07,US,Tennessee,Stewart,24,0,0,36.50235092,-87.83920548,47161.0,174.99088589135982,0.0,24,23,0,0,23,23,13561,1,0,0,1,0
2020-07-07,US,Tennessee,Sullivan,141,2,0,36.51240691,-82.30412917,47163.0,89.04438325712988,1.4184397163120568,139,121,2,0,119,117,157668,20,0,0,20,4
2020-07-07,US,Tennessee,Sumner,1670,53,0,36.46824103,-86.45917204,47165.0,873.0519701175745,3.1736526946107784,1617,1636,52,0,1584,1610,187149,34,1,0,33,26
2020-07-07,US,Tennessee,Tipton,653,5,0,35.501942,-89.73694895,47167.0,1060.0821441906523,0.7656967840735069,648,649,5,0,644,645,61581,4,0,0,4,4
2020-07-07,US,Tennessee,Trousdale,1503,5,0,36.39026213,-86.16087954,47169.0,13319.744771357677,0.33266799733865604,1498,1498,5,0,1493,1498,11012,5,0,0,5,0
2020-07-07,US,Tennessee,Unassigned,731,2,0,0.0,0.0,90047.0,0.0,0.27359781121751026,729,635,1,0,634,635,,96,1,0,95,0
2020-07-07,US,Tennessee,Unicoi,55,0,0,36.10890856,-82.43709629,47171.0,307.5546608510876,0.0,55,55,0,0,55,55,17761,0,0,0,0,0
2020-07-07,US,Tennessee,Union,19,0,0,36.28590426,-83.83651902,47173.0,95.13318646104547,0.0,19,19,0,0,19,18,19688,0,0,0,0,1
2020-07-07,US,Tennessee,Van Buren,7,0,0,35.69864497,-85.45221699,47175.0,119.2098092643052,0.0,7,7,0,0,7,8,5765,0,0,0,0,-1
2020-07-07,US,Tennessee,Warren,81,0,0,35.672829899999996,-85.77969117,47177.0,196.23519151101098,0.0,81,78,0,0,78,76,40878,3,0,0,3,2
2020-07-07,US,Tennessee,Washington,182,0,0,36.29472368,-82.49454720000001,47179.0,140.67632850241546,0.0,182,174,0,0,174,165,128607,8,0,0,8,9
2020-07-07,US,Tennessee,Wayne,89,0,0,35.23868267,-87.78644456,47181.0,533.7971570803095,0.0,89,88,0,0,88,86,16558,1,0,0,1,2
2020-07-07,US,Tennessee,Weakley,66,1,0,36.29896232,-88.71990865,47183.0,198.0316850696112,1.5151515151515151,65,64,1,0,63,64,33415,2,0,0,2,0
2020-07-07,US,Tennessee,White,76,3,0,35.92929884,-85.45591799,47185.0,277.93015176449074,3.947368421052632,73,73,3,0,70,70,27107,3,0,0,3,3
2020-07-07,US,Tennessee,Williamson,1420,15,0,35.89099229,-86.89281867,47187.0,595.6076036441119,1.056338028169014,1405,1340,15,0,1325,1313,231729,80,0,0,80,27
2020-07-07,US,Tennessee,Wilson,999,17,0,36.15496772,-86.29775884,47189.0,690.5991414172836,1.7017017017017018,982,963,17,0,946,941,140625,36,0,0,36,22
2020-07-07,US,Texas,Anderson,1108,2,0,31.81534745,-95.65354823,48001.0,1919.1131895730493,0.18050541516245489,1106,1082,2,0,1080,1082,58057,26,0,0,26,0
2020-07-07,US,Texas,Andrews,103,1,0,32.30468633,-102.63765479999999,48003.0,550.6549051055867,0.9708737864077671,102,103,1,0,102,103,18128,0,0,0,0,0
2020-07-07,US,Texas,Angelina,610,9,0,31.25457347,-94.60901487,48005.0,703.4538430490687,1.475409836065574,601,541,9,0,532,541,87092,69,0,0,69,0
2020-07-07,US,Texas,Aransas,44,0,0,28.10556197,-96.9995047,48007.0,187.15440238196513,0.0,44,43,0,0,43,35,23792,1,0,0,1,8
2020-07-07,US,Texas,Archer,10,0,0,33.61569967,-98.68754589,48009.0,116.918040453642,0.0,10,8,0,0,8,8,8786,2,0,0,2,0
2020-07-07,US,Texas,Armstrong,3,0,0,34.96507426,-101.35748740000001,48011.0,158.9825119236884,0.0,3,3,0,0,3,3,1892,0,0,0,0,0
2020-07-07,US,Texas,Atascosa,148,2,0,28.89333001,-98.52730485,48013.0,289.3280941489258,1.351351351351351,146,135,2,0,133,135,50310,13,0,0,13,0
2020-07-07,US,Texas,Austin,100,0,0,29.88548725,-96.27736949,48015.0,332.9781566329249,0.0,100,92,0,0,92,81,29989,8,0,0,8,11
2020-07-07,US,Texas,Bailey,108,1,0,34.06854817,-102.8299707,48017.0,1542.857142857143,0.925925925925926,107,102,1,0,101,102,7027,6,0,0,6,0
2020-07-07,US,Texas,Bandera,27,0,0,29.74619598,-99.24598147,48019.0,116.82242990654206,0.0,27,27,0,0,27,27,22824,0,0,0,0,0
2020-07-07,US,Texas,Bastrop,522,6,0,30.10370699,-97.31206354,48021.0,588.3480044633297,1.1494252873563218,516,522,6,0,516,468,86976,0,0,0,0,54
2020-07-07,US,Texas,Baylor,1,0,0,33.61640794,-99.21352901,48023.0,28.498147620404676,0.0,1,1,0,0,1,1,3582,0,0,0,0,0
2020-07-07,US,Texas,Bee,91,0,0,28.41761668,-97.74215593,48025.0,279.4411177644711,0.0,91,85,0,0,85,69,32587,6,0,0,6,16
2020-07-07,US,Texas,Bell,1626,13,0,31.03736027,-97.4785025,48027.0,448.02768623733897,0.7995079950799509,1613,1523,13,0,1510,1523,355642,103,0,0,103,0
2020-07-07,US,Texas,Bexar,15880,137,0,29.44928723,-98.52019748,48029.0,792.5915647893692,0.8627204030226701,15743,15102,132,0,14970,14553,1986049,778,5,0,773,549
2020-07-07,US,Texas,Blanco,31,1,0,30.26640707,-98.3999852,48031.0,259.82734054144663,3.2258064516129035,30,31,1,0,30,31,11702,0,0,0,0,0
2020-07-07,US,Texas,Bosque,18,0,0,31.89978581,-97.63613524,48035.0,96.33395772009634,0.0,18,18,0,0,18,16,18691,0,0,0,0,2
2020-07-07,US,Texas,Bowie,462,15,0,33.44626922,-94.41834132,48037.0,495.468925947772,3.2467532467532467,447,461,13,0,448,458,94324,1,2,0,-1,3
2020-07-07,US,Texas,Brazoria,2925,22,0,29.18757369,-95.44563172,48039.0,781.5338905157856,0.7521367521367521,2903,2829,22,0,2807,2715,370200,96,0,0,96,114
2020-07-07,US,Texas,Brazos,2532,34,0,30.663644800000004,-96.30205577,48041.0,1104.6590259629772,1.3428120063191151,2498,2484,34,0,2450,2401,226758,48,0,0,48,83
2020-07-07,US,Texas,Brewster,146,1,0,29.81008251,-103.25203259999999,48043.0,1586.4392046071932,0.6849315068493149,145,143,1,0,142,143,9267,3,0,0,3,0
2020-07-07,US,Texas,Briscoe,8,0,0,34.53026962,-101.2084947,48045.0,517.4644243208279,0.0,8,7,0,0,7,7,1516,1,0,0,1,0
2020-07-07,US,Texas,Brooks,11,0,0,27.03103197,-98.21808402,48047.0,155.08247568024814,0.0,11,10,0,0,10,9,7114,1,0,0,1,1
2020-07-07,US,Texas,Brown,99,13,0,31.77430356,-98.99907113,48049.0,261.4620747939996,13.131313131313133,86,99,13,0,86,99,37924,0,0,0,0,0
2020-07-07,US,Texas,Burleson,93,0,0,30.49273808,-96.62158484,48051.0,504.2563574255816,0.0,93,93,0,0,93,87,18389,0,0,0,0,6
2020-07-07,US,Texas,Burnet,181,3,0,30.78801353,-98.181887,48053.0,375.86958778942994,1.6574585635359116,178,181,3,0,178,145,47542,0,0,0,0,36
2020-07-07,US,Texas,Caldwell,449,2,0,29.83668859,-97.61814775,48055.0,1028.3070721876145,0.44543429844098004,447,449,2,0,447,437,43247,0,0,0,0,12
2020-07-07,US,Texas,Calhoun,110,3,0,28.47048236,-96.61633945,48057.0,516.6744950681071,2.727272727272727,107,97,3,0,94,97,21561,13,0,0,13,0
2020-07-07,US,Texas,Callahan,24,2,0,32.29760619,-99.37326312,48059.0,172.1293839202467,8.333333333333334,22,19,2,0,17,19,13994,5,0,0,5,0
2020-07-07,US,Texas,Cameron,2880,68,0,26.14524221,-97.48140372,48061.0,680.5888038415458,2.3611111111111107,2812,2779,67,0,2712,2779,423908,101,1,0,100,0
2020-07-07,US,Texas,Camp,126,2,0,32.97195142,-94.97790104,48063.0,962.2727967007788,1.5873015873015872,124,123,2,0,121,123,13033,3,0,0,3,0
2020-07-07,US,Texas,Carson,7,0,0,35.40365929,-101.35426690000001,48065.0,118.1235234559568,0.0,7,7,0,0,7,7,6005,0,0,0,0,0
2020-07-07,US,Texas,Cass,50,2,0,33.07499881,-94.34646905,48067.0,166.52234729900752,4.0,48,49,2,0,47,48,30119,1,0,0,1,1
2020-07-07,US,Texas,Castro,108,1,0,34.53016752,-102.2617243,48069.0,1434.2629482071713,0.925925925925926,107,99,1,0,98,99,7665,9,0,0,9,0
2020-07-07,US,Texas,Chambers,454,2,0,29.70972016,-94.67154501,48071.0,1035.6548121449916,0.4405286343612335,452,352,2,0,350,352,42454,102,0,0,102,0
2020-07-07,US,Texas,Cherokee,250,2,0,31.837258000000002,-95.16559897,48073.0,474.8698856513314,0.8,248,212,2,0,210,212,52592,38,0,0,38,0
2020-07-07,US,Texas,Childress,7,0,0,34.529304100000004,-100.2077916,48075.0,95.81166164796059,0.0,7,7,0,0,7,7,7291,0,0,0,0,0
2020-07-07,US,Texas,Clay,9,0,0,33.78686685,-98.20771198,48077.0,85.95167605768313,0.0,9,9,0,0,9,9,10456,0,0,0,0,0
2020-07-07,US,Texas,Cochran,3,0,0,33.60425307,-102.82844990000001,48079.0,105.15247108307042,0.0,3,1,0,0,1,1,2836,2,0,0,2,0
2020-07-07,US,Texas,Coke,5,1,0,31.88911733,-100.5297533,48081.0,147.62326542663124,20.0,4,5,1,0,4,5,3370,0,0,0,0,0
2020-07-07,US,Texas,Coleman,3,0,0,31.76736834,-99.45240766,48083.0,36.697247706422026,0.0,3,3,0,0,3,3,8397,0,0,0,0,0
2020-07-07,US,Texas,Collin,3707,47,0,33.18820114,-96.57264368,48085.0,358.25770974070537,1.26787159428109,3660,3521,46,0,3475,3409,1005146,186,1,0,185,112
2020-07-07,US,Texas,Collingsworth,6,0,0,34.96489496,-100.27001109999999,48087.0,205.4794520547945,0.0,6,6,0,0,6,6,2962,0,0,0,0,0
2020-07-07,US,Texas,Colorado,109,0,0,29.622097999999998,-96.5273805,48089.0,507.14186014051086,0.0,109,108,0,0,108,104,21217,1,0,0,1,4
2020-07-07,US,Texas,Comal,750,9,0,29.80811278,-98.27647225,48091.0,480.12598505847916,1.2,741,690,9,0,681,690,148373,60,0,0,60,0
2020-07-07,US,Texas,Comanche,41,1,0,31.94854689,-98.55876441,48093.0,300.6967363403007,2.4390243902439024,40,41,1,0,40,41,13534,0,0,0,0,0
2020-07-07,US,Texas,Concho,11,0,0,31.32635934,-99.86473038,48095.0,403.5216434336023,0.0,11,11,0,0,11,11,4276,0,0,0,0,0
2020-07-07,US,Texas,Cooke,68,0,0,33.63979567,-97.21240912,48097.0,164.82051530649343,0.0,68,61,0,0,61,61,40574,7,0,0,7,0
2020-07-07,US,Texas,Coryell,336,2,0,31.39078397,-97.79936155,48099.0,442.39048860449515,0.5952380952380952,334,336,2,0,334,336,74808,0,0,0,0,0
2020-07-07,US,Texas,Cottle,4,1,0,34.07783319,-100.27850620000001,48101.0,286.12303290414883,25.0,3,4,1,0,3,4,1389,0,0,0,0,0
2020-07-07,US,Texas,Crane,61,9,0,31.43052248,-102.5143314,48103.0,1271.6281008963933,14.754098360655734,52,60,9,0,51,60,4794,1,0,0,1,0
2020-07-07,US,Texas,Crockett,15,0,0,30.72367027,-101.4134238,48105.0,433.0254041570439,0.0,15,13,0,0,13,13,3499,2,0,0,2,0
2020-07-07,US,Texas,Crosby,28,1,0,33.61431553,-101.30003640000001,48107.0,488.0599616524317,3.571428571428572,27,26,1,0,25,26,5779,2,0,0,2,0
2020-07-07,US,Texas,Culberson,4,0,0,31.44506775,-104.5185739,48109.0,184.2468908337172,0.0,4,3,0,0,3,3,2204,1,0,0,1,0
2020-07-07,US,Texas,Dallam,102,1,0,36.27787176,-102.60207249999999,48111.0,1399.752984767394,0.9803921568627452,101,91,1,0,90,91,7200,11,0,0,11,0
2020-07-07,US,Texas,Dallas,28131,410,0,32.76670599,-96.77796049999999,48113.0,1067.381112465263,1.4574668515161207,27721,27054,401,0,26653,25840,2637772,1077,9,0,1068,1214
2020-07-07,US,Texas,Dawson,70,1,0,32.74255572,-101.94772420000001,48115.0,549.9685732243872,1.4285714285714286,69,70,1,0,69,70,12619,0,0,0,0,0
2020-07-07,US,Texas,DeWitt,110,3,0,29.08101855,-97.35681170000001,48123.0,545.6349206349206,2.727272727272727,107,96,1,0,95,96,20187,14,2,0,12,0
2020-07-07,US,Texas,Deaf Smith,371,17,0,34.96522957,-102.6054267,48117.0,2000.4313598619647,4.5822102425876015,354,355,17,0,338,355,18760,16,0,0,16,0
2020-07-07,US,Texas,Delta,7,0,0,33.38570922,-95.66921122,48119.0,131.30744700806602,0.0,7,7,0,0,7,7,5349,0,0,0,0,0
2020-07-07,US,Texas,Denton,3403,37,0,33.20521901,-97.11691153,48121.0,383.5632496136753,1.0872759330002941,3366,3338,37,0,3301,3279,859064,65,0,0,65,59
2020-07-07,US,Texas,Dickens,2,0,0,33.61616822,-100.7788855,48125.0,90.45680687471732,0.0,2,2,0,0,2,2,2249,0,0,0,0,0
2020-07-07,US,Texas,Dimmit,18,0,0,28.42270064,-99.75645095,48127.0,177.79533781114185,0.0,18,13,0,0,13,13,10308,5,0,0,5,0
2020-07-07,US,Texas,Donley,28,0,0,34.96517499,-100.8140093,48129.0,854.1793776693106,0.0,28,27,0,0,27,27,3319,1,0,0,1,0
2020-07-07,US,Texas,Duval,65,0,0,27.68184592,-98.50864568,48131.0,582.5938872456753,0.0,65,62,0,0,62,57,11212,3,0,0,3,5
2020-07-07,US,Texas,Eastland,11,0,0,32.32743996,-98.83243566,48133.0,59.91285403050109,0.0,11,11,0,0,11,11,18322,0,0,0,0,0
2020-07-07,US,Texas,Ector,946,11,0,31.86898877,-102.54294279999999,48135.0,569.1149840876412,1.162790697674419,935,718,9,0,709,718,162124,228,2,0,226,0
2020-07-07,US,Texas,Edwards,2,0,0,29.98202582,-100.304252,48137.0,103.51966873706004,0.0,2,2,0,0,2,2,1928,0,0,0,0,0
2020-07-07,US,Texas,El Paso,7642,139,0,31.76980765,-106.23632749999999,48141.0,910.5879381057581,1.8188955770740645,7503,7461,135,0,7326,6953,840758,181,4,0,177,508
2020-07-07,US,Texas,Ellis,1182,19,0,32.34894117,-96.79371841,48139.0,639.520413794596,1.6074450084602367,1163,1046,19,0,1027,1046,179436,136,0,0,136,0
2020-07-07,US,Texas,Erath,243,1,0,32.23602653,-98.21773417,48143.0,569.1133074148672,0.41152263374485604,242,207,1,0,206,207,42446,36,0,0,36,0
2020-07-07,US,Texas,Falls,35,0,0,31.25350609,-96.93630086,48145.0,202.34722784297853,0.0,35,35,0,0,35,34,17335,0,0,0,0,1
2020-07-07,US,Texas,Fannin,122,7,0,33.59564294,-96.10751083,48147.0,343.52649659289295,5.737704918032787,115,112,7,0,105,112,35286,10,0,0,10,0
2020-07-07,US,Texas,Fayette,104,3,0,29.87788372,-96.92076062,48149.0,410.3211552118677,2.8846153846153846,101,104,3,0,101,104,25349,0,0,0,0,0
2020-07-07,US,Texas,Fisher,11,1,0,32.74281316,-100.40193020000001,48151.0,287.20626631853787,9.090909090909092,10,11,1,0,10,11,3839,0,0,0,0,0
2020-07-07,US,Texas,Floyd,46,1,0,34.07227468,-101.3031546,48153.0,805.3221288515407,2.1739130434782608,45,36,1,0,35,36,5837,10,0,0,10,0
2020-07-07,US,Texas,Fort Bend,4286,57,0,29.52704478,-95.77219463,48157.0,528.0354027655948,1.3299113392440505,4229,4120,56,0,4064,4120,787858,166,1,0,165,0
2020-07-07,US,Texas,Franklin,53,0,0,33.17653242,-95.21917243,48159.0,494.1724941724942,0.0,53,50,0,0,50,50,10766,3,0,0,3,0
2020-07-07,US,Texas,Freestone,39,0,0,31.70422788,-96.15072516,48161.0,197.7988537810012,0.0,39,39,0,0,39,33,19808,0,0,0,0,6
2020-07-07,US,Texas,Frio,238,0,0,28.86751206,-99.10804207,48163.0,1172.067369250468,0.0,238,233,0,0,233,233,19816,5,0,0,5,0
2020-07-07,US,Texas,Gaines,30,0,0,32.74055318,-102.6353295,48165.0,139.58682300390842,0.0,30,28,0,0,28,28,20901,2,0,0,2,0
2020-07-07,US,Texas,Galveston,4586,50,0,29.40167322,-94.90469073,48167.0,1340.3908937595536,1.0902747492368077,4536,3990,46,0,3944,3990,337890,596,4,0,592,0
2020-07-07,US,Texas,Garza,14,0,0,33.17969345,-101.2984114,48169.0,224.75517739605075,0.0,14,12,0,0,12,12,6578,2,0,0,2,0
2020-07-07,US,Texas,Gillespie,49,0,0,30.31824095,-98.94676915,48171.0,181.56217578182896,0.0,49,45,0,0,45,45,26804,4,0,0,4,0
2020-07-07,US,Texas,Glasscock,5,0,0,31.86942909,-101.5207776,48173.0,354.86160397445,0.0,5,5,0,0,5,5,1388,0,0,0,0,0
2020-07-07,US,Texas,Goliad,15,0,0,28.65696592,-97.42760647,48175.0,195.8735962392269,0.0,15,14,0,0,14,15,7584,1,0,0,1,-1
2020-07-07,US,Texas,Gonzales,314,4,0,29.45634206,-97.49424032,48177.0,1506.9347794788116,1.2738853503184713,310,307,4,0,303,306,20826,7,0,0,7,1
2020-07-07,US,Texas,Gray,122,4,0,35.40081878,-100.8129222,48179.0,557.4339760577539,3.278688524590164,118,121,4,0,117,121,21895,1,0,0,1,0
2020-07-07,US,Texas,Grayson,648,5,0,33.62744998,-96.67753461,48181.0,475.72901065985377,0.7716049382716049,643,633,5,0,628,633,133991,15,0,0,15,0
2020-07-07,US,Texas,Gregg,471,13,0,32.47940482,-94.81591935,48183.0,380.00726128524735,2.760084925690021,458,417,13,0,404,417,123707,54,0,0,54,0
2020-07-07,US,Texas,Grimes,575,2,0,30.54579585,-95.98902499,48185.0,1990.9972299168976,0.3478260869565217,573,558,2,0,556,557,28360,17,0,0,17,1
2020-07-07,US,Texas,Guadalupe,896,3,0,29.58165339,-97.94786822,48187.0,537.0189455009679,0.3348214285714285,893,858,3,0,855,849,163694,38,0,0,38,9
2020-07-07,US,Texas,Hale,592,7,0,34.07044901,-101.82681140000001,48189.0,1772.136741902652,1.1824324324324325,585,500,7,0,493,500,33830,92,0,0,92,0
2020-07-07,US,Texas,Hall,2,1,0,34.5307555,-100.68138520000001,48191.0,67.47638326585695,50.0,1,2,1,0,1,2,3028,0,0,0,0,0
2020-07-07,US,Texas,Hamilton,22,1,0,31.70470573,-98.11083887,48193.0,260.01654650750504,4.545454545454546,21,22,1,0,21,22,8484,0,0,0,0,0
2020-07-07,US,Texas,Hansford,31,2,0,36.27743284,-101.3545796,48195.0,574.1804037784775,6.451612903225807,29,31,2,0,29,31,5463,0,0,0,0,0
2020-07-07,US,Texas,Hardeman,5,0,0,34.28944521,-99.74632408,48197.0,127.12941774726671,0.0,5,5,0,0,5,5,3922,0,0,0,0,0
2020-07-07,US,Texas,Hardin,275,5,0,30.33364686,-94.38931817,48199.0,477.41397868129576,1.818181818181818,270,260,5,0,255,260,57207,15,0,0,15,0
2020-07-07,US,Texas,Harris,39311,407,0,29.86,-95.39,48201.0,834.0396641436778,1.035333621632622,38904,37776,401,0,37375,34108,4698619,1535,6,0,1529,3668
2020-07-07,US,Texas,Harrison,383,30,0,32.54935988,-94.36934071,48203.0,575.4811954382221,7.83289817232376,353,363,30,0,333,339,66726,20,0,0,20,24
2020-07-07,US,Texas,Hartley,36,2,0,35.84008013,-102.6029022,48205.0,645.6241032998565,5.5555555555555545,34,36,2,0,34,36,5619,0,0,0,0,0
2020-07-07,US,Texas,Haskell,6,0,0,33.17823584,-99.73037358,48207.0,106.04453870625663,0.0,6,5,0,0,5,5,5813,1,0,0,1,0
2020-07-07,US,Texas,Hays,3243,10,0,30.05669873,-98.02944344,48209.0,1408.8300585166232,0.3083564600678384,3233,3088,7,0,3081,3088,222631,155,3,0,152,0
2020-07-07,US,Texas,Hemphill,15,0,0,35.83764858,-100.2703577,48211.0,392.7729772191673,0.0,15,15,0,0,15,15,3825,0,0,0,0,0
2020-07-07,US,Texas,Henderson,196,4,0,32.21128872,-95.85846587,48213.0,236.89522221013573,2.0408163265306123,192,168,4,0,164,168,82299,28,0,0,28,0
2020-07-07,US,Texas,Hidalgo,5447,75,0,26.39418217,-98.18299696,48215.0,627.0238411800526,1.376904718193501,5372,5345,59,0,5286,4798,865939,102,16,0,86,547
2020-07-07,US,Texas,Hill,82,2,0,31.99045053,-97.13423143,48217.0,223.74416764441048,2.4390243902439024,80,82,2,0,80,76,36354,0,0,0,0,6
2020-07-07,US,Texas,Hockley,86,1,0,33.60771256,-102.3431676,48219.0,373.57195604013725,1.162790697674419,85,68,1,0,67,68,22980,18,0,0,18,0
2020-07-07,US,Texas,Hood,138,4,0,32.42990927,-97.83242024,48221.0,223.8697013448404,2.898550724637681,134,120,4,0,116,120,60537,18,0,0,18,0
2020-07-07,US,Texas,Hopkins,75,1,0,33.14875072,-95.56351139,48223.0,202.24355517204185,1.3333333333333333,74,70,1,0,69,70,36810,5,0,0,5,0
2020-07-07,US,Texas,Houston,172,0,0,31.31925973,-95.42226208,48225.0,748.8679902473006,0.0,172,171,0,0,171,171,23169,1,0,0,1,0
2020-07-07,US,Texas,Howard,55,1,0,32.30621324,-101.4356444,48227.0,150.0109098843552,1.818181818181818,54,43,1,0,42,43,36459,12,0,0,12,0
2020-07-07,US,Texas,Hudspeth,16,0,0,31.45628381,-105.388178,48229.0,327.46623004502663,0.0,16,16,0,0,16,16,4795,0,0,0,0,0
2020-07-07,US,Texas,Hunt,616,8,0,33.12351514,-96.08551032,48231.0,624.7844696431831,1.2987012987012987,608,533,8,0,525,533,96493,83,0,0,83,0
2020-07-07,US,Texas,Hutchinson,70,0,0,35.84006574,-101.3546643,48233.0,334.3203744388194,0.0,70,70,0,0,70,70,21198,0,0,0,0,0
2020-07-07,US,Texas,Irion,2,0,0,31.30375559,-100.982439,48235.0,130.20833333333334,0.0,2,2,0,0,2,2,1522,0,0,0,0,0
2020-07-07,US,Texas,Jack,12,0,0,33.23377248,-98.17283469,48237.0,134.30330162283155,0.0,12,12,0,0,12,12,8843,0,0,0,0,0
2020-07-07,US,Texas,Jackson,68,1,0,28.95472367,-96.57749563,48239.0,460.70460704607046,1.4705882352941178,67,53,1,0,52,53,14874,15,0,0,15,0
2020-07-07,US,Texas,Jasper,69,1,0,30.74685667,-94.02667579,48241.0,194.2075487629824,1.4492753623188406,68,61,1,0,60,61,35872,8,0,0,8,0
2020-07-07,US,Texas,Jeff Davis,4,0,0,30.71490589,-104.1399973,48243.0,175.9014951627089,0.0,4,4,0,0,4,4,2252,0,0,0,0,0
2020-07-07,US,Texas,Jefferson,2959,36,0,29.8832777,-94.16434171,48245.0,1176.2367578955734,1.2166272389320716,2923,2727,35,0,2692,2727,255001,232,1,0,231,0
2020-07-07,US,Texas,Jim Hogg,24,0,0,27.04453923,-98.69681870000001,48247.0,461.5384615384616,0.0,24,22,0,0,22,20,5248,2,0,0,2,2
2020-07-07,US,Texas,Jim Wells,218,0,0,27.73103938,-98.0904705,48249.0,538.5109431352206,0.0,218,208,0,0,208,189,40822,10,0,0,10,19
2020-07-07,US,Texas,Johnson,553,4,0,32.37877812,-97.36615819,48251.0,314.5315868203872,0.7233273056057866,549,553,4,0,549,553,171361,0,0,0,0,0
2020-07-07,US,Texas,Jones,609,0,0,32.73997145,-99.87861576,48253.0,3032.4154757755323,0.0,609,610,0,0,610,610,19817,-1,0,0,-1,0
2020-07-07,US,Texas,Karnes,58,0,0,28.90705334,-97.85960149,48255.0,371.77104031792834,0.0,58,53,0,0,53,53,15650,5,0,0,5,0
2020-07-07,US,Texas,Kaufman,828,5,0,32.599141700000004,-96.28734728,48257.0,608.134906062253,0.6038647342995169,823,758,5,0,753,758,128622,70,0,0,70,0
2020-07-07,US,Texas,Kendall,95,0,0,29.94414155,-98.7113588,48259.0,200.2909489574329,0.0,95,89,0,0,89,90,45641,6,0,0,6,-1
2020-07-07,US,Texas,Kenedy,1,0,0,26.92601662,-97.66413984,48261.0,247.52475247524762,0.0,1,1,0,0,1,1,442,0,0,0,0,0
2020-07-07,US,Texas,Kerr,115,1,0,30.06040006,-99.34930144,48265.0,218.6311787072244,0.8695652173913043,114,110,1,0,109,111,52405,5,0,0,5,-1
2020-07-07,US,Texas,Kimble,10,0,0,30.48678918,-99.74856473,48267.0,230.57412958266082,0.0,10,6,0,0,6,6,4362,4,0,0,4,0
2020-07-07,US,Texas,Kinney,2,0,0,29.34967888,-100.41866379999999,48271.0,54.5404963185165,0.0,2,2,0,0,2,2,3767,0,0,0,0,0
2020-07-07,US,Texas,Kleberg,105,1,0,27.42435506,-97.69894948,48273.0,342.24250325945235,0.9523809523809524,104,97,1,0,96,87,31129,8,0,0,8,10
2020-07-07,US,Texas,Knox,4,0,0,33.60519951,-99.74229059999999,48275.0,109.17030567685588,0.0,4,3,0,0,3,3,3653,1,0,0,1,0
2020-07-07,US,Texas,La Salle,24,0,0,28.34453111,-99.09908775,48283.0,319.14893617021283,0.0,24,21,0,0,21,21,7531,3,0,0,3,0
2020-07-07,US,Texas,Lamar,332,13,0,33.66981763,-95.57404777,48277.0,665.8777753264205,3.9156626506024095,319,332,13,0,319,325,49728,0,0,0,0,7
2020-07-07,US,Texas,Lamb,53,0,0,34.06859623,-102.35162890000001,48279.0,411.0757775537113,0.0,53,50,0,0,50,50,13158,3,0,0,3,0
2020-07-07,US,Texas,Lampasas,20,0,0,31.19531316,-98.24206613,48281.0,93.33582228859436,0.0,20,20,0,0,20,20,21229,0,0,0,0,0
2020-07-07,US,Texas,Lavaca,197,1,0,29.38508402,-96.93186692,48285.0,977.4734544011114,0.5076142131979695,196,184,1,0,183,184,20110,13,0,0,13,0
2020-07-07,US,Texas,Lee,85,3,0,30.31120597,-96.97045773,48287.0,493.0680433899878,3.5294117647058822,82,85,3,0,82,72,17144,0,0,0,0,13
2020-07-07,US,Texas,Leon,43,0,0,31.29872538,-95.9936328,48289.0,247.06963916341067,0.0,43,43,0,0,43,37,17270,0,0,0,0,6
2020-07-07,US,Texas,Liberty,428,3,0,30.15152688,-94.81205615,48291.0,485.15625885580215,0.7009345794392523,425,410,3,0,407,390,86323,18,0,0,18,20
2020-07-07,US,Texas,Limestone,62,1,0,31.5454767,-96.58095444,48293.0,264.53897683150575,1.6129032258064515,61,62,1,0,61,61,23519,0,0,0,0,1
2020-07-07,US,Texas,Lipscomb,11,0,0,36.27783108,-100.27331509999999,48295.0,340.24126198577176,0.0,11,11,0,0,11,11,3355,0,0,0,0,0
2020-07-07,US,Texas,Live Oak,50,0,0,28.35101362,-98.1246786,48297.0,409.6010485786844,0.0,50,42,0,0,42,37,12166,8,0,0,8,5
2020-07-07,US,Texas,Llano,11,0,0,30.70645047,-98.68475262,48299.0,50.47029135122735,0.0,11,11,0,0,11,11,21646,0,0,0,0,0
2020-07-07,US,Texas,Lubbock,2918,56,0,33.61008596,-101.82047890000001,48303.0,939.5657647736896,1.9191226867717612,2862,2620,52,0,2568,2620,307412,298,4,0,294,0
2020-07-07,US,Texas,Lynn,40,1,0,33.17657705,-101.8162849,48305.0,672.1559401781212,2.5,39,39,1,0,38,39,5877,1,0,0,1,0
2020-07-07,US,Texas,Madison,45,0,0,30.96694679,-95.93003775,48313.0,315.0378045365444,0.0,45,45,0,0,45,45,14422,0,0,0,0,0
2020-07-07,US,Texas,Marion,34,1,0,32.79868409,-94.35661230000001,48315.0,345.0375482037751,2.9411764705882355,33,29,1,0,28,29,9928,5,0,0,5,0
2020-07-07,US,Texas,Martin,19,1,0,32.30600051,-101.9513518,48317.0,329.232368740253,5.2631578947368425,18,18,1,0,17,18,5753,1,0,0,1,0
2020-07-07,US,Texas,Mason,35,0,0,30.71780434,-99.22629416,48319.0,818.9050070191857,0.0,35,34,0,0,34,34,4280,1,0,0,1,0
2020-07-07,US,Texas,Matagorda,274,5,0,28.81955746,-96.01230294,48321.0,747.7553693747783,1.8248175182481752,269,266,5,0,261,262,36552,8,0,0,8,4
2020-07-07,US,Texas,Maverick,550,5,0,28.7429195,-100.3157686,48323.0,936.616600252035,0.9090909090909092,545,519,5,0,514,519,58485,31,0,0,31,0
2020-07-07,US,Texas,McCulloch,21,0,0,31.1925468,-99.34682807,48307.0,263.0260521042084,0.0,21,20,0,0,20,20,7987,1,0,0,1,0
2020-07-07,US,Texas,McLennan,1798,13,0,31.55255453,-97.20217694,48309.0,700.6386800871318,0.7230255839822024,1785,1684,11,0,1673,1636,254607,114,2,0,112,48
2020-07-07,US,Texas,Medina,327,3,0,29.355730100000002,-99.11030298,48325.0,633.9174937965261,0.9174311926605504,324,295,2,0,293,295,50921,32,1,0,31,0
2020-07-07,US,Texas,Menard,12,0,0,30.88990665,-99.82047940000001,48327.0,561.2722170252573,0.0,12,8,0,0,8,8,2139,4,0,0,4,0
2020-07-07,US,Texas,Midland,927,17,0,31.86904128,-102.03156820000001,48329.0,524.2263843648209,1.8338727076591157,910,772,15,0,757,772,172578,155,2,0,153,0
2020-07-07,US,Texas,Milam,112,1,0,30.78581830000001,-96.97718698,48331.0,451.194456753817,0.8928571428571429,111,92,1,0,91,92,25131,20,0,0,20,0
2020-07-07,US,Texas,Mills,1,0,0,31.49557106,-98.59272068,48333.0,20.521239482864765,0.0,1,1,0,0,1,1,4921,0,0,0,0,0
2020-07-07,US,Texas,Mitchell,12,0,0,32.30623474,-100.9212058,48335.0,140.43300175541253,0.0,12,12,0,0,12,12,8145,0,0,0,0,0
2020-07-07,US,Texas,Montague,21,1,0,33.67521893,-97.72500958,48337.0,105.9642749016046,4.761904761904762,20,21,1,0,20,21,19596,0,0,0,0,0
2020-07-07,US,Texas,Montgomery,2654,38,0,30.30079133,-95.50572772,48339.0,436.9508273912521,1.4318010550113036,2616,2550,37,0,2513,2353,590925,104,1,0,103,197
2020-07-07,US,Texas,Moore,902,15,0,35.83769242,-101.8930281,48341.0,4307.545367717287,1.6629711751662972,887,897,15,0,882,897,21485,5,0,0,5,0
2020-07-07,US,Texas,Morris,49,0,0,33.11304005,-94.73255695,48343.0,395.5440749112044,0.0,49,43,0,0,43,42,12339,6,0,0,6,1
2020-07-07,US,Texas,Motley,1,0,0,34.07408766,-100.77972199999999,48345.0,83.33333333333333,0.0,1,1,0,0,1,1,1234,0,0,0,0,0
2020-07-07,US,Texas,Nacogdoches,461,26,0,31.62017125,-94.61803994,48347.0,707.0118397644318,5.6399132321041225,435,444,26,0,418,443,65711,17,0,0,17,1
2020-07-07,US,Texas,Navarro,370,6,0,32.04620681,-96.47428766,48349.0,738.331371101311,1.6216216216216215,364,283,6,0,277,283,49565,87,0,0,87,0
2020-07-07,US,Texas,Newton,12,0,0,30.78548982,-93.74408813,48351.0,88.26774549466715,0.0,12,12,0,0,12,12,13746,0,0,0,0,0
2020-07-07,US,Texas,Nolan,46,0,0,32.30365282,-100.4060208,48353.0,312.6274296588283,0.0,46,46,0,0,46,45,14751,0,0,0,0,1
2020-07-07,US,Texas,Nueces,4472,27,0,27.736286,-97.5433285,48355.0,1234.3566274903808,0.6037567084078712,4445,4084,18,0,4066,3593,362265,388,9,0,379,491
2020-07-07,US,Texas,Ochiltree,60,2,0,36.27829105,-100.8158184,48357.0,610.004066693778,3.333333333333333,58,53,2,0,51,53,9947,7,0,0,7,0
2020-07-07,US,Texas,Oldham,5,1,0,35.40425596,-102.6027606,48359.0,236.74242424242425,20.0,4,4,1,0,3,4,2131,1,0,0,1,0
2020-07-07,US,Texas,Orange,327,5,0,30.11879481,-93.89412775,48361.0,392.1051369370234,1.529051987767584,322,303,5,0,298,303,83572,24,0,0,24,0
2020-07-07,US,Texas,Palo Pinto,47,2,0,32.75310985,-98.31319001,48363.0,161.01956216382885,4.25531914893617,45,38,2,0,36,38,28875,9,0,0,9,0
2020-07-07,US,Texas,Panola,218,24,0,32.163959600000005,-94.30552481,48365.0,939.8982495472967,11.009174311926603,194,217,24,0,193,216,23148,1,0,0,1,1
2020-07-07,US,Texas,Parker,388,1,0,32.77757172,-97.80500621,48367.0,271.56035218858045,0.25773195876288657,387,344,1,0,343,344,138371,44,0,0,44,0
2020-07-07,US,Texas,Parmer,227,8,0,34.52993409,-102.78446679999999,48369.0,2363.352420614264,3.524229074889868,219,215,8,0,207,215,9864,12,0,0,12,0
2020-07-07,US,Texas,Pecos,135,1,0,30.78097267,-102.72412609999999,48371.0,853.1883966378058,0.7407407407407407,134,131,0,0,131,131,15673,4,1,0,3,0
2020-07-07,US,Texas,Polk,205,0,0,30.79472531,-94.82766240000001,48373.0,399.1977099682589,0.0,205,170,0,0,170,170,50031,35,0,0,35,0
2020-07-07,US,Texas,Potter,2978,39,0,35.40133773,-101.893964,48375.0,2536.3028573861943,1.3096037609133646,2939,2937,39,0,2898,2937,119648,41,0,0,41,0
2020-07-07,US,Texas,Presidio,19,0,0,29.99954402,-104.24080790000001,48377.0,283.4128878281623,0.0,19,19,0,0,19,19,6948,0,0,0,0,0
2020-07-07,US,Texas,Rains,16,0,0,32.87109387,-95.79232691,48379.0,127.8568003835704,0.0,16,14,0,0,14,14,12159,2,0,0,2,0
2020-07-07,US,Texas,Randall,942,7,0,34.96585996,-101.8971322,48381.0,684.0312824497323,0.7430997876857749,935,918,7,0,911,918,136271,24,0,0,24,0
2020-07-07,US,Texas,Reagan,14,0,0,31.36607041,-101.52326590000001,48383.0,363.7308391790077,0.0,14,14,0,0,14,13,3741,0,0,0,0,1
2020-07-07,US,Texas,Real,4,0,0,29.83321503,-99.82018052,48385.0,115.87485515643104,0.0,4,4,0,0,4,4,3478,0,0,0,0,0
2020-07-07,US,Texas,Red River,117,12,0,33.61886692,-95.04841765,48387.0,973.1348249189057,10.256410256410255,105,117,12,0,105,117,12175,0,0,0,0,0
2020-07-07,US,Texas,Reeves,59,1,0,31.32323325,-103.69038959999999,48389.0,369.3039559339009,1.6949152542372878,58,48,0,0,48,47,15695,11,1,0,10,1
2020-07-07,US,Texas,Refugio,33,0,0,28.323897600000002,-97.15766311,48391.0,474.9568221070812,0.0,33,31,0,0,31,29,7032,2,0,0,2,2
2020-07-07,US,Texas,Roberts,5,0,0,35.83809685,-100.813175,48393.0,585.480093676815,0.0,5,4,0,0,4,4,903,1,0,0,1,0
2020-07-07,US,Texas,Robertson,61,0,0,31.02539637,-96.51272246,48395.0,357.26836125102494,0.0,61,61,0,0,61,57,17284,0,0,0,0,4
2020-07-07,US,Texas,Rockwall,403,16,0,32.89779518,-96.40771592,48397.0,384.1204784825811,3.9702233250620353,387,395,16,0,379,395,100657,8,0,0,8,0
2020-07-07,US,Texas,Runnels,17,0,0,31.8314342,-99.97616148,48399.0,165.62743569758382,0.0,17,17,0,0,17,17,10234,0,0,0,0,0
2020-07-07,US,Texas,Rusk,289,3,0,32.10773545,-94.76176432,48401.0,531.1914127118332,1.038062283737024,286,283,3,0,280,283,54450,6,0,0,6,0
2020-07-07,US,Texas,Sabine,28,1,0,31.34318809,-93.85440451,48403.0,265.6042496679947,3.571428571428572,27,27,1,0,26,27,10589,1,0,0,1,0
2020-07-07,US,Texas,San Augustine,114,7,0,31.39457611,-94.17000399,48405.0,1383.9990287726114,6.140350877192982,107,114,7,0,107,114,8232,0,0,0,0,0
2020-07-07,US,Texas,San Jacinto,63,0,0,30.57933681,-95.16260304,48407.0,218.3027824941959,0.0,63,63,0,0,63,63,28719,0,0,0,0,0
2020-07-07,US,Texas,San Patricio,204,0,0,28.00880118,-97.51763891,48409.0,305.70957590289225,0.0,204,187,0,0,187,187,66893,17,0,0,17,0
2020-07-07,US,Texas,San Saba,5,0,0,31.1577796,-98.81758731,48411.0,82.57638315441784,0.0,5,5,0,0,5,5,6054,0,0,0,0,0
2020-07-07,US,Texas,Schleicher,21,0,0,30.89740592,-100.5384842,48413.0,751.8796992481202,0.0,21,21,0,0,21,21,2895,0,0,0,0,0
2020-07-07,US,Texas,Scurry,71,1,0,32.74613808,-100.91626640000001,48415.0,425.07334011854164,1.4084507042253518,70,59,0,0,59,59,16866,12,1,0,11,0
2020-07-07,US,Texas,Shackelford,5,0,0,32.73587756,-99.35401337,48417.0,153.13935681470142,0.0,5,4,0,0,4,4,3253,1,0,0,1,0
2020-07-07,US,Texas,Shelby,288,10,0,31.79211404,-94.14550696,48419.0,1139.5109598797185,3.4722222222222223,278,287,10,0,277,287,25418,1,0,0,1,0
2020-07-07,US,Texas,Sherman,30,0,0,36.27751473,-101.8933156,48421.0,992.7200529450696,0.0,30,30,0,0,30,30,3079,0,0,0,0,0
2020-07-07,US,Texas,Smith,848,5,0,32.37474036,-95.27175679999999,48423.0,364.337854617166,0.589622641509434,843,771,4,0,767,771,230221,77,1,0,76,0
2020-07-07,US,Texas,Somervell,16,0,0,32.22236802,-97.77403489,48425.0,175.28483786152498,0.0,16,11,0,0,11,11,9016,5,0,0,5,0
2020-07-07,US,Texas,Starr,829,4,0,26.56150059,-98.73892358,48427.0,1282.6265220552968,0.4825090470446321,825,823,3,0,820,823,64525,6,1,0,5,0
2020-07-07,US,Texas,Stephens,9,0,0,32.73553157,-98.83631615,48429.0,96.09224855861628,0.0,9,8,0,0,8,8,9433,1,0,0,1,0
2020-07-07,US,Texas,Sterling,1,0,0,31.82781912,-101.05007459999999,48431.0,77.45933384972889,0.0,1,1,0,0,1,1,1311,0,0,0,0,0
2020-07-07,US,Texas,Sutton,13,0,0,30.49856623,-100.5382014,48435.0,344.27966101694915,0.0,13,11,0,0,11,11,3758,2,0,0,2,0
2020-07-07,US,Texas,Swisher,44,1,0,34.53028891,-101.73491740000001,48437.0,594.83574422063,2.272727272727273,43,38,1,0,37,38,7462,6,0,0,6,0
2020-07-07,US,Texas,Tarrant,15585,248,0,32.77143818,-97.29101614,48439.0,741.2551158969139,1.5912736605710616,15337,14828,238,0,14590,13423,2084931,757,10,0,747,1405
2020-07-07,US,Texas,Taylor,573,6,0,32.30163422,-99.89007449,48441.0,415.115116565484,1.0471204188481675,567,543,6,0,537,494,137640,30,0,0,30,49
2020-07-07,US,Texas,Terrell,2,0,0,30.22429013,-102.0766732,48443.0,257.73195876288656,0.0,2,2,0,0,2,2,823,0,0,0,0,0
2020-07-07,US,Texas,Terry,39,0,0,33.17402785,-102.3354521,48445.0,316.1222339304531,0.0,39,36,0,0,36,36,12287,3,0,0,3,0
2020-07-07,US,Texas,Throckmorton,1,0,0,33.17751417,-99.21226795,48447.0,66.62225183211193,0.0,1,1,0,0,1,1,1515,0,0,0,0,0
2020-07-07,US,Texas,Titus,845,5,0,33.21339719,-94.96797273,48449.0,2580.152671755725,0.591715976331361,840,845,5,0,840,845,33033,0,0,0,0,0
2020-07-07,US,Texas,Tom Green,711,3,0,31.40464436,-100.46244300000001,48451.0,596.4765100671141,0.4219409282700422,708,644,3,0,641,623,118189,67,0,0,67,21
2020-07-07,US,Texas,Travis,11926,144,0,30.33432034,-97.78535620000001,48453.0,936.1405513856861,1.2074459164849909,11782,11679,137,0,11542,11131,1248743,247,7,0,240,548
2020-07-07,US,Texas,Trinity,48,0,0,31.0879489,-95.1367187,48455.0,327.62268787113516,0.0,48,48,0,0,48,48,14740,0,0,0,0,0
2020-07-07,US,Texas,Tyler,30,0,0,30.77031716,-94.37690895,48457.0,138.42746400885937,0.0,30,27,0,0,27,27,21696,3,0,0,3,0
2020-07-07,US,Texas,Upshur,76,0,0,32.73706798,-94.93999853,48459.0,182.02284865758148,0.0,76,71,0,0,71,70,41260,5,0,0,5,1
2020-07-07,US,Texas,Upton,7,0,0,31.36868194,-102.0423217,48461.0,191.41372709871482,0.0,7,6,0,0,6,6,3671,1,0,0,1,0
2020-07-07,US,Texas,Uvalde,172,1,0,29.35739637,-99.76229172,48463.0,643.2070603193597,0.5813953488372093,171,161,1,0,160,150,26846,11,0,0,11,11
2020-07-07,US,Texas,Val Verde,450,0,0,29.89149232,-101.1525205,48465.0,917.8990311065784,0.0,450,285,0,0,285,285,49208,165,0,0,165,0
2020-07-07,US,Texas,Van Zandt,127,3,0,32.56483801,-95.83766469,48467.0,224.42127584378864,2.3622047244094486,124,112,3,0,109,112,56019,15,0,0,15,0
2020-07-07,US,Texas,Victoria,1240,9,0,28.79780988,-96.96813006,48469.0,1346.5965857260762,0.7258064516129032,1231,1063,8,0,1055,1063,92035,177,1,0,176,0
2020-07-07,US,Texas,Walker,2099,28,0,30.73872995,-95.57440968,48471.0,2876.485179043729,1.3339685564554549,2071,2095,28,0,2067,2081,72480,4,0,0,4,14
2020-07-07,US,Texas,Waller,195,0,0,30.01058447,-95.99011759,48473.0,352.96673062303154,0.0,195,186,0,0,186,175,53126,9,0,0,9,11
2020-07-07,US,Texas,Ward,29,0,0,31.50999644,-103.09279090000001,48475.0,241.7069511585264,0.0,29,24,0,0,24,24,11720,5,0,0,5,0
2020-07-07,US,Texas,Washington,309,31,0,30.21498498,-96.40946246,48477.0,861.1560113706038,10.032362459546926,278,309,31,0,278,289,35108,0,0,0,0,20
2020-07-07,US,Texas,Webb,1960,29,0,27.7610369,-99.33237355,48479.0,708.4712924540578,1.479591836734694,1931,1868,28,0,1840,1831,275910,92,1,0,91,37
2020-07-07,US,Texas,Wharton,244,1,0,29.27765923,-96.22319248,48481.0,587.1594956203677,0.4098360655737705,243,236,1,0,235,230,41619,8,0,0,8,6
2020-07-07,US,Texas,Wheeler,19,0,0,35.40114335,-100.26995140000001,48483.0,375.7911392405063,0.0,19,19,0,0,19,19,5191,0,0,0,0,0
2020-07-07,US,Texas,Wichita,464,3,0,33.98842886,-98.70410340000001,48485.0,350.9037283521137,0.646551724137931,461,442,3,0,439,436,132064,22,0,0,22,6
2020-07-07,US,Texas,Wilbarger,13,0,0,34.07945812,-99.24178437,48487.0,101.80906883859349,0.0,13,12,0,0,12,12,12820,1,0,0,1,0
2020-07-07,US,Texas,Willacy,242,3,0,26.47411727,-97.61535848,48489.0,1133.0648937166404,1.2396694214876034,239,233,3,0,230,229,21515,9,0,0,9,4
2020-07-07,US,Texas,Williamson,3318,46,0,30.64655664,-97.60048540000001,48491.0,561.8481723001062,1.3863773357444245,3272,3151,45,0,3106,2469,566719,167,1,0,166,682
2020-07-07,US,Texas,Wilson,144,5,0,29.1732598,-98.08693082,48493.0,281.9659291168984,3.4722222222222223,139,132,5,0,127,132,50224,12,0,0,12,0
2020-07-07,US,Texas,Winkler,37,0,0,31.85008651,-103.04851629999999,48495.0,461.92259675405745,0.0,37,29,0,0,29,29,7720,8,0,0,8,0
2020-07-07,US,Texas,Wise,149,5,0,33.21570665,-97.65460265,48497.0,212.9058070416095,3.355704697986577,144,135,5,0,130,135,68305,14,0,0,14,0
2020-07-07,US,Texas,Wood,107,5,0,32.78722382,-95.38236368,48499.0,234.9634379323217,4.672897196261682,102,98,5,0,93,98,45129,9,0,0,9,0
2020-07-07,US,Texas,Yoakum,39,0,0,33.17320212,-102.82764329999999,48501.0,447.6070239871456,0.0,39,38,0,0,38,38,8591,1,0,0,1,0
2020-07-07,US,Texas,Young,34,1,0,33.17659707,-98.68790885,48503.0,188.78400888395336,2.9411764705882355,33,34,1,0,33,34,18045,0,0,0,0,0
2020-07-07,US,Texas,Zapata,62,0,0,27.00156391,-99.16987152,48505.0,437.2663798575358,0.0,62,58,0,0,58,56,14190,4,0,0,4,2
2020-07-07,US,Texas,Zavala,29,0,0,28.86617238,-99.76050829,48507.0,244.9324324324324,0.0,29,25,0,0,25,25,11983,4,0,0,4,0
2020-07-07,US,Utah,Bear River,1658,3,0,41.52106798,-113.08328159999999,0.0,887.4947810168187,0.18094089264173704,1655,1642,3,0,1639,1625,,16,0,0,16,17
2020-07-07,US,Utah,Central Utah,227,0,0,39.37231946,-111.5758676,0.0,276.984649925568,0.0,227,217,0,0,217,209,,10,0,0,10,8
2020-07-07,US,Utah,Davis,1522,6,0,40.99001837,-112.1139997,49011.0,428.1522781808312,0.3942181340341656,1516,1470,6,0,1464,1422,351713,52,0,0,52,48
2020-07-07,US,Utah,Salt Lake,12994,120,0,40.66616532,-111.92160109999999,49035.0,1119.75057672239,0.9235031553024472,12874,12758,117,0,12641,12540,1152633,236,3,0,233,218
2020-07-07,US,Utah,San Juan,417,9,0,37.62762978,-109.80337140000002,49037.0,2724.065847922655,2.1582733812949644,408,416,9,0,407,414,15449,1,0,0,1,2
2020-07-07,US,Utah,Southeast Utah,41,0,0,38.99617072,-110.70139579999999,0.0,101.91652787789906,0.0,41,41,0,0,41,40,,0,0,0,0,1
2020-07-07,US,Utah,Southwest Utah,1805,13,0,37.85447192,-111.4418764,0.0,716.1504828560318,0.7202216066481995,1792,1731,13,0,1718,1689,,74,0,0,74,42
2020-07-07,US,Utah,Summit,538,1,0,40.86688146,-110.9535882,49043.0,1276.5452604104876,0.18587360594795535,537,534,1,0,533,519,41933,4,0,0,4,15
2020-07-07,US,Utah,Tooele,294,0,0,40.44862644,-113.12957150000001,49045.0,406.86973249007036,0.0,294,275,0,0,275,269,69907,19,0,0,19,6
2020-07-07,US,Utah,TriCounty,56,0,0,40.12491499,-109.5174415,0.0,98.9014870545018,0.0,56,56,0,0,56,55,,0,0,0,0,1
2020-07-07,US,Utah,Utah,4761,24,0,40.116672200000004,-111.66576620000001,49049.0,748.3084080567714,0.5040957781978576,4737,4648,23,0,4625,4553,622213,113,1,0,112,95
2020-07-07,US,Utah,Wasatch,427,4,0,40.33110236,-111.1691419,49051.0,1252.5299932533512,0.936768149882904,423,426,4,0,422,422,33240,1,0,0,1,4
2020-07-07,US,Utah,Weber-Morgan,1293,14,0,41.27116049,-111.9145117,0.0,474.7794093347582,1.082753286929621,1279,1255,14,0,1241,1195,,38,0,0,38,60
2020-07-07,US,Vermont,Addison,68,2,0,44.03217337,-73.14130877,50001.0,184.89817005193456,2.9411764705882355,66,68,2,0,66,68,36973,0,0,0,0,0
2020-07-07,US,Vermont,Bennington,73,1,0,43.03519828,-73.09048868,50003.0,205.8077248378912,1.3698630136986298,72,73,1,0,72,73,35631,0,0,0,0,0
2020-07-07,US,Vermont,Caledonia,21,0,0,44.46548598,-72.10314651,50005.0,70.0163371453339,0.0,21,21,0,0,21,21,30302,0,0,0,0,0
2020-07-07,US,Vermont,Chittenden,631,39,0,44.46322849,-73.08359212,50007.0,385.28704189920256,6.18066561014263,592,630,39,0,591,629,164572,1,0,0,1,1
2020-07-07,US,Vermont,Essex,4,0,0,44.72736416,-71.73579864,50009.0,64.9034561090378,0.0,4,4,0,0,4,3,6250,0,0,0,0,1
2020-07-07,US,Vermont,Franklin,110,6,0,44.85627605,-72.91249563,50011.0,222.66305007894417,5.454545454545454,104,110,6,0,104,110,49421,0,0,0,0,0
2020-07-07,US,Vermont,Grand Isle,10,0,0,44.797582399999996,-73.29679772,50013.0,138.217000691085,0.0,10,10,0,0,10,10,7090,0,0,0,0,0
2020-07-07,US,Vermont,Lamoille,34,1,0,44.60353043,-72.64356694,50015.0,134.0588281681255,2.9411764705882355,33,34,1,0,33,34,25300,0,0,0,0,0
2020-07-07,US,Vermont,Orange,10,0,0,44.00470222,-72.37640104,50017.0,34.61165720614703,0.0,10,10,0,0,10,10,28999,0,0,0,0,0
2020-07-07,US,Vermont,Orleans,14,0,0,44.82964024,-72.24562697,50019.0,51.78089285053815,0.0,14,14,0,0,14,14,26907,0,0,0,0,0
2020-07-07,US,Vermont,Rutland,75,1,0,43.57723578,-73.03741676,50021.0,128.8859101922978,1.3333333333333333,74,74,1,0,73,74,58672,1,0,0,1,0
2020-07-07,US,Vermont,Unassigned,5,0,0,0.0,0.0,90050.0,0.0,0.0,5,5,0,0,5,5,,0,0,0,0,0
2020-07-07,US,Vermont,Washington,42,1,0,44.27343241,-72.61604978,50023.0,71.90672670307659,2.380952380952381,41,42,1,0,41,42,58140,0,0,0,0,0
2020-07-07,US,Vermont,Windham,98,3,0,42.986982,-72.71268875,50025.0,232.10648477097251,3.0612244897959178,95,97,3,0,94,97,42756,1,0,0,1,0
2020-07-07,US,Vermont,Windsor,59,2,0,43.58010937,-72.58595157,50027.0,107.15193781555338,3.3898305084745757,57,59,2,0,57,59,55286,0,0,0,0,0
2020-07-07,US,Virginia,Accomack,1042,14,0,37.76707161,-75.63234615,51001.0,3224.4089615051366,1.343570057581574,1028,1044,14,0,1030,1044,32412,-2,0,0,-2,0
2020-07-07,US,Virginia,Albemarle,472,10,0,38.02080697,-78.55481085,51003.0,431.720479282905,2.1186440677966103,462,467,9,0,458,460,108718,5,1,0,4,7
2020-07-07,US,Virginia,Alexandria,2399,57,0,38.814003,-77.08183073,51510.0,1504.7544973279473,2.3759899958315964,2342,2380,57,0,2323,2376,160530,19,0,0,19,4
2020-07-07,US,Virginia,Alleghany,38,2,0,37.78636074,-80.00222498,51005.0,255.72005383580085,5.2631578947368425,36,36,2,0,34,35,14910,2,0,0,2,1
2020-07-07,US,Virginia,Amelia,46,1,0,37.34081025,-77.98584649,51007.0,349.9429440852034,2.1739130434782608,45,45,1,0,44,45,13013,1,0,0,1,0
2020-07-07,US,Virginia,Amherst,38,0,0,37.60308293,-79.14548696,51009.0,120.234140167695,0.0,38,38,0,0,38,37,31666,0,0,0,0,1
2020-07-07,US,Virginia,Appomattox,44,0,0,37.37569884,-78.81340003,51011.0,276.5382439821508,0.0,44,43,0,0,43,43,15841,1,0,0,1,0
2020-07-07,US,Virginia,Arlington,2550,131,0,38.8767675,-77.10139853,51013.0,1076.6671451853979,5.137254901960786,2419,2533,131,0,2402,2533,237521,17,0,0,17,0
2020-07-07,US,Virginia,Augusta,200,2,0,38.16404586,-79.12461614,51015.0,264.6973186161624,1.0,198,194,2,0,192,193,75457,6,0,0,6,1
2020-07-07,US,Virginia,Bedford,140,4,0,37.3080028,-79.5281964,51019.0,177.22191981973995,2.8571428571428568,136,140,3,0,137,137,78747,0,1,0,-1,3
2020-07-07,US,Virginia,Bland,2,0,0,37.13128068,-81.13599391,51021.0,31.84713375796178,0.0,2,2,0,0,2,2,6293,0,0,0,0,0
2020-07-07,US,Virginia,Botetourt,145,4,0,37.55531756,-79.80982182,51023.0,433.88491576648016,2.7586206896551726,141,139,4,0,135,134,33277,6,0,0,6,5
2020-07-07,US,Virginia,Bristol,5,0,0,36.616302399999995,-82.16359122,51520.0,29.829375969454716,0.0,5,5,0,0,5,5,16482,0,0,0,0,0
2020-07-07,US,Virginia,Brunswick,116,1,0,36.76366949,-77.8593436,51025.0,714.6817817756146,0.8620689655172413,115,113,1,0,112,112,16384,3,0,0,3,1
2020-07-07,US,Virginia,Buchanan,34,0,0,37.26818323,-82.03749726,51027.0,161.87392877547134,0.0,34,33,0,0,33,33,21221,1,0,0,1,0
2020-07-07,US,Virginia,Buckingham,570,5,0,37.57242268,-78.52518834,51029.0,3324.002799160252,0.8771929824561403,565,571,4,0,567,566,16999,-1,1,0,-2,5
2020-07-07,US,Virginia,Buena Vista,16,0,0,37.73484642,-79.35296097,51530.0,246.98981167026852,0.0,16,15,0,0,15,15,6237,1,0,0,1,0
2020-07-07,US,Virginia,Campbell,53,1,0,37.20553386,-79.09678609,51031.0,96.56554614193311,1.8867924528301887,52,51,1,0,50,51,54973,2,0,0,2,0
2020-07-07,US,Virginia,Caroline,129,4,0,38.02679129,-77.34901405,51033.0,419.853539462978,3.1007751937984502,125,129,4,0,125,129,30772,0,0,0,0,0
2020-07-07,US,Virginia,Carroll,235,9,0,36.73066666,-80.73455942,51035.0,788.8288409251116,3.8297872340425534,226,233,9,0,224,232,29636,2,0,0,2,1
2020-07-07,US,Virginia,Charles City,41,3,0,37.35358063,-77.05634116,51036.0,588.8266551773661,7.317073170731707,38,41,3,0,38,41,6941,0,0,0,0,0
2020-07-07,US,Virginia,Charlotte,33,0,0,37.01909701,-78.66314092,51037.0,277.77777777777777,0.0,33,33,0,0,33,33,11938,0,0,0,0,0
2020-07-07,US,Virginia,Charlottesville,239,7,0,38.03527919,-78.48569588,51540.0,505.64888080226797,2.928870292887029,232,237,6,0,231,237,48117,2,1,0,1,0
2020-07-07,US,Virginia,Chesapeake,1046,22,0,36.67670048,-76.30545744,51550.0,427.2264994792411,2.103250478011472,1024,1026,21,0,1005,1015,242634,20,1,0,19,11
2020-07-07,US,Virginia,Chesterfield,3059,56,0,37.37373208,-77.58680140000001,51041.0,867.0585767654378,1.8306636155606408,3003,3026,53,0,2973,3015,348556,33,3,0,30,11
2020-07-07,US,Virginia,Clarke,58,0,0,39.11271747,-77.99199425,51043.0,396.74396333538544,0.0,58,57,0,0,57,56,14523,1,0,0,1,1
2020-07-07,US,Virginia,Colonial Heights,151,18,0,37.26420587,-77.39609676,51570.0,869.3149107656883,11.920529801324506,133,150,18,0,132,148,17833,1,0,0,1,2
2020-07-07,US,Virginia,Covington,5,0,0,37.7824656,-79.98631446,51580.0,90.2853015529072,0.0,5,5,0,0,5,5,5460,0,0,0,0,0
2020-07-07,US,Virginia,Craig,9,0,0,37.48133648,-80.21072274,51045.0,175.4044045994933,0.0,9,8,0,0,8,8,5064,1,0,0,1,0
2020-07-07,US,Virginia,Culpeper,829,11,0,38.48199985,-77.95630870000002,51047.0,1575.8958273928333,1.3268998793727382,818,823,11,0,812,822,51859,6,0,0,6,1
2020-07-07,US,Virginia,Cumberland,58,0,0,37.51328851,-78.24398086,51049.0,583.9710028191704,0.0,58,57,0,0,57,57,9809,1,0,0,1,0
2020-07-07,US,Virginia,Danville,99,2,0,36.58022376,-79.40395668,51590.0,247.22804914593948,2.0202020202020203,97,99,2,0,97,99,40693,0,0,0,0,0
2020-07-07,US,Virginia,Dickenson,5,0,0,37.12560977,-82.35124171,51051.0,34.92107836289985,0.0,5,5,0,0,5,5,14523,0,0,0,0,0
2020-07-07,US,Virginia,Dinwiddie,152,2,0,37.07544585,-77.63451754,51053.0,532.5112107623319,1.3157894736842106,150,151,2,0,149,148,28529,1,0,0,1,3
2020-07-07,US,Virginia,Emporia,145,15,0,36.69455571,-77.53406129,51595.0,2712.3082678638234,10.344827586206897,130,143,15,0,128,143,5121,2,0,0,2,0
2020-07-07,US,Virginia,Essex,59,0,0,37.93357639,-76.94230311,51057.0,538.6652058796676,0.0,59,59,0,0,59,59,10919,0,0,0,0,0
2020-07-07,US,Virginia,Fairfax,14191,495,0,38.83677558,-77.27565836,51059.0,1236.6539669481986,3.488126277217955,13696,14205,495,0,13710,14153,1150795,-14,0,0,-14,52
2020-07-07,US,Virginia,Fairfax,14191,495,0,38.83677558,-77.27565836,51059.0,1236.6539669481986,3.488126277217955,13696,14205,495,0,13710,14153,24574,-14,0,0,-14,52
2020-07-07,US,Virginia,Fairfax City,72,7,0,38.85157547,-77.29779640000002,51600.0,299.76268787210125,9.722222222222221,65,71,7,0,64,71,24574,1,0,0,1,0
2020-07-07,US,Virginia,Falls Church,54,8,0,38.88485255,-77.17560759,51610.0,369.43285215844566,14.814814814814815,46,55,8,0,47,55,14772,-1,0,0,-1,0
2020-07-07,US,Virginia,Fauquier,450,8,0,38.73564842,-77.80647472,51061.0,631.8272443907781,1.7777777777777777,442,446,7,0,439,442,70675,4,1,0,3,4
2020-07-07,US,Virginia,Floyd,21,1,0,36.9302126,-80.36738849,51063.0,133.341799479332,4.761904761904762,20,21,1,0,20,20,15795,0,0,0,0,1
2020-07-07,US,Virginia,Fluvanna,123,8,0,37.84157909,-78.27715475,51065.0,451.04510451045104,6.5040650406504055,115,121,8,0,113,120,26783,2,0,0,2,1
2020-07-07,US,Virginia,Franklin,104,1,0,36.99536167,-79.88023649,51067.0,185.57510438599618,0.9615384615384616,103,104,1,0,103,96,56195,0,0,0,0,8
2020-07-07,US,Virginia,Franklin,104,1,0,36.99536167,-79.88023649,51067.0,185.57510438599618,0.9615384615384616,103,104,1,0,103,96,8013,0,0,0,0,8
2020-07-07,US,Virginia,Franklin City,58,2,0,36.6831435,-76.93859681,51620.0,728.0030124262584,3.4482758620689653,56,55,2,0,53,54,8013,3,0,0,3,1
2020-07-07,US,Virginia,Frederick,524,6,0,39.20172582,-78.25974949,51069.0,586.7007042647767,1.1450381679389312,518,520,6,0,514,521,88355,4,0,0,4,-1
2020-07-07,US,Virginia,Fredericksburg,260,0,0,38.2977863,-77.4922454,51630.0,895.4401432704228,0.0,260,255,0,0,255,255,29144,5,0,0,5,0
2020-07-07,US,Virginia,Galax,281,16,0,36.66601852,-80.91703124,51640.0,4427.288482747756,5.6939501779359425,265,276,15,0,261,272,6423,5,1,0,4,4
2020-07-07,US,Virginia,Giles,18,0,0,37.31234791,-80.70636931,51071.0,107.65550239234449,0.0,18,18,0,0,18,18,16844,0,0,0,0,0
2020-07-07,US,Virginia,Gloucester,53,1,0,37.40809042,-76.53524337,51073.0,141.9085359323123,1.8867924528301887,52,50,1,0,49,50,37349,3,0,0,3,0
2020-07-07,US,Virginia,Goochland,128,6,0,37.71714806,-77.90381514,51075.0,538.8792994569108,4.6875,122,127,6,0,121,127,23244,1,0,0,1,0
2020-07-07,US,Virginia,Grayson,91,2,0,36.65677234,-81.23215889,51077.0,585.2090032154341,2.1978021978021984,89,90,2,0,88,89,15631,1,0,0,1,1
2020-07-07,US,Virginia,Greene,76,2,0,38.29545894,-78.46525378,51079.0,383.4704071850245,2.631578947368421,74,75,1,0,74,73,19779,1,1,0,0,2
2020-07-07,US,Virginia,Greensville,367,8,0,36.67878901,-77.56351439,51081.0,3237.473535638673,2.1798365122615806,359,368,7,0,361,368,11627,-1,1,0,-2,0
2020-07-07,US,Virginia,Halifax,68,1,0,36.76654925,-78.93512622,51083.0,200.52490342366784,1.4705882352941178,67,65,1,0,64,63,34120,3,0,0,3,2
2020-07-07,US,Virginia,Hampton,390,5,0,37.03513786,-76.35879121,51650.0,289.9412683071892,1.2820512820512822,385,376,5,0,371,369,134313,14,0,0,14,7
2020-07-07,US,Virginia,Hanover,452,31,0,37.7583355,-77.49464673,51085.0,419.42727762002863,6.8584070796460175,421,449,29,0,420,447,107239,3,2,0,1,2
2020-07-07,US,Virginia,Harrisonburg,967,28,0,38.43542574,-78.87536254,51660.0,1823.9776671193601,2.8955532574974145,939,966,27,0,939,966,54033,1,1,0,0,0
2020-07-07,US,Virginia,Henrico,2708,163,0,37.53460572,-77.39326555,51087.0,818.5769819054586,6.019202363367798,2545,2685,159,0,2526,2681,329261,23,4,0,19,4
2020-07-07,US,Virginia,Henry,301,5,0,36.68542395,-79.87634026,51089.0,595.3676048816187,1.6611295681063123,296,293,4,0,289,288,50953,8,1,0,7,5
2020-07-07,US,Virginia,Highland,3,0,0,38.35799465,-79.56124594,51091.0,136.98630136986299,0.0,3,3,0,0,3,3,2210,0,0,0,0,0
2020-07-07,US,Virginia,Hopewell,191,3,0,37.29186313,-77.29754684,51670.0,847.7961738204092,1.5706806282722514,188,188,2,0,186,186,22596,3,1,0,2,2
2020-07-07,US,Virginia,Isle of Wight,199,9,0,36.90579348,-76.70842863,51093.0,536.2580506076692,4.522613065326633,190,194,9,0,185,193,36953,5,0,0,5,1
2020-07-07,US,Virginia,James City,306,15,0,37.31156958,-76.76950618,51095.0,399.87977470825757,4.901960784313727,291,297,15,0,282,293,76397,9,0,0,9,4
2020-07-07,US,Virginia,King George,100,4,0,38.26818502,-77.15852768,51099.0,372.63377552541357,4.0,96,100,4,0,96,100,26575,0,0,0,0,0
2020-07-07,US,Virginia,King William,47,1,0,37.70965316,-77.09384941,51101.0,274.0844413342664,2.127659574468085,46,44,0,0,44,44,16939,3,1,0,2,0
2020-07-07,US,Virginia,King and Queen,24,1,0,37.71044922,-76.88689628,51097.0,341.6370106761566,4.166666666666667,23,24,1,0,23,24,7042,0,0,0,0,0
2020-07-07,US,Virginia,Lancaster,11,0,0,37.71889653,-76.46400482,51103.0,103.74422333301895,0.0,11,11,0,0,11,11,10783,0,0,0,0,0
2020-07-07,US,Virginia,Lee,16,0,0,36.70586667,-83.12606515,51105.0,68.30892712291337,0.0,16,16,0,0,16,15,23541,0,0,0,0,1
2020-07-07,US,Virginia,Lexington,13,0,0,37.78258621,-79.44262866,51678.0,174.59038409884502,0.0,13,13,0,0,13,13,7136,0,0,0,0,0
2020-07-07,US,Virginia,Loudoun,4252,93,0,39.08990083,-77.63481877,51107.0,1028.200552307164,2.1872060206961432,4159,4216,90,0,4126,4207,406850,36,3,0,33,9
2020-07-07,US,Virginia,Louisa,132,2,0,37.97850256,-77.96274807,51109.0,351.14788114176264,1.5151515151515151,130,131,1,0,130,130,36778,1,1,0,0,1
2020-07-07,US,Virginia,Lunenburg,39,0,0,36.94618528,-78.24133319,51111.0,319.7769760577238,0.0,39,39,0,0,39,37,12086,0,0,0,0,2
2020-07-07,US,Virginia,Lynchburg,169,1,0,37.40021399,-79.19888138,51680.0,205.67617564015183,0.591715976331361,168,164,1,0,163,162,82126,5,0,0,5,2
2020-07-07,US,Virginia,Madison,46,1,0,38.41531222,-78.28220331,51113.0,346.88183394917434,2.1739130434782608,45,45,1,0,44,44,13295,1,0,0,1,1
2020-07-07,US,Virginia,Manassas,1458,18,0,38.7464321,-77.48509905,51683.0,3548.740416210296,1.2345679012345678,1440,1452,18,0,1434,1451,41641,6,0,0,6,1
2020-07-07,US,Virginia,Manassas Park,447,6,0,38.77058531,-77.44399307,51685.0,2557.500858221765,1.342281879194631,441,445,6,0,439,444,17307,2,0,0,2,1
2020-07-07,US,Virginia,Martinsville,98,1,0,36.68212094,-79.86352771,51690.0,780.6276883861717,1.020408163265306,97,87,1,0,86,86,12902,11,0,0,11,1
2020-07-07,US,Virginia,Mathews,6,0,0,37.44164146,-76.34098896,51115.0,67.91940230925968,0.0,6,6,0,0,6,6,8802,0,0,0,0,0
2020-07-07,US,Virginia,Mecklenburg,249,28,0,36.67882005,-78.36131056,51117.0,814.0713374963219,11.244979919678713,221,249,28,0,221,248,30650,0,0,0,0,1
2020-07-07,US,Virginia,Middlesex,15,0,0,37.63191998,-76.55064617,51119.0,141.75014175014175,0.0,15,15,0,0,15,15,10769,0,0,0,0,0
2020-07-07,US,Virginia,Montgomery,167,2,0,37.17746986,-80.37868691,51121.0,169.48292484903843,1.1976047904191616,165,163,2,0,161,158,98985,4,0,0,4,5
2020-07-07,US,Virginia,Nelson,21,0,0,37.78790447,-78.88498513,51125.0,140.65639651707968,0.0,21,21,0,0,21,20,14836,0,0,0,0,1
2020-07-07,US,Virginia,New Kent,62,1,0,37.50694406,-76.99828634,51127.0,268.5028799099216,1.6129032258064515,61,60,1,0,59,60,22391,2,0,0,2,0
2020-07-07,US,Virginia,Newport News,613,10,0,37.08166899,-76.51754109,51700.0,342.02817687264616,1.6313213703099512,603,592,10,0,582,584,178626,21,0,0,21,8
2020-07-07,US,Virginia,Norfolk,1162,12,0,36.89934014,-76.26420872,51710.0,478.6975471900208,1.032702237521515,1150,1105,12,0,1093,1072,244076,57,0,0,57,33
2020-07-07,US,Virginia,Northampton,272,28,0,37.34062933,-75.87751591,51131.0,2322.801024765157,10.294117647058824,244,272,28,0,244,272,11735,0,0,0,0,0
2020-07-07,US,Virginia,Northumberland,37,1,0,37.89202088,-76.41949732,51133.0,305.9115336916081,2.702702702702702,36,37,1,0,36,37,12147,0,0,0,0,0
2020-07-07,US,Virginia,Norton,4,0,0,36.93357076,-82.62750411,51720.0,100.4772670183371,0.0,4,4,0,0,4,4,3968,0,0,0,0,0
2020-07-07,US,Virginia,Nottoway,114,2,0,37.1435975,-78.05065922,51135.0,748.4243697478993,1.7543859649122806,112,114,2,0,112,114,15420,0,0,0,0,0
2020-07-07,US,Virginia,Orange,154,3,0,38.24530219,-78.01560400000002,51137.0,415.64330247496696,1.9480519480519483,151,153,3,0,150,153,36644,1,0,0,1,0
2020-07-07,US,Virginia,Page,290,23,0,38.61807452,-78.48797204,51139.0,1213.2875909965694,7.931034482758621,267,285,23,0,262,283,23933,5,0,0,5,2
2020-07-07,US,Virginia,Patrick,48,1,0,36.680163799999995,-80.2865648,51141.0,272.6033621081327,2.083333333333333,47,48,1,0,47,48,17673,0,0,0,0,0
2020-07-07,US,Virginia,Petersburg,311,5,0,37.20530399,-77.39368102,51730.0,992.1521087220061,1.6077170418006432,306,290,5,0,285,275,31567,21,0,0,21,15
2020-07-07,US,Virginia,Pittsylvania,139,1,0,36.81980341,-79.39731264,51143.0,230.307850349604,0.7194244604316546,138,137,1,0,136,137,60949,2,0,0,2,0
2020-07-07,US,Virginia,Poquoson,19,0,0,37.14259351,-76.35798148,51735.0,154.8366066335262,0.0,19,19,0,0,19,19,12190,0,0,0,0,0
2020-07-07,US,Virginia,Portsmouth,572,18,0,36.85914825,-76.35971629,51740.0,605.9450412085001,3.1468531468531467,554,549,18,0,531,549,94632,23,0,0,23,0
2020-07-07,US,Virginia,Powhatan,86,2,0,37.55016038,-77.91267882,51145.0,290.03102657493594,2.3255813953488373,84,84,2,0,82,84,29189,2,0,0,2,0
2020-07-07,US,Virginia,Prince Edward,216,6,0,37.22554789,-78.43597949,51147.0,947.2853258486098,2.7777777777777777,210,214,6,0,208,213,22950,2,0,0,2,1
2020-07-07,US,Virginia,Prince George,246,1,0,37.18497668,-77.22922187,51149.0,641.4100591870258,0.4065040650406504,245,245,1,0,244,244,38082,1,0,0,1,1
2020-07-07,US,Virginia,Prince William,7638,148,0,38.70916224,-77.48713689,51153.0,1623.9488874950832,1.937680020947892,7490,7582,147,0,7435,7570,468011,56,1,0,55,12
2020-07-07,US,Virginia,Pulaski,48,2,0,37.06474963,-80.71229738,51155.0,141.06444882005462,4.166666666666667,46,48,2,0,46,48,34066,0,0,0,0,0
2020-07-07,US,Virginia,Radford,14,0,0,37.12222899,-80.56027320000003,51750.0,76.71653241273496,0.0,14,14,0,0,14,14,18339,0,0,0,0,0
2020-07-07,US,Virginia,Rappahannock,30,0,0,38.68295619,-78.15826963,51157.0,407.055630936228,0.0,30,26,0,0,26,23,7252,4,0,0,4,3
2020-07-07,US,Virginia,Richmond,300,4,0,37.937575,-76.72920628,51159.0,3324.836528870664,1.3333333333333333,296,299,4,0,295,299,9038,1,0,0,1,0
2020-07-07,US,Virginia,Richmond City,2301,29,0,37.53255773,-77.47966921,51760.0,998.5418944956516,1.2603215993046502,2272,2288,29,0,2259,2276,228783,13,0,0,13,12
2020-07-07,US,Virginia,Roanoke,292,6,0,37.26865804,-80.06396753,51161.0,310.0248444567133,2.054794520547945,286,287,6,0,281,283,94073,5,0,0,5,4
2020-07-07,US,Virginia,Roanoke City,502,10,0,37.27791025,-79.96189766,51770.0,506.3393280413141,1.99203187250996,492,492,10,0,482,479,99920,10,0,0,10,13
2020-07-07,US,Virginia,Rockbridge,33,0,0,37.81204314,-79.44605905,51163.0,146.19235369689454,0.0,33,33,0,0,33,33,22752,0,0,0,0,0
2020-07-07,US,Virginia,Rockingham,751,11,0,38.51006137,-78.87260325,51165.0,916.4348123200078,1.4647137150466043,740,744,11,0,733,746,81244,7,0,0,7,-2
2020-07-07,US,Virginia,Russell,14,0,0,36.93028320000001,-82.10095486,51167.0,52.6592943654555,0.0,14,14,0,0,14,14,26748,0,0,0,0,0
2020-07-07,US,Virginia,Salem,83,3,0,37.2836193,-80.06219455,51775.0,328.0502746926999,3.614457831325301,80,80,3,0,77,78,25643,3,0,0,3,2
2020-07-07,US,Virginia,Scott,11,2,0,36.71466456,-82.60171704,51169.0,51.00621348418807,18.181818181818183,9,11,2,0,9,11,21534,0,0,0,0,0
2020-07-07,US,Virginia,Shenandoah,600,34,0,38.85905135,-78.56813762,51171.0,1375.641966250917,5.666666666666668,566,598,34,0,564,598,43497,2,0,0,2,0
2020-07-07,US,Virginia,Smyth,42,1,0,36.84455636,-81.53344948,51173.0,139.51634334307732,2.380952380952381,41,42,1,0,41,42,30472,0,0,0,0,0
2020-07-07,US,Virginia,Southampton,165,8,0,36.72231125,-77.10642712,51175.0,935.8516249787308,4.848484848484849,157,163,7,0,156,163,17586,2,1,0,1,0
2020-07-07,US,Virginia,Spotsylvania,1048,31,0,38.18574462,-77.655399,51177.0,769.3719487574789,2.9580152671755724,1017,1038,31,0,1007,1036,134238,10,0,0,10,2
2020-07-07,US,Virginia,Stafford,1022,5,0,38.41758738,-77.45917053,51179.0,668.4894232152902,0.4892367906066536,1017,1012,5,0,1007,1011,149960,10,0,0,10,1
2020-07-07,US,Virginia,Staunton,81,0,0,38.15965544,-79.05979937,51790.0,324.88368361944487,0.0,81,80,0,0,80,79,24922,1,0,0,1,1
2020-07-07,US,Virginia,Suffolk,470,38,0,36.70155394,-76.63603554,51800.0,510.27055196074167,8.085106382978722,432,457,38,0,419,451,91185,13,0,0,13,6
2020-07-07,US,Virginia,Surry,17,1,0,37.11781893,-76.88450012,51181.0,264.71504204297725,5.882352941176472,16,17,1,0,16,17,6474,0,0,0,0,0
2020-07-07,US,Virginia,Sussex,211,5,0,36.92432914,-77.25791182,51183.0,1890.8504346267587,2.3696682464454977,206,210,5,0,205,209,11237,1,0,0,1,1
2020-07-07,US,Virginia,Tazewell,22,0,0,37.12191123,-81.56685568,51185.0,54.19386623968469,0.0,22,17,0,0,17,16,40855,5,0,0,5,1
2020-07-07,US,Virginia,Virginia Beach,1455,30,0,36.73285734,-76.04566934,51810.0,323.3520158942517,2.061855670103093,1425,1392,30,0,1362,1350,450189,63,0,0,63,42
2020-07-07,US,Virginia,Warren,300,8,0,38.90847745,-78.20280433,51187.0,746.9375560203167,2.6666666666666665,292,299,8,0,291,297,40003,1,0,0,1,2
2020-07-07,US,Virginia,Washington,68,4,0,36.72341572,-81.95666289,51191.0,126.53516933382956,5.882352941176472,64,67,4,0,63,67,54402,1,0,0,1,0
2020-07-07,US,Virginia,Waynesboro,102,0,0,38.06451466,-78.90293905,51820.0,450.7291206363234,0.0,102,94,0,0,94,92,22628,8,0,0,8,2
2020-07-07,US,Virginia,Westmoreland,118,2,0,38.11021557,-76.80213247,51193.0,655.0097141271162,1.6949152542372878,116,116,2,0,114,116,17830,2,0,0,2,0
2020-07-07,US,Virginia,Williamsburg,75,6,0,37.28131268,-76.70905141,51830.0,501.5380500200615,8.0,69,74,6,0,68,72,14896,1,0,0,1,2
2020-07-07,US,Virginia,Winchester,334,3,0,39.17054517,-78.17325058,51840.0,1189.543414773132,0.8982035928143712,331,334,3,0,331,334,28108,0,0,0,0,0
2020-07-07,US,Virginia,Wise,32,2,0,36.9746148,-82.62410519,51195.0,85.60040660193134,6.25,30,32,2,0,30,30,38012,0,0,0,0,2
2020-07-07,US,Virginia,Wythe,57,1,0,36.91582035,-81.07834059,51197.0,198.71705480407195,1.7543859649122806,56,58,1,0,57,56,28754,-1,0,0,-1,2
2020-07-07,US,Virginia,York,131,3,0,37.24374789,-76.54412815,51199.0,191.8570591681313,2.2900763358778624,128,131,3,0,128,129,67846,0,0,0,0,2
2020-07-07,US,Washington,Adams,203,0,0,46.98299757,-118.56017340000001,53001.0,1015.8634839613671,0.0,203,196,0,0,196,166,19759,7,0,0,7,30
2020-07-07,US,Washington,Asotin,21,2,0,46.18894415,-117.2022851,53003.0,92.99442033477993,9.523809523809524,19,21,2,0,19,21,22610,0,0,0,0,0
2020-07-07,US,Washington,Benton,2094,88,0,46.23946995,-119.51208340000001,53005.0,1024.511962424776,4.202483285577841,2006,2036,85,0,1951,1956,201877,58,3,0,55,80
2020-07-07,US,Washington,Chelan,442,6,0,47.87046092,-120.6173956,53007.0,572.5388601036269,1.3574660633484164,436,436,6,0,430,403,77036,6,0,0,6,33
2020-07-07,US,Washington,Clallam,46,0,0,48.04754642,-123.92263190000001,53009.0,59.48455341324954,0.0,46,45,0,0,45,43,76737,1,0,0,1,2
2020-07-07,US,Washington,Clark,962,30,0,45.77568046,-122.48292040000001,53011.0,197.03384189365497,3.1185031185031185,932,933,30,0,903,922,481857,29,0,0,29,11
2020-07-07,US,Washington,Columbia,8,0,0,46.29442881,-117.9051983,53013.0,200.75282308657467,0.0,8,8,0,0,8,8,4059,0,0,0,0,0
2020-07-07,US,Washington,Cowlitz,218,0,0,46.19074721,-122.6782231,53015.0,197.1191666742018,0.0,218,210,0,0,210,208,108987,8,0,0,8,2
2020-07-07,US,Washington,Douglas,308,3,0,47.7361335,-119.69293700000001,53017.0,709.2035275967671,0.9740259740259741,305,303,3,0,300,279,42907,5,0,0,5,24
2020-07-07,US,Washington,Ferry,1,0,0,48.471143100000006,-118.5154041,53019.0,13.111315064901008,0.0,1,1,0,0,1,1,7649,0,0,0,0,0
2020-07-07,US,Washington,Franklin,2113,34,0,46.53351425,-118.9018212,53021.0,2219.025015227573,1.6090866067203033,2079,2038,33,0,2005,1898,94347,75,1,0,74,140
2020-07-07,US,Washington,Grant,709,6,0,47.20753737,-119.4500749,53025.0,725.4458575916016,0.8462623413258108,703,703,6,0,697,552,97331,6,0,0,6,151
2020-07-07,US,Washington,Grays Harbor,32,0,0,47.14003705,-123.7820567,53027.0,42.63199264598127,0.0,32,31,0,0,31,26,73901,1,0,0,1,5
2020-07-07,US,Washington,Island,198,12,0,48.14713305,-122.5216407,53029.0,232.55540808776038,6.0606060606060606,186,196,12,0,184,198,84460,2,0,0,2,-2
2020-07-07,US,Washington,Jefferson,41,0,0,47.75003077,-123.56097040000002,53031.0,127.24620589056826,0.0,41,41,0,0,41,39,31729,0,0,0,0,2
2020-07-07,US,Washington,King,11182,626,0,47.49137892,-121.8346131,53033.0,496.36405120424433,5.598282954748703,10556,11105,622,0,10483,10941,2233163,77,4,0,73,164
2020-07-07,US,Washington,Kitsap,251,2,0,47.63479026,-122.6436061,53035.0,92.45855020572948,0.796812749003984,249,248,2,0,246,243,269805,3,0,0,3,5
2020-07-07,US,Washington,Kittitas,160,0,0,47.12521214,-120.67943899999999,53037.0,333.7853343068739,0.0,160,158,0,0,158,146,47364,2,0,0,2,12
2020-07-07,US,Washington,Klickitat,70,3,0,45.87325839,-120.7913598,53039.0,312.15161649944264,4.285714285714286,67,67,3,0,64,67,22107,3,0,0,3,0
2020-07-07,US,Washington,Lewis,78,3,0,46.57756476,-122.39257690000001,53041.0,96.64589193006802,3.8461538461538463,75,77,3,0,74,75,79604,1,0,0,1,2
2020-07-07,US,Washington,Lincoln,4,0,0,47.57705241,-118.41943880000001,53043.0,36.56641374897157,0.0,4,4,0,0,4,4,10740,0,0,0,0,0
2020-07-07,US,Washington,Mason,55,1,0,47.35007586,-123.1863685,53045.0,82.37479031871554,1.818181818181818,54,54,1,0,53,53,65507,1,0,0,1,1
2020-07-07,US,Washington,Okanogan,153,2,0,48.54855019,-119.73872240000001,53047.0,362.19018535615373,1.30718954248366,151,152,2,0,150,118,42132,1,0,0,1,34
2020-07-07,US,Washington,Pacific,18,1,0,46.55418369,-123.7285716,53049.0,80.10324418138934,5.5555555555555545,17,18,1,0,17,18,22036,0,0,0,0,0
2020-07-07,US,Washington,Pend Oreille,7,0,0,48.53234021,-117.2741804,53051.0,51.00553774409793,0.0,7,5,0,0,5,5,13602,2,0,0,2,0
2020-07-07,US,Washington,Pierce,2878,110,0,47.03892768,-122.14059579999999,53053.0,318.0180777475745,3.822098679638638,2768,2848,108,0,2740,2804,891299,30,2,0,28,44
2020-07-07,US,Washington,San Juan,20,0,0,48.60182783,-122.96745,53055.0,113.75270162666365,0.0,20,20,0,0,20,19,17128,0,0,0,0,1
2020-07-07,US,Washington,Skagit,558,16,0,48.48171488,-121.766131,53057.0,431.87183158546486,2.867383512544803,542,557,15,0,542,549,128206,1,1,0,0,8
2020-07-07,US,Washington,Skamania,14,0,0,46.02408726,-121.91644029999999,53059.0,115.86526524869652,0.0,14,10,0,0,10,9,11924,4,0,0,4,1
2020-07-07,US,Washington,Snohomish,3764,176,0,48.04615983,-121.7170703,53061.0,457.8613108408762,4.675876726886291,3588,3722,176,0,3546,3696,814901,42,0,0,42,26
2020-07-07,US,Washington,Spokane,1763,42,0,47.62113146,-117.4046494,53063.0,337.2239373524765,2.3823028927963703,1721,1708,41,0,1667,1602,514631,55,1,0,54,106
2020-07-07,US,Washington,Stevens,20,1,0,48.40035475,-117.8542701,53065.0,43.74166174572972,5.0,19,20,1,0,19,20,45260,0,0,0,0,0
2020-07-07,US,Washington,Thurston,299,8,0,46.9291895,-122.82906559999999,53067.0,102.91323622545916,2.6755852842809364,291,290,8,0,282,289,286419,9,0,0,9,1
2020-07-07,US,Washington,Unassigned,116,0,0,0.0,0.0,90053.0,0.0,0.0,116,186,0,0,186,140,,-70,0,0,-70,46
2020-07-07,US,Washington,Wahkiakum,5,0,0,46.29180039999999,-123.4250831,53069.0,111.40819964349377,0.0,5,5,0,0,5,5,4426,0,0,0,0,0
2020-07-07,US,Washington,Walla Walla,193,3,0,46.23040051,-118.4775539,53071.0,317.6431863067808,1.5544041450777202,190,187,3,0,184,180,60922,6,0,0,6,7
2020-07-07,US,Washington,Whatcom,681,41,0,48.82227976,-121.74900179999999,53073.0,297.05950350495317,6.020558002936858,640,673,41,0,632,667,225685,8,0,0,8,6
2020-07-07,US,Washington,Whitman,39,0,0,46.90022523,-117.52417630000001,53075.0,77.83809675874181,0.0,39,39,0,0,39,39,49791,0,0,0,0,0
2020-07-07,US,Washington,Yakima,7696,168,0,46.45738486,-120.73801259999999,53077.0,3067.6876347793504,2.1829521829521834,7528,7634,165,0,7469,7489,251446,62,3,0,59,145
2020-07-07,US,West Virginia,Barbour,17,1,0,39.1307219,-80.00350858,54001.0,103.40003649413052,5.882352941176472,16,17,1,0,16,15,16535,0,0,0,0,2
2020-07-07,US,West Virginia,Berkeley,500,10,0,39.46704621,-78.02414609,54003.0,419.5651626654136,2.0,490,492,10,0,482,480,117123,8,0,0,8,12
2020-07-07,US,West Virginia,Boone,28,0,0,38.01974191,-81.69888019,54005.0,130.49354522999488,0.0,28,24,0,0,24,23,21951,4,0,0,4,1
2020-07-07,US,West Virginia,Braxton,3,0,0,38.70036159,-80.72011184,54007.0,21.49459052805044,0.0,3,3,0,0,3,3,14089,0,0,0,0,0
2020-07-07,US,West Virginia,Brooke,15,0,0,40.27367263,-80.57915332,54009.0,68.37139340899768,0.0,15,15,0,0,15,11,22203,0,0,0,0,4
2020-07-07,US,West Virginia,Cabell,172,0,0,38.42424062,-82.23855912,54011.0,187.0683560824406,0.0,172,167,0,0,167,158,93224,5,0,0,5,9
2020-07-07,US,West Virginia,Calhoun,2,0,0,38.84315422,-81.11934872,54013.0,28.1333520889014,0.0,2,2,0,0,2,2,7254,0,0,0,0,0
2020-07-07,US,West Virginia,Clay,11,1,0,38.46231092,-81.07652217,54015.0,129.29007992477668,9.090909090909092,10,11,1,0,10,10,8632,0,0,0,0,1
2020-07-07,US,West Virginia,Fayette,75,4,0,38.02974928,-81.08286634,54019.0,176.86176484459747,5.333333333333333,71,72,4,0,68,68,43018,3,0,0,3,4
2020-07-07,US,West Virginia,Gilmer,13,0,0,38.9251277,-80.85952723,54021.0,166.17665857088068,0.0,13,13,0,0,13,13,8026,0,0,0,0,0
2020-07-07,US,West Virginia,Grant,16,0,0,39.10314817,-79.19440518,54023.0,138.31258644536652,0.0,16,16,0,0,16,16,11626,0,0,0,0,0
2020-07-07,US,West Virginia,Greenbrier,67,3,0,37.9463652,-80.45335881,54025.0,193.29525128382667,4.477611940298506,64,66,3,0,63,64,34786,1,0,0,1,2
2020-07-07,US,West Virginia,Hampshire,42,1,0,39.32103553,-78.60826476,54027.0,181.2297734627832,2.380952380952381,41,42,1,0,41,42,23347,0,0,0,0,0
2020-07-07,US,West Virginia,Hancock,32,0,0,40.51943859,-80.57461608,54029.0,111.07254425546684,0.0,32,32,0,0,32,28,29094,0,0,0,0,4
2020-07-07,US,West Virginia,Hardy,45,0,0,39.00683177,-78.85855301,54031.0,326.6550522648084,0.0,45,45,0,0,45,45,13775,0,0,0,0,0
2020-07-07,US,West Virginia,Harrison,84,1,0,39.2853852,-80.37919577,54033.0,124.89592006661115,1.1904761904761905,83,79,1,0,78,71,67554,5,0,0,5,8
2020-07-07,US,West Virginia,Jackson,145,18,0,38.84263974,-81.68148753,54035.0,507.4188129899217,12.413793103448276,127,145,18,0,127,144,28706,0,0,0,0,1
2020-07-07,US,West Virginia,Jefferson,249,4,0,39.30776166,-77.86014147,54037.0,435.7260350680712,1.606425702811245,245,245,4,0,241,242,56811,4,0,0,4,3
2020-07-07,US,West Virginia,Kanawha,360,20,0,38.33860077,-81.52857054,54039.0,202.10639779030342,5.5555555555555545,340,355,20,0,335,343,180454,5,0,0,5,12
2020-07-07,US,West Virginia,Lewis,20,2,0,38.9947249,-80.49988181,54041.0,125.73081033507259,10.0,18,20,2,0,18,20,16024,0,0,0,0,0
2020-07-07,US,West Virginia,Lincoln,9,0,0,38.172154,-82.07017953,54043.0,44.098191974129065,0.0,9,9,0,0,9,8,20599,0,0,0,0,1
2020-07-07,US,West Virginia,Logan,28,1,0,37.8299889,-81.93528571,54045.0,87.44807770386333,3.571428571428572,27,26,1,0,25,26,32607,2,0,0,2,0
2020-07-07,US,West Virginia,Marion,90,2,0,39.50984542,-80.24244659,54049.0,160.5079183906406,2.2222222222222223,88,88,2,0,86,71,56097,2,0,0,2,17
2020-07-07,US,West Virginia,Marshall,45,0,0,39.86064362,-80.66591062,54051.0,147.3911761815859,0.0,45,44,0,0,44,42,30785,1,0,0,1,2
2020-07-07,US,West Virginia,Mason,21,0,0,38.77071799,-82.02524219,54053.0,79.19746568109821,0.0,21,21,0,0,21,21,26718,0,0,0,0,0
2020-07-07,US,West Virginia,McDowell,6,0,0,37.38002939,-81.65083669,54047.0,34.04448479346346,0.0,6,6,0,0,6,6,18223,0,0,0,0,0
2020-07-07,US,West Virginia,Mercer,57,0,0,37.40481169,-81.11023142,54055.0,97.00806698662308,0.0,57,57,0,0,57,50,59131,0,0,0,0,7
2020-07-07,US,West Virginia,Mineral,58,3,0,39.41561583,-78.94104895,54057.0,215.8701801399434,5.172413793103448,55,58,3,0,55,58,26940,0,0,0,0,0
2020-07-07,US,West Virginia,Mingo,22,2,0,37.73048351,-82.13338365,54059.0,93.9207650273224,9.090909090909092,20,23,2,0,21,23,23785,-1,0,0,-1,0
2020-07-07,US,West Virginia,Monongalia,309,5,0,39.63218457,-80.04766838,54061.0,292.58038859220545,1.6181229773462784,304,299,5,0,294,240,106420,10,0,0,10,59
2020-07-07,US,West Virginia,Monroe,15,0,0,37.56274716,-80.54577965,54063.0,112.99435028248587,0.0,15,16,0,0,16,16,13280,-1,0,0,-1,0
2020-07-07,US,West Virginia,Morgan,20,0,0,39.55439028,-78.26311676,54065.0,111.83180496533214,0.0,20,20,0,0,20,20,17787,0,0,0,0,0
2020-07-07,US,West Virginia,Nicholas,15,1,0,38.29617706,-80.79759588,54067.0,61.234487263226654,6.666666666666668,14,15,1,0,14,14,24842,0,0,0,0,1
2020-07-07,US,West Virginia,Ohio,110,1,0,40.0955451,-80.62203992,54069.0,265.62990509767934,0.9090909090909092,109,110,1,0,109,108,41755,0,0,0,0,2
2020-07-07,US,West Virginia,Pendleton,14,1,0,38.68314479,-79.35084086,54071.0,200.8896541828096,7.142857142857142,13,14,1,0,13,13,6997,0,0,0,0,1
2020-07-07,US,West Virginia,Pleasants,5,0,0,39.37091679,-81.16771771,54073.0,67.02412868632706,0.0,5,5,0,0,5,5,7507,0,0,0,0,0
2020-07-07,US,West Virginia,Pocahontas,37,0,0,38.32758728,-80.00993811,54075.0,448.64799320965204,0.0,37,31,0,0,31,31,8414,6,0,0,6,0
2020-07-07,US,West Virginia,Preston,89,2,0,39.46770987,-79.66712803,54077.0,266.21201244316825,2.247191011235955,87,89,2,0,87,86,33839,0,0,0,0,3
2020-07-07,US,West Virginia,Putnam,70,0,0,38.50782345,-81.9082131,54079.0,124.00354295837023,0.0,70,69,0,0,69,64,56682,1,0,0,1,5
2020-07-07,US,West Virginia,Raleigh,65,0,0,37.76936795,-81.2456041,54081.0,88.6029361649923,0.0,65,63,0,0,63,61,74254,2,0,0,2,2
2020-07-07,US,West Virginia,Randolph,171,0,0,38.769899,-79.87919615,54083.0,595.9226346053321,0.0,171,171,0,0,171,171,28823,0,0,0,0,0
2020-07-07,US,West Virginia,Ritchie,2,0,0,39.18094587,-81.06356878,54085.0,20.933640360058615,0.0,2,2,0,0,2,2,9721,0,0,0,0,0
2020-07-07,US,West Virginia,Roane,11,1,0,38.71622686,-81.35243568,54087.0,80.3623611922852,9.090909090909092,10,11,1,0,10,11,13932,0,0,0,0,0
2020-07-07,US,West Virginia,Summers,2,0,0,37.65390597,-80.86009693,54089.0,15.90710252127575,0.0,2,2,0,0,2,2,12760,0,0,0,0,0
2020-07-07,US,West Virginia,Taylor,18,0,0,39.33602617,-80.0421439,54091.0,107.81671159029648,0.0,18,17,0,0,17,17,16862,1,0,0,1,0
2020-07-07,US,West Virginia,Tucker,6,0,0,39.11240885,-79.57053576,54093.0,87.73212457961691,0.0,6,6,0,0,6,6,6955,0,0,0,0,0
2020-07-07,US,West Virginia,Tyler,5,0,0,39.46811972,-80.88772676,54095.0,58.200442323361656,0.0,5,5,0,0,5,5,8746,0,0,0,0,0
2020-07-07,US,West Virginia,Upshur,22,0,0,38.89285061,-80.23689136,54097.0,90.99933818663138,0.0,22,21,0,0,21,21,24415,1,0,0,1,0
2020-07-07,US,West Virginia,Wayne,120,9,0,38.14901357,-82.42287994,54099.0,304.5530683721638,7.5,111,120,9,0,111,117,39944,0,0,0,0,3
2020-07-07,US,West Virginia,Webster,1,0,0,38.49370949,-80.4202023,54101.0,12.324377618930244,0.0,1,1,0,0,1,,8285,0,0,0,0,
2020-07-07,US,West Virginia,Wetzel,18,0,0,39.6065771,-80.64016540000001,54103.0,119.48224361101893,0.0,18,18,0,0,18,14,15270,0,0,0,0,4
2020-07-07,US,West Virginia,Wirt,5,0,0,39.02775007,-81.37473928,54105.0,85.89589417625837,0.0,5,5,0,0,5,4,5830,0,0,0,0,1
2020-07-07,US,West Virginia,Wood,136,2,0,39.20967886,-81.5162836,54107.0,162.83914844704137,1.4705882352941178,134,132,2,0,130,124,84203,4,0,0,4,8
2020-07-07,US,West Virginia,Wyoming,7,0,0,37.612327,-81.54511071,54109.0,34.32382073158772,0.0,7,7,0,0,7,7,20786,0,0,0,0,0
2020-07-07,US,Wisconsin,Adams,33,2,0,43.96974651,-89.76782777,55001.0,163.20474777448072,6.0606060606060606,31,33,2,0,31,32,20348,0,0,0,0,1
2020-07-07,US,Wisconsin,Ashland,3,0,0,46.31956891,-90.67837132,55003.0,19.27772779848349,0.0,3,3,0,0,3,3,15600,0,0,0,0,0
2020-07-07,US,Wisconsin,Barron,36,1,0,45.42372701,-91.84833627,55005.0,79.56856157722571,2.7777777777777777,35,36,1,0,35,36,45164,0,0,0,0,0
2020-07-07,US,Wisconsin,Bayfield,4,1,0,46.52868768,-91.19716729,55007.0,26.60281989890929,25.0,3,3,1,0,2,3,15042,1,0,0,1,0
2020-07-07,US,Wisconsin,Brown,3072,42,0,44.452655299999996,-88.00411844,55009.0,1161.2522775211498,1.3671875,3030,3049,42,0,3007,3018,263378,23,0,0,23,31
2020-07-07,US,Wisconsin,Buffalo,9,2,0,44.37835084,-91.75332578,55011.0,69.0660732100376,22.222222222222218,7,8,2,0,6,8,13125,1,0,0,1,0
2020-07-07,US,Wisconsin,Burnett,5,1,0,45.86303537,-92.36711412,55013.0,32.4380433372259,20.0,4,4,1,0,3,4,15392,1,0,0,1,0
2020-07-07,US,Wisconsin,Calumet,125,2,0,44.0816316,-88.21780273,55015.0,249.55579069256729,1.6,123,119,2,0,117,118,50159,6,0,0,6,1
2020-07-07,US,Wisconsin,Chippewa,118,0,0,45.06939744,-91.28068855,55017.0,182.49868539082559,0.0,118,105,0,0,105,102,64135,13,0,0,13,3
2020-07-07,US,Wisconsin,Clark,87,7,0,44.73483377,-90.61207486,55019.0,250.18692126301258,8.045977011494253,80,87,7,0,80,87,34709,0,0,0,0,0
2020-07-07,US,Wisconsin,Columbia,104,1,0,43.46492199,-89.33589004,55021.0,180.76896335952165,0.9615384615384616,103,101,1,0,100,101,57358,3,0,0,3,0
2020-07-07,US,Wisconsin,Crawford,41,0,0,43.23870316,-90.93073686,55023.0,254.1689913830513,0.0,41,41,0,0,41,41,16291,0,0,0,0,0
2020-07-07,US,Wisconsin,Dane,2510,32,0,43.06601594,-89.41733797,55025.0,459.1225454778258,1.2749003984063745,2478,2457,32,0,2425,2386,542364,53,0,0,53,71
2020-07-07,US,Wisconsin,Dodge,487,5,0,43.41576662,-88.70928178,55027.0,554.4234337822609,1.026694045174538,482,484,5,0,479,483,87847,3,0,0,3,1
2020-07-07,US,Wisconsin,Door,49,3,0,44.95856458,-87.30002707,55029.0,177.09989880005784,6.1224489795918355,46,45,3,0,42,45,27610,4,0,0,4,0
2020-07-07,US,Wisconsin,Douglas,46,0,0,46.43222285,-91.91595768,55031.0,106.60486674391657,0.0,46,41,0,0,41,41,43208,5,0,0,5,0
2020-07-07,US,Wisconsin,Dunn,47,0,0,44.94562799,-91.8962481,55033.0,103.59724916240522,0.0,47,46,0,0,46,43,45131,1,0,0,1,3
2020-07-07,US,Wisconsin,Eau Claire,300,1,0,44.726614,-91.28609183,55035.0,286.68080958660624,0.3333333333333333,299,290,1,0,289,284,104534,10,0,0,10,6
2020-07-07,US,Wisconsin,Florence,4,0,0,45.84963535,-88.39804137,55037.0,93.13154831199068,0.0,4,4,0,0,4,4,4321,0,0,0,0,0
2020-07-07,US,Wisconsin,Fond du Lac,339,6,0,43.75354908,-88.48885325,55039.0,327.84348616577853,1.7699115044247788,333,329,6,0,323,320,103066,10,0,0,10,9
2020-07-07,US,Wisconsin,Forest,40,3,0,45.66678019,-88.77084892,55041.0,444.24700133274087,7.5,37,39,3,0,36,39,8991,1,0,0,1,0
2020-07-07,US,Wisconsin,Grant,178,13,0,42.8671731,-90.7063218,55043.0,346.0409416979335,7.303370786516854,165,177,13,0,164,175,51554,1,0,0,1,2
2020-07-07,US,Wisconsin,Green,100,1,0,42.6794956,-89.60243287,55045.0,270.56277056277054,1.0,99,100,1,0,99,96,36929,0,0,0,0,4
2020-07-07,US,Wisconsin,Green Lake,40,0,0,43.80025981,-89.04679553,55047.0,211.49473906836567,0.0,40,40,0,0,40,37,18918,0,0,0,0,3
2020-07-07,US,Wisconsin,Iowa,38,0,0,43.00050278,-90.13469017,55049.0,160.48652757834273,0.0,38,37,0,0,37,37,23771,1,0,0,1,0
2020-07-07,US,Wisconsin,Iron,8,1,0,46.26302338,-90.24295041,55051.0,140.6717074028486,12.5,7,8,1,0,7,8,5676,0,0,0,0,0
2020-07-07,US,Wisconsin,Jackson,31,1,0,44.31864893,-90.80566792,55053.0,150.17197112822745,3.2258064516129035,30,27,1,0,26,27,20478,4,0,0,4,0
2020-07-07,US,Wisconsin,Jefferson,292,4,0,43.02054068,-88.77529134,55055.0,344.46554754686264,1.3698630136986298,288,291,4,0,287,285,85129,1,0,0,1,6
2020-07-07,US,Wisconsin,Juneau,43,1,0,43.92456975,-90.11120239,55057.0,161.1271405553266,2.3255813953488373,42,43,1,0,42,43,26617,0,0,0,0,0
2020-07-07,US,Wisconsin,Kenosha,1610,44,0,42.57639354,-88.04051686,55059.0,949.5107955249144,2.732919254658385,1566,1592,44,0,1548,1586,169290,18,0,0,18,6
2020-07-07,US,Wisconsin,Kewaunee,64,1,0,44.51727459,-87.61468386,55061.0,313.2034843887638,1.5625,63,64,1,0,63,63,20383,0,0,0,0,1
2020-07-07,US,Wisconsin,La Crosse,524,0,0,43.90632465,-91.11451093,55063.0,444.0075921908893,0.0,524,519,0,0,519,515,118230,5,0,0,5,4
2020-07-07,US,Wisconsin,Lafayette,76,0,0,42.66005229,-90.1317729,55065.0,456.04560456045607,0.0,76,76,0,0,76,76,16665,0,0,0,0,0
2020-07-07,US,Wisconsin,Langlade,11,0,0,45.26271619,-89.07483625,55067.0,57.32450883318568,0.0,11,11,0,0,11,11,19268,0,0,0,0,0
2020-07-07,US,Wisconsin,Lincoln,17,0,0,45.33737523,-89.73411273,55069.0,61.609828579712236,0.0,17,15,0,0,15,15,27689,2,0,0,2,0
2020-07-07,US,Wisconsin,Manitowoc,122,1,0,44.11946801,-87.80928853,55071.0,154.46753016548288,0.819672131147541,121,116,1,0,115,114,79074,6,0,0,6,2
2020-07-07,US,Wisconsin,Marathon,226,1,0,44.89792533,-89.75863384,55073.0,166.5536656545706,0.4424778761061947,225,225,1,0,224,210,135428,1,0,0,1,15
2020-07-07,US,Wisconsin,Marinette,71,3,0,45.38553432,-88.03324599999998,55075.0,175.96034696406448,4.225352112676056,68,68,3,0,65,65,40434,3,0,0,3,3
2020-07-07,US,Wisconsin,Marquette,31,1,0,43.81911946,-89.40073763,55077.0,199.0496982149737,3.2258064516129035,30,24,1,0,23,24,15434,7,0,0,7,0
2020-07-07,US,Wisconsin,Menominee,7,0,0,45.00422544,-88.70950714,55078.0,153.64354697102718,0.0,7,7,0,0,7,7,4658,0,0,0,0,0
2020-07-07,US,Wisconsin,Milwaukee,12539,398,0,43.00486062,-87.96733172,55079.0,1325.859709894832,3.1740968179280644,12141,12396,391,0,12005,12233,948201,143,7,0,136,163
2020-07-07,US,Wisconsin,Monroe,90,1,0,43.94641218,-90.61881899999999,55081.0,194.5819730612069,1.1111111111111112,89,88,1,0,87,81,46051,2,0,0,2,7
2020-07-07,US,Wisconsin,Oconto,69,0,0,45.02715345,-88.26807503,55083.0,181.9140522014237,0.0,69,67,0,0,67,65,37830,2,0,0,2,2
2020-07-07,US,Wisconsin,Oneida,21,0,0,45.70677897,-89.51944105,55085.0,58.997050147492615,0.0,21,20,0,0,20,20,35470,1,0,0,1,0
2020-07-07,US,Wisconsin,Outagamie,577,9,0,44.41578887,-88.46565023,55087.0,307.10274902200814,1.5597920277296362,568,552,9,0,543,540,187365,25,0,0,25,12
2020-07-07,US,Wisconsin,Ozaukee,273,15,0,43.38352225,-87.94625009,55089.0,305.9817755909483,5.494505494505495,258,263,15,0,248,260,89147,10,0,0,10,3
2020-07-07,US,Wisconsin,Pepin,1,0,0,44.58307413,-91.99949611,55091.0,13.723068478111706,0.0,1,1,0,0,1,1,7289,0,0,0,0,0
2020-07-07,US,Wisconsin,Pierce,77,0,0,44.71850291,-92.4224416,55093.0,180.1001075922721,0.0,77,76,0,0,76,75,42555,1,0,0,1,1
2020-07-07,US,Wisconsin,Polk,61,2,0,45.46130348,-92.44182875,55095.0,139.32348171664802,3.278688524590164,59,60,1,0,59,60,43598,1,1,0,0,0
2020-07-07,US,Wisconsin,Portage,200,0,0,44.47558711,-89.50152965,55097.0,282.5976374837506,0.0,200,196,0,0,196,192,70942,4,0,0,4,4
2020-07-07,US,Wisconsin,Price,2,0,0,45.68051754,-90.36098879999999,55099.0,14.980151299528124,0.0,2,2,0,0,2,2,13397,0,0,0,0,0
2020-07-07,US,Wisconsin,Racine,2253,65,0,42.74753117,-88.05941254,55101.0,1147.6687500955118,2.885042166000888,2188,2218,65,0,2153,2217,196584,35,0,0,35,1
2020-07-07,US,Wisconsin,Richland,15,4,0,43.3762778,-90.43012729,55103.0,86.94644099234871,26.66666666666667,11,15,4,0,11,15,17377,0,0,0,0,0
2020-07-07,US,Wisconsin,Rock,947,24,0,42.67151616,-89.07147900000002,55105.0,579.7225657161748,2.5343189017951424,923,940,24,0,916,899,163129,7,0,0,7,41
2020-07-07,US,Wisconsin,Rusk,11,1,0,45.47498854,-91.1333012,55107.0,77.58499083086474,9.090909090909092,10,11,0,0,11,11,14147,0,1,0,-1,0
2020-07-07,US,Wisconsin,Sauk,123,3,0,43.42574087,-89.94966132,55111.0,190.8693088358524,2.4390243902439024,120,123,3,0,120,123,64249,0,0,0,0,0
2020-07-07,US,Wisconsin,Sawyer,13,0,0,45.87931905,-91.14504927,55113.0,78.51189757217054,0.0,13,12,0,0,12,12,16489,1,0,0,1,0
2020-07-07,US,Wisconsin,Shawano,86,0,0,44.78902246,-88.76443896,55115.0,210.27408983104718,0.0,86,86,0,0,86,86,40796,0,0,0,0,0
2020-07-07,US,Wisconsin,Sheboygan,245,4,0,43.72099677,-87.94579284,55117.0,212.4154673140281,1.6326530612244898,241,236,4,0,232,229,115456,9,0,0,9,7
2020-07-07,US,Wisconsin,St. Croix,231,1,0,45.03437474,-92.45000068,55109.0,254.722286546032,0.4329004329004329,230,218,1,0,217,205,89694,13,0,0,13,13
2020-07-07,US,Wisconsin,Taylor,16,0,0,45.21179252,-90.5004405,55119.0,78.65113306788577,0.0,16,15,0,0,15,15,20412,1,0,0,1,0
2020-07-07,US,Wisconsin,Trempealeau,140,0,0,44.30360275,-91.35893614,55121.0,472.1913049343991,0.0,140,137,0,0,137,131,29442,3,0,0,3,6
2020-07-07,US,Wisconsin,Vernon,38,0,0,43.59422667,-90.8324691,55123.0,123.28856011939524,0.0,38,38,0,0,38,38,30785,0,0,0,0,0
2020-07-07,US,Wisconsin,Vilas,14,0,0,46.05467334,-89.51719204,55125.0,63.077269655327775,0.0,14,11,0,0,11,10,21938,3,0,0,3,1
2020-07-07,US,Wisconsin,Walworth,701,18,0,42.66858202,-88.54163073,55127.0,674.8950591134902,2.5677603423680457,683,691,18,0,673,689,103718,10,0,0,10,2
2020-07-07,US,Wisconsin,Washburn,5,0,0,45.89838588,-91.79050449,55129.0,31.806615776081422,0.0,5,4,0,0,4,4,15878,1,0,0,1,0
2020-07-07,US,Wisconsin,Washington,443,16,0,43.36863664,-88.22974712,55131.0,325.6538806474852,3.611738148984199,427,436,16,0,420,430,135693,7,0,0,7,6
2020-07-07,US,Wisconsin,Waukesha,1429,39,0,43.01833055,-88.30431188,55133.0,353.53960187828727,2.7291812456263123,1390,1412,39,0,1373,1379,403072,17,0,0,17,33
2020-07-07,US,Wisconsin,Waupaca,145,10,0,44.47068056,-88.96534501,55135.0,284.3694842125907,6.896551724137932,135,139,10,0,129,135,51128,6,0,0,6,4
2020-07-07,US,Wisconsin,Waushara,34,0,0,44.11324419,-89.24317107,55137.0,139.09912858487093,0.0,34,33,0,0,33,33,24263,1,0,0,1,0
2020-07-07,US,Wisconsin,Winnebago,723,13,0,44.06886922,-88.64477096,55139.0,420.5762418051621,1.798063623789765,710,715,13,0,702,711,171020,8,0,0,8,4
2020-07-07,US,Wisconsin,Wood,86,1,0,44.45537896,-90.04158336,55141.0,117.80983301141113,1.162790697674419,85,86,1,0,85,84,73055,0,0,0,0,2
2020-07-07,US,Wyoming,Albany,43,0,0,41.65498705,-105.72354150000001,56001.0,110.59670781893006,0.0,43,38,0,0,38,37,38601,5,0,0,5,1
2020-07-07,US,Wyoming,Big Horn,24,0,0,44.52405055,-107.9960365,56003.0,203.56234096692108,0.0,24,23,0,0,23,23,11881,1,0,0,1,0
2020-07-07,US,Wyoming,Campbell,75,0,0,44.24886082,-105.54744040000001,56005.0,161.8437237003949,0.0,75,74,0,0,74,70,46140,1,0,0,1,4
2020-07-07,US,Wyoming,Carbon,27,0,0,41.69357844,-106.9326084,56007.0,182.4324324324324,0.0,27,26,0,0,26,26,14971,1,0,0,1,0
2020-07-07,US,Wyoming,Converse,27,0,0,42.97272268,-105.5081848,56009.0,195.340761105484,0.0,27,27,0,0,27,26,13640,0,0,0,0,1
2020-07-07,US,Wyoming,Crook,7,0,0,44.58855102,-104.56977049999999,56011.0,92.2995780590717,0.0,7,7,0,0,7,7,7450,0,0,0,0,0
2020-07-07,US,Wyoming,Fremont,370,0,0,43.04183996,-108.6296893,56013.0,942.4110440386132,0.0,370,370,0,0,370,370,39531,0,0,0,0,0
2020-07-07,US,Wyoming,Goshen,8,0,0,42.08798185,-104.3534743,56015.0,60.555597608053894,0.0,8,8,0,0,8,8,13376,0,0,0,0,0
2020-07-07,US,Wyoming,Hot Springs,12,0,0,43.71930657,-108.44231740000001,56017.0,271.92386131883075,0.0,12,12,0,0,12,12,4555,0,0,0,0,0
2020-07-07,US,Wyoming,Johnson,20,1,0,44.04057166,-106.58451740000001,56019.0,236.82652457075199,5.0,19,20,1,0,19,20,8460,0,0,0,0,0
2020-07-07,US,Wyoming,Laramie,298,0,0,41.30702520000001,-104.6887497,56021.0,299.49748743718595,0.0,298,292,0,0,292,288,98976,6,0,0,6,4
2020-07-07,US,Wyoming,Lincoln,37,0,0,42.26376367,-110.6563997,56023.0,186.58598083711547,0.0,37,36,0,0,36,35,19434,1,0,0,1,1
2020-07-07,US,Wyoming,Natrona,153,0,0,42.96180148,-106.79788500000001,56025.0,191.5900723784717,0.0,153,149,0,0,149,140,79115,4,0,0,4,9
2020-07-07,US,Wyoming,Niobrara,2,0,0,43.05607708,-104.47588959999999,56027.0,84.88964346349746,0.0,2,2,0,0,2,2,2388,0,0,0,0,0
2020-07-07,US,Wyoming,Park,70,0,0,44.52157546,-109.58528249999999,56029.0,239.775296293759,0.0,70,66,0,0,66,62,29324,4,0,0,4,4
2020-07-07,US,Wyoming,Platte,4,0,0,42.13299116,-104.96633100000001,56031.0,47.658763255093525,0.0,4,4,0,0,4,4,8566,0,0,0,0,0
2020-07-07,US,Wyoming,Sheridan,27,0,0,44.79048913,-106.8862389,56033.0,88.56814826964079,0.0,27,27,0,0,27,27,30233,0,0,0,0,0
2020-07-07,US,Wyoming,Sublette,6,0,0,42.76558279,-109.91309220000001,56035.0,61.03143118706135,0.0,6,6,0,0,6,6,9813,0,0,0,0,0
2020-07-07,US,Wyoming,Sweetwater,122,0,0,41.65943896,-108.8827882,56037.0,288.123184469688,0.0,122,113,0,0,113,106,43051,9,0,0,9,7
2020-07-07,US,Wyoming,Teton,146,0,0,43.93522482,-110.5890801,56039.0,622.2297988407773,0.0,146,145,0,0,145,140,23081,1,0,0,1,5
2020-07-07,US,Wyoming,Uinta,190,0,0,41.2878183,-110.54757820000002,56041.0,939.3849500642737,0.0,190,190,0,0,190,184,20299,0,0,0,0,6
2020-07-07,US,Wyoming,Unassigned,0,20,0,0.0,0.0,90056.0,0.0,0.0,-20,0,19,0,-19,0,,0,1,0,-1,0
2020-07-07,US,Wyoming,Washakie,40,0,0,43.90451606,-107.68018700000002,56043.0,512.4919923126201,0.0,40,39,0,0,39,39,7885,1,0,0,1,0
2020-07-07,US,Wyoming,Weston,1,0,0,43.83961191,-104.56748809999999,56045.0,14.436263894903998,0.0,1,1,0,0,1,2,6967,0,0,0,0,-1
