Date,Country/Region,Province/State,Admin2,Confirmed,Deaths,Recovered,Latitude,Longitude,FIPS,Incidence_Rate,Case-Fatality_Ratio,Active Cases,Previous Confirmed,Previous Deaths,Previous Recovered,Previous Active,Prev2 Confirmed,Population,Daily Confirmed,Daily Deaths,Daily Recovered,Daily Active,Previous Daily Confirmed
2020-10-07,US,Alabama,Autauga,1852,27,0,32.53952745,-86.64408227,1001.0,3314.897349156061,1.4578833693304536,1825,1839,27,0,1812,1831,55601,13,0,0,13,8
2020-10-07,US,Alabama,Baldwin,6134,56,0,30.72774991,-87.72207058,1003.0,2747.789315247677,0.91294424519074,6078,6116,55,0,6061,6085,218022,18,1,0,17,31
2020-10-07,US,Alabama,Barbour,927,7,0,31.868263,-85.3871286,1005.0,3755.164870776959,0.7551240560949298,920,923,7,0,916,921,24881,4,0,0,4,2
2020-10-07,US,Alabama,Bibb,703,10,0,32.99642064,-87.12511459999996,1007.0,3139.233723318746,1.4224751066856332,693,691,10,0,681,687,22400,12,0,0,12,4
2020-10-07,US,Alabama,Blount,1673,16,0,33.98210918,-86.56790593,1009.0,2893.16224535676,0.9563658099222953,1657,1665,15,0,1650,1662,57840,8,1,0,7,3
2020-10-07,US,Alabama,Bullock,618,16,0,32.10030533,-85.71265535,1011.0,6118.206118206118,2.588996763754045,602,616,16,0,600,613,10138,2,0,0,2,3
2020-10-07,US,Alabama,Butler,933,40,0,31.75300095,-86.68057478,1013.0,4797.408473879063,4.287245444801715,893,928,40,0,888,927,19680,5,0,0,5,1
2020-10-07,US,Alabama,Calhoun,3743,45,0,33.77483727,-85.82630386,1015.0,3294.749350820827,1.2022441891530855,3698,3730,45,0,3685,3705,114277,13,0,0,13,25
2020-10-07,US,Alabama,Chambers,1211,43,0,32.91360079,-85.39072749,1017.0,3641.6671678595058,3.5507844756399667,1168,1210,42,0,1168,1208,33615,1,1,0,0,2
2020-10-07,US,Alabama,Cherokee,651,13,0,34.17805983,-85.60638968,1019.0,2485.1122308749427,1.996927803379416,638,644,13,0,631,642,26032,7,0,0,7,2
2020-10-07,US,Alabama,Chilton,1679,30,0,32.85044126,-86.7173256,1021.0,3779.1482848654,1.786777843954735,1649,1672,30,0,1642,1661,44153,7,0,0,7,11
2020-10-07,US,Alabama,Choctaw,368,12,0,32.02227341,-88.26564429999998,1023.0,2923.1869092064503,3.260869565217391,356,367,12,0,355,366,12841,1,0,0,1,1
2020-10-07,US,Alabama,Clarke,1166,16,0,31.68099859,-87.83548597,1025.0,4936.076538819744,1.37221269296741,1150,1158,16,0,1142,1158,23920,8,0,0,8,0
2020-10-07,US,Alabama,Clay,623,9,0,33.26984193,-85.85836077,1027.0,4707.2157159047965,1.4446227929373996,614,614,9,0,605,613,13275,9,0,0,9,1
2020-10-07,US,Alabama,Cleburne,448,6,0,33.67679204,-85.52005899,1029.0,3004.6948356807507,1.3392857142857142,442,436,6,0,430,428,14987,12,0,0,12,8
2020-10-07,US,Alabama,Coffee,1486,5,0,31.39932826,-85.98901039,1031.0,2839.020289633564,0.3364737550471063,1481,1482,5,0,1477,1472,51909,4,0,0,4,10
2020-10-07,US,Alabama,Colbert,1765,26,0,34.69847452,-87.80168544,1033.0,3195.090602994153,1.473087818696884,1739,1755,26,0,1729,1744,54762,10,0,0,10,11
2020-10-07,US,Alabama,Conecuh,540,12,0,31.43401703,-86.99320044,1035.0,4475.014502361812,2.2222222222222223,528,540,12,0,528,540,12277,0,0,0,0,0
2020-10-07,US,Alabama,Coosa,180,3,0,32.93690146,-86.24847739,1037.0,1688.0802775954237,1.6666666666666667,177,179,3,0,176,179,10715,1,0,0,1,0
2020-10-07,US,Alabama,Covington,1495,28,0,31.247785399999998,-86.45050893,1039.0,4035.196631488029,1.872909698996656,1467,1486,28,0,1458,1480,36986,9,0,0,9,6
2020-10-07,US,Alabama,Crenshaw,554,30,0,31.72941803,-86.31593104,1041.0,4022.6546616322976,5.415162454873647,524,550,30,0,520,547,13824,4,0,0,4,3
2020-10-07,US,Alabama,Cullman,1997,21,0,34.13020303,-86.86888037,1043.0,2383.965237322128,1.0515773660490737,1976,1978,20,0,1958,1971,83442,19,1,0,18,7
2020-10-07,US,Alabama,Dale,1526,48,0,31.43037123,-85.61095742,1045.0,3103.3921744082,3.145478374836173,1478,1521,45,0,1476,1513,48956,5,3,0,2,8
2020-10-07,US,Alabama,Dallas,1815,26,0,32.32688101,-87.10866709999998,1047.0,4879.556941606625,1.4325068870523416,1789,1809,26,0,1783,1808,38310,6,0,0,6,1
2020-10-07,US,Alabama,DeKalb,2700,21,0,34.45946862,-85.80782906,1049.0,3775.5373148937956,0.7777777777777778,2679,2649,21,0,2628,2623,71385,51,0,0,51,26
2020-10-07,US,Alabama,Elmore,2874,50,0,32.59785413,-86.14415284,1051.0,3539.016611459321,1.7397355601948503,2824,2844,50,0,2794,2835,81887,30,0,0,30,9
2020-10-07,US,Alabama,Escambia,1662,27,0,31.1256789,-87.15918694,1053.0,4536.892965359102,1.624548736462094,1635,1653,26,0,1627,1652,36748,9,1,0,8,1
2020-10-07,US,Alabama,Etowah,3726,45,0,34.04567266,-86.04051873,1055.0,3643.368404584033,1.207729468599034,3681,3699,45,0,3654,3691,102501,27,0,0,27,8
2020-10-07,US,Alabama,Fayette,490,10,0,33.72076938,-87.73886638,1057.0,3005.7661636609005,2.0408163265306123,480,490,10,0,480,485,16433,0,0,0,0,5
2020-10-07,US,Alabama,Franklin,1868,30,0,34.44235334,-87.84289505,1059.0,5956.252790000638,1.6059957173447537,1838,1856,30,0,1826,1850,31363,12,0,0,12,6
2020-10-07,US,Alabama,Geneva,763,6,0,31.09389027,-85.83572839,1061.0,2904.3431921129772,0.7863695937090432,757,744,6,0,738,739,26314,19,0,0,19,5
2020-10-07,US,Alabama,Greene,311,15,0,32.85504247,-87.95684022,1063.0,3834.299099987671,4.823151125401928,296,310,15,0,295,310,8233,1,0,0,1,0
2020-10-07,US,Alabama,Hale,679,28,0,32.76039258,-87.63284988,1065.0,4634.4959388437655,4.123711340206185,651,676,28,0,648,669,14726,3,0,0,3,7
2020-10-07,US,Alabama,Henry,574,5,0,31.51148016,-85.24267944,1067.0,3336.2394652717235,0.8710801393728222,569,570,5,0,565,570,17209,4,0,0,4,0
2020-10-07,US,Alabama,Houston,3412,25,0,31.15197924,-85.29939599,1069.0,3222.455185961731,0.7327080890973037,3387,3384,23,0,3361,3368,104722,28,2,0,26,16
2020-10-07,US,Alabama,Jackson,1735,12,0,34.78144169,-85.99750489,1071.0,3360.709719908573,0.69164265129683,1723,1705,12,0,1693,1694,51736,30,0,0,30,11
2020-10-07,US,Alabama,Jefferson,20938,353,0,33.55554728,-86.89506300000002,1073.0,3179.298270654885,1.6859298882414748,20585,20842,353,0,20489,20731,659300,96,0,0,96,111
2020-10-07,US,Alabama,Lamar,402,2,0,33.77995024,-88.09668032,1075.0,2911.988409996379,0.4975124378109453,400,403,2,0,401,402,13844,-1,0,0,-1,1
2020-10-07,US,Alabama,Lauderdale,1862,37,0,34.90171875,-87.65624729,1077.0,2008.001811730958,1.9871106337271751,1825,1851,37,0,1814,1832,92387,11,0,0,11,19
2020-10-07,US,Alabama,Lawrence,685,26,0,34.52041498,-87.31069453,1079.0,2080.5491434819587,3.7956204379562037,659,676,26,0,650,662,32957,9,0,0,9,14
2020-10-07,US,Alabama,Lee,6218,63,0,32.60154883,-85.35132246,1081.0,3778.9743652076672,1.013187520102927,6155,6173,62,0,6111,6156,163941,45,1,0,44,17
2020-10-07,US,Alabama,Limestone,2368,22,0,34.81185586,-86.98310072,1083.0,2393.9746246777536,0.929054054054054,2346,2330,22,0,2308,2298,96174,38,0,0,38,32
2020-10-07,US,Alabama,Lowndes,669,27,0,32.1597283,-86.65158371,1085.0,6878.470080197409,4.035874439461884,642,666,27,0,639,662,9974,3,0,0,3,4
2020-10-07,US,Alabama,Macon,501,18,0,32.38759944,-85.69267724,1087.0,2772.858091653753,3.5928143712574854,483,496,18,0,478,492,18439,5,0,0,5,4
2020-10-07,US,Alabama,Madison,8332,80,0,34.76327133,-86.55069633,1089.0,2234.3252643406304,0.9601536245799328,8252,8316,79,0,8237,8276,366519,16,1,0,15,40
2020-10-07,US,Alabama,Marengo,754,20,0,32.24767634,-87.78796182,1091.0,3997.2432804962095,2.6525198938992043,734,751,20,0,731,748,19066,3,0,0,3,3
2020-10-07,US,Alabama,Marion,1009,29,0,34.13697363,-87.88704173,1093.0,3396.2772223905213,2.874132804757185,980,1006,29,0,977,1002,29763,3,0,0,3,4
2020-10-07,US,Alabama,Marshall,4064,45,0,34.36975964,-86.30486727,1095.0,4199.475065616798,1.1072834645669292,4019,4048,45,0,4003,4038,96109,16,0,0,16,10
2020-10-07,US,Alabama,Mobile,13811,307,0,30.78472347,-88.20842409,1097.0,3342.3682873115367,2.2228658315835204,13504,13778,300,0,13478,13744,413757,33,7,0,26,34
2020-10-07,US,Alabama,Monroe,598,9,0,31.56729412,-87.36995001,1099.0,2884.2907442241835,1.5050167224080269,589,598,9,0,589,597,21067,0,0,0,0,1
2020-10-07,US,Alabama,Montgomery,9083,188,0,32.2206831,-86.20969272,1101.0,4010.4024089789214,2.06980072663217,8895,9061,188,0,8873,9029,225763,22,0,0,22,32
2020-10-07,US,Alabama,Morgan,3536,31,0,34.45500589,-86.85475946,1103.0,2954.5701417959717,0.8766968325791855,3505,3503,31,0,3472,3481,119089,33,0,0,33,22
2020-10-07,US,Alabama,Perry,546,6,0,32.64048341,-87.29770589,1105.0,6119.0182673988575,1.0989010989010992,540,544,6,0,538,544,9140,2,0,0,2,0
2020-10-07,US,Alabama,Pickens,688,15,0,33.28094866,-88.08818103,1107.0,3452.082288008028,2.1802325581395348,673,687,15,0,672,684,19938,1,0,0,1,3
2020-10-07,US,Alabama,Pike,1246,12,0,31.80396383,-85.9408295,1109.0,3762.758953916773,0.9630818619582664,1234,1245,12,0,1233,1242,33338,1,0,0,1,3
2020-10-07,US,Alabama,Randolph,716,13,0,33.29526734,-85.45708831,1111.0,3151.131062406478,1.8156424581005584,703,709,13,0,696,706,22725,7,0,0,7,3
2020-10-07,US,Alabama,Russell,1834,3,0,32.28725256,-85.18415324,1113.0,3164.196614965236,0.16357688113413305,1831,1823,3,0,1820,1822,57781,11,0,0,11,1
2020-10-07,US,Alabama,Shelby,6485,56,0,33.26879845,-86.66232561,1117.0,2978.8426381016247,0.8635312259059368,6429,6448,54,0,6394,6407,215707,37,2,0,35,41
2020-10-07,US,Alabama,St. Clair,2510,38,0,33.71902176,-86.31029372,1115.0,2804.0933059254626,1.5139442231075697,2472,2491,38,0,2453,2474,88690,19,0,0,19,17
2020-10-07,US,Alabama,Sumter,443,21,0,32.59117397,-88.19916205,1119.0,3564.8185402752074,4.7404063205417595,422,441,21,0,420,438,12691,2,0,0,2,3
2020-10-07,US,Alabama,Talladega,2291,31,0,33.37823223,-86.16886178,1121.0,2864.537747880667,1.3531209079004802,2260,2266,31,0,2235,2257,79828,25,0,0,25,9
2020-10-07,US,Alabama,Tallapoosa,1209,85,0,32.86698258,-85.79833053,1123.0,2995.020685213169,7.0306038047973525,1124,1201,85,0,1116,1197,40497,8,0,0,8,4
2020-10-07,US,Alabama,Tuscaloosa,9352,121,0,33.28726072,-87.52556818,1125.0,4467.053569296171,1.2938408896492728,9231,9291,121,0,9170,9219,208911,61,0,0,61,72
2020-10-07,US,Alabama,Walker,2472,89,0,33.80270512,-87.30027177,1127.0,3891.626391272178,3.6003236245954686,2383,2448,89,0,2359,2436,63711,24,0,0,24,12
2020-10-07,US,Alabama,Washington,587,12,0,31.4092794,-88.20689944,1129.0,3595.491853485238,2.044293015332197,575,584,12,0,572,582,16378,3,0,0,3,2
2020-10-07,US,Alabama,Wilcox,540,11,0,31.98773215,-87.30891118,1131.0,5205.822809216234,2.0370370370370368,529,539,11,0,528,538,10627,1,0,0,1,1
2020-10-07,US,Alabama,Winston,788,12,0,34.15030532,-87.37325922,1133.0,3334.885098819248,1.5228426395939083,776,773,12,0,761,770,23660,15,0,0,15,3
2020-10-07,US,Alaska,Aleutians East,5,0,0,55.32222414,-161.9722021,2013.0,149.8351813005694,0.0,5,5,0,0,5,5,3515,0,0,0,0,0
2020-10-07,US,Alaska,Aleutians West,5,0,0,52.3233,-174.1596,2016.0,88.74689385871494,0.0,5,8,0,0,8,8,5723,-3,0,0,-3,0
2020-10-07,US,Alaska,Anchorage,4998,37,0,61.14998174,-149.14269860000005,2020.0,1735.416666666667,0.740296118447379,4961,4929,36,0,4893,4862,291538,69,1,0,68,67
2020-10-07,US,Alaska,Bethel,138,1,0,60.90980451,-159.8561831,2050.0,750.5710866963992,0.7246376811594203,137,137,1,0,136,122,18216,1,0,0,1,15
2020-10-07,US,Alaska,Bristol Bay,10,0,0,58.74513976,-156.701064,2060.0,1196.1722488038274,0.0,10,10,0,0,10,10,877,0,0,0,0,0
2020-10-07,US,Alaska,Denali,11,0,0,63.67264044,-150.0076108,2068.0,524.5588936576062,0.0,11,10,0,0,10,10,2059,1,0,0,1,0
2020-10-07,US,Alaska,Dillingham,10,0,0,59.79603738,-158.23819419999995,2070.0,203.41741253051262,0.0,10,10,0,0,10,9,5000,0,0,0,0,1
2020-10-07,US,Alaska,Fairbanks North Star,1389,11,0,64.80726247,-146.5692662,2090.0,1434.1913700709354,0.7919366450683946,1378,1356,11,0,1345,1333,98971,33,0,0,33,23
2020-10-07,US,Alaska,Haines,5,0,0,59.09893571,-135.4679843,2100.0,197.6284584980237,0.0,5,5,0,0,5,5,2474,0,0,0,0,0
2020-10-07,US,Alaska,Juneau,306,2,0,58.45031811,-134.200436,2110.0,957.0275849127416,0.6535947712418301,304,304,2,0,302,302,32113,2,0,0,2,2
2020-10-07,US,Alaska,Kenai Peninsula,475,3,0,60.24429722,-151.53888840000005,2122.0,809.0890508959596,0.631578947368421,472,472,3,0,469,468,58533,3,0,0,3,4
2020-10-07,US,Alaska,Ketchikan Gateway,50,0,0,55.57445008,-130.975561,2130.0,359.68635349974824,0.0,50,50,0,0,50,50,13918,0,0,0,0,0
2020-10-07,US,Alaska,Kodiak Island,37,0,0,57.65529415,-153.7493579,2150.0,284.6591783351285,0.0,37,36,0,0,36,31,13345,1,0,0,1,5
2020-10-07,US,Alaska,Kusilvak,15,0,0,62.15429159999999,-163.39678830000003,2158.0,180.418571084917,0.0,15,15,0,0,15,15,8303,0,0,0,0,0
2020-10-07,US,Alaska,Matanuska-Susitna,685,2,0,62.31305045,-149.5741743,2170.0,632.4030392274527,0.291970802919708,683,683,2,0,681,671,107610,2,0,0,2,12
2020-10-07,US,Alaska,Nome,96,0,0,64.90320724,-164.0353804,2180.0,959.6161535385844,0.0,96,84,0,0,84,83,10008,12,0,0,12,1
2020-10-07,US,Alaska,North Slope,150,0,0,69.31479216,-153.4836093,2185.0,1525.6305939788447,0.0,150,150,0,0,150,147,9872,0,0,0,0,3
2020-10-07,US,Alaska,Northwest Arctic,143,0,0,67.04919196,-159.7503946,2188.0,1876.3941739929144,0.0,143,139,0,0,139,133,7671,4,0,0,4,6
2020-10-07,US,Alaska,Petersburg,8,1,0,57.13978948,-132.9540995,2195.0,244.94794856093085,12.5,7,8,1,0,7,8,3221,0,0,0,0,0
2020-10-07,US,Alaska,Prince of Wales-Hyder,31,0,0,55.76261984,-133.0511621,2198.0,499.7581815250685,0.0,31,31,0,0,31,31,6422,0,0,0,0,0
2020-10-07,US,Alaska,Sitka,54,0,0,57.24124555,-135.3206587,2220.0,635.8177322500883,0.0,54,54,0,0,54,54,8647,0,0,0,0,0
2020-10-07,US,Alaska,Southeast Fairbanks,34,0,0,63.87692095,-143.2127643,2240.0,493.254025823299,0.0,34,34,0,0,34,34,6918,0,0,0,0,0
2020-10-07,US,Alaska,Unassigned,21,0,0,0.0,0.0,90002.0,0.0,0.0,21,21,0,0,21,21,,0,0,0,0,0
2020-10-07,US,Alaska,Valdez-Cordova,80,0,0,61.47502768,-144.7126799,2261.0,869.376222560313,0.0,80,80,0,0,80,80,9164,0,0,0,0,0
2020-10-07,US,Alaska,Wrangell,13,0,0,56.3202004,-132.05837309999998,2275.0,519.5843325339728,0.0,13,13,0,0,13,13,2503,0,0,0,0,0
2020-10-07,US,Alaska,Yakutat,25,0,0,59.890980799999994,-140.36014509999998,2282.0,4317.789291882556,0.0,25,25,0,0,25,25,604,0,0,0,0,0
2020-10-07,US,Alaska,Yukon-Koyukuk,84,2,0,65.50815459,-151.39073869999999,2290.0,1606.1185468451242,2.380952380952381,82,83,2,0,81,83,5327,1,0,0,1,0
2020-10-07,US,Arizona,Apache,3642,165,0,35.39465006,-109.4892383,4001.0,5066.2845855300675,4.5304777594728165,3477,3622,165,0,3457,3581,71818,20,0,0,20,41
2020-10-07,US,Arizona,Cochise,1934,73,0,31.87934684,-109.7516088,4003.0,1535.8714124616827,3.774560496380559,1861,1928,73,0,1855,1919,126770,6,0,0,6,9
2020-10-07,US,Arizona,Coconino,4343,144,0,35.83883429,-111.77071780000001,4005.0,3026.987091917812,3.3156804052498274,4199,4331,144,0,4187,4291,142854,12,0,0,12,40
2020-10-07,US,Arizona,Gila,1468,60,0,33.80190085,-110.8132779,4007.0,2717.6126476359727,4.087193460490464,1408,1463,60,0,1403,1451,53889,5,0,0,5,12
2020-10-07,US,Arizona,Graham,901,25,0,32.93166885,-109.8882178,4009.0,2319.9526224991628,2.774694783573807,876,898,25,0,873,895,38072,3,0,0,3,3
2020-10-07,US,Arizona,Greenlee,60,1,0,33.21498827,-109.2405279,4011.0,631.7119393556537,1.6666666666666667,59,60,1,0,59,60,9483,0,0,0,0,0
2020-10-07,US,Arizona,La Paz,554,15,0,33.72854224,-113.98100290000001,4012.0,2624.597309077127,2.7075812274368234,539,549,15,0,534,548,21098,5,0,0,5,1
2020-10-07,US,Arizona,Maricopa,144342,3450,0,33.34835867,-112.49181540000001,4013.0,3218.030710208689,2.3901567111443653,140892,143917,3431,0,140486,143411,4410824,425,19,0,406,506
2020-10-07,US,Arizona,Mohave,4075,228,0,35.70471703,-113.7577902,4015.0,1920.5301134408828,5.595092024539877,3847,4068,228,0,3840,4050,209550,7,0,0,7,18
2020-10-07,US,Arizona,Navajo,5848,236,0,35.3997715,-110.3218983,4017.0,5272.078179654538,4.035567715458276,5612,5828,236,0,5592,5817,110445,20,0,0,20,11
2020-10-07,US,Arizona,Pima,26092,629,0,32.0971334,-111.7890033,4019.0,2491.408688611153,2.410700597884409,25463,26052,628,0,25424,25980,1039073,40,1,0,39,72
2020-10-07,US,Arizona,Pinal,10859,211,0,32.90525627,-111.3449483,4021.0,2346.425692918371,1.9430886821990976,10648,10810,211,0,10599,10746,447138,49,0,0,49,64
2020-10-07,US,Arizona,Santa Cruz,2892,64,0,31.52508998,-110.8479088,4023.0,6219.622349348359,2.2130013831258646,2828,2895,64,0,2831,2889,46511,-3,0,0,-3,6
2020-10-07,US,Arizona,Unassigned,0,1,0,0.0,0.0,90004.0,0.0,0.0,-1,0,1,0,-1,0,,0,0,0,0,0
2020-10-07,US,Arizona,Yavapai,2645,84,0,34.59933926,-112.5538588,4025.0,1125.0579543086103,3.175803402646503,2561,2636,84,0,2552,2617,231993,9,0,0,9,19
2020-10-07,US,Arizona,Yuma,12883,347,0,32.76895712,-113.90666740000002,4027.0,6026.091390028393,2.6934720173872546,12536,12877,347,0,12530,12815,212128,6,0,0,6,62
2020-10-07,US,Arkansas,Arkansas,498,10,0,34.29145151,-91.37277296,5001.0,2847.9926798581732,2.0080321285140563,488,486,10,0,476,460,17769,12,0,0,12,26
2020-10-07,US,Arkansas,Ashley,455,11,0,33.19153461,-91.76984709999999,5003.0,2314.6970544844075,2.417582417582417,444,452,11,0,441,452,20046,3,0,0,3,0
2020-10-07,US,Arkansas,Baxter,420,2,0,36.28784385,-92.33782872,5005.0,1001.621673185157,0.4761904761904762,418,411,2,0,409,403,41619,9,0,0,9,8
2020-10-07,US,Arkansas,Benton,6989,98,0,36.33644656,-94.25680817,5007.0,2503.7525838196466,1.4022034625840607,6891,6958,97,0,6861,6910,272608,31,1,0,30,48
2020-10-07,US,Arkansas,Boone,826,20,0,36.3084504,-93.09374925,5009.0,2206.668091472537,2.4213075060532687,806,824,20,0,804,815,37480,2,0,0,2,9
2020-10-07,US,Arkansas,Bradley,345,8,0,33.46755808,-92.15980837,5011.0,3205.425996469386,2.318840579710145,337,345,8,0,337,345,10897,0,0,0,0,0
2020-10-07,US,Arkansas,Calhoun,37,0,0,33.55598792,-92.49974403,5013.0,713.0468298323376,0.0,37,37,0,0,37,37,5277,0,0,0,0,0
2020-10-07,US,Arkansas,Carroll,775,11,0,36.34038560000001,-93.54270261,5015.0,2730.7963354474978,1.4193548387096775,764,771,10,0,761,759,28223,4,1,0,3,12
2020-10-07,US,Arkansas,Chicot,1015,22,0,33.26458973,-91.29539209,5017.0,10031.62680371615,2.167487684729064,993,1014,22,0,992,1013,10438,1,0,0,1,1
2020-10-07,US,Arkansas,Clark,401,4,0,34.04613432,-93.17484713,5019.0,1796.594982078853,0.9975062344139652,397,393,4,0,389,384,22061,8,0,0,8,9
2020-10-07,US,Arkansas,Clay,352,10,0,36.36826212,-90.4148172,5021.0,2419.0777266167274,2.8409090909090913,342,347,10,0,337,342,14847,5,0,0,5,5
2020-10-07,US,Arkansas,Cleburne,372,10,0,35.53864922,-92.02640019,5023.0,1492.8367912034994,2.6881720430107525,362,367,10,0,357,362,24965,5,0,0,5,5
2020-10-07,US,Arkansas,Cleveland,194,12,0,33.89723187,-92.18537045,5025.0,2438.4112619406737,6.185567010309278,182,194,12,0,182,192,8018,0,0,0,0,2
2020-10-07,US,Arkansas,Columbia,584,18,0,33.21230701,-93.22642793,5027.0,2489.661934603743,3.0821917808219177,566,579,18,0,561,565,23537,5,0,0,5,14
2020-10-07,US,Arkansas,Conway,300,3,0,35.26205537,-92.70506566,5029.0,1439.1250119927083,1.0,297,298,3,0,295,297,20891,2,0,0,2,1
2020-10-07,US,Arkansas,Craighead,3396,28,0,35.83018283,-90.63235729,5031.0,3077.9828155023024,0.8244994110718492,3368,3324,27,0,3297,3287,108558,72,1,0,71,37
2020-10-07,US,Arkansas,Crawford,1603,20,0,35.58928601,-94.2446814,5033.0,2534.106897260382,1.2476606363069245,1583,1589,20,0,1569,1575,63406,14,0,0,14,14
2020-10-07,US,Arkansas,Crittenden,2028,48,0,35.21247318,-90.30839406,5035.0,4228.964654363465,2.366863905325444,1980,2018,48,0,1970,2007,48342,10,0,0,10,11
2020-10-07,US,Arkansas,Cross,493,14,0,35.29631396,-90.77185818,5037.0,3002.6189171082287,2.8397565922920887,479,487,14,0,473,487,16676,6,0,0,6,0
2020-10-07,US,Arkansas,Dallas,173,5,0,33.97042763,-92.65167437,5039.0,2468.2551005849623,2.8901734104046244,168,171,5,0,166,171,7182,2,0,0,2,0
2020-10-07,US,Arkansas,Desha,327,6,0,33.83011025,-91.25500948,5041.0,2878.267758119884,1.834862385321101,321,326,6,0,320,320,11512,1,0,0,1,6
2020-10-07,US,Arkansas,Drew,368,7,0,33.59035001,-91.71777921,5043.0,2019.8693671441904,1.9021739130434785,361,366,7,0,359,363,18328,2,0,0,2,3
2020-10-07,US,Arkansas,Faulkner,2795,23,0,35.14719007,-92.33717519,5045.0,2218.130738768481,0.8228980322003577,2772,2765,23,0,2742,2728,124806,30,0,0,30,37
2020-10-07,US,Arkansas,Franklin,339,2,0,35.51202821,-93.89299569,5047.0,1913.6325148179508,0.5899705014749262,337,333,2,0,331,327,17810,6,0,0,6,6
2020-10-07,US,Arkansas,Fulton,209,5,0,36.38177105,-91.81729127,5049.0,1675.0821511581312,2.392344497607656,204,204,5,0,199,201,12269,5,0,0,5,3
2020-10-07,US,Arkansas,Garland,2055,55,0,34.57692074,-93.14921604,5051.0,2067.695651298976,2.67639902676399,2000,2042,54,0,1988,2037,99154,13,1,0,12,5
2020-10-07,US,Arkansas,Grant,284,2,0,34.29017991,-92.42320562,5053.0,1554.8863947440461,0.7042253521126759,282,282,2,0,280,278,18188,2,0,0,2,4
2020-10-07,US,Arkansas,Greene,995,15,0,36.11735460000001,-90.55832668,5055.0,2195.2564809707665,1.5075376884422111,980,979,15,0,964,960,45325,16,0,0,16,19
2020-10-07,US,Arkansas,Hempstead,427,4,0,33.73325583,-93.66935133,5057.0,1983.094928478544,0.936768149882904,423,412,4,0,408,408,21741,15,0,0,15,4
2020-10-07,US,Arkansas,Hot Spring,1991,28,0,34.31709259,-92.95396325,5059.0,5895.590891593379,1.4063284781516825,1963,1957,28,0,1929,1957,33701,34,0,0,34,0
2020-10-07,US,Arkansas,Howard,503,12,0,34.09007427,-93.9934871,5061.0,3810.028783517649,2.3856858846918487,491,504,12,0,492,503,13341,-1,0,0,-1,1
2020-10-07,US,Arkansas,Independence,1241,26,0,35.74242707,-91.57001641,5063.0,3280.8988764044952,2.09508460918614,1215,1232,24,0,1208,1217,37678,9,2,0,7,15
2020-10-07,US,Arkansas,Izard,296,1,0,36.09604046,-91.90847954,5065.0,2171.839459975053,0.33783783783783783,295,272,1,0,271,268,13593,24,0,0,24,4
2020-10-07,US,Arkansas,Jackson,470,2,0,35.59802983,-91.21494602,5067.0,2811.1729170404933,0.425531914893617,468,456,2,0,454,449,16811,14,0,0,14,7
2020-10-07,US,Arkansas,Jefferson,3611,88,0,34.26767081,-91.92619839,5069.0,5403.747156710164,2.436998061478815,3523,3579,87,0,3492,3562,68114,32,1,0,31,17
2020-10-07,US,Arkansas,Johnson,891,7,0,35.56759135,-93.46036368,5071.0,3352.396719090977,0.7856341189674523,884,889,7,0,882,885,26742,2,0,0,2,4
2020-10-07,US,Arkansas,Lafayette,128,2,0,33.24116713,-93.60677071,5073.0,1932.3671497584546,1.5625,126,126,2,0,124,123,6682,2,0,0,2,3
2020-10-07,US,Arkansas,Lawrence,508,13,0,36.04188196,-91.10867198,5075.0,3096.428136047788,2.559055118110236,495,501,13,0,488,495,16434,7,0,0,7,6
2020-10-07,US,Arkansas,Lee,1085,18,0,34.78498904,-90.78383866,5077.0,12250.197583831998,1.6589861751152073,1067,1083,18,0,1065,1081,8985,2,0,0,2,2
2020-10-07,US,Arkansas,Lincoln,2098,16,0,33.95317155,-91.74002806,5079.0,16108.722358722358,0.7626310772163966,2082,2093,16,0,2077,2093,13383,5,0,0,5,0
2020-10-07,US,Arkansas,Little River,375,27,0,33.70375665,-94.23468591,5081.0,3058.977078065095,7.2,348,374,27,0,347,373,12326,1,0,0,1,1
2020-10-07,US,Arkansas,Logan,458,2,0,35.21413234,-93.71951016,5083.0,2133.606633746389,0.4366812227074236,456,451,2,0,449,446,21737,7,0,0,7,5
2020-10-07,US,Arkansas,Lonoke,1354,17,0,34.75392199,-91.88742357,5085.0,1846.9764967466479,1.2555391432791727,1337,1335,17,0,1318,1318,73657,19,0,0,19,17
2020-10-07,US,Arkansas,Madison,382,5,0,36.01038185,-93.72524943,5087.0,2304.5366795366795,1.3089005235602094,377,379,5,0,374,377,16481,3,0,0,3,2
2020-10-07,US,Arkansas,Marion,110,0,0,36.26844485,-92.68451899,5089.0,658.9193722295436,0.0,110,109,0,0,109,107,16722,1,0,0,1,2
2020-10-07,US,Arkansas,Miller,962,11,0,33.31403423,-93.89285258,5091.0,2223.9175162401457,1.1434511434511434,951,944,11,0,933,919,43592,18,0,0,18,25
2020-10-07,US,Arkansas,Mississippi,1799,53,0,35.76271485,-90.05194370000002,5093.0,4425.475388059334,2.9460811561978884,1746,1789,53,0,1736,1777,41239,10,0,0,10,12
2020-10-07,US,Arkansas,Monroe,155,0,0,34.6815935,-91.20540287,5095.0,2313.087598865841,0.0,155,149,0,0,149,148,6900,6,0,0,6,1
2020-10-07,US,Arkansas,Montgomery,170,6,0,34.53704874,-93.65824478,5097.0,1891.8317382595149,3.5294117647058822,164,170,6,0,164,169,8924,0,0,0,0,1
2020-10-07,US,Arkansas,Nevada,238,13,0,33.66340119,-93.30632432,5099.0,2884.149297140087,5.46218487394958,225,235,13,0,222,234,8326,3,0,0,3,1
2020-10-07,US,Arkansas,Newton,260,19,0,35.91947491,-93.21612969,5101.0,3353.540564942603,7.3076923076923075,241,259,19,0,240,257,7805,1,0,0,1,2
2020-10-07,US,Arkansas,Ouachita,283,7,0,33.58839816,-92.87795984,5103.0,1210.3327345821574,2.4734982332155475,276,281,7,0,274,278,23606,2,0,0,2,3
2020-10-07,US,Arkansas,Perry,106,0,0,34.945915299999996,-92.94372564,5105.0,1013.868962219034,0.0,106,104,0,0,104,98,10352,2,0,0,2,6
2020-10-07,US,Arkansas,Phillips,568,15,0,34.43268455,-90.84800154,5107.0,3194.241367675177,2.640845070422535,553,558,15,0,543,550,18029,10,0,0,10,8
2020-10-07,US,Arkansas,Pike,240,3,0,34.16250414,-93.65789349,5109.0,2239.223735771599,1.25,237,239,3,0,236,237,10673,1,0,0,1,2
2020-10-07,US,Arkansas,Poinsett,739,15,0,35.57433534,-90.66268713,5111.0,3140.9384563073786,2.029769959404601,724,731,15,0,716,718,23974,8,0,0,8,13
2020-10-07,US,Arkansas,Polk,297,4,0,34.48254879,-94.22728802,5113.0,1487.677820076137,1.3468013468013469,293,286,4,0,282,281,20049,11,0,0,11,5
2020-10-07,US,Arkansas,Pope,2286,36,0,35.44871474,-93.03212219,5115.0,3567.861156199276,1.5748031496062993,2250,2271,36,0,2235,2254,64000,15,0,0,15,17
2020-10-07,US,Arkansas,Prairie,169,4,0,34.83624419,-91.55162157,5117.0,2096.2540312577526,2.366863905325444,165,166,4,0,162,164,8074,3,0,0,3,2
2020-10-07,US,Arkansas,Pulaski,10014,165,0,34.77054088,-92.31355101,5119.0,2555.1719650634964,1.64769322947873,9849,9944,163,0,9781,9859,392680,70,2,0,68,85
2020-10-07,US,Arkansas,Randolph,491,23,0,36.3415714,-91.02455531,5121.0,2734.157478561087,4.684317718940936,468,484,23,0,461,477,17948,7,0,0,7,7
2020-10-07,US,Arkansas,Saline,2307,24,0,34.64916145,-92.67583224,5125.0,1884.234340926354,1.0403120936280883,2283,2292,24,0,2268,2275,121421,15,0,0,15,17
2020-10-07,US,Arkansas,Scott,119,1,0,34.85588887,-94.0632176,5127.0,1157.4749537982684,0.8403361344537815,118,117,1,0,116,115,10319,2,0,0,2,2
2020-10-07,US,Arkansas,Searcy,157,1,0,35.9109364,-92.69936482,5129.0,1992.1329780484714,0.6369426751592356,156,154,1,0,153,154,7958,3,0,0,3,0
2020-10-07,US,Arkansas,Sebastian,4040,65,0,35.19605503,-94.27162713,5131.0,3160.5216425324847,1.6089108910891092,3975,4007,64,0,3943,3974,127753,33,1,0,32,33
2020-10-07,US,Arkansas,Sevier,1218,19,0,33.99780401,-94.2424869,5133.0,7161.756923619686,1.5599343185550083,1199,1217,19,0,1198,1214,17139,1,0,0,1,3
2020-10-07,US,Arkansas,Sharp,262,7,0,36.16258158,-91.47819342,5135.0,1502.1213163628024,2.6717557251908395,255,258,6,0,252,256,17366,4,1,0,3,2
2020-10-07,US,Arkansas,St. Francis,1570,8,0,35.02201976,-90.74828138,5123.0,6281.507561814837,0.5095541401273885,1562,1568,7,0,1561,1564,25439,2,1,0,1,4
2020-10-07,US,Arkansas,Stone,373,16,0,35.86251946,-92.15684085,5137.0,2982.568367183752,4.289544235924933,357,375,16,0,359,373,12457,-2,0,0,-2,2
2020-10-07,US,Arkansas,Unassigned,1930,0,0,0.0,0.0,90005.0,0.0,0.0,1930,1866,0,0,1866,1965,,64,0,0,64,-99
2020-10-07,US,Arkansas,Union,960,47,0,33.16887091,-92.59746952,5139.0,2481.7744687451527,4.895833333333333,913,948,47,0,901,945,39126,12,0,0,12,3
2020-10-07,US,Arkansas,Van Buren,179,3,0,35.58095779,-92.51295036,5141.0,1081.8978543366575,1.675977653631285,176,179,3,0,176,178,16603,0,0,0,0,1
2020-10-07,US,Arkansas,Washington,10072,121,0,35.976844,-94.21800746,5143.0,4210.931196093433,1.2013502779984115,9951,10030,120,0,9910,9949,236961,42,1,0,41,81
2020-10-07,US,Arkansas,White,1013,29,0,35.25688493,-91.74908296,5145.0,1286.3002044366565,2.862783810463968,984,1001,29,0,972,975,78727,12,0,0,12,26
2020-10-07,US,Arkansas,Woodruff,64,0,0,35.18902527,-91.2439489,5147.0,1012.6582278481012,0.0,64,64,0,0,64,63,6490,0,0,0,0,1
2020-10-07,US,Arkansas,Yell,1283,30,0,35.00292371,-93.41171338,5149.0,6011.9019727285495,2.338269680436477,1253,1271,30,0,1241,1271,21535,12,0,0,12,0
2020-10-07,US,California,Alameda,21845,440,0,37.64629437,-121.8929271,6001.0,1307.0436760206994,2.014190890363928,21405,21809,427,0,21382,21746,1666753,36,13,0,23,63
2020-10-07,US,California,Alpine,3,0,0,38.59678594,-119.82235940000001,6003.0,265.72187776793623,0.0,3,3,0,0,3,2,1101,0,0,0,0,1
2020-10-07,US,California,Amador,301,16,0,38.44583082,-120.65696000000001,6005.0,757.1946065606762,5.3156146179402,285,299,16,0,283,297,39383,2,0,0,2,2
2020-10-07,US,California,Butte,2925,45,0,39.66727762,-121.6005252,6007.0,1334.483041800115,1.5384615384615383,2880,2910,45,0,2865,2903,231256,15,0,0,15,7
2020-10-07,US,California,Calaveras,329,14,0,38.20537103,-120.55291299999999,6009.0,716.6975275024507,4.25531914893617,315,324,14,0,310,324,45602,5,0,0,5,0
2020-10-07,US,California,Colusa,540,6,0,39.17881957,-122.2331726,6011.0,2506.149347937068,1.1111111111111112,534,539,6,0,533,538,21627,1,0,0,1,1
2020-10-07,US,California,Contra Costa,17365,218,0,37.91923498,-121.9289527,6013.0,1505.3843606472674,1.2553987906708897,17147,17322,213,0,17109,17263,1150215,43,5,0,38,59
2020-10-07,US,California,Del Norte,155,1,0,41.74228275,-123.89740630000001,6015.0,557.3133899036387,0.6451612903225806,154,152,1,0,151,146,27828,3,0,0,3,6
2020-10-07,US,California,El Dorado,1216,4,0,38.77965956,-120.5233166,6017.0,630.5647599342469,0.32894736842105265,1212,1207,4,0,1203,1196,190678,9,0,0,9,11
2020-10-07,US,California,Fresno,29136,406,0,36.75733899,-119.6466953,6019.0,2916.2216832932813,1.3934651290499724,28730,29136,406,0,28730,29065,994400,0,0,0,0,71
2020-10-07,US,California,Glenn,618,3,0,39.59875897,-122.3938452,6021.0,2176.59282217448,0.4854368932038835,615,609,3,0,606,603,28047,9,0,0,9,6
2020-10-07,US,California,Humboldt,527,8,0,40.69923009,-123.876044,6023.0,388.7634813142714,1.5180265654648957,519,524,8,0,516,522,136373,3,0,0,3,2
2020-10-07,US,California,Imperial,12120,327,0,33.0393082,-115.36690420000001,6025.0,6688.188063901995,2.698019801980198,11793,12109,326,0,11783,12076,181827,11,1,0,10,33
2020-10-07,US,California,Inyo,199,15,0,36.51112084,-117.41119779999998,6027.0,1103.1653639336992,7.537688442211055,184,197,15,0,182,195,17987,2,0,0,2,2
2020-10-07,US,California,Kern,32609,387,0,35.34329425,-118.72777959999999,6029.0,3622.409192603438,1.1867889233033826,32222,32522,386,0,32136,32491,896764,87,1,0,86,31
2020-10-07,US,California,Kings,7943,82,0,36.07409056,-119.8159973,6031.0,5193.53995030731,1.032355533173864,7861,7932,82,0,7850,7919,151366,11,0,0,11,13
2020-10-07,US,California,Lake,596,12,0,39.10124298,-122.75362439999999,6033.0,925.6670704811604,2.0134228187919465,584,593,12,0,581,589,64382,3,0,0,3,4
2020-10-07,US,California,Lassen,748,0,0,40.67311306,-120.59350990000002,6035.0,2446.6032119844313,0.0,748,744,0,0,744,743,30802,4,0,0,4,1
2020-10-07,US,California,Los Angeles,277445,6709,0,34.30828379,-118.22824109999999,6037.0,2763.642224353222,2.418136928039792,270736,275856,6681,0,269175,274942,10105518,1589,28,0,1561,914
2020-10-07,US,California,Madera,4720,70,0,37.21513971,-119.76655890000002,6039.0,3000.1207675732708,1.4830508474576272,4650,4718,70,0,4648,4706,157672,2,0,0,2,12
2020-10-07,US,California,Marin,6821,123,0,38.07122463,-122.72106310000001,6041.0,2635.3612079157424,1.8032546547427064,6698,6796,119,0,6677,6781,259666,25,4,0,21,15
2020-10-07,US,California,Mariposa,77,2,0,37.57978556,-119.9073334,6043.0,447.5963494739289,2.5974025974025974,75,77,2,0,75,76,17471,0,0,0,0,1
2020-10-07,US,California,Mendocino,1021,21,0,39.4381191,-123.39113130000001,6045.0,1176.958812205328,2.0568070519098924,1000,1010,20,0,990,1005,87606,11,1,0,10,5
2020-10-07,US,California,Merced,9090,149,0,37.18922369,-120.72090349999999,6047.0,3273.552290406223,1.6391639163916392,8941,9081,148,0,8933,9033,274765,9,1,0,8,48
2020-10-07,US,California,Modoc,28,0,0,41.58965602,-120.7244817,6049.0,316.7062549485352,0.0,28,28,0,0,28,27,8777,0,0,0,0,1
2020-10-07,US,California,Mono,169,2,0,37.93899289,-118.8872409,6051.0,1170.0360011077264,1.183431952662722,167,169,2,0,167,169,14250,0,0,0,0,0
2020-10-07,US,California,Monterey,10433,75,0,36.21862405,-121.24133970000001,6053.0,2403.579220432151,0.7188728074379374,10358,10402,75,0,10327,10359,435594,31,0,0,31,43
2020-10-07,US,California,Napa,1770,13,0,38.50735751,-122.33283899999999,6055.0,1284.9924497618772,0.7344632768361582,1757,1760,13,0,1747,1759,139417,10,0,0,10,1
2020-10-07,US,California,Nevada,553,7,0,39.30394768,-120.76272809999999,6057.0,554.3581775349606,1.2658227848101269,546,550,7,0,543,547,99696,3,0,0,3,3
2020-10-07,US,California,Orange,55042,1292,0,33.70147516,-117.76459979999998,6059.0,1733.2285372762854,2.347298426656008,53750,54898,1289,0,53609,54760,3185968,144,3,0,141,138
2020-10-07,US,California,Placer,3710,51,0,39.06167234,-120.72405690000001,6061.0,931.3908854238582,1.3746630727762803,3659,3694,51,0,3643,3684,393149,16,0,0,16,10
2020-10-07,US,California,Plumas,52,0,0,40.00355989,-120.8395236,6063.0,276.49279523581646,0.0,52,52,0,0,52,51,18804,0,0,0,0,1
2020-10-07,US,California,Riverside,61133,1247,0,33.74314981,-115.9933578,6065.0,2474.4732540903915,2.039814829960905,59886,60867,1244,0,59623,60738,2450758,266,3,0,263,129
2020-10-07,US,California,Sacramento,23363,437,0,38.45106826,-121.34253740000001,6067.0,1505.2916836870786,1.8704789624620128,22926,23245,432,0,22813,23162,1540975,118,5,0,113,83
2020-10-07,US,California,San Benito,1372,13,0,36.60308176,-121.069975,6069.0,2184.435103808432,0.9475218658892128,1359,1371,12,0,1359,1367,61537,1,1,0,0,4
2020-10-07,US,California,San Bernardino,56823,967,0,34.84060306,-116.1774685,6071.0,2606.458005077784,1.701775689421537,55856,56522,966,0,55556,56400,2171603,301,1,0,300,122
2020-10-07,US,California,San Diego,49175,813,0,33.03484597,-116.73653259999999,6073.0,1473.0419101766452,1.6532791052364006,48362,48821,806,0,48015,48660,3343364,354,7,0,347,161
2020-10-07,US,California,San Francisco,11533,114,0,37.75215114,-122.43856720000001,6075.0,1308.2653374911658,0.9884678747940692,11419,11505,111,0,11394,11480,883305,28,3,0,25,25
2020-10-07,US,California,San Joaquin,20779,473,0,37.93433732,-121.2730061,6077.0,2726.3733553063184,2.2763366860772902,20306,20731,472,0,20259,20569,752660,48,1,0,47,162
2020-10-07,US,California,San Luis Obispo,3755,31,0,35.38822029,-120.4039028,6079.0,1326.3349004454085,0.8255659121171771,3724,3742,31,0,3711,3688,284010,13,0,0,13,54
2020-10-07,US,California,San Mateo,10347,154,0,37.422880799999994,-122.32755459999998,6081.0,1349.7736027749474,1.488354112303083,10193,10309,154,0,10155,10275,769545,38,0,0,38,34
2020-10-07,US,California,Santa Barbara,9340,115,0,34.65329488,-120.0188492,6083.0,2091.82999290032,1.2312633832976445,9225,9319,115,0,9204,9276,446527,21,0,0,21,43
2020-10-07,US,California,Santa Clara,22056,353,0,37.23104908,-121.6970462,6085.0,1144.071225384521,1.6004715270221257,21703,21978,347,0,21631,21926,1937570,78,6,0,72,52
2020-10-07,US,California,Santa Cruz,2527,14,0,37.05580291,-122.0066524,6087.0,924.9193852415517,0.554016620498615,2513,2519,12,0,2507,2501,274255,8,2,0,6,18
2020-10-07,US,California,Shasta,1242,22,0,40.76391419,-122.0396884,6089.0,689.6934695690802,1.7713365539452497,1220,1158,22,0,1136,1158,180040,84,0,0,84,0
2020-10-07,US,California,Sierra,6,0,0,39.57713498,-120.52007009999998,6091.0,199.6672212978369,0.0,6,6,0,0,6,6,2987,0,0,0,0,0
2020-10-07,US,California,Siskiyou,171,0,0,41.59198861,-122.54074340000001,6093.0,392.7513263970234,0.0,171,171,0,0,171,167,43724,0,0,0,0,4
2020-10-07,US,California,Solano,6658,74,0,38.26827353,-121.9357113,6095.0,1487.3459430841094,1.1114448783418445,6584,6624,72,0,6552,6601,446610,34,2,0,32,23
2020-10-07,US,California,Sonoma,8083,126,0,38.52746429,-122.88625060000001,6097.0,1635.122669601243,1.5588271681306445,7957,8037,122,0,7915,7940,499942,46,4,0,42,97
2020-10-07,US,California,Stanislaus,16804,379,0,37.55862499,-120.9970722,6099.0,3051.610794319544,2.255415377291121,16425,16767,377,0,16390,16759,549815,37,2,0,35,8
2020-10-07,US,California,Sutter,1767,12,0,39.03417539,-121.6945899,6101.0,1822.194264264574,0.6791171477079796,1755,1763,12,0,1751,1748,96807,4,0,0,4,15
2020-10-07,US,California,Tehama,660,7,0,40.12570935,-122.23701709999999,6103.0,1014.0741195992873,1.0606060606060606,653,642,7,0,635,637,63916,18,0,0,18,5
2020-10-07,US,California,Trinity,26,0,0,40.64917670000001,-123.114713,6105.0,211.64021164021165,0.0,26,26,0,0,26,25,12535,0,0,0,0,1
2020-10-07,US,California,Tulare,16607,265,0,36.22026558,-118.8020203,6107.0,3562.243267302309,1.595712651291624,16342,16490,265,0,16225,16399,465861,117,0,0,117,91
2020-10-07,US,California,Tuolumne,233,4,0,38.02644018,-119.95250929999999,6109.0,427.6955835383091,1.7167381974248928,229,233,4,0,229,230,54539,0,0,0,0,3
2020-10-07,US,California,Ventura,13242,154,0,34.44465746,-119.09106129999999,6111.0,1565.23712597783,1.1629663192871167,13088,13224,154,0,13070,13197,850967,18,0,0,18,27
2020-10-07,US,California,Yolo,2909,56,0,38.68278902,-121.90182879999999,6113.0,1319.2743764172335,1.9250601581299416,2853,2903,56,0,2847,2893,220408,6,0,0,6,10
2020-10-07,US,California,Yuba,1211,10,0,39.26255932,-121.35356440000001,6115.0,1539.380688462907,0.8257638315441783,1201,1207,10,0,1197,1188,78041,4,0,0,4,19
2020-10-07,US,Colorado,Adams,10136,233,0,39.87432092,-104.3362578,8001.0,1958.9463898836727,2.2987371744277816,9903,10001,232,0,9769,9900,511868,135,1,0,134,101
2020-10-07,US,Colorado,Alamosa,256,9,0,37.57250606,-105.7885451,8003.0,1577.0344360253805,3.515625,247,254,9,0,245,252,16683,2,0,0,2,2
2020-10-07,US,Colorado,Arapahoe,9909,373,0,39.64977461,-104.3353617,8005.0,1509.1609680318006,3.7642547179331918,9536,9851,373,0,9478,9750,651215,58,0,0,58,101
2020-10-07,US,Colorado,Archuleta,57,0,0,37.19474156,-107.04768670000001,8007.0,406.3012331598831,0.0,57,54,0,0,54,54,13765,3,0,0,3,0
2020-10-07,US,Colorado,Baca,18,0,0,37.31940883,-102.5603223,8009.0,502.65289025411903,0.0,18,18,0,0,18,18,3585,0,0,0,0,0
2020-10-07,US,Colorado,Bent,11,0,0,37.95474293,-103.0720195,8011.0,197.23865877712032,0.0,11,11,0,0,11,11,5882,0,0,0,0,0
2020-10-07,US,Colorado,Boulder,4662,81,0,40.09313619,-105.3546767,8013.0,1429.2020748261782,1.7374517374517375,4581,4628,81,0,4547,4607,326078,34,0,0,34,21
2020-10-07,US,Colorado,Broomfield,708,37,0,39.95998787,-105.0566324,8014.0,1004.7541332576455,5.2259887005649714,671,701,37,0,664,695,69267,7,0,0,7,6
2020-10-07,US,Colorado,Chaffee,344,20,0,38.74745778,-106.19265729999998,8015.0,1689.919434073492,5.813953488372092,324,340,20,0,320,337,20027,4,0,0,4,3
2020-10-07,US,Colorado,Cheyenne,14,0,0,38.82777431,-102.6032558,8017.0,764.6095030038231,0.0,14,14,0,0,14,14,1876,0,0,0,0,0
2020-10-07,US,Colorado,Clear Creek,50,1,0,39.68864463,-105.6463118,8019.0,515.4639175257731,2.0,49,47,1,0,46,47,9605,3,0,0,3,0
2020-10-07,US,Colorado,Conejos,37,0,0,37.201606,-106.19174879999998,8021.0,450.94454600853135,0.0,37,36,0,0,36,36,8200,1,0,0,1,0
2020-10-07,US,Colorado,Costilla,33,1,0,37.27732493,-105.4276548,8023.0,848.9837921276047,3.0303030303030303,32,33,1,0,32,33,3828,0,0,0,0,0
2020-10-07,US,Colorado,Crowley,74,1,0,38.32608609,-103.7844965,8025.0,1220.9206401583895,1.351351351351351,73,74,1,0,73,74,5858,0,0,0,0,0
2020-10-07,US,Colorado,Custer,18,0,0,38.10883162,-105.3683478,8027.0,355.1696921862668,0.0,18,18,0,0,18,18,4954,0,0,0,0,0
2020-10-07,US,Colorado,Delta,192,3,0,38.86246243,-107.86313419999999,8029.0,616.1350362621141,1.5625,189,191,3,0,188,191,30953,1,0,0,1,0
2020-10-07,US,Colorado,Denver,14135,436,0,39.76018276,-104.87256950000001,8031.0,1943.7274738693447,3.0845419172267423,13699,14024,436,0,13588,13894,716492,111,0,0,111,130
2020-10-07,US,Colorado,Dolores,3,0,0,37.75208676,-108.5211585,8033.0,145.98540145985402,0.0,3,3,0,0,3,3,2074,0,0,0,0,0
2020-10-07,US,Colorado,Douglas,2873,61,0,39.33133796,-104.930001,8035.0,818.1595539279062,2.123216150365472,2812,2845,61,0,2784,2803,342776,28,0,0,28,42
2020-10-07,US,Colorado,Eagle,1287,10,0,39.62754308,-106.6933637,8037.0,2334.6091751773183,0.777000777000777,1277,1281,10,0,1271,1275,54993,6,0,0,6,6
2020-10-07,US,Colorado,El Paso,7342,181,0,38.83240149,-104.5251411,8041.0,1019.1517803229581,2.465268319259057,7161,7284,181,0,7103,7236,713856,58,0,0,58,48
2020-10-07,US,Colorado,Elbert,172,3,0,39.28656773,-104.13587209999999,8039.0,643.4958285008793,1.7441860465116281,169,170,3,0,167,168,26282,2,0,0,2,2
2020-10-07,US,Colorado,Fremont,189,1,0,38.47362326,-105.43996670000001,8043.0,395.07514789188735,0.5291005291005291,188,189,1,0,188,185,48021,0,0,0,0,4
2020-10-07,US,Colorado,Garfield,985,5,0,39.59921777,-107.902708,8045.0,1639.9993340104227,0.5076142131979695,980,982,5,0,977,972,59770,3,0,0,3,10
2020-10-07,US,Colorado,Gilpin,19,0,0,39.85646523,-105.5252597,8047.0,304.340861765177,0.0,19,19,0,0,19,19,6121,0,0,0,0,0
2020-10-07,US,Colorado,Grand,106,1,0,40.10603347,-106.11780420000001,8049.0,673.7002669378418,0.9433962264150944,105,100,1,0,99,96,15525,6,0,0,6,4
2020-10-07,US,Colorado,Gunnison,297,7,0,38.66611652,-107.0320729,8051.0,1700.8361012484256,2.356902356902357,290,297,7,0,290,296,17246,0,0,0,0,1
2020-10-07,US,Colorado,Hinsdale,3,0,0,37.82247444,-107.3004345,8053.0,365.8536585365854,0.0,3,3,0,0,3,3,811,0,0,0,0,0
2020-10-07,US,Colorado,Huerfano,25,1,0,37.68473101,-104.9612585,8055.0,362.4764390314631,4.0,24,25,1,0,24,25,6889,0,0,0,0,0
2020-10-07,US,Colorado,Jackson,9,0,0,40.66593870000001,-106.3408905,8057.0,646.5517241379309,0.0,9,9,0,0,9,9,1399,0,0,0,0,0
2020-10-07,US,Colorado,Jefferson,6222,259,0,39.58635604,-105.2517692,8059.0,1067.456307548196,4.162648666023786,5963,6158,257,0,5901,6095,580233,64,2,0,62,63
2020-10-07,US,Colorado,Kiowa,1,0,0,38.43260896,-102.7392145,8061.0,71.12375533428165,0.0,1,1,0,0,1,1,1383,0,0,0,0,0
2020-10-07,US,Colorado,Kit Carson,81,3,0,39.30497777,-102.60221990000001,8063.0,1141.32732140341,3.703703703703704,78,81,3,0,78,81,7163,0,0,0,0,0
2020-10-07,US,Colorado,La Plata,276,2,0,37.28632032,-107.8429014,8067.0,490.9197630778535,0.7246376811594203,274,269,2,0,267,268,56310,7,0,0,7,1
2020-10-07,US,Colorado,Lake,101,0,0,39.20278823,-106.35556969999999,8065.0,1242.7710102128706,0.0,101,99,0,0,99,99,7824,2,0,0,2,0
2020-10-07,US,Colorado,Larimer,2900,55,0,40.66671597,-105.4625784,8069.0,812.5548124259244,1.8965517241379308,2845,2815,55,0,2760,2775,350518,85,0,0,85,40
2020-10-07,US,Colorado,Las Animas,25,0,0,37.3153406,-104.03764579999999,8071.0,172.34247897421756,0.0,25,25,0,0,25,25,14503,0,0,0,0,0
2020-10-07,US,Colorado,Lincoln,22,0,0,38.98749519,-103.51366490000001,8073.0,385.8972110156113,0.0,22,21,0,0,21,20,5610,1,0,0,1,1
2020-10-07,US,Colorado,Logan,961,7,0,40.7249637,-103.110817,8075.0,4288.45553125976,0.7284079084287199,954,958,6,0,952,943,21528,3,1,0,2,15
2020-10-07,US,Colorado,Mesa,724,7,0,39.01787888,-108.469799,8077.0,469.4896569612865,0.9668508287292816,717,716,7,0,709,712,153207,8,0,0,8,4
2020-10-07,US,Colorado,Mineral,20,0,0,37.66954283,-106.92816979999999,8079.0,2600.780234070221,0.0,20,20,0,0,20,20,776,0,0,0,0,0
2020-10-07,US,Colorado,Moffat,45,1,0,40.61810999,-108.2070876,8081.0,338.7788903109237,2.2222222222222223,44,45,1,0,44,44,13188,0,0,0,0,1
2020-10-07,US,Colorado,Montezuma,151,5,0,37.33859579,-108.59588570000001,8083.0,576.7100790589312,3.3112582781456954,146,150,5,0,145,147,26158,1,0,0,1,3
2020-10-07,US,Colorado,Montrose,390,13,0,38.40214114,-108.26390220000002,8085.0,912.1100145002105,3.333333333333333,377,388,13,0,375,388,42214,2,0,0,2,0
2020-10-07,US,Colorado,Morgan,766,48,0,40.26279810000001,-103.8093302,8087.0,2635.200220173387,6.266318537859008,718,765,48,0,717,763,28558,1,0,0,1,2
2020-10-07,US,Colorado,Otero,107,6,0,37.9014485,-103.7173385,8089.0,585.4032169821644,5.607476635514018,101,107,6,0,101,107,18432,0,0,0,0,0
2020-10-07,US,Colorado,Ouray,30,1,0,38.14717457,-107.7675136,8091.0,605.8158319870761,3.333333333333333,29,29,1,0,28,28,4833,1,0,0,1,1
2020-10-07,US,Colorado,Park,59,1,0,39.120926000000004,-105.7182065,8093.0,313.0803926771027,1.6949152542372878,58,59,1,0,58,59,18556,0,0,0,0,0
2020-10-07,US,Colorado,Phillips,33,0,0,40.59414277,-102.3577703,8095.0,773.7397420867526,0.0,33,33,0,0,33,33,4286,0,0,0,0,0
2020-10-07,US,Colorado,Pitkin,230,2,0,39.21720112,-106.9310027,8097.0,1294.534811729611,0.8695652173913043,228,229,2,0,227,227,17950,1,0,0,1,2
2020-10-07,US,Colorado,Prowers,95,0,0,37.95544985,-102.3926052,8099.0,780.4797896812356,0.0,95,95,0,0,95,95,12164,0,0,0,0,0
2020-10-07,US,Colorado,Pueblo,1259,37,0,38.17359144,-104.5127437,8101.0,747.5181684320523,2.9388403494837174,1222,1217,37,0,1180,1213,167529,42,0,0,42,4
2020-10-07,US,Colorado,Rio Blanco,26,0,0,39.97913541,-108.2179009,8103.0,411.13219481340917,0.0,26,26,0,0,26,25,6336,0,0,0,0,1
2020-10-07,US,Colorado,Rio Grande,99,2,0,37.5836865,-106.3847838,8105.0,878.6722286322888,2.0202020202020203,97,99,2,0,97,99,11250,0,0,0,0,0
2020-10-07,US,Colorado,Routt,164,8,0,40.48596505,-106.9905548,8107.0,639.6754817068413,4.878048780487805,156,164,8,0,156,163,25733,0,0,0,0,1
2020-10-07,US,Colorado,Saguache,112,2,0,38.08054629,-106.28246599999999,8109.0,1641.26611957796,1.7857142857142858,110,112,2,0,110,112,6843,0,0,0,0,0
2020-10-07,US,Colorado,San Juan,6,0,0,37.76248981,-107.67632890000002,8111.0,824.1758241758242,0.0,6,6,0,0,6,6,762,0,0,0,0,0
2020-10-07,US,Colorado,San Miguel,95,0,0,38.00450883,-108.4020725,8113.0,1161.5111871866975,0.0,95,95,0,0,95,95,8191,0,0,0,0,0
2020-10-07,US,Colorado,Sedgwick,15,1,0,40.87595412,-102.3519227,8115.0,667.2597864768683,6.666666666666668,14,15,1,0,14,15,2303,0,0,0,0,0
2020-10-07,US,Colorado,Summit,500,4,0,39.63803232,-106.1150762,8117.0,1612.3311083164042,0.8,496,492,4,0,488,489,31007,8,0,0,8,3
2020-10-07,US,Colorado,Teller,180,4,0,38.88133511,-105.16148929999999,8119.0,708.9963762407435,2.2222222222222223,176,179,4,0,175,178,25083,1,0,0,1,1
2020-10-07,US,Colorado,Washington,69,0,0,39.97015535,-103.202587,8121.0,1405.8679706601467,0.0,69,69,0,0,69,68,4909,0,0,0,0,1
2020-10-07,US,Colorado,Weld,5024,151,0,40.55499405,-104.39296209999999,8123.0,1548.2662130345275,3.0055732484076434,4873,4987,151,0,4836,4962,314305,37,0,0,37,25
2020-10-07,US,Colorado,Yuma,147,1,0,40.00346839,-102.4258673,8125.0,1467.2122966363904,0.6802721088435374,146,143,1,0,142,139,10020,4,0,0,4,4
2020-10-07,US,Connecticut,Fairfield,20612,1425,0,41.26809896,-73.3881171,9001.0,2185.0207562130827,6.913448476615564,19187,20587,1425,0,19162,20587,943823,25,0,0,25,0
2020-10-07,US,Connecticut,Hartford,15341,1440,0,41.80283011,-72.73103891,9003.0,1720.3830798905483,9.386611042304935,13901,15272,1440,0,13832,15235,892697,69,0,0,69,37
2020-10-07,US,Connecticut,Litchfield,1915,141,0,41.7937534,-73.2451475,9005.0,1061.9243288804598,7.362924281984334,1774,1911,141,0,1770,1921,181111,4,0,0,4,-10
2020-10-07,US,Connecticut,Middlesex,1635,193,0,41.45949668,-72.53714864,9007.0,1006.5502721071684,11.80428134556575,1442,1631,193,0,1438,1627,162682,4,0,0,4,4
2020-10-07,US,Connecticut,New Haven,14749,1115,0,41.408032500000004,-72.93620426,9009.0,1725.5196506141513,7.559834565055258,13634,14722,1115,0,13607,14715,857620,27,0,0,27,7
2020-10-07,US,Connecticut,New London,2426,124,0,41.48896435,-72.10430976,9011.0,914.7606011930349,5.111294311624072,2302,2413,124,0,2289,2349,266784,13,0,0,13,64
2020-10-07,US,Connecticut,Tolland,1484,67,0,41.85853803,-72.3308481,9013.0,984.6006860357879,4.514824797843666,1417,1477,67,0,1410,1473,150921,7,0,0,7,4
2020-10-07,US,Connecticut,Unassigned,123,0,0,0.0,0.0,90009.0,0.0,0.0,123,156,0,0,156,157,,-33,0,0,-33,-1
2020-10-07,US,Connecticut,Windham,1079,17,0,41.82972709,-71.98182316,9015.0,923.9437584559264,1.5755329008341057,1062,1072,16,0,1056,1056,117027,7,1,0,6,16
2020-10-07,US,Delaware,Kent,3178,118,0,39.08646628,-75.56884914,10001.0,1757.8794818182826,3.7130270610446816,3060,3167,118,0,3049,3162,178550,11,0,0,11,5
2020-10-07,US,Delaware,New Castle,11216,321,0,39.57992638,-75.64054974,10003.0,2007.3270300114718,2.8619828815977177,10895,11159,318,0,10841,11087,559335,57,3,0,54,72
2020-10-07,US,Delaware,Sussex,7066,210,0,38.66143781,-75.39031349,10005.0,3016.7573913971614,2.9719784885366543,6856,7050,210,0,6840,7024,229286,16,0,0,16,26
2020-10-07,US,Delaware,Unassigned,90,0,0,0.0,0.0,90010.0,0.0,0.0,90,90,0,0,90,90,,0,0,0,0,0
2020-10-07,US,District of Columbia,District of Columbia,15652,631,0,38.90417773,-77.01655992,11001.0,2217.7856433377874,4.031433682596473,15021,15652,631,0,15021,15547,702455,0,0,0,0,105
2020-10-07,US,Florida,Alachua,8642,64,0,29.67866525,-82.35928158,12001.0,3212.125942693176,0.7405693126591066,8578,8619,63,0,8556,8570,269956,23,1,0,22,49
2020-10-07,US,Florida,Baker,1556,14,0,30.33060121,-82.28467476,12003.0,5326.942827798699,0.8997429305912596,1542,1534,13,0,1521,1532,28355,22,1,0,21,2
2020-10-07,US,Florida,Bay,6227,114,0,30.26548745,-85.62122584,12005.0,3564.2940957614264,1.8307371125742733,6113,6215,113,0,6102,6199,185287,12,1,0,11,16
2020-10-07,US,Florida,Bradford,1157,9,0,29.95079741,-82.16611613,12007.0,4102.691393922201,0.7778738115816768,1148,1153,9,0,1144,1151,27732,4,0,0,4,2
2020-10-07,US,Florida,Brevard,9568,311,0,28.29409504,-80.73091022,12009.0,1589.5219140714553,3.2504180602006687,9257,9511,309,0,9202,9399,596849,57,2,0,55,112
2020-10-07,US,Florida,Broward,78374,1440,0,26.15184651,-80.48725556,12011.0,4013.4618476857067,1.837344017148544,76934,78136,1429,0,76707,78012,1951260,238,11,0,227,124
2020-10-07,US,Florida,Calhoun,634,13,0,30.40666734,-85.19394153,12013.0,4494.859978730948,2.050473186119874,621,632,13,0,619,630,14587,2,0,0,2,2
2020-10-07,US,Florida,Charlotte,3175,140,0,26.90131002,-81.92949121,12015.0,1680.6945106135197,4.409448818897638,3035,3159,139,0,3020,3152,184998,16,1,0,15,7
2020-10-07,US,Florida,Citrus,2883,112,0,28.84804315,-82.47614748,12017.0,1926.4050462056568,3.8848421782865072,2771,2863,111,0,2752,2846,147929,20,1,0,19,17
2020-10-07,US,Florida,Clay,5351,107,0,29.98319144,-81.85609986,12019.0,2440.5706675423708,1.9996262380863392,5244,5329,107,0,5222,5304,216072,22,0,0,22,25
2020-10-07,US,Florida,Collier,13010,230,0,26.11091986,-81.34687065,12021.0,3380.081163516947,1.767870868562644,12780,12961,228,0,12733,12920,378488,49,2,0,47,41
2020-10-07,US,Florida,Columbia,3934,61,0,30.22509788,-82.62160164,12023.0,5487.821889908769,1.550584646670056,3873,3917,61,0,3856,3901,70503,17,0,0,17,16
2020-10-07,US,Florida,DeSoto,1590,27,0,27.18677893,-81.80941373,12027.0,4184.100418410042,1.69811320754717,1563,1584,27,0,1557,1582,37489,6,0,0,6,2
2020-10-07,US,Florida,Dixie,839,10,0,29.60631086,-83.15724673,12029.0,4986.330678711518,1.1918951132300355,829,839,10,0,829,837,16700,0,0,0,0,2
2020-10-07,US,Florida,Duval,31383,452,0,30.33225875,-81.66976468,12031.0,3276.725258547332,1.4402702099862985,30931,31195,438,0,30757,31056,950181,188,14,0,174,139
2020-10-07,US,Florida,Escambia,12551,247,0,30.67652764,-87.37284571,12033.0,3942.9372070521117,1.9679706796271208,12304,12512,243,0,12269,12494,315534,39,4,0,35,18
2020-10-07,US,Florida,Flagler,1812,31,0,29.45933576,-81.31508595,12035.0,1574.5431478697612,1.710816777041943,1781,1807,29,0,1778,1793,112067,5,2,0,3,14
2020-10-07,US,Florida,Franklin,651,4,0,29.83791238,-84.82731662,12037.0,5369.072164948454,0.6144393241167435,647,649,4,0,645,647,11736,2,0,0,2,2
2020-10-07,US,Florida,Gadsden,2921,49,0,30.57796289,-84.61915825,12039.0,6397.284275076653,1.6775077028414926,2872,2913,49,0,2864,2907,45894,8,0,0,8,6
2020-10-07,US,Florida,Gilchrist,520,16,0,29.72856978,-82.79880657,12041.0,2798.407060596276,3.0769230769230766,504,520,16,0,504,520,18256,0,0,0,0,0
2020-10-07,US,Florida,Glades,553,5,0,26.95635849,-81.18996211,12043.0,4004.0547389761773,0.9041591320072332,548,552,5,0,547,549,13724,1,0,0,1,3
2020-10-07,US,Florida,Gulf,890,15,0,29.93543004,-85.24270990000002,12045.0,6525.4050883495875,1.6853932584269662,875,888,15,0,873,888,16164,2,0,0,2,0
2020-10-07,US,Florida,Hamilton,873,8,0,30.49673973,-82.94998918,12047.0,6050.734682561686,0.9163802978235968,865,867,8,0,859,865,14310,6,0,0,6,2
2020-10-07,US,Florida,Hardee,1423,11,0,27.49293939,-81.80956574,12049.0,5282.6966625830655,0.7730147575544624,1412,1408,11,0,1397,1404,27245,15,0,0,15,4
2020-10-07,US,Florida,Hendry,2094,40,0,26.55386945,-81.16469006,12051.0,4983.104088334682,1.9102196752626552,2054,2092,40,0,2052,2089,41556,2,0,0,2,3
2020-10-07,US,Florida,Hernando,3277,141,0,28.55364461,-82.42700204,12053.0,1689.872112211221,4.302715898687826,3136,3259,138,0,3121,3241,190865,18,3,0,15,18
2020-10-07,US,Florida,Highlands,2285,97,0,27.34254618,-81.34071957,12055.0,2151.175379633029,4.24507658643326,2188,2265,94,0,2171,2244,105424,20,3,0,17,21
2020-10-07,US,Florida,Hillsborough,43304,675,0,27.9276559,-82.32013172,12057.0,2941.9117806908844,1.5587474598189544,42629,43166,669,0,42497,43027,1436888,138,6,0,132,139
2020-10-07,US,Florida,Holmes,774,9,0,30.86747479,-85.81319222,12059.0,3945.5574246826727,1.162790697674419,765,771,9,0,762,769,19477,3,0,0,3,2
2020-10-07,US,Florida,Indian River,3362,119,0,27.69308961,-80.60556721,12061.0,2102.2617134495977,3.5395597858417607,3243,3346,118,0,3228,3339,157413,16,1,0,15,7
2020-10-07,US,Florida,Jackson,2904,79,0,30.795459700000002,-85.21500423,12063.0,6256.732882319991,2.720385674931129,2825,2888,79,0,2809,2876,48305,16,0,0,16,12
2020-10-07,US,Florida,Jefferson,570,9,0,30.43669112,-83.89442308,12065.0,4001.123122279938,1.5789473684210529,561,569,9,0,560,569,14288,1,0,0,1,0
2020-10-07,US,Florida,Lafayette,1243,14,0,29.98484137,-83.18166636,12067.0,14758.964616480645,1.1263073209975865,1229,1236,13,0,1223,1233,8732,7,1,0,6,3
2020-10-07,US,Florida,Lake,7770,199,0,28.76202069,-81.7125123,12069.0,2116.4857075926543,2.561132561132561,7571,7729,196,0,7533,7712,356495,41,3,0,38,17
2020-10-07,US,Florida,Lee,20944,477,0,26.58410348,-81.88399313,12071.0,2717.963292441897,2.277501909854851,20467,20862,472,0,20390,20824,754610,82,5,0,77,38
2020-10-07,US,Florida,Leon,10973,86,0,30.45955727,-84.27491114,12073.0,3737.6269662309,0.7837419119657341,10887,10911,85,0,10826,10878,292502,62,1,0,61,33
2020-10-07,US,Florida,Levy,1063,10,0,29.31829741,-82.74007147,12075.0,2561.26063176156,0.940733772342427,1053,1057,10,0,1047,1055,40770,6,0,0,6,2
2020-10-07,US,Florida,Liberty,519,8,0,30.23766008,-84.8829258,12077.0,6212.592769930572,1.5414258188824663,511,520,8,0,512,520,8457,-1,0,0,-1,0
2020-10-07,US,Florida,Madison,1030,20,0,30.44396917,-83.47398594,12079.0,5569.675012166767,1.9417475728155342,1010,1026,20,0,1006,1024,18529,4,0,0,4,2
2020-10-07,US,Florida,Manatee,11878,296,0,27.47196942,-82.31831044,12081.0,2945.545352421433,2.4920020205421793,11582,11848,296,0,11552,11785,394855,30,0,0,30,63
2020-10-07,US,Florida,Marion,10024,311,0,29.21227113,-82.05803627,12083.0,2741.951807953958,3.1025538707102958,9713,10008,307,0,9701,9969,359977,16,4,0,12,39
2020-10-07,US,Florida,Martin,5011,142,0,27.0772071,-80.43109784,12085.0,3112.422360248447,2.8337657154260625,4869,4999,142,0,4857,4994,160912,12,0,0,12,5
2020-10-07,US,Florida,Miami-Dade,173280,3368,0,25.6112362,-80.55170587,12086.0,6377.7632189153965,1.9436749769159745,169912,172849,3349,0,169500,172398,2761581,431,19,0,412,451
2020-10-07,US,Florida,Monroe,1895,23,0,25.20904673,-81.07812416,12087.0,2552.944980330873,1.2137203166226913,1872,1886,23,0,1863,1880,75027,9,0,0,9,6
2020-10-07,US,Florida,Nassau,2211,48,0,30.61037141,-81.80297522,12089.0,2494.781382228491,2.170963364993216,2163,2195,48,0,2147,2188,85832,16,0,0,16,7
2020-10-07,US,Florida,Okaloosa,5232,118,0,30.69143028,-86.59267105,12091.0,2482.7036414884838,2.2553516819571864,5114,5206,117,0,5089,5181,207269,26,1,0,25,25
2020-10-07,US,Florida,Okeechobee,1614,28,0,27.386336199999995,-80.88944347,12093.0,3827.5469550369953,1.7348203221809169,1586,1601,28,0,1573,1597,41537,13,0,0,13,4
2020-10-07,US,Florida,Orange,41409,491,0,28.51367621,-81.31799498,12095.0,2971.684708192316,1.1857325702142048,40918,41218,487,0,40731,41055,1380645,191,4,0,187,163
2020-10-07,US,Florida,Osceola,12899,168,0,28.06312234,-81.14882926,12097.0,3432.8584621198606,1.3024265446933871,12731,12846,164,0,12682,12798,367990,53,4,0,49,48
2020-10-07,US,Florida,Palm Beach,47384,1408,0,26.64676272,-80.46536002,12099.0,3165.750248869232,2.971467161911194,45976,47244,1396,0,45848,47153,1485941,140,12,0,128,91
2020-10-07,US,Florida,Pasco,9569,210,0,28.30810945,-82.40227529,12101.0,1727.4215764324026,2.194586686174104,9359,9538,210,0,9328,9499,539630,31,0,0,31,39
2020-10-07,US,Florida,Pinellas,22697,774,0,27.93130349,-82.72239666,12103.0,2327.906986285072,3.4101423095563286,21923,22603,768,0,21835,22548,975280,94,6,0,88,55
2020-10-07,US,Florida,Polk,20687,542,0,27.95027105,-81.69732947,12105.0,2854.2572405029414,2.6200029003722145,20145,20587,532,0,20055,20500,708009,100,10,0,90,87
2020-10-07,US,Florida,Putnam,2165,42,0,29.60779729,-81.74230285,12107.0,2905.2213470028582,1.9399538106235563,2123,2160,42,0,2118,2165,74163,5,0,0,5,-5
2020-10-07,US,Florida,Santa Rosa,5477,77,0,30.69341450000001,-87.02458128,12113.0,2971.575526414307,1.4058791309110827,5400,5464,77,0,5387,5437,179349,13,0,0,13,27
2020-10-07,US,Florida,Sarasota,8457,271,0,27.18546175,-82.33174248,12115.0,1949.7765953031987,3.2044460210476537,8186,8407,268,0,8139,8376,426718,50,3,0,47,31
2020-10-07,US,Florida,Seminole,9309,229,0,28.7158582,-81.24060348,12117.0,1972.9730875365076,2.4599849607906332,9080,9278,228,0,9050,9250,467832,31,1,0,30,28
2020-10-07,US,Florida,St. Johns,5589,75,0,29.90096506,-81.43589967,12109.0,2111.670293797606,1.3419216317767042,5514,5565,74,0,5491,5526,254261,24,1,0,23,39
2020-10-07,US,Florida,St. Lucie,8269,295,0,27.37763908,-80.47106649,12111.0,2518.755882630667,3.5675414197605515,7974,8245,294,0,7951,8228,321128,24,1,0,23,17
2020-10-07,US,Florida,Sumter,2495,73,0,28.70181754,-82.0794267,12119.0,1884.1564718320496,2.925851703406813,2422,2481,73,0,2408,2458,128754,14,0,0,14,23
2020-10-07,US,Florida,Suwannee,2795,72,0,30.19746066,-82.99099670000003,12121.0,6292.635702546322,2.5760286225402504,2723,2789,72,0,2717,2776,44191,6,0,0,6,13
2020-10-07,US,Florida,Taylor,1364,14,0,30.04848048,-83.60445406,12123.0,6323.890769159442,1.0263929618768328,1350,1361,14,0,1347,1352,21623,3,0,0,3,9
2020-10-07,US,Florida,Unassigned,1821,0,0,0.0,0.0,90012.0,0.0,0.0,1821,1817,0,0,1817,1792,,4,0,0,4,25
2020-10-07,US,Florida,Union,1009,23,0,30.04412971,-82.37497443,12125.0,6622.038459014239,2.2794846382556986,986,1001,23,0,978,1000,14940,8,0,0,8,1
2020-10-07,US,Florida,Volusia,11235,271,0,29.05858895,-81.18263252,12127.0,2030.6027284360293,2.412105028927459,10964,11190,265,0,10925,11150,547538,45,6,0,39,40
2020-10-07,US,Florida,Wakulla,1169,10,0,30.16548905,-84.39895211,12129.0,3464.832982601737,0.8554319931565441,1159,1165,10,0,1155,1160,32461,4,0,0,4,5
2020-10-07,US,Florida,Walton,2034,28,0,30.64204028,-86.16935664,12131.0,2746.0139595793225,1.376597836774828,2006,2021,26,0,1995,2009,71375,13,2,0,11,12
2020-10-07,US,Florida,Washington,1100,24,0,30.61359259,-85.66002461,12133.0,4318.29780551957,2.1818181818181817,1076,1093,24,0,1069,1092,24880,7,0,0,7,1
2020-10-07,US,Georgia,Appling,1080,33,0,31.74847232,-82.28909114,13001.0,5874.034591537039,3.055555555555556,1047,1072,33,0,1039,1067,18507,8,0,0,8,5
2020-10-07,US,Georgia,Atkinson,451,4,0,31.29633502,-82.87545866,13003.0,5523.576240048989,0.8869179600886918,447,449,4,0,445,448,8297,2,0,0,2,1
2020-10-07,US,Georgia,Bacon,610,14,0,31.55456473,-82.45936528,13005.0,5463.991400931565,2.295081967213114,596,609,14,0,595,605,11185,1,0,0,1,4
2020-10-07,US,Georgia,Baker,84,4,0,31.32669878,-84.44218806,13007.0,2764.976958525345,4.761904761904762,80,84,4,0,80,84,3092,0,0,0,0,0
2020-10-07,US,Georgia,Baldwin,2165,59,0,33.06882326,-83.24701748,13009.0,4822.9004232568495,2.7251732101616635,2106,2151,58,0,2093,2149,44823,14,1,0,13,2
2020-10-07,US,Georgia,Banks,509,8,0,34.35607081,-83.49644388,13011.0,2646.3554122907353,1.5717092337917484,501,505,8,0,497,503,18988,4,0,0,4,2
2020-10-07,US,Georgia,Barrow,2325,48,0,33.99148694,-83.71436292,13013.0,2793.128303700144,2.064516129032258,2277,2310,48,0,2262,2286,80809,15,0,0,15,24
2020-10-07,US,Georgia,Bartow,3057,88,0,34.23732119,-84.83887523,13015.0,2837.4389723217437,2.8786391887471376,2969,3041,88,0,2953,3014,106408,16,0,0,16,27
2020-10-07,US,Georgia,Ben Hill,814,26,0,31.76095874,-83.22145359,13017.0,4874.251497005988,3.194103194103194,788,812,26,0,786,807,16787,2,0,0,2,5
2020-10-07,US,Georgia,Berrien,465,12,0,31.27590016,-83.22529920000002,13019.0,2397.2779295767386,2.5806451612903225,453,463,12,0,451,462,19252,2,0,0,2,1
2020-10-07,US,Georgia,Bibb,6195,182,0,32.80904227,-83.70489165,13021.0,4044.8161714296907,2.9378531073446332,6013,6168,181,0,5987,6150,153095,27,1,0,26,18
2020-10-07,US,Georgia,Bleckley,456,21,0,32.43829035,-83.33035166,13023.0,3542.297832673037,4.605263157894737,435,452,21,0,431,449,12838,4,0,0,4,3
2020-10-07,US,Georgia,Brantley,356,10,0,31.19576557,-81.97743999,13025.0,1862.9964937987336,2.808988764044944,346,354,10,0,344,352,18897,2,0,0,2,2
2020-10-07,US,Georgia,Brooks,529,26,0,30.83922642,-83.58303423,13027.0,3422.3976192016557,4.914933837429111,503,528,26,0,502,527,15513,1,0,0,1,1
2020-10-07,US,Georgia,Bryan,1191,13,0,32.00979311,-81.44002948,13029.0,3005.5265349383008,1.09151973131822,1178,1187,11,0,1176,1179,38109,4,2,0,2,8
2020-10-07,US,Georgia,Bulloch,2940,28,0,32.39577406,-81.74811421,13031.0,3693.096171239071,0.9523809523809524,2912,2934,28,0,2906,2929,77296,6,0,0,6,5
2020-10-07,US,Georgia,Burke,852,10,0,33.05917989,-81.99928721,13033.0,3806.460260018764,1.1737089201877935,842,845,10,0,835,843,22423,7,0,0,7,2
2020-10-07,US,Georgia,Butts,711,43,0,33.283094500000004,-83.95435040000002,13035.0,2851.299326275265,6.047819971870606,668,704,43,0,661,687,24193,7,0,0,7,17
2020-10-07,US,Georgia,Calhoun,251,9,0,31.53169785,-84.62725131,13037.0,4055.582485054129,3.585657370517928,242,250,9,0,241,250,6352,1,0,0,1,0
2020-10-07,US,Georgia,Camden,1338,16,0,30.92951916,-81.66601818,13039.0,2447.590824278345,1.195814648729447,1322,1331,16,0,1315,1330,53677,7,0,0,7,1
2020-10-07,US,Georgia,Candler,478,21,0,32.40209349,-82.07702563,13043.0,4424.696843469406,4.393305439330544,457,476,21,0,455,475,10836,2,0,0,2,1
2020-10-07,US,Georgia,Carroll,2909,70,0,33.58138199,-85.07976677,13045.0,2424.32828855257,2.4063251976624267,2839,2892,70,0,2822,2882,118121,17,0,0,17,10
2020-10-07,US,Georgia,Catoosa,1255,20,0,34.89872298,-85.13757014,13047.0,1857.0583012725656,1.593625498007968,1235,1246,20,0,1226,1238,67420,9,0,0,9,8
2020-10-07,US,Georgia,Charlton,642,9,0,30.78371028,-82.13951596,13049.0,4793.906810035843,1.4018691588785046,633,641,9,0,632,641,12968,1,0,0,1,0
2020-10-07,US,Georgia,Chatham,8739,170,0,32.00043026,-81.12489526,13051.0,3019.3829250596004,1.9453026662089483,8569,8718,169,0,8549,8672,289195,21,1,0,20,46
2020-10-07,US,Georgia,Chattahoochee,1694,1,0,32.34341231,-84.78809239,13053.0,15531.310167782158,0.0590318772136954,1693,1689,1,0,1688,1683,10684,5,0,0,5,6
2020-10-07,US,Georgia,Chattooga,822,22,0,34.47197698,-85.34535662,13055.0,3315.9869296865545,2.67639902676399,800,815,22,0,793,813,24790,7,0,0,7,2
2020-10-07,US,Georgia,Cherokee,6335,94,0,34.24393976,-84.47431861,13057.0,2448.091570604352,1.4838200473559588,6241,6289,94,0,6195,6275,254149,46,0,0,46,14
2020-10-07,US,Georgia,Clarke,5249,45,0,33.95436462,-83.37124007,13059.0,4090.2042374796415,0.8573061535530577,5204,5218,45,0,5173,5202,127330,31,0,0,31,16
2020-10-07,US,Georgia,Clay,121,3,0,31.62221166,-84.97713865,13061.0,4269.583627381792,2.479338842975207,118,121,3,0,118,121,2887,0,0,0,0,0
2020-10-07,US,Georgia,Clayton,7245,164,0,33.54187245,-84.35594188,13063.0,2478.99102157013,2.2636300897170463,7081,7182,163,0,7019,7200,289615,63,1,0,62,-18
2020-10-07,US,Georgia,Clinch,392,9,0,30.91395822,-82.70432472,13065.0,5923.23964944092,2.295918367346939,383,391,9,0,382,390,6648,1,0,0,1,1
2020-10-07,US,Georgia,Cobb,20224,436,0,33.94243204,-84.5761255,13067.0,2660.5590278645677,2.1558544303797467,19788,20120,435,0,19685,20054,756865,104,1,0,103,66
2020-10-07,US,Georgia,Coffee,2121,54,0,31.54892966,-82.85492059999999,13069.0,4901.439696808634,2.545968882602546,2067,2102,54,0,2048,2100,43093,19,0,0,19,2
2020-10-07,US,Georgia,Colquitt,1947,36,0,31.18810588,-83.7677946,13071.0,4269.736842105263,1.8489984591679507,1911,1935,36,0,1899,1922,45592,12,0,0,12,13
2020-10-07,US,Georgia,Columbia,3902,62,0,33.54534185,-82.263524,13073.0,2489.88603443215,1.5889287544848796,3840,3883,62,0,3821,3875,154291,19,0,0,19,8
2020-10-07,US,Georgia,Cook,557,14,0,31.16068491,-83.42947229,13075.0,3225.24609148813,2.5134649910233398,543,555,14,0,541,555,17162,2,0,0,2,0
2020-10-07,US,Georgia,Coweta,2699,52,0,33.35334302,-84.76129976,13077.0,1817.3982721585892,1.9266394961096704,2647,2687,52,0,2635,2675,145864,12,0,0,12,12
2020-10-07,US,Georgia,Crawford,171,5,0,32.71391813,-83.98061238,13079.0,1378.587552402451,2.9239766081871346,166,171,5,0,166,171,12318,0,0,0,0,0
2020-10-07,US,Georgia,Crisp,593,19,0,31.92289565,-83.76811843,13081.0,2650.634721973896,3.2040472175379433,574,589,19,0,570,588,22601,4,0,0,4,1
2020-10-07,US,Georgia,Dade,297,5,0,34.854916700000004,-85.50490424,13083.0,1842.8890543559198,1.6835016835016836,292,290,5,0,285,290,16226,7,0,0,7,0
2020-10-07,US,Georgia,Dawson,849,8,0,34.44244079,-84.16964071,13085.0,3251.8768193657115,0.9422850412249706,841,847,8,0,839,848,25083,2,0,0,2,-1
2020-10-07,US,Georgia,DeKalb,19389,374,0,33.76944049,-84.22396017,13089.0,2553.546240799055,1.92892877404714,19015,19263,373,0,18890,19166,756558,126,1,0,125,97
2020-10-07,US,Georgia,Decatur,1219,32,0,30.87967778,-84.57619536,13087.0,4616.724738675958,2.6251025430680888,1187,1216,32,0,1184,1211,26575,3,0,0,3,5
2020-10-07,US,Georgia,Dodge,444,12,0,32.17265114,-83.16948926,13091.0,2154.816792040767,2.702702702702702,432,444,12,0,432,440,20705,0,0,0,0,4
2020-10-07,US,Georgia,Dooly,348,14,0,32.15630737,-83.79746561,13093.0,2598.954443614638,4.022988505747127,334,347,14,0,333,346,13706,1,0,0,1,1
2020-10-07,US,Georgia,Dougherty,3187,188,0,31.53328528,-84.21722377,13095.0,3623.4026103961073,5.898964543457798,2999,3184,188,0,2996,3183,91243,3,0,0,3,1
2020-10-07,US,Georgia,Douglas,3747,70,0,33.70291126,-84.77026156,13097.0,2560.4231155572866,1.8681611956231647,3677,3693,70,0,3623,3682,145331,54,0,0,54,11
2020-10-07,US,Georgia,Early,514,33,0,31.32155345,-84.90255207,13099.0,5044.1609421000985,6.42023346303502,481,515,33,0,482,513,10247,-1,0,0,-1,2
2020-10-07,US,Georgia,Echols,243,2,0,30.71101099,-82.89687287,13101.0,6065.901148277584,0.8230452674897121,241,242,2,0,240,242,4000,1,0,0,1,0
2020-10-07,US,Georgia,Effingham,1531,26,0,32.36616021,-81.34280942,13103.0,2381.174567624736,1.6982364467668192,1505,1523,26,0,1497,1510,62190,8,0,0,8,13
2020-10-07,US,Georgia,Elbert,705,5,0,34.11302332,-82.83936148,13105.0,3673.022819631136,0.7092198581560284,700,710,5,0,705,709,19120,-5,0,0,-5,1
2020-10-07,US,Georgia,Emanuel,1119,32,0,32.59221302,-82.30239915,13107.0,4941.269981453678,2.8596961572832886,1087,1115,32,0,1083,1105,22612,4,0,0,4,10
2020-10-07,US,Georgia,Evans,436,6,0,32.15328841,-81.8870105,13109.0,4092.3596771165758,1.3761467889908257,430,433,6,0,427,433,10721,3,0,0,3,0
2020-10-07,US,Georgia,Fannin,730,26,0,34.86430205,-84.316964,13111.0,2787.5362761570186,3.5616438356164384,704,721,26,0,695,713,25964,9,0,0,9,8
2020-10-07,US,Georgia,Fayette,1937,52,0,33.41357794,-84.49089434,13113.0,1692.8710638781342,2.684563758389262,1885,1931,52,0,1879,1925,113459,6,0,0,6,6
2020-10-07,US,Georgia,Floyd,3357,48,0,34.26268279,-85.21577392,13115.0,3408.191029259477,1.4298480786416443,3309,3338,47,0,3291,3319,97927,19,1,0,18,19
2020-10-07,US,Georgia,Forsyth,4286,47,0,34.22604035,-84.12315129999998,13117.0,1754.7450993236496,1.096593560429305,4239,4252,47,0,4205,4226,236612,34,0,0,34,26
2020-10-07,US,Georgia,Franklin,783,14,0,34.37525597,-83.23159927,13119.0,3353.4626750610305,1.7879948914431674,769,780,14,0,766,778,23023,3,0,0,3,2
2020-10-07,US,Georgia,Fulton,28392,581,0,33.79216944,-84.46319413,13121.0,2668.5790606022724,2.046351084812623,27811,28258,581,0,27677,28198,1050114,134,0,0,134,60
2020-10-07,US,Georgia,Gilmer,889,14,0,34.69316688,-84.45802506,13123.0,2834.008097165992,1.5748031496062993,875,882,13,0,869,874,30816,7,1,0,6,8
2020-10-07,US,Georgia,Glascock,40,2,0,33.22879932,-82.61297636,13125.0,1346.348030966005,5.0,38,40,2,0,38,40,2995,0,0,0,0,0
2020-10-07,US,Georgia,Glynn,3531,97,0,31.23279254,-81.53811412,13127.0,4139.8958870703,2.7470971396205037,3434,3522,97,0,3425,3521,85219,9,0,0,9,1
2020-10-07,US,Georgia,Gordon,1935,40,0,34.50487351,-84.87296253,13129.0,3338.336525024585,2.0671834625323,1895,1923,40,0,1883,1918,57685,12,0,0,12,5
2020-10-07,US,Georgia,Grady,814,23,0,30.87454847,-84.23418364,13131.0,3304.510209881054,2.8255528255528257,791,814,23,0,791,808,24748,0,0,0,0,6
2020-10-07,US,Georgia,Greene,532,24,0,33.5769205,-83.17139104,13133.0,2903.29622353198,4.511278195488722,508,521,24,0,497,517,17698,11,0,0,11,4
2020-10-07,US,Georgia,Gwinnett,28328,419,0,33.96044201,-84.02137802,13135.0,3025.6875834445927,1.4791019486020898,27909,28207,418,0,27789,28129,927781,121,1,0,120,78
2020-10-07,US,Georgia,Habersham,1752,71,0,34.63331566,-83.53094677,13137.0,3865.160607130251,4.052511415525114,1681,1741,71,0,1670,1733,45388,11,0,0,11,8
2020-10-07,US,Georgia,Hall,9733,159,0,34.32207823,-83.81896936,13139.0,4760.786730646006,1.633617589643481,9574,9677,159,0,9518,9639,202148,56,0,0,56,38
2020-10-07,US,Georgia,Hancock,400,43,0,33.2721566,-82.99766919,13141.0,4729.8096251625875,10.75,357,399,43,0,356,399,8348,1,0,0,1,0
2020-10-07,US,Georgia,Haralson,524,9,0,33.79602175,-85.21005667,13143.0,1758.8614393125672,1.717557251908397,515,520,9,0,511,518,29533,4,0,0,4,2
2020-10-07,US,Georgia,Harris,806,22,0,32.73709786,-84.90538572,13145.0,2287.433306845272,2.729528535980149,784,806,22,0,784,805,34475,0,0,0,0,1
2020-10-07,US,Georgia,Hart,534,13,0,34.34626973,-82.96567682,13147.0,2037.7790497996566,2.4344569288389515,521,529,13,0,516,528,26099,5,0,0,5,1
2020-10-07,US,Georgia,Heard,201,6,0,33.29686567,-85.12886832,13149.0,1685.817327853728,2.985074626865672,195,201,6,0,195,201,11879,0,0,0,0,0
2020-10-07,US,Georgia,Henry,5510,106,0,33.4533428,-84.14814659999998,13151.0,2349.069112085982,1.9237749546279488,5404,5469,106,0,5363,5429,230220,41,0,0,41,40
2020-10-07,US,Georgia,Houston,3232,84,0,32.45802497,-83.66879087,13153.0,2047.3448496481128,2.599009900990099,3148,3206,84,0,3122,3199,155469,26,0,0,26,7
2020-10-07,US,Georgia,Irwin,332,7,0,31.60213036,-83.27501387,13155.0,3525.913338997452,2.108433734939759,325,325,7,0,318,323,9398,7,0,0,7,2
2020-10-07,US,Georgia,Jackson,2095,36,0,34.13794553,-83.56814788,13157.0,2870.7675020896995,1.7183770883054892,2059,2087,35,0,2052,2074,70422,8,1,0,7,13
2020-10-07,US,Georgia,Jasper,228,4,0,33.31535543,-83.68844964,13159.0,1603.4882903157747,1.7543859649122806,224,228,4,0,224,227,14040,0,0,0,0,1
2020-10-07,US,Georgia,Jeff Davis,734,20,0,31.80405727,-82.63724870000001,13161.0,4856.103208733047,2.7247956403269757,714,731,20,0,711,730,15029,3,0,0,3,1
2020-10-07,US,Georgia,Jefferson,818,30,0,33.05867328,-82.41609057,13163.0,5324.827496419737,3.667481662591687,788,817,30,0,787,816,15430,1,0,0,1,1
2020-10-07,US,Georgia,Jenkins,444,30,0,32.79248718,-81.96040187,13165.0,5117.565698478562,6.756756756756758,414,444,30,0,414,440,8683,0,0,0,0,4
2020-10-07,US,Georgia,Johnson,422,22,0,32.70211082,-82.66166794,13167.0,4376.231463237582,5.213270142180095,400,421,22,0,399,421,9708,1,0,0,1,0
2020-10-07,US,Georgia,Jones,586,11,0,33.02512137,-83.56019163,13169.0,2039.3248651470333,1.877133105802048,575,579,11,0,568,575,28616,7,0,0,7,4
2020-10-07,US,Georgia,Lamar,383,19,0,33.07841647,-84.14263877,13171.0,2007.6531949467947,4.9608355091383824,364,382,19,0,363,381,19000,1,0,0,1,1
2020-10-07,US,Georgia,Lanier,301,6,0,31.03828570000001,-83.06472457,13173.0,2887.844190732035,1.9933554817275747,295,297,6,0,291,297,10340,4,0,0,4,0
2020-10-07,US,Georgia,Laurens,1763,78,0,32.46325233,-82.92221316,13175.0,3707.988053674336,4.424276800907544,1685,1743,77,0,1666,1727,47325,20,1,0,19,16
2020-10-07,US,Georgia,Lee,718,26,0,31.779330600000005,-84.14324253,13177.0,2393.971725793545,3.62116991643454,692,716,26,0,690,714,29764,2,0,0,2,2
2020-10-07,US,Georgia,Liberty,1149,23,0,31.82588896,-81.49251135,13179.0,1870.2693904126315,2.001740644038294,1126,1147,23,0,1124,1145,61497,2,0,0,2,2
2020-10-07,US,Georgia,Lincoln,215,7,0,33.79201475,-82.45024131,13181.0,2714.303749526575,3.255813953488372,208,215,7,0,208,215,7915,0,0,0,0,0
2020-10-07,US,Georgia,Long,257,3,0,31.75218791,-81.74952375,13183.0,1313.9731070095606,1.1673151750972763,254,257,3,0,254,256,18998,0,0,0,0,1
2020-10-07,US,Georgia,Lowndes,4047,85,0,30.83568832,-83.27056716,13185.0,3447.01292949253,2.100321225599209,3962,4012,85,0,3927,3996,116321,35,0,0,35,16
2020-10-07,US,Georgia,Lumpkin,947,14,0,34.57286511,-84.00425681,13187.0,2817.613805415055,1.478352692713833,933,945,14,0,931,939,32955,2,0,0,2,6
2020-10-07,US,Georgia,Macon,238,10,0,32.35207048,-84.04234127,13193.0,1838.2636904302155,4.201680672268908,228,236,10,0,226,236,13143,2,0,0,2,0
2020-10-07,US,Georgia,Madison,724,9,0,34.12920917,-83.21218732,13195.0,2423.0254350736277,1.2430939226519335,715,721,8,0,713,718,29650,3,1,0,2,3
2020-10-07,US,Georgia,Marion,193,9,0,32.3483402,-84.52733571,13197.0,2308.888623041033,4.66321243523316,184,193,9,0,184,193,8351,0,0,0,0,0
2020-10-07,US,Georgia,McDuffie,621,14,0,33.47851918,-82.48252774,13189.0,2913.851351351351,2.2544283413848634,607,620,14,0,606,618,21531,1,0,0,1,2
2020-10-07,US,Georgia,McIntosh,297,7,0,31.49683595,-81.40163426,13191.0,2065.6558631242174,2.356902356902357,290,297,7,0,290,296,14340,0,0,0,0,1
2020-10-07,US,Georgia,Meriwether,560,14,0,33.04163534,-84.68859732,13199.0,2645.6276279113713,2.5,546,560,14,0,546,560,21068,0,0,0,0,0
2020-10-07,US,Georgia,Miller,286,2,0,31.16568912,-84.73151117,13201.0,5001.748863238895,0.6993006993006993,284,279,1,0,278,278,5686,7,1,0,6,1
2020-10-07,US,Georgia,Mitchell,829,45,0,31.22483255,-84.19381821,13205.0,3791.7943557608746,5.428226779252112,784,826,45,0,781,825,22192,3,0,0,3,1
2020-10-07,US,Georgia,Monroe,715,54,0,33.014289,-83.92097166,13207.0,2592.6463122779032,7.552447552447552,661,711,53,0,658,710,27520,4,1,0,3,1
2020-10-07,US,Georgia,Montgomery,329,5,0,32.17201038,-82.53527476,13209.0,3587.0039249890974,1.5197568389057752,324,327,5,0,322,324,9193,2,0,0,2,3
2020-10-07,US,Georgia,Morgan,497,3,0,33.59232073,-83.49129491,13211.0,2578.3357543058733,0.6036217303822937,494,491,3,0,488,490,18853,6,0,0,6,1
2020-10-07,US,Georgia,Murray,867,6,0,34.78897608,-84.74993177,13213.0,2162.3104549082204,0.6920415224913494,861,859,6,0,853,853,39921,8,0,0,8,6
2020-10-07,US,Georgia,Muscogee,6137,172,0,32.50931999,-84.87142262,13215.0,3134.817054794172,2.8026723154635818,5965,6122,171,0,5951,6111,194160,15,1,0,14,11
2020-10-07,US,Georgia,Newton,2652,92,0,33.55514538,-83.84547140000002,13217.0,2373.2817869415812,3.469079939668175,2560,2647,92,0,2555,2645,109541,5,0,0,5,2
2020-10-07,US,Georgia,Oconee,786,26,0,33.83749973,-83.43679568,13219.0,1951.3406156901688,3.307888040712468,760,777,26,0,751,772,39272,9,0,0,9,5
2020-10-07,US,Georgia,Oglethorpe,358,11,0,33.878629600000004,-83.08278123,13221.0,2346.156366734386,3.0726256983240225,347,351,11,0,340,348,15054,7,0,0,7,3
2020-10-07,US,Georgia,Out of GA,15981,170,0,0.0,0.0,80013.0,0.0,1.0637632188223516,15811,16157,167,0,15990,16195,,-176,3,0,-179,-38
2020-10-07,US,Georgia,Paulding,2884,58,0,33.91969522,-84.86848792,13223.0,1709.878043719281,2.0110957004160888,2826,2869,58,0,2811,2864,164044,15,0,0,15,5
2020-10-07,US,Georgia,Peach,688,25,0,32.56934316,-83.82937,13225.0,2497.6403107529222,3.6337209302325584,663,685,25,0,660,684,27297,3,0,0,3,1
2020-10-07,US,Georgia,Pickens,642,10,0,34.46589159,-84.46406611,13227.0,1969.8689822343592,1.557632398753894,632,636,10,0,626,634,31980,6,0,0,6,2
2020-10-07,US,Georgia,Pierce,624,22,0,31.35928155,-82.21598442,13229.0,3205.753917287439,3.525641025641025,602,623,22,0,601,622,19389,1,0,0,1,1
2020-10-07,US,Georgia,Pike,354,10,0,33.09310242,-84.38790389,13231.0,1866.8916780930278,2.824858757062147,344,351,10,0,341,350,18634,3,0,0,3,1
2020-10-07,US,Georgia,Polk,1521,21,0,34.00267074,-85.18677781,13233.0,3569.3333020439773,1.3806706114398422,1500,1519,18,0,1501,1517,42470,2,3,0,-1,2
2020-10-07,US,Georgia,Pulaski,319,22,0,32.23334561,-83.47549959999998,13235.0,2864.3261201400733,6.896551724137932,297,319,22,0,297,318,11069,0,0,0,0,1
2020-10-07,US,Georgia,Putnam,732,24,0,33.32056115,-83.37552891,13237.0,3309.372033093721,3.278688524590164,708,722,25,0,697,720,21809,10,-1,0,11,2
2020-10-07,US,Georgia,Quitman,34,1,0,31.86728114,-85.01773177,13239.0,1478.9038712483691,2.9411764705882355,33,34,1,0,33,34,2279,0,0,0,0,0
2020-10-07,US,Georgia,Rabun,383,11,0,34.88389445,-83.40304637,13241.0,2234.9302678415124,2.8720626631853787,372,378,11,0,367,378,16867,5,0,0,5,0
2020-10-07,US,Georgia,Randolph,332,29,0,31.76622818,-84.75732369,13243.0,4898.200059014459,8.734939759036145,303,331,29,0,302,331,6833,1,0,0,1,0
2020-10-07,US,Georgia,Richmond,7327,168,0,33.35777107,-82.07026432,13245.0,3617.9500093818815,2.292889313498021,7159,7302,168,0,7134,7292,201554,25,0,0,25,10
2020-10-07,US,Georgia,Rockdale,1906,37,0,33.65145002,-84.02202167,13247.0,2096.901953881359,1.9412381951731372,1869,1898,37,0,1861,1897,90594,8,0,0,8,1
2020-10-07,US,Georgia,Schley,107,2,0,32.2654021,-84.31258912,13249.0,2035.3813962335933,1.8691588785046729,105,106,2,0,104,106,5236,1,0,0,1,0
2020-10-07,US,Georgia,Screven,427,11,0,32.74976524,-81.60779441,13251.0,3057.4251754260345,2.5761124121779857,416,425,11,0,414,424,13938,2,0,0,2,1
2020-10-07,US,Georgia,Seminole,367,9,0,30.93464824,-84.86823924,13253.0,4536.46477132262,2.4523160762942777,358,375,9,0,366,373,8315,-8,0,0,-8,2
2020-10-07,US,Georgia,Spalding,1381,62,0,33.26310031,-84.28013991,13255.0,2070.3716474521384,4.48950036205648,1319,1373,62,0,1311,1365,66100,8,0,0,8,8
2020-10-07,US,Georgia,Stephens,1151,38,0,34.55151201,-83.29405315,13257.0,4439.729990356798,3.301476976542137,1113,1142,38,0,1104,1129,26035,9,0,0,9,13
2020-10-07,US,Georgia,Stewart,521,16,0,32.07996777,-84.83208037,13259.0,7868.901978553091,3.071017274472169,505,523,15,0,508,523,6199,-2,1,0,-3,0
2020-10-07,US,Georgia,Sumter,942,64,0,32.03650571,-84.19821492,13261.0,3190.624576615635,6.794055201698514,878,941,64,0,877,941,29733,1,0,0,1,0
2020-10-07,US,Georgia,Talbot,166,6,0,32.69642758,-84.53351366,13263.0,2679.5803066989506,3.614457831325301,160,166,6,0,160,166,6272,0,0,0,0,0
2020-10-07,US,Georgia,Taliaferro,24,0,0,33.56543317,-82.88136816,13265.0,1561.4834092387769,0.0,24,23,0,0,23,23,1608,1,0,0,1,0
2020-10-07,US,Georgia,Tattnall,860,11,0,32.04785085,-82.05539188,13267.0,3401.0915130902476,1.2790697674418603,849,854,11,0,843,851,25391,6,0,0,6,3
2020-10-07,US,Georgia,Taylor,217,11,0,32.55792548,-84.25077141,13269.0,2705.7356608478804,5.0691244239631335,206,216,11,0,205,216,8039,1,0,0,1,0
2020-10-07,US,Georgia,Telfair,400,21,0,31.92829517,-82.93491155,13271.0,2522.068095838588,5.25,379,396,21,0,375,396,15876,4,0,0,4,0
2020-10-07,US,Georgia,Terrell,333,32,0,31.77527543,-84.44069698,13273.0,3903.41108896964,9.60960960960961,301,333,32,0,301,331,8611,0,0,0,0,2
2020-10-07,US,Georgia,Thomas,1524,66,0,30.86392347,-83.91847289,13275.0,3428.4942970911793,4.330708661417323,1458,1518,66,0,1452,1514,44448,6,0,0,6,4
2020-10-07,US,Georgia,Tift,1839,58,0,31.45743864,-83.5236119,13277.0,4524.653085326248,3.1538879825992385,1781,1831,57,0,1774,1828,40571,8,1,0,7,3
2020-10-07,US,Georgia,Toombs,1378,52,0,32.12059861,-82.32957247,13279.0,5136.041744316064,3.7735849056603774,1326,1374,51,0,1323,1364,26887,4,1,0,3,10
2020-10-07,US,Georgia,Towns,369,10,0,34.91369188,-83.74107459999998,13281.0,3065.54789399352,2.710027100271003,359,359,10,0,349,356,11852,10,0,0,10,3
2020-10-07,US,Georgia,Treutlen,269,11,0,32.40422134,-82.56904553,13283.0,3897.9857991595422,4.089219330855019,258,267,11,0,256,263,6809,2,0,0,2,4
2020-10-07,US,Georgia,Troup,2868,102,0,33.03349196,-85.02812115,13285.0,4101.713337719173,3.5564853556485354,2766,2861,102,0,2759,2855,70034,7,0,0,7,6
2020-10-07,US,Georgia,Turner,319,24,0,31.71612656,-83.62069378,13287.0,3994.9906073888537,7.523510971786834,295,317,24,0,293,317,7912,2,0,0,2,0
2020-10-07,US,Georgia,Twiggs,199,9,0,32.67435595,-83.43078662,13289.0,2450.7389162561576,4.522613065326633,190,199,9,0,190,199,8188,0,0,0,0,0
2020-10-07,US,Georgia,Unassigned,2206,6,0,0.0,0.0,90013.0,0.0,0.27198549410698103,2200,2195,7,0,2188,2277,,11,-1,0,12,-82
2020-10-07,US,Georgia,Union,834,21,0,34.82995757,-83.98967069,13291.0,3402.5539553669787,2.5179856115107917,813,823,21,0,802,806,24001,11,0,0,11,17
2020-10-07,US,Georgia,Upson,814,63,0,32.87920671,-84.30024826,13293.0,3092.7051671732524,7.739557739557741,751,809,63,0,746,807,26215,5,0,0,5,2
2020-10-07,US,Georgia,Walker,1651,38,0,34.73376362,-85.30165174,13295.0,2366.65185418787,2.301635372501514,1613,1639,38,0,1601,1620,69410,12,0,0,12,19
2020-10-07,US,Georgia,Walton,1904,59,0,33.78017694,-83.73552314,13297.0,2012.8339306291168,3.0987394957983194,1845,1883,57,0,1826,1870,93503,21,2,0,19,13
2020-10-07,US,Georgia,Ware,1532,62,0,31.05449097,-82.42224148,13299.0,4287.2334471371805,4.046997389033941,1470,1525,62,0,1463,1523,35680,7,0,0,7,2
2020-10-07,US,Georgia,Warren,159,5,0,33.41146451,-82.67795848,13301.0,3026.2657023220404,3.1446540880503147,154,159,5,0,154,158,5251,0,0,0,0,1
2020-10-07,US,Georgia,Washington,698,8,0,32.96711864,-82.79357039,13303.0,3425.935015215471,1.146131805157593,690,692,8,0,684,692,20386,6,0,0,6,0
2020-10-07,US,Georgia,Wayne,1167,31,0,31.5521809,-81.91894878,13305.0,3899.488755972867,2.6563838903170525,1136,1162,31,0,1131,1159,29808,5,0,0,5,3
2020-10-07,US,Georgia,Webster,44,2,0,32.04066113,-84.54742852,13307.0,1687.7637130801688,4.545454545454546,42,43,2,0,41,43,2611,1,0,0,1,0
2020-10-07,US,Georgia,Wheeler,349,12,0,32.12009104,-82.72574721,13309.0,4443.029917250159,3.4383954154727787,337,348,12,0,336,348,7879,1,0,0,1,0
2020-10-07,US,Georgia,White,919,20,0,34.64624278,-83.74905525,13311.0,2983.959997402429,2.1762785636561484,899,902,20,0,882,894,29970,17,0,0,17,8
2020-10-07,US,Georgia,Whitfield,4770,63,0,34.80987459,-84.96093476,13313.0,4559.009060672095,1.320754716981132,4707,4739,61,0,4678,4727,104062,31,2,0,29,12
2020-10-07,US,Georgia,Wilcox,250,25,0,31.97496928,-83.43438555,13315.0,2895.193977996526,10.0,225,249,24,0,225,249,8812,1,1,0,0,0
2020-10-07,US,Georgia,Wilkes,269,6,0,33.78290391,-82.74286107,13317.0,2751.355221438069,2.2304832713754648,263,269,5,0,264,268,9876,0,1,0,-1,1
2020-10-07,US,Georgia,Wilkinson,350,18,0,32.80291082,-83.17140684,13319.0,3908.8675452311822,5.142857142857143,332,347,18,0,329,347,9036,3,0,0,3,0
2020-10-07,US,Georgia,Worth,562,30,0,31.55162306,-83.85090513,13321.0,2775.719859732306,5.338078291814947,532,552,30,0,522,549,20299,10,0,0,10,3
2020-10-07,US,Hawaii,Hawaii,852,15,0,19.60121157,-155.5210167,15001.0,422.8015066025516,1.7605633802816902,837,834,15,0,819,820,200983,18,0,0,18,14
2020-10-07,US,Hawaii,Honolulu,11702,135,0,21.45803166,-157.97121819999995,15003.0,1200.7433075132135,1.1536489488976245,11567,11613,132,0,11481,11546,980080,89,3,0,86,67
2020-10-07,US,Hawaii,Kauai,59,0,0,22.03935037,-159.5966786,15007.0,81.61232761124867,0.0,59,59,0,0,59,59,72133,0,0,0,0,0
2020-10-07,US,Hawaii,Maui,396,12,0,20.86399628,-156.56890969999995,15009.0,236.53511889473592,3.0303030303030303,384,397,12,0,385,395,167207,-1,0,0,-1,2
2020-10-07,US,Hawaii,Out of HI,36,1,0,0.0,0.0,80015.0,0.0,2.7777777777777777,35,34,1,0,33,34,,2,0,0,2,0
2020-10-07,US,Idaho,Ada,13875,153,0,43.4526575,-116.24155159999998,16001.0,2881.0993652237294,1.1027027027027028,13722,13767,153,0,13614,13672,469966,108,0,0,108,95
2020-10-07,US,Idaho,Adams,29,2,0,44.89333571,-116.4545247,16003.0,675.3609687936656,6.896551724137932,27,28,2,0,26,29,4250,1,0,0,1,-1
2020-10-07,US,Idaho,Bannock,1346,8,0,42.67002716,-112.2233311,16005.0,1532.889941690962,0.5943536404160475,1338,1298,6,0,1292,1272,87138,48,2,0,46,26
2020-10-07,US,Idaho,Bear Lake,50,1,0,42.28269683,-111.32892379999998,16007.0,816.3265306122447,2.0,49,48,1,0,47,48,6050,2,0,0,2,0
2020-10-07,US,Idaho,Benewah,162,3,0,47.21754179,-116.6586851,16009.0,1742.3101742310175,1.851851851851852,159,155,3,0,152,155,9226,7,0,0,7,0
2020-10-07,US,Idaho,Bingham,1102,10,0,43.21672879999999,-112.3978437,16011.0,2354.147529426844,0.9074410163339384,1092,1079,10,0,1069,1064,46236,23,0,0,23,15
2020-10-07,US,Idaho,Blaine,715,6,0,43.4085812,-113.9752658,16013.0,3105.8598670778856,0.8391608391608392,709,706,6,0,700,700,22601,9,0,0,9,6
2020-10-07,US,Idaho,Boise,73,2,0,43.98829931,-115.7309284,16015.0,932.1925679989785,2.7397260273972597,71,74,2,0,72,73,7634,-1,0,0,-1,1
2020-10-07,US,Idaho,Bonner,383,0,0,48.29996017,-116.6017932,16017.0,837.3598023568509,0.0,383,371,0,0,371,369,44727,12,0,0,12,2
2020-10-07,US,Idaho,Bonneville,3146,19,0,43.38713372,-111.6161537,16019.0,2642.3208076464357,0.6039415130324222,3127,3094,17,0,3077,3041,116854,52,2,0,50,53
2020-10-07,US,Idaho,Boundary,63,1,0,48.76684761,-116.4630179,16021.0,514.4957125357289,1.5873015873015872,62,60,1,0,59,59,11948,3,0,0,3,1
2020-10-07,US,Idaho,Butte,46,0,0,43.72592209,-113.1735463,16023.0,1771.2745475548707,0.0,46,43,0,0,43,43,2611,3,0,0,3,0
2020-10-07,US,Idaho,Camas,38,0,0,43.46665742,-114.8065892,16025.0,3435.8047016274872,0.0,38,38,0,0,38,37,1127,0,0,0,0,1
2020-10-07,US,Idaho,Canyon,8567,103,0,43.61970148,-116.70954990000001,16027.0,3727.229615965264,1.2022878487218396,8464,8492,103,0,8389,8443,223499,75,0,0,75,49
2020-10-07,US,Idaho,Caribou,140,2,0,42.77149116,-111.5597683,16029.0,1956.6736547868625,1.4285714285714286,138,137,2,0,135,136,7060,3,0,0,3,1
2020-10-07,US,Idaho,Cassia,868,7,0,42.28347888,-113.6012409,16031.0,3612.151477320017,0.8064516129032258,861,861,7,0,854,815,23864,7,0,0,7,46
2020-10-07,US,Idaho,Clark,38,0,0,44.28496071,-112.35057040000001,16033.0,4497.041420118343,0.0,38,38,0,0,38,37,852,0,0,0,0,1
2020-10-07,US,Idaho,Clearwater,82,0,0,46.67459924,-115.6622393,16035.0,936.5006852444037,0.0,82,82,0,0,82,73,8758,0,0,0,0,9
2020-10-07,US,Idaho,Custer,76,1,0,44.24186819,-114.2855494,16037.0,1761.297798377752,1.3157894736842106,75,72,1,0,71,72,4280,4,0,0,4,0
2020-10-07,US,Idaho,Elmore,395,4,0,43.3507101,-115.4701578,16039.0,1435.7893206353824,1.0126582278481011,391,388,4,0,384,385,27259,7,0,0,7,3
2020-10-07,US,Idaho,Franklin,176,1,0,42.18332217,-111.81496659999999,16041.0,1268.3770539060247,0.5681818181818182,175,163,1,0,162,157,13726,13,0,0,13,6
2020-10-07,US,Idaho,Fremont,280,3,0,44.22800938,-111.48099429999999,16043.0,2137.567753263608,1.0714285714285714,277,275,3,0,272,272,13168,5,0,0,5,3
2020-10-07,US,Idaho,Gem,349,4,0,44.06482372,-116.398376,16045.0,1926.8992932862188,1.146131805157593,345,349,4,0,345,347,17634,0,0,0,0,2
2020-10-07,US,Idaho,Gooding,355,1,0,42.96927962,-114.81083059999999,16047.0,2338.7574939060546,0.28169014084507044,354,344,1,0,343,330,15196,11,0,0,11,14
2020-10-07,US,Idaho,Idaho,237,0,0,45.84721541,-115.4634436,16049.0,1421.9715605687884,0.0,237,233,0,0,233,228,16513,4,0,0,4,5
2020-10-07,US,Idaho,Jefferson,688,3,0,43.82078483,-112.3131749,16051.0,2303.2372535234845,0.43604651162790703,685,674,3,0,671,666,29439,14,0,0,14,8
2020-10-07,US,Idaho,Jerome,847,7,0,42.68891267,-114.2655033,16053.0,3469.605112239882,0.8264462809917356,840,830,7,0,823,811,24015,17,0,0,17,19
2020-10-07,US,Idaho,Kootenai,2939,42,0,47.67282258,-116.7020872,16055.0,1773.7195000512986,1.4290575025518883,2897,2884,39,0,2845,2844,161505,55,3,0,52,40
2020-10-07,US,Idaho,Latah,669,0,0,46.81587887,-116.71136979999999,16057.0,1667.9964096938265,0.0,669,647,0,0,647,620,40134,22,0,0,22,27
2020-10-07,US,Idaho,Lemhi,123,0,0,44.9438088,-113.9309747,16059.0,1532.3283916780865,0.0,123,117,0,0,117,115,7961,6,0,0,6,2
2020-10-07,US,Idaho,Lewis,44,2,0,46.23315327,-116.434146,16061.0,1146.430432516936,4.545454545454546,42,41,1,0,40,39,3861,3,1,0,2,2
2020-10-07,US,Idaho,Lincoln,99,0,0,43.0012336,-114.1358773,16063.0,1844.9496831904585,0.0,99,97,0,0,97,95,5360,2,0,0,2,2
2020-10-07,US,Idaho,Madison,1220,2,0,43.78141028,-111.65384740000002,16065.0,3057.1077755782194,0.16393442622950818,1218,1177,2,0,1175,1102,39304,43,0,0,43,75
2020-10-07,US,Idaho,Minidoka,807,8,0,42.85518524,-113.6357257,16067.0,3835.7336375303007,0.9913258983890956,799,799,8,0,791,774,20825,8,0,0,8,25
2020-10-07,US,Idaho,Nez Perce,508,24,0,46.32638236,-116.75009750000001,16069.0,1257.176796673926,4.724409448818896,484,492,24,0,468,484,40408,16,0,0,16,8
2020-10-07,US,Idaho,Oneida,29,0,0,42.19494279999999,-112.5407838,16071.0,640.0353122930919,0.0,29,29,0,0,29,28,4488,0,0,0,0,1
2020-10-07,US,Idaho,Owyhee,350,5,0,42.58016894,-116.16938710000001,16073.0,2960.3315571343987,1.4285714285714286,345,345,5,0,340,338,11693,5,0,0,5,7
2020-10-07,US,Idaho,Payette,970,9,0,44.00545243,-116.7647695,16075.0,4049.935284539268,0.9278350515463918,961,961,9,0,952,947,23551,9,0,0,9,14
2020-10-07,US,Idaho,Power,289,1,0,42.69254894,-112.83957420000002,16077.0,3762.530920453066,0.3460207612456747,288,285,1,0,284,283,7768,4,0,0,4,2
2020-10-07,US,Idaho,Shoshone,218,18,0,47.35364087,-115.89167490000001,16079.0,1692.2838068622884,8.256880733944952,200,217,18,0,199,217,12796,1,0,0,1,0
2020-10-07,US,Idaho,Teton,213,1,0,43.75303583,-111.2056773,16081.0,1754.241475868885,0.4694835680751174,212,209,1,0,208,204,11640,4,0,0,4,5
2020-10-07,US,Idaho,Twin Falls,2654,40,0,42.35440512,-114.6685381,16083.0,3054.858537259145,1.5071590052750563,2614,2588,40,0,2548,2513,86081,66,0,0,66,75
2020-10-07,US,Idaho,Valley,103,1,0,44.76728382,-115.5676773,16085.0,904.1432584269664,0.9708737864077671,102,103,1,0,102,98,11041,0,0,0,0,5
2020-10-07,US,Idaho,Washington,392,6,0,44.45275475,-116.78476880000001,16087.0,3845.399254463409,1.5306122448979589,386,392,6,0,386,387,10161,0,0,0,0,5
2020-10-07,US,Illinois,Adams,1298,10,0,39.98815591,-91.18786813,17001.0,1983.647894857492,0.7704160246533128,1288,1282,10,0,1272,1267,65691,16,0,0,16,15
2020-10-07,US,Illinois,Alexander,97,1,0,37.18049267,-89.32910838,17003.0,1683.7354625932999,1.0309278350515465,96,94,1,0,93,91,6060,3,0,0,3,3
2020-10-07,US,Illinois,Bond,368,8,0,38.88829622,-89.43534887,17005.0,2240.350663582126,2.1739130434782608,360,365,8,0,357,363,16630,3,0,0,3,2
2020-10-07,US,Illinois,Boone,1270,24,0,42.32359279,-88.82345779,17007.0,2371.8810697743907,1.889763779527559,1246,1243,24,0,1219,1224,53577,27,0,0,27,19
2020-10-07,US,Illinois,Brown,75,0,0,39.96209138,-90.75068024,17009.0,1140.1641836424444,0.0,75,72,0,0,72,71,6556,3,0,0,3,1
2020-10-07,US,Illinois,Bureau,756,15,0,41.40385234,-89.5283051,17011.0,2317.028319235013,1.984126984126984,741,753,14,0,739,737,32993,3,1,0,2,16
2020-10-07,US,Illinois,Calhoun,66,0,0,39.16840183,-90.66330078,17013.0,1392.698881620595,0.0,66,66,0,0,66,66,4802,0,0,0,0,0
2020-10-07,US,Illinois,Carroll,252,6,0,42.06823429,-89.93395545,17015.0,1761.6218105557498,2.380952380952381,246,251,6,0,245,245,14312,1,0,0,1,6
2020-10-07,US,Illinois,Cass,418,11,0,39.96991073,-90.24734436,17017.0,3441.178891907467,2.631578947368421,407,415,11,0,404,414,12260,3,0,0,3,1
2020-10-07,US,Illinois,Champaign,5183,25,0,40.13919438,-88.20046615,17019.0,2471.755790718636,0.4823461315840247,5158,5096,24,0,5072,5057,209983,87,1,0,86,39
2020-10-07,US,Illinois,Christian,659,20,0,39.54581621,-89.27780482,17021.0,2039.9950470529968,3.0349013657056148,639,637,16,0,621,630,32661,22,4,0,18,7
2020-10-07,US,Illinois,Clark,206,3,0,39.33425789,-87.78705622,17023.0,1334.1104850722106,1.4563106796116505,203,194,3,0,191,193,15596,12,0,0,12,1
2020-10-07,US,Illinois,Clay,227,0,0,38.75388572,-88.48914513,17025.0,1721.783980582524,0.0,227,221,0,0,221,196,13253,6,0,0,6,25
2020-10-07,US,Illinois,Clinton,1338,23,0,38.60704876,-89.42385254,17027.0,3562.1106437356902,1.7189835575485801,1315,1319,22,0,1297,1309,37639,19,1,0,18,10
2020-10-07,US,Illinois,Coles,1591,35,0,39.51949084,-88.22358557,17029.0,3142.9643823709525,2.1998742928975488,1556,1566,34,0,1532,1564,50885,25,1,0,24,2
2020-10-07,US,Illinois,Cook,150400,5273,0,41.84144849,-87.81658794,17031.0,2920.2562291841937,3.5059840425531914,145127,149588,5268,0,144320,149127,5180493,812,5,0,807,461
2020-10-07,US,Illinois,Crawford,505,6,0,39.0032229,-87.75954624,17033.0,2705.308833770825,1.188118811881188,499,497,6,0,491,491,18807,8,0,0,8,6
2020-10-07,US,Illinois,Cumberland,226,5,0,39.27432424,-88.2401158,17035.0,2099.201188928107,2.2123893805309733,221,224,5,0,219,222,10808,2,0,0,2,2
2020-10-07,US,Illinois,De Witt,147,2,0,40.17514519,-88.90959682,17039.0,940.0179051029544,1.3605442176870748,145,144,2,0,142,142,15769,3,0,0,3,2
2020-10-07,US,Illinois,DeKalb,1777,41,0,41.89373302,-88.76958483,17037.0,1694.0427276280539,2.3072594259988746,1736,1757,41,0,1716,1745,104143,20,0,0,20,12
2020-10-07,US,Illinois,Douglas,357,7,0,39.76768052,-88.21854195,17041.0,1834.0611353711788,1.96078431372549,350,352,7,0,345,347,19479,5,0,0,5,5
2020-10-07,US,Illinois,DuPage,18583,575,0,41.85116968,-88.08642662,17043.0,2013.498446779301,3.094225905397406,18008,18414,570,0,17844,18305,928589,169,5,0,164,109
2020-10-07,US,Illinois,Edgar,122,8,0,39.6809186,-87.74759563,17045.0,710.9142823844765,6.557377049180328,114,121,8,0,113,119,17360,1,0,0,1,2
2020-10-07,US,Illinois,Edwards,77,0,0,38.41353228,-88.05720863,17047.0,1204.065676309617,0.0,77,74,0,0,74,72,6392,3,0,0,3,2
2020-10-07,US,Illinois,Effingham,941,3,0,39.05935711,-88.58969584,17049.0,2766.996000940955,0.3188097768331562,938,930,3,0,927,924,34208,11,0,0,11,6
2020-10-07,US,Illinois,Fayette,483,9,0,39.00072038,-89.02452658,17051.0,2263.7795275590547,1.8633540372670807,474,480,9,0,471,471,21416,3,0,0,3,9
2020-10-07,US,Illinois,Ford,112,5,0,40.59706922,-88.22350769,17053.0,864.1308541007637,4.464285714285714,107,112,5,0,107,111,13264,0,0,0,0,1
2020-10-07,US,Illinois,Franklin,608,5,0,37.99189086,-88.92567818,17055.0,1580.4933842834494,0.8223684210526315,603,591,4,0,587,580,38701,17,1,0,16,11
2020-10-07,US,Illinois,Fulton,232,0,0,40.47289135,-90.20862357,17057.0,675.596971461852,0.0,232,225,0,0,225,214,34844,7,0,0,7,11
2020-10-07,US,Illinois,Gallatin,79,2,0,37.76430935,-88.22953869,17059.0,1636.2883181441593,2.5316455696202533,77,79,2,0,77,78,5058,0,0,0,0,1
2020-10-07,US,Illinois,Greene,241,14,0,39.35907414,-90.388865,17061.0,1858.2774307965149,5.809128630705394,227,239,14,0,225,239,13044,2,0,0,2,0
2020-10-07,US,Illinois,Grundy,753,7,0,41.28569601,-88.41905692,17063.0,1474.9089199670934,0.9296148738379814,746,747,7,0,740,728,50972,6,0,0,6,19
2020-10-07,US,Illinois,Hamilton,80,2,0,38.08163641,-88.53883373,17065.0,985.7072449482504,2.5,78,80,2,0,78,79,8163,0,0,0,0,1
2020-10-07,US,Illinois,Hancock,242,3,0,40.40423981,-91.16313899,17067.0,1366.6139597921842,1.2396694214876034,239,240,3,0,237,237,17844,2,0,0,2,3
2020-10-07,US,Illinois,Hardin,44,0,0,37.51810645,-88.26873022,17069.0,1151.5310128238682,0.0,44,42,0,0,42,41,3910,2,0,0,2,1
2020-10-07,US,Illinois,Henderson,79,0,0,40.81908672,-90.92491462,17071.0,1188.6849232621125,0.0,79,78,0,0,78,78,6709,1,0,0,1,0
2020-10-07,US,Illinois,Henry,715,5,0,41.3533994,-90.13296166,17073.0,1461.7790771369573,0.6993006993006993,710,714,5,0,709,709,49090,1,0,0,1,5
2020-10-07,US,Illinois,Iroquois,380,19,0,40.74717633,-87.82466784,17075.0,1401.4900051633845,5.0,361,375,19,0,356,374,27604,5,0,0,5,1
2020-10-07,US,Illinois,Jackson,1312,24,0,37.78595185,-89.38232563,17077.0,2311.894273127753,1.8292682926829267,1288,1302,24,0,1278,1296,57419,10,0,0,10,6
2020-10-07,US,Illinois,Jasper,221,10,0,39.01054275,-88.15437049,17079.0,2299.687825182102,4.524886877828054,211,220,10,0,210,217,9611,1,0,0,1,3
2020-10-07,US,Illinois,Jefferson,729,38,0,38.29980057,-88.9240025,17081.0,1934.508014011252,5.212620027434842,691,706,38,0,668,696,37820,23,0,0,23,10
2020-10-07,US,Illinois,Jersey,415,19,0,39.08869046,-90.35393073,17083.0,1906.030404629587,4.578313253012048,396,408,19,0,389,405,21847,7,0,0,7,3
2020-10-07,US,Illinois,Jo Daviess,307,2,0,42.36542373,-90.21094405,17085.0,1445.7263951024252,0.6514657980456026,305,304,2,0,302,303,21366,3,0,0,3,1
2020-10-07,US,Illinois,Johnson,199,0,0,37.45939802,-88.88165419,17087.0,1602.6415398244342,0.0,199,194,0,0,194,188,12456,5,0,0,5,6
2020-10-07,US,Illinois,Kane,13756,331,0,41.93842729,-88.42861412,17089.0,2583.757041188724,2.406222739168363,13425,13655,330,0,13325,13602,534216,101,1,0,100,53
2020-10-07,US,Illinois,Kankakee,2894,79,0,41.13746989,-87.86205334,17091.0,2634.2138318982,2.7297857636489287,2815,2879,78,0,2801,2869,110024,15,1,0,14,10
2020-10-07,US,Illinois,Kendall,2155,26,0,41.59081014,-88.42869583,17093.0,1670.6721451275293,1.2064965197215778,2129,2136,26,0,2110,2126,127915,19,0,0,19,10
2020-10-07,US,Illinois,Knox,796,4,0,40.93148779,-90.21330340000002,17095.0,1601.6418841425382,0.5025125628140703,792,773,4,0,769,765,50112,23,0,0,23,8
2020-10-07,US,Illinois,LaSalle,1873,57,0,41.34426129999999,-88.88633881,17099.0,1723.5826224590269,3.043246129204485,1816,1861,57,0,1804,1855,109430,12,0,0,12,6
2020-10-07,US,Illinois,Lake,17794,494,0,42.3224907,-88.00367925,17097.0,2554.645495201247,2.7762167022591884,17300,17691,494,0,17197,17606,700832,103,0,0,103,85
2020-10-07,US,Illinois,Lawrence,277,6,0,38.71987914,-87.72884035,17101.0,1766.8069906875878,2.166064981949458,271,275,6,0,269,275,15765,2,0,0,2,0
2020-10-07,US,Illinois,Lee,451,1,0,41.74583951,-89.29977132,17103.0,1322.7358047864852,0.22172949002217296,450,442,1,0,441,440,34223,9,0,0,9,2
2020-10-07,US,Illinois,Livingston,448,8,0,40.89188292,-88.55784752,17105.0,1256.7324955116694,1.7857142857142858,440,445,8,0,437,437,35761,3,0,0,3,8
2020-10-07,US,Illinois,Logan,488,2,0,40.12581572,-89.36638784,17107.0,1705.2204906003215,0.4098360655737705,486,486,2,0,484,483,28925,2,0,0,2,3
2020-10-07,US,Illinois,Macon,1810,47,0,39.86064913,-88.96342505,17115.0,1740.2340182099624,2.596685082872928,1763,1760,47,0,1713,1746,104712,50,0,0,50,14
2020-10-07,US,Illinois,Macoupin,610,8,0,39.26119767,-89.92424028,17117.0,1357.7883630859635,1.3114754098360657,602,603,8,0,595,595,45313,7,0,0,7,8
2020-10-07,US,Illinois,Madison,6085,148,0,38.83042506,-89.90422563,17119.0,2313.9873595826075,2.4322103533278554,5937,6032,147,0,5885,6021,264461,53,1,0,52,11
2020-10-07,US,Illinois,Marion,695,5,0,38.64963204,-88.91899208,17121.0,1868.028490794248,0.7194244604316546,690,655,3,0,652,652,37620,40,2,0,38,3
2020-10-07,US,Illinois,Marshall,117,0,0,41.0327901,-89.34510444,17123.0,1022.906102465466,0.0,117,118,0,0,118,117,11534,-1,0,0,-1,1
2020-10-07,US,Illinois,Mason,183,1,0,40.23917274,-89.91824452,17125.0,1369.86301369863,0.5464480874316939,182,180,1,0,179,178,13565,3,0,0,3,2
2020-10-07,US,Illinois,Massac,130,2,0,37.22078441,-88.71036614,17127.0,943.9442346790587,1.5384615384615383,128,128,2,0,126,128,14080,2,0,0,2,0
2020-10-07,US,Illinois,McDonough,517,15,0,40.45674722,-90.67775541,17109.0,1741.7963749073515,2.9013539651837523,502,514,15,0,499,509,29955,3,0,0,3,5
2020-10-07,US,Illinois,McHenry,4905,119,0,42.32451172,-88.45248227,17111.0,1593.7018721529435,2.4260958205912333,4786,4849,119,0,4730,4817,308570,56,0,0,56,32
2020-10-07,US,Illinois,McLean,3488,23,0,40.48996987,-88.84621113,17113.0,2033.6176588909555,0.6594036697247706,3465,3455,23,0,3432,3451,172828,33,0,0,33,4
2020-10-07,US,Illinois,Menard,136,1,0,40.02742725,-89.80246001,17129.0,1115.1197113807802,0.7352941176470589,135,134,1,0,133,133,12288,2,0,0,2,1
2020-10-07,US,Illinois,Mercer,160,6,0,41.20596782,-90.74290052,17131.0,1036.4708168685622,3.75,154,156,6,0,150,154,15601,4,0,0,4,2
2020-10-07,US,Illinois,Monroe,749,24,0,38.27594376,-90.17761038,17133.0,2162.427461962641,3.204272363150868,725,736,24,0,712,731,34335,13,0,0,13,5
2020-10-07,US,Illinois,Montgomery,430,13,0,39.23198845,-89.47809254,17135.0,1513.3384951080454,3.0232558139534884,417,420,13,0,407,411,28601,10,0,0,10,9
2020-10-07,US,Illinois,Morgan,705,24,0,39.71654544,-90.20255104,17137.0,2094.5986095430508,3.404255319148936,681,703,24,0,679,698,33976,2,0,0,2,5
2020-10-07,US,Illinois,Moultrie,248,4,0,39.64187451,-88.62099969,17139.0,1710.2268809047653,1.6129032258064515,244,241,4,0,237,239,14717,7,0,0,7,2
2020-10-07,US,Illinois,Ogle,846,6,0,42.04165196,-89.32184679,17141.0,1670.5171494579706,0.7092198581560284,840,820,6,0,814,810,50923,26,0,0,26,10
2020-10-07,US,Illinois,Out of IL,4,0,0,0.0,0.0,80017.0,0.0,0.0,4,1,0,0,1,1,,3,0,0,3,0
2020-10-07,US,Illinois,Peoria,3759,55,0,40.78702156,-89.76078901,17143.0,2097.902097902098,1.463155094440011,3704,3744,55,0,3689,3721,180621,15,0,0,15,23
2020-10-07,US,Illinois,Perry,365,16,0,38.08510853,-89.36856219,17145.0,1745.0755402562631,4.383561643835616,349,363,15,0,348,362,21174,2,1,0,1,1
2020-10-07,US,Illinois,Piatt,160,0,0,40.01360584,-88.59319339,17147.0,978.9525208027412,0.0,160,158,0,0,158,158,16396,2,0,0,2,0
2020-10-07,US,Illinois,Pike,158,2,0,39.62265059,-90.8877017,17149.0,1015.3589100957522,1.2658227848101269,156,156,2,0,154,153,15611,2,0,0,2,3
2020-10-07,US,Illinois,Pope,30,1,0,37.41391284,-88.56152109,17151.0,718.2188173330143,3.333333333333333,29,30,1,0,29,30,4212,0,0,0,0,0
2020-10-07,US,Illinois,Pulaski,200,1,0,37.22631423,-89.13085001,17153.0,3748.828491096532,0.5,199,197,1,0,196,195,5463,3,0,0,3,2
2020-10-07,US,Illinois,Putnam,69,0,0,41.2013541,-89.2869272,17155.0,1202.3000522739153,0.0,69,70,0,0,70,69,5740,-1,0,0,-1,1
2020-10-07,US,Illinois,Randolph,995,13,0,38.05095369,-89.82512254,17157.0,3130.7029135988923,1.306532663316583,982,986,12,0,974,983,32106,9,1,0,8,3
2020-10-07,US,Illinois,Richland,267,9,0,38.71240969,-88.08475366,17159.0,1721.137110810288,3.3707865168539324,258,264,9,0,255,262,15763,3,0,0,3,2
2020-10-07,US,Illinois,Rock Island,3253,81,0,41.46613806,-90.57042164,17161.0,2292.798793337985,2.4900092222563788,3172,3227,80,0,3147,3208,143477,26,1,0,25,19
2020-10-07,US,Illinois,Saline,417,5,0,37.75332999,-88.54119706,17165.0,1775.1479289940826,1.1990407673860912,412,403,4,0,399,399,23906,14,1,0,13,4
2020-10-07,US,Illinois,Sangamon,2742,47,0,39.75836914,-89.65872023,17167.0,1408.5230541628994,1.7140773158278628,2695,2676,46,0,2630,2650,195348,66,1,0,65,26
2020-10-07,US,Illinois,Schuyler,63,1,0,40.157179799999994,-90.61114163,17169.0,930.8510638297873,1.5873015873015872,62,62,1,0,61,59,6907,1,0,0,1,3
2020-10-07,US,Illinois,Scott,82,0,0,39.642916899999996,-90.47814431,17171.0,1656.231064431428,0.0,82,82,0,0,82,81,4926,0,0,0,0,1
2020-10-07,US,Illinois,Shelby,461,6,0,39.39133527,-88.80611122,17173.0,2130.9050568549505,1.3015184381778742,455,455,4,0,451,439,21741,6,2,0,4,16
2020-10-07,US,Illinois,St. Clair,6994,199,0,38.46996033,-89.93063427,17163.0,2693.2526204724168,2.8452959679725485,6795,6962,197,0,6765,6933,261059,32,2,0,30,29
2020-10-07,US,Illinois,Stark,58,2,0,41.09309773,-89.79745866,17175.0,1085.7356795207788,3.4482758620689653,56,57,2,0,55,56,5427,1,0,0,1,1
2020-10-07,US,Illinois,Stephenson,611,7,0,42.35129217,-89.662598,17177.0,1373.0954200188773,1.1456628477905073,604,595,7,0,588,588,44753,16,0,0,16,7
2020-10-07,US,Illinois,Tazewell,1977,36,0,40.50716185,-89.51404662,17179.0,1499.9658581367646,1.8209408194233687,1941,1949,34,0,1915,1924,132328,28,2,0,26,25
2020-10-07,US,Illinois,Unassigned,2784,249,0,0.0,0.0,90017.0,0.0,8.943965517241379,2535,2769,249,0,2520,2770,,15,0,0,15,-1
2020-10-07,US,Illinois,Union,597,24,0,37.47119609,-89.25548938,17181.0,3584.939650513421,4.0201005025125625,573,585,24,0,561,554,16841,12,0,0,12,31
2020-10-07,US,Illinois,Vermilion,1065,5,0,40.18417171,-87.73384359,17183.0,1405.7921275640854,0.4694835680751174,1060,1048,5,0,1043,1011,76806,17,0,0,17,37
2020-10-07,US,Illinois,Wabash,174,4,0,38.44272901,-87.84922065,17185.0,1510.416666666667,2.2988505747126435,170,170,3,0,167,169,11549,4,1,0,3,1
2020-10-07,US,Illinois,Warren,369,3,0,40.84925021,-90.6147432,17187.0,2190.6910472571835,0.8130081300813008,366,363,3,0,360,357,17032,6,0,0,6,6
2020-10-07,US,Illinois,Washington,237,1,0,38.35309213,-89.40982703,17189.0,1706.6321019658676,0.4219409282700422,236,236,1,0,235,232,13995,1,0,0,1,4
2020-10-07,US,Illinois,Wayne,336,6,0,38.42955355,-88.42586459,17191.0,2072.155411655874,1.7857142857142858,330,328,6,0,322,325,16332,8,0,0,8,3
2020-10-07,US,Illinois,White,193,1,0,38.08706198,-88.17657461,17193.0,1425.7220949988919,0.5181347150259067,192,191,1,0,190,189,13665,2,0,0,2,2
2020-10-07,US,Illinois,Whiteside,912,21,0,41.75509713,-89.91556058,17195.0,1652.9225192569104,2.3026315789473686,891,898,21,0,877,883,55626,14,0,0,14,15
2020-10-07,US,Illinois,Will,14937,394,0,41.44619267,-87.97862712,17197.0,2162.454053099344,2.6377451964919327,14543,14804,389,0,14415,14702,692310,133,5,0,128,102
2020-10-07,US,Illinois,Williamson,1502,55,0,37.73033511,-88.92994027,17199.0,2255.356847906062,3.661784287616512,1447,1484,54,0,1430,1467,67056,18,1,0,17,17
2020-10-07,US,Illinois,Winnebago,7181,155,0,42.33641854,-89.16085327,17201.0,2541.2992086972517,2.1584737501740703,7026,6975,155,0,6820,6886,284081,206,0,0,206,89
2020-10-07,US,Illinois,Woodford,467,9,0,40.78579374,-89.20973757,17203.0,1214.2801424894044,1.9271948608137044,458,459,9,0,450,459,38463,8,0,0,8,0
2020-10-07,US,Indiana,Adams,319,4,0,40.7457653,-84.93671406,18001.0,891.6342901864326,1.2539184952978055,315,317,4,0,313,305,35636,2,0,0,2,12
2020-10-07,US,Indiana,Allen,6774,209,0,41.09194313,-85.06800636,18003.0,1785.9261427000863,3.0853262474165932,6565,6701,209,0,6492,6660,375351,73,0,0,73,41
2020-10-07,US,Indiana,Bartholomew,1232,57,0,39.20744865,-85.89558181,18005.0,1470.5355757409375,4.626623376623376,1175,1232,57,0,1175,1228,82753,0,0,0,0,4
2020-10-07,US,Indiana,Benton,90,0,0,40.60626947,-87.31093999,18007.0,1028.80658436214,0.0,90,92,0,0,92,90,8653,-2,0,0,-2,2
2020-10-07,US,Indiana,Blackford,149,3,0,40.47388153,-85.32499702,18009.0,1267.2223167205307,2.0134228187919465,146,147,3,0,144,141,11930,2,0,0,2,6
2020-10-07,US,Indiana,Boone,1068,46,0,40.0509304,-86.46841646,18011.0,1574.2228380230829,4.307116104868913,1022,1047,46,0,1001,1044,66999,21,0,0,21,3
2020-10-07,US,Indiana,Brown,109,3,0,39.19605589,-86.22868909,18013.0,722.2369467267425,2.7522935779816518,106,107,3,0,104,105,15234,2,0,0,2,2
2020-10-07,US,Indiana,Carroll,292,13,0,40.580783200000006,-86.56198812,18015.0,1441.4770202892828,4.452054794520548,279,289,13,0,276,289,20127,3,0,0,3,0
2020-10-07,US,Indiana,Cass,2036,11,0,40.76135835,-86.34830753,18017.0,5402.106715487277,0.5402750491159135,2025,2028,10,0,2018,2019,37955,8,1,0,7,9
2020-10-07,US,Indiana,Clark,2439,57,0,38.48015445,-85.70510334,18019.0,2061.67266825582,2.3370233702337018,2382,2425,57,0,2368,2401,117360,14,0,0,14,24
2020-10-07,US,Indiana,Clay,342,5,0,39.39561833,-87.11723506,18021.0,1304.099142040038,1.4619883040935673,337,338,5,0,333,334,26170,4,0,0,4,4
2020-10-07,US,Indiana,Clinton,700,14,0,40.30319754,-86.47277257,18023.0,2160.5605111268865,2.0,686,695,14,0,681,692,32250,5,0,0,5,3
2020-10-07,US,Indiana,Crawford,122,1,0,38.28814402,-86.44518825,18025.0,1153.4461567552235,0.819672131147541,121,122,1,0,121,122,10558,0,0,0,0,0
2020-10-07,US,Indiana,Daviess,724,30,0,38.70186039,-87.07185406,18027.0,2170.8494497916104,4.143646408839779,694,717,30,0,687,717,33147,7,0,0,7,0
2020-10-07,US,Indiana,DeKalb,545,11,0,41.39804622,-84.99906934,18033.0,1253.5940195514665,2.018348623853211,534,535,11,0,524,531,43226,10,0,0,10,4
2020-10-07,US,Indiana,Dearborn,729,28,0,39.14647946,-84.97333539,18029.0,1473.977920659954,3.840877914951989,701,717,28,0,689,716,49568,12,0,0,12,1
2020-10-07,US,Indiana,Decatur,469,39,0,39.30712658,-85.50087166,18031.0,1765.8797394480216,8.315565031982942,430,468,39,0,429,466,26794,1,0,0,1,2
2020-10-07,US,Indiana,Delaware,2254,67,0,40.22787247,-85.39732772,18035.0,1974.854339159767,2.9724933451641524,2187,2220,67,0,2153,2174,114772,34,0,0,34,46
2020-10-07,US,Indiana,Dubois,1109,20,0,38.36597551,-86.87924170000002,18037.0,2595.001871958068,1.8034265103697025,1089,1092,19,0,1073,1078,42565,17,1,0,16,14
2020-10-07,US,Indiana,Elkhart,7176,118,0,41.59761169,-85.85875695,18039.0,3477.738306977285,1.644370122630992,7058,7090,117,0,6973,7040,205560,86,1,0,85,50
2020-10-07,US,Indiana,Fayette,468,14,0,39.63684962,-85.17797541,18041.0,2025.7986321530607,2.9914529914529915,454,432,14,0,418,430,23047,36,0,0,36,2
2020-10-07,US,Indiana,Floyd,1510,64,0,38.32117957,-85.90385377,18043.0,1923.0279412139275,4.23841059602649,1446,1497,64,0,1433,1490,77781,13,0,0,13,7
2020-10-07,US,Indiana,Fountain,168,2,0,40.12361933,-87.24217689,18045.0,1027.7743790529794,1.1904761904761905,166,150,2,0,148,139,16351,18,0,0,18,11
2020-10-07,US,Indiana,Franklin,320,25,0,39.4142482,-85.06062647,18047.0,1406.098954213903,7.8125,295,319,25,0,294,319,22736,1,0,0,1,0
2020-10-07,US,Indiana,Fulton,267,2,0,41.0469907,-86.26252745,18049.0,1336.737759086813,0.7490636704119851,265,264,2,0,262,263,20092,3,0,0,3,1
2020-10-07,US,Indiana,Gibson,656,7,0,38.30393723,-87.58054938,18051.0,1948.9586737573904,1.0670731707317074,649,630,7,0,623,623,33452,26,0,0,26,7
2020-10-07,US,Indiana,Grant,1041,37,0,40.51587228,-85.65468702,18053.0,1582.8125712721799,3.554274735830932,1004,1032,37,0,995,1018,65936,9,0,0,9,14
2020-10-07,US,Indiana,Greene,444,36,0,39.03630547,-86.96223202,18055.0,1390.8902950942922,8.108108108108109,408,444,36,0,408,441,32006,0,0,0,0,3
2020-10-07,US,Indiana,Hamilton,5285,110,0,40.07306535,-86.05244729,18057.0,1563.5585824129982,2.0813623462630084,5175,5245,111,0,5134,5225,330086,40,-1,0,41,20
2020-10-07,US,Indiana,Hancock,989,44,0,39.82304555,-85.77566351,18059.0,1265.2236209190464,4.4489383215369065,945,981,43,0,938,975,76351,8,1,0,7,6
2020-10-07,US,Indiana,Harrison,643,24,0,38.19467379,-86.10948271,18061.0,1587.0665185733676,3.7325038880248833,619,638,24,0,614,636,40350,5,0,0,5,2
2020-10-07,US,Indiana,Hendricks,2881,127,0,39.76719009,-86.51037283,18063.0,1691.611228869539,4.40819160013884,2754,2859,128,0,2731,2847,167009,22,-1,0,23,12
2020-10-07,US,Indiana,Henry,960,27,0,39.93029017,-85.39625719,18065.0,2001.1673476194449,2.8125,933,938,27,0,911,924,48271,22,0,0,22,14
2020-10-07,US,Indiana,Howard,1432,64,0,40.48527731,-86.11351892,18067.0,1734.8323318472574,4.46927374301676,1368,1427,64,0,1363,1417,82366,5,0,0,5,10
2020-10-07,US,Indiana,Huntington,301,3,0,40.82907273,-85.48822092,18069.0,824.2059145673602,0.9966777408637874,298,299,3,0,296,290,36240,2,0,0,2,9
2020-10-07,US,Indiana,Jackson,864,10,0,38.90915820000001,-86.03851889,18071.0,1953.3811127941947,1.1574074074074074,854,861,10,0,851,831,44111,3,0,0,3,30
2020-10-07,US,Indiana,Jasper,427,3,0,41.02078733,-87.11553319,18073.0,1272.2722126214169,0.7025761124121779,424,424,3,0,421,418,33370,3,0,0,3,6
2020-10-07,US,Indiana,Jay,224,1,0,40.43781032,-85.00576229,18075.0,1096.104912898806,0.44642857142857145,223,224,1,0,223,221,20764,0,0,0,0,3
2020-10-07,US,Indiana,Jefferson,272,3,0,38.78576239,-85.43633383,18077.0,841.8967438405348,1.1029411764705883,269,278,3,0,275,268,32208,-6,0,0,-6,10
2020-10-07,US,Indiana,Jennings,332,13,0,38.99588883,-85.62710784,18079.0,1197.0434469082386,3.9156626506024095,319,330,13,0,317,327,27611,2,0,0,2,3
2020-10-07,US,Indiana,Johnson,2532,125,0,39.48994426,-86.10149107,18081.0,1600.8396188838378,4.936808846761453,2407,2516,125,0,2391,2487,156225,16,0,0,16,29
2020-10-07,US,Indiana,Knox,584,10,0,38.68861576,-87.4194665,18083.0,1595.8900366180249,1.7123287671232876,574,579,10,0,569,579,36895,5,0,0,5,0
2020-10-07,US,Indiana,Kosciusko,1411,17,0,41.24521668,-85.86312322,18085.0,1775.8256141763995,1.2048192771084338,1394,1374,17,0,1357,1364,79344,37,0,0,37,10
2020-10-07,US,Indiana,LaGrange,677,12,0,41.64232188,-85.42674232,18087.0,1708.9917705861567,1.7725258493353029,665,670,12,0,658,667,39330,7,0,0,7,3
2020-10-07,US,Indiana,LaPorte,1704,46,0,41.54366008,-86.74072188,18091.0,1550.669772859639,2.6995305164319245,1658,1698,45,0,1653,1687,110007,6,1,0,5,11
2020-10-07,US,Indiana,Lake,11344,334,0,41.41874274,-87.38277575,18089.0,2336.5939364728224,2.9442877291960508,11010,11283,332,0,10951,11233,484411,61,2,0,59,50
2020-10-07,US,Indiana,Lawrence,577,30,0,38.84112637,-86.48361629,18093.0,1271.7654837998678,5.1993067590987865,547,573,29,0,544,568,45668,4,1,0,3,5
2020-10-07,US,Indiana,Madison,1902,79,0,40.16143691,-85.71964711,18095.0,1467.9437211061288,4.153522607781284,1823,1878,79,0,1799,1859,129641,24,0,0,24,19
2020-10-07,US,Indiana,Marion,22560,772,0,39.78163624,-86.13826325,18097.0,2338.8369262540664,3.421985815602837,21788,22440,770,0,21670,22340,954670,120,2,0,118,100
2020-10-07,US,Indiana,Marshall,1091,26,0,41.32467367,-86.26185087,18099.0,2358.5109602663324,2.383134738771769,1065,1077,25,0,1052,1072,46248,14,1,0,13,5
2020-10-07,US,Indiana,Martin,174,0,0,38.7099921,-86.80373186,18101.0,1696.7333008288642,0.0,174,175,0,0,175,174,10217,-1,0,0,-1,1
2020-10-07,US,Indiana,Miami,455,4,0,40.76940965,-86.04525048,18103.0,1281.112737920937,0.8791208791208791,451,452,4,0,448,451,35567,3,0,0,3,1
2020-10-07,US,Indiana,Monroe,2868,37,0,39.16130004,-86.52414358,18105.0,1932.2109262889828,1.290097629009763,2831,2846,37,0,2809,2822,146917,22,0,0,22,24
2020-10-07,US,Indiana,Montgomery,513,22,0,40.04034823,-86.89335024,18107.0,1338.0979706818302,4.288499025341131,491,514,22,0,492,513,38346,-1,0,0,-1,1
2020-10-07,US,Indiana,Morgan,786,40,0,39.47899078,-86.44573375,18109.0,1115.067599199875,5.089058524173028,746,779,40,0,739,771,70116,7,0,0,7,8
2020-10-07,US,Indiana,Newton,180,11,0,40.95610449,-87.39635768,18111.0,1287.1853546910754,6.111111111111112,169,179,11,0,168,178,14011,1,0,0,1,1
2020-10-07,US,Indiana,Noble,967,32,0,41.39672484,-85.41966713,18113.0,2025.3853887399466,3.309203722854188,935,957,32,0,925,955,47532,10,0,0,10,2
2020-10-07,US,Indiana,Ohio,81,7,0,38.955304999999996,-84.96515993,18115.0,1378.7234042553187,8.641975308641975,74,82,7,0,75,82,5844,-1,0,0,-1,0
2020-10-07,US,Indiana,Orange,303,24,0,38.54118920000001,-86.49523093,18117.0,1542.2986867555735,7.920792079207921,279,300,24,0,276,298,19489,3,0,0,3,2
2020-10-07,US,Indiana,Owen,177,1,0,39.31145587,-86.83900724,18119.0,851.0024520409635,0.5649717514124294,176,178,1,0,177,177,20845,-1,0,0,-1,1
2020-10-07,US,Indiana,Parke,143,2,0,39.77202286,-87.20375833,18121.0,844.3053669481018,1.3986013986013983,141,134,2,0,132,127,16927,9,0,0,9,7
2020-10-07,US,Indiana,Perry,241,13,0,38.07809328,-86.63741946,18123.0,1257.2382492566126,5.394190871369295,228,241,13,0,228,240,19102,0,0,0,0,1
2020-10-07,US,Indiana,Pike,246,4,0,38.40112197,-87.23574907,18125.0,1985.6324158527725,1.6260162601626016,242,244,4,0,240,244,12410,2,0,0,2,0
2020-10-07,US,Indiana,Porter,2421,47,0,41.45986947,-87.06848888,18127.0,1420.8663704816627,1.9413465510119785,2374,2396,47,0,2349,2378,169594,25,0,0,25,18
2020-10-07,US,Indiana,Posey,469,3,0,38.02097333,-87.86480429,18129.0,1844.4960081802808,0.6396588486140725,466,449,2,0,447,438,25540,20,1,0,19,11
2020-10-07,US,Indiana,Pulaski,117,1,0,41.04166107,-86.69890683,18131.0,947.1383469602524,0.8547008547008547,116,117,1,0,116,116,12469,0,0,0,0,1
2020-10-07,US,Indiana,Putnam,634,13,0,39.66437981,-86.84517605,18133.0,1687.2471790504578,2.050473186119874,621,633,13,0,620,615,37779,1,0,0,1,18
2020-10-07,US,Indiana,Randolph,263,8,0,40.15734772,-85.01139319,18135.0,1066.288262720454,3.041825095057034,255,256,8,0,248,248,24851,7,0,0,7,8
2020-10-07,US,Indiana,Ripley,337,8,0,39.10235626,-85.26212744,18137.0,1189.803700042367,2.373887240356083,329,331,8,0,323,330,28523,6,0,0,6,1
2020-10-07,US,Indiana,Rush,165,4,0,39.62002287,-85.4655599,18139.0,995.114890537362,2.4242424242424243,161,163,4,0,159,162,16663,2,0,0,2,1
2020-10-07,US,Indiana,Scott,441,11,0,38.68672078,-85.74627859,18143.0,1847.2751644116784,2.4943310657596367,430,436,11,0,425,433,23878,5,0,0,5,3
2020-10-07,US,Indiana,Shelby,703,29,0,39.52305623,-85.79158570000001,18145.0,1571.6872722394867,4.125177809388337,674,702,29,0,673,700,44593,1,0,0,1,2
2020-10-07,US,Indiana,Spencer,312,4,0,38.01519732,-87.0079644,18147.0,1538.6891552004736,1.2820512820512822,308,303,4,0,299,303,20327,9,0,0,9,0
2020-10-07,US,Indiana,St. Joseph,7419,130,0,41.61756781,-86.29040834,18141.0,2729.319491145071,1.752257716673406,7289,7318,129,0,7189,7233,270771,101,1,0,100,85
2020-10-07,US,Indiana,Starke,297,7,0,41.27890281,-86.64686895,18149.0,1291.5851272015655,2.356902356902357,290,291,7,0,284,289,22935,6,0,0,6,2
2020-10-07,US,Indiana,Steuben,441,9,0,41.64423868,-85.00101094,18151.0,1274.7875354107648,2.0408163265306123,432,433,9,0,424,431,34586,8,0,0,8,2
2020-10-07,US,Indiana,Sullivan,354,12,0,39.08952258,-87.41414469,18153.0,1712.7098553389133,3.3898305084745757,342,353,12,0,341,352,20690,1,0,0,1,1
2020-10-07,US,Indiana,Switzerland,72,0,0,38.82767338,-85.03022429,18155.0,669.7051437075621,0.0,72,71,0,0,71,71,10717,1,0,0,1,0
2020-10-07,US,Indiana,Tippecanoe,2914,13,0,40.38872739,-86.89413959,18157.0,1488.7703594711136,0.4461221688400824,2901,2866,13,0,2853,2843,193048,48,0,0,48,23
2020-10-07,US,Indiana,Tipton,247,23,0,40.31123252,-86.05234925,18159.0,1630.578294164246,9.31174089068826,224,243,23,0,220,243,15128,4,0,0,4,0
2020-10-07,US,Indiana,Unassigned,0,227,0,0.0,0.0,90018.0,0.0,0.0,-227,0,227,0,-227,0,,0,0,0,0,0
2020-10-07,US,Indiana,Union,82,0,0,39.62550777,-84.92497066,18161.0,1162.461015026935,0.0,82,82,0,0,82,81,7037,0,0,0,0,1
2020-10-07,US,Indiana,Vanderburgh,4449,36,0,38.02658833,-87.58763124,18163.0,2451.901615312123,0.8091706001348618,4413,4362,35,0,4327,4298,180974,87,1,0,86,64
2020-10-07,US,Indiana,Vermillion,144,1,0,39.8523352,-87.46160542,18165.0,929.1521486643436,0.6944444444444444,143,143,0,0,143,141,15479,1,1,0,0,2
2020-10-07,US,Indiana,Vigo,2051,30,0,39.42944561,-87.39169027,18167.0,1916.141930903044,1.4627011214041932,2021,2030,28,0,2002,2015,107386,21,2,0,19,15
2020-10-07,US,Indiana,Wabash,293,9,0,40.84704239,-85.79328272,18169.0,945.2832623564328,3.0716723549488054,284,290,9,0,281,289,31280,3,0,0,3,1
2020-10-07,US,Indiana,Warren,47,1,0,40.34728141,-87.35602659,18171.0,568.6630369026012,2.127659574468085,46,43,1,0,42,43,8263,4,0,0,4,0
2020-10-07,US,Indiana,Warrick,1595,56,0,38.08922676,-87.2716085,18173.0,2531.8264071875296,3.510971786833857,1539,1564,56,0,1508,1547,62567,31,0,0,31,17
2020-10-07,US,Indiana,Washington,292,2,0,38.60219804,-86.1049363,18175.0,1041.5180482237124,0.6849315068493149,290,290,2,0,288,288,27943,2,0,0,2,2
2020-10-07,US,Indiana,Wayne,856,16,0,39.863344399999995,-85.01044989,18177.0,1299.2532329548903,1.8691588785046729,840,845,16,0,829,841,65936,11,0,0,11,4
2020-10-07,US,Indiana,Wells,294,5,0,40.72934187,-85.22132966,18179.0,1039.0161153519932,1.7006802721088434,289,288,4,0,284,282,28206,6,1,0,5,6
2020-10-07,US,Indiana,White,506,15,0,40.74911165,-86.86492015,18181.0,2099.4108372749147,2.9644268774703564,491,506,15,0,491,505,24133,0,0,0,0,1
2020-10-07,US,Indiana,Whitley,334,7,0,41.13863784,-85.50791236,18183.0,983.3941820751384,2.0958083832335332,327,322,7,0,315,319,34074,12,0,0,12,3
2020-10-07,US,Iowa,Adair,85,1,0,41.33075609,-94.47105874,19001.0,1188.4787472035796,1.1764705882352942,84,82,1,0,81,78,7063,3,0,0,3,4
2020-10-07,US,Iowa,Adams,49,0,0,41.02903567,-94.69932645,19003.0,1360.35535813437,0.0,49,45,0,0,45,43,3645,4,0,0,4,2
2020-10-07,US,Iowa,Allamakee,281,8,0,43.28383218,-91.37860922,19005.0,2053.043033535472,2.846975088967972,273,278,8,0,270,277,13832,3,0,0,3,1
2020-10-07,US,Iowa,Appanoose,165,3,0,40.74324454,-92.86865906,19007.0,1327.8609367455335,1.818181818181818,162,158,3,0,155,157,12437,7,0,0,7,1
2020-10-07,US,Iowa,Audubon,108,1,0,41.6844628,-94.90581859,19009.0,1965.0655021834061,0.925925925925926,107,109,1,0,108,106,5506,-1,0,0,-1,3
2020-10-07,US,Iowa,Benton,377,1,0,42.08011739,-92.06463573,19011.0,1470.0721388184836,0.26525198938992045,376,371,1,0,370,366,25642,6,0,0,6,5
2020-10-07,US,Iowa,Black Hawk,4732,95,0,42.4704581,-92.30524729,19013.0,3605.937757185967,2.0076077768385456,4637,4678,95,0,4583,4663,132408,54,0,0,54,15
2020-10-07,US,Iowa,Boone,580,8,0,42.03657094,-93.9313999,19015.0,2210.871388274758,1.3793103448275863,572,569,8,0,561,562,26346,11,0,0,11,7
2020-10-07,US,Iowa,Bremer,533,7,0,42.77461496,-92.31795937,19017.0,2126.7257202138694,1.3133208255159474,526,529,7,0,522,527,24947,4,0,0,4,2
2020-10-07,US,Iowa,Buchanan,327,1,0,42.4709188,-91.83510825,19019.0,1544.2739079102716,0.3058103975535168,326,321,1,0,320,317,21199,6,0,0,6,4
2020-10-07,US,Iowa,Buena Vista,2082,12,0,42.73545875,-95.15100162,19021.0,10611.620795107034,0.5763688760806917,2070,2065,12,0,2053,2059,19874,17,0,0,17,6
2020-10-07,US,Iowa,Butler,303,2,0,42.73172833,-92.79015971,19023.0,2098.4832744649907,0.6600660066006601,301,296,2,0,294,293,14539,7,0,0,7,3
2020-10-07,US,Iowa,Calhoun,221,3,0,42.38521079,-94.64046046,19025.0,2285.891601158461,1.3574660633484164,218,215,3,0,212,214,9699,6,0,0,6,1
2020-10-07,US,Iowa,Carroll,818,5,0,42.03617207,-94.86032705,19027.0,4056.533597818002,0.6112469437652812,813,795,5,0,790,775,20154,23,0,0,23,20
2020-10-07,US,Iowa,Cass,200,2,0,41.33149454,-94.92792482,19029.0,1558.117793705204,1.0,198,194,2,0,192,194,12930,6,0,0,6,0
2020-10-07,US,Iowa,Cedar,285,3,0,41.77233777,-91.13246684,19031.0,1530.0370430020935,1.0526315789473684,282,285,2,0,283,282,18627,0,1,0,-1,3
2020-10-07,US,Iowa,Cerro Gordo,1123,23,0,43.08177563,-93.2612239,19033.0,2645.465253239105,2.048085485307213,1100,1119,23,0,1096,1113,42647,4,0,0,4,6
2020-10-07,US,Iowa,Cherokee,310,2,0,42.73538914,-95.62389402,19035.0,2759.2345349354696,0.6451612903225806,308,302,2,0,300,302,11321,8,0,0,8,0
2020-10-07,US,Iowa,Chickasaw,296,1,0,43.06001295,-92.31773347,19037.0,2480.516215536747,0.33783783783783783,295,293,1,0,292,292,11964,3,0,0,3,1
2020-10-07,US,Iowa,Clarke,277,3,0,41.02868181,-93.78499767,19039.0,2948.376796168175,1.083032490974729,274,274,3,0,271,272,9423,3,0,0,3,2
2020-10-07,US,Iowa,Clay,392,4,0,43.08247182,-95.15096481,19041.0,2447.552447552448,1.020408163265306,388,382,4,0,378,381,16134,10,0,0,10,1
2020-10-07,US,Iowa,Clayton,301,3,0,42.84443388,-91.34133693,19043.0,1715.1974471479855,0.9966777408637874,298,295,3,0,292,289,17556,6,0,0,6,6
2020-10-07,US,Iowa,Clinton,1233,23,0,41.89981633,-90.53275096,19045.0,2655.667793835749,1.8653690186536904,1210,1215,23,0,1192,1210,46518,18,0,0,18,5
2020-10-07,US,Iowa,Crawford,1182,7,0,42.03718237,-95.3819718,19047.0,7027.348394768133,0.5922165820642978,1175,1168,7,0,1161,1160,17158,14,0,0,14,8
2020-10-07,US,Iowa,Dallas,2981,40,0,41.68560356,-94.04127625,19049.0,3189.8387424694765,1.3418316001341832,2941,2946,39,0,2907,2938,90180,35,1,0,34,8
2020-10-07,US,Iowa,Davis,137,4,0,40.74773536,-92.41005468,19051.0,1522.2222222222226,2.9197080291970803,133,137,4,0,133,133,9017,0,0,0,0,4
2020-10-07,US,Iowa,Decatur,89,0,0,40.73742757,-93.78645949,19053.0,1130.876747141042,0.0,89,75,0,0,75,74,7890,14,0,0,14,1
2020-10-07,US,Iowa,Delaware,534,4,0,42.47104597,-91.3664492,19055.0,3139.145258950091,0.7490636704119851,530,515,4,0,511,508,17069,19,0,0,19,7
2020-10-07,US,Iowa,Des Moines,941,9,0,40.92012606,-91.18326592,19057.0,2414.863859162881,0.9564293304994688,932,908,9,0,899,897,39138,33,0,0,33,11
2020-10-07,US,Iowa,Dickinson,596,7,0,43.37787725,-95.1510206,19059.0,3453.470854096651,1.174496644295302,589,580,7,0,573,579,17153,16,0,0,16,1
2020-10-07,US,Iowa,Dubuque,3863,47,0,42.46815349,-90.88181925,19061.0,3969.746482925877,1.2166709811027698,3816,3771,47,0,3724,3751,96854,92,0,0,92,20
2020-10-07,US,Iowa,Emmet,310,11,0,43.37782951,-94.67858943,19063.0,3366.6377063423106,3.548387096774193,299,306,11,0,295,305,9253,4,0,0,4,1
2020-10-07,US,Iowa,Fayette,263,2,0,42.86271799,-91.84412309999999,19065.0,1338.4223918575065,0.7604562737642585,261,258,2,0,256,255,19660,5,0,0,5,3
2020-10-07,US,Iowa,Floyd,382,8,0,43.06000529999999,-92.78940097,19067.0,2442.1429484720625,2.094240837696335,374,378,8,0,370,376,15761,4,0,0,4,2
2020-10-07,US,Iowa,Franklin,355,18,0,42.73270384,-93.26256925,19069.0,3525.3227408143,5.070422535211269,337,353,18,0,335,353,10124,2,0,0,2,0
2020-10-07,US,Iowa,Fremont,154,0,0,40.74542720000001,-95.60129045,19071.0,2212.6436781609195,0.0,154,150,0,0,150,148,6993,4,0,0,4,2
2020-10-07,US,Iowa,Greene,141,0,0,42.03614551,-94.39658081,19073.0,1586.4086408640867,0.0,141,136,0,0,136,132,8981,5,0,0,5,4
2020-10-07,US,Iowa,Grundy,246,4,0,42.40183723,-92.78829551,19075.0,2011.1183780248525,1.6260162601626016,242,244,4,0,240,241,12304,2,0,0,2,3
2020-10-07,US,Iowa,Guthrie,309,12,0,41.68378965,-94.50111014,19077.0,2890.822340724109,3.8834951456310685,297,301,12,0,289,296,10720,8,0,0,8,5
2020-10-07,US,Iowa,Hamilton,348,3,0,42.38382428,-93.70197703,19079.0,2355.6488187910377,0.8620689655172413,345,347,3,0,344,346,14952,1,0,0,1,1
2020-10-07,US,Iowa,Hancock,219,3,0,43.08178477,-93.73454884,19081.0,2060.2069614299153,1.3698630136986298,216,216,3,0,213,214,10712,3,0,0,3,2
2020-10-07,US,Iowa,Hardin,331,2,0,42.38353877,-93.23654611,19083.0,1964.8581265582334,0.6042296072507553,329,328,2,0,326,328,16868,3,0,0,3,0
2020-10-07,US,Iowa,Harrison,363,5,0,41.68330137,-95.81558439,19085.0,2583.8137945761264,1.3774104683195592,358,337,5,0,332,329,14134,26,0,0,26,8
2020-10-07,US,Iowa,Henry,859,5,0,40.98767962,-91.54436349,19087.0,4304.901272927734,0.5820721769499418,854,847,5,0,842,843,20067,12,0,0,12,4
2020-10-07,US,Iowa,Howard,201,7,0,43.35671042,-92.31702714,19089.0,2194.8023585935794,3.4825870646766166,194,199,7,0,192,199,9187,2,0,0,2,0
2020-10-07,US,Iowa,Humboldt,206,3,0,42.7764426,-94.20722537,19091.0,2155.2626072400085,1.4563106796116505,203,204,3,0,201,203,9547,2,0,0,2,1
2020-10-07,US,Iowa,Ida,150,2,0,42.38696136,-95.51355387,19093.0,2186.5889212827988,1.3333333333333333,148,149,2,0,147,146,6841,1,0,0,1,3
2020-10-07,US,Iowa,Iowa,282,1,0,41.68630265,-92.0643373,19095.0,1742.4616905585763,0.3546099290780142,281,266,1,0,265,254,16141,16,0,0,16,12
2020-10-07,US,Iowa,Jackson,418,3,0,42.17178824,-90.57354837,19097.0,2150.316374299089,0.7177033492822966,415,410,3,0,407,409,19432,8,0,0,8,1
2020-10-07,US,Iowa,Jasper,938,34,0,41.68576082,-93.05567785,19099.0,2522.5225225225226,3.6247334754797436,904,918,34,0,884,912,37147,20,0,0,20,6
2020-10-07,US,Iowa,Jefferson,162,1,0,41.03192394,-91.94849466,19101.0,885.4878382071604,0.6172839506172839,161,156,1,0,155,154,18381,6,0,0,6,2
2020-10-07,US,Iowa,Johnson,5344,28,0,41.67169354,-91.58754744,19103.0,3535.7946274976844,0.5239520958083832,5316,5305,28,0,5277,5286,151260,39,0,0,39,19
2020-10-07,US,Iowa,Jones,326,3,0,42.12118609,-91.13139641,19105.0,1576.326096417001,0.9202453987730062,323,324,3,0,321,321,20744,2,0,0,2,3
2020-10-07,US,Iowa,Keokuk,126,1,0,41.33649833,-92.1785067,19107.0,1229.7481944173335,0.7936507936507936,125,126,1,0,125,125,10225,0,0,0,0,1
2020-10-07,US,Iowa,Kossuth,335,0,0,43.20405458,-94.20691791,19109.0,2261.52703706204,0.0,335,329,0,0,329,326,14908,6,0,0,6,3
2020-10-07,US,Iowa,Lee,729,8,0,40.64181461,-91.48183025,19111.0,2165.968446385596,1.0973936899862826,721,712,8,0,704,701,34055,17,0,0,17,11
2020-10-07,US,Iowa,Linn,4503,117,0,42.07923082,-91.59809485,19113.0,1986.2729702786871,2.598267821452365,4386,4460,116,0,4344,4425,225909,43,1,0,42,35
2020-10-07,US,Iowa,Louisa,453,15,0,41.21842119,-91.26102611,19115.0,4105.120072496602,3.3112582781456954,438,449,15,0,434,447,11169,4,0,0,4,2
2020-10-07,US,Iowa,Lucas,163,6,0,41.02958964,-93.32780803,19117.0,1895.3488372093025,3.6809815950920246,157,162,6,0,156,162,8645,1,0,0,1,0
2020-10-07,US,Iowa,Lyon,449,5,0,43.38107862,-96.20926845,19119.0,3819.6512122501063,1.11358574610245,444,445,5,0,440,433,11811,4,0,0,4,12
2020-10-07,US,Iowa,Madison,276,2,0,41.33081904,-94.01554631,19121.0,1689.3132574366507,0.7246376811594203,274,273,2,0,271,271,16249,3,0,0,3,2
2020-10-07,US,Iowa,Mahaska,470,21,0,41.33521503,-92.64083907,19123.0,2127.178094591537,4.468085106382978,449,463,21,0,442,457,22000,7,0,0,7,6
2020-10-07,US,Iowa,Marion,820,9,0,41.33445101,-93.09934783,19125.0,2465.9429224430883,1.0975609756097562,811,814,9,0,805,807,33407,6,0,0,6,7
2020-10-07,US,Iowa,Marshall,1845,36,0,42.03586837,-92.99908190000001,19127.0,4686.428408138383,1.951219512195122,1809,1831,35,0,1796,1827,39981,14,1,0,13,4
2020-10-07,US,Iowa,Mills,242,1,0,41.03299766,-95.61920963,19129.0,1601.6943543583295,0.4132231404958678,241,236,1,0,235,233,15063,6,0,0,6,3
2020-10-07,US,Iowa,Mitchell,203,0,0,43.35638371,-92.78887719,19131.0,1917.627054600416,0.0,203,202,0,0,202,201,10569,1,0,0,1,1
2020-10-07,US,Iowa,Monona,182,1,0,42.05220391,-95.95743843,19133.0,2112.5943122460826,0.5494505494505495,181,179,1,0,178,179,8679,3,0,0,3,0
2020-10-07,US,Iowa,Monroe,173,11,0,41.02988815,-92.8690667,19135.0,2244.712598936032,6.3583815028901745,162,171,11,0,160,172,7790,2,0,0,2,-1
2020-10-07,US,Iowa,Montgomery,117,5,0,41.03018714,-95.15642896,19137.0,1179.792275889886,4.2735042735042725,112,114,5,0,109,112,10003,3,0,0,3,2
2020-10-07,US,Iowa,Muscatine,1184,56,0,41.48370744,-91.11216970000001,19139.0,2775.173448340521,4.729729729729731,1128,1172,56,0,1116,1170,42929,12,0,0,12,2
2020-10-07,US,Iowa,O'Brien,474,9,0,43.08310673,-95.62474482,19141.0,3446.520759107104,1.8987341772151896,465,470,9,0,461,465,13840,4,0,0,4,5
2020-10-07,US,Iowa,Osceola,190,0,0,43.37824276,-95.62422844,19143.0,3188.989593823431,0.0,190,188,0,0,188,187,6040,2,0,0,2,1
2020-10-07,US,Iowa,Page,258,0,0,40.7393172,-95.1497813,19145.0,1707.8175680148277,0.0,258,247,0,0,247,247,15249,11,0,0,11,0
2020-10-07,US,Iowa,Palo Alto,242,0,0,43.08193849,-94.67824621,19147.0,2723.3851001575517,0.0,242,241,0,0,241,239,8929,1,0,0,1,2
2020-10-07,US,Iowa,Plymouth,1306,23,0,42.737633,-96.21366621,19149.0,5187.274099376415,1.7611026033690658,1283,1281,23,0,1258,1276,25095,25,0,0,25,5
2020-10-07,US,Iowa,Pocahontas,183,2,0,42.73420133,-94.67862564,19151.0,2764.768091856776,1.0928961748633879,181,180,2,0,178,178,6740,3,0,0,3,2
2020-10-07,US,Iowa,Polk,16704,271,0,41.68679484,-93.57767461,19153.0,3407.8598664520428,1.6223659003831417,16433,16581,271,0,16310,16534,487204,123,0,0,123,47
2020-10-07,US,Iowa,Pottawattamie,2431,42,0,41.33640314,-95.53907776,19155.0,2608.2011887646718,1.7276840806252571,2389,2372,41,0,2331,2364,93533,59,1,0,58,8
2020-10-07,US,Iowa,Poweshiek,365,10,0,41.68625425,-92.53155731,19157.0,1972.546476437527,2.7397260273972597,355,359,10,0,349,357,18699,6,0,0,6,2
2020-10-07,US,Iowa,Ringgold,61,2,0,40.73518949,-94.24368535,19159.0,1246.4241928892525,3.278688524590164,59,59,2,0,57,58,4968,2,0,0,2,1
2020-10-07,US,Iowa,Sac,305,1,0,42.38624071,-95.10547892,19161.0,3137.5372904022224,0.3278688524590164,304,297,0,0,297,297,9719,8,1,0,7,0
2020-10-07,US,Iowa,Scott,3403,29,0,41.63935978,-90.61959493,19163.0,1967.70034057464,0.8521892447840141,3374,3355,29,0,3326,3327,173283,48,0,0,48,28
2020-10-07,US,Iowa,Shelby,292,1,0,41.6850066,-95.31015553,19165.0,2549.3277457656714,0.3424657534246575,291,291,1,0,290,288,11578,1,0,0,1,3
2020-10-07,US,Iowa,Sioux,1947,6,0,43.08221074,-96.17675679999999,19167.0,5585.99913929135,0.3081664098613251,1941,1908,6,0,1902,1897,34909,39,0,0,39,11
2020-10-07,US,Iowa,Story,3630,17,0,42.03621213,-93.46499005,19169.0,3737.7596095431295,0.4683195592286502,3613,3595,17,0,3578,3576,98105,35,0,0,35,19
2020-10-07,US,Iowa,Tama,821,34,0,42.07991767,-92.53266945,19171.0,4871.24718167794,4.141291108404385,787,809,34,0,775,793,16904,12,0,0,12,16
2020-10-07,US,Iowa,Taylor,169,1,0,40.73710579,-94.69778563,19173.0,2760.9867668681586,0.591715976331361,168,167,1,0,166,167,6191,2,0,0,2,0
2020-10-07,US,Iowa,Unassigned,7,0,0,0.0,0.0,90019.0,0.0,0.0,7,1,0,0,1,3,,6,0,0,6,-2
2020-10-07,US,Iowa,Union,160,3,0,41.0277278,-94.24234847,19175.0,1307.0827546769056,1.875,157,157,3,0,154,155,12359,3,0,0,3,2
2020-10-07,US,Iowa,Van Buren,131,1,0,40.75326764,-91.95017958,19177.0,1859.7387847813745,0.7633587786259542,130,129,1,0,128,129,7020,2,0,0,2,0
2020-10-07,US,Iowa,Wapello,1399,58,0,41.03064984,-92.40954728,19179.0,4000.6863221710655,4.145818441744103,1341,1391,58,0,1333,1388,35205,8,0,0,8,3
2020-10-07,US,Iowa,Warren,1011,6,0,41.33559454,-93.56007641,19181.0,1964.4036839855441,0.5934718100890207,1005,1002,6,0,996,997,51056,9,0,0,9,5
2020-10-07,US,Iowa,Washington,539,11,0,41.33577126,-91.71725711,19183.0,2453.9039380833137,2.0408163265306123,528,529,11,0,518,522,22141,10,0,0,10,7
2020-10-07,US,Iowa,Wayne,97,3,0,40.73969028,-93.32752197,19185.0,1505.977332712312,3.0927835051546397,94,94,3,0,91,94,6401,3,0,0,3,0
2020-10-07,US,Iowa,Webster,1404,14,0,42.42853483,-94.17987389,19187.0,3910.427807486631,0.9971509971509972,1390,1400,14,0,1386,1397,36277,4,0,0,4,3
2020-10-07,US,Iowa,Winnebago,349,14,0,43.37751174,-93.73407298,19189.0,3370.677998841028,4.011461318051576,335,345,14,0,331,345,10518,4,0,0,4,0
2020-10-07,US,Iowa,Winneshiek,362,8,0,43.29094334,-91.84422722,19191.0,1810.8148666900104,2.209944751381216,354,361,8,0,353,358,20029,1,0,0,1,3
2020-10-07,US,Iowa,Woodbury,6131,74,0,42.38979414,-96.0459439,19193.0,5946.250012123328,1.2069809166530745,6057,6016,74,0,5942,5980,102539,115,0,0,115,36
2020-10-07,US,Iowa,Worth,118,0,0,43.37750768,-93.26087602,19195.0,1598.6993632299148,0.0,118,118,0,0,118,115,7453,0,0,0,0,3
2020-10-07,US,Iowa,Wright,626,1,0,42.73305373,-93.73515113,19197.0,4983.282916733005,0.1597444089456869,625,622,1,0,621,617,12690,4,0,0,4,5
2020-10-07,US,Kansas,Allen,97,1,0,37.88582951,-95.30030847,20001.0,784.2186110437384,1.0309278350515465,96,82,1,0,81,82,12444,15,0,0,15,0
2020-10-07,US,Kansas,Anderson,86,0,0,38.21413251,-95.29272815,20003.0,1094.4260626113514,0.0,86,85,0,0,85,85,7878,1,0,0,1,0
2020-10-07,US,Kansas,Atchison,366,4,0,39.53185661,-95.30870026,20005.0,2277.1106825110433,1.0928961748633879,362,366,4,0,362,366,16193,0,0,0,0,0
2020-10-07,US,Kansas,Barber,12,0,0,37.2288586,-98.68460053,20007.0,271.0639259091936,0.0,12,11,0,0,11,11,4472,1,0,0,1,0
2020-10-07,US,Kansas,Barton,573,7,0,38.47889676,-98.75636726,20009.0,2222.73943907832,1.2216404886561956,566,573,7,0,566,542,26111,0,0,0,0,31
2020-10-07,US,Kansas,Bourbon,215,3,0,37.85508555,-94.84865997,20011.0,1479.2899408284025,1.3953488372093024,212,197,3,0,194,197,14653,18,0,0,18,0
2020-10-07,US,Kansas,Brown,147,5,0,39.82652589,-95.56421698,20013.0,1537.0138017565866,3.4013605442176873,142,147,5,0,142,128,9598,0,0,0,0,19
2020-10-07,US,Kansas,Butler,654,3,0,37.78134351,-96.83878537,20015.0,977.4177638953237,0.4587155963302753,651,643,3,0,640,637,66765,11,0,0,11,6
2020-10-07,US,Kansas,Chase,87,2,0,38.30292938,-96.59563862,20017.0,3285.498489425982,2.2988505747126435,85,87,2,0,85,87,2629,0,0,0,0,0
2020-10-07,US,Kansas,Chautauqua,21,0,0,37.14994405,-96.2454192,20019.0,646.1538461538463,0.0,21,18,0,0,18,18,3309,3,0,0,3,0
2020-10-07,US,Kansas,Cherokee,564,7,0,37.16928494,-94.8462897,20021.0,2828.6273133055824,1.2411347517730495,557,552,7,0,545,540,20015,12,0,0,12,12
2020-10-07,US,Kansas,Cheyenne,74,2,0,39.78580976,-101.7318201,20023.0,2785.0959729017686,2.702702702702702,72,74,2,0,72,74,2660,0,0,0,0,0
2020-10-07,US,Kansas,Clark,54,1,0,37.23577007,-99.81883015,20025.0,2708.124373119358,1.851851851851852,53,53,1,0,52,53,2005,1,0,0,1,0
2020-10-07,US,Kansas,Clay,63,2,0,39.34948772,-97.16518128,20027.0,787.3031742064484,3.1746031746031744,61,63,2,0,61,63,7997,0,0,0,0,0
2020-10-07,US,Kansas,Cloud,74,1,0,39.48028352,-97.64925343,20029.0,842.249032551787,1.351351351351351,73,72,1,0,71,72,8729,2,0,0,2,0
2020-10-07,US,Kansas,Coffey,129,9,0,38.2365018,-95.73379515,20031.0,1577.2099278640421,6.9767441860465125,120,129,9,0,120,129,8233,0,0,0,0,0
2020-10-07,US,Kansas,Comanche,16,0,0,37.19114520000001,-99.27113247,20033.0,941.1764705882354,0.0,16,16,0,0,16,16,1748,0,0,0,0,0
2020-10-07,US,Kansas,Cowley,402,8,0,37.23781842,-96.83776647,20035.0,1151.5984874527328,1.9900497512437807,394,399,8,0,391,399,35218,3,0,0,3,0
2020-10-07,US,Kansas,Crawford,1131,8,0,37.50675523,-94.85245778,20037.0,2913.596784996651,0.7073386383731212,1123,1131,8,0,1123,1131,39019,0,0,0,0,0
2020-10-07,US,Kansas,Decatur,30,1,0,39.78468441,-100.45940809999999,20039.0,1061.1956137247967,3.333333333333333,29,28,1,0,27,28,2871,2,0,0,2,0
2020-10-07,US,Kansas,Dickinson,235,2,0,38.86600962,-97.15532383,20041.0,1272.6091194627966,0.851063829787234,233,235,2,0,233,235,18717,0,0,0,0,0
2020-10-07,US,Kansas,Doniphan,123,0,0,39.79067154,-95.14056866,20043.0,1618.421052631579,0.0,123,123,0,0,123,123,7682,0,0,0,0,0
2020-10-07,US,Kansas,Douglas,2498,14,0,38.88503636,-95.2925121,20045.0,2043.203363351573,0.5604483586869495,2484,2479,13,0,2466,2465,121436,19,1,0,18,14
2020-10-07,US,Kansas,Edwards,56,0,0,37.88735543,-99.31263309,20047.0,2001.4295925661186,0.0,56,53,0,0,53,53,2849,3,0,0,3,0
2020-10-07,US,Kansas,Elk,3,0,0,37.45338105,-96.24369667,20049.0,118.57707509881423,0.0,3,1,0,0,1,1,2508,2,0,0,2,0
2020-10-07,US,Kansas,Ellis,1145,9,0,38.91458712,-99.31751551,20051.0,4010.086505796239,0.7860262008733624,1136,1122,7,0,1115,1122,28710,23,2,0,21,0
2020-10-07,US,Kansas,Ellsworth,76,0,0,38.69677695,-98.20462799,20053.0,1245.493280891511,0.0,76,71,0,0,71,71,6196,5,0,0,5,0
2020-10-07,US,Kansas,Finney,2312,12,0,38.04340344,-100.73819379999999,20055.0,6339.978610798805,0.5190311418685121,2300,2312,12,0,2300,2290,36611,0,0,0,0,22
2020-10-07,US,Kansas,Ford,2927,13,0,37.69200114,-99.88825298,20057.0,8706.386269668938,0.4441407584557567,2914,2888,13,0,2875,2888,33888,39,0,0,39,0
2020-10-07,US,Kansas,Franklin,428,3,0,38.56443815,-95.28644341,20059.0,1675.540244284372,0.7009345794392523,425,422,3,0,419,422,25631,6,0,0,6,0
2020-10-07,US,Kansas,Geary,327,3,0,38.99871131,-96.7577178,20061.0,1032.5228923271234,0.9174311926605504,324,321,3,0,318,318,32594,6,0,0,6,3
2020-10-07,US,Kansas,Gove,115,2,0,38.91588178,-100.4829321,20063.0,4362.670713201821,1.7391304347826086,113,101,0,0,101,101,2612,14,2,0,12,0
2020-10-07,US,Kansas,Graham,45,1,0,39.34987223,-99.88332493,20065.0,1813.0539887187756,2.2222222222222223,44,39,1,0,38,39,2492,6,0,0,6,0
2020-10-07,US,Kansas,Grant,334,7,0,37.56227336,-101.3079758,20067.0,4671.328671328672,2.0958083832335332,327,331,6,0,325,321,7336,3,1,0,2,10
2020-10-07,US,Kansas,Gray,148,0,0,37.73836671,-100.4369088,20069.0,2471.609886439546,0.0,148,148,0,0,148,148,6033,0,0,0,0,0
2020-10-07,US,Kansas,Greeley,10,0,0,38.4808095,-101.8061079,20071.0,811.6883116883117,0.0,10,10,0,0,10,10,1227,0,0,0,0,0
2020-10-07,US,Kansas,Greenwood,56,0,0,37.8774388,-96.23250453,20073.0,936.1417586091608,0.0,56,49,0,0,49,49,6055,7,0,0,7,0
2020-10-07,US,Kansas,Hamilton,45,0,0,37.99978709,-101.7921066,20075.0,1772.3513194170932,0.0,45,45,0,0,45,45,2607,0,0,0,0,0
2020-10-07,US,Kansas,Harper,120,2,0,37.19175361,-98.07578384,20077.0,2207.5055187637968,1.6666666666666667,118,120,2,0,118,120,5506,0,0,0,0,0
2020-10-07,US,Kansas,Harvey,394,7,0,38.04293782,-97.42747573,20079.0,1144.3840948037994,1.7766497461928934,387,384,7,0,377,384,34210,10,0,0,10,0
2020-10-07,US,Kansas,Haskell,103,1,0,37.562039399999996,-100.8710738,20081.0,2595.766129032258,0.9708737864077671,102,103,1,0,102,103,3997,0,0,0,0,0
2020-10-07,US,Kansas,Hodgeman,30,0,0,38.08780079,-99.89829881,20083.0,1672.2408026755857,0.0,30,26,0,0,26,26,1818,4,0,0,4,0
2020-10-07,US,Kansas,Jackson,261,3,0,39.41673394,-95.79356799,20085.0,1981.6263002049961,1.1494252873563218,258,256,2,0,254,253,13280,5,1,0,4,3
2020-10-07,US,Kansas,Jefferson,221,4,0,39.2347941,-95.38289232,20087.0,1160.5314288715012,1.8099547511312215,217,220,4,0,216,217,18975,1,0,0,1,3
2020-10-07,US,Kansas,Jewell,17,1,0,39.78470589,-98.21820662,20089.0,590.4828065300452,5.882352941176472,16,17,1,0,16,17,2841,0,0,0,0,0
2020-10-07,US,Kansas,Johnson,11817,160,0,38.88548175,-94.82250877,20091.0,1961.6501300628647,1.353981552001354,11657,11733,158,0,11575,11657,597555,84,2,0,82,76
2020-10-07,US,Kansas,Kearny,105,1,0,38.00017981,-101.32168100000001,20093.0,2735.7998957790514,0.9523809523809524,104,105,1,0,104,105,3943,0,0,0,0,0
2020-10-07,US,Kansas,Kingman,96,1,0,37.55909527,-98.13638678,20095.0,1342.2818791946308,1.0416666666666667,95,96,1,0,95,96,7310,0,0,0,0,0
2020-10-07,US,Kansas,Kiowa,28,0,0,37.55848695,-99.2856537,20097.0,1131.3131313131316,0.0,28,28,0,0,28,28,2516,0,0,0,0,0
2020-10-07,US,Kansas,Labette,262,5,0,37.19113093,-95.29849679,20099.0,1335.508206748904,1.9083969465648856,257,262,5,0,257,253,19964,0,0,0,0,9
2020-10-07,US,Kansas,Lane,15,0,0,38.48119447,-100.46607540000001,20101.0,977.1986970684039,0.0,15,15,0,0,15,15,1560,0,0,0,0,0
2020-10-07,US,Kansas,Leavenworth,2296,15,0,39.20183497,-95.03620809,20103.0,2808.2878739695198,0.6533101045296167,2281,2268,14,0,2254,2268,81352,28,1,0,27,0
2020-10-07,US,Kansas,Lincoln,14,0,0,39.04549684,-98.20756994,20105.0,472.65361242403776,0.0,14,14,0,0,14,14,3023,0,0,0,0,0
2020-10-07,US,Kansas,Linn,85,0,0,38.21267844,-94.84254089,20107.0,876.0177264763475,0.0,85,84,0,0,84,84,9750,1,0,0,1,0
2020-10-07,US,Kansas,Logan,47,0,0,38.91735806,-101.148475,20109.0,1682.176091624911,0.0,47,29,0,0,29,29,2844,18,0,0,18,0
2020-10-07,US,Kansas,Lyon,1176,36,0,38.45576156,-96.15275715,20111.0,3542.702214188884,3.0612244897959178,1140,1168,36,0,1132,1159,33406,8,0,0,8,9
2020-10-07,US,Kansas,Marion,89,1,0,38.35855394,-97.09852509999999,20115.0,748.9060922248401,1.1235955056179776,88,86,1,0,85,86,11950,3,0,0,3,0
2020-10-07,US,Kansas,Marshall,41,0,0,39.78359669,-96.52278974,20117.0,422.3756052333368,0.0,41,38,0,0,38,38,9722,3,0,0,3,0
2020-10-07,US,Kansas,McPherson,306,1,0,38.39184858,-97.64769869,20113.0,1072.104267395417,0.32679738562091504,305,290,1,0,289,290,28537,16,0,0,16,0
2020-10-07,US,Kansas,Meade,130,1,0,37.23859987,-100.36483100000001,20119.0,3223.4068931316638,0.7692307692307693,129,127,1,0,126,127,4146,3,0,0,3,0
2020-10-07,US,Kansas,Miami,433,1,0,38.56383358,-94.83832189,20121.0,1264.713613926454,0.2309468822170901,432,407,1,0,406,407,33680,26,0,0,26,0
2020-10-07,US,Kansas,Mitchell,48,0,0,39.39331582,-98.20906732,20123.0,802.8098344204718,0.0,48,48,0,0,48,48,6150,0,0,0,0,0
2020-10-07,US,Kansas,Montgomery,486,6,0,37.19236568,-95.74329258,20125.0,1526.9094222250146,1.2345679012345678,480,486,6,0,480,486,32120,0,0,0,0,0
2020-10-07,US,Kansas,Morris,43,0,0,38.68827511,-96.65128437,20127.0,765.1245551601422,0.0,43,42,0,0,42,42,5521,1,0,0,1,0
2020-10-07,US,Kansas,Morton,24,2,0,37.19141121,-101.79925190000002,20129.0,927.7155005798222,8.333333333333334,22,20,2,0,18,20,2667,4,0,0,4,0
2020-10-07,US,Kansas,Nemaha,169,1,0,39.78345387,-96.01392079,20131.0,1651.8424396442185,0.591715976331361,168,169,1,0,168,135,10155,0,0,0,0,34
2020-10-07,US,Kansas,Neosho,187,0,0,37.55862897,-95.30670046,20133.0,1168.238895483226,0.0,187,187,0,0,187,183,15951,0,0,0,0,4
2020-10-07,US,Kansas,Ness,101,7,0,38.47974157,-99.91547333,20135.0,3672.727272727273,6.9306930693069315,94,101,7,0,94,101,2840,0,0,0,0,0
2020-10-07,US,Kansas,Norton,60,0,0,39.78443827,-99.90286639,20137.0,1119.194180190263,0.0,60,46,0,0,46,46,5430,14,0,0,14,0
2020-10-07,US,Kansas,Osage,113,0,0,38.65235984,-95.72707998,20139.0,708.508370430748,0.0,113,112,0,0,112,112,15941,1,0,0,1,0
2020-10-07,US,Kansas,Osborne,12,0,0,39.3503437,-98.76753828,20141.0,350.77462730195845,0.0,12,11,0,0,11,11,3475,1,0,0,1,0
2020-10-07,US,Kansas,Ottawa,71,0,0,39.13237408,-97.65020313,20143.0,1244.7405329593269,0.0,71,61,0,0,61,61,5802,10,0,0,10,0
2020-10-07,US,Kansas,Pawnee,397,1,0,38.18108732,-99.23692334,20145.0,6189.585282195198,0.2518891687657431,396,463,1,0,462,463,6562,-66,0,0,-66,0
2020-10-07,US,Kansas,Phillips,138,8,0,39.78465501,-99.34668865,20147.0,2636.606801681315,5.797101449275362,130,134,8,0,126,132,5317,4,0,0,4,2
2020-10-07,US,Kansas,Pottawatomie,294,0,0,39.37925655,-96.34564657,20149.0,1205.758110158717,0.0,294,294,0,0,294,294,24277,0,0,0,0,0
2020-10-07,US,Kansas,Pratt,83,0,0,37.64780729,-98.73922153,20151.0,905.7180270624182,0.0,83,82,0,0,82,82,9378,1,0,0,1,0
2020-10-07,US,Kansas,Rawlins,51,0,0,39.78525843,-101.07616170000001,20153.0,2015.810276679842,0.0,51,50,0,0,50,50,2508,1,0,0,1,0
2020-10-07,US,Kansas,Reno,1253,4,0,37.95230263,-98.08607292,20155.0,2021.0329365463401,0.3192338387869114,1249,1221,4,0,1217,1197,62342,32,0,0,32,24
2020-10-07,US,Kansas,Republic,53,1,0,39.82799632,-97.65036709,20157.0,1143.2269197584126,1.8867924528301887,52,48,1,0,47,48,4664,5,0,0,5,0
2020-10-07,US,Kansas,Rice,95,1,0,38.34616184,-98.19992118,20159.0,996.1203732830028,1.0526315789473684,94,90,1,0,89,90,9531,5,0,0,5,0
2020-10-07,US,Kansas,Riley,1949,9,0,39.28935726,-96.73420026,20161.0,2625.5523224485396,0.4617752693689071,1940,1945,8,0,1937,1869,73703,4,1,0,3,76
2020-10-07,US,Kansas,Rooks,119,7,0,39.35022773,-99.32484567,20163.0,2418.699186991869,5.882352941176472,112,119,7,0,112,119,5013,0,0,0,0,0
2020-10-07,US,Kansas,Rush,64,0,0,38.52275276,-99.30863983,20165.0,2108.0368906455865,0.0,64,64,0,0,64,64,3093,0,0,0,0,0
2020-10-07,US,Kansas,Russell,116,1,0,38.91462787,-98.76254297,20167.0,1691.9486581096849,0.8620689655172413,115,116,1,0,115,116,6907,0,0,0,0,0
2020-10-07,US,Kansas,Saline,864,12,0,38.78369175,-97.65185177,20169.0,1593.3903806432575,1.3888888888888888,852,851,11,0,840,851,54401,13,1,0,12,0
2020-10-07,US,Kansas,Scott,126,1,0,38.48222076,-100.90665390000001,20171.0,2612.481857764877,0.7936507936507936,125,122,1,0,121,122,4897,4,0,0,4,0
2020-10-07,US,Kansas,Sedgwick,9029,94,0,37.6842718,-97.4608198,20173.0,1749.6637870560926,1.0410898216856794,8935,8978,94,0,8884,8954,513607,51,0,0,51,24
2020-10-07,US,Kansas,Seward,1824,7,0,37.19324632,-100.85072009999999,20175.0,8512.226992719807,0.38377192982456143,1817,1824,7,0,1817,1794,21780,0,0,0,0,30
2020-10-07,US,Kansas,Shawnee,2921,34,0,39.04100763,-95.75572640000001,20177.0,1651.4487632508828,1.1639849366655255,2887,2894,34,0,2860,2872,177499,27,0,0,27,22
2020-10-07,US,Kansas,Sheridan,47,0,0,39.35018161,-100.44182590000001,20179.0,1864.3395477984927,0.0,47,38,0,0,38,38,2533,9,0,0,9,0
2020-10-07,US,Kansas,Sherman,54,0,0,39.35147699,-101.71976240000001,20181.0,912.6246408653034,0.0,54,47,0,0,47,47,5899,7,0,0,7,0
2020-10-07,US,Kansas,Smith,12,0,0,39.78516566,-98.78566062,20183.0,334.91487580240016,0.0,12,11,0,0,11,11,3603,1,0,0,1,0
2020-10-07,US,Kansas,Stafford,63,1,0,38.03100851,-98.71762001,20185.0,1515.8806544754568,1.5873015873015872,62,60,1,0,59,60,4178,3,0,0,3,0
2020-10-07,US,Kansas,Stanton,48,2,0,37.56304714,-101.78435340000001,20187.0,2392.8215353938185,4.166666666666667,46,48,2,0,46,48,1987,0,0,0,0,0
2020-10-07,US,Kansas,Stevens,180,1,0,37.1923008,-101.3118967,20189.0,3281.6773017319965,0.5555555555555556,179,173,1,0,172,173,5559,7,0,0,7,0
2020-10-07,US,Kansas,Sumner,212,3,0,37.23682549,-97.47721621,20191.0,928.35873182694,1.4150943396226414,209,211,3,0,208,211,22996,1,0,0,1,0
2020-10-07,US,Kansas,Thomas,200,0,0,39.35107575,-101.0553705,20193.0,2571.6857400025715,0.0,200,192,0,0,192,192,7711,8,0,0,8,0
2020-10-07,US,Kansas,Trego,64,3,0,38.91467218,-99.87284448,20195.0,2283.2679272208347,4.6875,61,63,3,0,60,63,2793,1,0,0,1,0
2020-10-07,US,Kansas,Wabaunsee,70,1,0,38.95471985,-96.20350509,20197.0,1009.9552734093204,1.4285714285714286,69,70,1,0,69,70,6899,0,0,0,0,0
2020-10-07,US,Kansas,Wallace,19,0,0,38.91686134,-101.76388759999999,20199.0,1251.6469038208168,0.0,19,19,0,0,19,19,1503,0,0,0,0,0
2020-10-07,US,Kansas,Washington,24,0,0,39.78420784,-97.08753229999999,20201.0,443.95116537180917,0.0,24,23,0,0,23,23,5420,1,0,0,1,0
2020-10-07,US,Kansas,Wichita,6,0,0,38.48178252,-101.3471509,20203.0,283.15243039169417,0.0,6,6,0,0,6,6,2105,0,0,0,0,0
2020-10-07,US,Kansas,Wilson,70,2,0,37.55937174,-95.74323255,20205.0,821.1143695014662,2.8571428571428568,68,66,2,0,64,66,8665,4,0,0,4,0
2020-10-07,US,Kansas,Woodson,24,0,0,37.8865336,-95.74006277,20207.0,764.8183556405354,0.0,24,20,0,0,20,20,3183,4,0,0,4,0
2020-10-07,US,Kansas,Wyandotte,7394,134,0,39.11727348,-94.76378225,20209.0,4469.5911841333755,1.8122802272112524,7260,7338,134,0,7204,7287,165324,56,0,0,56,51
2020-10-07,US,Kentucky,Adair,352,19,0,37.10459774,-85.28129668,21001.0,1833.1423810019794,5.3977272727272725,333,340,19,0,321,336,19215,12,0,0,12,4
2020-10-07,US,Kentucky,Allen,420,9,0,36.75197631,-86.19457544,21003.0,1970.4433497536945,2.142857142857143,411,410,9,0,401,400,21122,10,0,0,10,10
2020-10-07,US,Kentucky,Anderson,189,1,0,38.00671029,-84.99171713,21005.0,830.8787972040269,0.5291005291005291,188,181,1,0,180,179,22663,8,0,0,8,2
2020-10-07,US,Kentucky,Ballard,59,1,0,37.05842757,-88.99427697,21007.0,747.9716024340771,1.6949152542372878,58,59,1,0,58,59,7979,0,0,0,0,0
2020-10-07,US,Kentucky,Barren,832,13,0,36.96469836,-85.93338945,21009.0,1880.2684806436305,1.5625,819,824,13,0,811,823,44176,8,0,0,8,1
2020-10-07,US,Kentucky,Bath,93,1,0,38.14735938,-83.74588932,21011.0,744.0,1.075268817204301,92,93,1,0,92,92,12383,0,0,0,0,1
2020-10-07,US,Kentucky,Bell,534,15,0,36.73355174,-83.67766671,21013.0,2051.321450522434,2.808988764044944,519,532,15,0,517,531,26569,2,0,0,2,1
2020-10-07,US,Kentucky,Boone,1710,25,0,38.97065142,-84.72615357,21015.0,1280.1221730635345,1.4619883040935673,1685,1690,25,0,1665,1682,131533,20,0,0,20,8
2020-10-07,US,Kentucky,Bourbon,221,1,0,38.2054607,-84.21827874,21017.0,1116.8384879725088,0.4524886877828054,220,217,1,0,216,214,20184,4,0,0,4,3
2020-10-07,US,Kentucky,Boyd,517,11,0,38.36176608,-82.68652187,21019.0,1106.6398390342054,2.127659574468085,506,512,11,0,501,509,47240,5,0,0,5,3
2020-10-07,US,Kentucky,Boyle,322,0,0,37.62680923,-84.8633779,21021.0,1071.1909514304725,0.0,322,310,0,0,310,306,30100,12,0,0,12,4
2020-10-07,US,Kentucky,Bracken,42,0,0,38.69158994,-84.08532444,21023.0,505.8412621943876,0.0,42,42,0,0,42,42,8239,0,0,0,0,0
2020-10-07,US,Kentucky,Breathitt,98,0,0,37.52333168,-83.31959161,21025.0,775.9303246239115,0.0,98,98,0,0,98,97,12726,0,0,0,0,1
2020-10-07,US,Kentucky,Breckinridge,148,2,0,37.77377239,-86.42885017,21027.0,722.7621233579138,1.351351351351351,146,147,2,0,145,147,20388,1,0,0,1,0
2020-10-07,US,Kentucky,Bullitt,997,11,0,37.97162523,-85.68955617,21029.0,1220.676820608257,1.1033099297893678,986,976,11,0,965,962,81069,21,0,0,21,14
2020-10-07,US,Kentucky,Butler,356,16,0,37.20946153,-86.68748787,21031.0,2764.1897662862025,4.49438202247191,340,354,16,0,338,346,12772,2,0,0,2,8
2020-10-07,US,Kentucky,Caldwell,178,0,0,37.14749129,-87.86948214,21033.0,1396.4069977249549,0.0,178,177,0,0,177,171,12715,1,0,0,1,6
2020-10-07,US,Kentucky,Calloway,690,9,0,36.62093411,-88.2731593,21035.0,1769.185405502423,1.3043478260869563,681,676,9,0,667,660,39135,14,0,0,14,16
2020-10-07,US,Kentucky,Campbell,939,16,0,38.94384345,-84.37875208,21037.0,1003.3766455804407,1.703940362087327,923,932,16,0,916,928,93152,7,0,0,7,4
2020-10-07,US,Kentucky,Carlisle,86,1,0,36.85372876,-88.96692220000001,21039.0,1806.7226890756306,1.162790697674419,85,86,1,0,85,85,4771,0,0,0,0,1
2020-10-07,US,Kentucky,Carroll,203,5,0,38.66599534,-85.12601074,21041.0,1909.5099238077319,2.4630541871921183,198,203,5,0,198,203,10737,0,0,0,0,0
2020-10-07,US,Kentucky,Carter,239,3,0,38.31690743,-83.05092385,21043.0,891.890883307833,1.2552301255230125,236,233,3,0,230,220,27004,6,0,0,6,13
2020-10-07,US,Kentucky,Casey,283,15,0,37.32533118,-84.92726209,21045.0,1751.3459991336097,5.300353356890461,268,283,15,0,268,283,15888,0,0,0,0,0
2020-10-07,US,Kentucky,Christian,1482,25,0,36.89267803,-87.49055367,21047.0,2103.2911823561967,1.6869095816464237,1457,1467,25,0,1442,1438,71671,15,0,0,15,29
2020-10-07,US,Kentucky,Clark,376,10,0,37.9689263,-84.14615986,21049.0,1036.8695364421035,2.6595744680851063,366,370,10,0,360,361,36249,6,0,0,6,9
2020-10-07,US,Kentucky,Clay,352,6,0,37.16451126,-83.712575,21051.0,1768.755338927692,1.7045454545454546,346,352,6,0,346,347,20105,0,0,0,0,5
2020-10-07,US,Kentucky,Clinton,145,2,0,36.72581156,-85.13377529,21053.0,1419.0643961636329,1.3793103448275863,143,145,2,0,143,144,10206,0,0,0,0,1
2020-10-07,US,Kentucky,Crittenden,127,1,0,37.35839237,-88.08826090000002,21055.0,1442.1985010220305,0.7874015748031497,126,125,1,0,124,124,8915,2,0,0,2,1
2020-10-07,US,Kentucky,Cumberland,110,0,0,36.78926125,-85.39050034,21057.0,1663.1387964922892,0.0,110,109,0,0,109,109,6659,1,0,0,1,0
2020-10-07,US,Kentucky,Daviess,1607,17,0,37.73028906,-87.09019479999998,21059.0,1583.0796662430673,1.057871810827629,1590,1578,17,0,1561,1554,101104,29,0,0,29,24
2020-10-07,US,Kentucky,Edmonson,146,12,0,37.21218923,-86.23955613,21061.0,1201.6460905349795,8.219178082191782,134,142,12,0,130,141,12274,4,0,0,4,1
2020-10-07,US,Kentucky,Elliott,46,0,0,38.11624059,-83.09771563,21063.0,611.9462551549818,0.0,46,45,0,0,45,44,7508,1,0,0,1,1
2020-10-07,US,Kentucky,Estill,205,0,0,37.69241417,-83.95956369,21065.0,1453.2822912235931,0.0,205,204,0,0,204,201,14198,1,0,0,1,3
2020-10-07,US,Kentucky,Fayette,8938,78,0,38.0368225,-84.45576892,21067.0,2765.8810714462543,0.8726784515551578,8860,7421,77,0,7344,7227,323780,1517,1,0,1516,194
2020-10-07,US,Kentucky,Fleming,90,0,0,38.36758311,-83.69657514,21069.0,617.2416158013854,0.0,90,90,0,0,90,89,14432,0,0,0,0,1
2020-10-07,US,Kentucky,Floyd,213,4,0,37.56213922,-82.74750924,21071.0,598.4995363735986,1.8779342723004693,209,211,4,0,207,211,35845,2,0,0,2,0
2020-10-07,US,Kentucky,Franklin,742,12,0,38.2379395,-84.87962551,21073.0,1455.1587535055207,1.6172506738544474,730,731,12,0,719,719,50815,11,0,0,11,12
2020-10-07,US,Kentucky,Fulton,179,3,0,36.55238827,-89.20140068,21075.0,2998.827274250293,1.675977653631285,176,174,3,0,171,173,6120,5,0,0,5,1
2020-10-07,US,Kentucky,Gallatin,101,8,0,38.75398691,-84.8558382,21077.0,1138.7980606607284,7.920792079207921,93,101,8,0,93,101,8832,0,0,0,0,0
2020-10-07,US,Kentucky,Garrard,193,3,0,37.638866799999995,-84.53289319,21079.0,1092.494056379486,1.5544041450777202,190,192,3,0,189,186,17560,1,0,0,1,6
2020-10-07,US,Kentucky,Grant,194,6,0,38.64962758,-84.62415957,21081.0,773.8641349874347,3.0927835051546397,188,191,6,0,185,188,25121,3,0,0,3,3
2020-10-07,US,Kentucky,Graves,794,29,0,36.72292505,-88.65143315,21083.0,2130.6284548918584,3.6523929471032752,765,782,29,0,753,777,37317,12,0,0,12,5
2020-10-07,US,Kentucky,Grayson,416,14,0,37.46231118,-86.34248968,21085.0,1574.1476520225524,3.3653846153846154,402,415,14,0,401,413,26321,1,0,0,1,2
2020-10-07,US,Kentucky,Green,285,8,0,37.26484328,-85.5540745,21087.0,2604.8807238826435,2.8070175438596485,277,283,8,0,275,281,11049,2,0,0,2,2
2020-10-07,US,Kentucky,Greenup,476,5,0,38.54332505,-82.9215658,21089.0,1356.2026326286398,1.050420168067227,471,469,4,0,465,464,35268,7,1,0,6,5
2020-10-07,US,Kentucky,Hancock,100,0,0,37.83766422,-86.78280584,21091.0,1146.5260261407934,0.0,100,98,0,0,98,94,8758,2,0,0,2,4
2020-10-07,US,Kentucky,Hardin,1448,11,0,37.6976111,-85.96319251,21093.0,1304.9982876403685,0.7596685082872928,1437,1427,11,0,1416,1420,110356,21,0,0,21,7
2020-10-07,US,Kentucky,Harlan,503,12,0,36.85699301,-83.21899516,21095.0,1933.8715878508267,2.3856858846918487,491,500,11,0,489,494,26409,3,1,0,2,6
2020-10-07,US,Kentucky,Harrison,199,0,0,38.44188174,-84.32869741,21097.0,1053.6905644392673,0.0,199,194,0,0,194,190,18778,5,0,0,5,4
2020-10-07,US,Kentucky,Hart,196,1,0,37.29943898,-85.88461055,21099.0,1029.6821644339377,0.5102040816326531,195,192,1,0,191,188,18906,4,0,0,4,4
2020-10-07,US,Kentucky,Henderson,974,6,0,37.79344553,-87.57392021,21101.0,2154.390621543906,0.6160164271047228,968,954,5,0,949,932,45591,20,1,0,19,22
2020-10-07,US,Kentucky,Henry,207,2,0,38.44942688,-85.11587507,21103.0,1283.641324569019,0.966183574879227,205,207,2,0,205,205,16106,0,0,0,0,2
2020-10-07,US,Kentucky,Hickman,87,1,0,36.67948079999999,-88.97875928,21105.0,1986.3013698630136,1.1494252873563218,86,84,1,0,83,82,4421,3,0,0,3,2
2020-10-07,US,Kentucky,Hopkins,724,39,0,37.30939025,-87.54670406,21107.0,1620.1942442823254,5.386740331491712,685,693,39,0,654,684,45068,31,0,0,31,9
2020-10-07,US,Kentucky,Jackson,391,17,0,37.41866422,-83.99825483,21109.0,2933.453372346013,4.3478260869565215,374,389,17,0,372,383,13442,2,0,0,2,6
2020-10-07,US,Kentucky,Jefferson,17165,316,0,38.18664655,-85.65931031,21111.0,2238.64927219445,1.8409554325662685,16849,16980,316,0,16664,16800,770517,185,0,0,185,180
2020-10-07,US,Kentucky,Jessamine,683,0,0,37.87119786,-84.58252003,21113.0,1262.1269518617758,0.0,683,674,0,0,674,665,53920,9,0,0,9,9
2020-10-07,US,Kentucky,Johnson,178,2,0,37.85106355,-82.8264322,21115.0,802.2354425815756,1.1235955056179776,176,176,2,0,174,165,22386,2,0,0,2,11
2020-10-07,US,Kentucky,Kenton,2166,49,0,38.93950319,-84.53241199,21117.0,1297.021521215823,2.262234533702678,2117,2144,49,0,2095,2140,166051,22,0,0,22,4
2020-10-07,US,Kentucky,Knott,247,1,0,37.35388197,-82.94981134,21119.0,1668.242604349588,0.4048582995951417,246,235,1,0,234,235,15126,12,0,0,12,0
2020-10-07,US,Kentucky,Knox,570,9,0,36.89225732,-83.85403396,21121.0,1830.149301653556,1.5789473684210529,561,555,9,0,546,538,31304,15,0,0,15,17
2020-10-07,US,Kentucky,Larue,153,1,0,37.54567114,-85.70138352,21123.0,1062.6475899430477,0.6535947712418301,152,147,1,0,146,144,14307,6,0,0,6,3
2020-10-07,US,Kentucky,Laurel,1076,6,0,37.10975748,-84.11321779,21125.0,1769.3585253153108,0.5576208178438662,1070,1048,6,0,1042,1022,60669,28,0,0,28,26
2020-10-07,US,Kentucky,Lawrence,73,0,0,38.07136018,-82.72882223,21127.0,476.5946334138539,0.0,73,70,0,0,70,67,15571,3,0,0,3,3
2020-10-07,US,Kentucky,Lee,18,0,0,37.59645942,-83.71513901,21129.0,243.1446710792921,0.0,18,18,0,0,18,18,7033,0,0,0,0,0
2020-10-07,US,Kentucky,Leslie,99,0,0,37.09246661,-83.37999606,21131.0,1002.3286423002936,0.0,99,95,0,0,95,95,10143,4,0,0,4,0
2020-10-07,US,Kentucky,Letcher,219,2,0,37.12306748,-82.85346474,21133.0,1016.099846889064,0.9132420091324199,217,206,2,0,204,200,21899,13,0,0,13,6
2020-10-07,US,Kentucky,Lewis,238,15,0,38.53184419,-83.37735618,21135.0,1792.8436911487759,6.302521008403361,223,236,15,0,221,233,13257,2,0,0,2,3
2020-10-07,US,Kentucky,Lincoln,242,15,0,37.45475628,-84.6565327,21137.0,985.7835349708746,6.198347107438017,227,238,15,0,223,227,24644,4,0,0,4,11
2020-10-07,US,Kentucky,Livingston,96,1,0,37.21137452,-88.34797529,21139.0,1044.1592342832282,1.0416666666666667,95,95,1,0,94,94,9242,1,0,0,1,1
2020-10-07,US,Kentucky,Logan,599,29,0,36.85949479,-86.877635,21141.0,2210.16899121836,4.841402337228715,570,593,29,0,564,584,26989,6,0,0,6,9
2020-10-07,US,Kentucky,Lyon,82,4,0,37.02080035,-88.07886257,21143.0,998.7819732034103,4.878048780487805,78,82,4,0,78,81,8009,0,0,0,0,1
2020-10-07,US,Kentucky,Madison,1951,7,0,37.71659336,-84.27220275,21151.0,2098.142751137256,0.3587903639159405,1944,1941,7,0,1934,1913,92368,10,0,0,10,28
2020-10-07,US,Kentucky,Magoffin,104,0,0,37.70820545,-83.0657714,21153.0,855.1928295370446,0.0,104,101,0,0,101,100,12362,3,0,0,3,1
2020-10-07,US,Kentucky,Marion,249,8,0,37.55218078,-85.26898542,21155.0,1291.9628495823172,3.21285140562249,241,248,8,0,240,247,19404,1,0,0,1,1
2020-10-07,US,Kentucky,Marshall,353,4,0,36.88007070000001,-88.32803576,21157.0,1135.048231511254,1.13314447592068,349,349,4,0,345,343,31191,4,0,0,4,6
2020-10-07,US,Kentucky,Martin,94,3,0,37.79990579,-82.51247478,21159.0,839.6605627512282,3.191489361702128,91,89,3,0,86,84,11323,5,0,0,5,5
2020-10-07,US,Kentucky,Mason,134,2,0,38.59471935,-83.82151043,21161.0,785.0029291154071,1.492537313432836,132,131,2,0,129,131,17150,3,0,0,3,0
2020-10-07,US,Kentucky,McCracken,813,10,0,37.05350953,-88.70445755,21145.0,1242.777217279648,1.2300123001230012,803,806,10,0,796,800,65346,7,0,0,7,6
2020-10-07,US,Kentucky,McCreary,212,1,0,36.73874143,-84.48102924,21147.0,1230.3406650803786,0.4716981132075472,211,208,1,0,207,206,17408,4,0,0,4,2
2020-10-07,US,Kentucky,McLean,93,1,0,37.5301951,-87.26803443,21149.0,1010.1010101010099,1.075268817204301,92,91,1,0,90,90,9252,2,0,0,2,1
2020-10-07,US,Kentucky,Meade,252,3,0,37.96163597,-86.21028219,21163.0,881.982360352793,1.1904761904761905,249,248,3,0,245,246,28715,4,0,0,4,2
2020-10-07,US,Kentucky,Menifee,66,1,0,37.94090733,-83.59985712,21165.0,1017.1058714748036,1.5151515151515151,65,64,1,0,63,62,6451,2,0,0,2,2
2020-10-07,US,Kentucky,Mercer,277,5,0,37.81474237,-84.87488475,21167.0,1262.9371267040533,1.8050541516245489,272,274,5,0,269,271,21774,3,0,0,3,3
2020-10-07,US,Kentucky,Metcalfe,132,2,0,36.99459295,-85.63123699,21169.0,1310.694072088174,1.5151515151515151,130,132,2,0,130,129,10030,0,0,0,0,3
2020-10-07,US,Kentucky,Monroe,222,4,0,36.71225341,-85.71596443,21171.0,2084.507042253521,1.8018018018018016,218,220,4,0,216,219,10718,2,0,0,2,1
2020-10-07,US,Kentucky,Montgomery,314,3,0,38.03253032,-83.9145241,21173.0,1115.1756224029548,0.9554140127388536,311,309,3,0,306,303,28203,5,0,0,5,6
2020-10-07,US,Kentucky,Morgan,82,0,0,37.92465657,-83.25558245,21175.0,616.1244270794199,0.0,82,81,0,0,81,70,13345,1,0,0,1,11
2020-10-07,US,Kentucky,Muhlenberg,816,12,0,37.21425819,-87.14632053,21177.0,2664.7508327346354,1.4705882352941178,804,814,12,0,802,807,30774,2,0,0,2,7
2020-10-07,US,Kentucky,Nelson,555,4,0,37.80335779,-85.4657193,21179.0,1200.4412432677955,0.7207207207207207,551,546,4,0,542,534,45851,9,0,0,9,12
2020-10-07,US,Kentucky,Nicholas,58,1,0,38.33342292,-84.01889177,21181.0,797.9089283257671,1.7241379310344829,57,53,1,0,52,52,7166,5,0,0,5,1
2020-10-07,US,Kentucky,Ohio,491,9,0,37.47751843,-86.85368087,21183.0,2046.3449195632238,1.8329938900203664,482,487,9,0,478,482,24087,4,0,0,4,5
2020-10-07,US,Kentucky,Oldham,1208,26,0,38.39791089,-85.448222,21185.0,1808.4103055434962,2.1523178807947017,1182,1209,26,0,1183,1203,66470,-1,0,0,-1,6
2020-10-07,US,Kentucky,Owen,104,2,0,38.51679143,-84.82404619,21187.0,954.0409136776442,1.9230769230769231,102,104,2,0,102,102,10880,0,0,0,0,2
2020-10-07,US,Kentucky,Owsley,49,1,0,37.42823949,-83.68811419,21189.0,1109.8527746319369,2.0408163265306123,48,49,1,0,48,48,4472,0,0,0,0,1
2020-10-07,US,Kentucky,Pendleton,103,0,0,38.69607718,-84.35599463,21191.0,705.9629883481838,0.0,103,102,0,0,102,100,14529,1,0,0,1,2
2020-10-07,US,Kentucky,Perry,354,9,0,37.25023553,-83.22922731,21193.0,1374.3303051479152,2.5423728813559316,345,351,9,0,342,350,26092,3,0,0,3,1
2020-10-07,US,Kentucky,Pike,541,3,0,37.47088263,-82.39487445,21195.0,934.7570668325383,0.5545286506469501,538,527,3,0,524,506,58402,14,0,0,14,21
2020-10-07,US,Kentucky,Powell,117,0,0,37.83218794,-83.82553961,21197.0,946.6785338619627,0.0,117,115,0,0,115,112,12442,2,0,0,2,3
2020-10-07,US,Kentucky,Pulaski,846,11,0,37.10466131,-84.57629079,21199.0,1301.9590944766771,1.3002364066193854,835,840,11,0,829,830,64623,6,0,0,6,10
2020-10-07,US,Kentucky,Robertson,13,1,0,38.51923469,-84.05055616,21201.0,616.6982922201139,7.6923076923076925,12,13,1,0,12,12,2135,0,0,0,0,1
2020-10-07,US,Kentucky,Rockcastle,211,1,0,37.36642393,-84.31176452,21203.0,1263.8514525306978,0.4739336492890995,210,203,1,0,202,192,16750,8,0,0,8,11
2020-10-07,US,Kentucky,Rowan,275,1,0,38.19484205,-83.42088935,21205.0,1124.284546197874,0.3636363636363637,274,274,1,0,273,266,24583,1,0,0,1,8
2020-10-07,US,Kentucky,Russell,276,6,0,36.99308373,-85.06070117,21207.0,1539.9207721921553,2.1739130434782608,270,273,6,0,267,270,17821,3,0,0,3,3
2020-10-07,US,Kentucky,Scott,876,14,0,38.29622293,-84.5816631,21209.0,1536.734264262157,1.5981735159817352,862,855,14,0,841,834,56031,21,0,0,21,21
2020-10-07,US,Kentucky,Shelby,1143,24,0,38.21476019,-85.194223,21211.0,2331.511096605744,2.0997375328083994,1119,1129,24,0,1105,1115,48518,14,0,0,14,14
2020-10-07,US,Kentucky,Simpson,294,8,0,36.74058474,-86.58047435,21213.0,1583.0282145164765,2.7210884353741496,286,292,8,0,284,291,18529,2,0,0,2,1
2020-10-07,US,Kentucky,Spencer,232,0,0,38.03223971,-85.32749335,21215.0,1198.9044493824608,0.0,232,226,0,0,226,225,18794,6,0,0,6,1
2020-10-07,US,Kentucky,Taylor,338,7,0,37.3677562,-85.3329931,21217.0,1311.6535371958555,2.0710059171597632,331,331,7,0,324,328,25549,7,0,0,7,3
2020-10-07,US,Kentucky,Todd,213,8,0,36.8381152,-87.17878374,21219.0,1732.552464616887,3.755868544600939,205,200,8,0,192,199,12311,13,0,0,13,1
2020-10-07,US,Kentucky,Trigg,196,0,0,36.80767017,-87.87333656,21221.0,1337.7926421404684,0.0,196,196,0,0,196,188,14643,0,0,0,0,8
2020-10-07,US,Kentucky,Trimble,72,0,0,38.61056487,-85.33775972,21223.0,849.9586825640421,0.0,72,72,0,0,72,72,8515,0,0,0,0,0
2020-10-07,US,Kentucky,Union,392,3,0,37.66166713,-87.94300009,21225.0,2725.818788679508,0.7653061224489796,389,388,3,0,385,383,14505,4,0,0,4,5
2020-10-07,US,Kentucky,Warren,4549,55,0,36.99903045,-86.42672751,21227.0,3422.9773657596916,1.2090569355902396,4494,4518,55,0,4463,4499,131264,31,0,0,31,19
2020-10-07,US,Kentucky,Washington,157,1,0,37.75599461,-85.17407732,21229.0,1298.0570483670938,0.6369426751592356,156,153,1,0,152,149,12084,4,0,0,4,4
2020-10-07,US,Kentucky,Wayne,192,0,0,36.80310688,-84.8251971,21231.0,944.2777750454926,0.0,192,187,0,0,187,186,20468,5,0,0,5,1
2020-10-07,US,Kentucky,Webster,220,3,0,37.52168356,-87.67989953,21233.0,1699.8918250656775,1.3636363636363635,217,219,3,0,216,213,13111,1,0,0,1,6
2020-10-07,US,Kentucky,Whitley,529,3,0,36.75700531,-84.14541217,21235.0,1458.746966688727,0.5671077504725898,526,518,2,0,516,496,36242,11,1,0,10,22
2020-10-07,US,Kentucky,Wolfe,53,0,0,37.73941626,-83.49303612,21237.0,740.5337431884868,0.0,53,52,0,0,52,52,7177,1,0,0,1,0
2020-10-07,US,Kentucky,Woodford,308,0,0,38.04178222,-84.7417556,21239.0,1152.0909702999925,0.0,308,304,0,0,304,301,26533,4,0,0,4,3
2020-10-07,US,Louisiana,Acadia,3004,99,0,30.295064899999996,-92.41419698,22001.0,4841.647191554517,3.29560585885486,2905,3000,99,0,2901,2993,62190,4,0,0,4,7
2020-10-07,US,Louisiana,Allen,1713,50,0,30.65385745,-92.82442028,22003.0,6684.3563429195765,2.918855808523059,1663,1706,50,0,1656,1696,25605,7,0,0,7,10
2020-10-07,US,Louisiana,Ascension,3848,98,0,30.20406249,-90.91328409999998,22005.0,3039.3984392278285,2.546777546777547,3750,3826,98,0,3728,3816,124672,22,0,0,22,10
2020-10-07,US,Louisiana,Assumption,771,24,0,29.89946234,-91.06461642,22007.0,3521.9953405509114,3.1128404669260696,747,772,24,0,748,767,22300,-1,0,0,-1,5
2020-10-07,US,Louisiana,Avoyelles,1599,58,0,31.07796211,-92.00079449,22009.0,3983.1606217616577,3.627267041901188,1541,1592,58,0,1534,1572,40462,7,0,0,7,20
2020-10-07,US,Louisiana,Beauregard,1028,39,0,30.64836518,-93.34173616,22011.0,2741.552657545937,3.793774319066148,989,1024,38,0,986,1026,37253,4,1,0,3,-2
2020-10-07,US,Louisiana,Bienville,514,33,0,32.34569994,-93.05398492,22013.0,3881.8820330790727,6.42023346303502,481,507,33,0,474,499,13308,7,0,0,7,8
2020-10-07,US,Louisiana,Bossier,3491,110,0,32.67932307,-93.60460152,22015.0,2747.975031289604,3.150959610426812,3381,3473,108,0,3365,3427,127185,18,2,0,16,46
2020-10-07,US,Louisiana,Caddo,9027,371,0,32.57991587,-93.88375652,22017.0,3758.0556526952087,4.109892544588456,8656,8974,371,0,8603,8884,242922,53,0,0,53,90
2020-10-07,US,Louisiana,Calcasieu,7986,217,0,30.22931235,-93.35400434,22019.0,3925.5588981301253,2.7172551965940395,7769,7954,217,0,7737,7947,203112,32,0,0,32,7
2020-10-07,US,Louisiana,Caldwell,313,3,0,32.0902519,-92.11752148,22021.0,3155.878201250252,0.9584664536741214,310,309,3,0,306,308,9960,4,0,0,4,1
2020-10-07,US,Louisiana,Cameron,235,2,0,29.87592238,-93.19310676,22023.0,3370.1419761938905,0.851063829787234,233,228,2,0,226,230,6968,7,0,0,7,-2
2020-10-07,US,Louisiana,Catahoula,442,12,0,31.66778967,-91.84526385,22025.0,4655.571940172741,2.7149321266968327,430,443,12,0,431,443,9608,-1,0,0,-1,0
2020-10-07,US,Louisiana,Claiborne,548,23,0,32.82308512,-92.99526883,22027.0,3497.1282705807275,4.197080291970803,525,541,23,0,518,537,15944,7,0,0,7,4
2020-10-07,US,Louisiana,Concordia,525,15,0,31.44817835,-91.63814433,22029.0,2725.99823459162,2.8571428571428568,510,524,15,0,509,521,19572,1,0,0,1,3
2020-10-07,US,Louisiana,De Soto,933,35,0,32.05457447,-93.74130302,22031.0,3397.298183009869,3.751339764201501,898,929,35,0,894,922,27436,4,0,0,4,7
2020-10-07,US,Louisiana,East Baton Rouge,15398,444,0,30.53842039,-91.09777565,22033.0,3499.0762602287427,2.8834913625146124,14954,15332,444,0,14888,15317,440956,66,0,0,66,15
2020-10-07,US,Louisiana,East Carroll,548,5,0,32.73926954,-91.23425694,22035.0,7987.1738813584025,0.9124087591240876,543,549,5,0,544,548,7037,-1,0,0,-1,1
2020-10-07,US,Louisiana,East Feliciana,1752,72,0,30.84425359,-91.04976723,22037.0,9155.996864384637,4.109589041095891,1680,1751,72,0,1679,1750,19305,1,0,0,1,1
2020-10-07,US,Louisiana,Evangeline,1350,34,0,30.72985248,-92.39915924,22039.0,4042.5213355292713,2.5185185185185186,1316,1353,34,0,1319,1344,33443,-3,0,0,-3,9
2020-10-07,US,Louisiana,Franklin,1237,41,0,32.13675181,-91.67589857,22041.0,6180.364726455157,3.3144704931285367,1196,1233,41,0,1192,1228,20156,4,0,0,4,5
2020-10-07,US,Louisiana,Grant,502,30,0,31.59882456,-92.56124347,22043.0,2242.172495421859,5.9760956175298805,472,502,30,0,472,502,22482,0,0,0,0,0
2020-10-07,US,Louisiana,Iberia,2997,90,0,29.86803617,-91.75871777,22045.0,4291.851639696406,3.003003003003003,2907,2998,90,0,2908,2989,70941,-1,0,0,-1,9
2020-10-07,US,Louisiana,Iberville,1422,58,0,30.25734305,-91.3499598,22047.0,4373.9042170342345,4.078762306610408,1364,1419,58,0,1361,1419,32721,3,0,0,3,0
2020-10-07,US,Louisiana,Jackson,703,22,0,32.30251776,-92.55692092,22049.0,4465.193089430894,3.1294452347083928,681,688,22,0,666,692,15902,15,0,0,15,-4
2020-10-07,US,Louisiana,Jefferson,17913,573,0,29.74075478,-90.11115756,22051.0,4141.801138977972,3.1987941718305133,17340,17845,573,0,17272,17795,434051,68,0,0,68,50
2020-10-07,US,Louisiana,Jefferson Davis,1283,39,0,30.26896765,-92.81210004,22053.0,4090.155572558021,3.03975058456742,1244,1279,39,0,1240,1274,31582,4,0,0,4,5
2020-10-07,US,Louisiana,LaSalle,440,10,0,31.67884782,-92.15907765,22059.0,2954.6065001343004,2.272727272727273,430,438,10,0,428,438,14917,2,0,0,2,0
2020-10-07,US,Louisiana,Lafayette,9106,135,0,30.2049055,-92.06959876,22055.0,3726.011702606489,1.4825389852844284,8971,9082,135,0,8947,9073,242782,24,0,0,24,9
2020-10-07,US,Louisiana,Lafourche,3740,123,0,29.52470226,-90.40976986,22057.0,3831.417624521073,3.288770053475936,3617,3725,122,0,3603,3707,98115,15,1,0,14,18
2020-10-07,US,Louisiana,Lincoln,1462,48,0,32.6003154,-92.66597409999999,22061.0,3127.8079671387623,3.283173734610123,1414,1448,48,0,1400,1439,47196,14,0,0,14,9
2020-10-07,US,Louisiana,Livingston,3915,76,0,30.44143993,-90.73061664,22063.0,2780.757019369411,1.9412515964240105,3839,3870,76,0,3794,3855,139567,45,0,0,45,15
2020-10-07,US,Louisiana,Madison,888,8,0,32.36918118,-91.23973355,22065.0,8108.8485069856615,0.9009009009009008,880,888,8,0,880,889,11161,0,0,0,0,-1
2020-10-07,US,Louisiana,Morehouse,833,22,0,32.81686191,-91.80421614,22067.0,3348.878346868216,2.641056422569028,811,829,22,0,807,824,25398,4,0,0,4,5
2020-10-07,US,Louisiana,Natchitoches,1244,26,0,31.72321584,-93.09816516,22069.0,3260.128937575344,2.090032154340836,1218,1233,26,0,1207,1226,38659,11,0,0,11,7
2020-10-07,US,Louisiana,Orleans,12867,589,0,30.06971951,-89.92660315,22071.0,3298.0130413385828,4.577601616538432,12278,12837,589,0,12248,12780,391006,30,0,0,30,57
2020-10-07,US,Louisiana,Ouachita,6494,150,0,32.47645559,-92.15704172,22073.0,4236.718663352449,2.309824453341546,6344,6451,150,0,6301,6437,154475,43,0,0,43,14
2020-10-07,US,Louisiana,Plaquemines,785,19,0,29.42245447,-89.60322085,22075.0,3384.058283398715,2.4203821656050954,766,786,19,0,767,739,23410,-1,0,0,-1,47
2020-10-07,US,Louisiana,Pointe Coupee,1070,40,0,30.71409502,-91.60209535,22077.0,4924.068108605616,3.7383177570093458,1030,1073,40,0,1033,1072,21940,-3,0,0,-3,1
2020-10-07,US,Louisiana,Rapides,4374,149,0,31.19778499,-92.52997303,22079.0,3373.7504627915587,3.4064929126657524,4225,4348,149,0,4199,4339,130562,26,0,0,26,9
2020-10-07,US,Louisiana,Red River,368,24,0,32.09530039,-93.34213308,22081.0,4359.1565979625675,6.521739130434782,344,365,24,0,341,367,8477,3,0,0,3,-2
2020-10-07,US,Louisiana,Richland,801,13,0,32.41391005,-91.76634876,22083.0,3980.7176225027333,1.6229712858926342,788,800,13,0,787,802,20192,1,0,0,1,-2
2020-10-07,US,Louisiana,Sabine,898,14,0,31.56388699,-93.55433981,22085.0,3759.839222910735,1.55902004454343,884,899,14,0,885,895,24032,-1,0,0,-1,4
2020-10-07,US,Louisiana,St. Bernard,1470,31,0,29.87761636,-89.51887093,22087.0,3111.5062230124463,2.108843537414966,1439,1464,31,0,1433,1453,46721,6,0,0,6,11
2020-10-07,US,Louisiana,St. Charles,1860,61,0,29.90709658,-90.35555967,22089.0,3502.824858757062,3.2795698924731185,1799,1849,61,0,1788,1846,52879,11,0,0,11,3
2020-10-07,US,Louisiana,St. Helena,424,4,0,30.82210324,-90.71013176,22091.0,4184.761152783261,0.9433962264150944,420,422,4,0,418,413,10262,2,0,0,2,9
2020-10-07,US,Louisiana,St. James,812,40,0,30.02531716,-90.80212061,22093.0,3849.0709139173305,4.9261083743842375,772,812,40,0,772,811,21037,0,0,0,0,1
2020-10-07,US,Louisiana,St. John the Baptist,1599,104,0,30.12597499,-90.4753503,22095.0,3732.7543945654456,6.5040650406504055,1495,1599,102,0,1497,1600,43184,0,2,0,-2,-1
2020-10-07,US,Louisiana,St. Landry,3423,128,0,30.59724262,-92.00135806,22097.0,4168.087282645755,3.7394098743792,3295,3403,128,0,3275,3390,82764,20,0,0,20,13
2020-10-07,US,Louisiana,St. Martin,2119,61,0,30.13112107,-91.61403569,22099.0,3965.8625142707415,2.8787163756488914,2058,2124,61,0,2063,2116,53621,-5,0,0,-5,8
2020-10-07,US,Louisiana,St. Mary,1963,78,0,29.69262097,-91.44702164,22101.0,3977.8714436248683,3.9735099337748334,1885,1956,78,0,1878,1958,49774,7,0,0,7,-2
2020-10-07,US,Louisiana,St. Tammany,7329,264,0,30.40942847,-89.95642711,22103.0,2814.3107837753773,3.6021285304952926,7065,7164,262,0,6902,7157,258111,165,2,0,163,7
2020-10-07,US,Louisiana,Tangipahoa,4764,121,0,30.62888673,-90.40664996,22105.0,3535.226109025067,2.5398824517212426,4643,4568,120,0,4448,4570,133777,196,1,0,195,-2
2020-10-07,US,Louisiana,Tensas,162,2,0,32.00760749,-91.32915234,22107.0,3737.886479003231,1.2345679012345678,160,163,2,0,161,162,4462,-1,0,0,-1,1
2020-10-07,US,Louisiana,Terrebonne,3708,119,0,29.37343766,-90.82626855,22109.0,3356.840875965273,3.2092772384034514,3589,3688,119,0,3569,3682,111021,20,0,0,20,6
2020-10-07,US,Louisiana,Unassigned,246,193,0,0.0,0.0,90022.0,0.0,78.45528455284554,53,195,190,0,5,200,,51,3,0,48,-5
2020-10-07,US,Louisiana,Union,1015,46,0,32.83121059,-92.3749373,22111.0,4591.098244979193,4.532019704433497,969,1011,46,0,965,1008,22330,4,0,0,4,3
2020-10-07,US,Louisiana,Vermilion,2070,66,0,29.83517605,-92.30292538,22113.0,3478.3485406059385,3.188405797101449,2004,2060,66,0,1994,2057,59830,10,0,0,10,3
2020-10-07,US,Louisiana,Vernon,1085,52,0,31.10884837,-93.18153838,22115.0,2287.6299310548397,4.792626728110599,1033,1081,52,0,1029,1081,48860,4,0,0,4,0
2020-10-07,US,Louisiana,Washington,1675,67,0,30.85288548,-90.03866652,22117.0,3626.012036195177,4.0,1608,1665,67,0,1598,1659,46582,10,0,0,10,6
2020-10-07,US,Louisiana,Webster,1347,28,0,32.70847669,-93.33121835,22119.0,3513.302034428795,2.078693392724573,1319,1342,28,0,1314,1333,38798,5,0,0,5,9
2020-10-07,US,Louisiana,West Baton Rouge,927,42,0,30.46058217,-91.30989571,22121.0,3502.739467220858,4.53074433656958,885,920,42,0,878,922,26427,7,0,0,7,-2
2020-10-07,US,Louisiana,West Carroll,353,10,0,32.78550125,-91.461201,22123.0,3259.464450600185,2.8328611898016995,343,352,10,0,342,350,10982,1,0,0,1,2
2020-10-07,US,Louisiana,West Feliciana,734,25,0,30.87882871,-91.41485379999999,22125.0,4714.799588900309,3.4059945504087192,709,740,25,0,715,774,15460,-6,0,0,-6,-34
2020-10-07,US,Louisiana,Winn,645,19,0,31.94449367,-92.63789413,22127.0,4638.952819332566,2.9457364341085266,626,643,19,0,624,642,14134,2,0,0,2,1
2020-10-07,US,Maine,Androscoggin,780,10,0,44.1664747,-70.20380627,23001.0,720.3745947892903,1.2820512820512822,770,775,10,0,765,771,107679,5,0,0,5,4
2020-10-07,US,Maine,Aroostook,51,1,0,46.65926321,-68.59841248,23003.0,76.0569681604653,1.96078431372549,50,49,1,0,48,49,67111,2,0,0,2,0
2020-10-07,US,Maine,Cumberland,2361,70,0,43.8370751,-70.37226999,23005.0,800.330844093111,2.9648454044896235,2291,2361,70,0,2291,2357,293557,0,0,0,0,4
2020-10-07,US,Maine,Franklin,64,1,0,44.97330019,-70.44381045,23007.0,211.92754726977714,1.5625,63,64,1,0,63,63,29897,0,0,0,0,1
2020-10-07,US,Maine,Hancock,55,1,0,44.59816444,-68.38401854,23009.0,100.02364195173405,1.818181818181818,54,55,1,0,54,55,54811,0,0,0,0,0
2020-10-07,US,Maine,Kennebec,248,11,0,44.40759555,-69.76738544,23011.0,202.7767330051839,4.435483870967742,237,234,11,0,223,229,122083,14,0,0,14,5
2020-10-07,US,Maine,Knox,48,1,0,44.11486325,-69.10529169,23013.0,120.68792115055818,2.083333333333333,47,47,1,0,46,45,39771,1,0,0,1,2
2020-10-07,US,Maine,Lincoln,50,1,0,44.05996956,-69.54227124,23015.0,144.36680718369232,2.0,49,50,1,0,49,50,34342,0,0,0,0,0
2020-10-07,US,Maine,Oxford,154,1,0,44.49952995,-70.75682123,23017.0,265.63173781802504,0.6493506493506493,153,153,1,0,152,153,57618,1,0,0,1,0
2020-10-07,US,Maine,Penobscot,267,6,0,45.40194593,-68.65020455,23019.0,175.48702579067745,2.247191011235955,261,264,6,0,258,263,151096,3,0,0,3,1
2020-10-07,US,Maine,Piscataquis,9,0,0,45.83839062,-69.2860223,23021.0,53.61930294906166,0.0,9,9,0,0,9,9,16800,0,0,0,0,0
2020-10-07,US,Maine,Sagadahoc,70,0,0,43.95415864,-69.85074999,23023.0,195.22534582775543,0.0,70,72,0,0,72,71,35634,-2,0,0,-2,1
2020-10-07,US,Maine,Somerset,96,8,0,45.51229767,-69.95995554,23025.0,190.1592583788924,8.333333333333334,88,92,8,0,84,88,50592,4,0,0,4,4
2020-10-07,US,Maine,Waldo,79,14,0,44.4858305,-69.12061935,23027.0,198.91728566032987,17.721518987341767,65,78,14,0,64,78,39694,1,0,0,1,0
2020-10-07,US,Maine,Washington,20,0,0,45.01607142,-67.62813524,23029.0,63.73689410115046,0.0,20,20,0,0,20,20,31490,0,0,0,0,0
2020-10-07,US,Maine,York,1251,17,0,43.47808377,-70.71052375,23031.0,602.4821687431672,1.3589128697042363,1234,1242,17,0,1225,1243,206229,9,0,0,9,-1
2020-10-07,US,Maryland,Allegany,501,23,0,39.62357628,-78.69280486,24001.0,711.4860259032038,4.590818363273453,478,498,23,0,475,495,70975,3,0,0,3,3
2020-10-07,US,Maryland,Anne Arundel,10527,254,0,39.00670238,-76.60329337,24003.0,1817.4002216720705,2.4128431651942623,10273,10473,252,0,10221,10429,576031,54,2,0,52,44
2020-10-07,US,Maryland,Baltimore,18522,639,0,39.45784712,-76.62911955,24005.0,2238.6598498857825,3.4499514091350827,17883,18455,637,0,17818,18409,828431,67,2,0,65,46
2020-10-07,US,Maryland,Baltimore City,16100,488,0,39.30211911,-76.61151012,24510.0,2712.766853695934,3.031055900621118,15612,16056,486,0,15570,16023,621342,44,2,0,42,33
2020-10-07,US,Maryland,Calvert,1032,28,0,38.53961642,-76.56820632,24009.0,1115.3742231829235,2.713178294573644,1004,1019,28,0,991,1009,92003,13,0,0,13,10
2020-10-07,US,Maryland,Caroline,668,7,0,38.87172293,-75.82904158,24011.0,1999.6407830928574,1.0479041916167664,661,666,7,0,659,664,33304,2,0,0,2,2
2020-10-07,US,Maryland,Carroll,2034,126,0,39.56453592,-77.02373735,24013.0,1207.5014693048852,6.1946902654867255,1908,2022,126,0,1896,2008,168429,12,0,0,12,14
2020-10-07,US,Maryland,Cecil,1134,35,0,39.56647682,-75.94627411,24015.0,1102.5229692285257,3.08641975308642,1099,1127,35,0,1092,1125,102826,7,0,0,7,2
2020-10-07,US,Maryland,Charles,2878,101,0,38.51092331,-76.98580666,24017.0,1762.8646857408871,3.509381514940931,2777,2869,101,0,2768,2860,161503,9,0,0,9,9
2020-10-07,US,Maryland,Dorchester,617,10,0,38.45413522,-76.02752426,24019.0,1932.412540323844,1.6207455429497568,607,616,10,0,606,615,31998,1,0,0,1,1
2020-10-07,US,Maryland,Frederick,4249,134,0,39.47296601,-77.39999394,24021.0,1637.0830716594685,3.1536832195810782,4115,4225,133,0,4092,4219,255648,24,1,0,23,6
2020-10-07,US,Maryland,Garrett,76,1,0,39.52786077,-79.27355126,24023.0,261.94251051216656,1.3157894736842106,75,76,1,0,75,76,29163,0,0,0,0,0
2020-10-07,US,Maryland,Harford,3191,76,0,39.55010644,-76.30775940000002,24025.0,1249.2121468362554,2.3816985271074897,3115,3167,76,0,3091,3148,253956,24,0,0,24,19
2020-10-07,US,Maryland,Howard,5292,122,0,39.25305293,-76.93126208,24027.0,1624.8579937977831,2.305366591080877,5170,5276,123,0,5153,5262,323196,16,-1,0,17,14
2020-10-07,US,Maryland,Kent,315,24,0,39.24976208,-76.04741541,24029.0,1621.8721037998143,7.6190476190476195,291,311,24,0,287,309,19383,4,0,0,4,2
2020-10-07,US,Maryland,Montgomery,23194,851,0,39.13676329,-77.20358245,24031.0,2207.5059389657063,3.6690523411227036,22343,23135,850,0,22285,23079,1052567,59,1,0,58,56
2020-10-07,US,Maryland,Prince George's,30226,831,0,38.83070039,-76.8496441,24033.0,3323.9967580419375,2.7492886918546953,29395,30153,831,0,29322,30088,909308,73,0,0,73,65
2020-10-07,US,Maryland,Queen Anne's,688,26,0,39.06198912,-76.03530977,24035.0,1365.5941724062645,3.779069767441861,662,684,26,0,658,682,50251,4,0,0,4,2
2020-10-07,US,Maryland,Somerset,325,4,0,38.1163542,-75.75118623,24039.0,1268.738288569644,1.2307692307692308,321,323,4,0,319,311,25675,2,0,0,2,12
2020-10-07,US,Maryland,St. Mary's,1360,58,0,38.30058422,-76.60629279999998,24037.0,1198.1323231433355,4.264705882352942,1302,1357,58,0,1299,1348,112664,3,0,0,3,9
2020-10-07,US,Maryland,Talbot,578,6,0,38.76618159,-76.10882561,24041.0,1554.5574352491865,1.038062283737024,572,579,6,0,573,579,36968,-1,0,0,-1,0
2020-10-07,US,Maryland,Unassigned,0,9,0,0.0,0.0,90024.0,0.0,0.0,-9,0,10,0,-10,0,,0,-1,0,1,0
2020-10-07,US,Maryland,Washington,1917,41,0,39.60835778,-77.82002295,24043.0,1269.124588709624,2.138758476786646,1876,1897,41,0,1856,1862,150926,20,0,0,20,35
2020-10-07,US,Maryland,Wicomico,2135,49,0,38.37301947,-75.62705831,24045.0,2060.6317983958925,2.295081967213114,2086,2117,49,0,2068,2100,103195,18,0,0,18,17
2020-10-07,US,Maryland,Worcester,1105,30,0,38.21274277,-75.33200012,24047.0,2113.7807024255867,2.7149321266968327,1075,1103,30,0,1073,1091,51823,2,0,0,2,12
2020-10-07,US,Massachusetts,Barnstable,1837,175,0,41.72980578,-70.28854339,25001.0,862.4818066575896,9.526401741970604,1662,1832,174,0,1658,1827,213413,5,1,0,4,5
2020-10-07,US,Massachusetts,Berkshire,726,51,0,42.37428441,-73.20524838,25003.0,581.0603150211292,7.024793388429752,675,725,51,0,674,725,126348,1,0,0,1,0
2020-10-07,US,Massachusetts,Bristol,10423,715,0,41.79228404,-71.10872211,25005.0,1844.070507433428,6.85982922383191,9708,10386,709,0,9677,10340,564022,37,6,0,31,46
2020-10-07,US,Massachusetts,Dukes and Nantucket,192,2,0,41.40674725,-70.68763497,0.0,668.2677247572309,1.0416666666666667,190,191,2,0,189,191,26707,1,0,0,1,0
2020-10-07,US,Massachusetts,Essex,20768,1303,0,42.6687626,-70.94687179,25009.0,2632.079225990261,6.274075500770416,19465,20672,1300,0,19372,20617,790638,96,3,0,93,55
2020-10-07,US,Massachusetts,Franklin,422,69,0,42.58119713,-72.58602547,25011.0,601.3109147905386,16.350710900473935,353,420,69,0,351,421,70963,2,0,0,2,-1
2020-10-07,US,Massachusetts,Hampden,8611,791,0,42.13440424,-72.63235561,25013.0,1846.380142890225,9.185924979677155,7820,8574,791,0,7783,8533,470406,37,0,0,37,41
2020-10-07,US,Massachusetts,Hampshire,1341,148,0,42.33997957,-72.65898478,25015.0,833.7996642417461,11.0365398956003,1193,1333,148,0,1185,1327,161355,8,0,0,8,6
2020-10-07,US,Massachusetts,Middlesex,28533,2175,0,42.48607732,-71.39049229,25017.0,1770.3677920008636,7.622752602250026,26358,28392,2172,0,26220,28308,1614714,141,3,0,138,84
2020-10-07,US,Massachusetts,Norfolk,10632,1077,0,42.16073095,-71.20530408,25021.0,1504.2976902125854,10.129796839729119,9555,10608,1074,0,9534,10558,705388,24,3,0,21,50
2020-10-07,US,Massachusetts,Plymouth,10024,778,0,41.94070556,-70.80802823,25023.0,1923.2466490919064,7.7613727055067825,9246,10007,777,0,9230,9959,518132,17,1,0,16,48
2020-10-07,US,Massachusetts,Suffolk,25200,1143,0,42.327951399999996,-71.07850442,25025.0,3134.690953058003,4.535714285714286,24057,25117,1142,0,23975,25052,807252,83,1,0,82,65
2020-10-07,US,Massachusetts,Unassigned,2919,5,0,0.0,0.0,90025.0,0.0,0.17129153819801302,2914,2909,5,0,2904,2864,,10,0,0,10,45
2020-10-07,US,Massachusetts,Worcester,14864,1125,0,42.35026951,-71.90493363,25027.0,1789.5023247638517,7.568622174381055,13739,14791,1124,0,13667,14740,830839,73,1,0,72,51
2020-10-07,US,Michigan,Alcona,49,2,0,44.6846864,-83.59507875,26001.0,470.92743873137914,4.081632653061225,47,49,2,0,47,49,10362,0,0,0,0,0
2020-10-07,US,Michigan,Alger,32,0,0,46.41292944,-86.60260122,26003.0,351.33948177426436,0.0,32,29,0,0,29,27,9097,3,0,0,3,2
2020-10-07,US,Michigan,Allegan,859,7,0,42.59147037,-85.89102866,26005.0,727.466738933444,0.8149010477299186,852,850,7,0,843,834,117327,9,0,0,9,16
2020-10-07,US,Michigan,Alpena,145,14,0,45.03477666,-83.62212411,26007.0,510.4735081851787,9.655172413793103,131,145,14,0,131,146,28360,0,0,0,0,-1
2020-10-07,US,Michigan,Antrim,76,0,0,44.99690221,-85.15503082,26009.0,325.8446235637112,0.0,76,72,0,0,72,71,23365,4,0,0,4,1
2020-10-07,US,Michigan,Arenac,76,3,0,44.0636262,-83.89277559,26011.0,510.64973459651947,3.947368421052632,73,76,3,0,73,76,15041,0,0,0,0,0
2020-10-07,US,Michigan,Baraga,49,3,0,46.6720582,-88.36363591,26013.0,596.9058350590815,6.1224489795918355,46,47,3,0,44,45,8320,2,0,0,2,2
2020-10-07,US,Michigan,Barry,377,4,0,42.59513984,-85.30834519,26015.0,612.5101543460601,1.0610079575596818,373,369,4,0,365,354,61157,8,0,0,8,15
2020-10-07,US,Michigan,Bay,1075,53,0,43.70639106,-83.98731479,26017.0,1042.4141341659717,4.930232558139535,1022,1065,53,0,1012,1062,103923,10,0,0,10,3
2020-10-07,US,Michigan,Benzie,85,2,0,44.63899297,-86.01608482,26019.0,478.4419678036699,2.3529411764705883,83,84,2,0,82,85,17753,1,0,0,1,-1
2020-10-07,US,Michigan,Berrien,2021,76,0,41.95447397,-86.41313079999998,26021.0,1317.462076518406,3.76051459673429,1945,1994,75,0,1919,1981,154141,27,1,0,26,13
2020-10-07,US,Michigan,Branch,677,7,0,41.91600556,-85.05929476,26023.0,1555.713858951674,1.03397341211226,670,670,7,0,663,664,43622,7,0,0,7,6
2020-10-07,US,Michigan,Calhoun,1696,50,0,42.24633834,-85.00493569,26025.0,1264.1716172601168,2.94811320754717,1646,1649,50,0,1599,1622,134487,47,0,0,47,27
2020-10-07,US,Michigan,Cass,664,17,0,41.91522292,-85.99405727,26027.0,1282.1750632398089,2.560240963855421,647,656,17,0,639,647,51653,8,0,0,8,9
2020-10-07,US,Michigan,Charlevoix,116,4,0,45.37790017,-85.19614053,26029.0,443.71342233102547,3.4482758620689653,112,115,4,0,111,114,26244,1,0,0,1,1
2020-10-07,US,Michigan,Cheboygan,98,2,0,45.44787015,-84.50122149,26031.0,387.7195758822599,2.0408163265306123,96,96,2,0,94,97,25413,2,0,0,2,-1
2020-10-07,US,Michigan,Chippewa,86,0,0,46.29552653,-84.54353449,26033.0,230.26051567645717,0.0,86,87,0,0,87,84,37517,-1,0,0,-1,3
2020-10-07,US,Michigan,Clare,126,5,0,43.98794227,-84.84819859999998,26035.0,407.108239095315,3.968253968253968,121,125,5,0,120,123,30757,1,0,0,1,2
2020-10-07,US,Michigan,Clinton,762,14,0,42.94400871,-84.60145248,26037.0,957.3465669954144,1.837270341207349,748,754,14,0,740,746,79332,8,0,0,8,8
2020-10-07,US,Michigan,Crawford,129,5,0,44.68255561,-84.61006219,26039.0,919.5238434671036,3.875968992248062,124,127,5,0,122,127,13901,2,0,0,2,0
2020-10-07,US,Michigan,Delta,753,11,0,45.90484910000001,-86.9080745,26041.0,2104.29242119383,1.4608233731739708,742,722,10,0,712,709,35857,31,1,0,30,13
2020-10-07,US,Michigan,Dickinson,243,3,0,46.00999672,-87.86961634,26043.0,962.795673362653,1.2345679012345678,240,238,3,0,235,215,25383,5,0,0,5,23
2020-10-07,US,Michigan,Eaton,763,10,0,42.59599185,-84.83740035,26045.0,691.9505205499329,1.3106159895150722,753,749,10,0,739,740,109826,14,0,0,14,9
2020-10-07,US,Michigan,Emmet,174,4,0,45.52625509,-84.89083249,26047.0,520.7242256471644,2.2988505747126435,170,174,4,0,170,172,33308,0,0,0,0,2
2020-10-07,US,Michigan,Federal Correctional Institution (FCI),195,5,0,0.0,0.0,0.0,0.0,2.5641025641025643,190,195,5,0,190,195,,0,0,0,0,0
2020-10-07,US,Michigan,Genesee,5089,309,0,43.02244215,-83.70589709,26049.0,1254.0258690579158,6.071919827078013,4780,5037,309,0,4728,4968,406892,52,0,0,52,69
2020-10-07,US,Michigan,Gladwin,115,2,0,43.98901072,-84.38774817,26051.0,451.8841604778184,1.7391304347826086,113,114,2,0,112,112,25337,1,0,0,1,2
2020-10-07,US,Michigan,Gogebic,182,2,0,46.40862701,-89.69377193,26053.0,1302.3255813953488,1.0989010989010992,180,181,2,0,179,179,15096,1,0,0,1,2
2020-10-07,US,Michigan,Grand Traverse,546,9,0,44.69565625,-85.55585247,26055.0,586.5417669302166,1.6483516483516485,537,533,9,0,524,532,92573,13,0,0,13,1
2020-10-07,US,Michigan,Gratiot,314,16,0,43.29265605,-84.60505416,26057.0,771.2903146569722,5.095541401273885,298,312,16,0,296,308,40599,2,0,0,2,4
2020-10-07,US,Michigan,Hillsdale,380,27,0,41.88753639,-84.59312019,26059.0,833.2419690823375,7.105263157894738,353,373,27,0,346,370,45749,7,0,0,7,3
2020-10-07,US,Michigan,Houghton,729,3,0,46.89988536,-88.68495385,26061.0,2042.932406680865,0.41152263374485604,726,700,3,0,697,672,36219,29,0,0,29,28
2020-10-07,US,Michigan,Huron,235,5,0,43.83353985,-83.04078453,26063.0,758.5294212581905,2.127659574468085,230,232,5,0,227,231,31166,3,0,0,3,1
2020-10-07,US,Michigan,Ingham,3828,51,0,42.59716886,-84.37472069,26065.0,1309.1386633653208,1.3322884012539185,3777,3781,51,0,3730,3753,292735,47,0,0,47,28
2020-10-07,US,Michigan,Ionia,417,7,0,42.94502238,-85.07413319,26067.0,644.5430236332443,1.6786570743405276,410,404,7,0,397,405,64210,13,0,0,13,-1
2020-10-07,US,Michigan,Iosco,241,13,0,44.35486835,-83.63484895,26069.0,959.127631631313,5.394190871369295,228,240,13,0,227,238,25081,1,0,0,1,2
2020-10-07,US,Michigan,Iron,264,10,0,46.20974132,-88.53136251,26071.0,2385.685884691849,3.787878787878788,254,258,10,0,248,255,11117,6,0,0,6,3
2020-10-07,US,Michigan,Isabella,785,15,0,43.64060976,-84.84664923,26073.0,1123.48294023357,1.9108280254777068,770,768,15,0,753,753,70562,17,0,0,17,15
2020-10-07,US,Michigan,Jackson,1247,49,0,42.24807035,-84.42258681,26075.0,786.7011545012932,3.929430633520449,1198,1222,49,0,1173,1193,158823,25,0,0,25,29
2020-10-07,US,Michigan,Kalamazoo,3406,96,0,42.24542231,-85.53038622,26077.0,1284.9629903495736,2.818555490311216,3310,3336,96,0,3240,3262,264870,70,0,0,70,74
2020-10-07,US,Michigan,Kalkaska,92,4,0,44.68512729,-85.09085699,26079.0,510.0343718815834,4.3478260869565215,88,92,4,0,88,92,17824,0,0,0,0,0
2020-10-07,US,Michigan,Kent,10864,176,0,43.03197711,-85.54934642,26081.0,1653.6901309830967,1.6200294550810015,10688,10767,176,0,10591,10677,653786,97,0,0,97,90
2020-10-07,US,Michigan,Keweenaw,10,0,0,47.63197653,-88.41434263,26083.0,472.5897920604915,0.0,10,15,0,0,15,14,2113,-5,0,0,-5,1
2020-10-07,US,Michigan,Lake,38,0,0,43.99050893,-85.802173,26085.0,320.593942461824,0.0,38,38,0,0,38,38,11881,0,0,0,0,0
2020-10-07,US,Michigan,Lapeer,668,37,0,43.09052506,-83.22153148,26087.0,762.4961475681167,5.538922155688622,631,659,36,0,623,654,88028,9,1,0,8,5
2020-10-07,US,Michigan,Leelanau,118,1,0,44.94430054,-85.80150326,26089.0,542.2544919810671,0.8474576271186439,117,117,1,0,116,115,21764,1,0,0,1,2
2020-10-07,US,Michigan,Lenawee,900,18,0,41.89475156,-84.06603727,26091.0,914.1603437242892,2.0,882,891,18,0,873,874,98266,9,0,0,9,17
2020-10-07,US,Michigan,Livingston,1507,32,0,42.60302282,-83.91297209,26093.0,784.9162738612987,2.12342402123424,1475,1496,32,0,1464,1477,191224,11,0,0,11,19
2020-10-07,US,Michigan,Luce,19,0,0,46.47227431,-85.54471223,26095.0,305.024883608926,0.0,19,17,0,0,17,14,6283,2,0,0,2,3
2020-10-07,US,Michigan,Mackinac,84,0,0,46.07028979,-85.04980537,26097.0,777.8498009074913,0.0,84,83,0,0,83,75,10787,1,0,0,1,8
2020-10-07,US,Michigan,Macomb,15445,1035,0,42.69158356,-82.92752801,26099.0,1767.2190871103421,6.701197798640338,14410,15334,1033,0,14301,15267,874759,111,2,0,109,67
2020-10-07,US,Michigan,Manistee,88,3,0,44.33352407,-86.05626916,26101.0,358.33536932975,3.4090909090909087,85,88,3,0,85,89,24528,0,0,0,0,-1
2020-10-07,US,Michigan,Marquette,470,12,0,46.4338914,-87.64043701,26103.0,704.6582407532347,2.5531914893617023,458,452,12,0,440,445,66516,18,0,0,18,7
2020-10-07,US,Michigan,Mason,144,0,0,43.99509218,-86.24988902,26105.0,494.0982706560527,0.0,144,141,0,0,141,140,29100,3,0,0,3,1
2020-10-07,US,Michigan,Mecosta,259,3,0,43.64064262,-85.32463223,26107.0,596.0463029019861,1.1583011583011582,256,251,3,0,248,248,43545,8,0,0,8,3
2020-10-07,US,Michigan,Menominee,501,3,0,45.58038692,-87.55370409,26109.0,2199.297629499561,0.5988023952095808,498,492,3,0,489,471,22983,9,0,0,9,21
2020-10-07,US,Michigan,Michigan Department of Corrections (MDOC),5631,75,0,0.0,0.0,0.0,0.0,1.3319126265316996,5556,5627,74,0,5553,5623,,4,1,0,3,4
2020-10-07,US,Michigan,Midland,685,12,0,43.64330771,-84.38804374,26111.0,823.7529462696617,1.7518248175182485,673,671,12,0,659,660,83209,14,0,0,14,11
2020-10-07,US,Michigan,Missaukee,69,1,0,44.33772443,-85.09256478,26113.0,456.4095779865062,1.4492753623188406,68,69,1,0,68,68,15113,0,0,0,0,1
2020-10-07,US,Michigan,Monroe,1633,28,0,41.92734151,-83.53749864,26115.0,1085.0498338870434,1.7146356399265157,1605,1611,28,0,1583,1595,150439,22,0,0,22,16
2020-10-07,US,Michigan,Montcalm,380,7,0,43.31082541,-85.15252824,26117.0,594.7908840470824,1.8421052631578947,373,376,7,0,369,372,63968,4,0,0,4,4
2020-10-07,US,Michigan,Montmorency,17,0,0,45.0275929,-84.12696227,26119.0,182.24699828473408,0.0,17,17,0,0,17,17,9265,0,0,0,0,0
2020-10-07,US,Michigan,Muskegon,1632,72,0,43.29123859,-86.15176712,26121.0,940.2763213993525,4.411764705882354,1560,1616,72,0,1544,1597,173588,16,0,0,16,19
2020-10-07,US,Michigan,Newaygo,432,2,0,43.554373999999996,-85.80070107,26123.0,881.9926500612495,0.462962962962963,430,426,2,0,424,420,48892,6,0,0,6,6
2020-10-07,US,Michigan,Oakland,21464,1210,0,42.66090111,-83.38595416,26125.0,1706.7647171083606,5.637346254193068,20254,21358,1211,0,20147,21241,1259201,106,-1,0,107,117
2020-10-07,US,Michigan,Oceana,536,6,0,43.64124435,-86.26726673,26127.0,2025.1634110401635,1.1194029850746268,530,535,6,0,529,536,26625,1,0,0,1,-1
2020-10-07,US,Michigan,Ogemaw,74,5,0,44.33481032,-84.12725175,26129.0,352.43129970948235,6.756756756756758,69,72,5,0,67,72,20952,2,0,0,2,0
2020-10-07,US,Michigan,Ontonagon,46,0,0,46.665226200000006,-89.31390481,26131.0,804.1958041958043,0.0,46,46,0,0,46,46,5795,0,0,0,0,0
2020-10-07,US,Michigan,Osceola,103,0,0,43.98992088,-85.32566756,26133.0,439.0451832907076,0.0,103,103,0,0,103,103,23341,0,0,0,0,0
2020-10-07,US,Michigan,Oscoda,47,1,0,44.68192279,-84.12939244,26135.0,570.3191360271811,2.127659574468085,46,35,1,0,34,32,8276,12,0,0,12,3
2020-10-07,US,Michigan,Otsego,191,11,0,45.02085831,-84.59898295,26137.0,774.282471217772,5.7591623036649215,180,190,11,0,179,189,24665,1,0,0,1,1
2020-10-07,US,Michigan,Ottawa,3766,69,0,42.95996803,-85.9969107,26139.0,1290.4773326936916,1.8321826872012743,3697,3725,67,0,3658,3690,290494,41,2,0,39,35
2020-10-07,US,Michigan,Out of MI,197,2,0,0.0,0.0,80026.0,0.0,1.0152284263959392,195,194,2,0,192,194,,3,0,0,3,0
2020-10-07,US,Michigan,Presque Isle,28,1,0,45.34018577,-83.91498656,26141.0,222.36340533672168,3.571428571428572,27,28,1,0,27,27,12738,0,0,0,0,1
2020-10-07,US,Michigan,Roscommon,109,4,0,44.33473082,-84.61067651,26143.0,453.8074024730422,3.669724770642202,105,106,4,0,102,105,23884,3,0,0,3,1
2020-10-07,US,Michigan,Saginaw,3125,143,0,43.33433923,-84.05131209999998,26145.0,1640.084182240906,4.5760000000000005,2982,3111,143,0,2968,3094,190800,14,0,0,14,17
2020-10-07,US,Michigan,Sanilac,157,7,0,43.42406072,-82.82055898,26151.0,381.3456400291473,4.4585987261146505,150,155,7,0,148,153,41182,2,0,0,2,2
2020-10-07,US,Michigan,Schoolcraft,39,0,0,46.19235734,-86.19972234,26153.0,481.8383988139362,0.0,39,38,0,0,38,37,8068,1,0,0,1,1
2020-10-07,US,Michigan,Shiawassee,562,32,0,42.95392800000001,-84.14585902,26155.0,824.990458295411,5.6939501779359425,530,556,32,0,524,553,68192,6,0,0,6,3
2020-10-07,US,Michigan,St. Clair,1106,59,0,42.92655373,-82.67937954,26147.0,695.0379568649138,5.334538878842675,1047,1092,58,0,1034,1076,159337,14,1,0,13,16
2020-10-07,US,Michigan,St. Joseph,871,11,0,41.91441767,-85.52797979,26149.0,1428.7120267698967,1.2629161882893227,860,863,11,0,852,847,61043,8,0,0,8,16
2020-10-07,US,Michigan,Tuscola,530,33,0,43.46606813,-83.41897025,26157.0,1014.45114365011,6.226415094339623,497,529,32,0,497,530,52516,1,1,0,0,-1
2020-10-07,US,Michigan,Unassigned,23,0,0,0.0,0.0,90026.0,0.0,0.0,23,22,0,0,22,21,,1,0,0,1,1
2020-10-07,US,Michigan,Van Buren,812,18,0,42.25190229,-86.01939087,26159.0,1072.9812228286003,2.2167487684729066,794,809,18,0,791,805,75448,3,0,0,3,4
2020-10-07,US,Michigan,Washtenaw,4001,116,0,42.253105,-83.83853204,26161.0,1088.4083557988145,2.899275181204698,3885,3964,116,0,3848,3928,370963,37,0,0,37,36
2020-10-07,US,Michigan,Wayne,36376,3001,0,42.28098405,-83.281255,26163.0,2079.409241069361,8.249945018693644,33375,36237,3002,0,33235,36053,1753893,139,-1,0,140,184
2020-10-07,US,Michigan,Wexford,139,4,0,44.33853602,-85.57712739,26165.0,413.30914929677976,2.8776978417266186,135,135,4,0,131,136,33466,4,0,0,4,-1
2020-10-07,US,Minnesota,Aitkin,108,1,0,46.60962049,-93.41168259999999,27001.0,679.8438876998615,0.925925925925926,107,103,1,0,102,101,15902,5,0,0,5,2
2020-10-07,US,Minnesota,Anoka,6892,141,0,45.27476015,-93.24604565,27003.0,1930.9595120488848,2.0458502611723737,6751,6826,141,0,6685,6729,353813,66,0,0,66,97
2020-10-07,US,Minnesota,Becker,332,2,0,46.93479392,-95.67158144,27005.0,964.4714289864336,0.6024096385542169,330,325,2,0,323,324,34371,7,0,0,7,1
2020-10-07,US,Minnesota,Beltrami,572,5,0,47.97373527,-94.93732139,27007.0,1212.1725862507415,0.8741258741258742,567,557,5,0,552,552,46847,15,0,0,15,5
2020-10-07,US,Minnesota,Benton,640,4,0,45.69804958,-93.99514135,27009.0,1565.2131380077772,0.625,636,627,3,0,624,618,40545,13,1,0,12,9
2020-10-07,US,Minnesota,Big Stone,97,0,0,45.42712824,-96.41403739,27011.0,1943.4982969344821,0.0,97,94,0,0,94,92,4989,3,0,0,3,2
2020-10-07,US,Minnesota,Blue Earth,1833,7,0,44.03554215,-94.06699781,27013.0,2709.4142166644497,0.3818876159301691,1826,1823,7,0,1816,1811,67427,10,0,0,10,12
2020-10-07,US,Minnesota,Brown,229,2,0,44.24205652,-94.72562874,27015.0,915.7069737683943,0.8733624454148472,227,226,2,0,224,224,25111,3,0,0,3,2
2020-10-07,US,Minnesota,Carlton,320,1,0,46.59180601,-92.67601019,27017.0,892.0855287000643,0.3125,319,318,1,0,317,316,35837,2,0,0,2,2
2020-10-07,US,Minnesota,Carver,1520,7,0,44.82017001,-93.80099179999999,27019.0,1446.3930573133248,0.4605263157894737,1513,1509,7,0,1502,1500,103551,11,0,0,11,9
2020-10-07,US,Minnesota,Cass,230,4,0,46.95043611,-94.32603968,27021.0,772.3563585076732,1.7391304347826086,226,223,4,0,219,219,29519,7,0,0,7,4
2020-10-07,US,Minnesota,Chippewa,269,2,0,45.02343421,-95.56403693,27023.0,2279.6610169491523,0.7434944237918215,267,267,2,0,265,260,11924,2,0,0,2,7
2020-10-07,US,Minnesota,Chisago,613,2,0,45.5021011,-92.90861945,27025.0,1083.4408526131604,0.3262642740619902,611,604,2,0,602,594,55922,9,0,0,9,10
2020-10-07,US,Minnesota,Clay,1613,42,0,46.89289518,-96.48761922,27027.0,2511.600386160506,2.603843769373837,1571,1593,42,0,1551,1578,63955,20,0,0,20,15
2020-10-07,US,Minnesota,Clearwater,38,0,0,47.57992111,-95.37790562,27029.0,430.93672034474935,0.0,38,38,0,0,38,37,8810,0,0,0,0,1
2020-10-07,US,Minnesota,Cook,7,0,0,47.90504893,-90.52629546,27031.0,128.1347245103423,0.0,7,7,0,0,7,7,5393,0,0,0,0,0
2020-10-07,US,Minnesota,Cottonwood,242,0,0,44.00715262,-95.18138802,27033.0,2161.486245087531,0.0,242,241,0,0,241,240,11277,1,0,0,1,1
2020-10-07,US,Minnesota,Crow Wing,667,18,0,46.48096553,-94.06755609,27035.0,1025.2862962108984,2.6986506746626686,649,658,18,0,640,647,64889,9,0,0,9,11
2020-10-07,US,Minnesota,Dakota,8140,130,0,44.67172617,-93.06299363,27037.0,1897.343020504824,1.597051597051597,8010,8099,130,0,7969,8034,425423,41,0,0,41,65
2020-10-07,US,Minnesota,Dodge,296,0,0,44.02238415,-92.86244324,27039.0,1413.967708034776,0.0,296,289,0,0,289,283,20822,7,0,0,7,6
2020-10-07,US,Minnesota,Douglas,455,3,0,45.93348491,-95.45335469,27041.0,1192.941978448389,0.6593406593406593,452,440,3,0,437,430,37964,15,0,0,15,10
2020-10-07,US,Minnesota,Faribault,168,0,0,43.67381499,-93.94787458,27043.0,1230.4987914744013,0.0,168,165,0,0,165,165,13758,3,0,0,3,0
2020-10-07,US,Minnesota,Fillmore,177,0,0,43.67394126,-92.08980382,27045.0,840.1765794845018,0.0,177,174,0,0,174,168,21058,3,0,0,3,6
2020-10-07,US,Minnesota,Freeborn,570,4,0,43.67385583,-93.34884422,27047.0,1882.3684818863314,0.7017543859649122,566,568,4,0,564,564,30444,2,0,0,2,4
2020-10-07,US,Minnesota,Goodhue,428,9,0,44.40849741,-92.72341949999999,27049.0,923.6081139404404,2.102803738317757,419,423,9,0,414,419,46403,5,0,0,5,4
2020-10-07,US,Minnesota,Grant,71,4,0,45.93424769,-96.01139609,27051.0,1188.881446751507,5.633802816901407,67,70,4,0,66,70,6021,1,0,0,1,0
2020-10-07,US,Minnesota,Hennepin,29207,946,0,45.00761521,-93.47694895,27053.0,2307.31615216105,3.238949566884651,28261,29045,944,0,28101,28843,1259428,162,2,0,160,202
2020-10-07,US,Minnesota,Houston,154,0,0,43.67129565,-91.49143057,27055.0,827.9569892473119,0.0,154,154,0,0,154,148,18578,0,0,0,0,6
2020-10-07,US,Minnesota,Hubbard,175,1,0,47.10778564,-94.91693868,27057.0,814.2943557768367,0.5714285714285714,174,171,1,0,170,169,21332,4,0,0,4,2
2020-10-07,US,Minnesota,Isanti,370,1,0,45.56181234,-93.29487636,27059.0,911.4198443196376,0.2702702702702703,369,365,1,0,364,357,39966,5,0,0,5,8
2020-10-07,US,Minnesota,Itasca,475,16,0,47.51009045,-93.63092229,27061.0,1052.5149567914912,3.3684210526315788,459,461,16,0,445,450,45108,14,0,0,14,11
2020-10-07,US,Minnesota,Jackson,161,1,0,43.67423373,-95.15398258,27063.0,1635.1817997156204,0.6211180124223602,160,160,1,0,159,160,9911,1,0,0,1,0
2020-10-07,US,Minnesota,Kanabec,151,9,0,45.9459309,-93.29275192,27065.0,924.2823039725777,5.960264900662253,142,150,9,0,141,150,16207,1,0,0,1,0
2020-10-07,US,Minnesota,Kandiyohi,1184,3,0,45.1526059,-95.00586446,27067.0,2740.8041852820666,0.2533783783783784,1181,1174,3,0,1171,1164,42855,10,0,0,10,10
2020-10-07,US,Minnesota,Kittson,15,0,0,48.77754106,-96.78317184,27069.0,348.9995346672872,0.0,15,14,0,0,14,14,4248,1,0,0,1,0
2020-10-07,US,Minnesota,Koochiching,131,4,0,48.24539665,-93.78352843,27071.0,1071.224139340911,3.053435114503817,127,128,4,0,124,130,12440,3,0,0,3,-2
2020-10-07,US,Minnesota,Lac qui Parle,87,2,0,44.9973857,-96.17488219,27073.0,1313.6041069001965,2.2988505747126435,85,86,2,0,84,86,6658,1,0,0,1,0
2020-10-07,US,Minnesota,Lake,80,0,0,47.64270764,-91.44557998,27075.0,751.809040503712,0.0,80,77,0,0,77,75,10658,3,0,0,3,2
2020-10-07,US,Minnesota,Lake of the Woods,31,1,0,48.77217001,-94.90274472,27077.0,828.8770053475937,3.2258064516129035,30,26,1,0,25,27,3758,5,0,0,5,-1
2020-10-07,US,Minnesota,Le Sueur,509,5,0,44.37136597,-93.72844721,27079.0,1762.0382871187728,0.9823182711198428,504,499,4,0,495,495,28494,10,1,0,9,4
2020-10-07,US,Minnesota,Lincoln,132,0,0,44.41311883,-96.26688165,27081.0,2340.8405745699592,0.0,132,129,0,0,129,127,5673,3,0,0,3,2
2020-10-07,US,Minnesota,Lyon,797,4,0,44.41327865,-95.83806103,27083.0,3128.6802229724426,0.5018820577164367,793,791,4,0,787,784,25629,6,0,0,6,7
2020-10-07,US,Minnesota,Mahnomen,62,1,0,47.32557075,-95.80921485,27087.0,1121.7658766057536,1.6129032258064515,61,59,1,0,58,59,5519,3,0,0,3,0
2020-10-07,US,Minnesota,Marshall,61,1,0,48.35825983,-96.37017407,27089.0,653.3847472150815,1.639344262295082,60,60,1,0,59,58,9390,1,0,0,1,2
2020-10-07,US,Minnesota,Martin,525,13,0,43.67429718,-94.55099908,27091.0,2667.2763298277696,2.4761904761904763,512,517,12,0,505,510,19785,8,1,0,7,7
2020-10-07,US,Minnesota,McLeod,519,3,0,44.82367677,-94.27287017,27085.0,1445.9643941715656,0.5780346820809249,516,514,3,0,511,512,35873,5,0,0,5,2
2020-10-07,US,Minnesota,Meeker,244,2,0,45.12328869,-94.52839455,27093.0,1050.7277581603653,0.819672131147541,242,243,2,0,241,239,23141,1,0,0,1,4
2020-10-07,US,Minnesota,Mille Lacs,200,3,0,45.93705297,-93.63236823,27095.0,761.1218936712712,1.5,197,195,3,0,192,194,26139,5,0,0,5,1
2020-10-07,US,Minnesota,Morrison,365,3,0,46.01265363,-94.27341528,27097.0,1093.2726292457917,0.821917808219178,362,343,3,0,340,338,33169,22,0,0,22,5
2020-10-07,US,Minnesota,Mower,1391,6,0,43.67142874,-92.75234549,27099.0,3472.118216764017,0.4313443565780015,1385,1384,6,0,1378,1377,40011,7,0,0,7,7
2020-10-07,US,Minnesota,Murray,197,3,0,44.02216709,-95.76328482,27101.0,2404.1981938003423,1.5228426395939083,194,194,3,0,191,189,8276,3,0,0,3,5
2020-10-07,US,Minnesota,Nicollet,607,17,0,44.35291112,-94.24710352,27103.0,1771.0217657699716,2.8006589785831957,590,602,17,0,585,594,34220,5,0,0,5,8
2020-10-07,US,Minnesota,Nobles,2019,16,0,43.67434621,-95.75329576,27105.0,9334.689537195432,0.79247152055473,2003,2016,16,0,2000,2013,21924,3,0,0,3,3
2020-10-07,US,Minnesota,Norman,71,0,0,47.32628443,-96.45620947,27107.0,1113.7254901960782,0.0,71,70,0,0,70,68,6475,1,0,0,1,2
2020-10-07,US,Minnesota,Olmsted,2723,28,0,44.00374114,-92.40209944,27109.0,1720.227679050874,1.0282776349614395,2695,2707,28,0,2679,2683,156277,16,0,0,16,24
2020-10-07,US,Minnesota,Otter Tail,541,6,0,46.40846929,-95.70835255,27111.0,920.9137643414019,1.1090573012939002,535,538,6,0,532,534,58812,3,0,0,3,4
2020-10-07,US,Minnesota,Pennington,138,1,0,48.06642577,-96.0370814,27113.0,977.4063318931936,0.7246376811594203,137,136,1,0,135,136,14178,2,0,0,2,0
2020-10-07,US,Minnesota,Pine,410,0,0,46.12105238,-92.74070188,27115.0,1386.1185300382028,0.0,410,405,0,0,405,384,29483,5,0,0,5,21
2020-10-07,US,Minnesota,Pipestone,284,14,0,44.02301619,-96.25841142,27117.0,3111.987727372343,4.929577464788731,270,281,14,0,267,275,9047,3,0,0,3,6
2020-10-07,US,Minnesota,Polk,367,4,0,47.77372465,-96.40134647,27119.0,1170.1313607958168,1.0899182561307903,363,359,4,0,355,357,31529,8,0,0,8,2
2020-10-07,US,Minnesota,Pope,110,0,0,45.58606667,-95.44451209,27121.0,977.8646990843632,0.0,110,110,0,0,110,110,11097,0,0,0,0,0
2020-10-07,US,Minnesota,Ramsey,11833,330,0,45.01625271,-93.09872295,27123.0,2150.1996107726222,2.788810952421195,11503,11733,328,0,11405,11646,550210,100,2,0,98,87
2020-10-07,US,Minnesota,Red Lake,45,1,0,47.87197525,-96.09561104,27125.0,1109.7410604192357,2.2222222222222223,44,45,1,0,44,45,3999,0,0,0,0,0
2020-10-07,US,Minnesota,Redwood,207,7,0,44.40555844,-95.25207021,27127.0,1364.5352669742913,3.3816425120772946,200,206,7,0,199,204,15249,1,0,0,1,2
2020-10-07,US,Minnesota,Renville,184,9,0,44.72836381,-94.94553734,27129.0,1264.7786637338465,4.891304347826087,175,176,8,0,168,176,14612,8,1,0,7,0
2020-10-07,US,Minnesota,Rice,1419,8,0,44.3543376,-93.29658715,27131.0,2118.7959147106253,0.5637773079633545,1411,1406,8,0,1398,1398,66523,13,0,0,13,8
2020-10-07,US,Minnesota,Rock,195,1,0,43.67482683,-96.25296832,27133.0,2093.3977455716586,0.5128205128205128,194,193,1,0,192,192,9414,2,0,0,2,1
2020-10-07,US,Minnesota,Roseau,145,0,0,48.77501878,-95.81079919,27135.0,956.1490273656444,0.0,145,144,0,0,144,144,15150,1,0,0,1,0
2020-10-07,US,Minnesota,Scott,2806,34,0,44.6490231,-93.53340251,27139.0,1883.0571829303485,1.2116892373485388,2772,2794,34,0,2760,2770,147381,12,0,0,12,24
2020-10-07,US,Minnesota,Sherburne,1282,15,0,45.44447208,-93.77617511,27141.0,1318.4146115716078,1.1700468018720749,1267,1272,15,0,1257,1266,96036,10,0,0,10,6
2020-10-07,US,Minnesota,Sibley,212,3,0,44.5796592,-94.23164924,27143.0,1426.1688530104273,1.4150943396226414,209,213,3,0,210,214,15028,-1,0,0,-1,-1
2020-10-07,US,Minnesota,St. Louis,2029,52,0,47.604840700000004,-92.46879855,27137.0,1019.2394635052997,2.562838836865451,1977,2007,49,0,1958,1956,199754,22,3,0,19,51
2020-10-07,US,Minnesota,Stearns,4439,27,0,45.55192576,-94.61078221,27145.0,2755.8590718609344,0.6082451002478035,4412,4387,26,0,4361,4362,159256,52,1,0,51,25
2020-10-07,US,Minnesota,Steele,607,2,0,44.02240351,-93.22627088,27147.0,1656.2525580506976,0.32948929159802304,605,602,2,0,600,592,36803,5,0,0,5,10
2020-10-07,US,Minnesota,Stevens,127,1,0,45.58613007,-96.00163705,27149.0,1295.257521672616,0.7874015748031497,126,128,1,0,127,125,9753,-1,0,0,-1,3
2020-10-07,US,Minnesota,Swift,156,1,0,45.2829032,-95.68264092,27151.0,1683.5743578674726,0.6410256410256411,155,156,1,0,155,155,9345,0,0,0,0,1
2020-10-07,US,Minnesota,Todd,549,2,0,46.06996226,-94.89785296,27153.0,2225.916315277327,0.3642987249544625,547,546,2,0,544,538,24582,3,0,0,3,8
2020-10-07,US,Minnesota,Traverse,40,0,0,45.77298854,-96.47062949,27155.0,1227.37035900583,0.0,40,40,0,0,40,40,3308,0,0,0,0,0
2020-10-07,US,Minnesota,Unassigned,161,53,0,0.0,0.0,90027.0,0.0,32.91925465838509,108,162,53,0,109,187,,-1,0,0,-1,-25
2020-10-07,US,Minnesota,Wabasha,244,0,0,44.28424356,-92.23121312,27157.0,1128.2193554353355,0.0,244,241,0,0,241,232,21645,3,0,0,3,9
2020-10-07,US,Minnesota,Wadena,91,0,0,46.58589171,-94.96968506,27159.0,665.1074404326853,0.0,91,90,0,0,90,89,13773,1,0,0,1,1
2020-10-07,US,Minnesota,Waseca,837,9,0,44.02211116,-93.58720034,27161.0,4497.098646034817,1.075268817204301,828,822,9,0,813,820,18691,15,0,0,15,2
2020-10-07,US,Minnesota,Washington,4259,60,0,45.03864533,-92.88429635,27163.0,1622.8471269623533,1.408781404085466,4199,4231,59,0,4172,4180,259201,28,1,0,27,51
2020-10-07,US,Minnesota,Watonwan,545,4,0,43.97823903,-94.61413846,27165.0,5001.3765256492625,0.7339449541284404,541,541,4,0,537,540,10980,4,0,0,4,1
2020-10-07,US,Minnesota,Wilkin,84,3,0,46.35721532,-96.4684375,27167.0,1353.3107781536976,3.571428571428572,81,81,3,0,78,81,6254,3,0,0,3,0
2020-10-07,US,Minnesota,Winona,1024,18,0,43.98772283,-91.78081305,27169.0,2028.3654227081847,1.7578125,1006,1015,18,0,997,1001,50825,9,0,0,9,14
2020-10-07,US,Minnesota,Wright,1885,9,0,45.17297924,-93.96234781,27171.0,1362.22060024426,0.4774535809018568,1876,1860,8,0,1852,1839,136349,25,1,0,24,21
2020-10-07,US,Minnesota,Yellow Medicine,226,3,0,44.71710183,-95.86842453,27173.0,2327.737151096921,1.327433628318584,223,219,3,0,216,216,9795,7,0,0,7,3
2020-10-07,US,Mississippi,Adams,978,40,0,31.47669768,-91.35326037,28001.0,3186.394291858079,4.08997955010225,938,973,40,0,933,971,31192,5,0,0,5,2
2020-10-07,US,Mississippi,Alcorn,869,11,0,34.88084463,-88.57996173,28003.0,2351.635861770357,1.2658227848101269,858,866,11,0,855,860,36925,3,0,0,3,6
2020-10-07,US,Mississippi,Amite,363,10,0,31.17467303,-90.80501621,28005.0,2951.9394974383995,2.7548209366391183,353,360,10,0,350,355,12326,3,0,0,3,5
2020-10-07,US,Mississippi,Attala,696,25,0,33.08658803,-89.57838564,28007.0,3829.646748101684,3.5919540229885056,671,695,25,0,670,691,18365,1,0,0,1,4
2020-10-07,US,Mississippi,Benton,256,4,0,34.81681228,-89.18945516,28009.0,3099.648867901683,1.5625,252,250,3,0,247,248,8271,6,1,0,5,2
2020-10-07,US,Mississippi,Bolivar,1924,74,0,33.79696941,-90.87372121,28011.0,6281.8336162988135,3.8461538461538463,1850,1912,72,0,1840,1902,31333,12,2,0,10,10
2020-10-07,US,Mississippi,Calhoun,555,12,0,33.93683395,-89.33686647,28013.0,3864.633382076457,2.1621621621621623,543,553,12,0,541,545,14436,2,0,0,2,8
2020-10-07,US,Mississippi,Carroll,336,12,0,33.44834567,-89.91994479,28015.0,3377.902885292048,3.571428571428572,324,333,12,0,321,332,9911,3,0,0,3,1
2020-10-07,US,Mississippi,Chickasaw,741,24,0,33.91983202,-88.9481545,28017.0,4332.573232766183,3.238866396761133,717,739,24,0,715,719,17171,2,0,0,2,20
2020-10-07,US,Mississippi,Choctaw,193,6,0,33.34598242,-89.24809382,28019.0,2350.791717417784,3.1088082901554404,187,193,6,0,187,189,8278,0,0,0,0,4
2020-10-07,US,Mississippi,Claiborne,500,16,0,31.97061673,-90.90702196,28021.0,5562.972852692479,3.2,484,489,16,0,473,477,9002,11,0,0,11,12
2020-10-07,US,Mississippi,Clarke,632,48,0,32.04158545,-88.68896219999998,28023.0,4066.662376938421,7.594936708860758,584,631,48,0,583,626,15604,1,0,0,1,5
2020-10-07,US,Mississippi,Clay,624,20,0,33.65358105,-88.77784255,28025.0,3230.4825015531164,3.2051282051282053,604,623,20,0,603,613,19386,1,0,0,1,10
2020-10-07,US,Mississippi,Coahoma,1198,32,0,34.22772299,-90.60415045,28027.0,5414.93400831676,2.671118530884808,1166,1195,31,0,1164,1189,22628,3,1,0,2,6
2020-10-07,US,Mississippi,Copiah,1256,34,0,31.86977774,-90.44565118,28029.0,4475.325138072332,2.707006369426752,1222,1254,33,0,1221,1247,28543,2,1,0,1,7
2020-10-07,US,Mississippi,Covington,853,25,0,31.63225413,-89.55389939,28031.0,4577.162481219146,2.9308323563892147,828,851,25,0,826,847,18853,2,0,0,2,4
2020-10-07,US,Mississippi,DeSoto,5994,71,0,34.87625235,-89.99091418,28033.0,3240.963529698018,1.1845178511845178,5923,5947,70,0,5877,5825,182001,47,1,0,46,122
2020-10-07,US,Mississippi,Forrest,2714,75,0,31.18961454,-89.25832496,28035.0,3623.643136574229,2.763448784082535,2639,2678,75,0,2603,2656,75036,36,0,0,36,22
2020-10-07,US,Mississippi,Franklin,206,3,0,31.47786634,-90.89672989,28037.0,2670.815506288085,1.4563106796116505,203,206,3,0,203,204,7788,0,0,0,0,2
2020-10-07,US,Mississippi,George,846,14,0,30.86259065,-88.64436789,28039.0,3453.061224489796,1.6548463356973997,832,845,14,0,831,822,24250,1,0,0,1,23
2020-10-07,US,Mississippi,Greene,417,17,0,31.21444233,-88.63922281,28041.0,3069.336081260121,4.076738609112709,400,414,17,0,397,405,13586,3,0,0,3,9
2020-10-07,US,Mississippi,Grenada,1133,36,0,33.77036166,-89.80245083,28043.0,5458.136622025243,3.177405119152692,1097,1131,36,0,1095,1127,21055,2,0,0,2,4
2020-10-07,US,Mississippi,Hancock,648,25,0,30.41830223,-89.48851033,28045.0,1360.4299630500504,3.858024691358025,623,639,23,0,616,624,47334,9,2,0,7,15
2020-10-07,US,Mississippi,Harrison,4204,78,0,30.51359752,-89.12467576,28047.0,2020.3767781622453,1.8553758325404377,4126,4154,76,0,4078,4097,206650,50,2,0,48,57
2020-10-07,US,Mississippi,Hinds,7346,166,0,32.2656285,-90.44435448,28049.0,3168.56452726018,2.2597331881295943,7180,7326,164,0,7162,7295,237085,20,2,0,18,31
2020-10-07,US,Mississippi,Holmes,1113,60,0,33.12345854,-90.08923538,28051.0,6543.20987654321,5.3908355795148255,1053,1113,60,0,1053,1112,17622,0,0,0,0,1
2020-10-07,US,Mississippi,Humphreys,382,15,0,33.12825718,-90.52252707,28053.0,4737.103174603175,3.9267015706806276,367,382,15,0,367,382,8257,0,0,0,0,0
2020-10-07,US,Mississippi,Issaquena,106,3,0,32.72531359,-90.97392828,28055.0,7987.942727957799,2.830188679245283,103,106,3,0,103,106,1308,0,0,0,0,0
2020-10-07,US,Mississippi,Itawamba,943,24,0,34.27993475,-88.3606733,28057.0,4031.6374519025226,2.545068928950159,919,936,24,0,912,920,23517,7,0,0,7,16
2020-10-07,US,Mississippi,Jackson,3882,72,0,30.54020656,-88.64184064,28059.0,2703.022622670019,1.854714064914992,3810,3848,71,0,3777,3754,143277,34,1,0,33,94
2020-10-07,US,Mississippi,Jasper,608,16,0,32.01922104,-89.11786866,28061.0,3711.16401147531,2.631578947368421,592,606,15,0,591,602,16428,2,1,0,1,4
2020-10-07,US,Mississippi,Jefferson,247,10,0,31.73397872,-91.03764977,28063.0,3533.619456366237,4.048582995951417,237,246,10,0,236,246,7106,1,0,0,1,0
2020-10-07,US,Mississippi,Jefferson Davis,363,11,0,31.56884708,-89.82670990000004,28065.0,3262.041696621136,3.0303030303030303,352,361,11,0,350,354,11234,2,0,0,2,7
2020-10-07,US,Mississippi,Jones,2626,81,0,31.62257767,-89.16896899999998,28067.0,3856.207230755677,3.0845392231530844,2545,2609,81,0,2528,2597,68461,17,0,0,17,12
2020-10-07,US,Mississippi,Kemper,296,15,0,32.75462946,-88.64105766,28069.0,3038.3904742352697,5.067567567567568,281,295,15,0,280,294,10027,1,0,0,1,1
2020-10-07,US,Mississippi,Lafayette,2303,41,0,34.35687874,-89.48490961,28071.0,4263.314759621615,1.7802865827181935,2262,2294,41,0,2253,2269,54793,9,0,0,9,25
2020-10-07,US,Mississippi,Lamar,1927,37,0,31.20572971,-89.5077704,28073.0,3042.1672481568603,1.9200830306175405,1890,1903,37,0,1866,1876,62447,24,0,0,24,27
2020-10-07,US,Mississippi,Lauderdale,2146,127,0,32.40419769,-88.66229662,28075.0,2895.1096121416526,5.917986952469711,2019,2134,127,0,2007,2123,75317,12,0,0,12,11
2020-10-07,US,Mississippi,Lawrence,453,14,0,31.55147224,-90.10841127,28077.0,3599.2372477355793,3.0905077262693155,439,449,14,0,435,444,12455,4,0,0,4,5
2020-10-07,US,Mississippi,Leake,992,39,0,32.7536828,-89.52402044,28079.0,4353.550425699991,3.931451612903226,953,985,38,0,947,980,22763,7,1,0,6,5
2020-10-07,US,Mississippi,Lee,3080,74,0,34.291877500000005,-88.68149954,28081.0,3605.0376890303855,2.4025974025974026,3006,3076,74,0,3002,3046,85202,4,0,0,4,30
2020-10-07,US,Mississippi,Leflore,1484,82,0,33.55545125,-90.29900733,28083.0,5265.585636731363,5.525606469002695,1402,1470,82,0,1388,1465,28919,14,0,0,14,5
2020-10-07,US,Mississippi,Lincoln,1178,53,0,31.53288662,-90.45391915,28085.0,3449.184551869528,4.4991511035653655,1125,1172,53,0,1119,1156,34205,6,0,0,6,16
2020-10-07,US,Mississippi,Lowndes,1671,58,0,33.47386518,-88.44191529999998,28087.0,2851.7791620445428,3.4709754637941352,1613,1659,58,0,1601,1644,58930,12,0,0,12,15
2020-10-07,US,Mississippi,Madison,3451,90,0,32.63389156,-90.03513564,28089.0,3247.3276121650106,2.607939727615184,3361,3441,90,0,3351,3405,105630,10,0,0,10,36
2020-10-07,US,Mississippi,Marion,894,41,0,31.23132643,-89.8209217,28091.0,3638.1394213160793,4.586129753914988,853,891,40,0,851,887,24715,3,1,0,2,4
2020-10-07,US,Mississippi,Marshall,1138,22,0,34.76216286,-89.50299462,28093.0,3224.3440811469372,1.9332161687170475,1116,1132,22,0,1110,1128,35451,6,0,0,6,4
2020-10-07,US,Mississippi,Monroe,1308,70,0,33.89236763,-88.4808438,28095.0,3710.4277771473962,5.351681957186544,1238,1303,70,0,1233,1294,35564,5,0,0,5,9
2020-10-07,US,Mississippi,Montgomery,498,21,0,33.49419589,-89.61729103,28097.0,5094.629156010229,4.216867469879518,477,497,21,0,476,491,10023,1,0,0,1,6
2020-10-07,US,Mississippi,Neshoba,1661,108,0,32.75339664,-89.11726492,28099.0,5704.375300501408,6.5021071643588195,1553,1655,108,0,1547,1647,29125,6,0,0,6,8
2020-10-07,US,Mississippi,Newton,802,26,0,32.40021118,-89.11843336,28101.0,3815.7769530878295,3.2418952618453867,776,801,25,0,776,800,21443,1,1,0,0,1
2020-10-07,US,Mississippi,Noxubee,576,16,0,33.11009499,-88.56949061,28103.0,5529.423058462129,2.7777777777777777,560,575,16,0,559,572,10535,1,0,0,1,3
2020-10-07,US,Mississippi,Oktibbeha,1873,54,0,33.42491685,-88.87905132,28105.0,3777.199669268155,2.8830752802989856,1819,1866,54,0,1812,1854,49599,7,0,0,7,12
2020-10-07,US,Mississippi,Panola,1565,32,0,34.36398677,-89.95064249,28107.0,4577.094057089377,2.044728434504792,1533,1558,32,0,1526,1548,34178,7,0,0,7,10
2020-10-07,US,Mississippi,Pearl River,973,54,0,30.77090935,-89.58677275,28109.0,1752.0482578554065,5.549845837615623,919,966,54,0,912,952,55387,7,0,0,7,14
2020-10-07,US,Mississippi,Perry,450,21,0,31.17161885,-88.99281835,28111.0,3758.456527186169,4.666666666666667,429,446,21,0,425,441,11931,4,0,0,4,5
2020-10-07,US,Mississippi,Pike,1281,55,0,31.17507789,-90.40392572,28113.0,3260.5375687232745,4.29352068696331,1226,1277,54,0,1223,1261,39563,4,1,0,3,16
2020-10-07,US,Mississippi,Pontotoc,1356,18,0,34.226046000000004,-89.03636807,28115.0,4214.583203829179,1.327433628318584,1338,1353,18,0,1335,1330,31833,3,0,0,3,23
2020-10-07,US,Mississippi,Prentiss,919,19,0,34.61810501,-88.51986294,28117.0,3657.565868025153,2.067464635473341,900,912,19,0,893,898,25315,7,0,0,7,14
2020-10-07,US,Mississippi,Quitman,402,5,0,34.25157572,-90.28908,28119.0,5918.727915194347,1.243781094527363,397,402,5,0,397,399,7051,0,0,0,0,3
2020-10-07,US,Mississippi,Rankin,3507,82,0,32.26469147,-89.94537876,28121.0,2258.631682670943,2.3381807812945543,3425,3491,80,0,3411,3458,153902,16,2,0,14,33
2020-10-07,US,Mississippi,Scott,1190,28,0,32.406704100000006,-89.53789439,28123.0,4231.261555966435,2.3529411764705883,1162,1185,27,0,1158,1185,28287,5,1,0,4,0
2020-10-07,US,Mississippi,Sharkey,268,14,0,32.88149103,-90.81595379999999,28125.0,6202.2679935200185,5.223880597014926,254,268,14,0,254,268,4377,0,0,0,0,0
2020-10-07,US,Mississippi,Simpson,1114,48,0,31.91282117,-89.91716179,28127.0,4178.8581288918895,4.308797127468582,1066,1100,48,0,1052,1087,26758,14,0,0,14,13
2020-10-07,US,Mississippi,Smith,558,15,0,32.01744532,-89.50644846,28129.0,3505.9060065343047,2.6881720430107525,543,557,15,0,542,556,16002,1,0,0,1,1
2020-10-07,US,Mississippi,Stone,405,13,0,30.79187949,-89.11547539,28131.0,2208.7696335078535,3.2098765432098766,392,397,13,0,384,395,18717,8,0,0,8,2
2020-10-07,US,Mississippi,Sunflower,1520,48,0,33.60192578,-90.58882684,28133.0,6053.365193150139,3.1578947368421053,1472,1518,48,0,1470,1515,25735,2,0,0,2,3
2020-10-07,US,Mississippi,Tallahatchie,793,24,0,33.95339918,-90.1729398,28135.0,5742.631617061335,3.0264817150063053,769,792,24,0,768,790,13987,1,0,0,1,2
2020-10-07,US,Mississippi,Tate,1062,38,0,34.65133709,-89.94485778,28137.0,3749.867589421277,3.5781544256120528,1024,1056,38,0,1018,1041,28759,6,0,0,6,15
2020-10-07,US,Mississippi,Tippah,755,18,0,34.76872156,-88.90988194,28139.0,3429.4799000681355,2.384105960264901,737,743,18,0,725,736,21995,12,0,0,12,7
2020-10-07,US,Mississippi,Tishomingo,731,39,0,34.74023475,-88.23917219,28141.0,3771.346024867152,5.335157318741451,692,730,39,0,691,725,19454,1,0,0,1,5
2020-10-07,US,Mississippi,Tunica,511,16,0,34.64967704,-90.37481167,28143.0,5305.232558139535,3.131115459882583,495,508,15,0,493,507,9944,3,1,0,2,1
2020-10-07,US,Mississippi,Union,1065,24,0,34.49162015,-89.00776006,28145.0,3695.991671004685,2.2535211267605635,1041,1062,24,0,1038,1049,28606,3,0,0,3,13
2020-10-07,US,Mississippi,Walthall,612,26,0,31.14971548,-90.10446654,28147.0,4283.914321713566,4.248366013071895,586,611,26,0,585,606,14465,1,0,0,1,5
2020-10-07,US,Mississippi,Warren,1443,52,0,32.35810271,-90.83352619,28149.0,3179.7448271302974,3.603603603603604,1391,1438,52,0,1386,1431,46176,5,0,0,5,7
2020-10-07,US,Mississippi,Washington,2351,86,0,33.28392041,-90.94196237,28151.0,5354.255391833111,3.6580178647384094,2265,2338,84,0,2254,2319,45063,13,2,0,11,19
2020-10-07,US,Mississippi,Wayne,942,21,0,31.64135687,-88.69573913,28153.0,4667.294257543477,2.2292993630573252,921,940,21,0,919,934,20298,2,0,0,2,6
2020-10-07,US,Mississippi,Webster,355,13,0,33.61300486,-89.28392912,28155.0,3663.948807926514,3.661971830985916,342,351,13,0,338,348,9788,4,0,0,4,3
2020-10-07,US,Mississippi,Wilkinson,313,18,0,31.16078225,-91.31018819,28157.0,3626.882966396292,5.7507987220447285,295,312,18,0,294,310,8792,1,0,0,1,2
2020-10-07,US,Mississippi,Winston,771,19,0,33.08747908,-89.03391385,28159.0,4294.06850459482,2.464332036316472,752,765,19,0,746,763,18165,6,0,0,6,2
2020-10-07,US,Mississippi,Yalobusha,458,14,0,34.02824175,-89.70762049999998,28161.0,3782.623059134457,3.056768558951965,444,454,14,0,440,453,12392,4,0,0,4,1
2020-10-07,US,Mississippi,Yazoo,1088,33,0,32.77890365,-90.39656148,28163.0,3664.533512967329,3.0330882352941178,1055,1086,33,0,1053,1084,28248,2,0,0,2,2
2020-10-07,US,Missouri,Adair,380,0,0,40.19058551,-92.60078167,29001.0,1499.4278498993806,0.0,380,379,0,0,379,373,25339,1,0,0,1,6
2020-10-07,US,Missouri,Andrew,308,3,0,39.98492163,-94.80163024,29003.0,1738.934056007227,0.9740259740259741,305,301,3,0,298,298,17607,7,0,0,7,3
2020-10-07,US,Missouri,Atchison,62,0,0,40.43238737,-95.42970639,29005.0,1205.5220688314216,0.0,62,61,0,0,61,61,5171,1,0,0,1,0
2020-10-07,US,Missouri,Audrain,467,5,0,39.215877,-91.84242683,29007.0,1839.4517094690405,1.0706638115631693,462,466,5,0,461,467,25473,1,0,0,1,-1
2020-10-07,US,Missouri,Barry,546,6,0,36.70978521,-93.82919888,29009.0,1525.6084271703594,1.0989010989010992,540,540,6,0,534,535,35886,6,0,0,6,5
2020-10-07,US,Missouri,Barton,265,1,0,37.50207671,-94.34757022,29011.0,2314.1058363110433,0.37735849056603776,264,265,1,0,264,259,11798,0,0,0,0,6
2020-10-07,US,Missouri,Bates,163,3,0,38.25271289,-94.34113157,29013.0,1007.9149146673262,1.8404907975460123,160,160,3,0,157,156,16320,3,0,0,3,4
2020-10-07,US,Missouri,Benton,395,5,0,38.29503305,-93.28756116,29015.0,2031.5794887620225,1.2658227848101269,390,395,5,0,390,395,19278,0,0,0,0,0
2020-10-07,US,Missouri,Bollinger,366,1,0,37.32449052,-90.02725304,29017.0,3016.566389186516,0.27322404371584696,365,365,1,0,364,362,12169,1,0,0,1,3
2020-10-07,US,Missouri,Boone,4836,11,0,38.99186229,-92.30723575,29019.0,2679.773693222433,0.2274607113316791,4825,4801,11,0,4790,4786,180005,35,0,0,35,15
2020-10-07,US,Missouri,Buchanan,2292,30,0,39.65816401,-94.80138942,29021.0,2623.506249713841,1.3089005235602094,2262,2277,30,0,2247,2240,88571,15,0,0,15,37
2020-10-07,US,Missouri,Butler,756,7,0,36.71462476,-90.40421163,29023.0,1779.7448090776404,0.925925925925926,749,752,7,0,745,738,42639,4,0,0,4,14
2020-10-07,US,Missouri,Caldwell,120,1,0,39.65620858,-93.98308093,29025.0,1330.3769401330378,0.8333333333333334,119,119,1,0,118,119,9108,1,0,0,1,0
2020-10-07,US,Missouri,Callaway,764,3,0,38.83674754,-91.92186505,29027.0,1707.5296694454998,0.3926701570680629,761,751,3,0,748,745,44889,13,0,0,13,6
2020-10-07,US,Missouri,Camden,1171,17,0,38.02199522,-92.76083747,29029.0,2528.884569700896,1.4517506404782237,1154,1160,16,0,1144,1131,45815,11,1,0,10,29
2020-10-07,US,Missouri,Cape Girardeau,2025,18,0,37.38489388,-89.6843587,29031.0,2567.48361248114,0.8888888888888888,2007,2007,18,0,1989,1993,78753,18,0,0,18,14
2020-10-07,US,Missouri,Carroll,141,2,0,39.42762566,-93.50626255,29033.0,1624.6111303145526,1.4184397163120568,139,139,2,0,137,137,8743,2,0,0,2,2
2020-10-07,US,Missouri,Carter,112,3,0,36.94160441,-90.96051322,29035.0,1872.2835172183213,2.6785714285714284,109,112,3,0,109,110,6054,0,0,0,0,2
2020-10-07,US,Missouri,Cass,1620,26,0,38.64789422,-94.353399,29037.0,1531.4804310833804,1.6049382716049383,1594,1605,26,0,1579,1591,104954,15,0,0,15,14
2020-10-07,US,Missouri,Cedar,154,0,0,37.72391475,-93.85445441,29039.0,1073.2455223360512,0.0,154,154,0,0,154,151,14165,0,0,0,0,3
2020-10-07,US,Missouri,Chariton,53,0,0,39.51499357,-92.9629191,29041.0,713.7085914354968,0.0,53,53,0,0,53,52,7451,0,0,0,0,1
2020-10-07,US,Missouri,Christian,1706,6,0,36.9711783,-93.18537118,29043.0,1925.616569783848,0.3516998827667057,1700,1688,6,0,1682,1662,86983,18,0,0,18,26
2020-10-07,US,Missouri,Clark,74,0,0,40.41040752,-91.73661677,29045.0,1088.7156098278654,0.0,74,74,0,0,74,74,6842,0,0,0,0,0
2020-10-07,US,Missouri,Clay,1882,42,0,39.31132056,-94.41850862,29047.0,752.956614975915,2.2316684378320937,1840,1863,42,0,1821,1850,246365,19,0,0,19,13
2020-10-07,US,Missouri,Clinton,280,0,0,39.6013098,-94.40465394,29049.0,1373.4242409378526,0.0,280,274,0,0,274,269,20470,6,0,0,6,5
2020-10-07,US,Missouri,Cole,1880,14,0,38.50455671,-92.27860244,29051.0,2449.6709883380026,0.7446808510638298,1866,1844,14,0,1830,1797,76796,36,0,0,36,47
2020-10-07,US,Missouri,Cooper,480,2,0,38.844478,-92.80896081,29053.0,2710.486193460952,0.4166666666666667,478,480,2,0,478,475,17603,0,0,0,0,5
2020-10-07,US,Missouri,Crawford,434,5,0,37.97663738,-91.30528104,29055.0,1814.3812709030105,1.1520737327188941,429,432,5,0,427,426,23957,2,0,0,2,6
2020-10-07,US,Missouri,Dade,84,0,0,37.431814,-93.8503345,29057.0,1110.964158180135,0.0,84,83,0,0,83,83,7569,1,0,0,1,0
2020-10-07,US,Missouri,Dallas,227,1,0,37.681135499999996,-93.02127031,29059.0,1344.9460836592011,0.4405286343612335,226,225,1,0,224,222,16762,2,0,0,2,3
2020-10-07,US,Missouri,Daviess,156,1,0,39.96145298,-93.98519678,29061.0,1884.5131674317468,0.6410256410256411,155,154,1,0,153,152,8313,2,0,0,2,2
2020-10-07,US,Missouri,DeKalb,171,2,0,39.89201062,-94.40476508,29063.0,1362.87558778991,1.1695906432748535,169,169,2,0,167,164,12630,2,0,0,2,5
2020-10-07,US,Missouri,Dent,152,2,0,37.60663134,-91.50790473,29065.0,976.0482887048096,1.3157894736842106,150,151,2,0,149,152,15441,1,0,0,1,-1
2020-10-07,US,Missouri,Douglas,235,3,0,36.9325593,-92.49905109,29067.0,1782.3284034888131,1.2765957446808511,232,232,3,0,229,231,13373,3,0,0,3,1
2020-10-07,US,Missouri,Dunklin,897,8,0,36.27167174,-90.09122243,29069.0,3079.1939857883362,0.8918617614269788,889,892,8,0,884,883,29423,5,0,0,5,9
2020-10-07,US,Missouri,Franklin,1972,32,0,38.41127108,-91.07522826,29071.0,1896.755701328306,1.6227180527383367,1940,1954,32,0,1922,1929,103670,18,0,0,18,25
2020-10-07,US,Missouri,Gasconade,170,23,0,38.43947277,-91.50847147,29073.0,1155.9907520739835,13.529411764705882,147,166,23,0,143,167,14705,4,0,0,4,-1
2020-10-07,US,Missouri,Gentry,141,9,0,40.21097916,-94.40944419,29075.0,2145.792116877188,6.382978723404255,132,139,9,0,130,138,6628,2,0,0,2,1
2020-10-07,US,Missouri,Greene,7139,90,0,37.2575872,-93.34230916,29077.0,2435.803825498318,1.2606807676145118,7049,7040,69,0,6971,6978,291923,99,21,0,78,62
2020-10-07,US,Missouri,Grundy,221,4,0,40.11406587,-93.56509276,29079.0,2243.6548223350255,1.8099547511312215,217,215,4,0,211,213,9914,6,0,0,6,2
2020-10-07,US,Missouri,Harrison,137,1,0,40.35570088,-93.99222144,29081.0,1640.3256704980845,0.7299270072992701,136,135,1,0,134,133,8414,2,0,0,2,2
2020-10-07,US,Missouri,Henry,251,5,0,38.38482826,-93.79293734,29083.0,1150.1099706744867,1.99203187250996,246,252,5,0,247,248,21792,-1,0,0,-1,4
2020-10-07,US,Missouri,Hickory,133,3,0,37.94163617,-93.3203037,29085.0,1393.5456831517185,2.255639097744361,130,132,3,0,129,128,9509,1,0,0,1,4
2020-10-07,US,Missouri,Holt,86,1,0,40.09799248,-95.21638879999999,29087.0,1953.2137179196,1.162790697674419,85,86,1,0,85,86,4404,0,0,0,0,0
2020-10-07,US,Missouri,Howard,189,2,0,39.1435761,-92.69756691,29089.0,1889.8110188981104,1.058201058201058,187,188,2,0,186,188,10137,1,0,0,1,0
2020-10-07,US,Missouri,Howell,808,3,0,36.77383887,-91.88683935,29091.0,2014.1087319590201,0.3712871287128713,805,795,3,0,792,781,40076,13,0,0,13,14
2020-10-07,US,Missouri,Iron,65,0,0,37.55487945,-90.7735296,29093.0,641.9753086419753,0.0,65,63,0,0,63,61,10177,2,0,0,2,2
2020-10-07,US,Missouri,Jackson,7899,107,0,39.01002188,-94.34724536,29095.0,1123.5955056179776,1.3546018483352322,7792,7850,104,0,7746,7792,700307,49,3,0,46,58
2020-10-07,US,Missouri,Jasper,4369,55,0,37.20351921,-94.34050458,29097.0,3600.982460767507,1.2588693064774548,4314,4305,55,0,4250,4277,120636,64,0,0,64,28
2020-10-07,US,Missouri,Jefferson,4612,66,0,38.25926778,-90.53870896,29099.0,2049.040123333378,1.4310494362532524,4546,4587,66,0,4521,4762,224347,25,0,0,25,-175
2020-10-07,US,Missouri,Johnson,1027,5,0,38.74719601,-93.80691168,29101.0,1899.6707483999853,0.4868549172346641,1022,1018,5,0,1013,1017,53652,9,0,0,9,1
2020-10-07,US,Missouri,Kansas City,12536,146,0,39.0997,-94.5786,0.0,2563.898041284976,1.1646458200382896,12390,12488,146,0,12342,12418,491918,48,0,0,48,70
2020-10-07,US,Missouri,Knox,55,1,0,40.12699751,-92.14780832,29103.0,1389.2397069967167,1.818181818181818,54,55,1,0,54,55,3947,0,0,0,0,0
2020-10-07,US,Missouri,Laclede,827,10,0,37.65896829,-92.5888493,29105.0,2315.0351314279314,1.2091898428053205,817,816,9,0,807,794,35713,11,1,0,10,22
2020-10-07,US,Missouri,Lafayette,606,6,0,39.06986886,-93.78076396,29107.0,1858.8724471077408,0.99009900990099,600,606,6,0,600,604,32598,0,0,0,0,2
2020-10-07,US,Missouri,Lawrence,755,3,0,37.10626634,-93.83293097,29109.0,1968.45261374006,0.3973509933774834,752,747,4,0,743,738,38359,8,-1,0,9,9
2020-10-07,US,Missouri,Lewis,133,2,0,40.09673161,-91.72070156,29111.0,1360.4746317512277,1.5037593984962403,131,132,2,0,130,129,9855,1,0,0,1,3
2020-10-07,US,Missouri,Lincoln,901,3,0,39.05345619,-90.95588181,29113.0,1526.7822344229237,0.33296337402885684,898,893,3,0,890,884,57686,8,0,0,8,9
2020-10-07,US,Missouri,Linn,127,1,0,39.87001769,-93.10704106,29115.0,1065.4362416107383,0.7874015748031497,126,123,1,0,122,122,12037,4,0,0,4,1
2020-10-07,US,Missouri,Livingston,469,3,0,39.78110272,-93.54645978,29117.0,3080.0551651671367,0.6396588486140725,466,459,3,0,456,456,15146,10,0,0,10,3
2020-10-07,US,Missouri,Macon,170,0,0,39.83049768,-92.56453089,29121.0,1124.561751670305,0.0,170,168,0,0,168,168,15153,2,0,0,2,0
2020-10-07,US,Missouri,Madison,320,1,0,37.47865134,-90.34671429999999,29123.0,2647.253474520185,0.3125,319,317,1,0,316,316,12188,3,0,0,3,1
2020-10-07,US,Missouri,Maries,95,0,0,38.16193985,-91.92249662,29125.0,1092.3306887432448,0.0,95,94,0,0,94,94,8769,1,0,0,1,0
2020-10-07,US,Missouri,Marion,730,14,0,39.80601912,-91.62203062,29127.0,2558.7101296880483,1.9178082191780816,716,723,14,0,709,718,28592,7,0,0,7,5
2020-10-07,US,Missouri,McDonald,1122,11,0,36.62869595,-94.34867205,29119.0,4913.079651442834,0.9803921568627452,1111,1117,11,0,1106,1113,23078,5,0,0,5,4
2020-10-07,US,Missouri,Mercer,31,0,0,40.42212303,-93.56829590000001,29129.0,857.0638650815595,0.0,31,31,0,0,31,31,3641,0,0,0,0,0
2020-10-07,US,Missouri,Miller,590,2,0,38.21450288,-92.42610898,29131.0,2302.9782583239003,0.3389830508474576,588,584,2,0,582,566,25336,6,0,0,6,18
2020-10-07,US,Missouri,Mississippi,327,3,0,36.82516239,-89.29505753,29133.0,2481.03186646434,0.9174311926605504,324,327,3,0,324,325,13336,0,0,0,0,2
2020-10-07,US,Missouri,Moniteau,366,5,0,38.63571781,-92.57976951,29135.0,2268.782544011902,1.3661202185792352,361,361,5,0,356,358,16121,5,0,0,5,3
2020-10-07,US,Missouri,Monroe,94,1,0,39.49593978,-92.00043978,29137.0,1087.4595094863491,1.0638297872340423,93,92,1,0,91,92,8664,2,0,0,2,0
2020-10-07,US,Missouri,Montgomery,90,1,0,38.94022054,-91.47000721,29139.0,779.1533200588693,1.1111111111111112,89,89,1,0,88,89,11534,1,0,0,1,0
2020-10-07,US,Missouri,Morgan,451,2,0,38.4181765,-92.88791859,29141.0,2186.4546468221265,0.4434589800443459,449,447,2,0,445,439,20358,4,0,0,4,8
2020-10-07,US,Missouri,New Madrid,600,16,0,36.59666326,-89.66070007,29143.0,3513.7034434293746,2.6666666666666665,584,596,16,0,580,593,17296,4,0,0,4,3
2020-10-07,US,Missouri,Newton,1459,13,0,36.90519407,-94.3394104,29145.0,2505.323167799986,0.8910212474297464,1446,1449,13,0,1436,1442,58266,10,0,0,10,7
2020-10-07,US,Missouri,Nodaway,862,10,0,40.36079813,-94.88133008,29147.0,3901.864928480898,1.160092807424594,852,845,10,0,835,823,22304,17,0,0,17,22
2020-10-07,US,Missouri,Oregon,154,0,0,36.68710164,-91.4033755,29149.0,1462.6270301073223,0.0,154,152,0,0,152,152,10541,2,0,0,2,0
2020-10-07,US,Missouri,Osage,218,1,0,38.46036182,-91.8613635,29151.0,1601.175174439956,0.4587155963302753,217,210,1,0,209,207,13714,8,0,0,8,3
2020-10-07,US,Missouri,Ozark,143,1,0,36.64916339,-92.44459066,29153.0,1558.7529976019187,0.6993006993006993,142,139,1,0,138,138,9017,4,0,0,4,1
2020-10-07,US,Missouri,Pemiscot,582,10,0,36.2130572,-89.78742322,29155.0,3682.3789939892436,1.718213058419244,572,579,10,0,569,575,16272,3,0,0,3,4
2020-10-07,US,Missouri,Perry,674,7,0,37.70660776,-89.82741088,29157.0,3522.1571906354525,1.0385756676557865,667,671,7,0,664,662,19150,3,0,0,3,9
2020-10-07,US,Missouri,Pettis,1226,12,0,38.72798918,-93.28471706,29159.0,2895.675382035476,0.9787928221859706,1214,1221,12,0,1209,1215,42542,5,0,0,5,6
2020-10-07,US,Missouri,Phelps,520,12,0,37.87736118,-91.79351727,29161.0,1166.6255356381664,2.3076923076923075,508,513,12,0,501,512,44732,7,0,0,7,1
2020-10-07,US,Missouri,Pike,258,4,0,39.34310674,-91.16980779,29163.0,1409.682001966998,1.5503875968992251,254,255,4,0,251,255,18504,3,0,0,3,0
2020-10-07,US,Missouri,Platte,749,10,0,39.38154439,-94.77068479,29165.0,717.3092761784368,1.335113484646195,739,750,10,0,740,744,102985,-1,0,0,-1,6
2020-10-07,US,Missouri,Polk,739,5,0,37.616229600000004,-93.39828174,29167.0,2298.6718093875393,0.6765899864682002,734,739,5,0,734,738,32201,0,0,0,0,1
2020-10-07,US,Missouri,Pulaski,734,7,0,37.82462075,-92.20783203,29169.0,1395.2515824890224,0.9536784741144414,727,732,7,0,725,728,52014,2,0,0,2,4
2020-10-07,US,Missouri,Putnam,32,1,0,40.47942497,-93.02042674,29171.0,681.4310051107325,3.125,31,32,1,0,31,32,4757,0,0,0,0,0
2020-10-07,US,Missouri,Ralls,158,0,0,39.52817427,-91.51838643,29173.0,1532.6413813172956,0.0,158,157,0,0,157,156,10212,1,0,0,1,1
2020-10-07,US,Missouri,Randolph,379,2,0,39.44007257,-92.49713740000001,29175.0,1531.4368837885888,0.5277044854881267,377,379,2,0,377,341,24763,0,0,0,0,38
2020-10-07,US,Missouri,Ray,190,2,0,39.353746799999996,-93.98905745,29177.0,825.4409592492833,1.0526315789473684,188,187,0,0,187,187,22883,3,2,0,1,0
2020-10-07,US,Missouri,Reynolds,41,0,0,37.36085952,-90.97009925,29179.0,653.9074960127592,0.0,41,39,0,0,39,41,6254,2,0,0,2,-2
2020-10-07,US,Missouri,Ripley,150,1,0,36.65460667,-90.85990261,29181.0,1128.8380493678508,0.6666666666666666,149,145,1,0,144,144,13401,5,0,0,5,1
2020-10-07,US,Missouri,Saline,814,9,0,39.13734288,-93.20259964,29195.0,3576.2927815122357,1.1056511056511056,805,809,9,0,800,801,22895,5,0,0,5,8
2020-10-07,US,Missouri,Schuyler,28,0,0,40.46921489,-92.52311943,29197.0,600.8583690987125,0.0,28,28,0,0,28,28,4599,0,0,0,0,0
2020-10-07,US,Missouri,Scotland,41,1,0,40.45214695,-92.14709064,29199.0,836.3933088535292,2.4390243902439024,40,41,1,0,40,41,4966,0,0,0,0,0
2020-10-07,US,Missouri,Scott,982,17,0,37.05588075,-89.56474493,29201.0,2565.3082549634273,1.7311608961303462,965,977,17,0,960,971,38458,5,0,0,5,6
2020-10-07,US,Missouri,Shannon,151,1,0,37.15772072,-91.40190382,29203.0,1849.130541268675,0.6622516556291391,150,147,1,0,146,145,8189,4,0,0,4,2
2020-10-07,US,Missouri,Shelby,74,1,0,39.79742518,-92.07634971,29205.0,1247.8920741989882,1.351351351351351,73,74,1,0,73,72,6050,0,0,0,0,2
2020-10-07,US,Missouri,St. Charles,8296,115,0,38.77875681,-90.66662425,29183.0,2063.568660421569,1.3862102217936354,8181,8213,115,0,8098,8114,399182,83,0,0,83,99
2020-10-07,US,Missouri,St. Clair,81,0,0,38.03699437,-93.77631447,29185.0,861.9772267745026,0.0,81,80,0,0,80,79,9395,1,0,0,1,1
2020-10-07,US,Missouri,St. Francois,2282,14,0,37.81214171,-90.47598685,29187.0,3395.0755039797664,0.6134969325153374,2268,2259,14,0,2245,2240,66692,23,0,0,23,19
2020-10-07,US,Missouri,St. Louis,25572,826,0,38.63770039999999,-90.4458375,29189.0,2572.1053505061827,3.230095416862193,24746,25416,825,0,24591,25302,996945,156,1,0,155,114
2020-10-07,US,Missouri,St. Louis City,7386,213,0,38.63555736,-90.24349225,29510.0,2457.282018524433,2.883834281072299,7173,7355,213,0,7142,7321,302838,31,0,0,31,34
2020-10-07,US,Missouri,Ste. Genevieve,231,1,0,37.89090059,-90.1949941,29186.0,1290.9355091091984,0.4329004329004329,230,228,1,0,227,223,17888,3,0,0,3,5
2020-10-07,US,Missouri,Stoddard,607,14,0,36.85571651,-89.9444155,29207.0,2091.3006029285093,2.306425041186161,593,597,14,0,583,583,29206,10,0,0,10,14
2020-10-07,US,Missouri,Stone,534,6,0,36.75000327,-93.45256475,29209.0,1671.256885327992,1.1235955056179776,528,525,6,0,519,517,31749,9,0,0,9,8
2020-10-07,US,Missouri,Sullivan,228,0,0,40.2099105,-93.11150106,29211.0,3744.457217933979,0.0,228,228,0,0,228,227,6221,0,0,0,0,1
2020-10-07,US,Missouri,Taney,1422,37,0,36.65465345,-93.04075153,29213.0,2542.554713202689,2.6019690576652597,1385,1414,36,0,1378,1405,55852,8,1,0,7,9
2020-10-07,US,Missouri,Texas,393,2,0,37.31728859,-91.96564727,29215.0,1547.3659343255374,0.5089058524173028,391,392,2,0,390,383,25571,1,0,0,1,9
2020-10-07,US,Missouri,Vernon,233,1,0,37.8457799,-94.34127305,29217.0,1133.1031464280506,0.4291845493562232,232,233,1,0,232,227,20528,0,0,0,0,6
2020-10-07,US,Missouri,Warren,501,1,0,38.76529479,-91.16124662,29219.0,1405.3690145586133,0.1996007984031936,500,498,1,0,497,498,34711,3,0,0,3,0
2020-10-07,US,Missouri,Washington,504,11,0,37.96130078,-90.87948158,29221.0,2038.0105135463,2.1825396825396823,493,501,11,0,490,494,24943,3,0,0,3,7
2020-10-07,US,Missouri,Wayne,241,0,0,37.11303869,-90.46001416,29223.0,1872.1354773557052,0.0,241,236,0,0,236,232,13122,5,0,0,5,4
2020-10-07,US,Missouri,Webster,818,5,0,37.2813734,-92.876329,29225.0,2066.073954334209,0.6112469437652812,813,808,5,0,803,783,39109,10,0,0,10,25
2020-10-07,US,Missouri,Worth,21,0,0,40.47945588,-94.42328751,29227.0,1043.2190760059614,0.0,21,21,0,0,21,21,2040,0,0,0,0,0
2020-10-07,US,Missouri,Wright,444,0,0,37.27029221,-92.46914488,29229.0,2427.688774673301,0.0,444,440,0,0,440,436,18378,4,0,0,4,4
2020-10-07,US,Montana,Beaverhead,154,1,0,45.13434354,-112.89846940000001,30001.0,1629.1124510737332,0.6493506493506493,153,137,1,0,136,133,9404,17,0,0,17,4
2020-10-07,US,Montana,Big Horn,990,23,0,45.42335905,-107.492347,30003.0,7432.990464749606,2.323232323232323,967,984,23,0,961,967,13338,6,0,0,6,17
2020-10-07,US,Montana,Blaine,100,0,0,48.43175214,-108.9582723,30005.0,1496.78191887442,0.0,100,83,0,0,83,74,6807,17,0,0,17,9
2020-10-07,US,Montana,Broadwater,20,0,0,46.33277565,-111.49558130000001,30007.0,320.666987333654,0.0,20,20,0,0,20,18,6085,0,0,0,0,2
2020-10-07,US,Montana,Carbon,134,0,0,45.22850116,-109.0274047,30009.0,1249.4172494172494,0.0,134,134,0,0,134,133,10714,0,0,0,0,1
2020-10-07,US,Montana,Carter,9,0,0,45.5197966,-104.53955359999999,30011.0,718.8498402555913,0.0,9,9,0,0,9,9,1238,0,0,0,0,0
2020-10-07,US,Montana,Cascade,953,6,0,47.30797024,-111.3467922,30013.0,1171.2508910355675,0.6295907660020986,947,932,6,0,926,912,81643,21,0,0,21,20
2020-10-07,US,Montana,Chouteau,39,0,0,47.88084126,-110.4353362,30015.0,692.1029281277727,0.0,39,39,0,0,39,36,5745,0,0,0,0,3
2020-10-07,US,Montana,Custer,125,2,0,46.25319932,-105.57375259999998,30017.0,1096.298894930714,1.6,123,123,2,0,121,122,11586,2,0,0,2,1
2020-10-07,US,Montana,Daniels,12,0,0,48.78420029,-105.54763429999998,30019.0,710.0591715976332,0.0,12,6,0,0,6,6,1747,6,0,0,6,0
2020-10-07,US,Montana,Dawson,96,1,0,47.26584855,-104.89444170000002,30021.0,1114.5942180424938,1.0416666666666667,95,90,1,0,89,89,8680,6,0,0,6,1
2020-10-07,US,Montana,Deer Lodge,207,0,0,46.05953325,-113.073353,30023.0,2264.770240700219,0.0,207,194,0,0,194,194,9131,13,0,0,13,0
2020-10-07,US,Montana,Fallon,18,0,0,46.33478338,-104.41835649999999,30025.0,632.4666198172872,0.0,18,18,0,0,18,16,2920,0,0,0,0,2
2020-10-07,US,Montana,Fergus,82,1,0,47.26331584,-109.2245206,30027.0,742.0814479638008,1.2195121951219512,81,79,1,0,78,76,11113,3,0,0,3,3
2020-10-07,US,Montana,Flathead,1583,19,0,48.29575866,-114.05205690000001,30029.0,1524.960021578714,1.2002526847757422,1564,1511,19,0,1492,1387,102106,72,0,0,72,124
2020-10-07,US,Montana,Gallatin,1678,4,0,45.54486106,-111.1692571,30031.0,1466.3474142300365,0.2383790226460072,1674,1630,4,0,1626,1584,111876,48,0,0,48,46
2020-10-07,US,Montana,Garfield,18,0,0,47.27545948,-107.0002351,30033.0,1430.8426073131955,0.0,18,18,0,0,18,18,1268,0,0,0,0,0
2020-10-07,US,Montana,Glacier,583,1,0,48.70513576,-112.9934235,30035.0,4239.075110884898,0.17152658662092626,582,501,1,0,500,443,13747,82,0,0,82,58
2020-10-07,US,Montana,Golden Valley,5,0,0,46.3816474,-109.17685220000001,30037.0,609.0133982947625,0.0,5,5,0,0,5,5,826,0,0,0,0,0
2020-10-07,US,Montana,Granite,32,0,0,46.40605220000001,-113.4414186,30039.0,947.0257472625036,0.0,32,30,0,0,30,30,3378,2,0,0,2,0
2020-10-07,US,Montana,Hill,269,5,0,48.62879827,-110.1129252,30041.0,1631.8854646930356,1.858736059479554,264,253,5,0,248,235,16347,16,0,0,16,18
2020-10-07,US,Montana,Jefferson,96,0,0,46.14907081,-112.094396,30043.0,785.5330987644219,0.0,96,96,0,0,96,94,12097,0,0,0,0,2
2020-10-07,US,Montana,Judith Basin,9,0,0,47.04581276,-110.26606880000001,30045.0,448.43049327354265,0.0,9,9,0,0,9,9,1952,0,0,0,0,0
2020-10-07,US,Montana,Lake,315,1,0,47.64514965,-114.0898013,30047.0,1034.2110447173156,0.31746031746031744,314,304,1,0,303,294,30250,11,0,0,11,10
2020-10-07,US,Montana,Lewis and Clark,392,3,0,47.12610041,-112.39469799999999,30049.0,564.5811729461918,0.7653061224489796,389,383,3,0,380,376,68700,9,0,0,9,7
2020-10-07,US,Montana,Liberty,22,0,0,48.56084317,-111.02430700000001,30051.0,941.3778348309801,0.0,22,21,0,0,21,20,2430,1,0,0,1,1
2020-10-07,US,Montana,Lincoln,157,3,0,48.54265777,-115.4046155,30053.0,785.7857857857857,1.9108280254777068,154,154,3,0,151,150,19794,3,0,0,3,4
2020-10-07,US,Montana,Madison,118,1,0,45.30080065,-111.9173017,30057.0,1372.0930232558142,0.8474576271186439,117,117,1,0,116,117,8768,1,0,0,1,0
2020-10-07,US,Montana,McCone,27,0,0,47.64469406,-105.79449939999999,30055.0,1622.5961538461538,0.0,27,27,0,0,27,27,1675,0,0,0,0,0
2020-10-07,US,Montana,Meagher,38,2,0,46.59907074,-110.8898557,30059.0,2040.8163265306125,5.2631578947368425,36,35,2,0,33,35,1866,3,0,0,3,0
2020-10-07,US,Montana,Mineral,7,0,0,47.15283992,-115.00152390000001,30061.0,159.19945417329996,0.0,7,6,0,0,6,6,4316,1,0,0,1,0
2020-10-07,US,Montana,Missoula,1131,4,0,47.03728583,-113.92135079999998,30063.0,945.6521739130437,0.3536693191865606,1127,934,3,0,931,885,118791,197,1,0,196,49
2020-10-07,US,Montana,Musselshell,37,1,0,46.49684637,-108.39498,30065.0,798.6186056550831,2.702702702702702,36,37,1,0,36,37,4651,0,0,0,0,0
2020-10-07,US,Montana,Park,125,0,0,45.48965095,-110.52643940000002,30067.0,752.739973503553,0.0,125,125,0,0,125,113,16736,0,0,0,0,12
2020-10-07,US,Montana,Petroleum,1,0,0,47.118246299999996,-108.2508876,30069.0,205.3388090349076,0.0,1,1,0,0,1,1,513,0,0,0,0,0
2020-10-07,US,Montana,Phillips,124,0,0,48.25936577,-107.9128511,30071.0,3136.064744562469,0.0,124,124,0,0,124,124,4074,0,0,0,0,0
2020-10-07,US,Montana,Pondera,81,1,0,48.22773388,-112.22527029999999,30073.0,1370.3265098968025,1.2345679012345678,80,77,1,0,76,71,5972,4,0,0,4,6
2020-10-07,US,Montana,Powder River,27,0,0,45.39617714,-105.636738,30075.0,1605.231866825208,0.0,27,25,0,0,25,25,1716,2,0,0,2,0
2020-10-07,US,Montana,Powell,15,0,0,46.85538891,-112.93591640000001,30077.0,217.7068214804064,0.0,15,15,0,0,15,15,6968,0,0,0,0,0
2020-10-07,US,Montana,Prairie,20,0,0,46.86048047,-105.379384,30079.0,1857.0102135561747,0.0,20,20,0,0,20,16,1087,0,0,0,0,4
2020-10-07,US,Montana,Ravalli,180,2,0,46.08520862,-114.11891640000002,30081.0,410.9026160799891,1.1111111111111112,178,180,2,0,178,175,43172,0,0,0,0,5
2020-10-07,US,Montana,Richland,141,2,0,47.78668011,-104.5610786,30083.0,1305.1930019439046,1.4184397163120568,139,141,2,0,139,140,10913,0,0,0,0,1
2020-10-07,US,Montana,Roosevelt,467,8,0,48.29607488,-105.00792679999999,30085.0,4243.911304980007,1.7130620985010707,459,453,8,0,445,447,11059,14,0,0,14,6
2020-10-07,US,Montana,Rosebud,693,19,0,46.23397237,-106.72928799999998,30087.0,7754.2799597180265,2.741702741702741,674,687,19,0,668,680,9063,6,0,0,6,7
2020-10-07,US,Montana,Sanders,63,1,0,47.67657534,-115.1329916,30089.0,520.1023693552381,1.5873015873015872,62,56,1,0,55,56,11844,7,0,0,7,0
2020-10-07,US,Montana,Sheridan,27,0,0,48.72085833,-104.50382900000001,30091.0,815.9564823209429,0.0,27,21,0,0,21,21,3424,6,0,0,6,0
2020-10-07,US,Montana,Silver Bow,308,0,0,45.90018933,-112.6620092,30093.0,882.142345696692,0.0,308,305,0,0,305,297,34993,3,0,0,3,8
2020-10-07,US,Montana,Stillwater,99,3,0,45.67071407,-109.3950061,30095.0,1026.7579340385812,3.0303030303030303,96,93,3,0,90,90,9534,6,0,0,6,3
2020-10-07,US,Montana,Sweet Grass,52,2,0,45.81367654,-109.9425686,30097.0,1391.4905004013915,3.8461538461538463,50,52,2,0,50,52,3710,0,0,0,0,0
2020-10-07,US,Montana,Teton,46,0,0,47.83741052,-112.24106880000001,30099.0,748.3325199284203,0.0,46,46,0,0,46,42,6162,0,0,0,0,4
2020-10-07,US,Montana,Toole,159,6,0,48.65577551,-111.69424140000001,30101.0,3357.2635135135133,3.7735849056603774,153,155,6,0,149,142,4853,4,0,0,4,13
2020-10-07,US,Montana,Treasure,6,0,0,46.20973220000001,-107.26665159999999,30103.0,862.0689655172414,0.0,6,5,0,0,5,4,679,1,0,0,1,1
2020-10-07,US,Montana,Valley,121,1,0,48.36435097,-106.6669635,30105.0,1636.019469983775,0.8264462809917356,120,114,1,0,113,114,7437,7,0,0,7,0
2020-10-07,US,Montana,Wheatland,21,1,0,46.46652491,-109.84646359999999,30107.0,987.7704609595484,4.761904761904762,20,21,1,0,20,21,2236,0,0,0,0,0
2020-10-07,US,Montana,Wibaux,24,0,0,46.95925154,-104.2510927,30109.0,2476.780185758514,0.0,24,21,0,0,21,19,1034,3,0,0,3,2
2020-10-07,US,Montana,Yellowstone,3807,69,0,45.93955949,-108.26914860000001,30111.0,2360.1983880967136,1.8124507486209611,3738,3691,69,0,3622,3645,160137,116,0,0,116,46
2020-10-07,US,Nebraska,Adams,617,12,0,40.52449420000001,-98.50117804,31001.0,1967.2862927653605,1.9448946515397083,605,613,12,0,601,607,31511,4,0,0,4,6
2020-10-07,US,Nebraska,Antelope,105,1,0,42.17695516,-98.06662829999999,31003.0,1667.1959352175293,0.9523809523809524,104,104,1,0,103,102,6336,1,0,0,1,2
2020-10-07,US,Nebraska,Arthur,1,0,0,41.56896142,-101.6959559,31005.0,215.98272138228938,0.0,1,1,0,0,1,1,465,0,0,0,0,0
2020-10-07,US,Nebraska,Banner,2,0,0,41.54634427,-103.7114332,31007.0,268.4563758389262,0.0,2,2,0,0,2,2,730,0,0,0,0,0
2020-10-07,US,Nebraska,Blaine,1,0,0,41.91311716,-99.97677845,31009.0,215.05376344086025,0.0,1,1,0,0,1,1,476,0,0,0,0,0
2020-10-07,US,Nebraska,Boone,107,0,0,41.70759415,-98.06737183,31011.0,2060.862865947612,0.0,107,98,0,0,98,98,5239,9,0,0,9,0
2020-10-07,US,Nebraska,Box Butte,116,1,0,42.22079243,-103.08788340000001,31013.0,1075.767411666512,0.8620689655172413,115,116,1,0,115,115,10772,0,0,0,0,1
2020-10-07,US,Nebraska,Boyd,35,0,0,42.899727399999996,-98.76486568,31015.0,1823.8665971860346,0.0,35,35,0,0,35,33,1955,0,0,0,0,2
2020-10-07,US,Nebraska,Brown,55,0,0,42.43018907,-99.92904055,31017.0,1861.2521150592213,0.0,55,52,0,0,52,50,2973,3,0,0,3,2
2020-10-07,US,Nebraska,Buffalo,1249,6,0,40.85486962,-99.07500296,31019.0,2515.153345818482,0.4803843074459568,1243,1230,6,0,1224,1220,49615,19,0,0,19,10
2020-10-07,US,Nebraska,Burt,91,1,0,41.85056773,-96.32605633,31021.0,1408.8868245858496,1.0989010989010992,90,88,1,0,87,87,6488,3,0,0,3,1
2020-10-07,US,Nebraska,Butler,151,1,0,41.22703692,-97.13106306,31023.0,1883.7325349301398,0.6622516556291391,150,147,1,0,146,147,8058,4,0,0,4,0
2020-10-07,US,Nebraska,Cass,380,3,0,40.90899107,-96.13971217,31025.0,1447.7293508076802,0.7894736842105263,377,374,3,0,371,374,26159,6,0,0,6,0
2020-10-07,US,Nebraska,Cedar,107,0,0,42.598885100000004,-97.25311951,31027.0,1273.5063080218995,0.0,107,105,0,0,105,100,8446,2,0,0,2,5
2020-10-07,US,Nebraska,Chase,58,0,0,40.523719799999995,-101.69780259999999,31029.0,1478.0835881753312,0.0,58,34,0,0,34,34,3977,24,0,0,24,0
2020-10-07,US,Nebraska,Cherry,54,4,0,42.54502621,-101.1244332,31031.0,949.2002109333804,7.407407407407407,50,54,4,0,50,53,5761,0,0,0,0,1
2020-10-07,US,Nebraska,Cheyenne,49,0,0,41.21999357,-102.9941693,31033.0,549.9438832772166,0.0,49,47,0,0,47,46,9310,2,0,0,2,1
2020-10-07,US,Nebraska,Clay,94,0,0,40.52439441,-98.05126296,31035.0,1515.3957762373043,0.0,94,90,0,0,90,86,6214,4,0,0,4,4
2020-10-07,US,Nebraska,Colfax,803,5,0,41.57486951,-97.0868542,31037.0,7498.365860491175,0.6226650062266501,798,801,5,0,796,800,10881,2,0,0,2,1
2020-10-07,US,Nebraska,Cuming,199,1,0,41.91637624,-96.78730772,31039.0,2249.60434094506,0.5025125628140703,198,190,1,0,189,189,8940,9,0,0,9,1
2020-10-07,US,Nebraska,Custer,117,4,0,41.39374521,-99.72805369,31041.0,1085.6453558504222,3.418803418803418,113,110,4,0,106,104,10840,7,0,0,7,6
2020-10-07,US,Nebraska,Dakota,2337,43,0,42.39040144,-96.56656425,31043.0,11669.829222011384,1.8399657680787331,2294,2321,43,0,2278,2315,20083,16,0,0,16,6
2020-10-07,US,Nebraska,Dawes,144,0,0,42.71985036,-103.1313774,31045.0,1676.5630457561997,0.0,144,141,0,0,141,141,8716,3,0,0,3,0
2020-10-07,US,Nebraska,Dawson,1111,14,0,40.87028216,-99.82014609999999,31047.0,4708.624708624709,1.26012601260126,1097,1109,14,0,1095,1109,23709,2,0,0,2,0
2020-10-07,US,Nebraska,Deuel,4,0,0,41.11168186,-102.33333309999999,31049.0,222.9654403567447,0.0,4,4,0,0,4,4,1825,0,0,0,0,0
2020-10-07,US,Nebraska,Dixon,123,2,0,42.49188363,-96.86782408,31051.0,2182.3988644428673,1.6260162601626016,121,123,2,0,121,119,5709,0,0,0,0,4
2020-10-07,US,Nebraska,Dodge,1321,13,0,41.58071748,-96.65598179,31053.0,3612.7444277314366,0.9841029523088568,1308,1309,13,0,1296,1296,36791,12,0,0,12,13
2020-10-07,US,Nebraska,Douglas,17533,197,0,41.29518299,-96.15085305,31055.0,3068.820482840825,1.1235955056179776,17336,17352,197,0,17155,17174,566880,181,0,0,181,178
2020-10-07,US,Nebraska,Dundy,15,1,0,40.17638677,-101.6876522,31057.0,886.0011813349084,6.666666666666668,14,15,1,0,14,14,1770,0,0,0,0,1
2020-10-07,US,Nebraska,Fillmore,58,1,0,40.52458567,-97.59646937,31059.0,1061.8820944708898,1.7241379310344829,57,58,1,0,57,58,5527,0,0,0,0,0
2020-10-07,US,Nebraska,Franklin,47,0,0,40.17636348,-98.95299073,31061.0,1577.71064115475,0.0,47,47,0,0,47,45,3023,0,0,0,0,2
2020-10-07,US,Nebraska,Frontier,13,0,0,40.52993007,-100.3924658,31063.0,494.86105824134,0.0,13,12,0,0,12,12,2608,1,0,0,1,0
2020-10-07,US,Nebraska,Furnas,51,2,0,40.17642064,-99.91247454,31065.0,1090.6757912745936,3.92156862745098,49,50,2,0,48,49,4715,1,0,0,1,1
2020-10-07,US,Nebraska,Gage,309,5,0,40.26186809,-96.68946704,31067.0,1436.3408171803094,1.6181229773462784,304,297,5,0,292,297,21493,12,0,0,12,0
2020-10-07,US,Nebraska,Garden,13,0,0,41.61703149,-102.3313973,31069.0,707.6755579749591,0.0,13,13,0,0,13,13,1897,0,0,0,0,0
2020-10-07,US,Nebraska,Garfield,11,0,0,41.91428955,-98.99111827,31071.0,558.659217877095,0.0,11,11,0,0,11,11,1987,0,0,0,0,0
2020-10-07,US,Nebraska,Gosper,48,0,0,40.51481965,-99.83020279,31073.0,2412.0603015075376,0.0,48,48,0,0,48,46,1996,0,0,0,0,2
2020-10-07,US,Nebraska,Grant,1,0,0,41.91528587,-101.740701,31075.0,160.5136436597111,0.0,1,2,0,0,2,2,660,-1,0,0,-1,0
2020-10-07,US,Nebraska,Greeley,36,0,0,41.56742671,-98.52150266,31077.0,1528.0135823429541,0.0,36,35,0,0,35,35,2356,1,0,0,1,0
2020-10-07,US,Nebraska,Hall,2108,48,0,40.87257079,-98.50218293,31079.0,3435.85480742588,2.2770398481973437,2060,2096,48,0,2048,2084,61607,12,0,0,12,12
2020-10-07,US,Nebraska,Hamilton,165,12,0,40.87349452,-98.02099117,31081.0,1769.6267696267694,7.272727272727272,153,158,12,0,146,157,9280,7,0,0,7,1
2020-10-07,US,Nebraska,Harlan,27,0,0,40.17658508,-99.40438879,31083.0,798.8165680473372,0.0,27,24,0,0,24,24,3401,3,0,0,3,0
2020-10-07,US,Nebraska,Hayes,2,0,0,40.52451972,-101.0603568,31085.0,216.9197396963124,0.0,2,2,0,0,2,1,916,0,0,0,0,1
2020-10-07,US,Nebraska,Hitchcock,10,0,0,40.17609175,-101.04164770000001,31087.0,362.05648081100645,0.0,10,11,0,0,11,12,2806,-1,0,0,-1,-1
2020-10-07,US,Nebraska,Holt,134,1,0,42.45522056,-98.78402558,31089.0,1331.081752259859,0.746268656716418,133,128,1,0,127,123,10178,6,0,0,6,5
2020-10-07,US,Nebraska,Hooker,13,1,0,41.91586243,-101.1354293,31091.0,1906.158357771261,7.6923076923076925,12,13,1,0,12,13,682,0,0,0,0,0
2020-10-07,US,Nebraska,Howard,110,5,0,41.2200529,-98.5166499,31093.0,1706.7494181536074,4.545454545454546,105,108,5,0,103,107,6468,2,0,0,2,1
2020-10-07,US,Nebraska,Jefferson,37,0,0,40.17584531,-97.142601,31095.0,525.1206358217428,0.0,37,37,0,0,37,36,7097,0,0,0,0,1
2020-10-07,US,Nebraska,Johnson,73,0,0,40.39257596,-96.26522753,31097.0,1439.5582725300726,0.0,73,72,0,0,72,72,5134,1,0,0,1,0
2020-10-07,US,Nebraska,Kearney,166,0,0,40.50663314,-98.94877182,31099.0,2555.812163202464,0.0,166,162,0,0,162,158,6544,4,0,0,4,4
2020-10-07,US,Nebraska,Keith,70,0,0,41.19930341,-101.66201640000001,31101.0,871.2969878018422,0.0,70,69,0,0,69,68,8021,1,0,0,1,1
2020-10-07,US,Nebraska,Keya Paha,5,0,0,42.87990694,-99.71343729,31103.0,620.3473945409428,0.0,5,5,0,0,5,5,810,0,0,0,0,0
2020-10-07,US,Nebraska,Kimball,24,0,0,41.19774275,-103.7148131,31105.0,660.7929515418502,0.0,24,24,0,0,24,21,3618,0,0,0,0,3
2020-10-07,US,Nebraska,Knox,204,0,0,42.63758421,-97.89178836,31107.0,2448.3917426788285,0.0,204,201,0,0,201,198,8419,3,0,0,3,3
2020-10-07,US,Nebraska,Lancaster,6996,26,0,40.78416049,-96.68777155,31109.0,2192.484878874299,0.3716409376786735,6970,6905,26,0,6879,6862,317272,91,0,0,91,43
2020-10-07,US,Nebraska,Lincoln,508,4,0,41.04658298,-100.74753740000001,31111.0,1455.0037234347253,0.7874015748031497,504,491,4,0,487,477,35185,17,0,0,17,14
2020-10-07,US,Nebraska,Logan,7,0,0,41.56650314,-100.4817851,31113.0,935.8288770053476,0.0,7,7,0,0,7,7,749,0,0,0,0,0
2020-10-07,US,Nebraska,Loup,3,0,0,41.91371961,-99.45440415,31115.0,451.8072289156627,0.0,3,3,0,0,3,3,618,0,0,0,0,0
2020-10-07,US,Nebraska,Madison,910,7,0,41.91676024,-97.6005481,31119.0,2592.6664577338393,0.7692307692307693,903,901,7,0,894,894,35392,9,0,0,9,7
2020-10-07,US,Nebraska,McPherson,8,0,0,41.56797682,-101.05993620000001,31117.0,1619.4331983805664,0.0,8,8,0,0,8,6,492,0,0,0,0,2
2020-10-07,US,Nebraska,Merrick,95,1,0,41.16624273,-98.0374887,31121.0,1225.0161186331402,1.0526315789473684,94,91,1,0,90,90,7733,4,0,0,4,1
2020-10-07,US,Nebraska,Morrill,79,0,0,41.71711774,-103.0061405,31123.0,1701.8526497199482,0.0,79,79,0,0,79,79,4686,0,0,0,0,0
2020-10-07,US,Nebraska,Nance,60,0,0,41.39750195,-97.99327291,31125.0,1705.0298380221654,0.0,60,57,0,0,57,56,3532,3,0,0,3,1
2020-10-07,US,Nebraska,Nemaha,140,0,0,40.38514847,-95.85433992,31127.0,2008.032128514056,0.0,140,139,0,0,139,139,6958,1,0,0,1,0
2020-10-07,US,Nebraska,Nuckolls,18,0,0,40.17637905,-98.04743961,31129.0,433.9440694310511,0.0,18,18,0,0,18,18,4195,0,0,0,0,0
2020-10-07,US,Nebraska,Otoe,200,1,0,40.64843556,-96.13374142,31131.0,1249.0632025980515,0.5,199,196,1,0,195,192,15985,4,0,0,4,4
2020-10-07,US,Nebraska,Pawnee,21,0,0,40.13141096,-96.23705437,31133.0,803.6739380022963,0.0,21,21,0,0,21,21,2632,0,0,0,0,0
2020-10-07,US,Nebraska,Perkins,34,10,0,40.85082525,-101.6502942,31135.0,1176.063645797302,29.411764705882355,24,34,10,0,24,34,2929,0,0,0,0,0
2020-10-07,US,Nebraska,Phelps,150,0,0,40.51156033,-99.41461667,31137.0,1660.3940668585346,0.0,150,144,0,0,144,141,8996,6,0,0,6,3
2020-10-07,US,Nebraska,Pierce,115,8,0,42.26434853,-97.60122773,31139.0,1608.841634023503,6.956521739130435,107,115,8,0,107,115,7142,0,0,0,0,0
2020-10-07,US,Nebraska,Platte,1202,4,0,41.57246836,-97.52144359,31141.0,3591.275769345683,0.33277870216306155,1198,1195,4,0,1191,1191,33363,7,0,0,7,4
2020-10-07,US,Nebraska,Polk,101,1,0,41.18813488,-97.56630712,31143.0,1937.4640322271246,0.99009900990099,100,91,1,0,90,88,5278,10,0,0,10,3
2020-10-07,US,Nebraska,Red Willow,86,0,0,40.17556879999999,-100.476998,31145.0,801.9395747855278,0.0,86,78,0,0,78,64,10726,8,0,0,8,14
2020-10-07,US,Nebraska,Richardson,63,2,0,40.1247415,-95.71755036,31147.0,801.0171646535283,3.1746031746031744,61,62,2,0,60,61,7937,1,0,0,1,1
2020-10-07,US,Nebraska,Rock,47,1,0,42.42252217,-99.44832069,31149.0,3463.5224760501105,2.127659574468085,46,47,1,0,46,47,1360,0,0,0,0,0
2020-10-07,US,Nebraska,Saline,777,2,0,40.52418865,-97.14085859,31151.0,5462.59842519685,0.2574002574002574,775,775,2,0,773,773,14350,2,0,0,2,2
2020-10-07,US,Nebraska,Sarpy,4114,27,0,41.11314181,-96.11156432,31153.0,2197.696531977179,0.6562955760816723,4087,4066,27,0,4039,4000,184459,48,0,0,48,66
2020-10-07,US,Nebraska,Saunders,538,4,0,41.227810299999994,-96.63773905,31155.0,2493.280192788952,0.7434944237918215,534,536,4,0,532,530,21303,2,0,0,2,6
2020-10-07,US,Nebraska,Scotts Bluff,454,8,0,41.85070896,-103.70809859999999,31157.0,1274.6364197877479,1.7621145374449338,446,450,8,0,442,442,35989,4,0,0,4,8
2020-10-07,US,Nebraska,Seward,256,3,0,40.87241834,-97.139673,31159.0,1481.1386253182136,1.171875,253,253,3,0,250,251,17318,3,0,0,3,2
2020-10-07,US,Nebraska,Sheridan,60,0,0,42.50284406,-102.4126613,31161.0,1143.728555089592,0.0,60,60,0,0,60,60,5190,0,0,0,0,0
2020-10-07,US,Nebraska,Sherman,29,2,0,41.22045983,-98.97588642,31163.0,966.3445518160612,6.896551724137932,27,27,2,0,25,27,3038,2,0,0,2,0
2020-10-07,US,Nebraska,Sioux,7,0,0,42.48932059,-103.7576544,31165.0,600.3430531732419,0.0,7,7,0,0,7,7,1187,0,0,0,0,0
2020-10-07,US,Nebraska,Stanton,47,0,0,41.9169835,-97.19394708,31167.0,793.9189189189191,0.0,47,46,0,0,46,46,5970,1,0,0,1,0
2020-10-07,US,Nebraska,Thayer,36,0,0,40.17626377,-97.59504381,31169.0,719.5682590445732,0.0,36,35,0,0,35,35,5039,1,0,0,1,0
2020-10-07,US,Nebraska,Thomas,7,0,0,41.91358968,-100.5556632,31171.0,969.5290858725765,0.0,7,7,0,0,7,5,720,0,0,0,0,2
2020-10-07,US,Nebraska,Thurston,287,4,0,42.15725356,-96.54157099,31173.0,3972.868217054264,1.3937282229965158,283,286,4,0,282,284,7303,1,0,0,1,2
2020-10-07,US,Nebraska,Unassigned,391,1,0,0.0,0.0,90031.0,0.0,0.2557544757033248,390,358,1,0,357,351,,33,0,0,33,7
2020-10-07,US,Nebraska,Valley,49,0,0,41.56730777,-98.98197724,31175.0,1178.4511784511785,0.0,49,48,0,0,48,47,4190,1,0,0,1,1
2020-10-07,US,Nebraska,Washington,323,5,0,41.52815707,-96.22019892,31177.0,1558.2034830430798,1.547987616099071,318,320,5,0,315,309,20667,3,0,0,3,11
2020-10-07,US,Nebraska,Wayne,210,0,0,42.20934475,-97.11926964,31179.0,2237.613212573255,0.0,210,207,0,0,207,206,9403,3,0,0,3,1
2020-10-07,US,Nebraska,Webster,20,0,0,40.17642643,-98.50019851,31181.0,573.5589331803842,0.0,20,19,0,0,19,18,3533,1,0,0,1,1
2020-10-07,US,Nebraska,Wheeler,2,0,0,41.91482725,-98.52798941,31183.0,255.4278416347382,0.0,2,2,0,0,2,2,805,0,0,0,0,0
2020-10-07,US,Nebraska,York,232,2,0,40.87272618,-97.59710186,31185.0,1696.0304115797935,0.8620689655172413,230,224,2,0,222,213,13772,8,0,0,8,11
2020-10-07,US,Nevada,Carson City,572,8,0,39.15509045,-119.7480219,32510.0,1022.9630159525003,1.3986013986013983,564,569,8,0,561,568,55414,3,0,0,3,1
2020-10-07,US,Nevada,Churchill,162,3,0,39.58105744,-118.3394607,32001.0,650.3673371070698,1.851851851851852,159,160,3,0,157,154,24440,2,0,0,2,6
2020-10-07,US,Nevada,Clark,69801,1420,0,36.21458855,-115.0130241,32003.0,3079.3902188850384,2.0343548086703627,68381,69498,1414,0,68084,69151,2231647,303,6,0,297,347
2020-10-07,US,Nevada,Douglas,330,1,0,38.912862,-119.61713329999999,32005.0,674.7776300991719,0.30303030303030304,329,325,1,0,324,323,48467,5,0,0,5,2
2020-10-07,US,Nevada,Elko,1032,10,0,41.14531606,-115.3577619,32007.0,1955.3601879571038,0.9689922480620154,1022,1021,10,0,1011,1007,52460,11,0,0,11,14
2020-10-07,US,Nevada,Eureka,10,0,0,39.98100864,-116.26832040000001,32011.0,492.8536224741252,0.0,10,10,0,0,10,10,2003,0,0,0,0,0
2020-10-07,US,Nevada,Humboldt,131,4,0,41.40692186,-118.11094270000001,32013.0,778.3257085140515,3.053435114503817,127,131,4,0,127,131,16786,0,0,0,0,0
2020-10-07,US,Nevada,Lander,83,1,0,39.933223299999995,-117.03970749999999,32015.0,1500.3615328994938,1.2048192771084338,82,83,1,0,82,83,5575,0,0,0,0,0
2020-10-07,US,Nevada,Lincoln,8,0,0,37.64268459,-114.8790388,32017.0,154.3507621068879,0.0,8,7,0,0,7,7,5201,1,0,0,1,0
2020-10-07,US,Nevada,Lyon,457,8,0,39.01777974,-119.18704790000001,32019.0,794.6444096678838,1.7505470459518602,449,456,7,0,449,450,55808,1,1,0,0,6
2020-10-07,US,Nevada,Mineral,14,0,0,38.53841696,-118.4344506,32021.0,310.7658157602664,0.0,14,14,0,0,14,14,4514,0,0,0,0,0
2020-10-07,US,Nevada,Nye,527,15,0,38.04264256,-116.47227020000001,32023.0,1132.7730369924554,2.8462998102466788,512,524,15,0,509,522,45346,3,0,0,3,2
2020-10-07,US,Nevada,Pershing,22,0,0,40.44003782,-118.40056409999998,32027.0,327.13754646840147,0.0,22,22,0,0,22,22,6666,0,0,0,0,0
2020-10-07,US,Nevada,Storey,15,0,0,39.44875482,-119.5250207,32029.0,363.81275770070334,0.0,15,11,0,0,11,11,4029,4,0,0,4,0
2020-10-07,US,Nevada,Washoe,10107,165,0,40.66562265,-119.6631594,32031.0,2143.4979290336128,1.632531908578213,9942,10010,165,0,9845,9913,465735,97,0,0,97,97
2020-10-07,US,Nevada,White Pine,76,1,0,39.44157041,-114.89996599999999,32033.0,793.3194154488518,1.3157894736842106,75,75,1,0,74,71,9475,1,0,0,1,4
2020-10-07,US,New Hampshire,Belknap,161,4,0,43.51637314,-71.41684235,33001.0,262.62988760745804,2.4844720496894412,157,161,4,0,157,156,61022,0,0,0,0,5
2020-10-07,US,New Hampshire,Carroll,127,2,0,43.87498583,-71.20430216,33003.0,259.6606011040687,1.5748031496062993,125,127,2,0,125,126,48779,0,0,0,0,1
2020-10-07,US,New Hampshire,Cheshire,155,3,0,42.92015988,-72.25311043,33005.0,203.71952421633702,1.935483870967742,152,155,3,0,152,154,76493,0,0,0,0,1
2020-10-07,US,New Hampshire,Coos,22,0,0,44.69063265,-71.30633239,33007.0,69.70186610905174,0.0,22,22,0,0,22,22,31589,0,0,0,0,0
2020-10-07,US,New Hampshire,Grafton,156,1,0,43.93779815,-71.82057197,33009.0,173.55316734530402,0.6410256410256411,155,156,1,0,155,155,89786,0,0,0,0,1
2020-10-07,US,New Hampshire,Hillsborough,4681,294,0,42.91537785,-71.7200253,33011.0,1122.4746717822673,6.280709250160223,4387,4681,294,0,4387,4642,415247,0,0,0,0,39
2020-10-07,US,New Hampshire,Merrimack,621,24,0,43.29662971,-71.6811573,33013.0,410.1961146963822,3.864734299516908,597,621,24,0,597,616,151132,0,0,0,0,5
2020-10-07,US,New Hampshire,Rockingham,2142,104,0,42.98499744,-71.12883377,33015.0,691.4830083061896,4.855275443510737,2038,2142,104,0,2038,2125,309176,0,0,0,0,17
2020-10-07,US,New Hampshire,Strafford,598,13,0,43.291833000000004,-71.02336013,33017.0,457.7710073258672,2.1739130434782608,585,598,13,0,585,587,130090,0,0,0,0,11
2020-10-07,US,New Hampshire,Sullivan,62,1,0,43.36094111,-72.22203125,33019.0,143.69814119501228,1.6129032258064515,61,62,1,0,61,59,43144,0,0,0,0,3
2020-10-07,US,New Hampshire,Unassigned,6,0,0,0.0,0.0,90033.0,0.0,0.0,6,6,0,0,6,3,,0,0,0,0,3
2020-10-07,US,New Jersey,Atlantic,4298,257,0,39.47538693,-74.65848483,34001.0,1630.0678878901658,5.979525360632852,4041,4286,257,0,4029,4257,265429,12,0,0,12,29
2020-10-07,US,New Jersey,Bergen,22876,2050,0,40.96010917,-74.07164325,34003.0,2453.974567743901,8.961356880573527,20826,22827,2048,0,20779,22774,936692,49,2,0,47,53
2020-10-07,US,New Jersey,Burlington,7367,502,0,39.87681124,-74.66927768,34005.0,1654.2082726131641,6.814171304465861,6865,7343,502,0,6841,7327,445384,24,0,0,24,16
2020-10-07,US,New Jersey,Camden,10199,612,0,39.80343818,-74.96388753,34007.0,2013.738200212845,6.000588292969898,9587,10170,612,0,9558,10149,507078,29,0,0,29,21
2020-10-07,US,New Jersey,Cape May,1054,97,0,39.15008829,-74.80170244,34009.0,1145.1667228022902,9.20303605313093,957,1055,97,0,958,1046,92560,-1,0,0,-1,9
2020-10-07,US,New Jersey,Cumberland,3825,160,0,39.37199394,-75.10712559,34011.0,2558.066436162031,4.183006535947713,3665,3820,160,0,3660,3815,150972,5,0,0,5,5
2020-10-07,US,New Jersey,Essex,21453,2130,0,40.78681335,-74.24657979,34013.0,2685.065239838543,9.928681303314221,19323,21407,2130,0,19277,21365,799767,46,0,0,46,42
2020-10-07,US,New Jersey,Gloucester,4830,230,0,39.71581067,-75.13995546,34015.0,1656.1741348804676,4.761904761904762,4600,4812,230,0,4582,4796,291408,18,0,0,18,16
2020-10-07,US,New Jersey,Hudson,20989,1518,0,40.73766234,-74.07515667,34017.0,3121.546838074871,7.232359807518224,19471,20954,1519,0,19435,20914,676061,35,-1,0,36,40
2020-10-07,US,New Jersey,Hunterdon,1410,125,0,40.56335249,-74.91284156,34019.0,1133.7048025665147,8.865248226950357,1285,1400,125,0,1275,1398,124714,10,0,0,10,2
2020-10-07,US,New Jersey,Mercer,8752,636,0,40.28047017,-74.70479631,34021.0,2381.950303459162,7.2669104204753205,8116,8742,636,0,8106,8732,369811,10,0,0,10,10
2020-10-07,US,New Jersey,Middlesex,20033,1430,0,40.43629879,-74.41426991,34023.0,2428.0599518581635,7.138221933809215,18603,19990,1430,0,18560,19943,829685,43,0,0,43,47
2020-10-07,US,New Jersey,Monmouth,12467,868,0,40.26549699,-74.22240686,34025.0,2014.7221616205688,6.962380685008423,11599,12386,868,0,11518,12280,621354,81,0,0,81,106
2020-10-07,US,New Jersey,Morris,8025,831,0,40.86095313,-74.54553709999998,34027.0,1631.6115849505436,10.355140186915886,7194,8011,831,0,7180,7999,494228,14,0,0,14,12
2020-10-07,US,New Jersey,Ocean,14538,1054,0,39.8895449,-74.28089251,34029.0,2394.3239798019063,7.249965607373779,13484,14489,1052,0,13437,14363,601651,49,2,0,47,126
2020-10-07,US,New Jersey,Passaic,19343,1256,0,41.03238628,-74.29954144,34031.0,3854.5232809778695,6.49330507160213,18087,19315,1256,0,18059,19269,503310,28,0,0,28,46
2020-10-07,US,New Jersey,Salem,1103,88,0,39.58719656,-75.34696629999998,34033.0,1768.0532179209747,7.978241160471442,1015,1094,88,0,1006,1090,62607,9,0,0,9,4
2020-10-07,US,New Jersey,Somerset,5935,579,0,40.56465737,-74.61683016,34035.0,1804.3133272936207,9.755686604886268,5356,5934,578,0,5356,5911,331164,1,1,0,0,23
2020-10-07,US,New Jersey,Sussex,1553,197,0,41.13891592,-74.69118243,34037.0,1105.4324924548716,12.685125563425627,1356,1547,197,0,1350,1539,140799,6,0,0,6,8
2020-10-07,US,New Jersey,Unassigned,357,0,0,0.0,0.0,90034.0,0.0,0.0,357,353,0,0,353,382,,4,0,0,4,-29
2020-10-07,US,New Jersey,Union,17978,1361,0,40.65835409,-74.30680092,34039.0,3231.471345811292,7.5703637779508295,16617,17944,1360,0,16584,17903,558067,34,1,0,33,41
2020-10-07,US,New Jersey,Warren,1465,171,0,40.85951833,-74.99556527,34041.0,1391.6992029790913,11.672354948805461,1294,1463,171,0,1292,1461,105779,2,0,0,2,2
2020-10-07,US,New Mexico,Bernalillo,7185,180,0,35.05163625,-106.6703554,35001.0,1057.9852485786773,2.5052192066805845,7005,7065,180,0,6885,6928,678701,120,0,0,120,137
2020-10-07,US,New Mexico,Catron,9,1,0,33.91514144,-108.4046587,35003.0,255.17436915225403,11.111111111111109,8,9,1,0,8,9,3578,0,0,0,0,0
2020-10-07,US,New Mexico,Chaves,1403,13,0,33.36406072,-104.4665365,35005.0,2171.3224483479066,0.9265858873841768,1390,1368,13,0,1355,1356,64689,35,0,0,35,12
2020-10-07,US,New Mexico,Cibola,446,21,0,34.91131525,-107.998876,35006.0,1671.9775070290536,4.708520179372197,425,446,21,0,425,446,26746,0,0,0,0,0
2020-10-07,US,New Mexico,Colfax,40,1,0,36.60569702,-104.64726740000002,35007.0,334.98031990620547,2.5,39,39,1,0,38,39,12110,1,0,0,1,0
2020-10-07,US,New Mexico,Curry,950,7,0,34.57421077,-103.34688759999999,35009.0,1940.5972954201904,0.7368421052631579,943,930,7,0,923,919,49437,20,0,0,20,11
2020-10-07,US,New Mexico,De Baca,1,0,0,34.34274529,-104.4117842,35011.0,57.20823798627003,0.0,1,1,0,0,1,1,1781,0,0,0,0,0
2020-10-07,US,New Mexico,Dona Ana,3783,59,0,32.35275771,-106.83293870000001,35013.0,1733.7702513806455,1.5596087761036217,3724,3713,59,0,3654,3678,217522,70,0,0,70,35
2020-10-07,US,New Mexico,Eddy,961,13,0,32.47167456,-104.3053527,35015.0,1643.85904892234,1.352757544224766,948,934,13,0,921,911,57900,27,0,0,27,23
2020-10-07,US,New Mexico,Grant,134,2,0,32.73911281,-108.3827845,35017.0,496.3330617082746,1.492537313432836,132,132,2,0,130,131,27346,2,0,0,2,1
2020-10-07,US,New Mexico,Guadalupe,34,1,0,34.86319296,-104.790669,35019.0,790.6976744186046,2.9411764705882355,33,34,1,0,33,34,4341,0,0,0,0,0
2020-10-07,US,New Mexico,Harding,1,0,0,35.85751555,-103.82209379999999,35021.0,160.0,0.0,1,1,0,0,1,1,655,0,0,0,0,0
2020-10-07,US,New Mexico,Hidalgo,103,2,0,31.91383467,-108.7151824,35023.0,2453.549309194855,1.9417475728155342,101,102,2,0,100,102,4240,1,0,0,1,0
2020-10-07,US,New Mexico,Lea,1574,27,0,32.79215361,-103.4123733,35025.0,2214.7178837765578,1.7153748411689962,1547,1543,27,0,1516,1524,69611,31,0,0,31,19
2020-10-07,US,New Mexico,Lincoln,237,3,0,33.74526079,-105.4586166,35027.0,1210.913549969344,1.2658227848101269,234,226,3,0,223,225,19556,11,0,0,11,1
2020-10-07,US,New Mexico,Los Alamos,36,0,0,35.86631386,-106.31349850000001,35028.0,185.86400949971605,0.0,36,36,0,0,36,35,19101,0,0,0,0,1
2020-10-07,US,New Mexico,Luna,458,7,0,32.18179341,-107.75088259999998,35029.0,1931.7558732970601,1.5283842794759823,451,451,7,0,444,449,23963,7,0,0,7,2
2020-10-07,US,New Mexico,McKinley,4375,258,0,35.58007720000001,-108.262245,35031.0,6130.284305070971,5.897142857142858,4117,4367,257,0,4110,4356,72290,8,1,0,7,11
2020-10-07,US,New Mexico,Mora,7,0,0,36.01095101,-104.9497716,35033.0,154.83300154833,0.0,7,7,0,0,7,7,4506,0,0,0,0,0
2020-10-07,US,New Mexico,Otero,285,13,0,32.61348406,-105.7417604,35035.0,422.2847829308046,4.56140350877193,272,281,13,0,268,280,66781,4,0,0,4,1
2020-10-07,US,New Mexico,Quay,77,2,0,35.10403332,-103.54817270000001,35037.0,932.9940627650552,2.5974025974025974,75,77,2,0,75,77,8253,0,0,0,0,0
2020-10-07,US,New Mexico,Rio Arriba,406,14,0,36.51072137,-106.69316740000001,35039.0,1043.1386655019141,3.4482758620689653,392,404,14,0,390,404,39006,2,0,0,2,0
2020-10-07,US,New Mexico,Roosevelt,322,4,0,34.02097406,-103.4799493,35041.0,1740.5405405405404,1.2422360248447204,318,310,4,0,306,306,18743,12,0,0,12,4
2020-10-07,US,New Mexico,San Juan,3421,201,0,36.50838318,-108.32043700000001,35045.0,2759.8057406540925,5.875475007307805,3220,3411,200,0,3211,3392,125043,10,1,0,9,19
2020-10-07,US,New Mexico,San Miguel,107,0,0,35.48014807,-104.8163562,35047.0,392.27187740587306,0.0,107,105,0,0,105,104,27591,2,0,0,2,1
2020-10-07,US,New Mexico,Sandoval,1442,42,0,35.68862401,-106.86878030000001,35043.0,982.6369013547034,2.9126213592233015,1400,1425,42,0,1383,1419,145179,17,0,0,17,6
2020-10-07,US,New Mexico,Santa Fe,1124,7,0,35.50708973,-105.9774716,35049.0,747.5491826174863,0.6227758007117438,1117,1093,7,0,1086,1083,150056,31,0,0,31,10
2020-10-07,US,New Mexico,Sierra,50,1,0,33.13028233,-107.1925893,35051.0,463.3490872022982,2.0,49,50,1,0,49,50,10968,0,0,0,0,0
2020-10-07,US,New Mexico,Socorro,124,6,0,34.00715494,-106.9298354,35053.0,745.3266814930577,4.838709677419356,118,118,6,0,112,117,16735,6,0,0,6,1
2020-10-07,US,New Mexico,Taos,149,4,0,36.58006022,-105.63101979999999,35055.0,455.3372245820981,2.684563758389262,145,148,4,0,144,148,32835,1,0,0,1,0
2020-10-07,US,New Mexico,Torrance,84,1,0,34.64048375,-105.8508949,35057.0,543.3025030722463,1.1904761904761905,83,83,1,0,82,80,15591,1,0,0,1,3
2020-10-07,US,New Mexico,Unassigned,1388,0,0,0.0,0.0,90035.0,0.0,0.0,1388,1387,0,0,1387,1384,,1,0,0,1,3
2020-10-07,US,New Mexico,Union,32,2,0,36.48126404,-103.4709624,35059.0,788.3715200788373,6.25,30,31,2,0,29,31,4118,1,0,0,1,0
2020-10-07,US,New Mexico,Valencia,624,4,0,34.71669834,-106.8103733,35061.0,813.6866263300647,0.6410256410256411,620,620,4,0,616,606,76456,4,0,0,4,14
2020-10-07,US,New York,Albany,3233,135,0,42.60060306,-73.97723916,36001.0,1058.244355266345,4.1756882152799255,3098,3218,135,0,3083,3201,307117,15,0,0,15,17
2020-10-07,US,New York,Allegany,130,1,0,42.25748406,-78.02750466,36003.0,282.0507257382136,0.7692307692307693,129,128,1,0,127,125,46430,2,0,0,2,3
2020-10-07,US,New York,Bronx,53556,4963,0,40.85209301,-73.86282755,36005.0,3776.317561540735,9.266935544103367,48593,53501,4959,0,48542,53417,1432132,55,4,0,51,84
2020-10-07,US,New York,Broome,2131,82,0,42.15903158,-75.81326086,36007.0,1118.7056402503044,3.8479587048334114,2049,2026,82,0,1944,1974,191659,105,0,0,105,52
2020-10-07,US,New York,Cattaraugus,316,6,0,42.24778241,-78.67923096,36009.0,415.1503606290317,1.8987341772151896,310,311,6,0,305,307,76840,5,0,0,5,4
2020-10-07,US,New York,Cayuga,234,2,0,42.91261714,-76.55731592,36011.0,305.57877141663187,0.8547008547008547,232,232,2,0,230,231,77145,2,0,0,2,1
2020-10-07,US,New York,Chautauqua,641,9,0,42.22769210000001,-79.36691763,36013.0,505.11020228048193,1.4040561622464898,632,636,9,0,627,632,127939,5,0,0,5,4
2020-10-07,US,New York,Chemung,816,3,0,42.13891056,-76.7638805,36015.0,977.7607361963188,0.36764705882352944,813,785,3,0,782,747,84254,31,0,0,31,38
2020-10-07,US,New York,Chenango,265,7,0,42.49430041,-75.60887553,36017.0,561.3574258054948,2.641509433962264,258,263,7,0,256,262,47536,2,0,0,2,1
2020-10-07,US,New York,Clinton,173,5,0,44.74530905,-73.67875352,36019.0,214.9468845126421,2.8901734104046244,168,173,5,0,168,170,80695,0,0,0,0,3
2020-10-07,US,New York,Columbia,611,37,0,42.24819348,-73.63089095,36021.0,1027.5642858344124,6.055646481178397,574,609,37,0,572,608,59916,2,0,0,2,1
2020-10-07,US,New York,Cortland,240,0,0,42.59509207,-76.07048931,36023.0,504.4030180113912,0.0,240,237,0,0,237,223,47823,3,0,0,3,14
2020-10-07,US,New York,Delaware,143,7,0,42.19837623,-74.96709306,36025.0,324.0058910162003,4.895104895104895,136,143,7,0,136,141,44527,0,0,0,0,2
2020-10-07,US,New York,Dutchess,5214,157,0,41.76486060000001,-73.74356679,36027.0,1772.1553405977884,3.0111238971998464,5057,5205,157,0,5048,5187,293718,9,0,0,9,18
2020-10-07,US,New York,Erie,11898,694,0,42.76249024,-78.73063652,36029.0,1295.0880699073255,5.832913094637754,11204,11864,694,0,11170,11798,919719,34,0,0,34,66
2020-10-07,US,New York,Essex,174,0,0,44.11630765,-73.77297842,36031.0,471.73647824318834,0.0,174,172,0,0,172,171,37300,2,0,0,2,1
2020-10-07,US,New York,Franklin,70,0,0,44.59040891,-74.29926032,36033.0,139.93842709207948,0.0,70,70,0,0,70,70,50293,0,0,0,0,0
2020-10-07,US,New York,Fulton,350,24,0,43.11363907,-74.41798804,36035.0,655.6394357754341,6.857142857142858,326,350,24,0,326,348,53591,0,0,0,0,2
2020-10-07,US,New York,Genesee,352,5,0,43.0022601,-78.19135193,36037.0,614.5251396648042,1.4204545454545454,347,351,5,0,346,346,57511,1,0,0,1,5
2020-10-07,US,New York,Greene,366,18,0,42.275797,-74.12384884,36039.0,775.6209205730272,4.918032786885246,348,353,18,0,335,348,47491,13,0,0,13,5
2020-10-07,US,New York,Hamilton,15,0,0,43.66146647,-74.49721957,36041.0,339.67391304347825,0.0,15,15,0,0,15,15,4434,0,0,0,0,0
2020-10-07,US,New York,Herkimer,353,10,0,43.42034246,-74.96145307,36043.0,575.6780117092583,2.8328611898016995,343,349,10,0,339,348,61833,4,0,0,4,1
2020-10-07,US,New York,Jefferson,176,0,0,44.04200959,-75.94653457,36045.0,160.2418194730229,0.0,176,176,0,0,176,176,111755,0,0,0,0,0
2020-10-07,US,New York,Kings,70616,7345,0,40.636182500000004,-73.94935552,36047.0,2758.542022881336,10.401325478645068,63271,70354,7342,0,63012,70131,2582830,262,3,0,259,223
2020-10-07,US,New York,Lewis,53,0,0,43.784415700000004,-75.44903992,36049.0,201.5515667782172,0.0,53,53,0,0,53,53,26447,0,0,0,0,0
2020-10-07,US,New York,Livingston,213,8,0,42.72596275,-77.77966158,36051.0,338.5573958101536,3.755868544600939,205,212,8,0,204,211,63227,1,0,0,1,1
2020-10-07,US,New York,Madison,505,17,0,42.91653905,-75.67266639,36053.0,711.8591505617343,3.366336633663366,488,505,17,0,488,503,70795,0,0,0,0,2
2020-10-07,US,New York,Monroe,6266,299,0,43.14638895,-77.69322942,36055.0,844.7362389959152,4.771784232365144,5967,6248,299,0,5949,6220,742474,18,0,0,18,28
2020-10-07,US,New York,Montgomery,241,4,0,42.90123494,-74.44011632,36057.0,489.62841063773595,1.6597510373443984,237,241,4,0,237,238,49455,0,0,0,0,3
2020-10-07,US,New York,Nassau,47516,2201,0,40.74066522,-73.58941873,36059.0,3501.743649607495,4.632123916154558,45315,47392,2201,0,45191,47302,1358343,124,0,0,124,90
2020-10-07,US,New York,New York,34051,3183,0,40.76727260000001,-73.97152637,36061.0,2090.6781211587604,9.347743091245484,30868,34005,3183,0,30822,33935,,46,0,0,46,70
2020-10-07,US,New York,Niagara,1842,101,0,43.19898042,-78.74777412,36063.0,880.1563448186888,5.483170466883823,1741,1840,101,0,1739,1834,210433,2,0,0,2,6
2020-10-07,US,New York,Oneida,2490,125,0,43.24375382,-75.43710392,36065.0,1088.9006476553652,5.020080321285142,2365,2483,125,0,2358,2480,229577,7,0,0,7,3
2020-10-07,US,New York,Onondaga,4636,207,0,43.00491923,-76.19971155,36067.0,1006.6706041760762,4.465056082830026,4429,4593,207,0,4386,4556,461809,43,0,0,43,37
2020-10-07,US,New York,Ontario,502,35,0,42.85145728,-77.30874425,36069.0,457.2906893065032,6.9721115537848615,467,500,35,0,465,491,109864,2,0,0,2,9
2020-10-07,US,New York,Orange,12563,499,0,41.40337468,-74.30240757,36071.0,3263.625500077935,3.971981214678023,12064,12493,499,0,11994,12438,381951,70,0,0,70,55
2020-10-07,US,New York,Orleans,340,54,0,43.2516977,-78.2320066,36073.0,842.5852498017447,15.882352941176471,286,338,54,0,284,337,40612,2,0,0,2,1
2020-10-07,US,New York,Oswego,531,3,0,43.42778894,-76.14635194,36075.0,453.3656637409924,0.5649717514124294,528,529,3,0,526,523,117898,2,0,0,2,6
2020-10-07,US,New York,Otsego,353,5,0,42.63492579,-75.03151402,36077.0,593.3471164674836,1.4164305949008498,348,353,5,0,348,347,59749,0,0,0,0,6
2020-10-07,US,New York,Putnam,1661,63,0,41.42630093,-73.74965532,36079.0,1689.3816110659072,3.7928958458759774,1598,1656,63,0,1593,1652,98892,5,0,0,5,4
2020-10-07,US,New York,Queens,73537,7273,0,40.71088124,-73.81684712,36081.0,3262.7166396463317,9.890259325237636,66264,73383,7267,0,66116,73245,2278906,154,6,0,148,138
2020-10-07,US,New York,Rensselaer,957,42,0,42.71348136,-73.51089874,36083.0,602.9713824867372,4.38871473354232,915,952,42,0,910,945,159442,5,0,0,5,7
2020-10-07,US,New York,Richmond,16240,1088,0,40.58582155,-74.14808598,36085.0,3410.7400507830625,6.699507389162562,15152,16209,1088,0,15121,16157,476179,31,0,0,31,52
2020-10-07,US,New York,Rockland,16256,677,0,41.15027894,-74.02560498,36087.0,4989.73261835114,4.164616141732283,15579,16190,677,0,15513,16071,325695,66,0,0,66,119
2020-10-07,US,New York,Saratoga,1111,17,0,43.10904162,-73.86653895,36091.0,483.33137564549315,1.53015301530153,1094,1103,17,0,1086,1100,230163,8,0,0,8,3
2020-10-07,US,New York,Schenectady,1432,48,0,42.81668777,-74.05278291,36093.0,922.0922221005933,3.35195530726257,1384,1430,48,0,1382,1429,155350,2,0,0,2,1
2020-10-07,US,New York,Schoharie,87,0,0,42.58831742,-74.44339029999998,36095.0,280.6542146520856,0.0,87,87,0,0,87,87,31097,0,0,0,0,0
2020-10-07,US,New York,Schuyler,59,0,0,42.39184015,-76.8773299,36097.0,331.33037569495144,0.0,59,58,0,0,58,57,17912,1,0,0,1,1
2020-10-07,US,New York,Seneca,112,3,0,42.78081007,-76.82497064,36099.0,329.2568203198495,2.6785714285714284,109,112,3,0,109,111,34300,0,0,0,0,1
2020-10-07,US,New York,St. Lawrence,337,4,0,44.4976179,-75.06550039,36089.0,312.7900501206608,1.1869436201780414,333,337,4,0,333,336,108047,0,0,0,0,1
2020-10-07,US,New York,Steuben,585,42,0,42.2689144,-77.3829924,36101.0,613.3425596829492,7.17948717948718,543,570,42,0,528,540,95796,15,0,0,15,30
2020-10-07,US,New York,Suffolk,47089,2011,0,40.88320119,-72.8012172,36103.0,3189.0131457313123,4.2706364543736335,45078,46980,2011,0,44969,46891,1481093,109,0,0,109,89
2020-10-07,US,New York,Sullivan,1629,48,0,41.71579493,-74.76394559,36105.0,2159.56092904868,2.9465930018416207,1581,1623,48,0,1575,1616,75498,6,0,0,6,7
2020-10-07,US,New York,Tioga,291,25,0,42.16852837,-76.30835812,36107.0,603.6968653403317,8.59106529209622,266,284,25,0,259,278,48560,7,0,0,7,6
2020-10-07,US,New York,Tompkins,458,0,0,42.44945765,-76.47229843,36109.0,448.2286161675474,0.0,458,455,0,0,455,451,102793,3,0,0,3,4
2020-10-07,US,New York,Ulster,2335,95,0,41.89027881,-74.26252104,36111.0,1314.9521605198986,4.0685224839400425,2240,2329,95,0,2234,2324,178599,6,0,0,6,5
2020-10-07,US,New York,Unassigned,0,21,0,0.0,0.0,90036.0,0.0,0.0,-21,0,27,0,-27,0,,0,-6,0,6,0
2020-10-07,US,New York,Warren,425,33,0,43.56173026,-73.8433699,36113.0,664.6440635556113,7.764705882352941,392,419,33,0,386,416,64265,6,0,0,6,3
2020-10-07,US,New York,Washington,311,14,0,43.31153794,-73.43043448,36115.0,508.1367230899941,4.501607717041801,297,310,14,0,296,307,61197,1,0,0,1,3
2020-10-07,US,New York,Wayne,339,5,0,43.15494365,-77.02976528,36117.0,377.01016481683314,1.4749262536873156,334,337,5,0,332,335,90064,2,0,0,2,2
2020-10-07,US,New York,Westchester,38628,1454,0,41.16278376,-73.75741653,36119.0,3992.533379637956,3.76410893652273,37174,38567,1454,0,37113,38515,967612,61,0,0,61,52
2020-10-07,US,New York,Wyoming,147,5,0,42.70145109,-78.22199579,36121.0,368.8000200707494,3.4013605442176873,142,144,5,0,139,142,40085,3,0,0,3,2
2020-10-07,US,New York,Yates,67,7,0,42.63505484,-77.10369919,36123.0,268.9358969212861,10.447761194029852,60,67,7,0,60,66,24841,0,0,0,0,1
2020-10-07,US,North Carolina,Alamance,4204,59,0,36.0434701,-79.39976137,37001.0,2480.1043012465416,1.4034253092293054,4145,4172,59,0,4113,4155,166436,32,0,0,32,17
2020-10-07,US,North Carolina,Alexander,571,8,0,35.922379600000006,-81.17751948,37003.0,1522.7884897458466,1.4010507880910683,563,559,8,0,551,557,37353,12,0,0,12,2
2020-10-07,US,North Carolina,Alleghany,245,0,0,36.49360862,-81.12857041,37005.0,2199.874292897549,0.0,245,244,0,0,244,246,11161,1,0,0,1,-2
2020-10-07,US,North Carolina,Anson,655,6,0,34.97403241,-80.09953279,37007.0,2679.3749488668905,0.916030534351145,649,653,6,0,647,647,24877,2,0,0,2,6
2020-10-07,US,North Carolina,Ashe,294,1,0,36.43296207,-81.49862729,37009.0,1080.763151123038,0.3401360544217687,293,294,1,0,293,294,27109,0,0,0,0,0
2020-10-07,US,North Carolina,Avery,435,0,0,36.07569796,-81.92308483,37011.0,2477.6442444608992,0.0,435,431,0,0,431,420,17505,4,0,0,4,11
2020-10-07,US,North Carolina,Beaufort,1036,27,0,35.48531943,-76.84325809,37013.0,2204.53674937226,2.606177606177606,1009,1031,27,0,1004,1020,47079,5,0,0,5,11
2020-10-07,US,North Carolina,Bertie,634,11,0,36.0688473,-76.96545943,37015.0,3346.17617564786,1.7350157728706626,623,625,11,0,614,627,19026,9,0,0,9,-2
2020-10-07,US,North Carolina,Bladen,955,18,0,34.61296243,-78.56180059,37017.0,2918.5257624839555,1.8848167539267016,937,950,17,0,933,944,33190,5,1,0,4,6
2020-10-07,US,North Carolina,Brunswick,1779,27,0,34.070565,-78.22814204,37019.0,1245.623862204173,1.5177065767284992,1752,1756,27,0,1729,1741,136744,23,0,0,23,15
2020-10-07,US,North Carolina,Buncombe,3407,88,0,35.61113393,-82.53305,37021.0,1304.4094168635213,2.582917522747285,3319,3381,88,0,3293,3355,259103,26,0,0,26,26
2020-10-07,US,North Carolina,Burke,2266,43,0,35.74989637,-81.70755735,37023.0,2504.2824777587443,1.897616946160636,2223,2253,43,0,2210,2242,90382,13,0,0,13,11
2020-10-07,US,North Carolina,Cabarrus,4252,79,0,35.3877799,-80.55267168,37025.0,1964.3987378322315,1.8579492003762932,4173,4232,78,0,4154,4216,211342,20,1,0,19,16
2020-10-07,US,North Carolina,Caldwell,1847,18,0,35.95204977,-81.54799522,37027.0,2247.5601742558842,0.9745533297238764,1829,1838,18,0,1820,1818,82029,9,0,0,9,20
2020-10-07,US,North Carolina,Camden,125,3,0,36.33804939,-76.15568396,37029.0,1150.2714640655195,2.4,122,124,3,0,121,121,10710,1,0,0,1,3
2020-10-07,US,North Carolina,Carteret,817,5,0,34.8932941,-76.54120135,37031.0,1175.9964302678736,0.6119951040391677,812,803,5,0,798,794,69524,14,0,0,14,9
2020-10-07,US,North Carolina,Caswell,468,5,0,36.39312665,-79.33353281,37033.0,2070.430012387188,1.0683760683760684,463,467,5,0,462,466,22698,1,0,0,1,1
2020-10-07,US,North Carolina,Catawba,3446,55,0,35.66211129,-81.2132617,37035.0,2159.810969533253,1.5960533952408589,3391,3433,55,0,3378,3399,158652,13,0,0,13,34
2020-10-07,US,North Carolina,Chatham,1755,59,0,35.70394416,-79.25541492,37037.0,2356.6536860480733,3.3618233618233617,1696,1749,59,0,1690,1735,73139,6,0,0,6,14
2020-10-07,US,North Carolina,Cherokee,679,12,0,35.1349263,-84.05970864,37039.0,2373.130155179645,1.7673048600883652,667,679,12,0,667,677,28383,0,0,0,0,2
2020-10-07,US,North Carolina,Chowan,410,4,0,36.12908077,-76.60118385,37041.0,2940.543641970881,0.975609756097561,406,400,4,0,396,396,14029,10,0,0,10,4
2020-10-07,US,North Carolina,Clay,134,2,0,35.05704275,-83.74353633,37043.0,1193.1261686403705,1.492537313432836,132,134,2,0,132,133,11139,0,0,0,0,1
2020-10-07,US,North Carolina,Cleveland,2514,72,0,35.33553364,-81.55204486,37045.0,2566.694232595179,2.863961813842482,2442,2467,72,0,2395,2446,97645,47,0,0,47,21
2020-10-07,US,North Carolina,Columbus,1460,57,0,34.26744084,-78.65801424,37047.0,2630.25149527996,3.904109589041096,1403,1443,57,0,1386,1429,55655,17,0,0,17,14
2020-10-07,US,North Carolina,Craven,1864,45,0,35.11833364,-77.08398081,37049.0,1824.9640196203213,2.4141630901287554,1819,1852,44,0,1808,1819,102912,12,1,0,11,33
2020-10-07,US,North Carolina,Cumberland,5952,80,0,35.04762133,-78.82623165,37051.0,1774.0209651603982,1.3440860215053765,5872,5897,80,0,5817,5839,332330,55,0,0,55,58
2020-10-07,US,North Carolina,Currituck,196,4,0,36.36123664,-75.95876401,37053.0,705.9755790080322,2.0408163265306123,192,196,3,0,193,194,27072,0,1,0,-1,2
2020-10-07,US,North Carolina,Dare,295,3,0,35.66520691,-75.71767334,37055.0,797.1034072793103,1.0169491525423728,292,293,3,0,290,289,36501,2,0,0,2,4
2020-10-07,US,North Carolina,Davidson,3041,39,0,35.79115496,-80.21256572,37057.0,1814.341711960575,1.2824728707661954,3002,3015,38,0,2977,2998,166614,26,1,0,25,17
2020-10-07,US,North Carolina,Davie,612,6,0,35.93099927,-80.54496571,37059.0,1428.371376557905,0.9803921568627452,606,609,6,0,603,608,42733,3,0,0,3,1
2020-10-07,US,North Carolina,Duplin,2523,54,0,34.93449805,-77.93140529,37061.0,4295.126061864797,2.140309155766944,2469,2507,54,0,2453,2492,58856,16,0,0,16,15
2020-10-07,US,North Carolina,Durham,8053,97,0,36.03638492,-78.87608331,37063.0,2504.9146468919525,1.204520054638023,7956,8019,97,0,7922,7985,316739,34,0,0,34,34
2020-10-07,US,North Carolina,Edgecombe,1500,52,0,35.91230639,-77.59436892,37065.0,2914.205781784271,3.466666666666667,1448,1497,52,0,1445,1487,52005,3,0,0,3,10
2020-10-07,US,North Carolina,Forsyth,7417,104,0,36.12859861,-80.25459052,37067.0,1940.1247727540247,1.4021841714979102,7313,7382,104,0,7278,7363,379099,35,0,0,35,19
2020-10-07,US,North Carolina,Franklin,1295,31,0,36.081519,-78.28708884,37069.0,1858.3626318432944,2.393822393822394,1264,1282,31,0,1251,1270,67560,13,0,0,13,12
2020-10-07,US,North Carolina,Gaston,5760,92,0,35.29373559,-81.17477045,37071.0,2565.3701748994563,1.5972222222222223,5668,5660,89,0,5571,5588,222846,100,3,0,97,72
2020-10-07,US,North Carolina,Gates,150,3,0,36.44667547,-76.69749701,37073.0,1297.3533990659055,2.0,147,147,3,0,144,146,11573,3,0,0,3,1
2020-10-07,US,North Carolina,Graham,205,5,0,35.3506925,-83.83369267,37075.0,2428.6222011610002,2.4390243902439024,200,199,5,0,194,188,8484,6,0,0,6,11
2020-10-07,US,North Carolina,Granville,1796,50,0,36.30337451,-78.65184241,37077.0,2971.394537001803,2.783964365256125,1746,1792,50,0,1742,1791,60115,4,0,0,4,1
2020-10-07,US,North Carolina,Greene,708,5,0,35.48544173,-77.67578087,37079.0,3360.3872988751245,0.7062146892655368,703,705,5,0,700,702,21012,3,0,0,3,3
2020-10-07,US,North Carolina,Guilford,9301,190,0,36.07959451,-79.78824948,37081.0,1731.468760587817,2.0427910977314268,9111,9234,188,0,9046,9153,533670,67,2,0,65,81
2020-10-07,US,North Carolina,Halifax,1110,22,0,36.25669272,-77.6556109,37083.0,2219.5560887822435,1.981981981981982,1088,1102,22,0,1080,1095,50574,8,0,0,8,7
2020-10-07,US,North Carolina,Harnett,2451,56,0,35.36731853,-78.87243571,37085.0,1802.5239748190854,2.284781721746226,2395,2421,56,0,2365,2401,134214,30,0,0,30,20
2020-10-07,US,North Carolina,Haywood,637,31,0,35.55269063,-82.98196486,37087.0,1022.19298104851,4.8665620094191535,606,636,31,0,605,635,61971,1,0,0,1,1
2020-10-07,US,North Carolina,Henderson,2136,64,0,35.33788927,-82.4766782,37089.0,1819.1573622218245,2.9962546816479403,2072,2130,64,0,2066,2112,116748,6,0,0,6,18
2020-10-07,US,North Carolina,Hertford,810,33,0,36.3607755,-76.98104134,37091.0,3421.04151708409,4.0740740740740735,777,806,33,0,773,801,23659,4,0,0,4,5
2020-10-07,US,North Carolina,Hoke,1325,18,0,35.01888303,-79.23651674,37093.0,2398.884744903501,1.3584905660377358,1307,1314,18,0,1296,1305,54764,11,0,0,11,9
2020-10-07,US,North Carolina,Hyde,145,5,0,35.42017674,-76.15180542,37095.0,2937.0062791168725,3.4482758620689653,140,145,5,0,140,145,5230,0,0,0,0,0
2020-10-07,US,North Carolina,Iredell,3246,33,0,35.80950511,-80.8743128,37097.0,1785.4196231147491,1.0166358595194085,3213,3228,33,0,3195,3208,178435,18,0,0,18,20
2020-10-07,US,North Carolina,Jackson,714,7,0,35.28814273,-83.14093385,37099.0,1625.0170695070324,0.9803921568627452,707,711,7,0,704,706,43327,3,0,0,3,5
2020-10-07,US,North Carolina,Johnston,4785,57,0,35.51745004,-78.36622717,37101.0,2285.766149642446,1.1912225705329154,4728,4770,57,0,4713,4726,202675,15,0,0,15,44
2020-10-07,US,North Carolina,Jones,161,14,0,35.02254606,-77.35870791,37103.0,1709.3109671939694,8.695652173913043,147,160,14,0,146,162,9637,1,0,0,1,-2
2020-10-07,US,North Carolina,Lee,1777,15,0,35.47623147,-79.17569362,37105.0,2876.3819420838795,0.8441193021947102,1762,1764,15,0,1749,1736,61452,13,0,0,13,28
2020-10-07,US,North Carolina,Lenoir,1079,33,0,35.24032589999999,-77.64245615,37107.0,1928.5420650949973,3.0583873957367933,1046,1069,33,0,1036,1065,55976,10,0,0,10,4
2020-10-07,US,North Carolina,Lincoln,1857,15,0,35.48508185,-81.21740317,37109.0,2156.5189116373053,0.8077544426494345,1842,1828,15,0,1813,1811,83770,29,0,0,29,17
2020-10-07,US,North Carolina,Macon,659,2,0,35.14867843,-83.41696617,37113.0,1837.8046739918566,0.30349013657056145,657,658,2,0,656,658,35285,1,0,0,1,0
2020-10-07,US,North Carolina,Madison,121,1,0,35.85402722,-82.71346418,37115.0,556.1939783957711,0.8264462809917356,120,120,1,0,119,118,21763,1,0,0,1,2
2020-10-07,US,North Carolina,Martin,524,13,0,35.84326734,-77.10860251,37117.0,2335.115864527629,2.480916030534351,511,513,12,0,501,512,22671,11,1,0,10,1
2020-10-07,US,North Carolina,McDowell,1092,29,0,35.67736232,-82.0482425,37111.0,2386.5722528193023,2.655677655677656,1063,1085,27,0,1058,1080,45507,7,2,0,5,5
2020-10-07,US,North Carolina,Mecklenburg,29829,364,0,35.24469268,-80.8317671,37119.0,2686.435701702877,1.2202889805223105,29465,29701,363,0,29338,29593,1093901,128,1,0,127,108
2020-10-07,US,North Carolina,Mitchell,171,3,0,36.01059309,-82.1582442,37121.0,1142.7425821972736,1.7543859649122806,168,172,3,0,169,173,15000,-1,0,0,-1,-1
2020-10-07,US,North Carolina,Montgomery,1071,35,0,35.33155144,-79.90416657,37123.0,3941.412431457697,3.2679738562091503,1036,1070,35,0,1035,1070,27271,1,0,0,1,0
2020-10-07,US,North Carolina,Moore,1866,34,0,35.30885257,-79.48474178,37125.0,1849.7224425059478,1.8220793140407288,1832,1857,33,0,1824,1842,98682,9,1,0,8,15
2020-10-07,US,North Carolina,Nash,2665,48,0,35.96575634,-77.98422508,37127.0,2826.14689601052,1.801125703564728,2617,2638,45,0,2593,2608,94016,27,3,0,24,30
2020-10-07,US,North Carolina,New Hanover,4547,33,0,34.25758282,-77.87075626,37129.0,1939.242471414619,0.725753243897075,4514,4516,33,0,4483,4481,232274,31,0,0,31,35
2020-10-07,US,North Carolina,Northampton,492,17,0,36.41736238,-77.39769443,37131.0,2525.278447877637,3.4552845528455283,475,485,17,0,468,486,19676,7,0,0,7,-1
2020-10-07,US,North Carolina,Onslow,2451,26,0,34.72607366,-77.42908179,37133.0,1238.2665279026767,1.0607915136678907,2425,2402,26,0,2376,2378,197683,49,0,0,49,24
2020-10-07,US,North Carolina,Orange,2777,57,0,36.06092947,-79.12167935,37135.0,1870.335946550284,2.052574720921858,2720,2765,57,0,2708,2760,146027,12,0,0,12,5
2020-10-07,US,North Carolina,Pamlico,278,2,0,35.15253315,-76.66559823,37137.0,2184.5041647021844,0.7194244604316546,276,277,2,0,275,273,12670,1,0,0,1,4
2020-10-07,US,North Carolina,Pasquotank,757,33,0,36.26723798,-76.25134778,37139.0,1900.863800723182,4.359313077939234,724,753,33,0,720,746,39639,4,0,0,4,7
2020-10-07,US,North Carolina,Pender,1079,8,0,34.52265624,-77.90352133,37141.0,1711.0688233428482,0.7414272474513438,1071,1067,8,0,1059,1047,62162,12,0,0,12,20
2020-10-07,US,North Carolina,Perquimans,198,3,0,36.17847453,-76.40603143,37143.0,1470.69746713214,1.5151515151515151,195,198,3,0,195,196,13422,0,0,0,0,2
2020-10-07,US,North Carolina,Person,473,8,0,36.38989032,-78.97217358,37145.0,1197.7715877437327,1.6913319238900637,465,470,8,0,462,466,39507,3,0,0,3,4
2020-10-07,US,North Carolina,Pitt,5281,33,0,35.59535426,-77.37353178,37147.0,2921.8443969857585,0.6248816512024238,5248,5174,33,0,5141,5133,179914,107,0,0,107,41
2020-10-07,US,North Carolina,Polk,337,11,0,35.27820615,-82.16812354,37149.0,1626.1339509747156,3.264094955489614,326,336,11,0,325,335,20611,1,0,0,1,1
2020-10-07,US,North Carolina,Randolph,3051,54,0,35.71015088,-79.80570339,37151.0,2123.6609659838377,1.7699115044247788,2997,3031,54,0,2977,3011,143351,20,0,0,20,20
2020-10-07,US,North Carolina,Richmond,1121,20,0,35.00417719,-79.74491009,37153.0,2500.6134421914385,1.7841213202497768,1101,1098,20,0,1078,1086,44887,23,0,0,23,12
2020-10-07,US,North Carolina,Robeson,4954,84,0,34.64244496,-79.10250529999998,37155.0,3792.535885167464,1.6955995155429957,4870,4905,84,0,4821,4856,131831,49,0,0,49,49
2020-10-07,US,North Carolina,Rockingham,1452,17,0,36.39593137,-79.77504841,37157.0,1595.4290737281617,1.1707988980716253,1435,1434,15,0,1419,1429,90690,18,2,0,16,5
2020-10-07,US,North Carolina,Rowan,3635,104,0,35.64003916,-80.52446628,37159.0,2558.273745847644,2.8610729023383774,3531,3622,104,0,3518,3602,141262,13,0,0,13,20
2020-10-07,US,North Carolina,Rutherford,1388,36,0,35.40114178,-81.92112099,37161.0,2070.7454982171894,2.5936599423631126,1352,1357,34,0,1323,1353,66826,31,2,0,29,4
2020-10-07,US,North Carolina,Sampson,2348,28,0,34.98820368,-78.36914061,37163.0,3695.833530087674,1.192504258943782,2320,2338,28,0,2310,2331,63626,10,0,0,10,7
2020-10-07,US,North Carolina,Scotland,1355,17,0,34.8386299,-79.4757978,37165.0,3891.106452631882,1.2546125461254614,1338,1331,17,0,1314,1316,34810,24,0,0,24,15
2020-10-07,US,North Carolina,Stanly,2146,56,0,35.31647813,-80.25093221,37167.0,3416.870999586027,2.60950605778192,2090,2128,56,0,2072,2117,62075,18,0,0,18,11
2020-10-07,US,North Carolina,Stokes,518,4,0,36.4017975,-80.23893369,37169.0,1136.189160141256,0.7722007722007722,514,499,4,0,495,490,45467,19,0,0,19,9
2020-10-07,US,North Carolina,Surry,1431,23,0,36.41689489,-80.69102283,37171.0,1993.5082122508115,1.607267645003494,1408,1424,23,0,1401,1411,71948,7,0,0,7,13
2020-10-07,US,North Carolina,Swain,168,3,0,35.48665845,-83.48748932,37173.0,1177.212528904772,1.7857142857142858,165,166,3,0,163,163,14245,2,0,0,2,3
2020-10-07,US,North Carolina,Transylvania,346,9,0,35.20383864,-82.79638423,37175.0,1006.2527264795696,2.601156069364162,337,344,9,0,335,341,34215,2,0,0,2,3
2020-10-07,US,North Carolina,Tyrrell,117,3,0,35.87147226,-76.17055253,37177.0,2913.346613545817,2.5641025641025643,114,116,3,0,113,116,4131,1,0,0,1,0
2020-10-07,US,North Carolina,Union,5186,59,0,34.98960527,-80.52955873,37179.0,2162.1035691802267,1.137678364828384,5127,5141,59,0,5082,5105,235908,45,0,0,45,36
2020-10-07,US,North Carolina,Vance,1095,45,0,36.36880673,-78.40670845,37181.0,2458.7403166049176,4.109589041095891,1050,1091,45,0,1046,1089,44582,4,0,0,4,2
2020-10-07,US,North Carolina,Wake,18579,258,0,35.78879266,-78.65249174,37183.0,1671.1325545688328,1.3886646213466818,18321,18463,257,0,18206,18345,1092305,116,1,0,115,118
2020-10-07,US,North Carolina,Warren,366,7,0,36.39728256,-78.10652228,37185.0,1854.9490649232168,1.9125683060109289,359,365,7,0,358,363,19807,1,0,0,1,2
2020-10-07,US,North Carolina,Washington,221,8,0,35.83810081,-76.57299037,37187.0,1908.4628670120896,3.619909502262444,213,220,8,0,212,219,11859,1,0,0,1,1
2020-10-07,US,North Carolina,Watauga,1095,2,0,36.23103603,-81.70033724,37189.0,1949.1962902967407,0.18264840182648398,1093,1089,2,0,1087,1041,55945,6,0,0,6,48
2020-10-07,US,North Carolina,Wayne,3678,73,0,35.36438125,-78.00027268,37191.0,2987.0625593879686,1.9847743338771069,3605,3620,73,0,3547,3582,123248,58,0,0,58,38
2020-10-07,US,North Carolina,Wilkes,1346,35,0,36.2084135,-81.16232895,37193.0,1967.4910834356547,2.600297176820208,1311,1336,35,0,1301,1331,68557,10,0,0,10,5
2020-10-07,US,North Carolina,Wilson,2402,57,0,35.70625477,-77.917978,37195.0,2936.3944206061046,2.373022481265612,2345,2389,57,0,2332,2374,81455,13,0,0,13,15
2020-10-07,US,North Carolina,Yadkin,790,9,0,36.16222629,-80.66239436,37197.0,2097.3265723312184,1.139240506329114,781,784,9,0,775,783,37543,6,0,0,6,1
2020-10-07,US,North Carolina,Yancey,224,0,0,35.90079156,-82.31237181,37199.0,1239.6922906635675,0.0,224,222,0,0,222,221,17903,2,0,0,2,1
2020-10-07,US,North Dakota,Adams,28,0,0,46.09686891,-102.5285397,38001.0,1263.5379061371839,0.0,28,28,0,0,28,27,2294,0,0,0,0,1
2020-10-07,US,North Dakota,Barnes,260,1,0,46.93579637,-98.06605978,38003.0,2496.399423907825,0.38461538461538464,259,259,0,0,259,255,10542,1,1,0,0,4
2020-10-07,US,North Dakota,Benson,372,7,0,48.0683985,-99.35916363,38005.0,5444.964871194379,1.8817204301075268,365,372,7,0,365,373,6962,0,0,0,0,-1
2020-10-07,US,North Dakota,Billings,20,0,0,47.02366884,-103.3762965,38007.0,2155.172413793104,0.0,20,19,0,0,19,18,919,1,0,0,1,1
2020-10-07,US,North Dakota,Bottineau,115,9,0,48.79106111,-100.8378166,38009.0,1830.6271887933774,7.826086956521738,106,111,5,0,106,109,6411,4,4,0,0,2
2020-10-07,US,North Dakota,Bowman,53,0,0,46.11285362,-103.5203343,38011.0,1752.6455026455026,0.0,53,51,0,0,51,49,3076,2,0,0,2,2
2020-10-07,US,North Dakota,Burke,40,1,0,48.79094471,-102.51821170000001,38013.0,1891.2529550827426,2.5,39,39,1,0,38,38,2100,1,0,0,1,1
2020-10-07,US,North Dakota,Burleigh,4266,55,0,46.97847375,-100.46452140000001,38015.0,4461.129818250267,1.2892639474917955,4211,4188,53,0,4135,4086,95273,78,2,0,76,102
2020-10-07,US,North Dakota,Cass,5946,78,0,46.93201724,-97.24447190000001,38017.0,3268.415758315331,1.311806256306761,5868,5812,78,0,5734,5728,181516,134,0,0,134,84
2020-10-07,US,North Dakota,Cavalier,56,0,0,48.77286211,-98.46685243,38019.0,1488.5699096225412,0.0,56,56,0,0,56,56,3829,0,0,0,0,0
2020-10-07,US,North Dakota,Dickey,151,0,0,46.11017712,-98.50490079999999,38021.0,3099.3431855500817,0.0,151,148,0,0,148,143,4903,3,0,0,3,5
2020-10-07,US,North Dakota,Divide,18,1,0,48.814938700000006,-103.48736109999999,38023.0,795.0530035335689,5.5555555555555545,17,11,1,0,10,9,2283,7,0,0,7,2
2020-10-07,US,North Dakota,Dunn,143,3,0,47.35423935,-102.61604679999999,38025.0,3232.3688969258587,2.097902097902098,140,133,3,0,130,131,4332,10,0,0,10,2
2020-10-07,US,North Dakota,Eddy,111,3,0,47.71701474,-98.90432337,38027.0,4853.519895059029,2.702702702702702,108,110,3,0,107,105,2313,1,0,0,1,5
2020-10-07,US,North Dakota,Emmons,229,5,0,46.28398398,-100.2389766,38029.0,7065.720456649185,2.183406113537118,224,229,2,0,227,223,3295,0,3,0,-3,6
2020-10-07,US,North Dakota,Foster,77,1,0,47.457108399999996,-98.88279923,38031.0,2398.753894080997,1.2987012987012987,76,76,1,0,75,74,3216,1,0,0,1,2
2020-10-07,US,North Dakota,Golden Valley,69,0,0,46.94022281,-103.8465421,38033.0,3918.228279386712,0.0,69,69,0,0,69,69,1769,0,0,0,0,0
2020-10-07,US,North Dakota,Grand Forks,2480,14,0,47.92093639,-97.45450447,38035.0,3570.862910541245,0.5645161290322581,2466,2463,13,0,2450,2432,70770,17,1,0,16,31
2020-10-07,US,North Dakota,Grant,43,1,0,46.35821257,-101.63900129999999,38037.0,1890.9410729991205,2.3255813953488373,42,41,1,0,40,40,2374,2,0,0,2,1
2020-10-07,US,North Dakota,Griggs,61,1,0,47.45785838,-98.23850925,38039.0,2734.199910354101,1.639344262295082,60,61,1,0,60,61,2232,0,0,0,0,0
2020-10-07,US,North Dakota,Hettinger,73,0,0,46.43375068,-102.4632417,38041.0,2921.168467386955,0.0,73,71,0,0,71,72,2514,2,0,0,2,-1
2020-10-07,US,North Dakota,Kidder,61,0,0,46.97830064,-99.77507857,38043.0,2459.6774193548385,0.0,61,61,0,0,61,61,2450,0,0,0,0,0
2020-10-07,US,North Dakota,LaMoure,112,0,0,46.45681054,-98.53542355,38045.0,2768.166089965398,0.0,112,94,0,0,94,89,4062,18,0,0,18,5
2020-10-07,US,North Dakota,Logan,79,0,0,46.45729487,-99.47719806,38047.0,4270.27027027027,0.0,79,78,0,0,78,79,1903,1,0,0,1,-1
2020-10-07,US,North Dakota,McHenry,112,6,0,48.23104458,-100.6324822,38049.0,1949.521322889469,5.357142857142857,106,106,3,0,103,98,5816,6,3,0,3,8
2020-10-07,US,North Dakota,McIntosh,101,3,0,46.11182017,-99.44145858,38051.0,4044.853824589507,2.9702970297029703,98,92,3,0,89,88,2585,9,0,0,9,4
2020-10-07,US,North Dakota,McKenzie,298,2,0,47.74133370000001,-103.395905,38053.0,1983.493077742279,0.6711409395973155,296,290,2,0,288,281,13632,8,0,0,8,9
2020-10-07,US,North Dakota,McLean,337,4,0,47.60766714,-101.3182418,38055.0,3566.137566137566,1.1869436201780414,333,333,4,0,329,327,9541,4,0,0,4,6
2020-10-07,US,North Dakota,Mercer,211,1,0,47.31213126,-101.8318399,38057.0,2577.256626358861,0.4739336492890995,210,208,1,0,207,201,8267,3,0,0,3,7
2020-10-07,US,North Dakota,Morton,1501,41,0,46.71681782,-101.2822377,38059.0,4785.741614589976,2.731512325116589,1460,1466,36,0,1430,1438,31095,35,5,0,30,28
2020-10-07,US,North Dakota,Mountrail,314,2,0,48.20197971,-102.3555315,38061.0,2977.714556661925,0.6369426751592356,312,305,2,0,303,291,10218,9,0,0,9,14
2020-10-07,US,North Dakota,Nelson,117,0,0,47.9226426,-98.19038437,38063.0,4063.9110802361934,0.0,117,113,0,0,113,96,2869,4,0,0,4,17
2020-10-07,US,North Dakota,Oliver,25,0,0,47.11530482,-101.3406158,38065.0,1276.161306789178,0.0,25,24,0,0,24,25,1952,1,0,0,1,-1
2020-10-07,US,North Dakota,Pembina,131,0,0,48.76623521,-97.5523809,38067.0,1926.1873253933245,0.0,131,120,0,0,120,113,6947,11,0,0,11,7
2020-10-07,US,North Dakota,Pierce,37,0,0,48.24977025,-99.96407787,38069.0,930.8176100628932,0.0,37,36,0,0,36,36,4081,1,0,0,1,0
2020-10-07,US,North Dakota,Ramsey,297,2,0,48.26886249,-98.72223879,38071.0,2578.348815001303,0.6734006734006734,295,297,2,0,295,284,11481,0,0,0,0,13
2020-10-07,US,North Dakota,Ransom,89,0,0,46.45621782,-97.65742504,38073.0,1705.6343426600229,0.0,89,87,0,0,87,86,5237,2,0,0,2,1
2020-10-07,US,North Dakota,Renville,79,1,0,48.71982533,-101.6603912,38075.0,3394.9290932531158,1.2658227848101269,78,76,1,0,75,74,2374,3,0,0,3,2
2020-10-07,US,North Dakota,Richland,268,2,0,46.26440649,-96.94852979,38077.0,1656.6730543364035,0.746268656716418,266,265,2,0,263,262,16239,3,0,0,3,3
2020-10-07,US,North Dakota,Rolette,236,7,0,48.77245354,-99.84097493,38079.0,1664.7855530474042,2.9661016949152543,229,233,6,0,227,226,14301,3,1,0,2,7
2020-10-07,US,North Dakota,Sargent,91,1,0,46.10830372,-97.63217159,38081.0,2334.530528476141,1.0989010989010992,90,86,1,0,85,85,3870,5,0,0,5,1
2020-10-07,US,North Dakota,Sheridan,18,1,0,47.57700669,-100.3426391,38083.0,1368.8212927756654,5.5555555555555545,17,15,0,0,15,15,1349,3,1,0,2,0
2020-10-07,US,North Dakota,Sioux,176,3,0,46.11323337,-101.04401490000001,38085.0,4160.756501182033,1.7045454545454546,173,173,3,0,170,171,4358,3,0,0,3,2
2020-10-07,US,North Dakota,Slope,11,0,0,46.44737738,-103.4601547,38087.0,1466.666666666667,0.0,11,11,0,0,11,11,763,0,0,0,0,0
2020-10-07,US,North Dakota,Stark,1877,20,0,46.80851182,-102.65763259999999,38089.0,5960.811712026422,1.0655301012253595,1857,1862,20,0,1842,1836,30997,15,0,0,15,26
2020-10-07,US,North Dakota,Steele,31,0,0,47.45611548,-97.72728747,38091.0,1640.2116402116405,0.0,31,30,0,0,30,30,1903,1,0,0,1,0
2020-10-07,US,North Dakota,Stutsman,563,4,0,46.97962541,-98.95637318,38093.0,2719.281298299845,0.7104795737122558,559,558,4,0,554,548,20917,5,0,0,5,10
2020-10-07,US,North Dakota,Towner,30,0,0,48.68565745,-99.24564265,38095.0,1370.4888076747372,0.0,30,29,0,0,29,24,2192,1,0,0,1,5
2020-10-07,US,North Dakota,Traill,147,0,0,47.45367788,-97.16323288,38097.0,1829.2682926829266,0.0,147,144,0,0,144,143,8037,3,0,0,3,1
2020-10-07,US,North Dakota,Walsh,251,1,0,48.36876964,-97.72574783,38099.0,2358.800864580397,0.398406374501992,250,242,1,0,241,232,10667,9,0,0,9,10
2020-10-07,US,North Dakota,Ward,1319,14,0,48.22390169,-101.54367629999999,38101.0,1950.000739196641,1.061410159211524,1305,1290,12,0,1278,1248,67744,29,2,0,27,42
2020-10-07,US,North Dakota,Wells,51,0,0,47.58614526,-99.65904998,38103.0,1330.203442879499,0.0,51,47,0,0,47,42,3957,4,0,0,4,5
2020-10-07,US,North Dakota,Williams,1276,9,0,48.34522353,-103.4793387,38105.0,3394.610125302615,0.7053291536050157,1267,1246,8,0,1238,1224,35350,30,1,0,29,22
2020-10-07,US,Ohio,Adams,160,4,0,38.84541072,-83.4718964,39001.0,577.6590367535562,2.5,156,158,4,0,154,158,27724,2,0,0,2,0
2020-10-07,US,Ohio,Allen,1607,72,0,40.77285242,-84.10802343,39003.0,1570.087248781155,4.480398257622901,1535,1582,72,0,1510,1567,102663,25,0,0,25,15
2020-10-07,US,Ohio,Ashland,318,5,0,40.84772277,-82.27280781,39005.0,594.57033879291,1.572327044025157,313,313,5,0,308,302,53745,5,0,0,5,11
2020-10-07,US,Ohio,Ashtabula,680,48,0,41.70860332,-80.74830218,39007.0,699.2935078824776,7.0588235294117645,632,679,48,0,631,674,97493,1,0,0,1,5
2020-10-07,US,Ohio,Athens,887,2,0,39.33425634,-82.04278644,39009.0,1357.7846832090866,0.2254791431792559,885,862,2,0,860,843,65818,25,0,0,25,19
2020-10-07,US,Ohio,Auglaize,701,16,0,40.55998859,-84.22421429999999,39011.0,1535.3951287892062,2.2824536376604847,685,686,15,0,671,678,45804,15,1,0,14,8
2020-10-07,US,Ohio,Belmont,731,27,0,40.01625942,-80.9924051,39013.0,1090.9470793660269,3.693570451436389,704,729,27,0,702,725,67505,2,0,0,2,4
2020-10-07,US,Ohio,Brown,302,3,0,38.93416837,-83.86788395,39015.0,695.3398415914533,0.9933774834437086,299,301,3,0,298,300,43602,1,0,0,1,1
2020-10-07,US,Ohio,Butler,6828,114,0,39.44012838,-84.57388716,39017.0,1782.144106239593,1.6695957820738137,6714,6726,114,0,6612,6617,382378,102,0,0,102,109
2020-10-07,US,Ohio,Carroll,164,7,0,40.578968599999996,-81.09178213,39019.0,609.3482945678828,4.2682926829268295,157,164,7,0,157,160,27081,0,0,0,0,4
2020-10-07,US,Ohio,Champaign,333,3,0,40.13923427,-83.76875242,39021.0,856.3713514208563,0.9009009009009008,330,330,3,0,327,328,38754,3,0,0,3,2
2020-10-07,US,Ohio,Clark,2010,49,0,39.91592258,-83.78498252,39023.0,1499.0714706562353,2.437810945273632,1961,1987,47,0,1940,1959,134585,23,2,0,21,28
2020-10-07,US,Ohio,Clermont,1887,34,0,39.04847534,-84.15375786,39025.0,914.120177495301,1.8018018018018016,1853,1868,32,0,1836,1835,205466,19,2,0,17,33
2020-10-07,US,Ohio,Clinton,340,13,0,39.41485808,-83.80852286,39027.0,810.1410598551278,3.8235294117647056,327,335,13,0,322,330,42057,5,0,0,5,5
2020-10-07,US,Ohio,Columbiana,1998,85,0,40.76932373,-80.78094576,39029.0,1961.0729954948324,4.254254254254255,1913,1993,83,0,1910,1991,102665,5,2,0,3,2
2020-10-07,US,Ohio,Coshocton,246,11,0,40.30096166,-81.91729018,39031.0,672.1311475409836,4.4715447154471555,235,243,11,0,232,241,36629,3,0,0,3,2
2020-10-07,US,Ohio,Crawford,286,6,0,40.85065156,-82.91989099,39033.0,689.2562780160988,2.097902097902098,280,281,6,0,275,274,41550,5,0,0,5,7
2020-10-07,US,Ohio,Cuyahoga,18107,665,0,41.424119,-81.65918339,39035.0,1466.0683749611358,3.6726128016789086,17442,18035,665,0,17370,17995,1243857,72,0,0,72,40
2020-10-07,US,Ohio,Darke,938,44,0,40.13412966,-84.6194517,39037.0,1835.1495705593488,4.690831556503198,894,916,44,0,872,908,51323,22,0,0,22,8
2020-10-07,US,Ohio,Defiance,385,13,0,41.32398837,-84.49076944,39039.0,1010.8435949274028,3.3766233766233764,372,382,13,0,369,382,38165,3,0,0,3,0
2020-10-07,US,Ohio,Delaware,2496,26,0,40.27942393,-83.00457058,39041.0,1193.2478236134948,1.0416666666666667,2470,2482,25,0,2457,2458,204826,14,1,0,13,24
2020-10-07,US,Ohio,Erie,1012,51,0,41.36796058,-82.62904521,39043.0,1362.6693237820807,5.0395256916996045,961,1010,51,0,959,997,74615,2,0,0,2,13
2020-10-07,US,Ohio,Fairfield,2298,55,0,39.75107189,-82.63088163,39045.0,1458.3624201962252,2.3933855526544816,2243,2277,55,0,2222,2260,155782,21,0,0,21,17
2020-10-07,US,Ohio,Fayette,318,6,0,39.56021306,-83.4562016,39047.0,1114.8115687992988,1.8867924528301887,312,301,6,0,295,293,28666,17,0,0,17,8
2020-10-07,US,Ohio,Franklin,28520,633,0,39.96995815,-83.01115755,39049.0,2165.928995197288,2.219495091164095,27887,28291,633,0,27658,28131,1310300,229,0,0,229,160
2020-10-07,US,Ohio,Fulton,371,1,0,41.60213491,-84.12571393,39051.0,880.6912595546692,0.2695417789757412,370,365,1,0,364,359,42276,6,0,0,6,6
2020-10-07,US,Ohio,Gallia,232,13,0,38.82708533,-82.31647569,39053.0,775.9716368987893,5.603448275862068,219,226,13,0,213,220,29979,6,0,0,6,6
2020-10-07,US,Ohio,Geauga,753,49,0,41.49952319,-81.17935342,39055.0,804.0662473705005,6.507304116865869,704,752,49,0,703,750,94031,1,0,0,1,2
2020-10-07,US,Ohio,Greene,1722,37,0,39.69116283,-83.89032084,39057.0,1019.3148925339032,2.148664343786295,1685,1707,37,0,1670,1688,167995,15,0,0,15,19
2020-10-07,US,Ohio,Guernsey,190,8,0,40.05026529,-81.49248905,39059.0,488.7459807073954,4.2105263157894735,182,186,8,0,178,185,39022,4,0,0,4,1
2020-10-07,US,Ohio,Hamilton,14093,333,0,39.19673558,-84.54502924,39061.0,1723.971311590719,2.3628751862626842,13760,13953,332,0,13621,13856,816684,140,1,0,139,97
2020-10-07,US,Ohio,Hancock,823,14,0,41.00250487,-83.66838948,39063.0,1085.9955398968107,1.7010935601458081,809,814,13,0,801,805,75930,9,1,0,8,9
2020-10-07,US,Ohio,Hardin,272,13,0,40.66015414,-83.65929931,39065.0,867.2086720867209,4.779411764705882,259,267,13,0,254,266,31480,5,0,0,5,1
2020-10-07,US,Ohio,Harrison,70,3,0,40.29380509,-81.09068544,39067.0,465.4255319148937,4.285714285714286,67,69,3,0,66,68,15174,1,0,0,1,1
2020-10-07,US,Ohio,Henry,373,17,0,41.333964200000004,-84.06830637,39069.0,1381.1745538028586,4.5576407506702425,356,367,17,0,350,364,27086,6,0,0,6,3
2020-10-07,US,Ohio,Highland,272,4,0,39.1839264,-83.60331456,39071.0,630.1985588841778,1.4705882352941178,268,262,4,0,258,249,43058,10,0,0,10,13
2020-10-07,US,Ohio,Hocking,178,9,0,39.49537927,-82.47991446,39073.0,629.7763939994339,5.056179775280898,169,176,9,0,167,175,28385,2,0,0,2,1
2020-10-07,US,Ohio,Holmes,437,10,0,40.56163713,-81.92635677,39075.0,994.0855323020927,2.2883295194508007,427,429,10,0,419,422,43892,8,0,0,8,7
2020-10-07,US,Ohio,Huron,629,8,0,41.14651175,-82.59867951,39077.0,1079.5318024233686,1.2718600953895072,621,629,7,0,622,618,58504,0,1,0,-1,11
2020-10-07,US,Ohio,Jackson,315,7,0,39.01914254,-82.61818559999998,39079.0,971.8322895134668,2.2222222222222223,308,306,7,0,299,296,32384,9,0,0,9,10
2020-10-07,US,Ohio,Jefferson,376,4,0,40.38614126,-80.76259514,39081.0,575.5836203597397,1.0638297872340423,372,362,4,0,358,357,65767,14,0,0,14,5
2020-10-07,US,Ohio,Knox,305,15,0,40.39830217,-82.42027563,39083.0,489.3937935239562,4.918032786885246,290,301,15,0,286,300,61893,4,0,0,4,1
2020-10-07,US,Ohio,Lake,1717,56,0,41.69710807,-81.23676539,39085.0,746.0384359697414,3.2615026208503197,1661,1711,56,0,1655,1701,230514,6,0,0,6,10
2020-10-07,US,Ohio,Lawrence,752,22,0,38.59743452,-82.53466552,39087.0,1264.6519684509694,2.9255319148936163,730,748,22,0,726,744,59866,4,0,0,4,4
2020-10-07,US,Ohio,Licking,2061,65,0,40.09136236,-82.48185785,39089.0,1165.3153305967364,3.153808830664726,1996,2044,64,0,1980,2028,175769,17,1,0,16,16
2020-10-07,US,Ohio,Logan,347,3,0,40.38996525,-83.76784341,39091.0,759.7652828866702,0.8645533141210374,344,345,3,0,342,337,45358,2,0,0,2,8
2020-10-07,US,Ohio,Lorain,2426,89,0,41.29553751,-82.15083537,39093.0,783.0024561618677,3.6685902720527617,2337,2416,89,0,2327,2402,309461,10,0,0,10,14
2020-10-07,US,Ohio,Lucas,7624,369,0,41.62101218,-83.65468618,39095.0,1779.861234323494,4.839979013641133,7255,7595,369,0,7226,7562,429899,29,0,0,29,33
2020-10-07,US,Ohio,Madison,930,14,0,39.89381073,-83.40178317,39097.0,2079.095034763364,1.5053763440860215,916,922,14,0,908,911,44413,8,0,0,8,11
2020-10-07,US,Ohio,Mahoning,3289,282,0,41.01631101,-80.77287029,39099.0,1438.2354613154455,8.574034660991183,3007,3271,282,0,2989,3249,229642,18,0,0,18,22
2020-10-07,US,Ohio,Marion,3203,48,0,40.58610662,-83.15736305,39101.0,4920.651990229364,1.4985950671245707,3155,3193,48,0,3145,3185,65256,10,0,0,10,8
2020-10-07,US,Ohio,Medina,1575,41,0,41.11770589,-81.89986209999998,39103.0,876.2364670145648,2.6031746031746037,1534,1570,41,0,1529,1560,179146,5,0,0,5,10
2020-10-07,US,Ohio,Meigs,191,12,0,39.09224872,-82.0305041,39105.0,833.8062600951674,6.282722513089006,179,189,12,0,177,187,23106,2,0,0,2,2
2020-10-07,US,Ohio,Mercer,1255,21,0,40.54043046,-84.62912742,39107.0,3048.1880889925187,1.6733067729083666,1234,1242,21,0,1221,1224,40959,13,0,0,13,18
2020-10-07,US,Ohio,Miami,1643,56,0,40.0543329,-84.22871271,39109.0,1535.700599138213,3.408399269628728,1587,1622,55,0,1567,1605,106222,21,1,0,20,17
2020-10-07,US,Ohio,Monroe,113,18,0,39.72984936,-81.08464734,39111.0,827.5963087739857,15.929203539823007,95,112,18,0,94,112,13790,1,0,0,1,0
2020-10-07,US,Ohio,Montgomery,8572,182,0,39.75394919,-84.29050975,39113.0,1612.226742425525,2.1231917872141857,8390,8508,181,0,8327,8417,532331,64,1,0,63,91
2020-10-07,US,Ohio,Morgan,55,0,0,39.62081738,-81.85308173,39115.0,379.1011855527985,0.0,55,55,0,0,55,53,14604,0,0,0,0,2
2020-10-07,US,Ohio,Morrow,273,2,0,40.52363560000001,-82.7892599,39117.0,772.758152173913,0.7326007326007326,271,273,2,0,271,270,35112,0,0,0,0,3
2020-10-07,US,Ohio,Muskingum,583,3,0,39.96575964,-81.94363275,39119.0,676.2164356550484,0.5145797598627787,580,559,3,0,556,544,86183,24,0,0,24,15
2020-10-07,US,Ohio,Noble,65,0,0,39.76818851,-81.45937183,39121.0,450.63782584581253,0.0,65,60,0,0,60,54,14354,5,0,0,5,6
2020-10-07,US,Ohio,Ottawa,497,30,0,41.53781826,-83.0940185,39123.0,1226.4034546576188,6.036217303822937,467,492,30,0,462,488,40769,5,0,0,5,4
2020-10-07,US,Ohio,Paulding,135,0,0,41.11676341,-84.5801017,39125.0,723.0077120822623,0.0,135,135,0,0,135,132,18760,0,0,0,0,3
2020-10-07,US,Ohio,Perry,323,11,0,39.73508655,-82.23804971,39127.0,893.8949465877014,3.4055727554179565,312,319,10,0,309,315,36033,4,1,0,3,4
2020-10-07,US,Ohio,Pickaway,2748,46,0,39.64170392,-83.0243386,39129.0,4700.8912533999355,1.6739446870451238,2702,2736,45,0,2691,2726,58086,12,1,0,11,10
2020-10-07,US,Ohio,Pike,229,0,0,39.07634001,-83.06769584,39131.0,824.5715108742619,0.0,229,226,0,0,226,222,28067,3,0,0,3,4
2020-10-07,US,Ohio,Portage,1313,67,0,41.16793482,-81.19735782,39133.0,808.169093841173,5.102817974105103,1246,1297,67,0,1230,1280,162927,16,0,0,16,17
2020-10-07,US,Ohio,Preble,484,17,0,39.7420247,-84.64787018,39135.0,1183.8951127635635,3.512396694214876,467,480,16,0,464,476,40997,4,1,0,3,4
2020-10-07,US,Ohio,Putnam,694,27,0,41.02094889,-84.1336111,39137.0,2049.555535867222,3.890489913544669,667,682,27,0,655,677,33780,12,0,0,12,5
2020-10-07,US,Ohio,Richland,1092,20,0,40.77180308,-82.53799609999999,39139.0,901.3321887845219,1.8315018315018317,1072,1085,20,0,1065,1070,121099,7,0,0,7,15
2020-10-07,US,Ohio,Ross,1029,31,0,39.33705391,-83.06000914,39141.0,1342.1855842224716,3.012633624878523,998,1001,31,0,970,986,76931,28,0,0,28,15
2020-10-07,US,Ohio,Sandusky,618,21,0,41.35624126,-83.137872,39143.0,1056.0853070849994,3.3980582524271843,597,613,21,0,592,611,58799,5,0,0,5,2
2020-10-07,US,Ohio,Scioto,617,7,0,38.80270163,-82.98907345,39145.0,819.2367952837454,1.1345218800648298,610,592,7,0,585,577,75502,25,0,0,25,15
2020-10-07,US,Ohio,Seneca,514,14,0,41.12351311,-83.12783209,39147.0,931.5306825183948,2.723735408560312,500,512,14,0,498,510,55207,2,0,0,2,2
2020-10-07,US,Ohio,Shelby,738,14,0,40.33163494,-84.20258189,39149.0,1518.8310351924265,1.897018970189702,724,726,14,0,712,723,48627,12,0,0,12,3
2020-10-07,US,Ohio,Stark,3185,178,0,40.81482476,-81.36437305,39151.0,859.4032476538426,5.588697017268447,3007,3168,178,0,2990,3116,371574,17,0,0,17,52
2020-10-07,US,Ohio,Summit,5710,259,0,41.12464734,-81.53123079,39153.0,1055.4275035904868,4.535901926444834,5451,5661,254,0,5407,5613,541918,49,5,0,44,48
2020-10-07,US,Ohio,Trumbull,2024,133,0,41.31735028,-80.76109643,39155.0,1022.3564710517543,6.571146245059287,1891,2015,133,0,1882,2008,198627,9,0,0,9,7
2020-10-07,US,Ohio,Tuscarawas,1013,20,0,40.44214695,-81.47226262,39157.0,1101.242566884451,1.974333662388944,993,994,20,0,974,985,92176,19,0,0,19,9
2020-10-07,US,Ohio,Union,618,2,0,40.30016061,-83.37239023,39159.0,1047.6707126873262,0.32362459546925565,616,606,2,0,604,603,57835,12,0,0,12,3
2020-10-07,US,Ohio,Van Wert,159,3,0,40.8554138,-84.59111700000003,39161.0,562.3342175066313,1.8867924528301887,156,153,3,0,150,143,28281,6,0,0,6,10
2020-10-07,US,Ohio,Vinton,61,3,0,39.25208988,-82.4831444,39163.0,466.1826518914788,4.918032786885246,58,61,3,0,58,57,13139,0,0,0,0,4
2020-10-07,US,Ohio,Warren,3365,59,0,39.42581994,-84.16557457,39165.0,1434.344123238506,1.7533432392273405,3306,3324,58,0,3266,3271,232173,41,1,0,40,53
2020-10-07,US,Ohio,Washington,270,23,0,39.45690571,-81.49121382,39167.0,450.6684915958672,8.518518518518519,247,269,23,0,246,268,60155,1,0,0,1,1
2020-10-07,US,Ohio,Wayne,1005,68,0,40.82925852,-81.88844833,39169.0,868.5506870624838,6.766169154228857,937,989,68,0,921,981,115967,16,0,0,16,8
2020-10-07,US,Ohio,Williams,246,3,0,41.56052014,-84.58429552,39171.0,670.4458737599476,1.2195121951219512,243,243,3,0,240,242,36804,3,0,0,3,1
2020-10-07,US,Ohio,Wood,2171,81,0,41.36224827,-83.62285108,39173.0,1659.5702393419815,3.730999539382773,2090,2157,81,0,2076,2132,130696,14,0,0,14,25
2020-10-07,US,Ohio,Wyandot,228,13,0,40.84339621,-83.30734173,39175.0,1047.216608487966,5.701754385964912,215,226,13,0,213,223,21935,2,0,0,2,3
2020-10-07,US,Oklahoma,Adair,666,10,0,35.88494195,-94.65859267,40001.0,3000.8110300081103,1.5015015015015014,656,663,10,0,653,656,22082,3,0,0,3,7
2020-10-07,US,Oklahoma,Alfalfa,81,0,0,36.73090616,-98.32408495,40003.0,1420.5541915117506,0.0,81,81,0,0,81,79,5754,0,0,0,0,2
2020-10-07,US,Oklahoma,Atoka,347,1,0,34.37366573,-96.03802487,40005.0,2522.1689199011485,0.2881844380403458,346,344,1,0,343,328,13838,3,0,0,3,16
2020-10-07,US,Oklahoma,Beaver,66,0,0,36.7496847,-100.4758872,40007.0,1242.7038222556955,0.0,66,64,0,0,64,64,5319,2,0,0,2,0
2020-10-07,US,Oklahoma,Beckham,665,8,0,35.26862449,-99.68128023,40009.0,3042.225170410357,1.2030075187969924,657,659,7,0,652,639,21709,6,1,0,5,20
2020-10-07,US,Oklahoma,Blaine,145,1,0,35.87518314,-98.43307003,40011.0,1537.808887474812,0.6896551724137931,144,148,1,0,147,146,9485,-3,0,0,-3,2
2020-10-07,US,Oklahoma,Bryan,1108,5,0,33.96472458,-96.25903472,40013.0,2308.5738097718513,0.4512635379061372,1103,1102,5,0,1097,1059,47192,6,0,0,6,43
2020-10-07,US,Oklahoma,Caddo,906,21,0,35.17364557,-98.37534464,40015.0,3149.9895695709615,2.3178807947019866,885,899,21,0,878,879,28977,7,0,0,7,20
2020-10-07,US,Oklahoma,Canadian,2648,17,0,35.5426055,-97.98465569,40017.0,1785.4975523579626,0.6419939577039275,2631,2594,17,0,2577,2558,144447,54,0,0,54,36
2020-10-07,US,Oklahoma,Carter,620,9,0,34.25103751,-97.28552485,40019.0,1288.6865789528385,1.4516129032258065,611,614,9,0,605,606,48177,6,0,0,6,8
2020-10-07,US,Oklahoma,Cherokee,1190,8,0,35.90692775,-94.99980896,40021.0,2445.691267443533,0.6722689075630253,1182,1186,8,0,1178,1177,48675,4,0,0,4,9
2020-10-07,US,Oklahoma,Choctaw,357,2,0,34.02807439,-95.54771129,40023.0,2433.2061068702287,0.5602240896358543,355,354,2,0,352,352,14668,3,0,0,3,2
2020-10-07,US,Oklahoma,Cimarron,27,0,0,36.74817177,-102.5173885,40025.0,1263.4534394010295,0.0,27,28,0,0,28,27,2153,-1,0,0,-1,1
2020-10-07,US,Oklahoma,Cleveland,6654,78,0,35.20413532,-97.32519562,40027.0,2342.842254255072,1.1722272317403066,6576,6587,78,0,6509,6535,281669,67,0,0,67,52
2020-10-07,US,Oklahoma,Coal,75,0,0,34.58840127,-96.29798747,40029.0,1364.877161055505,0.0,75,75,0,0,75,74,5520,0,0,0,0,1
2020-10-07,US,Oklahoma,Comanche,1812,13,0,34.65973764,-98.47195055,40031.0,1500.6335456194254,0.7174392935982341,1799,1808,13,0,1795,1773,120422,4,0,0,4,35
2020-10-07,US,Oklahoma,Cotton,74,3,0,34.28845626,-98.37053567,40033.0,1306.0360042357925,4.0540540540540535,71,74,3,0,71,71,5776,0,0,0,0,3
2020-10-07,US,Oklahoma,Craig,535,1,0,36.76268118,-95.20916602,40035.0,3783.057559043983,0.18691588785046728,534,533,1,0,532,525,14306,2,0,0,2,8
2020-10-07,US,Oklahoma,Creek,1296,35,0,35.90230551,-96.37086028,40037.0,1812.0298649366625,2.7006172839506166,1261,1280,35,0,1245,1258,71604,16,0,0,16,22
2020-10-07,US,Oklahoma,Custer,827,1,0,35.63853802,-99.00170785,40039.0,2851.4291625004307,0.12091898428053205,826,819,0,0,819,792,29036,8,1,0,7,27
2020-10-07,US,Oklahoma,Delaware,905,26,0,36.40823634,-94.80325046,40041.0,2104.2107465879235,2.8729281767955803,879,881,26,0,855,873,42733,24,0,0,24,8
2020-10-07,US,Oklahoma,Dewey,73,1,0,35.98772922,-99.00730714,40043.0,1492.5373134328354,1.3698630136986298,72,73,1,0,72,72,4894,0,0,0,0,1
2020-10-07,US,Oklahoma,Ellis,15,0,0,36.218019399999996,-99.75324573,40045.0,388.7017362010884,0.0,15,15,0,0,15,14,3952,0,0,0,0,1
2020-10-07,US,Oklahoma,Garfield,1922,22,0,36.3791334,-97.78265517,40047.0,3147.929769392033,1.1446409989594173,1900,1908,22,0,1886,1842,60913,14,0,0,14,66
2020-10-07,US,Oklahoma,Garvin,433,5,0,34.70418038,-97.30811132,40049.0,1562.5563855508642,1.1547344110854505,428,425,5,0,420,416,27811,8,0,0,8,9
2020-10-07,US,Oklahoma,Grady,1265,11,0,35.0167709,-97.88339847,40051.0,2265.6445893183363,0.8695652173913043,1254,1248,11,0,1237,1217,55551,17,0,0,17,31
2020-10-07,US,Oklahoma,Grant,55,1,0,36.796296999999996,-97.78638765,40053.0,1269.3284098776828,1.818181818181818,54,55,1,0,54,55,4326,0,0,0,0,0
2020-10-07,US,Oklahoma,Greer,118,8,0,34.93535801,-99.56056120000001,40055.0,2065.826330532213,6.779661016949151,110,116,8,0,108,113,5821,2,0,0,2,3
2020-10-07,US,Oklahoma,Harmon,53,0,0,34.7440135,-99.84741652,40057.0,1997.738409347908,0.0,53,53,0,0,53,52,2664,0,0,0,0,1
2020-10-07,US,Oklahoma,Harper,33,1,0,36.78836519,-99.6679804,40059.0,894.7939262472885,3.0303030303030303,32,32,1,0,31,32,3797,1,0,0,1,0
2020-10-07,US,Oklahoma,Haskell,309,4,0,35.22257600000001,-95.11513306,40061.0,2447.137087194108,1.2944983818770226,305,308,4,0,304,306,12668,1,0,0,1,2
2020-10-07,US,Oklahoma,Hughes,315,4,0,35.04912569,-96.24921145,40063.0,2372.166578808645,1.2698412698412698,311,307,4,0,303,304,13335,8,0,0,8,3
2020-10-07,US,Oklahoma,Jackson,870,10,0,34.58781741,-99.41138784,40065.0,3546.6775377089284,1.1494252873563218,860,861,10,0,851,845,24949,9,0,0,9,16
2020-10-07,US,Oklahoma,Jefferson,52,0,0,34.11130184,-97.83182974,40067.0,866.3778740419859,0.0,52,51,0,0,51,47,6123,1,0,0,1,4
2020-10-07,US,Oklahoma,Johnston,226,4,0,34.31440473,-96.66011537,40069.0,2038.791159224177,1.7699115044247788,222,225,4,0,221,213,10949,1,0,0,1,12
2020-10-07,US,Oklahoma,Kay,716,15,0,36.81799745,-97.14421435,40071.0,1644.5404014883552,2.094972067039106,701,708,15,0,693,686,44161,8,0,0,8,22
2020-10-07,US,Oklahoma,Kingfisher,418,2,0,35.94530008,-97.94193268,40073.0,2651.443070091976,0.4784688995215311,416,414,2,0,412,403,15816,4,0,0,4,11
2020-10-07,US,Oklahoma,Kiowa,99,2,0,34.91671958,-98.97720696,40075.0,1136.8856224161689,2.0202020202020203,97,92,2,0,90,92,8729,7,0,0,7,0
2020-10-07,US,Oklahoma,Latimer,154,2,0,34.87844729,-95.25215049,40077.0,1528.8394718554553,1.2987012987012987,152,152,2,0,150,148,10231,2,0,0,2,4
2020-10-07,US,Oklahoma,Le Flore,1324,20,0,34.89851864,-94.70392124,40079.0,2655.8080757426833,1.5105740181268883,1304,1308,20,0,1288,1283,49980,16,0,0,16,25
2020-10-07,US,Oklahoma,Lincoln,566,10,0,35.70270942,-96.8812462,40081.0,1622.846001662987,1.7667844522968197,556,563,10,0,553,541,34920,3,0,0,3,22
2020-10-07,US,Oklahoma,Logan,601,2,0,35.91899576,-97.44352845,40083.0,1251.7964633104914,0.33277870216306155,599,586,2,0,584,569,47291,15,0,0,15,17
2020-10-07,US,Oklahoma,Love,223,1,0,33.95273467,-97.23906784,40085.0,2174.9731785818785,0.4484304932735426,222,221,1,0,220,220,10134,2,0,0,2,1
2020-10-07,US,Oklahoma,Major,103,2,0,36.31149996,-98.53467076,40093.0,1350.111416961594,1.9417475728155342,101,104,2,0,102,100,7644,-1,0,0,-1,4
2020-10-07,US,Oklahoma,Marshall,201,2,0,34.02311222,-96.76855464,40095.0,1187.1714606343394,0.9950248756218906,199,200,2,0,198,196,16806,1,0,0,1,4
2020-10-07,US,Oklahoma,Mayes,761,11,0,36.30179091,-95.23175116,40097.0,1851.5815085158151,1.445466491458607,750,753,11,0,742,726,41107,8,0,0,8,27
2020-10-07,US,Oklahoma,McClain,987,7,0,35.01123903,-97.44572302,40087.0,2438.6025596679347,0.7092198581560284,980,970,7,0,963,962,39985,17,0,0,17,8
2020-10-07,US,Oklahoma,McCurtain,1368,35,0,34.11664328,-94.77222373,40089.0,4166.666666666667,2.5584795321637426,1333,1359,35,0,1324,1349,32703,9,0,0,9,10
2020-10-07,US,Oklahoma,McIntosh,376,7,0,35.37235506,-95.66599306,40091.0,1918.758930393958,1.8617021276595744,369,373,7,0,366,362,19815,3,0,0,3,11
2020-10-07,US,Oklahoma,Murray,185,2,0,34.48116015,-97.06826283,40099.0,1314.5740069636893,1.0810810810810811,183,177,1,0,176,169,13953,8,1,0,7,8
2020-10-07,US,Oklahoma,Muskogee,1997,25,0,35.61318461,-95.37802952,40101.0,2936.8942747474152,1.2518778167250877,1972,1987,25,0,1962,1958,68362,10,0,0,10,29
2020-10-07,US,Oklahoma,Noble,163,3,0,36.38953329,-97.22928674,40103.0,1464.3787620159915,1.8404907975460123,160,162,3,0,159,161,11289,1,0,0,1,1
2020-10-07,US,Oklahoma,Nowata,160,4,0,36.79843529,-95.61902331,40105.0,1587.9317189360854,2.5,156,152,4,0,148,152,10218,8,0,0,8,0
2020-10-07,US,Oklahoma,Okfuskee,189,5,0,35.46485198,-96.32639984,40107.0,1575.9192862503128,2.6455026455026456,184,183,5,0,178,179,12098,6,0,0,6,4
2020-10-07,US,Oklahoma,Oklahoma,19537,200,0,35.55140095,-97.40716948,40109.0,2449.9833215037233,1.0236986231253522,19337,19307,197,0,19110,19140,792582,230,3,0,227,167
2020-10-07,US,Oklahoma,Okmulgee,911,8,0,35.64661916,-95.96432828,40111.0,2368.386845183933,0.8781558726673985,903,899,8,0,891,893,38335,12,0,0,12,6
2020-10-07,US,Oklahoma,Osage,1183,13,0,36.62888819,-96.39635704,40113.0,2519.004322551796,1.0989010989010992,1170,1168,13,0,1155,1140,47014,15,0,0,15,28
2020-10-07,US,Oklahoma,Ottawa,961,7,0,36.83532655,-94.81011909,40115.0,3087.3518167507314,0.7284079084287199,954,936,7,0,929,930,31175,25,0,0,25,6
2020-10-07,US,Oklahoma,Pawnee,274,5,0,36.31743373,-96.70331759999999,40117.0,1673.1802638006839,1.8248175182481752,269,266,4,0,262,264,16390,8,1,0,7,2
2020-10-07,US,Oklahoma,Payne,2471,7,0,36.07695283,-96.97584944,40119.0,3021.3733737650405,0.28328611898017,2464,2460,7,0,2453,2436,82040,11,0,0,11,24
2020-10-07,US,Oklahoma,Pittsburg,1018,20,0,34.92065823,-95.75134320000001,40121.0,2331.974160443488,1.9646365422396856,998,1012,20,0,992,1003,43877,6,0,0,6,9
2020-10-07,US,Oklahoma,Pontotoc,507,3,0,34.72959848,-96.68337199,40123.0,1324.3130289415944,0.591715976331361,504,495,3,0,492,485,38247,12,0,0,12,10
2020-10-07,US,Oklahoma,Pottawatomie,1649,11,0,35.20614018,-96.94923008,40125.0,2271.60017632797,0.6670709520921769,1638,1584,10,0,1574,1555,72679,65,1,0,64,29
2020-10-07,US,Oklahoma,Pushmataha,208,2,0,34.41635232,-95.37603505,40127.0,1874.5493871665467,0.9615384615384616,206,203,2,0,201,201,11179,5,0,0,5,2
2020-10-07,US,Oklahoma,Roger Mills,74,1,0,35.68711719,-99.69666167,40129.0,2065.3084007814678,1.351351351351351,73,73,1,0,72,71,3656,1,0,0,1,2
2020-10-07,US,Oklahoma,Rogers,2040,52,0,36.37004357,-95.60406759,40131.0,2206.383369926129,2.5490196078431366,1988,2025,52,0,1973,1993,91984,15,0,0,15,32
2020-10-07,US,Oklahoma,Seminole,559,6,0,35.16478725,-96.61686741,40133.0,2304.394426580922,1.073345259391771,553,542,6,0,536,525,24578,17,0,0,17,17
2020-10-07,US,Oklahoma,Sequoyah,1012,12,0,35.49447108,-94.75463785,40135.0,2434.506483196613,1.1857707509881423,1000,997,12,0,985,973,41179,15,0,0,15,24
2020-10-07,US,Oklahoma,Stephens,489,5,0,34.48556989,-97.85141892,40137.0,1133.4399554968359,1.0224948875255624,484,485,5,0,480,476,43265,4,0,0,4,9
2020-10-07,US,Oklahoma,Texas,1640,10,0,36.74777635,-101.4889765,40139.0,8206.975929540109,0.6097560975609756,1630,1630,10,0,1620,1602,20455,10,0,0,10,28
2020-10-07,US,Oklahoma,Tillman,111,2,0,34.37288446,-98.92426619,40141.0,1531.0344827586207,1.8018018018018016,109,111,2,0,109,109,7348,0,0,0,0,2
2020-10-07,US,Oklahoma,Tulsa,18305,172,0,36.11939621,-95.94013939,40143.0,2809.4457541378124,0.9396339797869434,18133,18182,171,0,18011,17949,648360,123,1,0,122,233
2020-10-07,US,Oklahoma,Unassigned,36,0,0,0.0,0.0,90040.0,0.0,0.0,36,42,0,0,42,39,,-6,0,0,-6,3
2020-10-07,US,Oklahoma,Wagoner,1604,26,0,35.96024096,-95.51911308,40145.0,1973.2067069345176,1.6209476309226931,1578,1588,26,0,1562,1564,80110,16,0,0,16,24
2020-10-07,US,Oklahoma,Washington,1065,41,0,36.71380786,-95.90514104,40147.0,2066.8775593378227,3.8497652582159625,1024,1049,41,0,1008,1041,51843,16,0,0,16,8
2020-10-07,US,Oklahoma,Washita,106,0,0,35.29071824,-98.99180434,40149.0,971.0516672773912,0.0,106,106,0,0,106,101,11127,0,0,0,0,5
2020-10-07,US,Oklahoma,Woods,120,0,0,36.76705782,-98.86573064,40151.0,1364.721937905152,0.0,120,118,0,0,118,117,8897,2,0,0,2,1
2020-10-07,US,Oklahoma,Woodward,1138,5,0,36.42316318,-99.26283045,40153.0,5630.5971995448035,0.4393673110720562,1133,1134,5,0,1129,1120,20222,4,0,0,4,14
2020-10-07,US,Oregon,Baker,105,2,0,44.70915557,-117.6749883,41001.0,651.2031753907219,1.9047619047619049,103,102,2,0,100,101,16006,3,0,0,3,1
2020-10-07,US,Oregon,Benton,363,6,0,44.49167306,-123.4316987,41003.0,390.1002654401255,1.6528925619834711,357,359,6,0,353,351,92101,4,0,0,4,8
2020-10-07,US,Oregon,Clackamas,2616,64,0,45.18787398,-122.2179634,41005.0,625.5574659183571,2.4464831804281344,2552,2595,64,0,2531,2567,416075,21,0,0,21,28
2020-10-07,US,Oregon,Clatsop,228,0,0,45.99712889,-123.660711,41007.0,566.8257756563246,0.0,228,228,0,0,228,225,39764,0,0,0,0,3
2020-10-07,US,Oregon,Columbia,217,1,0,45.94464254,-123.08908980000001,41009.0,414.4859991595675,0.4608294930875576,216,210,1,0,209,207,52377,7,0,0,7,3
2020-10-07,US,Oregon,Coos,192,0,0,43.17406868,-124.0594514,41011.0,297.7344270938329,0.0,192,186,0,0,186,179,64389,6,0,0,6,7
2020-10-07,US,Oregon,Crook,65,1,0,44.14230227,-120.356297,41013.0,266.3497787247992,1.5384615384615383,64,64,1,0,63,63,23867,1,0,0,1,1
2020-10-07,US,Oregon,Curry,32,0,0,42.45911325,-124.15728200000001,41015.0,139.5856052344602,0.0,32,32,0,0,32,32,22813,0,0,0,0,0
2020-10-07,US,Oregon,Deschutes,938,13,0,43.91570171,-121.2289121,41017.0,474.4754466543917,1.3859275053304905,925,928,12,0,916,917,191996,10,1,0,9,11
2020-10-07,US,Oregon,Douglas,265,4,0,43.27941273,-123.16729099999999,41019.0,238.7817624797261,1.509433962264151,261,262,4,0,258,259,110283,3,0,0,3,3
2020-10-07,US,Oregon,Gilliam,8,0,0,45.37160076,-120.20488689999999,41021.0,418.41004184100416,0.0,8,8,0,0,8,8,1894,0,0,0,0,0
2020-10-07,US,Oregon,Grant,10,0,0,44.49024544,-119.0068631,41023.0,138.90818169190166,0.0,10,10,0,0,10,10,7176,0,0,0,0,0
2020-10-07,US,Oregon,Harney,12,0,0,43.06422669,-118.96663059999999,41025.0,162.31570404436633,0.0,12,12,0,0,12,12,7329,0,0,0,0,0
2020-10-07,US,Oregon,Hood River,255,0,0,45.51872811,-121.65520359999998,41027.0,1090.5824993584806,0.0,255,255,0,0,255,254,23428,0,0,0,0,1
2020-10-07,US,Oregon,Jackson,1295,6,0,42.43201126,-122.72893090000001,41029.0,586.1213701209356,0.4633204633204634,1289,1275,6,0,1269,1267,219564,20,0,0,20,8
2020-10-07,US,Oregon,Jefferson,568,8,0,44.62806839,-121.17832,41031.0,2303.512044772488,1.4084507042253518,560,567,8,0,559,565,24192,1,0,0,1,2
2020-10-07,US,Oregon,Josephine,228,2,0,42.3665549,-123.5561938,41033.0,260.61014779338643,0.8771929824561403,226,222,2,0,220,221,87393,6,0,0,6,1
2020-10-07,US,Oregon,Klamath,308,3,0,42.68762984,-121.64964609999998,41035.0,451.3614115302324,0.9740259740259741,305,306,3,0,303,305,67653,2,0,0,2,1
2020-10-07,US,Oregon,Lake,34,0,0,42.79246693,-120.38501629999999,41037.0,432.0752319227348,0.0,34,33,0,0,33,33,7879,1,0,0,1,0
2020-10-07,US,Oregon,Lane,1603,19,0,43.93727035,-122.847753,41039.0,419.5599201187225,1.1852776044915785,1584,1551,19,0,1532,1500,379611,52,0,0,52,51
2020-10-07,US,Oregon,Lincoln,489,13,0,44.64252874,-123.86991200000001,41041.0,978.743845322445,2.6584867075664618,476,488,13,0,475,485,49388,1,0,0,1,3
2020-10-07,US,Oregon,Linn,611,13,0,44.48899494,-122.53731540000001,41043.0,470.9092170267208,2.127659574468085,598,580,13,0,567,575,127335,31,0,0,31,5
2020-10-07,US,Oregon,Malheur,1714,33,0,43.1937027,-117.62273950000001,41045.0,5606.620653560564,1.925320886814469,1681,1709,33,0,1676,1699,30725,5,0,0,5,10
2020-10-07,US,Oregon,Marion,5034,101,0,44.90287942,-122.58151170000001,41047.0,1447.3086499261108,2.006356773937227,4933,5010,101,0,4909,4976,346868,24,0,0,24,34
2020-10-07,US,Oregon,Morrow,524,6,0,45.41846568,-119.584546,41049.0,4516.0734292855295,1.1450381679389312,518,523,6,0,517,522,11372,1,0,0,1,1
2020-10-07,US,Oregon,Multnomah,7665,145,0,45.54747959,-122.4169351,41051.0,942.9726088908844,1.8917155903457272,7520,7623,145,0,7478,7576,811880,42,0,0,42,47
2020-10-07,US,Oregon,Polk,570,15,0,44.90322804,-123.4128888,41053.0,662.136260672591,2.631578947368421,555,567,15,0,552,556,85234,3,0,0,3,11
2020-10-07,US,Oregon,Sherman,18,0,0,45.41501554,-120.6827834,41055.0,1011.2359550561798,0.0,18,18,0,0,18,18,1708,0,0,0,0,0
2020-10-07,US,Oregon,Tillamook,59,0,0,45.46248721,-123.712066,41057.0,218.2275484539133,0.0,59,54,0,0,54,54,26787,5,0,0,5,0
2020-10-07,US,Oregon,Umatilla,3120,42,0,45.59073056,-118.7353826,41059.0,4002.5657472738935,1.3461538461538465,3078,3108,42,0,3066,3102,77516,12,0,0,12,6
2020-10-07,US,Oregon,Union,447,2,0,45.30915495,-118.0068979,41061.0,1665.7350475125766,0.44742729306487694,445,447,2,0,445,446,26461,0,0,0,0,1
2020-10-07,US,Oregon,Wallowa,36,1,0,45.57894064,-117.18353799999998,41063.0,499.4450610432852,2.7777777777777777,35,34,1,0,33,33,7081,2,0,0,2,1
2020-10-07,US,Oregon,Wasco,310,6,0,45.16292781,-121.16709540000001,41065.0,1161.8319466306873,1.935483870967742,304,306,6,0,300,306,26505,4,0,0,4,0
2020-10-07,US,Oregon,Washington,4863,63,0,45.55972701,-123.0955257,41067.0,808.3551642973978,1.295496607032696,4800,4840,62,0,4778,4810,597695,23,1,0,22,30
2020-10-07,US,Oregon,Yamhill,832,14,0,45.23330449,-123.3086963,41071.0,776.844070961718,1.6826923076923077,818,827,14,0,813,815,107002,5,0,0,5,12
2020-10-07,US,Pennsylvania,Adams,897,26,0,39.87140411,-77.21610347,42001.0,870.7976972885864,2.898550724637681,871,891,26,0,865,885,102811,6,0,0,6,6
2020-10-07,US,Pennsylvania,Allegheny,12897,370,0,40.46809875,-79.98167747,42003.0,1060.5693045898797,2.8688842366441807,12527,12854,367,0,12487,12777,1218452,43,3,0,40,77
2020-10-07,US,Pennsylvania,Armstrong,476,18,0,40.81665618,-79.46290811,42005.0,735.3054761720862,3.7815126050420167,458,473,18,0,455,471,65263,3,0,0,3,2
2020-10-07,US,Pennsylvania,Beaver,1995,132,0,40.6825484,-80.34921611,42007.0,1216.9902823783468,6.6165413533834565,1863,1993,130,0,1863,1973,164742,2,2,0,0,20
2020-10-07,US,Pennsylvania,Bedford,269,6,0,40.00522157,-78.48998442,42009.0,561.727363848981,2.2304832713754648,263,264,6,0,258,262,48176,5,0,0,5,2
2020-10-07,US,Pennsylvania,Berks,7489,402,0,40.41570541,-75.92457766,42011.0,1778.1671747822702,5.367872880224329,7087,7420,401,0,7019,7378,420152,69,1,0,68,42
2020-10-07,US,Pennsylvania,Blair,827,19,0,40.47961444,-78.34917412,42013.0,678.8203137184088,2.2974607013301087,808,810,19,0,791,795,122492,17,0,0,17,15
2020-10-07,US,Pennsylvania,Bradford,274,6,0,41.78869215,-76.51570822,42015.0,454.2214412413176,2.18978102189781,268,258,5,0,253,240,60833,16,1,0,15,18
2020-10-07,US,Pennsylvania,Bucks,9136,619,0,40.33682119,-75.10836643,42017.0,1454.1518773775604,6.775394045534152,8517,9086,618,0,8468,9066,628195,50,1,0,49,20
2020-10-07,US,Pennsylvania,Butler,1175,25,0,40.91152759,-79.91351055,42019.0,625.4890792268423,2.127659574468085,1150,1150,25,0,1125,1136,187888,25,0,0,25,14
2020-10-07,US,Pennsylvania,Cambria,701,7,0,40.49527404,-78.71377428,42021.0,538.4355413543075,0.9985734664764622,694,667,7,0,660,655,131730,34,0,0,34,12
2020-10-07,US,Pennsylvania,Cameron,8,0,0,41.43625568,-78.20376845,42023.0,179.89655947830002,0.0,8,8,0,0,8,8,4492,0,0,0,0,0
2020-10-07,US,Pennsylvania,Carbon,485,29,0,40.91545395,-75.7068525,42025.0,755.6635816895703,5.979381443298969,456,482,28,0,454,478,64227,3,1,0,2,4
2020-10-07,US,Pennsylvania,Centre,3197,11,0,40.92058903,-77.82200624,42027.0,1968.777904363088,0.3440725680325305,3186,3171,11,0,3160,3044,162805,26,0,0,26,127
2020-10-07,US,Pennsylvania,Chester,7202,371,0,39.97291773,-75.74768357,42029.0,1371.838267087501,5.151346848097751,6831,7155,370,0,6785,7135,522046,47,1,0,46,20
2020-10-07,US,Pennsylvania,Clarion,145,3,0,41.19265812,-79.42413524,42031.0,377.2308652895572,2.0689655172413794,142,142,3,0,139,139,38779,3,0,0,3,3
2020-10-07,US,Pennsylvania,Clearfield,349,7,0,41.00110782,-78.47592663,42033.0,440.35076651315376,2.005730659025788,342,347,6,0,341,345,79388,2,1,0,1,2
2020-10-07,US,Pennsylvania,Clinton,218,6,0,41.23255967,-77.63785995,42035.0,564.2990267136053,2.7522935779816518,212,217,6,0,211,217,38684,1,0,0,1,0
2020-10-07,US,Pennsylvania,Columbia,966,36,0,41.04821986,-76.40565017,42037.0,1486.9774028692816,3.7267080745341614,930,962,36,0,926,963,65456,4,0,0,4,-1
2020-10-07,US,Pennsylvania,Crawford,332,3,0,41.68447709,-80.10760592,42039.0,392.3005116449444,0.9036144578313252,329,331,3,0,328,330,85063,1,0,0,1,1
2020-10-07,US,Pennsylvania,Cumberland,2004,77,0,40.1625372,-77.26130755,42041.0,790.938153688282,3.842315369261477,1927,1991,77,0,1914,1978,251423,13,0,0,13,13
2020-10-07,US,Pennsylvania,Dauphin,4013,182,0,40.41377078,-76.77993242,42043.0,1441.9742794620174,4.535260403688014,3831,3982,182,0,3800,3966,277097,31,0,0,31,16
2020-10-07,US,Pennsylvania,Delaware,11857,758,0,39.91680171,-75.40243663,42045.0,2092.115176613198,6.392848106603693,11099,11772,758,0,11014,11746,564751,85,0,0,85,26
2020-10-07,US,Pennsylvania,Elk,78,2,0,41.42822061,-78.64524744,42047.0,260.7823470411234,2.5641025641025643,76,78,2,0,76,78,30169,0,0,0,0,0
2020-10-07,US,Pennsylvania,Erie,1694,39,0,41.99253829,-80.03301954,42049.0,628.0400996559498,2.30224321133412,1655,1673,39,0,1634,1656,272061,21,0,0,21,17
2020-10-07,US,Pennsylvania,Fayette,849,8,0,39.92041012,-79.64291195,42051.0,656.7445890124851,0.9422850412249706,841,845,8,0,837,831,130441,4,0,0,4,14
2020-10-07,US,Pennsylvania,Forest,15,1,0,41.51095103,-79.23229292,42053.0,206.9821995308404,6.666666666666668,14,15,0,0,15,15,7279,0,1,0,-1,0
2020-10-07,US,Pennsylvania,Franklin,1855,52,0,39.92956518,-77.72157791,42055.0,1196.5657595128591,2.803234501347709,1803,1847,52,0,1795,1835,154835,8,0,0,8,12
2020-10-07,US,Pennsylvania,Fulton,56,2,0,39.92913544,-78.11163677,42057.0,385.40949759119064,3.571428571428572,54,55,2,0,53,52,14523,1,0,0,1,3
2020-10-07,US,Pennsylvania,Greene,197,1,0,39.85746531,-80.22357106,42059.0,543.7032539397786,0.5076142131979695,196,195,1,0,194,194,36506,2,0,0,2,1
2020-10-07,US,Pennsylvania,Huntingdon,494,6,0,40.42162652,-77.97673273,42061.0,1094.2760942760942,1.214574898785425,488,449,6,0,443,446,45168,45,0,0,45,3
2020-10-07,US,Pennsylvania,Indiana,813,12,0,40.65241041,-79.08963285,42063.0,967.016759244942,1.4760147601476017,801,797,12,0,785,791,84501,16,0,0,16,6
2020-10-07,US,Pennsylvania,Jefferson,123,3,0,41.12913106,-78.9986361,42065.0,283.2469775474957,2.4390243902439024,120,121,3,0,118,120,43641,2,0,0,2,1
2020-10-07,US,Pennsylvania,Juniata,199,8,0,40.53358749,-77.39975129999998,42067.0,803.618301498203,4.0201005025125625,191,199,7,0,192,199,24704,0,1,0,-1,0
2020-10-07,US,Pennsylvania,Lackawanna,2769,216,0,41.43564672,-75.60379201,42069.0,1320.6215362896687,7.8006500541711805,2553,2747,216,0,2531,2731,210793,22,0,0,22,16
2020-10-07,US,Pennsylvania,Lancaster,8317,461,0,40.03904563,-76.24770128,42071.0,1524.0304622849646,5.542864013466394,7856,8257,461,0,7796,8218,543557,60,0,0,60,39
2020-10-07,US,Pennsylvania,Lawrence,568,23,0,40.99206278,-80.33393706,42073.0,664.2342595191318,4.049295774647887,545,564,22,0,542,562,86184,4,1,0,3,2
2020-10-07,US,Pennsylvania,Lebanon,2211,62,0,40.36680311,-76.45651841,42075.0,1559.3153399674172,2.804161013116237,2149,2181,62,0,2119,2164,141314,30,0,0,30,17
2020-10-07,US,Pennsylvania,Lehigh,5850,357,0,40.6154815,-75.59435245,42077.0,1584.0007798157685,6.102564102564102,5493,5805,356,0,5449,5781,368100,45,1,0,44,24
2020-10-07,US,Pennsylvania,Luzerne,4252,190,0,41.17823008,-75.98447579,42079.0,1339.562783341787,4.468485418626528,4062,4222,190,0,4032,4209,317646,30,0,0,30,13
2020-10-07,US,Pennsylvania,Lycoming,771,26,0,41.34310539,-77.06629984,42081.0,680.5002691991986,3.3722438391699088,745,753,26,0,727,751,113664,18,0,0,18,2
2020-10-07,US,Pennsylvania,McKean,63,2,0,41.80938602,-78.56478358,42083.0,155.0769230769231,3.1746031746031744,61,63,2,0,61,62,40968,0,0,0,0,1
2020-10-07,US,Pennsylvania,Mercer,785,23,0,41.30248872,-80.25816981,42085.0,717.3928936979089,2.929936305732484,762,784,23,0,761,778,110683,1,0,0,1,6
2020-10-07,US,Pennsylvania,Mifflin,252,2,0,40.61116939,-77.61070738,42087.0,546.1875243833716,0.7936507936507936,250,248,2,0,246,241,46222,4,0,0,4,7
2020-10-07,US,Pennsylvania,Monroe,1846,134,0,41.05934058,-75.34031025,42089.0,1084.1540837840853,7.258938244853737,1712,1831,134,0,1697,1829,169507,15,0,0,15,2
2020-10-07,US,Pennsylvania,Montgomery,12591,886,0,40.21053671,-75.36652296,42091.0,1515.3174512435087,7.0367722976729405,11705,12543,883,0,11660,12517,828604,48,3,0,45,26
2020-10-07,US,Pennsylvania,Montour,219,5,0,41.03023987,-76.66345939,42093.0,1201.3165112452002,2.2831050228310503,214,218,5,0,213,216,18240,1,0,0,1,2
2020-10-07,US,Pennsylvania,Northampton,4684,306,0,40.75182733,-75.30471829,42095.0,1534.304011006109,6.5328778821520075,4378,4638,305,0,4333,4606,304807,46,1,0,45,32
2020-10-07,US,Pennsylvania,Northumberland,1211,71,0,40.84785433,-76.70798222,42097.0,1333.0691412657002,5.8629232039636685,1140,1151,71,0,1080,1144,91083,60,0,0,60,7
2020-10-07,US,Pennsylvania,Perry,255,6,0,40.40206612,-77.26297447,42099.0,551.0892116182573,2.3529411764705883,249,252,6,0,246,246,46139,3,0,0,3,6
2020-10-07,US,Pennsylvania,Philadelphia,38264,1817,0,40.00338507,-75.1379271,42101.0,2415.558967314452,4.748588751829397,36447,38083,1817,0,36266,37807,1584138,181,0,0,181,276
2020-10-07,US,Pennsylvania,Pike,597,22,0,41.33155042,-75.03208106,42103.0,1069.719937644466,3.685092127303183,575,596,22,0,574,595,55933,1,0,0,1,1
2020-10-07,US,Pennsylvania,Potter,34,0,0,41.74471626,-77.89559864,42105.0,205.7364153455161,0.0,34,31,0,0,31,30,16622,3,0,0,3,1
2020-10-07,US,Pennsylvania,Schuylkill,1308,60,0,40.70497338,-76.2150785,42107.0,925.3036594769346,4.587155963302751,1248,1297,58,0,1239,1277,142067,11,2,0,9,20
2020-10-07,US,Pennsylvania,Snyder,407,10,0,40.77129231,-77.06840691,42109.0,1008.1244426830476,2.457002457002457,397,403,8,0,395,396,40540,4,2,0,2,7
2020-10-07,US,Pennsylvania,Somerset,246,3,0,39.97172723,-79.02699593,42111.0,334.93539559137884,1.2195121951219512,243,239,3,0,236,238,73952,7,0,0,7,1
2020-10-07,US,Pennsylvania,Sullivan,15,0,0,41.44634738,-76.51246591,42113.0,247.27992087042526,0.0,15,15,0,0,15,15,6071,0,0,0,0,0
2020-10-07,US,Pennsylvania,Susquehanna,312,28,0,41.82147784,-75.80071959,42115.0,773.6560206308271,8.974358974358974,284,310,28,0,282,308,40589,2,0,0,2,2
2020-10-07,US,Pennsylvania,Tioga,102,3,0,41.77255149,-77.25433032,42117.0,251.28723115961662,2.9411764705882355,99,101,3,0,98,95,40763,1,0,0,1,6
2020-10-07,US,Pennsylvania,Union,576,7,0,40.96188846,-77.05996014,42119.0,1282.1939763595485,1.2152777777777777,569,571,7,0,564,568,44785,5,0,0,5,3
2020-10-07,US,Pennsylvania,Venango,104,1,0,41.40323442,-79.75845449,42121.0,205.25775637483227,0.9615384615384616,103,102,1,0,101,97,51266,2,0,0,2,5
2020-10-07,US,Pennsylvania,Warren,46,1,0,41.81304978,-79.26969577,42123.0,117.3738868617795,2.1739130434782608,45,46,1,0,45,45,39498,0,0,0,0,1
2020-10-07,US,Pennsylvania,Washington,1469,30,0,40.19208869,-80.24582867,42125.0,710.1249607231772,2.0422055820285907,1439,1465,30,0,1435,1449,207346,4,0,0,4,16
2020-10-07,US,Pennsylvania,Wayne,260,11,0,41.64938475,-75.29956506,42127.0,506.2206732734954,4.230769230769232,249,257,11,0,246,256,51276,3,0,0,3,1
2020-10-07,US,Pennsylvania,Westmoreland,2539,57,0,40.31377979999999,-79.46615476,42129.0,727.7177635934755,2.2449783379283184,2482,2500,57,0,2443,2461,350611,39,0,0,39,39
2020-10-07,US,Pennsylvania,Wyoming,80,8,0,41.51955538,-76.01074915,42131.0,298.57430768082406,10.0,72,80,8,0,72,80,27046,0,0,0,0,0
2020-10-07,US,Pennsylvania,York,5239,172,0,39.9210089,-76.73040131,42133.0,1166.6644397828345,3.2830692880320678,5067,5171,171,0,5000,5125,448273,68,1,0,67,46
2020-10-07,US,Puerto Rico,Adjuntas,159,0,0,18.180117000000006,-66.754367,72001.0,816.0960837653339,0.0,159,157,0,0,157,157,,2,0,0,2,0
2020-10-07,US,Puerto Rico,Aguada,371,0,0,18.360255,-67.17513100000001,72003.0,884.1964775137634,0.0,371,371,0,0,371,368,,0,0,0,0,3
2020-10-07,US,Puerto Rico,Aguadilla,450,0,0,18.459681,-67.12081500000001,72005.0,738.3222038097424,0.0,450,450,0,0,450,449,,0,0,0,0,1
2020-10-07,US,Puerto Rico,Aguas Buenas,306,0,0,18.251619,-66.126806,72007.0,1067.7274154715797,0.0,306,306,0,0,306,303,,0,0,0,0,3
2020-10-07,US,Puerto Rico,Aibonito,162,0,0,18.131361,-66.264131,72009.0,625.4826254826255,0.0,162,162,0,0,162,161,,0,0,0,0,1
2020-10-07,US,Puerto Rico,Anasco,230,0,0,18.287985,-67.120611,72011.0,786.0291856054132,0.0,230,230,0,0,230,230,,0,0,0,0,0
2020-10-07,US,Puerto Rico,Arecibo,917,0,0,18.406631,-66.675077,72013.0,950.8502695976773,0.0,917,916,0,0,916,908,,1,0,0,1,8
2020-10-07,US,Puerto Rico,Arroyo,178,0,0,17.998457000000005,-66.056546,72015.0,909.323116219668,0.0,178,178,0,0,178,178,,0,0,0,0,0
2020-10-07,US,Puerto Rico,Barceloneta,275,0,0,18.445532999999998,-66.56053100000001,72017.0,1108.1560283687943,0.0,275,275,0,0,275,270,,0,0,0,0,5
2020-10-07,US,Puerto Rico,Barranquitas,504,0,0,18.201592,-66.30963,72019.0,1662.3787848802692,0.0,504,504,0,0,504,502,,0,0,0,0,2
2020-10-07,US,Puerto Rico,Bayamon,4058,0,0,18.34946,-66.168435,72021.0,1949.8741086701648,0.0,4058,4052,0,0,4052,4024,,6,0,0,6,28
2020-10-07,US,Puerto Rico,Cabo Rojo,362,0,0,18.040993,-67.154391,72023.0,710.96097570556,0.0,362,362,0,0,362,360,,0,0,0,0,2
2020-10-07,US,Puerto Rico,Caguas,1737,0,0,18.211615,-66.050779,72025.0,1215.5948856836933,0.0,1737,1736,0,0,1736,1726,,1,0,0,1,10
2020-10-07,US,Puerto Rico,Camuy,317,0,0,18.418578,-66.860206,72027.0,901.6183622969936,0.0,317,317,0,0,317,315,,0,0,0,0,2
2020-10-07,US,Puerto Rico,Canovanas,757,0,0,18.328802,-65.887612,72029.0,1588.7340496977838,0.0,757,755,0,0,755,748,,2,0,0,2,7
2020-10-07,US,Puerto Rico,Carolina,3121,0,0,18.374986,-65.95683100000001,72031.0,1765.6509883345968,0.0,3121,3121,0,0,3121,3103,,0,0,0,0,18
2020-10-07,US,Puerto Rico,Catano,501,0,0,18.437269,-66.14330600000001,72033.0,1780.3837953091684,0.0,501,501,0,0,501,496,,0,0,0,0,5
2020-10-07,US,Puerto Rico,Cayey,388,0,0,18.102851,-66.14914,72035.0,806.3342962239445,0.0,388,388,0,0,388,385,,0,0,0,0,3
2020-10-07,US,Puerto Rico,Ceiba,148,0,0,18.251818,-65.666416,72037.0,1085.760399090309,0.0,148,148,0,0,148,146,,0,0,0,0,2
2020-10-07,US,Puerto Rico,Ciales,293,0,0,18.28885,-66.516475,72039.0,1560.0042593972953,0.0,293,293,0,0,293,292,,0,0,0,0,1
2020-10-07,US,Puerto Rico,Cidra,361,0,0,18.173559,-66.161179,72041.0,830.2667893284269,0.0,361,361,0,0,361,361,,0,0,0,0,0
2020-10-07,US,Puerto Rico,Coamo,320,0,0,18.097597,-66.36014,72043.0,789.8894154818324,0.0,320,319,0,0,319,314,,1,0,0,1,5
2020-10-07,US,Puerto Rico,Comerio,261,0,0,18.224687,-66.221622,72045.0,1256.136298007508,0.0,261,261,0,0,261,261,,0,0,0,0,0
2020-10-07,US,Puerto Rico,Corozal,689,0,0,18.304264,-66.327738,72047.0,1855.0428086802008,0.0,689,689,0,0,689,682,,0,0,0,0,7
2020-10-07,US,Puerto Rico,Culebra,22,0,0,18.31586,-65.28813000000001,72049.0,1210.1210121012102,0.0,22,22,0,0,22,22,,0,0,0,0,0
2020-10-07,US,Puerto Rico,Dorado,857,0,0,18.436115,-66.278669,72051.0,2245.512904493646,0.0,857,857,0,0,857,852,,0,0,0,0,5
2020-10-07,US,Puerto Rico,Fajardo,603,0,0,18.318373,-65.666866,72053.0,1630.0381153191145,0.0,603,603,0,0,603,592,,0,0,0,0,11
2020-10-07,US,Puerto Rico,Florida,347,0,0,18.373715,-66.560488,72054.0,2736.5930599369085,0.0,347,347,0,0,347,338,,0,0,0,0,9
2020-10-07,US,Puerto Rico,Guanica,117,0,0,17.982429,-66.91964300000001,72055.0,602.2545941215834,0.0,117,117,0,0,117,117,,0,0,0,0,0
2020-10-07,US,Puerto Rico,Guayama,322,0,0,18.007516,-66.13390799999999,72057.0,709.8452449186542,0.0,322,322,0,0,322,318,,0,0,0,0,4
2020-10-07,US,Puerto Rico,Guayanilla,201,0,0,18.039942,-66.79186,72059.0,931.374820443909,0.0,201,201,0,0,201,197,,0,0,0,0,4
2020-10-07,US,Puerto Rico,Guaynabo,1890,0,0,18.345114000000002,-66.11452299999999,72061.0,1930.0682161676398,0.0,1890,1889,0,0,1889,1871,,1,0,0,1,18
2020-10-07,US,Puerto Rico,Gurabo,595,0,0,18.266461,-65.97970500000001,72063.0,1311.4681831206328,0.0,595,595,0,0,595,590,,0,0,0,0,5
2020-10-07,US,Puerto Rico,Hatillo,349,0,0,18.410928,-66.79632600000001,72065.0,831.8832979763067,0.0,349,348,0,0,348,344,,1,0,0,1,4
2020-10-07,US,Puerto Rico,Hormigueros,183,0,0,18.134532,-67.113972,72067.0,1060.8695652173913,0.0,183,183,0,0,183,180,,0,0,0,0,3
2020-10-07,US,Puerto Rico,Humacao,627,0,0,18.145211,-65.810174,72069.0,1072.4181575616597,0.0,627,626,0,0,626,624,,1,0,0,1,2
2020-10-07,US,Puerto Rico,Isabela,292,0,0,18.44981,-67.005093,72071.0,639.9158466831759,0.0,292,292,0,0,292,291,,0,0,0,0,1
2020-10-07,US,Puerto Rico,Jayuya,253,0,0,18.211446,-66.58878,72073.0,1520.2499699555344,0.0,253,253,0,0,253,252,,0,0,0,0,1
2020-10-07,US,Puerto Rico,Juana Diaz,377,0,0,18.050764,-66.49458100000001,72075.0,471.85751655256144,0.0,377,377,0,0,377,374,,0,0,0,0,3
2020-10-07,US,Puerto Rico,Juncos,446,0,0,18.223793,-65.909109,72077.0,1106.9744353437577,0.0,446,446,0,0,446,445,,0,0,0,0,1
2020-10-07,US,Puerto Rico,Lajas,182,0,0,18.011661,-67.040585,72079.0,706.7137809187277,0.0,182,179,0,0,179,179,,3,0,0,3,0
2020-10-07,US,Puerto Rico,Lares,365,0,0,18.269035000000002,-66.867236,72081.0,1186.8760771306866,0.0,365,365,0,0,365,361,,0,0,0,0,4
2020-10-07,US,Puerto Rico,Las Marias,113,0,0,18.23679,-66.98362,72083.0,1143.6089464629085,0.0,113,113,0,0,113,112,,0,0,0,0,1
2020-10-07,US,Puerto Rico,Las Piedras,535,0,0,18.187527,-65.86946800000001,72085.0,1383.3225597931478,0.0,535,534,0,0,534,532,,1,0,0,1,2
2020-10-07,US,Puerto Rico,Loiza,303,0,0,18.425688,-65.89943000000001,72087.0,1007.9840319361276,0.0,303,303,0,0,303,303,,0,0,0,0,0
2020-10-07,US,Puerto Rico,Luquillo,278,0,0,18.342114000000002,-65.72509699999999,72089.0,1385.2900139525616,0.0,278,278,0,0,278,278,,0,0,0,0,0
2020-10-07,US,Puerto Rico,Manati,619,0,0,18.420473,-66.490461,72091.0,1403.2144719243759,0.0,619,619,0,0,619,614,,0,0,0,0,5
2020-10-07,US,Puerto Rico,Maricao,87,0,0,18.171795,-66.942126,72093.0,1386.2332695984705,0.0,87,87,0,0,87,87,,0,0,0,0,0
2020-10-07,US,Puerto Rico,Maunabo,142,0,0,18.017889,-65.922235,72095.0,1161.5541922290388,0.0,142,142,0,0,142,140,,0,0,0,0,2
2020-10-07,US,Puerto Rico,Mayaguez,870,0,0,18.2013,-67.1452,72097.0,976.6502020655588,0.0,870,869,0,0,869,865,,1,0,0,1,4
2020-10-07,US,Puerto Rico,Moca,380,0,0,18.377805,-67.080952,72099.0,947.418285172904,0.0,380,380,0,0,380,374,,0,0,0,0,6
2020-10-07,US,Puerto Rico,Morovis,553,0,0,18.316963,-66.420383,72101.0,1695.7988347132782,0.0,553,552,0,0,552,550,,1,0,0,1,2
2020-10-07,US,Puerto Rico,Naguabo,268,0,0,18.230636999999998,-65.753897,72103.0,1002.994011976048,0.0,268,268,0,0,268,261,,0,0,0,0,7
2020-10-07,US,Puerto Rico,Naranjito,709,0,0,18.288019,-66.252703,72105.0,2332.083415564765,0.0,709,708,0,0,708,692,,1,0,0,1,16
2020-10-07,US,Puerto Rico,Orocovis,374,0,0,18.215046,-66.433604,72107.0,1596.7211714981,0.0,374,373,0,0,373,369,,1,0,0,1,4
2020-10-07,US,Puerto Rico,Out of PR,804,0,0,0.0,0.0,72888.0,0.0,0.0,804,804,0,0,804,804,,0,0,0,0,0
2020-10-07,US,Puerto Rico,Patillas,183,0,0,18.03174,-66.012242,72109.0,949.3178399128495,0.0,183,183,0,0,183,182,,0,0,0,0,1
2020-10-07,US,Puerto Rico,Penuelas,126,0,0,18.059645,-66.721572,72111.0,518.9028910303929,0.0,126,126,0,0,126,126,,0,0,0,0,0
2020-10-07,US,Puerto Rico,Ponce,999,0,0,18.059498,-66.613748,72113.0,600.6240718584477,0.0,999,996,0,0,996,993,,3,0,0,3,3
2020-10-07,US,Puerto Rico,Quebradillas,199,0,0,18.439692,-66.926113,72115.0,767.7765345885257,0.0,199,199,0,0,199,193,,0,0,0,0,6
2020-10-07,US,Puerto Rico,Rincon,216,0,0,18.335442999999998,-67.23174,72117.0,1421.052631578947,0.0,216,216,0,0,216,216,,0,0,0,0,0
2020-10-07,US,Puerto Rico,Rio Grande,667,0,0,18.346329,-65.813742,72119.0,1228.2704773129049,0.0,667,667,0,0,667,658,,0,0,0,0,9
2020-10-07,US,Puerto Rico,Sabana Grande,209,0,0,18.08282,-66.943758,72121.0,827.2313477142293,0.0,209,209,0,0,209,209,,0,0,0,0,0
2020-10-07,US,Puerto Rico,Salinas,469,0,0,18.010386999999994,-66.256592,72123.0,1509.1061200849474,0.0,469,469,0,0,469,467,,0,0,0,0,2
2020-10-07,US,Puerto Rico,San German,273,0,0,18.111484,-67.03858100000001,72125.0,768.4296450586877,0.0,273,273,0,0,273,272,,0,0,0,0,1
2020-10-07,US,Puerto Rico,San Juan,8360,0,0,18.386933,-66.061128,72127.0,2114.7103909178754,0.0,8360,8358,0,0,8358,8303,,2,0,0,2,55
2020-10-07,US,Puerto Rico,San Lorenzo,566,0,0,18.147987,-65.976392,72129.0,1378.5376784061566,0.0,566,566,0,0,566,562,,0,0,0,0,4
2020-10-07,US,Puerto Rico,San Sebastian,490,0,0,18.328646,-66.971214,72131.0,1154.8432712703275,0.0,490,489,0,0,489,447,,1,0,0,1,42
2020-10-07,US,Puerto Rico,Santa Isabel,189,0,0,17.994525,-66.388913,72133.0,812.0649651972158,0.0,189,189,0,0,189,188,,0,0,0,0,1
2020-10-07,US,Puerto Rico,Toa Alta,1405,0,0,18.362406,-66.246616,72135.0,1896.9567682877434,0.0,1405,1405,0,0,1405,1396,,0,0,0,0,9
2020-10-07,US,Puerto Rico,Toa Baja,1554,0,0,18.431445999999998,-66.213553,72137.0,1734.2008057226394,0.0,1554,1554,0,0,1554,1543,,0,0,0,0,11
2020-10-07,US,Puerto Rico,Trujillo Alto,1202,0,0,18.336159,-65.99888399999999,72139.0,1606.050078832741,0.0,1202,1202,0,0,1202,1189,,0,0,0,0,13
2020-10-07,US,Puerto Rico,Unassigned,635,705,0,0.0,0.0,72999.0,0.0,111.02362204724407,-70,635,696,0,-61,622,,0,9,0,-9,13
2020-10-07,US,Puerto Rico,Utuado,171,0,0,18.271214,-66.702984,72141.0,515.8526652387703,0.0,171,170,0,0,170,168,,1,0,0,1,2
2020-10-07,US,Puerto Rico,Vega Alta,816,0,0,18.409346,-66.33725,72143.0,2042.5020650296613,0.0,816,816,0,0,816,808,,0,0,0,0,8
2020-10-07,US,Puerto Rico,Vega Baja,1040,0,0,18.428262,-66.397924,72145.0,1743.1530957728535,0.0,1040,1040,0,0,1040,1033,,0,0,0,0,7
2020-10-07,US,Puerto Rico,Vieques,97,0,0,18.123276,-65.44097099999999,72147.0,1042.89861305236,0.0,97,97,0,0,97,96,,0,0,0,0,1
2020-10-07,US,Puerto Rico,Villalba,156,0,0,18.127951,-66.473115,72149.0,598.3201012541707,0.0,156,156,0,0,156,151,,0,0,0,0,5
2020-10-07,US,Puerto Rico,Yabucoa,386,0,0,18.070399,-65.896289,72151.0,1017.3690730344482,0.0,386,386,0,0,386,384,,0,0,0,0,2
2020-10-07,US,Puerto Rico,Yauco,432,0,0,18.080374,-66.858814,72153.0,1027.5194443783746,0.0,432,432,0,0,432,432,,0,0,0,0,0
2020-10-07,US,Rhode Island,Bristol,430,0,0,41.71018079,-71.28652315,44001.0,886.9819922028095,0.0,430,414,0,0,414,414,48649,16,0,0,16,0
2020-10-07,US,Rhode Island,Kent,2018,0,0,41.67106337,-71.57641596,44003.0,1228.3008302291043,0.0,2018,1945,0,0,1945,1945,163861,73,0,0,73,0
2020-10-07,US,Rhode Island,Newport,545,0,0,41.5642026,-71.26569799,44005.0,663.9701761652982,0.0,545,530,0,0,530,530,82542,15,0,0,15,0
2020-10-07,US,Rhode Island,Providence,19636,0,0,41.87064746,-71.57753536,44007.0,3073.258301757153,0.0,19636,18927,0,0,18927,18927,636084,709,0,0,709,0
2020-10-07,US,Rhode Island,Unassigned,2192,1126,0,0.0,0.0,90044.0,0.0,51.36861313868613,1066,2903,1125,0,1778,2726,,-711,1,0,-712,177
2020-10-07,US,Rhode Island,Washington,955,0,0,41.45961631,-71.61435303,44009.0,760.4895800982664,0.0,955,877,0,0,877,877,126179,78,0,0,78,0
2020-10-07,US,South Carolina,Abbeville,662,15,0,34.22333378,-82.46170658,45001.0,2699.066335059323,2.2658610271903323,647,651,14,0,637,640,24541,11,1,0,10,11
2020-10-07,US,South Carolina,Aiken,4432,85,0,33.54338026,-81.63645384,45003.0,2593.754389250433,1.9178700361010828,4347,4417,84,0,4333,4399,169401,15,1,0,14,18
2020-10-07,US,South Carolina,Allendale,408,6,0,32.98837386,-81.35321066,45005.0,4696.132596685083,1.4705882352941178,402,405,6,0,399,403,8903,3,0,0,3,2
2020-10-07,US,South Carolina,Anderson,4837,186,0,34.51828081,-82.63959517,45007.0,2387.9580169630426,3.8453586934050032,4651,4808,185,0,4623,4757,200482,29,1,0,28,51
2020-10-07,US,South Carolina,Bamberg,655,35,0,33.21927586,-81.05659969,45009.0,4656.618797099389,5.343511450381679,620,655,35,0,620,650,14275,0,0,0,0,5
2020-10-07,US,South Carolina,Barnwell,777,17,0,33.26679302,-81.43584352,45011.0,3723.761142528515,2.1879021879021883,760,776,17,0,759,757,21112,1,0,0,1,19
2020-10-07,US,South Carolina,Beaufort,5796,86,0,32.39226291,-80.72619758,45013.0,3016.8330539969397,1.4837819185645271,5710,5773,85,0,5688,5771,188715,23,1,0,22,2
2020-10-07,US,South Carolina,Berkeley,5592,90,0,33.20222596,-79.94654523,45015.0,2453.632402690572,1.609442060085837,5502,5576,89,0,5487,5561,221091,16,1,0,15,15
2020-10-07,US,South Carolina,Calhoun,482,17,0,33.66926881,-80.77722168,45017.0,3312.0318834604545,3.5269709543568464,465,483,17,0,466,471,14520,-1,0,0,-1,12
2020-10-07,US,South Carolina,Charleston,16100,269,0,32.82487866,-79.96512315,45019.0,3913.40913841801,1.6708074534161492,15831,16076,268,0,15808,16046,405905,24,1,0,23,30
2020-10-07,US,South Carolina,Cherokee,1262,43,0,35.05122251,-81.61828622,45021.0,2202.4432809773125,3.4072900158478605,1219,1261,42,0,1219,1253,57078,1,1,0,0,8
2020-10-07,US,South Carolina,Chester,1080,22,0,34.69249168,-81.1583216,45023.0,3349.4603647190165,2.0370370370370368,1058,1074,21,0,1053,1073,32251,6,1,0,5,1
2020-10-07,US,South Carolina,Chesterfield,1294,38,0,34.64137396,-80.15640140000002,45025.0,2834.6111719605697,2.9366306027820714,1256,1277,38,0,1239,1272,45754,17,0,0,17,5
2020-10-07,US,South Carolina,Clarendon,1118,67,0,33.66610974,-80.21647898,45027.0,3313.083419765892,5.992844364937389,1051,1117,67,0,1050,1114,33700,1,0,0,1,3
2020-10-07,US,South Carolina,Colleton,1101,42,0,32.87582989,-80.67641292,45029.0,2922.207182100485,3.8147138964577656,1059,1091,42,0,1049,1081,37660,10,0,0,10,10
2020-10-07,US,South Carolina,Darlington,2185,60,0,34.33358335,-79.96027485,45031.0,3279.894322855684,2.7459954233409607,2125,2136,60,0,2076,2122,66802,49,0,0,49,14
2020-10-07,US,South Carolina,Dillon,1145,43,0,34.39007791,-79.37741872,45033.0,3756.6849306079603,3.7554585152838422,1102,1133,41,0,1092,1122,30599,12,2,0,10,11
2020-10-07,US,South Carolina,Dorchester,4321,91,0,33.0794369,-80.40502652,45035.0,2654.0301826066125,2.1059939828743346,4230,4308,90,0,4218,4285,160647,13,1,0,12,23
2020-10-07,US,South Carolina,Edgefield,836,19,0,33.77221995,-81.96231108,45037.0,3066.764490095378,2.272727272727273,817,830,19,0,811,828,27052,6,0,0,6,2
2020-10-07,US,South Carolina,Fairfield,802,37,0,34.39287073,-81.1195624,45039.0,3588.848615026625,4.613466334164588,765,799,37,0,762,790,22402,3,0,0,3,9
2020-10-07,US,South Carolina,Florence,5118,197,0,34.02361754,-79.70189312,45041.0,3700.838075679897,3.849159828057835,4921,5074,196,0,4878,5043,138159,44,1,0,43,31
2020-10-07,US,South Carolina,Georgetown,1951,44,0,33.43443342,-79.33202141,45043.0,3112.6356094447992,2.2552537160430552,1907,1928,44,0,1884,1923,62249,23,0,0,23,5
2020-10-07,US,South Carolina,Greenville,15136,319,0,34.89502264,-82.37295012,45045.0,2891.0765516424663,2.107558139534884,14817,15089,313,0,14776,15027,514213,47,6,0,41,62
2020-10-07,US,South Carolina,Greenwood,2340,73,0,34.15272415,-82.12715789,45047.0,3304.5713236644024,3.11965811965812,2267,2338,73,0,2265,2319,70741,2,0,0,2,19
2020-10-07,US,South Carolina,Hampton,704,27,0,32.77419582,-81.13845571,45049.0,3662.47008635938,3.835227272727273,677,701,27,0,674,696,19351,3,0,0,3,5
2020-10-07,US,South Carolina,Horry,10863,203,0,33.9212828,-78.99555293,45051.0,3067.9420810492516,1.8687287121421337,10660,10762,202,0,10560,10684,344147,101,1,0,100,78
2020-10-07,US,South Carolina,Jasper,839,22,0,32.43171982,-81.02487495,45053.0,2789.877963621853,2.622169249106079,817,835,22,0,813,834,28971,4,0,0,4,1
2020-10-07,US,South Carolina,Kershaw,2140,38,0,34.33988254,-80.58763164,45055.0,3215.579029616385,1.7757009345794392,2102,2128,38,0,2090,2108,65592,12,0,0,12,20
2020-10-07,US,South Carolina,Lancaster,2268,55,0,34.68270843,-80.70513032,45057.0,2314.002367057095,2.4250440917107583,2213,2258,53,0,2205,2250,95380,10,2,0,8,8
2020-10-07,US,South Carolina,Laurens,1748,57,0,34.48244419,-82.00490796,45059.0,2589.898211666395,3.260869565217391,1691,1746,57,0,1689,1732,66994,2,0,0,2,14
2020-10-07,US,South Carolina,Lee,722,35,0,34.16393091,-80.25690731,45061.0,4290.468267173758,4.84764542936288,687,721,35,0,686,721,17142,1,0,0,1,0
2020-10-07,US,South Carolina,Lexington,7885,176,0,33.89665987,-81.27146426,45063.0,2639.3305439330543,2.2320862396956245,7709,7824,173,0,7651,7785,295032,61,3,0,58,39
2020-10-07,US,South Carolina,Marion,946,31,0,34.07859748,-79.36400756,45067.0,3085.755292429136,3.2769556025369977,915,940,30,0,910,933,31039,6,1,0,5,7
2020-10-07,US,South Carolina,Marlboro,984,11,0,34.59905577,-79.67561152,45069.0,3767.5166551803363,1.1178861788617886,973,974,11,0,963,971,26398,10,0,0,10,3
2020-10-07,US,South Carolina,McCormick,247,7,0,33.90161443,-82.30794338,45065.0,2610.165909331079,2.8340080971659916,240,247,7,0,240,246,9410,0,0,0,0,1
2020-10-07,US,South Carolina,Newberry,1443,30,0,34.28629098,-81.59935761,45071.0,3753.902185223725,2.079002079002079,1413,1430,31,0,1399,1398,38520,13,-1,0,14,32
2020-10-07,US,South Carolina,Oconee,1992,28,0,34.75225169,-83.06742317,45073.0,2504.2113996932594,1.4056224899598393,1964,1982,28,0,1954,1965,78374,10,0,0,10,17
2020-10-07,US,South Carolina,Orangeburg,3172,127,0,33.4391073,-80.79886287,45075.0,3680.881926312736,4.003783102143759,3045,3166,126,0,3040,3155,86934,6,1,0,5,11
2020-10-07,US,South Carolina,Pickens,3411,48,0,34.88807695,-82.72791551,45077.0,2688.282210522997,1.4072119613016711,3363,3400,48,0,3352,3361,124937,11,0,0,11,39
2020-10-07,US,South Carolina,Richland,15893,251,0,34.01791263,-80.90267209,45079.0,3822.647254779813,1.5793116466368842,15642,15845,251,0,15594,15764,414576,48,0,0,48,81
2020-10-07,US,South Carolina,Saluda,694,22,0,34.00795823,-81.72713237,45081.0,3389.8305084745757,3.1700288184438037,672,694,22,0,672,691,20544,0,0,0,0,3
2020-10-07,US,South Carolina,Spartanburg,7329,209,0,34.92960077,-81.99225984,45083.0,2291.8523382897883,2.851685086642106,7120,7287,206,0,7081,7261,313888,42,3,0,39,26
2020-10-07,US,South Carolina,Sumter,3282,81,0,33.91826534,-80.37942316,45085.0,3075.308514725312,2.4680073126142594,3201,3280,79,0,3201,3270,106512,2,2,0,0,10
2020-10-07,US,South Carolina,Union,631,14,0,34.68835752,-81.61730349,45087.0,2310.001464343242,2.218700475435816,617,628,13,0,615,623,27410,3,1,0,2,5
2020-10-07,US,South Carolina,Williamsburg,1350,45,0,33.62190129,-79.72767442,45089.0,4445.468914646997,3.333333333333333,1305,1349,45,0,1304,1343,30606,1,0,0,1,6
2020-10-07,US,South Carolina,York,5732,84,0,34.97281497,-81.18085944,45091.0,2040.010107516932,1.465457083042568,5648,5698,84,0,5614,5661,274118,34,0,0,34,37
2020-10-07,US,South Dakota,Aurora,113,0,0,43.71757685,-98.56050467,46003.0,4107.59723736823,0.0,113,77,0,0,77,73,2801,36,0,0,36,4
2020-10-07,US,South Dakota,Beadle,891,11,0,44.41464384,-98.27858469,46005.0,4828.483173467729,1.2345679012345678,880,858,10,0,848,850,18883,33,1,0,32,8
2020-10-07,US,South Dakota,Bennett,82,3,0,43.19486375,-101.6665572,46007.0,2436.849925705795,3.6585365853658534,79,77,3,0,74,77,3468,5,0,0,5,0
2020-10-07,US,South Dakota,Bon Homme,123,1,0,42.98914167,-97.88592746,46009.0,1782.3503840023184,0.8130081300813008,122,115,1,0,114,114,6980,8,0,0,8,1
2020-10-07,US,South Dakota,Brookings,863,2,0,44.36974375,-96.79079945,46011.0,2460.301622145565,0.2317497103128621,861,849,2,0,847,846,35232,14,0,0,14,3
2020-10-07,US,South Dakota,Brown,1415,4,0,45.58994323,-98.35165355,46013.0,3643.2451916887653,0.2826855123674912,1411,1380,4,0,1376,1363,39316,35,0,0,35,17
2020-10-07,US,South Dakota,Brule,156,1,0,43.71756379,-99.08118954,46015.0,2945.063243345289,0.6410256410256411,155,152,1,0,151,147,5229,4,0,0,4,5
2020-10-07,US,South Dakota,Buffalo,159,3,0,44.07657829,-99.20814467,46017.0,8103.975535168196,1.8867924528301887,156,153,3,0,150,153,2036,6,0,0,6,0
2020-10-07,US,South Dakota,Butte,144,3,0,44.90608745,-103.5079318,46019.0,1380.7651740339438,2.083333333333333,141,136,3,0,133,132,10222,8,0,0,8,4
2020-10-07,US,South Dakota,Campbell,43,0,0,45.77074915,-100.0510181,46021.0,3125.0,0.0,43,41,0,0,41,41,1377,2,0,0,2,0
2020-10-07,US,South Dakota,Charles Mix,234,0,0,43.20660134,-98.58856175,46023.0,2518.295307791649,0.0,234,225,0,0,225,217,9338,9,0,0,9,8
2020-10-07,US,South Dakota,Clark,48,0,0,44.85834507,-97.72925109,46025.0,1284.796573875803,0.0,48,47,0,0,47,49,3739,1,0,0,1,-2
2020-10-07,US,South Dakota,Clay,603,7,0,42.91296147,-96.97656917,46027.0,4285.714285714285,1.1608623548922057,596,589,7,0,582,586,14041,14,0,0,14,3
2020-10-07,US,South Dakota,Codington,1031,9,0,44.97788119,-97.18827677,46029.0,3680.959691527723,0.8729388942774006,1022,1014,7,0,1007,1001,28015,17,2,0,15,13
2020-10-07,US,South Dakota,Corson,107,1,0,45.70889983,-101.1970473,46031.0,2618.6979931473325,0.9345794392523364,106,95,1,0,94,94,4165,12,0,0,12,1
2020-10-07,US,South Dakota,Custer,202,3,0,43.67741105,-103.45345209999999,46033.0,2251.448952296032,1.4851485148514851,199,198,3,0,195,196,8726,4,0,0,4,2
2020-10-07,US,South Dakota,Davison,460,2,0,43.67490933,-98.14458906,46035.0,2326.1694058154235,0.43478260869565216,458,434,2,0,432,423,19790,26,0,0,26,11
2020-10-07,US,South Dakota,Day,107,0,0,45.367281,-97.60737498,46037.0,1972.7138643067847,0.0,107,101,0,0,101,101,5505,6,0,0,6,0
2020-10-07,US,South Dakota,Deuel,102,0,0,44.75994309,-96.66943645,46039.0,2344.288669271432,0.0,102,97,0,0,97,97,4337,5,0,0,5,0
2020-10-07,US,South Dakota,Dewey,190,0,0,45.15639647,-100.8709139,46041.0,3224.7114731839783,0.0,190,183,0,0,183,179,5904,7,0,0,7,4
2020-10-07,US,South Dakota,Douglas,111,1,0,43.38520741,-98.36978007,46043.0,3800.068469702157,0.9009009009009008,110,103,1,0,102,103,2935,8,0,0,8,0
2020-10-07,US,South Dakota,Edmunds,104,0,0,45.41846445,-99.21545423,46045.0,2716.1138678506136,0.0,104,104,0,0,104,104,3875,0,0,0,0,0
2020-10-07,US,South Dakota,Fall River,113,5,0,43.23929297,-103.5275691,46047.0,1683.3010576493368,4.424778761061948,108,106,5,0,101,105,6758,7,0,0,7,1
2020-10-07,US,South Dakota,Faulk,108,1,0,45.07082625,-99.14535601,46049.0,4697.69464984776,0.925925925925926,107,79,1,0,78,78,2330,29,0,0,29,1
2020-10-07,US,South Dakota,Grant,194,1,0,45.1723937,-96.77002276,46051.0,2750.992626205332,0.5154639175257731,193,188,1,0,187,185,7147,6,0,0,6,3
2020-10-07,US,South Dakota,Gregory,150,4,0,43.19419064,-99.18883902,46053.0,3584.229390681004,2.6666666666666665,146,149,4,0,145,149,4212,1,0,0,1,0
2020-10-07,US,South Dakota,Haakon,37,1,0,44.29299053,-101.539099,46055.0,1948.3938915218537,2.702702702702702,36,33,1,0,32,33,1918,4,0,0,4,0
2020-10-07,US,South Dakota,Hamlin,115,0,0,44.67385954,-97.18829593,46057.0,1865.6716417910445,0.0,115,110,0,0,110,109,6111,5,0,0,5,1
2020-10-07,US,South Dakota,Hand,62,1,0,44.54708407,-99.00386459,46059.0,1942.9645879034783,1.6129032258064515,61,61,1,0,60,60,3262,1,0,0,1,1
2020-10-07,US,South Dakota,Hanson,50,1,0,43.6746384,-97.78715148,46061.0,1448.0162177816392,2.0,49,49,1,0,48,49,3376,1,0,0,1,0
2020-10-07,US,South Dakota,Harding,5,0,0,45.58015551,-103.4958629,46063.0,385.20801232665633,0.0,5,5,0,0,5,5,1249,0,0,0,0,0
2020-10-07,US,South Dakota,Hughes,585,5,0,44.39091534,-99.99661148,46065.0,3337.897980143787,0.8547008547008547,580,570,5,0,565,566,17650,15,0,0,15,4
2020-10-07,US,South Dakota,Hutchinson,135,2,0,43.33449012,-97.75536441,46067.0,1851.5978603758053,1.4814814814814814,133,133,2,0,131,129,7380,2,0,0,2,4
2020-10-07,US,South Dakota,Hyde,24,0,0,44.54747703,-99.48572582,46069.0,1844.7348193697155,0.0,24,20,0,0,20,20,1282,4,0,0,4,0
2020-10-07,US,South Dakota,Jackson,44,1,0,43.69318385,-101.6255063,46071.0,1315.7894736842104,2.272727272727273,43,38,1,0,37,38,3307,6,0,0,6,0
2020-10-07,US,South Dakota,Jerauld,146,3,0,44.06637798,-98.62965972,46073.0,7252.856433184302,2.054794520547945,143,102,3,0,99,101,2043,44,0,0,44,1
2020-10-07,US,South Dakota,Jones,20,0,0,43.96278565,-100.6940008,46075.0,2214.839424141749,0.0,20,19,0,0,19,19,928,1,0,0,1,0
2020-10-07,US,South Dakota,Kingsbury,80,0,0,44.36956169,-97.4913945,46077.0,1619.761085239927,0.0,80,69,0,0,69,68,4919,11,0,0,11,1
2020-10-07,US,South Dakota,Lake,223,8,0,44.02193107,-97.12926365,46079.0,1742.5959209189655,3.5874439461883414,215,220,7,0,213,219,13057,3,1,0,2,1
2020-10-07,US,South Dakota,Lawrence,513,5,0,44.35919441,-103.79294279999999,46081.0,1984.9868441417734,0.9746588693957114,508,487,5,0,482,475,25741,26,0,0,26,12
2020-10-07,US,South Dakota,Lincoln,1648,4,0,43.27841182,-96.72039050000001,46083.0,2695.982201282555,0.2427184466019417,1644,1585,3,0,1582,1567,58807,63,1,0,62,18
2020-10-07,US,South Dakota,Lyman,193,3,0,43.89522709,-99.85201878,46085.0,5104.469717006083,1.5544041450777202,190,186,3,0,183,184,3821,7,0,0,7,2
2020-10-07,US,South Dakota,Marshall,48,0,0,45.75870838,-97.59855639,46091.0,972.644376899696,0.0,48,48,0,0,48,48,5112,0,0,0,0,0
2020-10-07,US,South Dakota,McCook,137,1,0,43.6742571,-97.36863144,46087.0,2452.559971356964,0.7299270072992701,136,132,1,0,131,127,5546,5,0,0,5,5
2020-10-07,US,South Dakota,McPherson,42,0,0,45.76626028,-99.22118798,46089.0,1765.447667087011,0.0,42,42,0,0,42,42,2407,0,0,0,0,0
2020-10-07,US,South Dakota,Meade,659,6,0,44.56676791,-102.71627409999999,46093.0,2325.991811379359,0.9104704097116844,653,638,5,0,633,632,28294,21,1,0,20,6
2020-10-07,US,South Dakota,Mellette,40,0,0,43.58078848,-100.7563186,46095.0,1940.8054342552161,0.0,40,38,0,0,38,38,2042,2,0,0,2,0
2020-10-07,US,South Dakota,Miner,44,0,0,44.02197882,-97.60992207,46097.0,1985.559566787004,0.0,44,30,0,0,30,30,2213,14,0,0,14,0
2020-10-07,US,South Dakota,Minnehaha,7413,84,0,43.67441641,-96.7910885,46099.0,3838.267731212526,1.13314447592068,7329,7274,84,0,7190,7219,192876,139,0,0,139,55
2020-10-07,US,South Dakota,Moody,120,0,0,44.02266214,-96.67081159,46101.0,1824.8175182481752,0.0,120,115,0,0,115,114,6579,5,0,0,5,1
2020-10-07,US,South Dakota,Oglala Lakota,350,4,0,43.33749164,-102.55554980000001,46102.0,2468.7874726669957,1.1428571428571428,346,341,4,0,337,340,14309,9,0,0,9,1
2020-10-07,US,South Dakota,Pennington,2864,39,0,44.0025835,-102.8240777,46103.0,2517.2489562733467,1.3617318435754189,2825,2667,37,0,2630,2623,111729,197,2,0,195,44
2020-10-07,US,South Dakota,Perkins,48,0,0,45.49049506,-102.47555859999999,46105.0,1675.3926701570679,0.0,48,44,0,0,44,44,2922,4,0,0,4,0
2020-10-07,US,South Dakota,Potter,63,0,0,45.06583079,-99.95498503,46107.0,2926.1495587552254,0.0,63,56,0,0,56,54,2207,7,0,0,7,2
2020-10-07,US,South Dakota,Roberts,243,1,0,45.62975048,-96.94672673,46109.0,2337.887242639985,0.41152263374485604,242,237,1,0,236,236,10447,6,0,0,6,1
2020-10-07,US,South Dakota,Sanborn,50,0,0,44.02351092,-98.09098159999999,46111.0,2133.1058020477813,0.0,50,40,0,0,40,40,2429,10,0,0,10,0
2020-10-07,US,South Dakota,Spink,163,0,0,44.93837606,-98.34626602,46115.0,2556.4617314930993,0.0,163,159,0,0,159,153,6495,4,0,0,4,6
2020-10-07,US,South Dakota,Stanley,48,0,0,44.41381872,-100.7349153,46117.0,1549.3867010974825,0.0,48,48,0,0,48,47,3022,0,0,0,0,1
2020-10-07,US,South Dakota,Sully,19,0,0,44.71571812,-100.1278092,46119.0,1365.923795830338,0.0,19,18,0,0,18,17,1392,1,0,0,1,1
2020-10-07,US,South Dakota,Todd,195,5,0,43.19338568,-100.71955030000001,46121.0,1916.0852903606167,2.5641025641025643,190,172,5,0,167,161,10283,23,0,0,23,11
2020-10-07,US,South Dakota,Tripp,195,1,0,43.34459388,-99.8854891,46123.0,3583.9000183789744,0.5128205128205128,194,190,1,0,189,188,5478,5,0,0,5,2
2020-10-07,US,South Dakota,Turner,235,5,0,43.3109081,-97.14865776,46125.0,2802.958015267176,2.127659574468085,230,188,4,0,184,187,8424,47,1,0,46,1
2020-10-07,US,South Dakota,Union,485,10,0,42.83112163,-96.6557828,46127.0,3044.187798142104,2.061855670103093,475,462,9,0,453,458,15619,23,1,0,22,4
2020-10-07,US,South Dakota,Walworth,150,1,0,45.43019636,-100.03075140000001,46129.0,2759.8896044158228,0.6666666666666666,149,146,1,0,145,146,5587,4,0,0,4,0
2020-10-07,US,South Dakota,Yankton,493,4,0,43.00924485,-97.39467635,46135.0,2160.9538002980626,0.8113590263691683,489,486,4,0,482,482,22869,7,0,0,7,4
2020-10-07,US,South Dakota,Ziebach,69,1,0,44.97881876,-101.6654622,46137.0,2503.628447024673,1.4492753623188406,68,68,1,0,67,67,2742,1,0,0,1,1
2020-10-07,US,Tennessee,Anderson,1337,13,0,36.12684348,-84.19965764,47001.0,1736.8598820442205,0.9723261032161556,1324,1317,13,0,1304,1299,76482,20,0,0,20,18
2020-10-07,US,Tennessee,Bedford,1425,19,0,35.51123746,-86.45549096,47003.0,2866.453442761451,1.3333333333333333,1406,1415,19,0,1396,1412,49038,10,0,0,10,3
2020-10-07,US,Tennessee,Benton,351,9,0,36.07110411,-88.06849355,47005.0,2172.029702970297,2.5641025641025643,342,347,8,0,339,345,16184,4,1,0,3,2
2020-10-07,US,Tennessee,Bledsoe,880,4,0,35.59942968,-85.20611967,47007.0,5841.741901221455,0.4545454545454545,876,877,4,0,873,875,14755,3,0,0,3,2
2020-10-07,US,Tennessee,Blount,2741,28,0,35.68938198,-83.92847788,47009.0,2059.5395527771093,1.0215249908792412,2713,2707,28,0,2679,2696,131349,34,0,0,34,11
2020-10-07,US,Tennessee,Bradley,3139,19,0,35.15739424,-84.857186,47011.0,2903.524188326705,0.6052883083784645,3120,3121,19,0,3102,3093,106727,18,0,0,18,28
2020-10-07,US,Tennessee,Campbell,570,4,0,36.40355516,-84.15108559999999,47013.0,1430.651071733347,0.7017543859649122,566,545,4,0,541,522,39583,25,0,0,25,23
2020-10-07,US,Tennessee,Cannon,332,2,0,35.80990797,-86.05738983,47015.0,2261.888540673116,0.6024096385542169,330,326,2,0,324,324,14462,6,0,0,6,2
2020-10-07,US,Tennessee,Carroll,1004,23,0,35.97366108,-88.45189331,47017.0,3615.802931537437,2.2908366533864544,981,997,21,0,976,992,28020,7,2,0,5,5
2020-10-07,US,Tennessee,Carter,1256,31,0,36.28969086,-82.12588974,47019.0,2227.305775744356,2.468152866242038,1225,1233,31,0,1202,1233,56351,23,0,0,23,0
2020-10-07,US,Tennessee,Cheatham,862,10,0,36.26136216,-87.08903581,47021.0,2119.654756928222,1.160092807424594,852,859,10,0,849,853,40439,3,0,0,3,6
2020-10-07,US,Tennessee,Chester,674,13,0,35.42527478,-88.6095842,47023.0,3896.629473319073,1.9287833827893173,661,670,13,0,657,667,17276,4,0,0,4,3
2020-10-07,US,Tennessee,Claiborne,462,5,0,36.48319149,-83.65947309,47025.0,1445.6021777902938,1.0822510822510822,457,458,5,0,453,456,31756,4,0,0,4,2
2020-10-07,US,Tennessee,Clay,272,6,0,36.55151008,-85.53930419,47027.0,3571.897570584373,2.2058823529411766,266,267,6,0,261,267,7717,5,0,0,5,0
2020-10-07,US,Tennessee,Cocke,821,11,0,35.9278914,-83.11828725,47029.0,2280.302188645706,1.3398294762484777,810,806,11,0,795,793,35774,15,0,0,15,13
2020-10-07,US,Tennessee,Coffee,1465,16,0,35.49090731,-86.07311784,47031.0,2592.0028308563337,1.0921501706484642,1449,1425,16,0,1409,1411,55700,40,0,0,40,14
2020-10-07,US,Tennessee,Crockett,606,19,0,35.81830662,-89.14916269,47033.0,4258.608573436402,3.1353135313531357,587,597,20,0,577,593,14328,9,-1,0,10,4
2020-10-07,US,Tennessee,Cumberland,1339,21,0,35.95271721,-84.99840585,47035.0,2212.491738268341,1.568334578043316,1318,1307,21,0,1286,1298,59673,32,0,0,32,9
2020-10-07,US,Tennessee,Davidson,27636,319,0,36.17007426,-86.78646056,47037.0,3981.3064724322335,1.1542915038355768,27317,27518,317,0,27201,27360,692587,118,2,0,116,158
2020-10-07,US,Tennessee,DeKalb,608,17,0,35.97616272,-85.83689361,47041.0,2967.30112249878,2.796052631578948,591,598,17,0,581,598,20138,10,0,0,10,0
2020-10-07,US,Tennessee,Decatur,570,10,0,35.60048904,-88.11043779,47039.0,4887.2502786590085,1.7543859649122806,560,568,10,0,558,566,11706,2,0,0,2,2
2020-10-07,US,Tennessee,Dickson,1385,17,0,36.14669837,-87.35891709,47043.0,2567.2870171276045,1.2274368231046928,1368,1372,17,0,1355,1360,53446,13,0,0,13,12
2020-10-07,US,Tennessee,Dyer,1599,19,0,36.05931946,-89.41542855,47045.0,4303.129793589709,1.1882426516572857,1580,1564,18,0,1546,1549,37320,35,1,0,34,15
2020-10-07,US,Tennessee,Fayette,1319,22,0,35.19615831,-89.41399032,47047.0,3206.671042715095,1.6679302501895374,1297,1313,22,0,1291,1301,40507,6,0,0,6,12
2020-10-07,US,Tennessee,Fentress,690,4,0,36.38128818,-84.92870012,47049.0,3725.098526156671,0.5797101449275363,686,678,4,0,674,666,18217,12,0,0,12,12
2020-10-07,US,Tennessee,Franklin,1073,11,0,35.15634626,-86.09201039,47051.0,2542.1721000758153,1.0251630941286114,1062,1056,10,0,1046,1052,41890,17,1,0,16,4
2020-10-07,US,Tennessee,Gibson,1887,28,0,35.99438059,-88.93358327,47053.0,3840.595933486659,1.4838367779544248,1859,1874,27,0,1847,1851,49045,13,1,0,12,23
2020-10-07,US,Tennessee,Giles,757,22,0,35.20222469,-87.03992678,47055.0,2569.2370350257943,2.9062087186261563,735,734,22,0,712,725,29503,23,0,0,23,9
2020-10-07,US,Tennessee,Grainger,441,4,0,36.27469206,-83.51254721,47057.0,1891.080617495712,0.90702947845805,437,443,4,0,439,434,23145,-2,0,0,-2,9
2020-10-07,US,Tennessee,Greene,1258,48,0,36.17470125,-82.84691273,47059.0,1821.3670387583431,3.8155802861685215,1210,1234,48,0,1186,1230,69087,24,0,0,24,4
2020-10-07,US,Tennessee,Grundy,405,8,0,35.38433717,-85.72142731,47061.0,3016.3104193043873,1.9753086419753083,397,397,8,0,389,389,13346,8,0,0,8,8
2020-10-07,US,Tennessee,Hamblen,2094,34,0,36.21990035,-83.26586179,47063.0,3224.812886931345,1.6236867239732569,2060,2073,31,0,2042,2061,64569,21,3,0,18,12
2020-10-07,US,Tennessee,Hamilton,10166,99,0,35.17670231,-85.16652245,47065.0,2763.972115583301,0.9738343497934292,10067,10094,99,0,9995,9964,364286,72,0,0,72,130
2020-10-07,US,Tennessee,Hancock,110,3,0,36.52692871,-83.22375847,47067.0,1661.631419939577,2.727272727272727,107,111,3,0,108,111,6549,-1,0,0,-1,0
2020-10-07,US,Tennessee,Hardeman,1648,28,0,35.20772017,-88.99161161,47069.0,6578.842315369261,1.699029126213592,1620,1644,28,0,1616,1637,25220,4,0,0,4,7
2020-10-07,US,Tennessee,Hardin,1146,17,0,35.19732531,-88.18593755,47071.0,4467.487915172306,1.4834205933682374,1129,1131,16,0,1115,1124,25776,15,1,0,14,7
2020-10-07,US,Tennessee,Hawkins,916,22,0,36.44355426,-82.94885298,47073.0,1613.0736449124786,2.4017467248908297,894,898,22,0,876,893,56530,18,0,0,18,5
2020-10-07,US,Tennessee,Haywood,1114,24,0,35.58332824,-89.28536625,47075.0,6437.8178455848365,2.154398563734291,1090,1096,23,0,1073,1092,17335,18,1,0,17,4
2020-10-07,US,Tennessee,Henderson,1263,24,0,35.65581134,-88.38600175,47077.0,4491.944375288971,1.9002375296912115,1239,1252,24,0,1228,1244,27847,11,0,0,11,8
2020-10-07,US,Tennessee,Henry,673,10,0,36.33160906,-88.30121797,47079.0,2080.692533621889,1.4858841010401191,663,670,10,0,660,666,32358,3,0,0,3,4
2020-10-07,US,Tennessee,Hickman,674,11,0,35.80609681,-87.47643507,47081.0,2676.940185876559,1.632047477744807,663,666,11,0,655,666,25063,8,0,0,8,0
2020-10-07,US,Tennessee,Houston,327,13,0,36.28872054,-87.71878828,47083.0,3987.318619680527,3.9755351681957194,314,313,13,0,300,302,8263,14,0,0,14,11
2020-10-07,US,Tennessee,Humphreys,319,3,0,36.03958805,-87.77992872,47085.0,1716.7151006350232,0.9404388714733544,316,313,3,0,310,307,18486,6,0,0,6,6
2020-10-07,US,Tennessee,Jackson,374,5,0,36.36380466,-85.67239905,47087.0,3173.256405905312,1.3368983957219251,369,368,5,0,363,362,11758,6,0,0,6,6
2020-10-07,US,Tennessee,Jefferson,1267,16,0,36.04818632,-83.45148924,47089.0,2324.983943481053,1.2628255722178374,1251,1258,16,0,1242,1243,54012,9,0,0,9,15
2020-10-07,US,Tennessee,Johnson,1009,3,0,36.45523950000001,-81.84886538,47091.0,5672.363391050147,0.2973240832507433,1006,846,3,0,843,783,17778,163,0,0,163,63
2020-10-07,US,Tennessee,Knox,10288,81,0,35.99508821,-83.94635435,47093.0,2187.479402015253,0.7873250388802489,10207,10202,81,0,10121,10088,465289,86,0,0,86,114
2020-10-07,US,Tennessee,Lake,940,3,0,36.34180170000001,-89.48921915,47095.0,13397.94754846066,0.3191489361702128,937,938,2,0,936,935,7411,2,1,0,1,3
2020-10-07,US,Tennessee,Lauderdale,1095,16,0,35.75893438,-89.63015909999999,47097.0,4271.837085007607,1.4611872146118718,1079,1071,16,0,1055,1063,25825,24,0,0,24,8
2020-10-07,US,Tennessee,Lawrence,1193,16,0,35.21675201,-87.39787695,47099.0,2702.641475239001,1.341156747694887,1177,1175,14,0,1161,1160,43734,18,2,0,16,15
2020-10-07,US,Tennessee,Lewis,252,1,0,35.52853208,-87.49022694,47101.0,2054.1245516791655,0.3968253968253968,251,242,1,0,241,240,12086,10,0,0,10,2
2020-10-07,US,Tennessee,Lincoln,688,1,0,35.13738622,-86.58910106,47103.0,2001.9786998777856,0.14534883720930233,687,680,1,0,679,670,34117,8,0,0,8,10
2020-10-07,US,Tennessee,Loudon,1342,8,0,35.73939663,-84.31145275,47105.0,2482.059628615817,0.5961251862891207,1334,1319,8,0,1311,1307,53054,23,0,0,23,12
2020-10-07,US,Tennessee,Macon,1136,22,0,36.53157855,-86.00778595,47111.0,4617.510771481992,1.9366197183098592,1114,1120,22,0,1098,1110,24265,16,0,0,16,10
2020-10-07,US,Tennessee,Madison,3246,73,0,35.61181957,-88.84076036,47113.0,3312.785760940563,2.248921749845964,3173,3225,73,0,3152,3194,97605,21,0,0,21,31
2020-10-07,US,Tennessee,Marion,599,9,0,35.12997174,-85.62265895,47115.0,2072.1624520012456,1.5025041736227045,590,589,9,0,580,582,28575,10,0,0,10,7
2020-10-07,US,Tennessee,Marshall,862,5,0,35.45798777,-86.76420988,47117.0,2507.6363636363635,0.580046403712297,857,846,5,0,841,839,33683,16,0,0,16,7
2020-10-07,US,Tennessee,Maury,2602,30,0,35.618741299999996,-87.07462444,47119.0,2699.534169545685,1.1529592621060722,2572,2582,30,0,2552,2570,94340,20,0,0,20,12
2020-10-07,US,Tennessee,McMinn,1259,28,0,35.42812616,-84.61520715,47107.0,2340.409711120199,2.223987291501192,1231,1239,28,0,1211,1224,53285,20,0,0,20,15
2020-10-07,US,Tennessee,McNairy,990,21,0,35.17468549,-88.5647812,47109.0,3853.039620144781,2.121212121212121,969,982,20,0,962,976,25832,8,1,0,7,6
2020-10-07,US,Tennessee,Meigs,245,3,0,35.51558739,-84.81482914,47121.0,1972.3071969087107,1.2244897959183674,242,243,3,0,240,240,12306,2,0,0,2,3
2020-10-07,US,Tennessee,Monroe,1157,21,0,35.44550387,-84.24902965,47123.0,2485.766462563111,1.8150388936905792,1136,1146,20,0,1126,1136,46357,11,1,0,10,10
2020-10-07,US,Tennessee,Montgomery,3358,46,0,36.49609412,-87.38550661,47125.0,1606.7523792662912,1.3698630136986298,3312,3321,46,0,3275,3292,205950,37,0,0,37,29
2020-10-07,US,Tennessee,Moore,206,1,0,35.27724699,-86.36230578,47127.0,3175.0924784217023,0.4854368932038835,205,202,1,0,201,201,6411,4,0,0,4,1
2020-10-07,US,Tennessee,Morgan,348,4,0,36.13248031,-84.64880098,47129.0,1625.9402887445685,1.1494252873563218,344,347,4,0,343,340,21579,1,0,0,1,7
2020-10-07,US,Tennessee,Obion,1414,16,0,36.35732446,-89.14921589,47131.0,4702.517542984469,1.1315417256011315,1398,1382,15,0,1367,1362,30267,32,1,0,31,20
2020-10-07,US,Tennessee,Out of TN,3169,27,0,0.0,0.0,80047.0,0.0,0.8520037866834964,3142,3118,27,0,3091,3103,,51,0,0,51,15
2020-10-07,US,Tennessee,Overton,893,8,0,36.34117832,-85.28989535,47133.0,4015.1072343869428,0.8958566629339306,885,872,8,0,864,856,22068,21,0,0,21,16
2020-10-07,US,Tennessee,Perry,159,1,0,35.63708728,-87.86139634,47135.0,1968.7964338781574,0.6289308176100629,158,157,0,0,157,157,8064,2,1,0,1,0
2020-10-07,US,Tennessee,Pickett,169,2,0,36.55606529,-85.07763299999998,47137.0,3347.860538827258,1.183431952662722,167,157,2,0,155,148,5082,12,0,0,12,9
2020-10-07,US,Tennessee,Polk,437,12,0,35.12245443,-84.52075859,47139.0,2596.245247148289,2.7459954233409607,425,429,12,0,417,427,16898,8,0,0,8,2
2020-10-07,US,Tennessee,Putnam,3639,49,0,36.14005459,-85.50646123,47141.0,4534.861985170415,1.346523770266557,3590,3588,49,0,3539,3556,78843,51,0,0,51,32
2020-10-07,US,Tennessee,Rhea,926,15,0,35.60536161,-84.93076643,47143.0,2791.9317393795036,1.6198704103671706,911,917,15,0,902,913,33044,9,0,0,9,4
2020-10-07,US,Tennessee,Roane,998,6,0,35.84923189,-84.52458689,47145.0,1869.5440410625306,0.6012024048096193,992,980,6,0,974,969,53140,18,0,0,18,11
2020-10-07,US,Tennessee,Robertson,2326,38,0,36.52454807,-86.87346725,47147.0,3238.967874897303,1.6337059329320722,2288,2305,38,0,2267,2298,71012,21,0,0,21,7
2020-10-07,US,Tennessee,Rutherford,9978,99,0,35.84591405,-86.4107263,47149.0,3002.8439442045233,0.9921828021647624,9879,9884,99,0,9785,9807,324890,94,0,0,94,77
2020-10-07,US,Tennessee,Scott,255,3,0,36.42325673,-84.50360494,47151.0,1155.519303969549,1.1764705882352942,252,249,3,0,246,245,22039,6,0,0,6,4
2020-10-07,US,Tennessee,Sequatchie,261,1,0,35.36979721,-85.41022136,47153.0,1736.9892186876086,0.3831417624521073,260,260,1,0,259,260,14876,1,0,0,1,0
2020-10-07,US,Tennessee,Sevier,2811,18,0,35.78077323,-83.52244332,47155.0,2861.068702290076,0.6403415154749199,2793,2786,18,0,2768,2767,97892,25,0,0,25,19
2020-10-07,US,Tennessee,Shelby,32138,491,0,35.1864775,-89.89692423,47157.0,3429.2750697315096,1.5277864210591825,31647,32016,491,0,31525,31840,935764,122,0,0,122,176
2020-10-07,US,Tennessee,Smith,813,12,0,36.25359775,-85.95411046,47159.0,4033.338294389046,1.4760147601476017,801,809,12,0,797,808,19942,4,0,0,4,1
2020-10-07,US,Tennessee,Stewart,259,3,0,36.50235092,-87.83920548,47161.0,1888.443310244258,1.1583011583011582,256,252,3,0,249,250,13561,7,0,0,7,2
2020-10-07,US,Tennessee,Sullivan,2481,35,0,36.51240691,-82.30412917,47163.0,1566.8022330563062,1.4107214832728738,2446,2436,36,0,2400,2395,157668,45,-1,0,46,41
2020-10-07,US,Tennessee,Sumner,5138,104,0,36.46824103,-86.45917204,47165.0,2686.072468541376,2.024133904242896,5034,5109,104,0,5005,5088,187149,29,0,0,29,21
2020-10-07,US,Tennessee,Tipton,1964,22,0,35.501942,-89.73694895,47167.0,3188.3634474585633,1.120162932790224,1942,1944,22,0,1922,1921,61581,20,0,0,20,23
2020-10-07,US,Tennessee,Trousdale,1700,7,0,36.39026213,-86.16087954,47169.0,15065.579581708616,0.4117647058823529,1693,1697,7,0,1690,1692,11012,3,0,0,3,5
2020-10-07,US,Tennessee,Unassigned,3370,10,0,0.0,0.0,90047.0,0.0,0.2967359050445104,3360,3316,10,0,3306,3273,,54,0,0,54,43
2020-10-07,US,Tennessee,Unicoi,300,1,0,36.10890856,-82.43709629,47171.0,1677.5708773695694,0.3333333333333333,299,297,1,0,296,297,17761,3,0,0,3,0
2020-10-07,US,Tennessee,Union,429,2,0,36.28590426,-83.83651902,47173.0,2148.007210094132,0.4662004662004662,427,420,2,0,418,417,19688,9,0,0,9,3
2020-10-07,US,Tennessee,Van Buren,173,1,0,35.69864497,-85.45221699,47175.0,2946.185286103543,0.5780346820809249,172,171,1,0,170,170,5765,2,0,0,2,1
2020-10-07,US,Tennessee,Warren,1162,9,0,35.672829899999996,-85.77969117,47177.0,2815.1270683431453,0.7745266781411361,1153,1140,8,0,1132,1135,40878,22,1,0,21,5
2020-10-07,US,Tennessee,Washington,2573,38,0,36.29472368,-82.49454720000001,47179.0,1988.792270531401,1.4768752429071124,2535,2531,38,0,2493,2512,128607,42,0,0,42,19
2020-10-07,US,Tennessee,Wayne,1529,6,0,35.23868267,-87.78644456,47181.0,9170.515204222396,0.3924133420536298,1523,1527,6,0,1521,1521,16558,2,0,0,2,6
2020-10-07,US,Tennessee,Weakley,1310,22,0,36.29896232,-88.71990865,47183.0,3930.6289006240995,1.6793893129770991,1288,1300,21,0,1279,1288,33415,10,1,0,9,12
2020-10-07,US,Tennessee,White,950,10,0,35.92929884,-85.45591799,47185.0,3474.1268970561346,1.0526315789473684,940,939,10,0,929,930,27107,11,0,0,11,9
2020-10-07,US,Tennessee,Williamson,5798,41,0,35.89099229,-86.89281867,47187.0,2431.9245675553243,0.707140393239048,5757,5735,40,0,5695,5674,231729,63,1,0,62,61
2020-10-07,US,Tennessee,Wilson,3863,50,0,36.15496772,-86.29775884,47189.0,2670.4549382332,1.2943308309603936,3813,3827,50,0,3777,3788,140625,36,0,0,36,39
2020-10-07,US,Texas,Anderson,2849,37,0,31.81534745,-95.65354823,48001.0,4934.615051528535,1.2987012987012987,2812,2836,37,0,2799,2859,58057,13,0,0,13,-23
2020-10-07,US,Texas,Andrews,477,10,0,32.30468633,-102.63765479999999,48003.0,2550.1202886928627,2.0964360587002098,467,466,10,0,456,457,18128,11,0,0,11,9
2020-10-07,US,Texas,Angelina,2205,84,0,31.25457347,-94.60901487,48005.0,2542.812662169175,3.809523809523809,2121,2205,84,0,2121,2189,87092,0,0,0,0,16
2020-10-07,US,Texas,Aransas,335,18,0,28.10556197,-96.9995047,48007.0,1424.9255635899615,5.373134328358209,317,335,18,0,317,335,23792,0,0,0,0,0
2020-10-07,US,Texas,Archer,89,1,0,33.61569967,-98.68754589,48009.0,1040.5705600374138,1.1235955056179776,88,88,1,0,87,88,8786,1,0,0,1,0
2020-10-07,US,Texas,Armstrong,13,1,0,34.96507426,-101.35748740000001,48011.0,688.924218335983,7.6923076923076925,12,13,1,0,12,13,1892,0,0,0,0,0
2020-10-07,US,Texas,Atascosa,1240,33,0,28.89333001,-98.52730485,48013.0,2424.100248274784,2.661290322580645,1207,1244,32,0,1212,1245,50310,-4,1,0,-5,-1
2020-10-07,US,Texas,Austin,503,9,0,29.88548725,-96.27736949,48015.0,1674.8801278636124,1.7892644135188869,494,502,9,0,493,502,29989,1,0,0,1,0
2020-10-07,US,Texas,Bailey,231,5,0,34.06854817,-102.8299707,48017.0,3300.0,2.1645021645021645,226,232,5,0,227,228,7027,-1,0,0,-1,4
2020-10-07,US,Texas,Bandera,176,8,0,29.74619598,-99.24598147,48019.0,761.509172724126,4.545454545454546,168,177,8,0,169,177,22824,-1,0,0,-1,0
2020-10-07,US,Texas,Bastrop,1882,30,0,30.10370699,-97.31206354,48021.0,2121.2087057471003,1.5940488841657812,1852,1874,30,0,1844,1865,86976,8,0,0,8,9
2020-10-07,US,Texas,Baylor,31,2,0,33.61640794,-99.21352901,48023.0,883.4425762325449,6.451612903225807,29,26,1,0,25,20,3582,5,1,0,4,6
2020-10-07,US,Texas,Bee,1819,36,0,28.41761668,-97.74215593,48025.0,5585.751573775526,1.9791094007696537,1783,1840,36,0,1804,1823,32587,-21,0,0,-21,17
2020-10-07,US,Texas,Bell,5721,91,0,31.03736027,-97.4785025,48027.0,1576.3630953037,1.5906310085649362,5630,5690,90,0,5600,5623,355642,31,1,0,30,67
2020-10-07,US,Texas,Bexar,59153,1339,0,29.44928723,-98.52019748,48029.0,2952.403578840401,2.263621456223691,57814,58746,1336,0,57410,58746,1986049,407,3,0,404,0
2020-10-07,US,Texas,Blanco,148,5,0,30.26640707,-98.3999852,48031.0,1240.4660129075517,3.3783783783783785,143,146,5,0,141,145,11702,2,0,0,2,1
2020-10-07,US,Texas,Borden,1,0,0,32.74363984,-101.43165090000001,48033.0,152.9051987767584,0.0,1,1,0,0,1,1,648,0,0,0,0,0
2020-10-07,US,Texas,Bosque,358,7,0,31.89978581,-97.63613524,48035.0,1915.9753813219158,1.9553072625698324,351,355,6,0,349,351,18691,3,1,0,2,4
2020-10-07,US,Texas,Bowie,1488,59,0,33.44626922,-94.41834132,48037.0,1595.7960212343826,3.96505376344086,1429,1476,58,0,1418,1457,94324,12,1,0,11,19
2020-10-07,US,Texas,Brazoria,11658,173,0,29.18757369,-95.44563172,48039.0,3114.9135369685573,1.4839595127809229,11485,11603,172,0,11431,11575,370200,55,1,0,54,28
2020-10-07,US,Texas,Brazos,6794,65,0,30.663644800000004,-96.30205577,48041.0,2964.081130486757,0.9567265234030028,6729,6725,65,0,6660,6686,226758,69,0,0,69,39
2020-10-07,US,Texas,Brewster,223,4,0,29.81008251,-103.25203259999999,48043.0,2423.1228947082473,1.7937219730941705,219,222,4,0,218,220,9267,1,0,0,1,2
2020-10-07,US,Texas,Briscoe,15,1,0,34.53026962,-101.2084947,48045.0,970.2457956015525,6.666666666666668,14,15,1,0,14,15,1516,0,0,0,0,0
2020-10-07,US,Texas,Brooks,329,22,0,27.03103197,-98.21808402,48047.0,4638.375863527422,6.6869300911854115,307,329,22,0,307,329,7114,0,0,0,0,0
2020-10-07,US,Texas,Brown,594,25,0,31.77430356,-98.99907113,48049.0,1568.7724487639975,4.2087542087542085,569,593,25,0,568,592,37924,1,0,0,1,1
2020-10-07,US,Texas,Burleson,370,6,0,30.49273808,-96.62158484,48051.0,2006.181206961991,1.6216216216216215,364,358,6,0,352,354,18389,12,0,0,12,4
2020-10-07,US,Texas,Burnet,785,12,0,30.78801353,-98.181887,48053.0,1630.1526321254282,1.5286624203821657,773,782,12,0,770,771,47542,3,0,0,3,11
2020-10-07,US,Texas,Caldwell,1669,36,0,29.83668859,-97.61814775,48055.0,3822.3708318065214,2.1569802276812458,1633,1633,36,0,1597,1629,43247,36,0,0,36,4
2020-10-07,US,Texas,Calhoun,854,8,0,28.47048236,-96.61633945,48057.0,4011.272898074213,0.936768149882904,846,856,8,0,848,851,21561,-2,0,0,-2,5
2020-10-07,US,Texas,Callahan,98,4,0,32.29760619,-99.37326312,48059.0,702.8616510076741,4.081632653061225,94,98,4,0,94,98,13994,0,0,0,0,0
2020-10-07,US,Texas,Cameron,23084,1034,0,26.14524221,-97.48140372,48061.0,5455.1083152354995,4.479293016808178,22050,23029,1023,0,22006,22946,423908,55,11,0,44,83
2020-10-07,US,Texas,Camp,369,11,0,32.97195142,-94.97790104,48063.0,2818.0846189094236,2.9810298102981028,358,366,11,0,355,363,13033,3,0,0,3,3
2020-10-07,US,Texas,Carson,33,0,0,35.40365929,-101.35426690000001,48065.0,556.8680391495107,0.0,33,33,0,0,33,31,6005,0,0,0,0,2
2020-10-07,US,Texas,Cass,404,17,0,33.07499881,-94.34646905,48067.0,1345.5005661759808,4.207920792079208,387,400,16,0,384,389,30119,4,1,0,3,11
2020-10-07,US,Texas,Castro,263,5,0,34.53016752,-102.2617243,48069.0,3492.6958831341303,1.9011406844106464,258,263,5,0,258,263,7665,0,0,0,0,0
2020-10-07,US,Texas,Chambers,1414,8,0,29.70972016,-94.67154501,48071.0,3225.585692451582,0.5657708628005658,1406,1377,8,0,1369,1377,42454,37,0,0,37,0
2020-10-07,US,Texas,Cherokee,1575,30,0,31.837258000000002,-95.16559897,48073.0,2991.6802796033885,1.9047619047619049,1545,1573,30,0,1543,1571,52592,2,0,0,2,2
2020-10-07,US,Texas,Childress,79,0,0,34.529304100000004,-100.2077916,48075.0,1081.3030385984123,0.0,79,77,0,0,77,75,7291,2,0,0,2,2
2020-10-07,US,Texas,Clay,83,2,0,33.78686685,-98.20771198,48077.0,792.6654569764113,2.409638554216868,81,83,2,0,81,81,10456,0,0,0,0,2
2020-10-07,US,Texas,Cochran,60,1,0,33.60425307,-102.82844990000001,48079.0,2103.0494216614093,1.6666666666666667,59,60,1,0,59,59,2836,0,0,0,0,1
2020-10-07,US,Texas,Coke,54,3,0,31.88911733,-100.5297533,48081.0,1594.3312666076174,5.5555555555555545,51,53,3,0,50,53,3370,1,0,0,1,0
2020-10-07,US,Texas,Coleman,81,4,0,31.76736834,-99.45240766,48083.0,990.8256880733943,4.938271604938271,77,81,4,0,77,80,8397,0,0,0,0,1
2020-10-07,US,Texas,Collin,15814,158,0,33.18820114,-96.57264368,48085.0,1528.3213978525796,0.9991147084861516,15656,15736,155,0,15581,15610,1005146,78,3,0,75,126
2020-10-07,US,Texas,Collingsworth,19,0,0,34.96489496,-100.27001109999999,48087.0,650.6849315068494,0.0,19,19,0,0,19,19,2962,0,0,0,0,0
2020-10-07,US,Texas,Colorado,490,4,0,29.622097999999998,-96.5273805,48089.0,2279.812031824315,0.8163265306122449,486,490,4,0,486,490,21217,0,0,0,0,0
2020-10-07,US,Texas,Comal,2766,103,0,29.80811278,-98.27647225,48091.0,1770.704632895672,3.723788864786696,2663,2761,103,0,2658,2757,148373,5,0,0,5,4
2020-10-07,US,Texas,Comanche,327,4,0,31.94854689,-98.55876441,48093.0,2398.2398239823983,1.2232415902140672,323,317,4,0,313,310,13534,10,0,0,10,7
2020-10-07,US,Texas,Concho,138,2,0,31.32635934,-99.86473038,48095.0,5062.362435803375,1.4492753623188406,136,138,2,0,136,136,4276,0,0,0,0,2
2020-10-07,US,Texas,Cooke,477,7,0,33.63979567,-97.21240912,48097.0,1156.1674382529025,1.4675052410901468,470,476,7,0,469,461,40574,1,0,0,1,15
2020-10-07,US,Texas,Coryell,1854,12,0,31.39078397,-97.79936155,48099.0,2441.047517478374,0.6472491909385113,1842,1854,12,0,1842,1839,74808,0,0,0,0,15
2020-10-07,US,Texas,Cottle,32,3,0,34.07783319,-100.27850620000001,48101.0,2288.9842632331893,9.375,29,32,3,0,29,30,1389,0,0,0,0,2
2020-10-07,US,Texas,Crane,72,2,0,31.43052248,-102.5143314,48103.0,1500.93808630394,2.7777777777777777,70,72,2,0,70,72,4794,0,0,0,0,0
2020-10-07,US,Texas,Crockett,165,7,0,30.72367027,-101.4134238,48105.0,4763.279445727483,4.242424242424242,158,165,7,0,158,164,3499,0,0,0,0,1
2020-10-07,US,Texas,Crosby,90,3,0,33.61431553,-101.30003640000001,48107.0,1568.7641624542443,3.333333333333333,87,90,3,0,87,89,5779,0,0,0,0,1
2020-10-07,US,Texas,Culberson,58,2,0,31.44506775,-104.5185739,48109.0,2671.579917088899,3.4482758620689653,56,55,2,0,53,55,2204,3,0,0,3,0
2020-10-07,US,Texas,Dallam,283,9,0,36.27787176,-102.60207249999999,48111.0,3883.6283793056127,3.180212014134276,274,274,9,0,265,261,7200,9,0,0,9,13
2020-10-07,US,Texas,Dallas,84951,1159,0,32.76670599,-96.77796049999999,48113.0,3223.315661904538,1.3643158997539755,83792,84491,1154,0,83337,84245,2637772,460,5,0,455,246
2020-10-07,US,Texas,Dawson,552,10,0,32.74255572,-101.94772420000001,48115.0,4336.895034569453,1.8115942028985508,542,544,10,0,534,503,12619,8,0,0,8,41
2020-10-07,US,Texas,DeWitt,1034,41,0,29.08101855,-97.35681170000001,48123.0,5128.9682539682535,3.965183752417795,993,1033,41,0,992,996,20187,1,0,0,1,37
2020-10-07,US,Texas,Deaf Smith,917,22,0,34.96522957,-102.6054267,48117.0,4944.462417772026,2.3991275899672853,895,917,22,0,895,906,18760,0,0,0,0,11
2020-10-07,US,Texas,Delta,30,0,0,33.38570922,-95.66921122,48119.0,562.7462014631401,0.0,30,29,0,0,29,29,5349,1,0,0,1,0
2020-10-07,US,Texas,Denton,12646,157,0,33.20521901,-97.11691153,48121.0,1425.3719819613684,1.2414992883125098,12489,12567,157,0,12410,12508,859064,79,0,0,79,59
2020-10-07,US,Texas,Dickens,50,2,0,33.61616822,-100.7788855,48125.0,2261.420171867933,4.0,48,50,2,0,48,50,2249,0,0,0,0,0
2020-10-07,US,Texas,Dimmit,266,7,0,28.42270064,-99.75645095,48127.0,2627.419992097985,2.631578947368421,259,263,7,0,256,259,10308,3,0,0,3,4
2020-10-07,US,Texas,Donley,69,1,0,34.96517499,-100.8140093,48129.0,2104.942037827944,1.4492753623188406,68,70,1,0,69,66,3319,-1,0,0,-1,4
2020-10-07,US,Texas,Duval,463,17,0,27.68184592,-98.50864568,48131.0,4149.861073765349,3.6717062634989204,446,462,17,0,445,459,11212,1,0,0,1,3
2020-10-07,US,Texas,Eastland,200,4,0,32.32743996,-98.83243566,48133.0,1089.3246187363834,2.0,196,196,4,0,192,191,18322,4,0,0,4,5
2020-10-07,US,Texas,Ector,5167,100,0,31.86898877,-102.54294279999999,48135.0,3108.474759810616,1.9353590090961876,5067,5122,100,0,5022,5088,162124,45,0,0,45,34
2020-10-07,US,Texas,Edwards,68,2,0,29.98202582,-100.304252,48137.0,3519.6687370600416,2.9411764705882355,66,68,2,0,66,68,1928,0,0,0,0,0
2020-10-07,US,Texas,El Paso,26432,543,0,31.76980765,-106.23632749999999,48141.0,3149.5237346259346,2.0543280871670704,25889,26030,538,0,25492,25793,840758,402,5,0,397,237
2020-10-07,US,Texas,Ellis,4523,69,0,32.34894117,-96.79371841,48139.0,2447.1665241903197,1.5255361485739554,4454,4484,68,0,4416,4482,179436,39,1,0,38,2
2020-10-07,US,Texas,Erath,902,13,0,32.23602653,-98.21773417,48143.0,2112.5111246428405,1.441241685144124,889,887,13,0,874,892,42446,15,0,0,15,-5
2020-10-07,US,Texas,Falls,565,5,0,31.25350609,-96.93630086,48145.0,3266.462392322368,0.8849557522123894,560,558,5,0,553,436,17335,7,0,0,7,122
2020-10-07,US,Texas,Fannin,705,15,0,33.59564294,-96.10751083,48147.0,1985.1326237540125,2.127659574468085,690,700,15,0,685,701,35286,5,0,0,5,-1
2020-10-07,US,Texas,Fayette,625,21,0,29.87788372,-96.92076062,48149.0,2465.8723269943976,3.36,604,624,21,0,603,624,25349,1,0,0,1,0
2020-10-07,US,Texas,Fisher,70,3,0,32.74281316,-100.40193020000001,48151.0,1827.6762402088773,4.285714285714286,67,70,3,0,67,68,3839,0,0,0,0,2
2020-10-07,US,Texas,Floyd,113,9,0,34.07227468,-101.3031546,48153.0,1978.2913165266107,7.9646017699115035,104,113,9,0,104,112,5837,0,0,0,0,1
2020-10-07,US,Texas,Foard,18,0,0,33.97308618,-99.7767797,48155.0,1558.4415584415585,0.0,18,18,0,0,18,18,1200,0,0,0,0,0
2020-10-07,US,Texas,Fort Bend,16703,295,0,29.52704478,-95.77219463,48157.0,2057.81039019919,1.7661497934502783,16408,16642,295,0,16347,16620,787858,61,0,0,61,22
2020-10-07,US,Texas,Franklin,152,6,0,33.17653242,-95.21917243,48159.0,1417.249417249417,3.947368421052632,146,152,6,0,146,147,10766,0,0,0,0,5
2020-10-07,US,Texas,Freestone,422,3,0,31.70422788,-96.15072516,48161.0,2140.285033220064,0.7109004739336493,419,421,3,0,418,417,19808,1,0,0,1,4
2020-10-07,US,Texas,Frio,994,9,0,28.86751206,-99.10804207,48163.0,4895.104895104895,0.9054325955734408,985,996,9,0,987,993,19816,-2,0,0,-2,3
2020-10-07,US,Texas,Gaines,403,9,0,32.74055318,-102.6353295,48165.0,1875.1163223525034,2.2332506203473947,394,389,9,0,380,379,20901,14,0,0,14,10
2020-10-07,US,Texas,Galveston,11833,165,0,29.40167322,-94.90469073,48167.0,3458.5358582330573,1.3944054762105975,11668,11807,164,0,11643,11788,337890,26,1,0,25,19
2020-10-07,US,Texas,Garza,106,4,0,33.17969345,-101.2984114,48169.0,1701.7177717129557,3.7735849056603774,102,106,4,0,102,105,6578,0,0,0,0,1
2020-10-07,US,Texas,Gillespie,337,10,0,30.31824095,-98.94676915,48171.0,1248.7031273158439,2.967359050445104,327,338,10,0,328,336,26804,-1,0,0,-1,2
2020-10-07,US,Texas,Glasscock,9,0,0,31.86942909,-101.5207776,48173.0,638.7508871540099,0.0,9,9,0,0,9,9,1388,0,0,0,0,0
2020-10-07,US,Texas,Goliad,156,6,0,28.65696592,-97.42760647,48175.0,2037.0854008879605,3.8461538461538463,150,156,6,0,150,156,7584,0,0,0,0,0
2020-10-07,US,Texas,Gonzales,1071,18,0,29.45634206,-97.49424032,48177.0,5139.895378413399,1.680672268907563,1053,1070,18,0,1052,1071,20826,1,0,0,1,-1
2020-10-07,US,Texas,Gray,336,7,0,35.40081878,-100.8129222,48179.0,1535.2279996344696,2.083333333333333,329,336,7,0,329,332,21895,0,0,0,0,4
2020-10-07,US,Texas,Grayson,2009,48,0,33.62744998,-96.67753461,48181.0,1474.9067629871086,2.389248382279741,1961,1983,48,0,1935,1964,133991,26,0,0,26,19
2020-10-07,US,Texas,Gregg,2328,76,0,32.47940482,-94.81591935,48183.0,1878.252450683771,3.2646048109965635,2252,2314,75,0,2239,2299,123707,14,1,0,13,15
2020-10-07,US,Texas,Grimes,1101,33,0,30.54579585,-95.98902499,48185.0,3812.3268698060942,2.9972752043596733,1068,1098,33,0,1065,1093,28360,3,0,0,3,5
2020-10-07,US,Texas,Guadalupe,3727,78,0,29.58165339,-97.94786822,48187.0,2233.783046743424,2.092836061175208,3649,3737,78,0,3659,3743,163694,-10,0,0,-10,-6
2020-10-07,US,Texas,Hale,2009,57,0,34.07044901,-101.82681140000001,48189.0,6013.889720409506,2.8372324539571925,1952,1940,57,0,1883,1940,33830,69,0,0,69,0
2020-10-07,US,Texas,Hall,35,1,0,34.5307555,-100.68138520000001,48191.0,1180.8367071524967,2.8571428571428568,34,35,1,0,34,35,3028,0,0,0,0,0
2020-10-07,US,Texas,Hamilton,162,4,0,31.70470573,-98.11083887,48193.0,1914.6672970098093,2.469135802469136,158,157,4,0,153,154,8484,5,0,0,5,3
2020-10-07,US,Texas,Hansford,168,6,0,36.27743284,-101.3545796,48195.0,3111.687349509168,3.571428571428572,162,155,5,0,150,145,5463,13,1,0,12,10
2020-10-07,US,Texas,Hardeman,36,1,0,34.28944521,-99.74632408,48197.0,915.3318077803204,2.7777777777777777,35,31,0,0,31,25,3922,5,1,0,4,6
2020-10-07,US,Texas,Hardin,1358,32,0,30.33364686,-94.38931817,48199.0,2357.557029269817,2.3564064801178204,1326,1355,32,0,1323,1358,57207,3,0,0,3,-3
2020-10-07,US,Texas,Harris,149394,2647,0,29.85864939,-95.39339521,48201.0,3169.6095643733447,1.7718248390162925,146747,148769,2632,0,146137,148235,4698619,625,15,0,610,534
2020-10-07,US,Texas,Harrison,939,32,0,32.54935988,-94.36934071,48203.0,1410.9055940378344,3.407880724174654,907,937,32,0,905,928,66726,2,0,0,2,9
2020-10-07,US,Texas,Hartley,145,0,0,35.84008013,-102.6029022,48205.0,2600.4304160688666,0.0,145,144,0,0,144,141,5619,1,0,0,1,3
2020-10-07,US,Texas,Haskell,72,3,0,33.17823584,-99.73037358,48207.0,1272.5344644750794,4.166666666666667,69,72,3,0,69,71,5813,0,0,0,0,1
2020-10-07,US,Texas,Hays,6008,68,0,30.05669873,-98.02944344,48209.0,2610.0064728855605,1.1318242343541944,5940,5995,67,0,5928,5965,222631,13,1,0,12,30
2020-10-07,US,Texas,Hemphill,88,0,0,35.83764858,-100.2703577,48211.0,2304.268133019115,0.0,88,88,0,0,88,83,3825,0,0,0,0,5
2020-10-07,US,Texas,Henderson,1041,24,0,32.21128872,-95.85846587,48213.0,1258.203705718119,2.3054755043227666,1017,1038,23,0,1015,1022,82299,3,1,0,2,16
2020-10-07,US,Texas,Hidalgo,33018,1805,0,26.39418217,-98.18299696,48215.0,3800.821220503576,5.466715125083288,31213,32813,1784,0,31029,32630,865939,205,21,0,184,183
2020-10-07,US,Texas,Hill,723,14,0,31.99045053,-97.13423143,48217.0,1972.768697645229,1.9363762102351316,709,717,14,0,703,710,36354,6,0,0,6,7
2020-10-07,US,Texas,Hockley,387,9,0,33.60771256,-102.3431676,48219.0,1681.0738021806173,2.3255813953488373,378,383,9,0,374,373,22980,4,0,0,4,10
2020-10-07,US,Texas,Hood,1013,30,0,32.42990927,-97.83242024,48221.0,1643.3333874081409,2.9615004935834155,983,1005,30,0,975,1002,60537,8,0,0,8,3
2020-10-07,US,Texas,Hopkins,408,15,0,33.14875072,-95.56351139,48223.0,1100.2049401359077,3.6764705882352944,393,402,14,0,388,395,36810,6,1,0,5,7
2020-10-07,US,Texas,Houston,385,11,0,31.31925973,-95.42226208,48225.0,1676.2452107279694,2.8571428571428568,374,384,11,0,373,385,23169,1,0,0,1,-1
2020-10-07,US,Texas,Howard,965,17,0,32.30621324,-101.4356444,48227.0,2632.009600698233,1.7616580310880832,948,933,16,0,917,918,36459,32,1,0,31,15
2020-10-07,US,Texas,Hudspeth,64,3,0,31.45628381,-105.388178,48229.0,1309.8649201801065,4.6875,61,62,3,0,59,62,4795,2,0,0,2,0
2020-10-07,US,Texas,Hunt,1709,39,0,33.12351514,-96.08551032,48231.0,1733.3711990587665,2.282036278525453,1670,1705,39,0,1666,1705,96493,4,0,0,4,0
2020-10-07,US,Texas,Hutchinson,243,6,0,35.84006574,-101.3546643,48233.0,1160.5692998376155,2.469135802469136,237,233,6,0,227,233,21198,10,0,0,10,0
2020-10-07,US,Texas,Irion,12,0,0,31.30375559,-100.982439,48235.0,781.25,0.0,12,12,0,0,12,12,1522,0,0,0,0,0
2020-10-07,US,Texas,Jack,144,3,0,33.23377248,-98.17283469,48237.0,1611.6396194739789,2.083333333333333,141,143,3,0,140,140,8843,1,0,0,1,3
2020-10-07,US,Texas,Jackson,626,16,0,28.95472367,-96.57749563,48239.0,4241.192411924119,2.5559105431309903,610,630,16,0,614,633,14874,-4,0,0,-4,-3
2020-10-07,US,Texas,Jasper,496,30,0,30.74685667,-94.02667579,48241.0,1396.0426693686848,6.048387096774193,466,495,30,0,465,489,35872,1,0,0,1,6
2020-10-07,US,Texas,Jeff Davis,14,0,0,30.71490589,-104.1399973,48243.0,615.6552330694811,0.0,14,14,0,0,14,14,2252,0,0,0,0,0
2020-10-07,US,Texas,Jefferson,7708,138,0,29.8832777,-94.16434171,48245.0,3064.019239560352,1.7903476907109497,7570,7669,137,0,7532,7585,255001,39,1,0,38,84
2020-10-07,US,Texas,Jim Hogg,113,3,0,27.04453923,-98.69681870000001,48247.0,2173.076923076923,2.6548672566371683,110,113,3,0,110,113,5248,0,0,0,0,0
2020-10-07,US,Texas,Jim Wells,1541,40,0,27.73103938,-98.0904705,48249.0,3806.630107208142,2.5957170668397143,1501,1539,39,0,1500,1535,40822,2,1,0,1,4
2020-10-07,US,Texas,Johnson,3234,53,0,32.37877812,-97.36615819,48251.0,1839.412571025555,1.638837353123067,3181,3196,53,0,3143,3169,171361,38,0,0,38,27
2020-10-07,US,Texas,Jones,565,0,0,32.73997145,-99.87861576,48253.0,2813.3247024846887,0.0,565,577,0,0,577,568,19817,-12,0,0,-12,9
2020-10-07,US,Texas,Karnes,946,17,0,28.90705334,-97.85960149,48255.0,6063.713864495866,1.7970401691331923,929,946,17,0,929,948,15650,0,0,0,0,-2
2020-10-07,US,Texas,Kaufman,3236,49,0,32.599141700000004,-96.28734728,48257.0,2376.720478281945,1.5142150803461063,3187,3221,49,0,3172,3202,128622,15,0,0,15,19
2020-10-07,US,Texas,Kendall,372,10,0,29.94414155,-98.7113588,48259.0,784.2971896017372,2.6881720430107525,362,377,9,0,368,377,45641,-5,1,0,-6,0
2020-10-07,US,Texas,Kenedy,7,2,0,26.92601662,-97.66413984,48261.0,1732.6732673267327,28.57142857142857,5,7,2,0,5,7,442,0,0,0,0,0
2020-10-07,US,Texas,Kent,9,0,0,33.18104136,-100.7780939,48263.0,1181.1023622047244,0.0,9,9,0,0,9,9,726,0,0,0,0,0
2020-10-07,US,Texas,Kerr,624,13,0,30.06040006,-99.34930144,48265.0,1186.3117870722433,2.083333333333333,611,624,12,0,612,623,52405,0,1,0,-1,1
2020-10-07,US,Texas,Kimble,17,1,0,30.48678918,-99.74856473,48267.0,391.97602029052337,5.882352941176472,16,17,1,0,16,17,4362,0,0,0,0,0
2020-10-07,US,Texas,Kinney,58,1,0,29.34967888,-100.41866379999999,48271.0,1581.6743932369784,1.7241379310344829,57,58,1,0,57,59,3767,0,0,0,0,-1
2020-10-07,US,Texas,Kleberg,1022,46,0,27.42435506,-97.69894948,48273.0,3331.1603650586712,4.500978473581212,976,1022,46,0,976,1021,31129,0,0,0,0,1
2020-10-07,US,Texas,Knox,106,8,0,33.60519951,-99.74229059999999,48275.0,2893.013100436681,7.547169811320754,98,104,8,0,96,103,3653,2,0,0,2,1
2020-10-07,US,Texas,La Salle,349,11,0,28.34453111,-99.09908775,48283.0,4640.95744680851,3.151862464183381,338,351,11,0,340,349,7531,-2,0,0,-2,2
2020-10-07,US,Texas,Lamar,1320,38,0,33.66981763,-95.57404777,48277.0,2647.465853707455,2.878787878787879,1282,1293,38,0,1255,1261,49728,27,0,0,27,32
2020-10-07,US,Texas,Lamb,353,23,0,34.06859623,-102.35162890000001,48279.0,2737.9198014426433,6.515580736543909,330,346,23,0,323,346,13158,7,0,0,7,0
2020-10-07,US,Texas,Lampasas,275,9,0,31.19531316,-98.24206613,48281.0,1283.3675564681726,3.272727272727273,266,275,9,0,266,264,21229,0,0,0,0,11
2020-10-07,US,Texas,Lavaca,1033,35,0,29.38508402,-96.93186692,48285.0,5125.533392874863,3.388189738625363,998,1042,35,0,1007,1040,20110,-9,0,0,-9,2
2020-10-07,US,Texas,Lee,232,14,0,30.31120597,-96.97045773,48287.0,1345.7857184291431,6.0344827586206895,218,231,14,0,217,230,17144,1,0,0,1,1
2020-10-07,US,Texas,Leon,269,7,0,31.29872538,-95.9936328,48289.0,1545.621696161802,2.6022304832713754,262,268,6,0,262,257,17270,1,1,0,0,11
2020-10-07,US,Texas,Liberty,2264,51,0,30.15152688,-94.81205615,48291.0,2566.340584227888,2.252650176678445,2213,2259,51,0,2208,2261,86323,5,0,0,5,-2
2020-10-07,US,Texas,Limestone,600,15,0,31.5454767,-96.58095444,48293.0,2560.054614498443,2.5,585,594,15,0,579,591,23519,6,0,0,6,3
2020-10-07,US,Texas,Lipscomb,44,1,0,36.27783108,-100.27331509999999,48295.0,1360.965047943087,2.272727272727273,43,36,1,0,35,36,3355,8,0,0,8,0
2020-10-07,US,Texas,Live Oak,374,9,0,28.35101362,-98.1246786,48297.0,3063.815843368559,2.406417112299465,365,374,9,0,365,374,12166,0,0,0,0,0
2020-10-07,US,Texas,Llano,143,2,0,30.70645047,-98.68475262,48299.0,656.1137875659555,1.3986013986013983,141,143,2,0,141,138,21646,0,0,0,0,5
2020-10-07,US,Texas,Lubbock,12939,133,0,33.61008596,-101.82047890000001,48303.0,4166.223930913903,1.027900146842878,12806,12766,132,0,12634,12640,307412,173,1,0,172,126
2020-10-07,US,Texas,Lynn,113,5,0,33.17657705,-101.8162849,48305.0,1898.8405310031928,4.424778761061948,108,111,5,0,106,110,5877,2,0,0,2,1
2020-10-07,US,Texas,Madison,733,6,0,30.96694679,-95.93003775,48313.0,5131.6157938952665,0.8185538881309686,727,733,6,0,727,728,14422,0,0,0,0,5
2020-10-07,US,Texas,Marion,156,14,0,32.79868409,-94.35661230000001,48315.0,1583.1134564643799,8.974358974358974,142,156,14,0,142,153,9928,0,0,0,0,3
2020-10-07,US,Texas,Martin,79,6,0,32.30600051,-101.9513518,48317.0,1368.9135331831571,7.594936708860758,73,79,6,0,73,78,5753,0,0,0,0,1
2020-10-07,US,Texas,Mason,79,2,0,30.71780434,-99.22629416,48319.0,1848.3855872718768,2.5316455696202533,77,79,2,0,77,79,4280,0,0,0,0,0
2020-10-07,US,Texas,Matagorda,1063,48,0,28.81955746,-96.01230294,48321.0,2900.9633490707647,4.51552210724365,1015,1057,48,0,1009,1057,36552,6,0,0,6,0
2020-10-07,US,Texas,Maverick,3829,135,0,28.7429195,-100.3157686,48323.0,6520.554477027347,3.5257247323060854,3694,3712,129,0,3583,3712,58485,117,6,0,111,0
2020-10-07,US,Texas,McCulloch,172,4,0,31.1925468,-99.34682807,48307.0,2154.308617234469,2.3255813953488373,168,172,4,0,168,168,7987,0,0,0,0,4
2020-10-07,US,Texas,McLennan,8642,111,0,31.55255453,-97.20217694,48309.0,3367.5859139671816,1.2844249016431382,8531,8583,110,0,8473,8411,254607,59,1,0,58,172
2020-10-07,US,Texas,McMullen,24,1,0,28.35251708,-98.56769164,48311.0,3230.1480484522212,4.166666666666667,23,24,1,0,23,24,749,0,0,0,0,0
2020-10-07,US,Texas,Medina,1241,48,0,29.355730100000002,-99.11030298,48325.0,2405.7847394540945,3.86784850926672,1193,1236,47,0,1189,1227,50921,5,1,0,4,9
2020-10-07,US,Texas,Menard,31,0,0,30.88990665,-99.82047940000001,48327.0,1449.9532273152481,0.0,31,31,0,0,31,29,2139,0,0,0,0,2
2020-10-07,US,Texas,Midland,4080,85,0,31.86904128,-102.03156820000001,48329.0,2307.274701411509,2.083333333333333,3995,4035,85,0,3950,3987,172578,45,0,0,45,48
2020-10-07,US,Texas,Milam,517,6,0,30.78581830000001,-96.97718698,48331.0,2082.745840551102,1.1605415860735009,511,511,6,0,505,511,25131,6,0,0,6,0
2020-10-07,US,Texas,Mills,62,0,0,31.49557106,-98.59272068,48333.0,1272.3168479376154,0.0,62,61,0,0,61,61,4921,1,0,0,1,0
2020-10-07,US,Texas,Mitchell,106,1,0,32.30623474,-100.9212058,48335.0,1240.491515506144,0.9433962264150944,105,101,1,0,100,98,8145,5,0,0,5,3
2020-10-07,US,Texas,Montague,195,4,0,33.67521893,-97.72500958,48337.0,983.9539812291856,2.051282051282051,191,192,4,0,188,190,19596,3,0,0,3,2
2020-10-07,US,Texas,Montgomery,11855,162,0,30.30079133,-95.50572772,48339.0,1951.790527024602,1.3665120202446226,11693,11682,162,0,11520,11444,590925,173,0,0,173,238
2020-10-07,US,Texas,Moore,1206,22,0,35.83769242,-101.8930281,48341.0,5759.312320916905,1.8242122719734657,1184,1196,22,0,1174,1185,21485,10,0,0,10,11
2020-10-07,US,Texas,Morris,194,4,0,33.11304005,-94.73255695,48343.0,1566.0316435259924,2.061855670103093,190,194,4,0,190,191,12339,0,0,0,0,3
2020-10-07,US,Texas,Motley,10,0,0,34.07408766,-100.77972199999999,48345.0,833.3333333333335,0.0,10,10,0,0,10,10,1234,0,0,0,0,0
2020-10-07,US,Texas,Nacogdoches,1658,65,0,31.62017125,-94.61803994,48347.0,2542.7887859640514,3.920386007237636,1593,1655,65,0,1590,1648,65711,3,0,0,3,7
2020-10-07,US,Texas,Navarro,1340,28,0,32.04620681,-96.47428766,48349.0,2673.956857502045,2.08955223880597,1312,1334,28,0,1306,1317,49565,6,0,0,6,17
2020-10-07,US,Texas,Newton,187,13,0,30.78548982,-93.74408813,48351.0,1375.5057006252298,6.951871657754011,174,187,13,0,174,188,13746,0,0,0,0,-1
2020-10-07,US,Texas,Nolan,282,5,0,32.30365282,-100.4060208,48353.0,1916.5420687780343,1.7730496453900708,277,278,5,0,273,273,14751,4,0,0,4,5
2020-10-07,US,Texas,Nueces,20745,423,0,27.736286,-97.5433285,48355.0,5726.012575422171,2.0390455531453364,20322,20727,421,0,20306,20707,362265,18,2,0,16,20
2020-10-07,US,Texas,Ochiltree,165,5,0,36.27829105,-100.8158184,48357.0,1677.5111834078891,3.0303030303030303,160,144,5,0,139,144,9947,21,0,0,21,0
2020-10-07,US,Texas,Oldham,20,1,0,35.40425596,-102.6027606,48359.0,946.969696969697,5.0,19,19,1,0,18,19,2131,1,0,0,1,0
2020-10-07,US,Texas,Orange,2008,44,0,30.11879481,-93.89412775,48361.0,2407.7893424145045,2.191235059760956,1964,2008,44,0,1964,2005,83572,0,0,0,0,3
2020-10-07,US,Texas,Palo Pinto,620,16,0,32.75310985,-98.31319001,48363.0,2124.0878413100827,2.5806451612903225,604,605,16,0,589,594,28875,15,0,0,15,11
2020-10-07,US,Texas,Panola,411,26,0,32.163959600000005,-94.30552481,48365.0,1772.010002586876,6.326034063260341,385,410,26,0,384,398,23148,1,0,0,1,12
2020-10-07,US,Texas,Parker,2085,38,0,32.77757172,-97.80500621,48367.0,1459.2869441061605,1.8225419664268585,2047,2063,38,0,2025,2040,138371,22,0,0,22,23
2020-10-07,US,Texas,Parmer,449,11,0,34.52993409,-102.78446679999999,48369.0,4674.648620510151,2.4498886414253898,438,445,8,0,437,443,9864,4,3,0,1,2
2020-10-07,US,Texas,Pecos,403,5,0,30.78097267,-102.72412609999999,48371.0,2546.925361815079,1.2406947890818858,398,401,5,0,396,392,15673,2,0,0,2,9
2020-10-07,US,Texas,Polk,876,25,0,30.79472531,-94.82766240000001,48373.0,1705.8399704009507,2.853881278538813,851,876,25,0,851,873,50031,0,0,0,0,3
2020-10-07,US,Texas,Potter,6353,76,0,35.40133773,-101.893964,48375.0,5410.722650427969,1.1962852195813,6277,6260,75,0,6185,6188,119648,93,1,0,92,72
2020-10-07,US,Texas,Presidio,97,7,0,29.99954402,-104.24080790000001,48377.0,1446.8973747016707,7.216494845360825,90,97,7,0,90,97,6948,0,0,0,0,0
2020-10-07,US,Texas,Rains,76,5,0,32.87109387,-95.79232691,48379.0,607.3198018219596,6.578947368421053,71,75,4,0,71,75,12159,1,1,0,0,0
2020-10-07,US,Texas,Randall,3335,46,0,34.96585996,-101.8971322,48381.0,2421.703107186685,1.3793103448275863,3289,3250,45,0,3205,3193,136271,85,1,0,84,57
2020-10-07,US,Texas,Reagan,90,6,0,31.36607041,-101.52326590000001,48383.0,2338.269680436477,6.666666666666668,84,90,6,0,84,89,3741,0,0,0,0,1
2020-10-07,US,Texas,Real,120,8,0,29.83321503,-99.82018052,48385.0,3476.245654692932,6.666666666666668,112,120,8,0,112,120,3478,0,0,0,0,0
2020-10-07,US,Texas,Red River,169,14,0,33.61886692,-95.04841765,48387.0,1405.63919154953,8.284023668639053,155,168,14,0,154,167,12175,1,0,0,1,1
2020-10-07,US,Texas,Reeves,216,6,0,31.32323325,-103.69038959999999,48389.0,1352.0280420630947,2.7777777777777777,210,213,6,0,207,212,15695,3,0,0,3,1
2020-10-07,US,Texas,Refugio,310,14,0,28.323897600000002,-97.15766311,48391.0,4461.715601611974,4.516129032258065,296,310,14,0,296,310,7032,0,0,0,0,0
2020-10-07,US,Texas,Roberts,12,0,0,35.83809685,-100.813175,48393.0,1405.1522248243564,0.0,12,12,0,0,12,12,903,0,0,0,0,0
2020-10-07,US,Texas,Robertson,338,4,0,31.02539637,-96.51272246,48395.0,1979.6181328335479,1.183431952662722,334,333,4,0,329,328,17284,5,0,0,5,5
2020-10-07,US,Texas,Rockwall,1712,29,0,32.89779518,-96.40771592,48397.0,1631.7971691369205,1.6939252336448598,1683,1700,29,0,1671,1680,100657,12,0,0,12,20
2020-10-07,US,Texas,Runnels,285,9,0,31.8314342,-99.97616148,48399.0,2776.6952455183173,3.1578947368421053,276,283,8,0,275,279,10234,2,1,0,1,4
2020-10-07,US,Texas,Rusk,958,18,0,32.10773545,-94.76176432,48401.0,1760.8352019997794,1.8789144050104385,940,965,17,0,948,964,54450,-7,1,0,-8,1
2020-10-07,US,Texas,Sabine,82,8,0,31.34318809,-93.85440451,48403.0,777.8410168848416,9.75609756097561,74,82,8,0,74,82,10589,0,0,0,0,0
2020-10-07,US,Texas,San Augustine,207,15,0,31.39457611,-94.17000399,48405.0,2513.050868034479,7.246376811594202,192,207,15,0,192,207,8232,0,0,0,0,0
2020-10-07,US,Texas,San Jacinto,228,11,0,30.57933681,-95.16260304,48407.0,790.04816521709,4.824561403508771,217,228,9,0,219,228,28719,0,2,0,-2,0
2020-10-07,US,Texas,San Patricio,1501,77,0,28.00880118,-97.51763891,48409.0,2249.363105050202,5.129913391072618,1424,1501,77,0,1424,1501,66893,0,0,0,0,0
2020-10-07,US,Texas,San Saba,79,0,0,31.1577796,-98.81758731,48411.0,1304.7068538398019,0.0,79,79,0,0,79,69,6054,0,0,0,0,10
2020-10-07,US,Texas,Schleicher,53,2,0,30.89740592,-100.5384842,48413.0,1897.6011457214465,3.7735849056603774,51,53,2,0,51,53,2895,0,0,0,0,0
2020-10-07,US,Texas,Scurry,834,7,0,32.74613808,-100.91626640000001,48415.0,4993.115009279771,0.8393285371702638,827,773,6,0,767,774,16866,61,1,0,60,-1
2020-10-07,US,Texas,Shackelford,29,0,0,32.73587756,-99.35401337,48417.0,888.208269525268,0.0,29,29,0,0,29,28,3253,0,0,0,0,1
2020-10-07,US,Texas,Shelby,495,27,0,31.79211404,-94.14550696,48419.0,1958.5344622932653,5.454545454545454,468,488,27,0,461,485,25418,7,0,0,7,3
2020-10-07,US,Texas,Sherman,66,1,0,36.27751473,-101.8933156,48421.0,2183.9841164791533,1.5151515151515151,65,66,1,0,65,66,3079,0,0,0,0,0
2020-10-07,US,Texas,Smith,3953,110,0,32.37474036,-95.27175679999999,48423.0,1698.3815321953507,2.7826966860612194,3843,3928,110,0,3818,3899,230221,25,0,0,25,29
2020-10-07,US,Texas,Somervell,150,5,0,32.22236802,-97.77403489,48425.0,1643.295354951797,3.333333333333333,145,150,5,0,145,148,9016,0,0,0,0,2
2020-10-07,US,Texas,Starr,3465,173,0,26.56150059,-98.73892358,48427.0,5361.038478795662,4.992784992784993,3292,3461,171,0,3290,3452,64525,4,2,0,2,9
2020-10-07,US,Texas,Stephens,142,4,0,32.73553157,-98.83631615,48429.0,1516.1221439248345,2.8169014084507036,138,138,4,0,134,138,9433,4,0,0,4,0
2020-10-07,US,Texas,Sterling,7,0,0,31.82781912,-101.05007459999999,48431.0,542.2153369481024,0.0,7,7,0,0,7,5,1311,0,0,0,0,2
2020-10-07,US,Texas,Stonewall,16,1,0,33.17906744,-100.25384009999999,48433.0,1185.1851851851852,6.25,15,16,1,0,15,16,1362,0,0,0,0,0
2020-10-07,US,Texas,Sutton,85,3,0,30.49856623,-100.5382014,48435.0,2251.0593220338988,3.5294117647058822,82,85,3,0,82,84,3758,0,0,0,0,1
2020-10-07,US,Texas,Swisher,112,3,0,34.53028891,-101.73491740000001,48437.0,1514.1273489252399,2.6785714285714284,109,107,3,0,104,107,7462,5,0,0,5,0
2020-10-07,US,Texas,Tarrant,53292,747,0,32.77143818,-97.29101614,48439.0,2534.678706216127,1.401711326277865,52545,52720,740,0,51980,52366,2084931,572,7,0,565,354
2020-10-07,US,Texas,Taylor,1574,59,0,32.30163422,-99.89007449,48441.0,1140.2987669704567,3.748411689961881,1515,1570,59,0,1511,1537,137640,4,0,0,4,33
2020-10-07,US,Texas,Terrell,3,0,0,30.22429013,-102.0766732,48443.0,386.59793814432993,0.0,3,3,0,0,3,3,823,0,0,0,0,0
2020-10-07,US,Texas,Terry,320,4,0,33.17402785,-102.3354521,48445.0,2593.823457890897,1.25,316,298,4,0,294,286,12287,22,0,0,22,12
2020-10-07,US,Texas,Throckmorton,10,2,0,33.17751417,-99.21226795,48447.0,666.2225183211192,20.0,8,9,2,0,7,8,1515,1,0,0,1,1
2020-10-07,US,Texas,Titus,1601,30,0,33.21339719,-94.96797273,48449.0,4888.5496183206105,1.8738288569643973,1571,1601,29,0,1572,1601,33033,0,1,0,-1,0
2020-10-07,US,Texas,Tom Green,3932,71,0,31.40464436,-100.46244300000001,48451.0,3298.657718120805,1.8056968463886065,3861,3901,69,0,3832,3865,118189,31,2,0,29,36
2020-10-07,US,Texas,Travis,29997,436,0,30.33432034,-97.78535620000001,48453.0,2354.637608579273,1.4534786812014535,29561,29952,434,0,29518,29857,1248743,45,2,0,43,95
2020-10-07,US,Texas,Trinity,199,7,0,31.0879489,-95.1367187,48455.0,1358.2690601324139,3.5175879396984926,192,199,7,0,192,198,14740,0,0,0,0,1
2020-10-07,US,Texas,Tyler,236,4,0,30.77031716,-94.37690895,48457.0,1088.9627168696936,1.6949152542372878,232,236,4,0,232,229,21696,0,0,0,0,7
2020-10-07,US,Texas,Upshur,412,11,0,32.73706798,-94.93999853,48459.0,986.7554427226787,2.66990291262136,401,411,10,0,401,402,41260,1,1,0,0,9
2020-10-07,US,Texas,Upton,25,2,0,31.36868194,-102.0423217,48461.0,683.6204539239814,8.0,23,26,2,0,24,25,3671,-1,0,0,-1,1
2020-10-07,US,Texas,Uvalde,805,36,0,29.35739637,-99.76229172,48463.0,3010.358625331887,4.472049689440993,769,804,35,0,769,803,26846,1,1,0,0,1
2020-10-07,US,Texas,Val Verde,2269,117,0,29.89149232,-101.1525205,48465.0,4628.250892401836,5.156456588805642,2152,2262,115,0,2147,2232,49208,7,2,0,5,30
2020-10-07,US,Texas,Van Zandt,606,20,0,32.56483801,-95.83766469,48467.0,1070.8605760735113,3.3003300330033003,586,604,20,0,584,599,56019,2,0,0,2,5
2020-10-07,US,Texas,Victoria,4115,96,0,28.79780988,-96.96813006,48469.0,4468.745927631293,2.332928311057108,4019,4108,96,0,4012,4100,92035,7,0,0,7,8
2020-10-07,US,Texas,Walker,3788,57,0,30.73872995,-95.57440968,48471.0,5191.1033150155545,1.5047518479408661,3731,3819,57,0,3762,3769,72480,-31,0,0,-31,50
2020-10-07,US,Texas,Waller,923,15,0,30.01058447,-95.99011759,48473.0,1670.7091916156824,1.6251354279523291,908,918,14,0,904,914,53126,5,1,0,4,4
2020-10-07,US,Texas,Ward,140,1,0,31.50999644,-103.09279090000001,48475.0,1166.8611435239204,0.7142857142857143,139,138,1,0,137,137,11720,2,0,0,2,1
2020-10-07,US,Texas,Washington,653,48,0,30.21498498,-96.40946246,48477.0,1819.8539657767126,7.350689127105666,605,652,48,0,604,646,35108,1,0,0,1,6
2020-10-07,US,Texas,Webb,14287,321,0,27.7610369,-99.33237355,48479.0,5164.2496710669,2.246797788199062,13966,14156,315,0,13841,14156,275910,131,6,0,125,0
2020-10-07,US,Texas,Wharton,1392,55,0,29.27765923,-96.22319248,48481.0,3349.696794686688,3.951149425287357,1337,1391,55,0,1336,1391,41619,1,0,0,1,0
2020-10-07,US,Texas,Wheeler,50,0,0,35.40114335,-100.26995140000001,48483.0,988.9240506329114,0.0,50,50,0,0,50,50,5191,0,0,0,0,0
2020-10-07,US,Texas,Wichita,2051,25,0,33.98842886,-98.70410340000001,48485.0,1551.0852302805715,1.2189176011701608,2026,1989,25,0,1964,1930,132064,62,0,0,62,59
2020-10-07,US,Texas,Wilbarger,230,2,0,34.07945812,-99.24178437,48487.0,1801.2373717597304,0.8695652173913043,228,221,2,0,219,212,12820,9,0,0,9,9
2020-10-07,US,Texas,Willacy,1211,53,0,26.47411727,-97.61535848,48489.0,5670.006554920873,4.3765483071841444,1158,1211,53,0,1158,1211,21515,0,0,0,0,0
2020-10-07,US,Texas,Williamson,8882,145,0,30.64655664,-97.60048540000001,48491.0,1504.0191278991992,1.6325151992794416,8737,8861,144,0,8717,8802,566719,21,1,0,20,59
2020-10-07,US,Texas,Wilson,961,28,0,29.1732598,-98.08693082,48493.0,1881.7309575093009,2.9136316337148798,933,966,28,0,938,967,50224,-5,0,0,-5,-1
2020-10-07,US,Texas,Winkler,121,4,0,31.85008651,-103.04851629999999,48495.0,1510.6117353308364,3.3057851239669422,117,121,4,0,117,120,7720,0,0,0,0,1
2020-10-07,US,Texas,Wise,799,14,0,33.21570665,-97.65460265,48497.0,1141.689529035208,1.7521902377972465,785,791,14,0,777,784,68305,8,0,0,8,7
2020-10-07,US,Texas,Wood,561,29,0,32.78722382,-95.38236368,48499.0,1231.9111091591824,5.16934046345811,532,553,28,0,525,544,45129,8,1,0,7,9
2020-10-07,US,Texas,Yoakum,265,5,0,33.17320212,-102.82764329999999,48501.0,3041.432342476759,1.8867924528301887,260,260,5,0,255,258,8591,5,0,0,5,2
2020-10-07,US,Texas,Young,371,6,0,33.17659707,-98.68790885,48503.0,2059.966685174903,1.6172506738544474,365,360,6,0,354,346,18045,11,0,0,11,14
2020-10-07,US,Texas,Zapata,338,6,0,27.00156391,-99.16987152,48505.0,2383.807038578179,1.7751479289940828,332,338,6,0,332,335,14190,0,0,0,0,3
2020-10-07,US,Texas,Zavala,400,16,0,28.86617238,-99.76050829,48507.0,3378.3783783783783,4.0,384,395,16,0,379,389,11983,5,0,0,5,6
2020-10-07,US,Utah,Bear River,3751,11,0,41.52106798,-113.08328159999999,0.0,2007.836503977133,0.2932551319648094,3740,3721,11,0,3710,3679,,30,0,0,30,42
2020-10-07,US,Utah,Central Utah,794,5,0,39.37231946,-111.5758676,0.0,968.8361763916344,0.6297229219143576,789,766,5,0,761,764,,28,0,0,28,2
2020-10-07,US,Utah,Davis,5884,33,0,40.99001837,-112.1139997,49011.0,1655.2220793797699,0.5608429639700884,5851,5776,33,0,5743,5725,351713,108,0,0,108,51
2020-10-07,US,Utah,Salt Lake,34884,268,0,40.66616532,-111.92160109999999,49035.0,3006.108905524384,0.768260520582502,34616,34396,264,0,34132,34071,1152633,488,4,0,484,325
2020-10-07,US,Utah,San Juan,712,29,0,37.62762978,-109.80337140000002,49037.0,4651.1627906976755,4.073033707865169,683,709,29,0,680,707,15449,3,0,0,3,2
2020-10-07,US,Utah,Southeast Utah,257,1,0,38.99617072,-110.70139579999999,0.0,638.8426259663428,0.3891050583657588,256,256,1,0,255,250,,1,0,0,1,6
2020-10-07,US,Utah,Southwest Utah,4653,39,0,37.85447192,-111.4418764,0.0,1846.120884614469,0.8381689232753062,4614,4597,38,0,4559,4563,,56,1,0,55,34
2020-10-07,US,Utah,Summit,1100,1,0,40.86688146,-110.9535882,49043.0,2610.03677779096,0.09090909090909093,1099,1088,1,0,1087,1084,41933,12,0,0,12,4
2020-10-07,US,Utah,Tooele,968,1,0,40.44862644,-113.12957150000001,49045.0,1339.6255137768305,0.10330578512396696,967,953,1,0,952,949,69907,15,0,0,15,4
2020-10-07,US,Utah,TriCounty,265,2,0,40.12491499,-109.5174415,0.0,468.01596552576734,0.7547169811320755,263,258,2,0,256,255,,7,0,0,7,3
2020-10-07,US,Utah,Utah,21566,66,0,40.116672200000004,-111.66576620000001,49049.0,3389.628046240776,0.30603728090512844,21500,21381,63,0,21318,21180,622213,185,3,0,182,201
2020-10-07,US,Utah,Wasatch,865,8,0,40.33110236,-111.1691419,49051.0,2537.3265671291542,0.9248554913294798,857,855,8,0,847,844,33240,10,0,0,10,11
2020-10-07,US,Utah,Weber-Morgan,4747,32,0,41.27116049,-111.9145117,0.0,1743.0609869389764,0.6741099641879081,4715,4683,32,0,4651,4652,,64,0,0,64,31
2020-10-07,US,Vermont,Addison,111,2,0,44.03217337,-73.14130877,50001.0,301.81907170242266,1.8018018018018016,109,111,2,0,109,111,36973,0,0,0,0,0
2020-10-07,US,Vermont,Bennington,125,1,0,43.03519828,-73.09048868,50003.0,352.41048773611504,0.8,124,123,1,0,122,123,35631,2,0,0,2,0
2020-10-07,US,Vermont,Caledonia,34,0,0,44.46548598,-72.10314651,50005.0,113.35978394958825,0.0,34,34,0,0,34,34,30302,0,0,0,0,0
2020-10-07,US,Vermont,Chittenden,859,39,0,44.46322849,-73.08359212,50007.0,524.5032789087402,4.540162980209546,820,857,39,0,818,856,164572,2,0,0,2,1
2020-10-07,US,Vermont,Essex,6,0,0,44.72736416,-71.73579864,50009.0,97.35518416355671,0.0,6,6,0,0,6,6,6250,0,0,0,0,0
2020-10-07,US,Vermont,Franklin,130,7,0,44.85627605,-72.91249563,50011.0,263.14724100238857,5.384615384615384,123,130,7,0,123,130,49421,0,0,0,0,0
2020-10-07,US,Vermont,Grand Isle,16,0,0,44.797582399999996,-73.29679772,50013.0,221.147201105736,0.0,16,16,0,0,16,16,7090,0,0,0,0,0
2020-10-07,US,Vermont,Lamoille,59,1,0,44.60353043,-72.64356694,50015.0,232.63149593880607,1.6949152542372878,58,59,1,0,58,59,25300,0,0,0,0,0
2020-10-07,US,Vermont,Orange,25,0,0,44.00470222,-72.37640104,50017.0,86.52914301536758,0.0,25,25,0,0,25,25,28999,0,0,0,0,0
2020-10-07,US,Vermont,Orleans,21,0,0,44.82964024,-72.24562697,50019.0,77.67133927580724,0.0,21,21,0,0,21,21,26907,0,0,0,0,0
2020-10-07,US,Vermont,Rutland,131,1,0,43.57723578,-73.03741676,50021.0,225.12072313588013,0.7633587786259542,130,131,1,0,130,131,58672,0,0,0,0,0
2020-10-07,US,Vermont,Unassigned,8,0,0,0.0,0.0,90050.0,0.0,0.0,8,8,0,0,8,8,,0,0,0,0,0
2020-10-07,US,Vermont,Washington,78,2,0,44.27343241,-72.61604978,50023.0,133.54106387714222,2.5641025641025643,76,78,2,0,76,78,58140,0,0,0,0,0
2020-10-07,US,Vermont,Windham,129,3,0,42.986982,-72.71268875,50025.0,305.52792383117804,2.3255813953488373,126,128,3,0,125,127,42756,1,0,0,1,1
2020-10-07,US,Vermont,Windsor,95,2,0,43.58010937,-72.58595157,50027.0,172.5327812284334,2.1052631578947367,93,94,2,0,92,92,55286,1,0,0,1,2
2020-10-07,US,Virginia,Accomack,1188,19,0,37.76707161,-75.63234615,51001.0,3676.197549201634,1.5993265993265993,1169,1188,19,0,1169,1188,32412,0,0,0,0,0
2020-10-07,US,Virginia,Albemarle,1390,22,0,38.02080697,-78.55481085,51003.0,1271.38022500686,1.5827338129496402,1368,1385,22,0,1363,1383,108718,5,0,0,5,2
2020-10-07,US,Virginia,Alexandria,3938,71,0,38.814003,-77.08183073,51510.0,2470.080537923075,1.802945657694261,3867,3932,71,0,3861,3927,160530,6,0,0,6,5
2020-10-07,US,Virginia,Alleghany,81,4,0,37.78636074,-80.00222498,51005.0,545.0874831763123,4.938271604938271,77,81,4,0,77,81,14910,0,0,0,0,0
2020-10-07,US,Virginia,Amelia,127,5,0,37.34081025,-77.98584649,51007.0,966.1468238874097,3.9370078740157477,122,126,5,0,121,125,13013,1,0,0,1,1
2020-10-07,US,Virginia,Amherst,434,4,0,37.60308293,-79.14548696,51009.0,1373.2004429678848,0.9216589861751152,430,433,4,0,429,428,31666,1,0,0,1,5
2020-10-07,US,Virginia,Appomattox,227,3,0,37.37569884,-78.81340003,51011.0,1426.6859405442776,1.3215859030837005,224,227,3,0,224,224,15841,0,0,0,0,3
2020-10-07,US,Virginia,Arlington,4083,152,0,38.8767675,-77.10139853,51013.0,1723.9340995262664,3.7227528777859415,3931,4068,152,0,3916,4057,237521,15,0,0,15,11
2020-10-07,US,Virginia,Augusta,540,7,0,38.16404586,-79.12461614,51015.0,714.6827602636386,1.2962962962962965,533,535,7,0,528,534,75457,5,0,0,5,1
2020-10-07,US,Virginia,Bath,18,0,0,38.05852573,-79.73912095,51017.0,434.0487099107789,0.0,18,16,0,0,16,15,4292,2,0,0,2,1
2020-10-07,US,Virginia,Bedford,867,15,0,37.3080028,-79.5281964,51019.0,1097.5100320265326,1.7301038062283738,852,862,15,0,847,846,78747,5,0,0,5,16
2020-10-07,US,Virginia,Bland,64,5,0,37.13128068,-81.13599391,51021.0,1019.108280254777,7.8125,59,64,5,0,59,64,6293,0,0,0,0,0
2020-10-07,US,Virginia,Botetourt,320,10,0,37.55531756,-79.80982182,51023.0,957.5391244501633,3.125,310,315,10,0,305,315,33277,5,0,0,5,0
2020-10-07,US,Virginia,Bristol,198,7,0,36.616302399999995,-82.16359122,51520.0,1181.2432883904069,3.5353535353535355,191,198,7,0,191,196,16482,0,0,0,0,2
2020-10-07,US,Virginia,Brunswick,374,5,0,36.76366949,-77.8593436,51025.0,2304.2326412420675,1.3368983957219251,369,374,5,0,369,369,16384,0,0,0,0,5
2020-10-07,US,Virginia,Buchanan,188,2,0,37.26818323,-82.03749726,51027.0,895.0676061702533,1.0638297872340423,186,181,2,0,179,177,21221,7,0,0,7,4
2020-10-07,US,Virginia,Buckingham,704,9,0,37.57242268,-78.52518834,51029.0,4105.43503615582,1.2784090909090908,695,702,9,0,693,698,16999,2,0,0,2,4
2020-10-07,US,Virginia,Buena Vista,94,1,0,37.73484642,-79.35296097,51530.0,1451.065143562828,1.0638297872340423,93,92,1,0,91,90,6237,2,0,0,2,2
2020-10-07,US,Virginia,Campbell,496,4,0,37.20553386,-79.09678609,51031.0,903.7077525735627,0.8064516129032258,492,494,4,0,490,485,54973,2,0,0,2,9
2020-10-07,US,Virginia,Caroline,370,5,0,38.02679129,-77.34901405,51033.0,1204.2310821806348,1.351351351351351,365,370,5,0,365,370,30772,0,0,0,0,0
2020-10-07,US,Virginia,Carroll,517,25,0,36.73066666,-80.73455942,51035.0,1735.4234500352454,4.835589941972921,492,516,24,0,492,514,29636,1,1,0,0,2
2020-10-07,US,Virginia,Charles City,86,5,0,37.35358063,-77.05634116,51036.0,1235.0998132988655,5.813953488372092,81,86,5,0,81,86,6941,0,0,0,0,0
2020-10-07,US,Virginia,Charlotte,149,0,0,37.01909701,-78.66314092,51037.0,1254.2087542087545,0.0,149,146,0,0,146,142,11938,3,0,0,3,4
2020-10-07,US,Virginia,Charlottesville,1386,30,0,38.03527919,-78.48569588,51540.0,2932.340371514408,2.1645021645021645,1356,1383,30,0,1353,1380,48117,3,0,0,3,3
2020-10-07,US,Virginia,Chesapeake,4457,72,0,36.67670048,-76.30545744,51550.0,1820.4096636510305,1.6154363921920574,4385,4448,73,0,4375,4433,242634,9,-1,0,10,15
2020-10-07,US,Virginia,Chesterfield,6207,98,0,37.37373208,-77.58680140000001,51041.0,1759.3437678924722,1.578862574512647,6109,6192,98,0,6094,6180,348556,15,0,0,15,12
2020-10-07,US,Virginia,Clarke,99,1,0,39.11271747,-77.99199425,51043.0,677.2009029345372,1.0101010101010102,98,99,1,0,98,98,14523,0,0,0,0,1
2020-10-07,US,Virginia,Colonial Heights,269,26,0,37.26420587,-77.39609676,51570.0,1548.6470926885434,9.66542750929368,243,268,26,0,242,268,17833,1,0,0,1,0
2020-10-07,US,Virginia,Covington,33,0,0,37.7824656,-79.98631446,51580.0,595.8829902491874,0.0,33,33,0,0,33,33,5460,0,0,0,0,0
2020-10-07,US,Virginia,Craig,31,0,0,37.48133648,-80.21072274,51045.0,604.1707269538101,0.0,31,31,0,0,31,31,5064,0,0,0,0,0
2020-10-07,US,Virginia,Culpeper,1229,17,0,38.48199985,-77.95630870000002,51047.0,2336.2798213097612,1.3832384052074858,1212,1228,17,0,1211,1226,51859,1,0,0,1,2
2020-10-07,US,Virginia,Cumberland,109,2,0,37.51328851,-78.24398086,51049.0,1097.4627466774064,1.834862385321101,107,109,2,0,107,107,9809,0,0,0,0,2
2020-10-07,US,Virginia,Danville,978,33,0,36.58022376,-79.40395668,51590.0,2442.313455199281,3.3742331288343568,945,961,32,0,929,958,40693,17,1,0,16,3
2020-10-07,US,Virginia,Dickenson,105,1,0,37.12560977,-82.35124171,51051.0,733.3426456208967,0.9523809523809524,104,104,1,0,103,103,14523,1,0,0,1,1
2020-10-07,US,Virginia,Dinwiddie,422,11,0,37.07544585,-77.63451754,51053.0,1478.4192825112107,2.6066350710900474,411,421,11,0,410,421,28529,1,0,0,1,0
2020-10-07,US,Virginia,Emporia,263,26,0,36.69455571,-77.53406129,51595.0,4919.5660306771415,9.88593155893536,237,261,26,0,235,261,5121,2,0,0,2,0
2020-10-07,US,Virginia,Essex,183,2,0,37.93357639,-76.94230311,51057.0,1670.7751301013418,1.0928961748633879,181,183,2,0,181,183,10919,0,0,0,0,0
2020-10-07,US,Virginia,Fairfax,21447,594,0,38.83677558,-77.27565836,51059.0,1868.9674884883386,2.7696181284095682,20853,21414,592,0,20822,21357,1150795,33,2,0,31,57
2020-10-07,US,Virginia,Fairfax,21447,594,0,38.83677558,-77.27565836,51059.0,1868.9674884883386,2.7696181284095682,20853,21414,592,0,20822,21357,24574,33,2,0,31,57
2020-10-07,US,Virginia,Fairfax City,140,8,0,38.85157547,-77.29779640000002,51600.0,582.8718930846412,5.7142857142857135,132,140,8,0,132,139,24574,0,0,0,0,1
2020-10-07,US,Virginia,Falls Church,72,7,0,38.88485255,-77.17560759,51610.0,492.57713621126084,9.722222222222221,65,72,7,0,65,72,14772,0,0,0,0,0
2020-10-07,US,Virginia,Fauquier,978,25,0,38.73564842,-77.80647472,51061.0,1373.1712111426245,2.5562372188139055,953,976,25,0,951,973,70675,2,0,0,2,3
2020-10-07,US,Virginia,Floyd,216,13,0,36.9302126,-80.36738849,51063.0,1371.515651787415,6.018518518518517,203,214,13,0,201,214,15795,2,0,0,2,0
2020-10-07,US,Virginia,Fluvanna,386,9,0,37.84157909,-78.27715475,51065.0,1415.4748808214154,2.33160621761658,377,385,9,0,376,384,26783,1,0,0,1,1
2020-10-07,US,Virginia,Franklin,194,1,0,36.99536167,-79.88023649,51067.0,346.1689447200313,0.5154639175257731,193,194,1,0,193,194,56195,0,0,0,0,0
2020-10-07,US,Virginia,Franklin,194,1,0,36.99536167,-79.88023649,51067.0,346.1689447200313,0.5154639175257731,193,194,1,0,193,194,8013,0,0,0,0,0
2020-10-07,US,Virginia,Franklin City,437,10,0,36.6831435,-76.93859681,51620.0,5485.126145349567,2.2883295194508007,427,437,10,0,427,435,8013,0,0,0,0,2
2020-10-07,US,Virginia,Frederick,957,13,0,39.20172582,-78.25974949,51069.0,1071.512545766014,1.3584117032392895,944,954,13,0,941,951,88355,3,0,0,3,3
2020-10-07,US,Virginia,Fredericksburg,554,5,0,38.2977863,-77.4922454,51630.0,1907.976305276209,0.9025270758122744,549,553,5,0,548,553,29144,1,0,0,1,0
2020-10-07,US,Virginia,Galax,421,30,0,36.66601852,-80.91703124,51640.0,6633.054986607845,7.1258907363420425,391,421,30,0,391,421,6423,0,0,0,0,0
2020-10-07,US,Virginia,Giles,94,0,0,37.31234791,-80.70636931,51071.0,562.200956937799,0.0,94,94,0,0,94,94,16844,0,0,0,0,0
2020-10-07,US,Virginia,Gloucester,265,2,0,37.40809042,-76.53524337,51073.0,709.5426796615616,0.7547169811320755,263,265,2,0,263,263,37349,0,0,0,0,2
2020-10-07,US,Virginia,Goochland,287,7,0,37.71714806,-77.90381514,51075.0,1208.268429251042,2.4390243902439024,280,287,7,0,280,285,23244,0,0,0,0,2
2020-10-07,US,Virginia,Grayson,326,17,0,36.65677234,-81.23215889,51077.0,2096.4630225080386,5.214723926380368,309,325,17,0,308,325,15631,1,0,0,1,0
2020-10-07,US,Virginia,Greene,241,3,0,38.29545894,-78.46525378,51079.0,1216.0048438367226,1.2448132780082988,238,241,3,0,238,239,19779,0,0,0,0,2
2020-10-07,US,Virginia,Greensville,808,11,0,36.67878901,-77.56351439,51081.0,7127.734650670431,1.3613861386138617,797,806,11,0,795,805,11627,2,0,0,2,1
2020-10-07,US,Virginia,Halifax,385,7,0,36.76654925,-78.93512622,51083.0,1135.32482085459,1.818181818181818,378,384,7,0,377,382,34120,1,0,0,1,2
2020-10-07,US,Virginia,Hampton,1899,27,0,37.03513786,-76.35879121,51650.0,1411.7909449111594,1.4218009478672986,1872,1896,27,0,1869,1889,134313,3,0,0,3,7
2020-10-07,US,Virginia,Hanover,1401,39,0,37.7583355,-77.49464673,51085.0,1300.0389733311065,2.78372591006424,1362,1395,39,0,1356,1372,107239,6,0,0,6,23
2020-10-07,US,Virginia,Harrisonburg,2757,34,0,38.43542574,-78.87536254,51660.0,5200.316885468538,1.2332245194051503,2723,2739,34,0,2705,2710,54033,18,0,0,18,29
2020-10-07,US,Virginia,Henrico,5617,219,0,37.53460572,-77.39326555,51087.0,1697.9124473275335,3.8988784048424425,5398,5608,219,0,5389,5593,329261,9,0,0,9,15
2020-10-07,US,Virginia,Henry,1120,26,0,36.68542395,-79.87634026,51089.0,2215.3213204897447,2.321428571428572,1094,1113,25,0,1088,1107,50953,7,1,0,6,6
2020-10-07,US,Virginia,Highland,8,0,0,38.35799465,-79.56124594,51091.0,365.296803652968,0.0,8,8,0,0,8,8,2210,0,0,0,0,0
2020-10-07,US,Virginia,Hopewell,423,7,0,37.29186313,-77.29754684,51670.0,1877.5800079897024,1.6548463356973997,416,421,7,0,414,419,22596,2,0,0,2,2
2020-10-07,US,Virginia,Isle of Wight,777,20,0,36.90579348,-76.70842863,51093.0,2093.831685035975,2.574002574002574,757,777,20,0,757,774,36953,0,0,0,0,3
2020-10-07,US,Virginia,James City,871,21,0,37.31156958,-76.76950618,51095.0,1138.2198816042235,2.4110218140068884,850,868,21,0,847,867,76397,3,0,0,3,1
2020-10-07,US,Virginia,King George,242,4,0,38.26818502,-77.15852768,51099.0,901.7737367715007,1.6528925619834711,238,241,4,0,237,237,26575,1,0,0,1,4
2020-10-07,US,Virginia,King William,167,2,0,37.70965316,-77.09384941,51101.0,973.8745043153721,1.1976047904191616,165,167,2,0,165,165,16939,0,0,0,0,2
2020-10-07,US,Virginia,King and Queen,78,1,0,37.71044922,-76.88689628,51097.0,1110.320284697509,1.2820512820512822,77,78,1,0,77,78,7042,0,0,0,0,0
2020-10-07,US,Virginia,Lancaster,161,0,0,37.71889653,-76.46400482,51103.0,1518.4381778741863,0.0,161,161,0,0,161,161,10783,0,0,0,0,0
2020-10-07,US,Virginia,Lee,306,7,0,36.70586667,-83.12606515,51105.0,1306.4082312257185,2.2875816993464047,299,306,7,0,299,305,23541,0,0,0,0,1
2020-10-07,US,Virginia,Lexington,140,1,0,37.78258621,-79.44262866,51678.0,1880.2041364491001,0.7142857142857143,139,133,1,0,132,123,7136,7,0,0,7,10
2020-10-07,US,Virginia,Loudoun,7042,127,0,39.08990083,-77.63481877,51107.0,1702.8664838539623,1.8034649247372905,6915,7026,126,0,6900,6987,406850,16,1,0,15,39
2020-10-07,US,Virginia,Louisa,314,7,0,37.97850256,-77.96274807,51109.0,835.3063233220716,2.2292993630573252,307,314,7,0,307,312,36778,0,0,0,0,2
2020-10-07,US,Virginia,Lunenburg,124,3,0,36.94618528,-78.24133319,51111.0,1016.7267956707117,2.419354838709677,121,124,3,0,121,123,12086,0,0,0,0,1
2020-10-07,US,Virginia,Lynchburg,1577,17,0,37.40021399,-79.19888138,51680.0,1919.2386330444947,1.077996195307546,1560,1573,17,0,1556,1552,82126,4,0,0,4,21
2020-10-07,US,Virginia,Madison,115,3,0,38.41531222,-78.28220331,51113.0,867.2045848729358,2.608695652173913,112,114,3,0,111,114,13295,1,0,0,1,0
2020-10-07,US,Virginia,Manassas,1961,24,0,38.7464321,-77.48509905,51683.0,4773.031520019472,1.2238653748087711,1937,1954,24,0,1930,1950,41641,7,0,0,7,4
2020-10-07,US,Virginia,Manassas Park,619,8,0,38.77058531,-77.44399307,51685.0,3541.5951481862908,1.292407108239095,611,616,8,0,608,616,17307,3,0,0,3,0
2020-10-07,US,Virginia,Martinsville,407,23,0,36.68212094,-79.86352771,51690.0,3241.994583399713,5.651105651105651,384,404,22,0,382,402,12902,3,1,0,2,2
2020-10-07,US,Virginia,Mathews,92,0,0,37.44164146,-76.34098896,51115.0,1041.4308354086484,0.0,92,92,0,0,92,91,8802,0,0,0,0,1
2020-10-07,US,Virginia,Mecklenburg,807,34,0,36.67882005,-78.36131056,51117.0,2638.375780560369,4.213135068153656,773,807,34,0,773,802,30650,0,0,0,0,5
2020-10-07,US,Virginia,Middlesex,128,11,0,37.63191998,-76.55064617,51119.0,1209.6012096012096,8.59375,117,127,11,0,116,126,10769,1,0,0,1,1
2020-10-07,US,Virginia,Montgomery,2178,5,0,37.17746986,-80.37868691,51121.0,2210.3820977317705,0.2295684113865932,2173,2165,5,0,2160,2155,98985,13,0,0,13,10
2020-10-07,US,Virginia,Nelson,110,2,0,37.78790447,-78.88498513,51125.0,736.7716008037511,1.818181818181818,108,110,2,0,108,110,14836,0,0,0,0,0
2020-10-07,US,Virginia,New Kent,230,3,0,37.50694406,-76.99828634,51127.0,996.0590706335803,1.3043478260869563,227,229,3,0,226,217,22391,1,0,0,1,12
2020-10-07,US,Virginia,Newport News,2845,49,0,37.08166899,-76.51754109,51700.0,1587.3901520435204,1.7223198594024605,2796,2833,49,0,2784,2827,178626,12,0,0,12,6
2020-10-07,US,Virginia,Norfolk,4968,79,0,36.89934014,-76.26420872,51710.0,2046.617396247868,1.5901771336553945,4889,4955,79,0,4876,4953,244076,13,0,0,13,2
2020-10-07,US,Virginia,Northampton,310,31,0,37.34062933,-75.87751591,51131.0,2647.3099914602903,10.0,279,310,31,0,279,309,11735,0,0,0,0,1
2020-10-07,US,Virginia,Northumberland,183,6,0,37.89202088,-76.41949732,51133.0,1513.0219098801153,3.278688524590164,177,183,6,0,177,182,12147,0,0,0,0,1
2020-10-07,US,Virginia,Norton,39,0,0,36.93357076,-82.62750411,51720.0,979.6533534287868,0.0,39,39,0,0,39,39,3968,0,0,0,0,0
2020-10-07,US,Virginia,Nottoway,281,20,0,37.1435975,-78.05065922,51135.0,1844.8004201680676,7.117437722419928,261,276,20,0,256,276,15420,5,0,0,5,0
2020-10-07,US,Virginia,Orange,346,5,0,38.24530219,-78.01560400000002,51137.0,933.8479393268738,1.4450867052023122,341,345,5,0,340,347,36644,1,0,0,1,-2
2020-10-07,US,Virginia,Page,415,29,0,38.61807452,-78.48797204,51139.0,1736.2563802192285,6.987951807228916,386,414,29,0,385,412,23933,1,0,0,1,2
2020-10-07,US,Virginia,Patrick,286,26,0,36.680163799999995,-80.2865648,51141.0,1624.2616992276237,9.090909090909092,260,284,26,0,258,283,17673,2,0,0,2,1
2020-10-07,US,Virginia,Petersburg,782,29,0,37.20530399,-77.39368102,51730.0,2494.7361704842724,3.70843989769821,753,779,29,0,750,779,31567,3,0,0,3,0
2020-10-07,US,Virginia,Pittsylvania,1100,11,0,36.81980341,-79.39731264,51143.0,1822.5801106803194,1.0,1089,1087,10,0,1077,1080,60949,13,1,0,12,7
2020-10-07,US,Virginia,Poquoson,76,2,0,37.14259351,-76.35798148,51735.0,619.3464265341048,2.631578947368421,74,76,2,0,74,76,12190,0,0,0,0,0
2020-10-07,US,Virginia,Portsmouth,2634,63,0,36.85914825,-76.35971629,51740.0,2790.313354096485,2.3917995444191344,2571,2633,62,0,2571,2627,94632,1,1,0,0,6
2020-10-07,US,Virginia,Powhatan,240,5,0,37.55016038,-77.91267882,51145.0,809.3889113719142,2.083333333333333,235,240,5,0,235,238,29189,0,0,0,0,2
2020-10-07,US,Virginia,Prince Edward,625,12,0,37.22554789,-78.43597949,51147.0,2740.987632663801,1.92,613,622,12,0,610,618,22950,3,0,0,3,4
2020-10-07,US,Virginia,Prince George,872,5,0,37.18497668,-77.22922187,51149.0,2273.616144760514,0.5733944954128439,867,871,5,0,866,865,38082,1,0,0,1,6
2020-10-07,US,Virginia,Prince William,12855,208,0,38.70916224,-77.48713689,51153.0,2733.158280799855,1.6180474523531698,12647,12811,208,0,12603,12783,468011,44,0,0,44,28
2020-10-07,US,Virginia,Pulaski,245,5,0,37.06474963,-80.71229738,51155.0,720.0164575190289,2.0408163265306123,240,244,5,0,239,243,34066,1,0,0,1,1
2020-10-07,US,Virginia,Radford,756,1,0,37.12222899,-80.56027320000003,51750.0,4142.692750287687,0.13227513227513227,755,754,1,0,753,754,18339,2,0,0,2,0
2020-10-07,US,Virginia,Rappahannock,66,2,0,38.68295619,-78.15826963,51157.0,895.5223880597015,3.0303030303030303,64,65,2,0,63,65,7252,1,0,0,1,0
2020-10-07,US,Virginia,Richmond,352,4,0,37.937575,-76.72920628,51159.0,3901.1415272082454,1.1363636363636365,348,353,4,0,349,357,9038,-1,0,0,-1,-4
2020-10-07,US,Virginia,Richmond City,4792,62,0,37.53255773,-77.47966921,51760.0,2079.5361835824265,1.2938230383973288,4730,4790,62,0,4728,4775,228783,2,0,0,2,15
2020-10-07,US,Virginia,Roanoke,995,8,0,37.26865804,-80.06396753,51161.0,1056.4202747754443,0.8040201005025126,987,964,8,0,956,959,94073,31,0,0,31,5
2020-10-07,US,Virginia,Roanoke City,1966,29,0,37.27791025,-79.96189766,51770.0,1982.9942608151864,1.4750762970498474,1937,1941,29,0,1912,1914,99920,25,0,0,25,27
2020-10-07,US,Virginia,Rockbridge,129,2,0,37.81204314,-79.44605905,51163.0,571.4792008151331,1.5503875968992251,127,126,2,0,124,126,22752,3,0,0,3,0
2020-10-07,US,Virginia,Rockingham,1566,22,0,38.51006137,-78.87260325,51165.0,1910.9679308829984,1.40485312899106,1544,1558,22,0,1536,1548,81244,8,0,0,8,10
2020-10-07,US,Virginia,Russell,300,5,0,36.93028320000001,-82.10095486,51167.0,1128.4134506883322,1.6666666666666667,295,293,5,0,288,291,26748,7,0,0,7,2
2020-10-07,US,Virginia,Salem,310,6,0,37.2836193,-80.06219455,51775.0,1225.2480139124934,1.935483870967742,304,299,6,0,293,292,25643,11,0,0,11,7
2020-10-07,US,Virginia,Scott,205,4,0,36.71466456,-82.60171704,51169.0,950.5703422053232,1.951219512195122,201,205,4,0,201,203,21534,0,0,0,0,2
2020-10-07,US,Virginia,Shenandoah,833,59,0,38.85905135,-78.56813762,51171.0,1909.8495964783567,7.0828331332533025,774,830,59,0,771,827,43497,3,0,0,3,3
2020-10-07,US,Virginia,Smyth,549,20,0,36.84455636,-81.53344948,51173.0,1823.6779165559399,3.6429872495446265,529,543,20,0,523,541,30472,6,0,0,6,2
2020-10-07,US,Virginia,Southampton,790,29,0,36.72231125,-77.10642712,51175.0,4480.744143837559,3.6708860759493667,761,790,29,0,761,789,17586,0,0,0,0,1
2020-10-07,US,Virginia,Spotsylvania,2197,46,0,38.18574462,-77.655399,51177.0,1612.8913849429211,2.0937642239417387,2151,2195,46,0,2149,2191,134238,2,0,0,2,4
2020-10-07,US,Virginia,Stafford,2082,18,0,38.41758738,-77.45917053,51179.0,1361.8346175481745,0.8645533141210374,2064,2081,18,0,2063,2072,149960,1,0,0,1,9
2020-10-07,US,Virginia,Staunton,292,0,0,38.15965544,-79.05979937,51790.0,1171.1856248997274,0.0,292,291,0,0,291,285,24922,1,0,0,1,6
2020-10-07,US,Virginia,Suffolk,2134,76,0,36.70155394,-76.63603554,51800.0,2316.845442306857,3.5613870665417062,2058,2132,75,0,2057,2129,91185,2,1,0,1,3
2020-10-07,US,Virginia,Surry,129,3,0,37.11781893,-76.88450012,51181.0,2008.7200249143566,2.3255813953488373,126,129,3,0,126,128,6474,0,0,0,0,1
2020-10-07,US,Virginia,Sussex,612,12,0,36.92432914,-77.25791182,51183.0,5484.362398064342,1.96078431372549,600,607,12,0,595,590,11237,5,0,0,5,17
2020-10-07,US,Virginia,Tazewell,344,2,0,37.12191123,-81.56685568,51185.0,847.3949993841608,0.5813953488372093,342,344,2,0,342,342,40855,0,0,0,0,2
2020-10-07,US,Virginia,Virginia Beach,7141,95,0,36.73285734,-76.04566934,51810.0,1586.9805811002414,1.3303458899313825,7046,7126,94,0,7032,7102,450189,15,1,0,14,24
2020-10-07,US,Virginia,Warren,460,12,0,38.90847745,-78.20280433,51187.0,1145.3042525644855,2.608695652173913,448,460,11,0,449,453,40003,0,1,0,-1,7
2020-10-07,US,Virginia,Washington,660,21,0,36.72341572,-81.95666289,51191.0,1228.1354670636395,3.1818181818181817,639,651,21,0,630,643,54402,9,0,0,9,8
2020-10-07,US,Virginia,Waynesboro,302,3,0,38.06451466,-78.90293905,51820.0,1334.5117101193107,0.9933774834437086,299,295,3,0,292,295,22628,7,0,0,7,0
2020-10-07,US,Virginia,Westmoreland,279,4,0,38.11021557,-76.80213247,51193.0,1548.7094088259785,1.4336917562724014,275,278,4,0,274,278,17830,1,0,0,1,0
2020-10-07,US,Virginia,Williamsburg,194,8,0,37.28131268,-76.70905141,51830.0,1297.3117560518926,4.123711340206185,186,193,8,0,185,193,14896,1,0,0,1,0
2020-10-07,US,Virginia,Winchester,523,4,0,39.17054517,-78.17325058,51840.0,1862.668281216611,0.7648183556405354,519,522,4,0,518,519,28108,1,0,0,1,3
2020-10-07,US,Virginia,Wise,456,9,0,36.9746148,-82.62410519,51195.0,1219.8057940775218,1.973684210526316,447,456,9,0,447,450,38012,0,0,0,0,6
2020-10-07,US,Virginia,Wythe,268,4,0,36.91582035,-81.07834059,51197.0,934.3187839910753,1.492537313432836,264,266,4,0,262,263,28754,2,0,0,2,3
2020-10-07,US,Virginia,York,564,9,0,37.24374789,-76.54412815,51199.0,826.0105448154657,1.5957446808510638,555,566,8,0,558,564,67846,-2,1,0,-3,2
2020-10-07,US,Washington,Adams,878,10,0,46.98299757,-118.56017340000001,53001.0,4393.734674473302,1.1389521640091116,868,877,10,0,867,877,19759,1,0,0,1,0
2020-10-07,US,Washington,Asotin,138,5,0,46.18894415,-117.2022851,53003.0,611.1061907714109,3.6231884057971016,133,134,3,0,131,134,22610,4,2,0,2,0
2020-10-07,US,Washington,Benton,4751,132,0,46.23946995,-119.51208340000001,53005.0,2324.477714173883,2.778362450010524,4619,4730,132,0,4598,4706,201877,21,0,0,21,24
2020-10-07,US,Washington,Chelan,1889,16,0,47.87046092,-120.6173956,53007.0,2446.8911917098444,0.8470089994706194,1873,1887,16,0,1871,1887,77036,2,0,0,2,0
2020-10-07,US,Washington,Clallam,241,1,0,48.04754642,-123.92263190000001,53009.0,311.64733418680737,0.4149377593360996,240,239,1,0,238,239,76737,2,0,0,2,0
2020-10-07,US,Washington,Clark,3570,69,0,45.77568046,-122.48292040000001,53011.0,731.196273971256,1.9327731092436973,3501,3511,68,0,3443,3470,481857,59,1,0,58,41
2020-10-07,US,Washington,Columbia,14,1,0,46.29442881,-117.9051983,53013.0,351.3174404015057,7.142857142857142,13,14,1,0,13,14,4059,0,0,0,0,0
2020-10-07,US,Washington,Cowlitz,712,7,0,46.19074721,-122.6782231,53015.0,643.8020489542738,0.9831460674157304,705,711,7,0,704,704,108987,1,0,0,1,7
2020-10-07,US,Washington,Douglas,1197,9,0,47.7361335,-119.69293700000001,53017.0,2756.2228004328913,0.7518796992481203,1188,1199,9,0,1190,1196,42907,-2,0,0,-2,3
2020-10-07,US,Washington,Ferry,30,0,0,48.471143100000006,-118.5154041,53019.0,393.3394519470304,0.0,30,30,0,0,30,30,7649,0,0,0,0,0
2020-10-07,US,Washington,Franklin,4437,66,0,46.53351425,-118.9018212,53021.0,4659.637478733906,1.4874915483434754,4371,4409,66,0,4343,4401,94347,28,0,0,28,8
2020-10-07,US,Washington,Garfield,13,0,0,46.43197502,-117.54540320000001,53023.0,584.2696629213483,0.0,13,14,0,0,14,14,2247,-1,0,0,-1,0
2020-10-07,US,Washington,Grant,3060,23,0,47.20753737,-119.4500749,53025.0,3130.979300747956,0.7516339869281046,3037,3053,23,0,3030,3050,97331,7,0,0,7,3
2020-10-07,US,Washington,Grays Harbor,556,12,0,47.14003705,-123.7820567,53027.0,740.7308722239245,2.1582733812949644,544,548,10,0,538,548,73901,8,2,0,6,0
2020-10-07,US,Washington,Island,323,12,0,48.14713305,-122.5216407,53029.0,379.37069097144735,3.7151702786377703,311,321,12,0,309,320,84460,2,0,0,2,1
2020-10-07,US,Washington,Jefferson,75,0,0,47.75003077,-123.56097040000002,53031.0,232.76744979981999,0.0,75,75,0,0,75,75,31729,0,0,0,0,0
2020-10-07,US,Washington,King,23351,780,0,47.49137892,-121.8346131,53033.0,1036.5405973591762,3.3403280373431543,22571,23218,775,0,22443,23115,2233163,133,5,0,128,103
2020-10-07,US,Washington,Kitsap,1325,14,0,47.63479026,-122.6436061,53035.0,488.07800407407007,1.0566037735849056,1311,1300,14,0,1286,1287,269805,25,0,0,25,13
2020-10-07,US,Washington,Kittitas,568,22,0,47.12521214,-120.67943899999999,53037.0,1184.9379367894026,3.8732394366197194,546,565,22,0,543,555,47364,3,0,0,3,10
2020-10-07,US,Washington,Klickitat,200,3,0,45.87325839,-120.7913598,53039.0,891.8617614269788,1.5,197,198,3,0,195,199,22107,2,0,0,2,-1
2020-10-07,US,Washington,Lewis,608,7,0,46.57756476,-122.39257690000001,53041.0,753.3423370959149,1.1513157894736843,601,599,7,0,592,598,79604,9,0,0,9,1
2020-10-07,US,Washington,Lincoln,60,1,0,47.57705241,-118.41943880000001,53043.0,548.4962062345735,1.6666666666666667,59,60,1,0,59,60,10740,0,0,0,0,0
2020-10-07,US,Washington,Mason,450,8,0,47.35007586,-123.1863685,53045.0,673.9755571531272,1.7777777777777777,442,446,8,0,438,445,65507,4,0,0,4,1
2020-10-07,US,Washington,Okanogan,1060,10,0,48.54855019,-119.73872240000001,53047.0,2509.2914802452483,0.9433962264150944,1050,1059,10,0,1049,1058,42132,1,0,0,1,1
2020-10-07,US,Washington,Pacific,91,3,0,46.55418369,-123.7285716,53049.0,404.9664011392462,3.2967032967032965,88,91,3,0,88,88,22036,0,0,0,0,3
2020-10-07,US,Washington,Pend Oreille,88,0,0,48.53234021,-117.2741804,53051.0,641.2124744972311,0.0,88,87,0,0,87,85,13602,1,0,0,1,2
2020-10-07,US,Washington,Pierce,8437,208,0,47.03892768,-122.14059579999999,53053.0,932.2857963711904,2.4653312788906008,8229,8368,207,0,8161,8335,891299,69,1,0,68,33
2020-10-07,US,Washington,San Juan,29,0,0,48.60182783,-122.96745,53055.0,164.94141735866228,0.0,29,29,0,0,29,29,17128,0,0,0,0,0
2020-10-07,US,Washington,Skagit,1147,22,0,48.48171488,-121.766131,53057.0,887.7365427034558,1.9180470793374016,1125,1138,22,0,1116,1134,128206,9,0,0,9,4
2020-10-07,US,Washington,Skamania,65,1,0,46.02408726,-121.91644029999999,53059.0,537.9458743689481,1.5384615384615383,64,65,1,0,64,65,11924,0,0,0,0,0
2020-10-07,US,Washington,Snohomish,7273,214,0,48.04615983,-121.7170703,53061.0,884.7038559366878,2.9423896603877355,7059,7227,214,0,7013,7177,814901,46,0,0,46,50
2020-10-07,US,Washington,Spokane,7530,177,0,47.62113146,-117.4046494,53063.0,1440.32685664444,2.350597609561753,7353,7477,175,0,7302,7409,514631,53,2,0,51,68
2020-10-07,US,Washington,Stevens,203,3,0,48.40035475,-117.8542701,53065.0,443.9778667191568,1.477832512315271,200,201,3,0,198,200,45260,2,0,0,2,1
2020-10-07,US,Washington,Thurston,1208,20,0,46.9291895,-122.82906559999999,53067.0,415.7832420078751,1.6556291390728477,1188,1202,20,0,1182,1191,286419,6,0,0,6,11
2020-10-07,US,Washington,Unassigned,321,3,0,0.0,0.0,90053.0,0.0,0.9345794392523364,318,316,4,0,312,332,,5,-1,0,6,-16
2020-10-07,US,Washington,Wahkiakum,7,0,0,46.29180039999999,-123.4250831,53069.0,155.97147950089123,0.0,7,7,0,0,7,7,4426,0,0,0,0,0
2020-10-07,US,Washington,Walla Walla,936,6,0,46.23040051,-118.4775539,53071.0,1540.4871626069782,0.6410256410256411,930,935,6,0,929,937,60922,1,0,0,1,-2
2020-10-07,US,Washington,Whatcom,1419,48,0,48.82227976,-121.74900179999999,53073.0,618.9830183164884,3.382663847780127,1371,1406,48,0,1358,1403,225685,13,0,0,13,3
2020-10-07,US,Washington,Whitman,1427,1,0,46.90022523,-117.52417630000001,53075.0,2848.0760019160152,0.0700770847932726,1426,1411,1,0,1410,1400,49791,16,0,0,16,11
2020-10-07,US,Washington,Yakima,11521,263,0,46.45738486,-120.73801259999999,53077.0,4592.363466774025,2.2827879524346844,11258,11506,263,0,11243,11502,251446,15,0,0,15,4
2020-10-07,US,West Virginia,Barbour,116,1,0,39.1307219,-80.00350858,54001.0,705.5531901952437,0.8620689655172413,115,109,1,0,108,101,16535,7,0,0,7,8
2020-10-07,US,West Virginia,Berkeley,1148,16,0,39.46704621,-78.02414609,54003.0,963.3216134797896,1.3937282229965158,1132,1118,16,0,1102,1103,117123,30,0,0,30,15
2020-10-07,US,West Virginia,Boone,262,2,0,38.01974191,-81.69888019,54005.0,1221.046744652095,0.7633587786259542,260,259,2,0,257,254,21951,3,0,0,3,5
2020-10-07,US,West Virginia,Braxton,16,0,0,38.70036159,-80.72011184,54007.0,114.63781614960234,0.0,16,13,0,0,13,13,14089,3,0,0,3,0
2020-10-07,US,West Virginia,Brooke,124,1,0,40.27367263,-80.57915332,54009.0,565.2035188477141,0.8064516129032258,123,123,1,0,122,119,22203,1,0,0,1,4
2020-10-07,US,West Virginia,Cabell,930,12,0,38.42424062,-82.23855912,54011.0,1011.4742509108706,1.2903225806451613,918,914,12,0,902,905,93224,16,0,0,16,9
2020-10-07,US,West Virginia,Calhoun,28,0,0,38.84315422,-81.11934872,54013.0,393.86692924461954,0.0,28,28,0,0,28,27,7254,0,0,0,0,1
2020-10-07,US,West Virginia,Clay,43,2,0,38.46231092,-81.07652217,54015.0,505.4066760695816,4.651162790697675,41,37,2,0,35,37,8632,6,0,0,6,0
2020-10-07,US,West Virginia,Doddridge,36,1,0,39.27057157,-80.70671527,54017.0,426.1363636363636,2.7777777777777777,35,35,1,0,34,32,8406,1,0,0,1,3
2020-10-07,US,West Virginia,Fayette,664,16,0,38.02974928,-81.08286634,54019.0,1565.8161580908359,2.409638554216868,648,662,15,0,647,657,43018,2,1,0,1,5
2020-10-07,US,West Virginia,Gilmer,49,0,0,38.9251277,-80.85952723,54021.0,626.3581746133196,0.0,49,49,0,0,49,49,8026,0,0,0,0,0
2020-10-07,US,West Virginia,Grant,163,7,0,39.10314817,-79.19440518,54023.0,1409.0594744121715,4.294478527607362,156,163,7,0,156,163,11626,0,0,0,0,0
2020-10-07,US,West Virginia,Greenbrier,138,3,0,37.9463652,-80.45335881,54025.0,398.13051756967286,2.1739130434782608,135,138,3,0,135,135,34786,0,0,0,0,3
2020-10-07,US,West Virginia,Hampshire,112,1,0,39.32103553,-78.60826476,54027.0,483.27939590075516,0.8928571428571429,111,112,1,0,111,111,23347,0,0,0,0,1
2020-10-07,US,West Virginia,Hancock,160,0,0,40.51943859,-80.57461608,54029.0,555.3627212773342,0.0,160,155,0,0,155,154,29094,5,0,0,5,1
2020-10-07,US,West Virginia,Hardy,96,1,0,39.00683177,-78.85855301,54031.0,696.8641114982578,1.0416666666666667,95,96,1,0,95,96,13775,0,0,0,0,0
2020-10-07,US,West Virginia,Harrison,473,10,0,39.2853852,-80.37919577,54033.0,703.2829784703224,2.1141649048625792,463,464,9,0,455,451,67554,9,1,0,8,13
2020-10-07,US,West Virginia,Jackson,298,23,0,38.84263974,-81.68148753,54035.0,1042.8331466965283,7.718120805369128,275,295,23,0,272,291,28706,3,0,0,3,4
2020-10-07,US,West Virginia,Jefferson,463,4,0,39.30776166,-77.86014147,54037.0,810.2054387008715,0.8639308855291576,459,451,4,0,447,451,56811,12,0,0,12,0
2020-10-07,US,West Virginia,Kanawha,2965,88,0,38.33860077,-81.52857054,54039.0,1664.5707484673599,2.9679595278246205,2877,2930,86,0,2844,2910,180454,35,2,0,33,20
2020-10-07,US,West Virginia,Lewis,42,2,0,38.9947249,-80.49988181,54041.0,264.0347017036525,4.761904761904762,40,41,2,0,39,41,16024,1,0,0,1,0
2020-10-07,US,West Virginia,Lincoln,191,2,0,38.172154,-82.07017953,54043.0,935.8616296731834,1.0471204188481675,189,189,2,0,187,188,20599,2,0,0,2,1
2020-10-07,US,West Virginia,Logan,673,42,0,37.8299889,-81.93528571,54045.0,2101.877010525001,6.240713224368499,631,664,42,0,622,652,32607,9,0,0,9,12
2020-10-07,US,West Virginia,Marion,311,5,0,39.50984542,-80.24244659,54049.0,554.6440291054358,1.6077170418006432,306,311,5,0,306,303,56097,0,0,0,0,8
2020-10-07,US,West Virginia,Marshall,186,1,0,39.86064362,-80.66591062,54051.0,609.2168615505552,0.5376344086021505,185,186,1,0,185,186,30785,0,0,0,0,0
2020-10-07,US,West Virginia,Mason,151,6,0,38.77071799,-82.02524219,54053.0,569.4674913259919,3.9735099337748334,145,149,6,0,143,148,26718,2,0,0,2,1
2020-10-07,US,West Virginia,McDowell,96,1,0,37.38002939,-81.65083669,54047.0,544.7117566954154,1.0416666666666667,95,96,1,0,95,96,18223,0,0,0,0,0
2020-10-07,US,West Virginia,Mercer,449,28,0,37.40481169,-81.11023142,54055.0,764.1512645086626,6.23608017817372,421,449,28,0,421,439,59131,0,0,0,0,10
2020-10-07,US,West Virginia,Mineral,179,4,0,39.41561583,-78.94104895,54057.0,666.2200387077563,2.23463687150838,175,178,4,0,174,177,26940,1,0,0,1,1
2020-10-07,US,West Virginia,Mingo,414,10,0,37.73048351,-82.13338365,54059.0,1767.4180327868853,2.415458937198068,404,410,10,0,400,399,23785,4,0,0,4,11
2020-10-07,US,West Virginia,Monongalia,2119,5,0,39.63218457,-80.04766838,54061.0,2006.4007877892664,0.2359603586597452,2114,2115,5,0,2110,2108,106420,4,0,0,4,7
2020-10-07,US,West Virginia,Monroe,155,8,0,37.56274716,-80.54577965,54063.0,1167.608286252354,5.161290322580644,147,155,8,0,147,151,13280,0,0,0,0,4
2020-10-07,US,West Virginia,Morgan,67,0,0,39.55439028,-78.26311676,54065.0,374.6365466338627,0.0,67,65,0,0,65,65,17787,2,0,0,2,0
2020-10-07,US,West Virginia,Nicholas,129,3,0,38.29617706,-80.79759588,54067.0,526.6165904637492,2.3255813953488373,126,125,3,0,122,125,24842,4,0,0,4,0
2020-10-07,US,West Virginia,Ohio,392,7,0,40.0955451,-80.62203992,54069.0,946.6083890753664,1.7857142857142858,385,384,7,0,377,383,41755,8,0,0,8,1
2020-10-07,US,West Virginia,Pendleton,54,1,0,38.68314479,-79.35084086,54071.0,774.8600947051227,1.851851851851852,53,53,1,0,52,53,6997,1,0,0,1,0
2020-10-07,US,West Virginia,Pleasants,20,3,0,39.37091679,-81.16771771,54073.0,268.0965147453083,15.0,17,20,3,0,17,18,7507,0,0,0,0,2
2020-10-07,US,West Virginia,Pocahontas,60,0,0,38.32758728,-80.00993811,54075.0,727.5372862859223,0.0,60,60,0,0,60,60,8414,0,0,0,0,0
2020-10-07,US,West Virginia,Preston,162,5,0,39.46770987,-79.66712803,54077.0,484.5656855707107,3.08641975308642,157,161,5,0,156,161,33839,1,0,0,1,0
2020-10-07,US,West Virginia,Putnam,647,10,0,38.50782345,-81.9082131,54079.0,1146.147032772365,1.545595054095827,637,641,10,0,631,630,56682,6,0,0,6,11
2020-10-07,US,West Virginia,Raleigh,571,8,0,37.76936795,-81.2456041,54081.0,778.3427161570862,1.4010507880910683,563,567,8,0,559,563,74254,4,0,0,4,4
2020-10-07,US,West Virginia,Randolph,281,2,0,38.769899,-79.87919615,54083.0,979.2646802578847,0.7117437722419929,279,280,2,0,278,270,28823,1,0,0,1,10
2020-10-07,US,West Virginia,Ritchie,13,0,0,39.18094587,-81.06356878,54085.0,136.068662340381,0.0,13,13,0,0,13,13,9721,0,0,0,0,0
2020-10-07,US,West Virginia,Roane,59,2,0,38.71622686,-81.35243568,54087.0,431.0344827586207,3.3898305084745757,57,56,2,0,54,56,13932,3,0,0,3,0
2020-10-07,US,West Virginia,Summers,59,0,0,37.65390597,-80.86009693,54089.0,469.25952437763465,0.0,59,59,0,0,59,59,12760,0,0,0,0,0
2020-10-07,US,West Virginia,Taylor,150,8,0,39.33602617,-80.0421439,54091.0,898.4725965858041,5.333333333333333,142,150,8,0,142,150,16862,0,0,0,0,0
2020-10-07,US,West Virginia,Tucker,43,0,0,39.11240885,-79.57053576,54093.0,628.7468928205877,0.0,43,43,0,0,43,43,6955,0,0,0,0,0
2020-10-07,US,West Virginia,Tyler,17,1,0,39.46811972,-80.88772676,54095.0,197.8815038994296,5.882352941176472,16,17,1,0,16,17,8746,0,0,0,0,0
2020-10-07,US,West Virginia,Upshur,146,1,0,38.89285061,-80.23689136,54097.0,603.9046988749172,0.6849315068493149,145,127,1,0,126,117,24415,19,0,0,19,10
2020-10-07,US,West Virginia,Wayne,426,11,0,38.14901357,-82.42287994,54099.0,1081.1633927211817,2.582159624413145,415,426,11,0,415,421,39944,0,0,0,0,5
2020-10-07,US,West Virginia,Webster,9,0,0,38.49370949,-80.4202023,54101.0,110.9193985703722,0.0,9,9,0,0,9,8,8285,0,0,0,0,1
2020-10-07,US,West Virginia,Wetzel,66,0,0,39.6065771,-80.64016540000001,54103.0,438.1015599070694,0.0,66,66,0,0,66,66,15270,0,0,0,0,0
2020-10-07,US,West Virginia,Wirt,12,0,0,39.02775007,-81.37473928,54105.0,206.15014602302008,0.0,12,12,0,0,12,12,5830,0,0,0,0,0
2020-10-07,US,West Virginia,Wood,387,6,0,39.20967886,-81.5162836,54107.0,463.3731650662133,1.5503875968992251,381,384,6,0,378,382,84203,3,0,0,3,2
2020-10-07,US,West Virginia,Wyoming,130,5,0,37.612327,-81.54511071,54109.0,637.4423850152008,3.8461538461538463,125,130,4,0,126,130,20786,0,1,0,-1,0
2020-10-07,US,Wisconsin,Adams,281,4,0,43.96974651,-89.76782777,55001.0,1389.7131552917904,1.4234875444839858,277,279,4,0,275,277,20348,2,0,0,2,2
2020-10-07,US,Wisconsin,Ashland,168,2,0,46.31956891,-90.67837132,55003.0,1079.5527567150752,1.1904761904761905,166,161,2,0,159,159,15600,7,0,0,7,2
2020-10-07,US,Wisconsin,Barron,535,6,0,45.42372701,-91.84833627,55005.0,1182.4772345504375,1.1214953271028036,529,528,6,0,522,522,45164,7,0,0,7,6
2020-10-07,US,Wisconsin,Bayfield,131,1,0,46.52868768,-91.19716729,55007.0,871.2423516892792,0.7633587786259542,130,131,1,0,130,130,15042,0,0,0,0,1
2020-10-07,US,Wisconsin,Brown,10854,72,0,44.452655299999996,-88.00411844,55009.0,4102.940175851094,0.6633499170812603,10782,10609,69,0,10540,10482,263378,245,3,0,242,127
2020-10-07,US,Wisconsin,Buffalo,161,2,0,44.37835084,-91.75332578,55011.0,1235.5153096462282,1.2422360248447204,159,160,2,0,158,160,13125,1,0,0,1,0
2020-10-07,US,Wisconsin,Burnett,233,4,0,45.86303537,-92.36711412,55013.0,1511.6128195147269,1.7167381974248928,229,226,4,0,222,222,15392,7,0,0,7,4
2020-10-07,US,Wisconsin,Calumet,1662,6,0,44.0816316,-88.21780273,55015.0,3318.093793048373,0.36101083032490977,1656,1591,6,0,1585,1571,50159,71,0,0,71,20
2020-10-07,US,Wisconsin,Chippewa,698,0,0,45.06939744,-91.28068855,55017.0,1079.526122057595,0.0,698,667,0,0,667,649,64135,31,0,0,31,18
2020-10-07,US,Wisconsin,Clark,502,8,0,44.73483377,-90.61207486,55019.0,1443.6072928049691,1.593625498007968,494,491,8,0,483,479,34709,11,0,0,11,12
2020-10-07,US,Wisconsin,Columbia,947,3,0,43.46492199,-89.33589004,55021.0,1646.040464437183,0.3167898627243928,944,864,3,0,861,848,57358,83,0,0,83,16
2020-10-07,US,Wisconsin,Crawford,210,0,0,43.23870316,-90.93073686,55023.0,1301.841175376604,0.0,210,205,0,0,205,202,16291,5,0,0,5,3
2020-10-07,US,Wisconsin,Dane,10734,43,0,43.06601594,-89.41733797,55025.0,1963.4348219756905,0.4005962362586175,10691,10671,43,0,10628,10514,542364,63,0,0,63,157
2020-10-07,US,Wisconsin,Dodge,2268,19,0,43.41576662,-88.70928178,55027.0,2581.9966074295016,0.8377425044091711,2249,2226,19,0,2207,2207,87847,42,0,0,42,19
2020-10-07,US,Wisconsin,Door,449,4,0,44.95856458,-87.30002707,55029.0,1622.8133583923666,0.8908685968819601,445,442,4,0,438,437,27610,7,0,0,7,5
2020-10-07,US,Wisconsin,Douglas,566,0,0,46.43222285,-91.91595768,55031.0,1311.7033603707996,0.0,566,559,0,0,559,551,43208,7,0,0,7,8
2020-10-07,US,Wisconsin,Dunn,706,1,0,44.94562799,-91.8962481,55033.0,1556.1629342267677,0.141643059490085,705,700,1,0,699,688,45131,6,0,0,6,12
2020-10-07,US,Wisconsin,Eau Claire,2211,8,0,44.726614,-91.28609183,55035.0,2112.8375666532884,0.3618272274988693,2203,2184,7,0,2177,2152,104534,27,1,0,26,32
2020-10-07,US,Wisconsin,Florence,120,2,0,45.84963535,-88.39804137,55037.0,2793.946449359721,1.6666666666666667,118,115,2,0,113,113,4321,5,0,0,5,2
2020-10-07,US,Wisconsin,Fond du Lac,2600,14,0,43.75354908,-88.48885325,55039.0,2514.433817200661,0.5384615384615384,2586,2533,14,0,2519,2505,103066,67,0,0,67,28
2020-10-07,US,Wisconsin,Forest,346,7,0,45.66678019,-88.77084892,55041.0,3842.736561528209,2.0231213872832368,339,347,7,0,340,341,8991,-1,0,0,-1,6
2020-10-07,US,Wisconsin,Grant,1268,19,0,42.8671731,-90.7063218,55043.0,2465.0556970392113,1.498422712933754,1249,1240,19,0,1221,1220,51554,28,0,0,28,20
2020-10-07,US,Wisconsin,Green,632,3,0,42.6794956,-89.60243287,55045.0,1709.9567099567098,0.4746835443037974,629,619,3,0,616,613,36929,13,0,0,13,6
2020-10-07,US,Wisconsin,Green Lake,389,0,0,43.80025981,-89.04679553,55047.0,2056.7863374398557,0.0,389,376,0,0,376,366,18918,13,0,0,13,10
2020-10-07,US,Wisconsin,Iowa,243,0,0,43.00050278,-90.13469017,55049.0,1026.269110566771,0.0,243,240,0,0,240,234,23771,3,0,0,3,6
2020-10-07,US,Wisconsin,Iron,149,1,0,46.26302338,-90.24295041,55051.0,2620.010550378055,0.6711409395973155,148,149,1,0,148,149,5676,0,0,0,0,0
2020-10-07,US,Wisconsin,Jackson,189,1,0,44.31864893,-90.80566792,55053.0,915.5645981688707,0.5291005291005291,188,181,1,0,180,177,20478,8,0,0,8,4
2020-10-07,US,Wisconsin,Jefferson,1714,8,0,43.02054068,-88.77529134,55055.0,2021.965577038776,0.4667444574095682,1706,1698,8,0,1690,1668,85129,16,0,0,16,30
2020-10-07,US,Wisconsin,Juneau,473,2,0,43.92456975,-90.11120239,55057.0,1772.3985461085922,0.4228329809725159,471,467,2,0,465,459,26617,6,0,0,6,8
2020-10-07,US,Wisconsin,Kenosha,3818,68,0,42.57639354,-88.04051686,55059.0,2251.6970293876543,1.78103719224725,3750,3780,68,0,3712,3751,169290,38,0,0,38,29
2020-10-07,US,Wisconsin,Kewaunee,742,2,0,44.51727459,-87.61468386,55061.0,3631.2028971322306,0.2695417789757412,740,736,2,0,734,707,20383,6,0,0,6,29
2020-10-07,US,Wisconsin,La Crosse,3399,8,0,43.90632465,-91.11451093,55063.0,2880.1179501084607,0.2353633421594587,3391,3373,6,0,3367,3336,118230,26,2,0,24,37
2020-10-07,US,Wisconsin,Lafayette,363,0,0,42.66005229,-90.1317729,55065.0,2178.217821782179,0.0,363,360,0,0,360,357,16665,3,0,0,3,3
2020-10-07,US,Wisconsin,Langlade,346,2,0,45.26271619,-89.07483625,55067.0,1803.1163687529315,0.5780346820809249,344,327,2,0,325,305,19268,19,0,0,19,22
2020-10-07,US,Wisconsin,Lincoln,371,2,0,45.33737523,-89.73411273,55069.0,1344.543906063132,0.5390835579514824,369,348,2,0,346,339,27689,23,0,0,23,9
2020-10-07,US,Wisconsin,Manitowoc,1505,5,0,44.11946801,-87.80928853,55071.0,1905.5215811397682,0.3322259136212625,1500,1453,5,0,1448,1434,79074,52,0,0,52,19
2020-10-07,US,Wisconsin,Marathon,2096,23,0,44.89792533,-89.75863384,55073.0,1544.6747044777878,1.0973282442748091,2073,2023,22,0,2001,1924,135428,73,1,0,72,99
2020-10-07,US,Wisconsin,Marinette,1167,9,0,45.38553432,-88.03324599999998,55075.0,2892.193308550186,0.7712082262210797,1158,1146,9,0,1137,1135,40434,21,0,0,21,11
2020-10-07,US,Wisconsin,Marquette,360,1,0,43.81911946,-89.40073763,55077.0,2311.5448824964683,0.2777777777777778,359,348,1,0,347,345,15434,12,0,0,12,3
2020-10-07,US,Wisconsin,Menominee,130,0,0,45.00422544,-88.70950714,55078.0,2853.3801580333625,0.0,130,131,0,0,131,123,4658,-1,0,0,-1,8
2020-10-07,US,Wisconsin,Milwaukee,30925,548,0,43.00486062,-87.96733172,55079.0,3269.9746015230626,1.7720291026677446,30377,30639,546,0,30093,30382,948201,286,2,0,284,257
2020-10-07,US,Wisconsin,Monroe,705,3,0,43.94641218,-90.61881899999999,55081.0,1524.2254556461205,0.425531914893617,702,679,3,0,676,667,46051,26,0,0,26,12
2020-10-07,US,Wisconsin,Oconto,1278,4,0,45.02715345,-88.26807503,55083.0,3369.3646190350646,0.3129890453834116,1274,1255,4,0,1251,1206,37830,23,0,0,23,49
2020-10-07,US,Wisconsin,Oneida,648,4,0,45.70677897,-89.51944105,55085.0,1820.4804045512008,0.6172839506172839,644,633,4,0,629,614,35470,15,0,0,15,19
2020-10-07,US,Wisconsin,Outagamie,5893,34,0,44.41578887,-88.46565023,55087.0,3136.493067567927,0.5769557101646021,5859,5780,33,0,5747,5638,187365,113,1,0,112,142
2020-10-07,US,Wisconsin,Ozaukee,1528,20,0,43.38352225,-87.94625009,55089.0,1712.601293417469,1.3089005235602094,1508,1506,20,0,1486,1480,89147,22,0,0,22,26
2020-10-07,US,Wisconsin,Pepin,73,0,0,44.58307413,-91.99949611,55091.0,1001.7839989021544,0.0,73,70,0,0,70,70,7289,3,0,0,3,0
2020-10-07,US,Wisconsin,Pierce,492,7,0,44.71850291,-92.4224416,55093.0,1150.7695186415306,1.4227642276422765,485,480,7,0,473,474,42555,12,0,0,12,6
2020-10-07,US,Wisconsin,Polk,298,2,0,45.46130348,-92.44182875,55095.0,680.6294680583787,0.6711409395973155,296,294,2,0,292,290,43598,4,0,0,4,4
2020-10-07,US,Wisconsin,Portage,1751,12,0,44.47558711,-89.50152965,55097.0,2474.1423161702373,0.6853226727584237,1739,1723,10,0,1713,1702,70942,28,2,0,26,21
2020-10-07,US,Wisconsin,Price,200,0,0,45.68051754,-90.36098879999999,55099.0,1498.0151299528125,0.0,200,185,0,0,185,167,13397,15,0,0,15,18
2020-10-07,US,Wisconsin,Racine,5349,98,0,42.74753117,-88.05941254,55101.0,2724.758164341275,1.8321181529257808,5251,5298,98,0,5200,5240,196584,51,0,0,51,58
2020-10-07,US,Wisconsin,Richland,243,4,0,43.3762778,-90.43012729,55103.0,1408.5323440760492,1.6460905349794241,239,236,4,0,232,229,17377,7,0,0,7,7
2020-10-07,US,Wisconsin,Rock,2939,34,0,42.67151616,-89.07147900000002,55105.0,1799.1601062722675,1.1568560734943858,2905,2880,33,0,2847,2860,163129,59,1,0,58,20
2020-10-07,US,Wisconsin,Rusk,78,1,0,45.47498854,-91.1333012,55107.0,550.1481168006771,1.2820512820512822,77,77,1,0,76,75,14147,1,0,0,1,2
2020-10-07,US,Wisconsin,Sauk,1099,4,0,43.42574087,-89.94966132,55111.0,1705.4095155333478,0.36396724294813465,1095,1079,4,0,1075,1030,64249,20,0,0,20,49
2020-10-07,US,Wisconsin,Sawyer,263,1,0,45.87931905,-91.14504927,55113.0,1588.3560816523734,0.3802281368821293,262,258,1,0,257,252,16489,5,0,0,5,6
2020-10-07,US,Wisconsin,Shawano,1358,5,0,44.78902246,-88.76443896,55115.0,3320.374581285606,0.3681885125184095,1353,1332,5,0,1327,1304,40796,26,0,0,26,28
2020-10-07,US,Wisconsin,Sheboygan,2321,19,0,43.72099677,-87.94579284,55117.0,2012.3114270851395,0.8186126669538992,2302,2261,19,0,2242,2180,115456,60,0,0,60,81
2020-10-07,US,Wisconsin,St. Croix,1099,9,0,45.03437474,-92.45000068,55109.0,1211.8605753856673,0.818926296633303,1090,1081,9,0,1072,1066,89694,18,0,0,18,15
2020-10-07,US,Wisconsin,Taylor,254,4,0,45.21179252,-90.5004405,55119.0,1248.5867374526865,1.5748031496062993,250,245,4,0,241,243,20412,9,0,0,9,2
2020-10-07,US,Wisconsin,Trempealeau,748,2,0,44.30360275,-91.35893614,55121.0,2522.850686363789,0.26737967914438504,746,742,2,0,740,722,29442,6,0,0,6,20
2020-10-07,US,Wisconsin,Vernon,310,1,0,43.59422667,-90.8324691,55123.0,1005.775095710856,0.3225806451612903,309,300,1,0,299,287,30785,10,0,0,10,13
2020-10-07,US,Wisconsin,Vilas,307,1,0,46.05467334,-89.51719204,55125.0,1383.1944131561165,0.3257328990228013,306,303,1,0,302,298,21938,4,0,0,4,5
2020-10-07,US,Wisconsin,Walworth,2797,35,0,42.66858202,-88.54163073,55127.0,2692.840913467093,1.2513407222023596,2762,2780,35,0,2745,2760,103718,17,0,0,17,20
2020-10-07,US,Wisconsin,Washburn,144,2,0,45.89838588,-91.79050449,55129.0,916.0305343511453,1.3888888888888888,142,139,2,0,137,135,15878,5,0,0,5,4
2020-10-07,US,Wisconsin,Washington,3028,37,0,43.36863664,-88.22974712,55131.0,2225.9141097078673,1.2219286657859971,2991,2976,35,0,2941,2922,135693,52,2,0,50,54
2020-10-07,US,Wisconsin,Waukesha,8410,94,0,43.01833055,-88.30431188,55133.0,2080.6634372263097,1.1177170035671822,8316,8289,94,0,8195,8227,403072,121,0,0,121,62
2020-10-07,US,Wisconsin,Waupaca,1430,22,0,44.47068056,-88.96534501,55135.0,2804.471464993136,1.5384615384615383,1408,1391,22,0,1369,1364,51128,39,0,0,39,27
2020-10-07,US,Wisconsin,Waushara,499,3,0,44.11324419,-89.24317107,55137.0,2041.4842695250175,0.6012024048096193,496,481,3,0,478,471,24263,18,0,0,18,10
2020-10-07,US,Wisconsin,Winnebago,5508,38,0,44.06886922,-88.64477096,55139.0,3204.058008109036,0.6899055918663762,5470,5335,37,0,5298,5193,171020,173,1,0,172,142
2020-10-07,US,Wisconsin,Wood,987,7,0,44.45537896,-90.04158336,55141.0,1352.073316072823,0.7092198581560284,980,968,7,0,961,960,73055,19,0,0,19,8
2020-10-07,US,Wyoming,Albany,747,0,0,41.65498705,-105.72354150000001,56001.0,1921.2962962962963,0.0,747,732,0,0,732,720,38601,15,0,0,15,12
2020-10-07,US,Wyoming,Big Horn,87,2,0,44.52405055,-107.9960365,56003.0,737.9134860050891,2.2988505747126435,85,85,2,0,83,79,11881,2,0,0,2,6
2020-10-07,US,Wyoming,Campbell,412,2,0,44.24886082,-105.54744040000001,56005.0,889.0615221941694,0.4854368932038835,410,400,2,0,398,390,46140,12,0,0,12,10
2020-10-07,US,Wyoming,Carbon,247,2,0,41.69357844,-106.9326084,56007.0,1668.918918918919,0.8097165991902834,245,245,2,0,243,243,14971,2,0,0,2,2
2020-10-07,US,Wyoming,Converse,172,0,0,42.97272268,-105.5081848,56009.0,1244.3929966719722,0.0,172,169,0,0,169,159,13640,3,0,0,3,10
2020-10-07,US,Wyoming,Crook,54,0,0,44.58855102,-104.56977049999999,56011.0,712.0253164556963,0.0,54,53,0,0,53,49,7450,1,0,0,1,4
2020-10-07,US,Wyoming,Fremont,835,14,0,43.04183996,-108.6296893,56013.0,2126.79249127633,1.6766467065868262,821,814,14,0,800,803,39531,21,0,0,21,11
2020-10-07,US,Wyoming,Goshen,120,2,0,42.08798185,-104.3534743,56015.0,908.3339641208084,1.6666666666666667,118,119,2,0,117,117,13376,1,0,0,1,2
2020-10-07,US,Wyoming,Hot Springs,40,0,0,43.71930657,-108.44231740000001,56017.0,906.4128710627693,0.0,40,38,0,0,38,38,4555,2,0,0,2,0
2020-10-07,US,Wyoming,Johnson,46,1,0,44.04057166,-106.58451740000001,56019.0,544.7010065127295,2.1739130434782608,45,44,1,0,43,44,8460,2,0,0,2,0
2020-10-07,US,Wyoming,Laramie,831,4,0,41.30702520000001,-104.6887497,56021.0,835.1758793969849,0.4813477737665463,827,808,4,0,804,784,98976,23,0,0,23,24
2020-10-07,US,Wyoming,Lincoln,246,1,0,42.26376367,-110.6563997,56023.0,1240.5446293494706,0.4065040650406504,245,242,1,0,241,233,19434,4,0,0,4,9
2020-10-07,US,Wyoming,Natrona,693,6,0,42.96180148,-106.79788500000001,56025.0,867.7903278319017,0.8658008658008658,687,687,6,0,681,674,79115,6,0,0,6,13
2020-10-07,US,Wyoming,Niobrara,4,0,0,43.05607708,-104.47588959999999,56027.0,169.77928692699493,0.0,4,4,0,0,4,5,2388,0,0,0,0,-1
2020-10-07,US,Wyoming,Park,284,2,0,44.52157546,-109.58528249999999,56029.0,972.8026306775363,0.7042253521126759,282,272,2,0,270,268,29324,12,0,0,12,4
2020-10-07,US,Wyoming,Platte,54,1,0,42.13299116,-104.96633100000001,56031.0,643.3933039437627,1.851851851851852,53,51,1,0,50,47,8566,3,0,0,3,4
2020-10-07,US,Wyoming,Sheridan,352,4,0,44.79048913,-106.8862389,56033.0,1154.6662292930948,1.1363636363636365,348,346,4,0,342,335,30233,6,0,0,6,11
2020-10-07,US,Wyoming,Sublette,127,1,0,42.76558279,-109.91309220000001,56035.0,1291.8319601261314,0.7874015748031497,126,127,1,0,126,123,9813,0,0,0,0,4
2020-10-07,US,Wyoming,Sweetwater,378,2,0,41.65943896,-108.8827882,56037.0,892.7095387667383,0.5291005291005291,376,371,2,0,369,363,43051,7,0,0,7,8
2020-10-07,US,Wyoming,Teton,633,1,0,43.93522482,-110.5890801,56039.0,2697.749744289124,0.1579778830963665,632,629,1,0,628,625,23081,4,0,0,4,4
2020-10-07,US,Wyoming,Uinta,368,2,0,41.2878183,-110.54757820000002,56041.0,1819.4403243350146,0.5434782608695652,366,368,2,0,366,365,20299,0,0,0,0,3
2020-10-07,US,Wyoming,Washakie,119,6,0,43.90451606,-107.68018700000002,56043.0,1524.6636771300448,5.042016806722689,113,120,6,0,114,121,7885,-1,0,0,-1,-1
2020-10-07,US,Wyoming,Weston,50,0,0,43.83961191,-104.56748809999999,56045.0,721.8131947451999,0.0,50,46,0,0,46,44,6967,4,0,0,4,2
