Date,Country/Region,Province/State,Admin2,Confirmed,Deaths,Recovered,Latitude,Longitude,FIPS,Incidence_Rate,Case-Fatality_Ratio,Active Cases,Previous Confirmed,Previous Deaths,Previous Recovered,Previous Active,Prev2 Confirmed,Population,Daily Confirmed,Daily Deaths,Daily Recovered,Daily Active,Previous Daily Confirmed
2020-07-15,US,Alabama,Autauga,743,18,0,32.53952745,-86.64408227,1001.0,1329.8967226905795,2.4226110363391657,725,733,17,0,716,715,55601,10,1,0,9,18
2020-07-15,US,Alabama,Baldwin,1499,12,0,30.72774991,-87.72207058,1003.0,671.4926937652866,0.8005336891260841,1487,1396,11,0,1385,1341,218022,103,1,0,102,55
2020-07-15,US,Alabama,Barbour,426,3,0,31.868263,-85.3871286,1005.0,1725.6744713602857,0.7042253521126759,423,413,3,0,410,402,24881,13,0,0,13,11
2020-07-15,US,Alabama,Bibb,238,2,0,32.99642064,-87.12511459999996,1007.0,1062.784674466375,0.8403361344537815,236,232,2,0,230,227,22400,6,0,0,6,5
2020-07-15,US,Alabama,Blount,367,1,0,33.98210918,-86.56790593,1009.0,634.6626085152008,0.2724795640326976,366,344,1,0,343,331,57840,23,0,0,23,13
2020-07-15,US,Alabama,Bullock,381,10,0,32.10030533,-85.71265535,1011.0,3771.903771903772,2.6246719160104988,371,380,10,0,370,378,10138,1,0,0,1,2
2020-07-15,US,Alabama,Butler,659,31,0,31.75300095,-86.68057478,1013.0,3388.523241464418,4.704097116843704,628,656,31,0,625,655,19680,3,0,0,3,1
2020-07-15,US,Alabama,Calhoun,642,6,0,33.77483727,-85.82630386,1015.0,565.1159720082742,0.9345794392523364,636,577,6,0,571,554,114277,65,0,0,65,23
2020-07-15,US,Alabama,Chambers,699,32,0,32.91360079,-85.39072749,1017.0,2102.002766584471,4.577968526466381,667,693,32,0,661,685,33615,6,0,0,6,8
2020-07-15,US,Alabama,Cherokee,140,7,0,34.17805983,-85.60638968,1019.0,534.4327378225684,5.0,133,135,7,0,128,131,26032,5,0,0,5,4
2020-07-15,US,Alabama,Chilton,369,3,0,32.85044126,-86.7173256,1021.0,830.5573062032953,0.8130081300813008,366,356,3,0,353,345,44153,13,0,0,13,11
2020-07-15,US,Alabama,Choctaw,221,12,0,32.02227341,-88.26564429999998,1023.0,1755.5008340614822,5.429864253393665,209,221,12,0,209,220,12841,0,0,0,0,1
2020-07-15,US,Alabama,Clarke,339,6,0,31.68099859,-87.83548597,1025.0,1435.1028702057404,1.7699115044247788,333,329,6,0,323,323,23920,10,0,0,10,6
2020-07-15,US,Alabama,Clay,94,2,0,33.26984193,-85.85836077,1027.0,710.2380052890062,2.127659574468085,92,92,2,0,90,89,13275,2,0,0,2,3
2020-07-15,US,Alabama,Cleburne,62,1,0,33.67679204,-85.52005899,1029.0,415.8283031522468,1.6129032258064515,61,53,1,0,52,48,14987,9,0,0,9,5
2020-07-15,US,Alabama,Coffee,473,4,0,31.39932826,-85.98901039,1031.0,903.6720033625003,0.8456659619450317,469,453,4,0,449,436,51909,20,0,0,20,17
2020-07-15,US,Alabama,Colbert,613,8,0,34.69847452,-87.80168544,1033.0,1109.6830252891873,1.3050570962479608,605,582,6,0,576,528,54762,31,2,0,29,54
2020-07-15,US,Alabama,Conecuh,255,8,0,31.43401703,-86.99320044,1035.0,2113.2012927819674,3.1372549019607843,247,247,8,0,239,238,12277,8,0,0,8,9
2020-07-15,US,Alabama,Coosa,68,1,0,32.93690146,-86.24847739,1037.0,637.7192159804932,1.4705882352941178,67,69,1,0,68,67,10715,-1,0,0,-1,2
2020-07-15,US,Alabama,Covington,452,14,0,31.247785399999998,-86.45050893,1039.0,1220.0059380819996,3.0973451327433628,438,439,13,0,426,435,36986,13,1,0,12,4
2020-07-15,US,Alabama,Crenshaw,143,3,0,31.72941803,-86.31593104,1041.0,1038.338658146965,2.097902097902098,140,140,3,0,137,134,13824,3,0,0,3,6
2020-07-15,US,Alabama,Cullman,713,6,0,34.13020303,-86.86888037,1043.0,851.1603476267787,0.8415147265077139,707,689,6,0,683,668,83442,24,0,0,24,21
2020-07-15,US,Alabama,Dale,428,3,0,31.43037123,-85.61095742,1045.0,870.4140567802815,0.7009345794392523,425,414,2,0,412,406,48956,14,1,0,13,8
2020-07-15,US,Alabama,Dallas,1033,12,0,32.32688101,-87.10866709999998,1047.0,2777.180341972255,1.1616650532429815,1021,1028,10,0,1018,1018,38310,5,2,0,3,10
2020-07-15,US,Alabama,DeKalb,1145,7,0,34.45946862,-85.80782906,1049.0,1601.1074909457022,0.6113537117903929,1138,1118,7,0,1111,1001,71385,27,0,0,27,117
2020-07-15,US,Alabama,Elmore,1118,25,0,32.59785413,-86.14415284,1051.0,1376.6947013262077,2.23613595706619,1093,1101,24,0,1077,1076,81887,17,1,0,16,25
2020-07-15,US,Alabama,Escambia,562,12,0,31.1256789,-87.15918694,1053.0,1534.1358884066278,2.1352313167259784,550,522,8,0,514,512,36748,40,4,0,36,10
2020-07-15,US,Alabama,Etowah,1136,14,0,34.04567266,-86.04051873,1055.0,1110.806899518911,1.2323943661971828,1122,1104,14,0,1090,1069,102501,32,0,0,32,35
2020-07-15,US,Alabama,Fayette,92,3,0,33.72076938,-87.73886638,1057.0,564.3479327689854,3.260869565217391,89,90,2,0,88,90,16433,2,1,0,1,0
2020-07-15,US,Alabama,Franklin,970,16,0,34.44235334,-87.84289505,1059.0,3092.914992666284,1.649484536082474,954,960,16,0,944,950,31363,10,0,0,10,10
2020-07-15,US,Alabama,Geneva,110,0,0,31.09389027,-85.83572839,1061.0,418.71264892847626,0.0,110,106,0,0,106,101,26314,4,0,0,4,5
2020-07-15,US,Alabama,Greene,202,9,0,32.85504247,-87.95684022,1063.0,2490.445074590063,4.455445544554456,193,201,9,0,192,200,8233,1,0,0,1,1
2020-07-15,US,Alabama,Hale,375,23,0,32.76039258,-87.63284988,1065.0,2559.552248993243,6.133333333333334,352,367,23,0,344,363,14726,8,0,0,8,4
2020-07-15,US,Alabama,Henry,165,3,0,31.51148016,-85.24267944,1067.0,959.023539668701,1.818181818181818,162,161,3,0,158,157,17209,4,0,0,4,4
2020-07-15,US,Alabama,Houston,684,8,0,31.15197924,-85.29939599,1069.0,646.0021533405111,1.1695906432748535,676,658,7,0,651,641,104722,26,1,0,25,17
2020-07-15,US,Alabama,Jackson,511,3,0,34.78144169,-85.99750489,1071.0,989.811335373649,0.5870841487279843,508,472,2,0,470,442,51736,39,1,0,38,30
2020-07-15,US,Alabama,Jefferson,7449,176,0,33.55554728,-86.89506300000002,1073.0,1131.0818998045775,2.362733252785609,7273,7186,174,0,7012,7012,659300,263,2,0,261,174
2020-07-15,US,Alabama,Lamar,96,1,0,33.77995024,-88.09668032,1075.0,695.4002173125679,1.0416666666666667,95,95,1,0,94,89,13844,1,0,0,1,6
2020-07-15,US,Alabama,Lauderdale,664,7,0,34.90171875,-87.65624729,1077.0,716.0650929051321,1.0542168674698795,657,633,7,0,626,600,92387,31,0,0,31,33
2020-07-15,US,Alabama,Lawrence,159,0,0,34.52041498,-87.31069453,1079.0,482.93038512938887,0.0,159,151,0,0,151,146,32957,8,0,0,8,5
2020-07-15,US,Alabama,Lee,1793,37,0,32.60154883,-85.35132246,1081.0,1089.691385786,2.063580591187953,1756,1716,37,0,1679,1647,163941,77,0,0,77,69
2020-07-15,US,Alabama,Limestone,725,4,0,34.81185586,-86.98310072,1083.0,732.9525350048021,0.5517241379310345,721,691,4,0,687,665,96174,34,0,0,34,26
2020-07-15,US,Alabama,Lowndes,497,23,0,32.1597283,-86.65158371,1085.0,5110.014394406745,4.627766599597585,474,497,23,0,474,492,9974,0,0,0,0,5
2020-07-15,US,Alabama,Macon,235,9,0,32.38759944,-85.69267724,1087.0,1300.6420190391852,3.8297872340425534,226,227,9,0,218,222,18439,8,0,0,8,5
2020-07-15,US,Alabama,Madison,2901,12,0,34.76327133,-86.55069633,1089.0,777.9377810672307,0.4136504653567735,2889,2729,9,0,2720,2535,366519,172,3,0,169,194
2020-07-15,US,Alabama,Marengo,381,11,0,32.24767634,-87.78796182,1091.0,2019.827174892647,2.8871391076115485,370,364,11,0,353,361,19066,17,0,0,17,3
2020-07-15,US,Alabama,Marion,355,14,0,34.13697363,-87.88704173,1093.0,1194.9240970749604,3.943661971830986,341,332,14,0,318,309,29763,23,0,0,23,23
2020-07-15,US,Alabama,Marshall,2133,13,0,34.36975964,-86.30486727,1095.0,2204.1044082088165,0.6094702297233943,2120,2090,12,0,2078,2050,96109,43,1,0,42,40
2020-07-15,US,Alabama,Mobile,5349,157,0,30.78472347,-88.20842409,1097.0,1294.4991650734496,2.9351280613198734,5192,5206,147,0,5059,5061,413757,143,10,0,133,145
2020-07-15,US,Alabama,Monroe,283,3,0,31.56729412,-87.36995001,1099.0,1364.9737134037525,1.060070671378092,280,277,3,0,274,268,21067,6,0,0,6,9
2020-07-15,US,Alabama,Montgomery,4732,118,0,32.2206831,-86.20969272,1101.0,2089.3123636781083,2.4936601859678778,4614,4690,114,0,4576,4599,225763,42,4,0,38,91
2020-07-15,US,Alabama,Morgan,1489,7,0,34.45500589,-86.85475946,1103.0,1244.161465252885,0.4701141705842847,1482,1429,6,0,1423,1397,119089,60,1,0,59,32
2020-07-15,US,Alabama,Perry,270,2,0,32.64048341,-87.29770589,1105.0,3025.888154208226,0.7407407407407407,268,263,2,0,261,255,9140,7,0,0,7,8
2020-07-15,US,Alabama,Pickens,282,7,0,33.28094866,-88.08818103,1107.0,1414.9523331660812,2.482269503546099,275,280,6,0,274,278,19938,2,1,0,1,2
2020-07-15,US,Alabama,Pike,501,6,0,31.80396383,-85.9408295,1109.0,1512.955245515492,1.1976047904191616,495,491,5,0,486,480,33338,10,1,0,9,11
2020-07-15,US,Alabama,Randolph,286,10,0,33.29526734,-85.45708831,1111.0,1258.692016547839,3.4965034965034967,276,279,10,0,269,275,22725,7,0,0,7,4
2020-07-15,US,Alabama,Russell,761,0,0,32.28725256,-85.18415324,1113.0,1312.9518124255965,0.0,761,734,0,0,734,713,57781,27,0,0,27,21
2020-07-15,US,Alabama,Shelby,1880,27,0,33.26879845,-86.66232561,1117.0,863.5657917704018,1.4361702127659577,1853,1820,26,0,1794,1764,215707,60,1,0,59,56
2020-07-15,US,Alabama,St. Clair,671,4,0,33.71902176,-86.31029372,1115.0,749.6201626597551,0.5961251862891207,667,646,3,0,643,598,88690,25,1,0,24,48
2020-07-15,US,Alabama,Sumter,306,13,0,32.59117397,-88.19916205,1119.0,2462.3803009575918,4.248366013071895,293,304,13,0,291,297,12691,2,0,0,2,7
2020-07-15,US,Alabama,Talladega,451,7,0,33.37823223,-86.16886178,1121.0,563.9050738953213,1.5521064301552103,444,433,7,0,426,417,79828,18,0,0,18,16
2020-07-15,US,Alabama,Tallapoosa,662,72,0,32.86698258,-85.79833053,1123.0,1639.9534273044815,10.876132930513597,590,646,69,0,577,630,40497,16,3,0,13,16
2020-07-15,US,Alabama,Tuscaloosa,2837,54,0,33.28726072,-87.52556818,1125.0,1355.1145184017578,1.9034191046880509,2783,2777,54,0,2723,2743,208911,60,0,0,60,34
2020-07-15,US,Alabama,Unassigned,842,28,0,0.0,0.0,90001.0,0.0,3.32541567695962,814,814,28,0,786,777,,28,0,0,28,37
2020-07-15,US,Alabama,Walker,1135,37,0,33.80270512,-87.30027177,1127.0,1786.8106610412306,3.259911894273128,1098,1126,35,0,1091,1113,63711,9,2,0,7,13
2020-07-15,US,Alabama,Washington,167,9,0,31.4092794,-88.20689944,1129.0,1022.9082445179467,5.389221556886229,158,158,8,0,150,152,16378,9,1,0,8,6
2020-07-15,US,Alabama,Wilcox,332,8,0,31.98773215,-87.30891118,1131.0,3200.6169864070184,2.409638554216868,324,325,8,0,317,315,10627,7,0,0,7,10
2020-07-15,US,Alabama,Winston,316,7,0,34.15030532,-87.37325922,1133.0,1337.3397096787844,2.2151898734177213,309,315,7,0,308,309,23660,1,0,0,1,6
2020-07-15,US,Alaska,Aleutians West,1,0,0,52.3233,-174.1596,2016.0,17.749378771742986,0.0,1,1,0,0,1,1,5723,0,0,0,0,0
2020-07-15,US,Alaska,Anchorage,790,8,0,61.14998174,-149.14269860000005,2020.0,274.3055555555556,1.0126582278481011,782,758,8,0,750,740,291538,32,0,0,32,18
2020-07-15,US,Alaska,Bethel,16,0,0,60.90980451,-159.8561831,2050.0,87.02273468943761,0.0,16,16,0,0,16,16,18216,0,0,0,0,0
2020-07-15,US,Alaska,Bristol Bay,5,0,0,58.74513976,-156.701064,2060.0,598.0861244019137,0.0,5,5,0,0,5,5,877,0,0,0,0,0
2020-07-15,US,Alaska,Fairbanks North Star,267,2,0,64.80726247,-146.5692662,2090.0,275.68689403091406,0.7490636704119851,265,260,2,0,258,255,98971,7,0,0,7,5
2020-07-15,US,Alaska,Haines,2,0,0,59.09893571,-135.4679843,2100.0,79.05138339920948,0.0,2,2,0,0,2,2,2474,0,0,0,0,0
2020-07-15,US,Alaska,Juneau,53,2,0,58.45031811,-134.200436,2110.0,165.75967973978857,3.7735849056603774,51,52,2,0,50,51,32113,1,0,0,1,1
2020-07-15,US,Alaska,Kenai Peninsula,209,2,0,60.24429722,-151.53888840000005,2122.0,355.99918239422226,0.9569377990430622,207,209,2,0,207,203,58533,0,0,0,0,6
2020-07-15,US,Alaska,Ketchikan Gateway,25,0,0,55.57445008,-130.975561,2130.0,179.84317674987412,0.0,25,23,0,0,23,23,13918,2,0,0,2,0
2020-07-15,US,Alaska,Kodiak Island,7,0,0,57.65529415,-153.7493579,2150.0,53.854439144483784,0.0,7,6,0,0,6,6,13345,1,0,0,1,0
2020-07-15,US,Alaska,Kusilvak,3,0,0,62.15429159999999,-163.39678830000003,2158.0,36.0837142169834,0.0,3,2,0,0,2,2,8303,1,0,0,1,0
2020-07-15,US,Alaska,Matanuska-Susitna,161,2,0,62.31305045,-149.5741743,2170.0,148.63779462134292,1.2422360248447204,159,158,2,0,156,151,107610,3,0,0,3,7
2020-07-15,US,Alaska,Nome,15,0,0,64.90320724,-164.0353804,2180.0,149.94002399040383,0.0,15,15,0,0,15,15,10008,0,0,0,0,0
2020-07-15,US,Alaska,North Slope,5,0,0,69.31479216,-153.4836093,2185.0,50.854353132628155,0.0,5,5,0,0,5,5,9872,0,0,0,0,0
2020-07-15,US,Alaska,Northwest Arctic,7,0,0,67.04919196,-159.7503946,2188.0,91.8514630625902,0.0,7,7,0,0,7,7,7671,0,0,0,0,0
2020-07-15,US,Alaska,Petersburg,6,1,0,57.13978948,-132.9540995,2195.0,183.71096142069808,16.666666666666668,5,6,1,0,5,6,3221,0,0,0,0,0
2020-07-15,US,Alaska,Prince of Wales-Hyder,2,0,0,55.76261984,-133.0511621,2198.0,32.24246332419797,0.0,2,2,0,0,2,2,6422,0,0,0,0,0
2020-07-15,US,Alaska,Sitka,13,0,0,57.24124555,-135.3206587,2220.0,153.06723183798422,0.0,13,13,0,0,13,13,8647,0,0,0,0,0
2020-07-15,US,Alaska,Southeast Fairbanks,10,0,0,63.87692095,-143.2127643,2240.0,145.07471347744092,0.0,10,10,0,0,10,10,6918,0,0,0,0,0
2020-07-15,US,Alaska,Valdez-Cordova,15,0,0,61.47502768,-144.7126799,2261.0,163.0080417300587,0.0,15,12,0,0,12,10,9164,3,0,0,3,2
2020-07-15,US,Alaska,Wrangell,3,0,0,56.3202004,-132.05837309999998,2275.0,119.90407673860909,0.0,3,3,0,0,3,3,2503,0,0,0,0,0
2020-07-15,US,Alaska,Yukon-Koyukuk,16,0,0,65.50815459,-151.39073869999999,2290.0,305.92734225621416,0.0,16,14,0,0,14,13,5327,2,0,0,2,1
2020-07-15,US,Arizona,Apache,2644,105,0,35.39465006,-109.4892383,4001.0,3677.994630461697,3.9712556732223914,2539,2611,104,0,2507,2580,71818,33,1,0,32,31
2020-07-15,US,Arizona,Cochise,1131,27,0,31.87934684,-109.7516088,4003.0,898.1750607518941,2.3872679045092844,1104,1095,27,0,1068,1062,126770,36,0,0,36,33
2020-07-15,US,Arizona,Coconino,2532,102,0,35.83883429,-111.7707178,4005.0,1764.755080989155,4.028436018957346,2430,2523,102,0,2421,2475,142854,9,0,0,9,48
2020-07-15,US,Arizona,Gila,479,16,0,33.80190085,-110.8132779,4007.0,886.7414565515198,3.3402922755741127,463,468,15,0,453,446,53889,11,1,0,10,22
2020-07-15,US,Arizona,Graham,221,3,0,32.93166885,-109.8882178,4009.0,569.0449828771532,1.3574660633484164,218,218,2,0,216,207,38072,3,1,0,2,11
2020-07-15,US,Arizona,Greenlee,38,1,0,33.21498827,-109.2405279,4011.0,400.08422825858077,2.631578947368421,37,33,1,0,32,33,9483,5,0,0,5,0
2020-07-15,US,Arizona,La Paz,422,7,0,33.72854224,-113.9810029,4012.0,1999.2419935569449,1.6587677725118484,415,412,7,0,405,410,21098,10,0,0,10,2
2020-07-15,US,Arizona,Maricopa,86483,1277,0,33.34835867,-112.4918154,4013.0,1928.0940399258573,1.4765907750656198,85206,84233,1198,0,83035,81216,4410824,2250,79,0,2171,3017
2020-07-15,US,Arizona,Mohave,2045,99,0,35.70471703,-113.7577902,4015.0,963.7997747206392,4.841075794621027,1946,1937,99,0,1838,1831,209550,108,0,0,108,106
2020-07-15,US,Arizona,Navajo,4529,146,0,35.3997715,-110.3218983,4017.0,4082.975731131225,3.2236696842570103,4383,4482,145,0,4337,4355,110445,47,1,0,46,127
2020-07-15,US,Arizona,Pima,12406,347,0,32.0971334,-111.7890033,4019.0,1184.5935992223658,2.7970336933741735,12059,12114,338,0,11776,11856,1039073,292,9,0,283,258
2020-07-15,US,Arizona,Pinal,6118,90,0,32.90525627,-111.3449483,4021.0,1321.9847489892802,1.4710689767898006,6028,5945,88,0,5857,5627,447138,173,2,0,171,318
2020-07-15,US,Arizona,Santa Cruz,2226,32,0,31.52508998,-110.8479088,4023.0,4787.302679685147,1.4375561545372866,2194,2208,31,0,2177,2186,46511,18,1,0,17,22
2020-07-15,US,Arizona,Yavapai,1229,23,0,34.59933926,-112.5538588,4025.0,522.7584974840387,1.8714401952807158,1206,1189,21,0,1168,1156,231993,40,2,0,38,33
2020-07-15,US,Arizona,Yuma,8851,159,0,32.76895712,-113.90666740000002,4027.0,4140.102064204091,1.7964071856287425,8692,8629,159,0,8470,8384,212128,222,0,0,222,245
2020-07-15,US,Arkansas,Arkansas,73,0,0,34.29145151,-91.37277296,5001.0,417.47683861374816,0.0,73,66,0,0,66,60,17769,7,0,0,7,6
2020-07-15,US,Arkansas,Ashley,114,3,0,33.19153461,-91.76984709999999,5003.0,579.9460751894999,2.631578947368421,111,111,3,0,108,110,20046,3,0,0,3,1
2020-07-15,US,Arkansas,Baxter,34,0,0,36.28784385,-92.33782872,5005.0,81.08365925784605,0.0,34,31,0,0,31,31,41619,3,0,0,3,0
2020-07-15,US,Arkansas,Benton,3598,23,0,36.33644656,-94.25680817,5007.0,1288.9543277411776,0.6392440244580322,3575,3551,23,0,3528,3496,272608,47,0,0,47,55
2020-07-15,US,Arkansas,Boone,66,1,0,36.3084504,-93.09374925,5009.0,176.31972643727292,1.5151515151515151,65,63,1,0,62,53,37480,3,0,0,3,10
2020-07-15,US,Arkansas,Bradley,85,2,0,33.46755808,-92.15980837,5011.0,789.7426368112981,2.3529411764705883,83,82,2,0,80,81,10897,3,0,0,3,1
2020-07-15,US,Arkansas,Calhoun,4,0,0,33.55598792,-92.49974403,5013.0,77.08614376565812,0.0,4,4,0,0,4,3,5277,0,0,0,0,1
2020-07-15,US,Arkansas,Carroll,239,6,0,36.34038560000001,-93.54270261,5015.0,842.1423537702608,2.510460251046025,233,236,6,0,230,230,28223,3,0,0,3,6
2020-07-15,US,Arkansas,Chicot,229,3,0,33.26458973,-91.29539209,5017.0,2263.293140936944,1.310043668122271,226,224,3,0,221,218,10438,5,0,0,5,6
2020-07-15,US,Arkansas,Clark,80,0,0,34.04613432,-93.17484713,5019.0,358.42293906810033,0.0,80,76,0,0,76,73,22061,4,0,0,4,3
2020-07-15,US,Arkansas,Clay,84,3,0,36.36826212,-90.4148172,5021.0,577.2799120335372,3.571428571428572,81,84,3,0,81,82,14847,0,0,0,0,2
2020-07-15,US,Arkansas,Cleburne,138,4,0,35.53864922,-92.02640019,5023.0,553.7942935109755,2.898550724637681,134,137,4,0,133,133,24965,1,0,0,1,4
2020-07-15,US,Arkansas,Cleveland,39,0,0,33.89723187,-92.18537045,5025.0,490.19607843137254,0.0,39,38,0,0,38,38,8018,1,0,0,1,0
2020-07-15,US,Arkansas,Columbia,114,5,0,33.21230701,-93.22642793,5027.0,485.99565161785375,4.385964912280701,109,112,5,0,107,109,23537,2,0,0,2,3
2020-07-15,US,Arkansas,Conway,103,3,0,35.26205537,-92.70506566,5029.0,494.09958745082986,2.9126213592233015,100,98,3,0,95,97,20891,5,0,0,5,1
2020-07-15,US,Arkansas,Craighead,626,7,0,35.83018283,-90.63235729,5031.0,567.3784577457129,1.1182108626198084,619,610,7,0,603,565,108558,16,0,0,16,45
2020-07-15,US,Arkansas,Crawford,296,3,0,35.58928601,-94.2446814,5033.0,467.9324027380369,1.0135135135135136,293,291,3,0,288,284,63406,5,0,0,5,7
2020-07-15,US,Arkansas,Crittenden,893,14,0,35.21247318,-90.30839406,5035.0,1862.1624439578773,1.5677491601343785,879,879,14,0,865,865,48342,14,0,0,14,14
2020-07-15,US,Arkansas,Cross,103,1,0,35.29631396,-90.77185818,5037.0,627.322004994214,0.9708737864077671,102,102,1,0,101,101,16676,1,0,0,1,1
2020-07-15,US,Arkansas,Dallas,14,0,0,33.97042763,-92.65167437,5039.0,199.74318733057493,0.0,14,13,0,0,13,12,7182,1,0,0,1,1
2020-07-15,US,Arkansas,Desha,86,1,0,33.83011025,-91.25500948,5041.0,756.9756183434558,1.162790697674419,85,85,1,0,84,84,11512,1,0,0,1,1
2020-07-15,US,Arkansas,Drew,98,2,0,33.59035001,-91.71777921,5043.0,537.8999945112246,2.0408163265306123,96,96,2,0,94,95,18328,2,0,0,2,1
2020-07-15,US,Arkansas,Faulkner,830,4,0,35.14719007,-92.33717519,5045.0,658.6935646432341,0.4819277108433735,826,810,4,0,806,788,124806,20,0,0,20,22
2020-07-15,US,Arkansas,Franklin,34,1,0,35.51202821,-93.89299569,5047.0,191.92774484899803,2.9411764705882355,33,34,1,0,33,33,17810,0,0,0,0,1
2020-07-15,US,Arkansas,Fulton,18,0,0,36.38177105,-91.81729127,5049.0,144.2654484251022,0.0,18,18,0,0,18,18,12269,0,0,0,0,0
2020-07-15,US,Arkansas,Garland,366,5,0,34.57692074,-93.14921604,5051.0,368.2611232970439,1.3661202185792352,361,347,3,0,344,341,99154,19,2,0,17,6
2020-07-15,US,Arkansas,Grant,64,0,0,34.29017991,-92.42320562,5053.0,350.39693402682724,0.0,64,62,0,0,62,58,18188,2,0,0,2,4
2020-07-15,US,Arkansas,Greene,156,0,0,36.11735460000001,-90.55832668,5055.0,344.18091560948716,0.0,156,154,0,0,154,150,45325,2,0,0,2,4
2020-07-15,US,Arkansas,Hempstead,96,1,0,33.73325583,-93.66935133,5057.0,445.8480401263236,1.0416666666666667,95,96,1,0,95,87,21741,0,0,0,0,9
2020-07-15,US,Arkansas,Hot Spring,1300,1,0,34.31709259,-92.95396325,5059.0,3849.4566343904535,0.07692307692307693,1299,1294,1,0,1293,1270,33701,6,0,0,6,24
2020-07-15,US,Arkansas,Howard,157,1,0,34.09007427,-93.9934871,5061.0,1189.2137554915919,0.6369426751592356,156,154,1,0,153,138,13341,3,0,0,3,16
2020-07-15,US,Arkansas,Independence,83,0,0,35.74242707,-91.57001641,5063.0,219.43159286186386,0.0,83,79,0,0,79,74,37678,4,0,0,4,5
2020-07-15,US,Arkansas,Izard,26,1,0,36.09604046,-91.90847954,5065.0,190.76968229510604,3.8461538461538463,25,26,1,0,25,25,13593,0,0,0,0,1
2020-07-15,US,Arkansas,Jackson,43,0,0,35.59802983,-91.21494602,5067.0,257.1924158143429,0.0,43,42,0,0,42,41,16811,1,0,0,1,1
2020-07-15,US,Arkansas,Jefferson,917,29,0,34.26767081,-91.92619839,5069.0,1372.261462947444,3.1624863685932385,888,900,29,0,871,884,68114,17,0,0,17,16
2020-07-15,US,Arkansas,Johnson,444,0,0,35.56759135,-93.46036368,5071.0,1670.5545940251334,0.0,444,427,0,0,427,381,26742,17,0,0,17,46
2020-07-15,US,Arkansas,Lafayette,32,2,0,33.24116713,-93.60677071,5073.0,483.0917874396137,6.25,30,32,2,0,30,30,6682,0,0,0,0,2
2020-07-15,US,Arkansas,Lawrence,121,9,0,36.04188196,-91.10867198,5075.0,737.5350481531148,7.43801652892562,112,123,9,0,114,115,16434,-2,0,0,-2,8
2020-07-15,US,Arkansas,Lee,851,5,0,34.78498904,-90.78383866,5077.0,9608.219487411086,0.5875440658049353,846,850,5,0,845,828,8985,1,0,0,1,22
2020-07-15,US,Arkansas,Lincoln,1052,11,0,33.95317155,-91.74002806,5079.0,8077.395577395578,1.0456273764258557,1041,1052,11,0,1041,1048,13383,0,0,0,0,4
2020-07-15,US,Arkansas,Little River,54,0,0,33.70375665,-94.23468591,5081.0,440.49269924137366,0.0,54,50,0,0,50,45,12326,4,0,0,4,5
2020-07-15,US,Arkansas,Logan,91,0,0,35.21413234,-93.71951016,5083.0,423.92620888847483,0.0,91,89,0,0,89,87,21737,2,0,0,2,2
2020-07-15,US,Arkansas,Lonoke,218,2,0,34.75392199,-91.88742357,5085.0,297.3714005101693,0.9174311926605504,216,213,1,0,212,201,73657,5,1,0,4,12
2020-07-15,US,Arkansas,Madison,223,1,0,36.01038185,-93.72524943,5087.0,1345.3185328185327,0.4484304932735426,222,224,1,0,223,223,16481,-1,0,0,-1,1
2020-07-15,US,Arkansas,Marion,14,0,0,36.26844485,-92.68451899,5089.0,83.86246555648736,0.0,14,14,0,0,14,14,16722,0,0,0,0,0
2020-07-15,US,Arkansas,Miller,293,2,0,33.31403423,-93.89285258,5091.0,677.3470189795871,0.6825938566552902,291,291,2,0,289,280,43592,2,0,0,2,11
2020-07-15,US,Arkansas,Mississippi,357,3,0,35.76271485,-90.05194370000002,5093.0,878.2071781751988,0.8403361344537815,354,349,3,0,346,337,41239,8,0,0,8,12
2020-07-15,US,Arkansas,Monroe,26,0,0,34.6815935,-91.20540287,5095.0,388.0017907774959,0.0,26,27,0,0,27,22,6900,-1,0,0,-1,5
2020-07-15,US,Arkansas,Montgomery,8,0,0,34.53704874,-93.65824478,5097.0,89.02737591809479,0.0,8,7,0,0,7,7,8924,1,0,0,1,0
2020-07-15,US,Arkansas,Nevada,112,3,0,33.66340119,-93.30632432,5099.0,1357.2467280659234,2.6785714285714284,109,112,3,0,109,110,8326,0,0,0,0,2
2020-07-15,US,Arkansas,Newton,13,0,0,35.91947491,-93.21612969,5101.0,167.67702824713015,0.0,13,12,0,0,12,11,7805,1,0,0,1,1
2020-07-15,US,Arkansas,Ouachita,37,0,0,33.58839816,-92.87795984,5103.0,158.241382259858,0.0,37,37,0,0,37,36,23606,0,0,0,0,1
2020-07-15,US,Arkansas,Perry,36,0,0,34.945915299999996,-92.94372564,5105.0,344.33285509325685,0.0,36,34,0,0,34,34,10352,2,0,0,2,0
2020-07-15,US,Arkansas,Phillips,192,5,0,34.43268455,-90.84800154,5107.0,1079.7435609042852,2.6041666666666665,187,191,5,0,186,175,18029,1,0,0,1,16
2020-07-15,US,Arkansas,Pike,23,0,0,34.16250414,-93.65789349,5109.0,214.5922746781116,0.0,23,20,0,0,20,20,10673,3,0,0,3,0
2020-07-15,US,Arkansas,Poinsett,79,3,0,35.57433534,-90.66268713,5111.0,335.77014620877253,3.79746835443038,76,78,3,0,75,76,23974,1,0,0,1,2
2020-07-15,US,Arkansas,Polk,94,0,0,34.48254879,-94.22728802,5113.0,470.8475255459828,0.0,94,90,0,0,90,89,20049,4,0,0,4,1
2020-07-15,US,Arkansas,Pope,729,4,0,35.44871474,-93.03212219,5115.0,1137.7824946934695,0.5486968449931413,725,719,4,0,715,679,64000,10,0,0,10,40
2020-07-15,US,Arkansas,Prairie,39,0,0,34.83624419,-91.55162157,5117.0,483.75093029025055,0.0,39,38,0,0,38,30,8074,1,0,0,1,8
2020-07-15,US,Arkansas,Pulaski,3298,67,0,34.77054088,-92.31355101,5119.0,841.5175894527074,2.031534263189812,3231,3148,67,0,3081,3019,392680,150,0,0,150,129
2020-07-15,US,Arkansas,Randolph,83,2,0,36.3415714,-91.02455531,5121.0,462.18955340238335,2.409638554216868,81,80,2,0,78,78,17948,3,0,0,3,2
2020-07-15,US,Arkansas,Saline,521,3,0,34.64916145,-92.67583224,5125.0,425.52496385896416,0.5758157389635317,518,512,3,0,509,490,121421,9,0,0,9,22
2020-07-15,US,Arkansas,Scott,18,0,0,34.85588887,-94.0632176,5127.0,175.08024511234314,0.0,18,17,0,0,17,17,10319,1,0,0,1,0
2020-07-15,US,Arkansas,Searcy,17,0,0,35.9109364,-92.69936482,5129.0,215.70866641289174,0.0,17,18,0,0,18,18,7958,-1,0,0,-1,0
2020-07-15,US,Arkansas,Sebastian,981,8,0,35.19605503,-94.27162713,5131.0,767.4434978525662,0.8154943934760448,973,929,8,0,921,874,127753,52,0,0,52,55
2020-07-15,US,Arkansas,Sevier,822,9,0,33.99780401,-94.2424869,5133.0,4833.3039336743705,1.094890510948905,813,819,9,0,810,811,17139,3,0,0,3,8
2020-07-15,US,Arkansas,Sharp,72,5,0,36.16258158,-91.47819342,5135.0,412.79669762641885,6.9444444444444455,67,69,5,0,64,69,17366,3,0,0,3,0
2020-07-15,US,Arkansas,St. Francis,926,3,0,35.02201976,-90.74828138,5123.0,3704.889173401617,0.3239740820734341,923,920,3,0,917,911,25439,6,0,0,6,9
2020-07-15,US,Arkansas,Stone,23,1,0,35.86251946,-92.15684085,5137.0,183.91172237326083,4.3478260869565215,22,22,1,0,21,22,12457,1,0,0,1,0
2020-07-15,US,Arkansas,Unassigned,1049,0,0,0.0,0.0,90005.0,0.0,0.0,1049,1121,0,0,1121,1121,,-72,0,0,-72,0
2020-07-15,US,Arkansas,Union,284,14,0,33.16887091,-92.59746952,5139.0,734.191613670441,4.929577464788731,270,282,14,0,268,275,39126,2,0,0,2,7
2020-07-15,US,Arkansas,Van Buren,37,2,0,35.58095779,-92.51295036,5141.0,223.632517376851,5.405405405405406,35,37,2,0,35,36,16603,0,0,0,0,1
2020-07-15,US,Arkansas,Washington,4778,37,0,35.976844,-94.21800746,5143.0,1997.6002040244666,0.7743825868564252,4741,4721,37,0,4684,4594,236961,57,0,0,57,127
2020-07-15,US,Arkansas,White,157,2,0,35.25688493,-91.74908296,5145.0,199.3574847942301,1.2738853503184713,155,156,2,0,154,149,78727,1,0,0,1,7
2020-07-15,US,Arkansas,Woodruff,14,0,0,35.18902527,-91.2439489,5147.0,221.5189873417721,0.0,14,14,0,0,14,12,6490,0,0,0,0,2
2020-07-15,US,Arkansas,Yell,873,8,0,35.00292371,-93.41171338,5149.0,4090.717398434938,0.9163802978235968,865,863,7,0,856,838,21535,10,1,0,9,25
2020-07-15,US,California,Alameda,8478,154,0,37.64629437,-121.8929271,6001.0,507.26098811185585,1.8164661476763388,8324,8321,152,0,8169,7976,1666753,157,2,0,155,345
2020-07-15,US,California,Alpine,2,0,0,38.59678594,-119.82235940000001,6003.0,177.14791851195747,0.0,2,2,0,0,2,2,1101,0,0,0,0,0
2020-07-15,US,California,Amador,48,0,0,38.44583082,-120.65696000000001,6005.0,120.74864157778224,0.0,48,45,0,0,45,40,39383,3,0,0,3,5
2020-07-15,US,California,Butte,437,4,0,39.66727762,-121.6005252,6007.0,199.37404761253003,0.9153318077803204,433,416,4,0,412,338,231256,21,0,0,21,78
2020-07-15,US,California,Calaveras,75,0,0,38.20537103,-120.55291299999999,6009.0,163.3808953273064,0.0,75,75,0,0,75,67,45602,0,0,0,0,8
2020-07-15,US,California,Colusa,140,0,0,39.17881957,-122.2331726,6011.0,649.7424235392398,0.0,140,135,0,0,135,113,21627,5,0,0,5,22
2020-07-15,US,California,Contra Costa,5140,92,0,37.91923498,-121.9289527,6013.0,445.5903031227732,1.7898832684824904,5048,5023,92,0,4931,4852,1150215,117,0,0,117,171
2020-07-15,US,California,Del Norte,61,0,0,41.74228275,-123.89740630000001,6015.0,219.32978570401264,0.0,61,61,0,0,61,61,27828,0,0,0,0,0
2020-07-15,US,California,El Dorado,363,0,0,38.77965956,-120.5233166,6017.0,188.2360261974767,0.0,363,350,0,0,350,307,190678,13,0,0,13,43
2020-07-15,US,California,Fresno,8941,91,0,36.75733899,-119.6466953,6019.0,894.9045191627272,1.017783245721955,8850,8756,91,0,8665,8282,994400,185,0,0,185,474
2020-07-15,US,California,Glenn,190,1,0,39.59875897,-122.3938452,6021.0,669.1790229986265,0.5263157894736842,189,183,0,0,183,176,28047,7,1,0,6,7
2020-07-15,US,California,Humboldt,175,4,0,40.69923009,-123.876044,6023.0,129.0960326944924,2.2857142857142856,171,167,4,0,163,165,136373,8,0,0,8,2
2020-07-15,US,California,Imperial,8145,148,0,33.0393082,-115.36690420000001,6025.0,4494.661037993544,1.8170656844689996,7997,8119,141,0,7978,7977,181827,26,7,0,19,142
2020-07-15,US,California,Inyo,37,1,0,36.51112084,-117.41119779999998,6027.0,205.11114806807475,2.702702702702702,36,37,1,0,36,35,17987,0,0,0,0,2
2020-07-15,US,California,Kern,6921,98,0,35.34329425,-118.72777959999999,6029.0,768.8274409521417,1.4159803496604535,6823,6759,98,0,6661,6601,896764,162,0,0,162,158
2020-07-15,US,California,Kings,3108,41,0,36.07409056,-119.8159973,6031.0,2032.169478226756,1.3191763191763193,3067,3078,40,0,3038,2970,151366,30,1,0,29,108
2020-07-15,US,California,Lake,133,1,0,39.10124298,-122.75362439999999,6033.0,206.5666449228093,0.7518796992481203,132,122,1,0,121,121,64382,11,0,0,11,1
2020-07-15,US,California,Lassen,444,0,0,40.67311306,-120.59350990000002,6035.0,1452.261799627122,0.0,444,441,0,0,441,428,30802,3,0,0,3,13
2020-07-15,US,California,Los Angeles,143207,3943,0,34.30828379,-118.22824109999999,6037.0,1426.4914200037908,2.7533570286368683,139264,140576,3897,0,136679,136357,10105518,2631,46,0,2585,4219
2020-07-15,US,California,Madera,1054,10,0,37.21513971,-119.76655890000002,6039.0,669.9422222504719,0.9487666034155596,1044,1003,9,0,994,893,157672,51,1,0,50,110
2020-07-15,US,California,Marin,3947,40,0,38.07122463,-122.72106310000001,6041.0,1524.962716264981,1.0134279199391942,3907,3888,38,0,3850,3702,259666,59,2,0,57,186
2020-07-15,US,California,Mariposa,34,1,0,37.57978556,-119.9073334,6043.0,197.6399465209556,2.9411764705882355,33,34,1,0,33,32,17471,0,0,0,0,2
2020-07-15,US,California,Mendocino,155,0,0,39.4381191,-123.39113130000001,6045.0,178.67641125546115,0.0,155,146,0,0,146,132,87606,9,0,0,9,14
2020-07-15,US,California,Merced,2260,15,0,37.18922369,-120.72090349999999,6047.0,813.8864880437914,0.6637168141592921,2245,2183,13,0,2170,1884,274765,77,2,0,75,299
2020-07-15,US,California,Mono,54,1,0,37.93899289,-118.8872409,6051.0,373.8576571586817,1.851851851851852,53,52,1,0,51,52,14250,2,0,0,2,0
2020-07-15,US,California,Monterey,2913,18,0,36.21862405,-121.24133970000001,6053.0,671.1038310283577,0.6179196704428425,2895,2835,18,0,2817,2790,435594,78,0,0,78,45
2020-07-15,US,California,Napa,561,4,0,38.50735751,-122.33283899999999,6055.0,407.2772679753746,0.7130124777183601,557,530,4,0,526,518,139417,31,0,0,31,12
2020-07-15,US,California,Nevada,185,1,0,39.30394768,-120.76272809999999,6057.0,185.45436318981498,0.5405405405405406,184,183,1,0,182,163,99696,2,0,0,2,20
2020-07-15,US,California,Orange,27031,455,0,33.70147516,-117.76459979999998,6059.0,851.1845607193645,1.6832525618734049,26576,26120,433,0,25687,25255,3185968,911,22,0,889,865
2020-07-15,US,California,Placer,1167,11,0,39.06167234,-120.72405690000001,6061.0,292.97389846082007,0.9425878320479862,1156,1151,11,0,1140,1114,393149,16,0,0,16,37
2020-07-15,US,California,Plumas,21,0,0,40.00355989,-120.8395236,6063.0,111.66055192215664,0.0,21,20,0,0,20,19,18804,1,0,0,1,1
2020-07-15,US,California,Riverside,27371,577,0,33.74314981,-115.9933578,6065.0,1107.8927492141413,2.1080705856563515,26794,26481,553,0,25928,25748,2450758,890,24,0,866,733
2020-07-15,US,California,Sacramento,6174,92,0,38.45106826,-121.34253740000001,6067.0,397.79441232221984,1.4901198574667962,6082,5938,91,0,5847,5714,1540975,236,1,0,235,224
2020-07-15,US,California,San Benito,408,2,0,36.60308176,-121.069975,6069.0,649.5987772258311,0.4901960784313725,406,398,2,0,396,362,61537,10,0,0,10,36
2020-07-15,US,California,San Bernardino,21468,310,0,34.84060306,-116.1774685,6071.0,984.7322466784552,1.4440096888392024,21158,20456,309,0,20147,19502,2171603,1012,1,0,1011,954
2020-07-15,US,California,San Diego,21446,448,0,33.03484597,-116.73653259999999,6073.0,642.4170168916794,2.0889676396530823,20998,20887,436,0,20451,19929,3343364,559,12,0,547,958
2020-07-15,US,California,San Francisco,4696,50,0,37.75215114,-122.43856720000001,6075.0,532.6986928690294,1.0647359454855196,4646,4640,50,0,4590,4590,883305,56,0,0,56,50
2020-07-15,US,California,San Joaquin,7428,73,0,37.93433732,-121.2730061,6077.0,974.6138545269424,0.9827679052234788,7355,7216,73,0,7143,6988,752660,212,0,0,212,228
2020-07-15,US,California,San Luis Obispo,1112,6,0,35.38822029,-120.4039028,6079.0,392.778804073314,0.5395683453237411,1106,1078,5,0,1073,1006,284010,34,1,0,33,72
2020-07-15,US,California,San Mateo,4254,114,0,37.422880799999994,-122.32755459999998,6081.0,554.9373640866556,2.6798307475317347,4140,4168,114,0,4054,4045,769545,86,0,0,86,123
2020-07-15,US,California,Santa Barbara,4412,32,0,34.65329488,-120.0188492,6083.0,988.132112277967,0.7252946509519492,4380,4323,31,0,4292,3931,446527,89,1,0,88,392
2020-07-15,US,California,Santa Clara,6951,173,0,37.23104908,-121.6970462,6085.0,360.55672323394117,2.4888505251043016,6778,6725,180,0,6545,6542,1937570,226,-7,0,233,183
2020-07-15,US,California,Santa Cruz,602,3,0,37.05580291,-122.0066524,6087.0,220.3409061794277,0.4983388704318937,599,600,3,0,597,569,274255,2,0,0,2,31
2020-07-15,US,California,Shasta,215,6,0,40.76391419,-122.0396884,6089.0,119.39138160817413,2.7906976744186047,209,203,6,0,197,200,180040,12,0,0,12,3
2020-07-15,US,California,Sierra,1,0,0,39.57713498,-120.52007009999998,6091.0,33.277870216306155,0.0,1,1,0,0,1,1,2987,0,0,0,0,0
2020-07-15,US,California,Siskiyou,43,0,0,41.59198861,-122.54074340000001,6093.0,98.76202944486552,0.0,43,43,0,0,43,41,43724,0,0,0,0,2
2020-07-15,US,California,Solano,2407,31,0,38.26827353,-121.9357113,6095.0,537.705269600999,1.2879102617366016,2376,2313,31,0,2282,2075,446610,94,0,0,94,238
2020-07-15,US,California,Sonoma,1941,16,0,38.52746429,-122.88625060000001,6097.0,392.6479155877784,0.824317362184441,1925,1886,16,0,1870,1819,499942,55,0,0,55,67
2020-07-15,US,California,Stanislaus,5517,61,0,37.55862499,-120.9970722,6099.0,1001.8886427196456,1.105673373210078,5456,5356,57,0,5299,4973,549815,161,4,0,157,383
2020-07-15,US,California,Sutter,441,4,0,39.03417539,-121.6945899,6101.0,454.77513895907026,0.90702947845805,437,441,4,0,437,403,96807,0,0,0,0,38
2020-07-15,US,California,Tehama,126,1,0,40.12570935,-122.23701709999999,6103.0,193.5959682871366,0.7936507936507936,125,121,1,0,120,107,63916,5,0,0,5,14
2020-07-15,US,California,Trinity,2,0,0,40.64917670000001,-123.114713,6105.0,16.28001628001628,0.0,2,2,0,0,2,2,12535,0,0,0,0,0
2020-07-15,US,California,Tulare,6332,153,0,36.22026558,-118.8020203,6107.0,1358.2299252458736,2.416298168035376,6179,6209,153,0,6056,5942,465861,123,0,0,123,267
2020-07-15,US,California,Tuolumne,80,0,0,38.02644018,-119.95250929999999,6109.0,146.84826902602885,0.0,80,76,0,0,76,73,54539,4,0,0,4,3
2020-07-15,US,California,Ventura,4787,56,0,34.44465746,-119.09106129999999,6111.0,565.8352304829989,1.1698349697096302,4731,4619,53,0,4566,4246,850967,168,3,0,165,373
2020-07-15,US,California,Yolo,1023,30,0,38.68278902,-121.90182879999999,6113.0,463.9455782312925,2.9325513196480935,993,999,29,0,970,929,220408,24,1,0,23,70
2020-07-15,US,California,Yuba,221,3,0,39.26255932,-121.35356440000001,6115.0,280.92744190776426,1.3574660633484164,218,221,3,0,218,198,78041,0,0,0,0,23
2020-07-15,US,Colorado,Adams,4916,159,0,39.87432092,-104.3362578,8001.0,950.0967297423184,3.2343368592351505,4757,4847,159,0,4688,4788,511868,69,0,0,69,59
2020-07-15,US,Colorado,Alamosa,204,7,0,37.57250606,-105.7885451,8003.0,1256.6993162077251,3.431372549019608,197,204,7,0,197,204,16683,0,0,0,0,0
2020-07-15,US,Colorado,Arapahoe,5789,352,0,39.64977461,-104.3353617,8005.0,881.6765409159445,6.080497495249611,5437,5734,352,0,5382,5682,651215,55,0,0,55,52
2020-07-15,US,Colorado,Archuleta,13,0,0,37.19474156,-107.0476867,8007.0,92.66519352769264,0.0,13,12,0,0,12,12,13765,1,0,0,1,0
2020-07-15,US,Colorado,Baca,14,0,0,37.31940883,-102.5603223,8009.0,390.9522479754258,0.0,14,14,0,0,14,14,3585,0,0,0,0,0
2020-07-15,US,Colorado,Bent,5,0,0,37.95474293,-103.0720195,8011.0,89.65393580778195,0.0,5,4,0,0,4,4,5882,1,0,0,1,0
2020-07-15,US,Colorado,Boulder,1578,74,0,40.09313619,-105.3546767,8013.0,483.75823124747086,4.689480354879595,1504,1558,74,0,1484,1532,326078,20,0,0,20,26
2020-07-15,US,Colorado,Broomfield,352,30,0,39.95998787,-105.0566324,8014.0,499.53877811679564,8.522727272727273,322,348,30,0,318,342,69267,4,0,0,4,6
2020-07-15,US,Colorado,Chaffee,123,19,0,38.74745778,-106.19265729999998,8015.0,604.2444488111613,15.447154471544714,104,123,19,0,104,121,20027,0,0,0,0,2
2020-07-15,US,Colorado,Cheyenne,5,0,0,38.82777431,-102.6032558,8017.0,273.07482250136536,0.0,5,5,0,0,5,5,1876,0,0,0,0,0
2020-07-15,US,Colorado,Clear Creek,21,1,0,39.68864463,-105.6463118,8019.0,216.49484536082474,4.761904761904762,20,21,1,0,20,21,9605,0,0,0,0,0
2020-07-15,US,Colorado,Conejos,18,0,0,37.201606,-106.19174879999998,8021.0,219.37842778793416,0.0,18,18,0,0,18,18,8200,0,0,0,0,0
2020-07-15,US,Colorado,Costilla,22,0,0,37.27732493,-105.4276548,8023.0,565.9891947517366,0.0,22,22,0,0,22,22,3828,0,0,0,0,0
2020-07-15,US,Colorado,Crowley,71,1,0,38.32608609,-103.7844965,8025.0,1171.4238574492658,1.4084507042253518,70,71,1,0,70,71,5858,0,0,0,0,0
2020-07-15,US,Colorado,Custer,7,0,0,38.10883162,-105.3683478,8027.0,138.12154696132598,0.0,7,7,0,0,7,7,4954,0,0,0,0,0
2020-07-15,US,Colorado,Delta,86,1,0,38.86246243,-107.8631342,8029.0,275.9771516590719,1.162790697674419,85,84,1,0,83,84,30953,2,0,0,2,0
2020-07-15,US,Colorado,Denver,8098,397,0,39.76018276,-104.8725695,8031.0,1113.5695142125187,4.90244504816004,7701,8011,395,0,7616,7952,716492,87,2,0,85,59
2020-07-15,US,Colorado,Douglas,1224,54,0,39.33133796,-104.930001,8035.0,348.5650170580429,4.411764705882354,1170,1201,53,0,1148,1178,342776,23,1,0,22,23
2020-07-15,US,Colorado,Eagle,795,9,0,39.62754308,-106.6933637,8037.0,1442.1245487692056,1.1320754716981132,786,783,8,0,775,766,54993,12,1,0,11,17
2020-07-15,US,Colorado,El Paso,3216,118,0,38.83240149,-104.5251411,8041.0,446.41679726486433,3.669154228855721,3098,3168,117,0,3051,3102,713856,48,1,0,47,66
2020-07-15,US,Colorado,Elbert,67,2,0,39.28656773,-104.1358721,8039.0,250.6640727299936,2.985074626865672,65,65,2,0,63,63,26282,2,0,0,2,2
2020-07-15,US,Colorado,Fremont,47,0,0,38.47362326,-105.4399667,8043.0,98.2462007985117,0.0,47,46,0,0,46,45,48021,1,0,0,1,1
2020-07-15,US,Colorado,Garfield,448,4,0,39.59921777,-107.902708,8045.0,745.9083265346898,0.8928571428571429,444,441,3,0,438,423,59770,7,1,0,6,18
2020-07-15,US,Colorado,Gilpin,11,0,0,39.85646523,-105.5252597,8047.0,176.19734102194457,0.0,11,8,0,0,8,8,6121,3,0,0,3,0
2020-07-15,US,Colorado,Grand,29,1,0,40.10603347,-106.1178042,8049.0,184.31422397356044,3.4482758620689653,28,29,1,0,28,23,15525,0,0,0,0,6
2020-07-15,US,Colorado,Gunnison,193,6,0,38.66611652,-107.0320729,8051.0,1105.2571297674954,3.1088082901554404,187,193,6,0,187,193,17246,0,0,0,0,0
2020-07-15,US,Colorado,Hinsdale,3,0,0,37.82247444,-107.3004345,8053.0,365.8536585365854,0.0,3,3,0,0,3,3,811,0,0,0,0,0
2020-07-15,US,Colorado,Huerfano,5,1,0,37.68473101,-104.9612585,8055.0,72.4952878062926,20.0,4,5,1,0,4,5,6889,0,0,0,0,0
2020-07-15,US,Colorado,Jackson,8,0,0,40.66593870000001,-106.3408905,8057.0,574.7126436781608,0.0,8,8,0,0,8,8,1399,0,0,0,0,0
2020-07-15,US,Colorado,Jefferson,3118,217,0,39.58635604,-105.2517692,8059.0,534.929085010491,6.959589480436177,2901,3089,217,0,2872,3055,580233,29,0,0,29,34
2020-07-15,US,Colorado,Kit Carson,36,3,0,39.30497777,-102.6022199,8063.0,507.25658729040435,8.333333333333334,33,37,3,0,34,37,7163,-1,0,0,-1,0
2020-07-15,US,Colorado,La Plata,146,1,0,37.28632032,-107.8429014,8067.0,259.68943988900946,0.6849315068493149,145,146,1,0,145,136,56310,0,0,0,0,10
2020-07-15,US,Colorado,Lake,56,0,0,39.20278823,-106.3555697,8065.0,689.0611541774333,0.0,56,54,0,0,54,54,7824,2,0,0,2,0
2020-07-15,US,Colorado,Larimer,982,30,0,40.66671597,-105.4625784,8069.0,275.14787096629584,3.054989816700611,952,959,30,0,929,946,350518,23,0,0,23,13
2020-07-15,US,Colorado,Las Animas,11,0,0,37.3153406,-104.0376458,8071.0,75.83069074865574,0.0,11,10,0,0,10,10,14503,1,0,0,1,0
2020-07-15,US,Colorado,Lincoln,4,0,0,38.98749519,-103.5136649,8073.0,70.1631292755657,0.0,4,4,0,0,4,4,5610,0,0,0,0,0
2020-07-15,US,Colorado,Logan,641,5,0,40.7249637,-103.110817,8075.0,2860.457851755991,0.7800312012480499,636,641,5,0,636,641,21528,0,0,0,0,0
2020-07-15,US,Colorado,Mesa,162,0,0,39.01787888,-108.469799,8077.0,105.05155307697297,0.0,162,153,0,0,153,146,153207,9,0,0,9,7
2020-07-15,US,Colorado,Mineral,17,0,0,37.66954283,-106.9281698,8079.0,2210.663198959688,0.0,17,17,0,0,17,17,776,0,0,0,0,0
2020-07-15,US,Colorado,Moffat,16,1,0,40.61810999,-108.2070876,8081.0,120.4547165549951,6.25,15,16,1,0,15,16,13188,0,0,0,0,0
2020-07-15,US,Colorado,Montezuma,84,3,0,37.33859579,-108.5958857,8083.0,320.81885192682273,3.571428571428572,81,81,3,0,78,80,26158,3,0,0,3,1
2020-07-15,US,Colorado,Montrose,222,12,0,38.40214114,-108.26390220000002,8085.0,519.2010851770428,5.405405405405406,210,223,12,0,211,218,42214,-1,0,0,-1,5
2020-07-15,US,Colorado,Morgan,663,46,0,40.26279810000001,-103.8093302,8087.0,2280.8586762075133,6.93815987933635,617,661,46,0,615,660,28558,2,0,0,2,1
2020-07-15,US,Colorado,Otero,23,1,0,37.9014485,-103.7173385,8089.0,125.83433636065216,4.3478260869565215,22,23,1,0,22,23,18432,0,0,0,0,0
2020-07-15,US,Colorado,Ouray,12,1,0,38.14717457,-107.7675136,8091.0,242.3263327948304,8.333333333333334,11,12,1,0,11,12,4833,0,0,0,0,0
2020-07-15,US,Colorado,Park,33,0,0,39.120926,-105.7182065,8093.0,175.11276200583708,0.0,33,33,0,0,33,32,18556,0,0,0,0,1
2020-07-15,US,Colorado,Phillips,16,0,0,40.59414277,-102.3577703,8095.0,375.14654161781954,0.0,16,16,0,0,16,16,4286,0,0,0,0,0
2020-07-15,US,Colorado,Pitkin,140,2,0,39.21720112,-106.9310027,8097.0,787.9777114875893,1.4285714285714286,138,138,2,0,136,132,17950,2,0,0,2,6
2020-07-15,US,Colorado,Prowers,39,0,0,37.95544985,-102.3926052,8099.0,320.40749260598096,0.0,39,38,0,0,38,38,12164,1,0,0,1,0
2020-07-15,US,Colorado,Pueblo,458,32,0,38.17359144,-104.5127437,8101.0,271.9327411770294,6.986899563318777,426,450,32,0,418,444,167529,8,0,0,8,6
2020-07-15,US,Colorado,Rio Blanco,6,0,0,39.97913541,-108.2179009,8103.0,94.87666034155598,0.0,6,6,0,0,6,6,6336,0,0,0,0,0
2020-07-15,US,Colorado,Rio Grande,83,2,0,37.5836865,-106.3847838,8105.0,736.6645957220201,2.409638554216868,81,82,2,0,80,81,11250,1,0,0,1,1
2020-07-15,US,Colorado,Routt,86,6,0,40.48596505,-106.9905548,8107.0,335.43958187066073,6.9767441860465125,80,84,6,0,78,84,25733,2,0,0,2,0
2020-07-15,US,Colorado,Saguache,103,2,0,38.08054629,-106.282466,8109.0,1509.3786635404456,1.9417475728155342,101,103,2,0,101,103,6843,0,0,0,0,0
2020-07-15,US,Colorado,San Juan,2,0,0,37.76248981,-107.67632890000002,8111.0,274.72527472527474,0.0,2,2,0,0,2,2,762,0,0,0,0,0
2020-07-15,US,Colorado,San Miguel,57,0,0,38.00450883,-108.4020725,8113.0,696.9067123120186,0.0,57,50,0,0,50,50,8191,7,0,0,7,0
2020-07-15,US,Colorado,Sedgwick,3,0,0,40.87595412,-102.3519227,8115.0,133.45195729537366,0.0,3,2,0,0,2,,2303,1,0,0,1,
2020-07-15,US,Colorado,Summit,294,4,0,39.63803232,-106.1150762,8117.0,948.0506916900456,1.3605442176870748,290,293,4,0,289,293,31007,1,0,0,1,0
2020-07-15,US,Colorado,Teller,65,2,0,38.88133511,-105.1614893,8119.0,256.0264691980463,3.0769230769230766,63,65,2,0,63,61,25083,0,0,0,0,4
2020-07-15,US,Colorado,Washington,46,0,0,39.97015535,-103.202587,8121.0,937.2453137734312,0.0,46,46,0,0,46,46,4909,0,0,0,0,0
2020-07-15,US,Colorado,Weld,3090,138,0,40.55499405,-104.3929621,8123.0,952.2576827780036,4.466019417475729,2952,3047,138,0,2909,3025,314305,43,0,0,43,22
2020-07-15,US,Colorado,Yuma,55,0,0,40.00346839,-102.4258673,8125.0,548.9569817347042,0.0,55,54,0,0,54,54,10020,1,0,0,1,0
2020-07-15,US,Connecticut,Fairfield,16993,1387,0,41.26809896,-73.3881171,9001.0,1801.3806379938346,8.162184428882481,15606,16960,1385,0,15575,16954,943823,33,2,0,31,6
2020-07-15,US,Connecticut,Hartford,11980,1398,0,41.80283011,-72.73103891,9003.0,1343.4710447225584,11.669449081803005,10582,11950,1394,0,10556,11949,892697,30,4,0,26,1
2020-07-15,US,Connecticut,Litchfield,1517,138,0,41.7937534,-73.2451475,9005.0,841.2215179695341,9.09690177982861,1379,1512,138,0,1374,1512,181111,5,0,0,5,0
2020-07-15,US,Connecticut,Middlesex,1346,188,0,41.45949668,-72.53714864,9007.0,828.6340466399074,13.967310549777118,1158,1341,187,0,1154,1340,162682,5,1,0,4,1
2020-07-15,US,Connecticut,New Haven,12643,1088,0,41.408032500000004,-72.93620426,9009.0,1479.133835698333,8.605552479632998,11555,12617,1087,0,11530,12612,857620,26,1,0,25,5
2020-07-15,US,Connecticut,New London,1339,102,0,41.48896435,-72.10430976,9011.0,504.89053792146484,7.617625093353249,1237,1334,102,0,1232,1328,266784,5,0,0,5,6
2020-07-15,US,Connecticut,Tolland,937,65,0,41.85853803,-72.3308481,9013.0,621.6784655091195,6.937033084311633,872,935,65,0,870,935,150921,2,0,0,2,0
2020-07-15,US,Connecticut,Unassigned,242,0,0,0.0,0.0,90009.0,0.0,0.0,242,243,0,0,243,244,,-1,0,0,-1,-1
2020-07-15,US,Connecticut,Windham,639,14,0,41.82972709,-71.98182316,9015.0,547.1733657584217,2.1909233176838807,625,638,14,0,624,636,117027,1,0,0,1,2
2020-07-15,US,Delaware,Kent,1876,85,0,39.08646628,-75.56884914,10001.0,1037.6909716460343,4.53091684434968,1791,1865,83,0,1782,1857,178550,11,2,0,9,8
2020-07-15,US,Delaware,New Castle,5904,249,0,39.57992638,-75.64054974,10003.0,1056.6386220745123,4.217479674796748,5655,5860,249,0,5611,5797,559335,44,0,0,44,63
2020-07-15,US,Delaware,Sussex,5153,178,0,38.66143781,-75.39031349,10005.0,2200.0213469954106,3.454298466912478,4975,5130,177,0,4953,5119,229286,23,1,0,22,11
2020-07-15,US,Delaware,Unassigned,117,9,0,0.0,0.0,90010.0,0.0,7.6923076923076925,108,114,9,0,105,106,,3,0,0,3,8
2020-07-15,US,District of Columbia,District of Columbia,11026,571,0,38.90417773,-77.01655992,11001.0,1562.3118134067495,5.178668601487393,10455,10946,568,0,10378,10906,702455,80,3,0,77,40
2020-07-15,US,Florida,Alachua,2322,12,0,29.67866525,-82.35928158,12001.0,863.0590649078398,0.5167958656330749,2310,2258,12,0,2246,2173,269956,64,0,0,64,85
2020-07-15,US,Florida,Baker,187,4,0,30.33060121,-82.28467476,12003.0,640.191715166039,2.1390374331550803,183,180,4,0,176,175,28355,7,0,0,7,5
2020-07-15,US,Florida,Bay,1523,8,0,30.26548745,-85.62122584,12005.0,871.7552445551073,0.5252790544977021,1515,1430,8,0,1422,1322,185287,93,0,0,93,108
2020-07-15,US,Florida,Bradford,161,2,0,29.95079741,-82.16611613,12007.0,570.9017410730116,1.2422360248447204,159,145,2,0,143,144,27732,16,0,0,16,1
2020-07-15,US,Florida,Brevard,3722,40,0,28.29409504,-80.73091022,12009.0,618.3319987640008,1.07469102632993,3682,3632,34,0,3598,3510,596849,90,6,0,84,122
2020-07-15,US,Florida,Broward,34153,464,0,26.15184651,-80.48725556,12011.0,1748.944324444458,1.3585922173747549,33689,32814,464,0,32350,31484,1951260,1339,0,0,1339,1330
2020-07-15,US,Florida,Calhoun,184,7,0,30.40666734,-85.19394153,12013.0,1304.50194966324,3.804347826086957,177,172,7,0,165,162,14587,12,0,0,12,10
2020-07-15,US,Florida,Charlotte,1281,80,0,26.90131002,-81.92949121,12015.0,678.1006828648563,6.245120999219361,1201,1212,79,0,1133,1158,184998,69,1,0,68,54
2020-07-15,US,Florida,Citrus,665,17,0,28.84804315,-82.47614748,12017.0,444.34941232284484,2.556390977443609,648,618,16,0,602,577,147929,47,1,0,46,41
2020-07-15,US,Florida,Clay,1641,42,0,29.98319144,-81.85609986,12019.0,748.4538339445022,2.5594149908592323,1599,1602,39,0,1563,1557,216072,39,3,0,36,45
2020-07-15,US,Florida,Collier,6872,99,0,26.11091986,-81.34687065,12021.0,1785.3895277239399,1.4406286379511057,6773,6731,96,0,6635,6465,378488,141,3,0,138,266
2020-07-15,US,Florida,Columbia,929,4,0,30.22509788,-82.62160164,12023.0,1295.9294701894373,0.4305705059203445,925,624,4,0,620,589,70503,305,0,0,305,35
2020-07-15,US,Florida,DeSoto,997,12,0,27.18677893,-81.80941373,12027.0,2623.615168021894,1.2036108324974926,985,951,11,0,940,886,37489,46,1,0,45,65
2020-07-15,US,Florida,Dixie,135,4,0,29.60631086,-83.15724673,12029.0,802.3297278022109,2.962962962962963,131,125,4,0,121,117,16700,10,0,0,10,8
2020-07-15,US,Florida,Duval,14152,89,0,30.33225875,-81.66976468,12031.0,1477.6221476264807,0.6288863764838892,14063,13724,87,0,13637,13370,950181,428,2,0,426,354
2020-07-15,US,Florida,Escambia,4745,55,0,30.67652764,-87.37284571,12033.0,1490.6570828987549,1.1591148577449948,4690,4483,54,0,4429,4335,315534,262,1,0,261,148
2020-07-15,US,Florida,Flagler,557,6,0,29.45933576,-81.31508595,12035.0,484.00691686724997,1.0771992818671454,551,529,5,0,524,509,112067,28,1,0,27,20
2020-07-15,US,Florida,Franklin,47,0,0,29.83791238,-84.82731662,12037.0,387.62886597938143,0.0,47,45,0,0,45,44,11736,2,0,0,2,1
2020-07-15,US,Florida,Gadsden,687,9,0,30.57796289,-84.61915825,12039.0,1504.5992115637314,1.310043668122271,678,624,8,0,616,615,45894,63,1,0,62,9
2020-07-15,US,Florida,Gilchrist,169,0,0,29.72856978,-82.79880657,12041.0,909.4822946937896,0.0,169,156,0,0,156,143,18256,13,0,0,13,13
2020-07-15,US,Florida,Glades,213,1,0,26.95635849,-81.18996211,12043.0,1542.2489320107159,0.4694835680751174,212,209,1,0,208,209,13724,4,0,0,4,0
2020-07-15,US,Florida,Gulf,109,0,0,29.93543004,-85.24270990000002,12045.0,799.1788254270842,0.0,109,101,0,0,101,98,16164,8,0,0,8,3
2020-07-15,US,Florida,Hamilton,444,2,0,30.49673973,-82.94998918,12047.0,3077.349598003881,0.4504504504504505,442,439,2,0,437,434,14310,5,0,0,5,5
2020-07-15,US,Florida,Hardee,633,4,0,27.49293939,-81.80956574,12049.0,2349.92760886513,0.631911532385466,629,613,4,0,609,607,27245,20,0,0,20,6
2020-07-15,US,Florida,Hendry,1288,30,0,26.55386945,-81.16469006,12051.0,3065.061158440817,2.329192546583851,1258,1267,30,0,1237,1241,41556,21,0,0,21,26
2020-07-15,US,Florida,Hernando,987,10,0,28.55364461,-82.42700204,12053.0,508.9727722772277,1.0131712259371837,977,946,10,0,936,909,190865,41,0,0,41,37
2020-07-15,US,Florida,Highlands,627,13,0,27.34254618,-81.34071957,12055.0,590.2787584375969,2.073365231259968,614,590,13,0,577,557,105424,37,0,0,37,33
2020-07-15,US,Florida,Hillsborough,21018,192,0,27.9276559,-82.32013172,12057.0,1427.8843018326486,0.9135027119611762,20826,20508,189,0,20319,19828,1436888,510,3,0,507,680
2020-07-15,US,Florida,Holmes,258,1,0,30.86747479,-85.81319222,12059.0,1315.1858082275576,0.3875968992248062,257,234,1,0,233,229,19477,24,0,0,24,5
2020-07-15,US,Florida,Indian River,1386,22,0,27.69308961,-80.60556721,12061.0,866.6670835339509,1.5873015873015872,1364,1337,22,0,1315,1259,157413,49,0,0,49,78
2020-07-15,US,Florida,Jackson,675,5,0,30.795459700000002,-85.21500423,12063.0,1454.3025811177665,0.7407407407407407,670,652,2,0,650,632,48305,23,3,0,20,20
2020-07-15,US,Florida,Jefferson,100,4,0,30.43669112,-83.89442308,12065.0,701.9514249613928,4.0,96,93,4,0,89,87,14288,7,0,0,7,6
2020-07-15,US,Florida,Lafayette,64,0,0,29.98484137,-83.18166636,12067.0,759.914509617668,0.0,64,61,0,0,61,56,8732,3,0,0,3,5
2020-07-15,US,Florida,Lake,2882,28,0,28.76202069,-81.7125123,12069.0,785.0336948882921,0.9715475364330326,2854,2783,27,0,2756,2645,356495,99,1,0,98,138
2020-07-15,US,Florida,Lee,10849,206,0,26.58410348,-81.88399313,12071.0,1407.9060236679786,1.898792515439211,10643,10631,203,0,10428,10344,754610,218,3,0,215,287
2020-07-15,US,Florida,Leon,2606,10,0,30.45955727,-84.27491114,12073.0,887.6566002002847,0.3837298541826554,2596,2520,10,0,2510,2448,292502,86,0,0,86,72
2020-07-15,US,Florida,Levy,296,2,0,29.31829741,-82.74007147,12075.0,713.2014553164831,0.6756756756756757,294,282,2,0,280,273,40770,14,0,0,14,9
2020-07-15,US,Florida,Liberty,281,1,0,30.23766008,-84.8829258,12077.0,3363.6581278429494,0.3558718861209965,280,276,1,0,275,276,8457,5,0,0,5,0
2020-07-15,US,Florida,Madison,402,4,0,30.44396917,-83.47398594,12079.0,2173.7954901854755,0.9950248756218906,398,382,4,0,378,367,18529,20,0,0,20,15
2020-07-15,US,Florida,Manatee,5564,139,0,27.47196942,-82.31831044,12081.0,1379.7789477077665,2.4982027318475915,5425,5419,140,0,5279,5266,394855,145,-1,0,146,153
2020-07-15,US,Florida,Marion,1938,17,0,29.21227113,-82.05803627,12083.0,530.1179772361104,0.8771929824561403,1921,1774,15,0,1759,1642,359977,164,2,0,162,132
2020-07-15,US,Florida,Martin,2935,43,0,27.0772071,-80.43109784,12085.0,1822.9813664596275,1.4650766609880748,2892,2900,42,0,2858,2864,160912,35,1,0,34,36
2020-07-15,US,Florida,Miami-Dade,72317,1202,0,25.6112362,-80.55170587,12086.0,2661.707656407576,1.662126470954271,71115,69803,1175,0,68628,67713,2761581,2514,27,0,2487,2090
2020-07-15,US,Florida,Monroe,670,6,0,25.20904673,-81.07812416,12087.0,902.6243466077492,0.8955223880597015,664,641,6,0,635,611,75027,29,0,0,29,30
2020-07-15,US,Florida,Nassau,600,3,0,30.61037141,-81.80297522,12089.0,677.0098730606487,0.5,597,570,3,0,567,546,85832,30,0,0,30,24
2020-07-15,US,Florida,Okaloosa,1532,10,0,30.69143028,-86.59267105,12091.0,726.9690326376827,0.6527415143603134,1522,1445,10,0,1435,1385,207269,87,0,0,87,60
2020-07-15,US,Florida,Okeechobee,586,2,0,27.386336199999995,-80.88944347,12093.0,1389.6793777271866,0.3412969283276451,584,581,2,0,579,566,41537,5,0,0,5,15
2020-07-15,US,Florida,Orange,19909,94,0,28.51367621,-81.31799498,12095.0,1428.753914738362,0.4721482746496559,19815,19377,85,0,19292,18937,1380645,532,9,0,523,440
2020-07-15,US,Florida,Osceola,4751,37,0,28.06312234,-81.14882926,12097.0,1264.401159278352,0.7787834140181015,4714,4575,37,0,4538,4442,367990,176,0,0,176,133
2020-07-15,US,Florida,Palm Beach,22788,634,0,26.64676272,-80.46536002,12099.0,1522.4784034955273,2.782166052308233,22154,22279,624,0,21655,21806,1485941,509,10,0,499,473
2020-07-15,US,Florida,Pasco,4363,36,0,28.30810945,-82.40227529,12101.0,787.6204763271577,0.8251203300481321,4327,4189,34,0,4155,4060,539630,174,2,0,172,129
2020-07-15,US,Florida,Pinellas,12080,278,0,27.93130349,-82.72239666,12103.0,1238.9794419669413,2.301324503311258,11802,11754,262,0,11492,11442,975280,326,16,0,310,312
2020-07-15,US,Florida,Polk,8206,155,0,27.95027105,-81.69732947,12105.0,1132.2103212436375,1.888861808432854,8051,7881,151,0,7730,7630,708009,325,4,0,321,251
2020-07-15,US,Florida,Putnam,855,7,0,29.60779729,-81.74230285,12107.0,1147.3275989318447,0.8187134502923976,848,835,7,0,828,775,74163,20,0,0,20,60
2020-07-15,US,Florida,Santa Rosa,1523,11,0,30.69341450000001,-87.02458128,12113.0,826.3117631420464,0.7222586999343401,1512,1412,11,0,1401,1379,179349,111,0,0,111,33
2020-07-15,US,Florida,Sarasota,3447,100,0,27.18546175,-82.33174248,12115.0,794.7120638536273,2.9010733971569485,3347,3334,100,0,3234,3219,426718,113,0,0,113,115
2020-07-15,US,Florida,Seminole,4665,28,0,28.7158582,-81.24060348,12117.0,988.7119404187137,0.6002143622722401,4637,4536,25,0,4511,4466,467832,129,3,0,126,70
2020-07-15,US,Florida,St. Johns,2079,13,0,29.90096506,-81.43589967,12109.0,785.5005440696408,0.6253006253006252,2066,2019,12,0,2007,1905,254261,60,1,0,59,114
2020-07-15,US,Florida,St. Lucie,3209,70,0,27.37763908,-80.47106649,12111.0,977.4685726643864,2.181364911187286,3139,3134,64,0,3070,3061,321128,75,6,0,69,73
2020-07-15,US,Florida,Sumter,721,18,0,28.70181754,-82.0794267,12119.0,544.4796858480593,2.4965325936199716,703,681,18,0,663,679,128754,40,0,0,40,2
2020-07-15,US,Florida,Suwannee,788,23,0,30.19746066,-82.99099670000003,12121.0,1774.0955039737037,2.918781725888325,765,761,22,0,739,750,44191,27,1,0,26,11
2020-07-15,US,Florida,Taylor,158,1,0,30.04848048,-83.60445406,12123.0,732.5328017061522,0.6329113924050633,157,149,1,0,148,143,21623,9,0,0,9,6
2020-07-15,US,Florida,Unassigned,332,0,0,0.0,0.0,90012.0,0.0,0.0,332,328,0,0,328,318,,4,0,0,4,10
2020-07-15,US,Florida,Union,123,2,0,30.04412971,-82.37497443,12125.0,807.2455207718054,1.6260162601626016,121,120,2,0,118,114,14940,3,0,0,3,6
2020-07-15,US,Florida,Volusia,4355,79,0,29.05858895,-81.18263252,12127.0,787.1183695895778,1.8140068886337544,4276,4163,78,0,4085,3972,547538,192,1,0,191,191
2020-07-15,US,Florida,Wakulla,206,1,0,30.16548905,-84.39895211,12129.0,610.5693707578766,0.4854368932038835,205,164,1,0,163,137,32461,42,0,0,42,27
2020-07-15,US,Florida,Walton,649,10,0,30.64204028,-86.16935664,12131.0,876.1863617340117,1.5408320493066257,639,622,10,0,612,582,71375,27,0,0,27,40
2020-07-15,US,Florida,Washington,214,13,0,30.61359259,-85.66002461,12133.0,840.1052094374437,6.074766355140188,201,204,13,0,191,191,24880,10,0,0,10,13
2020-07-15,US,Georgia,Appling,376,15,0,31.74847232,-82.28909114,13001.0,2045.0342652017841,3.98936170212766,361,370,15,0,355,349,18507,6,0,0,6,21
2020-07-15,US,Georgia,Atkinson,210,2,0,31.29633502,-82.87545866,13003.0,2571.953459889773,0.9523809523809524,208,205,2,0,203,196,8297,5,0,0,5,9
2020-07-15,US,Georgia,Bacon,317,5,0,31.55456473,-82.45936528,13005.0,2839.4840558939445,1.5772870662460567,312,314,5,0,309,310,11185,3,0,0,3,4
2020-07-15,US,Georgia,Baker,45,3,0,31.32669878,-84.44218806,13007.0,1481.2376563528635,6.666666666666668,42,44,3,0,41,44,3092,1,0,0,1,0
2020-07-15,US,Georgia,Baldwin,701,35,0,33.06882326,-83.24701748,13009.0,1561.5950100245043,4.992867332382311,666,681,35,0,646,654,44823,20,0,0,20,27
2020-07-15,US,Georgia,Banks,166,3,0,34.35607081,-83.49644388,13011.0,863.0550067588645,1.8072289156626504,163,160,3,0,157,158,18988,6,0,0,6,2
2020-07-15,US,Georgia,Barrow,681,28,0,33.99148694,-83.71436292,13013.0,818.1162902450743,4.1116005873715125,653,660,27,0,633,645,80809,21,1,0,20,15
2020-07-15,US,Georgia,Bartow,1058,45,0,34.23732119,-84.83887523,13015.0,982.0119178005904,4.253308128544424,1013,1013,44,0,969,1010,106408,45,1,0,44,3
2020-07-15,US,Georgia,Ben Hill,244,1,0,31.76095874,-83.22145359,13017.0,1461.0778443113772,0.4098360655737705,243,232,1,0,231,230,16787,12,0,0,12,2
2020-07-15,US,Georgia,Berrien,186,0,0,31.27590016,-83.22529920000002,13019.0,958.9111718306956,0.0,186,183,0,0,183,180,19252,3,0,0,3,3
2020-07-15,US,Georgia,Bibb,1972,43,0,32.80904227,-83.70489165,13021.0,1287.5508458530026,2.18052738336714,1929,1895,43,0,1852,1725,153095,77,0,0,77,170
2020-07-15,US,Georgia,Bleckley,100,1,0,32.43829035,-83.33035166,13023.0,776.8197001475959,1.0,99,91,1,0,90,90,12838,9,0,0,9,1
2020-07-15,US,Georgia,Brantley,152,3,0,31.19576557,-81.97743999,13025.0,795.4367052174367,1.973684210526316,149,147,3,0,144,144,18897,5,0,0,5,3
2020-07-15,US,Georgia,Brooks,238,12,0,30.83922642,-83.58303423,13027.0,1539.755450604904,5.042016806722689,226,234,11,0,223,233,15513,4,1,0,3,1
2020-07-15,US,Georgia,Bryan,300,5,0,32.00979311,-81.44002948,13029.0,757.0595805889923,1.6666666666666667,295,280,5,0,275,267,38109,20,0,0,20,13
2020-07-15,US,Georgia,Bulloch,699,6,0,32.39577406,-81.74811421,13031.0,878.0524570394936,0.8583690987124464,693,684,6,0,678,660,77296,15,0,0,15,24
2020-07-15,US,Georgia,Burke,232,7,0,33.05917989,-81.99928721,13033.0,1036.500915873654,3.0172413793103448,225,215,7,0,208,191,22423,17,0,0,17,24
2020-07-15,US,Georgia,Butts,352,35,0,33.283094500000004,-83.95435040000002,13035.0,1411.6137311517484,9.943181818181818,317,349,35,0,314,345,24193,3,0,0,3,4
2020-07-15,US,Georgia,Calhoun,170,6,0,31.53169785,-84.62725131,13037.0,2746.8088544191305,3.5294117647058822,164,167,6,0,161,170,6352,3,0,0,3,-3
2020-07-15,US,Georgia,Camden,320,2,0,30.92951916,-81.66601818,13039.0,585.3729923535652,0.625,318,305,2,0,303,301,53677,15,0,0,15,4
2020-07-15,US,Georgia,Candler,103,0,0,32.40209349,-82.07702563,13043.0,953.4388595760437,0.0,103,99,0,0,99,93,10836,4,0,0,4,6
2020-07-15,US,Georgia,Carroll,1145,40,0,33.58138199,-85.07976677,13045.0,954.2302820188013,3.4934497816593884,1105,1108,40,0,1068,1101,118121,37,0,0,37,7
2020-07-15,US,Georgia,Catoosa,371,8,0,34.89872298,-85.13757014,13047.0,548.9789878662326,2.1563342318059298,363,364,8,0,356,360,67420,7,0,0,7,4
2020-07-15,US,Georgia,Charlton,147,2,0,30.78371028,-82.13951596,13049.0,1097.6702508960573,1.3605442176870748,145,132,2,0,130,117,12968,15,0,0,15,15
2020-07-15,US,Georgia,Chatham,2907,39,0,32.00043026,-81.12489526,13051.0,1004.3879349065404,1.3415892672858618,2868,2816,39,0,2777,2709,289195,91,0,0,91,107
2020-07-15,US,Georgia,Chattahoochee,490,1,0,32.34341231,-84.78809239,13053.0,4492.5277344824435,0.20408163265306126,489,484,1,0,483,468,10684,6,0,0,6,16
2020-07-15,US,Georgia,Chattooga,84,2,0,34.47197698,-85.34535662,13055.0,338.85997821614427,2.380952380952381,82,81,2,0,79,81,24790,3,0,0,3,0
2020-07-15,US,Georgia,Cherokee,1868,48,0,34.24393976,-84.47431861,13057.0,721.8682010874396,2.569593147751606,1820,1828,48,0,1780,1799,254149,40,0,0,40,29
2020-07-15,US,Georgia,Clarke,1045,15,0,33.95436462,-83.37124007,13059.0,814.3005197497098,1.4354066985645932,1030,1007,15,0,992,977,127330,38,0,0,38,30
2020-07-15,US,Georgia,Clay,64,2,0,31.62221166,-84.97713865,13061.0,2258.292166549047,3.125,62,63,2,0,61,63,2887,1,0,0,1,0
2020-07-15,US,Georgia,Clayton,3060,84,0,33.54187245,-84.35594188,13063.0,1047.0272637687506,2.7450980392156863,2976,2984,82,0,2902,2920,289615,76,2,0,74,64
2020-07-15,US,Georgia,Clinch,124,4,0,30.91395822,-82.70432472,13065.0,1873.677848292536,3.2258064516129035,120,123,3,0,120,117,6648,1,1,0,0,6
2020-07-15,US,Georgia,Cobb,7571,256,0,33.94243204,-84.5761255,13067.0,995.9994264222032,3.381323471139876,7315,7388,256,0,7132,7235,756865,183,0,0,183,153
2020-07-15,US,Georgia,Coffee,967,17,0,31.54892966,-82.85492059999999,13069.0,2234.6497816190235,1.7580144777662874,950,954,17,0,937,942,43093,13,0,0,13,12
2020-07-15,US,Georgia,Colquitt,1306,20,0,31.18810588,-83.7677946,13071.0,2864.035087719298,1.531393568147014,1286,1278,20,0,1258,1289,45592,28,0,0,28,-11
2020-07-15,US,Georgia,Columbia,1044,12,0,33.54534185,-82.263524,13073.0,666.1817068034762,1.1494252873563218,1032,980,12,0,968,961,154291,64,0,0,64,19
2020-07-15,US,Georgia,Cook,262,4,0,31.16068491,-83.42947229,13075.0,1517.0816444701795,1.5267175572519085,258,249,4,0,245,248,17162,13,0,0,13,1
2020-07-15,US,Georgia,Coweta,927,16,0,33.35334302,-84.76129976,13077.0,624.2045936609902,1.7259978425026967,911,914,16,0,898,897,145864,13,0,0,13,17
2020-07-15,US,Georgia,Crawford,56,0,0,32.71391813,-83.98061238,13079.0,451.46726862302484,0.0,56,56,0,0,56,57,12318,0,0,0,0,-1
2020-07-15,US,Georgia,Crisp,322,13,0,31.92289565,-83.76811843,13081.0,1439.299123904881,4.037267080745342,309,312,13,0,299,311,22601,10,0,0,10,1
2020-07-15,US,Georgia,Dade,79,1,0,34.854916700000004,-85.50490424,13083.0,490.19607843137254,1.2658227848101269,78,79,1,0,78,79,16226,0,0,0,0,0
2020-07-15,US,Georgia,Dawson,187,3,0,34.44244079,-84.16964071,13085.0,716.2555538532249,1.60427807486631,184,184,3,0,181,180,25083,3,0,0,3,4
2020-07-15,US,Georgia,DeKalb,8980,186,0,33.76944049,-84.22396017,13089.0,1182.6729198192536,2.071269487750557,8794,8784,183,0,8601,8618,756558,196,3,0,193,166
2020-07-15,US,Georgia,Decatur,337,8,0,30.87967778,-84.57619536,13087.0,1276.3217694288744,2.373887240356083,329,324,8,0,316,318,26575,13,0,0,13,6
2020-07-15,US,Georgia,Dodge,155,2,0,32.17265114,-83.16948926,13091.0,752.2446008250424,1.2903225806451613,153,146,2,0,144,141,20705,9,0,0,9,5
2020-07-15,US,Georgia,Dooly,225,13,0,32.15630737,-83.79746561,13093.0,1680.3584764749814,5.777777777777778,212,224,13,0,211,224,13706,1,0,0,1,0
2020-07-15,US,Georgia,Dougherty,2195,156,0,31.53328528,-84.21722377,13095.0,2495.565964800582,7.1070615034168565,2039,2182,156,0,2026,2173,91243,13,0,0,13,9
2020-07-15,US,Georgia,Douglas,1545,40,0,33.70291126,-84.77026156,13097.0,1055.7389147413953,2.588996763754045,1505,1499,40,0,1459,1461,145331,46,0,0,46,38
2020-07-15,US,Georgia,Early,325,31,0,31.32155345,-84.90255207,13099.0,3189.401373895977,9.538461538461537,294,313,31,0,282,306,10247,12,0,0,12,7
2020-07-15,US,Georgia,Echols,199,0,0,30.71101099,-82.89687287,13101.0,4967.548676984523,0.0,199,199,0,0,199,197,4000,0,0,0,0,2
2020-07-15,US,Georgia,Effingham,360,1,0,32.36616021,-81.34280942,13103.0,559.9104143337066,0.2777777777777778,359,354,1,0,353,333,62190,6,0,0,6,21
2020-07-15,US,Georgia,Elbert,197,0,0,34.11302332,-82.83936148,13105.0,1026.3624049182035,0.0,197,191,0,0,191,184,19120,6,0,0,6,7
2020-07-15,US,Georgia,Emanuel,226,3,0,32.59221302,-82.30239915,13107.0,997.9687362006537,1.327433628318584,223,218,3,0,215,215,22612,8,0,0,8,3
2020-07-15,US,Georgia,Evans,68,0,0,32.15328841,-81.8870105,13109.0,638.2579312934107,0.0,68,65,0,0,65,57,10721,3,0,0,3,8
2020-07-15,US,Georgia,Fannin,137,1,0,34.86430205,-84.316964,13111.0,523.1403696349473,0.7299270072992701,136,133,1,0,132,133,25964,4,0,0,4,0
2020-07-15,US,Georgia,Fayette,565,20,0,33.41357794,-84.49089434,13113.0,493.79047552459775,3.5398230088495577,545,549,19,0,530,532,113459,16,1,0,15,17
2020-07-15,US,Georgia,Floyd,784,15,0,34.26268279,-85.21577392,13115.0,795.9552478222909,1.913265306122449,769,755,15,0,740,745,97927,29,0,0,29,10
2020-07-15,US,Georgia,Forsyth,1257,15,0,34.22604035,-84.12315129999998,13117.0,514.6324288030395,1.1933174224343674,1242,1223,15,0,1208,1193,236612,34,0,0,34,30
2020-07-15,US,Georgia,Franklin,272,1,0,34.37525597,-83.23159927,13119.0,1164.9321170071526,0.36764705882352944,271,270,1,0,269,266,23023,2,0,0,2,4
2020-07-15,US,Georgia,Fulton,11746,331,0,33.79216944,-84.46319413,13121.0,1104.012737596305,2.8179805891367278,11415,11354,327,0,11027,11080,1050114,392,4,0,388,274
2020-07-15,US,Georgia,Gilmer,311,2,0,34.69316688,-84.45802506,13123.0,991.4246549140872,0.6430868167202572,309,262,2,0,260,257,30816,49,0,0,49,5
2020-07-15,US,Georgia,Glascock,15,0,0,33.22879932,-82.61297636,13125.0,504.88051161225184,0.0,15,15,0,0,15,15,2995,0,0,0,0,0
2020-07-15,US,Georgia,Glynn,1653,10,0,31.23279254,-81.53811412,13127.0,1938.0481170566995,0.6049606775559588,1643,1622,10,0,1612,1589,85219,31,0,0,31,33
2020-07-15,US,Georgia,Gordon,598,18,0,34.50487351,-84.87296253,13129.0,1031.6926315063056,3.0100334448160537,580,563,18,0,545,551,57685,35,0,0,35,12
2020-07-15,US,Georgia,Grady,258,4,0,30.87454847,-84.23418364,13131.0,1047.3754719279016,1.5503875968992251,254,257,4,0,253,258,24748,1,0,0,1,-1
2020-07-15,US,Georgia,Greene,136,10,0,33.5769205,-83.17139104,13133.0,742.1960270683259,7.352941176470589,126,123,10,0,113,120,17698,13,0,0,13,3
2020-07-15,US,Georgia,Gwinnett,12217,189,0,33.96044201,-84.02137802,13135.0,1304.8865153538052,1.5470246377997872,12028,11882,187,0,11695,11691,927781,335,2,0,333,191
2020-07-15,US,Georgia,Habersham,813,41,0,34.63331566,-83.53094677,13137.0,1793.5933639251678,5.043050430504305,772,785,41,0,744,771,45388,28,0,0,28,14
2020-07-15,US,Georgia,Hall,4012,65,0,34.32207823,-83.81896936,13139.0,1962.4243669322686,1.6201395812562314,3947,3928,65,0,3863,3874,202148,84,0,0,84,54
2020-07-15,US,Georgia,Hancock,237,33,0,33.2721566,-82.99766919,13141.0,2802.412202908833,13.924050632911394,204,236,33,0,203,235,8348,1,0,0,1,1
2020-07-15,US,Georgia,Haralson,120,5,0,33.79602175,-85.21005667,13143.0,402.7926960257788,4.166666666666667,115,114,5,0,109,114,29533,6,0,0,6,0
2020-07-15,US,Georgia,Harris,477,13,0,32.73709786,-84.90538572,13145.0,1353.7291406516065,2.7253668763102725,464,465,13,0,452,445,34475,12,0,0,12,20
2020-07-15,US,Georgia,Hart,125,0,0,34.34626973,-82.96567682,13147.0,477.00820454111806,0.0,125,121,0,0,121,117,26099,4,0,0,4,4
2020-07-15,US,Georgia,Heard,90,3,0,33.29686567,-85.12886832,13149.0,754.8435796359978,3.333333333333333,87,85,3,0,82,84,11879,5,0,0,5,1
2020-07-15,US,Georgia,Henry,1932,34,0,33.4533428,-84.14814659999998,13151.0,823.6663383938507,1.7598343685300206,1898,1851,34,0,1817,1809,230220,81,0,0,81,42
2020-07-15,US,Georgia,Houston,1060,32,0,32.45802497,-83.66879087,13153.0,671.468298461324,3.018867924528302,1028,1017,31,0,986,1003,155469,43,1,0,42,14
2020-07-15,US,Georgia,Irwin,107,1,0,31.60213036,-83.27501387,13155.0,1136.3636363636365,0.9345794392523364,106,107,1,0,106,107,9398,0,0,0,0,0
2020-07-15,US,Georgia,Jackson,559,12,0,34.13794553,-83.56814788,13157.0,765.9947654740535,2.146690518783542,547,548,12,0,536,531,70422,11,0,0,11,17
2020-07-15,US,Georgia,Jasper,92,1,0,33.31535543,-83.68844964,13159.0,647.0215908291723,1.0869565217391304,91,89,1,0,88,89,14040,3,0,0,3,0
2020-07-15,US,Georgia,Jeff Davis,175,3,0,31.80405727,-82.63724870000001,13161.0,1157.7902745616936,1.7142857142857142,172,171,3,0,168,161,15029,4,0,0,4,10
2020-07-15,US,Georgia,Jefferson,246,2,0,33.05867328,-82.41609057,13163.0,1601.3539903658375,0.8130081300813008,244,229,2,0,227,215,15430,17,0,0,17,14
2020-07-15,US,Georgia,Jenkins,169,14,0,32.79248718,-81.96040187,13165.0,1947.9022591055787,8.284023668639053,155,144,13,0,131,142,8683,25,1,0,24,2
2020-07-15,US,Georgia,Johnson,141,2,0,32.70211082,-82.66166794,13167.0,1462.2005599917038,1.4184397163120568,139,132,2,0,130,130,9708,9,0,0,9,2
2020-07-15,US,Georgia,Jones,152,1,0,33.02512137,-83.56019163,13169.0,528.9716373760224,0.6578947368421053,151,147,0,0,147,135,28616,5,1,0,4,12
2020-07-15,US,Georgia,Lamar,154,6,0,33.07841647,-84.14263877,13171.0,807.2548094564136,3.8961038961038965,148,152,6,0,146,149,19000,2,0,0,2,3
2020-07-15,US,Georgia,Lanier,172,3,0,31.03828570000001,-83.06472457,13173.0,1650.1966804183053,1.7441860465116281,169,168,3,0,165,168,10340,4,0,0,4,0
2020-07-15,US,Georgia,Laurens,412,1,0,32.46325233,-82.92221316,13175.0,866.5292558785178,0.2427184466019417,411,384,1,0,383,381,47325,28,0,0,28,3
2020-07-15,US,Georgia,Lee,436,22,0,31.779330600000005,-84.14324253,13177.0,1453.7209922646039,5.045871559633029,414,432,22,0,410,426,29764,4,0,0,4,6
2020-07-15,US,Georgia,Liberty,302,2,0,31.82588896,-81.49251135,13179.0,491.5764629282982,0.6622516556291391,300,281,2,0,279,273,61497,21,0,0,21,8
2020-07-15,US,Georgia,Lincoln,76,2,0,33.79201475,-82.45024131,13181.0,959.4748137861383,2.631578947368421,74,69,2,0,67,67,7915,7,0,0,7,2
2020-07-15,US,Georgia,Long,75,1,0,31.75218791,-81.74952375,13183.0,383.4551868704944,1.3333333333333333,74,73,1,0,72,71,18998,2,0,0,2,2
2020-07-15,US,Georgia,Lowndes,1997,18,0,30.83568832,-83.27056716,13185.0,1700.9352162581129,0.9013520280420629,1979,1955,19,0,1936,1908,116321,42,-1,0,43,47
2020-07-15,US,Georgia,Lumpkin,188,4,0,34.57286511,-84.00425681,13187.0,559.357334126748,2.127659574468085,184,182,4,0,178,178,32955,6,0,0,6,4
2020-07-15,US,Georgia,Macon,146,10,0,32.35207048,-84.04234127,13193.0,1127.6743647176954,6.849315068493151,136,140,10,0,130,139,13143,6,0,0,6,1
2020-07-15,US,Georgia,Madison,192,4,0,34.12920917,-83.21218732,13195.0,642.570281124498,2.083333333333333,188,184,4,0,180,179,29650,8,0,0,8,5
2020-07-15,US,Georgia,Marion,105,3,0,32.3483402,-84.52733571,13197.0,1256.1311161622205,2.8571428571428568,102,101,3,0,98,100,8351,4,0,0,4,1
2020-07-15,US,Georgia,McDuffie,175,8,0,33.47851918,-82.48252774,13189.0,821.1336336336336,4.571428571428571,167,165,8,0,157,164,21531,10,0,0,10,1
2020-07-15,US,Georgia,McIntosh,92,1,0,31.49683595,-81.40163426,13191.0,639.8664626512727,1.0869565217391304,91,85,1,0,84,80,14340,7,0,0,7,5
2020-07-15,US,Georgia,Meriwether,262,3,0,33.04163534,-84.68859732,13199.0,1237.7757830585344,1.1450381679389312,259,259,3,0,256,254,21068,3,0,0,3,5
2020-07-15,US,Georgia,Miller,61,0,0,31.16568912,-84.73151117,13201.0,1066.8065757257782,0.0,61,61,0,0,61,61,5686,0,0,0,0,0
2020-07-15,US,Georgia,Mitchell,506,41,0,31.22483255,-84.19381821,13205.0,2314.4124777020543,8.102766798418973,465,501,41,0,460,501,22192,5,0,0,5,0
2020-07-15,US,Georgia,Monroe,261,20,0,33.014289,-83.92097166,13207.0,946.4065559503952,7.662835249042145,241,240,20,0,220,232,27520,21,0,0,21,8
2020-07-15,US,Georgia,Montgomery,65,0,0,32.17201038,-82.53527476,13209.0,708.678587003925,0.0,65,63,0,0,63,55,9193,2,0,0,2,8
2020-07-15,US,Georgia,Morgan,91,0,0,33.59232073,-83.49129491,13211.0,472.0896451545964,0.0,91,88,0,0,88,81,18853,3,0,0,3,7
2020-07-15,US,Georgia,Murray,326,2,0,34.78897608,-84.74993177,13213.0,813.0486831604152,0.6134969325153374,324,313,2,0,311,308,39921,13,0,0,13,5
2020-07-15,US,Georgia,Muscogee,3061,64,0,32.50931999,-84.87142262,13215.0,1563.5774816237506,2.0908199934661877,2997,2976,63,0,2913,2889,194160,85,1,0,84,87
2020-07-15,US,Georgia,Newton,1010,16,0,33.55514538,-83.84547140000002,13217.0,903.8516609392896,1.5841584158415842,994,975,15,0,960,951,109541,35,1,0,34,24
2020-07-15,US,Georgia,Oconee,257,14,0,33.83749973,-83.43679568,13219.0,638.0337636544191,5.447470817120624,243,252,13,0,239,243,39272,5,1,0,4,9
2020-07-15,US,Georgia,Oglethorpe,122,7,0,33.878629600000004,-83.08278123,13221.0,799.5281473228914,5.737704918032787,115,111,7,0,104,108,15054,11,0,0,11,3
2020-07-15,US,Georgia,Out of GA,9687,61,0,0.0,0.0,80013.0,0.0,0.6297099205120265,9626,9384,58,0,9326,8632,,303,3,0,300,752
2020-07-15,US,Georgia,Paulding,912,16,0,33.91969522,-84.86848792,13223.0,540.7103938529766,1.7543859649122806,896,892,16,0,876,879,164044,20,0,0,20,13
2020-07-15,US,Georgia,Peach,170,10,0,32.56934316,-83.82937,13225.0,617.1494953895302,5.882352941176472,160,159,10,0,149,150,27297,11,0,0,11,9
2020-07-15,US,Georgia,Pickens,130,5,0,34.46589159,-84.46406611,13227.0,398.88312724371764,3.8461538461538463,125,122,5,0,117,119,31980,8,0,0,8,3
2020-07-15,US,Georgia,Pierce,278,5,0,31.35928155,-82.21598442,13229.0,1428.20446956075,1.7985611510791366,273,269,5,0,264,264,19389,9,0,0,9,5
2020-07-15,US,Georgia,Pike,124,3,0,33.09310242,-84.38790389,13231.0,653.9394578630946,2.419354838709677,121,119,3,0,116,116,18634,5,0,0,5,3
2020-07-15,US,Georgia,Polk,372,1,0,34.00267074,-85.18677781,13233.0,872.9730363973434,0.26881720430107525,371,334,1,0,333,330,42470,38,0,0,38,4
2020-07-15,US,Georgia,Pulaski,61,2,0,32.23334561,-83.47549959999998,13235.0,547.723803537757,3.278688524590164,59,61,2,0,59,61,11069,0,0,0,0,0
2020-07-15,US,Georgia,Putnam,229,12,0,33.32056115,-83.37552891,13237.0,1035.3090103530901,5.240174672489083,217,225,12,0,213,222,21809,4,0,0,4,3
2020-07-15,US,Georgia,Quitman,23,1,0,31.86728114,-85.01773177,13239.0,1000.4349717268376,4.3478260869565215,22,22,1,0,21,22,2279,1,0,0,1,0
2020-07-15,US,Georgia,Rabun,97,3,0,34.88389445,-83.40304637,13241.0,566.0267257979809,3.0927835051546397,94,86,3,0,83,86,16867,11,0,0,11,0
2020-07-15,US,Georgia,Randolph,214,25,0,31.76622818,-84.75732369,13243.0,3157.2735320153442,11.682242990654204,189,212,25,0,187,212,6833,2,0,0,2,0
2020-07-15,US,Georgia,Richmond,1922,62,0,33.35777107,-82.07026432,13245.0,949.0514423409276,3.2258064516129035,1860,1830,62,0,1768,1759,201554,92,0,0,92,71
2020-07-15,US,Georgia,Rockdale,756,11,0,33.65145002,-84.02202167,13247.0,831.7197676465413,1.4550264550264551,745,743,11,0,732,721,90594,13,0,0,13,22
2020-07-15,US,Georgia,Schley,37,1,0,32.2654021,-84.31258912,13249.0,703.8234734639528,2.702702702702702,36,34,1,0,33,29,5236,3,0,0,3,5
2020-07-15,US,Georgia,Screven,123,8,0,32.74976524,-81.60779441,13251.0,880.7102964341973,6.5040650406504055,115,121,8,0,113,115,13938,2,0,0,2,6
2020-07-15,US,Georgia,Seminole,61,2,0,30.93464824,-84.86823924,13253.0,754.017305315204,3.278688524590164,59,57,2,0,55,56,8315,4,0,0,4,1
2020-07-15,US,Georgia,Spalding,601,33,0,33.26310031,-84.28013991,13255.0,901.0089501221834,5.490848585690515,568,590,33,0,557,578,66100,11,0,0,11,12
2020-07-15,US,Georgia,Stephens,375,6,0,34.55151201,-83.29405315,13257.0,1446.4802314368371,1.6,369,333,6,0,327,323,26035,42,0,0,42,10
2020-07-15,US,Georgia,Stewart,233,4,0,32.07996777,-84.83208037,13259.0,3519.105875245431,1.7167381974248928,229,225,3,0,222,219,6199,8,1,0,7,6
2020-07-15,US,Georgia,Sumter,642,52,0,32.03650571,-84.19821492,13261.0,2174.502099986452,8.099688473520251,590,637,51,0,586,620,29733,5,1,0,4,17
2020-07-15,US,Georgia,Talbot,97,3,0,32.69642758,-84.53351366,13263.0,1565.7788539144476,3.0927835051546397,94,96,3,0,93,94,6272,1,0,0,1,2
2020-07-15,US,Georgia,Taliaferro,6,0,0,33.56543317,-82.88136816,13265.0,390.3708523096942,0.0,6,6,0,0,6,2,1608,0,0,0,0,4
2020-07-15,US,Georgia,Tattnall,210,0,0,32.04785085,-82.05539188,13267.0,830.499090405758,0.0,210,206,0,0,206,201,25391,4,0,0,4,5
2020-07-15,US,Georgia,Taylor,47,2,0,32.55792548,-84.25077141,13269.0,586.0349127182045,4.25531914893617,45,39,2,0,37,36,8039,8,0,0,8,3
2020-07-15,US,Georgia,Telfair,193,3,0,31.92829517,-82.93491155,13271.0,1216.8978562421185,1.5544041450777202,190,188,3,0,185,182,15876,5,0,0,5,6
2020-07-15,US,Georgia,Terrell,252,29,0,31.77527543,-84.44069698,13273.0,2953.932715977025,11.507936507936508,223,249,28,0,221,249,8611,3,1,0,2,0
2020-07-15,US,Georgia,Thomas,620,33,0,30.86392347,-83.91847289,13275.0,1394.7942678454929,5.32258064516129,587,609,33,0,576,606,44448,11,0,0,11,3
2020-07-15,US,Georgia,Tift,1013,29,0,31.45743864,-83.5236119,13277.0,2492.3727979529567,2.862783810463968,984,999,28,0,971,997,40571,14,1,0,13,2
2020-07-15,US,Georgia,Toombs,354,5,0,32.12059861,-82.32957247,13279.0,1319.418561311964,1.4124293785310735,349,342,5,0,337,329,26887,12,0,0,12,13
2020-07-15,US,Georgia,Towns,71,1,0,34.91369188,-83.74107459999998,13281.0,589.8479687629807,1.4084507042253518,70,70,1,0,69,70,11852,1,0,0,1,0
2020-07-15,US,Georgia,Treutlen,51,2,0,32.40422134,-82.56904553,13283.0,739.0233299521808,3.92156862745098,49,52,2,0,50,48,6809,-1,0,0,-1,4
2020-07-15,US,Georgia,Troup,1802,39,0,33.03349196,-85.02812115,13285.0,2577.157403964417,2.164261931187569,1763,1767,38,0,1729,1756,70034,35,1,0,34,11
2020-07-15,US,Georgia,Turner,206,18,0,31.71612656,-83.62069378,13287.0,2579.837194740138,8.737864077669903,188,190,18,0,172,189,7912,16,0,0,16,1
2020-07-15,US,Georgia,Twiggs,48,1,0,32.67435595,-83.43078662,13289.0,591.1330049261084,2.083333333333333,47,45,1,0,44,40,8188,3,0,0,3,5
2020-07-15,US,Georgia,Unassigned,1664,3,0,0.0,0.0,90013.0,0.0,0.18028846153846154,1661,1571,2,0,1569,1410,,93,1,0,92,161
2020-07-15,US,Georgia,Union,123,4,0,34.82995757,-83.98967069,13291.0,501.8155114030436,3.2520325203252027,119,120,4,0,116,115,24001,3,0,0,3,5
2020-07-15,US,Georgia,Upson,393,45,0,32.87920671,-84.30024826,13293.0,1493.161094224924,11.450381679389313,348,393,45,0,348,393,26215,0,0,0,0,0
2020-07-15,US,Georgia,Walker,389,14,0,34.73376362,-85.30165174,13295.0,557.6181534094982,3.5989717223650386,375,384,12,0,372,378,69410,5,2,0,3,6
2020-07-15,US,Georgia,Walton,591,32,0,33.78017694,-83.73552314,13297.0,624.7819606101931,5.4145516074450075,559,574,29,0,545,569,93503,17,3,0,14,5
2020-07-15,US,Georgia,Ware,734,17,0,31.05449097,-82.42224148,13299.0,2054.066155482174,2.316076294277929,717,703,17,0,686,669,35680,31,0,0,31,34
2020-07-15,US,Georgia,Warren,36,0,0,33.41146451,-82.67795848,13301.0,685.1922344880091,0.0,36,34,0,0,34,34,5251,2,0,0,2,0
2020-07-15,US,Georgia,Washington,205,1,0,32.96711864,-82.79357039,13303.0,1006.1843526062628,0.4878048780487805,204,198,1,0,197,197,20386,7,0,0,7,1
2020-07-15,US,Georgia,Wayne,204,0,0,31.5521809,-81.91894878,13305.0,681.6587028435861,0.0,204,192,0,0,192,172,29808,12,0,0,12,20
2020-07-15,US,Georgia,Webster,34,2,0,32.04066113,-84.54742852,13307.0,1304.1810510164944,5.882352941176472,32,33,2,0,31,32,2611,1,0,0,1,1
2020-07-15,US,Georgia,Wheeler,66,0,0,32.12009104,-82.72574721,13309.0,840.2291534054742,0.0,66,62,0,0,62,60,7879,4,0,0,4,2
2020-07-15,US,Georgia,White,190,5,0,34.64624278,-83.74905525,13311.0,616.9231768296643,2.631578947368421,185,180,5,0,175,174,29970,10,0,0,10,6
2020-07-15,US,Georgia,Whitfield,1978,17,0,34.80987459,-84.96093476,13313.0,1890.507321175976,0.8594539939332659,1961,1869,15,0,1854,1840,104062,109,2,0,107,29
2020-07-15,US,Georgia,Wilcox,144,15,0,31.97496928,-83.43438555,13315.0,1667.6317313259988,10.416666666666666,129,138,15,0,123,137,8812,6,0,0,6,1
2020-07-15,US,Georgia,Wilkes,124,3,0,33.78290391,-82.74286107,13317.0,1268.2827043060242,2.419354838709677,121,122,3,0,119,115,9876,2,0,0,2,7
2020-07-15,US,Georgia,Wilkinson,126,9,0,32.80291082,-83.17140684,13319.0,1407.1923162832254,7.142857142857142,117,122,9,0,113,118,9036,4,0,0,4,4
2020-07-15,US,Georgia,Worth,360,22,0,31.55162306,-83.85090513,13321.0,1778.0411912875982,6.111111111111112,338,357,22,0,335,356,20299,3,0,0,3,1
2020-07-15,US,Hawaii,Hawaii,107,0,0,19.60121157,-155.5210167,15001.0,53.0983112752031,0.0,107,105,0,0,105,102,200983,2,0,0,2,3
2020-07-15,US,Hawaii,Honolulu,986,15,0,21.45803166,-157.97121819999995,15003.0,101.17355163288572,1.5212981744421907,971,960,15,0,945,942,980080,26,0,0,26,18
2020-07-15,US,Hawaii,Kauai,43,0,0,22.03935037,-159.5966786,15007.0,59.480170970910045,0.0,43,43,0,0,43,43,72133,0,0,0,0,0
2020-07-15,US,Hawaii,Maui,135,6,0,20.86399628,-156.56890969999995,15009.0,80.63697235047815,4.4444444444444455,129,135,6,0,129,135,167207,0,0,0,0,0
2020-07-15,US,Hawaii,Out of HI,21,1,0,0.0,0.0,80015.0,0.0,4.761904761904762,20,21,1,0,20,21,,0,0,0,0,0
2020-07-15,US,Idaho,Ada,4836,28,0,43.4526575,-116.24155159999998,16001.0,1004.1799301060868,0.5789909015715468,4808,4541,25,0,4516,4448,469966,295,3,0,292,93
2020-07-15,US,Idaho,Adams,12,0,0,44.89333571,-116.4545247,16003.0,279.4597112249651,0.0,12,12,0,0,12,12,4250,0,0,0,0,0
2020-07-15,US,Idaho,Bannock,163,1,0,42.67002716,-112.2233311,16005.0,185.6322886297376,0.6134969325153374,162,158,1,0,157,146,87138,5,0,0,5,12
2020-07-15,US,Idaho,Bear Lake,2,0,0,42.28269683,-111.32892379999998,16007.0,32.6530612244898,0.0,2,2,0,0,2,2,6050,0,0,0,0,0
2020-07-15,US,Idaho,Benewah,29,0,0,47.21754179,-116.6586851,16009.0,311.8950311895032,0.0,29,29,0,0,29,29,9226,0,0,0,0,0
2020-07-15,US,Idaho,Bingham,95,1,0,43.21672879999999,-112.3978437,16011.0,202.94375253679686,1.0526315789473684,94,91,1,0,90,84,46236,4,0,0,4,7
2020-07-15,US,Idaho,Blaine,554,5,0,43.4085812,-113.9752658,16013.0,2406.498414491117,0.9025270758122744,549,551,5,0,546,551,22601,3,0,0,3,0
2020-07-15,US,Idaho,Boise,12,0,0,43.98829931,-115.7309284,16015.0,153.23713446558546,0.0,12,11,0,0,11,10,7634,1,0,0,1,1
2020-07-15,US,Idaho,Bonner,78,0,0,48.29996017,-116.6017932,16017.0,170.5328057019174,0.0,78,76,0,0,76,75,44727,2,0,0,2,1
2020-07-15,US,Idaho,Bonneville,234,1,0,43.38713372,-111.6161537,16019.0,196.5362584199829,0.4273504273504273,233,225,1,0,224,208,116854,9,0,0,9,17
2020-07-15,US,Idaho,Boundary,10,0,0,48.76684761,-116.4630179,16021.0,81.66598611678236,0.0,10,10,0,0,10,7,11948,0,0,0,0,3
2020-07-15,US,Idaho,Camas,1,0,0,43.46665742,-114.8065892,16025.0,90.41591320072331,0.0,1,1,0,0,1,1,1127,0,0,0,0,0
2020-07-15,US,Idaho,Canyon,2555,15,0,43.61970148,-116.70954990000001,16027.0,1111.5993543587313,0.5870841487279843,2540,2281,12,0,2269,2178,223499,274,3,0,271,103
2020-07-15,US,Idaho,Caribou,19,0,0,42.77149116,-111.5597683,16029.0,265.54856743535987,0.0,19,19,0,0,19,18,7060,0,0,0,0,1
2020-07-15,US,Idaho,Cassia,341,1,0,42.28347888,-113.6012409,16031.0,1419.0595089471494,0.2932551319648094,340,339,1,0,338,330,23864,2,0,0,2,9
2020-07-15,US,Idaho,Clearwater,7,0,0,46.67459924,-115.6622393,16035.0,79.945180447693,0.0,7,7,0,0,7,6,8758,0,0,0,0,1
2020-07-15,US,Idaho,Custer,6,0,0,44.24186819,-114.2855494,16037.0,139.04982618771726,0.0,6,6,0,0,6,6,4280,0,0,0,0,0
2020-07-15,US,Idaho,Elmore,108,2,0,43.3507101,-115.4701578,16039.0,392.570244629421,1.851851851851852,106,105,2,0,103,103,27259,3,0,0,3,2
2020-07-15,US,Idaho,Franklin,33,0,0,42.18332217,-111.81496659999999,16041.0,237.82069760737969,0.0,33,33,0,0,33,32,13726,0,0,0,0,1
2020-07-15,US,Idaho,Fremont,15,0,0,44.22800938,-111.48099429999999,16043.0,114.51255821055042,0.0,15,12,0,0,12,11,13168,3,0,0,3,1
2020-07-15,US,Idaho,Gem,75,0,0,44.06482372,-116.398376,16045.0,414.09010600706716,0.0,75,69,0,0,69,68,17634,6,0,0,6,1
2020-07-15,US,Idaho,Gooding,92,1,0,42.96927962,-114.81083059999999,16047.0,606.1005336319915,1.0869565217391304,91,87,1,0,86,86,15196,5,0,0,5,1
2020-07-15,US,Idaho,Idaho,13,0,0,45.84721541,-115.4634436,16049.0,77.99844003119938,0.0,13,13,0,0,13,13,16513,0,0,0,0,0
2020-07-15,US,Idaho,Jefferson,36,0,0,43.82078483,-112.3131749,16051.0,120.51822838204279,0.0,36,34,0,0,34,32,29439,2,0,0,2,2
2020-07-15,US,Idaho,Jerome,326,6,0,42.68891267,-114.2655033,16053.0,1335.4088153367195,1.8404907975460123,320,315,5,0,310,314,24015,11,1,0,10,1
2020-07-15,US,Idaho,Kootenai,793,1,0,47.67282258,-116.7020872,16055.0,478.5844040628376,0.1261034047919294,792,747,1,0,746,722,161505,46,0,0,46,25
2020-07-15,US,Idaho,Latah,38,0,0,46.81587887,-116.71136979999999,16057.0,94.74419068515007,0.0,38,36,0,0,36,36,40134,2,0,0,2,0
2020-07-15,US,Idaho,Lemhi,4,0,0,44.9438088,-113.9309747,16059.0,49.83181761554754,0.0,4,4,0,0,4,3,7961,0,0,0,0,1
2020-07-15,US,Idaho,Lewis,1,0,0,46.23315327,-116.434146,16061.0,26.055237102657642,0.0,1,1,0,0,1,1,3861,0,0,0,0,0
2020-07-15,US,Idaho,Lincoln,43,0,0,43.0012336,-114.1358773,16063.0,801.3417815877748,0.0,43,43,0,0,43,43,5360,0,0,0,0,0
2020-07-15,US,Idaho,Madison,81,0,0,43.78141028,-111.65384740000002,16065.0,202.9719096900293,0.0,81,75,0,0,75,72,39304,6,0,0,6,3
2020-07-15,US,Idaho,Minidoka,286,0,0,42.85518524,-113.6357257,16067.0,1359.3801986786445,0.0,286,281,0,0,281,277,20825,5,0,0,5,4
2020-07-15,US,Idaho,Nez Perce,116,19,0,46.32638236,-116.75009750000001,16069.0,287.0718669570382,16.379310344827587,97,116,19,0,97,112,40408,0,0,0,0,4
2020-07-15,US,Idaho,Oneida,7,0,0,42.19494279999999,-112.5407838,16071.0,154.4912822776429,0.0,7,7,0,0,7,7,4488,0,0,0,0,0
2020-07-15,US,Idaho,Owyhee,107,0,0,42.58016894,-116.16938710000001,16073.0,905.0156474668021,0.0,107,101,0,0,101,96,11693,6,0,0,6,5
2020-07-15,US,Idaho,Payette,212,2,0,44.00545243,-116.7647695,16075.0,885.1404951776544,0.9433962264150944,210,198,2,0,196,191,23551,14,0,0,14,7
2020-07-15,US,Idaho,Power,20,0,0,42.69254894,-112.83957420000002,16077.0,260.38276266111177,0.0,20,20,0,0,20,20,7768,0,0,0,0,0
2020-07-15,US,Idaho,Shoshone,13,0,0,47.35364087,-115.89167490000001,16079.0,100.91600683123735,0.0,13,9,0,0,9,8,12796,4,0,0,4,1
2020-07-15,US,Idaho,Teton,38,0,0,43.75303583,-111.2056773,16081.0,312.96326799538787,0.0,38,35,0,0,35,35,11640,3,0,0,3,0
2020-07-15,US,Idaho,Twin Falls,874,25,0,42.35440512,-114.6685381,16083.0,1006.0084256083244,2.860411899313502,849,861,25,0,836,853,86081,13,0,0,13,8
2020-07-15,US,Idaho,Unassigned,1,0,0,0.0,0.0,90016.0,0.0,0.0,1,1,0,0,1,1,,0,0,0,0,0
2020-07-15,US,Idaho,Valley,28,0,0,44.76728382,-115.5676773,16085.0,245.7865168539326,0.0,28,26,0,0,26,26,11041,2,0,0,2,0
2020-07-15,US,Idaho,Washington,135,2,0,44.45275475,-116.78476880000001,16087.0,1324.308416715715,1.4814814814814814,133,132,2,0,130,131,10161,3,0,0,3,1
2020-07-15,US,Illinois,Adams,208,1,0,39.98815591,-91.18786813,17001.0,317.8726980973485,0.4807692307692308,207,204,1,0,203,189,65691,4,0,0,4,15
2020-07-15,US,Illinois,Alexander,26,0,0,37.18049267,-89.32910838,17003.0,451.3105363652144,0.0,26,25,0,0,25,25,6060,1,0,0,1,0
2020-07-15,US,Illinois,Bond,21,1,0,38.88829622,-89.43534887,17005.0,127.84609765006695,4.761904761904762,20,22,2,0,20,22,16630,-1,-1,0,0,0
2020-07-15,US,Illinois,Boone,641,21,0,42.32359279,-88.82345779,17007.0,1197.1462722247124,3.2761310452418098,620,640,21,0,619,639,53577,1,0,0,1,1
2020-07-15,US,Illinois,Brown,10,0,0,39.96209138,-90.75068024,17009.0,152.02189115232594,0.0,10,10,0,0,10,10,6556,0,0,0,0,0
2020-07-15,US,Illinois,Bureau,44,2,0,41.40385234,-89.5283051,17011.0,134.85350006129704,4.545454545454546,42,43,2,0,41,38,32993,1,0,0,1,5
2020-07-15,US,Illinois,Calhoun,2,0,0,39.16840183,-90.66330078,17013.0,42.202996412745314,0.0,2,2,0,0,2,2,4802,0,0,0,0,0
2020-07-15,US,Illinois,Carroll,21,2,0,42.06823429,-89.93395545,17015.0,146.8018175463125,9.523809523809524,19,21,2,0,19,21,14312,0,0,0,0,0
2020-07-15,US,Illinois,Cass,140,10,0,39.96991073,-90.24734436,17017.0,1152.5479542273813,7.142857142857142,130,140,10,0,130,140,12260,0,0,0,0,0
2020-07-15,US,Illinois,Champaign,1089,17,0,40.13919438,-88.20046615,17019.0,519.3405471913167,1.561065197428834,1072,1057,17,0,1040,1041,209983,32,0,0,32,16
2020-07-15,US,Illinois,Christian,53,4,0,39.54581621,-89.27780482,17021.0,164.06636948984647,7.547169811320754,49,52,4,0,48,53,32661,1,0,0,1,-1
2020-07-15,US,Illinois,Clark,45,0,0,39.33425789,-87.78705622,17023.0,291.4319020788809,0.0,45,41,0,0,41,40,15596,4,0,0,4,1
2020-07-15,US,Illinois,Clay,8,0,0,38.75388572,-88.48914513,17025.0,60.67961165048544,0.0,8,8,0,0,8,8,13253,0,0,0,0,0
2020-07-15,US,Illinois,Clinton,256,17,0,38.60704876,-89.42385254,17027.0,681.5398541078749,6.640625,239,252,16,0,236,246,37639,4,1,0,3,6
2020-07-15,US,Illinois,Coles,209,17,0,39.51949084,-88.22358557,17029.0,412.8721281681516,8.133971291866029,192,202,17,0,185,199,50885,7,0,0,7,3
2020-07-15,US,Illinois,Cook,96662,4745,0,41.84144849,-87.81658794,17031.0,1876.8471251689002,4.908857668990917,91917,96186,4741,0,91445,95884,5180493,476,4,0,472,302
2020-07-15,US,Illinois,Crawford,20,0,0,39.0032229,-87.75954624,17033.0,107.14094391171587,0.0,20,20,0,0,20,20,18807,0,0,0,0,0
2020-07-15,US,Illinois,Cumberland,31,0,0,39.27432424,-88.2401158,17035.0,287.94352591491736,0.0,31,30,0,0,30,30,10808,1,0,0,1,0
2020-07-15,US,Illinois,De Witt,18,0,0,40.17514519,-88.90959682,17039.0,115.10423327791278,0.0,18,18,0,0,18,18,15769,0,0,0,0,0
2020-07-15,US,Illinois,DeKalb,665,22,0,41.89373302,-88.76958483,17037.0,633.955213209148,3.3082706766917283,643,657,22,0,635,650,104143,8,0,0,8,7
2020-07-15,US,Illinois,Douglas,62,0,0,39.76768052,-88.21854195,17041.0,318.52042126894423,0.0,62,61,0,0,61,61,19479,1,0,0,1,0
2020-07-15,US,Illinois,DuPage,9867,492,0,41.85116968,-88.08642662,17043.0,1069.1055897525355,4.986318029796291,9375,9810,491,0,9319,9794,928589,57,1,0,56,16
2020-07-15,US,Illinois,Edgar,20,0,0,39.6809186,-87.74759563,17045.0,116.54332498106173,0.0,20,23,0,0,23,20,17360,-3,0,0,-3,3
2020-07-15,US,Illinois,Edwards,5,0,0,38.41353228,-88.05720863,17047.0,78.18608287724786,0.0,5,5,0,0,5,5,6392,0,0,0,0,0
2020-07-15,US,Illinois,Effingham,35,1,0,39.05935711,-88.58969584,17049.0,102.91696071512585,2.8571428571428568,34,34,1,0,33,32,34208,1,0,0,1,2
2020-07-15,US,Illinois,Fayette,28,3,0,39.00072038,-89.02452658,17051.0,131.23359580052494,10.714285714285714,25,26,3,0,23,25,21416,2,0,0,2,1
2020-07-15,US,Illinois,Ford,42,1,0,40.59706922,-88.22350769,17053.0,324.04907028778644,2.380952380952381,41,42,1,0,41,42,13264,0,0,0,0,0
2020-07-15,US,Illinois,Franklin,54,0,0,37.99189086,-88.92567818,17055.0,140.3727676830695,0.0,54,50,0,0,50,46,38701,4,0,0,4,4
2020-07-15,US,Illinois,Fulton,18,0,0,40.47289135,-90.20862357,17057.0,52.41700640652301,0.0,18,17,0,0,17,16,34844,1,0,0,1,1
2020-07-15,US,Illinois,Gallatin,8,0,0,37.76430935,-88.22953869,17059.0,165.7000828500414,0.0,8,7,0,0,7,7,5058,1,0,0,1,0
2020-07-15,US,Illinois,Greene,12,0,0,39.35907414,-90.388865,17061.0,92.52833680314596,0.0,12,11,0,0,11,11,13044,1,0,0,1,0
2020-07-15,US,Illinois,Grundy,202,5,0,41.28569601,-88.41905692,17063.0,395.65949778665725,2.4752475247524752,197,196,5,0,191,196,50972,6,0,0,6,0
2020-07-15,US,Illinois,Hamilton,7,0,0,38.08163641,-88.53883373,17065.0,86.2493839329719,0.0,7,7,0,0,7,7,8163,0,0,0,0,0
2020-07-15,US,Illinois,Hancock,21,1,0,40.40423981,-91.16313899,17067.0,118.5904675852722,4.761904761904762,20,21,1,0,20,21,17844,0,0,0,0,0
2020-07-15,US,Illinois,Hardin,2,0,0,37.51810645,-88.26873022,17069.0,52.34231876472128,0.0,2,1,0,0,1,1,3910,1,0,0,1,0
2020-07-15,US,Illinois,Henderson,8,0,0,40.81908672,-90.92491462,17071.0,120.37315678603672,0.0,8,8,0,0,8,8,6709,0,0,0,0,0
2020-07-15,US,Illinois,Henry,125,1,0,41.3533994,-90.13296166,17073.0,255.5557827162513,0.8,124,122,1,0,121,120,49090,3,0,0,3,2
2020-07-15,US,Illinois,Iroquois,179,5,0,40.74717633,-87.82466784,17075.0,660.1755550638047,2.793296089385475,174,176,5,0,171,176,27604,3,0,0,3,0
2020-07-15,US,Illinois,Jackson,366,19,0,37.78595185,-89.38232563,17077.0,644.9339207048457,5.191256830601093,347,359,19,0,340,357,57419,7,0,0,7,2
2020-07-15,US,Illinois,Jasper,47,7,0,39.01054275,-88.15437049,17079.0,489.0738813735692,14.893617021276595,40,47,7,0,40,47,9611,0,0,0,0,0
2020-07-15,US,Illinois,Jefferson,123,17,0,38.29980057,-88.9240025,17081.0,326.3984714998408,13.821138211382113,106,117,17,0,100,115,37820,6,0,0,6,2
2020-07-15,US,Illinois,Jersey,48,1,0,39.08869046,-90.35393073,17083.0,220.45652872824144,2.083333333333333,47,45,1,0,44,44,21847,3,0,0,3,1
2020-07-15,US,Illinois,Jo Daviess,57,1,0,42.36542373,-90.21094405,17085.0,268.4247704261832,1.7543859649122806,56,55,1,0,54,56,21366,2,0,0,2,-1
2020-07-15,US,Illinois,Johnson,29,0,0,37.45939802,-88.88165419,17087.0,233.5507771603447,0.0,29,28,0,0,28,28,12456,1,0,0,1,0
2020-07-15,US,Illinois,Kane,8218,286,0,41.93842729,-88.42861412,17089.0,1543.5675606636325,3.4801654903869554,7932,8151,285,0,7866,8137,534216,67,1,0,66,14
2020-07-15,US,Illinois,Kankakee,1454,66,0,41.13746989,-87.86205334,17091.0,1323.4785458120184,4.53920220082531,1388,1443,66,0,1377,1439,110024,11,0,0,11,4
2020-07-15,US,Illinois,Kendall,1086,21,0,41.59081014,-88.42869583,17093.0,841.9257306767968,1.9337016574585637,1065,1068,21,0,1047,1071,127915,18,0,0,18,-3
2020-07-15,US,Illinois,Knox,176,0,0,40.93148779,-90.21330340000002,17095.0,354.13187388076216,0.0,176,175,0,0,175,171,50112,1,0,0,1,4
2020-07-15,US,Illinois,LaSalle,286,17,0,41.34426129999999,-88.88633881,17099.0,263.1845328474542,5.944055944055943,269,280,17,0,263,270,109430,6,0,0,6,10
2020-07-15,US,Illinois,Lake,10561,429,0,42.3224907,-88.00367925,17097.0,1516.219572598649,4.062115329987692,10132,10464,429,0,10035,10422,700832,97,0,0,97,42
2020-07-15,US,Illinois,Lawrence,13,0,0,38.71987914,-87.72884035,17101.0,82.91873963515755,0.0,13,13,0,0,13,12,15765,0,0,0,0,1
2020-07-15,US,Illinois,Lee,110,2,0,41.74583951,-89.29977132,17103.0,322.6184889723134,1.818181818181818,108,109,2,0,107,107,34223,1,0,0,1,2
2020-07-15,US,Illinois,Livingston,58,2,0,40.89188292,-88.55784752,17105.0,162.70197486535008,3.4482758620689653,56,55,2,0,53,55,35761,3,0,0,3,0
2020-07-15,US,Illinois,Logan,27,0,0,40.12581572,-89.36638784,17107.0,94.3462156684604,0.0,27,24,0,0,24,20,28925,3,0,0,3,4
2020-07-15,US,Illinois,Macon,259,22,0,39.86064913,-88.96342505,17115.0,249.0169119980001,8.494208494208495,237,254,22,0,232,253,104712,5,0,0,5,1
2020-07-15,US,Illinois,Macoupin,75,3,0,39.26119767,-89.92424028,17117.0,166.94119218270043,4.0,72,72,3,0,69,70,45313,3,0,0,3,2
2020-07-15,US,Illinois,Madison,1310,71,0,38.83042506,-89.90422563,17119.0,498.16326064966574,5.419847328244275,1239,1285,71,0,1214,1258,264461,25,0,0,25,27
2020-07-15,US,Illinois,Marion,81,0,0,38.64963204,-88.91899208,17121.0,217.7126730278188,0.0,81,79,0,0,79,79,37620,2,0,0,2,0
2020-07-15,US,Illinois,Marshall,13,0,0,41.0327901,-89.34510444,17123.0,113.656233607274,0.0,13,13,0,0,13,12,11534,0,0,0,0,1
2020-07-15,US,Illinois,Mason,29,0,0,40.23917274,-89.91824452,17125.0,217.08211692491955,0.0,29,28,0,0,28,25,13565,1,0,0,1,3
2020-07-15,US,Illinois,Massac,17,0,0,37.22078441,-88.71036614,17127.0,123.4388614580308,0.0,17,16,0,0,16,16,14080,1,0,0,1,0
2020-07-15,US,Illinois,McDonough,110,15,0,40.45674722,-90.67775541,17109.0,370.59497338454287,13.636363636363635,95,108,15,0,93,107,29955,2,0,0,2,1
2020-07-15,US,Illinois,McHenry,2347,103,0,42.32451172,-88.45248227,17111.0,762.5725369914287,4.388581167447806,2244,2309,103,0,2206,2285,308570,38,0,0,38,24
2020-07-15,US,Illinois,McLean,340,15,0,40.48996987,-88.84621113,17113.0,198.2310791350129,4.411764705882354,325,334,15,0,319,326,172828,6,0,0,6,8
2020-07-15,US,Illinois,Menard,33,0,0,40.02742725,-89.80246001,17129.0,270.5805182026894,0.0,33,32,0,0,32,33,12288,1,0,0,1,-1
2020-07-15,US,Illinois,Mercer,29,0,0,41.20596782,-90.74290052,17131.0,187.860335557427,0.0,29,29,0,0,29,29,15601,0,0,0,0,0
2020-07-15,US,Illinois,Monroe,171,13,0,38.27594376,-90.17761038,17133.0,493.6917169500823,7.60233918128655,158,170,13,0,157,165,34335,1,0,0,1,5
2020-07-15,US,Illinois,Montgomery,90,2,0,39.23198845,-89.47809254,17135.0,316.74526641796297,2.2222222222222223,88,89,2,0,87,80,28601,1,0,0,1,9
2020-07-15,US,Illinois,Morgan,135,4,0,39.71654544,-90.20255104,17137.0,401.09335076356285,2.962962962962963,131,134,4,0,130,134,33976,1,0,0,1,0
2020-07-15,US,Illinois,Moultrie,28,0,0,39.64187451,-88.62099969,17139.0,193.09013171505413,0.0,28,25,0,0,25,24,14717,3,0,0,3,1
2020-07-15,US,Illinois,Ogle,325,4,0,42.04165196,-89.32184679,17141.0,641.7471318839721,1.2307692307692308,321,319,4,0,315,316,50923,6,0,0,6,3
2020-07-15,US,Illinois,Out of IL,1,0,0,0.0,0.0,80017.0,0.0,0.0,1,3,0,0,3,3,,-2,0,0,-2,0
2020-07-15,US,Illinois,Peoria,736,30,0,40.78702156,-89.76078901,17143.0,410.7624219356063,4.076086956521738,706,710,30,0,680,687,180621,26,0,0,26,23
2020-07-15,US,Illinois,Perry,63,1,0,38.08510853,-89.36856219,17145.0,301.20481927710836,1.5873015873015872,62,61,1,0,60,61,21174,2,0,0,2,0
2020-07-15,US,Illinois,Piatt,21,0,0,40.01360584,-88.59319339,17147.0,128.48751835535975,0.0,21,21,0,0,21,21,16396,0,0,0,0,0
2020-07-15,US,Illinois,Pike,8,0,0,39.62265059,-90.8877017,17149.0,51.41057772636721,0.0,8,8,0,0,8,8,15611,0,0,0,0,0
2020-07-15,US,Illinois,Pope,2,0,0,37.41391284,-88.56152109,17151.0,47.8812544888676,0.0,2,1,0,0,1,1,4212,1,0,0,1,0
2020-07-15,US,Illinois,Pulaski,86,0,0,37.22631423,-89.13085001,17153.0,1611.9962511715094,0.0,86,85,0,0,85,85,5463,1,0,0,1,0
2020-07-15,US,Illinois,Putnam,1,0,0,41.2013541,-89.2869272,17155.0,17.424638438752392,0.0,1,1,0,0,1,1,5740,0,0,0,0,0
2020-07-15,US,Illinois,Randolph,337,7,0,38.05095369,-89.82512254,17157.0,1060.348625007866,2.0771513353115734,330,327,7,0,320,319,32106,10,0,0,10,8
2020-07-15,US,Illinois,Richland,10,0,0,38.71240969,-88.08475366,17159.0,64.46206407529169,0.0,10,9,0,0,9,9,15763,1,0,0,1,0
2020-07-15,US,Illinois,Rock Island,1252,30,0,41.46613806,-90.57042164,17161.0,882.4420809281148,2.3961661341853038,1222,1232,30,0,1202,1217,143477,20,0,0,20,15
2020-07-15,US,Illinois,Saline,20,0,0,37.75332999,-88.54119706,17165.0,85.13898940019583,0.0,20,17,0,0,17,17,23906,3,0,0,3,0
2020-07-15,US,Illinois,Sangamon,587,33,0,39.75836914,-89.65872023,17167.0,301.53283471685705,5.621805792163544,554,553,33,0,520,547,195348,34,0,0,34,6
2020-07-15,US,Illinois,Schuyler,14,0,0,40.1571798,-90.61114163,17169.0,206.85579196217486,0.0,14,14,0,0,14,13,6907,0,0,0,0,1
2020-07-15,US,Illinois,Scott,1,0,0,39.6429169,-90.47814431,17171.0,20.197939810139367,0.0,1,1,0,0,1,1,4926,0,0,0,0,0
2020-07-15,US,Illinois,Shelby,23,1,0,39.39133527,-88.80611122,17173.0,106.31413515762226,4.3478260869565215,22,21,1,0,20,21,21741,2,0,0,2,0
2020-07-15,US,Illinois,St. Clair,2436,145,0,38.46996033,-89.93063427,17163.0,938.0559598900212,5.9523809523809526,2291,2386,145,0,2241,2347,261059,50,0,0,50,39
2020-07-15,US,Illinois,Stark,6,0,0,41.09309773,-89.79745866,17175.0,112.31748408835642,0.0,6,6,0,0,6,6,5427,0,0,0,0,0
2020-07-15,US,Illinois,Stephenson,287,6,0,42.35129217,-89.662598,17177.0,644.9728077666413,2.0905923344947737,281,287,6,0,281,286,44753,0,0,0,0,1
2020-07-15,US,Illinois,Tazewell,196,8,0,40.50716185,-89.51404662,17179.0,148.7067820914547,4.081632653061225,188,191,8,0,183,178,132328,5,0,0,5,13
2020-07-15,US,Illinois,Unassigned,1172,201,0,0.0,0.0,90017.0,0.0,17.150170648464165,971,1174,201,0,973,1184,,-2,0,0,-2,-10
2020-07-15,US,Illinois,Union,215,19,0,37.47119609,-89.25548938,17181.0,1291.0586681078485,8.837209302325583,196,214,19,0,195,212,16841,1,0,0,1,2
2020-07-15,US,Illinois,Vermilion,96,2,0,40.18417171,-87.73384359,17183.0,126.71929037197391,2.083333333333333,94,90,2,0,88,89,76806,6,0,0,6,1
2020-07-15,US,Illinois,Wabash,23,0,0,38.44272901,-87.84922065,17185.0,199.65277777777766,0.0,23,23,0,0,23,23,11549,0,0,0,0,0
2020-07-15,US,Illinois,Warren,150,0,0,40.84925021,-90.6147432,17187.0,890.5248159582048,0.0,150,150,0,0,150,150,17032,0,0,0,0,0
2020-07-15,US,Illinois,Washington,28,0,0,38.35309213,-89.40982703,17189.0,201.6274213293008,0.0,28,25,0,0,25,25,13995,3,0,0,3,0
2020-07-15,US,Illinois,Wayne,19,1,0,38.42955355,-88.42586459,17191.0,117.1754548257786,5.2631578947368425,18,21,1,0,20,19,16332,-2,0,0,-2,2
2020-07-15,US,Illinois,White,17,0,0,38.08706198,-88.17657461,17193.0,125.58173893772623,0.0,17,10,0,0,10,10,13665,7,0,0,7,0
2020-07-15,US,Illinois,Whiteside,224,15,0,41.75509713,-89.91556058,17195.0,405.980969642048,6.696428571428571,209,220,15,0,205,218,55626,4,0,0,4,2
2020-07-15,US,Illinois,Will,7436,328,0,41.44619267,-87.97862712,17197.0,1076.5219481051563,4.410973641742872,7108,7382,326,0,7056,7340,692310,54,2,0,52,42
2020-07-15,US,Illinois,Williamson,173,4,0,37.73033511,-88.92994027,17199.0,259.7714611769299,2.3121387283237,169,164,4,0,160,162,67056,9,0,0,9,2
2020-07-15,US,Illinois,Winnebago,3215,106,0,42.33641854,-89.16085327,17201.0,1137.7631187803465,3.2970451010886475,3109,3202,106,0,3096,3191,284081,13,0,0,13,11
2020-07-15,US,Illinois,Woodford,55,2,0,40.78579374,-89.20973757,17203.0,143.00943862294912,3.636363636363636,53,53,2,0,51,54,38463,2,0,0,2,-1
2020-07-15,US,Indiana,Adams,52,1,0,40.7457653,-84.93671406,18001.0,145.3447745758448,1.9230769230769231,51,49,1,0,48,49,35636,3,0,0,3,0
2020-07-15,US,Indiana,Allen,3013,136,0,41.09194313,-85.06800636,18003.0,794.3601222254738,4.5137736475273815,2877,2988,135,0,2853,2971,375351,25,1,0,24,17
2020-07-15,US,Indiana,Bartholomew,612,45,0,39.20744865,-85.89558181,18005.0,730.4933217154658,7.352941176470589,567,609,45,0,564,605,82753,3,0,0,3,4
2020-07-15,US,Indiana,Benton,51,0,0,40.60626947,-87.31093999,18007.0,582.9903978052126,0.0,51,51,0,0,51,51,8653,0,0,0,0,0
2020-07-15,US,Indiana,Blackford,41,2,0,40.47388153,-85.32499702,18009.0,348.69875829222656,4.878048780487805,39,41,2,0,39,40,11930,0,0,0,0,1
2020-07-15,US,Indiana,Boone,501,44,0,40.0509304,-86.46841646,18011.0,738.4697021063338,8.782435129740517,457,497,44,0,453,492,66999,4,0,0,4,5
2020-07-15,US,Indiana,Brown,46,1,0,39.19605589,-86.22868909,18013.0,304.79724357275376,2.1739130434782608,45,46,1,0,45,44,15234,0,0,0,0,2
2020-07-15,US,Indiana,Carroll,115,2,0,40.580783200000006,-86.56198812,18015.0,567.7049908673545,1.7391304347826086,113,114,2,0,112,114,20127,1,0,0,1,0
2020-07-15,US,Indiana,Cass,1655,9,0,40.76135835,-86.34830753,18017.0,4391.2016768818485,0.5438066465256798,1646,1651,9,0,1642,1648,37955,4,0,0,4,3
2020-07-15,US,Indiana,Clark,736,44,0,38.48015445,-85.70510334,18019.0,622.1365657385336,5.978260869565218,692,728,44,0,684,719,117360,8,0,0,8,9
2020-07-15,US,Indiana,Clay,67,5,0,39.39561833,-87.11723506,18021.0,255.48141086749283,7.462686567164179,62,65,5,0,60,64,26170,2,0,0,2,1
2020-07-15,US,Indiana,Clinton,295,3,0,40.30319754,-86.47277257,18023.0,910.5219296891879,1.0169491525423728,292,291,3,0,288,290,32250,4,0,0,4,1
2020-07-15,US,Indiana,Crawford,35,0,0,38.28814402,-86.44518825,18025.0,330.9066843150232,0.0,35,35,0,0,35,33,10558,0,0,0,0,2
2020-07-15,US,Indiana,Daviess,155,17,0,38.70186039,-87.07185406,18027.0,464.75368054930885,10.967741935483868,138,151,17,0,134,151,33147,4,0,0,4,0
2020-07-15,US,Indiana,DeKalb,171,4,0,41.39804622,-84.99906934,18033.0,393.3294997124784,2.3391812865497075,167,171,4,0,167,169,43226,0,0,0,0,2
2020-07-15,US,Indiana,Dearborn,289,24,0,39.14647946,-84.97333539,18029.0,584.3341825387198,8.304498269896193,265,277,23,0,254,271,49568,12,1,0,11,6
2020-07-15,US,Indiana,Decatur,257,32,0,39.30712658,-85.50087166,18031.0,967.6569147934787,12.451361867704279,225,257,32,0,225,257,26794,0,0,0,0,0
2020-07-15,US,Indiana,Delaware,487,52,0,40.22787247,-85.39732772,18035.0,426.68769439698616,10.677618069815193,435,484,52,0,432,481,114772,3,0,0,3,3
2020-07-15,US,Indiana,Dubois,365,7,0,38.36597551,-86.87924170000002,18037.0,854.0808685885437,1.9178082191780816,358,344,7,0,337,319,42565,21,0,0,21,25
2020-07-15,US,Indiana,Elkhart,3794,62,0,41.59761169,-85.85875695,18039.0,1838.703893070209,1.6341591987348445,3732,3720,61,0,3659,3662,205560,74,1,0,73,58
2020-07-15,US,Indiana,Fayette,109,7,0,39.63684962,-85.17797541,18041.0,471.8206215912042,6.422018348623853,102,108,7,0,101,108,23047,1,0,0,1,0
2020-07-15,US,Indiana,Floyd,435,44,0,38.32117957,-85.90385377,18043.0,553.9848704821578,10.114942528735632,391,425,44,0,381,418,77781,10,0,0,10,7
2020-07-15,US,Indiana,Fountain,38,2,0,40.12361933,-87.24217689,18045.0,232.4727762143644,5.2631578947368425,36,38,2,0,36,36,16351,0,0,0,0,2
2020-07-15,US,Indiana,Franklin,132,8,0,39.4142482,-85.06062647,18047.0,580.0158186132351,6.0606060606060606,124,128,8,0,120,128,22736,4,0,0,4,0
2020-07-15,US,Indiana,Fulton,81,1,0,41.0469907,-86.26252745,18049.0,405.5271853409432,1.2345679012345678,80,79,1,0,78,76,20092,2,0,0,2,3
2020-07-15,US,Indiana,Gibson,138,2,0,38.30393723,-87.58054938,18051.0,409.99435515018274,1.4492753623188406,136,133,2,0,131,128,33452,5,0,0,5,5
2020-07-15,US,Indiana,Grant,347,26,0,40.51587228,-85.65468702,18053.0,527.60419042406,7.492795389048991,321,334,26,0,308,322,65936,13,0,0,13,12
2020-07-15,US,Indiana,Greene,200,33,0,39.03630547,-86.96223202,18055.0,626.5271599523841,16.5,167,200,32,0,168,199,32006,0,1,0,-1,1
2020-07-15,US,Indiana,Hamilton,1800,101,0,40.07306535,-86.05244729,18057.0,532.5270479363097,5.611111111111112,1699,1779,101,0,1678,1735,330086,21,0,0,21,44
2020-07-15,US,Indiana,Hancock,476,36,0,39.82304555,-85.77566351,18059.0,608.9448367618462,7.563025210084032,440,472,36,0,436,474,76351,4,0,0,4,-2
2020-07-15,US,Indiana,Harrison,221,22,0,38.19467379,-86.10948271,18061.0,545.4769838331482,9.954751131221721,199,220,22,0,198,218,40350,1,0,0,1,2
2020-07-15,US,Indiana,Hendricks,1496,102,0,39.76719009,-86.51037283,18063.0,878.3930574067441,6.8181818181818175,1394,1482,100,0,1382,1470,167009,14,2,0,12,12
2020-07-15,US,Indiana,Henry,307,18,0,39.93029017,-85.39625719,18065.0,639.956641374135,5.8631921824104225,289,306,18,0,288,303,48271,1,0,0,1,3
2020-07-15,US,Indiana,Howard,621,58,0,40.48527731,-86.11351892,18067.0,752.3260321767784,9.339774557165864,563,617,58,0,559,610,82366,4,0,0,4,7
2020-07-15,US,Indiana,Huntington,94,2,0,40.82907273,-85.48822092,18069.0,257.3932092004381,2.127659574468085,92,93,2,0,91,94,36240,1,0,0,1,-1
2020-07-15,US,Indiana,Jackson,485,3,0,38.90915820000001,-86.03851889,18071.0,1096.5160181772965,0.6185567010309279,482,481,3,0,478,479,44111,4,0,0,4,2
2020-07-15,US,Indiana,Jasper,142,2,0,41.02078733,-87.11553319,18073.0,423.0975508015017,1.4084507042253518,140,142,2,0,140,136,33370,0,0,0,0,6
2020-07-15,US,Indiana,Jay,72,0,0,40.43781032,-85.00576229,18075.0,352.3194362889019,0.0,72,72,0,0,72,72,20764,0,0,0,0,0
2020-07-15,US,Indiana,Jefferson,98,2,0,38.78576239,-85.43633383,18077.0,303.33044447195743,2.0408163265306123,96,93,2,0,91,87,32208,5,0,0,5,6
2020-07-15,US,Indiana,Jennings,181,12,0,38.99588883,-85.62710784,18079.0,652.6050117180457,6.629834254143647,169,180,12,0,168,179,27611,1,0,0,1,1
2020-07-15,US,Indiana,Johnson,1379,118,0,39.48994426,-86.10149107,18081.0,871.8632837443968,8.556925308194344,1261,1366,118,0,1248,1351,156225,13,0,0,13,15
2020-07-15,US,Indiana,Knox,77,0,0,38.68861576,-87.4194665,18083.0,210.41700825271903,0.0,77,73,0,0,73,71,36895,4,0,0,4,2
2020-07-15,US,Indiana,Kosciusko,598,4,0,41.24521668,-85.86312322,18085.0,752.6178010471208,0.6688963210702341,594,587,4,0,583,584,79344,11,0,0,11,3
2020-07-15,US,Indiana,LaGrange,491,10,0,41.64232188,-85.42674232,18087.0,1239.4607966880396,2.0366598778004072,481,491,10,0,481,487,39330,0,0,0,0,4
2020-07-15,US,Indiana,LaPorte,648,28,0,41.54366008,-86.74072188,18091.0,589.6913220733837,4.320987654320987,620,639,28,0,611,629,110007,9,0,0,9,10
2020-07-15,US,Indiana,Lake,5831,252,0,41.41874274,-87.38277575,18089.0,1201.0471829665928,4.321728691476591,5579,5764,251,0,5513,5677,484411,67,1,0,66,87
2020-07-15,US,Indiana,Lawrence,254,25,0,38.84112637,-86.48361629,18093.0,559.8413048269781,9.842519685039369,229,253,25,0,228,253,45668,1,0,0,1,0
2020-07-15,US,Indiana,Madison,693,64,0,40.16143691,-85.71964711,18095.0,534.8501570591732,9.235209235209236,629,685,64,0,621,681,129641,8,0,0,8,4
2020-07-15,US,Indiana,Marion,12276,699,0,39.78163624,-86.13826325,18097.0,1272.6756252967607,5.694037145650048,11577,12192,697,0,11495,12111,954670,84,2,0,82,81
2020-07-15,US,Indiana,Marshall,601,12,0,41.32467367,-86.26185087,18099.0,1299.2347269661466,1.9966722129783692,589,574,12,0,562,570,46248,27,0,0,27,4
2020-07-15,US,Indiana,Martin,28,0,0,38.7099921,-86.80373186,18101.0,273.03754266211604,0.0,28,26,0,0,26,26,10217,2,0,0,2,0
2020-07-15,US,Indiana,Miami,200,2,0,40.76940965,-86.04525048,18103.0,563.1264782070052,1.0,198,197,2,0,195,194,35567,3,0,0,3,3
2020-07-15,US,Indiana,Monroe,385,28,0,39.16130004,-86.52414358,18105.0,259.3797791566452,7.272727272727272,357,375,28,0,347,361,146917,10,0,0,10,14
2020-07-15,US,Indiana,Montgomery,299,20,0,40.04034823,-86.89335024,18107.0,779.9050550367781,6.68896321070234,279,297,20,0,277,297,38346,2,0,0,2,0
2020-07-15,US,Indiana,Morgan,347,31,0,39.47899078,-86.44573375,18109.0,492.2753904864589,8.93371757925072,316,344,31,0,313,344,70116,3,0,0,3,0
2020-07-15,US,Indiana,Newton,101,10,0,40.95610449,-87.39635768,18111.0,722.254004576659,9.900990099009901,91,101,10,0,91,101,14011,0,0,0,0,0
2020-07-15,US,Indiana,Noble,530,28,0,41.39672484,-85.41966713,18113.0,1110.0871313672922,5.283018867924528,502,526,28,0,498,524,47532,4,0,0,4,2
2020-07-15,US,Indiana,Ohio,23,0,0,38.955304999999996,-84.96515993,18115.0,391.48936170212767,0.0,23,23,0,0,23,23,5844,0,0,0,0,0
2020-07-15,US,Indiana,Orange,140,23,0,38.54118920000001,-86.49523093,18117.0,712.6132546065356,16.428571428571427,117,140,23,0,117,138,19489,0,0,0,0,2
2020-07-15,US,Indiana,Owen,54,1,0,39.31145587,-86.83900724,18119.0,259.62786672436175,1.851851851851852,53,54,1,0,53,53,20845,0,0,0,0,1
2020-07-15,US,Indiana,Parke,28,0,0,39.77202286,-87.20375833,18121.0,165.3185333884395,0.0,28,28,0,0,28,28,16927,0,0,0,0,0
2020-07-15,US,Indiana,Perry,164,11,0,38.07809328,-86.63741946,18123.0,855.5480202410141,6.7073170731707314,153,160,10,0,150,151,19102,4,1,0,3,9
2020-07-15,US,Indiana,Pike,16,0,0,38.40112197,-87.23574907,18125.0,129.14682379530228,0.0,16,15,0,0,15,12,12410,1,0,0,1,3
2020-07-15,US,Indiana,Porter,873,38,0,41.45986947,-87.06848888,18127.0,512.3570183521236,4.352806414662084,835,867,38,0,829,849,169594,6,0,0,6,18
2020-07-15,US,Indiana,Posey,75,0,0,38.02097333,-87.86480429,18129.0,294.96204821646285,0.0,75,68,0,0,68,64,25540,7,0,0,7,4
2020-07-15,US,Indiana,Pulaski,66,1,0,41.04166107,-86.69890683,18131.0,534.2831700801423,1.5151515151515151,65,66,1,0,65,66,12469,0,0,0,0,0
2020-07-15,US,Indiana,Putnam,179,8,0,39.66437981,-86.84517605,18133.0,476.3678944006813,4.46927374301676,171,175,8,0,167,174,37779,4,0,0,4,1
2020-07-15,US,Indiana,Randolph,81,4,0,40.15734772,-85.01139319,18135.0,328.4005676059193,4.938271604938271,77,81,4,0,77,80,24851,0,0,0,0,1
2020-07-15,US,Indiana,Ripley,137,7,0,39.10235626,-85.26212744,18137.0,483.6887445276091,5.109489051094892,130,135,7,0,128,135,28523,2,0,0,2,0
2020-07-15,US,Indiana,Rush,65,3,0,39.62002287,-85.4655599,18139.0,392.0149568783547,4.615384615384615,62,63,3,0,60,62,16663,2,0,0,2,1
2020-07-15,US,Indiana,Scott,167,9,0,38.68672078,-85.74627859,18143.0,699.5350395844678,5.389221556886229,158,166,9,0,157,165,23878,1,0,0,1,1
2020-07-15,US,Indiana,Shelby,464,25,0,39.52305623,-85.79158570000001,18145.0,1037.3583133984664,5.387931034482759,439,462,25,0,437,460,44593,2,0,0,2,2
2020-07-15,US,Indiana,Spencer,64,1,0,38.01519732,-87.0079644,18147.0,315.62854465650736,1.5625,63,62,1,0,61,59,20327,2,0,0,2,3
2020-07-15,US,Indiana,St. Joseph,2294,70,0,41.61756781,-86.29040834,18141.0,843.922214946326,3.051438535309503,2224,2235,70,0,2165,2211,270771,59,0,0,59,24
2020-07-15,US,Indiana,Starke,118,3,0,41.27890281,-86.64686895,18149.0,513.1550337029789,2.5423728813559316,115,110,3,0,107,109,22935,8,0,0,8,1
2020-07-15,US,Indiana,Steuben,141,3,0,41.64423868,-85.00101094,18151.0,407.58513036942816,2.127659574468085,138,140,3,0,137,140,34586,1,0,0,1,0
2020-07-15,US,Indiana,Sullivan,58,1,0,39.08952258,-87.41414469,18153.0,280.6134791233248,1.7241379310344829,57,54,1,0,53,51,20690,4,0,0,4,3
2020-07-15,US,Indiana,Switzerland,31,0,0,38.82767338,-85.03022429,18155.0,288.34527020742263,0.0,31,32,0,0,32,32,10717,-1,0,0,-1,0
2020-07-15,US,Indiana,Tippecanoe,802,10,0,40.38872739,-86.89413959,18157.0,409.74393558539225,1.2468827930174564,792,795,10,0,785,785,193048,7,0,0,7,10
2020-07-15,US,Indiana,Tipton,35,1,0,40.31123252,-86.05234925,18159.0,231.05360443622916,2.8571428571428568,34,36,1,0,35,33,15128,-1,0,0,-1,3
2020-07-15,US,Indiana,Unassigned,0,193,0,0.0,0.0,90018.0,0.0,0.0,-193,0,193,0,-193,0,,0,0,0,0,0
2020-07-15,US,Indiana,Union,17,0,0,39.62550777,-84.92497066,18161.0,240.9980153104621,0.0,17,15,0,0,15,14,7037,2,0,0,2,1
2020-07-15,US,Indiana,Vanderburgh,905,6,0,38.02658833,-87.58763124,18163.0,498.7572402466782,0.6629834254143646,899,858,6,0,852,801,180974,47,0,0,47,57
2020-07-15,US,Indiana,Vermillion,20,0,0,39.8523352,-87.46160542,18165.0,129.0489095367144,0.0,20,20,0,0,20,20,15479,0,0,0,0,0
2020-07-15,US,Indiana,Vigo,265,8,0,39.42944561,-87.39169027,18167.0,247.57562734729729,3.018867924528302,257,263,8,0,255,261,107386,2,0,0,2,2
2020-07-15,US,Indiana,Wabash,123,3,0,40.84704239,-85.79328272,18169.0,396.8253968253968,2.4390243902439024,120,120,3,0,117,119,31280,3,0,0,3,1
2020-07-15,US,Indiana,Warren,16,1,0,40.34728141,-87.35602659,18171.0,193.58741681790684,6.25,15,16,1,0,15,15,8263,0,0,0,0,1
2020-07-15,US,Indiana,Warrick,285,29,0,38.08922676,-87.2716085,18173.0,452.3953141369568,10.175438596491228,256,279,29,0,250,268,62567,6,0,0,6,11
2020-07-15,US,Indiana,Washington,70,1,0,38.60219804,-86.1049363,18175.0,249.67898416321881,1.4285714285714286,69,68,1,0,67,68,27943,2,0,0,2,0
2020-07-15,US,Indiana,Wayne,167,6,0,39.863344399999995,-85.01044989,18177.0,253.4758059619938,3.5928143712574854,161,165,6,0,159,159,65936,2,0,0,2,6
2020-07-15,US,Indiana,Wells,85,1,0,40.72934187,-85.22132966,18179.0,300.39581566299125,1.1764705882352942,84,84,1,0,83,83,28206,1,0,0,1,1
2020-07-15,US,Indiana,White,283,10,0,40.74911165,-86.86492015,18181.0,1174.1764168948635,3.53356890459364,273,281,10,0,271,278,24133,2,0,0,2,3
2020-07-15,US,Indiana,Whitley,111,6,0,41.13863784,-85.50791236,18183.0,326.8166293722765,5.405405405405406,105,108,6,0,102,108,34074,3,0,0,3,0
2020-07-15,US,Iowa,Adair,17,0,0,41.33075609,-94.47105874,19001.0,237.69574944071587,0.0,17,17,0,0,17,17,7063,0,0,0,0,0
2020-07-15,US,Iowa,Adams,8,0,0,41.02903567,-94.69932645,19003.0,222.0988339811216,0.0,8,8,0,0,8,8,3645,0,0,0,0,0
2020-07-15,US,Iowa,Allamakee,138,4,0,43.28383218,-91.37860922,19005.0,1008.2560093519397,2.898550724637681,134,138,4,0,134,138,13832,0,0,0,0,0
2020-07-15,US,Iowa,Appanoose,30,3,0,40.74324454,-92.86865906,19007.0,241.4292612264606,10.0,27,29,3,0,26,24,12437,1,0,0,1,5
2020-07-15,US,Iowa,Audubon,17,1,0,41.6844628,-94.90581859,19009.0,309.315866084425,5.882352941176472,16,17,1,0,16,18,5506,0,0,0,0,-1
2020-07-15,US,Iowa,Benton,81,1,0,42.08011739,-92.06463573,19011.0,315.8510430883213,1.2345679012345678,80,78,1,0,77,78,25642,3,0,0,3,0
2020-07-15,US,Iowa,Black Hawk,2576,60,0,42.4704581,-92.30524729,19013.0,1962.9957021367388,2.329192546583851,2516,2544,59,0,2485,2534,132408,32,1,0,31,10
2020-07-15,US,Iowa,Boone,174,1,0,42.03657094,-93.9313999,19015.0,663.2614164824274,0.5747126436781609,173,174,1,0,173,175,26346,0,0,0,0,-1
2020-07-15,US,Iowa,Bremer,122,7,0,42.77461496,-92.31795937,19017.0,486.792753970154,5.737704918032787,115,116,7,0,109,116,24947,6,0,0,6,0
2020-07-15,US,Iowa,Buchanan,66,1,0,42.4709188,-91.83510825,19019.0,311.68831168831167,1.5151515151515151,65,66,1,0,65,65,21199,0,0,0,0,1
2020-07-15,US,Iowa,Buena Vista,1741,12,0,42.73545875,-95.15100162,19021.0,8873.598369011213,0.6892590465249856,1729,1737,11,0,1726,1738,19874,4,1,0,3,-1
2020-07-15,US,Iowa,Butler,74,2,0,42.73172833,-92.79015971,19023.0,512.5008657109219,2.702702702702702,72,70,2,0,68,70,14539,4,0,0,4,0
2020-07-15,US,Iowa,Calhoun,66,2,0,42.38521079,-94.64046046,19025.0,682.6644600744725,3.0303030303030303,64,66,2,0,64,65,9699,0,0,0,0,1
2020-07-15,US,Iowa,Carroll,121,1,0,42.03617207,-94.86032705,19027.0,600.0495908752789,0.8264462809917356,120,117,1,0,116,117,20154,4,0,0,4,0
2020-07-15,US,Iowa,Cass,29,0,0,41.33149454,-94.92792482,19029.0,225.9270800872546,0.0,29,29,0,0,29,30,12930,0,0,0,0,-1
2020-07-15,US,Iowa,Cedar,97,1,0,41.77233777,-91.13246684,19031.0,520.7494497235197,1.0309278350515465,96,96,1,0,95,96,18627,1,0,0,1,0
2020-07-15,US,Iowa,Cerro Gordo,356,9,0,43.08177563,-93.2612239,19033.0,838.6336866902237,2.5280898876404496,347,345,1,0,344,329,42647,11,8,0,3,16
2020-07-15,US,Iowa,Cherokee,87,1,0,42.73538914,-95.62389402,19035.0,774.3658210947931,1.1494252873563218,86,85,1,0,84,85,11321,2,0,0,2,0
2020-07-15,US,Iowa,Chickasaw,34,0,0,43.06001295,-92.31773347,19037.0,284.92415989273445,0.0,34,32,0,0,32,31,11964,2,0,0,2,1
2020-07-15,US,Iowa,Clarke,146,3,0,41.02868181,-93.78499767,19039.0,1554.01809473124,2.054794520547945,143,145,3,0,142,145,9423,1,0,0,1,0
2020-07-15,US,Iowa,Clay,152,1,0,43.08247182,-95.15096481,19041.0,949.0509490509488,0.6578947368421053,151,151,1,0,150,151,16134,1,0,0,1,0
2020-07-15,US,Iowa,Clayton,51,3,0,42.84443388,-91.34133693,19043.0,290.61484984899425,5.882352941176472,48,51,3,0,48,50,17556,0,0,0,0,1
2020-07-15,US,Iowa,Clinton,147,1,0,41.89981633,-90.53275096,19045.0,316.61246203881194,0.6802721088435374,146,144,1,0,143,139,46518,3,0,0,3,5
2020-07-15,US,Iowa,Crawford,682,3,0,42.03718237,-95.3819718,19047.0,4054.6967895362654,0.4398826979472141,679,680,3,0,677,681,17158,2,0,0,2,-1
2020-07-15,US,Iowa,Dallas,1451,33,0,41.68560356,-94.04127625,19049.0,1552.6521352979569,2.274293590627153,1418,1428,31,0,1397,1415,90180,23,2,0,21,13
2020-07-15,US,Iowa,Davis,43,1,0,40.74773536,-92.41005468,19051.0,477.77777777777777,2.3255813953488373,42,43,1,0,42,43,9017,0,0,0,0,0
2020-07-15,US,Iowa,Decatur,14,0,0,40.73742757,-93.78645949,19053.0,177.89072426937742,0.0,14,13,0,0,13,13,7890,1,0,0,1,0
2020-07-15,US,Iowa,Delaware,57,1,0,42.47104597,-91.3664492,19055.0,335.07730292163893,1.7543859649122806,56,57,1,0,56,58,17069,0,0,0,0,-1
2020-07-15,US,Iowa,Des Moines,105,2,0,40.92012606,-91.18326592,19057.0,269.4587728077604,1.9047619047619049,103,103,2,0,101,102,39138,2,0,0,2,1
2020-07-15,US,Iowa,Dickinson,312,3,0,43.37787725,-95.1510206,19059.0,1807.8572256344885,0.9615384615384616,309,309,3,0,306,307,17153,3,0,0,3,2
2020-07-15,US,Iowa,Dubuque,1054,23,0,42.46815349,-90.88181925,19061.0,1083.1252376401435,2.1821631878557874,1031,1016,23,0,993,1000,96854,38,0,0,38,16
2020-07-15,US,Iowa,Emmet,99,0,0,43.37782951,-94.67858943,19063.0,1075.1520417028669,0.0,99,99,0,0,99,97,9253,0,0,0,0,2
2020-07-15,US,Iowa,Fayette,62,0,0,42.86271799,-91.8441231,19065.0,315.52162849872775,0.0,62,61,0,0,61,59,19660,1,0,0,1,2
2020-07-15,US,Iowa,Floyd,83,2,0,43.06000529999999,-92.78940097,19067.0,530.6226825214167,2.409638554216868,81,84,2,0,82,82,15761,-1,0,0,-1,2
2020-07-15,US,Iowa,Franklin,117,0,0,42.73270384,-93.26256925,19069.0,1161.8669314796425,0.0,117,117,0,0,117,113,10124,0,0,0,0,4
2020-07-15,US,Iowa,Fremont,11,0,0,40.74542720000001,-95.60129045,19071.0,158.04597701149424,0.0,11,11,0,0,11,11,6993,0,0,0,0,0
2020-07-15,US,Iowa,Greene,31,0,0,42.03614551,-94.39658081,19073.0,348.7848784878488,0.0,31,31,0,0,31,31,8981,0,0,0,0,0
2020-07-15,US,Iowa,Grundy,50,0,0,42.40183723,-92.78829551,19075.0,408.7638979725312,0.0,50,48,0,0,48,47,12304,2,0,0,2,1
2020-07-15,US,Iowa,Guthrie,84,4,0,41.68378965,-94.50111014,19077.0,785.8546168958742,4.761904761904762,80,82,4,0,78,81,10720,2,0,0,2,1
2020-07-15,US,Iowa,Hamilton,207,1,0,42.38382428,-93.70197703,19079.0,1401.2049008326,0.4830917874396135,206,207,1,0,206,204,14952,0,0,0,0,3
2020-07-15,US,Iowa,Hancock,67,2,0,43.08178477,-93.73454884,19081.0,630.2916274694263,2.985074626865672,65,63,1,0,62,62,10712,4,1,0,3,1
2020-07-15,US,Iowa,Hardin,95,0,0,42.38353877,-93.23654611,19083.0,563.9320907040247,0.0,95,92,0,0,92,92,16868,3,0,0,3,0
2020-07-15,US,Iowa,Harrison,64,0,0,41.68330137,-95.81558439,19085.0,455.5484376112179,0.0,64,63,0,0,63,62,14134,1,0,0,1,1
2020-07-15,US,Iowa,Henry,94,3,0,40.98767962,-91.54436349,19087.0,471.0834920316729,3.191489361702128,91,93,3,0,90,93,20067,1,0,0,1,0
2020-07-15,US,Iowa,Howard,37,0,0,43.35671042,-92.31702714,19089.0,404.01834461672854,0.0,37,37,0,0,37,37,9187,0,0,0,0,0
2020-07-15,US,Iowa,Humboldt,62,1,0,42.7764426,-94.20722537,19091.0,648.6712701401967,1.6129032258064515,61,61,1,0,60,60,9547,1,0,0,1,1
2020-07-15,US,Iowa,Ida,24,0,0,42.38696136,-95.51355387,19093.0,349.8542274052478,0.0,24,24,0,0,24,23,6841,0,0,0,0,1
2020-07-15,US,Iowa,Iowa,63,1,0,41.68630265,-92.0643373,19095.0,389.2733564013842,1.5873015873015872,62,63,1,0,62,63,16141,0,0,0,0,0
2020-07-15,US,Iowa,Jackson,74,0,0,42.17178824,-90.57354837,19097.0,380.67801841658513,0.0,74,72,0,0,72,67,19432,2,0,0,2,5
2020-07-15,US,Iowa,Jasper,375,17,0,41.68576082,-93.05567785,19099.0,1008.471157724889,4.533333333333333,358,359,17,0,342,357,37147,16,0,0,16,2
2020-07-15,US,Iowa,Jefferson,64,0,0,41.03192394,-91.94849466,19101.0,349.8223558349276,0.0,64,63,0,0,63,63,18381,1,0,0,1,0
2020-07-15,US,Iowa,Johnson,1543,8,0,41.67169354,-91.58754744,19103.0,1020.9077676326584,0.5184705119896306,1535,1493,8,0,1485,1487,151260,50,0,0,50,6
2020-07-15,US,Iowa,Jones,80,1,0,42.12118609,-91.13139641,19105.0,386.82848991828246,1.25,79,74,1,0,73,74,20744,6,0,0,6,0
2020-07-15,US,Iowa,Keokuk,23,1,0,41.33649833,-92.1785067,19107.0,224.47784501268788,4.3478260869565215,22,23,1,0,22,24,10225,0,0,0,0,-1
2020-07-15,US,Iowa,Kossuth,58,0,0,43.20405458,-94.20691791,19109.0,391.5479646256667,0.0,58,43,0,0,43,43,14908,15,0,0,15,0
2020-07-15,US,Iowa,Lee,54,2,0,40.64181461,-91.48183025,19111.0,160.44210713967374,3.703703703703704,52,54,2,0,52,54,34055,0,0,0,0,0
2020-07-15,US,Iowa,Linn,1456,84,0,42.07923082,-91.59809485,19113.0,642.2414933879121,5.769230769230768,1372,1416,84,0,1332,1410,225909,40,0,0,40,6
2020-07-15,US,Iowa,Louisa,368,13,0,41.21842119,-91.26102611,19115.0,3334.8436792025373,3.532608695652174,355,367,13,0,354,367,11169,1,0,0,1,0
2020-07-15,US,Iowa,Lucas,35,4,0,41.02958964,-93.32780803,19117.0,406.9767441860465,11.428571428571427,31,35,4,0,31,35,8645,0,0,0,0,0
2020-07-15,US,Iowa,Lyon,65,0,0,43.38107862,-96.20926845,19119.0,552.9561888558061,0.0,65,63,0,0,63,61,11811,2,0,0,2,2
2020-07-15,US,Iowa,Madison,61,2,0,41.33081904,-94.01554631,19121.0,373.3627126943322,3.278688524590164,59,57,2,0,55,56,16249,4,0,0,4,1
2020-07-15,US,Iowa,Mahaska,124,17,0,41.33521503,-92.64083907,19123.0,561.2129441050013,13.709677419354836,107,120,17,0,103,119,22000,4,0,0,4,1
2020-07-15,US,Iowa,Marion,87,0,0,41.33445101,-93.09934783,19125.0,261.63052957627883,0.0,87,85,0,0,85,84,33407,2,0,0,2,1
2020-07-15,US,Iowa,Marshall,1125,19,0,42.03586837,-92.9990819,19127.0,2857.5782976453556,1.6888888888888889,1106,1105,19,0,1086,1100,39981,20,0,0,20,5
2020-07-15,US,Iowa,Mills,54,0,0,41.03299766,-95.61920963,19129.0,357.4028724601232,0.0,54,52,0,0,52,53,15063,2,0,0,2,-1
2020-07-15,US,Iowa,Mitchell,51,0,0,43.35638371,-92.78887719,19131.0,481.7683733232572,0.0,51,48,0,0,48,47,10569,3,0,0,3,1
2020-07-15,US,Iowa,Monona,78,0,0,42.05220391,-95.95743843,19133.0,905.3975623911784,0.0,78,78,0,0,78,78,8679,0,0,0,0,0
2020-07-15,US,Iowa,Monroe,54,7,0,41.02988815,-92.8690667,19135.0,700.6617360840794,12.962962962962965,47,54,7,0,47,52,7790,0,0,0,0,2
2020-07-15,US,Iowa,Montgomery,17,2,0,41.03018714,-95.15642896,19137.0,171.42280931733387,11.764705882352944,15,15,2,0,13,15,10003,2,0,0,2,0
2020-07-15,US,Iowa,Muscatine,709,45,0,41.48370744,-91.1121697,19139.0,1661.8226139133694,6.3469675599435815,664,697,45,0,652,695,42929,12,0,0,12,2
2020-07-15,US,Iowa,O'Brien,99,1,0,43.08310673,-95.62474482,19141.0,719.8429433578128,1.0101010101010102,98,97,1,0,96,97,13840,2,0,0,2,0
2020-07-15,US,Iowa,Osceola,70,0,0,43.37824276,-95.62422844,19143.0,1174.8909029875795,0.0,70,70,0,0,70,69,6040,0,0,0,0,1
2020-07-15,US,Iowa,Page,22,0,0,40.7393172,-95.1497813,19145.0,145.62785463692327,0.0,22,22,0,0,22,22,15249,0,0,0,0,0
2020-07-15,US,Iowa,Palo Alto,55,0,0,43.08193849,-94.67824621,19147.0,618.9511591267162,0.0,55,53,0,0,53,53,8929,2,0,0,2,0
2020-07-15,US,Iowa,Plymouth,364,5,0,42.737633,-96.21366621,19149.0,1445.7639909441157,1.3736263736263736,359,354,5,0,349,353,25095,10,0,0,10,1
2020-07-15,US,Iowa,Pocahontas,109,1,0,42.73420133,-94.67862564,19151.0,1646.774437226167,0.9174311926605504,108,109,1,0,108,109,6740,0,0,0,0,0
2020-07-15,US,Iowa,Polk,7803,188,0,41.68679484,-93.57767461,19153.0,1591.9259182187077,2.409329744969883,7615,7663,185,0,7478,7611,487204,140,3,0,137,52
2020-07-15,US,Iowa,Pottawattamie,859,13,0,41.33640314,-95.53907776,19155.0,921.6144883376606,1.5133876600698486,846,842,13,0,829,841,93533,17,0,0,17,1
2020-07-15,US,Iowa,Poweshiek,114,8,0,41.68625425,-92.53155731,19157.0,616.0830090791179,7.0175438596491215,106,111,8,0,103,112,18699,3,0,0,3,-1
2020-07-15,US,Iowa,Ringgold,16,1,0,40.73518949,-94.24368535,19159.0,326.9309358398038,6.25,15,16,1,0,15,16,4968,0,0,0,0,0
2020-07-15,US,Iowa,Sac,69,0,0,42.38624071,-95.10547892,19161.0,709.8035181565683,0.0,69,69,0,0,69,68,9719,0,0,0,0,1
2020-07-15,US,Iowa,Scott,1174,10,0,41.63935978,-90.61959493,19163.0,678.8363796164055,0.8517887563884157,1164,1122,10,0,1112,1098,173283,52,0,0,52,24
2020-07-15,US,Iowa,Shelby,124,0,0,41.6850066,-95.31015553,19165.0,1082.5912345032302,0.0,124,121,0,0,121,119,11578,3,0,0,3,2
2020-07-15,US,Iowa,Sioux,519,0,0,43.08221074,-96.1767568,19167.0,1489.0259647109451,0.0,519,515,0,0,515,505,34909,4,0,0,4,10
2020-07-15,US,Iowa,Story,897,8,0,42.03621213,-93.46499005,19169.0,923.628201035864,0.8918617614269788,889,880,8,0,872,877,98105,17,0,0,17,3
2020-07-15,US,Iowa,Tama,493,29,0,42.07991767,-92.53266945,19171.0,2925.1216328468017,5.882352941176472,464,490,29,0,461,488,16904,3,0,0,3,2
2020-07-15,US,Iowa,Taylor,81,0,0,40.73710579,-94.69778563,19173.0,1323.313184120242,0.0,81,81,0,0,81,81,6191,0,0,0,0,0
2020-07-15,US,Iowa,Unassigned,39,0,0,0.0,0.0,90019.0,0.0,0.0,39,31,0,0,31,35,,8,0,0,8,-4
2020-07-15,US,Iowa,Union,50,1,0,41.0277278,-94.24234847,19175.0,408.46336083653296,2.0,49,42,0,0,42,43,12359,8,1,0,7,-1
2020-07-15,US,Iowa,Van Buren,21,1,0,40.75326764,-91.95017958,19177.0,298.12606473594553,4.761904761904762,20,21,1,0,20,21,7020,0,0,0,0,0
2020-07-15,US,Iowa,Wapello,717,31,0,41.03064984,-92.40954728,19179.0,2050.3874860590813,4.3235704323570445,686,715,31,0,684,716,35205,2,0,0,2,-1
2020-07-15,US,Iowa,Warren,348,1,0,41.33559454,-93.56007641,19181.0,676.174561846656,0.28735632183908044,347,337,1,0,336,337,51056,11,0,0,11,0
2020-07-15,US,Iowa,Washington,255,9,0,41.33577126,-91.71725711,19183.0,1160.93785567949,3.5294117647058822,246,254,9,0,245,255,22141,1,0,0,1,-1
2020-07-15,US,Iowa,Wayne,11,1,0,40.73969028,-93.32752197,19185.0,170.78093463747862,9.090909090909092,10,11,0,0,11,11,6401,0,1,0,-1,0
2020-07-15,US,Iowa,Webster,448,5,0,42.42853483,-94.17987389,19187.0,1247.77183600713,1.1160714285714286,443,439,5,0,434,429,36277,9,0,0,9,10
2020-07-15,US,Iowa,Winnebago,49,0,0,43.37751174,-93.73407298,19189.0,473.2470542785397,0.0,49,46,0,0,46,44,10518,3,0,0,3,2
2020-07-15,US,Iowa,Winneshiek,53,2,0,43.29094334,-91.84422722,19191.0,265.119303686659,3.7735849056603774,51,52,1,0,51,50,20029,1,1,0,0,2
2020-07-15,US,Iowa,Woodbury,3386,45,0,42.38979414,-96.0459439,19193.0,3283.9671409312655,1.3290017720023626,3341,3360,44,0,3316,3349,102539,26,1,0,25,11
2020-07-15,US,Iowa,Worth,30,0,0,43.37750768,-93.26087602,19195.0,406.4489906516732,0.0,30,28,0,0,28,27,7453,2,0,0,2,1
2020-07-15,US,Iowa,Wright,408,1,0,42.73305373,-93.73515113,19197.0,3247.890463302022,0.24509803921568624,407,402,1,0,401,399,12690,6,0,0,6,3
2020-07-15,US,Kansas,Allen,10,0,0,37.88582951,-95.30030847,20001.0,80.84727948904519,0.0,10,10,0,0,10,8,12444,0,0,0,0,2
2020-07-15,US,Kansas,Anderson,18,0,0,38.21413251,-95.29272815,20003.0,229.06592008144563,0.0,18,15,0,0,15,15,7878,3,0,0,3,0
2020-07-15,US,Kansas,Atchison,45,0,0,39.53185661,-95.30870026,20005.0,279.9726248988988,0.0,45,44,0,0,44,44,16193,1,0,0,1,0
2020-07-15,US,Kansas,Barber,3,0,0,37.2288586,-98.68460053,20007.0,67.7659814772984,0.0,3,3,0,0,3,3,4472,0,0,0,0,0
2020-07-15,US,Kansas,Barton,66,2,0,38.47889676,-98.75636726,20009.0,256.0223437681834,3.0303030303030303,64,63,2,0,61,63,26111,3,0,0,3,0
2020-07-15,US,Kansas,Bourbon,56,1,0,37.85508555,-94.84865997,20011.0,385.3034264483281,1.7857142857142858,55,56,1,0,55,54,14653,0,0,0,0,2
2020-07-15,US,Kansas,Brown,23,0,0,39.82652589,-95.56421698,20013.0,240.48515265579255,0.0,23,23,0,0,23,23,9598,0,0,0,0,0
2020-07-15,US,Kansas,Butler,108,0,0,37.78134351,-96.83878537,20015.0,161.40843807445708,0.0,108,102,0,0,102,97,66765,6,0,0,6,5
2020-07-15,US,Kansas,Chase,6,0,0,38.30292938,-96.59563862,20017.0,226.5861027190332,0.0,6,6,0,0,6,6,2629,0,0,0,0,0
2020-07-15,US,Kansas,Chautauqua,5,0,0,37.14994405,-96.2454192,20019.0,153.84615384615384,0.0,5,5,0,0,5,5,3309,0,0,0,0,0
2020-07-15,US,Kansas,Cherokee,59,1,0,37.16928494,-94.8462897,20021.0,295.90250263303074,1.6949152542372878,58,56,1,0,55,56,20015,3,0,0,3,0
2020-07-15,US,Kansas,Cheyenne,2,0,0,39.78580976,-101.7318201,20023.0,75.27286413248024,0.0,2,2,0,0,2,2,2660,0,0,0,0,0
2020-07-15,US,Kansas,Clark,34,1,0,37.23577007,-99.81883015,20025.0,1705.1153460381142,2.9411764705882355,33,34,1,0,33,34,2005,0,0,0,0,0
2020-07-15,US,Kansas,Clay,14,2,0,39.34948772,-97.16518128,20027.0,174.9562609347663,14.285714285714285,12,13,2,0,11,13,7997,1,0,0,1,0
2020-07-15,US,Kansas,Cloud,26,0,0,39.48028352,-97.64925343,20029.0,295.92533576143865,0.0,26,26,0,0,26,26,8729,0,0,0,0,0
2020-07-15,US,Kansas,Coffey,59,8,0,38.2365018,-95.73379515,20031.0,721.3595794106859,13.559322033898303,51,56,8,0,48,55,8233,3,0,0,3,1
2020-07-15,US,Kansas,Comanche,3,0,0,37.19114520000001,-99.27113247,20033.0,176.47058823529412,0.0,3,3,0,0,3,3,1748,0,0,0,0,0
2020-07-15,US,Kansas,Cowley,90,1,0,37.23781842,-96.83776647,20035.0,257.82055689240286,1.1111111111111112,89,88,1,0,87,88,35218,2,0,0,2,0
2020-07-15,US,Kansas,Crawford,322,1,0,37.50675523,-94.85245778,20037.0,829.5120820238034,0.3105590062111801,321,313,1,0,312,313,39019,9,0,0,9,0
2020-07-15,US,Kansas,Decatur,3,0,0,39.78468441,-100.45940809999999,20039.0,106.11956137247968,0.0,3,2,0,0,2,2,2871,1,0,0,1,0
2020-07-15,US,Kansas,Dickinson,23,1,0,38.86600962,-97.15532383,20041.0,124.55323296869922,4.3478260869565215,22,23,1,0,22,23,18717,0,0,0,0,0
2020-07-15,US,Kansas,Doniphan,26,0,0,39.79067154,-95.14056866,20043.0,342.10526315789474,0.0,26,26,0,0,26,26,7682,0,0,0,0,0
2020-07-15,US,Kansas,Douglas,487,0,0,38.88503636,-95.2925121,20045.0,398.3346829272282,0.0,487,461,0,0,461,448,121436,26,0,0,26,13
2020-07-15,US,Kansas,Edwards,8,0,0,37.88735543,-99.31263309,20047.0,285.91851322373117,0.0,8,8,0,0,8,8,2849,0,0,0,0,0
2020-07-15,US,Kansas,Elk,1,0,0,37.45338105,-96.24369667,20049.0,39.52569169960474,0.0,1,1,0,0,1,1,2508,0,0,0,0,0
2020-07-15,US,Kansas,Ellis,65,0,0,38.91458712,-99.31751551,20051.0,227.64683220677338,0.0,65,55,0,0,55,55,28710,10,0,0,10,0
2020-07-15,US,Kansas,Ellsworth,14,0,0,38.69677695,-98.20462799,20053.0,229.43297279580463,0.0,14,14,0,0,14,13,6196,0,0,0,0,1
2020-07-15,US,Kansas,Finney,1613,10,0,38.04340344,-100.73819379999999,20055.0,4423.177119039131,0.6199628022318661,1603,1605,10,0,1595,1605,36611,8,0,0,8,0
2020-07-15,US,Kansas,Ford,1977,8,0,37.69200114,-99.88825298,20057.0,5880.60323031619,0.4046535154274153,1969,1976,8,0,1968,1976,33888,1,0,0,1,0
2020-07-15,US,Kansas,Franklin,102,1,0,38.56443815,-95.28644341,20059.0,399.3109927967429,0.9803921568627452,101,94,1,0,93,94,25631,8,0,0,8,0
2020-07-15,US,Kansas,Geary,86,1,0,38.99871131,-96.7577178,20061.0,271.5503631196716,1.162790697674419,85,86,1,0,85,86,32594,0,0,0,0,0
2020-07-15,US,Kansas,Gove,2,0,0,38.91588178,-100.4829321,20063.0,75.87253414264036,0.0,2,2,0,0,2,2,2612,0,0,0,0,0
2020-07-15,US,Kansas,Graham,8,0,0,39.34987223,-99.88332493,20065.0,322.32070910556,0.0,8,7,0,0,7,7,2492,1,0,0,1,0
2020-07-15,US,Kansas,Grant,66,2,0,37.56227336,-101.3079758,20067.0,923.0769230769232,3.0303030303030303,64,66,2,0,64,66,7336,0,0,0,0,0
2020-07-15,US,Kansas,Gray,41,0,0,37.73836671,-100.4369088,20069.0,684.7027388109552,0.0,41,41,0,0,41,41,6033,0,0,0,0,0
2020-07-15,US,Kansas,Greeley,3,0,0,38.4808095,-101.8061079,20071.0,243.50649350649346,0.0,3,1,0,0,1,1,1227,2,0,0,2,0
2020-07-15,US,Kansas,Greenwood,11,0,0,37.8774388,-96.23250453,20073.0,183.884988298228,0.0,11,11,0,0,11,11,6055,0,0,0,0,0
2020-07-15,US,Kansas,Hamilton,35,0,0,37.99978709,-101.7921066,20075.0,1378.4954706577396,0.0,35,33,0,0,33,33,2607,2,0,0,2,0
2020-07-15,US,Kansas,Harper,2,0,0,37.19175361,-98.07578384,20077.0,36.79175864606328,0.0,2,2,0,0,2,2,5506,0,0,0,0,0
2020-07-15,US,Kansas,Harvey,97,1,0,38.04293782,-97.42747573,20079.0,281.73923146184904,1.0309278350515465,96,91,1,0,90,88,34210,6,0,0,6,3
2020-07-15,US,Kansas,Haskell,33,0,0,37.562039399999996,-100.8710738,20081.0,831.6532258064516,0.0,33,33,0,0,33,33,3997,0,0,0,0,0
2020-07-15,US,Kansas,Hodgeman,10,0,0,38.08780079,-99.89829881,20083.0,557.4136008918617,0.0,10,10,0,0,10,10,1818,0,0,0,0,0
2020-07-15,US,Kansas,Jackson,124,1,0,39.41673394,-95.79356799,20085.0,941.4623035456683,0.8064516129032258,123,124,1,0,123,123,13280,0,0,0,0,1
2020-07-15,US,Kansas,Jefferson,38,0,0,39.2347941,-95.38289232,20087.0,199.54839048469253,0.0,38,37,0,0,37,36,18975,1,0,0,1,1
2020-07-15,US,Kansas,Jewell,4,0,0,39.78470589,-98.21820662,20089.0,138.9371309482459,0.0,4,4,0,0,4,4,2841,0,0,0,0,0
2020-07-15,US,Kansas,Johnson,3286,94,0,38.88548175,-94.82250877,20091.0,545.4838222380108,2.8606208155812536,3192,3158,93,0,3065,3081,597555,128,1,0,127,77
2020-07-15,US,Kansas,Kearny,50,1,0,38.00017981,-101.32168100000001,20093.0,1302.7618551328815,2.0,49,48,1,0,47,48,3943,2,0,0,2,0
2020-07-15,US,Kansas,Kingman,5,0,0,37.55909527,-98.13638678,20095.0,69.91051454138703,0.0,5,5,0,0,5,4,7310,0,0,0,0,1
2020-07-15,US,Kansas,Kiowa,3,0,0,37.55848695,-99.2856537,20097.0,121.21212121212122,0.0,3,3,0,0,3,3,2516,0,0,0,0,0
2020-07-15,US,Kansas,Labette,81,0,0,37.19113093,-95.29849679,20099.0,412.8861249872566,0.0,81,81,0,0,81,75,19964,0,0,0,0,6
2020-07-15,US,Kansas,Lane,5,0,0,38.48119447,-100.46607540000001,20101.0,325.73289902280135,0.0,5,5,0,0,5,5,1560,0,0,0,0,0
2020-07-15,US,Kansas,Leavenworth,1240,7,0,39.20183497,-95.03620809,20103.0,1516.6711514469532,0.5645161290322581,1233,1227,7,0,1220,1227,81352,13,0,0,13,0
2020-07-15,US,Kansas,Lincoln,4,0,0,39.04549684,-98.20756994,20105.0,135.0438892640108,0.0,4,4,0,0,4,4,3023,0,0,0,0,0
2020-07-15,US,Kansas,Linn,18,0,0,38.21267844,-94.84254089,20107.0,185.50963619499126,0.0,18,17,0,0,17,17,9750,1,0,0,1,0
2020-07-15,US,Kansas,Logan,2,0,0,38.91735806,-101.148475,20109.0,71.58196134574086,0.0,2,2,0,0,2,2,2844,0,0,0,0,0
2020-07-15,US,Kansas,Lyon,536,7,0,38.45576156,-96.15275715,20111.0,1614.7010091881311,1.3059701492537314,529,532,7,0,525,532,33406,4,0,0,4,0
2020-07-15,US,Kansas,Marion,22,1,0,38.35855394,-97.09852509999999,20115.0,185.1228542578256,4.545454545454546,21,20,1,0,19,20,11950,2,0,0,2,0
2020-07-15,US,Kansas,Marshall,7,0,0,39.78359669,-96.52278974,20117.0,72.11290821056969,0.0,7,6,0,0,6,6,9722,1,0,0,1,0
2020-07-15,US,Kansas,McPherson,91,0,0,38.39184858,-97.64769869,20113.0,318.8283932450424,0.0,91,90,0,0,90,89,28537,1,0,0,1,1
2020-07-15,US,Kansas,Meade,30,0,0,37.23859987,-100.36483100000001,20119.0,743.86312918423,0.0,30,30,0,0,30,30,4146,0,0,0,0,0
2020-07-15,US,Kansas,Miami,67,0,0,38.56383358,-94.83832189,20121.0,195.69471624266143,0.0,67,57,0,0,57,57,33680,10,0,0,10,0
2020-07-15,US,Kansas,Mitchell,16,0,0,39.39331582,-98.20906732,20123.0,267.6032781401572,0.0,16,16,0,0,16,13,6150,0,0,0,0,3
2020-07-15,US,Kansas,Montgomery,73,3,0,37.19236568,-95.74329258,20125.0,229.35059222721418,4.109589041095891,70,70,3,0,67,70,32120,3,0,0,3,0
2020-07-15,US,Kansas,Morris,5,0,0,38.68827511,-96.65128437,20127.0,88.96797153024912,0.0,5,5,0,0,5,5,5521,0,0,0,0,0
2020-07-15,US,Kansas,Morton,7,2,0,37.19141121,-101.79925190000002,20129.0,270.5836876691148,28.57142857142857,5,7,2,0,5,7,2667,0,0,0,0,0
2020-07-15,US,Kansas,Nemaha,34,0,0,39.78345387,-96.01392079,20131.0,332.32333105268305,0.0,34,33,0,0,33,32,10155,1,0,0,1,1
2020-07-15,US,Kansas,Neosho,45,0,0,37.55862897,-95.30670046,20133.0,281.1270069344662,0.0,45,41,0,0,41,41,15951,4,0,0,4,0
2020-07-15,US,Kansas,Ness,5,0,0,38.47974157,-99.91547333,20135.0,181.8181818181818,0.0,5,4,0,0,4,4,2840,1,0,0,1,0
2020-07-15,US,Kansas,Norton,22,0,0,39.78443827,-99.90286639,20137.0,410.37119940309645,0.0,22,21,0,0,21,21,5430,1,0,0,1,0
2020-07-15,US,Kansas,Osage,30,0,0,38.65235984,-95.72707998,20139.0,188.09956737099503,0.0,30,29,0,0,29,29,15941,1,0,0,1,0
2020-07-15,US,Kansas,Osborne,3,0,0,39.3503437,-98.76753828,20141.0,87.69365682548961,0.0,3,3,0,0,3,3,3475,0,0,0,0,0
2020-07-15,US,Kansas,Ottawa,20,0,0,39.13237408,-97.65020313,20143.0,350.6311360448808,0.0,20,20,0,0,20,20,5802,0,0,0,0,0
2020-07-15,US,Kansas,Pawnee,7,0,0,38.18108732,-99.23692334,20145.0,109.13626442157779,0.0,7,4,0,0,4,4,6562,3,0,0,3,0
2020-07-15,US,Kansas,Phillips,38,4,0,39.78465501,-99.34668865,20147.0,726.0221627818112,10.526315789473683,34,36,4,0,32,36,5317,2,0,0,2,0
2020-07-15,US,Kansas,Pottawatomie,90,0,0,39.37925655,-96.34564657,20149.0,369.109625558791,0.0,90,86,0,0,86,86,24277,4,0,0,4,0
2020-07-15,US,Kansas,Pratt,22,0,0,37.64780729,-98.73922153,20151.0,240.06983849847228,0.0,22,16,0,0,16,16,9378,6,0,0,6,0
2020-07-15,US,Kansas,Reno,143,0,0,37.95230263,-98.08607292,20155.0,230.65260169682887,0.0,143,128,0,0,128,128,62342,15,0,0,15,0
2020-07-15,US,Kansas,Republic,21,0,0,39.82799632,-97.65036709,20157.0,452.97670405522,0.0,21,21,0,0,21,21,4664,0,0,0,0,0
2020-07-15,US,Kansas,Rice,10,0,0,38.34616184,-98.19992118,20159.0,104.85477613505293,0.0,10,10,0,0,10,10,9531,0,0,0,0,0
2020-07-15,US,Kansas,Riley,371,3,0,39.28935726,-96.73420026,20161.0,499.7844595322772,0.8086253369272237,368,364,3,0,361,355,73703,7,0,0,7,9
2020-07-15,US,Kansas,Rooks,9,0,0,39.35022773,-99.32484567,20163.0,182.9268292682927,0.0,9,9,0,0,9,9,5013,0,0,0,0,0
2020-07-15,US,Kansas,Rush,4,0,0,38.52275276,-99.30863983,20165.0,131.75230566534916,0.0,4,4,0,0,4,4,3093,0,0,0,0,0
2020-07-15,US,Kansas,Russell,2,0,0,38.91462787,-98.76254297,20167.0,29.171528588098017,0.0,2,2,0,0,2,2,6907,0,0,0,0,0
2020-07-15,US,Kansas,Saline,250,3,0,38.78369175,-97.65185177,20169.0,461.0504573620537,1.2,247,236,3,0,233,236,54401,14,0,0,14,0
2020-07-15,US,Kansas,Scott,19,0,0,38.48222076,-100.90665390000001,20171.0,393.94567696454493,0.0,19,19,0,0,19,19,4897,0,0,0,0,0
2020-07-15,US,Kansas,Sedgwick,2293,32,0,37.6842718,-97.4608198,20173.0,444.34367745261045,1.3955516790231135,2261,2219,28,0,2191,2156,513607,74,4,0,70,63
2020-07-15,US,Kansas,Seward,1105,2,0,37.19324632,-100.85072009999999,20175.0,5156.804181444839,0.18099547511312214,1103,1097,2,0,1095,1082,21780,8,0,0,8,15
2020-07-15,US,Kansas,Shawnee,1082,13,0,39.04100763,-95.75572640000001,20177.0,611.7314487632509,1.2014787430683922,1069,1066,13,0,1053,1035,177499,16,0,0,16,31
2020-07-15,US,Kansas,Sheridan,7,0,0,39.35018161,-100.44182590000001,20179.0,277.66759222530743,0.0,7,6,0,0,6,6,2533,1,0,0,1,0
2020-07-15,US,Kansas,Sherman,9,0,0,39.35147699,-101.71976240000001,20181.0,152.1041068108839,0.0,9,9,0,0,9,9,5899,0,0,0,0,0
2020-07-15,US,Kansas,Smith,3,0,0,39.78516566,-98.78566062,20183.0,83.72871895060004,0.0,3,3,0,0,3,3,3603,0,0,0,0,0
2020-07-15,US,Kansas,Stafford,2,0,0,38.03100851,-98.71762001,20185.0,48.12319538017324,0.0,2,2,0,0,2,2,4178,0,0,0,0,0
2020-07-15,US,Kansas,Stanton,12,0,0,37.56304714,-101.78435340000001,20187.0,598.2053838484546,0.0,12,12,0,0,12,12,1987,0,0,0,0,0
2020-07-15,US,Kansas,Stevens,38,0,0,37.1923008,-101.3118967,20189.0,692.7985414767547,0.0,38,36,0,0,36,36,5559,2,0,0,2,0
2020-07-15,US,Kansas,Sumner,49,1,0,37.23682549,-97.47721621,20191.0,214.57348046943423,2.0408163265306123,48,48,1,0,47,48,22996,1,0,0,1,0
2020-07-15,US,Kansas,Thomas,19,0,0,39.35107575,-101.0553705,20193.0,244.31014530024441,0.0,19,18,0,0,18,18,7711,1,0,0,1,0
2020-07-15,US,Kansas,Trego,5,0,0,38.91467218,-99.87284448,20195.0,178.38030681412772,0.0,5,5,0,0,5,5,2793,0,0,0,0,0
2020-07-15,US,Kansas,Unassigned,0,1,0,0.0,0.0,90020.0,0.0,0.0,-1,0,1,0,-1,0,,0,0,0,0,0
2020-07-15,US,Kansas,Wabaunsee,38,0,0,38.95471985,-96.20350509,20197.0,548.2614341364882,0.0,38,37,0,0,37,37,6899,1,0,0,1,0
2020-07-15,US,Kansas,Washington,1,0,0,39.78420784,-97.08753229999999,20201.0,18.49796522382538,0.0,1,1,0,0,1,1,5420,0,0,0,0,0
2020-07-15,US,Kansas,Wilson,4,0,0,37.55937174,-95.74323255,20205.0,46.920821114369495,0.0,4,4,0,0,4,4,8665,0,0,0,0,0
2020-07-15,US,Kansas,Woodson,10,0,0,37.8865336,-95.74006277,20207.0,318.6743148502232,0.0,10,10,0,0,10,10,3183,0,0,0,0,0
2020-07-15,US,Kansas,Wyandotte,3151,88,0,39.11727348,-94.76378225,20209.0,1904.7446336494809,2.792764201840685,3063,3114,88,0,3026,3108,165324,37,0,0,37,6
2020-07-15,US,Kentucky,Adair,151,19,0,37.10459774,-85.28129668,21001.0,786.376419123008,12.582781456953642,132,149,19,0,130,142,19215,2,0,0,2,7
2020-07-15,US,Kentucky,Allen,195,7,0,36.75197631,-86.19457544,21003.0,914.8486980999296,3.58974358974359,188,193,7,0,186,191,21122,2,0,0,2,2
2020-07-15,US,Kentucky,Anderson,34,1,0,38.00671029,-84.99171713,21005.0,149.47025981448104,2.9411764705882355,33,34,1,0,33,31,22663,0,0,0,0,3
2020-07-15,US,Kentucky,Ballard,22,0,0,37.05842757,-88.99427697,21007.0,278.9046653144016,0.0,22,22,0,0,22,18,7979,0,0,0,0,4
2020-07-15,US,Kentucky,Barren,137,2,0,36.96469836,-85.93338945,21009.0,309.61151664444395,1.45985401459854,135,135,2,0,133,129,44176,2,0,0,2,6
2020-07-15,US,Kentucky,Bath,22,1,0,38.14735938,-83.74588932,21011.0,176.0,4.545454545454546,21,22,1,0,21,21,12383,0,0,0,0,1
2020-07-15,US,Kentucky,Bell,121,0,0,36.73355174,-83.67766671,21013.0,464.81253841425934,0.0,121,114,0,0,114,105,26569,7,0,0,7,9
2020-07-15,US,Kentucky,Boone,763,23,0,38.97065142,-84.72615357,21015.0,571.1890164020332,3.0144167758846656,740,755,23,0,732,733,131533,8,0,0,8,22
2020-07-15,US,Kentucky,Bourbon,48,1,0,38.2054607,-84.21827874,21017.0,242.57125530624612,2.083333333333333,47,47,1,0,46,46,20184,1,0,0,1,1
2020-07-15,US,Kentucky,Boyd,105,3,0,38.36176608,-82.68652187,21019.0,224.75277195085403,2.8571428571428568,102,101,3,0,98,93,47240,4,0,0,4,8
2020-07-15,US,Kentucky,Boyle,50,0,0,37.62680923,-84.8633779,21021.0,166.333998669328,0.0,50,48,0,0,48,48,30100,2,0,0,2,0
2020-07-15,US,Kentucky,Bracken,20,0,0,38.69158994,-84.08532444,21023.0,240.87679152113685,0.0,20,20,0,0,20,19,8239,0,0,0,0,1
2020-07-15,US,Kentucky,Breathitt,15,0,0,37.52333168,-83.31959161,21025.0,118.76484560570073,0.0,15,15,0,0,15,15,12726,0,0,0,0,0
2020-07-15,US,Kentucky,Breckinridge,31,2,0,37.77377239,-86.42885017,21027.0,151.38936367631976,6.451612903225807,29,30,2,0,28,30,20388,1,0,0,1,0
2020-07-15,US,Kentucky,Bullitt,184,4,0,37.97162523,-85.68955617,21029.0,225.28037612028007,2.1739130434782608,180,180,4,0,176,174,81069,4,0,0,4,6
2020-07-15,US,Kentucky,Butler,268,14,0,37.20946153,-86.68748787,21031.0,2080.9069027098376,5.223880597014926,254,267,14,0,253,266,12772,1,0,0,1,1
2020-07-15,US,Kentucky,Caldwell,36,0,0,37.14749129,-87.86948214,21033.0,282.4193927983055,0.0,36,34,0,0,34,34,12715,2,0,0,2,0
2020-07-15,US,Kentucky,Calloway,119,1,0,36.62093411,-88.2731593,21035.0,305.1203815286788,0.8403361344537815,118,117,1,0,116,111,39135,2,0,0,2,6
2020-07-15,US,Kentucky,Campbell,343,13,0,38.94384345,-84.37875208,21037.0,366.51564369977774,3.7900874635568513,330,342,13,0,329,333,93152,1,0,0,1,9
2020-07-15,US,Kentucky,Carlisle,13,1,0,36.85372876,-88.96692220000001,21039.0,273.109243697479,7.6923076923076925,12,13,1,0,12,11,4771,0,0,0,0,2
2020-07-15,US,Kentucky,Carroll,96,1,0,38.66599534,-85.12601074,21041.0,903.0194713573512,1.0416666666666667,95,88,1,0,87,85,10737,8,0,0,8,3
2020-07-15,US,Kentucky,Carter,54,1,0,38.31690743,-83.05092385,21043.0,201.5150949733179,1.851851851851852,53,48,1,0,47,38,27004,6,0,0,6,10
2020-07-15,US,Kentucky,Casey,68,4,0,37.32533118,-84.92726209,21045.0,420.8181199331642,5.882352941176472,64,49,2,0,47,41,15888,19,2,0,17,8
2020-07-15,US,Kentucky,Christian,321,4,0,36.89267803,-87.49055367,21047.0,455.57116702856905,1.2461059190031152,317,309,4,0,305,297,71671,12,0,0,12,12
2020-07-15,US,Kentucky,Clark,117,6,0,37.9689263,-84.14615986,21049.0,322.642914265229,5.128205128205129,111,117,6,0,111,114,36249,0,0,0,0,3
2020-07-15,US,Kentucky,Clay,97,4,0,37.16451126,-83.712575,21051.0,487.41269282950606,4.123711340206185,93,88,4,0,84,85,20105,9,0,0,9,3
2020-07-15,US,Kentucky,Clinton,9,0,0,36.72581156,-85.13377529,21053.0,88.07985907222547,0.0,9,9,0,0,9,9,10206,0,0,0,0,0
2020-07-15,US,Kentucky,Crittenden,13,1,0,37.35839237,-88.08826090000002,21055.0,147.62661821485352,7.6923076923076925,12,12,1,0,11,12,8915,1,0,0,1,0
2020-07-15,US,Kentucky,Cumberland,8,0,0,36.78926125,-85.39050034,21057.0,120.95554883580284,0.0,8,8,0,0,8,7,6659,0,0,0,0,1
2020-07-15,US,Kentucky,Daviess,534,8,0,37.73028906,-87.09019479999998,21059.0,526.0513638915979,1.49812734082397,526,518,8,0,510,511,101104,16,0,0,16,7
2020-07-15,US,Kentucky,Edmonson,82,12,0,37.21218923,-86.23955613,21061.0,674.8971193415637,14.634146341463413,70,81,12,0,69,77,12274,1,0,0,1,4
2020-07-15,US,Kentucky,Elliott,5,0,0,38.11624059,-83.09771563,21063.0,66.51589729945456,0.0,5,5,0,0,5,3,7508,0,0,0,0,2
2020-07-15,US,Kentucky,Estill,7,0,0,37.69241417,-83.95956369,21065.0,49.62427335885439,0.0,7,7,0,0,7,6,14198,0,0,0,0,1
2020-07-15,US,Kentucky,Fayette,2001,39,0,38.0368225,-84.45576892,21067.0,619.2132494924989,1.949025487256372,1962,1940,37,0,1903,1912,323780,61,2,0,59,28
2020-07-15,US,Kentucky,Fleming,31,0,0,38.36758311,-83.69657514,21069.0,212.6054454426994,0.0,31,31,0,0,31,31,14432,0,0,0,0,0
2020-07-15,US,Kentucky,Floyd,43,1,0,37.56213922,-82.74750924,21071.0,120.82385006603165,2.3255813953488373,42,44,1,0,43,40,35845,-1,0,0,-1,4
2020-07-15,US,Kentucky,Franklin,169,4,0,38.2379395,-84.87962551,21073.0,331.4310368496401,2.366863905325444,165,168,4,0,164,164,50815,1,0,0,1,4
2020-07-15,US,Kentucky,Fulton,29,1,0,36.55238827,-89.20140068,21075.0,485.8435248785392,3.4482758620689653,28,29,1,0,28,28,6120,0,0,0,0,1
2020-07-15,US,Kentucky,Gallatin,69,8,0,38.75398691,-84.8558382,21077.0,777.9907543127748,11.594202898550725,61,68,8,0,60,68,8832,1,0,0,1,0
2020-07-15,US,Kentucky,Garrard,42,0,0,37.638866799999995,-84.53289319,21079.0,237.7448205592664,0.0,42,40,0,0,40,39,17560,2,0,0,2,1
2020-07-15,US,Kentucky,Grant,70,5,0,38.64962758,-84.62415957,21081.0,279.2293270573217,7.142857142857142,65,70,5,0,65,69,25121,0,0,0,0,1
2020-07-15,US,Kentucky,Graves,334,21,0,36.72292505,-88.65143315,21083.0,896.2593248537538,6.2874251497005975,313,328,21,0,307,313,37317,6,0,0,6,15
2020-07-15,US,Kentucky,Grayson,152,11,0,37.46231118,-86.34248968,21085.0,575.1693343928557,7.236842105263157,141,150,11,0,139,147,26321,2,0,0,2,3
2020-07-15,US,Kentucky,Green,13,1,0,37.26484328,-85.5540745,21087.0,118.81912073850654,7.6923076923076925,12,13,1,0,12,10,11049,0,0,0,0,3
2020-07-15,US,Kentucky,Greenup,45,0,0,38.54332505,-82.9215658,21089.0,128.21243375690923,0.0,45,45,0,0,45,44,35268,0,0,0,0,1
2020-07-15,US,Kentucky,Hancock,33,0,0,37.83766422,-86.78280584,21091.0,378.3535886264617,0.0,33,32,0,0,32,32,8758,1,0,0,1,0
2020-07-15,US,Kentucky,Hardin,299,7,0,37.6976111,-85.96319251,21093.0,269.4713314947998,2.34113712374582,292,286,6,0,280,274,110356,13,1,0,12,12
2020-07-15,US,Kentucky,Harlan,58,2,0,36.85699301,-83.21899516,21095.0,222.9911572472126,3.4482758620689653,56,45,2,0,43,37,26409,13,0,0,13,8
2020-07-15,US,Kentucky,Harrison,86,0,0,38.44188174,-84.32869741,21097.0,455.3637615164672,0.0,86,82,0,0,82,81,18778,4,0,0,4,1
2020-07-15,US,Kentucky,Hart,50,0,0,37.29943898,-85.88461055,21099.0,262.6740215392697,0.0,50,50,0,0,50,48,18906,0,0,0,0,2
2020-07-15,US,Kentucky,Henderson,221,3,0,37.79344553,-87.57392021,21101.0,488.82990488829904,1.3574660633484164,218,214,3,0,211,210,45591,7,0,0,7,4
2020-07-15,US,Kentucky,Henry,49,2,0,38.44942688,-85.11587507,21103.0,303.8571251395262,4.081632653061225,47,45,2,0,43,45,16106,4,0,0,4,0
2020-07-15,US,Kentucky,Hickman,8,0,0,36.67948079999999,-88.97875928,21105.0,182.648401826484,0.0,8,7,0,0,7,7,4421,1,0,0,1,0
2020-07-15,US,Kentucky,Hopkins,321,33,0,37.30939025,-87.54670406,21107.0,718.3457906279373,10.280373831775703,288,317,33,0,284,305,45068,4,0,0,4,12
2020-07-15,US,Kentucky,Jackson,118,14,0,37.41866422,-83.99825483,21109.0,885.2877185085154,11.864406779661017,104,117,14,0,103,117,13442,1,0,0,1,0
2020-07-15,US,Kentucky,Jefferson,4709,209,0,38.18664655,-85.65931031,21111.0,614.1450289987571,4.438309619876832,4500,4661,206,0,4455,4588,770517,48,3,0,45,73
2020-07-15,US,Kentucky,Jessamine,154,0,0,37.87119786,-84.58252003,21113.0,284.57913702300664,0.0,154,147,0,0,147,143,53920,7,0,0,7,4
2020-07-15,US,Kentucky,Johnson,12,0,0,37.85106355,-82.8264322,21115.0,54.08328826392645,0.0,12,12,0,0,12,11,22386,0,0,0,0,1
2020-07-15,US,Kentucky,Kenton,927,37,0,38.93950319,-84.53241199,21117.0,555.0964682211763,3.9913700107874863,890,909,37,0,872,890,166051,18,0,0,18,19
2020-07-15,US,Kentucky,Knott,23,0,0,37.35388197,-82.94981134,21119.0,155.34242874510338,0.0,23,23,0,0,23,20,15126,0,0,0,0,3
2020-07-15,US,Kentucky,Knox,113,5,0,36.89225732,-83.85403396,21121.0,362.8190720821962,4.424778761061948,108,106,5,0,101,95,31304,7,0,0,7,11
2020-07-15,US,Kentucky,Larue,21,1,0,37.54567114,-85.70138352,21123.0,145.8535907764967,4.761904761904762,20,21,1,0,20,19,14307,0,0,0,0,2
2020-07-15,US,Kentucky,Laurel,210,4,0,37.10975748,-84.11321779,21125.0,345.32090178086924,1.9047619047619049,206,191,3,0,188,187,60669,19,1,0,18,4
2020-07-15,US,Kentucky,Lawrence,14,0,0,38.07136018,-82.72882223,21127.0,91.4017105177254,0.0,14,13,0,0,13,11,15571,1,0,0,1,2
2020-07-15,US,Kentucky,Lee,1,0,0,37.59645942,-83.71513901,21129.0,13.508037282182901,0.0,1,1,0,0,1,1,7033,0,0,0,0,0
2020-07-15,US,Kentucky,Leslie,12,0,0,37.09246661,-83.37999606,21131.0,121.49438088488407,0.0,12,11,0,0,11,11,10143,1,0,0,1,0
2020-07-15,US,Kentucky,Letcher,21,0,0,37.12306748,-82.85346474,21133.0,97.4342318934719,0.0,21,21,0,0,21,20,21899,0,0,0,0,1
2020-07-15,US,Kentucky,Lewis,24,0,0,38.53184419,-83.37735618,21135.0,180.7909604519774,0.0,24,24,0,0,24,22,13257,0,0,0,0,2
2020-07-15,US,Kentucky,Lincoln,61,1,0,37.45475628,-84.6565327,21137.0,248.4826265835676,1.639344262295082,60,61,1,0,60,56,24644,0,0,0,0,5
2020-07-15,US,Kentucky,Livingston,23,0,0,37.21137452,-88.34797529,21139.0,250.16314988035674,0.0,23,23,0,0,23,19,9242,0,0,0,0,4
2020-07-15,US,Kentucky,Logan,254,14,0,36.85949479,-86.877635,21141.0,937.2002066268174,5.511811023622046,240,253,13,0,240,247,26989,1,1,0,0,6
2020-07-15,US,Kentucky,Lyon,24,3,0,37.02080035,-88.07886257,21143.0,292.32643118148604,12.5,21,23,3,0,20,23,8009,1,0,0,1,0
2020-07-15,US,Kentucky,Madison,221,1,0,37.71659336,-84.27220275,21151.0,237.66763095916642,0.4524886877828054,220,210,1,0,209,193,92368,11,0,0,11,17
2020-07-15,US,Kentucky,Magoffin,7,0,0,37.70820545,-83.0657714,21153.0,57.561055834224156,0.0,7,7,0,0,7,7,12362,0,0,0,0,0
2020-07-15,US,Kentucky,Marion,70,0,0,37.55218078,-85.26898542,21155.0,363.2024075131012,0.0,70,68,0,0,68,65,19404,2,0,0,2,3
2020-07-15,US,Kentucky,Marshall,81,2,0,36.88007070000001,-88.32803576,21157.0,260.4501607717042,2.469135802469136,79,74,2,0,72,72,31191,7,0,0,7,2
2020-07-15,US,Kentucky,Martin,12,0,0,37.79990579,-82.51247478,21159.0,107.19071013845465,0.0,12,12,0,0,12,12,11323,0,0,0,0,0
2020-07-15,US,Kentucky,Mason,40,1,0,38.59471935,-83.82151043,21161.0,234.3292325717633,2.5,39,40,1,0,39,39,17150,0,0,0,0,1
2020-07-15,US,Kentucky,McCracken,215,3,0,37.05350953,-88.70445755,21145.0,328.65572166681955,1.3953488372093024,212,210,3,0,207,206,65346,5,0,0,5,4
2020-07-15,US,Kentucky,McCreary,19,0,0,36.73874143,-84.48102924,21147.0,110.26638036097731,0.0,19,18,0,0,18,18,17408,1,0,0,1,0
2020-07-15,US,Kentucky,McLean,29,1,0,37.5301951,-87.26803443,21149.0,314.97773433257305,3.4482758620689653,28,29,1,0,28,28,9252,0,0,0,0,1
2020-07-15,US,Kentucky,Meade,38,2,0,37.96163597,-86.21028219,21163.0,132.99734005319894,5.2631578947368425,36,35,2,0,33,33,28715,3,0,0,3,2
2020-07-15,US,Kentucky,Menifee,14,0,0,37.94090733,-83.59985712,21165.0,215.7497303128371,0.0,14,14,0,0,14,15,6451,0,0,0,0,-1
2020-07-15,US,Kentucky,Mercer,31,0,0,37.81474237,-84.87488475,21167.0,141.3395340354717,0.0,31,31,0,0,31,30,21774,0,0,0,0,1
2020-07-15,US,Kentucky,Metcalfe,17,2,0,36.99459295,-85.63123699,21169.0,168.801509284083,11.764705882352944,15,17,2,0,15,17,10030,0,0,0,0,0
2020-07-15,US,Kentucky,Monroe,53,2,0,36.71225341,-85.71596443,21171.0,497.6525821596244,3.7735849056603774,51,53,2,0,51,50,10718,0,0,0,0,3
2020-07-15,US,Kentucky,Montgomery,76,0,0,38.03253032,-83.9145241,21173.0,269.91511879816744,0.0,76,76,0,0,76,65,28203,0,0,0,0,11
2020-07-15,US,Kentucky,Morgan,20,0,0,37.92465657,-83.25558245,21175.0,150.2742505071756,0.0,20,20,0,0,20,15,13345,0,0,0,0,5
2020-07-15,US,Kentucky,Muhlenberg,552,8,0,37.21425819,-87.14632053,21177.0,1802.6255633204885,1.4492753623188406,544,543,8,0,535,542,30774,9,0,0,9,1
2020-07-15,US,Kentucky,Nelson,126,2,0,37.80335779,-85.4657193,21179.0,272.53260657971583,1.5873015873015872,124,119,2,0,117,116,45851,7,0,0,7,3
2020-07-15,US,Kentucky,Nicholas,13,0,0,38.33342292,-84.01889177,21181.0,178.84165634887881,0.0,13,12,0,0,12,12,7166,1,0,0,1,0
2020-07-15,US,Kentucky,Ohio,234,1,0,37.47751843,-86.85368087,21183.0,975.2438109527382,0.4273504273504273,233,224,1,0,223,221,24087,10,0,0,10,3
2020-07-15,US,Kentucky,Oldham,181,7,0,38.39791089,-85.448222,21185.0,270.9621401517987,3.867403314917127,174,178,7,0,171,174,66470,3,0,0,3,4
2020-07-15,US,Kentucky,Owen,13,0,0,38.51679143,-84.82404619,21187.0,119.25511420970552,0.0,13,11,0,0,11,10,10880,2,0,0,2,1
2020-07-15,US,Kentucky,Owsley,3,0,0,37.42823949,-83.68811419,21189.0,67.95016987542469,0.0,3,3,0,0,3,3,4472,0,0,0,0,0
2020-07-15,US,Kentucky,Pendleton,23,0,0,38.69607718,-84.35599463,21191.0,157.64222069910898,0.0,23,23,0,0,23,22,14529,0,0,0,0,1
2020-07-15,US,Kentucky,Perry,106,2,0,37.25023553,-83.22922731,21193.0,411.522633744856,1.8867924528301887,104,98,2,0,96,91,26092,8,0,0,8,7
2020-07-15,US,Kentucky,Pike,129,3,0,37.47088263,-82.39487445,21195.0,222.89031722993988,2.3255813953488373,126,128,3,0,125,120,58402,1,0,0,1,8
2020-07-15,US,Kentucky,Powell,15,0,0,37.83218794,-83.82553961,21197.0,121.36904280281576,0.0,15,13,0,0,13,10,12442,2,0,0,2,3
2020-07-15,US,Kentucky,Pulaski,134,2,0,37.10466131,-84.57629079,21199.0,206.2204712291664,1.492537313432836,132,130,2,0,128,127,64623,4,0,0,4,3
2020-07-15,US,Kentucky,Robertson,1,0,0,38.51923469,-84.05055616,21201.0,47.43833017077799,0.0,1,1,0,0,1,1,2135,0,0,0,0,0
2020-07-15,US,Kentucky,Rockcastle,34,0,0,37.36642393,-84.31176452,21203.0,203.65378855944888,0.0,34,34,0,0,34,32,16750,0,0,0,0,2
2020-07-15,US,Kentucky,Rowan,34,0,0,38.19484205,-83.42088935,21205.0,139.00245298446444,0.0,34,34,0,0,34,31,24583,0,0,0,0,3
2020-07-15,US,Kentucky,Russell,68,5,0,36.99308373,-85.06070117,21207.0,379.40076996038607,7.352941176470589,63,68,5,0,63,62,17821,0,0,0,0,6
2020-07-15,US,Kentucky,Scott,133,0,0,38.29622293,-84.5816631,21209.0,233.3169602133184,0.0,133,131,0,0,131,127,56031,2,0,0,2,4
2020-07-15,US,Kentucky,Shelby,580,20,0,38.21476019,-85.194223,21211.0,1183.0939947780678,3.4482758620689653,560,577,20,0,557,573,48518,3,0,0,3,4
2020-07-15,US,Kentucky,Simpson,93,3,0,36.74058474,-86.58047435,21213.0,500.7538229592936,3.2258064516129035,90,90,3,0,87,88,18529,3,0,0,3,2
2020-07-15,US,Kentucky,Spencer,53,0,0,38.03223971,-85.32749335,21215.0,273.8876543847863,0.0,53,52,0,0,52,49,18794,1,0,0,1,3
2020-07-15,US,Kentucky,Taylor,59,1,0,37.3677562,-85.3329931,21217.0,228.95727424424697,1.6949152542372878,58,55,1,0,54,52,25549,4,0,0,4,3
2020-07-15,US,Kentucky,Todd,27,0,0,36.8381152,-87.17878374,21219.0,219.6193265007321,0.0,27,27,0,0,27,27,12311,0,0,0,0,0
2020-07-15,US,Kentucky,Trigg,31,0,0,36.80767017,-87.87333656,21221.0,211.5896525834414,0.0,31,31,0,0,31,30,14643,0,0,0,0,1
2020-07-15,US,Kentucky,Trimble,16,0,0,38.61056487,-85.33775972,21223.0,188.8797072364537,0.0,16,16,0,0,16,15,8515,0,0,0,0,1
2020-07-15,US,Kentucky,Unassigned,3,0,0,0.0,0.0,90021.0,0.0,0.0,3,11,0,0,11,11,,-8,0,0,-8,0
2020-07-15,US,Kentucky,Union,33,0,0,37.66166713,-87.94300009,21225.0,229.46943884291767,0.0,33,32,0,0,32,32,14505,1,0,0,1,0
2020-07-15,US,Kentucky,Warren,1830,18,0,36.99903045,-86.42672751,21227.0,1377.0166144955454,0.9836065573770492,1812,1808,18,0,1790,1742,131264,22,0,0,22,66
2020-07-15,US,Kentucky,Washington,36,0,0,37.75599461,-85.17407732,21229.0,297.64365440264567,0.0,36,35,0,0,35,32,12084,1,0,0,1,3
2020-07-15,US,Kentucky,Wayne,26,0,0,36.80310688,-84.8251971,21231.0,127.87094870407715,0.0,26,23,0,0,23,20,20468,3,0,0,3,3
2020-07-15,US,Kentucky,Webster,57,0,0,37.52168356,-87.67989953,21233.0,440.42651831247116,0.0,57,55,0,0,55,55,13111,2,0,0,2,0
2020-07-15,US,Kentucky,Whitley,62,0,0,36.75700531,-84.14541217,21235.0,170.96845356276197,0.0,62,57,0,0,57,54,36242,5,0,0,5,3
2020-07-15,US,Kentucky,Wolfe,6,0,0,37.73941626,-83.49303612,21237.0,83.83400866284757,0.0,6,6,0,0,6,4,7177,0,0,0,0,2
2020-07-15,US,Kentucky,Woodford,91,0,0,38.04178222,-84.7417556,21239.0,340.3905139522705,0.0,91,86,0,0,86,84,26533,5,0,0,5,2
2020-07-15,US,Louisiana,Acadia,1510,46,0,30.295064899999996,-92.41419698,22001.0,2433.717463131598,3.04635761589404,1464,1453,46,0,1407,1383,62190,57,0,0,57,70
2020-07-15,US,Louisiana,Allen,514,14,0,30.65385745,-92.82442028,22003.0,2005.6971163226285,2.723735408560312,500,497,14,0,483,480,25605,17,0,0,17,17
2020-07-15,US,Louisiana,Ascension,1710,64,0,30.20406249,-90.91328409999998,22005.0,1350.668225332533,3.742690058479532,1646,1655,64,0,1591,1622,124672,55,0,0,55,33
2020-07-15,US,Louisiana,Assumption,435,17,0,29.89946234,-91.06461642,22007.0,1987.1179936960393,3.9080459770114944,418,432,17,0,415,430,22300,3,0,0,3,2
2020-07-15,US,Louisiana,Avoyelles,549,17,0,31.07796211,-92.00079449,22009.0,1367.5767237943405,3.0965391621129332,532,512,17,0,495,489,40462,37,0,0,37,23
2020-07-15,US,Louisiana,Beauregard,385,9,0,30.64836518,-93.34173616,22011.0,1026.7488065711923,2.3376623376623376,376,375,9,0,366,367,37253,10,0,0,10,8
2020-07-15,US,Louisiana,Bienville,275,28,0,32.34569994,-93.05398492,22013.0,2076.8824106940565,10.181818181818182,247,272,28,0,244,266,13308,3,0,0,3,6
2020-07-15,US,Louisiana,Bossier,1403,39,0,32.67932307,-93.60460152,22015.0,1104.3852675162746,2.77975766215253,1364,1370,39,0,1331,1315,127185,33,0,0,33,55
2020-07-15,US,Louisiana,Caddo,4606,249,0,32.57991587,-93.88375652,22017.0,1917.536760420309,5.405992184107686,4357,4522,249,0,4273,4413,242922,84,0,0,84,109
2020-07-15,US,Louisiana,Calcasieu,3705,74,0,30.22931235,-93.35400434,22019.0,1821.211584970212,1.9973009446693657,3631,3435,72,0,3363,3236,203112,270,2,0,268,199
2020-07-15,US,Louisiana,Caldwell,127,1,0,32.0902519,-92.11752148,22021.0,1280.5001008267795,0.7874015748031497,126,124,1,0,123,128,9960,3,0,0,3,-4
2020-07-15,US,Louisiana,Cameron,117,0,0,29.87592238,-93.19310676,22023.0,1677.9004732539795,0.0,117,115,0,0,115,100,6968,2,0,0,2,15
2020-07-15,US,Louisiana,Catahoula,218,3,0,31.66778967,-91.84526385,22025.0,2296.187065515062,1.3761467889908257,215,217,3,0,214,215,9608,1,0,0,1,2
2020-07-15,US,Louisiana,Claiborne,156,10,0,32.82308512,-92.99526883,22027.0,995.5328653477983,6.410256410256411,146,154,10,0,144,150,15944,2,0,0,2,4
2020-07-15,US,Louisiana,Concordia,159,7,0,31.44817835,-91.63814433,22029.0,825.5880367620332,4.402515723270441,152,153,7,0,146,154,19572,6,0,0,6,-1
2020-07-15,US,Louisiana,De Soto,461,21,0,32.05457447,-93.74130302,22031.0,1678.6221461602884,4.55531453362256,440,449,21,0,428,434,27436,12,0,0,12,15
2020-07-15,US,Louisiana,East Baton Rouge,7606,279,0,30.53842039,-91.09777565,22033.0,1728.4046002922337,3.6681567183802257,7327,7421,279,0,7142,7300,440956,185,0,0,185,121
2020-07-15,US,Louisiana,East Carroll,463,1,0,32.73926954,-91.23425694,22035.0,6748.287421658652,0.2159827213822894,462,463,1,0,462,456,7037,0,0,0,0,7
2020-07-15,US,Louisiana,East Feliciana,374,34,0,30.84425359,-91.04976723,22037.0,1954.5335772145288,9.090909090909092,340,361,33,0,328,362,19305,13,1,0,12,-1
2020-07-15,US,Louisiana,Evangeline,372,2,0,30.72985248,-92.39915924,22039.0,1113.9392124569547,0.5376344086021505,370,359,1,0,358,334,33443,13,1,0,12,25
2020-07-15,US,Louisiana,Franklin,580,14,0,32.13675181,-91.67589857,22041.0,2897.826630027479,2.413793103448276,566,575,14,0,561,568,20156,5,0,0,5,7
2020-07-15,US,Louisiana,Grant,142,2,0,31.59882456,-92.56124347,22043.0,634.2400285854661,1.4084507042253518,140,136,2,0,134,133,22482,6,0,0,6,3
2020-07-15,US,Louisiana,Iberia,1472,53,0,29.86803617,-91.75871777,22045.0,2107.976514392095,3.6005434782608696,1419,1408,52,0,1356,1337,70941,64,1,0,63,71
2020-07-15,US,Louisiana,Iberville,871,43,0,30.25734305,-91.3499598,22047.0,2679.0932299836977,4.936854190585533,828,857,43,0,814,844,32721,14,0,0,14,13
2020-07-15,US,Louisiana,Jackson,247,17,0,32.30251776,-92.55692092,22049.0,1568.85162601626,6.882591093117409,230,243,17,0,226,236,15902,4,0,0,4,7
2020-07-15,US,Louisiana,Jefferson,11614,495,0,29.74075478,-90.11115756,22051.0,2685.361381571493,4.262097468572414,11119,11450,495,0,10955,11256,434051,164,0,0,164,194
2020-07-15,US,Louisiana,Jefferson Davis,680,14,0,30.26896765,-92.81210004,22053.0,2167.8143330782964,2.0588235294117645,666,640,14,0,626,624,31582,40,0,0,40,16
2020-07-15,US,Louisiana,LaSalle,130,1,0,31.67884782,-92.15907765,22059.0,872.9519204942253,0.7692307692307693,129,125,0,0,125,125,14917,5,1,0,4,0
2020-07-15,US,Louisiana,Lafayette,4352,55,0,30.2049055,-92.06959876,22055.0,1780.7602602397808,1.2637867647058822,4297,4216,55,0,4161,3988,242782,136,0,0,136,228
2020-07-15,US,Louisiana,Lafourche,1721,91,0,29.52470226,-90.40976986,22057.0,1763.0667732087607,5.287623474723999,1630,1677,91,0,1586,1612,98115,44,0,0,44,65
2020-07-15,US,Louisiana,Lincoln,468,19,0,32.6003154,-92.66597409999999,22061.0,1001.2408540498908,4.05982905982906,449,460,19,0,441,442,47196,8,0,0,8,18
2020-07-15,US,Louisiana,Livingston,1685,41,0,30.44143993,-90.73061664,22063.0,1196.8264566123773,2.433234421364985,1644,1645,41,0,1604,1565,139567,40,0,0,40,80
2020-07-15,US,Louisiana,Madison,448,5,0,32.36918118,-91.23973355,22065.0,4090.9505981188927,1.1160714285714286,443,441,4,0,437,436,11161,7,1,0,6,5
2020-07-15,US,Louisiana,Morehouse,300,10,0,32.81686191,-91.80421614,22067.0,1206.0786363270884,3.333333333333333,290,294,10,0,284,291,25398,6,0,0,6,3
2020-07-15,US,Louisiana,Natchitoches,443,14,0,31.72321584,-93.09816516,22069.0,1160.9623145867185,3.160270880361174,429,433,14,0,419,406,38659,10,0,0,10,27
2020-07-15,US,Louisiana,Orleans,8946,543,0,30.06971951,-89.92660315,22071.0,2292.999507874016,6.0697518443997325,8403,8846,542,0,8304,8745,391006,100,1,0,99,101
2020-07-15,US,Louisiana,Ouachita,3296,92,0,32.47645559,-92.15704172,22073.0,2150.3271811533223,2.79126213592233,3204,3214,90,0,3124,3175,154475,82,2,0,80,39
2020-07-15,US,Louisiana,Plaquemines,327,18,0,29.42245447,-89.60322085,22075.0,1409.6650428934774,5.504587155963303,309,322,18,0,304,315,23410,5,0,0,5,7
2020-07-15,US,Louisiana,Pointe Coupee,430,28,0,30.71409502,-91.60209535,22077.0,1978.831109065808,6.511627906976744,402,413,28,0,385,393,21940,17,0,0,17,20
2020-07-15,US,Louisiana,Rapides,2104,81,0,31.19778499,-92.52997303,22079.0,1622.8557324447736,3.849809885931559,2023,2059,79,0,1980,2019,130562,45,2,0,43,40
2020-07-15,US,Louisiana,Red River,98,9,0,32.09530039,-93.34213308,22081.0,1160.8623548922055,9.183673469387756,89,96,9,0,87,91,8477,2,0,0,2,5
2020-07-15,US,Louisiana,Richland,302,5,0,32.41391005,-91.76634876,22083.0,1500.8448464367361,1.6556291390728477,297,294,5,0,289,290,20192,8,0,0,8,4
2020-07-15,US,Louisiana,Sabine,242,1,0,31.56388699,-93.55433981,22085.0,1013.2306146374142,0.4132231404958678,241,236,1,0,235,220,24032,6,0,0,6,16
2020-07-15,US,Louisiana,St. Bernard,754,24,0,29.87761636,-89.51887093,22087.0,1595.969858606384,3.1830238726790454,730,738,24,0,714,721,46721,16,0,0,16,17
2020-07-15,US,Louisiana,St. Charles,913,49,0,29.90709658,-90.35555967,22089.0,1719.39736346516,5.3669222343921135,864,903,49,0,854,882,52879,10,0,0,10,21
2020-07-15,US,Louisiana,St. Helena,145,1,0,30.82210324,-90.71013176,22091.0,1431.1093564942755,0.6896551724137931,144,145,1,0,144,122,10262,0,0,0,0,23
2020-07-15,US,Louisiana,St. James,474,30,0,30.02531716,-90.80212061,22093.0,2246.8714448236638,6.329113924050633,444,465,30,0,435,454,21037,9,0,0,9,11
2020-07-15,US,Louisiana,St. John the Baptist,1106,88,0,30.12597499,-90.4753503,22095.0,2581.880150337325,7.956600361663653,1018,1098,88,0,1010,1097,43184,8,0,0,8,1
2020-07-15,US,Louisiana,St. Landry,1243,60,0,30.59724262,-92.00135806,22097.0,1513.5648531488969,4.827031375703943,1183,1198,60,0,1138,1159,82764,45,0,0,45,39
2020-07-15,US,Louisiana,St. Martin,1129,29,0,30.13112107,-91.61403569,22099.0,2113.005558570867,2.568644818423384,1100,1110,29,0,1081,1050,53621,19,0,0,19,60
2020-07-15,US,Louisiana,St. Mary,901,39,0,29.69262097,-91.44702164,22101.0,1825.8085434060145,4.328523862375138,862,843,39,0,804,801,49774,58,0,0,58,42
2020-07-15,US,Louisiana,St. Tammany,3395,187,0,30.40942847,-89.95642711,22103.0,1303.6683191318605,5.508100147275405,3208,3342,187,0,3155,3257,258111,53,0,0,53,85
2020-07-15,US,Louisiana,Tangipahoa,2081,45,0,30.62888673,-90.40664996,22105.0,1544.249692040547,2.162421912542047,2036,2020,44,0,1976,1914,133777,61,1,0,60,106
2020-07-15,US,Louisiana,Tensas,37,0,0,32.00760749,-91.32915234,22107.0,853.7148131056763,0.0,37,35,0,0,35,35,4462,2,0,0,2,0
2020-07-15,US,Louisiana,Terrebonne,1824,67,0,29.37343766,-90.82626855,22109.0,1651.2615312191633,3.673245614035088,1757,1750,67,0,1683,1734,111021,74,0,0,74,16
2020-07-15,US,Louisiana,Unassigned,2,110,0,0.0,0.0,90022.0,0.0,5500.0,-108,0,108,0,-108,7,,2,2,0,0,-7
2020-07-15,US,Louisiana,Union,488,29,0,32.83121059,-92.3749373,22111.0,2207.3457571919666,5.942622950819672,459,483,28,0,455,478,22330,5,1,0,4,5
2020-07-15,US,Louisiana,Vermilion,655,8,0,29.83517605,-92.30292538,22113.0,1100.6368570516374,1.2213740458015268,647,609,8,0,601,568,59830,46,0,0,46,41
2020-07-15,US,Louisiana,Vernon,319,10,0,31.10884837,-93.18153838,22115.0,672.5842838769529,3.134796238244514,309,301,10,0,291,288,48860,18,0,0,18,13
2020-07-15,US,Louisiana,Washington,883,51,0,30.85288548,-90.03866652,22117.0,1911.5036584837853,5.775764439411097,832,871,51,0,820,852,46582,12,0,0,12,19
2020-07-15,US,Louisiana,Webster,564,12,0,32.70847669,-93.33121835,22119.0,1471.0485133020345,2.127659574468085,552,554,12,0,542,542,38798,10,0,0,10,12
2020-07-15,US,Louisiana,West Baton Rouge,427,32,0,30.46058217,-91.30989571,22121.0,1613.4517286982807,7.494145199063232,395,415,32,0,383,392,26427,12,0,0,12,23
2020-07-15,US,Louisiana,West Carroll,173,5,0,32.78550125,-91.461201,22123.0,1597.4145891043397,2.8901734104046244,168,173,5,0,168,176,10982,0,0,0,0,-3
2020-07-15,US,Louisiana,West Feliciana,276,14,0,30.87882871,-91.41485379999999,22125.0,1772.8674203494347,5.0724637681159415,262,275,14,0,261,261,15460,1,0,0,1,14
2020-07-15,US,Louisiana,Winn,299,5,0,31.94449367,-92.63789413,22127.0,2150.460299194476,1.6722408026755853,294,295,5,0,290,292,14134,4,0,0,4,3
2020-07-15,US,Maine,Androscoggin,506,4,0,44.1664747,-70.20380627,23001.0,467.319929440232,0.7905138339920948,502,502,4,0,498,502,107679,4,0,0,4,0
2020-07-15,US,Maine,Aroostook,24,1,0,46.65926321,-68.59841248,23003.0,35.791514428454256,4.166666666666667,23,25,1,0,24,24,67111,-1,0,0,-1,1
2020-07-15,US,Maine,Cumberland,1901,67,0,43.8370751,-70.37226999,23005.0,644.4002264383753,3.5244608100999475,1834,1897,67,0,1830,1890,293557,4,0,0,4,7
2020-07-15,US,Maine,Franklin,41,1,0,44.97330019,-70.44381045,23007.0,135.76608496970098,2.4390243902439024,40,41,1,0,40,42,29897,0,0,0,0,-1
2020-07-15,US,Maine,Hancock,18,1,0,44.59816444,-68.38401854,23009.0,32.73501009329477,5.5555555555555545,17,18,1,0,17,18,54811,0,0,0,0,0
2020-07-15,US,Maine,Kennebec,147,10,0,44.40759555,-69.76738544,23011.0,120.19427319258884,6.802721088435375,137,147,10,0,137,146,122083,0,0,0,0,1
2020-07-15,US,Maine,Knox,25,1,0,44.11486325,-69.10529169,23013.0,62.858292265915715,4.0,24,25,1,0,24,25,39771,0,0,0,0,0
2020-07-15,US,Maine,Lincoln,26,0,0,44.05996956,-69.54227124,23015.0,75.07073973552002,0.0,26,26,0,0,26,26,34342,0,0,0,0,0
2020-07-15,US,Maine,Oxford,48,0,0,44.49952995,-70.75682123,23017.0,82.79430789133247,0.0,48,46,0,0,46,46,57618,2,0,0,2,0
2020-07-15,US,Maine,Penobscot,125,4,0,45.40194593,-68.65020455,23019.0,82.15684728027973,3.2,121,124,4,0,120,124,151096,1,0,0,1,0
2020-07-15,US,Maine,Piscataquis,4,0,0,45.83839062,-69.2860223,23021.0,23.83080131069407,0.0,4,5,0,0,5,5,16800,-1,0,0,-1,0
2020-07-15,US,Maine,Sagadahoc,34,0,0,43.95415864,-69.85074999,23023.0,94.82373940205264,0.0,34,34,0,0,34,34,35634,0,0,0,0,0
2020-07-15,US,Maine,Somerset,31,0,0,45.51229767,-69.95995554,23025.0,61.405593851517324,0.0,31,31,0,0,31,31,50592,0,0,0,0,0
2020-07-15,US,Maine,Unassigned,3,0,0,0.0,0.0,90023.0,0.0,0.0,3,2,0,0,2,3,,1,0,0,1,-1
2020-07-15,US,Maine,Waldo,60,14,0,44.4858305,-69.12061935,23027.0,151.07641948885808,23.33333333333333,46,59,14,0,45,59,39694,1,0,0,1,0
2020-07-15,US,Maine,Washington,5,0,0,45.01607142,-67.62813524,23029.0,15.934223525287615,0.0,5,4,0,0,4,5,31490,1,0,0,1,-1
2020-07-15,US,Maine,York,580,11,0,43.47808377,-70.71052375,23031.0,279.32826368588087,1.8965517241379308,569,580,11,0,569,578,206229,0,0,0,0,2
2020-07-15,US,Maryland,Allegany,222,18,0,39.62357628,-78.69280486,24001.0,315.2692569870484,8.108108108108109,204,220,18,0,202,218,70975,2,0,0,2,2
2020-07-15,US,Maryland,Anne Arundel,5683,211,0,39.00670238,-76.60329337,24003.0,981.1233456599581,3.712827731831779,5472,5619,210,0,5409,5562,576031,64,1,0,63,57
2020-07-15,US,Maryland,Baltimore,9153,502,0,39.45784712,-76.62911955,24005.0,1106.2765147394755,5.484540587785425,8651,8990,498,0,8492,8892,828431,163,4,0,159,98
2020-07-15,US,Maryland,Baltimore City,8835,370,0,39.30211911,-76.61151012,24510.0,1488.6518728200979,4.1878890775325415,8465,8689,367,0,8322,8566,621342,146,3,0,143,123
2020-07-15,US,Maryland,Calvert,459,27,0,38.53961642,-76.56820632,24009.0,496.0821399621724,5.882352941176472,432,458,27,0,431,453,92003,1,0,0,1,5
2020-07-15,US,Maryland,Caroline,347,3,0,38.87172293,-75.82904158,24011.0,1038.7355564868587,0.8645533141210374,344,345,3,0,342,336,33304,2,0,0,2,9
2020-07-15,US,Maryland,Carroll,1228,116,0,39.56453592,-77.02373735,24013.0,729.0126864829888,9.446254071661238,1112,1224,116,0,1108,1221,168429,4,0,0,4,3
2020-07-15,US,Maryland,Cecil,536,29,0,39.56647682,-75.94627411,24015.0,521.121967818774,5.41044776119403,507,531,29,0,502,529,102826,5,0,0,5,2
2020-07-15,US,Maryland,Charles,1552,90,0,38.51092331,-76.98580666,24017.0,950.6483642355304,5.7989690721649465,1462,1534,90,0,1444,1528,161503,18,0,0,18,6
2020-07-15,US,Maryland,Dorchester,219,5,0,38.45413522,-76.02752426,24019.0,685.896833599549,2.2831050228310503,214,217,5,0,212,217,31998,2,0,0,2,0
2020-07-15,US,Maryland,Frederick,2635,120,0,39.47296601,-77.39999394,24021.0,1015.2303821658504,4.554079696394687,2515,2619,120,0,2499,2605,255648,16,0,0,16,14
2020-07-15,US,Maryland,Garrett,28,0,0,39.52786077,-79.27355126,24023.0,96.50513545185085,0.0,28,27,0,0,27,27,29163,1,0,0,1,0
2020-07-15,US,Maryland,Harford,1325,67,0,39.55010644,-76.30775940000002,24025.0,518.7107786142396,5.056603773584905,1258,1311,66,0,1245,1288,253956,14,1,0,13,23
2020-07-15,US,Maryland,Howard,2922,97,0,39.25305293,-76.93126208,24027.0,897.1721575731523,3.3196440793976727,2825,2891,96,0,2795,2850,323196,31,1,0,30,41
2020-07-15,US,Maryland,Kent,208,23,0,39.24976208,-76.04741541,24029.0,1070.9504685408301,11.057692307692307,185,205,23,0,182,205,19383,3,0,0,3,0
2020-07-15,US,Maryland,Montgomery,15986,763,0,39.13676329,-77.20358245,24031.0,1521.4792593043796,4.772926310521706,15223,15883,762,0,15121,15780,1052567,103,1,0,102,103
2020-07-15,US,Maryland,Prince George's,20099,717,0,38.83070039,-76.8496441,24033.0,2210.3159809397503,3.5673416587889943,19382,19956,715,0,19241,19773,909308,143,2,0,141,183
2020-07-15,US,Maryland,Queen Anne's,299,23,0,39.06198912,-76.03530977,24035.0,593.4776999265596,7.6923076923076925,276,296,23,0,273,290,50251,3,0,0,3,6
2020-07-15,US,Maryland,Somerset,105,3,0,38.1163542,-75.75118623,24039.0,409.90006246096186,2.8571428571428568,102,103,3,0,100,101,25675,2,0,0,2,2
2020-07-15,US,Maryland,St. Mary's,730,51,0,38.30058422,-76.60629279999998,24037.0,643.1151440401727,6.986301369863014,679,721,51,0,670,708,112664,9,0,0,9,13
2020-07-15,US,Maryland,Talbot,207,4,0,38.76618159,-76.10882561,24041.0,556.7359672951238,1.932367149758454,203,197,4,0,193,189,36968,10,0,0,10,8
2020-07-15,US,Maryland,Unassigned,0,13,0,0.0,0.0,90024.0,0.0,0.0,-13,0,19,0,-19,0,,0,-6,0,6,0
2020-07-15,US,Maryland,Washington,739,29,0,39.60835778,-77.82002295,24043.0,489.2452118186814,3.924221921515562,710,737,29,0,708,728,150926,2,0,0,2,9
2020-07-15,US,Maryland,Wicomico,1160,42,0,38.37301947,-75.62705831,24045.0,1119.5938576764568,3.6206896551724137,1118,1156,42,0,1114,1139,103195,4,0,0,4,17
2020-07-15,US,Maryland,Worcester,339,18,0,38.21274277,-75.33200012,24047.0,648.4811385721938,5.3097345132743365,321,331,18,0,313,322,51823,8,0,0,8,9
2020-07-15,US,Massachusetts,Barnstable,1593,152,0,41.72980578,-70.28854339,25001.0,747.9224376731302,9.541745134965474,1441,1586,152,0,1434,1582,213413,7,0,0,7,4
2020-07-15,US,Massachusetts,Berkshire,615,45,0,42.37428441,-73.20524838,25003.0,492.2205147906262,7.317073170731707,570,615,45,0,570,615,126348,0,0,0,0,0
2020-07-15,US,Massachusetts,Bristol,8558,603,0,41.79228404,-71.10872211,25005.0,1514.1087405368203,7.046038794110774,7955,8527,601,0,7926,8491,564022,31,2,0,29,36
2020-07-15,US,Massachusetts,Dukes and Nantucket,82,1,0,41.40674725,-70.68763497,0.0,285.4060074484006,1.2195121951219512,81,80,1,0,79,80,26707,2,0,0,2,0
2020-07-15,US,Massachusetts,Essex,16564,1136,0,42.6687626,-70.94687179,25009.0,2099.27582334855,6.858246800289785,15428,16530,1136,0,15394,16485,790638,34,0,0,34,45
2020-07-15,US,Massachusetts,Franklin,385,58,0,42.58119713,-72.58602547,25011.0,548.5893416927902,15.064935064935064,327,384,57,0,327,384,70963,1,1,0,0,0
2020-07-15,US,Massachusetts,Hampden,7056,681,0,42.13440424,-72.63235561,25013.0,1512.955323218375,9.651360544217685,6375,7039,679,0,6360,7019,470406,17,2,0,15,20
2020-07-15,US,Massachusetts,Hampshire,1012,118,0,42.33997957,-72.65898478,25015.0,629.2358390847478,11.6600790513834,894,1012,117,0,895,1008,161355,0,1,0,-1,4
2020-07-15,US,Massachusetts,Middlesex,24652,1928,0,42.48607732,-71.39049229,25017.0,1529.5660045703326,7.820866461139055,22724,24600,1923,0,22677,24536,1614714,52,5,0,47,64
2020-07-15,US,Massachusetts,Norfolk,9560,962,0,42.16073095,-71.20530408,25021.0,1352.6228290474335,10.062761506276152,8598,9530,959,0,8571,9485,705388,30,3,0,27,45
2020-07-15,US,Massachusetts,Plymouth,8832,686,0,41.94070556,-70.80802823,25023.0,1694.5445335973386,7.767210144927536,8146,8830,680,0,8150,8822,518132,2,6,0,-4,8
2020-07-15,US,Massachusetts,Suffolk,20411,1024,0,42.327951399999996,-71.07850442,25025.0,2538.975279478845,5.016902650531576,19387,20386,1022,0,19364,20342,807252,25,2,0,23,44
2020-07-15,US,Massachusetts,Unassigned,303,7,0,0.0,0.0,90025.0,0.0,2.31023102310231,296,301,7,0,294,299,,2,0,0,2,2
2020-07-15,US,Massachusetts,Worcester,12724,967,0,42.35026951,-71.90493363,25027.0,1531.8640729477427,7.599811380069162,11757,12710,961,0,11749,12679,830839,14,6,0,8,31
2020-07-15,US,Michigan,Alcona,25,1,0,44.6846864,-83.59507875,26001.0,240.26910139356082,4.0,24,24,1,0,23,24,10362,1,0,0,1,0
2020-07-15,US,Michigan,Alger,5,0,0,46.41292944,-86.60260122,26003.0,54.89679402722882,0.0,5,4,0,0,4,4,9097,1,0,0,1,0
2020-07-15,US,Michigan,Allegan,400,7,0,42.59147037,-85.89102866,26005.0,338.7505187117318,1.75,393,388,7,0,381,378,117327,12,0,0,12,10
2020-07-15,US,Michigan,Alpena,123,12,0,45.03477666,-83.62212411,26007.0,433.0223552191516,9.75609756097561,111,123,12,0,111,123,28360,0,0,0,0,0
2020-07-15,US,Michigan,Antrim,27,0,0,44.99690221,-85.15503082,26009.0,115.76058995026578,0.0,27,27,0,0,27,27,23365,0,0,0,0,0
2020-07-15,US,Michigan,Arenac,38,2,0,44.0636262,-83.89277559,26011.0,255.32486729825973,5.2631578947368425,36,38,2,0,36,38,15041,0,0,0,0,0
2020-07-15,US,Michigan,Baraga,5,0,0,46.6720582,-88.36363591,26013.0,60.9087586794981,0.0,5,6,0,0,6,5,8320,-1,0,0,-1,1
2020-07-15,US,Michigan,Barry,140,2,0,42.59513984,-85.30834519,26015.0,227.45735174654754,1.4285714285714286,138,140,2,0,138,139,61157,0,0,0,0,1
2020-07-15,US,Michigan,Bay,442,31,0,43.70639106,-83.98731479,26017.0,428.60190446638086,7.013574660633483,411,438,31,0,407,435,103923,4,0,0,4,3
2020-07-15,US,Michigan,Benzie,16,1,0,44.63899297,-86.01608482,26019.0,90.05966452774963,6.25,15,16,0,0,16,15,17753,0,1,0,-1,1
2020-07-15,US,Michigan,Berrien,1043,61,0,41.95447397,-86.41313079999998,26021.0,679.917340825679,5.848513902205178,982,1026,61,0,965,1019,154141,17,0,0,17,7
2020-07-15,US,Michigan,Branch,286,2,0,41.91600556,-85.05929476,26023.0,657.2144219500425,0.6993006993006993,284,278,2,0,276,269,43622,8,0,0,8,9
2020-07-15,US,Michigan,Calhoun,630,39,0,42.24633834,-85.00493569,26025.0,469.5920512228028,6.190476190476191,591,622,39,0,583,615,134487,8,0,0,8,7
2020-07-15,US,Michigan,Cass,208,6,0,41.91522292,-85.99405727,26027.0,401.64520053295234,2.8846153846153846,202,197,6,0,191,193,51653,11,0,0,11,4
2020-07-15,US,Michigan,Charlevoix,42,2,0,45.37790017,-85.19614053,26029.0,160.65485980950925,4.761904761904762,40,32,2,0,30,32,26244,10,0,0,10,0
2020-07-15,US,Michigan,Cheboygan,29,2,0,45.44787015,-84.50122149,26031.0,114.73334388352586,6.896551724137932,27,29,2,0,27,27,25413,0,0,0,0,2
2020-07-15,US,Michigan,Chippewa,23,0,0,46.29552653,-84.54353449,26033.0,61.58130070416879,0.0,23,21,0,0,21,20,37517,2,0,0,2,1
2020-07-15,US,Michigan,Clare,35,3,0,43.98794227,-84.84819859999998,26035.0,113.08562197092085,8.571428571428571,32,34,3,0,31,32,30757,1,0,0,1,2
2020-07-15,US,Michigan,Clinton,305,12,0,42.94400871,-84.60145248,26037.0,383.1898988629938,3.9344262295081966,293,296,12,0,284,294,79332,9,0,0,9,2
2020-07-15,US,Michigan,Crawford,84,5,0,44.68255561,-84.61006219,26039.0,598.7597120250907,5.9523809523809526,79,84,5,0,79,84,13901,0,0,0,0,0
2020-07-15,US,Michigan,Delta,37,3,0,45.90484910000001,-86.9080745,26041.0,103.39816677844848,8.108108108108109,34,34,3,0,31,34,35857,3,0,0,3,0
2020-07-15,US,Michigan,Dickinson,21,2,0,46.00999672,-87.86961634,26043.0,83.2045643646737,9.523809523809524,19,21,2,0,19,17,25383,0,0,0,0,4
2020-07-15,US,Michigan,Eaton,360,7,0,42.59599185,-84.83740035,26045.0,326.47730982696703,1.9444444444444444,353,358,7,0,351,358,109826,2,0,0,2,0
2020-07-15,US,Michigan,Emmet,42,2,0,45.52625509,-84.89083249,26047.0,125.69205446655693,4.761904761904762,40,40,2,0,38,40,33308,2,0,0,2,0
2020-07-15,US,Michigan,Federal Correctional Institution (FCI),187,5,0,0.0,0.0,0.0,0.0,2.6737967914438503,182,187,5,0,182,187,,0,0,0,0,0
2020-07-15,US,Michigan,Genesee,2986,291,0,43.02244215,-83.70589709,26049.0,735.806886423057,9.745478901540524,2695,2931,291,0,2640,2916,406892,55,0,0,55,15
2020-07-15,US,Michigan,Gladwin,29,1,0,43.98901072,-84.38774817,26051.0,113.95339699005855,3.4482758620689653,28,28,1,0,27,28,25337,1,0,0,1,0
2020-07-15,US,Michigan,Gogebic,18,1,0,46.40862701,-89.69377193,26053.0,128.8014311270125,5.5555555555555545,17,16,1,0,15,14,15096,2,0,0,2,2
2020-07-15,US,Michigan,Grand Traverse,104,5,0,44.69565625,-85.55585247,26055.0,111.72224132004123,4.807692307692308,99,99,5,0,94,90,92573,5,0,0,5,9
2020-07-15,US,Michigan,Gratiot,107,14,0,43.29265605,-84.60505416,26057.0,262.82822824298097,13.08411214953271,93,107,14,0,93,107,40599,0,0,0,0,0
2020-07-15,US,Michigan,Hillsdale,212,25,0,41.88753639,-84.59312019,26059.0,464.8613090669882,11.79245283018868,187,211,25,0,186,208,45749,1,0,0,1,3
2020-07-15,US,Michigan,Houghton,31,0,0,46.89988536,-88.68495385,26061.0,86.87366887120277,0.0,31,30,0,0,30,27,36219,1,0,0,1,3
2020-07-15,US,Michigan,Huron,86,3,0,43.83353985,-83.04078453,26063.0,277.58949033278464,3.4883720930232562,83,80,3,0,77,78,31166,6,0,0,6,2
2020-07-15,US,Michigan,Ingham,1210,29,0,42.59716886,-84.37472069,26065.0,413.8081981901876,2.396694214876033,1181,1207,29,0,1178,1187,292735,3,0,0,3,20
2020-07-15,US,Michigan,Ionia,221,5,0,42.94502238,-85.07413319,26067.0,341.592345858386,2.262443438914027,216,218,5,0,213,211,64210,3,0,0,3,7
2020-07-15,US,Michigan,Iosco,122,11,0,44.35486835,-83.63484895,26069.0,485.533489871453,9.016393442622949,111,122,11,0,111,122,25081,0,0,0,0,0
2020-07-15,US,Michigan,Iron,8,1,0,46.20974132,-88.53136251,26071.0,72.29351165732875,12.5,7,8,1,0,7,8,11117,0,0,0,0,0
2020-07-15,US,Michigan,Isabella,174,8,0,43.64060976,-84.84664923,26073.0,249.0267918479505,4.597701149425287,166,163,8,0,155,161,70562,11,0,0,11,2
2020-07-15,US,Michigan,Jackson,560,32,0,42.24807035,-84.42258681,26075.0,353.2900132483755,5.7142857142857135,528,558,32,0,526,555,158823,2,0,0,2,3
2020-07-15,US,Michigan,Kalamazoo,1268,71,0,42.24542231,-85.53038622,26077.0,478.3714244754137,5.5993690851735005,1197,1252,71,0,1181,1237,264870,16,0,0,16,15
2020-07-15,US,Michigan,Kalkaska,43,3,0,44.68512729,-85.09085699,26079.0,238.38563033595744,6.9767441860465125,40,42,2,0,40,42,17824,1,1,0,0,0
2020-07-15,US,Michigan,Kent,6061,145,0,43.03197711,-85.54934642,26081.0,922.5898273093286,2.392344497607656,5916,5982,145,0,5837,5885,653786,79,0,0,79,97
2020-07-15,US,Michigan,Keweenaw,2,0,0,47.63197653,-88.41434263,26083.0,94.5179584120983,0.0,2,2,0,0,2,1,2113,0,0,0,0,1
2020-07-15,US,Michigan,Lake,13,0,0,43.99050893,-85.802173,26085.0,109.67687505272929,0.0,13,14,0,0,14,12,11881,-1,0,0,-1,2
2020-07-15,US,Michigan,Lapeer,333,32,0,43.09052506,-83.22153148,26087.0,380.10661248530363,9.60960960960961,301,331,32,0,299,325,88028,2,0,0,2,6
2020-07-15,US,Michigan,Leelanau,47,0,0,44.94430054,-85.80150326,26089.0,215.98272138228938,0.0,47,46,0,0,46,42,21764,1,0,0,1,4
2020-07-15,US,Michigan,Lenawee,291,11,0,41.89475156,-84.06603727,26091.0,295.5785111375202,3.7800687285223367,280,285,11,0,274,283,98266,6,0,0,6,2
2020-07-15,US,Michigan,Livingston,629,28,0,42.60302282,-83.91297209,26093.0,327.6126982473502,4.4515103338632755,601,619,28,0,591,618,191224,10,0,0,10,1
2020-07-15,US,Michigan,Luce,3,0,0,46.47227431,-85.54471223,26095.0,48.16182372772515,0.0,3,3,0,0,3,3,6283,0,0,0,0,0
2020-07-15,US,Michigan,Mackinac,9,0,0,46.07028979,-85.04980537,26097.0,83.34105009723123,0.0,9,9,0,0,9,9,10787,0,0,0,0,0
2020-07-15,US,Michigan,Macomb,8037,929,0,42.69158356,-82.92752801,26099.0,919.5946780903737,11.559039442578076,7108,7922,929,0,6993,7877,874759,115,0,0,115,45
2020-07-15,US,Michigan,Manistee,30,0,0,44.33352407,-86.05626916,26101.0,122.1597849987784,0.0,30,29,0,0,29,29,24528,1,0,0,1,0
2020-07-15,US,Michigan,Marquette,98,11,0,46.4338914,-87.64043701,26103.0,146.92873956131274,11.224489795918366,87,96,11,0,85,90,66516,2,0,0,2,6
2020-07-15,US,Michigan,Mason,80,0,0,43.99509218,-86.24988902,26105.0,274.49903925336264,0.0,80,79,0,0,79,76,29100,1,0,0,1,3
2020-07-15,US,Michigan,Mecosta,42,2,0,43.64064262,-85.32463223,26107.0,96.65615722734907,4.761904761904762,40,40,2,0,38,40,43545,2,0,0,2,0
2020-07-15,US,Michigan,Menominee,51,0,0,45.58038692,-87.55370409,26109.0,223.88059701492537,0.0,51,49,0,0,49,45,22983,2,0,0,2,4
2020-07-15,US,Michigan,Michigan Department of Corrections (MDOC),4115,68,0,0.0,0.0,0.0,0.0,1.6524908869987849,4047,4115,68,0,4047,4111,,0,0,0,0,4
2020-07-15,US,Michigan,Midland,202,9,0,43.64330771,-84.38804374,26111.0,242.9169272211265,4.455445544554456,193,192,9,0,183,184,83209,10,0,0,10,8
2020-07-15,US,Michigan,Missaukee,37,1,0,44.33772443,-85.09256478,26113.0,244.7413679058076,2.702702702702702,36,37,1,0,36,36,15113,0,0,0,0,1
2020-07-15,US,Michigan,Monroe,693,23,0,41.92734151,-83.53749864,26115.0,460.46511627906983,3.3189033189033186,670,673,23,0,650,671,150439,20,0,0,20,2
2020-07-15,US,Michigan,Montcalm,129,1,0,43.31082541,-85.15252824,26117.0,201.91585274229905,0.7751937984496124,128,128,1,0,127,127,63968,1,0,0,1,1
2020-07-15,US,Michigan,Montmorency,7,0,0,45.0275929,-84.12696227,26119.0,75.04288164665523,0.0,7,7,0,0,7,7,9265,0,0,0,0,0
2020-07-15,US,Michigan,Muskegon,958,54,0,43.29123859,-86.15176712,26121.0,551.9514190567277,5.636743215031316,904,944,54,0,890,937,173588,14,0,0,14,7
2020-07-15,US,Michigan,Newaygo,204,0,0,43.554373999999996,-85.80070107,26123.0,416.49652919558997,0.0,204,200,0,0,200,201,48892,4,0,0,4,-1
2020-07-15,US,Michigan,Oakland,13022,1110,0,42.66090111,-83.38595416,26125.0,1035.4775506049696,8.524036246352328,11912,12814,1109,0,11705,12752,1259201,208,1,0,207,62
2020-07-15,US,Michigan,Oceana,414,5,0,43.64124435,-86.26726673,26127.0,1564.2120376317678,1.207729468599034,409,407,5,0,402,406,26625,7,0,0,7,1
2020-07-15,US,Michigan,Ogemaw,46,2,0,44.33481032,-84.12725175,26129.0,219.07891603562413,4.3478260869565215,44,46,2,0,44,46,20952,0,0,0,0,0
2020-07-15,US,Michigan,Ontonagon,1,0,0,46.665226200000006,-89.31390481,26131.0,17.482517482517483,0.0,1,1,0,0,1,1,5795,0,0,0,0,0
2020-07-15,US,Michigan,Osceola,52,0,0,43.98992088,-85.32566756,26133.0,221.6538789428815,0.0,52,52,0,0,52,49,23341,0,0,0,0,3
2020-07-15,US,Michigan,Oscoda,23,1,0,44.68192279,-84.12939244,26135.0,279.09234316223757,4.3478260869565215,22,23,1,0,22,23,8276,0,0,0,0,0
2020-07-15,US,Michigan,Otsego,126,10,0,45.02085831,-84.59898295,26137.0,510.78320090805914,7.936507936507938,116,125,10,0,115,125,24665,1,0,0,1,0
2020-07-15,US,Michigan,Ottawa,1366,53,0,42.95996803,-85.9969107,26139.0,468.0807319329747,3.879941434846266,1313,1333,53,0,1280,1302,290494,33,0,0,33,31
2020-07-15,US,Michigan,Out of MI,56,0,0,0.0,0.0,80026.0,0.0,0.0,56,52,0,0,52,79,,4,0,0,4,-27
2020-07-15,US,Michigan,Presque Isle,14,0,0,45.34018577,-83.91498656,26141.0,111.18170266836088,0.0,14,15,0,0,15,16,12738,-1,0,0,-1,-1
2020-07-15,US,Michigan,Roscommon,38,0,0,44.33473082,-84.61067651,26143.0,158.20808526583122,0.0,38,34,0,0,34,34,23884,4,0,0,4,0
2020-07-15,US,Michigan,Saginaw,1457,125,0,43.33433923,-84.05131209999998,26145.0,764.672849128,8.579272477693891,1332,1432,125,0,1307,1418,190800,25,0,0,25,14
2020-07-15,US,Michigan,Sanilac,59,6,0,43.42406072,-82.82055898,26151.0,143.30823415108088,10.169491525423727,53,57,6,0,51,57,41182,2,0,0,2,0
2020-07-15,US,Michigan,Schoolcraft,7,0,0,46.19235734,-86.19972234,26153.0,86.48381517173216,0.0,7,7,0,0,7,7,8068,0,0,0,0,0
2020-07-15,US,Michigan,Shiawassee,285,28,0,42.95392800000001,-84.14585902,26155.0,418.36704735621385,9.824561403508772,257,285,28,0,257,284,68192,0,0,0,0,1
2020-07-15,US,Michigan,St. Clair,622,53,0,42.92655373,-82.67937954,26147.0,390.8802976220401,8.520900321543408,569,615,53,0,562,612,159337,7,0,0,7,3
2020-07-15,US,Michigan,St. Joseph,414,5,0,41.91441767,-85.52797979,26149.0,679.0892986024537,1.207729468599034,409,406,5,0,401,388,61043,8,0,0,8,18
2020-07-15,US,Michigan,Tuscola,244,27,0,43.46606813,-83.41897025,26157.0,467.0303378313714,11.065573770491802,217,243,27,0,216,244,52516,1,0,0,1,-1
2020-07-15,US,Michigan,Unassigned,5,0,0,0.0,0.0,90026.0,0.0,0.0,5,23,0,0,23,5,,-18,0,0,-18,18
2020-07-15,US,Michigan,Van Buren,286,9,0,42.25190229,-86.01939087,26159.0,377.92195779431,3.1468531468531467,277,279,9,0,270,273,75448,7,0,0,7,6
2020-07-15,US,Michigan,Washtenaw,1993,109,0,42.253105,-83.83853204,26161.0,542.1639222961853,5.469141996989462,1884,1955,108,0,1847,1938,370963,38,1,0,37,17
2020-07-15,US,Michigan,Wayne,24525,2762,0,42.28098405,-83.281255,26163.0,1401.9549053558967,11.261977573904181,21763,24270,2762,0,21508,24076,1753893,255,0,0,255,194
2020-07-15,US,Michigan,Wexford,55,4,0,44.33853602,-85.57712739,26165.0,163.53959144836608,7.272727272727272,51,53,4,0,49,54,33466,2,0,0,2,-1
2020-07-15,US,Minnesota,Aitkin,17,0,0,46.60962049,-93.41168259999999,27001.0,107.01246380460785,0.0,17,17,0,0,17,16,15902,0,0,0,0,1
2020-07-15,US,Minnesota,Anoka,2510,115,0,45.27476015,-93.24604565,27003.0,703.2368507316745,4.581673306772909,2395,2477,114,0,2363,2458,353813,33,1,0,32,19
2020-07-15,US,Minnesota,Becker,69,0,0,46.93479392,-95.67158144,27005.0,200.44737530139733,0.0,69,69,0,0,69,68,34371,0,0,0,0,1
2020-07-15,US,Minnesota,Beltrami,62,0,0,47.97373527,-94.93732139,27007.0,131.38933627193353,0.0,62,58,0,0,58,55,46847,4,0,0,4,3
2020-07-15,US,Minnesota,Benton,250,3,0,45.69804958,-93.99514135,27009.0,611.4113820342881,1.2,247,243,3,0,240,242,40545,7,0,0,7,1
2020-07-15,US,Minnesota,Big Stone,18,0,0,45.42712824,-96.41403739,27011.0,360.649168503306,0.0,18,18,0,0,18,18,4989,0,0,0,0,0
2020-07-15,US,Minnesota,Blue Earth,629,2,0,44.03554215,-94.06699781,27013.0,929.744431141265,0.3179650238473768,627,600,2,0,598,586,67427,29,0,0,29,14
2020-07-15,US,Minnesota,Brown,53,2,0,44.24205652,-94.72562874,27015.0,211.9321817018554,3.7735849056603774,51,51,2,0,49,49,25111,2,0,0,2,2
2020-07-15,US,Minnesota,Carlton,96,0,0,46.59180601,-92.67601019,27017.0,267.6256586100193,0.0,96,96,0,0,96,94,35837,0,0,0,0,2
2020-07-15,US,Minnesota,Carver,518,2,0,44.82017001,-93.80099179999999,27019.0,492.91552874230416,0.3861003861003861,516,509,2,0,507,500,103551,9,0,0,9,9
2020-07-15,US,Minnesota,Cass,22,2,0,46.95043611,-94.32603968,27021.0,73.8775647268209,9.090909090909092,20,21,2,0,19,20,29519,1,0,0,1,1
2020-07-15,US,Minnesota,Chippewa,84,1,0,45.02343421,-95.56403693,27023.0,711.8644067796611,1.1904761904761905,83,82,1,0,81,81,11924,2,0,0,2,1
2020-07-15,US,Minnesota,Chisago,113,1,0,45.5021011,-92.90861945,27025.0,199.72074444581912,0.8849557522123894,112,112,1,0,111,111,55922,1,0,0,1,1
2020-07-15,US,Minnesota,Clay,632,38,0,46.89289518,-96.48761922,27027.0,984.086450126125,6.012658227848102,594,627,38,0,589,620,63955,5,0,0,5,7
2020-07-15,US,Minnesota,Clearwater,14,0,0,47.57992111,-95.37790562,27029.0,158.76616012701294,0.0,14,14,0,0,14,15,8810,0,0,0,0,-1
2020-07-15,US,Minnesota,Cook,1,0,0,47.90504893,-90.52629546,27031.0,18.304960644334614,0.0,1,1,0,0,1,1,5393,0,0,0,0,0
2020-07-15,US,Minnesota,Cottonwood,144,0,0,44.00715262,-95.18138802,27033.0,1286.1736334405145,0.0,144,142,0,0,142,142,11277,2,0,0,2,0
2020-07-15,US,Minnesota,Crow Wing,119,12,0,46.48096553,-94.06755609,27035.0,182.92214280224425,10.084033613445378,107,116,12,0,104,115,64889,3,0,0,3,1
2020-07-15,US,Minnesota,Dakota,2852,97,0,44.67172617,-93.06299363,27037.0,664.7693236461619,3.401122019635344,2755,2781,96,0,2685,2753,425423,71,1,0,70,28
2020-07-15,US,Minnesota,Dodge,105,0,0,44.02238415,-92.86244324,27039.0,501.57638291774146,0.0,105,100,0,0,100,99,20822,5,0,0,5,1
2020-07-15,US,Minnesota,Douglas,83,0,0,45.93348491,-95.45335469,27041.0,217.61359167300282,0.0,83,75,0,0,75,74,37964,8,0,0,8,1
2020-07-15,US,Minnesota,Faribault,64,0,0,43.67381499,-93.94787458,27043.0,468.76144437120047,0.0,64,64,0,0,64,61,13758,0,0,0,0,3
2020-07-15,US,Minnesota,Fillmore,38,0,0,43.67394126,-92.08980382,27045.0,180.376892770684,0.0,38,38,0,0,38,36,21058,0,0,0,0,2
2020-07-15,US,Minnesota,Freeborn,316,0,0,43.67385583,-93.34884422,27047.0,1043.5586671510187,0.0,316,316,0,0,316,314,30444,0,0,0,0,2
2020-07-15,US,Minnesota,Goodhue,146,8,0,44.40849741,-92.72341949999999,27049.0,315.06258092360815,5.479452054794519,138,142,8,0,134,142,46403,4,0,0,4,0
2020-07-15,US,Minnesota,Grant,31,1,0,45.93424769,-96.01139609,27051.0,519.0890823844609,3.2258064516129035,30,31,0,0,31,32,6021,0,1,0,-1,-1
2020-07-15,US,Minnesota,Hennepin,13948,793,0,45.00761521,-93.47694895,27053.0,1101.8744030657829,5.6854029251505604,13155,13790,791,0,12999,13697,1259428,158,2,0,156,93
2020-07-15,US,Minnesota,Houston,32,0,0,43.67129565,-91.49143057,27055.0,172.04301075268813,0.0,32,32,0,0,32,32,18578,0,0,0,0,0
2020-07-15,US,Minnesota,Hubbard,12,0,0,47.10778564,-94.91693868,27057.0,55.837327253268825,0.0,12,11,0,0,11,10,21332,1,0,0,1,1
2020-07-15,US,Minnesota,Isanti,86,0,0,45.56181234,-93.29487636,27059.0,211.8435313824022,0.0,86,84,0,0,84,83,39966,2,0,0,2,1
2020-07-15,US,Minnesota,Itasca,79,12,0,47.51009045,-93.63092229,27061.0,175.0498559716375,15.189873417721516,67,76,12,0,64,76,45108,3,0,0,3,0
2020-07-15,US,Minnesota,Jackson,59,0,0,43.67423373,-95.15398258,27063.0,599.2281129392646,0.0,59,58,0,0,58,58,9911,1,0,0,1,0
2020-07-15,US,Minnesota,Kanabec,18,1,0,45.9459309,-93.29275192,27065.0,110.17934749341984,5.5555555555555545,17,18,1,0,17,18,16207,0,0,0,0,0
2020-07-15,US,Minnesota,Kandiyohi,600,1,0,45.1526059,-95.00586446,27067.0,1388.9210398388852,0.16666666666666666,599,595,1,0,594,595,42855,5,0,0,5,0
2020-07-15,US,Minnesota,Kittson,2,0,0,48.77754106,-96.78317184,27069.0,46.533271288971605,0.0,2,2,0,0,2,2,4248,0,0,0,0,0
2020-07-15,US,Minnesota,Koochiching,26,1,0,48.24539665,-93.78352843,27071.0,212.60937116689843,3.8461538461538463,25,24,1,0,23,22,12440,2,0,0,2,2
2020-07-15,US,Minnesota,Lac qui Parle,6,0,0,44.9973857,-96.17488219,27073.0,90.59338668277216,0.0,6,6,0,0,6,5,6658,0,0,0,0,1
2020-07-15,US,Minnesota,Lake,10,0,0,47.64270764,-91.44557998,27075.0,93.976130062964,0.0,10,9,0,0,9,9,10658,1,0,0,1,0
2020-07-15,US,Minnesota,Le Sueur,142,1,0,44.37136597,-93.72844721,27079.0,491.570602693253,0.7042253521126759,141,142,1,0,141,136,28494,0,0,0,0,6
2020-07-15,US,Minnesota,Lincoln,33,0,0,44.41311883,-96.26688165,27081.0,585.2101436424898,0.0,33,32,0,0,32,25,5673,1,0,0,1,7
2020-07-15,US,Minnesota,Lyon,364,2,0,44.41327865,-95.83806103,27083.0,1428.9079061003374,0.5494505494505495,362,359,2,0,357,351,25629,5,0,0,5,8
2020-07-15,US,Minnesota,Mahnomen,13,1,0,47.32557075,-95.80921485,27087.0,235.20897412701282,7.6923076923076925,12,13,1,0,12,13,5519,0,0,0,0,0
2020-07-15,US,Minnesota,Marshall,17,0,0,48.35825983,-96.37017407,27089.0,182.09083119108826,0.0,17,16,0,0,16,16,9390,1,0,0,1,0
2020-07-15,US,Minnesota,Martin,180,5,0,43.67429718,-94.55099908,27091.0,914.4947416552354,2.7777777777777777,175,176,5,0,171,175,19785,4,0,0,4,1
2020-07-15,US,Minnesota,McLeod,102,0,0,44.82367677,-94.27287017,27085.0,284.1779734210013,0.0,102,102,0,0,102,103,35873,0,0,0,0,-1
2020-07-15,US,Minnesota,Meeker,67,1,0,45.12328869,-94.52839455,27093.0,288.5195073637068,1.492537313432836,66,66,1,0,65,66,23141,1,0,0,1,0
2020-07-15,US,Minnesota,Mille Lacs,41,2,0,45.93705297,-93.63236823,27095.0,156.02998820261064,4.878048780487805,39,40,2,0,38,41,26139,1,0,0,1,-1
2020-07-15,US,Minnesota,Morrison,70,1,0,46.01265363,-94.27341528,27097.0,209.6687234170012,1.4285714285714286,69,70,1,0,69,69,33169,0,0,0,0,1
2020-07-15,US,Minnesota,Mower,994,2,0,43.67142874,-92.75234549,27099.0,2481.154210972992,0.2012072434607646,992,990,2,0,988,987,40011,4,0,0,4,3
2020-07-15,US,Minnesota,Murray,86,0,0,44.02216709,-95.76328482,27101.0,1049.5484500854284,0.0,86,85,0,0,85,83,8276,1,0,0,1,2
2020-07-15,US,Minnesota,Nicollet,215,13,0,44.35291112,-94.24710352,27103.0,627.2976600338449,6.046511627906978,202,212,12,0,200,207,34220,3,1,0,2,5
2020-07-15,US,Minnesota,Nobles,1698,6,0,43.67434621,-95.75329576,27105.0,7850.570992648759,0.353356890459364,1692,1697,6,0,1691,1694,21924,1,0,0,1,3
2020-07-15,US,Minnesota,Norman,21,0,0,47.32628443,-96.45620947,27107.0,329.4117647058824,0.0,21,21,0,0,21,21,6475,0,0,0,0,0
2020-07-15,US,Minnesota,Olmsted,1336,20,0,44.00374114,-92.40209944,27109.0,844.0044727183134,1.497005988023952,1316,1319,20,0,1299,1302,156277,17,0,0,17,17
2020-07-15,US,Minnesota,Otter Tail,123,1,0,46.40846929,-95.70835255,27111.0,209.3759575120008,0.8130081300813008,122,121,1,0,120,115,58812,2,0,0,2,6
2020-07-15,US,Minnesota,Pennington,55,0,0,48.06642577,-96.0370814,27113.0,389.5460018414902,0.0,55,54,0,0,54,54,14178,1,0,0,1,0
2020-07-15,US,Minnesota,Pine,115,0,0,46.12105238,-92.74070188,27115.0,388.7893437912032,0.0,115,114,0,0,114,115,29483,1,0,0,1,-1
2020-07-15,US,Minnesota,Pipestone,97,5,0,44.02301619,-96.25841142,27117.0,1062.8972167433706,5.154639175257731,92,90,4,0,86,86,9047,7,1,0,6,4
2020-07-15,US,Minnesota,Polk,90,3,0,47.77372465,-96.40134647,27119.0,286.9531947455682,3.333333333333333,87,89,3,0,86,90,31529,1,0,0,1,-1
2020-07-15,US,Minnesota,Pope,19,0,0,45.58606667,-95.44451209,27121.0,168.90390256911724,0.0,19,14,0,0,14,13,11097,5,0,0,5,1
2020-07-15,US,Minnesota,Ramsey,5397,238,0,45.01625271,-93.09872295,27123.0,980.700354883786,4.409857328145267,5159,5357,237,0,5120,5313,550210,40,1,0,39,44
2020-07-15,US,Minnesota,Red Lake,5,0,0,47.87197525,-96.09561104,27125.0,123.30456226880396,0.0,5,5,0,0,5,5,3999,0,0,0,0,0
2020-07-15,US,Minnesota,Redwood,25,0,0,44.40555844,-95.25207021,27127.0,164.79894528675015,0.0,25,25,0,0,25,25,15249,0,0,0,0,0
2020-07-15,US,Minnesota,Renville,37,3,0,44.72836381,-94.94553734,27129.0,254.3304921638713,8.108108108108109,34,37,3,0,34,37,14612,0,0,0,0,0
2020-07-15,US,Minnesota,Rice,898,8,0,44.3543376,-93.29658715,27131.0,1340.858866391925,0.8908685968819601,890,895,8,0,887,892,66523,3,0,0,3,3
2020-07-15,US,Minnesota,Rock,35,0,0,43.67482683,-96.25296832,27133.0,375.7380568974772,0.0,35,35,0,0,35,35,9414,0,0,0,0,0
2020-07-15,US,Minnesota,Roseau,29,0,0,48.77501878,-95.81079919,27135.0,191.2298054731289,0.0,29,30,0,0,30,28,15150,-1,0,0,-1,2
2020-07-15,US,Minnesota,Scott,953,4,0,44.6490231,-93.53340251,27139.0,639.5415165119823,0.4197271773347324,949,923,4,0,919,899,147381,30,0,0,30,24
2020-07-15,US,Minnesota,Sherburne,375,5,0,45.44447208,-93.77617511,27141.0,385.6516999526934,1.3333333333333333,370,371,5,0,366,372,96036,4,0,0,4,-1
2020-07-15,US,Minnesota,Sibley,59,2,0,44.5796592,-94.23164924,27143.0,396.9054826774302,3.3898305084745757,57,58,2,0,56,57,15028,1,0,0,1,1
2020-07-15,US,Minnesota,St. Louis,249,16,0,47.604840700000004,-92.46879855,27137.0,125.08162957753555,6.42570281124498,233,241,16,0,225,238,199754,8,0,0,8,3
2020-07-15,US,Minnesota,Stearns,2575,19,0,45.55192576,-94.61078221,27145.0,1598.6341766257956,0.7378640776699029,2556,2549,19,0,2530,2536,159256,26,0,0,26,13
2020-07-15,US,Minnesota,Steele,266,1,0,44.02240351,-93.22627088,27147.0,725.8042511391852,0.3759398496240601,265,266,1,0,265,250,36803,0,0,0,0,16
2020-07-15,US,Minnesota,Stevens,11,0,0,45.58613007,-96.00163705,27149.0,112.18765935747068,0.0,11,11,0,0,11,11,9753,0,0,0,0,0
2020-07-15,US,Minnesota,Swift,39,1,0,45.2829032,-95.68264092,27151.0,420.8935894668682,2.5641025641025643,38,35,1,0,34,35,9345,4,0,0,4,0
2020-07-15,US,Minnesota,Todd,405,2,0,46.06996226,-94.89785296,27153.0,1642.0694129095034,0.4938271604938271,403,404,2,0,402,404,24582,1,0,0,1,0
2020-07-15,US,Minnesota,Traverse,8,0,0,45.77298854,-96.47062949,27155.0,245.474071801166,0.0,8,8,0,0,8,7,3308,0,0,0,0,1
2020-07-15,US,Minnesota,Unassigned,94,40,0,0.0,0.0,90027.0,0.0,42.5531914893617,54,92,38,0,54,88,,2,2,0,0,4
2020-07-15,US,Minnesota,Wabasha,46,0,0,44.28424356,-92.23121312,27157.0,212.69709159846488,0.0,46,44,0,0,44,43,21645,2,0,0,2,1
2020-07-15,US,Minnesota,Wadena,18,0,0,46.58589171,-94.96968506,27159.0,131.5597134921795,0.0,18,18,0,0,18,18,13773,0,0,0,0,0
2020-07-15,US,Minnesota,Waseca,82,0,0,44.02211116,-93.58720034,27161.0,440.5759724908661,0.0,82,80,0,0,80,80,18691,2,0,0,2,0
2020-07-15,US,Minnesota,Washington,1344,41,0,45.03864533,-92.88429635,27163.0,512.1170553269318,3.050595238095238,1303,1324,41,0,1283,1306,259201,20,0,0,20,18
2020-07-15,US,Minnesota,Watonwan,273,0,0,43.97823903,-94.61413846,27165.0,2505.2766816555013,0.0,273,272,0,0,272,272,10980,1,0,0,1,0
2020-07-15,US,Minnesota,Wilkin,23,3,0,46.35721532,-96.4684375,27167.0,370.54937973256006,13.043478260869565,20,23,3,0,20,22,6254,0,0,0,0,1
2020-07-15,US,Minnesota,Winona,156,15,0,43.98772283,-91.78081305,27169.0,309.0087948657,9.615384615384617,141,153,15,0,138,150,50825,3,0,0,3,3
2020-07-15,US,Minnesota,Wright,564,5,0,45.17297924,-93.96234781,27171.0,407.5821849006698,0.8865248226950354,559,555,5,0,550,547,136349,9,0,0,9,8
2020-07-15,US,Minnesota,Yellow Medicine,34,0,0,44.71710183,-95.86842453,27173.0,350.19054485528886,0.0,34,32,0,0,32,31,9795,2,0,0,2,1
2020-07-15,US,Mississippi,Adams,392,21,0,31.47669768,-91.35326037,28001.0,1277.1641742416834,5.357142857142857,371,388,20,0,368,367,31192,4,1,0,3,21
2020-07-15,US,Mississippi,Alcorn,123,2,0,34.88084463,-88.57996173,28003.0,332.85524855898035,1.6260162601626016,121,113,2,0,111,111,36925,10,0,0,10,2
2020-07-15,US,Mississippi,Amite,124,3,0,31.17467303,-90.80501621,28005.0,1008.3760266731723,2.419354838709677,121,118,3,0,115,111,12326,6,0,0,6,7
2020-07-15,US,Mississippi,Attala,394,24,0,33.08658803,-89.57838564,28007.0,2167.932210850666,6.091370558375634,370,390,24,0,366,386,18365,4,0,0,4,4
2020-07-15,US,Mississippi,Benton,58,0,0,34.81681228,-89.18945516,28009.0,702.2641966339751,0.0,58,49,0,0,49,47,8271,9,0,0,9,2
2020-07-15,US,Mississippi,Bolivar,463,18,0,33.79696941,-90.87372121,28011.0,1511.6886509076662,3.887688984881209,445,428,18,0,410,416,31333,35,0,0,35,12
2020-07-15,US,Mississippi,Calhoun,187,5,0,33.93683395,-89.33686647,28013.0,1302.1377341410764,2.6737967914438503,182,176,5,0,171,170,14436,11,0,0,11,6
2020-07-15,US,Mississippi,Carroll,196,11,0,33.44834567,-89.91994479,28015.0,1970.4433497536945,5.612244897959183,185,189,11,0,178,183,9911,7,0,0,7,6
2020-07-15,US,Mississippi,Chickasaw,313,19,0,33.91983202,-88.9481545,28017.0,1830.0882886043385,6.070287539936103,294,304,19,0,285,302,17171,9,0,0,9,2
2020-07-15,US,Mississippi,Choctaw,79,4,0,33.34598242,-89.24809382,28019.0,962.2411693057248,5.063291139240507,75,76,4,0,72,76,8278,3,0,0,3,0
2020-07-15,US,Mississippi,Claiborne,322,12,0,31.97061673,-90.90702196,28021.0,3582.5545171339563,3.7267080745341614,310,318,11,0,307,315,9002,4,1,0,3,3
2020-07-15,US,Mississippi,Clarke,241,25,0,32.04158545,-88.68896219999998,28023.0,1550.7367608262016,10.37344398340249,216,234,25,0,209,228,15604,7,0,0,7,6
2020-07-15,US,Mississippi,Clay,274,11,0,33.65358105,-88.77784255,28025.0,1418.513149720439,4.014598540145985,263,268,11,0,257,262,19386,6,0,0,6,6
2020-07-15,US,Mississippi,Coahoma,251,6,0,34.22772299,-90.60415045,28027.0,1134.5145543301394,2.3904382470119523,245,237,6,0,231,235,22628,14,0,0,14,2
2020-07-15,US,Mississippi,Copiah,696,16,0,31.86977774,-90.44565118,28029.0,2479.9572421165153,2.2988505747126435,680,690,16,0,674,675,28543,6,0,0,6,15
2020-07-15,US,Mississippi,Covington,473,5,0,31.63225413,-89.55389939,28031.0,2538.0983043571578,1.0570824524312896,468,466,5,0,461,450,18853,7,0,0,7,16
2020-07-15,US,Mississippi,DeSoto,2112,20,0,34.87625235,-89.99091418,28033.0,1141.9611235772795,0.946969696969697,2092,2050,20,0,2030,2009,182001,62,0,0,62,41
2020-07-15,US,Mississippi,Forrest,1105,44,0,31.18961454,-89.25832496,28035.0,1475.3594937046878,3.9819004524886883,1061,1071,43,0,1028,1043,75036,34,1,0,33,28
2020-07-15,US,Mississippi,Franklin,60,2,0,31.47786634,-90.89672989,28037.0,777.9074290159471,3.333333333333333,58,58,2,0,56,57,7788,2,0,0,2,1
2020-07-15,US,Mississippi,George,131,3,0,30.86259065,-88.64436789,28039.0,534.6938775510204,2.2900763358778624,128,131,3,0,128,125,24250,0,0,0,0,6
2020-07-15,US,Mississippi,Greene,125,10,0,31.21444233,-88.63922281,28041.0,920.0647725599882,8.0,115,118,10,0,108,116,13586,7,0,0,7,2
2020-07-15,US,Mississippi,Grenada,647,13,0,33.77036166,-89.80245083,28043.0,3116.8706041044416,2.009273570324575,634,634,12,0,622,625,21055,13,1,0,12,9
2020-07-15,US,Mississippi,Hancock,162,14,0,30.41830223,-89.48851033,28045.0,340.1074907625126,8.641975308641975,148,158,13,0,145,152,47334,4,1,0,3,6
2020-07-15,US,Mississippi,Harrison,1260,17,0,30.51359752,-89.12467576,28047.0,605.5363321799307,1.3492063492063493,1243,1231,16,0,1215,1183,206650,29,1,0,28,48
2020-07-15,US,Mississippi,Hinds,3188,59,0,32.2656285,-90.44435448,28049.0,1375.086266390614,1.85069008782936,3129,3102,58,0,3044,3041,237085,86,1,0,85,61
2020-07-15,US,Mississippi,Holmes,614,42,0,33.12345854,-90.08923538,28051.0,3609.641387419165,6.840390879478828,572,608,42,0,566,598,17622,6,0,0,6,10
2020-07-15,US,Mississippi,Humphreys,184,10,0,33.12825718,-90.52252707,28053.0,2281.7460317460323,5.434782608695652,174,178,10,0,168,174,8257,6,0,0,6,4
2020-07-15,US,Mississippi,Issaquena,11,1,0,32.72531359,-90.97392828,28055.0,828.9374529012813,9.090909090909092,10,11,1,0,10,11,1308,0,0,0,0,0
2020-07-15,US,Mississippi,Itawamba,163,8,0,34.27993475,-88.3606733,28057.0,696.8790081231296,4.9079754601227,155,152,8,0,144,147,23517,11,0,0,11,5
2020-07-15,US,Mississippi,Jackson,828,20,0,30.54020656,-88.64184064,28059.0,576.5334187456916,2.415458937198068,808,809,19,0,790,804,143277,19,1,0,18,5
2020-07-15,US,Mississippi,Jasper,301,6,0,32.01922104,-89.11786866,28061.0,1837.270341207349,1.9933554817275747,295,295,6,0,289,282,16428,6,0,0,6,13
2020-07-15,US,Mississippi,Jefferson,135,3,0,31.73397872,-91.03764977,28063.0,1931.3304721030042,2.2222222222222223,132,135,3,0,132,137,7106,0,0,0,0,-2
2020-07-15,US,Mississippi,Jefferson Davis,130,4,0,31.56884708,-89.82670990000004,28065.0,1168.2242990654206,3.0769230769230766,126,129,4,0,125,125,11234,1,0,0,1,4
2020-07-15,US,Mississippi,Jones,1266,51,0,31.62257767,-89.16896899999998,28067.0,1859.0854356956152,4.028436018957346,1215,1254,50,0,1204,1231,68461,12,1,0,11,23
2020-07-15,US,Mississippi,Kemper,189,14,0,32.75462946,-88.64105766,28069.0,1940.0533771299527,7.407407407407407,175,184,14,0,170,184,10027,5,0,0,5,0
2020-07-15,US,Mississippi,Lafayette,536,4,0,34.35687874,-89.48490961,28071.0,992.2434698902237,0.746268656716418,532,527,4,0,523,509,54793,9,0,0,9,18
2020-07-15,US,Mississippi,Lamar,625,7,0,31.20572971,-89.5077704,28073.0,986.6915049808188,1.12,618,612,7,0,605,584,62447,13,0,0,13,28
2020-07-15,US,Mississippi,Lauderdale,983,83,0,32.40419769,-88.66229662,28075.0,1326.1382799325465,8.443540183112919,900,975,81,0,894,972,75317,8,2,0,6,3
2020-07-15,US,Mississippi,Lawrence,222,2,0,31.55147224,-90.10841127,28077.0,1763.8646114730652,0.9009009009009008,220,218,2,0,216,216,12455,4,0,0,4,2
2020-07-15,US,Mississippi,Leake,664,20,0,32.7536828,-89.52402044,28079.0,2914.0700430088646,3.0120481927710845,644,651,20,0,631,635,22763,13,0,0,13,16
2020-07-15,US,Mississippi,Lee,662,23,0,34.291877500000005,-88.68149954,28081.0,774.8490097851022,3.474320241691843,639,640,23,0,617,630,85202,22,0,0,22,10
2020-07-15,US,Mississippi,Leflore,588,56,0,33.55545125,-90.29900733,28083.0,2086.3641202143135,9.523809523809524,532,569,56,0,513,539,28919,19,0,0,19,30
2020-07-15,US,Mississippi,Lincoln,544,36,0,31.53288662,-90.45391915,28085.0,1592.8322548531607,6.617647058823528,508,541,36,0,505,538,34205,3,0,0,3,3
2020-07-15,US,Mississippi,Lowndes,569,17,0,33.47386518,-88.44191529999998,28087.0,971.0726171175016,2.987697715289982,552,553,17,0,536,549,58930,16,0,0,16,4
2020-07-15,US,Mississippi,Madison,1589,40,0,32.63389156,-90.03513564,28089.0,1495.2198133092443,2.5173064820641917,1549,1560,39,0,1521,1508,105630,29,1,0,28,52
2020-07-15,US,Mississippi,Marion,363,12,0,31.23132643,-89.8209217,28091.0,1477.2311073129044,3.3057851239669422,351,356,12,0,344,349,24715,7,0,0,7,7
2020-07-15,US,Mississippi,Marshall,310,4,0,34.76216286,-89.50299462,28093.0,878.3362611208704,1.2903225806451613,306,307,4,0,303,297,35451,3,0,0,3,10
2020-07-15,US,Mississippi,Monroe,491,39,0,33.89236763,-88.4808438,28095.0,1392.8287756723025,7.942973523421589,452,472,39,0,433,460,35564,19,0,0,19,12
2020-07-15,US,Mississippi,Montgomery,197,3,0,33.49419589,-89.61729103,28097.0,2015.3452685421994,1.5228426395939083,194,190,3,0,187,186,10023,7,0,0,7,4
2020-07-15,US,Mississippi,Neshoba,1059,78,0,32.75339664,-89.11726492,28099.0,3636.925613022872,7.36543909348442,981,1050,77,0,973,1045,29125,9,1,0,8,5
2020-07-15,US,Mississippi,Newton,384,10,0,32.40021118,-89.11843336,28101.0,1827.0054239223525,2.6041666666666665,374,379,10,0,369,377,21443,5,0,0,5,2
2020-07-15,US,Mississippi,Noxubee,286,9,0,33.11009499,-88.56949061,28103.0,2745.512143611405,3.1468531468531467,277,281,9,0,272,279,10535,5,0,0,5,2
2020-07-15,US,Mississippi,Oktibbeha,644,28,0,33.42491685,-88.87905132,28105.0,1298.7274890596325,4.3478260869565215,616,632,28,0,604,623,49599,12,0,0,12,9
2020-07-15,US,Mississippi,Panola,517,6,0,34.36398677,-89.95064249,28107.0,1512.0496022461396,1.1605415860735009,511,469,6,0,463,461,34178,48,0,0,48,8
2020-07-15,US,Mississippi,Pearl River,323,32,0,30.77090935,-89.58677275,28109.0,581.6151976231207,9.907120743034056,291,317,32,0,285,308,55387,6,0,0,6,9
2020-07-15,US,Mississippi,Perry,99,4,0,31.17161885,-88.99281835,28111.0,826.8604359809572,4.040404040404041,95,95,4,0,91,91,11931,4,0,0,4,4
2020-07-15,US,Mississippi,Pike,537,24,0,31.17507789,-90.40392572,28113.0,1366.82956627978,4.46927374301676,513,528,21,0,507,511,39563,9,3,0,6,17
2020-07-15,US,Mississippi,Pontotoc,406,6,0,34.226046000000004,-89.03636807,28115.0,1261.8884813824827,1.477832512315271,400,390,6,0,384,363,31833,16,0,0,16,27
2020-07-15,US,Mississippi,Prentiss,134,4,0,34.61810501,-88.51986294,28117.0,533.3121069808167,2.985074626865672,130,129,4,0,125,127,25315,5,0,0,5,2
2020-07-15,US,Mississippi,Quitman,111,1,0,34.25157572,-90.28908,28119.0,1634.275618374558,0.9009009009009008,110,104,1,0,103,101,7051,7,0,0,7,3
2020-07-15,US,Mississippi,Rankin,1234,20,0,32.26469147,-89.94537876,28121.0,794.7395199361117,1.6207455429497568,1214,1173,20,0,1153,1137,153902,61,0,0,61,36
2020-07-15,US,Mississippi,Scott,843,15,0,32.406704100000006,-89.53789439,28123.0,2997.439908974541,1.7793594306049825,828,837,15,0,822,831,28287,6,0,0,6,6
2020-07-15,US,Mississippi,Sharkey,54,0,0,32.88149103,-90.8159538,28125.0,1249.7107151122425,0.0,54,52,0,0,52,48,4377,2,0,0,2,4
2020-07-15,US,Mississippi,Simpson,480,3,0,31.91282117,-89.91716179,28127.0,1800.5851901868107,0.625,477,461,3,0,458,453,26758,19,0,0,19,8
2020-07-15,US,Mississippi,Smith,263,12,0,32.01744532,-89.50644846,28129.0,1652.42523247047,4.56273764258555,251,261,12,0,249,256,16002,2,0,0,2,5
2020-07-15,US,Mississippi,Stone,85,2,0,30.79187949,-89.11547539,28131.0,463.56893542757416,2.3529411764705883,83,80,2,0,78,77,18717,5,0,0,5,3
2020-07-15,US,Mississippi,Sunflower,565,9,0,33.60192578,-90.58882684,28133.0,2250.099561927519,1.5929203539823011,556,526,9,0,517,505,25735,39,0,0,39,21
2020-07-15,US,Mississippi,Tallahatchie,239,4,0,33.95339918,-90.1729398,28135.0,1730.7553045115505,1.6736401673640169,235,206,4,0,202,197,13987,33,0,0,33,9
2020-07-15,US,Mississippi,Tate,431,13,0,34.65133709,-89.94485778,28137.0,1521.838918117298,3.016241299303944,418,418,13,0,405,395,28759,13,0,0,13,23
2020-07-15,US,Mississippi,Tippah,154,11,0,34.76872156,-88.90988194,28139.0,699.523052464229,7.142857142857142,143,151,11,0,140,147,21995,3,0,0,3,4
2020-07-15,US,Mississippi,Tishomingo,125,1,0,34.74023475,-88.23917219,28141.0,644.8950110921942,0.8,124,111,1,0,110,109,19454,14,0,0,14,2
2020-07-15,US,Mississippi,Tunica,129,3,0,34.64967704,-90.37481167,28143.0,1339.2857142857142,2.3255813953488373,126,127,3,0,124,126,9944,2,0,0,2,1
2020-07-15,US,Mississippi,Union,266,11,0,34.49162015,-89.00776006,28145.0,923.1303140725316,4.135338345864661,255,258,11,0,247,256,28606,8,0,0,8,2
2020-07-15,US,Mississippi,Walthall,292,10,0,31.14971548,-90.10446654,28147.0,2043.9591208175839,3.4246575342465757,282,289,9,0,280,274,14465,3,1,0,2,15
2020-07-15,US,Mississippi,Warren,616,22,0,32.35810271,-90.83352619,28149.0,1357.396267160265,3.571428571428572,594,612,22,0,590,600,46176,4,0,0,4,12
2020-07-15,US,Mississippi,Washington,806,15,0,33.28392041,-90.94196237,28151.0,1835.614566489785,1.8610421836228288,791,782,14,0,768,753,45063,24,1,0,23,29
2020-07-15,US,Mississippi,Wayne,588,19,0,31.64135687,-88.69573913,28153.0,2913.3429123519795,3.2312925170068025,569,575,19,0,556,568,20298,13,0,0,13,7
2020-07-15,US,Mississippi,Webster,136,11,0,33.61300486,-89.28392912,28155.0,1403.6536278253686,8.088235294117647,125,135,11,0,124,135,9788,1,0,0,1,0
2020-07-15,US,Mississippi,Wilkinson,107,9,0,31.16078225,-91.31018819,28157.0,1239.8609501738122,8.411214953271028,98,104,9,0,95,101,8792,3,0,0,3,3
2020-07-15,US,Mississippi,Winston,314,13,0,33.08747908,-89.03391385,28159.0,1748.8164856585904,4.140127388535031,301,305,13,0,292,302,18165,9,0,0,9,3
2020-07-15,US,Mississippi,Yalobusha,216,9,0,34.02824175,-89.70762049999998,28161.0,1783.9444995044598,4.166666666666667,207,208,9,0,199,208,12392,8,0,0,8,0
2020-07-15,US,Mississippi,Yazoo,584,7,0,32.77890365,-90.39656148,28163.0,1966.9922532839341,1.1986301369863013,577,574,7,0,567,566,28248,10,0,0,10,8
2020-07-15,US,Missouri,Adair,103,0,0,40.19058551,-92.60078167,29001.0,406.42386457799006,0.0,103,102,0,0,102,100,25339,1,0,0,1,2
2020-07-15,US,Missouri,Andrew,55,1,0,39.98492163,-94.80163024,29003.0,310.5239385727191,1.818181818181818,54,55,1,0,54,55,17607,0,0,0,0,0
2020-07-15,US,Missouri,Atchison,6,0,0,40.43238737,-95.42970639,29005.0,116.663426015944,0.0,6,6,0,0,6,6,5171,0,0,0,0,0
2020-07-15,US,Missouri,Audrain,143,1,0,39.215877,-91.84242683,29007.0,563.2582322357019,0.6993006993006993,142,143,1,0,142,142,25473,0,0,0,0,1
2020-07-15,US,Missouri,Barry,125,0,0,36.70978521,-93.82919888,29009.0,349.2693285646428,0.0,125,105,0,0,105,97,35886,20,0,0,20,8
2020-07-15,US,Missouri,Barton,41,0,0,37.50207671,-94.34757022,29011.0,348.8174238557087,0.0,41,37,0,0,37,34,11798,4,0,0,4,3
2020-07-15,US,Missouri,Bates,16,1,0,38.25271289,-94.34113157,29013.0,98.93643334157804,6.25,15,16,1,0,15,14,16320,0,0,0,0,2
2020-07-15,US,Missouri,Benton,26,0,0,38.29503305,-93.28756116,29015.0,133.72421951344958,0.0,26,26,0,0,26,23,19278,0,0,0,0,3
2020-07-15,US,Missouri,Bollinger,30,0,0,37.32449052,-90.02725304,29017.0,247.2595400972554,0.0,30,27,1,0,26,23,12169,3,-1,0,4,4
2020-07-15,US,Missouri,Boone,639,2,0,38.99186229,-92.30723575,29019.0,354.089203881128,0.3129890453834116,637,627,2,0,625,595,180005,12,0,0,12,32
2020-07-15,US,Missouri,Buchanan,955,6,0,39.65816401,-94.80138942,29021.0,1093.1276040474338,0.6282722513089005,949,956,5,0,951,945,88571,-1,1,0,-2,11
2020-07-15,US,Missouri,Butler,122,0,0,36.71462476,-90.40421163,29023.0,287.2074956448044,0.0,122,122,0,0,122,118,42639,0,0,0,0,4
2020-07-15,US,Missouri,Caldwell,15,1,0,39.65620858,-93.98308093,29025.0,166.29711751662973,6.666666666666668,14,15,1,0,14,15,9108,0,0,0,0,0
2020-07-15,US,Missouri,Callaway,64,1,0,38.83674754,-91.92186505,29027.0,143.03913461323557,1.5625,63,64,1,0,63,64,44889,0,0,0,0,0
2020-07-15,US,Missouri,Camden,92,2,0,38.02199522,-92.76083747,29029.0,198.6826476622395,2.1739130434782608,90,90,2,0,88,87,45815,2,0,0,2,3
2020-07-15,US,Missouri,Cape Girardeau,375,3,0,37.38489388,-89.6843587,29031.0,475.45992823724816,0.8,372,361,3,0,358,330,78753,14,0,0,14,31
2020-07-15,US,Missouri,Carroll,41,0,0,39.42762566,-93.50626255,29033.0,472.40465491416063,0.0,41,39,0,0,39,38,8743,2,0,0,2,1
2020-07-15,US,Missouri,Carter,8,1,0,36.94160441,-90.96051322,29035.0,133.73453694416582,12.5,7,8,1,0,7,7,6054,0,0,0,0,1
2020-07-15,US,Missouri,Cass,225,8,0,38.64789422,-94.353399,29037.0,212.7056154282473,3.555555555555556,217,217,8,0,209,207,104954,8,0,0,8,10
2020-07-15,US,Missouri,Cedar,15,0,0,37.72391475,-93.85445441,29039.0,104.53690152623876,0.0,15,12,0,0,12,12,14165,3,0,0,3,0
2020-07-15,US,Missouri,Chariton,7,0,0,39.51499357,-92.9629191,29041.0,94.26339886883923,0.0,7,7,0,0,7,6,7451,0,0,0,0,1
2020-07-15,US,Missouri,Christian,90,1,0,36.9711783,-93.18537118,29043.0,101.5858682769908,1.1111111111111112,89,80,1,0,79,77,86983,10,0,0,10,3
2020-07-15,US,Missouri,Clark,2,0,0,40.41040752,-91.73661677,29045.0,29.424746211563924,0.0,2,2,0,0,2,2,6842,0,0,0,0,0
2020-07-15,US,Missouri,Clay,589,13,0,39.31132056,-94.41850862,29047.0,235.64901499511902,2.2071307300509337,576,579,13,0,566,565,246365,10,0,0,10,14
2020-07-15,US,Missouri,Clinton,36,0,0,39.6013098,-94.40465394,29049.0,176.58311669200958,0.0,36,35,0,0,35,33,20470,1,0,0,1,2
2020-07-15,US,Missouri,Cole,126,2,0,38.50455671,-92.27860244,29051.0,164.1800768779725,1.5873015873015872,124,116,2,0,114,111,76796,10,0,0,10,5
2020-07-15,US,Missouri,Cooper,32,0,0,38.844478,-92.80896081,29053.0,180.69907956406345,0.0,32,30,0,0,30,28,17603,2,0,0,2,2
2020-07-15,US,Missouri,Crawford,24,0,0,37.97663738,-91.30528104,29055.0,100.33444816053513,0.0,24,23,0,0,23,22,23957,1,0,0,1,1
2020-07-15,US,Missouri,Dade,2,0,0,37.431814,-93.8503345,29057.0,26.451527575717503,0.0,2,2,0,0,2,2,7569,0,0,0,0,0
2020-07-15,US,Missouri,Dallas,22,1,0,37.6811355,-93.02127031,29059.0,130.347197535253,4.545454545454546,21,20,1,0,19,18,16762,2,0,0,2,2
2020-07-15,US,Missouri,Daviess,11,0,0,39.96145298,-93.98519678,29061.0,132.88233872916163,0.0,11,11,0,0,11,11,8313,0,0,0,0,0
2020-07-15,US,Missouri,DeKalb,19,0,0,39.89201062,-94.40476508,29063.0,151.43062086554554,0.0,19,17,0,0,17,16,12630,2,0,0,2,1
2020-07-15,US,Missouri,Dent,9,0,0,37.60663134,-91.50790473,29065.0,57.792332883837396,0.0,9,9,0,0,9,5,15441,0,0,0,0,4
2020-07-15,US,Missouri,Douglas,17,0,0,36.9325593,-92.49905109,29067.0,128.93439514599925,0.0,17,16,0,0,16,13,13373,1,0,0,1,3
2020-07-15,US,Missouri,Dunklin,138,3,0,36.27167174,-90.09122243,29069.0,473.72215165974404,2.1739130434782608,135,136,3,0,133,134,29423,2,0,0,2,2
2020-07-15,US,Missouri,Franklin,317,18,0,38.41127108,-91.07522826,29071.0,304.9044408321872,5.678233438485805,299,305,18,0,287,283,103670,12,0,0,12,22
2020-07-15,US,Missouri,Gasconade,18,0,0,38.43947277,-91.50847147,29073.0,122.39902080783354,0.0,18,17,0,0,17,15,14705,1,0,0,1,2
2020-07-15,US,Missouri,Gentry,68,9,0,40.21097916,-94.40944419,29075.0,1034.8500989194947,13.235294117647056,59,67,9,0,58,66,6628,1,0,0,1,1
2020-07-15,US,Missouri,Greene,517,9,0,37.2575872,-93.34230916,29077.0,176.3987362071201,1.7408123791102514,508,492,9,0,483,469,291923,25,0,0,25,23
2020-07-15,US,Missouri,Grundy,22,1,0,40.11406587,-93.56509276,29079.0,223.35025380710653,4.545454545454546,21,22,1,0,21,22,9914,0,0,0,0,0
2020-07-15,US,Missouri,Harrison,33,0,0,40.35570088,-93.99222144,29081.0,395.11494252873564,0.0,33,31,0,0,31,29,8414,2,0,0,2,2
2020-07-15,US,Missouri,Henry,27,3,0,38.38482826,-93.79293734,29083.0,123.71700879765396,11.111111111111109,24,27,3,0,24,25,21792,0,0,0,0,2
2020-07-15,US,Missouri,Hickory,1,0,0,37.94163617,-93.3203037,29085.0,10.477787091366304,0.0,1,1,0,0,1,1,9509,0,0,0,0,0
2020-07-15,US,Missouri,Holt,1,0,0,40.09799248,-95.2163888,29087.0,22.71178741766977,0.0,1,1,0,0,1,1,4404,0,0,0,0,0
2020-07-15,US,Missouri,Howard,8,0,0,39.1435761,-92.69756691,29089.0,79.99200079991999,0.0,8,5,0,0,5,5,10137,3,0,0,3,0
2020-07-15,US,Missouri,Howell,54,0,0,36.77383887,-91.88683935,29091.0,134.6062766408256,0.0,54,52,0,0,52,49,40076,2,0,0,2,3
2020-07-15,US,Missouri,Iron,3,0,0,37.55487945,-90.7735296,29093.0,29.62962962962963,0.0,3,3,0,0,3,3,10177,0,0,0,0,0
2020-07-15,US,Missouri,Jackson,1681,46,0,39.01002188,-94.34724536,29095.0,239.1143239579466,2.7364663890541343,1635,1646,46,0,1600,1610,700307,35,0,0,35,36
2020-07-15,US,Missouri,Jasper,1090,13,0,37.20351921,-94.34050458,29097.0,898.3911380720032,1.1926605504587156,1077,1056,11,0,1045,1019,120636,34,2,0,32,37
2020-07-15,US,Missouri,Jefferson,635,22,0,38.25926778,-90.53870896,29099.0,282.1206587850596,3.4645669291338583,613,613,22,0,591,594,224347,22,0,0,22,19
2020-07-15,US,Missouri,Johnson,279,1,0,38.74719601,-93.80691168,29101.0,516.0741371018462,0.35842293906810035,278,264,1,0,263,249,53652,15,0,0,15,15
2020-07-15,US,Missouri,Kansas City,3294,36,0,39.0997,-94.5786,0.0,673.6981611353469,1.0928961748633879,3258,3215,36,0,3179,3157,491918,79,0,0,79,58
2020-07-15,US,Missouri,Knox,2,0,0,40.12699751,-92.14780832,29103.0,50.51780752715332,0.0,2,2,0,0,2,2,3947,0,0,0,0,0
2020-07-15,US,Missouri,Laclede,115,1,0,37.65896829,-92.5888493,29105.0,321.92145116591547,0.8695652173913043,114,102,1,0,101,89,35713,13,0,0,13,13
2020-07-15,US,Missouri,Lafayette,104,2,0,39.06986886,-93.78076396,29107.0,317.9650238473768,1.9230769230769231,102,104,2,0,102,103,32598,0,0,0,0,1
2020-07-15,US,Missouri,Lawrence,65,2,0,37.10626634,-93.83293097,29109.0,169.4694303219919,3.0769230769230766,63,60,2,0,58,60,38359,5,0,0,5,0
2020-07-15,US,Missouri,Lewis,8,1,0,40.09673161,-91.72070156,29111.0,81.83306055646482,12.5,7,9,1,0,8,9,9855,-1,0,0,-1,0
2020-07-15,US,Missouri,Lincoln,127,1,0,39.05345619,-90.95588181,29113.0,215.2068188365276,0.7874015748031497,126,122,1,0,121,120,57686,5,0,0,5,2
2020-07-15,US,Missouri,Linn,22,1,0,39.87001769,-93.10704106,29115.0,184.5637583892617,4.545454545454546,21,22,1,0,21,20,12037,0,0,0,0,2
2020-07-15,US,Missouri,Livingston,27,0,0,39.78110272,-93.54645978,29117.0,177.3166086556774,0.0,27,27,0,0,27,26,15146,0,0,0,0,1
2020-07-15,US,Missouri,Macon,32,0,0,39.83049768,-92.56453089,29121.0,211.68221207911625,0.0,32,28,0,0,28,25,15153,4,0,0,4,3
2020-07-15,US,Missouri,Madison,7,0,0,37.47865134,-90.3467143,29123.0,57.90866975512906,0.0,7,7,0,0,7,7,12188,0,0,0,0,0
2020-07-15,US,Missouri,Maries,6,0,0,38.16193985,-91.92249662,29125.0,68.98930665746809,0.0,6,6,0,0,6,7,8769,0,0,0,0,-1
2020-07-15,US,Missouri,Marion,38,0,0,39.80601912,-91.62203062,29127.0,133.19313003855592,0.0,38,36,0,0,36,33,28592,2,0,0,2,3
2020-07-15,US,Missouri,McDonald,757,1,0,36.62869595,-94.34867205,29119.0,3314.7961641196307,0.13210039630118892,756,743,1,0,742,712,23078,14,0,0,14,31
2020-07-15,US,Missouri,Mercer,8,0,0,40.42212303,-93.5682959,29129.0,221.1777716339508,0.0,8,7,0,0,7,7,3641,1,0,0,1,0
2020-07-15,US,Missouri,Miller,29,0,0,38.21450288,-92.42610898,29131.0,113.19723642609002,0.0,29,28,0,0,28,25,25336,1,0,0,1,3
2020-07-15,US,Missouri,Mississippi,98,0,0,36.82516239,-89.29505753,29133.0,743.5508345978758,0.0,98,99,0,0,99,99,13336,-1,0,0,-1,0
2020-07-15,US,Missouri,Moniteau,69,2,0,38.63571781,-92.57976951,29135.0,427.7212992809323,2.898550724637681,67,68,1,0,67,66,16121,1,1,0,0,2
2020-07-15,US,Missouri,Monroe,7,0,0,39.49593978,-92.00043978,29137.0,80.98102730217492,0.0,7,6,0,0,6,5,8664,1,0,0,1,1
2020-07-15,US,Missouri,Montgomery,23,0,0,38.94022054,-91.47000721,29139.0,199.11695957060002,0.0,23,22,0,0,22,23,11534,1,0,0,1,-1
2020-07-15,US,Missouri,Morgan,28,0,0,38.4181765,-92.88791859,29141.0,135.74441266301451,0.0,28,28,0,0,28,28,20358,0,0,0,0,0
2020-07-15,US,Missouri,New Madrid,79,1,0,36.59666326,-89.66070007,29143.0,462.6376200515343,1.2658227848101269,78,57,1,0,56,52,17296,22,0,0,22,5
2020-07-15,US,Missouri,Newton,607,2,0,36.90519407,-94.3394104,29145.0,1042.3105982553748,0.32948929159802304,605,587,2,0,585,560,58266,20,0,0,20,27
2020-07-15,US,Missouri,Nodaway,26,0,0,40.36079813,-94.88133008,29147.0,117.68966141589716,0.0,26,26,0,0,26,26,22304,0,0,0,0,0
2020-07-15,US,Missouri,Oregon,9,0,0,36.68710164,-91.4033755,29149.0,85.47820305822016,0.0,9,9,0,0,9,9,10541,0,0,0,0,0
2020-07-15,US,Missouri,Osage,15,0,0,38.46036182,-91.8613635,29151.0,110.17260374586851,0.0,15,15,0,0,15,15,13714,0,0,0,0,0
2020-07-15,US,Missouri,Ozark,2,0,0,36.64916339,-92.44459066,29153.0,21.80074122520166,0.0,2,2,0,0,2,2,9017,0,0,0,0,0
2020-07-15,US,Missouri,Pemiscot,141,6,0,36.2130572,-89.78742322,29155.0,892.1227459664663,4.25531914893617,135,136,6,0,130,120,16272,5,0,0,5,16
2020-07-15,US,Missouri,Perry,176,3,0,37.70660776,-89.82741088,29157.0,919.732441471572,1.7045454545454546,173,172,3,0,169,172,19150,4,0,0,4,0
2020-07-15,US,Missouri,Pettis,166,2,0,38.72798918,-93.28471706,29159.0,392.07350197217687,1.2048192771084338,164,163,2,0,161,156,42542,3,0,0,3,7
2020-07-15,US,Missouri,Phelps,52,0,0,37.87736118,-91.79351727,29161.0,116.66255356381666,0.0,52,52,0,0,52,53,44732,0,0,0,0,-1
2020-07-15,US,Missouri,Pike,44,1,0,39.34310674,-91.16980779,29163.0,240.41088405638732,2.272727272727273,43,44,1,0,43,40,18504,0,0,0,0,4
2020-07-15,US,Missouri,Platte,173,6,0,39.38154439,-94.77068479,29165.0,165.6802467007604,3.4682080924855487,167,164,6,0,158,156,102985,9,0,0,9,8
2020-07-15,US,Missouri,Polk,23,0,0,37.6162296,-93.39828174,29167.0,71.54188310678404,0.0,23,22,0,0,22,22,32201,1,0,0,1,0
2020-07-15,US,Missouri,Pulaski,146,1,0,37.82462075,-92.20783203,29169.0,277.52960632615435,0.6849315068493149,145,145,1,0,144,141,52014,1,0,0,1,4
2020-07-15,US,Missouri,Putnam,3,0,0,40.47942497,-93.02042674,29171.0,63.884156729131185,0.0,3,3,0,0,3,3,4757,0,0,0,0,0
2020-07-15,US,Missouri,Ralls,10,0,0,39.52817427,-91.51838643,29173.0,97.00261907071491,0.0,10,10,0,0,10,10,10212,0,0,0,0,0
2020-07-15,US,Missouri,Randolph,21,0,0,39.44007257,-92.4971374,29175.0,84.85534184580573,0.0,21,21,0,0,21,17,24763,0,0,0,0,4
2020-07-15,US,Missouri,Ray,31,0,0,39.3537468,-93.98905745,29177.0,134.67720914067252,0.0,31,31,0,0,31,31,22883,0,0,0,0,0
2020-07-15,US,Missouri,Reynolds,10,0,0,37.36085952,-90.97009925,29179.0,159.48963317384369,0.0,10,10,0,0,10,10,6254,0,0,0,0,0
2020-07-15,US,Missouri,Ripley,22,0,0,36.65460667,-90.85990261,29181.0,165.56291390728478,0.0,22,20,0,0,20,20,13401,2,0,0,2,0
2020-07-15,US,Missouri,Saline,324,5,0,39.13734288,-93.20259964,29195.0,1423.4875444839859,1.5432098765432098,319,319,5,0,314,314,22895,5,0,0,5,5
2020-07-15,US,Missouri,Schuyler,5,0,0,40.46921489,-92.52311943,29197.0,107.2961373390558,0.0,5,5,0,0,5,5,4599,0,0,0,0,0
2020-07-15,US,Missouri,Scotland,11,1,0,40.45214695,-92.14709064,29199.0,224.3982048143615,9.090909090909092,10,11,1,0,10,11,4966,0,0,0,0,0
2020-07-15,US,Missouri,Scott,235,13,0,37.05588075,-89.56474493,29201.0,613.8975966562174,5.531914893617022,222,219,12,0,207,209,38458,16,1,0,15,10
2020-07-15,US,Missouri,Shannon,29,0,0,37.15772072,-91.40190382,29203.0,355.13103110458,0.0,29,29,0,0,29,28,8189,0,0,0,0,1
2020-07-15,US,Missouri,Shelby,5,0,0,39.79742518,-92.07634971,29205.0,84.31703204047217,0.0,5,5,0,0,5,4,6050,0,0,0,0,1
2020-07-15,US,Missouri,St. Charles,1496,79,0,38.77875681,-90.66662425,29183.0,372.1189387645453,5.280748663101603,1417,1437,79,0,1358,1371,399182,59,0,0,59,66
2020-07-15,US,Missouri,St. Clair,6,0,0,38.03699437,-93.77631447,29185.0,63.85016494625946,0.0,6,6,0,0,6,5,9395,0,0,0,0,1
2020-07-15,US,Missouri,St. Francois,174,2,0,37.81214171,-90.47598685,29187.0,258.8707877705869,1.1494252873563218,172,173,2,0,171,167,66692,1,0,0,1,6
2020-07-15,US,Missouri,St. Louis,8300,605,0,38.63770039999999,-90.4458375,29189.0,834.8378855467433,7.289156626506023,7695,8140,604,0,7536,7897,996945,160,1,0,159,243
2020-07-15,US,Missouri,St. Louis City,3134,161,0,38.63555736,-90.24349225,29510.0,1042.6647503460024,5.1372048500319085,2973,3044,161,0,2883,2970,302838,90,0,0,90,74
2020-07-15,US,Missouri,Ste. Genevieve,26,1,0,37.89090059,-90.1949941,29186.0,145.30010059237733,3.8461538461538463,25,25,1,0,24,24,17888,1,0,0,1,1
2020-07-15,US,Missouri,Stoddard,162,9,0,36.85571651,-89.9444155,29207.0,558.1395348837209,5.5555555555555545,153,155,9,0,146,153,29206,7,0,0,7,2
2020-07-15,US,Missouri,Stone,32,0,0,36.75000327,-93.45256475,29209.0,100.15022533800699,0.0,32,30,0,0,30,22,31749,2,0,0,2,8
2020-07-15,US,Missouri,Sullivan,121,0,0,40.2099105,-93.11150106,29211.0,1987.1900147807519,0.0,121,118,0,0,118,118,6221,3,0,0,3,0
2020-07-15,US,Missouri,Taney,142,3,0,36.65465345,-93.04075153,29213.0,253.8978686883136,2.112676056338028,139,135,3,0,132,126,55852,7,0,0,7,9
2020-07-15,US,Missouri,Texas,14,0,0,37.31728859,-91.96564727,29215.0,55.122450586660364,0.0,14,13,0,0,13,11,25571,1,0,0,1,2
2020-07-15,US,Missouri,Vernon,38,0,0,37.8457799,-94.34127305,29217.0,184.7979380440597,0.0,38,36,0,0,36,34,20528,2,0,0,2,2
2020-07-15,US,Missouri,Warren,65,0,0,38.76529479,-91.16124662,29219.0,182.3333052820556,0.0,65,60,0,0,60,57,34711,5,0,0,5,3
2020-07-15,US,Missouri,Washington,28,1,0,37.96130078,-90.87948158,29221.0,113.2228063081278,3.571428571428572,27,27,1,0,26,27,24943,1,0,0,1,0
2020-07-15,US,Missouri,Wayne,5,0,0,37.11303869,-90.46001416,29223.0,38.84098500737978,0.0,5,6,0,0,6,6,13122,-1,0,0,-1,0
2020-07-15,US,Missouri,Webster,60,1,0,37.2813734,-92.876329,29225.0,151.54576682158012,1.6666666666666667,59,55,1,0,54,54,39109,5,0,0,5,1
2020-07-15,US,Missouri,Worth,4,0,0,40.47945588,-94.42328751,29227.0,198.7083954297069,0.0,4,4,0,0,4,4,2040,0,0,0,0,0
2020-07-15,US,Missouri,Wright,45,0,0,37.27029221,-92.46914488,29229.0,246.04953797364536,0.0,45,45,0,0,45,39,18378,0,0,0,0,6
2020-07-15,US,Montana,Beaverhead,6,0,0,45.13434354,-112.89846940000001,30001.0,63.4719136781974,0.0,6,5,0,0,5,5,9404,1,0,0,1,0
2020-07-15,US,Montana,Big Horn,128,5,0,45.42335905,-107.492347,30003.0,961.0331105938884,3.90625,123,121,5,0,116,119,13338,7,0,0,7,2
2020-07-15,US,Montana,Broadwater,9,0,0,46.33277565,-111.49558130000001,30007.0,144.3001443001443,0.0,9,9,0,0,9,9,6085,0,0,0,0,0
2020-07-15,US,Montana,Carbon,35,0,0,45.22850116,-109.0274047,30009.0,326.3403263403263,0.0,35,34,0,0,34,34,10714,1,0,0,1,0
2020-07-15,US,Montana,Cascade,56,2,0,47.30797024,-111.3467922,30013.0,68.82481626232087,3.571428571428572,54,50,2,0,48,50,81643,6,0,0,6,0
2020-07-15,US,Montana,Custer,38,0,0,46.25319932,-105.57375259999998,30017.0,333.27486405893706,0.0,38,38,0,0,38,38,11586,0,0,0,0,0
2020-07-15,US,Montana,Dawson,8,0,0,47.26584855,-104.89444170000002,30021.0,92.88285150354116,0.0,8,8,0,0,8,8,8680,0,0,0,0,0
2020-07-15,US,Montana,Deer Lodge,6,0,0,46.05953325,-113.073353,30023.0,65.64551422319475,0.0,6,6,0,0,6,6,9131,0,0,0,0,0
2020-07-15,US,Montana,Fallon,1,0,0,46.33478338,-104.41835649999999,30025.0,35.137034434293746,0.0,1,1,0,0,1,1,2920,0,0,0,0,0
2020-07-15,US,Montana,Fergus,2,0,0,47.26331584,-109.2245206,30027.0,18.099547511312217,0.0,2,2,0,0,2,2,11113,0,0,0,0,0
2020-07-15,US,Montana,Flathead,92,2,0,48.29575866,-114.05205690000001,30029.0,88.62686164576229,2.1739130434782608,90,84,2,0,82,75,102106,8,0,0,8,9
2020-07-15,US,Montana,Gallatin,489,1,0,45.54486106,-111.1692571,30031.0,427.32055158431916,0.20449897750511248,488,417,1,0,416,404,111876,72,0,0,72,13
2020-07-15,US,Montana,Garfield,9,0,0,47.27545948,-107.0002351,30033.0,715.4213036565977,0.0,9,1,0,0,1,1,1268,8,0,0,8,0
2020-07-15,US,Montana,Glacier,28,0,0,48.70513576,-112.9934235,30035.0,203.59194357594703,0.0,28,28,0,0,28,28,13747,0,0,0,0,0
2020-07-15,US,Montana,Golden Valley,3,0,0,46.3816474,-109.17685220000001,30037.0,365.4080389768576,0.0,3,3,0,0,3,3,826,0,0,0,0,0
2020-07-15,US,Montana,Granite,6,0,0,46.40605220000001,-113.4414186,30039.0,177.56732761171943,0.0,6,6,0,0,6,6,3378,0,0,0,0,0
2020-07-15,US,Montana,Hill,14,0,0,48.62879827,-110.1129252,30041.0,84.93084202863382,0.0,14,14,0,0,14,14,16347,0,0,0,0,0
2020-07-15,US,Montana,Jefferson,12,0,0,46.14907081,-112.094396,30043.0,98.1916373455527,0.0,12,12,0,0,12,10,12097,0,0,0,0,2
2020-07-15,US,Montana,Lake,81,0,0,47.64514965,-114.0898013,30047.0,265.93998292730976,0.0,81,80,0,0,80,53,30250,1,0,0,1,27
2020-07-15,US,Montana,Lewis and Clark,59,0,0,47.12610041,-112.39469799999999,30049.0,84.97522756077889,0.0,59,57,0,0,57,49,68700,2,0,0,2,8
2020-07-15,US,Montana,Liberty,1,0,0,48.56084317,-111.02430700000001,30051.0,42.78990158322636,0.0,1,1,0,0,1,1,2430,0,0,0,0,0
2020-07-15,US,Montana,Lincoln,40,1,0,48.54265777,-115.4046155,30053.0,200.2002002002002,2.5,39,40,1,0,39,33,19794,0,0,0,0,7
2020-07-15,US,Montana,Madison,34,1,0,45.30080065,-111.9173017,30057.0,395.3488372093023,2.9411764705882355,33,34,1,0,33,34,8768,0,0,0,0,0
2020-07-15,US,Montana,Meagher,4,0,0,46.59907074,-110.8898557,30059.0,214.8227712137487,0.0,4,4,0,0,4,4,1866,0,0,0,0,0
2020-07-15,US,Montana,Missoula,130,1,0,47.03728583,-113.92135079999998,30063.0,108.69565217391305,0.7692307692307693,129,125,1,0,124,124,118791,5,0,0,5,1
2020-07-15,US,Montana,Musselshell,1,0,0,46.49684637,-108.39498,30065.0,21.58428663932657,0.0,1,1,0,0,1,1,4651,0,0,0,0,0
2020-07-15,US,Montana,Park,20,0,0,45.48965095,-110.52643940000002,30067.0,120.43839576056848,0.0,20,20,0,0,20,17,16736,0,0,0,0,3
2020-07-15,US,Montana,Pondera,2,0,0,48.22773388,-112.22527029999999,30073.0,33.83522246658772,0.0,2,2,0,0,2,2,5972,0,0,0,0,0
2020-07-15,US,Montana,Ravalli,47,1,0,46.08520862,-114.11891640000002,30081.0,107.29123864310823,2.127659574468085,46,45,1,0,44,44,43172,2,0,0,2,1
2020-07-15,US,Montana,Richland,32,0,0,47.78668011,-104.5610786,30083.0,296.21401462556696,0.0,32,30,0,0,30,30,10913,2,0,0,2,0
2020-07-15,US,Montana,Roosevelt,9,0,0,48.29607488,-105.00792679999999,30085.0,81.78844056706652,0.0,9,9,0,0,9,10,11059,0,0,0,0,-1
2020-07-15,US,Montana,Rosebud,15,1,0,46.23397237,-106.72928799999998,30087.0,167.84155756965424,6.666666666666668,14,14,1,0,13,14,9063,1,0,0,1,0
2020-07-15,US,Montana,Sanders,3,0,0,47.67657534,-115.1329916,30089.0,24.76677949310658,0.0,3,3,0,0,3,,11844,0,0,0,0,
2020-07-15,US,Montana,Sheridan,2,0,0,48.72085833,-104.50382900000001,30091.0,60.44122091266244,0.0,2,2,0,0,2,1,3424,0,0,0,0,1
2020-07-15,US,Montana,Silver Bow,25,0,0,45.90018933,-112.6620092,30093.0,71.60246312473149,0.0,25,25,0,0,25,25,34993,0,0,0,0,0
2020-07-15,US,Montana,Stillwater,9,0,0,45.67071407,-109.3950061,30095.0,93.34163036714376,0.0,9,9,0,0,9,9,9534,0,0,0,0,0
2020-07-15,US,Montana,Sweet Grass,1,0,0,45.81367654,-109.9425686,30097.0,26.75943270002676,0.0,1,,,,,,3710,,,,,
2020-07-15,US,Montana,Teton,15,0,0,47.83741052,-112.24106880000001,30099.0,244.0214738897023,0.0,15,15,0,0,15,15,6162,0,0,0,0,0
2020-07-15,US,Montana,Toole,31,6,0,48.65577551,-111.69424140000001,30101.0,654.5608108108107,19.354838709677423,25,31,6,0,25,31,4853,0,0,0,0,0
2020-07-15,US,Montana,Treasure,2,0,0,46.20973220000001,-107.26665159999999,30103.0,287.3563218390805,0.0,2,2,0,0,2,2,679,0,0,0,0,0
2020-07-15,US,Montana,Valley,4,0,0,48.36435097,-106.6669635,30105.0,54.08328826392645,0.0,4,4,0,0,4,4,7437,0,0,0,0,0
2020-07-15,US,Montana,Wheatland,2,0,0,46.46652491,-109.84646359999999,30107.0,94.07337723424273,0.0,2,2,0,0,2,2,2236,0,0,0,0,0
2020-07-15,US,Montana,Wibaux,1,0,0,46.95925154,-104.2510927,30109.0,103.19917440660471,0.0,1,1,0,0,1,,1034,0,0,0,0,
2020-07-15,US,Montana,Yellowstone,584,13,0,45.93955949,-108.26914860000001,30111.0,362.0582765034098,2.2260273972602738,571,557,13,0,544,525,160137,27,0,0,27,32
2020-07-15,US,Nebraska,Adams,315,11,0,40.52449420000001,-98.50117804,31001.0,1004.3682045722667,3.492063492063492,304,315,11,0,304,314,31511,0,0,0,0,1
2020-07-15,US,Nebraska,Antelope,16,1,0,42.17695516,-98.06662829999999,31003.0,254.0489044140997,6.25,15,16,1,0,15,16,6336,0,0,0,0,0
2020-07-15,US,Nebraska,Banner,2,0,0,41.54634427,-103.7114332,31007.0,268.4563758389262,0.0,2,2,0,0,2,2,730,0,0,0,0,0
2020-07-15,US,Nebraska,Boone,7,0,0,41.70759415,-98.06737183,31011.0,134.82280431432974,0.0,7,7,0,0,7,7,5239,0,0,0,0,0
2020-07-15,US,Nebraska,Box Butte,4,0,0,42.22079243,-103.08788340000001,31013.0,37.095427988500425,0.0,4,4,0,0,4,4,10772,0,0,0,0,0
2020-07-15,US,Nebraska,Boyd,1,0,0,42.899727399999996,-98.76486568,31015.0,52.110474205315285,0.0,1,1,0,0,1,1,1955,0,0,0,0,0
2020-07-15,US,Nebraska,Buffalo,221,1,0,40.85486962,-99.07500296,31019.0,445.0351396524297,0.4524886877828054,220,218,1,0,217,217,49615,3,0,0,3,1
2020-07-15,US,Nebraska,Burt,16,0,0,41.85056773,-96.32605633,31021.0,247.71636476234715,0.0,16,15,0,0,15,15,6488,1,0,0,1,0
2020-07-15,US,Nebraska,Butler,53,0,0,41.22703692,-97.13106306,31023.0,661.1776447105789,0.0,53,53,0,0,53,52,8058,0,0,0,0,1
2020-07-15,US,Nebraska,Cass,99,1,0,40.90899107,-96.13971217,31025.0,377.1715940262115,1.0101010101010102,98,95,1,0,94,88,26159,4,0,0,4,7
2020-07-15,US,Nebraska,Cedar,19,0,0,42.598885100000004,-97.25311951,31027.0,226.13663413472983,0.0,19,19,0,0,19,19,8446,0,0,0,0,0
2020-07-15,US,Nebraska,Chase,1,0,0,40.523719799999995,-101.69780259999999,31029.0,25.4841997961264,0.0,1,1,0,0,1,1,3977,0,0,0,0,0
2020-07-15,US,Nebraska,Cherry,3,0,0,42.54502621,-101.1244332,31031.0,52.73334505185446,0.0,3,3,0,0,3,3,5761,0,0,0,0,0
2020-07-15,US,Nebraska,Cheyenne,22,0,0,41.21999357,-102.9941693,31033.0,246.9135802469136,0.0,22,21,0,0,21,21,9310,1,0,0,1,0
2020-07-15,US,Nebraska,Clay,34,0,0,40.52439441,-98.05126296,31035.0,548.1218765113655,0.0,34,33,0,0,33,31,6214,1,0,0,1,2
2020-07-15,US,Nebraska,Colfax,682,4,0,41.57486951,-97.0868542,31037.0,6368.475114389766,0.5865102639296188,678,680,4,0,676,679,10881,2,0,0,2,1
2020-07-15,US,Nebraska,Cuming,39,0,0,41.91637624,-96.78730772,31039.0,440.87723264752435,0.0,39,39,0,0,39,38,8940,0,0,0,0,1
2020-07-15,US,Nebraska,Custer,40,4,0,41.39374521,-99.72805369,31041.0,371.16080541894775,10.0,36,40,3,0,37,40,10840,0,1,0,-1,0
2020-07-15,US,Nebraska,Dakota,1861,36,0,42.39040144,-96.56656425,31043.0,9292.919205033455,1.9344438473938743,1825,1859,36,0,1823,1792,20083,2,0,0,2,67
2020-07-15,US,Nebraska,Dawes,4,0,0,42.71985036,-103.1313774,31045.0,46.57119571545,0.0,4,4,0,0,4,4,8716,0,0,0,0,0
2020-07-15,US,Nebraska,Dawson,878,8,0,40.87028216,-99.82014609999999,31047.0,3721.1273574909937,0.9111617312072892,870,878,8,0,870,878,23709,0,0,0,0,0
2020-07-15,US,Nebraska,Deuel,2,0,0,41.11168186,-102.33333309999999,31049.0,111.48272017837236,0.0,2,1,0,0,1,,1825,1,0,0,1,
2020-07-15,US,Nebraska,Dixon,58,1,0,42.49188363,-96.86782408,31051.0,1029.0986515259046,1.7241379310344829,57,57,1,0,56,55,5709,1,0,0,1,2
2020-07-15,US,Nebraska,Dodge,716,8,0,41.58071748,-96.65598179,31053.0,1958.1567072336927,1.11731843575419,708,714,8,0,706,712,36791,2,0,0,2,2
2020-07-15,US,Nebraska,Douglas,8357,102,0,41.29518299,-96.15085305,31055.0,1462.7350011464534,1.2205336843364845,8255,8233,100,0,8133,8113,566880,124,2,0,122,120
2020-07-15,US,Nebraska,Fillmore,20,1,0,40.52458567,-97.59646937,31059.0,366.16623947272063,5.0,19,20,1,0,19,20,5527,0,0,0,0,0
2020-07-15,US,Nebraska,Franklin,8,0,0,40.17636348,-98.95299073,31061.0,268.5464921114468,0.0,8,8,0,0,8,8,3023,0,0,0,0,0
2020-07-15,US,Nebraska,Frontier,2,0,0,40.52993007,-100.3924658,31063.0,76.13247049866769,0.0,2,2,0,0,2,2,2608,0,0,0,0,0
2020-07-15,US,Nebraska,Furnas,10,1,0,40.17642064,-99.91247454,31065.0,213.85799828913602,10.0,9,10,1,0,9,10,4715,0,0,0,0,0
2020-07-15,US,Nebraska,Gage,69,4,0,40.26186809,-96.68946704,31067.0,320.7362989820108,5.797101449275362,65,67,3,0,64,65,21493,2,1,0,1,2
2020-07-15,US,Nebraska,Garden,4,0,0,41.61703149,-102.3313973,31069.0,217.74632553075668,0.0,4,4,0,0,4,4,1897,0,0,0,0,0
2020-07-15,US,Nebraska,Garfield,3,0,0,41.91428955,-98.99111827,31071.0,152.36160487557137,0.0,3,3,0,0,3,3,1987,0,0,0,0,0
2020-07-15,US,Nebraska,Gosper,13,0,0,40.51481965,-99.83020279,31073.0,653.2663316582915,0.0,13,13,0,0,13,13,1996,0,0,0,0,0
2020-07-15,US,Nebraska,Greeley,5,0,0,41.56742671,-98.52150266,31077.0,212.22410865874363,0.0,5,5,0,0,5,5,2356,0,0,0,0,0
2020-07-15,US,Nebraska,Hall,1634,47,0,40.87257079,-98.50218293,31079.0,2663.2764493993773,2.8763769889840876,1587,1627,47,0,1580,1624,61607,7,0,0,7,3
2020-07-15,US,Nebraska,Hamilton,73,12,0,40.87349452,-98.02099117,31081.0,782.925782925783,16.438356164383563,61,73,12,0,61,72,9280,0,0,0,0,1
2020-07-15,US,Nebraska,Harlan,1,0,0,40.17658508,-99.40438879,31083.0,29.58579881656805,0.0,1,1,0,0,1,1,3401,0,0,0,0,0
2020-07-15,US,Nebraska,Hitchcock,1,0,0,40.17609175,-101.04164770000001,31087.0,36.205648081100655,0.0,1,1,0,0,1,1,2806,0,0,0,0,0
2020-07-15,US,Nebraska,Holt,4,0,0,42.45522056,-98.78402558,31089.0,39.73378364954803,0.0,4,4,0,0,4,4,10178,0,0,0,0,0
2020-07-15,US,Nebraska,Hooker,2,0,0,41.91586243,-101.1354293,31091.0,293.2551319648094,0.0,2,2,0,0,2,2,682,0,0,0,0,0
2020-07-15,US,Nebraska,Howard,50,4,0,41.2200529,-98.5166499,31093.0,775.7951900698216,8.0,46,48,4,0,44,47,6468,2,0,0,2,1
2020-07-15,US,Nebraska,Jefferson,11,0,0,40.17584531,-97.142601,31095.0,156.11694578484247,0.0,11,11,0,0,11,11,7097,0,0,0,0,0
2020-07-15,US,Nebraska,Johnson,8,0,0,40.39257596,-96.26522753,31097.0,157.75981068822716,0.0,8,8,0,0,8,7,5134,0,0,0,0,1
2020-07-15,US,Nebraska,Kearney,18,0,0,40.50663314,-98.94877182,31099.0,277.1362586605081,0.0,18,18,0,0,18,18,6544,0,0,0,0,0
2020-07-15,US,Nebraska,Keith,7,0,0,41.19930341,-101.66201640000001,31101.0,87.12969878018421,0.0,7,6,0,0,6,6,8021,1,0,0,1,0
2020-07-15,US,Nebraska,Kimball,13,0,0,41.19774275,-103.7148131,31105.0,357.9295154185022,0.0,13,13,0,0,13,12,3618,0,0,0,0,1
2020-07-15,US,Nebraska,Knox,26,0,0,42.63758421,-97.89178836,31107.0,312.04992798847815,0.0,26,26,0,0,26,26,8419,0,0,0,0,0
2020-07-15,US,Nebraska,Lancaster,2266,13,0,40.78416049,-96.68777155,31109.0,710.1444733460779,0.5736981465136805,2253,2216,13,0,2203,2171,317272,50,0,0,50,45
2020-07-15,US,Nebraska,Lincoln,63,2,0,41.04658298,-100.74753740000001,31111.0,180.4433751503695,3.1746031746031744,61,62,2,0,60,62,35185,1,0,0,1,0
2020-07-15,US,Nebraska,Madison,387,4,0,41.91676024,-97.6005481,31119.0,1102.5955155417532,1.0335917312661498,383,387,4,0,383,385,35392,0,0,0,0,2
2020-07-15,US,Nebraska,McPherson,3,0,0,41.56797682,-101.05993620000001,31117.0,607.2874493927128,0.0,3,3,0,0,3,3,492,0,0,0,0,0
2020-07-15,US,Nebraska,Merrick,39,0,0,41.16624273,-98.0374887,31121.0,502.9013539651838,0.0,39,39,0,0,39,39,7733,0,0,0,0,0
2020-07-15,US,Nebraska,Morrill,53,0,0,41.71711774,-103.0061405,31123.0,1141.7492460146484,0.0,53,53,0,0,53,52,4686,0,0,0,0,1
2020-07-15,US,Nebraska,Nance,6,0,0,41.39750195,-97.99327291,31125.0,170.50298380221653,0.0,6,6,0,0,6,6,3532,0,0,0,0,0
2020-07-15,US,Nebraska,Nemaha,6,0,0,40.38514847,-95.85433992,31127.0,86.05851979345955,0.0,6,6,0,0,6,5,6958,0,0,0,0,1
2020-07-15,US,Nebraska,Nuckolls,4,0,0,40.17637905,-98.04743961,31129.0,96.43201542912249,0.0,4,4,0,0,4,3,4195,0,0,0,0,1
2020-07-15,US,Nebraska,Otoe,29,0,0,40.64843556,-96.13374142,31131.0,181.11416437671744,0.0,29,29,0,0,29,27,15985,0,0,0,0,2
2020-07-15,US,Nebraska,Pawnee,1,0,0,40.13141096,-96.23705437,31133.0,38.270187523918864,0.0,1,1,0,0,1,1,2632,0,0,0,0,0
2020-07-15,US,Nebraska,Phelps,27,0,0,40.51156033,-99.41461667,31137.0,298.87093203453617,0.0,27,27,0,0,27,27,8996,0,0,0,0,0
2020-07-15,US,Nebraska,Pierce,13,0,0,42.26434853,-97.60122773,31139.0,181.8690542809177,0.0,13,11,0,0,11,11,7142,2,0,0,2,0
2020-07-15,US,Nebraska,Platte,702,3,0,41.57246836,-97.52144359,31141.0,2097.400657305049,0.4273504273504273,699,699,3,0,696,696,33363,3,0,0,3,3
2020-07-15,US,Nebraska,Polk,13,0,0,41.18813488,-97.56630712,31143.0,249.37655860349128,0.0,13,13,0,0,13,13,5278,0,0,0,0,0
2020-07-15,US,Nebraska,Red Willow,8,0,0,40.17556879999999,-100.476998,31145.0,74.59903021260723,0.0,8,9,0,0,9,9,10726,-1,0,0,-1,0
2020-07-15,US,Nebraska,Richardson,10,1,0,40.1247415,-95.71755036,31147.0,127.14558169103624,10.0,9,10,1,0,9,9,7937,0,0,0,0,1
2020-07-15,US,Nebraska,Rock,2,0,0,42.42252217,-99.44832069,31149.0,147.38393515106853,0.0,2,2,0,0,2,2,1360,0,0,0,0,0
2020-07-15,US,Nebraska,Saline,549,2,0,40.52418865,-97.14085859,31151.0,3859.673790776153,0.3642987249544625,547,548,2,0,546,546,14350,1,0,0,1,2
2020-07-15,US,Nebraska,Sarpy,1443,8,0,41.11314181,-96.11156432,31153.0,770.8498044830017,0.5544005544005544,1435,1405,8,0,1397,1373,184459,38,0,0,38,32
2020-07-15,US,Nebraska,Saunders,98,2,0,41.227810299999994,-96.63773905,31155.0,454.1662804708498,2.0408163265306123,96,97,2,0,95,95,21303,1,0,0,1,2
2020-07-15,US,Nebraska,Scotts Bluff,245,5,0,41.85070896,-103.70809859999999,31157.0,687.854455612331,2.0408163265306123,240,244,5,0,239,243,35989,1,0,0,1,1
2020-07-15,US,Nebraska,Seward,54,1,0,40.87241834,-97.139673,31159.0,312.4276787780606,1.851851851851852,53,52,1,0,51,52,17318,2,0,0,2,0
2020-07-15,US,Nebraska,Sheridan,8,0,0,42.50284406,-102.4126613,31161.0,152.49714067861228,0.0,8,8,0,0,8,8,5190,0,0,0,0,0
2020-07-15,US,Nebraska,Sherman,5,0,0,41.22045983,-98.97588642,31163.0,166.61112962345885,0.0,5,5,0,0,5,5,3038,0,0,0,0,0
2020-07-15,US,Nebraska,Sioux,6,0,0,42.48932059,-103.7576544,31165.0,514.5797598627787,0.0,6,6,0,0,6,6,1187,0,0,0,0,0
2020-07-15,US,Nebraska,Stanton,21,0,0,41.9169835,-97.19394708,31167.0,354.72972972972974,0.0,21,21,0,0,21,21,5970,0,0,0,0,0
2020-07-15,US,Nebraska,Thayer,16,0,0,40.17626377,-97.59504381,31169.0,319.80811513092146,0.0,16,16,0,0,16,10,5039,0,0,0,0,6
2020-07-15,US,Nebraska,Thomas,1,0,0,41.91358968,-100.5556632,31171.0,138.50415512465375,0.0,1,1,0,0,1,1,720,0,0,0,0,0
2020-07-15,US,Nebraska,Thurston,179,1,0,42.15725356,-96.54157099,31173.0,2477.8516057585825,0.5586592178770949,178,179,1,0,178,178,7303,0,0,0,0,1
2020-07-15,US,Nebraska,Unassigned,118,2,0,0.0,0.0,90031.0,0.0,1.6949152542372878,116,116,1,0,115,115,,2,1,0,1,1
2020-07-15,US,Nebraska,Valley,9,0,0,41.56730777,-98.98197724,31175.0,216.4502164502165,0.0,9,8,0,0,8,8,4190,1,0,0,1,0
2020-07-15,US,Nebraska,Washington,66,1,0,41.52815707,-96.22019892,31177.0,318.39451975493273,1.5151515151515151,65,61,1,0,60,60,20667,5,0,0,5,1
2020-07-15,US,Nebraska,Wayne,34,0,0,42.20934475,-97.11926964,31179.0,362.2802344166223,0.0,34,34,0,0,34,33,9403,0,0,0,0,1
2020-07-15,US,Nebraska,Webster,9,0,0,40.17642643,-98.50019851,31181.0,258.1015199311729,0.0,9,9,0,0,9,9,3533,0,0,0,0,0
2020-07-15,US,Nebraska,York,54,0,0,40.87272618,-97.59710186,31185.0,394.76569924702096,0.0,54,52,0,0,52,52,13772,2,0,0,2,0
2020-07-15,US,Nevada,Carson City,229,6,0,39.15509045,-119.7480219,32510.0,409.54288575720716,2.6200873362445414,223,223,6,0,217,220,55414,6,0,0,6,3
2020-07-15,US,Nevada,Churchill,31,1,0,39.58105744,-118.3394607,32001.0,124.45300895258741,3.2258064516129035,30,29,1,0,28,29,24440,2,0,0,2,0
2020-07-15,US,Nevada,Clark,25611,502,0,36.21458855,-115.0130241,32003.0,1129.8729659441085,1.960095271563,25109,24824,498,0,24326,23803,2231647,787,4,0,783,1021
2020-07-15,US,Nevada,Douglas,94,0,0,38.912862,-119.61713329999999,32005.0,192.20938554340046,0.0,94,88,0,0,88,86,48467,6,0,0,6,2
2020-07-15,US,Nevada,Elko,274,1,0,41.14531606,-115.3577619,32007.0,519.1557088180682,0.36496350364963503,273,264,1,0,263,244,52460,10,0,0,10,20
2020-07-15,US,Nevada,Eureka,1,0,0,39.98100864,-116.26832040000001,32011.0,49.28536224741252,0.0,1,1,0,0,1,1,2003,0,0,0,0,0
2020-07-15,US,Nevada,Humboldt,91,4,0,41.40692186,-118.11094270000001,32013.0,540.6690036242646,4.395604395604397,87,91,4,0,87,91,16786,0,0,0,0,0
2020-07-15,US,Nevada,Lander,45,0,0,39.933223299999995,-117.03970749999999,32015.0,813.4490238611712,0.0,45,45,0,0,45,43,5575,0,0,0,0,2
2020-07-15,US,Nevada,Lincoln,2,0,0,37.64268459,-114.8790388,32017.0,38.58769052672198,0.0,2,2,0,0,2,2,5201,0,0,0,0,0
2020-07-15,US,Nevada,Lyon,149,2,0,39.01777974,-119.18704790000001,32019.0,259.0853764562685,1.342281879194631,147,147,2,0,145,145,55808,2,0,0,2,2
2020-07-15,US,Nevada,Mineral,8,0,0,38.53841696,-118.4344506,32021.0,177.58046614872364,0.0,8,6,0,0,6,6,4514,2,0,0,2,0
2020-07-15,US,Nevada,Nye,193,3,0,38.04264256,-116.47227020000001,32023.0,414.8485695247512,1.5544041450777202,190,188,3,0,185,188,45346,5,0,0,5,0
2020-07-15,US,Nevada,Pershing,13,0,0,40.44003782,-118.40056409999998,32027.0,193.3085501858736,0.0,13,12,0,0,12,12,6666,1,0,0,1,0
2020-07-15,US,Nevada,Storey,2,0,0,39.44875482,-119.5250207,32029.0,48.508367693427104,0.0,2,2,0,0,2,2,4029,0,0,0,0,0
2020-07-15,US,Nevada,Washoe,3716,98,0,40.66562265,-119.6631594,32031.0,788.0912540109731,2.63724434876211,3618,3689,97,0,3592,3635,465735,27,1,0,26,54
2020-07-15,US,Nevada,White Pine,9,1,0,39.44157041,-114.89996599999999,32033.0,93.94572025052193,11.111111111111109,8,8,0,0,8,8,9475,1,1,0,0,0
2020-07-15,US,New Hampshire,Belknap,93,3,0,43.51637314,-71.41684235,33001.0,151.70546302791055,3.2258064516129035,90,92,3,0,89,91,61022,1,0,0,1,1
2020-07-15,US,New Hampshire,Carroll,69,0,0,43.87498583,-71.20430216,33003.0,141.07544469433654,0.0,69,68,0,0,68,67,48779,1,0,0,1,1
2020-07-15,US,New Hampshire,Cheshire,78,2,0,42.92015988,-72.25311043,33005.0,102.51692186370506,2.5641025641025643,76,77,2,0,75,76,76493,1,0,0,1,1
2020-07-15,US,New Hampshire,Coos,11,0,0,44.69063265,-71.30633239,33007.0,34.85093305452587,0.0,11,11,0,0,11,11,31589,0,0,0,0,0
2020-07-15,US,New Hampshire,Grafton,96,1,0,43.93779815,-71.82057197,33009.0,106.80194913557173,1.0416666666666667,95,94,1,0,93,92,89786,2,0,0,2,2
2020-07-15,US,New Hampshire,Hillsborough,3455,263,0,42.91537785,-71.7200253,33011.0,828.4875007493556,7.612156295224312,3192,3443,261,0,3182,3433,415247,12,2,0,10,10
2020-07-15,US,New Hampshire,Merrimack,434,19,0,43.29662971,-71.6811573,33013.0,286.6749014142188,4.377880184331797,415,432,19,0,413,430,151132,2,0,0,2,2
2020-07-15,US,New Hampshire,Rockingham,1534,92,0,42.98499744,-71.12883377,33015.0,495.2077193005111,5.9973924380704045,1442,1531,92,0,1439,1526,309176,3,0,0,3,5
2020-07-15,US,New Hampshire,Strafford,306,13,0,43.291833000000004,-71.02336013,33017.0,234.2440271600591,4.248366013071895,293,306,13,0,293,301,130090,0,0,0,0,5
2020-07-15,US,New Hampshire,Sullivan,37,1,0,43.36094111,-72.22203125,33019.0,85.7553423260557,2.702702702702702,36,37,1,0,36,36,43144,0,0,0,0,1
2020-07-15,US,New Jersey,Atlantic,3060,234,0,39.47538693,-74.65848483,34001.0,1160.5415860735009,7.647058823529411,2826,3047,233,0,2814,3023,265429,13,1,0,12,24
2020-07-15,US,New Jersey,Bergen,19927,2029,0,40.96010917,-74.07164325,34003.0,2137.6268233709,10.182164901891904,17898,19907,2032,0,17875,19891,936692,20,-3,0,23,16
2020-07-15,US,New Jersey,Burlington,5419,454,0,39.87681124,-74.66927768,34005.0,1216.7985108308314,8.377929507289167,4965,5412,451,0,4961,5382,445384,7,3,0,4,30
2020-07-15,US,New Jersey,Camden,7775,556,0,39.80343818,-74.96388753,34007.0,1535.1323175463156,7.151125401929259,7219,7746,551,0,7195,7716,507078,29,5,0,24,30
2020-07-15,US,New Jersey,Cape May,744,80,0,39.15008829,-74.80170244,34009.0,808.3529808016168,10.752688172043008,664,740,79,0,661,733,92560,4,1,0,3,7
2020-07-15,US,New Jersey,Cumberland,3068,153,0,39.37199394,-75.10712559,34011.0,2051.803353240552,4.9869621903520205,2915,3063,152,0,2911,3056,150972,5,1,0,4,7
2020-07-15,US,New Jersey,Essex,19100,2085,0,40.78681335,-74.24657979,34013.0,2390.562908726806,10.916230366492147,17015,19058,2078,0,16980,19039,799767,42,7,0,35,19
2020-07-15,US,New Jersey,Gloucester,2797,195,0,39.71581067,-75.13995546,34015.0,959.0722681699104,6.97175545227029,2602,2788,193,0,2595,2764,291408,9,2,0,7,24
2020-07-15,US,New Jersey,Hudson,19219,1494,0,40.73766234,-74.07515667,34017.0,2858.3071456935027,7.7735574171392905,17725,19193,1487,0,17706,19135,676061,26,7,0,19,58
2020-07-15,US,New Jersey,Hunterdon,1098,126,0,40.56335249,-74.91284156,34019.0,882.8424632752008,11.475409836065571,972,1095,126,0,969,1094,124714,3,0,0,3,1
2020-07-15,US,New Jersey,Mercer,7815,604,0,40.28047017,-74.70479631,34021.0,2126.9357428625863,7.728726807421625,7211,7807,603,0,7204,7795,369811,8,1,0,7,12
2020-07-15,US,New Jersey,Middlesex,17119,1395,0,40.43629879,-74.41426991,34023.0,2074.874373077417,8.148840469653601,15724,17089,1379,0,15710,17059,829685,30,16,0,14,30
2020-07-15,US,New Jersey,Monmouth,9605,845,0,40.26549699,-74.22240686,34025.0,1552.2103442981925,8.797501301405518,8760,9542,840,0,8702,9515,621354,63,5,0,58,27
2020-07-15,US,New Jersey,Morris,6926,824,0,40.86095313,-74.54553709999998,34027.0,1408.1672071485934,11.897198960438926,6102,6921,820,0,6101,6909,494228,5,4,0,1,12
2020-07-15,US,New Jersey,Ocean,9890,1000,0,39.8895449,-74.28089251,34029.0,1628.8254340515098,10.111223458038422,8890,9867,998,0,8869,9828,601651,23,2,0,21,39
2020-07-15,US,New Jersey,Passaic,17127,1227,0,41.03238628,-74.29954144,34031.0,3412.9359578818157,7.164126817306008,15900,17105,1225,0,15880,17080,503310,22,2,0,20,25
2020-07-15,US,New Jersey,Salem,821,78,0,39.58719656,-75.34696629999998,34033.0,1316.021479522321,9.500609013398297,743,818,78,0,740,815,62607,3,0,0,3,3
2020-07-15,US,New Jersey,Somerset,5057,550,0,40.56465737,-74.61683016,34035.0,1537.3904795490894,10.876013446707532,4507,5036,551,0,4485,5018,331164,21,-1,0,22,18
2020-07-15,US,New Jersey,Sussex,1236,195,0,41.13891592,-74.69118243,34037.0,879.7904447354935,15.776699029126213,1041,1233,195,0,1038,1230,140799,3,0,0,3,3
2020-07-15,US,New Jersey,Unassigned,645,0,0,0.0,0.0,90034.0,0.0,0.0,645,644,0,0,644,656,,1,0,0,1,-12
2020-07-15,US,New Jersey,Union,16563,1340,0,40.65835409,-74.30680092,34039.0,2977.1309322879315,8.09032180160599,15223,16537,1344,0,15193,16519,558067,26,-4,0,30,18
2020-07-15,US,New Jersey,Warren,1267,170,0,40.85951833,-74.99556527,34041.0,1203.6060683785042,13.417521704814522,1097,1267,167,0,1100,1265,105779,0,3,0,-3,2
2020-07-15,US,New Mexico,Bernalillo,3362,98,0,35.05163625,-106.6703554,35001.0,495.0516918192782,2.914931588340273,3264,3200,97,0,3103,3134,678701,162,1,0,161,66
2020-07-15,US,New Mexico,Catron,3,1,0,33.91514144,-108.4046587,35003.0,85.05812305075135,33.333333333333336,2,3,1,0,2,3,3578,0,0,0,0,0
2020-07-15,US,New Mexico,Chaves,186,3,0,33.36406072,-104.4665365,35005.0,287.85885630271616,1.6129032258064515,183,184,3,0,181,179,64689,2,0,0,2,5
2020-07-15,US,New Mexico,Cibola,256,14,0,34.91131525,-107.998876,35006.0,959.7000937207124,5.46875,242,253,14,0,239,251,26746,3,0,0,3,2
2020-07-15,US,New Mexico,Colfax,10,1,0,36.60569702,-104.64726740000002,35007.0,83.74507997655137,10.0,9,9,1,0,8,9,12110,1,0,0,1,0
2020-07-15,US,New Mexico,Curry,271,1,0,34.57421077,-103.34688759999999,35009.0,553.5809126935491,0.3690036900369004,270,267,1,0,266,262,49437,4,0,0,4,5
2020-07-15,US,New Mexico,Dona Ana,1571,12,0,32.35275771,-106.83293870000001,35013.0,719.9981667774239,0.7638446849140674,1559,1536,11,0,1525,1487,217522,35,1,0,34,49
2020-07-15,US,New Mexico,Eddy,154,1,0,32.47167456,-104.3053527,35015.0,263.4279849469723,0.6493506493506493,153,150,1,0,149,144,57900,4,0,0,4,6
2020-07-15,US,New Mexico,Grant,44,0,0,32.73911281,-108.3827845,35017.0,162.9750351877917,0.0,44,41,0,0,41,35,27346,3,0,0,3,6
2020-07-15,US,New Mexico,Guadalupe,20,0,0,34.86319296,-104.790669,35019.0,465.11627906976736,0.0,20,20,0,0,20,20,4341,0,0,0,0,0
2020-07-15,US,New Mexico,Harding,1,0,0,35.85751555,-103.82209379999999,35021.0,160.0,0.0,1,1,0,0,1,1,655,0,0,0,0,0
2020-07-15,US,New Mexico,Hidalgo,75,0,0,31.91383467,-108.7151824,35023.0,1786.5650309671273,0.0,75,75,0,0,75,74,4240,0,0,0,0,1
2020-07-15,US,New Mexico,Lea,299,0,0,32.79215361,-103.4123733,35025.0,420.7119741100324,0.0,299,291,0,0,291,285,69611,8,0,0,8,6
2020-07-15,US,New Mexico,Lincoln,29,0,0,33.74526079,-105.4586166,35027.0,148.17085632536276,0.0,29,25,0,0,25,24,19556,4,0,0,4,1
2020-07-15,US,New Mexico,Los Alamos,13,0,0,35.86631386,-106.31349850000001,35028.0,67.11755898600858,0.0,13,13,0,0,13,12,19101,0,0,0,0,1
2020-07-15,US,New Mexico,Luna,133,3,0,32.18179341,-107.75088259999998,35029.0,560.9684086211987,2.255639097744361,130,132,3,0,129,128,23963,1,0,0,1,4
2020-07-15,US,New Mexico,McKinley,3689,194,0,35.58007720000001,-108.262245,35031.0,5169.055726035843,5.258877744646246,3495,3679,192,0,3487,3657,72290,10,2,0,8,22
2020-07-15,US,New Mexico,Mora,2,0,0,36.01095101,-104.9497716,35033.0,44.238000442380006,0.0,2,2,0,0,2,3,4506,0,0,0,0,-1
2020-07-15,US,New Mexico,Otero,84,9,0,32.61348406,-105.7417604,35035.0,124.46288339013184,10.714285714285714,75,83,9,0,74,79,66781,1,0,0,1,4
2020-07-15,US,New Mexico,Quay,19,1,0,35.10403332,-103.54817270000001,35037.0,230.21931418877983,5.2631578947368425,18,17,1,0,16,16,8253,2,0,0,2,1
2020-07-15,US,New Mexico,Rio Arriba,147,1,0,36.51072137,-106.69316740000001,35039.0,377.68813750931366,0.6802721088435374,146,140,1,0,139,139,39006,7,0,0,7,1
2020-07-15,US,New Mexico,Roosevelt,83,1,0,34.02097406,-103.4799493,35041.0,448.6486486486488,1.2048192771084338,82,81,1,0,80,79,18743,2,0,0,2,2
2020-07-15,US,New Mexico,San Juan,2766,174,0,36.50838318,-108.32043700000001,35045.0,2231.400958389132,6.290672451193059,2592,2742,173,0,2569,2731,125043,24,1,0,23,11
2020-07-15,US,New Mexico,San Miguel,28,0,0,35.48014807,-104.8163562,35047.0,102.6505847417238,0.0,28,28,0,0,28,27,27591,0,0,0,0,1
2020-07-15,US,New Mexico,Sandoval,867,31,0,35.68862401,-106.86878030000001,35043.0,590.8087333387847,3.575547866205305,836,853,30,0,823,847,145179,14,1,0,13,6
2020-07-15,US,New Mexico,Santa Fe,380,3,0,35.50708973,-105.9774716,35049.0,252.7301507069793,0.7894736842105263,377,352,3,0,349,341,150056,28,0,0,28,11
2020-07-15,US,New Mexico,Sierra,17,0,0,33.13028233,-107.1925893,35051.0,157.5386896487814,0.0,17,16,0,0,16,16,10968,1,0,0,1,0
2020-07-15,US,New Mexico,Socorro,65,5,0,34.00715494,-106.9298354,35053.0,390.69543787942536,7.6923076923076925,60,65,5,0,60,66,16735,0,0,0,0,-1
2020-07-15,US,New Mexico,Taos,61,1,0,36.58006022,-105.63101979999999,35055.0,186.41322617119457,1.639344262295082,60,59,1,0,58,57,32835,2,0,0,2,2
2020-07-15,US,New Mexico,Torrance,49,1,0,34.64048375,-105.8508949,35057.0,316.926460125477,2.0408163265306123,48,49,1,0,48,49,15591,0,0,0,0,0
2020-07-15,US,New Mexico,Unassigned,937,0,0,0.0,0.0,90035.0,0.0,0.0,937,936,0,0,936,936,,1,0,0,1,0
2020-07-15,US,New Mexico,Union,14,0,0,36.48126404,-103.4709624,35059.0,344.91254003449126,0.0,14,14,0,0,14,8,4118,0,0,0,0,6
2020-07-15,US,New Mexico,Valencia,206,2,0,34.71669834,-106.8103733,35061.0,268.6209054871688,0.9708737864077671,204,198,2,0,196,192,76456,8,0,0,8,6
2020-07-15,US,New York,Albany,2280,121,0,42.60060306,-73.97723916,36001.0,746.3028549357457,5.307017543859649,2159,2247,121,0,2126,2225,307117,33,0,0,33,22
2020-07-15,US,New York,Allegany,69,1,0,42.25748406,-78.02750466,36003.0,149.70384673797489,1.4492753623188406,68,68,1,0,67,66,46430,1,0,0,1,2
2020-07-15,US,New York,Broome,852,60,0,42.15903158,-75.81326086,36007.0,447.27226911931467,7.042253521126762,792,841,60,0,781,827,191659,11,0,0,11,14
2020-07-15,US,New York,Cattaraugus,141,6,0,42.24778241,-78.67923096,36009.0,185.24114192624512,4.25531914893617,135,139,6,0,133,138,76840,2,0,0,2,1
2020-07-15,US,New York,Cayuga,128,2,0,42.91261714,-76.55731592,36011.0,167.15419974926868,1.5625,126,127,2,0,125,126,77145,1,0,0,1,1
2020-07-15,US,New York,Chautauqua,186,7,0,42.22769210000001,-79.36691763,36013.0,146.56863903926615,3.7634408602150535,179,180,7,0,173,171,127939,6,0,0,6,9
2020-07-15,US,New York,Chemung,151,2,0,42.13891056,-76.7638805,36015.0,180.93366564417173,1.3245033112582782,149,149,2,0,147,148,84254,2,0,0,2,1
2020-07-15,US,New York,Chenango,175,6,0,42.49430041,-75.60887553,36017.0,370.7077340224967,3.4285714285714284,169,171,6,0,165,169,47536,4,0,0,4,2
2020-07-15,US,New York,Clinton,111,4,0,44.74530905,-73.67875352,36019.0,137.91389699944088,3.603603603603604,107,110,4,0,106,109,80695,1,0,0,1,1
2020-07-15,US,New York,Columbia,489,37,0,42.24819348,-73.63089095,36021.0,822.3877835892433,7.566462167689163,452,489,37,0,452,487,59916,0,0,0,0,2
2020-07-15,US,New York,Cortland,61,0,0,42.59509207,-76.07048931,36023.0,128.20243374456192,0.0,61,59,0,0,59,59,47823,2,0,0,2,0
2020-07-15,US,New York,Delaware,92,4,0,42.19837623,-74.96709306,36025.0,208.45134247196103,4.3478260869565215,88,92,4,0,88,92,44527,0,0,0,0,0
2020-07-15,US,New York,Dutchess,4337,152,0,41.76486060000001,-73.74356679,36027.0,1474.0770449122754,3.5047267696564446,4185,4318,152,0,4166,4280,293718,19,0,0,19,38
2020-07-15,US,New York,Erie,7891,646,0,42.76249024,-78.73063652,36029.0,858.9292284113893,8.186541629704728,7245,7833,646,0,7187,7766,919719,58,0,0,58,67
2020-07-15,US,New York,Essex,51,0,0,44.11630765,-73.77297842,36031.0,138.2675884505897,0.0,51,51,0,0,51,51,37300,0,0,0,0,0
2020-07-15,US,New York,Franklin,37,0,0,44.59040891,-74.29926032,36033.0,73.96745432009915,0.0,37,36,0,0,36,36,50293,1,0,0,1,0
2020-07-15,US,New York,Fulton,266,24,0,43.11363907,-74.41798804,36035.0,498.2859711893299,9.022556390977444,242,266,24,0,242,265,53591,0,0,0,0,1
2020-07-15,US,New York,Genesee,254,5,0,43.0022601,-78.19135193,36037.0,443.4357541899441,1.9685039370078738,249,252,5,0,247,250,57511,2,0,0,2,2
2020-07-15,US,New York,Greene,271,18,0,42.275797,-74.12384884,36039.0,574.2985504789352,6.6420664206642055,253,267,18,0,249,266,47491,4,0,0,4,1
2020-07-15,US,New York,Hamilton,6,0,0,43.66146647,-74.49721957,36041.0,135.8695652173913,0.0,6,6,0,0,6,6,4434,0,0,0,0,0
2020-07-15,US,New York,Herkimer,197,4,0,43.42034246,-74.96145307,36043.0,321.27073174709307,2.0304568527918785,193,195,4,0,191,193,61833,2,0,0,2,2
2020-07-15,US,New York,Jefferson,100,0,0,44.04200959,-75.94653457,36045.0,91.04648833694485,0.0,100,100,0,0,100,99,111755,0,0,0,0,1
2020-07-15,US,New York,Lewis,32,0,0,43.784415700000004,-75.44903992,36049.0,121.6915120170368,0.0,32,32,0,0,32,31,26447,0,0,0,0,1
2020-07-15,US,New York,Livingston,151,8,0,42.72596275,-77.77966158,36051.0,240.01017261658768,5.298013245033113,143,151,8,0,143,147,63227,0,0,0,0,4
2020-07-15,US,New York,Madison,376,17,0,42.91653905,-75.67266639,36053.0,530.01790220042,4.5212765957446805,359,376,17,0,359,375,70795,0,0,0,0,1
2020-07-15,US,New York,Monroe,4281,277,0,43.14638895,-77.69322942,36055.0,577.1330735942407,6.470450829245503,4004,4247,277,0,3970,4200,742474,34,0,0,34,47
2020-07-15,US,New York,Montgomery,141,4,0,42.90123494,-74.44011632,36057.0,286.4630950204181,2.8368794326241136,137,141,4,0,137,133,49455,0,0,0,0,8
2020-07-15,US,New York,Nassau,42462,2191,0,40.74066522,-73.58941873,36059.0,3129.2835855213702,5.159907682162875,40271,42423,2190,0,40233,42354,1358343,39,1,0,38,69
2020-07-15,US,New York,New York City,219982,23353,0,40.76727260000001,-73.97152637,36061.0,2638.680925825768,10.615868571064905,196629,219616,23336,0,196280,219301,1628701,366,17,0,349,315
2020-07-15,US,New York,Niagara,1356,94,0,43.19898042,-78.74777412,36063.0,647.9326838078947,6.932153392330385,1262,1351,94,0,1257,1342,210433,5,0,0,5,9
2020-07-15,US,New York,Oneida,1860,104,0,43.24375382,-75.43710392,36065.0,813.3956645136462,5.591397849462366,1756,1847,104,0,1743,1830,229577,13,0,0,13,17
2020-07-15,US,New York,Onondaga,3203,191,0,43.00491923,-76.19971155,36067.0,695.5060278636695,5.963159537933188,3012,3179,191,0,2988,3142,461809,24,0,0,24,37
2020-07-15,US,New York,Ontario,312,33,0,42.85145728,-77.30874425,36069.0,284.2125399673884,10.576923076923077,279,307,33,0,274,302,109864,5,0,0,5,5
2020-07-15,US,New York,Orange,10878,484,0,41.40337468,-74.30240757,36071.0,2825.894944666701,4.449347306490163,10394,10850,484,0,10366,10841,381951,28,0,0,28,9
2020-07-15,US,New York,Orleans,288,54,0,43.2516977,-78.2320066,36073.0,713.7192704203012,18.75,234,288,54,0,234,287,40612,0,0,0,0,1
2020-07-15,US,New York,Oswego,226,3,0,43.42778894,-76.14635194,36075.0,192.95789078241864,1.327433628318584,223,225,3,0,222,222,117898,1,0,0,1,3
2020-07-15,US,New York,Otsego,91,5,0,42.63492579,-75.03151402,36077.0,152.95917166725496,5.494505494505495,86,90,5,0,85,89,59749,1,0,0,1,1
2020-07-15,US,New York,Putnam,1382,63,0,41.42630093,-73.74965532,36079.0,1405.614320585842,4.558610709117222,1319,1376,63,0,1313,1365,98892,6,0,0,6,11
2020-07-15,US,New York,Rensselaer,632,30,0,42.71348136,-73.51089874,36083.0,398.20053681464765,4.746835443037975,602,625,30,0,595,617,159442,7,0,0,7,8
2020-07-15,US,New York,Rockland,13743,670,0,41.15027894,-74.02560498,36087.0,4218.3744693651415,4.87520919740959,13073,13733,670,0,13063,13719,325695,10,0,0,10,14
2020-07-15,US,New York,Saratoga,623,17,0,43.10904162,-73.86653895,36091.0,271.0310054249705,2.7287319422150884,606,616,17,0,599,610,230163,7,0,0,7,6
2020-07-15,US,New York,Schenectady,891,37,0,42.81668777,-74.05278291,36093.0,573.7319622148242,4.15263748597082,854,883,37,0,846,868,155350,8,0,0,8,15
2020-07-15,US,New York,Schoharie,62,0,0,42.58831742,-74.44339029999998,36095.0,200.00645182102642,0.0,62,62,0,0,62,62,31097,0,0,0,0,0
2020-07-15,US,New York,Schuyler,15,0,0,42.39184015,-76.8773299,36097.0,84.23653619363172,0.0,15,15,0,0,15,15,17912,0,0,0,0,0
2020-07-15,US,New York,Seneca,76,0,0,42.78081007,-76.82497064,36099.0,223.42427093132645,0.0,76,74,0,0,74,74,34300,2,0,0,2,0
2020-07-15,US,New York,St. Lawrence,234,2,0,44.4976179,-75.06550039,36089.0,217.18953035084462,0.8547008547008547,232,233,2,0,231,231,108047,1,0,0,1,2
2020-07-15,US,New York,Steuben,279,41,0,42.2689144,-77.3829924,36101.0,292.51722077186804,14.695340501792117,238,278,41,0,237,276,95796,1,0,0,1,2
2020-07-15,US,New York,Suffolk,42267,1993,0,40.88320119,-72.8012172,36103.0,2862.45234833242,4.715262497929827,40274,42214,1993,0,40221,42112,1481093,53,0,0,53,102
2020-07-15,US,New York,Sullivan,1467,48,0,41.71579493,-74.76394559,36105.0,1944.7979637289209,3.2719836400818,1419,1466,48,0,1418,1465,75498,1,0,0,1,1
2020-07-15,US,New York,Tioga,163,24,0,42.16852837,-76.30835812,36107.0,338.1532269775741,14.723926380368097,139,161,24,0,137,161,48560,2,0,0,2,0
2020-07-15,US,New York,Tompkins,198,0,0,42.44945765,-76.47229843,36109.0,193.7756899588961,0.0,198,186,0,0,186,186,102793,12,0,0,12,0
2020-07-15,US,New York,Ulster,1888,88,0,41.89027881,-74.26252104,36111.0,1063.2247019535628,4.6610169491525415,1800,1872,88,0,1784,1862,178599,16,0,0,16,10
2020-07-15,US,New York,Warren,284,33,0,43.56173026,-73.8433699,36113.0,444.1386212936319,11.619718309859154,251,280,33,0,247,280,64265,4,0,0,4,0
2020-07-15,US,New York,Washington,250,14,0,43.31153794,-73.43043448,36115.0,408.4700346382589,5.6,236,250,14,0,236,249,61197,0,0,0,0,1
2020-07-15,US,New York,Wayne,221,3,0,43.15494365,-77.02976528,36117.0,245.77948797793545,1.3574660633484164,218,214,3,0,211,209,90064,7,0,0,7,5
2020-07-15,US,New York,Westchester,35394,1436,0,41.16278376,-73.75741653,36119.0,3658.271886685974,4.0571848335876135,33958,35366,1435,0,33931,35327,967612,28,1,0,27,39
2020-07-15,US,New York,Wyoming,103,5,0,42.70145109,-78.22199579,36121.0,258.4108984169196,4.854368932038835,98,103,5,0,98,102,40085,0,0,0,0,1
2020-07-15,US,New York,Yates,50,6,0,42.63505484,-77.10369919,36123.0,200.69843053827321,12.0,44,49,6,0,43,48,24841,1,0,0,1,1
2020-07-15,US,North Carolina,Alamance,1562,38,0,36.0434701,-79.39976137,37001.0,921.484994897026,2.4327784891165174,1524,1519,38,0,1481,1480,166436,43,0,0,43,39
2020-07-15,US,North Carolina,Alexander,186,1,0,35.922379600000006,-81.17751948,37003.0,496.039683174654,0.5376344086021505,185,183,1,0,182,174,37353,3,0,0,3,9
2020-07-15,US,North Carolina,Alleghany,44,0,0,36.49360862,-81.12857041,37005.0,395.07946484690666,0.0,44,43,0,0,43,42,11161,1,0,0,1,1
2020-07-15,US,North Carolina,Anson,218,2,0,34.97403241,-80.09953279,37007.0,891.7614333633313,0.9174311926605504,216,214,2,0,212,208,24877,4,0,0,4,6
2020-07-15,US,North Carolina,Ashe,67,1,0,36.43296207,-81.49862729,37009.0,246.29636437157657,1.492537313432836,66,65,1,0,64,64,27109,2,0,0,2,1
2020-07-15,US,North Carolina,Avery,51,0,0,36.07569796,-81.92308483,37011.0,290.4824286609329,0.0,51,31,0,0,31,30,17505,20,0,0,20,1
2020-07-15,US,North Carolina,Beaufort,163,0,0,35.48531943,-76.84325809,37013.0,346.8527897178364,0.0,163,157,0,0,157,154,47079,6,0,0,6,3
2020-07-15,US,North Carolina,Bertie,161,4,0,36.0688473,-76.96545943,37015.0,849.7387449200403,2.4844720496894412,157,157,4,0,153,157,19026,4,0,0,4,0
2020-07-15,US,North Carolina,Bladen,457,5,0,34.61296243,-78.56180059,37017.0,1396.6138989059348,1.0940919037199124,452,455,5,0,450,446,33190,2,0,0,2,9
2020-07-15,US,North Carolina,Brunswick,865,10,0,34.070565,-78.22814204,37019.0,605.657470942445,1.1560693641618498,855,832,10,0,822,802,136744,33,0,0,33,30
2020-07-15,US,North Carolina,Buncombe,957,42,0,35.61113393,-82.53305,37021.0,366.39853593730265,4.38871473354232,915,928,40,0,888,898,259103,29,2,0,27,30
2020-07-15,US,North Carolina,Burke,1265,21,0,35.74989637,-81.70755735,37023.0,1398.0217715643478,1.6600790513833992,1244,1238,21,0,1217,1217,90382,27,0,0,27,21
2020-07-15,US,North Carolina,Cabarrus,1754,33,0,35.3877799,-80.55267168,37025.0,810.3375790587334,1.881413911060433,1721,1721,33,0,1688,1677,211342,33,0,0,33,44
2020-07-15,US,North Carolina,Caldwell,685,8,0,35.95204977,-81.54799522,37027.0,833.5564262941417,1.167883211678832,677,683,8,0,675,653,82029,2,0,0,2,30
2020-07-15,US,North Carolina,Camden,42,1,0,36.33804939,-76.15568396,37029.0,386.49121192601456,2.380952380952381,41,39,1,0,38,38,10710,3,0,0,3,1
2020-07-15,US,North Carolina,Carteret,171,4,0,34.8932941,-76.54120135,37031.0,246.13878773048526,2.3391812865497075,167,162,4,0,158,154,69524,9,0,0,9,8
2020-07-15,US,North Carolina,Caswell,156,2,0,36.39312665,-79.33353281,37033.0,690.1433374623961,1.2820512820512822,154,156,2,0,154,154,22698,0,0,0,0,2
2020-07-15,US,North Carolina,Catawba,1352,14,0,35.66211129,-81.2132617,37035.0,847.3779543844914,1.0355029585798816,1338,1290,14,0,1276,1253,158652,62,0,0,62,37
2020-07-15,US,North Carolina,Chatham,1072,46,0,35.70394416,-79.25541492,37037.0,1439.5058412783676,4.291044776119403,1026,1067,46,0,1021,1061,73139,5,0,0,5,6
2020-07-15,US,North Carolina,Cherokee,119,2,0,35.1349263,-84.05970864,37039.0,415.9094086397316,1.680672268907563,117,106,2,0,104,80,28383,13,0,0,13,26
2020-07-15,US,North Carolina,Chowan,39,0,0,36.12908077,-76.60118385,37041.0,279.7102488704009,0.0,39,39,0,0,39,37,14029,0,0,0,0,2
2020-07-15,US,North Carolina,Clay,27,0,0,35.05704275,-83.74353633,37043.0,240.406019054403,0.0,27,18,0,0,18,18,11139,9,0,0,9,0
2020-07-15,US,North Carolina,Cleveland,558,9,0,35.33553364,-81.55204486,37045.0,569.6958559220802,1.6129032258064515,549,544,9,0,535,528,97645,14,0,0,14,16
2020-07-15,US,North Carolina,Columbus,650,39,0,34.26744084,-78.65801424,37047.0,1171.0023780355984,6.0,611,646,39,0,607,623,55655,4,0,0,4,23
2020-07-15,US,North Carolina,Craven,486,8,0,35.11833364,-77.08398081,37049.0,475.82216391388204,1.6460905349794241,478,470,8,0,462,452,102912,16,0,0,16,18
2020-07-15,US,North Carolina,Cumberland,1802,43,0,35.04762133,-78.82623165,37051.0,537.0943849494349,2.386237513873474,1759,1686,43,0,1643,1633,332330,116,0,0,116,53
2020-07-15,US,North Carolina,Currituck,33,0,0,36.36123664,-75.95876401,37053.0,118.86323524114827,0.0,33,32,0,0,32,25,27072,1,0,0,1,7
2020-07-15,US,North Carolina,Dare,124,1,0,35.66520691,-75.71767334,37055.0,335.0536356021508,0.8064516129032258,123,124,1,0,123,118,36501,0,0,0,0,6
2020-07-15,US,North Carolina,Davidson,1296,16,0,35.79115496,-80.21256572,37057.0,773.2281679384758,1.2345679012345678,1280,1277,16,0,1261,1263,166614,19,0,0,19,14
2020-07-15,US,North Carolina,Davie,273,4,0,35.93099927,-80.54496571,37059.0,637.1656630723987,1.465201465201465,269,273,4,0,269,253,42733,0,0,0,0,20
2020-07-15,US,North Carolina,Duplin,1720,33,0,34.93449805,-77.93140529,37061.0,2928.1081357144067,1.9186046511627908,1687,1696,33,0,1663,1672,58856,24,0,0,24,24
2020-07-15,US,North Carolina,Durham,4733,71,0,36.03638492,-78.87608331,37063.0,1472.216692380431,1.5001056412423408,4662,4655,71,0,4584,4604,316739,78,0,0,78,51
2020-07-15,US,North Carolina,Edgecombe,409,9,0,35.91230639,-77.59436892,37065.0,794.6067764998446,2.2004889975550124,400,402,9,0,393,388,52005,7,0,0,7,14
2020-07-15,US,North Carolina,Forsyth,3850,40,0,36.12859861,-80.25459052,37067.0,1007.075687623432,1.0389610389610389,3810,3785,40,0,3745,3731,379099,65,0,0,65,54
2020-07-15,US,North Carolina,Franklin,533,22,0,36.081519,-78.28708884,37069.0,764.8704886273947,4.127579737335835,511,518,22,0,496,504,67560,15,0,0,15,14
2020-07-15,US,North Carolina,Gaston,2003,18,0,35.29373559,-81.17477045,37071.0,892.0896632506267,0.8986520219670494,1985,1946,16,0,1930,1859,222846,57,2,0,55,87
2020-07-15,US,North Carolina,Gates,31,2,0,36.44667547,-76.69749701,37073.0,268.11970247362046,6.451612903225807,29,30,2,0,28,29,11573,1,0,0,1,1
2020-07-15,US,North Carolina,Graham,10,0,0,35.3506925,-83.83369267,37075.0,118.46937566639023,0.0,10,10,0,0,10,10,8484,0,0,0,0,0
2020-07-15,US,North Carolina,Granville,975,25,0,36.30337451,-78.65184241,37077.0,1613.0900186952995,2.5641025641025643,950,975,25,0,950,944,60115,0,0,0,0,31
2020-07-15,US,North Carolina,Greene,238,3,0,35.48544173,-77.67578087,37079.0,1129.6217191133894,1.2605042016806722,235,237,3,0,234,223,21012,1,0,0,1,14
2020-07-15,US,North Carolina,Guilford,3840,128,0,36.07959451,-79.78824948,37081.0,714.8521708049907,3.333333333333333,3712,3760,128,0,3632,3682,533670,80,0,0,80,78
2020-07-15,US,North Carolina,Halifax,442,4,0,36.25669272,-77.6556109,37083.0,883.8232353529294,0.9049773755656108,438,430,4,0,426,428,50574,12,0,0,12,2
2020-07-15,US,North Carolina,Harnett,815,32,0,35.36731853,-78.87243571,37085.0,599.3704771430253,3.92638036809816,783,804,32,0,772,793,134214,11,0,0,11,11
2020-07-15,US,North Carolina,Haywood,142,0,0,35.55269063,-82.98196486,37087.0,227.86719514739158,0.0,142,138,0,0,138,128,61971,4,0,0,4,10
2020-07-15,US,North Carolina,Henderson,982,51,0,35.33788927,-82.4766782,37089.0,836.3354539802582,5.193482688391039,931,973,51,0,922,948,116748,9,0,0,9,25
2020-07-15,US,North Carolina,Hertford,181,11,0,36.3607755,-76.98104134,37091.0,764.4549562866918,6.077348066298343,170,181,11,0,170,179,23659,0,0,0,0,2
2020-07-15,US,North Carolina,Hoke,482,5,0,35.01888303,-79.23651674,37093.0,872.6509034290473,1.037344398340249,477,480,5,0,475,467,54764,2,0,0,2,13
2020-07-15,US,North Carolina,Hyde,31,0,0,35.42017674,-76.15180542,37095.0,627.9116872594692,0.0,31,31,0,0,31,34,5230,0,0,0,0,-3
2020-07-15,US,North Carolina,Iredell,1202,10,0,35.80950511,-80.8743128,37097.0,661.1442966678767,0.8319467554076541,1192,1179,10,0,1169,1138,178435,23,0,0,23,41
2020-07-15,US,North Carolina,Jackson,226,3,0,35.28814273,-83.14093385,37099.0,514.3611452501252,1.327433628318584,223,220,1,0,219,206,43327,6,2,0,4,14
2020-07-15,US,North Carolina,Johnston,2218,38,0,35.51745004,-78.36622717,37101.0,1059.5254587057357,1.7132551848512174,2180,2160,35,0,2125,2091,202675,58,3,0,55,69
2020-07-15,US,North Carolina,Jones,43,3,0,35.02254606,-77.35870791,37103.0,456.52404713876206,6.9767441860465125,40,43,3,0,40,43,9637,0,0,0,0,0
2020-07-15,US,North Carolina,Lee,952,8,0,35.47623147,-79.17569362,37105.0,1540.9767072953591,0.8403361344537815,944,950,8,0,942,950,61452,2,0,0,2,0
2020-07-15,US,North Carolina,Lenoir,439,11,0,35.24032589999999,-77.64245615,37107.0,784.6431571609859,2.5056947608200457,428,432,11,0,421,427,55976,7,0,0,7,5
2020-07-15,US,North Carolina,Lincoln,473,2,0,35.48508185,-81.21740317,37109.0,549.2910313432662,0.4228329809725159,471,450,2,0,448,433,83770,23,0,0,23,17
2020-07-15,US,North Carolina,Macon,340,3,0,35.14867843,-83.41696617,37113.0,948.1845055496684,0.8823529411764706,337,336,3,0,333,328,35285,4,0,0,4,8
2020-07-15,US,North Carolina,Madison,18,0,0,35.85402722,-82.71346418,37115.0,82.73960009193289,0.0,18,18,0,0,18,18,21763,0,0,0,0,0
2020-07-15,US,North Carolina,Martin,176,6,0,35.84326734,-77.10860251,37117.0,784.313725490196,3.4090909090909087,170,175,6,0,169,171,22671,1,0,0,1,4
2020-07-15,US,North Carolina,McDowell,339,2,0,35.67736232,-82.0482425,37111.0,740.8864411224757,0.5899705014749262,337,332,2,0,330,319,45507,7,0,0,7,13
2020-07-15,US,North Carolina,Mecklenburg,15950,164,0,35.24469268,-80.8317671,37119.0,1436.4762292453952,1.0282131661442009,15786,15680,163,0,15517,15319,1093901,270,1,0,269,361
2020-07-15,US,North Carolina,Mitchell,59,1,0,36.01059309,-82.1582442,37121.0,394.2796043838546,1.6949152542372878,58,59,1,0,58,59,15000,0,0,0,0,0
2020-07-15,US,North Carolina,Montgomery,459,9,0,35.33155144,-79.90416657,37123.0,1689.176756339013,1.96078431372549,450,459,9,0,450,402,27271,0,0,0,0,57
2020-07-15,US,North Carolina,Moore,653,15,0,35.30885257,-79.48474178,37125.0,647.3037272006344,2.2970903522205206,638,646,15,0,631,640,98682,7,0,0,7,6
2020-07-15,US,North Carolina,Nash,686,6,0,35.96575634,-77.98422508,37127.0,727.4809646015822,0.8746355685131195,680,666,6,0,660,640,94016,20,0,0,20,26
2020-07-15,US,North Carolina,New Hanover,1594,8,0,34.25758282,-77.87075626,37129.0,679.8224102561918,0.5018820577164367,1586,1560,8,0,1552,1484,232274,34,0,0,34,76
2020-07-15,US,North Carolina,Northampton,230,16,0,36.41736238,-77.39769443,37131.0,1180.516347585074,6.956521739130435,214,211,16,0,195,211,19676,19,0,0,19,0
2020-07-15,US,North Carolina,Onslow,489,4,0,34.72607366,-77.42908179,37133.0,247.04705513847767,0.8179959100204499,485,489,4,0,485,448,197683,0,0,0,0,41
2020-07-15,US,North Carolina,Orange,1015,43,0,36.06092947,-79.12167935,37135.0,683.6121662760313,4.236453201970443,972,1003,43,0,960,992,146027,12,0,0,12,11
2020-07-15,US,North Carolina,Pamlico,42,1,0,35.15253315,-76.66559823,37137.0,330.03300330033005,2.380952380952381,41,40,1,0,39,36,12670,2,0,0,2,4
2020-07-15,US,North Carolina,Pasquotank,258,17,0,36.26723798,-76.25134778,37139.0,647.8505423865006,6.5891472868217065,241,255,17,0,238,244,39639,3,0,0,3,11
2020-07-15,US,North Carolina,Pender,425,2,0,34.52265624,-77.90352133,37141.0,673.9613066920392,0.4705882352941176,423,415,2,0,413,382,62162,10,0,0,10,33
2020-07-15,US,North Carolina,Perquimans,40,2,0,36.17847453,-76.40603143,37143.0,297.1105994206344,5.0,38,38,2,0,36,39,13422,2,0,0,2,-1
2020-07-15,US,North Carolina,Person,135,1,0,36.38989032,-78.97217358,37145.0,341.85869840465944,0.7407407407407407,134,134,1,0,133,131,39507,1,0,0,1,3
2020-07-15,US,North Carolina,Pitt,1000,10,0,35.59535426,-77.37353178,37147.0,553.2748337409124,1.0,990,986,9,0,977,963,179914,14,1,0,13,23
2020-07-15,US,North Carolina,Polk,101,4,0,35.27820615,-82.16812354,37149.0,487.3576529627485,3.96039603960396,97,101,4,0,97,101,20611,0,0,0,0,0
2020-07-15,US,North Carolina,Randolph,1597,33,0,35.71015088,-79.80570339,37151.0,1111.5983489597472,2.0663744520976834,1564,1543,33,0,1510,1512,143351,54,0,0,54,31
2020-07-15,US,North Carolina,Richmond,375,7,0,35.00417719,-79.74491009,37153.0,836.5120792344243,1.8666666666666667,368,375,7,0,368,373,44887,0,0,0,0,2
2020-07-15,US,North Carolina,Robeson,1731,44,0,34.64244496,-79.10250529999998,37155.0,1325.1674641148325,2.541883304448296,1687,1708,44,0,1664,1638,131831,23,0,0,23,70
2020-07-15,US,North Carolina,Rockingham,341,2,0,36.39593137,-79.77504841,37157.0,374.68410064828043,0.5865102639296188,339,310,2,0,308,307,90690,31,0,0,31,3
2020-07-15,US,North Carolina,Rowan,1578,44,0,35.64003916,-80.52446628,37159.0,1110.5793592703114,2.7883396704689485,1534,1547,44,0,1503,1522,141262,31,0,0,31,25
2020-07-15,US,North Carolina,Rutherford,422,10,0,35.40114178,-81.92112099,37161.0,629.578242253353,2.3696682464454977,412,415,10,0,405,395,66826,7,0,0,7,20
2020-07-15,US,North Carolina,Sampson,1229,8,0,34.98820368,-78.36914061,37163.0,1934.4886748201666,0.6509357200976403,1221,1217,7,0,1210,1198,63626,12,1,0,11,19
2020-07-15,US,North Carolina,Scotland,177,2,0,34.8386299,-79.4757978,37165.0,508.28475432903537,1.1299435028248588,175,174,2,0,172,170,34810,3,0,0,3,4
2020-07-15,US,North Carolina,Stanly,597,6,0,35.31647813,-80.25093221,37167.0,950.5461261662898,1.0050251256281406,591,589,6,0,583,572,62075,8,0,0,8,17
2020-07-15,US,North Carolina,Stokes,182,1,0,36.4017975,-80.23893369,37169.0,399.20159680638716,0.5494505494505495,181,170,1,0,169,169,45467,12,0,0,12,1
2020-07-15,US,North Carolina,Surry,604,3,0,36.41689489,-80.69102283,37171.0,841.4248498948219,0.4966887417218543,601,592,3,0,589,582,71948,12,0,0,12,10
2020-07-15,US,North Carolina,Swain,77,1,0,35.48665845,-83.48748932,37173.0,539.5557424146871,1.2987012987012987,76,75,1,0,74,71,14245,2,0,0,2,4
2020-07-15,US,North Carolina,Transylvania,66,1,0,35.20383864,-82.79638423,37175.0,191.944161698415,1.5151515151515151,65,58,1,0,57,52,34215,8,0,0,8,6
2020-07-15,US,North Carolina,Tyrrell,63,1,0,35.87147226,-76.17055253,37177.0,1568.7250996015937,1.5873015873015872,62,61,1,0,60,53,4131,2,0,0,2,8
2020-07-15,US,North Carolina,Union,1942,30,0,34.98960527,-80.52955873,37179.0,809.6423315364442,1.5447991761071058,1912,1909,27,0,1882,1858,235908,33,3,0,30,51
2020-07-15,US,North Carolina,Vance,593,40,0,36.36880673,-78.40670845,37181.0,1331.5369933759966,6.745362563237773,553,589,40,0,549,585,44582,4,0,0,4,4
2020-07-15,US,North Carolina,Wake,8030,77,0,35.78879266,-78.65249174,37183.0,722.2775398669319,0.9589041095890408,7953,7901,76,0,7825,7668,1092305,129,1,0,128,233
2020-07-15,US,North Carolina,Warren,193,6,0,36.39728256,-78.10652228,37185.0,978.1562009021336,3.1088082901554404,187,192,6,0,186,191,19807,1,0,0,1,1
2020-07-15,US,North Carolina,Washington,57,3,0,35.83810081,-76.57299037,37187.0,492.22797927461136,5.2631578947368425,54,54,3,0,51,51,11859,3,0,0,3,3
2020-07-15,US,North Carolina,Watauga,147,0,0,36.23103603,-81.70033724,37189.0,261.67292664257616,0.0,147,137,0,0,137,128,55945,10,0,0,10,9
2020-07-15,US,North Carolina,Wayne,2074,34,0,35.36438125,-78.00027268,37191.0,1684.3849233742926,1.639344262295082,2040,2051,32,0,2019,2026,123248,23,2,0,21,25
2020-07-15,US,North Carolina,Wilkes,640,7,0,36.2084135,-81.16232895,37193.0,935.5083903408755,1.09375,633,634,7,0,627,628,68557,6,0,0,6,6
2020-07-15,US,North Carolina,Wilson,1046,27,0,35.70625477,-77.917978,37195.0,1278.7129741690198,2.5812619502868066,1019,1003,27,0,976,945,81455,43,0,0,43,58
2020-07-15,US,North Carolina,Yadkin,399,5,0,36.16222629,-80.66239436,37197.0,1059.2826612153874,1.2531328320802004,394,392,5,0,387,385,37543,7,0,0,7,7
2020-07-15,US,North Carolina,Yancey,63,0,0,35.90079156,-82.31237181,37199.0,348.66345674912833,0.0,63,61,0,0,61,60,17903,2,0,0,2,1
2020-07-15,US,North Dakota,Barnes,25,0,0,46.93579637,-98.06605978,38003.0,240.03840614498318,0.0,25,25,0,0,25,24,10542,0,0,0,0,1
2020-07-15,US,North Dakota,Benson,16,0,0,48.0683985,-99.35916363,38005.0,234.192037470726,0.0,16,16,0,0,16,16,6962,0,0,0,0,0
2020-07-15,US,North Dakota,Billings,1,0,0,47.02366884,-103.3762965,38007.0,107.75862068965515,0.0,1,1,0,0,1,1,919,0,0,0,0,0
2020-07-15,US,North Dakota,Bottineau,7,0,0,48.79106111,-100.8378166,38009.0,111.42948105698822,0.0,7,7,0,0,7,6,6411,0,0,0,0,1
2020-07-15,US,North Dakota,Bowman,1,0,0,46.11285362,-103.5203343,38011.0,33.06878306878307,0.0,1,1,0,0,1,1,3076,0,0,0,0,0
2020-07-15,US,North Dakota,Burke,7,0,0,48.79094471,-102.51821170000001,38013.0,330.9692671394799,0.0,7,7,0,0,7,7,2100,0,0,0,0,0
2020-07-15,US,North Dakota,Burleigh,478,0,0,46.97847375,-100.46452140000001,38015.0,499.8640537092424,0.0,478,469,0,0,469,466,95273,9,0,0,9,3
2020-07-15,US,North Dakota,Cass,2522,73,0,46.93201724,-97.24447190000001,38017.0,1386.3007975901892,2.8945281522601114,2449,2503,73,0,2430,2492,181516,19,0,0,19,11
2020-07-15,US,North Dakota,Cavalier,18,0,0,48.77286211,-98.46685243,38019.0,478.4688995215312,0.0,18,18,0,0,18,17,3829,0,0,0,0,1
2020-07-15,US,North Dakota,Dickey,6,0,0,46.11017712,-98.50490079999999,38021.0,123.15270935960592,0.0,6,6,0,0,6,6,4903,0,0,0,0,0
2020-07-15,US,North Dakota,Divide,1,0,0,48.814938700000006,-103.48736109999999,38023.0,44.16961130742049,0.0,1,1,0,0,1,1,2283,0,0,0,0,0
2020-07-15,US,North Dakota,Dunn,26,0,0,47.35423935,-102.61604679999999,38025.0,587.7034358047016,0.0,26,26,0,0,26,25,4332,0,0,0,0,1
2020-07-15,US,North Dakota,Eddy,5,0,0,47.71701474,-98.90432337,38027.0,218.62702229995628,0.0,5,5,0,0,5,5,2313,0,0,0,0,0
2020-07-15,US,North Dakota,Emmons,5,1,0,46.28398398,-100.2389766,38029.0,154.27337241592105,20.0,4,5,1,0,4,4,3295,0,0,0,0,1
2020-07-15,US,North Dakota,Foster,3,0,0,47.457108399999996,-98.88279923,38031.0,93.45794392523364,0.0,3,3,0,0,3,3,3216,0,0,0,0,0
2020-07-15,US,North Dakota,Golden Valley,1,0,0,46.94022281,-103.8465421,38033.0,56.785917092561036,0.0,1,1,0,0,1,,1769,0,0,0,0,
2020-07-15,US,North Dakota,Grand Forks,462,4,0,47.92093639,-97.45450447,38035.0,665.21720349599,0.8658008658008658,458,461,4,0,457,458,70770,1,0,0,1,3
2020-07-15,US,North Dakota,Grant,4,0,0,46.35821257,-101.63900129999999,38037.0,175.9014951627089,0.0,4,4,0,0,4,4,2374,0,0,0,0,0
2020-07-15,US,North Dakota,Griggs,2,0,0,47.45785838,-98.23850925,38039.0,89.64589870013447,0.0,2,2,0,0,2,2,2232,0,0,0,0,0
2020-07-15,US,North Dakota,Hettinger,2,0,0,46.43375068,-102.4632417,38041.0,80.03201280512205,0.0,2,1,0,0,1,1,2514,1,0,0,1,0
2020-07-15,US,North Dakota,Kidder,4,0,0,46.97830064,-99.77507857,38043.0,161.29032258064515,0.0,4,3,0,0,3,3,2450,1,0,0,1,0
2020-07-15,US,North Dakota,LaMoure,14,0,0,46.45681054,-98.53542355,38045.0,346.02076124567475,0.0,14,14,0,0,14,14,4062,0,0,0,0,0
2020-07-15,US,North Dakota,Logan,1,0,0,46.45729487,-99.47719806,38047.0,54.05405405405406,0.0,1,1,0,0,1,1,1903,0,0,0,0,0
2020-07-15,US,North Dakota,McHenry,9,1,0,48.23104458,-100.6324822,38049.0,156.65796344647518,11.111111111111109,8,9,1,0,8,9,5816,0,0,0,0,0
2020-07-15,US,North Dakota,McIntosh,8,0,0,46.11182017,-99.44145858,38051.0,320.3844613536244,0.0,8,8,0,0,8,8,2585,0,0,0,0,0
2020-07-15,US,North Dakota,McKenzie,43,0,0,47.74133370000001,-103.395905,38053.0,286.2087326943557,0.0,43,39,0,0,39,38,13632,4,0,0,4,1
2020-07-15,US,North Dakota,McLean,12,0,0,47.60766714,-101.3182418,38055.0,126.984126984127,0.0,12,12,0,0,12,11,9541,0,0,0,0,1
2020-07-15,US,North Dakota,Mercer,9,0,0,47.31213126,-101.8318399,38057.0,109.93037742762917,0.0,9,9,0,0,9,9,8267,0,0,0,0,0
2020-07-15,US,North Dakota,Morton,140,2,0,46.71681782,-101.2822377,38059.0,446.3716362708838,1.4285714285714286,138,139,2,0,137,135,31095,1,0,0,1,4
2020-07-15,US,North Dakota,Mountrail,84,0,0,48.20197971,-102.3555315,38061.0,796.5860597439545,0.0,84,69,0,0,69,66,10218,15,0,0,15,3
2020-07-15,US,North Dakota,Nelson,2,0,0,47.9226426,-98.19038437,38063.0,69.46856547412295,0.0,2,2,0,0,2,2,2869,0,0,0,0,0
2020-07-15,US,North Dakota,Oliver,2,0,0,47.11530482,-101.3406158,38065.0,102.09290454313421,0.0,2,2,0,0,2,2,1952,0,0,0,0,0
2020-07-15,US,North Dakota,Pembina,15,0,0,48.76623521,-97.5523809,38067.0,220.55580061755626,0.0,15,15,0,0,15,14,6947,0,0,0,0,1
2020-07-15,US,North Dakota,Pierce,8,0,0,48.24977025,-99.96407787,38069.0,201.2578616352201,0.0,8,8,0,0,8,8,4081,0,0,0,0,0
2020-07-15,US,North Dakota,Ramsey,23,1,0,48.26886249,-98.72223879,38071.0,199.67011025262607,4.3478260869565215,22,22,1,0,21,22,11481,1,0,0,1,0
2020-07-15,US,North Dakota,Ransom,21,0,0,46.45621782,-97.65742504,38073.0,402.4530471444998,0.0,21,21,0,0,21,21,5237,0,0,0,0,0
2020-07-15,US,North Dakota,Renville,7,0,0,48.71982533,-101.6603912,38075.0,300.8165019338204,0.0,7,7,0,0,7,7,2374,0,0,0,0,0
2020-07-15,US,North Dakota,Richland,47,0,0,46.26440649,-96.94852979,38077.0,290.5359460963096,0.0,47,47,0,0,47,47,16239,0,0,0,0,0
2020-07-15,US,North Dakota,Rolette,12,0,0,48.77245354,-99.84097493,38079.0,84.65011286681715,0.0,12,12,0,0,12,12,14301,0,0,0,0,0
2020-07-15,US,North Dakota,Sargent,8,0,0,46.10830372,-97.63217159,38081.0,205.2334530528476,0.0,8,8,0,0,8,8,3870,0,0,0,0,0
2020-07-15,US,North Dakota,Sheridan,2,0,0,47.57700669,-100.3426391,38083.0,152.09125475285168,0.0,2,2,0,0,2,2,1349,0,0,0,0,0
2020-07-15,US,North Dakota,Sioux,39,0,0,46.11323337,-101.04401490000001,38085.0,921.9858156028367,0.0,39,38,0,0,38,37,4358,1,0,0,1,1
2020-07-15,US,North Dakota,Slope,3,0,0,46.44737738,-103.4601547,38087.0,400.0,0.0,3,3,0,0,3,3,763,0,0,0,0,0
2020-07-15,US,North Dakota,Stark,103,3,0,46.80851182,-102.65763259999999,38089.0,327.0983518053924,2.9126213592233015,100,99,3,0,96,99,30997,4,0,0,4,0
2020-07-15,US,North Dakota,Steele,4,0,0,47.45611548,-97.72728747,38091.0,211.64021164021165,0.0,4,4,0,0,4,4,1903,0,0,0,0,0
2020-07-15,US,North Dakota,Stutsman,69,2,0,46.97962541,-98.95637318,38093.0,333.26893353941267,2.898550724637681,67,69,2,0,67,68,20917,0,0,0,0,1
2020-07-15,US,North Dakota,Towner,3,0,0,48.68565745,-99.24564265,38095.0,137.04888076747372,0.0,3,3,0,0,3,3,2192,0,0,0,0,0
2020-07-15,US,North Dakota,Traill,28,0,0,47.45367788,-97.16323288,38097.0,348.4320557491289,0.0,28,28,0,0,28,28,8037,0,0,0,0,0
2020-07-15,US,North Dakota,Walsh,65,0,0,48.36876964,-97.72574783,38099.0,610.8448454092661,0.0,65,60,0,0,60,59,10667,5,0,0,5,1
2020-07-15,US,North Dakota,Ward,78,1,0,48.22390169,-101.54367629999999,38101.0,115.31467601011221,1.2820512820512822,77,76,1,0,75,76,67744,2,0,0,2,0
2020-07-15,US,North Dakota,Wells,11,0,0,47.58614526,-99.65904998,38103.0,286.906624934794,0.0,11,10,0,0,10,10,3957,1,0,0,1,0
2020-07-15,US,North Dakota,Williams,99,0,0,48.34522353,-103.4793387,38105.0,263.3749235148581,0.0,99,92,0,0,92,77,35350,7,0,0,7,15
2020-07-15,US,Ohio,Adams,30,2,0,38.84541072,-83.4718964,39001.0,108.3110693912918,6.666666666666668,28,28,2,0,26,28,27724,2,0,0,2,0
2020-07-15,US,Ohio,Allen,399,41,0,40.77285242,-84.10802343,39003.0,389.83497962892403,10.275689223057645,358,391,41,0,350,385,102663,8,0,0,8,6
2020-07-15,US,Ohio,Ashland,87,3,0,40.84772277,-82.27280781,39005.0,162.66547004711688,3.4482758620689653,84,78,2,0,76,69,53745,9,1,0,8,9
2020-07-15,US,Ohio,Ashtabula,453,44,0,41.70860332,-80.74830218,39007.0,465.8528809864152,9.713024282560708,409,452,44,0,408,452,97493,1,0,0,1,0
2020-07-15,US,Ohio,Athens,220,1,0,39.33425634,-82.04278644,39009.0,336.7673396910925,0.4545454545454545,219,201,1,0,200,192,65818,19,0,0,19,9
2020-07-15,US,Ohio,Auglaize,113,4,0,40.55998859,-84.22421429999999,39011.0,247.50306640967239,3.5398230088495577,109,112,4,0,108,112,45804,1,0,0,1,0
2020-07-15,US,Ohio,Belmont,572,24,0,40.01625942,-80.9924051,39013.0,853.6548965764259,4.195804195804196,548,572,24,0,548,573,67505,0,0,0,0,-1
2020-07-15,US,Ohio,Brown,64,1,0,38.93416837,-83.86788395,39015.0,147.35678762202983,1.5625,63,62,1,0,61,62,43602,2,0,0,2,0
2020-07-15,US,Ohio,Butler,1975,47,0,39.44012838,-84.57388716,39017.0,515.48544373509,2.3797468354430378,1928,1942,47,0,1895,1897,382378,33,0,0,33,45
2020-07-15,US,Ohio,Carroll,72,3,0,40.5789686,-81.09178213,39019.0,267.51876346882665,4.166666666666667,69,71,3,0,68,71,27081,1,0,0,1,0
2020-07-15,US,Ohio,Champaign,61,1,0,40.13923427,-83.76875242,39021.0,156.87283014015688,1.639344262295082,60,60,1,0,59,57,38754,1,0,0,1,3
2020-07-15,US,Ohio,Clark,840,10,0,39.91592258,-83.78498252,39023.0,626.4776295279789,1.1904761904761905,830,832,10,0,822,820,134585,8,0,0,8,12
2020-07-15,US,Ohio,Clermont,552,7,0,39.04847534,-84.15375786,39025.0,267.40558451372874,1.2681159420289856,545,532,7,0,525,515,205466,20,0,0,20,17
2020-07-15,US,Ohio,Clinton,97,2,0,39.41485808,-83.80852286,39027.0,231.1284788410217,2.061855670103093,95,92,2,0,90,91,42057,5,0,0,5,1
2020-07-15,US,Ohio,Columbiana,1411,60,0,40.76932373,-80.78094576,39029.0,1384.921920241846,4.2523033309709435,1351,1405,60,0,1345,1395,102665,6,0,0,6,10
2020-07-15,US,Ohio,Coshocton,155,4,0,40.30096166,-81.91729018,39031.0,423.4972677595628,2.5806451612903225,151,155,4,0,151,143,36629,0,0,0,0,12
2020-07-15,US,Ohio,Crawford,140,5,0,40.85065156,-82.91989099,39033.0,337.39817804983846,3.571428571428572,135,140,5,0,135,140,41550,0,0,0,0,0
2020-07-15,US,Ohio,Cuyahoga,9784,402,0,41.424119,-81.65918339,39035.0,792.1805368431961,4.10874897792314,9382,9509,400,0,9109,9359,1243857,275,2,0,273,150
2020-07-15,US,Ohio,Darke,262,26,0,40.13412966,-84.6194517,39037.0,512.5897521178565,9.923664122137405,236,261,26,0,235,261,51323,1,0,0,1,0
2020-07-15,US,Ohio,Defiance,58,3,0,41.32398837,-84.49076944,39039.0,152.2829311838685,5.172413793103448,55,56,3,0,53,55,38165,2,0,0,2,1
2020-07-15,US,Ohio,Delaware,806,15,0,40.27942393,-83.00457058,39041.0,385.3196097085244,1.8610421836228288,791,784,15,0,769,763,204826,22,0,0,22,21
2020-07-15,US,Ohio,Erie,317,22,0,41.36796058,-82.62904521,39043.0,426.8440470740312,6.94006309148265,295,308,22,0,286,301,74615,9,0,0,9,7
2020-07-15,US,Ohio,Fairfield,773,17,0,39.75107189,-82.63088163,39045.0,490.563163973752,2.1992238033635187,756,751,17,0,734,719,155782,22,0,0,22,32
2020-07-15,US,Ohio,Fayette,58,0,0,39.56021306,-83.4562016,39047.0,203.33041191936897,0.0,58,58,0,0,58,58,28666,0,0,0,0,0
2020-07-15,US,Ohio,Franklin,12823,449,0,39.96995815,-83.01115755,39049.0,973.8326614801832,3.5015207049832333,12374,12574,449,0,12125,12301,1310300,249,0,0,249,273
2020-07-15,US,Ohio,Fulton,72,0,0,41.60213491,-84.12571393,39051.0,170.9158239567013,0.0,72,71,0,0,71,68,42276,1,0,0,1,3
2020-07-15,US,Ohio,Gallia,24,1,0,38.82708533,-82.31647569,39053.0,80.27292795504717,4.166666666666667,23,21,1,0,20,21,29979,3,0,0,3,0
2020-07-15,US,Ohio,Geauga,447,42,0,41.49952319,-81.17935342,39055.0,477.31422652671137,9.395973154362416,405,436,43,0,393,431,94031,11,-1,0,12,5
2020-07-15,US,Ohio,Greene,385,9,0,39.69116283,-83.89032084,39057.0,227.895606054328,2.3376623376623376,376,380,9,0,371,365,167995,5,0,0,5,15
2020-07-15,US,Ohio,Guernsey,83,4,0,40.05026529,-81.49248905,39059.0,213.5048231511254,4.819277108433735,79,83,4,0,79,82,39022,0,0,0,0,1
2020-07-15,US,Ohio,Hamilton,7279,209,0,39.19673558,-84.54502924,39061.0,890.4269621137338,2.871273526583322,7070,7179,208,0,6971,7046,816684,100,1,0,99,133
2020-07-15,US,Ohio,Hancock,98,1,0,41.00250487,-83.66838948,39063.0,129.31660134858743,1.020408163265306,97,92,1,0,91,87,75930,6,0,0,6,5
2020-07-15,US,Ohio,Hardin,126,12,0,40.66015414,-83.65929931,39065.0,401.7216642754663,9.523809523809524,114,125,12,0,113,125,31480,1,0,0,1,0
2020-07-15,US,Ohio,Harrison,13,1,0,40.29380509,-81.09068544,39067.0,86.43617021276596,7.6923076923076925,12,13,1,0,12,13,15174,0,0,0,0,0
2020-07-15,US,Ohio,Henry,38,0,0,41.3339642,-84.06830637,39069.0,140.70947196919204,0.0,38,38,0,0,38,37,27086,0,0,0,0,1
2020-07-15,US,Ohio,Highland,58,1,0,39.1839264,-83.60331456,39071.0,134.380575056185,1.7241379310344829,57,58,1,0,57,58,43058,0,0,0,0,0
2020-07-15,US,Ohio,Hocking,90,8,0,39.49537927,-82.47991446,39073.0,318.4262666289273,8.888888888888891,82,84,8,0,76,83,28385,6,0,0,6,1
2020-07-15,US,Ohio,Holmes,267,5,0,40.56163713,-81.92635677,39075.0,607.3703366696998,1.8726591760299625,262,264,5,0,259,262,43892,3,0,0,3,2
2020-07-15,US,Ohio,Huron,271,3,0,41.14651175,-82.59867951,39077.0,465.1082964335976,1.1070110701107012,268,264,3,0,261,260,58504,7,0,0,7,4
2020-07-15,US,Ohio,Jackson,33,0,0,39.01914254,-82.61818559999998,39079.0,101.8110017585537,0.0,33,32,0,0,32,31,32384,1,0,0,1,1
2020-07-15,US,Ohio,Jefferson,135,2,0,40.38614126,-80.76259514,39081.0,206.65901262916188,1.4814814814814814,133,132,2,0,130,127,65767,3,0,0,3,5
2020-07-15,US,Ohio,Knox,61,1,0,40.39830217,-82.42027563,39083.0,97.87875870479124,1.639344262295082,60,59,1,0,58,57,61893,2,0,0,2,2
2020-07-15,US,Ohio,Lake,661,22,0,41.69710807,-81.23676539,39085.0,287.20524529761155,3.3282904689863844,639,643,22,0,621,627,230514,18,0,0,18,16
2020-07-15,US,Ohio,Lawrence,97,0,0,38.59743452,-82.53466552,39087.0,163.12665018582985,0.0,97,93,0,0,93,92,59866,4,0,0,4,1
2020-07-15,US,Ohio,Licking,640,13,0,40.09136236,-82.48185785,39089.0,361.86405219888945,2.03125,627,619,13,0,606,600,175769,21,0,0,21,19
2020-07-15,US,Ohio,Logan,75,1,0,40.38996525,-83.76784341,39091.0,164.21439831844455,1.3333333333333333,74,73,1,0,72,71,45358,2,0,0,2,2
2020-07-15,US,Ohio,Lorain,1226,70,0,41.29553751,-82.15083537,39093.0,395.69703679078725,5.70962479608483,1156,1208,70,0,1138,1189,309461,18,0,0,18,19
2020-07-15,US,Ohio,Lucas,3162,306,0,41.62101218,-83.65468618,39095.0,738.1848403634427,9.677419354838712,2856,3110,306,0,2804,3079,429899,52,0,0,52,31
2020-07-15,US,Ohio,Madison,233,9,0,39.89381073,-83.40178317,39097.0,520.8915517202835,3.862660944206009,224,230,9,0,221,225,44413,3,0,0,3,5
2020-07-15,US,Ohio,Mahoning,2007,239,0,41.01631101,-80.77287029,39099.0,877.6341048525688,11.908320876930745,1768,1996,239,0,1757,1971,229642,11,0,0,11,25
2020-07-15,US,Ohio,Marion,2759,39,0,40.58610662,-83.15736305,39101.0,4238.550996266879,1.4135556361000363,2720,2757,39,0,2718,2755,65256,2,0,0,2,2
2020-07-15,US,Ohio,Medina,633,32,0,41.11770589,-81.89986209999998,39103.0,352.1636086477585,5.055292259083728,601,614,32,0,582,599,179146,19,0,0,19,15
2020-07-15,US,Ohio,Meigs,15,0,0,39.09224872,-82.0305041,39105.0,65.48216702318071,0.0,15,13,0,0,13,13,23106,2,0,0,2,0
2020-07-15,US,Ohio,Mercer,307,10,0,40.54043046,-84.62912742,39107.0,745.6523851160982,3.2573289902280136,297,304,10,0,294,304,40959,3,0,0,3,0
2020-07-15,US,Ohio,Miami,536,31,0,40.0543329,-84.22871271,39109.0,500.99544804508963,5.783582089552239,505,520,31,0,489,514,106222,16,0,0,16,6
2020-07-15,US,Ohio,Monroe,89,17,0,39.72984936,-81.08464734,39111.0,651.8236414237588,19.101123595505623,72,89,17,0,72,89,13790,0,0,0,0,0
2020-07-15,US,Ohio,Montgomery,2724,38,0,39.75394919,-84.29050975,39113.0,512.3315033092779,1.395007342143906,2686,2647,37,0,2610,2579,532331,77,1,0,76,68
2020-07-15,US,Ohio,Morgan,13,0,0,39.62081738,-81.85308173,39115.0,89.60573476702507,0.0,13,13,0,0,13,12,14604,0,0,0,0,1
2020-07-15,US,Ohio,Morrow,130,1,0,40.52363560000001,-82.7892599,39117.0,367.9800724637682,0.7692307692307693,129,129,1,0,128,127,35112,1,0,0,1,2
2020-07-15,US,Ohio,Muskingum,110,1,0,39.96575964,-81.94363275,39119.0,127.58800672736766,0.9090909090909092,109,106,1,0,105,106,86183,4,0,0,4,0
2020-07-15,US,Ohio,Noble,14,0,0,39.76818851,-81.45937183,39121.0,97.06045479755964,0.0,14,14,0,0,14,14,14354,0,0,0,0,0
2020-07-15,US,Ohio,Ottawa,235,24,0,41.53781826,-83.0940185,39123.0,579.8889574336829,10.212765957446807,211,219,24,0,195,217,40769,16,0,0,16,2
2020-07-15,US,Ohio,Paulding,38,0,0,41.11676341,-84.5801017,39125.0,203.5132819194516,0.0,38,35,0,0,35,34,18760,3,0,0,3,1
2020-07-15,US,Ohio,Perry,52,1,0,39.73508655,-82.23804971,39127.0,143.90878397077546,1.9230769230769231,51,50,1,0,49,48,36033,2,0,0,2,2
2020-07-15,US,Ohio,Pickaway,2246,42,0,39.64170392,-83.0243386,39129.0,3842.1403766871376,1.8699910952804983,2204,2235,42,0,2193,2229,58086,11,0,0,11,6
2020-07-15,US,Ohio,Pike,31,0,0,39.07634001,-83.06769584,39131.0,111.62321762926688,0.0,31,29,0,0,29,29,28067,2,0,0,2,0
2020-07-15,US,Ohio,Portage,518,60,0,41.16793482,-81.19735782,39133.0,318.8359410584368,11.583011583011587,458,507,60,0,447,509,162927,11,0,0,11,-2
2020-07-15,US,Ohio,Preble,97,1,0,39.7420247,-84.64787018,39135.0,237.26823540922646,1.0309278350515465,96,96,1,0,95,96,40997,1,0,0,1,0
2020-07-15,US,Ohio,Putnam,148,15,0,41.02094889,-84.1336111,39137.0,437.0810076489177,10.135135135135137,133,146,15,0,131,145,33780,2,0,0,2,1
2020-07-15,US,Ohio,Richland,403,7,0,40.77180308,-82.53799609999999,39139.0,332.634498241907,1.7369727047146402,396,392,6,0,386,390,121099,11,1,0,10,2
2020-07-15,US,Ohio,Ross,158,3,0,39.33705391,-83.06000914,39141.0,206.08874859781392,1.8987341772151896,155,154,3,0,151,150,76931,4,0,0,4,4
2020-07-15,US,Ohio,Sandusky,186,15,0,41.35624126,-83.137872,39143.0,317.85091766635907,8.064516129032258,171,180,15,0,165,176,58799,6,0,0,6,4
2020-07-15,US,Ohio,Scioto,87,0,0,38.80270163,-82.98907345,39145.0,115.51637145816186,0.0,87,80,0,0,80,77,75502,7,0,0,7,3
2020-07-15,US,Ohio,Seneca,44,2,0,41.12351311,-83.12783209,39147.0,79.74192612997932,4.545454545454546,42,43,2,0,41,44,55207,1,0,0,1,-1
2020-07-15,US,Ohio,Shelby,77,4,0,40.33163494,-84.20258189,39149.0,158.46882074500925,5.194805194805196,73,78,4,0,74,77,48627,-1,0,0,-1,1
2020-07-15,US,Ohio,Stark,1271,116,0,40.81482476,-81.36437305,39151.0,342.9518140558976,9.12667191188041,1155,1252,116,0,1136,1244,371574,19,0,0,19,8
2020-07-15,US,Ohio,Summit,2459,209,0,41.12464734,-81.53123079,39153.0,454.51772877916056,8.499389995933306,2250,2420,209,0,2211,2382,541918,39,0,0,39,38
2020-07-15,US,Ohio,Trumbull,1084,79,0,41.31735028,-80.76109643,39155.0,547.5466475395759,7.287822878228782,1005,1071,78,0,993,1066,198627,13,1,0,12,5
2020-07-15,US,Ohio,Tuscarawas,641,11,0,40.44214695,-81.47226262,39157.0,696.8375966169133,1.71606864274571,630,628,11,0,617,621,92176,13,0,0,13,7
2020-07-15,US,Ohio,Union,128,1,0,40.30016061,-83.37239023,39159.0,216.99328677019054,0.78125,127,119,1,0,118,115,57835,9,0,0,9,4
2020-07-15,US,Ohio,Van Wert,51,1,0,40.8554138,-84.59111700000003,39161.0,180.37135278514592,1.96078431372549,50,50,1,0,49,49,28281,1,0,0,1,1
2020-07-15,US,Ohio,Vinton,24,2,0,39.25208988,-82.4831444,39163.0,183.4161253343523,8.333333333333334,22,23,2,0,21,23,13139,1,0,0,1,0
2020-07-15,US,Ohio,Warren,1098,27,0,39.42581994,-84.16557457,39165.0,468.0267005396373,2.459016393442623,1071,1068,27,0,1041,1018,232173,30,0,0,30,50
2020-07-15,US,Ohio,Washington,153,20,0,39.45690571,-81.49121382,39167.0,255.37881190432475,13.0718954248366,133,149,20,0,129,147,60155,4,0,0,4,2
2020-07-15,US,Ohio,Wayne,384,56,0,40.82925852,-81.88844833,39169.0,331.8641431164117,14.583333333333336,328,378,56,0,322,376,115967,6,0,0,6,2
2020-07-15,US,Ohio,Williams,78,2,0,41.56052014,-84.58429552,39171.0,212.5803989970566,2.5641025641025643,76,77,2,0,75,77,36804,1,0,0,1,0
2020-07-15,US,Ohio,Wood,519,51,0,41.36224827,-83.62285108,39173.0,396.737427092809,9.826589595375722,468,515,51,0,464,510,130696,4,0,0,4,5
2020-07-15,US,Ohio,Wyandot,68,5,0,40.84339621,-83.30734173,39175.0,312.3277604262356,7.352941176470589,63,66,5,0,61,66,21935,2,0,0,2,0
2020-07-15,US,Oklahoma,Adair,160,4,0,35.88494195,-94.65859267,40001.0,720.9155627647114,2.5,156,144,4,0,140,137,22082,16,0,0,16,7
2020-07-15,US,Oklahoma,Alfalfa,1,0,0,36.73090616,-98.32408495,40003.0,17.5377060680463,0.0,1,1,0,0,1,1,5754,0,0,0,0,0
2020-07-15,US,Oklahoma,Atoka,42,0,0,34.37366573,-96.03802487,40005.0,305.27692978630614,0.0,42,42,0,0,42,34,13838,0,0,0,0,8
2020-07-15,US,Oklahoma,Beaver,32,0,0,36.7496847,-100.4758872,40007.0,602.5230653360949,0.0,32,32,0,0,32,32,5319,0,0,0,0,0
2020-07-15,US,Oklahoma,Beckham,25,0,0,35.26862449,-99.68128023,40009.0,114.36936730866005,0.0,25,22,0,0,22,22,21709,3,0,0,3,0
2020-07-15,US,Oklahoma,Blaine,22,0,0,35.87518314,-98.43307003,40011.0,233.32272775479905,0.0,22,22,0,0,22,22,9485,0,0,0,0,0
2020-07-15,US,Oklahoma,Bryan,199,1,0,33.96472458,-96.25903472,40013.0,414.62652359620796,0.5025125628140703,198,190,1,0,189,184,47192,9,0,0,9,6
2020-07-15,US,Oklahoma,Caddo,214,11,0,35.17364557,-98.37534464,40015.0,744.0372713997635,5.140186915887852,203,210,11,0,199,208,28977,4,0,0,4,2
2020-07-15,US,Oklahoma,Canadian,594,3,0,35.5426055,-97.98465569,40017.0,400.52324248513213,0.5050505050505051,591,543,3,0,540,519,144447,51,0,0,51,24
2020-07-15,US,Oklahoma,Carter,203,2,0,34.25103751,-97.28552485,40019.0,421.9409282700422,0.9852216748768472,201,186,2,0,184,182,48177,17,0,0,17,4
2020-07-15,US,Oklahoma,Cherokee,138,1,0,35.90692775,-94.99980896,40021.0,283.6179789136198,0.7246376811594203,137,131,1,0,130,121,48675,7,0,0,7,10
2020-07-15,US,Oklahoma,Choctaw,131,1,0,34.02807439,-95.54771129,40023.0,892.8571428571429,0.7633587786259542,130,128,1,0,127,126,14668,3,0,0,3,2
2020-07-15,US,Oklahoma,Cimarron,1,0,0,36.74817177,-102.5173885,40025.0,46.79457182966776,0.0,1,1,0,0,1,1,2153,0,0,0,0,0
2020-07-15,US,Oklahoma,Cleveland,1526,40,0,35.20413532,-97.32519562,40027.0,537.2974571676044,2.6212319790301444,1486,1448,40,0,1408,1348,281669,78,0,0,78,100
2020-07-15,US,Oklahoma,Coal,12,0,0,34.58840127,-96.29798747,40029.0,218.3803457688808,0.0,12,12,0,0,12,11,5520,0,0,0,0,1
2020-07-15,US,Oklahoma,Comanche,570,9,0,34.65973764,-98.47195055,40031.0,472.0535987875676,1.5789473684210529,561,517,9,0,508,502,120422,53,0,0,53,15
2020-07-15,US,Oklahoma,Cotton,13,2,0,34.28845626,-98.37053567,40033.0,229.43875750088245,15.384615384615385,11,12,2,0,10,11,5776,1,0,0,1,1
2020-07-15,US,Oklahoma,Craig,29,0,0,36.76268118,-95.20916602,40035.0,205.062933107057,0.0,29,27,0,0,27,27,14306,2,0,0,2,0
2020-07-15,US,Oklahoma,Creek,231,9,0,35.90230551,-96.37086028,40037.0,322.97754537065515,3.8961038961038965,222,223,8,0,215,217,71604,8,1,0,7,6
2020-07-15,US,Oklahoma,Custer,93,0,0,35.63853802,-99.00170785,40039.0,320.6564838120195,0.0,93,85,0,0,85,78,29036,8,0,0,8,7
2020-07-15,US,Oklahoma,Delaware,270,17,0,36.40823634,-94.80325046,40041.0,627.7755818549606,6.296296296296298,253,261,17,0,244,244,42733,9,0,0,9,17
2020-07-15,US,Oklahoma,Dewey,4,0,0,35.98772922,-99.00730714,40043.0,81.78286648947045,0.0,4,4,0,0,4,4,4894,0,0,0,0,0
2020-07-15,US,Oklahoma,Ellis,2,0,0,36.218019399999996,-99.75324573,40045.0,51.82689816014511,0.0,2,2,0,0,2,2,3952,0,0,0,0,0
2020-07-15,US,Oklahoma,Garfield,138,2,0,36.3791334,-97.78265517,40047.0,226.0220125786164,1.4492753623188406,136,132,2,0,130,108,60913,6,0,0,6,24
2020-07-15,US,Oklahoma,Garvin,140,3,0,34.70418038,-97.30811132,40049.0,505.21453574392837,2.142857142857143,137,133,3,0,130,123,27811,7,0,0,7,10
2020-07-15,US,Oklahoma,Grady,264,5,0,35.0167709,-97.88339847,40051.0,472.8301751620877,1.893939393939394,259,254,5,0,249,241,55551,10,0,0,10,13
2020-07-15,US,Oklahoma,Grant,3,0,0,36.796296999999996,-97.78638765,40053.0,69.23609508423725,0.0,3,3,0,0,3,3,4326,0,0,0,0,0
2020-07-15,US,Oklahoma,Greer,71,7,0,34.93535801,-99.56056120000001,40055.0,1242.9971988795521,9.859154929577462,64,69,7,0,62,68,5821,2,0,0,2,1
2020-07-15,US,Oklahoma,Harmon,4,0,0,34.7440135,-99.84741652,40057.0,150.77271013946475,0.0,4,3,0,0,3,3,2664,1,0,0,1,0
2020-07-15,US,Oklahoma,Harper,2,0,0,36.78836519,-99.6679804,40059.0,54.2299349240781,0.0,2,2,0,0,2,1,3797,0,0,0,0,1
2020-07-15,US,Oklahoma,Haskell,19,0,0,35.22257600000001,-95.11513306,40061.0,150.4712124811911,0.0,19,17,0,0,17,16,12668,2,0,0,2,1
2020-07-15,US,Oklahoma,Hughes,16,0,0,35.04912569,-96.24921145,40063.0,120.49100082837565,0.0,16,15,0,0,15,14,13335,1,0,0,1,1
2020-07-15,US,Oklahoma,Jackson,128,3,0,34.58781741,-99.41138784,40065.0,521.8100285364859,2.34375,125,72,3,0,69,57,24949,56,0,0,56,15
2020-07-15,US,Oklahoma,Jefferson,19,0,0,34.11130184,-97.83182974,40067.0,316.5611462845718,0.0,19,18,0,0,18,17,6123,1,0,0,1,1
2020-07-15,US,Oklahoma,Johnston,21,0,0,34.31440473,-96.66011537,40069.0,189.4451962110961,0.0,21,18,0,0,18,17,10949,3,0,0,3,1
2020-07-15,US,Oklahoma,Kay,133,9,0,36.81799745,-97.14421435,40071.0,305.4802701088704,6.7669172932330826,124,129,8,0,121,126,44161,4,1,0,3,3
2020-07-15,US,Oklahoma,Kingfisher,54,0,0,35.94530008,-97.94193268,40073.0,342.5309229305423,0.0,54,50,0,0,50,46,15816,4,0,0,4,4
2020-07-15,US,Oklahoma,Kiowa,18,1,0,34.91671958,-98.97720696,40075.0,206.70647680293985,5.5555555555555545,17,17,1,0,16,17,8729,1,0,0,1,0
2020-07-15,US,Oklahoma,Latimer,25,1,0,34.87844729,-95.25215049,40077.0,248.1882259505609,4.0,24,22,1,0,21,20,10231,3,0,0,3,2
2020-07-15,US,Oklahoma,Le Flore,75,1,0,34.89851864,-94.70392124,40079.0,150.44230036306743,1.3333333333333333,74,63,1,0,62,61,49980,12,0,0,12,2
2020-07-15,US,Oklahoma,Lincoln,49,2,0,35.70270942,-96.8812462,40081.0,140.493735126301,4.081632653061225,47,47,2,0,45,46,34920,2,0,0,2,1
2020-07-15,US,Oklahoma,Logan,111,1,0,35.91899576,-97.44352845,40083.0,231.19701735019055,0.9009009009009008,110,101,1,0,100,98,47291,10,0,0,10,3
2020-07-15,US,Oklahoma,Love,49,0,0,33.95273467,-97.23906784,40085.0,477.90890471081633,0.0,49,48,0,0,48,46,10134,1,0,0,1,2
2020-07-15,US,Oklahoma,Major,16,1,0,36.31149996,-98.53467076,40093.0,209.7260453532573,6.25,15,15,1,0,14,14,7644,1,0,0,1,1
2020-07-15,US,Oklahoma,Marshall,49,0,0,34.02311222,-96.76855464,40095.0,289.4099580650877,0.0,49,47,0,0,47,43,16806,2,0,0,2,4
2020-07-15,US,Oklahoma,Mayes,148,5,0,36.30179091,-95.23175116,40097.0,360.09732360097325,3.3783783783783785,143,139,5,0,134,122,41107,9,0,0,9,17
2020-07-15,US,Oklahoma,McClain,271,4,0,35.01123903,-97.44572302,40087.0,669.5656470820774,1.4760147601476017,267,261,4,0,257,241,39985,10,0,0,10,20
2020-07-15,US,Oklahoma,McCurtain,651,12,0,34.11664328,-94.77222373,40089.0,1982.8216374269007,1.8433179723502304,639,631,12,0,619,622,32703,20,0,0,20,9
2020-07-15,US,Oklahoma,McIntosh,88,1,0,35.37235506,-95.66599306,40091.0,449.07123902837316,1.1363636363636365,87,88,1,0,87,87,19815,0,0,0,0,1
2020-07-15,US,Oklahoma,Murray,28,0,0,34.48116015,-97.06826283,40099.0,198.96255240531517,0.0,28,25,0,0,25,25,13953,3,0,0,3,0
2020-07-15,US,Oklahoma,Muskogee,228,14,0,35.61318461,-95.37802952,40101.0,335.30891068723616,6.140350877192982,214,216,14,0,202,200,68362,12,0,0,12,16
2020-07-15,US,Oklahoma,Noble,55,1,0,36.38953329,-97.22928674,40103.0,494.1155331955799,1.818181818181818,54,53,1,0,52,53,11289,2,0,0,2,0
2020-07-15,US,Oklahoma,Nowata,41,1,0,36.79843529,-95.61902331,40105.0,406.90750297737196,2.4390243902439024,40,39,1,0,38,38,10218,2,0,0,2,1
2020-07-15,US,Oklahoma,Okfuskee,20,0,0,35.46485198,-96.32639984,40107.0,166.76394563495373,0.0,20,20,0,0,20,19,12098,0,0,0,0,1
2020-07-15,US,Oklahoma,Oklahoma,5591,76,0,35.55140095,-97.40716948,40109.0,701.123854764156,1.3593274906099089,5515,5259,75,0,5184,4986,792582,332,1,0,331,273
2020-07-15,US,Oklahoma,Okmulgee,196,0,0,35.64661916,-95.96432828,40111.0,509.5541401273885,0.0,196,186,0,0,186,157,38335,10,0,0,10,29
2020-07-15,US,Oklahoma,Osage,228,8,0,36.62888819,-96.39635704,40113.0,485.4885761131103,3.5087719298245608,220,221,8,0,213,218,47014,7,0,0,7,3
2020-07-15,US,Oklahoma,Ottawa,190,2,0,36.83532655,-94.81011909,40115.0,610.4025444148167,1.0526315789473684,188,183,2,0,181,157,31175,7,0,0,7,26
2020-07-15,US,Oklahoma,Pawnee,75,3,0,36.31743373,-96.70331759999999,40117.0,457.98729848558884,4.0,72,73,3,0,70,71,16390,2,0,0,2,2
2020-07-15,US,Oklahoma,Payne,493,2,0,36.07695283,-96.97584944,40119.0,602.8073950895041,0.4056795131845842,491,484,2,0,482,481,82040,9,0,0,9,3
2020-07-15,US,Oklahoma,Pittsburg,83,3,0,34.92065823,-95.75134320000001,40121.0,190.13148852338847,3.614457831325301,80,81,3,0,78,76,43877,2,0,0,2,5
2020-07-15,US,Oklahoma,Pontotoc,93,2,0,34.72959848,-96.68337199,40123.0,242.9213248354404,2.150537634408602,91,82,2,0,80,72,38247,11,0,0,11,10
2020-07-15,US,Oklahoma,Pottawatomie,178,4,0,35.20614018,-96.94923008,40125.0,245.20608331496587,2.247191011235955,174,172,4,0,168,159,72679,6,0,0,6,13
2020-07-15,US,Oklahoma,Pushmataha,35,0,0,34.41635232,-95.37603505,40127.0,315.42898341744774,0.0,35,31,0,0,31,25,11179,4,0,0,4,6
2020-07-15,US,Oklahoma,Roger Mills,1,0,0,35.68711719,-99.69666167,40129.0,27.909572983533355,0.0,1,1,0,0,1,1,3656,0,0,0,0,0
2020-07-15,US,Oklahoma,Rogers,368,7,0,36.37004357,-95.60406759,40131.0,398.0142549670665,1.9021739130434785,361,359,7,0,352,342,91984,9,0,0,9,17
2020-07-15,US,Oklahoma,Seminole,80,3,0,35.16478725,-96.61686741,40133.0,329.7881111385935,3.75,77,78,3,0,75,72,24578,2,0,0,2,6
2020-07-15,US,Oklahoma,Sequoyah,73,3,0,35.49447108,-94.75463785,40135.0,175.6116336693209,4.109589041095891,70,70,3,0,67,65,41179,3,0,0,3,5
2020-07-15,US,Oklahoma,Stephens,102,1,0,34.48556989,-97.85141892,40137.0,236.42305820179402,0.9803921568627452,101,89,1,0,88,83,43265,13,0,0,13,6
2020-07-15,US,Oklahoma,Texas,1007,6,0,36.74777635,-101.4889765,40139.0,5039.2833908822495,0.5958291956305859,1001,1006,6,0,1000,1006,20455,1,0,0,1,0
2020-07-15,US,Oklahoma,Tillman,27,1,0,34.37288446,-98.92426619,40141.0,372.41379310344826,3.703703703703704,26,26,1,0,25,26,7348,1,0,0,1,0
2020-07-15,US,Oklahoma,Tulsa,5626,79,0,36.11939621,-95.94013939,40143.0,863.4767447571338,1.404194809811589,5547,5448,78,0,5370,5267,648360,178,1,0,177,181
2020-07-15,US,Oklahoma,Wagoner,410,19,0,35.96024096,-95.51911308,40145.0,504.3732854383742,4.634146341463413,391,400,19,0,381,376,80110,10,0,0,10,24
2020-07-15,US,Oklahoma,Washington,474,39,0,36.71380786,-95.90514104,40147.0,919.9060686630313,8.227848101265822,435,465,39,0,426,449,51843,9,0,0,9,16
2020-07-15,US,Oklahoma,Washita,12,0,0,35.29071824,-98.99180434,40149.0,109.93037742762917,0.0,12,10,0,0,10,8,11127,2,0,0,2,2
2020-07-15,US,Oklahoma,Woods,11,0,0,36.76705782,-98.86573064,40151.0,125.09951097463892,0.0,11,11,0,0,11,9,8897,0,0,0,0,2
2020-07-15,US,Oklahoma,Woodward,15,0,0,36.42316318,-99.26283045,40153.0,74.2170105388155,0.0,15,15,0,0,15,15,20222,0,0,0,0,0
2020-07-15,US,Oregon,Baker,13,0,0,44.70915557,-117.6749883,41001.0,80.62515504837509,0.0,13,12,0,0,12,12,16006,1,0,0,1,0
2020-07-15,US,Oregon,Benton,117,6,0,44.49167306,-123.4316987,41003.0,125.73479629888344,5.128205128205129,111,116,6,0,110,115,92101,1,0,0,1,1
2020-07-15,US,Oregon,Clackamas,1051,29,0,45.18787398,-122.2179634,41005.0,251.32297273707687,2.7592768791627016,1022,1027,29,0,998,1006,416075,24,0,0,24,21
2020-07-15,US,Oregon,Clatsop,56,0,0,45.99712889,-123.660711,41007.0,139.2203659506762,0.0,56,56,0,0,56,55,39764,0,0,0,0,1
2020-07-15,US,Oregon,Columbia,59,0,0,45.94464254,-123.08908980000001,41009.0,112.69435000191008,0.0,59,57,0,0,57,54,52377,2,0,0,2,3
2020-07-15,US,Oregon,Coos,58,0,0,43.17406868,-124.0594514,41011.0,89.94060818459533,0.0,58,55,0,0,55,54,64389,3,0,0,3,1
2020-07-15,US,Oregon,Crook,20,1,0,44.14230227,-120.356297,41013.0,81.95377806916899,5.0,19,19,1,0,18,18,23867,1,0,0,1,1
2020-07-15,US,Oregon,Curry,9,0,0,42.45911325,-124.15728200000001,41015.0,39.25845147219193,0.0,9,9,0,0,9,9,22813,0,0,0,0,0
2020-07-15,US,Oregon,Deschutes,288,1,0,43.91570171,-121.2289121,41017.0,145.68116059324606,0.3472222222222222,287,276,0,0,276,268,191996,12,1,0,11,8
2020-07-15,US,Oregon,Douglas,70,1,0,43.27941273,-123.16729099999999,41019.0,63.0744278248333,1.4285714285714286,69,66,0,0,66,64,110283,4,1,0,3,2
2020-07-15,US,Oregon,Gilliam,2,0,0,45.37160076,-120.20488689999999,41021.0,104.60251046025104,0.0,2,2,0,0,2,2,1894,0,0,0,0,0
2020-07-15,US,Oregon,Grant,1,0,0,44.49024544,-119.0068631,41023.0,13.890818169190164,0.0,1,1,0,0,1,1,7176,0,0,0,0,0
2020-07-15,US,Oregon,Harney,2,0,0,43.06422669,-118.96663059999999,41025.0,27.052617340727714,0.0,2,2,0,0,2,2,7329,0,0,0,0,0
2020-07-15,US,Oregon,Hood River,109,0,0,45.51872811,-121.65520359999998,41027.0,466.17055854931135,0.0,109,109,0,0,109,106,23428,0,0,0,0,3
2020-07-15,US,Oregon,Jackson,196,0,0,42.43201126,-122.72893090000001,41029.0,88.71026142370917,0.0,196,187,0,0,187,181,219564,9,0,0,9,6
2020-07-15,US,Oregon,Jefferson,171,0,0,44.62806839,-121.17832,41031.0,693.4869008029848,0.0,171,169,0,0,169,168,24192,2,0,0,2,1
2020-07-15,US,Oregon,Josephine,65,1,0,42.3665549,-123.5561938,41033.0,74.29675266039527,1.5384615384615383,64,64,1,0,63,57,87393,1,0,0,1,7
2020-07-15,US,Oregon,Klamath,141,1,0,42.68762984,-121.64964609999998,41035.0,206.62973709663243,0.7092198581560284,140,140,1,0,139,138,67653,1,0,0,1,2
2020-07-15,US,Oregon,Lake,24,0,0,42.79246693,-120.38501629999999,41037.0,304.99428135722457,0.0,24,24,0,0,24,24,7879,0,0,0,0,0
2020-07-15,US,Oregon,Lane,324,3,0,43.93727035,-122.847753,41039.0,84.80188029848168,0.925925925925926,321,317,3,0,314,309,379611,7,0,0,7,8
2020-07-15,US,Oregon,Lincoln,362,7,0,44.64252874,-123.86991200000001,41041.0,724.5506585004604,1.9337016574585637,355,360,7,0,353,361,49388,2,0,0,2,-1
2020-07-15,US,Oregon,Linn,186,10,0,44.48899494,-122.53731540000001,41043.0,143.3537060015877,5.376344086021504,176,184,10,0,174,182,127335,2,0,0,2,2
2020-07-15,US,Oregon,Malheur,449,3,0,43.1937027,-117.62273950000001,41045.0,1468.7121782081058,0.6681514476614699,446,434,3,0,431,400,30725,15,0,0,15,34
2020-07-15,US,Oregon,Marion,1975,56,0,44.90287942,-122.58151170000001,41047.0,567.8257019475702,2.835443037974684,1919,1939,56,0,1883,1893,346868,36,0,0,36,46
2020-07-15,US,Oregon,Morrow,165,1,0,45.41846568,-119.584546,41049.0,1422.0460225803672,0.6060606060606061,164,161,1,0,160,154,11372,4,0,0,4,7
2020-07-15,US,Oregon,Multnomah,3095,73,0,45.54747959,-122.4169351,41051.0,380.75671552736964,2.358642972536349,3022,3038,72,0,2966,2966,811880,57,1,0,56,72
2020-07-15,US,Oregon,Polk,184,12,0,44.90322804,-123.4128888,41053.0,213.74223151536273,6.521739130434782,172,180,12,0,168,179,85234,4,0,0,4,1
2020-07-15,US,Oregon,Sherman,5,0,0,45.41501554,-120.6827834,41055.0,280.8988764044944,0.0,5,5,0,0,5,5,1708,0,0,0,0,0
2020-07-15,US,Oregon,Tillamook,20,0,0,45.46248721,-123.712066,41057.0,73.97544015386892,0.0,20,19,0,0,19,16,26787,1,0,0,1,3
2020-07-15,US,Oregon,Umatilla,1141,8,0,45.59073056,-118.7353826,41059.0,1463.758819756254,0.7011393514461001,1133,1115,8,0,1107,1041,77516,26,0,0,26,74
2020-07-15,US,Oregon,Union,376,2,0,45.30915495,-118.0068979,41061.0,1401.1552077510714,0.5319148936170213,374,372,2,0,370,369,26461,4,0,0,4,3
2020-07-15,US,Oregon,Wallowa,15,0,0,45.57894064,-117.18353799999998,41063.0,208.10210876803555,0.0,15,15,0,0,15,15,7081,0,0,0,0,0
2020-07-15,US,Oregon,Wasco,121,2,0,45.16292781,-121.16709540000001,41065.0,453.4892436848812,1.6528925619834711,119,119,2,0,117,117,26505,2,0,0,2,2
2020-07-15,US,Oregon,Washington,1994,21,0,45.55972701,-123.0955257,41067.0,331.4538757164324,1.053159478435306,1973,1945,21,0,1924,1892,597695,49,0,0,49,53
2020-07-15,US,Oregon,Yamhill,217,9,0,45.23330449,-123.3086963,41071.0,202.6143790849673,4.147465437788019,208,211,9,0,202,205,107002,6,0,0,6,6
2020-07-15,US,Pennsylvania,Adams,399,14,0,39.87140411,-77.21610347,42001.0,387.34479511499,3.5087719298245608,385,399,14,0,385,398,102811,0,0,0,0,1
2020-07-15,US,Pennsylvania,Allegheny,5610,201,0,40.46809875,-79.98167747,42003.0,461.3316119058094,3.5828877005347595,5409,5364,199,0,5165,5033,1218452,246,2,0,244,331
2020-07-15,US,Pennsylvania,Armstrong,94,6,0,40.81665618,-79.46290811,42005.0,145.20738394994981,6.382978723404255,88,88,6,0,82,86,65263,6,0,0,6,2
2020-07-15,US,Pennsylvania,Beaver,884,79,0,40.6825484,-80.34921611,42007.0,539.2578494348163,8.936651583710407,805,870,79,0,791,845,164742,14,0,0,14,25
2020-07-15,US,Pennsylvania,Bedford,94,4,0,40.00522157,-78.48998442,42009.0,196.29134647510853,4.25531914893617,90,93,4,0,89,92,48176,1,0,0,1,1
2020-07-15,US,Pennsylvania,Berks,4744,359,0,40.41570541,-75.92457766,42011.0,1126.4020666533702,7.5674536256323774,4385,4710,358,0,4352,4700,420152,34,1,0,33,10
2020-07-15,US,Pennsylvania,Blair,113,1,0,40.47961444,-78.34917412,42013.0,92.75295701351894,0.8849557522123894,112,107,1,0,106,105,122492,6,0,0,6,2
2020-07-15,US,Pennsylvania,Bradford,61,3,0,41.78869215,-76.51570822,42015.0,101.12229166321305,4.918032786885246,58,59,3,0,56,59,60833,2,0,0,2,0
2020-07-15,US,Pennsylvania,Bucks,6189,572,0,40.33682119,-75.10836643,42017.0,985.0860298916072,9.242203910163195,5617,6137,572,0,5565,6105,628195,52,0,0,52,32
2020-07-15,US,Pennsylvania,Butler,444,13,0,40.91152759,-79.91351055,42019.0,236.35502227805787,2.927927927927928,431,444,13,0,431,429,187888,0,0,0,0,15
2020-07-15,US,Pennsylvania,Cambria,143,3,0,40.49527404,-78.71377428,42021.0,109.8377780508787,2.097902097902098,140,137,3,0,134,137,131730,6,0,0,6,0
2020-07-15,US,Pennsylvania,Cameron,5,0,0,41.43625568,-78.20376845,42023.0,112.4353496739375,0.0,5,4,0,0,4,4,4492,1,0,0,1,0
2020-07-15,US,Pennsylvania,Carbon,306,27,0,40.91545395,-75.7068525,42025.0,476.7691876226979,8.823529411764708,279,301,27,0,274,299,64227,5,0,0,5,2
2020-07-15,US,Pennsylvania,Centre,262,8,0,40.92058903,-77.82200624,42027.0,161.34495181205162,3.053435114503817,254,253,8,0,245,251,162805,9,0,0,9,2
2020-07-15,US,Pennsylvania,Chester,4108,334,0,39.97291773,-75.74768357,42029.0,782.4925855589355,8.13047711781889,3774,4053,333,0,3720,4016,522046,55,1,0,54,37
2020-07-15,US,Pennsylvania,Clarion,66,2,0,41.19265812,-79.42413524,42031.0,171.70508351110882,3.0303030303030303,64,66,2,0,64,63,38779,0,0,0,0,3
2020-07-15,US,Pennsylvania,Clearfield,96,0,0,41.00110782,-78.47592663,42033.0,121.1280045423002,0.0,96,95,0,0,95,93,79388,1,0,0,1,2
2020-07-15,US,Pennsylvania,Clinton,100,5,0,41.23255967,-77.63785995,42035.0,258.85276454752534,5.0,95,96,5,0,91,96,38684,4,0,0,4,0
2020-07-15,US,Pennsylvania,Columbia,424,35,0,41.04821986,-76.40565017,42037.0,652.6691706175728,8.254716981132075,389,421,35,0,386,420,65456,3,0,0,3,1
2020-07-15,US,Pennsylvania,Crawford,101,1,0,41.68447709,-80.10760592,42039.0,119.34443275945598,0.99009900990099,100,80,1,0,79,78,85063,21,0,0,21,2
2020-07-15,US,Pennsylvania,Cumberland,982,66,0,40.1625372,-77.26130755,42041.0,387.57548249595453,6.720977596741344,916,961,66,0,895,951,251423,21,0,0,21,10
2020-07-15,US,Pennsylvania,Dauphin,2325,149,0,40.41377078,-76.77993242,42043.0,835.4323946546698,6.408602150537634,2176,2309,149,0,2160,2296,277097,16,0,0,16,13
2020-07-15,US,Pennsylvania,Delaware,7651,669,0,39.91680171,-75.40243663,42045.0,1349.9850903489564,8.74395503855705,6982,7606,669,0,6937,7569,564751,45,0,0,45,37
2020-07-15,US,Pennsylvania,Elk,31,0,0,41.42822061,-78.64524744,42047.0,103.64426613172851,0.0,31,31,0,0,31,30,30169,0,0,0,0,1
2020-07-15,US,Pennsylvania,Erie,747,13,0,41.99253829,-80.03301954,42049.0,276.94566377980783,1.7402945113788488,734,740,13,0,727,718,272061,7,0,0,7,22
2020-07-15,US,Pennsylvania,Fayette,220,4,0,39.92041012,-79.64291195,42051.0,170.18116558627412,1.818181818181818,216,213,4,0,209,202,130441,7,0,0,7,11
2020-07-15,US,Pennsylvania,Forest,7,0,0,41.51095103,-79.23229292,42053.0,96.59169311439214,0.0,7,7,0,0,7,7,7279,0,0,0,0,0
2020-07-15,US,Pennsylvania,Franklin,1019,46,0,39.92956518,-77.72157791,42055.0,657.3048565733711,4.5142296368989205,973,1016,46,0,970,1006,154835,3,0,0,3,10
2020-07-15,US,Pennsylvania,Fulton,19,1,0,39.92913544,-78.11163677,42057.0,130.76393668272544,5.2631578947368425,18,19,1,0,18,19,14523,0,0,0,0,0
2020-07-15,US,Pennsylvania,Greene,75,0,0,39.85746531,-80.22357106,42059.0,206.99362459636242,0.0,75,72,0,0,72,70,36506,3,0,0,3,2
2020-07-15,US,Pennsylvania,Huntingdon,263,4,0,40.42162652,-77.97673273,42061.0,582.5801878433457,1.520912547528517,259,260,4,0,256,260,45168,3,0,0,3,0
2020-07-15,US,Pennsylvania,Indiana,168,6,0,40.65241041,-79.08963285,42063.0,199.8263413937888,3.571428571428572,162,169,6,0,163,156,84501,-1,0,0,-1,13
2020-07-15,US,Pennsylvania,Jefferson,41,1,0,41.12913106,-78.9986361,42065.0,94.41565918249857,2.4390243902439024,40,41,1,0,40,39,43641,0,0,0,0,2
2020-07-15,US,Pennsylvania,Juniata,116,6,0,40.53358749,-77.39975129999998,42067.0,468.4408189637766,5.172413793103448,110,116,6,0,110,116,24704,0,0,0,0,0
2020-07-15,US,Pennsylvania,Lackawanna,1771,211,0,41.43564672,-75.60379201,42069.0,844.6445434340933,11.914172783738,1560,1770,211,0,1559,1764,210793,1,0,0,1,6
2020-07-15,US,Pennsylvania,Lancaster,4906,388,0,40.03904563,-76.24770128,42071.0,898.9892326524031,7.908683245006116,4518,4876,386,0,4490,4851,543557,30,2,0,28,25
2020-07-15,US,Pennsylvania,Lawrence,207,9,0,40.99206278,-80.33393706,42073.0,242.07128824024701,4.3478260869565215,198,200,9,0,191,197,86184,7,0,0,7,3
2020-07-15,US,Pennsylvania,Lebanon,1476,51,0,40.36680311,-76.45651841,42075.0,1040.9540668439204,3.4552845528455283,1425,1474,50,0,1424,1448,141314,2,1,0,1,26
2020-07-15,US,Pennsylvania,Lehigh,4465,330,0,40.6154815,-75.59435245,42077.0,1208.9852105773346,7.390817469204927,4135,4450,329,0,4121,4439,368100,15,1,0,14,11
2020-07-15,US,Pennsylvania,Luzerne,3036,181,0,41.17823008,-75.98447579,42079.0,956.4705104011442,5.961791831357049,2855,3025,181,0,2844,3024,317646,11,0,0,11,1
2020-07-15,US,Pennsylvania,Lycoming,252,20,0,41.34310539,-77.06629984,42081.0,222.4203214503217,7.936507936507938,232,249,20,0,229,247,113664,3,0,0,3,2
2020-07-15,US,Pennsylvania,McKean,20,1,0,41.80938602,-78.56478358,42083.0,49.23076923076921,5.0,19,20,1,0,19,20,40968,0,0,0,0,0
2020-07-15,US,Pennsylvania,Mercer,203,6,0,41.30248872,-80.25816981,42085.0,185.5168884339816,2.955665024630542,197,186,6,0,180,175,110683,17,0,0,17,11
2020-07-15,US,Pennsylvania,Mifflin,74,1,0,40.61116939,-77.61070738,42087.0,160.38840001733928,1.351351351351351,73,74,1,0,73,74,46222,0,0,0,0,0
2020-07-15,US,Pennsylvania,Monroe,1482,113,0,41.05934058,-75.34031025,42089.0,870.3772221928572,7.624831309041835,1369,1474,111,0,1363,1473,169507,8,2,0,6,1
2020-07-15,US,Pennsylvania,Montgomery,8972,832,0,40.21053671,-75.36652296,42091.0,1079.7735027048498,9.27329469460544,8140,8907,829,0,8078,8876,828604,65,3,0,62,31
2020-07-15,US,Pennsylvania,Montour,81,2,0,41.03023987,-76.66345939,42093.0,444.32254525507403,2.469135802469136,79,80,2,0,78,79,18240,1,0,0,1,1
2020-07-15,US,Pennsylvania,Northampton,3582,283,0,40.75182733,-75.30471829,42095.0,1173.3298393304615,7.900614182021218,3299,3558,281,0,3277,3555,304807,24,2,0,22,3
2020-07-15,US,Pennsylvania,Northumberland,352,10,0,40.84785433,-76.70798222,42097.0,387.481699195315,2.8409090909090913,342,351,10,0,341,346,91083,1,0,0,1,5
2020-07-15,US,Pennsylvania,Perry,96,5,0,40.40206612,-77.26297447,42099.0,207.46887966804985,5.208333333333333,91,95,5,0,90,94,46139,1,0,0,1,1
2020-07-15,US,Pennsylvania,Philadelphia,27867,1653,0,40.00338507,-75.1379271,42101.0,1759.2092238697423,5.931747227903973,26214,27723,1646,0,26077,27575,1584138,144,7,0,137,148
2020-07-15,US,Pennsylvania,Pike,508,21,0,41.33155042,-75.03208106,42103.0,910.2474511279544,4.133858267716535,487,507,21,0,486,505,55933,1,0,0,1,2
2020-07-15,US,Pennsylvania,Potter,19,0,0,41.74471626,-77.89559864,42105.0,114.97034975190607,0.0,19,18,0,0,18,18,16622,1,0,0,1,0
2020-07-15,US,Pennsylvania,Schuylkill,782,48,0,40.70497338,-76.2150785,42107.0,553.2014233264242,6.138107416879794,734,779,48,0,731,776,142067,3,0,0,3,3
2020-07-15,US,Pennsylvania,Snyder,74,2,0,40.77129231,-77.06840691,42109.0,183.2953532150996,2.702702702702702,72,74,2,0,72,72,40540,0,0,0,0,2
2020-07-15,US,Pennsylvania,Somerset,86,1,0,39.97172723,-79.02699593,42111.0,117.09123585714869,1.162790697674419,85,84,1,0,83,81,73952,2,0,0,2,3
2020-07-15,US,Pennsylvania,Sullivan,10,0,0,41.44634738,-76.51246591,42113.0,164.85328058028355,0.0,10,10,0,0,10,10,6071,0,0,0,0,0
2020-07-15,US,Pennsylvania,Susquehanna,195,26,0,41.82147784,-75.80071959,42115.0,483.53501289426697,13.333333333333336,169,195,25,0,170,196,40589,0,1,0,-1,-1
2020-07-15,US,Pennsylvania,Tioga,31,2,0,41.77255149,-77.25433032,42117.0,76.37160947007958,6.451612903225807,29,30,2,0,28,29,40763,1,0,0,1,1
2020-07-15,US,Pennsylvania,Union,108,2,0,40.96188846,-77.05996014,42119.0,240.4113705674154,1.851851851851852,106,105,2,0,103,100,44785,3,0,0,3,5
2020-07-15,US,Pennsylvania,Venango,49,0,0,41.40323442,-79.75845449,42121.0,96.70798136891136,0.0,49,46,0,0,46,38,51266,3,0,0,3,8
2020-07-15,US,Pennsylvania,Warren,11,1,0,41.81304978,-79.26969577,42123.0,28.06766859738205,9.090909090909092,10,10,1,0,9,10,39498,1,0,0,1,0
2020-07-15,US,Pennsylvania,Washington,494,6,0,40.19208869,-80.24582867,42125.0,238.8030841369976,1.214574898785425,488,465,6,0,459,454,207346,29,0,0,29,11
2020-07-15,US,Pennsylvania,Wayne,143,8,0,41.64938475,-75.29956506,42127.0,278.4213703004225,5.594405594405594,135,141,8,0,133,141,51276,2,0,0,2,0
2020-07-15,US,Pennsylvania,Westmoreland,1054,39,0,40.31377979999999,-79.46615476,42129.0,302.0931558989851,3.700189753320683,1015,1033,39,0,994,1010,350611,21,0,0,21,23
2020-07-15,US,Pennsylvania,Wyoming,48,7,0,41.51955538,-76.01074915,42131.0,179.14458460849445,14.583333333333336,41,48,7,0,41,47,27046,0,0,0,0,1
2020-07-15,US,Pennsylvania,York,1908,66,0,39.9210089,-76.73040131,42133.0,424.88943521772245,3.459119496855346,1842,1872,63,0,1809,1858,448273,36,3,0,33,14
2020-07-15,US,Rhode Island,Bristol,283,0,0,41.71018079,-71.28652315,44001.0,583.7579157985932,0.0,283,256,0,0,256,256,48649,27,0,0,27,0
2020-07-15,US,Rhode Island,Kent,1316,0,0,41.67106337,-71.57641596,44003.0,801.0128308134297,0.0,1316,1234,0,0,1234,1234,163861,82,0,0,82,0
2020-07-15,US,Rhode Island,Newport,365,0,0,41.5642026,-71.26569799,44005.0,444.6772739455666,0.0,365,331,0,0,331,331,82542,34,0,0,34,0
2020-07-15,US,Rhode Island,Providence,13674,0,0,41.87064746,-71.57753536,44007.0,2140.1371979133896,0.0,13674,13144,0,0,13144,13144,636084,530,0,0,530,0
2020-07-15,US,Rhode Island,Unassigned,1438,987,0,0.0,0.0,90044.0,0.0,68.63699582753824,451,2085,985,0,1100,1984,,-647,2,0,-649,101
2020-07-15,US,Rhode Island,Washington,564,0,0,41.45961631,-71.61435303,44009.0,449.1268305501804,0.0,564,538,0,0,538,538,126179,26,0,0,26,0
2020-07-15,US,South Carolina,Abbeville,165,1,0,34.22333378,-82.46170658,45001.0,672.7280140253597,0.6060606060606061,164,162,1,0,161,157,24541,3,0,0,3,5
2020-07-15,US,South Carolina,Aiken,873,13,0,33.54338026,-81.63645384,45003.0,510.9087504096634,1.4891179839633448,860,800,13,0,787,735,169401,73,0,0,73,65
2020-07-15,US,South Carolina,Allendale,92,3,0,32.98837386,-81.35321066,45005.0,1058.9318600368324,3.260869565217391,89,92,3,0,89,88,8903,0,0,0,0,4
2020-07-15,US,South Carolina,Anderson,1177,20,0,34.51828081,-82.63959517,45007.0,581.0681385084766,1.699235344095157,1157,1134,20,0,1114,1067,200482,43,0,0,43,67
2020-07-15,US,South Carolina,Bamberg,223,3,0,33.21927586,-81.05659969,45009.0,1585.3831935162805,1.345291479820628,220,206,3,0,203,199,14275,17,0,0,17,7
2020-07-15,US,South Carolina,Barnwell,156,1,0,33.26679302,-81.43584352,45011.0,747.6277197354547,0.6410256410256411,155,153,1,0,152,135,21112,3,0,0,3,18
2020-07-15,US,South Carolina,Beaufort,2176,23,0,32.39226291,-80.72619758,45013.0,1132.613651742122,1.056985294117647,2153,2098,23,0,2075,2020,188715,78,0,0,78,78
2020-07-15,US,South Carolina,Berkeley,2512,28,0,33.20222596,-79.94654523,45015.0,1102.2039691628602,1.1146496815286624,2484,2450,28,0,2422,2290,221091,62,0,0,62,160
2020-07-15,US,South Carolina,Calhoun,176,2,0,33.66926881,-80.77722168,45017.0,1209.3726379440664,1.1363636363636365,174,170,2,0,168,166,14520,6,0,0,6,4
2020-07-15,US,South Carolina,Charleston,8466,69,0,32.82487866,-79.96512315,45019.0,2057.8212276923527,0.8150248051027641,8397,8250,67,0,8183,7835,405905,216,2,0,214,415
2020-07-15,US,South Carolina,Cherokee,283,9,0,35.05122251,-81.61828622,45021.0,493.89179755671904,3.180212014134276,274,269,9,0,260,258,57078,14,0,0,14,11
2020-07-15,US,South Carolina,Chester,307,4,0,34.69249168,-81.1583216,45023.0,952.1151221932764,1.3029315960912051,303,301,4,0,297,293,32251,6,0,0,6,8
2020-07-15,US,South Carolina,Chesterfield,476,15,0,34.64137396,-80.15640140000002,45025.0,1042.7163198247536,3.1512605042016806,461,468,15,0,453,459,45754,8,0,0,8,9
2020-07-15,US,South Carolina,Clarendon,521,47,0,33.66610974,-80.21647898,45027.0,1543.9324344347312,9.021113243761995,474,500,47,0,453,489,33700,21,0,0,21,11
2020-07-15,US,South Carolina,Colleton,520,23,0,32.87582989,-80.67641292,45029.0,1380.1523475860604,4.4230769230769225,497,508,23,0,485,475,37660,12,0,0,12,33
2020-07-15,US,South Carolina,Darlington,610,17,0,34.33358335,-79.96027485,45031.0,915.6684379597107,2.7868852459016398,593,590,17,0,573,572,66802,20,0,0,20,18
2020-07-15,US,South Carolina,Dillon,407,14,0,34.39007791,-79.37741872,45033.0,1335.3456478230912,3.43980343980344,393,402,14,0,388,397,30599,5,0,0,5,5
2020-07-15,US,South Carolina,Dorchester,1714,8,0,33.0794369,-80.40502652,45035.0,1052.7673531561522,0.4667444574095682,1706,1669,8,0,1661,1610,160647,45,0,0,45,59
2020-07-15,US,South Carolina,Edgefield,142,4,0,33.77221995,-81.96231108,45037.0,520.9097578870138,2.8169014084507036,138,136,4,0,132,130,27052,6,0,0,6,6
2020-07-15,US,South Carolina,Fairfield,385,22,0,34.39287073,-81.1195624,45039.0,1722.826330156173,5.7142857142857135,363,382,22,0,360,377,22402,3,0,0,3,5
2020-07-15,US,South Carolina,Florence,1756,59,0,34.02361754,-79.70189312,45041.0,1269.767811819832,3.3599088838268787,1697,1728,59,0,1669,1659,138159,28,0,0,28,69
2020-07-15,US,South Carolina,Georgetown,914,9,0,33.43443342,-79.33202141,45043.0,1458.2003828972558,0.9846827133479212,905,830,9,0,821,799,62249,84,0,0,84,31
2020-07-15,US,South Carolina,Greenville,7633,107,0,34.89502264,-82.37295012,45045.0,1457.9537076299514,1.4018079392113192,7526,7464,106,0,7358,7261,514213,169,1,0,168,203
2020-07-15,US,South Carolina,Greenwood,867,7,0,34.15272415,-82.12715789,45047.0,1224.3860417166825,0.8073817762399077,860,845,7,0,838,824,70741,22,0,0,22,21
2020-07-15,US,South Carolina,Hampton,122,3,0,32.77419582,-81.13845571,45049.0,634.6894183747789,2.459016393442623,119,120,3,0,117,109,19351,2,0,0,2,11
2020-07-15,US,South Carolina,Horry,6243,75,0,33.9212828,-78.99555293,45051.0,1763.155888059512,1.2013455069678038,6168,6055,75,0,5980,5905,344147,188,0,0,188,150
2020-07-15,US,South Carolina,Jasper,291,3,0,32.43171982,-81.02487495,45053.0,967.6453962025737,1.0309278350515465,288,277,3,0,274,270,28971,14,0,0,14,7
2020-07-15,US,South Carolina,Kershaw,906,17,0,34.33988254,-80.58763164,45055.0,1361.3619630058154,1.8763796909492276,889,892,17,0,875,866,65592,14,0,0,14,26
2020-07-15,US,South Carolina,Lancaster,684,17,0,34.68270843,-80.70513032,45057.0,697.873729747378,2.4853801169590644,667,672,16,0,656,659,95380,12,1,0,11,13
2020-07-15,US,South Carolina,Laurens,820,14,0,34.48244419,-82.00490796,45059.0,1214.9408086764556,1.7073170731707317,806,789,14,0,775,765,66994,31,0,0,31,24
2020-07-15,US,South Carolina,Lee,356,23,0,34.16393091,-80.25690731,45061.0,2115.521749465177,6.46067415730337,333,350,23,0,327,344,17142,6,0,0,6,6
2020-07-15,US,South Carolina,Lexington,3222,64,0,33.89665987,-81.27146426,45063.0,1078.4937238493724,1.9863438857852265,3158,3151,64,0,3087,3036,295032,71,0,0,71,115
2020-07-15,US,South Carolina,Marion,344,10,0,34.07859748,-79.36400756,45067.0,1122.0928336105949,2.9069767441860463,334,339,10,0,329,325,31039,5,0,0,5,14
2020-07-15,US,South Carolina,Marlboro,345,4,0,34.59905577,-79.67561152,45069.0,1320.9280955662762,1.1594202898550725,341,341,4,0,337,335,26398,4,0,0,4,6
2020-07-15,US,South Carolina,McCormick,56,2,0,33.90161443,-82.30794338,45065.0,591.778505759273,3.571428571428572,54,51,2,0,49,51,9410,5,0,0,5,0
2020-07-15,US,South Carolina,Newberry,462,4,0,34.28629098,-81.59935761,45071.0,1201.8730489073882,0.8658008658008658,458,446,4,0,442,423,38520,16,0,0,16,23
2020-07-15,US,South Carolina,Oconee,475,2,0,34.75225169,-83.06742317,45073.0,597.1387624770573,0.42105263157894735,473,460,1,0,459,448,78374,15,1,0,14,12
2020-07-15,US,South Carolina,Orangeburg,1301,26,0,33.4391073,-80.79886287,45075.0,1509.7185958804755,1.9984627209838584,1275,1271,26,0,1245,1226,86934,30,0,0,30,45
2020-07-15,US,South Carolina,Pickens,1254,8,0,34.88807695,-82.72791551,45077.0,988.3042779231424,0.6379585326953748,1246,1227,8,0,1219,1197,124937,27,0,0,27,30
2020-07-15,US,South Carolina,Richland,5413,99,0,34.01791263,-80.90267209,45079.0,1301.956181345443,1.82893035285424,5314,5229,99,0,5130,4995,414576,184,0,0,184,234
2020-07-15,US,South Carolina,Saluda,303,2,0,34.00795823,-81.72713237,45081.0,1479.9980462071994,0.6600660066006601,301,300,2,0,298,290,20544,3,0,0,3,10
2020-07-15,US,South Carolina,Spartanburg,2745,57,0,34.92960077,-81.99225984,45083.0,858.3892302640837,2.076502732240437,2688,2648,57,0,2591,2562,313888,97,0,0,97,86
2020-07-15,US,South Carolina,Sumter,1582,31,0,33.91826534,-80.37942316,45085.0,1482.3699178231088,1.9595448798988624,1551,1489,31,0,1458,1449,106512,93,0,0,93,40
2020-07-15,US,South Carolina,Union,170,0,0,34.68835752,-81.61730349,45087.0,622.3458778737737,0.0,170,163,0,0,163,162,27410,7,0,0,7,1
2020-07-15,US,South Carolina,Williamsburg,538,16,0,33.62190129,-79.72767442,45089.0,1771.6016859852475,2.9739776951672865,522,523,16,0,507,507,30606,15,0,0,15,16
2020-07-15,US,South Carolina,York,2062,13,0,34.97281497,-81.18085944,45091.0,733.8626730111503,0.6304558680892337,2049,1989,13,0,1976,1949,274118,73,0,0,73,40
2020-07-15,US,South Dakota,Aurora,34,0,0,43.71757685,-98.56050467,46003.0,1235.9142130134496,0.0,34,34,0,0,34,34,2801,0,0,0,0,0
2020-07-15,US,South Dakota,Beadle,557,8,0,44.41464384,-98.27858469,46005.0,3018.479380046605,1.4362657091561941,549,553,8,0,545,553,18883,4,0,0,4,0
2020-07-15,US,South Dakota,Bennett,4,0,0,43.19486375,-101.6665572,46007.0,118.87072808320951,0.0,4,4,0,0,4,4,3468,0,0,0,0,0
2020-07-15,US,South Dakota,Bon Homme,13,0,0,42.98914167,-97.88592746,46009.0,188.37849587016373,0.0,13,13,0,0,13,14,6980,0,0,0,0,-1
2020-07-15,US,South Dakota,Brookings,96,0,0,44.36974375,-96.79079945,46011.0,273.6836103429597,0.0,96,95,0,0,95,95,35232,1,0,0,1,0
2020-07-15,US,South Dakota,Brown,362,2,0,45.58994323,-98.35165355,46013.0,932.0528334921083,0.5524861878453039,360,361,2,0,359,359,39316,1,0,0,1,2
2020-07-15,US,South Dakota,Brule,34,0,0,43.71756379,-99.08118954,46015.0,641.872758164999,0.0,34,34,0,0,34,34,5229,0,0,0,0,0
2020-07-15,US,South Dakota,Buffalo,86,3,0,44.07657829,-99.20814467,46017.0,4383.2823649337415,3.4883720930232562,83,86,3,0,83,86,2036,0,0,0,0,0
2020-07-15,US,South Dakota,Butte,3,1,0,44.90608745,-103.5079318,46019.0,28.765941125707158,33.333333333333336,2,3,0,0,3,3,10222,0,1,0,-1,0
2020-07-15,US,South Dakota,Campbell,1,0,0,45.77074915,-100.0510181,46021.0,72.67441860465118,0.0,1,1,0,0,1,1,1377,0,0,0,0,0
2020-07-15,US,South Dakota,Charles Mix,98,0,0,43.20660134,-98.58856175,46023.0,1054.6706844597504,0.0,98,97,0,0,97,96,9338,1,0,0,1,1
2020-07-15,US,South Dakota,Clark,16,0,0,44.85834507,-97.72925109,46025.0,428.2655246252677,0.0,16,15,0,0,15,15,3739,1,0,0,1,0
2020-07-15,US,South Dakota,Clay,94,0,0,42.91296147,-96.97656917,46027.0,668.0881307746979,0.0,94,94,0,0,94,93,14041,0,0,0,0,1
2020-07-15,US,South Dakota,Codington,96,0,0,44.97788119,-97.18827677,46029.0,342.7469741868685,0.0,96,93,0,0,93,92,28015,3,0,0,3,1
2020-07-15,US,South Dakota,Corson,22,0,0,45.70889983,-101.1970473,46031.0,538.4238864415075,0.0,22,20,0,0,20,20,4165,2,0,0,2,0
2020-07-15,US,South Dakota,Custer,11,0,0,43.67741105,-103.45345209999999,46033.0,122.60365581810076,0.0,11,11,0,0,11,11,8726,0,0,0,0,0
2020-07-15,US,South Dakota,Davison,57,0,0,43.67490933,-98.14458906,46035.0,288.2427307206068,0.0,57,57,0,0,57,56,19790,0,0,0,0,1
2020-07-15,US,South Dakota,Day,19,0,0,45.367281,-97.60737498,46037.0,350.29498525073745,0.0,19,19,0,0,19,19,5505,0,0,0,0,0
2020-07-15,US,South Dakota,Deuel,5,0,0,44.75994309,-96.66943645,46039.0,114.91611123879568,0.0,5,5,0,0,5,5,4337,0,0,0,0,0
2020-07-15,US,South Dakota,Dewey,38,0,0,45.15639647,-100.8709139,46041.0,644.9422946367956,0.0,38,37,0,0,37,37,5904,1,0,0,1,0
2020-07-15,US,South Dakota,Douglas,10,0,0,43.38520741,-98.36978007,46043.0,342.3485107839781,0.0,10,10,0,0,10,10,2935,0,0,0,0,0
2020-07-15,US,South Dakota,Edmunds,9,0,0,45.41846445,-99.21545423,46045.0,235.04831548707241,0.0,9,9,0,0,9,8,3875,0,0,0,0,1
2020-07-15,US,South Dakota,Fall River,13,0,0,43.23929297,-103.5275691,46047.0,193.65410397735738,0.0,13,13,0,0,13,13,6758,0,0,0,0,0
2020-07-15,US,South Dakota,Faulk,24,1,0,45.07082625,-99.14535601,46049.0,1043.9321444106133,4.166666666666667,23,24,1,0,23,24,2330,0,0,0,0,0
2020-07-15,US,South Dakota,Grant,18,0,0,45.1723937,-96.77002276,46051.0,255.24673851389682,0.0,18,18,0,0,18,17,7147,0,0,0,0,1
2020-07-15,US,South Dakota,Gregory,6,0,0,43.19419064,-99.18883902,46053.0,143.36917562724008,0.0,6,6,0,0,6,5,4212,0,0,0,0,1
2020-07-15,US,South Dakota,Haakon,1,0,0,44.29299053,-101.539099,46055.0,52.6592943654555,0.0,1,1,0,0,1,1,1918,0,0,0,0,0
2020-07-15,US,South Dakota,Hamlin,13,0,0,44.67385954,-97.18829593,46057.0,210.90201168072682,0.0,13,13,0,0,13,13,6111,0,0,0,0,0
2020-07-15,US,South Dakota,Hand,7,0,0,44.54708407,-99.00386459,46059.0,219.36696960200558,0.0,7,7,0,0,7,7,3262,0,0,0,0,0
2020-07-15,US,South Dakota,Hanson,14,0,0,43.6746384,-97.78715148,46061.0,405.4445409788591,0.0,14,14,0,0,14,14,3376,0,0,0,0,0
2020-07-15,US,South Dakota,Hughes,73,2,0,44.39091534,-99.99661148,46065.0,416.52402145384,2.7397260273972597,71,72,2,0,70,70,17650,1,0,0,1,2
2020-07-15,US,South Dakota,Hutchinson,18,0,0,43.33449012,-97.75536441,46067.0,246.8797147167741,0.0,18,18,0,0,18,17,7380,0,0,0,0,1
2020-07-15,US,South Dakota,Hyde,3,0,0,44.54747703,-99.48572582,46069.0,230.59185242121444,0.0,3,3,0,0,3,3,1282,0,0,0,0,0
2020-07-15,US,South Dakota,Jackson,7,1,0,43.69318385,-101.6255063,46071.0,209.33014354066987,14.285714285714285,6,7,1,0,6,7,3307,0,0,0,0,0
2020-07-15,US,South Dakota,Jerauld,39,1,0,44.06637798,-98.62965972,46073.0,1937.4068554396426,2.5641025641025643,38,39,1,0,38,39,2043,0,0,0,0,0
2020-07-15,US,South Dakota,Jones,1,0,0,43.96278565,-100.6940008,46075.0,110.74197120708747,0.0,1,1,0,0,1,1,928,0,0,0,0,0
2020-07-15,US,South Dakota,Kingsbury,8,0,0,44.36956169,-97.4913945,46077.0,161.97610852399268,0.0,8,8,0,0,8,8,4919,0,0,0,0,0
2020-07-15,US,South Dakota,Lake,41,1,0,44.02193107,-97.12926365,46079.0,320.3875908416035,2.4390243902439024,40,37,1,0,36,35,13057,4,0,0,4,2
2020-07-15,US,South Dakota,Lawrence,21,0,0,44.35919441,-103.79294279999999,46081.0,81.25677139761645,0.0,21,21,0,0,21,20,25741,0,0,0,0,1
2020-07-15,US,South Dakota,Lincoln,404,1,0,43.27841182,-96.72039050000001,46083.0,660.908258081403,0.2475247524752475,403,400,1,0,399,397,58807,4,0,0,4,3
2020-07-15,US,South Dakota,Lyman,82,1,0,43.89522709,-99.85201878,46085.0,2168.7384289870406,1.2195121951219512,81,82,1,0,81,82,3821,0,0,0,0,0
2020-07-15,US,South Dakota,Marshall,5,0,0,45.75870838,-97.59855639,46091.0,101.31712259371834,0.0,5,5,0,0,5,5,5112,0,0,0,0,0
2020-07-15,US,South Dakota,McCook,19,1,0,43.6742571,-97.36863144,46087.0,340.13605442176873,5.2631578947368425,18,17,1,0,16,17,5546,2,0,0,2,0
2020-07-15,US,South Dakota,McPherson,6,0,0,45.76626028,-99.22118798,46089.0,252.20680958385879,0.0,6,6,0,0,6,6,2407,0,0,0,0,0
2020-07-15,US,South Dakota,Meade,54,1,0,44.56676791,-102.71627409999999,46093.0,190.5972045743329,1.851851851851852,53,54,1,0,53,54,28294,0,0,0,0,0
2020-07-15,US,South Dakota,Mellette,10,0,0,43.58078848,-100.7563186,46095.0,485.20135856380404,0.0,10,9,0,0,9,9,2042,1,0,0,1,0
2020-07-15,US,South Dakota,Miner,10,0,0,44.02197882,-97.60992207,46097.0,451.2635379061372,0.0,10,10,0,0,10,10,2213,0,0,0,0,0
2020-07-15,US,South Dakota,Minnehaha,3796,60,0,43.67441641,-96.7910885,46099.0,1965.4747481023533,1.5806111696522656,3736,3778,60,0,3718,3760,192876,18,0,0,18,18
2020-07-15,US,South Dakota,Moody,24,0,0,44.02266214,-96.67081159,46101.0,364.963503649635,0.0,24,23,0,0,23,23,6579,1,0,0,1,0
2020-07-15,US,South Dakota,Oglala Lakota,118,0,0,43.33749164,-102.55554980000001,46102.0,832.3340622134442,0.0,118,111,0,0,111,112,14309,7,0,0,7,-1
2020-07-15,US,South Dakota,Pennington,674,22,0,44.0025835,-102.8240777,46103.0,592.3972753241046,3.264094955489614,652,649,21,0,628,641,111729,25,1,0,24,8
2020-07-15,US,South Dakota,Perkins,1,0,0,45.49049506,-102.47555859999999,46105.0,34.904013961605585,0.0,1,1,0,0,1,1,2922,0,0,0,0,0
2020-07-15,US,South Dakota,Roberts,59,0,0,45.62975048,-96.94672673,46109.0,567.6351741389262,0.0,59,58,0,0,58,58,10447,1,0,0,1,0
2020-07-15,US,South Dakota,Sanborn,12,0,0,44.02351092,-98.09098159999999,46111.0,511.9453924914676,0.0,12,12,0,0,12,12,2429,0,0,0,0,0
2020-07-15,US,South Dakota,Spink,14,0,0,44.93837606,-98.34626602,46115.0,219.57340025094103,0.0,14,14,0,0,14,14,6495,0,0,0,0,0
2020-07-15,US,South Dakota,Stanley,14,0,0,44.41381872,-100.7349153,46117.0,451.9044544867656,0.0,14,14,0,0,14,14,3022,0,0,0,0,0
2020-07-15,US,South Dakota,Sully,1,0,0,44.71571812,-100.1278092,46119.0,71.89072609633357,0.0,1,1,0,0,1,1,1392,0,0,0,0,0
2020-07-15,US,South Dakota,Todd,65,2,0,43.19338568,-100.71955030000001,46121.0,638.6950967868722,3.0769230769230766,63,64,2,0,62,66,10283,1,0,0,1,-2
2020-07-15,US,South Dakota,Tripp,19,0,0,43.34459388,-99.8854891,46123.0,349.2005146112847,0.0,19,19,0,0,19,19,5478,0,0,0,0,0
2020-07-15,US,South Dakota,Turner,30,0,0,43.3109081,-97.14865776,46125.0,357.82442748091614,0.0,30,29,0,0,29,29,8424,1,0,0,1,0
2020-07-15,US,South Dakota,Union,156,1,0,42.83112163,-96.6557828,46127.0,979.1614361034397,0.6410256410256411,155,156,1,0,155,151,15619,0,0,0,0,5
2020-07-15,US,South Dakota,Walworth,16,0,0,45.43019636,-100.03075140000001,46129.0,294.3882244710212,0.0,16,16,0,0,16,16,5587,0,0,0,0,0
2020-07-15,US,South Dakota,Yankton,88,2,0,43.00924485,-97.39467635,46135.0,385.7280617164899,2.272727272727273,86,88,2,0,86,85,22869,0,0,0,0,3
2020-07-15,US,South Dakota,Ziebach,3,0,0,44.97881876,-101.6654622,46137.0,108.8534107402032,0.0,3,3,0,0,3,3,2742,0,0,0,0,0
2020-07-15,US,Tennessee,Anderson,236,2,0,36.12684348,-84.19965764,47001.0,306.58110109381903,0.8474576271186439,234,219,2,0,217,211,76482,17,0,0,17,8
2020-07-15,US,Tennessee,Bedford,646,10,0,35.51123746,-86.45549096,47003.0,1299.4588940518574,1.547987616099071,636,635,9,0,626,630,49038,11,1,0,10,5
2020-07-15,US,Tennessee,Benton,24,1,0,36.07110411,-88.06849355,47005.0,148.5148514851485,4.166666666666667,23,17,1,0,16,16,16184,7,0,0,7,1
2020-07-15,US,Tennessee,Bledsoe,634,1,0,35.59942968,-85.20611967,47007.0,4208.709506107276,0.15772870662460567,633,634,1,0,633,631,14755,0,0,0,0,3
2020-07-15,US,Tennessee,Blount,381,3,0,35.68938198,-83.92847788,47009.0,286.27674921856214,0.7874015748031497,378,358,3,0,355,348,131349,23,0,0,23,10
2020-07-15,US,Tennessee,Bradley,1096,6,0,35.15739424,-84.857186,47011.0,1013.7822588104707,0.5474452554744526,1090,1061,5,0,1056,1010,106727,35,1,0,34,51
2020-07-15,US,Tennessee,Campbell,77,1,0,36.40355516,-84.15108559999999,47013.0,193.26339039204862,1.2987012987012987,76,75,1,0,74,72,39583,2,0,0,2,3
2020-07-15,US,Tennessee,Cannon,65,0,0,35.80990797,-86.05738983,47015.0,442.8396239269657,0.0,65,60,0,0,60,58,14462,5,0,0,5,2
2020-07-15,US,Tennessee,Carroll,63,1,0,35.97366108,-88.45189331,47017.0,226.888032556632,1.5873015873015872,62,58,1,0,57,57,28020,5,0,0,5,1
2020-07-15,US,Tennessee,Carter,128,2,0,36.28969086,-82.12588974,47019.0,226.98657587203635,1.5625,126,120,2,0,118,108,56351,8,0,0,8,12
2020-07-15,US,Tennessee,Cheatham,311,3,0,36.26136216,-87.08903581,47021.0,764.7478299358203,0.964630225080386,308,301,3,0,298,287,40439,10,0,0,10,14
2020-07-15,US,Tennessee,Chester,91,0,0,35.42527478,-88.6095842,47023.0,526.1027923917443,0.0,91,83,0,0,83,81,17276,8,0,0,8,2
2020-07-15,US,Tennessee,Claiborne,86,0,0,36.48319149,-83.65947309,47025.0,269.0947776839075,0.0,86,80,0,0,80,76,31756,6,0,0,6,4
2020-07-15,US,Tennessee,Clay,28,0,0,36.55151008,-85.53930419,47027.0,367.6953381483913,0.0,28,27,0,0,27,23,7717,1,0,0,1,4
2020-07-15,US,Tennessee,Cocke,175,0,0,35.9278914,-83.11828725,47029.0,486.0571047661372,0.0,175,152,0,0,152,146,35774,23,0,0,23,6
2020-07-15,US,Tennessee,Coffee,162,0,0,35.49090731,-86.07311784,47031.0,286.62420382165607,0.0,162,155,0,0,155,152,55700,7,0,0,7,3
2020-07-15,US,Tennessee,Crockett,75,3,0,35.81830662,-89.14916269,47033.0,527.0555165144062,4.0,72,71,3,0,68,65,14328,4,0,0,4,6
2020-07-15,US,Tennessee,Cumberland,241,5,0,35.95271721,-84.99840585,47035.0,398.21546596166564,2.074688796680498,236,228,5,0,223,229,59673,13,0,0,13,-1
2020-07-15,US,Tennessee,Davidson,14550,157,0,36.17007426,-86.78646056,47037.0,2096.106859671768,1.0790378006872852,14393,14205,155,0,14050,13976,692587,345,2,0,343,229
2020-07-15,US,Tennessee,DeKalb,119,0,0,35.97616272,-85.83689361,47041.0,580.7711078574914,0.0,119,100,0,0,100,99,20138,19,0,0,19,1
2020-07-15,US,Tennessee,Decatur,44,0,0,35.60048904,-88.11043779,47039.0,377.26142501929183,0.0,44,39,0,0,39,35,11706,5,0,0,5,4
2020-07-15,US,Tennessee,Dickson,308,0,0,36.14669837,-87.35891709,47043.0,570.9201453251279,0.0,308,295,0,0,295,282,53446,13,0,0,13,13
2020-07-15,US,Tennessee,Dyer,326,3,0,36.05931946,-89.41542855,47045.0,877.311014828171,0.9202453987730062,323,310,3,0,307,302,37320,16,0,0,16,8
2020-07-15,US,Tennessee,Fayette,404,6,0,35.19615831,-89.41399032,47047.0,982.1797583448813,1.4851485148514851,398,393,6,0,387,380,40507,11,0,0,11,13
2020-07-15,US,Tennessee,Fentress,35,0,0,36.38128818,-84.92870012,47049.0,188.95427306591804,0.0,35,29,0,0,29,29,18217,6,0,0,6,0
2020-07-15,US,Tennessee,Franklin,127,3,0,35.15634626,-86.09201039,47051.0,300.890826383624,2.3622047244094486,124,124,3,0,121,122,41890,3,0,0,3,2
2020-07-15,US,Tennessee,Gibson,237,1,0,35.99438059,-88.93358327,47053.0,482.36419514379344,0.4219409282700422,236,217,1,0,216,203,49045,20,0,0,20,14
2020-07-15,US,Tennessee,Giles,143,1,0,35.20222469,-87.03992678,47055.0,485.33803964159654,0.6993006993006993,142,131,1,0,130,122,29503,12,0,0,12,9
2020-07-15,US,Tennessee,Grainger,65,0,0,36.27469206,-83.51254721,47057.0,278.7307032590052,0.0,65,59,0,0,59,59,23145,6,0,0,6,0
2020-07-15,US,Tennessee,Greene,173,2,0,36.17470125,-82.84691273,47059.0,250.47416351764176,1.1560693641618498,171,163,2,0,161,157,69087,10,0,0,10,6
2020-07-15,US,Tennessee,Grundy,68,2,0,35.38433717,-85.72142731,47061.0,506.4422432412304,2.9411764705882355,66,67,2,0,65,67,13346,1,0,0,1,0
2020-07-15,US,Tennessee,Hamblen,551,5,0,36.21990035,-83.26586179,47063.0,848.5539162842273,0.9074410163339384,546,514,4,0,510,508,64569,37,1,0,36,6
2020-07-15,US,Tennessee,Hamilton,3721,39,0,35.17670231,-85.16652245,47065.0,1011.6801339844047,1.0481053480247244,3682,3648,38,0,3610,3535,364286,73,1,0,72,113
2020-07-15,US,Tennessee,Hancock,15,0,0,36.52692871,-83.22375847,47067.0,226.5861027190332,0.0,15,12,0,0,12,12,6549,3,0,0,3,0
2020-07-15,US,Tennessee,Hardeman,480,4,0,35.20772017,-88.99161161,47069.0,1916.167664670659,0.8333333333333334,476,456,4,0,452,444,25220,24,0,0,24,12
2020-07-15,US,Tennessee,Hardin,154,7,0,35.19732531,-88.18593755,47071.0,600.3430531732419,4.545454545454546,147,142,7,0,135,140,25776,12,0,0,12,2
2020-07-15,US,Tennessee,Hawkins,103,2,0,36.44355426,-82.94885298,47073.0,181.38273518120664,1.9417475728155342,101,100,2,0,98,95,56530,3,0,0,3,5
2020-07-15,US,Tennessee,Haywood,155,3,0,35.58332824,-89.28536625,47075.0,895.7466481738327,1.935483870967742,152,150,3,0,147,141,17335,5,0,0,5,9
2020-07-15,US,Tennessee,Henderson,114,0,0,35.65581134,-88.38600175,47077.0,405.4486609524487,0.0,114,90,0,0,90,83,27847,24,0,0,24,7
2020-07-15,US,Tennessee,Henry,57,0,0,36.33160906,-88.30121797,47079.0,176.22507342711393,0.0,57,56,0,0,56,54,32358,1,0,0,1,2
2020-07-15,US,Tennessee,Hickman,118,0,0,35.80609681,-87.47643507,47081.0,468.6631185955993,0.0,118,114,0,0,114,112,25063,4,0,0,4,2
2020-07-15,US,Tennessee,Houston,25,0,0,36.28872054,-87.71878828,47083.0,304.84087306426045,0.0,25,24,0,0,24,23,8263,1,0,0,1,1
2020-07-15,US,Tennessee,Humphreys,53,2,0,36.03958805,-87.77992872,47085.0,285.2222580992358,3.7735849056603774,51,52,2,0,50,48,18486,1,0,0,1,4
2020-07-15,US,Tennessee,Jackson,62,0,0,36.36380466,-85.67239905,47087.0,526.0478533853725,0.0,62,52,0,0,52,50,11758,10,0,0,10,2
2020-07-15,US,Tennessee,Jefferson,219,1,0,36.04818632,-83.45148924,47089.0,401.87173135150016,0.45662100456620996,218,196,1,0,195,193,54012,23,0,0,23,3
2020-07-15,US,Tennessee,Johnson,48,0,0,36.45523950000001,-81.84886538,47091.0,269.84483921745,0.0,48,49,0,0,49,49,17778,-1,0,0,-1,0
2020-07-15,US,Tennessee,Knox,1915,15,0,35.99508821,-83.94635435,47093.0,407.17564685645516,0.783289817232376,1900,1815,12,0,1803,1717,465289,100,3,0,97,98
2020-07-15,US,Tennessee,Lake,698,0,0,36.34180170000001,-89.48921915,47095.0,9948.688711516534,0.0,698,696,0,0,696,696,7411,2,0,0,2,0
2020-07-15,US,Tennessee,Lauderdale,218,4,0,35.75893438,-89.63015909999999,47097.0,850.4661959193228,1.834862385321101,214,204,4,0,200,193,25825,14,0,0,14,11
2020-07-15,US,Tennessee,Lawrence,262,6,0,35.21675201,-87.39787695,47099.0,593.5390331203843,2.2900763358778624,256,259,6,0,253,250,43734,3,0,0,3,9
2020-07-15,US,Tennessee,Lewis,13,0,0,35.52853208,-87.49022694,47101.0,105.96674274535377,0.0,13,12,0,0,12,12,12086,1,0,0,1,0
2020-07-15,US,Tennessee,Lincoln,111,0,0,35.13738622,-86.58910106,47103.0,322.9936565209801,0.0,111,106,0,0,106,95,34117,5,0,0,5,11
2020-07-15,US,Tennessee,Loudon,353,2,0,35.73939663,-84.31145275,47105.0,652.881556558408,0.56657223796034,351,334,2,0,332,331,53054,19,0,0,19,3
2020-07-15,US,Tennessee,Macon,670,7,0,36.53157855,-86.00778595,47111.0,2723.355824729697,1.044776119402985,663,652,7,0,645,646,24265,18,0,0,18,6
2020-07-15,US,Tennessee,Madison,409,2,0,35.61181957,-88.84076036,47113.0,417.4150881776617,0.4889975550122249,407,395,2,0,393,384,97605,14,0,0,14,11
2020-07-15,US,Tennessee,Marion,104,4,0,35.12997174,-85.62265895,47115.0,359.77444909537485,3.8461538461538463,100,100,4,0,96,101,28575,4,0,0,4,-1
2020-07-15,US,Tennessee,Marshall,141,2,0,35.45798777,-86.76420988,47117.0,410.1818181818182,1.4184397163120568,139,132,2,0,130,123,33683,9,0,0,9,9
2020-07-15,US,Tennessee,Maury,529,3,0,35.618741299999996,-87.07462444,47119.0,548.8291989583657,0.5671077504725898,526,513,3,0,510,499,94340,16,0,0,16,14
2020-07-15,US,Tennessee,McMinn,313,19,0,35.42812616,-84.61520715,47107.0,581.8492768710265,6.070287539936103,294,307,19,0,288,293,53285,6,0,0,6,14
2020-07-15,US,Tennessee,McNairy,138,1,0,35.17468549,-88.5647812,47109.0,537.0903712929088,0.7246376811594203,137,126,1,0,125,117,25832,12,0,0,12,9
2020-07-15,US,Tennessee,Meigs,40,0,0,35.51558739,-84.81482914,47121.0,322.00933827080985,0.0,40,40,0,0,40,40,12306,0,0,0,0,0
2020-07-15,US,Tennessee,Monroe,162,6,0,35.44550387,-84.24902965,47123.0,348.05027392845636,3.703703703703704,156,156,6,0,150,156,46357,6,0,0,6,0
2020-07-15,US,Tennessee,Montgomery,906,7,0,36.49609412,-87.38550661,47125.0,433.5073423511792,0.7726269315673289,899,850,7,0,843,824,205950,56,0,0,56,26
2020-07-15,US,Tennessee,Moore,26,0,0,35.27724699,-86.36230578,47127.0,400.7398273736128,0.0,26,23,0,0,23,23,6411,3,0,0,3,0
2020-07-15,US,Tennessee,Morgan,37,1,0,36.13248031,-84.64880098,47129.0,172.87296173433631,2.702702702702702,36,34,1,0,33,34,21579,3,0,0,3,0
2020-07-15,US,Tennessee,Obion,144,3,0,36.35732446,-89.14921589,47131.0,478.89853337324166,2.083333333333333,141,131,3,0,128,127,30267,13,0,0,13,4
2020-07-15,US,Tennessee,Out of TN,1775,10,0,0.0,0.0,80047.0,0.0,0.5633802816901409,1765,1737,11,0,1726,1660,,38,-1,0,39,77
2020-07-15,US,Tennessee,Overton,86,1,0,36.34117832,-85.28989535,47133.0,386.6732610943753,1.162790697674419,85,80,1,0,79,79,22068,6,0,0,6,1
2020-07-15,US,Tennessee,Perry,45,0,0,35.63708728,-87.86139634,47135.0,557.2065378900446,0.0,45,44,0,0,44,43,8064,1,0,0,1,1
2020-07-15,US,Tennessee,Pickett,8,0,0,36.55606529,-85.07763299999998,47137.0,158.47860538827257,0.0,8,8,0,0,8,8,5082,0,0,0,0,0
2020-07-15,US,Tennessee,Polk,61,0,0,35.12245443,-84.52075859,47139.0,362.40494296577936,0.0,61,57,0,0,57,57,16898,4,0,0,4,0
2020-07-15,US,Tennessee,Putnam,1108,7,0,36.14005459,-85.50646123,47141.0,1380.7713876253977,0.631768953068592,1101,1091,7,0,1084,1081,78843,17,0,0,17,10
2020-07-15,US,Tennessee,Rhea,362,0,0,35.60536161,-84.93076643,47143.0,1091.4463171224409,0.0,362,362,0,0,362,350,33044,0,0,0,0,12
2020-07-15,US,Tennessee,Roane,100,0,0,35.84923189,-84.52458689,47145.0,187.32906223071444,0.0,100,94,0,0,94,88,53140,6,0,0,6,6
2020-07-15,US,Tennessee,Robertson,1010,13,0,36.52454807,-86.87346725,47147.0,1406.4305905615977,1.2871287128712872,997,984,13,0,971,973,71012,26,0,0,26,11
2020-07-15,US,Tennessee,Rutherford,3944,39,0,35.84591405,-86.4107263,47149.0,1186.9329039830263,0.988843813387424,3905,3839,39,0,3800,3755,324890,105,0,0,105,84
2020-07-15,US,Tennessee,Scott,31,0,0,36.42325673,-84.50360494,47151.0,140.47489577669023,0.0,31,30,0,0,30,29,22039,1,0,0,1,1
2020-07-15,US,Tennessee,Sequatchie,54,0,0,35.36979721,-85.41022136,47153.0,359.3770797284707,0.0,54,53,0,0,53,52,14876,1,0,0,1,1
2020-07-15,US,Tennessee,Sevier,978,4,0,35.78077323,-83.52244332,47155.0,995.4198473282444,0.40899795501022496,974,942,4,0,938,924,97892,36,0,0,36,18
2020-07-15,US,Tennessee,Shelby,14891,233,0,35.1864775,-89.89692423,47157.0,1588.939419483848,1.5647035121885702,14658,14447,229,0,14218,14163,935764,444,4,0,440,284
2020-07-15,US,Tennessee,Smith,202,2,0,36.25359775,-85.95411046,47159.0,1002.133253956442,0.99009900990099,200,187,2,0,185,185,19942,15,0,0,15,2
2020-07-15,US,Tennessee,Stewart,34,0,0,36.50235092,-87.83920548,47161.0,247.90375501275972,0.0,34,32,0,0,32,27,13561,2,0,0,2,5
2020-07-15,US,Tennessee,Sullivan,290,5,0,36.51240691,-82.30412917,47163.0,183.1409301033168,1.7241379310344829,285,277,5,0,272,248,157668,13,0,0,13,29
2020-07-15,US,Tennessee,Sumner,2189,57,0,36.46824103,-86.45917204,47165.0,1144.377702148126,2.603928734582001,2132,2103,57,0,2046,2040,187149,86,0,0,86,63
2020-07-15,US,Tennessee,Tipton,740,7,0,35.501942,-89.73694895,47167.0,1201.3182032175846,0.945945945945946,733,727,7,0,720,717,61581,13,0,0,13,10
2020-07-15,US,Tennessee,Trousdale,1516,5,0,36.39026213,-86.16087954,47169.0,13434.952144629562,0.32981530343007914,1511,1513,5,0,1508,1510,11012,3,0,0,3,3
2020-07-15,US,Tennessee,Unassigned,1055,1,0,0.0,0.0,90047.0,0.0,0.0947867298578199,1054,1051,1,0,1050,1077,,4,0,0,4,-26
2020-07-15,US,Tennessee,Unicoi,61,0,0,36.10890856,-82.43709629,47171.0,341.106078398479,0.0,61,61,0,0,61,60,17761,0,0,0,0,1
2020-07-15,US,Tennessee,Union,31,0,0,36.28590426,-83.83651902,47173.0,155.21730422591628,0.0,31,29,0,0,29,28,19688,2,0,0,2,1
2020-07-15,US,Tennessee,Van Buren,14,0,0,35.69864497,-85.45221699,47175.0,238.4196185286104,0.0,14,11,0,0,11,9,5765,3,0,0,3,2
2020-07-15,US,Tennessee,Warren,183,1,0,35.672829899999996,-85.77969117,47177.0,443.3461734137657,0.5464480874316939,182,164,0,0,164,159,40878,19,1,0,18,5
2020-07-15,US,Tennessee,Washington,321,0,0,36.29472368,-82.49454720000001,47179.0,248.11594202898547,0.0,321,293,0,0,293,276,128607,28,0,0,28,17
2020-07-15,US,Tennessee,Wayne,130,0,0,35.23868267,-87.78644456,47181.0,779.7037125892161,0.0,130,126,0,0,126,123,16558,4,0,0,4,3
2020-07-15,US,Tennessee,Weakley,87,1,0,36.29896232,-88.71990865,47183.0,261.04176668266916,1.1494252873563218,86,81,1,0,80,79,33415,6,0,0,6,2
2020-07-15,US,Tennessee,White,116,3,0,35.92929884,-85.45591799,47185.0,424.20917900895967,2.586206896551724,113,94,3,0,91,93,27107,22,0,0,22,1
2020-07-15,US,Tennessee,Williamson,2119,18,0,35.89099229,-86.89281867,47187.0,888.7975437477977,0.8494572911750826,2101,1990,16,0,1974,1939,231729,129,2,0,127,51
2020-07-15,US,Tennessee,Wilson,1338,18,0,36.15496772,-86.29775884,47189.0,924.9465978141395,1.345291479820628,1320,1275,17,0,1258,1261,140625,63,1,0,62,14
2020-07-15,US,Texas,Anderson,1944,3,0,31.81534745,-95.65354823,48001.0,3367.1083398285273,0.15432098765432098,1941,1917,3,0,1914,1890,58057,27,0,0,27,27
2020-07-15,US,Texas,Andrews,174,2,0,32.30468633,-102.63765479999999,48003.0,930.2325581395347,1.1494252873563218,172,170,2,0,168,169,18128,4,0,0,4,1
2020-07-15,US,Texas,Angelina,834,12,0,31.25457347,-94.60901487,48005.0,961.771319840858,1.4388489208633093,822,834,12,0,822,743,87092,0,0,0,0,91
2020-07-15,US,Texas,Aransas,65,0,0,28.10556197,-96.9995047,48007.0,276.47809442790305,0.0,65,57,0,0,57,56,23792,8,0,0,8,1
2020-07-15,US,Texas,Archer,12,0,0,33.61569967,-98.68754589,48009.0,140.3016485443704,0.0,12,12,0,0,12,10,8786,0,0,0,0,2
2020-07-15,US,Texas,Armstrong,3,0,0,34.96507426,-101.35748740000001,48011.0,158.9825119236884,0.0,3,3,0,0,3,3,1892,0,0,0,0,0
2020-07-15,US,Texas,Atascosa,289,2,0,28.89333001,-98.52730485,48013.0,564.9717514124294,0.6920415224913494,287,275,2,0,273,275,50310,14,0,0,14,0
2020-07-15,US,Texas,Austin,141,0,0,29.88548725,-96.27736949,48015.0,469.4992008524241,0.0,141,140,0,0,140,134,29989,1,0,0,1,6
2020-07-15,US,Texas,Bailey,112,1,0,34.06854817,-102.8299707,48017.0,1600.0,0.8928571428571429,111,112,1,0,111,112,7027,0,0,0,0,0
2020-07-15,US,Texas,Bandera,46,0,0,29.74619598,-99.24598147,48019.0,199.030806507442,0.0,46,44,0,0,44,44,22824,2,0,0,2,0
2020-07-15,US,Texas,Bastrop,862,12,0,30.10370699,-97.31206354,48021.0,971.5631797842723,1.3921113689095128,850,800,11,0,789,735,86976,62,1,0,61,65
2020-07-15,US,Texas,Baylor,1,0,0,33.61640794,-99.21352901,48023.0,28.498147620404676,0.0,1,1,0,0,1,1,3582,0,0,0,0,0
2020-07-15,US,Texas,Bee,173,0,0,28.41761668,-97.74215593,48025.0,531.2452019038845,0.0,173,152,0,0,152,146,32587,21,0,0,21,6
2020-07-15,US,Texas,Bell,2396,14,0,31.03736027,-97.4785025,48027.0,660.1933187113556,0.5843071786310517,2382,2243,14,0,2229,2083,355642,153,0,0,153,160
2020-07-15,US,Texas,Bexar,21067,201,0,29.44928723,-98.52019748,48029.0,1051.4815173436805,0.9540988275501971,20866,21067,201,0,20866,20213,1986049,0,0,0,0,854
2020-07-15,US,Texas,Blanco,57,1,0,30.26640707,-98.3999852,48031.0,477.74704551169225,1.7543859649122806,56,49,1,0,48,49,11702,8,0,0,8,0
2020-07-15,US,Texas,Bosque,43,0,0,31.89978581,-97.63613524,48035.0,230.13112122023014,0.0,43,41,0,0,41,41,18691,2,0,0,2,0
2020-07-15,US,Texas,Bowie,536,16,0,33.44626922,-94.41834132,48037.0,574.8297495844281,2.985074626865672,520,533,16,0,517,517,94324,3,0,0,3,16
2020-07-15,US,Texas,Brazoria,3988,28,0,29.18757369,-95.44563172,48039.0,1065.5580018382743,0.7021063189568706,3960,3834,28,0,3806,3550,370200,154,0,0,154,284
2020-07-15,US,Texas,Brazos,3120,36,0,30.663644800000004,-96.30205577,48041.0,1361.1912168264175,1.1538461538461535,3084,3066,35,0,3031,3006,226758,54,1,0,53,60
2020-07-15,US,Texas,Brewster,159,1,0,29.81008251,-103.25203259999999,48043.0,1727.6974899489294,0.6289308176100629,158,153,1,0,152,150,9267,6,0,0,6,3
2020-07-15,US,Texas,Briscoe,9,1,0,34.53026962,-101.2084947,48045.0,582.1474773609315,11.111111111111109,8,9,1,0,8,9,1516,0,0,0,0,0
2020-07-15,US,Texas,Brooks,45,0,0,27.03103197,-98.21808402,48047.0,634.428309601015,0.0,45,41,0,0,41,41,7114,4,0,0,4,0
2020-07-15,US,Texas,Brown,240,13,0,31.77430356,-98.99907113,48049.0,633.8474540460596,5.416666666666668,227,237,13,0,224,171,37924,3,0,0,3,66
2020-07-15,US,Texas,Burleson,156,0,0,30.49273808,-96.62158484,48051.0,845.8493737461367,0.0,156,154,0,0,154,152,18389,2,0,0,2,2
2020-07-15,US,Texas,Burnet,278,4,0,30.78801353,-98.181887,48053.0,577.3024608036549,1.4388489208633093,274,256,3,0,253,239,47542,22,1,0,21,17
2020-07-15,US,Texas,Caldwell,749,5,0,29.83668859,-97.61814775,48055.0,1715.3719311102966,0.6675567423230975,744,710,5,0,705,667,43247,39,0,0,39,43
2020-07-15,US,Texas,Calhoun,177,3,0,28.47048236,-96.61633945,48057.0,831.3762329732268,1.6949152542372878,174,164,3,0,161,154,21561,13,0,0,13,10
2020-07-15,US,Texas,Callahan,28,2,0,32.29760619,-99.37326312,48059.0,200.81761457362117,7.142857142857142,26,28,2,0,26,27,13994,0,0,0,0,1
2020-07-15,US,Texas,Cameron,4590,79,0,26.14524221,-97.48140372,48061.0,1084.6884061224634,1.721132897603486,4511,4175,79,0,4096,3854,423908,415,0,0,415,321
2020-07-15,US,Texas,Camp,144,2,0,32.97195142,-94.97790104,48063.0,1099.7403390866043,1.3888888888888888,142,144,2,0,142,142,13033,0,0,0,0,2
2020-07-15,US,Texas,Carson,10,0,0,35.40365929,-101.35426690000001,48065.0,168.74789065136684,0.0,10,10,0,0,10,10,6005,0,0,0,0,0
2020-07-15,US,Texas,Cass,72,3,0,33.07499881,-94.34646905,48067.0,239.79218011057083,4.166666666666667,69,70,3,0,67,62,30119,2,0,0,2,8
2020-07-15,US,Texas,Castro,130,1,0,34.53016752,-102.2617243,48069.0,1726.4276228419656,0.7692307692307693,129,121,1,0,120,120,7665,9,0,0,9,1
2020-07-15,US,Texas,Chambers,618,5,0,29.70972016,-94.67154501,48071.0,1409.7680041973676,0.8090614886731392,613,590,2,0,588,590,42454,28,3,0,25,0
2020-07-15,US,Texas,Cherokee,417,2,0,31.837258000000002,-95.16559897,48073.0,792.0829692664211,0.4796163069544365,415,364,2,0,362,364,52592,53,0,0,53,0
2020-07-15,US,Texas,Childress,7,0,0,34.529304100000004,-100.2077916,48075.0,95.81166164796059,0.0,7,7,0,0,7,7,7291,0,0,0,0,0
2020-07-15,US,Texas,Clay,19,0,0,33.78686685,-98.20771198,48077.0,181.45353834399768,0.0,19,19,0,0,19,16,10456,0,0,0,0,3
2020-07-15,US,Texas,Cochran,8,0,0,33.60425307,-102.82844990000001,48079.0,280.4065895548545,0.0,8,6,0,0,6,6,2836,2,0,0,2,0
2020-07-15,US,Texas,Coke,5,1,0,31.88911733,-100.5297533,48081.0,147.62326542663124,20.0,4,5,1,0,4,6,3370,0,0,0,0,-1
2020-07-15,US,Texas,Coleman,5,0,0,31.76736834,-99.45240766,48083.0,61.162079510703364,0.0,5,5,0,0,5,5,8397,0,0,0,0,0
2020-07-15,US,Texas,Collin,4800,61,0,33.18820114,-96.57264368,48085.0,463.88913049781104,1.2708333333333333,4739,4685,58,0,4627,4533,1005146,115,3,0,112,152
2020-07-15,US,Texas,Collingsworth,6,0,0,34.96489496,-100.27001109999999,48087.0,205.4794520547945,0.0,6,6,0,0,6,6,2962,0,0,0,0,0
2020-07-15,US,Texas,Colorado,182,0,0,29.622097999999998,-96.5273805,48089.0,846.7873261061743,0.0,182,179,0,0,179,170,21217,3,0,0,3,9
2020-07-15,US,Texas,Comal,1077,30,0,29.80811278,-98.27647225,48091.0,689.4609145439763,2.7855153203342615,1047,1017,29,0,988,977,148373,60,1,0,59,40
2020-07-15,US,Texas,Comanche,134,2,0,31.94854689,-98.55876441,48093.0,982.7649431609829,1.492537313432836,132,128,2,0,126,102,13534,6,0,0,6,26
2020-07-15,US,Texas,Concho,15,0,0,31.32635934,-99.86473038,48095.0,550.2567865003668,0.0,15,15,0,0,15,15,4276,0,0,0,0,0
2020-07-15,US,Texas,Cooke,100,0,0,33.63979567,-97.21240912,48097.0,242.38311074484332,0.0,100,98,0,0,98,87,40574,2,0,0,2,11
2020-07-15,US,Texas,Coryell,418,3,0,31.39078397,-97.79936155,48099.0,550.3548340377348,0.7177033492822966,415,416,3,0,413,404,74808,2,0,0,2,12
2020-07-15,US,Texas,Cottle,4,1,0,34.07783319,-100.27850620000001,48101.0,286.12303290414883,25.0,3,4,1,0,3,4,1389,0,0,0,0,0
2020-07-15,US,Texas,Crane,64,10,0,31.43052248,-102.5143314,48103.0,1334.1671878257246,15.625,54,64,9,0,55,64,4794,0,1,0,-1,0
2020-07-15,US,Texas,Crockett,41,1,0,30.72367027,-101.4134238,48105.0,1183.6027713625865,2.4390243902439024,40,41,1,0,40,38,3499,0,0,0,0,3
2020-07-15,US,Texas,Crosby,35,2,0,33.61431553,-101.30003640000001,48107.0,610.0749520655395,5.7142857142857135,33,35,2,0,33,35,5779,0,0,0,0,0
2020-07-15,US,Texas,Culberson,7,1,0,31.44506775,-104.5185739,48109.0,322.4320589590052,14.285714285714285,6,7,1,0,6,6,2204,0,0,0,0,1
2020-07-15,US,Texas,Dallam,129,1,0,36.27787176,-102.60207249999999,48111.0,1770.2758336764102,0.7751937984496124,128,126,1,0,125,116,7200,3,0,0,3,10
2020-07-15,US,Texas,Dallas,35914,477,0,32.76670599,-96.77796049999999,48113.0,1362.6933018050356,1.3281728573815226,35437,35914,477,0,35437,34914,2637772,0,0,0,0,1000
2020-07-15,US,Texas,Dawson,94,1,0,32.74255572,-101.94772420000001,48115.0,738.5292269013199,1.0638297872340423,93,92,1,0,91,83,12619,2,0,0,2,9
2020-07-15,US,Texas,DeWitt,188,3,0,29.08101855,-97.35681170000001,48123.0,932.5396825396823,1.5957446808510638,185,188,3,0,185,159,20187,0,0,0,0,29
2020-07-15,US,Texas,Deaf Smith,424,17,0,34.96522957,-102.6054267,48117.0,2286.207268413675,4.0094339622641515,407,410,17,0,393,409,18760,14,0,0,14,1
2020-07-15,US,Texas,Delta,9,0,0,33.38570922,-95.66921122,48119.0,168.82386043894203,0.0,9,9,0,0,9,8,5349,0,0,0,0,1
2020-07-15,US,Texas,Denton,4316,41,0,33.20521901,-97.11691153,48121.0,486.4704629246613,0.9499536607970342,4275,4162,40,0,4122,4049,859064,154,1,0,153,113
2020-07-15,US,Texas,Dickens,2,0,0,33.61616822,-100.7788855,48125.0,90.45680687471732,0.0,2,2,0,0,2,2,2249,0,0,0,0,0
2020-07-15,US,Texas,Dimmit,39,0,0,28.42270064,-99.75645095,48127.0,385.22323192414063,0.0,39,38,0,0,38,38,10308,1,0,0,1,0
2020-07-15,US,Texas,Donley,33,0,0,34.96517499,-100.8140093,48129.0,1006.7114093959732,0.0,33,33,0,0,33,32,3319,0,0,0,0,1
2020-07-15,US,Texas,Duval,89,0,0,27.68184592,-98.50864568,48131.0,797.7054763825403,0.0,89,89,0,0,89,83,11212,0,0,0,0,6
2020-07-15,US,Texas,Eastland,20,0,0,32.32743996,-98.83243566,48133.0,108.93246187363836,0.0,20,20,0,0,20,20,18322,0,0,0,0,0
2020-07-15,US,Texas,Ector,1370,19,0,31.86898877,-102.54294279999999,48135.0,824.1940044398187,1.3868613138686132,1351,1370,19,0,1351,1235,162124,0,0,0,0,135
2020-07-15,US,Texas,Edwards,10,0,0,29.98202582,-100.304252,48137.0,517.5983436853002,0.0,10,10,0,0,10,10,1928,0,0,0,0,0
2020-07-15,US,Texas,El Paso,10298,159,0,31.76980765,-106.23632749999999,48141.0,1227.0655046601798,1.5439891241017674,10139,9953,152,0,9801,9716,840758,345,7,0,338,237
2020-07-15,US,Texas,Ellis,1811,21,0,32.34894117,-96.79371841,48139.0,979.840498631145,1.1595803423522917,1790,1729,21,0,1708,1510,179436,82,0,0,82,219
2020-07-15,US,Texas,Erath,303,1,0,32.23602653,-98.21773417,48143.0,709.6351117148345,0.33003300330033003,302,288,1,0,287,272,42446,15,0,0,15,16
2020-07-15,US,Texas,Falls,57,0,0,31.25350609,-96.93630086,48145.0,329.53691391570794,0.0,57,57,0,0,57,56,17335,0,0,0,0,1
2020-07-15,US,Texas,Fannin,150,8,0,33.59564294,-96.10751083,48147.0,422.3686433519176,5.333333333333333,142,145,8,0,137,137,35286,5,0,0,5,8
2020-07-15,US,Texas,Fayette,179,4,0,29.87788372,-96.92076062,48149.0,706.2258344511955,2.23463687150838,175,174,4,0,170,158,25349,5,0,0,5,16
2020-07-15,US,Texas,Fisher,16,1,0,32.74281316,-100.40193020000001,48151.0,417.75456919060053,6.25,15,14,1,0,13,13,3839,2,0,0,2,1
2020-07-15,US,Texas,Floyd,61,2,0,34.07227468,-101.3031546,48153.0,1067.9271708683473,3.278688524590164,59,53,2,0,51,52,5837,8,0,0,8,1
2020-07-15,US,Texas,Foard,1,0,0,33.97308618,-99.7767797,48155.0,86.5800865800866,0.0,1,1,0,0,1,1,1200,0,0,0,0,0
2020-07-15,US,Texas,Fort Bend,5211,65,0,29.52704478,-95.77219463,48157.0,641.9954465262515,1.247361350988294,5146,5015,63,0,4952,4799,787858,196,2,0,194,216
2020-07-15,US,Texas,Franklin,61,1,0,33.17653242,-95.21917243,48159.0,568.7645687645688,1.639344262295082,60,61,1,0,60,58,10766,0,0,0,0,3
2020-07-15,US,Texas,Freestone,83,0,0,31.70422788,-96.15072516,48161.0,420.956534969823,0.0,83,77,0,0,77,73,19808,6,0,0,6,4
2020-07-15,US,Texas,Frio,341,0,0,28.86751206,-99.10804207,48163.0,1679.3066088840735,0.0,341,336,0,0,336,336,19816,5,0,0,5,0
2020-07-15,US,Texas,Gaines,46,0,0,32.74055318,-102.6353295,48165.0,214.03312860599289,0.0,46,45,0,0,45,43,20901,1,0,0,1,2
2020-07-15,US,Texas,Galveston,6307,58,0,29.40167322,-94.90469073,48167.0,1843.4028275057801,0.9196131282701759,6249,6201,54,0,6147,5873,337890,106,4,0,102,328
2020-07-15,US,Texas,Garza,39,1,0,33.17969345,-101.2984114,48169.0,626.103708460427,2.5641025641025643,38,22,1,0,21,21,6578,17,0,0,17,1
2020-07-15,US,Texas,Gillespie,70,0,0,30.31824095,-98.94676915,48171.0,259.37453683118423,0.0,70,65,0,0,65,65,26804,5,0,0,5,0
2020-07-15,US,Texas,Glasscock,6,0,0,31.86942909,-101.5207776,48173.0,425.83392476934,0.0,6,6,0,0,6,6,1388,0,0,0,0,0
2020-07-15,US,Texas,Goliad,33,0,0,28.65696592,-97.42760647,48175.0,430.9219117262993,0.0,33,33,0,0,33,33,7584,0,0,0,0,0
2020-07-15,US,Texas,Gonzales,355,4,0,29.45634206,-97.49424032,48177.0,1703.7001487738155,1.1267605633802815,351,348,4,0,344,348,20826,7,0,0,7,0
2020-07-15,US,Texas,Gray,135,4,0,35.40081878,-100.8129222,48179.0,616.8326784245636,2.962962962962963,131,133,4,0,129,133,21895,2,0,0,2,0
2020-07-15,US,Texas,Grayson,771,7,0,33.62744998,-96.67753461,48181.0,566.0294247202893,0.9079118028534372,764,754,7,0,747,743,133991,17,0,0,17,11
2020-07-15,US,Texas,Gregg,889,15,0,32.47940482,-94.81591935,48183.0,717.2536205575052,1.687289088863892,874,837,15,0,822,762,123707,52,0,0,52,75
2020-07-15,US,Texas,Grimes,691,2,0,30.54579585,-95.98902499,48185.0,2392.659279778393,0.2894356005788712,689,658,2,0,656,647,28360,33,0,0,33,11
2020-07-15,US,Texas,Guadalupe,1115,3,0,29.58165339,-97.94786822,48187.0,668.276924367834,0.2690582959641256,1112,1044,3,0,1041,1044,163694,71,0,0,71,0
2020-07-15,US,Texas,Hale,808,17,0,34.07044901,-101.82681140000001,48189.0,2418.727174759025,2.103960396039604,791,776,11,0,765,763,33830,32,6,0,26,13
2020-07-15,US,Texas,Hall,2,1,0,34.5307555,-100.68138520000001,48191.0,67.47638326585695,50.0,1,2,1,0,1,2,3028,0,0,0,0,0
2020-07-15,US,Texas,Hamilton,39,1,0,31.70470573,-98.11083887,48193.0,460.9384233542135,2.5641025641025643,38,34,1,0,33,32,8484,5,0,0,5,2
2020-07-15,US,Texas,Hansford,40,2,0,36.27743284,-101.3545796,48195.0,740.8779403593257,5.0,38,38,2,0,36,35,5463,2,0,0,2,3
2020-07-15,US,Texas,Hardeman,6,0,0,34.28944521,-99.74632408,48197.0,152.55530129672007,0.0,6,6,0,0,6,5,3922,0,0,0,0,1
2020-07-15,US,Texas,Hardin,488,5,0,30.33364686,-94.38931817,48199.0,847.1928058053537,1.024590163934426,483,404,5,0,399,404,57207,84,0,0,84,0
2020-07-15,US,Texas,Harris,50362,491,0,29.86,-95.39,48201.0,1068.5025963624403,0.9749414240895914,49871,49027,473,0,48554,47369,4698619,1335,18,0,1317,1658
2020-07-15,US,Texas,Harrison,458,31,0,32.54935988,-94.36934071,48203.0,688.1733355370908,6.7685589519650655,427,451,31,0,420,429,66726,7,0,0,7,22
2020-07-15,US,Texas,Hartley,61,2,0,35.84008013,-102.6029022,48205.0,1093.974175035868,3.278688524590164,59,59,2,0,57,55,5619,2,0,0,2,4
2020-07-15,US,Texas,Haskell,17,0,0,33.17823584,-99.73037358,48207.0,300.4595263343938,0.0,17,8,0,0,8,6,5813,9,0,0,9,2
2020-07-15,US,Texas,Hays,3769,14,0,30.05669873,-98.02944344,48209.0,1637.335951449014,0.371451313345715,3755,3643,11,0,3632,3555,222631,126,3,0,123,88
2020-07-15,US,Texas,Hemphill,22,0,0,35.83764858,-100.2703577,48211.0,576.0670332547787,0.0,22,22,0,0,22,20,3825,0,0,0,0,2
2020-07-15,US,Texas,Henderson,335,5,0,32.21128872,-95.85846587,48213.0,404.8974461244667,1.492537313432836,330,319,5,0,314,256,82299,16,0,0,16,63
2020-07-15,US,Texas,Hidalgo,8593,183,0,26.39418217,-98.18299696,48215.0,989.1712625776007,2.1296404049807984,8410,8040,150,0,7890,8040,865939,553,33,0,520,0
2020-07-15,US,Texas,Hill,177,2,0,31.99045053,-97.13423143,48217.0,482.9599716226909,1.1299435028248588,175,154,2,0,152,145,36354,23,0,0,23,9
2020-07-15,US,Texas,Hockley,111,2,0,33.60771256,-102.3431676,48219.0,482.16845488901436,1.8018018018018016,109,109,1,0,108,108,22980,2,1,0,1,1
2020-07-15,US,Texas,Hood,218,5,0,32.42990927,-97.83242024,48221.0,353.64923835634215,2.2935779816513757,213,216,5,0,211,185,60537,2,0,0,2,31
2020-07-15,US,Texas,Hopkins,99,1,0,33.14875072,-95.56351139,48223.0,266.96149282709524,1.0101010101010102,98,88,1,0,87,86,36810,11,0,0,11,2
2020-07-15,US,Texas,Houston,192,0,0,31.31925973,-95.42226208,48225.0,835.9456635318704,0.0,192,188,0,0,188,187,23169,4,0,0,4,1
2020-07-15,US,Texas,Howard,76,1,0,32.30621324,-101.4356444,48227.0,207.28780274929085,1.3157894736842106,75,71,1,0,70,67,36459,5,0,0,5,4
2020-07-15,US,Texas,Hudspeth,18,0,0,31.45628381,-105.388178,48229.0,368.3995088006549,0.0,18,18,0,0,18,17,4795,0,0,0,0,1
2020-07-15,US,Texas,Hunt,768,8,0,33.12351514,-96.08551032,48231.0,778.9520660486438,1.0416666666666667,760,720,8,0,712,720,96493,48,0,0,48,0
2020-07-15,US,Texas,Hutchinson,84,0,0,35.84006574,-101.3546643,48233.0,401.18444932658326,0.0,84,81,0,0,81,73,21198,3,0,0,3,8
2020-07-15,US,Texas,Irion,3,0,0,31.30375559,-100.982439,48235.0,195.3125,0.0,3,3,0,0,3,3,1522,0,0,0,0,0
2020-07-15,US,Texas,Jack,13,0,0,33.23377248,-98.17283469,48237.0,145.49524342473418,0.0,13,13,0,0,13,12,8843,0,0,0,0,1
2020-07-15,US,Texas,Jackson,97,1,0,28.95472367,-96.57749563,48239.0,657.1815718157181,1.0309278350515465,96,90,1,0,89,89,14874,7,0,0,7,1
2020-07-15,US,Texas,Jasper,88,1,0,30.74685667,-94.02667579,48241.0,247.68498972670213,1.1363636363636365,87,80,1,0,79,71,35872,8,0,0,8,9
2020-07-15,US,Texas,Jeff Davis,6,0,0,30.71490589,-104.1399973,48243.0,263.8522427440633,0.0,6,5,0,0,5,5,2252,1,0,0,1,0
2020-07-15,US,Texas,Jefferson,3868,43,0,29.8832777,-94.16434171,48245.0,1537.5747818655218,1.1116856256463288,3825,3665,42,0,3623,3548,255001,203,1,0,202,117
2020-07-15,US,Texas,Jim Hogg,41,0,0,27.04453923,-98.69681870000001,48247.0,788.4615384615387,0.0,41,34,0,0,34,34,5248,7,0,0,7,0
2020-07-15,US,Texas,Jim Wells,350,0,0,27.73103938,-98.0904705,48249.0,864.5817894372807,0.0,350,318,0,0,318,276,40822,32,0,0,32,42
2020-07-15,US,Texas,Johnson,932,4,0,32.37877812,-97.36615819,48251.0,530.0966345688984,0.4291845493562232,928,885,4,0,881,788,171361,47,0,0,47,97
2020-07-15,US,Texas,Jones,609,0,0,32.73997145,-99.87861576,48253.0,3032.4154757755323,0.0,609,607,0,0,607,604,19817,2,0,0,2,3
2020-07-15,US,Texas,Karnes,90,0,0,28.90705334,-97.85960149,48255.0,576.8860970450613,0.0,90,86,0,0,86,81,15650,4,0,0,4,5
2020-07-15,US,Texas,Kaufman,1109,5,0,32.599141700000004,-96.28734728,48257.0,814.5188536510127,0.4508566275924256,1104,1061,5,0,1056,971,128622,48,0,0,48,90
2020-07-15,US,Texas,Kendall,106,0,0,29.94414155,-98.7113588,48259.0,223.48253252092513,0.0,106,106,0,0,106,106,45641,0,0,0,0,0
2020-07-15,US,Texas,Kenedy,3,0,0,26.92601662,-97.66413984,48261.0,742.5742574257425,0.0,3,3,0,0,3,3,442,0,0,0,0,0
2020-07-15,US,Texas,Kent,1,0,0,33.18104136,-100.7780939,48263.0,131.23359580052494,0.0,1,1,0,0,1,,726,0,0,0,0,
2020-07-15,US,Texas,Kerr,193,1,0,30.06040006,-99.34930144,48265.0,366.9201520912548,0.5181347150259067,192,190,1,0,189,190,52405,3,0,0,3,0
2020-07-15,US,Texas,Kimble,9,0,0,30.48678918,-99.74856473,48267.0,207.51671662439475,0.0,9,9,0,0,9,9,4362,0,0,0,0,0
2020-07-15,US,Texas,Kinney,3,0,0,29.34967888,-100.41866379999999,48271.0,81.81074447777475,0.0,3,3,0,0,3,3,3767,0,0,0,0,0
2020-07-15,US,Texas,Kleberg,197,1,0,27.42435506,-97.69894948,48273.0,642.1121251629727,0.5076142131979695,196,186,1,0,185,177,31129,11,0,0,11,9
2020-07-15,US,Texas,Knox,11,0,0,33.60519951,-99.74229059999999,48275.0,300.2183406113537,0.0,11,10,0,0,10,6,3653,1,0,0,1,4
2020-07-15,US,Texas,La Salle,87,0,0,28.34453111,-99.09908775,48283.0,1156.914893617021,0.0,87,87,0,0,87,76,7531,0,0,0,0,11
2020-07-15,US,Texas,Lamar,418,14,0,33.66981763,-95.57404777,48277.0,838.3641870073607,3.3492822966507183,404,418,14,0,404,410,49728,0,0,0,0,8
2020-07-15,US,Texas,Lamb,92,0,0,34.06859623,-102.35162890000001,48279.0,713.5655006592725,0.0,92,89,0,0,89,75,13158,3,0,0,3,14
2020-07-15,US,Texas,Lampasas,44,0,0,31.19531316,-98.24206613,48281.0,205.3388090349076,0.0,44,40,0,0,40,39,21229,4,0,0,4,1
2020-07-15,US,Texas,Lavaca,351,1,0,29.38508402,-96.93186692,48285.0,1741.5897588568023,0.2849002849002849,350,340,1,0,339,337,20110,11,0,0,11,3
2020-07-15,US,Texas,Lee,103,3,0,30.31120597,-96.97045773,48287.0,597.4824525784559,2.9126213592233015,100,98,3,0,95,98,17144,5,0,0,5,0
2020-07-15,US,Texas,Leon,104,0,0,31.29872538,-95.9936328,48289.0,597.5637784417376,0.0,104,98,0,0,98,98,17270,6,0,0,6,0
2020-07-15,US,Texas,Liberty,577,3,0,30.15152688,-94.81205615,48291.0,654.0541153266303,0.5199306759098787,574,550,3,0,547,532,86323,27,0,0,27,18
2020-07-15,US,Texas,Limestone,110,1,0,31.5454767,-96.58095444,48293.0,469.3433459913812,0.9090909090909092,109,107,1,0,106,103,23519,3,0,0,3,4
2020-07-15,US,Texas,Lipscomb,12,0,0,36.27783108,-100.27331509999999,48295.0,371.17228580266,0.0,12,12,0,0,12,11,3355,0,0,0,0,1
2020-07-15,US,Texas,Live Oak,85,0,0,28.35101362,-98.1246786,48297.0,696.3217825837635,0.0,85,69,0,0,69,69,12166,16,0,0,16,0
2020-07-15,US,Texas,Llano,53,0,0,30.70645047,-98.68475262,48299.0,243.17504014682262,0.0,53,48,0,0,48,47,21646,5,0,0,5,1
2020-07-15,US,Texas,Lubbock,3823,63,0,33.61008596,-101.82047890000001,48303.0,1230.9663875016502,1.6479204812974104,3760,3823,63,0,3760,3748,307412,0,0,0,0,75
2020-07-15,US,Texas,Lynn,55,2,0,33.17657705,-101.8162849,48305.0,924.2144177449167,3.636363636363636,53,53,2,0,51,53,5877,2,0,0,2,0
2020-07-15,US,Texas,Madison,158,0,0,30.96694679,-95.93003775,48313.0,1106.1327359283114,0.0,158,137,0,0,137,130,14422,21,0,0,21,7
2020-07-15,US,Texas,Marion,64,2,0,32.79868409,-94.35661230000001,48315.0,649.4824436776944,3.125,62,64,2,0,62,58,9928,0,0,0,0,6
2020-07-15,US,Texas,Martin,28,1,0,32.30600051,-101.9513518,48317.0,485.1845434066886,3.571428571428572,27,26,1,0,25,25,5753,2,0,0,2,1
2020-07-15,US,Texas,Mason,36,0,0,30.71780434,-99.22629416,48319.0,842.3022929340196,0.0,36,36,0,0,36,35,4280,0,0,0,0,1
2020-07-15,US,Texas,Matagorda,392,5,0,28.81955746,-96.01230294,48321.0,1069.7814043609967,1.2755102040816326,387,382,5,0,377,372,36552,10,0,0,10,10
2020-07-15,US,Texas,Maverick,874,12,0,28.7429195,-100.3157686,48323.0,1488.368924764143,1.3729977116704806,862,776,7,0,769,776,58485,98,5,0,93,0
2020-07-15,US,Texas,McCulloch,25,0,0,31.1925468,-99.34682807,48307.0,313.1262525050101,0.0,25,25,0,0,25,23,7987,0,0,0,0,2
2020-07-15,US,Texas,McLennan,2920,18,0,31.55255453,-97.20217694,48309.0,1137.855920942394,0.6164383561643836,2902,2744,19,0,2725,2557,254607,176,-1,0,177,187
2020-07-15,US,Texas,McMullen,1,0,0,28.35251708,-98.56769164,48311.0,134.5895020188425,0.0,1,1,0,0,1,,749,0,0,0,0,
2020-07-15,US,Texas,Medina,419,3,0,29.355730100000002,-99.11030298,48325.0,812.2673697270471,0.7159904534606205,416,360,3,0,357,343,50921,59,0,0,59,17
2020-07-15,US,Texas,Menard,14,0,0,30.88990665,-99.82047940000001,48327.0,654.8175865294668,0.0,14,14,0,0,14,14,2139,0,0,0,0,0
2020-07-15,US,Texas,Midland,1266,22,0,31.86904128,-102.03156820000001,48329.0,715.9337676438654,1.7377567140600316,1244,1194,21,0,1173,1104,172578,72,1,0,71,90
2020-07-15,US,Texas,Milam,187,1,0,30.78581830000001,-96.97718698,48331.0,753.3336019014622,0.5347593582887701,186,149,1,0,148,149,25131,38,0,0,38,0
2020-07-15,US,Texas,Mills,7,0,0,31.49557106,-98.59272068,48333.0,143.64867638005336,0.0,7,7,0,0,7,7,4921,0,0,0,0,0
2020-07-15,US,Texas,Mitchell,27,0,0,32.30623474,-100.9212058,48335.0,315.9742539496782,0.0,27,26,0,0,26,25,8145,1,0,0,1,1
2020-07-15,US,Texas,Montague,32,1,0,33.67521893,-97.72500958,48337.0,161.4693712786356,3.125,31,27,1,0,26,26,19596,5,0,0,5,1
2020-07-15,US,Texas,Montgomery,4324,45,0,30.30079133,-95.50572772,48339.0,711.8972786886867,1.0407030527289547,4279,3471,44,0,3427,3112,590925,853,1,0,852,359
2020-07-15,US,Texas,Moore,921,15,0,35.83769242,-101.8930281,48341.0,4398.280802292264,1.6286644951140066,906,921,15,0,906,916,21485,0,0,0,0,5
2020-07-15,US,Texas,Morris,54,0,0,33.11304005,-94.73255695,48343.0,435.90571520826614,0.0,54,54,0,0,54,51,12339,0,0,0,0,3
2020-07-15,US,Texas,Motley,2,0,0,34.07408766,-100.77972199999999,48345.0,166.66666666666666,0.0,2,2,0,0,2,2,1234,0,0,0,0,0
2020-07-15,US,Texas,Nacogdoches,633,33,0,31.62017125,-94.61803994,48347.0,970.7993374639592,5.213270142180095,600,611,33,0,578,593,65711,22,0,0,22,18
2020-07-15,US,Texas,Navarro,486,7,0,32.04620681,-96.47428766,48349.0,969.8082333925328,1.4403292181069958,479,470,7,0,463,446,49565,16,0,0,16,24
2020-07-15,US,Texas,Newton,26,0,0,30.78548982,-93.74408813,48351.0,191.2467819051122,0.0,26,21,0,0,21,12,13746,5,0,0,5,9
2020-07-15,US,Texas,Nolan,71,0,0,32.30365282,-100.4060208,48353.0,482.5336414299308,0.0,71,70,0,0,70,67,14751,1,0,0,1,3
2020-07-15,US,Texas,Nueces,7532,70,0,27.736286,-97.5433285,48355.0,2078.9745344940848,0.929368029739777,7462,6427,58,0,6369,6427,362265,1105,12,0,1093,0
2020-07-15,US,Texas,Ochiltree,62,2,0,36.27829105,-100.8158184,48357.0,630.3375355835708,3.2258064516129035,60,62,2,0,60,63,9947,0,0,0,0,-1
2020-07-15,US,Texas,Oldham,4,1,0,35.40425596,-102.6027606,48359.0,189.3939393939394,25.0,3,4,1,0,3,4,2131,0,0,0,0,0
2020-07-15,US,Texas,Orange,498,5,0,30.11879481,-93.89412775,48361.0,597.1509424912466,1.0040160642570282,493,498,5,0,493,498,83572,0,0,0,0,0
2020-07-15,US,Texas,Palo Pinto,79,2,0,32.75310985,-98.31319001,48363.0,270.64990236047834,2.5316455696202533,77,76,2,0,74,61,28875,3,0,0,3,15
2020-07-15,US,Texas,Panola,234,24,0,32.163959600000005,-94.30552481,48365.0,1008.881607312236,10.256410256410255,210,234,24,0,210,231,23148,0,0,0,0,3
2020-07-15,US,Texas,Parker,665,1,0,32.77757172,-97.80500621,48367.0,465.4320469211496,0.15037593984962405,664,615,1,0,614,556,138371,50,0,0,50,59
2020-07-15,US,Texas,Parmer,236,8,0,34.52993409,-102.78446679999999,48369.0,2457.0536179073397,3.3898305084745757,228,236,8,0,228,236,9864,0,0,0,0,0
2020-07-15,US,Texas,Pecos,151,1,0,30.78097267,-102.72412609999999,48371.0,954.3070214245088,0.6622516556291391,150,148,1,0,147,139,15673,3,0,0,3,9
2020-07-15,US,Texas,Polk,380,0,0,30.79472531,-94.82766240000001,48373.0,739.9762428679921,0.0,380,380,0,0,380,321,50031,0,0,0,0,59
2020-07-15,US,Texas,Potter,3081,39,0,35.40133773,-101.893964,48375.0,2624.025891070136,1.2658227848101269,3042,3056,39,0,3017,3048,119648,25,0,0,25,8
2020-07-15,US,Texas,Presidio,28,0,0,29.99954402,-104.24080790000001,48377.0,417.6610978520287,0.0,28,27,0,0,27,26,6948,1,0,0,1,1
2020-07-15,US,Texas,Rains,21,1,0,32.87109387,-95.79232691,48379.0,167.81205050343615,4.761904761904762,20,19,0,0,19,16,12159,2,1,0,1,3
2020-07-15,US,Texas,Randall,1133,7,0,34.96585996,-101.8971322,48381.0,822.7255233710687,0.617828773168579,1126,1105,7,0,1098,1045,136271,28,0,0,28,60
2020-07-15,US,Texas,Reagan,39,0,0,31.36607041,-101.52326590000001,48383.0,1013.2501948558067,0.0,39,39,0,0,39,37,3741,0,0,0,0,2
2020-07-15,US,Texas,Real,6,0,0,29.83321503,-99.82018052,48385.0,173.81228273464657,0.0,6,6,0,0,6,6,3478,0,0,0,0,0
2020-07-15,US,Texas,Red River,123,12,0,33.61886692,-95.04841765,48387.0,1023.0391749147467,9.75609756097561,111,123,12,0,111,123,12175,0,0,0,0,0
2020-07-15,US,Texas,Reeves,82,2,0,31.32323325,-103.69038959999999,48389.0,513.269904857286,2.4390243902439024,80,83,1,0,82,78,15695,-1,1,0,-2,5
2020-07-15,US,Texas,Refugio,56,0,0,28.323897600000002,-97.15766311,48391.0,805.9873344847438,0.0,56,51,0,0,51,51,7032,5,0,0,5,0
2020-07-15,US,Texas,Roberts,6,0,0,35.83809685,-100.813175,48393.0,702.5761124121782,0.0,6,6,0,0,6,6,903,0,0,0,0,0
2020-07-15,US,Texas,Robertson,124,0,0,31.02539637,-96.51272246,48395.0,726.2504392643785,0.0,124,115,0,0,115,115,17284,9,0,0,9,0
2020-07-15,US,Texas,Rockwall,505,17,0,32.89779518,-96.40771592,48397.0,481.34203879330886,3.366336633663366,488,491,17,0,474,433,100657,14,0,0,14,58
2020-07-15,US,Texas,Runnels,28,0,0,31.8314342,-99.97616148,48399.0,272.7981293842557,0.0,28,25,0,0,25,24,10234,3,0,0,3,1
2020-07-15,US,Texas,Rusk,263,3,0,32.10773545,-94.76176432,48401.0,483.4025658934676,1.1406844106463878,260,264,3,0,261,266,54450,-1,0,0,-1,-2
2020-07-15,US,Texas,Sabine,34,1,0,31.34318809,-93.85440451,48403.0,322.51944602542216,2.9411764705882355,33,34,1,0,33,33,10589,0,0,0,0,1
2020-07-15,US,Texas,San Augustine,130,12,0,31.39457611,-94.17000399,48405.0,1578.2445064950832,9.23076923076923,118,130,12,0,118,126,8232,0,0,0,0,4
2020-07-15,US,Texas,San Jacinto,109,2,0,30.57933681,-95.16260304,48407.0,377.6984649502755,1.834862385321101,107,104,2,0,102,100,28719,5,0,0,5,4
2020-07-15,US,Texas,San Patricio,352,0,0,28.00880118,-97.51763891,48409.0,527.4988760677356,0.0,352,339,0,0,339,310,66893,13,0,0,13,29
2020-07-15,US,Texas,San Saba,9,0,0,31.1577796,-98.81758731,48411.0,148.63748967795212,0.0,9,10,0,0,10,10,6054,-1,0,0,-1,0
2020-07-15,US,Texas,Schleicher,25,1,0,30.89740592,-100.5384842,48413.0,895.0948800572861,4.0,24,25,1,0,24,24,2895,0,0,0,0,1
2020-07-15,US,Texas,Scurry,350,1,0,32.74613808,-100.91626640000001,48415.0,2095.431958330839,0.2857142857142857,349,350,1,0,349,321,16866,0,0,0,0,29
2020-07-15,US,Texas,Shackelford,9,0,0,32.73587756,-99.35401337,48417.0,275.65084226646246,0.0,9,9,0,0,9,8,3253,0,0,0,0,1
2020-07-15,US,Texas,Shelby,312,14,0,31.79211404,-94.14550696,48419.0,1234.4702065363615,4.487179487179487,298,303,14,0,289,303,25418,9,0,0,9,0
2020-07-15,US,Texas,Sherman,33,0,0,36.27751473,-101.8933156,48421.0,1091.9920582395764,0.0,33,33,0,0,33,32,3079,0,0,0,0,1
2020-07-15,US,Texas,Smith,1499,7,0,32.37474036,-95.27175679999999,48423.0,644.0359010272781,0.466977985323549,1492,1441,7,0,1434,1299,230221,58,0,0,58,142
2020-07-15,US,Texas,Somervell,30,0,0,32.22236802,-97.77403489,48425.0,328.6590709903593,0.0,30,30,0,0,30,25,9016,0,0,0,0,5
2020-07-15,US,Texas,Starr,1215,9,0,26.56150059,-98.73892358,48427.0,1879.8446613958813,0.7407407407407407,1206,1017,8,0,1009,1005,64525,198,1,0,197,12
2020-07-15,US,Texas,Stephens,17,0,0,32.73553157,-98.83631615,48429.0,181.50758061071963,0.0,17,16,0,0,16,15,9433,1,0,0,1,1
2020-07-15,US,Texas,Sterling,1,0,0,31.82781912,-101.05007459999999,48431.0,77.45933384972889,0.0,1,1,0,0,1,1,1311,0,0,0,0,0
2020-07-15,US,Texas,Sutton,26,0,0,30.49856623,-100.5382014,48435.0,688.5593220338983,0.0,26,25,0,0,25,21,3758,1,0,0,1,4
2020-07-15,US,Texas,Swisher,60,1,0,34.53028891,-101.73491740000001,48437.0,811.13965120995,1.6666666666666667,59,58,1,0,57,53,7462,2,0,0,2,5
2020-07-15,US,Texas,Tarrant,19014,272,0,32.77143818,-97.29101614,48439.0,904.3455100201428,1.4305248764068583,18742,18483,272,0,18211,18161,2084931,531,0,0,531,322
2020-07-15,US,Texas,Taylor,815,10,0,32.30163422,-99.89007449,48441.0,590.4342408392134,1.2269938650306749,805,794,9,0,785,1174,137640,21,1,0,20,-380
2020-07-15,US,Texas,Terrell,2,0,0,30.22429013,-102.0766732,48443.0,257.73195876288656,0.0,2,2,0,0,2,2,823,0,0,0,0,0
2020-07-15,US,Texas,Terry,59,0,0,33.17402785,-102.3354521,48445.0,478.2362000486342,0.0,59,56,0,0,56,48,12287,3,0,0,3,8
2020-07-15,US,Texas,Throckmorton,2,0,0,33.17751417,-99.21226795,48447.0,133.24450366422386,0.0,2,2,0,0,2,1,1515,0,0,0,0,1
2020-07-15,US,Texas,Titus,985,6,0,33.21339719,-94.96797273,48449.0,3007.6335877862603,0.6091370558375635,979,985,6,0,979,985,33033,0,0,0,0,0
2020-07-15,US,Texas,Tom Green,1265,9,0,31.40464436,-100.46244300000001,48451.0,1061.241610738255,0.7114624505928854,1256,1160,7,0,1153,1065,118189,105,2,0,103,95
2020-07-15,US,Texas,Travis,15998,179,0,30.33432034,-97.78535620000001,48453.0,1255.7753262676677,1.118889861232654,15819,15445,172,0,15273,14788,1248743,553,7,0,546,657
2020-07-15,US,Texas,Trinity,84,0,0,31.0879489,-95.1367187,48455.0,573.3397037744862,0.0,84,83,0,0,83,81,14740,1,0,0,1,2
2020-07-15,US,Texas,Tyler,45,0,0,30.77031716,-94.37690895,48457.0,207.64119601328903,0.0,45,45,0,0,45,37,21696,0,0,0,0,8
2020-07-15,US,Texas,Upshur,109,0,0,32.73706798,-94.93999853,48459.0,261.05908557468916,0.0,109,107,0,0,107,100,41260,2,0,0,2,7
2020-07-15,US,Texas,Upton,10,0,0,31.36868194,-102.0423217,48461.0,273.4481815695926,0.0,10,10,0,0,10,10,3671,0,0,0,0,0
2020-07-15,US,Texas,Uvalde,261,3,0,29.35739637,-99.76229172,48463.0,976.0293182753077,1.1494252873563218,258,259,2,0,257,259,26846,2,1,0,1,0
2020-07-15,US,Texas,Val Verde,699,8,0,29.89149232,-101.1525205,48465.0,1425.8031616522187,1.1444921316165952,691,699,3,0,696,699,49208,0,5,0,-5,0
2020-07-15,US,Texas,Van Zandt,216,3,0,32.56483801,-95.83766469,48467.0,381.6928786004594,1.3888888888888888,213,209,3,0,206,182,56019,7,0,0,7,27
2020-07-15,US,Texas,Victoria,1991,13,0,28.79780988,-96.96813006,48469.0,2162.1562920811434,0.6529382219989954,1978,1599,10,0,1589,1599,92035,392,3,0,389,0
2020-07-15,US,Texas,Walker,2495,28,0,30.73872995,-95.57440968,48471.0,3419.166518205863,1.122244488977956,2467,2490,28,0,2462,2256,72480,5,0,0,5,234
2020-07-15,US,Texas,Waller,269,0,0,30.01058447,-95.99011759,48473.0,486.9130796799768,0.0,269,257,0,0,257,253,53126,12,0,0,12,4
2020-07-15,US,Texas,Ward,55,0,0,31.50999644,-103.09279090000001,48475.0,458.409734955826,0.0,55,53,0,0,53,48,11720,2,0,0,2,5
2020-07-15,US,Texas,Washington,367,33,0,30.21498498,-96.40946246,48477.0,1022.7969455437268,8.991825613079019,334,357,33,0,324,350,35108,10,0,0,10,7
2020-07-15,US,Texas,Webb,3211,49,0,27.7610369,-99.33237355,48479.0,1160.6639388112144,1.5260043600124569,3162,3001,46,0,2955,2880,275910,210,3,0,207,121
2020-07-15,US,Texas,Wharton,368,1,0,29.27765923,-96.22319248,48481.0,885.5520261815383,0.2717391304347826,367,359,1,0,358,349,41619,9,0,0,9,10
2020-07-15,US,Texas,Wheeler,22,0,0,35.40114335,-100.26995140000001,48483.0,435.126582278481,0.0,22,23,0,0,23,20,5191,-1,0,0,-1,3
2020-07-15,US,Texas,Wichita,648,6,0,33.98842886,-98.70410340000001,48485.0,490.0552068365727,0.925925925925926,642,636,5,0,631,604,132064,12,1,0,11,32
2020-07-15,US,Texas,Wilbarger,20,0,0,34.07945812,-99.24178437,48487.0,156.62933667475912,0.0,20,19,0,0,19,17,12820,1,0,0,1,2
2020-07-15,US,Texas,Willacy,410,3,0,26.47411727,-97.61535848,48489.0,1919.6553984455472,0.7317073170731707,407,356,3,0,353,346,21515,54,0,0,54,10
2020-07-15,US,Texas,Williamson,4327,61,0,30.64655664,-97.60048540000001,48491.0,732.7055580297044,1.4097527155072798,4266,4153,56,0,4097,4042,566719,174,5,0,169,111
2020-07-15,US,Texas,Wilson,220,5,0,29.1732598,-98.08693082,48493.0,430.78128059526136,2.272727272727273,215,203,5,0,198,201,50224,17,0,0,17,2
2020-07-15,US,Texas,Winkler,47,0,0,31.85008651,-103.04851629999999,48495.0,586.7665418227216,0.0,47,45,0,0,45,41,7720,2,0,0,2,4
2020-07-15,US,Texas,Wise,210,5,0,33.21570665,-97.65460265,48497.0,300.06858710562415,2.380952380952381,205,202,5,0,197,184,68305,8,0,0,8,18
2020-07-15,US,Texas,Wood,154,5,0,32.78722382,-95.38236368,48499.0,338.17167702408926,3.2467532467532467,149,144,5,0,139,123,45129,10,0,0,10,21
2020-07-15,US,Texas,Yoakum,44,0,0,33.17320212,-102.82764329999999,48501.0,504.99253988293367,0.0,44,44,0,0,44,42,8591,0,0,0,0,2
2020-07-15,US,Texas,Young,64,1,0,33.17659707,-98.68790885,48503.0,355.35813436979464,1.5625,63,62,1,0,61,53,18045,2,0,0,2,9
2020-07-15,US,Texas,Zapata,103,0,0,27.00156391,-99.16987152,48505.0,726.4264052471966,0.0,103,86,0,0,86,81,14190,17,0,0,17,5
2020-07-15,US,Texas,Zavala,70,0,0,28.86617238,-99.76050829,48507.0,591.2162162162163,0.0,70,60,0,0,60,60,11983,10,0,0,10,0
2020-07-15,US,Utah,Bear River,1811,4,0,41.52106798,-113.0832816,0.0,969.3926709417723,0.22087244616234125,1807,1806,4,0,1802,1775,,5,0,0,5,31
2020-07-15,US,Utah,Central Utah,278,0,0,39.37231946,-111.5758676,0.0,339.21468140664274,0.0,278,273,0,0,273,271,,5,0,0,5,2
2020-07-15,US,Utah,Davis,2016,7,0,40.99001837,-112.1139997,49011.0,567.1189177480653,0.3472222222222222,2009,1976,6,0,1970,1909,351713,40,1,0,39,67
2020-07-15,US,Utah,Salt Lake,15306,132,0,40.66616532,-111.9216011,49035.0,1318.9858648078266,0.8624068992551941,15174,15083,130,0,14953,14869,1152633,223,2,0,221,214
2020-07-15,US,Utah,San Juan,489,18,0,37.62762978,-109.80337140000002,49037.0,3194.408152599948,3.6809815950920246,471,481,17,0,464,481,15449,8,1,0,7,0
2020-07-15,US,Utah,Southeast Utah,54,0,0,38.99617072,-110.7013958,0.0,134.2315245221109,0.0,54,54,0,0,54,55,,0,0,0,0,-1
2020-07-15,US,Utah,Southwest Utah,2158,19,0,37.85447192,-111.4418764,0.0,856.2065052649956,0.8804448563484708,2139,2140,19,0,2121,2116,,18,0,0,18,24
2020-07-15,US,Utah,Summit,597,1,0,40.86688146,-110.9535882,49043.0,1416.5381421283664,0.16750418760469013,596,596,1,0,595,591,41933,1,0,0,1,5
2020-07-15,US,Utah,Tooele,370,0,0,40.44862644,-113.1295715,49045.0,512.0469422494083,0.0,370,364,0,0,364,358,69907,6,0,0,6,6
2020-07-15,US,Utah,TriCounty,79,0,0,40.12491499,-109.5174415,0.0,139.52174066617215,0.0,79,73,0,0,73,72,,6,0,0,6,1
2020-07-15,US,Utah,Utah,5637,30,0,40.1166722,-111.6657662,49049.0,885.9933829481247,0.532197977647685,5607,5560,29,0,5531,5491,622213,77,1,0,76,69
2020-07-15,US,Utah,Wasatch,465,4,0,40.33110236,-111.1691419,49051.0,1363.9963626763665,0.8602150537634409,461,464,4,0,460,462,33240,1,0,0,1,2
2020-07-15,US,Utah,Weber-Morgan,1631,18,0,41.27116049,-111.9145117,0.0,598.890345417626,1.1036174126302882,1613,1608,16,0,1592,1580,,23,2,0,21,28
2020-07-15,US,Vermont,Addison,70,2,0,44.03217337,-73.14130877,50001.0,190.3363515240504,2.8571428571428568,68,68,2,0,66,68,36973,2,0,0,2,0
2020-07-15,US,Vermont,Bennington,76,1,0,43.03519828,-73.09048868,50003.0,214.265576543558,1.3157894736842106,75,74,1,0,73,74,35631,2,0,0,2,0
2020-07-15,US,Vermont,Caledonia,23,0,0,44.46548598,-72.10314651,50005.0,76.68455973060381,0.0,23,22,0,0,22,22,30302,1,0,0,1,0
2020-07-15,US,Vermont,Chittenden,667,39,0,44.46322849,-73.08359212,50007.0,407.2685530059716,5.847076461769116,628,662,39,0,623,659,164572,5,0,0,5,3
2020-07-15,US,Vermont,Essex,5,0,0,44.72736416,-71.73579864,50009.0,81.12932013629725,0.0,5,5,0,0,5,5,6250,0,0,0,0,0
2020-07-15,US,Vermont,Franklin,110,6,0,44.85627605,-72.91249563,50011.0,222.66305007894417,5.454545454545454,104,110,6,0,104,110,49421,0,0,0,0,0
2020-07-15,US,Vermont,Grand Isle,13,0,0,44.797582399999996,-73.29679772,50013.0,179.68210089841045,0.0,13,13,0,0,13,13,7090,0,0,0,0,0
2020-07-15,US,Vermont,Lamoille,40,1,0,44.60353043,-72.64356694,50015.0,157.71626843308889,2.5,39,40,1,0,39,39,25300,0,0,0,0,1
2020-07-15,US,Vermont,Orange,10,0,0,44.00470222,-72.37640104,50017.0,34.61165720614703,0.0,10,10,0,0,10,10,28999,0,0,0,0,0
2020-07-15,US,Vermont,Orleans,14,0,0,44.82964024,-72.24562697,50019.0,51.78089285053815,0.0,14,14,0,0,14,14,26907,0,0,0,0,0
2020-07-15,US,Vermont,Rutland,78,1,0,43.57723578,-73.03741676,50021.0,134.04134659998968,1.2820512820512822,77,78,1,0,77,78,58672,0,0,0,0,0
2020-07-15,US,Vermont,Unassigned,5,0,0,0.0,0.0,90050.0,0.0,0.0,5,5,0,0,5,5,,0,0,0,0,0
2020-07-15,US,Vermont,Washington,44,1,0,44.27343241,-72.61604978,50023.0,75.33085654608024,2.272727272727273,43,43,1,0,42,43,58140,1,0,0,1,0
2020-07-15,US,Vermont,Windham,99,3,0,42.986982,-72.71268875,50025.0,234.4749182890436,3.0303030303030303,96,99,3,0,96,99,42756,0,0,0,0,0
2020-07-15,US,Vermont,Windsor,64,2,0,43.58010937,-72.58595157,50027.0,116.23261051178673,3.125,62,62,2,0,60,62,55286,2,0,0,2,0
2020-07-15,US,Virginia,Accomack,1045,14,0,37.76707161,-75.63234615,51001.0,3233.692288649585,1.3397129186602872,1031,1045,14,0,1031,1041,32412,0,0,0,0,4
2020-07-15,US,Virginia,Albemarle,583,10,0,38.02080697,-78.55481085,51003.0,533.2479648769778,1.7152658662092624,573,578,10,0,568,563,108718,5,0,0,5,15
2020-07-15,US,Virginia,Alexandria,2486,57,0,38.814003,-77.08183073,51510.0,1559.3245853927792,2.2928399034593725,2429,2465,57,0,2408,2456,160530,21,0,0,21,9
2020-07-15,US,Virginia,Alleghany,53,2,0,37.78636074,-80.00222498,51005.0,356.6621803499327,3.7735849056603774,51,52,2,0,50,52,14910,1,0,0,1,0
2020-07-15,US,Virginia,Amelia,55,1,0,37.34081025,-77.98584649,51007.0,418.41004184100416,1.818181818181818,54,53,1,0,52,51,13013,2,0,0,2,2
2020-07-15,US,Virginia,Amherst,42,0,0,37.60308293,-79.14548696,51009.0,132.89036544850498,0.0,42,40,0,0,40,40,31666,2,0,0,2,0
2020-07-15,US,Virginia,Appomattox,48,0,0,37.37569884,-78.81340003,51011.0,301.6780843441644,0.0,48,48,0,0,48,48,15841,0,0,0,0,0
2020-07-15,US,Virginia,Arlington,2677,134,0,38.8767675,-77.10139853,51013.0,1130.2893912397294,5.00560328726186,2543,2660,134,0,2526,2626,237521,17,0,0,17,34
2020-07-15,US,Virginia,Augusta,218,2,0,38.16404586,-79.12461614,51015.0,288.52007729161704,0.9174311926605504,216,213,2,0,211,213,75457,5,0,0,5,0
2020-07-15,US,Virginia,Bath,1,0,0,38.05852573,-79.73912095,51017.0,24.11381721726549,0.0,1,1,0,0,1,1,4292,0,0,0,0,0
2020-07-15,US,Virginia,Bedford,174,4,0,37.3080028,-79.5281964,51019.0,220.2615289188197,2.2988505747126435,170,170,4,0,166,167,78747,4,0,0,4,3
2020-07-15,US,Virginia,Bland,3,0,0,37.13128068,-81.13599391,51021.0,47.77070063694269,0.0,3,3,0,0,3,3,6293,0,0,0,0,0
2020-07-15,US,Virginia,Botetourt,161,4,0,37.55531756,-79.80982182,51023.0,481.76187198898833,2.4844720496894412,157,160,4,0,156,156,33277,1,0,0,1,4
2020-07-15,US,Virginia,Bristol,14,0,0,36.616302399999995,-82.16359122,51520.0,83.5222527144732,0.0,14,14,0,0,14,13,16482,0,0,0,0,1
2020-07-15,US,Virginia,Brunswick,143,1,0,36.76366949,-77.8593436,51025.0,881.0301275337317,0.6993006993006993,142,143,1,0,142,138,16384,0,0,0,0,5
2020-07-15,US,Virginia,Buchanan,48,0,0,37.26818323,-82.03749726,51027.0,228.52789944772425,0.0,48,46,0,0,46,42,21221,2,0,0,2,4
2020-07-15,US,Virginia,Buckingham,577,6,0,37.57242268,-78.52518834,51029.0,3364.823886167483,1.0398613518197577,571,577,6,0,571,577,16999,0,0,0,0,0
2020-07-15,US,Virginia,Buena Vista,25,0,0,37.73484642,-79.35296097,51530.0,385.9215807347947,0.0,25,22,0,0,22,23,6237,3,0,0,3,-1
2020-07-15,US,Virginia,Campbell,71,1,0,37.20553386,-79.09678609,51031.0,129.3613920014576,1.4084507042253518,70,70,1,0,69,66,54973,1,0,0,1,4
2020-07-15,US,Virginia,Caroline,147,4,0,38.02679129,-77.34901405,51033.0,478.4377542717656,2.7210884353741496,143,145,4,0,141,142,30772,2,0,0,2,3
2020-07-15,US,Virginia,Carroll,263,10,0,36.73066666,-80.73455942,51035.0,882.8169581417204,3.8022813688212933,253,255,10,0,245,251,29636,8,0,0,8,4
2020-07-15,US,Virginia,Charles City,42,3,0,37.35358063,-77.05634116,51036.0,603.1882809133994,7.142857142857142,39,41,3,0,38,41,6941,1,0,0,1,0
2020-07-15,US,Virginia,Charlotte,38,0,0,37.01909701,-78.66314092,51037.0,319.8653198653198,0.0,38,38,0,0,38,38,11938,0,0,0,0,0
2020-07-15,US,Virginia,Charlottesville,318,7,0,38.03527919,-78.48569588,51540.0,672.7880506072017,2.2012578616352205,311,310,7,0,303,285,48117,8,0,0,8,25
2020-07-15,US,Virginia,Chesapeake,1441,23,0,36.67670048,-76.30545744,51550.0,588.5596422080176,1.5961138098542678,1418,1379,23,0,1356,1326,242634,62,0,0,62,53
2020-07-15,US,Virginia,Chesterfield,3324,63,0,37.37373208,-77.58680140000001,51041.0,942.1715296398546,1.895306859205776,3261,3278,63,0,3215,3216,348556,46,0,0,46,62
2020-07-15,US,Virginia,Clarke,61,0,0,39.11271747,-77.99199425,51043.0,417.2652028182502,0.0,61,61,0,0,61,61,14523,0,0,0,0,0
2020-07-15,US,Virginia,Colonial Heights,163,20,0,37.26420587,-77.39609676,51570.0,938.3995394358087,12.269938650306747,143,161,20,0,141,158,17833,2,0,0,2,3
2020-07-15,US,Virginia,Covington,5,0,0,37.7824656,-79.98631446,51580.0,90.2853015529072,0.0,5,5,0,0,5,5,5460,0,0,0,0,0
2020-07-15,US,Virginia,Craig,9,0,0,37.48133648,-80.21072274,51045.0,175.4044045994933,0.0,9,9,0,0,9,9,5064,0,0,0,0,0
2020-07-15,US,Virginia,Culpeper,872,12,0,38.48199985,-77.95630870000002,51047.0,1657.6371067389032,1.3761467889908257,860,863,12,0,851,857,51859,9,0,0,9,6
2020-07-15,US,Virginia,Cumberland,61,0,0,37.51328851,-78.24398086,51049.0,614.1763995167137,0.0,61,61,0,0,61,61,9809,0,0,0,0,0
2020-07-15,US,Virginia,Danville,148,2,0,36.58022376,-79.40395668,51590.0,369.5934472080712,1.351351351351351,146,138,2,0,136,138,40693,10,0,0,10,0
2020-07-15,US,Virginia,Dickenson,7,0,0,37.12560977,-82.35124171,51051.0,48.88950970805978,0.0,7,6,0,0,6,6,14523,1,0,0,1,0
2020-07-15,US,Virginia,Dinwiddie,162,2,0,37.07544585,-77.63451754,51053.0,567.5448430493274,1.2345679012345678,160,160,2,0,158,156,28529,2,0,0,2,4
2020-07-15,US,Virginia,Emporia,146,15,0,36.69455571,-77.53406129,51595.0,2731.013842124953,10.273972602739725,131,146,15,0,131,146,5121,0,0,0,0,0
2020-07-15,US,Virginia,Essex,66,0,0,37.93357639,-76.94230311,51057.0,602.5746370857299,0.0,66,66,0,0,66,64,10919,0,0,0,0,2
2020-07-15,US,Virginia,Fairfax,14653,502,0,38.83677558,-77.27565836,51059.0,1276.9142821289515,3.425919606906436,14151,14574,500,0,14074,14556,1150795,79,2,0,77,18
2020-07-15,US,Virginia,Fairfax,14653,502,0,38.83677558,-77.27565836,51059.0,1276.9142821289515,3.425919606906436,14151,14574,500,0,14074,14556,24574,79,2,0,77,18
2020-07-15,US,Virginia,Fairfax City,74,7,0,38.85157547,-77.29779640000002,51600.0,308.08942920188184,9.459459459459461,67,74,7,0,67,73,24574,0,0,0,0,1
2020-07-15,US,Virginia,Falls Church,54,7,0,38.88485255,-77.17560759,51610.0,369.43285215844566,12.962962962962965,47,53,7,0,46,53,14772,1,0,0,1,0
2020-07-15,US,Virginia,Fauquier,498,8,0,38.73564842,-77.80647472,51061.0,699.2221504591278,1.606425702811245,490,497,8,0,489,497,70675,1,0,0,1,0
2020-07-15,US,Virginia,Floyd,25,1,0,36.9302126,-80.36738849,51063.0,158.74023747539528,4.0,24,25,1,0,24,24,15795,0,0,0,0,1
2020-07-15,US,Virginia,Fluvanna,139,8,0,37.84157909,-78.27715475,51065.0,509.71763843050974,5.755395683453237,131,139,8,0,131,138,26783,0,0,0,0,1
2020-07-15,US,Virginia,Franklin,115,1,0,36.99536167,-79.88023649,51067.0,205.20324042682273,0.8695652173913043,114,114,1,0,113,106,56195,1,0,0,1,8
2020-07-15,US,Virginia,Franklin,115,1,0,36.99536167,-79.88023649,51067.0,205.20324042682273,0.8695652173913043,114,114,1,0,113,106,8013,1,0,0,1,8
2020-07-15,US,Virginia,Franklin City,80,3,0,36.6831435,-76.93859681,51620.0,1004.142086105184,3.75,77,78,3,0,75,77,8013,2,0,0,2,1
2020-07-15,US,Virginia,Frederick,565,7,0,39.20172582,-78.25974949,51069.0,632.6066753999978,1.2389380530973448,558,558,6,0,552,553,88355,7,1,0,6,5
2020-07-15,US,Virginia,Fredericksburg,288,0,0,38.2977863,-77.4922454,51630.0,991.8721586995456,0.0,288,287,0,0,287,285,29144,1,0,0,1,2
2020-07-15,US,Virginia,Galax,292,16,0,36.66601852,-80.91703124,51640.0,4600.598708051048,5.479452054794519,276,290,16,0,274,289,6423,2,0,0,2,1
2020-07-15,US,Virginia,Giles,18,0,0,37.31234791,-80.70636931,51071.0,107.65550239234449,0.0,18,18,0,0,18,18,16844,0,0,0,0,0
2020-07-15,US,Virginia,Gloucester,79,1,0,37.40809042,-76.53524337,51073.0,211.52404412552207,1.2658227848101269,78,76,1,0,75,69,37349,3,0,0,3,7
2020-07-15,US,Virginia,Goochland,135,6,0,37.71714806,-77.90381514,51075.0,568.3492611459608,4.4444444444444455,129,131,6,0,125,131,23244,4,0,0,4,0
2020-07-15,US,Virginia,Grayson,95,4,0,36.65677234,-81.23215889,51077.0,610.9324758842444,4.2105263157894735,91,93,4,0,89,92,15631,2,0,0,2,1
2020-07-15,US,Virginia,Greene,88,2,0,38.29545894,-78.46525378,51079.0,444.0183662142389,2.272727272727273,86,87,2,0,85,87,19779,1,0,0,1,0
2020-07-15,US,Virginia,Greensville,384,9,0,36.67878901,-77.56351439,51081.0,3387.438249823572,2.34375,375,382,9,0,373,381,11627,2,0,0,2,1
2020-07-15,US,Virginia,Halifax,89,1,0,36.76654925,-78.93512622,51083.0,262.4517118339182,1.1235955056179776,88,89,1,0,88,87,34120,0,0,0,0,2
2020-07-15,US,Virginia,Hampton,592,4,0,37.03513786,-76.35879121,51650.0,440.11597650732284,0.6756756756756757,588,568,4,0,564,544,134313,24,0,0,24,24
2020-07-15,US,Virginia,Hanover,491,30,0,37.7583355,-77.49464673,51085.0,455.6167993615797,6.109979633401222,461,486,31,0,455,483,107239,5,-1,0,6,3
2020-07-15,US,Virginia,Harrisonburg,996,29,0,38.43542574,-78.87536254,51660.0,1878.678134902671,2.9116465863453813,967,992,28,0,964,988,54033,4,1,0,3,4
2020-07-15,US,Virginia,Henrico,2947,175,0,37.53460572,-77.39326555,51087.0,890.8221438978533,5.938242280285037,2772,2925,173,0,2752,2891,329261,22,2,0,20,34
2020-07-15,US,Virginia,Henry,381,5,0,36.68542395,-79.87634026,51089.0,753.6048420594575,1.3123359580052494,376,363,5,0,358,350,50953,18,0,0,18,13
2020-07-15,US,Virginia,Highland,3,0,0,38.35799465,-79.56124594,51091.0,136.98630136986299,0.0,3,3,0,0,3,3,2210,0,0,0,0,0
2020-07-15,US,Virginia,Hopewell,212,5,0,37.29186313,-77.29754684,51670.0,941.0093657064227,2.358490566037736,207,210,5,0,205,209,22596,2,0,0,2,1
2020-07-15,US,Virginia,Isle of Wight,240,9,0,36.90579348,-76.70842863,51093.0,646.7433776172896,3.75,231,237,9,0,228,226,36953,3,0,0,3,11
2020-07-15,US,Virginia,James City,388,16,0,37.31156958,-76.76950618,51095.0,507.0370999568757,4.123711340206185,372,378,16,0,362,361,76397,10,0,0,10,17
2020-07-15,US,Virginia,King George,105,4,0,38.26818502,-77.15852768,51099.0,391.26546430168435,3.809523809523809,101,104,4,0,100,105,26575,1,0,0,1,-1
2020-07-15,US,Virginia,King William,59,2,0,37.70965316,-77.09384941,51101.0,344.06344763237695,3.3898305084745757,57,58,2,0,56,56,16939,1,0,0,1,2
2020-07-15,US,Virginia,King and Queen,31,1,0,37.71044922,-76.88689628,51097.0,441.2811387900357,3.2258064516129035,30,30,1,0,29,28,7042,1,0,0,1,2
2020-07-15,US,Virginia,Lancaster,22,0,0,37.71889653,-76.46400482,51103.0,207.4884466660379,0.0,22,20,0,0,20,16,10783,2,0,0,2,4
2020-07-15,US,Virginia,Lee,26,0,0,36.70586667,-83.12606515,51105.0,111.00200657473421,0.0,26,22,0,0,22,20,23541,4,0,0,4,2
2020-07-15,US,Virginia,Lexington,21,0,0,37.78258621,-79.44262866,51678.0,282.03062046736505,0.0,21,19,0,0,19,19,7136,2,0,0,2,0
2020-07-15,US,Virginia,Loudoun,4519,101,0,39.08990083,-77.63481877,51107.0,1092.7653565089543,2.235007745076344,4418,4458,99,0,4359,4431,406850,61,2,0,59,27
2020-07-15,US,Virginia,Louisa,143,2,0,37.97850256,-77.96274807,51109.0,380.41020457024285,1.3986013986013983,141,138,2,0,136,138,36778,5,0,0,5,0
2020-07-15,US,Virginia,Lunenburg,42,0,0,36.94618528,-78.24133319,51111.0,344.3752049852411,0.0,42,42,0,0,42,41,12086,0,0,0,0,1
2020-07-15,US,Virginia,Lynchburg,200,1,0,37.40021399,-79.19888138,51680.0,243.40375815402592,0.5,199,193,1,0,192,194,82126,7,0,0,7,-1
2020-07-15,US,Virginia,Madison,48,1,0,38.41531222,-78.28220331,51113.0,361.9636528165297,2.083333333333333,47,49,1,0,48,48,13295,-1,0,0,-1,1
2020-07-15,US,Virginia,Manassas,1497,19,0,38.7464321,-77.48509905,51683.0,3643.665571376415,1.2692050768203074,1478,1494,19,0,1475,1493,41641,3,0,0,3,1
2020-07-15,US,Virginia,Manassas Park,463,6,0,38.77058531,-77.44399307,51685.0,2649.044513102185,1.2958963282937366,457,461,6,0,455,462,17307,2,0,0,2,-1
2020-07-15,US,Virginia,Martinsville,123,1,0,36.68212094,-79.86352771,51690.0,979.7674048112157,0.8130081300813008,122,117,1,0,116,112,12902,6,0,0,6,5
2020-07-15,US,Virginia,Mathews,7,0,0,37.44164146,-76.34098896,51115.0,79.23930269413628,0.0,7,7,0,0,7,7,8802,0,0,0,0,0
2020-07-15,US,Virginia,Mecklenburg,267,29,0,36.67882005,-78.36131056,51117.0,872.9198679177431,10.861423220973782,238,263,29,0,234,262,30650,4,0,0,4,1
2020-07-15,US,Virginia,Middlesex,18,0,0,37.63191998,-76.55064617,51119.0,170.1001701001701,0.0,18,17,0,0,17,17,10769,1,0,0,1,0
2020-07-15,US,Virginia,Montgomery,201,3,0,37.17746986,-80.37868691,51121.0,203.98843050692642,1.492537313432836,198,199,3,0,196,197,98985,2,0,0,2,2
2020-07-15,US,Virginia,Nelson,27,0,0,37.78790447,-78.88498513,51125.0,180.84393837910247,0.0,27,25,0,0,25,25,14836,2,0,0,2,0
2020-07-15,US,Virginia,New Kent,76,1,0,37.50694406,-76.99828634,51127.0,329.1325624702265,1.3157894736842106,75,76,1,0,75,74,22391,0,0,0,0,2
2020-07-15,US,Virginia,Newport News,900,10,0,37.08166899,-76.51754109,51700.0,502.1620867624495,1.1111111111111112,890,856,10,0,846,815,178626,44,0,0,44,41
2020-07-15,US,Virginia,Norfolk,1742,18,0,36.89934014,-76.26420872,51710.0,717.6343607616318,1.033295063145809,1724,1606,16,0,1590,1588,244076,136,2,0,134,18
2020-07-15,US,Virginia,Northampton,275,28,0,37.34062933,-75.87751591,51131.0,2348.4201537147737,10.181818181818182,247,274,28,0,246,274,11735,1,0,0,1,0
2020-07-15,US,Virginia,Northumberland,47,1,0,37.89202088,-76.41949732,51133.0,388.59032658123186,2.127659574468085,46,47,1,0,46,47,12147,0,0,0,0,0
2020-07-15,US,Virginia,Norton,4,0,0,36.93357076,-82.62750411,51720.0,100.4772670183371,0.0,4,4,0,0,4,4,3968,0,0,0,0,0
2020-07-15,US,Virginia,Nottoway,135,5,0,37.1435975,-78.05065922,51135.0,886.2920168067227,3.703703703703704,130,124,5,0,119,120,15420,11,0,0,11,4
2020-07-15,US,Virginia,Orange,167,3,0,38.24530219,-78.01560400000002,51137.0,450.7300747618148,1.7964071856287425,164,165,3,0,162,161,36644,2,0,0,2,4
2020-07-15,US,Virginia,Page,310,23,0,38.61807452,-78.48797204,51139.0,1296.962597272195,7.419354838709677,287,303,23,0,280,302,23933,7,0,0,7,1
2020-07-15,US,Virginia,Patrick,52,1,0,36.680163799999995,-80.2865648,51141.0,295.32030895047706,1.9230769230769231,51,52,1,0,51,48,17673,0,0,0,0,4
2020-07-15,US,Virginia,Petersburg,348,9,0,37.20530399,-77.39368102,51730.0,1110.1894978625662,2.586206896551724,339,338,8,0,330,335,31567,10,1,0,9,3
2020-07-15,US,Virginia,Pittsylvania,187,2,0,36.81980341,-79.39731264,51143.0,309.8386188156543,1.0695187165775402,185,175,2,0,173,173,60949,12,0,0,12,2
2020-07-15,US,Virginia,Poquoson,23,0,0,37.14259351,-76.35798148,51735.0,187.43378697742645,0.0,23,23,0,0,23,22,12190,0,0,0,0,1
2020-07-15,US,Virginia,Portsmouth,794,19,0,36.85914825,-76.35971629,51740.0,841.1195152439667,2.392947103274559,775,761,19,0,742,714,94632,33,0,0,33,47
2020-07-15,US,Virginia,Powhatan,100,3,0,37.55016038,-77.91267882,51145.0,337.24537973829763,3.0,97,97,3,0,94,92,29189,3,0,0,3,5
2020-07-15,US,Virginia,Prince Edward,238,6,0,37.22554789,-78.43597949,51147.0,1043.7680905183756,2.5210084033613445,232,238,6,0,232,238,22950,0,0,0,0,0
2020-07-15,US,Virginia,Prince George,276,2,0,37.18497668,-77.22922187,51149.0,719.6307981122728,0.7246376811594203,274,265,2,0,263,265,38082,11,0,0,11,0
2020-07-15,US,Virginia,Prince William,7947,160,0,38.70916224,-77.48713689,51153.0,1689.6467411525828,2.01333836667925,7787,7890,157,0,7733,7847,468011,57,3,0,54,43
2020-07-15,US,Virginia,Pulaski,55,2,0,37.06474963,-80.71229738,51155.0,161.63634760631263,3.636363636363636,53,55,2,0,53,53,34066,0,0,0,0,2
2020-07-15,US,Virginia,Radford,18,0,0,37.12222899,-80.56027320000003,51750.0,98.63554167351637,0.0,18,18,0,0,18,17,18339,0,0,0,0,1
2020-07-15,US,Virginia,Rappahannock,33,1,0,38.68295619,-78.15826963,51157.0,447.76119402985074,3.0303030303030303,32,32,1,0,31,32,7252,1,0,0,1,0
2020-07-15,US,Virginia,Richmond,309,4,0,37.937575,-76.72920628,51159.0,3424.581624736784,1.2944983818770226,305,310,5,0,305,312,9038,-1,-1,0,0,-2
2020-07-15,US,Virginia,Richmond City,2473,36,0,37.53255773,-77.47966921,51760.0,1073.1830095991943,1.4557217953902144,2437,2457,36,0,2421,2432,228783,16,0,0,16,25
2020-07-15,US,Virginia,Roanoke,342,6,0,37.26865804,-80.06396753,51161.0,363.1112904253286,1.7543859649122806,336,341,6,0,335,328,94073,1,0,0,1,13
2020-07-15,US,Virginia,Roanoke City,612,10,0,37.27791025,-79.96189766,51770.0,617.2901768153073,1.6339869281045751,602,611,10,0,601,588,99920,1,0,0,1,23
2020-07-15,US,Virginia,Rockbridge,41,0,0,37.81204314,-79.44605905,51163.0,181.63292429008104,0.0,41,36,0,0,36,35,22752,5,0,0,5,1
2020-07-15,US,Virginia,Rockingham,803,15,0,38.51006137,-78.87260325,51165.0,979.8896861424316,1.8679950186799499,788,799,15,0,784,795,81244,4,0,0,4,4
2020-07-15,US,Virginia,Russell,26,0,0,36.93028320000001,-82.10095486,51167.0,97.7958323929888,0.0,26,26,0,0,26,23,26748,0,0,0,0,3
2020-07-15,US,Virginia,Salem,100,3,0,37.2836193,-80.06219455,51775.0,395.2412948104818,3.0,97,101,3,0,98,96,25643,-1,0,0,-1,5
2020-07-15,US,Virginia,Scott,17,2,0,36.71466456,-82.60171704,51169.0,78.82778447556339,11.764705882352944,15,16,2,0,14,16,21534,1,0,0,1,0
2020-07-15,US,Virginia,Shenandoah,619,35,0,38.85905135,-78.56813762,51171.0,1419.2039618488627,5.6542810985460425,584,616,35,0,581,615,43497,3,0,0,3,1
2020-07-15,US,Virginia,Smyth,46,1,0,36.84455636,-81.53344948,51173.0,152.80361413765613,2.1739130434782608,45,45,1,0,44,45,30472,1,0,0,1,0
2020-07-15,US,Virginia,Southampton,186,11,0,36.72231125,-77.10642712,51175.0,1054.9600136123872,5.913978494623656,175,186,11,0,175,184,17586,0,0,0,0,2
2020-07-15,US,Virginia,Spotsylvania,1094,32,0,38.18574462,-77.655399,51177.0,803.1420915464522,2.9250457038391224,1062,1088,32,0,1056,1083,134238,6,0,0,6,5
2020-07-15,US,Virginia,Stafford,1085,6,0,38.41758738,-77.45917053,51179.0,709.6976753313013,0.5529953917050692,1079,1075,6,0,1069,1065,149960,10,0,0,10,10
2020-07-15,US,Virginia,Staunton,106,0,0,38.15965544,-79.05979937,51790.0,425.1564254772982,0.0,106,99,0,0,99,98,24922,7,0,0,7,1
2020-07-15,US,Virginia,Suffolk,633,42,0,36.70155394,-76.63603554,51800.0,687.2367221088288,6.6350710900473935,591,612,42,0,570,573,91185,21,0,0,21,39
2020-07-15,US,Virginia,Surry,21,1,0,37.11781893,-76.88450012,51181.0,327.0009342883837,4.761904761904762,20,21,1,0,20,19,6474,0,0,0,0,2
2020-07-15,US,Virginia,Sussex,219,7,0,36.92432914,-77.25791182,51183.0,1962.5414463661616,3.1963470319634704,212,216,7,0,209,214,11237,3,0,0,3,2
2020-07-15,US,Virginia,Tazewell,34,0,0,37.12191123,-81.56685568,51185.0,83.75415691587634,0.0,34,33,0,0,33,30,40855,1,0,0,1,3
2020-07-15,US,Virginia,Virginia Beach,2137,34,0,36.73285734,-76.04566934,51810.0,474.91632849898,1.5910154422087035,2103,1993,32,0,1961,1978,450189,144,2,0,142,15
2020-07-15,US,Virginia,Warren,317,8,0,38.90847745,-78.20280433,51187.0,789.2640175281348,2.5236593059936907,309,314,8,0,306,313,40003,3,0,0,3,1
2020-07-15,US,Virginia,Washington,90,4,0,36.72341572,-81.95666289,51191.0,167.47301823595092,4.4444444444444455,86,89,4,0,85,88,54402,1,0,0,1,1
2020-07-15,US,Virginia,Waynesboro,129,0,0,38.06451466,-78.90293905,51820.0,570.0397702165267,0.0,129,126,0,0,126,125,22628,3,0,0,3,1
2020-07-15,US,Virginia,Westmoreland,186,2,0,38.11021557,-76.80213247,51193.0,1032.472939217319,1.075268817204301,184,185,2,0,183,183,17830,1,0,0,1,2
2020-07-15,US,Virginia,Williamsburg,87,6,0,37.28131268,-76.70905141,51830.0,581.7841380232712,6.896551724137932,81,85,6,0,79,82,14896,2,0,0,2,3
2020-07-15,US,Virginia,Winchester,361,4,0,39.17054517,-78.17325058,51840.0,1285.7041099793432,1.10803324099723,357,357,3,0,354,356,28108,4,1,0,3,1
2020-07-15,US,Virginia,Wise,48,2,0,36.9746148,-82.62410519,51195.0,128.40060990289706,4.166666666666667,46,47,2,0,45,40,38012,1,0,0,1,7
2020-07-15,US,Virginia,Wythe,62,1,0,36.91582035,-81.07834059,51197.0,216.1483754009204,1.6129032258064515,61,59,1,0,58,59,28754,3,0,0,3,0
2020-07-15,US,Virginia,York,180,3,0,37.24374789,-76.54412815,51199.0,263.62038664323376,1.6666666666666667,177,176,3,0,173,168,67846,4,0,0,4,8
2020-07-15,US,Washington,Adams,252,0,0,46.98299757,-118.56017340000001,53001.0,1261.0719111244555,0.0,252,251,0,0,251,244,19759,1,0,0,1,7
2020-07-15,US,Washington,Asotin,21,2,0,46.18894415,-117.2022851,53003.0,92.99442033477993,9.523809523809524,19,21,2,0,19,21,22610,0,0,0,0,0
2020-07-15,US,Washington,Benton,2622,96,0,46.23946995,-119.51208340000001,53005.0,1282.8416263026568,3.6613272311212817,2526,2487,93,0,2394,2387,201877,135,3,0,132,100
2020-07-15,US,Washington,Chelan,611,7,0,47.87046092,-120.6173956,53007.0,791.4507772020726,1.1456628477905073,604,593,7,0,586,590,77036,18,0,0,18,3
2020-07-15,US,Washington,Clallam,62,0,0,48.04754642,-123.92263190000001,53009.0,80.17483286133633,0.0,62,62,0,0,62,60,76737,0,0,0,0,2
2020-07-15,US,Washington,Clark,1125,29,0,45.77568046,-122.48292040000001,53011.0,230.41899389850502,2.5777777777777784,1096,1086,33,0,1053,1078,481857,39,-4,0,43,8
2020-07-15,US,Washington,Columbia,9,0,0,46.29442881,-117.9051983,53013.0,225.84692597239646,0.0,9,9,0,0,9,9,4059,0,0,0,0,0
2020-07-15,US,Washington,Cowlitz,311,1,0,46.19074721,-122.6782231,53015.0,281.21128823704936,0.3215434083601286,310,289,0,0,289,287,108987,22,1,0,21,2
2020-07-15,US,Washington,Douglas,407,3,0,47.7361335,-119.69293700000001,53017.0,937.1618043242993,0.7371007371007371,404,400,3,0,397,396,42907,7,0,0,7,4
2020-07-15,US,Washington,Ferry,4,0,0,48.471143100000006,-118.5154041,53019.0,52.445260259604034,0.0,4,4,0,0,4,4,7649,0,0,0,0,0
2020-07-15,US,Washington,Franklin,2550,42,0,46.53351425,-118.9018212,53021.0,2677.9525739850033,1.6470588235294117,2508,2505,39,0,2466,2465,94347,45,3,0,42,40
2020-07-15,US,Washington,Garfield,2,0,0,46.43197502,-117.54540320000001,53023.0,89.88764044943821,0.0,2,2,0,0,2,1,2247,0,0,0,0,1
2020-07-15,US,Washington,Grant,873,8,0,47.20753737,-119.4500749,53025.0,893.2499769780934,0.9163802978235968,865,866,8,0,858,853,97331,7,0,0,7,13
2020-07-15,US,Washington,Grays Harbor,56,1,0,47.14003705,-123.7820567,53027.0,74.60598713046723,1.7857142857142858,55,52,0,0,52,51,73901,4,1,0,3,1
2020-07-15,US,Washington,Island,209,11,0,48.14713305,-122.5216407,53029.0,245.47515298152481,5.2631578947368425,198,206,11,0,195,206,84460,3,0,0,3,0
2020-07-15,US,Washington,Jefferson,50,0,0,47.75003077,-123.56097040000002,53031.0,155.1782998665467,0.0,50,44,0,0,44,43,31729,6,0,0,6,1
2020-07-15,US,Washington,King,12325,630,0,47.49137892,-121.8346131,53033.0,547.1013173933386,5.1115618661257605,11695,12213,624,0,11589,12077,2233163,112,6,0,106,136
2020-07-15,US,Washington,Kitsap,316,2,0,47.63479026,-122.6436061,53035.0,116.40199946219327,0.6329113924050633,314,312,2,0,310,306,269805,4,0,0,4,6
2020-07-15,US,Washington,Kittitas,200,0,0,47.12521214,-120.67943899999999,53037.0,417.23166788359237,0.0,200,185,0,0,185,181,47364,15,0,0,15,4
2020-07-15,US,Washington,Klickitat,79,3,0,45.87325839,-120.7913598,53039.0,352.2853957636566,3.79746835443038,76,79,3,0,76,79,22107,0,0,0,0,0
2020-07-15,US,Washington,Lewis,108,3,0,46.57756476,-122.39257690000001,53041.0,133.81738882624802,2.7777777777777777,105,104,3,0,101,101,79604,4,0,0,4,3
2020-07-15,US,Washington,Lincoln,4,0,0,47.57705241,-118.41943880000001,53043.0,36.56641374897157,0.0,4,4,0,0,4,4,10740,0,0,0,0,0
2020-07-15,US,Washington,Mason,66,1,0,47.35007586,-123.1863685,53045.0,98.84974838245864,1.5151515151515151,65,65,1,0,64,62,65507,1,0,0,1,3
2020-07-15,US,Washington,Okanogan,242,2,0,48.54855019,-119.73872240000001,53047.0,572.8759794522167,0.8264462809917356,240,232,2,0,230,232,42132,10,0,0,10,0
2020-07-15,US,Washington,Pacific,18,1,0,46.55418369,-123.7285716,53049.0,80.10324418138934,5.5555555555555545,17,18,1,0,17,18,22036,0,0,0,0,0
2020-07-15,US,Washington,Pend Oreille,13,0,0,48.53234021,-117.2741804,53051.0,94.72457009618185,0.0,13,13,0,0,13,12,13602,0,0,0,0,1
2020-07-15,US,Washington,Pierce,3395,108,0,47.03892768,-122.14059579999999,53053.0,375.14641207540495,3.181148748159057,3287,3312,108,0,3204,3257,891299,83,0,0,83,55
2020-07-15,US,Washington,San Juan,22,0,0,48.60182783,-122.96745,53055.0,125.12797178933,0.0,22,22,0,0,22,22,17128,0,0,0,0,0
2020-07-15,US,Washington,Skagit,644,17,0,48.48171488,-121.766131,53057.0,498.4327231918269,2.6397515527950306,627,627,17,0,610,619,128206,17,0,0,17,8
2020-07-15,US,Washington,Skamania,36,0,0,46.02408726,-121.91644029999999,53059.0,297.9392534966482,0.0,36,34,0,0,34,28,11924,2,0,0,2,6
2020-07-15,US,Washington,Snohomish,4122,179,0,48.04615983,-121.7170703,53061.0,501.40922510257485,4.342552159146045,3943,4072,177,0,3895,4033,814901,50,2,0,48,39
2020-07-15,US,Washington,Spokane,2276,42,0,47.62113146,-117.4046494,53063.0,435.34979093263536,1.845342706502636,2234,2210,41,0,2169,2133,514631,66,1,0,65,77
2020-07-15,US,Washington,Stevens,30,1,0,48.40035475,-117.8542701,53065.0,65.61249261859459,3.333333333333333,29,28,1,0,27,28,45260,2,0,0,2,0
2020-07-15,US,Washington,Thurston,394,5,0,46.9291895,-122.82906559999999,53067.0,135.6114216482639,1.269035532994924,389,384,5,0,379,376,286419,10,0,0,10,8
2020-07-15,US,Washington,Unassigned,127,1,0,0.0,0.0,90053.0,0.0,0.7874015748031497,126,143,1,0,142,171,,-16,0,0,-16,-28
2020-07-15,US,Washington,Wahkiakum,5,0,0,46.29180039999999,-123.4250831,53069.0,111.40819964349377,0.0,5,5,0,0,5,5,4426,0,0,0,0,0
2020-07-15,US,Washington,Walla Walla,244,3,0,46.23040051,-118.4775539,53071.0,401.57998683344323,1.2295081967213115,241,235,3,0,232,230,60922,9,0,0,9,5
2020-07-15,US,Washington,Whatcom,732,36,0,48.82227976,-121.74900179999999,53073.0,319.3062504634739,4.918032786885246,696,725,36,0,689,718,225685,7,0,0,7,7
2020-07-15,US,Washington,Whitman,48,0,0,46.90022523,-117.52417630000001,53075.0,95.80073447229765,0.0,48,48,0,0,48,45,49791,0,0,0,0,3
2020-07-15,US,Washington,Yakima,8436,187,0,46.45738486,-120.73801259999999,53077.0,3362.6575996619804,2.216690374585112,8249,8357,183,0,8174,8325,251446,79,4,0,75,32
2020-07-15,US,West Virginia,Barbour,23,1,0,39.1307219,-80.00350858,54001.0,139.8941670214707,4.3478260869565215,22,20,1,0,19,20,16535,3,0,0,3,0
2020-07-15,US,West Virginia,Berkeley,550,10,0,39.46704621,-78.02414609,54003.0,461.52167893195485,1.818181818181818,540,543,10,0,533,537,117123,7,0,0,7,6
2020-07-15,US,West Virginia,Boone,46,0,0,38.01974191,-81.69888019,54005.0,214.3822528778487,0.0,46,38,0,0,38,34,21951,8,0,0,8,4
2020-07-15,US,West Virginia,Braxton,5,0,0,38.70036159,-80.72011184,54007.0,35.82431754675073,0.0,5,5,0,0,5,5,14089,0,0,0,0,0
2020-07-15,US,West Virginia,Brooke,33,0,0,40.27367263,-80.57915332,54009.0,150.41706549979492,0.0,33,30,0,0,30,28,22203,3,0,0,3,2
2020-07-15,US,West Virginia,Cabell,204,0,0,38.42424062,-82.23855912,54011.0,221.8717711675458,0.0,204,202,0,0,202,199,93224,2,0,0,2,3
2020-07-15,US,West Virginia,Calhoun,4,0,0,38.84315422,-81.11934872,54013.0,56.2667041778028,0.0,4,4,0,0,4,4,7254,0,0,0,0,0
2020-07-15,US,West Virginia,Clay,13,1,0,38.46231092,-81.07652217,54015.0,152.797367183827,7.6923076923076925,12,13,1,0,12,12,8632,0,0,0,0,1
2020-07-15,US,West Virginia,Fayette,89,4,0,38.02974928,-81.08286634,54019.0,209.8759609489223,4.49438202247191,85,84,4,0,80,84,43018,5,0,0,5,0
2020-07-15,US,West Virginia,Gilmer,13,0,0,38.9251277,-80.85952723,54021.0,166.17665857088068,0.0,13,13,0,0,13,13,8026,0,0,0,0,0
2020-07-15,US,West Virginia,Grant,21,0,0,39.10314817,-79.19440518,54023.0,181.5352697095436,0.0,21,21,0,0,21,22,11626,0,0,0,0,-1
2020-07-15,US,West Virginia,Greenbrier,74,3,0,37.9463652,-80.45335881,54025.0,213.4902775373608,4.0540540540540535,71,71,3,0,68,71,34786,3,0,0,3,0
2020-07-15,US,West Virginia,Hampshire,45,1,0,39.32103553,-78.60826476,54027.0,194.1747572815534,2.2222222222222223,44,44,1,0,43,42,23347,1,0,0,1,2
2020-07-15,US,West Virginia,Hancock,50,0,0,40.51943859,-80.57461608,54029.0,173.550850399167,0.0,50,46,0,0,46,44,29094,4,0,0,4,2
2020-07-15,US,West Virginia,Hardy,48,0,0,39.00683177,-78.85855301,54031.0,348.4320557491289,0.0,48,47,0,0,47,47,13775,1,0,0,1,0
2020-07-15,US,West Virginia,Harrison,131,1,0,39.2853852,-80.37919577,54033.0,194.77816105626263,0.7633587786259542,130,126,1,0,125,122,67554,5,0,0,5,4
2020-07-15,US,West Virginia,Jackson,148,18,0,38.84263974,-81.68148753,54035.0,517.9171332586786,12.162162162162161,130,148,18,0,130,148,28706,0,0,0,0,0
2020-07-15,US,West Virginia,Jefferson,261,4,0,39.30776166,-77.86014147,54037.0,456.7248801315928,1.5325670498084292,257,258,4,0,254,258,56811,3,0,0,3,0
2020-07-15,US,West Virginia,Kanawha,454,20,0,38.33860077,-81.52857054,54039.0,254.8786238799937,4.405286343612334,434,434,20,0,414,433,180454,20,0,0,20,1
2020-07-15,US,West Virginia,Lewis,24,2,0,38.9947249,-80.49988181,54041.0,150.87697240208712,8.333333333333334,22,23,2,0,21,22,16024,1,0,0,1,1
2020-07-15,US,West Virginia,Lincoln,12,0,0,38.172154,-82.07017953,54043.0,58.79758929883874,0.0,12,9,0,0,9,9,20599,3,0,0,3,0
2020-07-15,US,West Virginia,Logan,41,1,0,37.8299889,-81.93528571,54045.0,128.04897092351416,2.4390243902439024,40,39,1,0,38,39,32607,2,0,0,2,0
2020-07-15,US,West Virginia,Marion,119,2,0,39.50984542,-80.24244659,54049.0,212.22713653873592,1.680672268907563,117,113,2,0,111,109,56097,6,0,0,6,4
2020-07-15,US,West Virginia,Marshall,72,0,0,39.86064362,-80.66591062,54051.0,235.8258818905375,0.0,72,68,0,0,68,66,30785,4,0,0,4,2
2020-07-15,US,West Virginia,Mason,26,0,0,38.77071799,-82.02524219,54053.0,98.05400512897872,0.0,26,26,0,0,26,25,26718,0,0,0,0,1
2020-07-15,US,West Virginia,McDowell,12,0,0,37.38002939,-81.65083669,54047.0,68.08896958692692,0.0,12,11,0,0,11,8,18223,1,0,0,1,3
2020-07-15,US,West Virginia,Mercer,67,0,0,37.40481169,-81.11023142,54055.0,114.02702610708329,0.0,67,63,0,0,63,63,59131,4,0,0,4,0
2020-07-15,US,West Virginia,Mineral,70,3,0,39.41561583,-78.94104895,54057.0,260.5329760309662,4.285714285714286,67,70,3,0,67,68,26940,0,0,0,0,2
2020-07-15,US,West Virginia,Mingo,36,2,0,37.73048351,-82.13338365,54059.0,153.6885245901639,5.5555555555555545,34,31,2,0,29,31,23785,5,0,0,5,0
2020-07-15,US,West Virginia,Monongalia,638,5,0,39.63218457,-80.04766838,54061.0,604.0980191644887,0.7836990595611285,633,610,5,0,605,568,106420,28,0,0,28,42
2020-07-15,US,West Virginia,Monroe,15,0,0,37.56274716,-80.54577965,54063.0,112.99435028248587,0.0,15,15,0,0,15,15,13280,0,0,0,0,0
2020-07-15,US,West Virginia,Morgan,20,0,0,39.55439028,-78.26311676,54065.0,111.83180496533214,0.0,20,20,0,0,20,20,17787,0,0,0,0,0
2020-07-15,US,West Virginia,Nicholas,20,1,0,38.29617706,-80.79759588,54067.0,81.64598301763553,5.0,19,20,1,0,19,20,24842,0,0,0,0,0
2020-07-15,US,West Virginia,Ohio,158,3,0,40.0955451,-80.62203992,54069.0,381.5411364130304,1.8987341772151896,155,148,3,0,145,147,41755,10,0,0,10,1
2020-07-15,US,West Virginia,Pendleton,18,1,0,38.68314479,-79.35084086,54071.0,258.2866982350409,5.5555555555555545,17,17,1,0,16,16,6997,1,0,0,1,1
2020-07-15,US,West Virginia,Pleasants,5,0,0,39.37091679,-81.16771771,54073.0,67.02412868632706,0.0,5,5,0,0,5,5,7507,0,0,0,0,0
2020-07-15,US,West Virginia,Pocahontas,38,0,0,38.32758728,-80.00993811,54075.0,460.7736146477507,0.0,38,38,0,0,38,38,8414,0,0,0,0,0
2020-07-15,US,West Virginia,Preston,107,2,0,39.46770987,-79.66712803,54077.0,320.0526441732472,1.8691588785046729,105,105,2,0,103,102,33839,2,0,0,2,3
2020-07-15,US,West Virginia,Putnam,94,0,0,38.50782345,-81.9082131,54079.0,166.51904340124003,0.0,94,91,0,0,91,91,56682,3,0,0,3,0
2020-07-15,US,West Virginia,Raleigh,86,0,0,37.76936795,-81.2456041,54081.0,117.22850015675905,0.0,86,84,0,0,84,83,74254,2,0,0,2,1
2020-07-15,US,West Virginia,Randolph,194,0,0,38.769899,-79.87919615,54083.0,676.0759714235929,0.0,194,191,0,0,191,190,28823,3,0,0,3,1
2020-07-15,US,West Virginia,Ritchie,2,0,0,39.18094587,-81.06356878,54085.0,20.933640360058615,0.0,2,2,0,0,2,2,9721,0,0,0,0,0
2020-07-15,US,West Virginia,Roane,12,1,0,38.71622686,-81.35243568,54087.0,87.66803039158388,8.333333333333334,11,12,1,0,11,12,13932,0,0,0,0,0
2020-07-15,US,West Virginia,Summers,2,0,0,37.65390597,-80.86009693,54089.0,15.90710252127575,0.0,2,2,0,0,2,2,12760,0,0,0,0,0
2020-07-15,US,West Virginia,Taylor,23,0,0,39.33602617,-80.0421439,54091.0,137.76579814315664,0.0,23,23,0,0,23,23,16862,0,0,0,0,0
2020-07-15,US,West Virginia,Tucker,7,0,0,39.11240885,-79.57053576,54093.0,102.35414534288635,0.0,7,7,0,0,7,6,6955,0,0,0,0,1
2020-07-15,US,West Virginia,Tyler,10,0,0,39.46811972,-80.88772676,54095.0,116.40088464672331,0.0,10,10,0,0,10,10,8746,0,0,0,0,0
2020-07-15,US,West Virginia,Upshur,33,0,0,38.89285061,-80.23689136,54097.0,136.49900727994705,0.0,33,33,0,0,33,33,24415,0,0,0,0,0
2020-07-15,US,West Virginia,Wayne,137,9,0,38.14901357,-82.42287994,54099.0,347.69808639155366,6.569343065693432,128,129,9,0,120,128,39944,8,0,0,8,1
2020-07-15,US,West Virginia,Webster,1,0,0,38.49370949,-80.4202023,54101.0,12.324377618930244,0.0,1,1,0,0,1,1,8285,0,0,0,0,0
2020-07-15,US,West Virginia,Wetzel,38,0,0,39.6065771,-80.64016540000001,54103.0,252.2402920677066,0.0,38,37,0,0,37,37,15270,1,0,0,1,0
2020-07-15,US,West Virginia,Wirt,6,0,0,39.02775007,-81.37473928,54105.0,103.07507301151009,0.0,6,6,0,0,6,6,5830,0,0,0,0,0
2020-07-15,US,West Virginia,Wood,195,3,0,39.20967886,-81.5162836,54107.0,233.48260255274312,1.5384615384615383,192,194,2,0,192,188,84203,1,1,0,0,6
2020-07-15,US,West Virginia,Wyoming,7,0,0,37.612327,-81.54511071,54109.0,34.32382073158772,0.0,7,7,0,0,7,7,20786,0,0,0,0,0
2020-07-15,US,Wisconsin,Adams,45,2,0,43.96974651,-89.76782777,55001.0,222.5519287833828,4.4444444444444455,43,43,2,0,41,41,20348,2,0,0,2,2
2020-07-15,US,Wisconsin,Ashland,8,0,0,46.31956891,-90.67837132,55003.0,51.40727412928929,0.0,8,8,0,0,8,8,15600,0,0,0,0,0
2020-07-15,US,Wisconsin,Barron,54,1,0,45.42372701,-91.84833627,55005.0,119.35284236583857,1.851851851851852,53,51,1,0,50,48,45164,3,0,0,3,3
2020-07-15,US,Wisconsin,Bayfield,11,1,0,46.52868768,-91.19716729,55007.0,73.15775472200053,9.090909090909092,10,9,1,0,8,7,15042,2,0,0,2,2
2020-07-15,US,Wisconsin,Brown,3348,44,0,44.452655299999996,-88.00411844,55009.0,1265.5835368296905,1.3142174432497014,3304,3305,44,0,3261,3229,263378,43,0,0,43,76
2020-07-15,US,Wisconsin,Buffalo,21,2,0,44.37835084,-91.75332578,55011.0,161.15417082342108,9.523809523809524,19,16,2,0,14,15,13125,5,0,0,5,1
2020-07-15,US,Wisconsin,Burnett,5,1,0,45.86303537,-92.36711412,55013.0,32.4380433372259,20.0,4,5,1,0,4,5,15392,0,0,0,0,0
2020-07-15,US,Wisconsin,Calumet,165,2,0,44.0816316,-88.21780273,55015.0,329.4136437141888,1.2121212121212122,163,161,2,0,159,159,50159,4,0,0,4,2
2020-07-15,US,Wisconsin,Chippewa,145,0,0,45.06939744,-91.28068855,55017.0,224.25685916669244,0.0,145,141,0,0,141,140,64135,4,0,0,4,1
2020-07-15,US,Wisconsin,Clark,121,7,0,44.73483377,-90.61207486,55019.0,347.9611203772933,5.785123966942148,114,118,7,0,111,111,34709,3,0,0,3,7
2020-07-15,US,Wisconsin,Columbia,129,1,0,43.46492199,-89.33589004,55021.0,224.22304109017585,0.7751937984496124,128,125,1,0,124,123,57358,4,0,0,4,2
2020-07-15,US,Wisconsin,Crawford,46,0,0,43.23870316,-90.93073686,55023.0,285.165209844399,0.0,46,45,0,0,45,45,16291,1,0,0,1,0
2020-07-15,US,Wisconsin,Dane,3242,33,0,43.06601594,-89.41733797,55025.0,593.0180447964588,1.0178901912399754,3209,3148,33,0,3115,3049,542364,94,0,0,94,99
2020-07-15,US,Wisconsin,Dodge,537,5,0,43.41576662,-88.70928178,55027.0,611.3457575792074,0.931098696461825,532,528,5,0,523,523,87847,9,0,0,9,5
2020-07-15,US,Wisconsin,Door,65,3,0,44.95856458,-87.30002707,55029.0,234.9284371837502,4.615384615384615,62,58,3,0,55,54,27610,7,0,0,7,4
2020-07-15,US,Wisconsin,Douglas,64,0,0,46.43222285,-91.91595768,55031.0,148.31981460023175,0.0,64,63,0,0,63,61,43208,1,0,0,1,2
2020-07-15,US,Wisconsin,Dunn,59,0,0,44.94562799,-91.8962481,55033.0,130.0476106506789,0.0,59,57,0,0,57,57,45131,2,0,0,2,0
2020-07-15,US,Wisconsin,Eau Claire,351,1,0,44.726614,-91.28609183,55035.0,335.4165472163293,0.2849002849002849,350,346,1,0,345,340,104534,5,0,0,5,6
2020-07-15,US,Wisconsin,Florence,5,0,0,45.84963535,-88.39804137,55037.0,116.41443538998837,0.0,5,5,0,0,5,4,4321,0,0,0,0,1
2020-07-15,US,Wisconsin,Fond du Lac,405,6,0,43.75354908,-88.48885325,55039.0,391.6714215254876,1.4814814814814814,399,403,6,0,397,399,103066,2,0,0,2,4
2020-07-15,US,Wisconsin,Forest,49,3,0,45.66678019,-88.77084892,55041.0,544.2025766326077,6.1224489795918355,46,48,3,0,45,48,8991,1,0,0,1,0
2020-07-15,US,Wisconsin,Grant,223,13,0,42.8671731,-90.7063218,55043.0,433.5232022395458,5.829596412556054,210,218,13,0,205,210,51554,5,0,0,5,8
2020-07-15,US,Wisconsin,Green,110,1,0,42.6794956,-89.60243287,55045.0,297.61904761904765,0.9090909090909092,109,110,1,0,109,110,36929,0,0,0,0,0
2020-07-15,US,Wisconsin,Green Lake,43,0,0,43.80025981,-89.04679553,55047.0,227.35684449849307,0.0,43,43,0,0,43,43,18918,0,0,0,0,0
2020-07-15,US,Wisconsin,Iowa,47,0,0,43.00050278,-90.13469017,55049.0,198.49649463637127,0.0,47,47,0,0,47,45,23771,0,0,0,0,2
2020-07-15,US,Wisconsin,Iron,21,1,0,46.26302338,-90.24295041,55051.0,369.2632319324777,4.761904761904762,20,17,1,0,16,17,5676,4,0,0,4,0
2020-07-15,US,Wisconsin,Jackson,37,1,0,44.31864893,-90.80566792,55053.0,179.23751392723926,2.702702702702702,36,36,1,0,35,36,20478,1,0,0,1,0
2020-07-15,US,Wisconsin,Jefferson,384,4,0,43.02054068,-88.77529134,55055.0,452.9957885547783,1.0416666666666667,380,369,4,0,365,361,85129,15,0,0,15,8
2020-07-15,US,Wisconsin,Juneau,59,1,0,43.92456975,-90.11120239,55057.0,221.08142541312247,1.6949152542372878,58,54,1,0,53,52,26617,5,0,0,5,2
2020-07-15,US,Wisconsin,Kenosha,1831,47,0,42.57639354,-88.04051686,55059.0,1079.8473705628064,2.5669033315128345,1784,1796,47,0,1749,1765,169290,35,0,0,35,31
2020-07-15,US,Wisconsin,Kewaunee,86,1,0,44.51727459,-87.61468386,55061.0,420.86718214740137,1.162790697674419,85,83,1,0,82,77,20383,3,0,0,3,6
2020-07-15,US,Wisconsin,La Crosse,618,0,0,43.90632465,-91.11451093,55063.0,523.6578091106289,0.0,618,611,0,0,611,591,118230,7,0,0,7,20
2020-07-15,US,Wisconsin,Lafayette,84,0,0,42.66005229,-90.1317729,55065.0,504.05040504050413,0.0,84,83,0,0,83,81,16665,1,0,0,1,2
2020-07-15,US,Wisconsin,Langlade,11,1,0,45.26271619,-89.07483625,55067.0,57.32450883318568,9.090909090909092,10,11,1,0,10,11,19268,0,0,0,0,0
2020-07-15,US,Wisconsin,Lincoln,24,0,0,45.33737523,-89.73411273,55069.0,86.97858152429964,0.0,24,22,0,0,22,23,27689,2,0,0,2,-1
2020-07-15,US,Wisconsin,Manitowoc,167,1,0,44.11946801,-87.80928853,55071.0,211.44325850521008,0.5988023952095808,166,162,1,0,161,155,79074,5,0,0,5,7
2020-07-15,US,Wisconsin,Marathon,312,1,0,44.89792533,-89.75863384,55073.0,229.9324941779913,0.3205128205128205,311,304,1,0,303,293,135428,8,0,0,8,11
2020-07-15,US,Wisconsin,Marinette,126,3,0,45.38553432,-88.03324599999998,55075.0,312.2676579925651,2.380952380952381,123,121,3,0,118,100,40434,5,0,0,5,21
2020-07-15,US,Wisconsin,Marquette,55,1,0,43.81911946,-89.40073763,55077.0,353.1526903814048,1.818181818181818,54,53,1,0,52,53,15434,2,0,0,2,0
2020-07-15,US,Wisconsin,Menominee,10,0,0,45.00422544,-88.70950714,55078.0,219.4907813871817,0.0,10,10,0,0,10,9,4658,0,0,0,0,1
2020-07-15,US,Wisconsin,Milwaukee,14679,403,0,43.00486062,-87.96733172,55079.0,1552.140894931513,2.7454186252469515,14276,14399,402,0,13997,14098,948201,280,1,0,279,301
2020-07-15,US,Wisconsin,Monroe,145,1,0,43.94641218,-90.61881899999999,55081.0,313.49317882083324,0.6896551724137931,144,139,1,0,138,137,46051,6,0,0,6,2
2020-07-15,US,Wisconsin,Oconto,101,0,0,45.02715345,-88.26807503,55083.0,266.2799894542578,0.0,101,98,0,0,98,88,37830,3,0,0,3,10
2020-07-15,US,Wisconsin,Oneida,38,0,0,45.70677897,-89.51944105,55085.0,106.75656693355808,0.0,38,32,0,0,32,28,35470,6,0,0,6,4
2020-07-15,US,Wisconsin,Outagamie,719,9,0,44.41578887,-88.46565023,55087.0,382.6808952284642,1.2517385257301807,710,695,9,0,686,665,187365,24,0,0,24,30
2020-07-15,US,Wisconsin,Ozaukee,340,16,0,43.38352225,-87.94625009,55089.0,381.0762040326829,4.705882352941177,324,330,16,0,314,315,89147,10,0,0,10,15
2020-07-15,US,Wisconsin,Pepin,18,0,0,44.58307413,-91.99949611,55091.0,247.0152326060107,0.0,18,16,0,0,16,15,7289,2,0,0,2,1
2020-07-15,US,Wisconsin,Pierce,113,0,0,44.71850291,-92.4224416,55093.0,264.3027552977499,0.0,113,110,0,0,110,103,42555,3,0,0,3,7
2020-07-15,US,Wisconsin,Polk,74,2,0,45.46130348,-92.44182875,55095.0,169.01537126281892,2.702702702702702,72,75,2,0,73,69,43598,-1,0,0,-1,6
2020-07-15,US,Wisconsin,Portage,260,0,0,44.47558711,-89.50152965,55097.0,367.3769287288758,0.0,260,258,0,0,258,254,70942,2,0,0,2,4
2020-07-15,US,Wisconsin,Price,9,0,0,45.68051754,-90.36098879999999,55099.0,67.41068084787656,0.0,9,8,0,0,8,8,13397,1,0,0,1,0
2020-07-15,US,Wisconsin,Racine,2418,65,0,42.74753117,-88.05941254,55101.0,1231.7190580252761,2.6881720430107525,2353,2391,65,0,2326,2349,196584,27,0,0,27,42
2020-07-15,US,Wisconsin,Richland,17,4,0,43.3762778,-90.43012729,55103.0,98.53929979132856,23.529411764705888,13,17,4,0,13,17,17377,0,0,0,0,0
2020-07-15,US,Wisconsin,Rock,1081,24,0,42.67151616,-89.07147900000002,55105.0,661.7530026812934,2.2201665124884364,1057,1071,24,0,1047,1041,163129,10,0,0,10,30
2020-07-15,US,Wisconsin,Rusk,12,1,0,45.47498854,-91.1333012,55107.0,84.63817181548879,8.333333333333334,11,11,1,0,10,11,14147,1,0,0,1,0
2020-07-15,US,Wisconsin,Sauk,191,3,0,43.42574087,-89.94966132,55111.0,296.3905527451041,1.5706806282722514,188,190,3,0,187,169,64249,1,0,0,1,21
2020-07-15,US,Wisconsin,Sawyer,15,0,0,45.87931905,-91.14504927,55113.0,90.59065104481218,0.0,15,15,0,0,15,15,16489,0,0,0,0,0
2020-07-15,US,Wisconsin,Shawano,104,0,0,44.78902246,-88.76443896,55115.0,254.28494584219658,0.0,104,101,0,0,101,95,40796,3,0,0,3,6
2020-07-15,US,Wisconsin,Sheboygan,326,4,0,43.72099677,-87.94579284,55117.0,282.642621813768,1.2269938650306749,322,312,4,0,308,293,115456,14,0,0,14,19
2020-07-15,US,Wisconsin,St. Croix,297,2,0,45.03437474,-92.45000068,55109.0,327.5000827020412,0.6734006734006734,295,294,2,0,292,288,89694,3,0,0,3,6
2020-07-15,US,Wisconsin,Taylor,25,0,0,45.21179252,-90.5004405,55119.0,122.8923954185715,0.0,25,23,0,0,23,21,20412,2,0,0,2,2
2020-07-15,US,Wisconsin,Trempealeau,194,0,0,44.30360275,-91.35893614,55121.0,654.3222368376672,0.0,194,187,0,0,187,184,29442,7,0,0,7,3
2020-07-15,US,Wisconsin,Vernon,42,0,0,43.59422667,-90.8324691,55123.0,136.26630328985792,0.0,42,42,0,0,42,40,30785,0,0,0,0,2
2020-07-15,US,Wisconsin,Vilas,17,0,0,46.05467334,-89.51719204,55125.0,76.5938274386123,0.0,17,17,0,0,17,17,21938,0,0,0,0,0
2020-07-15,US,Wisconsin,Walworth,815,18,0,42.66858202,-88.54163073,55127.0,784.6497477567682,2.208588957055215,797,800,18,0,782,791,103718,15,0,0,15,9
2020-07-15,US,Wisconsin,Washburn,6,0,0,45.89838588,-91.79050449,55129.0,38.16793893129771,0.0,6,6,0,0,6,6,15878,0,0,0,0,0
2020-07-15,US,Wisconsin,Washington,510,19,0,43.36863664,-88.22974712,55131.0,374.90627343164215,3.725490196078432,491,500,19,0,481,489,135693,10,0,0,10,11
2020-07-15,US,Wisconsin,Waukesha,1878,40,0,43.01833055,-88.30431188,55133.0,464.62377349714745,2.1299254526091587,1838,1804,40,0,1764,1725,403072,74,0,0,74,79
2020-07-15,US,Wisconsin,Waupaca,196,13,0,44.47068056,-88.96534501,55135.0,384.38909590115713,6.632653061224491,183,188,13,0,175,182,51128,8,0,0,8,6
2020-07-15,US,Wisconsin,Waushara,48,0,0,44.11324419,-89.24317107,55137.0,196.37524035511188,0.0,48,47,0,0,47,45,24263,1,0,0,1,2
2020-07-15,US,Wisconsin,Winnebago,804,14,0,44.06886922,-88.64477096,55139.0,467.6947419244126,1.7412935323383083,790,788,14,0,774,777,171020,16,0,0,16,11
2020-07-15,US,Wisconsin,Wood,112,1,0,44.45537896,-90.04158336,55141.0,153.42675927067498,0.8928571428571429,111,109,1,0,108,109,73055,3,0,0,3,0
2020-07-15,US,Wyoming,Albany,53,0,0,41.65498705,-105.72354150000001,56001.0,136.31687242798353,0.0,53,52,0,0,52,49,38601,1,0,0,1,3
2020-07-15,US,Wyoming,Big Horn,30,0,0,44.52405055,-107.9960365,56003.0,254.45292620865138,0.0,30,30,0,0,30,30,11881,0,0,0,0,0
2020-07-15,US,Wyoming,Campbell,93,0,0,44.24886082,-105.54744040000001,56005.0,200.6862173884897,0.0,93,89,0,0,89,88,46140,4,0,0,4,1
2020-07-15,US,Wyoming,Carbon,29,0,0,41.69357844,-106.9326084,56007.0,195.945945945946,0.0,29,29,0,0,29,29,14971,0,0,0,0,0
2020-07-15,US,Wyoming,Converse,28,0,0,42.97272268,-105.5081848,56009.0,202.57560410939084,0.0,28,28,0,0,28,28,13640,0,0,0,0,0
2020-07-15,US,Wyoming,Crook,8,0,0,44.58855102,-104.56977049999999,56011.0,105.48523206751057,0.0,8,8,0,0,8,7,7450,0,0,0,0,1
2020-07-15,US,Wyoming,Fremont,407,0,0,43.04183996,-108.6296893,56013.0,1036.6521484424748,0.0,407,397,0,0,397,387,39531,10,0,0,10,10
2020-07-15,US,Wyoming,Goshen,10,0,0,42.08798185,-104.3534743,56015.0,75.69449701006738,0.0,10,10,0,0,10,10,13376,0,0,0,0,0
2020-07-15,US,Wyoming,Hot Springs,12,0,0,43.71930657,-108.44231740000001,56017.0,271.92386131883075,0.0,12,12,0,0,12,12,4555,0,0,0,0,0
2020-07-15,US,Wyoming,Johnson,22,1,0,44.04057166,-106.58451740000001,56019.0,260.5091770278271,4.545454545454546,21,22,1,0,21,21,8460,0,0,0,0,1
2020-07-15,US,Wyoming,Laramie,357,0,0,41.30702520000001,-104.6887497,56021.0,358.7939698492462,0.0,357,352,0,0,352,338,98976,5,0,0,5,14
2020-07-15,US,Wyoming,Lincoln,43,0,0,42.26376367,-110.6563997,56023.0,216.84316691880989,0.0,43,43,0,0,43,41,19434,0,0,0,0,2
2020-07-15,US,Wyoming,Natrona,172,0,0,42.96180148,-106.79788500000001,56025.0,215.38230358887023,0.0,172,171,0,0,171,167,79115,1,0,0,1,4
2020-07-15,US,Wyoming,Niobrara,2,0,0,43.05607708,-104.47588959999999,56027.0,84.88964346349746,0.0,2,2,0,0,2,2,2388,0,0,0,0,0
2020-07-15,US,Wyoming,Park,88,0,0,44.52157546,-109.58528249999999,56029.0,301.4318010550113,0.0,88,84,0,0,84,84,29324,4,0,0,4,0
2020-07-15,US,Wyoming,Platte,4,0,0,42.13299116,-104.96633100000001,56031.0,47.658763255093525,0.0,4,4,0,0,4,4,8566,0,0,0,0,0
2020-07-15,US,Wyoming,Sheridan,36,0,0,44.79048913,-106.8862389,56033.0,118.09086435952108,0.0,36,33,0,0,33,33,30233,3,0,0,3,0
2020-07-15,US,Wyoming,Sublette,10,0,0,42.76558279,-109.91309220000001,56035.0,101.71905197843556,0.0,10,10,0,0,10,10,9813,0,0,0,0,0
2020-07-15,US,Wyoming,Sweetwater,157,0,0,41.65943896,-108.8827882,56037.0,370.7814750962377,0.0,157,156,0,0,156,150,43051,1,0,0,1,6
2020-07-15,US,Wyoming,Teton,170,0,0,43.93522482,-110.5890801,56039.0,724.5141493351518,0.0,170,164,0,0,164,162,23081,6,0,0,6,2
2020-07-15,US,Wyoming,Uinta,208,0,0,41.2878183,-110.54757820000002,56041.0,1028.379313754573,0.0,208,208,0,0,208,205,20299,0,0,0,0,3
2020-07-15,US,Wyoming,Unassigned,0,21,0,0.0,0.0,90056.0,0.0,0.0,-21,0,21,0,-21,0,,0,0,0,0,0
2020-07-15,US,Wyoming,Washakie,43,0,0,43.90451606,-107.68018700000002,56043.0,550.9288917360666,0.0,43,43,0,0,43,43,7885,0,0,0,0,0
2020-07-15,US,Wyoming,Weston,3,0,0,43.83961191,-104.56748809999999,56045.0,43.308791684712,0.0,3,3,0,0,3,3,6967,0,0,0,0,0
