Date,Country/Region,Province/State,Admin2,Confirmed,Deaths,Recovered,Latitude,Longitude,FIPS,Active Cases,Previous Confirmed,Previous Deaths,Previous Recovered,Previous Active,Prev2 Confirmed,Population,Daily Confirmed,Daily Deaths,Daily Recovered,Daily Active,Previous Daily Confirmed
2020-05-21,US,Alabama,Autauga,143,3,0,32.53952745,-86.64408227,1001.0,140,136,3,0,133,127,55601,7,0,0,7,9
2020-05-21,US,Alabama,Baldwin,269,8,0,30.72774991,-87.72207058,1003.0,261,270,8,0,262,262,218022,-1,0,0,-1,8
2020-05-21,US,Alabama,Barbour,99,1,0,31.868263,-85.3871286,1005.0,98,96,1,0,95,90,24881,3,0,0,3,6
2020-05-21,US,Alabama,Bibb,52,1,0,32.99642064,-87.12511459999996,1007.0,51,52,1,0,51,51,22400,0,0,0,0,1
2020-05-21,US,Alabama,Blount,47,1,0,33.98210918,-86.56790593,1009.0,46,47,1,0,46,47,57840,0,0,0,0,0
2020-05-21,US,Alabama,Bullock,65,1,0,32.10030533,-85.71265535,1011.0,64,64,1,0,63,52,10138,1,0,0,1,12
2020-05-21,US,Alabama,Butler,318,11,0,31.75300095,-86.68057478,1013.0,307,312,11,0,301,295,19680,6,0,0,6,17
2020-05-21,US,Alabama,Calhoun,136,3,0,33.77483727,-85.82630386,1015.0,133,136,3,0,133,133,114277,0,0,0,0,3
2020-05-21,US,Alabama,Chambers,332,23,0,32.91360079,-85.39072749,1017.0,309,331,23,0,308,329,33615,1,0,0,1,2
2020-05-21,US,Alabama,Cherokee,31,0,0,34.17805983,-85.60638968,1019.0,31,30,0,0,30,29,26032,1,0,0,1,1
2020-05-21,US,Alabama,Chilton,83,1,0,32.85044126,-86.7173256,1021.0,82,83,1,0,82,80,44153,0,0,0,0,3
2020-05-21,US,Alabama,Choctaw,131,3,0,32.02227341,-88.26564429999998,1023.0,128,129,3,0,126,92,12841,2,0,0,2,37
2020-05-21,US,Alabama,Clarke,91,2,0,31.68099859,-87.83548597,1025.0,89,89,2,0,87,81,23920,2,0,0,2,8
2020-05-21,US,Alabama,Clay,27,2,0,33.26984193,-85.85836077,1027.0,25,27,2,0,25,27,13275,0,0,0,0,0
2020-05-21,US,Alabama,Cleburne,13,1,0,33.67679204,-85.52005899,1029.0,12,13,1,0,12,13,14987,0,0,0,0,0
2020-05-21,US,Alabama,Coffee,184,1,0,31.39932826,-85.98901039,1031.0,183,184,1,0,183,175,51909,0,0,0,0,9
2020-05-21,US,Alabama,Colbert,111,2,0,34.69847452,-87.80168544,1033.0,109,110,2,0,108,98,54762,1,0,0,1,12
2020-05-21,US,Alabama,Conecuh,22,1,0,31.43401703,-86.99320044,1035.0,21,22,0,0,22,21,12277,0,1,0,-1,1
2020-05-21,US,Alabama,Coosa,33,1,0,32.93690146,-86.24847739,1037.0,32,33,1,0,32,33,10715,0,0,0,0,0
2020-05-21,US,Alabama,Covington,60,1,0,31.247785399999998,-86.45050893,1039.0,59,59,1,0,58,58,36986,1,0,0,1,1
2020-05-21,US,Alabama,Crenshaw,52,2,0,31.72941803,-86.31593104,1041.0,50,52,2,0,50,53,13824,0,0,0,0,-1
2020-05-21,US,Alabama,Cullman,72,0,0,34.13020303,-86.86888037,1043.0,72,71,0,0,71,70,83442,1,0,0,1,1
2020-05-21,US,Alabama,Dale,75,0,0,31.43037123,-85.61095742,1045.0,75,71,0,0,71,63,48956,4,0,0,4,8
2020-05-21,US,Alabama,Dallas,173,3,0,32.32688101,-87.10866709999998,1047.0,170,172,3,0,169,159,38310,1,0,0,1,13
2020-05-21,US,Alabama,DeKalb,207,3,0,34.45946862,-85.80782906,1049.0,204,206,3,0,203,195,71385,1,0,0,1,11
2020-05-21,US,Alabama,Elmore,234,7,0,32.59785413,-86.14415284,1051.0,227,226,7,0,219,207,81887,8,0,0,8,19
2020-05-21,US,Alabama,Escambia,39,3,0,31.1256789,-87.15918694,1053.0,36,39,3,0,36,39,36748,0,0,0,0,0
2020-05-21,US,Alabama,Etowah,226,10,0,34.04567266,-86.04051873,1055.0,216,223,10,0,213,215,102501,3,0,0,3,8
2020-05-21,US,Alabama,Fayette,10,0,0,33.72076938,-87.73886638,1057.0,10,9,0,0,9,9,16433,1,0,0,1,0
2020-05-21,US,Alabama,Franklin,409,5,0,34.44235334,-87.84289505,1059.0,404,399,5,0,394,364,31363,10,0,0,10,35
2020-05-21,US,Alabama,Geneva,27,0,0,31.09389027,-85.83572839,1061.0,27,26,0,0,26,23,26314,1,0,0,1,3
2020-05-21,US,Alabama,Greene,87,4,0,32.85504247,-87.95684022,1063.0,83,86,4,0,82,87,8233,1,0,0,1,-1
2020-05-21,US,Alabama,Hale,110,3,0,32.76039258,-87.63284988,1065.0,107,106,2,0,104,96,14726,4,1,0,3,10
2020-05-21,US,Alabama,Henry,48,1,0,31.51148016,-85.24267944,1067.0,47,48,1,0,47,44,17209,0,0,0,0,4
2020-05-21,US,Alabama,Houston,150,3,0,31.15197924,-85.29939599,1069.0,147,149,3,0,146,141,104722,1,0,0,1,8
2020-05-21,US,Alabama,Jackson,68,2,0,34.78144169,-85.99750489,1071.0,66,66,2,0,64,63,51736,2,0,0,2,3
2020-05-21,US,Alabama,Jefferson,1453,85,0,33.55554728,-86.89506300000002,1073.0,1368,1433,83,0,1350,1367,659300,20,2,0,18,66
2020-05-21,US,Alabama,Lamar,16,0,0,33.77995024,-88.09668032,1075.0,16,15,0,0,15,15,13844,1,0,0,1,0
2020-05-21,US,Alabama,Lauderdale,119,2,0,34.90171875,-87.65624729,1077.0,117,117,2,0,115,116,92387,2,0,0,2,1
2020-05-21,US,Alabama,Lawrence,38,0,0,34.52041498,-87.31069453,1079.0,38,35,0,0,35,35,32957,3,0,0,3,0
2020-05-21,US,Alabama,Lee,466,32,0,32.60154883,-85.35132246,1081.0,434,461,32,0,429,450,163941,5,0,0,5,11
2020-05-21,US,Alabama,Limestone,70,0,0,34.81185586,-86.98310072,1083.0,70,69,0,0,69,65,96174,1,0,0,1,4
2020-05-21,US,Alabama,Lowndes,158,10,0,32.1597283,-86.65158371,1085.0,148,155,10,0,145,140,9974,3,0,0,3,15
2020-05-21,US,Alabama,Macon,59,2,0,32.38759944,-85.69267724,1087.0,57,58,2,0,56,54,18439,1,0,0,1,4
2020-05-21,US,Alabama,Madison,285,4,0,34.76327133,-86.55069633,1089.0,281,285,4,0,281,278,366519,0,0,0,0,7
2020-05-21,US,Alabama,Marengo,119,6,0,32.24767634,-87.78796182,1091.0,113,118,6,0,112,116,19066,1,0,0,1,2
2020-05-21,US,Alabama,Marion,108,10,0,34.13697363,-87.88704173,1093.0,98,108,10,0,98,106,29763,0,0,0,0,2
2020-05-21,US,Alabama,Marshall,644,9,0,34.36975964,-86.30486727,1095.0,635,641,9,0,632,638,96109,3,0,0,3,3
2020-05-21,US,Alabama,Mobile,1870,107,0,30.78472347,-88.20842409,1097.0,1763,1822,106,0,1716,1751,413757,48,1,0,47,71
2020-05-21,US,Alabama,Monroe,22,2,0,31.56729412,-87.36995001,1099.0,20,22,2,0,20,20,21067,0,0,0,0,2
2020-05-21,US,Alabama,Montgomery,1028,28,0,32.2206831,-86.20969272,1101.0,1000,994,27,0,967,907,225763,34,1,0,33,87
2020-05-21,US,Alabama,Morgan,137,1,0,34.45500589,-86.85475946,1103.0,136,132,1,0,131,119,119089,5,0,0,5,13
2020-05-21,US,Alabama,Perry,25,0,0,32.64048341,-87.29770589,1105.0,25,23,0,0,23,22,9140,2,0,0,2,1
2020-05-21,US,Alabama,Pickens,86,4,0,33.28094866,-88.08818103,1107.0,82,86,4,0,82,84,19938,0,0,0,0,2
2020-05-21,US,Alabama,Pike,124,0,0,31.80396383,-85.9408295,1109.0,124,121,0,0,121,110,33338,3,0,0,3,11
2020-05-21,US,Alabama,Randolph,121,7,0,33.29526734,-85.45708831,1111.0,114,120,7,0,113,120,22725,1,0,0,1,0
2020-05-21,US,Alabama,Russell,118,0,0,32.28725256,-85.18415324,1113.0,118,116,0,0,116,109,57781,2,0,0,2,7
2020-05-21,US,Alabama,Shelby,417,19,0,33.26879845,-86.66232561,1117.0,398,414,19,0,395,404,215707,3,0,0,3,10
2020-05-21,US,Alabama,St. Clair,97,1,0,33.71902176,-86.31029372,1115.0,96,95,1,0,94,91,88690,2,0,0,2,4
2020-05-21,US,Alabama,Sumter,169,5,0,32.59117397,-88.19916205,1119.0,164,164,5,0,159,148,12691,5,0,0,5,16
2020-05-21,US,Alabama,Talladega,82,2,0,33.37823223,-86.16886178,1121.0,80,82,2,0,80,81,79828,0,0,0,0,1
2020-05-21,US,Alabama,Tallapoosa,384,59,0,32.86698258,-85.79833053,1123.0,325,379,59,0,320,371,40497,5,0,0,5,8
2020-05-21,US,Alabama,Tuscaloosa,446,9,0,33.28726072,-87.52556818,1125.0,437,431,8,0,423,387,208911,15,1,0,14,44
2020-05-21,US,Alabama,Walker,168,1,0,33.80270512,-87.30027177,1127.0,167,164,1,0,163,148,63711,4,0,0,4,16
2020-05-21,US,Alabama,Washington,63,5,0,31.4092794,-88.20689944,1129.0,58,62,5,0,57,61,16378,1,0,0,1,1
2020-05-21,US,Alabama,Wilcox,109,6,0,31.98773215,-87.30891118,1131.0,103,108,6,0,102,97,10627,1,0,0,1,11
2020-05-21,US,Alabama,Winston,53,0,0,34.15030532,-87.37325922,1133.0,53,50,0,0,50,45,23660,3,0,0,3,5
2020-05-21,US,Alaska,Anchorage,206,4,0,61.14998174,-149.14269860000005,2020.0,202,206,4,0,202,205,291538,0,0,0,0,1
2020-05-21,US,Alaska,Bethel,2,0,0,60.90980451,-159.8561831,2050.0,2,2,0,0,2,2,18216,0,0,0,0,0
2020-05-21,US,Alaska,Fairbanks North Star,85,2,0,64.80726247,-146.5692662,2090.0,83,85,2,0,83,85,98971,0,0,0,0,0
2020-05-21,US,Alaska,Juneau,30,0,0,58.45031811,-134.200436,2110.0,30,30,0,0,30,30,32113,0,0,0,0,0
2020-05-21,US,Alaska,Kenai Peninsula,26,2,0,60.24429722,-151.53888840000005,2122.0,24,26,2,0,24,26,58533,0,0,0,0,0
2020-05-21,US,Alaska,Ketchikan Gateway,16,0,0,55.57445008,-130.975561,2130.0,16,16,0,0,16,16,13918,0,0,0,0,0
2020-05-21,US,Alaska,Kodiak Island,1,0,0,57.65529415,-153.7493579,2150.0,1,1,0,0,1,1,13345,0,0,0,0,0
2020-05-21,US,Alaska,Matanuska-Susitna,22,1,0,62.31305045,-149.5741743,2170.0,21,22,1,0,21,22,107610,0,0,0,0,0
2020-05-21,US,Alaska,Nome,1,0,0,64.90320724,-164.0353804,2180.0,1,1,0,0,1,1,10008,0,0,0,0,0
2020-05-21,US,Alaska,Northwest Arctic,1,0,0,67.04919196,-159.7503946,2188.0,1,1,0,0,1,,7671,0,0,0,0,
2020-05-21,US,Alaska,Petersburg,4,1,0,57.13978948,-132.9540995,2195.0,3,4,1,0,3,4,3221,0,0,0,0,0
2020-05-21,US,Alaska,Prince of Wales-Hyder,2,0,0,55.76261984,-133.0511621,2198.0,2,2,0,0,2,2,6422,0,0,0,0,0
2020-05-21,US,Alaska,Sitka,1,0,0,57.24124555,-135.3206587,2220.0,1,1,0,0,1,1,8647,0,0,0,0,0
2020-05-21,US,Alaska,Southeast Fairbanks,3,0,0,63.87692095,-143.2127643,2240.0,3,3,0,0,3,3,6918,0,0,0,0,0
2020-05-21,US,Alaska,Yukon-Koyukuk,1,0,0,65.50815459,-151.39073869999999,2290.0,1,1,0,0,1,1,5327,0,0,0,0,0
2020-05-21,US,Arizona,Apache,1121,22,0,35.39465006,-109.4892383,4001.0,1099,1080,22,0,1058,1023,71818,41,0,0,41,57
2020-05-21,US,Arizona,Cochise,51,1,0,31.87934684,-109.7516088,4003.0,50,46,1,0,45,46,126770,5,0,0,5,0
2020-05-21,US,Arizona,Coconino,972,69,0,35.83883429,-111.77071780000001,4005.0,903,961,68,0,893,943,142854,11,1,0,10,18
2020-05-21,US,Arizona,Gila,22,1,0,33.80190085,-110.8132779,4007.0,21,22,1,0,21,22,53889,0,0,0,0,0
2020-05-21,US,Arizona,Graham,21,0,0,32.93166885,-109.8882178,4009.0,21,21,0,0,21,20,38072,0,0,0,0,1
2020-05-21,US,Arizona,Greenlee,3,0,0,33.21498827,-109.2405279,4011.0,3,3,0,0,3,3,9483,0,0,0,0,0
2020-05-21,US,Arizona,La Paz,45,1,0,33.72854224,-113.98100290000001,4012.0,44,40,1,0,39,38,21098,5,0,0,5,2
2020-05-21,US,Arizona,Maricopa,7835,361,0,33.34835867,-112.49181540000001,4013.0,7474,7644,357,0,7287,7482,4410824,191,4,0,187,162
2020-05-21,US,Arizona,Mohave,277,31,0,35.70471703,-113.7577902,4015.0,246,267,29,0,238,262,209550,10,2,0,8,5
2020-05-21,US,Arizona,Navajo,1421,52,0,35.3997715,-110.3218983,4017.0,1369,1361,52,0,1309,1320,110445,60,0,0,60,41
2020-05-21,US,Arizona,Pima,1944,174,0,32.0971334,-111.7890033,4019.0,1770,1903,167,0,1736,1888,1039073,41,7,0,34,15
2020-05-21,US,Arizona,Pinal,732,37,0,32.90525627,-111.3449483,4021.0,695,724,37,0,687,720,447138,8,0,0,8,4
2020-05-21,US,Arizona,Santa Cruz,123,0,0,31.52508998,-110.8479088,4023.0,123,102,0,0,102,97,46511,21,0,0,21,5
2020-05-21,US,Arizona,Unassigned,0,2,0,0.0,0.0,90004.0,-2,0,1,0,-1,0,,0,1,0,-1,0
2020-05-21,US,Arizona,Yavapai,273,6,0,34.59933926,-112.5538588,4025.0,267,273,6,0,267,269,231993,0,0,0,0,4
2020-05-21,US,Arizona,Yuma,508,7,0,32.76895712,-113.90666740000002,4027.0,501,459,5,0,454,443,212128,49,2,0,47,16
2020-05-21,US,Arkansas,Arkansas,2,0,0,34.29145151,-91.37277296,5001.0,2,2,0,0,2,2,17769,0,0,0,0,0
2020-05-21,US,Arkansas,Ashley,19,0,0,33.19153461,-91.76984709999999,5003.0,19,19,0,0,19,19,20046,0,0,0,0,0
2020-05-21,US,Arkansas,Baxter,6,0,0,36.28784385,-92.33782872,5005.0,6,6,0,0,6,6,41619,0,0,0,0,0
2020-05-21,US,Arkansas,Benton,190,0,0,36.33644656,-94.25680817,5007.0,190,163,0,0,163,155,272608,27,0,0,27,8
2020-05-21,US,Arkansas,Boone,5,0,0,36.3084504,-93.09374925,5009.0,5,5,0,0,5,5,37480,0,0,0,0,0
2020-05-21,US,Arkansas,Bradley,15,1,0,33.46755808,-92.15980837,5011.0,14,14,1,0,13,14,10897,1,0,0,1,0
2020-05-21,US,Arkansas,Carroll,8,0,0,36.34038560000001,-93.54270261,5015.0,8,6,0,0,6,6,28223,2,0,0,2,0
2020-05-21,US,Arkansas,Chicot,12,0,0,33.26458973,-91.29539209,5017.0,12,11,0,0,11,11,10438,1,0,0,1,0
2020-05-21,US,Arkansas,Clark,35,0,0,34.04613432,-93.17484713,5019.0,35,35,0,0,35,35,22061,0,0,0,0,0
2020-05-21,US,Arkansas,Clay,4,0,0,36.36826212,-90.4148172,5021.0,4,4,0,0,4,4,14847,0,0,0,0,0
2020-05-21,US,Arkansas,Cleburne,73,4,0,35.53864922,-92.02640019,5023.0,69,73,4,0,69,72,24965,0,0,0,0,1
2020-05-21,US,Arkansas,Cleveland,17,0,0,33.89723187,-92.18537045,5025.0,17,17,0,0,17,17,8018,0,0,0,0,0
2020-05-21,US,Arkansas,Columbia,20,2,0,33.21230701,-93.22642793,5027.0,18,20,2,0,18,18,23537,0,0,0,0,2
2020-05-21,US,Arkansas,Conway,14,1,0,35.26205537,-92.70506566,5029.0,13,14,1,0,13,14,20891,0,0,0,0,0
2020-05-21,US,Arkansas,Craighead,170,0,0,35.83018283,-90.63235729,5031.0,170,153,0,0,153,147,108558,17,0,0,17,6
2020-05-21,US,Arkansas,Crawford,12,0,0,35.58928601,-94.2446814,5033.0,12,12,0,0,12,12,63406,0,0,0,0,0
2020-05-21,US,Arkansas,Crittenden,267,8,0,35.21247318,-90.30839406,5035.0,259,250,8,0,242,241,48342,17,0,0,17,9
2020-05-21,US,Arkansas,Cross,41,0,0,35.29631396,-90.77185818,5037.0,41,40,0,0,40,39,16676,1,0,0,1,1
2020-05-21,US,Arkansas,Dallas,1,0,0,33.97042763,-92.65167437,5039.0,1,1,0,0,1,1,7182,0,0,0,0,0
2020-05-21,US,Arkansas,Desha,18,0,0,33.83011025,-91.25500948,5041.0,18,18,0,0,18,18,11512,0,0,0,0,0
2020-05-21,US,Arkansas,Drew,19,1,0,33.59035001,-91.71777921,5043.0,18,19,1,0,18,19,18328,0,0,0,0,0
2020-05-21,US,Arkansas,Faulkner,98,3,0,35.14719007,-92.33717519,5045.0,95,95,3,0,92,95,124806,3,0,0,3,0
2020-05-21,US,Arkansas,Franklin,2,0,0,35.51202821,-93.89299569,5047.0,2,2,0,0,2,2,17810,0,0,0,0,0
2020-05-21,US,Arkansas,Fulton,4,0,0,36.38177105,-91.81729127,5049.0,4,4,0,0,4,4,12269,0,0,0,0,0
2020-05-21,US,Arkansas,Garland,131,1,0,34.57692074,-93.14921604,5051.0,130,130,1,0,129,130,99154,1,0,0,1,0
2020-05-21,US,Arkansas,Grant,16,0,0,34.29017991,-92.42320562,5053.0,16,16,0,0,16,16,18188,0,0,0,0,0
2020-05-21,US,Arkansas,Greene,34,0,0,36.11735460000001,-90.55832668,5055.0,34,29,0,0,29,25,45325,5,0,0,5,4
2020-05-21,US,Arkansas,Hempstead,12,1,0,33.73325583,-93.66935133,5057.0,11,10,1,0,9,9,21741,2,0,0,2,1
2020-05-21,US,Arkansas,Hot Spring,29,0,0,34.31709259,-92.95396325,5059.0,29,29,0,0,29,29,33701,0,0,0,0,0
2020-05-21,US,Arkansas,Howard,14,0,0,34.09007427,-93.9934871,5061.0,14,14,0,0,14,14,13341,0,0,0,0,0
2020-05-21,US,Arkansas,Independence,27,0,0,35.74242707,-91.57001641,5063.0,27,27,0,0,27,26,37678,0,0,0,0,1
2020-05-21,US,Arkansas,Izard,14,0,0,36.09604046,-91.90847954,5065.0,14,14,0,0,14,14,13593,0,0,0,0,0
2020-05-21,US,Arkansas,Jackson,1,0,0,35.59802983,-91.21494602,5067.0,1,1,0,0,1,1,16811,0,0,0,0,0
2020-05-21,US,Arkansas,Jefferson,500,22,0,34.26767081,-91.92619839,5069.0,478,499,21,0,478,497,68114,1,1,0,0,2
2020-05-21,US,Arkansas,Johnson,36,0,0,35.56759135,-93.46036368,5071.0,36,35,0,0,35,35,26742,1,0,0,1,0
2020-05-21,US,Arkansas,Lafayette,9,1,0,33.24116713,-93.60677071,5073.0,8,9,1,0,8,9,6682,0,0,0,0,0
2020-05-21,US,Arkansas,Lawrence,79,5,0,36.04188196,-91.10867198,5075.0,74,77,4,0,73,77,16434,2,1,0,1,0
2020-05-21,US,Arkansas,Lee,13,1,0,34.78498904,-90.78383866,5077.0,12,12,1,0,11,12,8985,1,0,0,1,0
2020-05-21,US,Arkansas,Lincoln,966,8,0,33.95317155,-91.74002806,5079.0,958,966,8,0,958,965,13383,0,0,0,0,1
2020-05-21,US,Arkansas,Little River,1,0,0,33.70375665,-94.23468591,5081.0,1,1,0,0,1,1,12326,0,0,0,0,0
2020-05-21,US,Arkansas,Logan,4,0,0,35.21413234,-93.71951016,5083.0,4,4,0,0,4,4,21737,0,0,0,0,0
2020-05-21,US,Arkansas,Lonoke,46,0,0,34.75392199,-91.88742357,5085.0,46,46,0,0,46,46,73657,0,0,0,0,0
2020-05-21,US,Arkansas,Madison,2,0,0,36.01038185,-93.72524943,5087.0,2,2,0,0,2,2,16481,0,0,0,0,0
2020-05-21,US,Arkansas,Marion,1,0,0,36.26844485,-92.68451899,5089.0,1,1,0,0,1,1,16722,0,0,0,0,0
2020-05-21,US,Arkansas,Miller,42,1,0,33.31403423,-93.89285258,5091.0,41,42,1,0,41,42,43592,0,0,0,0,0
2020-05-21,US,Arkansas,Mississippi,69,1,0,35.76271485,-90.05194370000002,5093.0,68,66,1,0,65,65,41239,3,0,0,3,1
2020-05-21,US,Arkansas,Monroe,5,0,0,34.6815935,-91.20540287,5095.0,5,5,0,0,5,5,6900,0,0,0,0,0
2020-05-21,US,Arkansas,Montgomery,1,0,0,34.53704874,-93.65824478,5097.0,1,1,0,0,1,1,8924,0,0,0,0,0
2020-05-21,US,Arkansas,Nevada,4,0,0,33.66340119,-93.30632432,5099.0,4,4,0,0,4,4,8326,0,0,0,0,0
2020-05-21,US,Arkansas,Newton,3,0,0,35.91947491,-93.21612969,5101.0,3,3,0,0,3,3,7805,0,0,0,0,0
2020-05-21,US,Arkansas,Ouachita,10,0,0,33.58839816,-92.87795984,5103.0,10,10,0,0,10,10,23606,0,0,0,0,0
2020-05-21,US,Arkansas,Perry,12,0,0,34.945915299999996,-92.94372564,5105.0,12,12,0,0,12,12,10352,0,0,0,0,0
2020-05-21,US,Arkansas,Phillips,6,1,0,34.43268455,-90.84800154,5107.0,5,5,1,0,4,5,18029,1,0,0,1,0
2020-05-21,US,Arkansas,Pike,4,0,0,34.16250414,-93.65789349,5109.0,4,3,0,0,3,3,10673,1,0,0,1,0
2020-05-21,US,Arkansas,Poinsett,30,2,0,35.57433534,-90.66268713,5111.0,28,28,2,0,26,28,23974,2,0,0,2,0
2020-05-21,US,Arkansas,Polk,9,0,0,34.48254879,-94.22728802,5113.0,9,9,0,0,9,8,20049,0,0,0,0,1
2020-05-21,US,Arkansas,Pope,92,1,0,35.44871474,-93.03212219,5115.0,91,79,0,0,79,76,64000,13,1,0,12,3
2020-05-21,US,Arkansas,Prairie,2,0,0,34.83624419,-91.55162157,5117.0,2,2,0,0,2,2,8074,0,0,0,0,0
2020-05-21,US,Arkansas,Pulaski,740,28,0,34.77054088,-92.31355101,5119.0,712,724,28,0,696,713,392680,16,0,0,16,11
2020-05-21,US,Arkansas,Randolph,24,0,0,36.3415714,-91.02455531,5121.0,24,24,0,0,24,23,17948,0,0,0,0,1
2020-05-21,US,Arkansas,Saline,83,1,0,34.64916145,-92.67583224,5125.0,82,82,1,0,81,82,121421,1,0,0,1,0
2020-05-21,US,Arkansas,Scott,1,0,0,34.85588887,-94.0632176,5127.0,1,1,0,0,1,1,10319,0,0,0,0,0
2020-05-21,US,Arkansas,Searcy,6,0,0,35.9109364,-92.69936482,5129.0,6,6,0,0,6,6,7958,0,0,0,0,0
2020-05-21,US,Arkansas,Sebastian,18,0,0,35.19605503,-94.27162713,5131.0,18,18,0,0,18,17,127753,0,0,0,0,1
2020-05-21,US,Arkansas,Sevier,50,1,0,33.99780401,-94.2424869,5133.0,49,49,1,0,48,46,17139,1,0,0,1,3
2020-05-21,US,Arkansas,Sharp,42,2,0,36.16258158,-91.47819342,5135.0,40,40,2,0,38,38,17366,2,0,0,2,2
2020-05-21,US,Arkansas,St. Francis,600,0,0,35.02201976,-90.74828138,5123.0,600,365,0,0,365,362,25439,235,0,0,235,3
2020-05-21,US,Arkansas,Stone,8,0,0,35.86251946,-92.15684085,5137.0,8,8,0,0,8,8,12457,0,0,0,0,0
2020-05-21,US,Arkansas,Unassigned,151,0,0,0.0,0.0,90005.0,151,133,0,0,133,130,,18,0,0,18,3
2020-05-21,US,Arkansas,Union,140,4,0,33.16887091,-92.59746952,5139.0,136,121,4,0,117,117,39126,19,0,0,19,4
2020-05-21,US,Arkansas,Van Buren,28,2,0,35.58095779,-92.51295036,5141.0,26,28,2,0,26,28,16603,0,0,0,0,0
2020-05-21,US,Arkansas,Washington,180,5,0,35.976844,-94.21800746,5143.0,175,154,5,0,149,151,236961,26,0,0,26,3
2020-05-21,US,Arkansas,White,37,1,0,35.25688493,-91.74908296,5145.0,36,37,1,0,36,37,78727,0,0,0,0,0
2020-05-21,US,Arkansas,Woodruff,1,0,0,35.18902527,-91.2439489,5147.0,1,1,0,0,1,1,6490,0,0,0,0,0
2020-05-21,US,Arkansas,Yell,73,1,0,35.00292371,-93.41171338,5149.0,72,38,1,0,37,30,21535,35,0,0,35,8
2020-05-21,US,California,Alameda,2609,90,0,37.64629437,-121.8929271,6001.0,2519,2560,88,0,2472,2522,1666753,49,2,0,47,38
2020-05-21,US,California,Alpine,2,0,0,38.59678594,-119.82235940000001,6003.0,2,2,0,0,2,2,1101,0,0,0,0,0
2020-05-21,US,California,Amador,10,0,0,38.44583082,-120.65696000000001,6005.0,10,10,0,0,10,10,39383,0,0,0,0,0
2020-05-21,US,California,Butte,31,0,0,39.66727762,-121.6005252,6007.0,31,30,0,0,30,26,231256,1,0,0,1,4
2020-05-21,US,California,Calaveras,13,0,0,38.20537103,-120.55291299999999,6009.0,13,13,0,0,13,13,45602,0,0,0,0,0
2020-05-21,US,California,Colusa,4,0,0,39.17881957,-122.2331726,6011.0,4,4,0,0,4,3,21627,0,0,0,0,1
2020-05-21,US,California,Contra Costa,1234,36,0,37.91923498,-121.9289527,6013.0,1198,1209,33,0,1176,1192,1150215,25,3,0,22,17
2020-05-21,US,California,Del Norte,15,0,0,41.74228275,-123.89740630000001,6015.0,15,15,0,0,15,13,27828,0,0,0,0,2
2020-05-21,US,California,El Dorado,67,0,0,38.77965956,-120.5233166,6017.0,67,67,0,0,67,67,190678,0,0,0,0,0
2020-05-21,US,California,Fresno,1338,20,0,36.75733899,-119.6466953,6019.0,1318,1338,20,0,1318,1287,994400,0,0,0,0,51
2020-05-21,US,California,Glenn,12,0,0,39.59875897,-122.3938452,6021.0,12,12,0,0,12,12,28047,0,0,0,0,0
2020-05-21,US,California,Humboldt,88,2,0,40.69923009,-123.876044,6023.0,86,88,2,0,86,86,136373,0,0,0,0,2
2020-05-21,US,California,Imperial,1076,21,0,33.0393082,-115.36690420000001,6025.0,1055,985,19,0,966,902,181827,91,2,0,89,83
2020-05-21,US,California,Inyo,19,1,0,36.51112084,-117.41119779999998,6027.0,18,19,1,0,18,19,17987,0,0,0,0,0
2020-05-21,US,California,Kern,1644,25,0,35.34329425,-118.72777959999999,6029.0,1619,1605,25,0,1580,1571,896764,39,0,0,39,34
2020-05-21,US,California,Kings,457,2,0,36.07409056,-119.8159973,6031.0,455,416,2,0,414,416,151366,41,0,0,41,0
2020-05-21,US,California,Lake,12,0,0,39.10124298,-122.75362439999999,6033.0,12,12,0,0,12,11,64382,0,0,0,0,1
2020-05-21,US,California,Los Angeles,42037,2016,0,34.30828379,-118.22824109999999,6037.0,40021,40895,1973,0,38922,39573,10105518,1142,43,0,1099,1322
2020-05-21,US,California,Madera,82,2,0,37.21513971,-119.76655890000002,6039.0,80,82,2,0,80,81,157672,0,0,0,0,1
2020-05-21,US,California,Marin,343,14,0,38.07122463,-122.72106310000001,6041.0,329,343,14,0,329,336,259666,0,0,0,0,7
2020-05-21,US,California,Mariposa,15,1,0,37.57978556,-119.9073334,6043.0,14,15,1,0,14,15,17471,0,0,0,0,0
2020-05-21,US,California,Mendocino,15,0,0,39.4381191,-123.39113130000001,6045.0,15,15,0,0,15,14,87606,0,0,0,0,1
2020-05-21,US,California,Merced,234,6,0,37.18922369,-120.72090349999999,6047.0,228,226,6,0,220,222,274765,8,0,0,8,4
2020-05-21,US,California,Mono,34,1,0,37.93899289,-118.8872409,6051.0,33,34,1,0,33,34,14250,0,0,0,0,0
2020-05-21,US,California,Monterey,355,8,0,36.21862405,-121.24133970000001,6053.0,347,349,8,0,341,349,435594,6,0,0,6,0
2020-05-21,US,California,Napa,95,3,0,38.50735751,-122.33283899999999,6055.0,92,94,3,0,91,92,139417,1,0,0,1,2
2020-05-21,US,California,Nevada,41,1,0,39.30394768,-120.76272809999999,6057.0,40,41,1,0,40,41,99696,0,0,0,0,0
2020-05-21,US,California,Orange,4841,112,0,33.70147516,-117.76459979999998,6059.0,4729,4742,98,0,4644,4500,3185968,99,14,0,85,242
2020-05-21,US,California,Placer,176,8,0,39.06167234,-120.72405690000001,6061.0,168,176,8,0,168,177,393149,0,0,0,0,-1
2020-05-21,US,California,Plumas,4,0,0,40.00355989,-120.8395236,6063.0,4,4,0,0,4,4,18804,0,0,0,0,0
2020-05-21,US,California,Riverside,6343,284,0,33.74314981,-115.9933578,6065.0,6059,6184,270,0,5914,6053,2450758,159,14,0,145,131
2020-05-21,US,California,Sacramento,1266,56,0,38.45106826,-121.34253740000001,6067.0,1210,1255,56,0,1199,1250,1540975,11,0,0,11,5
2020-05-21,US,California,San Benito,64,2,0,36.60308176,-121.069975,6069.0,62,64,2,0,62,63,61537,0,0,0,0,1
2020-05-21,US,California,San Bernardino,3984,164,0,34.84060306,-116.1774685,6071.0,3820,3795,158,0,3637,3707,2171603,189,6,0,183,88
2020-05-21,US,California,San Diego,6140,230,0,33.03484597,-116.73653259999999,6073.0,5910,6140,230,0,5910,6026,3343364,0,0,0,0,114
2020-05-21,US,California,San Francisco,2198,37,0,37.75215114,-122.43856720000001,6075.0,2161,2185,37,0,2148,2179,883305,13,0,0,13,6
2020-05-21,US,California,San Joaquin,733,33,0,37.93433732,-121.2730061,6077.0,700,716,33,0,683,709,752660,17,0,0,17,7
2020-05-21,US,California,San Luis Obispo,251,1,0,35.38822029,-120.4039028,6079.0,250,249,1,0,248,247,284010,2,0,0,2,2
2020-05-21,US,California,San Mateo,1738,75,0,37.422880799999994,-122.32755459999998,6081.0,1663,1697,75,0,1622,1687,769545,41,0,0,41,10
2020-05-21,US,California,Santa Barbara,1520,11,0,34.65329488,-120.0188492,6083.0,1509,1520,11,0,1509,1517,446527,0,0,0,0,3
2020-05-21,US,California,Santa Clara,2492,138,0,37.23104908,-121.6970462,6085.0,2354,2492,138,0,2354,2483,1937570,0,0,0,0,9
2020-05-21,US,California,Santa Cruz,174,2,0,37.05580291,-122.0066524,6087.0,172,168,2,0,166,165,274255,6,0,0,6,3
2020-05-21,US,California,Shasta,34,4,0,40.76391419,-122.0396884,6089.0,30,34,4,0,30,34,180040,0,0,0,0,0
2020-05-21,US,California,Siskiyou,6,0,0,41.59198861,-122.54074340000001,6093.0,6,6,0,0,6,6,43724,0,0,0,0,0
2020-05-21,US,California,Solano,435,18,0,38.26827353,-121.9357113,6095.0,417,435,18,0,417,430,446610,0,0,0,0,5
2020-05-21,US,California,Sonoma,433,4,0,38.52746429,-122.88625060000001,6097.0,429,411,4,0,407,391,499942,22,0,0,22,20
2020-05-21,US,California,Stanislaus,598,26,0,37.55862499,-120.9970722,6099.0,572,598,26,0,572,593,549815,0,0,0,0,5
2020-05-21,US,California,Sutter,40,2,0,39.03417539,-121.6945899,6101.0,38,40,2,0,38,40,96807,0,0,0,0,0
2020-05-21,US,California,Tehama,2,1,0,40.12570935,-122.23701709999999,6103.0,1,2,1,0,1,2,63916,0,0,0,0,0
2020-05-21,US,California,Trinity,1,0,0,40.64917670000001,-123.114713,6105.0,1,1,0,0,1,1,12535,0,0,0,0,0
2020-05-21,US,California,Tulare,1603,74,0,36.22026558,-118.8020203,6107.0,1529,1552,73,0,1479,1539,465861,51,1,0,50,13
2020-05-21,US,California,Tuolumne,2,0,0,38.02644018,-119.95250929999999,6109.0,2,2,0,0,2,2,54539,0,0,0,0,0
2020-05-21,US,California,Ventura,858,29,0,34.44465746,-119.09106129999999,6111.0,829,837,28,0,809,825,850967,21,1,0,20,12
2020-05-21,US,California,Yolo,185,22,0,38.68278902,-121.90182879999999,6113.0,163,185,22,0,163,185,220408,0,0,0,0,0
2020-05-21,US,California,Yuba,28,1,0,39.26255932,-121.35356440000001,6115.0,27,28,1,0,27,28,78041,0,0,0,0,0
2020-05-21,US,Colorado,Adams,2759,108,0,39.87432092,-104.3362578,8001.0,2651,2737,108,0,2629,2675,511868,22,0,0,22,62
2020-05-21,US,Colorado,Alamosa,51,2,0,37.57250606,-105.7885451,8003.0,49,43,2,0,41,43,16683,8,0,0,8,0
2020-05-21,US,Colorado,Arapahoe,3943,273,0,39.64977461,-104.3353617,8005.0,3670,3889,272,0,3617,3827,651215,54,1,0,53,62
2020-05-21,US,Colorado,Archuleta,8,0,0,37.19474156,-107.0476867,8007.0,8,8,0,0,8,8,13765,0,0,0,0,0
2020-05-21,US,Colorado,Baca,12,0,0,37.31940883,-102.5603223,8009.0,12,12,0,0,12,12,3585,0,0,0,0,0
2020-05-21,US,Colorado,Bent,1,0,0,37.95474293,-103.0720195,8011.0,1,1,0,0,1,1,5882,0,0,0,0,0
2020-05-21,US,Colorado,Boulder,890,61,0,40.09313619,-105.3546767,8013.0,829,878,60,0,818,871,326078,12,1,0,11,7
2020-05-21,US,Colorado,Broomfield,218,24,0,39.95998787,-105.0566324,8014.0,194,215,24,0,191,214,69267,3,0,0,3,1
2020-05-21,US,Colorado,Chaffee,69,18,0,38.74745778,-106.19265729999998,8015.0,51,69,18,0,51,69,20027,0,0,0,0,0
2020-05-21,US,Colorado,Cheyenne,5,0,0,38.82777431,-102.6032558,8017.0,5,5,0,0,5,5,1876,0,0,0,0,0
2020-05-21,US,Colorado,Clear Creek,16,1,0,39.68864463,-105.6463118,8019.0,15,16,1,0,15,16,9605,0,0,0,0,0
2020-05-21,US,Colorado,Conejos,1,0,0,37.201606,-106.19174879999998,8021.0,1,1,0,0,1,1,8200,0,0,0,0,0
2020-05-21,US,Colorado,Costilla,3,0,0,37.27732493,-105.4276548,8023.0,3,3,0,0,3,4,3828,0,0,0,0,-1
2020-05-21,US,Colorado,Crowley,43,1,0,38.32608609,-103.7844965,8025.0,42,42,1,0,41,39,5858,1,0,0,1,3
2020-05-21,US,Colorado,Custer,2,0,0,38.10883162,-105.3683478,8027.0,2,2,0,0,2,2,4954,0,0,0,0,0
2020-05-21,US,Colorado,Delta,57,1,0,38.86246243,-107.8631342,8029.0,56,55,1,0,54,55,30953,2,0,0,2,0
2020-05-21,US,Colorado,Denver,4948,296,0,39.76018276,-104.8725695,8031.0,4652,4858,294,0,4564,4790,716492,90,2,0,88,68
2020-05-21,US,Colorado,Douglas,663,43,0,39.33133796,-104.930001,8035.0,620,659,43,0,616,654,342776,4,0,0,4,5
2020-05-21,US,Colorado,Eagle,577,8,0,39.62754308,-106.6933637,8037.0,569,572,8,0,564,571,54993,5,0,0,5,1
2020-05-21,US,Colorado,El Paso,1428,88,0,38.83240149,-104.5251411,8041.0,1340,1386,88,0,1298,1357,713856,42,0,0,42,29
2020-05-21,US,Colorado,Elbert,48,2,0,39.28656773,-104.1358721,8039.0,46,48,2,0,46,47,26282,0,0,0,0,1
2020-05-21,US,Colorado,Fremont,26,0,0,38.47362326,-105.4399667,8043.0,26,25,0,0,25,25,48021,1,0,0,1,0
2020-05-21,US,Colorado,Garfield,114,2,0,39.59921777,-107.902708,8045.0,112,114,2,0,112,115,59770,0,0,0,0,-1
2020-05-21,US,Colorado,Gilpin,3,0,0,39.85646523,-105.5252597,8047.0,3,3,0,0,3,4,6121,0,0,0,0,-1
2020-05-21,US,Colorado,Grand,5,0,0,40.10603347,-106.1178042,8049.0,5,5,0,0,5,5,15525,0,0,0,0,0
2020-05-21,US,Colorado,Gunnison,177,6,0,38.66611652,-107.0320729,8051.0,171,176,6,0,170,179,17246,1,0,0,1,-3
2020-05-21,US,Colorado,Hinsdale,3,0,0,37.82247444,-107.3004345,8053.0,3,3,0,0,3,3,811,0,0,0,0,0
2020-05-21,US,Colorado,Huerfano,3,0,0,37.68473101,-104.9612585,8055.0,3,3,0,0,3,3,6889,0,0,0,0,0
2020-05-21,US,Colorado,Jefferson,1974,140,0,39.58635604,-105.2517692,8059.0,1834,1932,136,0,1796,1882,580233,42,4,0,38,50
2020-05-21,US,Colorado,Kit Carson,26,3,0,39.30497777,-102.6022199,8063.0,23,26,3,0,23,26,7163,0,0,0,0,0
2020-05-21,US,Colorado,La Plata,83,1,0,37.28632032,-107.8429014,8067.0,82,72,1,0,71,72,56310,11,0,0,11,0
2020-05-21,US,Colorado,Lake,27,0,0,39.20278823,-106.3555697,8065.0,27,27,0,0,27,26,7824,0,0,0,0,1
2020-05-21,US,Colorado,Larimer,517,21,0,40.66671597,-105.4625784,8069.0,496,512,21,0,491,508,350518,5,0,0,5,4
2020-05-21,US,Colorado,Las Animas,4,0,0,37.3153406,-104.0376458,8071.0,4,4,0,0,4,4,14503,0,0,0,0,0
2020-05-21,US,Colorado,Lincoln,3,0,0,38.98749519,-103.5136649,8073.0,3,3,0,0,3,3,5610,0,0,0,0,0
2020-05-21,US,Colorado,Logan,490,3,0,40.7249637,-103.110817,8075.0,487,489,3,0,486,488,21528,1,0,0,1,1
2020-05-21,US,Colorado,Mesa,50,0,0,39.01787888,-108.469799,8077.0,50,50,0,0,50,50,153207,0,0,0,0,0
2020-05-21,US,Colorado,Mineral,2,0,0,37.66954283,-106.9281698,8079.0,2,2,0,0,2,2,776,0,0,0,0,0
2020-05-21,US,Colorado,Moffat,6,0,0,40.61810999,-108.2070876,8081.0,6,6,0,0,6,6,13188,0,0,0,0,0
2020-05-21,US,Colorado,Montezuma,30,3,0,37.33859579,-108.5958857,8083.0,27,30,3,0,27,29,26158,0,0,0,0,1
2020-05-21,US,Colorado,Montrose,147,12,0,38.40214114,-108.26390220000002,8085.0,135,136,11,0,125,136,42214,11,1,0,10,0
2020-05-21,US,Colorado,Morgan,586,38,0,40.26279810000001,-103.8093302,8087.0,548,579,37,0,542,574,28558,7,1,0,6,5
2020-05-21,US,Colorado,Otero,14,1,0,37.9014485,-103.7173385,8089.0,13,13,1,0,12,11,18432,1,0,0,1,2
2020-05-21,US,Colorado,Ouray,7,1,0,38.14717457,-107.7675136,8091.0,6,7,1,0,6,7,4833,0,0,0,0,0
2020-05-21,US,Colorado,Park,21,0,0,39.120926,-105.7182065,8093.0,21,20,0,0,20,20,18556,1,0,0,1,0
2020-05-21,US,Colorado,Phillips,10,0,0,40.59414277,-102.3577703,8095.0,10,10,0,0,10,10,4286,0,0,0,0,0
2020-05-21,US,Colorado,Pitkin,57,2,0,39.21720112,-106.9310027,8097.0,55,57,2,0,55,57,17950,0,0,0,0,0
2020-05-21,US,Colorado,Prowers,11,0,0,37.95544985,-102.3926052,8099.0,11,11,0,0,11,11,12164,0,0,0,0,0
2020-05-21,US,Colorado,Pueblo,230,14,0,38.17359144,-104.5127437,8101.0,216,220,14,0,206,219,167529,10,0,0,10,1
2020-05-21,US,Colorado,Rio Blanco,1,0,0,39.97913541,-108.2179009,8103.0,1,1,0,0,1,1,6336,0,0,0,0,0
2020-05-21,US,Colorado,Rio Grande,14,1,0,37.5836865,-106.3847838,8105.0,13,8,0,0,8,9,11250,6,1,0,5,-1
2020-05-21,US,Colorado,Routt,59,6,0,40.48596505,-106.9905548,8107.0,53,59,6,0,53,59,25733,0,0,0,0,0
2020-05-21,US,Colorado,Saguache,20,0,0,38.08054629,-106.282466,8109.0,20,18,0,0,18,18,6843,2,0,0,2,0
2020-05-21,US,Colorado,San Juan,2,0,0,37.76248981,-107.67632890000002,8111.0,2,2,0,0,2,1,762,0,0,0,0,1
2020-05-21,US,Colorado,San Miguel,23,0,0,38.00450883,-108.4020725,8113.0,23,22,0,0,22,22,8191,1,0,0,1,0
2020-05-21,US,Colorado,Summit,195,2,0,39.63803232,-106.1150762,8117.0,193,194,2,0,192,192,31007,1,0,0,1,2
2020-05-21,US,Colorado,Teller,33,2,0,38.88133511,-105.1614893,8119.0,31,32,2,0,30,31,25083,1,0,0,1,1
2020-05-21,US,Colorado,Unassigned,91,1,0,0.0,0.0,90008.0,90,67,1,0,66,65,,24,0,0,24,2
2020-05-21,US,Colorado,Washington,15,0,0,39.97015535,-103.202587,8121.0,15,11,0,0,11,11,4909,4,0,0,4,0
2020-05-21,US,Colorado,Weld,2358,125,0,40.55499405,-104.3929621,8123.0,2233,2338,125,0,2213,2326,314305,20,0,0,20,12
2020-05-21,US,Colorado,Yuma,12,0,0,40.00346839,-102.4258673,8125.0,12,11,0,0,11,11,10020,1,0,0,1,0
2020-05-21,US,Connecticut,Fairfield,14751,1180,0,41.26809896,-73.3881171,9001.0,13571,14719,1167,0,13552,14522,943823,32,13,0,19,197
2020-05-21,US,Connecticut,Hartford,9299,1133,0,41.80283011,-72.73103891,9003.0,8166,9234,1116,0,8118,9050,892697,65,17,0,48,184
2020-05-21,US,Connecticut,Litchfield,1303,121,0,41.7937534,-73.2451475,9005.0,1182,1299,121,0,1178,1290,181111,4,0,0,4,9
2020-05-21,US,Connecticut,Middlesex,972,131,0,41.45949668,-72.53714864,9007.0,841,965,131,0,834,947,162682,7,0,0,7,18
2020-05-21,US,Connecticut,New Haven,10663,874,0,41.408032500000004,-72.93620426,9009.0,9789,10587,855,0,9732,10427,857620,76,19,0,57,160
2020-05-21,US,Connecticut,New London,903,73,0,41.48896435,-72.10430976,9011.0,830,896,68,0,828,880,266784,7,5,0,2,16
2020-05-21,US,Connecticut,Tolland,787,55,0,41.85853803,-72.3308481,9013.0,732,786,55,0,731,770,150921,1,0,0,1,16
2020-05-21,US,Connecticut,Unassigned,194,2,0,0.0,0.0,90009.0,192,202,2,0,200,218,,-8,0,0,-8,-16
2020-05-21,US,Connecticut,Windham,336,14,0,41.82972709,-71.98182316,9015.0,322,329,14,0,315,326,117027,7,0,0,7,3
2020-05-21,US,Delaware,Kent,1281,55,0,39.08646628,-75.56884914,10001.0,1226,1253,55,0,1198,1238,178550,28,0,0,28,15
2020-05-21,US,Delaware,New Castle,3053,144,0,39.57992638,-75.64054974,10003.0,2909,2933,138,0,2795,2845,559335,120,6,0,114,88
2020-05-21,US,Delaware,Sussex,4006,117,0,38.66143781,-75.39031349,10005.0,3889,3960,116,0,3844,3904,229286,46,1,0,45,56
2020-05-21,US,Delaware,Unassigned,46,1,0,0.0,0.0,90010.0,45,48,1,0,47,50,,-2,0,0,-2,-2
2020-05-21,US,District of Columbia,District of Columbia,7788,412,0,38.90417773,-77.01655992,11001.0,7376,7551,407,0,7144,7434,702455,237,5,0,232,117
2020-05-21,US,Florida,Alachua,346,7,0,29.67866525,-82.35928158,12001.0,339,344,7,0,337,339,269956,2,0,0,2,5
2020-05-21,US,Florida,Baker,26,3,0,30.33060121,-82.28467476,12003.0,23,26,3,0,23,26,28355,0,0,0,0,0
2020-05-21,US,Florida,Bay,87,3,0,30.26548745,-85.62122584,12005.0,84,86,3,0,83,86,185287,1,0,0,1,0
2020-05-21,US,Florida,Bradford,50,2,0,29.95079741,-82.16611613,12007.0,48,49,2,0,47,49,27732,1,0,0,1,0
2020-05-21,US,Florida,Brevard,376,11,0,28.29409504,-80.73091022,12009.0,365,372,11,0,361,371,596849,4,0,0,4,1
2020-05-21,US,Florida,Broward,6514,286,0,26.15184651,-80.48725556,12011.0,6228,6407,285,0,6122,6369,1951260,107,1,0,106,38
2020-05-21,US,Florida,Calhoun,41,2,0,30.40666734,-85.19394153,12013.0,39,40,2,0,38,40,14587,1,0,0,1,0
2020-05-21,US,Florida,Charlotte,410,52,0,26.90131002,-81.92949121,12015.0,358,398,51,0,347,392,184998,12,1,0,11,6
2020-05-21,US,Florida,Citrus,115,12,0,28.84804315,-82.47614748,12017.0,103,115,12,0,103,114,147929,0,0,0,0,1
2020-05-21,US,Florida,Clay,351,25,0,29.98319144,-81.85609986,12019.0,326,333,25,0,308,321,216072,18,0,0,18,12
2020-05-21,US,Florida,Collier,1112,41,0,26.11091986,-81.34687065,12021.0,1071,1058,40,0,1018,1030,378488,54,1,0,53,28
2020-05-21,US,Florida,Columbia,119,2,0,30.22509788,-82.62160164,12023.0,117,115,2,0,113,113,70503,4,0,0,4,2
2020-05-21,US,Florida,DeSoto,94,7,0,27.18677893,-81.80941373,12027.0,87,80,7,0,73,69,37489,14,0,0,14,11
2020-05-21,US,Florida,Dixie,31,1,0,29.60631086,-83.15724673,12029.0,30,26,1,0,25,26,16700,5,0,0,5,0
2020-05-21,US,Florida,Duval,1355,37,0,30.33225875,-81.66976468,12031.0,1318,1336,36,0,1300,1318,950181,19,1,0,18,18
2020-05-21,US,Florida,Escambia,734,24,0,30.67652764,-87.37284571,12033.0,710,723,21,0,702,719,315534,11,3,0,8,4
2020-05-21,US,Florida,Flagler,172,4,0,29.45933576,-81.31508595,12035.0,168,169,4,0,165,167,112067,3,0,0,3,2
2020-05-21,US,Florida,Franklin,2,0,0,29.83791238,-84.82731662,12037.0,2,2,0,0,2,2,11736,0,0,0,0,0
2020-05-21,US,Florida,Gadsden,249,1,0,30.57796289,-84.61915825,12039.0,248,245,1,0,244,242,45894,4,0,0,4,3
2020-05-21,US,Florida,Gilchrist,8,0,0,29.72856978,-82.79880657,12041.0,8,8,0,0,8,8,18256,0,0,0,0,0
2020-05-21,US,Florida,Glades,19,1,0,26.95635849,-81.18996211,12043.0,18,16,1,0,15,13,13724,3,0,0,3,3
2020-05-21,US,Florida,Gulf,1,0,0,29.93543004,-85.24270990000002,12045.0,1,1,0,0,1,1,16164,0,0,0,0,0
2020-05-21,US,Florida,Hamilton,156,0,0,30.49673973,-82.94998918,12047.0,156,153,0,0,153,147,14310,3,0,0,3,6
2020-05-21,US,Florida,Hardee,54,0,0,27.49293939,-81.80956574,12049.0,54,47,0,0,47,44,27245,7,0,0,7,3
2020-05-21,US,Florida,Hendry,240,12,0,26.55386945,-81.16469006,12051.0,228,228,12,0,216,224,41556,12,0,0,12,4
2020-05-21,US,Florida,Hernando,108,5,0,28.55364461,-82.42700204,12053.0,103,107,5,0,102,109,190865,1,0,0,1,-2
2020-05-21,US,Florida,Highlands,110,8,0,27.34254618,-81.34071957,12055.0,102,107,8,0,99,107,105424,3,0,0,3,0
2020-05-21,US,Florida,Hillsborough,1767,64,0,27.9276559,-82.32013172,12057.0,1703,1703,64,0,1639,1670,1436888,64,0,0,64,33
2020-05-21,US,Florida,Holmes,14,0,0,30.86747479,-85.81319222,12059.0,14,11,0,0,11,10,19477,3,0,0,3,1
2020-05-21,US,Florida,Indian River,110,9,0,27.69308961,-80.60556721,12061.0,101,108,9,0,99,108,157413,2,0,0,2,0
2020-05-21,US,Florida,Jackson,173,0,0,30.795459700000002,-85.21500423,12063.0,173,171,0,0,171,148,48305,2,0,0,2,23
2020-05-21,US,Florida,Jefferson,30,2,0,30.43669112,-83.89442308,12065.0,28,28,2,0,26,28,14288,2,0,0,2,0
2020-05-21,US,Florida,Lafayette,6,0,0,29.98484137,-83.18166636,12067.0,6,6,0,0,6,6,8732,0,0,0,0,0
2020-05-21,US,Florida,Lake,264,14,0,28.76202069,-81.7125123,12069.0,250,260,14,0,246,257,356495,4,0,0,4,3
2020-05-21,US,Florida,Lee,1585,88,0,26.58410348,-81.88399313,12071.0,1497,1542,89,0,1453,1520,754610,43,-1,0,44,22
2020-05-21,US,Florida,Leon,320,6,0,30.45955727,-84.27491114,12073.0,314,306,6,0,300,304,292502,14,0,0,14,2
2020-05-21,US,Florida,Levy,27,0,0,29.31829741,-82.74007147,12075.0,27,27,0,0,27,25,40770,0,0,0,0,2
2020-05-21,US,Florida,Liberty,199,0,0,30.23766008,-84.8829258,12077.0,199,199,0,0,199,199,8457,0,0,0,0,0
2020-05-21,US,Florida,Madison,67,3,0,30.44396917,-83.47398594,12079.0,64,66,3,0,63,64,18529,1,0,0,1,2
2020-05-21,US,Florida,Manatee,933,88,0,27.47196942,-82.31831044,12081.0,845,893,84,0,809,888,394855,40,4,0,36,5
2020-05-21,US,Florida,Marion,233,5,0,29.21227113,-82.05803627,12083.0,228,228,5,0,223,224,359977,5,0,0,5,4
2020-05-21,US,Florida,Martin,472,8,0,27.0772071,-80.43109784,12085.0,464,419,8,0,411,396,160912,53,0,0,53,23
2020-05-21,US,Florida,Miami-Dade,16367,602,0,25.6112362,-80.55170587,12086.0,15765,16034,589,0,15445,15942,2761581,333,13,0,320,92
2020-05-21,US,Florida,Monroe,100,3,0,25.20904673,-81.07812416,12087.0,97,100,3,0,97,99,75027,0,0,0,0,1
2020-05-21,US,Florida,Nassau,69,1,0,30.61037141,-81.80297522,12089.0,68,69,1,0,68,66,85832,0,0,0,0,3
2020-05-21,US,Florida,Okaloosa,184,6,0,30.69143028,-86.59267105,12091.0,178,184,5,0,179,180,207269,0,1,0,-1,4
2020-05-21,US,Florida,Okeechobee,51,0,0,27.386336199999995,-80.88944347,12093.0,51,49,0,0,49,45,41537,2,0,0,2,4
2020-05-21,US,Florida,Orange,1726,38,0,28.51367621,-81.31799498,12095.0,1688,1708,38,0,1670,1699,1380645,18,0,0,18,9
2020-05-21,US,Florida,Osceola,640,18,0,28.06312234,-81.14882926,12097.0,622,636,18,0,618,629,367990,4,0,0,4,7
2020-05-21,US,Florida,Palm Beach,4968,308,0,26.64676272,-80.46536002,12099.0,4660,4776,291,0,4485,4699,1485941,192,17,0,175,77
2020-05-21,US,Florida,Pasco,335,12,0,28.30810945,-82.40227529,12101.0,323,328,12,0,316,327,539630,7,0,0,7,1
2020-05-21,US,Florida,Pinellas,1109,73,0,27.93130349,-82.72239666,12103.0,1036,1075,72,0,1003,1062,975280,34,1,0,33,13
2020-05-21,US,Florida,Polk,822,46,0,27.95027105,-81.69732947,12105.0,776,786,45,0,741,766,708009,36,1,0,35,20
2020-05-21,US,Florida,Putnam,136,4,0,29.60779729,-81.74230285,12107.0,132,135,3,0,132,134,74163,1,1,0,0,1
2020-05-21,US,Florida,Santa Rosa,198,9,0,30.69341450000001,-87.02458128,12113.0,189,197,9,0,188,186,179349,1,0,0,1,11
2020-05-21,US,Florida,Sarasota,550,67,0,27.18546175,-82.33174248,12115.0,483,538,65,0,473,533,426718,12,2,0,10,5
2020-05-21,US,Florida,Seminole,445,12,0,28.7158582,-81.24060348,12117.0,433,444,13,0,431,442,467832,1,-1,0,2,2
2020-05-21,US,Florida,St. Johns,235,5,0,29.90096506,-81.43589967,12109.0,230,233,5,0,228,233,254261,2,0,0,2,0
2020-05-21,US,Florida,St. Lucie,349,28,0,27.37763908,-80.47106649,12111.0,321,336,28,0,308,337,321128,13,0,0,13,-1
2020-05-21,US,Florida,Sumter,254,17,0,28.70181754,-82.0794267,12119.0,237,253,17,0,236,253,128754,1,0,0,1,0
2020-05-21,US,Florida,Suwannee,161,18,0,30.19746066,-82.99099670000003,12121.0,143,160,18,0,142,160,44191,1,0,0,1,0
2020-05-21,US,Florida,Taylor,8,0,0,30.04848048,-83.60445406,12123.0,8,5,0,0,5,5,21623,3,0,0,3,0
2020-05-21,US,Florida,Unassigned,82,0,0,0.0,0.0,90012.0,82,80,0,0,80,79,,2,0,0,2,1
2020-05-21,US,Florida,Union,28,0,0,30.04412971,-82.37497443,12125.0,28,26,0,0,26,26,14940,2,0,0,2,0
2020-05-21,US,Florida,Volusia,630,35,0,29.05858895,-81.18263252,12127.0,595,618,33,0,585,612,547538,12,2,0,10,6
2020-05-21,US,Florida,Wakulla,32,1,0,30.16548905,-84.39895211,12129.0,31,32,1,0,31,32,32461,0,0,0,0,0
2020-05-21,US,Florida,Walton,97,7,0,30.64204028,-86.16935664,12131.0,90,97,6,0,91,91,71375,0,1,0,-1,6
2020-05-21,US,Florida,Washington,19,1,0,30.61359259,-85.66002461,12133.0,18,14,1,0,13,14,24880,5,0,0,5,0
2020-05-21,US,Georgia,Appling,118,12,0,31.74847232,-82.28909114,13001.0,106,115,11,0,104,113,18507,3,1,0,2,2
2020-05-21,US,Georgia,Atkinson,26,2,0,31.29633502,-82.87545866,13003.0,24,24,2,0,22,22,8297,2,0,0,2,2
2020-05-21,US,Georgia,Bacon,73,2,0,31.55456473,-82.45936528,13005.0,71,68,2,0,66,71,11185,5,0,0,5,-3
2020-05-21,US,Georgia,Baker,32,1,0,31.32669878,-84.44218806,13007.0,31,32,2,0,30,32,3092,0,-1,0,1,0
2020-05-21,US,Georgia,Baldwin,299,16,0,33.06882326,-83.24701748,13009.0,283,296,14,0,282,292,44823,3,2,0,1,4
2020-05-21,US,Georgia,Banks,68,0,0,34.35607081,-83.49644388,13011.0,68,46,0,0,46,46,18988,22,0,0,22,0
2020-05-21,US,Georgia,Barrow,276,9,0,33.99148694,-83.71436292,13013.0,267,272,8,0,264,267,80809,4,1,0,3,5
2020-05-21,US,Georgia,Bartow,424,36,0,34.23732119,-84.83887523,13015.0,388,419,35,0,384,410,106408,5,1,0,4,9
2020-05-21,US,Georgia,Ben Hill,53,1,0,31.76095874,-83.22145359,13017.0,52,48,1,0,47,48,16787,5,0,0,5,0
2020-05-21,US,Georgia,Berrien,30,0,0,31.27590016,-83.22529920000002,13019.0,30,25,0,0,25,23,19252,5,0,0,5,2
2020-05-21,US,Georgia,Bibb,416,20,0,32.80904227,-83.70489165,13021.0,396,408,18,0,390,411,153095,8,2,0,6,-3
2020-05-21,US,Georgia,Bleckley,34,0,0,32.43829035,-83.33035166,13023.0,34,33,0,0,33,34,12838,1,0,0,1,-1
2020-05-21,US,Georgia,Brantley,46,2,0,31.19576557,-81.97743999,13025.0,44,46,2,0,44,44,18897,0,0,0,0,2
2020-05-21,US,Georgia,Brooks,66,9,0,30.83922642,-83.58303423,13027.0,57,66,9,0,57,66,15513,0,0,0,0,0
2020-05-21,US,Georgia,Bryan,67,5,0,32.00979311,-81.44002948,13029.0,62,67,5,0,62,66,38109,0,0,0,0,1
2020-05-21,US,Georgia,Bulloch,48,2,0,32.39577406,-81.74811421,13031.0,46,46,2,0,44,45,77296,2,0,0,2,1
2020-05-21,US,Georgia,Burke,120,4,0,33.05917989,-81.99928721,13033.0,116,122,4,0,118,118,22423,-2,0,0,-2,4
2020-05-21,US,Georgia,Butts,205,18,0,33.283094500000004,-83.95435040000002,13035.0,187,205,18,0,187,199,24193,0,0,0,0,6
2020-05-21,US,Georgia,Calhoun,121,6,0,31.53169785,-84.62725131,13037.0,115,122,6,0,116,122,6352,-1,0,0,-1,0
2020-05-21,US,Georgia,Camden,53,1,0,30.92951916,-81.66601818,13039.0,52,52,1,0,51,51,53677,1,0,0,1,1
2020-05-21,US,Georgia,Candler,12,0,0,32.40209349,-82.07702563,13043.0,12,12,0,0,12,10,10836,0,0,0,0,2
2020-05-21,US,Georgia,Carroll,437,24,0,33.58138199,-85.07976677,13045.0,413,425,21,0,404,418,118121,12,3,0,9,7
2020-05-21,US,Georgia,Catoosa,79,0,0,34.89872298,-85.13757014,13047.0,79,77,0,0,77,73,67420,2,0,0,2,4
2020-05-21,US,Georgia,Charlton,28,1,0,30.78371028,-82.13951596,13049.0,27,28,1,0,27,29,12968,0,0,0,0,-1
2020-05-21,US,Georgia,Chatham,406,18,0,32.00043026,-81.12489526,13051.0,388,388,16,0,372,379,289195,18,2,0,16,9
2020-05-21,US,Georgia,Chattahoochee,19,0,0,32.34341231,-84.78809239,13053.0,19,19,0,0,19,20,10684,0,0,0,0,-1
2020-05-21,US,Georgia,Chattooga,20,2,0,34.47197698,-85.34535662,13055.0,18,19,2,0,17,17,24790,1,0,0,1,2
2020-05-21,US,Georgia,Cherokee,769,29,0,34.24393976,-84.47431861,13057.0,740,758,26,0,732,745,254149,11,3,0,8,13
2020-05-21,US,Georgia,Clarke,208,13,0,33.95436462,-83.37124007,13059.0,195,200,13,0,187,200,127330,8,0,0,8,0
2020-05-21,US,Georgia,Clay,32,2,0,31.62221166,-84.97713865,13061.0,30,30,2,0,28,30,2887,2,0,0,2,0
2020-05-21,US,Georgia,Clayton,1047,42,0,33.54187245,-84.35594188,13063.0,1005,1034,39,0,995,1010,289615,13,3,0,10,24
2020-05-21,US,Georgia,Clinch,46,1,0,30.91395822,-82.70432472,13065.0,45,46,1,0,45,45,6648,0,0,0,0,1
2020-05-21,US,Georgia,Cobb,2625,138,0,33.94243204,-84.5761255,13067.0,2487,2584,135,0,2449,2503,756865,41,3,0,38,81
2020-05-21,US,Georgia,Coffee,218,13,0,31.54892966,-82.85492059999999,13069.0,205,210,12,0,198,209,43093,8,1,0,7,1
2020-05-21,US,Georgia,Colquitt,267,13,0,31.18810588,-83.7677946,13071.0,254,262,11,0,251,258,45592,5,2,0,3,4
2020-05-21,US,Georgia,Columbia,224,6,0,33.54534185,-82.263524,13073.0,218,214,6,0,208,212,154291,10,0,0,10,2
2020-05-21,US,Georgia,Cook,40,2,0,31.16068491,-83.42947229,13075.0,38,35,2,0,33,31,17162,5,0,0,5,4
2020-05-21,US,Georgia,Coweta,303,7,0,33.35334302,-84.76129976,13077.0,296,286,4,0,282,287,145864,17,3,0,14,-1
2020-05-21,US,Georgia,Crawford,23,0,0,32.71391813,-83.98061238,13079.0,23,24,0,0,24,24,12318,-1,0,0,-1,0
2020-05-21,US,Georgia,Crisp,204,7,0,31.92289565,-83.76811843,13081.0,197,203,7,0,196,200,22601,1,0,0,1,3
2020-05-21,US,Georgia,Dade,21,1,0,34.854916700000004,-85.50490424,13083.0,20,20,1,0,19,20,16226,1,0,0,1,0
2020-05-21,US,Georgia,Dawson,99,2,0,34.44244079,-84.16964071,13085.0,97,95,1,0,94,86,25083,4,1,0,3,9
2020-05-21,US,Georgia,DeKalb,3038,96,0,33.76944049,-84.22396017,13089.0,2942,2979,88,0,2891,2918,756558,59,8,0,51,61
2020-05-21,US,Georgia,Decatur,144,4,0,30.87967778,-84.57619536,13087.0,140,140,4,0,136,131,26575,4,0,0,4,9
2020-05-21,US,Georgia,Dodge,47,2,0,32.17265114,-83.16948926,13091.0,45,47,2,0,45,44,20705,0,0,0,0,3
2020-05-21,US,Georgia,Dooly,164,12,0,32.15630737,-83.79746561,13093.0,152,163,12,0,151,162,13706,1,0,0,1,1
2020-05-21,US,Georgia,Dougherty,1716,138,0,31.53328528,-84.21722377,13095.0,1578,1672,139,0,1533,1668,91243,44,-1,0,45,4
2020-05-21,US,Georgia,Douglas,455,22,0,33.70291126,-84.77026156,13097.0,433,452,19,0,433,445,145331,3,3,0,0,7
2020-05-21,US,Georgia,Early,235,29,0,31.32155345,-84.90255207,13099.0,206,236,29,0,207,234,10247,-1,0,0,-1,2
2020-05-21,US,Georgia,Echols,54,0,0,30.71101099,-82.89687287,13101.0,54,53,0,0,53,21,4000,1,0,0,1,32
2020-05-21,US,Georgia,Effingham,50,1,0,32.36616021,-81.34280942,13103.0,49,48,1,0,47,47,62190,2,0,0,2,1
2020-05-21,US,Georgia,Elbert,69,0,0,34.11302332,-82.83936148,13105.0,69,69,0,0,69,69,19120,0,0,0,0,0
2020-05-21,US,Georgia,Emanuel,26,2,0,32.59221302,-82.30239915,13107.0,24,26,2,0,24,26,22612,0,0,0,0,0
2020-05-21,US,Georgia,Evans,5,0,0,32.15328841,-81.8870105,13109.0,5,5,0,0,5,5,10721,0,0,0,0,0
2020-05-21,US,Georgia,Fannin,39,1,0,34.86430205,-84.316964,13111.0,38,39,1,0,38,38,25964,0,0,0,0,1
2020-05-21,US,Georgia,Fayette,212,11,0,33.41357794,-84.49089434,13113.0,201,215,11,0,204,212,113459,-3,0,0,-3,3
2020-05-21,US,Georgia,Floyd,218,13,0,34.26268279,-85.21577392,13115.0,205,208,13,0,195,195,97927,10,0,0,10,13
2020-05-21,US,Georgia,Forsyth,443,12,0,34.22604035,-84.12315129999998,13117.0,431,434,11,0,423,412,236612,9,1,0,8,22
2020-05-21,US,Georgia,Franklin,35,1,0,34.37525597,-83.23159927,13119.0,34,35,1,0,34,33,23023,0,0,0,0,2
2020-05-21,US,Georgia,Fulton,3872,190,0,33.79216944,-84.46319413,13121.0,3682,3793,174,0,3619,3795,1050114,79,16,0,63,-2
2020-05-21,US,Georgia,Gilmer,123,0,0,34.69316688,-84.45802506,13123.0,123,117,0,0,117,116,30816,6,0,0,6,1
2020-05-21,US,Georgia,Glascock,1,0,0,33.22879932,-82.61297636,13125.0,1,1,0,0,1,1,2995,0,0,0,0,0
2020-05-21,US,Georgia,Glynn,83,1,0,31.23279254,-81.53811412,13127.0,82,81,1,0,80,79,85219,2,0,0,2,2
2020-05-21,US,Georgia,Gordon,135,15,0,34.50487351,-84.87296253,13129.0,120,134,15,0,119,132,57685,1,0,0,1,2
2020-05-21,US,Georgia,Grady,92,4,0,30.87454847,-84.23418364,13131.0,88,93,4,0,89,92,24748,-1,0,0,-1,1
2020-05-21,US,Georgia,Greene,62,7,0,33.5769205,-83.17139104,13133.0,55,60,7,0,53,60,17698,2,0,0,2,0
2020-05-21,US,Georgia,Gwinnett,2882,121,0,33.96044201,-84.02137802,13135.0,2761,2820,117,0,2703,2771,927781,62,4,0,58,49
2020-05-21,US,Georgia,Habersham,473,18,0,34.63331566,-83.53094677,13137.0,455,470,14,0,456,457,45388,3,4,0,-1,13
2020-05-21,US,Georgia,Hall,2248,41,0,34.32207823,-83.81896936,13139.0,2207,2230,40,0,2190,2191,202148,18,1,0,17,39
2020-05-21,US,Georgia,Hancock,167,15,0,33.2721566,-82.99766919,13141.0,152,169,15,0,154,170,8348,-2,0,0,-2,-1
2020-05-21,US,Georgia,Haralson,36,2,0,33.79602175,-85.21005667,13143.0,34,35,2,0,33,35,29533,1,0,0,1,0
2020-05-21,US,Georgia,Harris,78,4,0,32.73709786,-84.90538572,13145.0,74,75,4,0,71,74,34475,3,0,0,3,1
2020-05-21,US,Georgia,Hart,26,0,0,34.34626973,-82.96567682,13147.0,26,26,0,0,26,24,26099,0,0,0,0,2
2020-05-21,US,Georgia,Heard,24,2,0,33.29686567,-85.12886832,13149.0,22,23,1,0,22,20,11879,1,1,0,0,3
2020-05-21,US,Georgia,Henry,623,20,0,33.4533428,-84.14814659999998,13151.0,603,615,20,0,595,611,230220,8,0,0,8,4
2020-05-21,US,Georgia,Houston,335,16,0,32.45802497,-83.66879087,13153.0,319,324,16,0,308,323,155469,11,0,0,11,1
2020-05-21,US,Georgia,Irwin,23,1,0,31.60213036,-83.27501387,13155.0,22,22,1,0,21,22,9398,1,0,0,1,0
2020-05-21,US,Georgia,Jackson,139,3,0,34.13794553,-83.56814788,13157.0,136,137,3,0,134,134,70422,2,0,0,2,3
2020-05-21,US,Georgia,Jasper,26,1,0,33.31535543,-83.68844964,13159.0,25,26,0,0,26,26,14040,0,1,0,-1,0
2020-05-21,US,Georgia,Jeff Davis,29,1,0,31.80405727,-82.63724870000001,13161.0,28,26,1,0,25,26,15029,3,0,0,3,0
2020-05-21,US,Georgia,Jefferson,26,1,0,33.05867328,-82.41609057,13163.0,25,26,1,0,25,25,15430,0,0,0,0,1
2020-05-21,US,Georgia,Jenkins,17,1,0,32.79248718,-81.96040187,13165.0,16,16,1,0,15,16,8683,1,0,0,1,0
2020-05-21,US,Georgia,Johnson,78,2,0,32.70211082,-82.66166794,13167.0,76,78,2,0,76,82,9708,0,0,0,0,-4
2020-05-21,US,Georgia,Jones,32,0,0,33.02512137,-83.56019163,13169.0,32,32,0,0,32,31,28616,0,0,0,0,1
2020-05-21,US,Georgia,Lamar,46,1,0,33.07841647,-84.14263877,13171.0,45,44,1,0,43,44,19000,2,0,0,2,0
2020-05-21,US,Georgia,Lanier,12,2,0,31.03828570000001,-83.06472457,13173.0,10,12,2,0,10,11,10340,0,0,0,0,1
2020-05-21,US,Georgia,Laurens,95,1,0,32.46325233,-82.92221316,13175.0,94,94,1,0,93,98,47325,1,0,0,1,-4
2020-05-21,US,Georgia,Lee,340,22,0,31.779330600000005,-84.14324253,13177.0,318,345,23,0,322,343,29764,-5,-1,0,-4,2
2020-05-21,US,Georgia,Liberty,60,0,0,31.82588896,-81.49251135,13179.0,60,47,0,0,47,47,61497,13,0,0,13,0
2020-05-21,US,Georgia,Lincoln,15,1,0,33.79201475,-82.45024131,13181.0,14,15,1,0,14,13,7915,0,0,0,0,2
2020-05-21,US,Georgia,Long,12,1,0,31.75218791,-81.74952375,13183.0,11,6,0,0,6,6,18998,6,1,0,5,0
2020-05-21,US,Georgia,Lowndes,229,5,0,30.83568832,-83.27056716,13185.0,224,226,5,0,221,209,116321,3,0,0,3,17
2020-05-21,US,Georgia,Lumpkin,88,1,0,34.57286511,-84.00425681,13187.0,87,88,1,0,87,83,32955,0,0,0,0,5
2020-05-21,US,Georgia,Macon,94,6,0,32.35207048,-84.04234127,13193.0,88,95,6,0,89,93,13143,-1,0,0,-1,2
2020-05-21,US,Georgia,Madison,32,1,0,34.12920917,-83.21218732,13195.0,31,32,1,0,31,30,29650,0,0,0,0,2
2020-05-21,US,Georgia,Marion,48,2,0,32.3483402,-84.52733571,13197.0,46,47,2,0,45,47,8351,1,0,0,1,0
2020-05-21,US,Georgia,McDuffie,60,5,0,33.47851918,-82.48252774,13189.0,55,57,5,0,52,55,21531,3,0,0,3,2
2020-05-21,US,Georgia,McIntosh,11,0,0,31.49683595,-81.40163426,13191.0,11,11,0,0,11,11,14340,0,0,0,0,0
2020-05-21,US,Georgia,Meriwether,76,2,0,33.04163534,-84.68859732,13199.0,74,73,1,0,72,70,21068,3,1,0,2,3
2020-05-21,US,Georgia,Miller,37,0,0,31.16568912,-84.73151117,13201.0,37,36,0,0,36,36,5686,1,0,0,1,0
2020-05-21,US,Georgia,Mitchell,399,32,0,31.22483255,-84.19381821,13205.0,367,396,32,0,364,394,22192,3,0,0,3,2
2020-05-21,US,Georgia,Monroe,113,8,0,33.014289,-83.92097166,13207.0,105,108,7,0,101,102,27520,5,1,0,4,6
2020-05-21,US,Georgia,Montgomery,8,0,0,32.17201038,-82.53527476,13209.0,8,8,0,0,8,8,9193,0,0,0,0,0
2020-05-21,US,Georgia,Morgan,34,0,0,33.59232073,-83.49129491,13211.0,34,34,0,0,34,34,18853,0,0,0,0,0
2020-05-21,US,Georgia,Murray,69,1,0,34.78897608,-84.74993177,13213.0,68,66,1,0,65,64,39921,3,0,0,3,2
2020-05-21,US,Georgia,Muscogee,487,17,0,32.50931999,-84.87142262,13215.0,470,456,16,0,440,451,194160,31,1,0,30,5
2020-05-21,US,Georgia,Newton,280,11,0,33.55514538,-83.84547140000002,13217.0,269,275,10,0,265,266,109541,5,1,0,4,9
2020-05-21,US,Georgia,Oconee,103,3,0,33.83749973,-83.43679568,13219.0,100,82,3,0,79,81,39272,21,0,0,21,1
2020-05-21,US,Georgia,Oglethorpe,56,5,0,33.878629600000004,-83.08278123,13221.0,51,56,4,0,52,56,15054,0,1,0,-1,0
2020-05-21,US,Georgia,Out of GA,1694,26,0,0.0,0.0,80013.0,1668,1639,25,0,1614,1641,,55,1,0,54,-2
2020-05-21,US,Georgia,Paulding,264,11,0,33.91969522,-84.86848792,13223.0,253,261,10,0,251,247,164044,3,1,0,2,14
2020-05-21,US,Georgia,Peach,69,3,0,32.56934316,-83.82937,13225.0,66,69,3,0,66,69,27297,0,0,0,0,0
2020-05-21,US,Georgia,Pickens,40,3,0,34.46589159,-84.46406611,13227.0,37,39,3,0,36,39,31980,1,0,0,1,0
2020-05-21,US,Georgia,Pierce,85,4,0,31.35928155,-82.21598442,13229.0,81,84,4,0,80,81,19389,1,0,0,1,3
2020-05-21,US,Georgia,Pike,45,2,0,33.09310242,-84.38790389,13231.0,43,45,2,0,43,44,18634,0,0,0,0,1
2020-05-21,US,Georgia,Polk,87,0,0,34.00267074,-85.18677781,13233.0,87,86,0,0,86,80,42470,1,0,0,1,6
2020-05-21,US,Georgia,Pulaski,38,2,0,32.23334561,-83.47549959999998,13235.0,36,35,2,0,33,36,11069,3,0,0,3,-1
2020-05-21,US,Georgia,Putnam,86,7,0,33.32056115,-83.37552891,13237.0,79,83,7,0,76,80,21809,3,0,0,3,3
2020-05-21,US,Georgia,Quitman,8,1,0,31.86728114,-85.01773177,13239.0,7,8,1,0,7,8,2279,0,0,0,0,0
2020-05-21,US,Georgia,Rabun,15,1,0,34.88389445,-83.40304637,13241.0,14,15,1,0,14,15,16867,0,0,0,0,0
2020-05-21,US,Georgia,Randolph,170,20,0,31.76622818,-84.75732369,13243.0,150,170,21,0,149,169,6833,0,-1,0,1,1
2020-05-21,US,Georgia,Richmond,522,17,0,33.35777107,-82.07026432,13245.0,505,501,17,0,484,495,201554,21,0,0,21,6
2020-05-21,US,Georgia,Rockdale,254,9,0,33.65145002,-84.02202167,13247.0,245,251,9,0,242,252,90594,3,0,0,3,-1
2020-05-21,US,Georgia,Schley,16,1,0,32.2654021,-84.31258912,13249.0,15,16,1,0,15,17,5236,0,0,0,0,-1
2020-05-21,US,Georgia,Screven,22,1,0,32.74976524,-81.60779441,13251.0,21,20,1,0,19,20,13938,2,0,0,2,0
2020-05-21,US,Georgia,Seminole,42,2,0,30.93464824,-84.86823924,13253.0,40,41,2,0,39,41,8315,1,0,0,1,0
2020-05-21,US,Georgia,Spalding,246,14,0,33.26310031,-84.28013991,13255.0,232,251,14,0,237,246,66100,-5,0,0,-5,5
2020-05-21,US,Georgia,Stephens,121,2,0,34.55151201,-83.29405315,13257.0,119,117,2,0,115,114,26035,4,0,0,4,3
2020-05-21,US,Georgia,Stewart,40,0,0,32.07996777,-84.83208037,13259.0,40,40,0,0,40,40,6199,0,0,0,0,0
2020-05-21,US,Georgia,Sumter,432,40,0,32.03650571,-84.19821492,13261.0,392,425,40,0,385,421,29733,7,0,0,7,4
2020-05-21,US,Georgia,Talbot,32,1,0,32.69642758,-84.53351366,13263.0,31,31,1,0,30,30,6272,1,0,0,1,1
2020-05-21,US,Georgia,Taliaferro,1,0,0,33.56543317,-82.88136816,13265.0,1,1,0,0,1,1,1608,0,0,0,0,0
2020-05-21,US,Georgia,Tattnall,13,0,0,32.04785085,-82.05539188,13267.0,13,13,0,0,13,13,25391,0,0,0,0,0
2020-05-21,US,Georgia,Taylor,21,2,0,32.55792548,-84.25077141,13269.0,19,22,2,0,20,22,8039,-1,0,0,-1,0
2020-05-21,US,Georgia,Telfair,30,1,0,31.92829517,-82.93491155,13271.0,29,29,1,0,28,31,15876,1,0,0,1,-2
2020-05-21,US,Georgia,Terrell,204,25,0,31.77527543,-84.44069698,13273.0,179,203,24,0,179,199,8611,1,1,0,0,4
2020-05-21,US,Georgia,Thomas,304,30,0,30.86392347,-83.91847289,13275.0,274,302,30,0,272,289,44448,2,0,0,2,13
2020-05-21,US,Georgia,Tift,204,14,0,31.45743864,-83.5236119,13277.0,190,194,14,0,180,188,40571,10,0,0,10,6
2020-05-21,US,Georgia,Toombs,48,4,0,32.12059861,-82.32957247,13279.0,44,47,4,0,43,46,26887,1,0,0,1,1
2020-05-21,US,Georgia,Towns,22,1,0,34.91369188,-83.74107459999998,13281.0,21,21,1,0,20,21,11852,1,0,0,1,0
2020-05-21,US,Georgia,Treutlen,8,0,0,32.40422134,-82.56904553,13283.0,8,8,0,0,8,8,6809,0,0,0,0,0
2020-05-21,US,Georgia,Troup,227,8,0,33.03349196,-85.02812115,13285.0,219,215,6,0,209,213,70034,12,2,0,10,2
2020-05-21,US,Georgia,Turner,90,12,0,31.71612656,-83.62069378,13287.0,78,85,12,0,73,85,7912,5,0,0,5,0
2020-05-21,US,Georgia,Twiggs,11,0,0,32.67435595,-83.43078662,13289.0,11,10,0,0,10,10,8188,1,0,0,1,0
2020-05-21,US,Georgia,Unassigned,2464,2,0,0.0,0.0,90013.0,2462,2432,1,0,2431,2136,,32,1,0,31,296
2020-05-21,US,Georgia,Union,39,1,0,34.82995757,-83.98967069,13291.0,38,38,1,0,37,37,24001,1,0,0,1,1
2020-05-21,US,Georgia,Upson,271,33,0,32.87920671,-84.30024826,13293.0,238,267,31,0,236,267,26215,4,2,0,2,0
2020-05-21,US,Georgia,Walker,84,0,0,34.73376362,-85.30165174,13295.0,84,81,0,0,81,76,69410,3,0,0,3,5
2020-05-21,US,Georgia,Walton,186,9,0,33.78017694,-83.73552314,13297.0,177,172,9,0,163,166,93503,14,0,0,14,6
2020-05-21,US,Georgia,Ware,191,13,0,31.05449097,-82.42224148,13299.0,178,191,13,0,178,177,35680,0,0,0,0,14
2020-05-21,US,Georgia,Warren,17,0,0,33.41146451,-82.67795848,13301.0,17,16,0,0,16,16,5251,1,0,0,1,0
2020-05-21,US,Georgia,Washington,72,1,0,32.96711864,-82.79357039,13303.0,71,71,1,0,70,68,20386,1,0,0,1,3
2020-05-21,US,Georgia,Wayne,15,0,0,31.5521809,-81.91894878,13305.0,15,15,0,0,15,14,29808,0,0,0,0,1
2020-05-21,US,Georgia,Webster,11,1,0,32.04066113,-84.54742852,13307.0,10,11,1,0,10,11,2611,0,0,0,0,0
2020-05-21,US,Georgia,Wheeler,9,0,0,32.12009104,-82.72574721,13309.0,9,10,0,0,10,7,7879,-1,0,0,-1,3
2020-05-21,US,Georgia,White,91,3,0,34.64624278,-83.74905525,13311.0,88,91,3,0,88,90,29970,0,0,0,0,1
2020-05-21,US,Georgia,Whitfield,220,7,0,34.80987459,-84.96093476,13313.0,213,206,7,0,199,194,104062,14,0,0,14,12
2020-05-21,US,Georgia,Wilcox,98,13,0,31.97496928,-83.43438555,13315.0,85,98,12,0,86,97,8812,0,1,0,-1,1
2020-05-21,US,Georgia,Wilkes,30,1,0,33.78290391,-82.74286107,13317.0,29,30,1,0,29,30,9876,0,0,0,0,0
2020-05-21,US,Georgia,Wilkinson,61,3,0,32.80291082,-83.17140684,13319.0,58,49,3,0,46,46,9036,12,0,0,12,3
2020-05-21,US,Georgia,Worth,207,20,0,31.55162306,-83.85090513,13321.0,187,206,20,0,186,201,20299,1,0,0,1,5
2020-05-21,US,Hawaii,Hawaii,82,0,0,19.60121157,-155.5210167,15001.0,82,79,0,0,79,78,200983,3,0,0,3,1
2020-05-21,US,Hawaii,Honolulu,416,11,0,21.45803166,-157.97121819999995,15003.0,405,416,11,0,405,415,980080,0,0,0,0,1
2020-05-21,US,Hawaii,Kauai,21,0,0,22.03935037,-159.5966786,15007.0,21,21,0,0,21,21,72133,0,0,0,0,0
2020-05-21,US,Hawaii,Maui,118,6,0,20.86399628,-156.56890969999995,15009.0,112,117,6,0,111,117,167207,1,0,0,1,0
2020-05-21,US,Hawaii,Out of HI,10,0,0,0.0,0.0,80015.0,10,10,0,0,10,10,,0,0,0,0,0
2020-05-21,US,Idaho,Ada,792,23,0,43.4526575,-116.24155159999998,16001.0,769,792,23,0,769,780,469966,0,0,0,0,12
2020-05-21,US,Idaho,Adams,3,0,0,44.89333571,-116.4545247,16003.0,3,3,0,0,3,3,4250,0,0,0,0,0
2020-05-21,US,Idaho,Bannock,16,0,0,42.67002716,-112.2233311,16005.0,16,16,0,0,16,16,87138,0,0,0,0,0
2020-05-21,US,Idaho,Bingham,6,0,0,43.21672879999999,-112.3978437,16011.0,6,6,0,0,6,6,46236,0,0,0,0,0
2020-05-21,US,Idaho,Blaine,509,5,0,43.4085812,-113.9752658,16013.0,504,509,5,0,504,508,22601,0,0,0,0,1
2020-05-21,US,Idaho,Bonner,4,0,0,48.29996017,-116.6017932,16017.0,4,4,0,0,4,4,44727,0,0,0,0,0
2020-05-21,US,Idaho,Bonneville,32,0,0,43.38713372,-111.6161537,16019.0,32,32,0,0,32,33,116854,0,0,0,0,-1
2020-05-21,US,Idaho,Camas,1,0,0,43.46665742,-114.8065892,16025.0,1,1,0,0,1,1,1127,0,0,0,0,0
2020-05-21,US,Idaho,Canyon,280,6,0,43.61970148,-116.70954990000001,16027.0,274,280,6,0,274,277,223499,0,0,0,0,3
2020-05-21,US,Idaho,Caribou,1,0,0,42.77149116,-111.5597683,16029.0,1,1,0,0,1,1,7060,0,0,0,0,0
2020-05-21,US,Idaho,Cassia,20,1,0,42.28347888,-113.6012409,16031.0,19,20,1,0,19,19,23864,0,0,0,0,1
2020-05-21,US,Idaho,Custer,2,0,0,44.24186819,-114.2855494,16037.0,2,2,0,0,2,2,4280,0,0,0,0,0
2020-05-21,US,Idaho,Elmore,31,2,0,43.3507101,-115.4701578,16039.0,29,31,2,0,29,31,27259,0,0,0,0,0
2020-05-21,US,Idaho,Fremont,3,0,0,44.22800938,-111.48099429999999,16043.0,3,3,0,0,3,3,13168,0,0,0,0,0
2020-05-21,US,Idaho,Gem,16,0,0,44.06482372,-116.398376,16045.0,16,16,0,0,16,16,17634,0,0,0,0,0
2020-05-21,US,Idaho,Gooding,29,0,0,42.96927962,-114.81083059999999,16047.0,29,29,0,0,29,26,15196,0,0,0,0,3
2020-05-21,US,Idaho,Idaho,3,0,0,45.84721541,-115.4634436,16049.0,3,3,0,0,3,3,16513,0,0,0,0,0
2020-05-21,US,Idaho,Jefferson,7,0,0,43.82078483,-112.3131749,16051.0,7,7,0,0,7,7,29439,0,0,0,0,0
2020-05-21,US,Idaho,Jerome,110,2,0,42.68891267,-114.2655033,16053.0,108,110,2,0,108,102,24015,0,0,0,0,8
2020-05-21,US,Idaho,Kootenai,66,0,0,47.67282258,-116.7020872,16055.0,66,66,0,0,66,66,161505,0,0,0,0,0
2020-05-21,US,Idaho,Latah,6,0,0,46.81587887,-116.71136979999999,16057.0,6,6,0,0,6,6,40134,0,0,0,0,0
2020-05-21,US,Idaho,Lemhi,1,0,0,44.9438088,-113.9309747,16059.0,1,1,0,0,1,1,7961,0,0,0,0,0
2020-05-21,US,Idaho,Lincoln,29,0,0,43.0012336,-114.1358773,16063.0,29,29,0,0,29,29,5360,0,0,0,0,0
2020-05-21,US,Idaho,Madison,20,0,0,43.78141028,-111.65384740000002,16065.0,20,20,0,0,20,19,39304,0,0,0,0,1
2020-05-21,US,Idaho,Minidoka,20,0,0,42.85518524,-113.6357257,16067.0,20,20,0,0,20,15,20825,0,0,0,0,5
2020-05-21,US,Idaho,Nez Perce,81,19,0,46.32638236,-116.75009750000001,16069.0,62,81,19,0,62,79,40408,0,0,0,0,2
2020-05-21,US,Idaho,Owyhee,8,0,0,42.58016894,-116.16938710000001,16073.0,8,8,0,0,8,8,11693,0,0,0,0,0
2020-05-21,US,Idaho,Payette,22,2,0,44.00545243,-116.7647695,16075.0,20,22,2,0,20,22,23551,0,0,0,0,0
2020-05-21,US,Idaho,Power,3,0,0,42.69254894,-112.83957420000002,16077.0,3,3,0,0,3,3,7768,0,0,0,0,0
2020-05-21,US,Idaho,Teton,11,0,0,43.75303583,-111.2056773,16081.0,11,11,0,0,11,11,11640,0,0,0,0,0
2020-05-21,US,Idaho,Twin Falls,340,17,0,42.35440512,-114.6685381,16083.0,323,340,17,0,323,326,86081,0,0,0,0,14
2020-05-21,US,Idaho,Valley,2,0,0,44.76728382,-115.5676773,16085.0,2,2,0,0,2,2,11041,0,0,0,0,0
2020-05-21,US,Idaho,Washington,32,0,0,44.45275475,-116.78476880000001,16087.0,32,32,0,0,32,30,10161,0,0,0,0,2
2020-05-21,US,Illinois,Adams,45,1,0,39.98815591,-91.18786813,17001.0,44,43,1,0,42,42,65691,2,0,0,2,1
2020-05-21,US,Illinois,Alexander,8,0,0,37.18049267,-89.32910838,17003.0,8,8,0,0,8,8,6060,0,0,0,0,0
2020-05-21,US,Illinois,Bond,12,1,0,38.88829622,-89.43534887,17005.0,11,12,1,0,11,12,16630,0,0,0,0,0
2020-05-21,US,Illinois,Boone,343,15,0,42.32359279,-88.82345779,17007.0,328,324,14,0,310,314,53577,19,1,0,18,10
2020-05-21,US,Illinois,Brown,10,0,0,39.96209138,-90.75068024,17009.0,10,10,0,0,10,10,6556,0,0,0,0,0
2020-05-21,US,Illinois,Bureau,15,1,0,41.40385234,-89.5283051,17011.0,14,15,1,0,14,15,32993,0,0,0,0,0
2020-05-21,US,Illinois,Calhoun,1,0,0,39.16840183,-90.66330078,17013.0,1,1,0,0,1,1,4802,0,0,0,0,0
2020-05-21,US,Illinois,Carroll,13,2,0,42.06823429,-89.93395545,17015.0,11,13,2,0,11,14,14312,0,0,0,0,-1
2020-05-21,US,Illinois,Cass,68,0,0,39.96991073,-90.24734436,17017.0,68,67,0,0,67,66,12260,1,0,0,1,1
2020-05-21,US,Illinois,Champaign,496,7,0,40.13919438,-88.20046615,17019.0,489,472,7,0,465,435,209983,24,0,0,24,37
2020-05-21,US,Illinois,Christian,32,4,0,39.54581621,-89.27780482,17021.0,28,32,4,0,28,32,32661,0,0,0,0,0
2020-05-21,US,Illinois,Clark,9,0,0,39.33425789,-87.78705622,17023.0,9,9,0,0,9,9,15596,0,0,0,0,0
2020-05-21,US,Illinois,Clay,2,0,0,38.75388572,-88.48914513,17025.0,2,2,0,0,2,3,13253,0,0,0,0,-1
2020-05-21,US,Illinois,Clinton,169,16,0,38.60704876,-89.42385254,17027.0,153,167,16,0,151,165,37639,2,0,0,2,2
2020-05-21,US,Illinois,Coles,94,7,0,39.51949084,-88.22358557,17029.0,87,88,7,0,81,85,50885,6,0,0,6,3
2020-05-21,US,Illinois,Cook,67551,3114,0,41.84144849,-87.81658794,17031.0,64437,66213,3074,0,63139,64691,5180493,1338,40,0,1298,1522
2020-05-21,US,Illinois,Crawford,11,0,0,39.0032229,-87.75954624,17033.0,11,11,0,0,11,11,18807,0,0,0,0,0
2020-05-21,US,Illinois,Cumberland,10,0,0,39.27432424,-88.2401158,17035.0,10,10,0,0,10,9,10808,0,0,0,0,1
2020-05-21,US,Illinois,De Witt,4,0,0,40.17514519,-88.90959682,17039.0,4,4,0,0,4,4,15769,0,0,0,0,0
2020-05-21,US,Illinois,DeKalb,287,3,0,41.89373302,-88.76958483,17037.0,284,276,3,0,273,268,104143,11,0,0,11,8
2020-05-21,US,Illinois,Douglas,26,0,0,39.76768052,-88.21854195,17041.0,26,26,0,0,26,26,19479,0,0,0,0,0
2020-05-21,US,Illinois,DuPage,6471,332,0,41.85116968,-88.08642662,17043.0,6139,6308,326,0,5982,6171,928589,163,6,0,157,137
2020-05-21,US,Illinois,Edwards,2,0,0,38.41353228,-88.05720863,17047.0,2,2,0,0,2,2,6392,0,0,0,0,0
2020-05-21,US,Illinois,Effingham,6,1,0,39.05935711,-88.58969584,17049.0,5,6,1,0,5,6,34208,0,0,0,0,0
2020-05-21,US,Illinois,Fayette,19,2,0,39.00072038,-89.02452658,17051.0,17,19,2,0,17,19,21416,0,0,0,0,0
2020-05-21,US,Illinois,Ford,18,1,0,40.59706922,-88.22350769,17053.0,17,18,1,0,17,18,13264,0,0,0,0,0
2020-05-21,US,Illinois,Franklin,11,0,0,37.99189086,-88.92567818,17055.0,11,11,0,0,11,11,38701,0,0,0,0,0
2020-05-21,US,Illinois,Fulton,10,0,0,40.47289135,-90.20862357,17057.0,10,10,0,0,10,10,34844,0,0,0,0,0
2020-05-21,US,Illinois,Gallatin,2,0,0,37.76430935,-88.22953869,17059.0,2,2,0,0,2,2,5058,0,0,0,0,0
2020-05-21,US,Illinois,Greene,5,0,0,39.35907414,-90.388865,17061.0,5,5,0,0,5,4,13044,0,0,0,0,1
2020-05-21,US,Illinois,Grundy,82,2,0,41.28569601,-88.41905692,17063.0,80,83,2,0,81,80,50972,-1,0,0,-1,3
2020-05-21,US,Illinois,Hamilton,2,0,0,38.08163641,-88.53883373,17065.0,2,2,0,0,2,2,8163,0,0,0,0,0
2020-05-21,US,Illinois,Hancock,13,0,0,40.40423981,-91.16313899,17067.0,13,12,0,0,12,12,17844,1,0,0,1,0
2020-05-21,US,Illinois,Hardin,1,0,0,37.51810645,-88.26873022,17069.0,1,1,0,0,1,1,3910,0,0,0,0,0
2020-05-21,US,Illinois,Henderson,8,0,0,40.81908672,-90.92491462,17071.0,8,8,0,0,8,8,6709,0,0,0,0,0
2020-05-21,US,Illinois,Henry,65,0,0,41.3533994,-90.13296166,17073.0,65,64,0,0,64,65,49090,1,0,0,1,-1
2020-05-21,US,Illinois,Iroquois,120,4,0,40.74717633,-87.82466784,17075.0,116,119,4,0,115,119,27604,1,0,0,1,0
2020-05-21,US,Illinois,Jackson,192,10,0,37.78595185,-89.38232563,17077.0,182,187,10,0,177,186,57419,5,0,0,5,1
2020-05-21,US,Illinois,Jasper,45,7,0,39.01054275,-88.15437049,17079.0,38,45,7,0,38,45,9611,0,0,0,0,0
2020-05-21,US,Illinois,Jefferson,99,16,0,38.29980057,-88.9240025,17081.0,83,100,17,0,83,100,37820,-1,-1,0,0,0
2020-05-21,US,Illinois,Jersey,20,1,0,39.08869046,-90.35393073,17083.0,19,20,1,0,19,19,21847,0,0,0,0,1
2020-05-21,US,Illinois,Jo Daviess,23,0,0,42.36542373,-90.21094405,17085.0,23,22,0,0,22,21,21366,1,0,0,1,1
2020-05-21,US,Illinois,Johnson,7,0,0,37.45939802,-88.88165419,17087.0,7,7,0,0,7,7,12456,0,0,0,0,0
2020-05-21,US,Illinois,Kane,4981,145,0,41.93842729,-88.42861412,17089.0,4836,4813,136,0,4677,4682,534216,168,9,0,159,131
2020-05-21,US,Illinois,Kankakee,709,40,0,41.13746989,-87.86205334,17091.0,669,703,36,0,667,693,110024,6,4,0,2,10
2020-05-21,US,Illinois,Kendall,627,19,0,41.59081014,-88.42869583,17093.0,608,610,19,0,591,592,127915,17,0,0,17,18
2020-05-21,US,Illinois,Knox,90,0,0,40.93148779,-90.21330340000002,17095.0,90,90,0,0,90,89,50112,0,0,0,0,1
2020-05-21,US,Illinois,LaSalle,129,8,0,41.34426129999999,-88.88633881,17099.0,121,130,8,0,122,121,109430,-1,0,0,-1,9
2020-05-21,US,Illinois,Lake,7128,237,0,42.3224907,-88.00367925,17097.0,6891,6905,231,0,6674,6709,700832,223,6,0,217,196
2020-05-21,US,Illinois,Lawrence,4,0,0,38.71987914,-87.72884035,17101.0,4,4,0,0,4,4,15765,0,0,0,0,0
2020-05-21,US,Illinois,Lee,75,1,0,41.74583951,-89.29977132,17103.0,74,75,1,0,74,75,34223,0,0,0,0,0
2020-05-21,US,Illinois,Livingston,29,2,0,40.89188292,-88.55784752,17105.0,27,28,1,0,27,27,35761,1,1,0,0,1
2020-05-21,US,Illinois,Logan,10,0,0,40.12581572,-89.36638784,17107.0,10,10,0,0,10,10,28925,0,0,0,0,0
2020-05-21,US,Illinois,Macon,182,17,0,39.86064913,-88.96342505,17115.0,165,176,17,0,159,170,104712,6,0,0,6,6
2020-05-21,US,Illinois,Macoupin,40,1,0,39.26119767,-89.92424028,17117.0,39,41,1,0,40,42,45313,-1,0,0,-1,-1
2020-05-21,US,Illinois,Madison,506,48,0,38.83042506,-89.90422563,17119.0,458,502,46,0,456,499,264461,4,2,0,2,3
2020-05-21,US,Illinois,Marion,50,0,0,38.64963204,-88.91899208,17121.0,50,49,0,0,49,49,37620,1,0,0,1,0
2020-05-21,US,Illinois,Marshall,5,0,0,41.0327901,-89.34510444,17123.0,5,5,0,0,5,5,11534,0,0,0,0,0
2020-05-21,US,Illinois,Mason,16,0,0,40.23917274,-89.91824452,17125.0,16,16,0,0,16,16,13565,0,0,0,0,0
2020-05-21,US,Illinois,Massac,6,0,0,37.22078441,-88.71036614,17127.0,6,6,0,0,6,6,14080,0,0,0,0,0
2020-05-21,US,Illinois,McDonough,75,4,0,40.45674722,-90.67775541,17109.0,71,73,4,0,69,72,29955,2,0,0,2,1
2020-05-21,US,Illinois,McHenry,1282,67,0,42.32451172,-88.45248227,17111.0,1215,1255,66,0,1189,1224,308570,27,1,0,26,31
2020-05-21,US,Illinois,McLean,195,9,0,40.48996987,-88.84621113,17113.0,186,191,6,0,185,189,172828,4,3,0,1,2
2020-05-21,US,Illinois,Menard,17,0,0,40.02742725,-89.80246001,17129.0,17,17,0,0,17,17,12288,0,0,0,0,0
2020-05-21,US,Illinois,Mercer,14,0,0,41.20596782,-90.74290052,17131.0,14,13,0,0,13,14,15601,1,0,0,1,-1
2020-05-21,US,Illinois,Monroe,90,11,0,38.27594376,-90.17761038,17133.0,79,90,11,0,79,90,34335,0,0,0,0,0
2020-05-21,US,Illinois,Montgomery,38,1,0,39.23198845,-89.47809254,17135.0,37,39,1,0,38,39,28601,-1,0,0,-1,0
2020-05-21,US,Illinois,Morgan,34,1,0,39.71654544,-90.20255104,17137.0,33,34,1,0,33,35,33976,0,0,0,0,-1
2020-05-21,US,Illinois,Moultrie,8,0,0,39.64187451,-88.62099969,17139.0,8,8,0,0,8,8,14717,0,0,0,0,0
2020-05-21,US,Illinois,Ogle,178,2,0,42.04165196,-89.32184679,17141.0,176,174,2,0,172,173,50923,4,0,0,4,1
2020-05-21,US,Illinois,Out of IL,91,1,0,0.0,0.0,80017.0,90,89,1,0,88,87,,2,0,0,2,2
2020-05-21,US,Illinois,Peoria,168,6,0,40.78702156,-89.76078901,17143.0,162,167,6,0,161,162,180621,1,0,0,1,5
2020-05-21,US,Illinois,Perry,40,0,0,38.08510853,-89.36856219,17145.0,40,40,0,0,40,40,21174,0,0,0,0,0
2020-05-21,US,Illinois,Piatt,9,0,0,40.01360584,-88.59319339,17147.0,9,8,0,0,8,9,16396,1,0,0,1,-1
2020-05-21,US,Illinois,Pike,1,0,0,39.62265059,-90.8877017,17149.0,1,1,0,0,1,1,15611,0,0,0,0,0
2020-05-21,US,Illinois,Pope,1,0,0,37.41391284,-88.56152109,17151.0,1,1,0,0,1,1,4212,0,0,0,0,0
2020-05-21,US,Illinois,Pulaski,40,0,0,37.22631423,-89.13085001,17153.0,40,40,0,0,40,40,5463,0,0,0,0,0
2020-05-21,US,Illinois,Putnam,1,0,0,41.2013541,-89.2869272,17155.0,1,1,0,0,1,1,5740,0,0,0,0,0
2020-05-21,US,Illinois,Randolph,246,3,0,38.05095369,-89.82512254,17157.0,243,246,3,0,243,238,32106,0,0,0,0,8
2020-05-21,US,Illinois,Richland,3,0,0,38.71240969,-88.08475366,17159.0,3,3,0,0,3,3,15763,0,0,0,0,0
2020-05-21,US,Illinois,Rock Island,604,22,0,41.46613806,-90.57042164,17161.0,582,600,21,0,579,594,143477,4,1,0,3,6
2020-05-21,US,Illinois,Saline,6,0,0,37.75332999,-88.54119706,17165.0,6,6,0,0,6,6,23906,0,0,0,0,0
2020-05-21,US,Illinois,Sangamon,324,26,0,39.75836914,-89.65872023,17167.0,298,319,25,0,294,311,195348,5,1,0,4,8
2020-05-21,US,Illinois,Schuyler,8,0,0,40.157179799999994,-90.61114163,17169.0,8,8,0,0,8,7,6907,0,0,0,0,1
2020-05-21,US,Illinois,Shelby,15,1,0,39.39133527,-88.80611122,17173.0,14,15,1,0,14,15,21741,0,0,0,0,0
2020-05-21,US,Illinois,St. Clair,888,69,0,38.46996033,-89.93063427,17163.0,819,858,69,0,789,832,261059,30,0,0,30,26
2020-05-21,US,Illinois,Stark,2,0,0,41.09309773,-89.79745866,17175.0,2,2,0,0,2,2,5427,0,0,0,0,0
2020-05-21,US,Illinois,Stephenson,167,2,0,42.35129217,-89.662598,17177.0,165,161,1,0,160,160,44753,6,1,0,5,1
2020-05-21,US,Illinois,Tazewell,65,3,0,40.50716185,-89.51404662,17179.0,62,65,3,0,62,64,132328,0,0,0,0,1
2020-05-21,US,Illinois,Unassigned,85,0,0,0.0,0.0,90017.0,85,73,0,0,73,70,,12,0,0,12,3
2020-05-21,US,Illinois,Union,124,5,0,37.47119609,-89.25548938,17181.0,119,124,5,0,119,122,16841,0,0,0,0,2
2020-05-21,US,Illinois,Vermilion,35,1,0,40.18417171,-87.73384359,17183.0,34,31,1,0,30,30,76806,4,0,0,4,1
2020-05-21,US,Illinois,Wabash,1,0,0,38.44272901,-87.84922065,17185.0,1,1,0,0,1,1,11549,0,0,0,0,0
2020-05-21,US,Illinois,Warren,110,0,0,40.84925021,-90.6147432,17187.0,110,110,0,0,110,110,17032,0,0,0,0,0
2020-05-21,US,Illinois,Washington,18,0,0,38.35309213,-89.40982703,17189.0,18,18,0,0,18,18,13995,0,0,0,0,0
2020-05-21,US,Illinois,Wayne,9,1,0,38.42955355,-88.42586459,17191.0,8,9,1,0,8,9,16332,0,0,0,0,0
2020-05-21,US,Illinois,White,2,0,0,38.08706198,-88.17657461,17193.0,2,2,0,0,2,2,13665,0,0,0,0,0
2020-05-21,US,Illinois,Whiteside,130,10,0,41.75509713,-89.91556058,17195.0,120,128,10,0,118,125,55626,2,0,0,2,3
2020-05-21,US,Illinois,Will,4797,250,0,41.44619267,-87.97862712,17197.0,4547,4694,247,0,4447,4560,692310,103,3,0,100,134
2020-05-21,US,Illinois,Williamson,55,1,0,37.73033511,-88.92994027,17199.0,54,55,1,0,54,52,67056,0,0,0,0,3
2020-05-21,US,Illinois,Winnebago,1681,44,0,42.33641854,-89.16085327,17201.0,1637,1615,40,0,1575,1564,284081,66,4,0,62,51
2020-05-21,US,Illinois,Woodford,17,2,0,40.78579374,-89.20973757,17203.0,15,17,2,0,15,16,38463,0,0,0,0,1
2020-05-21,US,Indiana,Adams,11,1,0,40.7457653,-84.93671406,18001.0,10,11,1,0,10,10,35636,0,0,0,0,1
2020-05-21,US,Indiana,Allen,1139,65,0,41.09194313,-85.06800636,18003.0,1074,1106,65,0,1041,1053,375351,33,0,0,33,53
2020-05-21,US,Indiana,Bartholomew,452,33,0,39.20744865,-85.89558181,18005.0,419,448,31,0,417,438,82753,4,2,0,2,10
2020-05-21,US,Indiana,Benton,24,0,0,40.60626947,-87.31093999,18007.0,24,24,0,0,24,23,8653,0,0,0,0,1
2020-05-21,US,Indiana,Blackford,16,1,0,40.47388153,-85.32499702,18009.0,15,16,1,0,15,17,11930,0,0,0,0,-1
2020-05-21,US,Indiana,Boone,276,35,0,40.0509304,-86.46841646,18011.0,241,263,34,0,229,261,66999,13,1,0,12,2
2020-05-21,US,Indiana,Brown,32,1,0,39.19605589,-86.22868909,18013.0,31,31,1,0,30,31,15234,1,0,0,1,0
2020-05-21,US,Indiana,Carroll,85,2,0,40.580783200000006,-86.56198812,18015.0,83,81,2,0,79,79,20127,4,0,0,4,2
2020-05-21,US,Indiana,Cass,1572,6,0,40.76135835,-86.34830753,18017.0,1566,1564,6,0,1558,1560,37955,8,0,0,8,4
2020-05-21,US,Indiana,Clark,446,37,0,38.48015445,-85.70510334,18019.0,409,438,37,0,401,430,117360,8,0,0,8,8
2020-05-21,US,Indiana,Clay,36,1,0,39.39561833,-87.11723506,18021.0,35,33,1,0,32,32,26170,3,0,0,3,1
2020-05-21,US,Indiana,Clinton,185,1,0,40.30319754,-86.47277257,18023.0,184,163,1,0,162,149,32250,22,0,0,22,14
2020-05-21,US,Indiana,Crawford,22,0,0,38.28814402,-86.44518825,18025.0,22,22,0,0,22,22,10558,0,0,0,0,0
2020-05-21,US,Indiana,Daviess,73,16,0,38.70186039,-87.07185406,18027.0,57,71,15,0,56,71,33147,2,1,0,1,0
2020-05-21,US,Indiana,DeKalb,26,1,0,41.39804622,-84.99906934,18033.0,25,26,1,0,25,26,43226,0,0,0,0,0
2020-05-21,US,Indiana,Dearborn,160,21,0,39.14647946,-84.97333539,18029.0,139,158,21,0,137,158,49568,2,0,0,2,0
2020-05-21,US,Indiana,Decatur,220,31,0,39.30712658,-85.50087166,18031.0,189,220,31,0,189,220,26794,0,0,0,0,0
2020-05-21,US,Indiana,Delaware,319,25,0,40.22787247,-85.39732772,18035.0,294,297,24,0,273,297,114772,22,1,0,21,0
2020-05-21,US,Indiana,Dubois,168,2,0,38.36597551,-86.87924170000002,18037.0,166,162,2,0,160,162,42565,6,0,0,6,0
2020-05-21,US,Indiana,Elkhart,844,27,0,41.59761169,-85.85875695,18039.0,817,777,26,0,751,733,205560,67,1,0,66,44
2020-05-21,US,Indiana,Fayette,50,4,0,39.63684962,-85.17797541,18041.0,46,43,4,0,39,42,23047,7,0,0,7,1
2020-05-21,US,Indiana,Floyd,309,38,0,38.32117957,-85.90385377,18043.0,271,306,38,0,268,304,77781,3,0,0,3,2
2020-05-21,US,Indiana,Fountain,19,2,0,40.12361933,-87.24217689,18045.0,17,18,2,0,16,18,16351,1,0,0,1,0
2020-05-21,US,Indiana,Franklin,106,7,0,39.4142482,-85.06062647,18047.0,99,106,7,0,99,106,22736,0,0,0,0,0
2020-05-21,US,Indiana,Fulton,46,1,0,41.0469907,-86.26252745,18049.0,45,47,1,0,46,45,20092,-1,0,0,-1,2
2020-05-21,US,Indiana,Gibson,13,1,0,38.30393723,-87.58054938,18051.0,12,11,0,0,11,10,33452,2,1,0,1,1
2020-05-21,US,Indiana,Grant,172,20,0,40.51587228,-85.65468702,18053.0,152,168,20,0,148,167,65936,4,0,0,4,1
2020-05-21,US,Indiana,Greene,165,21,0,39.03630547,-86.96223202,18055.0,144,162,21,0,141,161,32006,3,0,0,3,1
2020-05-21,US,Indiana,Hamilton,1071,91,0,40.07306535,-86.05244729,18057.0,980,1054,91,0,963,1042,330086,17,0,0,17,12
2020-05-21,US,Indiana,Hancock,310,27,0,39.82304555,-85.77566351,18059.0,283,303,26,0,277,301,76351,7,1,0,6,2
2020-05-21,US,Indiana,Harrison,178,20,0,38.19467379,-86.10948271,18061.0,158,175,19,0,156,174,40350,3,1,0,2,1
2020-05-21,US,Indiana,Hendricks,1087,63,0,39.76719009,-86.51037283,18063.0,1024,1060,61,0,999,1050,167009,27,2,0,25,10
2020-05-21,US,Indiana,Henry,152,4,0,39.93029017,-85.39625719,18065.0,148,139,4,0,135,137,48271,13,0,0,13,2
2020-05-21,US,Indiana,Howard,336,17,0,40.48527731,-86.11351892,18067.0,319,331,17,0,314,303,82366,5,0,0,5,28
2020-05-21,US,Indiana,Huntington,20,2,0,40.82907273,-85.48822092,18069.0,18,20,2,0,18,20,36240,0,0,0,0,0
2020-05-21,US,Indiana,Jackson,345,1,0,38.90915820000001,-86.03851889,18071.0,344,338,1,0,337,336,44111,7,0,0,7,2
2020-05-21,US,Indiana,Jasper,48,1,0,41.02078733,-87.11553319,18073.0,47,48,1,0,47,42,33370,0,0,0,0,6
2020-05-21,US,Indiana,Jay,32,0,0,40.43781032,-85.00576229,18075.0,32,32,0,0,32,32,20764,0,0,0,0,0
2020-05-21,US,Indiana,Jefferson,41,1,0,38.78576239,-85.43633383,18077.0,40,41,1,0,40,40,32208,0,0,0,0,1
2020-05-21,US,Indiana,Jennings,123,4,0,38.99588883,-85.62710784,18079.0,119,121,4,0,117,117,27611,2,0,0,2,4
2020-05-21,US,Indiana,Johnson,1049,102,0,39.48994426,-86.10149107,18081.0,947,1029,99,0,930,1016,156225,20,3,0,17,13
2020-05-21,US,Indiana,Knox,23,0,0,38.68861576,-87.4194665,18083.0,23,23,0,0,23,22,36895,0,0,0,0,1
2020-05-21,US,Indiana,Kosciusko,61,1,0,41.24521668,-85.86312322,18085.0,60,60,1,0,59,60,79344,1,0,0,1,0
2020-05-21,US,Indiana,LaGrange,57,2,0,41.64232188,-85.42674232,18087.0,55,56,2,0,54,52,39330,1,0,0,1,4
2020-05-21,US,Indiana,LaPorte,373,17,0,41.54366008,-86.74072188,18091.0,356,365,16,0,349,360,110007,8,1,0,7,5
2020-05-21,US,Indiana,Lake,3087,162,0,41.41874274,-87.38277575,18089.0,2925,3024,149,0,2875,2946,484411,63,13,0,50,78
2020-05-21,US,Indiana,Lawrence,141,21,0,38.84112637,-86.48361629,18093.0,120,140,21,0,119,141,45668,1,0,0,1,-1
2020-05-21,US,Indiana,Madison,573,57,0,40.16143691,-85.71964711,18095.0,516,568,57,0,511,553,129641,5,0,0,5,15
2020-05-21,US,Indiana,Marion,8815,518,0,39.78163624,-86.13826325,18097.0,8297,8656,505,0,8151,8541,954670,159,13,0,146,115
2020-05-21,US,Indiana,Marshall,51,1,0,41.32467367,-86.26185087,18099.0,50,50,1,0,49,44,46248,1,0,0,1,6
2020-05-21,US,Indiana,Martin,8,0,0,38.7099921,-86.80373186,18101.0,8,8,0,0,8,8,10217,0,0,0,0,0
2020-05-21,US,Indiana,Miami,134,1,0,40.76940965,-86.04525048,18103.0,133,132,1,0,131,130,35567,2,0,0,2,2
2020-05-21,US,Indiana,Monroe,156,10,0,39.16130004,-86.52414358,18105.0,146,154,10,0,144,152,146917,2,0,0,2,2
2020-05-21,US,Indiana,Montgomery,199,14,0,40.04034823,-86.89335024,18107.0,185,191,14,0,177,187,38346,8,0,0,8,4
2020-05-21,US,Indiana,Morgan,251,22,0,39.47899078,-86.44573375,18109.0,229,250,21,0,229,250,70116,1,1,0,0,0
2020-05-21,US,Indiana,Newton,72,10,0,40.95610449,-87.39635768,18111.0,62,71,9,0,62,71,14011,1,1,0,0,0
2020-05-21,US,Indiana,Noble,161,20,0,41.39672484,-85.41966713,18113.0,141,155,20,0,135,152,47532,6,0,0,6,3
2020-05-21,US,Indiana,Ohio,13,0,0,38.955304999999996,-84.96515993,18115.0,13,13,0,0,13,13,5844,0,0,0,0,0
2020-05-21,US,Indiana,Orange,122,19,0,38.54118920000001,-86.49523093,18117.0,103,122,19,0,103,122,19489,0,0,0,0,0
2020-05-21,US,Indiana,Owen,29,1,0,39.31145587,-86.83900724,18119.0,28,28,1,0,27,27,20845,1,0,0,1,1
2020-05-21,US,Indiana,Parke,17,0,0,39.77202286,-87.20375833,18121.0,17,17,0,0,17,17,16927,0,0,0,0,0
2020-05-21,US,Indiana,Perry,22,0,0,38.07809328,-86.63741946,18123.0,22,20,0,0,20,20,19102,2,0,0,2,0
2020-05-21,US,Indiana,Pike,5,0,0,38.40112197,-87.23574907,18125.0,5,5,0,0,5,5,12410,0,0,0,0,0
2020-05-21,US,Indiana,Porter,425,19,0,41.45986947,-87.06848888,18127.0,406,421,15,0,406,412,169594,4,4,0,0,9
2020-05-21,US,Indiana,Posey,16,0,0,38.02097333,-87.86480429,18129.0,16,16,0,0,16,16,25540,0,0,0,0,0
2020-05-21,US,Indiana,Pulaski,37,0,0,41.04166107,-86.69890683,18131.0,37,38,0,0,38,35,12469,-1,0,0,-1,3
2020-05-21,US,Indiana,Putnam,127,6,0,39.66437981,-86.84517605,18133.0,121,126,6,0,120,123,37779,1,0,0,1,3
2020-05-21,US,Indiana,Randolph,32,3,0,40.15734772,-85.01139319,18135.0,29,30,3,0,27,30,24851,2,0,0,2,0
2020-05-21,US,Indiana,Ripley,110,6,0,39.10235626,-85.26212744,18137.0,104,107,6,0,101,107,28523,3,0,0,3,0
2020-05-21,US,Indiana,Rush,43,2,0,39.62002287,-85.4655599,18139.0,41,42,2,0,40,42,16663,1,0,0,1,0
2020-05-21,US,Indiana,Scott,105,3,0,38.68672078,-85.74627859,18143.0,102,101,3,0,98,98,23878,4,0,0,4,3
2020-05-21,US,Indiana,Shelby,303,20,0,39.52305623,-85.79158570000001,18145.0,283,302,20,0,282,298,44593,1,0,0,1,4
2020-05-21,US,Indiana,Spencer,13,1,0,38.01519732,-87.0079644,18147.0,12,13,1,0,12,12,20327,0,0,0,0,1
2020-05-21,US,Indiana,St. Joseph,1082,32,0,41.61756781,-86.29040834,18141.0,1050,1054,31,0,1023,1014,270771,28,1,0,27,40
2020-05-21,US,Indiana,Starke,29,3,0,41.27890281,-86.64686895,18149.0,26,28,3,0,25,27,22935,1,0,0,1,1
2020-05-21,US,Indiana,Steuben,73,2,0,41.64423868,-85.00101094,18151.0,71,71,2,0,69,69,34586,2,0,0,2,2
2020-05-21,US,Indiana,Sullivan,30,1,0,39.08952258,-87.41414469,18153.0,29,29,1,0,28,28,20690,1,0,0,1,1
2020-05-21,US,Indiana,Switzerland,18,0,0,38.82767338,-85.03022429,18155.0,18,18,0,0,18,18,10717,0,0,0,0,0
2020-05-21,US,Indiana,Tippecanoe,342,3,0,40.38872739,-86.89413959,18157.0,339,331,3,0,328,313,193048,11,0,0,11,18
2020-05-21,US,Indiana,Tipton,21,1,0,40.31123252,-86.05234925,18159.0,20,21,1,0,20,21,15128,0,0,0,0,0
2020-05-21,US,Indiana,Unassigned,0,149,0,0.0,0.0,90018.0,-149,0,148,0,-148,0,,0,1,0,-1,0
2020-05-21,US,Indiana,Union,8,0,0,39.62550777,-84.92497066,18161.0,8,8,0,0,8,8,7037,0,0,0,0,0
2020-05-21,US,Indiana,Vanderburgh,229,2,0,38.02658833,-87.58763124,18163.0,227,225,2,0,223,223,180974,4,0,0,4,2
2020-05-21,US,Indiana,Vermillion,8,0,0,39.8523352,-87.46160542,18165.0,8,8,0,0,8,7,15479,0,0,0,0,1
2020-05-21,US,Indiana,Vigo,130,7,0,39.42944561,-87.39169027,18167.0,123,126,7,0,119,119,107386,4,0,0,4,7
2020-05-21,US,Indiana,Wabash,71,2,0,40.84704239,-85.79328272,18169.0,69,71,2,0,69,71,31280,0,0,0,0,0
2020-05-21,US,Indiana,Warren,12,1,0,40.34728141,-87.35602659,18171.0,11,12,1,0,11,12,8263,0,0,0,0,0
2020-05-21,US,Indiana,Warrick,157,26,0,38.08922676,-87.2716085,18173.0,131,154,26,0,128,151,62567,3,0,0,3,3
2020-05-21,US,Indiana,Washington,52,1,0,38.60219804,-86.1049363,18175.0,51,52,1,0,51,50,27943,0,0,0,0,2
2020-05-21,US,Indiana,Wayne,64,5,0,39.863344399999995,-85.01044989,18177.0,59,63,5,0,58,62,65936,1,0,0,1,1
2020-05-21,US,Indiana,Wells,21,0,0,40.72934187,-85.22132966,18179.0,21,20,0,0,20,18,28206,1,0,0,1,2
2020-05-21,US,Indiana,White,201,7,0,40.74911165,-86.86492015,18181.0,194,188,7,0,181,186,24133,13,0,0,13,2
2020-05-21,US,Indiana,Whitley,29,2,0,41.13863784,-85.50791236,18183.0,27,28,2,0,26,27,34074,1,0,0,1,1
2020-05-21,US,Iowa,Adair,6,0,0,41.33075609,-94.47105874,19001.0,6,6,0,0,6,6,7063,0,0,0,0,0
2020-05-21,US,Iowa,Adams,3,0,0,41.02903567,-94.69932645,19003.0,3,2,0,0,2,1,3645,1,0,0,1,1
2020-05-21,US,Iowa,Allamakee,118,4,0,43.28383218,-91.37860922,19005.0,114,116,4,0,112,115,13832,2,0,0,2,1
2020-05-21,US,Iowa,Appanoose,8,3,0,40.74324454,-92.86865906,19007.0,5,8,3,0,5,8,12437,0,0,0,0,0
2020-05-21,US,Iowa,Audubon,11,1,0,41.6844628,-94.90581859,19009.0,10,11,1,0,10,11,5506,0,0,0,0,0
2020-05-21,US,Iowa,Benton,37,1,0,42.08011739,-92.06463573,19011.0,36,36,1,0,35,36,25642,1,0,0,1,0
2020-05-21,US,Iowa,Black Hawk,1654,37,0,42.4704581,-92.30524729,19013.0,1617,1636,36,0,1600,1628,132408,18,1,0,17,8
2020-05-21,US,Iowa,Boone,50,0,0,42.03657094,-93.9313999,19015.0,50,49,0,0,49,46,26346,1,0,0,1,3
2020-05-21,US,Iowa,Bremer,65,5,0,42.77461496,-92.31795937,19017.0,60,65,5,0,60,65,24947,0,0,0,0,0
2020-05-21,US,Iowa,Buchanan,29,0,0,42.4709188,-91.83510825,19019.0,29,29,0,0,29,26,21199,0,0,0,0,3
2020-05-21,US,Iowa,Buena Vista,134,0,0,42.73545875,-95.15100162,19021.0,134,124,0,0,124,117,19874,10,0,0,10,7
2020-05-21,US,Iowa,Butler,14,0,0,42.73172833,-92.79015971,19023.0,14,14,0,0,14,14,14539,0,0,0,0,0
2020-05-21,US,Iowa,Calhoun,2,0,0,42.38521079,-94.64046046,19025.0,2,2,0,0,2,2,9699,0,0,0,0,0
2020-05-21,US,Iowa,Carroll,7,0,0,42.03617207,-94.86032705,19027.0,7,7,0,0,7,7,20154,0,0,0,0,0
2020-05-21,US,Iowa,Cass,6,0,0,41.33149454,-94.92792482,19029.0,6,3,0,0,3,2,12930,3,0,0,3,1
2020-05-21,US,Iowa,Cedar,44,1,0,41.77233777,-91.13246684,19031.0,43,41,1,0,40,43,18627,3,0,0,3,-2
2020-05-21,US,Iowa,Cerro Gordo,19,1,0,43.08177563,-93.2612239,19033.0,18,20,0,0,20,17,42647,-1,1,0,-2,3
2020-05-21,US,Iowa,Cherokee,8,0,0,42.73538914,-95.62389402,19035.0,8,10,0,0,10,9,11321,-2,0,0,-2,1
2020-05-21,US,Iowa,Chickasaw,8,0,0,43.06001295,-92.31773347,19037.0,8,8,0,0,8,7,11964,0,0,0,0,1
2020-05-21,US,Iowa,Clarke,25,0,0,41.02868181,-93.78499767,19039.0,25,23,0,0,23,23,9423,2,0,0,2,0
2020-05-21,US,Iowa,Clay,9,0,0,43.08247182,-95.15096481,19041.0,9,9,0,0,9,9,16134,0,0,0,0,0
2020-05-21,US,Iowa,Clayton,30,3,0,42.84443388,-91.34133693,19043.0,27,30,3,0,27,30,17556,0,0,0,0,0
2020-05-21,US,Iowa,Clinton,61,1,0,41.89981633,-90.53275096,19045.0,60,61,1,0,60,61,46518,0,0,0,0,0
2020-05-21,US,Iowa,Crawford,435,2,0,42.03718237,-95.3819718,19047.0,433,410,1,0,409,394,17158,25,1,0,24,16
2020-05-21,US,Iowa,Dallas,816,13,0,41.68560356,-94.04127625,19049.0,803,802,11,0,791,795,90180,14,2,0,12,7
2020-05-21,US,Iowa,Davis,15,0,0,40.74773536,-92.41005468,19051.0,15,13,0,0,13,13,9017,2,0,0,2,0
2020-05-21,US,Iowa,Delaware,13,0,0,42.47104597,-91.3664492,19055.0,13,13,0,0,13,12,17069,0,0,0,0,1
2020-05-21,US,Iowa,Des Moines,51,1,0,40.92012606,-91.18326592,19057.0,50,43,1,0,42,39,39138,8,0,0,8,4
2020-05-21,US,Iowa,Dickinson,8,0,0,43.37787725,-95.1510206,19059.0,8,8,0,0,8,7,17153,0,0,0,0,1
2020-05-21,US,Iowa,Dubuque,300,13,0,42.46815349,-90.88181925,19061.0,287,296,13,0,283,286,96854,4,0,0,4,10
2020-05-21,US,Iowa,Emmet,6,0,0,43.37782951,-94.67858943,19063.0,6,6,0,0,6,2,9253,0,0,0,0,4
2020-05-21,US,Iowa,Fayette,25,0,0,42.86271799,-91.84412309999999,19065.0,25,25,0,0,25,25,19660,0,0,0,0,0
2020-05-21,US,Iowa,Floyd,15,1,0,43.06000529999999,-92.78940097,19067.0,14,11,1,0,10,11,15761,4,0,0,4,0
2020-05-21,US,Iowa,Franklin,6,0,0,42.73270384,-93.26256925,19069.0,6,7,0,0,7,7,10124,-1,0,0,-1,0
2020-05-21,US,Iowa,Fremont,4,0,0,40.74542720000001,-95.60129045,19071.0,4,4,0,0,4,4,6993,0,0,0,0,0
2020-05-21,US,Iowa,Greene,13,0,0,42.03614551,-94.39658081,19073.0,13,13,0,0,13,13,8981,0,0,0,0,0
2020-05-21,US,Iowa,Grundy,19,0,0,42.40183723,-92.78829551,19075.0,19,17,0,0,17,17,12304,2,0,0,2,0
2020-05-21,US,Iowa,Guthrie,42,3,0,41.68378965,-94.50111014,19077.0,39,40,3,0,37,40,10720,2,0,0,2,0
2020-05-21,US,Iowa,Hamilton,15,0,0,42.38382428,-93.70197703,19079.0,15,12,0,0,12,11,14952,3,0,0,3,1
2020-05-21,US,Iowa,Hancock,10,0,0,43.08178477,-93.73454884,19081.0,10,7,0,0,7,5,10712,3,0,0,3,2
2020-05-21,US,Iowa,Hardin,13,0,0,42.38353877,-93.23654611,19083.0,13,13,0,0,13,12,16868,0,0,0,0,1
2020-05-21,US,Iowa,Harrison,18,0,0,41.68330137,-95.81558439,19085.0,18,18,0,0,18,18,14134,0,0,0,0,0
2020-05-21,US,Iowa,Henry,50,1,0,40.98767962,-91.54436349,19087.0,49,49,1,0,48,47,20067,1,0,0,1,2
2020-05-21,US,Iowa,Howard,12,0,0,43.35671042,-92.31702714,19089.0,12,12,0,0,12,12,9187,0,0,0,0,0
2020-05-21,US,Iowa,Humboldt,9,0,0,42.7764426,-94.20722537,19091.0,9,7,0,0,7,7,9547,2,0,0,2,0
2020-05-21,US,Iowa,Ida,8,0,0,42.38696136,-95.51355387,19093.0,8,8,0,0,8,8,6841,0,0,0,0,0
2020-05-21,US,Iowa,Iowa,32,0,0,41.68630265,-92.0643373,19095.0,32,31,0,0,31,30,16141,1,0,0,1,1
2020-05-21,US,Iowa,Jackson,8,0,0,42.17178824,-90.57354837,19097.0,8,8,0,0,8,8,19432,0,0,0,0,0
2020-05-21,US,Iowa,Jasper,249,14,0,41.68576082,-93.05567785,19099.0,235,250,14,0,236,250,37147,-1,0,0,-1,0
2020-05-21,US,Iowa,Jefferson,14,0,0,41.03192394,-91.94849466,19101.0,14,13,0,0,13,12,18381,1,0,0,1,1
2020-05-21,US,Iowa,Johnson,585,7,0,41.67169354,-91.58754744,19103.0,578,579,7,0,572,574,151260,6,0,0,6,5
2020-05-21,US,Iowa,Jones,36,0,0,42.12118609,-91.13139641,19105.0,36,36,0,0,36,36,20744,0,0,0,0,0
2020-05-21,US,Iowa,Keokuk,13,0,0,41.33649833,-92.1785067,19107.0,13,13,0,0,13,12,10225,0,0,0,0,1
2020-05-21,US,Iowa,Kossuth,7,0,0,43.20405458,-94.20691791,19109.0,7,7,0,0,7,4,14908,0,0,0,0,3
2020-05-21,US,Iowa,Lee,20,0,0,40.64181461,-91.48183025,19111.0,20,20,0,0,20,20,34055,0,0,0,0,0
2020-05-21,US,Iowa,Linn,910,73,0,42.07923082,-91.59809485,19113.0,837,902,73,0,829,899,225909,8,0,0,8,3
2020-05-21,US,Iowa,Louisa,326,6,0,41.21842119,-91.26102611,19115.0,320,322,6,0,316,315,11169,4,0,0,4,7
2020-05-21,US,Iowa,Lucas,3,0,0,41.02958964,-93.32780803,19117.0,3,3,0,0,3,2,8645,0,0,0,0,1
2020-05-21,US,Iowa,Lyon,19,0,0,43.38107862,-96.20926845,19119.0,19,19,0,0,19,19,11811,0,0,0,0,0
2020-05-21,US,Iowa,Madison,21,1,0,41.33081904,-94.01554631,19121.0,20,20,1,0,19,16,16249,1,0,0,1,4
2020-05-21,US,Iowa,Mahaska,47,2,0,41.33521503,-92.64083907,19123.0,45,45,2,0,43,37,22000,2,0,0,2,8
2020-05-21,US,Iowa,Marion,27,0,0,41.33445101,-93.09934783,19125.0,27,24,0,0,24,22,33407,3,0,0,3,2
2020-05-21,US,Iowa,Marshall,842,8,0,42.03586837,-92.99908190000001,19127.0,834,827,7,0,820,817,39981,15,1,0,14,10
2020-05-21,US,Iowa,Mills,13,0,0,41.03299766,-95.61920963,19129.0,13,13,0,0,13,12,15063,0,0,0,0,1
2020-05-21,US,Iowa,Mitchell,5,0,0,43.35638371,-92.78887719,19131.0,5,4,0,0,4,4,10569,1,0,0,1,0
2020-05-21,US,Iowa,Monona,19,0,0,42.05220391,-95.95743843,19133.0,19,18,0,0,18,16,8679,1,0,0,1,2
2020-05-21,US,Iowa,Monroe,27,2,0,41.02988815,-92.8690667,19135.0,25,22,2,0,20,22,7790,5,0,0,5,0
2020-05-21,US,Iowa,Montgomery,5,0,0,41.03018714,-95.15642896,19137.0,5,5,0,0,5,5,10003,0,0,0,0,0
2020-05-21,US,Iowa,Muscatine,540,35,0,41.48370744,-91.11216970000001,19139.0,505,535,35,0,500,531,42929,5,0,0,5,4
2020-05-21,US,Iowa,O'Brien,24,0,0,43.08310673,-95.62474482,19141.0,24,21,0,0,21,21,13840,3,0,0,3,0
2020-05-21,US,Iowa,Osceola,30,0,0,43.37824276,-95.62422844,19143.0,30,29,0,0,29,28,6040,1,0,0,1,1
2020-05-21,US,Iowa,Page,10,0,0,40.7393172,-95.1497813,19145.0,10,10,0,0,10,10,15249,0,0,0,0,0
2020-05-21,US,Iowa,Palo Alto,3,0,0,43.08193849,-94.67824621,19147.0,3,2,0,0,2,2,8929,1,0,0,1,0
2020-05-21,US,Iowa,Plymouth,98,0,0,42.737633,-96.21366621,19149.0,98,89,0,0,89,89,25095,9,0,0,9,0
2020-05-21,US,Iowa,Pocahontas,3,0,0,42.73420133,-94.67862564,19151.0,3,3,0,0,3,3,6740,0,0,0,0,0
2020-05-21,US,Iowa,Polk,3381,91,0,41.68679484,-93.57767461,19153.0,3290,3230,86,0,3144,3128,487204,151,5,0,146,102
2020-05-21,US,Iowa,Pottawattamie,190,5,0,41.33640314,-95.53907776,19155.0,185,175,3,0,172,174,93533,15,2,0,13,1
2020-05-21,US,Iowa,Poweshiek,88,8,0,41.68625425,-92.53155731,19157.0,80,88,8,0,80,87,18699,0,0,0,0,1
2020-05-21,US,Iowa,Ringgold,1,0,0,40.73518949,-94.24368535,19159.0,1,1,0,0,1,1,4968,0,0,0,0,0
2020-05-21,US,Iowa,Sac,8,0,0,42.38624071,-95.10547892,19161.0,8,7,0,0,7,6,9719,1,0,0,1,1
2020-05-21,US,Iowa,Scott,323,8,0,41.63935978,-90.61959493,19163.0,315,313,8,0,305,309,173283,10,0,0,10,4
2020-05-21,US,Iowa,Shelby,27,0,0,41.6850066,-95.31015553,19165.0,27,24,0,0,24,24,11578,3,0,0,3,0
2020-05-21,US,Iowa,Sioux,181,0,0,43.08221074,-96.17675679999999,19167.0,181,159,0,0,159,146,34909,22,0,0,22,13
2020-05-21,US,Iowa,Story,86,1,0,42.03621213,-93.46499005,19169.0,85,82,1,0,81,81,98105,4,0,0,4,1
2020-05-21,US,Iowa,Tama,378,23,0,42.07991767,-92.53266945,19171.0,355,368,21,0,347,362,16904,10,2,0,8,6
2020-05-21,US,Iowa,Taylor,5,0,0,40.73710579,-94.69778563,19173.0,5,4,0,0,4,3,6191,1,0,0,1,1
2020-05-21,US,Iowa,Unassigned,14,0,0,0.0,0.0,90019.0,14,8,0,0,8,5,,6,0,0,6,3
2020-05-21,US,Iowa,Union,4,0,0,41.0277278,-94.24234847,19175.0,4,4,0,0,4,2,12359,0,0,0,0,2
2020-05-21,US,Iowa,Van Buren,8,0,0,40.75326764,-91.95017958,19177.0,8,8,0,0,8,8,7020,0,0,0,0,0
2020-05-21,US,Iowa,Wapello,450,3,0,41.03064984,-92.40954728,19179.0,447,417,3,0,414,405,35205,33,0,0,33,12
2020-05-21,US,Iowa,Warren,90,0,0,41.33559454,-93.56007641,19181.0,90,87,0,0,87,87,51056,3,0,0,3,0
2020-05-21,US,Iowa,Washington,174,8,0,41.33577126,-91.71725711,19183.0,166,173,8,0,165,173,22141,1,0,0,1,0
2020-05-21,US,Iowa,Wayne,1,0,0,40.73969028,-93.32752197,19185.0,1,1,0,0,1,1,6401,0,0,0,0,0
2020-05-21,US,Iowa,Webster,20,1,0,42.42853483,-94.17987389,19187.0,19,19,1,0,18,13,36277,1,0,0,1,6
2020-05-21,US,Iowa,Winnebago,9,0,0,43.37751174,-93.73407298,19189.0,9,8,0,0,8,7,10518,1,0,0,1,1
2020-05-21,US,Iowa,Winneshiek,21,0,0,43.29094334,-91.84422722,19191.0,21,20,0,0,20,21,20029,1,0,0,1,-1
2020-05-21,US,Iowa,Woodbury,2448,23,0,42.38979414,-96.0459439,19193.0,2425,2362,21,0,2341,2342,102539,86,2,0,84,20
2020-05-21,US,Iowa,Worth,3,0,0,43.37750768,-93.26087602,19195.0,3,3,0,0,3,3,7453,0,0,0,0,0
2020-05-21,US,Iowa,Wright,73,0,0,42.73305373,-93.73515113,19197.0,73,45,0,0,45,24,12690,28,0,0,28,21
2020-05-21,US,Kansas,Anderson,1,0,0,38.21413251,-95.29272815,20003.0,1,1,0,0,1,1,7878,0,0,0,0,0
2020-05-21,US,Kansas,Atchison,18,0,0,39.53185661,-95.30870026,20005.0,18,17,0,0,17,15,16193,1,0,0,1,2
2020-05-21,US,Kansas,Barber,1,0,0,37.2288586,-98.68460053,20007.0,1,1,0,0,1,1,4472,0,0,0,0,0
2020-05-21,US,Kansas,Barton,32,1,0,38.47889676,-98.75636726,20009.0,31,31,1,0,30,31,26111,1,0,0,1,0
2020-05-21,US,Kansas,Bourbon,7,1,0,37.85508555,-94.84865997,20011.0,6,6,1,0,5,6,14653,1,0,0,1,0
2020-05-21,US,Kansas,Brown,5,0,0,39.82652589,-95.56421698,20013.0,5,5,0,0,5,5,9598,0,0,0,0,0
2020-05-21,US,Kansas,Butler,22,0,0,37.78134351,-96.83878537,20015.0,22,18,0,0,18,18,66765,4,0,0,4,0
2020-05-21,US,Kansas,Chase,3,0,0,38.30292938,-96.59563862,20017.0,3,3,0,0,3,3,2629,0,0,0,0,0
2020-05-21,US,Kansas,Chautauqua,4,0,0,37.14994405,-96.2454192,20019.0,4,4,0,0,4,4,3309,0,0,0,0,0
2020-05-21,US,Kansas,Cherokee,8,0,0,37.16928494,-94.8462897,20021.0,8,8,0,0,8,8,20015,0,0,0,0,0
2020-05-21,US,Kansas,Cheyenne,2,0,0,39.78580976,-101.7318201,20023.0,2,2,0,0,2,2,2660,0,0,0,0,0
2020-05-21,US,Kansas,Clark,21,1,0,37.23577007,-99.81883015,20025.0,20,21,1,0,20,21,2005,0,0,0,0,0
2020-05-21,US,Kansas,Clay,5,1,0,39.34948772,-97.16518128,20027.0,4,5,1,0,4,5,7997,0,0,0,0,0
2020-05-21,US,Kansas,Cloud,4,0,0,39.48028352,-97.64925343,20029.0,4,4,0,0,4,4,8729,0,0,0,0,0
2020-05-21,US,Kansas,Coffey,50,8,0,38.2365018,-95.73379515,20031.0,42,50,8,0,42,50,8233,0,0,0,0,0
2020-05-21,US,Kansas,Cowley,4,1,0,37.23781842,-96.83776647,20035.0,3,4,1,0,3,4,35218,0,0,0,0,0
2020-05-21,US,Kansas,Crawford,8,1,0,37.50675523,-94.85245778,20037.0,7,8,1,0,7,8,39019,0,0,0,0,0
2020-05-21,US,Kansas,Dickinson,2,0,0,38.86600962,-97.15532383,20041.0,2,2,0,0,2,2,18717,0,0,0,0,0
2020-05-21,US,Kansas,Doniphan,10,0,0,39.79067154,-95.14056866,20043.0,10,9,0,0,9,9,7682,1,0,0,1,0
2020-05-21,US,Kansas,Douglas,62,0,0,38.88503636,-95.2925121,20045.0,62,62,0,0,62,62,121436,0,0,0,0,0
2020-05-21,US,Kansas,Edwards,5,0,0,37.88735543,-99.31263309,20047.0,5,5,0,0,5,5,2849,0,0,0,0,0
2020-05-21,US,Kansas,Ellis,8,0,0,38.91458712,-99.31751551,20051.0,8,8,0,0,8,8,28710,0,0,0,0,0
2020-05-21,US,Kansas,Ellsworth,2,0,0,38.69677695,-98.20462799,20053.0,2,2,0,0,2,2,6196,0,0,0,0,0
2020-05-21,US,Kansas,Finney,1398,6,0,38.04340344,-100.73819379999999,20055.0,1392,1363,6,0,1357,1331,36611,35,0,0,35,32
2020-05-21,US,Kansas,Ford,1437,8,0,37.69200114,-99.88825298,20057.0,1429,1437,8,0,1429,1411,33888,0,0,0,0,26
2020-05-21,US,Kansas,Franklin,32,0,0,38.56443815,-95.28644341,20059.0,32,32,0,0,32,32,25631,0,0,0,0,0
2020-05-21,US,Kansas,Geary,16,0,0,38.99871131,-96.7577178,20061.0,16,15,0,0,15,14,32594,1,0,0,1,1
2020-05-21,US,Kansas,Gove,1,0,0,38.91588178,-100.4829321,20063.0,1,1,0,0,1,1,2612,0,0,0,0,0
2020-05-21,US,Kansas,Grant,18,0,0,37.56227336,-101.3079758,20067.0,18,18,0,0,18,18,7336,0,0,0,0,0
2020-05-21,US,Kansas,Gray,16,0,0,37.73836671,-100.4369088,20069.0,16,16,0,0,16,15,6033,0,0,0,0,1
2020-05-21,US,Kansas,Greenwood,3,0,0,37.8774388,-96.23250453,20073.0,3,3,0,0,3,3,6055,0,0,0,0,0
2020-05-21,US,Kansas,Hamilton,10,0,0,37.99978709,-101.7921066,20075.0,10,10,0,0,10,9,2607,0,0,0,0,1
2020-05-21,US,Kansas,Harper,1,0,0,37.19175361,-98.07578384,20077.0,1,1,0,0,1,1,5506,0,0,0,0,0
2020-05-21,US,Kansas,Harvey,11,0,0,38.04293782,-97.42747573,20079.0,11,11,0,0,11,11,34210,0,0,0,0,0
2020-05-21,US,Kansas,Haskell,15,0,0,37.562039399999996,-100.8710738,20081.0,15,15,0,0,15,16,3997,0,0,0,0,-1
2020-05-21,US,Kansas,Jackson,36,0,0,39.41673394,-95.79356799,20085.0,36,33,0,0,33,32,13280,3,0,0,3,1
2020-05-21,US,Kansas,Jefferson,21,0,0,39.2347941,-95.38289232,20087.0,21,21,0,0,21,20,18975,0,0,0,0,1
2020-05-21,US,Kansas,Jewell,4,0,0,39.78470589,-98.21820662,20089.0,4,4,0,0,4,4,2841,0,0,0,0,0
2020-05-21,US,Kansas,Johnson,679,59,0,38.88548175,-94.82250877,20091.0,620,669,58,0,611,657,597555,10,1,0,9,12
2020-05-21,US,Kansas,Kearny,40,1,0,38.00017981,-101.32168100000001,20093.0,39,40,1,0,39,40,3943,0,0,0,0,0
2020-05-21,US,Kansas,Kiowa,2,0,0,37.55848695,-99.2856537,20097.0,2,2,0,0,2,2,2516,0,0,0,0,0
2020-05-21,US,Kansas,Labette,22,0,0,37.19113093,-95.29849679,20099.0,22,22,0,0,22,22,19964,0,0,0,0,0
2020-05-21,US,Kansas,Lane,1,0,0,38.48119447,-100.46607540000001,20101.0,1,1,0,0,1,,1560,0,0,0,0,
2020-05-21,US,Kansas,Leavenworth,1062,7,0,39.20183497,-95.03620809,20103.0,1055,1058,7,0,1051,1053,81352,4,0,0,4,5
2020-05-21,US,Kansas,Linn,7,0,0,38.21267844,-94.84254089,20107.0,7,7,0,0,7,7,9750,0,0,0,0,0
2020-05-21,US,Kansas,Lyon,321,3,0,38.45576156,-96.15275715,20111.0,318,317,3,0,314,317,33406,4,0,0,4,0
2020-05-21,US,Kansas,Marion,5,1,0,38.35855394,-97.09852509999999,20115.0,4,5,1,0,4,5,11950,0,0,0,0,0
2020-05-21,US,Kansas,McPherson,27,0,0,38.39184858,-97.64769869,20113.0,27,27,0,0,27,26,28537,0,0,0,0,1
2020-05-21,US,Kansas,Meade,22,0,0,37.23859987,-100.36483100000001,20119.0,22,22,0,0,22,22,4146,0,0,0,0,0
2020-05-21,US,Kansas,Miami,6,0,0,38.56383358,-94.83832189,20121.0,6,6,0,0,6,6,33680,0,0,0,0,0
2020-05-21,US,Kansas,Mitchell,3,0,0,39.39331582,-98.20906732,20123.0,3,3,0,0,3,3,6150,0,0,0,0,0
2020-05-21,US,Kansas,Montgomery,20,2,0,37.19236568,-95.74329258,20125.0,18,20,2,0,18,20,32120,0,0,0,0,0
2020-05-21,US,Kansas,Morris,3,0,0,38.68827511,-96.65128437,20127.0,3,3,0,0,3,3,5521,0,0,0,0,0
2020-05-21,US,Kansas,Morton,4,0,0,37.19141121,-101.79925190000002,20129.0,4,4,0,0,4,4,2667,0,0,0,0,0
2020-05-21,US,Kansas,Nemaha,8,0,0,39.78345387,-96.01392079,20131.0,8,8,0,0,8,4,10155,0,0,0,0,4
2020-05-21,US,Kansas,Neosho,2,0,0,37.55862897,-95.30670046,20133.0,2,2,0,0,2,2,15951,0,0,0,0,0
2020-05-21,US,Kansas,Ness,1,0,0,38.47974157,-99.91547333,20135.0,1,1,0,0,1,1,2840,0,0,0,0,0
2020-05-21,US,Kansas,Norton,2,0,0,39.78443827,-99.90286639,20137.0,2,2,0,0,2,2,5430,0,0,0,0,0
2020-05-21,US,Kansas,Osage,7,0,0,38.65235984,-95.72707998,20139.0,7,7,0,0,7,7,15941,0,0,0,0,0
2020-05-21,US,Kansas,Osborne,2,0,0,39.3503437,-98.76753828,20141.0,2,2,0,0,2,2,3475,0,0,0,0,0
2020-05-21,US,Kansas,Ottawa,4,0,0,39.13237408,-97.65020313,20143.0,4,4,0,0,4,4,5802,0,0,0,0,0
2020-05-21,US,Kansas,Phillips,2,0,0,39.78465501,-99.34668865,20147.0,2,2,0,0,2,2,5317,0,0,0,0,0
2020-05-21,US,Kansas,Pottawatomie,21,0,0,39.37925655,-96.34564657,20149.0,21,21,0,0,21,20,24277,0,0,0,0,1
2020-05-21,US,Kansas,Pratt,1,0,0,37.64780729,-98.73922153,20151.0,1,1,0,0,1,1,9378,0,0,0,0,0
2020-05-21,US,Kansas,Reno,43,0,0,37.95230263,-98.08607292,20155.0,43,41,0,0,41,41,62342,2,0,0,2,0
2020-05-21,US,Kansas,Republic,4,0,0,39.82799632,-97.65036709,20157.0,4,4,0,0,4,4,4664,0,0,0,0,0
2020-05-21,US,Kansas,Rice,4,0,0,38.34616184,-98.19992118,20159.0,4,4,0,0,4,4,9531,0,0,0,0,0
2020-05-21,US,Kansas,Riley,60,1,0,39.28935726,-96.73420026,20161.0,59,60,1,0,59,60,73703,0,0,0,0,0
2020-05-21,US,Kansas,Rooks,6,0,0,39.35022773,-99.32484567,20163.0,6,6,0,0,6,6,5013,0,0,0,0,0
2020-05-21,US,Kansas,Saline,24,2,0,38.78369175,-97.65185177,20169.0,22,24,2,0,22,24,54401,0,0,0,0,0
2020-05-21,US,Kansas,Scott,13,0,0,38.48222076,-100.90665390000001,20171.0,13,13,0,0,13,12,4897,0,0,0,0,1
2020-05-21,US,Kansas,Sedgwick,542,21,0,37.6842718,-97.4608198,20173.0,521,539,20,0,519,538,513607,3,1,0,2,1
2020-05-21,US,Kansas,Seward,817,1,0,37.19324632,-100.85072009999999,20175.0,816,810,1,0,809,780,21780,7,0,0,7,30
2020-05-21,US,Kansas,Shawnee,234,6,0,39.04100763,-95.75572640000001,20177.0,228,217,6,0,211,199,177499,17,0,0,17,18
2020-05-21,US,Kansas,Sheridan,2,0,0,39.35018161,-100.44182590000001,20179.0,2,2,0,0,2,2,2533,0,0,0,0,0
2020-05-21,US,Kansas,Sherman,6,0,0,39.35147699,-101.71976240000001,20181.0,6,6,0,0,6,6,5899,0,0,0,0,0
2020-05-21,US,Kansas,Smith,2,0,0,39.78516566,-98.78566062,20183.0,2,2,0,0,2,2,3603,0,0,0,0,0
2020-05-21,US,Kansas,Stafford,1,0,0,38.03100851,-98.71762001,20185.0,1,1,0,0,1,1,4178,0,0,0,0,0
2020-05-21,US,Kansas,Stanton,9,0,0,37.56304714,-101.78435340000001,20187.0,9,9,0,0,9,9,1987,0,0,0,0,0
2020-05-21,US,Kansas,Stevens,26,0,0,37.1923008,-101.3118967,20189.0,26,26,0,0,26,26,5559,0,0,0,0,0
2020-05-21,US,Kansas,Sumner,6,1,0,37.23682549,-97.47721621,20191.0,5,6,1,0,5,6,22996,0,0,0,0,0
2020-05-21,US,Kansas,Wabaunsee,29,0,0,38.95471985,-96.20350509,20197.0,29,29,0,0,29,28,6899,0,0,0,0,1
2020-05-21,US,Kansas,Wilson,1,0,0,37.55937174,-95.74323255,20205.0,1,1,0,0,1,1,8665,0,0,0,0,0
2020-05-21,US,Kansas,Woodson,6,0,0,37.8865336,-95.74006277,20207.0,6,6,0,0,6,6,3183,0,0,0,0,0
2020-05-21,US,Kansas,Wyandotte,1213,71,0,39.11727348,-94.76378225,20209.0,1142,1189,71,0,1118,1174,165324,24,0,0,24,15
2020-05-21,US,Kentucky,Adair,95,18,0,37.10459774,-85.28129668,21001.0,77,94,17,0,77,94,19215,1,1,0,0,0
2020-05-21,US,Kentucky,Allen,44,2,0,36.75197631,-86.19457544,21003.0,42,43,2,0,41,41,21122,1,0,0,1,2
2020-05-21,US,Kentucky,Anderson,15,1,0,38.00671029,-84.99171713,21005.0,14,15,1,0,14,13,22663,0,0,0,0,2
2020-05-21,US,Kentucky,Ballard,9,0,0,37.05842757,-88.99427697,21007.0,9,9,0,0,9,10,7979,0,0,0,0,-1
2020-05-21,US,Kentucky,Barren,38,0,0,36.96469836,-85.93338945,21009.0,38,38,0,0,38,34,44176,0,0,0,0,4
2020-05-21,US,Kentucky,Bath,8,1,0,38.14735938,-83.74588932,21011.0,7,7,1,0,6,7,12383,1,0,0,1,0
2020-05-21,US,Kentucky,Bell,1,0,0,36.73355174,-83.67766671,21013.0,1,1,0,0,1,1,26569,0,0,0,0,0
2020-05-21,US,Kentucky,Boone,368,11,0,38.97065142,-84.72615357,21015.0,357,359,11,0,348,361,131533,9,0,0,9,-2
2020-05-21,US,Kentucky,Bourbon,9,1,0,38.2054607,-84.21827874,21017.0,8,8,1,0,7,8,20184,1,0,0,1,0
2020-05-21,US,Kentucky,Boyd,39,3,0,38.36176608,-82.68652187,21019.0,36,39,3,0,36,39,47240,0,0,0,0,0
2020-05-21,US,Kentucky,Boyle,20,0,0,37.62680923,-84.8633779,21021.0,20,20,0,0,20,19,30100,0,0,0,0,1
2020-05-21,US,Kentucky,Bracken,10,0,0,38.69158994,-84.08532444,21023.0,10,10,0,0,10,10,8239,0,0,0,0,0
2020-05-21,US,Kentucky,Breathitt,2,0,0,37.52333168,-83.31959161,21025.0,2,2,0,0,2,2,12726,0,0,0,0,0
2020-05-21,US,Kentucky,Breckinridge,16,2,0,37.77377239,-86.42885017,21027.0,14,17,2,0,15,15,20388,-1,0,0,-1,2
2020-05-21,US,Kentucky,Bullitt,101,4,0,37.97162523,-85.68955617,21029.0,97,101,4,0,97,99,81069,0,0,0,0,2
2020-05-21,US,Kentucky,Butler,218,6,0,37.20946153,-86.68748787,21031.0,212,217,6,0,211,217,12772,1,0,0,1,0
2020-05-21,US,Kentucky,Caldwell,12,0,0,37.14749129,-87.86948214,21033.0,12,12,0,0,12,12,12715,0,0,0,0,0
2020-05-21,US,Kentucky,Calloway,49,1,0,36.62093411,-88.2731593,21035.0,48,48,1,0,47,47,39135,1,0,0,1,1
2020-05-21,US,Kentucky,Campbell,141,11,0,38.94384345,-84.37875208,21037.0,130,137,11,0,126,135,93152,4,0,0,4,2
2020-05-21,US,Kentucky,Carlisle,5,1,0,36.85372876,-88.96692220000001,21039.0,4,3,1,0,2,3,4771,2,0,0,2,0
2020-05-21,US,Kentucky,Carroll,6,0,0,38.66599534,-85.12601074,21041.0,6,4,0,0,4,3,10737,2,0,0,2,1
2020-05-21,US,Kentucky,Carter,9,0,0,38.31690743,-83.05092385,21043.0,9,9,0,0,9,9,27004,0,0,0,0,0
2020-05-21,US,Kentucky,Casey,2,0,0,37.32533118,-84.92726209,21045.0,2,2,0,0,2,2,15888,0,0,0,0,0
2020-05-21,US,Kentucky,Christian,98,3,0,36.89267803,-87.49055367,21047.0,95,98,3,0,95,98,71671,0,0,0,0,0
2020-05-21,US,Kentucky,Clark,36,0,0,37.9689263,-84.14615986,21049.0,36,35,0,0,35,21,36249,1,0,0,1,14
2020-05-21,US,Kentucky,Clay,3,0,0,37.16451126,-83.712575,21051.0,3,3,0,0,3,3,20105,0,0,0,0,0
2020-05-21,US,Kentucky,Clinton,3,0,0,36.72581156,-85.13377529,21053.0,3,3,0,0,3,3,10206,0,0,0,0,0
2020-05-21,US,Kentucky,Crittenden,4,1,0,37.35839237,-88.08826090000002,21055.0,3,4,1,0,3,4,8915,0,0,0,0,0
2020-05-21,US,Kentucky,Cumberland,5,0,0,36.78926125,-85.39050034,21057.0,5,5,0,0,5,5,6659,0,0,0,0,0
2020-05-21,US,Kentucky,Daviess,299,6,0,37.73028906,-87.09019479999998,21059.0,293,296,6,0,290,296,101104,3,0,0,3,0
2020-05-21,US,Kentucky,Edmonson,51,9,0,37.21218923,-86.23955613,21061.0,42,51,9,0,42,50,12274,0,0,0,0,1
2020-05-21,US,Kentucky,Elliott,1,0,0,38.11624059,-83.09771563,21063.0,1,1,0,0,1,,7508,0,0,0,0,
2020-05-21,US,Kentucky,Fayette,596,13,0,38.0368225,-84.45576892,21067.0,583,591,12,0,579,596,323780,5,1,0,4,-5
2020-05-21,US,Kentucky,Fleming,2,0,0,38.36758311,-83.69657514,21069.0,2,2,0,0,2,3,14432,0,0,0,0,-1
2020-05-21,US,Kentucky,Floyd,16,0,0,37.56213922,-82.74750924,21071.0,16,16,0,0,16,16,35845,0,0,0,0,0
2020-05-21,US,Kentucky,Franklin,24,0,0,38.2379395,-84.87962551,21073.0,24,22,0,0,22,20,50815,2,0,0,2,2
2020-05-21,US,Kentucky,Fulton,3,0,0,36.55238827,-89.20140068,21075.0,3,2,0,0,2,2,6120,1,0,0,1,0
2020-05-21,US,Kentucky,Gallatin,3,0,0,38.75398691,-84.8558382,21077.0,3,3,0,0,3,3,8832,0,0,0,0,0
2020-05-21,US,Kentucky,Garrard,4,0,0,37.638866799999995,-84.53289319,21079.0,4,3,0,0,3,3,17560,1,0,0,1,0
2020-05-21,US,Kentucky,Grant,36,3,0,38.64962758,-84.62415957,21081.0,33,36,3,0,33,35,25121,0,0,0,0,1
2020-05-21,US,Kentucky,Graves,152,19,0,36.72292505,-88.65143315,21083.0,133,152,19,0,133,154,37317,0,0,0,0,-2
2020-05-21,US,Kentucky,Grayson,119,8,0,37.46231118,-86.34248968,21085.0,111,110,8,0,102,109,26321,9,0,0,9,1
2020-05-21,US,Kentucky,Green,1,0,0,37.26484328,-85.5540745,21087.0,1,1,0,0,1,1,11049,0,0,0,0,0
2020-05-21,US,Kentucky,Greenup,13,0,0,38.54332505,-82.9215658,21089.0,13,13,0,0,13,13,35268,0,0,0,0,0
2020-05-21,US,Kentucky,Hancock,6,0,0,37.83766422,-86.78280584,21091.0,6,6,0,0,6,6,8758,0,0,0,0,0
2020-05-21,US,Kentucky,Hardin,88,2,0,37.6976111,-85.96319251,21093.0,86,88,2,0,86,85,110356,0,0,0,0,3
2020-05-21,US,Kentucky,Harlan,1,0,0,36.85699301,-83.21899516,21095.0,1,1,0,0,1,1,26409,0,0,0,0,0
2020-05-21,US,Kentucky,Harrison,18,0,0,38.44188174,-84.32869741,21097.0,18,18,0,0,18,19,18778,0,0,0,0,-1
2020-05-21,US,Kentucky,Hart,17,0,0,37.29943898,-85.88461055,21099.0,17,18,0,0,18,16,18906,-1,0,0,-1,2
2020-05-21,US,Kentucky,Henderson,93,3,0,37.79344553,-87.57392021,21101.0,90,91,3,0,88,91,45591,2,0,0,2,0
2020-05-21,US,Kentucky,Henry,13,0,0,38.44942688,-85.11587507,21103.0,13,13,0,0,13,13,16106,0,0,0,0,0
2020-05-21,US,Kentucky,Hickman,5,0,0,36.67948079999999,-88.97875928,21105.0,5,5,0,0,5,5,4421,0,0,0,0,0
2020-05-21,US,Kentucky,Hopkins,216,27,0,37.30939025,-87.54670406,21107.0,189,215,27,0,188,215,45068,1,0,0,1,0
2020-05-21,US,Kentucky,Jackson,60,13,0,37.41866422,-83.99825483,21109.0,47,59,12,0,47,57,13442,1,1,0,0,2
2020-05-21,US,Kentucky,Jefferson,1994,139,0,38.18664655,-85.65931031,21111.0,1855,1968,137,0,1831,1959,770517,26,2,0,24,9
2020-05-21,US,Kentucky,Jessamine,50,0,0,37.87119786,-84.58252003,21113.0,50,51,0,0,51,51,53920,-1,0,0,-1,0
2020-05-21,US,Kentucky,Johnson,5,0,0,37.85106355,-82.8264322,21115.0,5,5,0,0,5,5,22386,0,0,0,0,0
2020-05-21,US,Kentucky,Kenton,503,32,0,38.93950319,-84.53241199,21117.0,471,486,32,0,454,479,166051,17,0,0,17,7
2020-05-21,US,Kentucky,Knott,4,0,0,37.35388197,-82.94981134,21119.0,4,4,0,0,4,4,15126,0,0,0,0,0
2020-05-21,US,Kentucky,Knox,8,0,0,36.89225732,-83.85403396,21121.0,8,8,0,0,8,8,31304,0,0,0,0,0
2020-05-21,US,Kentucky,Larue,6,0,0,37.54567114,-85.70138352,21123.0,6,6,0,0,6,6,14307,0,0,0,0,0
2020-05-21,US,Kentucky,Laurel,21,2,0,37.10975748,-84.11321779,21125.0,19,21,2,0,19,21,60669,0,0,0,0,0
2020-05-21,US,Kentucky,Lawrence,1,0,0,38.07136018,-82.72882223,21127.0,1,1,0,0,1,1,15571,0,0,0,0,0
2020-05-21,US,Kentucky,Leslie,6,0,0,37.09246661,-83.37999606,21131.0,6,6,0,0,6,6,10143,0,0,0,0,0
2020-05-21,US,Kentucky,Letcher,4,0,0,37.12306748,-82.85346474,21133.0,4,4,0,0,4,5,21899,0,0,0,0,-1
2020-05-21,US,Kentucky,Lewis,7,0,0,38.53184419,-83.37735618,21135.0,7,7,0,0,7,7,13257,0,0,0,0,0
2020-05-21,US,Kentucky,Lincoln,8,1,0,37.45475628,-84.6565327,21137.0,7,7,1,0,6,7,24644,1,0,0,1,0
2020-05-21,US,Kentucky,Livingston,8,0,0,37.21137452,-88.34797529,21139.0,8,7,0,0,7,7,9242,1,0,0,1,0
2020-05-21,US,Kentucky,Logan,108,3,0,36.85949479,-86.877635,21141.0,105,101,3,0,98,94,26989,7,0,0,7,7
2020-05-21,US,Kentucky,Lyon,14,3,0,37.02080035,-88.07886257,21143.0,11,14,3,0,11,14,8009,0,0,0,0,0
2020-05-21,US,Kentucky,Madison,45,1,0,37.71659336,-84.27220275,21151.0,44,45,1,0,44,50,92368,0,0,0,0,-5
2020-05-21,US,Kentucky,Magoffin,1,0,0,37.70820545,-83.0657714,21153.0,1,1,0,0,1,1,12362,0,0,0,0,0
2020-05-21,US,Kentucky,Marion,17,0,0,37.55218078,-85.26898542,21155.0,17,17,0,0,17,17,19404,0,0,0,0,0
2020-05-21,US,Kentucky,Marshall,36,2,0,36.88007070000001,-88.32803576,21157.0,34,36,2,0,34,36,31191,0,0,0,0,0
2020-05-21,US,Kentucky,Martin,3,0,0,37.79990579,-82.51247478,21159.0,3,3,0,0,3,3,11323,0,0,0,0,0
2020-05-21,US,Kentucky,Mason,8,0,0,38.59471935,-83.82151043,21161.0,8,8,0,0,8,8,17150,0,0,0,0,0
2020-05-21,US,Kentucky,McCracken,85,2,0,37.05350953,-88.70445755,21145.0,83,85,2,0,83,85,65346,0,0,0,0,0
2020-05-21,US,Kentucky,McCreary,13,0,0,36.73874143,-84.48102924,21147.0,13,13,0,0,13,13,17408,0,0,0,0,0
2020-05-21,US,Kentucky,McLean,19,1,0,37.5301951,-87.26803443,21149.0,18,18,1,0,17,18,9252,1,0,0,1,0
2020-05-21,US,Kentucky,Meade,20,2,0,37.96163597,-86.21028219,21163.0,18,20,2,0,18,20,28715,0,0,0,0,0
2020-05-21,US,Kentucky,Menifee,6,0,0,37.94090733,-83.59985712,21165.0,6,6,0,0,6,4,6451,0,0,0,0,2
2020-05-21,US,Kentucky,Mercer,12,0,0,37.81474237,-84.87488475,21167.0,12,12,0,0,12,12,21774,0,0,0,0,0
2020-05-21,US,Kentucky,Metcalfe,4,0,0,36.99459295,-85.63123699,21169.0,4,3,0,0,3,3,10030,1,0,0,1,0
2020-05-21,US,Kentucky,Monroe,7,0,0,36.71225341,-85.71596443,21171.0,7,6,0,0,6,6,10718,1,0,0,1,0
2020-05-21,US,Kentucky,Montgomery,17,0,0,38.03253032,-83.9145241,21173.0,17,17,0,0,17,16,28203,0,0,0,0,1
2020-05-21,US,Kentucky,Morgan,1,0,0,37.92465657,-83.25558245,21175.0,1,1,0,0,1,1,13345,0,0,0,0,0
2020-05-21,US,Kentucky,Muhlenberg,468,7,0,37.21425819,-87.14632053,21177.0,461,468,7,0,461,468,30774,0,0,0,0,0
2020-05-21,US,Kentucky,Nelson,35,0,0,37.80335779,-85.4657193,21179.0,35,34,0,0,34,34,45851,1,0,0,1,0
2020-05-21,US,Kentucky,Nicholas,1,0,0,38.33342292,-84.01889177,21181.0,1,1,0,0,1,1,7166,0,0,0,0,0
2020-05-21,US,Kentucky,Ohio,117,0,0,37.47751843,-86.85368087,21183.0,117,117,0,0,117,117,24087,0,0,0,0,0
2020-05-21,US,Kentucky,Oldham,60,3,0,38.39791089,-85.448222,21185.0,57,59,1,0,58,57,66470,1,2,0,-1,2
2020-05-21,US,Kentucky,Owen,1,0,0,38.51679143,-84.82404619,21187.0,1,1,0,0,1,1,10880,0,0,0,0,0
2020-05-21,US,Kentucky,Owsley,2,0,0,37.42823949,-83.68811419,21189.0,2,2,0,0,2,2,4472,0,0,0,0,0
2020-05-21,US,Kentucky,Pendleton,7,0,0,38.69607718,-84.35599463,21191.0,7,6,0,0,6,6,14529,1,0,0,1,0
2020-05-21,US,Kentucky,Perry,19,0,0,37.25023553,-83.22922731,21193.0,19,19,0,0,19,20,26092,0,0,0,0,-1
2020-05-21,US,Kentucky,Pike,28,2,0,37.47088263,-82.39487445,21195.0,26,28,2,0,26,28,58402,0,0,0,0,0
2020-05-21,US,Kentucky,Powell,1,0,0,37.83218794,-83.82553961,21197.0,1,1,0,0,1,1,12442,0,0,0,0,0
2020-05-21,US,Kentucky,Pulaski,51,2,0,37.10466131,-84.57629079,21199.0,49,50,2,0,48,50,64623,1,0,0,1,0
2020-05-21,US,Kentucky,Rockcastle,13,0,0,37.36642393,-84.31176452,21203.0,13,13,0,0,13,12,16750,0,0,0,0,1
2020-05-21,US,Kentucky,Rowan,7,0,0,38.19484205,-83.42088935,21205.0,7,7,0,0,7,6,24583,0,0,0,0,1
2020-05-21,US,Kentucky,Russell,22,4,0,36.99308373,-85.06070117,21207.0,18,22,4,0,18,22,17821,0,0,0,0,0
2020-05-21,US,Kentucky,Scott,34,0,0,38.29622293,-84.5816631,21209.0,34,34,0,0,34,33,56031,0,0,0,0,1
2020-05-21,US,Kentucky,Shelby,84,3,0,38.21476019,-85.194223,21211.0,81,82,3,0,79,78,48518,2,0,0,2,4
2020-05-21,US,Kentucky,Simpson,43,3,0,36.74058474,-86.58047435,21213.0,40,43,2,0,41,39,18529,0,1,0,-1,4
2020-05-21,US,Kentucky,Spencer,16,0,0,38.03223971,-85.32749335,21215.0,16,16,0,0,16,16,18794,0,0,0,0,0
2020-05-21,US,Kentucky,Taylor,10,0,0,37.3677562,-85.3329931,21217.0,10,9,0,0,9,9,25549,1,0,0,1,0
2020-05-21,US,Kentucky,Todd,16,0,0,36.8381152,-87.17878374,21219.0,16,17,0,0,17,17,12311,-1,0,0,-1,0
2020-05-21,US,Kentucky,Trigg,9,0,0,36.80767017,-87.87333656,21221.0,9,9,0,0,9,9,14643,0,0,0,0,0
2020-05-21,US,Kentucky,Trimble,4,0,0,38.61056487,-85.33775972,21223.0,4,3,0,0,3,3,8515,1,0,0,1,0
2020-05-21,US,Kentucky,Unassigned,28,0,0,0.0,0.0,90021.0,28,32,0,0,32,33,,-4,0,0,-4,-1
2020-05-21,US,Kentucky,Union,10,0,0,37.66166713,-87.94300009,21225.0,10,10,0,0,10,10,14505,0,0,0,0,0
2020-05-21,US,Kentucky,Warren,878,5,0,36.99903045,-86.42672751,21227.0,873,863,3,0,860,828,131264,15,2,0,13,35
2020-05-21,US,Kentucky,Washington,5,0,0,37.75599461,-85.17407732,21229.0,5,5,0,0,5,5,12084,0,0,0,0,0
2020-05-21,US,Kentucky,Wayne,8,0,0,36.80310688,-84.8251971,21231.0,8,8,0,0,8,8,20468,0,0,0,0,0
2020-05-21,US,Kentucky,Webster,32,0,0,37.52168356,-87.67989953,21233.0,32,32,0,0,32,32,13111,0,0,0,0,0
2020-05-21,US,Kentucky,Whitley,13,0,0,36.75700531,-84.14541217,21235.0,13,13,0,0,13,13,36242,0,0,0,0,0
2020-05-21,US,Kentucky,Wolfe,1,0,0,37.73941626,-83.49303612,21237.0,1,1,0,0,1,1,7177,0,0,0,0,0
2020-05-21,US,Kentucky,Woodford,19,0,0,38.04178222,-84.7417556,21239.0,19,19,0,0,19,19,26533,0,0,0,0,0
2020-05-21,US,Louisiana,Acadia,269,15,0,30.295064899999996,-92.41419698,22001.0,254,262,12,0,250,262,62190,7,3,0,4,0
2020-05-21,US,Louisiana,Allen,172,10,0,30.65385745,-92.82442028,22003.0,162,157,10,0,147,131,25605,15,0,0,15,26
2020-05-21,US,Louisiana,Ascension,782,52,0,30.20406249,-90.91328409999998,22005.0,730,768,52,0,716,762,124672,14,0,0,14,6
2020-05-21,US,Louisiana,Assumption,238,11,0,29.89946234,-91.06461642,22007.0,227,233,11,0,222,230,22300,5,0,0,5,3
2020-05-21,US,Louisiana,Avoyelles,99,9,0,31.07796211,-92.00079449,22009.0,90,96,9,0,87,94,40462,3,0,0,3,2
2020-05-21,US,Louisiana,Beauregard,54,4,0,30.64836518,-93.34173616,22011.0,50,52,4,0,48,52,37253,2,0,0,2,0
2020-05-21,US,Louisiana,Bienville,114,21,0,32.34569994,-93.05398492,22013.0,93,84,20,0,64,84,13308,30,1,0,29,0
2020-05-21,US,Louisiana,Bossier,374,24,0,32.67932307,-93.60460152,22015.0,350,353,24,0,329,348,127185,21,0,0,21,5
2020-05-21,US,Louisiana,Caddo,2272,156,0,32.57991587,-93.88375652,22017.0,2116,1939,156,0,1783,1912,242922,333,0,0,333,27
2020-05-21,US,Louisiana,Calcasieu,548,42,0,30.22931235,-93.35400434,22019.0,506,521,42,0,479,521,203112,27,0,0,27,0
2020-05-21,US,Louisiana,Caldwell,51,0,0,32.0902519,-92.11752148,22021.0,51,50,0,0,50,50,9960,1,0,0,1,0
2020-05-21,US,Louisiana,Cameron,3,0,0,29.87592238,-93.19310676,22023.0,3,3,0,0,3,3,6968,0,0,0,0,0
2020-05-21,US,Louisiana,Catahoula,112,3,0,31.66778967,-91.84526385,22025.0,109,106,3,0,103,106,9608,6,0,0,6,0
2020-05-21,US,Louisiana,Claiborne,58,10,0,32.82308512,-92.99526883,22027.0,48,58,10,0,48,58,15944,0,0,0,0,0
2020-05-21,US,Louisiana,Concordia,68,5,0,31.44817835,-91.63814433,22029.0,63,57,5,0,52,57,19572,11,0,0,11,0
2020-05-21,US,Louisiana,De Soto,235,16,0,32.05457447,-93.74130302,22031.0,219,228,16,0,212,226,27436,7,0,0,7,2
2020-05-21,US,Louisiana,East Baton Rouge,3319,225,0,30.53842039,-91.09777565,22033.0,3094,3213,221,0,2992,3145,440956,106,4,0,102,68
2020-05-21,US,Louisiana,East Carroll,51,0,0,32.73926954,-91.23425694,22035.0,51,46,0,0,46,46,7037,5,0,0,5,0
2020-05-21,US,Louisiana,East Feliciana,183,27,0,30.84425359,-91.04976723,22037.0,156,179,27,0,152,179,19305,4,0,0,4,0
2020-05-21,US,Louisiana,Evangeline,83,1,0,30.72985248,-92.39915924,22039.0,82,67,1,0,66,67,33443,16,0,0,16,0
2020-05-21,US,Louisiana,Franklin,287,9,0,32.13675181,-91.67589857,22041.0,278,274,9,0,265,274,20156,13,0,0,13,0
2020-05-21,US,Louisiana,Grant,26,1,0,31.59882456,-92.56124347,22043.0,25,22,1,0,21,22,22482,4,0,0,4,0
2020-05-21,US,Louisiana,Iberia,384,35,0,29.86803617,-91.75871777,22045.0,349,359,35,0,324,358,70941,25,0,0,25,1
2020-05-21,US,Louisiana,Iberville,540,39,0,30.25734305,-91.3499598,22047.0,501,531,38,0,493,528,32721,9,1,0,8,3
2020-05-21,US,Louisiana,Jackson,80,10,0,32.30251776,-92.55692092,22049.0,70,76,10,0,66,75,15902,4,0,0,4,1
2020-05-21,US,Louisiana,Jefferson,7175,432,0,29.74075478,-90.11115756,22051.0,6743,7128,431,0,6697,7095,434051,47,1,0,46,33
2020-05-21,US,Louisiana,Jefferson Davis,72,6,0,30.26896765,-92.81210004,22053.0,66,71,6,0,65,71,31582,1,0,0,1,0
2020-05-21,US,Louisiana,LaSalle,45,1,0,31.67884782,-92.15907765,22059.0,44,40,0,0,40,40,14917,5,1,0,4,0
2020-05-21,US,Louisiana,Lafayette,631,23,0,30.2049055,-92.06959876,22055.0,608,607,23,0,584,605,242782,24,0,0,24,2
2020-05-21,US,Louisiana,Lafourche,763,64,0,29.52470226,-90.40976986,22057.0,699,753,64,0,689,750,98115,10,0,0,10,3
2020-05-21,US,Louisiana,Lincoln,130,14,0,32.6003154,-92.66597409999999,22061.0,116,122,14,0,108,122,47196,8,0,0,8,0
2020-05-21,US,Louisiana,Livingston,363,26,0,30.44143993,-90.73061664,22063.0,337,358,26,0,332,356,139567,5,0,0,5,2
2020-05-21,US,Louisiana,Madison,43,0,0,32.36918118,-91.23973355,22065.0,43,33,0,0,33,27,11161,10,0,0,10,6
2020-05-21,US,Louisiana,Morehouse,108,5,0,32.81686191,-91.80421614,22067.0,103,94,5,0,89,93,25398,14,0,0,14,1
2020-05-21,US,Louisiana,Natchitoches,141,13,0,31.72321584,-93.09816516,22069.0,128,103,13,0,90,103,38659,38,0,0,38,0
2020-05-21,US,Louisiana,Orleans,6904,500,0,30.06971951,-89.92660315,22071.0,6404,6884,500,0,6384,6869,391006,20,0,0,20,15
2020-05-21,US,Louisiana,Ouachita,1032,34,0,32.47645559,-92.15704172,22073.0,998,980,34,0,946,966,154475,52,0,0,52,14
2020-05-21,US,Louisiana,Plaquemines,197,16,0,29.42245447,-89.60322085,22075.0,181,197,16,0,181,196,23410,0,0,0,0,1
2020-05-21,US,Louisiana,Pointe Coupee,181,22,0,30.71409502,-91.60209535,22077.0,159,179,21,0,158,173,21940,2,1,0,1,6
2020-05-21,US,Louisiana,Rapides,591,16,0,31.19778499,-92.52997303,22079.0,575,516,16,0,500,504,130562,75,0,0,75,12
2020-05-21,US,Louisiana,Red River,44,6,0,32.09530039,-93.34213308,22081.0,38,43,6,0,37,43,8477,1,0,0,1,0
2020-05-21,US,Louisiana,Richland,113,2,0,32.41391005,-91.76634876,22083.0,111,108,2,0,106,108,20192,5,0,0,5,0
2020-05-21,US,Louisiana,Sabine,39,0,0,31.56388699,-93.55433981,22085.0,39,31,0,0,31,30,24032,8,0,0,8,1
2020-05-21,US,Louisiana,St. Bernard,521,21,0,29.87761636,-89.51887093,22087.0,500,518,21,0,497,516,46721,3,0,0,3,2
2020-05-21,US,Louisiana,St. Charles,618,43,0,29.90709658,-90.35555967,22089.0,575,615,42,0,573,615,52879,3,1,0,2,0
2020-05-21,US,Louisiana,St. Helena,43,1,0,30.82210324,-90.71013176,22091.0,42,42,1,0,41,41,10262,1,0,0,1,1
2020-05-21,US,Louisiana,St. James,289,24,0,30.02531716,-90.80212061,22093.0,265,284,23,0,261,284,21037,5,1,0,4,0
2020-05-21,US,Louisiana,St. John the Baptist,838,77,0,30.12597499,-90.4753503,22095.0,761,832,77,0,755,831,43184,6,0,0,6,1
2020-05-21,US,Louisiana,St. Landry,244,52,0,30.59724262,-92.00135806,22097.0,192,237,52,0,185,237,82764,7,0,0,7,0
2020-05-21,US,Louisiana,St. Martin,287,22,0,30.13112107,-91.61403569,22099.0,265,275,22,0,253,275,53621,12,0,0,12,0
2020-05-21,US,Louisiana,St. Mary,288,29,0,29.69262097,-91.44702164,22101.0,259,281,29,0,252,277,49774,7,0,0,7,4
2020-05-21,US,Louisiana,St. Tammany,1599,154,0,30.40942847,-89.95642711,22103.0,1445,1572,151,0,1421,1559,258111,27,3,0,24,13
2020-05-21,US,Louisiana,Tangipahoa,767,31,0,30.62888673,-90.40664996,22105.0,736,752,30,0,722,742,133777,15,1,0,14,10
2020-05-21,US,Louisiana,Tensas,10,0,0,32.00760749,-91.32915234,22107.0,10,5,0,0,5,5,4462,5,0,0,5,0
2020-05-21,US,Louisiana,Terrebonne,614,45,0,29.37343766,-90.82626855,22109.0,569,594,44,0,550,591,111021,20,1,0,19,3
2020-05-21,US,Louisiana,Unassigned,78,123,0,0.0,0.0,90022.0,-45,72,123,0,-51,72,,6,0,0,6,0
2020-05-21,US,Louisiana,Union,287,16,0,32.83121059,-92.3749373,22111.0,271,245,14,0,231,245,22330,42,2,0,40,0
2020-05-21,US,Louisiana,Vermilion,50,3,0,29.83517605,-92.30292538,22113.0,47,45,3,0,42,45,59830,5,0,0,5,0
2020-05-21,US,Louisiana,Vernon,22,2,0,31.10884837,-93.18153838,22115.0,20,21,2,0,19,21,48860,1,0,0,1,0
2020-05-21,US,Louisiana,Washington,383,36,0,30.85288548,-90.03866652,22117.0,347,376,36,0,340,375,46582,7,0,0,7,1
2020-05-21,US,Louisiana,Webster,126,5,0,32.70847669,-93.33121835,22119.0,121,119,5,0,114,119,38798,7,0,0,7,0
2020-05-21,US,Louisiana,West Baton Rouge,152,30,0,30.46058217,-91.30989571,22121.0,122,149,30,0,119,148,26427,3,0,0,3,1
2020-05-21,US,Louisiana,West Carroll,21,0,0,32.78550125,-91.461201,22123.0,21,19,0,0,19,19,10982,2,0,0,2,0
2020-05-21,US,Louisiana,West Feliciana,193,8,0,30.87882871,-91.41485379999999,22125.0,185,192,8,0,184,190,15460,1,0,0,1,2
2020-05-21,US,Louisiana,Winn,100,2,0,31.94449367,-92.63789413,22127.0,98,90,2,0,88,90,14134,10,0,0,10,0
2020-05-21,US,Maine,Androscoggin,202,2,0,44.1664747,-70.20380627,23001.0,200,185,2,0,183,151,107679,17,0,0,17,34
2020-05-21,US,Maine,Aroostook,8,0,0,46.65926321,-68.59841248,23003.0,8,8,0,0,8,7,67111,0,0,0,0,1
2020-05-21,US,Maine,Cumberland,919,38,0,43.8370751,-70.37226999,23005.0,881,891,38,0,853,863,293557,28,0,0,28,28
2020-05-21,US,Maine,Franklin,35,1,0,44.97330019,-70.44381045,23007.0,34,34,1,0,33,33,29897,1,0,0,1,1
2020-05-21,US,Maine,Hancock,11,1,0,44.59816444,-68.38401854,23009.0,10,11,1,0,10,11,54811,0,0,0,0,0
2020-05-21,US,Maine,Kennebec,123,8,0,44.40759555,-69.76738544,23011.0,115,121,8,0,113,120,122083,2,0,0,2,1
2020-05-21,US,Maine,Knox,20,0,0,44.11486325,-69.10529169,23013.0,20,20,0,0,20,20,39771,0,0,0,0,0
2020-05-21,US,Maine,Lincoln,18,0,0,44.05996956,-69.54227124,23015.0,18,17,0,0,17,17,34342,1,0,0,1,0
2020-05-21,US,Maine,Oxford,18,0,0,44.49952995,-70.75682123,23017.0,18,18,0,0,18,17,57618,0,0,0,0,1
2020-05-21,US,Maine,Penobscot,98,1,0,45.40194593,-68.65020455,23019.0,97,95,1,0,94,94,151096,3,0,0,3,1
2020-05-21,US,Maine,Piscataquis,1,0,0,45.83839062,-69.2860223,23021.0,1,1,0,0,1,1,16800,0,0,0,0,0
2020-05-21,US,Maine,Sagadahoc,28,0,0,43.95415864,-69.85074999,23023.0,28,28,0,0,28,27,35634,0,0,0,0,1
2020-05-21,US,Maine,Somerset,20,0,0,45.51229767,-69.95995554,23025.0,20,20,0,0,20,20,50592,0,0,0,0,0
2020-05-21,US,Maine,Unassigned,3,0,0,0.0,0.0,90023.0,3,2,0,0,2,1,,1,0,0,1,1
2020-05-21,US,Maine,Waldo,51,14,0,44.4858305,-69.12061935,23027.0,37,50,14,0,36,50,39694,1,0,0,1,0
2020-05-21,US,Maine,Washington,2,0,0,45.01607142,-67.62813524,23029.0,2,2,0,0,2,2,31490,0,0,0,0,0
2020-05-21,US,Maine,York,320,8,0,43.47808377,-70.71052375,23031.0,312,316,8,0,308,307,206229,4,0,0,4,9
2020-05-21,US,Maryland,Allegany,166,14,0,39.62357628,-78.69280486,24001.0,152,166,14,0,152,166,70975,0,0,0,0,0
2020-05-21,US,Maryland,Anne Arundel,3132,147,0,39.00670238,-76.60329337,24003.0,2985,3033,145,0,2888,2981,576031,99,2,0,97,52
2020-05-21,US,Maryland,Baltimore,5135,286,0,39.45784712,-76.62911955,24005.0,4849,5025,277,0,4748,4920,828431,110,9,0,101,105
2020-05-21,US,Maryland,Baltimore City,4339,218,0,39.30211911,-76.61151012,24510.0,4121,4152,215,0,3937,4002,621342,187,3,0,184,150
2020-05-21,US,Maryland,Calvert,278,15,0,38.53961642,-76.56820632,24009.0,263,259,14,0,245,255,92003,19,1,0,18,4
2020-05-21,US,Maryland,Caroline,216,0,0,38.87172293,-75.82904158,24011.0,216,210,0,0,210,208,33304,6,0,0,6,2
2020-05-21,US,Maryland,Carroll,733,70,0,39.56453592,-77.02373735,24013.0,663,720,71,0,649,712,168429,13,-1,0,14,8
2020-05-21,US,Maryland,Cecil,331,20,0,39.56647682,-75.94627411,24015.0,311,328,20,0,308,323,102826,3,0,0,3,5
2020-05-21,US,Maryland,Charles,943,65,0,38.51092331,-76.98580666,24017.0,878,921,64,0,857,895,161503,22,1,0,21,26
2020-05-21,US,Maryland,Dorchester,124,2,0,38.45413522,-76.02752426,24019.0,122,122,2,0,120,122,31998,2,0,0,2,0
2020-05-21,US,Maryland,Frederick,1568,94,0,39.47296601,-77.39999394,24021.0,1474,1533,93,0,1440,1491,255648,35,1,0,34,42
2020-05-21,US,Maryland,Garrett,7,0,0,39.52786077,-79.27355126,24023.0,7,7,0,0,7,7,29163,0,0,0,0,0
2020-05-21,US,Maryland,Harford,737,40,0,39.55010644,-76.30775940000002,24025.0,697,721,39,0,682,709,253956,16,1,0,15,12
2020-05-21,US,Maryland,Howard,1548,49,0,39.25305293,-76.93126208,24027.0,1499,1494,50,0,1444,1465,323196,54,-1,0,55,29
2020-05-21,US,Maryland,Kent,143,14,0,39.24976208,-76.04741541,24029.0,129,145,14,0,131,144,19383,-2,0,0,-2,1
2020-05-21,US,Maryland,Montgomery,9260,528,0,39.13676329,-77.20358245,24031.0,8732,9052,515,0,8537,8950,1052567,208,13,0,195,102
2020-05-21,US,Maryland,Prince George's,12830,466,0,38.83070039,-76.8496441,24033.0,12364,12446,453,0,11993,12240,909308,384,13,0,371,206
2020-05-21,US,Maryland,Queen Anne's,141,11,0,39.06198912,-76.03530977,24035.0,130,135,11,0,124,133,50251,6,0,0,6,2
2020-05-21,US,Maryland,Somerset,71,1,0,38.1163542,-75.75118623,24039.0,70,64,1,0,63,62,25675,7,0,0,7,2
2020-05-21,US,Maryland,St. Mary's,357,13,0,38.30058422,-76.60629279999998,24037.0,344,340,12,0,328,338,112664,17,1,0,16,2
2020-05-21,US,Maryland,Talbot,70,1,0,38.76618159,-76.10882561,24041.0,69,69,1,0,68,68,36968,1,0,0,1,1
2020-05-21,US,Maryland,Unassigned,0,65,0,0.0,0.0,90024.0,-65,0,74,0,-74,0,,0,-9,0,9,0
2020-05-21,US,Maryland,Washington,377,10,0,39.60835778,-77.82002295,24043.0,367,364,9,0,355,352,150926,13,1,0,12,12
2020-05-21,US,Maryland,Wicomico,844,22,0,38.37301947,-75.62705831,24045.0,822,848,21,0,827,839,103195,-4,1,0,-5,9
2020-05-21,US,Maryland,Worcester,181,8,0,38.21274277,-75.33200012,24047.0,173,169,8,0,161,164,51823,12,0,0,12,5
2020-05-21,US,Massachusetts,Barnstable,1202,99,0,41.72980578,-70.28854339,25001.0,1103,1197,98,0,1099,1177,213413,5,1,0,4,20
2020-05-21,US,Massachusetts,Berkshire,509,37,0,42.37428441,-73.20524838,25003.0,472,500,37,0,463,497,126348,9,0,0,9,3
2020-05-21,US,Massachusetts,Bristol,6286,345,0,41.79228404,-71.10872211,25005.0,5941,6165,338,0,5827,6080,564022,121,7,0,114,85
2020-05-21,US,Massachusetts,Dukes and Nantucket,39,1,0,41.40674725,-70.68763497,0.0,38,38,1,0,37,38,26707,1,0,0,1,0
2020-05-21,US,Massachusetts,Essex,13063,831,0,42.6687626,-70.94687179,25009.0,12232,12920,817,0,12103,12748,790638,143,14,0,129,172
2020-05-21,US,Massachusetts,Franklin,310,46,0,42.58119713,-72.58602547,25011.0,264,309,46,0,263,308,70963,1,0,0,1,1
2020-05-21,US,Massachusetts,Hampden,5492,533,0,42.13440424,-72.63235561,25013.0,4959,5418,526,0,4892,5335,470406,74,7,0,67,83
2020-05-21,US,Massachusetts,Hampshire,806,76,0,42.33997957,-72.65898478,25015.0,730,792,76,0,716,780,161355,14,0,0,14,12
2020-05-21,US,Massachusetts,Middlesex,19930,1478,0,42.48607732,-71.39049229,25017.0,18452,19708,1462,0,18246,19504,1614714,222,16,0,206,204
2020-05-21,US,Massachusetts,Norfolk,7691,759,0,42.16073095,-71.20530408,25021.0,6932,7607,749,0,6858,7565,705388,84,10,0,74,42
2020-05-21,US,Massachusetts,Plymouth,7366,487,0,41.94070556,-70.80802823,25023.0,6879,7280,481,0,6799,7198,518132,86,6,0,80,82
2020-05-21,US,Massachusetts,Suffolk,17089,813,0,42.327951399999996,-71.07850442,25025.0,16276,16962,807,0,16155,16825,807252,127,6,0,121,137
2020-05-21,US,Massachusetts,Unassigned,304,3,0,0.0,0.0,90025.0,301,294,3,0,291,288,,10,0,0,10,6
2020-05-21,US,Massachusetts,Worcester,9997,640,0,42.35026951,-71.90493363,25027.0,9357,9780,625,0,9155,9582,830839,217,15,0,202,198
2020-05-21,US,Michigan,Alcona,9,1,0,44.6846864,-83.59507875,26001.0,8,8,1,0,7,6,10362,1,0,0,1,2
2020-05-21,US,Michigan,Allegan,195,5,0,42.59147037,-85.89102866,26005.0,190,191,5,0,186,184,117327,4,0,0,4,7
2020-05-21,US,Michigan,Alpena,92,9,0,45.03477666,-83.62212411,26007.0,83,91,9,0,82,91,28360,1,0,0,1,0
2020-05-21,US,Michigan,Antrim,11,0,0,44.99690221,-85.15503082,26009.0,11,11,0,0,11,11,23365,0,0,0,0,0
2020-05-21,US,Michigan,Arenac,32,1,0,44.0636262,-83.89277559,26011.0,31,32,1,0,31,31,15041,0,0,0,0,1
2020-05-21,US,Michigan,Baraga,1,0,0,46.6720582,-88.36363591,26013.0,1,1,0,0,1,1,8320,0,0,0,0,0
2020-05-21,US,Michigan,Barry,57,1,0,42.59513984,-85.30834519,26015.0,56,57,1,0,56,58,61157,0,0,0,0,-1
2020-05-21,US,Michigan,Bay,260,16,0,43.70639106,-83.98731479,26017.0,244,255,16,0,239,250,103923,5,0,0,5,5
2020-05-21,US,Michigan,Benzie,4,0,0,44.63899297,-86.01608482,26019.0,4,4,0,0,4,4,17753,0,0,0,0,0
2020-05-21,US,Michigan,Berrien,564,40,0,41.95447397,-86.41313079999998,26021.0,524,552,34,0,518,538,154141,12,6,0,6,14
2020-05-21,US,Michigan,Branch,98,2,0,41.91600556,-85.05929476,26023.0,96,97,2,0,95,95,43622,1,0,0,1,2
2020-05-21,US,Michigan,Calhoun,327,19,0,42.24633834,-85.00493569,26025.0,308,320,19,0,301,308,134487,7,0,0,7,12
2020-05-21,US,Michigan,Cass,68,2,0,41.91522292,-85.99405727,26027.0,66,66,2,0,64,61,51653,2,0,0,2,5
2020-05-21,US,Michigan,Charlevoix,14,1,0,45.37790017,-85.19614053,26029.0,13,14,1,0,13,14,26244,0,0,0,0,0
2020-05-21,US,Michigan,Cheboygan,21,1,0,45.44787015,-84.50122149,26031.0,20,21,1,0,20,19,25413,0,0,0,0,2
2020-05-21,US,Michigan,Chippewa,2,0,0,46.29552653,-84.54353449,26033.0,2,2,0,0,2,2,37517,0,0,0,0,0
2020-05-21,US,Michigan,Clare,16,2,0,43.98794227,-84.84819859999998,26035.0,14,17,2,0,15,15,30757,-1,0,0,-1,2
2020-05-21,US,Michigan,Clinton,137,10,0,42.94400871,-84.60145248,26037.0,127,136,10,0,126,136,79332,1,0,0,1,0
2020-05-21,US,Michigan,Crawford,58,5,0,44.68255561,-84.61006219,26039.0,53,58,5,0,53,57,13901,0,0,0,0,1
2020-05-21,US,Michigan,Delta,17,2,0,45.90484910000001,-86.9080745,26041.0,15,16,2,0,14,15,35857,1,0,0,1,1
2020-05-21,US,Michigan,Dickinson,5,2,0,46.00999672,-87.86961634,26043.0,3,5,2,0,3,5,25383,0,0,0,0,0
2020-05-21,US,Michigan,Eaton,170,6,0,42.59599185,-84.83740035,26045.0,164,168,6,0,162,165,109826,2,0,0,2,3
2020-05-21,US,Michigan,Emmet,21,2,0,45.52625509,-84.89083249,26047.0,19,21,2,0,19,21,33308,0,0,0,0,0
2020-05-21,US,Michigan,Federal Correctional Institution (FCI),125,4,0,0.0,0.0,0.0,121,122,3,0,119,118,,3,1,0,2,4
2020-05-21,US,Michigan,Genesee,1926,240,0,43.02244215,-83.70589709,26049.0,1686,1915,238,0,1677,1891,406892,11,2,0,9,24
2020-05-21,US,Michigan,Gladwin,17,1,0,43.98901072,-84.38774817,26051.0,16,17,1,0,16,17,25337,0,0,0,0,0
2020-05-21,US,Michigan,Gogebic,5,1,0,46.40862701,-89.69377193,26053.0,4,5,1,0,4,5,15096,0,0,0,0,0
2020-05-21,US,Michigan,Grand Traverse,23,5,0,44.69565625,-85.55585247,26055.0,18,23,5,0,18,23,92573,0,0,0,0,0
2020-05-21,US,Michigan,Gratiot,57,4,0,43.29265605,-84.60505416,26057.0,53,56,4,0,52,50,40599,1,0,0,1,6
2020-05-21,US,Michigan,Hillsdale,168,24,0,41.88753639,-84.59312019,26059.0,144,167,24,0,143,165,45749,1,0,0,1,2
2020-05-21,US,Michigan,Houghton,2,0,0,46.89988536,-88.68495385,26061.0,2,2,0,0,2,2,36219,0,0,0,0,0
2020-05-21,US,Michigan,Huron,42,1,0,43.83353985,-83.04078453,26063.0,41,41,1,0,40,44,31166,1,0,0,1,-3
2020-05-21,US,Michigan,Ingham,674,24,0,42.59716886,-84.37472069,26065.0,650,667,23,0,644,650,292735,7,1,0,6,17
2020-05-21,US,Michigan,Ionia,129,3,0,42.94502238,-85.07413319,26067.0,126,124,3,0,121,123,64210,5,0,0,5,1
2020-05-21,US,Michigan,Iosco,73,9,0,44.35486835,-83.63484895,26069.0,64,71,9,0,62,65,25081,2,0,0,2,6
2020-05-21,US,Michigan,Isabella,65,7,0,43.64060976,-84.84664923,26073.0,58,65,7,0,58,62,70562,0,0,0,0,3
2020-05-21,US,Michigan,Jackson,425,26,0,42.24807035,-84.42258681,26075.0,399,421,26,0,395,418,158823,4,0,0,4,3
2020-05-21,US,Michigan,Kalamazoo,762,45,0,42.24542231,-85.53038622,26077.0,717,751,45,0,706,739,264870,11,0,0,11,12
2020-05-21,US,Michigan,Kalkaska,18,2,0,44.68512729,-85.09085699,26079.0,16,18,2,0,16,17,17824,0,0,0,0,1
2020-05-21,US,Michigan,Kent,3145,62,0,43.03197711,-85.54934642,26081.0,3083,3036,60,0,2976,2934,653786,109,2,0,107,102
2020-05-21,US,Michigan,Lake,3,0,0,43.99050893,-85.802173,26085.0,3,3,0,0,3,3,11881,0,0,0,0,0
2020-05-21,US,Michigan,Lapeer,182,30,0,43.09052506,-83.22153148,26087.0,152,182,30,0,152,180,88028,0,0,0,0,2
2020-05-21,US,Michigan,Leelanau,11,0,0,44.94430054,-85.80150326,26089.0,11,11,0,0,11,11,21764,0,0,0,0,0
2020-05-21,US,Michigan,Lenawee,142,3,0,41.89475156,-84.06603727,26091.0,139,140,3,0,137,140,98266,2,0,0,2,0
2020-05-21,US,Michigan,Livingston,389,26,0,42.60302282,-83.91297209,26093.0,363,387,26,0,361,385,191224,2,0,0,2,2
2020-05-21,US,Michigan,Luce,2,0,0,46.47227431,-85.54471223,26095.0,2,2,0,0,2,2,6283,0,0,0,0,0
2020-05-21,US,Michigan,Mackinac,6,0,0,46.07028979,-85.04980537,26097.0,6,6,0,0,6,6,10787,0,0,0,0,0
2020-05-21,US,Michigan,Macomb,6420,772,0,42.69158356,-82.92752801,26099.0,5648,6392,763,0,5629,6367,874759,28,9,0,19,25
2020-05-21,US,Michigan,Manistee,11,0,0,44.33352407,-86.05626916,26101.0,11,11,0,0,11,11,24528,0,0,0,0,0
2020-05-21,US,Michigan,Marquette,52,10,0,46.4338914,-87.64043701,26103.0,42,52,10,0,42,52,66516,0,0,0,0,0
2020-05-21,US,Michigan,Mason,29,0,0,43.99509218,-86.24988902,26105.0,29,28,0,0,28,27,29100,1,0,0,1,1
2020-05-21,US,Michigan,Mecosta,19,2,0,43.64064262,-85.32463223,26107.0,17,19,2,0,17,19,43545,0,0,0,0,0
2020-05-21,US,Michigan,Menominee,8,0,0,45.58038692,-87.55370409,26109.0,8,8,0,0,8,8,22983,0,0,0,0,0
2020-05-21,US,Michigan,Michigan Department of Corrections (MDOC),3257,60,0,0.0,0.0,0.0,3197,3195,60,0,3135,3122,,62,0,0,62,73
2020-05-21,US,Michigan,Midland,76,8,0,43.64330771,-84.38804374,26111.0,68,76,8,0,68,76,83209,0,0,0,0,0
2020-05-21,US,Michigan,Missaukee,16,1,0,44.33772443,-85.09256478,26113.0,15,16,1,0,15,16,15113,0,0,0,0,0
2020-05-21,US,Michigan,Monroe,442,18,0,41.92734151,-83.53749864,26115.0,424,438,18,0,420,433,150439,4,0,0,4,5
2020-05-21,US,Michigan,Montcalm,62,1,0,43.31082541,-85.15252824,26117.0,61,60,1,0,59,56,63968,2,0,0,2,4
2020-05-21,US,Michigan,Montmorency,5,0,0,45.0275929,-84.12696227,26119.0,5,5,0,0,5,5,9265,0,0,0,0,0
2020-05-21,US,Michigan,Muskegon,552,26,0,43.29123859,-86.15176712,26121.0,526,530,26,0,504,519,173588,22,0,0,22,11
2020-05-21,US,Michigan,Newaygo,71,0,0,43.554373999999996,-85.80070107,26123.0,71,63,0,0,63,51,48892,8,0,0,8,12
2020-05-21,US,Michigan,Oakland,8125,945,0,42.66090111,-83.38595416,26125.0,7180,8117,935,0,7182,8078,1259201,8,10,0,-2,39
2020-05-21,US,Michigan,Oceana,69,2,0,43.64124435,-86.26726673,26127.0,67,66,2,0,64,58,26625,3,0,0,3,8
2020-05-21,US,Michigan,Ogemaw,20,0,0,44.33481032,-84.12725175,26129.0,20,20,0,0,20,18,20952,0,0,0,0,2
2020-05-21,US,Michigan,Osceola,10,0,0,43.98992088,-85.32566756,26133.0,10,10,0,0,10,10,23341,0,0,0,0,0
2020-05-21,US,Michigan,Oscoda,5,1,0,44.68192279,-84.12939244,26135.0,4,6,1,0,5,5,8276,-1,0,0,-1,1
2020-05-21,US,Michigan,Otsego,99,10,0,45.02085831,-84.59898295,26137.0,89,99,10,0,89,99,24665,0,0,0,0,0
2020-05-21,US,Michigan,Ottawa,632,26,0,42.95996803,-85.9969107,26139.0,606,616,26,0,590,573,290494,16,0,0,16,43
2020-05-21,US,Michigan,Out of MI,42,0,0,0.0,0.0,80026.0,42,21,0,0,21,13,,21,0,0,21,8
2020-05-21,US,Michigan,Presque Isle,11,0,0,45.34018577,-83.91498656,26141.0,11,11,0,0,11,11,12738,0,0,0,0,0
2020-05-21,US,Michigan,Roscommon,21,0,0,44.33473082,-84.61067651,26143.0,21,21,0,0,21,21,23884,0,0,0,0,0
2020-05-21,US,Michigan,Saginaw,968,103,0,43.33433923,-84.05131209999998,26145.0,865,957,100,0,857,940,190800,11,3,0,8,17
2020-05-21,US,Michigan,Sanilac,39,5,0,43.42406072,-82.82055898,26151.0,34,39,5,0,34,39,41182,0,0,0,0,0
2020-05-21,US,Michigan,Schoolcraft,4,0,0,46.19235734,-86.19972234,26153.0,4,4,0,0,4,4,8068,0,0,0,0,0
2020-05-21,US,Michigan,Shiawassee,249,22,0,42.95392800000001,-84.14585902,26155.0,227,246,21,0,225,235,68192,3,1,0,2,11
2020-05-21,US,Michigan,St. Clair,422,33,0,42.92655373,-82.67937954,26147.0,389,419,33,0,386,412,159337,3,0,0,3,7
2020-05-21,US,Michigan,St. Joseph,92,2,0,41.91441767,-85.52797979,26149.0,90,92,2,0,90,90,61043,0,0,0,0,2
2020-05-21,US,Michigan,Tuscola,178,22,0,43.46606813,-83.41897025,26157.0,156,174,22,0,152,173,52516,4,0,0,4,1
2020-05-21,US,Michigan,Unassigned,3,0,0,0.0,0.0,90026.0,3,3,0,0,3,2,,0,0,0,0,1
2020-05-21,US,Michigan,Van Buren,117,6,0,42.25190229,-86.01939087,26159.0,111,116,6,0,110,116,75448,1,0,0,1,0
2020-05-21,US,Michigan,Washtenaw,1265,95,0,42.253105,-83.83853204,26161.0,1170,1261,90,0,1171,1251,370963,4,5,0,-1,10
2020-05-21,US,Michigan,Wayne,19538,2313,0,42.28098405,-83.281255,26163.0,17225,19432,2284,0,17148,19292,1753893,106,29,0,77,140
2020-05-21,US,Michigan,Wexford,11,2,0,44.33853602,-85.57712739,26165.0,9,11,2,0,9,11,33466,0,0,0,0,0
2020-05-21,US,Minnesota,Aitkin,4,0,0,46.60962049,-93.41168259999999,27001.0,4,4,0,0,4,4,15902,0,0,0,0,0
2020-05-21,US,Minnesota,Anoka,995,49,0,45.27476015,-93.24604565,27003.0,946,955,45,0,910,919,353813,40,4,0,36,36
2020-05-21,US,Minnesota,Becker,33,0,0,46.93479392,-95.67158144,27005.0,33,32,0,0,32,32,34371,1,0,0,1,0
2020-05-21,US,Minnesota,Beltrami,9,0,0,47.97373527,-94.93732139,27007.0,9,9,0,0,9,9,46847,0,0,0,0,0
2020-05-21,US,Minnesota,Benton,152,2,0,45.69804958,-93.99514135,27009.0,150,148,2,0,146,142,40545,4,0,0,4,6
2020-05-21,US,Minnesota,Big Stone,3,0,0,45.42712824,-96.41403739,27011.0,3,3,0,0,3,3,4989,0,0,0,0,0
2020-05-21,US,Minnesota,Blue Earth,104,1,0,44.03554215,-94.06699781,27013.0,103,98,1,0,97,93,67427,6,0,0,6,5
2020-05-21,US,Minnesota,Brown,10,2,0,44.24205652,-94.72562874,27015.0,8,10,2,0,8,10,25111,0,0,0,0,0
2020-05-21,US,Minnesota,Carlton,71,0,0,46.59180601,-92.67601019,27017.0,71,70,0,0,70,67,35837,1,0,0,1,3
2020-05-21,US,Minnesota,Carver,138,2,0,44.82017001,-93.80099179999999,27019.0,136,131,2,0,129,128,103551,7,0,0,7,3
2020-05-21,US,Minnesota,Cass,10,2,0,46.95043611,-94.32603968,27021.0,8,11,2,0,9,11,29519,-1,0,0,-1,0
2020-05-21,US,Minnesota,Chippewa,37,0,0,45.02343421,-95.56403693,27023.0,37,36,0,0,36,34,11924,1,0,0,1,2
2020-05-21,US,Minnesota,Chisago,39,1,0,45.5021011,-92.90861945,27025.0,38,38,1,0,37,38,55922,1,0,0,1,0
2020-05-21,US,Minnesota,Clay,344,22,0,46.89289518,-96.48761922,27027.0,322,328,21,0,307,318,63955,16,1,0,15,10
2020-05-21,US,Minnesota,Clearwater,2,0,0,47.57992111,-95.37790562,27029.0,2,2,0,0,2,2,8810,0,0,0,0,0
2020-05-21,US,Minnesota,Cottonwood,59,0,0,44.00715262,-95.18138802,27033.0,59,59,0,0,59,59,11277,0,0,0,0,0
2020-05-21,US,Minnesota,Crow Wing,38,1,0,46.48096553,-94.06755609,27035.0,37,38,1,0,37,30,64889,0,0,0,0,8
2020-05-21,US,Minnesota,Dakota,929,32,0,44.67172617,-93.06299363,27037.0,897,885,31,0,854,841,425423,44,1,0,43,44
2020-05-21,US,Minnesota,Dodge,40,0,0,44.02238415,-92.86244324,27039.0,40,40,0,0,40,39,20822,0,0,0,0,1
2020-05-21,US,Minnesota,Douglas,24,0,0,45.93348491,-95.45335469,27041.0,24,24,0,0,24,23,37964,0,0,0,0,1
2020-05-21,US,Minnesota,Faribault,11,0,0,43.67381499,-93.94787458,27043.0,11,10,0,0,10,11,13758,1,0,0,1,-1
2020-05-21,US,Minnesota,Fillmore,17,1,0,43.67394126,-92.08980382,27045.0,16,17,1,0,16,17,21058,0,0,0,0,0
2020-05-21,US,Minnesota,Freeborn,73,0,0,43.67385583,-93.34884422,27047.0,73,67,0,0,67,63,30444,6,0,0,6,4
2020-05-21,US,Minnesota,Goodhue,40,1,0,44.40849741,-92.72341949999999,27049.0,39,38,0,0,38,36,46403,2,1,0,1,2
2020-05-21,US,Minnesota,Grant,2,0,0,45.93424769,-96.01139609,27051.0,2,2,0,0,2,2,6021,0,0,0,0,0
2020-05-21,US,Minnesota,Hennepin,6029,502,0,45.00761521,-93.47694895,27053.0,5527,5838,485,0,5353,5650,1259428,191,17,0,174,188
2020-05-21,US,Minnesota,Houston,2,0,0,43.67129565,-91.49143057,27055.0,2,2,0,0,2,2,18578,0,0,0,0,0
2020-05-21,US,Minnesota,Isanti,20,0,0,45.56181234,-93.29487636,27059.0,20,20,0,0,20,19,39966,0,0,0,0,1
2020-05-21,US,Minnesota,Itasca,51,6,0,47.51009045,-93.63092229,27061.0,45,50,6,0,44,49,45108,1,0,0,1,1
2020-05-21,US,Minnesota,Jackson,36,0,0,43.67423373,-95.15398258,27063.0,36,36,0,0,36,36,9911,0,0,0,0,0
2020-05-21,US,Minnesota,Kanabec,10,1,0,45.9459309,-93.29275192,27065.0,9,9,1,0,8,9,16207,1,0,0,1,0
2020-05-21,US,Minnesota,Kandiyohi,428,1,0,45.1526059,-95.00586446,27067.0,427,426,1,0,425,420,42855,2,0,0,2,6
2020-05-21,US,Minnesota,Kittson,1,0,0,48.77754106,-96.78317184,27069.0,1,1,0,0,1,1,4248,0,0,0,0,0
2020-05-21,US,Minnesota,Koochiching,4,0,0,48.24539665,-93.78352843,27071.0,4,5,0,0,5,5,12440,-1,0,0,-1,0
2020-05-21,US,Minnesota,Lac qui Parle,3,0,0,44.9973857,-96.17488219,27073.0,3,3,0,0,3,3,6658,0,0,0,0,0
2020-05-21,US,Minnesota,Lake,1,0,0,47.64270764,-91.44557998,27075.0,1,1,0,0,1,1,10658,0,0,0,0,0
2020-05-21,US,Minnesota,Le Sueur,38,1,0,44.37136597,-93.72844721,27079.0,37,36,1,0,35,36,28494,2,0,0,2,0
2020-05-21,US,Minnesota,Lincoln,4,0,0,44.41311883,-96.26688165,27081.0,4,4,0,0,4,4,5673,0,0,0,0,0
2020-05-21,US,Minnesota,Lyon,28,0,0,44.41327865,-95.83806103,27083.0,28,26,0,0,26,26,25629,2,0,0,2,0
2020-05-21,US,Minnesota,Mahnomen,5,1,0,47.32557075,-95.80921485,27087.0,4,5,1,0,4,5,5519,0,0,0,0,0
2020-05-21,US,Minnesota,Marshall,8,0,0,48.35825983,-96.37017407,27089.0,8,8,0,0,8,8,9390,0,0,0,0,0
2020-05-21,US,Minnesota,Martin,124,5,0,43.67429718,-94.55099908,27091.0,119,123,5,0,118,123,19785,1,0,0,1,0
2020-05-21,US,Minnesota,McLeod,21,0,0,44.82367677,-94.27287017,27085.0,21,19,0,0,19,18,35873,2,0,0,2,1
2020-05-21,US,Minnesota,Meeker,40,0,0,45.12328869,-94.52839455,27093.0,40,40,0,0,40,38,23141,0,0,0,0,2
2020-05-21,US,Minnesota,Mille Lacs,14,1,0,45.93705297,-93.63236823,27095.0,13,15,1,0,14,13,26139,-1,0,0,-1,2
2020-05-21,US,Minnesota,Morrison,32,0,0,46.01265363,-94.27341528,27097.0,32,31,0,0,31,29,33169,1,0,0,1,2
2020-05-21,US,Minnesota,Mower,87,1,0,43.67142874,-92.75234549,27099.0,86,78,1,0,77,72,40011,9,0,0,9,6
2020-05-21,US,Minnesota,Murray,33,0,0,44.02216709,-95.76328482,27101.0,33,33,0,0,33,33,8276,0,0,0,0,0
2020-05-21,US,Minnesota,Nicollet,51,3,0,44.35291112,-94.24710352,27103.0,48,44,3,0,41,43,34220,7,0,0,7,1
2020-05-21,US,Minnesota,Nobles,1414,2,0,43.67434621,-95.75329576,27105.0,1412,1396,2,0,1394,1394,21924,18,0,0,18,2
2020-05-21,US,Minnesota,Norman,11,0,0,47.32628443,-96.45620947,27107.0,11,11,0,0,11,11,6475,0,0,0,0,0
2020-05-21,US,Minnesota,Olmsted,493,10,0,44.00374114,-92.40209944,27109.0,483,488,10,0,478,479,156277,5,0,0,5,9
2020-05-21,US,Minnesota,Otter Tail,52,0,0,46.40846929,-95.70835255,27111.0,52,51,0,0,51,51,58812,1,0,0,1,0
2020-05-21,US,Minnesota,Pennington,4,0,0,48.06642577,-96.0370814,27113.0,4,3,0,0,3,3,14178,1,0,0,1,0
2020-05-21,US,Minnesota,Pine,83,0,0,46.12105238,-92.74070188,27115.0,83,83,0,0,83,83,29483,0,0,0,0,0
2020-05-21,US,Minnesota,Pipestone,10,0,0,44.02301619,-96.25841142,27117.0,10,10,0,0,10,10,9047,0,0,0,0,0
2020-05-21,US,Minnesota,Polk,57,2,0,47.77372465,-96.40134647,27119.0,55,57,2,0,55,56,31529,0,0,0,0,1
2020-05-21,US,Minnesota,Pope,6,0,0,45.58606667,-95.44451209,27121.0,6,6,0,0,6,5,11097,0,0,0,0,1
2020-05-21,US,Minnesota,Ramsey,1925,86,0,45.01625271,-93.09872295,27123.0,1839,1846,80,0,1766,1720,550210,79,6,0,73,126
2020-05-21,US,Minnesota,Red Lake,3,0,0,47.87197525,-96.09561104,27125.0,3,3,0,0,3,3,3999,0,0,0,0,0
2020-05-21,US,Minnesota,Redwood,3,0,0,44.40555844,-95.25207021,27127.0,3,3,0,0,3,3,15249,0,0,0,0,0
2020-05-21,US,Minnesota,Renville,5,0,0,44.72836381,-94.94553734,27129.0,5,5,0,0,5,5,14612,0,0,0,0,0
2020-05-21,US,Minnesota,Rice,307,2,0,44.3543376,-93.29658715,27131.0,305,295,2,0,293,270,66523,12,0,0,12,25
2020-05-21,US,Minnesota,Rock,20,0,0,43.67482683,-96.25296832,27133.0,20,20,0,0,20,20,9414,0,0,0,0,0
2020-05-21,US,Minnesota,Roseau,1,0,0,48.77501878,-95.81079919,27135.0,1,1,0,0,1,1,15150,0,0,0,0,0
2020-05-21,US,Minnesota,Scott,298,2,0,44.6490231,-93.53340251,27139.0,296,291,2,0,289,271,147381,7,0,0,7,20
2020-05-21,US,Minnesota,Sherburne,183,1,0,45.44447208,-93.77617511,27141.0,182,178,1,0,177,164,96036,5,0,0,5,14
2020-05-21,US,Minnesota,Sibley,12,0,0,44.5796592,-94.23164924,27143.0,12,11,0,0,11,10,15028,1,0,0,1,1
2020-05-21,US,Minnesota,St. Louis,109,13,0,47.604840700000004,-92.46879855,27137.0,96,110,13,0,97,107,199754,-1,0,0,-1,3
2020-05-21,US,Minnesota,Stearns,1853,11,0,45.55192576,-94.61078221,27145.0,1842,1831,11,0,1820,1782,159256,22,0,0,22,49
2020-05-21,US,Minnesota,Steele,122,0,0,44.02240351,-93.22627088,27147.0,122,116,0,0,116,115,36803,6,0,0,6,1
2020-05-21,US,Minnesota,Swift,14,0,0,45.2829032,-95.68264092,27151.0,14,13,0,0,13,13,9345,1,0,0,1,0
2020-05-21,US,Minnesota,Todd,116,0,0,46.06996226,-94.89785296,27153.0,116,110,0,0,110,87,24582,6,0,0,6,23
2020-05-21,US,Minnesota,Traverse,3,0,0,45.77298854,-96.47062949,27155.0,3,3,0,0,3,3,3308,0,0,0,0,0
2020-05-21,US,Minnesota,Unassigned,34,9,0,0.0,0.0,90027.0,25,32,9,0,23,35,,2,0,0,2,-3
2020-05-21,US,Minnesota,Wabasha,16,0,0,44.28424356,-92.23121312,27157.0,16,16,0,0,16,16,21645,0,0,0,0,0
2020-05-21,US,Minnesota,Wadena,6,0,0,46.58589171,-94.96968506,27159.0,6,6,0,0,6,6,13773,0,0,0,0,0
2020-05-21,US,Minnesota,Waseca,22,0,0,44.02211116,-93.58720034,27161.0,22,22,0,0,22,21,18691,0,0,0,0,1
2020-05-21,US,Minnesota,Washington,431,23,0,45.03864533,-92.88429635,27163.0,408,414,21,0,393,398,259201,17,2,0,15,16
2020-05-21,US,Minnesota,Watonwan,42,0,0,43.97823903,-94.61413846,27165.0,42,42,0,0,42,41,10980,0,0,0,0,1
2020-05-21,US,Minnesota,Wilkin,11,3,0,46.35721532,-96.4684375,27167.0,8,11,3,0,8,11,6254,0,0,0,0,0
2020-05-21,US,Minnesota,Winona,75,15,0,43.98772283,-91.78081305,27169.0,60,75,15,0,60,75,50825,0,0,0,0,0
2020-05-21,US,Minnesota,Wright,200,1,0,45.17297924,-93.96234781,27171.0,199,198,1,0,197,182,136349,2,0,0,2,16
2020-05-21,US,Minnesota,Yellow Medicine,5,0,0,44.71710183,-95.86842453,27173.0,5,5,0,0,5,4,9795,0,0,0,0,1
2020-05-21,US,Mississippi,Adams,179,15,0,31.47669768,-91.35326037,28001.0,164,178,15,0,163,177,31192,1,0,0,1,1
2020-05-21,US,Mississippi,Alcorn,12,1,0,34.88084463,-88.57996173,28003.0,11,12,1,0,11,12,36925,0,0,0,0,0
2020-05-21,US,Mississippi,Amite,49,1,0,31.17467303,-90.80501621,28005.0,48,48,1,0,47,45,12326,1,0,0,1,3
2020-05-21,US,Mississippi,Attala,257,11,0,33.08658803,-89.57838564,28007.0,246,259,10,0,249,259,18365,-2,1,0,-3,0
2020-05-21,US,Mississippi,Benton,13,0,0,34.81681228,-89.18945516,28009.0,13,13,0,0,13,13,8271,0,0,0,0,0
2020-05-21,US,Mississippi,Bolivar,133,10,0,33.79696941,-90.87372121,28011.0,123,132,10,0,122,129,31333,1,0,0,1,3
2020-05-21,US,Mississippi,Calhoun,61,4,0,33.93683395,-89.33686647,28013.0,57,59,4,0,55,59,14436,2,0,0,2,0
2020-05-21,US,Mississippi,Carroll,112,9,0,33.44834567,-89.91994479,28015.0,103,111,8,0,103,110,9911,1,1,0,0,1
2020-05-21,US,Mississippi,Chickasaw,122,12,0,33.91983202,-88.9481545,28017.0,110,117,12,0,105,116,17171,5,0,0,5,1
2020-05-21,US,Mississippi,Choctaw,27,2,0,33.34598242,-89.24809382,28019.0,25,24,2,0,22,23,8278,3,0,0,3,1
2020-05-21,US,Mississippi,Claiborne,51,1,0,31.97061673,-90.90702196,28021.0,50,51,1,0,50,51,9002,0,0,0,0,0
2020-05-21,US,Mississippi,Clarke,119,16,0,32.04158545,-88.68896219999998,28023.0,103,120,16,0,104,113,15604,-1,0,0,-1,7
2020-05-21,US,Mississippi,Clay,90,3,0,33.65358105,-88.77784255,28025.0,87,86,3,0,83,86,19386,4,0,0,4,0
2020-05-21,US,Mississippi,Coahoma,86,3,0,34.22772299,-90.60415045,28027.0,83,86,3,0,83,85,22628,0,0,0,0,1
2020-05-21,US,Mississippi,Copiah,228,4,0,31.86977774,-90.44565118,28029.0,224,211,4,0,207,207,28543,17,0,0,17,4
2020-05-21,US,Mississippi,Covington,123,1,0,31.63225413,-89.55389939,28031.0,122,117,1,0,116,110,18853,6,0,0,6,7
2020-05-21,US,Mississippi,DeSoto,419,6,0,34.87625235,-89.99091418,28033.0,413,418,5,0,413,404,182001,1,1,0,0,14
2020-05-21,US,Mississippi,Forrest,453,32,0,31.18961454,-89.25832496,28035.0,421,438,32,0,406,435,75036,15,0,0,15,3
2020-05-21,US,Mississippi,Franklin,23,1,0,31.47786634,-90.89672989,28037.0,22,22,1,0,21,21,7788,1,0,0,1,1
2020-05-21,US,Mississippi,George,19,1,0,30.86259065,-88.64436789,28039.0,18,19,1,0,18,19,24250,0,0,0,0,0
2020-05-21,US,Mississippi,Greene,7,1,0,31.21444233,-88.63922281,28041.0,6,7,1,0,6,7,13586,0,0,0,0,0
2020-05-21,US,Mississippi,Grenada,66,2,0,33.77036166,-89.80245083,28043.0,64,63,2,0,61,60,21055,3,0,0,3,3
2020-05-21,US,Mississippi,Hancock,81,10,0,30.41830223,-89.48851033,28045.0,71,81,10,0,71,81,47334,0,0,0,0,0
2020-05-21,US,Mississippi,Harrison,224,6,0,30.51359752,-89.12467576,28047.0,218,220,6,0,214,218,206650,4,0,0,4,2
2020-05-21,US,Mississippi,Hinds,825,24,0,32.2656285,-90.44435448,28049.0,801,800,23,0,777,786,237085,25,1,0,24,14
2020-05-21,US,Mississippi,Holmes,333,21,0,33.12345854,-90.08923538,28051.0,312,320,21,0,299,310,17622,13,0,0,13,10
2020-05-21,US,Mississippi,Humphreys,49,5,0,33.12825718,-90.52252707,28053.0,44,49,5,0,44,49,8257,0,0,0,0,0
2020-05-21,US,Mississippi,Itawamba,80,7,0,34.27993475,-88.3606733,28057.0,73,81,7,0,74,79,23517,-1,0,0,-1,2
2020-05-21,US,Mississippi,Jackson,291,13,0,30.54020656,-88.64184064,28059.0,278,288,13,0,275,287,143277,3,0,0,3,1
2020-05-21,US,Mississippi,Jasper,126,3,0,32.01922104,-89.11786866,28061.0,123,123,3,0,120,116,16428,3,0,0,3,7
2020-05-21,US,Mississippi,Jefferson,40,0,0,31.73397872,-91.03764977,28063.0,40,38,0,0,38,38,7106,2,0,0,2,0
2020-05-21,US,Mississippi,Jefferson Davis,69,2,0,31.56884708,-89.82670990000004,28065.0,67,69,2,0,67,69,11234,0,0,0,0,0
2020-05-21,US,Mississippi,Jones,386,12,0,31.62257767,-89.16896899999998,28067.0,374,366,12,0,354,358,68461,20,0,0,20,8
2020-05-21,US,Mississippi,Kemper,112,10,0,32.75462946,-88.64105766,28069.0,102,110,10,0,100,105,10027,2,0,0,2,5
2020-05-21,US,Mississippi,Lafayette,110,3,0,34.35687874,-89.48490961,28071.0,107,110,3,0,107,109,54793,0,0,0,0,1
2020-05-21,US,Mississippi,Lamar,210,4,0,31.20572971,-89.5077704,28073.0,206,205,4,0,201,199,62447,5,0,0,5,6
2020-05-21,US,Mississippi,Lauderdale,637,47,0,32.40419769,-88.66229662,28075.0,590,616,46,0,570,602,75317,21,1,0,20,14
2020-05-21,US,Mississippi,Lawrence,81,0,0,31.55147224,-90.10841127,28077.0,81,80,0,0,80,80,12455,1,0,0,1,0
2020-05-21,US,Mississippi,Leake,368,7,0,32.7536828,-89.52402044,28079.0,361,367,7,0,360,364,22763,1,0,0,1,3
2020-05-21,US,Mississippi,Lee,97,5,0,34.291877500000005,-88.68149954,28081.0,92,95,5,0,90,96,85202,2,0,0,2,-1
2020-05-21,US,Mississippi,Leflore,206,24,0,33.55545125,-90.29900733,28083.0,182,205,23,0,182,202,28919,1,1,0,0,3
2020-05-21,US,Mississippi,Lincoln,224,19,0,31.53288662,-90.45391915,28085.0,205,222,18,0,204,218,34205,2,1,0,1,4
2020-05-21,US,Mississippi,Lowndes,136,7,0,33.47386518,-88.44191529999998,28087.0,129,135,6,0,129,132,58930,1,1,0,0,3
2020-05-21,US,Mississippi,Madison,582,19,0,32.63389156,-90.03513564,28089.0,563,573,18,0,555,561,105630,9,1,0,8,12
2020-05-21,US,Mississippi,Marion,100,8,0,31.23132643,-89.8209217,28091.0,92,97,8,0,89,93,24715,3,0,0,3,4
2020-05-21,US,Mississippi,Marshall,68,3,0,34.76216286,-89.50299462,28093.0,65,68,3,0,65,67,35451,0,0,0,0,1
2020-05-21,US,Mississippi,Monroe,229,23,0,33.89236763,-88.4808438,28095.0,206,226,23,0,203,220,35564,3,0,0,3,6
2020-05-21,US,Mississippi,Montgomery,76,1,0,33.49419589,-89.61729103,28097.0,75,75,1,0,74,74,10023,1,0,0,1,1
2020-05-21,US,Mississippi,Neshoba,470,26,0,32.75339664,-89.11726492,28099.0,444,452,26,0,426,429,29125,18,0,0,18,23
2020-05-21,US,Mississippi,Newton,210,3,0,32.40021118,-89.11843336,28101.0,207,206,3,0,203,196,21443,4,0,0,4,10
2020-05-21,US,Mississippi,Noxubee,148,4,0,33.11009499,-88.56949061,28103.0,144,145,4,0,141,145,10535,3,0,0,3,0
2020-05-21,US,Mississippi,Oktibbeha,114,8,0,33.42491685,-88.87905132,28105.0,106,110,8,0,102,107,49599,4,0,0,4,3
2020-05-21,US,Mississippi,Panola,58,2,0,34.36398677,-89.95064249,28107.0,56,54,2,0,52,52,34178,4,0,0,4,2
2020-05-21,US,Mississippi,Pearl River,197,27,0,30.77090935,-89.58677275,28109.0,170,197,27,0,170,195,55387,0,0,0,0,2
2020-05-21,US,Mississippi,Perry,38,2,0,31.17161885,-88.99281835,28111.0,36,38,2,0,36,37,11931,0,0,0,0,1
2020-05-21,US,Mississippi,Pike,188,11,0,31.17507789,-90.40392572,28113.0,177,186,11,0,175,184,39563,2,0,0,2,2
2020-05-21,US,Mississippi,Pontotoc,26,2,0,34.226046000000004,-89.03636807,28115.0,24,26,2,0,24,25,31833,0,0,0,0,1
2020-05-21,US,Mississippi,Prentiss,37,3,0,34.61810501,-88.51986294,28117.0,34,36,3,0,33,36,25315,1,0,0,1,0
2020-05-21,US,Mississippi,Quitman,21,0,0,34.25157572,-90.28908,28119.0,21,21,0,0,21,21,7051,0,0,0,0,0
2020-05-21,US,Mississippi,Rankin,315,6,0,32.26469147,-89.94537876,28121.0,309,310,6,0,304,295,153902,5,0,0,5,15
2020-05-21,US,Mississippi,Scott,569,10,0,32.406704100000006,-89.53789439,28123.0,559,567,10,0,557,550,28287,2,0,0,2,17
2020-05-21,US,Mississippi,Sharkey,7,0,0,32.88149103,-90.81595379999999,28125.0,7,7,0,0,7,7,4377,0,0,0,0,0
2020-05-21,US,Mississippi,Simpson,79,0,0,31.91282117,-89.91716179,28127.0,79,79,0,0,79,78,26758,0,0,0,0,1
2020-05-21,US,Mississippi,Smith,124,10,0,32.01744532,-89.50644846,28129.0,114,121,10,0,111,120,16002,3,0,0,3,1
2020-05-21,US,Mississippi,Stone,25,0,0,30.79187949,-89.11547539,28131.0,25,26,0,0,26,24,18717,-1,0,0,-1,2
2020-05-21,US,Mississippi,Sunflower,71,3,0,33.60192578,-90.58882684,28133.0,68,70,3,0,67,68,25735,1,0,0,1,2
2020-05-21,US,Mississippi,Tallahatchie,23,1,0,33.95339918,-90.1729398,28135.0,22,21,1,0,20,21,13987,2,0,0,2,0
2020-05-21,US,Mississippi,Tate,58,1,0,34.65133709,-89.94485778,28137.0,57,56,1,0,55,55,28759,2,0,0,2,1
2020-05-21,US,Mississippi,Tippah,69,11,0,34.76872156,-88.90988194,28139.0,58,69,11,0,58,69,21995,0,0,0,0,0
2020-05-21,US,Mississippi,Tishomingo,21,0,0,34.74023475,-88.23917219,28141.0,21,21,0,0,21,21,19454,0,0,0,0,0
2020-05-21,US,Mississippi,Tunica,45,2,0,34.64967704,-90.37481167,28143.0,43,45,2,0,43,45,9944,0,0,0,0,0
2020-05-21,US,Mississippi,Union,66,4,0,34.49162015,-89.00776006,28145.0,62,65,4,0,61,65,28606,1,0,0,1,0
2020-05-21,US,Mississippi,Walthall,48,0,0,31.14971548,-90.10446654,28147.0,48,46,0,0,46,44,14465,2,0,0,2,2
2020-05-21,US,Mississippi,Warren,138,5,0,32.35810271,-90.83352619,28149.0,133,136,5,0,131,135,46176,2,0,0,2,1
2020-05-21,US,Mississippi,Washington,143,4,0,33.28392041,-90.94196237,28151.0,139,139,4,0,135,128,45063,4,0,0,4,11
2020-05-21,US,Mississippi,Wayne,58,0,0,31.64135687,-88.69573913,28153.0,58,51,0,0,51,45,20298,7,0,0,7,6
2020-05-21,US,Mississippi,Webster,25,1,0,33.61300486,-89.28392912,28155.0,24,22,1,0,21,22,9788,3,0,0,3,0
2020-05-21,US,Mississippi,Wilkinson,80,9,0,31.16078225,-91.31018819,28157.0,71,80,9,0,71,78,8792,0,0,0,0,2
2020-05-21,US,Mississippi,Winston,92,0,0,33.08747908,-89.03391385,28159.0,92,86,0,0,86,86,18165,6,0,0,6,0
2020-05-21,US,Mississippi,Yalobusha,76,4,0,34.02824175,-89.70762049999998,28161.0,72,75,3,0,72,75,12392,1,1,0,0,0
2020-05-21,US,Mississippi,Yazoo,194,2,0,32.77890365,-90.39656148,28163.0,192,194,2,0,192,192,28248,0,0,0,0,2
2020-05-21,US,Missouri,Adair,34,0,0,40.19058551,-92.60078167,29001.0,34,34,0,0,34,29,25339,0,0,0,0,5
2020-05-21,US,Missouri,Andrew,20,0,0,39.98492163,-94.80163024,29003.0,20,20,0,0,20,19,17607,0,0,0,0,1
2020-05-21,US,Missouri,Atchison,3,0,0,40.43238737,-95.42970639,29005.0,3,3,0,0,3,2,5171,0,0,0,0,1
2020-05-21,US,Missouri,Audrain,21,0,0,39.215877,-91.84242683,29007.0,21,18,0,0,18,6,25473,3,0,0,3,12
2020-05-21,US,Missouri,Barry,7,0,0,36.70978521,-93.82919888,29009.0,7,6,0,0,6,6,35886,1,0,0,1,0
2020-05-21,US,Missouri,Bates,7,1,0,38.25271289,-94.34113157,29013.0,6,7,1,0,6,7,16320,0,0,0,0,0
2020-05-21,US,Missouri,Benton,10,0,0,38.29503305,-93.28756116,29015.0,10,9,0,0,9,9,19278,1,0,0,1,0
2020-05-21,US,Missouri,Bollinger,5,0,0,37.32449052,-90.02725304,29017.0,5,4,0,0,4,4,12169,1,0,0,1,0
2020-05-21,US,Missouri,Boone,108,1,0,38.99186229,-92.30723575,29019.0,107,106,1,0,105,106,180005,2,0,0,2,0
2020-05-21,US,Missouri,Buchanan,587,2,0,39.65816401,-94.80138942,29021.0,585,562,2,0,560,543,88571,25,0,0,25,19
2020-05-21,US,Missouri,Butler,34,0,0,36.71462476,-90.40421163,29023.0,34,34,0,0,34,32,42639,0,0,0,0,2
2020-05-21,US,Missouri,Caldwell,5,0,0,39.65620858,-93.98308093,29025.0,5,5,0,0,5,4,9108,0,0,0,0,1
2020-05-21,US,Missouri,Callaway,23,1,0,38.83674754,-91.92186505,29027.0,22,23,1,0,22,23,44889,0,0,0,0,0
2020-05-21,US,Missouri,Camden,36,1,0,38.02199522,-92.76083747,29029.0,35,36,1,0,35,36,45815,0,0,0,0,0
2020-05-21,US,Missouri,Cape Girardeau,56,2,0,37.38489388,-89.6843587,29031.0,54,55,2,0,53,54,78753,1,0,0,1,1
2020-05-21,US,Missouri,Carroll,7,0,0,39.42762566,-93.50626255,29033.0,7,7,0,0,7,7,8743,0,0,0,0,0
2020-05-21,US,Missouri,Carter,4,1,0,36.94160441,-90.96051322,29035.0,3,4,1,0,3,4,6054,0,0,0,0,0
2020-05-21,US,Missouri,Cass,75,8,0,38.64789422,-94.353399,29037.0,67,74,8,0,66,72,104954,1,0,0,1,2
2020-05-21,US,Missouri,Cedar,9,0,0,37.72391475,-93.85445441,29039.0,9,9,0,0,9,9,14165,0,0,0,0,0
2020-05-21,US,Missouri,Chariton,6,0,0,39.51499357,-92.9629191,29041.0,6,6,0,0,6,6,7451,0,0,0,0,0
2020-05-21,US,Missouri,Christian,21,0,0,36.9711783,-93.18537118,29043.0,21,21,0,0,21,21,86983,0,0,0,0,0
2020-05-21,US,Missouri,Clark,1,0,0,40.41040752,-91.73661677,29045.0,1,1,0,0,1,1,6842,0,0,0,0,0
2020-05-21,US,Missouri,Clay,127,1,0,39.31132056,-94.41850862,29047.0,126,125,1,0,124,123,246365,2,0,0,2,2
2020-05-21,US,Missouri,Clinton,18,0,0,39.6013098,-94.40465394,29049.0,18,18,0,0,18,17,20470,0,0,0,0,1
2020-05-21,US,Missouri,Cole,56,1,0,38.50455671,-92.27860244,29051.0,55,56,1,0,55,56,76796,0,0,0,0,0
2020-05-21,US,Missouri,Cooper,9,0,0,38.844478,-92.80896081,29053.0,9,9,0,0,9,9,17603,0,0,0,0,0
2020-05-21,US,Missouri,Crawford,9,0,0,37.97663738,-91.30528104,29055.0,9,9,0,0,9,9,23957,0,0,0,0,0
2020-05-21,US,Missouri,Dallas,3,0,0,37.681135499999996,-93.02127031,29059.0,3,3,0,0,3,3,16762,0,0,0,0,0
2020-05-21,US,Missouri,Daviess,3,0,0,39.96145298,-93.98519678,29061.0,3,3,0,0,3,3,8313,0,0,0,0,0
2020-05-21,US,Missouri,DeKalb,5,0,0,39.89201062,-94.40476508,29063.0,5,5,0,0,5,4,12630,0,0,0,0,1
2020-05-21,US,Missouri,Dunklin,26,2,0,36.27167174,-90.09122243,29069.0,24,26,2,0,24,26,29423,0,0,0,0,0
2020-05-21,US,Missouri,Franklin,137,15,0,38.41127108,-91.07522826,29071.0,122,136,15,0,121,135,103670,1,0,0,1,1
2020-05-21,US,Missouri,Gasconade,2,0,0,38.43947277,-91.50847147,29073.0,2,2,0,0,2,2,14705,0,0,0,0,0
2020-05-21,US,Missouri,Gentry,4,0,0,40.21097916,-94.40944419,29075.0,4,4,0,0,4,3,6628,0,0,0,0,1
2020-05-21,US,Missouri,Greene,112,8,0,37.2575872,-93.34230916,29077.0,104,111,7,0,104,107,291923,1,1,0,0,4
2020-05-21,US,Missouri,Harrison,8,0,0,40.35570088,-93.99222144,29081.0,8,8,0,0,8,8,8414,0,0,0,0,0
2020-05-21,US,Missouri,Henry,9,1,0,38.38482826,-93.79293734,29083.0,8,9,1,0,8,9,21792,0,0,0,0,0
2020-05-21,US,Missouri,Holt,1,0,0,40.09799248,-95.21638879999999,29087.0,1,1,0,0,1,1,4404,0,0,0,0,0
2020-05-21,US,Missouri,Howard,3,0,0,39.1435761,-92.69756691,29089.0,3,3,0,0,3,3,10137,0,0,0,0,0
2020-05-21,US,Missouri,Howell,5,0,0,36.77383887,-91.88683935,29091.0,5,5,0,0,5,5,40076,0,0,0,0,0
2020-05-21,US,Missouri,Iron,2,0,0,37.55487945,-90.7735296,29093.0,2,2,0,0,2,2,10177,0,0,0,0,0
2020-05-21,US,Missouri,Jackson,469,16,0,39.01002188,-94.34724536,29095.0,453,457,16,0,441,457,700307,12,0,0,12,0
2020-05-21,US,Missouri,Jasper,29,0,0,37.20351921,-94.34050458,29097.0,29,29,0,0,29,29,120636,0,0,0,0,0
2020-05-21,US,Missouri,Jefferson,333,15,0,38.25926778,-90.53870896,29099.0,318,331,14,0,317,331,224347,2,1,0,1,0
2020-05-21,US,Missouri,Johnson,72,0,0,38.74719601,-93.80691168,29101.0,72,72,0,0,72,72,53652,0,0,0,0,0
2020-05-21,US,Missouri,Kansas City,927,23,0,39.0997,-94.5786,0.0,904,924,23,0,901,902,491918,3,0,0,3,22
2020-05-21,US,Missouri,Laclede,3,0,0,37.65896829,-92.5888493,29105.0,3,3,0,0,3,3,35713,0,0,0,0,0
2020-05-21,US,Missouri,Lafayette,69,3,0,39.06986886,-93.78076396,29107.0,66,69,3,0,66,68,32598,0,0,0,0,1
2020-05-21,US,Missouri,Lawrence,8,0,0,37.10626634,-93.83293097,29109.0,8,8,0,0,8,8,38359,0,0,0,0,0
2020-05-21,US,Missouri,Lewis,7,1,0,40.09673161,-91.72070156,29111.0,6,7,1,0,6,7,9855,0,0,0,0,0
2020-05-21,US,Missouri,Lincoln,105,1,0,39.05345619,-90.95588181,29113.0,104,105,1,0,104,105,57686,0,0,0,0,0
2020-05-21,US,Missouri,Linn,5,1,0,39.87001769,-93.10704106,29115.0,4,5,1,0,4,5,12037,0,0,0,0,0
2020-05-21,US,Missouri,Livingston,3,0,0,39.78110272,-93.54645978,29117.0,3,3,0,0,3,3,15146,0,0,0,0,0
2020-05-21,US,Missouri,Macon,2,0,0,39.83049768,-92.56453089,29121.0,2,2,0,0,2,2,15153,0,0,0,0,0
2020-05-21,US,Missouri,Madison,3,0,0,37.47865134,-90.34671429999999,29123.0,3,3,0,0,3,3,12188,0,0,0,0,0
2020-05-21,US,Missouri,Maries,2,0,0,38.16193985,-91.92249662,29125.0,2,2,0,0,2,2,8769,0,0,0,0,0
2020-05-21,US,Missouri,Marion,5,0,0,39.80601912,-91.62203062,29127.0,5,5,0,0,5,5,28592,0,0,0,0,0
2020-05-21,US,Missouri,McDonald,14,0,0,36.62869595,-94.34867205,29119.0,14,14,0,0,14,14,23078,0,0,0,0,0
2020-05-21,US,Missouri,Miller,4,0,0,38.21450288,-92.42610898,29131.0,4,4,0,0,4,4,25336,0,0,0,0,0
2020-05-21,US,Missouri,Mississippi,50,0,0,36.82516239,-89.29505753,29133.0,50,49,0,0,49,49,13336,1,0,0,1,0
2020-05-21,US,Missouri,Moniteau,44,0,0,38.63571781,-92.57976951,29135.0,44,44,0,0,44,44,16121,0,0,0,0,0
2020-05-21,US,Missouri,Montgomery,7,0,0,38.94022054,-91.47000721,29139.0,7,7,0,0,7,7,11534,0,0,0,0,0
2020-05-21,US,Missouri,Morgan,8,0,0,38.4181765,-92.88791859,29141.0,8,8,0,0,8,8,20358,0,0,0,0,0
2020-05-21,US,Missouri,New Madrid,14,0,0,36.59666326,-89.66070007,29143.0,14,14,0,0,14,14,17296,0,0,0,0,0
2020-05-21,US,Missouri,Newton,16,1,0,36.90519407,-94.3394104,29145.0,15,16,1,0,15,16,58266,0,0,0,0,0
2020-05-21,US,Missouri,Nodaway,8,0,0,40.36079813,-94.88133008,29147.0,8,8,0,0,8,6,22304,0,0,0,0,2
2020-05-21,US,Missouri,Oregon,2,0,0,36.68710164,-91.4033755,29149.0,2,2,0,0,2,2,10541,0,0,0,0,0
2020-05-21,US,Missouri,Osage,5,0,0,38.46036182,-91.8613635,29151.0,5,5,0,0,5,5,13714,0,0,0,0,0
2020-05-21,US,Missouri,Pemiscot,70,3,0,36.2130572,-89.78742322,29155.0,67,70,3,0,67,70,16272,0,0,0,0,0
2020-05-21,US,Missouri,Perry,48,0,0,37.70660776,-89.82741088,29157.0,48,47,0,0,47,47,19150,1,0,0,1,0
2020-05-21,US,Missouri,Pettis,70,1,0,38.72798918,-93.28471706,29159.0,69,70,1,0,69,70,42542,0,0,0,0,0
2020-05-21,US,Missouri,Phelps,3,0,0,37.87736118,-91.79351727,29161.0,3,3,0,0,3,3,44732,0,0,0,0,0
2020-05-21,US,Missouri,Pike,14,1,0,39.34310674,-91.16980779,29163.0,13,14,1,0,13,14,18504,0,0,0,0,0
2020-05-21,US,Missouri,Platte,62,0,0,39.38154439,-94.77068479,29165.0,62,60,0,0,60,58,102985,2,0,0,2,2
2020-05-21,US,Missouri,Polk,2,0,0,37.616229600000004,-93.39828174,29167.0,2,2,0,0,2,2,32201,0,0,0,0,0
2020-05-21,US,Missouri,Pulaski,33,1,0,37.82462075,-92.20783203,29169.0,32,33,1,0,32,33,52014,0,0,0,0,0
2020-05-21,US,Missouri,Ralls,2,0,0,39.52817427,-91.51838643,29173.0,2,2,0,0,2,2,10212,0,0,0,0,0
2020-05-21,US,Missouri,Randolph,8,0,0,39.44007257,-92.49713740000001,29175.0,8,8,0,0,8,8,24763,0,0,0,0,0
2020-05-21,US,Missouri,Ray,14,0,0,39.353746799999996,-93.98905745,29177.0,14,14,0,0,14,14,22883,0,0,0,0,0
2020-05-21,US,Missouri,Reynolds,2,0,0,37.36085952,-90.97009925,29179.0,2,2,0,0,2,2,6254,0,0,0,0,0
2020-05-21,US,Missouri,Ripley,7,0,0,36.65460667,-90.85990261,29181.0,7,7,0,0,7,7,13401,0,0,0,0,0
2020-05-21,US,Missouri,Saline,260,2,0,39.13734288,-93.20259964,29195.0,258,257,2,0,255,257,22895,3,0,0,3,0
2020-05-21,US,Missouri,Scotland,4,0,0,40.45214695,-92.14709064,29199.0,4,4,0,0,4,4,4966,0,0,0,0,0
2020-05-21,US,Missouri,Scott,89,8,0,37.05588075,-89.56474493,29201.0,81,88,8,0,80,86,38458,1,0,0,1,2
2020-05-21,US,Missouri,Shelby,1,0,0,39.79742518,-92.07634971,29205.0,1,1,0,0,1,1,6050,0,0,0,0,0
2020-05-21,US,Missouri,St. Charles,712,55,0,38.77875681,-90.66662425,29183.0,657,712,55,0,657,712,399182,0,0,0,0,0
2020-05-21,US,Missouri,St. Clair,3,0,0,38.03699437,-93.77631447,29185.0,3,3,0,0,3,3,9395,0,0,0,0,0
2020-05-21,US,Missouri,St. Francois,33,2,0,37.81214171,-90.47598685,29187.0,31,33,2,0,31,33,66692,0,0,0,0,0
2020-05-21,US,Missouri,St. Louis,4472,376,0,38.63770039999999,-90.4458375,29189.0,4096,4410,350,0,4060,4374,996945,62,26,0,36,36
2020-05-21,US,Missouri,St. Louis City,1744,109,0,38.63555736,-90.24349225,29510.0,1635,1717,109,0,1608,1705,302838,27,0,0,27,12
2020-05-21,US,Missouri,Ste. Genevieve,8,1,0,37.89090059,-90.1949941,29186.0,7,8,1,0,7,8,17888,0,0,0,0,0
2020-05-21,US,Missouri,Stoddard,64,0,0,36.85571651,-89.9444155,29207.0,64,61,0,0,61,58,29206,3,0,0,3,3
2020-05-21,US,Missouri,Stone,4,0,0,36.75000327,-93.45256475,29209.0,4,4,0,0,4,4,31749,0,0,0,0,0
2020-05-21,US,Missouri,Sullivan,38,0,0,40.2099105,-93.11150106,29211.0,38,37,0,0,37,37,6221,1,0,0,1,0
2020-05-21,US,Missouri,Taney,14,2,0,36.65465345,-93.04075153,29213.0,12,12,2,0,10,12,55852,2,0,0,2,0
2020-05-21,US,Missouri,Vernon,7,0,0,37.8457799,-94.34127305,29217.0,7,6,0,0,6,5,20528,1,0,0,1,1
2020-05-21,US,Missouri,Warren,28,0,0,38.76529479,-91.16124662,29219.0,28,28,0,0,28,28,34711,0,0,0,0,0
2020-05-21,US,Missouri,Washington,10,1,0,37.96130078,-90.87948158,29221.0,9,9,1,0,8,9,24943,1,0,0,1,0
2020-05-21,US,Missouri,Webster,17,0,0,37.2813734,-92.876329,29225.0,17,17,0,0,17,17,39109,0,0,0,0,0
2020-05-21,US,Missouri,Worth,3,0,0,40.47945588,-94.42328751,29227.0,3,3,0,0,3,3,2040,0,0,0,0,0
2020-05-21,US,Missouri,Wright,11,0,0,37.27029221,-92.46914488,29229.0,11,11,0,0,11,11,18378,0,0,0,0,0
2020-05-21,US,Montana,Beaverhead,1,0,0,45.13434354,-112.89846940000001,30001.0,1,1,0,0,1,1,9404,0,0,0,0,0
2020-05-21,US,Montana,Big Horn,8,0,0,45.42335905,-107.492347,30003.0,8,8,0,0,8,8,13338,0,0,0,0,0
2020-05-21,US,Montana,Broadwater,4,0,0,46.33277565,-111.49558130000001,30007.0,4,4,0,0,4,4,6085,0,0,0,0,0
2020-05-21,US,Montana,Carbon,6,0,0,45.22850116,-109.0274047,30009.0,6,6,0,0,6,6,10714,0,0,0,0,0
2020-05-21,US,Montana,Cascade,17,2,0,47.30797024,-111.3467922,30013.0,15,17,2,0,15,17,81643,0,0,0,0,0
2020-05-21,US,Montana,Deer Lodge,3,0,0,46.05953325,-113.073353,30023.0,3,3,0,0,3,3,9131,0,0,0,0,0
2020-05-21,US,Montana,Flathead,37,2,0,48.29575866,-114.05205690000001,30029.0,35,37,2,0,35,37,102106,0,0,0,0,0
2020-05-21,US,Montana,Gallatin,149,1,0,45.54486106,-111.1692571,30031.0,148,149,1,0,148,149,111876,0,0,0,0,0
2020-05-21,US,Montana,Glacier,6,0,0,48.70513576,-112.9934235,30035.0,6,6,0,0,6,6,13747,0,0,0,0,0
2020-05-21,US,Montana,Golden Valley,3,0,0,46.3816474,-109.17685220000001,30037.0,3,3,0,0,3,3,826,0,0,0,0,0
2020-05-21,US,Montana,Hill,1,0,0,48.62879827,-110.1129252,30041.0,1,1,0,0,1,1,16347,0,0,0,0,0
2020-05-21,US,Montana,Jefferson,3,0,0,46.14907081,-112.094396,30043.0,3,3,0,0,3,3,12097,0,0,0,0,0
2020-05-21,US,Montana,Lake,5,0,0,47.64514965,-114.0898013,30047.0,5,5,0,0,5,5,30250,0,0,0,0,0
2020-05-21,US,Montana,Lewis and Clark,16,0,0,47.12610041,-112.39469799999999,30049.0,16,16,0,0,16,16,68700,0,0,0,0,0
2020-05-21,US,Montana,Liberty,1,0,0,48.56084317,-111.02430700000001,30051.0,1,1,0,0,1,1,2430,0,0,0,0,0
2020-05-21,US,Montana,Lincoln,7,1,0,48.54265777,-115.4046155,30053.0,6,7,1,0,6,7,19794,0,0,0,0,0
2020-05-21,US,Montana,Madison,8,1,0,45.30080065,-111.9173017,30057.0,7,8,1,0,7,8,8768,0,0,0,0,0
2020-05-21,US,Montana,Meagher,1,0,0,46.59907074,-110.8898557,30059.0,1,1,0,0,1,1,1866,0,0,0,0,0
2020-05-21,US,Montana,Missoula,39,1,0,47.03728583,-113.92135079999998,30063.0,38,39,1,0,38,39,118791,0,0,0,0,0
2020-05-21,US,Montana,Musselshell,1,0,0,46.49684637,-108.39498,30065.0,1,1,0,0,1,1,4651,0,0,0,0,0
2020-05-21,US,Montana,Park,8,0,0,45.48965095,-110.52643940000002,30067.0,8,8,0,0,8,8,16736,0,0,0,0,0
2020-05-21,US,Montana,Pondera,2,0,0,48.22773388,-112.22527029999999,30073.0,2,2,0,0,2,2,5972,0,0,0,0,0
2020-05-21,US,Montana,Ravalli,13,0,0,46.08520862,-114.11891640000002,30081.0,13,13,0,0,13,6,43172,0,0,0,0,7
2020-05-21,US,Montana,Richland,3,0,0,47.78668011,-104.5610786,30083.0,3,3,0,0,3,3,10913,0,0,0,0,0
2020-05-21,US,Montana,Roosevelt,7,0,0,48.29607488,-105.00792679999999,30085.0,7,7,0,0,7,7,11059,0,0,0,0,0
2020-05-21,US,Montana,Silver Bow,11,0,0,45.90018933,-112.6620092,30093.0,11,11,0,0,11,11,34993,0,0,0,0,0
2020-05-21,US,Montana,Stillwater,1,0,0,45.67071407,-109.3950061,30095.0,1,1,0,0,1,1,9534,0,0,0,0,0
2020-05-21,US,Montana,Toole,29,6,0,48.65577551,-111.69424140000001,30101.0,23,29,6,0,23,29,4853,0,0,0,0,0
2020-05-21,US,Montana,Wheatland,1,0,0,46.46652491,-109.84646359999999,30107.0,1,1,0,0,1,1,2236,0,0,0,0,0
2020-05-21,US,Montana,Yellowstone,88,2,0,45.93955949,-108.26914860000001,30111.0,86,87,2,0,85,87,160137,1,0,0,1,0
2020-05-21,US,Nebraska,Adams,258,11,0,40.52449420000001,-98.50117804,31001.0,247,256,11,0,245,255,31511,2,0,0,2,1
2020-05-21,US,Nebraska,Antelope,7,0,0,42.17695516,-98.06662829999999,31003.0,7,7,0,0,7,7,6336,0,0,0,0,0
2020-05-21,US,Nebraska,Boone,3,0,0,41.70759415,-98.06737183,31011.0,3,3,0,0,3,3,5239,0,0,0,0,0
2020-05-21,US,Nebraska,Box Butte,1,0,0,42.22079243,-103.08788340000001,31013.0,1,1,0,0,1,1,10772,0,0,0,0,0
2020-05-21,US,Nebraska,Buffalo,136,1,0,40.85486962,-99.07500296,31019.0,135,136,1,0,135,136,49615,0,0,0,0,0
2020-05-21,US,Nebraska,Burt,7,0,0,41.85056773,-96.32605633,31021.0,7,5,0,0,5,5,6488,2,0,0,2,0
2020-05-21,US,Nebraska,Butler,37,0,0,41.22703692,-97.13106306,31023.0,37,37,0,0,37,34,8058,0,0,0,0,3
2020-05-21,US,Nebraska,Cass,27,0,0,40.90899107,-96.13971217,31025.0,27,26,0,0,26,23,26159,1,0,0,1,3
2020-05-21,US,Nebraska,Cedar,6,0,0,42.598885100000004,-97.25311951,31027.0,6,6,0,0,6,6,8446,0,0,0,0,0
2020-05-21,US,Nebraska,Cherry,1,0,0,42.54502621,-101.1244332,31031.0,1,1,0,0,1,1,5761,0,0,0,0,0
2020-05-21,US,Nebraska,Cheyenne,9,0,0,41.21999357,-102.9941693,31033.0,9,9,0,0,9,9,9310,0,0,0,0,0
2020-05-21,US,Nebraska,Clay,20,0,0,40.52439441,-98.05126296,31035.0,20,19,0,0,19,19,6214,1,0,0,1,0
2020-05-21,US,Nebraska,Colfax,573,2,0,41.57486951,-97.0868542,31037.0,571,559,2,0,557,532,10881,14,0,0,14,27
2020-05-21,US,Nebraska,Cuming,26,0,0,41.91637624,-96.78730772,31039.0,26,18,0,0,18,17,8940,8,0,0,8,1
2020-05-21,US,Nebraska,Custer,29,4,0,41.39374521,-99.72805369,31041.0,25,28,4,0,24,29,10840,1,0,0,1,-1
2020-05-21,US,Nebraska,Dakota,1489,15,0,42.39040144,-96.56656425,31043.0,1474,1475,15,0,1460,1476,20083,14,0,0,14,-1
2020-05-21,US,Nebraska,Dawes,1,0,0,42.71985036,-103.1313774,31045.0,1,1,0,0,1,2,8716,0,0,0,0,-1
2020-05-21,US,Nebraska,Dawson,813,7,0,40.87028216,-99.82014609999999,31047.0,806,812,7,0,805,811,23709,1,0,0,1,1
2020-05-21,US,Nebraska,Dixon,27,0,0,42.49188363,-96.86782408,31051.0,27,27,0,0,27,27,5709,0,0,0,0,0
2020-05-21,US,Nebraska,Dodge,295,1,0,41.58071748,-96.65598179,31053.0,294,282,1,0,281,274,36791,13,0,0,13,8
2020-05-21,US,Nebraska,Douglas,2798,23,0,41.29518299,-96.15085305,31055.0,2775,2692,23,0,2669,2583,566880,106,0,0,106,109
2020-05-21,US,Nebraska,Fillmore,5,0,0,40.52458567,-97.59646937,31059.0,5,5,0,0,5,4,5527,0,0,0,0,1
2020-05-21,US,Nebraska,Franklin,6,0,0,40.17636348,-98.95299073,31061.0,6,5,0,0,5,5,3023,1,0,0,1,0
2020-05-21,US,Nebraska,Frontier,1,0,0,40.52993007,-100.3924658,31063.0,1,1,0,0,1,1,2608,0,0,0,0,0
2020-05-21,US,Nebraska,Furnas,6,0,0,40.17642064,-99.91247454,31065.0,6,6,0,0,6,6,4715,0,0,0,0,0
2020-05-21,US,Nebraska,Gage,44,3,0,40.26186809,-96.68946704,31067.0,41,43,3,0,40,43,21493,1,0,0,1,0
2020-05-21,US,Nebraska,Gosper,13,0,0,40.51481965,-99.83020279,31073.0,13,13,0,0,13,13,1996,0,0,0,0,0
2020-05-21,US,Nebraska,Greeley,2,0,0,41.56742671,-98.52150266,31077.0,2,2,0,0,2,2,2356,0,0,0,0,0
2020-05-21,US,Nebraska,Hall,1452,39,0,40.87257079,-98.50218293,31079.0,1413,1441,39,0,1402,1435,61607,11,0,0,11,6
2020-05-21,US,Nebraska,Hamilton,52,10,0,40.87349452,-98.02099117,31081.0,42,52,10,0,42,52,9280,0,0,0,0,0
2020-05-21,US,Nebraska,Hitchcock,1,0,0,40.17609175,-101.04164770000001,31087.0,1,1,0,0,1,1,2806,0,0,0,0,0
2020-05-21,US,Nebraska,Holt,1,0,0,42.45522056,-98.78402558,31089.0,1,1,0,0,1,1,10178,0,0,0,0,0
2020-05-21,US,Nebraska,Howard,38,0,0,41.2200529,-98.5166499,31093.0,38,38,0,0,38,38,6468,0,0,0,0,0
2020-05-21,US,Nebraska,Jefferson,6,0,0,40.17584531,-97.142601,31095.0,6,6,0,0,6,6,7097,0,0,0,0,0
2020-05-21,US,Nebraska,Johnson,7,0,0,40.39257596,-96.26522753,31097.0,7,7,0,0,7,7,5134,0,0,0,0,0
2020-05-21,US,Nebraska,Kearney,11,0,0,40.50663314,-98.94877182,31099.0,11,11,0,0,11,11,6544,0,0,0,0,0
2020-05-21,US,Nebraska,Keith,2,0,0,41.19930341,-101.66201640000001,31101.0,2,2,0,0,2,2,8021,0,0,0,0,0
2020-05-21,US,Nebraska,Keya Paha,3,0,0,42.87990694,-99.71343729,31103.0,3,3,0,0,3,,810,0,0,0,0,
2020-05-21,US,Nebraska,Kimball,8,0,0,41.19774275,-103.7148131,31105.0,8,8,0,0,8,9,3618,0,0,0,0,-1
2020-05-21,US,Nebraska,Knox,8,0,0,42.63758421,-97.89178836,31107.0,8,8,0,0,8,8,8419,0,0,0,0,0
2020-05-21,US,Nebraska,Lancaster,995,6,0,40.78416049,-96.68777155,31109.0,989,934,6,0,928,912,317272,61,0,0,61,22
2020-05-21,US,Nebraska,Lincoln,48,2,0,41.04658298,-100.74753740000001,31111.0,46,46,2,0,44,45,35185,2,0,0,2,1
2020-05-21,US,Nebraska,Madison,294,3,0,41.91676024,-97.6005481,31119.0,291,289,3,0,286,271,35392,5,0,0,5,18
2020-05-21,US,Nebraska,Merrick,32,0,0,41.16624273,-98.0374887,31121.0,32,30,0,0,30,29,7733,2,0,0,2,1
2020-05-21,US,Nebraska,Morrill,10,0,0,41.71711774,-103.0061405,31123.0,10,10,0,0,10,10,4686,0,0,0,0,0
2020-05-21,US,Nebraska,Nance,5,0,0,41.39750195,-97.99327291,31125.0,5,4,0,0,4,4,3532,1,0,0,1,0
2020-05-21,US,Nebraska,Nemaha,3,0,0,40.38514847,-95.85433992,31127.0,3,3,0,0,3,3,6958,0,0,0,0,0
2020-05-21,US,Nebraska,Nuckolls,1,0,0,40.17637905,-98.04743961,31129.0,1,1,0,0,1,1,4195,0,0,0,0,0
2020-05-21,US,Nebraska,Otoe,6,0,0,40.64843556,-96.13374142,31131.0,6,6,0,0,6,6,15985,0,0,0,0,0
2020-05-21,US,Nebraska,Phelps,16,0,0,40.51156033,-99.41461667,31137.0,16,16,0,0,16,13,8996,0,0,0,0,3
2020-05-21,US,Nebraska,Pierce,2,0,0,42.26434853,-97.60122773,31139.0,2,1,0,0,1,1,7142,1,0,0,1,0
2020-05-21,US,Nebraska,Platte,515,1,0,41.57246836,-97.52144359,31141.0,514,505,1,0,504,481,33363,10,0,0,10,24
2020-05-21,US,Nebraska,Polk,9,0,0,41.18813488,-97.56630712,31143.0,9,9,0,0,9,9,5278,0,0,0,0,0
2020-05-21,US,Nebraska,Red Willow,5,0,0,40.17556879999999,-100.476998,31145.0,5,5,0,0,5,5,10726,0,0,0,0,0
2020-05-21,US,Nebraska,Richardson,1,0,0,40.1247415,-95.71755036,31147.0,1,1,0,0,1,1,7937,0,0,0,0,0
2020-05-21,US,Nebraska,Saline,463,1,0,40.52418865,-97.14085859,31151.0,462,448,1,0,447,436,14350,15,0,0,15,12
2020-05-21,US,Nebraska,Sarpy,404,2,0,41.11314181,-96.11156432,31153.0,402,382,2,0,380,366,184459,22,0,0,22,16
2020-05-21,US,Nebraska,Saunders,22,1,0,41.227810299999994,-96.63773905,31155.0,21,22,1,0,21,22,21303,0,0,0,0,0
2020-05-21,US,Nebraska,Scotts Bluff,58,0,0,41.85070896,-103.70809859999999,31157.0,58,55,0,0,55,54,35989,3,0,0,3,1
2020-05-21,US,Nebraska,Seward,27,1,0,40.87241834,-97.139673,31159.0,26,26,1,0,25,26,17318,1,0,0,1,0
2020-05-21,US,Nebraska,Sherman,2,0,0,41.22045983,-98.97588642,31163.0,2,2,0,0,2,2,3038,0,0,0,0,0
2020-05-21,US,Nebraska,Stanton,15,0,0,41.9169835,-97.19394708,31167.0,15,15,0,0,15,15,5970,0,0,0,0,0
2020-05-21,US,Nebraska,Thomas,1,0,0,41.91358968,-100.5556632,31171.0,1,1,0,0,1,1,720,0,0,0,0,0
2020-05-21,US,Nebraska,Thurston,23,0,0,42.15725356,-96.54157099,31173.0,23,20,0,0,20,19,7303,3,0,0,3,1
2020-05-21,US,Nebraska,Unassigned,170,4,0,0.0,0.0,90031.0,166,170,4,0,166,162,,0,0,0,0,8
2020-05-21,US,Nebraska,Valley,3,0,0,41.56730777,-98.98197724,31175.0,3,3,0,0,3,3,4190,0,0,0,0,0
2020-05-21,US,Nebraska,Washington,26,1,0,41.52815707,-96.22019892,31177.0,25,26,1,0,25,24,20667,0,0,0,0,2
2020-05-21,US,Nebraska,Wayne,7,0,0,42.20934475,-97.11926964,31179.0,7,4,0,0,4,4,9403,3,0,0,3,0
2020-05-21,US,Nebraska,Webster,5,0,0,40.17642643,-98.50019851,31181.0,5,5,0,0,5,5,3533,0,0,0,0,0
2020-05-21,US,Nebraska,York,30,0,0,40.87272618,-97.59710186,31185.0,30,30,0,0,30,30,13772,0,0,0,0,0
2020-05-21,US,Nevada,Carson City,81,3,0,39.15509045,-119.7480219,32510.0,78,77,3,0,74,75,55414,4,0,0,4,2
2020-05-21,US,Nevada,Churchill,6,0,0,39.58105744,-118.3394607,32001.0,6,6,0,0,6,6,24440,0,0,0,0,0
2020-05-21,US,Nevada,Clark,5734,320,0,36.21458855,-115.0130241,32003.0,5414,5650,314,0,5336,5463,2231647,84,6,0,78,187
2020-05-21,US,Nevada,Douglas,26,0,0,38.912862,-119.61713329999999,32005.0,26,26,0,0,26,25,48467,0,0,0,0,1
2020-05-21,US,Nevada,Elko,21,1,0,41.14531606,-115.3577619,32007.0,20,21,1,0,20,21,52460,0,0,0,0,0
2020-05-21,US,Nevada,Humboldt,76,4,0,41.40692186,-118.11094270000001,32013.0,72,76,4,0,72,74,16786,0,0,0,0,2
2020-05-21,US,Nevada,Lander,19,0,0,39.933223299999995,-117.03970749999999,32015.0,19,19,0,0,19,19,5575,0,0,0,0,0
2020-05-21,US,Nevada,Lincoln,2,0,0,37.64268459,-114.8790388,32017.0,2,2,0,0,2,2,5201,0,0,0,0,0
2020-05-21,US,Nevada,Lyon,51,0,0,39.01777974,-119.18704790000001,32019.0,51,49,0,0,49,49,55808,2,0,0,2,0
2020-05-21,US,Nevada,Mineral,4,0,0,38.53841696,-118.4344506,32021.0,4,4,0,0,4,4,4514,0,0,0,0,0
2020-05-21,US,Nevada,Nye,59,1,0,38.04264256,-116.47227020000001,32023.0,58,58,1,0,57,58,45346,1,0,0,1,0
2020-05-21,US,Nevada,Storey,1,0,0,39.44875482,-119.5250207,32029.0,1,1,0,0,1,1,4029,0,0,0,0,0
2020-05-21,US,Nevada,Unassigned,0,6,0,0.0,0.0,90032.0,-6,0,6,0,-6,0,,0,0,0,0,0
2020-05-21,US,Nevada,Washoe,1316,48,0,40.66562265,-119.6631594,32031.0,1268,1395,48,0,1347,1295,465735,-79,0,0,-79,100
2020-05-21,US,Nevada,White Pine,4,0,0,39.44157041,-114.89996599999999,32033.0,4,4,0,0,4,4,9475,0,0,0,0,0
2020-05-21,US,New Hampshire,Belknap,54,0,0,43.51637314,-71.41684235,33001.0,54,54,0,0,54,53,61022,0,0,0,0,1
2020-05-21,US,New Hampshire,Carroll,46,0,0,43.87498583,-71.20430216,33003.0,46,44,0,0,44,44,48779,2,0,0,2,0
2020-05-21,US,New Hampshire,Cheshire,50,2,0,42.92015988,-72.25311043,33005.0,48,49,2,0,47,49,76493,1,0,0,1,0
2020-05-21,US,New Hampshire,Coos,4,0,0,44.69063265,-71.30633239,33007.0,4,4,0,0,4,4,31589,0,0,0,0,0
2020-05-21,US,New Hampshire,Grafton,66,1,0,43.93779815,-71.82057197,33009.0,65,64,1,0,63,63,89786,2,0,0,2,1
2020-05-21,US,New Hampshire,Hillsborough,1963,81,0,42.91537785,-71.7200253,33011.0,1882,1932,54,0,1878,1820,415247,31,27,0,4,112
2020-05-21,US,New Hampshire,Merrimack,299,13,0,43.29662971,-71.6811573,33013.0,286,290,10,0,280,283,151132,9,3,0,6,7
2020-05-21,US,New Hampshire,Rockingham,1179,62,0,42.98499744,-71.12883377,33015.0,1117,1159,53,0,1106,1138,309176,20,9,0,11,21
2020-05-21,US,New Hampshire,Strafford,243,12,0,43.291833000000004,-71.02336013,33017.0,231,242,11,0,231,240,130090,1,1,0,0,2
2020-05-21,US,New Hampshire,Sullivan,16,1,0,43.36094111,-72.22203125,33019.0,15,16,1,0,15,16,43144,0,0,0,0,0
2020-05-21,US,New Hampshire,Unassigned,15,27,0,0.0,0.0,90033.0,-12,14,58,0,-44,11,,1,-31,0,32,3
2020-05-21,US,New Jersey,Atlantic,1895,128,0,39.47538693,-74.65848483,34001.0,1767,1875,126,0,1749,1838,265429,20,2,0,18,37
2020-05-21,US,New Jersey,Bergen,17583,1508,0,40.96010917,-74.07164325,34003.0,16075,17518,1500,0,16018,17522,936692,65,8,0,57,-4
2020-05-21,US,New Jersey,Burlington,4097,249,0,39.87681124,-74.66927768,34005.0,3848,4058,249,0,3809,4000,445384,39,0,0,39,58
2020-05-21,US,New Jersey,Camden,5818,290,0,39.80343818,-74.96388753,34007.0,5528,5738,286,0,5452,5644,507078,80,4,0,76,94
2020-05-21,US,New Jersey,Cape May,534,44,0,39.15008829,-74.80170244,34009.0,490,531,42,0,489,518,92560,3,2,0,1,13
2020-05-21,US,New Jersey,Cumberland,1869,60,0,39.37199394,-75.10712559,34011.0,1809,1830,57,0,1773,1759,150972,39,3,0,36,71
2020-05-21,US,New Jersey,Essex,16980,1579,0,40.78681335,-74.24657979,34013.0,15401,16952,1571,0,15381,16747,799767,28,8,0,20,205
2020-05-21,US,New Jersey,Gloucester,2002,129,0,39.71581067,-75.13995546,34015.0,1873,1966,127,0,1839,1935,291408,36,2,0,34,31
2020-05-21,US,New Jersey,Hudson,18880,1121,0,40.73766234,-74.07515667,34017.0,17759,18880,1106,0,17774,18679,676061,0,15,0,-15,201
2020-05-21,US,New Jersey,Hunterdon,925,55,0,40.56335249,-74.91284156,34019.0,870,920,55,0,865,885,124714,5,0,0,5,35
2020-05-21,US,New Jersey,Mercer,6205,438,0,40.28047017,-74.70479631,34021.0,5767,6162,431,0,5731,6018,369811,43,7,0,36,144
2020-05-21,US,New Jersey,Middlesex,15057,921,0,40.43629879,-74.41426991,34023.0,14136,14954,913,0,14041,14834,829685,103,8,0,95,120
2020-05-21,US,New Jersey,Monmouth,7637,537,0,40.26549699,-74.22240686,34025.0,7100,7541,531,0,7010,7470,621354,96,6,0,90,71
2020-05-21,US,New Jersey,Morris,6155,583,0,40.86095313,-74.54553709999998,34027.0,5572,6139,581,0,5558,6100,494228,16,2,0,14,39
2020-05-21,US,New Jersey,Ocean,8214,661,0,39.8895449,-74.28089251,34029.0,7553,8165,656,0,7509,8067,601651,49,5,0,44,98
2020-05-21,US,New Jersey,Passaic,15497,864,0,41.03238628,-74.29954144,34031.0,14633,15426,855,0,14571,15371,503310,71,9,0,62,55
2020-05-21,US,New Jersey,Salem,484,24,0,39.58719656,-75.34696629999998,34033.0,460,481,23,0,458,470,62607,3,1,0,2,11
2020-05-21,US,New Jersey,Somerset,4390,387,0,40.56465737,-74.61683016,34035.0,4003,4349,384,0,3965,4312,331164,41,3,0,38,37
2020-05-21,US,New Jersey,Sussex,1077,140,0,41.13891592,-74.69118243,34037.0,937,1069,140,0,929,1065,140799,8,0,0,8,4
2020-05-21,US,New Jersey,Union,15176,1005,0,40.65835409,-74.30680092,34039.0,14171,15122,994,0,14128,15031,558067,54,11,0,43,91
2020-05-21,US,New Jersey,Warren,1111,123,0,40.85951833,-74.99556527,34041.0,988,1100,122,0,978,1091,105779,11,1,0,10,9
2020-05-21,US,New Mexico,Bernalillo,1273,63,0,35.05163625,-106.6703554,35001.0,1210,1284,59,0,1225,1225,678701,-11,4,0,-15,59
2020-05-21,US,New Mexico,Catron,2,1,0,33.91514144,-108.4046587,35003.0,1,2,1,0,1,2,3578,0,0,0,0,0
2020-05-21,US,New Mexico,Chaves,34,2,0,33.36406072,-104.4665365,35005.0,32,33,2,0,31,31,64689,1,0,0,1,2
2020-05-21,US,New Mexico,Cibola,113,4,0,34.91131525,-107.998876,35006.0,109,114,4,0,110,108,26746,-1,0,0,-1,6
2020-05-21,US,New Mexico,Colfax,5,0,0,36.60569702,-104.64726740000002,35007.0,5,5,0,0,5,5,12110,0,0,0,0,0
2020-05-21,US,New Mexico,Curry,44,0,0,34.57421077,-103.34688759999999,35009.0,44,45,0,0,45,43,49437,-1,0,0,-1,2
2020-05-21,US,New Mexico,Dona Ana,362,2,0,32.35275771,-106.83293870000001,35013.0,360,326,2,0,324,319,217522,36,0,0,36,7
2020-05-21,US,New Mexico,Eddy,17,1,0,32.47167456,-104.3053527,35015.0,16,17,1,0,16,17,57900,0,0,0,0,0
2020-05-21,US,New Mexico,Grant,16,0,0,32.73911281,-108.3827845,35017.0,16,16,0,0,16,16,27346,0,0,0,0,0
2020-05-21,US,New Mexico,Guadalupe,19,0,0,34.86319296,-104.790669,35019.0,19,19,0,0,19,19,4341,0,0,0,0,0
2020-05-21,US,New Mexico,Harding,1,0,0,35.85751555,-103.82209379999999,35021.0,1,1,0,0,1,1,655,0,0,0,0,0
2020-05-21,US,New Mexico,Hidalgo,1,0,0,31.91383467,-108.7151824,35023.0,1,1,0,0,1,1,4240,0,0,0,0,0
2020-05-21,US,New Mexico,Lea,21,0,0,32.79215361,-103.4123733,35025.0,21,18,0,0,18,18,69611,3,0,0,3,0
2020-05-21,US,New Mexico,Lincoln,3,0,0,33.74526079,-105.4586166,35027.0,3,3,0,0,3,3,19556,0,0,0,0,0
2020-05-21,US,New Mexico,Los Alamos,6,0,0,35.86631386,-106.31349850000001,35028.0,6,6,0,0,6,6,19101,0,0,0,0,0
2020-05-21,US,New Mexico,Luna,8,1,0,32.18179341,-107.75088259999998,35029.0,7,8,1,0,7,8,23963,0,0,0,0,0
2020-05-21,US,New Mexico,McKinley,2044,86,0,35.58007720000001,-108.262245,35031.0,1958,2034,82,0,1952,1987,72290,10,4,0,6,47
2020-05-21,US,New Mexico,Otero,8,1,0,32.61348406,-105.7417604,35035.0,7,8,1,0,7,8,66781,0,0,0,0,0
2020-05-21,US,New Mexico,Quay,5,1,0,35.10403332,-103.54817270000001,35037.0,4,5,1,0,4,5,8253,0,0,0,0,0
2020-05-21,US,New Mexico,Rio Arriba,36,0,0,36.51072137,-106.69316740000001,35039.0,36,33,0,0,33,33,39006,3,0,0,3,0
2020-05-21,US,New Mexico,Roosevelt,26,0,0,34.02097406,-103.4799493,35041.0,26,27,0,0,27,27,18743,-1,0,0,-1,0
2020-05-21,US,New Mexico,San Juan,1451,99,0,36.50838318,-108.32043700000001,35045.0,1352,1457,96,0,1361,1408,125043,-6,3,0,-9,49
2020-05-21,US,New Mexico,San Miguel,10,0,0,35.48014807,-104.8163562,35047.0,10,10,0,0,10,10,27591,0,0,0,0,0
2020-05-21,US,New Mexico,Sandoval,528,24,0,35.68862401,-106.86878030000001,35043.0,504,542,24,0,518,498,145179,-14,0,0,-14,44
2020-05-21,US,New Mexico,Santa Fe,127,3,0,35.50708973,-105.9774716,35049.0,124,128,3,0,125,126,150056,-1,0,0,-1,2
2020-05-21,US,New Mexico,Sierra,1,0,0,33.13028233,-107.1925893,35051.0,1,1,0,0,1,1,10968,0,0,0,0,0
2020-05-21,US,New Mexico,Socorro,49,4,0,34.00715494,-106.9298354,35053.0,45,49,4,0,45,49,16735,0,0,0,0,0
2020-05-21,US,New Mexico,Taos,22,0,0,36.58006022,-105.63101979999999,35055.0,22,22,0,0,22,22,32835,0,0,0,0,0
2020-05-21,US,New Mexico,Torrance,19,1,0,34.64048375,-105.8508949,35057.0,18,20,1,0,19,19,15591,-1,0,0,-1,1
2020-05-21,US,New Mexico,Unassigned,149,0,0,0.0,0.0,90035.0,149,10,0,0,10,106,,139,0,0,139,-96
2020-05-21,US,New Mexico,Union,3,0,0,36.48126404,-103.4709624,35059.0,3,3,0,0,3,3,4118,0,0,0,0,0
2020-05-21,US,New Mexico,Valencia,69,1,0,34.71669834,-106.8103733,35061.0,68,70,1,0,69,68,76456,-1,0,0,-1,2
2020-05-21,US,New York,Albany,1700,69,0,42.60060306,-73.97723916,36001.0,1631,1682,69,0,1613,1655,307117,18,0,0,18,27
2020-05-21,US,New York,Allegany,44,0,0,42.25748406,-78.02750466,36003.0,44,44,0,0,44,44,46430,0,0,0,0,0
2020-05-21,US,New York,Broome,451,30,0,42.15903158,-75.81326086,36007.0,421,436,30,0,406,429,191659,15,0,0,15,7
2020-05-21,US,New York,Cattaraugus,71,0,0,42.24778241,-78.67923096,36009.0,71,70,0,0,70,69,76840,1,0,0,1,1
2020-05-21,US,New York,Cayuga,72,1,0,42.91261714,-76.55731592,36011.0,71,68,1,0,67,68,77145,4,0,0,4,0
2020-05-21,US,New York,Chautauqua,58,4,0,42.22769210000001,-79.36691763,36013.0,54,50,4,0,46,49,127939,8,0,0,8,1
2020-05-21,US,New York,Chemung,134,1,0,42.13891056,-76.7638805,36015.0,133,134,1,0,133,134,84254,0,0,0,0,0
2020-05-21,US,New York,Chenango,118,0,0,42.49430041,-75.60887553,36017.0,118,118,0,0,118,118,47536,0,0,0,0,0
2020-05-21,US,New York,Clinton,94,4,0,44.74530905,-73.67875352,36019.0,90,94,4,0,90,94,80695,0,0,0,0,0
2020-05-21,US,New York,Columbia,355,28,0,42.24819348,-73.63089095,36021.0,327,350,28,0,322,350,59916,5,0,0,5,0
2020-05-21,US,New York,Cortland,36,0,0,42.59509207,-76.07048931,36023.0,36,36,0,0,36,36,47823,0,0,0,0,0
2020-05-21,US,New York,Delaware,71,4,0,42.19837623,-74.96709306,36025.0,67,69,4,0,65,69,44527,2,0,0,2,0
2020-05-21,US,New York,Dutchess,3745,126,0,41.76486060000001,-73.74356679,36027.0,3619,3724,126,0,3598,3710,293718,21,0,0,21,14
2020-05-21,US,New York,Erie,5270,449,0,42.76249024,-78.73063652,36029.0,4821,5131,449,0,4682,5037,919719,139,0,0,139,94
2020-05-21,US,New York,Essex,36,0,0,44.11630765,-73.77297842,36031.0,36,34,0,0,34,34,37300,2,0,0,2,0
2020-05-21,US,New York,Franklin,19,0,0,44.59040891,-74.29926032,36033.0,19,18,0,0,18,18,50293,1,0,0,1,0
2020-05-21,US,New York,Fulton,186,15,0,43.11363907,-74.41798804,36035.0,171,184,15,0,169,182,53591,2,0,0,2,2
2020-05-21,US,New York,Genesee,188,4,0,43.0022601,-78.19135193,36037.0,184,184,4,0,180,182,57511,4,0,0,4,2
2020-05-21,US,New York,Greene,215,17,0,42.275797,-74.12384884,36039.0,198,215,17,0,198,214,47491,0,0,0,0,1
2020-05-21,US,New York,Hamilton,5,0,0,43.66146647,-74.49721957,36041.0,5,5,0,0,5,5,4434,0,0,0,0,0
2020-05-21,US,New York,Herkimer,93,3,0,43.42034246,-74.96145307,36043.0,90,93,3,0,90,92,61833,0,0,0,0,1
2020-05-21,US,New York,Jefferson,71,0,0,44.04200959,-75.94653457,36045.0,71,71,0,0,71,71,111755,0,0,0,0,0
2020-05-21,US,New York,Lewis,18,0,0,43.784415700000004,-75.44903992,36049.0,18,18,0,0,18,18,26447,0,0,0,0,0
2020-05-21,US,New York,Livingston,114,7,0,42.72596275,-77.77966158,36051.0,107,111,7,0,104,111,63227,3,0,0,3,0
2020-05-21,US,New York,Madison,294,8,0,42.91653905,-75.67266639,36053.0,286,292,8,0,284,260,70795,2,0,0,2,32
2020-05-21,US,New York,Monroe,2530,174,0,43.14638895,-77.69322942,36055.0,2356,2465,174,0,2291,2376,742474,65,0,0,65,89
2020-05-21,US,New York,Montgomery,77,4,0,42.90123494,-74.44011632,36057.0,73,75,4,0,71,75,49455,2,0,0,2,0
2020-05-21,US,New York,Nassau,39487,2073,0,40.74066522,-73.58941873,36059.0,37414,39368,2065,0,37303,39295,1358343,119,8,0,111,73
2020-05-21,US,New York,New York City,195675,21003,0,40.76727260000001,-73.97152637,36061.0,174672,194550,20934,0,173616,193821,1628701,1125,69,0,1056,729
2020-05-21,US,New York,Niagara,880,52,0,43.19898042,-78.74777412,36063.0,828,858,52,0,806,845,210433,22,0,0,22,13
2020-05-21,US,New York,Oneida,817,35,0,43.24375382,-75.43710392,36065.0,782,802,35,0,767,785,229577,15,0,0,15,17
2020-05-21,US,New York,Onondaga,1771,103,0,43.00491923,-76.19971155,36067.0,1668,1718,103,0,1615,1665,461809,53,0,0,53,53
2020-05-21,US,New York,Ontario,176,9,0,42.85145728,-77.30874425,36069.0,167,170,9,0,161,152,109864,6,0,0,6,18
2020-05-21,US,New York,Orange,10092,428,0,41.40337468,-74.30240757,36071.0,9664,10043,419,0,9624,9988,381951,49,9,0,40,55
2020-05-21,US,New York,Orleans,174,23,0,43.2516977,-78.2320066,36073.0,151,171,23,0,148,168,40612,3,0,0,3,3
2020-05-21,US,New York,Oswego,92,3,0,43.42778894,-76.14635194,36075.0,89,90,3,0,87,89,117898,2,0,0,2,1
2020-05-21,US,New York,Otsego,67,5,0,42.63492579,-75.03151402,36077.0,62,67,5,0,62,67,59749,0,0,0,0,0
2020-05-21,US,New York,Putnam,1175,58,0,41.42630093,-73.74965532,36079.0,1117,1168,58,0,1110,1159,98892,7,0,0,7,9
2020-05-21,US,New York,Rensselaer,456,25,0,42.71348136,-73.51089874,36083.0,431,453,25,0,428,444,159442,3,0,0,3,9
2020-05-21,US,New York,Rockland,12877,611,0,41.15027894,-74.02560498,36087.0,12266,12831,611,0,12220,12798,325695,46,0,0,46,33
2020-05-21,US,New York,Saratoga,440,11,0,43.10904162,-73.86653895,36091.0,429,438,11,0,427,436,230163,2,0,0,2,2
2020-05-21,US,New York,Schenectady,638,28,0,42.81668777,-74.05278291,36093.0,610,633,28,0,605,631,155350,5,0,0,5,2
2020-05-21,US,New York,Schoharie,49,0,0,42.58831742,-74.44339029999998,36095.0,49,48,0,0,48,48,31097,1,0,0,1,0
2020-05-21,US,New York,Schuyler,10,0,0,42.39184015,-76.8773299,36097.0,10,10,0,0,10,10,17912,0,0,0,0,0
2020-05-21,US,New York,Seneca,52,0,0,42.78081007,-76.82497064,36099.0,52,52,0,0,52,51,34300,0,0,0,0,1
2020-05-21,US,New York,St. Lawrence,195,2,0,44.4976179,-75.06550039,36089.0,193,195,2,0,193,192,108047,0,0,0,0,3
2020-05-21,US,New York,Steuben,238,41,0,42.2689144,-77.3829924,36101.0,197,237,41,0,196,236,95796,1,0,0,1,1
2020-05-21,US,New York,Suffolk,38553,1802,0,40.88320119,-72.8012172,36103.0,36751,38411,1791,0,36620,38327,1481093,142,11,0,131,84
2020-05-21,US,New York,Sullivan,1281,28,0,41.71579493,-74.76394559,36105.0,1253,1267,28,0,1239,1258,75498,14,0,0,14,9
2020-05-21,US,New York,Tioga,117,20,0,42.16852837,-76.30835812,36107.0,97,114,20,0,94,113,48560,3,0,0,3,1
2020-05-21,US,New York,Tompkins,145,0,0,42.44945765,-76.47229843,36109.0,145,145,0,0,145,142,102793,0,0,0,0,3
2020-05-21,US,New York,Ulster,1584,71,0,41.89027881,-74.26252104,36111.0,1513,1571,69,0,1502,1565,178599,13,2,0,11,6
2020-05-21,US,New York,Warren,241,26,0,43.56173026,-73.8433699,36113.0,215,235,26,0,209,235,64265,6,0,0,6,0
2020-05-21,US,New York,Washington,222,13,0,43.31153794,-73.43043448,36115.0,209,221,13,0,208,220,61197,1,0,0,1,1
2020-05-21,US,New York,Wayne,103,3,0,43.15494365,-77.02976528,36117.0,100,103,3,0,100,98,90064,0,0,0,0,5
2020-05-21,US,New York,Westchester,32673,1313,0,41.16278376,-73.75741653,36119.0,31360,32517,1305,0,31212,32402,967612,156,8,0,148,115
2020-05-21,US,New York,Wyoming,79,5,0,42.70145109,-78.22199579,36121.0,74,79,5,0,74,79,40085,0,0,0,0,0
2020-05-21,US,New York,Yates,34,4,0,42.63505484,-77.10369919,36123.0,30,34,4,0,30,26,24841,0,0,0,0,8
2020-05-21,US,North Carolina,Alamance,234,13,0,36.0434701,-79.39976137,37001.0,221,234,13,0,221,224,166436,0,0,0,0,10
2020-05-21,US,North Carolina,Alexander,23,0,0,35.922379600000006,-81.17751948,37003.0,23,23,0,0,23,21,37353,0,0,0,0,2
2020-05-21,US,North Carolina,Alleghany,12,0,0,36.49360862,-81.12857041,37005.0,12,12,0,0,12,12,11161,0,0,0,0,0
2020-05-21,US,North Carolina,Anson,50,0,0,34.97403241,-80.09953279,37007.0,50,50,0,0,50,50,24877,0,0,0,0,0
2020-05-21,US,North Carolina,Ashe,28,0,0,36.43296207,-81.49862729,37009.0,28,28,0,0,28,28,27109,0,0,0,0,0
2020-05-21,US,North Carolina,Avery,1,0,0,36.07569796,-81.92308483,37011.0,1,1,0,0,1,1,17505,0,0,0,0,0
2020-05-21,US,North Carolina,Beaufort,33,0,0,35.48531943,-76.84325809,37013.0,33,33,0,0,33,30,47079,0,0,0,0,3
2020-05-21,US,North Carolina,Bertie,98,3,0,36.0688473,-76.96545943,37015.0,95,98,3,0,95,89,19026,0,0,0,0,9
2020-05-21,US,North Carolina,Bladen,81,2,0,34.61296243,-78.56180059,37017.0,79,81,2,0,79,73,33190,0,0,0,0,8
2020-05-21,US,North Carolina,Brunswick,62,2,0,34.070565,-78.22814204,37019.0,60,62,2,0,60,58,136744,0,0,0,0,4
2020-05-21,US,North Carolina,Buncombe,183,7,0,35.61113393,-82.53305,37021.0,176,183,7,0,176,176,259103,0,0,0,0,7
2020-05-21,US,North Carolina,Burke,210,14,0,35.74989637,-81.70755735,37023.0,196,210,14,0,196,198,90382,0,0,0,0,12
2020-05-21,US,North Carolina,Cabarrus,400,22,0,35.3877799,-80.55267168,37025.0,378,400,22,0,378,385,211342,0,0,0,0,15
2020-05-21,US,North Carolina,Caldwell,92,2,0,35.95204977,-81.54799522,37027.0,90,92,2,0,90,86,82029,0,0,0,0,6
2020-05-21,US,North Carolina,Camden,3,0,0,36.33804939,-76.15568396,37029.0,3,3,0,0,3,2,10710,0,0,0,0,1
2020-05-21,US,North Carolina,Carteret,36,3,0,34.8932941,-76.54120135,37031.0,33,36,3,0,33,36,69524,0,0,0,0,0
2020-05-21,US,North Carolina,Caswell,45,1,0,36.39312665,-79.33353281,37033.0,44,45,1,0,44,44,22698,0,0,0,0,1
2020-05-21,US,North Carolina,Catawba,121,3,0,35.66211129,-81.2132617,37035.0,118,121,3,0,118,111,158652,0,0,0,0,10
2020-05-21,US,North Carolina,Chatham,543,25,0,35.70394416,-79.25541492,37037.0,518,543,25,0,518,512,73139,0,0,0,0,31
2020-05-21,US,North Carolina,Cherokee,30,1,0,35.1349263,-84.05970864,37039.0,29,30,1,0,29,27,28383,0,0,0,0,3
2020-05-21,US,North Carolina,Chowan,15,0,0,36.12908077,-76.60118385,37041.0,15,15,0,0,15,15,14029,0,0,0,0,0
2020-05-21,US,North Carolina,Clay,8,0,0,35.05704275,-83.74353633,37043.0,8,8,0,0,8,8,11139,0,0,0,0,0
2020-05-21,US,North Carolina,Cleveland,60,2,0,35.33553364,-81.55204486,37045.0,58,60,2,0,58,55,97645,0,0,0,0,5
2020-05-21,US,North Carolina,Columbus,259,21,0,34.26744084,-78.65801424,37047.0,238,259,21,0,238,250,55655,0,0,0,0,9
2020-05-21,US,North Carolina,Craven,135,4,0,35.11833364,-77.08398081,37049.0,131,135,4,0,131,129,102912,0,0,0,0,6
2020-05-21,US,North Carolina,Cumberland,529,13,0,35.04762133,-78.82623165,37051.0,516,511,13,0,498,471,332330,18,0,0,18,40
2020-05-21,US,North Carolina,Currituck,11,0,0,36.36123664,-75.95876401,37053.0,11,11,0,0,11,11,27072,0,0,0,0,0
2020-05-21,US,North Carolina,Dare,22,1,0,35.66520691,-75.71767334,37055.0,21,22,1,0,21,22,36501,0,0,0,0,0
2020-05-21,US,North Carolina,Davidson,323,11,0,35.79115496,-80.21256572,37057.0,312,314,11,0,303,293,166614,9,0,0,9,21
2020-05-21,US,North Carolina,Davie,55,2,0,35.93099927,-80.54496571,37059.0,53,55,2,0,53,46,42733,0,0,0,0,9
2020-05-21,US,North Carolina,Duplin,470,12,0,34.93449805,-77.93140529,37061.0,458,470,12,0,458,438,58856,0,0,0,0,32
2020-05-21,US,North Carolina,Durham,1131,43,0,36.03638492,-78.87608331,37063.0,1088,1105,41,0,1064,1040,316739,26,2,0,24,65
2020-05-21,US,North Carolina,Edgecombe,174,9,0,35.91230639,-77.59436892,37065.0,165,174,9,0,165,171,52005,0,0,0,0,3
2020-05-21,US,North Carolina,Forsyth,773,7,0,36.12859861,-80.25459052,37067.0,766,749,7,0,742,698,379099,24,0,0,24,51
2020-05-21,US,North Carolina,Franklin,131,22,0,36.081519,-78.28708884,37069.0,109,131,22,0,109,124,67560,0,0,0,0,7
2020-05-21,US,North Carolina,Gaston,220,6,0,35.29373559,-81.17477045,37071.0,214,210,6,0,204,208,222846,10,0,0,10,2
2020-05-21,US,North Carolina,Gates,14,0,0,36.44667547,-76.69749701,37073.0,14,14,0,0,14,14,11573,0,0,0,0,0
2020-05-21,US,North Carolina,Graham,2,0,0,35.3506925,-83.83369267,37075.0,2,2,0,0,2,2,8484,0,0,0,0,0
2020-05-21,US,North Carolina,Granville,215,6,0,36.30337451,-78.65184241,37077.0,209,208,6,0,202,201,60115,7,0,0,7,7
2020-05-21,US,North Carolina,Greene,51,2,0,35.48544173,-77.67578087,37079.0,49,51,2,0,49,51,21012,0,0,0,0,0
2020-05-21,US,North Carolina,Guilford,931,49,0,36.07959451,-79.78824948,37081.0,882,916,49,0,867,872,533670,15,0,0,15,44
2020-05-21,US,North Carolina,Halifax,125,1,0,36.25669272,-77.6556109,37083.0,124,125,1,0,124,113,50574,0,0,0,0,12
2020-05-21,US,North Carolina,Harnett,255,20,0,35.36731853,-78.87243571,37085.0,235,255,20,0,235,247,134214,0,0,0,0,8
2020-05-21,US,North Carolina,Haywood,28,0,0,35.55269063,-82.98196486,37087.0,28,28,0,0,28,26,61971,0,0,0,0,2
2020-05-21,US,North Carolina,Henderson,299,41,0,35.33788927,-82.4766782,37089.0,258,299,41,0,258,288,116748,0,0,0,0,11
2020-05-21,US,North Carolina,Hertford,60,1,0,36.3607755,-76.98104134,37091.0,59,60,1,0,59,53,23659,0,0,0,0,7
2020-05-21,US,North Carolina,Hoke,166,0,0,35.01888303,-79.23651674,37093.0,166,166,0,0,166,152,54764,0,0,0,0,14
2020-05-21,US,North Carolina,Hyde,1,0,0,35.42017674,-76.15180542,37095.0,1,1,0,0,1,1,5230,0,0,0,0,0
2020-05-21,US,North Carolina,Iredell,203,6,0,35.80950511,-80.8743128,37097.0,197,202,6,0,196,192,178435,1,0,0,1,10
2020-05-21,US,North Carolina,Jackson,27,1,0,35.28814273,-83.14093385,37099.0,26,27,1,0,26,24,43327,0,0,0,0,3
2020-05-21,US,North Carolina,Johnston,276,19,0,35.51745004,-78.36622717,37101.0,257,276,19,0,257,259,202675,0,0,0,0,17
2020-05-21,US,North Carolina,Jones,23,3,0,35.02254606,-77.35870791,37103.0,20,23,3,0,20,23,9637,0,0,0,0,0
2020-05-21,US,North Carolina,Lee,343,3,0,35.47623147,-79.17569362,37105.0,340,341,3,0,338,322,61452,2,0,0,2,19
2020-05-21,US,North Carolina,Lenoir,168,7,0,35.24032589999999,-77.64245615,37107.0,161,164,7,0,157,158,55976,4,0,0,4,6
2020-05-21,US,North Carolina,Lincoln,52,0,0,35.48508185,-81.21740317,37109.0,52,52,0,0,52,48,83770,0,0,0,0,4
2020-05-21,US,North Carolina,Macon,5,1,0,35.14867843,-83.41696617,37113.0,4,5,1,0,4,5,35285,0,0,0,0,0
2020-05-21,US,North Carolina,Madison,2,0,0,35.85402722,-82.71346418,37115.0,2,2,0,0,2,2,21763,0,0,0,0,0
2020-05-21,US,North Carolina,Martin,39,4,0,35.84326734,-77.10860251,37117.0,35,39,4,0,35,36,22671,0,0,0,0,3
2020-05-21,US,North Carolina,McDowell,33,1,0,35.67736232,-82.0482425,37111.0,32,33,1,0,32,32,45507,0,0,0,0,1
2020-05-21,US,North Carolina,Mecklenburg,2780,69,0,35.24469268,-80.8317671,37119.0,2711,2780,69,0,2711,2652,1093901,0,0,0,0,128
2020-05-21,US,North Carolina,Mitchell,8,0,0,36.01059309,-82.1582442,37121.0,8,8,0,0,8,8,15000,0,0,0,0,0
2020-05-21,US,North Carolina,Montgomery,68,3,0,35.33155144,-79.90416657,37123.0,65,68,3,0,65,57,27271,0,0,0,0,11
2020-05-21,US,North Carolina,Moore,183,10,0,35.30885257,-79.48474178,37125.0,173,173,10,0,163,167,98682,10,0,0,10,6
2020-05-21,US,North Carolina,Nash,163,3,0,35.96575634,-77.98422508,37127.0,160,158,3,0,155,153,94016,5,0,0,5,5
2020-05-21,US,North Carolina,New Hanover,146,3,0,34.25758282,-77.87075626,37129.0,143,142,3,0,139,140,232274,4,0,0,4,2
2020-05-21,US,North Carolina,Northampton,131,11,0,36.41736238,-77.39769443,37131.0,120,131,11,0,120,130,19676,0,0,0,0,1
2020-05-21,US,North Carolina,Onslow,80,2,0,34.72607366,-77.42908179,37133.0,78,80,2,0,78,75,197683,0,0,0,0,5
2020-05-21,US,North Carolina,Orange,289,37,0,36.06092947,-79.12167935,37135.0,252,289,37,0,252,277,146027,0,0,0,0,12
2020-05-21,US,North Carolina,Pamlico,9,0,0,35.15253315,-76.66559823,37137.0,9,9,0,0,9,9,12670,0,0,0,0,0
2020-05-21,US,North Carolina,Pasquotank,90,9,0,36.26723798,-76.25134778,37139.0,81,90,9,0,81,88,39639,0,0,0,0,2
2020-05-21,US,North Carolina,Pender,50,1,0,34.52265624,-77.90352133,37141.0,49,50,1,0,49,49,62162,0,0,0,0,1
2020-05-21,US,North Carolina,Perquimans,23,2,0,36.17847453,-76.40603143,37143.0,21,23,2,0,21,23,13422,0,0,0,0,0
2020-05-21,US,North Carolina,Person,34,1,0,36.38989032,-78.97217358,37145.0,33,34,1,0,33,33,39507,0,0,0,0,1
2020-05-21,US,North Carolina,Pitt,228,2,0,35.59535426,-77.37353178,37147.0,226,228,2,0,226,213,179914,0,0,0,0,15
2020-05-21,US,North Carolina,Polk,35,3,0,35.27820615,-82.16812354,37149.0,32,35,3,0,32,32,20611,0,0,0,0,3
2020-05-21,US,North Carolina,Randolph,495,6,0,35.71015088,-79.80570339,37151.0,489,486,6,0,480,461,143351,9,0,0,9,25
2020-05-21,US,North Carolina,Richmond,121,2,0,35.00417719,-79.74491009,37153.0,119,121,2,0,119,115,44887,0,0,0,0,6
2020-05-21,US,North Carolina,Robeson,628,12,0,34.64244496,-79.10250529999998,37155.0,616,591,12,0,579,531,131831,37,0,0,37,60
2020-05-21,US,North Carolina,Rockingham,49,2,0,36.39593137,-79.77504841,37157.0,47,49,2,0,47,46,90690,0,0,0,0,3
2020-05-21,US,North Carolina,Rowan,570,27,0,35.64003916,-80.52446628,37159.0,543,562,27,0,535,540,141262,8,0,0,8,22
2020-05-21,US,North Carolina,Rutherford,156,7,0,35.40114178,-81.92112099,37161.0,149,155,7,0,148,153,66826,1,0,0,1,2
2020-05-21,US,North Carolina,Sampson,302,1,0,34.98820368,-78.36914061,37163.0,301,273,1,0,272,259,63626,29,0,0,29,14
2020-05-21,US,North Carolina,Scotland,56,0,0,34.8386299,-79.4757978,37165.0,56,56,0,0,56,53,34810,0,0,0,0,3
2020-05-21,US,North Carolina,Stanly,33,4,0,35.31647813,-80.25093221,37167.0,29,33,4,0,29,32,62075,0,0,0,0,1
2020-05-21,US,North Carolina,Stokes,39,0,0,36.4017975,-80.23893369,37169.0,39,39,0,0,39,36,45467,0,0,0,0,3
2020-05-21,US,North Carolina,Surry,102,1,0,36.41689489,-80.69102283,37171.0,101,102,1,0,101,95,71948,0,0,0,0,7
2020-05-21,US,North Carolina,Swain,6,0,0,35.48665845,-83.48748932,37173.0,6,6,0,0,6,6,14245,0,0,0,0,0
2020-05-21,US,North Carolina,Transylvania,8,0,0,35.20383864,-82.79638423,37175.0,8,8,0,0,8,7,34215,0,0,0,0,1
2020-05-21,US,North Carolina,Tyrrell,4,0,0,35.87147226,-76.17055253,37177.0,4,4,0,0,4,4,4131,0,0,0,0,0
2020-05-21,US,North Carolina,Union,371,17,0,34.98960527,-80.52955873,37179.0,354,365,17,0,348,358,235908,6,0,0,6,7
2020-05-21,US,North Carolina,Vance,202,17,0,36.36880673,-78.40670845,37181.0,185,202,17,0,185,195,44582,0,0,0,0,7
2020-05-21,US,North Carolina,Wake,1326,30,0,35.78879266,-78.65249174,37183.0,1296,1307,30,0,1277,1253,1092305,19,0,0,19,54
2020-05-21,US,North Carolina,Warren,36,0,0,36.39728256,-78.10652228,37185.0,36,36,0,0,36,29,19807,0,0,0,0,7
2020-05-21,US,North Carolina,Washington,26,3,0,35.83810081,-76.57299037,37187.0,23,26,3,0,23,26,11859,0,0,0,0,0
2020-05-21,US,North Carolina,Watauga,12,0,0,36.23103603,-81.70033724,37189.0,12,12,0,0,12,11,55945,0,0,0,0,1
2020-05-21,US,North Carolina,Wayne,888,16,0,35.36438125,-78.00027268,37191.0,872,888,16,0,872,867,123248,0,0,0,0,21
2020-05-21,US,North Carolina,Wilkes,451,1,0,36.2084135,-81.16232895,37193.0,450,451,1,0,450,425,68557,0,0,0,0,26
2020-05-21,US,North Carolina,Wilson,261,9,0,35.70625477,-77.917978,37195.0,252,256,9,0,247,249,81455,5,0,0,5,7
2020-05-21,US,North Carolina,Yadkin,124,1,0,36.16222629,-80.66239436,37197.0,123,123,1,0,122,109,37543,1,0,0,1,14
2020-05-21,US,North Carolina,Yancey,10,0,0,35.90079156,-82.31237181,37199.0,10,10,0,0,10,10,17903,0,0,0,0,0
2020-05-21,US,North Dakota,Barnes,4,0,0,46.93579637,-98.06605978,38003.0,4,4,0,0,4,4,10542,0,0,0,0,0
2020-05-21,US,North Dakota,Benson,1,0,0,48.0683985,-99.35916363,38005.0,1,1,0,0,1,1,6962,0,0,0,0,0
2020-05-21,US,North Dakota,Bottineau,2,0,0,48.79106111,-100.8378166,38009.0,2,1,0,0,1,1,6411,1,0,0,1,0
2020-05-21,US,North Dakota,Bowman,1,0,0,46.11285362,-103.5203343,38011.0,1,1,0,0,1,1,3076,0,0,0,0,0
2020-05-21,US,North Dakota,Burke,5,0,0,48.79094471,-102.51821170000001,38013.0,5,5,0,0,5,5,2100,0,0,0,0,0
2020-05-21,US,North Dakota,Burleigh,126,0,0,46.97847375,-100.46452140000001,38015.0,126,120,0,0,120,117,95273,6,0,0,6,3
2020-05-21,US,North Dakota,Cass,1370,34,0,46.93201724,-97.24447190000001,38017.0,1336,1277,32,0,1245,1229,181516,93,2,0,91,48
2020-05-21,US,North Dakota,Divide,1,0,0,48.814938700000006,-103.48736109999999,38023.0,1,1,0,0,1,1,2283,0,0,0,0,0
2020-05-21,US,North Dakota,Dunn,12,0,0,47.35423935,-102.61604679999999,38025.0,12,12,0,0,12,12,4332,0,0,0,0,0
2020-05-21,US,North Dakota,Eddy,2,0,0,47.71701474,-98.90432337,38027.0,2,2,0,0,2,2,2313,0,0,0,0,0
2020-05-21,US,North Dakota,Emmons,5,1,0,46.28398398,-100.2389766,38029.0,4,1,1,0,0,1,3295,4,0,0,4,0
2020-05-21,US,North Dakota,Foster,1,0,0,47.457108399999996,-98.88279923,38031.0,1,1,0,0,1,1,3216,0,0,0,0,0
2020-05-21,US,North Dakota,Grand Forks,320,3,0,47.92093639,-97.45450447,38035.0,317,319,3,0,316,317,70770,1,0,0,1,2
2020-05-21,US,North Dakota,Grant,2,0,0,46.35821257,-101.63900129999999,38037.0,2,2,0,0,2,2,2374,0,0,0,0,0
2020-05-21,US,North Dakota,McHenry,2,1,0,48.23104458,-100.6324822,38049.0,1,2,1,0,1,2,5816,0,0,0,0,0
2020-05-21,US,North Dakota,McIntosh,1,0,0,46.11182017,-99.44145858,38051.0,1,1,0,0,1,1,2585,0,0,0,0,0
2020-05-21,US,North Dakota,McKenzie,16,0,0,47.74133370000001,-103.395905,38053.0,16,16,0,0,16,16,13632,0,0,0,0,0
2020-05-21,US,North Dakota,McLean,7,0,0,47.60766714,-101.3182418,38055.0,7,7,0,0,7,7,9541,0,0,0,0,0
2020-05-21,US,North Dakota,Mercer,5,0,0,47.31213126,-101.8318399,38057.0,5,4,0,0,4,4,8267,1,0,0,1,0
2020-05-21,US,North Dakota,Morton,64,2,0,46.71681782,-101.2822377,38059.0,62,63,2,0,61,40,31095,1,0,0,1,23
2020-05-21,US,North Dakota,Mountrail,39,0,0,48.20197971,-102.3555315,38061.0,39,39,0,0,39,39,10218,0,0,0,0,0
2020-05-21,US,North Dakota,Nelson,2,0,0,47.9226426,-98.19038437,38063.0,2,2,0,0,2,1,2869,0,0,0,0,1
2020-05-21,US,North Dakota,Oliver,1,0,0,47.11530482,-101.3406158,38065.0,1,1,0,0,1,1,1952,0,0,0,0,0
2020-05-21,US,North Dakota,Pembina,6,0,0,48.76623521,-97.5523809,38067.0,6,6,0,0,6,6,6947,0,0,0,0,0
2020-05-21,US,North Dakota,Pierce,4,0,0,48.24977025,-99.96407787,38069.0,4,3,0,0,3,3,4081,1,0,0,1,0
2020-05-21,US,North Dakota,Ramsey,9,1,0,48.26886249,-98.72223879,38071.0,8,8,1,0,7,8,11481,1,0,0,1,0
2020-05-21,US,North Dakota,Ransom,7,0,0,46.45621782,-97.65742504,38073.0,7,7,0,0,7,7,5237,0,0,0,0,0
2020-05-21,US,North Dakota,Renville,1,0,0,48.71982533,-101.6603912,38075.0,1,1,0,0,1,1,2374,0,0,0,0,0
2020-05-21,US,North Dakota,Richland,14,0,0,46.26440649,-96.94852979,38077.0,14,13,0,0,13,11,16239,1,0,0,1,2
2020-05-21,US,North Dakota,Rolette,4,0,0,48.77245354,-99.84097493,38079.0,4,4,0,0,4,4,14301,0,0,0,0,0
2020-05-21,US,North Dakota,Sargent,3,0,0,46.10830372,-97.63217159,38081.0,3,3,0,0,3,3,3870,0,0,0,0,0
2020-05-21,US,North Dakota,Sioux,2,0,0,46.11323337,-101.04401490000001,38085.0,2,2,0,0,2,2,4358,0,0,0,0,0
2020-05-21,US,North Dakota,Slope,3,0,0,46.44737738,-103.4601547,38087.0,3,3,0,0,3,3,763,0,0,0,0,0
2020-05-21,US,North Dakota,Stark,61,2,0,46.80851182,-102.65763259999999,38089.0,59,61,2,0,59,61,30997,0,0,0,0,0
2020-05-21,US,North Dakota,Steele,1,0,0,47.45611548,-97.72728747,38091.0,1,1,0,0,1,1,1903,0,0,0,0,0
2020-05-21,US,North Dakota,Stutsman,17,0,0,46.97962541,-98.95637318,38093.0,17,17,0,0,17,16,20917,0,0,0,0,1
2020-05-21,US,North Dakota,Traill,20,0,0,47.45367788,-97.16323288,38097.0,20,20,0,0,20,2,8037,0,0,0,0,18
2020-05-21,US,North Dakota,Unassigned,0,6,0,0.0,0.0,90038.0,-6,0,6,0,-6,0,,0,0,0,0,0
2020-05-21,US,North Dakota,Walsh,11,0,0,48.36876964,-97.72574783,38099.0,11,11,0,0,11,10,10667,0,0,0,0,1
2020-05-21,US,North Dakota,Ward,53,1,0,48.22390169,-101.54367629999999,38101.0,52,29,1,0,28,28,67744,24,0,0,24,1
2020-05-21,US,North Dakota,Wells,2,0,0,47.58614526,-99.65904998,38103.0,2,2,0,0,2,2,3957,0,0,0,0,0
2020-05-21,US,North Dakota,Williams,22,0,0,48.34522353,-103.4793387,38105.0,22,22,0,0,22,21,35350,0,0,0,0,1
2020-05-21,US,Ohio,Adams,8,1,0,38.84541072,-83.4718964,39001.0,7,8,1,0,7,8,27724,0,0,0,0,0
2020-05-21,US,Ohio,Allen,176,31,0,40.77285242,-84.10802343,39003.0,145,172,30,0,142,171,102663,4,1,0,3,1
2020-05-21,US,Ohio,Ashland,17,0,0,40.84772277,-82.27280781,39005.0,17,17,0,0,17,15,53745,0,0,0,0,2
2020-05-21,US,Ohio,Ashtabula,263,28,0,41.70860332,-80.74830218,39007.0,235,250,28,0,222,244,97493,13,0,0,13,6
2020-05-21,US,Ohio,Athens,13,1,0,39.33425634,-82.04278644,39009.0,12,13,1,0,12,13,65818,0,0,0,0,0
2020-05-21,US,Ohio,Auglaize,55,3,0,40.55998859,-84.22421429999999,39011.0,52,57,3,0,54,55,45804,-2,0,0,-2,2
2020-05-21,US,Ohio,Belmont,362,11,0,40.01625942,-80.9924051,39013.0,351,352,11,0,341,343,67505,10,0,0,10,9
2020-05-21,US,Ohio,Brown,23,1,0,38.93416837,-83.86788395,39015.0,22,23,1,0,22,23,43602,0,0,0,0,0
2020-05-21,US,Ohio,Butler,699,23,0,39.44012838,-84.57388716,39017.0,676,671,19,0,652,639,382378,28,4,0,24,32
2020-05-21,US,Ohio,Carroll,26,2,0,40.578968599999996,-81.09178213,39019.0,24,26,2,0,24,26,27081,0,0,0,0,0
2020-05-21,US,Ohio,Champaign,25,1,0,40.13923427,-83.76875242,39021.0,24,25,1,0,24,23,38754,0,0,0,0,2
2020-05-21,US,Ohio,Clark,178,4,0,39.91592258,-83.78498252,39023.0,174,166,4,0,162,155,134585,12,0,0,12,11
2020-05-21,US,Ohio,Clermont,167,5,0,39.04847534,-84.15375786,39025.0,162,160,5,0,155,156,205466,7,0,0,7,4
2020-05-21,US,Ohio,Clinton,43,0,0,39.41485808,-83.80852286,39027.0,43,43,0,0,43,41,42057,0,0,0,0,2
2020-05-21,US,Ohio,Columbiana,467,50,0,40.76932373,-80.78094576,39029.0,417,457,47,0,410,453,102665,10,3,0,7,4
2020-05-21,US,Ohio,Coshocton,22,0,0,40.30096166,-81.91729018,39031.0,22,22,0,0,22,21,36629,0,0,0,0,1
2020-05-21,US,Ohio,Crawford,103,3,0,40.85065156,-82.91989099,39033.0,100,101,3,0,98,98,41550,2,0,0,2,3
2020-05-21,US,Ohio,Cuyahoga,3667,202,0,41.424119,-81.65918339,39035.0,3465,3512,190,0,3322,3463,1243857,155,12,0,143,49
2020-05-21,US,Ohio,Darke,142,16,0,40.13412966,-84.6194517,39037.0,126,134,16,0,118,126,51323,8,0,0,8,8
2020-05-21,US,Ohio,Defiance,30,2,0,41.32398837,-84.49076944,39039.0,28,30,1,0,29,28,38165,0,1,0,-1,2
2020-05-21,US,Ohio,Delaware,280,11,0,40.27942393,-83.00457058,39041.0,269,277,10,0,267,266,204826,3,1,0,2,11
2020-05-21,US,Ohio,Erie,131,4,0,41.36796058,-82.62904521,39043.0,127,124,4,0,120,124,74615,7,0,0,7,0
2020-05-21,US,Ohio,Fairfield,222,3,0,39.75107189,-82.63088163,39045.0,219,217,3,0,214,215,155782,5,0,0,5,2
2020-05-21,US,Ohio,Fayette,33,0,0,39.56021306,-83.4562016,39047.0,33,32,0,0,32,31,28666,1,0,0,1,1
2020-05-21,US,Ohio,Franklin,4885,205,0,39.96995815,-83.01115755,39049.0,4680,4793,200,0,4593,4706,1310300,92,5,0,87,87
2020-05-21,US,Ohio,Fulton,35,0,0,41.60213491,-84.12571393,39051.0,35,35,0,0,35,35,42276,0,0,0,0,0
2020-05-21,US,Ohio,Gallia,7,1,0,38.82708533,-82.31647569,39053.0,6,8,1,0,7,7,29979,-1,0,0,-1,1
2020-05-21,US,Ohio,Geauga,241,27,0,41.49952319,-81.17935342,39055.0,214,231,27,0,204,226,94031,10,0,0,10,5
2020-05-21,US,Ohio,Greene,86,5,0,39.69116283,-83.89032084,39057.0,81,85,5,0,80,78,167995,1,0,0,1,7
2020-05-21,US,Ohio,Guernsey,29,0,0,40.05026529,-81.49248905,39059.0,29,28,0,0,28,26,39022,1,0,0,1,2
2020-05-21,US,Ohio,Hamilton,2228,123,0,39.19673558,-84.54502924,39061.0,2105,2167,117,0,2050,2138,816684,61,6,0,55,29
2020-05-21,US,Ohio,Hancock,47,1,0,41.00250487,-83.66838948,39063.0,46,46,1,0,45,46,75930,1,0,0,1,0
2020-05-21,US,Ohio,Hardin,33,0,0,40.66015414,-83.65929931,39065.0,33,30,0,0,30,30,31480,3,0,0,3,0
2020-05-21,US,Ohio,Harrison,10,0,0,40.29380509,-81.09068544,39067.0,10,10,0,0,10,10,15174,0,0,0,0,0
2020-05-21,US,Ohio,Henry,13,0,0,41.333964200000004,-84.06830637,39069.0,13,12,0,0,12,12,27086,1,0,0,1,0
2020-05-21,US,Ohio,Highland,16,1,0,39.1839264,-83.60331456,39071.0,15,16,1,0,15,15,43058,0,0,0,0,1
2020-05-21,US,Ohio,Hocking,63,2,0,39.49537927,-82.47991446,39073.0,61,63,2,0,61,61,28385,0,0,0,0,2
2020-05-21,US,Ohio,Holmes,15,1,0,40.56163713,-81.92635677,39075.0,14,15,1,0,14,13,43892,0,0,0,0,2
2020-05-21,US,Ohio,Huron,46,1,0,41.14651175,-82.59867951,39077.0,45,44,1,0,43,43,58504,2,0,0,2,1
2020-05-21,US,Ohio,Jackson,11,0,0,39.01914254,-82.61818559999998,39079.0,11,11,0,0,11,11,32384,0,0,0,0,0
2020-05-21,US,Ohio,Jefferson,62,2,0,40.38614126,-80.76259514,39081.0,60,62,2,0,60,61,65767,0,0,0,0,1
2020-05-21,US,Ohio,Knox,23,1,0,40.39830217,-82.42027563,39083.0,22,23,1,0,22,23,61893,0,0,0,0,0
2020-05-21,US,Ohio,Lake,246,11,0,41.69710807,-81.23676539,39085.0,235,235,9,0,226,231,230514,11,2,0,9,4
2020-05-21,US,Ohio,Lawrence,27,1,0,38.59743452,-82.53466552,39087.0,26,28,1,0,27,27,59866,-1,0,0,-1,1
2020-05-21,US,Ohio,Licking,199,9,0,40.09136236,-82.48185785,39089.0,190,197,9,0,188,190,175769,2,0,0,2,7
2020-05-21,US,Ohio,Logan,32,0,0,40.38996525,-83.76784341,39091.0,32,25,0,0,25,24,45358,7,0,0,7,1
2020-05-21,US,Ohio,Lorain,624,58,0,41.29553751,-82.15083537,39093.0,566,620,58,0,562,610,309461,4,0,0,4,10
2020-05-21,US,Ohio,Lucas,2056,219,0,41.62101218,-83.65468618,39095.0,1837,2021,214,0,1807,1999,429899,35,5,0,30,22
2020-05-21,US,Ohio,Madison,105,7,0,39.89381073,-83.40178317,39097.0,98,102,7,0,95,100,44413,3,0,0,3,2
2020-05-21,US,Ohio,Mahoning,1277,162,0,41.01631101,-80.77287029,39099.0,1115,1252,160,0,1092,1247,229642,25,2,0,23,5
2020-05-21,US,Ohio,Marion,2557,18,0,40.58610662,-83.15736305,39101.0,2539,2540,18,0,2522,2524,65256,17,0,0,17,16
2020-05-21,US,Ohio,Medina,245,18,0,41.11770589,-81.89986209999998,39103.0,227,237,18,0,219,229,179146,8,0,0,8,8
2020-05-21,US,Ohio,Meigs,4,0,0,39.09224872,-82.0305041,39105.0,4,3,0,0,3,3,23106,1,0,0,1,0
2020-05-21,US,Ohio,Mercer,163,3,0,40.54043046,-84.62912742,39107.0,160,162,2,0,160,148,40959,1,1,0,0,14
2020-05-21,US,Ohio,Miami,337,30,0,40.0543329,-84.22871271,39109.0,307,337,30,0,307,332,106222,0,0,0,0,5
2020-05-21,US,Ohio,Monroe,65,4,0,39.72984936,-81.08464734,39111.0,61,59,4,0,55,56,13790,6,0,0,6,3
2020-05-21,US,Ohio,Montgomery,554,14,0,39.75394919,-84.29050975,39113.0,540,539,13,0,526,531,532331,15,1,0,14,8
2020-05-21,US,Ohio,Morgan,5,0,0,39.62081738,-81.85308173,39115.0,5,5,0,0,5,5,14604,0,0,0,0,0
2020-05-21,US,Ohio,Morrow,104,1,0,40.52363560000001,-82.7892599,39117.0,103,104,1,0,103,101,35112,0,0,0,0,3
2020-05-21,US,Ohio,Muskingum,42,0,0,39.96575964,-81.94363275,39119.0,42,40,0,0,40,38,86183,2,0,0,2,2
2020-05-21,US,Ohio,Noble,5,0,0,39.76818851,-81.45937183,39121.0,5,5,0,0,5,5,14354,0,0,0,0,0
2020-05-21,US,Ohio,Ottawa,66,4,0,41.53781826,-83.0940185,39123.0,62,64,3,0,61,64,40769,2,1,0,1,0
2020-05-21,US,Ohio,Paulding,12,0,0,41.11676341,-84.5801017,39125.0,12,12,0,0,12,11,18760,0,0,0,0,1
2020-05-21,US,Ohio,Perry,16,1,0,39.73508655,-82.23804971,39127.0,15,15,1,0,14,16,36033,1,0,0,1,-1
2020-05-21,US,Ohio,Pickaway,2031,32,0,39.64170392,-83.0243386,39129.0,1999,2029,32,0,1997,2025,58086,2,0,0,2,4
2020-05-21,US,Ohio,Pike,6,0,0,39.07634001,-83.06769584,39131.0,6,6,0,0,6,6,28067,0,0,0,0,0
2020-05-21,US,Ohio,Portage,303,55,0,41.16793482,-81.19735782,39133.0,248,298,55,0,243,297,162927,5,0,0,5,1
2020-05-21,US,Ohio,Preble,30,1,0,39.7420247,-84.64787018,39135.0,29,30,1,0,29,30,40997,0,0,0,0,0
2020-05-21,US,Ohio,Putnam,84,13,0,41.02094889,-84.1336111,39137.0,71,84,13,0,71,84,33780,0,0,0,0,0
2020-05-21,US,Ohio,Richland,170,3,0,40.77180308,-82.53799609999999,39139.0,167,166,2,0,164,165,121099,4,1,0,3,1
2020-05-21,US,Ohio,Ross,60,1,0,39.33705391,-83.06000914,39141.0,59,60,1,0,59,59,76931,0,0,0,0,1
2020-05-21,US,Ohio,Sandusky,63,9,0,41.35624126,-83.137872,39143.0,54,63,9,0,54,62,58799,0,0,0,0,1
2020-05-21,US,Ohio,Scioto,14,0,0,38.80270163,-82.98907345,39145.0,14,14,0,0,14,14,75502,0,0,0,0,0
2020-05-21,US,Ohio,Seneca,16,2,0,41.12351311,-83.12783209,39147.0,14,16,2,0,14,15,55207,0,0,0,0,1
2020-05-21,US,Ohio,Shelby,35,2,0,40.33163494,-84.20258189,39149.0,33,35,2,0,33,34,48627,0,0,0,0,1
2020-05-21,US,Ohio,Stark,642,79,0,40.81482476,-81.36437305,39151.0,563,620,79,0,541,610,371574,22,0,0,22,10
2020-05-21,US,Ohio,Summit,1141,139,0,41.12464734,-81.53123079,39153.0,1002,1077,131,0,946,1042,541918,64,8,0,56,35
2020-05-21,US,Ohio,Trumbull,499,40,0,41.31735028,-80.76109643,39155.0,459,478,39,0,439,469,198627,21,1,0,20,9
2020-05-21,US,Ohio,Tuscarawas,293,2,0,40.44214695,-81.47226262,39157.0,291,281,1,0,280,272,92176,12,1,0,11,9
2020-05-21,US,Ohio,Union,40,0,0,40.30016061,-83.37239023,39159.0,40,37,0,0,37,36,57835,3,0,0,3,1
2020-05-21,US,Ohio,Van Wert,5,0,0,40.8554138,-84.59111700000003,39161.0,5,4,0,0,4,5,28281,1,0,0,1,-1
2020-05-21,US,Ohio,Vinton,17,0,0,39.25208988,-82.4831444,39163.0,17,16,0,0,16,16,13139,1,0,0,1,0
2020-05-21,US,Ohio,Warren,309,15,0,39.42581994,-84.16557457,39165.0,294,292,15,0,277,285,232173,17,0,0,17,7
2020-05-21,US,Ohio,Washington,116,17,0,39.45690571,-81.49121382,39167.0,99,116,17,0,99,116,60155,0,0,0,0,0
2020-05-21,US,Ohio,Wayne,211,49,0,40.82925852,-81.88844833,39169.0,162,209,49,0,160,206,115967,2,0,0,2,3
2020-05-21,US,Ohio,Williams,47,1,0,41.56052014,-84.58429552,39171.0,46,48,1,0,47,47,36804,-1,0,0,-1,1
2020-05-21,US,Ohio,Wood,259,43,0,41.36224827,-83.62285108,39173.0,216,254,43,0,211,257,130696,5,0,0,5,-3
2020-05-21,US,Ohio,Wyandot,33,2,0,40.84339621,-83.30734173,39175.0,31,33,2,0,31,31,21935,0,0,0,0,2
2020-05-21,US,Oklahoma,Adair,78,3,0,35.88494195,-94.65859267,40001.0,75,78,3,0,75,77,22082,0,0,0,0,1
2020-05-21,US,Oklahoma,Alfalfa,1,0,0,36.73090616,-98.32408495,40003.0,1,1,0,0,1,1,5754,0,0,0,0,0
2020-05-21,US,Oklahoma,Atoka,1,0,0,34.37366573,-96.03802487,40005.0,1,1,0,0,1,1,13838,0,0,0,0,0
2020-05-21,US,Oklahoma,Beaver,24,0,0,36.7496847,-100.4758872,40007.0,24,23,0,0,23,23,5319,1,0,0,1,0
2020-05-21,US,Oklahoma,Beckham,6,0,0,35.26862449,-99.68128023,40009.0,6,6,0,0,6,6,21709,0,0,0,0,0
2020-05-21,US,Oklahoma,Blaine,4,0,0,35.87518314,-98.43307003,40011.0,4,3,0,0,3,3,9485,1,0,0,1,0
2020-05-21,US,Oklahoma,Bryan,19,1,0,33.96472458,-96.25903472,40013.0,18,19,1,0,18,19,47192,0,0,0,0,0
2020-05-21,US,Oklahoma,Caddo,132,10,0,35.17364557,-98.37534464,40015.0,122,126,10,0,116,122,28977,6,0,0,6,4
2020-05-21,US,Oklahoma,Canadian,122,3,0,35.5426055,-97.98465569,40017.0,119,120,3,0,117,120,144447,2,0,0,2,0
2020-05-21,US,Oklahoma,Carter,16,1,0,34.25103751,-97.28552485,40019.0,15,15,1,0,14,15,48177,1,0,0,1,0
2020-05-21,US,Oklahoma,Cherokee,28,1,0,35.90692775,-94.99980896,40021.0,27,29,1,0,28,29,48675,-1,0,0,-1,0
2020-05-21,US,Oklahoma,Choctaw,12,0,0,34.02807439,-95.54771129,40023.0,12,12,0,0,12,6,14668,0,0,0,0,6
2020-05-21,US,Oklahoma,Cimarron,1,0,0,36.74817177,-102.5173885,40025.0,1,1,0,0,1,1,2153,0,0,0,0,0
2020-05-21,US,Oklahoma,Cleveland,482,37,0,35.20413532,-97.32519562,40027.0,445,472,37,0,435,470,281669,10,0,0,10,2
2020-05-21,US,Oklahoma,Coal,1,0,0,34.58840127,-96.29798747,40029.0,1,1,0,0,1,,5520,0,0,0,0,
2020-05-21,US,Oklahoma,Comanche,235,3,0,34.65973764,-98.47195055,40031.0,232,229,3,0,226,229,120422,6,0,0,6,0
2020-05-21,US,Oklahoma,Cotton,5,2,0,34.28845626,-98.37053567,40033.0,3,5,2,0,3,5,5776,0,0,0,0,0
2020-05-21,US,Oklahoma,Craig,15,0,0,36.76268118,-95.20916602,40035.0,15,15,0,0,15,15,14306,0,0,0,0,0
2020-05-21,US,Oklahoma,Creek,87,7,0,35.90230551,-96.37086028,40037.0,80,85,7,0,78,85,71604,2,0,0,2,0
2020-05-21,US,Oklahoma,Custer,12,0,0,35.63853802,-99.00170785,40039.0,12,12,0,0,12,12,29036,0,0,0,0,0
2020-05-21,US,Oklahoma,Delaware,97,16,0,36.40823634,-94.80325046,40041.0,81,96,16,0,80,96,42733,1,0,0,1,0
2020-05-21,US,Oklahoma,Dewey,3,0,0,35.98772922,-99.00730714,40043.0,3,2,0,0,2,2,4894,1,0,0,1,0
2020-05-21,US,Oklahoma,Garfield,24,1,0,36.3791334,-97.78265517,40047.0,23,24,1,0,23,23,60913,0,0,0,0,1
2020-05-21,US,Oklahoma,Garvin,15,1,0,34.70418038,-97.30811132,40049.0,14,15,1,0,14,15,27811,0,0,0,0,0
2020-05-21,US,Oklahoma,Grady,71,2,0,35.0167709,-97.88339847,40051.0,69,68,2,0,66,65,55551,3,0,0,3,3
2020-05-21,US,Oklahoma,Grant,2,0,0,36.796296999999996,-97.78638765,40053.0,2,2,0,0,2,2,4326,0,0,0,0,0
2020-05-21,US,Oklahoma,Greer,66,7,0,34.93535801,-99.56056120000001,40055.0,59,66,7,0,59,66,5821,0,0,0,0,0
2020-05-21,US,Oklahoma,Harper,1,0,0,36.78836519,-99.6679804,40059.0,1,1,0,0,1,1,3797,0,0,0,0,0
2020-05-21,US,Oklahoma,Haskell,6,0,0,35.22257600000001,-95.11513306,40061.0,6,6,0,0,6,5,12668,0,0,0,0,1
2020-05-21,US,Oklahoma,Jackson,21,1,0,34.58781741,-99.41138784,40065.0,20,21,1,0,20,21,24949,0,0,0,0,0
2020-05-21,US,Oklahoma,Jefferson,3,0,0,34.11130184,-97.83182974,40067.0,3,3,0,0,3,3,6123,0,0,0,0,0
2020-05-21,US,Oklahoma,Johnston,3,0,0,34.31440473,-96.66011537,40069.0,3,3,0,0,3,3,10949,0,0,0,0,0
2020-05-21,US,Oklahoma,Kay,51,7,0,36.81799745,-97.14421435,40071.0,44,50,7,0,43,50,44161,1,0,0,1,0
2020-05-21,US,Oklahoma,Kingfisher,10,0,0,35.94530008,-97.94193268,40073.0,10,10,0,0,10,10,15816,0,0,0,0,0
2020-05-21,US,Oklahoma,Kiowa,6,0,0,34.91671958,-98.97720696,40075.0,6,6,0,0,6,6,8729,0,0,0,0,0
2020-05-21,US,Oklahoma,Latimer,5,1,0,34.87844729,-95.25215049,40077.0,4,5,1,0,4,6,10231,0,0,0,0,-1
2020-05-21,US,Oklahoma,Le Flore,13,1,0,34.89851864,-94.70392124,40079.0,12,13,1,0,12,13,49980,0,0,0,0,0
2020-05-21,US,Oklahoma,Lincoln,21,2,0,35.70270942,-96.8812462,40081.0,19,19,2,0,17,19,34920,2,0,0,2,0
2020-05-21,US,Oklahoma,Logan,18,1,0,35.91899576,-97.44352845,40083.0,17,18,1,0,17,18,47291,0,0,0,0,0
2020-05-21,US,Oklahoma,Love,4,0,0,33.95273467,-97.23906784,40085.0,4,4,0,0,4,4,10134,0,0,0,0,0
2020-05-21,US,Oklahoma,Major,6,1,0,36.31149996,-98.53467076,40093.0,5,6,1,0,5,6,7644,0,0,0,0,0
2020-05-21,US,Oklahoma,Marshall,7,0,0,34.02311222,-96.76855464,40095.0,7,6,0,0,6,6,16806,1,0,0,1,0
2020-05-21,US,Oklahoma,Mayes,28,4,0,36.30179091,-95.23175116,40097.0,24,28,4,0,24,28,41107,0,0,0,0,0
2020-05-21,US,Oklahoma,McClain,95,2,0,35.01123903,-97.44572302,40087.0,93,95,2,0,93,95,39985,0,0,0,0,0
2020-05-21,US,Oklahoma,McCurtain,13,0,0,34.11664328,-94.77222373,40089.0,13,13,0,0,13,12,32703,0,0,0,0,1
2020-05-21,US,Oklahoma,McIntosh,11,1,0,35.37235506,-95.66599306,40091.0,10,10,1,0,9,10,19815,1,0,0,1,0
2020-05-21,US,Oklahoma,Murray,2,0,0,34.48116015,-97.06826283,40099.0,2,2,0,0,2,2,13953,0,0,0,0,0
2020-05-21,US,Oklahoma,Muskogee,32,6,0,35.61318461,-95.37802952,40101.0,26,30,6,0,24,30,68362,2,0,0,2,0
2020-05-21,US,Oklahoma,Noble,7,0,0,36.38953329,-97.22928674,40103.0,7,7,0,0,7,7,11289,0,0,0,0,0
2020-05-21,US,Oklahoma,Nowata,23,0,0,36.79843529,-95.61902331,40105.0,23,23,0,0,23,23,10218,0,0,0,0,0
2020-05-21,US,Oklahoma,Okfuskee,3,0,0,35.46485198,-96.32639984,40107.0,3,2,0,0,2,2,12098,1,0,0,1,0
2020-05-21,US,Oklahoma,Oklahoma,1109,54,0,35.55140095,-97.40716948,40109.0,1055,1093,51,0,1042,1087,792582,16,3,0,13,6
2020-05-21,US,Oklahoma,Okmulgee,21,0,0,35.64661916,-95.96432828,40111.0,21,18,0,0,18,18,38335,3,0,0,3,0
2020-05-21,US,Oklahoma,Osage,92,8,0,36.62888819,-96.39635704,40113.0,84,92,8,0,84,92,47014,0,0,0,0,0
2020-05-21,US,Oklahoma,Ottawa,35,2,0,36.83532655,-94.81011909,40115.0,33,35,2,0,33,35,31175,0,0,0,0,0
2020-05-21,US,Oklahoma,Pawnee,29,2,0,36.31743373,-96.70331759999999,40117.0,27,29,2,0,27,29,16390,0,0,0,0,0
2020-05-21,US,Oklahoma,Payne,45,1,0,36.07695283,-96.97584944,40119.0,44,45,1,0,44,45,82040,0,0,0,0,0
2020-05-21,US,Oklahoma,Pittsburg,40,3,0,34.92065823,-95.75134320000001,40121.0,37,39,3,0,36,39,43877,1,0,0,1,0
2020-05-21,US,Oklahoma,Pontotoc,11,2,0,34.72959848,-96.68337199,40123.0,9,11,2,0,9,11,38247,0,0,0,0,0
2020-05-21,US,Oklahoma,Pottawatomie,56,4,0,35.20614018,-96.94923008,40125.0,52,56,4,0,52,57,72679,0,0,0,0,-1
2020-05-21,US,Oklahoma,Pushmataha,2,0,0,34.41635232,-95.37603505,40127.0,2,2,0,0,2,1,11179,0,0,0,0,1
2020-05-21,US,Oklahoma,Rogers,73,5,0,36.37004357,-95.60406759,40131.0,68,72,5,0,67,72,91984,1,0,0,1,0
2020-05-21,US,Oklahoma,Seminole,21,2,0,35.16478725,-96.61686741,40133.0,19,21,2,0,19,21,24578,0,0,0,0,0
2020-05-21,US,Oklahoma,Sequoyah,14,3,0,35.49447108,-94.75463785,40135.0,11,14,3,0,11,14,41179,0,0,0,0,0
2020-05-21,US,Oklahoma,Stephens,36,1,0,34.48556989,-97.85141892,40137.0,35,25,1,0,24,26,43265,11,0,0,11,-1
2020-05-21,US,Oklahoma,Texas,820,4,0,36.74777635,-101.4889765,40139.0,816,791,4,0,787,784,20455,29,0,0,29,7
2020-05-21,US,Oklahoma,Tillman,22,1,0,34.37288446,-98.92426619,40141.0,21,22,1,0,21,22,7348,0,0,0,0,0
2020-05-21,US,Oklahoma,Tulsa,852,40,0,36.11939621,-95.94013939,40143.0,812,814,39,0,775,802,648360,38,1,0,37,12
2020-05-21,US,Oklahoma,Wagoner,140,17,0,35.96024096,-95.51911308,40145.0,123,137,17,0,120,137,80110,3,0,0,3,0
2020-05-21,US,Oklahoma,Washington,307,33,0,36.71380786,-95.90514104,40147.0,274,304,32,0,272,304,51843,3,1,0,2,0
2020-05-21,US,Oklahoma,Washita,1,0,0,35.29071824,-98.99180434,40149.0,1,1,0,0,1,1,11127,0,0,0,0,0
2020-05-21,US,Oklahoma,Woods,3,0,0,36.76705782,-98.86573064,40151.0,3,3,0,0,3,3,8897,0,0,0,0,0
2020-05-21,US,Oklahoma,Woodward,3,0,0,36.42316318,-99.26283045,40153.0,3,1,0,0,1,1,20222,2,0,0,2,0
2020-05-21,US,Oregon,Baker,1,0,0,44.70915557,-117.6749883,41001.0,1,1,0,0,1,1,16006,0,0,0,0,0
2020-05-21,US,Oregon,Benton,55,5,0,44.49167306,-123.4316987,41003.0,50,55,5,0,50,54,92101,0,0,0,0,1
2020-05-21,US,Oregon,Clackamas,284,9,0,45.18787398,-122.2179634,41005.0,275,284,9,0,275,284,416075,0,0,0,0,0
2020-05-21,US,Oregon,Clatsop,42,0,0,45.99712889,-123.660711,41007.0,42,42,0,0,42,38,39764,0,0,0,0,4
2020-05-21,US,Oregon,Columbia,16,0,0,45.94464254,-123.08908980000001,41009.0,16,16,0,0,16,16,52377,0,0,0,0,0
2020-05-21,US,Oregon,Coos,31,0,0,43.17406868,-124.0594514,41011.0,31,30,0,0,30,30,64389,1,0,0,1,0
2020-05-21,US,Oregon,Crook,1,0,0,44.14230227,-120.356297,41013.0,1,1,0,0,1,1,23867,0,0,0,0,0
2020-05-21,US,Oregon,Curry,5,0,0,42.45911325,-124.15728200000001,41015.0,5,5,0,0,5,5,22813,0,0,0,0,0
2020-05-21,US,Oregon,Deschutes,117,0,0,43.91570171,-121.2289121,41017.0,117,116,0,0,116,107,191996,1,0,0,1,9
2020-05-21,US,Oregon,Douglas,25,0,0,43.27941273,-123.16729099999999,41019.0,25,25,0,0,25,25,110283,0,0,0,0,0
2020-05-21,US,Oregon,Grant,1,0,0,44.49024544,-119.0068631,41023.0,1,1,0,0,1,1,7176,0,0,0,0,0
2020-05-21,US,Oregon,Harney,1,0,0,43.06422669,-118.96663059999999,41025.0,1,1,0,0,1,1,7329,0,0,0,0,0
2020-05-21,US,Oregon,Hood River,12,0,0,45.51872811,-121.65520359999998,41027.0,12,14,0,0,14,14,23428,-2,0,0,-2,0
2020-05-21,US,Oregon,Jackson,52,0,0,42.43201126,-122.72893090000001,41029.0,52,52,0,0,52,52,219564,0,0,0,0,0
2020-05-21,US,Oregon,Jefferson,25,0,0,44.62806839,-121.17832,41031.0,25,24,0,0,24,24,24192,1,0,0,1,0
2020-05-21,US,Oregon,Josephine,25,1,0,42.3665549,-123.5561938,41033.0,24,27,1,0,26,25,87393,-2,0,0,-2,2
2020-05-21,US,Oregon,Klamath,41,0,0,42.68762984,-121.64964609999998,41035.0,41,41,0,0,41,41,67653,0,0,0,0,0
2020-05-21,US,Oregon,Lane,66,2,0,43.93727035,-122.847753,41039.0,64,66,2,0,64,65,379611,0,0,0,0,1
2020-05-21,US,Oregon,Lincoln,8,0,0,44.64252874,-123.86991200000001,41041.0,8,8,0,0,8,8,49388,0,0,0,0,0
2020-05-21,US,Oregon,Linn,110,9,0,44.48899494,-122.53731540000001,41043.0,101,110,9,0,101,109,127335,0,0,0,0,1
2020-05-21,US,Oregon,Malheur,24,0,0,43.1937027,-117.62273950000001,41045.0,24,21,0,0,21,21,30725,3,0,0,3,0
2020-05-21,US,Oregon,Marion,882,24,0,44.90287942,-122.58151170000001,41047.0,858,879,24,0,855,855,346868,3,0,0,3,24
2020-05-21,US,Oregon,Morrow,12,0,0,45.41846568,-119.584546,41049.0,12,12,0,0,12,12,11372,0,0,0,0,0
2020-05-21,US,Oregon,Multnomah,1026,57,0,45.54747959,-122.4169351,41051.0,969,1018,57,0,961,1005,811880,8,0,0,8,13
2020-05-21,US,Oregon,Polk,94,10,0,44.90322804,-123.4128888,41053.0,84,94,9,0,85,93,85234,0,1,0,-1,1
2020-05-21,US,Oregon,Sherman,1,0,0,45.41501554,-120.6827834,41055.0,1,1,0,0,1,1,1708,0,0,0,0,0
2020-05-21,US,Oregon,Tillamook,6,0,0,45.46248721,-123.712066,41057.0,6,6,0,0,6,6,26787,0,0,0,0,0
2020-05-21,US,Oregon,Umatilla,107,3,0,45.59073056,-118.7353826,41059.0,104,105,3,0,102,101,77516,2,0,0,2,4
2020-05-21,US,Oregon,Union,6,0,0,45.30915495,-118.0068979,41061.0,6,6,0,0,6,6,26461,0,0,0,0,0
2020-05-21,US,Oregon,Wallowa,1,0,0,45.57894064,-117.18353799999998,41063.0,1,1,0,0,1,1,7081,0,0,0,0,0
2020-05-21,US,Oregon,Wasco,18,1,0,45.16292781,-121.16709540000001,41065.0,17,18,1,0,17,18,26505,0,0,0,0,0
2020-05-21,US,Oregon,Washington,659,17,0,45.55972701,-123.0955257,41067.0,642,658,17,0,641,644,597695,1,0,0,1,14
2020-05-21,US,Oregon,Yamhill,63,7,0,45.23330449,-123.3086963,41071.0,56,63,7,0,56,62,107002,0,0,0,0,1
2020-05-21,US,Pennsylvania,Adams,204,5,0,39.87140411,-77.21610347,42001.0,199,197,5,0,192,194,102811,7,0,0,7,3
2020-05-21,US,Pennsylvania,Allegheny,1718,148,0,40.46809875,-79.98167747,42003.0,1570,1687,147,0,1540,1658,1218452,31,1,0,30,29
2020-05-21,US,Pennsylvania,Armstrong,58,2,0,40.81665618,-79.46290811,42005.0,56,58,2,0,56,58,65263,0,0,0,0,0
2020-05-21,US,Pennsylvania,Beaver,539,71,0,40.6825484,-80.34921611,42007.0,468,539,70,0,469,534,164742,0,1,0,-1,5
2020-05-21,US,Pennsylvania,Bedford,36,2,0,40.00522157,-78.48998442,42009.0,34,32,2,0,30,32,48176,4,0,0,4,0
2020-05-21,US,Pennsylvania,Berks,3784,279,0,40.41570541,-75.92457766,42011.0,3505,3763,273,0,3490,3735,420152,21,6,0,15,28
2020-05-21,US,Pennsylvania,Blair,44,1,0,40.47961444,-78.34917412,42013.0,43,39,1,0,38,38,122492,5,0,0,5,1
2020-05-21,US,Pennsylvania,Bradford,43,3,0,41.78869215,-76.51570822,42015.0,40,41,3,0,38,41,60833,2,0,0,2,0
2020-05-21,US,Pennsylvania,Bucks,4726,442,0,40.33682119,-75.10836643,42017.0,4284,4662,431,0,4231,4573,628195,64,11,0,53,89
2020-05-21,US,Pennsylvania,Butler,209,12,0,40.91152759,-79.91351055,42019.0,197,208,12,0,196,206,187888,1,0,0,1,2
2020-05-21,US,Pennsylvania,Cambria,55,2,0,40.49527404,-78.71377428,42021.0,53,54,2,0,52,54,131730,1,0,0,1,0
2020-05-21,US,Pennsylvania,Cameron,2,0,0,41.43625568,-78.20376845,42023.0,2,2,0,0,2,2,4492,0,0,0,0,0
2020-05-21,US,Pennsylvania,Carbon,221,22,0,40.91545395,-75.7068525,42025.0,199,219,22,0,197,214,64227,2,0,0,2,5
2020-05-21,US,Pennsylvania,Centre,136,5,0,40.92058903,-77.82200624,42027.0,131,133,5,0,128,132,162805,3,0,0,3,1
2020-05-21,US,Pennsylvania,Chester,2267,238,0,39.97291773,-75.74768357,42029.0,2029,2217,235,0,1982,2199,522046,50,3,0,47,18
2020-05-21,US,Pennsylvania,Clarion,25,2,0,41.19265812,-79.42413524,42031.0,23,25,2,0,23,24,38779,0,0,0,0,1
2020-05-21,US,Pennsylvania,Clearfield,33,0,0,41.00110782,-78.47592663,42033.0,33,33,0,0,33,33,79388,0,0,0,0,0
2020-05-21,US,Pennsylvania,Clinton,48,0,0,41.23255967,-77.63785995,42035.0,48,45,0,0,45,45,38684,3,0,0,3,0
2020-05-21,US,Pennsylvania,Columbia,342,29,0,41.04821986,-76.40565017,42037.0,313,340,29,0,311,337,65456,2,0,0,2,3
2020-05-21,US,Pennsylvania,Crawford,21,0,0,41.68447709,-80.10760592,42039.0,21,21,0,0,21,21,85063,0,0,0,0,0
2020-05-21,US,Pennsylvania,Cumberland,565,43,0,40.1625372,-77.26130755,42041.0,522,545,43,0,502,540,251423,20,0,0,20,5
2020-05-21,US,Pennsylvania,Dauphin,1034,52,0,40.41377078,-76.77993242,42043.0,982,1012,51,0,961,989,277097,22,1,0,21,23
2020-05-21,US,Pennsylvania,Delaware,5969,481,0,39.91680171,-75.40243663,42045.0,5488,5844,472,0,5372,5754,564751,125,9,0,116,90
2020-05-21,US,Pennsylvania,Elk,6,0,0,41.42822061,-78.64524744,42047.0,6,6,0,0,6,6,30169,0,0,0,0,0
2020-05-21,US,Pennsylvania,Erie,177,4,0,41.99253829,-80.03301954,42049.0,173,163,4,0,159,147,272061,14,0,0,14,16
2020-05-21,US,Pennsylvania,Fayette,93,4,0,39.92041012,-79.64291195,42051.0,89,93,4,0,89,92,130441,0,0,0,0,1
2020-05-21,US,Pennsylvania,Forest,7,0,0,41.51095103,-79.23229292,42053.0,7,7,0,0,7,7,7279,0,0,0,0,0
2020-05-21,US,Pennsylvania,Franklin,677,28,0,39.92956518,-77.72157791,42055.0,649,662,27,0,635,644,154835,15,1,0,14,18
2020-05-21,US,Pennsylvania,Fulton,14,1,0,39.92913544,-78.11163677,42057.0,13,13,1,0,12,12,14523,1,0,0,1,1
2020-05-21,US,Pennsylvania,Greene,27,0,0,39.85746531,-80.22357106,42059.0,27,27,0,0,27,27,36506,0,0,0,0,0
2020-05-21,US,Pennsylvania,Huntingdon,221,1,0,40.42162652,-77.97673273,42061.0,220,215,1,0,214,214,45168,6,0,0,6,1
2020-05-21,US,Pennsylvania,Indiana,88,4,0,40.65241041,-79.08963285,42063.0,84,86,4,0,82,86,84501,2,0,0,2,0
2020-05-21,US,Pennsylvania,Jefferson,7,0,0,41.12913106,-78.9986361,42065.0,7,7,0,0,7,7,43641,0,0,0,0,0
2020-05-21,US,Pennsylvania,Juniata,94,3,0,40.53358749,-77.39975129999998,42067.0,91,94,2,0,92,94,24704,0,1,0,-1,0
2020-05-21,US,Pennsylvania,Lackawanna,1432,137,0,41.43564672,-75.60379201,42069.0,1295,1400,132,0,1268,1374,210793,32,5,0,27,26
2020-05-21,US,Pennsylvania,Lancaster,2690,269,0,40.03904563,-76.24770128,42071.0,2421,2599,266,0,2333,2593,543557,91,3,0,88,6
2020-05-21,US,Pennsylvania,Lawrence,73,8,0,40.99206278,-80.33393706,42073.0,65,73,8,0,65,73,86184,0,0,0,0,0
2020-05-21,US,Pennsylvania,Lebanon,887,24,0,40.36680311,-76.45651841,42075.0,863,885,24,0,861,880,141314,2,0,0,2,5
2020-05-21,US,Pennsylvania,Lehigh,3586,192,0,40.6154815,-75.59435245,42077.0,3394,3550,188,0,3362,3513,368100,36,4,0,32,37
2020-05-21,US,Pennsylvania,Luzerne,2594,130,0,41.17823008,-75.98447579,42079.0,2464,2572,128,0,2444,2554,317646,22,2,0,20,18
2020-05-21,US,Pennsylvania,Lycoming,152,10,0,41.34310539,-77.06629984,42081.0,142,152,9,0,143,149,113664,0,1,0,-1,3
2020-05-21,US,Pennsylvania,McKean,11,1,0,41.80938602,-78.56478358,42083.0,10,11,1,0,10,11,40968,0,0,0,0,0
2020-05-21,US,Pennsylvania,Mercer,97,4,0,41.30248872,-80.25816981,42085.0,93,96,4,0,92,96,110683,1,0,0,1,0
2020-05-21,US,Pennsylvania,Mifflin,57,1,0,40.61116939,-77.61070738,42087.0,56,57,1,0,56,57,46222,0,0,0,0,0
2020-05-21,US,Pennsylvania,Monroe,1291,95,0,41.05934058,-75.34031025,42089.0,1196,1278,93,0,1185,1267,169507,13,2,0,11,11
2020-05-21,US,Pennsylvania,Montgomery,6268,607,0,40.21053671,-75.36652296,42091.0,5661,6154,596,0,5558,6063,828604,114,11,0,103,91
2020-05-21,US,Pennsylvania,Montour,51,0,0,41.03023987,-76.66345939,42093.0,51,50,0,0,50,50,18240,1,0,0,1,0
2020-05-21,US,Pennsylvania,Northampton,2814,186,0,40.75182733,-75.30471829,42095.0,2628,2779,182,0,2597,2758,304807,35,4,0,31,21
2020-05-21,US,Pennsylvania,Northumberland,150,2,0,40.84785433,-76.70798222,42097.0,148,150,2,0,148,145,91083,0,0,0,0,5
2020-05-21,US,Pennsylvania,Perry,43,1,0,40.40206612,-77.26297447,42099.0,42,42,1,0,41,41,46139,1,0,0,1,1
2020-05-21,US,Pennsylvania,Philadelphia,20700,1178,0,40.00338507,-75.1379271,42101.0,19522,20359,1152,0,19207,20132,1584138,341,26,0,315,227
2020-05-21,US,Pennsylvania,Pike,473,18,0,41.33155042,-75.03208106,42103.0,455,470,18,0,452,469,55933,3,0,0,3,1
2020-05-21,US,Pennsylvania,Potter,4,0,0,41.74471626,-77.89559864,42105.0,4,4,0,0,4,4,16622,0,0,0,0,0
2020-05-21,US,Pennsylvania,Schuylkill,548,25,0,40.70497338,-76.2150785,42107.0,523,541,21,0,520,534,142067,7,4,0,3,7
2020-05-21,US,Pennsylvania,Snyder,33,1,0,40.77129231,-77.06840691,42109.0,32,33,1,0,32,33,40540,0,0,0,0,0
2020-05-21,US,Pennsylvania,Somerset,37,0,0,39.97172723,-79.02699593,42111.0,37,37,0,0,37,36,73952,0,0,0,0,1
2020-05-21,US,Pennsylvania,Sullivan,2,0,0,41.44634738,-76.51246591,42113.0,2,2,0,0,2,2,6071,0,0,0,0,0
2020-05-21,US,Pennsylvania,Susquehanna,90,15,0,41.82147784,-75.80071959,42115.0,75,87,15,0,72,85,40589,3,0,0,3,2
2020-05-21,US,Pennsylvania,Tioga,16,2,0,41.77255149,-77.25433032,42117.0,14,16,2,0,14,16,40763,0,0,0,0,0
2020-05-21,US,Pennsylvania,Union,61,1,0,40.96188846,-77.05996014,42119.0,60,56,1,0,55,50,44785,5,0,0,5,6
2020-05-21,US,Pennsylvania,Venango,8,0,0,41.40323442,-79.75845449,42121.0,8,8,0,0,8,8,51266,0,0,0,0,0
2020-05-21,US,Pennsylvania,Warren,3,0,0,41.81304978,-79.26969577,42123.0,3,2,0,0,2,2,39498,1,0,0,1,0
2020-05-21,US,Pennsylvania,Washington,130,5,0,40.19208869,-80.24582867,42125.0,125,130,5,0,125,130,207346,0,0,0,0,0
2020-05-21,US,Pennsylvania,Wayne,112,7,0,41.64938475,-75.29956506,42127.0,105,110,7,0,103,110,51276,2,0,0,2,0
2020-05-21,US,Pennsylvania,Westmoreland,434,38,0,40.31377979999999,-79.46615476,42129.0,396,432,38,0,394,431,350611,2,0,0,2,1
2020-05-21,US,Pennsylvania,Wyoming,32,7,0,41.51955538,-76.01074915,42131.0,25,30,6,0,24,30,27046,2,1,0,1,0
2020-05-21,US,Pennsylvania,York,883,21,0,39.9210089,-76.73040131,42133.0,862,872,19,0,853,866,448273,11,2,0,9,6
2020-05-21,US,Rhode Island,Bristol,204,0,0,41.71018079,-71.28652315,44001.0,204,198,0,0,198,172,48649,6,0,0,6,26
2020-05-21,US,Rhode Island,Kent,974,0,0,41.67106337,-71.57641596,44003.0,974,958,0,0,958,883,163861,16,0,0,16,75
2020-05-21,US,Rhode Island,Newport,209,0,0,41.5642026,-71.26569799,44005.0,209,206,0,0,206,197,82542,3,0,0,3,9
2020-05-21,US,Rhode Island,Providence,10160,0,0,41.87064746,-71.57753536,44007.0,10160,9976,0,0,9976,9112,636084,184,0,0,184,864
2020-05-21,US,Rhode Island,Unassigned,1553,556,0,0.0,0.0,90044.0,997,1556,538,0,1018,2162,,-3,18,0,-21,-606
2020-05-21,US,Rhode Island,Washington,471,0,0,41.45961631,-71.61435303,44009.0,471,462,0,0,462,425,126179,9,0,0,9,37
2020-05-21,US,South Carolina,Abbeville,36,0,0,34.22333378,-82.46170658,45001.0,36,36,0,0,36,36,24541,0,0,0,0,0
2020-05-21,US,South Carolina,Aiken,161,7,0,33.54338026,-81.63645384,45003.0,154,160,7,0,153,156,169401,1,0,0,1,4
2020-05-21,US,South Carolina,Allendale,34,3,0,32.98837386,-81.35321066,45005.0,31,33,3,0,30,33,8903,1,0,0,1,0
2020-05-21,US,South Carolina,Anderson,217,8,0,34.51828081,-82.63959517,45007.0,209,213,8,0,205,211,200482,4,0,0,4,2
2020-05-21,US,South Carolina,Bamberg,20,0,0,33.21927586,-81.05659969,45009.0,20,18,0,0,18,18,14275,2,0,0,2,0
2020-05-21,US,South Carolina,Barnwell,41,1,0,33.26679302,-81.43584352,45011.0,40,41,1,0,40,41,21112,0,0,0,0,0
2020-05-21,US,South Carolina,Beaufort,306,12,0,32.39226291,-80.72619758,45013.0,294,304,12,0,292,299,188715,2,0,0,2,5
2020-05-21,US,South Carolina,Berkeley,209,15,0,33.20222596,-79.94654523,45015.0,194,205,15,0,190,203,221091,4,0,0,4,2
2020-05-21,US,South Carolina,Calhoun,9,1,0,33.66926881,-80.77722168,45017.0,8,9,1,0,8,9,14520,0,0,0,0,0
2020-05-21,US,South Carolina,Charleston,523,11,0,32.82487866,-79.96512315,45019.0,512,515,11,0,504,515,405905,8,0,0,8,0
2020-05-21,US,South Carolina,Cherokee,25,2,0,35.05122251,-81.61828622,45021.0,23,25,2,0,23,25,57078,0,0,0,0,0
2020-05-21,US,South Carolina,Chester,41,0,0,34.69249168,-81.1583216,45023.0,41,41,0,0,41,41,32251,0,0,0,0,0
2020-05-21,US,South Carolina,Chesterfield,108,1,0,34.64137396,-80.15640140000002,45025.0,107,105,1,0,104,101,45754,3,0,0,3,4
2020-05-21,US,South Carolina,Clarendon,290,36,0,33.66610974,-80.21647898,45027.0,254,290,35,0,255,293,33700,0,1,0,-1,-3
2020-05-21,US,South Carolina,Colleton,63,8,0,32.87582989,-80.67641292,45029.0,55,60,8,0,52,58,37660,3,0,0,3,2
2020-05-21,US,South Carolina,Darlington,240,6,0,34.33358335,-79.96027485,45031.0,234,232,5,0,227,227,66802,8,1,0,7,5
2020-05-21,US,South Carolina,Dillon,138,3,0,34.39007791,-79.37741872,45033.0,135,135,2,0,133,132,30599,3,1,0,2,3
2020-05-21,US,South Carolina,Dorchester,120,3,0,33.0794369,-80.40502652,45035.0,117,118,3,0,115,114,160647,2,0,0,2,4
2020-05-21,US,South Carolina,Edgefield,46,2,0,33.77221995,-81.96231108,45037.0,44,45,2,0,43,44,27052,1,0,0,1,1
2020-05-21,US,South Carolina,Fairfield,152,9,0,34.39287073,-81.1195624,45039.0,143,139,9,0,130,134,22402,13,0,0,13,5
2020-05-21,US,South Carolina,Florence,563,30,0,34.02361754,-79.70189312,45041.0,533,550,29,0,521,547,138159,13,1,0,12,3
2020-05-21,US,South Carolina,Georgetown,53,3,0,33.43443342,-79.33202141,45043.0,50,53,3,0,50,52,62249,0,0,0,0,1
2020-05-21,US,South Carolina,Greenville,1180,50,0,34.89502264,-82.37295012,45045.0,1130,1155,50,0,1105,1145,514213,25,0,0,25,10
2020-05-21,US,South Carolina,Greenwood,76,1,0,34.15272415,-82.12715789,45047.0,75,72,1,0,71,72,70741,4,0,0,4,0
2020-05-21,US,South Carolina,Hampton,30,0,0,32.77419582,-81.13845571,45049.0,30,30,0,0,30,30,19351,0,0,0,0,0
2020-05-21,US,South Carolina,Horry,333,21,0,33.9212828,-78.99555293,45051.0,312,314,20,0,294,303,344147,19,1,0,18,11
2020-05-21,US,South Carolina,Jasper,28,1,0,32.43171982,-81.02487495,45053.0,27,28,1,0,27,27,28971,0,0,0,0,1
2020-05-21,US,South Carolina,Kershaw,281,13,0,34.33988254,-80.58763164,45055.0,268,275,12,0,263,272,65592,6,1,0,5,3
2020-05-21,US,South Carolina,Lancaster,116,5,0,34.68270843,-80.70513032,45057.0,111,108,5,0,103,108,95380,8,0,0,8,0
2020-05-21,US,South Carolina,Laurens,57,3,0,34.48244419,-82.00490796,45059.0,54,57,3,0,54,57,66994,0,0,0,0,0
2020-05-21,US,South Carolina,Lee,178,13,0,34.16393091,-80.25690731,45061.0,165,175,11,0,164,174,17142,3,2,0,1,1
2020-05-21,US,South Carolina,Lexington,525,29,0,33.89665987,-81.27146426,45063.0,496,519,29,0,490,516,295032,6,0,0,6,3
2020-05-21,US,South Carolina,Marion,57,4,0,34.07859748,-79.36400756,45067.0,53,56,4,0,52,53,31039,1,0,0,1,3
2020-05-21,US,South Carolina,Marlboro,88,0,0,34.59905577,-79.67561152,45069.0,88,80,0,0,80,76,26398,8,0,0,8,4
2020-05-21,US,South Carolina,McCormick,7,1,0,33.90161443,-82.30794338,45065.0,6,7,1,0,6,7,9410,0,0,0,0,0
2020-05-21,US,South Carolina,Newberry,36,1,0,34.28629098,-81.59935761,45071.0,35,33,1,0,32,33,38520,3,0,0,3,0
2020-05-21,US,South Carolina,Oconee,41,0,0,34.75225169,-83.06742317,45073.0,41,41,0,0,41,41,78374,0,0,0,0,0
2020-05-21,US,South Carolina,Orangeburg,119,2,0,33.4391073,-80.79886287,45075.0,117,117,2,0,115,115,86934,2,0,0,2,2
2020-05-21,US,South Carolina,Pickens,104,3,0,34.88807695,-82.72791551,45077.0,101,97,3,0,94,94,124937,7,0,0,7,3
2020-05-21,US,South Carolina,Richland,1302,62,0,34.01791263,-80.90267209,45079.0,1240,1287,62,0,1225,1267,414576,15,0,0,15,20
2020-05-21,US,South Carolina,Saluda,132,0,0,34.00795823,-81.72713237,45081.0,132,127,0,0,127,123,20544,5,0,0,5,4
2020-05-21,US,South Carolina,Spartanburg,421,14,0,34.92960077,-81.99225984,45083.0,407,415,13,0,402,411,313888,6,1,0,5,4
2020-05-21,US,South Carolina,Sumter,331,17,0,33.91826534,-80.37942316,45085.0,314,324,17,0,307,323,106512,7,0,0,7,1
2020-05-21,US,South Carolina,Union,31,0,0,34.68835752,-81.61730349,45087.0,31,31,0,0,31,31,27410,0,0,0,0,0
2020-05-21,US,South Carolina,Williamsburg,189,10,0,33.62190129,-79.72767442,45089.0,179,183,10,0,173,181,30606,6,0,0,6,2
2020-05-21,US,South Carolina,York,324,5,0,34.97281497,-81.18085944,45091.0,319,317,5,0,312,308,274118,7,0,0,7,9
2020-05-21,US,South Dakota,Aurora,8,0,0,43.71757685,-98.56050467,46003.0,8,8,0,0,8,3,2801,0,0,0,0,5
2020-05-21,US,South Dakota,Beadle,68,2,0,44.41464384,-98.27858469,46005.0,66,68,2,0,66,43,18883,0,0,0,0,25
2020-05-21,US,South Dakota,Bon Homme,4,0,0,42.98914167,-97.88592746,46009.0,4,4,0,0,4,4,6980,0,0,0,0,0
2020-05-21,US,South Dakota,Brookings,14,0,0,44.36974375,-96.79079945,46011.0,14,14,0,0,14,14,35232,0,0,0,0,0
2020-05-21,US,South Dakota,Brown,211,0,0,45.58994323,-98.35165355,46013.0,211,211,0,0,211,205,39316,0,0,0,0,6
2020-05-21,US,South Dakota,Buffalo,5,0,0,44.07657829,-99.20814467,46017.0,5,5,0,0,5,3,2036,0,0,0,0,2
2020-05-21,US,South Dakota,Charles Mix,10,0,0,43.20660134,-98.58856175,46023.0,10,10,0,0,10,10,9338,0,0,0,0,0
2020-05-21,US,South Dakota,Clark,4,0,0,44.85834507,-97.72925109,46025.0,4,4,0,0,4,4,3739,0,0,0,0,0
2020-05-21,US,South Dakota,Clay,15,0,0,42.91296147,-96.97656917,46027.0,15,15,0,0,15,15,14041,0,0,0,0,0
2020-05-21,US,South Dakota,Codington,17,0,0,44.97788119,-97.18827677,46029.0,17,17,0,0,17,17,28015,0,0,0,0,0
2020-05-21,US,South Dakota,Corson,4,0,0,45.70889983,-101.1970473,46031.0,4,4,0,0,4,4,4165,0,0,0,0,0
2020-05-21,US,South Dakota,Davison,9,0,0,43.67490933,-98.14458906,46035.0,9,9,0,0,9,9,19790,0,0,0,0,0
2020-05-21,US,South Dakota,Day,11,0,0,45.367281,-97.60737498,46037.0,11,11,0,0,11,11,5505,0,0,0,0,0
2020-05-21,US,South Dakota,Deuel,1,0,0,44.75994309,-96.66943645,46039.0,1,1,0,0,1,1,4337,0,0,0,0,0
2020-05-21,US,South Dakota,Douglas,1,0,0,43.38520741,-98.36978007,46043.0,1,1,0,0,1,1,2935,0,0,0,0,0
2020-05-21,US,South Dakota,Fall River,4,0,0,43.23929297,-103.5275691,46047.0,4,4,0,0,4,3,6758,0,0,0,0,1
2020-05-21,US,South Dakota,Faulk,1,0,0,45.07082625,-99.14535601,46049.0,1,1,0,0,1,1,2330,0,0,0,0,0
2020-05-21,US,South Dakota,Grant,9,0,0,45.1723937,-96.77002276,46051.0,9,9,0,0,9,9,7147,0,0,0,0,0
2020-05-21,US,South Dakota,Hamlin,3,0,0,44.67385954,-97.18829593,46057.0,3,3,0,0,3,3,6111,0,0,0,0,0
2020-05-21,US,South Dakota,Hand,1,0,0,44.54708407,-99.00386459,46059.0,1,1,0,0,1,1,3262,0,0,0,0,0
2020-05-21,US,South Dakota,Hughes,17,0,0,44.39091534,-99.99661148,46065.0,17,17,0,0,17,17,17650,0,0,0,0,0
2020-05-21,US,South Dakota,Hutchinson,3,0,0,43.33449012,-97.75536441,46067.0,3,3,0,0,3,3,7380,0,0,0,0,0
2020-05-21,US,South Dakota,Hyde,1,0,0,44.54747703,-99.48572582,46069.0,1,1,0,0,1,1,1282,0,0,0,0,0
2020-05-21,US,South Dakota,Jerauld,10,1,0,44.06637798,-98.62965972,46073.0,9,10,1,0,9,6,2043,0,0,0,0,4
2020-05-21,US,South Dakota,Lake,5,0,0,44.02193107,-97.12926365,46079.0,5,5,0,0,5,5,13057,0,0,0,0,0
2020-05-21,US,South Dakota,Lawrence,9,0,0,44.35919441,-103.79294279999999,46081.0,9,9,0,0,9,9,25741,0,0,0,0,0
2020-05-21,US,South Dakota,Lincoln,209,0,0,43.27841182,-96.72039050000001,46083.0,209,209,0,0,209,205,58807,0,0,0,0,4
2020-05-21,US,South Dakota,Lyman,9,0,0,43.89522709,-99.85201878,46085.0,9,9,0,0,9,6,3821,0,0,0,0,3
2020-05-21,US,South Dakota,Marshall,3,0,0,45.75870838,-97.59855639,46091.0,3,3,0,0,3,3,5112,0,0,0,0,0
2020-05-21,US,South Dakota,McCook,5,1,0,43.6742571,-97.36863144,46087.0,4,5,1,0,4,5,5546,0,0,0,0,0
2020-05-21,US,South Dakota,McPherson,1,0,0,45.76626028,-99.22118798,46089.0,1,1,0,0,1,1,2407,0,0,0,0,0
2020-05-21,US,South Dakota,Meade,5,0,0,44.56676791,-102.71627409999999,46093.0,5,5,0,0,5,5,28294,0,0,0,0,0
2020-05-21,US,South Dakota,Miner,1,0,0,44.02197882,-97.60992207,46097.0,1,1,0,0,1,1,2213,0,0,0,0,0
2020-05-21,US,South Dakota,Minnehaha,3182,41,0,43.67441641,-96.7910885,46099.0,3141,3182,40,0,3142,3165,192876,0,1,0,-1,17
2020-05-21,US,South Dakota,Moody,18,0,0,44.02266214,-96.67081159,46101.0,18,18,0,0,18,18,6579,0,0,0,0,0
2020-05-21,US,South Dakota,Oglala Lakota,14,0,0,43.33749164,-102.55554980000001,46102.0,14,14,0,0,14,10,14309,0,0,0,0,4
2020-05-21,US,South Dakota,Pennington,85,3,0,44.0025835,-102.8240777,46103.0,82,85,2,0,83,74,111729,0,1,0,-1,11
2020-05-21,US,South Dakota,Roberts,20,0,0,45.62975048,-96.94672673,46109.0,20,20,0,0,20,20,10447,0,0,0,0,0
2020-05-21,US,South Dakota,Sanborn,7,0,0,44.02351092,-98.09098159999999,46111.0,7,7,0,0,7,6,2429,0,0,0,0,1
2020-05-21,US,South Dakota,Spink,4,0,0,44.93837606,-98.34626602,46115.0,4,4,0,0,4,4,6495,0,0,0,0,0
2020-05-21,US,South Dakota,Stanley,9,0,0,44.41381872,-100.7349153,46117.0,9,9,0,0,9,9,3022,0,0,0,0,0
2020-05-21,US,South Dakota,Sully,1,0,0,44.71571812,-100.1278092,46119.0,1,1,0,0,1,1,1392,0,0,0,0,0
2020-05-21,US,South Dakota,Todd,17,0,0,43.19338568,-100.71955030000001,46121.0,17,17,0,0,17,17,10283,0,0,0,0,0
2020-05-21,US,South Dakota,Tripp,2,0,0,43.34459388,-99.8854891,46123.0,2,2,0,0,2,2,5478,0,0,0,0,0
2020-05-21,US,South Dakota,Turner,22,0,0,43.3109081,-97.14865776,46125.0,22,22,0,0,22,21,8424,0,0,0,0,1
2020-05-21,US,South Dakota,Union,68,0,0,42.83112163,-96.6557828,46127.0,68,68,0,0,68,62,15619,0,0,0,0,6
2020-05-21,US,South Dakota,Walworth,5,0,0,45.43019636,-100.03075140000001,46129.0,5,5,0,0,5,5,5587,0,0,0,0,0
2020-05-21,US,South Dakota,Yankton,44,0,0,43.00924485,-97.39467635,46135.0,44,44,0,0,44,42,22869,0,0,0,0,2
2020-05-21,US,South Dakota,Ziebach,1,0,0,44.97881876,-101.6654622,46137.0,1,1,0,0,1,1,2742,0,0,0,0,0
2020-05-21,US,Tennessee,Anderson,37,1,0,36.12684348,-84.19965764,47001.0,36,37,1,0,36,37,76482,0,0,0,0,0
2020-05-21,US,Tennessee,Bedford,262,4,0,35.51123746,-86.45549096,47003.0,258,257,4,0,253,257,49038,5,0,0,5,0
2020-05-21,US,Tennessee,Benton,7,1,0,36.07110411,-88.06849355,47005.0,6,7,1,0,6,7,16184,0,0,0,0,0
2020-05-21,US,Tennessee,Bledsoe,607,1,0,35.59942968,-85.20611967,47007.0,606,607,1,0,606,607,14755,0,0,0,0,0
2020-05-21,US,Tennessee,Blount,77,3,0,35.68938198,-83.92847788,47009.0,74,76,3,0,73,76,131349,1,0,0,1,0
2020-05-21,US,Tennessee,Bradley,89,1,0,35.15739424,-84.857186,47011.0,88,84,1,0,83,84,106727,5,0,0,5,0
2020-05-21,US,Tennessee,Campbell,17,1,0,36.40355516,-84.15108559999999,47013.0,16,17,1,0,16,17,39583,0,0,0,0,0
2020-05-21,US,Tennessee,Cannon,15,0,0,35.80990797,-86.05738983,47015.0,15,13,0,0,13,13,14462,2,0,0,2,0
2020-05-21,US,Tennessee,Carroll,26,1,0,35.97366108,-88.45189331,47017.0,25,25,1,0,24,25,28020,1,0,0,1,0
2020-05-21,US,Tennessee,Carter,19,1,0,36.28969086,-82.12588974,47019.0,18,19,1,0,18,19,56351,0,0,0,0,0
2020-05-21,US,Tennessee,Cheatham,97,0,0,36.26136216,-87.08903581,47021.0,97,93,0,0,93,93,40439,4,0,0,4,0
2020-05-21,US,Tennessee,Chester,12,0,0,35.42527478,-88.6095842,47023.0,12,12,0,0,12,12,17276,0,0,0,0,0
2020-05-21,US,Tennessee,Claiborne,8,0,0,36.48319149,-83.65947309,47025.0,8,8,0,0,8,8,31756,0,0,0,0,0
2020-05-21,US,Tennessee,Clay,6,0,0,36.55151008,-85.53930419,47027.0,6,6,0,0,6,6,7717,0,0,0,0,0
2020-05-21,US,Tennessee,Cocke,20,0,0,35.9278914,-83.11828725,47029.0,20,20,0,0,20,20,35774,0,0,0,0,0
2020-05-21,US,Tennessee,Coffee,63,0,0,35.49090731,-86.07311784,47031.0,63,63,0,0,63,63,55700,0,0,0,0,0
2020-05-21,US,Tennessee,Crockett,14,1,0,35.81830662,-89.14916269,47033.0,13,14,1,0,13,14,14328,0,0,0,0,0
2020-05-21,US,Tennessee,Cumberland,96,1,0,35.95271721,-84.99840585,47035.0,95,94,1,0,93,94,59673,2,0,0,2,0
2020-05-21,US,Tennessee,Davidson,4292,48,0,36.17007426,-86.78646056,47037.0,4244,4174,46,0,4128,4174,692587,118,2,0,116,0
2020-05-21,US,Tennessee,DeKalb,32,0,0,35.97616272,-85.83689361,47041.0,32,32,0,0,32,32,20138,0,0,0,0,0
2020-05-21,US,Tennessee,Decatur,5,0,0,35.60048904,-88.11043779,47039.0,5,5,0,0,5,5,11706,0,0,0,0,0
2020-05-21,US,Tennessee,Dickson,97,0,0,36.14669837,-87.35891709,47043.0,97,93,0,0,93,93,53446,4,0,0,4,0
2020-05-21,US,Tennessee,Dyer,45,0,0,36.05931946,-89.41542855,47045.0,45,45,0,0,45,45,37320,0,0,0,0,0
2020-05-21,US,Tennessee,Fayette,98,2,0,35.19615831,-89.41399032,47047.0,96,95,2,0,93,95,40507,3,0,0,3,0
2020-05-21,US,Tennessee,Fentress,9,0,0,36.38128818,-84.92870012,47049.0,9,9,0,0,9,9,18217,0,0,0,0,0
2020-05-21,US,Tennessee,Franklin,44,1,0,35.15634626,-86.09201039,47051.0,43,43,1,0,42,43,41890,1,0,0,1,0
2020-05-21,US,Tennessee,Gibson,59,1,0,35.99438059,-88.93358327,47053.0,58,59,1,0,58,59,49045,0,0,0,0,0
2020-05-21,US,Tennessee,Giles,12,0,0,35.20222469,-87.03992678,47055.0,12,12,0,0,12,12,29503,0,0,0,0,0
2020-05-21,US,Tennessee,Grainger,6,0,0,36.27469206,-83.51254721,47057.0,6,6,0,0,6,6,23145,0,0,0,0,0
2020-05-21,US,Tennessee,Greene,46,2,0,36.17470125,-82.84691273,47059.0,44,46,2,0,44,46,69087,0,0,0,0,0
2020-05-21,US,Tennessee,Grundy,31,1,0,35.38433717,-85.72142731,47061.0,30,31,1,0,30,31,13346,0,0,0,0,0
2020-05-21,US,Tennessee,Hamblen,24,2,0,36.21990035,-83.26586179,47063.0,22,24,2,0,22,24,64569,0,0,0,0,0
2020-05-21,US,Tennessee,Hamilton,425,13,0,35.17670231,-85.16652245,47065.0,412,377,13,0,364,377,364286,48,0,0,48,0
2020-05-21,US,Tennessee,Hancock,1,0,0,36.52692871,-83.22375847,47067.0,1,1,0,0,1,1,6549,0,0,0,0,0
2020-05-21,US,Tennessee,Hardeman,184,0,0,35.20772017,-88.99161161,47069.0,184,183,0,0,183,183,25220,1,0,0,1,0
2020-05-21,US,Tennessee,Hardin,10,2,0,35.19732531,-88.18593755,47071.0,8,10,1,0,9,10,25776,0,1,0,-1,0
2020-05-21,US,Tennessee,Hawkins,31,2,0,36.44355426,-82.94885298,47073.0,29,31,2,0,29,31,56530,0,0,0,0,0
2020-05-21,US,Tennessee,Haywood,29,1,0,35.58332824,-89.28536625,47075.0,28,29,1,0,28,29,17335,0,0,0,0,0
2020-05-21,US,Tennessee,Henderson,12,0,0,35.65581134,-88.38600175,47077.0,12,12,0,0,12,12,27847,0,0,0,0,0
2020-05-21,US,Tennessee,Henry,28,0,0,36.33160906,-88.30121797,47079.0,28,20,0,0,20,20,32358,8,0,0,8,0
2020-05-21,US,Tennessee,Hickman,52,0,0,35.80609681,-87.47643507,47081.0,52,52,0,0,52,52,25063,0,0,0,0,0
2020-05-21,US,Tennessee,Houston,7,0,0,36.28872054,-87.71878828,47083.0,7,7,0,0,7,7,8263,0,0,0,0,0
2020-05-21,US,Tennessee,Humphreys,12,1,0,36.03958805,-87.77992872,47085.0,11,12,1,0,11,12,18486,0,0,0,0,0
2020-05-21,US,Tennessee,Jackson,13,0,0,36.36380466,-85.67239905,47087.0,13,13,0,0,13,13,11758,0,0,0,0,0
2020-05-21,US,Tennessee,Jefferson,27,0,0,36.04818632,-83.45148924,47089.0,27,26,0,0,26,26,54012,1,0,0,1,0
2020-05-21,US,Tennessee,Johnson,15,0,0,36.45523950000001,-81.84886538,47091.0,15,15,0,0,15,15,17778,0,0,0,0,0
2020-05-21,US,Tennessee,Knox,321,5,0,35.99508821,-83.94635435,47093.0,316,313,5,0,308,313,465289,8,0,0,8,0
2020-05-21,US,Tennessee,Lake,403,0,0,36.34180170000001,-89.48921915,47095.0,403,403,0,0,403,403,7411,0,0,0,0,0
2020-05-21,US,Tennessee,Lauderdale,51,1,0,35.75893438,-89.63015909999999,47097.0,50,48,1,0,47,48,25825,3,0,0,3,0
2020-05-21,US,Tennessee,Lawrence,22,0,0,35.21675201,-87.39787695,47099.0,22,21,0,0,21,21,43734,1,0,0,1,0
2020-05-21,US,Tennessee,Lewis,2,0,0,35.52853208,-87.49022694,47101.0,2,2,0,0,2,2,12086,0,0,0,0,0
2020-05-21,US,Tennessee,Lincoln,22,0,0,35.13738622,-86.58910106,47103.0,22,17,0,0,17,17,34117,5,0,0,5,0
2020-05-21,US,Tennessee,Loudon,110,0,0,35.73939663,-84.31145275,47105.0,110,97,0,0,97,97,53054,13,0,0,13,0
2020-05-21,US,Tennessee,Macon,93,3,0,36.53157855,-86.00778595,47111.0,90,93,3,0,90,93,24265,0,0,0,0,0
2020-05-21,US,Tennessee,Madison,162,2,0,35.61181957,-88.84076036,47113.0,160,162,2,0,160,162,97605,0,0,0,0,0
2020-05-21,US,Tennessee,Marion,35,1,0,35.12997174,-85.62265895,47115.0,34,34,1,0,33,34,28575,1,0,0,1,0
2020-05-21,US,Tennessee,Marshall,27,1,0,35.45798777,-86.76420988,47117.0,26,26,1,0,25,26,33683,1,0,0,1,0
2020-05-21,US,Tennessee,Maury,74,0,0,35.618741299999996,-87.07462444,47119.0,74,71,0,0,71,71,94340,3,0,0,3,0
2020-05-21,US,Tennessee,McMinn,124,12,0,35.42812616,-84.61520715,47107.0,112,125,12,0,113,125,53285,-1,0,0,-1,0
2020-05-21,US,Tennessee,McNairy,12,0,0,35.17468549,-88.5647812,47109.0,12,12,0,0,12,12,25832,0,0,0,0,0
2020-05-21,US,Tennessee,Meigs,22,0,0,35.51558739,-84.81482914,47121.0,22,22,0,0,22,22,12306,0,0,0,0,0
2020-05-21,US,Tennessee,Monroe,55,2,0,35.44550387,-84.24902965,47123.0,53,51,2,0,49,51,46357,4,0,0,4,0
2020-05-21,US,Tennessee,Montgomery,217,2,0,36.49609412,-87.38550661,47125.0,215,216,2,0,214,216,205950,1,0,0,1,0
2020-05-21,US,Tennessee,Moore,3,0,0,35.27724699,-86.36230578,47127.0,3,3,0,0,3,3,6411,0,0,0,0,0
2020-05-21,US,Tennessee,Morgan,17,0,0,36.13248031,-84.64880098,47129.0,17,17,0,0,17,17,21579,0,0,0,0,0
2020-05-21,US,Tennessee,Obion,20,1,0,36.35732446,-89.14921589,47131.0,19,19,1,0,18,19,30267,1,0,0,1,0
2020-05-21,US,Tennessee,Out of TN,339,4,0,0.0,0.0,80047.0,335,386,4,0,382,386,,-47,0,0,-47,0
2020-05-21,US,Tennessee,Overton,18,0,0,36.34117832,-85.28989535,47133.0,18,18,0,0,18,18,22068,0,0,0,0,0
2020-05-21,US,Tennessee,Perry,13,0,0,35.63708728,-87.86139634,47135.0,13,13,0,0,13,13,8064,0,0,0,0,0
2020-05-21,US,Tennessee,Pickett,2,0,0,36.55606529,-85.07763299999998,47137.0,2,2,0,0,2,2,5082,0,0,0,0,0
2020-05-21,US,Tennessee,Polk,14,0,0,35.12245443,-84.52075859,47139.0,14,14,0,0,14,14,16898,0,0,0,0,0
2020-05-21,US,Tennessee,Putnam,321,5,0,36.14005459,-85.50646123,47141.0,316,286,5,0,281,286,78843,35,0,0,35,0
2020-05-21,US,Tennessee,Rhea,188,0,0,35.60536161,-84.93076643,47143.0,188,15,0,0,15,15,33044,173,0,0,173,0
2020-05-21,US,Tennessee,Roane,9,0,0,35.84923189,-84.52458689,47145.0,9,9,0,0,9,9,53140,0,0,0,0,0
2020-05-21,US,Tennessee,Robertson,317,0,0,36.52454807,-86.87346725,47147.0,317,298,0,0,298,298,71012,19,0,0,19,0
2020-05-21,US,Tennessee,Rutherford,930,20,0,35.84591405,-86.4107263,47149.0,910,906,19,0,887,906,324890,24,1,0,23,0
2020-05-21,US,Tennessee,Scott,11,0,0,36.42325673,-84.50360494,47151.0,11,11,0,0,11,11,22039,0,0,0,0,0
2020-05-21,US,Tennessee,Sequatchie,10,0,0,35.36979721,-85.41022136,47153.0,10,9,0,0,9,9,14876,1,0,0,1,0
2020-05-21,US,Tennessee,Sevier,69,2,0,35.78077323,-83.52244332,47155.0,67,68,2,0,66,68,97892,1,0,0,1,0
2020-05-21,US,Tennessee,Shelby,4033,91,0,35.1864775,-89.89692423,47157.0,3942,3936,87,0,3849,3936,935764,97,4,0,93,0
2020-05-21,US,Tennessee,Smith,29,1,0,36.25359775,-85.95411046,47159.0,28,29,1,0,28,29,19942,0,0,0,0,0
2020-05-21,US,Tennessee,Stewart,8,0,0,36.50235092,-87.83920548,47161.0,8,8,0,0,8,8,13561,0,0,0,0,0
2020-05-21,US,Tennessee,Sullivan,60,2,0,36.51240691,-82.30412917,47163.0,58,57,2,0,55,57,157668,3,0,0,3,0
2020-05-21,US,Tennessee,Sumner,778,42,0,36.46824103,-86.45917204,47165.0,736,768,41,0,727,768,187149,10,1,0,9,0
2020-05-21,US,Tennessee,Tipton,409,2,0,35.501942,-89.73694895,47167.0,407,407,2,0,405,407,61581,2,0,0,2,0
2020-05-21,US,Tennessee,Trousdale,1385,4,0,36.39026213,-86.16087954,47169.0,1381,1384,4,0,1380,1384,11012,1,0,0,1,0
2020-05-21,US,Tennessee,Unassigned,67,0,0,0.0,0.0,90047.0,67,84,1,0,83,84,,-17,-1,0,-16,0
2020-05-21,US,Tennessee,Unicoi,3,0,0,36.10890856,-82.43709629,47171.0,3,3,0,0,3,3,17761,0,0,0,0,0
2020-05-21,US,Tennessee,Union,4,0,0,36.28590426,-83.83651902,47173.0,4,4,0,0,4,4,19688,0,0,0,0,0
2020-05-21,US,Tennessee,Van Buren,4,0,0,35.69864497,-85.45221699,47175.0,4,4,0,0,4,4,5765,0,0,0,0,0
2020-05-21,US,Tennessee,Warren,16,0,0,35.672829899999996,-85.77969117,47177.0,16,16,0,0,16,16,40878,0,0,0,0,0
2020-05-21,US,Tennessee,Washington,68,0,0,36.29472368,-82.49454720000001,47179.0,68,70,0,0,70,70,128607,-2,0,0,-2,0
2020-05-21,US,Tennessee,Wayne,63,0,0,35.23868267,-87.78644456,47181.0,63,63,0,0,63,63,16558,0,0,0,0,0
2020-05-21,US,Tennessee,Weakley,26,0,0,36.29896232,-88.71990865,47183.0,26,27,0,0,27,27,33415,-1,0,0,-1,0
2020-05-21,US,Tennessee,White,22,0,0,35.92929884,-85.45591799,47185.0,22,21,0,0,21,21,27107,1,0,0,1,0
2020-05-21,US,Tennessee,Williamson,491,10,0,35.89099229,-86.89281867,47187.0,481,492,10,0,482,492,231729,-1,0,0,-1,0
2020-05-21,US,Tennessee,Wilson,344,8,0,36.15496772,-86.29775884,47189.0,336,338,8,0,330,338,140625,6,0,0,6,0
2020-05-21,US,Texas,Anderson,63,0,0,31.81534745,-95.65354823,48001.0,63,61,0,0,61,60,58057,2,0,0,2,1
2020-05-21,US,Texas,Andrews,22,0,0,32.30468633,-102.63765479999999,48003.0,22,22,0,0,22,22,18128,0,0,0,0,0
2020-05-21,US,Texas,Angelina,168,2,0,31.25457347,-94.60901487,48005.0,166,154,2,0,152,154,87092,14,0,0,14,0
2020-05-21,US,Texas,Aransas,5,0,0,28.10556197,-96.9995047,48007.0,5,4,0,0,4,3,23792,1,0,0,1,1
2020-05-21,US,Texas,Archer,1,0,0,33.61569967,-98.68754589,48009.0,1,1,0,0,1,1,8786,0,0,0,0,0
2020-05-21,US,Texas,Armstrong,2,0,0,34.96507426,-101.35748740000001,48011.0,2,2,0,0,2,2,1892,0,0,0,0,0
2020-05-21,US,Texas,Atascosa,35,1,0,28.89333001,-98.52730485,48013.0,34,32,1,0,31,32,50310,3,0,0,3,0
2020-05-21,US,Texas,Austin,21,0,0,29.88548725,-96.27736949,48015.0,21,20,0,0,20,20,29989,1,0,0,1,0
2020-05-21,US,Texas,Bailey,10,0,0,34.06854817,-102.8299707,48017.0,10,10,0,0,10,10,7027,0,0,0,0,0
2020-05-21,US,Texas,Bandera,6,0,0,29.74619598,-99.24598147,48019.0,6,6,0,0,6,6,22824,0,0,0,0,0
2020-05-21,US,Texas,Bastrop,161,2,0,30.10370699,-97.31206354,48021.0,159,152,2,0,150,148,86976,9,0,0,9,4
2020-05-21,US,Texas,Bee,8,0,0,28.41761668,-97.74215593,48025.0,8,7,0,0,7,6,32587,1,0,0,1,1
2020-05-21,US,Texas,Bell,282,3,0,31.03736027,-97.4785025,48027.0,279,267,3,0,264,260,355642,15,0,0,15,7
2020-05-21,US,Texas,Bexar,2322,63,0,29.44928723,-98.52019748,48029.0,2259,2278,62,0,2216,2278,1986049,44,1,0,43,0
2020-05-21,US,Texas,Blanco,7,0,0,30.26640707,-98.3999852,48031.0,7,7,0,0,7,6,11702,0,0,0,0,1
2020-05-21,US,Texas,Bosque,6,0,0,31.89978581,-97.63613524,48035.0,6,6,0,0,6,6,18691,0,0,0,0,0
2020-05-21,US,Texas,Bowie,176,5,0,33.44626922,-94.41834132,48037.0,171,174,5,0,169,137,94324,2,0,0,2,37
2020-05-21,US,Texas,Brazoria,805,11,0,29.18757369,-95.44563172,48039.0,794,795,11,0,784,786,370200,10,0,0,10,9
2020-05-21,US,Texas,Brazos,362,18,0,30.663644800000004,-96.30205577,48041.0,344,341,18,0,323,333,226758,21,0,0,21,8
2020-05-21,US,Texas,Brewster,1,0,0,29.81008251,-103.25203259999999,48043.0,1,1,0,0,1,1,9267,0,0,0,0,0
2020-05-21,US,Texas,Briscoe,1,0,0,34.53026962,-101.2084947,48045.0,1,1,0,0,1,1,1516,0,0,0,0,0
2020-05-21,US,Texas,Brooks,1,0,0,27.03103197,-98.21808402,48047.0,1,1,0,0,1,1,7114,0,0,0,0,0
2020-05-21,US,Texas,Brown,55,7,0,31.77430356,-98.99907113,48049.0,48,55,7,0,48,51,37924,0,0,0,0,4
2020-05-21,US,Texas,Burleson,20,0,0,30.49273808,-96.62158484,48051.0,20,20,0,0,20,20,18389,0,0,0,0,0
2020-05-21,US,Texas,Burnet,29,0,0,30.78801353,-98.181887,48053.0,29,28,0,0,28,28,47542,1,0,0,1,0
2020-05-21,US,Texas,Caldwell,41,0,0,29.83668859,-97.61814775,48055.0,41,39,0,0,39,39,43247,2,0,0,2,0
2020-05-21,US,Texas,Calhoun,37,3,0,28.47048236,-96.61633945,48057.0,34,37,3,0,34,36,21561,0,0,0,0,1
2020-05-21,US,Texas,Callahan,8,1,0,32.29760619,-99.37326312,48059.0,7,8,1,0,7,8,13994,0,0,0,0,0
2020-05-21,US,Texas,Cameron,664,32,0,26.14524221,-97.48140372,48061.0,632,649,30,0,619,635,423908,15,2,0,13,14
2020-05-21,US,Texas,Camp,32,0,0,32.97195142,-94.97790104,48063.0,32,29,0,0,29,26,13033,3,0,0,3,3
2020-05-21,US,Texas,Carson,6,0,0,35.40365929,-101.35426690000001,48065.0,6,5,0,0,5,5,6005,1,0,0,1,0
2020-05-21,US,Texas,Cass,21,0,0,33.07499881,-94.34646905,48067.0,21,21,0,0,21,21,30119,0,0,0,0,0
2020-05-21,US,Texas,Castro,29,1,0,34.53016752,-102.2617243,48069.0,28,28,1,0,27,28,7665,1,0,0,1,0
2020-05-21,US,Texas,Chambers,58,0,0,29.70972016,-94.67154501,48071.0,58,58,0,0,58,55,42454,0,0,0,0,3
2020-05-21,US,Texas,Cherokee,44,2,0,31.837258000000002,-95.16559897,48073.0,42,38,2,0,36,36,52592,6,0,0,6,2
2020-05-21,US,Texas,Childress,2,0,0,34.529304100000004,-100.2077916,48075.0,2,2,0,0,2,2,7291,0,0,0,0,0
2020-05-21,US,Texas,Clay,3,0,0,33.78686685,-98.20771198,48077.0,3,3,0,0,3,3,10456,0,0,0,0,0
2020-05-21,US,Texas,Cochran,1,0,0,33.60425307,-102.82844990000001,48079.0,1,1,0,0,1,1,2836,0,0,0,0,0
2020-05-21,US,Texas,Coke,1,0,0,31.88911733,-100.5297533,48081.0,1,1,0,0,1,1,3370,0,0,0,0,0
2020-05-21,US,Texas,Coleman,2,0,0,31.76736834,-99.45240766,48083.0,2,2,0,0,2,2,8397,0,0,0,0,0
2020-05-21,US,Texas,Collin,1090,31,0,33.18820114,-96.57264368,48085.0,1059,1073,31,0,1042,1047,1005146,17,0,0,17,26
2020-05-21,US,Texas,Collingsworth,4,0,0,34.96489496,-100.27001109999999,48087.0,4,4,0,0,4,4,2962,0,0,0,0,0
2020-05-21,US,Texas,Colorado,19,0,0,29.622097999999998,-96.5273805,48089.0,19,19,0,0,19,19,21217,0,0,0,0,0
2020-05-21,US,Texas,Comal,78,6,0,29.80811278,-98.27647225,48091.0,72,72,6,0,66,71,148373,6,0,0,6,1
2020-05-21,US,Texas,Comanche,5,1,0,31.94854689,-98.55876441,48093.0,4,5,1,0,4,5,13534,0,0,0,0,0
2020-05-21,US,Texas,Concho,1,0,0,31.32635934,-99.86473038,48095.0,1,1,0,0,1,1,4276,0,0,0,0,0
2020-05-21,US,Texas,Cooke,13,0,0,33.63979567,-97.21240912,48097.0,13,13,0,0,13,13,40574,0,0,0,0,0
2020-05-21,US,Texas,Coryell,226,2,0,31.39078397,-97.79936155,48099.0,224,225,2,0,223,226,74808,1,0,0,1,-1
2020-05-21,US,Texas,Cottle,4,1,0,34.07783319,-100.27850620000001,48101.0,3,4,1,0,3,4,1389,0,0,0,0,0
2020-05-21,US,Texas,Crane,3,0,0,31.43052248,-102.5143314,48103.0,3,2,0,0,2,2,4794,1,0,0,1,0
2020-05-21,US,Texas,Crosby,3,1,0,33.61431553,-101.30003640000001,48107.0,2,3,1,0,2,3,5779,0,0,0,0,0
2020-05-21,US,Texas,Dallam,22,1,0,36.27787176,-102.60207249999999,48111.0,21,22,1,0,21,22,7200,0,0,0,0,0
2020-05-21,US,Texas,Dallas,8273,203,0,32.76670599,-96.77796049999999,48113.0,8070,7904,191,0,7713,7904,2637772,369,12,0,357,0
2020-05-21,US,Texas,Dawson,39,1,0,32.74255572,-101.94772420000001,48115.0,38,39,1,0,38,38,12619,0,0,0,0,1
2020-05-21,US,Texas,DeWitt,17,1,0,29.08101855,-97.35681170000001,48123.0,16,17,1,0,16,17,20187,0,0,0,0,0
2020-05-21,US,Texas,Deaf Smith,141,7,0,34.96522957,-102.6054267,48117.0,134,139,7,0,132,133,18760,2,0,0,2,6
2020-05-21,US,Texas,Delta,1,0,0,33.38570922,-95.66921122,48119.0,1,1,0,0,1,1,5349,0,0,0,0,0
2020-05-21,US,Texas,Denton,1161,28,0,33.20521901,-97.11691153,48121.0,1133,1116,28,0,1088,1088,859064,45,0,0,45,28
2020-05-21,US,Texas,Dickens,1,0,0,33.61616822,-100.7788855,48125.0,1,1,0,0,1,1,2249,0,0,0,0,0
2020-05-21,US,Texas,Dimmit,1,0,0,28.42270064,-99.75645095,48127.0,1,1,0,0,1,1,10308,0,0,0,0,0
2020-05-21,US,Texas,Donley,26,0,0,34.96517499,-100.8140093,48129.0,26,26,0,0,26,27,3319,0,0,0,0,-1
2020-05-21,US,Texas,Duval,5,0,0,27.68184592,-98.50864568,48131.0,5,6,0,0,6,5,11212,-1,0,0,-1,1
2020-05-21,US,Texas,Eastland,5,0,0,32.32743996,-98.83243566,48133.0,5,5,0,0,5,5,18322,0,0,0,0,0
2020-05-21,US,Texas,Ector,130,4,0,31.86898877,-102.54294279999999,48135.0,126,124,4,0,120,115,162124,6,0,0,6,9
2020-05-21,US,Texas,El Paso,2046,57,0,31.76980765,-106.23632749999999,48141.0,1989,1930,54,0,1876,1852,840758,116,3,0,113,78
2020-05-21,US,Texas,Ellis,266,12,0,32.34894117,-96.79371841,48139.0,254,264,12,0,252,258,179436,2,0,0,2,6
2020-05-21,US,Texas,Erath,15,1,0,32.23602653,-98.21773417,48143.0,14,15,1,0,14,15,42446,0,0,0,0,0
2020-05-21,US,Texas,Falls,6,0,0,31.25350609,-96.93630086,48145.0,6,6,0,0,6,6,17335,0,0,0,0,0
2020-05-21,US,Texas,Fannin,29,2,0,33.59564294,-96.10751083,48147.0,27,28,2,0,26,27,35286,1,0,0,1,1
2020-05-21,US,Texas,Fayette,31,2,0,29.87788372,-96.92076062,48149.0,29,31,2,0,29,31,25349,0,0,0,0,0
2020-05-21,US,Texas,Fisher,2,0,0,32.74281316,-100.40193020000001,48151.0,2,2,0,0,2,2,3839,0,0,0,0,0
2020-05-21,US,Texas,Floyd,5,0,0,34.07227468,-101.3031546,48153.0,5,5,0,0,5,5,5837,0,0,0,0,0
2020-05-21,US,Texas,Fort Bend,1652,40,0,29.52704478,-95.77219463,48157.0,1612,1621,40,0,1581,1559,787858,31,0,0,31,62
2020-05-21,US,Texas,Franklin,8,0,0,33.17653242,-95.21917243,48159.0,8,8,0,0,8,7,10766,0,0,0,0,1
2020-05-21,US,Texas,Freestone,7,0,0,31.70422788,-96.15072516,48161.0,7,7,0,0,7,7,19808,0,0,0,0,0
2020-05-21,US,Texas,Frio,35,0,0,28.86751206,-99.10804207,48163.0,35,35,0,0,35,35,19816,0,0,0,0,0
2020-05-21,US,Texas,Gaines,6,0,0,32.74055318,-102.6353295,48165.0,6,6,0,0,6,6,20901,0,0,0,0,0
2020-05-21,US,Texas,Galveston,721,31,0,29.40167322,-94.90469073,48167.0,690,715,31,0,684,706,337890,6,0,0,6,9
2020-05-21,US,Texas,Garza,4,0,0,33.17969345,-101.2984114,48169.0,4,4,0,0,4,4,6578,0,0,0,0,0
2020-05-21,US,Texas,Gillespie,5,0,0,30.31824095,-98.94676915,48171.0,5,5,0,0,5,5,26804,0,0,0,0,0
2020-05-21,US,Texas,Glasscock,1,0,0,31.86942909,-101.5207776,48173.0,1,1,0,0,1,1,1388,0,0,0,0,0
2020-05-21,US,Texas,Goliad,7,0,0,28.65696592,-97.42760647,48175.0,7,7,0,0,7,7,7584,0,0,0,0,0
2020-05-21,US,Texas,Gonzales,90,2,0,29.45634206,-97.49424032,48177.0,88,88,2,0,86,86,20826,2,0,0,2,2
2020-05-21,US,Texas,Gray,95,1,0,35.40081878,-100.8129222,48179.0,94,95,1,0,94,94,21895,0,0,0,0,1
2020-05-21,US,Texas,Grayson,268,1,0,33.62744998,-96.67753461,48181.0,267,199,1,0,198,165,133991,69,0,0,69,34
2020-05-21,US,Texas,Gregg,180,4,0,32.47940482,-94.81591935,48183.0,176,173,4,0,169,173,123707,7,0,0,7,0
2020-05-21,US,Texas,Grimes,91,1,0,30.54579585,-95.98902499,48185.0,90,89,1,0,88,65,28360,2,0,0,2,24
2020-05-21,US,Texas,Guadalupe,116,0,0,29.58165339,-97.94786822,48187.0,116,114,0,0,114,110,163694,2,0,0,2,4
2020-05-21,US,Texas,Hale,50,4,0,34.07044901,-101.82681140000001,48189.0,46,49,4,0,45,49,33830,1,0,0,1,0
2020-05-21,US,Texas,Hall,1,0,0,34.5307555,-100.68138520000001,48191.0,1,1,0,0,1,,3028,0,0,0,0,
2020-05-21,US,Texas,Hamilton,7,0,0,31.70470573,-98.11083887,48193.0,7,7,0,0,7,7,8484,0,0,0,0,0
2020-05-21,US,Texas,Hansford,18,2,0,36.27743284,-101.3545796,48195.0,16,17,2,0,15,16,5463,1,0,0,1,1
2020-05-21,US,Texas,Hardin,121,4,0,30.33364686,-94.38931817,48199.0,117,121,4,0,117,118,57207,0,0,0,0,3
2020-05-21,US,Texas,Harris,10283,216,0,29.86,-95.39,48201.0,10067,10095,210,0,9885,9859,4698619,188,6,0,182,236
2020-05-21,US,Texas,Harrison,217,22,0,32.54935988,-94.36934071,48203.0,195,206,22,0,184,205,66726,11,0,0,11,1
2020-05-21,US,Texas,Hartley,11,2,0,35.84008013,-102.6029022,48205.0,9,11,2,0,9,11,5619,0,0,0,0,0
2020-05-21,US,Texas,Haskell,2,0,0,33.17823584,-99.73037358,48207.0,2,2,0,0,2,2,5813,0,0,0,0,0
2020-05-21,US,Texas,Hays,250,3,0,30.05669873,-98.02944344,48209.0,247,238,3,0,235,219,222631,12,0,0,12,19
2020-05-21,US,Texas,Hemphill,1,0,0,35.83764858,-100.2703577,48211.0,1,1,0,0,1,1,3825,0,0,0,0,0
2020-05-21,US,Texas,Henderson,51,0,0,32.21128872,-95.85846587,48213.0,51,49,0,0,49,49,82299,2,0,0,2,0
2020-05-21,US,Texas,Hidalgo,467,10,0,26.39418217,-98.18299696,48215.0,457,457,10,0,447,448,865939,10,0,0,10,9
2020-05-21,US,Texas,Hill,23,1,0,31.99045053,-97.13423143,48217.0,22,23,1,0,22,23,36354,0,0,0,0,0
2020-05-21,US,Texas,Hockley,27,1,0,33.60771256,-102.3431676,48219.0,26,27,1,0,26,24,22980,0,0,0,0,3
2020-05-21,US,Texas,Hood,23,3,0,32.42990927,-97.83242024,48221.0,20,23,3,0,20,22,60537,0,0,0,0,1
2020-05-21,US,Texas,Hopkins,12,0,0,33.14875072,-95.56351139,48223.0,12,11,0,0,11,8,36810,1,0,0,1,3
2020-05-21,US,Texas,Houston,81,0,0,31.31925973,-95.42226208,48225.0,81,81,0,0,81,81,23169,0,0,0,0,0
2020-05-21,US,Texas,Howard,6,1,0,32.30621324,-101.4356444,48227.0,5,6,1,0,5,6,36459,0,0,0,0,0
2020-05-21,US,Texas,Hunt,71,3,0,33.12351514,-96.08551032,48231.0,68,69,3,0,66,68,96493,2,0,0,2,1
2020-05-21,US,Texas,Hutchinson,31,0,0,35.84006574,-101.3546643,48233.0,31,32,0,0,32,30,21198,-1,0,0,-1,2
2020-05-21,US,Texas,Jack,4,0,0,33.23377248,-98.17283469,48237.0,4,4,0,0,4,4,8843,0,0,0,0,0
2020-05-21,US,Texas,Jackson,16,1,0,28.95472367,-96.57749563,48239.0,15,15,1,0,14,15,14874,1,0,0,1,0
2020-05-21,US,Texas,Jasper,26,1,0,30.74685667,-94.02667579,48241.0,25,26,1,0,25,26,35872,0,0,0,0,0
2020-05-21,US,Texas,Jefferson,465,27,0,29.8832777,-94.16434171,48245.0,438,458,26,0,432,451,255001,7,1,0,6,7
2020-05-21,US,Texas,Jim Hogg,4,0,0,27.04453923,-98.69681870000001,48247.0,4,4,0,0,4,4,5248,0,0,0,0,0
2020-05-21,US,Texas,Jim Wells,9,0,0,27.73103938,-98.0904705,48249.0,9,8,0,0,8,8,40822,1,0,0,1,0
2020-05-21,US,Texas,Johnson,144,4,0,32.37877812,-97.36615819,48251.0,140,142,4,0,138,136,171361,2,0,0,2,6
2020-05-21,US,Texas,Jones,134,0,0,32.73997145,-99.87861576,48253.0,134,117,0,0,117,115,19817,17,0,0,17,2
2020-05-21,US,Texas,Karnes,4,0,0,28.90705334,-97.85960149,48255.0,4,4,0,0,4,4,15650,0,0,0,0,0
2020-05-21,US,Texas,Kaufman,173,2,0,32.599141700000004,-96.28734728,48257.0,171,165,2,0,163,155,128622,8,0,0,8,10
2020-05-21,US,Texas,Kendall,24,0,0,29.94414155,-98.7113588,48259.0,24,24,0,0,24,23,45641,0,0,0,0,1
2020-05-21,US,Texas,Kerr,11,0,0,30.06040006,-99.34930144,48265.0,11,11,0,0,11,10,52405,0,0,0,0,1
2020-05-21,US,Texas,Kimble,1,0,0,30.48678918,-99.74856473,48267.0,1,1,0,0,1,1,4362,0,0,0,0,0
2020-05-21,US,Texas,Kleberg,14,1,0,27.42435506,-97.69894948,48273.0,13,14,1,0,13,14,31129,0,0,0,0,0
2020-05-21,US,Texas,Knox,1,0,0,33.60519951,-99.74229059999999,48275.0,1,1,0,0,1,1,3653,0,0,0,0,0
2020-05-21,US,Texas,La Salle,4,0,0,28.34453111,-99.09908775,48283.0,4,4,0,0,4,4,7531,0,0,0,0,0
2020-05-21,US,Texas,Lamar,126,9,0,33.66981763,-95.57404777,48277.0,117,122,9,0,113,116,49728,4,0,0,4,6
2020-05-21,US,Texas,Lamb,11,0,0,34.06859623,-102.35162890000001,48279.0,11,11,0,0,11,11,13158,0,0,0,0,0
2020-05-21,US,Texas,Lampasas,8,0,0,31.19531316,-98.24206613,48281.0,8,8,0,0,8,8,21229,0,0,0,0,0
2020-05-21,US,Texas,Lavaca,8,1,0,29.38508402,-96.93186692,48285.0,7,8,1,0,7,8,20110,0,0,0,0,0
2020-05-21,US,Texas,Lee,8,0,0,30.31120597,-96.97045773,48287.0,8,6,0,0,6,7,17144,2,0,0,2,-1
2020-05-21,US,Texas,Leon,9,0,0,31.29872538,-95.9936328,48289.0,9,9,0,0,9,9,17270,0,0,0,0,0
2020-05-21,US,Texas,Liberty,81,3,0,30.15152688,-94.81205615,48291.0,78,79,3,0,76,75,86323,2,0,0,2,4
2020-05-21,US,Texas,Limestone,18,1,0,31.5454767,-96.58095444,48293.0,17,17,1,0,16,17,23519,1,0,0,1,0
2020-05-21,US,Texas,Lipscomb,2,0,0,36.27783108,-100.27331509999999,48295.0,2,2,0,0,2,2,3355,0,0,0,0,0
2020-05-21,US,Texas,Live Oak,9,0,0,28.35101362,-98.1246786,48297.0,9,7,0,0,7,7,12166,2,0,0,2,0
2020-05-21,US,Texas,Llano,3,0,0,30.70645047,-98.68475262,48299.0,3,3,0,0,3,3,21646,0,0,0,0,0
2020-05-21,US,Texas,Lubbock,639,50,0,33.61008596,-101.82047890000001,48303.0,589,630,50,0,580,624,307412,9,0,0,9,6
2020-05-21,US,Texas,Lynn,5,1,0,33.17657705,-101.8162849,48305.0,4,5,1,0,4,5,5877,0,0,0,0,0
2020-05-21,US,Texas,Madison,8,0,0,30.96694679,-95.93003775,48313.0,8,8,0,0,8,8,14422,0,0,0,0,0
2020-05-21,US,Texas,Marion,15,0,0,32.79868409,-94.35661230000001,48315.0,15,15,0,0,15,15,9928,0,0,0,0,0
2020-05-21,US,Texas,Martin,3,1,0,32.30600051,-101.9513518,48317.0,2,3,1,0,2,3,5753,0,0,0,0,0
2020-05-21,US,Texas,Mason,31,0,0,30.71780434,-99.22629416,48319.0,31,31,0,0,31,31,4280,0,0,0,0,0
2020-05-21,US,Texas,Matagorda,66,5,0,28.81955746,-96.01230294,48321.0,61,66,5,0,61,65,36552,0,0,0,0,1
2020-05-21,US,Texas,Maverick,94,1,0,28.7429195,-100.3157686,48323.0,93,93,1,0,92,94,58485,1,0,0,1,-1
2020-05-21,US,Texas,McCulloch,3,0,0,31.1925468,-99.34682807,48307.0,3,3,0,0,3,3,7987,0,0,0,0,0
2020-05-21,US,Texas,McLennan,102,4,0,31.55255453,-97.20217694,48309.0,98,98,4,0,94,98,254607,4,0,0,4,0
2020-05-21,US,Texas,Medina,64,2,0,29.355730100000002,-99.11030298,48325.0,62,60,2,0,58,59,50921,4,0,0,4,1
2020-05-21,US,Texas,Midland,123,12,0,31.86904128,-102.03156820000001,48329.0,111,122,12,0,110,122,172578,1,0,0,1,0
2020-05-21,US,Texas,Milam,27,1,0,30.78581830000001,-96.97718698,48331.0,26,26,1,0,25,25,25131,1,0,0,1,1
2020-05-21,US,Texas,Mills,1,0,0,31.49557106,-98.59272068,48333.0,1,1,0,0,1,1,4921,0,0,0,0,0
2020-05-21,US,Texas,Mitchell,1,0,0,32.30623474,-100.9212058,48335.0,1,1,0,0,1,1,8145,0,0,0,0,0
2020-05-21,US,Texas,Montague,9,1,0,33.67521893,-97.72500958,48337.0,8,9,1,0,8,9,19596,0,0,0,0,0
2020-05-21,US,Texas,Montgomery,881,21,0,30.30079133,-95.50572772,48339.0,860,861,21,0,840,848,590925,20,0,0,20,13
2020-05-21,US,Texas,Moore,579,13,0,35.83769242,-101.8930281,48341.0,566,579,12,0,567,575,21485,0,1,0,-1,4
2020-05-21,US,Texas,Morris,15,0,0,33.11304005,-94.73255695,48343.0,15,14,0,0,14,13,12339,1,0,0,1,1
2020-05-21,US,Texas,Motley,1,0,0,34.07408766,-100.77972199999999,48345.0,1,1,0,0,1,1,1234,0,0,0,0,0
2020-05-21,US,Texas,Nacogdoches,244,17,0,31.62017125,-94.61803994,48347.0,227,243,17,0,226,241,65711,1,0,0,1,2
2020-05-21,US,Texas,Navarro,40,2,0,32.04620681,-96.47428766,48349.0,38,40,2,0,38,38,49565,0,0,0,0,2
2020-05-21,US,Texas,Newton,4,0,0,30.78548982,-93.74408813,48351.0,4,4,0,0,4,4,13746,0,0,0,0,0
2020-05-21,US,Texas,Nolan,2,0,0,32.30365282,-100.4060208,48353.0,2,2,0,0,2,2,14751,0,0,0,0,0
2020-05-21,US,Texas,Nueces,256,3,0,27.736286,-97.5433285,48355.0,253,248,3,0,245,242,362265,8,0,0,8,6
2020-05-21,US,Texas,Ochiltree,41,3,0,36.27829105,-100.8158184,48357.0,38,41,3,0,38,40,9947,0,0,0,0,1
2020-05-21,US,Texas,Oldham,3,1,0,35.40425596,-102.6027606,48359.0,2,3,1,0,2,3,2131,0,0,0,0,0
2020-05-21,US,Texas,Orange,89,2,0,30.11879481,-93.89412775,48361.0,87,89,2,0,87,87,83572,0,0,0,0,2
2020-05-21,US,Texas,Palo Pinto,10,2,0,32.75310985,-98.31319001,48363.0,8,10,2,0,8,9,28875,0,0,0,0,1
2020-05-21,US,Texas,Panola,175,19,0,32.163959600000005,-94.30552481,48365.0,156,175,19,0,156,175,23148,0,0,0,0,0
2020-05-21,US,Texas,Parker,67,1,0,32.77757172,-97.80500621,48367.0,66,64,0,0,64,63,138371,3,1,0,2,1
2020-05-21,US,Texas,Parmer,39,0,0,34.52993409,-102.78446679999999,48369.0,39,39,0,0,39,36,9864,0,0,0,0,3
2020-05-21,US,Texas,Pecos,24,0,0,30.78097267,-102.72412609999999,48371.0,24,24,0,0,24,23,15673,0,0,0,0,1
2020-05-21,US,Texas,Polk,52,0,0,30.79472531,-94.82766240000001,48373.0,52,50,0,0,50,50,50031,2,0,0,2,0
2020-05-21,US,Texas,Potter,2196,24,0,35.40133773,-101.893964,48375.0,2172,2193,24,0,2169,2145,119648,3,0,0,3,48
2020-05-21,US,Texas,Rains,3,0,0,32.87109387,-95.79232691,48379.0,3,2,0,0,2,2,12159,1,0,0,1,0
2020-05-21,US,Texas,Randall,625,5,0,34.96585996,-101.8971322,48381.0,620,616,5,0,611,611,136271,9,0,0,9,5
2020-05-21,US,Texas,Red River,42,4,0,33.61886692,-95.04841765,48387.0,38,40,4,0,36,36,12175,2,0,0,2,4
2020-05-21,US,Texas,Reeves,7,0,0,31.32323325,-103.69038959999999,48389.0,7,7,0,0,7,7,15695,0,0,0,0,0
2020-05-21,US,Texas,Refugio,3,0,0,28.323897600000002,-97.15766311,48391.0,3,3,0,0,3,3,7032,0,0,0,0,0
2020-05-21,US,Texas,Roberts,2,0,0,35.83809685,-100.813175,48393.0,2,2,0,0,2,2,903,0,0,0,0,0
2020-05-21,US,Texas,Robertson,7,0,0,31.02539637,-96.51272246,48395.0,7,7,0,0,7,7,17284,0,0,0,0,0
2020-05-21,US,Texas,Rockwall,147,9,0,32.89779518,-96.40771592,48397.0,138,143,5,0,138,138,100657,4,4,0,0,5
2020-05-21,US,Texas,Runnels,2,0,0,31.8314342,-99.97616148,48399.0,2,2,0,0,2,2,10234,0,0,0,0,0
2020-05-21,US,Texas,Rusk,42,2,0,32.10773545,-94.76176432,48401.0,40,42,2,0,40,42,54450,0,0,0,0,0
2020-05-21,US,Texas,Sabine,4,0,0,31.34318809,-93.85440451,48403.0,4,4,0,0,4,4,10589,0,0,0,0,0
2020-05-21,US,Texas,San Augustine,28,1,0,31.39457611,-94.17000399,48405.0,27,26,1,0,25,26,8232,2,0,0,2,0
2020-05-21,US,Texas,San Jacinto,13,0,0,30.57933681,-95.16260304,48407.0,13,12,0,0,12,12,28719,1,0,0,1,0
2020-05-21,US,Texas,San Patricio,28,0,0,28.00880118,-97.51763891,48409.0,28,26,0,0,26,26,66893,2,0,0,2,0
2020-05-21,US,Texas,San Saba,1,0,0,31.1577796,-98.81758731,48411.0,1,1,0,0,1,1,6054,0,0,0,0,0
2020-05-21,US,Texas,Scurry,2,0,0,32.74613808,-100.91626640000001,48415.0,2,2,0,0,2,2,16866,0,0,0,0,0
2020-05-21,US,Texas,Shackelford,1,0,0,32.73587756,-99.35401337,48417.0,1,1,0,0,1,1,3253,0,0,0,0,0
2020-05-21,US,Texas,Shelby,180,5,0,31.79211404,-94.14550696,48419.0,175,177,5,0,172,175,25418,3,0,0,3,2
2020-05-21,US,Texas,Sherman,23,0,0,36.27751473,-101.8933156,48421.0,23,23,0,0,23,23,3079,0,0,0,0,0
2020-05-21,US,Texas,Smith,195,4,0,32.37474036,-95.27175679999999,48423.0,191,192,4,0,188,192,230221,3,0,0,3,0
2020-05-21,US,Texas,Starr,23,0,0,26.56150059,-98.73892358,48427.0,23,23,0,0,23,23,64525,0,0,0,0,0
2020-05-21,US,Texas,Stephens,2,0,0,32.73553157,-98.83631615,48429.0,2,2,0,0,2,2,9433,0,0,0,0,0
2020-05-21,US,Texas,Swisher,15,0,0,34.53028891,-101.73491740000001,48437.0,15,15,0,0,15,15,7462,0,0,0,0,0
2020-05-21,US,Texas,Tarrant,4711,132,0,32.77143818,-97.29101614,48439.0,4579,4643,130,0,4513,4559,2084931,68,2,0,66,84
2020-05-21,US,Texas,Taylor,225,6,0,32.30163422,-99.89007449,48441.0,219,225,6,0,219,222,137640,0,0,0,0,3
2020-05-21,US,Texas,Terry,13,0,0,33.17402785,-102.3354521,48445.0,13,13,0,0,13,13,12287,0,0,0,0,0
2020-05-21,US,Texas,Titus,189,2,0,33.21339719,-94.96797273,48449.0,187,142,2,0,140,129,33033,47,0,0,47,13
2020-05-21,US,Texas,Tom Green,89,1,0,31.40464436,-100.46244300000001,48451.0,88,88,1,0,87,87,118189,1,0,0,1,1
2020-05-21,US,Texas,Travis,2644,82,0,30.33432034,-97.78535620000001,48453.0,2562,2595,81,0,2514,2537,1248743,49,1,0,48,58
2020-05-21,US,Texas,Trinity,11,0,0,31.0879489,-95.1367187,48455.0,11,11,0,0,11,11,14740,0,0,0,0,0
2020-05-21,US,Texas,Tyler,10,0,0,30.77031716,-94.37690895,48457.0,10,10,0,0,10,10,21696,0,0,0,0,0
2020-05-21,US,Texas,Upshur,18,0,0,32.73706798,-94.93999853,48459.0,18,18,0,0,18,18,41260,0,0,0,0,0
2020-05-21,US,Texas,Uvalde,6,0,0,29.35739637,-99.76229172,48463.0,6,6,0,0,6,6,26846,0,0,0,0,0
2020-05-21,US,Texas,Val Verde,13,0,0,29.89149232,-101.1525205,48465.0,13,13,0,0,13,13,49208,0,0,0,0,0
2020-05-21,US,Texas,Van Zandt,25,1,0,32.56483801,-95.83766469,48467.0,24,24,1,0,23,23,56019,1,0,0,1,1
2020-05-21,US,Texas,Victoria,157,7,0,28.79780988,-96.96813006,48469.0,150,157,7,0,150,157,92035,0,0,0,0,0
2020-05-21,US,Texas,Walker,552,27,0,30.73872995,-95.57440968,48471.0,525,552,27,0,525,442,72480,0,0,0,0,110
2020-05-21,US,Texas,Waller,45,0,0,30.01058447,-95.99011759,48473.0,45,45,0,0,45,43,53126,0,0,0,0,2
2020-05-21,US,Texas,Washington,187,22,0,30.21498498,-96.40946246,48477.0,165,186,22,0,164,184,35108,1,0,0,1,2
2020-05-21,US,Texas,Webb,498,18,0,27.7610369,-99.33237355,48479.0,480,492,18,0,474,479,275910,6,0,0,6,13
2020-05-21,US,Texas,Wharton,45,0,0,29.27765923,-96.22319248,48481.0,45,46,0,0,46,44,41619,-1,0,0,-1,2
2020-05-21,US,Texas,Wheeler,15,0,0,35.40114335,-100.26995140000001,48483.0,15,15,0,0,15,14,5191,0,0,0,0,1
2020-05-21,US,Texas,Wichita,82,2,0,33.98842886,-98.70410340000001,48485.0,80,82,2,0,80,80,132064,0,0,0,0,2
2020-05-21,US,Texas,Wilbarger,6,0,0,34.07945812,-99.24178437,48487.0,6,6,0,0,6,6,12820,0,0,0,0,0
2020-05-21,US,Texas,Willacy,15,1,0,26.47411727,-97.61535848,48489.0,14,15,1,0,14,14,21515,0,0,0,0,1
2020-05-21,US,Texas,Williamson,520,20,0,30.64655664,-97.60048540000001,48491.0,500,513,20,0,493,501,566719,7,0,0,7,12
2020-05-21,US,Texas,Wilson,38,5,0,29.1732598,-98.08693082,48493.0,33,37,5,0,32,37,50224,1,0,0,1,0
2020-05-21,US,Texas,Winkler,3,0,0,31.85008651,-103.04851629999999,48495.0,3,3,0,0,3,3,7720,0,0,0,0,0
2020-05-21,US,Texas,Wise,42,2,0,33.21570665,-97.65460265,48497.0,40,38,2,0,36,38,68305,4,0,0,4,0
2020-05-21,US,Texas,Wood,22,1,0,32.78722382,-95.38236368,48499.0,21,22,1,0,21,22,45129,0,0,0,0,0
2020-05-21,US,Texas,Yoakum,3,0,0,33.17320212,-102.82764329999999,48501.0,3,3,0,0,3,2,8591,0,0,0,0,1
2020-05-21,US,Texas,Young,4,1,0,33.17659707,-98.68790885,48503.0,3,4,1,0,3,4,18045,0,0,0,0,0
2020-05-21,US,Texas,Zapata,8,0,0,27.00156391,-99.16987152,48505.0,8,8,0,0,8,7,14190,0,0,0,0,1
2020-05-21,US,Texas,Zavala,11,0,0,28.86617238,-99.76050829,48507.0,11,10,0,0,10,9,11983,1,0,0,1,1
2020-05-21,US,Utah,Bear River,97,1,0,41.52106798,-113.08328159999999,0.0,96,93,1,0,92,89,,4,0,0,4,4
2020-05-21,US,Utah,Central Utah,32,0,0,39.37231946,-111.5758676,0.0,32,31,0,0,31,30,,1,0,0,1,1
2020-05-21,US,Utah,Davis,396,2,0,40.99001837,-112.1139997,49011.0,394,386,2,0,384,373,351713,10,0,0,10,13
2020-05-21,US,Utah,Salt Lake,4217,64,0,40.66616532,-111.92160109999999,49035.0,4153,4123,62,0,4061,4019,1152633,94,2,0,92,104
2020-05-21,US,Utah,San Juan,251,4,0,37.62762978,-109.80337140000002,49037.0,247,246,4,0,242,238,15449,5,0,0,5,8
2020-05-21,US,Utah,Southeast Utah,17,0,0,38.99617072,-110.70139579999999,0.0,17,16,0,0,16,16,,1,0,0,1,0
2020-05-21,US,Utah,Southwest Utah,271,4,0,37.85447192,-111.4418764,90049.0,267,260,4,0,256,245,,11,0,0,11,15
2020-05-21,US,Utah,Summit,404,0,0,40.86688146,-110.9535882,49043.0,404,403,0,0,403,403,41933,1,0,0,1,0
2020-05-21,US,Utah,Tooele,104,0,0,40.44862644,-113.12957150000001,49045.0,104,104,0,0,104,103,69907,0,0,0,0,1
2020-05-21,US,Utah,TriCounty,20,0,0,40.12491499,-109.5174415,0.0,20,20,0,0,20,19,,0,0,0,0,1
2020-05-21,US,Utah,Utah,1592,13,0,40.116672200000004,-111.66576620000001,49049.0,1579,1569,13,0,1556,1537,622213,23,0,0,23,32
2020-05-21,US,Utah,Wasatch,222,1,0,40.33110236,-111.1691419,49051.0,221,217,1,0,216,212,33240,5,0,0,5,5
2020-05-21,US,Utah,Weber-Morgan,251,3,0,41.27116049,-111.9145117,0.0,248,242,3,0,239,234,,9,0,0,9,8
2020-05-21,US,Vermont,Addison,62,2,0,44.03217337,-73.14130877,50001.0,60,62,2,0,60,62,36973,0,0,0,0,0
2020-05-21,US,Vermont,Bennington,60,1,0,43.03519828,-73.09048868,50003.0,59,60,1,0,59,60,35631,0,0,0,0,0
2020-05-21,US,Vermont,Caledonia,14,0,0,44.46548598,-72.10314651,50005.0,14,14,0,0,14,14,30302,0,0,0,0,0
2020-05-21,US,Vermont,Chittenden,440,38,0,44.46322849,-73.08359212,50007.0,402,439,38,0,401,439,164572,1,0,0,1,0
2020-05-21,US,Vermont,Essex,2,0,0,44.72736416,-71.73579864,50009.0,2,2,0,0,2,2,6250,0,0,0,0,0
2020-05-21,US,Vermont,Franklin,99,5,0,44.85627605,-72.91249563,50011.0,94,99,5,0,94,99,49421,0,0,0,0,0
2020-05-21,US,Vermont,Grand Isle,5,0,0,44.797582399999996,-73.29679772,50013.0,5,4,0,0,4,4,7090,1,0,0,1,0
2020-05-21,US,Vermont,Lamoille,29,1,0,44.60353043,-72.64356694,50015.0,28,27,1,0,26,28,25300,2,0,0,2,-1
2020-05-21,US,Vermont,Orange,8,0,0,44.00470222,-72.37640104,50017.0,8,8,0,0,8,8,28999,0,0,0,0,0
2020-05-21,US,Vermont,Orleans,9,0,0,44.82964024,-72.24562697,50019.0,9,9,0,0,9,9,26907,0,0,0,0,0
2020-05-21,US,Vermont,Rutland,50,1,0,43.57723578,-73.03741676,50021.0,49,50,1,0,49,50,58672,0,0,0,0,0
2020-05-21,US,Vermont,Unassigned,5,0,0,0.0,0.0,90050.0,5,7,0,0,7,6,,-2,0,0,-2,1
2020-05-21,US,Vermont,Washington,38,1,0,44.27343241,-72.61604978,50023.0,37,38,1,0,37,38,58140,0,0,0,0,0
2020-05-21,US,Vermont,Windham,80,3,0,42.986982,-72.71268875,50025.0,77,77,3,0,74,77,42756,3,0,0,3,0
2020-05-21,US,Vermont,Windsor,49,2,0,43.58010937,-72.58595157,50027.0,47,48,2,0,46,48,55286,1,0,0,1,0
2020-05-21,US,Virginia,Accomack,709,11,0,37.76707161,-75.63234615,51001.0,698,709,11,0,698,701,32412,0,0,0,0,8
2020-05-21,US,Virginia,Albemarle,142,4,0,38.02080697,-78.55481085,51003.0,138,142,4,0,138,141,108718,0,0,0,0,1
2020-05-21,US,Virginia,Alexandria,1627,37,0,38.814003,-77.08183073,51510.0,1590,1577,34,0,1543,1544,160530,50,3,0,47,33
2020-05-21,US,Virginia,Alleghany,9,0,0,37.78636074,-80.00222498,51005.0,9,10,0,0,10,9,14910,-1,0,0,-1,1
2020-05-21,US,Virginia,Amelia,22,1,0,37.34081025,-77.98584649,51007.0,21,21,1,0,20,20,13013,1,0,0,1,1
2020-05-21,US,Virginia,Amherst,25,0,0,37.60308293,-79.14548696,51009.0,25,25,0,0,25,25,31666,0,0,0,0,0
2020-05-21,US,Virginia,Appomattox,25,0,0,37.37569884,-78.81340003,51011.0,25,24,0,0,24,24,15841,1,0,0,1,0
2020-05-21,US,Virginia,Arlington,1763,89,0,38.8767675,-77.10139853,51013.0,1674,1728,81,0,1647,1688,237521,35,8,0,27,40
2020-05-21,US,Virginia,Augusta,85,1,0,38.16404586,-79.12461614,51015.0,84,88,1,0,87,87,75457,-3,0,0,-3,1
2020-05-21,US,Virginia,Bedford,41,1,0,37.3080028,-79.5281964,51019.0,40,41,1,0,40,41,78747,0,0,0,0,0
2020-05-21,US,Virginia,Botetourt,31,3,0,37.55531756,-79.80982182,51023.0,28,31,3,0,28,31,33277,0,0,0,0,0
2020-05-21,US,Virginia,Bristol,4,0,0,36.616302399999995,-82.16359122,51520.0,4,3,0,0,3,3,16482,1,0,0,1,0
2020-05-21,US,Virginia,Brunswick,21,1,0,36.76366949,-77.8593436,51025.0,20,21,1,0,20,21,16384,0,0,0,0,0
2020-05-21,US,Virginia,Buchanan,18,0,0,37.26818323,-82.03749726,51027.0,18,18,0,0,18,18,21221,0,0,0,0,0
2020-05-21,US,Virginia,Buckingham,438,2,0,37.57242268,-78.52518834,51029.0,436,419,2,0,417,419,16999,19,0,0,19,0
2020-05-21,US,Virginia,Buena Vista,12,0,0,37.73484642,-79.35296097,51530.0,12,11,0,0,11,11,6237,1,0,0,1,0
2020-05-21,US,Virginia,Campbell,13,1,0,37.20553386,-79.09678609,51031.0,12,13,1,0,12,13,54973,0,0,0,0,0
2020-05-21,US,Virginia,Caroline,45,2,0,38.02679129,-77.34901405,51033.0,43,45,2,0,43,44,30772,0,0,0,0,1
2020-05-21,US,Virginia,Carroll,64,1,0,36.73066666,-80.73455942,51035.0,63,64,1,0,63,50,29636,0,0,0,0,14
2020-05-21,US,Virginia,Charles City,25,1,0,37.35358063,-77.05634116,51036.0,24,24,1,0,23,24,6941,1,0,0,1,0
2020-05-21,US,Virginia,Charlotte,16,0,0,37.01909701,-78.66314092,51037.0,16,15,0,0,15,14,11938,1,0,0,1,1
2020-05-21,US,Virginia,Charlottesville,72,2,0,38.03527919,-78.48569588,51540.0,70,72,2,0,70,72,48117,0,0,0,0,0
2020-05-21,US,Virginia,Chesapeake,412,13,0,36.67670048,-76.30545744,51550.0,399,401,12,0,389,396,242634,11,1,0,10,5
2020-05-21,US,Virginia,Chesterfield,1132,29,0,37.37373208,-77.58680140000001,51041.0,1103,1100,29,0,1071,1043,348556,32,0,0,32,57
2020-05-21,US,Virginia,Clarke,19,0,0,39.11271747,-77.99199425,51043.0,19,19,0,0,19,19,14523,0,0,0,0,0
2020-05-21,US,Virginia,Colonial Heights,82,7,0,37.26420587,-77.39609676,51570.0,75,80,7,0,73,77,17833,2,0,0,2,3
2020-05-21,US,Virginia,Covington,3,0,0,37.7824656,-79.98631446,51580.0,3,3,0,0,3,2,5460,0,0,0,0,1
2020-05-21,US,Virginia,Craig,5,0,0,37.48133648,-80.21072274,51045.0,5,4,0,0,4,4,5064,1,0,0,1,0
2020-05-21,US,Virginia,Culpeper,526,5,0,38.48199985,-77.95630870000002,51047.0,521,494,5,0,489,452,51859,32,0,0,32,42
2020-05-21,US,Virginia,Cumberland,25,0,0,37.51328851,-78.24398086,51049.0,25,25,0,0,25,25,9809,0,0,0,0,0
2020-05-21,US,Virginia,Danville,45,1,0,36.58022376,-79.40395668,51590.0,44,45,1,0,44,44,40693,0,0,0,0,1
2020-05-21,US,Virginia,Dinwiddie,47,0,0,37.07544585,-77.63451754,51053.0,47,47,0,0,47,45,28529,0,0,0,0,2
2020-05-21,US,Virginia,Emporia,58,3,0,36.69455571,-77.53406129,51595.0,55,58,3,0,55,58,5121,0,0,0,0,0
2020-05-21,US,Virginia,Essex,36,0,0,37.93357639,-76.94230311,51057.0,36,35,0,0,35,35,10919,1,0,0,1,0
2020-05-21,US,Virginia,Fairfax,8580,309,0,38.83677558,-77.27565836,51059.0,8271,8163,302,0,7861,8020,1150795,417,7,0,410,143
2020-05-21,US,Virginia,Fairfax,8580,309,0,38.83677558,-77.27565836,51059.0,8271,8163,302,0,7861,8020,24574,417,7,0,410,143
2020-05-21,US,Virginia,Fairfax City,51,3,0,38.85157547,-77.29779640000002,51600.0,48,47,3,0,44,47,24574,4,0,0,4,0
2020-05-21,US,Virginia,Falls Church,46,5,0,38.88485255,-77.17560759,51610.0,41,44,5,0,39,44,14772,2,0,0,2,0
2020-05-21,US,Virginia,Fauquier,261,5,0,38.73564842,-77.80647472,51061.0,256,251,5,0,246,243,70675,10,0,0,10,8
2020-05-21,US,Virginia,Floyd,4,0,0,36.9302126,-80.36738849,51063.0,4,4,0,0,4,4,15795,0,0,0,0,0
2020-05-21,US,Virginia,Fluvanna,83,6,0,37.84157909,-78.27715475,51065.0,77,82,6,0,76,82,26783,1,0,0,1,0
2020-05-21,US,Virginia,Franklin,30,1,0,36.99536167,-79.88023649,51067.0,29,30,1,0,29,30,56195,0,0,0,0,0
2020-05-21,US,Virginia,Franklin,30,1,0,36.99536167,-79.88023649,51067.0,29,30,1,0,29,30,8013,0,0,0,0,0
2020-05-21,US,Virginia,Franklin City,34,1,0,36.6831435,-76.93859681,51620.0,33,32,1,0,31,32,8013,2,0,0,2,0
2020-05-21,US,Virginia,Frederick,245,3,0,39.20172582,-78.25974949,51069.0,242,234,3,0,231,223,88355,11,0,0,11,11
2020-05-21,US,Virginia,Fredericksburg,107,0,0,38.2977863,-77.4922454,51630.0,107,101,0,0,101,101,29144,6,0,0,6,0
2020-05-21,US,Virginia,Galax,82,0,0,36.66601852,-80.91703124,51640.0,82,82,0,0,82,82,6423,0,0,0,0,0
2020-05-21,US,Virginia,Giles,5,0,0,37.31234791,-80.70636931,51071.0,5,5,0,0,5,5,16844,0,0,0,0,0
2020-05-21,US,Virginia,Gloucester,30,1,0,37.40809042,-76.53524337,51073.0,29,29,1,0,28,28,37349,1,0,0,1,1
2020-05-21,US,Virginia,Goochland,89,5,0,37.71714806,-77.90381514,51075.0,84,88,5,0,83,88,23244,1,0,0,1,0
2020-05-21,US,Virginia,Grayson,22,0,0,36.65677234,-81.23215889,51077.0,22,22,0,0,22,21,15631,0,0,0,0,1
2020-05-21,US,Virginia,Greene,20,1,0,38.29545894,-78.46525378,51079.0,19,20,1,0,19,19,19779,0,0,0,0,1
2020-05-21,US,Virginia,Greensville,55,7,0,36.67878901,-77.56351439,51081.0,48,55,7,0,48,54,11627,0,0,0,0,1
2020-05-21,US,Virginia,Halifax,29,0,0,36.76654925,-78.93512622,51083.0,29,29,0,0,29,29,34120,0,0,0,0,0
2020-05-21,US,Virginia,Hampton,167,3,0,37.03513786,-76.35879121,51650.0,164,165,3,0,162,164,134313,2,0,0,2,1
2020-05-21,US,Virginia,Hanover,244,19,0,37.7583355,-77.49464673,51085.0,225,238,19,0,219,232,107239,6,0,0,6,6
2020-05-21,US,Virginia,Harrisonburg,695,21,0,38.43542574,-78.87536254,51660.0,674,675,21,0,654,647,54033,20,0,0,20,28
2020-05-21,US,Virginia,Henrico,1339,114,0,37.53460572,-77.39326555,51087.0,1225,1321,114,0,1207,1299,329261,18,0,0,18,22
2020-05-21,US,Virginia,Henry,53,2,0,36.68542395,-79.87634026,51089.0,51,50,2,0,48,46,50953,3,0,0,3,4
2020-05-21,US,Virginia,Highland,3,0,0,38.35799465,-79.56124594,51091.0,3,2,0,0,2,2,2210,1,0,0,1,0
2020-05-21,US,Virginia,Hopewell,62,0,0,37.29186313,-77.29754684,51670.0,62,61,0,0,61,58,22596,1,0,0,1,3
2020-05-21,US,Virginia,Isle of Wight,121,3,0,36.90579348,-76.70842863,51093.0,118,120,3,0,117,119,36953,1,0,0,1,1
2020-05-21,US,Virginia,James City,189,15,0,37.31156958,-76.76950618,51095.0,174,189,15,0,174,189,76397,0,0,0,0,0
2020-05-21,US,Virginia,King George,49,4,0,38.26818502,-77.15852768,51099.0,45,48,4,0,44,48,26575,1,0,0,1,0
2020-05-21,US,Virginia,King William,16,1,0,37.70965316,-77.09384941,51101.0,15,15,1,0,14,15,16939,1,0,0,1,0
2020-05-21,US,Virginia,King and Queen,7,0,0,37.71044922,-76.88689628,51097.0,7,7,0,0,7,7,7042,0,0,0,0,0
2020-05-21,US,Virginia,Lancaster,8,0,0,37.71889653,-76.46400482,51103.0,8,7,0,0,7,7,10783,1,0,0,1,0
2020-05-21,US,Virginia,Lee,10,0,0,36.70586667,-83.12606515,51105.0,10,10,0,0,10,10,23541,0,0,0,0,0
2020-05-21,US,Virginia,Lexington,6,0,0,37.78258621,-79.44262866,51678.0,6,6,0,0,6,6,7136,0,0,0,0,0
2020-05-21,US,Virginia,Loudoun,1700,49,0,39.08990083,-77.63481877,51107.0,1651,1579,49,0,1530,1527,406850,121,0,0,121,52
2020-05-21,US,Virginia,Louisa,64,0,0,37.97850256,-77.96274807,51109.0,64,61,0,0,61,60,36778,3,0,0,3,1
2020-05-21,US,Virginia,Lunenburg,7,0,0,36.94618528,-78.24133319,51111.0,7,7,0,0,7,7,12086,0,0,0,0,0
2020-05-21,US,Virginia,Lynchburg,75,1,0,37.40021399,-79.19888138,51680.0,74,75,1,0,74,75,82126,0,0,0,0,0
2020-05-21,US,Virginia,Madison,27,1,0,38.41531222,-78.28220331,51113.0,26,27,1,0,26,27,13295,0,0,0,0,0
2020-05-21,US,Virginia,Manassas,743,6,0,38.7464321,-77.48509905,51683.0,737,699,6,0,693,680,41641,44,0,0,44,19
2020-05-21,US,Virginia,Manassas Park,223,3,0,38.77058531,-77.44399307,51685.0,220,207,3,0,204,202,17307,16,0,0,16,5
2020-05-21,US,Virginia,Martinsville,21,0,0,36.68212094,-79.86352771,51690.0,21,20,0,0,20,16,12902,1,0,0,1,4
2020-05-21,US,Virginia,Mathews,5,0,0,37.44164146,-76.34098896,51115.0,5,5,0,0,5,5,8802,0,0,0,0,0
2020-05-21,US,Virginia,Mecklenburg,185,20,0,36.67882005,-78.36131056,51117.0,165,178,19,0,159,178,30650,7,1,0,6,0
2020-05-21,US,Virginia,Middlesex,12,0,0,37.63191998,-76.55064617,51119.0,12,12,0,0,12,12,10769,0,0,0,0,0
2020-05-21,US,Virginia,Montgomery,67,1,0,37.17746986,-80.37868691,51121.0,66,66,1,0,65,66,98985,1,0,0,1,0
2020-05-21,US,Virginia,Nelson,13,0,0,37.78790447,-78.88498513,51125.0,13,13,0,0,13,13,14836,0,0,0,0,0
2020-05-21,US,Virginia,New Kent,26,1,0,37.50694406,-76.99828634,51127.0,25,27,1,0,26,27,22391,-1,0,0,-1,0
2020-05-21,US,Virginia,Newport News,215,10,0,37.08166899,-76.51754109,51700.0,205,211,10,0,201,209,178626,4,0,0,4,2
2020-05-21,US,Virginia,Norfolk,377,6,0,36.89934014,-76.26420872,51710.0,371,370,6,0,364,370,244076,7,0,0,7,0
2020-05-21,US,Virginia,Northampton,206,16,0,37.34062933,-75.87751591,51131.0,190,205,15,0,190,204,11735,1,1,0,0,1
2020-05-21,US,Virginia,Northumberland,21,1,0,37.89202088,-76.41949732,51133.0,20,21,1,0,20,20,12147,0,0,0,0,1
2020-05-21,US,Virginia,Norton,2,0,0,36.93357076,-82.62750411,51720.0,2,2,0,0,2,2,3968,0,0,0,0,0
2020-05-21,US,Virginia,Nottoway,19,0,0,37.1435975,-78.05065922,51135.0,19,18,0,0,18,18,15420,1,0,0,1,0
2020-05-21,US,Virginia,Orange,73,0,0,38.24530219,-78.01560400000002,51137.0,73,69,0,0,69,67,36644,4,0,0,4,2
2020-05-21,US,Virginia,Page,166,19,0,38.61807452,-78.48797204,51139.0,147,166,17,0,149,165,23933,0,2,0,-2,1
2020-05-21,US,Virginia,Patrick,12,0,0,36.680163799999995,-80.2865648,51141.0,12,10,0,0,10,9,17673,2,0,0,2,1
2020-05-21,US,Virginia,Petersburg,84,2,0,37.20530399,-77.39368102,51730.0,82,80,2,0,78,75,31567,4,0,0,4,5
2020-05-21,US,Virginia,Pittsylvania,26,1,0,36.81980341,-79.39731264,51143.0,25,26,1,0,25,26,60949,0,0,0,0,0
2020-05-21,US,Virginia,Poquoson,7,0,0,37.14259351,-76.35798148,51735.0,7,7,0,0,7,7,12190,0,0,0,0,0
2020-05-21,US,Virginia,Portsmouth,245,11,0,36.85914825,-76.35971629,51740.0,234,241,11,0,230,237,94632,4,0,0,4,4
2020-05-21,US,Virginia,Powhatan,26,0,0,37.55016038,-77.91267882,51145.0,26,25,0,0,25,25,29189,1,0,0,1,0
2020-05-21,US,Virginia,Prince Edward,99,2,0,37.22554789,-78.43597949,51147.0,97,86,2,0,84,83,22950,13,0,0,13,3
2020-05-21,US,Virginia,Prince George,56,0,0,37.18497668,-77.22922187,51149.0,56,56,0,0,56,56,38082,0,0,0,0,0
2020-05-21,US,Virginia,Prince William,4183,79,0,38.70916224,-77.48713689,51153.0,4104,4054,79,0,3975,3934,468011,129,0,0,129,120
2020-05-21,US,Virginia,Pulaski,10,0,0,37.06474963,-80.71229738,51155.0,10,10,0,0,10,10,34066,0,0,0,0,0
2020-05-21,US,Virginia,Radford,4,0,0,37.12222899,-80.56027320000003,51750.0,4,4,0,0,4,3,18339,0,0,0,0,1
2020-05-21,US,Virginia,Rappahannock,12,0,0,38.68295619,-78.15826963,51157.0,12,12,0,0,12,12,7252,0,0,0,0,0
2020-05-21,US,Virginia,Richmond,263,4,0,37.937575,-76.72920628,51159.0,259,263,4,0,259,265,9038,0,0,0,0,-2
2020-05-21,US,Virginia,Richmond City,888,20,0,37.53255773,-77.47966921,51760.0,868,835,19,0,816,811,228783,53,1,0,52,24
2020-05-21,US,Virginia,Roanoke,89,3,0,37.26865804,-80.06396753,51161.0,86,88,3,0,85,88,94073,1,0,0,1,0
2020-05-21,US,Virginia,Roanoke City,135,8,0,37.27791025,-79.96189766,51770.0,127,135,8,0,127,135,99920,0,0,0,0,0
2020-05-21,US,Virginia,Rockbridge,12,0,0,37.81204314,-79.44605905,51163.0,12,13,0,0,13,13,22752,-1,0,0,-1,0
2020-05-21,US,Virginia,Rockingham,434,6,0,38.51006137,-78.87260325,51165.0,428,414,5,0,409,401,81244,20,1,0,19,13
2020-05-21,US,Virginia,Russell,8,0,0,36.93028320000001,-82.10095486,51167.0,8,8,0,0,8,8,26748,0,0,0,0,0
2020-05-21,US,Virginia,Salem,33,0,0,37.2836193,-80.06219455,51775.0,33,33,0,0,33,33,25643,0,0,0,0,0
2020-05-21,US,Virginia,Scott,8,2,0,36.71466456,-82.60171704,51169.0,6,7,2,0,5,7,21534,1,0,0,1,0
2020-05-21,US,Virginia,Shenandoah,355,12,0,38.85905135,-78.56813762,51171.0,343,345,12,0,333,329,43497,10,0,0,10,16
2020-05-21,US,Virginia,Smyth,15,0,0,36.84455636,-81.53344948,51173.0,15,15,0,0,15,15,30472,0,0,0,0,0
2020-05-21,US,Virginia,Southampton,138,2,0,36.72231125,-77.10642712,51175.0,136,137,2,0,135,137,17586,1,0,0,1,0
2020-05-21,US,Virginia,Spotsylvania,366,4,0,38.18574462,-77.655399,51177.0,362,351,4,0,347,339,134238,15,0,0,15,12
2020-05-21,US,Virginia,Stafford,540,4,0,38.41758738,-77.45917053,51179.0,536,514,4,0,510,501,149960,26,0,0,26,13
2020-05-21,US,Virginia,Staunton,34,0,0,38.15965544,-79.05979937,51790.0,34,33,0,0,33,32,24922,1,0,0,1,1
2020-05-21,US,Virginia,Suffolk,278,25,0,36.70155394,-76.63603554,51800.0,253,274,25,0,249,269,91185,4,0,0,4,5
2020-05-21,US,Virginia,Surry,6,1,0,37.11781893,-76.88450012,51181.0,5,6,1,0,5,6,6474,0,0,0,0,0
2020-05-21,US,Virginia,Sussex,100,1,0,36.92432914,-77.25791182,51183.0,99,99,1,0,98,98,11237,1,0,0,1,1
2020-05-21,US,Virginia,Tazewell,6,0,0,37.12191123,-81.56685568,51185.0,6,6,0,0,6,6,40855,0,0,0,0,0
2020-05-21,US,Virginia,Virginia Beach,584,19,0,36.73285734,-76.04566934,51810.0,565,564,19,0,545,559,450189,20,0,0,20,5
2020-05-21,US,Virginia,Warren,110,2,0,38.90847745,-78.20280433,51187.0,108,105,2,0,103,103,40003,5,0,0,5,2
2020-05-21,US,Virginia,Washington,51,4,0,36.72341572,-81.95666289,51191.0,47,50,4,0,46,50,54402,1,0,0,1,0
2020-05-21,US,Virginia,Waynesboro,33,0,0,38.06451466,-78.90293905,51820.0,33,29,0,0,29,28,22628,4,0,0,4,1
2020-05-21,US,Virginia,Westmoreland,43,0,0,38.11021557,-76.80213247,51193.0,43,42,0,0,42,43,17830,1,0,0,1,-1
2020-05-21,US,Virginia,Williamsburg,43,3,0,37.28131268,-76.70905141,51830.0,40,43,3,0,40,43,14896,0,0,0,0,0
2020-05-21,US,Virginia,Winchester,110,1,0,39.17054517,-78.17325058,51840.0,109,104,1,0,103,96,28108,6,0,0,6,8
2020-05-21,US,Virginia,Wise,24,2,0,36.9746148,-82.62410519,51195.0,22,23,2,0,21,23,38012,1,0,0,1,0
2020-05-21,US,Virginia,Wythe,16,1,0,36.91582035,-81.07834059,51197.0,15,16,1,0,15,16,28754,0,0,0,0,0
2020-05-21,US,Virginia,York,65,3,0,37.24374789,-76.54412815,51199.0,62,63,3,0,60,63,67846,2,0,0,2,0
2020-05-21,US,Washington,Adams,50,0,0,46.98299757,-118.56017340000001,53001.0,50,50,0,0,50,50,19759,0,0,0,0,0
2020-05-21,US,Washington,Asotin,18,2,0,46.18894415,-117.2022851,53003.0,16,18,2,0,16,18,22610,0,0,0,0,0
2020-05-21,US,Washington,Benton,666,58,0,46.23946995,-119.51208340000001,53005.0,608,660,58,0,602,652,201877,6,0,0,6,8
2020-05-21,US,Washington,Chelan,198,6,0,47.87046092,-120.6173956,53007.0,192,186,6,0,180,182,77036,12,0,0,12,4
2020-05-21,US,Washington,Clallam,25,0,0,48.04754642,-123.92263190000001,53009.0,25,25,0,0,25,21,76737,0,0,0,0,4
2020-05-21,US,Washington,Clark,394,22,0,45.77568046,-122.48292040000001,53011.0,372,392,22,0,370,391,481857,2,0,0,2,1
2020-05-21,US,Washington,Columbia,1,0,0,46.29442881,-117.9051983,53013.0,1,1,0,0,1,1,4059,0,0,0,0,0
2020-05-21,US,Washington,Cowlitz,71,0,0,46.19074721,-122.6782231,53015.0,71,70,0,0,70,69,108987,1,0,0,1,1
2020-05-21,US,Washington,Douglas,137,3,0,47.7361335,-119.69293700000001,53017.0,134,132,3,0,129,130,42907,5,0,0,5,2
2020-05-21,US,Washington,Ferry,1,0,0,48.471143100000006,-118.5154041,53019.0,1,1,0,0,1,1,7649,0,0,0,0,0
2020-05-21,US,Washington,Franklin,472,18,0,46.53351425,-118.9018212,53021.0,454,466,18,0,448,464,94347,6,0,0,6,2
2020-05-21,US,Washington,Grant,188,4,0,47.20753737,-119.4500749,53025.0,184,188,4,0,184,186,97331,0,0,0,0,2
2020-05-21,US,Washington,Grays Harbor,15,0,0,47.14003705,-123.7820567,53027.0,15,15,0,0,15,15,73901,0,0,0,0,0
2020-05-21,US,Washington,Island,177,10,0,48.14713305,-122.5216407,53029.0,167,176,10,0,166,176,84460,1,0,0,1,0
2020-05-21,US,Washington,Jefferson,30,0,0,47.75003077,-123.56097040000002,53031.0,30,30,0,0,30,30,31729,0,0,0,0,0
2020-05-21,US,Washington,King,7630,539,0,47.49137892,-121.8346131,53033.0,7091,7602,535,0,7067,7565,2233163,28,4,0,24,37
2020-05-21,US,Washington,Kitsap,161,2,0,47.63479026,-122.6436061,53035.0,159,161,2,0,159,161,269805,0,0,0,0,0
2020-05-21,US,Washington,Kittitas,66,0,0,47.12521214,-120.67943899999999,53037.0,66,66,0,0,66,61,47364,0,0,0,0,5
2020-05-21,US,Washington,Klickitat,24,3,0,45.87325839,-120.7913598,53039.0,21,24,3,0,21,25,22107,0,0,0,0,-1
2020-05-21,US,Washington,Lewis,35,3,0,46.57756476,-122.39257690000001,53041.0,32,35,3,0,32,35,79604,0,0,0,0,0
2020-05-21,US,Washington,Lincoln,2,0,0,47.57705241,-118.41943880000001,53043.0,2,2,0,0,2,2,10740,0,0,0,0,0
2020-05-21,US,Washington,Mason,33,1,0,47.35007586,-123.1863685,53045.0,32,33,1,0,32,33,65507,0,0,0,0,0
2020-05-21,US,Washington,Okanogan,42,1,0,48.54855019,-119.73872240000001,53047.0,41,40,1,0,39,40,42132,2,0,0,2,0
2020-05-21,US,Washington,Pacific,9,1,0,46.55418369,-123.7285716,53049.0,8,9,1,0,8,9,22036,0,0,0,0,0
2020-05-21,US,Washington,Pend Oreille,2,0,0,48.53234021,-117.2741804,53051.0,2,2,0,0,2,2,13602,0,0,0,0,0
2020-05-21,US,Washington,Pierce,1719,69,0,47.03892768,-122.14059579999999,53053.0,1650,1716,68,0,1648,1704,891299,3,1,0,2,12
2020-05-21,US,Washington,San Juan,15,0,0,48.60182783,-122.96745,53055.0,15,15,0,0,15,15,17128,0,0,0,0,0
2020-05-21,US,Washington,Skagit,426,15,0,48.48171488,-121.766131,53057.0,411,426,15,0,411,426,128206,0,0,0,0,0
2020-05-21,US,Washington,Skamania,3,0,0,46.02408726,-121.91644029999999,53059.0,3,3,0,0,3,3,11924,0,0,0,0,0
2020-05-21,US,Washington,Snohomish,2846,133,0,48.04615983,-121.7170703,53061.0,2713,2826,132,0,2694,2818,814901,20,1,0,19,8
2020-05-21,US,Washington,Spokane,421,31,0,47.62113146,-117.4046494,53063.0,390,415,31,0,384,411,514631,6,0,0,6,4
2020-05-21,US,Washington,Stevens,10,1,0,48.40035475,-117.8542701,53065.0,9,10,1,0,9,10,45260,0,0,0,0,0
2020-05-21,US,Washington,Thurston,124,1,0,46.9291895,-122.82906559999999,53067.0,123,124,1,0,123,124,286419,0,0,0,0,0
2020-05-21,US,Washington,Unassigned,66,0,0,0.0,0.0,90053.0,66,48,0,0,48,52,,18,0,0,18,-4
2020-05-21,US,Washington,Wahkiakum,4,0,0,46.29180039999999,-123.4250831,53069.0,4,4,0,0,4,4,4426,0,0,0,0,0
2020-05-21,US,Washington,Walla Walla,106,2,0,46.23040051,-118.4775539,53071.0,104,106,2,0,104,106,60922,0,0,0,0,0
2020-05-21,US,Washington,Whatcom,363,36,0,48.82227976,-121.74900179999999,53073.0,327,360,36,0,324,359,225685,3,0,0,3,1
2020-05-21,US,Washington,Whitman,16,0,0,46.90022523,-117.52417630000001,53075.0,16,16,0,0,16,16,49791,0,0,0,0,0
2020-05-21,US,Washington,Yakima,2551,83,0,46.45738486,-120.73801259999999,53077.0,2468,2518,82,0,2436,2444,251446,33,1,0,32,74
2020-05-21,US,West Virginia,Barbour,7,1,0,39.1307219,-80.00350858,54001.0,6,7,1,0,6,7,16535,0,0,0,0,0
2020-05-21,US,West Virginia,Berkeley,248,6,0,39.46704621,-78.02414609,54003.0,242,245,6,0,239,215,117123,3,0,0,3,30
2020-05-21,US,West Virginia,Boone,9,0,0,38.01974191,-81.69888019,54005.0,9,9,0,0,9,9,21951,0,0,0,0,0
2020-05-21,US,West Virginia,Braxton,2,0,0,38.70036159,-80.72011184,54007.0,2,2,0,0,2,2,14089,0,0,0,0,0
2020-05-21,US,West Virginia,Brooke,3,0,0,40.27367263,-80.57915332,54009.0,3,3,0,0,3,3,22203,0,0,0,0,0
2020-05-21,US,West Virginia,Cabell,55,0,0,38.42424062,-82.23855912,54011.0,55,55,0,0,55,56,93224,0,0,0,0,-1
2020-05-21,US,West Virginia,Calhoun,2,0,0,38.84315422,-81.11934872,54013.0,2,2,0,0,2,2,7254,0,0,0,0,0
2020-05-21,US,West Virginia,Clay,2,0,0,38.46231092,-81.07652217,54015.0,2,2,0,0,2,2,8632,0,0,0,0,0
2020-05-21,US,West Virginia,Fayette,39,3,0,38.02974928,-81.08286634,54019.0,36,39,3,0,36,38,43018,0,0,0,0,1
2020-05-21,US,West Virginia,Gilmer,9,0,0,38.9251277,-80.85952723,54021.0,9,9,0,0,9,8,8026,0,0,0,0,1
2020-05-21,US,West Virginia,Grant,6,0,0,39.10314817,-79.19440518,54023.0,6,6,0,0,6,6,11626,0,0,0,0,0
2020-05-21,US,West Virginia,Greenbrier,9,0,0,37.9463652,-80.45335881,54025.0,9,9,0,0,9,9,34786,0,0,0,0,0
2020-05-21,US,West Virginia,Hampshire,12,1,0,39.32103553,-78.60826476,54027.0,11,12,1,0,11,12,23347,0,0,0,0,0
2020-05-21,US,West Virginia,Hancock,13,0,0,40.51943859,-80.57461608,54029.0,13,12,0,0,12,12,29094,1,0,0,1,0
2020-05-21,US,West Virginia,Hardy,34,0,0,39.00683177,-78.85855301,54031.0,34,33,0,0,33,31,13775,1,0,0,1,2
2020-05-21,US,West Virginia,Harrison,37,1,0,39.2853852,-80.37919577,54033.0,36,37,1,0,36,35,67554,0,0,0,0,2
2020-05-21,US,West Virginia,Jackson,135,17,0,38.84263974,-81.68148753,54035.0,118,135,17,0,118,135,28706,0,0,0,0,0
2020-05-21,US,West Virginia,Jefferson,131,1,0,39.30776166,-77.86014147,54037.0,130,115,1,0,114,101,56811,16,0,0,16,14
2020-05-21,US,West Virginia,Kanawha,205,18,0,38.33860077,-81.52857054,54039.0,187,205,17,0,188,203,180454,0,1,0,-1,2
2020-05-21,US,West Virginia,Lewis,5,0,0,38.9947249,-80.49988181,54041.0,5,5,0,0,5,5,16024,0,0,0,0,0
2020-05-21,US,West Virginia,Lincoln,5,0,0,38.172154,-82.07017953,54043.0,5,5,0,0,5,5,20599,0,0,0,0,0
2020-05-21,US,West Virginia,Logan,15,1,0,37.8299889,-81.93528571,54045.0,14,15,1,0,14,15,32607,0,0,0,0,0
2020-05-21,US,West Virginia,Marion,48,2,0,39.50984542,-80.24244659,54049.0,46,48,2,0,46,48,56097,0,0,0,0,0
2020-05-21,US,West Virginia,Marshall,26,0,0,39.86064362,-80.66591062,54051.0,26,25,0,0,25,25,30785,1,0,0,1,0
2020-05-21,US,West Virginia,Mason,15,0,0,38.77071799,-82.02524219,54053.0,15,15,0,0,15,15,26718,0,0,0,0,0
2020-05-21,US,West Virginia,McDowell,6,0,0,37.38002939,-81.65083669,54047.0,6,6,0,0,6,6,18223,0,0,0,0,0
2020-05-21,US,West Virginia,Mercer,13,0,0,37.40481169,-81.11023142,54055.0,13,13,0,0,13,13,59131,0,0,0,0,0
2020-05-21,US,West Virginia,Mineral,34,0,0,39.41561583,-78.94104895,54057.0,34,34,0,0,34,29,26940,0,0,0,0,5
2020-05-21,US,West Virginia,Mingo,3,1,0,37.73048351,-82.13338365,54059.0,2,3,1,0,2,3,23785,0,0,0,0,0
2020-05-21,US,West Virginia,Monongalia,118,5,0,39.63218457,-80.04766838,54061.0,113,118,5,0,113,116,106420,0,0,0,0,2
2020-05-21,US,West Virginia,Monroe,6,0,0,37.56274716,-80.54577965,54063.0,6,6,0,0,6,6,13280,0,0,0,0,0
2020-05-21,US,West Virginia,Morgan,17,0,0,39.55439028,-78.26311676,54065.0,17,17,0,0,17,17,17787,0,0,0,0,0
2020-05-21,US,West Virginia,Nicholas,9,1,0,38.29617706,-80.79759588,54067.0,8,9,1,0,8,9,24842,0,0,0,0,0
2020-05-21,US,West Virginia,Ohio,38,1,0,40.0955451,-80.62203992,54069.0,37,37,1,0,36,37,41755,1,0,0,1,0
2020-05-21,US,West Virginia,Pendleton,5,0,0,38.68314479,-79.35084086,54071.0,5,5,0,0,5,5,6997,0,0,0,0,0
2020-05-21,US,West Virginia,Pleasants,2,0,0,39.37091679,-81.16771771,54073.0,2,2,0,0,2,2,7507,0,0,0,0,0
2020-05-21,US,West Virginia,Pocahontas,13,0,0,38.32758728,-80.00993811,54075.0,13,10,0,0,10,8,8414,3,0,0,3,2
2020-05-21,US,West Virginia,Preston,15,0,0,39.46770987,-79.66712803,54077.0,15,15,0,0,15,15,33839,0,0,0,0,0
2020-05-21,US,West Virginia,Putnam,30,0,0,38.50782345,-81.9082131,54079.0,30,30,0,0,30,29,56682,0,0,0,0,1
2020-05-21,US,West Virginia,Raleigh,14,0,0,37.76936795,-81.2456041,54081.0,14,14,0,0,14,12,74254,0,0,0,0,2
2020-05-21,US,West Virginia,Randolph,9,0,0,38.769899,-79.87919615,54083.0,9,9,0,0,9,7,28823,0,0,0,0,2
2020-05-21,US,West Virginia,Ritchie,1,0,0,39.18094587,-81.06356878,54085.0,1,1,0,0,1,1,9721,0,0,0,0,0
2020-05-21,US,West Virginia,Roane,8,0,0,38.71622686,-81.35243568,54087.0,8,8,0,0,8,9,13932,0,0,0,0,-1
2020-05-21,US,West Virginia,Summers,1,0,0,37.65390597,-80.86009693,54089.0,1,1,0,0,1,1,12760,0,0,0,0,0
2020-05-21,US,West Virginia,Taylor,8,0,0,39.33602617,-80.0421439,54091.0,8,8,0,0,8,8,16862,0,0,0,0,0
2020-05-21,US,West Virginia,Tucker,4,0,0,39.11240885,-79.57053576,54093.0,4,4,0,0,4,4,6955,0,0,0,0,0
2020-05-21,US,West Virginia,Tyler,3,0,0,39.46811972,-80.88772676,54095.0,3,3,0,0,3,3,8746,0,0,0,0,0
2020-05-21,US,West Virginia,Upshur,6,0,0,38.89285061,-80.23689136,54097.0,6,6,0,0,6,6,24415,0,0,0,0,0
2020-05-21,US,West Virginia,Wayne,96,9,0,38.14901357,-82.42287994,54099.0,87,96,9,0,87,96,39944,0,0,0,0,0
2020-05-21,US,West Virginia,Wetzel,7,0,0,39.6065771,-80.64016540000001,54103.0,7,7,0,0,7,7,15270,0,0,0,0,0
2020-05-21,US,West Virginia,Wirt,4,0,0,39.02775007,-81.37473928,54105.0,4,4,0,0,4,3,5830,0,0,0,0,1
2020-05-21,US,West Virginia,Wood,48,2,0,39.20967886,-81.5162836,54107.0,46,48,2,0,46,48,84203,0,0,0,0,0
2020-05-21,US,West Virginia,Wyoming,3,0,0,37.612327,-81.54511071,54109.0,3,3,0,0,3,3,20786,0,0,0,0,0
2020-05-21,US,Wisconsin,Adams,4,1,0,43.96974651,-89.76782777,55001.0,3,4,1,0,3,4,20348,0,0,0,0,0
2020-05-21,US,Wisconsin,Ashland,2,0,0,46.31956891,-90.67837132,55003.0,2,2,0,0,2,2,15600,0,0,0,0,0
2020-05-21,US,Wisconsin,Barron,11,0,0,45.42372701,-91.84833627,55005.0,11,11,0,0,11,11,45164,0,0,0,0,0
2020-05-21,US,Wisconsin,Bayfield,3,1,0,46.52868768,-91.19716729,55007.0,2,3,1,0,2,3,15042,0,0,0,0,0
2020-05-21,US,Wisconsin,Brown,2177,29,0,44.452655299999996,-88.00411844,55009.0,2148,2135,29,0,2106,2118,263378,42,0,0,42,17
2020-05-21,US,Wisconsin,Buffalo,5,1,0,44.37835084,-91.75332578,55011.0,4,5,1,0,4,5,13125,0,0,0,0,0
2020-05-21,US,Wisconsin,Burnett,1,1,0,45.86303537,-92.36711412,55013.0,0,1,1,0,0,1,15392,0,0,0,0,0
2020-05-21,US,Wisconsin,Calumet,61,1,0,44.0816316,-88.21780273,55015.0,60,60,1,0,59,58,50159,1,0,0,1,2
2020-05-21,US,Wisconsin,Chippewa,45,0,0,45.06939744,-91.28068855,55017.0,45,43,0,0,43,42,64135,2,0,0,2,1
2020-05-21,US,Wisconsin,Clark,29,4,0,44.73483377,-90.61207486,55019.0,25,30,4,0,26,29,34709,-1,0,0,-1,1
2020-05-21,US,Wisconsin,Columbia,36,1,0,43.46492199,-89.33589004,55021.0,35,37,1,0,36,36,57358,-1,0,0,-1,1
2020-05-21,US,Wisconsin,Crawford,24,0,0,43.23870316,-90.93073686,55023.0,24,23,0,0,23,23,16291,1,0,0,1,0
2020-05-21,US,Wisconsin,Dane,576,26,0,43.06601594,-89.41733797,55025.0,550,563,26,0,537,541,542364,13,0,0,13,22
2020-05-21,US,Wisconsin,Dodge,121,1,0,43.41576662,-88.70928178,55027.0,120,112,1,0,111,109,87847,9,0,0,9,3
2020-05-21,US,Wisconsin,Door,34,3,0,44.95856458,-87.30002707,55029.0,31,34,3,0,31,33,27610,0,0,0,0,1
2020-05-21,US,Wisconsin,Douglas,15,0,0,46.43222285,-91.91595768,55031.0,15,15,0,0,15,15,43208,0,0,0,0,0
2020-05-21,US,Wisconsin,Dunn,20,0,0,44.94562799,-91.8962481,55033.0,20,20,0,0,20,20,45131,0,0,0,0,0
2020-05-21,US,Wisconsin,Eau Claire,82,0,0,44.726614,-91.28609183,55035.0,82,78,0,0,78,75,104534,4,0,0,4,3
2020-05-21,US,Wisconsin,Florence,2,0,0,45.84963535,-88.39804137,55037.0,2,2,0,0,2,2,4321,0,0,0,0,0
2020-05-21,US,Wisconsin,Fond du Lac,148,4,0,43.75354908,-88.48885325,55039.0,144,148,3,0,145,145,103066,0,1,0,-1,3
2020-05-21,US,Wisconsin,Forest,11,0,0,45.66678019,-88.77084892,55041.0,11,11,0,0,11,9,8991,0,0,0,0,2
2020-05-21,US,Wisconsin,Grant,78,10,0,42.8671731,-90.7063218,55043.0,68,78,10,0,68,75,51554,0,0,0,0,3
2020-05-21,US,Wisconsin,Green,49,0,0,42.6794956,-89.60243287,55045.0,49,49,0,0,49,46,36929,0,0,0,0,3
2020-05-21,US,Wisconsin,Green Lake,12,0,0,43.80025981,-89.04679553,55047.0,12,11,0,0,11,11,18918,1,0,0,1,0
2020-05-21,US,Wisconsin,Iowa,11,0,0,43.00050278,-90.13469017,55049.0,11,11,0,0,11,11,23771,0,0,0,0,0
2020-05-21,US,Wisconsin,Iron,2,1,0,46.26302338,-90.24295041,55051.0,1,2,1,0,1,2,5676,0,0,0,0,0
2020-05-21,US,Wisconsin,Jackson,15,1,0,44.31864893,-90.80566792,55053.0,14,15,1,0,14,15,20478,0,0,0,0,0
2020-05-21,US,Wisconsin,Jefferson,67,2,0,43.02054068,-88.77529134,55055.0,65,62,2,0,60,62,85129,5,0,0,5,0
2020-05-21,US,Wisconsin,Juneau,22,1,0,43.92456975,-90.11120239,55057.0,21,22,1,0,21,22,26617,0,0,0,0,0
2020-05-21,US,Wisconsin,Kenosha,921,21,0,42.57639354,-88.04051686,55059.0,900,889,21,0,868,866,169290,32,0,0,32,23
2020-05-21,US,Wisconsin,Kewaunee,32,1,0,44.51727459,-87.61468386,55061.0,31,31,1,0,30,31,20383,1,0,0,1,0
2020-05-21,US,Wisconsin,La Crosse,47,0,0,43.90632465,-91.11451093,55063.0,47,47,0,0,47,47,118230,0,0,0,0,0
2020-05-21,US,Wisconsin,Lafayette,16,0,0,42.66005229,-90.1317729,55065.0,16,17,0,0,17,16,16665,-1,0,0,-1,1
2020-05-21,US,Wisconsin,Langlade,1,0,0,45.26271619,-89.07483625,55067.0,1,,,,,,19268,,,,,
2020-05-21,US,Wisconsin,Lincoln,3,0,0,45.33737523,-89.73411273,55069.0,3,3,0,0,3,3,27689,0,0,0,0,0
2020-05-21,US,Wisconsin,Manitowoc,28,1,0,44.11946801,-87.80928853,55071.0,27,26,1,0,25,25,79074,2,0,0,2,1
2020-05-21,US,Wisconsin,Marathon,35,1,0,44.89792533,-89.75863384,55073.0,34,35,1,0,34,34,135428,0,0,0,0,1
2020-05-21,US,Wisconsin,Marinette,28,2,0,45.38553432,-88.03324599999998,55075.0,26,28,2,0,26,25,40434,0,0,0,0,3
2020-05-21,US,Wisconsin,Marquette,3,1,0,43.81911946,-89.40073763,55077.0,2,3,1,0,2,3,15434,0,0,0,0,0
2020-05-21,US,Wisconsin,Menominee,2,0,0,45.00422544,-88.70950714,55078.0,2,2,0,0,2,2,4658,0,0,0,0,0
2020-05-21,US,Wisconsin,Milwaukee,5556,269,0,43.00486062,-87.96733172,55079.0,5287,5373,265,0,5108,5076,948201,183,4,0,179,297
2020-05-21,US,Wisconsin,Monroe,16,1,0,43.94641218,-90.61881899999999,55081.0,15,15,1,0,14,15,46051,1,0,0,1,0
2020-05-21,US,Wisconsin,Oconto,31,0,0,45.02715345,-88.26807503,55083.0,31,31,0,0,31,30,37830,0,0,0,0,1
2020-05-21,US,Wisconsin,Oneida,7,0,0,45.70677897,-89.51944105,55085.0,7,7,0,0,7,7,35470,0,0,0,0,0
2020-05-21,US,Wisconsin,Outagamie,161,5,0,44.41578887,-88.46565023,55087.0,156,153,5,0,148,146,187365,8,0,0,8,7
2020-05-21,US,Wisconsin,Ozaukee,131,11,0,43.38352225,-87.94625009,55089.0,120,130,11,0,119,125,89147,1,0,0,1,5
2020-05-21,US,Wisconsin,Pepin,1,0,0,44.58307413,-91.99949611,55091.0,1,1,0,0,1,1,7289,0,0,0,0,0
2020-05-21,US,Wisconsin,Pierce,30,0,0,44.71850291,-92.4224416,55093.0,30,26,0,0,26,22,42555,4,0,0,4,4
2020-05-21,US,Wisconsin,Polk,9,1,0,45.46130348,-92.44182875,55095.0,8,7,1,0,6,7,43598,2,0,0,2,0
2020-05-21,US,Wisconsin,Portage,8,0,0,44.47558711,-89.50152965,55097.0,8,7,0,0,7,7,70942,1,0,0,1,0
2020-05-21,US,Wisconsin,Price,2,0,0,45.68051754,-90.36098879999999,55099.0,2,1,0,0,1,1,13397,1,0,0,1,0
2020-05-21,US,Wisconsin,Racine,1166,20,0,42.74753117,-88.05941254,55101.0,1146,1115,20,0,1095,1061,196584,51,0,0,51,54
2020-05-21,US,Wisconsin,Richland,14,4,0,43.3762778,-90.43012729,55103.0,10,14,3,0,11,14,17377,0,1,0,-1,0
2020-05-21,US,Wisconsin,Rock,493,14,0,42.67151616,-89.07147900000002,55105.0,479,452,14,0,438,438,163129,41,0,0,41,14
2020-05-21,US,Wisconsin,Rusk,4,0,0,45.47498854,-91.1333012,55107.0,4,4,0,0,4,4,14147,0,0,0,0,0
2020-05-21,US,Wisconsin,Sauk,77,3,0,43.42574087,-89.94966132,55111.0,74,77,3,0,74,77,64249,0,0,0,0,0
2020-05-21,US,Wisconsin,Sawyer,7,0,0,45.87931905,-91.14504927,55113.0,7,4,0,0,4,4,16489,3,0,0,3,0
2020-05-21,US,Wisconsin,Shawano,36,0,0,44.78902246,-88.76443896,55115.0,36,34,0,0,34,33,40796,2,0,0,2,1
2020-05-21,US,Wisconsin,Sheboygan,76,3,0,43.72099677,-87.94579284,55117.0,73,73,3,0,70,70,115456,3,0,0,3,3
2020-05-21,US,Wisconsin,St. Croix,57,0,0,45.03437474,-92.45000068,55109.0,57,52,0,0,52,48,89694,5,0,0,5,4
2020-05-21,US,Wisconsin,Taylor,1,0,0,45.21179252,-90.5004405,55119.0,1,,,,,,20412,,,,,
2020-05-21,US,Wisconsin,Trempealeau,13,0,0,44.30360275,-91.35893614,55121.0,13,11,0,0,11,11,29442,2,0,0,2,0
2020-05-21,US,Wisconsin,Vernon,13,0,0,43.59422667,-90.8324691,55123.0,13,12,0,0,12,12,30785,1,0,0,1,0
2020-05-21,US,Wisconsin,Vilas,5,0,0,46.05467334,-89.51719204,55125.0,5,4,0,0,4,4,21938,1,0,0,1,0
2020-05-21,US,Wisconsin,Walworth,316,11,0,42.66858202,-88.54163073,55127.0,305,296,11,0,285,287,103718,20,0,0,20,9
2020-05-21,US,Wisconsin,Washburn,2,0,0,45.89838588,-91.79050449,55129.0,2,1,0,0,1,1,15878,1,0,0,1,0
2020-05-21,US,Wisconsin,Washington,171,4,0,43.36863664,-88.22974712,55131.0,167,163,4,0,159,155,135693,8,0,0,8,8
2020-05-21,US,Wisconsin,Waukesha,527,24,0,43.01833055,-88.30431188,55133.0,503,514,24,0,490,492,403072,13,0,0,13,22
2020-05-21,US,Wisconsin,Waupaca,19,1,0,44.47068056,-88.96534501,55135.0,18,19,1,0,18,19,51128,0,0,0,0,0
2020-05-21,US,Wisconsin,Waushara,7,0,0,44.11324419,-89.24317107,55137.0,7,7,0,0,7,7,24263,0,0,0,0,0
2020-05-21,US,Wisconsin,Winnebago,141,1,0,44.06886922,-88.64477096,55139.0,140,134,1,0,133,126,171020,7,0,0,7,8
2020-05-21,US,Wisconsin,Wood,9,0,0,44.45537896,-90.04158336,55141.0,9,8,0,0,8,8,73055,1,0,0,1,0
2020-05-21,US,Wyoming,Albany,10,0,0,41.65498705,-105.72354150000001,56001.0,10,10,0,0,10,10,38601,0,0,0,0,0
2020-05-21,US,Wyoming,Big Horn,3,0,0,44.52405055,-107.9960365,56003.0,3,3,0,0,3,3,11881,0,0,0,0,0
2020-05-21,US,Wyoming,Campbell,30,0,0,44.24886082,-105.54744040000001,56005.0,30,30,0,0,30,29,46140,0,0,0,0,1
2020-05-21,US,Wyoming,Carbon,16,0,0,41.69357844,-106.9326084,56007.0,16,16,0,0,16,15,14971,0,0,0,0,1
2020-05-21,US,Wyoming,Converse,24,0,0,42.97272268,-105.5081848,56009.0,24,24,0,0,24,24,13640,0,0,0,0,0
2020-05-21,US,Wyoming,Crook,5,0,0,44.58855102,-104.56977049999999,56011.0,5,5,0,0,5,5,7450,0,0,0,0,0
2020-05-21,US,Wyoming,Fremont,237,0,0,43.04183996,-108.6296893,56013.0,237,233,0,0,233,228,39531,4,0,0,4,5
2020-05-21,US,Wyoming,Goshen,5,0,0,42.08798185,-104.3534743,56015.0,5,5,0,0,5,5,13376,0,0,0,0,0
2020-05-21,US,Wyoming,Hot Springs,9,0,0,43.71930657,-108.44231740000001,56017.0,9,8,0,0,8,7,4555,1,0,0,1,1
2020-05-21,US,Wyoming,Johnson,16,1,0,44.04057166,-106.58451740000001,56019.0,15,16,1,0,15,16,8460,0,0,0,0,0
2020-05-21,US,Wyoming,Laramie,182,0,0,41.30702520000001,-104.6887497,56021.0,182,182,0,0,182,183,98976,0,0,0,0,-1
2020-05-21,US,Wyoming,Lincoln,15,0,0,42.26376367,-110.6563997,56023.0,15,14,0,0,14,14,19434,1,0,0,1,0
2020-05-21,US,Wyoming,Natrona,67,0,0,42.96180148,-106.79788500000001,56025.0,67,66,0,0,66,64,79115,1,0,0,1,2
2020-05-21,US,Wyoming,Niobrara,2,0,0,43.05607708,-104.47588959999999,56027.0,2,2,0,0,2,2,2388,0,0,0,0,0
2020-05-21,US,Wyoming,Park,2,0,0,44.52157546,-109.58528249999999,56029.0,2,2,0,0,2,1,29324,0,0,0,0,1
2020-05-21,US,Wyoming,Platte,1,0,0,42.13299116,-104.96633100000001,56031.0,1,,,,,,8566,,,,,
2020-05-21,US,Wyoming,Sheridan,16,0,0,44.79048913,-106.8862389,56033.0,16,16,0,0,16,16,30233,0,0,0,0,0
2020-05-21,US,Wyoming,Sublette,3,0,0,42.76558279,-109.91309220000001,56035.0,3,3,0,0,3,3,9813,0,0,0,0,0
2020-05-21,US,Wyoming,Sweetwater,25,0,0,41.65943896,-108.8827882,56037.0,25,25,0,0,25,24,43051,0,0,0,0,1
2020-05-21,US,Wyoming,Teton,100,0,0,43.93522482,-110.5890801,56039.0,100,100,0,0,100,100,23081,0,0,0,0,0
2020-05-21,US,Wyoming,Uinta,13,0,0,41.2878183,-110.54757820000002,56041.0,13,11,0,0,11,11,20299,2,0,0,2,0
2020-05-21,US,Wyoming,Unassigned,0,11,0,0.0,0.0,90056.0,-11,0,10,0,-10,0,,0,1,0,-1,0
2020-05-21,US,Wyoming,Washakie,20,0,0,43.90451606,-107.68018700000002,56043.0,20,16,0,0,16,16,7885,4,0,0,4,0
