Date,Country/Region,Province/State,Admin2,Confirmed,Deaths,Recovered,Latitude,Longitude,FIPS,Incidence_Rate,Case-Fatality_Ratio,Active Cases,Previous Confirmed,Previous Deaths,Previous Recovered,Previous Active,Prev2 Confirmed,Population,Daily Confirmed,Daily Deaths,Daily Recovered,Daily Active,Previous Daily Confirmed
2020-07-12,US,Alabama,Autauga,698,15,0,32.53952745,-86.64408227,1001.0,1249.3511607510427,2.1489971346704877,683,676,14,0,662,662,55601,22,1,0,21,14
2020-07-12,US,Alabama,Baldwin,1277,11,0,30.72774991,-87.72207058,1003.0,572.0454769434764,0.8613938919342208,1266,1207,11,0,1196,1170,218022,70,0,0,70,37
2020-07-12,US,Alabama,Barbour,399,2,0,31.868263,-85.3871286,1005.0,1616.3007372599855,0.5012531328320802,397,394,2,0,392,377,24881,5,0,0,5,17
2020-07-12,US,Alabama,Bibb,224,1,0,32.99642064,-87.12511459999996,1007.0,1000.2679289095296,0.44642857142857145,223,221,1,0,220,215,22400,3,0,0,3,6
2020-07-12,US,Alabama,Blount,320,1,0,33.98210918,-86.56790593,1009.0,553.3842908034449,0.3125,319,296,1,0,295,281,57840,24,0,0,24,15
2020-07-12,US,Alabama,Bullock,378,10,0,32.10030533,-85.71265535,1011.0,3742.2037422037433,2.6455026455026456,368,377,10,0,367,376,10138,1,0,0,1,1
2020-07-12,US,Alabama,Butler,652,29,0,31.75300095,-86.68057478,1013.0,3352.5298231180586,4.447852760736196,623,651,29,0,622,645,19680,1,0,0,1,6
2020-07-12,US,Alabama,Calhoun,515,5,0,33.77483727,-85.82630386,1015.0,453.3251177324942,0.9708737864077671,510,490,5,0,485,456,114277,25,0,0,25,34
2020-07-12,US,Alabama,Chambers,677,30,0,32.91360079,-85.39072749,1017.0,2035.8453118421844,4.431314623338257,647,674,27,0,647,664,33615,3,3,0,0,10
2020-07-12,US,Alabama,Cherokee,124,7,0,34.17805983,-85.60638968,1019.0,473.3547106428462,5.645161290322582,117,123,7,0,116,115,26032,1,0,0,1,8
2020-07-12,US,Alabama,Chilton,331,2,0,32.85044126,-86.7173256,1021.0,745.0256594940128,0.6042296072507553,329,323,2,0,321,295,44153,8,0,0,8,28
2020-07-12,US,Alabama,Choctaw,217,12,0,32.02227341,-88.26564429999998,1023.0,1723.7270633092382,5.529953917050692,205,212,12,0,200,209,12841,5,0,0,5,3
2020-07-12,US,Alabama,Clarke,317,6,0,31.68099859,-87.83548597,1025.0,1341.969350605368,1.892744479495268,311,312,6,0,306,303,23920,5,0,0,5,9
2020-07-12,US,Alabama,Clay,85,2,0,33.26984193,-85.85836077,1027.0,642.2364941443143,2.3529411764705883,83,85,2,0,83,82,13275,0,0,0,0,3
2020-07-12,US,Alabama,Cleburne,45,1,0,33.67679204,-85.52005899,1029.0,301.8108651911469,2.2222222222222223,44,42,1,0,41,42,14987,3,0,0,3,0
2020-07-12,US,Alabama,Coffee,428,4,0,31.39932826,-85.98901039,1031.0,817.6989797867868,0.9345794392523364,424,424,4,0,420,416,51909,4,0,0,4,8
2020-07-12,US,Alabama,Colbert,509,6,0,34.69847452,-87.80168544,1033.0,921.4170634130446,1.1787819253438114,503,495,6,0,489,481,54762,14,0,0,14,14
2020-07-12,US,Alabama,Conecuh,231,8,0,31.43401703,-86.99320044,1035.0,1914.3117593436648,3.463203463203463,223,230,8,0,222,227,12277,1,0,0,1,3
2020-07-12,US,Alabama,Coosa,66,1,0,32.93690146,-86.24847739,1037.0,618.9627684516553,1.5151515151515151,65,65,1,0,64,63,10715,1,0,0,1,2
2020-07-12,US,Alabama,Covington,416,12,0,31.2477854,-86.45050893,1039.0,1122.8373235444953,2.8846153846153846,404,414,12,0,402,403,36986,2,0,0,2,11
2020-07-12,US,Alabama,Crenshaw,132,3,0,31.72941803,-86.31593104,1041.0,958.4664536741216,2.272727272727273,129,127,3,0,124,126,13824,5,0,0,5,1
2020-07-12,US,Alabama,Cullman,615,6,0,34.13020303,-86.86888037,1043.0,734.1705663260434,0.975609756097561,609,571,6,0,565,554,83442,44,0,0,44,17
2020-07-12,US,Alabama,Dale,395,1,0,31.43037123,-85.61095742,1045.0,803.3026925892784,0.2531645569620253,394,391,1,0,390,372,48956,4,0,0,4,19
2020-07-12,US,Alabama,Dallas,1002,9,0,32.32688101,-87.10866709999998,1047.0,2693.838047101839,0.8982035928143712,993,996,9,0,987,978,38310,6,0,0,6,18
2020-07-12,US,Alabama,DeKalb,967,7,0,34.45946862,-85.80782906,1049.0,1352.2016975934446,0.7238883143743536,960,941,7,0,934,864,71385,26,0,0,26,77
2020-07-12,US,Alabama,Elmore,1067,21,0,32.59785413,-86.14415284,1051.0,1313.8937802460318,1.9681349578256797,1046,1029,20,0,1009,1007,81887,38,1,0,37,22
2020-07-12,US,Alabama,Escambia,488,8,0,31.1256789,-87.15918694,1053.0,1332.1322305025526,1.639344262295082,480,480,8,0,472,468,36748,8,0,0,8,12
2020-07-12,US,Alabama,Etowah,1011,14,0,34.04567266,-86.04051873,1055.0,988.5790276528336,1.3847675568743818,997,951,14,0,937,919,102501,60,0,0,60,32
2020-07-12,US,Alabama,Fayette,85,1,0,33.72076938,-87.73886638,1057.0,521.4084161452582,1.1764705882352942,84,82,1,0,81,81,16433,3,0,0,3,1
2020-07-12,US,Alabama,Franklin,938,16,0,34.44235334,-87.84289505,1059.0,2990.8806836298704,1.7057569296375266,922,932,16,0,916,928,31363,6,0,0,6,4
2020-07-12,US,Alabama,Geneva,98,0,0,31.09389027,-85.83572839,1061.0,373.0349054090061,0.0,98,96,0,0,96,95,26314,2,0,0,2,1
2020-07-12,US,Alabama,Greene,198,9,0,32.85504247,-87.95684022,1063.0,2441.1293305387744,4.545454545454546,189,195,9,0,186,192,8233,3,0,0,3,3
2020-07-12,US,Alabama,Hale,354,23,0,32.76039258,-87.63284988,1065.0,2416.217323049621,6.497175141242938,331,348,23,0,325,343,14726,6,0,0,6,5
2020-07-12,US,Alabama,Henry,155,3,0,31.51148016,-85.24267944,1067.0,900.9009009009008,1.935483870967742,152,153,3,0,150,146,17209,2,0,0,2,7
2020-07-12,US,Alabama,Houston,607,7,0,31.15197924,-85.29939599,1069.0,573.2796887100735,1.1532125205930808,600,585,7,0,578,561,104722,22,0,0,22,24
2020-07-12,US,Alabama,Jackson,435,2,0,34.78144169,-85.99750489,1071.0,842.5986905822647,0.4597701149425287,433,418,2,0,416,402,51736,17,0,0,17,16
2020-07-12,US,Alabama,Jefferson,6746,170,0,33.55554728,-86.89506300000002,1073.0,1024.3359506083611,2.520011858879336,6576,6433,170,0,6263,6219,659300,313,0,0,313,214
2020-07-12,US,Alabama,Lamar,89,1,0,33.77995024,-88.09668032,1075.0,644.6939514668599,1.1235955056179776,88,87,1,0,86,87,13844,2,0,0,2,0
2020-07-12,US,Alabama,Lauderdale,577,6,0,34.90171875,-87.65624729,1077.0,622.2433111540079,1.0398613518197577,571,568,6,0,562,555,92387,9,0,0,9,13
2020-07-12,US,Alabama,Lawrence,136,0,0,34.52041498,-87.31069453,1079.0,413.07253067670996,0.0,136,125,0,0,125,121,32957,11,0,0,11,4
2020-07-12,US,Alabama,Lee,1596,37,0,32.60154883,-85.35132246,1081.0,969.9651152897133,2.318295739348371,1559,1572,37,0,1535,1535,163941,24,0,0,24,37
2020-07-12,US,Alabama,Limestone,639,3,0,34.81185586,-86.98310072,1083.0,646.0091998180255,0.4694835680751174,636,622,3,0,619,596,96174,17,0,0,17,26
2020-07-12,US,Alabama,Lowndes,484,22,0,32.1597283,-86.65158371,1085.0,4976.352046062101,4.545454545454546,462,481,22,0,459,480,9974,3,0,0,3,1
2020-07-12,US,Alabama,Macon,219,9,0,32.38759944,-85.69267724,1087.0,1212.08766880673,4.109589041095891,210,215,9,0,206,212,18439,4,0,0,4,3
2020-07-12,US,Alabama,Madison,2268,9,0,34.76327133,-86.55069633,1089.0,608.1912745468734,0.3968253968253968,2259,2119,9,0,2110,1983,366519,149,0,0,149,136
2020-07-12,US,Alabama,Marengo,354,11,0,32.24767634,-87.78796182,1091.0,1876.689816041987,3.1073446327683616,343,352,11,0,341,342,19066,2,0,0,2,10
2020-07-12,US,Alabama,Marion,290,14,0,34.13697363,-87.88704173,1093.0,976.1351778922212,4.827586206896552,276,275,14,0,261,267,29763,15,0,0,15,8
2020-07-12,US,Alabama,Marshall,1980,11,0,34.36975964,-86.30486727,1095.0,2046.004092008184,0.5555555555555556,1969,1926,11,0,1915,1904,96109,54,0,0,54,22
2020-07-12,US,Alabama,Mobile,4904,140,0,30.78472347,-88.20842409,1097.0,1186.8057404225453,2.8548123980424145,4764,4753,139,0,4614,4625,413757,151,1,0,150,128
2020-07-12,US,Alabama,Monroe,260,3,0,31.56729412,-87.36995001,1099.0,1254.0394540105144,1.1538461538461535,257,255,3,0,252,255,21067,5,0,0,5,0
2020-07-12,US,Alabama,Montgomery,4547,112,0,32.2206831,-86.20969272,1101.0,2007.6296106602613,2.463162524741588,4435,4430,112,0,4318,4397,225763,117,0,0,117,33
2020-07-12,US,Alabama,Morgan,1338,5,0,34.45500589,-86.85475946,1103.0,1117.9906249216654,0.37369207772795215,1333,1269,5,0,1264,1241,119089,69,0,0,69,28
2020-07-12,US,Alabama,Perry,250,2,0,32.64048341,-87.29770589,1105.0,2801.7482909335426,0.8,248,236,2,0,234,224,9140,14,0,0,14,12
2020-07-12,US,Alabama,Pickens,274,6,0,33.28094866,-88.08818103,1107.0,1374.8118414450578,2.18978102189781,268,269,6,0,263,262,19938,5,0,0,5,7
2020-07-12,US,Alabama,Pike,479,5,0,31.80396383,-85.9408295,1109.0,1446.5180890257898,1.0438413361169103,474,472,5,0,467,467,33338,7,0,0,7,5
2020-07-12,US,Alabama,Randolph,263,9,0,33.29526734,-85.45708831,1111.0,1157.4685326995864,3.4220532319391634,254,258,9,0,249,248,22725,5,0,0,5,10
2020-07-12,US,Alabama,Russell,686,0,0,32.28725256,-85.18415324,1113.0,1183.554459032798,0.0,686,675,0,0,675,665,57781,11,0,0,11,10
2020-07-12,US,Alabama,Shelby,1691,25,0,33.26879845,-86.66232561,1117.0,776.7498690871007,1.4784151389710232,1666,1642,25,0,1617,1557,215707,49,0,0,49,85
2020-07-12,US,Alabama,St. Clair,544,3,0,33.71902176,-86.31029372,1115.0,607.7397443918134,0.5514705882352942,541,513,3,0,510,484,88690,31,0,0,31,29
2020-07-12,US,Alabama,Sumter,292,13,0,32.59117397,-88.19916205,1119.0,2349.7223786915592,4.452054794520548,279,291,13,0,278,287,12691,1,0,0,1,4
2020-07-12,US,Alabama,Talladega,401,7,0,33.37823223,-86.16886178,1121.0,501.38788166745866,1.745635910224439,394,389,7,0,382,367,79828,12,0,0,12,22
2020-07-12,US,Alabama,Tallapoosa,630,69,0,32.86698258,-85.79833053,1123.0,1560.680754081304,10.952380952380953,561,628,69,0,559,625,40497,2,0,0,2,3
2020-07-12,US,Alabama,Tuscaloosa,2690,53,0,33.28726072,-87.52556818,1125.0,1284.8988560101266,1.970260223048327,2637,2632,53,0,2579,2586,208911,58,0,0,58,46
2020-07-12,US,Alabama,Unassigned,679,28,0,0.0,0.0,90001.0,0.0,4.123711340206185,651,653,28,0,625,616,,26,0,0,26,37
2020-07-12,US,Alabama,Walker,1075,32,0,33.80270512,-87.30027177,1127.0,1692.3537097967599,2.976744186046512,1043,1061,31,0,1030,1056,63711,14,1,0,13,5
2020-07-12,US,Alabama,Washington,148,8,0,31.4092794,-88.20689944,1129.0,906.529462207522,5.405405405405406,140,141,8,0,133,136,16378,7,0,0,7,5
2020-07-12,US,Alabama,Wilcox,303,8,0,31.98773215,-87.30891118,1131.0,2921.0450207268873,2.64026402640264,295,303,8,0,295,299,10627,0,0,0,0,4
2020-07-12,US,Alabama,Winston,299,5,0,34.15030532,-87.37325922,1133.0,1265.394218968217,1.6722408026755853,294,296,5,0,291,292,23660,3,0,0,3,4
2020-07-12,US,Alaska,Aleutians West,1,0,0,52.3233,-174.1596,2016.0,17.749378771742986,0.0,1,1,0,0,1,1,5723,0,0,0,0,0
2020-07-12,US,Alaska,Anchorage,705,8,0,61.14998174,-149.14269860000005,2020.0,244.79166666666663,1.1347517730496457,697,671,8,0,663,641,291538,34,0,0,34,30
2020-07-12,US,Alaska,Bethel,14,0,0,60.90980451,-159.8561831,2050.0,76.1448928532579,0.0,14,13,0,0,13,12,18216,1,0,0,1,1
2020-07-12,US,Alaska,Bristol Bay,3,0,0,58.74513976,-156.701064,2060.0,358.85167464114835,0.0,3,3,0,0,3,3,877,0,0,0,0,0
2020-07-12,US,Alaska,Fairbanks North Star,245,2,0,64.80726247,-146.5692662,2090.0,252.9711199909137,0.8163265306122449,243,224,2,0,222,201,98971,21,0,0,21,23
2020-07-12,US,Alaska,Haines,2,0,0,59.09893571,-135.4679843,2100.0,79.05138339920948,0.0,2,2,0,0,2,2,2474,0,0,0,0,0
2020-07-12,US,Alaska,Juneau,51,2,0,58.45031811,-134.200436,2110.0,159.50459748545694,3.92156862745098,49,48,2,0,46,47,32113,3,0,0,3,1
2020-07-12,US,Alaska,Kenai Peninsula,200,2,0,60.24429722,-151.53888840000005,2122.0,340.6690740614567,1.0,198,191,2,0,189,189,58533,9,0,0,9,2
2020-07-12,US,Alaska,Ketchikan Gateway,23,0,0,55.57445008,-130.975561,2130.0,165.4557226098842,0.0,23,23,0,0,23,23,13918,0,0,0,0,0
2020-07-12,US,Alaska,Kodiak Island,5,0,0,57.65529415,-153.7493579,2150.0,38.46745653177412,0.0,5,4,0,0,4,4,13345,1,0,0,1,0
2020-07-12,US,Alaska,Kusilvak,2,0,0,62.15429159999999,-163.39678830000003,2158.0,24.05580947798893,0.0,2,2,0,0,2,2,8303,0,0,0,0,0
2020-07-12,US,Alaska,Matanuska-Susitna,146,2,0,62.31305045,-149.5741743,2170.0,134.78955288643522,1.3698630136986298,144,134,2,0,132,131,107610,12,0,0,12,3
2020-07-12,US,Alaska,Nome,15,0,0,64.90320724,-164.0353804,2180.0,149.94002399040383,0.0,15,12,0,0,12,12,10008,3,0,0,3,0
2020-07-12,US,Alaska,North Slope,4,0,0,69.31479216,-153.4836093,2185.0,40.68348250610252,0.0,4,4,0,0,4,4,9872,0,0,0,0,0
2020-07-12,US,Alaska,Northwest Arctic,6,0,0,67.04919196,-159.7503946,2188.0,78.72982548222019,0.0,6,6,0,0,6,6,7671,0,0,0,0,0
2020-07-12,US,Alaska,Petersburg,6,1,0,57.13978948,-132.9540995,2195.0,183.71096142069808,16.666666666666668,5,6,1,0,5,6,3221,0,0,0,0,0
2020-07-12,US,Alaska,Prince of Wales-Hyder,2,0,0,55.76261984,-133.0511621,2198.0,32.24246332419797,0.0,2,2,0,0,2,2,6422,0,0,0,0,0
2020-07-12,US,Alaska,Sitka,13,0,0,57.24124555,-135.3206587,2220.0,153.06723183798422,0.0,13,13,0,0,13,13,8647,0,0,0,0,0
2020-07-12,US,Alaska,Southeast Fairbanks,10,0,0,63.87692095,-143.2127643,2240.0,145.07471347744092,0.0,10,10,0,0,10,10,6918,0,0,0,0,0
2020-07-12,US,Alaska,Valdez-Cordova,10,0,0,61.47502768,-144.7126799,2261.0,108.67202782003912,0.0,10,6,0,0,6,6,9164,4,0,0,4,0
2020-07-12,US,Alaska,Wrangell,3,0,0,56.3202004,-132.05837309999998,2275.0,119.90407673860909,0.0,3,3,0,0,3,3,2503,0,0,0,0,0
2020-07-12,US,Alaska,Yukon-Koyukuk,13,0,0,65.50815459,-151.3907387,2290.0,248.565965583174,0.0,13,7,0,0,7,5,5327,6,0,0,6,2
2020-07-12,US,Arizona,Apache,2579,104,0,35.39465006,-109.4892383,4001.0,3587.574944009348,4.032570763861962,2475,2551,101,0,2450,2534,71818,28,3,0,25,17
2020-07-12,US,Arizona,Cochise,1049,22,0,31.87934684,-109.7516088,4003.0,833.0553834913678,2.0972354623450906,1027,1020,22,0,998,980,126770,29,0,0,29,40
2020-07-12,US,Arizona,Coconino,2457,102,0,35.83883429,-111.7707178,4005.0,1712.4815300119876,4.151404151404152,2355,2427,98,0,2329,2379,142854,30,4,0,26,48
2020-07-12,US,Arizona,Gila,445,12,0,33.80190085,-110.8132779,4007.0,823.7994742493241,2.696629213483146,433,439,12,0,427,424,53889,6,0,0,6,15
2020-07-12,US,Arizona,Graham,204,1,0,32.93166885,-109.8882178,4009.0,525.2722918866028,0.4901960784313725,203,201,1,0,200,184,38072,3,0,0,3,17
2020-07-12,US,Arizona,Greenlee,32,1,0,33.21498827,-109.2405279,4011.0,336.9130343230154,3.125,31,32,1,0,31,29,9483,0,0,0,0,3
2020-07-12,US,Arizona,La Paz,407,7,0,33.72854224,-113.9810029,4012.0,1928.178889520561,1.71990171990172,400,398,7,0,391,394,21098,9,0,0,9,4
2020-07-12,US,Arizona,Maricopa,80146,1133,0,33.34835867,-112.4918154,4013.0,1786.8138816171704,1.4136700521548176,79013,78481,1093,0,77388,76328,4410824,1665,40,0,1625,2153
2020-07-12,US,Arizona,Mohave,1825,98,0,35.70471703,-113.7577902,4015.0,860.1147133814998,5.36986301369863,1727,1759,97,0,1662,1696,209550,66,1,0,65,63
2020-07-12,US,Arizona,Navajo,4337,143,0,35.3997715,-110.3218983,4017.0,3909.884245068696,3.2972100530320496,4194,4279,134,0,4145,4255,110445,58,9,0,49,24
2020-07-12,US,Arizona,Pima,11767,327,0,32.0971334,-111.7890033,4019.0,1123.5783396783472,2.778958103169882,11440,11443,326,0,11117,11172,1039073,324,1,0,323,271
2020-07-12,US,Arizona,Pinal,5614,88,0,32.90525627,-111.3449483,4021.0,1213.0798268757471,1.5675097969362308,5526,5513,84,0,5429,5332,447138,101,4,0,97,181
2020-07-12,US,Arizona,Santa Cruz,2180,29,0,31.52508998,-110.8479088,4023.0,4688.373693492194,1.3302752293577982,2151,2162,27,0,2135,2133,46511,18,2,0,16,29
2020-07-12,US,Arizona,Unassigned,0,1,0,0.0,0.0,90004.0,0.0,0.0,-1,0,1,0,-1,0,,0,0,0,0,0
2020-07-12,US,Arizona,Yavapai,1123,15,0,34.59933926,-112.5538588,4025.0,477.67110876694505,1.3357079252003559,1108,1082,11,0,1071,1058,231993,41,4,0,37,24
2020-07-12,US,Arizona,Yuma,8302,154,0,32.76895712,-113.90666740000002,4027.0,3883.3044104646215,1.8549747048903882,8148,8143,136,0,8007,7994,212128,159,18,0,141,149
2020-07-12,US,Arkansas,Arkansas,59,0,0,34.29145151,-91.37277296,5001.0,337.4127873727554,0.0,59,56,0,0,56,52,17769,3,0,0,3,4
2020-07-12,US,Arkansas,Ashley,100,3,0,33.19153461,-91.7698471,5003.0,508.7246273592103,3.0,97,97,3,0,94,93,20046,3,0,0,3,4
2020-07-12,US,Arkansas,Baxter,30,0,0,36.28784385,-92.33782872,5005.0,71.5444052275112,0.0,30,29,0,0,29,28,41619,1,0,0,1,1
2020-07-12,US,Arkansas,Benton,3470,22,0,36.33644656,-94.25680817,5007.0,1243.099365553609,0.6340057636887608,3448,3416,22,0,3394,3355,272608,54,0,0,54,61
2020-07-12,US,Arkansas,Boone,51,1,0,36.3084504,-93.09374925,5009.0,136.24706133789272,1.96078431372549,50,46,1,0,45,45,37480,5,0,0,5,1
2020-07-12,US,Arkansas,Bradley,80,2,0,33.46755808,-92.15980837,5011.0,743.2871875871042,2.5,78,75,2,0,73,69,10897,5,0,0,5,6
2020-07-12,US,Arkansas,Calhoun,3,0,0,33.55598792,-92.49974403,5013.0,57.8146078242436,0.0,3,2,0,0,2,2,5277,1,0,0,1,0
2020-07-12,US,Arkansas,Carroll,228,6,0,36.34038560000001,-93.54270261,5015.0,803.3826638477801,2.631578947368421,222,225,6,0,219,220,28223,3,0,0,3,5
2020-07-12,US,Arkansas,Chicot,217,3,0,33.26458973,-91.29539209,5017.0,2144.692627001384,1.3824884792626728,214,210,3,0,207,207,10438,7,0,0,7,3
2020-07-12,US,Arkansas,Clark,71,0,0,34.04613432,-93.17484713,5019.0,318.10035842293905,0.0,71,75,0,0,75,70,22061,-4,0,0,-4,5
2020-07-12,US,Arkansas,Clay,81,3,0,36.36826212,-90.4148172,5021.0,556.6627723180536,3.703703703703704,78,80,3,0,77,78,14847,1,0,0,1,2
2020-07-12,US,Arkansas,Cleburne,132,4,0,35.53864922,-92.02640019,5023.0,529.7162807496288,3.0303030303030303,128,130,4,0,126,128,24965,2,0,0,2,2
2020-07-12,US,Arkansas,Cleveland,37,0,0,33.89723187,-92.18537045,5025.0,465.0578179989945,0.0,37,35,0,0,35,31,8018,2,0,0,2,4
2020-07-12,US,Arkansas,Columbia,109,5,0,33.21230701,-93.22642793,5027.0,464.6800528626849,4.587155963302751,104,107,5,0,102,105,23537,2,0,0,2,2
2020-07-12,US,Arkansas,Conway,92,3,0,35.26205537,-92.70506566,5029.0,441.33167034443056,3.260869565217391,89,89,3,0,86,86,20891,3,0,0,3,3
2020-07-12,US,Arkansas,Craighead,545,7,0,35.83018283,-90.63235729,5031.0,493.96367327701853,1.2844036697247707,538,541,7,0,534,524,108558,4,0,0,4,17
2020-07-12,US,Arkansas,Crawford,275,3,0,35.58928601,-94.2446814,5033.0,434.7344957870275,1.0909090909090908,272,270,2,0,268,260,63406,5,1,0,4,10
2020-07-12,US,Arkansas,Crittenden,841,14,0,35.21247318,-90.30839406,5035.0,1753.7274528203525,1.6646848989298455,827,833,14,0,819,817,48342,8,0,0,8,16
2020-07-12,US,Arkansas,Cross,101,1,0,35.29631396,-90.77185818,5037.0,615.1409951885013,0.99009900990099,100,95,1,0,94,94,16676,6,0,0,6,1
2020-07-12,US,Arkansas,Dallas,12,0,0,33.97042763,-92.65167437,5039.0,171.20844628334999,0.0,12,10,0,0,10,10,7182,2,0,0,2,0
2020-07-12,US,Arkansas,Desha,81,1,0,33.83011025,-91.25500948,5041.0,712.9654079746501,1.2345679012345678,80,79,1,0,78,75,11512,2,0,0,2,4
2020-07-12,US,Arkansas,Drew,92,2,0,33.59035001,-91.71777921,5043.0,504.96734178604754,2.1739130434782608,90,89,2,0,87,85,18328,3,0,0,3,4
2020-07-12,US,Arkansas,Faulkner,771,3,0,35.14719007,-92.33717519,5045.0,611.8707690842573,0.3891050583657588,768,757,3,0,754,727,124806,14,0,0,14,30
2020-07-12,US,Arkansas,Franklin,30,1,0,35.51202821,-93.89299569,5047.0,169.34801016088062,3.333333333333333,29,30,1,0,29,28,17810,0,0,0,0,2
2020-07-12,US,Arkansas,Fulton,18,0,0,36.38177105,-91.81729127,5049.0,144.2654484251022,0.0,18,17,0,0,17,17,12269,1,0,0,1,0
2020-07-12,US,Arkansas,Garland,332,3,0,34.57692074,-93.14921604,5051.0,334.051073591854,0.9036144578313252,329,320,3,0,317,311,99154,12,0,0,12,9
2020-07-12,US,Arkansas,Grant,55,0,0,34.29017991,-92.42320562,5053.0,301.1223651793047,0.0,55,53,0,0,53,52,18188,2,0,0,2,1
2020-07-12,US,Arkansas,Greene,148,0,0,36.11735460000001,-90.55832668,5055.0,326.5306122448979,0.0,148,147,0,0,147,145,45325,1,0,0,1,2
2020-07-12,US,Arkansas,Hempstead,79,1,0,33.73325583,-93.66935133,5057.0,366.8957830206205,1.2658227848101269,78,76,1,0,75,70,21741,3,0,0,3,6
2020-07-12,US,Arkansas,Hot Spring,1266,1,0,34.31709259,-92.95396325,5059.0,3748.778537798703,0.07898894154818326,1265,1213,1,0,1212,887,33701,53,0,0,53,326
2020-07-12,US,Arkansas,Howard,137,1,0,34.09007427,-93.9934871,5061.0,1037.721557339797,0.7299270072992701,136,135,1,0,134,131,13341,2,0,0,2,4
2020-07-12,US,Arkansas,Independence,73,0,0,35.74242707,-91.57001641,5063.0,192.9940515532056,0.0,73,71,0,0,71,66,37678,2,0,0,2,5
2020-07-12,US,Arkansas,Izard,25,1,0,36.09604046,-91.90847954,5065.0,183.4323868222173,4.0,24,25,1,0,24,24,13593,0,0,0,0,1
2020-07-12,US,Arkansas,Jackson,41,0,0,35.59802983,-91.21494602,5067.0,245.22997786948986,0.0,41,41,0,0,41,38,16811,0,0,0,0,3
2020-07-12,US,Arkansas,Jefferson,861,29,0,34.26767081,-91.92619839,5069.0,1288.459236202562,3.368176538908246,832,850,29,0,821,831,68114,11,0,0,11,19
2020-07-12,US,Arkansas,Johnson,366,0,0,35.56759135,-93.46036368,5071.0,1377.0787869666642,0.0,366,363,0,0,363,351,26742,3,0,0,3,12
2020-07-12,US,Arkansas,Lafayette,29,2,0,33.24116713,-93.60677071,5073.0,437.8019323671497,6.896551724137932,27,24,2,0,22,24,6682,5,0,0,5,0
2020-07-12,US,Arkansas,Lawrence,115,9,0,36.04188196,-91.10867198,5075.0,700.9630622942827,7.826086956521738,106,115,9,0,106,112,16434,0,0,0,0,3
2020-07-12,US,Arkansas,Lee,827,4,0,34.78498904,-90.78383866,5077.0,9337.24737495766,0.4836759371221282,823,825,3,0,822,818,8985,2,1,0,1,7
2020-07-12,US,Arkansas,Lincoln,1048,11,0,33.95317155,-91.74002806,5079.0,8046.683046683047,1.049618320610687,1037,1048,11,0,1037,1048,13383,0,0,0,0,0
2020-07-12,US,Arkansas,Little River,43,0,0,33.70375665,-94.23468591,5081.0,350.76270495146423,0.0,43,42,0,0,42,40,12326,1,0,0,1,2
2020-07-12,US,Arkansas,Logan,81,0,0,35.21413234,-93.71951016,5083.0,377.3409112084226,0.0,81,77,0,0,77,72,21737,4,0,0,4,5
2020-07-12,US,Arkansas,Lonoke,197,1,0,34.75392199,-91.88742357,5085.0,268.7255316536851,0.5076142131979695,196,194,1,0,193,189,73657,3,0,0,3,5
2020-07-12,US,Arkansas,Madison,223,1,0,36.01038185,-93.72524943,5087.0,1345.3185328185327,0.4484304932735426,222,222,1,0,221,215,16481,1,0,0,1,7
2020-07-12,US,Arkansas,Marion,13,0,0,36.26844485,-92.68451899,5089.0,77.87228944530969,0.0,13,13,0,0,13,12,16722,0,0,0,0,1
2020-07-12,US,Arkansas,Miller,265,2,0,33.31403423,-93.89285258,5091.0,612.6176110224935,0.7547169811320755,263,254,2,0,252,241,43592,11,0,0,11,13
2020-07-12,US,Arkansas,Mississippi,314,3,0,35.76271485,-90.05194370000002,5093.0,772.4287225406509,0.9554140127388536,311,304,3,0,301,290,41239,10,0,0,10,14
2020-07-12,US,Arkansas,Monroe,21,0,0,34.6815935,-91.20540287,5095.0,313.3860617818236,0.0,21,20,0,0,20,19,6900,1,0,0,1,1
2020-07-12,US,Arkansas,Montgomery,7,0,0,34.53704874,-93.65824478,5097.0,77.89895392833294,0.0,7,8,0,0,8,8,8924,-1,0,0,-1,0
2020-07-12,US,Arkansas,Nevada,109,3,0,33.66340119,-93.30632432,5099.0,1320.891904992729,2.7522935779816518,106,109,3,0,106,108,8326,0,0,0,0,1
2020-07-12,US,Arkansas,Newton,10,0,0,35.91947491,-93.21612969,5101.0,128.98232942086935,0.0,10,8,0,0,8,8,7805,2,0,0,2,0
2020-07-12,US,Arkansas,Ouachita,34,0,0,33.58839816,-92.87795984,5103.0,145.41099991446413,0.0,34,33,0,0,33,32,23606,1,0,0,1,1
2020-07-12,US,Arkansas,Perry,34,0,0,34.9459153,-92.94372564,5105.0,325.2032520325203,0.0,34,33,0,0,33,33,10352,1,0,0,1,0
2020-07-12,US,Arkansas,Phillips,173,5,0,34.43268455,-90.84800154,5107.0,972.8939376897987,2.8901734104046244,168,172,5,0,167,171,18029,1,0,0,1,1
2020-07-12,US,Arkansas,Pike,19,0,0,34.16250414,-93.65789349,5109.0,177.27187908191826,0.0,19,23,0,0,23,20,10673,-4,0,0,-4,3
2020-07-12,US,Arkansas,Poinsett,75,3,0,35.57433534,-90.66268713,5111.0,318.76912614756884,4.0,72,72,3,0,69,69,23974,3,0,0,3,3
2020-07-12,US,Arkansas,Polk,88,0,0,34.48254879,-94.22728802,5113.0,440.79342817070733,0.0,88,86,0,0,86,86,20049,2,0,0,2,0
2020-07-12,US,Arkansas,Pope,655,4,0,35.44871474,-93.03212219,5115.0,1022.2874266450244,0.6106870229007634,651,641,4,0,637,626,64000,14,0,0,14,15
2020-07-12,US,Arkansas,Prairie,30,0,0,34.83624419,-91.55162157,5117.0,372.11610022326965,0.0,30,28,0,0,28,28,8074,2,0,0,2,0
2020-07-12,US,Arkansas,Pulaski,2938,65,0,34.77054088,-92.31355101,5119.0,749.6599993365843,2.2123893805309733,2873,2886,65,0,2821,2810,392680,52,0,0,52,76
2020-07-12,US,Arkansas,Randolph,76,1,0,36.3415714,-91.02455531,5121.0,423.2097115491703,1.3157894736842106,75,75,1,0,74,64,17948,1,0,0,1,11
2020-07-12,US,Arkansas,Saline,471,3,0,34.64916145,-92.67583224,5125.0,384.68763527365087,0.6369426751592356,468,458,3,0,455,433,121421,13,0,0,13,25
2020-07-12,US,Arkansas,Scott,16,0,0,34.85588887,-94.0632176,5127.0,155.62688454430503,0.0,16,16,0,0,16,16,10319,0,0,0,0,0
2020-07-12,US,Arkansas,Searcy,17,0,0,35.9109364,-92.69936482,5129.0,215.70866641289174,0.0,17,16,0,0,16,16,7958,1,0,0,1,0
2020-07-12,US,Arkansas,Sebastian,834,7,0,35.19605503,-94.27162713,5131.0,652.4443192752705,0.8393285371702638,827,806,7,0,799,747,127753,28,0,0,28,59
2020-07-12,US,Arkansas,Sevier,807,9,0,33.99780401,-94.2424869,5133.0,4745.104956782501,1.1152416356877324,798,800,9,0,791,788,17139,7,0,0,7,12
2020-07-12,US,Arkansas,Sharp,68,5,0,36.16258158,-91.47819342,5135.0,389.8635477582846,7.352941176470589,63,64,5,0,59,62,17366,4,0,0,4,2
2020-07-12,US,Arkansas,St. Francis,906,3,0,35.02201976,-90.74828138,5123.0,3624.869968792511,0.3311258278145696,903,903,3,0,900,901,25439,3,0,0,3,2
2020-07-12,US,Arkansas,Stone,22,1,0,35.86251946,-92.15684085,5137.0,175.91556053094516,4.545454545454546,21,22,1,0,21,19,12457,0,0,0,0,3
2020-07-12,US,Arkansas,Unassigned,1073,0,0,0.0,0.0,90005.0,0.0,0.0,1073,1048,0,0,1048,966,,25,0,0,25,82
2020-07-12,US,Arkansas,Union,274,14,0,33.16887091,-92.59746952,5139.0,708.3397962876793,5.109489051094892,260,273,14,0,259,267,39126,1,0,0,1,6
2020-07-12,US,Arkansas,Van Buren,35,2,0,35.58095779,-92.51295036,5141.0,211.54427319431846,5.7142857142857135,33,35,2,0,33,36,16603,0,0,0,0,-1
2020-07-12,US,Arkansas,Washington,4526,36,0,35.976844,-94.21800746,5143.0,1892.2433075376168,0.7954043305346885,4490,4456,36,0,4420,4344,236961,70,0,0,70,112
2020-07-12,US,Arkansas,White,141,2,0,35.25688493,-91.74908296,5145.0,179.0407984457735,1.4184397163120568,139,128,2,0,126,121,78727,13,0,0,13,7
2020-07-12,US,Arkansas,Woodruff,12,0,0,35.18902527,-91.2439489,5147.0,189.87341772151902,0.0,12,12,0,0,12,10,6490,0,0,0,0,2
2020-07-12,US,Arkansas,Yell,832,5,0,35.00292371,-93.41171338,5149.0,3898.5989410055763,0.6009615384615384,827,828,5,0,823,822,21535,4,0,0,4,6
2020-07-12,US,California,Alameda,7731,148,0,37.64629437,-121.8929271,6001.0,462.5660178217455,1.9143707153020308,7583,7725,148,0,7577,7485,1666753,6,0,0,6,240
2020-07-12,US,California,Alpine,2,0,0,38.59678594,-119.8223594,6003.0,177.14791851195747,0.0,2,2,0,0,2,2,1101,0,0,0,0,0
2020-07-12,US,California,Amador,40,0,0,38.44583082,-120.65696,6005.0,100.62386798148519,0.0,40,40,0,0,40,36,39383,0,0,0,0,4
2020-07-12,US,California,Butte,338,4,0,39.66727762,-121.6005252,6007.0,154.20692927467996,1.183431952662722,334,338,4,0,334,338,231256,0,0,0,0,0
2020-07-12,US,California,Calaveras,67,0,0,38.20537103,-120.552913,6009.0,145.95359982572703,0.0,67,67,0,0,67,67,45602,0,0,0,0,0
2020-07-12,US,California,Colusa,113,0,0,39.17881957,-122.2331726,6011.0,524.4349561423865,0.0,113,113,0,0,113,103,21627,0,0,0,0,10
2020-07-12,US,California,Contra Costa,4661,90,0,37.91923498,-121.9289527,6013.0,404.0654480263124,1.9309161124222267,4571,4605,89,0,4516,4460,1150215,56,1,0,55,145
2020-07-12,US,California,Del Norte,60,0,0,41.74228275,-123.89740630000001,6015.0,215.73421544656986,0.0,60,60,0,0,60,60,27828,0,0,0,0,0
2020-07-12,US,California,El Dorado,307,0,0,38.77965956,-120.5233166,6017.0,159.1968596215574,0.0,307,307,0,0,307,307,190678,0,0,0,0,0
2020-07-12,US,California,Fresno,8282,88,0,36.75733899,-119.6466953,6019.0,828.9452217543571,1.0625452789181358,8194,7906,87,0,7819,7627,994400,376,1,0,375,279
2020-07-12,US,California,Glenn,164,0,0,39.59875897,-122.3938452,6021.0,577.6071566935512,0.0,164,164,0,0,164,164,28047,0,0,0,0,0
2020-07-12,US,California,Humboldt,165,4,0,40.69923009,-123.876044,6023.0,121.71911654052141,2.4242424242424243,161,165,4,0,161,165,136373,0,0,0,0,0
2020-07-12,US,California,Imperial,7827,135,0,33.0393082,-115.3669042,6025.0,4319.1788759208675,1.7247987734764278,7692,7827,135,0,7692,7759,181827,0,0,0,0,68
2020-07-12,US,California,Inyo,35,1,0,36.51112084,-117.41119779999998,6027.0,194.0240589833139,2.8571428571428568,34,34,1,0,33,34,17987,1,0,0,1,0
2020-07-12,US,California,Kern,6502,97,0,35.34329425,-118.7277796,6029.0,722.2823321876648,1.4918486619501692,6405,6339,97,0,6242,6195,896764,163,0,0,163,144
2020-07-12,US,California,Kings,2918,39,0,36.07409056,-119.8159973,6031.0,1907.9377533673335,1.3365318711446197,2879,2898,39,0,2859,2855,151366,20,0,0,20,43
2020-07-12,US,California,Lake,108,1,0,39.10124298,-122.7536244,6033.0,167.73832820799552,0.925925925925926,107,108,1,0,107,108,64382,0,0,0,0,0
2020-07-12,US,California,Lassen,337,0,0,40.67311306,-120.59350990000002,6035.0,1102.279789356622,0.0,337,275,0,0,275,261,30802,62,0,0,62,14
2020-07-12,US,California,Los Angeles,133549,3809,0,34.30828379,-118.2282411,6037.0,1330.2876441101782,2.8521366689379932,129740,130394,3795,0,126599,127439,10105518,3155,14,0,3141,2955
2020-07-12,US,California,Madera,893,8,0,37.21513971,-119.76655890000002,6039.0,567.6075943735024,0.8958566629339306,885,893,8,0,885,857,157672,0,0,0,0,36
2020-07-12,US,California,Marin,3434,30,0,38.07122463,-122.7210631,6041.0,1326.7600627448555,0.8736167734420501,3404,3434,30,0,3404,3364,259666,0,0,0,0,70
2020-07-12,US,California,Mariposa,31,1,0,37.57978556,-119.9073334,6043.0,180.2011277102831,3.2258064516129035,30,31,1,0,30,31,17471,0,0,0,0,0
2020-07-12,US,California,Mendocino,113,0,0,39.4381191,-123.3911313,6045.0,130.26086756043298,0.0,113,113,0,0,113,107,87606,0,0,0,0,6
2020-07-12,US,California,Merced,1884,12,0,37.18922369,-120.7209035,6047.0,678.4788245462403,0.6369426751592356,1872,1884,12,0,1872,1793,274765,0,0,0,0,91
2020-07-12,US,California,Mono,51,1,0,37.93899289,-118.8872409,6051.0,353.0877873165328,1.96078431372549,50,50,1,0,49,49,14250,1,0,0,1,1
2020-07-12,US,California,Monterey,2682,18,0,36.21862405,-121.2413397,6053.0,617.8855045719381,0.6711409395973155,2664,2540,18,0,2522,2419,435594,142,0,0,142,121
2020-07-12,US,California,Napa,477,4,0,38.50735751,-122.332839,6055.0,346.2945754443025,0.8385744234800838,473,477,4,0,473,477,139417,0,0,0,0,0
2020-07-12,US,California,Nevada,163,1,0,39.30394768,-120.7627281,6057.0,163.40033081048568,0.6134969325153374,162,163,1,0,162,163,99696,0,0,0,0,0
2020-07-12,US,California,Orange,24715,423,0,33.70147516,-117.76459979999998,6059.0,778.2555739032626,1.7115112279991909,24292,23901,421,0,23480,22650,3185968,814,2,0,812,1251
2020-07-12,US,California,Placer,1077,11,0,39.06167234,-120.7240569,6061.0,270.3795104047157,1.021355617455896,1066,1055,11,0,1044,1021,393149,22,0,0,22,34
2020-07-12,US,California,Plumas,17,0,0,40.00355989,-120.8395236,6063.0,90.39187536555538,0.0,17,17,0,0,17,17,18804,0,0,0,0,0
2020-07-12,US,California,Riverside,24765,537,0,33.74314981,-115.9933578,6065.0,1002.4099935803664,2.1683827983040582,24228,24765,537,0,24228,24765,2450758,0,0,0,0,0
2020-07-12,US,California,Sacramento,5489,83,0,38.45106826,-121.3425374,6067.0,353.6594637571534,1.5121151393696484,5406,5339,81,0,5258,5152,1540975,150,2,0,148,187
2020-07-12,US,California,San Benito,362,2,0,36.60308176,-121.069975,6069.0,576.3596994013501,0.5524861878453039,360,336,2,0,334,311,61537,26,0,0,26,25
2020-07-12,US,California,San Bernardino,19043,306,0,34.84060306,-116.1774685,6071.0,873.4980516814711,1.6068896707451557,18737,18912,304,0,18608,18275,2171603,131,2,0,129,637
2020-07-12,US,California,San Diego,19371,422,0,33.03484597,-116.7365326,6073.0,580.2601899752271,2.178514273914615,18949,19371,422,0,18949,18863,3343364,0,0,0,0,508
2020-07-12,US,California,San Francisco,4522,50,0,37.75215114,-122.4385672,6075.0,512.9607089339333,1.1057054400707649,4472,4426,50,0,4376,4316,883305,96,0,0,96,110
2020-07-12,US,California,San Joaquin,6279,68,0,37.93433732,-121.2730061,6077.0,823.8557340569023,1.0829749960184742,6211,6279,68,0,6211,6279,752660,0,0,0,0,0
2020-07-12,US,California,San Luis Obispo,905,4,0,35.38822029,-120.4039028,6079.0,319.66260583304785,0.4419889502762431,901,905,4,0,901,905,284010,0,0,0,0,0
2020-07-12,US,California,San Mateo,3949,112,0,37.4228808,-122.32755459999998,6081.0,515.1498944001419,2.8361610534312485,3837,3949,112,0,3837,3846,769545,0,0,0,0,103
2020-07-12,US,California,Santa Barbara,3931,31,0,34.65329488,-120.0188492,6083.0,880.4051072902739,0.7886034088018316,3900,3931,31,0,3900,3868,446527,0,0,0,0,63
2020-07-12,US,California,Santa Clara,6298,166,0,37.23104908,-121.6970462,6085.0,326.6848285034328,2.6357573832962844,6132,5983,166,0,5817,5863,1937570,315,0,0,315,120
2020-07-12,US,California,Santa Cruz,569,3,0,37.05580291,-122.0066524,6087.0,208.26241796693424,0.5272407732864675,566,568,3,0,565,537,274255,1,0,0,1,31
2020-07-12,US,California,Shasta,195,6,0,40.76391419,-122.0396884,6089.0,108.28520657485564,3.0769230769230766,189,187,6,0,181,176,180040,8,0,0,8,11
2020-07-12,US,California,Sierra,1,0,0,39.57713498,-120.52007009999998,6091.0,33.277870216306155,0.0,1,1,0,0,1,1,2987,0,0,0,0,0
2020-07-12,US,California,Siskiyou,41,0,0,41.59198861,-122.54074340000001,6093.0,94.16844667998804,0.0,41,41,0,0,41,41,43724,0,0,0,0,0
2020-07-12,US,California,Solano,2075,28,0,38.26827353,-121.9357113,6095.0,463.5390255181026,1.3493975903614457,2047,2075,28,0,2047,2075,446610,0,0,0,0,0
2020-07-12,US,California,Sonoma,1703,16,0,38.52746429,-122.8862506,6097.0,344.5025245986536,0.9395184967704052,1687,1650,14,0,1636,1561,499942,53,2,0,51,89
2020-07-12,US,California,Stanislaus,4732,51,0,37.55862499,-120.9970722,6099.0,859.3324374387099,1.0777683854606932,4681,4633,51,0,4582,4364,549815,99,0,0,99,269
2020-07-12,US,California,Sutter,388,4,0,39.03417539,-121.6945899,6101.0,400.11962339256064,1.0309278350515465,384,372,4,0,368,337,96807,16,0,0,16,35
2020-07-12,US,California,Tehama,107,1,0,40.12570935,-122.2370171,6103.0,164.40292545018744,0.9345794392523364,106,104,1,0,103,98,63916,3,0,0,3,6
2020-07-12,US,California,Trinity,2,0,0,40.64917670000001,-123.114713,6105.0,16.28001628001628,0.0,2,2,0,0,2,2,12535,0,0,0,0,0
2020-07-12,US,California,Tulare,5678,152,0,36.22026558,-118.8020203,6107.0,1217.9452804084128,2.6769989432898913,5526,5678,152,0,5526,5678,465861,0,0,0,0,0
2020-07-12,US,California,Tuolumne,73,0,0,38.02644018,-119.9525093,6109.0,133.9990454862513,0.0,73,64,0,0,64,64,54539,9,0,0,9,0
2020-07-12,US,California,Ventura,4246,53,0,34.44465746,-119.0910613,6111.0,501.88769346789496,1.248233631653321,4193,4246,53,0,4193,4093,850967,0,0,0,0,153
2020-07-12,US,California,Yolo,884,28,0,38.68278902,-121.9018288,6113.0,400.90702947845807,3.1674208144796383,856,839,28,0,811,839,220408,45,0,0,45,0
2020-07-12,US,California,Yuba,192,3,0,39.26255932,-121.3535644,6115.0,244.06365993796715,1.5625,189,180,3,0,177,163,78041,12,0,0,12,17
2020-07-12,US,Colorado,Adams,4757,158,0,39.87432092,-104.3362578,8001.0,919.3674010138743,3.3214210636956065,4599,4719,158,0,4561,4669,511868,38,0,0,38,50
2020-07-12,US,Colorado,Alamosa,204,6,0,37.57250606,-105.7885451,8003.0,1256.6993162077251,2.9411764705882355,198,204,6,0,198,204,16683,0,0,0,0,0
2020-07-12,US,Colorado,Arapahoe,5647,349,0,39.64977461,-104.3353617,8005.0,860.0496504668057,6.180272711174076,5298,5627,349,0,5278,5583,651215,20,0,0,20,44
2020-07-12,US,Colorado,Archuleta,12,0,0,37.19474156,-107.04768670000001,8007.0,85.53710171787012,0.0,12,12,0,0,12,12,13765,0,0,0,0,0
2020-07-12,US,Colorado,Baca,14,0,0,37.31940883,-102.5603223,8009.0,390.9522479754258,0.0,14,14,0,0,14,14,3585,0,0,0,0,0
2020-07-12,US,Colorado,Bent,4,0,0,37.95474293,-103.0720195,8011.0,71.72314864622557,0.0,4,4,0,0,4,4,5882,0,0,0,0,0
2020-07-12,US,Colorado,Boulder,1517,73,0,40.09313619,-105.3546767,8013.0,465.0578179989945,4.8121292023731055,1444,1513,73,0,1440,1498,326078,4,0,0,4,15
2020-07-12,US,Colorado,Broomfield,341,30,0,39.95998787,-105.0566324,8014.0,483.92819130064566,8.797653958944279,311,341,30,0,311,336,69267,0,0,0,0,5
2020-07-12,US,Colorado,Chaffee,116,19,0,38.74745778,-106.19265729999998,8015.0,569.8565533503636,16.379310344827587,97,93,19,0,74,82,20027,23,0,0,23,11
2020-07-12,US,Colorado,Cheyenne,5,0,0,38.82777431,-102.6032558,8017.0,273.07482250136536,0.0,5,5,0,0,5,5,1876,0,0,0,0,0
2020-07-12,US,Colorado,Clear Creek,21,1,0,39.68864463,-105.6463118,8019.0,216.49484536082474,4.761904761904762,20,21,1,0,20,21,9605,0,0,0,0,0
2020-07-12,US,Colorado,Conejos,18,0,0,37.201606,-106.19174879999998,8021.0,219.37842778793416,0.0,18,18,0,0,18,17,8200,0,0,0,0,1
2020-07-12,US,Colorado,Costilla,22,0,0,37.27732493,-105.4276548,8023.0,565.9891947517366,0.0,22,22,0,0,22,22,3828,0,0,0,0,0
2020-07-12,US,Colorado,Crowley,71,1,0,38.32608609,-103.7844965,8025.0,1171.4238574492658,1.4084507042253518,70,71,1,0,70,71,5858,0,0,0,0,0
2020-07-12,US,Colorado,Custer,3,0,0,38.10883162,-105.3683478,8027.0,59.19494869771113,0.0,3,3,0,0,3,3,4954,0,0,0,0,0
2020-07-12,US,Colorado,Delta,84,1,0,38.86246243,-107.86313419999999,8029.0,269.5590783646749,1.1904761904761905,83,83,1,0,82,84,30953,1,0,0,1,-1
2020-07-12,US,Colorado,Denver,7902,394,0,39.76018276,-104.87256950000001,8031.0,1086.6172266371111,4.986079473551,7508,7832,394,0,7438,7759,716492,70,0,0,70,73
2020-07-12,US,Colorado,Douglas,1161,52,0,39.33133796,-104.930001,8035.0,330.62417059182013,4.478897502153316,1109,1134,52,0,1082,1120,342776,27,0,0,27,14
2020-07-12,US,Colorado,Eagle,763,8,0,39.62754308,-106.6933637,8037.0,1384.0767681898162,1.0484927916120577,755,761,8,0,753,758,54993,2,0,0,2,3
2020-07-12,US,Colorado,El Paso,3059,115,0,38.83240149,-104.5251411,8041.0,424.6234399357026,3.7593984962406015,2944,3000,115,0,2885,2935,713856,59,0,0,59,65
2020-07-12,US,Colorado,Elbert,62,2,0,39.28656773,-104.13587209999999,8039.0,231.9577986456657,3.2258064516129035,60,62,2,0,60,61,26282,0,0,0,0,1
2020-07-12,US,Colorado,Fremont,43,0,0,38.47362326,-105.43996670000001,8043.0,89.884822007149,0.0,43,43,0,0,43,42,48021,0,0,0,0,1
2020-07-12,US,Colorado,Garfield,415,3,0,39.59921777,-107.902708,8045.0,690.9641864104826,0.7228915662650602,412,403,3,0,400,379,59770,12,0,0,12,24
2020-07-12,US,Colorado,Gilpin,8,0,0,39.85646523,-105.5252597,8047.0,128.14352074323241,0.0,8,8,0,0,8,8,6121,0,0,0,0,0
2020-07-12,US,Colorado,Grand,28,1,0,40.10603347,-106.11780420000001,8049.0,177.95856107792042,3.571428571428572,27,27,1,0,26,26,15525,1,0,0,1,1
2020-07-12,US,Colorado,Gunnison,192,6,0,38.66611652,-107.0320729,8051.0,1099.5304088878709,3.125,186,192,6,0,186,192,17246,0,0,0,0,0
2020-07-12,US,Colorado,Hinsdale,3,0,0,37.82247444,-107.3004345,8053.0,365.8536585365854,0.0,3,3,0,0,3,3,811,0,0,0,0,0
2020-07-12,US,Colorado,Huerfano,4,1,0,37.68473101,-104.9612585,8055.0,57.99623024503408,25.0,3,4,1,0,3,4,6889,0,0,0,0,0
2020-07-12,US,Colorado,Jackson,7,0,0,40.66593870000001,-106.3408905,8057.0,502.8735632183908,0.0,7,7,0,0,7,7,1399,0,0,0,0,0
2020-07-12,US,Colorado,Jefferson,3026,215,0,39.58635604,-105.2517692,8059.0,519.1454173321829,7.105089226701916,2811,3007,215,0,2792,2970,580233,19,0,0,19,37
2020-07-12,US,Colorado,Kit Carson,36,3,0,39.30497777,-102.60221990000001,8063.0,507.25658729040435,8.333333333333334,33,36,3,0,33,36,7163,0,0,0,0,0
2020-07-12,US,Colorado,La Plata,136,1,0,37.28632032,-107.8429014,8067.0,241.9024919514061,0.7352941176470589,135,134,1,0,133,133,56310,2,0,0,2,1
2020-07-12,US,Colorado,Lake,54,0,0,39.20278823,-106.35556969999999,8065.0,664.4518272425249,0.0,54,54,0,0,54,53,7824,0,0,0,0,1
2020-07-12,US,Colorado,Larimer,917,30,0,40.66671597,-105.4625784,8069.0,256.93543551537005,3.2715376226826614,887,899,30,0,869,884,350518,18,0,0,18,15
2020-07-12,US,Colorado,Las Animas,10,0,0,37.3153406,-104.03764579999999,8071.0,68.93699158968704,0.0,10,9,0,0,9,9,14503,1,0,0,1,0
2020-07-12,US,Colorado,Lincoln,4,0,0,38.98749519,-103.51366490000001,8073.0,70.1631292755657,0.0,4,4,0,0,4,4,5610,0,0,0,0,0
2020-07-12,US,Colorado,Logan,641,5,0,40.7249637,-103.110817,8075.0,2860.457851755991,0.7800312012480499,636,641,5,0,636,641,21528,0,0,0,0,0
2020-07-12,US,Colorado,Mesa,142,0,0,39.01787888,-108.469799,8077.0,92.08222553660593,0.0,142,140,0,0,140,137,153207,2,0,0,2,3
2020-07-12,US,Colorado,Mineral,17,0,0,37.66954283,-106.92816979999999,8079.0,2210.663198959688,0.0,17,16,0,0,16,15,776,1,0,0,1,1
2020-07-12,US,Colorado,Moffat,15,1,0,40.61810999,-108.2070876,8081.0,112.92629677030793,6.666666666666668,14,15,1,0,14,15,13188,0,0,0,0,0
2020-07-12,US,Colorado,Montezuma,80,3,0,37.33859579,-108.59588570000001,8083.0,305.5417637398312,3.75,77,77,3,0,74,77,26158,3,0,0,3,0
2020-07-12,US,Colorado,Montrose,218,12,0,38.40214114,-108.26390220000002,8085.0,509.8461106693484,5.504587155963303,206,218,12,0,206,216,42214,0,0,0,0,2
2020-07-12,US,Colorado,Morgan,656,46,0,40.26279810000001,-103.8093302,8087.0,2256.7772120544932,7.012195121951219,610,656,46,0,610,656,28558,0,0,0,0,0
2020-07-12,US,Colorado,Otero,23,1,0,37.9014485,-103.7173385,8089.0,125.83433636065216,4.3478260869565215,22,23,1,0,22,22,18432,0,0,0,0,1
2020-07-12,US,Colorado,Ouray,12,1,0,38.14717457,-107.7675136,8091.0,242.3263327948304,8.333333333333334,11,12,1,0,11,12,4833,0,0,0,0,0
2020-07-12,US,Colorado,Park,33,0,0,39.120926000000004,-105.7182065,8093.0,175.11276200583708,0.0,33,33,0,0,33,33,18556,0,0,0,0,0
2020-07-12,US,Colorado,Phillips,16,0,0,40.59414277,-102.3577703,8095.0,375.14654161781954,0.0,16,16,0,0,16,16,4286,0,0,0,0,0
2020-07-12,US,Colorado,Pitkin,132,2,0,39.21720112,-106.9310027,8097.0,742.9504136882988,1.5151515151515151,130,130,2,0,128,124,17950,2,0,0,2,6
2020-07-12,US,Colorado,Prowers,36,0,0,37.95544985,-102.3926052,8099.0,295.76076240552084,0.0,36,36,0,0,36,36,12164,0,0,0,0,0
2020-07-12,US,Colorado,Pueblo,432,31,0,38.17359144,-104.5127437,8101.0,256.4955113285517,7.175925925925926,401,430,31,0,399,422,167529,2,0,0,2,8
2020-07-12,US,Colorado,Rio Blanco,6,0,0,39.97913541,-108.2179009,8103.0,94.87666034155598,0.0,6,6,0,0,6,6,6336,0,0,0,0,0
2020-07-12,US,Colorado,Rio Grande,81,2,0,37.5836865,-106.3847838,8105.0,718.9136416082364,2.469135802469136,79,80,2,0,78,80,11250,1,0,0,1,0
2020-07-12,US,Colorado,Routt,82,6,0,40.48596505,-106.9905548,8107.0,319.83774085342066,7.317073170731707,76,81,6,0,75,81,25733,1,0,0,1,0
2020-07-12,US,Colorado,Saguache,103,2,0,38.08054629,-106.28246599999999,8109.0,1509.3786635404456,1.9417475728155342,101,103,2,0,101,103,6843,0,0,0,0,0
2020-07-12,US,Colorado,San Juan,2,0,0,37.76248981,-107.67632890000002,8111.0,274.72527472527474,0.0,2,2,0,0,2,2,762,0,0,0,0,0
2020-07-12,US,Colorado,San Miguel,49,0,0,38.00450883,-108.4020725,8113.0,599.0952439173492,0.0,49,48,0,0,48,45,8191,1,0,0,1,3
2020-07-12,US,Colorado,Summit,293,4,0,39.63803232,-106.1150762,8117.0,944.8260294734126,1.3651877133105803,289,293,4,0,289,294,31007,0,0,0,0,-1
2020-07-12,US,Colorado,Teller,61,2,0,38.88133511,-105.16148929999999,8119.0,240.27099417047424,3.278688524590164,59,60,2,0,58,59,25083,1,0,0,1,1
2020-07-12,US,Colorado,Washington,46,0,0,39.97015535,-103.202587,8121.0,937.2453137734312,0.0,46,46,0,0,46,46,4909,0,0,0,0,0
2020-07-12,US,Colorado,Weld,2999,138,0,40.55499405,-104.39296209999999,8123.0,924.2138481071953,4.601533844614871,2861,2988,138,0,2850,2973,314305,11,0,0,11,15
2020-07-12,US,Colorado,Yuma,54,0,0,40.00346839,-102.4258673,8125.0,538.975945703164,0.0,54,54,0,0,54,54,10020,0,0,0,0,0
2020-07-12,US,Connecticut,Fairfield,16906,1380,0,41.26809896,-73.3881171,9001.0,1792.1580101173288,8.162782444102683,15526,16906,1380,0,15526,16906,943823,0,0,0,0,0
2020-07-12,US,Connecticut,Hartford,11892,1385,0,41.80283011,-72.73103891,9003.0,1333.6024761135782,11.646485031954255,10507,11892,1385,0,10507,11892,892697,0,0,0,0,0
2020-07-12,US,Connecticut,Litchfield,1510,137,0,41.7937534,-73.2451475,9005.0,837.3398102399451,9.072847682119203,1373,1510,137,0,1373,1510,181111,0,0,0,0,0
2020-07-12,US,Connecticut,Middlesex,1335,187,0,41.45949668,-72.53714864,9007.0,821.8621487847522,14.007490636704118,1148,1335,187,0,1148,1335,162682,0,0,0,0,0
2020-07-12,US,Connecticut,New Haven,12532,1079,0,41.4080325,-72.93620426,9009.0,1466.1476887583256,8.609958506224066,11453,12532,1079,0,11453,12532,857620,0,0,0,0,0
2020-07-12,US,Connecticut,New London,1322,102,0,41.48896435,-72.10430976,9011.0,498.48042653635287,7.715582450832072,1220,1322,102,0,1220,1322,266784,0,0,0,0,0
2020-07-12,US,Connecticut,Tolland,928,64,0,41.85853803,-72.3308481,9013.0,615.707167547986,6.896551724137932,864,928,64,0,864,928,150921,0,0,0,0,0
2020-07-12,US,Connecticut,Unassigned,230,0,0,0.0,0.0,90009.0,0.0,0.0,230,230,0,0,230,230,,0,0,0,0,0
2020-07-12,US,Connecticut,Windham,632,14,0,41.82972709,-71.98182316,9015.0,541.1792913291432,2.2151898734177213,618,632,14,0,618,632,117027,0,0,0,0,0
2020-07-12,US,Delaware,Kent,1848,83,0,39.08646628,-75.56884914,10001.0,1022.2030466960936,4.491341991341992,1765,1829,83,0,1746,1815,178550,19,0,0,19,14
2020-07-12,US,Delaware,New Castle,5759,249,0,39.57992638,-75.64054974,10003.0,1030.6879784090643,4.323667303351277,5510,5732,249,0,5483,5688,559335,27,0,0,27,44
2020-07-12,US,Delaware,Sussex,5093,176,0,38.66143781,-75.39031349,10005.0,2174.4049525029354,3.4557235421166306,4917,5076,176,0,4900,5045,229286,17,0,0,17,31
2020-07-12,US,Delaware,Unassigned,104,9,0,0.0,0.0,90010.0,0.0,8.653846153846152,95,106,9,0,97,104,,-2,0,0,-2,2
2020-07-12,US,District of Columbia,District of Columbia,10847,568,0,38.90417773,-77.01655992,11001.0,1536.9486885564133,5.236470913616668,10279,10801,568,0,10233,10743,702455,46,0,0,46,58
2020-07-12,US,Florida,Alachua,2098,12,0,29.67866525,-82.35928158,12001.0,779.8009983534233,0.5719733079122974,2086,2043,12,0,2031,1978,269956,55,0,0,55,65
2020-07-12,US,Florida,Baker,162,4,0,30.33060121,-82.28467476,12003.0,554.6045874700445,2.469135802469136,158,151,4,0,147,135,28355,11,0,0,11,16
2020-07-12,US,Florida,Bay,1193,8,0,30.26548745,-85.62122584,12005.0,682.8654016771127,0.6705783738474435,1185,1107,8,0,1099,1027,185287,86,0,0,86,80
2020-07-12,US,Florida,Bradford,133,2,0,29.95079741,-82.16611613,12007.0,471.6144817559661,1.5037593984962403,131,130,2,0,128,119,27732,3,0,0,3,11
2020-07-12,US,Florida,Brevard,3369,29,0,28.29409504,-80.73091022,12009.0,559.6884749693492,0.8607895517957851,3340,3237,28,0,3209,3104,596849,132,1,0,131,133
2020-07-12,US,Florida,Broward,30025,464,0,26.15184651,-80.48725556,12011.0,1537.5531678460122,1.5453788509575357,29561,28253,455,0,27798,26705,1951260,1772,9,0,1763,1548
2020-07-12,US,Florida,Calhoun,174,7,0,30.40666734,-85.19394153,12013.0,1233.6051045728466,4.022988505747127,167,152,7,0,145,133,14587,22,0,0,22,19
2020-07-12,US,Florida,Charlotte,1117,79,0,26.90131002,-81.92949121,12015.0,591.286856174898,7.072515666965085,1038,1074,78,0,996,1048,184998,43,1,0,42,26
2020-07-12,US,Florida,Citrus,546,14,0,28.84804315,-82.47614748,12017.0,364.8342543282306,2.5641025641025643,532,523,14,0,509,500,147929,23,0,0,23,23
2020-07-12,US,Florida,Clay,1508,36,0,29.98319144,-81.85609986,12019.0,687.793041796654,2.3872679045092844,1472,1403,36,0,1367,1328,216072,105,0,0,105,75
2020-07-12,US,Florida,Collier,6220,94,0,26.11091986,-81.34687065,12021.0,1615.995759959678,1.5112540192926045,6126,5968,94,0,5874,5777,378488,252,0,0,252,191
2020-07-12,US,Florida,Columbia,475,4,0,30.22509788,-82.62160164,12023.0,662.611946544653,0.8421052631578947,471,462,4,0,458,433,70503,13,0,0,13,29
2020-07-12,US,Florida,DeSoto,831,11,0,27.18677893,-81.80941373,12027.0,2186.784558301097,1.3237063778580025,820,830,11,0,819,809,37489,1,0,0,1,21
2020-07-12,US,Florida,Dixie,108,4,0,29.60631086,-83.15724673,12029.0,641.8637822417687,3.703703703703704,104,106,4,0,102,103,16700,2,0,0,2,3
2020-07-12,US,Florida,Duval,12864,81,0,30.33225875,-81.66976468,12031.0,1343.140991172064,0.6296641791044776,12783,12287,76,0,12211,11772,950181,577,5,0,572,515
2020-07-12,US,Florida,Escambia,4146,53,0,30.67652764,-87.37284571,12033.0,1302.479297302052,1.2783405692233478,4093,3662,53,0,3609,3485,315534,484,0,0,484,177
2020-07-12,US,Florida,Flagler,493,5,0,29.45933576,-81.31508595,12035.0,428.3939138519825,1.0141987829614605,488,473,5,0,468,456,112067,20,0,0,20,17
2020-07-12,US,Florida,Franklin,33,0,0,29.83791238,-84.82731662,12037.0,272.16494845360825,0.0,33,31,0,0,31,25,11736,2,0,0,2,6
2020-07-12,US,Florida,Gadsden,588,8,0,30.57796289,-84.61915825,12039.0,1287.7792378449408,1.3605442176870748,580,574,8,0,566,528,45894,14,0,0,14,46
2020-07-12,US,Florida,Gilchrist,135,0,0,29.72856978,-82.79880657,12041.0,726.5095253471103,0.0,135,134,0,0,134,133,18256,1,0,0,1,1
2020-07-12,US,Florida,Glades,203,1,0,26.95635849,-81.18996211,12043.0,1469.8428788646731,0.4926108374384237,202,200,1,0,199,196,13724,3,0,0,3,4
2020-07-12,US,Florida,Gulf,90,0,0,29.93543004,-85.24270990000002,12045.0,659.8724246645647,0.0,90,88,0,0,88,79,16164,2,0,0,2,9
2020-07-12,US,Florida,Hamilton,425,2,0,30.49673973,-82.94998918,12047.0,2945.6612143055168,0.4705882352941176,423,417,2,0,415,412,14310,8,0,0,8,5
2020-07-12,US,Florida,Hardee,602,4,0,27.49293939,-81.80956574,12049.0,2234.844266250882,0.6644518272425249,598,596,4,0,592,595,27245,6,0,0,6,1
2020-07-12,US,Florida,Hendry,1196,28,0,26.55386945,-81.16469006,12051.0,2846.128218552187,2.34113712374582,1168,1163,28,0,1135,1146,41556,33,0,0,33,17
2020-07-12,US,Florida,Hernando,861,8,0,28.55364461,-82.42700204,12053.0,443.9975247524753,0.9291521486643438,853,818,7,0,811,766,190865,43,1,0,42,52
2020-07-12,US,Florida,Highlands,532,13,0,27.34254618,-81.34071957,12055.0,500.84258291674905,2.443609022556391,519,517,13,0,504,488,105424,15,0,0,15,29
2020-07-12,US,Florida,Hillsborough,19150,188,0,27.9276559,-82.32013172,12057.0,1300.97936911672,0.9817232375979112,18962,18360,187,0,18173,17662,1436888,790,1,0,789,698
2020-07-12,US,Florida,Holmes,227,1,0,30.86747479,-85.81319222,12059.0,1157.1596064637813,0.4405286343612335,226,225,0,0,225,223,19477,2,1,0,1,2
2020-07-12,US,Florida,Indian River,1185,20,0,27.69308961,-80.60556721,12061.0,740.9815973937457,1.6877637130801688,1165,1158,20,0,1138,1112,157413,27,0,0,27,46
2020-07-12,US,Florida,Jackson,587,2,0,30.7954597,-85.21500423,12063.0,1264.7046149868575,0.34071550255536626,585,581,2,0,579,556,48305,6,0,0,6,25
2020-07-12,US,Florida,Jefferson,81,4,0,30.43669112,-83.89442308,12065.0,568.5806542187281,4.938271604938271,77,80,4,0,76,77,14288,1,0,0,1,3
2020-07-12,US,Florida,Lafayette,53,0,0,29.98484137,-83.18166636,12067.0,629.3042032771314,0.0,53,53,0,0,53,52,8732,0,0,0,0,1
2020-07-12,US,Florida,Lake,2517,27,0,28.76202069,-81.7125123,12069.0,685.6106211081998,1.0727056019070322,2490,2394,27,0,2367,2298,356495,123,0,0,123,96
2020-07-12,US,Florida,Lee,10123,187,0,26.58410348,-81.88399313,12071.0,1313.6909095392155,1.8472784747604465,9936,8848,186,0,8662,8574,754610,1275,1,0,1274,274
2020-07-12,US,Florida,Leon,2348,8,0,30.45955727,-84.27491114,12073.0,799.7765530584302,0.34071550255536626,2340,2246,8,0,2238,2161,292502,102,0,0,102,85
2020-07-12,US,Florida,Levy,263,2,0,29.31829741,-82.74007147,12075.0,633.6891309061997,0.7604562737642585,261,255,2,0,253,241,40770,8,0,0,8,14
2020-07-12,US,Florida,Liberty,274,1,0,30.23766008,-84.8829258,12077.0,3279.865932487431,0.36496350364963503,273,273,1,0,272,262,8457,1,0,0,1,11
2020-07-12,US,Florida,Madison,335,4,0,30.44396917,-83.47398594,12079.0,1811.4962418212297,1.1940298507462686,331,320,4,0,316,302,18529,15,0,0,15,18
2020-07-12,US,Florida,Manatee,5112,138,0,27.47196942,-82.31831044,12081.0,1267.690506952211,2.6995305164319245,4974,4632,138,0,4494,4432,394855,480,0,0,480,200
2020-07-12,US,Florida,Marion,1489,15,0,29.21227113,-82.05803627,12083.0,407.2991063491065,1.007387508394896,1474,1403,15,0,1388,1307,359977,86,0,0,86,96
2020-07-12,US,Florida,Martin,2734,42,0,27.0772071,-80.43109784,12085.0,1698.136645962733,1.5362106803218727,2692,2680,40,0,2640,2634,160912,54,2,0,52,46
2020-07-12,US,Florida,Miami-Dade,64444,1139,0,25.6112362,-80.55170587,12086.0,2371.933130654339,1.7674259822481535,63305,60868,1132,0,59736,58341,2761581,3576,7,0,3569,2527
2020-07-12,US,Florida,Monroe,572,6,0,25.20904673,-81.07812416,12087.0,770.5986959098993,1.048951048951049,566,544,6,0,538,470,75027,28,0,0,28,74
2020-07-12,US,Florida,Nassau,524,2,0,30.61037141,-81.80297522,12089.0,591.2552891396333,0.3816793893129771,522,482,2,0,480,438,85832,42,0,0,42,44
2020-07-12,US,Florida,Okaloosa,1285,10,0,30.69143028,-86.59267105,12091.0,609.7618844252105,0.7782101167315175,1275,1130,10,0,1120,1083,207269,155,0,0,155,47
2020-07-12,US,Florida,Okeechobee,527,2,0,27.386336199999995,-80.88944347,12093.0,1249.7628533485108,0.3795066413662239,525,518,2,0,516,501,41537,9,0,0,9,17
2020-07-12,US,Florida,Orange,18001,80,0,28.51367621,-81.31799498,12095.0,1291.8277773471925,0.4444197544580857,17921,16630,80,0,16550,16148,1380645,1371,0,0,1371,482
2020-07-12,US,Florida,Osceola,4167,31,0,28.06312234,-81.14882926,12097.0,1108.9790845533346,0.7439404847612191,4136,3861,31,0,3830,3658,367990,306,0,0,306,203
2020-07-12,US,Florida,Palm Beach,21018,606,0,26.64676272,-80.46536002,12099.0,1404.2237618338156,2.883242934627462,20412,19847,594,0,19253,19233,1485941,1171,12,0,1159,614
2020-07-12,US,Florida,Pasco,3875,28,0,28.30810945,-82.40227529,12101.0,699.5254058601274,0.7225806451612903,3847,3748,28,0,3720,3559,539630,127,0,0,127,189
2020-07-12,US,Florida,Pinellas,10844,229,0,27.93130349,-82.72239666,12103.0,1112.2096911166816,2.1117668756916266,10615,10596,229,0,10367,10293,975280,248,0,0,248,303
2020-07-12,US,Florida,Polk,7246,140,0,27.95027105,-81.69732947,12105.0,999.7557869524004,1.9321004692244,7106,6983,138,0,6845,6611,708009,263,2,0,261,372
2020-07-12,US,Florida,Putnam,738,7,0,29.60779729,-81.74230285,12107.0,990.324874867487,0.948509485094851,731,695,7,0,688,653,74163,43,0,0,43,42
2020-07-12,US,Florida,Santa Rosa,1331,11,0,30.69341450000001,-87.02458128,12113.0,722.1411403427866,0.8264462809917356,1320,1142,11,0,1131,1085,179349,189,0,0,189,57
2020-07-12,US,Florida,Sarasota,3106,100,0,27.18546175,-82.33174248,12115.0,716.0938991381972,3.2195750160978753,3006,2641,100,0,2541,2548,426718,465,0,0,465,93
2020-07-12,US,Florida,Seminole,4229,24,0,28.7158582,-81.24060348,12117.0,896.3049937900836,0.5675100496571294,4205,4083,23,0,4060,3967,467832,146,1,0,145,116
2020-07-12,US,Florida,St. Johns,1843,12,0,29.90096506,-81.43589967,12109.0,696.3335751420627,0.6511123168746609,1831,1788,12,0,1776,1730,254261,55,0,0,55,58
2020-07-12,US,Florida,St. Lucie,2862,62,0,27.37763908,-80.47106649,12111.0,871.7715970599793,2.1663172606568835,2800,2739,61,0,2678,2661,321128,123,1,0,122,78
2020-07-12,US,Florida,Sumter,655,18,0,28.70181754,-82.0794267,12119.0,494.6382721643257,2.7480916030534357,637,622,18,0,604,589,128754,33,0,0,33,33
2020-07-12,US,Florida,Suwannee,735,22,0,30.19746066,-82.99099670000003,12121.0,1654.771821599838,2.993197278911565,713,724,22,0,702,710,44191,11,0,0,11,14
2020-07-12,US,Florida,Taylor,136,1,0,30.04848048,-83.60445406,12123.0,630.5345634939033,0.7352941176470589,135,130,1,0,129,123,21623,6,0,0,6,7
2020-07-12,US,Florida,Unassigned,297,0,0,0.0,0.0,90012.0,0.0,0.0,297,279,0,0,279,271,,18,0,0,18,8
2020-07-12,US,Florida,Union,114,2,0,30.04412971,-82.37497443,12125.0,748.1787753494783,1.7543859649122806,112,109,2,0,107,105,14940,5,0,0,5,4
2020-07-12,US,Florida,Volusia,3805,77,0,29.05858895,-81.18263252,12127.0,687.7119164841201,2.02365308804205,3728,3634,77,0,3557,3454,547538,171,0,0,171,180
2020-07-12,US,Florida,Wakulla,128,1,0,30.16548905,-84.39895211,12129.0,379.38290998547683,0.78125,127,122,1,0,121,116,32461,6,0,0,6,6
2020-07-12,US,Florida,Walton,561,9,0,30.64204028,-86.16935664,12131.0,757.3814313294001,1.60427807486631,552,538,9,0,529,484,71375,23,0,0,23,54
2020-07-12,US,Florida,Washington,163,13,0,30.61359259,-85.66002461,12133.0,639.8932202724452,7.975460122699388,150,151,13,0,138,147,24880,12,0,0,12,4
2020-07-12,US,Georgia,Appling,343,14,0,31.74847232,-82.28909114,13001.0,1865.5498749048188,4.081632653061225,329,340,14,0,326,317,18507,3,0,0,3,23
2020-07-12,US,Georgia,Atkinson,194,2,0,31.29633502,-82.87545866,13003.0,2375.995101041029,1.0309278350515465,192,194,2,0,192,190,8297,0,0,0,0,4
2020-07-12,US,Georgia,Bacon,304,5,0,31.55456473,-82.45936528,13005.0,2723.038337513436,1.6447368421052633,299,301,5,0,296,293,11185,3,0,0,3,8
2020-07-12,US,Georgia,Baker,44,3,0,31.32669878,-84.44218806,13007.0,1448.3212639894668,6.8181818181818175,41,44,3,0,41,43,3092,0,0,0,0,1
2020-07-12,US,Georgia,Baldwin,647,35,0,33.06882326,-83.24701748,13009.0,1441.3009578970816,5.4095826893353935,612,647,35,0,612,641,44823,0,0,0,0,6
2020-07-12,US,Georgia,Banks,156,1,0,34.35607081,-83.49644388,13011.0,811.0637412914633,0.6410256410256411,155,153,1,0,152,151,18988,3,0,0,3,2
2020-07-12,US,Georgia,Barrow,634,27,0,33.99148694,-83.71436292,13013.0,761.6530514175878,4.2586750788643535,607,625,27,0,598,606,80809,9,0,0,9,19
2020-07-12,US,Georgia,Bartow,960,44,0,34.23732119,-84.83887523,13015.0,891.0505114258667,4.583333333333333,916,926,42,0,884,879,106408,34,2,0,32,47
2020-07-12,US,Georgia,Ben Hill,230,1,0,31.76095874,-83.22145359,13017.0,1377.2455089820362,0.43478260869565216,229,229,1,0,228,228,16787,1,0,0,1,1
2020-07-12,US,Georgia,Berrien,173,0,0,31.27590016,-83.22529920000002,13019.0,891.8904985307007,0.0,173,170,0,0,170,167,19252,3,0,0,3,3
2020-07-12,US,Georgia,Bibb,1677,43,0,32.80904227,-83.70489165,13021.0,1094.9405519753982,2.5641025641025643,1634,1663,42,0,1621,1622,153095,14,1,0,13,41
2020-07-12,US,Georgia,Bleckley,88,1,0,32.43829035,-83.33035166,13023.0,683.6013361298843,1.1363636363636365,87,87,1,0,86,84,12838,1,0,0,1,3
2020-07-12,US,Georgia,Brantley,140,3,0,31.19576557,-81.97743999,13025.0,732.6390705950076,2.142857142857143,137,137,3,0,134,129,18897,3,0,0,3,8
2020-07-12,US,Georgia,Brooks,224,11,0,30.83922642,-83.58303423,13027.0,1449.1816005693213,4.910714285714286,213,223,11,0,212,218,15513,1,0,0,1,5
2020-07-12,US,Georgia,Bryan,255,5,0,32.00979311,-81.44002948,13029.0,643.5006435006435,1.96078431372549,250,243,5,0,238,230,38109,12,0,0,12,13
2020-07-12,US,Georgia,Bulloch,623,6,0,32.39577406,-81.74811421,13031.0,782.5846648578032,0.9630818619582664,617,609,6,0,603,581,77296,14,0,0,14,28
2020-07-12,US,Georgia,Burke,176,7,0,33.05917989,-81.99928721,13033.0,786.3110396282892,3.977272727272727,169,168,7,0,161,167,22423,8,0,0,8,1
2020-07-12,US,Georgia,Butts,342,35,0,33.283094500000004,-83.95435040000002,13035.0,1371.5110683349374,10.23391812865497,307,339,35,0,304,334,24193,3,0,0,3,5
2020-07-12,US,Georgia,Calhoun,170,6,0,31.53169785,-84.62725131,13037.0,2746.8088544191305,3.5294117647058822,164,169,6,0,163,169,6352,1,0,0,1,0
2020-07-12,US,Georgia,Camden,283,2,0,30.92951916,-81.66601818,13039.0,517.6892401126843,0.7067137809187279,281,265,2,0,263,255,53677,18,0,0,18,10
2020-07-12,US,Georgia,Candler,88,0,0,32.40209349,-82.07702563,13043.0,814.5885402203091,0.0,88,88,0,0,88,82,10836,0,0,0,0,6
2020-07-12,US,Georgia,Carroll,1050,40,0,33.58138199,-85.07976677,13045.0,875.0583372224817,3.809523809523809,1010,1024,40,0,984,1008,118121,26,0,0,26,16
2020-07-12,US,Georgia,Catoosa,359,8,0,34.89872298,-85.13757014,13047.0,531.2222551050606,2.2284122562674096,351,357,8,0,349,352,67420,2,0,0,2,5
2020-07-12,US,Georgia,Charlton,109,2,0,30.78371028,-82.13951596,13049.0,813.9187574671446,1.834862385321101,107,99,2,0,97,97,12968,10,0,0,10,2
2020-07-12,US,Georgia,Chatham,2554,38,0,32.00043026,-81.12489526,13051.0,882.4240749058495,1.4878621769772906,2516,2452,38,0,2414,2334,289195,102,0,0,102,118
2020-07-12,US,Georgia,Chattahoochee,463,0,0,32.34341231,-84.78809239,13053.0,4244.980287888512,0.0,463,463,0,0,463,462,10684,0,0,0,0,1
2020-07-12,US,Georgia,Chattooga,81,2,0,34.47197698,-85.34535662,13055.0,326.7578361369964,2.469135802469136,79,80,2,0,78,81,24790,1,0,0,1,-1
2020-07-12,US,Georgia,Cherokee,1753,48,0,34.24393976,-84.47431861,13057.0,677.4277069091443,2.738163148887621,1705,1734,48,0,1686,1674,254149,19,0,0,19,60
2020-07-12,US,Georgia,Clarke,939,15,0,33.95436462,-83.37124007,13059.0,731.7016153540454,1.597444089456869,924,925,15,0,910,897,127330,14,0,0,14,28
2020-07-12,US,Georgia,Clay,61,2,0,31.62221166,-84.97713865,13061.0,2152.4347212420607,3.278688524590164,59,61,2,0,59,59,2887,0,0,0,0,2
2020-07-12,US,Georgia,Clayton,2811,82,0,33.54187245,-84.35594188,13063.0,961.8279864228624,2.9171113482746347,2729,2759,82,0,2677,2708,289615,52,0,0,52,51
2020-07-12,US,Georgia,Clinch,115,3,0,30.91395822,-82.70432472,13065.0,1737.685101239045,2.608695652173913,112,115,3,0,112,115,6648,0,0,0,0,0
2020-07-12,US,Georgia,Cobb,7049,254,0,33.94243204,-84.5761255,13067.0,927.3279562607463,3.6033479926230667,6795,6940,253,0,6687,6708,756865,109,1,0,108,232
2020-07-12,US,Georgia,Coffee,931,17,0,31.54892966,-82.85492059999999,13069.0,2151.4570286321728,1.825993555316864,914,920,17,0,903,908,43093,11,0,0,11,12
2020-07-12,US,Georgia,Colquitt,1280,20,0,31.18810588,-83.7677946,13071.0,2807.017543859649,1.5625,1260,1265,20,0,1245,1227,45592,15,0,0,15,38
2020-07-12,US,Georgia,Columbia,852,12,0,33.54534185,-82.263524,13073.0,543.6655308396187,1.4084507042253518,840,829,12,0,817,783,154291,23,0,0,23,46
2020-07-12,US,Georgia,Cook,242,4,0,31.16068491,-83.42947229,13075.0,1401.2738853503186,1.6528925619834711,238,238,4,0,234,235,17162,4,0,0,4,3
2020-07-12,US,Georgia,Coweta,888,16,0,33.35334302,-84.76129976,13077.0,597.9435589762237,1.8018018018018016,872,881,16,0,865,856,145864,7,0,0,7,25
2020-07-12,US,Georgia,Crawford,57,0,0,32.71391813,-83.98061238,13079.0,459.5291841341504,0.0,57,57,0,0,57,57,12318,0,0,0,0,0
2020-07-12,US,Georgia,Crisp,311,13,0,31.92289565,-83.76811843,13081.0,1390.130520293224,4.180064308681672,298,309,13,0,296,308,22601,2,0,0,2,1
2020-07-12,US,Georgia,Dade,79,1,0,34.854916700000004,-85.50490424,13083.0,490.19607843137254,1.2658227848101269,78,79,1,0,78,78,16226,0,0,0,0,1
2020-07-12,US,Georgia,Dawson,174,3,0,34.44244079,-84.16964071,13085.0,666.4623870078137,1.7241379310344829,171,173,3,0,170,170,25083,1,0,0,1,3
2020-07-12,US,Georgia,DeKalb,8253,181,0,33.76944049,-84.22396017,13089.0,1086.9264596067148,2.1931418877983764,8072,8144,181,0,7963,7973,756558,109,0,0,109,171
2020-07-12,US,Georgia,Decatur,312,8,0,30.87967778,-84.57619536,13087.0,1181.6391455840026,2.5641025641025643,304,310,8,0,302,301,26575,2,0,0,2,9
2020-07-12,US,Georgia,Dodge,141,2,0,32.17265114,-83.16948926,13091.0,684.2999272021352,1.4184397163120568,139,138,2,0,136,136,20705,3,0,0,3,2
2020-07-12,US,Georgia,Dooly,223,13,0,32.15630737,-83.79746561,13093.0,1665.4219566840927,5.829596412556054,210,220,13,0,207,220,13706,3,0,0,3,0
2020-07-12,US,Georgia,Dougherty,2160,156,0,31.53328528,-84.21722377,13095.0,2455.773341216063,7.222222222222222,2004,2146,156,0,1990,2138,91243,14,0,0,14,8
2020-07-12,US,Georgia,Douglas,1409,39,0,33.70291126,-84.77026156,13097.0,962.806557197816,2.7679205110007103,1370,1388,39,0,1349,1347,145331,21,0,0,21,41
2020-07-12,US,Georgia,Early,306,31,0,31.32155345,-84.90255207,13099.0,3002.944062806673,10.130718954248367,275,306,31,0,275,296,10247,0,0,0,0,10
2020-07-12,US,Georgia,Echols,197,0,0,30.71101099,-82.89687287,13101.0,4917.62356465302,0.0,197,192,0,0,192,192,4000,5,0,0,5,0
2020-07-12,US,Georgia,Effingham,284,1,0,32.36616021,-81.34280942,13103.0,441.70710464103513,0.35211267605633795,283,273,1,0,272,260,62190,11,0,0,11,13
2020-07-12,US,Georgia,Elbert,173,0,0,34.11302332,-82.83936148,13105.0,901.3233302073564,0.0,173,172,0,0,172,151,19120,1,0,0,1,21
2020-07-12,US,Georgia,Emanuel,211,3,0,32.59221302,-82.30239915,13107.0,931.731873178486,1.4218009478672986,208,209,3,0,206,190,22612,2,0,0,2,19
2020-07-12,US,Georgia,Evans,48,0,0,32.15328841,-81.8870105,13109.0,450.5350103247607,0.0,48,48,0,0,48,42,10721,0,0,0,0,6
2020-07-12,US,Georgia,Fannin,128,1,0,34.86430205,-84.316964,13111.0,488.7734840384909,0.78125,127,123,1,0,122,121,25964,5,0,0,5,2
2020-07-12,US,Georgia,Fayette,514,19,0,33.41357794,-84.49089434,13113.0,449.218237910873,3.696498054474709,495,509,19,0,490,498,113459,5,0,0,5,11
2020-07-12,US,Georgia,Floyd,724,15,0,34.26268279,-85.21577392,13115.0,735.0403053869113,2.0718232044198897,709,716,15,0,701,693,97927,8,0,0,8,23
2020-07-12,US,Georgia,Forsyth,1148,15,0,34.22604035,-84.12315129999998,13117.0,470.00638684637175,1.3066202090592334,1133,1123,15,0,1108,1096,236612,25,0,0,25,27
2020-07-12,US,Georgia,Franklin,261,1,0,34.37525597,-83.23159927,13119.0,1117.8208916870099,0.3831417624521073,260,250,1,0,249,248,23023,11,0,0,11,2
2020-07-12,US,Georgia,Fulton,10595,324,0,33.79216944,-84.46319413,13121.0,995.8296402888516,3.058046248230297,10271,10354,324,0,10030,10021,1050114,241,0,0,241,333
2020-07-12,US,Georgia,Gilmer,241,2,0,34.69316688,-84.45802506,13123.0,768.2744110427492,0.8298755186721992,239,239,2,0,237,229,30816,2,0,0,2,10
2020-07-12,US,Georgia,Glascock,15,0,0,33.22879932,-82.61297636,13125.0,504.88051161225184,0.0,15,14,0,0,14,14,2995,1,0,0,1,0
2020-07-12,US,Georgia,Glynn,1548,9,0,31.23279254,-81.53811412,13127.0,1814.941612343479,0.5813953488372093,1539,1529,9,0,1520,1487,85219,19,0,0,19,42
2020-07-12,US,Georgia,Gordon,527,18,0,34.50487351,-84.87296253,13129.0,909.2006969963595,3.415559772296015,509,519,18,0,501,491,57685,8,0,0,8,28
2020-07-12,US,Georgia,Grady,251,4,0,30.87454847,-84.23418364,13131.0,1018.9583079608657,1.593625498007968,247,251,4,0,247,248,24748,0,0,0,0,3
2020-07-12,US,Georgia,Greene,117,10,0,33.5769205,-83.17139104,13133.0,638.5068762278977,8.547008547008549,107,117,10,0,107,111,17698,0,0,0,0,6
2020-07-12,US,Georgia,Gwinnett,11304,183,0,33.96044201,-84.02137802,13135.0,1207.369826435247,1.6188959660297242,11121,11074,182,0,10892,10741,927781,230,1,0,229,333
2020-07-12,US,Georgia,Habersham,761,41,0,34.63331566,-83.53094677,13137.0,1678.8739851747266,5.387647831800263,720,759,41,0,718,751,45388,2,0,0,2,8
2020-07-12,US,Georgia,Hall,3813,63,0,34.32207823,-83.81896936,13139.0,1865.0857704667847,1.6522423288749015,3750,3774,63,0,3711,3713,202148,39,0,0,39,61
2020-07-12,US,Georgia,Hancock,228,33,0,33.2721566,-82.99766919,13141.0,2695.9914863426748,14.473684210526313,195,227,33,0,194,226,8348,1,0,0,1,1
2020-07-12,US,Georgia,Haralson,108,5,0,33.79602175,-85.21005667,13143.0,362.51342642320094,4.62962962962963,103,105,5,0,100,105,29533,3,0,0,3,0
2020-07-12,US,Georgia,Harris,425,12,0,32.73709786,-84.90538572,13145.0,1206.152798274492,2.8235294117647056,413,421,12,0,409,415,34475,4,0,0,4,6
2020-07-12,US,Georgia,Hart,113,0,0,34.34626973,-82.96567682,13147.0,431.21541690517074,0.0,113,109,0,0,109,101,26099,4,0,0,4,8
2020-07-12,US,Georgia,Heard,82,3,0,33.29686567,-85.12886832,13149.0,687.7463725572425,3.6585365853658534,79,80,3,0,77,79,11879,2,0,0,2,1
2020-07-12,US,Georgia,Henry,1769,34,0,33.4533428,-84.14814659999998,13151.0,754.1748201960257,1.9219898247597516,1735,1749,34,0,1715,1692,230220,20,0,0,20,57
2020-07-12,US,Georgia,Houston,989,30,0,32.45802497,-83.66879087,13153.0,626.4925916775939,3.033367037411527,959,966,30,0,936,938,155469,23,0,0,23,28
2020-07-12,US,Georgia,Irwin,104,1,0,31.60213036,-83.27501387,13155.0,1104.502973661852,0.9615384615384616,103,101,1,0,100,99,9398,3,0,0,3,2
2020-07-12,US,Georgia,Jackson,516,12,0,34.13794553,-83.56814788,13157.0,707.0720912068186,2.3255813953488373,504,512,12,0,500,499,70422,4,0,0,4,13
2020-07-12,US,Georgia,Jasper,89,1,0,33.31535543,-83.68844964,13159.0,625.9230606934383,1.1235955056179776,88,88,1,0,87,83,14040,1,0,0,1,5
2020-07-12,US,Georgia,Jeff Davis,158,3,0,31.80405727,-82.63724870000001,13161.0,1045.3192193185578,1.8987341772151896,155,154,3,0,151,144,15029,4,0,0,4,10
2020-07-12,US,Georgia,Jefferson,204,2,0,33.05867328,-82.41609057,13163.0,1327.9520895716705,0.9803921568627452,202,192,2,0,190,173,15430,12,0,0,12,19
2020-07-12,US,Georgia,Jenkins,139,13,0,32.79248718,-81.96040187,13165.0,1602.1207929921625,9.352517985611511,126,138,13,0,125,137,8683,1,0,0,1,1
2020-07-12,US,Georgia,Johnson,126,2,0,32.70211082,-82.66166794,13167.0,1306.6473089287565,1.5873015873015872,124,125,2,0,123,121,9708,1,0,0,1,4
2020-07-12,US,Georgia,Jones,133,0,0,33.02512137,-83.56019163,13169.0,462.85018270401946,0.0,133,133,0,0,133,131,28616,0,0,0,0,2
2020-07-12,US,Georgia,Lamar,148,6,0,33.07841647,-84.14263877,13171.0,775.8033233736961,4.0540540540540535,142,147,6,0,141,144,19000,1,0,0,1,3
2020-07-12,US,Georgia,Lanier,165,3,0,31.03828570000001,-83.06472457,13173.0,1583.0375131919793,1.818181818181818,162,165,3,0,162,163,10340,0,0,0,0,2
2020-07-12,US,Georgia,Laurens,367,1,0,32.46325233,-82.92221316,13175.0,771.884070163631,0.2724795640326976,366,362,1,0,361,344,47325,5,0,0,5,18
2020-07-12,US,Georgia,Lee,423,22,0,31.779330600000005,-84.14324253,13177.0,1410.3761002934116,5.200945626477542,401,418,22,0,396,418,29764,5,0,0,5,0
2020-07-12,US,Georgia,Liberty,251,1,0,31.82588896,-81.49251135,13179.0,408.56189468544,0.398406374501992,250,238,1,0,237,195,61497,13,0,0,13,43
2020-07-12,US,Georgia,Lincoln,64,2,0,33.79201475,-82.45024131,13181.0,807.9787905567479,3.125,62,62,2,0,60,59,7915,2,0,0,2,3
2020-07-12,US,Georgia,Long,68,1,0,31.75218791,-81.74952375,13183.0,347.66603609591493,1.4705882352941178,67,68,1,0,67,62,18998,0,0,0,0,6
2020-07-12,US,Georgia,Lowndes,1844,18,0,30.83568832,-83.27056716,13185.0,1570.6181966850077,0.9761388286334056,1826,1830,18,0,1812,1810,116321,14,0,0,14,20
2020-07-12,US,Georgia,Lumpkin,170,4,0,34.57286511,-84.00425681,13187.0,505.80184468908067,2.3529411764705883,166,165,4,0,161,161,32955,5,0,0,5,4
2020-07-12,US,Georgia,Macon,138,9,0,32.35207048,-84.04234127,13193.0,1065.8839885687803,6.521739130434782,129,138,9,0,129,137,13143,0,0,0,0,1
2020-07-12,US,Georgia,Madison,167,4,0,34.12920917,-83.21218732,13195.0,558.9022757697456,2.395209580838323,163,162,4,0,158,158,29650,5,0,0,5,4
2020-07-12,US,Georgia,Marion,100,3,0,32.3483402,-84.52733571,13197.0,1196.3153487259242,3.0,97,99,3,0,96,97,8351,1,0,0,1,2
2020-07-12,US,Georgia,McDuffie,156,8,0,33.47851918,-82.48252774,13189.0,731.981981981982,5.128205128205129,148,150,8,0,142,145,21531,6,0,0,6,5
2020-07-12,US,Georgia,McIntosh,79,1,0,31.49683595,-81.40163426,13191.0,549.4505494505495,1.2658227848101269,78,79,1,0,78,79,14340,0,0,0,0,0
2020-07-12,US,Georgia,Meriwether,251,3,0,33.04163534,-84.68859732,13199.0,1185.8080975102755,1.195219123505976,248,248,3,0,245,241,21068,3,0,0,3,7
2020-07-12,US,Georgia,Miller,60,0,0,31.16568912,-84.73151117,13201.0,1049.3179433368311,0.0,60,60,0,0,60,58,5686,0,0,0,0,2
2020-07-12,US,Georgia,Mitchell,491,40,0,31.22483255,-84.19381821,13205.0,2245.8034121575265,8.146639511201629,451,488,40,0,448,486,22192,3,0,0,3,2
2020-07-12,US,Georgia,Monroe,229,19,0,33.014289,-83.92097166,13207.0,830.3720356806149,8.296943231441048,210,229,19,0,210,229,27520,0,0,0,0,0
2020-07-12,US,Georgia,Montgomery,54,0,0,32.17201038,-82.53527476,13209.0,588.7483645878763,0.0,54,52,0,0,52,51,9193,2,0,0,2,1
2020-07-12,US,Georgia,Morgan,80,0,0,33.59232073,-83.49129491,13211.0,415.0238638721726,0.0,80,78,0,0,78,74,18853,2,0,0,2,4
2020-07-12,US,Georgia,Murray,292,2,0,34.78897608,-84.74993177,13213.0,728.2521947326418,0.6849315068493149,290,290,2,0,288,282,39921,2,0,0,2,8
2020-07-12,US,Georgia,Muscogee,2766,56,0,32.50931999,-84.87142262,13215.0,1412.8896812059106,2.0245842371655822,2710,2698,56,0,2642,2628,194160,68,0,0,68,70
2020-07-12,US,Georgia,Newton,906,15,0,33.55514538,-83.84547140000002,13217.0,810.7817869415808,1.6556291390728477,891,876,15,0,861,863,109541,30,0,0,30,13
2020-07-12,US,Georgia,Oconee,236,13,0,33.83749973,-83.43679568,13219.0,585.8987090367427,5.508474576271187,223,227,13,0,214,224,39272,9,0,0,9,3
2020-07-12,US,Georgia,Oglethorpe,106,7,0,33.878629600000004,-83.08278123,13221.0,694.6719968543155,6.60377358490566,99,105,7,0,98,104,15054,1,0,0,1,1
2020-07-12,US,Georgia,Out of GA,8537,50,0,0.0,0.0,80013.0,0.0,0.5856858381164344,8487,7827,50,0,7777,7614,,710,0,0,710,213
2020-07-12,US,Georgia,Paulding,854,16,0,33.91969522,-84.86848792,13223.0,506.32311003337935,1.873536299765808,838,838,16,0,822,812,164044,16,0,0,16,26
2020-07-12,US,Georgia,Peach,148,10,0,32.56934316,-83.82937,13225.0,537.2830901038263,6.756756756756758,138,145,10,0,135,145,27297,3,0,0,3,0
2020-07-12,US,Georgia,Pickens,115,5,0,34.46589159,-84.46406611,13227.0,352.85815102328866,4.3478260869565215,110,113,5,0,108,112,31980,2,0,0,2,1
2020-07-12,US,Georgia,Pierce,256,5,0,31.35928155,-82.21598442,13229.0,1315.1810942717698,1.953125,251,250,5,0,245,238,19389,6,0,0,6,12
2020-07-12,US,Georgia,Pike,115,3,0,33.09310242,-84.38790389,13231.0,606.4761101149668,2.608695652173913,112,113,3,0,110,112,18634,2,0,0,2,1
2020-07-12,US,Georgia,Polk,323,1,0,34.00267074,-85.18677781,13233.0,757.9846525708118,0.30959752321981426,322,319,1,0,318,297,42470,4,0,0,4,22
2020-07-12,US,Georgia,Pulaski,60,2,0,32.23334561,-83.47549959999998,13235.0,538.7447247912363,3.333333333333333,58,60,2,0,58,60,11069,0,0,0,0,0
2020-07-12,US,Georgia,Putnam,221,12,0,33.32056115,-83.37552891,13237.0,999.1410099914101,5.429864253393665,209,212,12,0,200,204,21809,9,0,0,9,8
2020-07-12,US,Georgia,Quitman,22,1,0,31.86728114,-85.01773177,13239.0,956.9377990430625,4.545454545454546,21,22,1,0,21,20,2279,0,0,0,0,2
2020-07-12,US,Georgia,Rabun,81,3,0,34.88389445,-83.40304637,13241.0,472.6614926766645,3.703703703703704,78,71,3,0,68,67,16867,10,0,0,10,4
2020-07-12,US,Georgia,Randolph,212,25,0,31.76622818,-84.75732369,13243.0,3127.7663027441718,11.79245283018868,187,212,25,0,187,211,6833,0,0,0,0,1
2020-07-12,US,Georgia,Richmond,1611,60,0,33.35777107,-82.07026432,13245.0,795.4848457914853,3.7243947858473,1551,1563,60,0,1503,1517,201554,48,0,0,48,46
2020-07-12,US,Georgia,Rockdale,700,11,0,33.65145002,-84.02202167,13247.0,770.1108959690196,1.5714285714285714,689,679,10,0,669,654,90594,21,1,0,20,25
2020-07-12,US,Georgia,Schley,29,1,0,32.2654021,-84.31258912,13249.0,551.6454251474224,3.4482758620689653,28,29,1,0,28,29,5236,0,0,0,0,0
2020-07-12,US,Georgia,Screven,110,7,0,32.74976524,-81.60779441,13251.0,787.6270943720464,6.363636363636362,103,108,7,0,101,107,13938,2,0,0,2,1
2020-07-12,US,Georgia,Seminole,55,2,0,30.93464824,-84.86823924,13253.0,679.8516687268233,3.636363636363636,53,55,2,0,53,54,8315,0,0,0,0,1
2020-07-12,US,Georgia,Spalding,565,33,0,33.26310031,-84.28013991,13255.0,847.0383640915701,5.840707964601769,532,555,33,0,522,538,66100,10,0,0,10,17
2020-07-12,US,Georgia,Stephens,322,6,0,34.55151201,-83.29405315,13257.0,1242.0443587270975,1.8633540372670807,316,303,6,0,297,303,26035,19,0,0,19,0
2020-07-12,US,Georgia,Stewart,215,3,0,32.07996777,-84.83208037,13259.0,3247.2436187887024,1.3953488372093024,212,212,3,0,209,211,6199,3,0,0,3,1
2020-07-12,US,Georgia,Sumter,610,50,0,32.03650571,-84.19821492,13261.0,2066.115702479339,8.196721311475411,560,607,50,0,557,603,29733,3,0,0,3,4
2020-07-12,US,Georgia,Talbot,93,3,0,32.69642758,-84.53351366,13263.0,1501.2106537530267,3.2258064516129035,90,93,3,0,90,93,6272,0,0,0,0,0
2020-07-12,US,Georgia,Taliaferro,2,0,0,33.56543317,-82.88136816,13265.0,130.1236174365647,0.0,2,2,0,0,2,2,1608,0,0,0,0,0
2020-07-12,US,Georgia,Tattnall,193,0,0,32.04785085,-82.05539188,13267.0,763.2682116586252,0.0,193,191,0,0,191,179,25391,2,0,0,2,12
2020-07-12,US,Georgia,Taylor,36,2,0,32.55792548,-84.25077141,13269.0,448.87780548628433,5.5555555555555545,34,35,2,0,33,39,8039,1,0,0,1,-4
2020-07-12,US,Georgia,Telfair,177,3,0,31.92829517,-82.93491155,13271.0,1116.015132408575,1.6949152542372878,174,175,3,0,172,172,15876,2,0,0,2,3
2020-07-12,US,Georgia,Terrell,248,28,0,31.77527543,-84.44069698,13273.0,2907.044895088501,11.290322580645164,220,245,28,0,217,238,8611,3,0,0,3,7
2020-07-12,US,Georgia,Thomas,591,32,0,30.86392347,-83.91847289,13275.0,1329.553890801107,5.4145516074450075,559,586,32,0,554,578,44448,5,0,0,5,8
2020-07-12,US,Georgia,Tift,983,28,0,31.45743864,-83.5236119,13277.0,2418.561165239642,2.848423194303153,955,969,28,0,941,950,40571,14,0,0,14,19
2020-07-12,US,Georgia,Toombs,325,5,0,32.12059861,-82.32957247,13279.0,1211.3306000745433,1.5384615384615383,320,321,5,0,316,315,26887,4,0,0,4,6
2020-07-12,US,Georgia,Towns,70,1,0,34.91369188,-83.74107459999998,13281.0,581.5402508930797,1.4285714285714286,69,65,1,0,64,64,11852,5,0,0,5,1
2020-07-12,US,Georgia,Treutlen,46,1,0,32.40422134,-82.56904553,13283.0,666.5700623098103,2.1739130434782608,45,46,1,0,45,45,6809,0,0,0,0,1
2020-07-12,US,Georgia,Troup,1750,38,0,33.03349196,-85.02812115,13285.0,2502.788821830039,2.1714285714285717,1712,1744,38,0,1706,1716,70034,6,0,0,6,28
2020-07-12,US,Georgia,Turner,189,18,0,31.71612656,-83.62069378,13287.0,2366.938008766437,9.523809523809524,171,189,18,0,171,188,7912,0,0,0,0,1
2020-07-12,US,Georgia,Twiggs,41,1,0,32.67435595,-83.43078662,13289.0,504.92610837438417,2.4390243902439024,40,41,1,0,40,41,8188,0,0,0,0,0
2020-07-12,US,Georgia,Unassigned,1470,2,0,0.0,0.0,90013.0,0.0,0.1360544217687075,1468,1485,2,0,1483,1363,,-15,0,0,-15,122
2020-07-12,US,Georgia,Union,109,4,0,34.82995757,-83.98967069,13291.0,444.69829872302233,3.669724770642202,105,99,4,0,95,98,24001,10,0,0,10,1
2020-07-12,US,Georgia,Upson,388,45,0,32.87920671,-84.30024826,13293.0,1474.1641337386018,11.597938144329893,343,387,45,0,342,384,26215,1,0,0,1,3
2020-07-12,US,Georgia,Walker,374,12,0,34.73376362,-85.30165174,13295.0,536.1161680595175,3.2085561497326203,362,372,12,0,360,367,69410,2,0,0,2,5
2020-07-12,US,Georgia,Walton,543,29,0,33.78017694,-83.73552314,13297.0,574.0382480733248,5.3406998158379375,514,538,29,0,509,527,93503,5,0,0,5,11
2020-07-12,US,Georgia,Ware,639,16,0,31.05449097,-82.42224148,13299.0,1788.2129064756257,2.503912363067293,623,622,16,0,606,596,35680,17,0,0,17,26
2020-07-12,US,Georgia,Warren,31,0,0,33.41146451,-82.67795848,13301.0,590.0266463646745,0.0,31,30,0,0,30,30,5251,1,0,0,1,0
2020-07-12,US,Georgia,Washington,188,1,0,32.96711864,-82.79357039,13303.0,922.7446745852556,0.5319148936170213,187,183,1,0,182,177,20386,5,0,0,5,6
2020-07-12,US,Georgia,Wayne,161,0,0,31.5521809,-81.91894878,13305.0,537.9757409696929,0.0,161,158,0,0,158,139,29808,3,0,0,3,19
2020-07-12,US,Georgia,Webster,31,2,0,32.04066113,-84.54742852,13307.0,1189.1062523973915,6.451612903225807,29,31,2,0,29,32,2611,0,0,0,0,-1
2020-07-12,US,Georgia,Wheeler,57,0,0,32.12009104,-82.72574721,13309.0,725.6524506683638,0.0,57,57,0,0,57,56,7879,0,0,0,0,1
2020-07-12,US,Georgia,White,172,5,0,34.64624278,-83.74905525,13311.0,558.477823235275,2.9069767441860463,167,169,4,0,165,167,29970,3,1,0,2,2
2020-07-12,US,Georgia,Whitfield,1787,15,0,34.80987459,-84.96093476,13313.0,1707.9558053293576,0.8393956351426972,1772,1765,15,0,1750,1705,104062,22,0,0,22,60
2020-07-12,US,Georgia,Wilcox,135,15,0,31.97496928,-83.43438555,13315.0,1563.4047481181244,11.111111111111109,120,134,15,0,119,134,8812,1,0,0,1,0
2020-07-12,US,Georgia,Wilkes,109,1,0,33.78290391,-82.74286107,13317.0,1114.8614094302955,0.9174311926605504,108,98,1,0,97,88,9876,11,0,0,11,10
2020-07-12,US,Georgia,Wilkinson,113,9,0,32.80291082,-83.17140684,13319.0,1262.005807460353,7.9646017699115035,104,113,9,0,104,109,9036,0,0,0,0,4
2020-07-12,US,Georgia,Worth,356,22,0,31.55162306,-83.85090513,13321.0,1758.2851780510696,6.179775280898878,334,354,22,0,332,351,20299,2,0,0,2,3
2020-07-12,US,Hawaii,Hawaii,101,0,0,19.60121157,-155.5210167,15001.0,50.120835876593574,0.0,101,100,0,0,100,98,200983,1,0,0,1,2
2020-07-12,US,Hawaii,Honolulu,923,13,0,21.45803166,-157.97121819999995,15003.0,94.70911577804615,1.4084507042253518,910,905,13,0,892,867,980080,18,0,0,18,38
2020-07-12,US,Hawaii,Kauai,43,0,0,22.03935037,-159.5966786,15007.0,59.480170970910045,0.0,43,43,0,0,43,43,72133,0,0,0,0,0
2020-07-12,US,Hawaii,Maui,134,6,0,20.86399628,-156.56890969999995,15009.0,80.03966144417831,4.477611940298506,128,133,6,0,127,131,167207,1,0,0,1,2
2020-07-12,US,Hawaii,Out of HI,19,0,0,0.0,0.0,80015.0,0.0,0.0,19,19,0,0,19,19,,0,0,0,0,0
2020-07-12,US,Idaho,Ada,4146,25,0,43.4526575,-116.24155159999998,16001.0,860.9036373490147,0.6029908345393149,4121,3975,25,0,3950,3790,469966,171,0,0,171,185
2020-07-12,US,Idaho,Adams,12,0,0,44.89333571,-116.4545247,16003.0,279.4597112249651,0.0,12,12,0,0,12,12,4250,0,0,0,0,0
2020-07-12,US,Idaho,Bannock,141,1,0,42.67002716,-112.2233311,16005.0,160.57762390670553,0.7092198581560284,140,140,1,0,139,137,87138,1,0,0,1,3
2020-07-12,US,Idaho,Bear Lake,2,0,0,42.28269683,-111.32892379999998,16007.0,32.6530612244898,0.0,2,2,0,0,2,2,6050,0,0,0,0,0
2020-07-12,US,Idaho,Benewah,29,0,0,47.21754179,-116.6586851,16009.0,311.8950311895032,0.0,29,29,0,0,29,24,9226,0,0,0,0,5
2020-07-12,US,Idaho,Bingham,78,1,0,43.21672879999999,-112.3978437,16011.0,166.62750208284373,1.2820512820512822,77,78,1,0,77,76,46236,0,0,0,0,2
2020-07-12,US,Idaho,Blaine,550,5,0,43.4085812,-113.9752658,16013.0,2389.1229746752965,0.9090909090909092,545,549,5,0,544,548,22601,1,0,0,1,1
2020-07-12,US,Idaho,Boise,9,0,0,43.98829931,-115.7309284,16015.0,114.92785084918913,0.0,9,8,0,0,8,8,7634,1,0,0,1,0
2020-07-12,US,Idaho,Bonner,71,0,0,48.29996017,-116.6017932,16017.0,155.22857954918126,0.0,71,59,0,0,59,59,44727,12,0,0,12,0
2020-07-12,US,Idaho,Bonneville,197,1,0,43.38713372,-111.6161537,16019.0,165.4600124304984,0.5076142131979695,196,190,1,0,189,177,116854,7,0,0,7,13
2020-07-12,US,Idaho,Boundary,7,0,0,48.76684761,-116.4630179,16021.0,57.166190281747646,0.0,7,5,0,0,5,5,11948,2,0,0,2,0
2020-07-12,US,Idaho,Camas,1,0,0,43.46665742,-114.8065892,16025.0,90.41591320072331,0.0,1,1,0,0,1,1,1127,0,0,0,0,0
2020-07-12,US,Idaho,Canyon,2106,11,0,43.61970148,-116.7095499,16027.0,916.2537143951027,0.5223171889838556,2095,2010,11,0,1999,1777,223499,96,0,0,96,233
2020-07-12,US,Idaho,Caribou,17,0,0,42.77149116,-111.5597683,16029.0,237.5960866526904,0.0,17,16,0,0,16,15,7060,1,0,0,1,1
2020-07-12,US,Idaho,Cassia,323,1,0,42.28347888,-113.6012409,16031.0,1344.1531419059509,0.30959752321981426,322,323,1,0,322,311,23864,0,0,0,0,12
2020-07-12,US,Idaho,Clearwater,5,0,0,46.67459924,-115.6622393,16035.0,57.10370031978072,0.0,5,5,0,0,5,5,8758,0,0,0,0,0
2020-07-12,US,Idaho,Custer,6,0,0,44.24186819,-114.2855494,16037.0,139.04982618771726,0.0,6,5,0,0,5,5,4280,1,0,0,1,0
2020-07-12,US,Idaho,Elmore,97,2,0,43.3507101,-115.4701578,16039.0,352.58623823197996,2.061855670103093,95,91,2,0,89,85,27259,6,0,0,6,6
2020-07-12,US,Idaho,Franklin,32,0,0,42.18332217,-111.8149666,16041.0,230.61400980109542,0.0,32,32,0,0,32,32,13726,0,0,0,0,0
2020-07-12,US,Idaho,Fremont,11,0,0,44.22800938,-111.4809943,16043.0,83.9758760210703,0.0,11,11,0,0,11,11,13168,0,0,0,0,0
2020-07-12,US,Idaho,Gem,65,0,0,44.06482372,-116.398376,16045.0,358.8780918727915,0.0,65,57,0,0,57,48,17634,8,0,0,8,9
2020-07-12,US,Idaho,Gooding,85,1,0,42.96927962,-114.8108306,16047.0,559.9841886817313,1.1764705882352942,84,84,1,0,83,82,15196,1,0,0,1,2
2020-07-12,US,Idaho,Idaho,11,0,0,45.84721541,-115.4634436,16049.0,65.99868002639947,0.0,11,11,0,0,11,11,16513,0,0,0,0,0
2020-07-12,US,Idaho,Jefferson,31,0,0,43.82078483,-112.3131749,16051.0,103.77958555120352,0.0,31,24,0,0,24,23,29439,7,0,0,7,1
2020-07-12,US,Idaho,Jerome,300,5,0,42.68891267,-114.2655033,16053.0,1228.9038177945272,1.6666666666666667,295,296,5,0,291,289,24015,4,0,0,4,7
2020-07-12,US,Idaho,Kootenai,712,1,0,47.67282258,-116.7020872,16055.0,429.69999456839895,0.1404494382022472,711,678,1,0,677,630,161505,34,0,0,34,48
2020-07-12,US,Idaho,Latah,36,0,0,46.81587887,-116.7113698,16057.0,89.7576543333001,0.0,36,36,0,0,36,34,40134,0,0,0,0,2
2020-07-12,US,Idaho,Lemhi,3,0,0,44.9438088,-113.9309747,16059.0,37.37386321166065,0.0,3,3,0,0,3,3,7961,0,0,0,0,0
2020-07-12,US,Idaho,Lewis,1,0,0,46.23315327,-116.434146,16061.0,26.055237102657642,0.0,1,1,0,0,1,1,3861,0,0,0,0,0
2020-07-12,US,Idaho,Lincoln,43,0,0,43.0012336,-114.1358773,16063.0,801.3417815877748,0.0,43,43,0,0,43,40,5360,0,0,0,0,3
2020-07-12,US,Idaho,Madison,69,0,0,43.78141028,-111.65384740000002,16065.0,172.9019971433583,0.0,69,66,0,0,66,56,39304,3,0,0,3,10
2020-07-12,US,Idaho,Minidoka,264,0,0,42.85518524,-113.6357257,16067.0,1254.8124910879794,0.0,264,264,0,0,264,253,20825,0,0,0,0,11
2020-07-12,US,Idaho,Nez Perce,108,19,0,46.32638236,-116.7500975,16069.0,267.2738071668976,17.592592592592588,89,108,19,0,89,108,40408,0,0,0,0,0
2020-07-12,US,Idaho,Oneida,7,0,0,42.19494279999999,-112.5407838,16071.0,154.4912822776429,0.0,7,6,0,0,6,6,4488,1,0,0,1,0
2020-07-12,US,Idaho,Owyhee,93,0,0,42.58016894,-116.1693871,16073.0,786.6023851814259,0.0,93,87,0,0,87,76,11693,6,0,0,6,11
2020-07-12,US,Idaho,Payette,188,2,0,44.00545243,-116.7647695,16075.0,784.9359108179199,1.0638297872340423,186,172,2,0,170,166,23551,16,0,0,16,6
2020-07-12,US,Idaho,Power,20,0,0,42.69254894,-112.83957420000002,16077.0,260.38276266111177,0.0,20,20,0,0,20,20,7768,0,0,0,0,0
2020-07-12,US,Idaho,Shoshone,8,0,0,47.35364087,-115.8916749,16079.0,62.10215804999225,0.0,8,8,0,0,8,8,12796,0,0,0,0,0
2020-07-12,US,Idaho,Teton,33,0,0,43.75303583,-111.2056773,16081.0,271.7838906275737,0.0,33,29,0,0,29,28,11640,4,0,0,4,1
2020-07-12,US,Idaho,Twin Falls,830,25,0,42.35440512,-114.6685381,16083.0,955.3626925113376,3.0120481927710845,805,816,25,0,791,812,86081,14,0,0,14,4
2020-07-12,US,Idaho,Unassigned,1,0,0,0.0,0.0,90016.0,0.0,0.0,1,1,0,0,1,1,,0,0,0,0,0
2020-07-12,US,Idaho,Valley,24,0,0,44.76728382,-115.5676773,16085.0,210.6741573033708,0.0,24,24,0,0,24,24,11041,0,0,0,0,0
2020-07-12,US,Idaho,Washington,131,2,0,44.45275475,-116.7847688,16087.0,1285.0696488130272,1.5267175572519085,129,131,2,0,129,130,10161,0,0,0,0,1
2020-07-12,US,Illinois,Adams,169,1,0,39.98815591,-91.18786813,17001.0,258.2715672040957,0.591715976331361,168,167,1,0,166,151,65691,2,0,0,2,16
2020-07-12,US,Illinois,Alexander,25,0,0,37.18049267,-89.32910838,17003.0,433.9524388127061,0.0,25,24,0,0,24,22,6060,1,0,0,1,2
2020-07-12,US,Illinois,Bond,22,2,0,38.88829622,-89.43534887,17005.0,133.9340070619749,9.090909090909092,20,20,1,0,19,19,16630,2,1,0,1,1
2020-07-12,US,Illinois,Boone,637,21,0,42.32359279,-88.82345779,17007.0,1189.675780666368,3.2967032967032965,616,635,21,0,614,630,53577,2,0,0,2,5
2020-07-12,US,Illinois,Brown,10,0,0,39.96209138,-90.75068024,17009.0,152.02189115232594,0.0,10,10,0,0,10,10,6556,0,0,0,0,0
2020-07-12,US,Illinois,Bureau,37,2,0,41.40385234,-89.5283051,17011.0,113.39953414245431,5.405405405405406,35,37,2,0,35,35,32993,0,0,0,0,2
2020-07-12,US,Illinois,Calhoun,1,0,0,39.16840183,-90.66330078,17013.0,21.101498206372653,0.0,1,1,0,0,1,1,4802,0,0,0,0,0
2020-07-12,US,Illinois,Carroll,21,2,0,42.06823429,-89.93395545,17015.0,146.8018175463125,9.523809523809524,19,20,2,0,18,21,14312,1,0,0,1,-1
2020-07-12,US,Illinois,Cass,140,9,0,39.96991073,-90.24734436,17017.0,1152.5479542273813,6.428571428571429,131,138,8,0,130,137,12260,2,1,0,1,1
2020-07-12,US,Illinois,Champaign,1040,17,0,40.13919438,-88.20046615,17019.0,495.9726070513952,1.6346153846153846,1023,1038,17,0,1021,1018,209983,2,0,0,2,20
2020-07-12,US,Illinois,Christian,51,4,0,39.54581621,-89.27780482,17021.0,157.87518573551262,7.84313725490196,47,50,4,0,46,49,32661,1,0,0,1,1
2020-07-12,US,Illinois,Clark,41,0,0,39.33425789,-87.78705622,17023.0,265.5268441163137,0.0,41,40,0,0,40,36,15596,1,0,0,1,4
2020-07-12,US,Illinois,Clay,5,0,0,38.75388572,-88.48914513,17025.0,37.9247572815534,0.0,5,5,0,0,5,2,13253,0,0,0,0,3
2020-07-12,US,Illinois,Clinton,246,16,0,38.60704876,-89.42385254,17027.0,654.9172035567861,6.5040650406504055,230,247,17,0,230,245,37639,-1,-1,0,0,2
2020-07-12,US,Illinois,Coles,191,17,0,39.51949084,-88.22358557,17029.0,377.3137630627605,8.900523560209422,174,190,17,0,173,190,50885,1,0,0,1,0
2020-07-12,US,Illinois,Cook,95557,4725,0,41.84144849,-87.81658794,17031.0,1855.3917851871945,4.944692696505751,90832,95138,4711,0,90427,94605,5180493,419,14,0,405,533
2020-07-12,US,Illinois,Crawford,20,0,0,39.0032229,-87.75954624,17033.0,107.14094391171587,0.0,20,20,0,0,20,19,18807,0,0,0,0,1
2020-07-12,US,Illinois,Cumberland,29,0,0,39.27432424,-88.2401158,17035.0,269.36652424298717,0.0,29,29,0,0,29,30,10808,0,0,0,0,-1
2020-07-12,US,Illinois,De Witt,18,0,0,40.17514519,-88.90959682,17039.0,115.10423327791278,0.0,18,18,0,0,18,16,15769,0,0,0,0,2
2020-07-12,US,Illinois,DeKalb,642,20,0,41.89373302,-88.76958483,17037.0,612.0289426771022,3.115264797507788,622,637,20,0,617,619,104143,5,0,0,5,18
2020-07-12,US,Illinois,Douglas,61,0,0,39.76768052,-88.21854195,17041.0,313.3829951194452,0.0,61,61,0,0,61,55,19479,0,0,0,0,6
2020-07-12,US,Illinois,DuPage,9719,486,0,41.85116968,-88.08642662,17043.0,1053.0695476644264,5.0005144562197765,9233,9641,485,0,9156,9571,928589,78,1,0,77,70
2020-07-12,US,Illinois,Edgar,19,0,0,39.6809186,-87.74759563,17045.0,110.71615873200862,0.0,19,19,0,0,19,17,17360,0,0,0,0,2
2020-07-12,US,Illinois,Edwards,5,0,0,38.41353228,-88.05720863,17047.0,78.18608287724786,0.0,5,5,0,0,5,3,6392,0,0,0,0,2
2020-07-12,US,Illinois,Effingham,31,1,0,39.05935711,-88.58969584,17049.0,91.15502234768292,3.2258064516129035,30,30,1,0,29,27,34208,1,0,0,1,3
2020-07-12,US,Illinois,Fayette,24,3,0,39.00072038,-89.02452658,17051.0,112.48593925759279,12.5,21,24,3,0,21,23,21416,0,0,0,0,1
2020-07-12,US,Illinois,Ford,42,1,0,40.59706922,-88.22350769,17053.0,324.04907028778644,2.380952380952381,41,42,1,0,41,42,13264,0,0,0,0,0
2020-07-12,US,Illinois,Franklin,46,0,0,37.99189086,-88.92567818,17055.0,119.57680210039251,0.0,46,45,0,0,45,40,38701,1,0,0,1,5
2020-07-12,US,Illinois,Fulton,16,0,0,40.47289135,-90.20862357,17057.0,46.59289458357601,0.0,16,16,0,0,16,16,34844,0,0,0,0,0
2020-07-12,US,Illinois,Gallatin,6,0,0,37.76430935,-88.22953869,17059.0,124.27506213753107,0.0,6,6,0,0,6,5,5058,0,0,0,0,1
2020-07-12,US,Illinois,Greene,9,0,0,39.35907414,-90.388865,17061.0,69.39625260235947,0.0,9,8,0,0,8,8,13044,1,0,0,1,0
2020-07-12,US,Illinois,Grundy,194,5,0,41.28569601,-88.41905692,17063.0,379.9898147059976,2.5773195876288657,189,193,5,0,188,188,50972,1,0,0,1,5
2020-07-12,US,Illinois,Hamilton,7,0,0,38.08163641,-88.53883373,17065.0,86.2493839329719,0.0,7,7,0,0,7,7,8163,0,0,0,0,0
2020-07-12,US,Illinois,Hancock,21,1,0,40.40423981,-91.16313899,17067.0,118.5904675852722,4.761904761904762,20,20,1,0,19,20,17844,1,0,0,1,0
2020-07-12,US,Illinois,Hardin,1,0,0,37.51810645,-88.26873022,17069.0,26.17115938236064,0.0,1,2,0,0,2,2,3910,-1,0,0,-1,0
2020-07-12,US,Illinois,Henderson,8,0,0,40.81908672,-90.92491462,17071.0,120.37315678603672,0.0,8,8,0,0,8,8,6709,0,0,0,0,0
2020-07-12,US,Illinois,Henry,116,1,0,41.3533994,-90.13296166,17073.0,237.15576636068118,0.8620689655172413,115,111,1,0,110,106,49090,5,0,0,5,5
2020-07-12,US,Illinois,Iroquois,175,5,0,40.74717633,-87.82466784,17075.0,645.4230286936638,2.8571428571428568,170,175,5,0,170,172,27604,0,0,0,0,3
2020-07-12,US,Illinois,Jackson,356,19,0,37.78595185,-89.38232563,17077.0,627.3127753303962,5.337078651685394,337,351,19,0,332,347,57419,5,0,0,5,4
2020-07-12,US,Illinois,Jasper,47,7,0,39.01054275,-88.15437049,17079.0,489.0738813735692,14.893617021276595,40,47,7,0,40,47,9611,0,0,0,0,0
2020-07-12,US,Illinois,Jefferson,114,17,0,38.29980057,-88.9240025,17081.0,302.5156565120476,14.912280701754383,97,114,17,0,97,115,37820,0,0,0,0,-1
2020-07-12,US,Illinois,Jersey,43,1,0,39.08869046,-90.35393073,17083.0,197.49230698571625,2.3255813953488373,42,40,1,0,39,40,21847,3,0,0,3,0
2020-07-12,US,Illinois,Jo Daviess,55,1,0,42.36542373,-90.21094405,17085.0,259.00635742877324,1.818181818181818,54,54,1,0,53,52,21366,1,0,0,1,2
2020-07-12,US,Illinois,Johnson,26,0,0,37.45939802,-88.88165419,17087.0,209.39035193686072,0.0,26,27,0,0,27,24,12456,-1,0,0,-1,3
2020-07-12,US,Illinois,Kane,8107,281,0,41.93842729,-88.42861412,17089.0,1522.7186924190885,3.466140372517577,7826,8078,281,0,7797,8028,534216,29,0,0,29,50
2020-07-12,US,Illinois,Kankakee,1431,66,0,41.13746989,-87.86205334,17091.0,1302.5431905481425,4.612159329140461,1365,1414,66,0,1348,1401,110024,17,0,0,17,13
2020-07-12,US,Illinois,Kendall,1063,23,0,41.59081014,-88.42869583,17093.0,824.0948910768277,2.1636876763875823,1040,1048,23,0,1025,1032,127915,15,0,0,15,16
2020-07-12,US,Illinois,Knox,170,0,0,40.93148779,-90.21330340000002,17095.0,342.0591963620998,0.0,170,168,0,0,168,157,50112,2,0,0,2,11
2020-07-12,US,Illinois,LaSalle,259,17,0,41.34426129999999,-88.88633881,17099.0,238.3384405856316,6.563706563706564,242,254,17,0,237,246,109430,5,0,0,5,8
2020-07-12,US,Illinois,Lake,10378,428,0,42.3224907,-88.00367925,17097.0,1489.9466645610055,4.12410869146271,9950,10318,428,0,9890,10253,700832,60,0,0,60,65
2020-07-12,US,Illinois,Lawrence,12,0,0,38.71987914,-87.72884035,17101.0,76.54037504783773,0.0,12,12,0,0,12,9,15765,0,0,0,0,3
2020-07-12,US,Illinois,Lee,107,2,0,41.74583951,-89.29977132,17103.0,313.81980290943216,1.8691588785046729,105,105,2,0,103,105,34223,2,0,0,2,0
2020-07-12,US,Illinois,Livingston,55,2,0,40.89188292,-88.55784752,17105.0,154.286355475763,3.636363636363636,53,54,2,0,52,54,35761,1,0,0,1,0
2020-07-12,US,Illinois,Logan,21,0,0,40.12581572,-89.36638784,17107.0,73.38038996435809,0.0,21,20,0,0,20,18,28925,1,0,0,1,2
2020-07-12,US,Illinois,Macon,253,22,0,39.86064913,-88.96342505,17115.0,243.24818044592288,8.695652173913043,231,250,22,0,228,243,104712,3,0,0,3,7
2020-07-12,US,Illinois,Macoupin,69,3,0,39.26119767,-89.92424028,17117.0,153.5858968080844,4.3478260869565215,66,67,3,0,64,66,45313,2,0,0,2,1
2020-07-12,US,Illinois,Madison,1198,70,0,38.83042506,-89.90422563,17119.0,455.57220325061036,5.843071786310518,1128,1167,70,0,1097,1133,264461,31,0,0,31,34
2020-07-12,US,Illinois,Marion,77,0,0,38.64963204,-88.91899208,17121.0,206.961429915334,0.0,77,77,0,0,77,77,37620,0,0,0,0,0
2020-07-12,US,Illinois,Marshall,12,0,0,41.0327901,-89.34510444,17123.0,104.91344640671446,0.0,12,12,0,0,12,12,11534,0,0,0,0,0
2020-07-12,US,Illinois,Mason,24,0,0,40.23917274,-89.91824452,17125.0,179.6541657309679,0.0,24,24,0,0,24,24,13565,0,0,0,0,0
2020-07-12,US,Illinois,Massac,16,0,0,37.22078441,-88.71036614,17127.0,116.17775196049955,0.0,16,16,0,0,16,15,14080,0,0,0,0,1
2020-07-12,US,Illinois,McDonough,108,15,0,40.45674722,-90.67775541,17109.0,363.8568829593693,13.888888888888891,93,106,15,0,91,104,29955,2,0,0,2,2
2020-07-12,US,Illinois,McHenry,2266,102,0,42.32451172,-88.45248227,17111.0,736.2545244237656,4.501323918799646,2164,2248,102,0,2146,2229,308570,18,0,0,18,19
2020-07-12,US,Illinois,McLean,322,15,0,40.48996987,-88.84621113,17113.0,187.73649259257093,4.658385093167702,307,315,15,0,300,308,172828,7,0,0,7,7
2020-07-12,US,Illinois,Menard,32,0,0,40.02742725,-89.80246001,17129.0,262.3811085601837,0.0,32,31,0,0,31,31,12288,1,0,0,1,0
2020-07-12,US,Illinois,Mercer,29,0,0,41.20596782,-90.74290052,17131.0,187.860335557427,0.0,29,29,0,0,29,28,15601,0,0,0,0,1
2020-07-12,US,Illinois,Monroe,159,13,0,38.27594376,-90.17761038,17133.0,459.04668418165545,8.176100628930818,146,155,13,0,142,150,34335,4,0,0,4,5
2020-07-12,US,Illinois,Montgomery,74,1,0,39.23198845,-89.47809254,17135.0,260.4349968325473,1.351351351351351,73,73,1,0,72,69,28601,1,0,0,1,4
2020-07-12,US,Illinois,Morgan,134,4,0,39.71654544,-90.20255104,17137.0,398.122288906055,2.985074626865672,130,134,3,0,131,132,33976,0,1,0,-1,2
2020-07-12,US,Illinois,Moultrie,24,0,0,39.64187451,-88.62099969,17139.0,165.50582718433208,0.0,24,24,0,0,24,20,14717,0,0,0,0,4
2020-07-12,US,Illinois,Ogle,314,4,0,42.04165196,-89.32184679,17141.0,620.0264597278992,1.2738853503184713,310,296,4,0,292,286,50923,18,0,0,18,10
2020-07-12,US,Illinois,Peoria,666,30,0,40.78702156,-89.76078901,17143.0,371.6953437623829,4.504504504504505,636,644,30,0,614,628,180621,22,0,0,22,16
2020-07-12,US,Illinois,Perry,61,1,0,38.08510853,-89.36856219,17145.0,291.6427615222796,1.639344262295082,60,61,1,0,60,61,21174,0,0,0,0,0
2020-07-12,US,Illinois,Piatt,21,0,0,40.01360584,-88.59319339,17147.0,128.48751835535975,0.0,21,21,0,0,21,21,16396,0,0,0,0,0
2020-07-12,US,Illinois,Pike,7,0,0,39.62265059,-90.8877017,17149.0,44.9842555105713,0.0,7,6,0,0,6,6,15611,1,0,0,1,0
2020-07-12,US,Illinois,Pope,1,0,0,37.41391284,-88.56152109,17151.0,23.94062724443381,0.0,1,1,0,0,1,1,4212,0,0,0,0,0
2020-07-12,US,Illinois,Pulaski,84,0,0,37.22631423,-89.13085001,17153.0,1574.5079662605435,0.0,84,84,0,0,84,81,5463,0,0,0,0,3
2020-07-12,US,Illinois,Putnam,1,0,0,41.2013541,-89.2869272,17155.0,17.424638438752392,0.0,1,1,0,0,1,1,5740,0,0,0,0,0
2020-07-12,US,Illinois,Randolph,315,7,0,38.05095369,-89.82512254,17157.0,991.1270530488956,2.2222222222222223,308,310,7,0,303,299,32106,5,0,0,5,11
2020-07-12,US,Illinois,Richland,9,0,0,38.71240969,-88.08475366,17159.0,58.015857667762525,0.0,9,9,0,0,9,8,15763,0,0,0,0,1
2020-07-12,US,Illinois,Rock Island,1194,30,0,41.46613806,-90.57042164,17161.0,841.5621762205823,2.512562814070352,1164,1169,30,0,1139,1142,143477,25,0,0,25,27
2020-07-12,US,Illinois,Saline,17,0,0,37.75332999,-88.54119706,17165.0,72.36814099016645,0.0,17,16,0,0,16,16,23906,1,0,0,1,0
2020-07-12,US,Illinois,Sangamon,531,33,0,39.75836914,-89.65872023,17167.0,272.7664995479576,6.214689265536723,498,519,33,0,486,509,195348,12,0,0,12,10
2020-07-12,US,Illinois,Schuyler,13,0,0,40.157179799999994,-90.61114163,17169.0,192.08037825059105,0.0,13,13,0,0,13,13,6907,0,0,0,0,0
2020-07-12,US,Illinois,Scott,1,0,0,39.642916899999996,-90.47814431,17171.0,20.197939810139367,0.0,1,1,0,0,1,1,4926,0,0,0,0,0
2020-07-12,US,Illinois,Shelby,20,1,0,39.39133527,-88.80611122,17173.0,92.44707405010631,5.0,19,20,1,0,19,20,21741,0,0,0,0,0
2020-07-12,US,Illinois,St. Clair,2304,144,0,38.46996033,-89.93063427,17163.0,887.225341373813,6.25,2160,2265,144,0,2121,2202,261059,39,0,0,39,63
2020-07-12,US,Illinois,Stark,6,0,0,41.09309773,-89.79745866,17175.0,112.31748408835642,0.0,6,6,0,0,6,7,5427,0,0,0,0,-1
2020-07-12,US,Illinois,Stephenson,285,6,0,42.35129217,-89.662598,17177.0,640.4782237403929,2.1052631578947367,279,283,6,0,277,282,44753,2,0,0,2,1
2020-07-12,US,Illinois,Tazewell,175,8,0,40.50716185,-89.51404662,17179.0,132.77391258165596,4.571428571428571,167,172,8,0,164,167,132328,3,0,0,3,5
2020-07-12,US,Illinois,Unassigned,1185,201,0,0.0,0.0,90017.0,0.0,16.962025316455698,984,1180,201,0,979,1175,,5,0,0,5,5
2020-07-12,US,Illinois,Union,212,19,0,37.47119609,-89.25548938,17181.0,1273.0438959947155,8.962264150943396,193,205,19,0,186,202,16841,7,0,0,7,3
2020-07-12,US,Illinois,Vermilion,89,2,0,40.18417171,-87.73384359,17183.0,117.47934211568415,2.247191011235955,87,89,2,0,87,86,76806,0,0,0,0,3
2020-07-12,US,Illinois,Wabash,23,0,0,38.44272901,-87.84922065,17185.0,199.65277777777766,0.0,23,23,0,0,23,23,11549,0,0,0,0,0
2020-07-12,US,Illinois,Warren,149,0,0,40.84925021,-90.6147432,17187.0,884.5879838518167,0.0,149,149,0,0,149,147,17032,0,0,0,0,2
2020-07-12,US,Illinois,Washington,25,0,0,38.35309213,-89.40982703,17189.0,180.02448332973285,0.0,25,25,0,0,25,25,13995,0,0,0,0,0
2020-07-12,US,Illinois,Wayne,19,1,0,38.42955355,-88.42586459,17191.0,117.1754548257786,5.2631578947368425,18,18,1,0,17,16,16332,1,0,0,1,2
2020-07-12,US,Illinois,White,10,0,0,38.08706198,-88.17657461,17193.0,73.87161113983895,0.0,10,10,0,0,10,9,13665,0,0,0,0,1
2020-07-12,US,Illinois,Whiteside,212,15,0,41.75509713,-89.91556058,17195.0,384.2319891255097,7.075471698113208,197,209,15,0,194,208,55626,3,0,0,3,1
2020-07-12,US,Illinois,Will,7278,326,0,41.44619267,-87.97862712,17197.0,1053.6480282825883,4.479252541907117,6952,7223,325,0,6898,7171,692310,55,1,0,54,52
2020-07-12,US,Illinois,Williamson,161,4,0,37.73033511,-88.92994027,17199.0,241.7526314999174,2.4844720496894412,157,155,4,0,151,145,67056,6,0,0,6,10
2020-07-12,US,Illinois,Winnebago,3169,106,0,42.33641854,-89.16085327,17201.0,1121.4840819331002,3.3449037551278007,3063,3156,105,0,3051,3161,284081,13,1,0,12,-5
2020-07-12,US,Illinois,Woodford,48,2,0,40.78579374,-89.20973757,17203.0,124.80823734366469,4.166666666666667,46,46,2,0,44,44,38463,2,0,0,2,2
2020-07-12,US,Indiana,Adams,49,1,0,40.7457653,-84.93671406,18001.0,136.95949911954608,2.0408163265306123,48,49,1,0,48,49,35636,0,0,0,0,0
2020-07-12,US,Indiana,Allen,2952,134,0,41.09194313,-85.06800636,18003.0,778.2778230367073,4.53929539295393,2818,2939,134,0,2805,2902,375351,13,0,0,13,37
2020-07-12,US,Indiana,Bartholomew,601,45,0,39.20744865,-85.89558181,18005.0,717.3635397892073,7.487520798668886,556,597,45,0,552,593,82753,4,0,0,4,4
2020-07-12,US,Indiana,Benton,51,0,0,40.60626947,-87.31093999,18007.0,582.9903978052126,0.0,51,51,0,0,51,51,8653,0,0,0,0,0
2020-07-12,US,Indiana,Blackford,40,2,0,40.47388153,-85.32499702,18009.0,340.1939105290015,5.0,38,40,2,0,38,40,11930,0,0,0,0,0
2020-07-12,US,Indiana,Boone,491,44,0,40.0509304,-86.46841646,18011.0,723.7297878926345,8.961303462321792,447,482,44,0,438,474,66999,9,0,0,9,8
2020-07-12,US,Indiana,Brown,43,1,0,39.19605589,-86.22868909,18013.0,284.91916247018287,2.3255813953488373,42,43,1,0,42,43,15234,0,0,0,0,0
2020-07-12,US,Indiana,Carroll,114,2,0,40.580783200000006,-86.56198812,18015.0,562.7684257293776,1.7543859649122806,112,114,2,0,112,113,20127,0,0,0,0,1
2020-07-12,US,Indiana,Cass,1645,9,0,40.76135835,-86.34830753,18017.0,4364.668736236037,0.547112462006079,1636,1644,9,0,1635,1644,37955,1,0,0,1,0
2020-07-12,US,Indiana,Clark,711,44,0,38.48015445,-85.70510334,18019.0,601.0042095653497,6.1884669479606185,667,695,44,0,651,681,117360,16,0,0,16,14
2020-07-12,US,Indiana,Clay,64,5,0,39.39561833,-87.11723506,18021.0,244.0419447092469,7.8125,59,64,5,0,59,66,26170,0,0,0,0,-2
2020-07-12,US,Indiana,Clinton,290,3,0,40.30319754,-86.47277257,18023.0,895.0893546097102,1.0344827586206895,287,290,3,0,287,289,32250,0,0,0,0,1
2020-07-12,US,Indiana,Crawford,33,0,0,38.28814402,-86.44518825,18025.0,311.99773092559326,0.0,33,33,0,0,33,33,10558,0,0,0,0,0
2020-07-12,US,Indiana,Daviess,151,17,0,38.70186039,-87.07185406,18027.0,452.7600371802943,11.258278145695362,134,150,17,0,133,150,33147,1,0,0,1,0
2020-07-12,US,Indiana,DeKalb,169,4,0,41.39804622,-84.99906934,18033.0,388.7291546866015,2.366863905325444,165,169,4,0,165,167,43226,0,0,0,0,2
2020-07-12,US,Indiana,Dearborn,265,23,0,39.14647946,-84.97333539,18029.0,535.8081604593797,8.679245283018869,242,258,23,0,235,254,49568,7,0,0,7,4
2020-07-12,US,Indiana,Decatur,256,32,0,39.30712658,-85.50087166,18031.0,963.8917127903912,12.5,224,256,32,0,224,255,26794,0,0,0,0,1
2020-07-12,US,Indiana,Delaware,475,52,0,40.22787247,-85.39732772,18035.0,416.1738292373067,10.947368421052632,423,471,52,0,419,469,114772,4,0,0,4,2
2020-07-12,US,Indiana,Dubois,309,6,0,38.36597551,-86.87924170000002,18037.0,723.0438038187946,1.9417475728155342,303,304,6,0,298,297,42565,5,0,0,5,7
2020-07-12,US,Indiana,Elkhart,3618,60,0,41.59761169,-85.85875695,18039.0,1753.408193233531,1.658374792703151,3558,3539,59,0,3480,3470,205560,79,1,0,78,69
2020-07-12,US,Indiana,Fayette,106,7,0,39.63684962,-85.17797541,18041.0,458.8347329235564,6.60377358490566,99,106,7,0,99,105,23047,0,0,0,0,1
2020-07-12,US,Indiana,Floyd,414,44,0,38.32117957,-85.90385377,18043.0,527.2407732864675,10.628019323671495,370,406,44,0,362,404,77781,8,0,0,8,2
2020-07-12,US,Indiana,Fountain,36,2,0,40.12361933,-87.24217689,18045.0,220.23736693992413,5.5555555555555545,34,35,2,0,33,35,16351,1,0,0,1,0
2020-07-12,US,Indiana,Franklin,128,8,0,39.4142482,-85.06062647,18047.0,562.4395816855612,6.25,120,127,8,0,119,127,22736,1,0,0,1,0
2020-07-12,US,Indiana,Fulton,73,1,0,41.0469907,-86.26252745,18049.0,365.4751176529488,1.3698630136986298,72,73,1,0,72,73,20092,0,0,0,0,0
2020-07-12,US,Indiana,Gibson,124,2,0,38.30393723,-87.58054938,18051.0,368.40072491755546,1.6129032258064515,122,120,2,0,118,113,33452,4,0,0,4,7
2020-07-12,US,Indiana,Grant,322,26,0,40.51587228,-85.65468702,18053.0,489.5923611427877,8.074534161490684,296,318,26,0,292,309,65936,4,0,0,4,9
2020-07-12,US,Indiana,Greene,196,32,0,39.03630547,-86.96223202,18055.0,613.9966167533363,16.3265306122449,164,194,32,0,162,193,32006,2,0,0,2,1
2020-07-12,US,Indiana,Hamilton,1708,101,0,40.07306535,-86.05244729,18057.0,505.308998819565,5.913348946135831,1607,1691,101,0,1590,1665,330086,17,0,0,17,26
2020-07-12,US,Indiana,Hancock,468,36,0,39.82304555,-85.77566351,18059.0,598.7104697574455,7.6923076923076925,432,467,36,0,431,460,76351,1,0,0,1,7
2020-07-12,US,Indiana,Harrison,218,22,0,38.19467379,-86.10948271,18061.0,538.0723188942367,10.091743119266058,196,217,22,0,195,217,40350,1,0,0,1,0
2020-07-12,US,Indiana,Hendricks,1466,100,0,39.76719009,-86.51037283,18063.0,860.7782233678388,6.8212824010914055,1366,1454,100,0,1354,1446,167009,12,0,0,12,8
2020-07-12,US,Indiana,Henry,296,18,0,39.93029017,-85.39625719,18065.0,617.0265988493288,6.081081081081082,278,300,18,0,282,297,48271,-4,0,0,-4,3
2020-07-12,US,Indiana,Howard,607,58,0,40.48527731,-86.11351892,18067.0,735.365380887769,9.555189456342669,549,598,58,0,540,594,82366,9,0,0,9,4
2020-07-12,US,Indiana,Huntington,94,2,0,40.82907273,-85.48822092,18069.0,257.3932092004381,2.127659574468085,92,94,2,0,92,93,36240,0,0,0,0,1
2020-07-12,US,Indiana,Jackson,478,3,0,38.90915820000001,-86.03851889,18071.0,1080.6900137912323,0.6276150627615062,475,478,3,0,475,478,44111,0,0,0,0,0
2020-07-12,US,Indiana,Jasper,136,2,0,41.02078733,-87.11553319,18073.0,405.22018950002985,1.4705882352941178,134,135,2,0,133,133,33370,1,0,0,1,2
2020-07-12,US,Indiana,Jay,72,0,0,40.43781032,-85.00576229,18075.0,352.3194362889019,0.0,72,70,0,0,70,68,20764,2,0,0,2,2
2020-07-12,US,Indiana,Jefferson,87,2,0,38.78576239,-85.43633383,18077.0,269.28314968428873,2.2988505747126435,85,86,2,0,84,78,32208,1,0,0,1,8
2020-07-12,US,Indiana,Jennings,179,12,0,38.99588883,-85.62710784,18079.0,645.3939066161889,6.70391061452514,167,179,12,0,167,179,27611,0,0,0,0,0
2020-07-12,US,Indiana,Johnson,1345,118,0,39.48994426,-86.10149107,18081.0,850.3670171401114,8.773234200743495,1227,1340,118,0,1222,1325,156225,5,0,0,5,15
2020-07-12,US,Indiana,Knox,71,0,0,38.68861576,-87.4194665,18083.0,194.0208777395201,0.0,71,71,0,0,71,67,36895,0,0,0,0,4
2020-07-12,US,Indiana,Kosciusko,582,4,0,41.24521668,-85.86312322,18085.0,732.4808699154248,0.6872852233676976,578,575,4,0,571,570,79344,7,0,0,7,5
2020-07-12,US,Indiana,LaGrange,486,10,0,41.64232188,-85.42674232,18087.0,1226.8389963144346,2.05761316872428,476,484,9,0,475,482,39330,2,1,0,1,2
2020-07-12,US,Indiana,LaPorte,623,28,0,41.54366008,-86.74072188,18091.0,566.9408852649971,4.49438202247191,595,616,28,0,588,605,110007,7,0,0,7,11
2020-07-12,US,Indiana,Lake,5650,249,0,41.41874274,-87.38277575,18089.0,1163.7654919844365,4.407079646017699,5401,5588,248,0,5340,5432,484411,62,1,0,61,156
2020-07-12,US,Indiana,Lawrence,252,25,0,38.84112637,-86.48361629,18093.0,555.4331055763721,9.92063492063492,227,252,25,0,227,252,45668,0,0,0,0,0
2020-07-12,US,Indiana,Madison,678,64,0,40.16143691,-85.71964711,18095.0,523.2733138327841,9.43952802359882,614,674,64,0,610,672,129641,4,0,0,4,2
2020-07-12,US,Indiana,Marion,12074,693,0,39.78163624,-86.13826325,18097.0,1251.7339116840249,5.739605764452543,11381,12019,693,0,11326,11920,954670,55,0,0,55,99
2020-07-12,US,Indiana,Marshall,557,9,0,41.32467367,-86.26185087,18099.0,1204.116044792252,1.615798922800718,548,544,9,0,535,530,46248,13,0,0,13,14
2020-07-12,US,Indiana,Martin,26,0,0,38.7099921,-86.80373186,18101.0,253.53486104339348,0.0,26,26,0,0,26,24,10217,0,0,0,0,2
2020-07-12,US,Indiana,Miami,194,2,0,40.76940965,-86.04525048,18103.0,546.2326838607952,1.0309278350515465,192,193,2,0,191,192,35567,1,0,0,1,1
2020-07-12,US,Indiana,Monroe,348,28,0,39.16130004,-86.52414358,18105.0,234.45237180912343,8.045977011494253,320,340,28,0,312,329,146917,8,0,0,8,11
2020-07-12,US,Indiana,Montgomery,298,20,0,40.04034823,-86.89335024,18107.0,777.2966769262872,6.711409395973154,278,297,20,0,277,297,38346,1,0,0,1,0
2020-07-12,US,Indiana,Morgan,345,31,0,39.47899078,-86.44573375,18109.0,489.43806835109024,8.985507246376812,314,342,31,0,311,336,70116,3,0,0,3,6
2020-07-12,US,Indiana,Newton,101,10,0,40.95610449,-87.39635768,18111.0,722.254004576659,9.900990099009901,91,100,10,0,90,100,14011,1,0,0,1,0
2020-07-12,US,Indiana,Noble,520,28,0,41.39672484,-85.41966713,18113.0,1089.1420911528148,5.384615384615384,492,513,28,0,485,501,47532,7,0,0,7,12
2020-07-12,US,Indiana,Ohio,23,0,0,38.955304999999996,-84.96515993,18115.0,391.48936170212767,0.0,23,23,0,0,23,22,5844,0,0,0,0,1
2020-07-12,US,Indiana,Orange,137,23,0,38.54118920000001,-86.49523093,18117.0,697.3429705792528,16.78832116788321,114,137,23,0,114,137,19489,0,0,0,0,0
2020-07-12,US,Indiana,Owen,52,1,0,39.31145587,-86.83900724,18119.0,250.01201980864465,1.9230769230769231,51,52,1,0,51,52,20845,0,0,0,0,0
2020-07-12,US,Indiana,Parke,27,0,0,39.77202286,-87.20375833,18121.0,159.41430005313808,0.0,27,27,0,0,27,23,16927,0,0,0,0,4
2020-07-12,US,Indiana,Perry,149,10,0,38.07809328,-86.63741946,18123.0,777.2966769262872,6.711409395973154,139,147,10,0,137,145,19102,2,0,0,2,2
2020-07-12,US,Indiana,Pike,12,0,0,38.40112197,-87.23574907,18125.0,96.86011784647673,0.0,12,11,0,0,11,11,12410,1,0,0,1,0
2020-07-12,US,Indiana,Porter,840,38,0,41.45986947,-87.06848888,18127.0,492.9895709230056,4.523809523809524,802,826,38,0,788,802,169594,14,0,0,14,24
2020-07-12,US,Indiana,Posey,61,0,0,38.02097333,-87.86480429,18129.0,239.90246588272308,0.0,61,57,0,0,57,55,25540,4,0,0,4,2
2020-07-12,US,Indiana,Pulaski,66,1,0,41.04166107,-86.69890683,18131.0,534.2831700801423,1.5151515151515151,65,66,1,0,65,66,12469,0,0,0,0,0
2020-07-12,US,Indiana,Putnam,173,8,0,39.66437981,-86.84517605,18133.0,460.4002554822227,4.624277456647398,165,173,8,0,165,172,37779,0,0,0,0,1
2020-07-12,US,Indiana,Randolph,80,4,0,40.15734772,-85.01139319,18135.0,324.3462396107845,5.0,76,79,4,0,75,79,24851,1,0,0,1,0
2020-07-12,US,Indiana,Ripley,134,7,0,39.10235626,-85.26212744,18137.0,473.0970201948877,5.223880597014926,127,130,7,0,123,127,28523,4,0,0,4,3
2020-07-12,US,Indiana,Rush,62,3,0,39.62002287,-85.4655599,18139.0,373.9219588685845,4.838709677419356,59,61,3,0,58,61,16663,1,0,0,1,0
2020-07-12,US,Indiana,Scott,165,9,0,38.68672078,-85.74627859,18143.0,691.1573744397436,5.454545454545454,156,164,9,0,155,163,23878,1,0,0,1,1
2020-07-12,US,Indiana,Shelby,459,25,0,39.52305623,-85.79158570000001,18145.0,1026.1798832971897,5.446623093681917,434,454,25,0,429,435,44593,5,0,0,5,19
2020-07-12,US,Indiana,Spencer,57,1,0,38.01519732,-87.0079644,18147.0,281.10667258470187,1.7543859649122806,56,54,1,0,53,50,20327,3,0,0,3,4
2020-07-12,US,Indiana,St. Joseph,2148,69,0,41.61756781,-86.29040834,18141.0,790.2113852243715,3.2122905027932966,2079,2106,69,0,2037,2051,270771,42,0,0,42,55
2020-07-12,US,Indiana,Starke,108,3,0,41.27890281,-86.64686895,18149.0,469.6673189823875,2.7777777777777777,105,104,3,0,101,98,22935,4,0,0,4,6
2020-07-12,US,Indiana,Steuben,138,2,0,41.64423868,-85.00101094,18151.0,398.9131063190149,1.4492753623188406,136,136,2,0,134,136,34586,2,0,0,2,0
2020-07-12,US,Indiana,Sullivan,50,1,0,39.08952258,-87.41414469,18153.0,241.90817165803853,2.0,49,50,1,0,49,47,20690,0,0,0,0,3
2020-07-12,US,Indiana,Switzerland,32,0,0,38.82767338,-85.03022429,18155.0,297.64673053669424,0.0,32,32,0,0,32,30,10717,0,0,0,0,2
2020-07-12,US,Indiana,Tippecanoe,779,9,0,40.38872739,-86.89413959,18157.0,397.9931743404247,1.1553273427471116,770,770,9,0,761,759,193048,9,0,0,9,11
2020-07-12,US,Indiana,Tipton,32,1,0,40.31123252,-86.05234925,18159.0,211.2490097702667,3.125,31,32,1,0,31,32,15128,0,0,0,0,0
2020-07-12,US,Indiana,Unassigned,0,193,0,0.0,0.0,90018.0,0.0,0.0,-193,0,193,0,-193,0,,0,0,0,0,0
2020-07-12,US,Indiana,Union,14,0,0,39.62550777,-84.92497066,18161.0,198.46895378508648,0.0,14,14,0,0,14,13,7037,0,0,0,0,1
2020-07-12,US,Indiana,Vanderburgh,768,6,0,38.02658833,-87.58763124,18163.0,423.2547629938661,0.78125,762,727,6,0,721,681,180974,41,0,0,41,46
2020-07-12,US,Indiana,Vermillion,20,0,0,39.8523352,-87.46160542,18165.0,129.0489095367144,0.0,20,20,0,0,20,20,15479,0,0,0,0,0
2020-07-12,US,Indiana,Vigo,258,8,0,39.42944561,-87.39169027,18167.0,241.03589379472717,3.1007751937984502,250,252,8,0,244,247,107386,6,0,0,6,5
2020-07-12,US,Indiana,Wabash,116,3,0,40.84704239,-85.79328272,18169.0,374.2418376564718,2.586206896551724,113,116,2,0,114,115,31280,0,1,0,-1,1
2020-07-12,US,Indiana,Warren,15,1,0,40.34728141,-87.35602659,18171.0,181.48820326678765,6.666666666666668,14,15,1,0,14,15,8263,0,0,0,0,0
2020-07-12,US,Indiana,Warrick,261,29,0,38.08922676,-87.2716085,18173.0,414.2988666306868,11.111111111111109,232,250,29,0,221,243,62567,11,0,0,11,7
2020-07-12,US,Indiana,Washington,68,1,0,38.60219804,-86.1049363,18175.0,242.54529890141248,1.4705882352941178,67,68,1,0,67,68,27943,0,0,0,0,0
2020-07-12,US,Indiana,Wayne,158,6,0,39.863344399999995,-85.01044989,18177.0,239.81543318559886,3.79746835443038,152,154,6,0,148,153,65936,4,0,0,4,1
2020-07-12,US,Indiana,Wells,82,1,0,40.72934187,-85.22132966,18179.0,289.79361040429745,1.2195121951219512,81,82,1,0,81,79,28206,0,0,0,0,3
2020-07-12,US,Indiana,White,276,10,0,40.74911165,-86.86492015,18181.0,1145.1331839681354,3.6231884057971016,266,274,10,0,264,268,24133,2,0,0,2,6
2020-07-12,US,Indiana,Whitley,107,6,0,41.13863784,-85.50791236,18183.0,315.03945353904135,5.607476635514018,101,106,6,0,100,104,34074,1,0,0,1,2
2020-07-12,US,Iowa,Adair,17,0,0,41.33075609,-94.47105874,19001.0,237.69574944071587,0.0,17,17,0,0,17,17,7063,0,0,0,0,0
2020-07-12,US,Iowa,Adams,8,0,0,41.02903567,-94.69932645,19003.0,222.0988339811216,0.0,8,8,0,0,8,8,3645,0,0,0,0,0
2020-07-12,US,Iowa,Allamakee,138,4,0,43.28383218,-91.37860922,19005.0,1008.2560093519397,2.898550724637681,134,138,4,0,134,138,13832,0,0,0,0,0
2020-07-12,US,Iowa,Appanoose,22,3,0,40.74324454,-92.86865906,19007.0,177.04812489940448,13.636363636363635,19,21,3,0,18,21,12437,1,0,0,1,0
2020-07-12,US,Iowa,Audubon,18,1,0,41.6844628,-94.90581859,19009.0,327.5109170305677,5.5555555555555545,17,18,1,0,17,16,5506,0,0,0,0,2
2020-07-12,US,Iowa,Benton,75,1,0,42.08011739,-92.06463573,19011.0,292.45466952622337,1.3333333333333333,74,75,1,0,74,74,25642,0,0,0,0,1
2020-07-12,US,Iowa,Black Hawk,2519,59,0,42.4704581,-92.30524729,19013.0,1919.5598500320048,2.3421992854307265,2460,2492,59,0,2433,2457,132408,27,0,0,27,35
2020-07-12,US,Iowa,Boone,172,1,0,42.03657094,-93.9313999,19015.0,655.6377220401006,0.5813953488372093,171,168,1,0,167,164,26346,4,0,0,4,4
2020-07-12,US,Iowa,Bremer,116,7,0,42.77461496,-92.31795937,19017.0,462.8521267257202,6.0344827586206895,109,110,7,0,103,106,24947,6,0,0,6,4
2020-07-12,US,Iowa,Buchanan,65,1,0,42.4709188,-91.83510825,19019.0,306.96576151121604,1.5384615384615383,64,63,1,0,62,62,21199,2,0,0,2,1
2020-07-12,US,Iowa,Buena Vista,1738,11,0,42.73545875,-95.15100162,19021.0,8858.307849133536,0.6329113924050633,1727,1737,11,0,1726,1733,19874,1,0,0,1,4
2020-07-12,US,Iowa,Butler,70,2,0,42.73172833,-92.79015971,19023.0,484.7981162130341,2.8571428571428568,68,68,2,0,66,64,14539,2,0,0,2,4
2020-07-12,US,Iowa,Calhoun,65,2,0,42.38521079,-94.64046046,19025.0,672.3210591642533,3.0769230769230766,63,63,2,0,61,61,9699,2,0,0,2,2
2020-07-12,US,Iowa,Carroll,117,1,0,42.03617207,-94.86032705,19027.0,580.2132407636992,0.8547008547008547,116,113,1,0,112,110,20154,4,0,0,4,3
2020-07-12,US,Iowa,Cass,30,0,0,41.33149454,-94.92792482,19029.0,233.71766905578065,0.0,30,28,0,0,28,27,12930,2,0,0,2,1
2020-07-12,US,Iowa,Cedar,96,1,0,41.77233777,-91.13246684,19031.0,515.3808986954419,1.0416666666666667,95,95,1,0,94,94,18627,1,0,0,1,1
2020-07-12,US,Iowa,Cerro Gordo,317,1,0,43.08177563,-93.2612239,19033.0,746.7608951707892,0.3154574132492113,316,284,1,0,283,266,42647,33,0,0,33,18
2020-07-12,US,Iowa,Cherokee,85,1,0,42.73538914,-95.62389402,19035.0,756.564307966177,1.1764705882352942,84,83,1,0,82,82,11321,2,0,0,2,1
2020-07-12,US,Iowa,Chickasaw,31,0,0,43.06001295,-92.31773347,19037.0,259.7837928433755,0.0,31,29,0,0,29,29,11964,2,0,0,2,0
2020-07-12,US,Iowa,Clarke,144,3,0,41.02868181,-93.78499767,19039.0,1532.7301756253325,2.083333333333333,141,143,3,0,140,143,9423,1,0,0,1,0
2020-07-12,US,Iowa,Clay,150,1,0,43.08247182,-95.15096481,19041.0,936.5634365634364,0.6666666666666666,149,149,1,0,148,148,16134,1,0,0,1,1
2020-07-12,US,Iowa,Clayton,50,3,0,42.84443388,-91.34133693,19043.0,284.9165194597984,6.0,47,50,3,0,47,48,17556,0,0,0,0,2
2020-07-12,US,Iowa,Clinton,138,1,0,41.89981633,-90.53275096,19045.0,297.22802558745616,0.7246376811594203,137,132,1,0,131,130,46518,6,0,0,6,2
2020-07-12,US,Iowa,Crawford,681,3,0,42.03718237,-95.3819718,19047.0,4048.7514863258025,0.4405286343612335,678,680,3,0,677,679,17158,1,0,0,1,1
2020-07-12,US,Iowa,Dallas,1409,31,0,41.68560356,-94.04127625,19049.0,1507.70975784619,2.2001419446415897,1378,1385,31,0,1354,1365,90180,24,0,0,24,20
2020-07-12,US,Iowa,Davis,43,1,0,40.74773536,-92.41005468,19051.0,477.77777777777777,2.3255813953488373,42,42,1,0,41,42,9017,1,0,0,1,0
2020-07-12,US,Iowa,Decatur,13,0,0,40.73742757,-93.78645949,19053.0,165.18424396442185,0.0,13,13,0,0,13,13,7890,0,0,0,0,0
2020-07-12,US,Iowa,Delaware,56,1,0,42.47104597,-91.3664492,19055.0,329.1987537475751,1.7857142857142858,55,56,1,0,55,56,17069,0,0,0,0,0
2020-07-12,US,Iowa,Des Moines,102,2,0,40.92012606,-91.18326592,19057.0,261.7599507275387,1.96078431372549,100,100,2,0,98,100,39138,2,0,0,2,0
2020-07-12,US,Iowa,Dickinson,306,3,0,43.37787725,-95.1510206,19059.0,1773.0907405261328,0.9803921568627452,303,299,3,0,296,295,17153,7,0,0,7,4
2020-07-12,US,Iowa,Dubuque,978,23,0,42.46815349,-90.88181925,19061.0,1005.0251256281407,2.351738241308793,955,940,23,0,917,918,96854,38,0,0,38,22
2020-07-12,US,Iowa,Emmet,97,0,0,43.37782951,-94.67858943,19063.0,1053.4317984361426,0.0,97,95,0,0,95,95,9253,2,0,0,2,0
2020-07-12,US,Iowa,Fayette,59,0,0,42.86271799,-91.84412309999999,19065.0,300.25445292620867,0.0,59,57,0,0,57,56,19660,2,0,0,2,1
2020-07-12,US,Iowa,Floyd,82,2,0,43.06000529999999,-92.78940097,19067.0,524.2296381536888,2.4390243902439024,80,81,2,0,79,76,15761,1,0,0,1,5
2020-07-12,US,Iowa,Franklin,112,0,0,42.73270384,-93.26256925,19069.0,1112.2144985104273,0.0,112,104,0,0,104,104,10124,8,0,0,8,0
2020-07-12,US,Iowa,Fremont,11,0,0,40.74542720000001,-95.60129045,19071.0,158.04597701149424,0.0,11,10,0,0,10,10,6993,1,0,0,1,0
2020-07-12,US,Iowa,Greene,31,0,0,42.03614551,-94.39658081,19073.0,348.7848784878488,0.0,31,30,0,0,30,30,8981,1,0,0,1,0
2020-07-12,US,Iowa,Grundy,47,0,0,42.40183723,-92.78829551,19075.0,384.23806409417915,0.0,47,47,0,0,47,47,12304,0,0,0,0,0
2020-07-12,US,Iowa,Guthrie,78,4,0,41.68378965,-94.50111014,19077.0,729.7221442604547,5.128205128205129,74,75,4,0,71,73,10720,3,0,0,3,2
2020-07-12,US,Iowa,Hamilton,202,1,0,42.38382428,-93.70197703,19079.0,1367.3593718269815,0.4950495049504951,201,201,1,0,200,198,14952,1,0,0,1,3
2020-07-12,US,Iowa,Hancock,61,1,0,43.08178477,-93.73454884,19081.0,573.8476011288806,1.639344262295082,60,60,1,0,59,58,10712,1,0,0,1,2
2020-07-12,US,Iowa,Hardin,92,0,0,42.38353877,-93.23654611,19083.0,546.1237088923186,0.0,92,90,0,0,90,89,16868,2,0,0,2,1
2020-07-12,US,Iowa,Harrison,62,0,0,41.68330137,-95.81558439,19085.0,441.3125489358673,0.0,62,60,0,0,60,58,14134,2,0,0,2,2
2020-07-12,US,Iowa,Henry,93,3,0,40.98767962,-91.54436349,19087.0,466.07196552069763,3.2258064516129035,90,93,3,0,90,93,20067,0,0,0,0,0
2020-07-12,US,Iowa,Howard,37,0,0,43.35671042,-92.31702714,19089.0,404.01834461672854,0.0,37,37,0,0,37,37,9187,0,0,0,0,0
2020-07-12,US,Iowa,Humboldt,60,1,0,42.7764426,-94.20722537,19091.0,627.7463904582547,1.6666666666666667,59,60,1,0,59,59,9547,0,0,0,0,1
2020-07-12,US,Iowa,Ida,23,0,0,42.38696136,-95.51355387,19093.0,335.2769679300292,0.0,23,23,0,0,23,23,6841,0,0,0,0,0
2020-07-12,US,Iowa,Iowa,63,1,0,41.68630265,-92.0643373,19095.0,389.2733564013842,1.5873015873015872,62,63,1,0,62,61,16141,0,0,0,0,2
2020-07-12,US,Iowa,Jackson,61,0,0,42.17178824,-90.57354837,19097.0,313.8021503163743,0.0,61,57,0,0,57,56,19432,4,0,0,4,1
2020-07-12,US,Iowa,Jasper,354,17,0,41.68576082,-93.05567785,19099.0,951.9967728922952,4.8022598870056505,337,344,17,0,327,337,37147,10,0,0,10,7
2020-07-12,US,Iowa,Jefferson,63,0,0,41.03192394,-91.94849466,19101.0,344.3563815250068,0.0,63,62,0,0,62,62,18381,1,0,0,1,0
2020-07-12,US,Iowa,Johnson,1479,8,0,41.67169354,-91.58754744,19103.0,978.5629217943628,0.5409060175794456,1471,1426,8,0,1418,1405,151260,53,0,0,53,21
2020-07-12,US,Iowa,Jones,72,1,0,42.12118609,-91.13139641,19105.0,348.14564092645423,1.3888888888888888,71,71,0,0,71,69,20744,1,1,0,0,2
2020-07-12,US,Iowa,Keokuk,23,1,0,41.33649833,-92.1785067,19107.0,224.47784501268788,4.3478260869565215,22,23,1,0,22,23,10225,0,0,0,0,0
2020-07-12,US,Iowa,Kossuth,42,0,0,43.20405458,-94.20691791,19109.0,283.5347330047931,0.0,42,41,0,0,41,41,14908,1,0,0,1,0
2020-07-12,US,Iowa,Lee,54,2,0,40.64181461,-91.48183025,19111.0,160.44210713967374,3.703703703703704,52,54,2,0,52,54,34055,0,0,0,0,0
2020-07-12,US,Iowa,Linn,1399,83,0,42.07923082,-91.59809485,19113.0,617.0987975615998,5.932809149392424,1316,1381,83,0,1298,1366,225909,18,0,0,18,15
2020-07-12,US,Iowa,Louisa,367,13,0,41.21842119,-91.26102611,19115.0,3325.7816039873132,3.5422343324250685,354,365,13,0,352,365,11169,2,0,0,2,0
2020-07-12,US,Iowa,Lucas,35,4,0,41.02958964,-93.32780803,19117.0,406.9767441860465,11.428571428571427,31,35,4,0,31,34,8645,0,0,0,0,1
2020-07-12,US,Iowa,Lyon,60,0,0,43.38107862,-96.20926845,19119.0,510.4210974053593,0.0,60,57,0,0,57,50,11811,3,0,0,3,7
2020-07-12,US,Iowa,Madison,55,2,0,41.33081904,-94.01554631,19121.0,336.63851144570936,3.636363636363636,53,55,2,0,53,53,16249,0,0,0,0,2
2020-07-12,US,Iowa,Mahaska,119,17,0,41.33521503,-92.64083907,19123.0,538.5833899072188,14.285714285714285,102,119,17,0,102,119,22000,0,0,0,0,0
2020-07-12,US,Iowa,Marion,85,0,0,41.33445101,-93.09934783,19125.0,255.61603464349082,0.0,85,80,0,0,80,77,33407,5,0,0,5,3
2020-07-12,US,Iowa,Marshall,1100,19,0,42.03586837,-92.99908190000001,19127.0,2794.0765576976814,1.7272727272727273,1081,1092,19,0,1073,1080,39981,8,0,0,8,12
2020-07-12,US,Iowa,Mills,53,0,0,41.03299766,-95.61920963,19129.0,350.7843007478986,0.0,53,47,0,0,47,47,15063,6,0,0,6,0
2020-07-12,US,Iowa,Mitchell,46,0,0,43.35638371,-92.78887719,19131.0,434.5361798601927,0.0,46,44,0,0,44,44,10569,2,0,0,2,0
2020-07-12,US,Iowa,Monona,78,0,0,42.05220391,-95.95743843,19133.0,905.3975623911784,0.0,78,78,0,0,78,78,8679,0,0,0,0,0
2020-07-12,US,Iowa,Monroe,52,7,0,41.02988815,-92.8690667,19135.0,674.7113014142986,13.461538461538463,45,52,7,0,45,51,7790,0,0,0,0,1
2020-07-12,US,Iowa,Montgomery,15,2,0,41.03018714,-95.15642896,19137.0,151.25541998588284,13.333333333333336,13,12,2,0,10,11,10003,3,0,0,3,1
2020-07-12,US,Iowa,Muscatine,693,45,0,41.48370744,-91.11216970000001,19139.0,1624.3202700168756,6.493506493506493,648,687,45,0,642,685,42929,6,0,0,6,2
2020-07-12,US,Iowa,O'Brien,97,1,0,43.08310673,-95.62474482,19141.0,705.3006616738166,1.0309278350515465,96,94,1,0,93,92,13840,3,0,0,3,2
2020-07-12,US,Iowa,Osceola,69,0,0,43.37824276,-95.62422844,19143.0,1158.1067472306142,0.0,69,68,0,0,68,66,6040,1,0,0,1,2
2020-07-12,US,Iowa,Page,22,0,0,40.7393172,-95.1497813,19145.0,145.62785463692327,0.0,22,21,0,0,21,20,15249,1,0,0,1,1
2020-07-12,US,Iowa,Palo Alto,53,0,0,43.08193849,-94.67824621,19147.0,596.4438442493811,0.0,53,51,0,0,51,48,8929,2,0,0,2,3
2020-07-12,US,Iowa,Plymouth,352,5,0,42.737633,-96.21366621,19149.0,1398.1014417921122,1.4204545454545454,347,346,5,0,341,345,25095,6,0,0,6,1
2020-07-12,US,Iowa,Pocahontas,109,1,0,42.73420133,-94.67862564,19151.0,1646.774437226167,0.9174311926605504,108,107,1,0,106,106,6740,2,0,0,2,1
2020-07-12,US,Iowa,Polk,7538,185,0,41.68679484,-93.57767461,19153.0,1537.8620494082556,2.4542318917484742,7353,7332,184,0,7148,7196,487204,206,1,0,205,136
2020-07-12,US,Iowa,Pottawattamie,835,13,0,41.33640314,-95.53907776,19155.0,895.8650730639657,1.5568862275449102,822,821,12,0,809,806,93533,14,1,0,13,15
2020-07-12,US,Iowa,Poweshiek,113,8,0,41.68625425,-92.53155731,19157.0,610.6787721573712,7.079646017699115,105,112,8,0,104,110,18699,1,0,0,1,2
2020-07-12,US,Iowa,Ringgold,16,1,0,40.73518949,-94.24368535,19159.0,326.9309358398038,6.25,15,16,1,0,15,15,4968,0,0,0,0,1
2020-07-12,US,Iowa,Sac,68,0,0,42.38624071,-95.10547892,19161.0,699.5165106470528,0.0,68,68,0,0,68,65,9719,0,0,0,0,3
2020-07-12,US,Iowa,Scott,1084,10,0,41.63935978,-90.61959493,19163.0,626.7961120137849,0.922509225092251,1074,1031,10,0,1021,1002,173283,53,0,0,53,29
2020-07-12,US,Iowa,Shelby,119,0,0,41.6850066,-95.31015553,19165.0,1038.9383621442294,0.0,119,120,0,0,120,120,11578,-1,0,0,-1,0
2020-07-12,US,Iowa,Sioux,505,0,0,43.08221074,-96.17675679999999,19167.0,1448.8595610385885,0.0,505,501,0,0,501,497,34909,4,0,0,4,4
2020-07-12,US,Iowa,Story,872,6,0,42.03621213,-93.46499005,19169.0,897.8860549646303,0.6880733944954128,866,857,5,0,852,851,98105,15,1,0,14,6
2020-07-12,US,Iowa,Tama,487,29,0,42.07991767,-92.53266945,19171.0,2889.521775246232,5.95482546201232,458,483,29,0,454,482,16904,4,0,0,4,1
2020-07-12,US,Iowa,Taylor,81,0,0,40.73710579,-94.69778563,19173.0,1323.313184120242,0.0,81,81,0,0,81,81,6191,0,0,0,0,0
2020-07-12,US,Iowa,Unassigned,35,0,0,0.0,0.0,90019.0,0.0,0.0,35,35,0,0,35,27,,0,0,0,0,8
2020-07-12,US,Iowa,Union,43,0,0,41.0277278,-94.24234847,19175.0,351.2784903194183,0.0,43,38,0,0,38,38,12359,5,0,0,5,0
2020-07-12,US,Iowa,Van Buren,21,0,0,40.75326764,-91.95017958,19177.0,298.12606473594553,0.0,21,21,0,0,21,21,7020,0,0,0,0,0
2020-07-12,US,Iowa,Wapello,715,31,0,41.03064984,-92.40954728,19179.0,2044.6681346335326,4.335664335664337,684,714,31,0,683,714,35205,1,0,0,1,0
2020-07-12,US,Iowa,Warren,333,1,0,41.33559454,-93.56007641,19181.0,647.029106594645,0.3003003003003003,332,319,1,0,318,311,51056,14,0,0,14,8
2020-07-12,US,Iowa,Washington,256,9,0,41.33577126,-91.71725711,19183.0,1165.4905531527431,3.515625,247,251,9,0,242,249,22141,5,0,0,5,2
2020-07-12,US,Iowa,Wayne,11,0,0,40.73969028,-93.32752197,19185.0,170.78093463747862,0.0,11,11,0,0,11,11,6401,0,0,0,0,0
2020-07-12,US,Iowa,Webster,428,5,0,42.42853483,-94.17987389,19187.0,1192.0677361853834,1.1682242990654206,423,365,5,0,360,345,36277,63,0,0,63,20
2020-07-12,US,Iowa,Winnebago,44,0,0,43.37751174,-93.73407298,19189.0,424.9565385358316,0.0,44,34,0,0,34,33,10518,10,0,0,10,1
2020-07-12,US,Iowa,Winneshiek,50,0,0,43.29094334,-91.84422722,19191.0,250.1125506477915,0.0,50,46,0,0,46,45,20029,4,0,0,4,1
2020-07-12,US,Iowa,Woodbury,3346,44,0,42.38979414,-96.0459439,19193.0,3245.172490713531,1.315002988643156,3302,3329,44,0,3285,3317,102539,17,0,0,17,12
2020-07-12,US,Iowa,Worth,25,0,0,43.37750768,-93.26087602,19195.0,338.70749220972766,0.0,25,22,0,0,22,22,7453,3,0,0,3,0
2020-07-12,US,Iowa,Wright,399,1,0,42.73305373,-93.73515113,19197.0,3176.2458207291834,0.2506265664160401,398,397,1,0,396,397,12690,2,0,0,2,0
2020-07-12,US,Kansas,Allen,6,0,0,37.88582951,-95.30030847,20001.0,48.508367693427104,0.0,6,6,0,0,6,6,12444,0,0,0,0,0
2020-07-12,US,Kansas,Anderson,8,0,0,38.21413251,-95.29272815,20003.0,101.80707559175363,0.0,8,8,0,0,8,8,7878,0,0,0,0,0
2020-07-12,US,Kansas,Atchison,42,0,0,39.53185661,-95.30870026,20005.0,261.3077832389722,0.0,42,42,0,0,42,42,16193,0,0,0,0,0
2020-07-12,US,Kansas,Barber,2,0,0,37.2288586,-98.68460053,20007.0,45.177320984865595,0.0,2,2,0,0,2,2,4472,0,0,0,0,0
2020-07-12,US,Kansas,Barton,63,2,0,38.47889676,-98.75636726,20009.0,244.3849645059932,3.1746031746031744,61,63,2,0,61,62,26111,0,0,0,0,1
2020-07-12,US,Kansas,Bourbon,50,1,0,37.85508555,-94.84865997,20011.0,344.0209164717215,2.0,49,50,1,0,49,50,14653,0,0,0,0,0
2020-07-12,US,Kansas,Brown,19,0,0,39.82652589,-95.56421698,20013.0,198.66164784608952,0.0,19,19,0,0,19,19,9598,0,0,0,0,0
2020-07-12,US,Kansas,Butler,88,0,0,37.78134351,-96.83878537,20015.0,131.51798657918727,0.0,88,88,0,0,88,88,66765,0,0,0,0,0
2020-07-12,US,Kansas,Chase,5,0,0,38.30292938,-96.59563862,20017.0,188.82175226586102,0.0,5,5,0,0,5,5,2629,0,0,0,0,0
2020-07-12,US,Kansas,Chautauqua,5,0,0,37.14994405,-96.2454192,20019.0,153.84615384615384,0.0,5,5,0,0,5,5,3309,0,0,0,0,0
2020-07-12,US,Kansas,Cherokee,52,1,0,37.16928494,-94.8462897,20021.0,260.79542604945084,1.9230769230769231,51,52,1,0,51,52,20015,0,0,0,0,0
2020-07-12,US,Kansas,Cheyenne,2,0,0,39.78580976,-101.7318201,20023.0,75.27286413248024,0.0,2,2,0,0,2,2,2660,0,0,0,0,0
2020-07-12,US,Kansas,Clark,34,1,0,37.23577007,-99.81883015,20025.0,1705.1153460381142,2.9411764705882355,33,34,1,0,33,34,2005,0,0,0,0,0
2020-07-12,US,Kansas,Clay,10,2,0,39.34948772,-97.16518128,20027.0,124.96875781054734,20.0,8,10,2,0,8,10,7997,0,0,0,0,0
2020-07-12,US,Kansas,Cloud,26,0,0,39.48028352,-97.64925343,20029.0,295.92533576143865,0.0,26,26,0,0,26,26,8729,0,0,0,0,0
2020-07-12,US,Kansas,Coffey,54,8,0,38.2365018,-95.73379515,20031.0,660.2274116640176,14.814814814814815,46,54,8,0,46,53,8233,0,0,0,0,1
2020-07-12,US,Kansas,Comanche,3,0,0,37.19114520000001,-99.27113247,20033.0,176.47058823529412,0.0,3,3,0,0,3,3,1748,0,0,0,0,0
2020-07-12,US,Kansas,Cowley,83,1,0,37.23781842,-96.83776647,20035.0,237.76784691188263,1.2048192771084338,82,83,1,0,82,83,35218,0,0,0,0,0
2020-07-12,US,Kansas,Crawford,298,1,0,37.50675523,-94.85245778,20037.0,767.6850945437683,0.3355704697986577,297,298,1,0,297,298,39019,0,0,0,0,0
2020-07-12,US,Kansas,Dickinson,23,1,0,38.86600962,-97.15532383,20041.0,124.55323296869922,4.3478260869565215,22,23,1,0,22,23,18717,0,0,0,0,0
2020-07-12,US,Kansas,Doniphan,26,0,0,39.79067154,-95.14056866,20043.0,342.10526315789474,0.0,26,26,0,0,26,26,7682,0,0,0,0,0
2020-07-12,US,Kansas,Douglas,415,0,0,38.88503636,-95.2925121,20045.0,339.4433129667345,0.0,415,415,0,0,415,415,121436,0,0,0,0,0
2020-07-12,US,Kansas,Edwards,8,0,0,37.88735543,-99.31263309,20047.0,285.91851322373117,0.0,8,8,0,0,8,8,2849,0,0,0,0,0
2020-07-12,US,Kansas,Elk,1,0,0,37.45338105,-96.24369667,20049.0,39.52569169960474,0.0,1,1,0,0,1,1,2508,0,0,0,0,0
2020-07-12,US,Kansas,Ellis,42,0,0,38.91458712,-99.31751551,20051.0,147.09487619514587,0.0,42,42,0,0,42,42,28710,0,0,0,0,0
2020-07-12,US,Kansas,Ellsworth,11,0,0,38.69677695,-98.20462799,20053.0,180.26876433956082,0.0,11,11,0,0,11,11,6196,0,0,0,0,0
2020-07-12,US,Kansas,Finney,1604,10,0,38.04340344,-100.7381938,20055.0,4398.497271505746,0.6234413965087282,1594,1604,10,0,1594,1604,36611,0,0,0,0,0
2020-07-12,US,Kansas,Ford,1965,8,0,37.69200114,-99.88825298,20057.0,5844.9091287664705,0.4071246819338422,1957,1965,8,0,1957,1965,33888,0,0,0,0,0
2020-07-12,US,Kansas,Franklin,88,1,0,38.56443815,-95.28644341,20059.0,344.5036016285625,1.1363636363636365,87,88,1,0,87,88,25631,0,0,0,0,0
2020-07-12,US,Kansas,Geary,85,1,0,38.99871131,-96.7577178,20061.0,268.3928007578149,1.1764705882352942,84,85,1,0,84,82,32594,0,0,0,0,3
2020-07-12,US,Kansas,Gove,2,0,0,38.91588178,-100.4829321,20063.0,75.87253414264036,0.0,2,2,0,0,2,2,2612,0,0,0,0,0
2020-07-12,US,Kansas,Graham,6,0,0,39.34987223,-99.88332493,20065.0,241.74053182917004,0.0,6,6,0,0,6,6,2492,0,0,0,0,0
2020-07-12,US,Kansas,Grant,61,2,0,37.56227336,-101.3079758,20067.0,853.1468531468532,3.278688524590164,59,61,2,0,59,57,7336,0,0,0,0,4
2020-07-12,US,Kansas,Gray,37,0,0,37.73836671,-100.4369088,20069.0,617.9024716098864,0.0,37,37,0,0,37,37,6033,0,0,0,0,0
2020-07-12,US,Kansas,Greeley,1,0,0,38.4808095,-101.8061079,20071.0,81.16883116883119,0.0,1,,,,,,1227,,,,,
2020-07-12,US,Kansas,Greenwood,11,0,0,37.8774388,-96.23250453,20073.0,183.884988298228,0.0,11,11,0,0,11,11,6055,0,0,0,0,0
2020-07-12,US,Kansas,Hamilton,33,0,0,37.99978709,-101.7921066,20075.0,1299.7243009058686,0.0,33,33,0,0,33,32,2607,0,0,0,0,1
2020-07-12,US,Kansas,Harper,2,0,0,37.19175361,-98.07578384,20077.0,36.79175864606328,0.0,2,2,0,0,2,2,5506,0,0,0,0,0
2020-07-12,US,Kansas,Harvey,64,0,0,38.04293782,-97.42747573,20079.0,185.88980220163242,0.0,64,64,0,0,64,64,34210,0,0,0,0,0
2020-07-12,US,Kansas,Haskell,32,0,0,37.5620394,-100.8710738,20081.0,806.4516129032259,0.0,32,32,0,0,32,32,3997,0,0,0,0,0
2020-07-12,US,Kansas,Hodgeman,9,0,0,38.08780079,-99.89829881,20083.0,501.6722408026756,0.0,9,9,0,0,9,9,1818,0,0,0,0,0
2020-07-12,US,Kansas,Jackson,117,1,0,39.41673394,-95.79356799,20085.0,888.3152380229292,0.8547008547008547,116,117,1,0,116,117,13280,0,0,0,0,0
2020-07-12,US,Kansas,Jefferson,37,0,0,39.2347941,-95.38289232,20087.0,194.29711705088485,0.0,37,37,0,0,37,37,18975,0,0,0,0,0
2020-07-12,US,Kansas,Jewell,4,0,0,39.78470589,-98.21820662,20089.0,138.9371309482459,0.0,4,4,0,0,4,4,2841,0,0,0,0,0
2020-07-12,US,Kansas,Johnson,2967,93,0,38.88548175,-94.82250877,20091.0,492.5290628667617,3.134479271991911,2874,2857,92,0,2765,2724,597555,110,1,0,109,133
2020-07-12,US,Kansas,Kearny,48,1,0,38.00017981,-101.321681,20093.0,1250.6513809275666,2.083333333333333,47,48,1,0,47,48,3943,0,0,0,0,0
2020-07-12,US,Kansas,Kingman,4,0,0,37.55909527,-98.13638678,20095.0,55.92841163310962,0.0,4,4,0,0,4,4,7310,0,0,0,0,0
2020-07-12,US,Kansas,Kiowa,3,0,0,37.55848695,-99.2856537,20097.0,121.21212121212122,0.0,3,3,0,0,3,3,2516,0,0,0,0,0
2020-07-12,US,Kansas,Labette,66,0,0,37.19113093,-95.29849679,20099.0,336.42573147109795,0.0,66,66,0,0,66,66,19964,0,0,0,0,0
2020-07-12,US,Kansas,Lane,5,0,0,38.48119447,-100.4660754,20101.0,325.73289902280135,0.0,5,5,0,0,5,5,1560,0,0,0,0,0
2020-07-12,US,Kansas,Leavenworth,1213,7,0,39.20183497,-95.03620809,20103.0,1483.6468602460916,0.5770816158285244,1206,1213,7,0,1206,1213,81352,0,0,0,0,0
2020-07-12,US,Kansas,Lincoln,2,0,0,39.04549684,-98.20756994,20105.0,67.5219446320054,0.0,2,2,0,0,2,2,3023,0,0,0,0,0
2020-07-12,US,Kansas,Linn,16,0,0,38.21267844,-94.84254089,20107.0,164.89745439554778,0.0,16,16,0,0,16,16,9750,0,0,0,0,0
2020-07-12,US,Kansas,Logan,2,0,0,38.91735806,-101.148475,20109.0,71.58196134574086,0.0,2,2,0,0,2,1,2844,0,0,0,0,1
2020-07-12,US,Kansas,Lyon,523,7,0,38.45576156,-96.15275715,20111.0,1575.5384847115527,1.338432122370937,516,523,7,0,516,523,33406,0,0,0,0,0
2020-07-12,US,Kansas,Marion,20,1,0,38.35855394,-97.0985251,20115.0,168.2935038707506,5.0,19,20,1,0,19,20,11950,0,0,0,0,0
2020-07-12,US,Kansas,Marshall,2,0,0,39.78359669,-96.52278974,20117.0,20.603688060162767,0.0,2,2,0,0,2,2,9722,0,0,0,0,0
2020-07-12,US,Kansas,McPherson,85,0,0,38.39184858,-97.64769869,20113.0,297.8067409431714,0.0,85,85,0,0,85,82,28537,0,0,0,0,3
2020-07-12,US,Kansas,Meade,30,0,0,37.23859987,-100.364831,20119.0,743.86312918423,0.0,30,30,0,0,30,30,4146,0,0,0,0,0
2020-07-12,US,Kansas,Miami,52,0,0,38.56383358,-94.83832189,20121.0,151.882466337588,0.0,52,52,0,0,52,52,33680,0,0,0,0,0
2020-07-12,US,Kansas,Mitchell,11,0,0,39.39331582,-98.20906732,20123.0,183.9772537213581,0.0,11,11,0,0,11,11,6150,0,0,0,0,0
2020-07-12,US,Kansas,Montgomery,64,3,0,37.19236568,-95.74329258,20125.0,201.07449181563985,4.6875,61,64,3,0,61,64,32120,0,0,0,0,0
2020-07-12,US,Kansas,Morris,5,0,0,38.68827511,-96.65128437,20127.0,88.96797153024912,0.0,5,5,0,0,5,5,5521,0,0,0,0,0
2020-07-12,US,Kansas,Morton,7,2,0,37.19141121,-101.79925190000002,20129.0,270.5836876691148,28.57142857142857,5,7,2,0,5,7,2667,0,0,0,0,0
2020-07-12,US,Kansas,Nemaha,30,0,0,39.78345387,-96.01392079,20131.0,293.2264685758968,0.0,30,30,0,0,30,30,10155,0,0,0,0,0
2020-07-12,US,Kansas,Neosho,37,0,0,37.55862897,-95.30670046,20133.0,231.14887236833889,0.0,37,37,0,0,37,37,15951,0,0,0,0,0
2020-07-12,US,Kansas,Ness,4,0,0,38.47974157,-99.91547333,20135.0,145.45454545454547,0.0,4,4,0,0,4,4,2840,0,0,0,0,0
2020-07-12,US,Kansas,Norton,18,0,0,39.78443827,-99.90286639,20137.0,335.75825405707883,0.0,18,18,0,0,18,13,5430,0,0,0,0,5
2020-07-12,US,Kansas,Osage,28,0,0,38.65235984,-95.72707998,20139.0,175.55959621292868,0.0,28,28,0,0,28,28,15941,0,0,0,0,0
2020-07-12,US,Kansas,Osborne,3,0,0,39.3503437,-98.76753828,20141.0,87.69365682548961,0.0,3,3,0,0,3,3,3475,0,0,0,0,0
2020-07-12,US,Kansas,Ottawa,15,0,0,39.13237408,-97.65020313,20143.0,262.9733520336606,0.0,15,15,0,0,15,15,5802,0,0,0,0,0
2020-07-12,US,Kansas,Pawnee,4,0,0,38.18108732,-99.23692334,20145.0,62.363579669473026,0.0,4,4,0,0,4,4,6562,0,0,0,0,0
2020-07-12,US,Kansas,Phillips,36,4,0,39.78465501,-99.34668865,20147.0,687.8104700038211,11.111111111111109,32,36,4,0,32,28,5317,0,0,0,0,8
2020-07-12,US,Kansas,Pottawatomie,83,0,0,39.37925655,-96.34564657,20149.0,340.40109912644056,0.0,83,83,0,0,83,83,24277,0,0,0,0,0
2020-07-12,US,Kansas,Pratt,14,0,0,37.64780729,-98.73922153,20151.0,152.77171540811872,0.0,14,14,0,0,14,14,9378,0,0,0,0,0
2020-07-12,US,Kansas,Reno,127,0,0,37.95230263,-98.08607292,20155.0,204.84531759089003,0.0,127,123,0,0,123,119,62342,4,0,0,4,4
2020-07-12,US,Kansas,Republic,21,0,0,39.82799632,-97.65036709,20157.0,452.97670405522,0.0,21,17,0,0,17,17,4664,4,0,0,4,0
2020-07-12,US,Kansas,Rice,8,0,0,38.34616184,-98.19992118,20159.0,83.88382090804237,0.0,8,8,0,0,8,8,9531,0,0,0,0,0
2020-07-12,US,Kansas,Riley,337,3,0,39.28935726,-96.73420026,20161.0,453.98211014117896,0.8902077151335311,334,337,3,0,334,337,73703,0,0,0,0,0
2020-07-12,US,Kansas,Rooks,9,0,0,39.35022773,-99.32484567,20163.0,182.9268292682927,0.0,9,9,0,0,9,9,5013,0,0,0,0,0
2020-07-12,US,Kansas,Rush,3,0,0,38.52275276,-99.30863983,20165.0,98.81422924901186,0.0,3,3,0,0,3,3,3093,0,0,0,0,0
2020-07-12,US,Kansas,Russell,2,0,0,38.91462787,-98.76254297,20167.0,29.171528588098017,0.0,2,2,0,0,2,1,6907,0,0,0,0,1
2020-07-12,US,Kansas,Saline,210,2,0,38.78369175,-97.65185177,20169.0,387.28238418412514,0.9523809523809524,208,210,2,0,208,210,54401,0,0,0,0,0
2020-07-12,US,Kansas,Scott,17,0,0,38.48222076,-100.9066539,20171.0,352.477710968277,0.0,17,17,0,0,17,17,4897,0,0,0,0,0
2020-07-12,US,Kansas,Sedgwick,2023,28,0,37.6842718,-97.4608198,20173.0,392.0223547695729,1.3840830449826989,1995,1959,28,0,1931,1844,513607,64,0,0,64,115
2020-07-12,US,Kansas,Seward,1082,2,0,37.19324632,-100.8507201,20175.0,5049.467985812955,0.18484288354898334,1080,1082,2,0,1080,1082,21780,0,0,0,0,0
2020-07-12,US,Kansas,Shawnee,990,13,0,39.04100763,-95.7557264,20177.0,559.7173144876325,1.3131313131313131,977,990,13,0,977,964,177499,0,0,0,0,26
2020-07-12,US,Kansas,Sheridan,6,0,0,39.35018161,-100.4418259,20179.0,238.00079333597785,0.0,6,6,0,0,6,6,2533,0,0,0,0,0
2020-07-12,US,Kansas,Sherman,8,0,0,39.35147699,-101.7197624,20181.0,135.20365049856346,0.0,8,8,0,0,8,7,5899,0,0,0,0,1
2020-07-12,US,Kansas,Smith,3,0,0,39.78516566,-98.78566062,20183.0,83.72871895060004,0.0,3,3,0,0,3,3,3603,0,0,0,0,0
2020-07-12,US,Kansas,Stafford,1,0,0,38.03100851,-98.71762001,20185.0,24.06159769008662,0.0,1,1,0,0,1,1,4178,0,0,0,0,0
2020-07-12,US,Kansas,Stanton,12,0,0,37.56304714,-101.7843534,20187.0,598.2053838484546,0.0,12,12,0,0,12,12,1987,0,0,0,0,0
2020-07-12,US,Kansas,Stevens,34,0,0,37.1923008,-101.3118967,20189.0,619.8723792160438,0.0,34,34,0,0,34,34,5559,0,0,0,0,0
2020-07-12,US,Kansas,Sumner,32,1,0,37.23682549,-97.47721621,20191.0,140.12961989840602,3.125,31,32,1,0,31,26,22996,0,0,0,0,6
2020-07-12,US,Kansas,Thomas,18,0,0,39.35107575,-101.0553705,20193.0,231.45171660023144,0.0,18,18,0,0,18,17,7711,0,0,0,0,1
2020-07-12,US,Kansas,Trego,2,0,0,38.91467218,-99.87284448,20195.0,71.35212272565109,0.0,2,2,0,0,2,2,2793,0,0,0,0,0
2020-07-12,US,Kansas,Unassigned,0,1,0,0.0,0.0,90020.0,0.0,0.0,-1,0,1,0,-1,0,,0,0,0,0,0
2020-07-12,US,Kansas,Wabaunsee,38,0,0,38.95471985,-96.20350509,20197.0,548.2614341364882,0.0,38,38,0,0,38,38,6899,0,0,0,0,0
2020-07-12,US,Kansas,Washington,1,0,0,39.78420784,-97.0875323,20201.0,18.49796522382538,0.0,1,1,0,0,1,1,5420,0,0,0,0,0
2020-07-12,US,Kansas,Wilson,4,0,0,37.55937174,-95.74323255,20205.0,46.920821114369495,0.0,4,4,0,0,4,4,8665,0,0,0,0,0
2020-07-12,US,Kansas,Woodson,12,0,0,37.8865336,-95.74006277,20207.0,382.4091778202677,0.0,12,12,0,0,12,12,3183,0,0,0,0,0
2020-07-12,US,Kansas,Wyandotte,3050,88,0,39.11727348,-94.76378225,20209.0,1843.6912512316464,2.8852459016393444,2962,2939,87,0,2852,2869,165324,111,1,0,110,70
2020-07-12,US,Kentucky,Adair,142,19,0,37.10459774,-85.28129668,21001.0,739.5063014269348,13.380281690140846,123,141,19,0,122,136,19215,1,0,0,1,5
2020-07-12,US,Kentucky,Allen,189,7,0,36.75197631,-86.19457544,21003.0,886.6995073891626,3.703703703703704,182,190,7,0,183,185,21122,-1,0,0,-1,5
2020-07-12,US,Kentucky,Anderson,31,1,0,38.00671029,-84.99171713,21005.0,136.28170747790918,3.2258064516129035,30,31,1,0,30,30,22663,0,0,0,0,1
2020-07-12,US,Kentucky,Ballard,18,0,0,37.05842757,-88.99427697,21007.0,228.1947261663286,0.0,18,17,0,0,17,16,7979,1,0,0,1,1
2020-07-12,US,Kentucky,Barren,128,2,0,36.96469836,-85.93338945,21009.0,289.27207394517393,1.5625,126,124,2,0,122,116,44176,4,0,0,4,8
2020-07-12,US,Kentucky,Bath,21,1,0,38.14735938,-83.74588932,21011.0,168.0,4.761904761904762,20,21,1,0,20,18,12383,0,0,0,0,3
2020-07-12,US,Kentucky,Bell,103,0,0,36.73355174,-83.67766671,21013.0,395.6668715427168,0.0,103,92,0,0,92,74,26569,11,0,0,11,18
2020-07-12,US,Kentucky,Boone,726,23,0,38.97065142,-84.72615357,21015.0,543.4904664585532,3.1680440771349865,703,712,23,0,689,694,131533,14,0,0,14,18
2020-07-12,US,Kentucky,Bourbon,44,1,0,38.2054607,-84.21827874,21017.0,222.35698403072567,2.272727272727273,43,41,1,0,40,38,20184,3,0,0,3,3
2020-07-12,US,Kentucky,Boyd,86,3,0,38.36176608,-82.68652187,21019.0,184.0832227406995,3.4883720930232562,83,81,3,0,78,78,47240,5,0,0,5,3
2020-07-12,US,Kentucky,Boyle,47,0,0,37.62680923,-84.8633779,21021.0,156.35395874916833,0.0,47,43,0,0,43,43,30100,4,0,0,4,0
2020-07-12,US,Kentucky,Bracken,19,0,0,38.69158994,-84.08532444,21023.0,228.8329519450801,0.0,19,19,0,0,19,19,8239,0,0,0,0,0
2020-07-12,US,Kentucky,Breathitt,15,0,0,37.52333168,-83.31959161,21025.0,118.76484560570073,0.0,15,15,0,0,15,15,12726,0,0,0,0,0
2020-07-12,US,Kentucky,Breckinridge,30,2,0,37.77377239,-86.42885017,21027.0,146.50583581579332,6.666666666666668,28,29,2,0,27,29,20388,1,0,0,1,0
2020-07-12,US,Kentucky,Bullitt,173,4,0,37.97162523,-85.68955617,21029.0,211.8125275478721,2.3121387283237,169,173,4,0,169,169,81069,0,0,0,0,4
2020-07-12,US,Kentucky,Butler,265,14,0,37.20946153,-86.68748787,21031.0,2057.61316872428,5.283018867924528,251,264,14,0,250,264,12772,1,0,0,1,0
2020-07-12,US,Kentucky,Caldwell,34,0,0,37.14749129,-87.86948214,21033.0,266.7294265317329,0.0,34,32,0,0,32,31,12715,2,0,0,2,1
2020-07-12,US,Kentucky,Calloway,111,1,0,36.62093411,-88.2731593,21035.0,284.60808697212894,0.9009009009009008,110,107,1,0,106,108,39135,4,0,0,4,-1
2020-07-12,US,Kentucky,Campbell,330,13,0,38.94384345,-84.37875208,21037.0,352.6243802359378,3.939393939393939,317,323,13,0,310,314,93152,7,0,0,7,9
2020-07-12,US,Kentucky,Carlisle,11,1,0,36.85372876,-88.96692220000001,21039.0,231.09243697479,9.090909090909092,10,10,1,0,9,10,4771,1,0,0,1,0
2020-07-12,US,Kentucky,Carroll,85,1,0,38.66599534,-85.12601074,21041.0,799.5484902643213,1.1764705882352942,84,77,1,0,76,69,10737,8,0,0,8,8
2020-07-12,US,Kentucky,Carter,38,0,0,38.31690743,-83.05092385,21043.0,141.8069186849274,0.0,38,37,0,0,37,37,27004,1,0,0,1,0
2020-07-12,US,Kentucky,Casey,41,1,0,37.32533118,-84.92726209,21045.0,253.72857231264308,2.4390243902439024,40,41,1,0,40,39,15888,0,0,0,0,2
2020-07-12,US,Kentucky,Christian,285,4,0,36.89267803,-87.49055367,21047.0,404.47907353003785,1.4035087719298245,281,277,4,0,273,251,71671,8,0,0,8,26
2020-07-12,US,Kentucky,Clark,113,6,0,37.9689263,-84.14615986,21049.0,311.61238728180234,5.3097345132743365,107,112,6,0,106,105,36249,1,0,0,1,7
2020-07-12,US,Kentucky,Clay,82,4,0,37.16451126,-83.712575,21051.0,412.039596000201,4.878048780487805,78,82,4,0,78,81,20105,0,0,0,0,1
2020-07-12,US,Kentucky,Clinton,7,0,0,36.72581156,-85.13377529,21053.0,68.50655705617538,0.0,7,6,0,0,6,6,10206,1,0,0,1,0
2020-07-12,US,Kentucky,Crittenden,12,1,0,37.35839237,-88.08826090000002,21055.0,136.2707245060186,8.333333333333334,11,11,1,0,10,11,8915,1,0,0,1,0
2020-07-12,US,Kentucky,Cumberland,7,0,0,36.78926125,-85.39050034,21057.0,105.8361052313275,0.0,7,6,0,0,6,6,6659,1,0,0,1,0
2020-07-12,US,Kentucky,Daviess,499,8,0,37.73028906,-87.09019479999998,21059.0,491.57234191368417,1.6032064128256514,491,499,8,0,491,493,101104,0,0,0,0,6
2020-07-12,US,Kentucky,Edmonson,76,12,0,37.21218923,-86.23955613,21061.0,625.5144032921811,15.789473684210524,64,76,12,0,64,76,12274,0,0,0,0,0
2020-07-12,US,Kentucky,Elliott,3,0,0,38.11624059,-83.09771563,21063.0,39.90953837967274,0.0,3,3,0,0,3,3,7508,0,0,0,0,0
2020-07-12,US,Kentucky,Estill,6,0,0,37.69241417,-83.95956369,21065.0,42.535091450446615,0.0,6,6,0,0,6,5,14198,0,0,0,0,1
2020-07-12,US,Kentucky,Fayette,1834,33,0,38.0368225,-84.45576892,21067.0,567.5347823934247,1.7993456924754634,1801,1814,31,0,1783,1778,323780,20,2,0,18,36
2020-07-12,US,Kentucky,Fleming,30,0,0,38.36758311,-83.69657514,21069.0,205.7472052671285,0.0,30,27,0,0,27,26,14432,3,0,0,3,1
2020-07-12,US,Kentucky,Floyd,40,0,0,37.56213922,-82.74750924,21071.0,112.39427913119222,0.0,40,40,0,0,40,39,35845,0,0,0,0,1
2020-07-12,US,Kentucky,Franklin,163,4,0,38.2379395,-84.87962551,21073.0,319.6642544762801,2.4539877300613497,159,163,4,0,159,159,50815,0,0,0,0,4
2020-07-12,US,Kentucky,Fulton,28,1,0,36.55238827,-89.20140068,21075.0,469.0902998827274,3.571428571428572,27,27,1,0,26,26,6120,1,0,0,1,1
2020-07-12,US,Kentucky,Gallatin,68,8,0,38.75398691,-84.8558382,21077.0,766.7155259894013,11.764705882352944,60,68,8,0,60,67,8832,0,0,0,0,1
2020-07-12,US,Kentucky,Garrard,39,0,0,37.6388668,-84.53289319,21079.0,220.7630476621759,0.0,39,39,0,0,39,37,17560,0,0,0,0,2
2020-07-12,US,Kentucky,Grant,67,5,0,38.64962758,-84.62415957,21081.0,267.2623558977224,7.462686567164179,62,64,5,0,59,62,25121,3,0,0,3,2
2020-07-12,US,Kentucky,Graves,305,21,0,36.72292505,-88.65143315,21083.0,818.4404014383084,6.885245901639344,284,287,21,0,266,270,37317,18,0,0,18,17
2020-07-12,US,Kentucky,Grayson,147,11,0,37.46231118,-86.34248968,21085.0,556.2492904983541,7.482993197278912,136,147,11,0,136,146,26321,0,0,0,0,1
2020-07-12,US,Kentucky,Green,10,1,0,37.26484328,-85.5540745,21087.0,91.39932364500505,10.0,9,9,1,0,8,8,11049,1,0,0,1,1
2020-07-12,US,Kentucky,Greenup,44,0,0,38.54332505,-82.9215658,21089.0,125.36326856231123,0.0,44,44,0,0,44,40,35268,0,0,0,0,4
2020-07-12,US,Kentucky,Hancock,27,0,0,37.83766422,-86.78280584,21091.0,309.56202705801417,0.0,27,26,0,0,26,25,8758,1,0,0,1,1
2020-07-12,US,Kentucky,Hardin,266,6,0,37.6976111,-85.96319251,21093.0,239.7303484201229,2.255639097744361,260,259,6,0,253,246,110356,7,0,0,7,13
2020-07-12,US,Kentucky,Harlan,37,2,0,36.85699301,-83.21899516,21095.0,142.25297962322185,5.405405405405406,35,37,2,0,35,35,26409,0,0,0,0,2
2020-07-12,US,Kentucky,Harrison,81,0,0,38.44188174,-84.32869741,21097.0,428.8891242189982,0.0,81,81,0,0,81,81,18778,0,0,0,0,0
2020-07-12,US,Kentucky,Hart,48,0,0,37.29943898,-85.88461055,21099.0,252.16706067769897,0.0,48,47,0,0,47,47,18906,1,0,0,1,0
2020-07-12,US,Kentucky,Henderson,203,3,0,37.79344553,-87.57392021,21101.0,449.015704490157,1.477832512315271,200,199,3,0,196,190,45591,4,0,0,4,9
2020-07-12,US,Kentucky,Henry,44,2,0,38.44942688,-85.11587507,21103.0,272.8512960436562,4.545454545454546,42,43,2,0,41,43,16106,1,0,0,1,0
2020-07-12,US,Kentucky,Hickman,7,0,0,36.67948079999999,-88.97875928,21105.0,159.8173515981735,0.0,7,7,0,0,7,7,4421,0,0,0,0,0
2020-07-12,US,Kentucky,Hopkins,305,33,0,37.30939025,-87.54670406,21107.0,682.5403929642392,10.81967213114754,272,305,33,0,272,297,45068,0,0,0,0,8
2020-07-12,US,Kentucky,Jackson,117,14,0,37.41866422,-83.99825483,21109.0,877.7852802160703,11.965811965811966,103,116,14,0,102,115,13442,1,0,0,1,1
2020-07-12,US,Kentucky,Jefferson,4561,206,0,38.18664655,-85.65931031,21111.0,594.8429554604652,4.5165533874150405,4355,4522,206,0,4316,4458,770517,39,0,0,39,64
2020-07-12,US,Kentucky,Jessamine,138,0,0,37.87119786,-84.58252003,21113.0,255.01247343620068,0.0,138,135,0,0,135,127,53920,3,0,0,3,8
2020-07-12,US,Kentucky,Johnson,11,0,0,37.85106355,-82.8264322,21115.0,49.576347575265906,0.0,11,11,0,0,11,11,22386,0,0,0,0,0
2020-07-12,US,Kentucky,Kenton,886,37,0,38.93950319,-84.53241199,21117.0,530.5452759913294,4.176072234762978,849,879,37,0,842,864,166051,7,0,0,7,15
2020-07-12,US,Kentucky,Knott,17,0,0,37.35388197,-82.94981134,21119.0,114.81831689855466,0.0,17,16,0,0,16,15,15126,1,0,0,1,1
2020-07-12,US,Kentucky,Knox,94,5,0,36.89225732,-83.85403396,21121.0,301.814095360411,5.319148936170213,89,94,5,0,89,92,31304,0,0,0,0,2
2020-07-12,US,Kentucky,Larue,19,1,0,37.54567114,-85.70138352,21123.0,131.96277260730656,5.2631578947368425,18,19,1,0,18,19,14307,0,0,0,0,0
2020-07-12,US,Kentucky,Laurel,188,3,0,37.10975748,-84.11321779,21125.0,309.14442635620674,1.5957446808510638,185,187,3,0,184,177,60669,1,0,0,1,10
2020-07-12,US,Kentucky,Lawrence,11,0,0,38.07136018,-82.72882223,21127.0,71.81562969249853,0.0,11,11,0,0,11,11,15571,0,0,0,0,0
2020-07-12,US,Kentucky,Lee,1,0,0,37.59645942,-83.71513901,21129.0,13.508037282182901,0.0,1,1,0,0,1,1,7033,0,0,0,0,0
2020-07-12,US,Kentucky,Leslie,11,0,0,37.09246661,-83.37999606,21131.0,111.36984914447709,0.0,11,11,0,0,11,11,10143,0,0,0,0,0
2020-07-12,US,Kentucky,Letcher,20,0,0,37.12306748,-82.85346474,21133.0,92.79450656521134,0.0,20,19,0,0,19,19,21899,1,0,0,1,0
2020-07-12,US,Kentucky,Lewis,22,0,0,38.53184419,-83.37735618,21135.0,165.72504708097932,0.0,22,22,0,0,22,22,13257,0,0,0,0,0
2020-07-12,US,Kentucky,Lincoln,53,1,0,37.45475628,-84.6565327,21137.0,215.8947411299849,1.8867924528301887,52,51,1,0,50,48,24644,2,0,0,2,3
2020-07-12,US,Kentucky,Livingston,17,0,0,37.21137452,-88.34797529,21139.0,184.90319773765492,0.0,17,16,0,0,16,14,9242,1,0,0,1,2
2020-07-12,US,Kentucky,Logan,246,13,0,36.85949479,-86.877635,21141.0,907.6820898826655,5.284552845528455,233,245,13,0,232,245,26989,1,0,0,1,0
2020-07-12,US,Kentucky,Lyon,23,3,0,37.02080035,-88.07886257,21143.0,280.1461632155907,13.043478260869565,20,21,3,0,18,21,8009,2,0,0,2,0
2020-07-12,US,Kentucky,Madison,187,1,0,37.71659336,-84.27220275,21151.0,201.10338004237155,0.5347593582887701,186,183,1,0,182,178,92368,4,0,0,4,5
2020-07-12,US,Kentucky,Magoffin,7,0,0,37.70820545,-83.0657714,21153.0,57.561055834224156,0.0,7,7,0,0,7,7,12362,0,0,0,0,0
2020-07-12,US,Kentucky,Marion,63,0,0,37.55218078,-85.26898542,21155.0,326.8821667617911,0.0,63,63,0,0,63,63,19404,0,0,0,0,0
2020-07-12,US,Kentucky,Marshall,70,2,0,36.88007070000001,-88.32803576,21157.0,225.08038585209005,2.8571428571428568,68,69,2,0,67,68,31191,1,0,0,1,1
2020-07-12,US,Kentucky,Martin,12,0,0,37.79990579,-82.51247478,21159.0,107.19071013845465,0.0,12,12,0,0,12,12,11323,0,0,0,0,0
2020-07-12,US,Kentucky,Mason,39,1,0,38.59471935,-83.82151043,21161.0,228.47100175746925,2.5641025641025643,38,39,1,0,38,39,17150,0,0,0,0,0
2020-07-12,US,Kentucky,McCracken,203,3,0,37.05350953,-88.70445755,21145.0,310.3121465040203,1.477832512315271,200,193,3,0,190,192,65346,10,0,0,10,1
2020-07-12,US,Kentucky,McCreary,18,0,0,36.73874143,-84.48102924,21147.0,104.46288665776798,0.0,18,18,0,0,18,18,17408,0,0,0,0,0
2020-07-12,US,Kentucky,McLean,28,1,0,37.5301951,-87.26803443,21149.0,304.11643314869116,3.571428571428572,27,28,1,0,27,27,9252,0,0,0,0,1
2020-07-12,US,Kentucky,Meade,33,2,0,37.96163597,-86.21028219,21163.0,115.49769004619907,6.0606060606060606,31,32,2,0,30,31,28715,1,0,0,1,1
2020-07-12,US,Kentucky,Menifee,14,0,0,37.94090733,-83.59985712,21165.0,215.7497303128371,0.0,14,14,0,0,14,13,6451,0,0,0,0,1
2020-07-12,US,Kentucky,Mercer,30,0,0,37.81474237,-84.87488475,21167.0,136.7801942278758,0.0,30,29,0,0,29,29,21774,1,0,0,1,0
2020-07-12,US,Kentucky,Metcalfe,17,2,0,36.99459295,-85.63123699,21169.0,168.801509284083,11.764705882352944,15,16,2,0,14,15,10030,1,0,0,1,1
2020-07-12,US,Kentucky,Monroe,50,2,0,36.71225341,-85.71596443,21171.0,469.4835680751173,4.0,48,48,2,0,46,44,10718,2,0,0,2,4
2020-07-12,US,Kentucky,Montgomery,64,0,0,38.03253032,-83.9145241,21173.0,227.2969421458252,0.0,64,64,0,0,64,63,28203,0,0,0,0,1
2020-07-12,US,Kentucky,Morgan,15,0,0,37.92465657,-83.25558245,21175.0,112.7056878803817,0.0,15,13,0,0,13,12,13345,2,0,0,2,1
2020-07-12,US,Kentucky,Muhlenberg,537,8,0,37.21425819,-87.14632053,21177.0,1753.6411730128666,1.48975791433892,529,534,8,0,526,532,30774,3,0,0,3,2
2020-07-12,US,Kentucky,Nelson,115,2,0,37.80335779,-85.4657193,21179.0,248.7400774338676,1.7391304347826086,113,114,2,0,112,108,45851,1,0,0,1,6
2020-07-12,US,Kentucky,Nicholas,12,0,0,38.33342292,-84.01889177,21181.0,165.0846058605035,0.0,12,13,0,0,13,13,7166,-1,0,0,-1,0
2020-07-12,US,Kentucky,Ohio,218,0,0,37.47751843,-86.85368087,21183.0,908.5604734516963,0.0,218,217,0,0,217,205,24087,1,0,0,1,12
2020-07-12,US,Kentucky,Oldham,173,7,0,38.39791089,-85.448222,21185.0,258.9859129627689,4.0462427745664735,166,167,7,0,160,163,66470,6,0,0,6,4
2020-07-12,US,Kentucky,Owen,10,0,0,38.51679143,-84.82404619,21187.0,91.73470323823506,0.0,10,10,0,0,10,10,10880,0,0,0,0,0
2020-07-12,US,Kentucky,Owsley,3,0,0,37.42823949,-83.68811419,21189.0,67.95016987542469,0.0,3,3,0,0,3,3,4472,0,0,0,0,0
2020-07-12,US,Kentucky,Pendleton,22,0,0,38.69607718,-84.35599463,21191.0,150.78821110349554,0.0,22,22,0,0,22,22,14529,0,0,0,0,0
2020-07-12,US,Kentucky,Perry,86,2,0,37.25023553,-83.22922731,21193.0,333.87685379299637,2.3255813953488373,84,83,2,0,81,81,26092,3,0,0,3,2
2020-07-12,US,Kentucky,Pike,120,3,0,37.47088263,-82.39487445,21195.0,207.33982998133945,2.5,117,120,3,0,117,118,58402,0,0,0,0,2
2020-07-12,US,Kentucky,Powell,10,0,0,37.83218794,-83.82553961,21197.0,80.91269520187717,0.0,10,10,0,0,10,9,12442,0,0,0,0,1
2020-07-12,US,Kentucky,Pulaski,127,2,0,37.10466131,-84.57629079,21199.0,195.44776004555317,1.5748031496062993,125,125,2,0,123,120,64623,2,0,0,2,5
2020-07-12,US,Kentucky,Robertson,1,0,0,38.51923469,-84.05055616,21201.0,47.43833017077799,0.0,1,1,0,0,1,1,2135,0,0,0,0,0
2020-07-12,US,Kentucky,Rockcastle,32,0,0,37.36642393,-84.31176452,21203.0,191.67415393830487,0.0,32,32,0,0,32,32,16750,0,0,0,0,0
2020-07-12,US,Kentucky,Rowan,30,0,0,38.19484205,-83.42088935,21205.0,122.64922322158628,0.0,30,30,0,0,30,24,24583,0,0,0,0,6
2020-07-12,US,Kentucky,Russell,62,5,0,36.99308373,-85.06070117,21207.0,345.9242314344697,8.064516129032258,57,62,5,0,57,58,17821,0,0,0,0,4
2020-07-12,US,Kentucky,Scott,127,0,0,38.29622293,-84.5816631,21209.0,222.79138306083786,0.0,127,126,0,0,126,117,56031,1,0,0,1,9
2020-07-12,US,Kentucky,Shelby,569,19,0,38.21476019,-85.194223,21211.0,1160.6560052219322,3.3391915641476277,550,565,18,0,547,559,48518,4,1,0,3,6
2020-07-12,US,Kentucky,Simpson,88,3,0,36.74058474,-86.58047435,21213.0,473.8315744130951,3.4090909090909087,85,87,3,0,84,86,18529,1,0,0,1,1
2020-07-12,US,Kentucky,Spencer,48,0,0,38.03223971,-85.32749335,21215.0,248.04919642395745,0.0,48,48,0,0,48,43,18794,0,0,0,0,5
2020-07-12,US,Kentucky,Taylor,52,1,0,37.3677562,-85.3329931,21217.0,201.79285187628543,1.9230769230769231,51,51,1,0,50,46,25549,1,0,0,1,5
2020-07-12,US,Kentucky,Todd,28,0,0,36.8381152,-87.17878374,21219.0,227.7533756303888,0.0,28,28,0,0,28,26,12311,0,0,0,0,2
2020-07-12,US,Kentucky,Trigg,29,0,0,36.80767017,-87.87333656,21221.0,197.93870725547745,0.0,29,28,0,0,28,26,14643,1,0,0,1,2
2020-07-12,US,Kentucky,Trimble,15,0,0,38.61056487,-85.33775972,21223.0,177.07472553417546,0.0,15,15,0,0,15,13,8515,0,0,0,0,2
2020-07-12,US,Kentucky,Unassigned,9,0,0,0.0,0.0,90021.0,0.0,0.0,9,3,0,0,3,4,,6,0,0,6,-1
2020-07-12,US,Kentucky,Union,32,0,0,37.66166713,-87.94300009,21225.0,222.51581948404143,0.0,32,31,0,0,31,30,14505,1,0,0,1,1
2020-07-12,US,Kentucky,Warren,1733,17,0,36.99903045,-86.42672751,21227.0,1304.027209246328,0.9809578765147144,1716,1722,17,0,1705,1709,131264,11,0,0,11,13
2020-07-12,US,Kentucky,Washington,30,0,0,37.75599461,-85.17407732,21229.0,248.03637866887144,0.0,30,30,0,0,30,30,12084,0,0,0,0,0
2020-07-12,US,Kentucky,Wayne,20,0,0,36.80310688,-84.8251971,21231.0,98.36226823390548,0.0,20,20,0,0,20,20,20468,0,0,0,0,0
2020-07-12,US,Kentucky,Webster,55,0,0,37.52168356,-87.67989953,21233.0,424.9729562664194,0.0,55,53,0,0,53,52,13111,2,0,0,2,1
2020-07-12,US,Kentucky,Whitley,54,0,0,36.75700531,-84.14541217,21235.0,148.90800794176042,0.0,54,51,0,0,51,49,36242,3,0,0,3,2
2020-07-12,US,Kentucky,Wolfe,4,0,0,37.73941626,-83.49303612,21237.0,55.88933910856503,0.0,4,4,0,0,4,4,7177,0,0,0,0,0
2020-07-12,US,Kentucky,Woodford,83,0,0,38.04178222,-84.7417556,21239.0,310.46607316525774,0.0,83,81,0,0,81,80,26533,2,0,0,2,1
2020-07-12,US,Louisiana,Acadia,1339,45,0,30.2950649,-92.41419698,22001.0,2158.111048432589,3.3607169529499625,1294,1297,45,0,1252,1232,62190,42,0,0,42,65
2020-07-12,US,Louisiana,Allen,467,12,0,30.65385745,-92.82442028,22003.0,1822.296796347602,2.569593147751606,455,444,12,0,432,432,25605,23,0,0,23,12
2020-07-12,US,Louisiana,Ascension,1597,63,0,30.20406249,-90.91328409999998,22005.0,1261.4135414362895,3.944896681277395,1534,1564,63,0,1501,1532,124672,33,0,0,33,32
2020-07-12,US,Louisiana,Assumption,424,16,0,29.89946234,-91.06461642,22007.0,1936.8690329359088,3.7735849056603774,408,415,16,0,399,410,22300,9,0,0,9,5
2020-07-12,US,Louisiana,Avoyelles,482,17,0,31.07796211,-92.00079449,22009.0,1200.6775607811878,3.5269709543568464,465,475,16,0,459,460,40462,7,1,0,6,15
2020-07-12,US,Louisiana,Beauregard,361,9,0,30.64836518,-93.34173616,22011.0,962.7436861615596,2.4930747922437675,352,350,9,0,341,319,37253,11,0,0,11,31
2020-07-12,US,Louisiana,Bienville,265,28,0,32.34569994,-93.05398492,22013.0,2001.3594139415447,10.566037735849056,237,261,28,0,233,258,13308,4,0,0,4,3
2020-07-12,US,Louisiana,Bossier,1274,39,0,32.67932307,-93.60460152,22015.0,1002.8416470532673,3.0612244897959178,1235,1254,38,0,1216,1219,127185,20,1,0,19,35
2020-07-12,US,Louisiana,Caddo,4323,247,0,32.57991587,-93.88375652,22017.0,1799.7202377978715,5.713624797594262,4076,4276,247,0,4029,4213,242922,47,0,0,47,63
2020-07-12,US,Louisiana,Calcasieu,3127,71,0,30.22931235,-93.35400434,22019.0,1537.0927466131855,2.270546850015989,3056,3061,70,0,2991,2975,203112,66,1,0,65,86
2020-07-12,US,Louisiana,Caldwell,128,1,0,32.0902519,-92.11752148,22021.0,1290.5827787860455,0.78125,127,126,1,0,125,121,9960,2,0,0,2,5
2020-07-12,US,Louisiana,Cameron,100,0,0,29.87592238,-93.19310676,22023.0,1434.102968593145,0.0,100,97,0,0,97,97,6968,3,0,0,3,0
2020-07-12,US,Louisiana,Catahoula,215,3,0,31.66778967,-91.84526385,22025.0,2264.588160943754,1.3953488372093024,212,214,3,0,211,211,9608,1,0,0,1,3
2020-07-12,US,Louisiana,Claiborne,149,10,0,32.82308512,-92.99526883,22027.0,950.8615188257816,6.711409395973154,139,147,10,0,137,144,15944,2,0,0,2,3
2020-07-12,US,Louisiana,Concordia,151,7,0,31.44817835,-91.63814433,22029.0,784.0490160444467,4.635761589403972,144,147,7,0,140,140,19572,4,0,0,4,7
2020-07-12,US,Louisiana,De Soto,431,20,0,32.05457447,-93.74130302,22031.0,1569.3842624622214,4.640371229698376,411,423,20,0,403,422,27436,8,0,0,8,1
2020-07-12,US,Louisiana,East Baton Rouge,7100,279,0,30.53842039,-91.09777565,22033.0,1613.4200186793134,3.929577464788733,6821,6989,278,0,6711,6747,440956,111,1,0,110,242
2020-07-12,US,Louisiana,East Carroll,456,1,0,32.73926954,-91.23425694,22035.0,6646.261477918671,0.21929824561403508,455,454,1,0,453,453,7037,2,0,0,2,1
2020-07-12,US,Louisiana,East Feliciana,355,33,0,30.84425359,-91.04976723,22037.0,1855.2390906715445,9.295774647887324,322,354,33,0,321,351,19305,1,0,0,1,3
2020-07-12,US,Louisiana,Evangeline,332,1,0,30.72985248,-92.39915924,22039.0,994.1608025153466,0.3012048192771085,331,322,1,0,321,306,33443,10,0,0,10,16
2020-07-12,US,Louisiana,Franklin,558,14,0,32.13675181,-91.67589857,22041.0,2787.9090681988505,2.508960573476702,544,554,14,0,540,538,20156,4,0,0,4,16
2020-07-12,US,Louisiana,Grant,128,2,0,31.59882456,-92.56124347,22043.0,571.7093215418286,1.5625,126,124,2,0,122,122,22482,4,0,0,4,2
2020-07-12,US,Louisiana,Iberia,1272,51,0,29.86803617,-91.75871777,22045.0,1821.5666618931687,4.0094339622641515,1221,1228,51,0,1177,1181,70941,44,0,0,44,47
2020-07-12,US,Louisiana,Iberville,831,43,0,30.25734305,-91.3499598,22047.0,2556.057949617053,5.174488567990373,788,820,43,0,777,816,32721,11,0,0,11,4
2020-07-12,US,Louisiana,Jackson,235,17,0,32.30251776,-92.55692092,22049.0,1492.6321138211385,7.2340425531914905,218,234,17,0,217,230,15902,1,0,0,1,4
2020-07-12,US,Louisiana,Jefferson,11100,493,0,29.74075478,-90.11115756,22051.0,2566.515527418941,4.441441441441441,10607,10995,491,0,10504,10812,434051,105,2,0,103,183
2020-07-12,US,Louisiana,Jefferson Davis,606,13,0,30.26896765,-92.81210004,22053.0,1931.9051262433047,2.145214521452145,593,597,12,0,585,574,31582,9,1,0,8,23
2020-07-12,US,Louisiana,LaSalle,121,0,0,31.67884782,-92.15907765,22059.0,812.5167875369327,0.0,121,120,0,0,120,116,14917,1,0,0,1,4
2020-07-12,US,Louisiana,Lafayette,3834,54,0,30.2049055,-92.06959876,22055.0,1568.8039608821964,1.4084507042253518,3780,3707,52,0,3655,3493,242782,127,2,0,125,214
2020-07-12,US,Louisiana,Lafourche,1567,91,0,29.52470226,-90.40976986,22057.0,1605.3025180814227,5.8072750478621575,1476,1531,91,0,1440,1479,98115,36,0,0,36,52
2020-07-12,US,Louisiana,Lincoln,438,19,0,32.6003154,-92.6659741,22061.0,937.0587480210518,4.337899543378995,419,432,19,0,413,401,47196,6,0,0,6,31
2020-07-12,US,Louisiana,Livingston,1528,40,0,30.44143993,-90.73061664,22063.0,1085.3120627321737,2.6178010471204187,1488,1484,40,0,1444,1424,139567,44,0,0,44,60
2020-07-12,US,Louisiana,Madison,428,4,0,32.36918118,-91.23973355,22065.0,3908.3188749885853,0.9345794392523364,424,415,4,0,411,411,11161,13,0,0,13,4
2020-07-12,US,Louisiana,Morehouse,283,10,0,32.81686191,-91.80421614,22067.0,1137.7341802685535,3.53356890459364,273,282,10,0,272,273,25398,1,0,0,1,9
2020-07-12,US,Louisiana,Natchitoches,403,14,0,31.72321584,-93.09816516,22069.0,1056.135017558572,3.4739454094292803,389,401,14,0,387,376,38659,2,0,0,2,25
2020-07-12,US,Louisiana,Orleans,8665,540,0,30.06971951,-89.92660315,22071.0,2220.9748195538064,6.231967686093481,8125,8598,540,0,8058,8476,391006,67,0,0,67,122
2020-07-12,US,Louisiana,Ouachita,3120,86,0,32.47645559,-92.15704172,22073.0,2035.503885072319,2.7564102564102564,3034,3079,86,0,2993,2988,154475,41,0,0,41,91
2020-07-12,US,Louisiana,Plaquemines,310,18,0,29.42245447,-89.60322085,22075.0,1336.3797042721042,5.806451612903227,292,306,18,0,288,298,23410,4,0,0,4,8
2020-07-12,US,Louisiana,Pointe Coupee,377,28,0,30.71409502,-91.60209535,22077.0,1734.9286700414175,7.427055702917772,349,371,28,0,343,342,21940,6,0,0,6,29
2020-07-12,US,Louisiana,Rapides,2001,79,0,31.19778499,-92.52997303,22079.0,1543.409848204369,3.948025987006497,1922,1978,79,0,1899,1909,130562,23,0,0,23,69
2020-07-12,US,Louisiana,Red River,80,9,0,32.09530039,-93.34213308,22081.0,947.6427386875148,11.25,71,78,9,0,69,72,8477,2,0,0,2,6
2020-07-12,US,Louisiana,Richland,283,5,0,32.41391005,-91.76634876,22083.0,1406.4208329191931,1.7667844522968197,278,272,5,0,267,257,20192,11,0,0,11,15
2020-07-12,US,Louisiana,Sabine,210,1,0,31.56388699,-93.55433981,22085.0,879.2497069167644,0.4761904761904762,209,194,1,0,193,181,24032,16,0,0,16,13
2020-07-12,US,Louisiana,St. Bernard,706,24,0,29.87761636,-89.51887093,22087.0,1494.3696554059775,3.39943342776204,682,702,24,0,678,689,46721,4,0,0,4,13
2020-07-12,US,Louisiana,St. Charles,871,49,0,29.90709658,-90.35555967,22089.0,1640.3013182674201,5.625717566016075,822,866,49,0,817,854,52879,5,0,0,5,12
2020-07-12,US,Louisiana,St. Helena,121,1,0,30.82210324,-90.71013176,22091.0,1194.236083695223,0.8264462809917356,120,120,1,0,119,117,10262,1,0,0,1,3
2020-07-12,US,Louisiana,St. James,444,30,0,30.02531716,-90.80212061,22093.0,2104.664391353811,6.756756756756758,414,441,30,0,411,439,21037,3,0,0,3,2
2020-07-12,US,Louisiana,St. John the Baptist,1081,87,0,30.12597499,-90.4753503,22095.0,2523.519387445433,8.048103607770582,994,1076,87,0,989,1063,43184,5,0,0,5,13
2020-07-12,US,Louisiana,St. Landry,1128,59,0,30.59724262,-92.00135806,22097.0,1373.5327066387415,5.2304964539007095,1069,1080,59,0,1021,1023,82764,48,0,0,48,57
2020-07-12,US,Louisiana,St. Martin,1021,27,0,30.13112107,-91.61403569,22099.0,1910.8757088581533,2.6444662095984333,994,999,27,0,972,963,53621,22,0,0,22,36
2020-07-12,US,Louisiana,St. Mary,762,39,0,29.69262097,-91.44702164,22101.0,1544.1355272756748,5.118110236220472,723,741,39,0,702,704,49774,21,0,0,21,37
2020-07-12,US,Louisiana,St. Tammany,3169,187,0,30.40942847,-89.95642711,22103.0,1216.8850967095336,5.9009151151782895,2982,3101,185,0,2916,3004,258111,68,2,0,66,97
2020-07-12,US,Louisiana,Tangipahoa,1894,44,0,30.62888673,-90.40664996,22105.0,1405.482420338681,2.3231256599788805,1850,1874,44,0,1830,1802,133777,20,0,0,20,72
2020-07-12,US,Louisiana,Tensas,32,0,0,32.00760749,-91.32915234,22107.0,738.3479464697739,0.0,32,32,0,0,32,32,4462,0,0,0,0,0
2020-07-12,US,Louisiana,Terrebonne,1661,66,0,29.37343766,-90.82626855,22109.0,1503.6981378042926,3.9735099337748334,1595,1588,66,0,1522,1535,111021,73,0,0,73,53
2020-07-12,US,Louisiana,Unassigned,4,108,0,0.0,0.0,90022.0,0.0,2700.0,-104,4,108,0,-104,2,,0,0,0,0,2
2020-07-12,US,Louisiana,Union,476,28,0,32.83121059,-92.3749373,22111.0,2153.066763162656,5.882352941176472,448,474,28,0,446,471,22330,2,0,0,2,3
2020-07-12,US,Louisiana,Vermilion,542,7,0,29.83517605,-92.30292538,22113.0,910.7559946900573,1.2915129151291511,535,532,7,0,525,493,59830,10,0,0,10,39
2020-07-12,US,Louisiana,Vernon,277,9,0,31.10884837,-93.18153838,22115.0,584.0308671909593,3.249097472924188,268,263,9,0,254,247,48860,14,0,0,14,16
2020-07-12,US,Louisiana,Washington,839,51,0,30.85288548,-90.03866652,22117.0,1816.253193055375,6.078665077473183,788,824,49,0,775,812,46582,15,2,0,13,12
2020-07-12,US,Louisiana,Webster,535,12,0,32.70847669,-93.33121835,22119.0,1395.4094940010434,2.2429906542056077,523,528,12,0,516,513,38798,7,0,0,7,15
2020-07-12,US,Louisiana,West Baton Rouge,378,31,0,30.46058217,-91.30989571,22121.0,1428.3015303230682,8.201058201058201,347,371,31,0,340,356,26427,7,0,0,7,15
2020-07-12,US,Louisiana,West Carroll,176,5,0,32.78550125,-91.461201,22123.0,1625.1154201292707,2.8409090909090913,171,169,5,0,164,166,10982,7,0,0,7,3
2020-07-12,US,Louisiana,West Feliciana,261,14,0,30.87882871,-91.4148538,22125.0,1676.5159301130523,5.363984674329502,247,261,14,0,247,257,15460,0,0,0,0,4
2020-07-12,US,Louisiana,Winn,290,5,0,31.94449367,-92.63789413,22127.0,2085.730724971231,1.7241379310344829,285,287,5,0,282,283,14134,3,0,0,3,4
2020-07-12,US,Maine,Androscoggin,501,4,0,44.1664747,-70.20380627,23001.0,462.70214357619807,0.7984031936127745,497,501,4,0,497,503,107679,0,0,0,0,-2
2020-07-12,US,Maine,Aroostook,24,1,0,46.65926321,-68.59841248,23003.0,35.791514428454256,4.166666666666667,23,24,1,0,23,24,67111,0,0,0,0,0
2020-07-12,US,Maine,Cumberland,1872,67,0,43.8370751,-70.37226999,23005.0,634.5698179340549,3.579059829059829,1805,1861,66,0,1795,1851,293557,11,1,0,10,10
2020-07-12,US,Maine,Franklin,42,1,0,44.97330019,-70.44381045,23007.0,139.07745289579123,2.380952380952381,41,42,1,0,41,41,29897,0,0,0,0,1
2020-07-12,US,Maine,Hancock,18,1,0,44.59816444,-68.38401854,23009.0,32.73501009329477,5.5555555555555545,17,18,1,0,17,18,54811,0,0,0,0,0
2020-07-12,US,Maine,Kennebec,146,10,0,44.40759555,-69.76738544,23011.0,119.37662507563243,6.849315068493151,136,146,10,0,136,145,122083,0,0,0,0,1
2020-07-12,US,Maine,Knox,25,1,0,44.11486325,-69.10529169,23013.0,62.858292265915715,4.0,24,25,1,0,24,25,39771,0,0,0,0,0
2020-07-12,US,Maine,Lincoln,26,0,0,44.05996956,-69.54227124,23015.0,75.07073973552002,0.0,26,26,0,0,26,26,34342,0,0,0,0,0
2020-07-12,US,Maine,Oxford,45,0,0,44.49952995,-70.75682123,23017.0,77.61966364812419,0.0,45,44,0,0,44,44,57618,1,0,0,1,0
2020-07-12,US,Maine,Penobscot,124,4,0,45.40194593,-68.65020455,23019.0,81.49959250203749,3.2258064516129035,120,122,3,0,119,122,151096,2,1,0,1,0
2020-07-12,US,Maine,Piscataquis,5,0,0,45.83839062,-69.2860223,23021.0,29.788501638367592,0.0,5,5,0,0,5,5,16800,0,0,0,0,0
2020-07-12,US,Maine,Sagadahoc,34,0,0,43.95415864,-69.85074999,23023.0,94.82373940205264,0.0,34,35,0,0,35,34,35634,-1,0,0,-1,1
2020-07-12,US,Maine,Somerset,31,0,0,45.51229767,-69.95995554,23025.0,61.405593851517324,0.0,31,31,0,0,31,31,50592,0,0,0,0,0
2020-07-12,US,Maine,Unassigned,10,0,0,0.0,0.0,90023.0,0.0,0.0,10,6,0,0,6,3,,4,0,0,4,3
2020-07-12,US,Maine,Waldo,59,14,0,44.4858305,-69.12061935,23027.0,148.5584791640438,23.728813559322035,45,59,14,0,45,59,39694,0,0,0,0,0
2020-07-12,US,Maine,Washington,5,0,0,45.01607142,-67.62813524,23029.0,15.934223525287615,0.0,5,5,0,0,5,5,31490,0,0,0,0,0
2020-07-12,US,Maine,York,572,11,0,43.47808377,-70.71052375,23031.0,275.4754600488343,1.9230769230769231,561,570,11,0,559,563,206229,2,0,0,2,7
2020-07-12,US,Maryland,Allegany,216,18,0,39.62357628,-78.69280486,24001.0,306.74846625766867,8.333333333333334,198,216,18,0,198,213,70975,0,0,0,0,3
2020-07-12,US,Maryland,Anne Arundel,5514,210,0,39.00670238,-76.60329337,24003.0,951.9468815711784,3.808487486398259,5304,5471,210,0,5261,5423,576031,43,0,0,43,48
2020-07-12,US,Maryland,Baltimore,8797,496,0,39.45784712,-76.62911955,24005.0,1063.2486070319203,5.638285779242923,8301,8675,497,0,8178,8581,828431,122,-1,0,123,94
2020-07-12,US,Maryland,Baltimore City,8489,365,0,39.30211911,-76.61151012,24510.0,1430.3526596909805,4.299681941335846,8124,8367,364,0,8003,8249,621342,122,1,0,121,118
2020-07-12,US,Maryland,Calvert,449,27,0,38.53961642,-76.56820632,24009.0,485.27425020264786,6.013363028953228,422,445,27,0,418,438,92003,4,0,0,4,7
2020-07-12,US,Maryland,Caroline,336,3,0,38.87172293,-75.82904158,24011.0,1005.8073399988026,0.8928571428571429,333,334,3,0,331,332,33304,2,0,0,2,2
2020-07-12,US,Maryland,Carroll,1217,116,0,39.56453592,-77.02373735,24013.0,722.4824425486947,9.531635168447,1101,1210,115,0,1095,1200,168429,7,1,0,6,10
2020-07-12,US,Maryland,Cecil,527,29,0,39.56647682,-75.94627411,24015.0,512.3717855233094,5.502846299810248,498,526,29,0,497,518,102826,1,0,0,1,8
2020-07-12,US,Maryland,Charles,1517,90,0,38.51092331,-76.98580666,24017.0,929.2097735472294,5.932762030323006,1427,1502,89,0,1413,1496,161503,15,1,0,14,6
2020-07-12,US,Maryland,Dorchester,217,5,0,38.45413522,-76.02752426,24019.0,679.6329355758087,2.3041474654377883,212,209,5,0,204,203,31998,8,0,0,8,6
2020-07-12,US,Maryland,Frederick,2598,120,0,39.47296601,-77.39999394,24021.0,1000.9747752815483,4.618937644341801,2478,2586,120,0,2466,2577,255648,12,0,0,12,9
2020-07-12,US,Maryland,Garrett,26,0,0,39.52786077,-79.27355126,24023.0,89.61191149100435,0.0,26,22,0,0,22,19,29163,4,0,0,4,3
2020-07-12,US,Maryland,Harford,1279,65,0,39.55010644,-76.30775940000002,24025.0,500.70270630008486,5.08209538702111,1214,1262,65,0,1197,1246,253956,17,0,0,17,16
2020-07-12,US,Maryland,Howard,2825,95,0,39.25305293,-76.93126208,24027.0,867.3892351622708,3.3628318584070795,2730,2793,95,0,2698,2770,323196,32,0,0,32,23
2020-07-12,US,Maryland,Kent,204,23,0,39.24976208,-76.04741541,24029.0,1050.3552672227372,11.274509803921571,181,204,23,0,181,204,19383,0,0,0,0,0
2020-07-12,US,Maryland,Montgomery,15727,759,0,39.13676329,-77.20358245,24031.0,1496.8287445940186,4.826095250206651,14968,15623,757,0,14866,15568,1052567,104,2,0,102,55
2020-07-12,US,Maryland,Prince George's,19713,712,0,38.83070039,-76.8496441,24033.0,2167.867004938817,3.6118297570131386,19001,19598,706,0,18892,19510,909308,115,6,0,109,88
2020-07-12,US,Maryland,Queen Anne's,290,23,0,39.06198912,-76.03530977,24035.0,575.6138226712451,7.931034482758621,267,287,23,0,264,273,50251,3,0,0,3,14
2020-07-12,US,Maryland,Somerset,99,3,0,38.1163542,-75.75118623,24039.0,386.47720174890685,3.0303030303030303,96,98,3,0,95,98,25675,1,0,0,1,0
2020-07-12,US,Maryland,St. Mary's,700,51,0,38.30058422,-76.60629279999998,24037.0,616.6857545590698,7.2857142857142865,649,689,51,0,638,679,112664,11,0,0,11,10
2020-07-12,US,Maryland,Talbot,185,4,0,38.76618159,-76.10882561,24041.0,497.56596110916877,2.1621621621621623,181,184,4,0,180,170,36968,1,0,0,1,14
2020-07-12,US,Maryland,Unassigned,0,16,0,0.0,0.0,90024.0,0.0,0.0,-16,0,18,0,-18,0,,0,-2,0,2,0
2020-07-12,US,Maryland,Washington,727,29,0,39.60835778,-77.82002295,24043.0,481.30076994882455,3.9889958734525446,698,720,29,0,691,710,150926,7,0,0,7,10
2020-07-12,US,Maryland,Wicomico,1136,42,0,38.37301947,-75.62705831,24045.0,1096.4298468279783,3.6971830985915495,1094,1130,41,0,1089,1119,103195,6,1,0,5,11
2020-07-12,US,Maryland,Worcester,321,18,0,38.21274277,-75.33200012,24047.0,614.0485117453517,5.607476635514018,303,316,18,0,298,314,51823,5,0,0,5,2
2020-07-12,US,Massachusetts,Barnstable,1578,151,0,41.72980578,-70.28854339,25001.0,740.8798535142496,9.569074778200251,1427,1574,151,0,1423,1570,213413,4,0,0,4,4
2020-07-12,US,Massachusetts,Berkshire,613,45,0,42.37428441,-73.20524838,25003.0,490.6197976693559,7.3409461663947795,568,611,45,0,566,610,126348,2,0,0,2,1
2020-07-12,US,Massachusetts,Bristol,8460,601,0,41.79228404,-71.10872211,25005.0,1496.7702669948005,7.104018912529551,7859,8442,598,0,7844,8426,564022,18,3,0,15,16
2020-07-12,US,Massachusetts,Dukes and Nantucket,80,1,0,41.40674725,-70.68763497,0.0,278.44488531551286,1.25,79,81,1,0,80,78,26707,-1,0,0,-1,3
2020-07-12,US,Massachusetts,Essex,16469,1137,0,42.6687626,-70.94687179,25009.0,2087.2357845162564,6.903880017001638,15332,16452,1136,0,15316,16414,790638,17,1,0,16,38
2020-07-12,US,Massachusetts,Franklin,384,57,0,42.58119713,-72.58602547,25011.0,547.1644343117697,14.84375,327,384,57,0,327,383,70963,0,0,0,0,1
2020-07-12,US,Massachusetts,Hampden,7000,678,0,42.13440424,-72.63235561,25013.0,1500.9477412880703,9.685714285714283,6322,6974,674,0,6300,6943,470406,26,4,0,22,31
2020-07-12,US,Massachusetts,Hampshire,1008,117,0,42.33997957,-72.65898478,25015.0,626.7487409065473,11.607142857142858,891,1001,117,0,884,995,161355,7,0,0,7,6
2020-07-12,US,Massachusetts,Middlesex,24483,1916,0,42.48607732,-71.39049229,25017.0,1519.0801756407368,7.82583833680513,22567,24436,1913,0,22523,24377,1614714,47,3,0,44,59
2020-07-12,US,Massachusetts,Norfolk,9462,958,0,42.16073095,-71.20530408,25021.0,1338.7570301722612,10.124709363770874,8504,9440,957,0,8483,9403,705388,22,1,0,21,37
2020-07-12,US,Massachusetts,Plymouth,8811,679,0,41.94070556,-70.80802823,25023.0,1690.5153855894644,7.706276245602088,8132,8802,678,0,8124,8786,518132,9,1,0,8,16
2020-07-12,US,Massachusetts,Suffolk,20301,1020,0,42.3279514,-71.07850442,25025.0,2525.292104683751,5.024383035318457,19281,20272,1018,0,19254,20228,807252,29,2,0,27,44
2020-07-12,US,Massachusetts,Unassigned,300,7,0,0.0,0.0,90025.0,0.0,2.333333333333333,293,300,7,0,293,294,,0,0,0,0,6
2020-07-12,US,Massachusetts,Worcester,12648,958,0,42.35026951,-71.90493363,25027.0,1522.7143032570773,7.574320050600885,11690,12629,958,0,11671,12603,830839,19,0,0,19,26
2020-07-12,US,Michigan,Alcona,24,1,0,44.6846864,-83.59507875,26001.0,230.6583373378184,4.166666666666667,23,24,1,0,23,24,10362,0,0,0,0,0
2020-07-12,US,Michigan,Alger,4,0,0,46.41292944,-86.60260122,26003.0,43.917435221783045,0.0,4,4,0,0,4,4,9097,0,0,0,0,0
2020-07-12,US,Michigan,Allegan,373,7,0,42.59147037,-85.89102866,26005.0,315.88485869868987,1.8766756032171583,366,371,7,0,364,362,117327,2,0,0,2,9
2020-07-12,US,Michigan,Alpena,123,12,0,45.03477666,-83.62212411,26007.0,433.0223552191516,9.75609756097561,111,123,12,0,111,123,28360,0,0,0,0,0
2020-07-12,US,Michigan,Antrim,25,0,0,44.99690221,-85.15503082,26009.0,107.18573143543131,0.0,25,24,0,0,24,24,23365,1,0,0,1,0
2020-07-12,US,Michigan,Arenac,38,2,0,44.0636262,-83.89277559,26011.0,255.32486729825973,5.2631578947368425,36,38,2,0,36,38,15041,0,0,0,0,0
2020-07-12,US,Michigan,Baraga,5,0,0,46.6720582,-88.36363591,26013.0,60.9087586794981,0.0,5,5,0,0,5,5,8320,0,0,0,0,0
2020-07-12,US,Michigan,Barry,134,2,0,42.59513984,-85.30834519,26015.0,217.70917952883843,1.492537313432836,132,131,2,0,129,130,61157,3,0,0,3,1
2020-07-12,US,Michigan,Bay,431,31,0,43.70639106,-83.98731479,26017.0,417.93534123305466,7.192575406032482,400,427,31,0,396,418,103923,4,0,0,4,9
2020-07-12,US,Michigan,Benzie,14,0,0,44.63899297,-86.01608482,26019.0,78.80220646178094,0.0,14,14,0,0,14,11,17753,0,0,0,0,3
2020-07-12,US,Michigan,Berrien,1006,60,0,41.95447397,-86.41313079999998,26021.0,655.7975502115371,5.964214711729622,946,1000,60,0,940,983,154141,6,0,0,6,17
2020-07-12,US,Michigan,Branch,269,2,0,41.91600556,-85.05929476,26023.0,618.1492290369281,0.7434944237918215,267,267,2,0,265,266,43622,2,0,0,2,1
2020-07-12,US,Michigan,Calhoun,608,39,0,42.24633834,-85.00493569,26025.0,453.19359864041917,6.414473684210527,569,607,39,0,568,598,134487,1,0,0,1,9
2020-07-12,US,Michigan,Cass,187,6,0,41.91522292,-85.99405727,26027.0,361.09448317145234,3.2085561497326203,181,186,6,0,180,182,51653,1,0,0,1,4
2020-07-12,US,Michigan,Charlevoix,32,2,0,45.37790017,-85.19614053,26029.0,122.40370271200705,6.25,30,31,2,0,29,31,26244,1,0,0,1,0
2020-07-12,US,Michigan,Cheboygan,30,2,0,45.44787015,-84.50122149,26031.0,118.68966608640608,6.666666666666668,28,28,2,0,26,27,25413,2,0,0,2,1
2020-07-12,US,Michigan,Chippewa,18,0,0,46.29552653,-84.54353449,26033.0,48.19406142065383,0.0,18,18,0,0,18,18,37517,0,0,0,0,0
2020-07-12,US,Michigan,Clare,32,3,0,43.98794227,-84.84819859999998,26035.0,103.39256865912762,9.375,29,32,3,0,29,32,30757,0,0,0,0,0
2020-07-12,US,Michigan,Clinton,291,12,0,42.94400871,-84.60145248,26037.0,365.60085432502035,4.123711340206185,279,290,12,0,278,282,79332,1,0,0,1,8
2020-07-12,US,Michigan,Crawford,86,5,0,44.68255561,-84.61006219,26039.0,613.0158956447359,5.813953488372092,81,82,5,0,77,82,13901,4,0,0,4,0
2020-07-12,US,Michigan,Delta,32,3,0,45.90484910000001,-86.9080745,26041.0,89.4254415381176,9.375,29,30,3,0,27,30,35857,2,0,0,2,0
2020-07-12,US,Michigan,Dickinson,17,2,0,46.00999672,-87.86961634,26043.0,67.35607591425968,11.764705882352944,15,17,2,0,15,18,25383,0,0,0,0,-1
2020-07-12,US,Michigan,Eaton,356,7,0,42.59599185,-84.83740035,26045.0,322.84978416222293,1.9662921348314608,349,357,7,0,350,349,109826,-1,0,0,-1,8
2020-07-12,US,Michigan,Emmet,39,2,0,45.52625509,-84.89083249,26047.0,116.71405057608858,5.128205128205129,37,39,2,0,37,36,33308,0,0,0,0,3
2020-07-12,US,Michigan,Federal Correctional Institution (FCI),187,5,0,0.0,0.0,0.0,0.0,2.6737967914438503,182,186,5,0,181,186,,1,0,0,1,0
2020-07-12,US,Michigan,Genesee,2910,291,0,43.02244215,-83.70589709,26049.0,717.0790487244127,10.0,2619,2891,291,0,2600,2882,406892,19,0,0,19,9
2020-07-12,US,Michigan,Gladwin,27,1,0,43.98901072,-84.38774817,26051.0,106.09454202522691,3.703703703703704,26,27,1,0,26,27,25337,0,0,0,0,0
2020-07-12,US,Michigan,Gogebic,12,1,0,46.40862701,-89.69377193,26053.0,85.86762075134169,8.333333333333334,11,12,1,0,11,11,15096,0,0,0,0,1
2020-07-12,US,Michigan,Grand Traverse,90,5,0,44.69565625,-85.55585247,26055.0,96.68270883465107,5.5555555555555545,85,91,5,0,86,83,92573,-1,0,0,-1,8
2020-07-12,US,Michigan,Gratiot,105,14,0,43.29265605,-84.60505416,26057.0,257.9155510795608,13.333333333333336,91,105,14,0,91,105,40599,0,0,0,0,0
2020-07-12,US,Michigan,Hillsdale,205,25,0,41.88753639,-84.59312019,26059.0,449.51211489968216,12.19512195121951,180,205,25,0,180,205,45749,0,0,0,0,0
2020-07-12,US,Michigan,Houghton,27,0,0,46.89988536,-88.68495385,26061.0,75.66416321040242,0.0,27,27,0,0,27,27,36219,0,0,0,0,0
2020-07-12,US,Michigan,Huron,77,3,0,43.83353985,-83.04078453,26063.0,248.5394273909816,3.8961038961038965,74,76,3,0,73,73,31166,1,0,0,1,3
2020-07-12,US,Michigan,Ingham,1174,30,0,42.59716886,-84.37472069,26065.0,401.4965493184135,2.5553662691652472,1144,1163,30,0,1133,1153,292735,11,0,0,11,10
2020-07-12,US,Michigan,Ionia,209,5,0,42.94502238,-85.07413319,26067.0,323.04434517829264,2.392344497607656,204,208,5,0,203,207,64210,1,0,0,1,1
2020-07-12,US,Michigan,Iosco,122,11,0,44.35486835,-83.63484895,26069.0,485.533489871453,9.016393442622949,111,121,11,0,110,121,25081,1,0,0,1,0
2020-07-12,US,Michigan,Iron,7,1,0,46.20974132,-88.53136251,26071.0,63.25682270016266,14.285714285714285,6,7,1,0,6,6,11117,0,0,0,0,1
2020-07-12,US,Michigan,Isabella,159,8,0,43.64060976,-84.84664923,26073.0,227.55896496450646,5.031446540880503,151,158,8,0,150,152,70562,1,0,0,1,6
2020-07-12,US,Michigan,Jackson,551,32,0,42.24807035,-84.42258681,26075.0,347.6121380354552,5.807622504537204,519,547,32,0,515,540,158823,4,0,0,4,7
2020-07-12,US,Michigan,Kalamazoo,1234,70,0,42.24542231,-85.53038622,26077.0,465.54443044373846,5.672609400324148,1164,1216,70,0,1146,1194,264870,18,0,0,18,22
2020-07-12,US,Michigan,Kalkaska,42,2,0,44.68512729,-85.09085699,26079.0,232.84177846767932,4.761904761904762,40,42,2,0,40,41,17824,0,0,0,0,1
2020-07-12,US,Michigan,Kent,5851,144,0,43.03197711,-85.54934642,26081.0,890.6241675609441,2.461117757648265,5707,5785,144,0,5641,5675,653786,66,0,0,66,110
2020-07-12,US,Michigan,Keweenaw,1,0,0,47.63197653,-88.41434263,26083.0,47.25897920604915,0.0,1,1,0,0,1,1,2113,0,0,0,0,0
2020-07-12,US,Michigan,Lake,12,0,0,43.99050893,-85.802173,26085.0,101.24019235636548,0.0,12,12,0,0,12,12,11881,0,0,0,0,0
2020-07-12,US,Michigan,Lapeer,321,31,0,43.09052506,-83.22153148,26087.0,366.40907690024767,9.657320872274145,290,318,31,0,287,315,88028,3,0,0,3,3
2020-07-12,US,Michigan,Leelanau,42,0,0,44.94430054,-85.80150326,26089.0,193.0058361288544,0.0,42,40,0,0,40,35,21764,2,0,0,2,5
2020-07-12,US,Michigan,Lenawee,278,11,0,41.89475156,-84.06603727,26091.0,282.37397283928044,3.956834532374101,267,275,11,0,264,263,98266,3,0,0,3,12
2020-07-12,US,Michigan,Livingston,615,28,0,42.60302282,-83.91297209,26093.0,320.32084168858563,4.5528455284552845,587,612,28,0,584,609,191224,3,0,0,3,3
2020-07-12,US,Michigan,Luce,3,0,0,46.47227431,-85.54471223,26095.0,48.16182372772515,0.0,3,3,0,0,3,3,6283,0,0,0,0,0
2020-07-12,US,Michigan,Mackinac,9,0,0,46.07028979,-85.04980537,26097.0,83.34105009723123,0.0,9,9,0,0,9,9,10787,0,0,0,0,0
2020-07-12,US,Michigan,Macomb,7830,928,0,42.69158356,-82.92752801,26099.0,895.9097087778557,11.851851851851851,6902,7784,928,0,6856,7739,874759,46,0,0,46,45
2020-07-12,US,Michigan,Manistee,29,0,0,44.33352407,-86.05626916,26101.0,118.08779216548581,0.0,29,28,0,0,28,26,24528,1,0,0,1,2
2020-07-12,US,Michigan,Marquette,88,11,0,46.4338914,-87.64043701,26103.0,131.9360110346482,12.5,77,87,11,0,76,86,66516,1,0,0,1,1
2020-07-12,US,Michigan,Mason,76,0,0,43.99509218,-86.24988902,26105.0,260.77408729069447,0.0,76,74,0,0,74,72,29100,2,0,0,2,2
2020-07-12,US,Michigan,Mecosta,39,2,0,43.64064262,-85.32463223,26107.0,89.75214599682415,5.128205128205129,37,37,2,0,35,34,43545,2,0,0,2,3
2020-07-12,US,Michigan,Menominee,43,0,0,45.58038692,-87.55370409,26109.0,188.7620719929763,0.0,43,41,0,0,41,39,22983,2,0,0,2,2
2020-07-12,US,Michigan,Michigan Department of Corrections (MDOC),4111,68,0,0.0,0.0,0.0,0.0,1.6540987594259304,4043,4111,68,0,4043,4111,,0,0,0,0,0
2020-07-12,US,Michigan,Midland,183,9,0,43.64330771,-84.38804374,26111.0,220.06830535379288,4.918032786885246,174,182,9,0,173,182,83209,1,0,0,1,0
2020-07-12,US,Michigan,Missaukee,36,1,0,44.33772443,-85.09256478,26113.0,238.12673634078584,2.7777777777777777,35,36,1,0,35,36,15113,0,0,0,0,0
2020-07-12,US,Michigan,Monroe,661,21,0,41.92734151,-83.53749864,26115.0,439.20265780730904,3.1770045385779118,640,659,21,0,638,655,150439,2,0,0,2,4
2020-07-12,US,Michigan,Montcalm,125,1,0,43.31082541,-85.15252824,26117.0,195.6548960681192,0.8,124,125,1,0,124,122,63968,0,0,0,0,3
2020-07-12,US,Michigan,Montmorency,7,0,0,45.0275929,-84.12696227,26119.0,75.04288164665523,0.0,7,7,0,0,7,6,9265,0,0,0,0,1
2020-07-12,US,Michigan,Muskegon,927,54,0,43.29123859,-86.15176712,26121.0,534.0907781477939,5.825242718446603,873,914,54,0,860,907,173588,13,0,0,13,7
2020-07-12,US,Michigan,Newaygo,197,0,0,43.554374,-85.80070107,26123.0,402.2049816251531,0.0,197,194,0,0,194,190,48892,3,0,0,3,4
2020-07-12,US,Michigan,Oakland,12700,1108,0,42.66090111,-83.38595416,26125.0,1009.8728991462996,8.724409448818896,11592,12642,1108,0,11534,12568,1259201,58,0,0,58,74
2020-07-12,US,Michigan,Oceana,404,5,0,43.64124435,-86.26726673,26127.0,1526.4291381720636,1.2376237623762376,399,397,5,0,392,381,26625,7,0,0,7,16
2020-07-12,US,Michigan,Ogemaw,46,2,0,44.33481032,-84.12725175,26129.0,219.07891603562413,4.3478260869565215,44,46,2,0,44,46,20952,0,0,0,0,0
2020-07-12,US,Michigan,Ontonagon,1,0,0,46.665226200000006,-89.31390481,26131.0,17.482517482517483,0.0,1,1,0,0,1,1,5795,0,0,0,0,0
2020-07-12,US,Michigan,Osceola,46,0,0,43.98992088,-85.32566756,26133.0,196.078431372549,0.0,46,45,0,0,45,45,23341,1,0,0,1,0
2020-07-12,US,Michigan,Oscoda,23,1,0,44.68192279,-84.12939244,26135.0,279.09234316223757,4.3478260869565215,22,23,1,0,22,22,8276,0,0,0,0,1
2020-07-12,US,Michigan,Otsego,125,10,0,45.02085831,-84.59898295,26137.0,506.72936598021727,8.0,115,125,10,0,115,124,24665,0,0,0,0,1
2020-07-12,US,Michigan,Ottawa,1294,52,0,42.95996803,-85.9969107,26139.0,443.4088339101532,4.01854714064915,1242,1274,52,0,1222,1236,290494,20,0,0,20,38
2020-07-12,US,Michigan,Out of MI,69,0,0,0.0,0.0,80026.0,0.0,0.0,69,59,0,0,59,41,,10,0,0,10,18
2020-07-12,US,Michigan,Presque Isle,13,0,0,45.34018577,-83.91498656,26141.0,103.24015247776366,0.0,13,13,0,0,13,13,12738,0,0,0,0,0
2020-07-12,US,Michigan,Roscommon,33,0,0,44.33473082,-84.61067651,26143.0,137.39123194137974,0.0,33,31,0,0,31,30,23884,2,0,0,2,1
2020-07-12,US,Michigan,Saginaw,1401,124,0,43.33433923,-84.05131209999998,26145.0,735.2825405822432,8.850820842255533,1277,1392,124,0,1268,1372,190800,9,0,0,9,20
2020-07-12,US,Michigan,Sanilac,57,6,0,43.42406072,-82.82055898,26151.0,138.45032790867137,10.526315789473683,51,57,6,0,51,56,41182,0,0,0,0,1
2020-07-12,US,Michigan,Schoolcraft,7,0,0,46.19235734,-86.19972234,26153.0,86.48381517173216,0.0,7,7,0,0,7,7,8068,0,0,0,0,0
2020-07-12,US,Michigan,Shiawassee,285,28,0,42.95392800000001,-84.14585902,26155.0,418.36704735621385,9.824561403508772,257,284,28,0,256,283,68192,1,0,0,1,1
2020-07-12,US,Michigan,St. Clair,608,53,0,42.92655373,-82.67937954,26147.0,382.08234880096535,8.717105263157897,555,606,53,0,553,605,159337,2,0,0,2,1
2020-07-12,US,Michigan,St. Joseph,382,5,0,41.91441767,-85.52797979,26149.0,626.5993045075783,1.3089005235602094,377,381,5,0,376,376,61043,1,0,0,1,5
2020-07-12,US,Michigan,Tuscola,247,27,0,43.46606813,-83.41897025,26157.0,472.7725141161834,10.931174089068826,220,246,27,0,219,242,52516,1,0,0,1,4
2020-07-12,US,Michigan,Unassigned,3,0,0,0.0,0.0,90026.0,0.0,0.0,3,50,0,0,50,18,,-47,0,0,-47,32
2020-07-12,US,Michigan,Van Buren,273,9,0,42.25190229,-86.01939087,26159.0,360.74368698547784,3.2967032967032965,264,270,9,0,261,263,75448,3,0,0,3,7
2020-07-12,US,Michigan,Washtenaw,1914,108,0,42.253105,-83.83853204,26161.0,520.6732299422472,5.6426332288401255,1806,1909,108,0,1801,1879,370963,5,0,0,5,30
2020-07-12,US,Michigan,Wayne,23996,2759,0,42.28098405,-83.281255,26163.0,1371.7149809957225,11.497749624937489,21237,23898,2758,0,21140,23811,1753893,98,1,0,97,87
2020-07-12,US,Michigan,Wexford,53,4,0,44.33853602,-85.57712739,26165.0,157.59269721388006,7.547169811320754,49,53,4,0,49,53,33466,0,0,0,0,0
2020-07-12,US,Minnesota,Aitkin,16,0,0,46.60962049,-93.4116826,27001.0,100.71761299257209,0.0,16,15,0,0,15,15,15902,1,0,0,1,0
2020-07-12,US,Minnesota,Anoka,2422,111,0,45.27476015,-93.24604565,27003.0,678.5815348494484,4.58298926507019,2311,2393,111,0,2282,2360,353813,29,0,0,29,33
2020-07-12,US,Minnesota,Becker,66,0,0,46.93479392,-95.67158144,27005.0,191.7322720274236,0.0,66,62,0,0,62,57,34371,4,0,0,4,5
2020-07-12,US,Minnesota,Beltrami,53,0,0,47.97373527,-94.93732139,27007.0,112.31669068407223,0.0,53,47,0,0,47,43,46847,6,0,0,6,4
2020-07-12,US,Minnesota,Benton,239,3,0,45.69804958,-93.99514135,27009.0,584.5092812247793,1.2552301255230125,236,236,3,0,233,235,40545,3,0,0,3,1
2020-07-12,US,Minnesota,Big Stone,17,0,0,45.42712824,-96.41403739,27011.0,340.6131035864556,0.0,17,17,0,0,17,17,4989,0,0,0,0,0
2020-07-12,US,Minnesota,Blue Earth,575,2,0,44.03554215,-94.06699781,27013.0,849.9253543819195,0.3478260869565217,573,563,2,0,561,544,67427,12,0,0,12,19
2020-07-12,US,Minnesota,Brown,46,2,0,44.24205652,-94.72562874,27015.0,183.94113883557262,4.3478260869565215,44,44,2,0,42,43,25111,2,0,0,2,1
2020-07-12,US,Minnesota,Carlton,94,0,0,46.59180601,-92.67601019,27017.0,262.05012405564383,0.0,94,90,0,0,90,89,35837,4,0,0,4,1
2020-07-12,US,Minnesota,Carver,494,2,0,44.82017001,-93.8009918,27019.0,470.0777436268306,0.4048582995951417,492,469,1,0,468,442,103551,25,1,0,24,27
2020-07-12,US,Minnesota,Cass,19,2,0,46.95043611,-94.32603968,27021.0,63.8033513549817,10.526315789473683,17,19,2,0,17,19,29519,0,0,0,0,0
2020-07-12,US,Minnesota,Chippewa,81,1,0,45.02343421,-95.56403693,27023.0,686.4406779661018,1.2345679012345678,80,80,1,0,79,79,11924,1,0,0,1,1
2020-07-12,US,Minnesota,Chisago,110,1,0,45.5021011,-92.90861945,27025.0,194.41842379681503,0.9090909090909092,109,107,1,0,106,105,55922,3,0,0,3,2
2020-07-12,US,Minnesota,Clay,613,38,0,46.89289518,-96.48761922,27027.0,954.5015726698016,6.199021207177813,575,612,38,0,574,601,63955,1,0,0,1,11
2020-07-12,US,Minnesota,Clearwater,13,0,0,47.57992111,-95.37790562,27029.0,147.42572011794059,0.0,13,12,0,0,12,10,8810,1,0,0,1,2
2020-07-12,US,Minnesota,Cook,1,0,0,47.90504893,-90.52629546,27031.0,18.304960644334614,0.0,1,1,0,0,1,1,5393,0,0,0,0,0
2020-07-12,US,Minnesota,Cottonwood,141,0,0,44.00715262,-95.18138802,27033.0,1259.3783494105035,0.0,141,142,0,0,142,138,11277,-1,0,0,-1,4
2020-07-12,US,Minnesota,Crow Wing,113,12,0,46.48096553,-94.06755609,27035.0,173.6991776189378,10.619469026548671,101,113,12,0,101,110,64889,0,0,0,0,3
2020-07-12,US,Minnesota,Dakota,2713,96,0,44.67172617,-93.06299363,27037.0,632.369977227222,3.538518245484703,2617,2655,96,0,2559,2570,425423,58,0,0,58,85
2020-07-12,US,Minnesota,Dodge,97,0,0,44.02238415,-92.86244324,27039.0,463.3610394573421,0.0,97,96,0,0,96,97,20822,1,0,0,1,-1
2020-07-12,US,Minnesota,Douglas,73,0,0,45.93348491,-95.45335469,27041.0,191.39508665215908,0.0,73,70,0,0,70,69,37964,3,0,0,3,1
2020-07-12,US,Minnesota,Faribault,62,0,0,43.67381499,-93.94787458,27043.0,454.1126492346005,0.0,62,61,0,0,61,61,13758,1,0,0,1,0
2020-07-12,US,Minnesota,Fillmore,36,0,0,43.67394126,-92.08980382,27045.0,170.88337209854274,0.0,36,35,0,0,35,31,21058,1,0,0,1,4
2020-07-12,US,Minnesota,Freeborn,313,0,0,43.67385583,-93.34884422,27047.0,1033.651464614775,0.0,313,312,0,0,312,309,30444,1,0,0,1,3
2020-07-12,US,Minnesota,Goodhue,142,8,0,44.40849741,-92.7234195,27049.0,306.4307293914545,5.633802816901407,134,140,8,0,132,138,46403,2,0,0,2,2
2020-07-12,US,Minnesota,Grant,32,0,0,45.93424769,-96.01139609,27051.0,535.833891493637,0.0,32,25,0,0,25,24,6021,7,0,0,7,1
2020-07-12,US,Minnesota,Hennepin,13568,791,0,45.00761521,-93.47694895,27053.0,1071.8548824775266,5.829893867924527,12777,13328,790,0,12538,13054,1259428,240,1,0,239,274
2020-07-12,US,Minnesota,Houston,32,0,0,43.67129565,-91.49143057,27055.0,172.04301075268813,0.0,32,32,0,0,32,29,18578,0,0,0,0,3
2020-07-12,US,Minnesota,Hubbard,10,0,0,47.10778564,-94.91693868,27057.0,46.531106044390675,0.0,10,10,0,0,10,8,21332,0,0,0,0,2
2020-07-12,US,Minnesota,Isanti,83,0,0,45.56181234,-93.29487636,27059.0,204.4536407527835,0.0,83,81,0,0,81,80,39966,2,0,0,2,1
2020-07-12,US,Minnesota,Itasca,71,12,0,47.51009045,-93.63092229,27061.0,157.3232882783071,16.901408450704224,59,71,12,0,59,69,45108,0,0,0,0,2
2020-07-12,US,Minnesota,Jackson,57,0,0,43.67423373,-95.15398258,27063.0,578.915295551493,0.0,57,57,0,0,57,57,9911,0,0,0,0,0
2020-07-12,US,Minnesota,Kanabec,17,1,0,45.9459309,-93.29275192,27065.0,104.05827263267427,5.882352941176472,16,17,1,0,16,16,16207,0,0,0,0,1
2020-07-12,US,Minnesota,Kandiyohi,593,1,0,45.1526059,-95.00586446,27067.0,1372.7169610407648,0.16863406408094436,592,590,1,0,589,587,42855,3,0,0,3,3
2020-07-12,US,Minnesota,Kittson,2,0,0,48.77754106,-96.78317184,27069.0,46.533271288971605,0.0,2,2,0,0,2,2,4248,0,0,0,0,0
2020-07-12,US,Minnesota,Koochiching,21,1,0,48.24539665,-93.78352843,27071.0,171.7229536348025,4.761904761904762,20,21,1,0,20,17,12440,0,0,0,0,4
2020-07-12,US,Minnesota,Lac qui Parle,5,0,0,44.9973857,-96.17488219,27073.0,75.49448890231014,0.0,5,5,0,0,5,4,6658,0,0,0,0,1
2020-07-12,US,Minnesota,Lake,9,0,0,47.64270764,-91.44557998,27075.0,84.57851705666761,0.0,9,6,0,0,6,6,10658,3,0,0,3,0
2020-07-12,US,Minnesota,Le Sueur,132,1,0,44.37136597,-93.72844721,27079.0,456.95295461626336,0.7575757575757576,131,125,1,0,124,119,28494,7,0,0,7,6
2020-07-12,US,Minnesota,Lincoln,19,0,0,44.41311883,-96.26688165,27081.0,336.93917361234264,0.0,19,17,0,0,17,13,5673,2,0,0,2,4
2020-07-12,US,Minnesota,Lyon,344,2,0,44.41327865,-95.83806103,27083.0,1350.3964826882311,0.5813953488372093,342,333,2,0,331,332,25629,11,0,0,11,1
2020-07-12,US,Minnesota,Mahnomen,13,1,0,47.32557075,-95.80921485,27087.0,235.20897412701282,7.6923076923076925,12,10,1,0,9,10,5519,3,0,0,3,0
2020-07-12,US,Minnesota,Marshall,16,0,0,48.35825983,-96.37017407,27089.0,171.37960582690658,0.0,16,13,0,0,13,12,9390,3,0,0,3,1
2020-07-12,US,Minnesota,Martin,175,5,0,43.67429718,-94.55099908,27091.0,889.09210994259,2.8571428571428568,170,175,5,0,170,172,19785,0,0,0,0,3
2020-07-12,US,Minnesota,McLeod,103,0,0,44.82367677,-94.27287017,27085.0,286.9640319839524,0.0,103,100,0,0,100,99,35873,3,0,0,3,1
2020-07-12,US,Minnesota,Meeker,64,1,0,45.12328869,-94.52839455,27093.0,275.60072345189906,1.5625,63,62,1,0,61,62,23141,2,0,0,2,0
2020-07-12,US,Minnesota,Mille Lacs,40,2,0,45.93705297,-93.63236823,27095.0,152.22437873425432,5.0,38,39,2,0,37,36,26139,1,0,0,1,3
2020-07-12,US,Minnesota,Morrison,66,1,0,46.01265363,-94.27341528,27097.0,197.68765350745812,1.5151515151515151,65,64,1,0,63,62,33169,2,0,0,2,2
2020-07-12,US,Minnesota,Mower,983,2,0,43.67142874,-92.75234549,27099.0,2453.6967700064897,0.2034587995930824,981,982,2,0,980,974,40011,1,0,0,1,8
2020-07-12,US,Minnesota,Murray,82,0,0,44.02216709,-95.76328482,27101.0,1000.7322431047107,0.0,82,73,0,0,73,68,8276,9,0,0,9,5
2020-07-12,US,Minnesota,Nicollet,206,12,0,44.35291112,-94.24710352,27103.0,601.0386882184747,5.825242718446603,194,203,12,0,191,191,34220,3,0,0,3,12
2020-07-12,US,Minnesota,Nobles,1688,6,0,43.67434621,-95.75329576,27105.0,7804.33677007721,0.35545023696682465,1682,1684,6,0,1678,1676,21924,4,0,0,4,8
2020-07-12,US,Minnesota,Norman,21,0,0,47.32628443,-96.45620947,27107.0,329.4117647058824,0.0,21,21,0,0,21,21,6475,0,0,0,0,0
2020-07-12,US,Minnesota,Olmsted,1276,20,0,44.00374114,-92.40209944,27109.0,806.1000802309641,1.567398119122257,1256,1259,20,0,1239,1235,156277,17,0,0,17,24
2020-07-12,US,Minnesota,Otter Tail,114,1,0,46.40846929,-95.70835255,27111.0,194.0557654989276,0.8771929824561403,113,111,1,0,110,104,58812,3,0,0,3,7
2020-07-12,US,Minnesota,Pennington,54,0,0,48.06642577,-96.0370814,27113.0,382.463347262554,0.0,54,53,0,0,53,53,14178,1,0,0,1,0
2020-07-12,US,Minnesota,Pine,113,0,0,46.12105238,-92.74070188,27115.0,382.0277899861388,0.0,113,112,0,0,112,111,29483,1,0,0,1,1
2020-07-12,US,Minnesota,Pipestone,74,4,0,44.02301619,-96.25841142,27117.0,810.8700416392724,5.405405405405406,70,69,4,0,65,67,9047,5,0,0,5,2
2020-07-12,US,Minnesota,Polk,90,3,0,47.77372465,-96.40134647,27119.0,286.9531947455682,3.333333333333333,87,88,3,0,85,86,31529,2,0,0,2,2
2020-07-12,US,Minnesota,Pope,13,0,0,45.58606667,-95.44451209,27121.0,115.56582807360657,0.0,13,13,0,0,13,12,11097,0,0,0,0,1
2020-07-12,US,Minnesota,Ramsey,5256,233,0,45.01625271,-93.09872295,27123.0,955.078944834015,4.4330289193302885,5023,5169,232,0,4937,5127,550210,87,1,0,86,42
2020-07-12,US,Minnesota,Red Lake,4,0,0,47.87197525,-96.09561104,27125.0,98.64364981504316,0.0,4,4,0,0,4,4,3999,0,0,0,0,0
2020-07-12,US,Minnesota,Redwood,25,0,0,44.40555844,-95.25207021,27127.0,164.79894528675015,0.0,25,23,0,0,23,21,15249,2,0,0,2,2
2020-07-12,US,Minnesota,Renville,37,2,0,44.72836381,-94.94553734,27129.0,254.3304921638713,5.405405405405406,35,37,2,0,35,37,14612,0,0,0,0,0
2020-07-12,US,Minnesota,Rice,884,8,0,44.3543376,-93.29658715,27131.0,1319.9546078958372,0.9049773755656108,876,879,8,0,871,873,66523,5,0,0,5,6
2020-07-12,US,Minnesota,Rock,34,0,0,43.67482683,-96.25296832,27133.0,365.00268384326347,0.0,34,34,0,0,34,31,9414,0,0,0,0,3
2020-07-12,US,Minnesota,Roseau,28,0,0,48.77501878,-95.81079919,27135.0,184.6356742499176,0.0,28,25,0,0,25,21,15150,3,0,0,3,4
2020-07-12,US,Minnesota,Scott,881,4,0,44.6490231,-93.53340251,27139.0,591.2235845194715,0.4540295119182747,877,858,4,0,854,823,147381,23,0,0,23,35
2020-07-12,US,Minnesota,Sherburne,369,5,0,45.44447208,-93.77617511,27141.0,379.4812727534503,1.3550135501355014,364,362,5,0,357,344,96036,7,0,0,7,18
2020-07-12,US,Minnesota,Sibley,58,2,0,44.5796592,-94.23164924,27143.0,390.17827110662626,3.4482758620689653,56,58,2,0,56,57,15028,0,0,0,0,1
2020-07-12,US,Minnesota,St. Louis,235,16,0,47.6048407,-92.46879855,27137.0,118.04892751293517,6.808510638297872,219,223,16,0,207,218,199754,12,0,0,12,5
2020-07-12,US,Minnesota,Stearns,2523,19,0,45.55192576,-94.61078221,27145.0,1566.3510786900513,0.7530717399920729,2504,2496,19,0,2477,2481,159256,27,0,0,27,15
2020-07-12,US,Minnesota,Steele,247,1,0,44.02240351,-93.22627088,27147.0,673.9610903435291,0.4048582995951417,246,245,1,0,244,243,36803,2,0,0,2,2
2020-07-12,US,Minnesota,Stevens,11,0,0,45.58613007,-96.00163705,27149.0,112.18765935747068,0.0,11,11,0,0,11,10,9753,0,0,0,0,1
2020-07-12,US,Minnesota,Swift,33,1,0,45.2829032,-95.68264092,27151.0,356.1407295488885,3.0303030303030303,32,33,1,0,32,29,9345,0,0,0,0,4
2020-07-12,US,Minnesota,Todd,403,2,0,46.06996226,-94.89785296,27153.0,1633.9604281543952,0.4962779156327544,401,402,2,0,400,402,24582,1,0,0,1,0
2020-07-12,US,Minnesota,Traverse,6,0,0,45.77298854,-96.47062949,27155.0,184.1055538508745,0.0,6,6,0,0,6,6,3308,0,0,0,0,0
2020-07-12,US,Minnesota,Unassigned,88,38,0,0.0,0.0,90027.0,0.0,43.18181818181818,50,88,38,0,50,86,,0,0,0,0,2
2020-07-12,US,Minnesota,Wabasha,39,0,0,44.28424356,-92.23121312,27157.0,180.33014287695926,0.0,39,38,0,0,38,35,21645,1,0,0,1,3
2020-07-12,US,Minnesota,Wadena,17,0,0,46.58589171,-94.96968506,27159.0,124.25084052039179,0.0,17,17,0,0,17,16,13773,0,0,0,0,1
2020-07-12,US,Minnesota,Waseca,78,0,0,44.02211116,-93.58720034,27161.0,419.08446163765313,0.0,78,77,0,0,77,75,18691,1,0,0,1,2
2020-07-12,US,Minnesota,Washington,1283,41,0,45.03864533,-92.88429635,27163.0,488.8736473098613,3.195635229929852,1242,1255,41,0,1214,1228,259201,28,0,0,28,27
2020-07-12,US,Minnesota,Watonwan,271,0,0,43.97823903,-94.61413846,27165.0,2486.9230063320183,0.0,271,267,0,0,267,245,10980,4,0,0,4,22
2020-07-12,US,Minnesota,Wilkin,22,3,0,46.35721532,-96.4684375,27167.0,354.4385371354922,13.636363636363635,19,22,3,0,19,21,6254,0,0,0,0,1
2020-07-12,US,Minnesota,Winona,144,15,0,43.98772283,-91.78081305,27169.0,285.2388875683385,10.416666666666666,129,141,15,0,126,136,50825,3,0,0,3,5
2020-07-12,US,Minnesota,Wright,539,5,0,45.17297924,-93.96234781,27171.0,389.5155986905338,0.927643784786642,534,528,5,0,523,516,136349,11,0,0,11,12
2020-07-12,US,Minnesota,Yellow Medicine,31,0,0,44.71710183,-95.86842453,27173.0,319.29137913276344,0.0,31,31,0,0,31,31,9795,0,0,0,0,0
2020-07-12,US,Mississippi,Adams,358,20,0,31.47669768,-91.35326037,28001.0,1166.389730557456,5.58659217877095,338,351,20,0,331,347,31192,7,0,0,7,4
2020-07-12,US,Mississippi,Alcorn,107,2,0,34.88084463,-88.57996173,28003.0,289.557004843991,1.8691588785046729,105,100,2,0,98,94,36925,7,0,0,7,6
2020-07-12,US,Mississippi,Amite,112,3,0,31.17467303,-90.80501621,28005.0,910.7912498983493,2.6785714285714284,109,110,3,0,107,108,12326,2,0,0,2,2
2020-07-12,US,Mississippi,Attala,386,24,0,33.08658803,-89.57838564,28007.0,2123.913282711566,6.217616580310881,362,384,24,0,360,383,18365,2,0,0,2,1
2020-07-12,US,Mississippi,Benton,47,0,0,34.81681228,-89.18945516,28009.0,569.0761593413246,0.0,47,46,0,0,46,44,8271,1,0,0,1,2
2020-07-12,US,Mississippi,Bolivar,412,18,0,33.79696941,-90.87372121,28011.0,1345.1743502677284,4.368932038834951,394,405,18,0,387,394,31333,7,0,0,7,11
2020-07-12,US,Mississippi,Calhoun,170,5,0,33.93683395,-89.33686647,28013.0,1183.7615764918878,2.9411764705882355,165,164,5,0,159,160,14436,6,0,0,6,4
2020-07-12,US,Mississippi,Carroll,182,11,0,33.44834567,-89.91994479,28015.0,1829.6973961998592,6.043956043956044,171,181,11,0,170,174,9911,1,0,0,1,7
2020-07-12,US,Mississippi,Chickasaw,300,19,0,33.91983202,-88.9481545,28017.0,1754.0782318891422,6.333333333333332,281,297,19,0,278,293,17171,3,0,0,3,4
2020-07-12,US,Mississippi,Choctaw,76,4,0,33.34598242,-89.24809382,28019.0,925.7003654080388,5.2631578947368425,72,75,4,0,71,75,8278,1,0,0,1,0
2020-07-12,US,Mississippi,Claiborne,308,11,0,31.97061673,-90.90702196,28021.0,3426.791277258567,3.571428571428572,297,301,11,0,290,300,9002,7,0,0,7,1
2020-07-12,US,Mississippi,Clarke,223,25,0,32.04158545,-88.68896219999998,28023.0,1434.9140981918795,11.210762331838565,198,223,25,0,198,217,15604,0,0,0,0,6
2020-07-12,US,Mississippi,Clay,261,11,0,33.65358105,-88.77784255,28025.0,1351.2114309380825,4.21455938697318,250,258,11,0,247,256,19386,3,0,0,3,2
2020-07-12,US,Mississippi,Coahoma,230,6,0,34.22772299,-90.60415045,28027.0,1039.5950099439522,2.608695652173913,224,222,6,0,216,219,22628,8,0,0,8,3
2020-07-12,US,Mississippi,Copiah,670,16,0,31.86977774,-90.44565118,28029.0,2387.3151612328525,2.388059701492537,654,653,15,0,638,642,28543,17,1,0,16,11
2020-07-12,US,Mississippi,Covington,446,5,0,31.63225413,-89.55389939,28031.0,2393.217428632754,1.1210762331838564,441,435,5,0,430,429,18853,11,0,0,11,6
2020-07-12,US,Mississippi,DeSoto,1959,20,0,34.87625235,-89.99091418,28033.0,1059.2338262726757,1.0209290454313424,1939,1900,19,0,1881,1865,182001,59,1,0,58,35
2020-07-12,US,Mississippi,Forrest,1038,43,0,31.18961454,-89.25832496,28035.0,1385.9033072085665,4.142581888246628,995,993,43,0,950,972,75036,45,0,0,45,21
2020-07-12,US,Mississippi,Franklin,54,2,0,31.47786634,-90.89672989,28037.0,700.1166861143524,3.703703703703704,52,54,2,0,52,54,7788,0,0,0,0,0
2020-07-12,US,Mississippi,George,123,3,0,30.86259065,-88.64436789,28039.0,502.0408163265306,2.4390243902439024,120,116,3,0,113,112,24250,7,0,0,7,4
2020-07-12,US,Mississippi,Greene,116,10,0,31.21444233,-88.63922281,28041.0,853.8201089356689,8.620689655172415,106,113,10,0,103,112,13586,3,0,0,3,1
2020-07-12,US,Mississippi,Grenada,604,9,0,33.77036166,-89.80245083,28043.0,2909.7215531361408,1.4900662251655632,595,594,9,0,585,569,21055,10,0,0,10,25
2020-07-12,US,Mississippi,Hancock,148,13,0,30.41830223,-89.48851033,28045.0,310.7154853879745,8.783783783783784,135,144,13,0,131,141,47334,4,0,0,4,3
2020-07-12,US,Mississippi,Harrison,1177,16,0,30.51359752,-89.12467576,28047.0,565.6478277585544,1.3593882752761255,1161,1136,16,0,1120,1096,206650,41,0,0,41,40
2020-07-12,US,Mississippi,Hinds,2992,54,0,32.2656285,-90.44435448,28049.0,1290.545203588682,1.804812834224599,2938,2908,51,0,2857,2824,237085,84,3,0,81,84
2020-07-12,US,Mississippi,Holmes,595,41,0,33.12345854,-90.08923538,28051.0,3497.942386831276,6.890756302521008,554,586,41,0,545,579,17622,9,0,0,9,7
2020-07-12,US,Mississippi,Humphreys,169,10,0,33.12825718,-90.52252707,28053.0,2095.7341269841268,5.9171597633136095,159,163,10,0,153,161,8257,6,0,0,6,2
2020-07-12,US,Mississippi,Issaquena,10,1,0,32.72531359,-90.97392828,28055.0,753.5795026375282,10.0,9,10,1,0,9,10,1308,0,0,0,0,0
2020-07-12,US,Mississippi,Itawamba,147,8,0,34.27993475,-88.3606733,28057.0,628.4737067122703,5.442176870748299,139,146,8,0,138,145,23517,1,0,0,1,1
2020-07-12,US,Mississippi,Jackson,798,19,0,30.54020656,-88.64184064,28059.0,555.6445267621522,2.380952380952381,779,775,19,0,756,744,143277,23,0,0,23,31
2020-07-12,US,Mississippi,Jasper,281,6,0,32.01922104,-89.11786866,28061.0,1715.192577671977,2.1352313167259784,275,277,6,0,271,271,16428,4,0,0,4,6
2020-07-12,US,Mississippi,Jefferson,128,3,0,31.73397872,-91.03764977,28063.0,1831.1874105865522,2.34375,125,126,3,0,123,122,7106,2,0,0,2,4
2020-07-12,US,Mississippi,Jefferson Davis,125,4,0,31.56884708,-89.82670990000004,28065.0,1123.2925952552118,3.2,121,120,4,0,116,118,11234,5,0,0,5,2
2020-07-12,US,Mississippi,Jones,1224,49,0,31.62257767,-89.16896899999998,28067.0,1797.4096155540549,4.003267973856209,1175,1203,49,0,1154,1185,68461,21,0,0,21,18
2020-07-12,US,Mississippi,Kemper,184,14,0,32.75462946,-88.64105766,28069.0,1888.7292137138165,7.608695652173912,170,184,14,0,170,183,10027,0,0,0,0,1
2020-07-12,US,Mississippi,Lafayette,506,4,0,34.35687874,-89.48490961,28071.0,936.7074547844277,0.7905138339920948,502,497,4,0,493,464,54793,9,0,0,9,33
2020-07-12,US,Mississippi,Lamar,583,7,0,31.20572971,-89.5077704,28073.0,920.3858358461076,1.2006861063464838,576,534,7,0,527,522,62447,49,0,0,49,12
2020-07-12,US,Mississippi,Lauderdale,966,81,0,32.40419769,-88.66229662,28075.0,1303.204047217538,8.385093167701863,885,963,81,0,882,954,75317,3,0,0,3,9
2020-07-12,US,Mississippi,Lawrence,213,2,0,31.55147224,-90.10841127,28077.0,1692.3565866836166,0.9389671361502347,211,209,2,0,207,202,12455,4,0,0,4,7
2020-07-12,US,Mississippi,Leake,634,20,0,32.7536828,-89.52402044,28079.0,2782.4102519090666,3.154574132492113,614,635,20,0,615,621,22763,-1,0,0,-1,14
2020-07-12,US,Mississippi,Lee,628,22,0,34.291877500000005,-88.68149954,28081.0,735.0531391919097,3.5031847133757963,606,612,22,0,590,600,85202,16,0,0,16,12
2020-07-12,US,Mississippi,Leflore,534,56,0,33.55545125,-90.29900733,28083.0,1894.7592520313665,10.486891385767793,478,531,56,0,475,528,28919,3,0,0,3,3
2020-07-12,US,Mississippi,Lincoln,533,35,0,31.53288662,-90.45391915,28085.0,1560.62424969988,6.566604127579737,498,529,35,0,494,519,34205,4,0,0,4,10
2020-07-12,US,Mississippi,Lowndes,548,17,0,33.47386518,-88.44191529999998,28087.0,935.2333816878572,3.102189781021898,531,548,13,0,535,536,58930,0,4,0,-4,12
2020-07-12,US,Mississippi,Madison,1484,39,0,32.63389156,-90.03513564,28089.0,1396.4167419451971,2.628032345013477,1445,1446,38,0,1408,1419,105630,38,1,0,37,27
2020-07-12,US,Mississippi,Marion,345,12,0,31.23132643,-89.8209217,28091.0,1403.9799780246612,3.4782608695652173,333,327,12,0,315,324,24715,18,0,0,18,3
2020-07-12,US,Mississippi,Marshall,292,3,0,34.76216286,-89.50299462,28093.0,827.3360911203038,1.0273972602739727,289,277,3,0,274,276,35451,15,0,0,15,1
2020-07-12,US,Mississippi,Monroe,461,35,0,33.89236763,-88.4808438,28095.0,1307.7272211505729,7.592190889370933,426,456,35,0,421,439,35564,5,0,0,5,17
2020-07-12,US,Mississippi,Montgomery,179,3,0,33.49419589,-89.61729103,28097.0,1831.2020460358053,1.675977653631285,176,171,3,0,168,151,10023,8,0,0,8,20
2020-07-12,US,Mississippi,Neshoba,1046,77,0,32.75339664,-89.11726492,28099.0,3592.279689539117,7.361376673040152,969,1045,77,0,968,1039,29125,1,0,0,1,6
2020-07-12,US,Mississippi,Newton,376,10,0,32.40021118,-89.11843336,28101.0,1788.94281092397,2.6595744680851063,366,375,10,0,365,367,21443,1,0,0,1,8
2020-07-12,US,Mississippi,Noxubee,279,9,0,33.11009499,-88.56949061,28103.0,2678.314293942594,3.2258064516129035,270,278,8,0,270,277,10535,1,1,0,0,1
2020-07-12,US,Mississippi,Oktibbeha,619,28,0,33.42491685,-88.87905132,28105.0,1248.311049266945,4.523424878836834,591,611,28,0,583,589,49599,8,0,0,8,22
2020-07-12,US,Mississippi,Panola,454,6,0,34.36398677,-89.95064249,28107.0,1327.7959756668224,1.3215859030837005,448,448,6,0,442,432,34178,6,0,0,6,16
2020-07-12,US,Mississippi,Pearl River,303,32,0,30.77090935,-89.58677275,28109.0,545.6018726928963,10.561056105610561,271,288,32,0,256,281,55387,15,0,0,15,7
2020-07-12,US,Mississippi,Perry,91,4,0,31.17161885,-88.99281835,28111.0,760.043431053203,4.395604395604397,87,87,4,0,83,79,11931,4,0,0,4,8
2020-07-12,US,Mississippi,Pike,505,20,0,31.17507789,-90.40392572,28113.0,1285.3797597230707,3.96039603960396,485,499,20,0,479,488,39563,6,0,0,6,11
2020-07-12,US,Mississippi,Pontotoc,355,6,0,34.226046000000004,-89.03636807,28115.0,1103.3753962827127,1.6901408450704225,349,346,6,0,340,339,31833,9,0,0,9,7
2020-07-12,US,Mississippi,Prentiss,127,4,0,34.61810501,-88.51986294,28117.0,505.4525193027144,3.1496062992125986,123,120,4,0,116,117,25315,7,0,0,7,3
2020-07-12,US,Mississippi,Quitman,101,1,0,34.25157572,-90.28908,28119.0,1487.0435806831567,0.99009900990099,100,99,1,0,98,97,7051,2,0,0,2,2
2020-07-12,US,Mississippi,Rankin,1126,19,0,32.26469147,-89.94537876,28121.0,725.1837110600177,1.6873889875666075,1107,1087,15,0,1072,1063,153902,39,4,0,35,24
2020-07-12,US,Mississippi,Scott,824,15,0,32.406704100000006,-89.53789439,28123.0,2929.8819513582707,1.8203883495145632,809,819,15,0,804,809,28287,5,0,0,5,10
2020-07-12,US,Mississippi,Sharkey,48,0,0,32.88149103,-90.81595379999999,28125.0,1110.85396898866,0.0,48,48,0,0,48,47,4377,0,0,0,0,1
2020-07-12,US,Mississippi,Simpson,443,3,0,31.91282117,-89.91716179,28127.0,1661.7900817765774,0.6772009029345373,440,393,3,0,390,384,26758,50,0,0,50,9
2020-07-12,US,Mississippi,Smith,252,12,0,32.01744532,-89.50644846,28129.0,1583.3123900477508,4.761904761904762,240,246,12,0,234,237,16002,6,0,0,6,9
2020-07-12,US,Mississippi,Stone,77,2,0,30.79187949,-89.11547539,28131.0,419.93891797556716,2.5974025974025974,75,74,2,0,72,73,18717,3,0,0,3,1
2020-07-12,US,Mississippi,Sunflower,504,8,0,33.60192578,-90.58882684,28133.0,2007.168458781362,1.5873015873015872,496,477,8,0,469,470,25735,27,0,0,27,7
2020-07-12,US,Mississippi,Tallahatchie,195,4,0,33.95339918,-90.1729398,28135.0,1412.1225287855746,2.051282051282051,191,195,4,0,191,178,13987,0,0,0,0,17
2020-07-12,US,Mississippi,Tate,392,13,0,34.65133709,-89.94485778,28137.0,1384.1319162458954,3.3163265306122454,379,352,13,0,339,333,28759,40,0,0,40,19
2020-07-12,US,Mississippi,Tippah,146,11,0,34.76872156,-88.90988194,28139.0,663.1841925959573,7.534246575342466,135,145,11,0,134,144,21995,1,0,0,1,1
2020-07-12,US,Mississippi,Tishomingo,106,1,0,34.74023475,-88.23917219,28141.0,546.8709694061806,0.9433962264150944,105,97,1,0,96,97,19454,9,0,0,9,0
2020-07-12,US,Mississippi,Tunica,125,3,0,34.64967704,-90.37481167,28143.0,1297.7574750830565,2.4,122,123,3,0,120,121,9944,2,0,0,2,2
2020-07-12,US,Mississippi,Union,254,12,0,34.49162015,-89.00776006,28145.0,881.485337497831,4.724409448818896,242,252,11,0,241,246,28606,2,1,0,1,6
2020-07-12,US,Mississippi,Walthall,270,8,0,31.14971548,-90.10446654,28147.0,1889.9622007559851,2.962962962962963,262,262,7,0,255,249,14465,8,1,0,7,13
2020-07-12,US,Mississippi,Warren,600,21,0,32.35810271,-90.83352619,28149.0,1322.1392212599987,3.5,579,594,21,0,573,577,46176,6,0,0,6,17
2020-07-12,US,Mississippi,Washington,737,13,0,33.28392041,-90.94196237,28151.0,1678.4713839987244,1.7639077340569878,724,722,13,0,709,700,45063,15,0,0,15,22
2020-07-12,US,Mississippi,Wayne,565,19,0,31.64135687,-88.69573913,28153.0,2799.3856215627006,3.3628318584070795,546,562,18,0,544,560,20298,3,1,0,2,2
2020-07-12,US,Mississippi,Webster,134,11,0,33.61300486,-89.28392912,28155.0,1383.01166271029,8.208955223880597,123,134,11,0,123,134,9788,0,0,0,0,0
2020-07-12,US,Mississippi,Wilkinson,98,9,0,31.16078225,-91.31018819,28157.0,1135.5735805330244,9.183673469387756,89,98,9,0,89,96,8792,0,0,0,0,2
2020-07-12,US,Mississippi,Winston,301,11,0,33.08747908,-89.03391385,28159.0,1676.4132553606235,3.6544850498338866,290,295,11,0,284,296,18165,6,0,0,6,-1
2020-07-12,US,Mississippi,Yalobusha,208,9,0,34.02824175,-89.70762049999998,28161.0,1717.8724810042947,4.326923076923077,199,207,9,0,198,202,12392,1,0,0,1,5
2020-07-12,US,Mississippi,Yazoo,560,7,0,32.77890365,-90.39656148,28163.0,1886.156955203772,1.25,553,553,6,0,547,548,28248,7,1,0,6,5
2020-07-12,US,Missouri,Adair,100,0,0,40.19058551,-92.60078167,29001.0,394.5862762893106,0.0,100,100,0,0,100,100,25339,0,0,0,0,0
2020-07-12,US,Missouri,Andrew,55,1,0,39.98492163,-94.80163024,29003.0,310.5239385727191,1.818181818181818,54,55,1,0,54,55,17607,0,0,0,0,0
2020-07-12,US,Missouri,Atchison,6,0,0,40.43238737,-95.42970639,29005.0,116.663426015944,0.0,6,6,0,0,6,6,5171,0,0,0,0,0
2020-07-12,US,Missouri,Audrain,142,1,0,39.215877,-91.84242683,29007.0,559.3193634788089,0.7042253521126759,141,142,1,0,141,142,25473,0,0,0,0,0
2020-07-12,US,Missouri,Barry,96,0,0,36.70978521,-93.82919888,29009.0,268.2388443376457,0.0,96,96,0,0,96,91,35886,0,0,0,0,5
2020-07-12,US,Missouri,Barton,34,0,0,37.50207671,-94.34757022,29011.0,289.2632295388804,0.0,34,33,0,0,33,31,11798,1,0,0,1,2
2020-07-12,US,Missouri,Bates,13,1,0,38.25271289,-94.34113157,29013.0,80.38585209003216,7.6923076923076925,12,13,1,0,12,13,16320,0,0,0,0,0
2020-07-12,US,Missouri,Benton,22,0,0,38.29503305,-93.28756116,29015.0,113.15126266522655,0.0,22,22,0,0,22,22,19278,0,0,0,0,0
2020-07-12,US,Missouri,Bollinger,22,0,0,37.32449052,-90.02725304,29017.0,181.3236627379873,0.0,22,21,0,0,21,21,12169,1,0,0,1,0
2020-07-12,US,Missouri,Boone,570,2,0,38.99186229,-92.30723575,29019.0,315.85421942448033,0.3508771929824561,568,566,2,0,564,534,180005,4,0,0,4,32
2020-07-12,US,Missouri,Buchanan,938,5,0,39.65816401,-94.80138942,29021.0,1073.6687880591548,0.5330490405117271,933,938,5,0,933,938,88571,0,0,0,0,0
2020-07-12,US,Missouri,Butler,117,0,0,36.71462476,-90.40421163,29023.0,275.4366966429681,0.0,117,117,0,0,117,116,42639,0,0,0,0,1
2020-07-12,US,Missouri,Caldwell,15,1,0,39.65620858,-93.98308093,29025.0,166.29711751662973,6.666666666666668,14,15,1,0,14,15,9108,0,0,0,0,0
2020-07-12,US,Missouri,Callaway,63,1,0,38.83674754,-91.92186505,29027.0,140.80414813490378,1.5873015873015872,62,63,1,0,62,63,44889,0,0,0,0,0
2020-07-12,US,Missouri,Camden,85,2,0,38.02199522,-92.76083747,29029.0,183.56548968793868,2.3529411764705883,83,83,2,0,81,78,45815,2,0,0,2,5
2020-07-12,US,Missouri,Cape Girardeau,328,3,0,37.38489388,-89.6843587,29031.0,415.86895056484633,0.9146341463414634,325,329,3,0,326,314,78753,-1,0,0,-1,15
2020-07-12,US,Missouri,Carroll,31,0,0,39.42762566,-93.50626255,29033.0,357.18400737412145,0.0,31,26,0,0,26,25,8743,5,0,0,5,1
2020-07-12,US,Missouri,Carter,7,1,0,36.94160441,-90.96051322,29035.0,117.0177198261451,14.285714285714285,6,7,1,0,6,7,6054,0,0,0,0,0
2020-07-12,US,Missouri,Cass,205,8,0,38.64789422,-94.353399,29037.0,193.79844961240312,3.902439024390244,197,205,8,0,197,195,104954,0,0,0,0,10
2020-07-12,US,Missouri,Cedar,12,0,0,37.72391475,-93.85445441,29039.0,83.62952122099102,0.0,12,12,0,0,12,12,14165,0,0,0,0,0
2020-07-12,US,Missouri,Chariton,6,0,0,39.51499357,-92.9629191,29041.0,80.79719903043363,0.0,6,6,0,0,6,6,7451,0,0,0,0,0
2020-07-12,US,Missouri,Christian,76,1,0,36.9711783,-93.18537118,29043.0,85.78362210057001,1.3157894736842106,75,73,1,0,72,71,86983,3,0,0,3,2
2020-07-12,US,Missouri,Clark,2,0,0,40.41040752,-91.73661677,29045.0,29.424746211563924,0.0,2,2,0,0,2,2,6842,0,0,0,0,0
2020-07-12,US,Missouri,Clay,558,13,0,39.31132056,-94.41850862,29047.0,223.24643525853367,2.3297491039426523,545,557,13,0,544,550,246365,1,0,0,1,7
2020-07-12,US,Missouri,Clinton,33,0,0,39.6013098,-94.40465394,29049.0,161.8678569676755,0.0,33,33,0,0,33,33,20470,0,0,0,0,0
2020-07-12,US,Missouri,Cole,103,2,0,38.50455671,-92.27860244,29051.0,134.2106977653267,1.9417475728155342,101,103,2,0,101,100,76796,0,0,0,0,3
2020-07-12,US,Missouri,Cooper,28,0,0,38.844478,-92.80896081,29053.0,158.11169461855553,0.0,28,28,0,0,28,28,17603,0,0,0,0,0
2020-07-12,US,Missouri,Crawford,22,0,0,37.97663738,-91.30528104,29055.0,91.97324414715722,0.0,22,21,0,0,21,21,23957,1,0,0,1,0
2020-07-12,US,Missouri,Dade,2,0,0,37.431814,-93.8503345,29057.0,26.451527575717503,0.0,2,2,0,0,2,2,7569,0,0,0,0,0
2020-07-12,US,Missouri,Dallas,18,1,0,37.681135499999996,-93.02127031,29059.0,106.6477070742979,5.5555555555555545,17,18,1,0,17,17,16762,0,0,0,0,1
2020-07-12,US,Missouri,Daviess,11,0,0,39.96145298,-93.98519678,29061.0,132.88233872916163,0.0,11,11,0,0,11,11,8313,0,0,0,0,0
2020-07-12,US,Missouri,DeKalb,16,0,0,39.89201062,-94.40476508,29063.0,127.52052283414362,0.0,16,16,0,0,16,16,12630,0,0,0,0,0
2020-07-12,US,Missouri,Dent,5,0,0,37.60663134,-91.50790473,29065.0,32.106851602131904,0.0,5,5,0,0,5,5,15441,0,0,0,0,0
2020-07-12,US,Missouri,Douglas,12,0,0,36.9325593,-92.49905109,29067.0,91.01251422070534,0.0,12,12,0,0,12,11,13373,0,0,0,0,1
2020-07-12,US,Missouri,Dunklin,127,3,0,36.27167174,-90.09122243,29069.0,435.96169029556137,2.3622047244094486,124,127,3,0,124,128,29423,0,0,0,0,-1
2020-07-12,US,Missouri,Franklin,279,18,0,38.41127108,-91.07522826,29071.0,268.35438167880193,6.451612903225807,261,273,18,0,255,264,103670,6,0,0,6,9
2020-07-12,US,Missouri,Gasconade,15,0,0,38.43947277,-91.50847147,29073.0,101.99918400652795,0.0,15,15,0,0,15,14,14705,0,0,0,0,1
2020-07-12,US,Missouri,Gentry,66,9,0,40.21097916,-94.40944419,29075.0,1004.4133313042157,13.636363636363635,57,67,9,0,58,67,6628,-1,0,0,-1,0
2020-07-12,US,Missouri,Greene,435,8,0,37.2575872,-93.34230916,29077.0,148.42060009689988,1.839080459770115,427,431,8,0,423,425,291923,4,0,0,4,6
2020-07-12,US,Missouri,Grundy,21,1,0,40.11406587,-93.56509276,29079.0,213.1979695431472,4.761904761904762,20,21,1,0,20,21,9914,0,0,0,0,0
2020-07-12,US,Missouri,Harrison,28,0,0,40.35570088,-93.99222144,29081.0,335.2490421455939,0.0,28,28,0,0,28,28,8414,0,0,0,0,0
2020-07-12,US,Missouri,Henry,25,3,0,38.38482826,-93.79293734,29083.0,114.55278592375366,12.0,22,25,3,0,22,22,21792,0,0,0,0,3
2020-07-12,US,Missouri,Hickory,1,0,0,37.94163617,-93.3203037,29085.0,10.477787091366304,0.0,1,1,0,0,1,1,9509,0,0,0,0,0
2020-07-12,US,Missouri,Holt,1,0,0,40.09799248,-95.21638879999999,29087.0,22.71178741766977,0.0,1,1,0,0,1,1,4404,0,0,0,0,0
2020-07-12,US,Missouri,Howard,5,0,0,39.1435761,-92.69756691,29089.0,49.99500049995,0.0,5,5,0,0,5,5,10137,0,0,0,0,0
2020-07-12,US,Missouri,Howell,49,0,0,36.77383887,-91.88683935,29091.0,122.14273250741579,0.0,49,49,0,0,49,49,40076,0,0,0,0,0
2020-07-12,US,Missouri,Iron,3,0,0,37.55487945,-90.7735296,29093.0,29.62962962962963,0.0,3,3,0,0,3,3,10177,0,0,0,0,0
2020-07-12,US,Missouri,Jackson,1586,44,0,39.01002188,-94.34724536,29095.0,225.6010218901269,2.7742749054224465,1542,1558,43,0,1515,1543,700307,28,1,0,27,15
2020-07-12,US,Missouri,Jasper,1008,11,0,37.20351921,-94.34050458,29097.0,830.8057497032837,1.0912698412698412,997,985,11,0,974,969,120636,23,0,0,23,16
2020-07-12,US,Missouri,Jefferson,583,22,0,38.25926778,-90.53870896,29099.0,259.0178646798264,3.7735849056603774,561,564,22,0,542,558,224347,19,0,0,19,6
2020-07-12,US,Missouri,Johnson,246,1,0,38.74719601,-93.80691168,29101.0,455.0331101328105,0.4065040650406504,245,236,1,0,235,219,53652,10,0,0,10,17
2020-07-12,US,Missouri,Kansas City,3113,34,0,39.0997,-94.5786,0.0,636.679531151893,1.092194025056216,3079,3086,34,0,3052,3040,491918,27,0,0,27,46
2020-07-12,US,Missouri,Knox,2,0,0,40.12699751,-92.14780832,29103.0,50.51780752715332,0.0,2,2,0,0,2,2,3947,0,0,0,0,0
2020-07-12,US,Missouri,Laclede,87,1,0,37.65896829,-92.5888493,29105.0,243.5405760994317,1.1494252873563218,86,85,1,0,84,84,35713,2,0,0,2,1
2020-07-12,US,Missouri,Lafayette,103,2,0,39.06986886,-93.78076396,29107.0,314.9076678488443,1.9417475728155342,101,102,2,0,100,101,32598,1,0,0,1,1
2020-07-12,US,Missouri,Lawrence,59,1,0,37.10626634,-93.83293097,29109.0,153.8260982922696,1.6949152542372878,58,58,1,0,57,54,38359,1,0,0,1,4
2020-07-12,US,Missouri,Lewis,8,1,0,40.09673161,-91.72070156,29111.0,81.83306055646482,12.5,7,8,1,0,7,8,9855,0,0,0,0,0
2020-07-12,US,Missouri,Lincoln,119,1,0,39.05345619,-90.95588181,29113.0,201.65048379170693,0.8403361344537815,118,112,1,0,111,110,57686,7,0,0,7,2
2020-07-12,US,Missouri,Linn,20,1,0,39.87001769,-93.10704106,29115.0,167.78523489932888,5.0,19,20,1,0,19,20,12037,0,0,0,0,0
2020-07-12,US,Missouri,Livingston,25,0,0,39.78110272,-93.54645978,29117.0,164.18204505155316,0.0,25,25,0,0,25,24,15146,0,0,0,0,1
2020-07-12,US,Missouri,Macon,25,0,0,39.83049768,-92.56453089,29121.0,165.37672818680954,0.0,25,24,0,0,24,20,15153,1,0,0,1,4
2020-07-12,US,Missouri,Madison,7,0,0,37.47865134,-90.34671429999999,29123.0,57.90866975512906,0.0,7,7,0,0,7,7,12188,0,0,0,0,0
2020-07-12,US,Missouri,Maries,7,0,0,38.16193985,-91.92249662,29125.0,80.48752443371278,0.0,7,7,0,0,7,6,8769,0,0,0,0,1
2020-07-12,US,Missouri,Marion,31,0,0,39.80601912,-91.62203062,29127.0,108.65755345250614,0.0,31,31,0,0,31,29,28592,0,0,0,0,2
2020-07-12,US,Missouri,McDonald,707,1,0,36.62869595,-94.34867205,29119.0,3095.8532206506984,0.14144271570014144,706,705,1,0,704,688,23078,2,0,0,2,17
2020-07-12,US,Missouri,Mercer,7,0,0,40.42212303,-93.56829590000001,29129.0,193.53055017970692,0.0,7,7,0,0,7,6,3641,0,0,0,0,1
2020-07-12,US,Missouri,Miller,24,0,0,38.21450288,-92.42610898,29131.0,93.68047152503999,0.0,24,24,0,0,24,23,25336,0,0,0,0,1
2020-07-12,US,Missouri,Mississippi,99,0,0,36.82516239,-89.29505753,29133.0,751.1380880121396,0.0,99,100,0,0,100,98,13336,-1,0,0,-1,2
2020-07-12,US,Missouri,Moniteau,68,1,0,38.63571781,-92.57976951,29135.0,421.5224398710637,1.4705882352941178,67,65,1,0,64,65,16121,3,0,0,3,0
2020-07-12,US,Missouri,Monroe,5,0,0,39.49593978,-92.00043978,29137.0,57.84359093012494,0.0,5,5,0,0,5,5,8664,0,0,0,0,0
2020-07-12,US,Missouri,Montgomery,22,0,0,38.94022054,-91.47000721,29139.0,190.4597004588348,0.0,22,22,0,0,22,23,11534,0,0,0,0,-1
2020-07-12,US,Missouri,Morgan,28,0,0,38.4181765,-92.88791859,29141.0,135.74441266301451,0.0,28,27,0,0,27,27,20358,1,0,0,1,0
2020-07-12,US,Missouri,New Madrid,52,1,0,36.59666326,-89.66070007,29143.0,304.52096509721247,1.9230769230769231,51,51,1,0,50,49,17296,1,0,0,1,2
2020-07-12,US,Missouri,Newton,552,2,0,36.90519407,-94.3394104,29145.0,947.8672985781993,0.3623188405797101,550,550,2,0,548,548,58266,2,0,0,2,2
2020-07-12,US,Missouri,Nodaway,26,0,0,40.36079813,-94.88133008,29147.0,117.68966141589716,0.0,26,26,0,0,26,26,22304,0,0,0,0,0
2020-07-12,US,Missouri,Oregon,9,0,0,36.68710164,-91.4033755,29149.0,85.47820305822016,0.0,9,9,0,0,9,9,10541,0,0,0,0,0
2020-07-12,US,Missouri,Osage,13,0,0,38.46036182,-91.8613635,29151.0,95.48292324641943,0.0,13,13,0,0,13,12,13714,0,0,0,0,1
2020-07-12,US,Missouri,Ozark,2,0,0,36.64916339,-92.44459066,29153.0,21.80074122520166,0.0,2,2,0,0,2,2,9017,0,0,0,0,0
2020-07-12,US,Missouri,Pemiscot,116,6,0,36.2130572,-89.78742322,29155.0,733.9449541284404,5.172413793103448,110,116,6,0,110,116,16272,0,0,0,0,0
2020-07-12,US,Missouri,Perry,170,3,0,37.70660776,-89.82741088,29157.0,888.3779264214047,1.7647058823529411,167,170,3,0,167,168,19150,0,0,0,0,2
2020-07-12,US,Missouri,Pettis,148,1,0,38.72798918,-93.28471706,29159.0,349.55950778242277,0.6756756756756757,147,144,1,0,143,143,42542,4,0,0,4,1
2020-07-12,US,Missouri,Phelps,53,0,0,37.87736118,-91.79351727,29161.0,118.90606420927469,0.0,53,53,0,0,53,53,44732,0,0,0,0,0
2020-07-12,US,Missouri,Pike,40,1,0,39.34310674,-91.16980779,29163.0,218.55534914217026,2.5,39,40,1,0,39,39,18504,0,0,0,0,1
2020-07-12,US,Missouri,Platte,154,6,0,39.38154439,-94.77068479,29165.0,147.48415024229539,3.8961038961038965,148,152,6,0,146,151,102985,2,0,0,2,1
2020-07-12,US,Missouri,Polk,21,0,0,37.616229600000004,-93.39828174,29167.0,65.32084979315064,0.0,21,20,0,0,20,19,32201,1,0,0,1,1
2020-07-12,US,Missouri,Pulaski,143,1,0,37.82462075,-92.20783203,29169.0,271.8269431824662,0.6993006993006993,142,140,1,0,139,137,52014,3,0,0,3,3
2020-07-12,US,Missouri,Putnam,3,0,0,40.47942497,-93.02042674,29171.0,63.884156729131185,0.0,3,3,0,0,3,3,4757,0,0,0,0,0
2020-07-12,US,Missouri,Ralls,10,0,0,39.52817427,-91.51838643,29173.0,97.00261907071491,0.0,10,10,0,0,10,10,10212,0,0,0,0,0
2020-07-12,US,Missouri,Randolph,17,0,0,39.44007257,-92.49713740000001,29175.0,68.69241958946178,0.0,17,17,0,0,17,17,24763,0,0,0,0,0
2020-07-12,US,Missouri,Ray,31,0,0,39.353746799999996,-93.98905745,29177.0,134.67720914067252,0.0,31,30,0,0,30,30,22883,1,0,0,1,0
2020-07-12,US,Missouri,Reynolds,10,0,0,37.36085952,-90.97009925,29179.0,159.48963317384369,0.0,10,6,0,0,6,5,6254,4,0,0,4,1
2020-07-12,US,Missouri,Ripley,20,0,0,36.65460667,-90.85990261,29181.0,150.51173991571343,0.0,20,20,0,0,20,20,13401,0,0,0,0,0
2020-07-12,US,Missouri,Saline,310,5,0,39.13734288,-93.20259964,29195.0,1361.9788234260354,1.6129032258064515,305,309,5,0,304,307,22895,1,0,0,1,2
2020-07-12,US,Missouri,Schuyler,5,0,0,40.46921489,-92.52311943,29197.0,107.2961373390558,0.0,5,5,0,0,5,5,4599,0,0,0,0,0
2020-07-12,US,Missouri,Scotland,11,1,0,40.45214695,-92.14709064,29199.0,224.3982048143615,9.090909090909092,10,11,1,0,10,11,4966,0,0,0,0,0
2020-07-12,US,Missouri,Scott,207,12,0,37.05588075,-89.56474493,29201.0,540.7523510971787,5.797101449275362,195,206,12,0,194,198,38458,1,0,0,1,8
2020-07-12,US,Missouri,Shannon,27,0,0,37.15772072,-91.40190382,29203.0,330.63923585598826,0.0,27,27,0,0,27,24,8189,0,0,0,0,3
2020-07-12,US,Missouri,Shelby,4,0,0,39.79742518,-92.07634971,29205.0,67.45362563237774,0.0,4,5,0,0,5,5,6050,-1,0,0,-1,0
2020-07-12,US,Missouri,St. Charles,1341,75,0,38.77875681,-90.66662425,29183.0,333.5638348150101,5.592841163310962,1266,1315,75,0,1240,1265,399182,26,0,0,26,50
2020-07-12,US,Missouri,St. Clair,5,0,0,38.03699437,-93.77631447,29185.0,53.20847078854954,0.0,5,5,0,0,5,4,9395,0,0,0,0,1
2020-07-12,US,Missouri,St. Francois,165,2,0,37.81214171,-90.47598685,29187.0,245.48091943762557,1.2121212121212122,163,165,2,0,163,163,66692,0,0,0,0,2
2020-07-12,US,Missouri,St. Louis,7809,597,0,38.63770039999999,-90.4458375,29189.0,785.4516925583757,7.645024971187094,7212,7761,597,0,7164,7586,996945,48,0,0,48,175
2020-07-12,US,Missouri,St. Louis City,2946,158,0,38.63555736,-90.24349225,29510.0,980.1181731076332,5.363204344874407,2788,2916,158,0,2758,2884,302838,30,0,0,30,32
2020-07-12,US,Missouri,Ste. Genevieve,24,1,0,37.89090059,-90.1949941,29186.0,134.12316977757908,4.166666666666667,23,24,1,0,23,23,17888,0,0,0,0,1
2020-07-12,US,Missouri,Stoddard,153,9,0,36.85571651,-89.9444155,29207.0,527.1317829457364,5.882352941176472,144,154,9,0,145,153,29206,-1,0,0,-1,1
2020-07-12,US,Missouri,Stone,22,0,0,36.75000327,-93.45256475,29209.0,68.85327991987982,0.0,22,22,0,0,22,22,31749,0,0,0,0,0
2020-07-12,US,Missouri,Sullivan,117,0,0,40.2099105,-93.11150106,29211.0,1921.4977828871736,0.0,117,117,0,0,117,117,6221,0,0,0,0,0
2020-07-12,US,Missouri,Taney,123,3,0,36.65465345,-93.04075153,29213.0,219.92561865255328,2.4390243902439024,120,123,3,0,120,122,55852,0,0,0,0,1
2020-07-12,US,Missouri,Texas,11,0,0,37.31728859,-91.96564727,29215.0,43.31049688951886,0.0,11,11,0,0,11,11,25571,0,0,0,0,0
2020-07-12,US,Missouri,Vernon,32,0,0,37.8457799,-94.34127305,29217.0,155.61931624762923,0.0,32,32,0,0,32,29,20528,0,0,0,0,3
2020-07-12,US,Missouri,Warren,57,0,0,38.76529479,-91.16124662,29219.0,159.8922830934949,0.0,57,57,0,0,57,54,34711,0,0,0,0,3
2020-07-12,US,Missouri,Washington,26,1,0,37.96130078,-90.87948158,29221.0,105.13546300040436,3.8461538461538463,25,26,1,0,25,26,24943,0,0,0,0,0
2020-07-12,US,Missouri,Wayne,5,0,0,37.11303869,-90.46001416,29223.0,38.84098500737978,0.0,5,5,0,0,5,5,13122,0,0,0,0,0
2020-07-12,US,Missouri,Webster,51,1,0,37.2813734,-92.876329,29225.0,128.8139017983431,1.96078431372549,50,51,1,0,50,50,39109,0,0,0,0,1
2020-07-12,US,Missouri,Worth,4,0,0,40.47945588,-94.42328751,29227.0,198.7083954297069,0.0,4,4,0,0,4,4,2040,0,0,0,0,0
2020-07-12,US,Missouri,Wright,38,0,0,37.27029221,-92.46914488,29229.0,207.7751653999672,0.0,38,36,0,0,36,36,18378,2,0,0,2,0
2020-07-12,US,Montana,Beaverhead,5,0,0,45.13434354,-112.8984694,30001.0,52.89326139849785,0.0,5,3,0,0,3,3,9404,2,0,0,2,0
2020-07-12,US,Montana,Big Horn,115,4,0,45.42335905,-107.492347,30003.0,863.4281852991968,3.4782608695652173,111,111,4,0,107,107,13338,4,0,0,4,4
2020-07-12,US,Montana,Broadwater,9,0,0,46.33277565,-111.4955813,30007.0,144.3001443001443,0.0,9,7,0,0,7,6,6085,2,0,0,2,1
2020-07-12,US,Montana,Carbon,34,0,0,45.22850116,-109.0274047,30009.0,317.0163170163172,0.0,34,32,0,0,32,31,10714,2,0,0,2,1
2020-07-12,US,Montana,Cascade,48,2,0,47.30797024,-111.3467922,30013.0,58.992699653417894,4.166666666666667,46,47,2,0,45,43,81643,1,0,0,1,4
2020-07-12,US,Montana,Custer,38,0,0,46.25319932,-105.57375259999998,30017.0,333.27486405893706,0.0,38,38,0,0,38,34,11586,0,0,0,0,4
2020-07-12,US,Montana,Dawson,8,0,0,47.26584855,-104.89444170000002,30021.0,92.88285150354116,0.0,8,8,0,0,8,8,8680,0,0,0,0,0
2020-07-12,US,Montana,Deer Lodge,6,0,0,46.05953325,-113.073353,30023.0,65.64551422319475,0.0,6,6,0,0,6,4,9131,0,0,0,0,2
2020-07-12,US,Montana,Fallon,1,0,0,46.33478338,-104.4183565,30025.0,35.137034434293746,0.0,1,,,,,,2920,,,,,
2020-07-12,US,Montana,Fergus,2,0,0,47.26331584,-109.2245206,30027.0,18.099547511312217,0.0,2,2,0,0,2,2,11113,0,0,0,0,0
2020-07-12,US,Montana,Flathead,66,2,0,48.29575866,-114.0520569,30029.0,63.580139876307726,3.0303030303030303,64,67,2,0,65,64,102106,-1,0,0,-1,3
2020-07-12,US,Montana,Gallatin,403,1,0,45.54486106,-111.1692571,30031.0,352.16806193963333,0.2481389578163772,402,404,1,0,403,373,111876,-1,0,0,-1,31
2020-07-12,US,Montana,Glacier,28,0,0,48.70513576,-112.9934235,30035.0,203.59194357594703,0.0,28,28,0,0,28,27,13747,0,0,0,0,1
2020-07-12,US,Montana,Golden Valley,3,0,0,46.3816474,-109.1768522,30037.0,365.4080389768576,0.0,3,3,0,0,3,3,826,0,0,0,0,0
2020-07-12,US,Montana,Granite,6,0,0,46.40605220000001,-113.4414186,30039.0,177.56732761171943,0.0,6,6,0,0,6,5,3378,0,0,0,0,1
2020-07-12,US,Montana,Hill,13,0,0,48.62879827,-110.1129252,30041.0,78.86435331230285,0.0,13,13,0,0,13,13,16347,0,0,0,0,0
2020-07-12,US,Montana,Jefferson,10,0,0,46.14907081,-112.094396,30043.0,81.82636445462728,0.0,10,6,0,0,6,6,12097,4,0,0,4,0
2020-07-12,US,Montana,Lake,51,0,0,47.64514965,-114.0898013,30047.0,167.44369295423206,0.0,51,48,0,0,48,40,30250,3,0,0,3,8
2020-07-12,US,Montana,Lewis and Clark,46,0,0,47.12610041,-112.394698,30049.0,66.25187233552253,0.0,46,45,0,0,45,41,68700,1,0,0,1,4
2020-07-12,US,Montana,Liberty,1,0,0,48.56084317,-111.024307,30051.0,42.78990158322636,0.0,1,1,0,0,1,1,2430,0,0,0,0,0
2020-07-12,US,Montana,Lincoln,14,1,0,48.54265777,-115.4046155,30053.0,70.07007007007006,7.142857142857142,13,13,1,0,12,12,19794,1,0,0,1,1
2020-07-12,US,Montana,Madison,29,1,0,45.30080065,-111.9173017,30057.0,337.20930232558135,3.4482758620689653,28,29,1,0,28,25,8768,0,0,0,0,4
2020-07-12,US,Montana,Meagher,4,0,0,46.59907074,-110.8898557,30059.0,214.8227712137487,0.0,4,4,0,0,4,4,1866,0,0,0,0,0
2020-07-12,US,Montana,Missoula,124,1,0,47.03728583,-113.92135079999998,30063.0,103.67892976588628,0.8064516129032258,123,123,1,0,122,123,118791,1,0,0,1,0
2020-07-12,US,Montana,Musselshell,1,0,0,46.49684637,-108.39498,30065.0,21.58428663932657,0.0,1,1,0,0,1,1,4651,0,0,0,0,0
2020-07-12,US,Montana,Park,17,0,0,45.48965095,-110.52643940000002,30067.0,102.37263639648322,0.0,17,16,0,0,16,16,16736,1,0,0,1,0
2020-07-12,US,Montana,Pondera,2,0,0,48.22773388,-112.2252703,30073.0,33.83522246658772,0.0,2,2,0,0,2,2,5972,0,0,0,0,0
2020-07-12,US,Montana,Ravalli,44,1,0,46.08520862,-114.11891640000002,30081.0,100.44286170844177,2.272727272727273,43,42,1,0,41,38,43172,2,0,0,2,4
2020-07-12,US,Montana,Richland,30,0,0,47.78668011,-104.5610786,30083.0,277.700638711469,0.0,30,28,0,0,28,28,10913,2,0,0,2,0
2020-07-12,US,Montana,Roosevelt,10,0,0,48.29607488,-105.0079268,30085.0,90.87604507451836,0.0,10,10,0,0,10,8,11059,0,0,0,0,2
2020-07-12,US,Montana,Rosebud,12,1,0,46.23397237,-106.72928799999998,30087.0,134.2732460557234,8.333333333333334,11,12,1,0,11,12,9063,0,0,0,0,0
2020-07-12,US,Montana,Sheridan,1,0,0,48.72085833,-104.503829,30091.0,30.22061045633122,0.0,1,1,0,0,1,1,3424,0,0,0,0,0
2020-07-12,US,Montana,Silver Bow,25,0,0,45.90018933,-112.6620092,30093.0,71.60246312473149,0.0,25,24,0,0,24,22,34993,1,0,0,1,2
2020-07-12,US,Montana,Stillwater,9,0,0,45.67071407,-109.3950061,30095.0,93.34163036714376,0.0,9,9,0,0,9,8,9534,0,0,0,0,1
2020-07-12,US,Montana,Teton,15,0,0,47.83741052,-112.2410688,30099.0,244.0214738897023,0.0,15,14,0,0,14,12,6162,1,0,0,1,2
2020-07-12,US,Montana,Toole,31,6,0,48.65577551,-111.6942414,30101.0,654.5608108108107,19.354838709677423,25,31,6,0,25,31,4853,0,0,0,0,0
2020-07-12,US,Montana,Treasure,2,0,0,46.20973220000001,-107.2666516,30103.0,287.3563218390805,0.0,2,2,0,0,2,2,679,0,0,0,0,0
2020-07-12,US,Montana,Valley,4,0,0,48.36435097,-106.6669635,30105.0,54.08328826392645,0.0,4,4,0,0,4,4,7437,0,0,0,0,0
2020-07-12,US,Montana,Wheatland,2,0,0,46.46652491,-109.8464636,30107.0,94.07337723424273,0.0,2,2,0,0,2,2,2236,0,0,0,0,0
2020-07-12,US,Montana,Yellowstone,489,9,0,45.93955949,-108.2691486,30111.0,303.1618102913825,1.8404907975460123,480,435,9,0,426,431,160137,54,0,0,54,4
2020-07-12,US,Nebraska,Adams,312,11,0,40.52449420000001,-98.50117804,31001.0,994.80279310015,3.525641025641025,301,312,11,0,301,309,31511,0,0,0,0,3
2020-07-12,US,Nebraska,Antelope,15,1,0,42.17695516,-98.0666283,31003.0,238.17084788821842,6.666666666666668,14,12,1,0,11,11,6336,3,0,0,3,1
2020-07-12,US,Nebraska,Banner,2,0,0,41.54634427,-103.7114332,31007.0,268.4563758389262,0.0,2,2,0,0,2,2,730,0,0,0,0,0
2020-07-12,US,Nebraska,Boone,7,0,0,41.70759415,-98.06737183,31011.0,134.82280431432974,0.0,7,7,0,0,7,7,5239,0,0,0,0,0
2020-07-12,US,Nebraska,Box Butte,4,0,0,42.22079243,-103.0878834,31013.0,37.095427988500425,0.0,4,4,0,0,4,4,10772,0,0,0,0,0
2020-07-12,US,Nebraska,Boyd,1,0,0,42.8997274,-98.76486568,31015.0,52.110474205315285,0.0,1,1,0,0,1,1,1955,0,0,0,0,0
2020-07-12,US,Nebraska,Buffalo,212,1,0,40.85486962,-99.07500296,31019.0,426.9115366801587,0.4716981132075472,211,206,1,0,205,205,49615,6,0,0,6,1
2020-07-12,US,Nebraska,Burt,14,0,0,41.85056773,-96.32605633,31021.0,216.75181916705367,0.0,14,14,0,0,14,14,6488,0,0,0,0,0
2020-07-12,US,Nebraska,Butler,52,0,0,41.22703692,-97.13106306,31023.0,648.7025948103793,0.0,52,51,0,0,51,51,8058,1,0,0,1,0
2020-07-12,US,Nebraska,Cass,86,1,0,40.90899107,-96.13971217,31025.0,327.64401097226454,1.162790697674419,85,84,1,0,83,80,26159,2,0,0,2,4
2020-07-12,US,Nebraska,Cedar,19,0,0,42.5988851,-97.25311951,31027.0,226.13663413472983,0.0,19,19,0,0,19,19,8446,0,0,0,0,0
2020-07-12,US,Nebraska,Chase,1,0,0,40.5237198,-101.6978026,31029.0,25.4841997961264,0.0,1,1,0,0,1,1,3977,0,0,0,0,0
2020-07-12,US,Nebraska,Cherry,3,0,0,42.54502621,-101.1244332,31031.0,52.73334505185446,0.0,3,3,0,0,3,2,5761,0,0,0,0,1
2020-07-12,US,Nebraska,Cheyenne,21,0,0,41.21999357,-102.9941693,31033.0,235.69023569023568,0.0,21,20,0,0,20,20,9310,1,0,0,1,0
2020-07-12,US,Nebraska,Clay,29,0,0,40.52439441,-98.05126296,31035.0,467.5157182008706,0.0,29,29,0,0,29,28,6214,0,0,0,0,1
2020-07-12,US,Nebraska,Colfax,678,4,0,41.57486951,-97.0868542,31037.0,6331.1233541880665,0.5899705014749262,674,678,4,0,674,676,10881,0,0,0,0,2
2020-07-12,US,Nebraska,Cuming,38,0,0,41.91637624,-96.78730772,31039.0,429.5726882206648,0.0,38,38,0,0,38,38,8940,0,0,0,0,0
2020-07-12,US,Nebraska,Custer,40,4,0,41.39374521,-99.72805369,31041.0,371.16080541894775,10.0,36,40,4,0,36,40,10840,0,0,0,0,0
2020-07-12,US,Nebraska,Dakota,1790,36,0,42.39040144,-96.56656425,31043.0,8938.38010586238,2.011173184357542,1754,1786,36,0,1750,1783,20083,4,0,0,4,3
2020-07-12,US,Nebraska,Dawes,4,0,0,42.71985036,-103.1313774,31045.0,46.57119571545,0.0,4,4,0,0,4,4,8716,0,0,0,0,0
2020-07-12,US,Nebraska,Dawson,877,8,0,40.87028216,-99.8201461,31047.0,3716.889171434626,0.9122006841505133,869,870,8,0,862,870,23709,7,0,0,7,0
2020-07-12,US,Nebraska,Dixon,53,2,0,42.49188363,-96.86782408,31051.0,940.3832505322923,3.7735849056603774,51,52,2,0,50,52,5709,1,0,0,1,0
2020-07-12,US,Nebraska,Dodge,709,8,0,41.58071748,-96.65598179,31053.0,1939.0127170791736,1.1283497884344147,701,709,8,0,701,708,36791,0,0,0,0,1
2020-07-12,US,Nebraska,Douglas,8024,97,0,41.29518299,-96.15085305,31055.0,1404.4496409236742,1.2088733798604188,7927,7954,97,0,7857,7864,566880,70,0,0,70,90
2020-07-12,US,Nebraska,Fillmore,18,1,0,40.52458567,-97.59646937,31059.0,329.5496155254485,5.5555555555555545,17,18,1,0,17,18,5527,0,0,0,0,0
2020-07-12,US,Nebraska,Franklin,8,0,0,40.17636348,-98.95299073,31061.0,268.5464921114468,0.0,8,8,0,0,8,8,3023,0,0,0,0,0
2020-07-12,US,Nebraska,Frontier,2,0,0,40.52993007,-100.3924658,31063.0,76.13247049866769,0.0,2,2,0,0,2,1,2608,0,0,0,0,1
2020-07-12,US,Nebraska,Furnas,10,1,0,40.17642064,-99.91247454,31065.0,213.85799828913602,10.0,9,10,1,0,9,10,4715,0,0,0,0,0
2020-07-12,US,Nebraska,Gage,63,3,0,40.26186809,-96.68946704,31067.0,292.84618602705336,4.761904761904762,60,62,3,0,59,61,21493,1,0,0,1,1
2020-07-12,US,Nebraska,Garden,4,0,0,41.61703149,-102.3313973,31069.0,217.74632553075668,0.0,4,4,0,0,4,4,1897,0,0,0,0,0
2020-07-12,US,Nebraska,Garfield,3,0,0,41.91428955,-98.99111827,31071.0,152.36160487557137,0.0,3,2,0,0,2,2,1987,1,0,0,1,0
2020-07-12,US,Nebraska,Gosper,13,0,0,40.51481965,-99.83020279,31073.0,653.2663316582915,0.0,13,13,0,0,13,13,1996,0,0,0,0,0
2020-07-12,US,Nebraska,Greeley,5,0,0,41.56742671,-98.52150266,31077.0,212.22410865874363,0.0,5,5,0,0,5,5,2356,0,0,0,0,0
2020-07-12,US,Nebraska,Hall,1620,47,0,40.87257079,-98.50218293,31079.0,2640.457679331084,2.9012345679012346,1573,1615,47,0,1568,1611,61607,5,0,0,5,4
2020-07-12,US,Nebraska,Hamilton,69,12,0,40.87349452,-98.02099117,31081.0,740.0257400257401,17.391304347826086,57,69,12,0,57,69,9280,0,0,0,0,0
2020-07-12,US,Nebraska,Harlan,1,0,0,40.17658508,-99.40438879,31083.0,29.58579881656805,0.0,1,1,0,0,1,1,3401,0,0,0,0,0
2020-07-12,US,Nebraska,Hitchcock,1,0,0,40.17609175,-101.0416477,31087.0,36.205648081100655,0.0,1,1,0,0,1,1,2806,0,0,0,0,0
2020-07-12,US,Nebraska,Holt,4,0,0,42.45522056,-98.78402558,31089.0,39.73378364954803,0.0,4,4,0,0,4,4,10178,0,0,0,0,0
2020-07-12,US,Nebraska,Hooker,2,0,0,41.91586243,-101.1354293,31091.0,293.2551319648094,0.0,2,2,0,0,2,2,682,0,0,0,0,0
2020-07-12,US,Nebraska,Howard,47,4,0,41.2200529,-98.5166499,31093.0,729.2474786656323,8.51063829787234,43,47,4,0,43,47,6468,0,0,0,0,0
2020-07-12,US,Nebraska,Jefferson,11,0,0,40.17584531,-97.142601,31095.0,156.11694578484247,0.0,11,11,0,0,11,10,7097,0,0,0,0,1
2020-07-12,US,Nebraska,Johnson,7,0,0,40.39257596,-96.26522753,31097.0,138.03983435219877,0.0,7,8,0,0,8,7,5134,-1,0,0,-1,1
2020-07-12,US,Nebraska,Kearney,18,0,0,40.50663314,-98.94877182,31099.0,277.1362586605081,0.0,18,18,0,0,18,18,6544,0,0,0,0,0
2020-07-12,US,Nebraska,Keith,4,0,0,41.19930341,-101.6620164,31101.0,49.78839930296241,0.0,4,4,0,0,4,4,8021,0,0,0,0,0
2020-07-12,US,Nebraska,Kimball,12,0,0,41.19774275,-103.7148131,31105.0,330.3964757709251,0.0,12,11,0,0,11,11,3618,1,0,0,1,0
2020-07-12,US,Nebraska,Knox,25,0,0,42.63758421,-97.89178836,31107.0,300.04800768122897,0.0,25,25,0,0,25,25,8419,0,0,0,0,0
2020-07-12,US,Nebraska,Lancaster,2114,13,0,40.78416049,-96.68777155,31109.0,662.5090099971795,0.6149479659413434,2101,2076,13,0,2063,2019,317272,38,0,0,38,57
2020-07-12,US,Nebraska,Lincoln,66,2,0,41.04658298,-100.7475374,31111.0,189.0359168241966,3.0303030303030303,64,66,2,0,64,66,35185,0,0,0,0,0
2020-07-12,US,Nebraska,Madison,384,4,0,41.91676024,-97.6005481,31119.0,1094.0482634832902,1.0416666666666667,380,382,4,0,378,381,35392,2,0,0,2,1
2020-07-12,US,Nebraska,McPherson,3,0,0,41.56797682,-101.0599362,31117.0,607.2874493927128,0.0,3,3,0,0,3,3,492,0,0,0,0,0
2020-07-12,US,Nebraska,Merrick,39,0,0,41.16624273,-98.0374887,31121.0,502.9013539651838,0.0,39,39,0,0,39,39,7733,0,0,0,0,0
2020-07-12,US,Nebraska,Morrill,52,0,0,41.71711774,-103.0061405,31123.0,1120.2068074105991,0.0,52,52,0,0,52,52,4686,0,0,0,0,0
2020-07-12,US,Nebraska,Nance,6,0,0,41.39750195,-97.99327291,31125.0,170.50298380221653,0.0,6,6,0,0,6,5,3532,0,0,0,0,1
2020-07-12,US,Nebraska,Nemaha,5,0,0,40.38514847,-95.85433992,31127.0,71.7154331612163,0.0,5,5,0,0,5,5,6958,0,0,0,0,0
2020-07-12,US,Nebraska,Nuckolls,2,0,0,40.17637905,-98.04743961,31129.0,48.21600771456124,0.0,2,1,0,0,1,1,4195,1,0,0,1,0
2020-07-12,US,Nebraska,Otoe,27,0,0,40.64843556,-96.13374142,31131.0,168.62353235073695,0.0,27,28,0,0,28,27,15985,-1,0,0,-1,1
2020-07-12,US,Nebraska,Pawnee,1,0,0,40.13141096,-96.23705437,31133.0,38.270187523918864,0.0,1,1,0,0,1,,2632,0,0,0,0,
2020-07-12,US,Nebraska,Phelps,27,0,0,40.51156033,-99.41461667,31137.0,298.87093203453617,0.0,27,27,0,0,27,27,8996,0,0,0,0,0
2020-07-12,US,Nebraska,Pierce,10,0,0,42.26434853,-97.60122773,31139.0,139.89927252378288,0.0,10,11,0,0,11,11,7142,-1,0,0,-1,0
2020-07-12,US,Nebraska,Platte,692,3,0,41.57246836,-97.52144359,31141.0,2067.5231550642366,0.4335260115606937,689,688,3,0,685,684,33363,4,0,0,4,4
2020-07-12,US,Nebraska,Polk,13,0,0,41.18813488,-97.56630712,31143.0,249.37655860349128,0.0,13,13,0,0,13,13,5278,0,0,0,0,0
2020-07-12,US,Nebraska,Red Willow,8,0,0,40.17556879999999,-100.476998,31145.0,74.59903021260723,0.0,8,8,0,0,8,8,10726,0,0,0,0,0
2020-07-12,US,Nebraska,Richardson,9,1,0,40.1247415,-95.71755036,31147.0,114.43102352193262,11.111111111111109,8,8,1,0,7,6,7937,1,0,0,1,2
2020-07-12,US,Nebraska,Rock,2,0,0,42.42252217,-99.44832069,31149.0,147.38393515106853,0.0,2,2,0,0,2,2,1360,0,0,0,0,0
2020-07-12,US,Nebraska,Saline,546,2,0,40.52418865,-97.14085859,31151.0,3838.582677165354,0.3663003663003663,544,546,2,0,544,545,14350,0,0,0,0,1
2020-07-12,US,Nebraska,Sarpy,1348,8,0,41.11314181,-96.11156432,31153.0,720.1008568559157,0.5934718100890207,1340,1335,8,0,1327,1311,184459,13,0,0,13,24
2020-07-12,US,Nebraska,Saunders,89,2,0,41.2278103,-96.63773905,31155.0,412.4571322643433,2.247191011235955,87,89,2,0,87,86,21303,0,0,0,0,3
2020-07-12,US,Nebraska,Scotts Bluff,241,5,0,41.85070896,-103.7080986,31157.0,676.6241787860072,2.074688796680498,236,241,5,0,236,235,35989,0,0,0,0,6
2020-07-12,US,Nebraska,Seward,48,1,0,40.87241834,-97.139673,31159.0,277.713492247165,2.083333333333333,47,47,1,0,46,47,17318,1,0,0,1,0
2020-07-12,US,Nebraska,Sheridan,8,0,0,42.50284406,-102.4126613,31161.0,152.49714067861228,0.0,8,8,0,0,8,8,5190,0,0,0,0,0
2020-07-12,US,Nebraska,Sherman,5,0,0,41.22045983,-98.97588642,31163.0,166.61112962345885,0.0,5,5,0,0,5,5,3038,0,0,0,0,0
2020-07-12,US,Nebraska,Sioux,6,0,0,42.48932059,-103.7576544,31165.0,514.5797598627787,0.0,6,6,0,0,6,6,1187,0,0,0,0,0
2020-07-12,US,Nebraska,Stanton,21,0,0,41.9169835,-97.19394708,31167.0,354.72972972972974,0.0,21,21,0,0,21,21,5970,0,0,0,0,0
2020-07-12,US,Nebraska,Thayer,9,0,0,40.17626377,-97.59504381,31169.0,179.8920647611433,0.0,9,9,0,0,9,7,5039,0,0,0,0,2
2020-07-12,US,Nebraska,Thomas,1,0,0,41.91358968,-100.5556632,31171.0,138.50415512465375,0.0,1,1,0,0,1,1,720,0,0,0,0,0
2020-07-12,US,Nebraska,Thurston,179,1,0,42.15725356,-96.54157099,31173.0,2477.8516057585825,0.5586592178770949,178,169,1,0,168,169,7303,10,0,0,10,0
2020-07-12,US,Nebraska,Unassigned,116,1,0,0.0,0.0,90031.0,0.0,0.8620689655172413,115,114,1,0,113,116,,2,0,0,2,-2
2020-07-12,US,Nebraska,Valley,8,0,0,41.56730777,-98.98197724,31175.0,192.40019240019242,0.0,8,8,0,0,8,8,4190,0,0,0,0,0
2020-07-12,US,Nebraska,Washington,58,1,0,41.52815707,-96.22019892,31177.0,279.8012446331227,1.7241379310344829,57,58,1,0,57,56,20667,0,0,0,0,2
2020-07-12,US,Nebraska,Wayne,32,0,0,42.20934475,-97.11926964,31179.0,340.96963239211516,0.0,32,31,0,0,31,30,9403,1,0,0,1,1
2020-07-12,US,Nebraska,Webster,7,0,0,40.17642643,-98.50019851,31181.0,200.7456266131345,0.0,7,7,0,0,7,7,3533,0,0,0,0,0
2020-07-12,US,Nebraska,York,52,0,0,40.87272618,-97.59710186,31185.0,380.14474742305725,0.0,52,51,0,0,51,49,13772,1,0,0,1,2
2020-07-12,US,Nevada,Carson City,213,6,0,39.15509045,-119.7480219,32510.0,380.9285356606338,2.8169014084507036,207,208,6,0,202,200,55414,5,0,0,5,8
2020-07-12,US,Nevada,Churchill,27,1,0,39.58105744,-118.3394607,32001.0,108.39455618451164,3.703703703703704,26,24,1,0,23,26,24440,3,0,0,3,-2
2020-07-12,US,Nevada,Clark,23048,483,0,36.21458855,-115.0130241,32003.0,1016.8018476076613,2.095626518569941,22565,22286,483,0,21803,21449,2231647,762,0,0,762,837
2020-07-12,US,Nevada,Douglas,86,0,0,38.912862,-119.6171333,32005.0,175.85113996523873,0.0,86,84,0,0,84,82,48467,2,0,0,2,2
2020-07-12,US,Nevada,Elko,244,1,0,41.14531606,-115.3577619,32007.0,462.31384288908265,0.4098360655737705,243,240,1,0,239,213,52460,4,0,0,4,27
2020-07-12,US,Nevada,Eureka,1,0,0,39.98100864,-116.2683204,32011.0,49.28536224741252,0.0,1,1,0,0,1,1,2003,0,0,0,0,0
2020-07-12,US,Nevada,Humboldt,90,4,0,41.40692186,-118.1109427,32013.0,534.7275860020201,4.4444444444444455,86,90,4,0,86,90,16786,0,0,0,0,0
2020-07-12,US,Nevada,Lander,43,0,0,39.9332233,-117.0397075,32015.0,777.295733911786,0.0,43,43,0,0,43,40,5575,0,0,0,0,3
2020-07-12,US,Nevada,Lincoln,2,0,0,37.64268459,-114.8790388,32017.0,38.58769052672198,0.0,2,2,0,0,2,2,5201,0,0,0,0,0
2020-07-12,US,Nevada,Lyon,142,2,0,39.01777974,-119.1870479,32019.0,246.9135802469136,1.4084507042253518,140,140,2,0,138,140,55808,2,0,0,2,0
2020-07-12,US,Nevada,Mineral,6,0,0,38.53841696,-118.4344506,32021.0,133.18534961154273,0.0,6,6,0,0,6,6,4514,0,0,0,0,0
2020-07-12,US,Nevada,Nye,186,3,0,38.04264256,-116.4722702,32023.0,399.8022483502784,1.6129032258064515,183,186,3,0,183,182,45346,0,0,0,0,4
2020-07-12,US,Nevada,Pershing,12,0,0,40.44003782,-118.40056409999998,32027.0,178.43866171003717,0.0,12,12,0,0,12,10,6666,0,0,0,0,2
2020-07-12,US,Nevada,Storey,2,0,0,39.44875482,-119.5250207,32029.0,48.508367693427104,0.0,2,2,0,0,2,2,4029,0,0,0,0,0
2020-07-12,US,Nevada,Washoe,3574,93,0,40.66562265,-119.6631594,32031.0,757.9758185778304,2.602126468942361,3481,3507,92,0,3415,3459,465735,67,1,0,66,48
2020-07-12,US,Nevada,White Pine,7,0,0,39.44157041,-114.899966,32033.0,73.06889352818372,0.0,7,7,0,0,7,6,9475,0,0,0,0,1
2020-07-12,US,New Hampshire,Belknap,90,3,0,43.51637314,-71.41684235,33001.0,146.81173841410697,3.333333333333333,87,90,3,0,87,88,61022,0,0,0,0,2
2020-07-12,US,New Hampshire,Carroll,67,0,0,43.87498583,-71.20430216,33003.0,136.98630136986299,0.0,67,66,0,0,66,66,48779,1,0,0,1,0
2020-07-12,US,New Hampshire,Cheshire,76,2,0,42.92015988,-72.25311043,33005.0,99.88828284155878,2.631578947368421,74,75,2,0,73,75,76493,1,0,0,1,0
2020-07-12,US,New Hampshire,Coos,11,0,0,44.69063265,-71.30633239,33007.0,34.85093305452587,0.0,11,11,0,0,11,9,31589,0,0,0,0,2
2020-07-12,US,New Hampshire,Grafton,91,1,0,43.93779815,-71.82057197,33009.0,101.23934761809404,1.0989010989010992,90,91,1,0,90,90,89786,0,0,0,0,1
2020-07-12,US,New Hampshire,Hillsborough,3427,260,0,42.91537785,-71.7200253,33011.0,821.7732749835143,7.5868106215348705,3167,3410,260,0,3150,3391,415247,17,0,0,17,19
2020-07-12,US,New Hampshire,Merrimack,427,19,0,43.29662971,-71.6811573,33013.0,282.0511126817313,4.4496487119437935,408,425,19,0,406,423,151132,2,0,0,2,2
2020-07-12,US,New Hampshire,Rockingham,1523,92,0,42.98499744,-71.12883377,33015.0,491.65668611126364,6.040709126723572,1431,1520,92,0,1428,1514,309176,3,0,0,3,6
2020-07-12,US,New Hampshire,Strafford,301,13,0,43.291833,-71.02336013,33017.0,230.416510376398,4.318936877076412,288,299,13,0,286,298,130090,2,0,0,2,1
2020-07-12,US,New Hampshire,Sullivan,35,1,0,43.36094111,-72.22203125,33019.0,81.11991841653919,2.8571428571428568,34,35,1,0,34,35,43144,0,0,0,0,0
2020-07-12,US,New Hampshire,Unassigned,6,0,0,0.0,0.0,90033.0,0.0,0.0,6,2,0,0,2,2,,4,0,0,4,0
2020-07-12,US,New Jersey,Atlantic,3015,232,0,39.47538693,-74.65848483,34001.0,1143.4747980430086,7.694859038142621,2783,3001,232,0,2769,2987,265429,14,0,0,14,14
2020-07-12,US,New Jersey,Bergen,19871,2028,0,40.96010917,-74.07164325,34003.0,2131.6195416873165,10.205827587942228,17843,19847,2028,0,17819,19827,936692,24,0,0,24,20
2020-07-12,US,New Jersey,Burlington,5375,447,0,39.87681124,-74.66927768,34005.0,1206.9186188809226,8.316279069767441,4928,5360,447,0,4913,5332,445384,15,0,0,15,28
2020-07-12,US,New Jersey,Camden,7692,546,0,39.80343818,-74.96388753,34007.0,1518.7444098477506,7.098283931357254,7146,7670,546,0,7124,7631,507078,22,0,0,22,39
2020-07-12,US,New Jersey,Cape May,732,77,0,39.15008829,-74.80170244,34009.0,795.3150294983649,10.519125683060107,655,732,77,0,655,726,92560,0,0,0,0,6
2020-07-12,US,New Jersey,Cumberland,3051,149,0,39.37199394,-75.10712559,34011.0,2040.434169079832,4.883644706653556,2902,3046,149,0,2897,3043,150972,5,0,0,5,3
2020-07-12,US,New Jersey,Essex,19008,2070,0,40.78681335,-74.24657979,34013.0,2379.048155449169,10.890151515151516,16938,18988,2070,0,16918,18954,799767,20,0,0,20,34
2020-07-12,US,New Jersey,Gloucester,2758,193,0,39.71581067,-75.13995546,34015.0,945.6994335404406,6.9978245105148655,2565,2739,193,0,2546,2712,291408,19,0,0,19,27
2020-07-12,US,New Jersey,Hudson,19121,1482,0,40.73766234,-74.07515667,34017.0,2843.7322926689976,7.75064065686941,17639,19089,1482,0,17607,19056,676061,32,0,0,32,33
2020-07-12,US,New Jersey,Hunterdon,1094,125,0,40.56335249,-74.91284156,34019.0,879.6262794381328,11.425959780621572,969,1094,125,0,969,1096,124714,0,0,0,0,-2
2020-07-12,US,New Jersey,Mercer,7789,600,0,40.28047017,-74.70479631,34021.0,2119.859565087228,7.703171138785469,7189,7778,600,0,7178,7773,369811,11,0,0,11,5
2020-07-12,US,New Jersey,Middlesex,17035,1375,0,40.43629879,-74.41426991,34023.0,2064.6933200171625,8.071617258585265,15660,17020,1375,0,15645,17005,829685,15,0,0,15,15
2020-07-12,US,New Jersey,Monmouth,9482,834,0,40.26549699,-74.22240686,34025.0,1532.3330020442959,8.795612739928286,8648,9437,834,0,8603,9404,621354,45,0,0,45,33
2020-07-12,US,New Jersey,Morris,6902,818,0,40.86095313,-74.54553709999998,34027.0,1403.287621100143,11.85163720660678,6084,6887,818,0,6069,6875,494228,15,0,0,15,12
2020-07-12,US,New Jersey,Ocean,9820,997,0,39.8895449,-74.28089251,34029.0,1617.2968414950278,10.152749490835033,8823,9804,997,0,8807,9781,601651,16,0,0,16,23
2020-07-12,US,New Jersey,Passaic,17064,1219,0,41.03238628,-74.29954144,34031.0,3400.3818056457812,7.143694327238631,15845,17050,1219,0,15831,17030,503310,14,0,0,14,20
2020-07-12,US,New Jersey,Salem,815,78,0,39.58719656,-75.34696629999998,34033.0,1306.4037829606475,9.570552147239264,737,813,78,0,735,812,62607,2,0,0,2,1
2020-07-12,US,New Jersey,Somerset,5014,551,0,40.56465737,-74.61683016,34035.0,1524.3179482814182,10.989230155564421,4463,4998,551,0,4447,4974,331164,16,0,0,16,24
2020-07-12,US,New Jersey,Sussex,1229,194,0,41.13891592,-74.69118243,34037.0,874.8078127669268,15.78519121236778,1035,1225,194,0,1031,1221,140799,4,0,0,4,4
2020-07-12,US,New Jersey,Unassigned,665,0,0,0.0,0.0,90034.0,0.0,0.0,665,647,0,0,647,667,,18,0,0,18,-20
2020-07-12,US,New Jersey,Union,16501,1343,0,40.65835409,-74.30680092,34039.0,2965.9866880204772,8.138900672686503,15158,16471,1343,0,15128,16460,558067,30,0,0,30,11
2020-07-12,US,New Jersey,Warren,1265,167,0,40.85951833,-74.99556527,34041.0,1201.7061377259731,13.201581027667984,1098,1263,167,0,1096,1262,105779,2,0,0,2,1
2020-07-12,US,New Mexico,Bernalillo,3076,96,0,35.05163625,-106.6703554,35001.0,452.9384307067518,3.120936280884265,2980,2966,95,0,2871,2886,678701,110,1,0,109,80
2020-07-12,US,New Mexico,Catron,3,1,0,33.91514144,-108.4046587,35003.0,85.05812305075135,33.333333333333336,2,3,1,0,2,2,3578,0,0,0,0,1
2020-07-12,US,New Mexico,Chaves,162,2,0,33.36406072,-104.4665365,35005.0,250.7157780701076,1.2345679012345678,160,160,2,0,158,158,64689,2,0,0,2,2
2020-07-12,US,New Mexico,Cibola,249,14,0,34.91131525,-107.998876,35006.0,933.4582942830368,5.622489959839356,235,247,14,0,233,245,26746,2,0,0,2,2
2020-07-12,US,New Mexico,Colfax,9,1,0,36.60569702,-104.64726740000002,35007.0,75.37057197889624,11.111111111111109,8,9,1,0,8,9,12110,0,0,0,0,0
2020-07-12,US,New Mexico,Curry,251,1,0,34.57421077,-103.3468876,35009.0,512.7262327899659,0.398406374501992,250,247,1,0,246,235,49437,4,0,0,4,12
2020-07-12,US,New Mexico,Dona Ana,1404,11,0,32.35275771,-106.83293870000001,35013.0,643.4611242237447,0.7834757834757835,1393,1378,11,0,1367,1350,217522,26,0,0,26,28
2020-07-12,US,New Mexico,Eddy,140,1,0,32.47167456,-104.3053527,35015.0,239.47998631542941,0.7142857142857143,139,138,1,0,137,125,57900,2,0,0,2,13
2020-07-12,US,New Mexico,Grant,33,0,0,32.73911281,-108.3827845,35017.0,122.23127639084377,0.0,33,32,0,0,32,30,27346,1,0,0,1,2
2020-07-12,US,New Mexico,Guadalupe,20,0,0,34.86319296,-104.790669,35019.0,465.11627906976736,0.0,20,20,0,0,20,20,4341,0,0,0,0,0
2020-07-12,US,New Mexico,Harding,1,0,0,35.85751555,-103.8220938,35021.0,160.0,0.0,1,1,0,0,1,1,655,0,0,0,0,0
2020-07-12,US,New Mexico,Hidalgo,72,0,0,31.91383467,-108.7151824,35023.0,1715.102429728442,0.0,72,72,0,0,72,72,4240,0,0,0,0,0
2020-07-12,US,New Mexico,Lea,280,0,0,32.79215361,-103.4123733,35025.0,393.97776839735474,0.0,280,269,0,0,269,262,69611,11,0,0,11,7
2020-07-12,US,New Mexico,Lincoln,24,0,0,33.74526079,-105.4586166,35027.0,122.62415695892088,0.0,24,22,0,0,22,19,19556,2,0,0,2,3
2020-07-12,US,New Mexico,Los Alamos,12,0,0,35.86631386,-106.3134985,35028.0,61.954669833238675,0.0,12,11,0,0,11,11,19101,1,0,0,1,0
2020-07-12,US,New Mexico,Luna,122,3,0,32.18179341,-107.75088259999998,35029.0,514.5725252014004,2.459016393442623,119,122,3,0,119,115,23963,0,0,0,0,7
2020-07-12,US,New Mexico,McKinley,3634,190,0,35.58007720000001,-108.262245,35031.0,5091.989294772094,5.228398458998349,3444,3614,190,0,3424,3600,72290,20,0,0,20,14
2020-07-12,US,New Mexico,Mora,3,0,0,36.01095101,-104.9497716,35033.0,66.35700066356999,0.0,3,2,0,0,2,1,4506,1,0,0,1,1
2020-07-12,US,New Mexico,Otero,77,9,0,32.61348406,-105.7417604,35035.0,114.09097644095422,11.688311688311687,68,73,9,0,64,72,66781,4,0,0,4,1
2020-07-12,US,New Mexico,Quay,16,1,0,35.10403332,-103.5481727,35037.0,193.86889615897246,6.25,15,14,1,0,13,12,8253,2,0,0,2,2
2020-07-12,US,New Mexico,Rio Arriba,139,1,0,36.51072137,-106.6931674,35039.0,357.13368104622185,0.7194244604316546,138,137,1,0,136,136,39006,2,0,0,2,1
2020-07-12,US,New Mexico,Roosevelt,79,1,0,34.02097406,-103.4799493,35041.0,427.02702702702703,1.2658227848101269,78,78,1,0,77,78,18743,1,0,0,1,0
2020-07-12,US,New Mexico,San Juan,2711,171,0,36.50838318,-108.320437,35045.0,2187.0310911760434,6.307635558834377,2540,2687,170,0,2517,2659,125043,24,1,0,23,28
2020-07-12,US,New Mexico,San Miguel,26,0,0,35.48014807,-104.8163562,35047.0,95.31840011731495,0.0,26,25,0,0,25,25,27591,1,0,0,1,0
2020-07-12,US,New Mexico,Sandoval,838,30,0,35.68862401,-106.8687803,35043.0,571.0469648649388,3.5799522673031032,808,821,30,0,791,813,145179,17,0,0,17,8
2020-07-12,US,New Mexico,Santa Fe,337,3,0,35.50708973,-105.9774716,35049.0,224.13173891645275,0.8902077151335311,334,328,3,0,325,322,150056,9,0,0,9,6
2020-07-12,US,New Mexico,Sierra,14,0,0,33.13028233,-107.1925893,35051.0,129.7377444166435,0.0,14,14,0,0,14,14,10968,0,0,0,0,0
2020-07-12,US,New Mexico,Socorro,64,5,0,34.00715494,-106.9298354,35053.0,384.68473883512655,7.8125,59,63,5,0,58,62,16735,1,0,0,1,1
2020-07-12,US,New Mexico,Taos,53,1,0,36.58006022,-105.6310198,35055.0,161.9655899520215,1.8867924528301887,52,52,1,0,51,51,32835,1,0,0,1,1
2020-07-12,US,New Mexico,Torrance,49,1,0,34.64048375,-105.8508949,35057.0,316.926460125477,2.0408163265306123,48,47,1,0,46,47,15591,2,0,0,2,0
2020-07-12,US,New Mexico,Unassigned,936,0,0,0.0,0.0,90035.0,0.0,0.0,936,935,0,0,935,934,,1,0,0,1,1
2020-07-12,US,New Mexico,Union,8,0,0,36.48126404,-103.4709624,35059.0,197.09288001970933,0.0,8,8,0,0,8,8,4118,0,0,0,0,0
2020-07-12,US,New Mexico,Valencia,186,2,0,34.71669834,-106.8103733,35061.0,242.54120592530774,1.075268817204301,184,178,2,0,176,175,76456,8,0,0,8,3
2020-07-12,US,New York,Albany,2219,121,0,42.60060306,-73.97723916,36001.0,726.3359803080791,5.452906714736368,2098,2208,121,0,2087,2190,307117,11,0,0,11,18
2020-07-12,US,New York,Allegany,66,1,0,42.25748406,-78.02750466,36003.0,143.19498383632381,1.5151515151515151,65,66,1,0,65,64,46430,0,0,0,0,2
2020-07-12,US,New York,Broome,820,60,0,42.15903158,-75.81326086,36007.0,430.4733106547394,7.317073170731707,760,807,60,0,747,784,191659,13,0,0,13,23
2020-07-12,US,New York,Cattaraugus,138,6,0,42.24778241,-78.67923096,36009.0,181.29984103419739,4.3478260869565215,132,138,6,0,132,134,76840,0,0,0,0,4
2020-07-12,US,New York,Cayuga,126,2,0,42.91261714,-76.55731592,36011.0,164.54241537818638,1.5873015873015872,124,126,2,0,124,124,77145,0,0,0,0,2
2020-07-12,US,New York,Chautauqua,170,7,0,42.22769210000001,-79.36691763,36013.0,133.96058406814655,4.117647058823529,163,170,7,0,163,155,127939,0,0,0,0,15
2020-07-12,US,New York,Chemung,148,2,0,42.13891056,-76.7638805,36015.0,177.33895705521473,1.351351351351351,146,148,2,0,146,148,84254,0,0,0,0,0
2020-07-12,US,New York,Chenango,166,6,0,42.49430041,-75.60887553,36017.0,351.6427648441968,3.614457831325301,160,166,6,0,160,166,47536,0,0,0,0,0
2020-07-12,US,New York,Clinton,109,4,0,44.74530905,-73.67875352,36019.0,135.42896191836988,3.669724770642202,105,108,4,0,104,107,80695,1,0,0,1,1
2020-07-12,US,New York,Columbia,486,37,0,42.24819348,-73.63089095,36021.0,817.3424597635425,7.613168724279835,449,485,37,0,448,482,59916,1,0,0,1,3
2020-07-12,US,New York,Cortland,58,0,0,42.59509207,-76.07048931,36023.0,121.89739601941952,0.0,58,58,0,0,58,56,47823,0,0,0,0,2
2020-07-12,US,New York,Delaware,92,4,0,42.19837623,-74.96709306,36025.0,208.45134247196103,4.3478260869565215,88,91,4,0,87,91,44527,1,0,0,1,0
2020-07-12,US,New York,Dutchess,4276,152,0,41.76486060000001,-73.74356679,36027.0,1453.3441189866019,3.5547240411599628,4124,4269,152,0,4117,4262,293718,7,0,0,7,7
2020-07-12,US,New York,Erie,7742,644,0,42.76249024,-78.73063652,36029.0,842.7106940008839,8.318264014466546,7098,7711,644,0,7067,7660,919719,31,0,0,31,51
2020-07-12,US,New York,Essex,51,0,0,44.11630765,-73.77297842,36031.0,138.2675884505897,0.0,51,51,0,0,51,51,37300,0,0,0,0,0
2020-07-12,US,New York,Franklin,36,0,0,44.59040891,-74.29926032,36033.0,71.96833393306945,0.0,36,35,0,0,35,35,50293,1,0,0,1,0
2020-07-12,US,New York,Fulton,265,24,0,43.11363907,-74.41798804,36035.0,496.412715658543,9.056603773584905,241,265,24,0,241,264,53591,0,0,0,0,1
2020-07-12,US,New York,Genesee,250,5,0,43.0022601,-78.19135193,36037.0,436.45251396648047,2.0,245,247,5,0,242,246,57511,3,0,0,3,1
2020-07-12,US,New York,Greene,266,18,0,42.275797,-74.12384884,36039.0,563.7026362634567,6.7669172932330826,248,265,18,0,247,264,47491,1,0,0,1,1
2020-07-12,US,New York,Hamilton,6,0,0,43.66146647,-74.49721957,36041.0,135.8695652173913,0.0,6,6,0,0,6,6,4434,0,0,0,0,0
2020-07-12,US,New York,Herkimer,192,4,0,43.42034246,-74.96145307,36043.0,313.11665226112626,2.083333333333333,188,188,4,0,184,184,61833,4,0,0,4,4
2020-07-12,US,New York,Jefferson,97,0,0,44.04200959,-75.94653457,36045.0,88.31509368683649,0.0,97,95,0,0,95,95,111755,2,0,0,2,0
2020-07-12,US,New York,Lewis,31,0,0,43.7844157,-75.44903992,36049.0,117.88865226650441,0.0,31,31,0,0,31,31,26447,0,0,0,0,0
2020-07-12,US,New York,Livingston,147,8,0,42.72596275,-77.77966158,36051.0,233.6522872492609,5.442176870748299,139,145,8,0,137,144,63227,2,0,0,2,1
2020-07-12,US,New York,Madison,374,17,0,42.91653905,-75.67266639,36053.0,527.1986580397795,4.545454545454546,357,374,17,0,357,371,70795,0,0,0,0,3
2020-07-12,US,New York,Monroe,4177,277,0,43.14638895,-77.69322942,36055.0,563.1125551046822,6.631553746708164,3900,4153,277,0,3876,4120,742474,24,0,0,24,33
2020-07-12,US,New York,Montgomery,132,4,0,42.90123494,-74.44011632,36057.0,268.1782166148596,3.0303030303030303,128,130,4,0,126,128,49455,2,0,0,2,2
2020-07-12,US,New York,Nassau,42307,2190,0,40.74066522,-73.58941873,36059.0,3117.860690797716,5.176448341881958,40117,42267,2190,0,40077,42232,1358343,40,0,0,40,35
2020-07-12,US,New York,New York City,219051,23283,0,40.76727260000001,-73.97152637,36061.0,2627.513594217073,10.6290315953819,195768,218710,23278,0,195432,218403,1628701,341,5,0,336,307
2020-07-12,US,New York,Niagara,1340,94,0,43.19898042,-78.74777412,36063.0,640.2874604001319,7.0149253731343295,1246,1334,94,0,1240,1327,210433,6,0,0,6,7
2020-07-12,US,New York,Oneida,1823,104,0,43.24375382,-75.43710392,36065.0,797.2152131227832,5.704882062534285,1719,1818,104,0,1714,1806,229577,5,0,0,5,12
2020-07-12,US,New York,Onondaga,3124,190,0,43.00491923,-76.19971155,36067.0,678.3518048848279,6.081946222791292,2934,3100,190,0,2910,3078,461809,24,0,0,24,22
2020-07-12,US,New York,Ontario,300,33,0,42.85145728,-77.30874425,36069.0,273.2812884301812,11.0,267,296,33,0,263,293,109864,4,0,0,4,3
2020-07-12,US,New York,Orange,10835,484,0,41.40337468,-74.30240757,36071.0,2814.7243726295005,4.467005076142132,10351,10830,484,0,10346,10820,381951,5,0,0,5,10
2020-07-12,US,New York,Orleans,287,54,0,43.2516977,-78.2320066,36073.0,711.2410785091197,18.81533101045296,233,287,54,0,233,287,40612,0,0,0,0,0
2020-07-12,US,New York,Oswego,220,3,0,43.42778894,-76.14635194,36075.0,187.83511492093845,1.3636363636363635,217,219,3,0,216,216,117898,1,0,0,1,3
2020-07-12,US,New York,Otsego,89,5,0,42.63492579,-75.03151402,36077.0,149.597431630612,5.617977528089888,84,88,5,0,83,88,59749,1,0,0,1,0
2020-07-12,US,New York,Putnam,1361,63,0,41.42630093,-73.74965532,36079.0,1384.2554922701386,4.628949301983836,1298,1361,63,0,1298,1355,98892,0,0,0,0,6
2020-07-12,US,New York,Rensselaer,616,30,0,42.71348136,-73.51089874,36083.0,388.1195105661756,4.87012987012987,586,593,30,0,563,588,159442,23,0,0,23,5
2020-07-12,US,New York,Rockland,13716,670,0,41.15027894,-74.02560498,36087.0,4210.0868967337765,4.884806065908428,13046,13700,670,0,13030,13691,325695,16,0,0,16,9
2020-07-12,US,New York,Saratoga,602,17,0,43.10904162,-73.86653895,36091.0,261.895128837612,2.8239202657807314,585,595,17,0,578,587,230163,7,0,0,7,8
2020-07-12,US,New York,Schenectady,864,37,0,42.81668777,-74.05278291,36093.0,556.3461451780114,4.2824074074074066,827,856,37,0,819,852,155350,8,0,0,8,4
2020-07-12,US,New York,Schoharie,62,0,0,42.58831742,-74.44339029999998,36095.0,200.00645182102642,0.0,62,62,0,0,62,62,31097,0,0,0,0,0
2020-07-12,US,New York,Schuyler,15,0,0,42.39184015,-76.8773299,36097.0,84.23653619363172,0.0,15,15,0,0,15,13,17912,0,0,0,0,2
2020-07-12,US,New York,Seneca,74,0,0,42.78081007,-76.82497064,36099.0,217.54468485418636,0.0,74,74,0,0,74,73,34300,0,0,0,0,1
2020-07-12,US,New York,St. Lawrence,230,2,0,44.4976179,-75.06550039,36089.0,213.4768888063857,0.8695652173913043,228,230,2,0,228,227,108047,0,0,0,0,3
2020-07-12,US,New York,Steuben,274,41,0,42.2689144,-77.3829924,36101.0,287.27497667201374,14.963503649635037,233,274,41,0,233,272,95796,0,0,0,0,2
2020-07-12,US,New York,Suffolk,42028,1993,0,40.88320119,-72.8012172,36103.0,2846.2665269764807,4.742076710764253,40035,41987,1993,0,39994,41911,1481093,41,0,0,41,76
2020-07-12,US,New York,Sullivan,1465,48,0,41.71579493,-74.76394559,36105.0,1942.146569095344,3.2764505119453924,1417,1464,48,0,1416,1464,75498,1,0,0,1,0
2020-07-12,US,New York,Tioga,161,24,0,42.16852837,-76.30835812,36107.0,334.00410762815585,14.906832298136644,137,160,24,0,136,159,48560,1,0,0,1,1
2020-07-12,US,New York,Tompkins,186,0,0,42.44945765,-76.47229843,36109.0,182.03170874926602,0.0,186,183,0,0,183,181,102793,3,0,0,3,2
2020-07-12,US,New York,Ulster,1859,86,0,41.89027881,-74.26252104,36111.0,1046.8933903239797,4.626143087681549,1773,1855,86,0,1769,1853,178599,4,0,0,4,2
2020-07-12,US,New York,Warren,277,33,0,43.56173026,-73.8433699,36113.0,433.1915425997748,11.913357400722024,244,274,33,0,241,274,64265,3,0,0,3,0
2020-07-12,US,New York,Washington,249,14,0,43.31153794,-73.43043448,36115.0,406.8361544997059,5.622489959839356,235,249,14,0,235,249,61197,0,0,0,0,0
2020-07-12,US,New York,Wayne,205,3,0,43.15494365,-77.02976528,36117.0,227.9854978980849,1.4634146341463414,202,203,3,0,200,201,90064,2,0,0,2,2
2020-07-12,US,New York,Westchester,35297,1435,0,41.16278376,-73.75741653,36119.0,3648.246109068057,4.065501317392413,33862,35260,1433,0,33827,35226,967612,37,2,0,35,34
2020-07-12,US,New York,Wyoming,101,5,0,42.70145109,-78.22199579,36121.0,253.39321106901832,4.950495049504951,96,101,5,0,96,101,40085,0,0,0,0,0
2020-07-12,US,New York,Yates,48,6,0,42.63505484,-77.10369919,36123.0,192.67049331674232,12.5,42,48,6,0,42,48,24841,0,0,0,0,0
2020-07-12,US,North Carolina,Alamance,1428,37,0,36.0434701,-79.39976137,37001.0,842.4331451427357,2.5910364145658265,1391,1405,37,0,1368,1405,166436,23,0,0,23,0
2020-07-12,US,North Carolina,Alexander,163,1,0,35.922379600000006,-81.17751948,37003.0,434.70144278208926,0.6134969325153374,162,156,1,0,155,151,37353,7,0,0,7,5
2020-07-12,US,North Carolina,Alleghany,41,0,0,36.49360862,-81.12857041,37005.0,368.1422286073449,0.0,41,41,0,0,41,41,11161,0,0,0,0,0
2020-07-12,US,North Carolina,Anson,194,2,0,34.97403241,-80.09953279,37007.0,793.585862717827,1.0309278350515465,192,189,2,0,187,184,24877,5,0,0,5,5
2020-07-12,US,North Carolina,Ashe,63,1,0,36.43296207,-81.49862729,37009.0,231.59210381207959,1.5873015873015872,62,63,1,0,62,63,27109,0,0,0,0,0
2020-07-12,US,North Carolina,Avery,27,0,0,36.07569796,-81.92308483,37011.0,153.7848151734351,0.0,27,27,0,0,27,27,17505,0,0,0,0,0
2020-07-12,US,North Carolina,Beaufort,148,0,0,35.48531943,-76.84325809,37013.0,314.9338213388944,0.0,148,139,0,0,139,134,47079,9,0,0,9,5
2020-07-12,US,North Carolina,Bertie,156,4,0,36.0688473,-76.96545943,37015.0,823.3493429038898,2.5641025641025643,152,155,4,0,151,155,19026,1,0,0,1,0
2020-07-12,US,North Carolina,Bladen,438,5,0,34.61296243,-78.56180059,37017.0,1338.548988448139,1.1415525114155252,433,430,5,0,425,424,33190,8,0,0,8,6
2020-07-12,US,North Carolina,Brunswick,781,8,0,34.070565,-78.22814204,37019.0,546.8421789665313,1.0243277848911652,773,753,8,0,745,751,136744,28,0,0,28,2
2020-07-12,US,North Carolina,Buncombe,865,31,0,35.61113393,-82.53305,37021.0,331.17527020456293,3.5838150289017343,834,845,31,0,814,802,259103,20,0,0,20,43
2020-07-12,US,North Carolina,Burke,1206,21,0,35.74989637,-81.70755735,37023.0,1332.8175940763665,1.7412935323383083,1185,1186,21,0,1165,1164,90382,20,0,0,20,22
2020-07-12,US,North Carolina,Cabarrus,1640,33,0,35.3877799,-80.55267168,37025.0,757.6702563605032,2.0121951219512195,1607,1580,33,0,1547,1521,211342,60,0,0,60,59
2020-07-12,US,North Carolina,Caldwell,619,6,0,35.95204977,-81.54799522,37027.0,753.2429604030276,0.9693053311793216,613,601,6,0,595,591,82029,18,0,0,18,10
2020-07-12,US,North Carolina,Camden,35,1,0,36.33804939,-76.15568396,37029.0,322.07600993834546,2.8571428571428568,34,35,1,0,34,34,10710,0,0,0,0,1
2020-07-12,US,North Carolina,Carteret,133,4,0,34.8932941,-76.54120135,37031.0,191.4412793459329,3.0075187969924815,129,133,4,0,129,133,69524,0,0,0,0,0
2020-07-12,US,North Carolina,Caswell,150,2,0,36.39312665,-79.33353281,37033.0,663.5993629446116,1.3333333333333333,148,149,2,0,147,149,22698,1,0,0,1,0
2020-07-12,US,North Carolina,Catawba,1184,14,0,35.66211129,-81.2132617,37035.0,742.0824689284302,1.1824324324324325,1170,1142,14,0,1128,1132,158652,42,0,0,42,10
2020-07-12,US,North Carolina,Chatham,1052,45,0,35.70394416,-79.25541492,37037.0,1412.649389015711,4.2775665399239555,1007,1041,45,0,996,1035,73139,11,0,0,11,6
2020-07-12,US,North Carolina,Cherokee,66,2,0,35.1349263,-84.05970864,37039.0,230.6724451279184,3.0303030303030303,64,62,2,0,60,62,28383,4,0,0,4,0
2020-07-12,US,North Carolina,Chowan,37,0,0,36.12908077,-76.60118385,37041.0,265.36613354371366,0.0,37,35,0,0,35,34,14029,2,0,0,2,1
2020-07-12,US,North Carolina,Clay,18,0,0,35.05704275,-83.74353633,37043.0,160.270679369602,0.0,18,18,0,0,18,18,11139,0,0,0,0,0
2020-07-12,US,North Carolina,Cleveland,519,8,0,35.33553364,-81.55204486,37045.0,529.878403626451,1.5414258188824663,511,498,8,0,490,463,97645,21,0,0,21,35
2020-07-12,US,North Carolina,Columbus,615,39,0,34.26744084,-78.65801424,37047.0,1107.9484038336816,6.3414634146341475,576,607,39,0,568,602,55655,8,0,0,8,5
2020-07-12,US,North Carolina,Craven,443,8,0,35.11833364,-77.08398081,37049.0,433.72267204495836,1.8058690744920995,435,443,8,0,435,427,102912,0,0,0,0,16
2020-07-12,US,North Carolina,Cumberland,1613,41,0,35.04762133,-78.82623165,37051.0,480.762065995249,2.541847489150651,1572,1558,41,0,1517,1572,332330,55,0,0,55,-14
2020-07-12,US,North Carolina,Currituck,24,0,0,36.36123664,-75.95876401,37053.0,86.44598926628967,0.0,24,26,0,0,26,23,27072,-2,0,0,-2,3
2020-07-12,US,North Carolina,Dare,112,1,0,35.66520691,-75.71767334,37055.0,302.6290902212976,0.8928571428571429,111,103,1,0,102,103,36501,9,0,0,9,0
2020-07-12,US,North Carolina,Davidson,1247,15,0,35.79115496,-80.21256572,37057.0,743.9934609716663,1.202886928628709,1232,1228,15,0,1213,1210,166614,19,0,0,19,18
2020-07-12,US,North Carolina,Davie,252,4,0,35.93099927,-80.54496571,37059.0,588.1529197591374,1.5873015873015872,248,251,4,0,247,251,42733,1,0,0,1,0
2020-07-12,US,North Carolina,Duplin,1672,33,0,34.93449805,-77.93140529,37061.0,2846.3934900665636,1.973684210526316,1639,1672,33,0,1639,1646,58856,0,0,0,0,26
2020-07-12,US,North Carolina,Durham,4499,68,0,36.03638492,-78.87608331,37063.0,1399.4301498034142,1.5114469882196044,4431,4425,68,0,4357,4326,316739,74,0,0,74,99
2020-07-12,US,North Carolina,Edgecombe,379,9,0,35.91230639,-77.59436892,37065.0,736.3226608641593,2.3746701846965697,370,377,9,0,368,370,52005,2,0,0,2,7
2020-07-12,US,North Carolina,Forsyth,3675,40,0,36.12859861,-80.25459052,37067.0,961.2995200041852,1.08843537414966,3635,3622,39,0,3583,3580,379099,53,1,0,52,42
2020-07-12,US,North Carolina,Franklin,480,21,0,36.081519,-78.28708884,37069.0,688.8139484824568,4.375,459,478,21,0,457,441,67560,2,0,0,2,37
2020-07-12,US,North Carolina,Gaston,1811,15,0,35.29373559,-81.17477045,37071.0,806.5773240873117,0.8282716731087797,1796,1742,15,0,1727,1640,222846,69,0,0,69,102
2020-07-12,US,North Carolina,Gates,29,2,0,36.44667547,-76.69749701,37073.0,250.82165715274175,6.896551724137932,27,30,2,0,28,29,11573,-1,0,0,-1,1
2020-07-12,US,North Carolina,Graham,10,0,0,35.3506925,-83.83369267,37075.0,118.46937566639023,0.0,10,10,0,0,10,10,8484,0,0,0,0,0
2020-07-12,US,North Carolina,Granville,938,24,0,36.30337451,-78.65184241,37077.0,1551.8753205499395,2.55863539445629,914,931,24,0,907,884,60115,7,0,0,7,47
2020-07-12,US,North Carolina,Greene,213,3,0,35.48544173,-77.67578087,37079.0,1010.9639755090416,1.4084507042253518,210,202,3,0,199,200,21012,11,0,0,11,2
2020-07-12,US,North Carolina,Guilford,3604,125,0,36.07959451,-79.78824948,37081.0,670.9185478076005,3.4683684794672587,3479,3495,125,0,3370,3440,533670,109,0,0,109,55
2020-07-12,US,North Carolina,Halifax,425,4,0,36.25669272,-77.6556109,37083.0,849.8300339932015,0.9411764705882352,421,408,4,0,404,365,50574,17,0,0,17,43
2020-07-12,US,North Carolina,Harnett,784,32,0,35.36731853,-78.87243571,37085.0,576.5723362946403,4.081632653061225,752,771,32,0,739,757,134214,13,0,0,13,14
2020-07-12,US,North Carolina,Haywood,127,0,0,35.55269063,-82.98196486,37087.0,203.7967167867516,0.0,127,123,0,0,123,117,61971,4,0,0,4,6
2020-07-12,US,North Carolina,Henderson,885,51,0,35.33788927,-82.4766782,37089.0,753.7239071003348,5.7627118644067785,834,871,51,0,820,883,116748,14,0,0,14,-12
2020-07-12,US,North Carolina,Hertford,179,10,0,36.3607755,-76.98104134,37091.0,756.007940195126,5.58659217877095,169,179,10,0,169,178,23659,0,0,0,0,1
2020-07-12,US,North Carolina,Hoke,458,5,0,35.01888303,-79.23651674,37093.0,829.1994061628708,1.091703056768559,453,454,5,0,449,444,54764,4,0,0,4,10
2020-07-12,US,North Carolina,Hyde,34,0,0,35.42017674,-76.15180542,37095.0,688.6773344136116,0.0,34,34,0,0,34,28,5230,0,0,0,0,6
2020-07-12,US,North Carolina,Iredell,1108,10,0,35.80950511,-80.8743128,37097.0,609.4408325357799,0.9025270758122744,1098,1093,10,0,1083,1031,178435,15,0,0,15,62
2020-07-12,US,North Carolina,Jackson,198,1,0,35.28814273,-83.14093385,37099.0,450.63498566161417,0.5050505050505051,197,189,1,0,188,165,43327,9,0,0,9,24
2020-07-12,US,North Carolina,Johnston,2044,35,0,35.51745004,-78.36622717,37101.0,976.4066896278283,1.7123287671232876,2009,1980,35,0,1945,1934,202675,64,0,0,64,46
2020-07-12,US,North Carolina,Jones,43,3,0,35.02254606,-77.35870791,37103.0,456.52404713876206,6.9767441860465125,40,39,3,0,36,39,9637,4,0,0,4,0
2020-07-12,US,North Carolina,Lee,927,8,0,35.47623147,-79.17569362,37105.0,1500.5098819987375,0.8629989212513485,919,918,8,0,910,909,61452,9,0,0,9,9
2020-07-12,US,North Carolina,Lenoir,427,11,0,35.24032589999999,-77.64245615,37107.0,763.1950526372232,2.5761124121779857,416,422,11,0,411,416,55976,5,0,0,5,6
2020-07-12,US,North Carolina,Lincoln,414,2,0,35.48508185,-81.21740317,37109.0,480.77481390298567,0.4830917874396135,412,390,2,0,388,360,83770,24,0,0,24,30
2020-07-12,US,North Carolina,Macon,323,3,0,35.14867843,-83.41696617,37113.0,900.7752802721848,0.9287925696594428,320,322,3,0,319,322,35285,1,0,0,1,0
2020-07-12,US,North Carolina,Madison,17,0,0,35.85402722,-82.71346418,37115.0,78.14295564238105,0.0,17,17,0,0,17,17,21763,0,0,0,0,0
2020-07-12,US,North Carolina,Martin,170,5,0,35.84326734,-77.10860251,37117.0,757.5757575757576,2.9411764705882355,165,165,5,0,160,165,22671,5,0,0,5,0
2020-07-12,US,North Carolina,McDowell,317,2,0,35.67736232,-82.0482425,37111.0,692.8053151499257,0.6309148264984227,315,316,2,0,314,310,45507,1,0,0,1,6
2020-07-12,US,North Carolina,Mecklenburg,15024,159,0,35.24469268,-80.8317671,37119.0,1353.0795528641265,1.0583067092651757,14865,14607,159,0,14448,14157,1093901,417,0,0,417,450
2020-07-12,US,North Carolina,Mitchell,59,0,0,36.01059309,-82.1582442,37121.0,394.2796043838546,0.0,59,59,0,0,59,59,15000,0,0,0,0,0
2020-07-12,US,North Carolina,Montgomery,399,9,0,35.33155144,-79.90416657,37123.0,1468.3693372097302,2.255639097744361,390,393,9,0,384,393,27271,6,0,0,6,0
2020-07-12,US,North Carolina,Moore,635,15,0,35.30885257,-79.48474178,37125.0,629.4607454401269,2.3622047244094486,620,618,15,0,603,613,98682,17,0,0,17,5
2020-07-12,US,North Carolina,Nash,625,6,0,35.96575634,-77.98422508,37127.0,662.7924240174765,0.96,619,602,6,0,596,591,94016,23,0,0,23,11
2020-07-12,US,North Carolina,New Hanover,1451,8,0,34.25758282,-77.87075626,37129.0,618.8345779684654,0.5513439007580979,1443,1438,8,0,1430,1430,232274,13,0,0,13,8
2020-07-12,US,North Carolina,Northampton,211,16,0,36.41736238,-77.39769443,37131.0,1082.9954319150027,7.582938388625592,195,211,16,0,195,211,19676,0,0,0,0,0
2020-07-12,US,North Carolina,Onslow,448,4,0,34.72607366,-77.42908179,37133.0,226.3334983681759,0.8928571428571429,444,448,4,0,444,448,197683,0,0,0,0,0
2020-07-12,US,North Carolina,Orange,961,43,0,36.06092947,-79.12167935,37135.0,647.2426520110994,4.474505723204995,918,933,42,0,891,910,146027,28,1,0,27,23
2020-07-12,US,North Carolina,Pamlico,35,1,0,35.15253315,-76.66559823,37137.0,275.027502750275,2.8571428571428568,34,35,1,0,34,28,12670,0,0,0,0,7
2020-07-12,US,North Carolina,Pasquotank,243,17,0,36.26723798,-76.25134778,37139.0,610.1848131779831,6.99588477366255,226,242,17,0,225,234,39639,1,0,0,1,8
2020-07-12,US,North Carolina,Pender,365,2,0,34.52265624,-77.90352133,37141.0,578.813828100222,0.547945205479452,363,353,2,0,351,340,62162,12,0,0,12,13
2020-07-12,US,North Carolina,Perquimans,39,2,0,36.17847453,-76.40603143,37143.0,289.6828344351185,5.128205128205129,37,39,2,0,37,39,13422,0,0,0,0,0
2020-07-12,US,North Carolina,Person,130,1,0,36.38989032,-78.97217358,37145.0,329.19726513041275,0.7692307692307693,129,128,1,0,127,127,39507,2,0,0,2,1
2020-07-12,US,North Carolina,Pitt,946,9,0,35.59535426,-77.37353178,37147.0,523.3979927189032,0.9513742071881608,937,913,9,0,904,894,179914,33,0,0,33,19
2020-07-12,US,North Carolina,Polk,99,4,0,35.27820615,-82.16812354,37149.0,477.7070063694268,4.040404040404041,95,95,4,0,91,93,20611,4,0,0,4,2
2020-07-12,US,North Carolina,Randolph,1475,32,0,35.71015088,-79.80570339,37151.0,1026.6797524831732,2.1694915254237293,1443,1443,32,0,1411,1405,143351,32,0,0,32,38
2020-07-12,US,North Carolina,Richmond,365,7,0,35.00417719,-79.74491009,37153.0,814.2050904548395,1.9178082191780816,358,356,7,0,349,356,44887,9,0,0,9,0
2020-07-12,US,North Carolina,Robeson,1632,44,0,34.64244496,-79.10250529999998,37155.0,1249.377990430622,2.6960784313725488,1588,1620,44,0,1576,1582,131831,12,0,0,12,38
2020-07-12,US,North Carolina,Rockingham,294,2,0,36.39593137,-79.77504841,37157.0,323.0414240193385,0.6802721088435374,292,293,2,0,291,293,90690,1,0,0,1,0
2020-07-12,US,North Carolina,Rowan,1499,44,0,35.64003916,-80.52446628,37159.0,1054.98001238669,2.935290193462308,1455,1494,44,0,1450,1449,141262,5,0,0,5,45
2020-07-12,US,North Carolina,Rutherford,383,10,0,35.40114178,-81.92112099,37161.0,571.3944710498441,2.610966057441253,373,381,10,0,371,366,66826,2,0,0,2,15
2020-07-12,US,North Carolina,Sampson,1190,7,0,34.98820368,-78.36914061,37163.0,1873.1013206151329,0.5882352941176471,1183,1185,7,0,1178,1181,63626,5,0,0,5,4
2020-07-12,US,North Carolina,Scotland,166,2,0,34.8386299,-79.4757978,37165.0,476.6964362633892,1.2048192771084338,164,165,2,0,163,163,34810,1,0,0,1,2
2020-07-12,US,North Carolina,Stanly,563,5,0,35.31647813,-80.25093221,37167.0,896.4111709072383,0.8880994671403197,558,558,5,0,553,558,62075,5,0,0,5,0
2020-07-12,US,North Carolina,Stokes,168,1,0,36.4017975,-80.23893369,37169.0,368.4937816674344,0.5952380952380952,167,164,1,0,163,162,45467,4,0,0,4,2
2020-07-12,US,North Carolina,Surry,580,2,0,36.41689489,-80.69102283,37171.0,807.9907498990011,0.3448275862068966,578,574,2,0,572,565,71948,6,0,0,6,9
2020-07-12,US,North Carolina,Swain,71,1,0,35.48665845,-83.48748932,37173.0,497.5124378109453,1.4084507042253518,70,72,1,0,71,71,14245,-1,0,0,-1,1
2020-07-12,US,North Carolina,Transylvania,48,1,0,35.20383864,-82.79638423,37175.0,139.59575396248363,2.083333333333333,47,43,1,0,42,41,34215,5,0,0,5,2
2020-07-12,US,North Carolina,Tyrrell,50,1,0,35.87147226,-76.17055253,37177.0,1245.0199203187249,2.0,49,38,1,0,37,34,4131,12,0,0,12,4
2020-07-12,US,North Carolina,Union,1821,26,0,34.98960527,-80.52955873,37179.0,759.1960276662538,1.4277869302581,1795,1778,25,0,1753,1712,235908,43,1,0,42,66
2020-07-12,US,North Carolina,Vance,563,40,0,36.36880673,-78.40670845,37181.0,1264.1742449758615,7.104795737122557,523,563,40,0,523,555,44582,0,0,0,0,8
2020-07-12,US,North Carolina,Wake,7447,71,0,35.78879266,-78.65249174,37183.0,669.8382116300178,0.9534040553242916,7376,7204,66,0,7138,7065,1092305,243,5,0,238,139
2020-07-12,US,North Carolina,Warren,191,6,0,36.39728256,-78.10652228,37185.0,968.0198672140286,3.141361256544503,185,186,6,0,180,181,19807,5,0,0,5,5
2020-07-12,US,North Carolina,Washington,50,3,0,35.83810081,-76.57299037,37187.0,431.77892918825563,6.0,47,46,3,0,43,43,11859,4,0,0,4,3
2020-07-12,US,North Carolina,Watauga,120,0,0,36.23103603,-81.70033724,37189.0,213.61055236128655,0.0,120,116,0,0,116,116,55945,4,0,0,4,0
2020-07-12,US,North Carolina,Wayne,1990,30,0,35.36438125,-78.00027268,37191.0,1616.1648975481396,1.5075376884422111,1960,1980,30,0,1950,1971,123248,10,0,0,10,9
2020-07-12,US,North Carolina,Wilkes,620,7,0,36.2084135,-81.16232895,37193.0,906.2737531427236,1.1290322580645162,613,617,6,0,611,608,68557,3,1,0,2,9
2020-07-12,US,North Carolina,Wilson,920,24,0,35.70625477,-77.917978,37195.0,1124.6806273761933,2.608695652173913,896,907,24,0,883,886,81455,13,0,0,13,21
2020-07-12,US,North Carolina,Yadkin,377,5,0,36.16222629,-80.66239436,37197.0,1000.8760984416067,1.326259946949602,372,376,5,0,371,376,37543,1,0,0,1,0
2020-07-12,US,North Carolina,Yancey,59,0,0,35.90079156,-82.31237181,37199.0,326.52609441585037,0.0,59,59,0,0,59,59,17903,0,0,0,0,0
2020-07-12,US,North Dakota,Barnes,24,0,0,46.93579637,-98.06605978,38003.0,230.43686989918388,0.0,24,24,0,0,24,23,10542,0,0,0,0,1
2020-07-12,US,North Dakota,Benson,16,0,0,48.0683985,-99.35916363,38005.0,234.192037470726,0.0,16,14,0,0,14,11,6962,2,0,0,2,3
2020-07-12,US,North Dakota,Billings,1,0,0,47.02366884,-103.3762965,38007.0,107.75862068965515,0.0,1,1,0,0,1,1,919,0,0,0,0,0
2020-07-12,US,North Dakota,Bottineau,5,0,0,48.79106111,-100.8378166,38009.0,79.59248646927729,0.0,5,5,0,0,5,5,6411,0,0,0,0,0
2020-07-12,US,North Dakota,Bowman,1,0,0,46.11285362,-103.5203343,38011.0,33.06878306878307,0.0,1,1,0,0,1,1,3076,0,0,0,0,0
2020-07-12,US,North Dakota,Burke,7,0,0,48.79094471,-102.5182117,38013.0,330.9692671394799,0.0,7,7,0,0,7,6,2100,0,0,0,0,1
2020-07-12,US,North Dakota,Burleigh,444,0,0,46.97847375,-100.4645214,38015.0,464.3088699726016,0.0,444,425,0,0,425,409,95273,19,0,0,19,16
2020-07-12,US,North Dakota,Cass,2464,72,0,46.93201724,-97.2444719,38017.0,1354.419177344261,2.9220779220779223,2392,2442,72,0,2370,2421,181516,22,0,0,22,21
2020-07-12,US,North Dakota,Cavalier,15,0,0,48.77286211,-98.46685243,38019.0,398.7240829346092,0.0,15,14,0,0,14,13,3829,1,0,0,1,1
2020-07-12,US,North Dakota,Dickey,5,0,0,46.11017712,-98.5049008,38021.0,102.6272577996716,0.0,5,5,0,0,5,5,4903,0,0,0,0,0
2020-07-12,US,North Dakota,Divide,1,0,0,48.814938700000006,-103.4873611,38023.0,44.16961130742049,0.0,1,1,0,0,1,1,2283,0,0,0,0,0
2020-07-12,US,North Dakota,Dunn,23,0,0,47.35423935,-102.6160468,38025.0,519.8915009041591,0.0,23,23,0,0,23,19,4332,0,0,0,0,4
2020-07-12,US,North Dakota,Eddy,5,0,0,47.71701474,-98.90432337,38027.0,218.62702229995628,0.0,5,5,0,0,5,5,2313,0,0,0,0,0
2020-07-12,US,North Dakota,Emmons,4,1,0,46.28398398,-100.2389766,38029.0,123.41869793273679,25.0,3,4,1,0,3,4,3295,0,0,0,0,0
2020-07-12,US,North Dakota,Foster,3,0,0,47.4571084,-98.88279923,38031.0,93.45794392523364,0.0,3,3,0,0,3,3,3216,0,0,0,0,0
2020-07-12,US,North Dakota,Grand Forks,447,4,0,47.92093639,-97.45450447,38035.0,643.6192423435227,0.8948545861297539,443,431,4,0,427,422,70770,16,0,0,16,9
2020-07-12,US,North Dakota,Grant,3,0,0,46.35821257,-101.6390013,38037.0,131.9261213720317,0.0,3,3,0,0,3,3,2374,0,0,0,0,0
2020-07-12,US,North Dakota,Griggs,2,0,0,47.45785838,-98.23850925,38039.0,89.64589870013447,0.0,2,2,0,0,2,2,2232,0,0,0,0,0
2020-07-12,US,North Dakota,Hettinger,1,0,0,46.43375068,-102.4632417,38041.0,40.01600640256103,0.0,1,1,0,0,1,1,2514,0,0,0,0,0
2020-07-12,US,North Dakota,Kidder,3,0,0,46.97830064,-99.77507857,38043.0,120.96774193548387,0.0,3,2,0,0,2,2,2450,1,0,0,1,0
2020-07-12,US,North Dakota,LaMoure,13,0,0,46.45681054,-98.53542355,38045.0,321.3049925852694,0.0,13,13,0,0,13,13,4062,0,0,0,0,0
2020-07-12,US,North Dakota,Logan,1,0,0,46.45729487,-99.47719806,38047.0,54.05405405405406,0.0,1,,,,,1,1903,,,,,
2020-07-12,US,North Dakota,McHenry,9,1,0,48.23104458,-100.6324822,38049.0,156.65796344647518,11.111111111111109,8,9,1,0,8,6,5816,0,0,0,0,3
2020-07-12,US,North Dakota,McIntosh,7,0,0,46.11182017,-99.44145858,38051.0,280.3364036844213,0.0,7,6,0,0,6,5,2585,1,0,0,1,1
2020-07-12,US,North Dakota,McKenzie,33,0,0,47.74133370000001,-103.395905,38053.0,219.64856230031955,0.0,33,33,0,0,33,31,13632,0,0,0,0,2
2020-07-12,US,North Dakota,McLean,11,0,0,47.60766714,-101.3182418,38055.0,116.40211640211642,0.0,11,11,0,0,11,11,9541,0,0,0,0,0
2020-07-12,US,North Dakota,Mercer,9,0,0,47.31213126,-101.8318399,38057.0,109.93037742762917,0.0,9,9,0,0,9,8,8267,0,0,0,0,1
2020-07-12,US,North Dakota,Morton,131,2,0,46.71681782,-101.2822377,38059.0,417.676316796327,1.5267175572519085,129,126,2,0,124,123,31095,5,0,0,5,3
2020-07-12,US,North Dakota,Mountrail,64,0,0,48.20197971,-102.3555315,38061.0,606.9227121858703,0.0,64,61,0,0,61,59,10218,3,0,0,3,2
2020-07-12,US,North Dakota,Nelson,2,0,0,47.9226426,-98.19038437,38063.0,69.46856547412295,0.0,2,2,0,0,2,2,2869,0,0,0,0,0
2020-07-12,US,North Dakota,Oliver,2,0,0,47.11530482,-101.3406158,38065.0,102.09290454313421,0.0,2,2,0,0,2,2,1952,0,0,0,0,0
2020-07-12,US,North Dakota,Pembina,14,0,0,48.76623521,-97.5523809,38067.0,205.85208057638584,0.0,14,14,0,0,14,14,6947,0,0,0,0,0
2020-07-12,US,North Dakota,Pierce,8,0,0,48.24977025,-99.96407787,38069.0,201.2578616352201,0.0,8,8,0,0,8,7,4081,0,0,0,0,1
2020-07-12,US,North Dakota,Ramsey,20,1,0,48.26886249,-98.72223879,38071.0,173.6261828283705,5.0,19,19,1,0,18,19,11481,1,0,0,1,0
2020-07-12,US,North Dakota,Ransom,21,0,0,46.45621782,-97.65742504,38073.0,402.4530471444998,0.0,21,21,0,0,21,21,5237,0,0,0,0,0
2020-07-12,US,North Dakota,Renville,7,0,0,48.71982533,-101.6603912,38075.0,300.8165019338204,0.0,7,5,0,0,5,5,2374,2,0,0,2,0
2020-07-12,US,North Dakota,Richland,47,0,0,46.26440649,-96.94852979,38077.0,290.5359460963096,0.0,47,47,0,0,47,45,16239,0,0,0,0,2
2020-07-12,US,North Dakota,Rolette,12,0,0,48.77245354,-99.84097493,38079.0,84.65011286681715,0.0,12,12,0,0,12,11,14301,0,0,0,0,1
2020-07-12,US,North Dakota,Sargent,8,0,0,46.10830372,-97.63217159,38081.0,205.2334530528476,0.0,8,7,0,0,7,7,3870,1,0,0,1,0
2020-07-12,US,North Dakota,Sheridan,2,0,0,47.57700669,-100.3426391,38083.0,152.09125475285168,0.0,2,2,0,0,2,2,1349,0,0,0,0,0
2020-07-12,US,North Dakota,Sioux,37,0,0,46.11323337,-101.0440149,38085.0,874.7044917257683,0.0,37,36,0,0,36,33,4358,1,0,0,1,3
2020-07-12,US,North Dakota,Slope,3,0,0,46.44737738,-103.4601547,38087.0,400.0,0.0,3,3,0,0,3,3,763,0,0,0,0,0
2020-07-12,US,North Dakota,Stark,98,3,0,46.80851182,-102.6576326,38089.0,311.2197910381404,3.0612244897959178,95,92,3,0,89,89,30997,6,0,0,6,3
2020-07-12,US,North Dakota,Steele,4,0,0,47.45611548,-97.72728747,38091.0,211.64021164021165,0.0,4,4,0,0,4,4,1903,0,0,0,0,0
2020-07-12,US,North Dakota,Stutsman,66,2,0,46.97962541,-98.95637318,38093.0,318.7789799072644,3.0303030303030303,64,66,2,0,64,66,20917,0,0,0,0,0
2020-07-12,US,North Dakota,Towner,3,0,0,48.68565745,-99.24564265,38095.0,137.04888076747372,0.0,3,3,0,0,3,2,2192,0,0,0,0,1
2020-07-12,US,North Dakota,Traill,28,0,0,47.45367788,-97.16323288,38097.0,348.4320557491289,0.0,28,27,0,0,27,25,8037,1,0,0,1,2
2020-07-12,US,North Dakota,Walsh,48,0,0,48.36876964,-97.72574783,38099.0,451.0854243022272,0.0,48,46,0,0,46,44,10667,2,0,0,2,2
2020-07-12,US,North Dakota,Ward,73,1,0,48.22390169,-101.5436763,38101.0,107.92270959920758,1.3698630136986298,72,71,1,0,70,69,67744,2,0,0,2,2
2020-07-12,US,North Dakota,Wells,10,0,0,47.58614526,-99.65904998,38103.0,260.8242044861763,0.0,10,10,0,0,10,9,3957,0,0,0,0,1
2020-07-12,US,North Dakota,Williams,69,0,0,48.34522353,-103.4793387,38105.0,183.5643406315677,0.0,69,65,0,0,65,62,35350,4,0,0,4,3
2020-07-12,US,Ohio,Adams,26,1,0,38.84541072,-83.4718964,39001.0,93.86959347245285,3.8461538461538463,25,26,1,0,25,25,27724,0,0,0,0,1
2020-07-12,US,Ohio,Allen,366,41,0,40.77285242,-84.10802343,39003.0,357.59298883254684,11.202185792349727,325,356,41,0,315,348,102663,10,0,0,10,8
2020-07-12,US,Ohio,Ashland,68,2,0,40.84772277,-82.27280781,39005.0,127.14082716326378,2.9411764705882355,66,67,2,0,65,63,53745,1,0,0,1,4
2020-07-12,US,Ohio,Ashtabula,448,44,0,41.70860332,-80.74830218,39007.0,460.7110169578677,9.821428571428571,404,447,44,0,403,445,97493,1,0,0,1,2
2020-07-12,US,Ohio,Athens,167,1,0,39.33425634,-82.04278644,39009.0,255.63702603823842,0.5988023952095808,166,139,1,0,138,111,65818,28,0,0,28,28
2020-07-12,US,Ohio,Auglaize,111,4,0,40.55998859,-84.22421429999999,39011.0,243.12248116348343,3.603603603603604,107,109,4,0,105,109,45804,2,0,0,2,0
2020-07-12,US,Ohio,Belmont,570,24,0,40.01625942,-80.9924051,39013.0,850.6700892457393,4.2105263157894735,546,569,22,0,547,567,67505,1,2,0,-1,2
2020-07-12,US,Ohio,Brown,63,1,0,38.93416837,-83.86788395,39015.0,145.05433781543562,1.5873015873015872,62,61,1,0,60,60,43602,2,0,0,2,1
2020-07-12,US,Ohio,Butler,1863,47,0,39.44012838,-84.57388716,39017.0,486.2528514827711,2.522812667740204,1816,1821,47,0,1774,1767,382378,42,0,0,42,54
2020-07-12,US,Ohio,Carroll,70,3,0,40.578968599999996,-81.09178213,39019.0,260.08768670580366,4.285714285714286,67,67,3,0,64,64,27081,3,0,0,3,3
2020-07-12,US,Ohio,Champaign,55,1,0,40.13923427,-83.76875242,39021.0,141.44271570014143,1.818181818181818,54,51,1,0,50,51,38754,4,0,0,4,0
2020-07-12,US,Ohio,Clark,816,10,0,39.91592258,-83.78498252,39023.0,608.5782686843223,1.2254901960784317,806,800,10,0,790,793,134585,16,0,0,16,7
2020-07-12,US,Ohio,Clermont,497,7,0,39.04847534,-84.15375786,39025.0,240.76191214370144,1.4084507042253518,490,473,7,0,466,453,205466,24,0,0,24,20
2020-07-12,US,Ohio,Clinton,89,2,0,39.41485808,-83.80852286,39027.0,212.06633625619517,2.247191011235955,87,81,1,0,80,79,42057,8,1,0,7,2
2020-07-12,US,Ohio,Columbiana,1385,60,0,40.76932373,-80.78094576,39029.0,1359.4024518320034,4.332129963898917,1325,1378,60,0,1318,1350,102665,7,0,0,7,28
2020-07-12,US,Ohio,Coshocton,142,4,0,40.30096166,-81.91729018,39031.0,387.9781420765027,2.8169014084507036,138,142,3,0,139,141,36629,0,1,0,-1,1
2020-07-12,US,Ohio,Crawford,141,5,0,40.85065156,-82.91989099,39033.0,339.8081650359088,3.5460992907801416,136,138,5,0,133,138,41550,3,0,0,3,0
2020-07-12,US,Ohio,Cuyahoga,9208,399,0,41.424119,-81.65918339,39035.0,745.5435796455591,4.333188531711556,8809,8979,393,0,8586,8786,1243857,229,6,0,223,193
2020-07-12,US,Ohio,Darke,259,26,0,40.13412966,-84.6194517,39037.0,506.7204038111634,10.038610038610038,233,256,26,0,230,253,51323,3,0,0,3,3
2020-07-12,US,Ohio,Defiance,54,3,0,41.32398837,-84.49076944,39039.0,141.78066006773966,5.5555555555555545,51,53,3,0,50,53,38165,1,0,0,1,0
2020-07-12,US,Ohio,Delaware,724,15,0,40.27942393,-83.00457058,39041.0,346.11835909301686,2.0718232044198897,709,698,15,0,683,675,204826,26,0,0,26,23
2020-07-12,US,Ohio,Erie,286,22,0,41.36796058,-82.62904521,39043.0,385.1022001992836,7.6923076923076925,264,271,22,0,249,267,74615,15,0,0,15,4
2020-07-12,US,Ohio,Fairfield,692,17,0,39.75107189,-82.63088163,39045.0,439.158744462919,2.4566473988439306,675,667,17,0,650,643,155782,25,0,0,25,24
2020-07-12,US,Ohio,Fayette,55,0,0,39.56021306,-83.4562016,39047.0,192.81332164767747,0.0,55,55,0,0,55,55,28666,0,0,0,0,0
2020-07-12,US,Ohio,Franklin,12035,447,0,39.96995815,-83.01115755,39049.0,913.9886205189116,3.7141670128791024,11588,11724,445,0,11279,11433,1310300,311,2,0,309,291
2020-07-12,US,Ohio,Fulton,67,0,0,41.60213491,-84.12571393,39051.0,159.04666951526374,0.0,67,67,0,0,67,66,42276,0,0,0,0,1
2020-07-12,US,Ohio,Gallia,21,1,0,38.82708533,-82.31647569,39053.0,70.23881196066627,4.761904761904762,20,20,1,0,19,20,29979,1,0,0,1,0
2020-07-12,US,Ohio,Geauga,428,43,0,41.49952319,-81.17935342,39055.0,457.0257023566722,10.046728971962617,385,425,43,0,382,425,94031,3,0,0,3,0
2020-07-12,US,Ohio,Greene,346,9,0,39.69116283,-83.89032084,39057.0,204.8100771293441,2.601156069364162,337,343,9,0,334,322,167995,3,0,0,3,21
2020-07-12,US,Ohio,Guernsey,81,3,0,40.05026529,-81.49248905,39059.0,208.36012861736336,3.703703703703704,78,82,3,0,79,79,39022,-1,0,0,-1,3
2020-07-12,US,Ohio,Hamilton,6950,208,0,39.19673558,-84.54502924,39061.0,850.1809845707443,2.9928057553956835,6742,6781,207,0,6574,6563,816684,169,1,0,168,218
2020-07-12,US,Ohio,Hancock,86,1,0,41.00250487,-83.66838948,39063.0,113.48191546916857,1.162790697674419,85,86,1,0,85,85,75930,0,0,0,0,1
2020-07-12,US,Ohio,Hardin,123,12,0,40.66015414,-83.65929931,39065.0,392.156862745098,9.75609756097561,111,123,12,0,111,123,31480,0,0,0,0,0
2020-07-12,US,Ohio,Harrison,14,1,0,40.29380509,-81.09068544,39067.0,93.08510638297872,7.142857142857142,13,13,1,0,12,12,15174,1,0,0,1,1
2020-07-12,US,Ohio,Henry,35,0,0,41.333964200000004,-84.06830637,39069.0,129.60082944530845,0.0,35,33,0,0,33,33,27086,2,0,0,2,0
2020-07-12,US,Ohio,Highland,53,1,0,39.1839264,-83.60331456,39071.0,122.79604272375522,1.8867924528301887,52,50,1,0,49,49,43058,3,0,0,3,1
2020-07-12,US,Ohio,Hocking,81,9,0,39.49537927,-82.47991446,39073.0,286.5836399660345,11.111111111111109,72,80,9,0,71,80,28385,1,0,0,1,0
2020-07-12,US,Ohio,Holmes,261,5,0,40.56163713,-81.92635677,39075.0,593.7215650591447,1.9157088122605364,256,259,5,0,254,257,43892,2,0,0,2,2
2020-07-12,US,Ohio,Huron,247,2,0,41.14651175,-82.59867951,39077.0,423.91789379741203,0.8097165991902834,245,240,2,0,238,238,58504,7,0,0,7,2
2020-07-12,US,Ohio,Jackson,30,0,0,39.01914254,-82.61818559999998,39079.0,92.55545614413971,0.0,30,28,0,0,28,27,32384,2,0,0,2,1
2020-07-12,US,Ohio,Jefferson,115,2,0,40.38614126,-80.76259514,39081.0,176.04286261002682,1.7391304347826086,113,109,2,0,107,105,65767,6,0,0,6,4
2020-07-12,US,Ohio,Knox,55,1,0,40.39830217,-82.42027563,39083.0,88.25133981579539,1.818181818181818,54,53,1,0,52,53,61893,2,0,0,2,0
2020-07-12,US,Ohio,Lake,609,23,0,41.69710807,-81.23676539,39085.0,264.61118666602937,3.7766830870279136,586,589,23,0,566,570,230514,20,0,0,20,19
2020-07-12,US,Ohio,Lawrence,86,0,0,38.59743452,-82.53466552,39087.0,144.62775171114808,0.0,86,83,0,0,83,82,59866,3,0,0,3,1
2020-07-12,US,Ohio,Licking,583,12,0,40.09136236,-82.48185785,39089.0,329.6355350499258,2.0583190394511153,571,568,12,0,556,560,175769,15,0,0,15,8
2020-07-12,US,Ohio,Logan,71,1,0,40.38996525,-83.76784341,39091.0,155.45629707479418,1.4084507042253518,70,71,1,0,70,68,45358,0,0,0,0,3
2020-07-12,US,Ohio,Lorain,1152,69,0,41.29553751,-82.15083537,39093.0,371.8132025962373,5.989583333333332,1083,1120,69,0,1051,1097,309461,32,0,0,32,23
2020-07-12,US,Ohio,Lucas,3007,306,0,41.62101218,-83.65468618,39095.0,701.999308973078,10.1762554040572,2701,2952,305,0,2647,2889,429899,55,1,0,54,63
2020-07-12,US,Ohio,Madison,222,9,0,39.89381073,-83.40178317,39097.0,496.3001050725448,4.0540540540540535,213,216,9,0,207,213,44413,6,0,0,6,3
2020-07-12,US,Ohio,Mahoning,1948,239,0,41.01631101,-80.77287029,39099.0,851.8341984318904,12.268993839835726,1709,1928,239,0,1689,1907,229642,20,0,0,20,21
2020-07-12,US,Ohio,Marion,2748,39,0,40.58610662,-83.15736305,39101.0,4221.652097767809,1.4192139737991267,2709,2745,39,0,2706,2740,65256,3,0,0,3,5
2020-07-12,US,Ohio,Medina,589,32,0,41.11770589,-81.89986209999998,39103.0,327.68462163274836,5.432937181663838,557,582,32,0,550,566,179146,7,0,0,7,16
2020-07-12,US,Ohio,Meigs,13,0,0,39.09224872,-82.0305041,39105.0,56.75121142008993,0.0,13,13,0,0,13,12,23106,0,0,0,0,1
2020-07-12,US,Ohio,Mercer,302,10,0,40.54043046,-84.62912742,39107.0,733.5082094627417,3.3112582781456954,292,299,10,0,289,295,40959,3,0,0,3,4
2020-07-12,US,Ohio,Miami,510,31,0,40.0543329,-84.22871271,39109.0,476.6934300429024,6.078431372549018,479,506,31,0,475,503,106222,4,0,0,4,3
2020-07-12,US,Ohio,Monroe,89,17,0,39.72984936,-81.08464734,39111.0,651.8236414237588,19.101123595505623,72,89,17,0,72,89,13790,0,0,0,0,0
2020-07-12,US,Ohio,Montgomery,2513,36,0,39.75394919,-84.29050975,39113.0,472.6465006667457,1.432550736171906,2477,2440,35,0,2405,2378,532331,73,1,0,72,62
2020-07-12,US,Ohio,Morgan,11,0,0,39.62081738,-81.85308173,39115.0,75.82023711055969,0.0,11,11,0,0,11,12,14604,0,0,0,0,-1
2020-07-12,US,Ohio,Morrow,121,1,0,40.52363560000001,-82.7892599,39117.0,342.50452898550725,0.8264462809917356,120,120,1,0,119,121,35112,1,0,0,1,-1
2020-07-12,US,Ohio,Muskingum,104,1,0,39.96575964,-81.94363275,39119.0,120.62866090587484,0.9615384615384616,103,100,1,0,99,96,86183,4,0,0,4,4
2020-07-12,US,Ohio,Noble,14,0,0,39.76818851,-81.45937183,39121.0,97.06045479755964,0.0,14,14,0,0,14,13,14354,0,0,0,0,1
2020-07-12,US,Ohio,Ottawa,193,24,0,41.53781826,-83.0940185,39123.0,476.24922887106726,12.43523316062176,169,173,24,0,149,166,40769,20,0,0,20,7
2020-07-12,US,Ohio,Paulding,32,0,0,41.11676341,-84.5801017,39125.0,171.37960582690658,0.0,32,30,0,0,30,28,18760,2,0,0,2,2
2020-07-12,US,Ohio,Perry,46,1,0,39.73508655,-82.23804971,39127.0,127.30392428183978,2.1739130434782608,45,44,1,0,43,41,36033,2,0,0,2,3
2020-07-12,US,Ohio,Pickaway,2227,41,0,39.64170392,-83.0243386,39129.0,3809.6378534649402,1.841041760215537,2186,2222,41,0,2181,2216,58086,5,0,0,5,6
2020-07-12,US,Ohio,Pike,29,0,0,39.07634001,-83.06769584,39131.0,104.42171971770128,0.0,29,28,0,0,28,27,28067,1,0,0,1,1
2020-07-12,US,Ohio,Portage,502,60,0,41.16793482,-81.19735782,39133.0,308.98772666280945,11.95219123505976,442,492,59,0,433,487,162927,10,1,0,9,5
2020-07-12,US,Ohio,Preble,91,1,0,39.7420247,-84.64787018,39135.0,222.5918497138105,1.0989010989010992,90,90,1,0,89,82,40997,1,0,0,1,8
2020-07-12,US,Ohio,Putnam,142,15,0,41.02094889,-84.1336111,39137.0,419.36150733882636,10.56338028169014,127,137,15,0,122,134,33780,5,0,0,5,3
2020-07-12,US,Ohio,Richland,378,6,0,40.77180308,-82.53799609999999,39139.0,311.9996038100269,1.5873015873015872,372,371,5,0,366,363,121099,7,1,0,6,8
2020-07-12,US,Ohio,Ross,148,3,0,39.33705391,-83.06000914,39141.0,193.04515691440795,2.0270270270270268,145,144,3,0,141,139,76931,4,0,0,4,5
2020-07-12,US,Ohio,Sandusky,169,15,0,41.35624126,-83.137872,39143.0,288.8000273420144,8.875739644970414,154,160,15,0,145,157,58799,9,0,0,9,3
2020-07-12,US,Ohio,Scioto,71,0,0,38.80270163,-82.98907345,39145.0,94.27198130493666,0.0,71,67,0,0,67,65,75502,4,0,0,4,2
2020-07-12,US,Ohio,Seneca,41,2,0,41.12351311,-83.12783209,39147.0,74.30497662111709,4.878048780487805,39,41,2,0,39,40,55207,0,0,0,0,1
2020-07-12,US,Ohio,Shelby,75,4,0,40.33163494,-84.20258189,39149.0,154.35274747890512,5.333333333333333,71,74,4,0,70,74,48627,1,0,0,1,0
2020-07-12,US,Ohio,Stark,1225,116,0,40.81482476,-81.36437305,39151.0,330.53971063609333,9.469387755102039,1109,1214,114,0,1100,1196,371574,11,2,0,9,18
2020-07-12,US,Ohio,Summit,2351,209,0,41.12464734,-81.53123079,39153.0,434.5551770475016,8.889834113143344,2142,2327,209,0,2118,2299,541918,24,0,0,24,28
2020-07-12,US,Ohio,Trumbull,1053,78,0,41.31735028,-80.76109643,39155.0,531.8880257003444,7.407407407407407,975,1045,78,0,967,1032,198627,8,0,0,8,13
2020-07-12,US,Ohio,Tuscarawas,609,10,0,40.44214695,-81.47226262,39157.0,662.050072292824,1.6420361247947457,599,604,10,0,594,601,92176,5,0,0,5,3
2020-07-12,US,Ohio,Union,102,1,0,40.30016061,-83.37239023,39159.0,172.91652539499557,0.9803921568627452,101,93,1,0,92,93,57835,9,0,0,9,0
2020-07-12,US,Ohio,Van Wert,49,1,0,40.8554138,-84.59111700000003,39161.0,173.29796640141467,2.0408163265306123,48,47,1,0,46,45,28281,2,0,0,2,2
2020-07-12,US,Ohio,Vinton,23,2,0,39.25208988,-82.4831444,39163.0,175.7737867787543,8.695652173913043,21,23,2,0,21,23,13139,0,0,0,0,0
2020-07-12,US,Ohio,Warren,1009,26,0,39.42581994,-84.16557457,39165.0,430.0901100587377,2.576808721506442,983,977,25,0,952,945,232173,32,1,0,31,32
2020-07-12,US,Ohio,Washington,146,20,0,39.45690571,-81.49121382,39167.0,243.6948139740616,13.698630136986301,126,146,20,0,126,144,60155,0,0,0,0,2
2020-07-12,US,Ohio,Wayne,373,55,0,40.82925852,-81.88844833,39169.0,322.3576181833895,14.745308310991955,318,372,53,0,319,372,115967,1,2,0,-1,0
2020-07-12,US,Ohio,Williams,76,2,0,41.56052014,-84.58429552,39171.0,207.1296195355936,2.631578947368421,74,76,2,0,74,74,36804,0,0,0,0,2
2020-07-12,US,Ohio,Wood,494,51,0,41.36224827,-83.62285108,39173.0,377.62676104787596,10.323886639676113,443,488,51,0,437,474,130696,6,0,0,6,14
2020-07-12,US,Ohio,Wyandot,63,5,0,40.84339621,-83.30734173,39175.0,289.36248392430645,7.936507936507938,58,63,5,0,58,62,21935,0,0,0,0,1
2020-07-12,US,Oklahoma,Adair,137,4,0,35.88494195,-94.65859267,40001.0,617.2839506172841,2.9197080291970803,133,136,4,0,132,136,22082,1,0,0,1,0
2020-07-12,US,Oklahoma,Alfalfa,1,0,0,36.73090616,-98.32408495,40003.0,17.5377060680463,0.0,1,1,0,0,1,1,5754,0,0,0,0,0
2020-07-12,US,Oklahoma,Atoka,34,0,0,34.37366573,-96.03802487,40005.0,247.12894316034308,0.0,34,34,0,0,34,34,13838,0,0,0,0,0
2020-07-12,US,Oklahoma,Beaver,32,0,0,36.7496847,-100.4758872,40007.0,602.5230653360949,0.0,32,32,0,0,32,32,5319,0,0,0,0,0
2020-07-12,US,Oklahoma,Beckham,19,0,0,35.26862449,-99.68128023,40009.0,86.92071915458162,0.0,19,14,0,0,14,14,21709,5,0,0,5,0
2020-07-12,US,Oklahoma,Blaine,22,0,0,35.87518314,-98.43307003,40011.0,233.32272775479905,0.0,22,22,0,0,22,21,9485,0,0,0,0,1
2020-07-12,US,Oklahoma,Bryan,183,1,0,33.96472458,-96.25903472,40013.0,381.2897176789249,0.5464480874316939,182,180,1,0,179,173,47192,3,0,0,3,7
2020-07-12,US,Oklahoma,Caddo,206,11,0,35.17364557,-98.37534464,40015.0,716.2227939642586,5.339805825242719,195,206,11,0,195,204,28977,0,0,0,0,2
2020-07-12,US,Oklahoma,Canadian,502,3,0,35.5426055,-97.98465569,40017.0,338.489339608647,0.5976095617529881,499,479,3,0,476,456,144447,23,0,0,23,23
2020-07-12,US,Oklahoma,Carter,182,2,0,34.25103751,-97.28552485,40019.0,378.29186672486543,1.0989010989010992,180,170,2,0,168,163,48177,12,0,0,12,7
2020-07-12,US,Oklahoma,Cherokee,120,1,0,35.90692775,-94.99980896,40021.0,246.62432949010415,0.8333333333333334,119,118,1,0,117,111,48675,2,0,0,2,7
2020-07-12,US,Oklahoma,Choctaw,122,1,0,34.02807439,-95.54771129,40023.0,831.515812431843,0.819672131147541,121,122,1,0,121,122,14668,0,0,0,0,0
2020-07-12,US,Oklahoma,Cimarron,1,0,0,36.74817177,-102.5173885,40025.0,46.79457182966776,0.0,1,1,0,0,1,1,2153,0,0,0,0,0
2020-07-12,US,Oklahoma,Cleveland,1319,40,0,35.20413532,-97.32519562,40027.0,464.4137260839254,3.032600454890068,1279,1277,40,0,1237,1238,281669,42,0,0,42,39
2020-07-12,US,Oklahoma,Coal,10,0,0,34.58840127,-96.29798747,40029.0,181.98362147406726,0.0,10,10,0,0,10,10,5520,0,0,0,0,0
2020-07-12,US,Oklahoma,Comanche,498,9,0,34.65973764,-98.47195055,40031.0,412.4257757828222,1.8072289156626504,489,489,8,0,481,479,120422,9,1,0,8,10
2020-07-12,US,Oklahoma,Cotton,11,2,0,34.28845626,-98.37053567,40033.0,194.1404871161313,18.181818181818183,9,11,2,0,9,11,5776,0,0,0,0,0
2020-07-12,US,Oklahoma,Craig,27,0,0,36.76268118,-95.20916602,40035.0,190.92066185829444,0.0,27,27,0,0,27,27,14306,0,0,0,0,0
2020-07-12,US,Oklahoma,Creek,212,8,0,35.90230551,-96.37086028,40037.0,296.4122927211208,3.7735849056603774,204,210,8,0,202,204,71604,2,0,0,2,6
2020-07-12,US,Oklahoma,Custer,78,0,0,35.63853802,-99.00170785,40039.0,268.9376961004034,0.0,78,76,0,0,76,72,29036,2,0,0,2,4
2020-07-12,US,Oklahoma,Delaware,242,17,0,36.40823634,-94.80325046,40041.0,562.6729289218537,7.024793388429752,225,239,17,0,222,229,42733,3,0,0,3,10
2020-07-12,US,Oklahoma,Dewey,4,0,0,35.98772922,-99.00730714,40043.0,81.78286648947045,0.0,4,4,0,0,4,4,4894,0,0,0,0,0
2020-07-12,US,Oklahoma,Ellis,2,0,0,36.2180194,-99.75324573,40045.0,51.82689816014511,0.0,2,2,0,0,2,2,3952,0,0,0,0,0
2020-07-12,US,Oklahoma,Garfield,104,2,0,36.3791334,-97.78265517,40047.0,170.33542976939202,1.9230769230769231,102,104,2,0,102,102,60913,0,0,0,0,2
2020-07-12,US,Oklahoma,Garvin,122,3,0,34.70418038,-97.30811132,40049.0,440.2583811482805,2.459016393442623,119,122,3,0,119,111,27811,0,0,0,0,11
2020-07-12,US,Oklahoma,Grady,241,5,0,35.0167709,-97.88339847,40051.0,431.6366371744815,2.074688796680498,236,236,5,0,231,228,55551,5,0,0,5,8
2020-07-12,US,Oklahoma,Grant,2,0,0,36.796297,-97.78638765,40053.0,46.15739672282484,0.0,2,2,0,0,2,2,4326,0,0,0,0,0
2020-07-12,US,Oklahoma,Greer,68,7,0,34.93535801,-99.5605612,40055.0,1190.4761904761906,10.294117647058824,61,68,7,0,61,68,5821,0,0,0,0,0
2020-07-12,US,Oklahoma,Harmon,3,0,0,34.7440135,-99.84741652,40057.0,113.07953260459855,0.0,3,3,0,0,3,3,2664,0,0,0,0,0
2020-07-12,US,Oklahoma,Harper,1,0,0,36.78836519,-99.6679804,40059.0,27.11496746203905,0.0,1,1,0,0,1,1,3797,0,0,0,0,0
2020-07-12,US,Oklahoma,Haskell,16,0,0,35.22257600000001,-95.11513306,40061.0,126.71259998416092,0.0,16,16,0,0,16,16,12668,0,0,0,0,0
2020-07-12,US,Oklahoma,Hughes,14,0,0,35.04912569,-96.24921145,40063.0,105.42962572482868,0.0,14,14,0,0,14,14,13335,0,0,0,0,0
2020-07-12,US,Oklahoma,Jackson,57,3,0,34.58781741,-99.41138784,40065.0,232.36852833265388,5.2631578947368425,54,57,3,0,54,55,24949,0,0,0,0,2
2020-07-12,US,Oklahoma,Jefferson,16,0,0,34.11130184,-97.83182974,40067.0,266.5778073975342,0.0,16,16,0,0,16,15,6123,0,0,0,0,1
2020-07-12,US,Oklahoma,Johnston,16,0,0,34.31440473,-96.66011537,40069.0,144.33919711321604,0.0,16,16,0,0,16,15,10949,0,0,0,0,1
2020-07-12,US,Oklahoma,Kay,124,8,0,36.81799745,-97.14421435,40071.0,284.80867288345814,6.451612903225807,116,124,8,0,116,123,44161,0,0,0,0,1
2020-07-12,US,Oklahoma,Kingfisher,46,0,0,35.94530008,-97.94193268,40073.0,291.78560101490643,0.0,46,44,0,0,44,40,15816,2,0,0,2,4
2020-07-12,US,Oklahoma,Kiowa,16,1,0,34.91671958,-98.97720696,40075.0,183.73909049150203,6.25,15,16,1,0,15,14,8729,0,0,0,0,2
2020-07-12,US,Oklahoma,Latimer,20,1,0,34.87844729,-95.25215049,40077.0,198.55058076044872,5.0,19,20,1,0,19,19,10231,0,0,0,0,1
2020-07-12,US,Oklahoma,Le Flore,57,1,0,34.89851864,-94.70392124,40079.0,114.33614827593125,1.7543859649122806,56,56,1,0,55,54,49980,1,0,0,1,2
2020-07-12,US,Oklahoma,Lincoln,44,2,0,35.70270942,-96.8812462,40081.0,126.15763970524988,4.545454545454546,42,43,2,0,41,41,34920,1,0,0,1,2
2020-07-12,US,Oklahoma,Logan,98,1,0,35.91899576,-97.44352845,40083.0,204.11988919206016,1.020408163265306,97,90,1,0,89,85,47291,8,0,0,8,5
2020-07-12,US,Oklahoma,Love,46,0,0,33.95273467,-97.23906784,40085.0,448.6491758509704,0.0,46,46,0,0,46,46,10134,0,0,0,0,0
2020-07-12,US,Oklahoma,Major,14,1,0,36.31149996,-98.53467076,40093.0,183.5102896841001,7.142857142857142,13,14,1,0,13,14,7644,0,0,0,0,0
2020-07-12,US,Oklahoma,Marshall,43,0,0,34.02311222,-96.76855464,40095.0,253.97200401630147,0.0,43,43,0,0,43,43,16806,0,0,0,0,0
2020-07-12,US,Oklahoma,Mayes,122,5,0,36.30179091,-95.23175116,40097.0,296.83698296836985,4.0983606557377055,117,117,5,0,112,114,41107,5,0,0,5,3
2020-07-12,US,Oklahoma,McClain,238,4,0,35.01123903,-97.44572302,40087.0,588.031822898651,1.680672268907563,234,235,4,0,231,230,39985,3,0,0,3,5
2020-07-12,US,Oklahoma,McCurtain,610,11,0,34.11664328,-94.77222373,40089.0,1857.943469785575,1.8032786885245904,599,606,11,0,595,600,32703,4,0,0,4,6
2020-07-12,US,Oklahoma,McIntosh,86,1,0,35.37235506,-95.66599306,40091.0,438.865074505001,1.162790697674419,85,85,1,0,84,84,19815,1,0,0,1,1
2020-07-12,US,Oklahoma,Murray,25,0,0,34.48116015,-97.06826283,40099.0,177.64513607617425,0.0,25,25,0,0,25,25,13953,0,0,0,0,0
2020-07-12,US,Oklahoma,Muskogee,196,14,0,35.61318461,-95.37802952,40101.0,288.2480109416592,7.142857142857142,182,193,14,0,179,182,68362,3,0,0,3,11
2020-07-12,US,Oklahoma,Noble,52,1,0,36.38953329,-97.22928674,40103.0,467.1637768394574,1.9230769230769231,51,52,1,0,51,51,11289,0,0,0,0,1
2020-07-12,US,Oklahoma,Nowata,38,1,0,36.79843529,-95.61902331,40105.0,377.1337832473204,2.631578947368421,37,38,1,0,37,38,10218,0,0,0,0,0
2020-07-12,US,Oklahoma,Okfuskee,19,0,0,35.46485198,-96.32639984,40107.0,158.42574835320602,0.0,19,19,0,0,19,17,12098,0,0,0,0,2
2020-07-12,US,Oklahoma,Oklahoma,4802,74,0,35.55140095,-97.40716948,40109.0,602.1814971521154,1.5410245730945438,4728,4613,74,0,4539,4379,792582,189,0,0,189,234
2020-07-12,US,Oklahoma,Okmulgee,151,0,0,35.64661916,-95.96432828,40111.0,392.5646691797737,0.0,151,146,0,0,146,136,38335,5,0,0,5,10
2020-07-12,US,Oklahoma,Osage,215,8,0,36.62888819,-96.39635704,40113.0,457.80720993122253,3.72093023255814,207,214,8,0,206,203,47014,1,0,0,1,11
2020-07-12,US,Oklahoma,Ottawa,148,2,0,36.83532655,-94.81011909,40115.0,475.47145564943617,1.351351351351351,146,141,2,0,139,137,31175,7,0,0,7,4
2020-07-12,US,Oklahoma,Pawnee,70,3,0,36.31743373,-96.7033176,40117.0,427.45481191988273,4.285714285714286,67,68,3,0,65,68,16390,2,0,0,2,0
2020-07-12,US,Oklahoma,Payne,480,1,0,36.07695283,-96.97584944,40119.0,586.9118654015456,0.20833333333333331,479,478,1,0,477,476,82040,2,0,0,2,2
2020-07-12,US,Oklahoma,Pittsburg,71,3,0,34.92065823,-95.7513432,40121.0,162.64259861639255,4.225352112676056,68,71,3,0,68,71,43877,0,0,0,0,0
2020-07-12,US,Oklahoma,Pontotoc,70,2,0,34.72959848,-96.68337199,40123.0,182.844007940654,2.8571428571428568,68,70,2,0,68,69,38247,0,0,0,0,1
2020-07-12,US,Oklahoma,Pottawatomie,158,4,0,35.20614018,-96.94923008,40125.0,217.65483799867755,2.5316455696202533,154,158,4,0,154,151,72679,0,0,0,0,7
2020-07-12,US,Oklahoma,Pushmataha,25,0,0,34.41635232,-95.37603505,40127.0,225.30641672674838,0.0,25,25,0,0,25,22,11179,0,0,0,0,3
2020-07-12,US,Oklahoma,Roger Mills,1,0,0,35.68711719,-99.69666167,40129.0,27.909572983533355,0.0,1,1,0,0,1,1,3656,0,0,0,0,0
2020-07-12,US,Oklahoma,Rogers,331,7,0,36.37004357,-95.60406759,40131.0,357.9965173752691,2.114803625377644,324,324,7,0,317,304,91984,7,0,0,7,20
2020-07-12,US,Oklahoma,Seminole,70,3,0,35.16478725,-96.61686741,40133.0,288.56459724626933,4.285714285714286,67,64,3,0,61,58,24578,6,0,0,6,6
2020-07-12,US,Oklahoma,Sequoyah,63,3,0,35.49447108,-94.75463785,40135.0,151.5552454954413,4.761904761904762,60,62,3,0,59,60,41179,1,0,0,1,2
2020-07-12,US,Oklahoma,Stephens,82,1,0,34.48556989,-97.85141892,40137.0,190.06559580928538,1.2195121951219512,81,81,1,0,80,78,43265,1,0,0,1,3
2020-07-12,US,Oklahoma,Texas,1005,6,0,36.74777635,-101.4889765,40139.0,5029.274883651105,0.5970149253731343,999,1005,6,0,999,1004,20455,0,0,0,0,1
2020-07-12,US,Oklahoma,Tillman,26,1,0,34.37288446,-98.92426619,40141.0,358.62068965517244,3.8461538461538463,25,26,1,0,25,26,7348,0,0,0,0,0
2020-07-12,US,Oklahoma,Tulsa,5099,75,0,36.11939621,-95.94013939,40143.0,782.592947301213,1.4708766424789177,5024,5005,75,0,4930,4828,648360,94,0,0,94,177
2020-07-12,US,Oklahoma,Wagoner,370,19,0,35.96024096,-95.51911308,40145.0,455.16613563950835,5.135135135135135,351,366,19,0,347,350,80110,4,0,0,4,16
2020-07-12,US,Oklahoma,Washington,448,39,0,36.71380786,-95.90514104,40147.0,869.4470859937509,8.705357142857142,409,448,39,0,409,445,51843,0,0,0,0,3
2020-07-12,US,Oklahoma,Washita,8,0,0,35.29071824,-98.99180434,40149.0,73.28691828508613,0.0,8,8,0,0,8,8,11127,0,0,0,0,0
2020-07-12,US,Oklahoma,Woods,9,0,0,36.76705782,-98.86573064,40151.0,102.35414534288635,0.0,9,9,0,0,9,9,8897,0,0,0,0,0
2020-07-12,US,Oklahoma,Woodward,15,0,0,36.42316318,-99.26283045,40153.0,74.2170105388155,0.0,15,15,0,0,15,15,20222,0,0,0,0,0
2020-07-12,US,Oregon,Baker,12,0,0,44.70915557,-117.6749883,41001.0,74.42322004465395,0.0,12,11,0,0,11,9,16006,1,0,0,1,2
2020-07-12,US,Oregon,Benton,114,6,0,44.49167306,-123.4316987,41003.0,122.51082716301462,5.2631578947368425,108,112,6,0,106,105,92101,2,0,0,2,7
2020-07-12,US,Oregon,Clackamas,987,27,0,45.18787398,-122.2179634,41005.0,236.0188145494719,2.735562310030395,960,955,27,0,928,925,416075,32,0,0,32,30
2020-07-12,US,Oregon,Clatsop,55,0,0,45.99712889,-123.660711,41007.0,136.7342879872713,0.0,55,55,0,0,55,55,39764,0,0,0,0,0
2020-07-12,US,Oregon,Columbia,48,0,0,45.94464254,-123.0890898,41009.0,91.6835389846048,0.0,48,48,0,0,48,47,52377,0,0,0,0,1
2020-07-12,US,Oregon,Coos,53,0,0,43.17406868,-124.0594514,41011.0,82.18710747902678,0.0,53,54,0,0,54,52,64389,-1,0,0,-1,2
2020-07-12,US,Oregon,Crook,18,1,0,44.14230227,-120.356297,41013.0,73.7584002622521,5.5555555555555545,17,18,1,0,17,18,23867,0,0,0,0,0
2020-07-12,US,Oregon,Curry,9,0,0,42.45911325,-124.157282,41015.0,39.25845147219193,0.0,9,9,0,0,9,9,22813,0,0,0,0,0
2020-07-12,US,Oregon,Deschutes,268,0,0,43.91570171,-121.2289121,41017.0,135.56441332982618,0.0,268,252,0,0,252,237,191996,16,0,0,16,15
2020-07-12,US,Oregon,Douglas,64,0,0,43.27941273,-123.167291,41019.0,57.66804829699045,0.0,64,60,0,0,60,58,110283,4,0,0,4,2
2020-07-12,US,Oregon,Gilliam,1,0,0,45.37160076,-120.2048869,41021.0,52.30125523012552,0.0,1,1,0,0,1,1,1894,0,0,0,0,0
2020-07-12,US,Oregon,Grant,1,0,0,44.49024544,-119.0068631,41023.0,13.890818169190164,0.0,1,1,0,0,1,1,7176,0,0,0,0,0
2020-07-12,US,Oregon,Harney,2,0,0,43.06422669,-118.9666306,41025.0,27.052617340727714,0.0,2,2,0,0,2,2,7329,0,0,0,0,0
2020-07-12,US,Oregon,Hood River,105,0,0,45.51872811,-121.65520359999998,41027.0,449.06338208878617,0.0,105,104,0,0,104,103,23428,1,0,0,1,1
2020-07-12,US,Oregon,Jackson,179,0,0,42.43201126,-122.7289309,41029.0,81.01600405532623,0.0,179,178,0,0,178,173,219564,1,0,0,1,5
2020-07-12,US,Oregon,Jefferson,168,0,0,44.62806839,-121.17832,41031.0,681.3204639467922,0.0,168,163,0,0,163,160,24192,5,0,0,5,3
2020-07-12,US,Oregon,Josephine,57,1,0,42.3665549,-123.5561938,41033.0,65.15253694834661,1.7543859649122806,56,57,1,0,56,55,87393,0,0,0,0,2
2020-07-12,US,Oregon,Klamath,137,1,0,42.68762984,-121.64964609999998,41035.0,200.76790058325275,0.7299270072992701,136,135,1,0,134,131,67653,2,0,0,2,4
2020-07-12,US,Oregon,Lake,24,0,0,42.79246693,-120.3850163,41037.0,304.99428135722457,0.0,24,24,0,0,24,24,7879,0,0,0,0,0
2020-07-12,US,Oregon,Lane,305,3,0,43.93727035,-122.847753,41039.0,79.8289305278917,0.9836065573770492,302,294,3,0,291,281,379611,11,0,0,11,13
2020-07-12,US,Oregon,Lincoln,361,5,0,44.64252874,-123.869912,41041.0,722.5491373443817,1.3850415512465375,356,361,5,0,356,362,49388,0,0,0,0,-1
2020-07-12,US,Oregon,Linn,181,10,0,44.48899494,-122.5373154,41043.0,139.50011175423316,5.524861878453039,171,174,10,0,164,172,127335,7,0,0,7,2
2020-07-12,US,Oregon,Malheur,373,2,0,43.1937027,-117.6227395,41045.0,1220.1105622976022,0.5361930294906166,371,302,1,0,301,286,30725,71,1,0,70,16
2020-07-12,US,Oregon,Marion,1859,53,0,44.90287942,-122.5815117,41047.0,534.4749265420421,2.8509951586874664,1806,1831,53,0,1778,1770,346868,28,0,0,28,61
2020-07-12,US,Oregon,Morrow,145,1,0,45.41846568,-119.584546,41049.0,1249.676807722141,0.6896551724137931,144,138,1,0,137,131,11372,7,0,0,7,7
2020-07-12,US,Oregon,Multnomah,2888,72,0,45.54747959,-122.4169351,41051.0,355.29091904460205,2.4930747922437675,2816,2824,72,0,2752,2730,811880,64,0,0,64,94
2020-07-12,US,Oregon,Polk,177,12,0,44.90322804,-123.4128888,41053.0,205.61073357727832,6.779661016949151,165,173,12,0,161,171,85234,4,0,0,4,2
2020-07-12,US,Oregon,Sherman,5,0,0,45.41501554,-120.6827834,41055.0,280.8988764044944,0.0,5,4,0,0,4,3,1708,1,0,0,1,1
2020-07-12,US,Oregon,Tillamook,16,0,0,45.46248721,-123.712066,41057.0,59.18035212309513,0.0,16,16,0,0,16,16,26787,0,0,0,0,0
2020-07-12,US,Oregon,Umatilla,1013,7,0,45.59073056,-118.7353826,41059.0,1299.5509942270687,0.6910167818361304,1006,987,7,0,980,937,77516,26,0,0,26,50
2020-07-12,US,Oregon,Union,369,2,0,45.30915495,-118.0068979,41061.0,1375.0698714365567,0.5420054200542005,367,369,2,0,367,368,26461,0,0,0,0,1
2020-07-12,US,Oregon,Wallowa,14,0,0,45.57894064,-117.18353799999998,41063.0,194.22863485016651,0.0,14,14,0,0,14,13,7081,0,0,0,0,1
2020-07-12,US,Oregon,Wasco,117,1,0,45.16292781,-121.1670954,41065.0,438.49786372835615,0.8547008547008547,116,116,1,0,115,106,26505,1,0,0,1,10
2020-07-12,US,Oregon,Washington,1847,21,0,45.55972701,-123.0955257,41067.0,307.0187103551909,1.136978884677856,1826,1815,20,0,1795,1764,597695,32,1,0,31,51
2020-07-12,US,Oregon,Yamhill,198,9,0,45.23330449,-123.3086963,41071.0,184.87394957983201,4.545454545454546,189,194,9,0,185,179,107002,4,0,0,4,15
2020-07-12,US,Pennsylvania,Adams,396,14,0,39.87140411,-77.21610347,42001.0,384.43242823442597,3.5353535353535355,382,385,14,0,371,377,102811,11,0,0,11,8
2020-07-12,US,Pennsylvania,Allegheny,4962,195,0,40.46809875,-79.98167747,42003.0,408.0441102097373,3.9298669891172913,4767,4762,193,0,4569,4547,1218452,200,2,0,198,215
2020-07-12,US,Pennsylvania,Armstrong,86,6,0,40.81665618,-79.46290811,42005.0,132.84930872016685,6.9767441860465125,80,84,6,0,78,84,65263,2,0,0,2,0
2020-07-12,US,Pennsylvania,Beaver,837,79,0,40.6825484,-80.34921611,42007.0,510.5869004264041,9.438470728793307,758,823,79,0,744,809,164742,14,0,0,14,14
2020-07-12,US,Pennsylvania,Bedford,92,4,0,40.00522157,-78.48998442,42009.0,192.11493484797862,4.3478260869565215,88,92,4,0,88,92,48176,0,0,0,0,0
2020-07-12,US,Pennsylvania,Berks,4692,358,0,40.41570541,-75.92457766,42011.0,1114.0553323645897,7.63000852514919,4334,4680,358,0,4322,4663,420152,12,0,0,12,17
2020-07-12,US,Pennsylvania,Blair,104,1,0,40.47961444,-78.34917412,42013.0,85.36555335757497,0.9615384615384616,103,102,1,0,101,99,122492,2,0,0,2,3
2020-07-12,US,Pennsylvania,Bradford,59,3,0,41.78869215,-76.51570822,42015.0,97.80680669064868,5.084745762711863,56,59,3,0,56,59,60833,0,0,0,0,0
2020-07-12,US,Pennsylvania,Bucks,6083,572,0,40.33682119,-75.10836643,42017.0,968.2143027679184,9.403254972875226,5511,6064,572,0,5492,6030,628195,19,0,0,19,34
2020-07-12,US,Pennsylvania,Butler,421,13,0,40.91152759,-79.91351055,42019.0,224.11140625914945,3.0878859857482186,408,410,13,0,397,403,187888,11,0,0,11,7
2020-07-12,US,Pennsylvania,Cambria,136,3,0,40.49527404,-78.71377428,42021.0,104.46110360083568,2.2058823529411766,133,132,3,0,129,123,131730,4,0,0,4,9
2020-07-12,US,Pennsylvania,Cameron,4,0,0,41.43625568,-78.20376845,42023.0,89.94827973915001,0.0,4,4,0,0,4,4,4492,0,0,0,0,0
2020-07-12,US,Pennsylvania,Carbon,298,27,0,40.91545395,-75.7068525,42025.0,464.30463369792153,9.060402684563758,271,297,27,0,270,296,64227,1,0,0,1,1
2020-07-12,US,Pennsylvania,Centre,243,8,0,40.92058903,-77.82200624,42027.0,149.64436370354406,3.2921810699588483,235,241,8,0,233,239,162805,2,0,0,2,2
2020-07-12,US,Pennsylvania,Chester,4012,333,0,39.97291773,-75.74768357,42029.0,764.206488135942,8.300099700897308,3679,3992,333,0,3659,3954,522046,20,0,0,20,38
2020-07-12,US,Pennsylvania,Clarion,62,2,0,41.19265812,-79.42413524,42031.0,161.29871481346584,3.2258064516129035,60,60,2,0,58,60,38779,2,0,0,2,0
2020-07-12,US,Pennsylvania,Clearfield,90,0,0,41.00110782,-78.47592663,42033.0,113.55750425840641,0.0,90,85,0,0,85,85,79388,5,0,0,5,0
2020-07-12,US,Pennsylvania,Clinton,97,4,0,41.23255967,-77.63785995,42035.0,251.0871816110996,4.123711340206185,93,95,4,0,91,95,38684,2,0,0,2,0
2020-07-12,US,Pennsylvania,Columbia,419,35,0,41.04821986,-76.40565017,42037.0,644.9726002093468,8.353221957040573,384,419,35,0,384,417,65456,0,0,0,0,2
2020-07-12,US,Pennsylvania,Crawford,77,1,0,41.68447709,-80.10760592,42039.0,90.98535962849613,1.2987012987012987,76,77,1,0,76,77,85063,0,0,0,0,0
2020-07-12,US,Pennsylvania,Cumberland,947,66,0,40.1625372,-77.26130755,42041.0,373.76169238662817,6.9693769799366425,881,935,66,0,869,930,251423,12,0,0,12,5
2020-07-12,US,Pennsylvania,Dauphin,2290,149,0,40.41377078,-76.77993242,42043.0,822.8559930147072,6.506550218340611,2141,2279,149,0,2130,2268,277097,11,0,0,11,11
2020-07-12,US,Pennsylvania,Delaware,7548,668,0,39.91680171,-75.40243663,42045.0,1331.811196177483,8.85002649708532,6880,7513,668,0,6845,7495,564751,35,0,0,35,18
2020-07-12,US,Pennsylvania,Elk,29,0,0,41.42822061,-78.64524744,42047.0,96.95753928452022,0.0,29,29,0,0,29,29,30169,0,0,0,0,0
2020-07-12,US,Pennsylvania,Erie,712,13,0,41.99253829,-80.03301954,42049.0,263.9696286629493,1.8258426966292132,699,707,13,0,694,704,272061,5,0,0,5,3
2020-07-12,US,Pennsylvania,Fayette,196,4,0,39.92041012,-79.64291195,42051.0,151.6159475223169,2.0408163265306123,192,194,4,0,190,178,130441,2,0,0,2,16
2020-07-12,US,Pennsylvania,Forest,7,0,0,41.51095103,-79.23229292,42053.0,96.59169311439214,0.0,7,7,0,0,7,7,7279,0,0,0,0,0
2020-07-12,US,Pennsylvania,Franklin,1003,46,0,39.92956518,-77.72157791,42055.0,646.9840737419934,4.586241276171487,957,997,46,0,951,993,154835,6,0,0,6,4
2020-07-12,US,Pennsylvania,Fulton,19,1,0,39.92913544,-78.11163677,42057.0,130.76393668272544,5.2631578947368425,18,19,1,0,18,19,14523,0,0,0,0,0
2020-07-12,US,Pennsylvania,Greene,70,0,0,39.85746531,-80.22357106,42059.0,193.1940496232716,0.0,70,67,0,0,67,61,36506,3,0,0,3,6
2020-07-12,US,Pennsylvania,Huntingdon,258,4,0,40.42162652,-77.97673273,42061.0,571.5045188729399,1.5503875968992251,254,257,4,0,253,256,45168,1,0,0,1,1
2020-07-12,US,Pennsylvania,Indiana,150,6,0,40.65241041,-79.08963285,42063.0,178.41637624445423,4.0,144,141,6,0,135,121,84501,9,0,0,9,20
2020-07-12,US,Pennsylvania,Jefferson,37,1,0,41.12913106,-78.9986361,42065.0,85.20437535981577,2.702702702702702,36,37,1,0,36,37,43641,0,0,0,0,0
2020-07-12,US,Pennsylvania,Juniata,116,6,0,40.53358749,-77.39975129999998,42067.0,468.4408189637766,5.172413793103448,110,116,6,0,110,114,24704,0,0,0,0,2
2020-07-12,US,Pennsylvania,Lackawanna,1761,209,0,41.43564672,-75.60379201,42069.0,839.8752348884459,11.86825667234526,1552,1756,209,0,1547,1753,210793,5,0,0,5,3
2020-07-12,US,Pennsylvania,Lancaster,4844,383,0,40.03904563,-76.24770128,42071.0,887.6281783465636,7.9066886870355075,4461,4816,383,0,4433,4783,543557,28,0,0,28,33
2020-07-12,US,Pennsylvania,Lawrence,174,9,0,40.99206278,-80.33393706,42073.0,203.48021330339603,5.172413793103448,165,171,9,0,162,159,86184,3,0,0,3,12
2020-07-12,US,Pennsylvania,Lebanon,1441,50,0,40.36680311,-76.45651841,42075.0,1016.2701966951823,3.469812630117973,1391,1429,50,0,1379,1419,141314,12,0,0,12,10
2020-07-12,US,Pennsylvania,Lehigh,4430,326,0,40.6154815,-75.59435245,42077.0,1199.508282834847,7.358916478555304,4104,4424,324,0,4100,4391,368100,6,2,0,4,33
2020-07-12,US,Pennsylvania,Luzerne,3017,181,0,41.17823008,-75.98447579,42079.0,950.4846936364467,5.99933708982433,2836,3002,181,0,2821,2992,317646,15,0,0,15,10
2020-07-12,US,Pennsylvania,Lycoming,242,20,0,41.34310539,-77.06629984,42081.0,213.59411821816607,8.264462809917353,222,240,20,0,220,239,113664,2,0,0,2,1
2020-07-12,US,Pennsylvania,McKean,20,1,0,41.80938602,-78.56478358,42083.0,49.23076923076921,5.0,19,20,1,0,19,20,40968,0,0,0,0,0
2020-07-12,US,Pennsylvania,Mercer,169,6,0,41.30248872,-80.25816981,42085.0,154.4450943120339,3.5502958579881656,163,166,6,0,160,162,110683,3,0,0,3,4
2020-07-12,US,Pennsylvania,Mifflin,72,1,0,40.61116939,-77.61070738,42087.0,156.05357839524902,1.3888888888888888,71,72,1,0,71,70,46222,0,0,0,0,2
2020-07-12,US,Pennsylvania,Monroe,1471,111,0,41.05934058,-75.34031025,42089.0,863.916932419496,7.545887151597552,1360,1470,111,0,1359,1462,169507,1,0,0,1,8
2020-07-12,US,Pennsylvania,Montgomery,8856,829,0,40.21053671,-75.36652296,42091.0,1065.812989294934,9.360885275519422,8027,8828,829,0,7999,8790,828604,28,0,0,28,38
2020-07-12,US,Pennsylvania,Montour,79,2,0,41.03023987,-76.66345939,42093.0,433.35161821173887,2.5316455696202533,77,77,2,0,75,77,18240,2,0,0,2,0
2020-07-12,US,Pennsylvania,Northampton,3554,279,0,40.75182733,-75.30471829,42095.0,1164.1580817924234,7.850309510410804,3275,3546,279,0,3267,3527,304807,8,0,0,8,19
2020-07-12,US,Pennsylvania,Northumberland,346,9,0,40.84785433,-76.70798222,42097.0,380.8768975044858,2.601156069364162,337,343,8,0,335,342,91083,3,1,0,2,1
2020-07-12,US,Pennsylvania,Perry,92,5,0,40.40206612,-77.26297447,42099.0,198.82434301521442,5.434782608695652,87,91,5,0,86,90,46139,1,0,0,1,1
2020-07-12,US,Pennsylvania,Philadelphia,27367,1637,0,40.00338507,-75.1379271,42101.0,1727.6448426326208,5.9816567398691864,25730,27367,1636,0,25731,27341,1584138,0,1,0,-1,26
2020-07-12,US,Pennsylvania,Pike,504,21,0,41.33155042,-75.03208106,42103.0,903.0801483631673,4.166666666666667,483,504,21,0,483,504,55933,0,0,0,0,0
2020-07-12,US,Pennsylvania,Potter,18,0,0,41.74471626,-77.89559864,42105.0,108.91927871233207,0.0,18,18,0,0,18,17,16622,0,0,0,0,1
2020-07-12,US,Pennsylvania,Schuylkill,776,47,0,40.70497338,-76.2150785,42107.0,548.9569111269889,6.056701030927835,729,773,47,0,726,769,142067,3,0,0,3,4
2020-07-12,US,Pennsylvania,Snyder,72,2,0,40.77129231,-77.06840691,42109.0,178.3414247498266,2.7777777777777777,70,72,2,0,70,72,40540,0,0,0,0,0
2020-07-12,US,Pennsylvania,Somerset,81,1,0,39.97172723,-79.02699593,42111.0,110.283605865454,1.2345679012345678,80,76,1,0,75,73,73952,5,0,0,5,3
2020-07-12,US,Pennsylvania,Sullivan,10,0,0,41.44634738,-76.51246591,42113.0,164.85328058028355,0.0,10,10,0,0,10,10,6071,0,0,0,0,0
2020-07-12,US,Pennsylvania,Susquehanna,195,25,0,41.82147784,-75.80071959,42115.0,483.53501289426697,12.82051282051282,170,193,25,0,168,192,40589,2,0,0,2,1
2020-07-12,US,Pennsylvania,Tioga,29,2,0,41.77255149,-77.25433032,42117.0,71.4444088591067,6.896551724137932,27,29,2,0,27,27,40763,0,0,0,0,2
2020-07-12,US,Pennsylvania,Union,99,2,0,40.96188846,-77.05996014,42119.0,220.3770896867974,2.0202020202020203,97,98,2,0,96,97,44785,1,0,0,1,1
2020-07-12,US,Pennsylvania,Venango,36,0,0,41.40323442,-79.75845449,42121.0,71.05076182205731,0.0,36,35,0,0,35,34,51266,1,0,0,1,1
2020-07-12,US,Pennsylvania,Warren,10,1,0,41.81304978,-79.26969577,42123.0,25.51606236125641,10.0,9,9,1,0,8,9,39498,1,0,0,1,0
2020-07-12,US,Pennsylvania,Washington,447,6,0,40.19208869,-80.24582867,42125.0,216.0829526502792,1.342281879194631,441,430,6,0,424,410,207346,17,0,0,17,20
2020-07-12,US,Pennsylvania,Wayne,141,8,0,41.64938475,-75.29956506,42127.0,274.52736512139563,5.673758865248227,133,141,8,0,133,141,51276,0,0,0,0,0
2020-07-12,US,Pennsylvania,Westmoreland,994,39,0,40.31377979999999,-79.46615476,42129.0,284.8962020527431,3.9235412474849096,955,975,39,0,936,952,350611,19,0,0,19,23
2020-07-12,US,Pennsylvania,Wyoming,45,7,0,41.51955538,-76.01074915,42131.0,167.94804807046353,15.555555555555555,38,44,7,0,37,42,27046,1,0,0,1,2
2020-07-12,US,Pennsylvania,York,1850,63,0,39.9210089,-76.73040131,42133.0,411.97350898993005,3.4054054054054053,1787,1830,62,0,1768,1791,448273,20,1,0,19,39
2020-07-12,US,Rhode Island,Bristol,256,0,0,41.71018079,-71.28652315,44001.0,528.0636976835331,0.0,256,256,0,0,256,256,48649,0,0,0,0,0
2020-07-12,US,Rhode Island,Kent,1234,0,0,41.67106337,-71.57641596,44003.0,751.1016969785504,0.0,1234,1234,0,0,1234,1234,163861,0,0,0,0,0
2020-07-12,US,Rhode Island,Newport,331,0,0,41.5642026,-71.26569799,44005.0,403.25528130406167,0.0,331,331,0,0,331,331,82542,0,0,0,0,0
2020-07-12,US,Rhode Island,Providence,13144,0,0,41.87064746,-71.57753536,44007.0,2057.1861437307,0.0,13144,13144,0,0,13144,13144,636084,0,0,0,0,0
2020-07-12,US,Rhode Island,Unassigned,1809,976,0,0.0,0.0,90044.0,0.0,53.95245992260918,833,1809,976,0,833,1809,,0,0,0,0,0
2020-07-12,US,Rhode Island,Washington,538,0,0,41.45961631,-71.61435303,44009.0,428.4224021914842,0.0,538,538,0,0,538,538,126179,0,0,0,0,0
2020-07-12,US,South Carolina,Abbeville,153,1,0,34.22333378,-82.46170658,45001.0,623.8023402780609,0.6535947712418301,152,150,1,0,149,141,24541,3,0,0,3,9
2020-07-12,US,South Carolina,Aiken,697,13,0,33.54338026,-81.63645384,45003.0,407.90767358022384,1.865136298421808,684,636,13,0,623,599,169401,61,0,0,61,37
2020-07-12,US,South Carolina,Allendale,85,3,0,32.98837386,-81.35321066,45005.0,978.3609576427257,3.5294117647058822,82,83,3,0,80,75,8903,2,0,0,2,8
2020-07-12,US,South Carolina,Anderson,1021,20,0,34.51828081,-82.63959517,45007.0,504.05316008254425,1.9588638589618024,1001,995,19,0,976,943,200482,26,1,0,25,52
2020-07-12,US,South Carolina,Bamberg,184,2,0,33.21927586,-81.05659969,45009.0,1308.1188681928054,1.0869565217391304,182,171,2,0,169,160,14275,13,0,0,13,11
2020-07-12,US,South Carolina,Barnwell,133,1,0,33.26679302,-81.43584352,45011.0,637.4005559283045,0.7518796992481203,132,130,1,0,129,114,21112,3,0,0,3,16
2020-07-12,US,South Carolina,Beaufort,1986,23,0,32.39226291,-80.72619758,45013.0,1033.7181582536098,1.1581067472306144,1963,1919,23,0,1896,1814,188715,67,0,0,67,105
2020-07-12,US,South Carolina,Berkeley,2204,25,0,33.20222596,-79.94654523,45015.0,967.0611258100893,1.134301270417423,2179,2106,25,0,2081,2019,221091,98,0,0,98,87
2020-07-12,US,South Carolina,Calhoun,156,2,0,33.66926881,-80.77722168,45017.0,1071.9439290867863,1.2820512820512822,154,148,2,0,146,140,14520,8,0,0,8,8
2020-07-12,US,South Carolina,Charleston,7555,60,0,32.82487866,-79.96512315,45019.0,1836.3854683694449,0.7941760423560555,7495,7272,59,0,7213,6961,405905,283,1,0,282,311
2020-07-12,US,South Carolina,Cherokee,248,9,0,35.05122251,-81.61828622,45021.0,432.8097731239092,3.629032258064516,239,240,9,0,231,235,57078,8,0,0,8,5
2020-07-12,US,South Carolina,Chester,285,4,0,34.69249168,-81.1583216,45023.0,883.8853740230742,1.4035087719298245,281,273,3,0,270,261,32251,12,1,0,11,12
2020-07-12,US,South Carolina,Chesterfield,449,15,0,34.64137396,-80.15640140000002,45025.0,983.5706462212486,3.3407572383073503,434,438,15,0,423,432,45754,11,0,0,11,6
2020-07-12,US,South Carolina,Clarendon,487,46,0,33.66610974,-80.21647898,45027.0,1443.1767669284338,9.44558521560575,441,481,45,0,436,463,33700,6,1,0,5,18
2020-07-12,US,South Carolina,Colleton,473,22,0,32.87582989,-80.67641292,45029.0,1255.4078084773205,4.651162790697675,451,458,22,0,436,432,37660,15,0,0,15,26
2020-07-12,US,South Carolina,Darlington,563,17,0,34.33358335,-79.96027485,45031.0,845.1169353628148,3.019538188277087,546,548,17,0,531,531,66802,15,0,0,15,17
2020-07-12,US,South Carolina,Dillon,384,14,0,34.39007791,-79.37741872,45033.0,1259.8838544571672,3.6458333333333335,370,376,14,0,362,370,30599,8,0,0,8,6
2020-07-12,US,South Carolina,Dorchester,1527,8,0,33.0794369,-80.40502652,45035.0,937.9088379635033,0.5239030779305829,1519,1442,8,0,1434,1357,160647,85,0,0,85,85
2020-07-12,US,South Carolina,Edgefield,125,4,0,33.77221995,-81.96231108,45037.0,458.547322083639,3.2,121,121,4,0,117,110,27052,4,0,0,4,11
2020-07-12,US,South Carolina,Fairfield,369,22,0,34.39287073,-81.1195624,45039.0,1651.2283527990335,5.9620596205962055,347,360,22,0,338,335,22402,9,0,0,9,25
2020-07-12,US,South Carolina,Florence,1621,58,0,34.02361754,-79.70189312,45041.0,1172.1489880181932,3.5780382479950648,1563,1570,58,0,1512,1525,138159,51,0,0,51,45
2020-07-12,US,South Carolina,Georgetown,791,7,0,33.43443342,-79.33202141,45043.0,1261.9655392469688,0.8849557522123894,784,768,7,0,761,729,62249,23,0,0,23,39
2020-07-12,US,South Carolina,Greenville,7145,105,0,34.89502264,-82.37295012,45045.0,1364.7424657429585,1.469559132260322,7040,6929,103,0,6826,6653,514213,216,2,0,214,276
2020-07-12,US,South Carolina,Greenwood,799,7,0,34.15272415,-82.12715789,45047.0,1128.355763934982,0.8760951188986232,792,767,7,0,760,697,70741,32,0,0,32,70
2020-07-12,US,South Carolina,Hampton,106,3,0,32.77419582,-81.13845571,45049.0,551.4514618666112,2.830188679245283,103,101,3,0,98,92,19351,5,0,0,5,9
2020-07-12,US,South Carolina,Horry,5793,73,0,33.9212828,-78.99555293,45051.0,1636.0663238072643,1.2601415501467288,5720,5585,72,0,5513,5377,344147,208,1,0,207,208
2020-07-12,US,South Carolina,Jasper,265,3,0,32.43171982,-81.02487495,45053.0,881.1891065074983,1.1320754716981132,262,258,3,0,255,248,28971,7,0,0,7,10
2020-07-12,US,South Carolina,Kershaw,859,17,0,34.33988254,-80.58763164,45055.0,1290.7394329161095,1.9790454016298016,842,846,17,0,829,832,65592,13,0,0,13,14
2020-07-12,US,South Carolina,Lancaster,657,15,0,34.68270843,-80.70513032,45057.0,670.3260825205077,2.2831050228310503,642,634,15,0,619,612,95380,23,0,0,23,22
2020-07-12,US,South Carolina,Laurens,756,14,0,34.48244419,-82.00490796,45059.0,1120.1161601943904,1.851851851851852,742,733,14,0,719,692,66994,23,0,0,23,41
2020-07-12,US,South Carolina,Lee,345,23,0,34.16393091,-80.25690731,45061.0,2050.154504397433,6.666666666666668,322,337,22,0,315,340,17142,8,1,0,7,-3
2020-07-12,US,South Carolina,Lexington,2943,61,0,33.89665987,-81.27146426,45063.0,985.1046025104604,2.072714916751614,2882,2834,59,0,2775,2750,295032,109,2,0,107,84
2020-07-12,US,South Carolina,Marion,321,9,0,34.07859748,-79.36400756,45067.0,1047.0691848517467,2.803738317757009,312,304,9,0,295,299,31039,17,0,0,17,5
2020-07-12,US,South Carolina,Marlboro,334,4,0,34.59905577,-79.67561152,45069.0,1278.8115475916993,1.1976047904191616,330,329,4,0,325,328,26398,5,0,0,5,1
2020-07-12,US,South Carolina,McCormick,49,2,0,33.90161443,-82.30794338,45065.0,517.8061925393638,4.081632653061225,47,43,2,0,41,36,9410,6,0,0,6,7
2020-07-12,US,South Carolina,Newberry,419,5,0,34.28629098,-81.59935761,45071.0,1090.0104058272632,1.1933174224343674,414,393,5,0,388,377,38520,26,0,0,26,16
2020-07-12,US,South Carolina,Oconee,443,1,0,34.75225169,-83.06742317,45073.0,556.9104668996555,0.2257336343115124,442,428,1,0,427,411,78374,15,0,0,15,17
2020-07-12,US,South Carolina,Orangeburg,1174,21,0,33.4391073,-80.79886287,45075.0,1362.3440673049029,1.788756388415673,1153,1140,21,0,1119,1066,86934,34,0,0,34,74
2020-07-12,US,South Carolina,Pickens,1181,7,0,34.88807695,-82.72791551,45077.0,930.771413259355,0.5927180355630821,1174,1150,7,0,1143,1115,124937,31,0,0,31,35
2020-07-12,US,South Carolina,Richland,4875,98,0,34.01791263,-80.90267209,45079.0,1172.5542922702816,2.0102564102564098,4777,4722,98,0,4624,4571,414576,153,0,0,153,151
2020-07-12,US,South Carolina,Saluda,281,2,0,34.00795823,-81.72713237,45081.0,1372.5394421921555,0.7117437722419929,279,272,2,0,270,259,20544,9,0,0,9,13
2020-07-12,US,South Carolina,Spartanburg,2460,58,0,34.92960077,-81.99225984,45083.0,769.2668511656267,2.3577235772357725,2402,2363,58,0,2305,2238,313888,97,0,0,97,125
2020-07-12,US,South Carolina,Sumter,1421,30,0,33.91826534,-80.37942316,45085.0,1331.5092624694296,2.1111893033075297,1391,1373,30,0,1343,1313,106512,48,0,0,48,60
2020-07-12,US,South Carolina,Union,154,0,0,34.68835752,-81.61730349,45087.0,563.7721481915361,0.0,154,153,0,0,153,138,27410,1,0,0,1,15
2020-07-12,US,South Carolina,Williamsburg,487,15,0,33.62190129,-79.72767442,45089.0,1603.6617492096946,3.0800821355236137,472,481,15,0,466,469,30606,6,0,0,6,12
2020-07-12,US,South Carolina,York,1885,12,0,34.97281497,-81.18085944,45091.0,670.8686414287189,0.6366047745358089,1873,1839,12,0,1827,1760,274118,46,0,0,46,79
2020-07-12,US,South Dakota,Aurora,34,0,0,43.71757685,-98.56050467,46003.0,1235.9142130134496,0.0,34,34,0,0,34,34,2801,0,0,0,0,0
2020-07-12,US,South Dakota,Beadle,553,8,0,44.41464384,-98.27858469,46005.0,2996.8026879098247,1.4466546112115732,545,551,8,0,543,551,18883,2,0,0,2,0
2020-07-12,US,South Dakota,Bennett,4,0,0,43.19486375,-101.6665572,46007.0,118.87072808320951,0.0,4,4,0,0,4,4,3468,0,0,0,0,0
2020-07-12,US,South Dakota,Bon Homme,14,0,0,42.98914167,-97.88592746,46009.0,202.86914939863792,0.0,14,13,0,0,13,13,6980,1,0,0,1,0
2020-07-12,US,South Dakota,Brookings,95,0,0,44.36974375,-96.79079945,46011.0,270.8327394018873,0.0,95,94,0,0,94,90,35232,1,0,0,1,4
2020-07-12,US,South Dakota,Brown,358,2,0,45.58994323,-98.35165355,46013.0,921.753907155179,0.5586592178770949,356,356,2,0,354,354,39316,2,0,0,2,2
2020-07-12,US,South Dakota,Brule,34,0,0,43.71756379,-99.08118954,46015.0,641.872758164999,0.0,34,33,0,0,33,33,5229,1,0,0,1,0
2020-07-12,US,South Dakota,Buffalo,86,3,0,44.07657829,-99.20814467,46017.0,4383.2823649337415,3.4883720930232562,83,85,3,0,82,83,2036,1,0,0,1,2
2020-07-12,US,South Dakota,Butte,3,0,0,44.90608745,-103.5079318,46019.0,28.765941125707158,0.0,3,3,0,0,3,2,10222,0,0,0,0,1
2020-07-12,US,South Dakota,Campbell,1,0,0,45.77074915,-100.0510181,46021.0,72.67441860465118,0.0,1,1,0,0,1,1,1377,0,0,0,0,0
2020-07-12,US,South Dakota,Charles Mix,96,0,0,43.20660134,-98.58856175,46023.0,1033.1467929401636,0.0,96,96,0,0,96,96,9338,0,0,0,0,0
2020-07-12,US,South Dakota,Clark,15,0,0,44.85834507,-97.72925109,46025.0,401.4989293361885,0.0,15,15,0,0,15,15,3739,0,0,0,0,0
2020-07-12,US,South Dakota,Clay,93,0,0,42.91296147,-96.97656917,46027.0,660.9808102345414,0.0,93,93,0,0,93,93,14041,0,0,0,0,0
2020-07-12,US,South Dakota,Codington,92,0,0,44.97788119,-97.18827677,46029.0,328.46585026241564,0.0,92,92,0,0,92,92,28015,0,0,0,0,0
2020-07-12,US,South Dakota,Corson,20,0,0,45.70889983,-101.1970473,46031.0,489.47626040137055,0.0,20,20,0,0,20,19,4165,0,0,0,0,1
2020-07-12,US,South Dakota,Custer,10,0,0,43.67741105,-103.4534521,46033.0,111.45786892554614,0.0,10,10,0,0,10,10,8726,0,0,0,0,0
2020-07-12,US,South Dakota,Davison,55,0,0,43.67490933,-98.14458906,46035.0,278.12895069532243,0.0,55,54,0,0,54,52,19790,1,0,0,1,2
2020-07-12,US,South Dakota,Day,19,0,0,45.367281,-97.60737498,46037.0,350.29498525073745,0.0,19,19,0,0,19,19,5505,0,0,0,0,0
2020-07-12,US,South Dakota,Deuel,5,0,0,44.75994309,-96.66943645,46039.0,114.91611123879568,0.0,5,5,0,0,5,4,4337,0,0,0,0,1
2020-07-12,US,South Dakota,Dewey,35,0,0,45.15639647,-100.8709139,46041.0,594.0257976917853,0.0,35,33,0,0,33,33,5904,2,0,0,2,0
2020-07-12,US,South Dakota,Douglas,10,0,0,43.38520741,-98.36978007,46043.0,342.3485107839781,0.0,10,10,0,0,10,10,2935,0,0,0,0,0
2020-07-12,US,South Dakota,Edmunds,8,0,0,45.41846445,-99.21545423,46045.0,208.9318359885088,0.0,8,8,0,0,8,8,3875,0,0,0,0,0
2020-07-12,US,South Dakota,Fall River,13,0,0,43.23929297,-103.5275691,46047.0,193.65410397735738,0.0,13,13,0,0,13,13,6758,0,0,0,0,0
2020-07-12,US,South Dakota,Faulk,24,1,0,45.07082625,-99.14535601,46049.0,1043.9321444106133,4.166666666666667,23,24,1,0,23,24,2330,0,0,0,0,0
2020-07-12,US,South Dakota,Grant,17,0,0,45.1723937,-96.77002276,46051.0,241.0663641520136,0.0,17,16,0,0,16,16,7147,1,0,0,1,0
2020-07-12,US,South Dakota,Gregory,5,0,0,43.19419064,-99.18883902,46053.0,119.47431302270012,0.0,5,5,0,0,5,5,4212,0,0,0,0,0
2020-07-12,US,South Dakota,Haakon,1,0,0,44.29299053,-101.539099,46055.0,52.6592943654555,0.0,1,1,0,0,1,1,1918,0,0,0,0,0
2020-07-12,US,South Dakota,Hamlin,13,0,0,44.67385954,-97.18829593,46057.0,210.90201168072682,0.0,13,13,0,0,13,13,6111,0,0,0,0,0
2020-07-12,US,South Dakota,Hand,7,0,0,44.54708407,-99.00386459,46059.0,219.36696960200558,0.0,7,7,0,0,7,7,3262,0,0,0,0,0
2020-07-12,US,South Dakota,Hanson,13,0,0,43.6746384,-97.78715148,46061.0,376.4842166232262,0.0,13,13,0,0,13,13,3376,0,0,0,0,0
2020-07-12,US,South Dakota,Hughes,70,2,0,44.39091534,-99.99661148,46065.0,399.4065959146411,2.8571428571428568,68,69,2,0,67,68,17650,1,0,0,1,1
2020-07-12,US,South Dakota,Hutchinson,17,0,0,43.33449012,-97.75536441,46067.0,233.16417501028664,0.0,17,15,0,0,15,15,7380,2,0,0,2,0
2020-07-12,US,South Dakota,Hyde,3,0,0,44.54747703,-99.48572582,46069.0,230.59185242121444,0.0,3,3,0,0,3,3,1282,0,0,0,0,0
2020-07-12,US,South Dakota,Jackson,7,1,0,43.69318385,-101.6255063,46071.0,209.33014354066987,14.285714285714285,6,6,1,0,5,6,3307,1,0,0,1,0
2020-07-12,US,South Dakota,Jerauld,39,1,0,44.06637798,-98.62965972,46073.0,1937.4068554396426,2.5641025641025643,38,39,1,0,38,39,2043,0,0,0,0,0
2020-07-12,US,South Dakota,Jones,1,0,0,43.96278565,-100.6940008,46075.0,110.74197120708747,0.0,1,1,0,0,1,1,928,0,0,0,0,0
2020-07-12,US,South Dakota,Kingsbury,8,0,0,44.36956169,-97.4913945,46077.0,161.97610852399268,0.0,8,6,0,0,6,6,4919,2,0,0,2,0
2020-07-12,US,South Dakota,Lake,29,1,0,44.02193107,-97.12926365,46079.0,226.6156130343049,3.4482758620689653,28,29,1,0,28,26,13057,0,0,0,0,3
2020-07-12,US,South Dakota,Lawrence,20,0,0,44.35919441,-103.7929428,46081.0,77.3874013310633,0.0,20,20,0,0,20,19,25741,0,0,0,0,1
2020-07-12,US,South Dakota,Lincoln,396,1,0,43.27841182,-96.7203905,46083.0,647.8209658421673,0.2525252525252525,395,390,1,0,389,384,58807,6,0,0,6,6
2020-07-12,US,South Dakota,Lyman,82,1,0,43.89522709,-99.85201878,46085.0,2168.7384289870406,1.2195121951219512,81,82,1,0,81,84,3821,0,0,0,0,-2
2020-07-12,US,South Dakota,Marshall,5,0,0,45.75870838,-97.59855639,46091.0,101.31712259371834,0.0,5,5,0,0,5,5,5112,0,0,0,0,0
2020-07-12,US,South Dakota,McCook,17,1,0,43.6742571,-97.36863144,46087.0,304.33225921947724,5.882352941176472,16,16,1,0,15,15,5546,1,0,0,1,1
2020-07-12,US,South Dakota,McPherson,6,0,0,45.76626028,-99.22118798,46089.0,252.20680958385879,0.0,6,5,0,0,5,5,2407,1,0,0,1,0
2020-07-12,US,South Dakota,Meade,53,1,0,44.56676791,-102.7162741,46093.0,187.0676267118453,1.8867924528301887,52,53,1,0,52,53,28294,0,0,0,0,0
2020-07-12,US,South Dakota,Mellette,9,0,0,43.58078848,-100.7563186,46095.0,436.6812227074236,0.0,9,9,0,0,9,6,2042,0,0,0,0,3
2020-07-12,US,South Dakota,Miner,10,0,0,44.02197882,-97.60992207,46097.0,451.2635379061372,0.0,10,10,0,0,10,10,2213,0,0,0,0,0
2020-07-12,US,South Dakota,Minnehaha,3756,60,0,43.67441641,-96.7910885,46099.0,1944.7637391655533,1.597444089456869,3696,3751,60,0,3691,3738,192876,5,0,0,5,13
2020-07-12,US,South Dakota,Moody,23,0,0,44.02266214,-96.67081159,46101.0,349.7566909975669,0.0,23,23,0,0,23,23,6579,0,0,0,0,0
2020-07-12,US,South Dakota,Oglala Lakota,112,0,0,43.33749164,-102.5555498,46102.0,790.0119912534386,0.0,112,109,0,0,109,108,14309,3,0,0,3,1
2020-07-12,US,South Dakota,Pennington,635,21,0,44.0025835,-102.8240777,46103.0,558.1190947044605,3.307086614173228,614,630,21,0,609,624,111729,5,0,0,5,6
2020-07-12,US,South Dakota,Perkins,1,0,0,45.49049506,-102.4755586,46105.0,34.904013961605585,0.0,1,1,0,0,1,,2922,0,0,0,0,
2020-07-12,US,South Dakota,Roberts,57,0,0,45.62975048,-96.94672673,46109.0,548.3933038291322,0.0,57,56,0,0,56,53,10447,1,0,0,1,3
2020-07-12,US,South Dakota,Sanborn,12,0,0,44.02351092,-98.0909816,46111.0,511.9453924914676,0.0,12,12,0,0,12,12,2429,0,0,0,0,0
2020-07-12,US,South Dakota,Spink,14,0,0,44.93837606,-98.34626602,46115.0,219.57340025094103,0.0,14,12,0,0,12,12,6495,2,0,0,2,0
2020-07-12,US,South Dakota,Stanley,14,0,0,44.41381872,-100.7349153,46117.0,451.9044544867656,0.0,14,14,0,0,14,14,3022,0,0,0,0,0
2020-07-12,US,South Dakota,Sully,1,0,0,44.71571812,-100.1278092,46119.0,71.89072609633357,0.0,1,1,0,0,1,1,1392,0,0,0,0,0
2020-07-12,US,South Dakota,Todd,66,2,0,43.19338568,-100.7195503,46121.0,648.5211751989781,3.0303030303030303,64,65,2,0,63,65,10283,1,0,0,1,0
2020-07-12,US,South Dakota,Tripp,19,0,0,43.34459388,-99.8854891,46123.0,349.2005146112847,0.0,19,19,0,0,19,19,5478,0,0,0,0,0
2020-07-12,US,South Dakota,Turner,29,0,0,43.3109081,-97.14865776,46125.0,345.89694656488547,0.0,29,29,0,0,29,28,8424,0,0,0,0,1
2020-07-12,US,South Dakota,Union,151,1,0,42.83112163,-96.6557828,46127.0,947.7780567411496,0.6622516556291391,150,150,1,0,149,148,15619,1,0,0,1,2
2020-07-12,US,South Dakota,Walworth,16,0,0,45.43019636,-100.0307514,46129.0,294.3882244710212,0.0,16,16,0,0,16,16,5587,0,0,0,0,0
2020-07-12,US,South Dakota,Yankton,85,2,0,43.00924485,-97.39467635,46135.0,372.57824143070053,2.3529411764705883,83,84,2,0,82,84,22869,1,0,0,1,0
2020-07-12,US,South Dakota,Ziebach,3,0,0,44.97881876,-101.6654622,46137.0,108.8534107402032,0.0,3,3,0,0,3,3,2742,0,0,0,0,0
2020-07-12,US,Tennessee,Anderson,200,2,0,36.12684348,-84.19965764,47001.0,259.814492452389,1.0,198,195,2,0,193,189,76482,5,0,0,5,6
2020-07-12,US,Tennessee,Bedford,624,9,0,35.51123746,-86.45549096,47003.0,1255.204875988172,1.4423076923076923,615,623,9,0,614,598,49038,1,0,0,1,25
2020-07-12,US,Tennessee,Benton,15,1,0,36.07110411,-88.06849355,47005.0,92.82178217821782,6.666666666666668,14,15,1,0,14,15,16184,0,0,0,0,0
2020-07-12,US,Tennessee,Bledsoe,629,1,0,35.59942968,-85.20611967,47007.0,4175.517790759426,0.1589825119236884,628,629,1,0,628,627,14755,0,0,0,0,2
2020-07-12,US,Tennessee,Blount,339,3,0,35.68938198,-83.92847788,47009.0,254.71868237557103,0.8849557522123894,336,340,3,0,337,306,131349,-1,0,0,-1,34
2020-07-12,US,Tennessee,Bradley,972,4,0,35.15739424,-84.857186,47011.0,899.0842660253445,0.41152263374485604,968,959,4,0,955,925,106727,13,0,0,13,34
2020-07-12,US,Tennessee,Campbell,70,1,0,36.40355516,-84.15108559999999,47013.0,175.69399126549868,1.4285714285714286,69,69,1,0,68,67,39583,1,0,0,1,2
2020-07-12,US,Tennessee,Cannon,50,0,0,35.80990797,-86.05738983,47015.0,340.64586455920426,0.0,50,49,0,0,49,46,14462,1,0,0,1,3
2020-07-12,US,Tennessee,Carroll,52,1,0,35.97366108,-88.45189331,47017.0,187.2726617927756,1.9230769230769231,51,52,1,0,51,52,28020,0,0,0,0,0
2020-07-12,US,Tennessee,Carter,105,2,0,36.28969086,-82.12588974,47019.0,186.19992552002967,1.9047619047619049,103,103,1,0,102,87,56351,2,1,0,1,16
2020-07-12,US,Tennessee,Cheatham,275,3,0,36.26136216,-87.08903581,47021.0,676.223965377333,1.0909090909090908,272,269,3,0,266,264,40439,6,0,0,6,5
2020-07-12,US,Tennessee,Chester,69,0,0,35.42527478,-88.6095842,47023.0,398.9131063190149,0.0,69,63,0,0,63,59,17276,6,0,0,6,4
2020-07-12,US,Tennessee,Claiborne,68,0,0,36.48319149,-83.65947309,47025.0,212.77261491285708,0.0,68,68,0,0,68,68,31756,0,0,0,0,0
2020-07-12,US,Tennessee,Clay,20,0,0,36.55151008,-85.53930419,47027.0,262.6395272488509,0.0,20,20,0,0,20,18,7717,0,0,0,0,2
2020-07-12,US,Tennessee,Cocke,138,0,0,35.9278914,-83.11828725,47029.0,383.29074547272523,0.0,138,136,0,0,136,130,35774,2,0,0,2,6
2020-07-12,US,Tennessee,Coffee,143,0,0,35.49090731,-86.07311784,47031.0,253.00778485491853,0.0,143,141,0,0,141,137,55700,2,0,0,2,4
2020-07-12,US,Tennessee,Crockett,54,3,0,35.81830662,-89.14916269,47033.0,379.47997189037244,5.5555555555555545,51,52,3,0,49,49,14328,2,0,0,2,3
2020-07-12,US,Tennessee,Cumberland,221,4,0,35.95271721,-84.99840585,47035.0,365.1685393258427,1.8099547511312215,217,213,4,0,209,200,59673,8,0,0,8,13
2020-07-12,US,Tennessee,Davidson,13309,143,0,36.17007426,-86.78646056,47037.0,1917.3255117093854,1.0744608911263056,13166,13162,143,0,13019,12935,692587,147,0,0,147,227
2020-07-12,US,Tennessee,DeKalb,85,0,0,35.97616272,-85.83689361,47041.0,414.8365056124939,0.0,85,85,0,0,85,82,20138,0,0,0,0,3
2020-07-12,US,Tennessee,Decatur,29,0,0,35.60048904,-88.11043779,47039.0,248.6495755808968,0.0,29,27,0,0,27,28,11706,2,0,0,2,-1
2020-07-12,US,Tennessee,Dickson,275,0,0,36.14669837,-87.35891709,47043.0,509.7501297545785,0.0,275,258,0,0,258,251,53446,17,0,0,17,7
2020-07-12,US,Tennessee,Dyer,292,3,0,36.05931946,-89.41542855,47045.0,785.8123200301407,1.0273972602739727,289,291,3,0,288,280,37320,1,0,0,1,11
2020-07-12,US,Tennessee,Fayette,370,5,0,35.19615831,-89.41399032,47047.0,899.5210658109061,1.351351351351351,365,368,5,0,363,357,40507,2,0,0,2,11
2020-07-12,US,Tennessee,Fentress,27,0,0,36.38128818,-84.92870012,47049.0,145.7647249365654,0.0,27,26,0,0,26,27,18217,1,0,0,1,-1
2020-07-12,US,Tennessee,Franklin,116,3,0,35.15634626,-86.09201039,47051.0,274.8294162244124,2.586206896551724,113,116,3,0,113,110,41890,0,0,0,0,6
2020-07-12,US,Tennessee,Gibson,181,1,0,35.99438059,-88.93358327,47053.0,368.38784523639913,0.5524861878453039,180,177,1,0,176,166,49045,4,0,0,4,11
2020-07-12,US,Tennessee,Giles,105,1,0,35.20222469,-87.03992678,47055.0,356.36709204452904,0.9523809523809524,104,103,1,0,102,89,29503,2,0,0,2,14
2020-07-12,US,Tennessee,Grainger,56,0,0,36.27469206,-83.51254721,47057.0,240.1372212692968,0.0,56,56,0,0,56,55,23145,0,0,0,0,1
2020-07-12,US,Tennessee,Greene,151,2,0,36.17470125,-82.84691273,47059.0,218.62195775239255,1.3245033112582782,149,151,2,0,149,138,69087,0,0,0,0,13
2020-07-12,US,Tennessee,Grundy,65,2,0,35.38433717,-85.72142731,47061.0,484.09920309823485,3.0769230769230766,63,65,2,0,63,65,13346,0,0,0,0,0
2020-07-12,US,Tennessee,Hamblen,474,4,0,36.21990035,-83.26586179,47063.0,729.9719715403332,0.8438818565400844,470,472,4,0,468,447,64569,2,0,0,2,25
2020-07-12,US,Tennessee,Hamilton,3364,38,0,35.17670231,-85.16652245,47065.0,914.6175680525496,1.1296076099881094,3326,3305,38,0,3267,3196,364286,59,0,0,59,109
2020-07-12,US,Tennessee,Hancock,12,0,0,36.52692871,-83.22375847,47067.0,181.2688821752266,0.0,12,11,0,0,11,11,6549,1,0,0,1,0
2020-07-12,US,Tennessee,Hardeman,418,4,0,35.20772017,-88.99161161,47069.0,1668.6626746506986,0.9569377990430622,414,411,4,0,407,400,25220,7,0,0,7,11
2020-07-12,US,Tennessee,Hardin,128,7,0,35.19732531,-88.18593755,47071.0,498.98643380633087,5.46875,121,125,7,0,118,125,25776,3,0,0,3,0
2020-07-12,US,Tennessee,Hawkins,91,2,0,36.44355426,-82.94885298,47073.0,160.25076603388158,2.1978021978021984,89,86,2,0,84,83,56530,5,0,0,5,3
2020-07-12,US,Tennessee,Haywood,121,3,0,35.58332824,-89.28536625,47075.0,699.2602866389273,2.479338842975207,118,118,3,0,115,113,17335,3,0,0,3,5
2020-07-12,US,Tennessee,Henderson,74,0,0,35.65581134,-88.38600175,47077.0,263.1859728989579,0.0,74,71,0,0,71,65,27847,3,0,0,3,6
2020-07-12,US,Tennessee,Henry,53,0,0,36.33160906,-88.30121797,47079.0,163.8584016076673,0.0,53,51,0,0,51,50,32358,2,0,0,2,1
2020-07-12,US,Tennessee,Hickman,105,0,0,35.80609681,-87.47643507,47081.0,417.0307411232028,0.0,105,103,0,0,103,101,25063,2,0,0,2,2
2020-07-12,US,Tennessee,Houston,20,0,0,36.28872054,-87.71878828,47083.0,243.8726984514084,0.0,20,20,0,0,20,20,8263,0,0,0,0,0
2020-07-12,US,Tennessee,Humphreys,47,2,0,36.03958805,-87.77992872,47085.0,252.9329458615865,4.25531914893617,45,39,2,0,37,39,18486,8,0,0,8,0
2020-07-12,US,Tennessee,Jackson,47,0,0,36.36380466,-85.67239905,47087.0,398.7782114372985,0.0,47,47,0,0,47,46,11758,0,0,0,0,1
2020-07-12,US,Tennessee,Jefferson,187,1,0,36.04818632,-83.45148924,47089.0,343.15074777502525,0.5347593582887701,186,182,1,0,181,164,54012,5,0,0,5,18
2020-07-12,US,Tennessee,Johnson,46,0,0,36.45523950000001,-81.84886538,47091.0,258.6013042500562,0.0,46,46,0,0,46,45,17778,0,0,0,0,1
2020-07-12,US,Tennessee,Knox,1620,9,0,35.99508821,-83.94635435,47093.0,344.45146104828063,0.5555555555555556,1611,1591,9,0,1582,1506,465289,29,0,0,29,85
2020-07-12,US,Tennessee,Lake,696,0,0,36.34180170000001,-89.48921915,47095.0,9920.18244013683,0.0,696,697,0,0,697,696,7411,-1,0,0,-1,1
2020-07-12,US,Tennessee,Lauderdale,182,4,0,35.75893438,-89.63015909999999,47097.0,710.0222369601686,2.1978021978021984,178,180,4,0,176,175,25825,2,0,0,2,5
2020-07-12,US,Tennessee,Lawrence,239,6,0,35.21675201,-87.39787695,47099.0,541.4344615105796,2.510460251046025,233,232,6,0,226,227,43734,7,0,0,7,5
2020-07-12,US,Tennessee,Lewis,11,0,0,35.52853208,-87.49022694,47101.0,89.66416693837627,0.0,11,11,0,0,11,10,12086,0,0,0,0,1
2020-07-12,US,Tennessee,Lincoln,87,0,0,35.13738622,-86.58910106,47103.0,253.15719024617354,0.0,87,86,0,0,86,84,34117,1,0,0,1,2
2020-07-12,US,Tennessee,Loudon,328,2,0,35.73939663,-84.31145275,47105.0,606.643485980617,0.6097560975609756,326,332,2,0,330,320,53054,-4,0,0,-4,12
2020-07-12,US,Tennessee,Macon,603,7,0,36.53157855,-86.00778595,47111.0,2451.020242256727,1.1608623548922057,596,597,7,0,590,568,24265,6,0,0,6,29
2020-07-12,US,Tennessee,Madison,363,2,0,35.61181957,-88.84076036,47113.0,370.4686479425212,0.5509641873278237,361,352,2,0,350,347,97605,11,0,0,11,5
2020-07-12,US,Tennessee,Marion,95,4,0,35.12997174,-85.62265895,47115.0,328.6401217698136,4.2105263157894735,91,94,4,0,90,91,28575,1,0,0,1,3
2020-07-12,US,Tennessee,Marshall,118,2,0,35.45798777,-86.76420988,47117.0,343.27272727272725,1.6949152542372878,116,115,2,0,113,108,33683,3,0,0,3,7
2020-07-12,US,Tennessee,Maury,462,3,0,35.6187413,-87.07462444,47119.0,479.3177503190264,0.6493506493506493,459,454,3,0,451,431,94340,8,0,0,8,23
2020-07-12,US,Tennessee,McMinn,284,19,0,35.42812616,-84.61520715,47107.0,527.9399189500688,6.690140845070423,265,276,19,0,257,270,53285,8,0,0,8,6
2020-07-12,US,Tennessee,McNairy,107,1,0,35.17468549,-88.5647812,47109.0,416.4396357126177,0.9345794392523364,106,101,1,0,100,100,25832,6,0,0,6,1
2020-07-12,US,Tennessee,Meigs,38,0,0,35.51558739,-84.81482914,47121.0,305.90887135726933,0.0,38,38,0,0,38,37,12306,0,0,0,0,1
2020-07-12,US,Tennessee,Monroe,155,6,0,35.44550387,-84.24902965,47123.0,333.01106456117736,3.870967741935484,149,155,6,0,149,152,46357,0,0,0,0,3
2020-07-12,US,Tennessee,Montgomery,778,7,0,36.49609412,-87.38550661,47125.0,372.2612719086285,0.8997429305912596,771,732,7,0,725,712,205950,46,0,0,46,20
2020-07-12,US,Tennessee,Moore,21,0,0,35.27724699,-86.36230578,47127.0,323.6744759556104,0.0,21,21,0,0,21,17,6411,0,0,0,0,4
2020-07-12,US,Tennessee,Morgan,32,1,0,36.13248031,-84.64880098,47129.0,149.51175068915572,3.125,31,31,1,0,30,30,21579,1,0,0,1,1
2020-07-12,US,Tennessee,Obion,124,3,0,36.35732446,-89.14921589,47131.0,412.3848481825137,2.419354838709677,121,119,2,0,117,118,30267,5,1,0,4,1
2020-07-12,US,Tennessee,Out of TN,1416,10,0,0.0,0.0,80047.0,0.0,0.7062146892655368,1406,1384,10,0,1374,1397,,32,0,0,32,-13
2020-07-12,US,Tennessee,Overton,73,1,0,36.34117832,-85.28989535,47133.0,328.222651859179,1.3698630136986298,72,72,1,0,71,70,22068,1,0,0,1,2
2020-07-12,US,Tennessee,Perry,38,0,0,35.63708728,-87.86139634,47135.0,470.52996532937095,0.0,38,37,0,0,37,37,8064,1,0,0,1,0
2020-07-12,US,Tennessee,Pickett,7,0,0,36.55606529,-85.07763299999998,47137.0,138.66877971473852,0.0,7,7,0,0,7,7,5082,0,0,0,0,0
2020-07-12,US,Tennessee,Polk,55,0,0,35.12245443,-84.52075859,47139.0,326.7585551330798,0.0,55,55,0,0,55,55,16898,0,0,0,0,0
2020-07-12,US,Tennessee,Putnam,1019,7,0,36.14005459,-85.50646123,47141.0,1269.8610505327435,0.6869479882237488,1012,1011,7,0,1004,1002,78843,8,0,0,8,9
2020-07-12,US,Tennessee,Rhea,343,0,0,35.60536161,-84.93076643,47143.0,1034.1604606988874,0.0,343,315,0,0,315,303,33044,28,0,0,28,12
2020-07-12,US,Tennessee,Roane,85,0,0,35.84923189,-84.52458689,47145.0,159.2297028961073,0.0,85,81,0,0,81,80,53140,4,0,0,4,1
2020-07-12,US,Tennessee,Robertson,948,13,0,36.52454807,-86.87346725,47147.0,1320.0952473786085,1.3713080168776368,935,924,13,0,911,901,71012,24,0,0,24,23
2020-07-12,US,Tennessee,Rutherford,3602,39,0,35.84591405,-86.4107263,47149.0,1084.009208962186,1.0827318156579675,3563,3525,39,0,3486,3428,324890,77,0,0,77,97
2020-07-12,US,Tennessee,Scott,28,0,0,36.42325673,-84.50360494,47151.0,126.8805510241073,0.0,28,26,0,0,26,26,22039,2,0,0,2,0
2020-07-12,US,Tennessee,Sequatchie,49,0,0,35.36979721,-85.41022136,47153.0,326.1014241980567,0.0,49,49,0,0,49,45,14876,0,0,0,0,4
2020-07-12,US,Tennessee,Sevier,912,3,0,35.78077323,-83.52244332,47155.0,928.2442748091603,0.32894736842105265,909,915,3,0,912,884,97892,-3,0,0,-3,31
2020-07-12,US,Tennessee,Shelby,13594,224,0,35.1864775,-89.89692423,47157.0,1450.543446945365,1.6477857878475801,13370,13423,223,0,13200,13113,935764,171,1,0,170,310
2020-07-12,US,Tennessee,Smith,160,2,0,36.25359775,-85.95411046,47159.0,793.7689140249045,1.25,158,150,2,0,148,148,19942,10,0,0,10,2
2020-07-12,US,Tennessee,Stewart,26,0,0,36.50235092,-87.83920548,47161.0,189.5734597156398,0.0,26,26,0,0,26,27,13561,0,0,0,0,-1
2020-07-12,US,Tennessee,Sullivan,221,4,0,36.51240691,-82.30412917,47163.0,139.56601914770002,1.8099547511312215,217,210,4,0,206,189,157668,11,0,0,11,21
2020-07-12,US,Tennessee,Sumner,1945,56,0,36.46824103,-86.45917204,47165.0,1016.8180131010074,2.879177377892031,1889,1897,56,0,1841,1874,187149,48,0,0,48,23
2020-07-12,US,Tennessee,Tipton,698,7,0,35.501942,-89.73694895,47167.0,1133.1352781701005,1.002865329512894,691,696,7,0,689,692,61581,2,0,0,2,4
2020-07-12,US,Tennessee,Trousdale,1510,5,0,36.39026213,-86.16087954,47169.0,13381.779510811768,0.3311258278145696,1505,1508,5,0,1503,1506,11012,2,0,0,2,2
2020-07-12,US,Tennessee,Unassigned,890,2,0,0.0,0.0,90047.0,0.0,0.2247191011235955,888,910,2,0,908,936,,-20,0,0,-20,-26
2020-07-12,US,Tennessee,Unicoi,58,0,0,36.10890856,-82.43709629,47171.0,324.3303696247833,0.0,58,59,0,0,59,56,17761,-1,0,0,-1,3
2020-07-12,US,Tennessee,Union,24,0,0,36.28590426,-83.83651902,47173.0,120.16823552974165,0.0,24,25,0,0,25,22,19688,-1,0,0,-1,3
2020-07-12,US,Tennessee,Van Buren,9,0,0,35.69864497,-85.45221699,47175.0,153.26975476839237,0.0,9,9,0,0,9,9,5765,0,0,0,0,0
2020-07-12,US,Tennessee,Warren,127,0,0,35.6728299,-85.77969117,47177.0,307.6773990357826,0.0,127,123,0,0,123,120,40878,4,0,0,4,3
2020-07-12,US,Tennessee,Washington,262,0,0,36.29472368,-82.49454720000001,47179.0,202.512077294686,0.0,262,261,0,0,261,235,128607,1,0,0,1,26
2020-07-12,US,Tennessee,Wayne,116,0,0,35.23868267,-87.78644456,47181.0,695.7356204642236,0.0,116,115,0,0,115,110,16558,1,0,0,1,5
2020-07-12,US,Tennessee,Weakley,74,1,0,36.29896232,-88.71990865,47183.0,222.03552568410942,1.351351351351351,73,70,1,0,69,69,33415,4,0,0,4,1
2020-07-12,US,Tennessee,White,86,3,0,35.92929884,-85.45591799,47185.0,314.49990857560795,3.4883720930232562,83,85,3,0,82,81,27107,1,0,0,1,4
2020-07-12,US,Tennessee,Williamson,1763,16,0,35.89099229,-86.89281867,47187.0,739.4762008623727,0.907543959160522,1747,1708,16,0,1692,1670,231729,55,0,0,55,38
2020-07-12,US,Tennessee,Wilson,1187,17,0,36.15496772,-86.29775884,47189.0,820.5617426049208,1.4321819713563606,1170,1148,17,0,1131,1130,140625,39,0,0,39,18
2020-07-12,US,Texas,Anderson,1796,3,0,31.81534745,-95.65354823,48001.0,3110.764700788084,0.16703786191536749,1793,1796,3,0,1793,1761,58057,0,0,0,0,35
2020-07-12,US,Texas,Andrews,169,2,0,32.30468633,-102.6376548,48003.0,903.5017375033414,1.183431952662722,167,155,2,0,153,132,18128,14,0,0,14,23
2020-07-12,US,Texas,Angelina,743,9,0,31.25457347,-94.60901487,48005.0,856.8298448941936,1.2113055181695829,734,743,9,0,734,683,87092,0,0,0,0,60
2020-07-12,US,Texas,Aransas,55,0,0,28.10556197,-96.9995047,48007.0,233.9430029774564,0.0,55,50,0,0,50,50,23792,5,0,0,5,0
2020-07-12,US,Texas,Archer,10,0,0,33.61569967,-98.68754589,48009.0,116.918040453642,0.0,10,10,0,0,10,10,8786,0,0,0,0,0
2020-07-12,US,Texas,Armstrong,3,0,0,34.96507426,-101.3574874,48011.0,158.9825119236884,0.0,3,3,0,0,3,3,1892,0,0,0,0,0
2020-07-12,US,Texas,Atascosa,275,2,0,28.89333001,-98.52730485,48013.0,537.602877641585,0.7272727272727273,273,207,2,0,205,197,50310,68,0,0,68,10
2020-07-12,US,Texas,Austin,130,0,0,29.88548725,-96.27736949,48015.0,432.87160362280235,0.0,130,128,0,0,128,124,29989,2,0,0,2,4
2020-07-12,US,Texas,Bailey,112,1,0,34.06854817,-102.8299707,48017.0,1600.0,0.8928571428571429,111,112,1,0,111,112,7027,0,0,0,0,0
2020-07-12,US,Texas,Bandera,44,0,0,29.74619598,-99.24598147,48019.0,190.3772931810315,0.0,44,44,0,0,44,38,22824,0,0,0,0,6
2020-07-12,US,Texas,Bastrop,734,11,0,30.10370699,-97.31206354,48021.0,827.2939373105057,1.4986376021798364,723,727,11,0,716,689,86976,7,0,0,7,38
2020-07-12,US,Texas,Baylor,1,0,0,33.61640794,-99.21352901,48023.0,28.498147620404676,0.0,1,1,0,0,1,1,3582,0,0,0,0,0
2020-07-12,US,Texas,Bee,146,0,0,28.41761668,-97.74215593,48025.0,448.33410102871176,0.0,146,135,0,0,135,133,32587,11,0,0,11,2
2020-07-12,US,Texas,Bell,2083,14,0,31.03736027,-97.4785025,48027.0,573.9493668095798,0.672107537205953,2069,2083,14,0,2069,1992,355642,0,0,0,0,91
2020-07-12,US,Texas,Bexar,19648,184,0,29.44928723,-98.52019748,48029.0,980.657371850222,0.9364820846905536,19464,18602,166,0,18436,18602,1986049,1046,18,0,1028,0
2020-07-12,US,Texas,Blanco,49,1,0,30.26640707,-98.3999852,48031.0,410.69482859777054,2.0408163265306123,48,49,1,0,48,49,11702,0,0,0,0,0
2020-07-12,US,Texas,Bosque,41,0,0,31.89978581,-97.63613524,48035.0,219.4273481402194,0.0,41,41,0,0,41,37,18691,0,0,0,0,4
2020-07-12,US,Texas,Bowie,504,15,0,33.44626922,-94.41834132,48037.0,540.5115555793876,2.9761904761904763,489,496,15,0,481,484,94324,8,0,0,8,12
2020-07-12,US,Texas,Brazoria,3458,25,0,29.18757369,-95.44563172,48039.0,923.946732787551,0.7229612492770388,3433,3358,25,0,3333,3272,370200,100,0,0,100,86
2020-07-12,US,Texas,Brazos,2961,35,0,30.663644800000004,-96.30205577,48041.0,1291.8228182766095,1.182033096926714,2926,2901,35,0,2866,2804,226758,60,0,0,60,97
2020-07-12,US,Texas,Brewster,150,1,0,29.81008251,-103.2520326,48043.0,1629.903292404651,0.6666666666666666,149,150,1,0,149,150,9267,0,0,0,0,0
2020-07-12,US,Texas,Briscoe,9,1,0,34.53026962,-101.2084947,48045.0,582.1474773609315,11.111111111111109,8,9,1,0,8,9,1516,0,0,0,0,0
2020-07-12,US,Texas,Brooks,41,0,0,27.03103197,-98.21808402,48047.0,578.0346820809249,0.0,41,37,0,0,37,35,7114,4,0,0,4,2
2020-07-12,US,Texas,Brown,171,13,0,31.77430356,-98.99907113,48049.0,451.61631100781744,7.60233918128655,158,171,13,0,158,156,37924,0,0,0,0,15
2020-07-12,US,Texas,Burleson,151,0,0,30.49273808,-96.62158484,48051.0,818.7388168952991,0.0,151,148,0,0,148,134,18389,3,0,0,3,14
2020-07-12,US,Texas,Burnet,238,3,0,30.78801353,-98.181887,48053.0,494.2373585297477,1.2605042016806722,235,230,3,0,227,217,47542,8,0,0,8,13
2020-07-12,US,Texas,Caldwell,652,5,0,29.83668859,-97.61814775,48055.0,1493.2209600586295,0.7668711656441718,647,645,5,0,640,604,43247,7,0,0,7,41
2020-07-12,US,Texas,Calhoun,154,3,0,28.47048236,-96.61633945,48057.0,723.3442930953499,1.9480519480519483,151,153,3,0,150,143,21561,1,0,0,1,10
2020-07-12,US,Texas,Callahan,27,2,0,32.29760619,-99.37326312,48059.0,193.64555691027755,7.407407407407407,25,27,2,0,25,26,13994,0,0,0,0,1
2020-07-12,US,Texas,Cameron,3854,79,0,26.14524221,-97.48140372,48061.0,910.7601562518463,2.04981837052413,3775,3496,77,0,3419,3246,423908,358,2,0,356,250
2020-07-12,US,Texas,Camp,137,2,0,32.97195142,-94.97790104,48063.0,1046.2807392698946,1.45985401459854,135,131,2,0,129,130,13033,6,0,0,6,1
2020-07-12,US,Texas,Carson,10,0,0,35.40365929,-101.3542669,48065.0,168.74789065136684,0.0,10,10,0,0,10,10,6005,0,0,0,0,0
2020-07-12,US,Texas,Cass,58,3,0,33.07499881,-94.34646905,48067.0,193.16592286684872,5.172413793103448,55,52,2,0,50,52,30119,6,1,0,5,0
2020-07-12,US,Texas,Castro,120,1,0,34.53016752,-102.2617243,48069.0,1593.6254980079682,0.8333333333333334,119,120,1,0,119,112,7665,0,0,0,0,8
2020-07-12,US,Texas,Chambers,590,2,0,29.70972016,-94.67154501,48071.0,1345.8950201884254,0.3389830508474576,588,555,2,0,553,548,42454,35,0,0,35,7
2020-07-12,US,Texas,Cherokee,364,2,0,31.837258,-95.16559897,48073.0,691.4105535083388,0.5494505494505495,362,357,2,0,355,331,52592,7,0,0,7,26
2020-07-12,US,Texas,Childress,7,0,0,34.529304100000004,-100.2077916,48075.0,95.81166164796059,0.0,7,7,0,0,7,7,7291,0,0,0,0,0
2020-07-12,US,Texas,Clay,16,0,0,33.78686685,-98.20771198,48077.0,152.80297965810334,0.0,16,16,0,0,16,14,10456,0,0,0,0,2
2020-07-12,US,Texas,Cochran,6,0,0,33.60425307,-102.8284499,48079.0,210.3049421661409,0.0,6,6,0,0,6,6,2836,0,0,0,0,0
2020-07-12,US,Texas,Coke,6,1,0,31.88911733,-100.5297533,48081.0,177.14791851195747,16.666666666666668,5,6,1,0,5,6,3370,0,0,0,0,0
2020-07-12,US,Texas,Coleman,5,0,0,31.76736834,-99.45240766,48083.0,61.162079510703364,0.0,5,5,0,0,5,5,8397,0,0,0,0,0
2020-07-12,US,Texas,Collin,4459,56,0,33.18820114,-96.57264368,48085.0,430.9336735186957,1.2558869701726845,4403,4308,56,0,4252,4108,1005146,151,0,0,151,200
2020-07-12,US,Texas,Collingsworth,6,0,0,34.96489496,-100.2700111,48087.0,205.4794520547945,0.0,6,6,0,0,6,6,2962,0,0,0,0,0
2020-07-12,US,Texas,Colorado,167,0,0,29.622098,-96.5273805,48089.0,776.9971618666542,0.0,167,161,0,0,161,152,21217,6,0,0,6,9
2020-07-12,US,Texas,Comal,977,22,0,29.80811278,-98.27647225,48091.0,625.4441165361791,2.2517911975435005,955,952,21,0,931,866,148373,25,1,0,24,86
2020-07-12,US,Texas,Comanche,102,2,0,31.94854689,-98.55876441,48093.0,748.0748074807483,1.96078431372549,100,102,2,0,100,95,13534,0,0,0,0,7
2020-07-12,US,Texas,Concho,13,0,0,31.32635934,-99.86473038,48095.0,476.88921496698464,0.0,13,13,0,0,13,13,4276,0,0,0,0,0
2020-07-12,US,Texas,Cooke,87,0,0,33.63979567,-97.21240912,48097.0,210.8733063480137,0.0,87,87,0,0,87,86,40574,0,0,0,0,1
2020-07-12,US,Texas,Coryell,401,2,0,31.39078397,-97.79936155,48099.0,527.9719819357217,0.4987531172069826,399,398,2,0,396,374,74808,3,0,0,3,24
2020-07-12,US,Texas,Cottle,4,1,0,34.07783319,-100.2785062,48101.0,286.12303290414883,25.0,3,4,1,0,3,4,1389,0,0,0,0,0
2020-07-12,US,Texas,Crane,64,9,0,31.43052248,-102.5143314,48103.0,1334.1671878257246,14.0625,55,64,9,0,55,63,4794,0,0,0,0,1
2020-07-12,US,Texas,Crockett,35,0,0,30.72367027,-101.4134238,48105.0,1010.3926096997693,0.0,35,35,0,0,35,29,3499,0,0,0,0,6
2020-07-12,US,Texas,Crosby,35,2,0,33.61431553,-101.3000364,48107.0,610.0749520655395,5.7142857142857135,33,35,2,0,33,33,5779,0,0,0,0,2
2020-07-12,US,Texas,Culberson,6,1,0,31.44506775,-104.5185739,48109.0,276.3703362505757,16.666666666666668,5,6,1,0,5,6,2204,0,0,0,0,0
2020-07-12,US,Texas,Dallam,116,1,0,36.27787176,-102.6020725,48111.0,1591.8759434609576,0.8620689655172413,115,116,1,0,115,116,7200,0,0,0,0,0
2020-07-12,US,Texas,Dallas,33800,451,0,32.76670599,-96.7779605,48113.0,1282.4813053686642,1.334319526627219,33349,32626,449,0,32177,30361,2637772,1174,2,0,1172,2265
2020-07-12,US,Texas,Dawson,83,1,0,32.74255572,-101.9477242,48115.0,652.1055939660591,1.2048192771084338,82,83,1,0,82,75,12619,0,0,0,0,8
2020-07-12,US,Texas,DeWitt,159,3,0,29.08101855,-97.3568117,48123.0,788.690476190476,1.8867924528301887,156,159,3,0,156,131,20187,0,0,0,0,28
2020-07-12,US,Texas,Deaf Smith,409,17,0,34.96522957,-102.6054267,48117.0,2205.3272942952663,4.156479217603913,392,409,17,0,392,403,18760,0,0,0,0,6
2020-07-12,US,Texas,Delta,8,0,0,33.38570922,-95.66921122,48119.0,150.06565372350403,0.0,8,7,0,0,7,7,5349,1,0,0,1,0
2020-07-12,US,Texas,Denton,3937,40,0,33.20521901,-97.11691153,48121.0,443.75213450750505,1.016002032004064,3897,3810,39,0,3771,3697,859064,127,1,0,126,113
2020-07-12,US,Texas,Dickens,2,0,0,33.61616822,-100.7788855,48125.0,90.45680687471732,0.0,2,2,0,0,2,2,2249,0,0,0,0,0
2020-07-12,US,Texas,Dimmit,38,0,0,28.42270064,-99.75645095,48127.0,375.34571315685486,0.0,38,31,0,0,31,30,10308,7,0,0,7,1
2020-07-12,US,Texas,Donley,32,0,0,34.96517499,-100.8140093,48129.0,976.2050030506406,0.0,32,32,0,0,32,28,3319,0,0,0,0,4
2020-07-12,US,Texas,Duval,80,0,0,27.68184592,-98.50864568,48131.0,717.0386304562159,0.0,80,75,0,0,75,74,11212,5,0,0,5,1
2020-07-12,US,Texas,Eastland,20,0,0,32.32743996,-98.83243566,48133.0,108.93246187363836,0.0,20,20,0,0,20,17,18322,0,0,0,0,3
2020-07-12,US,Texas,Ector,1235,14,0,31.86898877,-102.5429428,48135.0,742.9778069220264,1.1336032388663968,1221,1235,14,0,1221,1105,162124,0,0,0,0,130
2020-07-12,US,Texas,Edwards,10,0,0,29.98202582,-100.304252,48137.0,517.5983436853002,0.0,10,4,0,0,4,2,1928,6,0,0,6,2
2020-07-12,US,Texas,El Paso,9510,151,0,31.76980765,-106.2363275,48141.0,1133.1708049444853,1.5878023133543635,9359,9099,150,0,8949,8746,840758,411,1,0,410,353
2020-07-12,US,Texas,Ellis,1510,20,0,32.34894117,-96.79371841,48139.0,816.9846233754993,1.3245033112582782,1490,1510,20,0,1490,1485,179436,0,0,0,0,25
2020-07-12,US,Texas,Erath,272,1,0,32.23602653,-98.21773417,48143.0,637.0321794931847,0.36764705882352944,271,272,1,0,271,257,42446,0,0,0,0,15
2020-07-12,US,Texas,Falls,56,0,0,31.25350609,-96.93630086,48145.0,323.7555645487657,0.0,56,56,0,0,56,50,17335,0,0,0,0,6
2020-07-12,US,Texas,Fannin,137,8,0,33.59564294,-96.10751083,48147.0,385.7633609280847,5.8394160583941614,129,137,8,0,129,135,35286,0,0,0,0,2
2020-07-12,US,Texas,Fayette,156,3,0,29.87788372,-96.92076062,48149.0,615.4817328178016,1.9230769230769231,153,151,3,0,148,142,25349,5,0,0,5,9
2020-07-12,US,Texas,Fisher,13,1,0,32.74281316,-100.4019302,48151.0,339.42558746736285,7.6923076923076925,12,13,1,0,12,11,3839,0,0,0,0,2
2020-07-12,US,Texas,Floyd,52,1,0,34.07227468,-101.3031546,48153.0,910.3641456582633,1.9230769230769231,51,52,1,0,51,50,5837,0,0,0,0,2
2020-07-12,US,Texas,Foard,1,0,0,33.97308618,-99.7767797,48155.0,86.5800865800866,0.0,1,1,0,0,1,1,1200,0,0,0,0,0
2020-07-12,US,Texas,Fort Bend,4758,62,0,29.52704478,-95.77219463,48157.0,586.1858250953568,1.3030685161832702,4696,4617,61,0,4556,4524,787858,141,1,0,140,93
2020-07-12,US,Texas,Franklin,57,1,0,33.17653242,-95.21917243,48159.0,531.4685314685315,1.7543859649122806,56,55,1,0,54,55,10766,2,0,0,2,0
2020-07-12,US,Texas,Freestone,73,0,0,31.70422788,-96.15072516,48161.0,370.2388801541817,0.0,73,73,0,0,73,69,19808,0,0,0,0,4
2020-07-12,US,Texas,Frio,336,0,0,28.86751206,-99.10804207,48163.0,1654.6833448241898,0.0,336,338,0,0,338,298,19816,-2,0,0,-2,40
2020-07-12,US,Texas,Gaines,43,0,0,32.74055318,-102.6353295,48165.0,200.07444630560212,0.0,43,43,0,0,43,39,20901,0,0,0,0,4
2020-07-12,US,Texas,Galveston,5873,54,0,29.40167322,-94.90469073,48167.0,1716.5537983100437,0.919461944491742,5819,5630,54,0,5576,5320,337890,243,0,0,243,310
2020-07-12,US,Texas,Garza,21,1,0,33.17969345,-101.2984114,48169.0,337.13276609407615,4.761904761904762,20,21,1,0,20,20,6578,0,0,0,0,1
2020-07-12,US,Texas,Gillespie,65,0,0,30.31824095,-98.94676915,48171.0,240.84778420038532,0.0,65,65,0,0,65,63,26804,0,0,0,0,2
2020-07-12,US,Texas,Glasscock,6,0,0,31.86942909,-101.5207776,48173.0,425.83392476934,0.0,6,6,0,0,6,6,1388,0,0,0,0,0
2020-07-12,US,Texas,Goliad,33,0,0,28.65696592,-97.42760647,48175.0,430.9219117262993,0.0,33,30,0,0,30,27,7584,3,0,0,3,3
2020-07-12,US,Texas,Gonzales,348,4,0,29.45634206,-97.49424032,48177.0,1670.1060613332056,1.1494252873563218,344,323,4,0,319,318,20826,25,0,0,25,5
2020-07-12,US,Texas,Gray,133,4,0,35.40081878,-100.8129222,48179.0,607.6944165219775,3.0075187969924815,129,133,4,0,129,130,21895,0,0,0,0,3
2020-07-12,US,Texas,Grayson,736,7,0,33.62744998,-96.67753461,48181.0,540.3341849469944,0.9510869565217392,729,731,7,0,724,708,133991,5,0,0,5,23
2020-07-12,US,Texas,Gregg,762,13,0,32.47940482,-94.81591935,48183.0,614.7888176207189,1.7060367454068242,749,762,13,0,749,728,123707,0,0,0,0,34
2020-07-12,US,Texas,Grimes,646,2,0,30.54579585,-95.98902499,48185.0,2236.842105263158,0.30959752321981426,644,642,2,0,640,644,28360,4,0,0,4,-2
2020-07-12,US,Texas,Guadalupe,1044,3,0,29.58165339,-97.94786822,48187.0,625.7229677488957,0.28735632183908044,1041,1014,3,0,1011,966,163694,30,0,0,30,48
2020-07-12,US,Texas,Hale,763,11,0,34.07044901,-101.8268114,48189.0,2284.020834580614,1.4416775884665791,752,763,11,0,752,707,33830,0,0,0,0,56
2020-07-12,US,Texas,Hall,2,1,0,34.5307555,-100.6813852,48191.0,67.47638326585695,50.0,1,2,1,0,1,2,3028,0,0,0,0,0
2020-07-12,US,Texas,Hamilton,32,1,0,31.70470573,-98.11083887,48193.0,378.2058858290983,3.125,31,32,1,0,31,28,8484,0,0,0,0,4
2020-07-12,US,Texas,Hansford,35,2,0,36.27743284,-101.3545796,48195.0,648.2681978144101,5.7142857142857135,33,35,2,0,33,32,5463,0,0,0,0,3
2020-07-12,US,Texas,Hardeman,5,0,0,34.28944521,-99.74632408,48197.0,127.12941774726671,0.0,5,5,0,0,5,5,3922,0,0,0,0,0
2020-07-12,US,Texas,Hardin,404,5,0,30.33364686,-94.38931817,48199.0,701.3645359536129,1.2376237623762376,399,404,5,0,399,369,57207,0,0,0,0,35
2020-07-12,US,Texas,Harris,45368,458,0,29.86,-95.39,48201.0,962.5476706995594,1.0095221301357786,44910,43939,455,0,43484,41999,4698619,1429,3,0,1426,1940
2020-07-12,US,Texas,Harrison,425,31,0,32.54935988,-94.36934071,48203.0,638.5887938935887,7.294117647058822,394,401,31,0,370,398,66726,24,0,0,24,3
2020-07-12,US,Texas,Hartley,55,2,0,35.84008013,-102.6029022,48205.0,986.3701578192253,3.636363636363636,53,55,2,0,53,55,5619,0,0,0,0,0
2020-07-12,US,Texas,Haskell,6,0,0,33.17823584,-99.73037358,48207.0,106.04453870625663,0.0,6,6,0,0,6,6,5813,0,0,0,0,0
2020-07-12,US,Texas,Hays,3534,11,0,30.05669873,-98.02944344,48209.0,1535.2468167738964,0.31126202603282394,3523,3534,11,0,3523,3501,222631,0,0,0,0,33
2020-07-12,US,Texas,Hemphill,20,0,0,35.83764858,-100.2703577,48211.0,523.6973029588897,0.0,20,20,0,0,20,20,3825,0,0,0,0,0
2020-07-12,US,Texas,Henderson,256,4,0,32.21128872,-95.85846587,48213.0,309.4141677846672,1.5625,252,256,4,0,252,230,82299,0,0,0,0,26
2020-07-12,US,Texas,Hidalgo,7727,142,0,26.39418217,-98.18299696,48215.0,889.4828751236032,1.8377119192442088,7585,7334,123,0,7211,7334,865939,393,19,0,374,0
2020-07-12,US,Texas,Hill,145,2,0,31.99045053,-97.13423143,48217.0,395.6451744931649,1.3793103448275863,143,143,2,0,141,139,36354,2,0,0,2,4
2020-07-12,US,Texas,Hockley,108,1,0,33.60771256,-102.3431676,48219.0,469.13687502714913,0.925925925925926,107,108,1,0,107,99,22980,0,0,0,0,9
2020-07-12,US,Texas,Hood,185,5,0,32.42990927,-97.83242024,48221.0,300.11517933909766,2.702702702702702,180,185,5,0,180,169,60537,0,0,0,0,16
2020-07-12,US,Texas,Hopkins,82,1,0,33.14875072,-95.56351139,48223.0,221.11962032143242,1.2195121951219512,81,79,1,0,78,80,36810,3,0,0,3,-1
2020-07-12,US,Texas,Houston,185,0,0,31.31925973,-95.42226208,48225.0,805.4684778822708,0.0,185,176,0,0,176,175,23169,9,0,0,9,1
2020-07-12,US,Texas,Howard,67,1,0,32.30621324,-101.4356444,48227.0,182.7405629500328,1.492537313432836,66,67,1,0,66,64,36459,0,0,0,0,3
2020-07-12,US,Texas,Hudspeth,17,0,0,31.45628381,-105.388178,48229.0,347.9328694228408,0.0,17,17,0,0,17,17,4795,0,0,0,0,0
2020-07-12,US,Texas,Hunt,720,8,0,33.12351514,-96.08551032,48231.0,730.2675619206038,1.1111111111111112,712,697,8,0,689,666,96493,23,0,0,23,31
2020-07-12,US,Texas,Hutchinson,73,0,0,35.84006574,-101.3546643,48233.0,348.6483904861973,0.0,73,73,0,0,73,72,21198,0,0,0,0,1
2020-07-12,US,Texas,Irion,3,0,0,31.30375559,-100.982439,48235.0,195.3125,0.0,3,3,0,0,3,3,1522,0,0,0,0,0
2020-07-12,US,Texas,Jack,12,0,0,33.23377248,-98.17283469,48237.0,134.30330162283155,0.0,12,12,0,0,12,12,8843,0,0,0,0,0
2020-07-12,US,Texas,Jackson,89,1,0,28.95472367,-96.57749563,48239.0,602.9810298102982,1.1235955056179776,88,89,1,0,88,79,14874,0,0,0,0,10
2020-07-12,US,Texas,Jasper,71,1,0,30.74685667,-94.02667579,48241.0,199.8367530749529,1.4084507042253518,70,70,1,0,69,70,35872,1,0,0,1,0
2020-07-12,US,Texas,Jeff Davis,5,0,0,30.71490589,-104.1399973,48243.0,219.87686895338607,0.0,5,5,0,0,5,5,2252,0,0,0,0,0
2020-07-12,US,Texas,Jefferson,3548,39,0,29.8832777,-94.16434171,48245.0,1410.3710770576192,1.0992108229988726,3509,3532,39,0,3493,3438,255001,16,0,0,16,94
2020-07-12,US,Texas,Jim Hogg,33,0,0,27.04453923,-98.6968187,48247.0,634.6153846153846,0.0,33,32,0,0,32,32,5248,1,0,0,1,0
2020-07-12,US,Texas,Jim Wells,271,0,0,27.73103938,-98.0904705,48249.0,669.433328392866,0.0,271,261,0,0,261,260,40822,10,0,0,10,1
2020-07-12,US,Texas,Johnson,788,4,0,32.37877812,-97.36615819,48251.0,448.1932918887252,0.5076142131979695,784,788,4,0,784,769,171361,0,0,0,0,19
2020-07-12,US,Texas,Jones,604,0,0,32.73997145,-99.87861576,48253.0,3007.518796992481,0.0,604,604,0,0,604,604,19817,0,0,0,0,0
2020-07-12,US,Texas,Karnes,81,0,0,28.90705334,-97.85960149,48255.0,519.1974873405551,0.0,81,80,0,0,80,66,15650,1,0,0,1,14
2020-07-12,US,Texas,Kaufman,971,5,0,32.599141700000004,-96.28734728,48257.0,713.1630359739706,0.5149330587023687,966,971,5,0,966,952,128622,0,0,0,0,19
2020-07-12,US,Texas,Kendall,106,0,0,29.94414155,-98.7113588,48259.0,223.48253252092513,0.0,106,101,0,0,101,97,45641,5,0,0,5,4
2020-07-12,US,Texas,Kenedy,3,0,0,26.92601662,-97.66413984,48261.0,742.5742574257425,0.0,3,1,0,0,1,1,442,2,0,0,2,0
2020-07-12,US,Texas,Kerr,190,1,0,30.06040006,-99.34930144,48265.0,361.21673003802283,0.5263157894736842,189,143,1,0,142,134,52405,47,0,0,47,9
2020-07-12,US,Texas,Kimble,9,0,0,30.48678918,-99.74856473,48267.0,207.51671662439475,0.0,9,9,0,0,9,9,4362,0,0,0,0,0
2020-07-12,US,Texas,Kinney,3,0,0,29.34967888,-100.4186638,48271.0,81.81074447777475,0.0,3,3,0,0,3,3,3767,0,0,0,0,0
2020-07-12,US,Texas,Kleberg,177,1,0,27.42435506,-97.69894948,48273.0,576.9230769230769,0.5649717514124294,176,159,1,0,158,145,31129,18,0,0,18,14
2020-07-12,US,Texas,Knox,6,0,0,33.60519951,-99.7422906,48275.0,163.75545851528386,0.0,6,6,0,0,6,6,3653,0,0,0,0,0
2020-07-12,US,Texas,La Salle,76,0,0,28.34453111,-99.09908775,48283.0,1010.6382978723404,0.0,76,76,0,0,76,68,7531,0,0,0,0,8
2020-07-12,US,Texas,Lamar,397,14,0,33.66981763,-95.57404777,48277.0,796.2454120620149,3.5264483627204033,383,392,14,0,378,377,49728,5,0,0,5,15
2020-07-12,US,Texas,Lamb,75,0,0,34.06859623,-102.3516289,48279.0,581.711005972233,0.0,75,75,0,0,75,73,13158,0,0,0,0,2
2020-07-12,US,Texas,Lampasas,39,0,0,31.19531316,-98.24206613,48281.0,182.00485346275903,0.0,39,39,0,0,39,37,21229,0,0,0,0,2
2020-07-12,US,Texas,Lavaca,337,1,0,29.38508402,-96.93186692,48285.0,1672.1246402699217,0.2967359050445104,336,238,1,0,237,228,20110,99,0,0,99,10
2020-07-12,US,Texas,Lee,98,3,0,30.31120597,-96.97045773,48287.0,568.4784500261036,3.0612244897959178,95,92,3,0,89,89,17144,6,0,0,6,3
2020-07-12,US,Texas,Leon,97,0,0,31.29872538,-95.9936328,48289.0,557.3431395081591,0.0,97,96,0,0,96,87,17270,1,0,0,1,9
2020-07-12,US,Texas,Liberty,522,3,0,30.15152688,-94.81205615,48291.0,591.7092689783381,0.5747126436781609,519,508,3,0,505,482,86323,14,0,0,14,26
2020-07-12,US,Texas,Limestone,102,1,0,31.5454767,-96.58095444,48293.0,435.20928446473516,0.9803921568627452,101,102,1,0,101,93,23519,0,0,0,0,9
2020-07-12,US,Texas,Lipscomb,11,0,0,36.27783108,-100.2733151,48295.0,340.24126198577176,0.0,11,11,0,0,11,11,3355,0,0,0,0,0
2020-07-12,US,Texas,Live Oak,69,0,0,28.35101362,-98.1246786,48297.0,565.2494470385842,0.0,69,65,0,0,65,65,12166,4,0,0,4,0
2020-07-12,US,Texas,Llano,46,0,0,30.70645047,-98.68475262,48299.0,211.05758201422344,0.0,46,34,0,0,34,29,21646,12,0,0,12,5
2020-07-12,US,Texas,Lubbock,3668,60,0,33.61008596,-101.8204789,48303.0,1181.0579935537673,1.6357688113413305,3608,3524,60,0,3464,3376,307412,144,0,0,144,148
2020-07-12,US,Texas,Lynn,53,1,0,33.17657705,-101.8162849,48305.0,890.6066207360108,1.8867924528301887,52,53,1,0,52,49,5877,0,0,0,0,4
2020-07-12,US,Texas,Madison,116,0,0,30.96694679,-95.93003775,48313.0,812.0974516942032,0.0,116,107,0,0,107,97,14422,9,0,0,9,10
2020-07-12,US,Texas,Marion,40,1,0,32.79868409,-94.3566123,48315.0,405.9265272985589,2.5,39,37,1,0,36,37,9928,3,0,0,3,0
2020-07-12,US,Texas,Martin,25,1,0,32.30600051,-101.9513518,48317.0,433.20048518454337,4.0,24,25,1,0,24,24,5753,0,0,0,0,1
2020-07-12,US,Texas,Mason,35,0,0,30.71780434,-99.22629416,48319.0,818.9050070191857,0.0,35,35,0,0,35,35,4280,0,0,0,0,0
2020-07-12,US,Texas,Matagorda,358,5,0,28.81955746,-96.01230294,48321.0,976.9942417378488,1.3966480446927374,353,348,5,0,343,337,36552,10,0,0,10,11
2020-07-12,US,Texas,Maverick,776,7,0,28.7429195,-100.3157686,48323.0,1321.4808759919622,0.9020618556701032,769,776,7,0,769,720,58485,0,0,0,0,56
2020-07-12,US,Texas,McCulloch,23,0,0,31.1925468,-99.34682807,48307.0,288.0761523046092,0.0,23,23,0,0,23,23,7987,0,0,0,0,0
2020-07-12,US,Texas,McLennan,2537,16,0,31.55255453,-97.20217694,48309.0,988.6097504900183,0.6306661411115491,2521,2442,15,0,2427,2438,254607,95,1,0,94,4
2020-07-12,US,Texas,Medina,343,3,0,29.3557301,-99.11030298,48325.0,664.9348635235732,0.8746355685131195,340,343,3,0,340,338,50921,0,0,0,0,5
2020-07-12,US,Texas,Menard,14,0,0,30.88990665,-99.8204794,48327.0,654.8175865294668,0.0,14,14,0,0,14,14,2139,0,0,0,0,0
2020-07-12,US,Texas,Midland,1104,19,0,31.86904128,-102.0315682,48329.0,624.3213897937025,1.7210144927536233,1085,1104,19,0,1085,1070,172578,0,0,0,0,34
2020-07-12,US,Texas,Milam,149,1,0,30.78581830000001,-96.97718698,48331.0,600.2497683599888,0.6711409395973155,148,149,1,0,148,137,25131,0,0,0,0,12
2020-07-12,US,Texas,Mills,7,0,0,31.49557106,-98.59272068,48333.0,143.64867638005336,0.0,7,7,0,0,7,6,4921,0,0,0,0,1
2020-07-12,US,Texas,Mitchell,25,0,0,32.30623474,-100.9212058,48335.0,292.56875365710937,0.0,25,25,0,0,25,23,8145,0,0,0,0,2
2020-07-12,US,Texas,Montague,26,1,0,33.67521893,-97.72500958,48337.0,131.19386416389142,3.8461538461538463,25,26,1,0,25,26,19596,0,0,0,0,0
2020-07-12,US,Texas,Montgomery,3007,41,0,30.30079133,-95.50572772,48339.0,495.06825092897316,1.3634852011972065,2966,3007,41,0,2966,3007,590925,0,0,0,0,0
2020-07-12,US,Texas,Moore,916,15,0,35.83769242,-101.8930281,48341.0,4374.403056351481,1.6375545851528384,901,916,15,0,901,915,21485,0,0,0,0,1
2020-07-12,US,Texas,Morris,50,0,0,33.11304005,-94.73255695,48343.0,403.61640297061683,0.0,50,48,0,0,48,51,12339,2,0,0,2,-3
2020-07-12,US,Texas,Motley,2,0,0,34.07408766,-100.779722,48345.0,166.66666666666666,0.0,2,2,0,0,2,2,1234,0,0,0,0,0
2020-07-12,US,Texas,Nacogdoches,586,32,0,31.62017125,-94.61803994,48347.0,898.717870069321,5.460750853242321,554,554,31,0,523,525,65711,32,1,0,31,29
2020-07-12,US,Texas,Navarro,446,7,0,32.04620681,-96.47428766,48349.0,889.9886257059047,1.5695067264573992,439,433,7,0,426,433,49565,13,0,0,13,0
2020-07-12,US,Texas,Newton,12,0,0,30.78548982,-93.74408813,48351.0,88.26774549466715,0.0,12,12,0,0,12,12,13746,0,0,0,0,0
2020-07-12,US,Texas,Nolan,67,0,0,32.30365282,-100.4060208,48353.0,455.34864754655433,0.0,67,70,0,0,70,60,14751,-3,0,0,-3,10
2020-07-12,US,Texas,Nueces,6174,54,0,27.736286,-97.5433285,48355.0,1704.140835895709,0.8746355685131195,6120,5672,42,0,5630,5672,362265,502,12,0,490,0
2020-07-12,US,Texas,Ochiltree,63,2,0,36.27829105,-100.8158184,48357.0,640.5042700284669,3.1746031746031744,61,63,2,0,61,60,9947,0,0,0,0,3
2020-07-12,US,Texas,Oldham,4,1,0,35.40425596,-102.6027606,48359.0,189.3939393939394,25.0,3,4,1,0,3,4,2131,0,0,0,0,0
2020-07-12,US,Texas,Orange,498,5,0,30.11879481,-93.89412775,48361.0,597.1509424912466,1.0040160642570282,493,498,5,0,493,493,83572,0,0,0,0,5
2020-07-12,US,Texas,Palo Pinto,61,2,0,32.75310985,-98.31319001,48363.0,208.98283599986297,3.278688524590164,59,61,2,0,59,55,28875,0,0,0,0,6
2020-07-12,US,Texas,Panola,229,24,0,32.163959600000005,-94.30552481,48365.0,987.3243080106924,10.480349344978166,205,228,24,0,204,223,23148,1,0,0,1,5
2020-07-12,US,Texas,Parker,556,1,0,32.77757172,-97.80500621,48367.0,389.1431850949762,0.17985611510791366,555,556,1,0,555,516,138371,0,0,0,0,40
2020-07-12,US,Texas,Parmer,236,8,0,34.52993409,-102.7844668,48369.0,2457.0536179073397,3.3898305084745757,228,236,8,0,228,236,9864,0,0,0,0,0
2020-07-12,US,Texas,Pecos,139,1,0,30.78097267,-102.7241261,48371.0,878.4680528344815,0.7194244604316546,138,139,1,0,138,138,15673,0,0,0,0,1
2020-07-12,US,Texas,Polk,321,0,0,30.79472531,-94.8276624,48373.0,625.0851946332249,0.0,321,321,0,0,321,288,50031,0,0,0,0,33
2020-07-12,US,Texas,Potter,3048,39,0,35.40133773,-101.893964,48375.0,2595.9204530937272,1.279527559055118,3009,3048,39,0,3009,3038,119648,0,0,0,0,10
2020-07-12,US,Texas,Presidio,26,0,0,29.99954402,-104.2408079,48377.0,387.8281622911695,0.0,26,26,0,0,26,26,6948,0,0,0,0,0
2020-07-12,US,Texas,Rains,16,0,0,32.87109387,-95.79232691,48379.0,127.8568003835704,0.0,16,17,0,0,17,17,12159,-1,0,0,-1,0
2020-07-12,US,Texas,Randall,1045,7,0,34.96585996,-101.8971322,48381.0,758.8245118471023,0.6698564593301436,1038,1045,7,0,1038,1026,136271,0,0,0,0,19
2020-07-12,US,Texas,Reagan,31,0,0,31.36607041,-101.5232659,48383.0,805.4040010392308,0.0,31,31,0,0,31,28,3741,0,0,0,0,3
2020-07-12,US,Texas,Real,6,0,0,29.83321503,-99.82018052,48385.0,173.81228273464657,0.0,6,6,0,0,6,4,3478,0,0,0,0,2
2020-07-12,US,Texas,Red River,120,12,0,33.61886692,-95.04841765,48387.0,998.086999916826,10.0,108,119,12,0,107,119,12175,1,0,0,1,0
2020-07-12,US,Texas,Reeves,77,1,0,31.32323325,-103.6903896,48389.0,481.9729594391587,1.2987012987012987,76,77,1,0,76,77,15695,0,0,0,0,0
2020-07-12,US,Texas,Refugio,51,0,0,28.3238976,-97.15766311,48391.0,734.0241796200345,0.0,51,43,0,0,43,42,7032,8,0,0,8,1
2020-07-12,US,Texas,Roberts,6,0,0,35.83809685,-100.813175,48393.0,702.5761124121782,0.0,6,6,0,0,6,6,903,0,0,0,0,0
2020-07-12,US,Texas,Robertson,112,0,0,31.02539637,-96.51272246,48395.0,655.9681386904065,0.0,112,111,0,0,111,86,17284,1,0,0,1,25
2020-07-12,US,Texas,Rockwall,433,17,0,32.89779518,-96.40771592,48397.0,412.71505504456,3.9260969976905313,416,433,17,0,416,430,100657,0,0,0,0,3
2020-07-12,US,Texas,Runnels,24,0,0,31.8314342,-99.97616148,48399.0,233.8269680436477,0.0,24,24,0,0,24,20,10234,0,0,0,0,4
2020-07-12,US,Texas,Rusk,266,3,0,32.10773545,-94.76176432,48401.0,488.9166636032791,1.1278195488721805,263,266,3,0,263,266,54450,0,0,0,0,0
2020-07-12,US,Texas,Sabine,31,1,0,31.34318809,-93.85440451,48403.0,294.06184784670836,3.2258064516129035,30,31,1,0,30,29,10589,0,0,0,0,2
2020-07-12,US,Texas,San Augustine,126,9,0,31.39457611,-94.17000399,48405.0,1529.6831370644657,7.142857142857142,117,126,9,0,117,121,8232,0,0,0,0,5
2020-07-12,US,Texas,San Jacinto,85,2,0,30.57933681,-95.16260304,48407.0,294.53550019058184,2.3529411764705883,83,63,0,0,63,63,28719,22,2,0,20,0
2020-07-12,US,Texas,San Patricio,310,0,0,28.00880118,-97.51763891,48409.0,464.558669264199,0.0,310,310,0,0,310,284,66893,0,0,0,0,26
2020-07-12,US,Texas,San Saba,10,0,0,31.1577796,-98.81758731,48411.0,165.15276630883568,0.0,10,10,0,0,10,10,6054,0,0,0,0,0
2020-07-12,US,Texas,Schleicher,24,1,0,30.89740592,-100.5384842,48413.0,859.2910848549948,4.166666666666667,23,24,1,0,23,23,2895,0,0,0,0,1
2020-07-12,US,Texas,Scurry,321,1,0,32.74613808,-100.9162664,48415.0,1921.8104532119974,0.3115264797507788,320,321,1,0,320,90,16866,0,0,0,0,231
2020-07-12,US,Texas,Shackelford,8,0,0,32.73587756,-99.35401337,48417.0,245.02297090352212,0.0,8,8,0,0,8,8,3253,0,0,0,0,0
2020-07-12,US,Texas,Shelby,297,14,0,31.79211404,-94.14550696,48419.0,1175.1206773759595,4.713804713804714,283,294,14,0,280,292,25418,3,0,0,3,2
2020-07-12,US,Texas,Sherman,32,0,0,36.27751473,-101.8933156,48421.0,1058.901389808074,0.0,32,32,0,0,32,32,3079,0,0,0,0,0
2020-07-12,US,Texas,Smith,1299,7,0,32.37474036,-95.2717568,48423.0,558.1071617307766,0.5388760585065435,1292,1299,7,0,1292,1220,230221,0,0,0,0,79
2020-07-12,US,Texas,Somervell,25,0,0,32.22236802,-97.77403489,48425.0,273.88255915863283,0.0,25,25,0,0,25,23,9016,0,0,0,0,2
2020-07-12,US,Texas,Starr,1005,4,0,26.56150059,-98.73892358,48427.0,1554.9332384385684,0.39800995024875613,1001,1005,4,0,1001,1005,64525,0,0,0,0,0
2020-07-12,US,Texas,Stephens,15,0,0,32.73553157,-98.83631615,48429.0,160.15374759769378,0.0,15,15,0,0,15,13,9433,0,0,0,0,2
2020-07-12,US,Texas,Sterling,1,0,0,31.82781912,-101.0500746,48431.0,77.45933384972889,0.0,1,1,0,0,1,1,1311,0,0,0,0,0
2020-07-12,US,Texas,Sutton,21,0,0,30.49856623,-100.5382014,48435.0,556.1440677966102,0.0,21,21,0,0,21,20,3758,0,0,0,0,1
2020-07-12,US,Texas,Swisher,53,1,0,34.53028891,-101.7349174,48437.0,716.5066919021225,1.8867924528301887,52,53,1,0,52,53,7462,0,0,0,0,0
2020-07-12,US,Texas,Tarrant,17757,268,0,32.77143818,-97.29101614,48439.0,844.5599674675328,1.5092639522441853,17489,17334,262,0,17072,16700,2084931,423,6,0,417,634
2020-07-12,US,Texas,Taylor,750,7,0,32.30163422,-99.89007449,48441.0,543.3443934103192,0.9333333333333332,743,708,7,0,701,654,137640,42,0,0,42,54
2020-07-12,US,Texas,Terrell,2,0,0,30.22429013,-102.0766732,48443.0,257.73195876288656,0.0,2,2,0,0,2,2,823,0,0,0,0,0
2020-07-12,US,Texas,Terry,48,0,0,33.17402785,-102.3354521,48445.0,389.07351868363463,0.0,48,48,0,0,48,47,12287,0,0,0,0,1
2020-07-12,US,Texas,Throckmorton,1,0,0,33.17751417,-99.21226795,48447.0,66.62225183211193,0.0,1,1,0,0,1,1,1515,0,0,0,0,0
2020-07-12,US,Texas,Titus,965,6,0,33.21339719,-94.96797273,48449.0,2946.5648854961833,0.6217616580310881,959,965,6,0,959,965,33033,0,0,0,0,0
2020-07-12,US,Texas,Tom Green,975,3,0,31.40464436,-100.462443,48451.0,817.9530201342282,0.3076923076923077,972,919,3,0,916,807,118189,56,0,0,56,112
2020-07-12,US,Texas,Travis,14622,168,0,30.33432034,-97.7853562,48453.0,1147.7651469362315,1.1489536315141569,14454,14304,166,0,14138,13864,1248743,318,2,0,316,440
2020-07-12,US,Texas,Trinity,69,0,0,31.0879489,-95.1367187,48455.0,470.95761381475677,0.0,69,60,0,0,60,56,14740,9,0,0,9,4
2020-07-12,US,Texas,Tyler,37,0,0,30.77031716,-94.37690895,48457.0,170.72720561092657,0.0,37,36,0,0,36,36,21696,1,0,0,1,0
2020-07-12,US,Texas,Upshur,95,0,0,32.73706798,-94.93999853,48459.0,227.5285608219769,0.0,95,90,0,0,90,86,41260,5,0,0,5,4
2020-07-12,US,Texas,Upton,10,0,0,31.36868194,-102.0423217,48461.0,273.4481815695926,0.0,10,10,0,0,10,11,3671,0,0,0,0,-1
2020-07-12,US,Texas,Uvalde,237,2,0,29.35739637,-99.76229172,48463.0,886.2794959051644,0.8438818565400844,235,224,2,0,222,207,26846,13,0,0,13,17
2020-07-12,US,Texas,Val Verde,622,3,0,29.89149232,-101.1525205,48465.0,1268.740438551759,0.482315112540193,619,622,3,0,619,622,49208,0,0,0,0,0
2020-07-12,US,Texas,Van Zandt,182,3,0,32.56483801,-95.83766469,48467.0,321.61159215409083,1.6483516483516485,179,182,3,0,179,167,56019,0,0,0,0,15
2020-07-12,US,Texas,Victoria,1599,10,0,28.79780988,-96.96813006,48469.0,1736.458016593545,0.6253908692933083,1589,1599,10,0,1589,1599,92035,0,0,0,0,0
2020-07-12,US,Texas,Walker,2239,28,0,30.73872995,-95.57440968,48471.0,3068.342218141453,1.250558284948638,2211,2223,28,0,2195,2194,72480,16,0,0,16,29
2020-07-12,US,Texas,Waller,247,0,0,30.01058447,-95.99011759,48473.0,447.09119212250664,0.0,247,235,0,0,235,226,53126,12,0,0,12,9
2020-07-12,US,Texas,Ward,46,0,0,31.50999644,-103.0927909,48475.0,383.39723287214537,0.0,46,46,0,0,46,36,11720,0,0,0,0,10
2020-07-12,US,Texas,Washington,349,33,0,30.21498498,-96.40946246,48477.0,972.6325176968954,9.455587392550145,316,349,33,0,316,349,35108,0,0,0,0,0
2020-07-12,US,Texas,Webb,2722,43,0,27.7610369,-99.33237355,48479.0,983.9075806428293,1.579720793534166,2679,2547,40,0,2507,2405,275910,175,3,0,172,142
2020-07-12,US,Texas,Wharton,339,1,0,29.27765923,-96.22319248,48481.0,815.7666762922322,0.2949852507374631,338,328,1,0,327,312,41619,11,0,0,11,16
2020-07-12,US,Texas,Wheeler,20,0,0,35.40114335,-100.2699514,48483.0,395.56962025316454,0.0,20,20,0,0,20,19,5191,0,0,0,0,1
2020-07-12,US,Texas,Wichita,601,3,0,33.98842886,-98.7041034,48485.0,454.5110791802163,0.4991680532445924,598,585,3,0,582,567,132064,16,0,0,16,18
2020-07-12,US,Texas,Wilbarger,17,0,0,34.07945812,-99.24178437,48487.0,133.1349361735453,0.0,17,17,0,0,17,17,12820,0,0,0,0,0
2020-07-12,US,Texas,Willacy,325,3,0,26.47411727,-97.61535848,48489.0,1521.6780597434217,0.9230769230769232,322,267,3,0,264,256,21515,58,0,0,58,11
2020-07-12,US,Texas,Williamson,3810,54,0,30.64655664,-97.6004854,48491.0,645.1601978491274,1.4173228346456692,3756,3745,52,0,3693,3654,566719,65,2,0,63,91
2020-07-12,US,Texas,Wilson,201,5,0,29.1732598,-98.08693082,48493.0,393.5774427256706,2.487562189054726,196,190,5,0,185,173,50224,11,0,0,11,17
2020-07-12,US,Texas,Winkler,40,0,0,31.85008651,-103.0485163,48495.0,499.3757802746567,0.0,40,40,0,0,40,40,7720,0,0,0,0,0
2020-07-12,US,Texas,Wise,184,5,0,33.21570665,-97.65460265,48497.0,262.9172382258802,2.717391304347826,179,184,5,0,179,174,68305,0,0,0,0,10
2020-07-12,US,Texas,Wood,123,5,0,32.78722382,-95.38236368,48499.0,270.09815762313616,4.0650406504065035,118,123,5,0,118,120,45129,0,0,0,0,3
2020-07-12,US,Texas,Yoakum,42,0,0,33.17320212,-102.8276433,48501.0,482.0383335246184,0.0,42,42,0,0,42,40,8591,0,0,0,0,2
2020-07-12,US,Texas,Young,53,1,0,33.17659707,-98.68790885,48503.0,294.2809550249861,1.8867924528301887,52,53,1,0,52,46,18045,0,0,0,0,7
2020-07-12,US,Texas,Zapata,76,0,0,27.00156391,-99.16987152,48505.0,536.0039495027858,0.0,76,66,0,0,66,66,14190,10,0,0,10,0
2020-07-12,US,Texas,Zavala,60,0,0,28.86617238,-99.76050829,48507.0,506.75675675675683,0.0,60,49,0,0,49,46,11983,11,0,0,11,3
2020-07-12,US,Utah,Bear River,1777,3,0,41.52106798,-113.08328159999999,0.0,951.193139847338,0.16882386043894204,1774,1745,3,0,1742,1724,,32,0,0,32,21
2020-07-12,US,Utah,Central Utah,270,0,0,39.37231946,-111.5758676,0.0,329.453107840984,0.0,270,266,0,0,266,263,,4,0,0,4,3
2020-07-12,US,Utah,Davis,1846,6,0,40.99001837,-112.1139997,49011.0,519.2963899617702,0.3250270855904659,1840,1794,6,0,1788,1723,351713,52,0,0,52,71
2020-07-12,US,Utah,Salt Lake,14609,130,0,40.66616532,-111.92160109999999,49035.0,1258.9222853114818,0.8898624135806694,14479,14336,130,0,14206,14066,1152633,273,0,0,273,270
2020-07-12,US,Utah,San Juan,477,11,0,37.62762978,-109.80337140000002,49037.0,3116.017768487065,2.3060796645702304,466,465,11,0,454,451,15449,12,0,0,12,14
2020-07-12,US,Utah,Southeast Utah,54,0,0,38.99617072,-110.70139579999999,0.0,134.2315245221109,0.0,54,54,0,0,54,50,,0,0,0,0,4
2020-07-12,US,Utah,Southwest Utah,2069,18,0,37.85447192,-111.4418764,0.0,820.8949302100442,0.8699855002416627,2051,2005,16,0,1989,1949,,64,2,0,62,56
2020-07-12,US,Utah,Summit,584,1,0,40.86688146,-110.9535882,49043.0,1385.6922529362914,0.17123287671232876,583,574,1,0,573,560,41933,10,0,0,10,14
2020-07-12,US,Utah,Tooele,346,0,0,40.44862644,-113.12957150000001,49045.0,478.83308653593315,0.0,346,334,0,0,334,327,69907,12,0,0,12,7
2020-07-12,US,Utah,TriCounty,69,0,0,40.12491499,-109.5174415,0.0,121.86076083501112,0.0,69,65,0,0,65,63,,4,0,0,4,2
2020-07-12,US,Utah,Utah,5369,28,0,40.116672200000004,-111.66576620000001,49049.0,843.8705824105873,0.5215123859191656,5341,5271,27,0,5244,5143,622213,98,1,0,97,128
2020-07-12,US,Utah,Wasatch,456,4,0,40.33110236,-111.1691419,49051.0,1337.5964330761785,0.8771929824561403,452,452,4,0,448,448,33240,4,0,0,4,4
2020-07-12,US,Utah,Weber-Morgan,1558,14,0,41.27116049,-111.9145117,0.0,572.0853207606752,0.8985879332477535,1544,1494,14,0,1480,1456,,64,0,0,64,38
2020-07-12,US,Vermont,Addison,68,2,0,44.03217337,-73.14130877,50001.0,184.89817005193456,2.9411764705882355,66,68,2,0,66,68,36973,0,0,0,0,0
2020-07-12,US,Vermont,Bennington,74,1,0,43.03519828,-73.09048868,50003.0,208.62700873978008,1.351351351351351,73,74,1,0,73,74,35631,0,0,0,0,0
2020-07-12,US,Vermont,Caledonia,21,0,0,44.46548598,-72.10314651,50005.0,70.0163371453339,0.0,21,21,0,0,21,21,30302,0,0,0,0,0
2020-07-12,US,Vermont,Chittenden,658,39,0,44.46322849,-73.08359212,50007.0,401.7731752292794,5.927051671732523,619,650,39,0,611,645,164572,8,0,0,8,5
2020-07-12,US,Vermont,Essex,5,0,0,44.72736416,-71.73579864,50009.0,81.12932013629725,0.0,5,5,0,0,5,5,6250,0,0,0,0,0
2020-07-12,US,Vermont,Franklin,110,6,0,44.85627605,-72.91249563,50011.0,222.66305007894417,5.454545454545454,104,110,6,0,104,110,49421,0,0,0,0,0
2020-07-12,US,Vermont,Grand Isle,13,0,0,44.7975824,-73.29679772,50013.0,179.68210089841045,0.0,13,10,0,0,10,10,7090,3,0,0,3,0
2020-07-12,US,Vermont,Lamoille,38,1,0,44.60353043,-72.64356694,50015.0,149.8304550114344,2.631578947368421,37,37,1,0,36,37,25300,1,0,0,1,0
2020-07-12,US,Vermont,Orange,10,0,0,44.00470222,-72.37640104,50017.0,34.61165720614703,0.0,10,10,0,0,10,10,28999,0,0,0,0,0
2020-07-12,US,Vermont,Orleans,14,0,0,44.82964024,-72.24562697,50019.0,51.78089285053815,0.0,14,14,0,0,14,14,26907,0,0,0,0,0
2020-07-12,US,Vermont,Rutland,76,1,0,43.57723578,-73.03741676,50021.0,130.60438899486178,1.3157894736842106,75,75,1,0,74,75,58672,1,0,0,1,0
2020-07-12,US,Vermont,Unassigned,5,0,0,0.0,0.0,90050.0,0.0,0.0,5,5,0,0,5,5,,0,0,0,0,0
2020-07-12,US,Vermont,Washington,43,1,0,44.27343241,-72.61604978,50023.0,73.6187916245784,2.3255813953488373,42,43,1,0,42,42,58140,0,0,0,0,1
2020-07-12,US,Vermont,Windham,99,3,0,42.986982,-72.71268875,50025.0,234.4749182890436,3.0303030303030303,96,99,3,0,96,99,42756,0,0,0,0,0
2020-07-12,US,Vermont,Windsor,62,2,0,43.58010937,-72.58595157,50027.0,112.60034143329338,3.2258064516129035,60,62,2,0,60,62,55286,0,0,0,0,0
2020-07-12,US,Virginia,Accomack,1042,14,0,37.76707161,-75.63234615,51001.0,3224.4089615051366,1.343570057581574,1028,1042,14,0,1028,1042,32412,0,0,0,0,0
2020-07-12,US,Virginia,Albemarle,552,10,0,38.02080697,-78.55481085,51003.0,504.8934418732279,1.8115942028985508,542,533,10,0,523,520,108718,19,0,0,19,13
2020-07-12,US,Virginia,Alexandria,2455,57,0,38.814003,-77.08183073,51510.0,1539.8800712547354,2.3217922606924644,2398,2453,57,0,2396,2439,160530,2,0,0,2,14
2020-07-12,US,Virginia,Alleghany,52,2,0,37.78636074,-80.00222498,51005.0,349.93270524899066,3.8461538461538463,50,40,2,0,38,39,14910,12,0,0,12,1
2020-07-12,US,Virginia,Amelia,50,1,0,37.34081025,-77.98584649,51007.0,380.37276531000384,2.0,49,49,1,0,48,49,13013,1,0,0,1,0
2020-07-12,US,Virginia,Amherst,40,0,0,37.60308293,-79.14548696,51009.0,126.56225280809996,0.0,40,40,0,0,40,38,31666,0,0,0,0,2
2020-07-12,US,Virginia,Appomattox,47,0,0,37.37569884,-78.81340003,51011.0,295.39312425366114,0.0,47,47,0,0,47,46,15841,0,0,0,0,1
2020-07-12,US,Virginia,Arlington,2615,134,0,38.8767675,-77.10139853,51013.0,1104.1116018273783,5.124282982791587,2481,2597,134,0,2463,2582,237521,18,0,0,18,15
2020-07-12,US,Virginia,Augusta,208,2,0,38.16404586,-79.12461614,51015.0,275.2852113608089,0.9615384615384616,206,205,2,0,203,204,75457,3,0,0,3,1
2020-07-12,US,Virginia,Bath,1,0,0,38.05852573,-79.73912095,51017.0,24.11381721726549,0.0,1,1,0,0,1,1,4292,0,0,0,0,0
2020-07-12,US,Virginia,Bedford,162,4,0,37.3080028,-79.5281964,51019.0,205.07107864855632,2.469135802469136,158,156,4,0,152,144,78747,6,0,0,6,12
2020-07-12,US,Virginia,Bland,3,0,0,37.13128068,-81.13599391,51021.0,47.77070063694269,0.0,3,3,0,0,3,3,6293,0,0,0,0,0
2020-07-12,US,Virginia,Botetourt,155,4,0,37.55531756,-79.80982182,51023.0,463.80801340554774,2.5806451612903225,151,152,4,0,148,151,33277,3,0,0,3,1
2020-07-12,US,Virginia,Bristol,13,0,0,36.6163024,-82.16359122,51520.0,77.55637752058226,0.0,13,12,0,0,12,10,16482,1,0,0,1,2
2020-07-12,US,Virginia,Brunswick,130,1,0,36.76366949,-77.8593436,51025.0,800.9364795761197,0.7692307692307693,129,127,1,0,126,123,16384,3,0,0,3,4
2020-07-12,US,Virginia,Buchanan,39,0,0,37.26818323,-82.03749726,51027.0,185.678918301276,0.0,39,39,0,0,39,39,21221,0,0,0,0,0
2020-07-12,US,Virginia,Buckingham,577,6,0,37.57242268,-78.52518834,51029.0,3364.823886167483,1.0398613518197577,571,576,6,0,570,574,16999,1,0,0,1,2
2020-07-12,US,Virginia,Buena Vista,21,0,0,37.73484642,-79.35296097,51530.0,324.17412781722754,0.0,21,18,0,0,18,18,6237,3,0,0,3,0
2020-07-12,US,Virginia,Campbell,65,1,0,37.20553386,-79.09678609,51031.0,118.42944338161611,1.5384615384615383,64,63,1,0,62,56,54973,2,0,0,2,7
2020-07-12,US,Virginia,Caroline,140,4,0,38.02679129,-77.34901405,51033.0,455.65500406834826,2.8571428571428568,136,137,4,0,133,135,30772,3,0,0,3,2
2020-07-12,US,Virginia,Carroll,249,9,0,36.73066666,-80.73455942,51035.0,835.8228995334161,3.614457831325301,240,245,9,0,236,244,29636,4,0,0,4,1
2020-07-12,US,Virginia,Charles City,41,3,0,37.35358063,-77.05634116,51036.0,588.8266551773661,7.317073170731707,38,41,3,0,38,41,6941,0,0,0,0,0
2020-07-12,US,Virginia,Charlotte,36,0,0,37.01909701,-78.66314092,51037.0,303.030303030303,0.0,36,36,0,0,36,35,11938,0,0,0,0,1
2020-07-12,US,Virginia,Charlottesville,276,7,0,38.03527919,-78.48569588,51540.0,583.9292514704016,2.5362318840579707,269,270,7,0,263,260,48117,6,0,0,6,10
2020-07-12,US,Virginia,Chesapeake,1253,22,0,36.67670048,-76.30545744,51550.0,511.7732350358405,1.7557861133280128,1231,1204,22,0,1182,1162,242634,49,0,0,49,42
2020-07-12,US,Virginia,Chesterfield,3189,62,0,37.37373208,-77.58680140000001,51041.0,903.9064404396801,1.9441831295076824,3127,3169,62,0,3107,3135,348556,20,0,0,20,34
2020-07-12,US,Virginia,Clarke,60,0,0,39.11271747,-77.99199425,51043.0,410.4247896572953,0.0,60,60,0,0,60,58,14523,0,0,0,0,2
2020-07-12,US,Virginia,Colonial Heights,157,20,0,37.26420587,-77.39609676,51570.0,903.8572251007485,12.738853503184714,137,156,20,0,136,152,17833,1,0,0,1,4
2020-07-12,US,Virginia,Covington,5,0,0,37.7824656,-79.98631446,51580.0,90.2853015529072,0.0,5,5,0,0,5,5,5460,0,0,0,0,0
2020-07-12,US,Virginia,Craig,9,0,0,37.48133648,-80.21072274,51045.0,175.4044045994933,0.0,9,9,0,0,9,9,5064,0,0,0,0,0
2020-07-12,US,Virginia,Culpeper,853,12,0,38.48199985,-77.95630870000002,51047.0,1621.5188670278492,1.4067995310668229,841,852,12,0,840,841,51859,1,0,0,1,11
2020-07-12,US,Virginia,Cumberland,59,0,0,37.51328851,-78.24398086,51049.0,594.0394683850183,0.0,59,59,0,0,59,59,9809,0,0,0,0,0
2020-07-12,US,Virginia,Danville,135,2,0,36.58022376,-79.40395668,51590.0,337.1291579262812,1.4814814814814814,133,113,2,0,111,104,40693,22,0,0,22,9
2020-07-12,US,Virginia,Dickenson,6,0,0,37.12560977,-82.35124171,51051.0,41.90529403547981,0.0,6,5,0,0,5,5,14523,1,0,0,1,0
2020-07-12,US,Virginia,Dinwiddie,156,2,0,37.07544585,-77.63451754,51053.0,546.5246636771301,1.2820512820512822,154,154,2,0,152,154,28529,2,0,0,2,0
2020-07-12,US,Virginia,Emporia,146,15,0,36.69455571,-77.53406129,51595.0,2731.013842124953,10.273972602739725,131,146,15,0,131,147,5121,0,0,0,0,-1
2020-07-12,US,Virginia,Essex,63,0,0,37.93357639,-76.94230311,51057.0,575.1848808545604,0.0,63,63,0,0,63,63,10919,0,0,0,0,0
2020-07-12,US,Virginia,Fairfax,14482,500,0,38.83677558,-77.27565836,51059.0,1262.0127368997114,3.4525618008562358,13982,14403,498,0,13905,14356,1150795,79,2,0,77,47
2020-07-12,US,Virginia,Fairfax,14482,500,0,38.83677558,-77.27565836,51059.0,1262.0127368997114,3.4525618008562358,13982,14403,498,0,13905,14356,24574,79,2,0,77,47
2020-07-12,US,Virginia,Fairfax City,72,7,0,38.85157547,-77.29779640000002,51600.0,299.76268787210125,9.722222222222221,65,72,7,0,65,72,24574,0,0,0,0,0
2020-07-12,US,Virginia,Falls Church,53,7,0,38.88485255,-77.17560759,51610.0,362.5915030444004,13.20754716981132,46,53,7,0,46,51,14772,0,0,0,0,2
2020-07-12,US,Virginia,Fauquier,492,8,0,38.73564842,-77.80647472,51061.0,690.7977872005841,1.6260162601626016,484,476,8,0,468,471,70675,16,0,0,16,5
2020-07-12,US,Virginia,Floyd,20,1,0,36.9302126,-80.36738849,51063.0,126.9921899803162,5.0,19,20,1,0,19,20,15795,0,0,0,0,0
2020-07-12,US,Virginia,Fluvanna,134,8,0,37.84157909,-78.27715475,51065.0,491.3824715804914,5.970149253731344,126,130,8,0,122,128,26783,4,0,0,4,2
2020-07-12,US,Virginia,Franklin,106,1,0,36.99536167,-79.88023649,51067.0,189.14385639341918,0.9433962264150944,105,106,1,0,105,105,56195,0,0,0,0,1
2020-07-12,US,Virginia,Franklin,106,1,0,36.99536167,-79.88023649,51067.0,189.14385639341918,0.9433962264150944,105,106,1,0,105,105,8013,0,0,0,0,1
2020-07-12,US,Virginia,Franklin City,75,3,0,36.6831435,-76.93859681,51620.0,941.3832057236099,4.0,72,70,3,0,67,69,8013,5,0,0,5,1
2020-07-12,US,Virginia,Frederick,551,6,0,39.20172582,-78.25974949,51069.0,616.9314657440686,1.088929219600726,545,543,6,0,537,536,88355,8,0,0,8,7
2020-07-12,US,Virginia,Fredericksburg,279,0,0,38.2977863,-77.4922454,51630.0,960.8761537401846,0.0,279,277,0,0,277,264,29144,2,0,0,2,13
2020-07-12,US,Virginia,Galax,288,16,0,36.66601852,-80.91703124,51640.0,4537.57680794076,5.5555555555555545,272,287,16,0,271,283,6423,1,0,0,1,4
2020-07-12,US,Virginia,Giles,18,0,0,37.31234791,-80.70636931,51071.0,107.65550239234449,0.0,18,18,0,0,18,18,16844,0,0,0,0,0
2020-07-12,US,Virginia,Gloucester,67,1,0,37.40809042,-76.53524337,51073.0,179.39380957480992,1.492537313432836,66,67,1,0,66,65,37349,0,0,0,0,2
2020-07-12,US,Virginia,Goochland,130,6,0,37.71714806,-77.90381514,51075.0,547.299288510925,4.615384615384615,124,129,6,0,123,129,23244,1,0,0,1,0
2020-07-12,US,Virginia,Grayson,92,4,0,36.65677234,-81.23215889,51077.0,591.6398713826367,4.3478260869565215,88,91,4,0,87,91,15631,1,0,0,1,0
2020-07-12,US,Virginia,Greene,84,2,0,38.29545894,-78.46525378,51079.0,423.83571320450073,2.380952380952381,82,80,2,0,78,80,19779,4,0,0,4,0
2020-07-12,US,Virginia,Greensville,376,9,0,36.67878901,-77.56351439,51081.0,3316.866619618913,2.3936170212765955,367,375,9,0,366,374,11627,1,0,0,1,1
2020-07-12,US,Virginia,Halifax,83,1,0,36.76654925,-78.93512622,51083.0,244.7583380024181,1.2048192771084338,82,80,1,0,79,76,34120,3,0,0,3,4
2020-07-12,US,Virginia,Hampton,488,4,0,37.03513786,-76.35879121,51650.0,362.79830495873915,0.819672131147541,484,469,4,0,465,454,134313,19,0,0,19,15
2020-07-12,US,Virginia,Hanover,476,31,0,37.7583355,-77.49464673,51085.0,441.6977525379062,6.512605042016808,445,469,31,0,438,467,107239,7,0,0,7,2
2020-07-12,US,Virginia,Harrisonburg,979,28,0,38.43542574,-78.87536254,51660.0,1846.6123434434887,2.8600612870275786,951,978,28,0,950,976,54033,1,0,0,1,2
2020-07-12,US,Virginia,Henrico,2860,173,0,37.53460572,-77.39326555,51087.0,864.5236958085715,6.048951048951049,2687,2822,173,0,2649,2784,329261,38,0,0,38,38
2020-07-12,US,Virginia,Henry,350,5,0,36.68542395,-79.87634026,51089.0,692.287912653045,1.4285714285714286,345,350,5,0,345,339,50953,0,0,0,0,11
2020-07-12,US,Virginia,Highland,3,0,0,38.35799465,-79.56124594,51091.0,136.98630136986299,0.0,3,3,0,0,3,3,2210,0,0,0,0,0
2020-07-12,US,Virginia,Hopewell,201,5,0,37.29186313,-77.29754684,51670.0,892.1834080518441,2.487562189054726,196,198,5,0,193,193,22596,3,0,0,3,5
2020-07-12,US,Virginia,Isle of Wight,224,9,0,36.90579348,-76.70842863,51093.0,603.6271524428038,4.017857142857143,215,222,9,0,213,215,36953,2,0,0,2,7
2020-07-12,US,Virginia,James City,341,16,0,37.31156958,-76.76950618,51095.0,445.6176574363264,4.6920821114369495,325,336,16,0,320,332,76397,5,0,0,5,4
2020-07-12,US,Virginia,King George,105,4,0,38.26818502,-77.15852768,51099.0,391.26546430168435,3.809523809523809,101,105,4,0,101,104,26575,0,0,0,0,1
2020-07-12,US,Virginia,King William,54,2,0,37.70965316,-77.09384941,51101.0,314.9055283414976,3.703703703703704,52,54,2,0,52,54,16939,0,0,0,0,0
2020-07-12,US,Virginia,King and Queen,27,1,0,37.71044922,-76.88689628,51097.0,384.3416370106762,3.703703703703704,26,26,1,0,25,26,7042,1,0,0,1,0
2020-07-12,US,Virginia,Lancaster,13,0,0,37.71889653,-76.46400482,51103.0,122.60680939356787,0.0,13,13,0,0,13,12,10783,0,0,0,0,1
2020-07-12,US,Virginia,Lee,19,0,0,36.70586667,-83.12606515,51105.0,81.11685095845965,0.0,19,17,0,0,17,17,23541,2,0,0,2,0
2020-07-12,US,Virginia,Lexington,17,0,0,37.78258621,-79.44262866,51678.0,228.31050228310505,0.0,17,16,0,0,16,13,7136,1,0,0,1,3
2020-07-12,US,Virginia,Loudoun,4407,99,0,39.08990083,-77.63481877,51107.0,1065.6819929486528,2.24642614023145,4308,4373,99,0,4274,4349,406850,34,0,0,34,24
2020-07-12,US,Virginia,Louisa,137,2,0,37.97850256,-77.96274807,51109.0,364.4489372456173,1.45985401459854,135,135,2,0,133,134,36778,2,0,0,2,1
2020-07-12,US,Virginia,Lunenburg,41,0,0,36.94618528,-78.24133319,51111.0,336.17579534273534,0.0,41,40,0,0,40,40,12086,1,0,0,1,0
2020-07-12,US,Virginia,Lynchburg,191,1,0,37.40021399,-79.19888138,51680.0,232.4505890370948,0.5235602094240838,190,187,1,0,186,177,82126,4,0,0,4,10
2020-07-12,US,Virginia,Madison,47,1,0,38.41531222,-78.28220331,51113.0,354.4227433828521,2.127659574468085,46,47,1,0,46,46,13295,0,0,0,0,1
2020-07-12,US,Virginia,Manassas,1485,19,0,38.7464321,-77.48509905,51683.0,3614.457831325301,1.2794612794612794,1466,1482,19,0,1463,1472,41641,3,0,0,3,10
2020-07-12,US,Virginia,Manassas Park,458,6,0,38.77058531,-77.44399307,51685.0,2620.437120952054,1.310043668122271,452,457,6,0,451,455,17307,1,0,0,1,2
2020-07-12,US,Virginia,Martinsville,112,1,0,36.68212094,-79.86352771,51690.0,892.1459295841963,0.8928571428571429,111,112,1,0,111,107,12902,0,0,0,0,5
2020-07-12,US,Virginia,Mathews,7,0,0,37.44164146,-76.34098896,51115.0,79.23930269413628,0.0,7,7,0,0,7,7,8802,0,0,0,0,0
2020-07-12,US,Virginia,Mecklenburg,257,29,0,36.67882005,-78.36131056,51117.0,840.2262399058425,11.284046692607006,228,257,29,0,228,253,30650,0,0,0,0,4
2020-07-12,US,Virginia,Middlesex,17,0,0,37.63191998,-76.55064617,51119.0,160.6501606501606,0.0,17,17,0,0,17,16,10769,0,0,0,0,1
2020-07-12,US,Virginia,Montgomery,191,3,0,37.17746986,-80.37868691,51121.0,193.83975237225346,1.5706806282722514,188,182,3,0,179,177,98985,9,0,0,9,5
2020-07-12,US,Virginia,Nelson,25,0,0,37.78790447,-78.88498513,51125.0,167.44809109176154,0.0,25,25,0,0,25,22,14836,0,0,0,0,3
2020-07-12,US,Virginia,New Kent,73,1,0,37.50694406,-76.99828634,51127.0,316.14048763587544,1.3698630136986298,72,68,1,0,67,63,22391,5,0,0,5,5
2020-07-12,US,Virginia,Newport News,719,10,0,37.08166899,-76.51754109,51700.0,401.171711535779,1.3908205841446453,709,693,10,0,683,679,178626,26,0,0,26,14
2020-07-12,US,Virginia,Norfolk,1548,16,0,36.89934014,-76.26420872,51710.0,637.7141162221617,1.0335917312661498,1532,1448,15,0,1433,1360,244076,100,1,0,99,88
2020-07-12,US,Virginia,Northampton,274,28,0,37.34062933,-75.87751591,51131.0,2339.880444064902,10.218978102189784,246,274,28,0,246,273,11735,0,0,0,0,1
2020-07-12,US,Virginia,Northumberland,40,1,0,37.89202088,-76.41949732,51133.0,330.71517155849523,2.5,39,40,1,0,39,38,12147,0,0,0,0,2
2020-07-12,US,Virginia,Norton,4,0,0,36.93357076,-82.62750411,51720.0,100.4772670183371,0.0,4,4,0,0,4,4,3968,0,0,0,0,0
2020-07-12,US,Virginia,Nottoway,120,5,0,37.1435975,-78.05065922,51135.0,787.8151260504202,4.166666666666667,115,120,5,0,115,117,15420,0,0,0,0,3
2020-07-12,US,Virginia,Orange,160,3,0,38.24530219,-78.01560400000002,51137.0,431.83719737658896,1.875,157,159,3,0,156,158,36644,1,0,0,1,1
2020-07-12,US,Virginia,Page,299,23,0,38.61807452,-78.48797204,51139.0,1250.9413438206007,7.6923076923076925,276,298,23,0,275,296,23933,1,0,0,1,2
2020-07-12,US,Virginia,Patrick,48,1,0,36.6801638,-80.2865648,51141.0,272.6033621081327,2.083333333333333,47,48,1,0,47,48,17673,0,0,0,0,0
2020-07-12,US,Virginia,Petersburg,332,8,0,37.20530399,-77.39368102,51730.0,1059.1463025585401,2.409638554216868,324,331,8,0,323,320,31567,1,0,0,1,11
2020-07-12,US,Virginia,Pittsylvania,171,2,0,36.81980341,-79.39731264,51143.0,283.3283626603042,1.1695906432748535,169,159,2,0,157,148,60949,12,0,0,12,11
2020-07-12,US,Virginia,Poquoson,20,0,0,37.14259351,-76.35798148,51735.0,162.9859017195013,0.0,20,20,0,0,20,20,12190,0,0,0,0,0
2020-07-12,US,Virginia,Portsmouth,686,19,0,36.85914825,-76.35971629,51740.0,726.7103116591452,2.7696793002915454,667,662,19,0,643,627,94632,24,0,0,24,35
2020-07-12,US,Virginia,Powhatan,92,2,0,37.55016038,-77.91267882,51145.0,310.26574935923384,2.1739130434782608,90,91,2,0,89,87,29189,1,0,0,1,4
2020-07-12,US,Virginia,Prince Edward,237,6,0,37.22554789,-78.43597949,51147.0,1039.3825103061135,2.5316455696202533,231,237,6,0,231,236,22950,0,0,0,0,1
2020-07-12,US,Virginia,Prince George,262,2,0,37.18497668,-77.22922187,51149.0,683.1277866138242,0.7633587786259542,260,258,2,0,256,255,38082,4,0,0,4,3
2020-07-12,US,Virginia,Prince William,7809,157,0,38.70916224,-77.48713689,51153.0,1660.3059521404955,2.0105007043155334,7652,7769,156,0,7613,7742,468011,40,1,0,39,27
2020-07-12,US,Virginia,Pulaski,51,2,0,37.06474963,-80.71229738,51155.0,149.8809768713081,3.92156862745098,49,51,2,0,49,51,34066,0,0,0,0,0
2020-07-12,US,Virginia,Radford,16,0,0,37.12222899,-80.56027320000003,51750.0,87.67603704312565,0.0,16,16,0,0,16,16,18339,0,0,0,0,0
2020-07-12,US,Virginia,Rappahannock,32,1,0,38.68295619,-78.15826963,51157.0,434.19267299864316,3.125,31,32,1,0,31,31,7252,0,0,0,0,1
2020-07-12,US,Virginia,Richmond,311,6,0,37.937575,-76.72920628,51159.0,3446.747201595921,1.929260450160772,305,311,6,0,305,308,9038,0,0,0,0,3
2020-07-12,US,Virginia,Richmond City,2415,35,0,37.53255773,-77.47966921,51760.0,1048.0133312503256,1.4492753623188406,2380,2386,35,0,2351,2361,228783,29,0,0,29,25
2020-07-12,US,Virginia,Roanoke,324,6,0,37.26865804,-80.06396753,51161.0,344.0001698766271,1.851851851851852,318,311,6,0,305,309,94073,13,0,0,13,2
2020-07-12,US,Virginia,Roanoke City,582,10,0,37.27791025,-79.96189766,51770.0,587.0308544224,1.718213058419244,572,557,10,0,547,552,99920,25,0,0,25,5
2020-07-12,US,Virginia,Rockbridge,35,0,0,37.81204314,-79.44605905,51163.0,155.05249634519112,0.0,35,34,0,0,34,32,22752,1,0,0,1,2
2020-07-12,US,Virginia,Rockingham,782,12,0,38.51006137,-78.87260325,51165.0,954.2636794064528,1.5345268542199488,770,778,12,0,766,771,81244,4,0,0,4,7
2020-07-12,US,Virginia,Russell,23,0,0,36.93028320000001,-82.10095486,51167.0,86.51169788610547,0.0,23,21,0,0,21,18,26748,2,0,0,2,3
2020-07-12,US,Virginia,Salem,95,3,0,37.2836193,-80.06219455,51775.0,375.47923006995774,3.1578947368421053,92,87,3,0,84,87,25643,8,0,0,8,0
2020-07-12,US,Virginia,Scott,14,2,0,36.71466456,-82.60171704,51169.0,64.91699897987573,14.285714285714285,12,11,2,0,9,11,21534,3,0,0,3,0
2020-07-12,US,Virginia,Shenandoah,611,35,0,38.85905135,-78.56813762,51171.0,1400.8620689655172,5.728314238952537,576,609,35,0,574,606,43497,2,0,0,2,3
2020-07-12,US,Virginia,Smyth,43,1,0,36.84455636,-81.53344948,51173.0,142.83816104172203,2.3255813953488373,42,43,1,0,42,43,30472,0,0,0,0,0
2020-07-12,US,Virginia,Southampton,181,10,0,36.72231125,-77.10642712,51175.0,1026.6008734615166,5.524861878453039,171,173,10,0,163,170,17586,8,0,0,8,3
2020-07-12,US,Virginia,Spotsylvania,1082,31,0,38.18574462,-77.655399,51177.0,794.3324890797636,2.8650646950092415,1051,1076,31,0,1045,1077,134238,6,0,0,6,-1
2020-07-12,US,Virginia,Stafford,1060,6,0,38.41758738,-77.45917053,51179.0,693.345194332884,0.5660377358490566,1054,1056,6,0,1050,1048,149960,4,0,0,4,8
2020-07-12,US,Virginia,Staunton,95,0,0,38.15965544,-79.05979937,51790.0,381.0364190598429,0.0,95,95,0,0,95,90,24922,0,0,0,0,5
2020-07-12,US,Virginia,Suffolk,554,42,0,36.70155394,-76.63603554,51800.0,601.4678420984062,7.581227436823106,512,535,42,0,493,526,91185,19,0,0,19,9
2020-07-12,US,Virginia,Surry,18,1,0,37.11781893,-76.88450012,51181.0,280.28651510432894,5.5555555555555545,17,18,1,0,17,17,6474,0,0,0,0,1
2020-07-12,US,Virginia,Sussex,212,7,0,36.92432914,-77.25791182,51183.0,1899.811811094184,3.30188679245283,205,211,7,0,204,211,11237,1,0,0,1,0
2020-07-12,US,Virginia,Tazewell,28,0,0,37.12191123,-81.56685568,51185.0,68.97401157778053,0.0,28,26,0,0,26,24,40855,2,0,0,2,2
2020-07-12,US,Virginia,Virginia Beach,1821,30,0,36.73285734,-76.04566934,51810.0,404.69004875837265,1.6474464579901154,1791,1759,30,0,1729,1663,450189,62,0,0,62,96
2020-07-12,US,Virginia,Warren,312,8,0,38.90847745,-78.20280433,51187.0,776.8150582611293,2.5641025641025643,304,308,8,0,300,304,40003,4,0,0,4,4
2020-07-12,US,Virginia,Washington,87,4,0,36.72341572,-81.95666289,51191.0,161.8905842947525,4.597701149425287,83,80,4,0,76,76,54402,7,0,0,7,4
2020-07-12,US,Virginia,Waynesboro,123,0,0,38.06451466,-78.90293905,51820.0,543.5262925320371,0.0,123,121,0,0,121,117,22628,2,0,0,2,4
2020-07-12,US,Virginia,Westmoreland,183,2,0,38.11021557,-76.80213247,51193.0,1015.8201498751041,1.0928961748633879,181,183,2,0,181,171,17830,0,0,0,0,12
2020-07-12,US,Virginia,Williamsburg,78,6,0,37.28131268,-76.70905141,51830.0,521.599572020864,7.6923076923076925,72,78,6,0,72,78,14896,0,0,0,0,0
2020-07-12,US,Virginia,Winchester,354,3,0,39.17054517,-78.17325058,51840.0,1260.7735593703255,0.8474576271186439,351,340,3,0,337,336,28108,14,0,0,14,4
2020-07-12,US,Virginia,Wise,41,2,0,36.9746148,-82.62410519,51195.0,109.67552095872456,4.878048780487805,39,38,2,0,36,36,38012,3,0,0,3,2
2020-07-12,US,Virginia,Wythe,59,1,0,36.91582035,-81.07834059,51197.0,205.6895830428113,1.6949152542372878,58,57,1,0,56,57,28754,2,0,0,2,0
2020-07-12,US,Virginia,York,160,3,0,37.24374789,-76.54412815,51199.0,234.3292325717633,1.875,157,149,3,0,146,144,67846,11,0,0,11,5
2020-07-12,US,Washington,Adams,238,0,0,46.98299757,-118.5601734,53001.0,1191.0123605064305,0.0,238,222,0,0,222,222,19759,16,0,0,16,0
2020-07-12,US,Washington,Asotin,21,2,0,46.18894415,-117.2022851,53003.0,92.99442033477993,9.523809523809524,19,21,2,0,19,21,22610,0,0,0,0,0
2020-07-12,US,Washington,Benton,2341,94,0,46.23946995,-119.5120834,53005.0,1145.359362004012,4.015378043571124,2247,2238,92,0,2146,2238,201877,103,2,0,101,0
2020-07-12,US,Washington,Chelan,553,7,0,47.87046092,-120.6173956,53007.0,716.3212435233162,1.2658227848101269,546,514,7,0,507,514,77036,39,0,0,39,0
2020-07-12,US,Washington,Clallam,56,0,0,48.04754642,-123.9226319,53009.0,72.4159780683038,0.0,56,50,0,0,50,50,76737,6,0,0,6,0
2020-07-12,US,Washington,Clark,1065,32,0,45.77568046,-122.4829204,53011.0,218.12998089058482,3.004694835680751,1033,1033,32,0,1001,1033,481857,32,0,0,32,0
2020-07-12,US,Washington,Columbia,9,0,0,46.29442881,-117.9051983,53013.0,225.84692597239646,0.0,9,8,0,0,8,8,4059,1,0,0,1,0
2020-07-12,US,Washington,Cowlitz,268,0,0,46.19074721,-122.6782231,53015.0,242.3299847187435,0.0,268,241,0,0,241,241,108987,27,0,0,27,0
2020-07-12,US,Washington,Douglas,380,3,0,47.7361335,-119.692937,53017.0,874.9913652167908,0.7894736842105263,377,348,3,0,345,348,42907,32,0,0,32,0
2020-07-12,US,Washington,Ferry,4,0,0,48.471143100000006,-118.5154041,53019.0,52.445260259604034,0.0,4,2,0,0,2,2,7649,2,0,0,2,0
2020-07-12,US,Washington,Franklin,2397,36,0,46.53351425,-118.9018212,53021.0,2517.275419545904,1.5018773466833542,2361,2281,36,0,2245,2281,94347,116,0,0,116,0
2020-07-12,US,Washington,Garfield,1,0,0,46.43197502,-117.5454032,53023.0,44.943820224719104,0.0,1,,,,,,2247,,,,,
2020-07-12,US,Washington,Grant,796,8,0,47.20753737,-119.4500749,53025.0,814.4638965344358,1.0050251256281406,788,760,8,0,752,760,97331,36,0,0,36,0
2020-07-12,US,Washington,Grays Harbor,43,0,0,47.14003705,-123.7820567,53027.0,57.28674011803733,0.0,43,38,0,0,38,38,73901,5,0,0,5,0
2020-07-12,US,Washington,Island,206,12,0,48.14713305,-122.5216407,53029.0,241.95158619231628,5.825242718446603,194,203,12,0,191,203,84460,3,0,0,3,0
2020-07-12,US,Washington,Jefferson,41,0,0,47.75003077,-123.56097040000002,53031.0,127.24620589056826,0.0,41,41,0,0,41,41,31729,0,0,0,0,0
2020-07-12,US,Washington,King,11825,637,0,47.49137892,-121.8346131,53033.0,524.9065377830611,5.386892177589852,11188,11568,633,0,10935,11568,2233163,257,4,0,253,0
2020-07-12,US,Washington,Kitsap,291,2,0,47.63479026,-122.6436061,53035.0,107.19298051739952,0.6872852233676976,289,277,2,0,275,277,269805,14,0,0,14,0
2020-07-12,US,Washington,Kittitas,176,0,0,47.12521214,-120.679439,53037.0,367.16386773756136,0.0,176,165,0,0,165,165,47364,11,0,0,11,0
2020-07-12,US,Washington,Klickitat,78,3,0,45.87325839,-120.7913598,53039.0,347.82608695652175,3.8461538461538463,75,76,3,0,73,76,22107,2,0,0,2,0
2020-07-12,US,Washington,Lewis,94,3,0,46.57756476,-122.3925769,53041.0,116.47069027469736,3.191489361702128,91,89,3,0,86,89,79604,5,0,0,5,0
2020-07-12,US,Washington,Lincoln,4,0,0,47.57705241,-118.4194388,53043.0,36.56641374897157,0.0,4,4,0,0,4,4,10740,0,0,0,0,0
2020-07-12,US,Washington,Mason,60,1,0,47.35007586,-123.1863685,53045.0,89.86340762041695,1.6666666666666667,59,55,1,0,54,55,65507,5,0,0,5,0
2020-07-12,US,Washington,Okanogan,203,2,0,48.54855019,-119.7387224,53047.0,480.5529910280993,0.9852216748768472,201,179,2,0,177,179,42132,24,0,0,24,0
2020-07-12,US,Washington,Pacific,18,1,0,46.55418369,-123.7285716,53049.0,80.10324418138934,5.5555555555555545,17,18,1,0,17,18,22036,0,0,0,0,0
2020-07-12,US,Washington,Pend Oreille,9,0,0,48.53234021,-117.2741804,53051.0,65.57854852812589,0.0,9,8,0,0,8,8,13602,1,0,0,1,0
2020-07-12,US,Washington,Pierce,3185,113,0,47.03892768,-122.1405958,53053.0,351.9414793697098,3.5478806907378337,3072,3059,111,0,2948,3059,891299,126,2,0,124,0
2020-07-12,US,Washington,San Juan,20,0,0,48.60182783,-122.96745,53055.0,113.75270162666365,0.0,20,20,0,0,20,20,17128,0,0,0,0,0
2020-07-12,US,Washington,Skagit,605,16,0,48.48171488,-121.766131,53057.0,468.2481328121977,2.6446280991735542,589,573,16,0,557,573,128206,32,0,0,32,0
2020-07-12,US,Washington,Skamania,23,0,0,46.02408726,-121.9164403,53059.0,190.35007862285858,0.0,23,22,0,0,22,22,11924,1,0,0,1,0
2020-07-12,US,Washington,Snohomish,3966,179,0,48.04615983,-121.7170703,53061.0,482.4330389997117,4.513363590519415,3787,3859,179,0,3680,3859,814901,107,0,0,107,0
2020-07-12,US,Washington,Spokane,2063,43,0,47.62113146,-117.4046494,53063.0,394.6074774578327,2.084343189529811,2020,1903,43,0,1860,1903,514631,160,0,0,160,0
2020-07-12,US,Washington,Stevens,27,1,0,48.40035475,-117.8542701,53065.0,59.051243356735114,3.703703703703704,26,23,1,0,22,23,45260,4,0,0,4,0
2020-07-12,US,Washington,Thurston,352,8,0,46.9291895,-122.8290656,53067.0,121.15538177712915,2.272727272727273,344,322,8,0,314,322,286419,30,0,0,30,0
2020-07-12,US,Washington,Unassigned,137,1,0,0.0,0.0,90053.0,0.0,0.7299270072992701,136,119,0,0,119,119,,18,1,0,17,0
2020-07-12,US,Washington,Wahkiakum,5,0,0,46.29180039999999,-123.4250831,53069.0,111.40819964349377,0.0,5,5,0,0,5,5,4426,0,0,0,0,0
2020-07-12,US,Washington,Walla Walla,219,3,0,46.23040051,-118.4775539,53071.0,360.4344963791968,1.3698630136986298,216,204,3,0,201,204,60922,15,0,0,15,0
2020-07-12,US,Washington,Whatcom,710,41,0,48.82227976,-121.7490018,53073.0,309.7096145205826,5.774647887323943,669,692,41,0,651,692,225685,18,0,0,18,0
2020-07-12,US,Washington,Whitman,45,0,0,46.90022523,-117.5241763,53075.0,89.81318856777901,0.0,45,44,0,0,44,44,49791,1,0,0,1,0
2020-07-12,US,Washington,Yakima,8122,190,0,46.45738486,-120.7380126,53077.0,3237.494668617189,2.339325289337601,7932,7934,185,0,7749,7934,251446,188,5,0,183,0
2020-07-12,US,West Virginia,Barbour,19,1,0,39.1307219,-80.00350858,54001.0,115.5647466699106,5.2631578947368425,18,19,1,0,18,18,16535,0,0,0,0,1
2020-07-12,US,West Virginia,Berkeley,533,10,0,39.46704621,-78.02414609,54003.0,447.25646340133085,1.876172607879925,523,531,10,0,521,523,117123,2,0,0,2,8
2020-07-12,US,West Virginia,Boone,33,0,0,38.01974191,-81.69888019,54005.0,153.79596402106537,0.0,33,33,0,0,33,31,21951,0,0,0,0,2
2020-07-12,US,West Virginia,Braxton,5,0,0,38.70036159,-80.72011184,54007.0,35.82431754675073,0.0,5,5,0,0,5,4,14089,0,0,0,0,1
2020-07-12,US,West Virginia,Brooke,27,0,0,40.27367263,-80.57915332,54009.0,123.06850813619582,0.0,27,24,0,0,24,25,22203,3,0,0,3,-1
2020-07-12,US,West Virginia,Cabell,200,0,0,38.42424062,-82.23855912,54011.0,217.5213442819077,0.0,200,198,0,0,198,194,93224,2,0,0,2,4
2020-07-12,US,West Virginia,Calhoun,4,0,0,38.84315422,-81.11934872,54013.0,56.2667041778028,0.0,4,4,0,0,4,4,7254,0,0,0,0,0
2020-07-12,US,West Virginia,Clay,12,1,0,38.46231092,-81.07652217,54015.0,141.04372355430186,8.333333333333334,11,12,1,0,11,11,8632,0,0,0,0,1
2020-07-12,US,West Virginia,Fayette,81,4,0,38.02974928,-81.08286634,54019.0,191.0107060321653,4.938271604938271,77,79,4,0,75,79,43018,2,0,0,2,0
2020-07-12,US,West Virginia,Gilmer,13,0,0,38.9251277,-80.85952723,54021.0,166.17665857088068,0.0,13,13,0,0,13,13,8026,0,0,0,0,0
2020-07-12,US,West Virginia,Grant,20,0,0,39.10314817,-79.19440518,54023.0,172.89073305670811,0.0,20,19,0,0,19,19,11626,1,0,0,1,0
2020-07-12,US,West Virginia,Greenbrier,71,3,0,37.9463652,-80.45335881,54025.0,204.83526628584613,4.225352112676056,68,71,3,0,68,69,34786,0,0,0,0,2
2020-07-12,US,West Virginia,Hampshire,42,1,0,39.32103553,-78.60826476,54027.0,181.2297734627832,2.380952380952381,41,42,1,0,41,42,23347,0,0,0,0,0
2020-07-12,US,West Virginia,Hancock,42,0,0,40.51943859,-80.57461608,54029.0,145.78271433530026,0.0,42,41,0,0,41,38,29094,1,0,0,1,3
2020-07-12,US,West Virginia,Hardy,47,0,0,39.00683177,-78.85855301,54031.0,341.17305458768874,0.0,47,46,0,0,46,46,13775,1,0,0,1,0
2020-07-12,US,West Virginia,Harrison,122,1,0,39.2853852,-80.37919577,54033.0,181.39645533484008,0.819672131147541,121,115,1,0,114,109,67554,7,0,0,7,6
2020-07-12,US,West Virginia,Jackson,148,18,0,38.84263974,-81.68148753,54035.0,517.9171332586786,12.162162162162161,130,148,18,0,130,148,28706,0,0,0,0,0
2020-07-12,US,West Virginia,Jefferson,256,4,0,39.30776166,-77.86014147,54037.0,447.97536135512553,1.5625,252,253,4,0,249,253,56811,3,0,0,3,0
2020-07-12,US,West Virginia,Kanawha,421,20,0,38.33860077,-81.52857054,54039.0,236.35220408254924,4.750593824228028,401,410,20,0,390,393,180454,11,0,0,11,17
2020-07-12,US,West Virginia,Lewis,24,2,0,38.9947249,-80.49988181,54041.0,150.87697240208712,8.333333333333334,22,22,2,0,20,20,16024,2,0,0,2,2
2020-07-12,US,West Virginia,Lincoln,9,0,0,38.172154,-82.07017953,54043.0,44.098191974129065,0.0,9,9,0,0,9,10,20599,0,0,0,0,-1
2020-07-12,US,West Virginia,Logan,40,1,0,37.8299889,-81.93528571,54045.0,124.92582529123331,2.5,39,36,1,0,35,35,32607,4,0,0,4,1
2020-07-12,US,West Virginia,Marion,111,2,0,39.50984542,-80.24244659,54049.0,197.95976601512345,1.8018018018018016,109,108,2,0,106,98,56097,3,0,0,3,10
2020-07-12,US,West Virginia,Marshall,65,0,0,39.86064362,-80.66591062,54051.0,212.89836559562409,0.0,65,63,0,0,63,58,30785,2,0,0,2,5
2020-07-12,US,West Virginia,Mason,24,0,0,38.77071799,-82.02524219,54053.0,90.5113893498265,0.0,24,24,0,0,24,23,26718,0,0,0,0,1
2020-07-12,US,West Virginia,McDowell,8,0,0,37.38002939,-81.65083669,54047.0,45.39264639128462,0.0,8,8,0,0,8,8,18223,0,0,0,0,0
2020-07-12,US,West Virginia,Mercer,62,0,0,37.40481169,-81.11023142,54055.0,105.5175465468532,0.0,62,62,0,0,62,62,59131,0,0,0,0,0
2020-07-12,US,West Virginia,Mineral,68,3,0,39.41561583,-78.94104895,54057.0,253.08917671579567,4.411764705882354,65,65,3,0,62,64,26940,3,0,0,3,1
2020-07-12,US,West Virginia,Mingo,32,2,0,37.73048351,-82.13338365,54059.0,136.6120218579235,6.25,30,30,2,0,28,29,23785,2,0,0,2,1
2020-07-12,US,West Virginia,Monongalia,539,5,0,39.63218457,-80.04766838,54061.0,510.3586713631027,0.927643784786642,534,524,5,0,519,468,106420,15,0,0,15,56
2020-07-12,US,West Virginia,Monroe,15,0,0,37.56274716,-80.54577965,54063.0,112.99435028248587,0.0,15,15,0,0,15,15,13280,0,0,0,0,0
2020-07-12,US,West Virginia,Morgan,20,0,0,39.55439028,-78.26311676,54065.0,111.83180496533214,0.0,20,20,0,0,20,20,17787,0,0,0,0,0
2020-07-12,US,West Virginia,Nicholas,21,1,0,38.29617706,-80.79759588,54067.0,85.72828216851731,4.761904761904762,20,21,1,0,20,16,24842,0,0,0,0,5
2020-07-12,US,West Virginia,Ohio,148,2,0,40.0955451,-80.62203992,54069.0,357.39296322233224,1.351351351351351,146,140,2,0,138,138,41755,8,0,0,8,2
2020-07-12,US,West Virginia,Pendleton,16,1,0,38.68314479,-79.35084086,54071.0,229.58817620892523,6.25,15,16,1,0,15,16,6997,0,0,0,0,0
2020-07-12,US,West Virginia,Pleasants,5,0,0,39.37091679,-81.16771771,54073.0,67.02412868632706,0.0,5,5,0,0,5,5,7507,0,0,0,0,0
2020-07-12,US,West Virginia,Pocahontas,37,0,0,38.32758728,-80.00993811,54075.0,448.64799320965204,0.0,37,37,0,0,37,37,8414,0,0,0,0,0
2020-07-12,US,West Virginia,Preston,100,2,0,39.46770987,-79.66712803,54077.0,299.11462072266085,2.0,98,93,2,0,91,95,33839,7,0,0,7,-2
2020-07-12,US,West Virginia,Putnam,89,0,0,38.50782345,-81.9082131,54079.0,157.66164747564216,0.0,89,86,0,0,86,79,56682,3,0,0,3,7
2020-07-12,US,West Virginia,Raleigh,80,0,0,37.76936795,-81.2456041,54081.0,109.04976758768282,0.0,80,76,0,0,76,71,74254,4,0,0,4,5
2020-07-12,US,West Virginia,Randolph,189,0,0,38.769899,-79.87919615,54083.0,658.6513329848408,0.0,189,187,0,0,187,186,28823,2,0,0,2,1
2020-07-12,US,West Virginia,Ritchie,2,0,0,39.18094587,-81.06356878,54085.0,20.933640360058615,0.0,2,2,0,0,2,2,9721,0,0,0,0,0
2020-07-12,US,West Virginia,Roane,12,1,0,38.71622686,-81.35243568,54087.0,87.66803039158388,8.333333333333334,11,12,1,0,11,12,13932,0,0,0,0,0
2020-07-12,US,West Virginia,Summers,2,0,0,37.65390597,-80.86009693,54089.0,15.90710252127575,0.0,2,2,0,0,2,2,12760,0,0,0,0,0
2020-07-12,US,West Virginia,Taylor,23,0,0,39.33602617,-80.0421439,54091.0,137.76579814315664,0.0,23,23,0,0,23,23,16862,0,0,0,0,0
2020-07-12,US,West Virginia,Tucker,6,0,0,39.11240885,-79.57053576,54093.0,87.73212457961691,0.0,6,6,0,0,6,6,6955,0,0,0,0,0
2020-07-12,US,West Virginia,Tyler,10,0,0,39.46811972,-80.88772676,54095.0,116.40088464672331,0.0,10,10,0,0,10,9,8746,0,0,0,0,1
2020-07-12,US,West Virginia,Upshur,32,0,0,38.89285061,-80.23689136,54097.0,132.36267372600926,0.0,32,25,0,0,25,23,24415,7,0,0,7,2
2020-07-12,US,West Virginia,Wayne,124,9,0,38.14901357,-82.42287994,54099.0,314.7048373179027,7.258064516129032,115,124,9,0,115,122,39944,0,0,0,0,2
2020-07-12,US,West Virginia,Webster,1,0,0,38.49370949,-80.4202023,54101.0,12.324377618930244,0.0,1,1,0,0,1,1,8285,0,0,0,0,0
2020-07-12,US,West Virginia,Wetzel,36,0,0,39.6065771,-80.64016540000001,54103.0,238.96448722203786,0.0,36,34,0,0,34,30,15270,2,0,0,2,4
2020-07-12,US,West Virginia,Wirt,6,0,0,39.02775007,-81.37473928,54105.0,103.07507301151009,0.0,6,6,0,0,6,6,5830,0,0,0,0,0
2020-07-12,US,West Virginia,Wood,185,2,0,39.20967886,-81.5162836,54107.0,221.50913575516654,1.0810810810810811,183,184,2,0,182,168,84203,1,0,0,1,16
2020-07-12,US,West Virginia,Wyoming,7,0,0,37.612327,-81.54511071,54109.0,34.32382073158772,0.0,7,7,0,0,7,7,20786,0,0,0,0,0
2020-07-12,US,Wisconsin,Adams,41,2,0,43.96974651,-89.76782777,55001.0,202.76953511374882,4.878048780487805,39,37,2,0,35,37,20348,4,0,0,4,0
2020-07-12,US,Wisconsin,Ashland,8,0,0,46.31956891,-90.67837132,55003.0,51.40727412928929,0.0,8,7,0,0,7,5,15600,1,0,0,1,2
2020-07-12,US,Wisconsin,Barron,46,1,0,45.42372701,-91.84833627,55005.0,101.67093979312176,2.1739130434782608,45,43,1,0,42,41,45164,3,0,0,3,2
2020-07-12,US,Wisconsin,Bayfield,6,1,0,46.52868768,-91.19716729,55007.0,39.904229848363926,16.666666666666668,5,6,1,0,5,5,15042,0,0,0,0,1
2020-07-12,US,Wisconsin,Brown,3228,44,0,44.4526553,-88.00411844,55009.0,1220.2221197390206,1.3630731102850062,3184,3197,44,0,3153,3144,263378,31,0,0,31,53
2020-07-12,US,Wisconsin,Buffalo,14,2,0,44.37835084,-91.75332578,55011.0,107.43611388228071,14.285714285714285,12,13,2,0,11,11,13125,1,0,0,1,2
2020-07-12,US,Wisconsin,Burnett,5,1,0,45.86303537,-92.36711412,55013.0,32.4380433372259,20.0,4,5,1,0,4,5,15392,0,0,0,0,0
2020-07-12,US,Wisconsin,Calumet,154,2,0,44.0816316,-88.21780273,55015.0,307.4527341332428,1.2987012987012987,152,151,2,0,149,143,50159,3,0,0,3,8
2020-07-12,US,Wisconsin,Chippewa,139,0,0,45.06939744,-91.28068855,55017.0,214.97726499427762,0.0,139,132,0,0,132,130,64135,7,0,0,7,2
2020-07-12,US,Wisconsin,Clark,101,7,0,44.73483377,-90.61207486,55019.0,290.44688560418706,6.9306930693069315,94,99,7,0,92,98,34709,2,0,0,2,1
2020-07-12,US,Wisconsin,Columbia,120,1,0,43.46492199,-89.33589004,55021.0,208.5795731071404,0.8333333333333334,119,116,1,0,115,113,57358,4,0,0,4,3
2020-07-12,US,Wisconsin,Crawford,45,0,0,43.23870316,-90.93073686,55023.0,278.96596615212945,0.0,45,45,0,0,45,45,16291,0,0,0,0,0
2020-07-12,US,Wisconsin,Dane,2995,33,0,43.06601594,-89.41733797,55025.0,547.8374596438599,1.1018363939899831,2962,2884,33,0,2851,2771,542364,111,0,0,111,113
2020-07-12,US,Wisconsin,Dodge,515,5,0,43.41576662,-88.70928178,55027.0,586.2999351085509,0.9708737864077671,510,511,5,0,506,501,87847,4,0,0,4,10
2020-07-12,US,Wisconsin,Door,54,3,0,44.95856458,-87.30002707,55029.0,195.1713170449617,5.5555555555555545,51,53,3,0,50,53,27610,1,0,0,1,0
2020-07-12,US,Wisconsin,Douglas,60,0,0,46.43222285,-91.91595768,55031.0,139.04982618771726,0.0,60,56,0,0,56,50,43208,4,0,0,4,6
2020-07-12,US,Wisconsin,Dunn,57,0,0,44.94562799,-91.8962481,55033.0,125.63921706929995,0.0,57,54,0,0,54,54,45131,3,0,0,3,0
2020-07-12,US,Wisconsin,Eau Claire,338,1,0,44.726614,-91.28609183,55035.0,322.9937121342432,0.2958579881656805,337,332,1,0,331,323,104534,6,0,0,6,9
2020-07-12,US,Wisconsin,Florence,4,0,0,45.84963535,-88.39804137,55037.0,93.13154831199068,0.0,4,4,0,0,4,4,4321,0,0,0,0,0
2020-07-12,US,Wisconsin,Fond du Lac,396,6,0,43.75354908,-88.48885325,55039.0,382.9676121582546,1.5151515151515151,390,374,6,0,368,364,103066,22,0,0,22,10
2020-07-12,US,Wisconsin,Forest,48,3,0,45.66678019,-88.77084892,55041.0,533.0964015992892,6.25,45,48,3,0,45,47,8991,0,0,0,0,1
2020-07-12,US,Wisconsin,Grant,204,13,0,42.8671731,-90.7063218,55043.0,396.5862477886429,6.372549019607844,191,198,13,0,185,188,51554,6,0,0,6,10
2020-07-12,US,Wisconsin,Green,110,1,0,42.6794956,-89.60243287,55045.0,297.61904761904765,0.9090909090909092,109,106,1,0,105,105,36929,4,0,0,4,1
2020-07-12,US,Wisconsin,Green Lake,43,0,0,43.80025981,-89.04679553,55047.0,227.35684449849307,0.0,43,42,0,0,42,41,18918,1,0,0,1,1
2020-07-12,US,Wisconsin,Iowa,45,0,0,43.00050278,-90.13469017,55049.0,190.04983529014274,0.0,45,45,0,0,45,41,23771,0,0,0,0,4
2020-07-12,US,Wisconsin,Iron,16,1,0,46.26302338,-90.24295041,55051.0,281.3434148056972,6.25,15,10,2,0,8,9,5676,6,-1,0,7,1
2020-07-12,US,Wisconsin,Jackson,35,1,0,44.31864893,-90.80566792,55053.0,169.548999660902,2.8571428571428568,34,34,1,0,33,34,20478,1,0,0,1,0
2020-07-12,US,Wisconsin,Jefferson,360,4,0,43.02054068,-88.77529134,55055.0,424.6835517701048,1.1111111111111112,356,352,4,0,348,338,85129,8,0,0,8,14
2020-07-12,US,Wisconsin,Juneau,51,1,0,43.92456975,-90.11120239,55057.0,191.10428298422454,1.96078431372549,50,50,1,0,49,50,26617,1,0,0,1,0
2020-07-12,US,Wisconsin,Kenosha,1734,46,0,42.57639354,-88.04051686,55059.0,1022.6408195280754,2.65282583621684,1688,1717,46,0,1671,1697,169290,17,0,0,17,20
2020-07-12,US,Wisconsin,Kewaunee,77,1,0,44.51727459,-87.61468386,55061.0,376.8229421552315,1.2987012987012987,76,75,1,0,74,69,20383,2,0,0,2,6
2020-07-12,US,Wisconsin,La Crosse,586,0,0,43.90632465,-91.11451093,55063.0,496.54284164859,0.0,586,582,0,0,582,565,118230,4,0,0,4,17
2020-07-12,US,Wisconsin,Lafayette,81,0,0,42.66005229,-90.1317729,55065.0,486.04860486048597,0.0,81,78,0,0,78,76,16665,3,0,0,3,2
2020-07-12,US,Wisconsin,Langlade,11,1,0,45.26271619,-89.07483625,55067.0,57.32450883318568,9.090909090909092,10,10,1,0,9,10,19268,1,0,0,1,0
2020-07-12,US,Wisconsin,Lincoln,22,0,0,45.33737523,-89.73411273,55069.0,79.73036639727465,0.0,22,21,0,0,21,20,27689,1,0,0,1,1
2020-07-12,US,Wisconsin,Manitowoc,152,1,0,44.11946801,-87.80928853,55071.0,192.4513490586344,0.6578947368421053,151,147,1,0,146,139,79074,5,0,0,5,8
2020-07-12,US,Wisconsin,Marathon,278,1,0,44.89792533,-89.75863384,55073.0,204.8757480175692,0.3597122302158273,277,268,1,0,267,257,135428,10,0,0,10,11
2020-07-12,US,Wisconsin,Marinette,95,3,0,45.38553432,-88.03324599999998,55075.0,235.43990086741016,3.1578947368421053,92,89,3,0,86,82,40434,6,0,0,6,7
2020-07-12,US,Wisconsin,Marquette,49,1,0,43.81911946,-89.40073763,55077.0,314.62694233979715,2.0408163265306123,48,49,1,0,48,44,15434,0,0,0,0,5
2020-07-12,US,Wisconsin,Menominee,9,0,0,45.00422544,-88.70950714,55078.0,197.5417032484636,0.0,9,9,0,0,9,9,4658,0,0,0,0,0
2020-07-12,US,Wisconsin,Milwaukee,13928,398,0,43.00486062,-87.96733172,55079.0,1472.7310024256494,2.8575531303848365,13530,13661,398,0,13263,13312,948201,267,0,0,267,349
2020-07-12,US,Wisconsin,Monroe,134,1,0,43.94641218,-90.618819,55081.0,289.71093766890795,0.746268656716418,133,130,1,0,129,120,46051,4,0,0,4,10
2020-07-12,US,Wisconsin,Oconto,85,0,0,45.02715345,-88.26807503,55083.0,224.0970208278408,0.0,85,78,0,0,78,75,37830,7,0,0,7,3
2020-07-12,US,Wisconsin,Oneida,28,0,0,45.70677897,-89.51944105,55085.0,78.66273352999016,0.0,28,28,0,0,28,24,35470,0,0,0,0,4
2020-07-12,US,Wisconsin,Outagamie,654,9,0,44.41578887,-88.46565023,55087.0,348.0852649226921,1.3761467889908257,645,633,9,0,624,615,187365,21,0,0,21,18
2020-07-12,US,Wisconsin,Ozaukee,315,16,0,43.38352225,-87.94625009,55089.0,353.0558949126326,5.079365079365079,299,303,16,0,287,287,89147,12,0,0,12,16
2020-07-12,US,Wisconsin,Pepin,15,0,0,44.58307413,-91.99949611,55091.0,205.84602717167562,0.0,15,14,0,0,14,5,7289,1,0,0,1,9
2020-07-12,US,Wisconsin,Pierce,100,0,0,44.71850291,-92.4224416,55093.0,233.89624362632736,0.0,100,99,0,0,99,92,42555,1,0,0,1,7
2020-07-12,US,Wisconsin,Polk,69,2,0,45.46130348,-92.44182875,55095.0,157.59541374506088,2.898550724637681,67,68,2,0,66,66,43598,1,0,0,1,2
2020-07-12,US,Wisconsin,Portage,250,0,0,44.47558711,-89.50152965,55097.0,353.24704685468834,0.0,250,234,0,0,234,224,70942,16,0,0,16,10
2020-07-12,US,Wisconsin,Price,8,0,0,45.68051754,-90.3609888,55099.0,59.9206051981125,0.0,8,8,0,0,8,6,13397,0,0,0,0,2
2020-07-12,US,Wisconsin,Racine,2339,65,0,42.74753117,-88.05941254,55101.0,1191.4767893801163,2.7789653698161607,2274,2326,65,0,2261,2306,196584,13,0,0,13,20
2020-07-12,US,Wisconsin,Richland,17,4,0,43.3762778,-90.43012729,55103.0,98.53929979132856,23.529411764705888,13,16,4,0,12,16,17377,1,0,0,1,0
2020-07-12,US,Wisconsin,Rock,1041,24,0,42.67151616,-89.07147900000002,55105.0,637.2663050797654,2.3054755043227666,1017,1023,24,0,999,1008,163129,18,0,0,18,15
2020-07-12,US,Wisconsin,Rusk,11,1,0,45.47498854,-91.1333012,55107.0,77.58499083086474,9.090909090909092,10,11,1,0,10,11,14147,0,0,0,0,0
2020-07-12,US,Wisconsin,Sauk,164,3,0,43.42574087,-89.94966132,55111.0,254.49241178113647,1.8292682926829267,161,147,3,0,144,144,64249,17,0,0,17,3
2020-07-12,US,Wisconsin,Sawyer,15,0,0,45.87931905,-91.14504927,55113.0,90.59065104481218,0.0,15,15,0,0,15,15,16489,0,0,0,0,0
2020-07-12,US,Wisconsin,Shawano,95,0,0,44.78902246,-88.76443896,55115.0,232.2795178366219,0.0,95,94,0,0,94,91,40796,1,0,0,1,3
2020-07-12,US,Wisconsin,Sheboygan,287,4,0,43.72099677,-87.94579284,55117.0,248.82954742500442,1.3937282229965158,283,283,4,0,279,275,115456,4,0,0,4,8
2020-07-12,US,Wisconsin,St. Croix,280,2,0,45.03437474,-92.45000068,55109.0,308.7542867224629,0.7142857142857143,278,263,2,0,261,257,89694,17,0,0,17,6
2020-07-12,US,Wisconsin,Taylor,17,0,0,45.21179252,-90.5004405,55119.0,83.56682888462863,0.0,17,17,0,0,17,19,20412,0,0,0,0,-2
2020-07-12,US,Wisconsin,Trempealeau,180,0,0,44.30360275,-91.35893614,55121.0,607.1031063442275,0.0,180,178,0,0,178,172,29442,2,0,0,2,6
2020-07-12,US,Wisconsin,Vernon,40,0,0,43.59422667,-90.8324691,55123.0,129.77743170462657,0.0,40,40,0,0,40,41,30785,0,0,0,0,-1
2020-07-12,US,Wisconsin,Vilas,17,0,0,46.05467334,-89.51719204,55125.0,76.5938274386123,0.0,17,16,0,0,16,15,21938,1,0,0,1,1
2020-07-12,US,Wisconsin,Walworth,754,18,0,42.66858202,-88.54163073,55127.0,725.9213617283475,2.3872679045092844,736,752,18,0,734,734,103718,2,0,0,2,18
2020-07-12,US,Wisconsin,Washburn,6,0,0,45.89838588,-91.79050449,55129.0,38.16793893129771,0.0,6,6,0,0,6,5,15878,0,0,0,0,1
2020-07-12,US,Wisconsin,Washington,490,19,0,43.36863664,-88.22974712,55131.0,360.20406663040114,3.877551020408163,471,482,19,0,463,466,135693,8,0,0,8,16
2020-07-12,US,Wisconsin,Waukesha,1680,40,0,43.01833055,-88.30431188,55133.0,415.6378804447326,2.380952380952381,1640,1630,40,0,1590,1576,403072,50,0,0,50,54
2020-07-12,US,Wisconsin,Waupaca,175,13,0,44.47068056,-88.96534501,55135.0,343.20454991174734,7.428571428571429,162,169,13,0,156,161,51128,6,0,0,6,8
2020-07-12,US,Wisconsin,Waushara,44,0,0,44.11324419,-89.24317107,55137.0,180.0106369921859,0.0,44,43,0,0,43,41,24263,1,0,0,1,2
2020-07-12,US,Wisconsin,Winnebago,771,13,0,44.06886922,-88.64477096,55139.0,448.4983159499032,1.6861219195849546,758,760,13,0,747,755,171020,11,0,0,11,5
2020-07-12,US,Wisconsin,Wood,107,1,0,44.45537896,-90.04158336,55141.0,146.57735037466267,0.9345794392523364,106,103,1,0,102,101,73055,4,0,0,4,2
2020-07-12,US,Wyoming,Albany,49,0,0,41.65498705,-105.7235415,56001.0,126.02880658436214,0.0,49,49,0,0,49,45,38601,0,0,0,0,4
2020-07-12,US,Wyoming,Big Horn,30,0,0,44.52405055,-107.9960365,56003.0,254.45292620865138,0.0,30,30,0,0,30,29,11881,0,0,0,0,1
2020-07-12,US,Wyoming,Campbell,88,0,0,44.24886082,-105.5474404,56005.0,189.89663580846332,0.0,88,85,0,0,85,82,46140,3,0,0,3,3
2020-07-12,US,Wyoming,Carbon,29,0,0,41.69357844,-106.9326084,56007.0,195.945945945946,0.0,29,29,0,0,29,29,14971,0,0,0,0,0
2020-07-12,US,Wyoming,Converse,28,0,0,42.97272268,-105.5081848,56009.0,202.57560410939084,0.0,28,28,0,0,28,27,13640,0,0,0,0,1
2020-07-12,US,Wyoming,Crook,7,0,0,44.58855102,-104.5697705,56011.0,92.2995780590717,0.0,7,7,0,0,7,7,7450,0,0,0,0,0
2020-07-12,US,Wyoming,Fremont,386,0,0,43.04183996,-108.6296893,56013.0,983.163954051094,0.0,386,384,0,0,384,378,39531,2,0,0,2,6
2020-07-12,US,Wyoming,Goshen,9,0,0,42.08798185,-104.3534743,56015.0,68.12504730906063,0.0,9,9,0,0,9,9,13376,0,0,0,0,0
2020-07-12,US,Wyoming,Hot Springs,12,0,0,43.71930657,-108.4423174,56017.0,271.92386131883075,0.0,12,12,0,0,12,12,4555,0,0,0,0,0
2020-07-12,US,Wyoming,Johnson,21,1,0,44.04057166,-106.5845174,56019.0,248.6678507992895,4.761904761904762,20,21,1,0,20,20,8460,0,0,0,0,1
2020-07-12,US,Wyoming,Laramie,329,0,0,41.30702520000001,-104.6887497,56021.0,330.6532663316583,0.0,329,323,0,0,323,310,98976,6,0,0,6,13
2020-07-12,US,Wyoming,Lincoln,41,0,0,42.26376367,-110.6563997,56023.0,206.75743822491174,0.0,41,41,0,0,41,41,19434,0,0,0,0,0
2020-07-12,US,Wyoming,Natrona,165,0,0,42.96180148,-106.797885,56025.0,206.6167447218813,0.0,165,159,0,0,159,158,79115,6,0,0,6,1
2020-07-12,US,Wyoming,Niobrara,2,0,0,43.05607708,-104.4758896,56027.0,84.88964346349746,0.0,2,2,0,0,2,2,2388,0,0,0,0,0
2020-07-12,US,Wyoming,Park,85,0,0,44.52157546,-109.5852825,56029.0,291.1557169281358,0.0,85,84,0,0,84,81,29324,1,0,0,1,3
2020-07-12,US,Wyoming,Platte,4,0,0,42.13299116,-104.966331,56031.0,47.658763255093525,0.0,4,4,0,0,4,4,8566,0,0,0,0,0
2020-07-12,US,Wyoming,Sheridan,29,0,0,44.79048913,-106.8862389,56033.0,95.12875184516977,0.0,29,29,0,0,29,29,30233,0,0,0,0,0
2020-07-12,US,Wyoming,Sublette,7,0,0,42.76558279,-109.9130922,56035.0,71.20333638490489,0.0,7,7,0,0,7,6,9813,0,0,0,0,1
2020-07-12,US,Wyoming,Sweetwater,138,0,0,41.65943896,-108.8827882,56037.0,325.9098316132537,0.0,138,136,0,0,136,128,43051,2,0,0,2,8
2020-07-12,US,Wyoming,Teton,157,0,0,43.93522482,-110.5890801,56039.0,669.110126150699,0.0,157,155,0,0,155,150,23081,2,0,0,2,5
2020-07-12,US,Wyoming,Uinta,202,0,0,41.2878183,-110.54757820000002,56041.0,998.7145258578067,0.0,202,201,0,0,201,200,20299,1,0,0,1,1
2020-07-12,US,Wyoming,Unassigned,0,20,0,0.0,0.0,90056.0,0.0,0.0,-20,0,20,0,-20,0,,0,0,0,0,0
2020-07-12,US,Wyoming,Washakie,43,0,0,43.90451606,-107.68018700000002,56043.0,550.9288917360666,0.0,43,43,0,0,43,42,7885,0,0,0,0,1
2020-07-12,US,Wyoming,Weston,1,0,0,43.83961191,-104.5674881,56045.0,14.436263894903998,0.0,1,1,0,0,1,1,6967,0,0,0,0,0
