Date,Country/Region,Province/State,Admin2,Confirmed,Deaths,Recovered,Latitude,Longitude,FIPS,Incidence_Rate,Case-Fatality_Ratio,Active Cases,Previous Confirmed,Previous Deaths,Previous Recovered,Previous Active,Prev2 Confirmed,Population,Daily Confirmed,Daily Deaths,Daily Recovered,Daily Active,Previous Daily Confirmed
2020-07-30,US,Alabama,Autauga,963,20,0,32.53952745,-86.64408227,1001.0,1723.6750255060947,2.0768431983385254,943,949,20,0,929,941,55601,14,0,0,14,8
2020-07-30,US,Alabama,Baldwin,2984,20,0,30.72774991,-87.72207058,1003.0,1336.7139414246933,0.6702412868632708,2964,2865,20,0,2845,2793,218022,119,0,0,119,72
2020-07-30,US,Alabama,Barbour,539,5,0,31.868263,-85.3871286,1005.0,2183.4238029652433,0.927643784786642,534,538,4,0,534,535,24881,1,1,0,0,3
2020-07-30,US,Alabama,Bibb,344,2,0,32.99642064,-87.12511459999996,1007.0,1536.1257479682058,0.5813953488372093,342,336,2,0,334,330,22400,8,0,0,8,6
2020-07-30,US,Alabama,Blount,658,3,0,33.98210918,-86.56790593,1009.0,1137.8964479645833,0.4559270516717325,655,623,3,0,620,607,57840,35,0,0,35,16
2020-07-30,US,Alabama,Bullock,428,11,0,32.10030533,-85.71265535,1011.0,4237.204237204237,2.5700934579439254,417,425,11,0,414,422,10138,3,0,0,3,3
2020-07-30,US,Alabama,Butler,733,35,0,31.75300095,-86.68057478,1013.0,3769.0250925545038,4.774897680763983,698,728,35,0,693,722,19680,5,0,0,5,6
2020-07-30,US,Alabama,Calhoun,1297,8,0,33.77483727,-85.82630386,1015.0,1141.6751023282427,0.6168080185042406,1289,1253,6,0,1247,1206,114277,44,2,0,42,47
2020-07-30,US,Alabama,Chambers,800,38,0,32.91360079,-85.39072749,1017.0,2405.725626992241,4.75,762,796,38,0,758,790,33615,4,0,0,4,6
2020-07-30,US,Alabama,Cherokee,217,7,0,34.17805983,-85.60638968,1019.0,828.370743624981,3.2258064516129035,210,211,7,0,204,206,26032,6,0,0,6,5
2020-07-30,US,Alabama,Chilton,650,5,0,32.85044126,-86.7173256,1021.0,1463.0413252903575,0.7692307692307693,645,637,5,0,632,614,44153,13,0,0,13,23
2020-07-30,US,Alabama,Choctaw,265,12,0,32.02227341,-88.26564429999998,1023.0,2105.0123123361664,4.528301886792453,253,265,12,0,253,264,12841,0,0,0,0,1
2020-07-30,US,Alabama,Clarke,469,9,0,31.68099859,-87.83548597,1025.0,1985.4373042079417,1.9189765458422172,460,453,9,0,444,443,23920,16,0,0,16,10
2020-07-30,US,Alabama,Clay,189,5,0,33.26984193,-85.85836077,1027.0,1428.0317340385345,2.6455026455026456,184,182,4,0,178,177,13275,7,1,0,6,5
2020-07-30,US,Alabama,Cleburne,110,1,0,33.67679204,-85.52005899,1029.0,737.75989268947,0.9090909090909092,109,109,1,0,108,105,14987,1,0,0,1,4
2020-07-30,US,Alabama,Coffee,672,5,0,31.39932826,-85.98901039,1031.0,1283.863818730656,0.7440476190476191,667,664,5,0,659,649,51909,8,0,0,8,15
2020-07-30,US,Alabama,Colbert,1007,11,0,34.69847452,-87.80168544,1033.0,1822.9213808584204,1.0923535253227408,996,950,11,0,939,931,54762,57,0,0,57,19
2020-07-30,US,Alabama,Conecuh,354,10,0,31.43401703,-86.99320044,1035.0,2933.6206182149663,2.824858757062147,344,350,10,0,340,342,12277,4,0,0,4,8
2020-07-30,US,Alabama,Coosa,89,2,0,32.93690146,-86.24847739,1037.0,834.6619150332926,2.247191011235955,87,88,2,0,86,87,10715,1,0,0,1,1
2020-07-30,US,Alabama,Covington,659,20,0,31.2477854,-86.45050893,1039.0,1778.7254716726495,3.0349013657056148,639,651,20,0,631,644,36986,8,0,0,8,7
2020-07-30,US,Alabama,Crenshaw,271,3,0,31.72941803,-86.31593104,1041.0,1967.7606738309607,1.1070110701107012,268,264,3,0,261,236,13824,7,0,0,7,28
2020-07-30,US,Alabama,Cullman,1050,11,0,34.13020303,-86.86888037,1043.0,1253.4619425078788,1.0476190476190477,1039,1018,10,0,1008,999,83442,32,1,0,31,19
2020-07-30,US,Alabama,Dale,738,18,0,31.43037123,-85.61095742,1045.0,1500.8541446351585,2.4390243902439024,720,729,17,0,712,713,48956,9,1,0,8,16
2020-07-30,US,Alabama,Dallas,1233,23,0,32.32688101,-87.10866709999998,1047.0,3314.8725669426813,1.8653690186536904,1210,1227,22,0,1205,1215,38310,6,1,0,5,12
2020-07-30,US,Alabama,DeKalb,1594,10,0,34.45946862,-85.80782906,1049.0,2228.965362941004,0.6273525721455459,1584,1537,10,0,1527,1523,71385,57,0,0,57,14
2020-07-30,US,Alabama,Elmore,1514,35,0,32.59785413,-86.14415284,1051.0,1864.325382654632,2.3117569352708056,1479,1486,35,0,1451,1475,81887,28,0,0,28,11
2020-07-30,US,Alabama,Escambia,909,15,0,31.1256789,-87.15918694,1053.0,2481.3692572270897,1.6501650165016502,894,872,14,0,858,859,36748,37,1,0,36,13
2020-07-30,US,Alabama,Etowah,1797,19,0,34.04567266,-86.04051873,1055.0,1757.147885946728,1.05731775180857,1778,1743,19,0,1724,1723,102501,54,0,0,54,20
2020-07-30,US,Alabama,Fayette,162,5,0,33.72076938,-87.73886638,1057.0,993.7430990062567,3.08641975308642,157,156,5,0,151,151,16433,6,0,0,6,5
2020-07-30,US,Alabama,Franklin,1144,20,0,34.44235334,-87.84289505,1059.0,3647.7265480517826,1.7482517482517483,1124,1117,20,0,1097,1105,31363,27,0,0,27,12
2020-07-30,US,Alabama,Geneva,204,0,0,31.09389027,-85.83572839,1061.0,776.5216398309924,0.0,204,198,0,0,198,194,26314,6,0,0,6,4
2020-07-30,US,Alabama,Greene,238,11,0,32.85504247,-87.95684022,1063.0,2934.2867710516584,4.621848739495798,227,237,11,0,226,237,8233,1,0,0,1,0
2020-07-30,US,Alabama,Hale,438,25,0,32.76039258,-87.63284988,1065.0,2989.557026824108,5.707762557077626,413,432,25,0,407,431,14726,6,0,0,6,1
2020-07-30,US,Alabama,Henry,231,3,0,31.51148016,-85.24267944,1067.0,1342.6329555361813,1.2987012987012987,228,227,3,0,224,224,17209,4,0,0,4,3
2020-07-30,US,Alabama,Houston,1219,12,0,31.15197924,-85.29939599,1069.0,1151.2816153831625,0.9844134536505332,1207,1187,12,0,1175,1162,104722,32,0,0,32,25
2020-07-30,US,Alabama,Jackson,720,3,0,34.78144169,-85.99750489,1071.0,1394.6461085499554,0.4166666666666667,717,690,3,0,687,669,51736,30,0,0,30,21
2020-07-30,US,Alabama,Jefferson,10939,220,0,33.55554728,-86.89506300000002,1073.0,1661.015559398882,2.0111527561934364,10719,10690,208,0,10482,10563,659300,249,12,0,237,127
2020-07-30,US,Alabama,Lamar,189,2,0,33.77995024,-88.09668032,1075.0,1369.0691778341181,1.058201058201058,187,177,2,0,175,173,13844,12,0,0,12,4
2020-07-30,US,Alabama,Lauderdale,990,10,0,34.90171875,-87.65624729,1077.0,1067.6271716507242,1.0101010101010102,980,946,9,0,937,928,92387,44,1,0,43,18
2020-07-30,US,Alabama,Lawrence,281,0,0,34.52041498,-87.31069453,1079.0,853.4807435305553,0.0,281,267,0,0,267,261,32957,14,0,0,14,6
2020-07-30,US,Alabama,Lee,2386,40,0,32.60154883,-85.35132246,1081.0,1450.085692406802,1.6764459346186085,2346,2356,40,0,2316,2322,163941,30,0,0,30,34
2020-07-30,US,Alabama,Limestone,1117,11,0,34.81185586,-86.98310072,1083.0,1129.2523884142952,0.9847806624888094,1106,1080,11,0,1069,1047,96174,37,0,0,37,33
2020-07-30,US,Alabama,Lowndes,547,24,0,32.1597283,-86.65158371,1085.0,5624.10034957845,4.387568555758683,523,541,24,0,517,541,9974,6,0,0,6,0
2020-07-30,US,Alabama,Macon,298,12,0,32.38759944,-85.69267724,1087.0,1649.3247730794776,4.026845637583893,286,295,12,0,283,294,18439,3,0,0,3,1
2020-07-30,US,Alabama,Madison,4658,25,0,34.76327133,-86.55069633,1089.0,1249.098305484716,0.5367110347788749,4633,4501,25,0,4476,4445,366519,157,0,0,157,56
2020-07-30,US,Alabama,Marengo,502,14,0,32.24767634,-87.78796182,1091.0,2661.2945978900493,2.7888446215139444,488,496,13,0,483,492,19066,6,1,0,5,4
2020-07-30,US,Alabama,Marion,510,24,0,34.13697363,-87.88704173,1093.0,1716.6515197414926,4.705882352941177,486,496,24,0,472,488,29763,14,0,0,14,8
2020-07-30,US,Alabama,Marshall,2795,28,0,34.36975964,-86.30486727,1095.0,2888.172443011553,1.0017889087656529,2767,2727,28,0,2699,2715,96109,68,0,0,68,12
2020-07-30,US,Alabama,Mobile,7879,181,0,30.78472347,-88.20842409,1097.0,1906.7786355606104,2.2972458433811402,7698,7683,180,0,7503,7495,413757,196,1,0,195,188
2020-07-30,US,Alabama,Monroe,376,3,0,31.56729412,-87.36995001,1099.0,1813.533979645975,0.7978723404255319,373,370,3,0,367,362,21067,6,0,0,6,8
2020-07-30,US,Alabama,Montgomery,5957,139,0,32.2206831,-86.20969272,1101.0,2630.18464717466,2.3333892899110293,5818,5885,138,0,5747,5838,225763,72,1,0,71,47
2020-07-30,US,Alabama,Morgan,2098,14,0,34.45500589,-86.85475946,1103.0,1753.0226689728354,0.667302192564347,2084,2031,14,0,2017,1998,119089,67,0,0,67,33
2020-07-30,US,Alabama,Perry,411,3,0,32.64048341,-87.29770589,1105.0,4606.074190294744,0.7299270072992701,408,403,3,0,400,397,9140,8,0,0,8,6
2020-07-30,US,Alabama,Pickens,347,9,0,33.28094866,-88.08818103,1107.0,1741.0938283993978,2.5936599423631126,338,340,9,0,331,340,19938,7,0,0,7,0
2020-07-30,US,Alabama,Pike,631,7,0,31.80396383,-85.9408295,1109.0,1905.538442954641,1.109350237717908,624,616,7,0,609,612,33338,15,0,0,15,4
2020-07-30,US,Alabama,Randolph,378,10,0,33.29526734,-85.45708831,1111.0,1663.5859519408502,2.6455026455026456,368,378,10,0,368,371,22725,0,0,0,0,7
2020-07-30,US,Alabama,Russell,1143,1,0,32.28725256,-85.18415324,1113.0,1972.0156657062505,0.08748906386701663,1142,1121,1,0,1120,1104,57781,22,0,0,22,17
2020-07-30,US,Alabama,Shelby,2836,31,0,33.26879845,-86.66232561,1117.0,1302.6981837557762,1.0930888575458393,2805,2784,30,0,2754,2726,215707,52,1,0,51,58
2020-07-30,US,Alabama,St. Clair,1112,9,0,33.71902176,-86.31029372,1115.0,1242.2915363303246,0.8093525179856115,1103,1097,9,0,1088,1041,88690,15,0,0,15,56
2020-07-30,US,Alabama,Sumter,352,17,0,32.59117397,-88.19916205,1119.0,2832.542045545989,4.829545454545454,335,350,16,0,334,349,12691,2,1,0,1,1
2020-07-30,US,Alabama,Talladega,816,12,0,33.37823223,-86.16886178,1121.0,1020.2805771587184,1.4705882352941178,804,790,12,0,778,765,79828,26,0,0,26,25
2020-07-30,US,Alabama,Tallapoosa,781,78,0,32.86698258,-85.79833053,1123.0,1934.748680853172,9.98719590268886,703,771,78,0,693,770,40497,10,0,0,10,1
2020-07-30,US,Alabama,Tuscaloosa,3755,61,0,33.28726072,-87.52556818,1125.0,1793.6041651739868,1.6245006657789614,3694,3694,61,0,3633,3675,208911,61,0,0,61,19
2020-07-30,US,Alabama,Unassigned,2267,49,0,0.0,0.0,90001.0,0.0,2.1614468460520517,2218,2210,49,0,2161,2057,,57,0,0,57,153
2020-07-30,US,Alabama,Walker,1420,60,0,33.80270512,-87.30027177,1127.0,2235.4811794524644,4.225352112676056,1360,1407,59,0,1348,1407,63711,13,1,0,12,0
2020-07-30,US,Alabama,Washington,296,10,0,31.4092794,-88.20689944,1129.0,1813.058924415044,3.3783783783783785,286,294,10,0,284,288,16378,2,0,0,2,6
2020-07-30,US,Alabama,Wilcox,395,9,0,31.98773215,-87.30891118,1131.0,3807.9629808155787,2.278481012658228,386,392,9,0,383,388,10627,3,0,0,3,4
2020-07-30,US,Alabama,Winston,411,10,0,34.15030532,-87.37325922,1133.0,1739.3880401201916,2.4330900243309004,401,401,10,0,391,390,23660,10,0,0,10,11
2020-07-30,US,Alaska,Aleutians East,1,0,0,55.32222414,-161.9722021,2013.0,29.96703626011388,0.0,1,1,0,0,1,1,3515,0,0,0,0,0
2020-07-30,US,Alaska,Aleutians West,4,0,0,52.3233,-174.1596,2016.0,70.99751508697194,0.0,4,3,0,0,3,3,5723,1,0,0,1,0
2020-07-30,US,Alaska,Anchorage,1576,10,0,61.14998174,-149.14269860000005,2020.0,547.2222222222222,0.6345177664974619,1566,1534,9,0,1525,1482,291538,42,1,0,41,52
2020-07-30,US,Alaska,Bethel,19,0,0,60.90980451,-159.8561831,2050.0,103.33949744370716,0.0,19,18,0,0,18,18,18216,1,0,0,1,0
2020-07-30,US,Alaska,Bristol Bay,6,0,0,58.74513976,-156.701064,2060.0,717.7033492822967,0.0,6,6,0,0,6,6,877,0,0,0,0,0
2020-07-30,US,Alaska,Denali,1,0,0,63.67264044,-150.0076108,2068.0,47.687172150691474,0.0,1,1,0,0,1,1,2059,0,0,0,0,0
2020-07-30,US,Alaska,Dillingham,1,0,0,59.79603738,-158.23819419999995,2070.0,20.34174125305126,0.0,1,1,0,0,1,1,5000,0,0,0,0,0
2020-07-30,US,Alaska,Fairbanks North Star,386,5,0,64.80726247,-146.5692662,2090.0,398.55858088364363,1.2953367875647668,381,380,5,0,375,378,98971,6,0,0,6,2
2020-07-30,US,Alaska,Haines,4,0,0,59.09893571,-135.4679843,2100.0,158.10276679841897,0.0,4,4,0,0,4,4,2474,0,0,0,0,0
2020-07-30,US,Alaska,Juneau,87,2,0,58.45031811,-134.200436,2110.0,272.0960780634265,2.2988505747126435,85,85,2,0,83,84,32113,2,0,0,2,1
2020-07-30,US,Alaska,Kenai Peninsula,292,2,0,60.24429722,-151.53888840000005,2122.0,497.3768481297268,0.6849315068493149,290,287,2,0,285,282,58533,5,0,0,5,5
2020-07-30,US,Alaska,Ketchikan Gateway,34,0,0,55.57445008,-130.975561,2130.0,244.5867203798288,0.0,34,34,0,0,34,34,13918,0,0,0,0,0
2020-07-30,US,Alaska,Kodiak Island,6,0,0,57.65529415,-153.7493579,2150.0,46.16094783812894,0.0,6,5,0,0,5,5,13345,1,0,0,1,0
2020-07-30,US,Alaska,Kusilvak,4,0,0,62.15429159999999,-163.39678830000003,2158.0,48.11161895597787,0.0,4,4,0,0,4,4,8303,0,0,0,0,0
2020-07-30,US,Alaska,Matanuska-Susitna,259,2,0,62.31305045,-149.5741743,2170.0,239.11297395607338,0.7722007722007722,257,245,2,0,243,240,107610,14,0,0,14,5
2020-07-30,US,Alaska,Nome,17,0,0,64.90320724,-164.0353804,2180.0,169.93202718912434,0.0,17,17,0,0,17,17,10008,0,0,0,0,0
2020-07-30,US,Alaska,North Slope,13,0,0,69.31479216,-153.4836093,2185.0,132.2213181448332,0.0,13,12,0,0,12,12,9872,1,0,0,1,0
2020-07-30,US,Alaska,Northwest Arctic,28,0,0,67.04919196,-159.7503946,2188.0,367.40585225036085,0.0,28,19,0,0,19,19,7671,9,0,0,9,0
2020-07-30,US,Alaska,Petersburg,6,1,0,57.13978948,-132.9540995,2195.0,183.71096142069808,16.666666666666668,5,6,1,0,5,6,3221,0,0,0,0,0
2020-07-30,US,Alaska,Prince of Wales-Hyder,5,0,0,55.76261984,-133.0511621,2198.0,80.60615831049492,0.0,5,7,0,0,7,5,6422,-2,0,0,-2,2
2020-07-30,US,Alaska,Sitka,21,0,0,57.24124555,-135.3206587,2220.0,247.2624514305899,0.0,21,21,0,0,21,21,8647,0,0,0,0,0
2020-07-30,US,Alaska,Southeast Fairbanks,14,0,0,63.87692095,-143.2127643,2240.0,203.10459886841724,0.0,14,14,0,0,14,14,6918,0,0,0,0,0
2020-07-30,US,Alaska,Valdez-Cordova,42,0,0,61.47502768,-144.7126799,2261.0,456.42251684416425,0.0,42,42,0,0,42,41,9164,0,0,0,0,1
2020-07-30,US,Alaska,Wrangell,5,0,0,56.3202004,-132.05837309999998,2275.0,199.84012789768192,0.0,5,5,0,0,5,5,2503,0,0,0,0,0
2020-07-30,US,Alaska,Yakutat,6,0,0,59.8909808,-140.36014509999998,2282.0,1036.2694300518137,0.0,6,5,0,0,5,5,604,1,0,0,1,0
2020-07-30,US,Alaska,Yukon-Koyukuk,42,1,0,65.50815459,-151.3907387,2290.0,803.0592734225621,2.380952380952381,41,42,1,0,41,42,5327,0,0,0,0,0
2020-07-30,US,Arizona,Apache,2969,129,0,35.39465006,-109.4892383,4001.0,4130.093062723441,4.34489727180869,2840,2950,128,0,2822,2945,71818,19,1,0,18,5
2020-07-30,US,Arizona,Cochise,1467,47,0,31.87934684,-109.7516088,4003.0,1165.0069090389286,3.2038173142467623,1420,1442,44,0,1398,1422,126770,25,3,0,22,20
2020-07-30,US,Arizona,Coconino,2933,117,0,35.83883429,-111.7707178,4005.0,2044.244333547074,3.9890896692806,2816,2903,114,0,2789,2880,142854,30,3,0,27,23
2020-07-30,US,Arizona,Gila,778,29,0,33.80190085,-110.8132779,4007.0,1440.2606538561222,3.7275064267352183,749,730,24,0,706,724,53889,48,5,0,43,6
2020-07-30,US,Arizona,Graham,435,8,0,32.93166885,-109.8882178,4009.0,1120.0659165229033,1.839080459770115,427,442,6,0,436,431,38072,-7,2,0,-9,11
2020-07-30,US,Arizona,Greenlee,54,1,0,33.21498827,-109.2405279,4011.0,568.5407454200885,1.851851851851852,53,52,1,0,51,52,9483,2,0,0,2,0
2020-07-30,US,Arizona,La Paz,468,10,0,33.72854224,-113.9810029,4012.0,2217.1688459351903,2.1367521367521367,458,466,10,0,456,466,21098,2,0,0,2,0
2020-07-30,US,Arizona,Maricopa,114852,2011,0,33.34835867,-112.4918154,4013.0,2560.566315617689,1.7509490474697873,112841,113148,1915,0,111233,111446,4410824,1704,96,0,1608,1702
2020-07-30,US,Arizona,Mohave,2865,149,0,35.70471703,-113.7577902,4015.0,1350.2622760756144,5.200698080279231,2716,2828,145,0,2683,2791,209550,37,4,0,33,37
2020-07-30,US,Arizona,Navajo,5182,187,0,35.3997715,-110.3218983,4017.0,4671.66708737514,3.608645310690853,4995,5130,180,0,4950,5106,110445,52,7,0,45,24
2020-07-30,US,Arizona,Pima,15884,450,0,32.0971334,-111.7890033,4019.0,1516.6923045339402,2.8330395366406447,15434,15601,431,0,15170,15292,1039073,283,19,0,264,309
2020-07-30,US,Arizona,Pinal,7875,132,0,32.90525627,-111.3449483,4021.0,1701.639408023959,1.6761904761904762,7743,7720,123,0,7597,7655,447138,155,9,0,146,65
2020-07-30,US,Arizona,Santa Cruz,2577,50,0,31.52508998,-110.8479088,4023.0,5542.173856940083,1.9402405898331396,2527,2543,49,0,2494,2535,46511,34,1,0,33,8
2020-07-30,US,Arizona,Yavapai,1698,59,0,34.59933926,-112.5538588,4025.0,722.2489249209907,3.4746760895170787,1639,1661,54,0,1607,1627,231993,37,5,0,32,34
2020-07-30,US,Arizona,Yuma,10761,247,0,32.76895712,-113.90666740000002,4027.0,5033.514666467091,2.295325713223678,10514,10657,230,0,10427,10562,212128,104,17,0,87,95
2020-07-30,US,Arkansas,Arkansas,183,1,0,34.29145151,-91.37277296,5001.0,1046.5515269358343,0.5464480874316939,182,181,1,0,180,172,17769,2,0,0,2,9
2020-07-30,US,Arkansas,Ashley,214,4,0,33.19153461,-91.76984709999999,5003.0,1088.6707025487103,1.8691588785046729,210,197,4,0,193,187,20046,17,0,0,17,10
2020-07-30,US,Arkansas,Baxter,61,0,0,36.28784385,-92.33782872,5005.0,145.47362396260613,0.0,61,56,0,0,56,56,41619,5,0,0,5,0
2020-07-30,US,Arkansas,Benton,4408,35,0,36.33644656,-94.25680817,5007.0,1579.130260334383,0.7940108892921959,4373,4355,35,0,4320,4321,272608,53,0,0,53,34
2020-07-30,US,Arkansas,Boone,142,1,0,36.3084504,-93.09374925,5009.0,379.3545629407993,0.7042253521126759,141,130,1,0,129,126,37480,12,0,0,12,4
2020-07-30,US,Arkansas,Bradley,134,3,0,33.46755808,-92.15980837,5011.0,1245.0060392083992,2.238805970149253,131,123,3,0,120,122,10897,11,0,0,11,1
2020-07-30,US,Arkansas,Calhoun,12,0,0,33.55598792,-92.49974403,5013.0,231.2584312969744,0.0,12,10,0,0,10,10,5277,2,0,0,2,0
2020-07-30,US,Arkansas,Carroll,331,6,0,36.34038560000001,-93.54270261,5015.0,1166.3143058491894,1.8126888217522656,325,331,6,0,325,328,28223,0,0,0,0,3
2020-07-30,US,Arkansas,Chicot,498,5,0,33.26458973,-91.29539209,5017.0,4921.921328325756,1.0040160642570282,493,483,4,0,479,331,10438,15,1,0,14,152
2020-07-30,US,Arkansas,Clark,153,0,0,34.04613432,-93.17484713,5019.0,685.483870967742,0.0,153,148,0,0,148,145,22061,5,0,0,5,3
2020-07-30,US,Arkansas,Clay,103,4,0,36.36826212,-90.4148172,5021.0,707.8551302315992,3.8834951456310685,99,104,4,0,100,103,14847,-1,0,0,-1,1
2020-07-30,US,Arkansas,Cleburne,175,5,0,35.53864922,-92.02640019,5023.0,702.2753722059473,2.8571428571428568,170,175,5,0,170,175,24965,0,0,0,0,0
2020-07-30,US,Arkansas,Cleveland,63,1,0,33.89723187,-92.18537045,5025.0,791.8552036199095,1.5873015873015872,62,63,1,0,62,62,8018,0,0,0,0,1
2020-07-30,US,Arkansas,Columbia,178,6,0,33.21230701,-93.22642793,5027.0,758.8353156840176,3.3707865168539324,172,172,6,0,166,169,23537,6,0,0,6,3
2020-07-30,US,Arkansas,Conway,133,3,0,35.26205537,-92.70506566,5029.0,638.0120886501007,2.255639097744361,130,129,3,0,126,124,20891,4,0,0,4,5
2020-07-30,US,Arkansas,Craighead,1062,11,0,35.83018283,-90.63235729,5031.0,962.5493963673276,1.0357815442561205,1051,1031,11,0,1020,1006,108558,31,0,0,31,25
2020-07-30,US,Arkansas,Crawford,495,3,0,35.58928601,-94.2446814,5033.0,782.5220924166498,0.6060606060606061,492,487,3,0,484,473,63406,8,0,0,8,14
2020-07-30,US,Arkansas,Crittenden,1135,17,0,35.21247318,-90.30839406,5035.0,2366.8022104055885,1.497797356828194,1118,1127,17,0,1110,1113,48342,8,0,0,8,14
2020-07-30,US,Arkansas,Cross,157,1,0,35.29631396,-90.77185818,5037.0,956.209269748462,0.6369426751592356,156,156,1,0,155,155,16676,1,0,0,1,1
2020-07-30,US,Arkansas,Dallas,55,0,0,33.97042763,-92.65167437,5039.0,784.7053787986874,0.0,55,51,0,0,51,49,7182,4,0,0,4,2
2020-07-30,US,Arkansas,Desha,138,2,0,33.83011025,-91.25500948,5041.0,1214.6818061790334,1.4492753623188406,136,136,2,0,134,133,11512,2,0,0,2,3
2020-07-30,US,Arkansas,Drew,152,2,0,33.59035001,-91.71777921,5043.0,834.2938690378177,1.3157894736842106,150,149,2,0,147,146,18328,3,0,0,3,3
2020-07-30,US,Arkansas,Faulkner,1158,5,0,35.14719007,-92.33717519,5045.0,918.99656368297,0.4317789291882556,1153,1138,4,0,1134,1120,124806,20,1,0,19,18
2020-07-30,US,Arkansas,Franklin,101,2,0,35.51202821,-93.89299569,5047.0,570.1383008749648,1.98019801980198,99,96,2,0,94,85,17810,5,0,0,5,11
2020-07-30,US,Arkansas,Fulton,26,0,0,36.38177105,-91.81729127,5049.0,208.38342550292538,0.0,26,26,0,0,26,26,12269,0,0,0,0,0
2020-07-30,US,Arkansas,Garland,786,7,0,34.57692074,-93.14921604,5051.0,790.8558549493891,0.8905852417302799,779,735,7,0,728,713,99154,51,0,0,51,22
2020-07-30,US,Arkansas,Grant,122,0,0,34.29017991,-92.42320562,5053.0,667.9441554886396,0.0,122,122,0,0,122,118,18188,0,0,0,0,4
2020-07-30,US,Arkansas,Greene,280,1,0,36.11735460000001,-90.55832668,5055.0,617.7606177606177,0.35714285714285715,279,269,1,0,268,247,45325,11,0,0,11,22
2020-07-30,US,Arkansas,Hempstead,192,2,0,33.73325583,-93.66935133,5057.0,891.6960802526472,1.0416666666666667,190,190,2,0,188,180,21741,2,0,0,2,10
2020-07-30,US,Arkansas,Hot Spring,1429,7,0,34.31709259,-92.95396325,5059.0,4231.441177341506,0.489853044086774,1422,1419,7,0,1412,1411,33701,10,0,0,10,8
2020-07-30,US,Arkansas,Howard,287,2,0,34.09007427,-93.9934871,5061.0,2173.913043478261,0.6968641114982579,285,282,2,0,280,275,13341,5,0,0,5,7
2020-07-30,US,Arkansas,Independence,299,0,0,35.74242707,-91.57001641,5063.0,790.482485128883,0.0,299,266,0,0,266,259,37678,33,0,0,33,7
2020-07-30,US,Arkansas,Izard,38,1,0,36.09604046,-91.90847954,5065.0,278.8172279697704,2.631578947368421,37,37,1,0,36,35,13593,1,0,0,1,2
2020-07-30,US,Arkansas,Jackson,56,1,0,35.59802983,-91.21494602,5067.0,334.9482624558885,1.7857142857142858,55,55,1,0,54,55,16811,1,0,0,1,0
2020-07-30,US,Arkansas,Jefferson,1270,37,0,34.26767081,-91.92619839,5069.0,1900.5147851071472,2.9133858267716537,1233,1239,37,0,1202,1222,68114,31,0,0,31,17
2020-07-30,US,Arkansas,Johnson,606,0,0,35.56759135,-93.46036368,5071.0,2280.081270223493,0.0,606,597,0,0,597,592,26742,9,0,0,9,5
2020-07-30,US,Arkansas,Lafayette,48,2,0,33.24116713,-93.60677071,5073.0,724.6376811594204,4.166666666666667,46,48,2,0,46,48,6682,0,0,0,0,0
2020-07-30,US,Arkansas,Lawrence,173,9,0,36.04188196,-91.10867198,5075.0,1054.4922589296598,5.202312138728324,164,169,9,0,160,162,16434,4,0,0,4,7
2020-07-30,US,Arkansas,Lee,879,6,0,34.78498904,-90.78383866,5077.0,9924.353618606752,0.6825938566552902,873,878,6,0,872,876,8985,1,0,0,1,2
2020-07-30,US,Arkansas,Lincoln,1161,11,0,33.95317155,-91.74002806,5079.0,8914.312039312039,0.9474590869939707,1150,1155,11,0,1144,1155,13383,6,0,0,6,0
2020-07-30,US,Arkansas,Little River,145,1,0,33.70375665,-94.23468591,5081.0,1182.80447018517,0.6896551724137931,144,138,1,0,137,106,12326,7,0,0,7,32
2020-07-30,US,Arkansas,Logan,134,0,0,35.21413234,-93.71951016,5083.0,624.2429889126993,0.0,134,130,0,0,130,129,21737,4,0,0,4,1
2020-07-30,US,Arkansas,Lonoke,393,2,0,34.75392199,-91.88742357,5085.0,536.0869743142042,0.5089058524173028,391,383,2,0,381,368,73657,10,0,0,10,15
2020-07-30,US,Arkansas,Madison,253,1,0,36.01038185,-93.72524943,5087.0,1526.3030888030887,0.3952569169960474,252,246,1,0,245,246,16481,7,0,0,7,0
2020-07-30,US,Arkansas,Marion,22,0,0,36.26844485,-92.68451899,5089.0,131.7838744459087,0.0,22,21,0,0,21,18,16722,1,0,0,1,3
2020-07-30,US,Arkansas,Miller,442,4,0,33.31403423,-93.89285258,5091.0,1021.7999398941213,0.9049773755656108,438,438,4,0,434,428,43592,4,0,0,4,10
2020-07-30,US,Arkansas,Mississippi,648,8,0,35.76271485,-90.05194370000002,5093.0,1594.056726771789,1.2345679012345678,640,625,8,0,617,603,41239,23,0,0,23,22
2020-07-30,US,Arkansas,Monroe,48,0,0,34.6815935,-91.20540287,5095.0,716.310998358454,0.0,48,48,0,0,48,48,6900,0,0,0,0,0
2020-07-30,US,Arkansas,Montgomery,24,0,0,34.53704874,-93.65824478,5097.0,267.08212775428444,0.0,24,24,0,0,24,23,8924,0,0,0,0,1
2020-07-30,US,Arkansas,Nevada,128,9,0,33.66340119,-93.30632432,5099.0,1551.1391177896269,7.03125,119,128,8,0,120,127,8326,0,1,0,-1,1
2020-07-30,US,Arkansas,Newton,89,3,0,35.91947491,-93.21612969,5101.0,1147.9427318457374,3.3707865168539324,86,90,0,0,90,89,7805,-1,3,0,-4,1
2020-07-30,US,Arkansas,Ouachita,74,1,0,33.58839816,-92.87795984,5103.0,316.482764519716,1.351351351351351,73,72,1,0,71,71,23606,2,0,0,2,1
2020-07-30,US,Arkansas,Perry,48,0,0,34.945915299999996,-92.94372564,5105.0,459.11047345767577,0.0,48,46,0,0,46,45,10352,2,0,0,2,1
2020-07-30,US,Arkansas,Phillips,265,6,0,34.43268455,-90.84800154,5107.0,1490.2710606231021,2.2641509433962264,259,260,6,0,254,256,18029,5,0,0,5,4
2020-07-30,US,Arkansas,Pike,69,1,0,34.16250414,-93.65789349,5109.0,643.7768240343347,1.4492753623188406,68,65,1,0,64,60,10673,4,0,0,4,5
2020-07-30,US,Arkansas,Poinsett,141,3,0,35.57433534,-90.66268713,5111.0,599.2859571574295,2.127659574468085,138,133,3,0,130,130,23974,8,0,0,8,3
2020-07-30,US,Arkansas,Polk,125,0,0,34.48254879,-94.22728802,5113.0,626.1270286515727,0.0,125,124,0,0,124,123,20049,1,0,0,1,1
2020-07-30,US,Arkansas,Pope,1150,8,0,35.44871474,-93.03212219,5115.0,1794.8557872393558,0.6956521739130435,1142,1119,8,0,1111,1110,64000,31,0,0,31,9
2020-07-30,US,Arkansas,Prairie,57,0,0,34.83624419,-91.55162157,5117.0,707.0205904242122,0.0,57,57,0,0,57,56,8074,0,0,0,0,1
2020-07-30,US,Arkansas,Pulaski,4654,76,0,34.77054088,-92.31355101,5119.0,1187.5145122234385,1.6330038676407392,4578,4575,75,0,4500,4492,392680,79,1,0,78,83
2020-07-30,US,Arkansas,Randolph,155,2,0,36.3415714,-91.02455531,5121.0,863.1250696068605,1.2903225806451613,153,152,2,0,150,145,17948,3,0,0,3,7
2020-07-30,US,Arkansas,Saline,827,4,0,34.64916145,-92.67583224,5125.0,675.4494148010814,0.4836759371221282,823,809,4,0,805,798,121421,18,0,0,18,11
2020-07-30,US,Arkansas,Scott,35,0,0,34.85588887,-94.0632176,5127.0,340.4338099406673,0.0,35,34,0,0,34,33,10319,1,0,0,1,1
2020-07-30,US,Arkansas,Searcy,25,0,0,35.9109364,-92.69936482,5129.0,317.218627077782,0.0,25,25,0,0,25,23,7958,0,0,0,0,2
2020-07-30,US,Arkansas,Sebastian,1601,14,0,35.19605503,-94.27162713,5131.0,1252.4740469540864,0.8744534665833854,1587,1543,13,0,1530,1499,127753,58,1,0,57,44
2020-07-30,US,Arkansas,Sevier,927,10,0,33.99780401,-94.2424869,5133.0,5450.696771917445,1.0787486515641855,917,918,10,0,908,913,17139,9,0,0,9,5
2020-07-30,US,Arkansas,Sharp,97,5,0,36.16258158,-91.47819342,5135.0,556.1288843022589,5.154639175257731,92,94,5,0,89,89,17366,3,0,0,3,5
2020-07-30,US,Arkansas,St. Francis,1104,3,0,35.02201976,-90.74828138,5123.0,4417.060094422662,0.2717391304347826,1101,1086,3,0,1083,1083,25439,18,0,0,18,3
2020-07-30,US,Arkansas,Stone,50,1,0,35.86251946,-92.15684085,5137.0,399.8080921157844,2.0,49,45,1,0,44,44,12457,5,0,0,5,1
2020-07-30,US,Arkansas,Unassigned,1584,0,0,0.0,0.0,90005.0,0.0,0.0,1584,1545,0,0,1545,1514,,39,0,0,39,31
2020-07-30,US,Arkansas,Union,396,16,0,33.16887091,-92.59746952,5139.0,1023.7319683573756,4.040404040404041,380,379,16,0,363,376,39126,17,0,0,17,3
2020-07-30,US,Arkansas,Van Buren,50,2,0,35.58095779,-92.51295036,5141.0,302.2061045633122,4.0,48,49,2,0,47,46,16603,1,0,0,1,3
2020-07-30,US,Arkansas,Washington,5855,43,0,35.976844,-94.21800746,5143.0,2447.875511628977,0.7344150298889838,5812,5812,43,0,5769,5783,236961,43,0,0,43,29
2020-07-30,US,Arkansas,White,243,2,0,35.25688493,-91.74908296,5145.0,308.55967391718417,0.8230452674897121,241,241,2,0,239,230,78727,2,0,0,2,11
2020-07-30,US,Arkansas,Woodruff,17,0,0,35.18902527,-91.2439489,5147.0,268.9873417721519,0.0,17,17,0,0,17,17,6490,0,0,0,0,0
2020-07-30,US,Arkansas,Yell,991,14,0,35.00292371,-93.41171338,5149.0,4643.643690548709,1.4127144298688197,977,982,14,0,968,975,21535,9,0,0,9,7
2020-07-30,US,California,Alameda,11131,182,0,37.64629437,-121.8929271,6001.0,665.9969401595978,1.6350732189381008,10949,10773,181,0,10592,10633,1666753,358,1,0,357,140
2020-07-30,US,California,Alpine,2,0,0,38.59678594,-119.8223594,6003.0,177.14791851195747,0.0,2,2,0,0,2,2,1101,0,0,0,0,0
2020-07-30,US,California,Amador,110,0,0,38.44583082,-120.65696,6005.0,276.71563694908434,0.0,110,89,0,0,89,84,39383,21,0,0,21,5
2020-07-30,US,California,Butte,907,7,0,39.66727762,-121.6005252,6007.0,413.8038013376767,0.7717750826901875,900,883,7,0,876,866,231256,24,0,0,24,17
2020-07-30,US,California,Calaveras,108,1,0,38.20537103,-120.552913,6009.0,235.2684892713212,0.925925925925926,107,108,1,0,107,99,45602,0,0,0,0,9
2020-07-30,US,California,Colusa,312,4,0,39.17881957,-122.2331726,6011.0,1447.9974010303058,1.2820512820512822,308,304,3,0,301,292,21627,8,1,0,7,12
2020-07-30,US,California,Contra Costa,7577,116,0,37.91923498,-121.9289527,6013.0,656.8555888640568,1.5309489243764025,7461,7714,109,0,7605,7304,1150215,-137,7,0,-144,410
2020-07-30,US,California,Del Norte,88,0,0,41.74228275,-123.89740630000001,6015.0,316.41018265496916,0.0,88,88,0,0,88,88,27828,0,0,0,0,0
2020-07-30,US,California,El Dorado,613,1,0,38.77965956,-120.5233166,6017.0,317.8751626971163,0.1631321370309951,612,589,1,0,588,555,190678,24,0,0,24,34
2020-07-30,US,California,Fresno,14312,120,0,36.75733899,-119.6466953,6019.0,1432.4878065380774,0.8384572386808273,14192,13336,120,0,13216,13209,994400,976,0,0,976,127
2020-07-30,US,California,Glenn,315,1,0,39.59875897,-122.3938452,6021.0,1109.4283802345649,0.31746031746031744,314,311,1,0,310,303,28047,4,0,0,4,8
2020-07-30,US,California,Humboldt,231,4,0,40.69923009,-123.876044,6023.0,170.40676315672997,1.7316017316017316,227,228,4,0,224,217,136373,3,0,0,3,11
2020-07-30,US,California,Imperial,9298,200,0,33.0393082,-115.3669042,6025.0,5130.92183318158,2.1510002151000216,9098,9241,188,0,9053,9189,181827,57,12,0,45,52
2020-07-30,US,California,Inyo,50,1,0,36.51112084,-117.41119779999998,6027.0,277.1772271190199,2.0,49,47,1,0,46,46,17987,3,0,0,3,1
2020-07-30,US,California,Kern,18411,139,0,35.34329425,-118.7277796,6029.0,2045.2076311761136,0.7549834338167399,18272,17344,135,0,17209,16896,896764,1067,4,0,1063,448
2020-07-30,US,California,Kings,4106,51,0,36.07409056,-119.8159973,6031.0,2684.7129593304558,1.2420847540185096,4055,4036,50,0,3986,3966,151366,70,1,0,69,70
2020-07-30,US,California,Lake,183,1,0,39.10124298,-122.7536244,6033.0,284.22327835243686,0.5464480874316939,182,181,1,0,180,180,64382,2,0,0,2,1
2020-07-30,US,California,Lassen,631,0,0,40.67311306,-120.59350990000002,6035.0,2063.9126026232293,0.0,631,558,0,0,558,558,30802,73,0,0,73,0
2020-07-30,US,California,Los Angeles,186036,4559,0,34.30828379,-118.2282411,6037.0,1853.113030870176,2.450600958954181,181477,183456,4518,0,178938,178642,10105518,2580,41,0,2539,4814
2020-07-30,US,California,Madera,1886,28,0,37.21513971,-119.76655890000002,6039.0,1198.77706941593,1.4846235418875928,1858,1850,28,0,1822,1723,157672,36,0,0,36,127
2020-07-30,US,California,Marin,4934,64,0,38.07122463,-122.7210631,6041.0,1906.2999853183221,1.2971220105391164,4870,4817,61,0,4756,4769,259666,117,3,0,114,48
2020-07-30,US,California,Mariposa,53,2,0,37.57978556,-119.9073334,6043.0,308.0857989885485,3.7735849056603774,51,51,2,0,49,48,17471,2,0,0,2,3
2020-07-30,US,California,Mendocino,293,6,0,39.4381191,-123.3911313,6045.0,337.75605482483945,2.04778156996587,287,280,6,0,274,274,87606,13,0,0,13,6
2020-07-30,US,California,Merced,4065,39,0,37.18922369,-120.7209035,6047.0,1463.9152981849606,0.9594095940959408,4026,3906,35,0,3871,3510,274765,159,4,0,155,396
2020-07-30,US,California,Modoc,2,0,0,41.58965602,-120.7244817,6049.0,22.621875353466802,0.0,2,2,0,0,2,,8777,0,0,0,0,
2020-07-30,US,California,Mono,128,1,0,37.93899289,-118.8872409,6051.0,886.1811132650238,0.78125,127,125,1,0,124,118,14250,3,0,0,3,7
2020-07-30,US,California,Monterey,4457,26,0,36.21862405,-121.2413397,6053.0,1026.8142035336048,0.5833520305137985,4431,4288,26,0,4262,4140,435594,169,0,0,169,148
2020-07-30,US,California,Napa,865,8,0,38.50735751,-122.332839,6055.0,627.9765361830642,0.9248554913294798,857,860,8,0,852,806,139417,5,0,0,5,54
2020-07-30,US,California,Nevada,293,1,0,39.30394768,-120.7627281,6057.0,293.7196130519773,0.3412969283276451,292,288,1,0,287,273,99696,5,0,0,5,15
2020-07-30,US,California,Orange,35778,604,0,33.70147516,-117.76459979999998,6059.0,1126.6205916694694,1.6881882721225334,35174,35272,587,0,34685,34833,3185968,506,17,0,489,439
2020-07-30,US,California,Placer,1822,15,0,39.06167234,-120.7240569,6061.0,457.4108337580241,0.8232711306256859,1807,1790,15,0,1775,1753,393149,32,0,0,32,37
2020-07-30,US,California,Plumas,32,0,0,40.00355989,-120.8395236,6063.0,170.14941245281008,0.0,32,31,0,0,31,29,18804,1,0,0,1,2
2020-07-30,US,California,Riverside,36629,688,0,33.74314981,-115.9933578,6065.0,1482.6277268263775,1.8782931556963065,35941,36159,682,0,35477,35187,2450758,470,6,0,464,972
2020-07-30,US,California,Sacramento,9664,127,0,38.45106826,-121.3425374,6067.0,622.6571429675952,1.3141556291390728,9537,9514,126,0,9388,9418,1540975,150,1,0,149,96
2020-07-30,US,California,San Benito,609,4,0,36.60308176,-121.069975,6069.0,969.6217042414979,0.6568144499178982,605,601,4,0,597,553,61537,8,0,0,8,48
2020-07-30,US,California,San Bernardino,31688,419,0,34.84060306,-116.1774685,6071.0,1453.5213076554355,1.3222671042665994,31269,32309,419,0,31890,29962,2171603,-621,0,0,-621,2347
2020-07-30,US,California,San Diego,28688,558,0,33.03484597,-116.7365326,6073.0,859.351831604425,1.945064138315672,28130,28287,552,0,27735,27507,3343364,401,6,0,395,780
2020-07-30,US,California,San Francisco,6423,58,0,37.75215114,-122.4385672,6075.0,728.6038552593219,0.9030048264051066,6365,6197,57,0,6140,6065,883305,226,1,0,225,132
2020-07-30,US,California,San Joaquin,11342,151,0,37.93433732,-121.2730061,6077.0,1488.1624041524744,1.3313348615764415,11191,11209,146,0,11063,10923,752660,133,5,0,128,286
2020-07-30,US,California,San Luis Obispo,1740,14,0,35.38822029,-120.4039028,6079.0,614.5999272370201,0.8045977011494253,1726,1710,12,0,1698,1644,284010,30,2,0,28,66
2020-07-30,US,California,San Mateo,5398,118,0,37.4228808,-122.32755459999998,6081.0,704.1729880911537,2.1859948128936644,5280,5306,118,0,5188,5198,769545,92,0,0,92,108
2020-07-30,US,California,Santa Barbara,6094,32,0,34.65329488,-120.0188492,6083.0,1364.840682733892,0.5251066622907778,6062,6021,32,0,5989,5633,446527,73,0,0,73,388
2020-07-30,US,California,Santa Clara,9731,190,0,37.23104908,-121.6970462,6085.0,504.7586640468252,1.9525228650703936,9541,9612,187,0,9425,9215,1937570,119,3,0,116,397
2020-07-30,US,California,Santa Cruz,1076,4,0,37.05580291,-122.0066524,6087.0,393.8319186861534,0.3717472118959108,1072,1030,4,0,1026,980,274255,46,0,0,46,50
2020-07-30,US,California,Shasta,360,9,0,40.76391419,-122.0396884,6089.0,199.91115059973342,2.5,351,348,8,0,340,323,180040,12,1,0,11,25
2020-07-30,US,California,Sierra,2,0,0,39.57713498,-120.52007009999998,6091.0,66.55574043261231,0.0,2,2,0,0,2,2,2987,0,0,0,0,0
2020-07-30,US,California,Siskiyou,72,0,0,41.59198861,-122.54074340000001,6093.0,165.36897953558878,0.0,72,67,0,0,67,66,43724,5,0,0,5,1
2020-07-30,US,California,Solano,3520,37,0,38.26827353,-121.9357113,6095.0,786.3409011198655,1.0511363636363635,3483,3462,37,0,3425,3283,446610,58,0,0,58,179
2020-07-30,US,California,Sonoma,2748,31,0,38.52746429,-122.8862506,6097.0,555.8972035214914,1.1280931586608445,2717,2662,31,0,2631,2617,499942,86,0,0,86,45
2020-07-30,US,California,Stanislaus,8745,104,0,37.55862499,-120.9970722,6099.0,1588.0942868557736,1.1892510005717554,8641,8492,103,0,8389,8228,549815,253,1,0,252,264
2020-07-30,US,California,Sutter,731,6,0,39.03417539,-121.6945899,6101.0,753.8336203607263,0.8207934336525308,725,731,6,0,725,670,96807,0,0,0,0,61
2020-07-30,US,California,Tehama,227,1,0,40.12570935,-122.2370171,6103.0,348.78003810460336,0.4405286343612335,226,219,1,0,218,214,63916,8,0,0,8,5
2020-07-30,US,California,Trinity,5,0,0,40.64917670000001,-123.114713,6105.0,40.7000407000407,0.0,5,4,0,0,4,3,12535,1,0,0,1,1
2020-07-30,US,California,Tulare,9241,173,0,36.22026558,-118.8020203,6107.0,1982.2177415030192,1.872091764960502,9068,9076,173,0,8903,8862,465861,165,0,0,165,214
2020-07-30,US,California,Tuolumne,134,2,0,38.02644018,-119.9525093,6109.0,245.97085061859832,1.492537313432836,132,132,2,0,130,131,54539,2,0,0,2,1
2020-07-30,US,California,Ventura,7103,74,0,34.44465746,-119.0910613,6111.0,839.5921541927597,1.0418133183162044,7029,6997,73,0,6924,6830,850967,106,1,0,105,167
2020-07-30,US,California,Yolo,1494,41,0,38.68278902,-121.9018288,6113.0,677.5510204081633,2.7443105756358768,1453,1477,41,0,1436,1446,220408,17,0,0,17,31
2020-07-30,US,California,Yuba,441,4,0,39.26255932,-121.3535644,6115.0,560.5837189200183,0.90702947845805,437,441,4,0,437,397,78041,0,0,0,0,44
2020-07-30,US,Colorado,Adams,5868,168,0,39.87432092,-104.3362578,8001.0,1134.0861696761438,2.8629856850715747,5700,5794,168,0,5626,5713,511868,74,0,0,74,81
2020-07-30,US,Colorado,Alamosa,222,8,0,37.57250606,-105.7885451,8003.0,1367.5845499907593,3.603603603603604,214,221,8,0,213,221,16683,1,0,0,1,0
2020-07-30,US,Colorado,Arapahoe,6798,362,0,39.64977461,-104.3353617,8005.0,1035.3493047411628,5.3250956163577525,6436,6749,362,0,6387,6691,651215,49,0,0,49,58
2020-07-30,US,Colorado,Archuleta,31,0,0,37.19474156,-107.04768670000001,8007.0,220.97084610449784,0.0,31,30,0,0,30,32,13765,1,0,0,1,-2
2020-07-30,US,Colorado,Baca,14,0,0,37.31940883,-102.5603223,8009.0,390.9522479754258,0.0,14,14,0,0,14,14,3585,0,0,0,0,0
2020-07-30,US,Colorado,Bent,5,0,0,37.95474293,-103.0720195,8011.0,89.65393580778195,0.0,5,5,0,0,5,5,5882,0,0,0,0,0
2020-07-30,US,Colorado,Boulder,1840,75,0,40.09313619,-105.3546767,8013.0,564.0780389704349,4.076086956521738,1765,1825,75,0,1750,1813,326078,15,0,0,15,12
2020-07-30,US,Colorado,Broomfield,392,32,0,39.95998787,-105.0566324,8014.0,556.3045483573404,8.16326530612245,360,387,33,0,354,385,69267,5,-1,0,6,2
2020-07-30,US,Colorado,Chaffee,281,19,0,38.74745778,-106.19265729999998,8015.0,1380.4283749263116,6.761565836298933,262,281,19,0,262,281,20027,0,0,0,0,0
2020-07-30,US,Colorado,Cheyenne,8,0,0,38.82777431,-102.6032558,8017.0,436.9197160021846,0.0,8,8,0,0,8,8,1876,0,0,0,0,0
2020-07-30,US,Colorado,Clear Creek,26,1,0,39.68864463,-105.6463118,8019.0,268.0412371134021,3.8461538461538463,25,26,1,0,25,26,9605,0,0,0,0,0
2020-07-30,US,Colorado,Conejos,23,0,0,37.201606,-106.19174879999998,8021.0,280.31687995124923,0.0,23,21,0,0,21,21,8200,2,0,0,2,0
2020-07-30,US,Colorado,Costilla,22,0,0,37.27732493,-105.4276548,8023.0,565.9891947517366,0.0,22,22,0,0,22,22,3828,0,0,0,0,0
2020-07-30,US,Colorado,Crowley,72,1,0,38.32608609,-103.7844965,8025.0,1187.922785018974,1.3888888888888888,71,72,1,0,71,72,5858,0,0,0,0,0
2020-07-30,US,Colorado,Custer,10,0,0,38.10883162,-105.3683478,8027.0,197.3164956590371,0.0,10,10,0,0,10,10,4954,0,0,0,0,0
2020-07-30,US,Colorado,Delta,101,1,0,38.86246243,-107.86313419999999,8029.0,324.1127013670496,0.99009900990099,100,100,1,0,99,100,30953,1,0,0,1,0
2020-07-30,US,Colorado,Denver,9529,408,0,39.76018276,-104.87256950000001,8031.0,1310.3487158472576,4.28166649176199,9121,9482,408,0,9074,9387,716492,47,0,0,47,95
2020-07-30,US,Colorado,Dolores,1,0,0,37.75208676,-108.5211585,8033.0,48.661800486618006,0.0,1,1,0,0,1,1,2074,0,0,0,0,0
2020-07-30,US,Colorado,Douglas,1594,58,0,39.33133796,-104.930001,8035.0,453.9318931295101,3.6386449184441663,1536,1577,58,0,1519,1558,342776,17,0,0,17,19
2020-07-30,US,Colorado,Eagle,1006,9,0,39.62754308,-106.6933637,8037.0,1824.8771019645544,0.8946322067594433,997,1002,9,0,993,983,54993,4,0,0,4,19
2020-07-30,US,Colorado,El Paso,4381,130,0,38.83240149,-104.5251411,8041.0,608.1318373188342,2.967359050445104,4251,4327,130,0,4197,4265,713856,54,0,0,54,62
2020-07-30,US,Colorado,Elbert,83,2,0,39.28656773,-104.13587209999999,8039.0,310.52414979984286,2.409638554216868,81,82,2,0,80,81,26282,1,0,0,1,1
2020-07-30,US,Colorado,Fremont,101,0,0,38.47362326,-105.43996670000001,8043.0,211.12481448190812,0.0,101,95,0,0,95,94,48021,6,0,0,6,1
2020-07-30,US,Colorado,Garfield,682,4,0,39.59921777,-107.902708,8045.0,1135.5122292336125,0.5865102639296188,678,664,4,0,660,639,59770,18,0,0,18,25
2020-07-30,US,Colorado,Gilpin,13,0,0,39.85646523,-105.5252597,8047.0,208.23322120775268,0.0,13,13,0,0,13,13,6121,0,0,0,0,0
2020-07-30,US,Colorado,Grand,41,1,0,40.10603347,-106.11780420000001,8049.0,260.58217872124055,2.4390243902439024,40,41,1,0,40,40,15525,0,0,0,0,1
2020-07-30,US,Colorado,Gunnison,246,6,0,38.66611652,-107.0320729,8051.0,1408.7733363875845,2.4390243902439024,240,244,6,0,238,230,17246,2,0,0,2,14
2020-07-30,US,Colorado,Hinsdale,3,0,0,37.82247444,-107.3004345,8053.0,365.8536585365854,0.0,3,3,0,0,3,3,811,0,0,0,0,0
2020-07-30,US,Colorado,Huerfano,6,1,0,37.68473101,-104.9612585,8055.0,86.99434536755109,16.666666666666668,5,6,1,0,5,6,6889,0,0,0,0,0
2020-07-30,US,Colorado,Jackson,8,0,0,40.66593870000001,-106.3408905,8057.0,574.7126436781608,0.0,8,8,0,0,8,8,1399,0,0,0,0,0
2020-07-30,US,Colorado,Jefferson,3821,226,0,39.58635604,-105.2517692,8059.0,655.53689346539,5.914682020413505,3595,3782,225,0,3557,3739,580233,39,1,0,38,43
2020-07-30,US,Colorado,Kit Carson,42,3,0,39.30497777,-102.60221990000001,8063.0,591.7993518388051,7.142857142857142,39,42,3,0,39,42,7163,0,0,0,0,0
2020-07-30,US,Colorado,La Plata,197,2,0,37.28632032,-107.8429014,8067.0,350.4028743707866,1.0152284263959392,195,196,2,0,194,192,56310,1,0,0,1,4
2020-07-30,US,Colorado,Lake,69,0,0,39.20278823,-106.35556969999999,8065.0,849.0217792543373,0.0,69,68,0,0,68,67,7824,1,0,0,1,1
2020-07-30,US,Colorado,Larimer,1335,34,0,40.66671597,-105.4625784,8069.0,374.0554050305549,2.546816479400749,1301,1314,34,0,1280,1299,350518,21,0,0,21,15
2020-07-30,US,Colorado,Las Animas,15,0,0,37.3153406,-104.03764579999999,8071.0,103.40548738453056,0.0,15,14,0,0,14,14,14503,1,0,0,1,0
2020-07-30,US,Colorado,Lincoln,6,0,0,38.98749519,-103.51366490000001,8073.0,105.24469391334854,0.0,6,6,0,0,6,6,5610,0,0,0,0,0
2020-07-30,US,Colorado,Logan,647,5,0,40.7249637,-103.110817,8075.0,2887.2328082466865,0.7727975270479135,642,647,5,0,642,647,21528,0,0,0,0,0
2020-07-30,US,Colorado,Mesa,250,2,0,39.01787888,-108.469799,8077.0,162.1165942545879,0.8,248,244,2,0,242,241,153207,6,0,0,6,3
2020-07-30,US,Colorado,Mineral,18,0,0,37.66954283,-106.92816979999999,8079.0,2340.702210663199,0.0,18,18,0,0,18,18,776,0,0,0,0,0
2020-07-30,US,Colorado,Moffat,24,1,0,40.61810999,-108.2070876,8081.0,180.68207483249267,4.166666666666667,23,24,1,0,23,23,13188,0,0,0,0,1
2020-07-30,US,Colorado,Montezuma,107,4,0,37.33859579,-108.59588570000001,8083.0,408.6621090020242,3.7383177570093458,103,103,4,0,99,103,26158,4,0,0,4,0
2020-07-30,US,Colorado,Montrose,265,13,0,38.40214114,-108.26390220000002,8085.0,619.7670611347584,4.90566037735849,252,265,13,0,252,263,42214,0,0,0,0,2
2020-07-30,US,Colorado,Morgan,673,46,0,40.26279810000001,-103.8093302,8087.0,2315.2607678546856,6.8350668647845465,627,673,46,0,627,673,28558,0,0,0,0,0
2020-07-30,US,Colorado,Otero,49,4,0,37.9014485,-103.7173385,8089.0,268.08184702921545,8.16326530612245,45,44,4,0,40,40,18432,5,0,0,5,4
2020-07-30,US,Colorado,Ouray,12,1,0,38.14717457,-107.7675136,8091.0,242.3263327948304,8.333333333333334,11,12,1,0,11,12,4833,0,0,0,0,0
2020-07-30,US,Colorado,Park,41,1,0,39.120926000000004,-105.7182065,8093.0,217.5643406739188,2.4390243902439024,40,41,1,0,40,40,18556,0,0,0,0,1
2020-07-30,US,Colorado,Phillips,19,0,0,40.59414277,-102.3577703,8095.0,445.48651817116064,0.0,19,19,0,0,19,19,4286,0,0,0,0,0
2020-07-30,US,Colorado,Pitkin,162,2,0,39.21720112,-106.9310027,8097.0,911.8027804356392,1.2345679012345678,160,160,2,0,158,158,17950,2,0,0,2,2
2020-07-30,US,Colorado,Prowers,47,0,0,37.95544985,-102.3926052,8099.0,386.1321064738744,0.0,47,46,0,0,46,46,12164,1,0,0,1,0
2020-07-30,US,Colorado,Pueblo,590,34,0,38.17359144,-104.5127437,8101.0,350.30636963853135,5.7627118644067785,556,577,34,0,543,575,167529,13,0,0,13,2
2020-07-30,US,Colorado,Rio Blanco,6,0,0,39.97913541,-108.2179009,8103.0,94.87666034155598,0.0,6,6,0,0,6,6,6336,0,0,0,0,0
2020-07-30,US,Colorado,Rio Grande,87,2,0,37.5836865,-106.3847838,8105.0,772.1665039495872,2.2988505747126435,85,87,2,0,85,87,11250,0,0,0,0,0
2020-07-30,US,Colorado,Routt,98,6,0,40.48596505,-106.9905548,8107.0,382.2451049223809,6.1224489795918355,92,96,6,0,90,96,25733,2,0,0,2,0
2020-07-30,US,Colorado,Saguache,107,2,0,38.08054629,-106.28246599999999,8109.0,1567.9953106682299,1.8691588785046729,105,107,2,0,105,107,6843,0,0,0,0,0
2020-07-30,US,Colorado,San Juan,2,0,0,37.76248981,-107.67632890000002,8111.0,274.72527472527474,0.0,2,2,0,0,2,2,762,0,0,0,0,0
2020-07-30,US,Colorado,San Miguel,73,0,0,38.00450883,-108.4020725,8113.0,892.5296491013571,0.0,73,73,0,0,73,73,8191,0,0,0,0,0
2020-07-30,US,Colorado,Sedgwick,11,1,0,40.87595412,-102.3519227,8115.0,489.32384341637015,9.090909090909092,10,11,1,0,10,11,2303,0,0,0,0,0
2020-07-30,US,Colorado,Summit,321,4,0,39.63803232,-106.1150762,8117.0,1035.1165715391314,1.2461059190031152,317,320,4,0,316,318,31007,1,0,0,1,2
2020-07-30,US,Colorado,Teller,105,2,0,38.88133511,-105.16148929999999,8119.0,413.5812194737671,1.9047619047619049,103,106,2,0,104,102,25083,-1,0,0,-1,4
2020-07-30,US,Colorado,Washington,46,0,0,39.97015535,-103.202587,8121.0,937.2453137734312,0.0,46,46,0,0,46,46,4909,0,0,0,0,0
2020-07-30,US,Colorado,Weld,3477,141,0,40.55499405,-104.39296209999999,8123.0,1071.5210236307828,4.055220017256255,3336,3462,141,0,3321,3452,314305,15,0,0,15,10
2020-07-30,US,Colorado,Yuma,57,0,0,40.00346839,-102.4258673,8125.0,568.9190537977843,0.0,57,57,0,0,57,57,10020,0,0,0,0,0
2020-07-30,US,Connecticut,Fairfield,17786,1406,0,41.26809896,-73.3881171,9001.0,1885.4443610521005,7.905093894073992,16380,17733,1404,0,16329,17494,943823,53,2,0,51,239
2020-07-30,US,Connecticut,Hartford,12561,1411,0,41.80283011,-72.73103891,9003.0,1408.6260261068494,11.233182071491122,11150,12542,1411,0,11131,12401,892697,19,0,0,19,141
2020-07-30,US,Connecticut,Litchfield,1599,138,0,41.7937534,-73.2451475,9005.0,886.6929513732927,8.630393996247655,1461,1593,138,0,1455,1570,181111,6,0,0,6,23
2020-07-30,US,Connecticut,Middlesex,1377,191,0,41.45949668,-72.53714864,9007.0,847.7184860498904,13.870733478576614,1186,1375,189,0,1186,1374,162682,2,2,0,0,1
2020-07-30,US,Connecticut,New Haven,13013,1101,0,41.4080325,-72.93620426,9009.0,1522.4209921650247,8.460769999231537,11912,12983,1100,0,11883,12965,857620,30,1,0,29,18
2020-07-30,US,Connecticut,New London,1396,103,0,41.48896435,-72.10430976,9011.0,526.3832643303697,7.378223495702006,1293,1387,103,0,1284,1382,266784,9,0,0,9,5
2020-07-30,US,Connecticut,Tolland,1011,66,0,41.85853803,-72.3308481,9013.0,670.7758043006614,6.528189910979228,945,1001,65,0,936,972,150921,10,1,0,9,29
2020-07-30,US,Connecticut,Unassigned,242,0,0,0.0,0.0,90009.0,0.0,0.0,242,250,0,0,250,245,,-8,0,0,-8,5
2020-07-30,US,Connecticut,Windham,685,15,0,41.82972709,-71.98182316,9015.0,586.5629977222518,2.18978102189781,670,676,15,0,661,674,117027,9,0,0,9,2
2020-07-30,US,Delaware,Kent,2151,95,0,39.08646628,-75.56884914,10001.0,1189.8045202615249,4.416550441655044,2056,2142,95,0,2047,2132,178550,9,0,0,9,10
2020-07-30,US,Delaware,New Castle,6743,285,0,39.57992638,-75.64054974,10003.0,1206.794415421483,4.226605368530326,6458,6682,285,0,6397,6588,559335,61,0,0,61,94
2020-07-30,US,Delaware,Sussex,5583,191,0,38.66143781,-75.39031349,10005.0,2383.605507524816,3.4210997671502774,5392,5575,191,0,5384,5564,229286,8,0,0,8,11
2020-07-30,US,Delaware,Unassigned,212,10,0,0.0,0.0,90010.0,0.0,4.716981132075472,202,203,10,0,193,192,,9,0,0,9,11
2020-07-30,US,District of Columbia,District of Columbia,12057,584,0,38.90417773,-77.01655992,11001.0,1708.39774480729,4.8436592850626194,11473,11999,584,0,11415,11945,702455,58,0,0,58,54
2020-07-30,US,Florida,Alachua,3448,20,0,29.67866525,-82.35928158,12001.0,1281.5795244626324,0.580046403712297,3428,3353,20,0,3333,3297,269956,95,0,0,95,56
2020-07-30,US,Florida,Baker,343,4,0,30.33060121,-82.28467476,12003.0,1174.255391989045,1.1661807580174928,339,329,4,0,325,322,28355,14,0,0,14,7
2020-07-30,US,Florida,Bay,3357,21,0,30.26548745,-85.62122584,12005.0,1921.5248561861426,0.6255585344057194,3336,3257,19,0,3238,3146,185287,100,2,0,98,111
2020-07-30,US,Florida,Bradford,316,3,0,29.95079741,-82.16611613,12007.0,1120.5276408637992,0.9493670886075948,313,307,3,0,304,240,27732,9,0,0,9,67
2020-07-30,US,Florida,Brevard,5333,108,0,28.29409504,-80.73091022,12009.0,885.9657574982307,2.0251265704106505,5225,5254,95,0,5159,5155,596849,79,13,0,66,99
2020-07-30,US,Florida,Broward,54312,676,0,26.15184651,-80.48725556,12011.0,2781.2685312923436,1.2446604801885404,53636,52970,638,0,52332,51657,1951260,1342,38,0,1304,1313
2020-07-30,US,Florida,Calhoun,278,7,0,30.40666734,-85.19394153,12013.0,1970.9322935129392,2.5179856115107917,271,271,7,0,264,265,14587,7,0,0,7,6
2020-07-30,US,Florida,Charlotte,1889,85,0,26.90131002,-81.92949121,12015.0,999.9470647398233,4.499735309687665,1804,1807,85,0,1722,1784,184998,82,0,0,82,23
2020-07-30,US,Florida,Citrus,1192,26,0,28.84804315,-82.47614748,12017.0,796.4879691561371,2.1812080536912752,1166,1160,23,0,1137,1123,147929,32,3,0,29,37
2020-07-30,US,Florida,Clay,2758,47,0,29.98319144,-81.85609986,12019.0,1257.913268750114,1.7041334300217548,2711,2697,47,0,2650,2615,216072,61,0,0,61,82
2020-07-30,US,Florida,Collier,9355,121,0,26.11091986,-81.34687065,12021.0,2430.4887997464293,1.2934259754142172,9234,9178,120,0,9058,9069,378488,177,1,0,176,109
2020-07-30,US,Florida,Columbia,2437,10,0,30.22509788,-82.62160164,12023.0,3399.5480289038305,0.4103405826836274,2427,2323,10,0,2313,2285,70503,114,0,0,114,38
2020-07-30,US,Florida,DeSoto,1251,14,0,27.18677893,-81.80941373,12027.0,3292.018631088656,1.1191047162270185,1237,1240,14,0,1226,1227,37489,11,0,0,11,13
2020-07-30,US,Florida,Dixie,247,4,0,29.60631086,-83.15724673,12029.0,1467.9662427196006,1.6194331983805668,243,241,4,0,237,238,16700,6,0,0,6,3
2020-07-30,US,Florida,Duval,20816,152,0,30.33225875,-81.66976468,12031.0,2173.415957108029,0.7302075326671791,20664,20398,149,0,20249,20138,950181,418,3,0,415,260
2020-07-30,US,Florida,Escambia,7598,92,0,30.67652764,-87.37284571,12033.0,2386.9362520262885,1.2108449591997894,7506,7429,88,0,7341,7250,315534,169,4,0,165,179
2020-07-30,US,Florida,Flagler,867,10,0,29.45933576,-81.31508595,12035.0,753.3824002224519,1.1534025374855823,857,850,10,0,840,838,112067,17,0,0,17,12
2020-07-30,US,Florida,Franklin,105,1,0,29.83791238,-84.82731662,12037.0,865.979381443299,0.9523809523809524,104,103,1,0,102,95,11736,2,0,0,2,8
2020-07-30,US,Florida,Gadsden,1315,17,0,30.57796289,-84.61915825,12039.0,2879.9824791940428,1.2927756653992395,1298,1267,14,0,1253,1224,45894,48,3,0,45,43
2020-07-30,US,Florida,Gilchrist,305,3,0,29.72856978,-82.79880657,12041.0,1641.373372080508,0.9836065573770492,302,334,2,0,332,324,18256,-29,1,0,-30,10
2020-07-30,US,Florida,Glades,389,3,0,26.95635849,-81.18996211,12043.0,2816.595467381073,0.7712082262210797,386,390,3,0,387,389,13724,-1,0,0,-1,1
2020-07-30,US,Florida,Gulf,301,1,0,29.93543004,-85.24270990000002,12045.0,2206.906664711489,0.3322259136212625,300,286,0,0,286,265,16164,15,1,0,14,21
2020-07-30,US,Florida,Hamilton,567,3,0,30.49673973,-82.94998918,12047.0,3929.8586082617135,0.5291005291005291,564,564,3,0,561,565,14310,3,0,0,3,-1
2020-07-30,US,Florida,Hardee,819,7,0,27.49293939,-81.80956574,12049.0,3040.4276645506184,0.8547008547008547,812,812,7,0,805,805,27245,7,0,0,7,7
2020-07-30,US,Florida,Hendry,1618,35,0,26.55386945,-81.16469006,12051.0,3850.3640949978585,2.1631644004944377,1583,1606,34,0,1572,1589,41556,12,1,0,11,17
2020-07-30,US,Florida,Hernando,1617,29,0,28.55364461,-82.42700204,12053.0,833.8490099009903,1.7934446505875077,1588,1579,26,0,1553,1521,190865,38,3,0,35,58
2020-07-30,US,Florida,Highlands,1132,26,0,27.34254618,-81.34071957,12055.0,1065.7026388378945,2.2968197879858656,1106,1115,25,0,1090,1103,105424,17,1,0,16,12
2020-07-30,US,Florida,Hillsborough,28742,331,0,27.9276559,-82.32013172,12057.0,1952.6239700863061,1.1516247999443323,28411,28268,323,0,27945,27823,1436888,474,8,0,466,445
2020-07-30,US,Florida,Holmes,413,2,0,30.86747479,-85.81319222,12059.0,2105.3168170464387,0.4842615012106538,411,402,1,0,401,399,19477,11,1,0,10,3
2020-07-30,US,Florida,Indian River,2167,41,0,27.69308961,-80.60556721,12061.0,1355.0271067951448,1.892016612828796,2126,2118,38,0,2080,2073,157413,49,3,0,46,45
2020-07-30,US,Florida,Jackson,1553,28,0,30.7954597,-85.21500423,12063.0,3345.973197742061,1.80296200901481,1525,1544,26,0,1518,1297,48305,9,2,0,7,247
2020-07-30,US,Florida,Jefferson,192,5,0,30.43669112,-83.89442308,12065.0,1347.746735925874,2.6041666666666665,187,188,5,0,183,184,14288,4,0,0,4,4
2020-07-30,US,Florida,Lafayette,100,1,0,29.98484137,-83.18166636,12067.0,1187.3664212776066,1.0,99,95,1,0,94,92,8732,5,0,0,5,3
2020-07-30,US,Florida,Lake,4408,51,0,28.76202069,-81.7125123,12069.0,1200.7038608839666,1.1569872958257714,4357,4326,50,0,4276,4259,356495,82,1,0,81,67
2020-07-30,US,Florida,Lee,15137,286,0,26.58410348,-81.88399313,12071.0,1964.3721522962664,1.8894100548325297,14851,14877,279,0,14598,14716,754610,260,7,0,253,161
2020-07-30,US,Florida,Leon,4102,14,0,30.45955727,-84.27491114,12073.0,1397.2246254879387,0.3412969283276451,4088,4004,14,0,3990,3949,292502,98,0,0,98,55
2020-07-30,US,Florida,Levy,546,3,0,29.31829741,-82.74007147,12075.0,1315.567549333783,0.5494505494505495,543,509,2,0,507,493,40770,37,1,0,36,16
2020-07-30,US,Florida,Liberty,356,2,0,30.23766008,-84.8829258,12077.0,4261.431649509217,0.5617977528089888,354,348,2,0,346,340,8457,8,0,0,8,8
2020-07-30,US,Florida,Madison,583,7,0,30.44396917,-83.47398594,12079.0,3152.544205915752,1.2006861063464838,576,564,6,0,558,560,18529,19,1,0,18,4
2020-07-30,US,Florida,Manatee,8337,176,0,27.47196942,-82.31831044,12081.0,2067.436572077579,2.1110711287033705,8161,8187,173,0,8014,8090,394855,150,3,0,147,97
2020-07-30,US,Florida,Marion,4682,56,0,29.21227113,-82.05803627,12083.0,1280.7081369553505,1.196070055531824,4626,4314,55,0,4259,3928,359977,368,1,0,367,386
2020-07-30,US,Florida,Martin,3561,73,0,27.0772071,-80.43109784,12085.0,2211.8012422360252,2.049985959000281,3488,3527,73,0,3454,3485,160912,34,0,0,34,42
2020-07-30,US,Florida,Miami-Dade,115916,1515,0,25.6112362,-80.55170587,12086.0,4266.4173665962435,1.306980917215915,114401,113143,1455,0,111688,110352,2761581,2773,60,0,2713,2791
2020-07-30,US,Florida,Monroe,1230,6,0,25.20904673,-81.07812416,12087.0,1657.0566363097485,0.4878048780487805,1224,1198,6,0,1192,1175,75027,32,0,0,32,23
2020-07-30,US,Florida,Nassau,1037,10,0,30.61037141,-81.80297522,12089.0,1170.098730606488,0.9643201542912246,1027,1009,8,0,1001,986,85832,28,2,0,26,23
2020-07-30,US,Florida,Okaloosa,2704,24,0,30.69143028,-86.59267105,12091.0,1283.1098330628556,0.8875739644970414,2680,2577,22,0,2555,2482,207269,127,2,0,125,95
2020-07-30,US,Florida,Okeechobee,878,2,0,27.386336199999995,-80.88944347,12093.0,2082.147600075887,0.2277904328018223,876,858,3,0,855,853,41537,20,-1,0,21,5
2020-07-30,US,Florida,Orange,28591,212,0,28.51367621,-81.31799498,12095.0,2051.810898401954,0.7414920779266203,28379,28191,203,0,27988,27820,1380645,400,9,0,391,371
2020-07-30,US,Florida,Osceola,8281,64,0,28.06312234,-81.14882926,12097.0,2203.8530835579945,0.7728535201062674,8217,8130,61,0,8069,7973,367990,151,3,0,148,157
2020-07-30,US,Florida,Palm Beach,32696,806,0,26.64676272,-80.46536002,12099.0,2184.4371546730627,2.465133349645217,31890,32171,795,0,31376,31598,1485941,525,11,0,514,573
2020-07-30,US,Florida,Pasco,6201,94,0,28.30810945,-82.40227529,12101.0,1119.4211720615872,1.5158845347524592,6107,6101,68,0,6033,5992,539630,100,26,0,74,109
2020-07-30,US,Florida,Pinellas,16114,418,0,27.93130349,-82.72239666,12103.0,1652.7247291270942,2.5940176244259647,15696,15800,400,0,15400,15541,975280,314,18,0,296,259
2020-07-30,US,Florida,Polk,12281,262,0,27.95027105,-81.69732947,12105.0,1694.452224615295,2.1333767608500938,12019,12059,251,0,11808,11893,708009,222,11,0,211,166
2020-07-30,US,Florida,Putnam,1261,15,0,29.60779729,-81.74230285,12107.0,1692.1404704714112,1.189532117367169,1246,1223,15,0,1208,1191,74163,38,0,0,38,32
2020-07-30,US,Florida,Santa Rosa,3279,22,0,30.69341450000001,-87.02458128,12113.0,1779.0389174936115,0.6709362610551998,3257,3125,22,0,3103,2945,179349,154,0,0,154,180
2020-07-30,US,Florida,Sarasota,5443,119,0,27.18546175,-82.33174248,12115.0,1254.8934620119796,2.186294322983649,5324,5349,116,0,5233,5274,426718,94,3,0,91,75
2020-07-30,US,Florida,Seminole,6419,72,0,28.7158582,-81.24060348,12117.0,1360.4591523146246,1.1216700420626269,6347,6333,72,0,6261,6231,467832,86,0,0,86,102
2020-07-30,US,Florida,St. Johns,3168,24,0,29.90096506,-81.43589967,12109.0,1196.953210010881,0.7575757575757576,3144,3136,23,0,3113,3057,254261,32,1,0,31,79
2020-07-30,US,Florida,St. Lucie,4903,118,0,27.37763908,-80.47106649,12111.0,1493.464759044402,2.4066897817662656,4785,4805,114,0,4691,4714,321128,98,4,0,94,91
2020-07-30,US,Florida,Sumter,1058,27,0,28.70181754,-82.0794267,12119.0,798.9729648089412,2.5519848771266544,1031,1045,27,0,1018,1028,128754,13,0,0,13,17
2020-07-30,US,Florida,Suwannee,1082,32,0,30.19746066,-82.99099670000003,12121.0,2436.004232613639,2.957486136783734,1050,1060,32,0,1028,1038,44191,22,0,0,22,22
2020-07-30,US,Florida,Taylor,319,3,0,30.04848048,-83.60445406,12123.0,1478.9744540776114,0.9404388714733544,316,288,3,0,285,291,21623,31,0,0,31,-3
2020-07-30,US,Florida,Unassigned,559,0,0,0.0,0.0,90012.0,0.0,0.0,559,528,0,0,528,517,,31,0,0,31,11
2020-07-30,US,Florida,Union,206,4,0,30.04412971,-82.37497443,12125.0,1351.9721729999346,1.9417475728155342,202,200,4,0,196,247,14940,6,0,0,6,-47
2020-07-30,US,Florida,Volusia,6707,109,0,29.05858895,-81.18263252,12127.0,1212.2165108696438,1.6251677352020275,6598,6572,107,0,6465,6473,547538,135,2,0,133,99
2020-07-30,US,Florida,Wakulla,565,2,0,30.16548905,-84.39895211,12129.0,1674.6198761077685,0.3539823008849557,563,543,2,0,541,535,32461,22,0,0,22,8
2020-07-30,US,Florida,Walton,1149,12,0,30.64204028,-86.16935664,12131.0,1551.214375396579,1.0443864229765014,1137,1119,12,0,1107,1094,71375,30,0,0,30,25
2020-07-30,US,Florida,Washington,488,13,0,30.61359259,-85.66002461,12133.0,1915.7539355395907,2.6639344262295084,475,469,13,0,456,460,24880,19,0,0,19,9
2020-07-30,US,Georgia,Appling,544,16,0,31.74847232,-82.28909114,13001.0,2958.7729794408788,2.9411764705882355,528,536,16,0,520,530,18507,8,0,0,8,6
2020-07-30,US,Georgia,Atkinson,276,2,0,31.29633502,-82.87545866,13003.0,3380.2816901408446,0.7246376811594203,274,274,2,0,272,273,8297,2,0,0,2,1
2020-07-30,US,Georgia,Bacon,399,6,0,31.55456473,-82.45936528,13005.0,3573.987817986385,1.5037593984962403,393,396,6,0,390,394,11185,3,0,0,3,2
2020-07-30,US,Georgia,Baker,55,3,0,31.32669878,-84.44218806,13007.0,1810.401579986833,5.454545454545454,52,53,3,0,50,53,3092,2,0,0,2,0
2020-07-30,US,Georgia,Baldwin,913,38,0,33.06882326,-83.24701748,13009.0,2033.860548006237,4.162102957283681,875,884,38,0,846,863,44823,29,0,0,29,21
2020-07-30,US,Georgia,Banks,228,3,0,34.35607081,-83.49644388,13011.0,1185.4008526567536,1.3157894736842106,225,223,3,0,220,213,18988,5,0,0,5,10
2020-07-30,US,Georgia,Barrow,1030,32,0,33.99148694,-83.71436292,13013.0,1237.3858721768381,3.1067961165048543,998,1004,32,0,972,979,80809,26,0,0,26,25
2020-07-30,US,Georgia,Bartow,1495,55,0,34.23732119,-84.83887523,13015.0,1387.6255360225732,3.6789297658862883,1440,1440,55,0,1385,1410,106408,55,0,0,55,30
2020-07-30,US,Georgia,Ben Hill,327,3,0,31.76095874,-83.22145359,13017.0,1958.0838323353294,0.9174311926605504,324,319,2,0,317,314,16787,8,1,0,7,5
2020-07-30,US,Georgia,Berrien,252,0,0,31.27590016,-83.22529920000002,13019.0,1299.1699747383616,0.0,252,244,0,0,244,236,19252,8,0,0,8,8
2020-07-30,US,Georgia,Bibb,2997,58,0,32.80904227,-83.70489165,13021.0,1956.7900025463728,1.9352686019352685,2939,2894,58,0,2836,2798,153095,103,0,0,103,96
2020-07-30,US,Georgia,Bleckley,123,3,0,32.43829035,-83.33035166,13023.0,955.4882311815428,2.4390243902439024,120,118,3,0,115,117,12838,5,0,0,5,1
2020-07-30,US,Georgia,Brantley,218,4,0,31.19576557,-81.97743999,13025.0,1140.8236956407975,1.834862385321101,214,217,4,0,213,214,18897,1,0,0,1,3
2020-07-30,US,Georgia,Brooks,355,15,0,30.83922642,-83.58303423,13027.0,2296.694054473701,4.225352112676056,340,346,14,0,332,337,15513,9,1,0,8,9
2020-07-30,US,Georgia,Bryan,518,6,0,32.00979311,-81.44002948,13029.0,1307.18954248366,1.1583011583011582,512,497,6,0,491,484,38109,21,0,0,21,13
2020-07-30,US,Georgia,Bulloch,1032,11,0,32.39577406,-81.74811421,13031.0,1296.3521254145312,1.0658914728682172,1021,1002,11,0,991,977,77296,30,0,0,30,25
2020-07-30,US,Georgia,Burke,380,7,0,33.05917989,-81.99928721,13033.0,1697.7170173792608,1.8421052631578947,373,372,7,0,365,370,22423,8,0,0,8,2
2020-07-30,US,Georgia,Butts,444,36,0,33.283094500000004,-83.95435040000002,13035.0,1780.5582290664101,8.108108108108109,408,432,36,0,396,428,24193,12,0,0,12,4
2020-07-30,US,Georgia,Calhoun,185,6,0,31.53169785,-84.62725131,13037.0,2989.174341573761,3.2432432432432434,179,183,6,0,177,182,6352,2,0,0,2,1
2020-07-30,US,Georgia,Camden,591,4,0,30.92951916,-81.66601818,13039.0,1081.1107452529911,0.6768189509306259,587,568,4,0,564,541,53677,23,0,0,23,27
2020-07-30,US,Georgia,Candler,205,4,0,32.40209349,-82.07702563,13043.0,1897.6210311950385,1.951219512195122,201,197,3,0,194,191,10836,8,1,0,7,6
2020-07-30,US,Georgia,Carroll,1675,43,0,33.58138199,-85.07976677,13045.0,1395.9263950930062,2.567164179104477,1632,1653,42,0,1611,1619,118121,22,1,0,21,34
2020-07-30,US,Georgia,Catoosa,513,9,0,34.89872298,-85.13757014,13047.0,759.1003255401006,1.7543859649122806,504,491,9,0,482,470,67420,22,0,0,22,21
2020-07-30,US,Georgia,Charlton,349,3,0,30.78371028,-82.13951596,13049.0,2606.0334528076464,0.8595988538681948,346,296,3,0,293,296,12968,53,0,0,53,0
2020-07-30,US,Georgia,Chatham,4707,66,0,32.00043026,-81.12489526,13051.0,1626.2999689043986,1.4021669853409815,4641,4590,57,0,4533,4505,289195,117,9,0,108,85
2020-07-30,US,Georgia,Chattahoochee,578,1,0,32.34341231,-84.78809239,13053.0,5299.349041899697,0.17301038062283736,577,552,1,0,551,518,10684,26,0,0,26,34
2020-07-30,US,Georgia,Chattooga,166,2,0,34.47197698,-85.34535662,13055.0,669.6518617128565,1.2048192771084338,164,158,2,0,156,156,24790,8,0,0,8,2
2020-07-30,US,Georgia,Cherokee,2687,53,0,34.24393976,-84.47431861,13057.0,1038.361807452864,1.9724599925567547,2634,2623,53,0,2570,2579,254149,64,0,0,64,44
2020-07-30,US,Georgia,Clarke,1591,16,0,33.95436462,-83.37124007,13059.0,1239.7628008820939,1.005656819610308,1575,1557,16,0,1541,1507,127330,34,0,0,34,50
2020-07-30,US,Georgia,Clay,70,2,0,31.62221166,-84.97713865,13061.0,2470.007057163021,2.8571428571428568,68,69,2,0,67,69,2887,1,0,0,1,0
2020-07-30,US,Georgia,Clayton,4339,95,0,33.54187245,-84.35594188,13063.0,1484.6572867622906,2.1894445724821385,4244,4248,95,0,4153,4151,289615,91,0,0,91,97
2020-07-30,US,Georgia,Clinch,168,4,0,30.91395822,-82.70432472,13065.0,2538.531278331823,2.380952380952381,164,166,4,0,162,161,6648,2,0,0,2,5
2020-07-30,US,Georgia,Cobb,10920,297,0,33.94243204,-84.5761255,13067.0,1436.5755826879486,2.7197802197802203,10623,10653,297,0,10356,10453,756865,267,0,0,267,200
2020-07-30,US,Georgia,Coffee,1281,24,0,31.54892966,-82.85492059999999,13069.0,2960.2754604487786,1.873536299765808,1257,1245,23,0,1222,1236,43093,36,1,0,35,9
2020-07-30,US,Georgia,Colquitt,1445,21,0,31.18810588,-83.7677946,13071.0,3168.859649122807,1.453287197231834,1424,1437,21,0,1416,1430,45592,8,0,0,8,7
2020-07-30,US,Georgia,Columbia,1739,19,0,33.54534185,-82.263524,13073.0,1109.6647395893156,1.092581943645773,1720,1689,19,0,1670,1615,154291,50,0,0,50,74
2020-07-30,US,Georgia,Cook,381,6,0,31.16068491,-83.42947229,13075.0,2206.1378112333527,1.5748031496062993,375,367,6,0,361,347,17162,14,0,0,14,20
2020-07-30,US,Georgia,Coweta,1275,18,0,33.35334302,-84.76129976,13077.0,858.5338262327534,1.4117647058823528,1257,1258,18,0,1240,1233,145864,17,0,0,17,25
2020-07-30,US,Georgia,Crawford,87,0,0,32.71391813,-83.98061238,13079.0,701.3866494679138,0.0,87,86,0,0,86,82,12318,1,0,0,1,4
2020-07-30,US,Georgia,Crisp,356,14,0,31.92289565,-83.76811843,13081.0,1591.2748077954584,3.9325842696629216,342,350,14,0,336,348,22601,6,0,0,6,2
2020-07-30,US,Georgia,Dade,105,1,0,34.854916700000004,-85.50490424,13083.0,651.5264333581532,0.9523809523809524,104,102,1,0,101,100,16226,3,0,0,3,2
2020-07-30,US,Georgia,Dawson,265,3,0,34.44244079,-84.16964071,13085.0,1015.0145549256932,1.1320754716981132,262,256,3,0,253,244,25083,9,0,0,9,12
2020-07-30,US,Georgia,DeKalb,11916,213,0,33.76944049,-84.22396017,13089.0,1569.3463822456824,1.7875125881168177,11703,11679,213,0,11466,11494,756558,237,0,0,237,185
2020-07-30,US,Georgia,Decatur,588,8,0,30.87967778,-84.57619536,13087.0,2226.9353128313887,1.3605442176870748,580,564,8,0,556,541,26575,24,0,0,24,23
2020-07-30,US,Georgia,Dodge,183,2,0,32.17265114,-83.16948926,13091.0,888.1339480708566,1.0928961748633879,181,178,2,0,176,205,20705,5,0,0,5,-27
2020-07-30,US,Georgia,Dooly,238,14,0,32.15630737,-83.79746561,13093.0,1777.4458551157581,5.882352941176472,224,236,14,0,222,234,13706,2,0,0,2,2
2020-07-30,US,Georgia,Dougherty,2554,167,0,31.53328528,-84.21722377,13095.0,2903.724589567511,6.53876272513704,2387,2523,167,0,2356,2493,91243,31,0,0,31,30
2020-07-30,US,Georgia,Douglas,2203,47,0,33.70291126,-84.77026156,13097.0,1505.3675269742996,2.133454380390377,2156,2158,46,0,2112,2117,145331,45,1,0,44,41
2020-07-30,US,Georgia,Early,339,31,0,31.32155345,-84.90255207,13099.0,3326.7909715407263,9.144542772861355,308,335,31,0,304,334,10247,4,0,0,4,1
2020-07-30,US,Georgia,Echols,221,1,0,30.71101099,-82.89687287,13101.0,5516.7249126310535,0.4524886877828054,220,220,0,0,220,218,4000,1,1,0,0,2
2020-07-30,US,Georgia,Effingham,587,1,0,32.36616021,-81.34280942,13103.0,912.9650367052384,0.17035775127768313,586,571,1,0,570,556,62190,16,0,0,16,15
2020-07-30,US,Georgia,Elbert,314,1,0,34.11302332,-82.83936148,13105.0,1635.9278941335833,0.3184713375796178,313,306,1,0,305,299,19120,8,0,0,8,7
2020-07-30,US,Georgia,Emanuel,387,7,0,32.59221302,-82.30239915,13107.0,1708.9110659719156,1.8087855297157625,380,374,6,0,368,365,22612,13,1,0,12,9
2020-07-30,US,Georgia,Evans,195,1,0,32.15328841,-81.8870105,13109.0,1830.2984794443398,0.5128205128205128,194,193,1,0,192,192,10721,2,0,0,2,1
2020-07-30,US,Georgia,Fannin,259,2,0,34.86430205,-84.316964,13111.0,989.0025966091341,0.7722007722007722,257,252,2,0,250,243,25964,7,0,0,7,9
2020-07-30,US,Georgia,Fayette,898,24,0,33.41357794,-84.49089434,13113.0,784.8209681789183,2.67260579064588,874,873,24,0,849,855,113459,25,0,0,25,18
2020-07-30,US,Georgia,Floyd,1168,15,0,34.26268279,-85.21577392,13115.0,1185.8108794087186,1.2842465753424657,1153,1138,15,0,1123,1103,97927,30,0,0,30,35
2020-07-30,US,Georgia,Forsyth,1796,19,0,34.22604035,-84.12315129999998,13117.0,735.3061592126164,1.0579064587973277,1777,1730,18,0,1712,1691,236612,66,1,0,65,39
2020-07-30,US,Georgia,Franklin,346,4,0,34.37525597,-83.23159927,13119.0,1481.8621782517453,1.1560693641618498,342,339,4,0,335,331,23023,7,0,0,7,8
2020-07-30,US,Georgia,Fulton,17286,383,0,33.79216944,-84.46319413,13121.0,1624.7202606921273,2.215665856762698,16903,16867,381,0,16486,16482,1050114,419,2,0,417,385
2020-07-30,US,Georgia,Gilmer,470,3,0,34.69316688,-84.45802506,13123.0,1498.2944945646975,0.6382978723404256,467,463,3,0,460,459,30816,7,0,0,7,4
2020-07-30,US,Georgia,Glascock,21,0,0,33.22879932,-82.61297636,13125.0,706.8327162571526,0.0,21,19,0,0,19,20,2995,2,0,0,2,-1
2020-07-30,US,Georgia,Glynn,2236,26,0,31.23279254,-81.53811412,13127.0,2621.582328940581,1.162790697674419,2210,2209,25,0,2184,2183,85219,27,1,0,26,26
2020-07-30,US,Georgia,Gordon,958,23,0,34.50487351,-84.87296253,13129.0,1652.7784966271588,2.400835073068893,935,923,23,0,900,891,57685,35,0,0,35,32
2020-07-30,US,Georgia,Grady,387,4,0,30.87454847,-84.23418364,13131.0,1571.0632078918525,1.0335917312661498,383,375,4,0,371,366,24748,12,0,0,12,9
2020-07-30,US,Georgia,Greene,225,11,0,33.5769205,-83.17139104,13133.0,1227.8978388998034,4.888888888888889,214,222,11,0,211,217,17698,3,0,0,3,5
2020-07-30,US,Georgia,Gwinnett,16711,228,0,33.96044201,-84.02137802,13135.0,1784.8865153538052,1.364370773741847,16483,16255,223,0,16032,15915,927781,456,5,0,451,340
2020-07-30,US,Georgia,Habersham,1002,47,0,34.63331566,-83.53094677,13137.0,2210.5541828450405,4.69061876247505,955,983,48,0,935,961,45388,19,-1,0,20,22
2020-07-30,US,Georgia,Hall,5272,72,0,34.32207823,-83.81896936,13139.0,2578.739098321765,1.3657056145675266,5200,5165,72,0,5093,5017,202148,107,0,0,107,148
2020-07-30,US,Georgia,Hancock,280,34,0,33.2721566,-82.99766919,13141.0,3310.866737613811,12.142857142857142,246,275,34,0,241,272,8348,5,0,0,5,3
2020-07-30,US,Georgia,Haralson,184,6,0,33.79602175,-85.21005667,13143.0,617.6154672395273,3.260869565217391,178,179,6,0,173,176,29533,5,0,0,5,3
2020-07-30,US,Georgia,Harris,599,15,0,32.73709786,-84.90538572,13145.0,1699.96594392099,2.504173622704508,584,591,15,0,576,580,34475,8,0,0,8,11
2020-07-30,US,Georgia,Hart,241,1,0,34.34626973,-82.96567682,13147.0,919.6718183552756,0.4149377593360996,240,230,1,0,229,219,26099,11,0,0,11,11
2020-07-30,US,Georgia,Heard,127,3,0,33.29686567,-85.12886832,13149.0,1065.1681623752409,2.3622047244094486,124,125,3,0,122,120,11879,2,0,0,2,5
2020-07-30,US,Georgia,Henry,2841,39,0,33.4533428,-84.14814659999998,13151.0,1211.1987926381626,1.372756071805702,2802,2751,39,0,2712,2696,230220,90,0,0,90,55
2020-07-30,US,Georgia,Houston,1627,44,0,32.45802497,-83.66879087,13153.0,1030.6404920722398,2.7043638598647814,1583,1572,42,0,1530,1533,155469,55,2,0,53,39
2020-07-30,US,Georgia,Irwin,150,1,0,31.60213036,-83.27501387,13155.0,1593.03313508921,0.6666666666666666,149,141,1,0,140,134,9398,9,0,0,9,7
2020-07-30,US,Georgia,Jackson,884,13,0,34.13794553,-83.56814788,13157.0,1211.340559354317,1.4705882352941178,871,849,13,0,836,819,70422,35,0,0,35,30
2020-07-30,US,Georgia,Jasper,120,1,0,33.31535543,-83.68844964,13159.0,843.9412054293551,0.8333333333333334,119,116,1,0,115,118,14040,4,0,0,4,-2
2020-07-30,US,Georgia,Jeff Davis,338,5,0,31.80405727,-82.63724870000001,13161.0,2236.1892160105854,1.4792899408284024,333,330,5,0,325,332,15029,8,0,0,8,-2
2020-07-30,US,Georgia,Jefferson,400,5,0,33.05867328,-82.41609057,13163.0,2603.8276266111184,1.25,395,394,5,0,389,389,15430,6,0,0,6,5
2020-07-30,US,Georgia,Jenkins,223,20,0,32.79248718,-81.96040187,13165.0,2570.308898109728,8.968609865470851,203,217,19,0,198,213,8683,6,1,0,5,4
2020-07-30,US,Georgia,Johnson,216,8,0,32.70211082,-82.66166794,13167.0,2239.96681530644,3.703703703703704,208,213,7,0,206,213,9708,3,1,0,2,0
2020-07-30,US,Georgia,Jones,242,2,0,33.02512137,-83.56019163,13169.0,842.1785279276145,0.8264462809917356,240,235,1,0,234,232,28616,7,1,0,6,3
2020-07-30,US,Georgia,Lamar,217,9,0,33.07841647,-84.14263877,13171.0,1137.4954133249462,4.147465437788019,208,212,8,0,204,208,19000,5,1,0,4,4
2020-07-30,US,Georgia,Lanier,207,4,0,31.03828570000001,-83.06472457,13173.0,1985.992516549937,1.932367149758454,203,206,4,0,202,204,10340,1,0,0,1,2
2020-07-30,US,Georgia,Laurens,669,3,0,32.46325233,-82.92221316,13175.0,1407.0584276279812,0.4484304932735426,666,637,3,0,634,630,47325,32,0,0,32,7
2020-07-30,US,Georgia,Lee,496,22,0,31.779330600000005,-84.14324253,13177.0,1653.7743398239531,4.435483870967742,474,490,22,0,468,488,29764,6,0,0,6,2
2020-07-30,US,Georgia,Liberty,562,2,0,31.82588896,-81.49251135,13179.0,914.7879873036543,0.3558718861209965,560,548,2,0,546,524,61497,14,0,0,14,24
2020-07-30,US,Georgia,Lincoln,117,4,0,33.79201475,-82.45024131,13181.0,1477.0862264865548,3.418803418803418,113,115,4,0,111,112,7915,2,0,0,2,3
2020-07-30,US,Georgia,Long,111,1,0,31.75218791,-81.74952375,13183.0,567.5136765683318,0.9009009009009008,110,105,1,0,104,102,18998,6,0,0,6,3
2020-07-30,US,Georgia,Lowndes,2825,26,0,30.83568832,-83.27056716,13185.0,2406.180263359624,0.9203539823008848,2799,2744,27,0,2717,2687,116321,81,-1,0,82,57
2020-07-30,US,Georgia,Lumpkin,275,6,0,34.57286511,-84.00425681,13187.0,818.2088664088069,2.1818181818181817,269,259,6,0,253,247,32955,16,0,0,16,12
2020-07-30,US,Georgia,Macon,170,10,0,32.35207048,-84.04234127,13193.0,1313.0454931644394,5.882352941176472,160,166,10,0,156,165,13143,4,0,0,4,1
2020-07-30,US,Georgia,Madison,304,4,0,34.12920917,-83.21218732,13195.0,1017.4029451137883,1.3157894736842106,300,294,4,0,290,283,29650,10,0,0,10,11
2020-07-30,US,Georgia,Marion,131,4,0,32.3483402,-84.52733571,13197.0,1567.1731068309607,3.053435114503817,127,128,4,0,124,126,8351,3,0,0,3,2
2020-07-30,US,Georgia,McDuffie,272,9,0,33.47851918,-82.48252774,13189.0,1276.2762762762766,3.3088235294117645,263,261,9,0,252,251,21531,11,0,0,11,10
2020-07-30,US,Georgia,McIntosh,141,2,0,31.49683595,-81.40163426,13191.0,980.6649047155375,1.4184397163120568,139,135,2,0,133,134,14340,6,0,0,6,1
2020-07-30,US,Georgia,Meriwether,344,5,0,33.04163534,-84.68859732,13199.0,1625.1712571455566,1.4534883720930232,339,338,5,0,333,332,21068,6,0,0,6,6
2020-07-30,US,Georgia,Miller,124,0,0,31.16568912,-84.73151117,13201.0,2168.590416229451,0.0,124,120,0,0,120,118,5686,4,0,0,4,2
2020-07-30,US,Georgia,Mitchell,594,41,0,31.22483255,-84.19381821,13205.0,2716.9189955632805,6.902356902356902,553,572,41,0,531,563,22192,22,0,0,22,9
2020-07-30,US,Georgia,Monroe,404,23,0,33.014289,-83.92097166,13207.0,1464.9358184059759,5.693069306930692,381,399,23,0,376,385,27520,5,0,0,5,14
2020-07-30,US,Georgia,Montgomery,117,0,0,32.17201038,-82.53527476,13209.0,1275.621456607065,0.0,117,115,0,0,115,114,9193,2,0,0,2,1
2020-07-30,US,Georgia,Morgan,183,0,0,33.59232073,-83.49129491,13211.0,949.3670886075952,0.0,183,177,0,0,177,175,18853,6,0,0,6,2
2020-07-30,US,Georgia,Murray,507,2,0,34.78897608,-84.74993177,13213.0,1264.465283320032,0.3944773175542407,505,495,2,0,493,489,39921,12,0,0,12,6
2020-07-30,US,Georgia,Muscogee,4137,80,0,32.50931999,-84.87142262,13215.0,2113.204848571531,1.93376843123036,4057,4044,80,0,3964,3976,194160,93,0,0,93,68
2020-07-30,US,Georgia,Newton,1503,29,0,33.55514538,-83.84547140000002,13217.0,1345.0386597938145,1.9294743845642048,1474,1455,29,0,1426,1423,109541,48,0,0,48,32
2020-07-30,US,Georgia,Oconee,368,15,0,33.83749973,-83.43679568,13219.0,913.6047666335652,4.076086956521738,353,359,15,0,344,360,39272,9,0,0,9,-1
2020-07-30,US,Georgia,Oglethorpe,177,7,0,33.878629600000004,-83.08278123,13221.0,1159.9711645586212,3.9548022598870056,170,175,7,0,168,170,15054,2,0,0,2,5
2020-07-30,US,Georgia,Out of GA,14741,75,0,0.0,0.0,80013.0,0.0,0.5087850213689709,14666,14776,76,0,14700,15014,,-35,-1,0,-34,-238
2020-07-30,US,Georgia,Paulding,1343,18,0,33.91969522,-84.86848792,13223.0,796.2434856848109,1.340282948622487,1325,1306,18,0,1288,1267,164044,37,0,0,37,39
2020-07-30,US,Georgia,Peach,294,11,0,32.56934316,-83.82937,13225.0,1067.3055979089522,3.741496598639456,283,280,12,0,268,273,27297,14,-1,0,15,7
2020-07-30,US,Georgia,Pickens,266,5,0,34.46589159,-84.46406611,13227.0,816.1762449756067,1.8796992481203008,261,252,5,0,247,243,31980,14,0,0,14,9
2020-07-30,US,Georgia,Pierce,370,6,0,31.35928155,-82.21598442,13229.0,1900.8476753146674,1.6216216216216215,364,364,5,0,359,367,19389,6,1,0,5,-3
2020-07-30,US,Georgia,Pike,180,3,0,33.09310242,-84.38790389,13231.0,949.2669549625567,1.6666666666666667,177,178,3,0,175,177,18634,2,0,0,2,1
2020-07-30,US,Georgia,Polk,614,6,0,34.00267074,-85.18677781,13233.0,1440.8748503977658,0.977198697068404,608,584,6,0,578,547,42470,30,0,0,30,37
2020-07-30,US,Georgia,Pulaski,78,2,0,32.23334561,-83.47549959999998,13235.0,700.3681422286072,2.5641025641025643,76,78,3,0,75,77,11069,0,-1,0,1,1
2020-07-30,US,Georgia,Putnam,355,17,0,33.32056115,-83.37552891,13237.0,1604.9550160495498,4.788732394366197,338,343,17,0,326,330,21809,12,0,0,12,13
2020-07-30,US,Georgia,Quitman,29,1,0,31.86728114,-85.01773177,13239.0,1261.418007829491,3.4482758620689653,28,27,1,0,26,25,2279,2,0,0,2,2
2020-07-30,US,Georgia,Rabun,176,3,0,34.88389445,-83.40304637,13241.0,1027.017564334481,1.7045454545454546,173,172,3,0,169,164,16867,4,0,0,4,8
2020-07-30,US,Georgia,Randolph,246,26,0,31.76622818,-84.75732369,13243.0,3629.389200354087,10.56910569105691,220,241,26,0,215,237,6833,5,0,0,5,4
2020-07-30,US,Georgia,Richmond,3334,77,0,33.35777107,-82.07026432,13245.0,1646.2734176715155,2.309538092381524,3257,3200,77,0,3123,3073,201554,134,0,0,134,127
2020-07-30,US,Georgia,Rockdale,1090,15,0,33.65145002,-84.02202167,13247.0,1199.1726808660444,1.3761467889908257,1075,1057,14,0,1043,1027,90594,33,1,0,32,30
2020-07-30,US,Georgia,Schley,47,1,0,32.2654021,-84.31258912,13249.0,894.0460338596158,2.127659574468085,46,46,1,0,45,46,5236,1,0,0,1,0
2020-07-30,US,Georgia,Screven,165,9,0,32.74976524,-81.60779441,13251.0,1181.4406415580695,5.454545454545454,156,161,9,0,152,157,13938,4,0,0,4,4
2020-07-30,US,Georgia,Seminole,129,2,0,30.93464824,-84.86823924,13253.0,1594.5611866501856,1.5503875968992251,127,115,2,0,113,107,8315,14,0,0,14,8
2020-07-30,US,Georgia,Spalding,823,38,0,33.26310031,-84.28013991,13255.0,1233.8275639776325,4.6172539489671935,785,802,38,0,764,791,66100,21,0,0,21,11
2020-07-30,US,Georgia,Stephens,528,10,0,34.55151201,-83.29405315,13257.0,2036.6441658630665,1.893939393939394,518,506,10,0,496,495,26035,22,0,0,22,11
2020-07-30,US,Georgia,Stewart,245,5,0,32.07996777,-84.83208037,13259.0,3700.347379549917,2.0408163265306123,240,244,5,0,239,240,6199,1,0,0,1,4
2020-07-30,US,Georgia,Sumter,713,56,0,32.03650571,-84.19821492,13261.0,2414.9844194553584,7.8541374474053285,657,708,56,0,652,703,29733,5,0,0,5,5
2020-07-30,US,Georgia,Talbot,123,3,0,32.69642758,-84.53351366,13263.0,1985.4721549636804,2.4390243902439024,120,123,3,0,120,123,6272,0,0,0,0,0
2020-07-30,US,Georgia,Taliaferro,9,0,0,33.56543317,-82.88136816,13265.0,585.5562784645413,0.0,9,7,0,0,7,7,1608,2,0,0,2,0
2020-07-30,US,Georgia,Tattnall,378,1,0,32.04785085,-82.05539188,13267.0,1494.8983627303644,0.2645502645502645,377,365,1,0,364,358,25391,13,0,0,13,7
2020-07-30,US,Georgia,Taylor,68,2,0,32.55792548,-84.25077141,13269.0,847.8802992518703,2.9411764705882355,66,65,2,0,63,62,8039,3,0,0,3,3
2020-07-30,US,Georgia,Telfair,236,6,0,31.92829517,-82.93491155,13271.0,1488.0201765447666,2.5423728813559316,230,238,6,0,232,236,15876,-2,0,0,-2,2
2020-07-30,US,Georgia,Terrell,288,29,0,31.77527543,-84.44069698,13273.0,3375.9231039737433,10.069444444444443,259,285,29,0,256,280,8611,3,0,0,3,5
2020-07-30,US,Georgia,Thomas,912,39,0,30.86392347,-83.91847289,13275.0,2051.697374637241,4.276315789473684,873,902,39,0,863,879,44448,10,0,0,10,23
2020-07-30,US,Georgia,Tift,1208,34,0,31.45743864,-83.5236119,13277.0,2972.1484105895092,2.8145695364238406,1174,1189,34,0,1155,1180,40571,19,0,0,19,9
2020-07-30,US,Georgia,Toombs,571,6,0,32.12059861,-82.32957247,13279.0,2128.214685054044,1.0507880910683012,565,558,7,0,551,548,26887,13,-1,0,14,10
2020-07-30,US,Georgia,Towns,107,1,0,34.91369188,-83.74107459999998,13281.0,888.9258120794217,0.9345794392523364,106,107,1,0,106,105,11852,0,0,0,0,2
2020-07-30,US,Georgia,Treutlen,82,3,0,32.40422134,-82.56904553,13283.0,1188.233589334879,3.6585365853658534,79,78,3,0,75,77,6809,4,0,0,4,1
2020-07-30,US,Georgia,Troup,2140,54,0,33.03349196,-85.02812115,13285.0,3060.5531878378765,2.5233644859813085,2086,2130,53,0,2077,2109,70034,10,1,0,9,21
2020-07-30,US,Georgia,Turner,216,18,0,31.71612656,-83.62069378,13287.0,2705.072010018785,8.333333333333334,198,214,18,0,196,212,7912,2,0,0,2,2
2020-07-30,US,Georgia,Twiggs,87,3,0,32.67435595,-83.43078662,13289.0,1071.4285714285713,3.4482758620689653,84,76,3,0,73,74,8188,11,0,0,11,2
2020-07-30,US,Georgia,Unassigned,2279,7,0,0.0,0.0,90013.0,0.0,0.30715225976305394,2272,2429,6,0,2423,2334,,-150,1,0,-151,95
2020-07-30,US,Georgia,Union,197,6,0,34.82995757,-83.98967069,13291.0,803.7207784260128,3.045685279187817,191,184,6,0,178,180,24001,13,0,0,13,4
2020-07-30,US,Georgia,Upson,460,45,0,32.87920671,-84.30024826,13293.0,1747.7203647416413,9.782608695652174,415,457,45,0,412,452,26215,3,0,0,3,5
2020-07-30,US,Georgia,Walker,521,14,0,34.73376362,-85.30165174,13295.0,746.8356244893279,2.687140115163148,507,504,14,0,490,490,69410,17,0,0,17,14
2020-07-30,US,Georgia,Walton,880,32,0,33.78017694,-83.73552314,13297.0,930.3013965092557,3.636363636363636,848,840,32,0,808,802,93503,40,0,0,40,38
2020-07-30,US,Georgia,Ware,1046,23,0,31.05449097,-82.42224148,13299.0,2927.184194324733,2.198852772466539,1023,1038,24,0,1014,1044,35680,8,-1,0,9,-6
2020-07-30,US,Georgia,Warren,50,0,0,33.41146451,-82.67795848,13301.0,951.6558812333459,0.0,50,46,0,0,46,46,5251,4,0,0,4,0
2020-07-30,US,Georgia,Washington,387,1,0,32.96711864,-82.79357039,13303.0,1899.4797290664567,0.25839793281653745,386,376,1,0,375,365,20386,11,0,0,11,11
2020-07-30,US,Georgia,Wayne,552,4,0,31.5521809,-81.91894878,13305.0,1844.488254753233,0.7246376811594203,548,541,4,0,537,535,29808,11,0,0,11,6
2020-07-30,US,Georgia,Webster,36,2,0,32.04066113,-84.54742852,13307.0,1380.8975834292291,5.5555555555555545,34,36,2,0,34,36,2611,0,0,0,0,0
2020-07-30,US,Georgia,Wheeler,84,1,0,32.12009104,-82.72574721,13309.0,1069.3825588796944,1.1904761904761905,83,82,1,0,81,82,7879,2,0,0,2,0
2020-07-30,US,Georgia,White,285,5,0,34.64624278,-83.74905525,13311.0,925.3847652444963,1.7543859649122806,280,278,5,0,273,268,29970,7,0,0,7,10
2020-07-30,US,Georgia,Whitfield,2961,24,0,34.80987459,-84.96093476,13313.0,2830.026379171923,0.8105369807497467,2937,2881,24,0,2857,2812,104062,80,0,0,80,69
2020-07-30,US,Georgia,Wilcox,155,18,0,31.97496928,-83.43438555,13315.0,1795.0202663578461,11.612903225806454,137,154,18,0,136,153,8812,1,0,0,1,1
2020-07-30,US,Georgia,Wilkes,169,3,0,33.78290391,-82.74286107,13317.0,1728.5465889332104,1.7751479289940828,166,168,3,0,165,167,9876,1,0,0,1,1
2020-07-30,US,Georgia,Wilkinson,167,10,0,32.80291082,-83.17140684,13319.0,1865.088228724593,5.9880239520958085,157,162,10,0,152,159,9036,5,0,0,5,3
2020-07-30,US,Georgia,Worth,415,23,0,31.55162306,-83.85090513,13321.0,2049.68637328987,5.542168674698795,392,408,23,0,385,400,20299,7,0,0,7,8
2020-07-30,US,Hawaii,Hawaii,115,0,0,19.60121157,-155.5210167,15001.0,57.06827847334911,0.0,115,116,0,0,116,116,200983,-1,0,0,-1,0
2020-07-30,US,Hawaii,Honolulu,1637,19,0,21.45803166,-157.97121819999995,15003.0,167.97272213289443,1.1606597434331094,1618,1516,19,0,1497,1419,980080,121,0,0,121,97
2020-07-30,US,Hawaii,Kauai,47,0,0,22.03935037,-159.5966786,15007.0,65.01321013099471,0.0,47,47,0,0,47,45,72133,0,0,0,0,2
2020-07-30,US,Hawaii,Maui,167,6,0,20.86399628,-156.56890969999995,15009.0,99.75092135207295,3.5928143712574854,161,163,6,0,157,154,167207,4,0,0,4,9
2020-07-30,US,Hawaii,Out of HI,23,1,0,0.0,0.0,80015.0,0.0,4.3478260869565215,22,23,1,0,22,23,,0,0,0,0,0
2020-07-30,US,Idaho,Ada,7681,55,0,43.4526575,-116.24155159999998,16001.0,1594.935079227637,0.7160525973180576,7626,7515,53,0,7462,7378,469966,166,2,0,164,137
2020-07-30,US,Idaho,Adams,18,0,0,44.89333571,-116.4545247,16003.0,419.18956683744767,0.0,18,18,0,0,18,17,4250,0,0,0,0,1
2020-07-30,US,Idaho,Bannock,299,2,0,42.67002716,-112.2233311,16005.0,340.5156705539359,0.6688963210702341,297,290,2,0,288,279,87138,9,0,0,9,11
2020-07-30,US,Idaho,Bear Lake,6,0,0,42.28269683,-111.32892379999998,16007.0,97.95918367346935,0.0,6,6,0,0,6,6,6050,0,0,0,0,0
2020-07-30,US,Idaho,Benewah,49,0,0,47.21754179,-116.6586851,16009.0,526.9950526995053,0.0,49,49,0,0,49,48,9226,0,0,0,0,1
2020-07-30,US,Idaho,Bingham,173,2,0,43.21672879999999,-112.3978437,16011.0,369.5712546196407,1.1560693641618498,171,164,2,0,162,159,46236,9,0,0,9,5
2020-07-30,US,Idaho,Blaine,567,6,0,43.4085812,-113.9752658,16013.0,2462.968593892533,1.058201058201058,561,567,6,0,561,566,22601,0,0,0,0,1
2020-07-30,US,Idaho,Boise,35,1,0,43.98829931,-115.7309284,16015.0,446.94164219129095,2.8571428571428568,34,34,1,0,33,33,7634,1,0,0,1,1
2020-07-30,US,Idaho,Bonner,143,0,0,48.29996017,-116.6017932,16017.0,312.6434771201819,0.0,143,141,0,0,141,140,44727,2,0,0,2,1
2020-07-30,US,Idaho,Bonneville,636,1,0,43.38713372,-111.6161537,16019.0,534.1754716030304,0.15723270440251572,635,603,1,0,602,588,116854,33,0,0,33,15
2020-07-30,US,Idaho,Boundary,33,0,0,48.76684761,-116.4630179,16021.0,269.49775418538184,0.0,33,32,0,0,32,29,11948,1,0,0,1,3
2020-07-30,US,Idaho,Camas,1,0,0,43.46665742,-114.8065892,16025.0,90.41591320072331,0.0,1,1,0,0,1,1,1127,0,0,0,0,0
2020-07-30,US,Idaho,Canyon,4595,34,0,43.61970148,-116.7095499,16027.0,1999.138564883902,0.7399347116430903,4561,4449,34,0,4415,4333,223499,146,0,0,146,116
2020-07-30,US,Idaho,Caribou,22,0,0,42.77149116,-111.5597683,16029.0,307.4772886093641,0.0,22,22,0,0,22,21,7060,0,0,0,0,1
2020-07-30,US,Idaho,Cassia,448,1,0,42.28347888,-113.6012409,16031.0,1864.3362463587189,0.22321428571428573,447,435,1,0,434,430,23864,13,0,0,13,5
2020-07-30,US,Idaho,Clark,1,0,0,44.28496071,-112.3505704,16033.0,118.3431952662722,0.0,1,1,0,0,1,1,852,0,0,0,0,0
2020-07-30,US,Idaho,Clearwater,15,0,0,46.67459924,-115.6622393,16035.0,171.31110095934216,0.0,15,15,0,0,15,15,8758,0,0,0,0,0
2020-07-30,US,Idaho,Custer,7,0,0,44.24186819,-114.2855494,16037.0,162.22479721900348,0.0,7,7,0,0,7,7,4280,0,0,0,0,0
2020-07-30,US,Idaho,Elmore,186,2,0,43.3507101,-115.4701578,16039.0,676.0931990840028,1.075268817204301,184,184,2,0,182,155,27259,2,0,0,2,29
2020-07-30,US,Idaho,Franklin,47,0,0,42.18332217,-111.8149666,16041.0,338.7143268953589,0.0,47,45,0,0,45,45,13726,2,0,0,2,0
2020-07-30,US,Idaho,Fremont,44,0,0,44.22800938,-111.4809943,16043.0,335.9035040842812,0.0,44,42,0,0,42,40,13168,2,0,0,2,2
2020-07-30,US,Idaho,Gem,144,0,0,44.06482372,-116.398376,16045.0,795.0530035335689,0.0,144,140,0,0,140,134,17634,4,0,0,4,6
2020-07-30,US,Idaho,Gooding,128,1,0,42.96927962,-114.8108306,16047.0,843.2703076619013,0.78125,127,126,1,0,125,124,15196,2,0,0,2,2
2020-07-30,US,Idaho,Idaho,27,0,0,45.84721541,-115.4634436,16049.0,161.99676006479868,0.0,27,27,0,0,27,25,16513,0,0,0,0,2
2020-07-30,US,Idaho,Jefferson,122,1,0,43.82078483,-112.3131749,16051.0,408.4228850724783,0.819672131147541,121,109,1,0,108,107,29439,13,0,0,13,2
2020-07-30,US,Idaho,Jerome,409,6,0,42.68891267,-114.2655033,16053.0,1675.4055382598722,1.4669926650366751,403,398,6,0,392,392,24015,11,0,0,11,6
2020-07-30,US,Idaho,Kootenai,1499,8,0,47.67282258,-116.7020872,16055.0,904.6633312612781,0.533689126084056,1491,1426,7,0,1419,1377,161505,73,1,0,72,49
2020-07-30,US,Idaho,Latah,74,0,0,46.81587887,-116.7113698,16057.0,184.50184501845013,0.0,74,73,0,0,73,71,40134,1,0,0,1,2
2020-07-30,US,Idaho,Lemhi,11,0,0,44.9438088,-113.9309747,16059.0,137.0374984427557,0.0,11,11,0,0,11,8,7961,0,0,0,0,3
2020-07-30,US,Idaho,Lewis,1,0,0,46.23315327,-116.434146,16061.0,26.055237102657642,0.0,1,1,0,0,1,1,3861,0,0,0,0,0
2020-07-30,US,Idaho,Lincoln,50,0,0,43.0012336,-114.1358773,16063.0,931.7927692881103,0.0,50,50,0,0,50,49,5360,0,0,0,0,1
2020-07-30,US,Idaho,Madison,131,0,0,43.78141028,-111.65384740000002,16065.0,328.2632119678252,0.0,131,128,0,0,128,125,39304,3,0,0,3,3
2020-07-30,US,Idaho,Minidoka,416,2,0,42.85518524,-113.6357257,16067.0,1977.280288987119,0.4807692307692308,414,409,2,0,407,401,20825,7,0,0,7,8
2020-07-30,US,Idaho,Nez Perce,129,19,0,46.32638236,-116.7500975,16069.0,319.24371411601663,14.728682170542635,110,124,19,0,105,123,40408,5,0,0,5,1
2020-07-30,US,Idaho,Oneida,8,0,0,42.19494279999999,-112.5407838,16071.0,176.5614654601633,0.0,8,8,0,0,8,8,4488,0,0,0,0,0
2020-07-30,US,Idaho,Owyhee,223,0,0,42.58016894,-116.1693871,16073.0,1886.1541064027745,0.0,223,206,0,0,206,197,11693,17,0,0,17,9
2020-07-30,US,Idaho,Payette,311,2,0,44.00545243,-116.7647695,16075.0,1298.484405661559,0.6430868167202572,309,302,2,0,300,290,23551,9,0,0,9,12
2020-07-30,US,Idaho,Power,40,0,0,42.69254894,-112.83957420000002,16077.0,520.7655253222237,0.0,40,35,0,0,35,32,7768,5,0,0,5,3
2020-07-30,US,Idaho,Shoshone,60,1,0,47.35364087,-115.8916749,16079.0,465.7661853749418,1.6666666666666667,59,59,1,0,58,58,12796,1,0,0,1,1
2020-07-30,US,Idaho,Teton,55,0,0,43.75303583,-111.2056773,16081.0,452.9731510459562,0.0,55,54,0,0,54,53,11640,1,0,0,1,1
2020-07-30,US,Idaho,Twin Falls,1171,30,0,42.35440512,-114.6685381,16083.0,1347.8671240129836,2.5619128949615715,1141,1146,29,0,1117,1138,86081,25,1,0,24,8
2020-07-30,US,Idaho,Valley,46,1,0,44.76728382,-115.5676773,16085.0,403.7921348314607,2.1739130434782608,45,45,1,0,44,45,11041,1,0,0,1,0
2020-07-30,US,Idaho,Washington,181,2,0,44.45275475,-116.7847688,16087.0,1775.5542475966254,1.1049723756906078,179,177,2,0,175,171,10161,4,0,0,4,6
2020-07-30,US,Illinois,Adams,363,1,0,39.98815591,-91.18786813,17001.0,554.7489875448919,0.27548209366391185,362,351,1,0,350,355,65691,12,0,0,12,-4
2020-07-30,US,Illinois,Alexander,35,0,0,37.18049267,-89.32910838,17003.0,607.5334143377886,0.0,35,35,0,0,35,35,6060,0,0,0,0,0
2020-07-30,US,Illinois,Bond,45,2,0,38.88829622,-89.43534887,17005.0,273.95592353585783,4.4444444444444455,43,42,2,0,40,41,16630,3,0,0,3,1
2020-07-30,US,Illinois,Boone,712,23,0,42.32359279,-88.82345779,17007.0,1329.747497385328,3.230337078651685,689,710,23,0,687,708,53577,2,0,0,2,2
2020-07-30,US,Illinois,Brown,13,0,0,39.96209138,-90.75068024,17009.0,197.6284584980237,0.0,13,13,0,0,13,12,6556,0,0,0,0,1
2020-07-30,US,Illinois,Bureau,108,2,0,41.40385234,-89.5283051,17011.0,331.0040456050018,1.851851851851852,106,91,2,0,89,84,32993,17,0,0,17,7
2020-07-30,US,Illinois,Calhoun,6,0,0,39.16840183,-90.66330078,17013.0,126.60898923823594,0.0,6,6,0,0,6,6,4802,0,0,0,0,0
2020-07-30,US,Illinois,Carroll,43,3,0,42.06823429,-89.93395545,17015.0,300.59419783292554,6.9767441860465125,40,39,3,0,36,36,14312,4,0,0,4,3
2020-07-30,US,Illinois,Cass,189,11,0,39.96991073,-90.24734436,17017.0,1555.9397382069644,5.8201058201058204,178,183,11,0,172,174,12260,6,0,0,6,9
2020-07-30,US,Illinois,Champaign,1453,19,0,40.13919438,-88.20046615,17019.0,692.930959659305,1.3076393668272541,1434,1442,18,0,1424,1425,209983,11,1,0,10,17
2020-07-30,US,Illinois,Christian,97,4,0,39.54581621,-89.27780482,17021.0,300.2724120851907,4.123711340206185,93,89,4,0,85,80,32661,8,0,0,8,9
2020-07-30,US,Illinois,Clark,65,0,0,39.33425789,-87.78705622,17023.0,420.95719189171683,0.0,65,63,0,0,63,63,15596,2,0,0,2,0
2020-07-30,US,Illinois,Clay,12,0,0,38.75388572,-88.48914513,17025.0,91.01941747572815,0.0,12,10,0,0,10,10,13253,2,0,0,2,0
2020-07-30,US,Illinois,Clinton,321,17,0,38.60704876,-89.42385254,17027.0,854.5870826899527,5.29595015576324,304,319,17,0,302,311,37639,2,0,0,2,8
2020-07-30,US,Illinois,Coles,366,19,0,39.51949084,-88.22358557,17029.0,723.0200904762845,5.191256830601093,347,361,20,0,341,327,50885,5,-1,0,6,34
2020-07-30,US,Illinois,Cook,104687,4872,0,41.84144849,-87.81658794,17031.0,2032.6653182487084,4.653872973721666,99815,104001,4864,0,99137,103441,5180493,686,8,0,678,560
2020-07-30,US,Illinois,Crawford,29,0,0,39.0032229,-87.75954624,17033.0,155.354368671988,0.0,29,30,0,0,30,30,18807,-1,0,0,-1,0
2020-07-30,US,Illinois,Cumberland,43,2,0,39.27432424,-88.2401158,17035.0,399.40553594649816,4.651162790697675,41,39,2,0,37,39,10808,4,0,0,4,0
2020-07-30,US,Illinois,De Witt,26,0,0,40.17514519,-88.90959682,17039.0,166.26167029031842,0.0,26,26,0,0,26,26,15769,0,0,0,0,0
2020-07-30,US,Illinois,DeKalb,801,28,0,41.89373302,-88.76958483,17037.0,763.6062041812445,3.495630461922597,773,794,26,0,768,788,104143,7,2,0,5,6
2020-07-30,US,Illinois,Douglas,103,2,0,39.76768052,-88.21854195,17041.0,529.1548933984074,1.9417475728155342,101,103,2,0,101,101,19479,0,0,0,0,2
2020-07-30,US,Illinois,DuPage,11177,509,0,41.85116968,-88.08642662,17043.0,1211.0462325594501,4.553994810772122,10668,11084,508,0,10576,11005,928589,93,1,0,92,79
2020-07-30,US,Illinois,Edgar,25,0,0,39.6809186,-87.74759563,17045.0,145.67915622632714,0.0,25,26,0,0,26,25,17360,-1,0,0,-1,1
2020-07-30,US,Illinois,Edwards,12,0,0,38.41353228,-88.05720863,17047.0,187.64659890539485,0.0,12,10,0,0,10,7,6392,2,0,0,2,3
2020-07-30,US,Illinois,Effingham,81,1,0,39.05935711,-88.58969584,17049.0,238.17925194071984,1.2345679012345678,80,73,1,0,72,67,34208,8,0,0,8,6
2020-07-30,US,Illinois,Fayette,52,3,0,39.00072038,-89.02452658,17051.0,243.71953505811769,5.769230769230768,49,51,3,0,48,44,21416,1,0,0,1,7
2020-07-30,US,Illinois,Ford,38,1,0,40.59706922,-88.22350769,17053.0,293.187254069902,2.631578947368421,37,38,1,0,37,38,13264,0,0,0,0,0
2020-07-30,US,Illinois,Franklin,110,0,0,37.99189086,-88.92567818,17055.0,285.9445267618082,0.0,110,107,0,0,107,105,38701,3,0,0,3,2
2020-07-30,US,Illinois,Fulton,25,0,0,40.47289135,-90.20862357,17057.0,72.80139778683751,0.0,25,24,0,0,24,24,34844,1,0,0,1,0
2020-07-30,US,Illinois,Gallatin,42,0,0,37.76430935,-88.22953869,17059.0,869.9254349627174,0.0,42,41,0,0,41,39,5058,1,0,0,1,2
2020-07-30,US,Illinois,Greene,17,0,0,39.35907414,-90.388865,17061.0,131.08181047112342,0.0,17,17,0,0,17,17,13044,0,0,0,0,0
2020-07-30,US,Illinois,Grundy,260,5,0,41.28569601,-88.41905692,17063.0,509.26470012144006,1.9230769230769231,255,259,5,0,254,254,50972,1,0,0,1,5
2020-07-30,US,Illinois,Hamilton,17,0,0,38.08163641,-88.53883373,17065.0,209.4627895515032,0.0,17,14,0,0,14,13,8163,3,0,0,3,1
2020-07-30,US,Illinois,Hancock,28,1,0,40.40423981,-91.16313899,17067.0,158.1206234470296,3.571428571428572,27,27,1,0,26,27,17844,1,0,0,1,0
2020-07-30,US,Illinois,Hardin,16,0,0,37.51810645,-88.26873022,17069.0,418.73855011777016,0.0,16,16,0,0,16,16,3910,0,0,0,0,0
2020-07-30,US,Illinois,Henderson,9,0,0,40.81908672,-90.92491462,17071.0,135.4198013842913,0.0,9,9,0,0,9,9,6709,0,0,0,0,0
2020-07-30,US,Illinois,Henry,186,1,0,41.3533994,-90.13296166,17073.0,380.26700468178194,0.5376344086021505,185,179,1,0,178,178,49090,7,0,0,7,1
2020-07-30,US,Illinois,Iroquois,240,7,0,40.74717633,-87.82466784,17075.0,885.1515822084532,2.9166666666666665,233,240,7,0,233,235,27604,0,0,0,0,5
2020-07-30,US,Illinois,Jackson,591,19,0,37.78595185,-89.38232563,17077.0,1041.4096916299561,3.2148900169204735,572,572,19,0,553,556,57419,19,0,0,19,16
2020-07-30,US,Illinois,Jasper,50,7,0,39.01054275,-88.15437049,17079.0,520.2913631633713,14.0,43,50,7,0,43,50,9611,0,0,0,0,0
2020-07-30,US,Illinois,Jefferson,171,17,0,38.29980057,-88.9240025,17081.0,453.77348476807134,9.941520467836256,154,169,17,0,152,163,37820,2,0,0,2,6
2020-07-30,US,Illinois,Jersey,61,1,0,39.08869046,-90.35393073,17083.0,280.1635052588068,1.639344262295082,60,59,1,0,58,59,21847,2,0,0,2,0
2020-07-30,US,Illinois,Jo Daviess,108,1,0,42.36542373,-90.21094405,17085.0,508.59430186013657,0.925925925925926,107,106,1,0,105,103,21366,2,0,0,2,3
2020-07-30,US,Illinois,Johnson,51,0,0,37.45939802,-88.88165419,17087.0,410.72722879922685,0.0,51,51,0,0,51,49,12456,0,0,0,0,2
2020-07-30,US,Illinois,Kane,8964,295,0,41.93842729,-88.42861412,17089.0,1683.6869814783167,3.2909415439535916,8669,8884,296,0,8588,8820,534216,80,-1,0,81,64
2020-07-30,US,Illinois,Kankakee,1643,68,0,41.13746989,-87.86205334,17091.0,1495.51255211083,4.138770541692026,1575,1634,67,0,1567,1624,110024,9,1,0,8,10
2020-07-30,US,Illinois,Kendall,1247,22,0,41.59081014,-88.42869583,17093.0,966.7416078765796,1.7642341619887731,1225,1232,22,0,1210,1225,127915,15,0,0,15,7
2020-07-30,US,Illinois,Knox,235,1,0,40.93148779,-90.21330340000002,17095.0,472.8465361476086,0.425531914893617,234,227,1,0,226,223,50112,8,0,0,8,4
2020-07-30,US,Illinois,LaSalle,463,18,0,41.34426129999999,-88.88633881,17099.0,426.06447100829115,3.887688984881209,445,442,18,0,424,428,109430,21,0,0,21,14
2020-07-30,US,Illinois,Lake,11752,440,0,42.3224907,-88.00367925,17097.0,1687.2088265485581,3.7440435670524166,11312,11649,439,0,11210,11608,700832,103,1,0,102,41
2020-07-30,US,Illinois,Lawrence,41,0,0,38.71987914,-87.72884035,17101.0,261.51294808011227,0.0,41,39,0,0,39,38,15765,2,0,0,2,1
2020-07-30,US,Illinois,Lee,136,2,0,41.74583951,-89.29977132,17103.0,398.8737681839512,1.4705882352941178,134,131,2,0,129,129,34223,5,0,0,5,2
2020-07-30,US,Illinois,Livingston,83,2,0,40.89188292,-88.55784752,17105.0,232.8321364452424,2.409638554216868,81,79,2,0,77,76,35761,4,0,0,4,3
2020-07-30,US,Illinois,Logan,74,0,0,40.12581572,-89.36638784,17107.0,258.57851701726185,0.0,74,70,0,0,70,67,28925,4,0,0,4,3
2020-07-30,US,Illinois,Macon,424,23,0,39.86064913,-88.96342505,17115.0,407.6570296801239,5.4245283018867925,401,406,22,0,384,386,104712,18,1,0,17,20
2020-07-30,US,Illinois,Macoupin,123,3,0,39.26119767,-89.92424028,17117.0,273.78355517962865,2.4390243902439024,120,122,3,0,119,117,45313,1,0,0,1,5
2020-07-30,US,Illinois,Madison,2047,72,0,38.83042506,-89.90422563,17119.0,778.4276294273784,3.5173424523693217,1975,1975,71,0,1904,1942,264461,72,1,0,71,33
2020-07-30,US,Illinois,Marion,125,0,0,38.64963204,-88.91899208,17121.0,335.9763472651525,0.0,125,122,0,0,122,116,37620,3,0,0,3,6
2020-07-30,US,Illinois,Marshall,18,0,0,41.0327901,-89.34510444,17123.0,157.37016961007168,0.0,18,17,0,0,17,17,11534,1,0,0,1,0
2020-07-30,US,Illinois,Mason,42,0,0,40.23917274,-89.91824452,17125.0,314.3947900291938,0.0,42,41,0,0,41,40,13565,1,0,0,1,1
2020-07-30,US,Illinois,Massac,33,0,0,37.22078441,-88.71036614,17127.0,239.6166134185304,0.0,33,32,0,0,32,31,14080,1,0,0,1,1
2020-07-30,US,Illinois,McDonough,123,15,0,40.45674722,-90.67775541,17109.0,414.3925611481706,12.19512195121951,108,121,15,0,106,121,29955,2,0,0,2,0
2020-07-30,US,Illinois,McHenry,2824,112,0,42.32451172,-88.45248227,17111.0,917.5563887787793,3.966005665722379,2712,2783,111,0,2672,2743,308570,41,1,0,40,40
2020-07-30,US,Illinois,McLean,520,15,0,40.48996987,-88.84621113,17113.0,303.17694455943143,2.8846153846153846,505,504,15,0,489,487,172828,16,0,0,16,17
2020-07-30,US,Illinois,Menard,43,0,0,40.02742725,-89.80246001,17129.0,352.5746146277468,0.0,43,40,0,0,40,40,12288,3,0,0,3,0
2020-07-30,US,Illinois,Mercer,54,0,0,41.20596782,-90.74290052,17131.0,349.8089006931398,0.0,54,52,0,0,52,49,15601,2,0,0,2,3
2020-07-30,US,Illinois,Monroe,248,13,0,38.27594376,-90.17761038,17133.0,715.9973438808211,5.241935483870968,235,239,13,0,226,230,34335,9,0,0,9,9
2020-07-30,US,Illinois,Montgomery,133,6,0,39.23198845,-89.47809254,17135.0,468.07911592876746,4.511278195488722,127,132,6,0,126,128,28601,1,0,0,1,4
2020-07-30,US,Illinois,Morgan,176,5,0,39.71654544,-90.20255104,17137.0,522.9068869213856,2.8409090909090913,171,167,5,0,162,161,33976,9,0,0,9,6
2020-07-30,US,Illinois,Moultrie,52,0,0,39.64187451,-88.62099969,17139.0,358.59595889938623,0.0,52,51,0,0,51,50,14717,1,0,0,1,1
2020-07-30,US,Illinois,Ogle,365,5,0,42.04165196,-89.32184679,17141.0,720.7313942696918,1.3698630136986298,360,363,5,0,358,361,50923,2,0,0,2,2
2020-07-30,US,Illinois,Out of IL,3,0,0,0.0,0.0,80017.0,0.0,0.0,3,2,0,0,2,,,1,0,0,1,
2020-07-30,US,Illinois,Peoria,1189,34,0,40.78702156,-89.76078901,17143.0,663.5822278280377,2.8595458368376785,1155,1106,34,0,1072,1066,180621,83,0,0,83,40
2020-07-30,US,Illinois,Perry,99,1,0,38.08510853,-89.36856219,17145.0,473.3218588640277,1.0101010101010102,98,94,1,0,93,92,21174,5,0,0,5,2
2020-07-30,US,Illinois,Piatt,34,0,0,40.01360584,-88.59319339,17147.0,208.02741067058247,0.0,34,34,0,0,34,34,16396,0,0,0,0,0
2020-07-30,US,Illinois,Pike,12,0,0,39.62265059,-90.8877017,17149.0,77.1158665895508,0.0,12,11,0,0,11,11,15611,1,0,0,1,0
2020-07-30,US,Illinois,Pope,7,0,0,37.41391284,-88.56152109,17151.0,167.58439071103663,0.0,7,7,0,0,7,7,4212,0,0,0,0,0
2020-07-30,US,Illinois,Pulaski,90,0,0,37.22631423,-89.13085001,17153.0,1686.9728209934397,0.0,90,90,0,0,90,90,5463,0,0,0,0,0
2020-07-30,US,Illinois,Putnam,7,0,0,41.2013541,-89.2869272,17155.0,121.97246907126677,0.0,7,7,0,0,7,7,5740,0,0,0,0,0
2020-07-30,US,Illinois,Randolph,416,7,0,38.05095369,-89.82512254,17157.0,1308.916997042351,1.6826923076923077,409,415,7,0,408,411,32106,1,0,0,1,4
2020-07-30,US,Illinois,Richland,12,0,0,38.71240969,-88.08475366,17159.0,77.35447689035003,0.0,12,12,0,0,12,11,15763,0,0,0,0,1
2020-07-30,US,Illinois,Rock Island,1524,30,0,41.46613806,-90.57042164,17161.0,1074.1547374875774,1.9685039370078738,1494,1478,30,0,1448,1467,143477,46,0,0,46,11
2020-07-30,US,Illinois,Saline,94,1,0,37.75332999,-88.54119706,17165.0,400.15325018092034,1.0638297872340423,93,86,1,0,85,83,23906,8,0,0,8,3
2020-07-30,US,Illinois,Sangamon,906,33,0,39.75836914,-89.65872023,17167.0,465.3982082682666,3.6423841059602653,873,875,33,0,842,850,195348,31,0,0,31,25
2020-07-30,US,Illinois,Schuyler,15,0,0,40.157179799999994,-90.61114163,17169.0,221.6312056737589,0.0,15,15,0,0,15,14,6907,0,0,0,0,1
2020-07-30,US,Illinois,Scott,7,0,0,39.642916899999996,-90.47814431,17171.0,141.38557867097558,0.0,7,6,0,0,6,6,4926,1,0,0,1,0
2020-07-30,US,Illinois,Shelby,52,1,0,39.39133527,-88.80611122,17173.0,240.36239253027642,1.9230769230769231,51,46,1,0,45,41,21741,6,0,0,6,5
2020-07-30,US,Illinois,St. Clair,3419,154,0,38.46996033,-89.93063427,17163.0,1316.5900356584489,4.504241006142147,3265,3340,154,0,3186,3264,261059,79,0,0,79,76
2020-07-30,US,Illinois,Stark,8,0,0,41.09309773,-89.79745866,17175.0,149.7566454511419,0.0,8,7,0,0,7,6,5427,1,0,0,1,1
2020-07-30,US,Illinois,Stephenson,312,6,0,42.35129217,-89.662598,17177.0,701.155108094746,1.9230769230769231,306,311,6,0,305,311,44753,1,0,0,1,0
2020-07-30,US,Illinois,Tazewell,321,8,0,40.50716185,-89.51404662,17179.0,243.54529107835185,2.4922118380062304,313,304,8,0,296,290,132328,17,0,0,17,14
2020-07-30,US,Illinois,Unassigned,1291,192,0,0.0,0.0,90017.0,0.0,14.872192099147947,1099,1297,192,0,1105,1297,,-6,0,0,-6,0
2020-07-30,US,Illinois,Union,276,21,0,37.47119609,-89.25548938,17181.0,1657.3590344082147,7.608695652173912,255,275,21,0,254,273,16841,1,0,0,1,2
2020-07-30,US,Illinois,Vermilion,188,2,0,40.18417171,-87.73384359,17183.0,248.15861031178227,1.0638297872340423,186,188,2,0,186,181,76806,0,0,0,0,7
2020-07-30,US,Illinois,Wabash,26,0,0,38.44272901,-87.84922065,17185.0,225.69444444444446,0.0,26,26,0,0,26,26,11549,0,0,0,0,0
2020-07-30,US,Illinois,Warren,175,0,0,40.84925021,-90.6147432,17187.0,1038.9456186179054,0.0,175,175,0,0,175,172,17032,0,0,0,0,3
2020-07-30,US,Illinois,Washington,53,0,0,38.35309213,-89.40982703,17189.0,381.6519046590337,0.0,53,52,0,0,52,50,13995,1,0,0,1,2
2020-07-30,US,Illinois,Wayne,35,1,0,38.42955355,-88.42586459,17191.0,215.84952204748691,2.8571428571428568,34,34,1,0,33,32,16332,1,0,0,1,2
2020-07-30,US,Illinois,White,55,0,0,38.08706198,-88.17657461,17193.0,406.2938612691143,0.0,55,50,0,0,50,49,13665,5,0,0,5,1
2020-07-30,US,Illinois,Whiteside,302,16,0,41.75509713,-89.91556058,17195.0,547.3493429995469,5.298013245033113,286,297,16,0,281,289,55626,5,0,0,5,8
2020-07-30,US,Illinois,Will,8352,338,0,41.44619267,-87.97862712,17197.0,1209.132774418271,4.046934865900384,8014,8260,338,0,7922,8191,692310,92,0,0,92,69
2020-07-30,US,Illinois,Williamson,289,5,0,37.73033511,-88.92994027,17199.0,433.95348138805053,1.7301038062283738,284,280,5,0,275,270,67056,9,0,0,9,10
2020-07-30,US,Illinois,Winnebago,3610,122,0,42.33641854,-89.16085327,17201.0,1277.5505004034371,3.3795013850415514,3488,3582,121,0,3461,3570,284081,28,1,0,27,12
2020-07-30,US,Illinois,Woodford,84,3,0,40.78579374,-89.20973757,17203.0,218.4144153514132,3.571428571428572,81,78,3,0,75,75,38463,6,0,0,6,3
2020-07-30,US,Indiana,Adams,73,1,0,40.7457653,-84.93671406,18001.0,204.041702769936,1.3698630136986298,72,73,1,0,72,73,35636,0,0,0,0,0
2020-07-30,US,Indiana,Allen,3480,155,0,41.09194313,-85.06800636,18003.0,917.4819865066873,4.454022988505748,3325,3441,155,0,3286,3416,375351,39,0,0,39,25
2020-07-30,US,Indiana,Bartholomew,715,47,0,39.20744865,-85.89558181,18005.0,853.4358252067941,6.573426573426572,668,702,47,0,655,697,82753,13,0,0,13,5
2020-07-30,US,Indiana,Benton,56,0,0,40.60626947,-87.31093999,18007.0,640.1463191586648,0.0,56,56,0,0,56,56,8653,0,0,0,0,0
2020-07-30,US,Indiana,Blackford,51,2,0,40.47388153,-85.32499702,18009.0,433.74723592447685,3.92156862745098,49,51,2,0,49,51,11930,0,0,0,0,0
2020-07-30,US,Indiana,Boone,609,45,0,40.0509304,-86.46841646,18011.0,897.6607756142862,7.389162561576356,564,598,45,0,553,592,66999,11,0,0,11,6
2020-07-30,US,Indiana,Brown,67,1,0,39.19605589,-86.22868909,18013.0,443.9438112907502,1.492537313432836,66,66,1,0,65,66,15234,1,0,0,1,0
2020-07-30,US,Indiana,Carroll,125,2,0,40.580783200000006,-86.56198812,18015.0,617.0706422471244,1.6,123,123,2,0,121,122,20127,2,0,0,2,1
2020-07-30,US,Indiana,Cass,1740,9,0,40.76135835,-86.34830753,18017.0,4616.731672371248,0.5172413793103449,1731,1732,9,0,1723,1728,37955,8,0,0,8,4
2020-07-30,US,Indiana,Clark,994,45,0,38.48015445,-85.70510334,18019.0,840.2224814457913,4.527162977867204,949,967,45,0,922,950,117360,27,0,0,27,17
2020-07-30,US,Indiana,Clay,92,5,0,39.39561833,-87.11723506,18021.0,350.81029551954236,5.434782608695652,87,89,5,0,84,88,26170,3,0,0,3,1
2020-07-30,US,Indiana,Clinton,332,3,0,40.30319754,-86.47277257,18023.0,1024.7229852773237,0.9036144578313252,329,328,3,0,325,326,32250,4,0,0,4,2
2020-07-30,US,Indiana,Crawford,40,0,0,38.28814402,-86.44518825,18025.0,378.1790677885979,0.0,40,40,0,0,40,40,10558,0,0,0,0,0
2020-07-30,US,Indiana,Daviess,224,19,0,38.70186039,-87.07185406,18027.0,671.6440286648077,8.482142857142858,205,221,19,0,202,212,33147,3,0,0,3,9
2020-07-30,US,Indiana,DeKalb,209,4,0,41.39804622,-84.99906934,18033.0,480.7360552041403,1.9138755980861244,205,207,4,0,203,205,43226,2,0,0,2,2
2020-07-30,US,Indiana,Dearborn,441,27,0,39.14647946,-84.97333539,18029.0,891.6656557078734,6.1224489795918355,414,423,27,0,396,421,49568,18,0,0,18,2
2020-07-30,US,Indiana,Decatur,304,32,0,39.30712658,-85.50087166,18031.0,1144.6214089385894,10.526315789473683,272,290,32,0,258,285,26794,14,0,0,14,5
2020-07-30,US,Indiana,Delaware,597,52,0,40.22787247,-85.39732772,18035.0,523.0647916940467,8.710217755443885,545,579,52,0,527,573,114772,18,0,0,18,6
2020-07-30,US,Indiana,Dubois,587,10,0,38.36597551,-86.87924170000002,18037.0,1373.549232497192,1.7035775127768311,577,581,10,0,571,570,42565,6,0,0,6,11
2020-07-30,US,Indiana,Elkhart,4467,75,0,41.59761169,-85.85875695,18039.0,2164.8630180138707,1.6789791806581598,4392,4423,72,0,4351,4399,205560,44,3,0,41,24
2020-07-30,US,Indiana,Fayette,143,7,0,39.63684962,-85.17797541,18041.0,618.9940264912128,4.895104895104895,136,138,7,0,131,136,23047,5,0,0,5,2
2020-07-30,US,Indiana,Floyd,636,44,0,38.32117957,-85.90385377,18043.0,809.9640864980513,6.918238993710692,592,618,44,0,574,609,77781,18,0,0,18,9
2020-07-30,US,Indiana,Fountain,60,2,0,40.12361933,-87.24217689,18045.0,367.0622782332069,3.333333333333333,58,58,2,0,56,57,16351,2,0,0,2,1
2020-07-30,US,Indiana,Franklin,187,8,0,39.4142482,-85.06062647,18047.0,821.6890763687494,4.2780748663101615,179,181,8,0,173,175,22736,6,0,0,6,6
2020-07-30,US,Indiana,Fulton,130,1,0,41.0469907,-86.26252745,18049.0,650.8460999299089,0.7692307692307693,129,125,1,0,124,122,20092,5,0,0,5,3
2020-07-30,US,Indiana,Gibson,193,3,0,38.30393723,-87.58054938,18051.0,573.3979024926467,1.5544041450777202,190,189,3,0,186,186,33452,4,0,0,4,3
2020-07-30,US,Indiana,Grant,488,29,0,40.51587228,-85.65468702,18053.0,741.990907570436,5.942622950819672,459,475,29,0,446,472,65936,13,0,0,13,3
2020-07-30,US,Indiana,Greene,231,34,0,39.03630547,-86.96223202,18055.0,723.6388697450035,14.718614718614717,197,229,34,0,195,225,32006,2,0,0,2,4
2020-07-30,US,Indiana,Hamilton,2366,104,0,40.07306535,-86.05244729,18057.0,699.9772196762829,4.395604395604397,2262,2316,103,0,2213,2288,330086,50,1,0,49,28
2020-07-30,US,Indiana,Hancock,591,37,0,39.82304555,-85.77566351,18059.0,756.0638624501074,6.260575296108291,554,587,37,0,550,579,76351,4,0,0,4,8
2020-07-30,US,Indiana,Harrison,268,22,0,38.19467379,-86.10948271,18061.0,661.4834012094286,8.208955223880597,246,266,22,0,244,263,40350,2,0,0,2,3
2020-07-30,US,Indiana,Hendricks,1683,105,0,39.76719009,-86.51037283,18063.0,988.1921895825873,6.238859180035652,1578,1673,105,0,1568,1666,167009,10,0,0,10,7
2020-07-30,US,Indiana,Henry,354,18,0,39.93029017,-85.39625719,18065.0,737.9304594346703,5.084745762711863,336,348,18,0,330,346,48271,6,0,0,6,2
2020-07-30,US,Indiana,Howard,777,63,0,40.48527731,-86.11351892,18067.0,941.3161465400273,8.108108108108109,714,763,63,0,700,758,82366,14,0,0,14,5
2020-07-30,US,Indiana,Huntington,119,3,0,40.82907273,-85.48822092,18069.0,325.8488499452355,2.5210084033613445,116,116,3,0,113,116,36240,3,0,0,3,0
2020-07-30,US,Indiana,Jackson,539,4,0,38.90915820000001,-86.03851889,18071.0,1218.6023377269335,0.7421150278293135,535,534,4,0,530,532,44111,5,0,0,5,2
2020-07-30,US,Indiana,Jasper,194,2,0,41.02078733,-87.11553319,18073.0,578.0346820809249,1.0309278350515465,192,189,2,0,187,189,33370,5,0,0,5,0
2020-07-30,US,Indiana,Jay,77,0,0,40.43781032,-85.00576229,18075.0,376.78606380896446,0.0,77,76,0,0,76,75,20764,1,0,0,1,1
2020-07-30,US,Indiana,Jefferson,145,2,0,38.78576239,-85.43633383,18077.0,448.80524947381446,1.3793103448275863,143,145,2,0,143,145,32208,0,0,0,0,0
2020-07-30,US,Indiana,Jennings,203,12,0,38.99588883,-85.62710784,18079.0,731.9271678384712,5.911330049261084,191,196,12,0,184,195,27611,7,0,0,7,1
2020-07-30,US,Indiana,Johnson,1600,118,0,39.48994426,-86.10149107,18081.0,1011.5890166722514,7.375,1482,1586,118,0,1468,1574,156225,14,0,0,14,12
2020-07-30,US,Indiana,Knox,120,0,0,38.68861576,-87.4194665,18083.0,327.9226102639777,0.0,120,118,0,0,118,113,36895,2,0,0,2,5
2020-07-30,US,Indiana,Kosciusko,788,11,0,41.24521668,-85.86312322,18085.0,991.7438582360048,1.3959390862944163,777,769,11,0,758,768,79344,19,0,0,19,1
2020-07-30,US,Indiana,LaGrange,535,10,0,41.64232188,-85.42674232,18087.0,1350.5326399757662,1.8691588785046729,525,531,10,0,521,528,39330,4,0,0,4,3
2020-07-30,US,Indiana,LaPorte,787,29,0,41.54366008,-86.74072188,18091.0,716.1837507280139,3.684879288437103,758,770,29,0,741,772,110007,17,0,0,17,-2
2020-07-30,US,Indiana,Lake,6878,266,0,41.41874274,-87.38277575,18089.0,1416.7042573219387,3.867403314917127,6612,6821,266,0,6555,6791,484411,57,0,0,57,30
2020-07-30,US,Indiana,Lawrence,311,27,0,38.84112637,-86.48361629,18093.0,685.4749834692528,8.681672025723472,284,307,27,0,280,300,45668,4,0,0,4,7
2020-07-30,US,Indiana,Madison,789,64,0,40.16143691,-85.71964711,18095.0,608.9419537080629,8.111533586818759,725,785,64,0,721,774,129641,4,0,0,4,11
2020-07-30,US,Indiana,Marion,14270,717,0,39.78163624,-86.13826325,18097.0,1479.3972933353516,5.0245269796776455,13553,14096,714,0,13382,13954,954670,174,3,0,171,142
2020-07-30,US,Indiana,Marshall,722,21,0,41.32467367,-86.26185087,18099.0,1560.8111029443555,2.9085872576177287,701,720,20,0,700,718,46248,2,1,0,1,2
2020-07-30,US,Indiana,Martin,42,0,0,38.7099921,-86.80373186,18101.0,409.55631399317406,0.0,42,42,0,0,42,40,10217,0,0,0,0,2
2020-07-30,US,Indiana,Miami,244,2,0,40.76940965,-86.04525048,18103.0,687.0143034125465,0.819672131147541,242,238,2,0,236,241,35567,6,0,0,6,-3
2020-07-30,US,Indiana,Monroe,652,30,0,39.16130004,-86.52414358,18105.0,439.2613402860589,4.601226993865031,622,636,30,0,606,620,146917,16,0,0,16,16
2020-07-30,US,Indiana,Montgomery,326,21,0,40.04034823,-86.89335024,18107.0,850.3312640200322,6.441717791411043,305,324,21,0,303,321,38346,2,0,0,2,3
2020-07-30,US,Indiana,Morgan,408,32,0,39.47899078,-86.44573375,18109.0,578.8137156152022,7.84313725490196,376,402,31,0,371,399,70116,6,1,0,5,3
2020-07-30,US,Indiana,Newton,108,10,0,40.95610449,-87.39635768,18111.0,772.3112128146453,9.25925925925926,98,108,10,0,98,106,14011,0,0,0,0,2
2020-07-30,US,Indiana,Noble,613,28,0,41.39672484,-85.41966713,18113.0,1283.930965147453,4.567699836867863,585,608,28,0,580,605,47532,5,0,0,5,3
2020-07-30,US,Indiana,Ohio,42,3,0,38.955304999999996,-84.96515993,18115.0,714.8936170212766,7.142857142857142,39,40,3,0,37,37,5844,2,0,0,2,3
2020-07-30,US,Indiana,Orange,158,24,0,38.54118920000001,-86.49523093,18117.0,804.2349587702331,15.189873417721516,134,158,24,0,134,156,19489,0,0,0,0,2
2020-07-30,US,Indiana,Owen,72,1,0,39.31145587,-86.83900724,18119.0,346.17048896581565,1.3888888888888888,71,70,1,0,69,70,20845,2,0,0,2,0
2020-07-30,US,Indiana,Parke,44,1,0,39.77202286,-87.20375833,18121.0,259.7862667532621,2.272727272727273,43,40,0,0,40,38,16927,4,1,0,3,2
2020-07-30,US,Indiana,Perry,170,12,0,38.07809328,-86.63741946,18123.0,886.8485575669049,7.0588235294117645,158,165,12,0,153,164,19102,5,0,0,5,1
2020-07-30,US,Indiana,Pike,32,0,0,38.40112197,-87.23574907,18125.0,258.29364759060456,0.0,32,30,0,0,30,28,12410,2,0,0,2,2
2020-07-30,US,Indiana,Porter,1121,39,0,41.45986947,-87.06848888,18127.0,657.9063202436778,3.4790365744870653,1082,1102,39,0,1063,1083,169594,19,0,0,19,19
2020-07-30,US,Indiana,Posey,153,0,0,38.02097333,-87.86480429,18129.0,601.7225783615843,0.0,153,150,0,0,150,147,25540,3,0,0,3,3
2020-07-30,US,Indiana,Pulaski,70,1,0,41.04166107,-86.69890683,18131.0,566.6639682668177,1.4285714285714286,69,69,1,0,68,69,12469,1,0,0,1,0
2020-07-30,US,Indiana,Putnam,213,8,0,39.66437981,-86.84517605,18133.0,566.85118160528,3.755868544600939,205,212,8,0,204,212,37779,1,0,0,1,0
2020-07-30,US,Indiana,Randolph,100,4,0,40.15734772,-85.01139319,18135.0,405.43279951348063,4.0,96,98,4,0,94,96,24851,2,0,0,2,2
2020-07-30,US,Indiana,Ripley,182,7,0,39.10235626,-85.26212744,18137.0,642.5646095184296,3.8461538461538463,175,179,7,0,172,179,28523,3,0,0,3,0
2020-07-30,US,Indiana,Rush,80,4,0,39.62002287,-85.4655599,18139.0,482.4799469272057,5.0,76,79,4,0,75,78,16663,1,0,0,1,1
2020-07-30,US,Indiana,Scott,236,10,0,38.68672078,-85.74627859,18143.0,988.5644870774516,4.2372881355932215,226,233,10,0,223,228,23878,3,0,0,3,5
2020-07-30,US,Indiana,Shelby,499,26,0,39.52305623,-85.79158570000001,18145.0,1115.6073241074023,5.210420841683367,473,498,26,0,472,493,44593,1,0,0,1,5
2020-07-30,US,Indiana,Spencer,110,3,0,38.01519732,-87.0079644,18147.0,542.4865611283719,2.727272727272727,107,109,2,0,107,105,20327,1,1,0,0,4
2020-07-30,US,Indiana,St. Joseph,2967,78,0,41.61756781,-86.29040834,18141.0,1091.507067020815,2.62891809908999,2889,2893,77,0,2816,2854,270771,74,1,0,73,39
2020-07-30,US,Indiana,Starke,154,7,0,41.27890281,-86.64686895,18149.0,669.7108066971082,4.545454545454546,147,152,6,0,146,151,22935,2,1,0,1,1
2020-07-30,US,Indiana,Steuben,191,3,0,41.64423868,-85.00101094,18151.0,552.1188645429843,1.5706806282722514,188,189,3,0,186,189,34586,2,0,0,2,0
2020-07-30,US,Indiana,Sullivan,69,1,0,39.08952258,-87.41414469,18153.0,333.8332768880933,1.4492753623188406,68,66,1,0,65,66,20690,3,0,0,3,0
2020-07-30,US,Indiana,Switzerland,39,0,0,38.82767338,-85.03022429,18155.0,362.7569528415962,0.0,39,38,0,0,38,38,10717,1,0,0,1,0
2020-07-30,US,Indiana,Tippecanoe,1031,11,0,40.38872739,-86.89413959,18157.0,526.7406453722436,1.066925315227934,1020,1019,11,0,1008,996,193048,12,0,0,12,23
2020-07-30,US,Indiana,Tipton,90,5,0,40.31123252,-86.05234925,18159.0,594.1378399788751,5.5555555555555545,85,89,5,0,84,87,15128,1,0,0,1,2
2020-07-30,US,Indiana,Unassigned,0,200,0,0.0,0.0,90018.0,0.0,0.0,-200,0,199,0,-199,0,,0,1,0,-1,0
2020-07-30,US,Indiana,Union,28,0,0,39.62550777,-84.92497066,18161.0,396.93790757017297,0.0,28,24,0,0,24,24,7037,4,0,0,4,0
2020-07-30,US,Indiana,Vanderburgh,1579,8,0,38.02658833,-87.58763124,18163.0,870.2073838116075,0.506649778340722,1571,1529,8,0,1521,1500,180974,50,0,0,50,29
2020-07-30,US,Indiana,Vermillion,26,0,0,39.8523352,-87.46160542,18165.0,167.7635823977287,0.0,26,24,0,0,24,22,15479,2,0,0,2,2
2020-07-30,US,Indiana,Vigo,406,10,0,39.42944561,-87.39169027,18167.0,379.3045460490667,2.4630541871921183,396,393,10,0,383,386,107386,13,0,0,13,7
2020-07-30,US,Indiana,Wabash,148,3,0,40.84704239,-85.79328272,18169.0,477.48096528584335,2.0270270270270268,145,147,3,0,144,147,31280,1,0,0,1,0
2020-07-30,US,Indiana,Warren,19,1,0,40.34728141,-87.35602659,18171.0,229.88505747126442,5.2631578947368425,18,19,1,0,18,19,8263,0,0,0,0,0
2020-07-30,US,Indiana,Warrick,458,29,0,38.08922676,-87.2716085,18173.0,727.0072065779866,6.331877729257642,429,446,29,0,417,439,62567,12,0,0,12,7
2020-07-30,US,Indiana,Washington,99,1,0,38.60219804,-86.1049363,18175.0,353.11742045940935,1.0101010101010102,98,96,1,0,95,91,27943,3,0,0,3,5
2020-07-30,US,Indiana,Wayne,292,8,0,39.863344399999995,-85.01044989,18177.0,443.2032056341449,2.7397260273972597,284,281,8,0,273,274,65936,11,0,0,11,7
2020-07-30,US,Indiana,Wells,120,2,0,40.72934187,-85.22132966,18179.0,424.0882103477524,1.6666666666666667,118,117,2,0,115,117,28206,3,0,0,3,0
2020-07-30,US,Indiana,White,334,10,0,40.74911165,-86.86492015,18181.0,1385.7771139324536,2.9940119760479043,324,332,10,0,322,329,24133,2,0,0,2,3
2020-07-30,US,Indiana,Whitley,141,6,0,41.13863784,-85.50791236,18183.0,415.14544812154054,4.25531914893617,135,140,6,0,134,138,34074,1,0,0,1,2
2020-07-30,US,Iowa,Adair,20,0,0,41.33075609,-94.47105874,19001.0,279.6420581655481,0.0,20,20,0,0,20,20,7063,0,0,0,0,0
2020-07-30,US,Iowa,Adams,15,0,0,41.02903567,-94.69932645,19003.0,416.43531371460296,0.0,15,15,0,0,15,13,3645,0,0,0,0,2
2020-07-30,US,Iowa,Allamakee,146,4,0,43.28383218,-91.37860922,19005.0,1066.705633082487,2.7397260273972597,142,146,4,0,142,145,13832,0,0,0,0,1
2020-07-30,US,Iowa,Appanoose,40,3,0,40.74324454,-92.86865906,19007.0,321.90568163528087,7.5,37,37,3,0,34,36,12437,3,0,0,3,1
2020-07-30,US,Iowa,Audubon,28,1,0,41.6844628,-94.90581859,19009.0,509.4614264919942,3.571428571428572,27,27,1,0,26,25,5506,1,0,0,1,2
2020-07-30,US,Iowa,Benton,122,1,0,42.08011739,-92.06463573,19011.0,475.72626242932336,0.819672131147541,121,120,1,0,119,117,25642,2,0,0,2,3
2020-07-30,US,Iowa,Black Hawk,2947,62,0,42.4704581,-92.30524729,19013.0,2245.709757064041,2.1038344078724127,2885,2918,62,0,2856,2886,132408,29,0,0,29,32
2020-07-30,US,Iowa,Boone,224,2,0,42.03657094,-93.9313999,19015.0,853.8537775405963,0.8928571428571429,222,221,2,0,219,219,26346,3,0,0,3,2
2020-07-30,US,Iowa,Bremer,179,7,0,42.77461496,-92.31795937,19017.0,714.2287127922751,3.910614525139665,172,174,7,0,167,169,24947,5,0,0,5,5
2020-07-30,US,Iowa,Buchanan,103,1,0,42.4709188,-91.83510825,19019.0,486.42266824085004,0.9708737864077671,102,95,1,0,94,94,21199,8,0,0,8,1
2020-07-30,US,Iowa,Buena Vista,1782,12,0,42.73545875,-95.15100162,19021.0,9082.56880733945,0.6734006734006734,1770,1779,12,0,1767,1777,19874,3,0,0,3,2
2020-07-30,US,Iowa,Butler,105,2,0,42.73172833,-92.79015971,19023.0,727.1971743195512,1.9047619047619049,103,102,2,0,100,99,14539,3,0,0,3,3
2020-07-30,US,Iowa,Calhoun,81,2,0,42.38521079,-94.64046046,19025.0,837.8154737277617,2.469135802469136,79,78,2,0,76,76,9699,3,0,0,3,2
2020-07-30,US,Iowa,Carroll,174,1,0,42.03617207,-94.86032705,19027.0,862.8812298537068,0.5747126436781609,173,173,1,0,172,168,20154,1,0,0,1,5
2020-07-30,US,Iowa,Cass,40,0,0,41.33149454,-94.92792482,19029.0,311.6235587410408,0.0,40,37,0,0,37,36,12930,3,0,0,3,1
2020-07-30,US,Iowa,Cedar,116,1,0,41.77233777,-91.13246684,19031.0,622.7519192569928,0.8620689655172413,115,115,1,0,114,110,18627,1,0,0,1,5
2020-07-30,US,Iowa,Cerro Gordo,567,17,0,43.08177563,-93.2612239,19033.0,1335.6890459363958,2.998236331569665,550,558,17,0,541,552,42647,9,0,0,9,6
2020-07-30,US,Iowa,Cherokee,97,1,0,42.73538914,-95.62389402,19035.0,863.3733867378728,1.0309278350515465,96,97,1,0,96,96,11321,0,0,0,0,1
2020-07-30,US,Iowa,Chickasaw,48,0,0,43.06001295,-92.31773347,19037.0,402.2458727897428,0.0,48,48,0,0,48,48,11964,0,0,0,0,0
2020-07-30,US,Iowa,Clarke,171,3,0,41.02868181,-93.78499767,19039.0,1820.1170835550824,1.7543859649122806,168,166,3,0,163,161,9423,5,0,0,5,5
2020-07-30,US,Iowa,Clay,168,1,0,43.08247182,-95.15096481,19041.0,1048.951048951049,0.5952380952380952,167,168,1,0,167,167,16134,0,0,0,0,1
2020-07-30,US,Iowa,Clayton,89,3,0,42.84443388,-91.34133693,19043.0,507.15140463844085,3.3707865168539324,86,84,3,0,81,84,17556,5,0,0,5,0
2020-07-30,US,Iowa,Clinton,280,2,0,41.89981633,-90.53275096,19045.0,603.0713562644038,0.7142857142857143,278,270,2,0,268,247,46518,10,0,0,10,23
2020-07-30,US,Iowa,Crawford,708,3,0,42.03718237,-95.3819718,19047.0,4209.274673008324,0.42372881355932196,705,700,3,0,697,702,17158,8,0,0,8,-2
2020-07-30,US,Iowa,Dallas,1722,35,0,41.68560356,-94.04127625,19049.0,1842.6374755224551,2.0325203252032518,1687,1706,34,0,1672,1677,90180,16,1,0,15,29
2020-07-30,US,Iowa,Davis,49,1,0,40.74773536,-92.41005468,19051.0,544.4444444444445,2.0408163265306123,48,49,1,0,48,48,9017,0,0,0,0,1
2020-07-30,US,Iowa,Decatur,20,0,0,40.73742757,-93.78645949,19053.0,254.12960609911056,0.0,20,17,0,0,17,17,7890,3,0,0,3,0
2020-07-30,US,Iowa,Delaware,82,1,0,42.47104597,-91.3664492,19055.0,482.0410322732351,1.2195121951219512,81,81,1,0,80,80,17069,1,0,0,1,1
2020-07-30,US,Iowa,Des Moines,137,2,0,40.92012606,-91.18326592,19057.0,351.57954166345877,1.45985401459854,135,131,2,0,129,132,39138,6,0,0,6,-1
2020-07-30,US,Iowa,Dickinson,367,4,0,43.37787725,-95.1510206,19059.0,2126.550005794414,1.0899182561307903,363,365,4,0,361,361,17153,2,0,0,2,4
2020-07-30,US,Iowa,Dubuque,1452,28,0,42.46815349,-90.88181925,19061.0,1492.1231926503688,1.9283746556473829,1424,1416,28,0,1388,1384,96854,36,0,0,36,32
2020-07-30,US,Iowa,Emmet,171,1,0,43.37782951,-94.67858943,19063.0,1857.0807993049523,0.5847953216374269,170,162,1,0,161,148,9253,9,0,0,9,14
2020-07-30,US,Iowa,Fayette,75,0,0,42.86271799,-91.84412309999999,19065.0,381.6793893129772,0.0,75,75,0,0,75,72,19660,0,0,0,0,3
2020-07-30,US,Iowa,Floyd,105,2,0,43.06000529999999,-92.78940097,19067.0,671.2696586114307,1.9047619047619049,103,101,2,0,99,96,15761,4,0,0,4,5
2020-07-30,US,Iowa,Franklin,204,4,0,42.73270384,-93.26256925,19069.0,2025.819265143992,1.96078431372549,200,185,4,0,181,175,10124,19,0,0,19,10
2020-07-30,US,Iowa,Fremont,31,0,0,40.74542720000001,-95.60129045,19071.0,445.4022988505747,0.0,31,27,0,0,27,25,6993,4,0,0,4,2
2020-07-30,US,Iowa,Greene,37,0,0,42.03614551,-94.39658081,19073.0,416.2916291629163,0.0,37,37,0,0,37,37,8981,0,0,0,0,0
2020-07-30,US,Iowa,Grundy,71,1,0,42.40183723,-92.78829551,19075.0,580.4447351209941,1.4084507042253518,70,68,1,0,67,66,12304,3,0,0,3,2
2020-07-30,US,Iowa,Guthrie,123,5,0,41.68378965,-94.50111014,19077.0,1150.7156890261015,4.0650406504065035,118,122,5,0,117,122,10720,1,0,0,1,0
2020-07-30,US,Iowa,Hamilton,237,1,0,42.38382428,-93.70197703,19079.0,1604.2780748663101,0.4219409282700422,236,235,1,0,234,228,14952,2,0,0,2,7
2020-07-30,US,Iowa,Hancock,108,2,0,43.08178477,-93.73454884,19081.0,1015.9924741298213,1.851851851851852,106,107,2,0,105,106,10712,1,0,0,1,1
2020-07-30,US,Iowa,Hardin,155,0,0,42.38353877,-93.23654611,19083.0,920.0997269381456,0.0,155,148,0,0,148,139,16868,7,0,0,7,9
2020-07-30,US,Iowa,Harrison,89,0,0,41.68330137,-95.81558439,19085.0,633.4970460530999,0.0,89,88,0,0,88,84,14134,1,0,0,1,4
2020-07-30,US,Iowa,Henry,108,3,0,40.98767962,-91.54436349,19087.0,541.2448631853263,2.7777777777777777,105,107,3,0,104,107,20067,1,0,0,1,0
2020-07-30,US,Iowa,Howard,47,0,0,43.35671042,-92.31702714,19089.0,513.2124918104388,0.0,47,47,0,0,47,47,9187,0,0,0,0,0
2020-07-30,US,Iowa,Humboldt,86,1,0,42.7764426,-94.20722537,19091.0,899.7698263234987,1.162790697674419,85,83,1,0,82,84,9547,3,0,0,3,-1
2020-07-30,US,Iowa,Ida,29,0,0,42.38696136,-95.51355387,19093.0,422.7405247813411,0.0,29,29,0,0,29,28,6841,0,0,0,0,1
2020-07-30,US,Iowa,Iowa,83,1,0,41.68630265,-92.0643373,19095.0,512.8521997034107,1.2048192771084338,82,81,1,0,80,78,16141,2,0,0,2,3
2020-07-30,US,Iowa,Jackson,130,1,0,42.17178824,-90.57354837,19097.0,668.7586810021091,0.7692307692307693,129,129,1,0,128,126,19432,1,0,0,1,3
2020-07-30,US,Iowa,Jasper,445,24,0,41.68576082,-93.05567785,19099.0,1196.7191071668685,5.393258426966292,421,443,24,0,419,439,37147,2,0,0,2,4
2020-07-30,US,Iowa,Jefferson,75,0,0,41.03192394,-91.94849466,19101.0,409.94807324405576,0.0,75,72,0,0,72,72,18381,3,0,0,3,0
2020-07-30,US,Iowa,Johnson,1856,14,0,41.67169354,-91.58754744,19103.0,1228.000529310573,0.7543103448275862,1842,1822,14,0,1808,1781,151260,34,0,0,34,41
2020-07-30,US,Iowa,Jones,119,1,0,42.12118609,-91.13139641,19105.0,575.4073787534453,0.8403361344537815,118,115,1,0,114,112,20744,4,0,0,4,3
2020-07-30,US,Iowa,Keokuk,28,1,0,41.33649833,-92.1785067,19107.0,273.27737653718526,3.571428571428572,27,27,1,0,26,27,10225,1,0,0,1,0
2020-07-30,US,Iowa,Kossuth,76,0,0,43.20405458,-94.20691791,19109.0,513.0628501991494,0.0,76,74,0,0,74,72,14908,2,0,0,2,2
2020-07-30,US,Iowa,Lee,87,2,0,40.64181461,-91.48183025,19111.0,258.49006150280775,2.2988505747126435,85,83,2,0,81,80,34055,4,0,0,4,3
2020-07-30,US,Iowa,Linn,1970,87,0,42.07923082,-91.59809485,19113.0,868.9668557515021,4.416243654822336,1883,1932,87,0,1845,1877,225909,38,0,0,38,55
2020-07-30,US,Iowa,Louisa,377,14,0,41.21842119,-91.26102611,19115.0,3416.402356139556,3.713527851458886,363,375,14,0,361,374,11169,2,0,0,2,1
2020-07-30,US,Iowa,Lucas,41,4,0,41.02958964,-93.32780803,19117.0,476.74418604651163,9.75609756097561,37,40,4,0,36,40,8645,1,0,0,1,0
2020-07-30,US,Iowa,Lyon,98,0,0,43.38107862,-96.20926845,19119.0,833.6877924287538,0.0,98,94,0,0,94,91,11811,4,0,0,4,3
2020-07-30,US,Iowa,Madison,93,2,0,41.33081904,-94.01554631,19121.0,569.225119353654,2.150537634408602,91,91,2,0,89,87,16249,2,0,0,2,4
2020-07-30,US,Iowa,Mahaska,133,17,0,41.33521503,-92.64083907,19123.0,601.9461416610092,12.781954887218044,116,133,17,0,116,133,22000,0,0,0,0,0
2020-07-30,US,Iowa,Marion,142,0,0,41.33445101,-93.09934783,19125.0,427.02914022794937,0.0,142,141,0,0,141,138,33407,1,0,0,1,3
2020-07-30,US,Iowa,Marshall,1364,24,0,42.03586837,-92.99908190000001,19127.0,3464.6549315451243,1.7595307917888563,1340,1348,24,0,1324,1316,39981,16,0,0,16,32
2020-07-30,US,Iowa,Mills,75,0,0,41.03299766,-95.61920963,19129.0,496.3928784168376,0.0,75,72,0,0,72,70,15063,3,0,0,3,2
2020-07-30,US,Iowa,Mitchell,76,0,0,43.35638371,-92.78887719,19131.0,717.9293406385792,0.0,76,76,0,0,76,75,10569,0,0,0,0,1
2020-07-30,US,Iowa,Monona,89,0,0,42.05220391,-95.95743843,19133.0,1033.081834010447,0.0,89,89,0,0,89,88,8679,0,0,0,0,1
2020-07-30,US,Iowa,Monroe,66,7,0,41.02988815,-92.8690667,19135.0,856.3643441027639,10.606060606060606,59,66,7,0,59,66,7790,0,0,0,0,0
2020-07-30,US,Iowa,Montgomery,41,3,0,41.03018714,-95.15642896,19137.0,413.4314812947464,7.317073170731707,38,40,2,0,38,40,10003,1,1,0,0,0
2020-07-30,US,Iowa,Muscatine,795,47,0,41.48370744,-91.11216970000001,19139.0,1863.3977123570223,5.911949685534591,748,789,47,0,742,778,42929,6,0,0,6,11
2020-07-30,US,Iowa,O'Brien,115,1,0,43.08310673,-95.62474482,19141.0,836.1811968297826,0.8695652173913043,114,114,1,0,113,113,13840,1,0,0,1,1
2020-07-30,US,Iowa,Osceola,77,0,0,43.37824276,-95.62422844,19143.0,1292.3799932863374,0.0,77,75,0,0,75,75,6040,2,0,0,2,0
2020-07-30,US,Iowa,Page,66,0,0,40.7393172,-95.1497813,19145.0,436.8835639107698,0.0,66,65,0,0,65,56,15249,1,0,0,1,9
2020-07-30,US,Iowa,Palo Alto,74,0,0,43.08193849,-94.67824621,19147.0,832.7706504614,0.0,74,69,0,0,69,65,8929,5,0,0,5,4
2020-07-30,US,Iowa,Plymouth,429,8,0,42.737633,-96.21366621,19149.0,1703.9361321841363,1.8648018648018647,421,423,8,0,415,417,25095,6,0,0,6,6
2020-07-30,US,Iowa,Pocahontas,113,1,0,42.73420133,-94.67862564,19151.0,1707.2065266656596,0.8849557522123894,112,112,1,0,111,112,6740,1,0,0,1,0
2020-07-30,US,Iowa,Polk,9388,201,0,41.68679484,-93.57767461,19153.0,1915.2890580849967,2.1410311035364296,9187,9262,193,0,9069,9126,487204,126,8,0,118,136
2020-07-30,US,Iowa,Pottawattamie,1137,21,0,41.33640314,-95.53907776,19155.0,1219.8785485912927,1.8469656992084436,1116,1092,21,0,1071,1054,93533,45,0,0,45,38
2020-07-30,US,Iowa,Poweshiek,136,8,0,41.68625425,-92.53155731,19157.0,734.9762213575442,5.882352941176472,128,135,8,0,127,128,18699,1,0,0,1,7
2020-07-30,US,Iowa,Ringgold,22,1,0,40.73518949,-94.24368535,19159.0,449.5300367797303,4.545454545454546,21,21,1,0,20,21,4968,1,0,0,1,0
2020-07-30,US,Iowa,Sac,79,0,0,42.38624071,-95.10547892,19161.0,812.6735932517232,0.0,79,77,0,0,77,76,9719,2,0,0,2,1
2020-07-30,US,Iowa,Scott,1542,11,0,41.63935978,-90.61959493,19163.0,891.6232515915649,0.7133592736705577,1531,1525,11,0,1514,1500,173283,17,0,0,17,25
2020-07-30,US,Iowa,Shelby,149,1,0,41.6850066,-95.31015553,19165.0,1300.8555962982366,0.6711409395973155,148,143,0,0,143,139,11578,6,1,0,5,4
2020-07-30,US,Iowa,Sioux,578,2,0,43.08221074,-96.17675679999999,19167.0,1658.2986659015924,0.3460207612456747,576,574,2,0,572,568,34909,4,0,0,4,6
2020-07-30,US,Iowa,Story,1084,13,0,42.03621213,-93.46499005,19169.0,1116.1794536486916,1.1992619926199262,1071,1075,13,0,1062,1057,98105,9,0,0,9,18
2020-07-30,US,Iowa,Tama,532,29,0,42.07991767,-92.53266945,19171.0,3156.520707250505,5.451127819548872,503,529,29,0,500,524,16904,3,0,0,3,5
2020-07-30,US,Iowa,Taylor,93,0,0,40.73710579,-94.69778563,19173.0,1519.3595817676846,0.0,93,94,0,0,94,93,6191,-1,0,0,-1,1
2020-07-30,US,Iowa,Unassigned,7,0,0,0.0,0.0,90019.0,0.0,0.0,7,1,0,0,1,8,,6,0,0,6,-7
2020-07-30,US,Iowa,Union,67,1,0,41.0277278,-94.24234847,19175.0,547.3409035209542,1.492537313432836,66,66,1,0,65,66,12359,1,0,0,1,0
2020-07-30,US,Iowa,Van Buren,28,1,0,40.75326764,-91.95017958,19177.0,397.5014196479273,3.571428571428572,27,25,1,0,24,24,7020,3,0,0,3,1
2020-07-30,US,Iowa,Wapello,821,31,0,41.03064984,-92.40954728,19179.0,2347.793760187595,3.775883069427528,790,812,31,0,781,808,35205,9,0,0,9,4
2020-07-30,US,Iowa,Warren,499,1,0,41.33559454,-93.56007641,19181.0,969.5721447169003,0.2004008016032064,498,486,1,0,485,478,51056,13,0,0,13,8
2020-07-30,US,Iowa,Washington,284,10,0,41.33577126,-91.71725711,19183.0,1292.9660824038242,3.5211267605633805,274,281,10,0,271,281,22141,3,0,0,3,0
2020-07-30,US,Iowa,Wayne,15,1,0,40.73969028,-93.32752197,19185.0,232.8830926874709,6.666666666666668,14,14,1,0,13,14,6401,1,0,0,1,0
2020-07-30,US,Iowa,Webster,684,5,0,42.42853483,-94.17987389,19187.0,1905.0802139037432,0.7309941520467836,679,668,5,0,663,657,36277,16,0,0,16,11
2020-07-30,US,Iowa,Winnebago,71,0,0,43.37751174,-93.73407298,19189.0,685.7253235464556,0.0,71,69,0,0,69,69,10518,2,0,0,2,0
2020-07-30,US,Iowa,Winneshiek,74,1,0,43.29094334,-91.84422722,19191.0,370.16657495873136,1.351351351351351,73,73,1,0,72,72,20029,1,0,0,1,1
2020-07-30,US,Iowa,Woodbury,3612,47,0,42.38979414,-96.0459439,19193.0,3503.1569146614684,1.301218161683278,3565,3585,47,0,3538,3575,102539,27,0,0,27,10
2020-07-30,US,Iowa,Worth,56,0,0,43.37750768,-93.26087602,19195.0,758.70478254979,0.0,56,55,0,0,55,51,7453,1,0,0,1,4
2020-07-30,US,Iowa,Wright,439,1,0,42.73305373,-93.73515113,19197.0,3494.6664543862444,0.2277904328018223,438,437,1,0,436,431,12690,2,0,0,2,6
2020-07-30,US,Kansas,Allen,14,0,0,37.88582951,-95.30030847,20001.0,113.18619128466328,0.0,14,14,0,0,14,14,12444,0,0,0,0,0
2020-07-30,US,Kansas,Anderson,26,0,0,38.21413251,-95.29272815,20003.0,330.8729956731993,0.0,26,26,0,0,26,26,7878,0,0,0,0,0
2020-07-30,US,Kansas,Atchison,59,0,0,39.53185661,-95.30870026,20005.0,367.0752193118895,0.0,59,59,0,0,59,59,16193,0,0,0,0,0
2020-07-30,US,Kansas,Barber,4,0,0,37.2288586,-98.68460053,20007.0,90.35464196973119,0.0,4,4,0,0,4,4,4472,0,0,0,0,0
2020-07-30,US,Kansas,Barton,104,3,0,38.47889676,-98.75636726,20009.0,403.4291477559254,2.8846153846153846,101,99,3,0,96,97,26111,5,0,0,5,2
2020-07-30,US,Kansas,Bourbon,65,1,0,37.85508555,-94.84865997,20011.0,447.22719141323785,1.5384615384615383,64,65,1,0,64,65,14653,0,0,0,0,0
2020-07-30,US,Kansas,Brown,32,0,0,39.82652589,-95.56421698,20013.0,334.58803847762437,0.0,32,32,0,0,32,27,9598,0,0,0,0,5
2020-07-30,US,Kansas,Butler,187,0,0,37.78134351,-96.83878537,20015.0,279.47572148077296,0.0,187,181,0,0,181,181,66765,6,0,0,6,0
2020-07-30,US,Kansas,Chase,6,0,0,38.30292938,-96.59563862,20017.0,226.5861027190332,0.0,6,6,0,0,6,6,2629,0,0,0,0,0
2020-07-30,US,Kansas,Chautauqua,5,0,0,37.14994405,-96.2454192,20019.0,153.84615384615384,0.0,5,5,0,0,5,5,3309,0,0,0,0,0
2020-07-30,US,Kansas,Cherokee,73,1,0,37.16928494,-94.8462897,20021.0,366.11665580019064,1.3698630136986298,72,72,1,0,71,67,20015,1,0,0,1,5
2020-07-30,US,Kansas,Cheyenne,2,0,0,39.78580976,-101.7318201,20023.0,75.27286413248024,0.0,2,2,0,0,2,2,2660,0,0,0,0,0
2020-07-30,US,Kansas,Clark,42,1,0,37.23577007,-99.81883015,20025.0,2106.318956870612,2.380952380952381,41,42,1,0,41,41,2005,0,0,0,0,1
2020-07-30,US,Kansas,Clay,17,2,0,39.34948772,-97.16518128,20027.0,212.44688827793053,11.764705882352944,15,17,2,0,15,17,7997,0,0,0,0,0
2020-07-30,US,Kansas,Cloud,28,0,0,39.48028352,-97.64925343,20029.0,318.6888231277032,0.0,28,28,0,0,28,28,8729,0,0,0,0,0
2020-07-30,US,Kansas,Coffey,64,8,0,38.2365018,-95.73379515,20031.0,782.4917471573543,12.5,56,64,8,0,56,64,8233,0,0,0,0,0
2020-07-30,US,Kansas,Comanche,3,0,0,37.19114520000001,-99.27113247,20033.0,176.47058823529412,0.0,3,3,0,0,3,3,1748,0,0,0,0,0
2020-07-30,US,Kansas,Cowley,146,2,0,37.23781842,-96.83776647,20035.0,418.24223673656473,1.3698630136986298,144,146,2,0,144,140,35218,0,0,0,0,6
2020-07-30,US,Kansas,Crawford,366,1,0,37.50675523,-94.85245778,20037.0,942.8615590705343,0.27322404371584696,365,366,1,0,365,364,39019,0,0,0,0,2
2020-07-30,US,Kansas,Decatur,5,0,0,39.78468441,-100.4594081,20039.0,176.86593562079943,0.0,5,5,0,0,5,5,2871,0,0,0,0,0
2020-07-30,US,Kansas,Dickinson,40,1,0,38.86600962,-97.15532383,20041.0,216.61431820643344,2.5,39,40,1,0,39,39,18717,0,0,0,0,1
2020-07-30,US,Kansas,Doniphan,44,0,0,39.79067154,-95.14056866,20043.0,578.9473684210526,0.0,44,44,0,0,44,43,7682,0,0,0,0,1
2020-07-30,US,Kansas,Douglas,635,3,0,38.88503636,-95.2925121,20045.0,519.3891656237987,0.4724409448818898,632,630,3,0,627,614,121436,5,0,0,5,16
2020-07-30,US,Kansas,Edwards,10,0,0,37.88735543,-99.31263309,20047.0,357.39814152966414,0.0,10,10,0,0,10,10,2849,0,0,0,0,0
2020-07-30,US,Kansas,Elk,1,0,0,37.45338105,-96.24369667,20049.0,39.52569169960474,0.0,1,1,0,0,1,1,2508,0,0,0,0,0
2020-07-30,US,Kansas,Ellis,125,1,0,38.91458712,-99.31751551,20051.0,437.7823696284103,0.8,124,125,1,0,124,113,28710,0,0,0,0,12
2020-07-30,US,Kansas,Ellsworth,18,0,0,38.69677695,-98.20462799,20053.0,294.9852507374631,0.0,18,18,0,0,18,16,6196,0,0,0,0,2
2020-07-30,US,Kansas,Finney,1716,10,0,38.04340344,-100.7381938,20055.0,4705.6242630323295,0.5827505827505828,1706,1708,10,0,1698,1691,36611,8,0,0,8,17
2020-07-30,US,Kansas,Ford,2017,8,0,37.69200114,-99.88825298,20057.0,5999.583568815253,0.3966286564204264,2009,2017,8,0,2009,2005,33888,0,0,0,0,12
2020-07-30,US,Kansas,Franklin,142,1,0,38.56443815,-95.28644341,20059.0,555.903538991544,0.7042253521126759,141,142,1,0,141,137,25631,0,0,0,0,5
2020-07-30,US,Kansas,Geary,126,2,0,38.99871131,-96.7577178,20061.0,397.85285759393753,1.5873015873015872,124,124,2,0,122,125,32594,2,0,0,2,-1
2020-07-30,US,Kansas,Gove,3,0,0,38.91588178,-100.4829321,20063.0,113.80880121396058,0.0,3,3,0,0,3,3,2612,0,0,0,0,0
2020-07-30,US,Kansas,Graham,15,0,0,39.34987223,-99.88332493,20065.0,604.351329572925,0.0,15,15,0,0,15,14,2492,0,0,0,0,1
2020-07-30,US,Kansas,Grant,92,2,0,37.56227336,-101.3079758,20067.0,1286.7132867132864,2.1739130434782608,90,89,2,0,87,88,7336,3,0,0,3,1
2020-07-30,US,Kansas,Gray,71,0,0,37.73836671,-100.4369088,20069.0,1185.7047428189712,0.0,71,71,0,0,71,67,6033,0,0,0,0,4
2020-07-30,US,Kansas,Greeley,3,0,0,38.4808095,-101.8061079,20071.0,243.50649350649346,0.0,3,3,0,0,3,3,1227,0,0,0,0,0
2020-07-30,US,Kansas,Greenwood,15,0,0,37.8774388,-96.23250453,20073.0,250.7522567703109,0.0,15,15,0,0,15,14,6055,0,0,0,0,1
2020-07-30,US,Kansas,Hamilton,36,0,0,37.99978709,-101.7921066,20075.0,1417.8810555336747,0.0,36,36,0,0,36,36,2607,0,0,0,0,0
2020-07-30,US,Kansas,Harper,8,0,0,37.19175361,-98.07578384,20077.0,147.16703458425312,0.0,8,8,0,0,8,8,5506,0,0,0,0,0
2020-07-30,US,Kansas,Harvey,147,1,0,38.04293782,-97.42747573,20079.0,426.9656394318743,0.6802721088435374,146,147,1,0,146,137,34210,0,0,0,0,10
2020-07-30,US,Kansas,Haskell,46,0,0,37.5620394,-100.8710738,20081.0,1159.274193548387,0.0,46,46,0,0,46,46,3997,0,0,0,0,0
2020-07-30,US,Kansas,Hodgeman,11,0,0,38.08780079,-99.89829881,20083.0,613.1549609810479,0.0,11,11,0,0,11,11,1818,0,0,0,0,0
2020-07-30,US,Kansas,Jackson,142,1,0,39.41673394,-95.79356799,20085.0,1078.1261863184268,0.7042253521126759,141,136,1,0,135,136,13280,6,0,0,6,0
2020-07-30,US,Kansas,Jefferson,53,0,0,39.2347941,-95.38289232,20087.0,278.317491991808,0.0,53,53,0,0,53,51,18975,0,0,0,0,2
2020-07-30,US,Kansas,Jewell,8,0,0,39.78470589,-98.21820662,20089.0,277.8742618964918,0.0,8,8,0,0,8,8,2841,0,0,0,0,0
2020-07-30,US,Kansas,Johnson,4781,98,0,38.88548175,-94.82250877,20091.0,793.6573810468442,2.049780380673499,4683,4717,96,0,4621,4586,597555,64,2,0,62,131
2020-07-30,US,Kansas,Kearny,54,1,0,38.00017981,-101.321681,20093.0,1406.9828035435125,1.851851851851852,53,54,1,0,53,54,3943,0,0,0,0,0
2020-07-30,US,Kansas,Kingman,8,0,0,37.55909527,-98.13638678,20095.0,111.85682326621924,0.0,8,8,0,0,8,7,7310,0,0,0,0,1
2020-07-30,US,Kansas,Kiowa,6,0,0,37.55848695,-99.2856537,20097.0,242.42424242424244,0.0,6,6,0,0,6,6,2516,0,0,0,0,0
2020-07-30,US,Kansas,Labette,107,0,0,37.19113093,-95.29849679,20099.0,545.4174737485981,0.0,107,107,0,0,107,104,19964,0,0,0,0,3
2020-07-30,US,Kansas,Lane,5,0,0,38.48119447,-100.4660754,20101.0,325.73289902280135,0.0,5,5,0,0,5,5,1560,0,0,0,0,0
2020-07-30,US,Kansas,Leavenworth,1376,8,0,39.20183497,-95.03620809,20103.0,1683.0157293475863,0.5813953488372093,1368,1376,8,0,1368,1361,81352,0,0,0,0,15
2020-07-30,US,Kansas,Lincoln,6,0,0,39.04549684,-98.20756994,20105.0,202.56583389601624,0.0,6,6,0,0,6,6,3023,0,0,0,0,0
2020-07-30,US,Kansas,Linn,29,0,0,38.21267844,-94.84254089,20107.0,298.8766360919303,0.0,29,29,0,0,29,27,9750,0,0,0,0,2
2020-07-30,US,Kansas,Logan,2,0,0,38.91735806,-101.148475,20109.0,71.58196134574086,0.0,2,2,0,0,2,2,2844,0,0,0,0,0
2020-07-30,US,Kansas,Lyon,640,11,0,38.45576156,-96.15275715,20111.0,1928.0012050007529,1.71875,629,629,10,0,619,624,33406,11,1,0,10,5
2020-07-30,US,Kansas,Marion,48,1,0,38.35855394,-97.0985251,20115.0,403.9044092898014,2.083333333333333,47,48,1,0,47,40,11950,0,0,0,0,8
2020-07-30,US,Kansas,Marshall,9,0,0,39.78359669,-96.52278974,20117.0,92.71659627073248,0.0,9,9,0,0,9,8,9722,0,0,0,0,1
2020-07-30,US,Kansas,McPherson,124,1,0,38.39184858,-97.64769869,20113.0,434.4474809053325,0.8064516129032258,123,124,0,0,124,115,28537,0,1,0,-1,9
2020-07-30,US,Kansas,Meade,36,0,0,37.23859987,-100.364831,20119.0,892.6357550210761,0.0,36,36,0,0,36,36,4146,0,0,0,0,0
2020-07-30,US,Kansas,Miami,117,0,0,38.56383358,-94.83832189,20121.0,341.73554925957296,0.0,117,117,0,0,117,103,33680,0,0,0,0,14
2020-07-30,US,Kansas,Mitchell,27,0,0,39.39331582,-98.20906732,20123.0,451.58053186151534,0.0,27,27,0,0,27,26,6150,0,0,0,0,1
2020-07-30,US,Kansas,Montgomery,145,4,0,37.19236568,-95.74329258,20125.0,455.55939551980896,2.7586206896551726,141,134,4,0,130,134,32120,11,0,0,11,0
2020-07-30,US,Kansas,Morris,7,0,0,38.68827511,-96.65128437,20127.0,124.55516014234877,0.0,7,7,0,0,7,7,5521,0,0,0,0,0
2020-07-30,US,Kansas,Morton,9,2,0,37.19141121,-101.79925190000002,20129.0,347.89331271743333,22.222222222222218,7,9,2,0,7,9,2667,0,0,0,0,0
2020-07-30,US,Kansas,Nemaha,45,0,0,39.78345387,-96.01392079,20131.0,439.8397028638452,0.0,45,45,0,0,45,45,10155,0,0,0,0,0
2020-07-30,US,Kansas,Neosho,48,0,0,37.55862897,-95.30670046,20133.0,299.86880739676394,0.0,48,48,0,0,48,48,15951,0,0,0,0,0
2020-07-30,US,Kansas,Ness,5,0,0,38.47974157,-99.91547333,20135.0,181.8181818181818,0.0,5,5,0,0,5,5,2840,0,0,0,0,0
2020-07-30,US,Kansas,Norton,22,0,0,39.78443827,-99.90286639,20137.0,410.37119940309645,0.0,22,22,0,0,22,22,5430,0,0,0,0,0
2020-07-30,US,Kansas,Osage,37,0,0,38.65235984,-95.72707998,20139.0,231.9894664242273,0.0,37,37,0,0,37,34,15941,0,0,0,0,3
2020-07-30,US,Kansas,Osborne,3,0,0,39.3503437,-98.76753828,20141.0,87.69365682548961,0.0,3,3,0,0,3,3,3475,0,0,0,0,0
2020-07-30,US,Kansas,Ottawa,30,0,0,39.13237408,-97.65020313,20143.0,525.9467040673212,0.0,30,30,0,0,30,30,5802,0,0,0,0,0
2020-07-30,US,Kansas,Pawnee,7,0,0,38.18108732,-99.23692334,20145.0,109.13626442157779,0.0,7,7,0,0,7,7,6562,0,0,0,0,0
2020-07-30,US,Kansas,Phillips,44,8,0,39.78465501,-99.34668865,20147.0,840.6572411157814,18.181818181818183,36,44,8,0,36,44,5317,0,0,0,0,0
2020-07-30,US,Kansas,Pottawatomie,101,0,0,39.37925655,-96.34564657,20149.0,414.2230242381987,0.0,101,101,0,0,101,100,24277,0,0,0,0,1
2020-07-30,US,Kansas,Pratt,33,0,0,37.64780729,-98.73922153,20151.0,360.10475774770845,0.0,33,33,0,0,33,32,9378,0,0,0,0,1
2020-07-30,US,Kansas,Reno,211,1,0,37.95230263,-98.08607292,20155.0,340.33355914706925,0.4739336492890995,210,207,1,0,206,206,62342,4,0,0,4,1
2020-07-30,US,Kansas,Republic,25,0,0,39.82799632,-97.65036709,20157.0,539.2579810181189,0.0,25,25,0,0,25,25,4664,0,0,0,0,0
2020-07-30,US,Kansas,Rice,22,0,0,38.34616184,-98.19992118,20159.0,230.68050749711648,0.0,22,22,0,0,22,21,9531,0,0,0,0,1
2020-07-30,US,Kansas,Riley,445,5,0,39.28935726,-96.73420026,20161.0,599.4719258540791,1.1235955056179776,440,441,4,0,437,428,73703,4,1,0,3,13
2020-07-30,US,Kansas,Rooks,14,0,0,39.35022773,-99.32484567,20163.0,284.5528455284553,0.0,14,14,0,0,14,14,5013,0,0,0,0,0
2020-07-30,US,Kansas,Rush,5,0,0,38.52275276,-99.30863983,20165.0,164.69038208168644,0.0,5,5,0,0,5,5,3093,0,0,0,0,0
2020-07-30,US,Kansas,Russell,9,0,0,38.91462787,-98.76254297,20167.0,131.27187864644108,0.0,9,9,0,0,9,9,6907,0,0,0,0,0
2020-07-30,US,Kansas,Saline,329,5,0,38.78369175,-97.65185177,20169.0,606.7424018884627,1.5197568389057752,324,329,5,0,324,322,54401,0,0,0,0,7
2020-07-30,US,Kansas,Scott,28,0,0,38.48222076,-100.9066539,20171.0,580.5515239477504,0.0,28,27,0,0,27,26,4897,1,0,0,1,1
2020-07-30,US,Kansas,Sedgwick,3962,39,0,37.6842718,-97.4608198,20173.0,767.7669647044232,0.984351337708228,3923,3870,38,0,3832,3790,513607,92,1,0,91,80
2020-07-30,US,Kansas,Seward,1169,4,0,37.19324632,-100.8507201,20175.0,5455.478812768341,0.3421727972626176,1165,1169,4,0,1165,1160,21780,0,0,0,0,9
2020-07-30,US,Kansas,Shawnee,1379,19,0,39.04100763,-95.7557264,20177.0,779.6466431095406,1.3778100072516315,1360,1367,19,0,1348,1328,177499,12,0,0,12,39
2020-07-30,US,Kansas,Sheridan,7,0,0,39.35018161,-100.4418259,20179.0,277.66759222530743,0.0,7,7,0,0,7,7,2533,0,0,0,0,0
2020-07-30,US,Kansas,Sherman,14,0,0,39.35147699,-101.7197624,20181.0,236.60638837248607,0.0,14,12,0,0,12,9,5899,2,0,0,2,3
2020-07-30,US,Kansas,Smith,3,0,0,39.78516566,-98.78566062,20183.0,83.72871895060004,0.0,3,3,0,0,3,3,3603,0,0,0,0,0
2020-07-30,US,Kansas,Stafford,3,0,0,38.03100851,-98.71762001,20185.0,72.18479307025987,0.0,3,3,0,0,3,2,4178,0,0,0,0,1
2020-07-30,US,Kansas,Stanton,16,1,0,37.56304714,-101.7843534,20187.0,797.6071784646061,6.25,15,16,1,0,15,16,1987,0,0,0,0,0
2020-07-30,US,Kansas,Stevens,43,0,0,37.1923008,-101.3118967,20189.0,783.9562443026434,0.0,43,43,0,0,43,42,5559,0,0,0,0,1
2020-07-30,US,Kansas,Sumner,92,3,0,37.23682549,-97.47721621,20191.0,402.8726572079173,3.260869565217391,89,92,3,0,89,88,22996,0,0,0,0,4
2020-07-30,US,Kansas,Thomas,32,0,0,39.35107575,-101.0553705,20193.0,411.46971840041147,0.0,32,32,0,0,32,31,7711,0,0,0,0,1
2020-07-30,US,Kansas,Trego,5,1,0,38.91467218,-99.87284448,20195.0,178.38030681412772,20.0,4,5,1,0,4,5,2793,0,0,0,0,0
2020-07-30,US,Kansas,Unassigned,0,1,0,0.0,0.0,90020.0,0.0,0.0,-1,0,1,0,-1,0,,0,0,0,0,0
2020-07-30,US,Kansas,Wabaunsee,40,0,0,38.95471985,-96.20350509,20197.0,577.1172990910403,0.0,40,40,0,0,40,40,6899,0,0,0,0,0
2020-07-30,US,Kansas,Washington,2,0,0,39.78420784,-97.0875323,20201.0,36.99593044765076,0.0,2,2,0,0,2,2,5420,0,0,0,0,0
2020-07-30,US,Kansas,Wichita,3,0,0,38.48178252,-101.3471509,20203.0,141.57621519584708,0.0,3,3,0,0,3,2,2105,0,0,0,0,1
2020-07-30,US,Kansas,Wilson,8,0,0,37.55937174,-95.74323255,20205.0,93.84164222873899,0.0,8,8,0,0,8,8,8665,0,0,0,0,0
2020-07-30,US,Kansas,Woodson,11,0,0,37.8865336,-95.74006277,20207.0,350.54174633524536,0.0,11,11,0,0,11,11,3183,0,0,0,0,0
2020-07-30,US,Kansas,Wyandotte,4325,95,0,39.11727348,-94.76378225,20209.0,2614.4146431399568,2.1965317919075145,4230,4268,93,0,4175,4197,165324,57,2,0,55,71
2020-07-30,US,Kentucky,Adair,197,19,0,37.10459774,-85.28129668,21001.0,1025.934798458494,9.64467005076142,178,192,19,0,173,185,19215,5,0,0,5,7
2020-07-30,US,Kentucky,Allen,215,8,0,36.75197631,-86.19457544,21003.0,1008.6793338024866,3.72093023255814,207,214,8,0,206,212,21122,1,0,0,1,2
2020-07-30,US,Kentucky,Anderson,67,1,0,38.00671029,-84.99171713,21005.0,294.5443355167715,1.492537313432836,66,60,1,0,59,53,22663,7,0,0,7,7
2020-07-30,US,Kentucky,Ballard,30,0,0,37.05842757,-88.99427697,21007.0,380.3245436105477,0.0,30,29,0,0,29,28,7979,1,0,0,1,1
2020-07-30,US,Kentucky,Barren,302,2,0,36.96469836,-85.93338945,21009.0,682.5012994643947,0.6622516556291391,300,290,2,0,288,276,44176,12,0,0,12,14
2020-07-30,US,Kentucky,Bath,32,1,0,38.14735938,-83.74588932,21011.0,256.0,3.125,31,31,1,0,30,31,12383,1,0,0,1,0
2020-07-30,US,Kentucky,Bell,262,2,0,36.73355174,-83.67766671,21013.0,1006.4535955746776,0.7633587786259542,260,260,2,0,258,239,26569,2,0,0,2,21
2020-07-30,US,Kentucky,Boone,965,24,0,38.97065142,-84.72615357,21015.0,722.4081269042753,2.4870466321243523,941,957,24,0,933,946,131533,8,0,0,8,11
2020-07-30,US,Kentucky,Bourbon,66,1,0,38.2054607,-84.21827874,21017.0,333.5354760460885,1.5151515151515151,65,66,1,0,65,64,20184,0,0,0,0,2
2020-07-30,US,Kentucky,Boyd,164,3,0,38.36176608,-82.68652187,21019.0,351.042424761334,1.8292682926829267,161,157,3,0,154,152,47240,7,0,0,7,5
2020-07-30,US,Kentucky,Boyle,125,0,0,37.62680923,-84.8633779,21021.0,415.83499667332,0.0,125,121,0,0,121,113,30100,4,0,0,4,8
2020-07-30,US,Kentucky,Bracken,28,0,0,38.69158994,-84.08532444,21023.0,337.22750812959174,0.0,28,28,0,0,28,28,8239,0,0,0,0,0
2020-07-30,US,Kentucky,Breathitt,24,0,0,37.52333168,-83.31959161,21025.0,190.02375296912118,0.0,24,22,0,0,22,21,12726,2,0,0,2,1
2020-07-30,US,Kentucky,Breckinridge,48,2,0,37.77377239,-86.42885017,21027.0,234.4093373052693,4.166666666666667,46,43,2,0,41,43,20388,5,0,0,5,0
2020-07-30,US,Kentucky,Bullitt,284,4,0,37.97162523,-85.68955617,21029.0,347.7153631421715,1.4084507042253518,280,277,4,0,273,273,81069,7,0,0,7,4
2020-07-30,US,Kentucky,Butler,290,15,0,37.20946153,-86.68748787,21031.0,2251.727618603929,5.172413793103448,275,287,15,0,272,287,12772,3,0,0,3,0
2020-07-30,US,Kentucky,Caldwell,45,0,0,37.14749129,-87.86948214,21033.0,353.02424099788175,0.0,45,43,0,0,43,42,12715,2,0,0,2,1
2020-07-30,US,Kentucky,Calloway,166,2,0,36.62093411,-88.2731593,21035.0,425.630112048409,1.2048192771084338,164,157,2,0,155,155,39135,9,0,0,9,2
2020-07-30,US,Kentucky,Campbell,483,13,0,38.94384345,-84.37875208,21037.0,516.1138656180543,2.691511387163561,470,475,13,0,462,468,93152,8,0,0,8,7
2020-07-30,US,Kentucky,Carlisle,18,1,0,36.85372876,-88.96692220000001,21039.0,378.1512605042017,5.5555555555555545,17,18,1,0,17,18,4771,0,0,0,0,0
2020-07-30,US,Kentucky,Carroll,138,2,0,38.66599534,-85.12601074,21041.0,1298.0904900761925,1.4492753623188406,136,136,2,0,134,135,10737,2,0,0,2,1
2020-07-30,US,Kentucky,Carter,91,1,0,38.31690743,-83.05092385,21043.0,339.5902526402208,1.0989010989010992,90,90,1,0,89,85,27004,1,0,0,1,5
2020-07-30,US,Kentucky,Casey,144,10,0,37.32533118,-84.92726209,21045.0,891.1442539761124,6.9444444444444455,134,141,9,0,132,138,15888,3,1,0,2,3
2020-07-30,US,Kentucky,Christian,469,6,0,36.89267803,-87.49055367,21047.0,665.616440300308,1.279317697228145,463,455,5,0,450,420,71671,14,1,0,13,35
2020-07-30,US,Kentucky,Clark,143,7,0,37.9689263,-84.14615986,21049.0,394.3413396575022,4.895104895104895,136,137,7,0,130,132,36249,6,0,0,6,5
2020-07-30,US,Kentucky,Clay,141,5,0,37.16451126,-83.712575,21051.0,708.5071101954677,3.5460992907801416,136,139,5,0,134,136,20105,2,0,0,2,3
2020-07-30,US,Kentucky,Clinton,22,0,0,36.72581156,-85.13377529,21053.0,215.30632217655116,0.0,22,18,0,0,18,17,10206,4,0,0,4,1
2020-07-30,US,Kentucky,Crittenden,23,1,0,37.35839237,-88.08826090000002,21055.0,261.1855553032024,4.3478260869565215,22,23,1,0,22,23,8915,0,0,0,0,0
2020-07-30,US,Kentucky,Cumberland,32,0,0,36.78926125,-85.39050034,21057.0,483.8221953432114,0.0,32,31,0,0,31,30,6659,1,0,0,1,1
2020-07-30,US,Kentucky,Daviess,685,7,0,37.73028906,-87.09019479999998,21059.0,674.8037158534543,1.0218978102189782,678,671,7,0,664,661,101104,14,0,0,14,10
2020-07-30,US,Kentucky,Edmonson,89,12,0,37.21218923,-86.23955613,21061.0,732.5102880658436,13.483146067415731,77,88,12,0,76,87,12274,1,0,0,1,1
2020-07-30,US,Kentucky,Elliott,7,0,0,38.11624059,-83.09771563,21063.0,93.1222562192364,0.0,7,7,0,0,7,7,7508,0,0,0,0,0
2020-07-30,US,Kentucky,Estill,11,0,0,37.69241417,-83.95956369,21065.0,77.98100099248546,0.0,11,11,0,0,11,10,14198,0,0,0,0,1
2020-07-30,US,Kentucky,Fayette,2604,45,0,38.0368225,-84.45576892,21067.0,805.812744467,1.7281105990783407,2559,2562,45,0,2517,2498,323780,42,0,0,42,64
2020-07-30,US,Kentucky,Fleming,49,0,0,38.36758311,-83.69657514,21069.0,336.0537686029765,0.0,49,46,0,0,46,46,14432,3,0,0,3,0
2020-07-30,US,Kentucky,Floyd,78,1,0,37.56213922,-82.74750924,21071.0,219.16884430582482,1.2820512820512822,77,75,1,0,74,75,35845,3,0,0,3,0
2020-07-30,US,Kentucky,Franklin,238,5,0,38.2379395,-84.87962551,21073.0,466.7490341432802,2.100840336134454,233,227,5,0,222,223,50815,11,0,0,11,4
2020-07-30,US,Kentucky,Fulton,47,1,0,36.55238827,-89.20140068,21075.0,787.4015748031495,2.127659574468085,46,46,1,0,45,45,6120,1,0,0,1,1
2020-07-30,US,Kentucky,Gallatin,77,8,0,38.75398691,-84.8558382,21077.0,868.1925808997631,10.389610389610391,69,77,8,0,69,77,8832,0,0,0,0,0
2020-07-30,US,Kentucky,Garrard,67,0,0,37.638866799999995,-84.53289319,21079.0,379.25959470168686,0.0,67,64,0,0,64,63,17560,3,0,0,3,1
2020-07-30,US,Kentucky,Grant,90,5,0,38.64962758,-84.62415957,21081.0,359.00913478798515,5.5555555555555545,85,89,5,0,84,87,25121,1,0,0,1,2
2020-07-30,US,Kentucky,Graves,471,22,0,36.72292505,-88.65143315,21083.0,1263.8866527129287,4.670912951167728,449,456,22,0,434,449,37317,15,0,0,15,7
2020-07-30,US,Kentucky,Grayson,171,11,0,37.46231118,-86.34248968,21085.0,647.0655011919628,6.432748538011697,160,169,11,0,158,167,26321,2,0,0,2,2
2020-07-30,US,Kentucky,Green,28,2,0,37.26484328,-85.5540745,21087.0,255.9181062060141,7.142857142857142,26,25,1,0,24,24,11049,3,1,0,2,1
2020-07-30,US,Kentucky,Greenup,80,1,0,38.54332505,-82.9215658,21089.0,227.93321556783863,1.25,79,74,0,0,74,74,35268,6,1,0,5,0
2020-07-30,US,Kentucky,Hancock,43,0,0,37.83766422,-86.78280584,21091.0,493.00619124054117,0.0,43,42,0,0,42,42,8758,1,0,0,1,0
2020-07-30,US,Kentucky,Hardin,495,8,0,37.6976111,-85.96319251,21093.0,446.11474612015365,1.616161616161616,487,477,8,0,469,461,110356,18,0,0,18,16
2020-07-30,US,Kentucky,Harlan,178,3,0,36.85699301,-83.21899516,21095.0,684.3521722414456,1.6853932584269662,175,177,3,0,174,175,26409,1,0,0,1,2
2020-07-30,US,Kentucky,Harrison,113,0,0,38.44188174,-84.32869741,21097.0,598.3268029228,0.0,113,111,0,0,111,111,18778,2,0,0,2,0
2020-07-30,US,Kentucky,Hart,73,0,0,37.29943898,-85.88461055,21099.0,383.5040714473337,0.0,73,72,0,0,72,72,18906,1,0,0,1,0
2020-07-30,US,Kentucky,Henderson,310,4,0,37.79344553,-87.57392021,21101.0,685.68900685689,1.2903225806451613,306,295,4,0,291,291,45591,15,0,0,15,4
2020-07-30,US,Kentucky,Henry,87,2,0,38.44942688,-85.11587507,21103.0,539.5014262681384,2.2988505747126435,85,83,2,0,81,80,16106,4,0,0,4,3
2020-07-30,US,Kentucky,Hickman,24,0,0,36.67948079999999,-88.97875928,21105.0,547.9452054794519,0.0,24,20,0,0,20,19,4421,4,0,0,4,1
2020-07-30,US,Kentucky,Hopkins,390,33,0,37.30939025,-87.54670406,21107.0,872.756568052634,8.461538461538463,357,386,33,0,353,377,45068,4,0,0,4,9
2020-07-30,US,Kentucky,Jackson,137,14,0,37.41866422,-83.99825483,21109.0,1027.834046064971,10.218978102189784,123,133,14,0,119,131,13442,4,0,0,4,2
2020-07-30,US,Kentucky,Jefferson,6687,231,0,38.18664655,-85.65931031,21111.0,872.1146334497107,3.454463885150292,6456,6549,231,0,6318,6450,770517,138,0,0,138,99
2020-07-30,US,Kentucky,Jessamine,258,0,0,37.87119786,-84.58252003,21113.0,476.76245033724473,0.0,258,251,0,0,251,245,53920,7,0,0,7,6
2020-07-30,US,Kentucky,Johnson,29,0,0,37.85106355,-82.8264322,21115.0,130.70127997115557,0.0,29,29,0,0,29,29,22386,0,0,0,0,0
2020-07-30,US,Kentucky,Kenton,1252,37,0,38.93950319,-84.53241199,21117.0,749.709577360208,2.955271565495208,1215,1239,37,0,1202,1224,166051,13,0,0,13,15
2020-07-30,US,Kentucky,Knott,34,1,0,37.35388197,-82.94981134,21119.0,229.6366337971093,2.9411764705882355,33,32,1,0,31,32,15126,2,0,0,2,0
2020-07-30,US,Kentucky,Knox,188,8,0,36.89225732,-83.85403396,21121.0,603.628190720822,4.25531914893617,180,179,8,0,171,174,31304,9,0,0,9,5
2020-07-30,US,Kentucky,Larue,45,1,0,37.54567114,-85.70138352,21123.0,312.5434088067787,2.2222222222222223,44,44,1,0,43,44,14307,1,0,0,1,0
2020-07-30,US,Kentucky,Laurel,361,4,0,37.10975748,-84.11321779,21125.0,593.62307401378,1.10803324099723,357,341,4,0,337,332,60669,20,0,0,20,9
2020-07-30,US,Kentucky,Lawrence,32,0,0,38.07136018,-82.72882223,21127.0,208.9181954690866,0.0,32,32,0,0,32,31,15571,0,0,0,0,1
2020-07-30,US,Kentucky,Lee,3,0,0,37.59645942,-83.71513901,21129.0,40.52411184654871,0.0,3,3,0,0,3,3,7033,0,0,0,0,0
2020-07-30,US,Kentucky,Leslie,23,0,0,37.09246661,-83.37999606,21131.0,232.86423002936115,0.0,23,21,0,0,21,21,10143,2,0,0,2,0
2020-07-30,US,Kentucky,Letcher,45,0,0,37.12306748,-82.85346474,21133.0,208.7876397717255,0.0,45,41,0,0,41,40,21899,4,0,0,4,1
2020-07-30,US,Kentucky,Lewis,31,0,0,38.53184419,-83.37735618,21135.0,233.5216572504708,0.0,31,29,0,0,29,29,13257,2,0,0,2,0
2020-07-30,US,Kentucky,Lincoln,92,1,0,37.45475628,-84.6565327,21137.0,374.76068271620034,1.0869565217391304,91,90,1,0,89,87,24644,2,0,0,2,3
2020-07-30,US,Kentucky,Livingston,32,1,0,37.21137452,-88.34797529,21139.0,348.0530780944094,3.125,31,32,1,0,31,32,9242,0,0,0,0,0
2020-07-30,US,Kentucky,Logan,297,22,0,36.85949479,-86.877635,21141.0,1095.8600841266327,7.407407407407407,275,294,22,0,272,293,26989,3,0,0,3,1
2020-07-30,US,Kentucky,Lyon,29,4,0,37.02080035,-88.07886257,21143.0,353.2277710109622,13.79310344827586,25,28,4,0,24,28,8009,1,0,0,1,0
2020-07-30,US,Kentucky,Madison,344,1,0,37.71659336,-84.27220275,21151.0,369.9441857463947,0.2906976744186047,343,338,1,0,337,331,92368,6,0,0,6,7
2020-07-30,US,Kentucky,Magoffin,16,0,0,37.70820545,-83.0657714,21153.0,131.5681276210838,0.0,16,16,0,0,16,15,12362,0,0,0,0,1
2020-07-30,US,Kentucky,Marion,97,0,0,37.55218078,-85.26898542,21155.0,503.294764696726,0.0,97,97,0,0,97,94,19404,0,0,0,0,3
2020-07-30,US,Kentucky,Marshall,115,2,0,36.88007070000001,-88.32803576,21157.0,369.774919614148,1.7391304347826086,113,113,2,0,111,112,31191,2,0,0,2,1
2020-07-30,US,Kentucky,Martin,29,0,0,37.79990579,-82.51247478,21159.0,259.04421616793206,0.0,29,29,0,0,29,28,11323,0,0,0,0,1
2020-07-30,US,Kentucky,Mason,48,1,0,38.59471935,-83.82151043,21161.0,281.195079086116,2.083333333333333,47,48,1,0,47,48,17150,0,0,0,0,0
2020-07-30,US,Kentucky,McCracken,313,4,0,37.05350953,-88.70445755,21145.0,478.4615854963466,1.2779552715654952,309,306,4,0,302,303,65346,7,0,0,7,3
2020-07-30,US,Kentucky,McCreary,28,0,0,36.73874143,-84.48102924,21147.0,162.49782368986132,0.0,28,27,0,0,27,27,17408,1,0,0,1,0
2020-07-30,US,Kentucky,McLean,38,1,0,37.5301951,-87.26803443,21149.0,412.7294449875095,2.631578947368421,37,38,1,0,37,38,9252,0,0,0,0,0
2020-07-30,US,Kentucky,Meade,78,2,0,37.96163597,-86.21028219,21163.0,272.9945401091978,2.5641025641025643,76,77,2,0,75,72,28715,1,0,0,1,5
2020-07-30,US,Kentucky,Menifee,28,0,0,37.94090733,-83.59985712,21165.0,431.4994606256742,0.0,28,26,0,0,26,24,6451,2,0,0,2,2
2020-07-30,US,Kentucky,Mercer,51,0,0,37.81474237,-84.87488475,21167.0,232.52633018738888,0.0,51,38,0,0,38,38,21774,13,0,0,13,0
2020-07-30,US,Kentucky,Metcalfe,42,2,0,36.99459295,-85.63123699,21169.0,417.0390229371463,4.761904761904762,40,38,2,0,36,33,10030,4,0,0,4,5
2020-07-30,US,Kentucky,Monroe,86,2,0,36.71225341,-85.71596443,21171.0,807.5117370892018,2.3255813953488373,84,83,2,0,81,83,10718,3,0,0,3,0
2020-07-30,US,Kentucky,Montgomery,104,0,0,38.03253032,-83.9145241,21173.0,369.357530986966,0.0,104,103,0,0,103,100,28203,1,0,0,1,3
2020-07-30,US,Kentucky,Morgan,28,0,0,37.92465657,-83.25558245,21175.0,210.3839507100459,0.0,28,28,0,0,28,28,13345,0,0,0,0,0
2020-07-30,US,Kentucky,Muhlenberg,607,9,0,37.21425819,-87.14632053,21177.0,1982.234994448436,1.4827018121911038,598,604,9,0,595,603,30774,3,0,0,3,1
2020-07-30,US,Kentucky,Nelson,181,2,0,37.80335779,-85.4657193,21179.0,391.4952523089568,1.1049723756906078,179,178,2,0,176,177,45851,3,0,0,3,1
2020-07-30,US,Kentucky,Nicholas,20,0,0,38.33342292,-84.01889177,21181.0,275.14100976750586,0.0,20,20,0,0,20,20,7166,0,0,0,0,0
2020-07-30,US,Kentucky,Ohio,336,6,0,37.47751843,-86.85368087,21183.0,1400.3500875218806,1.7857142857142858,330,336,5,0,331,331,24087,0,1,0,-1,5
2020-07-30,US,Kentucky,Oldham,530,10,0,38.39791089,-85.448222,21185.0,793.4250512732226,1.8867924528301887,520,518,10,0,508,503,66470,12,0,0,12,15
2020-07-30,US,Kentucky,Owen,42,0,0,38.51679143,-84.82404619,21187.0,385.28575360058716,0.0,42,41,0,0,41,29,10880,1,0,0,1,12
2020-07-30,US,Kentucky,Owsley,9,0,0,37.42823949,-83.68811419,21189.0,203.85050962627412,0.0,9,9,0,0,9,9,4472,0,0,0,0,0
2020-07-30,US,Kentucky,Pendleton,33,0,0,38.69607718,-84.35599463,21191.0,226.1823166552433,0.0,33,32,0,0,32,32,14529,1,0,0,1,0
2020-07-30,US,Kentucky,Perry,170,2,0,37.25023553,-83.22922731,21193.0,659.9891295908068,1.1764705882352942,168,167,2,0,165,160,26092,3,0,0,3,7
2020-07-30,US,Kentucky,Pike,211,3,0,37.47088263,-82.39487445,21195.0,364.5725343838552,1.4218009478672986,208,206,3,0,203,196,58402,5,0,0,5,10
2020-07-30,US,Kentucky,Powell,41,0,0,37.83218794,-83.82553961,21197.0,331.7420503276964,0.0,41,40,0,0,40,38,12442,1,0,0,1,2
2020-07-30,US,Kentucky,Pulaski,222,2,0,37.10466131,-84.57629079,21199.0,341.648840394589,0.9009009009009008,220,211,2,0,209,189,64623,11,0,0,11,22
2020-07-30,US,Kentucky,Robertson,3,0,0,38.51923469,-84.05055616,21201.0,142.31499051233396,0.0,3,3,0,0,3,2,2135,0,0,0,0,1
2020-07-30,US,Kentucky,Rockcastle,56,0,0,37.36642393,-84.31176452,21203.0,335.4297693920336,0.0,56,52,0,0,52,48,16750,4,0,0,4,4
2020-07-30,US,Kentucky,Rowan,67,0,0,38.19484205,-83.42088935,21205.0,273.9165985282093,0.0,67,64,0,0,64,62,24583,3,0,0,3,2
2020-07-30,US,Kentucky,Russell,93,5,0,36.99308373,-85.06070117,21207.0,518.8863471517045,5.376344086021504,88,90,5,0,85,87,17821,3,0,0,3,3
2020-07-30,US,Kentucky,Scott,298,0,0,38.29622293,-84.5816631,21209.0,522.7703319065329,0.0,298,286,0,0,286,268,56031,12,0,0,12,18
2020-07-30,US,Kentucky,Shelby,688,22,0,38.21476019,-85.194223,21211.0,1403.3942558746735,3.197674418604651,666,671,22,0,649,668,48518,17,0,0,17,3
2020-07-30,US,Kentucky,Simpson,134,6,0,36.74058474,-86.58047435,21213.0,721.5162610381219,4.477611940298506,128,130,5,0,125,126,18529,4,1,0,3,4
2020-07-30,US,Kentucky,Spencer,87,0,0,38.03223971,-85.32749335,21215.0,449.58916851842275,0.0,87,84,0,0,84,82,18794,3,0,0,3,2
2020-07-30,US,Kentucky,Taylor,95,1,0,37.3677562,-85.3329931,21217.0,368.6600178509061,1.0526315789473684,94,91,1,0,90,86,25549,4,0,0,4,5
2020-07-30,US,Kentucky,Todd,31,0,0,36.8381152,-87.17878374,21219.0,252.155523019359,0.0,31,31,0,0,31,31,12311,0,0,0,0,0
2020-07-30,US,Kentucky,Trigg,48,0,0,36.80767017,-87.87333656,21221.0,327.62268787113516,0.0,48,45,0,0,45,45,14643,3,0,0,3,0
2020-07-30,US,Kentucky,Trimble,32,0,0,38.61056487,-85.33775972,21223.0,377.7594144729076,0.0,32,28,0,0,28,27,8515,4,0,0,4,1
2020-07-30,US,Kentucky,Unassigned,1,0,0,0.0,0.0,90021.0,0.0,0.0,1,,,,,3,,,,,,
2020-07-30,US,Kentucky,Union,52,0,0,37.66166713,-87.94300009,21225.0,361.58820666156737,0.0,52,50,0,0,50,50,14505,2,0,0,2,0
2020-07-30,US,Kentucky,Warren,2327,22,0,36.99903045,-86.42672751,21227.0,1750.9932578858654,0.9454232917920068,2305,2305,21,0,2284,2261,131264,22,1,0,21,44
2020-07-30,US,Kentucky,Washington,54,0,0,37.75599461,-85.17407732,21229.0,446.46548160396856,0.0,54,53,0,0,53,52,12084,1,0,0,1,1
2020-07-30,US,Kentucky,Wayne,54,0,0,36.80310688,-84.8251971,21231.0,265.5781242315448,0.0,54,54,0,0,54,53,20468,0,0,0,0,1
2020-07-30,US,Kentucky,Webster,77,1,0,37.52168356,-87.67989953,21233.0,594.9621387729871,1.2987012987012987,76,74,1,0,73,74,13111,3,0,0,3,0
2020-07-30,US,Kentucky,Whitley,112,1,0,36.75700531,-84.14541217,21235.0,308.8462386940216,0.8928571428571429,111,106,1,0,105,102,36242,6,0,0,6,4
2020-07-30,US,Kentucky,Wolfe,9,0,0,37.73941626,-83.49303612,21237.0,125.75101299427135,0.0,9,9,0,0,9,9,7177,0,0,0,0,0
2020-07-30,US,Kentucky,Woodford,127,0,0,38.04178222,-84.7417556,21239.0,475.05049749382806,0.0,127,120,0,0,120,118,26533,7,0,0,7,2
2020-07-30,US,Louisiana,Acadia,2299,71,0,30.295064899999996,-92.41419698,22001.0,3705.375130953341,3.0882992605480646,2228,2266,70,0,2196,2229,62190,33,1,0,32,37
2020-07-30,US,Louisiana,Allen,1029,19,0,30.65385745,-92.82442028,22003.0,4015.2963671128114,1.84645286686103,1010,1021,18,0,1003,1001,25605,8,1,0,7,20
2020-07-30,US,Louisiana,Ascension,2444,67,0,30.20406249,-90.91328409999998,22005.0,1930.428738428485,2.7414075286415707,2377,2383,66,0,2317,2357,124672,61,1,0,60,26
2020-07-30,US,Louisiana,Assumption,531,19,0,29.89946234,-91.06461642,22007.0,2425.654378511717,3.5781544256120528,512,521,19,0,502,515,22300,10,0,0,10,6
2020-07-30,US,Louisiana,Avoyelles,895,26,0,31.07796211,-92.00079449,22009.0,2229.473893981666,2.9050279329608935,869,867,26,0,841,851,40462,28,0,0,28,16
2020-07-30,US,Louisiana,Beauregard,697,13,0,30.64836518,-93.34173616,22011.0,1858.8153718964184,1.865136298421808,684,678,13,0,665,661,37253,19,0,0,19,17
2020-07-30,US,Louisiana,Bienville,348,29,0,32.34569994,-93.05398492,22013.0,2628.200286987388,8.333333333333334,319,345,29,0,316,340,13308,3,0,0,3,5
2020-07-30,US,Louisiana,Bossier,2017,66,0,32.67932307,-93.60460152,22015.0,1587.7014145262478,3.2721864154685174,1951,1978,64,0,1914,1926,127185,39,2,0,37,52
2020-07-30,US,Louisiana,Caddo,6007,276,0,32.57991587,-93.88375652,22017.0,2500.7909943214936,4.594639587148327,5731,5933,274,0,5659,5809,242922,74,2,0,72,124
2020-07-30,US,Louisiana,Calcasieu,5913,117,0,30.22931235,-93.35400434,22019.0,2906.5652096973986,1.9786910197869099,5796,5810,116,0,5694,5709,203112,103,1,0,102,101
2020-07-30,US,Louisiana,Caldwell,186,1,0,32.0902519,-92.11752148,22021.0,1875.378100423473,0.5376344086021505,185,185,1,0,184,181,9960,1,0,0,1,4
2020-07-30,US,Louisiana,Cameron,158,0,0,29.87592238,-93.19310676,22023.0,2265.8826903771687,0.0,158,158,0,0,158,157,6968,0,0,0,0,1
2020-07-30,US,Louisiana,Catahoula,249,3,0,31.66778967,-91.84526385,22025.0,2622.70907941858,1.2048192771084338,246,246,3,0,243,243,9608,3,0,0,3,3
2020-07-30,US,Louisiana,Claiborne,214,11,0,32.82308512,-92.99526883,22027.0,1365.6668793873646,5.140186915887852,203,208,10,0,198,201,15944,6,1,0,5,7
2020-07-30,US,Louisiana,Concordia,250,7,0,31.44817835,-91.63814433,22029.0,1298.0943974245806,2.8,243,242,7,0,235,239,19572,8,0,0,8,3
2020-07-30,US,Louisiana,De Soto,623,24,0,32.05457447,-93.74130302,22031.0,2268.5067181298473,3.8523274478330665,599,601,24,0,577,590,27436,22,0,0,22,11
2020-07-30,US,Louisiana,East Baton Rouge,10576,325,0,30.53842039,-91.09777565,22033.0,2403.314101063721,3.0729954614220882,10251,10345,320,0,10025,10155,440956,231,5,0,226,190
2020-07-30,US,Louisiana,East Carroll,492,1,0,32.73926954,-91.23425694,22035.0,7170.966331438564,0.2032520325203252,491,492,1,0,491,490,7037,0,0,0,0,2
2020-07-30,US,Louisiana,East Feliciana,486,35,0,30.84425359,-91.04976723,22037.0,2539.8484452573816,7.201646090534981,451,484,35,0,449,480,19305,2,0,0,2,4
2020-07-30,US,Louisiana,Evangeline,686,2,0,30.72985248,-92.39915924,22039.0,2054.199730498577,0.2915451895043732,684,667,2,0,665,652,33443,19,0,0,19,15
2020-07-30,US,Louisiana,Franklin,759,16,0,32.13675181,-91.67589857,22041.0,3792.155883087684,2.1080368906455864,743,745,16,0,729,731,20156,14,0,0,14,14
2020-07-30,US,Louisiana,Grant,266,8,0,31.59882456,-92.56124347,22043.0,1188.0834338291124,3.0075187969924815,258,260,6,0,254,255,22482,6,2,0,4,5
2020-07-30,US,Louisiana,Iberia,2126,61,0,29.86803617,-91.75871777,22045.0,3044.536732063583,2.8692380056444025,2065,2111,60,0,2051,2080,70941,15,1,0,14,31
2020-07-30,US,Louisiana,Iberville,1083,47,0,30.25734305,-91.3499598,22047.0,3331.1802159269173,4.339796860572484,1036,1066,47,0,1019,1053,32721,17,0,0,17,13
2020-07-30,US,Louisiana,Jackson,347,18,0,32.30251776,-92.55692092,22049.0,2204.0142276422766,5.187319884726224,329,345,18,0,327,341,15902,2,0,0,2,4
2020-07-30,US,Louisiana,Jefferson,14026,513,0,29.74075478,-90.11115756,22051.0,3243.058269151177,3.6574932268643945,13513,13872,510,0,13362,13780,434051,154,3,0,151,92
2020-07-30,US,Louisiana,Jefferson Davis,934,24,0,30.26896765,-92.81210004,22053.0,2977.5567457281304,2.569593147751606,910,924,23,0,901,914,31582,10,1,0,9,10
2020-07-30,US,Louisiana,LaSalle,213,2,0,31.67884782,-92.15907765,22059.0,1430.298146655923,0.9389671361502347,211,208,2,0,206,197,14917,5,0,0,5,11
2020-07-30,US,Louisiana,Lafayette,6096,83,0,30.2049055,-92.06959876,22055.0,2494.373746879987,1.361548556430446,6013,6023,80,0,5943,5944,242782,73,3,0,70,79
2020-07-30,US,Louisiana,Lafourche,2468,96,0,29.52470226,-90.40976986,22057.0,2528.325854897863,3.8897893030794166,2372,2446,96,0,2350,2404,98115,22,0,0,22,42
2020-07-30,US,Louisiana,Lincoln,672,23,0,32.6003154,-92.66597409999999,22061.0,1437.6791750459972,3.4226190476190474,649,662,24,0,638,642,47196,10,-1,0,11,20
2020-07-30,US,Louisiana,Livingston,2521,48,0,30.44143993,-90.73061664,22063.0,1790.622846955373,1.9040063466878223,2473,2463,48,0,2415,2412,139567,58,0,0,58,51
2020-07-30,US,Louisiana,Madison,536,6,0,32.36918118,-91.23973355,22065.0,4894.530179892246,1.1194029850746268,530,533,6,0,527,527,11161,3,0,0,3,6
2020-07-30,US,Louisiana,Morehouse,422,11,0,32.81686191,-91.80421614,22067.0,1696.5506151001043,2.6066350710900474,411,420,11,0,409,401,25398,2,0,0,2,19
2020-07-30,US,Louisiana,Natchitoches,654,16,0,31.72321584,-93.09816516,22069.0,1713.9263064101892,2.4464831804281344,638,648,16,0,632,608,38659,6,0,0,6,40
2020-07-30,US,Louisiana,Orleans,10204,560,0,30.06971951,-89.92660315,22071.0,2615.4445538057744,5.488043904351236,9644,10120,559,0,9561,10071,391006,84,1,0,83,49
2020-07-30,US,Louisiana,Ouachita,4304,104,0,32.47645559,-92.15704172,22073.0,2807.951513253609,2.41635687732342,4200,4246,103,0,4143,4169,154475,58,1,0,57,77
2020-07-30,US,Louisiana,Plaquemines,419,18,0,29.42245447,-89.60322085,22075.0,1806.2680519032635,4.295942720763724,401,417,18,0,399,382,23410,2,0,0,2,35
2020-07-30,US,Louisiana,Pointe Coupee,683,32,0,30.71409502,-91.60209535,22077.0,3143.120110446388,4.685212298682284,651,676,30,0,646,664,21940,7,2,0,5,12
2020-07-30,US,Louisiana,Rapides,2901,101,0,31.19778499,-92.52997303,22079.0,2237.597186227323,3.4815580834195106,2800,2817,100,0,2717,2786,130562,84,1,0,83,31
2020-07-30,US,Louisiana,Red River,171,10,0,32.09530039,-93.34213308,22081.0,2025.586353944563,5.847953216374268,161,171,9,0,162,169,8477,0,1,0,-1,2
2020-07-30,US,Louisiana,Richland,500,6,0,32.41391005,-91.76634876,22083.0,2484.842460987973,1.2,494,487,5,0,482,479,20192,13,1,0,12,8
2020-07-30,US,Louisiana,Sabine,506,7,0,31.56388699,-93.55433981,22085.0,2118.573103332775,1.383399209486166,499,497,7,0,490,474,24032,9,0,0,9,23
2020-07-30,US,Louisiana,St. Bernard,998,23,0,29.87761636,-89.51887093,22087.0,2112.43755820845,2.3046092184368736,975,990,23,0,967,981,46721,8,0,0,8,9
2020-07-30,US,Louisiana,St. Charles,1320,50,0,29.90709658,-90.35555967,22089.0,2485.875706214689,3.787878787878788,1270,1298,50,0,1248,1276,52879,22,0,0,22,22
2020-07-30,US,Louisiana,St. Helena,234,1,0,30.82210324,-90.71013176,22091.0,2309.514409790762,0.4273504273504273,233,230,1,0,229,225,10262,4,0,0,4,5
2020-07-30,US,Louisiana,St. James,611,30,0,30.02531716,-90.80212061,22093.0,2896.2836556693214,4.9099836333878875,581,604,30,0,574,599,21037,7,0,0,7,5
2020-07-30,US,Louisiana,St. John the Baptist,1325,88,0,30.12597499,-90.4753503,22095.0,3093.120433270304,6.6415094339622645,1237,1316,88,0,1228,1297,43184,9,0,0,9,19
2020-07-30,US,Louisiana,St. Landry,2054,70,0,30.59724262,-92.00135806,22097.0,2501.095903755297,3.4079844206426486,1984,2034,70,0,1964,1981,82764,20,0,0,20,53
2020-07-30,US,Louisiana,St. Martin,1461,43,0,30.13112107,-91.61403569,22099.0,2734.367689169209,2.943189596167009,1418,1453,40,0,1413,1442,53621,8,3,0,5,11
2020-07-30,US,Louisiana,St. Mary,1356,47,0,29.69262097,-91.44702164,22101.0,2747.831725703169,3.4660766961651923,1309,1342,47,0,1295,1322,49774,14,0,0,14,20
2020-07-30,US,Louisiana,St. Tammany,4568,201,0,30.40942847,-89.95642711,22103.0,1754.0962832973016,4.400175131348512,4367,4487,200,0,4287,4409,258111,81,1,0,80,78
2020-07-30,US,Louisiana,Tangipahoa,3001,61,0,30.62888673,-90.40664996,22105.0,2226.9549859748586,2.032655781406198,2940,2955,58,0,2897,2916,133777,46,3,0,43,39
2020-07-30,US,Louisiana,Tensas,54,0,0,32.00760749,-91.32915234,22107.0,1245.9621596677434,0.0,54,54,0,0,54,54,4462,0,0,0,0,0
2020-07-30,US,Louisiana,Terrebonne,2653,73,0,29.37343766,-90.82626855,22109.0,2401.7526547831358,2.751601960045232,2580,2601,73,0,2528,2546,111021,52,0,0,52,55
2020-07-30,US,Louisiana,Unassigned,10,114,0,0.0,0.0,90022.0,0.0,1140.0,-104,10,114,0,-104,10,,0,0,0,0,0
2020-07-30,US,Louisiana,Union,573,32,0,32.83121059,-92.3749373,22111.0,2591.821964899584,5.5846422338568935,541,561,31,0,530,551,22330,12,1,0,11,10
2020-07-30,US,Louisiana,Vermilion,1204,16,0,29.83517605,-92.30292538,22113.0,2023.1553830384296,1.32890365448505,1188,1184,15,0,1169,1158,59830,20,1,0,19,26
2020-07-30,US,Louisiana,Vernon,654,21,0,31.10884837,-93.18153838,22115.0,1378.9032026819034,3.2110091743119265,633,631,21,0,610,611,48860,23,0,0,23,20
2020-07-30,US,Louisiana,Washington,1151,58,0,30.85288548,-90.03866652,22117.0,2491.665584275014,5.0390964378801035,1093,1133,56,0,1077,1128,46582,18,2,0,16,5
2020-07-30,US,Louisiana,Webster,800,13,0,32.70847669,-93.33121835,22119.0,2086.5936358894105,1.625,787,791,13,0,778,772,38798,9,0,0,9,19
2020-07-30,US,Louisiana,West Baton Rouge,609,35,0,30.46058217,-91.30989571,22121.0,2301.152465520499,5.747126436781608,574,593,34,0,559,582,26427,16,1,0,15,11
2020-07-30,US,Louisiana,West Carroll,242,5,0,32.78550125,-91.461201,22123.0,2234.533702677747,2.066115702479338,237,234,5,0,229,226,10982,8,0,0,8,8
2020-07-30,US,Louisiana,West Feliciana,321,15,0,30.87882871,-91.41485379999999,22125.0,2061.921891058582,4.672897196261682,306,321,15,0,306,320,15460,0,0,0,0,1
2020-07-30,US,Louisiana,Winn,371,7,0,31.94449367,-92.63789413,22127.0,2668.296892980437,1.8867924528301887,364,364,7,0,357,363,14134,7,0,0,7,1
2020-07-30,US,Maine,Androscoggin,547,6,0,44.1664747,-70.20380627,23001.0,505.18577352531014,1.0968921389396709,541,545,6,0,539,544,107679,2,0,0,2,1
2020-07-30,US,Maine,Aroostook,32,1,0,46.65926321,-68.59841248,23003.0,47.722019237938994,3.125,31,31,1,0,30,31,67111,1,0,0,1,0
2020-07-30,US,Maine,Cumberland,2032,68,0,43.8370751,-70.37226999,23005.0,688.8065545096151,3.3464566929133857,1964,2029,68,0,1961,2016,293557,3,0,0,3,13
2020-07-30,US,Maine,Franklin,45,1,0,44.97330019,-70.44381045,23007.0,149.01155667406206,2.2222222222222223,44,45,1,0,44,45,29897,0,0,0,0,0
2020-07-30,US,Maine,Hancock,27,1,0,44.59816444,-68.38401854,23009.0,49.10251513994217,3.703703703703704,26,23,1,0,22,18,54811,4,0,0,4,5
2020-07-30,US,Maine,Kennebec,162,11,0,44.40759555,-69.76738544,23011.0,132.45899494693464,6.790123456790122,151,160,10,0,150,159,122083,2,1,0,1,1
2020-07-30,US,Maine,Knox,25,1,0,44.11486325,-69.10529169,23013.0,62.858292265915715,4.0,24,25,1,0,24,25,39771,0,0,0,0,0
2020-07-30,US,Maine,Lincoln,33,1,0,44.05996956,-69.54227124,23015.0,95.28209274123694,3.0303030303030303,32,33,1,0,32,33,34342,0,0,0,0,0
2020-07-30,US,Maine,Oxford,51,0,0,44.49952995,-70.75682123,23017.0,87.96895213454077,0.0,51,51,0,0,51,49,57618,0,0,0,0,2
2020-07-30,US,Maine,Penobscot,141,5,0,45.40194593,-68.65020455,23019.0,92.67292373215557,3.5460992907801416,136,141,5,0,136,140,151096,0,0,0,0,1
2020-07-30,US,Maine,Piscataquis,3,0,0,45.83839062,-69.2860223,23021.0,17.873100983020553,0.0,3,3,0,0,3,3,16800,0,0,0,0,0
2020-07-30,US,Maine,Sagadahoc,45,0,0,43.95415864,-69.85074999,23023.0,125.50200803212853,0.0,45,43,0,0,43,43,35634,2,0,0,2,0
2020-07-30,US,Maine,Somerset,34,1,0,45.51229767,-69.95995554,23025.0,67.34807067585771,2.9411764705882355,33,34,1,0,33,34,50592,0,0,0,0,0
2020-07-30,US,Maine,Unassigned,1,0,0,0.0,0.0,90023.0,0.0,0.0,1,1,0,0,1,1,,0,0,0,0,0
2020-07-30,US,Maine,Waldo,62,14,0,44.4858305,-69.12061935,23027.0,156.11230013848672,22.580645161290327,48,62,14,0,48,60,39694,0,0,0,0,2
2020-07-30,US,Maine,Washington,7,0,0,45.01607142,-67.62813524,23029.0,22.307912935402666,0.0,7,7,0,0,7,7,31490,0,0,0,0,0
2020-07-30,US,Maine,York,641,12,0,43.47808377,-70.71052375,23031.0,308.7058914183615,1.87207488299532,629,633,12,0,621,630,206229,8,0,0,8,3
2020-07-30,US,Maryland,Allegany,264,18,0,39.62357628,-78.69280486,24001.0,374.9147920927063,6.8181818181818175,246,260,18,0,242,262,70975,4,0,0,4,-2
2020-07-30,US,Maryland,Anne Arundel,6684,216,0,39.00670238,-76.60329337,24003.0,1153.937786801189,3.2315978456014363,6468,6599,214,0,6385,6537,576031,85,2,0,83,62
2020-07-30,US,Maryland,Baltimore,11615,545,0,39.45784712,-76.62911955,24005.0,1403.8459214136358,4.69220835126991,11070,11423,538,0,10885,11252,828431,192,7,0,185,171
2020-07-30,US,Maryland,Baltimore City,11004,406,0,39.30211911,-76.61151012,24510.0,1854.1171713086999,3.689567430025445,10598,10826,404,0,10422,10702,621342,178,2,0,176,124
2020-07-30,US,Maryland,Calvert,565,27,0,38.53961642,-76.56820632,24009.0,610.6457714131317,4.778761061946904,538,559,27,0,532,552,92003,6,0,0,6,7
2020-07-30,US,Maryland,Caroline,418,3,0,38.87172293,-75.82904158,24011.0,1251.2722265461293,0.7177033492822966,415,418,3,0,415,416,33304,0,0,0,0,2
2020-07-30,US,Maryland,Carroll,1435,116,0,39.56453592,-77.02373735,24013.0,851.9000041556097,8.08362369337979,1319,1414,116,0,1298,1402,168429,21,0,0,21,12
2020-07-30,US,Maryland,Cecil,619,30,0,39.56647682,-75.94627411,24015.0,601.8180934325021,4.846526655896606,589,612,30,0,582,607,102826,7,0,0,7,5
2020-07-30,US,Maryland,Charles,1819,90,0,38.51092331,-76.98580666,24017.0,1114.1941846291431,4.947773501924134,1729,1796,90,0,1706,1772,161503,23,0,0,23,24
2020-07-30,US,Maryland,Dorchester,326,5,0,38.45413522,-76.02752426,24019.0,1021.0153778696484,1.5337423312883436,321,319,5,0,314,319,31998,7,0,0,7,0
2020-07-30,US,Maryland,Frederick,2964,121,0,39.47296601,-77.39999394,24021.0,1141.989697434376,4.082321187584346,2843,2947,121,0,2826,2931,255648,17,0,0,17,16
2020-07-30,US,Maryland,Garrett,45,0,0,39.52786077,-79.27355126,24023.0,155.097539119046,0.0,45,45,0,0,45,48,29163,0,0,0,0,-3
2020-07-30,US,Maryland,Harford,1716,67,0,39.55010644,-76.30775940000002,24025.0,671.779393284555,3.904428904428904,1649,1676,67,0,1609,1648,253956,40,0,0,40,28
2020-07-30,US,Maryland,Howard,3472,105,0,39.25305293,-76.93126208,24027.0,1066.0443980472228,3.0241935483870965,3367,3441,102,0,3339,3410,323196,31,3,0,28,31
2020-07-30,US,Maryland,Kent,229,23,0,39.24976208,-76.04741541,24029.0,1179.0752754608175,10.043668122270743,206,224,23,0,201,224,19383,5,0,0,5,0
2020-07-30,US,Maryland,Montgomery,17397,789,0,39.13676329,-77.20358245,24031.0,1655.7722178229885,4.535264700810486,16608,17305,787,0,16518,17230,1052567,92,2,0,90,75
2020-07-30,US,Maryland,Prince George's,22183,734,0,38.83070039,-76.8496441,24033.0,2439.496462768619,3.3088401027814083,21449,22044,733,0,21311,21870,909308,139,1,0,138,174
2020-07-30,US,Maryland,Queen Anne's,378,25,0,39.06198912,-76.03530977,24035.0,750.2828447232091,6.613756613756614,353,376,23,0,353,375,50251,2,2,0,0,1
2020-07-30,US,Maryland,Somerset,117,3,0,38.1163542,-75.75118623,24039.0,456.7457838850718,2.5641025641025643,114,116,3,0,113,116,25675,1,0,0,1,0
2020-07-30,US,Maryland,St. Mary's,874,53,0,38.30058422,-76.60629279999998,24037.0,769.976213549467,6.064073226544622,821,863,53,0,810,855,112664,11,0,0,11,8
2020-07-30,US,Maryland,Talbot,330,4,0,38.76618159,-76.10882561,24041.0,887.5500927893279,1.2121212121212122,326,323,4,0,319,320,36968,7,0,0,7,3
2020-07-30,US,Maryland,Unassigned,0,16,0,0.0,0.0,90024.0,0.0,0.0,-16,0,26,0,-26,0,,0,-10,0,10,0
2020-07-30,US,Maryland,Washington,936,30,0,39.60835778,-77.82002295,24043.0,619.6664658488305,3.2051282051282053,906,931,30,0,901,914,150926,5,0,0,5,17
2020-07-30,US,Maryland,Wicomico,1269,44,0,38.37301947,-75.62705831,24045.0,1224.797073613296,3.4672970843183615,1225,1260,43,0,1217,1256,103195,9,1,0,8,4
2020-07-30,US,Maryland,Worcester,518,18,0,38.21274277,-75.33200012,24047.0,990.8944831280127,3.474903474903475,500,508,18,0,490,506,51823,10,0,0,10,2
2020-07-30,US,Massachusetts,Barnstable,1742,155,0,41.72980578,-70.28854339,25001.0,812.7142119348326,8.954361640670133,1587,1731,155,0,1576,1718,213413,11,0,0,11,13
2020-07-30,US,Massachusetts,Berkshire,648,45,0,42.37428441,-73.20524838,25003.0,518.6323472915866,6.9444444444444455,603,648,45,0,603,647,126348,0,0,0,0,1
2020-07-30,US,Massachusetts,Bristol,9029,622,0,41.79228404,-71.10872211,25005.0,1590.008793083011,6.921108267497496,8407,8987,622,0,8365,8932,564022,42,0,0,42,55
2020-07-30,US,Massachusetts,Dukes and Nantucket,98,1,0,41.40674725,-70.68763497,0.0,341.09498451150324,1.020408163265306,97,98,1,0,97,99,26707,0,0,0,0,-1
2020-07-30,US,Massachusetts,Essex,17169,1175,0,42.6687626,-70.94687179,25009.0,2169.6149975793187,6.863718675156258,15994,17119,1175,0,15944,17033,790638,50,0,0,50,86
2020-07-30,US,Massachusetts,Franklin,398,60,0,42.58119713,-72.58602547,25011.0,565.6882302650328,15.113350125944585,338,397,60,0,337,398,70963,1,0,0,1,-1
2020-07-30,US,Massachusetts,Hampden,7381,692,0,42.13440424,-72.63235561,25013.0,1576.6383916701689,9.411124711002312,6689,7353,692,0,6661,7326,470406,28,0,0,28,27
2020-07-30,US,Massachusetts,Hampshire,1107,127,0,42.33997957,-72.65898478,25015.0,685.195548094261,11.524500907441015,980,1102,127,0,975,1095,161355,5,0,0,5,7
2020-07-30,US,Massachusetts,Middlesex,25617,1971,0,42.48607732,-71.39049229,25017.0,1584.3529095693427,7.718817309575093,23646,25535,1971,0,23564,25429,1614714,82,0,0,82,106
2020-07-30,US,Massachusetts,Norfolk,10160,979,0,42.16073095,-71.20530408,25021.0,1429.4506738353793,9.690191032366622,9181,10103,979,0,9124,10034,705388,57,0,0,57,69
2020-07-30,US,Massachusetts,Plymouth,9058,707,0,41.94070556,-70.80802823,25023.0,1735.0278778669306,7.818201924140219,8351,9043,707,0,8336,9018,518132,15,0,0,15,25
2020-07-30,US,Massachusetts,Suffolk,21113,1054,0,42.3279514,-71.07850442,25025.0,2615.9742358257863,5.011887779362816,20059,21030,1054,0,19976,20960,807252,83,0,0,83,70
2020-07-30,US,Massachusetts,Unassigned,335,6,0,0.0,0.0,90025.0,0.0,1.7964071856287425,329,334,6,0,328,327,,1,0,0,1,7
2020-07-30,US,Massachusetts,Worcester,13243,986,0,42.35026951,-71.90493363,25027.0,1589.652092046683,7.467434110875492,12257,13204,986,0,12218,13166,830839,39,0,0,39,38
2020-07-30,US,Michigan,Alcona,28,1,0,44.6846864,-83.59507875,26001.0,269.1013935607881,3.571428571428572,27,28,1,0,27,27,10362,0,0,0,0,1
2020-07-30,US,Michigan,Alger,6,0,0,46.41292944,-86.60260122,26003.0,65.87615283267458,0.0,6,5,0,0,5,5,9097,1,0,0,1,0
2020-07-30,US,Michigan,Allegan,485,7,0,42.59147037,-85.89102866,26005.0,410.7350039379748,1.443298969072165,478,482,7,0,475,477,117327,3,0,0,3,5
2020-07-30,US,Michigan,Alpena,125,13,0,45.03477666,-83.62212411,26007.0,440.06336912515405,10.4,112,126,13,0,113,125,28360,-1,0,0,-1,1
2020-07-30,US,Michigan,Antrim,34,0,0,44.99690221,-85.15503082,26009.0,145.7725947521866,0.0,34,34,0,0,34,35,23365,0,0,0,0,-1
2020-07-30,US,Michigan,Arenac,40,3,0,44.0636262,-83.89277559,26011.0,268.76301820869446,7.5,37,40,3,0,37,40,15041,0,0,0,0,0
2020-07-30,US,Michigan,Baraga,5,0,0,46.6720582,-88.36363591,26013.0,60.9087586794981,0.0,5,5,0,0,5,5,8320,0,0,0,0,0
2020-07-30,US,Michigan,Barry,169,2,0,42.59513984,-85.30834519,26015.0,274.5735174654752,1.183431952662722,167,168,2,0,166,168,61157,1,0,0,1,0
2020-07-30,US,Michigan,Bay,536,31,0,43.70639106,-83.98731479,26017.0,519.7525357329869,5.783582089552239,505,534,31,0,503,532,103923,2,0,0,2,2
2020-07-30,US,Michigan,Benzie,28,1,0,44.63899297,-86.01608482,26019.0,157.60441292356185,3.571428571428572,27,30,1,0,29,30,17753,-2,0,0,-2,0
2020-07-30,US,Michigan,Berrien,1260,64,0,41.95447397,-86.41313079999998,26021.0,821.3766533464578,5.079365079365079,1196,1254,64,0,1190,1241,154141,6,0,0,6,13
2020-07-30,US,Michigan,Branch,313,2,0,41.91600556,-85.05929476,26023.0,719.2591401061653,0.6389776357827476,311,310,2,0,308,308,43622,3,0,0,3,2
2020-07-30,US,Michigan,Calhoun,717,41,0,42.24633834,-85.00493569,26025.0,534.4404773440468,5.718270571827057,676,708,41,0,667,705,134487,9,0,0,9,3
2020-07-30,US,Michigan,Cass,272,9,0,41.91522292,-85.99405727,26027.0,525.228339158476,3.3088235294117645,263,268,9,0,259,265,51653,4,0,0,4,3
2020-07-30,US,Michigan,Charlevoix,42,2,0,45.37790017,-85.19614053,26029.0,160.65485980950925,4.761904761904762,40,43,2,0,41,43,26244,-1,0,0,-1,0
2020-07-30,US,Michigan,Cheboygan,37,2,0,45.44787015,-84.50122149,26031.0,146.3839215065675,5.405405405405406,35,36,2,0,34,34,25413,1,0,0,1,2
2020-07-30,US,Michigan,Chippewa,27,0,0,46.29552653,-84.54353449,26033.0,72.29109213098073,0.0,27,27,0,0,27,27,37517,0,0,0,0,0
2020-07-30,US,Michigan,Clare,56,3,0,43.98794227,-84.84819859999998,26035.0,180.93699515347333,5.357142857142857,53,54,3,0,51,53,30757,2,0,0,2,1
2020-07-30,US,Michigan,Clinton,397,13,0,42.94400871,-84.60145248,26037.0,498.77504868396255,3.2745591939546603,384,388,12,0,376,380,79332,9,1,0,8,8
2020-07-30,US,Michigan,Crawford,93,5,0,44.68255561,-84.61006219,26039.0,662.9125383134933,5.376344086021504,88,93,5,0,88,93,13901,0,0,0,0,0
2020-07-30,US,Michigan,Delta,65,3,0,45.90484910000001,-86.9080745,26041.0,181.64542812430145,4.615384615384615,62,63,3,0,60,62,35857,2,0,0,2,1
2020-07-30,US,Michigan,Dickinson,44,2,0,46.00999672,-87.86961634,26043.0,174.33337295455445,4.545454545454546,42,43,2,0,41,43,25383,1,0,0,1,0
2020-07-30,US,Michigan,Eaton,442,7,0,42.59599185,-84.83740035,26045.0,400.8415859542208,1.5837104072398192,435,433,7,0,426,432,109826,9,0,0,9,1
2020-07-30,US,Michigan,Emmet,56,2,0,45.52625509,-84.89083249,26047.0,167.58940595540923,3.571428571428572,54,56,2,0,54,54,33308,0,0,0,0,2
2020-07-30,US,Michigan,Federal Correctional Institution (FCI),193,5,0,0.0,0.0,0.0,0.0,2.5906735751295336,188,193,5,0,188,193,,0,0,0,0,0
2020-07-30,US,Michigan,Genesee,3415,294,0,43.02244215,-83.70589709,26049.0,841.5206018535631,8.609077598828696,3121,3374,294,0,3080,3340,406892,41,0,0,41,34
2020-07-30,US,Michigan,Gladwin,49,2,0,43.98901072,-84.38774817,26051.0,192.54194663837487,4.081632653061225,47,45,2,0,43,45,25337,4,0,0,4,0
2020-07-30,US,Michigan,Gogebic,78,1,0,46.40862701,-89.69377193,26053.0,558.1395348837209,1.2820512820512822,77,67,1,0,66,64,15096,11,0,0,11,3
2020-07-30,US,Michigan,Grand Traverse,188,5,0,44.69565625,-85.55585247,26055.0,201.95943623238227,2.6595744680851063,183,173,5,0,168,171,92573,15,0,0,15,2
2020-07-30,US,Michigan,Gratiot,142,15,0,43.29265605,-84.60505416,26057.0,348.8000786028346,10.56338028169014,127,135,15,0,120,134,40599,7,0,0,7,1
2020-07-30,US,Michigan,Hillsdale,244,25,0,41.88753639,-84.59312019,26059.0,535.0290538318167,10.245901639344263,219,238,25,0,213,232,45749,6,0,0,6,6
2020-07-30,US,Michigan,Houghton,47,0,0,46.89988536,-88.68495385,26061.0,131.7116915144042,0.0,47,47,0,0,47,46,36219,0,0,0,0,1
2020-07-30,US,Michigan,Huron,143,3,0,43.83353985,-83.04078453,26063.0,461.57322229753714,2.097902097902098,140,142,3,0,139,140,31166,1,0,0,1,2
2020-07-30,US,Michigan,Ingham,1438,31,0,42.59716886,-84.37472069,26065.0,491.7819743780908,2.1557719054242,1407,1430,30,0,1400,1415,292735,8,1,0,7,15
2020-07-30,US,Michigan,Ionia,264,5,0,42.94502238,-85.07413319,26067.0,408.0560149620539,1.893939393939394,259,259,5,0,254,257,64210,5,0,0,5,2
2020-07-30,US,Michigan,Iosco,128,12,0,44.35486835,-83.63484895,26069.0,509.4121860946393,9.375,116,128,12,0,116,126,25081,0,0,0,0,2
2020-07-30,US,Michigan,Iron,16,1,0,46.20974132,-88.53136251,26071.0,144.5870233146575,6.25,15,15,1,0,14,15,11117,1,0,0,1,0
2020-07-30,US,Michigan,Isabella,200,8,0,43.64060976,-84.84664923,26073.0,286.2376917792535,4.0,192,200,8,0,192,197,70562,0,0,0,0,3
2020-07-30,US,Michigan,Jackson,666,33,0,42.24807035,-84.42258681,26075.0,420.1627657561037,4.954954954954955,633,652,33,0,619,636,158823,14,0,0,14,16
2020-07-30,US,Michigan,Kalamazoo,1489,78,0,42.24542231,-85.53038622,26077.0,561.746885681302,5.238415043653458,1411,1469,78,0,1391,1455,264870,20,0,0,20,14
2020-07-30,US,Michigan,Kalkaska,48,4,0,44.68512729,-85.09085699,26079.0,266.10488967734784,8.333333333333334,44,47,4,0,43,47,17824,1,0,0,1,0
2020-07-30,US,Michigan,Kent,6991,154,0,43.03197711,-85.54934642,26081.0,1064.1520347664605,2.2028322128450863,6837,6945,154,0,6791,6902,653786,46,0,0,46,43
2020-07-30,US,Michigan,Keweenaw,3,0,0,47.63197653,-88.41434263,26083.0,141.77693761814746,0.0,3,3,0,0,3,2,2113,0,0,0,0,1
2020-07-30,US,Michigan,Lake,16,0,0,43.99050893,-85.802173,26085.0,134.98692314182065,0.0,16,16,0,0,16,16,11881,0,0,0,0,0
2020-07-30,US,Michigan,Lapeer,399,32,0,43.09052506,-83.22153148,26087.0,455.4430582031117,8.020050125313283,367,393,32,0,361,392,88028,6,0,0,6,1
2020-07-30,US,Michigan,Leelanau,62,0,0,44.94430054,-85.80150326,26089.0,284.91337714259447,0.0,62,62,0,0,62,63,21764,0,0,0,0,-1
2020-07-30,US,Michigan,Lenawee,387,12,0,41.89475156,-84.06603727,26091.0,393.0889478014444,3.1007751937984502,375,378,12,0,366,372,98266,9,0,0,9,6
2020-07-30,US,Michigan,Livingston,745,28,0,42.60302282,-83.91297209,26093.0,388.03093830568497,3.7583892617449663,717,737,28,0,709,722,191224,8,0,0,8,15
2020-07-30,US,Michigan,Luce,3,0,0,46.47227431,-85.54471223,26095.0,48.16182372772515,0.0,3,3,0,0,3,3,6283,0,0,0,0,0
2020-07-30,US,Michigan,Mackinac,20,0,0,46.07028979,-85.04980537,26097.0,185.20233354940268,0.0,20,19,0,0,19,19,10787,1,0,0,1,0
2020-07-30,US,Michigan,Macomb,9314,936,0,42.69158356,-82.92752801,26099.0,1065.7091989217047,10.049388018037364,8378,9166,933,0,8233,9055,874759,148,3,0,145,111
2020-07-30,US,Michigan,Manistee,31,0,0,44.33352407,-86.05626916,26101.0,126.23177783207102,0.0,31,31,0,0,31,31,24528,0,0,0,0,0
2020-07-30,US,Michigan,Marquette,122,11,0,46.4338914,-87.64043701,26103.0,182.91128802530773,9.016393442622949,111,122,11,0,111,120,66516,0,0,0,0,2
2020-07-30,US,Michigan,Mason,94,0,0,43.99509218,-86.24988902,26105.0,322.5363711227011,0.0,94,94,0,0,94,93,29100,0,0,0,0,1
2020-07-30,US,Michigan,Mecosta,55,2,0,43.64064262,-85.32463223,26107.0,126.57353922629049,3.636363636363636,53,52,2,0,50,51,43545,3,0,0,3,1
2020-07-30,US,Michigan,Menominee,86,0,0,45.58038692,-87.55370409,26109.0,377.5241439859526,0.0,86,77,0,0,77,75,22983,9,0,0,9,2
2020-07-30,US,Michigan,Michigan Department of Corrections (MDOC),4129,69,0,0.0,0.0,0.0,0.0,1.6711068055219183,4060,4128,68,0,4060,4125,,1,1,0,0,3
2020-07-30,US,Michigan,Midland,289,9,0,43.64330771,-84.38804374,26111.0,347.5395641926018,3.1141868512110733,280,285,9,0,276,278,83209,4,0,0,4,7
2020-07-30,US,Michigan,Missaukee,40,1,0,44.33772443,-85.09256478,26113.0,264.58526260087314,2.5,39,40,1,0,39,40,15113,0,0,0,0,0
2020-07-30,US,Michigan,Monroe,854,21,0,41.92734151,-83.53749864,26115.0,567.4418604651163,2.459016393442623,833,833,21,0,812,817,150439,21,0,0,21,16
2020-07-30,US,Michigan,Montcalm,175,1,0,43.31082541,-85.15252824,26117.0,273.9168544953669,0.5714285714285714,174,173,1,0,172,173,63968,2,0,0,2,0
2020-07-30,US,Michigan,Montmorency,7,0,0,45.0275929,-84.12696227,26119.0,75.04288164665523,0.0,7,7,0,0,7,7,9265,0,0,0,0,0
2020-07-30,US,Michigan,Muskegon,1107,57,0,43.29123859,-86.15176712,26121.0,637.7977253609578,5.149051490514905,1050,1103,57,0,1046,1096,173588,4,0,0,4,7
2020-07-30,US,Michigan,Newaygo,246,0,0,43.554374,-85.80070107,26123.0,502.2458146182115,0.0,246,246,0,0,246,245,48892,0,0,0,0,1
2020-07-30,US,Michigan,Oakland,14494,1126,0,42.66090111,-83.38595416,26125.0,1152.5273858446035,7.768731889057541,13368,14362,1122,0,13240,14200,1259201,132,4,0,128,162
2020-07-30,US,Michigan,Oceana,462,6,0,43.64124435,-86.26726673,26127.0,1745.5699550383497,1.2987012987012987,456,461,6,0,455,460,26625,1,0,0,1,1
2020-07-30,US,Michigan,Ogemaw,50,2,0,44.33481032,-84.12725175,26129.0,238.12925656046104,4.0,48,50,2,0,48,49,20952,0,0,0,0,1
2020-07-30,US,Michigan,Ontonagon,4,0,0,46.665226200000006,-89.31390481,26131.0,69.93006993006993,0.0,4,3,0,0,3,3,5795,1,0,0,1,0
2020-07-30,US,Michigan,Osceola,65,0,0,43.98992088,-85.32566756,26133.0,277.0673486786019,0.0,65,65,0,0,65,65,23341,0,0,0,0,0
2020-07-30,US,Michigan,Oscoda,24,1,0,44.68192279,-84.12939244,26135.0,291.2267928649436,4.166666666666667,23,24,1,0,23,23,8276,0,0,0,0,1
2020-07-30,US,Michigan,Otsego,131,10,0,45.02085831,-84.59898295,26137.0,531.0523755472677,7.633587786259542,121,132,10,0,122,130,24665,-1,0,0,-1,2
2020-07-30,US,Michigan,Ottawa,1657,54,0,42.95996803,-85.9969107,26139.0,567.7963197752116,3.258901629450815,1603,1641,54,0,1587,1626,290494,16,0,0,16,15
2020-07-30,US,Michigan,Out of MI,97,0,0,0.0,0.0,80026.0,0.0,0.0,97,194,0,0,194,153,,-97,0,0,-97,41
2020-07-30,US,Michigan,Presque Isle,14,1,0,45.34018577,-83.91498656,26141.0,111.18170266836088,7.142857142857142,13,14,1,0,13,14,12738,0,0,0,0,0
2020-07-30,US,Michigan,Roscommon,47,0,0,44.33473082,-84.61067651,26143.0,195.67842124984384,0.0,47,46,0,0,46,45,23884,1,0,0,1,1
2020-07-30,US,Michigan,Saginaw,1807,129,0,43.33433923,-84.05131209999998,26145.0,948.3622775389816,7.138904261206419,1678,1792,126,0,1666,1778,190800,15,3,0,12,14
2020-07-30,US,Michigan,Sanilac,90,6,0,43.42406072,-82.82055898,26151.0,218.60578090842847,6.666666666666668,84,90,6,0,84,88,41182,0,0,0,0,2
2020-07-30,US,Michigan,Schoolcraft,8,0,0,46.19235734,-86.19972234,26153.0,98.838645910551,0.0,8,8,0,0,8,8,8068,0,0,0,0,0
2020-07-30,US,Michigan,Shiawassee,315,28,0,42.95392800000001,-84.14585902,26155.0,462.4056839200258,8.888888888888891,287,307,28,0,279,302,68192,8,0,0,8,5
2020-07-30,US,Michigan,St. Clair,746,53,0,42.92655373,-82.67937954,26147.0,468.80498718013166,7.10455764075067,693,742,53,0,689,723,159337,4,0,0,4,19
2020-07-30,US,Michigan,St. Joseph,551,7,0,41.91441767,-85.52797979,26149.0,903.8120858211404,1.2704174228675136,544,543,7,0,536,536,61043,8,0,0,8,7
2020-07-30,US,Michigan,Tuscola,297,27,0,43.46606813,-83.41897025,26157.0,568.4754521963822,9.090909090909092,270,292,27,0,265,286,52516,5,0,0,5,6
2020-07-30,US,Michigan,Unassigned,6,0,0,0.0,0.0,90026.0,0.0,0.0,6,3,0,0,3,3,,3,0,0,3,0
2020-07-30,US,Michigan,Van Buren,385,11,0,42.25190229,-86.01939087,26159.0,508.74109703080194,2.8571428571428568,374,374,11,0,363,369,75448,11,0,0,11,5
2020-07-30,US,Michigan,Washtenaw,2345,112,0,42.253105,-83.83853204,26161.0,637.9199186074031,4.776119402985074,2233,2326,110,0,2216,2311,370963,19,2,0,17,15
2020-07-30,US,Michigan,Wayne,26924,2798,0,42.28098405,-83.281255,26163.0,1539.092104864512,10.392215124052887,24126,26689,2792,0,23897,26331,1753893,235,6,0,229,358
2020-07-30,US,Michigan,Wexford,62,4,0,44.33853602,-85.57712739,26165.0,184.3537212690672,6.451612903225807,58,61,4,0,57,61,33466,1,0,0,1,0
2020-07-30,US,Minnesota,Aitkin,25,0,0,46.60962049,-93.4116826,27001.0,157.37127030089385,0.0,25,25,0,0,25,25,15902,0,0,0,0,0
2020-07-30,US,Minnesota,Anoka,3190,112,0,45.27476015,-93.24604565,27003.0,893.7552007306938,3.510971786833857,3078,3130,112,0,3018,3083,353813,60,0,0,60,47
2020-07-30,US,Minnesota,Becker,129,1,0,46.93479392,-95.67158144,27005.0,374.74944078087333,0.7751937984496124,128,120,1,0,119,114,34371,9,0,0,9,6
2020-07-30,US,Minnesota,Beltrami,180,0,0,47.97373527,-94.93732139,27007.0,381.4529117572264,0.0,180,164,0,0,164,157,46847,16,0,0,16,7
2020-07-30,US,Minnesota,Benton,294,3,0,45.69804958,-93.99514135,27009.0,719.0197852723227,1.020408163265306,291,292,3,0,289,290,40545,2,0,0,2,2
2020-07-30,US,Minnesota,Big Stone,22,0,0,45.42712824,-96.41403739,27011.0,440.79342817070733,0.0,22,22,0,0,22,21,4989,0,0,0,0,1
2020-07-30,US,Minnesota,Blue Earth,801,4,0,44.03554215,-94.06699781,27013.0,1183.9829719302913,0.4993757802746567,797,794,4,0,790,783,67427,7,0,0,7,11
2020-07-30,US,Minnesota,Brown,78,2,0,44.24205652,-94.72562874,27015.0,311.90019193857967,2.5641025641025643,76,76,2,0,74,73,25111,2,0,0,2,3
2020-07-30,US,Minnesota,Carlton,120,0,0,46.59180601,-92.67601019,27017.0,334.532073262524,0.0,120,116,0,0,116,115,35837,4,0,0,4,1
2020-07-30,US,Minnesota,Carver,723,2,0,44.82017001,-93.8009918,27019.0,687.9882766036408,0.2766251728907331,721,710,2,0,708,693,103551,13,0,0,13,17
2020-07-30,US,Minnesota,Cass,50,2,0,46.95043611,-94.32603968,27021.0,167.90355619732026,4.0,48,46,2,0,44,45,29519,4,0,0,4,1
2020-07-30,US,Minnesota,Chippewa,92,1,0,45.02343421,-95.56403693,27023.0,779.6610169491527,1.0869565217391304,91,92,1,0,91,90,11924,0,0,0,0,2
2020-07-30,US,Minnesota,Chisago,160,1,0,45.5021011,-92.90861945,27025.0,282.79043461354917,0.625,159,158,1,0,157,156,55922,2,0,0,2,2
2020-07-30,US,Minnesota,Clay,734,39,0,46.89289518,-96.48761922,27027.0,1142.9105291021767,5.313351498637601,695,725,39,0,686,717,63955,9,0,0,9,8
2020-07-30,US,Minnesota,Clearwater,14,0,0,47.57992111,-95.37790562,27029.0,158.76616012701294,0.0,14,14,0,0,14,15,8810,0,0,0,0,-1
2020-07-30,US,Minnesota,Cook,2,0,0,47.90504893,-90.52629546,27031.0,36.60992128866923,0.0,2,2,0,0,2,2,5393,0,0,0,0,0
2020-07-30,US,Minnesota,Cottonwood,165,0,0,44.00715262,-95.18138802,27033.0,1473.7406216505897,0.0,165,162,0,0,162,159,11277,3,0,0,3,3
2020-07-30,US,Minnesota,Crow Wing,183,13,0,46.48096553,-94.06755609,27035.0,281.3004380908461,7.103825136612022,170,170,13,0,157,166,64889,13,0,0,13,4
2020-07-30,US,Minnesota,Dakota,3710,102,0,44.67172617,-93.06299363,27037.0,864.7595339155893,2.7493261455525606,3608,3656,102,0,3554,3565,425423,54,0,0,54,91
2020-07-30,US,Minnesota,Dodge,121,0,0,44.02238415,-92.86244324,27039.0,578.0070698385401,0.0,121,119,0,0,119,118,20822,2,0,0,2,1
2020-07-30,US,Minnesota,Douglas,120,0,0,45.93348491,-95.45335469,27041.0,314.6220602501245,0.0,120,119,0,0,119,117,37964,1,0,0,1,2
2020-07-30,US,Minnesota,Faribault,78,0,0,43.67381499,-93.94787458,27043.0,571.3030103274006,0.0,78,76,0,0,76,75,13758,2,0,0,2,1
2020-07-30,US,Minnesota,Fillmore,58,0,0,43.67394126,-92.08980382,27045.0,275.31209949209665,0.0,58,56,0,0,56,57,21058,2,0,0,2,-1
2020-07-30,US,Minnesota,Freeborn,352,1,0,43.67385583,-93.34884422,27047.0,1162.445097585945,0.2840909090909091,351,349,1,0,348,344,30444,3,0,0,3,5
2020-07-30,US,Minnesota,Goodhue,163,8,0,44.40849741,-92.7234195,27049.0,351.74794993526115,4.9079754601227,155,161,8,0,153,159,46403,2,0,0,2,2
2020-07-30,US,Minnesota,Grant,44,1,0,45.93424769,-96.01139609,27051.0,736.7716008037511,2.272727272727273,43,43,1,0,42,41,6021,1,0,0,1,2
2020-07-30,US,Minnesota,Hennepin,17092,810,0,45.00761521,-93.47694895,27053.0,1350.246436564408,4.73905920898666,16282,16881,810,0,16071,16661,1259428,211,0,0,211,220
2020-07-30,US,Minnesota,Houston,37,0,0,43.67129565,-91.49143057,27055.0,198.92473118279568,0.0,37,37,0,0,37,37,18578,0,0,0,0,0
2020-07-30,US,Minnesota,Hubbard,25,0,0,47.10778564,-94.91693868,27057.0,116.3277651109767,0.0,25,22,0,0,22,21,21332,3,0,0,3,1
2020-07-30,US,Minnesota,Isanti,102,0,0,45.56181234,-93.29487636,27059.0,251.25628140703517,0.0,102,101,0,0,101,101,39966,1,0,0,1,0
2020-07-30,US,Minnesota,Itasca,123,12,0,47.51009045,-93.63092229,27061.0,272.54597828495463,9.75609756097561,111,122,12,0,110,121,45108,1,0,0,1,1
2020-07-30,US,Minnesota,Jackson,69,0,0,43.67423373,-95.15398258,27063.0,700.7921998781231,0.0,69,67,0,0,67,65,9911,2,0,0,2,2
2020-07-30,US,Minnesota,Kanabec,23,1,0,45.9459309,-93.29275192,27065.0,140.78472179714757,4.3478260869565215,22,23,1,0,22,23,16207,0,0,0,0,0
2020-07-30,US,Minnesota,Kandiyohi,653,1,0,45.1526059,-95.00586446,27067.0,1511.6090650246533,0.15313935681470134,652,650,1,0,649,648,42855,3,0,0,3,2
2020-07-30,US,Minnesota,Kittson,3,0,0,48.77754106,-96.78317184,27069.0,69.79990693345742,0.0,3,3,0,0,3,3,4248,0,0,0,0,0
2020-07-30,US,Minnesota,Koochiching,66,3,0,48.24539665,-93.78352843,27071.0,539.7007114236652,4.545454545454546,63,61,3,0,58,60,12440,5,0,0,5,1
2020-07-30,US,Minnesota,Lac qui Parle,6,0,0,44.9973857,-96.17488219,27073.0,90.59338668277216,0.0,6,6,0,0,6,6,6658,0,0,0,0,0
2020-07-30,US,Minnesota,Lake,14,0,0,47.64270764,-91.44557998,27075.0,131.56658208814957,0.0,14,14,0,0,14,14,10658,0,0,0,0,0
2020-07-30,US,Minnesota,Lake of the Woods,1,0,0,48.77217001,-94.90274472,27077.0,26.73796791443851,0.0,1,1,0,0,1,1,3758,0,0,0,0,0
2020-07-30,US,Minnesota,Le Sueur,196,1,0,44.37136597,-93.72844721,27079.0,678.5059023089973,0.5102040816326531,195,190,1,0,189,187,28494,6,0,0,6,3
2020-07-30,US,Minnesota,Lincoln,53,0,0,44.41311883,-96.26688165,27081.0,939.8829579712717,0.0,53,53,0,0,53,53,5673,0,0,0,0,0
2020-07-30,US,Minnesota,Lyon,414,3,0,44.41327865,-95.83806103,27083.0,1625.1864646306037,0.7246376811594203,411,412,3,0,409,410,25629,2,0,0,2,2
2020-07-30,US,Minnesota,Mahnomen,20,1,0,47.32557075,-95.80921485,27087.0,361.85996019540437,5.0,19,20,1,0,19,20,5519,0,0,0,0,0
2020-07-30,US,Minnesota,Marshall,27,0,0,48.35825983,-96.37017407,27089.0,289.2030848329049,0.0,27,26,0,0,26,26,9390,1,0,0,1,0
2020-07-30,US,Minnesota,Martin,198,5,0,43.67429718,-94.55099908,27091.0,1005.9442158207588,2.525252525252525,193,199,5,0,194,196,19785,-1,0,0,-1,3
2020-07-30,US,Minnesota,McLeod,121,0,0,44.82367677,-94.27287017,27085.0,337.1130861170702,0.0,121,119,0,0,119,118,35873,2,0,0,2,1
2020-07-30,US,Minnesota,Meeker,83,2,0,45.12328869,-94.52839455,27093.0,357.4196882266816,2.409638554216868,81,82,2,0,80,81,23141,1,0,0,1,1
2020-07-30,US,Minnesota,Mille Lacs,53,3,0,45.93705297,-93.63236823,27095.0,201.6973018228869,5.660377358490566,50,52,3,0,49,50,26139,1,0,0,1,2
2020-07-30,US,Minnesota,Morrison,80,1,0,46.01265363,-94.27341528,27097.0,239.62139819085846,1.25,79,80,1,0,79,79,33169,0,0,0,0,1
2020-07-30,US,Minnesota,Mower,1059,2,0,43.67142874,-92.75234549,27099.0,2643.402725775049,0.18885741265344666,1057,1054,2,0,1052,1054,40011,5,0,0,5,0
2020-07-30,US,Minnesota,Murray,119,1,0,44.02216709,-95.76328482,27101.0,1452.2821576763486,0.8403361344537815,118,118,1,0,117,118,8276,1,0,0,1,0
2020-07-30,US,Minnesota,Nicollet,287,13,0,44.35291112,-94.24710352,27103.0,837.3694345568069,4.529616724738676,274,281,13,0,268,271,34220,6,0,0,6,10
2020-07-30,US,Minnesota,Nobles,1737,6,0,43.67434621,-95.75329576,27105.0,8030.884460677794,0.3454231433506045,1731,1734,6,0,1728,1728,21924,3,0,0,3,6
2020-07-30,US,Minnesota,Norman,33,0,0,47.32628443,-96.45620947,27107.0,517.6470588235294,0.0,33,32,0,0,32,31,6475,1,0,0,1,1
2020-07-30,US,Minnesota,Olmsted,1567,22,0,44.00374114,-92.40209944,27109.0,989.9363837946088,1.4039566049776644,1545,1547,21,0,1526,1531,156277,20,1,0,19,16
2020-07-30,US,Minnesota,Otter Tail,162,3,0,46.40846929,-95.70835255,27111.0,275.76345623531813,1.851851851851852,159,159,2,0,157,155,58812,3,1,0,2,4
2020-07-30,US,Minnesota,Pennington,69,1,0,48.06642577,-96.0370814,27113.0,488.7031659465968,1.4492753623188406,68,65,1,0,64,65,14178,4,0,0,4,0
2020-07-30,US,Minnesota,Pine,123,0,0,46.12105238,-92.74070188,27115.0,415.8355590114608,0.0,123,122,0,0,122,122,29483,1,0,0,1,0
2020-07-30,US,Minnesota,Pipestone,140,9,0,44.02301619,-96.25841142,27117.0,1534.0784571553802,6.428571428571429,131,138,8,0,130,136,9047,2,1,0,1,2
2020-07-30,US,Minnesota,Polk,124,3,0,47.77372465,-96.40134647,27119.0,395.3577349827828,2.419354838709677,121,121,3,0,118,117,31529,3,0,0,3,4
2020-07-30,US,Minnesota,Pope,35,0,0,45.58606667,-95.44451209,27121.0,311.1387678904792,0.0,35,35,0,0,35,35,11097,0,0,0,0,0
2020-07-30,US,Minnesota,Ramsey,6607,258,0,45.01625271,-93.09872295,27123.0,1200.5720297789835,3.9049492962009986,6349,6503,257,0,6246,6416,550210,104,1,0,103,87
2020-07-30,US,Minnesota,Red Lake,13,0,0,47.87197525,-96.09561104,27125.0,320.5918618988904,0.0,13,10,0,0,10,9,3999,3,0,0,3,1
2020-07-30,US,Minnesota,Redwood,30,0,0,44.40555844,-95.25207021,27127.0,197.7587343441002,0.0,30,30,0,0,30,30,15249,0,0,0,0,0
2020-07-30,US,Minnesota,Renville,54,5,0,44.72836381,-94.94553734,27129.0,371.1850426175419,9.25925925925926,49,53,4,0,49,53,14612,1,1,0,0,0
2020-07-30,US,Minnesota,Rice,970,8,0,44.3543376,-93.29658715,27131.0,1448.3664815146628,0.8247422680412371,962,961,8,0,953,956,66523,9,0,0,9,5
2020-07-30,US,Minnesota,Rock,70,0,0,43.67482683,-96.25296832,27133.0,751.4761137949544,0.0,70,64,0,0,64,62,9414,6,0,0,6,2
2020-07-30,US,Minnesota,Roseau,42,0,0,48.77501878,-95.81079919,27135.0,276.9535113748764,0.0,42,41,0,0,41,41,15150,1,0,0,1,0
2020-07-30,US,Minnesota,Scott,1272,11,0,44.6490231,-93.53340251,27139.0,853.6167985343559,0.8647798742138365,1261,1249,11,0,1238,1217,147381,23,0,0,23,32
2020-07-30,US,Minnesota,Sherburne,602,6,0,45.44447208,-93.77617511,27141.0,619.0995289907237,0.9966777408637874,596,595,6,0,589,587,96036,7,0,0,7,8
2020-07-30,US,Minnesota,Sibley,76,2,0,44.5796592,-94.23164924,27143.0,511.26807938109647,2.631578947368421,74,76,2,0,74,74,15028,0,0,0,0,2
2020-07-30,US,Minnesota,St. Louis,366,18,0,47.6048407,-92.46879855,27137.0,183.85492540312455,4.918032786885246,348,348,18,0,330,332,199754,18,0,0,18,16
2020-07-30,US,Minnesota,Stearns,2763,20,0,45.55192576,-94.61078221,27145.0,1715.34999223964,0.7238508867173362,2743,2758,20,0,2738,2742,159256,5,0,0,5,16
2020-07-30,US,Minnesota,Steele,318,1,0,44.02240351,-93.22627088,27147.0,867.690796474665,0.31446540880503143,317,315,1,0,314,315,36803,3,0,0,3,0
2020-07-30,US,Minnesota,Stevens,15,0,0,45.58613007,-96.00163705,27149.0,152.98317185109642,0.0,15,15,0,0,15,15,9753,0,0,0,0,0
2020-07-30,US,Minnesota,Swift,51,1,0,45.2829032,-95.68264092,27151.0,550.3993093028275,1.96078431372549,50,51,1,0,50,51,9345,0,0,0,0,0
2020-07-30,US,Minnesota,Todd,413,2,0,46.06996226,-94.89785296,27153.0,1674.5053519299383,0.4842615012106538,411,412,2,0,410,410,24582,1,0,0,1,2
2020-07-30,US,Minnesota,Traverse,10,0,0,45.77298854,-96.47062949,27155.0,306.84258975145747,0.0,10,9,0,0,9,9,3308,1,0,0,1,0
2020-07-30,US,Minnesota,Unassigned,118,40,0,0.0,0.0,90027.0,0.0,33.898305084745765,78,114,40,0,74,186,,4,0,0,4,-72
2020-07-30,US,Minnesota,Wabasha,74,0,0,44.28424356,-92.23121312,27157.0,342.164886484487,0.0,74,74,0,0,74,70,21645,0,0,0,0,4
2020-07-30,US,Minnesota,Wadena,23,0,0,46.58589171,-94.96968506,27159.0,168.10407835111826,0.0,23,23,0,0,23,20,13773,0,0,0,0,3
2020-07-30,US,Minnesota,Waseca,123,0,0,44.02211116,-93.58720034,27161.0,660.8639587362993,0.0,123,119,0,0,119,117,18691,4,0,0,4,2
2020-07-30,US,Minnesota,Washington,1792,43,0,45.03864533,-92.88429635,27163.0,682.8227404359093,2.399553571428572,1749,1760,43,0,1717,1723,259201,32,0,0,32,37
2020-07-30,US,Minnesota,Watonwan,298,0,0,43.97823903,-94.61413846,27165.0,2734.697623199045,0.0,298,297,0,0,297,293,10980,1,0,0,1,4
2020-07-30,US,Minnesota,Wilkin,25,3,0,46.35721532,-96.4684375,27167.0,402.7710649266957,12.0,22,25,3,0,22,24,6254,0,0,0,0,1
2020-07-30,US,Minnesota,Winona,239,16,0,43.98772283,-91.78081305,27169.0,473.4173203391173,6.694560669456067,223,231,16,0,215,228,50825,8,0,0,8,3
2020-07-30,US,Minnesota,Wright,759,5,0,45.17297924,-93.96234781,27171.0,548.5015573397313,0.6587615283267457,754,744,5,0,739,734,136349,15,0,0,15,10
2020-07-30,US,Minnesota,Yellow Medicine,47,0,0,44.71710183,-95.86842453,27173.0,484.0869296528994,0.0,47,46,0,0,46,43,9795,1,0,0,1,3
2020-07-30,US,Mississippi,Adams,552,23,0,31.47669768,-91.35326037,28001.0,1798.455673932167,4.166666666666667,529,539,23,0,516,531,31192,13,0,0,13,8
2020-07-30,US,Mississippi,Alcorn,331,3,0,34.88084463,-88.57996173,28003.0,895.7324168538414,0.9063444108761328,328,312,3,0,309,305,36925,19,0,0,19,7
2020-07-30,US,Mississippi,Amite,192,4,0,31.17467303,-90.80501621,28005.0,1561.3564283971698,2.083333333333333,188,188,4,0,184,181,12326,4,0,0,4,7
2020-07-30,US,Mississippi,Attala,480,23,0,33.08658803,-89.57838564,28007.0,2641.135688345989,4.791666666666667,457,475,23,0,452,467,18365,5,0,0,5,8
2020-07-30,US,Mississippi,Benton,115,0,0,34.81681228,-89.18945516,28009.0,1392.420389877709,0.0,115,107,0,0,107,102,8271,8,0,0,8,5
2020-07-30,US,Mississippi,Bolivar,889,29,0,33.79696941,-90.87372121,28011.0,2902.572809194201,3.262092238470191,860,860,26,0,834,812,31333,29,3,0,26,48
2020-07-30,US,Mississippi,Calhoun,364,8,0,33.93683395,-89.33686647,28013.0,2534.642434370865,2.1978021978021984,356,355,8,0,347,345,14436,9,0,0,9,10
2020-07-30,US,Mississippi,Carroll,237,11,0,33.44834567,-89.91994479,28015.0,2382.627928018498,4.641350210970463,226,236,11,0,225,233,9911,1,0,0,1,3
2020-07-30,US,Mississippi,Chickasaw,413,19,0,33.91983202,-88.9481545,28017.0,2414.781032567386,4.600484261501211,394,398,19,0,379,396,17171,15,0,0,15,2
2020-07-30,US,Mississippi,Choctaw,120,4,0,33.34598242,-89.24809382,28019.0,1461.6321559074302,3.333333333333333,116,117,4,0,113,111,8278,3,0,0,3,6
2020-07-30,US,Mississippi,Claiborne,390,12,0,31.97061673,-90.90702196,28021.0,4339.118825100133,3.0769230769230766,378,387,12,0,375,385,9002,3,0,0,3,2
2020-07-30,US,Mississippi,Clarke,288,25,0,32.04158545,-88.68896219999998,28023.0,1853.162602149153,8.680555555555555,263,284,25,0,259,282,15604,4,0,0,4,2
2020-07-30,US,Mississippi,Clay,360,13,0,33.65358105,-88.77784255,28025.0,1863.7399047421827,3.611111111111111,347,355,13,0,342,350,19386,5,0,0,5,5
2020-07-30,US,Mississippi,Coahoma,626,7,0,34.22772299,-90.60415045,28027.0,2829.506418369192,1.1182108626198084,619,593,7,0,586,567,22628,33,0,0,33,26
2020-07-30,US,Mississippi,Copiah,885,23,0,31.86977774,-90.44565118,28029.0,3153.393907001604,2.5988700564971747,862,862,22,0,840,852,28543,23,1,0,22,10
2020-07-30,US,Mississippi,Covington,569,10,0,31.63225413,-89.55389939,28031.0,3053.230306932818,1.7574692442882252,559,558,9,0,549,549,18853,11,1,0,10,9
2020-07-30,US,Mississippi,DeSoto,3062,26,0,34.87625235,-89.99091418,28033.0,1655.6273486712264,0.8491182233834096,3036,2970,25,0,2945,2668,182001,92,1,0,91,302
2020-07-30,US,Mississippi,Forrest,1540,50,0,31.18961454,-89.25832496,28035.0,2056.1571224481618,3.2467532467532467,1490,1491,48,0,1443,1464,75036,49,2,0,47,27
2020-07-30,US,Mississippi,Franklin,101,3,0,31.47786634,-90.89672989,28037.0,1309.4775055101775,2.9702970297029703,98,95,2,0,93,94,7788,6,1,0,5,1
2020-07-30,US,Mississippi,George,517,5,0,30.86259065,-88.64436789,28039.0,2110.204081632653,0.9671179883945842,512,378,5,0,373,256,24250,139,0,0,139,122
2020-07-30,US,Mississippi,Greene,219,10,0,31.21444233,-88.63922281,28041.0,1611.9534815250993,4.5662100456621015,209,211,10,0,201,205,13586,8,0,0,8,6
2020-07-30,US,Mississippi,Grenada,789,19,0,33.77036166,-89.80245083,28043.0,3800.9442142788316,2.4081115335868186,770,781,19,0,762,775,21055,8,0,0,8,6
2020-07-30,US,Mississippi,Hancock,310,14,0,30.41830223,-89.48851033,28045.0,650.8229761504872,4.516129032258065,296,298,14,0,284,291,47334,12,0,0,12,7
2020-07-30,US,Mississippi,Harrison,1982,29,0,30.51359752,-89.12467576,28047.0,952.5182622068436,1.4631685166498487,1953,1944,27,0,1917,1868,206650,38,2,0,36,76
2020-07-30,US,Mississippi,Hinds,5001,97,0,32.2656285,-90.44435448,28049.0,2157.0910973084888,1.9396120775844832,4904,4838,94,0,4744,4737,237085,163,3,0,160,101
2020-07-30,US,Mississippi,Holmes,809,45,0,33.12345854,-90.08923538,28051.0,4756.025867136978,5.562422744128554,764,799,45,0,754,791,17622,10,0,0,10,8
2020-07-30,US,Mississippi,Humphreys,257,11,0,33.12825718,-90.52252707,28053.0,3187.0039682539677,4.280155642023346,246,255,10,0,245,253,8257,2,1,0,1,2
2020-07-30,US,Mississippi,Issaquena,20,1,0,32.72531359,-90.97392828,28055.0,1507.1590052750564,5.0,19,19,1,0,18,19,1308,1,0,0,1,0
2020-07-30,US,Mississippi,Itawamba,288,9,0,34.27993475,-88.3606733,28057.0,1231.2954253954679,3.125,279,275,9,0,266,273,23517,13,0,0,13,2
2020-07-30,US,Mississippi,Jackson,1820,34,0,30.54020656,-88.64184064,28059.0,1267.2594470013996,1.868131868131868,1786,1772,30,0,1742,1638,143277,48,4,0,44,134
2020-07-30,US,Mississippi,Jasper,360,8,0,32.01922104,-89.11786866,28061.0,2197.3997436366967,2.2222222222222223,352,356,7,0,349,348,16428,4,1,0,3,8
2020-07-30,US,Mississippi,Jefferson,185,5,0,31.73397872,-91.03764977,28063.0,2646.6380543633763,2.702702702702702,180,178,5,0,173,171,7106,7,0,0,7,7
2020-07-30,US,Mississippi,Jefferson Davis,190,5,0,31.56884708,-89.82670990000004,28065.0,1707.4047447879223,2.631578947368421,185,187,5,0,182,182,11234,3,0,0,3,5
2020-07-30,US,Mississippi,Jones,1674,57,0,31.62257767,-89.16896899999998,28067.0,2458.221974213633,3.4050179211469533,1617,1635,56,0,1579,1621,68461,39,1,0,38,14
2020-07-30,US,Mississippi,Kemper,222,15,0,32.75462946,-88.64105766,28069.0,2278.7928556764527,6.756756756756758,207,218,15,0,203,214,10027,4,0,0,4,4
2020-07-30,US,Mississippi,Lafayette,821,6,0,34.35687874,-89.48490961,28071.0,1519.8356133952868,0.7308160779537151,815,787,5,0,782,758,54793,34,1,0,33,29
2020-07-30,US,Mississippi,Lamar,1063,12,0,31.20572971,-89.5077704,28073.0,1678.1649116713766,1.1288805268109126,1051,1011,11,0,1000,991,62447,52,1,0,51,20
2020-07-30,US,Mississippi,Lauderdale,1281,88,0,32.40419769,-88.66229662,28075.0,1728.1618887015177,6.869633099141296,1193,1259,86,0,1173,1254,75317,22,2,0,20,5
2020-07-30,US,Mississippi,Lawrence,297,4,0,31.55147224,-90.10841127,28077.0,2359.764818051804,1.3468013468013469,293,284,3,0,281,276,12455,13,1,0,12,8
2020-07-30,US,Mississippi,Leake,740,25,0,32.7536828,-89.52402044,28079.0,3247.608180461687,3.3783783783783785,715,738,25,0,713,734,22763,2,0,0,2,4
2020-07-30,US,Mississippi,Lee,1115,28,0,34.291877500000005,-88.68149954,28081.0,1305.0704621002856,2.5112107623318387,1087,1069,28,0,1041,1050,85202,46,0,0,46,19
2020-07-30,US,Mississippi,Leflore,791,59,0,33.55545125,-90.29900733,28083.0,2806.6564950502075,7.4589127686472825,732,785,57,0,728,767,28919,6,2,0,4,18
2020-07-30,US,Mississippi,Lincoln,716,38,0,31.53288662,-90.45391915,28085.0,2096.4483354317335,5.307262569832402,678,698,38,0,660,688,34205,18,0,0,18,10
2020-07-30,US,Mississippi,Lowndes,922,26,0,33.47386518,-88.44191529999998,28087.0,1573.5130983872345,2.8199566160520613,896,885,24,0,861,833,58930,37,2,0,35,52
2020-07-30,US,Mississippi,Madison,2211,50,0,32.63389156,-90.03513564,28089.0,2080.510388437218,2.261420171867933,2161,2167,50,0,2117,2139,105630,44,0,0,44,28
2020-07-30,US,Mississippi,Marion,569,16,0,31.23132643,-89.8209217,28091.0,2315.549586945021,2.81195079086116,553,550,16,0,534,532,24715,19,0,0,19,18
2020-07-30,US,Mississippi,Marshall,526,8,0,34.76216286,-89.50299462,28093.0,1490.3383011276705,1.520912547528517,518,500,5,0,495,482,35451,26,3,0,23,18
2020-07-30,US,Mississippi,Monroe,649,49,0,33.89236763,-88.4808438,28095.0,1841.030296153409,7.5500770416024645,600,620,49,0,571,613,35564,29,0,0,29,7
2020-07-30,US,Mississippi,Montgomery,266,3,0,33.49419589,-89.61729103,28097.0,2721.227621483376,1.1278195488721805,263,258,3,0,255,252,10023,8,0,0,8,6
2020-07-30,US,Mississippi,Neshoba,1167,85,0,32.75339664,-89.11726492,28099.0,4007.8302081186894,7.2836332476435315,1082,1165,83,0,1082,1158,29125,2,2,0,0,7
2020-07-30,US,Mississippi,Newton,509,11,0,32.40021118,-89.11843336,28101.0,2421.7337520220763,2.161100196463654,498,498,10,0,488,490,21443,11,1,0,10,8
2020-07-30,US,Mississippi,Noxubee,403,10,0,33.11009499,-88.56949061,28103.0,3868.6762023615242,2.481389578163772,393,389,10,0,379,374,10535,14,0,0,14,15
2020-07-30,US,Mississippi,Oktibbeha,1024,31,0,33.42491685,-88.87905132,28105.0,2065.057373908484,3.02734375,993,1011,31,0,980,995,49599,13,0,0,13,16
2020-07-30,US,Mississippi,Panola,867,11,0,34.36398677,-89.95064249,28107.0,2535.680861020121,1.268742791234141,856,826,10,0,816,768,34178,41,1,0,40,58
2020-07-30,US,Mississippi,Pearl River,462,35,0,30.77090935,-89.58677275,28109.0,831.9078058881786,7.575757575757576,427,452,35,0,417,444,55387,10,0,0,10,8
2020-07-30,US,Mississippi,Perry,205,7,0,31.17161885,-88.99281835,28111.0,1712.1857512736997,3.414634146341464,198,196,7,0,189,189,11931,9,0,0,9,7
2020-07-30,US,Mississippi,Pike,803,30,0,31.17507789,-90.40392572,28113.0,2043.8810832824274,3.7359900373598998,773,781,30,0,751,751,39563,22,0,0,22,30
2020-07-30,US,Mississippi,Pontotoc,673,6,0,34.226046000000004,-89.03636807,28115.0,2091.7511033753963,0.8915304606240714,667,649,6,0,643,638,31833,24,0,0,24,11
2020-07-30,US,Mississippi,Prentiss,307,6,0,34.61810501,-88.51986294,28117.0,1221.8419167396326,1.954397394136808,301,282,6,0,276,267,25315,25,0,0,25,15
2020-07-30,US,Mississippi,Quitman,204,1,0,34.25157572,-90.28908,28119.0,3003.5335689045937,0.4901960784313725,203,195,1,0,194,183,7051,9,0,0,9,12
2020-07-30,US,Mississippi,Rankin,2048,27,0,32.26469147,-89.94537876,28121.0,1318.984227576302,1.318359375,2021,1988,27,0,1961,1920,153902,60,0,0,60,68
2020-07-30,US,Mississippi,Scott,944,17,0,32.406704100000006,-89.53789439,28123.0,3356.5637889347167,1.8008474576271187,927,941,17,0,924,936,28287,3,0,0,3,5
2020-07-30,US,Mississippi,Sharkey,136,1,0,32.88149103,-90.81595379999999,28125.0,3147.4195788012034,0.7352941176470589,135,122,1,0,121,117,4377,14,0,0,14,5
2020-07-30,US,Mississippi,Simpson,685,17,0,31.91282117,-89.91716179,28127.0,2569.585115162428,2.4817518248175183,668,665,17,0,648,642,26758,20,0,0,20,23
2020-07-30,US,Mississippi,Smith,366,12,0,32.01744532,-89.50644846,28129.0,2299.572756974114,3.278688524590164,354,361,12,0,349,355,16002,5,0,0,5,6
2020-07-30,US,Mississippi,Stone,138,3,0,30.79187949,-89.11547539,28131.0,752.6178010471208,2.1739130434782608,135,134,3,0,131,132,18717,4,0,0,4,2
2020-07-30,US,Mississippi,Sunflower,873,20,0,33.60192578,-90.58882684,28133.0,3476.7025089605736,2.290950744558992,853,854,17,0,837,824,25735,19,3,0,16,30
2020-07-30,US,Mississippi,Tallahatchie,395,9,0,33.95339918,-90.1729398,28135.0,2860.4533275400104,2.278481012658228,386,371,9,0,362,363,13987,24,0,0,24,8
2020-07-30,US,Mississippi,Tate,594,21,0,34.65133709,-89.94485778,28137.0,2097.383566964443,3.5353535353535355,573,587,19,0,568,576,28759,7,2,0,5,11
2020-07-30,US,Mississippi,Tippah,269,12,0,34.76872156,-88.90988194,28139.0,1221.8941630706336,4.4609665427509295,257,264,11,0,253,255,21995,5,1,0,4,9
2020-07-30,US,Mississippi,Tishomingo,293,3,0,34.74023475,-88.23917219,28141.0,1511.6339060001033,1.023890784982935,290,246,3,0,243,240,19454,47,0,0,47,6
2020-07-30,US,Mississippi,Tunica,224,5,0,34.64967704,-90.37481167,28143.0,2325.581395348837,2.232142857142857,219,209,4,0,205,196,9944,15,1,0,14,13
2020-07-30,US,Mississippi,Union,467,13,0,34.49162015,-89.00776006,28145.0,1620.683671698768,2.78372591006424,454,452,13,0,439,439,28606,15,0,0,15,13
2020-07-30,US,Mississippi,Walthall,420,17,0,31.14971548,-90.10446654,28147.0,2939.9412011759764,4.047619047619048,403,416,16,0,400,404,14465,4,1,0,3,12
2020-07-30,US,Mississippi,Warren,930,24,0,32.35810271,-90.83352619,28149.0,2049.315792952998,2.5806451612903225,906,897,24,0,873,886,46176,33,0,0,33,11
2020-07-30,US,Mississippi,Washington,1389,28,0,33.28392041,-90.94196237,28151.0,3163.360586667881,2.015838732901368,1361,1322,26,0,1296,1296,45063,67,2,0,65,26
2020-07-30,US,Mississippi,Wayne,717,21,0,31.64135687,-88.69573913,28153.0,3552.4946737353216,2.928870292887029,696,708,21,0,687,702,20298,9,0,0,9,6
2020-07-30,US,Mississippi,Webster,176,12,0,33.61300486,-89.28392912,28155.0,1816.4929301269478,6.8181818181818175,164,175,11,0,164,174,9788,1,1,0,0,1
2020-07-30,US,Mississippi,Wilkinson,173,12,0,31.16078225,-91.31018819,28157.0,2004.6349942062573,6.9364161849710975,161,160,12,0,148,158,8792,13,0,0,13,2
2020-07-30,US,Mississippi,Winston,544,14,0,33.08747908,-89.03391385,28159.0,3029.79671400724,2.573529411764706,530,527,14,0,513,505,18165,17,0,0,17,22
2020-07-30,US,Mississippi,Yalobusha,303,10,0,34.02824175,-89.70762049999998,28161.0,2502.477700693756,3.3003300330033003,293,298,10,0,288,286,12392,5,0,0,5,12
2020-07-30,US,Mississippi,Yazoo,747,11,0,32.77890365,-90.39656148,28163.0,2515.998652745032,1.4725568942436411,736,726,11,0,715,717,28248,21,0,0,21,9
2020-07-30,US,Missouri,Adair,130,0,0,40.19058551,-92.60078167,29001.0,512.9621591761039,0.0,130,128,0,0,128,123,25339,2,0,0,2,5
2020-07-30,US,Missouri,Andrew,80,1,0,39.98492163,-94.80163024,29003.0,451.67118337850053,1.25,79,80,1,0,79,78,17607,0,0,0,0,2
2020-07-30,US,Missouri,Atchison,11,0,0,40.43238737,-95.42970639,29005.0,213.88294769589734,0.0,11,11,0,0,11,11,5171,0,0,0,0,0
2020-07-30,US,Missouri,Audrain,190,1,0,39.215877,-91.84242683,29007.0,748.3850638096741,0.5263157894736842,189,187,1,0,186,180,25473,3,0,0,3,7
2020-07-30,US,Missouri,Barry,213,0,0,36.70978521,-93.82919888,29009.0,595.1549358741512,0.0,213,213,0,0,213,207,35886,0,0,0,0,6
2020-07-30,US,Missouri,Barton,64,0,0,37.50207671,-94.34757022,29011.0,544.495490896716,0.0,64,62,0,0,62,62,11798,2,0,0,2,0
2020-07-30,US,Missouri,Bates,34,1,0,38.25271289,-94.34113157,29013.0,210.2399208508533,2.9411764705882355,33,32,1,0,31,32,16320,2,0,0,2,0
2020-07-30,US,Missouri,Benton,66,1,0,38.29503305,-93.28756116,29015.0,339.4537879956797,1.5151515151515151,65,63,1,0,62,61,19278,3,0,0,3,2
2020-07-30,US,Missouri,Bollinger,55,0,0,37.32449052,-90.02725304,29017.0,453.3091568449682,0.0,55,53,0,0,53,53,12169,2,0,0,2,0
2020-07-30,US,Missouri,Boone,1125,3,0,38.99186229,-92.30723575,29019.0,623.3964857062113,0.26666666666666666,1122,1069,3,0,1066,1023,180005,56,0,0,56,46
2020-07-30,US,Missouri,Buchanan,1049,10,0,39.65816401,-94.80138942,29021.0,1200.72341010027,0.9532888465204956,1039,1039,10,0,1029,1028,88571,10,0,0,10,11
2020-07-30,US,Missouri,Butler,227,2,0,36.71462476,-90.40421163,29023.0,534.3942746833657,0.8810572687224669,225,215,2,0,213,210,42639,12,0,0,12,5
2020-07-30,US,Missouri,Caldwell,29,1,0,39.65620858,-93.98308093,29025.0,321.5077605321508,3.4482758620689653,28,29,1,0,28,29,9108,0,0,0,0,0
2020-07-30,US,Missouri,Callaway,106,1,0,38.83674754,-91.92186505,29027.0,236.90856670317143,0.9433962264150944,105,102,1,0,101,100,44889,4,0,0,4,2
2020-07-30,US,Missouri,Camden,277,4,0,38.02199522,-92.76083747,29029.0,598.2075369830471,1.444043321299639,273,262,3,0,259,241,45815,15,1,0,14,21
2020-07-30,US,Missouri,Cape Girardeau,578,3,0,37.38489388,-89.6843587,29031.0,732.8422360563452,0.5190311418685121,575,565,3,0,562,560,78753,13,0,0,13,5
2020-07-30,US,Missouri,Carroll,89,0,0,39.42762566,-93.50626255,29033.0,1025.4637631063486,0.0,89,84,0,0,84,79,8743,5,0,0,5,5
2020-07-30,US,Missouri,Carter,14,1,0,36.94160441,-90.96051322,29035.0,234.0354396522902,7.142857142857142,13,10,1,0,9,10,6054,4,0,0,4,0
2020-07-30,US,Missouri,Cass,592,9,0,38.64789422,-94.353399,29037.0,559.6521081489883,1.5202702702702702,583,559,8,0,551,517,104954,33,1,0,32,42
2020-07-30,US,Missouri,Cedar,34,0,0,37.72391475,-93.85445441,29039.0,236.9503101261412,0.0,34,32,0,0,32,32,14165,2,0,0,2,0
2020-07-30,US,Missouri,Chariton,14,0,0,39.51499357,-92.9629191,29041.0,188.52679773767846,0.0,14,14,0,0,14,14,7451,0,0,0,0,0
2020-07-30,US,Missouri,Christian,249,1,0,36.9711783,-93.18537118,29043.0,281.05423556634116,0.4016064257028112,248,230,1,0,229,210,86983,19,0,0,19,20
2020-07-30,US,Missouri,Clark,8,0,0,40.41040752,-91.73661677,29045.0,117.6989848462557,0.0,8,3,0,0,3,2,6842,5,0,0,5,1
2020-07-30,US,Missouri,Clay,857,19,0,39.31132056,-94.41850862,29047.0,342.87131723398466,2.2170361726954493,838,826,19,0,807,784,246365,31,0,0,31,42
2020-07-30,US,Missouri,Clinton,59,0,0,39.6013098,-94.40465394,29049.0,289.4001079119046,0.0,59,57,0,0,57,57,20470,2,0,0,2,0
2020-07-30,US,Missouri,Cole,269,2,0,38.50455671,-92.27860244,29051.0,350.5114339696396,0.7434944237918215,267,250,2,0,248,248,76796,19,0,0,19,2
2020-07-30,US,Missouri,Cooper,77,0,0,38.844478,-92.80896081,29053.0,434.80716020102767,0.0,77,73,0,0,73,65,17603,4,0,0,4,8
2020-07-30,US,Missouri,Crawford,40,0,0,37.97663738,-91.30528104,29055.0,167.22408026755855,0.0,40,36,0,0,36,33,23957,4,0,0,4,3
2020-07-30,US,Missouri,Dade,14,0,0,37.431814,-93.8503345,29057.0,185.16069303002246,0.0,14,14,0,0,14,11,7569,0,0,0,0,3
2020-07-30,US,Missouri,Dallas,46,1,0,37.681135499999996,-93.02127031,29059.0,272.5441403009836,2.1739130434782608,45,44,1,0,43,43,16762,2,0,0,2,1
2020-07-30,US,Missouri,Daviess,17,0,0,39.96145298,-93.98519678,29061.0,205.36361439961343,0.0,17,18,0,0,18,17,8313,-1,0,0,-1,1
2020-07-30,US,Missouri,DeKalb,31,1,0,39.89201062,-94.40476508,29063.0,247.07101299115325,3.2258064516129035,30,29,1,0,28,29,12630,2,0,0,2,0
2020-07-30,US,Missouri,Dent,9,0,0,37.60663134,-91.50790473,29065.0,57.792332883837396,0.0,9,9,0,0,9,9,15441,0,0,0,0,0
2020-07-30,US,Missouri,Douglas,61,2,0,36.9325593,-92.49905109,29067.0,462.6469472885855,3.278688524590164,59,56,2,0,54,53,13373,5,0,0,5,3
2020-07-30,US,Missouri,Dunklin,234,4,0,36.27167174,-90.09122243,29069.0,803.2679962926093,1.709401709401709,230,228,3,0,225,218,29423,6,1,0,5,10
2020-07-30,US,Missouri,Franklin,490,18,0,38.41127108,-91.07522826,29071.0,471.30339434628297,3.673469387755102,472,484,18,0,466,469,103670,6,0,0,6,15
2020-07-30,US,Missouri,Gasconade,19,0,0,38.43947277,-91.50847147,29073.0,129.19896640826875,0.0,19,14,0,0,14,14,14705,5,0,0,5,0
2020-07-30,US,Missouri,Gentry,82,9,0,40.21097916,-94.40944419,29075.0,1247.9074722264495,10.975609756097562,73,81,9,0,72,80,6628,1,0,0,1,1
2020-07-30,US,Missouri,Greene,1126,10,0,37.2575872,-93.34230916,29077.0,384.18757634278,0.8880994671403197,1116,1030,10,0,1020,972,291923,96,0,0,96,58
2020-07-30,US,Missouri,Grundy,24,1,0,40.11406587,-93.56509276,29079.0,243.65482233502541,4.166666666666667,23,24,1,0,23,24,9914,0,0,0,0,0
2020-07-30,US,Missouri,Harrison,58,1,0,40.35570088,-93.99222144,29081.0,694.4444444444445,1.7241379310344829,57,53,1,0,52,44,8414,5,0,0,5,9
2020-07-30,US,Missouri,Henry,64,3,0,38.38482826,-93.79293734,29083.0,293.2551319648094,4.6875,61,62,3,0,59,58,21792,2,0,0,2,4
2020-07-30,US,Missouri,Hickory,16,0,0,37.94163617,-93.3203037,29085.0,167.64459346186086,0.0,16,15,0,0,15,14,9509,1,0,0,1,1
2020-07-30,US,Missouri,Holt,6,0,0,40.09799248,-95.21638879999999,29087.0,136.2707245060186,0.0,6,5,0,0,5,5,4404,1,0,0,1,0
2020-07-30,US,Missouri,Howard,42,0,0,39.1435761,-92.69756691,29089.0,419.95800419958016,0.0,42,40,0,0,40,40,10137,2,0,0,2,0
2020-07-30,US,Missouri,Howell,123,1,0,36.77383887,-91.88683935,29091.0,306.6031856818805,0.8130081300813008,122,121,0,0,121,112,40076,2,1,0,1,9
2020-07-30,US,Missouri,Iron,10,0,0,37.55487945,-90.7735296,29093.0,98.76543209876543,0.0,10,10,0,0,10,9,10177,0,0,0,0,1
2020-07-30,US,Missouri,Jackson,3189,56,0,39.01002188,-94.34724536,29095.0,453.6202136239689,1.7560363750391972,3133,2957,55,0,2902,2795,700307,232,1,0,231,162
2020-07-30,US,Missouri,Jasper,1608,23,0,37.20351921,-94.34050458,29097.0,1325.3329816695239,1.4303482587064678,1585,1592,23,0,1569,1572,120636,16,0,0,16,20
2020-07-30,US,Missouri,Jefferson,1231,24,0,38.25926778,-90.53870896,29099.0,546.9142219911943,1.9496344435418358,1207,1133,24,0,1109,1065,224347,98,0,0,98,68
2020-07-30,US,Missouri,Johnson,445,1,0,38.74719601,-93.80691168,29101.0,823.1290000369945,0.2247191011235955,444,437,1,0,436,427,53652,8,0,0,8,10
2020-07-30,US,Missouri,Kansas City,5672,49,0,39.0997,-94.5786,0.0,1160.053421359954,0.8638928067700987,5623,5428,49,0,5379,5263,491918,244,0,0,244,165
2020-07-30,US,Missouri,Knox,9,0,0,40.12699751,-92.14780832,29103.0,227.33013387218998,0.0,9,6,0,0,6,5,3947,3,0,0,3,1
2020-07-30,US,Missouri,Laclede,187,1,0,37.65896829,-92.5888493,29105.0,523.4722727654454,0.5347593582887701,186,184,1,0,183,177,35713,3,0,0,3,7
2020-07-30,US,Missouri,Lafayette,145,2,0,39.06986886,-93.78076396,29107.0,443.316619787208,1.3793103448275863,143,137,2,0,135,135,32598,8,0,0,8,2
2020-07-30,US,Missouri,Lawrence,172,2,0,37.10626634,-93.83293097,29109.0,448.44218485204016,1.162790697674419,170,159,2,0,157,152,38359,13,0,0,13,7
2020-07-30,US,Missouri,Lewis,26,1,0,40.09673161,-91.72070156,29111.0,265.9574468085106,3.8461538461538463,25,28,1,0,27,27,9855,-2,0,0,-2,1
2020-07-30,US,Missouri,Lincoln,272,1,0,39.05345619,-90.95588181,29113.0,460.9153915239015,0.36764705882352944,271,258,1,0,257,242,57686,14,0,0,14,16
2020-07-30,US,Missouri,Linn,30,1,0,39.87001769,-93.10704106,29115.0,251.6778523489933,3.333333333333333,29,30,1,0,29,28,12037,0,0,0,0,2
2020-07-30,US,Missouri,Livingston,47,0,0,39.78110272,-93.54645978,29117.0,308.66224469692,0.0,47,47,0,0,47,40,15146,0,0,0,0,7
2020-07-30,US,Missouri,Macon,47,0,0,39.83049768,-92.56453089,29121.0,310.908248991202,0.0,47,47,0,0,47,43,15153,0,0,0,0,4
2020-07-30,US,Missouri,Madison,16,0,0,37.47865134,-90.34671429999999,29123.0,132.36267372600926,0.0,16,16,0,0,16,18,12188,0,0,0,0,-2
2020-07-30,US,Missouri,Maries,11,0,0,38.16193985,-91.92249662,29125.0,126.4803955386915,0.0,11,10,0,0,10,11,8769,1,0,0,1,-1
2020-07-30,US,Missouri,Marion,127,1,0,39.80601912,-91.62203062,29127.0,445.1454609183316,0.7874015748031497,126,111,1,0,110,102,28592,16,0,0,16,9
2020-07-30,US,Missouri,McDonald,916,7,0,36.62869595,-94.34867205,29119.0,4011.0347243508336,0.7641921397379913,909,910,7,0,903,896,23078,6,0,0,6,14
2020-07-30,US,Missouri,Mercer,8,0,0,40.42212303,-93.56829590000001,29129.0,221.1777716339508,0.0,8,8,0,0,8,8,3641,0,0,0,0,0
2020-07-30,US,Missouri,Miller,82,0,0,38.21450288,-92.42610898,29131.0,320.07494437722005,0.0,82,81,0,0,81,78,25336,1,0,0,1,3
2020-07-30,US,Missouri,Mississippi,129,0,0,36.82516239,-89.29505753,29133.0,978.7556904400607,0.0,129,128,0,0,128,126,13336,1,0,0,1,2
2020-07-30,US,Missouri,Moniteau,106,2,0,38.63571781,-92.57976951,29135.0,657.0790974460699,1.8867924528301887,104,102,2,0,100,96,16121,4,0,0,4,6
2020-07-30,US,Missouri,Monroe,13,0,0,39.49593978,-92.00043978,29137.0,150.39333641832485,0.0,13,12,0,0,12,11,8664,1,0,0,1,1
2020-07-30,US,Missouri,Montgomery,33,0,0,38.94022054,-91.47000721,29139.0,285.68955068825215,0.0,33,31,0,0,31,31,11534,2,0,0,2,0
2020-07-30,US,Missouri,Morgan,61,0,0,38.4181765,-92.88791859,29141.0,295.728899015853,0.0,61,55,0,0,55,55,20358,6,0,0,6,0
2020-07-30,US,Missouri,New Madrid,161,1,0,36.59666326,-89.66070007,29143.0,942.8437573202156,0.6211180124223602,160,149,1,0,148,142,17296,12,0,0,12,7
2020-07-30,US,Missouri,Newton,781,4,0,36.90519407,-94.3394104,29145.0,1341.094855415894,0.5121638924455826,777,778,4,0,774,771,58266,3,0,0,3,7
2020-07-30,US,Missouri,Nodaway,137,0,0,40.36079813,-94.88133008,29147.0,620.1339851529966,0.0,137,125,0,0,125,109,22304,12,0,0,12,16
2020-07-30,US,Missouri,Oregon,13,0,0,36.68710164,-91.4033755,29149.0,123.46851552854021,0.0,13,12,0,0,12,12,10541,1,0,0,1,0
2020-07-30,US,Missouri,Osage,32,0,0,38.46036182,-91.8613635,29151.0,235.03488799118614,0.0,32,32,0,0,32,32,13714,0,0,0,0,0
2020-07-30,US,Missouri,Ozark,6,0,0,36.64916339,-92.44459066,29153.0,65.40222367560497,0.0,6,5,0,0,5,5,9017,1,0,0,1,0
2020-07-30,US,Missouri,Pemiscot,194,8,0,36.2130572,-89.78742322,29155.0,1227.4596646630814,4.123711340206185,186,192,6,0,186,186,16272,2,2,0,0,6
2020-07-30,US,Missouri,Perry,194,4,0,37.70660776,-89.82741088,29157.0,1013.7959866220737,2.061855670103093,190,191,3,0,188,192,19150,3,1,0,2,-1
2020-07-30,US,Missouri,Pettis,382,3,0,38.72798918,-93.28471706,29159.0,902.2414322492264,0.7853403141361257,379,351,3,0,348,322,42542,31,0,0,31,29
2020-07-30,US,Missouri,Phelps,69,0,0,37.87736118,-91.79351727,29161.0,154.80223453660287,0.0,69,66,0,0,66,65,44732,3,0,0,3,1
2020-07-30,US,Missouri,Pike,67,1,0,39.34310674,-91.16980779,29163.0,366.08020981313524,1.492537313432836,66,65,1,0,64,64,18504,2,0,0,2,1
2020-07-30,US,Missouri,Platte,295,7,0,39.38154439,-94.77068479,29165.0,282.51833974985163,2.3728813559322037,288,283,7,0,276,270,102985,12,0,0,12,13
2020-07-30,US,Missouri,Polk,186,0,0,37.616229600000004,-93.39828174,29167.0,578.5560981679057,0.0,186,184,0,0,184,170,32201,2,0,0,2,14
2020-07-30,US,Missouri,Pulaski,176,1,0,37.82462075,-92.20783203,29169.0,334.5562377630353,0.5681818181818182,175,174,1,0,173,174,52014,2,0,0,2,0
2020-07-30,US,Missouri,Putnam,7,0,0,40.47942497,-93.02042674,29171.0,149.06303236797277,0.0,7,6,0,0,6,4,4757,1,0,0,1,2
2020-07-30,US,Missouri,Ralls,24,0,0,39.52817427,-91.51838643,29173.0,232.80628576971577,0.0,24,23,0,0,23,17,10212,1,0,0,1,6
2020-07-30,US,Missouri,Randolph,50,1,0,39.44007257,-92.49713740000001,29175.0,202.03652820429932,2.0,49,48,1,0,47,47,24763,2,0,0,2,1
2020-07-30,US,Missouri,Ray,79,0,0,39.353746799999996,-93.98905745,29177.0,343.2096620036493,0.0,79,72,0,0,72,67,22883,7,0,0,7,5
2020-07-30,US,Missouri,Reynolds,16,0,0,37.36085952,-90.97009925,29179.0,255.18341307814998,0.0,16,15,0,0,15,14,6254,1,0,0,1,1
2020-07-30,US,Missouri,Ripley,39,0,0,36.65460667,-90.85990261,29181.0,293.49789283564115,0.0,39,38,0,0,38,38,13401,1,0,0,1,0
2020-07-30,US,Missouri,Saline,399,6,0,39.13734288,-93.20259964,29195.0,1752.998550151575,1.5037593984962403,393,389,6,0,383,378,22895,10,0,0,10,11
2020-07-30,US,Missouri,Schuyler,9,0,0,40.46921489,-92.52311943,29197.0,193.13304721030042,0.0,9,9,0,0,9,9,4599,0,0,0,0,0
2020-07-30,US,Missouri,Scotland,12,1,0,40.45214695,-92.14709064,29199.0,244.79804161566707,8.333333333333334,11,12,1,0,11,11,4966,0,0,0,0,1
2020-07-30,US,Missouri,Scott,330,13,0,37.05588075,-89.56474493,29201.0,862.0689655172414,3.939393939393939,317,313,13,0,300,311,38458,17,0,0,17,2
2020-07-30,US,Missouri,Shannon,43,1,0,37.15772072,-91.40190382,29203.0,526.573597844722,2.3255813953488373,42,41,0,0,41,41,8189,2,1,0,1,0
2020-07-30,US,Missouri,Shelby,11,0,0,39.79742518,-92.07634971,29205.0,185.49747048903882,0.0,11,11,0,0,11,11,6050,0,0,0,0,0
2020-07-30,US,Missouri,St. Charles,3288,87,0,38.77875681,-90.66662425,29183.0,817.8656889423962,2.645985401459854,3201,3111,84,0,3027,2912,399182,177,3,0,174,199
2020-07-30,US,Missouri,St. Clair,15,0,0,38.03699437,-93.77631447,29185.0,159.6254123656486,0.0,15,15,0,0,15,15,9395,0,0,0,0,0
2020-07-30,US,Missouri,St. Francois,272,2,0,37.81214171,-90.47598685,29187.0,404.6715762850554,0.7352941176470589,270,261,2,0,259,250,66692,11,0,0,11,11
2020-07-30,US,Missouri,St. Louis,12548,648,0,38.63770039999999,-90.4458375,29189.0,1262.1139503422332,5.164169588779088,11900,12018,646,0,11372,11595,996945,530,2,0,528,423
2020-07-30,US,Missouri,St. Louis City,4411,169,0,38.63555736,-90.24349225,29510.0,1467.5157031832214,3.831330763999093,4242,4236,167,0,4069,4125,302838,175,2,0,173,111
2020-07-30,US,Missouri,Ste. Genevieve,45,1,0,37.89090059,-90.1949941,29186.0,251.4809433329608,2.2222222222222223,44,43,1,0,42,43,17888,2,0,0,2,0
2020-07-30,US,Missouri,Stoddard,205,9,0,36.85571651,-89.9444155,29207.0,706.287683031869,4.390243902439025,196,202,9,0,193,202,29206,3,0,0,3,0
2020-07-30,US,Missouri,Stone,79,1,0,36.75000327,-93.45256475,29209.0,247.24586880320481,1.2658227848101269,78,71,1,0,70,70,31749,8,0,0,8,1
2020-07-30,US,Missouri,Sullivan,132,0,0,40.2099105,-93.11150106,29211.0,2167.843652488093,0.0,132,130,0,0,130,129,6221,2,0,0,2,1
2020-07-30,US,Missouri,Taney,374,3,0,36.65465345,-93.04075153,29213.0,668.7169217565441,0.8021390374331551,371,304,3,0,301,284,55852,70,0,0,70,20
2020-07-30,US,Missouri,Texas,31,0,0,37.31728859,-91.96564727,29215.0,122.05685487046223,0.0,31,25,0,0,25,23,25571,6,0,0,6,2
2020-07-30,US,Missouri,Vernon,46,0,0,37.8457799,-94.34127305,29217.0,223.70276710596698,0.0,46,46,0,0,46,45,20528,0,0,0,0,1
2020-07-30,US,Missouri,Warren,144,0,0,38.76529479,-91.16124662,29219.0,403.9383993940924,0.0,144,136,0,0,136,128,34711,8,0,0,8,8
2020-07-30,US,Missouri,Washington,54,1,0,37.96130078,-90.87948158,29221.0,218.35826930853213,1.851851851851852,53,50,1,0,49,49,24943,4,0,0,4,1
2020-07-30,US,Missouri,Wayne,24,0,0,37.11303869,-90.46001416,29223.0,186.43672803542304,0.0,24,17,0,0,17,15,13122,7,0,0,7,2
2020-07-30,US,Missouri,Webster,107,1,0,37.2813734,-92.876329,29225.0,270.25661749848456,0.9345794392523364,106,103,1,0,102,102,39109,4,0,0,4,1
2020-07-30,US,Missouri,Worth,8,0,0,40.47945588,-94.42328751,29227.0,397.4167908594138,0.0,8,7,0,0,7,5,2040,1,0,0,1,2
2020-07-30,US,Missouri,Wright,54,0,0,37.27029221,-92.46914488,29229.0,295.25944556837436,0.0,54,55,0,0,55,54,18378,-1,0,0,-1,1
2020-07-30,US,Montana,Beaverhead,33,0,0,45.13434354,-112.8984694,30001.0,349.0955252300857,0.0,33,32,0,0,32,27,9404,1,0,0,1,5
2020-07-30,US,Montana,Big Horn,301,6,0,45.42335905,-107.492347,30003.0,2259.929424130941,1.9933554817275747,295,271,5,0,266,226,13338,30,1,0,29,45
2020-07-30,US,Montana,Blaine,7,0,0,48.43175214,-108.9582723,30005.0,104.77473432120941,0.0,7,7,0,0,7,7,6807,0,0,0,0,0
2020-07-30,US,Montana,Broadwater,10,0,0,46.33277565,-111.4955813,30007.0,160.333493666827,0.0,10,10,0,0,10,10,6085,0,0,0,0,0
2020-07-30,US,Montana,Carbon,50,0,0,45.22850116,-109.0274047,30009.0,466.20046620046617,0.0,50,48,0,0,48,47,10714,2,0,0,2,1
2020-07-30,US,Montana,Cascade,135,2,0,47.30797024,-111.3467922,30013.0,165.91696777523782,1.4814814814814814,133,132,2,0,130,125,81643,3,0,0,3,7
2020-07-30,US,Montana,Chouteau,3,0,0,47.88084126,-110.4353362,30015.0,53.23868677905946,0.0,3,3,0,0,3,3,5745,0,0,0,0,0
2020-07-30,US,Montana,Custer,52,2,0,46.25319932,-105.57375259999998,30017.0,456.060340291177,3.8461538461538463,50,52,2,0,50,47,11586,0,0,0,0,5
2020-07-30,US,Montana,Daniels,2,0,0,48.78420029,-105.54763429999998,30019.0,118.3431952662722,0.0,2,2,0,0,2,1,1747,0,0,0,0,1
2020-07-30,US,Montana,Dawson,14,0,0,47.26584855,-104.89444170000002,30021.0,162.54499013119704,0.0,14,12,0,0,12,9,8680,2,0,0,2,3
2020-07-30,US,Montana,Deer Lodge,20,0,0,46.05953325,-113.073353,30023.0,218.81838074398246,0.0,20,18,0,0,18,14,9131,2,0,0,2,4
2020-07-30,US,Montana,Fallon,2,0,0,46.33478338,-104.4183565,30025.0,70.27406886858749,0.0,2,2,0,0,2,2,2920,0,0,0,0,0
2020-07-30,US,Montana,Fergus,6,0,0,47.26331584,-109.2245206,30027.0,54.29864253393665,0.0,6,5,0,0,5,5,11113,1,0,0,1,0
2020-07-30,US,Montana,Flathead,220,2,0,48.29575866,-114.0520569,30029.0,211.93379958769242,0.9090909090909092,218,213,2,0,211,201,102106,7,0,0,7,12
2020-07-30,US,Montana,Gallatin,833,2,0,45.54486106,-111.1692571,30031.0,727.9305101630632,0.2400960384153661,831,813,2,0,811,802,111876,20,0,0,20,11
2020-07-30,US,Montana,Garfield,12,0,0,47.27545948,-107.0002351,30033.0,953.8950715421304,0.0,12,12,0,0,12,12,1268,0,0,0,0,0
2020-07-30,US,Montana,Glacier,52,1,0,48.70513576,-112.9934235,30035.0,378.0993237839017,1.9230769230769231,51,52,1,0,51,51,13747,0,0,0,0,1
2020-07-30,US,Montana,Golden Valley,3,0,0,46.3816474,-109.1768522,30037.0,365.4080389768576,0.0,3,3,0,0,3,3,826,0,0,0,0,0
2020-07-30,US,Montana,Granite,6,0,0,46.40605220000001,-113.4414186,30039.0,177.56732761171943,0.0,6,6,0,0,6,6,3378,0,0,0,0,0
2020-07-30,US,Montana,Hill,43,0,0,48.62879827,-110.1129252,30041.0,260.85901480223254,0.0,43,43,0,0,43,40,16347,0,0,0,0,3
2020-07-30,US,Montana,Jefferson,21,0,0,46.14907081,-112.094396,30043.0,171.83536535471728,0.0,21,20,0,0,20,19,12097,1,0,0,1,1
2020-07-30,US,Montana,Judith Basin,3,0,0,47.04581276,-110.2660688,30045.0,149.47683109118088,0.0,3,1,0,0,1,1,1952,2,0,0,2,0
2020-07-30,US,Montana,Lake,160,1,0,47.64514965,-114.0898013,30047.0,525.313546523081,0.625,159,160,1,0,159,146,30250,0,0,0,0,14
2020-07-30,US,Montana,Lewis and Clark,119,1,0,47.12610041,-112.394698,30049.0,171.39071321580826,0.8403361344537815,118,113,1,0,112,104,68700,6,0,0,6,9
2020-07-30,US,Montana,Liberty,1,0,0,48.56084317,-111.024307,30051.0,42.78990158322636,0.0,1,1,0,0,1,1,2430,0,0,0,0,0
2020-07-30,US,Montana,Lincoln,60,2,0,48.54265777,-115.4046155,30053.0,300.3003003003003,3.333333333333333,58,60,2,0,58,56,19794,0,0,0,0,4
2020-07-30,US,Montana,Madison,69,1,0,45.30080065,-111.9173017,30057.0,802.3255813953488,1.4492753623188406,68,68,1,0,67,63,8768,1,0,0,1,5
2020-07-30,US,Montana,McCone,1,0,0,47.64469406,-105.79449939999999,30055.0,60.09615384615386,0.0,1,1,0,0,1,,1675,0,0,0,0,
2020-07-30,US,Montana,Meagher,4,0,0,46.59907074,-110.8898557,30059.0,214.8227712137487,0.0,4,4,0,0,4,4,1866,0,0,0,0,0
2020-07-30,US,Montana,Missoula,234,1,0,47.03728583,-113.92135079999998,30063.0,195.65217391304347,0.4273504273504273,233,224,1,0,223,206,118791,10,0,0,10,18
2020-07-30,US,Montana,Musselshell,2,0,0,46.49684637,-108.39498,30065.0,43.16857327865314,0.0,2,2,0,0,2,1,4651,0,0,0,0,1
2020-07-30,US,Montana,Park,47,0,0,45.48965095,-110.52643940000002,30067.0,283.0302300373359,0.0,47,44,0,0,44,42,16736,3,0,0,3,2
2020-07-30,US,Montana,Pondera,9,0,0,48.22773388,-112.2252703,30073.0,152.25850109964472,0.0,9,9,0,0,9,9,5972,0,0,0,0,0
2020-07-30,US,Montana,Powder River,1,0,0,45.39617714,-105.636738,30075.0,59.453032104637344,0.0,1,1,0,0,1,1,1716,0,0,0,0,0
2020-07-30,US,Montana,Powell,2,0,0,46.85538891,-112.9359164,30077.0,29.027576197387518,0.0,2,1,0,0,1,,6968,1,0,0,1,
2020-07-30,US,Montana,Ravalli,64,1,0,46.08520862,-114.11891640000002,30081.0,146.0987079395517,1.5625,63,63,1,0,62,62,43172,1,0,0,1,1
2020-07-30,US,Montana,Richland,45,0,0,47.78668011,-104.5610786,30083.0,416.5509580672036,0.0,45,45,0,0,45,44,10913,0,0,0,0,1
2020-07-30,US,Montana,Roosevelt,17,0,0,48.29607488,-105.0079268,30085.0,154.4892766266812,0.0,17,14,0,0,14,11,11059,3,0,0,3,3
2020-07-30,US,Montana,Rosebud,20,1,0,46.23397237,-106.72928799999998,30087.0,223.78874342620568,5.0,19,20,1,0,19,20,9063,0,0,0,0,0
2020-07-30,US,Montana,Sanders,9,0,0,47.67657534,-115.1329916,30089.0,74.30033847931973,0.0,9,9,0,0,9,9,11844,0,0,0,0,0
2020-07-30,US,Montana,Sheridan,3,0,0,48.72085833,-104.503829,30091.0,90.66183136899366,0.0,3,3,0,0,3,3,3424,0,0,0,0,0
2020-07-30,US,Montana,Silver Bow,51,0,0,45.90018933,-112.6620092,30093.0,146.06902477445226,0.0,51,47,0,0,47,44,34993,4,0,0,4,3
2020-07-30,US,Montana,Stillwater,18,0,0,45.67071407,-109.3950061,30095.0,186.6832607342875,0.0,18,17,0,0,17,17,9534,1,0,0,1,0
2020-07-30,US,Montana,Sweet Grass,4,1,0,45.81367654,-109.9425686,30097.0,107.03773080010704,25.0,3,4,1,0,3,4,3710,0,0,0,0,0
2020-07-30,US,Montana,Teton,15,0,0,47.83741052,-112.2410688,30099.0,244.0214738897023,0.0,15,15,0,0,15,15,6162,0,0,0,0,0
2020-07-30,US,Montana,Toole,31,6,0,48.65577551,-111.6942414,30101.0,654.5608108108107,19.354838709677423,25,31,6,0,25,31,4853,0,0,0,0,0
2020-07-30,US,Montana,Treasure,2,0,0,46.20973220000001,-107.2666516,30103.0,287.3563218390805,0.0,2,2,0,0,2,2,679,0,0,0,0,0
2020-07-30,US,Montana,Valley,11,0,0,48.36435097,-106.6669635,30105.0,148.72904272579774,0.0,11,8,0,0,8,8,7437,3,0,0,3,0
2020-07-30,US,Montana,Wheatland,3,0,0,46.46652491,-109.8464636,30107.0,141.11006585136406,0.0,3,2,0,0,2,2,2236,1,0,0,1,0
2020-07-30,US,Montana,Wibaux,1,0,0,46.95925154,-104.2510927,30109.0,103.19917440660471,0.0,1,1,0,0,1,1,1034,0,0,0,0,0
2020-07-30,US,Montana,Yellowstone,983,25,0,45.93955949,-108.2691486,30111.0,609.4234345939244,2.5432349949135302,958,950,25,0,925,910,160137,33,0,0,33,40
2020-07-30,US,Nebraska,Adams,336,11,0,40.52449420000001,-98.50117804,31001.0,1071.3260848770844,3.273809523809524,325,331,11,0,320,329,31511,5,0,0,5,2
2020-07-30,US,Nebraska,Antelope,18,1,0,42.17695516,-98.0666283,31003.0,285.8050174658622,5.5555555555555545,17,18,1,0,17,18,6336,0,0,0,0,0
2020-07-30,US,Nebraska,Banner,2,0,0,41.54634427,-103.7114332,31007.0,268.4563758389262,0.0,2,2,0,0,2,2,730,0,0,0,0,0
2020-07-30,US,Nebraska,Boone,7,0,0,41.70759415,-98.06737183,31011.0,134.82280431432974,0.0,7,7,0,0,7,7,5239,0,0,0,0,0
2020-07-30,US,Nebraska,Box Butte,10,0,0,42.22079243,-103.0878834,31013.0,92.73856997125105,0.0,10,10,0,0,10,10,10772,0,0,0,0,0
2020-07-30,US,Nebraska,Boyd,1,0,0,42.8997274,-98.76486568,31015.0,52.110474205315285,0.0,1,1,0,0,1,1,1955,0,0,0,0,0
2020-07-30,US,Nebraska,Buffalo,319,1,0,40.85486962,-99.07500296,31019.0,642.3810386838238,0.31347962382445144,318,305,1,0,304,293,49615,14,0,0,14,12
2020-07-30,US,Nebraska,Burt,18,0,0,41.85056773,-96.32605633,31021.0,278.68091035764047,0.0,18,16,0,0,16,16,6488,2,0,0,2,0
2020-07-30,US,Nebraska,Butler,54,0,0,41.22703692,-97.13106306,31023.0,673.6526946107783,0.0,54,53,0,0,53,53,8058,1,0,0,1,0
2020-07-30,US,Nebraska,Cass,152,1,0,40.90899107,-96.13971217,31025.0,579.0917403230723,0.6578947368421053,151,147,1,0,146,145,26159,5,0,0,5,2
2020-07-30,US,Nebraska,Cedar,21,0,0,42.5988851,-97.25311951,31027.0,249.94049035943826,0.0,21,21,0,0,21,20,8446,0,0,0,0,1
2020-07-30,US,Nebraska,Chase,4,0,0,40.5237198,-101.6978026,31029.0,101.9367991845056,0.0,4,4,0,0,4,4,3977,0,0,0,0,0
2020-07-30,US,Nebraska,Cherry,4,0,0,42.54502621,-101.1244332,31031.0,70.31112673580594,0.0,4,4,0,0,4,5,5761,0,0,0,0,-1
2020-07-30,US,Nebraska,Cheyenne,25,0,0,41.21999357,-102.9941693,31033.0,280.58361391694723,0.0,25,24,0,0,24,23,9310,1,0,0,1,1
2020-07-30,US,Nebraska,Clay,46,0,0,40.52439441,-98.05126296,31035.0,741.5766564565532,0.0,46,45,0,0,45,45,6214,1,0,0,1,0
2020-07-30,US,Nebraska,Colfax,692,4,0,41.57486951,-97.0868542,31037.0,6461.854514894015,0.5780346820809249,688,690,4,0,686,689,10881,2,0,0,2,1
2020-07-30,US,Nebraska,Cuming,52,0,0,41.91637624,-96.78730772,31039.0,587.8363101966992,0.0,52,49,0,0,49,48,8940,3,0,0,3,1
2020-07-30,US,Nebraska,Custer,43,4,0,41.39374521,-99.72805369,31041.0,398.9978658253688,9.30232558139535,39,43,4,0,39,43,10840,0,0,0,0,0
2020-07-30,US,Nebraska,Dakota,1896,41,0,42.39040144,-96.56656425,31043.0,9467.69200039948,2.1624472573839664,1855,1892,39,0,1853,1893,20083,4,2,0,2,-1
2020-07-30,US,Nebraska,Dawes,5,0,0,42.71985036,-103.1313774,31045.0,58.21399464431249,0.0,5,4,0,0,4,4,8716,1,0,0,1,0
2020-07-30,US,Nebraska,Dawson,939,9,0,40.87028216,-99.8201461,31047.0,3979.656706929434,0.9584664536741214,930,927,9,0,918,917,23709,12,0,0,12,10
2020-07-30,US,Nebraska,Deuel,1,0,0,41.11168186,-102.3333331,31049.0,55.74136008918617,0.0,1,1,0,0,1,1,1825,0,0,0,0,0
2020-07-30,US,Nebraska,Dixon,56,2,0,42.49188363,-96.86782408,31051.0,993.61249112846,3.571428571428572,54,56,2,0,54,56,5709,0,0,0,0,0
2020-07-30,US,Nebraska,Dodge,750,8,0,41.58071748,-96.65598179,31053.0,2051.1418022699304,1.0666666666666669,742,750,8,0,742,748,36791,0,0,0,0,2
2020-07-30,US,Nebraska,Douglas,10050,127,0,41.29518299,-96.15085305,31055.0,1759.0626733901956,1.263681592039801,9923,9894,126,0,9768,9810,566880,156,1,0,155,84
2020-07-30,US,Nebraska,Dundy,1,0,0,40.17638677,-101.6876522,31057.0,59.06674542232722,0.0,1,1,0,0,1,1,1770,0,0,0,0,0
2020-07-30,US,Nebraska,Fillmore,22,1,0,40.52458567,-97.59646937,31059.0,402.7828634199927,4.545454545454546,21,22,1,0,21,21,5527,0,0,0,0,1
2020-07-30,US,Nebraska,Franklin,9,0,0,40.17636348,-98.95299073,31061.0,302.1148036253776,0.0,9,9,0,0,9,9,3023,0,0,0,0,0
2020-07-30,US,Nebraska,Frontier,3,0,0,40.52993007,-100.3924658,31063.0,114.19870574800152,0.0,3,3,0,0,3,3,2608,0,0,0,0,0
2020-07-30,US,Nebraska,Furnas,15,1,0,40.17642064,-99.91247454,31065.0,320.786997433704,6.666666666666668,14,14,1,0,13,14,4715,1,0,0,1,0
2020-07-30,US,Nebraska,Gage,78,4,0,40.26186809,-96.68946704,31067.0,362.5714684144471,5.128205128205129,74,77,4,0,73,76,21493,1,0,0,1,1
2020-07-30,US,Nebraska,Garden,4,0,0,41.61703149,-102.3313973,31069.0,217.74632553075668,0.0,4,4,0,0,4,4,1897,0,0,0,0,0
2020-07-30,US,Nebraska,Garfield,3,0,0,41.91428955,-98.99111827,31071.0,152.36160487557137,0.0,3,3,0,0,3,3,1987,0,0,0,0,0
2020-07-30,US,Nebraska,Gosper,15,0,0,40.51481965,-99.83020279,31073.0,753.7688442211055,0.0,15,14,0,0,14,14,1996,1,0,0,1,0
2020-07-30,US,Nebraska,Greeley,8,0,0,41.56742671,-98.52150266,31077.0,339.55857385398986,0.0,8,8,0,0,8,8,2356,0,0,0,0,0
2020-07-30,US,Nebraska,Hall,1701,46,0,40.87257079,-98.50218293,31079.0,2772.480563297638,2.7042915931804816,1655,1696,46,0,1650,1688,61607,5,0,0,5,8
2020-07-30,US,Nebraska,Hamilton,92,12,0,40.87349452,-98.02099117,31081.0,986.7009867009867,13.043478260869565,80,90,12,0,78,89,9280,2,0,0,2,1
2020-07-30,US,Nebraska,Harlan,1,0,0,40.17658508,-99.40438879,31083.0,29.58579881656805,0.0,1,1,0,0,1,1,3401,0,0,0,0,0
2020-07-30,US,Nebraska,Hitchcock,1,0,0,40.17609175,-101.0416477,31087.0,36.205648081100655,0.0,1,1,0,0,1,1,2806,0,0,0,0,0
2020-07-30,US,Nebraska,Holt,7,0,0,42.45522056,-98.78402558,31089.0,69.53412138670905,0.0,7,6,0,0,6,6,10178,1,0,0,1,0
2020-07-30,US,Nebraska,Hooker,4,0,0,41.91586243,-101.1354293,31091.0,586.5102639296188,0.0,4,4,0,0,4,4,682,0,0,0,0,0
2020-07-30,US,Nebraska,Howard,55,4,0,41.2200529,-98.5166499,31093.0,853.3747090768037,7.272727272727272,51,53,4,0,49,53,6468,2,0,0,2,0
2020-07-30,US,Nebraska,Jefferson,14,0,0,40.17584531,-97.142601,31095.0,198.69429463525398,0.0,14,12,0,0,12,12,7097,2,0,0,2,0
2020-07-30,US,Nebraska,Johnson,12,0,0,40.39257596,-96.26522753,31097.0,236.6397160323408,0.0,12,11,0,0,11,11,5134,1,0,0,1,0
2020-07-30,US,Nebraska,Kearney,25,0,0,40.50663314,-98.94877182,31099.0,384.9114703618168,0.0,25,23,0,0,23,22,6544,2,0,0,2,1
2020-07-30,US,Nebraska,Keith,18,0,0,41.19930341,-101.6620164,31101.0,224.04779686333083,0.0,18,18,0,0,18,15,8021,0,0,0,0,3
2020-07-30,US,Nebraska,Kimball,15,0,0,41.19774275,-103.7148131,31105.0,412.9955947136564,0.0,15,15,0,0,15,15,3618,0,0,0,0,0
2020-07-30,US,Nebraska,Knox,29,0,0,42.63758421,-97.89178836,31107.0,348.0556889102256,0.0,29,28,0,0,28,28,8419,1,0,0,1,0
2020-07-30,US,Nebraska,Lancaster,2967,14,0,40.78416049,-96.68777155,31109.0,929.8317089222476,0.4718570947084597,2953,2923,14,0,2909,2871,317272,44,0,0,44,52
2020-07-30,US,Nebraska,Lincoln,88,2,0,41.04658298,-100.7475374,31111.0,252.0478890989288,2.272727272727273,86,83,2,0,81,82,35185,5,0,0,5,1
2020-07-30,US,Nebraska,Madison,407,5,0,41.91676024,-97.6005481,31119.0,1159.577195931508,1.2285012285012284,402,404,5,0,399,406,35392,3,0,0,3,-2
2020-07-30,US,Nebraska,McPherson,4,0,0,41.56797682,-101.0599362,31117.0,809.7165991902832,0.0,4,4,0,0,4,4,492,0,0,0,0,0
2020-07-30,US,Nebraska,Merrick,46,0,0,41.16624273,-98.0374887,31121.0,593.1656995486783,0.0,46,46,0,0,46,44,7733,0,0,0,0,2
2020-07-30,US,Nebraska,Morrill,58,0,0,41.71711774,-103.0061405,31123.0,1249.4614390348986,0.0,58,58,0,0,58,58,4686,0,0,0,0,0
2020-07-30,US,Nebraska,Nance,8,0,0,41.39750195,-97.99327291,31125.0,227.33731173628868,0.0,8,8,0,0,8,7,3532,0,0,0,0,1
2020-07-30,US,Nebraska,Nemaha,16,0,0,40.38514847,-95.85433992,31127.0,229.48938611589213,0.0,16,15,0,0,15,14,6958,1,0,0,1,1
2020-07-30,US,Nebraska,Nuckolls,5,0,0,40.17637905,-98.04743961,31129.0,120.54001928640308,0.0,5,5,0,0,5,5,4195,0,0,0,0,0
2020-07-30,US,Nebraska,Otoe,40,0,0,40.64843556,-96.13374142,31131.0,249.81264051961028,0.0,40,39,0,0,39,39,15985,1,0,0,1,0
2020-07-30,US,Nebraska,Pawnee,6,0,0,40.13141096,-96.23705437,31133.0,229.62112514351318,0.0,6,6,0,0,6,6,2632,0,0,0,0,0
2020-07-30,US,Nebraska,Perkins,12,1,0,40.85082525,-101.6502942,31135.0,415.0812867519889,8.333333333333334,11,11,1,0,10,10,2929,1,0,0,1,1
2020-07-30,US,Nebraska,Phelps,33,0,0,40.51156033,-99.41461667,31137.0,365.28669470887763,0.0,33,33,0,0,33,32,8996,0,0,0,0,1
2020-07-30,US,Nebraska,Pierce,18,0,0,42.26434853,-97.60122773,31139.0,251.81869054280918,0.0,18,17,0,0,17,18,7142,1,0,0,1,-1
2020-07-30,US,Nebraska,Platte,754,3,0,41.57246836,-97.52144359,31141.0,2252.763668957275,0.3978779840848806,751,749,3,0,746,743,33363,5,0,0,5,6
2020-07-30,US,Nebraska,Polk,22,0,0,41.18813488,-97.56630712,31143.0,422.02186840590826,0.0,22,23,0,0,23,22,5278,-1,0,0,-1,1
2020-07-30,US,Nebraska,Red Willow,14,0,0,40.17556879999999,-100.476998,31145.0,130.54830287206266,0.0,14,13,0,0,13,13,10726,1,0,0,1,0
2020-07-30,US,Nebraska,Richardson,18,1,0,40.1247415,-95.71755036,31147.0,228.86204704386523,5.5555555555555545,17,18,1,0,17,17,7937,0,0,0,0,1
2020-07-30,US,Nebraska,Rock,2,0,0,42.42252217,-99.44832069,31149.0,147.38393515106853,0.0,2,2,0,0,2,2,1360,0,0,0,0,0
2020-07-30,US,Nebraska,Saline,578,2,0,40.52418865,-97.14085859,31151.0,4063.5545556805396,0.3460207612456747,576,576,2,0,574,574,14350,2,0,0,2,2
2020-07-30,US,Nebraska,Sarpy,1918,9,0,41.11314181,-96.11156432,31153.0,1024.5945426184321,0.4692387904066736,1909,1880,9,0,1871,1831,184459,38,0,0,38,49
2020-07-30,US,Nebraska,Saunders,123,2,0,41.2278103,-96.63773905,31155.0,570.0250254889239,1.6260162601626016,121,122,2,0,120,119,21303,1,0,0,1,3
2020-07-30,US,Nebraska,Scotts Bluff,278,6,0,41.85070896,-103.7080986,31157.0,780.5042394295018,2.1582733812949644,272,273,6,0,267,273,35989,5,0,0,5,0
2020-07-30,US,Nebraska,Seward,77,1,0,40.87241834,-97.139673,31159.0,445.49872714649393,1.2987012987012987,76,70,1,0,69,68,17318,7,0,0,7,2
2020-07-30,US,Nebraska,Sheridan,9,0,0,42.50284406,-102.4126613,31161.0,171.55928326343883,0.0,9,9,0,0,9,9,5190,0,0,0,0,0
2020-07-30,US,Nebraska,Sherman,7,0,0,41.22045983,-98.97588642,31163.0,233.2555814728424,0.0,7,6,0,0,6,6,3038,1,0,0,1,0
2020-07-30,US,Nebraska,Sioux,5,0,0,42.48932059,-103.7576544,31165.0,428.8164665523156,0.0,5,5,0,0,5,5,1187,0,0,0,0,0
2020-07-30,US,Nebraska,Stanton,26,0,0,41.9169835,-97.19394708,31167.0,439.1891891891892,0.0,26,26,0,0,26,25,5970,0,0,0,0,1
2020-07-30,US,Nebraska,Thayer,25,0,0,40.17626377,-97.59504381,31169.0,499.7001798920648,0.0,25,25,0,0,25,25,5039,0,0,0,0,0
2020-07-30,US,Nebraska,Thomas,1,0,0,41.91358968,-100.5556632,31171.0,138.50415512465375,0.0,1,1,0,0,1,1,720,0,0,0,0,0
2020-07-30,US,Nebraska,Thurston,198,4,0,42.15725356,-96.54157099,31173.0,2740.863787375415,2.0202020202020203,194,199,3,0,196,197,7303,-1,1,0,-2,2
2020-07-30,US,Nebraska,Unassigned,149,0,0,0.0,0.0,90031.0,0.0,0.0,149,149,0,0,149,144,,0,0,0,0,5
2020-07-30,US,Nebraska,Valley,9,0,0,41.56730777,-98.98197724,31175.0,216.4502164502165,0.0,9,9,0,0,9,9,4190,0,0,0,0,0
2020-07-30,US,Nebraska,Washington,99,1,0,41.52815707,-96.22019892,31177.0,477.59177963239904,1.0101010101010102,98,95,1,0,94,91,20667,4,0,0,4,4
2020-07-30,US,Nebraska,Wayne,35,0,0,42.20934475,-97.11926964,31179.0,372.9355354288759,0.0,35,35,0,0,35,35,9403,0,0,0,0,0
2020-07-30,US,Nebraska,Webster,9,0,0,40.17642643,-98.50019851,31181.0,258.1015199311729,0.0,9,10,0,0,10,10,3533,-1,0,0,-1,0
2020-07-30,US,Nebraska,Wheeler,2,0,0,41.91482725,-98.52798941,31183.0,255.4278416347382,0.0,2,2,0,0,2,1,805,0,0,0,0,1
2020-07-30,US,Nebraska,York,67,0,0,40.87272618,-97.59710186,31185.0,489.8018861027853,0.0,67,66,0,0,66,63,13772,1,0,0,1,3
2020-07-30,US,Nevada,Carson City,302,7,0,39.15509045,-119.7480219,32510.0,540.0958580728235,2.3178807947019866,295,300,7,0,293,288,55414,2,0,0,2,12
2020-07-30,US,Nevada,Churchill,44,1,0,39.58105744,-118.3394607,32001.0,176.64298044883373,2.272727272727273,43,43,1,0,42,43,24440,1,0,0,1,0
2020-07-30,US,Nevada,Clark,40193,664,0,36.21458855,-115.0130241,32003.0,1773.1827777201804,1.6520289602667133,39529,39345,645,0,38700,38534,2231647,848,19,0,829,811
2020-07-30,US,Nevada,Douglas,158,0,0,38.912862,-119.6171333,32005.0,323.0753501686944,0.0,158,149,0,0,149,144,48467,9,0,0,9,5
2020-07-30,US,Nevada,Elko,443,2,0,41.14531606,-115.3577619,32007.0,839.3648868846867,0.4514672686230248,441,426,2,0,424,426,52460,17,0,0,17,0
2020-07-30,US,Nevada,Eureka,2,0,0,39.98100864,-116.2683204,32011.0,98.57072449482504,0.0,2,2,0,0,2,2,2003,0,0,0,0,0
2020-07-30,US,Nevada,Humboldt,95,4,0,41.40692186,-118.1109427,32013.0,564.4346741132434,4.2105263157894735,91,95,4,0,91,95,16786,0,0,0,0,0
2020-07-30,US,Nevada,Lander,49,1,0,39.9332233,-117.0397075,32015.0,885.7556037599421,2.0408163265306123,48,49,1,0,48,50,5575,0,0,0,0,-1
2020-07-30,US,Nevada,Lincoln,3,0,0,37.64268459,-114.8790388,32017.0,57.88153579008296,0.0,3,3,0,0,3,3,5201,0,0,0,0,0
2020-07-30,US,Nevada,Lyon,188,3,0,39.01777974,-119.1870479,32019.0,326.8996696226743,1.5957446808510638,185,183,3,0,180,180,55808,5,0,0,5,3
2020-07-30,US,Nevada,Mineral,11,0,0,38.53841696,-118.4344506,32021.0,244.173140954495,0.0,11,11,0,0,11,11,4514,0,0,0,0,0
2020-07-30,US,Nevada,Nye,343,7,0,38.04264256,-116.4722702,32023.0,737.2697375491693,2.0408163265306123,336,311,7,0,304,310,45346,32,0,0,32,1
2020-07-30,US,Nevada,Pershing,13,0,0,40.44003782,-118.40056409999998,32027.0,193.3085501858736,0.0,13,13,0,0,13,13,6666,0,0,0,0,0
2020-07-30,US,Nevada,Storey,4,0,0,39.44875482,-119.5250207,32029.0,97.01673538685421,0.0,4,4,0,0,4,3,4029,0,0,0,0,1
2020-07-30,US,Nevada,Washoe,4965,111,0,40.66562265,-119.6631594,32031.0,1052.979837503897,2.2356495468277946,4854,4861,109,0,4752,4823,465735,104,2,0,102,38
2020-07-30,US,Nevada,White Pine,11,1,0,39.44157041,-114.899966,32033.0,114.82254697286012,9.090909090909092,10,11,1,0,10,11,9475,0,0,0,0,0
2020-07-30,US,New Hampshire,Belknap,104,4,0,43.51637314,-71.41684235,33001.0,169.64911994519028,3.8461538461538463,100,102,4,0,98,101,61022,2,0,0,2,1
2020-07-30,US,New Hampshire,Carroll,86,1,0,43.87498583,-71.20430216,33003.0,175.83316295236145,1.162790697674419,85,84,1,0,83,84,48779,2,0,0,2,0
2020-07-30,US,New Hampshire,Cheshire,85,2,0,42.92015988,-72.25311043,33005.0,111.71715844121708,2.3529411764705883,83,85,2,0,83,85,76493,0,0,0,0,0
2020-07-30,US,New Hampshire,Coos,16,0,0,44.69063265,-71.30633239,33007.0,50.69226626112854,0.0,16,16,0,0,16,16,31589,0,0,0,0,0
2020-07-30,US,New Hampshire,Grafton,103,1,0,43.93779815,-71.82057197,33009.0,114.58959126004049,0.9708737864077671,102,103,1,0,102,103,89786,0,0,0,0,0
2020-07-30,US,New Hampshire,Hillsborough,3717,277,0,42.91537785,-71.7200253,33011.0,891.3134704154428,7.4522464352972815,3440,3701,274,0,3427,3692,415247,16,3,0,13,9
2020-07-30,US,New Hampshire,Merrimack,456,21,0,43.29662971,-71.6811573,33013.0,301.2068088591792,4.605263157894737,435,452,21,0,431,452,151132,4,0,0,4,0
2020-07-30,US,New Hampshire,Rockingham,1613,95,0,42.98499744,-71.12883377,33015.0,520.7105940232883,5.889646621202727,1518,1609,94,0,1515,1607,309176,4,1,0,3,2
2020-07-30,US,New Hampshire,Strafford,323,13,0,43.291833,-71.02336013,33017.0,247.2575842245068,4.0247678018575845,310,323,13,0,310,322,130090,0,0,0,0,1
2020-07-30,US,New Hampshire,Sullivan,38,1,0,43.36094111,-72.22203125,33019.0,88.07305428081398,2.631578947368421,37,38,1,0,37,38,43144,0,0,0,0,0
2020-07-30,US,New Hampshire,Unassigned,3,0,0,0.0,0.0,90033.0,0.0,0.0,3,,,,,,,,,,,
2020-07-30,US,New Jersey,Atlantic,3331,250,0,39.47538693,-74.65848483,34001.0,1263.3215762126904,7.505253677574303,3081,3323,247,0,3076,3297,265429,8,3,0,5,26
2020-07-30,US,New Jersey,Bergen,20412,2040,0,40.96010917,-74.07164325,34003.0,2189.6541736662225,9.994121105232217,18372,20391,2038,0,18353,20341,936692,21,2,0,19,50
2020-07-30,US,New Jersey,Burlington,5732,469,0,39.87681124,-74.66927768,34005.0,1287.080469474502,8.182135380321006,5263,5721,470,0,5251,5684,445384,11,-1,0,12,37
2020-07-30,US,New Jersey,Camden,8240,571,0,39.80343818,-74.96388753,34007.0,1626.9440895924938,6.929611650485437,7669,8225,571,0,7654,8167,507078,15,0,0,15,58
2020-07-30,US,New Jersey,Cape May,803,86,0,39.15008829,-74.80170244,34009.0,872.4562413759386,10.70983810709838,717,802,86,0,716,800,92560,1,0,0,1,2
2020-07-30,US,New Jersey,Cumberland,3184,157,0,39.37199394,-75.10712559,34011.0,2129.3813157489953,4.9309045226130666,3027,3178,157,0,3021,3166,150972,6,0,0,6,12
2020-07-30,US,New Jersey,Essex,19441,2100,0,40.78681335,-74.24657979,34013.0,2433.242592071091,10.801913481816777,17341,19428,2100,0,17328,19376,799767,13,0,0,13,52
2020-07-30,US,New Jersey,Gloucester,3031,206,0,39.71581067,-75.13995546,34015.0,1039.3092759467281,6.796436819531508,2825,3017,205,0,2812,2999,291408,14,1,0,13,18
2020-07-30,US,New Jersey,Hudson,19434,1499,0,40.73766234,-74.07515667,34017.0,2890.282588553386,7.71328599361943,17935,19430,1500,0,17930,19399,676061,4,-1,0,5,31
2020-07-30,US,New Jersey,Hunterdon,1125,126,0,40.56335249,-74.91284156,34019.0,904.5517041754108,11.2,999,1125,126,0,999,1123,124714,0,0,0,0,2
2020-07-30,US,New Jersey,Mercer,8000,612,0,40.28047017,-74.70479631,34021.0,2177.285469341099,7.65,7388,7984,611,0,7373,7966,369811,16,1,0,15,18
2020-07-30,US,New Jersey,Middlesex,17626,1403,0,40.43629879,-74.41426991,34023.0,2136.324300476813,7.959832066265744,16223,17615,1403,0,16212,17580,829685,11,0,0,11,35
2020-07-30,US,New Jersey,Monmouth,10004,858,0,40.26549699,-74.22240686,34025.0,1616.6905033169305,8.576569372251098,9146,9985,858,0,9127,9947,621354,19,0,0,19,38
2020-07-30,US,New Jersey,Morris,7109,828,0,40.86095313,-74.54553709999998,34027.0,1445.3740507680263,11.647207764805176,6281,7102,828,0,6274,7091,494228,7,0,0,7,11
2020-07-30,US,New Jersey,Ocean,10356,1014,0,39.8895449,-74.28089251,34029.0,1705.5729216418033,9.791425260718425,9342,10330,1010,0,9320,10293,601651,26,4,0,22,37
2020-07-30,US,New Jersey,Passaic,17384,1242,0,41.03238628,-74.29954144,34031.0,3464.148928114526,7.144500690289923,16142,17370,1241,0,16129,17348,503310,14,1,0,13,22
2020-07-30,US,New Jersey,Salem,867,83,0,39.58719656,-75.34696629999998,34033.0,1389.7571531618175,9.573241061130334,784,866,83,0,783,866,62607,1,0,0,1,0
2020-07-30,US,New Jersey,Somerset,5170,554,0,40.56465737,-74.61683016,34035.0,1571.7438756711072,10.715667311411993,4616,5163,553,0,4610,5155,331164,7,1,0,6,8
2020-07-30,US,New Jersey,Sussex,1293,195,0,41.13891592,-74.69118243,34037.0,920.3633050509653,15.081206496519721,1098,1290,195,0,1095,1286,140799,3,0,0,3,4
2020-07-30,US,New Jersey,Unassigned,646,0,0,0.0,0.0,90034.0,0.0,0.0,646,489,0,0,489,680,,157,0,0,157,-191
2020-07-30,US,New Jersey,Union,16456,1346,0,40.65835409,-74.30680092,34039.0,2957.898123632808,8.179387457462324,15110,16439,1345,0,15094,16410,558067,17,1,0,16,29
2020-07-30,US,New Jersey,Warren,1326,170,0,40.85951833,-74.99556527,34041.0,1259.654022628174,12.82051282051282,1156,1327,171,0,1156,1321,105779,-1,-1,0,0,6
2020-07-30,US,New Mexico,Bernalillo,4688,117,0,35.05163625,-106.6703554,35001.0,690.3040842500819,2.4957337883959045,4571,4627,117,0,4510,4542,678701,61,0,0,61,85
2020-07-30,US,New Mexico,Catron,4,1,0,33.91514144,-108.4046587,35003.0,113.41083073433514,25.0,3,4,1,0,3,4,3578,0,0,0,0,0
2020-07-30,US,New Mexico,Chaves,317,5,0,33.36406072,-104.4665365,35005.0,490.598158322371,1.5772870662460567,312,300,5,0,295,289,64689,17,0,0,17,11
2020-07-30,US,New Mexico,Cibola,318,17,0,34.91131525,-107.998876,35006.0,1192.127460168697,5.345911949685536,301,306,17,0,289,292,26746,12,0,0,12,14
2020-07-30,US,New Mexico,Colfax,13,1,0,36.60569702,-104.64726740000002,35007.0,108.8686039695168,7.6923076923076925,12,13,1,0,12,13,12110,0,0,0,0,0
2020-07-30,US,New Mexico,Curry,431,2,0,34.57421077,-103.3468876,35009.0,880.4183519222127,0.4640371229698376,429,426,2,0,424,410,49437,5,0,0,5,16
2020-07-30,US,New Mexico,Dona Ana,2139,19,0,32.35275771,-106.83293870000001,35013.0,980.3157725887393,0.8882655446470313,2120,2118,19,0,2099,2082,217522,21,0,0,21,36
2020-07-30,US,New Mexico,Eddy,239,3,0,32.47167456,-104.3053527,35015.0,408.8265480670544,1.2552301255230125,236,236,3,0,233,233,57900,3,0,0,3,3
2020-07-30,US,New Mexico,Grant,66,2,0,32.73911281,-108.3827845,35017.0,244.46255278168755,3.0303030303030303,64,65,2,0,63,65,27346,1,0,0,1,0
2020-07-30,US,New Mexico,Guadalupe,31,0,0,34.86319296,-104.790669,35019.0,720.9302325581398,0.0,31,31,0,0,31,31,4341,0,0,0,0,0
2020-07-30,US,New Mexico,Harding,1,0,0,35.85751555,-103.8220938,35021.0,160.0,0.0,1,1,0,0,1,1,655,0,0,0,0,0
2020-07-30,US,New Mexico,Hidalgo,85,0,0,31.91383467,-108.7151824,35023.0,2024.7737017627442,0.0,85,85,0,0,85,85,4240,0,0,0,0,0
2020-07-30,US,New Mexico,Lea,596,3,0,32.79215361,-103.4123733,35025.0,838.6098213029406,0.5033557046979866,593,581,3,0,578,571,69611,15,0,0,15,10
2020-07-30,US,New Mexico,Lincoln,91,1,0,33.74526079,-105.4586166,35027.0,464.9499284692418,1.0989010989010992,90,88,1,0,87,79,19556,3,0,0,3,9
2020-07-30,US,New Mexico,Los Alamos,18,0,0,35.86631386,-106.3134985,35028.0,92.93200474985802,0.0,18,17,0,0,17,17,19101,1,0,0,1,0
2020-07-30,US,New Mexico,Luna,220,3,0,32.18179341,-107.75088259999998,35029.0,927.9176683959676,1.3636363636363635,217,218,3,0,215,215,23963,2,0,0,2,3
2020-07-30,US,New Mexico,McKinley,3977,219,0,35.58007720000001,-108.262245,35031.0,5572.603584289658,5.506663314055821,3758,3942,217,0,3725,3934,72290,35,2,0,33,8
2020-07-30,US,New Mexico,Mora,6,0,0,36.01095101,-104.9497716,35033.0,132.71400132713998,0.0,6,6,0,0,6,6,4506,0,0,0,0,0
2020-07-30,US,New Mexico,Otero,178,10,0,32.61348406,-105.7417604,35035.0,263.7427767076604,5.617977528089888,168,176,10,0,166,174,66781,2,0,0,2,2
2020-07-30,US,New Mexico,Quay,31,1,0,35.10403332,-103.5481727,35037.0,375.6209863080092,3.2258064516129035,30,31,1,0,30,31,8253,0,0,0,0,0
2020-07-30,US,New Mexico,Rio Arriba,292,4,0,36.51072137,-106.6931674,35039.0,750.2376609028545,1.3698630136986298,288,285,4,0,281,281,39006,7,0,0,7,4
2020-07-30,US,New Mexico,Roosevelt,134,1,0,34.02097406,-103.4799493,35041.0,724.3243243243244,0.746268656716418,133,131,1,0,130,122,18743,3,0,0,3,9
2020-07-30,US,New Mexico,San Juan,2986,179,0,36.50838318,-108.320437,35045.0,2408.880427241485,5.994641661085063,2807,2964,178,0,2786,2946,125043,22,1,0,21,18
2020-07-30,US,New Mexico,San Miguel,41,0,0,35.48014807,-104.8163562,35047.0,150.30978480038127,0.0,41,40,0,0,40,40,27591,1,0,0,1,0
2020-07-30,US,New Mexico,Sandoval,1063,33,0,35.68862401,-106.8687803,35043.0,724.3710306102979,3.104421448730009,1030,1049,33,0,1016,1032,145179,14,0,0,14,17
2020-07-30,US,New Mexico,Santa Fe,550,3,0,35.50708973,-105.9774716,35049.0,365.79363918115433,0.5454545454545454,547,535,3,0,532,524,150056,15,0,0,15,11
2020-07-30,US,New Mexico,Sierra,28,0,0,33.13028233,-107.1925893,35051.0,259.475488833287,0.0,28,28,0,0,28,27,10968,0,0,0,0,1
2020-07-30,US,New Mexico,Socorro,73,5,0,34.00715494,-106.9298354,35053.0,438.78103023381624,6.849315068493151,68,71,5,0,66,71,16735,2,0,0,2,0
2020-07-30,US,New Mexico,Taos,91,1,0,36.58006022,-105.6310198,35055.0,278.0918619930935,1.0989010989010992,90,89,1,0,88,87,32835,2,0,0,2,2
2020-07-30,US,New Mexico,Torrance,59,1,0,34.64048375,-105.8508949,35057.0,381.6053295388397,1.6949152542372878,58,59,1,0,58,58,15591,0,0,0,0,1
2020-07-30,US,New Mexico,Unassigned,1251,0,0,0.0,0.0,90035.0,0.0,0.0,1251,1248,0,0,1248,1172,,3,0,0,3,76
2020-07-30,US,New Mexico,Union,25,0,0,36.48126404,-103.4709624,35059.0,615.9152500615917,0.0,25,24,0,0,24,24,4118,1,0,0,1,0
2020-07-30,US,New Mexico,Valencia,346,4,0,34.71669834,-106.8103733,35061.0,451.1788024201962,1.1560693641618498,342,342,4,0,338,333,76456,4,0,0,4,9
2020-07-30,US,New York,Albany,2493,126,0,42.60060306,-73.97723916,36001.0,816.0232532257959,5.054151624548736,2367,2480,124,0,2356,2468,307117,13,2,0,11,12
2020-07-30,US,New York,Allegany,74,1,0,42.25748406,-78.02750466,36003.0,160.55195157406,1.351351351351351,73,74,1,0,73,74,46430,0,0,0,0,0
2020-07-30,US,New York,Broome,1029,64,0,42.15903158,-75.81326086,36007.0,540.1915081264962,6.219630709426628,965,1015,64,0,951,992,191659,14,0,0,14,23
2020-07-30,US,New York,Cattaraugus,157,6,0,42.24778241,-78.67923096,36009.0,206.26141335049988,3.8216560509554136,151,157,6,0,151,153,76840,0,0,0,0,4
2020-07-30,US,New York,Cayuga,141,2,0,42.91261714,-76.55731592,36011.0,184.13079816130383,1.4184397163120568,139,141,2,0,139,140,77145,0,0,0,0,1
2020-07-30,US,New York,Chautauqua,224,9,0,42.22769210000001,-79.36691763,36013.0,176.5127695956754,4.017857142857143,215,223,9,0,214,219,127939,1,0,0,1,4
2020-07-30,US,New York,Chemung,162,3,0,42.13891056,-76.7638805,36015.0,194.11426380368096,1.851851851851852,159,161,3,0,158,160,84254,1,0,0,1,1
2020-07-30,US,New York,Chenango,206,6,0,42.49430041,-75.60887553,36017.0,436.3759611921962,2.9126213592233015,200,205,6,0,199,203,47536,1,0,0,1,2
2020-07-30,US,New York,Clinton,125,4,0,44.74530905,-73.67875352,36019.0,155.30844256693794,3.2,121,123,4,0,119,123,80695,2,0,0,2,0
2020-07-30,US,New York,Columbia,513,37,0,42.24819348,-73.63089095,36021.0,862.7503741948505,7.212475633528265,476,510,37,0,473,504,59916,3,0,0,3,6
2020-07-30,US,New York,Cortland,90,0,0,42.59509207,-76.07048931,36023.0,189.1511317542717,0.0,90,90,0,0,90,89,47823,0,0,0,0,1
2020-07-30,US,New York,Delaware,101,4,0,42.19837623,-74.96709306,36025.0,228.84332162682682,3.96039603960396,97,101,4,0,97,99,44527,0,0,0,0,2
2020-07-30,US,New York,Dutchess,4468,153,0,41.76486060000001,-73.74356679,36027.0,1518.6018530477402,3.4243509400179053,4315,4453,153,0,4300,4447,293718,15,0,0,15,6
2020-07-30,US,New York,Erie,8434,669,0,42.76249024,-78.73063652,36029.0,918.0343571691363,7.932179274365662,7765,8410,663,0,7747,8364,919719,24,6,0,18,46
2020-07-30,US,New York,Essex,55,0,0,44.11630765,-73.77297842,36031.0,149.1121051918124,0.0,55,55,0,0,55,55,37300,0,0,0,0,0
2020-07-30,US,New York,Franklin,48,0,0,44.59040891,-74.29926032,36033.0,95.95777857742591,0.0,48,48,0,0,48,47,50293,0,0,0,0,1
2020-07-30,US,New York,Fulton,275,24,0,43.11363907,-74.41798804,36035.0,515.1452709664127,8.727272727272727,251,270,24,0,246,270,53591,5,0,0,5,0
2020-07-30,US,New York,Genesee,270,5,0,43.0022601,-78.19135193,36037.0,471.3687150837989,1.851851851851852,265,267,5,0,262,266,57511,3,0,0,3,1
2020-07-30,US,New York,Greene,287,18,0,42.275797,-74.12384884,36039.0,608.2054759684665,6.2717770034843205,269,285,18,0,267,283,47491,2,0,0,2,2
2020-07-30,US,New York,Hamilton,7,0,0,43.66146647,-74.49721957,36041.0,158.5144927536232,0.0,7,7,0,0,7,7,4434,0,0,0,0,0
2020-07-30,US,New York,Herkimer,239,4,0,43.42034246,-74.96145307,36043.0,389.7649994292144,1.6736401673640169,235,236,4,0,232,236,61833,3,0,0,3,0
2020-07-30,US,New York,Jefferson,128,0,0,44.04200959,-75.94653457,36045.0,116.53950507128941,0.0,128,128,0,0,128,128,111755,0,0,0,0,0
2020-07-30,US,New York,Lewis,34,0,0,43.7844157,-75.44903992,36049.0,129.29723151810163,0.0,34,34,0,0,34,34,26447,0,0,0,0,0
2020-07-30,US,New York,Livingston,164,8,0,42.72596275,-77.77966158,36051.0,260.67330006039987,4.878048780487805,156,163,8,0,155,162,63227,1,0,0,1,1
2020-07-30,US,New York,Madison,396,17,0,42.91653905,-75.67266639,36053.0,558.2103438068253,4.292929292929293,379,393,17,0,376,391,70795,3,0,0,3,2
2020-07-30,US,New York,Monroe,4677,277,0,43.14638895,-77.69322942,36055.0,630.5188939967916,5.922599957237545,4400,4656,277,0,4379,4632,742474,21,0,0,21,24
2020-07-30,US,New York,Montgomery,152,4,0,42.90123494,-74.44011632,36057.0,308.81127973832315,2.631578947368421,148,152,4,0,148,152,49455,0,0,0,0,0
2020-07-30,US,New York,Nassau,43158,2194,0,40.74066522,-73.58941873,36059.0,3180.576067635328,5.083646137448445,40964,43100,2194,0,40906,43059,1358343,58,0,0,58,41
2020-07-30,US,New York,New York City,224863,23525,0,40.76727260000001,-73.97152637,36061.0,2697.2284506185033,10.461925705874243,201338,224551,23512,0,201039,224249,1628701,312,13,0,299,302
2020-07-30,US,New York,Niagara,1434,96,0,43.19898042,-78.74777412,36063.0,685.2031479207383,6.694560669456067,1338,1430,96,0,1334,1424,210433,4,0,0,4,6
2020-07-30,US,New York,Oneida,2062,112,0,43.24375382,-75.43710392,36065.0,901.7321829178163,5.431619786614936,1950,2053,112,0,1941,2028,229577,9,0,0,9,25
2020-07-30,US,New York,Onondaga,3459,194,0,43.00491923,-76.19971155,36067.0,751.0943959976372,5.608557386527898,3265,3437,194,0,3243,3419,461809,22,0,0,22,18
2020-07-30,US,New York,Ontario,349,34,0,42.85145728,-77.30874425,36069.0,317.9172322071108,9.742120343839543,315,347,34,0,313,345,109864,2,0,0,2,2
2020-07-30,US,New York,Orange,11072,489,0,41.40337468,-74.30240757,36071.0,2876.2924092066296,4.416546242774566,10583,11034,489,0,10545,11024,381951,38,0,0,38,10
2020-07-30,US,New York,Orleans,291,54,0,43.2516977,-78.2320066,36073.0,721.1538461538463,18.55670103092784,237,291,54,0,237,290,40612,0,0,0,0,1
2020-07-30,US,New York,Oswego,240,3,0,43.42778894,-76.14635194,36075.0,204.91103445920564,1.25,237,239,3,0,236,239,117898,1,0,0,1,0
2020-07-30,US,New York,Otsego,107,5,0,42.63492579,-75.03151402,36077.0,179.85309196039867,4.672897196261682,102,107,5,0,102,105,59749,0,0,0,0,2
2020-07-30,US,New York,Putnam,1418,63,0,41.42630093,-73.74965532,36079.0,1442.2294548413345,4.442877291960508,1355,1416,63,0,1353,1412,98892,2,0,0,2,4
2020-07-30,US,New York,Rensselaer,718,30,0,42.71348136,-73.51089874,36083.0,452.3860529001852,4.178272980501393,688,694,30,0,664,690,159442,24,0,0,24,4
2020-07-30,US,New York,Rockland,13860,674,0,41.15027894,-74.02560498,36087.0,4254.287284101059,4.862914862914863,13186,13852,673,0,13179,13845,325695,8,1,0,7,7
2020-07-30,US,New York,Saratoga,709,17,0,43.10904162,-73.86653895,36091.0,308.4445952589151,2.397743300423131,692,701,17,0,684,691,230163,8,0,0,8,10
2020-07-30,US,New York,Schenectady,1018,37,0,42.81668777,-74.05278291,36093.0,655.5096942027959,3.6345776031434185,981,1010,37,0,973,998,155350,8,0,0,8,12
2020-07-30,US,New York,Schoharie,68,0,0,42.58831742,-74.44339029999998,36095.0,219.36191490048063,0.0,68,68,0,0,68,68,31097,0,0,0,0,0
2020-07-30,US,New York,Schuyler,20,0,0,42.39184015,-76.8773299,36097.0,112.31538159150897,0.0,20,20,0,0,20,20,17912,0,0,0,0,0
2020-07-30,US,New York,Seneca,84,3,0,42.78081007,-76.82497064,36099.0,246.94261523988712,3.571428571428572,81,84,3,0,81,84,34300,0,0,0,0,0
2020-07-30,US,New York,St. Lawrence,260,4,0,44.4976179,-75.06550039,36089.0,241.32170038982738,1.5384615384615383,256,259,4,0,255,258,108047,1,0,0,1,1
2020-07-30,US,New York,Steuben,290,42,0,42.2689144,-77.3829924,36101.0,304.0501577915474,14.482758620689655,248,290,42,0,248,289,95796,0,0,0,0,1
2020-07-30,US,New York,Suffolk,43170,1996,0,40.88320119,-72.8012172,36103.0,2923.606309355066,4.623581190641648,41174,43084,1996,0,41088,43024,1481093,86,0,0,86,60
2020-07-30,US,New York,Sullivan,1479,48,0,41.71579493,-74.76394559,36105.0,1960.7063315303851,3.2454361054766734,1431,1476,48,0,1428,1476,75498,3,0,0,3,0
2020-07-30,US,New York,Tioga,184,24,0,42.16852837,-76.30835812,36107.0,381.71898014646393,13.043478260869565,160,183,24,0,159,180,48560,1,0,0,1,3
2020-07-30,US,New York,Tompkins,227,0,0,42.44945765,-76.47229843,36109.0,222.15697788216872,0.0,227,225,0,0,225,225,102793,2,0,0,2,0
2020-07-30,US,New York,Ulster,2010,91,0,41.89027881,-74.26252104,36111.0,1131.9288405331893,4.527363184079602,1919,1973,90,0,1883,1942,178599,37,1,0,36,31
2020-07-30,US,New York,Warren,298,33,0,43.56173026,-73.8433699,36113.0,466.0327786813462,11.073825503355703,265,298,33,0,265,298,64265,0,0,0,0,0
2020-07-30,US,New York,Washington,254,14,0,43.31153794,-73.43043448,36115.0,415.00555519247115,5.511811023622046,240,254,14,0,240,254,61197,0,0,0,0,0
2020-07-30,US,New York,Wayne,243,3,0,43.15494365,-77.02976528,36117.0,270.2462243377299,1.2345679012345678,240,243,3,0,240,243,90064,0,0,0,0,0
2020-07-30,US,New York,Westchester,35913,1445,0,41.16278376,-73.75741653,36119.0,3711.9149648684333,4.0236126193857364,34468,35874,1443,0,34431,35838,967612,39,2,0,37,36
2020-07-30,US,New York,Wyoming,111,5,0,42.70145109,-78.22199579,36121.0,278.48164780852505,4.504504504504505,106,111,5,0,106,111,40085,0,0,0,0,0
2020-07-30,US,New York,Yates,52,7,0,42.63505484,-77.10369919,36123.0,208.72636775980408,13.461538461538463,45,52,7,0,45,52,24841,0,0,0,0,0
2020-07-30,US,North Carolina,Alamance,2101,41,0,36.0434701,-79.39976137,37001.0,1239.462211446,1.951451689671585,2060,2066,41,0,2025,2029,166436,35,0,0,35,37
2020-07-30,US,North Carolina,Alexander,295,2,0,35.922379600000006,-81.17751948,37003.0,786.7296050350694,0.6779661016949152,293,258,3,0,255,258,37353,37,-1,0,38,0
2020-07-30,US,North Carolina,Alleghany,66,0,0,36.49360862,-81.12857041,37005.0,592.6191972703599,0.0,66,64,0,0,64,63,11161,2,0,0,2,1
2020-07-30,US,North Carolina,Anson,298,2,0,34.97403241,-80.09953279,37007.0,1219.0133355150126,0.6711409395973155,296,295,2,0,293,292,24877,3,0,0,3,3
2020-07-30,US,North Carolina,Ashe,109,1,0,36.43296207,-81.49862729,37009.0,400.6911002462963,0.9174311926605504,108,100,1,0,99,99,27109,9,0,0,9,1
2020-07-30,US,North Carolina,Avery,82,0,0,36.07569796,-81.92308483,37011.0,467.05017941561766,0.0,82,82,0,0,82,78,17505,0,0,0,0,4
2020-07-30,US,North Carolina,Beaufort,331,2,0,35.48531943,-76.84325809,37013.0,704.3452355619867,0.6042296072507553,329,324,2,0,322,313,47079,7,0,0,7,11
2020-07-30,US,North Carolina,Bertie,226,4,0,36.0688473,-76.96545943,37015.0,1192.8009711299942,1.7699115044247788,222,222,4,0,218,219,19026,4,0,0,4,3
2020-07-30,US,North Carolina,Bladen,563,6,0,34.61296243,-78.56180059,37017.0,1720.5549783020597,1.0657193605683837,557,549,6,0,543,539,33190,14,0,0,14,10
2020-07-30,US,North Carolina,Brunswick,1150,16,0,34.070565,-78.22814204,37019.0,805.2093544321524,1.391304347826087,1134,1121,13,0,1108,1101,136744,29,3,0,26,20
2020-07-30,US,North Carolina,Buncombe,1576,46,0,35.61113393,-82.53305,37021.0,603.3898564651921,2.918781725888325,1530,1538,46,0,1492,1505,259103,38,0,0,38,33
2020-07-30,US,North Carolina,Burke,1526,25,0,35.74989637,-81.70755735,37023.0,1686.4673702823673,1.6382699868938402,1501,1526,25,0,1501,1486,90382,0,0,0,0,40
2020-07-30,US,North Carolina,Cabarrus,2316,41,0,35.3877799,-80.55267168,37025.0,1069.9782400798326,1.770293609671848,2275,2248,41,0,2207,2212,211342,68,0,0,68,36
2020-07-30,US,North Carolina,Caldwell,1066,12,0,35.95204977,-81.54799522,37027.0,1297.1841612110295,1.125703564727955,1054,1022,12,0,1010,1010,82029,44,0,0,44,12
2020-07-30,US,North Carolina,Camden,55,2,0,36.33804939,-76.15568396,37029.0,506.1194441888285,3.636363636363636,53,53,2,0,51,53,10710,2,0,0,2,0
2020-07-30,US,North Carolina,Carteret,279,5,0,34.8932941,-76.54120135,37031.0,401.5948641918444,1.7921146953405018,274,279,5,0,274,279,69524,0,0,0,0,0
2020-07-30,US,North Carolina,Caswell,179,2,0,36.39312665,-79.33353281,37033.0,791.8952397805698,1.11731843575419,177,173,2,0,171,173,22698,6,0,0,6,0
2020-07-30,US,North Carolina,Catawba,1829,24,0,35.66211129,-81.2132617,37035.0,1146.341922018665,1.3121924548933843,1805,1801,22,0,1779,1773,158652,28,2,0,26,28
2020-07-30,US,North Carolina,Chatham,1200,49,0,35.70394416,-79.25541492,37037.0,1611.3871357593662,4.083333333333333,1151,1193,49,0,1144,1188,73139,7,0,0,7,5
2020-07-30,US,North Carolina,Cherokee,231,3,0,35.1349263,-84.05970864,37039.0,807.3535579477142,1.2987012987012987,228,231,3,0,228,228,28383,0,0,0,0,3
2020-07-30,US,North Carolina,Chowan,109,1,0,36.12908077,-76.60118385,37041.0,781.7542853044539,0.9174311926605504,108,109,0,0,109,106,14029,0,1,0,-1,3
2020-07-30,US,North Carolina,Clay,65,0,0,35.05704275,-83.74353633,37043.0,578.755231056896,0.0,65,65,0,0,65,62,11139,0,0,0,0,3
2020-07-30,US,North Carolina,Cleveland,936,13,0,35.33553364,-81.55204486,37045.0,955.6188550951024,1.3888888888888888,923,910,13,0,897,892,97645,26,0,0,26,18
2020-07-30,US,North Carolina,Columbus,799,44,0,34.26744084,-78.65801424,37047.0,1439.432153923759,5.5068836045056315,755,775,44,0,731,767,55655,24,0,0,24,8
2020-07-30,US,North Carolina,Craven,620,9,0,35.11833364,-77.08398081,37049.0,607.0159292728538,1.4516129032258065,611,620,9,0,611,611,102912,0,0,0,0,9
2020-07-30,US,North Carolina,Cumberland,2560,50,0,35.04762133,-78.82623165,37051.0,763.0197699614615,1.953125,2510,2494,49,0,2445,2489,332330,66,1,0,65,5
2020-07-30,US,North Carolina,Currituck,70,0,0,36.36123664,-75.95876401,37053.0,252.13413536001158,0.0,70,69,0,0,69,69,27072,1,0,0,1,0
2020-07-30,US,North Carolina,Dare,188,1,0,35.66520691,-75.71767334,37055.0,507.9845443000351,0.5319148936170213,187,187,1,0,186,184,36501,1,0,0,1,3
2020-07-30,US,North Carolina,Davidson,1606,17,0,35.79115496,-80.21256572,37057.0,958.1824365040063,1.0585305105853051,1589,1578,16,0,1562,1553,166614,28,1,0,27,25
2020-07-30,US,North Carolina,Davie,341,4,0,35.93099927,-80.54496571,37059.0,795.873593801055,1.1730205278592376,337,326,4,0,322,313,42733,15,0,0,15,13
2020-07-30,US,North Carolina,Duplin,1900,42,0,34.93449805,-77.93140529,37061.0,3234.538056893822,2.2105263157894743,1858,1890,42,0,1848,1887,58856,10,0,0,10,3
2020-07-30,US,North Carolina,Durham,5687,77,0,36.03638492,-78.87608331,37063.0,1768.9618275021148,1.3539651837524178,5610,5629,76,0,5553,5567,316739,58,1,0,57,62
2020-07-30,US,North Carolina,Edgecombe,560,11,0,35.91230639,-77.59436892,37065.0,1087.9701585327946,1.9642857142857144,549,549,10,0,539,533,52005,11,1,0,10,16
2020-07-30,US,North Carolina,Forsyth,4791,49,0,36.12859861,-80.25459052,37067.0,1253.22068036464,1.0227509914422876,4742,4703,49,0,4654,4654,379099,88,0,0,88,49
2020-07-30,US,North Carolina,Franklin,747,25,0,36.081519,-78.28708884,37069.0,1071.966707325823,3.3467202141900936,722,731,25,0,706,723,67560,16,0,0,16,8
2020-07-30,US,North Carolina,Gaston,2863,33,0,35.29373559,-81.17477045,37071.0,1275.1136824196428,1.1526370939573871,2830,2805,32,0,2773,2777,222846,58,1,0,57,28
2020-07-30,US,North Carolina,Gates,38,2,0,36.44667547,-76.69749701,37073.0,328.66286109669613,5.2631578947368425,36,37,2,0,35,37,11573,1,0,0,1,0
2020-07-30,US,North Carolina,Graham,23,0,0,35.3506925,-83.83369267,37075.0,272.4795640326976,0.0,23,22,0,0,22,21,8484,1,0,0,1,1
2020-07-30,US,North Carolina,Granville,1138,25,0,36.30337451,-78.65184241,37077.0,1882.7655807951294,2.1968365553602807,1113,1126,25,0,1101,1114,60115,12,0,0,12,12
2020-07-30,US,North Carolina,Greene,287,3,0,35.48544173,-77.67578087,37079.0,1362.1908965779107,1.0452961672473868,284,284,3,0,281,283,21012,3,0,0,3,1
2020-07-30,US,North Carolina,Guilford,5042,142,0,36.07959451,-79.78824948,37081.0,938.6157930205113,2.816342721142404,4900,4932,140,0,4792,4862,533670,110,2,0,108,70
2020-07-30,US,North Carolina,Halifax,595,6,0,36.25669272,-77.6556109,37083.0,1189.762047590482,1.0084033613445378,589,585,6,0,579,579,50574,10,0,0,10,6
2020-07-30,US,North Carolina,Harnett,1074,36,0,35.36731853,-78.87243571,37085.0,789.8452668117903,3.35195530726257,1038,1058,36,0,1022,1045,134214,16,0,0,16,13
2020-07-30,US,North Carolina,Haywood,268,2,0,35.55269063,-82.98196486,37087.0,430.0592133767672,0.746268656716418,266,255,2,0,253,247,61971,13,0,0,13,8
2020-07-30,US,North Carolina,Henderson,1325,53,0,35.33788927,-82.4766782,37089.0,1128.4566970711223,4.0,1272,1321,53,0,1268,1321,116748,4,0,0,4,0
2020-07-30,US,North Carolina,Hertford,265,11,0,36.3607755,-76.98104134,37091.0,1119.2296321324493,4.150943396226415,254,248,11,0,237,241,23659,17,0,0,17,7
2020-07-30,US,North Carolina,Hoke,648,8,0,35.01888303,-79.23651674,37093.0,1173.190426186769,1.2345679012345678,640,645,7,0,638,632,54764,3,1,0,2,13
2020-07-30,US,North Carolina,Hyde,37,0,0,35.42017674,-76.15180542,37095.0,749.4429815677538,0.0,37,37,0,0,37,37,5230,0,0,0,0,0
2020-07-30,US,North Carolina,Iredell,1605,18,0,35.80950511,-80.8743128,37097.0,882.8091482129303,1.1214953271028036,1587,1602,18,0,1584,1567,178435,3,0,0,3,35
2020-07-30,US,North Carolina,Jackson,382,3,0,35.28814273,-83.14093385,37099.0,869.4068915289728,0.7853403141361257,379,376,3,0,373,372,43327,6,0,0,6,4
2020-07-30,US,North Carolina,Johnston,2895,44,0,35.51745004,-78.36622717,37101.0,1382.9243475893168,1.5198618307426597,2851,2832,43,0,2789,2751,202675,63,1,0,62,81
2020-07-30,US,North Carolina,Jones,55,3,0,35.02254606,-77.35870791,37103.0,583.9261068053934,5.454545454545454,52,55,3,0,52,50,9637,0,0,0,0,5
2020-07-30,US,North Carolina,Lee,1124,9,0,35.47623147,-79.17569362,37105.0,1819.3884653361167,0.8007117437722421,1115,1115,9,0,1106,1095,61452,9,0,0,9,20
2020-07-30,US,North Carolina,Lenoir,511,12,0,35.24032589999999,-77.64245615,37107.0,913.331784303562,2.348336594911937,499,507,12,0,495,499,55976,4,0,0,4,8
2020-07-30,US,North Carolina,Lincoln,710,2,0,35.48508185,-81.21740317,37109.0,824.5171929254103,0.28169014084507044,708,692,2,0,690,678,83770,18,0,0,18,14
2020-07-30,US,North Carolina,Macon,445,2,0,35.14867843,-83.41696617,37113.0,1241.0061910870654,0.44943820224719105,443,445,2,0,443,441,35285,0,0,0,0,4
2020-07-30,US,North Carolina,Madison,36,0,0,35.85402722,-82.71346418,37115.0,165.47920018386577,0.0,36,34,0,0,34,32,21763,2,0,0,2,2
2020-07-30,US,North Carolina,Martin,235,6,0,35.84326734,-77.10860251,37117.0,1047.2370766488414,2.5531914893617023,229,217,6,0,211,216,22671,18,0,0,18,1
2020-07-30,US,North Carolina,McDowell,539,8,0,35.67736232,-82.0482425,37111.0,1177.9875863274765,1.4842300556586268,531,493,7,0,486,477,45507,46,1,0,45,16
2020-07-30,US,North Carolina,Mecklenburg,20261,195,0,35.24469268,-80.8317671,37119.0,1824.7300865668308,0.9624401559646611,20066,19924,192,0,19732,19707,1093901,337,3,0,334,217
2020-07-30,US,North Carolina,Mitchell,108,2,0,36.01059309,-82.1582442,37121.0,721.7321571772252,1.851851851851852,106,108,2,0,106,106,15000,0,0,0,0,2
2020-07-30,US,North Carolina,Montgomery,563,14,0,35.33155144,-79.90416657,37123.0,2071.9096161631032,2.4866785079928952,549,561,14,0,547,552,27271,2,0,0,2,9
2020-07-30,US,North Carolina,Moore,858,20,0,35.30885257,-79.48474178,37125.0,850.5154639175258,2.331002331002331,838,851,20,0,831,841,98682,7,0,0,7,10
2020-07-30,US,North Carolina,Nash,963,11,0,35.96575634,-77.98422508,37127.0,1021.2305669261276,1.142263759086189,952,937,11,0,926,897,94016,26,0,0,26,40
2020-07-30,US,North Carolina,New Hanover,2283,18,0,34.25758282,-77.87075626,37129.0,973.6728749152354,0.7884362680683311,2265,2283,18,0,2265,2212,232274,0,0,0,0,71
2020-07-30,US,North Carolina,Northampton,307,16,0,36.41736238,-77.39769443,37131.0,1575.7326900374685,5.2117263843648205,291,307,16,0,291,297,19676,0,0,0,0,10
2020-07-30,US,North Carolina,Onslow,838,10,0,34.72607366,-77.42908179,37133.0,423.36489203690047,1.1933174224343674,828,838,9,0,829,838,197683,0,1,0,-1,0
2020-07-30,US,North Carolina,Orange,1250,45,0,36.06092947,-79.12167935,37135.0,841.8869042808266,3.6,1205,1241,45,0,1196,1229,146027,9,0,0,9,12
2020-07-30,US,North Carolina,Pamlico,54,1,0,35.15253315,-76.66559823,37137.0,424.32814710042436,1.851851851851852,53,54,1,0,53,54,12670,0,0,0,0,0
2020-07-30,US,North Carolina,Pasquotank,336,17,0,36.26723798,-76.25134778,37139.0,843.7123342707915,5.059523809523808,319,314,17,0,297,311,39639,22,0,0,22,3
2020-07-30,US,North Carolina,Pender,597,3,0,34.52265624,-77.90352133,37141.0,946.7174119885823,0.5025125628140703,594,582,3,0,579,575,62162,15,0,0,15,7
2020-07-30,US,North Carolina,Perquimans,62,2,0,36.17847453,-76.40603143,37143.0,460.5214291019832,3.2258064516129035,60,58,2,0,56,57,13422,4,0,0,4,1
2020-07-30,US,North Carolina,Person,187,2,0,36.38989032,-78.97217358,37145.0,473.5376044568245,1.0695187165775402,185,186,1,0,185,185,39507,1,1,0,0,1
2020-07-30,US,North Carolina,Pitt,1639,11,0,35.59535426,-77.37353178,37147.0,906.8174525013555,0.6711409395973155,1628,1579,11,0,1568,1548,179914,60,0,0,60,31
2020-07-30,US,North Carolina,Polk,131,5,0,35.27820615,-82.16812354,37149.0,632.1173518625748,3.816793893129771,126,127,5,0,122,124,20611,4,0,0,4,3
2020-07-30,US,North Carolina,Randolph,1999,36,0,35.71015088,-79.80570339,37151.0,1391.4120848907544,1.8009004502251125,1963,1961,36,0,1925,1950,143351,38,0,0,38,11
2020-07-30,US,North Carolina,Richmond,471,8,0,35.00417719,-79.74491009,37153.0,1050.6591715184368,1.6985138004246283,463,471,8,0,463,464,44887,0,0,0,0,7
2020-07-30,US,North Carolina,Robeson,2531,50,0,34.64244496,-79.10250529999998,37155.0,1937.6076555023928,1.975503753457132,2481,2459,50,0,2409,2429,131831,72,0,0,72,30
2020-07-30,US,North Carolina,Rockingham,446,7,0,36.39593137,-79.77504841,37157.0,490.0560377980442,1.5695067264573992,439,446,7,0,439,442,90690,0,0,0,0,4
2020-07-30,US,North Carolina,Rowan,1940,46,0,35.64003916,-80.52446628,37159.0,1365.351050053488,2.3711340206185567,1894,1914,46,0,1868,1894,141262,26,0,0,26,20
2020-07-30,US,North Carolina,Rutherford,619,13,0,35.40114178,-81.92112099,37161.0,923.4808814095392,2.10016155088853,606,608,13,0,595,595,66826,11,0,0,11,13
2020-07-30,US,North Carolina,Sampson,1402,11,0,34.98820368,-78.36914061,37163.0,2206.7966819348035,0.7845934379457917,1391,1394,10,0,1384,1394,63626,8,1,0,7,0
2020-07-30,US,North Carolina,Scotland,259,2,0,34.8386299,-79.4757978,37165.0,743.7613071820349,0.7722007722007722,257,242,2,0,240,239,34810,17,0,0,17,3
2020-07-30,US,North Carolina,Stanly,854,10,0,35.31647813,-80.25093221,37167.0,1359.7426997420628,1.17096018735363,844,854,9,0,845,802,62075,0,1,0,-1,52
2020-07-30,US,North Carolina,Stokes,240,3,0,36.4017975,-80.23893369,37169.0,526.4196880963349,1.25,237,240,3,0,237,226,45467,0,0,0,0,14
2020-07-30,US,North Carolina,Surry,832,7,0,36.41689489,-80.69102283,37171.0,1159.0487998551193,0.8413461538461539,825,802,7,0,795,787,71948,30,0,0,30,15
2020-07-30,US,North Carolina,Swain,99,2,0,35.48665845,-83.48748932,37173.0,693.7145259617406,2.0202020202020203,97,99,2,0,97,96,14245,0,0,0,0,3
2020-07-30,US,North Carolina,Transylvania,116,1,0,35.20383864,-82.79638423,37175.0,337.35640540933554,0.8620689655172413,115,113,1,0,112,110,34215,3,0,0,3,3
2020-07-30,US,North Carolina,Tyrrell,91,1,0,35.87147226,-76.17055253,37177.0,2265.93625498008,1.0989010989010992,90,91,1,0,90,90,4131,0,0,0,0,1
2020-07-30,US,North Carolina,Union,2671,39,0,34.98960527,-80.52955873,37179.0,1113.5708895642856,1.4601272931486335,2632,2611,39,0,2572,2572,235908,60,0,0,60,39
2020-07-30,US,North Carolina,Vance,710,40,0,36.36880673,-78.40670845,37181.0,1594.2517121365215,5.633802816901407,670,703,40,0,663,699,44582,7,0,0,7,4
2020-07-30,US,North Carolina,Wake,10684,126,0,35.78879266,-78.65249174,37183.0,960.9979123210834,1.1793335829277425,10558,10464,116,0,10348,10289,1092305,220,10,0,210,175
2020-07-30,US,North Carolina,Warren,235,6,0,36.39728256,-78.10652228,37185.0,1191.0192083523386,2.5531914893617023,229,231,6,0,225,231,19807,4,0,0,4,0
2020-07-30,US,North Carolina,Washington,114,3,0,35.83810081,-76.57299037,37187.0,984.4559585492227,2.631578947368421,111,110,3,0,107,108,11859,4,0,0,4,2
2020-07-30,US,North Carolina,Watauga,251,0,0,36.23103603,-81.70033724,37189.0,446.8020720223579,0.0,251,243,0,0,243,240,55945,8,0,0,8,3
2020-07-30,US,North Carolina,Wayne,2285,37,0,35.36438125,-78.00027268,37191.0,1855.7471311042711,1.6192560175054704,2248,2272,36,0,2236,2254,123248,13,1,0,12,18
2020-07-30,US,North Carolina,Wilkes,721,9,0,36.2084135,-81.16232895,37193.0,1053.908670993393,1.2482662968099858,712,713,9,0,704,706,68557,8,0,0,8,7
2020-07-30,US,North Carolina,Wilson,1358,33,0,35.70625477,-77.917978,37195.0,1660.1264043226856,2.430044182621502,1325,1338,32,0,1306,1316,81455,20,1,0,19,22
2020-07-30,US,North Carolina,Yadkin,476,6,0,36.16222629,-80.66239436,37197.0,1263.7056309236202,1.2605042016806722,470,461,6,0,455,458,37543,15,0,0,15,3
2020-07-30,US,North Carolina,Yancey,94,0,0,35.90079156,-82.31237181,37199.0,520.2280148320327,0.0,94,94,0,0,94,94,17903,0,0,0,0,0
2020-07-30,US,North Dakota,Adams,2,0,0,46.09686891,-102.5285397,38001.0,90.25270758122744,0.0,2,2,0,0,2,2,2294,0,0,0,0,0
2020-07-30,US,North Dakota,Barnes,31,0,0,46.93579637,-98.06605978,38003.0,297.6476236197792,0.0,31,31,0,0,31,31,10542,0,0,0,0,0
2020-07-30,US,North Dakota,Benson,74,1,0,48.0683985,-99.35916363,38005.0,1083.1381733021076,1.351351351351351,73,70,1,0,69,70,6962,4,0,0,4,0
2020-07-30,US,North Dakota,Billings,1,0,0,47.02366884,-103.3762965,38007.0,107.75862068965515,0.0,1,1,0,0,1,1,919,0,0,0,0,0
2020-07-30,US,North Dakota,Bottineau,10,0,0,48.79106111,-100.8378166,38009.0,159.18497293855458,0.0,10,10,0,0,10,10,6411,0,0,0,0,0
2020-07-30,US,North Dakota,Bowman,6,0,0,46.11285362,-103.5203343,38011.0,198.4126984126984,0.0,6,6,0,0,6,6,3076,0,0,0,0,0
2020-07-30,US,North Dakota,Burke,15,0,0,48.79094471,-102.51821170000001,38013.0,709.2198581560284,0.0,15,14,0,0,14,14,2100,1,0,0,1,0
2020-07-30,US,North Dakota,Burleigh,877,4,0,46.97847375,-100.46452140000001,38015.0,917.1145922657016,0.4561003420752566,873,866,4,0,862,839,95273,11,0,0,11,27
2020-07-30,US,North Dakota,Cass,2872,76,0,46.93201724,-97.24447190000001,38017.0,1578.6898852811355,2.6462395543175488,2796,2850,76,0,2774,2841,181516,22,0,0,22,9
2020-07-30,US,North Dakota,Cavalier,30,0,0,48.77286211,-98.46685243,38019.0,797.4481658692184,0.0,30,29,0,0,29,29,3829,1,0,0,1,0
2020-07-30,US,North Dakota,Dickey,10,0,0,46.11017712,-98.50490079999999,38021.0,205.2545155993432,0.0,10,10,0,0,10,10,4903,0,0,0,0,0
2020-07-30,US,North Dakota,Divide,1,0,0,48.814938700000006,-103.48736109999999,38023.0,44.16961130742049,0.0,1,1,0,0,1,1,2283,0,0,0,0,0
2020-07-30,US,North Dakota,Dunn,27,0,0,47.35423935,-102.61604679999999,38025.0,610.3074141048825,0.0,27,26,0,0,26,26,4332,1,0,0,1,0
2020-07-30,US,North Dakota,Eddy,13,0,0,47.71701474,-98.90432337,38027.0,568.4302579798863,0.0,13,13,0,0,13,13,2313,0,0,0,0,0
2020-07-30,US,North Dakota,Emmons,15,1,0,46.28398398,-100.2389766,38029.0,462.8201172477632,6.666666666666668,14,14,1,0,13,14,3295,1,0,0,1,0
2020-07-30,US,North Dakota,Foster,12,0,0,47.457108399999996,-98.88279923,38031.0,373.8317757009346,0.0,12,11,0,0,11,11,3216,1,0,0,1,0
2020-07-30,US,North Dakota,Golden Valley,4,0,0,46.94022281,-103.8465421,38033.0,227.14366837024414,0.0,4,4,0,0,4,4,1769,0,0,0,0,0
2020-07-30,US,North Dakota,Grand Forks,608,4,0,47.92093639,-97.45450447,38035.0,875.4373587133375,0.6578947368421053,604,607,4,0,603,605,70770,1,0,0,1,2
2020-07-30,US,North Dakota,Grant,4,0,0,46.35821257,-101.63900129999999,38037.0,175.9014951627089,0.0,4,4,0,0,4,4,2374,0,0,0,0,0
2020-07-30,US,North Dakota,Griggs,21,0,0,47.45785838,-98.23850925,38039.0,941.281936351412,0.0,21,20,0,0,20,18,2232,1,0,0,1,2
2020-07-30,US,North Dakota,Hettinger,6,0,0,46.43375068,-102.4632417,38041.0,240.09603841536614,0.0,6,6,0,0,6,6,2514,0,0,0,0,0
2020-07-30,US,North Dakota,Kidder,10,0,0,46.97830064,-99.77507857,38043.0,403.22580645161287,0.0,10,10,0,0,10,10,2450,0,0,0,0,0
2020-07-30,US,North Dakota,LaMoure,14,0,0,46.45681054,-98.53542355,38045.0,346.02076124567475,0.0,14,14,0,0,14,14,4062,0,0,0,0,0
2020-07-30,US,North Dakota,Logan,3,0,0,46.45729487,-99.47719806,38047.0,162.16216216216216,0.0,3,3,0,0,3,2,1903,0,0,0,0,1
2020-07-30,US,North Dakota,McHenry,14,1,0,48.23104458,-100.6324822,38049.0,243.69016536118363,7.142857142857142,13,14,1,0,13,12,5816,0,0,0,0,2
2020-07-30,US,North Dakota,McIntosh,16,1,0,46.11182017,-99.44145858,38051.0,640.7689227072487,6.25,15,16,1,0,15,16,2585,0,0,0,0,0
2020-07-30,US,North Dakota,McKenzie,73,1,0,47.74133370000001,-103.395905,38053.0,485.8892438764643,1.3698630136986298,72,71,1,0,70,66,13632,2,0,0,2,5
2020-07-30,US,North Dakota,McLean,30,0,0,47.60766714,-101.3182418,38055.0,317.46031746031747,0.0,30,29,0,0,29,28,9541,1,0,0,1,1
2020-07-30,US,North Dakota,Mercer,20,0,0,47.31213126,-101.8318399,38057.0,244.28972761695368,0.0,20,20,0,0,20,20,8267,0,0,0,0,0
2020-07-30,US,North Dakota,Morton,254,3,0,46.71681782,-101.2822377,38059.0,809.8456829486032,1.1811023622047243,251,252,3,0,249,242,31095,2,0,0,2,10
2020-07-30,US,North Dakota,Mountrail,108,1,0,48.20197971,-102.3555315,38061.0,1024.1820768136556,0.925925925925926,107,107,1,0,106,102,10218,1,0,0,1,5
2020-07-30,US,North Dakota,Nelson,11,0,0,47.9226426,-98.19038437,38063.0,382.07711010767633,0.0,11,10,0,0,10,8,2869,1,0,0,1,2
2020-07-30,US,North Dakota,Oliver,6,0,0,47.11530482,-101.3406158,38065.0,306.27871362940283,0.0,6,6,0,0,6,6,1952,0,0,0,0,0
2020-07-30,US,North Dakota,Pembina,27,0,0,48.76623521,-97.5523809,38067.0,397.00044111160116,0.0,27,28,0,0,28,28,6947,-1,0,0,-1,0
2020-07-30,US,North Dakota,Pierce,8,0,0,48.24977025,-99.96407787,38069.0,201.2578616352201,0.0,8,8,0,0,8,8,4081,0,0,0,0,0
2020-07-30,US,North Dakota,Ramsey,35,2,0,48.26886249,-98.72223879,38071.0,303.8458199496484,5.7142857142857135,33,34,1,0,33,31,11481,1,1,0,0,3
2020-07-30,US,North Dakota,Ransom,26,0,0,46.45621782,-97.65742504,38073.0,498.27520122652356,0.0,26,25,0,0,25,25,5237,1,0,0,1,0
2020-07-30,US,North Dakota,Renville,9,0,0,48.71982533,-101.6603912,38075.0,386.7640739149119,0.0,9,9,0,0,9,9,2374,0,0,0,0,0
2020-07-30,US,North Dakota,Richland,82,0,0,46.26440649,-96.94852979,38077.0,506.8925016999444,0.0,82,77,0,0,77,77,16239,5,0,0,5,0
2020-07-30,US,North Dakota,Rolette,22,0,0,48.77245354,-99.84097493,38079.0,155.19187358916474,0.0,22,21,0,0,21,20,14301,1,0,0,1,1
2020-07-30,US,North Dakota,Sargent,9,0,0,46.10830372,-97.63217159,38081.0,230.8876346844536,0.0,9,8,0,0,8,8,3870,1,0,0,1,0
2020-07-30,US,North Dakota,Sheridan,5,0,0,47.57700669,-100.3426391,38083.0,380.22813688212926,0.0,5,5,0,0,5,5,1349,0,0,0,0,0
2020-07-30,US,North Dakota,Sioux,57,0,0,46.11323337,-101.04401490000001,38085.0,1347.517730496454,0.0,57,56,0,0,56,54,4358,1,0,0,1,2
2020-07-30,US,North Dakota,Slope,3,0,0,46.44737738,-103.4601547,38087.0,400.0,0.0,3,3,0,0,3,3,763,0,0,0,0,0
2020-07-30,US,North Dakota,Stark,166,3,0,46.80851182,-102.65763259999999,38089.0,527.1682174727682,1.8072289156626504,163,164,3,0,161,164,30997,2,0,0,2,0
2020-07-30,US,North Dakota,Steele,10,0,0,47.45611548,-97.72728747,38091.0,529.1005291005291,0.0,10,10,0,0,10,10,1903,0,0,0,0,0
2020-07-30,US,North Dakota,Stutsman,104,2,0,46.97962541,-98.95637318,38093.0,502.3183925811437,1.9230769230769231,102,103,2,0,101,101,20917,1,0,0,1,2
2020-07-30,US,North Dakota,Towner,5,0,0,48.68565745,-99.24564265,38095.0,228.41480127912288,0.0,5,5,0,0,5,5,2192,0,0,0,0,0
2020-07-30,US,North Dakota,Traill,42,0,0,47.45367788,-97.16323288,38097.0,522.6480836236934,0.0,42,42,0,0,42,39,8037,0,0,0,0,3
2020-07-30,US,North Dakota,Walsh,94,0,0,48.36876964,-97.72574783,38099.0,883.3756225918618,0.0,94,94,0,0,94,94,10667,0,0,0,0,0
2020-07-30,US,North Dakota,Ward,165,1,0,48.22390169,-101.54367629999999,38101.0,243.93489155985282,0.6060606060606061,164,164,1,0,163,158,67744,1,0,0,1,6
2020-07-30,US,North Dakota,Wells,14,0,0,47.58614526,-99.65904998,38103.0,365.1538862806468,0.0,14,14,0,0,14,14,3957,0,0,0,0,0
2020-07-30,US,North Dakota,Williams,220,2,0,48.34522353,-103.4793387,38105.0,585.2776078107958,0.9090909090909092,218,210,2,0,208,207,35350,10,0,0,10,3
2020-07-30,US,Ohio,Adams,53,2,0,38.84541072,-83.4718964,39001.0,191.34955592461552,3.7735849056603774,51,51,2,0,49,48,27724,2,0,0,2,3
2020-07-30,US,Ohio,Allen,603,42,0,40.77285242,-84.10802343,39003.0,589.1491045519829,6.965174129353233,561,583,41,0,542,571,102663,20,1,0,19,12
2020-07-30,US,Ohio,Ashland,123,3,0,40.84772277,-82.27280781,39005.0,229.97531972178595,2.4390243902439024,120,121,3,0,118,118,53745,2,0,0,2,3
2020-07-30,US,Ohio,Ashtabula,530,44,0,41.70860332,-80.74830218,39007.0,545.0375870260486,8.30188679245283,486,525,44,0,481,517,97493,5,0,0,5,8
2020-07-30,US,Ohio,Athens,334,1,0,39.33425634,-82.04278644,39009.0,511.27405207647683,0.2994011976047904,333,330,1,0,329,326,65818,4,0,0,4,4
2020-07-30,US,Ohio,Auglaize,192,5,0,40.55998859,-84.22421429999999,39011.0,420.5361836341335,2.6041666666666665,187,189,5,0,184,182,45804,3,0,0,3,7
2020-07-30,US,Ohio,Belmont,588,26,0,40.01625942,-80.9924051,39013.0,877.5333552219204,4.421768707482993,562,588,26,0,562,586,67505,0,0,0,0,2
2020-07-30,US,Ohio,Brown,99,1,0,38.93416837,-83.86788395,39015.0,227.94253085282745,1.0101010101010102,98,96,1,0,95,91,43602,3,0,0,3,5
2020-07-30,US,Ohio,Butler,2605,58,0,39.44012838,-84.57388716,39017.0,679.9187751543848,2.2264875239923225,2547,2517,58,0,2459,2476,382378,88,0,0,88,41
2020-07-30,US,Ohio,Carroll,104,5,0,40.578968599999996,-81.09178213,39019.0,386.415991677194,4.807692307692308,99,103,5,0,98,101,27081,1,0,0,1,2
2020-07-30,US,Ohio,Champaign,95,1,0,40.13923427,-83.76875242,39021.0,244.31014530024441,1.0526315789473684,94,92,1,0,91,86,38754,3,0,0,3,6
2020-07-30,US,Ohio,Clark,1046,13,0,39.91592258,-83.78498252,39023.0,780.1138101026976,1.24282982791587,1033,1031,13,0,1018,1023,134585,15,0,0,15,8
2020-07-30,US,Ohio,Clermont,792,10,0,39.04847534,-84.15375786,39025.0,383.6688821283934,1.2626262626262623,782,754,10,0,744,739,205466,38,0,0,38,15
2020-07-30,US,Ohio,Clinton,142,6,0,39.41485808,-83.80852286,39027.0,338.353030880671,4.225352112676056,136,134,6,0,128,132,42057,8,0,0,8,2
2020-07-30,US,Ohio,Columbiana,1547,60,0,40.76932373,-80.78094576,39029.0,1518.4083703856384,3.878474466709761,1487,1523,60,0,1463,1510,102665,24,0,0,24,13
2020-07-30,US,Ohio,Coshocton,182,5,0,40.30096166,-81.91729018,39031.0,497.2677595628417,2.7472527472527477,177,180,5,0,175,179,36629,2,0,0,2,1
2020-07-30,US,Ohio,Crawford,160,5,0,40.85065156,-82.91989099,39033.0,385.59791777124406,3.125,155,160,5,0,155,158,41550,0,0,0,0,2
2020-07-30,US,Ohio,Cuyahoga,12212,465,0,41.424119,-81.65918339,39035.0,988.768266141569,3.8077301015394696,11747,12088,465,0,11623,11938,1243857,124,0,0,124,150
2020-07-30,US,Ohio,Darke,308,26,0,40.13412966,-84.6194517,39037.0,602.5864261538161,8.441558441558442,282,304,26,0,278,281,51323,4,0,0,4,23
2020-07-30,US,Ohio,Defiance,124,4,0,41.32398837,-84.49076944,39039.0,325.57040459999473,3.2258064516129035,120,120,4,0,116,118,38165,4,0,0,4,2
2020-07-30,US,Ohio,Delaware,1141,17,0,40.27942393,-83.00457058,39041.0,545.4710603938291,1.4899211218229622,1124,1112,17,0,1095,1095,204826,29,0,0,29,17
2020-07-30,US,Ohio,Erie,488,25,0,41.36796058,-82.62904521,39043.0,657.0974604798964,5.1229508196721305,463,468,25,0,443,458,74615,20,0,0,20,10
2020-07-30,US,Ohio,Fairfield,1177,22,0,39.75107189,-82.63088163,39045.0,746.9506390648204,1.8691588785046729,1155,1141,21,0,1120,1102,155782,36,1,0,35,39
2020-07-30,US,Ohio,Fayette,80,0,0,39.56021306,-83.4562016,39047.0,280.45574057844,0.0,80,76,0,0,76,73,28666,4,0,0,4,3
2020-07-30,US,Ohio,Franklin,16630,507,0,39.96995815,-83.01115755,39049.0,1262.9522857689656,3.0487071557426337,16123,16311,502,0,15809,16042,1310300,319,5,0,314,269
2020-07-30,US,Ohio,Fulton,133,0,0,41.60213491,-84.12571393,39051.0,315.71950814223993,0.0,133,127,0,0,127,127,42276,6,0,0,6,0
2020-07-30,US,Ohio,Gallia,49,1,0,38.82708533,-82.31647569,39053.0,163.89056124155462,2.0408163265306123,48,49,1,0,48,46,29979,0,0,0,0,3
2020-07-30,US,Ohio,Geauga,515,43,0,41.49952319,-81.17935342,39055.0,549.9257867142201,8.349514563106796,472,513,43,0,470,509,94031,2,0,0,2,4
2020-07-30,US,Ohio,Greene,599,11,0,39.69116283,-83.89032084,39057.0,354.5700468221881,1.8363939899833053,588,587,11,0,576,568,167995,12,0,0,12,19
2020-07-30,US,Ohio,Guernsey,103,6,0,40.05026529,-81.49248905,39059.0,264.951768488746,5.825242718446603,97,102,6,0,96,101,39022,1,0,0,1,1
2020-07-30,US,Ohio,Hamilton,8872,241,0,39.19673558,-84.54502924,39061.0,1085.2957834693007,2.7164111812443643,8631,8702,240,0,8462,8633,816684,170,1,0,169,69
2020-07-30,US,Ohio,Hancock,291,2,0,41.00250487,-83.66838948,39063.0,383.9911325759075,0.6872852233676976,289,279,2,0,277,269,75930,12,0,0,12,10
2020-07-30,US,Ohio,Hardin,147,12,0,40.66015414,-83.65929931,39065.0,468.67527498804395,8.16326530612245,135,146,12,0,134,146,31480,1,0,0,1,0
2020-07-30,US,Ohio,Harrison,19,1,0,40.29380509,-81.09068544,39067.0,126.32978723404257,5.2631578947368425,18,18,1,0,17,17,15174,1,0,0,1,1
2020-07-30,US,Ohio,Henry,99,1,0,41.333964200000004,-84.06830637,39069.0,366.5852032881582,1.0101010101010102,98,98,1,0,97,96,27086,1,0,0,1,2
2020-07-30,US,Ohio,Highland,114,1,0,39.1839264,-83.60331456,39071.0,264.12733717939807,0.8771929824561403,113,106,1,0,105,103,43058,8,0,0,8,3
2020-07-30,US,Ohio,Hocking,104,9,0,39.49537927,-82.47991446,39073.0,367.95924143787147,8.653846153846152,95,103,9,0,94,102,28385,1,0,0,1,1
2020-07-30,US,Ohio,Holmes,315,5,0,40.56163713,-81.92635677,39075.0,716.5605095541401,1.5873015873015872,310,315,5,0,310,313,43892,0,0,0,0,2
2020-07-30,US,Ohio,Huron,359,4,0,41.14651175,-82.59867951,39077.0,616.1397727662787,1.1142061281337048,355,349,3,0,346,343,58504,10,1,0,9,6
2020-07-30,US,Ohio,Jackson,63,0,0,39.01914254,-82.61818559999998,39079.0,194.36645790269336,0.0,63,62,0,0,62,59,32384,1,0,0,1,3
2020-07-30,US,Ohio,Jefferson,191,2,0,40.38614126,-80.76259514,39081.0,292.38423268274016,1.0471204188481675,189,189,2,0,187,185,65767,2,0,0,2,4
2020-07-30,US,Ohio,Knox,142,2,0,40.39830217,-82.42027563,39083.0,227.84891370623527,1.4084507042253518,140,139,2,0,137,131,61893,3,0,0,3,8
2020-07-30,US,Ohio,Lake,983,33,0,41.69710807,-81.23676539,39085.0,427.11460836240883,3.3570701932858595,950,971,31,0,940,957,230514,12,2,0,10,14
2020-07-30,US,Ohio,Lawrence,199,0,0,38.59743452,-82.53466552,39087.0,334.6618905874241,0.0,199,198,0,0,198,191,59866,1,0,0,1,7
2020-07-30,US,Ohio,Licking,1059,31,0,40.09136236,-82.48185785,39089.0,598.77192387285,2.927289896128423,1028,1014,31,0,983,985,175769,45,0,0,45,29
2020-07-30,US,Ohio,Logan,109,1,0,40.38996525,-83.76784341,39091.0,238.65825888947282,0.9174311926605504,108,107,1,0,106,104,45358,2,0,0,2,3
2020-07-30,US,Ohio,Lorain,1563,75,0,41.29553751,-82.15083537,39093.0,504.46530873083236,4.798464491362764,1488,1534,75,0,1459,1513,309461,29,0,0,29,21
2020-07-30,US,Ohio,Lucas,4521,313,0,41.62101218,-83.65468618,39095.0,1055.450241392513,6.9232470692324695,4208,4407,313,0,4094,4304,429899,114,0,0,114,103
2020-07-30,US,Ohio,Madison,308,9,0,39.89381073,-83.40178317,39097.0,688.5605061366838,2.9220779220779223,299,299,9,0,290,285,44413,9,0,0,9,14
2020-07-30,US,Ohio,Mahoning,2349,249,0,41.01631101,-80.77287029,39099.0,1027.186104782603,10.600255427841637,2100,2321,249,0,2072,2306,229642,28,0,0,28,15
2020-07-30,US,Ohio,Marion,2855,42,0,40.58610662,-83.15736305,39101.0,4386.0322922587675,1.4711033274956218,2813,2841,42,0,2799,2836,65256,14,0,0,14,5
2020-07-30,US,Ohio,Medina,795,33,0,41.11770589,-81.89986209999998,39103.0,442.2907881121138,4.150943396226415,762,786,33,0,753,775,179146,9,0,0,9,11
2020-07-30,US,Ohio,Meigs,23,0,0,39.09224872,-82.0305041,39105.0,100.40598943554373,0.0,23,23,0,0,23,23,23106,0,0,0,0,0
2020-07-30,US,Ohio,Mercer,476,13,0,40.54043046,-84.62912742,39107.0,1156.1255221995532,2.73109243697479,463,470,13,0,457,456,40959,6,0,0,6,14
2020-07-30,US,Ohio,Miami,728,36,0,40.0543329,-84.22871271,39109.0,680.456504061241,4.945054945054945,692,711,36,0,675,698,106222,17,0,0,17,13
2020-07-30,US,Ohio,Monroe,89,17,0,39.72984936,-81.08464734,39111.0,651.8236414237588,19.101123595505623,72,89,17,0,72,89,13790,0,0,0,0,0
2020-07-30,US,Ohio,Montgomery,3845,70,0,39.75394919,-84.29050975,39113.0,723.1698348840578,1.820546163849155,3775,3747,65,0,3682,3653,532331,98,5,0,93,94
2020-07-30,US,Ohio,Morgan,17,0,0,39.62081738,-81.85308173,39115.0,117.17673007995589,0.0,17,17,0,0,17,17,14604,0,0,0,0,0
2020-07-30,US,Ohio,Morrow,155,2,0,40.52363560000001,-82.7892599,39117.0,438.7454710144928,1.2903225806451613,153,151,2,0,149,150,35112,4,0,0,4,1
2020-07-30,US,Ohio,Muskingum,163,1,0,39.96575964,-81.94363275,39119.0,189.06222815055386,0.6134969325153374,162,158,1,0,157,153,86183,5,0,0,5,5
2020-07-30,US,Ohio,Noble,16,0,0,39.76818851,-81.45937183,39121.0,110.92623405435387,0.0,16,16,0,0,16,16,14354,0,0,0,0,0
2020-07-30,US,Ohio,Ottawa,335,25,0,41.53781826,-83.0940185,39123.0,826.6502159161013,7.462686567164179,310,324,24,0,300,321,40769,11,1,0,10,3
2020-07-30,US,Ohio,Paulding,57,0,0,41.11676341,-84.5801017,39125.0,305.2699228791774,0.0,57,56,0,0,56,55,18760,1,0,0,1,1
2020-07-30,US,Ohio,Perry,84,1,0,39.73508655,-82.23804971,39127.0,232.4680356450988,1.1904761904761905,83,80,1,0,79,78,36033,4,0,0,4,2
2020-07-30,US,Ohio,Pickaway,2342,42,0,39.64170392,-83.0243386,39129.0,4006.363651915082,1.7933390264731002,2300,2332,42,0,2290,2324,58086,10,0,0,10,8
2020-07-30,US,Ohio,Pike,61,0,0,39.07634001,-83.06769584,39131.0,219.64568630275096,0.0,61,55,0,0,55,53,28067,6,0,0,6,2
2020-07-30,US,Ohio,Portage,693,60,0,41.16793482,-81.19735782,39133.0,426.5507860106113,8.658008658008658,633,686,59,0,627,676,162927,7,1,0,6,10
2020-07-30,US,Ohio,Preble,140,2,0,39.7420247,-84.64787018,39135.0,342.44899955970845,1.4285714285714286,138,131,2,0,129,126,40997,9,0,0,9,5
2020-07-30,US,Ohio,Putnam,181,17,0,41.02094889,-84.1336111,39137.0,534.5382593544197,9.392265193370166,164,177,17,0,160,177,33780,4,0,0,4,0
2020-07-30,US,Ohio,Richland,509,10,0,40.77180308,-82.53799609999999,39139.0,420.12645063307855,1.9646365422396856,499,496,10,0,486,491,121099,13,0,0,13,5
2020-07-30,US,Ohio,Ross,359,5,0,39.33705391,-83.06000914,39141.0,468.2649414342732,1.3927576601671308,354,327,5,0,322,300,76931,32,0,0,32,27
2020-07-30,US,Ohio,Sandusky,298,16,0,41.35624126,-83.137872,39143.0,509.2450186267473,5.369127516778524,282,293,16,0,277,288,58799,5,0,0,5,5
2020-07-30,US,Ohio,Scioto,167,1,0,38.80270163,-82.98907345,39145.0,221.73832222428769,0.5988023952095808,166,155,1,0,154,145,75502,12,0,0,12,10
2020-07-30,US,Ohio,Seneca,129,3,0,41.12351311,-83.12783209,39147.0,233.78882888107586,2.3255813953488373,126,120,3,0,117,117,55207,9,0,0,9,3
2020-07-30,US,Ohio,Shelby,138,4,0,40.33163494,-84.20258189,39149.0,284.0090553611854,2.898550724637681,134,135,4,0,131,126,48627,3,0,0,3,9
2020-07-30,US,Ohio,Stark,1619,127,0,40.81482476,-81.36437305,39151.0,436.85207471006953,7.844348363187152,1492,1587,128,0,1459,1563,371574,32,-1,0,33,24
2020-07-30,US,Ohio,Summit,3131,216,0,41.12464734,-81.53123079,39153.0,578.7291617761496,6.898754391568189,2915,3067,216,0,2851,3011,541918,64,0,0,64,56
2020-07-30,US,Ohio,Trumbull,1374,98,0,41.31735028,-80.76109643,39155.0,694.0305292614181,7.132459970887918,1276,1347,97,0,1250,1324,198627,27,1,0,26,23
2020-07-30,US,Ohio,Tuscarawas,730,13,0,40.44214695,-81.47226262,39157.0,793.5903986432866,1.7808219178082192,717,730,12,0,718,726,92176,0,1,0,-1,4
2020-07-30,US,Ohio,Union,204,1,0,40.30016061,-83.37239023,39159.0,345.83305078999115,0.4901960784313725,203,197,1,0,196,195,57835,7,0,0,7,2
2020-07-30,US,Ohio,Van Wert,65,1,0,40.8554138,-84.59111700000003,39161.0,229.88505747126442,1.5384615384615383,64,63,1,0,62,62,28281,2,0,0,2,1
2020-07-30,US,Ohio,Vinton,29,2,0,39.25208988,-82.4831444,39163.0,221.62781811234242,6.896551724137932,27,28,2,0,26,27,13139,1,0,0,1,1
2020-07-30,US,Ohio,Warren,1517,34,0,39.42581994,-84.16557457,39165.0,646.6270534778049,2.2412656558998023,1483,1481,33,0,1448,1451,232173,36,1,0,35,30
2020-07-30,US,Ohio,Washington,191,21,0,39.45690571,-81.49121382,39167.0,318.8062292400394,10.99476439790576,170,190,21,0,169,185,60155,1,0,0,1,5
2020-07-30,US,Ohio,Wayne,472,58,0,40.82925852,-81.88844833,39169.0,407.91634258058923,12.288135593220339,414,463,58,0,405,452,115967,9,0,0,9,11
2020-07-30,US,Ohio,Williams,112,3,0,41.56052014,-84.58429552,39171.0,305.2436498419274,2.6785714285714284,109,110,3,0,107,110,36804,2,0,0,2,0
2020-07-30,US,Ohio,Wood,852,58,0,41.36224827,-83.62285108,39173.0,651.2914988113166,6.807511737089202,794,809,58,0,751,795,130696,43,0,0,43,14
2020-07-30,US,Ohio,Wyandot,114,5,0,40.84339621,-83.30734173,39175.0,523.6083042439832,4.385964912280701,109,113,5,0,108,110,21935,1,0,0,1,3
2020-07-30,US,Oklahoma,Adair,274,5,0,35.88494195,-94.65859267,40001.0,1234.5679012345681,1.8248175182481752,269,268,5,0,263,266,22082,6,0,0,6,2
2020-07-30,US,Oklahoma,Alfalfa,4,0,0,36.73090616,-98.32408495,40003.0,70.1508242721852,0.0,4,4,0,0,4,3,5754,0,0,0,0,1
2020-07-30,US,Oklahoma,Atoka,60,0,0,34.37366573,-96.03802487,40005.0,436.1098996947232,0.0,60,57,0,0,57,58,13838,3,0,0,3,-1
2020-07-30,US,Oklahoma,Beaver,36,0,0,36.7496847,-100.4758872,40007.0,677.8384485031067,0.0,36,36,0,0,36,35,5319,0,0,0,0,1
2020-07-30,US,Oklahoma,Beckham,41,0,0,35.26862449,-99.68128023,40009.0,187.5657623862025,0.0,41,40,0,0,40,38,21709,1,0,0,1,2
2020-07-30,US,Oklahoma,Blaine,39,0,0,35.87518314,-98.43307003,40011.0,413.61756283805283,0.0,39,38,0,0,38,34,9485,1,0,0,1,4
2020-07-30,US,Oklahoma,Bryan,368,1,0,33.96472458,-96.25903472,40013.0,766.7465360975101,0.2717391304347826,367,359,1,0,358,356,47192,9,0,0,9,3
2020-07-30,US,Oklahoma,Caddo,332,14,0,35.17364557,-98.37534464,40015.0,1154.300813573465,4.216867469879518,318,328,13,0,315,304,28977,4,1,0,3,24
2020-07-30,US,Oklahoma,Canadian,988,5,0,35.5426055,-97.98465569,40017.0,666.1901743692096,0.5060728744939271,983,941,5,0,936,913,144447,47,0,0,47,28
2020-07-30,US,Oklahoma,Carter,285,3,0,34.25103751,-97.28552485,40019.0,592.3801209702563,1.0526315789473684,282,277,3,0,274,267,48177,8,0,0,8,10
2020-07-30,US,Oklahoma,Cherokee,292,1,0,35.90692775,-94.99980896,40021.0,600.1192017592534,0.3424657534246575,291,274,1,0,273,270,48675,18,0,0,18,4
2020-07-30,US,Oklahoma,Choctaw,161,1,0,34.02807439,-95.54771129,40023.0,1097.3282442748089,0.6211180124223602,160,158,1,0,157,157,14668,3,0,0,3,1
2020-07-30,US,Oklahoma,Cimarron,1,0,0,36.74817177,-102.5173885,40025.0,46.79457182966776,0.0,1,1,0,0,1,1,2153,0,0,0,0,0
2020-07-30,US,Oklahoma,Cleveland,2487,47,0,35.20413532,-97.32519562,40027.0,875.6610589618823,1.8898271009248089,2440,2382,45,0,2337,2209,281669,105,2,0,103,173
2020-07-30,US,Oklahoma,Coal,27,0,0,34.58840127,-96.29798747,40029.0,491.35577797998184,0.0,27,27,0,0,27,27,5520,0,0,0,0,0
2020-07-30,US,Oklahoma,Comanche,751,10,0,34.65973764,-98.47195055,40031.0,621.9513205078302,1.3315579227696406,741,735,10,0,725,723,120422,16,0,0,16,12
2020-07-30,US,Oklahoma,Cotton,17,2,0,34.28845626,-98.37053567,40033.0,300.0352982703848,11.764705882352944,15,16,2,0,14,17,5776,1,0,0,1,-1
2020-07-30,US,Oklahoma,Craig,68,0,0,36.76268118,-95.20916602,40035.0,480.83722245792677,0.0,68,64,0,0,64,62,14306,4,0,0,4,2
2020-07-30,US,Oklahoma,Creek,468,12,0,35.90230551,-96.37086028,40037.0,654.3441178937949,2.5641025641025643,456,441,12,0,429,429,71604,27,0,0,27,12
2020-07-30,US,Oklahoma,Custer,173,0,0,35.63853802,-99.00170785,40039.0,596.4900182739718,0.0,173,161,0,0,161,162,29036,12,0,0,12,-1
2020-07-30,US,Oklahoma,Delaware,385,19,0,36.40823634,-94.80325046,40041.0,895.1614778302215,4.9350649350649345,366,381,19,0,362,379,42733,4,0,0,4,2
2020-07-30,US,Oklahoma,Dewey,7,0,0,35.98772922,-99.00730714,40043.0,143.1200163565733,0.0,7,7,0,0,7,6,4894,0,0,0,0,1
2020-07-30,US,Oklahoma,Ellis,3,0,0,36.2180194,-99.75324573,40045.0,77.74034724021767,0.0,3,3,0,0,3,3,3952,0,0,0,0,0
2020-07-30,US,Oklahoma,Garfield,324,4,0,36.3791334,-97.78265517,40047.0,530.6603773584906,1.2345679012345678,320,322,4,0,318,306,60913,2,0,0,2,16
2020-07-30,US,Oklahoma,Garvin,196,4,0,34.70418038,-97.30811132,40049.0,707.3003500414998,2.0408163265306123,192,190,4,0,186,184,27811,6,0,0,6,6
2020-07-30,US,Oklahoma,Grady,391,6,0,35.0167709,-97.88339847,40051.0,700.290145789304,1.5345268542199488,385,387,6,0,381,380,55551,4,0,0,4,7
2020-07-30,US,Oklahoma,Grant,9,0,0,36.796297,-97.78638765,40053.0,207.70828525271176,0.0,9,9,0,0,9,10,4326,0,0,0,0,-1
2020-07-30,US,Oklahoma,Greer,79,7,0,34.93535801,-99.5605612,40055.0,1383.0532212885157,8.860759493670884,72,79,7,0,72,79,5821,0,0,0,0,0
2020-07-30,US,Oklahoma,Harmon,15,0,0,34.7440135,-99.84741652,40057.0,565.3976630229928,0.0,15,12,0,0,12,9,2664,3,0,0,3,3
2020-07-30,US,Oklahoma,Harper,5,0,0,36.78836519,-99.6679804,40059.0,135.57483731019522,0.0,5,5,0,0,5,5,3797,0,0,0,0,0
2020-07-30,US,Oklahoma,Haskell,32,0,0,35.22257600000001,-95.11513306,40061.0,253.42519996832183,0.0,32,30,0,0,30,29,12668,2,0,0,2,1
2020-07-30,US,Oklahoma,Hughes,96,1,0,35.04912569,-96.24921145,40063.0,722.9460049702537,1.0416666666666667,95,92,1,0,91,86,13335,4,0,0,4,6
2020-07-30,US,Oklahoma,Jackson,442,3,0,34.58781741,-99.41138784,40065.0,1801.875254790053,0.6787330316742082,439,424,3,0,421,395,24949,18,0,0,18,29
2020-07-30,US,Oklahoma,Jefferson,27,0,0,34.11130184,-97.83182974,40067.0,449.85004998333886,0.0,27,28,0,0,28,27,6123,-1,0,0,-1,1
2020-07-30,US,Oklahoma,Johnston,37,0,0,34.31440473,-96.66011537,40069.0,333.78439332431213,0.0,37,36,0,0,36,36,10949,1,0,0,1,0
2020-07-30,US,Oklahoma,Kay,205,10,0,36.81799745,-97.14421435,40071.0,470.8530479121687,4.878048780487805,195,199,10,0,189,198,44161,6,0,0,6,1
2020-07-30,US,Oklahoma,Kingfisher,96,0,0,35.94530008,-97.94193268,40073.0,608.9438629876307,0.0,96,96,0,0,96,88,15816,0,0,0,0,8
2020-07-30,US,Oklahoma,Kiowa,24,1,0,34.91671958,-98.97720696,40075.0,275.6086357372531,4.166666666666667,23,24,1,0,23,24,8729,0,0,0,0,0
2020-07-30,US,Oklahoma,Latimer,58,1,0,34.87844729,-95.25215049,40077.0,575.7966842053013,1.7241379310344829,57,57,1,0,56,50,10231,1,0,0,1,7
2020-07-30,US,Oklahoma,Le Flore,184,1,0,34.89851864,-94.70392124,40079.0,369.0851102240586,0.5434782608695652,183,167,1,0,166,157,49980,17,0,0,17,10
2020-07-30,US,Oklahoma,Lincoln,112,2,0,35.70270942,-96.8812462,40081.0,321.12853743154517,1.7857142857142858,110,106,2,0,104,104,34920,6,0,0,6,2
2020-07-30,US,Oklahoma,Logan,164,1,0,35.91899576,-97.44352845,40083.0,341.58838599487615,0.6097560975609756,163,164,1,0,163,159,47291,0,0,0,0,5
2020-07-30,US,Oklahoma,Love,64,0,0,33.95273467,-97.23906784,40085.0,624.2075490100458,0.0,64,62,0,0,62,63,10134,2,0,0,2,-1
2020-07-30,US,Oklahoma,Major,23,1,0,36.31149996,-98.53467076,40093.0,301.48119019530736,4.3478260869565215,22,22,1,0,21,22,7644,1,0,0,1,0
2020-07-30,US,Oklahoma,Marshall,83,0,0,34.02311222,-96.76855464,40095.0,490.22503100820984,0.0,83,78,0,0,78,69,16806,5,0,0,5,9
2020-07-30,US,Oklahoma,Mayes,270,6,0,36.30179091,-95.23175116,40097.0,656.9343065693431,2.2222222222222223,264,259,5,0,254,257,41107,11,1,0,10,2
2020-07-30,US,Oklahoma,McClain,379,4,0,35.01123903,-97.44572302,40087.0,936.4036171369272,1.0554089709762533,375,367,4,0,363,356,39985,12,0,0,12,11
2020-07-30,US,Oklahoma,McCurtain,814,25,0,34.11664328,-94.77222373,40089.0,2479.288499025341,3.0712530712530715,789,809,23,0,786,804,32703,5,2,0,3,5
2020-07-30,US,Oklahoma,McIntosh,141,1,0,35.37235506,-95.66599306,40091.0,719.5345988977342,0.7092198581560284,140,141,1,0,140,138,19815,0,0,0,0,3
2020-07-30,US,Oklahoma,Murray,59,0,0,34.48116015,-97.06826283,40099.0,419.2425211397712,0.0,59,58,0,0,58,53,13953,1,0,0,1,5
2020-07-30,US,Oklahoma,Muskogee,411,16,0,35.61318461,-95.37802952,40101.0,604.4384311072547,3.892944038929441,395,396,16,0,380,387,68362,15,0,0,15,9
2020-07-30,US,Oklahoma,Noble,74,2,0,36.38953329,-97.22928674,40103.0,664.8099901176894,2.702702702702702,72,73,2,0,71,74,11289,1,0,0,1,-1
2020-07-30,US,Oklahoma,Nowata,51,1,0,36.79843529,-95.61902331,40105.0,506.15323541087736,1.96078431372549,50,51,1,0,50,49,10218,0,0,0,0,2
2020-07-30,US,Oklahoma,Okfuskee,48,0,0,35.46485198,-96.32639984,40107.0,400.23346952388886,0.0,48,49,0,0,49,46,12098,-1,0,0,-1,3
2020-07-30,US,Oklahoma,Oklahoma,8669,96,0,35.55140095,-97.40716948,40109.0,1087.1119114559951,1.107394163109932,8573,8444,94,0,8350,8274,792582,225,2,0,223,170
2020-07-30,US,Oklahoma,Okmulgee,369,2,0,35.64661916,-95.96432828,40111.0,959.3136617704407,0.5420054200542005,367,353,1,0,352,349,38335,16,1,0,15,4
2020-07-30,US,Oklahoma,Osage,346,11,0,36.62888819,-96.39635704,40113.0,736.7502076102463,3.1791907514450872,335,340,11,0,329,334,47014,6,0,0,6,6
2020-07-30,US,Oklahoma,Ottawa,311,2,0,36.83532655,-94.81011909,40115.0,999.1325858579368,0.6430868167202572,309,304,2,0,302,297,31175,7,0,0,7,7
2020-07-30,US,Oklahoma,Pawnee,113,3,0,36.31743373,-96.7033176,40117.0,690.0341963849536,2.6548672566371683,110,115,3,0,112,112,16390,-2,0,0,-2,3
2020-07-30,US,Oklahoma,Payne,638,3,0,36.07695283,-96.97584944,40119.0,780.1036877628876,0.4702194357366771,635,635,3,0,632,626,82040,3,0,0,3,9
2020-07-30,US,Oklahoma,Pittsburg,160,3,0,34.92065823,-95.7513432,40121.0,366.51853209327896,1.875,157,159,3,0,156,158,43877,1,0,0,1,1
2020-07-30,US,Oklahoma,Pontotoc,164,2,0,34.72959848,-96.68337199,40123.0,428.3773900323896,1.2195121951219512,162,159,2,0,157,155,38247,5,0,0,5,4
2020-07-30,US,Oklahoma,Pottawatomie,347,6,0,35.20614018,-96.94923008,40125.0,478.01410623760194,1.7291066282420748,341,329,6,0,323,318,72679,18,0,0,18,11
2020-07-30,US,Oklahoma,Pushmataha,83,0,0,34.41635232,-95.37603505,40127.0,748.0173035328046,0.0,83,79,0,0,79,78,11179,4,0,0,4,1
2020-07-30,US,Oklahoma,Roger Mills,8,0,0,35.68711719,-99.69666167,40129.0,223.27658386826684,0.0,8,7,0,0,7,7,3656,1,0,0,1,0
2020-07-30,US,Oklahoma,Rogers,745,13,0,36.37004357,-95.60406759,40131.0,805.7625542132187,1.74496644295302,732,701,13,0,688,693,91984,44,0,0,44,8
2020-07-30,US,Oklahoma,Seminole,179,5,0,35.16478725,-96.61686741,40133.0,737.9008986726027,2.793296089385475,174,175,5,0,170,165,24578,4,0,0,4,10
2020-07-30,US,Oklahoma,Sequoyah,214,4,0,35.49447108,-94.75463785,40135.0,514.8067069210229,1.8691588785046729,210,199,4,0,195,191,41179,15,0,0,15,8
2020-07-30,US,Oklahoma,Stephens,168,2,0,34.48556989,-97.85141892,40137.0,389.40268409707255,1.1904761904761905,166,164,2,0,162,156,43265,4,0,0,4,8
2020-07-30,US,Oklahoma,Texas,1029,7,0,36.74777635,-101.4889765,40139.0,5149.376970424861,0.6802721088435374,1022,1026,7,0,1019,1025,20455,3,0,0,3,1
2020-07-30,US,Oklahoma,Tillman,54,1,0,34.37288446,-98.92426619,40141.0,744.8275862068965,1.851851851851852,53,51,1,0,50,47,7348,3,0,0,3,4
2020-07-30,US,Oklahoma,Tulsa,8636,98,0,36.11939621,-95.94013939,40143.0,1325.4506163744413,1.1347846225104214,8538,8319,94,0,8225,8177,648360,317,4,0,313,142
2020-07-30,US,Oklahoma,Unassigned,30,0,0,0.0,0.0,90040.0,0.0,0.0,30,18,0,0,18,18,,12,0,0,12,0
2020-07-30,US,Oklahoma,Wagoner,673,22,0,35.96024096,-95.51911308,40145.0,827.9102953659168,3.268945022288261,651,640,22,0,618,631,80110,33,0,0,33,9
2020-07-30,US,Oklahoma,Washington,556,39,0,36.71380786,-95.90514104,40147.0,1079.0459370815304,7.014388489208633,517,547,39,0,508,540,51843,9,0,0,9,7
2020-07-30,US,Oklahoma,Washita,23,0,0,35.29071824,-98.99180434,40149.0,210.69989006962257,0.0,23,23,0,0,23,18,11127,0,0,0,0,5
2020-07-30,US,Oklahoma,Woods,15,0,0,36.76705782,-98.86573064,40151.0,170.590242238144,0.0,15,15,0,0,15,15,8897,0,0,0,0,0
2020-07-30,US,Oklahoma,Woodward,30,0,0,36.42316318,-99.26283045,40153.0,148.434021077631,0.0,30,31,0,0,31,28,20222,-1,0,0,-1,3
2020-07-30,US,Oregon,Baker,25,0,0,44.70915557,-117.6749883,41001.0,155.04837509302902,0.0,25,22,0,0,22,22,16006,3,0,0,3,0
2020-07-30,US,Oregon,Benton,148,6,0,44.49167306,-123.4316987,41003.0,159.04914403619443,4.0540540540540535,142,141,6,0,135,138,92101,7,0,0,7,3
2020-07-30,US,Oregon,Clackamas,1339,36,0,45.18787398,-122.2179634,41005.0,320.19168458129974,2.68857356235997,1303,1319,36,0,1283,1296,416075,20,0,0,20,23
2020-07-30,US,Oregon,Clatsop,73,0,0,45.99712889,-123.660711,41007.0,181.4836913285601,0.0,73,71,0,0,71,71,39764,2,0,0,2,0
2020-07-30,US,Oregon,Columbia,73,0,0,45.94464254,-123.0890898,41009.0,139.43538220575314,0.0,73,70,0,0,70,70,52377,3,0,0,3,0
2020-07-30,US,Oregon,Coos,84,0,0,43.17406868,-124.0594514,41011.0,130.2588118535519,0.0,84,80,0,0,80,80,64389,4,0,0,4,0
2020-07-30,US,Oregon,Crook,40,1,0,44.14230227,-120.356297,41013.0,163.90755613833798,2.5,39,39,1,0,38,35,23867,1,0,0,1,4
2020-07-30,US,Oregon,Curry,14,0,0,42.45911325,-124.157282,41015.0,61.06870229007634,0.0,14,14,0,0,14,14,22813,0,0,0,0,0
2020-07-30,US,Oregon,Deschutes,509,5,0,43.91570171,-121.2289121,41017.0,257.4712178540356,0.9823182711198428,504,494,5,0,489,478,191996,15,0,0,15,16
2020-07-30,US,Oregon,Douglas,123,1,0,43.27941273,-123.167291,41019.0,110.83078032077852,0.8130081300813008,122,121,1,0,120,119,110283,2,0,0,2,2
2020-07-30,US,Oregon,Gilliam,3,0,0,45.37160076,-120.2048869,41021.0,156.90376569037656,0.0,3,3,0,0,3,3,1894,0,0,0,0,0
2020-07-30,US,Oregon,Grant,2,0,0,44.49024544,-119.0068631,41023.0,27.781636338380327,0.0,2,2,0,0,2,2,7176,0,0,0,0,0
2020-07-30,US,Oregon,Harney,8,0,0,43.06422669,-118.9666306,41025.0,108.21046936291086,0.0,8,8,0,0,8,8,7329,0,0,0,0,0
2020-07-30,US,Oregon,Hood River,162,0,0,45.51872811,-121.65520359999998,41027.0,692.8406466512703,0.0,162,157,0,0,157,151,23428,5,0,0,5,6
2020-07-30,US,Oregon,Jackson,335,1,0,42.43201126,-122.7289309,41029.0,151.62213049460496,0.29850746268656714,334,325,1,0,324,312,219564,10,0,0,10,13
2020-07-30,US,Oregon,Jefferson,293,3,0,44.62806839,-121.17832,41031.0,1188.2553329548218,1.023890784982935,290,281,3,0,278,276,24192,12,0,0,12,5
2020-07-30,US,Oregon,Josephine,98,1,0,42.3665549,-123.5561938,41033.0,112.01664247259592,1.020408163265306,97,98,1,0,97,84,87393,0,0,0,0,14
2020-07-30,US,Oregon,Klamath,185,1,0,42.68762984,-121.64964609999998,41035.0,271.1099387438084,0.5405405405405406,184,184,1,0,183,182,67653,1,0,0,1,2
2020-07-30,US,Oregon,Lake,32,0,0,42.79246693,-120.3850163,41037.0,406.6590418096328,0.0,32,31,0,0,31,31,7879,1,0,0,1,0
2020-07-30,US,Oregon,Lane,484,3,0,43.93727035,-122.847753,41039.0,126.67935205081831,0.6198347107438017,481,474,3,0,471,461,379611,10,0,0,10,13
2020-07-30,US,Oregon,Lincoln,385,8,0,44.64252874,-123.869912,41041.0,770.5856450902686,2.0779220779220777,377,383,8,0,375,381,49388,2,0,0,2,2
2020-07-30,US,Oregon,Linn,233,10,0,44.48899494,-122.5373154,41043.0,179.57749192672006,4.291845493562231,223,229,10,0,219,229,127335,4,0,0,4,0
2020-07-30,US,Oregon,Malheur,634,9,0,43.1937027,-117.6227395,41045.0,2073.860848516568,1.4195583596214512,625,616,9,0,607,599,30725,18,0,0,18,17
2020-07-30,US,Oregon,Marion,2533,67,0,44.90287942,-122.5815117,41047.0,728.254431915542,2.64508487958942,2466,2495,67,0,2428,2474,346868,38,0,0,38,21
2020-07-30,US,Oregon,Morrow,271,2,0,45.41846568,-119.584546,41049.0,2335.602861328967,0.7380073800738007,269,260,2,0,258,256,11372,11,0,0,11,4
2020-07-30,US,Oregon,Multnomah,4260,90,0,45.54747959,-122.4169351,41051.0,524.0787102250708,2.112676056338028,4170,4201,87,0,4114,4115,811880,59,3,0,56,86
2020-07-30,US,Oregon,Polk,276,12,0,44.90322804,-123.4128888,41053.0,320.6133472730442,4.3478260869565215,264,269,12,0,257,265,85234,7,0,0,7,4
2020-07-30,US,Oregon,Sherman,8,0,0,45.41501554,-120.6827834,41055.0,449.438202247191,0.0,8,8,0,0,8,8,1708,0,0,0,0,0
2020-07-30,US,Oregon,Tillamook,24,0,0,45.46248721,-123.712066,41057.0,88.7705281846427,0.0,24,24,0,0,24,24,26787,0,0,0,0,0
2020-07-30,US,Oregon,Umatilla,1902,22,0,45.59073056,-118.7353826,41059.0,2440.025657472739,1.1566771819137749,1880,1802,20,0,1782,1796,77516,100,2,0,98,6
2020-07-30,US,Oregon,Union,386,2,0,45.30915495,-118.0068979,41061.0,1438.4199739146634,0.5181347150259067,384,386,2,0,384,385,26461,0,0,0,0,1
2020-07-30,US,Oregon,Wallowa,19,1,0,45.57894064,-117.18353799999998,41063.0,263.59600443951166,5.2631578947368425,18,19,1,0,18,18,7081,0,0,0,0,1
2020-07-30,US,Oregon,Wasco,152,3,0,45.16292781,-121.1670954,41065.0,569.6724383479499,1.973684210526316,149,150,3,0,147,147,26505,2,0,0,2,3
2020-07-30,US,Oregon,Washington,2700,22,0,45.55972701,-123.0955257,41067.0,448.80915969627256,0.8148148148148148,2678,2638,22,0,2616,2583,597695,62,0,0,62,55
2020-07-30,US,Oregon,Yamhill,318,10,0,45.23330449,-123.3086963,41071.0,296.9187675070028,3.1446540880503147,308,307,10,0,297,295,107002,11,0,0,11,12
2020-07-30,US,Pennsylvania,Adams,461,19,0,39.87140411,-77.21610347,42001.0,447.53371064664253,4.121475054229935,442,454,18,0,436,448,102811,7,1,0,6,6
2020-07-30,US,Pennsylvania,Allegheny,7850,227,0,40.46809875,-79.98167747,42003.0,645.5353214724784,2.8917197452229297,7623,7718,227,0,7491,7593,1218452,132,0,0,132,125
2020-07-30,US,Pennsylvania,Armstrong,178,6,0,40.81665618,-79.46290811,42005.0,274.9671738626709,3.3707865168539324,172,174,6,0,168,169,65263,4,0,0,4,5
2020-07-30,US,Pennsylvania,Beaver,1189,88,0,40.6825484,-80.34921611,42007.0,725.3140078936611,7.401177460050462,1101,1176,85,0,1091,1164,164742,13,3,0,10,12
2020-07-30,US,Pennsylvania,Bedford,127,4,0,40.00522157,-78.48998442,42009.0,265.2021383227531,3.1496062992125986,123,124,4,0,120,123,48176,3,0,0,3,1
2020-07-30,US,Pennsylvania,Berks,5125,364,0,40.41570541,-75.92457766,42011.0,1216.8656390384742,7.102439024390245,4761,5100,364,0,4736,5080,420152,25,0,0,25,20
2020-07-30,US,Pennsylvania,Blair,201,3,0,40.47961444,-78.34917412,42013.0,164.9853483160824,1.492537313432836,198,199,2,0,197,191,122492,2,1,0,1,8
2020-07-30,US,Pennsylvania,Bradford,80,3,0,41.78869215,-76.51570822,42015.0,132.61939890257443,3.75,77,80,3,0,77,76,60833,0,0,0,0,4
2020-07-30,US,Pennsylvania,Bucks,6847,577,0,40.33682119,-75.10836643,42017.0,1089.8180718480908,8.427048342339711,6270,6796,574,0,6222,6771,628195,51,3,0,48,25
2020-07-30,US,Pennsylvania,Butler,593,15,0,40.91152759,-79.91351055,42019.0,315.672360835334,2.5295109612141653,578,586,15,0,571,577,187888,7,0,0,7,9
2020-07-30,US,Pennsylvania,Cambria,239,3,0,40.49527404,-78.71377428,42021.0,183.5750276514686,1.2552301255230125,236,235,3,0,232,232,131730,4,0,0,4,3
2020-07-30,US,Pennsylvania,Cameron,5,0,0,41.43625568,-78.20376845,42023.0,112.4353496739375,0.0,5,5,0,0,5,5,4492,0,0,0,0,0
2020-07-30,US,Pennsylvania,Carbon,356,28,0,40.91545395,-75.7068525,42025.0,554.6726496525506,7.865168539325843,328,356,28,0,328,354,64227,0,0,0,0,2
2020-07-30,US,Pennsylvania,Centre,353,10,0,40.92058903,-77.82200624,42027.0,217.38461064753517,2.8328611898016995,343,370,10,0,360,365,162805,-17,0,0,-17,5
2020-07-30,US,Pennsylvania,Chester,4836,346,0,39.97291773,-75.74768357,42029.0,921.1621576833037,7.154673283705543,4490,4796,346,0,4450,4780,522046,40,0,0,40,16
2020-07-30,US,Pennsylvania,Clarion,73,2,0,41.19265812,-79.42413524,42031.0,189.91622873198398,2.7397260273972597,71,72,2,0,70,72,38779,1,0,0,1,0
2020-07-30,US,Pennsylvania,Clearfield,122,0,0,41.00110782,-78.47592663,42033.0,153.93350577250646,0.0,122,120,0,0,120,120,79388,2,0,0,2,0
2020-07-30,US,Pennsylvania,Clinton,113,5,0,41.23255967,-77.63785995,42035.0,292.50362393870364,4.424778761061948,108,112,5,0,107,110,38684,1,0,0,1,2
2020-07-30,US,Pennsylvania,Columbia,456,35,0,41.04821986,-76.40565017,42037.0,701.9272212302199,7.675438596491227,421,453,35,0,418,453,65456,3,0,0,3,0
2020-07-30,US,Pennsylvania,Crawford,122,1,0,41.68447709,-80.10760592,42039.0,144.15862174904584,0.819672131147541,121,120,1,0,119,118,85063,2,0,0,2,2
2020-07-30,US,Pennsylvania,Cumberland,1189,70,0,40.1625372,-77.26130755,42041.0,469.2741839996843,5.887300252312867,1119,1180,70,0,1110,1165,251423,9,0,0,9,15
2020-07-30,US,Pennsylvania,Dauphin,2628,155,0,40.41377078,-76.77993242,42043.0,944.3081002806334,5.898021308980214,2473,2604,155,0,2449,2585,277097,24,0,0,24,19
2020-07-30,US,Pennsylvania,Delaware,8610,684,0,39.91680171,-75.40243663,42045.0,1519.196396275587,7.944250871080139,7926,8551,684,0,7867,8489,564751,59,0,0,59,62
2020-07-30,US,Pennsylvania,Elk,42,2,0,41.42822061,-78.64524744,42047.0,140.42126379137412,4.761904761904762,40,42,2,0,40,40,30169,0,0,0,0,2
2020-07-30,US,Pennsylvania,Erie,905,15,0,41.99253829,-80.03301954,42049.0,335.52319373591166,1.6574585635359116,890,891,15,0,876,871,272061,14,0,0,14,20
2020-07-30,US,Pennsylvania,Fayette,363,4,0,39.92041012,-79.64291195,42051.0,280.7989232173523,1.1019283746556474,359,352,4,0,348,336,130441,11,0,0,11,16
2020-07-30,US,Pennsylvania,Forest,9,0,0,41.51095103,-79.23229292,42053.0,124.1893197185042,0.0,9,9,0,0,9,9,7279,0,0,0,0,0
2020-07-30,US,Pennsylvania,Franklin,1259,46,0,39.92956518,-77.72157791,42055.0,812.1165990440375,3.653693407466243,1213,1231,46,0,1185,1223,154835,28,0,0,28,8
2020-07-30,US,Pennsylvania,Fulton,22,2,0,39.92913544,-78.11163677,42057.0,151.41087405368202,9.090909090909092,20,22,2,0,20,21,14523,0,0,0,0,1
2020-07-30,US,Pennsylvania,Greene,105,0,0,39.85746531,-80.22357106,42059.0,289.7910744349074,0.0,105,103,0,0,103,100,36506,2,0,0,2,3
2020-07-30,US,Pennsylvania,Huntingdon,287,4,0,40.42162652,-77.97673273,42061.0,635.7433989012936,1.3937282229965158,283,287,4,0,283,287,45168,0,0,0,0,0
2020-07-30,US,Pennsylvania,Indiana,250,6,0,40.65241041,-79.08963285,42063.0,297.36062707409036,2.4,244,241,6,0,235,234,84501,9,0,0,9,7
2020-07-30,US,Pennsylvania,Jefferson,57,1,0,41.12913106,-78.9986361,42065.0,131.2607944732297,1.7543859649122806,56,57,1,0,56,55,43641,0,0,0,0,2
2020-07-30,US,Pennsylvania,Juniata,125,6,0,40.53358749,-77.39975129999998,42067.0,504.7853652626903,4.8,119,125,6,0,119,125,24704,0,0,0,0,0
2020-07-30,US,Pennsylvania,Lackawanna,1885,212,0,41.43564672,-75.60379201,42069.0,899.0146608544693,11.246684350132623,1673,1878,212,0,1666,1866,210793,7,0,0,7,12
2020-07-30,US,Pennsylvania,Lancaster,5488,406,0,40.03904563,-76.24770128,42071.0,1005.6365488781876,7.397959183673469,5082,5414,405,0,5009,5376,543557,74,1,0,73,38
2020-07-30,US,Pennsylvania,Lawrence,324,11,0,40.99206278,-80.33393706,42073.0,378.8941902890824,3.3950617283950617,313,319,11,0,308,308,86184,5,0,0,5,11
2020-07-30,US,Pennsylvania,Lebanon,1562,54,0,40.36680311,-76.45651841,42075.0,1101.6058620665337,3.4571062740076823,1508,1559,54,0,1505,1554,141314,3,0,0,3,5
2020-07-30,US,Pennsylvania,Lehigh,4795,335,0,40.6154815,-75.59435245,42077.0,1298.3391007207879,6.986444212721585,4460,4775,335,0,4440,4733,368100,20,0,0,20,42
2020-07-30,US,Pennsylvania,Luzerne,3239,183,0,41.17823008,-75.98447579,42079.0,1020.4242368871232,5.649891941957394,3056,3225,183,0,3042,3191,317646,14,0,0,14,34
2020-07-30,US,Pennsylvania,Lycoming,314,20,0,41.34310539,-77.06629984,42081.0,277.14278148968657,6.369426751592357,294,306,20,0,286,301,113664,8,0,0,8,5
2020-07-30,US,Pennsylvania,McKean,26,1,0,41.80938602,-78.56478358,42083.0,64.0,3.8461538461538463,25,26,1,0,25,26,40968,0,0,0,0,0
2020-07-30,US,Pennsylvania,Mercer,318,9,0,41.30248872,-80.25816981,42085.0,290.612662669981,2.830188679245283,309,308,9,0,299,303,110683,10,0,0,10,5
2020-07-30,US,Pennsylvania,Mifflin,98,1,0,40.61116939,-77.61070738,42087.0,212.40625948242229,1.020408163265306,97,93,1,0,92,93,46222,5,0,0,5,0
2020-07-30,US,Pennsylvania,Monroe,1573,123,0,41.05934058,-75.34031025,42089.0,923.8214375906643,7.819453273998729,1450,1570,123,0,1447,1562,169507,3,0,0,3,8
2020-07-30,US,Pennsylvania,Montgomery,9723,847,0,40.21053671,-75.36652296,42091.0,1170.1557921086994,8.711303095752339,8876,9673,846,0,8827,9621,828604,50,1,0,49,52
2020-07-30,US,Pennsylvania,Montour,93,3,0,41.03023987,-76.66345939,42093.0,510.14810751508486,3.2258064516129035,90,92,3,0,89,92,18240,1,0,0,1,0
2020-07-30,US,Pennsylvania,Northampton,3816,289,0,40.75182733,-75.30471829,42095.0,1249.979527326924,7.573375262054507,3527,3806,289,0,3517,3780,304807,10,0,0,10,26
2020-07-30,US,Pennsylvania,Northumberland,400,11,0,40.84785433,-76.70798222,42097.0,440.3201127219489,2.75,389,398,11,0,387,390,91083,2,0,0,2,8
2020-07-30,US,Pennsylvania,Perry,111,5,0,40.40206612,-77.26297447,42099.0,239.88589211618256,4.504504504504505,106,111,5,0,106,110,46139,0,0,0,0,1
2020-07-30,US,Pennsylvania,Philadelphia,30213,1691,0,40.00338507,-75.1379271,42101.0,1907.3093006343177,5.596928474497733,28522,30077,1680,0,28397,29945,1584138,136,11,0,125,132
2020-07-30,US,Pennsylvania,Pike,524,21,0,41.33155042,-75.03208106,42103.0,938.9166621871024,4.00763358778626,503,524,21,0,503,524,55933,0,0,0,0,0
2020-07-30,US,Pennsylvania,Potter,20,0,0,41.74471626,-77.89559864,42105.0,121.0214207914801,0.0,20,20,0,0,20,20,16622,0,0,0,0,0
2020-07-30,US,Pennsylvania,Schuylkill,875,49,0,40.70497338,-76.2150785,42107.0,618.9913624176743,5.6,826,867,49,0,818,860,142067,8,0,0,8,7
2020-07-30,US,Pennsylvania,Snyder,92,2,0,40.77129231,-77.06840691,42109.0,227.88070940255628,2.1739130434782608,90,92,2,0,90,90,40540,0,0,0,0,2
2020-07-30,US,Pennsylvania,Somerset,117,2,0,39.97172723,-79.02699593,42111.0,159.29854180565582,1.709401709401709,115,114,2,0,112,113,73952,3,0,0,3,1
2020-07-30,US,Pennsylvania,Sullivan,10,0,0,41.44634738,-76.51246591,42113.0,164.85328058028355,0.0,10,10,0,0,10,10,6071,0,0,0,0,0
2020-07-30,US,Pennsylvania,Susquehanna,208,26,0,41.82147784,-75.80071959,42115.0,515.7706804205516,12.5,182,206,26,0,180,206,40589,2,0,0,2,0
2020-07-30,US,Pennsylvania,Tioga,34,2,0,41.77255149,-77.25433032,42117.0,83.76241038653889,5.882352941176472,32,34,2,0,32,34,40763,0,0,0,0,0
2020-07-30,US,Pennsylvania,Union,135,2,0,40.96188846,-77.05996014,42119.0,300.5142132092692,1.4814814814814814,133,129,2,0,127,128,44785,6,0,0,6,1
2020-07-30,US,Pennsylvania,Venango,60,0,0,41.40323442,-79.75845449,42121.0,118.41793637009552,0.0,60,60,0,0,60,59,51266,0,0,0,0,1
2020-07-30,US,Pennsylvania,Warren,15,1,0,41.81304978,-79.26969577,42123.0,38.27409354188462,6.666666666666668,14,15,1,0,14,14,39498,0,0,0,0,1
2020-07-30,US,Pennsylvania,Washington,723,11,0,40.19208869,-80.24582867,42125.0,349.5032992531362,1.5214384508990315,712,710,10,0,700,699,207346,13,1,0,12,11
2020-07-30,US,Pennsylvania,Wayne,157,8,0,41.64938475,-75.29956506,42127.0,305.6794065536107,5.095541401273885,149,156,8,0,148,154,51276,1,0,0,1,2
2020-07-30,US,Pennsylvania,Westmoreland,1382,45,0,40.31377979999999,-79.46615476,42129.0,396.1031702584416,3.2561505065123018,1337,1351,45,0,1306,1327,350611,31,0,0,31,24
2020-07-30,US,Pennsylvania,Wyoming,57,8,0,41.51955538,-76.01074915,42131.0,212.7341942225872,14.035087719298243,49,57,8,0,49,57,27046,0,0,0,0,0
2020-07-30,US,Pennsylvania,York,2243,85,0,39.9210089,-76.73040131,42133.0,499.4900436023854,3.7895675434685687,2158,2223,84,0,2139,2196,448273,20,1,0,19,27
2020-07-30,US,Puerto Rico,Adjuntas,78,0,0,18.180117000000006,-66.754367,72001.0,400.3490222245034,0.0,78,77,0,0,77,77,,1,0,0,1,0
2020-07-30,US,Puerto Rico,Aguada,97,0,0,18.360255,-67.17513100000001,72003.0,231.17805476774947,0.0,97,96,0,0,96,95,,1,0,0,1,1
2020-07-30,US,Puerto Rico,Aguadilla,166,0,0,18.459681,-67.12081500000001,72005.0,272.3588574053717,0.0,166,160,0,0,160,160,,6,0,0,6,0
2020-07-30,US,Puerto Rico,Aguas Buenas,102,0,0,18.251619,-66.126806,72007.0,355.9091384905265,0.0,102,99,0,0,99,97,,3,0,0,3,2
2020-07-30,US,Puerto Rico,Aibonito,73,0,0,18.131361,-66.264131,72009.0,281.8532818532818,0.0,73,71,0,0,71,71,,2,0,0,2,0
2020-07-30,US,Puerto Rico,Anasco,108,0,0,18.287985,-67.120611,72011.0,369.0919654147158,0.0,108,105,0,0,105,105,,3,0,0,3,0
2020-07-30,US,Puerto Rico,Arecibo,237,0,0,18.406631,-66.675077,72013.0,245.74865201161342,0.0,237,230,0,0,230,229,,7,0,0,7,1
2020-07-30,US,Puerto Rico,Arroyo,76,0,0,17.998457000000005,-66.056546,72015.0,388.2503192848021,0.0,76,72,0,0,72,71,,4,0,0,4,1
2020-07-30,US,Puerto Rico,Barceloneta,65,0,0,18.445532999999998,-66.56053100000001,72017.0,261.9277885235332,0.0,65,63,0,0,63,62,,2,0,0,2,1
2020-07-30,US,Puerto Rico,Barranquitas,172,0,0,18.201592,-66.30963,72019.0,567.3197440464411,0.0,172,164,0,0,164,164,,8,0,0,8,0
2020-07-30,US,Puerto Rico,Bayamon,1053,0,0,18.34946,-66.168435,72021.0,505.9678256357032,0.0,1053,1028,0,0,1028,1011,,25,0,0,25,17
2020-07-30,US,Puerto Rico,Cabo Rojo,160,0,0,18.040993,-67.154391,72023.0,314.23689533947413,0.0,160,160,0,0,160,159,,0,0,0,0,1
2020-07-30,US,Puerto Rico,Caguas,560,0,0,18.211615,-66.050779,72025.0,391.9016326901948,0.0,560,542,0,0,542,536,,18,0,0,18,6
2020-07-30,US,Puerto Rico,Camuy,96,0,0,18.418578,-66.860206,72027.0,273.04530845587186,0.0,96,88,0,0,88,88,,8,0,0,8,0
2020-07-30,US,Puerto Rico,Canovanas,280,0,0,18.328802,-65.887612,72029.0,587.642713230356,0.0,280,269,0,0,269,269,,11,0,0,11,0
2020-07-30,US,Puerto Rico,Carolina,841,0,0,18.374986,-65.95683100000001,72031.0,475.78099365248187,0.0,841,813,0,0,813,797,,28,0,0,28,16
2020-07-30,US,Puerto Rico,Catano,145,0,0,18.437269,-66.14330600000001,72033.0,515.2807391613362,0.0,145,137,0,0,137,134,,8,0,0,8,3
2020-07-30,US,Puerto Rico,Cayey,163,0,0,18.102851,-66.14914,72035.0,338.74353166109023,0.0,163,159,0,0,159,157,,4,0,0,4,2
2020-07-30,US,Puerto Rico,Ceiba,53,0,0,18.251818,-65.666416,72037.0,388.8196023769349,0.0,53,51,0,0,51,50,,2,0,0,2,1
2020-07-30,US,Puerto Rico,Ciales,115,0,0,18.28885,-66.516475,72039.0,612.2883611968906,0.0,115,111,0,0,111,108,,4,0,0,4,3
2020-07-30,US,Puerto Rico,Cidra,132,0,0,18.173559,-66.161179,72041.0,303.58785648574064,0.0,132,129,0,0,129,127,,3,0,0,3,2
2020-07-30,US,Puerto Rico,Coamo,110,0,0,18.097597,-66.36014,72043.0,271.52448657187995,0.0,110,102,0,0,102,102,,8,0,0,8,0
2020-07-30,US,Puerto Rico,Comerio,97,0,0,18.224687,-66.221622,72045.0,466.8399268457022,0.0,97,95,0,0,95,95,,2,0,0,2,0
2020-07-30,US,Puerto Rico,Corozal,141,0,0,18.304264,-66.327738,72047.0,379.6241451725809,0.0,141,129,0,0,129,124,,12,0,0,12,5
2020-07-30,US,Puerto Rico,Culebra,17,0,0,18.31586,-65.28813000000001,72049.0,935.093509350935,0.0,17,16,0,0,16,16,,1,0,0,1,0
2020-07-30,US,Puerto Rico,Dorado,226,0,0,18.436115,-66.278669,72051.0,592.1655967509498,0.0,226,224,0,0,224,223,,2,0,0,2,1
2020-07-30,US,Puerto Rico,Fajardo,176,0,0,18.318373,-65.666866,72053.0,475.7656853999405,0.0,176,168,0,0,168,167,,8,0,0,8,1
2020-07-30,US,Puerto Rico,Florida,130,0,0,18.373715,-66.560488,72054.0,1025.236593059937,0.0,130,125,0,0,125,120,,5,0,0,5,5
2020-07-30,US,Puerto Rico,Guanica,52,0,0,17.982429,-66.91964300000001,72055.0,267.66870849848146,0.0,52,52,0,0,52,52,,0,0,0,0,0
2020-07-30,US,Puerto Rico,Guayama,127,0,0,18.007516,-66.13390799999999,72057.0,279.9700189585997,0.0,127,122,0,0,122,119,,5,0,0,5,3
2020-07-30,US,Puerto Rico,Guayanilla,112,0,0,18.039942,-66.79186,72059.0,518.9750243269542,0.0,112,111,0,0,111,111,,1,0,0,1,0
2020-07-30,US,Puerto Rico,Guaynabo,663,0,0,18.345114000000002,-66.11452299999999,72061.0,677.0556758302357,0.0,663,647,0,0,647,640,,16,0,0,16,7
2020-07-30,US,Puerto Rico,Gurabo,196,0,0,18.266461,-65.97970500000001,72063.0,432.01304855738505,0.0,196,187,0,0,187,184,,9,0,0,9,3
2020-07-30,US,Puerto Rico,Hatillo,76,0,0,18.410928,-66.79632600000001,72065.0,181.1551021381069,0.0,76,74,0,0,74,74,,2,0,0,2,0
2020-07-30,US,Puerto Rico,Hormigueros,79,0,0,18.134532,-67.113972,72067.0,457.9710144927536,0.0,79,77,0,0,77,76,,2,0,0,2,1
2020-07-30,US,Puerto Rico,Humacao,150,0,0,18.145211,-65.810174,72069.0,256.55936783771773,0.0,150,148,0,0,148,147,,2,0,0,2,1
2020-07-30,US,Puerto Rico,Isabela,111,0,0,18.44981,-67.005093,72071.0,243.255681444632,0.0,111,106,0,0,106,105,,5,0,0,5,1
2020-07-30,US,Puerto Rico,Jayuya,176,0,0,18.211446,-66.58878,72073.0,1057.5651964908063,0.0,176,175,0,0,175,175,,1,0,0,1,0
2020-07-30,US,Puerto Rico,Juana Diaz,163,0,0,18.050764,-66.49458100000001,72075.0,204.01266630787137,0.0,163,159,0,0,159,158,,4,0,0,4,1
2020-07-30,US,Puerto Rico,Juncos,94,0,0,18.223793,-65.909109,72077.0,233.30851327872918,0.0,94,92,0,0,92,91,,2,0,0,2,1
2020-07-30,US,Puerto Rico,Lajas,69,0,0,18.011661,-67.040585,72079.0,267.92994990874854,0.0,69,66,0,0,66,66,,3,0,0,3,0
2020-07-30,US,Puerto Rico,Lares,121,0,0,18.269035000000002,-66.867236,72081.0,393.4575488570221,0.0,121,117,0,0,117,116,,4,0,0,4,1
2020-07-30,US,Puerto Rico,Las Marias,48,0,0,18.23679,-66.98362,72083.0,485.7807914178727,0.0,48,46,0,0,46,43,,2,0,0,2,3
2020-07-30,US,Puerto Rico,Las Piedras,123,0,0,18.187527,-65.86946800000001,72085.0,318.0349062702004,0.0,123,120,0,0,120,120,,3,0,0,3,0
2020-07-30,US,Puerto Rico,Loiza,76,0,0,18.425688,-65.89943000000001,72087.0,252.82767797737858,0.0,76,74,0,0,74,73,,2,0,0,2,1
2020-07-30,US,Puerto Rico,Luquillo,86,0,0,18.342114000000002,-65.72509699999999,72089.0,428.54295395654776,0.0,86,86,0,0,86,85,,0,0,0,0,1
2020-07-30,US,Puerto Rico,Manati,178,0,0,18.420473,-66.490461,72091.0,403.5091696325346,0.0,178,169,0,0,169,164,,9,0,0,9,5
2020-07-30,US,Puerto Rico,Maricao,40,0,0,18.171795,-66.942126,72093.0,637.3486297004463,0.0,40,39,0,0,39,39,,1,0,0,1,0
2020-07-30,US,Puerto Rico,Maunabo,49,0,0,18.017889,-65.922235,72095.0,400.8179959100205,0.0,49,46,0,0,46,45,,3,0,0,3,1
2020-07-30,US,Puerto Rico,Mayaguez,414,0,0,18.2013,-67.1452,72097.0,464.75078581050735,0.0,414,403,0,0,403,402,,11,0,0,11,1
2020-07-30,US,Puerto Rico,Moca,141,0,0,18.377805,-67.080952,72099.0,351.54204791941964,0.0,141,137,0,0,137,136,,4,0,0,4,1
2020-07-30,US,Puerto Rico,Morovis,194,0,0,18.316963,-66.420383,72101.0,594.9095369518552,0.0,194,184,0,0,184,181,,10,0,0,10,3
2020-07-30,US,Puerto Rico,Naguabo,81,0,0,18.230636999999998,-65.753897,72103.0,303.1437125748503,0.0,81,77,0,0,77,77,,4,0,0,4,0
2020-07-30,US,Puerto Rico,Naranjito,199,0,0,18.288019,-66.252703,72105.0,654.5621998552726,0.0,199,194,0,0,194,192,,5,0,0,5,2
2020-07-30,US,Puerto Rico,Orocovis,159,0,0,18.215046,-66.433604,72107.0,678.8199632839517,0.0,159,156,0,0,156,154,,3,0,0,3,2
2020-07-30,US,Puerto Rico,Out of PR,585,0,0,0.0,0.0,72888.0,0.0,0.0,585,555,0,0,555,537,,30,0,0,30,18
2020-07-30,US,Puerto Rico,Patillas,92,0,0,18.03174,-66.012242,72109.0,477.25268454635057,0.0,92,90,0,0,90,88,,2,0,0,2,2
2020-07-30,US,Puerto Rico,Penuelas,55,0,0,18.059645,-66.721572,72111.0,226.50523021167942,0.0,55,54,0,0,54,53,,1,0,0,1,1
2020-07-30,US,Puerto Rico,Ponce,389,0,0,18.059498,-66.613748,72113.0,233.8766405935296,0.0,389,385,0,0,385,384,,4,0,0,4,1
2020-07-30,US,Puerto Rico,Quebradillas,64,0,0,18.439692,-66.926113,72115.0,246.92310660133487,0.0,64,62,0,0,62,60,,2,0,0,2,2
2020-07-30,US,Puerto Rico,Rincon,80,0,0,18.335442999999998,-67.23174,72117.0,526.3157894736842,0.0,80,79,0,0,79,79,,1,0,0,1,0
2020-07-30,US,Puerto Rico,Rio Grande,220,0,0,18.346329,-65.813742,72119.0,405.1266941661757,0.0,220,211,0,0,211,205,,9,0,0,9,6
2020-07-30,US,Puerto Rico,Sabana Grande,104,0,0,18.08282,-66.943758,72121.0,411.6366514941618,0.0,104,103,0,0,103,103,,1,0,0,1,0
2020-07-30,US,Puerto Rico,Salinas,131,0,0,18.010386999999994,-66.256592,72123.0,421.520046335028,0.0,131,130,0,0,130,130,,1,0,0,1,0
2020-07-30,US,Puerto Rico,San German,120,0,0,18.111484,-67.03858100000001,72125.0,337.7712725532693,0.0,120,117,0,0,117,117,,3,0,0,3,0
2020-07-30,US,Puerto Rico,San Juan,2267,0,0,18.386933,-66.061128,72127.0,573.4507722740219,0.0,2267,2170,0,0,2170,2124,,97,0,0,97,46
2020-07-30,US,Puerto Rico,San Lorenzo,124,0,0,18.147987,-65.976392,72129.0,302.01178820205564,0.0,124,121,0,0,121,119,,3,0,0,3,2
2020-07-30,US,Puerto Rico,San Sebastian,166,0,0,18.328646,-66.971214,72131.0,391.2326184303559,0.0,166,158,0,0,158,158,,8,0,0,8,0
2020-07-30,US,Puerto Rico,Santa Isabel,81,0,0,17.994525,-66.388913,72133.0,348.02784222737813,0.0,81,81,0,0,81,81,,0,0,0,0,0
2020-07-30,US,Puerto Rico,Toa Alta,398,0,0,18.362406,-66.246616,72135.0,537.3585720843572,0.0,398,384,0,0,384,378,,14,0,0,14,6
2020-07-30,US,Puerto Rico,Toa Baja,388,0,0,18.431445999999998,-66.213553,72137.0,432.99222176343886,0.0,388,364,0,0,364,354,,24,0,0,24,10
2020-07-30,US,Puerto Rico,Trujillo Alto,367,0,0,18.336159,-65.99888399999999,72139.0,490.3663718233077,0.0,367,353,0,0,353,344,,14,0,0,14,9
2020-07-30,US,Puerto Rico,Unassigned,405,214,0,0.0,0.0,72999.0,0.0,52.839506172839506,191,431,211,0,220,432,,-26,3,0,-29,-1
2020-07-30,US,Puerto Rico,Utuado,54,0,0,18.271214,-66.702984,72141.0,162.90084165434854,0.0,54,54,0,0,54,53,,0,0,0,0,1
2020-07-30,US,Puerto Rico,Vega Alta,165,0,0,18.409346,-66.33725,72143.0,413.0059322670271,0.0,165,163,0,0,163,157,,2,0,0,2,6
2020-07-30,US,Puerto Rico,Vega Baja,282,0,0,18.428262,-66.397924,72145.0,472.6626663537929,0.0,282,269,0,0,269,266,,13,0,0,13,3
2020-07-30,US,Puerto Rico,Vieques,36,0,0,18.123276,-65.44097099999999,72147.0,387.05515535963883,0.0,36,35,0,0,35,34,,1,0,0,1,1
2020-07-30,US,Puerto Rico,Villalba,71,0,0,18.127951,-66.473115,72149.0,272.3123537759368,0.0,71,71,0,0,71,71,,0,0,0,0,0
2020-07-30,US,Puerto Rico,Yabucoa,91,0,0,18.070399,-65.896289,72151.0,239.84607680345798,0.0,91,88,0,0,88,88,,3,0,0,3,0
2020-07-30,US,Puerto Rico,Yauco,191,0,0,18.080374,-66.858814,72153.0,454.2967913802535,0.0,191,186,0,0,186,186,,5,0,0,5,0
2020-07-30,US,Rhode Island,Bristol,304,0,0,41.71018079,-71.28652315,44001.0,627.0756409991958,0.0,304,304,0,0,304,290,48649,0,0,0,0,14
2020-07-30,US,Rhode Island,Kent,1421,0,0,41.67106337,-71.57641596,44003.0,864.9234290166289,0.0,1421,1421,0,0,1421,1351,163861,0,0,0,0,70
2020-07-30,US,Rhode Island,Newport,380,0,0,41.5642026,-71.26569799,44005.0,462.9516824638777,0.0,380,380,0,0,380,365,82542,0,0,0,0,15
2020-07-30,US,Rhode Island,Providence,14549,0,0,41.87064746,-71.57753536,44007.0,2277.084693026321,0.0,14549,14549,0,0,14549,14033,636084,0,0,0,0,516
2020-07-30,US,Rhode Island,Unassigned,1706,1007,0,0.0,0.0,90044.0,0.0,59.026963657678785,699,1556,1007,0,549,2112,,150,0,0,150,-556
2020-07-30,US,Rhode Island,Washington,590,0,0,41.45961631,-71.61435303,44009.0,469.83125890887663,0.0,590,590,0,0,590,574,126179,0,0,0,0,16
2020-07-30,US,South Carolina,Abbeville,285,7,0,34.22333378,-82.46170658,45001.0,1161.9847514983487,2.456140350877193,278,279,6,0,273,269,24541,6,1,0,5,10
2020-07-30,US,South Carolina,Aiken,1444,24,0,33.54338026,-81.63645384,45003.0,845.0770167142656,1.6620498614958448,1420,1403,24,0,1379,1355,169401,41,0,0,41,48
2020-07-30,US,South Carolina,Allendale,172,3,0,32.98837386,-81.35321066,45005.0,1979.7421731123388,1.7441860465116281,169,163,3,0,160,159,8903,9,0,0,9,4
2020-07-30,US,South Carolina,Anderson,1882,41,0,34.51828081,-82.63959517,45007.0,929.1165987025937,2.178533475026568,1841,1816,41,0,1775,1793,200482,66,0,0,66,23
2020-07-30,US,South Carolina,Bamberg,414,15,0,33.21927586,-81.05659969,45009.0,2943.267453433812,3.6231884057971016,399,387,11,0,376,384,14275,27,4,0,23,3
2020-07-30,US,South Carolina,Barnwell,313,4,0,33.26679302,-81.43584352,45011.0,1500.0479248538293,1.2779552715654952,309,300,3,0,297,295,21112,13,1,0,12,5
2020-07-30,US,South Carolina,Beaufort,3398,44,0,32.39226291,-80.72619758,45013.0,1768.66782565245,1.2948793407886992,3354,3285,39,0,3246,3188,188715,113,5,0,108,97
2020-07-30,US,South Carolina,Berkeley,3731,57,0,33.20222596,-79.94654523,45015.0,1637.0712615233404,1.527740552130796,3674,3636,56,0,3580,3576,221091,95,1,0,94,60
2020-07-30,US,South Carolina,Calhoun,284,6,0,33.66926881,-80.77722168,45017.0,1951.48766577338,2.112676056338028,278,280,6,0,274,281,14520,4,0,0,4,-1
2020-07-30,US,South Carolina,Charleston,11260,158,0,32.82487866,-79.96512315,45019.0,2736.9557079867577,1.4031971580817049,11102,11125,154,0,10971,10920,405905,135,4,0,131,205
2020-07-30,US,South Carolina,Cherokee,515,24,0,35.05122251,-81.61828622,45021.0,898.7783595113436,4.660194174757281,491,512,22,0,490,502,57078,3,2,0,1,10
2020-07-30,US,South Carolina,Chester,523,10,0,34.69249168,-81.1583216,45023.0,1622.00719513708,1.9120458891013383,513,499,10,0,489,479,32251,24,0,0,24,20
2020-07-30,US,South Carolina,Chesterfield,660,19,0,34.64137396,-80.15640140000002,45025.0,1445.7831325301206,2.878787878787879,641,649,19,0,630,639,45754,11,0,0,11,10
2020-07-30,US,South Carolina,Clarendon,740,50,0,33.66610974,-80.21647898,45027.0,2192.9174692547044,6.756756756756758,690,712,49,0,663,703,33700,28,1,0,27,9
2020-07-30,US,South Carolina,Colleton,727,31,0,32.87582989,-80.67641292,45029.0,1929.559147490512,4.264099037138927,696,703,30,0,673,682,37660,24,1,0,23,21
2020-07-30,US,South Carolina,Darlington,994,33,0,34.33358335,-79.96027485,45031.0,1492.0892251343482,3.3199195171026163,961,945,33,0,912,917,66802,49,0,0,49,28
2020-07-30,US,South Carolina,Dillon,536,23,0,34.39007791,-79.37741872,45033.0,1758.5878801797962,4.291044776119403,513,521,21,0,500,516,30599,15,2,0,13,5
2020-07-30,US,South Carolina,Dorchester,2653,37,0,33.0794369,-80.40502652,45035.0,1629.5167957545345,1.394647568790049,2616,2660,36,0,2624,2510,160647,-7,1,0,-8,150
2020-07-30,US,South Carolina,Edgefield,264,6,0,33.77221995,-81.96231108,45037.0,968.4519442406456,2.272727272727273,258,258,6,0,252,240,27052,6,0,0,6,18
2020-07-30,US,South Carolina,Fairfield,517,23,0,34.39287073,-81.1195624,45039.0,2313.5096433525755,4.448742746615086,494,508,23,0,485,502,22402,9,0,0,9,6
2020-07-30,US,South Carolina,Florence,2789,91,0,34.02361754,-79.70189312,45041.0,2016.7325895019994,3.2628182144137683,2698,2676,88,0,2588,2623,138159,113,3,0,110,53
2020-07-30,US,South Carolina,Georgetown,1211,17,0,33.43443342,-79.33202141,45043.0,1932.0357370772167,1.4037985136251032,1194,1188,17,0,1171,1146,62249,23,0,0,23,42
2020-07-30,US,South Carolina,Greenville,9876,175,0,34.89502264,-82.37295012,45045.0,1886.3816083523386,1.7719724584852168,9701,9737,169,0,9568,9625,514213,139,6,0,133,112
2020-07-30,US,South Carolina,Greenwood,1174,15,0,34.15272415,-82.12715789,45047.0,1657.9345017017126,1.2776831345826236,1159,1170,14,0,1156,1155,70741,4,1,0,3,15
2020-07-30,US,South Carolina,Hampton,309,8,0,32.77419582,-81.13845571,45049.0,1607.5330350639892,2.588996763754045,301,304,7,0,297,289,19351,5,1,0,4,15
2020-07-30,US,South Carolina,Horry,7873,121,0,33.9212828,-78.99555293,45051.0,2223.502531906541,1.536898259875524,7752,7792,121,0,7671,7688,344147,81,0,0,81,104
2020-07-30,US,South Carolina,Jasper,474,11,0,32.43171982,-81.02487495,45053.0,1576.16466597945,2.3206751054852317,463,466,10,0,456,445,28971,8,1,0,7,21
2020-07-30,US,South Carolina,Kershaw,1246,22,0,34.33988254,-80.58763164,45055.0,1872.2483508887922,1.7656500802568218,1224,1216,22,0,1194,1198,65592,30,0,0,30,18
2020-07-30,US,South Carolina,Lancaster,1003,21,0,34.68270843,-80.70513032,45057.0,1023.344080316696,2.093718843469591,982,984,21,0,963,969,95380,19,0,0,19,15
2020-07-30,US,South Carolina,Laurens,1176,33,0,34.48244419,-82.00490796,45059.0,1742.4029158579403,2.8061224489795915,1143,1155,31,0,1124,1135,66994,21,2,0,19,20
2020-07-30,US,South Carolina,Lee,485,26,0,34.16393091,-80.25690731,45061.0,2882.1012598050866,5.360824742268041,459,479,25,0,454,453,17142,6,1,0,5,26
2020-07-30,US,South Carolina,Lexington,4488,97,0,33.89665987,-81.27146426,45063.0,1502.2594142259409,2.161319073083779,4391,4429,93,0,4336,4320,295032,59,4,0,55,109
2020-07-30,US,South Carolina,Marion,498,12,0,34.07859748,-79.36400756,45067.0,1624.4250905176632,2.409638554216868,486,486,12,0,474,477,31039,12,0,0,12,9
2020-07-30,US,South Carolina,Marlboro,409,4,0,34.59905577,-79.67561152,45069.0,1565.969829236542,0.9779951100244498,405,399,4,0,395,395,26398,10,0,0,10,4
2020-07-30,US,South Carolina,McCormick,100,2,0,33.90161443,-82.30794338,45065.0,1056.7473317129877,2.0,98,99,2,0,97,97,9410,1,0,0,1,2
2020-07-30,US,South Carolina,Newberry,737,8,0,34.28629098,-81.59935761,45071.0,1917.273673257024,1.0854816824966078,729,722,7,0,715,694,38520,15,1,0,14,28
2020-07-30,US,South Carolina,Oconee,699,6,0,34.75225169,-83.06742317,45073.0,878.7368315188696,0.8583690987124464,693,676,5,0,671,671,78374,23,1,0,22,5
2020-07-30,US,South Carolina,Orangeburg,2061,52,0,33.4391073,-80.79886287,45075.0,2391.644908616188,2.523047064531781,2009,2028,50,0,1978,1992,86934,33,2,0,31,36
2020-07-30,US,South Carolina,Pickens,1653,20,0,34.88807695,-82.72791551,45077.0,1302.7647299895966,1.2099213551119177,1633,1616,19,0,1597,1599,124937,37,1,0,36,17
2020-07-30,US,South Carolina,Richland,7617,129,0,34.01791263,-80.90267209,45079.0,1832.0709834303045,1.6935801496652223,7488,7395,128,0,7267,7235,414576,222,1,0,221,160
2020-07-30,US,South Carolina,Saluda,395,7,0,34.00795823,-81.72713237,45081.0,1929.370390270112,1.7721518987341771,388,394,7,0,387,386,20544,1,0,0,1,8
2020-07-30,US,South Carolina,Spartanburg,3609,81,0,34.92960077,-81.99225984,45083.0,1128.570758478353,2.244389027431421,3528,3544,81,0,3463,3486,313888,65,0,0,65,58
2020-07-30,US,South Carolina,Sumter,2201,42,0,33.91826534,-80.37942316,45085.0,2062.386971636323,1.9082235347569287,2159,2164,42,0,2122,2106,106512,37,0,0,37,58
2020-07-30,US,South Carolina,Union,307,2,0,34.68835752,-81.61730349,45087.0,1123.8834382779323,0.6514657980456026,305,302,2,0,300,291,27410,5,0,0,5,11
2020-07-30,US,South Carolina,Williamsburg,848,23,0,33.62190129,-79.72767442,45089.0,2792.413066385669,2.712264150943396,825,812,20,0,792,790,30606,36,3,0,33,22
2020-07-30,US,South Carolina,York,3022,27,0,34.97281497,-81.18085944,45091.0,1075.5252171870495,0.8934480476505625,2995,2972,26,0,2946,2934,274118,50,1,0,49,38
2020-07-30,US,South Dakota,Aurora,37,0,0,43.71757685,-98.56050467,46003.0,1344.9654671028716,0.0,37,37,0,0,37,37,2801,0,0,0,0,0
2020-07-30,US,South Dakota,Beadle,585,9,0,44.41464384,-98.27858469,46005.0,3170.2162250040637,1.5384615384615383,576,585,9,0,576,583,18883,0,0,0,0,2
2020-07-30,US,South Dakota,Bennett,5,0,0,43.19486375,-101.6665572,46007.0,148.5884101040119,0.0,5,5,0,0,5,5,3468,0,0,0,0,0
2020-07-30,US,South Dakota,Bon Homme,13,0,0,42.98914167,-97.88592746,46009.0,188.37849587016373,0.0,13,13,0,0,13,13,6980,0,0,0,0,0
2020-07-30,US,South Dakota,Brookings,112,0,0,44.36974375,-96.79079945,46011.0,319.29754540011976,0.0,112,111,0,0,111,111,35232,1,0,0,1,0
2020-07-30,US,South Dakota,Brown,395,3,0,45.58994323,-98.35165355,46013.0,1017.0189757717758,0.7594936708860759,392,390,3,0,387,385,39316,5,0,0,5,5
2020-07-30,US,South Dakota,Brule,39,0,0,43.71756379,-99.08118954,46015.0,736.2658108363222,0.0,39,38,0,0,38,38,5229,1,0,0,1,0
2020-07-30,US,South Dakota,Buffalo,105,3,0,44.07657829,-99.20814467,46017.0,5351.681957186544,2.8571428571428568,102,105,3,0,102,105,2036,0,0,0,0,0
2020-07-30,US,South Dakota,Butte,10,1,0,44.90608745,-103.5079318,46019.0,95.88647041902388,10.0,9,10,1,0,9,8,10222,0,0,0,0,2
2020-07-30,US,South Dakota,Campbell,1,0,0,45.77074915,-100.0510181,46021.0,72.67441860465118,0.0,1,1,0,0,1,1,1377,0,0,0,0,0
2020-07-30,US,South Dakota,Charles Mix,99,0,0,43.20660134,-98.58856175,46023.0,1065.4326302195436,0.0,99,99,0,0,99,99,9338,0,0,0,0,0
2020-07-30,US,South Dakota,Clark,16,0,0,44.85834507,-97.72925109,46025.0,428.2655246252677,0.0,16,16,0,0,16,16,3739,0,0,0,0,0
2020-07-30,US,South Dakota,Clay,111,0,0,42.91296147,-96.97656917,46027.0,788.9125799573561,0.0,111,110,0,0,110,107,14041,1,0,0,1,3
2020-07-30,US,South Dakota,Codington,117,0,0,44.97788119,-97.18827677,46029.0,417.72287479024595,0.0,117,117,0,0,117,112,28015,0,0,0,0,5
2020-07-30,US,South Dakota,Corson,26,0,0,45.70889983,-101.1970473,46031.0,636.3191385217817,0.0,26,26,0,0,26,24,4165,0,0,0,0,2
2020-07-30,US,South Dakota,Custer,13,0,0,43.67741105,-103.4534521,46033.0,144.89522960321,0.0,13,13,0,0,13,12,8726,0,0,0,0,1
2020-07-30,US,South Dakota,Davison,84,0,0,43.67490933,-98.14458906,46035.0,424.77876106194685,0.0,84,83,0,0,83,81,19790,1,0,0,1,2
2020-07-30,US,South Dakota,Day,21,0,0,45.367281,-97.60737498,46037.0,387.1681415929203,0.0,21,21,0,0,21,21,5505,0,0,0,0,0
2020-07-30,US,South Dakota,Deuel,9,0,0,44.75994309,-96.66943645,46039.0,206.84900022983226,0.0,9,9,0,0,9,8,4337,0,0,0,0,1
2020-07-30,US,South Dakota,Dewey,56,0,0,45.15639647,-100.8709139,46041.0,950.4412763068567,0.0,56,54,0,0,54,53,5904,2,0,0,2,1
2020-07-30,US,South Dakota,Douglas,16,0,0,43.38520741,-98.36978007,46043.0,547.757617254365,0.0,16,16,0,0,16,16,2935,0,0,0,0,0
2020-07-30,US,South Dakota,Edmunds,10,0,0,45.41846445,-99.21545423,46045.0,261.1647949856359,0.0,10,10,0,0,10,10,3875,0,0,0,0,0
2020-07-30,US,South Dakota,Fall River,14,0,0,43.23929297,-103.5275691,46047.0,208.5505735140772,0.0,14,14,0,0,14,14,6758,0,0,0,0,0
2020-07-30,US,South Dakota,Faulk,26,1,0,45.07082625,-99.14535601,46049.0,1130.9264897781645,3.8461538461538463,25,26,1,0,25,26,2330,0,0,0,0,0
2020-07-30,US,South Dakota,Grant,18,0,0,45.1723937,-96.77002276,46051.0,255.24673851389682,0.0,18,18,0,0,18,18,7147,0,0,0,0,0
2020-07-30,US,South Dakota,Gregory,7,0,0,43.19419064,-99.18883902,46053.0,167.26403823178018,0.0,7,7,0,0,7,7,4212,0,0,0,0,0
2020-07-30,US,South Dakota,Haakon,1,0,0,44.29299053,-101.539099,46055.0,52.6592943654555,0.0,1,1,0,0,1,1,1918,0,0,0,0,0
2020-07-30,US,South Dakota,Hamlin,14,0,0,44.67385954,-97.18829593,46057.0,227.125243348475,0.0,14,14,0,0,14,14,6111,0,0,0,0,0
2020-07-30,US,South Dakota,Hand,7,0,0,44.54708407,-99.00386459,46059.0,219.36696960200558,0.0,7,7,0,0,7,7,3262,0,0,0,0,0
2020-07-30,US,South Dakota,Hanson,20,0,0,43.6746384,-97.78715148,46061.0,579.2064871126556,0.0,20,20,0,0,20,18,3376,0,0,0,0,2
2020-07-30,US,South Dakota,Hughes,83,2,0,44.39091534,-99.99661148,46065.0,473.5821065845031,2.409638554216868,81,83,2,0,81,83,17650,0,0,0,0,0
2020-07-30,US,South Dakota,Hutchinson,25,0,0,43.33449012,-97.75536441,46067.0,342.88849266218625,0.0,25,24,0,0,24,24,7380,1,0,0,1,0
2020-07-30,US,South Dakota,Hyde,3,0,0,44.54747703,-99.48572582,46069.0,230.59185242121444,0.0,3,3,0,0,3,3,1282,0,0,0,0,0
2020-07-30,US,South Dakota,Jackson,7,1,0,43.69318385,-101.6255063,46071.0,209.33014354066987,14.285714285714285,6,7,1,0,6,7,3307,0,0,0,0,0
2020-07-30,US,South Dakota,Jerauld,39,1,0,44.06637798,-98.62965972,46073.0,1937.4068554396426,2.5641025641025643,38,39,1,0,38,39,2043,0,0,0,0,0
2020-07-30,US,South Dakota,Jones,1,0,0,43.96278565,-100.6940008,46075.0,110.74197120708747,0.0,1,1,0,0,1,1,928,0,0,0,0,0
2020-07-30,US,South Dakota,Kingsbury,11,0,0,44.36956169,-97.4913945,46077.0,222.71714922049,0.0,11,11,0,0,11,11,4919,0,0,0,0,0
2020-07-30,US,South Dakota,Lake,79,2,0,44.02193107,-97.12926365,46079.0,617.3321872313824,2.5316455696202533,77,78,2,0,76,69,13057,1,0,0,1,9
2020-07-30,US,South Dakota,Lawrence,26,0,0,44.35919441,-103.7929428,46081.0,100.60362173038229,0.0,26,26,0,0,26,26,25741,0,0,0,0,0
2020-07-30,US,South Dakota,Lincoln,523,2,0,43.27841182,-96.7203905,46083.0,855.581730140034,0.3824091778202677,521,521,2,0,519,497,58807,2,0,0,2,24
2020-07-30,US,South Dakota,Lyman,85,2,0,43.89522709,-99.85201878,46085.0,2248.08251785242,2.3529411764705883,83,85,2,0,83,84,3821,0,0,0,0,1
2020-07-30,US,South Dakota,Marshall,8,0,0,45.75870838,-97.59855639,46091.0,162.10739614994938,0.0,8,8,0,0,8,8,5112,0,0,0,0,0
2020-07-30,US,South Dakota,McCook,24,1,0,43.6742571,-97.36863144,46087.0,429.6455424274973,4.166666666666667,23,24,1,0,23,24,5546,0,0,0,0,0
2020-07-30,US,South Dakota,McPherson,6,0,0,45.76626028,-99.22118798,46089.0,252.20680958385879,0.0,6,6,0,0,6,6,2407,0,0,0,0,0
2020-07-30,US,South Dakota,Meade,69,1,0,44.56676791,-102.7162741,46093.0,243.5408725116476,1.4492753623188406,68,68,1,0,67,67,28294,1,0,0,1,1
2020-07-30,US,South Dakota,Mellette,24,0,0,43.58078848,-100.7563186,46095.0,1164.4832605531294,0.0,24,23,0,0,23,23,2042,1,0,0,1,0
2020-07-30,US,South Dakota,Miner,13,0,0,44.02197882,-97.60992207,46097.0,586.6425992779783,0.0,13,13,0,0,13,13,2213,0,0,0,0,0
2020-07-30,US,South Dakota,Minnehaha,4133,63,0,43.67441641,-96.7910885,46099.0,2139.964998394897,1.5243164771352529,4070,4118,63,0,4055,4058,192876,15,0,0,15,60
2020-07-30,US,South Dakota,Moody,30,0,0,44.02266214,-96.67081159,46101.0,456.2043795620438,0.0,30,29,0,0,29,28,6579,1,0,0,1,1
2020-07-30,US,South Dakota,Oglala Lakota,140,1,0,43.33749164,-102.5555498,46102.0,987.5149890667984,0.7142857142857143,139,139,1,0,138,136,14309,1,0,0,1,3
2020-07-30,US,South Dakota,Pennington,804,26,0,44.0025835,-102.8240777,46103.0,706.6578773895848,3.2338308457711444,778,796,26,0,770,787,111729,8,0,0,8,9
2020-07-30,US,South Dakota,Perkins,6,0,0,45.49049506,-102.4755586,46105.0,209.42408376963348,0.0,6,6,0,0,6,4,2922,0,0,0,0,2
2020-07-30,US,South Dakota,Potter,1,0,0,45.06583079,-99.95498503,46107.0,46.44681839294008,0.0,1,1,0,0,1,1,2207,0,0,0,0,0
2020-07-30,US,South Dakota,Roberts,69,1,0,45.62975048,-96.94672673,46109.0,663.8445256878969,1.4492753623188406,68,67,1,0,66,64,10447,2,0,0,2,3
2020-07-30,US,South Dakota,Sanborn,13,0,0,44.02351092,-98.0909816,46111.0,554.6075085324234,0.0,13,13,0,0,13,13,2429,0,0,0,0,0
2020-07-30,US,South Dakota,Spink,19,0,0,44.93837606,-98.34626602,46115.0,297.99247176913417,0.0,19,19,0,0,19,18,6495,0,0,0,0,1
2020-07-30,US,South Dakota,Stanley,14,0,0,44.41381872,-100.7349153,46117.0,451.9044544867656,0.0,14,14,0,0,14,14,3022,0,0,0,0,0
2020-07-30,US,South Dakota,Sully,1,0,0,44.71571812,-100.1278092,46119.0,71.89072609633357,0.0,1,1,0,0,1,1,1392,0,0,0,0,0
2020-07-30,US,South Dakota,Todd,66,4,0,43.19338568,-100.7195503,46121.0,648.5211751989781,6.0606060606060606,62,66,4,0,62,66,10283,0,0,0,0,0
2020-07-30,US,South Dakota,Tripp,20,0,0,43.34459388,-99.8854891,46123.0,367.5794890645102,0.0,20,20,0,0,20,20,5478,0,0,0,0,0
2020-07-30,US,South Dakota,Turner,42,0,0,43.3109081,-97.14865776,46125.0,500.9541984732824,0.0,42,42,0,0,42,42,8424,0,0,0,0,0
2020-07-30,US,South Dakota,Union,187,3,0,42.83112163,-96.6557828,46127.0,1173.738388149636,1.60427807486631,184,187,3,0,184,180,15619,0,0,0,0,7
2020-07-30,US,South Dakota,Walworth,18,0,0,45.43019636,-100.0307514,46129.0,331.1867525298988,0.0,18,18,0,0,18,18,5587,0,0,0,0,0
2020-07-30,US,South Dakota,Yankton,101,2,0,43.00924485,-97.39467635,46135.0,442.71061628824407,1.98019801980198,99,101,2,0,99,100,22869,0,0,0,0,1
2020-07-30,US,South Dakota,Ziebach,8,0,0,44.97881876,-101.6654622,46137.0,290.2757619738752,0.0,8,8,0,0,8,7,2742,0,0,0,0,1
2020-07-30,US,Tennessee,Anderson,550,5,0,36.12684348,-84.19965764,47001.0,714.4898542440699,0.9090909090909092,545,536,5,0,531,500,76482,14,0,0,14,36
2020-07-30,US,Tennessee,Bedford,808,10,0,35.51123746,-86.45549096,47003.0,1625.3293907026334,1.2376237623762376,798,806,10,0,796,785,49038,2,0,0,2,21
2020-07-30,US,Tennessee,Benton,70,1,0,36.07110411,-88.06849355,47005.0,433.16831683168317,1.4285714285714286,69,55,1,0,54,53,16184,15,0,0,15,2
2020-07-30,US,Tennessee,Bledsoe,656,1,0,35.59942968,-85.20611967,47007.0,4354.753053637812,0.1524390243902439,655,654,1,0,653,653,14755,2,0,0,2,1
2020-07-30,US,Tennessee,Blount,972,7,0,35.68938198,-83.92847788,47009.0,730.34383265208,0.7201646090534979,965,957,7,0,950,915,131349,15,0,0,15,42
2020-07-30,US,Tennessee,Bradley,1593,10,0,35.15739424,-84.857186,47011.0,1473.4992137637591,0.6277463904582549,1583,1555,10,0,1545,1525,106727,38,0,0,38,30
2020-07-30,US,Tennessee,Campbell,165,1,0,36.40355516,-84.15108559999999,47013.0,414.1358365543898,0.6060606060606061,164,160,1,0,159,152,39583,5,0,0,5,8
2020-07-30,US,Tennessee,Cannon,107,0,0,35.80990797,-86.05738983,47015.0,728.9821501566971,0.0,107,105,0,0,105,102,14462,2,0,0,2,3
2020-07-30,US,Tennessee,Carroll,181,3,0,35.97366108,-88.45189331,47017.0,651.8529189325458,1.6574585635359116,178,154,2,0,152,151,28020,27,1,0,26,3
2020-07-30,US,Tennessee,Carter,354,4,0,36.28969086,-82.12588974,47019.0,627.7597488961004,1.1299435028248588,350,333,4,0,329,322,56351,21,0,0,21,11
2020-07-30,US,Tennessee,Cheatham,494,4,0,36.26136216,-87.08903581,47021.0,1214.7441414414634,0.8097165991902834,490,466,4,0,462,459,40439,28,0,0,28,7
2020-07-30,US,Tennessee,Chester,171,1,0,35.42527478,-88.6095842,47023.0,988.6107417471236,0.5847953216374269,170,169,0,0,169,165,17276,2,1,0,1,4
2020-07-30,US,Tennessee,Claiborne,195,0,0,36.48319149,-83.65947309,47025.0,610.1567633530461,0.0,195,178,0,0,178,169,31756,17,0,0,17,9
2020-07-30,US,Tennessee,Clay,53,0,0,36.55151008,-85.53930419,47027.0,695.994747209455,0.0,53,52,0,0,52,48,7717,1,0,0,1,4
2020-07-30,US,Tennessee,Cocke,348,1,0,35.9278914,-83.11828725,47029.0,966.5592711920897,0.28735632183908044,347,342,1,0,341,325,35774,6,0,0,6,17
2020-07-30,US,Tennessee,Coffee,353,0,0,35.49090731,-86.07311784,47031.0,624.5576786978061,0.0,353,333,0,0,333,318,55700,20,0,0,20,15
2020-07-30,US,Tennessee,Crockett,199,3,0,35.81830662,-89.14916269,47033.0,1398.453970484891,1.5075376884422111,196,179,3,0,176,172,14328,20,0,0,20,7
2020-07-30,US,Tennessee,Cumberland,356,6,0,35.95271721,-84.99840585,47035.0,588.2352941176471,1.6853932584269662,350,346,6,0,340,337,59673,10,0,0,10,9
2020-07-30,US,Tennessee,Davidson,18676,195,0,36.17007426,-86.78646056,47037.0,2690.5080213903743,1.044120796744485,18481,18545,194,0,18351,18377,692587,131,1,0,130,168
2020-07-30,US,Tennessee,DeKalb,289,1,0,35.97616272,-85.83689361,47041.0,1410.4441190824793,0.3460207612456747,288,269,1,0,268,265,20138,20,0,0,20,4
2020-07-30,US,Tennessee,Decatur,133,1,0,35.60048904,-88.11043779,47039.0,1140.3583983537685,0.7518796992481203,132,120,0,0,120,117,11706,13,1,0,12,3
2020-07-30,US,Tennessee,Dickson,550,1,0,36.14669837,-87.35891709,47043.0,1019.500259509157,0.18181818181818185,549,534,1,0,533,510,53446,16,0,0,16,24
2020-07-30,US,Tennessee,Dyer,487,5,0,36.05931946,-89.41542855,47045.0,1310.5842460776664,1.026694045174538,482,459,5,0,454,457,37320,28,0,0,28,2
2020-07-30,US,Tennessee,Fayette,584,8,0,35.19615831,-89.41399032,47047.0,1419.7846011718084,1.3698630136986298,576,574,8,0,566,567,40507,10,0,0,10,7
2020-07-30,US,Tennessee,Fentress,66,0,0,36.38128818,-84.92870012,47049.0,356.31377206715973,0.0,66,63,0,0,63,61,18217,3,0,0,3,2
2020-07-30,US,Tennessee,Franklin,242,4,0,35.15634626,-86.09201039,47051.0,573.3510235026538,1.6528925619834711,238,232,3,0,229,218,41890,10,1,0,9,14
2020-07-30,US,Tennessee,Gibson,500,1,0,35.99438059,-88.93358327,47053.0,1017.6459813160196,0.2,499,474,1,0,473,465,49045,26,0,0,26,9
2020-07-30,US,Tennessee,Giles,308,8,0,35.20222469,-87.03992678,47055.0,1045.3434699972847,2.5974025974025974,300,304,8,0,296,299,29503,4,0,0,4,5
2020-07-30,US,Tennessee,Grainger,147,0,0,36.27469206,-83.51254721,47057.0,630.360205831904,0.0,147,140,0,0,140,131,23145,7,0,0,7,9
2020-07-30,US,Tennessee,Greene,324,5,0,36.17470125,-82.84691273,47059.0,469.0961212700344,1.5432098765432098,319,316,5,0,311,300,69087,8,0,0,8,16
2020-07-30,US,Tennessee,Grundy,94,2,0,35.38433717,-85.72142731,47061.0,700.0819244805243,2.127659574468085,92,89,2,0,87,89,13346,5,0,0,5,0
2020-07-30,US,Tennessee,Hamblen,1125,13,0,36.21990035,-83.26586179,47063.0,1732.5284134659807,1.1555555555555554,1112,1101,10,0,1091,1061,64569,24,3,0,21,40
2020-07-30,US,Tennessee,Hamilton,5395,45,0,35.17670231,-85.16652245,47065.0,1466.8138465052039,0.8341056533827618,5350,5344,45,0,5299,5253,364286,51,0,0,51,91
2020-07-30,US,Tennessee,Hancock,69,2,0,36.52692871,-83.22375847,47067.0,1042.296072507553,2.898550724637681,67,70,2,0,68,69,6549,-1,0,0,-1,1
2020-07-30,US,Tennessee,Hardeman,747,11,0,35.20772017,-88.99161161,47069.0,2982.0359281437127,1.4725568942436411,736,732,11,0,721,726,25220,15,0,0,15,6
2020-07-30,US,Tennessee,Hardin,363,7,0,35.19732531,-88.18593755,47071.0,1415.0943396226417,1.9283746556473829,356,350,7,0,343,344,25776,13,0,0,13,6
2020-07-30,US,Tennessee,Hawkins,267,3,0,36.44355426,-82.94885298,47073.0,470.18631352798224,1.1235955056179776,264,254,3,0,251,242,56530,13,0,0,13,12
2020-07-30,US,Tennessee,Haywood,342,5,0,35.58332824,-89.28536625,47075.0,1976.4216366158114,1.4619883040935673,337,319,5,0,314,319,17335,23,0,0,23,0
2020-07-30,US,Tennessee,Henderson,392,0,0,35.65581134,-88.38600175,47077.0,1394.1743429242097,0.0,392,373,0,0,373,349,27847,19,0,0,19,24
2020-07-30,US,Tennessee,Henry,160,0,0,36.33160906,-88.30121797,47079.0,494.6668727778637,0.0,160,151,0,0,151,121,32358,9,0,0,9,30
2020-07-30,US,Tennessee,Hickman,203,0,0,35.80609681,-87.47643507,47081.0,806.2594328381921,0.0,203,198,0,0,198,185,25063,5,0,0,5,13
2020-07-30,US,Tennessee,Houston,50,0,0,36.28872054,-87.71878828,47083.0,609.6817461285209,0.0,50,48,0,0,48,42,8263,2,0,0,2,6
2020-07-30,US,Tennessee,Humphreys,92,3,0,36.03958805,-87.77992872,47085.0,495.1027876439565,3.260869565217391,89,87,3,0,84,83,18486,5,0,0,5,4
2020-07-30,US,Tennessee,Jackson,103,0,0,36.36380466,-85.67239905,47087.0,873.9182080434413,0.0,103,103,0,0,103,99,11758,0,0,0,0,4
2020-07-30,US,Tennessee,Jefferson,451,2,0,36.04818632,-83.45148924,47089.0,827.5988622809433,0.4434589800443459,449,441,2,0,439,420,54012,10,0,0,10,21
2020-07-30,US,Tennessee,Johnson,92,0,0,36.45523950000001,-81.84886538,47091.0,517.2026085001124,0.0,92,81,0,0,81,72,17778,11,0,0,11,9
2020-07-30,US,Tennessee,Knox,3575,28,0,35.99508821,-83.94635435,47093.0,760.1320822516069,0.7832167832167832,3547,3444,27,0,3417,3337,465289,131,1,0,130,107
2020-07-30,US,Tennessee,Lake,726,0,0,36.34180170000001,-89.48921915,47095.0,10347.776510832384,0.0,726,722,0,0,722,721,7411,4,0,0,4,1
2020-07-30,US,Tennessee,Lauderdale,389,6,0,35.75893438,-89.63015909999999,47097.0,1517.5750009753049,1.5424164524421593,383,371,6,0,365,364,25825,18,0,0,18,7
2020-07-30,US,Tennessee,Lawrence,421,6,0,35.21675201,-87.39787695,47099.0,953.7402020751213,1.4251781472684086,415,408,6,0,402,404,43734,13,0,0,13,4
2020-07-30,US,Tennessee,Lewis,41,1,0,35.52853208,-87.49022694,47101.0,334.20280404303884,2.4390243902439024,40,39,1,0,38,37,12086,2,0,0,2,2
2020-07-30,US,Tennessee,Lincoln,226,1,0,35.13738622,-86.58910106,47103.0,657.6267240877612,0.4424778761061947,225,218,1,0,217,208,34117,8,0,0,8,10
2020-07-30,US,Tennessee,Loudon,590,3,0,35.73939663,-84.31145275,47105.0,1091.2184656358659,0.5084745762711864,587,575,3,0,572,560,53054,15,0,0,15,15
2020-07-30,US,Tennessee,Macon,803,13,0,36.53157855,-86.00778595,47111.0,3263.962279489473,1.6189290161892902,790,794,13,0,781,789,24265,9,0,0,9,5
2020-07-30,US,Tennessee,Madison,739,11,0,35.61181957,-88.84076036,47113.0,754.2047681254083,1.4884979702300405,728,700,11,0,689,677,97605,39,0,0,39,23
2020-07-30,US,Tennessee,Marion,190,4,0,35.12997174,-85.62265895,47115.0,657.2802435396271,2.1052631578947367,186,183,4,0,179,184,28575,7,0,0,7,-1
2020-07-30,US,Tennessee,Marshall,242,2,0,35.45798777,-86.76420988,47117.0,704.0,0.8264462809917356,240,234,2,0,232,221,33683,8,0,0,8,13
2020-07-30,US,Tennessee,Maury,971,5,0,35.6187413,-87.07462444,47119.0,1007.3972631163954,0.5149330587023687,966,953,5,0,948,933,94340,18,0,0,18,20
2020-07-30,US,Tennessee,McMinn,452,20,0,35.42812616,-84.61520715,47107.0,840.2424062163068,4.424778761061948,432,442,20,0,422,438,53285,10,0,0,10,4
2020-07-30,US,Tennessee,McNairy,283,5,0,35.17468549,-88.5647812,47109.0,1101.42445707169,1.7667844522968197,278,268,4,0,264,259,25832,15,1,0,14,9
2020-07-30,US,Tennessee,Meigs,87,0,0,35.51558739,-84.81482914,47121.0,700.3703107390114,0.0,87,84,0,0,84,83,12306,3,0,0,3,1
2020-07-30,US,Tennessee,Monroe,305,9,0,35.44550387,-84.24902965,47123.0,655.2798367171555,2.950819672131148,296,297,9,0,288,289,46357,8,0,0,8,8
2020-07-30,US,Tennessee,Montgomery,1568,11,0,36.49609412,-87.38550661,47125.0,750.2643629212462,0.7015306122448979,1557,1524,10,0,1514,1482,205950,44,1,0,43,42
2020-07-30,US,Tennessee,Moore,41,0,0,35.27724699,-86.36230578,47127.0,631.9358816276202,0.0,41,37,0,0,37,36,6411,4,0,0,4,1
2020-07-30,US,Tennessee,Morgan,65,1,0,36.13248031,-84.64880098,47129.0,303.69574358734764,1.5384615384615383,64,64,1,0,63,62,21579,1,0,0,1,2
2020-07-30,US,Tennessee,Obion,352,4,0,36.35732446,-89.14921589,47131.0,1170.6408593568124,1.1363636363636365,348,330,4,0,326,316,30267,22,0,0,22,14
2020-07-30,US,Tennessee,Out of TN,2705,12,0,0.0,0.0,80047.0,0.0,0.4436229205175601,2693,2688,12,0,2676,2741,,17,0,0,17,-53
2020-07-30,US,Tennessee,Overton,123,1,0,36.34117832,-85.28989535,47133.0,553.0326873791647,0.8130081300813008,122,118,1,0,117,116,22068,5,0,0,5,2
2020-07-30,US,Tennessee,Perry,68,0,0,35.63708728,-87.86139634,47135.0,842.0009905894008,0.0,68,64,0,0,64,61,8064,4,0,0,4,3
2020-07-30,US,Tennessee,Pickett,19,1,0,36.55606529,-85.07763299999998,47137.0,376.3866877971474,5.2631578947368425,18,22,1,0,21,22,5082,-3,0,0,-3,0
2020-07-30,US,Tennessee,Polk,134,1,0,35.12245443,-84.52075859,47139.0,796.1026615969583,0.746268656716418,133,123,0,0,123,116,16898,11,1,0,10,7
2020-07-30,US,Tennessee,Putnam,1502,13,0,36.14005459,-85.50646123,47141.0,1871.7677113838868,0.8655126498002663,1489,1465,13,0,1452,1458,78843,37,0,0,37,7
2020-07-30,US,Tennessee,Rhea,466,1,0,35.60536161,-84.93076643,47143.0,1405.0110049145237,0.2145922746781116,465,454,1,0,453,452,33044,12,0,0,12,2
2020-07-30,US,Tennessee,Roane,302,1,0,35.84923189,-84.52458689,47145.0,565.7337679367578,0.3311258278145696,301,294,1,0,293,273,53140,8,0,0,8,21
2020-07-30,US,Tennessee,Robertson,1374,16,0,36.52454807,-86.87346725,47147.0,1913.3026053778565,1.1644832605531297,1358,1344,16,0,1328,1315,71012,30,0,0,30,29
2020-07-30,US,Tennessee,Rutherford,5753,49,0,35.84591405,-86.4107263,47149.0,1731.3450802774726,0.851729532417869,5704,5682,49,0,5633,5579,324890,71,0,0,71,103
2020-07-30,US,Tennessee,Scott,80,0,0,36.42325673,-84.50360494,47151.0,362.515860068878,0.0,80,68,0,0,68,67,22039,12,0,0,12,1
2020-07-30,US,Tennessee,Sequatchie,89,0,0,35.36979721,-85.41022136,47153.0,592.3066684413683,0.0,89,88,0,0,88,86,14876,1,0,0,1,2
2020-07-30,US,Tennessee,Sevier,1572,5,0,35.78077323,-83.52244332,47155.0,1600.0,0.31806615776081426,1567,1541,5,0,1536,1497,97892,31,0,0,31,44
2020-07-30,US,Tennessee,Shelby,20082,275,0,35.1864775,-89.89692423,47157.0,2142.8434236837447,1.3693855193705806,19807,19522,273,0,19249,19245,935764,560,2,0,558,277
2020-07-30,US,Tennessee,Smith,332,2,0,36.25359775,-85.95411046,47159.0,1647.070496601677,0.6024096385542169,330,322,2,0,320,310,19942,10,0,0,10,12
2020-07-30,US,Tennessee,Stewart,63,0,0,36.50235092,-87.83920548,47161.0,459.3510754648195,0.0,63,63,0,0,63,60,13561,0,0,0,0,3
2020-07-30,US,Tennessee,Sullivan,684,7,0,36.51240691,-82.30412917,47163.0,431.9599868643747,1.023391812865497,677,650,7,0,643,630,157668,34,0,0,34,20
2020-07-30,US,Tennessee,Sumner,3044,68,0,36.46824103,-86.45917204,47165.0,1591.3593994238904,2.2339027595269383,2976,3014,68,0,2946,2962,187149,30,0,0,30,52
2020-07-30,US,Tennessee,Tipton,1040,9,0,35.501942,-89.73694895,47167.0,1688.3390964139028,0.8653846153846154,1031,1026,9,0,1017,1000,61581,14,0,0,14,26
2020-07-30,US,Tennessee,Trousdale,1567,6,0,36.39026213,-86.16087954,47169.0,13886.919532080825,0.3828972559029994,1561,1565,6,0,1559,1565,11012,2,0,0,2,0
2020-07-30,US,Tennessee,Unassigned,2853,4,0,0.0,0.0,90047.0,0.0,0.14020329477742727,2849,2931,5,0,2926,2925,,-78,-1,0,-77,6
2020-07-30,US,Tennessee,Unicoi,122,0,0,36.10890856,-82.43709629,47171.0,682.212156796958,0.0,122,120,0,0,120,110,17761,2,0,0,2,10
2020-07-30,US,Tennessee,Union,105,0,0,36.28590426,-83.83651902,47173.0,525.7360304426197,0.0,105,102,0,0,102,93,19688,3,0,0,3,9
2020-07-30,US,Tennessee,Van Buren,28,0,0,35.69864497,-85.45221699,47175.0,476.8392370572207,0.0,28,29,0,0,29,28,5765,-1,0,0,-1,1
2020-07-30,US,Tennessee,Warren,349,3,0,35.6728299,-85.77969117,47177.0,845.507183177072,0.8595988538681948,346,339,3,0,336,332,40878,10,0,0,10,7
2020-07-30,US,Tennessee,Washington,870,2,0,36.29472368,-82.49454720000001,47179.0,672.463768115942,0.2298850574712644,868,840,2,0,838,786,128607,30,0,0,30,54
2020-07-30,US,Tennessee,Wayne,197,1,0,35.23868267,-87.78644456,47181.0,1181.551010615966,0.5076142131979695,196,191,1,0,190,186,16558,6,0,0,6,5
2020-07-30,US,Tennessee,Weakley,196,2,0,36.29896232,-88.71990865,47183.0,588.0940950552089,1.020408163265306,194,182,2,0,180,177,33415,14,0,0,14,5
2020-07-30,US,Tennessee,White,181,3,0,35.92929884,-85.45591799,47185.0,661.9125982812212,1.6574585635359116,178,175,3,0,172,172,27107,6,0,0,6,3
2020-07-30,US,Tennessee,Williamson,3056,22,0,35.89099229,-86.89281867,47187.0,1281.8146737580325,0.7198952879581152,3034,3021,22,0,2999,2986,231729,35,0,0,35,35
2020-07-30,US,Tennessee,Wilson,1973,20,0,36.15496772,-86.29775884,47189.0,1363.916022038339,1.0136847440446022,1953,1941,20,0,1921,1902,140625,32,0,0,32,39
2020-07-30,US,Texas,Anderson,2174,7,0,31.81534745,-95.65354823,48001.0,3765.4802113102974,0.3219871205151794,2167,2172,8,0,2164,2162,58057,2,-1,0,3,10
2020-07-30,US,Texas,Andrews,253,6,0,32.30468633,-102.6376548,48003.0,1352.579524191393,2.3715415019762847,247,238,6,0,232,232,18128,15,0,0,15,6
2020-07-30,US,Texas,Angelina,1606,32,0,31.25457347,-94.60901487,48005.0,1852.0440523554169,1.99252801992528,1574,1566,31,0,1535,1487,87092,40,1,0,39,79
2020-07-30,US,Texas,Aransas,149,12,0,28.10556197,-96.9995047,48007.0,633.7728626116548,8.053691275167786,137,136,10,0,126,135,23792,13,2,0,11,1
2020-07-30,US,Texas,Archer,17,0,0,33.61569967,-98.68754589,48009.0,198.7606687711914,0.0,17,15,0,0,15,15,8786,2,0,0,2,0
2020-07-30,US,Texas,Armstrong,5,0,0,34.96507426,-101.3574874,48011.0,264.9708532061473,0.0,5,5,0,0,5,5,1892,0,0,0,0,0
2020-07-30,US,Texas,Atascosa,405,13,0,28.89333001,-98.52730485,48013.0,791.7424197994252,3.2098765432098766,392,396,13,0,383,396,50310,9,0,0,9,0
2020-07-30,US,Texas,Austin,211,3,0,29.88548725,-96.27736949,48015.0,702.5839104954715,1.4218009478672986,208,209,5,0,204,202,29989,2,-2,0,4,7
2020-07-30,US,Texas,Bailey,151,3,0,34.06854817,-102.8299707,48017.0,2157.1428571428573,1.9867549668874167,148,148,3,0,145,141,7027,3,0,0,3,7
2020-07-30,US,Texas,Bandera,83,1,0,29.74619598,-99.24598147,48019.0,359.1208030460366,1.2048192771084338,82,79,1,0,78,78,22824,4,0,0,4,1
2020-07-30,US,Texas,Bastrop,1277,18,0,30.10370699,-97.31206354,48021.0,1439.3111143671874,1.4095536413469067,1259,1273,17,0,1256,1269,86976,4,1,0,3,4
2020-07-30,US,Texas,Baylor,5,0,0,33.61640794,-99.21352901,48023.0,142.4907381020234,0.0,5,5,0,0,5,5,3582,0,0,0,0,0
2020-07-30,US,Texas,Bee,482,7,0,28.41761668,-97.74215593,48025.0,1480.116689697528,1.4522821576763485,475,461,7,0,454,417,32587,21,0,0,21,44
2020-07-30,US,Texas,Bell,3375,29,0,31.03736027,-97.4785025,48027.0,929.9467657140336,0.8592592592592593,3346,3231,28,0,3203,3142,355642,144,1,0,143,89
2020-07-30,US,Texas,Bexar,40253,545,0,29.44928723,-98.52019748,48029.0,2009.079865079753,1.3539363525699948,39708,38930,521,0,38409,36438,1986049,1323,24,0,1299,2492
2020-07-30,US,Texas,Blanco,93,2,0,30.26640707,-98.3999852,48031.0,779.4820216243401,2.150537634408602,91,92,2,0,90,91,11702,1,0,0,1,1
2020-07-30,US,Texas,Bosque,112,2,0,31.89978581,-97.63613524,48035.0,599.4112924805994,1.7857142857142858,110,111,2,0,109,108,18691,1,0,0,1,3
2020-07-30,US,Texas,Bowie,693,26,0,33.44626922,-94.41834132,48037.0,743.2033889216583,3.7518037518037524,667,693,29,0,664,690,94324,0,-3,0,3,3
2020-07-30,US,Texas,Brazoria,6218,62,0,29.18757369,-95.44563172,48039.0,1661.394096146036,0.9971051785139916,6156,6032,60,0,5972,5896,370200,186,2,0,184,136
2020-07-30,US,Texas,Brazos,3813,42,0,30.663644800000004,-96.30205577,48041.0,1663.5327274869007,1.1014948859166012,3771,3781,44,0,3737,3747,226758,32,-2,0,34,34
2020-07-30,US,Texas,Brewster,180,2,0,29.81008251,-103.2520326,48043.0,1955.8839508855808,1.1111111111111112,178,177,2,0,175,177,9267,3,0,0,3,0
2020-07-30,US,Texas,Briscoe,11,1,0,34.53026962,-101.2084947,48045.0,711.5135834411383,9.090909090909092,10,11,1,0,10,11,1516,0,0,0,0,0
2020-07-30,US,Texas,Brooks,81,1,0,27.03103197,-98.21808402,48047.0,1141.9709572818272,1.2345679012345678,80,80,1,0,79,79,7114,1,0,0,1,1
2020-07-30,US,Texas,Brown,348,13,0,31.77430356,-98.99907113,48049.0,919.0788083667863,3.7356321839080464,335,343,13,0,330,331,37924,5,0,0,5,12
2020-07-30,US,Texas,Burleson,228,5,0,30.49273808,-96.62158484,48051.0,1236.2413923982,2.1929824561403506,223,228,5,0,223,226,18389,0,0,0,0,2
2020-07-30,US,Texas,Burnet,536,7,0,30.78801353,-98.181887,48053.0,1113.0723704703562,1.3059701492537314,529,533,11,0,522,524,47542,3,-4,0,7,9
2020-07-30,US,Texas,Caldwell,1056,22,0,29.83668859,-97.61814775,48055.0,2418.4683034078416,2.083333333333333,1034,1053,22,0,1031,1043,43247,3,0,0,3,10
2020-07-30,US,Texas,Calhoun,453,3,0,28.47048236,-96.61633945,48057.0,2127.7595115077497,0.6622516556291391,450,439,4,0,435,432,21561,14,-1,0,15,7
2020-07-30,US,Texas,Callahan,38,3,0,32.29760619,-99.37326312,48059.0,272.5381912070573,7.894736842105262,35,38,3,0,35,38,13994,0,0,0,0,0
2020-07-30,US,Texas,Cameron,9424,304,0,26.14524221,-97.48140372,48061.0,2227.037808125947,3.2258064516129035,9120,8777,294,0,8483,8201,423908,647,10,0,637,576
2020-07-30,US,Texas,Camp,199,4,0,32.97195142,-94.97790104,48063.0,1519.7800519321827,2.010050251256281,195,197,4,0,193,191,13033,2,0,0,2,6
2020-07-30,US,Texas,Carson,13,0,0,35.40365929,-101.3542669,48065.0,219.37225784677693,0.0,13,12,0,0,12,11,6005,1,0,0,1,1
2020-07-30,US,Texas,Cass,143,5,0,33.07499881,-94.34646905,48067.0,476.2539132751616,3.4965034965034967,138,141,5,0,136,140,30119,2,0,0,2,1
2020-07-30,US,Texas,Castro,163,2,0,34.53016752,-102.2617243,48069.0,2164.6746347941566,1.2269938650306749,161,161,2,0,159,160,7665,2,0,0,2,1
2020-07-30,US,Texas,Chambers,870,2,0,29.70972016,-94.67154501,48071.0,1984.6248602778478,0.2298850574712644,868,850,2,0,848,832,42454,20,0,0,20,18
2020-07-30,US,Texas,Cherokee,746,4,0,31.837258,-95.16559897,48073.0,1417.0117387835733,0.5361930294906166,742,717,4,0,713,665,52592,29,0,0,29,52
2020-07-30,US,Texas,Childress,33,0,0,34.529304100000004,-100.2077916,48075.0,451.683547768957,0.0,33,28,0,0,28,27,7291,5,0,0,5,1
2020-07-30,US,Texas,Clay,32,1,0,33.78686685,-98.20771198,48077.0,305.6059593162067,3.125,31,32,1,0,31,26,10456,0,0,0,0,6
2020-07-30,US,Texas,Cochran,20,0,0,33.60425307,-102.8284499,48079.0,701.0164738871364,0.0,20,18,0,0,18,14,2836,2,0,0,2,4
2020-07-30,US,Texas,Coke,37,1,0,31.88911733,-100.5297533,48081.0,1092.4121641570712,2.702702702702702,36,35,1,0,34,35,3370,2,0,0,2,0
2020-07-30,US,Texas,Coleman,11,0,0,31.76736834,-99.45240766,48083.0,134.5565749235474,0.0,11,9,0,0,9,10,8397,2,0,0,2,-1
2020-07-30,US,Texas,Collin,6177,67,0,33.18820114,-96.57264368,48085.0,596.9673248093708,1.0846689331390642,6110,6147,67,0,6080,5938,1005146,30,0,0,30,209
2020-07-30,US,Texas,Collingsworth,7,0,0,34.96489496,-100.2700111,48087.0,239.72602739726028,0.0,7,6,0,0,6,6,2962,1,0,0,1,0
2020-07-30,US,Texas,Colorado,238,2,0,29.622098,-96.5273805,48089.0,1107.3372726003815,0.8403361344537815,236,237,2,0,235,237,21217,1,0,0,1,0
2020-07-30,US,Texas,Comal,1635,58,0,29.80811278,-98.27647225,48091.0,1046.674647427485,3.547400611620795,1577,1602,57,0,1545,1602,148373,33,1,0,32,0
2020-07-30,US,Texas,Comanche,229,3,0,31.94854689,-98.55876441,48093.0,1679.5012834616793,1.310043668122271,226,227,3,0,224,223,13534,2,0,0,2,4
2020-07-30,US,Texas,Concho,23,1,0,31.32635934,-99.86473038,48095.0,843.7270726338958,4.3478260869565215,22,23,1,0,22,23,4276,0,0,0,0,0
2020-07-30,US,Texas,Cooke,189,2,0,33.63979567,-97.21240912,48097.0,458.1040793077538,1.058201058201058,187,189,3,0,186,182,40574,0,-1,0,1,7
2020-07-30,US,Texas,Coryell,589,5,0,31.39078397,-97.79936155,48099.0,775.4999934168084,0.8488964346349746,584,585,5,0,580,575,74808,4,0,0,4,10
2020-07-30,US,Texas,Cottle,11,2,0,34.07783319,-100.2785062,48101.0,786.8383404864093,18.181818181818183,9,9,2,0,7,9,1389,2,0,0,2,0
2020-07-30,US,Texas,Crane,72,2,0,31.43052248,-102.5143314,48103.0,1500.93808630394,2.7777777777777777,70,66,2,0,64,66,4794,6,0,0,6,0
2020-07-30,US,Texas,Crockett,150,2,0,30.72367027,-101.4134238,48105.0,4330.254041570439,1.3333333333333333,148,141,2,0,139,140,3499,9,0,0,9,1
2020-07-30,US,Texas,Crosby,51,1,0,33.61431553,-101.3000364,48107.0,888.9663587240718,1.96078431372549,50,51,2,0,49,51,5779,0,-1,0,1,0
2020-07-30,US,Texas,Culberson,15,2,0,31.44506775,-104.5185739,48109.0,690.9258406264395,13.333333333333336,13,15,2,0,13,15,2204,0,0,0,0,0
2020-07-30,US,Texas,Dallam,177,5,0,36.27787176,-102.6020725,48111.0,2428.9831206257722,2.824858757062147,172,173,5,0,168,173,7200,4,0,0,4,0
2020-07-30,US,Texas,Dallas,49269,664,0,32.76670599,-96.7779605,48113.0,1869.4251903612048,1.3477034240597536,48605,48732,658,0,48074,48028,2637772,537,6,0,531,704
2020-07-30,US,Texas,Dawson,133,4,0,32.74255572,-101.9477242,48115.0,1044.9402891263355,3.0075187969924815,129,128,4,0,124,127,12619,5,0,0,5,1
2020-07-30,US,Texas,DeWitt,522,13,0,29.08101855,-97.3568117,48123.0,2589.285714285714,2.490421455938697,509,522,12,0,510,502,20187,0,1,0,-1,20
2020-07-30,US,Texas,Deaf Smith,565,17,0,34.96522957,-102.6054267,48117.0,3046.479025126713,3.008849557522124,548,538,16,0,522,519,18760,27,1,0,26,19
2020-07-30,US,Texas,Delta,13,0,0,33.38570922,-95.66921122,48119.0,243.8566873006941,0.0,13,13,0,0,13,12,5349,0,0,0,0,1
2020-07-30,US,Texas,Denton,6493,68,0,33.20521901,-97.11691153,48121.0,731.8472464712294,1.0472816879716618,6425,6331,73,0,6258,6208,859064,162,-5,0,167,123
2020-07-30,US,Texas,Dickens,4,1,0,33.61616822,-100.7788855,48125.0,180.91361374943463,25.0,3,4,1,0,3,4,2249,0,0,0,0,0
2020-07-30,US,Texas,Dimmit,121,0,0,28.42270064,-99.75645095,48127.0,1195.1797708415645,0.0,121,119,0,0,119,98,10308,2,0,0,2,21
2020-07-30,US,Texas,Donley,43,0,0,34.96517499,-100.8140093,48129.0,1311.7754728492982,0.0,43,43,0,0,43,42,3319,0,0,0,0,1
2020-07-30,US,Texas,Duval,148,2,0,27.68184592,-98.50864568,48131.0,1326.5214663439992,1.351351351351351,146,146,1,0,145,143,11212,2,1,0,1,3
2020-07-30,US,Texas,Eastland,49,1,0,32.32743996,-98.83243566,48133.0,266.88453159041387,2.0408163265306123,48,45,1,0,44,41,18322,4,0,0,4,4
2020-07-30,US,Texas,Ector,3266,49,0,31.86898877,-102.5429428,48135.0,1964.8303784674804,1.5003061849357011,3217,3138,42,0,3096,3138,162124,128,7,0,121,0
2020-07-30,US,Texas,Edwards,24,0,0,29.98202582,-100.304252,48137.0,1242.2360248447205,0.0,24,22,0,0,22,22,1928,2,0,0,2,0
2020-07-30,US,Texas,El Paso,13939,232,0,31.76980765,-106.2363275,48141.0,1660.9114458592194,1.6643948633330945,13707,13807,232,0,13575,13552,840758,132,0,0,132,255
2020-07-30,US,Texas,Ellis,2407,33,0,32.34894117,-96.79371841,48139.0,1302.3059526257127,1.3710012463647694,2374,2387,33,0,2354,2332,179436,20,0,0,20,55
2020-07-30,US,Texas,Erath,447,5,0,32.23602653,-98.21773417,48143.0,1046.8874420347556,1.1185682326621924,442,430,5,0,425,389,42446,17,0,0,17,41
2020-07-30,US,Texas,Falls,108,2,0,31.25350609,-96.93630086,48145.0,624.3857316297623,1.851851851851852,106,106,1,0,105,106,17335,2,1,0,1,0
2020-07-30,US,Texas,Fannin,211,7,0,33.59564294,-96.10751083,48147.0,594.131891648364,3.3175355450236967,204,206,7,0,199,196,35286,5,0,0,5,10
2020-07-30,US,Texas,Fayette,365,13,0,29.87788372,-96.92076062,48149.0,1440.069438964728,3.5616438356164384,352,363,13,0,350,357,25349,2,0,0,2,6
2020-07-30,US,Texas,Fisher,23,1,0,32.74281316,-100.4019302,48151.0,600.5221932114882,4.3478260869565215,22,23,1,0,22,23,3839,0,0,0,0,0
2020-07-30,US,Texas,Floyd,82,4,0,34.07227468,-101.3031546,48153.0,1435.5742296918768,4.878048780487805,78,76,4,0,72,73,5837,6,0,0,6,3
2020-07-30,US,Texas,Foard,2,0,0,33.97308618,-99.7767797,48155.0,173.16017316017312,0.0,2,2,0,0,2,2,1200,0,0,0,0,0
2020-07-30,US,Texas,Fort Bend,6960,136,0,29.52704478,-95.77219463,48157.0,857.4723292693744,1.9540229885057472,6824,6852,135,0,6717,6772,787858,108,1,0,107,80
2020-07-30,US,Texas,Franklin,84,1,0,33.17653242,-95.21917243,48159.0,783.2167832167833,1.1904761904761905,83,80,1,0,79,79,10766,4,0,0,4,1
2020-07-30,US,Texas,Freestone,137,0,0,31.70422788,-96.15072516,48161.0,694.8318709742862,0.0,137,138,0,0,138,135,19808,-1,0,0,-1,3
2020-07-30,US,Texas,Frio,458,5,0,28.86751206,-99.10804207,48163.0,2255.490987885354,1.091703056768559,453,447,5,0,442,432,19816,11,0,0,11,15
2020-07-30,US,Texas,Gaines,114,0,0,32.74055318,-102.6353295,48165.0,530.429927414852,0.0,114,106,0,0,106,99,20901,8,0,0,8,7
2020-07-30,US,Texas,Galveston,8605,92,0,29.40167322,-94.90469073,48167.0,2515.05966873113,1.0691458454386984,8513,8494,92,0,8402,8367,337890,111,0,0,111,127
2020-07-30,US,Texas,Garza,95,2,0,33.17969345,-101.2984114,48169.0,1525.1244180446301,2.1052631578947367,93,95,1,0,94,94,6578,0,1,0,-1,1
2020-07-30,US,Texas,Gillespie,171,2,0,30.31824095,-98.94676915,48171.0,633.6149399733215,1.1695906432748535,169,165,2,0,163,165,26804,6,0,0,6,0
2020-07-30,US,Texas,Glasscock,6,0,0,31.86942909,-101.5207776,48173.0,425.83392476934,0.0,6,6,0,0,6,6,1388,0,0,0,0,0
2020-07-30,US,Texas,Goliad,77,3,0,28.65696592,-97.42760647,48175.0,1005.4844606946983,3.8961038961038965,74,77,3,0,74,69,7584,0,0,0,0,8
2020-07-30,US,Texas,Gonzales,613,7,0,29.45634206,-97.49424032,48177.0,2941.882228727744,1.1419249592169658,606,606,8,0,598,598,20826,7,-1,0,8,8
2020-07-30,US,Texas,Gray,167,2,0,35.40081878,-100.8129222,48179.0,763.0448688659418,1.1976047904191616,165,160,3,0,157,157,21895,7,-1,0,8,3
2020-07-30,US,Texas,Grayson,972,11,0,33.62744998,-96.67753461,48181.0,713.5935159897806,1.131687242798354,961,963,10,0,953,939,133991,9,1,0,8,24
2020-07-30,US,Texas,Gregg,1270,19,0,32.47940482,-94.81591935,48183.0,1024.6480293678646,1.4960629921259845,1251,1264,20,0,1244,1250,123707,6,-1,0,7,14
2020-07-30,US,Texas,Grimes,832,19,0,30.54579585,-95.98902499,48185.0,2880.8864265927973,2.2836538461538463,813,828,20,0,808,824,28360,4,-1,0,5,4
2020-07-30,US,Texas,Guadalupe,1593,37,0,29.58165339,-97.94786822,48187.0,954.7669421685736,2.3226616446955433,1556,1542,35,0,1507,1542,163694,51,2,0,49,0
2020-07-30,US,Texas,Hale,1162,20,0,34.07044901,-101.8268114,48189.0,3478.417050829192,1.721170395869191,1142,1162,21,0,1141,1103,33830,0,-1,0,1,59
2020-07-30,US,Texas,Hall,8,1,0,34.5307555,-100.6813852,48191.0,269.9055330634278,12.5,7,7,1,0,6,7,3028,1,0,0,1,0
2020-07-30,US,Texas,Hamilton,54,1,0,31.70470573,-98.11083887,48193.0,638.2224323366032,1.851851851851852,53,54,1,0,53,54,8484,0,0,0,0,0
2020-07-30,US,Texas,Hansford,59,2,0,36.27743284,-101.3545796,48195.0,1092.7949620300055,3.3898305084745757,57,59,2,0,57,49,5463,0,0,0,0,10
2020-07-30,US,Texas,Hardeman,14,0,0,34.28944521,-99.74632408,48197.0,355.9623696923468,0.0,14,14,0,0,14,13,3922,0,0,0,0,1
2020-07-30,US,Texas,Hardin,800,10,0,30.33364686,-94.38931817,48199.0,1388.8406652546787,1.25,790,786,8,0,778,734,57207,14,2,0,12,52
2020-07-30,US,Texas,Harris,70847,707,0,29.86,-95.39,48201.0,1503.1214694509713,0.9979251062148008,70140,69123,686,0,68437,67655,4698619,1724,21,0,1703,1468
2020-07-30,US,Texas,Harrison,604,22,0,32.54935988,-94.36934071,48203.0,907.5473682628882,3.6423841059602653,582,596,22,0,574,589,66726,8,0,0,8,7
2020-07-30,US,Texas,Hartley,82,2,0,35.84008013,-102.6029022,48205.0,1470.588235294117,2.4390243902439024,80,81,2,0,79,81,5619,1,0,0,1,0
2020-07-30,US,Texas,Haskell,33,0,0,33.17823584,-99.73037358,48207.0,583.2449628844115,0.0,33,30,0,0,30,30,5813,3,0,0,3,0
2020-07-30,US,Texas,Hays,4297,29,0,30.05669873,-98.02944344,48209.0,1866.710688080768,0.6748894577612288,4268,4276,28,0,4248,4245,222631,21,1,0,20,31
2020-07-30,US,Texas,Hemphill,40,0,0,35.83764858,-100.2703577,48211.0,1047.3946059177797,0.0,40,38,0,0,38,36,3825,2,0,0,2,2
2020-07-30,US,Texas,Henderson,542,8,0,32.21128872,-95.85846587,48213.0,655.0878083565997,1.4760147601476017,534,526,8,0,518,518,82299,16,0,0,16,8
2020-07-30,US,Texas,Hidalgo,16375,616,0,26.39418217,-98.18299696,48215.0,1884.9853863270355,3.7618320610687017,15759,16088,467,0,15621,15759,865939,287,149,0,138,329
2020-07-30,US,Texas,Hill,301,1,0,31.99045053,-97.13423143,48217.0,821.3048104996042,0.3322259136212625,300,300,1,0,299,296,36354,1,0,0,1,4
2020-07-30,US,Texas,Hockley,177,4,0,33.60771256,-102.3431676,48219.0,768.86321185005,2.2598870056497176,173,171,4,0,167,167,22980,6,0,0,6,4
2020-07-30,US,Texas,Hood,402,7,0,32.42990927,-97.83242024,48221.0,652.1421734827961,1.7412935323383083,395,380,6,0,374,355,60537,22,1,0,21,25
2020-07-30,US,Texas,Hopkins,159,1,0,33.14875072,-95.56351139,48223.0,428.7563369647288,0.6289308176100629,158,157,1,0,156,156,36810,2,0,0,2,1
2020-07-30,US,Texas,Houston,240,4,0,31.31925973,-95.42226208,48225.0,1044.932079414838,1.6666666666666667,236,238,4,0,234,235,23169,2,0,0,2,3
2020-07-30,US,Texas,Howard,149,3,0,32.30621324,-101.4356444,48227.0,406.39319223216233,2.0134228187919465,146,132,3,0,129,130,36459,17,0,0,17,2
2020-07-30,US,Texas,Hudspeth,19,2,0,31.45628381,-105.388178,48229.0,388.8661481784692,10.526315789473683,17,19,2,0,17,19,4795,0,0,0,0,0
2020-07-30,US,Texas,Hunt,1010,20,0,33.12351514,-96.08551032,48231.0,1024.40310769418,1.98019801980198,990,1010,19,0,991,985,96493,0,1,0,-1,25
2020-07-30,US,Texas,Hutchinson,110,2,0,35.84006574,-101.3546643,48233.0,525.360588403859,1.818181818181818,108,109,2,0,107,108,21198,1,0,0,1,1
2020-07-30,US,Texas,Irion,8,0,0,31.30375559,-100.982439,48235.0,520.8333333333334,0.0,8,7,0,0,7,7,1522,1,0,0,1,0
2020-07-30,US,Texas,Jack,28,0,0,33.23377248,-98.17283469,48237.0,313.3743704532736,0.0,28,26,0,0,26,26,8843,2,0,0,2,0
2020-07-30,US,Texas,Jackson,319,4,0,28.95472367,-96.57749563,48239.0,2161.246612466125,1.2539184952978055,315,272,3,0,269,251,14874,47,1,0,46,21
2020-07-30,US,Texas,Jasper,286,5,0,30.74685667,-94.02667579,48241.0,804.9762166117821,1.7482517482517483,281,281,6,0,275,268,35872,5,-1,0,6,13
2020-07-30,US,Texas,Jeff Davis,8,0,0,30.71490589,-104.1399973,48243.0,351.8029903254178,0.0,8,8,0,0,8,8,2252,0,0,0,0,0
2020-07-30,US,Texas,Jefferson,5369,64,0,29.8832777,-94.16434171,48245.0,2134.239659730089,1.1920283106723786,5305,5321,61,0,5260,5220,255001,48,3,0,45,101
2020-07-30,US,Texas,Jim Hogg,50,1,0,27.04453923,-98.6968187,48247.0,961.5384615384617,2.0,49,49,1,0,48,49,5248,1,0,0,1,0
2020-07-30,US,Texas,Jim Wells,573,5,0,27.73103938,-98.0904705,48249.0,1415.443900993034,0.8726003490401396,568,560,6,0,554,545,40822,13,-1,0,14,15
2020-07-30,US,Texas,Johnson,1432,22,0,32.37877812,-97.36615819,48251.0,814.4832410972772,1.5363128491620113,1410,1403,21,0,1382,1354,171361,29,1,0,28,49
2020-07-30,US,Texas,Jones,621,0,0,32.73997145,-99.87861576,48253.0,3092.1675048548523,0.0,621,621,0,0,621,621,19817,0,0,0,0,0
2020-07-30,US,Texas,Karnes,266,3,0,28.90705334,-97.85960149,48255.0,1705.018909044292,1.1278195488721805,263,239,3,0,236,239,15650,27,0,0,27,0
2020-07-30,US,Texas,Kaufman,1681,19,0,32.599141700000004,-96.28734728,48257.0,1234.6313732978833,1.1302795954788816,1662,1617,17,0,1600,1563,128622,64,2,0,62,54
2020-07-30,US,Texas,Kendall,145,1,0,29.94414155,-98.7113588,48259.0,305.70723788239764,0.6896551724137931,144,139,1,0,138,139,45641,6,0,0,6,0
2020-07-30,US,Texas,Kenedy,5,1,0,26.92601662,-97.66413984,48261.0,1237.6237623762374,20.0,4,5,1,0,4,4,442,0,0,0,0,1
2020-07-30,US,Texas,Kent,2,0,0,33.18104136,-100.7780939,48263.0,262.46719160104993,0.0,2,2,0,0,2,2,726,0,0,0,0,0
2020-07-30,US,Texas,Kerr,348,5,0,30.06040006,-99.34930144,48265.0,661.5969581749049,1.4367816091954022,343,336,4,0,332,336,52405,12,1,0,11,0
2020-07-30,US,Texas,Kimble,13,0,0,30.48678918,-99.74856473,48267.0,299.7463684574591,0.0,13,13,0,0,13,13,4362,0,0,0,0,0
2020-07-30,US,Texas,Kinney,17,0,0,29.34967888,-100.4186638,48271.0,463.5942187073902,0.0,17,16,0,0,16,14,3767,1,0,0,1,2
2020-07-30,US,Texas,Kleberg,328,4,0,27.42435506,-97.69894948,48273.0,1069.1003911342893,1.2195121951219512,324,315,2,0,313,311,31129,13,2,0,11,4
2020-07-30,US,Texas,Knox,44,0,0,33.60519951,-99.7422906,48275.0,1200.8733624454148,0.0,44,44,0,0,44,44,3653,0,0,0,0,0
2020-07-30,US,Texas,La Salle,357,1,0,28.34453111,-99.09908775,48283.0,4747.340425531916,0.2801120448179272,356,350,1,0,349,348,7531,7,0,0,7,2
2020-07-30,US,Texas,Lamar,605,16,0,33.66981763,-95.57404777,48277.0,1213.4218496159172,2.6446280991735542,589,592,16,0,576,570,49728,13,0,0,13,22
2020-07-30,US,Texas,Lamb,196,5,0,34.06859623,-102.3516289,48279.0,1520.2047622741022,2.5510204081632653,191,194,4,0,190,188,13158,2,1,0,1,6
2020-07-30,US,Texas,Lampasas,83,1,0,31.19531316,-98.24206613,48281.0,387.3436624976666,1.2048192771084338,82,82,1,0,81,80,21229,1,0,0,1,2
2020-07-30,US,Texas,Lavaca,593,13,0,29.38508402,-96.93186692,48285.0,2942.3439515728887,2.1922428330522767,580,582,11,0,571,569,20110,11,2,0,9,13
2020-07-30,US,Texas,Lee,148,8,0,30.31120597,-96.97045773,48287.0,858.5184755496257,5.405405405405406,140,146,10,0,136,144,17144,2,-2,0,4,2
2020-07-30,US,Texas,Leon,137,1,0,31.29872538,-95.9936328,48289.0,787.1753619857504,0.7299270072992701,136,135,1,0,134,130,17270,2,0,0,2,5
2020-07-30,US,Texas,Liberty,815,24,0,30.15152688,-94.81205615,48291.0,923.8372686156044,2.9447852760736195,791,813,26,0,787,808,86323,2,-2,0,4,5
2020-07-30,US,Texas,Limestone,169,3,0,31.5454767,-96.58095444,48293.0,721.0820497503947,1.7751479289940828,166,163,3,0,160,160,23519,6,0,0,6,3
2020-07-30,US,Texas,Lipscomb,15,0,0,36.27783108,-100.2733151,48295.0,463.96535725332507,0.0,15,15,0,0,15,15,3355,0,0,0,0,0
2020-07-30,US,Texas,Live Oak,207,1,0,28.35101362,-98.1246786,48297.0,1695.7483411157532,0.4830917874396135,206,126,1,0,125,115,12166,81,0,0,81,11
2020-07-30,US,Texas,Llano,85,0,0,30.70645047,-98.68475262,48299.0,389.99770589584773,0.0,85,85,0,0,85,84,21646,0,0,0,0,1
2020-07-30,US,Texas,Lubbock,5328,63,0,33.61008596,-101.8204789,48303.0,1715.5607932536734,1.1824324324324325,5265,5254,69,0,5185,5150,307412,74,-6,0,80,104
2020-07-30,US,Texas,Lynn,63,4,0,33.17657705,-101.8162849,48305.0,1058.645605780541,6.349206349206349,59,62,4,0,58,62,5877,1,0,0,1,0
2020-07-30,US,Texas,Madison,637,0,0,30.96694679,-95.93003775,48313.0,4459.535144217306,0.0,637,633,0,0,633,631,14422,4,0,0,4,2
2020-07-30,US,Texas,Marion,122,7,0,32.79868409,-94.3566123,48315.0,1238.0759082606046,5.737704918032787,115,122,7,0,115,119,9928,0,0,0,0,3
2020-07-30,US,Texas,Martin,44,2,0,32.30600051,-101.9513518,48317.0,762.4328539247964,4.545454545454546,42,44,2,0,42,44,5753,0,0,0,0,0
2020-07-30,US,Texas,Mason,39,0,0,30.71780434,-99.22629416,48319.0,912.4941506785212,0.0,39,39,0,0,39,38,4280,0,0,0,0,1
2020-07-30,US,Texas,Matagorda,644,20,0,28.81955746,-96.01230294,48321.0,1757.4980214502089,3.1055900621118013,624,641,20,0,621,610,36552,3,0,0,3,31
2020-07-30,US,Texas,Maverick,1852,36,0,28.7429195,-100.3157686,48323.0,3153.84353393958,1.9438444924406049,1816,1802,34,0,1768,1730,58485,50,2,0,48,72
2020-07-30,US,Texas,McCulloch,35,1,0,31.1925468,-99.34682807,48307.0,438.37675350701403,2.8571428571428568,34,34,1,0,33,34,7987,1,0,0,1,0
2020-07-30,US,Texas,McLennan,4192,39,0,31.55255453,-97.20217694,48309.0,1633.524664585793,0.9303435114503816,4153,4108,37,0,4071,4042,254607,84,2,0,82,66
2020-07-30,US,Texas,McMullen,7,0,0,28.35251708,-98.56769164,48311.0,942.1265141318976,0.0,7,7,0,0,7,7,749,0,0,0,0,0
2020-07-30,US,Texas,Medina,582,20,0,29.3557301,-99.11030298,48325.0,1128.25682382134,3.436426116838488,562,571,19,0,552,562,50921,11,1,0,10,9
2020-07-30,US,Texas,Menard,16,0,0,30.88990665,-99.8204794,48327.0,748.3629560336763,0.0,16,16,0,0,16,16,2139,0,0,0,0,0
2020-07-30,US,Texas,Midland,2115,40,0,31.86904128,-102.0315682,48329.0,1196.0504885993485,1.8912529550827424,2075,2069,40,0,2029,1989,172578,46,0,0,46,80
2020-07-30,US,Texas,Milam,297,3,0,30.78581830000001,-96.97718698,48331.0,1196.4710147846754,1.0101010101010102,294,293,4,0,289,286,25131,4,-1,0,5,7
2020-07-30,US,Texas,Mills,14,0,0,31.49557106,-98.59272068,48333.0,287.2973527601067,0.0,14,14,0,0,14,14,4921,0,0,0,0,0
2020-07-30,US,Texas,Mitchell,47,0,0,32.30623474,-100.9212058,48335.0,550.0292568753657,0.0,47,42,0,0,42,42,8145,5,0,0,5,0
2020-07-30,US,Texas,Montague,49,1,0,33.67521893,-97.72500958,48337.0,247.2499747704108,2.0408163265306123,48,47,1,0,46,46,19596,2,0,0,2,1
2020-07-30,US,Texas,Montgomery,6077,69,0,30.30079133,-95.50572772,48339.0,1000.5087332541972,1.1354286654599308,6008,5990,65,0,5925,5852,590925,87,4,0,83,138
2020-07-30,US,Texas,Moore,1008,12,0,35.83769242,-101.8930281,48341.0,4813.753581661891,1.1904761904761905,996,1000,13,0,987,986,21485,8,-1,0,9,14
2020-07-30,US,Texas,Morris,85,1,0,33.11304005,-94.73255695,48343.0,686.1478850500482,1.1764705882352942,84,84,1,0,83,81,12339,1,0,0,1,3
2020-07-30,US,Texas,Motley,4,0,0,34.07408766,-100.779722,48345.0,333.3333333333333,0.0,4,4,0,0,4,4,1234,0,0,0,0,0
2020-07-30,US,Texas,Nacogdoches,957,33,0,31.62017125,-94.61803994,48347.0,1467.7013680142322,3.4482758620689653,924,936,34,0,902,927,65711,21,-1,0,22,9
2020-07-30,US,Texas,Navarro,751,8,0,32.04620681,-96.47428766,48349.0,1498.6131343164448,1.0652463382157125,743,734,9,0,725,691,49565,17,-1,0,18,43
2020-07-30,US,Texas,Newton,83,4,0,30.78548982,-93.74408813,48351.0,610.5185730047813,4.819277108433735,79,83,4,0,79,78,13746,0,0,0,0,5
2020-07-30,US,Texas,Nolan,127,3,0,32.30365282,-100.4060208,48353.0,863.1235557972,2.3622047244094486,124,127,3,0,124,125,14751,0,0,0,0,2
2020-07-30,US,Texas,Nueces,11390,166,0,27.736286,-97.5433285,48355.0,3143.85554273601,1.457418788410887,11224,11160,162,0,10998,10901,362265,230,4,0,226,259
2020-07-30,US,Texas,Ochiltree,78,2,0,36.27829105,-100.8158184,48357.0,793.0052867019114,2.5641025641025643,76,78,3,0,75,76,9947,0,-1,0,1,2
2020-07-30,US,Texas,Oldham,13,1,0,35.40425596,-102.6027606,48359.0,615.530303030303,7.6923076923076925,12,13,1,0,12,13,2131,0,0,0,0,0
2020-07-30,US,Texas,Orange,999,15,0,30.11879481,-93.89412775,48361.0,1197.8991798167779,1.5015015015015014,984,945,15,0,930,878,83572,54,0,0,54,67
2020-07-30,US,Texas,Palo Pinto,166,5,0,32.75310985,-98.31319001,48363.0,568.7073897701189,3.0120481927710845,161,158,3,0,155,157,28875,8,2,0,6,1
2020-07-30,US,Texas,Panola,267,17,0,32.163959600000005,-94.30552481,48365.0,1151.159782702423,6.367041198501872,250,261,18,0,243,260,23148,6,-1,0,7,1
2020-07-30,US,Texas,Parker,1026,12,0,32.77757172,-97.80500621,48367.0,718.0951581069162,1.1695906432748535,1014,1029,10,0,1019,982,138371,-3,2,0,-5,47
2020-07-30,US,Texas,Parmer,305,7,0,34.52993409,-102.7844668,48369.0,3175.429463820927,2.295081967213114,298,299,7,0,292,294,9864,6,0,0,6,5
2020-07-30,US,Texas,Pecos,208,1,0,30.78097267,-102.7241261,48371.0,1314.5421222271375,0.4807692307692308,207,208,1,0,207,203,15673,0,0,0,0,5
2020-07-30,US,Texas,Polk,656,8,0,30.79472531,-94.8276624,48373.0,1277.4326718984285,1.2195121951219512,648,648,6,0,642,628,50031,8,2,0,6,20
2020-07-30,US,Texas,Potter,3454,37,0,35.40133773,-101.893964,48375.0,2941.7025081974193,1.0712217718587145,3417,3419,42,0,3377,3389,119648,35,-5,0,40,30
2020-07-30,US,Texas,Presidio,42,0,0,29.99954402,-104.2408079,48377.0,626.491646778043,0.0,42,35,0,0,35,34,6948,7,0,0,7,1
2020-07-30,US,Texas,Rains,42,1,0,32.87109387,-95.79232691,48379.0,335.6241010068723,2.380952380952381,41,41,2,0,39,40,12159,1,-1,0,2,1
2020-07-30,US,Texas,Randall,1528,16,0,34.96585996,-101.8971322,48381.0,1109.5539273706913,1.0471204188481675,1512,1505,18,0,1487,1477,136271,23,-2,0,25,28
2020-07-30,US,Texas,Reagan,55,3,0,31.36607041,-101.5232659,48383.0,1428.9425824889581,5.454545454545454,52,55,3,0,52,54,3741,0,0,0,0,1
2020-07-30,US,Texas,Real,76,0,0,29.83321503,-99.82018052,48385.0,2201.62224797219,0.0,76,74,0,0,74,71,3478,2,0,0,2,3
2020-07-30,US,Texas,Red River,133,11,0,33.61886692,-95.04841765,48387.0,1106.2130915744822,8.270676691729323,122,133,11,0,122,132,12175,0,0,0,0,1
2020-07-30,US,Texas,Reeves,128,3,0,31.32323325,-103.6903896,48389.0,801.2018027040559,2.34375,125,119,2,0,117,112,15695,9,1,0,8,7
2020-07-30,US,Texas,Refugio,182,0,0,28.3238976,-97.15766311,48391.0,2619.458837075417,0.0,182,179,0,0,179,160,7032,3,0,0,3,19
2020-07-30,US,Texas,Roberts,6,0,0,35.83809685,-100.813175,48393.0,702.5761124121782,0.0,6,6,0,0,6,6,903,0,0,0,0,0
2020-07-30,US,Texas,Robertson,204,1,0,31.02539637,-96.51272246,48395.0,1194.799109757526,0.4901960784313725,203,202,1,0,201,199,17284,2,0,0,2,3
2020-07-30,US,Texas,Rockwall,718,17,0,32.89779518,-96.40771592,48397.0,684.363532383358,2.367688022284123,701,699,17,0,682,674,100657,19,0,0,19,25
2020-07-30,US,Texas,Runnels,101,1,0,31.8314342,-99.97616148,48399.0,984.0218238503508,0.99009900990099,100,100,1,0,99,90,10234,1,0,0,1,10
2020-07-30,US,Texas,Rusk,328,2,0,32.10773545,-94.76176432,48401.0,602.8746829393817,0.6097560975609756,326,325,8,0,317,320,54450,3,-6,0,9,5
2020-07-30,US,Texas,Sabine,39,6,0,31.34318809,-93.85440451,48403.0,369.94877632327825,15.384615384615385,33,39,6,0,33,37,10589,0,0,0,0,2
2020-07-30,US,Texas,San Augustine,153,10,0,31.39457611,-94.17000399,48405.0,1857.4723807211358,6.5359477124183005,143,153,10,0,143,151,8232,0,0,0,0,2
2020-07-30,US,Texas,San Jacinto,143,7,0,30.57933681,-95.16260304,48407.0,495.51266502650816,4.895104895104895,136,138,6,0,132,136,28719,5,1,0,4,2
2020-07-30,US,Texas,San Patricio,694,15,0,28.00880118,-97.51763891,48409.0,1040.0119886108198,2.161383285302594,679,694,15,0,679,694,66893,0,0,0,0,0
2020-07-30,US,Texas,San Saba,21,0,0,31.1577796,-98.81758731,48411.0,346.82080924855484,0.0,21,21,0,0,21,20,6054,0,0,0,0,1
2020-07-30,US,Texas,Schleicher,34,1,0,30.89740592,-100.5384842,48413.0,1217.329036877909,2.9411764705882355,33,34,1,0,33,33,2895,0,0,0,0,1
2020-07-30,US,Texas,Scurry,415,1,0,32.74613808,-100.9162664,48415.0,2484.583607735137,0.24096385542168675,414,403,1,0,402,396,16866,12,0,0,12,7
2020-07-30,US,Texas,Shackelford,17,0,0,32.73587756,-99.35401337,48417.0,520.6738131699847,0.0,17,16,0,0,16,17,3253,1,0,0,1,-1
2020-07-30,US,Texas,Shelby,371,16,0,31.79211404,-94.14550696,48419.0,1467.9116879006094,4.31266846361186,355,366,17,0,349,357,25418,5,-1,0,6,9
2020-07-30,US,Texas,Sherman,37,0,0,36.27751473,-101.8933156,48421.0,1224.3547319655854,0.0,37,36,0,0,36,36,3079,1,0,0,1,0
2020-07-30,US,Texas,Smith,2251,15,0,32.37474036,-95.2717568,48423.0,967.1279607821234,0.6663705019991115,2236,2222,16,0,2206,2189,230221,29,-1,0,30,33
2020-07-30,US,Texas,Somervell,51,0,0,32.22236802,-97.77403489,48425.0,558.7204206836109,0.0,51,49,0,0,49,46,9016,2,0,0,2,3
2020-07-30,US,Texas,Starr,1784,38,0,26.56150059,-98.73892358,48427.0,2760.199897884981,2.1300448430493275,1746,1761,33,0,1728,1715,64525,23,5,0,18,46
2020-07-30,US,Texas,Stephens,28,2,0,32.73553157,-98.83631615,48429.0,298.95366218236165,7.142857142857142,26,28,2,0,26,28,9433,0,0,0,0,0
2020-07-30,US,Texas,Sterling,1,0,0,31.82781912,-101.0500746,48431.0,77.45933384972889,0.0,1,1,0,0,1,1,1311,0,0,0,0,0
2020-07-30,US,Texas,Stonewall,4,0,0,33.17906744,-100.2538401,48433.0,296.2962962962963,0.0,4,4,0,0,4,4,1362,0,0,0,0,0
2020-07-30,US,Texas,Sutton,59,1,0,30.49856623,-100.5382014,48435.0,1562.5,1.6949152542372878,58,58,1,0,57,57,3758,1,0,0,1,1
2020-07-30,US,Texas,Swisher,74,2,0,34.53028891,-101.7349174,48437.0,1000.405569825605,2.702702702702702,72,73,2,0,71,72,7462,1,0,0,1,1
2020-07-30,US,Texas,Tarrant,27151,359,0,32.77143818,-97.29101614,48439.0,1291.358206719096,1.322234908474826,26792,26315,351,0,25964,25739,2084931,836,8,0,828,576
2020-07-30,US,Texas,Taylor,1068,18,0,32.30163422,-99.89007449,48441.0,773.7224162162945,1.6853932584269662,1050,1049,17,0,1032,1036,137640,19,1,0,18,13
2020-07-30,US,Texas,Terrell,2,0,0,30.22429013,-102.0766732,48443.0,257.73195876288656,0.0,2,2,0,0,2,2,823,0,0,0,0,0
2020-07-30,US,Texas,Terry,105,1,0,33.17402785,-102.3354521,48445.0,851.0983221204507,0.9523809523809524,104,104,2,0,102,101,12287,1,-1,0,2,3
2020-07-30,US,Texas,Throckmorton,2,0,0,33.17751417,-99.21226795,48447.0,133.24450366422386,0.0,2,2,0,0,2,2,1515,0,0,0,0,0
2020-07-30,US,Texas,Titus,1276,14,0,33.21339719,-94.96797273,48449.0,3896.183206106871,1.09717868338558,1262,1265,14,0,1251,1256,33033,11,0,0,11,9
2020-07-30,US,Texas,Tom Green,2175,19,0,31.40464436,-100.462443,48451.0,1824.6644295302008,0.8735632183908046,2156,2131,19,0,2112,2082,118189,44,0,0,44,49
2020-07-30,US,Texas,Travis,20187,220,0,30.33432034,-97.7853562,48453.0,1584.5941062236154,1.0898102739386737,19967,19952,214,0,19738,19720,1248743,235,6,0,229,232
2020-07-30,US,Texas,Trinity,129,2,0,31.0879489,-95.1367187,48455.0,880.4859736536755,1.5503875968992251,127,122,2,0,120,117,14740,7,0,0,7,5
2020-07-30,US,Texas,Tyler,112,1,0,30.77031716,-94.37690895,48457.0,516.795865633075,0.8928571428571429,111,109,1,0,108,102,21696,3,0,0,3,7
2020-07-30,US,Texas,Unassigned,0,168,0,0.0,0.0,90048.0,0.0,0.0,-168,0,151,0,-151,0,,0,17,0,-17,0
2020-07-30,US,Texas,Upshur,180,2,0,32.73706798,-94.93999853,48459.0,431.1067468205877,1.1111111111111112,178,176,2,0,174,175,41260,4,0,0,4,1
2020-07-30,US,Texas,Upton,15,1,0,31.36868194,-102.0423217,48461.0,410.1722723543888,6.666666666666668,14,13,1,0,12,13,3671,2,0,0,2,0
2020-07-30,US,Texas,Uvalde,456,3,0,29.35739637,-99.76229172,48463.0,1705.2466250327213,0.6578947368421053,453,448,3,0,445,427,26846,8,0,0,8,21
2020-07-30,US,Texas,Val Verde,1396,22,0,29.89149232,-101.1525205,48465.0,2847.5267720550733,1.5759312320916905,1374,1396,22,0,1374,1344,49208,0,0,0,0,52
2020-07-30,US,Texas,Van Zandt,321,2,0,32.56483801,-95.83766469,48467.0,567.2380279201273,0.6230529595015576,319,319,1,0,318,309,56019,2,1,0,1,10
2020-07-30,US,Texas,Victoria,3120,27,0,28.79780988,-96.96813006,48469.0,3388.210764084966,0.8653846153846154,3093,2960,26,0,2934,2960,92035,160,1,0,159,0
2020-07-30,US,Texas,Walker,2772,39,0,30.73872995,-95.57440968,48471.0,3798.7693741349294,1.406926406926407,2733,2757,43,0,2714,2749,72480,15,-4,0,19,8
2020-07-30,US,Texas,Waller,391,2,0,30.01058447,-95.99011759,48473.0,707.74354704413,0.5115089514066496,389,388,4,0,384,381,53126,3,-2,0,5,7
2020-07-30,US,Texas,Ward,82,1,0,31.50999644,-103.0927909,48475.0,683.4472412068677,1.2195121951219512,81,81,1,0,80,80,11720,1,0,0,1,1
2020-07-30,US,Texas,Washington,452,37,0,30.21498498,-96.40946246,48477.0,1259.6845214870966,8.185840707964601,415,452,38,0,414,450,35108,0,-1,0,1,2
2020-07-30,US,Texas,Webb,5676,72,0,27.7610369,-99.33237355,48479.0,2051.6750285557305,1.2684989429175475,5604,5396,71,0,5325,5136,275910,280,1,0,279,260
2020-07-30,US,Texas,Wharton,591,19,0,29.27765923,-96.22319248,48481.0,1422.1773029165465,3.2148900169204735,572,590,17,0,573,535,41619,1,2,0,-1,55
2020-07-30,US,Texas,Wheeler,31,0,0,35.40114335,-100.2699514,48483.0,613.132911392405,0.0,31,31,0,0,31,32,5191,0,0,0,0,-1
2020-07-30,US,Texas,Wichita,886,9,0,33.98842886,-98.7041034,48485.0,670.0446192240793,1.015801354401806,877,874,10,0,864,862,132064,12,-1,0,13,12
2020-07-30,US,Texas,Wilbarger,43,1,0,34.07945812,-99.24178437,48487.0,336.7530738507322,2.3255813953488373,42,41,1,0,40,35,12820,2,0,0,2,6
2020-07-30,US,Texas,Willacy,577,18,0,26.47411727,-97.61535848,48489.0,2701.563816836783,3.1195840554592724,559,572,18,0,554,570,21515,5,0,0,5,2
2020-07-30,US,Texas,Williamson,5616,79,0,30.64655664,-97.6004854,48491.0,950.9762916327294,1.4066951566951569,5537,5551,79,0,5472,5433,566719,65,0,0,65,118
2020-07-30,US,Texas,Wilson,414,16,0,29.1732598,-98.08693082,48493.0,810.6520462110827,3.864734299516908,398,412,15,0,397,412,50224,2,1,0,1,0
2020-07-30,US,Texas,Winkler,66,1,0,31.85008651,-103.0485163,48495.0,823.9700374531834,1.5151515151515151,65,65,1,0,64,65,7720,1,0,0,1,0
2020-07-30,US,Texas,Wise,303,5,0,33.21570665,-97.65460265,48497.0,432.95610425240056,1.6501650165016502,298,299,4,0,295,290,68305,4,1,0,3,9
2020-07-30,US,Texas,Wood,276,5,0,32.78722382,-95.38236368,48499.0,606.0739146665495,1.8115942028985508,271,262,6,0,256,261,45129,14,-1,0,15,1
2020-07-30,US,Texas,Yoakum,78,1,0,33.17320212,-102.8276433,48501.0,895.2140479742912,1.2820512820512822,77,68,1,0,67,66,8591,10,0,0,10,2
2020-07-30,US,Texas,Young,116,3,0,33.17659707,-98.68790885,48503.0,644.0866185452528,2.586206896551724,113,114,3,0,111,109,18045,2,0,0,2,5
2020-07-30,US,Texas,Zapata,153,1,0,27.00156391,-99.16987152,48505.0,1079.0605825516611,0.6535947712418301,152,127,1,0,126,126,14190,26,0,0,26,1
2020-07-30,US,Texas,Zavala,170,5,0,28.86617238,-99.76050829,48507.0,1435.8108108108108,2.9411764705882355,165,169,4,0,165,151,11983,1,1,0,0,18
2020-07-30,US,Utah,Bear River,2141,5,0,41.52106798,-113.08328159999999,0.0,1146.0351786230447,0.23353573096683794,2136,2113,5,0,2108,2105,,28,0,0,28,8
2020-07-30,US,Utah,Central Utah,363,2,0,39.37231946,-111.5758676,0.0,442.93140054176735,0.5509641873278237,361,357,1,0,356,353,,6,1,0,5,4
2020-07-30,US,Utah,Davis,2859,13,0,40.99001837,-112.1139997,49011.0,804.2623937706938,0.4547044421126268,2846,2819,12,0,2807,2784,351713,40,1,0,39,35
2020-07-30,US,Utah,Salt Lake,18817,171,0,40.66616532,-111.92160109999999,49035.0,1621.5442975361868,0.9087527236009992,18646,18575,166,0,18409,18441,1152633,242,5,0,237,134
2020-07-30,US,Utah,San Juan,606,22,0,37.62762978,-109.80337140000002,49037.0,3958.7143977005485,3.6303630363036303,584,596,22,0,574,591,15449,10,0,0,10,5
2020-07-30,US,Utah,Southeast Utah,82,0,0,38.99617072,-110.70139579999999,0.0,203.8330557557981,0.0,82,79,0,0,79,71,,3,0,0,3,8
2020-07-30,US,Utah,Southwest Utah,2855,24,0,37.85447192,-111.4418764,0.0,1132.7477166503995,0.8406304728546409,2831,2827,24,0,2803,2814,,28,0,0,28,13
2020-07-30,US,Utah,Summit,683,1,0,40.86688146,-110.9535882,49043.0,1620.5955629374778,0.14641288433382138,682,679,1,0,678,673,41933,4,0,0,4,6
2020-07-30,US,Utah,Tooele,524,0,0,40.44862644,-113.12957150000001,49045.0,725.1691830775404,0.0,524,518,0,0,518,511,69907,6,0,0,6,7
2020-07-30,US,Utah,TriCounty,151,0,0,40.12491499,-109.5174415,0.0,266.6807954505316,0.0,151,146,0,0,146,144,,5,0,0,5,2
2020-07-30,US,Utah,Utah,7584,33,0,40.116672200000004,-111.66576620000001,49049.0,1192.0123853607554,0.43512658227848106,7551,7483,32,0,7451,7422,622213,101,1,0,100,61
2020-07-30,US,Utah,Wasatch,523,4,0,40.33110236,-111.1691419,49051.0,1534.129242322021,0.7648183556405354,519,522,4,0,518,519,33240,1,0,0,1,3
2020-07-30,US,Utah,Weber-Morgan,2508,25,0,41.27116049,-111.9145117,0.0,920.9178334196234,0.9968102073365231,2483,2480,25,0,2455,2427,,28,0,0,28,53
2020-07-30,US,Vermont,Addison,71,2,0,44.03217337,-73.14130877,50001.0,193.0554422601081,2.8169014084507036,69,71,2,0,69,71,36973,0,0,0,0,0
2020-07-30,US,Vermont,Bennington,83,1,0,43.03519828,-73.09048868,50003.0,234.0005638567804,1.2048192771084338,82,83,1,0,82,82,35631,0,0,0,0,1
2020-07-30,US,Vermont,Caledonia,26,0,0,44.46548598,-72.10314651,50005.0,86.68689360850867,0.0,26,26,0,0,26,26,30302,0,0,0,0,0
2020-07-30,US,Vermont,Chittenden,715,39,0,44.46322849,-73.08359212,50007.0,436.57723448166377,5.454545454545454,676,715,39,0,676,715,164572,0,0,0,0,0
2020-07-30,US,Vermont,Essex,4,0,0,44.72736416,-71.73579864,50009.0,64.9034561090378,0.0,4,4,0,0,4,4,6250,0,0,0,0,0
2020-07-30,US,Vermont,Franklin,115,6,0,44.85627605,-72.91249563,50011.0,232.7840978098053,5.217391304347826,109,115,6,0,109,115,49421,0,0,0,0,0
2020-07-30,US,Vermont,Grand Isle,13,0,0,44.7975824,-73.29679772,50013.0,179.68210089841045,0.0,13,13,0,0,13,13,7090,0,0,0,0,0
2020-07-30,US,Vermont,Lamoille,42,1,0,44.60353043,-72.64356694,50015.0,165.60208185474332,2.380952380952381,41,42,1,0,41,42,25300,0,0,0,0,0
2020-07-30,US,Vermont,Orange,15,0,0,44.00470222,-72.37640104,50017.0,51.917485809220544,0.0,15,15,0,0,15,15,28999,0,0,0,0,0
2020-07-30,US,Vermont,Orleans,14,0,0,44.82964024,-72.24562697,50019.0,51.78089285053815,0.0,14,14,0,0,14,14,26907,0,0,0,0,0
2020-07-30,US,Vermont,Rutland,84,1,0,43.57723578,-73.03741676,50021.0,144.3522194153735,1.1904761904761905,83,84,1,0,83,84,58672,0,0,0,0,0
2020-07-30,US,Vermont,Unassigned,7,0,0,0.0,0.0,90050.0,0.0,0.0,7,7,0,0,7,7,,0,0,0,0,0
2020-07-30,US,Vermont,Washington,47,2,0,44.27343241,-72.61604978,50023.0,80.4670513105857,4.25531914893617,45,47,1,0,46,47,58140,0,1,0,-1,0
2020-07-30,US,Vermont,Windham,101,3,0,42.986982,-72.71268875,50025.0,239.211785325186,2.9702970297029703,98,101,3,0,98,101,42756,0,0,0,0,0
2020-07-30,US,Vermont,Windsor,70,2,0,43.58010937,-72.58595157,50027.0,127.12941774726671,2.8571428571428568,68,69,2,0,67,69,55286,1,0,0,1,0
2020-07-30,US,Virginia,Accomack,1074,15,0,37.76707161,-75.63234615,51001.0,3323.4311177125883,1.3966480446927374,1059,1072,15,0,1057,1069,32412,2,0,0,2,3
2020-07-30,US,Virginia,Albemarle,733,10,0,38.02080697,-78.55481085,51003.0,670.4472697338332,1.364256480218281,723,724,10,0,714,723,108718,9,0,0,9,1
2020-07-30,US,Virginia,Alexandria,2779,57,0,38.814003,-77.08183073,51510.0,1743.106606116868,2.0510975170924794,2722,2759,57,0,2702,2749,160530,20,0,0,20,10
2020-07-30,US,Virginia,Alleghany,56,3,0,37.78636074,-80.00222498,51005.0,376.8506056527591,5.357142857142857,53,56,2,0,54,57,14910,0,1,0,-1,-1
2020-07-30,US,Virginia,Amelia,72,1,0,37.34081025,-77.98584649,51007.0,547.7367820464054,1.3888888888888888,71,71,1,0,70,71,13013,1,0,0,1,0
2020-07-30,US,Virginia,Amherst,101,0,0,37.60308293,-79.14548696,51009.0,319.56968834045244,0.0,101,99,0,0,99,92,31666,2,0,0,2,7
2020-07-30,US,Virginia,Appomattox,67,0,0,37.37569884,-78.81340003,51011.0,421.0923260637295,0.0,67,67,0,0,67,63,15841,0,0,0,0,4
2020-07-30,US,Virginia,Arlington,2874,135,0,38.8767675,-77.10139853,51013.0,1213.467205985425,4.697286012526097,2739,2857,135,0,2722,2843,237521,17,0,0,17,14
2020-07-30,US,Virginia,Augusta,246,4,0,38.16404586,-79.12461614,51015.0,325.57770189787976,1.6260162601626016,242,245,4,0,241,244,75457,1,0,0,1,1
2020-07-30,US,Virginia,Bath,4,0,0,38.05852573,-79.73912095,51017.0,96.45526886906195,0.0,4,4,0,0,4,4,4292,0,0,0,0,0
2020-07-30,US,Virginia,Bedford,261,5,0,37.3080028,-79.5281964,51019.0,330.3922933782296,1.9157088122605364,256,255,5,0,250,244,78747,6,0,0,6,11
2020-07-30,US,Virginia,Bland,7,0,0,37.13128068,-81.13599391,51021.0,111.46496815286623,0.0,7,7,0,0,7,7,6293,0,0,0,0,0
2020-07-30,US,Virginia,Botetourt,183,5,0,37.55531756,-79.80982182,51023.0,547.592686794937,2.7322404371584703,178,182,4,0,178,178,33277,1,1,0,0,4
2020-07-30,US,Virginia,Bristol,50,0,0,36.6163024,-82.16359122,51520.0,298.2937596945472,0.0,50,48,0,0,48,44,16482,2,0,0,2,4
2020-07-30,US,Virginia,Brunswick,197,1,0,36.76366949,-77.8593436,51025.0,1213.726819049966,0.5076142131979695,196,188,1,0,187,184,16384,9,0,0,9,4
2020-07-30,US,Virginia,Buchanan,69,0,0,37.26818323,-82.03749726,51027.0,328.5088554561036,0.0,69,67,0,0,67,64,21221,2,0,0,2,3
2020-07-30,US,Virginia,Buckingham,592,6,0,37.57242268,-78.52518834,51029.0,3452.2976440401208,1.0135135135135136,586,592,6,0,586,592,16999,0,0,0,0,0
2020-07-30,US,Virginia,Buena Vista,47,0,0,37.73484642,-79.35296097,51530.0,725.532571781414,0.0,47,47,0,0,47,47,6237,0,0,0,0,0
2020-07-30,US,Virginia,Campbell,132,2,0,37.20553386,-79.09678609,51031.0,240.50286963651268,1.5151515151515151,130,131,2,0,129,121,54973,1,0,0,1,10
2020-07-30,US,Virginia,Caroline,179,4,0,38.02679129,-77.34901405,51033.0,582.5874694873881,2.23463687150838,175,177,4,0,173,174,30772,2,0,0,2,3
2020-07-30,US,Virginia,Carroll,305,11,0,36.73066666,-80.73455942,51035.0,1023.7991339666344,3.60655737704918,294,303,11,0,292,300,29636,2,0,0,2,3
2020-07-30,US,Virginia,Charles City,47,3,0,37.35358063,-77.05634116,51036.0,674.996409593566,6.382978723404255,44,46,3,0,43,45,6941,1,0,0,1,1
2020-07-30,US,Virginia,Charlotte,49,0,0,37.01909701,-78.66314092,51037.0,412.4579124579125,0.0,49,48,0,0,48,48,11938,1,0,0,1,0
2020-07-30,US,Virginia,Charlottesville,451,9,0,38.03527919,-78.48569588,51540.0,954.1742478737359,1.9955654101995568,442,443,8,0,435,441,48117,8,1,0,7,2
2020-07-30,US,Virginia,Chesapeake,2391,27,0,36.67670048,-76.30545744,51550.0,976.5760614291256,1.1292346298619824,2364,2348,27,0,2321,2276,242634,43,0,0,43,72
2020-07-30,US,Virginia,Chesterfield,3877,71,0,37.37373208,-77.58680140000001,51041.0,1098.9166728079772,1.8313128707763733,3806,3829,69,0,3760,3796,348556,48,2,0,46,33
2020-07-30,US,Virginia,Clarke,66,0,0,39.11271747,-77.99199425,51043.0,451.46726862302484,0.0,66,66,0,0,66,64,14523,0,0,0,0,2
2020-07-30,US,Virginia,Colonial Heights,177,21,0,37.26420587,-77.39609676,51570.0,1018.9982728842833,11.864406779661017,156,175,20,0,155,175,17833,2,1,0,1,0
2020-07-30,US,Virginia,Covington,11,0,0,37.7824656,-79.98631446,51580.0,198.62766341639585,0.0,11,11,0,0,11,10,5460,0,0,0,0,1
2020-07-30,US,Virginia,Craig,15,0,0,37.48133648,-80.21072274,51045.0,292.34067433248885,0.0,15,15,0,0,15,15,5064,0,0,0,0,0
2020-07-30,US,Virginia,Culpeper,938,12,0,38.48199985,-77.95630870000002,51047.0,1783.1004657351962,1.279317697228145,926,934,12,0,922,932,51859,4,0,0,4,2
2020-07-30,US,Virginia,Cumberland,64,0,0,37.51328851,-78.24398086,51049.0,644.381796214257,0.0,64,63,0,0,63,63,9809,1,0,0,1,0
2020-07-30,US,Virginia,Danville,291,5,0,36.58022376,-79.40395668,51590.0,726.7006293077617,1.718213058419244,286,278,4,0,274,269,40693,13,1,0,12,9
2020-07-30,US,Virginia,Dickenson,21,0,0,37.12560977,-82.35124171,51051.0,146.66852912417934,0.0,21,18,0,0,18,16,14523,3,0,0,3,2
2020-07-30,US,Virginia,Dinwiddie,196,4,0,37.07544585,-77.63451754,51053.0,686.6591928251122,2.0408163265306123,192,195,4,0,191,193,28529,1,0,0,1,2
2020-07-30,US,Virginia,Emporia,163,15,0,36.69455571,-77.53406129,51595.0,3049.00860456416,9.202453987730062,148,164,15,0,149,163,5121,-1,0,0,-1,1
2020-07-30,US,Virginia,Essex,74,1,0,37.93357639,-76.94230311,51057.0,675.6139870355154,1.351351351351351,73,74,1,0,73,74,10919,0,0,0,0,0
2020-07-30,US,Virginia,Fairfax,15606,519,0,38.83677558,-77.27565836,51059.0,1359.9620751316738,3.325643983083429,15087,15570,519,0,15051,15509,1150795,36,0,0,36,61
2020-07-30,US,Virginia,Fairfax,15606,519,0,38.83677558,-77.27565836,51059.0,1359.9620751316738,3.325643983083429,15087,15570,519,0,15051,15509,24574,36,0,0,36,61
2020-07-30,US,Virginia,Fairfax City,81,7,0,38.85157547,-77.29779640000002,51600.0,337.2330238561139,8.641975308641975,74,79,7,0,72,77,24574,2,0,0,2,2
2020-07-30,US,Virginia,Falls Church,61,6,0,38.88485255,-77.17560759,51610.0,417.3222959567627,9.836065573770492,55,54,6,0,48,53,14772,7,0,0,7,1
2020-07-30,US,Virginia,Fauquier,571,8,0,38.73564842,-77.80647472,51061.0,801.7185701047429,1.4010507880910683,563,570,8,0,562,568,70675,1,0,0,1,2
2020-07-30,US,Virginia,Floyd,31,1,0,36.9302126,-80.36738849,51063.0,196.8378944694901,3.2258064516129035,30,31,1,0,30,29,15795,0,0,0,0,2
2020-07-30,US,Virginia,Fluvanna,170,8,0,37.84157909,-78.27715475,51065.0,623.3956729006234,4.705882352941177,162,170,8,0,162,167,26783,0,0,0,0,3
2020-07-30,US,Virginia,Franklin,150,1,0,36.99536167,-79.88023649,51067.0,267.6564005567253,0.6666666666666666,149,150,1,0,149,146,56195,0,0,0,0,4
2020-07-30,US,Virginia,Franklin,150,1,0,36.99536167,-79.88023649,51067.0,267.6564005567253,0.6666666666666666,149,150,1,0,149,146,8013,0,0,0,0,4
2020-07-30,US,Virginia,Franklin City,117,6,0,36.6831435,-76.93859681,51620.0,1468.5578009288315,5.128205128205129,111,115,6,0,109,114,8013,2,0,0,2,1
2020-07-30,US,Virginia,Frederick,649,7,0,39.20172582,-78.25974949,51069.0,726.6579333355728,1.078582434514638,642,644,7,0,637,641,88355,5,0,0,5,3
2020-07-30,US,Virginia,Fredericksburg,345,2,0,38.2977863,-77.4922454,51630.0,1188.1801901088306,0.5797101449275363,343,340,2,0,338,338,29144,5,0,0,5,2
2020-07-30,US,Virginia,Galax,329,17,0,36.66601852,-80.91703124,51640.0,5183.551284071215,5.1671732522796345,312,327,17,0,310,326,6423,2,0,0,2,1
2020-07-30,US,Virginia,Giles,21,0,0,37.31234791,-80.70636931,51071.0,125.59808612440192,0.0,21,20,0,0,20,20,16844,1,0,0,1,0
2020-07-30,US,Virginia,Gloucester,140,2,0,37.40809042,-76.53524337,51073.0,374.8527364249759,1.4285714285714286,138,138,2,0,136,138,37349,2,0,0,2,0
2020-07-30,US,Virginia,Goochland,149,7,0,37.71714806,-77.90381514,51075.0,627.2891845240601,4.697986577181208,142,149,7,0,142,148,23244,0,0,0,0,1
2020-07-30,US,Virginia,Grayson,124,4,0,36.65677234,-81.23215889,51077.0,797.4276527331191,3.2258064516129035,120,123,4,0,119,121,15631,1,0,0,1,2
2020-07-30,US,Virginia,Greene,134,2,0,38.29545894,-78.46525378,51079.0,676.1188758262274,1.492537313432836,132,134,2,0,132,134,19779,0,0,0,0,0
2020-07-30,US,Virginia,Greensville,415,9,0,36.67878901,-77.56351439,51081.0,3660.9033168666197,2.1686746987951806,406,411,9,0,402,410,11627,4,0,0,4,1
2020-07-30,US,Virginia,Halifax,130,1,0,36.76654925,-78.93512622,51083.0,383.3564330158357,0.7692307692307693,129,128,1,0,127,126,34120,2,0,0,2,2
2020-07-30,US,Virginia,Hampton,973,5,0,37.03513786,-76.35879121,51650.0,723.3662924689612,0.513874614594039,968,963,4,0,959,938,134313,10,1,0,9,25
2020-07-30,US,Virginia,Hanover,583,30,0,37.7583355,-77.49464673,51085.0,540.9869532134439,5.145797598627787,553,579,30,0,549,576,107239,4,0,0,4,3
2020-07-30,US,Virginia,Harrisonburg,1037,29,0,38.43542574,-78.87536254,51660.0,1956.0132790101104,2.7965284474445515,1008,1037,29,0,1008,1035,54033,0,0,0,0,2
2020-07-30,US,Virginia,Henrico,3509,178,0,37.53460572,-77.39326555,51087.0,1060.7040729343628,5.072670276432032,3331,3466,177,0,3289,3436,329261,43,1,0,42,30
2020-07-30,US,Virginia,Henry,467,5,0,36.68542395,-79.87634026,51089.0,923.7098720256344,1.0706638115631693,462,461,5,0,456,458,50953,6,0,0,6,3
2020-07-30,US,Virginia,Highland,3,0,0,38.35799465,-79.56124594,51091.0,136.98630136986299,0.0,3,3,0,0,3,3,2210,0,0,0,0,0
2020-07-30,US,Virginia,Hopewell,253,5,0,37.29186313,-77.29754684,51670.0,1122.9970260553066,1.9762845849802368,248,253,5,0,248,252,22596,0,0,0,0,1
2020-07-30,US,Virginia,Isle of Wight,323,9,0,36.90579348,-76.70842863,51093.0,870.4087957099356,2.7863777089783284,314,318,9,0,309,314,36953,5,0,0,5,4
2020-07-30,US,Virginia,James City,531,16,0,37.31156958,-76.76950618,51095.0,693.9090208172706,3.0131826741996237,515,525,16,0,509,518,76397,6,0,0,6,7
2020-07-30,US,Virginia,King George,121,4,0,38.26818502,-77.15852768,51099.0,450.8868683857505,3.3057851239669422,117,119,4,0,115,119,26575,2,0,0,2,0
2020-07-30,US,Virginia,King William,76,2,0,37.70965316,-77.09384941,51101.0,443.2003732213669,2.631578947368421,74,76,2,0,74,75,16939,0,0,0,0,1
2020-07-30,US,Virginia,King and Queen,35,1,0,37.71044922,-76.88689628,51097.0,498.220640569395,2.8571428571428568,34,35,1,0,34,35,7042,0,0,0,0,0
2020-07-30,US,Virginia,Lancaster,29,0,0,37.71889653,-76.46400482,51103.0,273.507497877959,0.0,29,29,0,0,29,29,10783,0,0,0,0,0
2020-07-30,US,Virginia,Lee,86,0,0,36.70586667,-83.12606515,51105.0,367.1604832856594,0.0,86,83,0,0,83,80,23541,3,0,0,3,3
2020-07-30,US,Virginia,Lexington,28,0,0,37.78258621,-79.44262866,51678.0,376.04082728982,0.0,28,28,0,0,28,28,7136,0,0,0,0,0
2020-07-30,US,Virginia,Loudoun,4985,109,0,39.08990083,-77.63481877,51107.0,1205.4514941794948,2.186559679037112,4876,4965,109,0,4856,4939,406850,20,0,0,20,26
2020-07-30,US,Virginia,Louisa,165,2,0,37.97850256,-77.96274807,51109.0,438.93485142720334,1.2121212121212122,163,165,2,0,163,165,36778,0,0,0,0,0
2020-07-30,US,Virginia,Lunenburg,54,1,0,36.94618528,-78.24133319,51111.0,442.76812069530996,1.851851851851852,53,53,0,0,53,52,12086,1,1,0,0,1
2020-07-30,US,Virginia,Lynchburg,396,2,0,37.40021399,-79.19888138,51680.0,481.9394411449714,0.5050505050505051,394,392,2,0,390,370,82126,4,0,0,4,22
2020-07-30,US,Virginia,Madison,58,1,0,38.41531222,-78.28220331,51113.0,437.37274715330665,1.7241379310344829,57,58,1,0,57,57,13295,0,0,0,0,1
2020-07-30,US,Virginia,Manassas,1596,20,0,38.7464321,-77.48509905,51683.0,3884.629426798101,1.2531328320802004,1576,1586,20,0,1566,1584,41641,10,0,0,10,2
2020-07-30,US,Virginia,Manassas Park,495,7,0,38.77058531,-77.44399307,51685.0,2832.131822863028,1.414141414141414,488,493,7,0,486,488,17307,2,0,0,2,5
2020-07-30,US,Virginia,Martinsville,159,3,0,36.68212094,-79.86352771,51690.0,1266.5285964632787,1.8867924528301887,156,156,3,0,153,155,12902,3,0,0,3,1
2020-07-30,US,Virginia,Mathews,12,0,0,37.44164146,-76.34098896,51115.0,135.83880461851936,0.0,12,12,0,0,12,12,8802,0,0,0,0,0
2020-07-30,US,Virginia,Mecklenburg,303,31,0,36.67882005,-78.36131056,51117.0,990.6169287605844,10.231023102310232,272,303,31,0,272,297,30650,0,0,0,0,6
2020-07-30,US,Virginia,Middlesex,26,1,0,37.63191998,-76.55064617,51119.0,245.70024570024572,3.8461538461538463,25,25,1,0,24,25,10769,1,0,0,1,0
2020-07-30,US,Virginia,Montgomery,264,3,0,37.17746986,-80.37868691,51121.0,267.92510275536614,1.1363636363636365,261,260,3,0,257,259,98985,4,0,0,4,1
2020-07-30,US,Virginia,Nelson,32,0,0,37.78790447,-78.88498513,51125.0,214.3335565974548,0.0,32,33,0,0,33,33,14836,-1,0,0,-1,0
2020-07-30,US,Virginia,New Kent,113,1,0,37.50694406,-76.99828634,51127.0,489.36815209388936,0.8849557522123894,112,112,1,0,111,111,22391,1,0,0,1,1
2020-07-30,US,Virginia,Newport News,1544,16,0,37.08166899,-76.51754109,51700.0,861.486957734691,1.0362694300518134,1528,1519,15,0,1504,1489,178626,25,1,0,24,30
2020-07-30,US,Virginia,Norfolk,3080,22,0,36.89934014,-76.26420872,51710.0,1268.8368720699345,0.7142857142857143,3058,2937,22,0,2915,2814,244076,143,0,0,143,123
2020-07-30,US,Virginia,Northampton,292,28,0,37.34062933,-75.87751591,51131.0,2493.5952177625963,9.58904109589041,264,297,28,0,269,298,11735,-5,0,0,-5,-1
2020-07-30,US,Virginia,Northumberland,62,2,0,37.89202088,-76.41949732,51133.0,512.6085159156677,3.2258064516129035,60,60,2,0,58,60,12147,2,0,0,2,0
2020-07-30,US,Virginia,Norton,10,0,0,36.93357076,-82.62750411,51720.0,251.19316754584275,0.0,10,10,0,0,10,10,3968,0,0,0,0,0
2020-07-30,US,Virginia,Nottoway,169,8,0,37.1435975,-78.05065922,51135.0,1109.5063025210084,4.733727810650888,161,168,8,0,160,168,15420,1,0,0,1,0
2020-07-30,US,Virginia,Orange,205,3,0,38.24530219,-78.01560400000002,51137.0,553.2914091387546,1.4634146341463414,202,204,3,0,201,202,36644,1,0,0,1,2
2020-07-30,US,Virginia,Page,331,24,0,38.61807452,-78.48797204,51139.0,1384.8213538616017,7.250755287009063,307,330,24,0,306,330,23933,1,0,0,1,0
2020-07-30,US,Virginia,Patrick,106,3,0,36.6801638,-80.2865648,51141.0,601.9990913221262,2.830188679245283,103,104,3,0,101,104,17673,2,0,0,2,0
2020-07-30,US,Virginia,Petersburg,426,10,0,37.20530399,-77.39368102,51730.0,1359.0250749696934,2.347417840375587,416,411,10,0,401,408,31567,15,0,0,15,3
2020-07-30,US,Virginia,Pittsylvania,309,2,0,36.81980341,-79.39731264,51143.0,511.9793220001988,0.6472491909385113,307,296,2,0,294,292,60949,13,0,0,13,4
2020-07-30,US,Virginia,Poquoson,35,0,0,37.14259351,-76.35798148,51735.0,285.2253280091272,0.0,35,34,0,0,34,34,12190,1,0,0,1,0
2020-07-30,US,Virginia,Portsmouth,1417,22,0,36.85914825,-76.35971629,51740.0,1501.091124811967,1.5525758645024699,1395,1390,21,0,1369,1367,94632,27,1,0,26,23
2020-07-30,US,Virginia,Powhatan,120,4,0,37.55016038,-77.91267882,51145.0,404.6944556859571,3.333333333333333,116,118,4,0,114,116,29189,2,0,0,2,2
2020-07-30,US,Virginia,Prince Edward,300,9,0,37.22554789,-78.43597949,51147.0,1315.6740636786246,3.0,291,289,7,0,282,284,22950,11,2,0,9,5
2020-07-30,US,Virginia,Prince George,328,2,0,37.18497668,-77.22922187,51149.0,855.2134122493677,0.6097560975609756,326,327,2,0,325,326,38082,1,0,0,1,1
2020-07-30,US,Virginia,Prince William,8784,169,0,38.70916224,-77.48713689,51153.0,1867.6050049432847,1.923952641165756,8615,8724,168,0,8556,8663,468011,60,1,0,59,61
2020-07-30,US,Virginia,Pulaski,74,3,0,37.06474963,-80.71229738,51155.0,217.47435859758426,4.0540540540540535,71,74,3,0,71,73,34066,0,0,0,0,1
2020-07-30,US,Virginia,Radford,25,0,0,37.12222899,-80.56027320000003,51750.0,136.99380787988383,0.0,25,26,0,0,26,26,18339,-1,0,0,-1,0
2020-07-30,US,Virginia,Rappahannock,40,2,0,38.68295619,-78.15826963,51157.0,542.7408412483039,5.0,38,40,2,0,38,40,7252,0,0,0,0,0
2020-07-30,US,Virginia,Richmond,317,4,0,37.937575,-76.72920628,51159.0,3513.243932173335,1.2618296529968454,313,315,4,0,311,316,9038,2,0,0,2,-1
2020-07-30,US,Virginia,Richmond City,2857,38,0,37.53255773,-77.47966921,51760.0,1239.8236386675694,1.3300665033251662,2819,2831,39,0,2792,2794,228783,26,-1,0,27,37
2020-07-30,US,Virginia,Roanoke,425,7,0,37.26865804,-80.06396753,51161.0,451.23479073323,1.6470588235294117,418,414,7,0,407,405,94073,11,0,0,11,9
2020-07-30,US,Virginia,Roanoke City,805,10,0,37.27791025,-79.96189766,51770.0,811.958484209677,1.2422360248447204,795,780,10,0,770,739,99920,25,0,0,25,41
2020-07-30,US,Virginia,Rockbridge,65,0,0,37.81204314,-79.44605905,51163.0,287.95463606964074,0.0,65,63,0,0,63,62,22752,2,0,0,2,1
2020-07-30,US,Virginia,Rockingham,883,17,0,38.51006137,-78.87260325,51165.0,1077.512568946161,1.9252548131370328,866,878,16,0,862,870,81244,5,1,0,4,8
2020-07-30,US,Virginia,Russell,60,1,0,36.93028320000001,-82.10095486,51167.0,225.68269013766644,1.6666666666666667,59,59,1,0,58,52,26748,1,0,0,1,7
2020-07-30,US,Virginia,Salem,129,3,0,37.2836193,-80.06219455,51775.0,509.8612703055216,2.3255813953488373,126,128,3,0,125,128,25643,1,0,0,1,0
2020-07-30,US,Virginia,Scott,47,3,0,36.71466456,-82.60171704,51169.0,217.93563943243998,6.382978723404255,44,45,3,0,42,41,21534,2,0,0,2,4
2020-07-30,US,Virginia,Shenandoah,665,40,0,38.85905135,-78.56813762,51171.0,1524.6698459280994,6.015037593984963,625,665,40,0,625,662,43497,0,0,0,0,3
2020-07-30,US,Virginia,Smyth,102,3,0,36.84455636,-81.53344948,51173.0,338.82540526175916,2.9411764705882355,99,97,2,0,95,93,30472,5,1,0,4,4
2020-07-30,US,Virginia,Southampton,229,12,0,36.72231125,-77.10642712,51175.0,1298.8486189098746,5.240174672489083,217,229,12,0,217,229,17586,0,0,0,0,0
2020-07-30,US,Virginia,Spotsylvania,1291,33,0,38.18574462,-77.655399,51177.0,947.766398707925,2.5561580170410534,1258,1271,33,0,1238,1254,134238,20,0,0,20,17
2020-07-30,US,Virginia,Stafford,1237,7,0,38.41758738,-77.45917053,51179.0,809.1207598016771,0.5658852061438965,1230,1227,7,0,1220,1214,149960,10,0,0,10,13
2020-07-30,US,Virginia,Staunton,140,0,0,38.15965544,-79.05979937,51790.0,561.5273544039788,0.0,140,139,0,0,139,137,24922,1,0,0,1,2
2020-07-30,US,Virginia,Suffolk,1001,48,0,36.70155394,-76.63603554,51800.0,1086.7677074738353,4.795204795204795,953,989,48,0,941,974,91185,12,0,0,12,15
2020-07-30,US,Virginia,Surry,35,2,0,37.11781893,-76.88450012,51181.0,545.0015571473061,5.7142857142857135,33,35,2,0,33,35,6474,0,0,0,0,0
2020-07-30,US,Virginia,Sussex,276,8,0,36.92432914,-77.25791182,51183.0,2473.339905009409,2.898550724637681,268,271,8,0,263,270,11237,5,0,0,5,1
2020-07-30,US,Virginia,Tazewell,81,0,0,37.12191123,-81.56685568,51185.0,199.5319620642936,0.0,81,80,0,0,80,77,40855,1,0,0,1,3
2020-07-30,US,Virginia,Virginia Beach,3979,43,0,36.73285734,-76.04566934,51810.0,884.2733135692282,1.0806735360643378,3936,3908,43,0,3865,3788,450189,71,0,0,71,120
2020-07-30,US,Virginia,Warren,345,7,0,38.90847745,-78.20280433,51187.0,858.9781894233643,2.028985507246377,338,344,7,0,337,344,40003,1,0,0,1,0
2020-07-30,US,Virginia,Washington,164,4,0,36.72341572,-81.95666289,51191.0,305.1730554521772,2.4390243902439024,160,157,4,0,153,146,54402,7,0,0,7,11
2020-07-30,US,Virginia,Waynesboro,165,2,0,38.06451466,-78.90293905,51820.0,729.1206363234644,1.2121212121212122,163,165,2,0,163,164,22628,0,0,0,0,1
2020-07-30,US,Virginia,Westmoreland,193,2,0,38.11021557,-76.80213247,51193.0,1071.3294476824867,1.0362694300518134,191,192,2,0,190,192,17830,1,0,0,1,0
2020-07-30,US,Virginia,Williamsburg,106,6,0,37.28131268,-76.70905141,51830.0,708.8404440283538,5.660377358490566,100,105,6,0,99,105,14896,1,0,0,1,0
2020-07-30,US,Virginia,Winchester,390,4,0,39.17054517,-78.17325058,51840.0,1388.9878196452744,1.0256410256410255,386,390,4,0,386,390,28108,0,0,0,0,0
2020-07-30,US,Virginia,Wise,75,3,0,36.9746148,-82.62410519,51195.0,200.62595297327653,4.0,72,74,3,0,71,70,38012,1,0,0,1,4
2020-07-30,US,Virginia,Wythe,98,3,0,36.91582035,-81.07834059,51197.0,341.653883698229,3.0612244897959178,95,95,3,0,92,94,28754,3,0,0,3,1
2020-07-30,US,Virginia,York,293,3,0,37.24374789,-76.54412815,51199.0,429.1154071470417,1.023890784982935,290,290,3,0,287,287,67846,3,0,0,3,3
2020-07-30,US,Washington,Adams,374,3,0,46.98299757,-118.5601734,53001.0,1871.5908522243908,0.8021390374331551,371,371,2,0,369,368,19759,3,1,0,2,3
2020-07-30,US,Washington,Asotin,24,2,0,46.18894415,-117.2022851,53003.0,106.27933752546276,8.333333333333334,22,22,2,0,20,22,22610,2,0,0,2,0
2020-07-30,US,Washington,Benton,3434,107,0,46.23946995,-119.5120834,53005.0,1680.1213366603065,3.115899825276645,3327,3390,106,0,3284,3306,201877,44,1,0,43,84
2020-07-30,US,Washington,Chelan,1019,9,0,47.87046092,-120.6173956,53007.0,1319.9481865284974,0.8832188420019627,1010,998,8,0,990,960,77036,21,1,0,20,38
2020-07-30,US,Washington,Clallam,91,0,0,48.04754642,-123.9226319,53009.0,117.67596436099363,0.0,91,88,0,0,88,86,76737,3,0,0,3,2
2020-07-30,US,Washington,Clark,1411,39,0,45.77568046,-122.4829204,53011.0,288.99662256959164,2.7639971651311126,1372,1398,39,0,1359,1382,481857,13,0,0,13,16
2020-07-30,US,Washington,Columbia,13,0,0,46.29442881,-117.9051983,53013.0,326.2233375156838,0.0,13,13,0,0,13,13,4059,0,0,0,0,0
2020-07-30,US,Washington,Cowlitz,426,5,0,46.19074721,-122.6782231,53015.0,385.19616973949525,1.1737089201877935,421,420,5,0,415,415,108987,6,0,0,6,5
2020-07-30,US,Washington,Douglas,726,7,0,47.7361335,-119.692937,53017.0,1671.6940293352368,0.9641873278236914,719,706,6,0,700,681,42907,20,1,0,19,25
2020-07-30,US,Washington,Ferry,12,0,0,48.471143100000006,-118.5154041,53019.0,157.3357807788121,0.0,12,12,0,0,12,11,7649,0,0,0,0,1
2020-07-30,US,Washington,Franklin,3210,46,0,46.53351425,-118.9018212,53021.0,3371.069710781122,1.4330218068535825,3164,3173,45,0,3128,3123,94347,37,1,0,36,50
2020-07-30,US,Washington,Garfield,2,0,0,46.43197502,-117.5454032,53023.0,89.88764044943821,0.0,2,2,0,0,2,2,2247,0,0,0,0,0
2020-07-30,US,Washington,Grant,1186,12,0,47.20753737,-119.4500749,53025.0,1213.5102780023124,1.011804384485666,1174,1174,12,0,1162,1151,97331,12,0,0,12,23
2020-07-30,US,Washington,Grays Harbor,92,2,0,47.14003705,-123.7820567,53027.0,122.56697885719616,2.1739130434782608,90,90,2,0,88,85,73901,2,0,0,2,5
2020-07-30,US,Washington,Island,234,11,0,48.14713305,-122.5216407,53029.0,274.8382095582622,4.700854700854701,223,232,11,0,221,231,84460,2,0,0,2,1
2020-07-30,US,Washington,Jefferson,51,0,0,47.75003077,-123.56097040000002,53031.0,158.2818658638776,0.0,51,51,0,0,51,50,31729,0,0,0,0,1
2020-07-30,US,Washington,King,15025,649,0,47.49137892,-121.8346131,53033.0,666.9531272888366,4.319467554076539,14376,14856,648,0,14208,14717,2233163,169,1,0,168,139
2020-07-30,US,Washington,Kitsap,598,3,0,47.63479026,-122.6436061,53035.0,220.27973315946704,0.5016722408026756,595,575,3,0,572,564,269805,23,0,0,23,11
2020-07-30,US,Washington,Kittitas,326,17,0,47.12521214,-120.679439,53037.0,680.0876186502555,5.214723926380368,309,326,16,0,310,320,47364,0,1,0,-1,6
2020-07-30,US,Washington,Klickitat,100,3,0,45.87325839,-120.7913598,53039.0,445.9308807134894,3.0,97,100,3,0,97,99,22107,0,0,0,0,1
2020-07-30,US,Washington,Lewis,166,3,0,46.57756476,-122.3925769,53041.0,205.68228282552937,1.8072289156626504,163,160,3,0,157,156,79604,6,0,0,6,4
2020-07-30,US,Washington,Lincoln,10,0,0,47.57705241,-118.4194388,53043.0,91.41603437242891,0.0,10,10,0,0,10,9,10740,0,0,0,0,1
2020-07-30,US,Washington,Mason,145,1,0,47.35007586,-123.1863685,53045.0,217.16990174934105,0.6896551724137931,144,134,1,0,133,124,65507,11,0,0,11,10
2020-07-30,US,Washington,Okanogan,689,2,0,48.54855019,-119.7387224,53047.0,1631.039462159411,0.2902757619738752,687,673,2,0,671,655,42132,16,0,0,16,18
2020-07-30,US,Washington,Pacific,33,2,0,46.55418369,-123.7285716,53049.0,146.85594766588048,6.0606060606060606,31,32,2,0,30,31,22036,1,0,0,1,1
2020-07-30,US,Washington,Pend Oreille,36,0,0,48.53234021,-117.2741804,53051.0,262.31419411250357,0.0,36,35,0,0,35,36,13602,1,0,0,1,-1
2020-07-30,US,Washington,Pierce,4836,125,0,47.03892768,-122.1405958,53053.0,534.3764503082941,2.5847808105872616,4711,4736,125,0,4611,4626,891299,100,0,0,100,110
2020-07-30,US,Washington,San Juan,28,0,0,48.60182783,-122.96745,53055.0,159.2537822773291,0.0,28,28,0,0,28,28,17128,0,0,0,0,0
2020-07-30,US,Washington,Skagit,783,20,0,48.48171488,-121.766131,53057.0,606.0136991602493,2.554278416347382,763,766,20,0,746,760,128206,17,0,0,17,6
2020-07-30,US,Washington,Skamania,47,1,0,46.02408726,-121.9164403,53059.0,388.976247620624,2.127659574468085,46,47,1,0,46,47,11924,0,0,0,0,0
2020-07-30,US,Washington,Snohomish,4949,186,0,48.04615983,-121.7170703,53061.0,602.0073398914707,3.758335017175187,4763,4903,187,0,4716,4853,814901,46,-1,0,47,50
2020-07-30,US,Washington,Spokane,3613,57,0,47.62113146,-117.4046494,53063.0,691.0891013355063,1.5776363133130362,3556,3511,56,0,3455,3422,514631,102,1,0,101,89
2020-07-30,US,Washington,Stevens,82,1,0,48.40035475,-117.8542701,53065.0,179.3408131574918,1.2195121951219512,81,69,1,0,68,66,45260,13,0,0,13,3
2020-07-30,US,Washington,Thurston,603,7,0,46.9291895,-122.8290656,53067.0,207.54742957843442,1.1608623548922057,596,578,7,0,571,570,286419,25,0,0,25,8
2020-07-30,US,Washington,Unassigned,186,0,0,0.0,0.0,90053.0,0.0,0.0,186,151,0,0,151,152,,35,0,0,35,-1
2020-07-30,US,Washington,Wahkiakum,5,0,0,46.29180039999999,-123.4250831,53069.0,111.40819964349377,0.0,5,5,0,0,5,5,4426,0,0,0,0,0
2020-07-30,US,Washington,Walla Walla,395,3,0,46.23040051,-118.4775539,53071.0,650.0987491770902,0.7594936708860759,392,383,3,0,380,368,60922,12,0,0,12,15
2020-07-30,US,Washington,Whatcom,894,37,0,48.82227976,-121.7490018,53073.0,389.972387861128,4.138702460850112,857,879,37,0,842,871,225685,15,0,0,15,8
2020-07-30,US,Washington,Whitman,84,0,0,46.90022523,-117.5241763,53075.0,167.65128532652085,0.0,84,84,0,0,84,82,49791,0,0,0,0,2
2020-07-30,US,Washington,Yakima,9865,204,0,46.45738486,-120.7380126,53077.0,3932.2685183339777,2.0679168778509878,9661,9804,202,0,9602,9758,251446,61,2,0,59,46
2020-07-30,US,West Virginia,Barbour,29,1,0,39.1307219,-80.00350858,54001.0,176.38829754881093,3.4482758620689653,28,29,1,0,28,28,16535,0,0,0,0,1
2020-07-30,US,West Virginia,Berkeley,634,11,0,39.46704621,-78.02414609,54003.0,532.0086262597443,1.7350157728706626,623,631,11,0,620,622,117123,3,0,0,3,9
2020-07-30,US,West Virginia,Boone,70,0,0,38.01974191,-81.69888019,54005.0,326.2338630749872,0.0,70,69,0,0,69,68,21951,1,0,0,1,1
2020-07-30,US,West Virginia,Braxton,8,0,0,38.70036159,-80.72011184,54007.0,57.31890807480117,0.0,8,8,0,0,8,8,14089,0,0,0,0,0
2020-07-30,US,West Virginia,Brooke,54,1,0,40.27367263,-80.57915332,54009.0,246.13701627239163,1.851851851851852,53,53,1,0,52,52,22203,1,0,0,1,1
2020-07-30,US,West Virginia,Cabell,306,2,0,38.42424062,-82.23855912,54011.0,332.80765675131875,0.6535947712418301,304,291,2,0,289,290,93224,15,0,0,15,1
2020-07-30,US,West Virginia,Calhoun,6,0,0,38.84315422,-81.11934872,54013.0,84.40005626670418,0.0,6,6,0,0,6,6,7254,0,0,0,0,0
2020-07-30,US,West Virginia,Clay,17,1,0,38.46231092,-81.07652217,54015.0,199.8119417019276,5.882352941176472,16,17,1,0,16,17,8632,0,0,0,0,0
2020-07-30,US,West Virginia,Doddridge,4,0,0,39.27057157,-80.70671527,54017.0,47.34848484848485,0.0,4,3,0,0,3,2,8406,1,0,0,1,1
2020-07-30,US,West Virginia,Fayette,124,5,0,38.02974928,-81.08286634,54019.0,292.4114512097345,4.032258064516129,119,122,5,0,117,121,43018,2,0,0,2,1
2020-07-30,US,West Virginia,Gilmer,14,0,0,38.9251277,-80.85952723,54021.0,178.95947846094847,0.0,14,14,0,0,14,14,8026,0,0,0,0,0
2020-07-30,US,West Virginia,Grant,66,0,0,39.10314817,-79.19440518,54023.0,570.5394190871368,0.0,66,66,0,0,66,43,11626,0,0,0,0,23
2020-07-30,US,West Virginia,Greenbrier,83,3,0,37.9463652,-80.45335881,54025.0,239.45531129190468,3.614457831325301,80,83,3,0,80,83,34786,0,0,0,0,0
2020-07-30,US,West Virginia,Hampshire,70,1,0,39.32103553,-78.60826476,54027.0,302.04962243797195,1.4285714285714286,69,67,1,0,66,65,23347,3,0,0,3,2
2020-07-30,US,West Virginia,Hancock,92,0,0,40.51943859,-80.57461608,54029.0,319.3335647344672,0.0,92,93,0,0,93,91,29094,-1,0,0,-1,2
2020-07-30,US,West Virginia,Hardy,54,0,0,39.00683177,-78.85855301,54031.0,391.98606271777015,0.0,54,52,0,0,52,51,13775,2,0,0,2,1
2020-07-30,US,West Virginia,Harrison,176,1,0,39.2853852,-80.37919577,54033.0,261.68668966337583,0.5681818181818182,175,171,1,0,170,166,67554,5,0,0,5,5
2020-07-30,US,West Virginia,Jackson,157,19,0,38.84263974,-81.68148753,54035.0,549.4120940649498,12.101910828025478,138,157,19,0,138,154,28706,0,0,0,0,3
2020-07-30,US,West Virginia,Jefferson,285,4,0,39.30776166,-77.86014147,54037.0,498.7225702586358,1.4035087719298245,281,285,4,0,281,285,56811,0,0,0,0,0
2020-07-30,US,West Virginia,Kanawha,747,20,0,38.33860077,-81.52857054,54039.0,419.3707754148795,2.6773761713520754,727,723,20,0,703,710,180454,24,0,0,24,13
2020-07-30,US,West Virginia,Lewis,25,2,0,38.9947249,-80.49988181,54041.0,157.16351291884075,8.0,23,25,2,0,23,25,16024,0,0,0,0,0
2020-07-30,US,West Virginia,Lincoln,55,0,0,38.172154,-82.07017953,54043.0,269.4889509530109,0.0,55,56,0,0,56,53,20599,-1,0,0,-1,3
2020-07-30,US,West Virginia,Logan,108,1,0,37.8299889,-81.93528571,54045.0,337.29972828633,0.925925925925926,107,103,1,0,102,93,32607,5,0,0,5,10
2020-07-30,US,West Virginia,Marion,169,2,0,39.50984542,-80.24244659,54049.0,301.39820231131404,1.183431952662722,167,162,2,0,160,159,56097,7,0,0,7,3
2020-07-30,US,West Virginia,Marshall,118,0,0,39.86064362,-80.66591062,54051.0,386.4924175428253,0.0,118,116,0,0,116,111,30785,2,0,0,2,5
2020-07-30,US,West Virginia,Mason,45,1,0,38.77071799,-82.02524219,54053.0,169.70885503092472,2.2222222222222223,44,41,1,0,40,41,26718,4,0,0,4,0
2020-07-30,US,West Virginia,McDowell,20,0,0,37.38002939,-81.65083669,54047.0,113.48161597821155,0.0,20,19,0,0,19,17,18223,1,0,0,1,2
2020-07-30,US,West Virginia,Mercer,126,3,0,37.40481169,-81.11023142,54055.0,214.43888491779842,2.380952380952381,123,125,2,0,123,108,59131,1,1,0,0,17
2020-07-30,US,West Virginia,Mineral,104,4,0,39.41561583,-78.94104895,54057.0,387.07756438886406,3.8461538461538463,100,103,4,0,99,98,26940,1,0,0,1,5
2020-07-30,US,West Virginia,Mingo,112,2,0,37.73048351,-82.13338365,54059.0,478.14207650273227,1.7857142857142858,110,111,2,0,109,106,23785,1,0,0,1,5
2020-07-30,US,West Virginia,Monongalia,867,5,0,39.63218457,-80.04766838,54061.0,820.9294398363822,0.5767012687427913,862,855,5,0,850,840,106420,12,0,0,12,15
2020-07-30,US,West Virginia,Monroe,19,0,0,37.56274716,-80.54577965,54063.0,143.1261770244821,0.0,19,19,0,0,19,19,13280,0,0,0,0,0
2020-07-30,US,West Virginia,Morgan,25,0,0,39.55439028,-78.26311676,54065.0,139.78975620666515,0.0,25,25,0,0,25,25,17787,0,0,0,0,0
2020-07-30,US,West Virginia,Nicholas,29,1,0,38.29617706,-80.79759588,54067.0,118.38667537557151,3.4482758620689653,28,28,1,0,27,27,24842,1,0,0,1,1
2020-07-30,US,West Virginia,Ohio,243,3,0,40.0955451,-80.62203992,54069.0,586.8006085339644,1.2345679012345678,240,241,3,0,238,241,41755,2,0,0,2,0
2020-07-30,US,West Virginia,Pendleton,35,1,0,38.68314479,-79.35084086,54071.0,502.224135457024,2.8571428571428568,34,37,1,0,36,28,6997,-2,0,0,-2,9
2020-07-30,US,West Virginia,Pleasants,7,0,0,39.37091679,-81.16771771,54073.0,93.83378016085793,0.0,7,7,0,0,7,7,7507,0,0,0,0,0
2020-07-30,US,West Virginia,Pocahontas,41,0,0,38.32758728,-80.00993811,54075.0,497.1504789620468,0.0,41,41,0,0,41,41,8414,0,0,0,0,0
2020-07-30,US,West Virginia,Preston,120,3,0,39.46770987,-79.66712803,54077.0,358.9375448671932,2.5,117,120,3,0,117,120,33839,0,0,0,0,0
2020-07-30,US,West Virginia,Putnam,150,0,0,38.50782345,-81.9082131,54079.0,265.72187776793623,0.0,150,153,0,0,153,153,56682,-3,0,0,-3,0
2020-07-30,US,West Virginia,Raleigh,154,0,0,37.76936795,-81.2456041,54081.0,209.92080260628944,0.0,154,147,0,0,147,138,74254,7,0,0,7,9
2020-07-30,US,West Virginia,Randolph,206,0,0,38.769899,-79.87919615,54083.0,717.8951036765989,0.0,206,206,0,0,206,206,28823,0,0,0,0,0
2020-07-30,US,West Virginia,Ritchie,3,0,0,39.18094587,-81.06356878,54085.0,31.400460540087924,0.0,3,3,0,0,3,3,9721,0,0,0,0,0
2020-07-30,US,West Virginia,Roane,14,1,0,38.71622686,-81.35243568,54087.0,102.27936879018118,7.142857142857142,13,14,1,0,13,14,13932,0,0,0,0,0
2020-07-30,US,West Virginia,Summers,5,0,0,37.65390597,-80.86009693,54089.0,39.767756303189365,0.0,5,5,0,0,5,5,12760,0,0,0,0,0
2020-07-30,US,West Virginia,Taylor,45,0,0,39.33602617,-80.0421439,54091.0,269.54177897574124,0.0,45,43,0,0,43,39,16862,2,0,0,2,4
2020-07-30,US,West Virginia,Tucker,9,0,0,39.11240885,-79.57053576,54093.0,131.59818686942535,0.0,9,9,0,0,9,8,6955,0,0,0,0,1
2020-07-30,US,West Virginia,Tyler,11,0,0,39.46811972,-80.88772676,54095.0,128.04097311139566,0.0,11,11,0,0,11,11,8746,0,0,0,0,0
2020-07-30,US,West Virginia,Upshur,38,0,0,38.89285061,-80.23689136,54097.0,157.180675049636,0.0,38,38,0,0,38,36,24415,0,0,0,0,2
2020-07-30,US,West Virginia,Wayne,178,9,0,38.14901357,-82.42287994,54099.0,451.75371808537636,5.056179775280898,169,178,9,0,169,176,39944,0,0,0,0,2
2020-07-30,US,West Virginia,Webster,3,0,0,38.49370949,-80.4202023,54101.0,36.973132856790734,0.0,3,3,0,0,3,3,8285,0,0,0,0,0
2020-07-30,US,West Virginia,Wetzel,41,0,0,39.6065771,-80.64016540000001,54103.0,272.15399933620984,0.0,41,41,0,0,41,41,15270,0,0,0,0,0
2020-07-30,US,West Virginia,Wirt,6,0,0,39.02775007,-81.37473928,54105.0,103.07507301151009,0.0,6,6,0,0,6,6,5830,0,0,0,0,0
2020-07-30,US,West Virginia,Wood,230,4,0,39.20967886,-81.5162836,54107.0,275.3897363442611,1.7391304347826086,226,229,4,0,225,229,84203,1,0,0,1,0
2020-07-30,US,West Virginia,Wyoming,18,1,0,37.612327,-81.54511071,54109.0,88.261253309797,5.5555555555555545,17,17,1,0,16,17,20786,1,0,0,1,0
2020-07-30,US,Wisconsin,Adams,66,2,0,43.96974651,-89.76782777,55001.0,326.40949554896144,3.0303030303030303,64,65,2,0,63,64,20348,1,0,0,1,1
2020-07-30,US,Wisconsin,Ashland,15,0,0,46.31956891,-90.67837132,55003.0,96.38863899241743,0.0,15,15,0,0,15,15,15600,0,0,0,0,0
2020-07-30,US,Wisconsin,Barron,207,3,0,45.42372701,-91.84833627,55005.0,457.51922906904775,1.4492753623188406,204,145,3,0,142,133,45164,62,0,0,62,12
2020-07-30,US,Wisconsin,Bayfield,18,1,0,46.52868768,-91.19716729,55007.0,119.71268954509178,5.5555555555555545,17,19,1,0,18,19,15042,-1,0,0,-1,0
2020-07-30,US,Wisconsin,Brown,3896,50,0,44.4526553,-88.00411844,55009.0,1472.7340082104165,1.2833675564681726,3846,3855,50,0,3805,3822,263378,41,0,0,41,33
2020-07-30,US,Wisconsin,Buffalo,41,2,0,44.37835084,-91.75332578,55011.0,314.6343335123936,4.878048780487805,39,40,2,0,38,37,13125,1,0,0,1,3
2020-07-30,US,Wisconsin,Burnett,13,1,0,45.86303537,-92.36711412,55013.0,84.33891267678733,7.6923076923076925,12,13,1,0,12,13,15392,0,0,0,0,0
2020-07-30,US,Wisconsin,Calumet,230,2,0,44.0816316,-88.21780273,55015.0,459.18265487432365,0.8695652173913043,228,224,2,0,222,221,50159,6,0,0,6,3
2020-07-30,US,Wisconsin,Chippewa,203,0,0,45.06939744,-91.28068855,55017.0,313.95960283336944,0.0,203,198,0,0,198,198,64135,5,0,0,5,0
2020-07-30,US,Wisconsin,Clark,167,7,0,44.73483377,-90.61207486,55019.0,480.243860355438,4.1916167664670665,160,166,7,0,159,161,34709,1,0,0,1,5
2020-07-30,US,Wisconsin,Columbia,210,1,0,43.46492199,-89.33589004,55021.0,365.01425293749566,0.4761904761904762,209,204,1,0,203,198,57358,6,0,0,6,6
2020-07-30,US,Wisconsin,Crawford,55,0,0,43.23870316,-90.93073686,55023.0,340.95840307482484,0.0,55,54,0,0,54,53,16291,1,0,0,1,1
2020-07-30,US,Wisconsin,Dane,4007,35,0,43.06601594,-89.41733797,55025.0,732.9498166253578,0.8734714250062391,3972,3970,35,0,3935,3904,542364,37,0,0,37,66
2020-07-30,US,Wisconsin,Dodge,642,5,0,43.41576662,-88.70928178,55027.0,730.8826375527956,0.778816199376947,637,634,5,0,629,627,87847,8,0,0,8,7
2020-07-30,US,Wisconsin,Door,84,3,0,44.95856458,-87.30002707,55029.0,303.59982651438486,3.571428571428572,81,82,3,0,79,81,27610,2,0,0,2,1
2020-07-30,US,Wisconsin,Douglas,110,0,0,46.43222285,-91.91595768,55031.0,254.9246813441484,0.0,110,102,0,0,102,96,43208,8,0,0,8,6
2020-07-30,US,Wisconsin,Dunn,101,0,0,44.94562799,-91.8962481,55033.0,222.6238758596368,0.0,101,98,0,0,98,95,45131,3,0,0,3,3
2020-07-30,US,Wisconsin,Eau Claire,462,3,0,44.726614,-91.28609183,55035.0,441.48844676337364,0.6493506493506493,459,448,3,0,445,441,104534,14,0,0,14,7
2020-07-30,US,Wisconsin,Florence,7,0,0,45.84963535,-88.39804137,55037.0,162.98020954598368,0.0,7,5,0,0,5,5,4321,2,0,0,2,0
2020-07-30,US,Wisconsin,Fond du Lac,522,6,0,43.75354908,-88.48885325,55039.0,504.82094329951735,1.1494252873563218,516,513,6,0,507,503,103066,9,0,0,9,10
2020-07-30,US,Wisconsin,Forest,57,4,0,45.66678019,-88.77084892,55041.0,633.0519768991559,7.0175438596491215,53,57,4,0,53,57,8991,0,0,0,0,0
2020-07-30,US,Wisconsin,Grant,313,14,0,42.8671731,-90.7063218,55043.0,608.4877233227706,4.472843450479234,299,303,14,0,289,299,51554,10,0,0,10,4
2020-07-30,US,Wisconsin,Green,121,1,0,42.6794956,-89.60243287,55045.0,327.38095238095235,0.8264462809917356,120,121,1,0,120,121,36929,0,0,0,0,0
2020-07-30,US,Wisconsin,Green Lake,50,0,0,43.80025981,-89.04679553,55047.0,264.36842383545707,0.0,50,50,0,0,50,49,18918,0,0,0,0,1
2020-07-30,US,Wisconsin,Iowa,62,0,0,43.00050278,-90.13469017,55049.0,261.8464397330856,0.0,62,56,0,0,56,58,23771,6,0,0,6,-2
2020-07-30,US,Wisconsin,Iron,69,1,0,46.26302338,-90.24295041,55051.0,1213.2934763495693,1.4492753623188406,68,68,1,0,67,67,5676,1,0,0,1,1
2020-07-30,US,Wisconsin,Jackson,45,1,0,44.31864893,-90.80566792,55053.0,217.99157099258832,2.2222222222222223,44,43,1,0,42,43,20478,2,0,0,2,0
2020-07-30,US,Wisconsin,Jefferson,542,5,0,43.02054068,-88.77529134,55055.0,639.3846807205464,0.922509225092251,537,535,4,0,531,525,85129,7,1,0,6,10
2020-07-30,US,Wisconsin,Juneau,117,1,0,43.92456975,-90.11120239,55057.0,438.4157080226328,0.8547008547008547,116,114,1,0,113,112,26617,3,0,0,3,2
2020-07-30,US,Wisconsin,Kenosha,2374,51,0,42.57639354,-88.04051686,55059.0,1400.0861047056812,2.148272957034541,2323,2341,51,0,2290,2305,169290,33,0,0,33,36
2020-07-30,US,Wisconsin,Kewaunee,109,2,0,44.51727459,-87.61468386,55061.0,533.4246843496134,1.834862385321101,107,106,2,0,104,105,20383,3,0,0,3,1
2020-07-30,US,Wisconsin,La Crosse,775,1,0,43.90632465,-91.11451093,55063.0,656.6906182212581,0.12903225806451613,774,762,1,0,761,759,118230,13,0,0,13,3
2020-07-30,US,Wisconsin,Lafayette,102,0,0,42.66005229,-90.1317729,55065.0,612.061206120612,0.0,102,101,0,0,101,101,16665,1,0,0,1,0
2020-07-30,US,Wisconsin,Langlade,42,1,0,45.26271619,-89.07483625,55067.0,218.87539736307255,2.380952380952381,41,38,1,0,37,35,19268,4,0,0,4,3
2020-07-30,US,Wisconsin,Lincoln,60,0,0,45.33737523,-89.73411273,55069.0,217.4464538107491,0.0,60,56,0,0,56,56,27689,4,0,0,4,0
2020-07-30,US,Wisconsin,Manitowoc,281,1,0,44.11946801,-87.80928853,55071.0,355.7817702991859,0.3558718861209965,280,272,1,0,271,257,79074,9,0,0,9,15
2020-07-30,US,Wisconsin,Marathon,532,5,0,44.89792533,-89.75863384,55073.0,392.0643810983698,0.9398496240601504,527,518,4,0,514,512,135428,14,1,0,13,6
2020-07-30,US,Wisconsin,Marinette,272,3,0,45.38553432,-88.03324599999998,55075.0,674.1016109045847,1.1029411764705883,269,257,3,0,254,255,40434,15,0,0,15,2
2020-07-30,US,Wisconsin,Marquette,67,1,0,43.81911946,-89.40073763,55077.0,430.20418646462053,1.492537313432836,66,67,1,0,66,66,15434,0,0,0,0,1
2020-07-30,US,Wisconsin,Menominee,18,0,0,45.00422544,-88.70950714,55078.0,395.0834064969271,0.0,18,18,0,0,18,18,4658,0,0,0,0,0
2020-07-30,US,Wisconsin,Milwaukee,19069,433,0,43.00486062,-87.96733172,55079.0,2016.334540871246,2.2707011379726256,18636,18769,429,0,18340,18528,948201,300,4,0,296,241
2020-07-30,US,Wisconsin,Monroe,200,1,0,43.94641218,-90.618819,55081.0,432.4043845804596,0.5,199,192,1,0,191,184,46051,8,0,0,8,8
2020-07-30,US,Wisconsin,Oconto,164,0,0,45.02715345,-88.26807503,55083.0,432.3754284207752,0.0,164,154,0,0,154,149,37830,10,0,0,10,5
2020-07-30,US,Wisconsin,Oneida,79,0,0,45.70677897,-89.51944105,55085.0,221.94128388818646,0.0,79,74,0,0,74,70,35470,5,0,0,5,4
2020-07-30,US,Wisconsin,Outagamie,1037,12,0,44.41578887,-88.46565023,55087.0,551.9333634936264,1.1571841851494695,1025,1008,12,0,996,991,187365,29,0,0,29,17
2020-07-30,US,Wisconsin,Ozaukee,514,16,0,43.38352225,-87.94625009,55089.0,576.0975555082323,3.1128404669260696,498,494,16,0,478,482,89147,20,0,0,20,12
2020-07-30,US,Wisconsin,Pepin,40,0,0,44.58307413,-91.99949611,55091.0,548.9227391244682,0.0,40,41,0,0,41,41,7289,-1,0,0,-1,0
2020-07-30,US,Wisconsin,Pierce,160,0,0,44.71850291,-92.4224416,55093.0,374.2339898021238,0.0,160,159,0,0,159,152,42555,1,0,0,1,7
2020-07-30,US,Wisconsin,Polk,108,2,0,45.46130348,-92.44182875,55095.0,246.67108238357352,1.851851851851852,106,105,2,0,103,103,43598,3,0,0,3,2
2020-07-30,US,Wisconsin,Portage,330,0,0,44.47558711,-89.50152965,55097.0,466.2861018481885,0.0,330,327,0,0,327,323,70942,3,0,0,3,4
2020-07-30,US,Wisconsin,Price,18,0,0,45.68051754,-90.3609888,55099.0,134.82136169575313,0.0,18,18,0,0,18,19,13397,0,0,0,0,-1
2020-07-30,US,Wisconsin,Racine,3058,75,0,42.74753117,-88.05941254,55101.0,1557.7323736316355,2.4525833878351864,2983,3011,75,0,2936,2984,196584,47,0,0,47,27
2020-07-30,US,Wisconsin,Richland,25,4,0,43.3762778,-90.43012729,55103.0,144.91073498724785,16.0,21,22,4,0,18,21,17377,3,0,0,3,1
2020-07-30,US,Wisconsin,Rock,1330,26,0,42.67151616,-89.07147900000002,55105.0,814.1826952508051,1.954887218045113,1304,1325,26,0,1299,1305,163129,5,0,0,5,20
2020-07-30,US,Wisconsin,Rusk,13,1,0,45.47498854,-91.1333012,55107.0,91.69135280011284,7.6923076923076925,12,13,1,0,12,13,14147,0,0,0,0,0
2020-07-30,US,Wisconsin,Sauk,338,3,0,43.42574087,-89.94966132,55111.0,524.5026535489277,0.8875739644970414,335,319,3,0,316,309,64249,19,0,0,19,10
2020-07-30,US,Wisconsin,Sawyer,31,0,0,45.87931905,-91.14504927,55113.0,187.2206788259452,0.0,31,27,0,0,27,26,16489,4,0,0,4,1
2020-07-30,US,Wisconsin,Shawano,143,0,0,44.78902246,-88.76443896,55115.0,349.6418005330204,0.0,143,139,0,0,139,138,40796,4,0,0,4,1
2020-07-30,US,Wisconsin,Sheboygan,573,5,0,43.72099677,-87.94579284,55117.0,496.79209294260454,0.8726003490401396,568,558,5,0,553,505,115456,15,0,0,15,53
2020-07-30,US,Wisconsin,St. Croix,433,2,0,45.03437474,-92.45000068,55109.0,477.466450538666,0.4618937644341801,431,424,2,0,422,400,89694,9,0,0,9,24
2020-07-30,US,Wisconsin,Taylor,44,0,0,45.21179252,-90.5004405,55119.0,216.29061593668584,0.0,44,42,0,0,42,41,20412,2,0,0,2,1
2020-07-30,US,Wisconsin,Trempealeau,285,1,0,44.30360275,-91.35893614,55121.0,961.2465850450267,0.3508771929824561,284,281,1,0,280,277,29442,4,0,0,4,4
2020-07-30,US,Wisconsin,Vernon,54,0,0,43.59422667,-90.8324691,55123.0,175.19953280124585,0.0,54,51,0,0,51,51,30785,3,0,0,3,0
2020-07-30,US,Wisconsin,Vilas,28,0,0,46.05467334,-89.51719204,55125.0,126.15453931065555,0.0,28,25,0,0,25,24,21938,3,0,0,3,1
2020-07-30,US,Wisconsin,Walworth,1142,21,0,42.66858202,-88.54163073,55127.0,1099.472407286171,1.8388791593695268,1121,1103,21,0,1082,1083,103718,39,0,0,39,20
2020-07-30,US,Wisconsin,Washburn,17,0,0,45.89838588,-91.79050449,55129.0,108.14249363867685,0.0,17,14,0,0,14,13,15878,3,0,0,3,1
2020-07-30,US,Wisconsin,Washington,791,22,0,43.36863664,-88.22974712,55131.0,581.4722789890762,2.781289506953224,769,747,22,0,725,724,135693,44,0,0,44,23
2020-07-30,US,Wisconsin,Waukesha,3380,51,0,43.01833055,-88.30431188,55133.0,836.2238308947595,1.5088757396449703,3329,3284,49,0,3235,3174,403072,96,2,0,94,110
2020-07-30,US,Wisconsin,Waupaca,344,14,0,44.47068056,-88.96534501,55135.0,674.6420866836635,4.069767441860465,330,334,14,0,320,331,51128,10,0,0,10,3
2020-07-30,US,Wisconsin,Waushara,95,0,0,44.11324419,-89.24317107,55137.0,388.65932986949235,0.0,95,89,0,0,89,86,24263,6,0,0,6,3
2020-07-30,US,Wisconsin,Winnebago,997,16,0,44.06886922,-88.64477096,55139.0,579.9647483813922,1.60481444332999,981,978,16,0,962,970,171020,19,0,0,19,8
2020-07-30,US,Wisconsin,Wood,204,1,0,44.45537896,-90.04158336,55141.0,279.4558829573008,0.4901960784313725,203,189,1,0,188,176,73055,15,0,0,15,13
2020-07-30,US,Wyoming,Albany,83,0,0,41.65498705,-105.7235415,56001.0,213.47736625514403,0.0,83,80,0,0,80,78,38601,3,0,0,3,2
2020-07-30,US,Wyoming,Big Horn,35,0,0,44.52405055,-107.9960365,56003.0,296.86174724342663,0.0,35,35,0,0,35,33,11881,0,0,0,0,2
2020-07-30,US,Wyoming,Campbell,115,0,0,44.24886082,-105.5474404,56005.0,248.16037634060555,0.0,115,113,0,0,113,111,46140,2,0,0,2,2
2020-07-30,US,Wyoming,Carbon,71,0,0,41.69357844,-106.9326084,56007.0,479.72972972972974,0.0,71,70,0,0,70,69,14971,1,0,0,1,1
2020-07-30,US,Wyoming,Converse,30,0,0,42.97272268,-105.5081848,56009.0,217.04529011720444,0.0,30,30,0,0,30,30,13640,0,0,0,0,0
2020-07-30,US,Wyoming,Crook,9,0,0,44.58855102,-104.5697705,56011.0,118.67088607594937,0.0,9,9,0,0,9,9,7450,0,0,0,0,0
2020-07-30,US,Wyoming,Fremont,464,0,0,43.04183996,-108.6296893,56013.0,1181.8343903619368,0.0,464,459,0,0,459,458,39531,5,0,0,5,1
2020-07-30,US,Wyoming,Goshen,14,0,0,42.08798185,-104.3534743,56015.0,105.97229581409431,0.0,14,14,0,0,14,12,13376,0,0,0,0,2
2020-07-30,US,Wyoming,Hot Springs,18,0,0,43.71930657,-108.4423174,56017.0,407.8857919782462,0.0,18,17,0,0,17,17,4555,1,0,0,1,0
2020-07-30,US,Wyoming,Johnson,22,1,0,44.04057166,-106.5845174,56019.0,260.5091770278271,4.545454545454546,21,22,1,0,21,22,8460,0,0,0,0,0
2020-07-30,US,Wyoming,Laramie,449,0,0,41.30702520000001,-104.6887497,56021.0,451.2562814070352,0.0,449,442,0,0,442,432,98976,7,0,0,7,10
2020-07-30,US,Wyoming,Lincoln,90,0,0,42.26376367,-110.6563997,56023.0,453.857791225416,0.0,90,89,0,0,89,88,19434,1,0,0,1,1
2020-07-30,US,Wyoming,Natrona,214,0,0,42.96180148,-106.797885,56025.0,267.97565679080367,0.0,214,210,0,0,210,209,79115,4,0,0,4,1
2020-07-30,US,Wyoming,Niobrara,2,0,0,43.05607708,-104.4758896,56027.0,84.88964346349746,0.0,2,2,0,0,2,2,2388,0,0,0,0,0
2020-07-30,US,Wyoming,Park,111,0,0,44.52157546,-109.5852825,56029.0,380.2151126943892,0.0,111,108,0,0,108,107,29324,3,0,0,3,1
2020-07-30,US,Wyoming,Platte,5,0,0,42.13299116,-104.966331,56031.0,59.57345406886692,0.0,5,5,0,0,5,5,8566,0,0,0,0,0
2020-07-30,US,Wyoming,Sheridan,56,0,0,44.79048913,-106.8862389,56033.0,183.69690011481057,0.0,56,45,0,0,45,44,30233,11,0,0,11,1
2020-07-30,US,Wyoming,Sublette,32,0,0,42.76558279,-109.9130922,56035.0,325.50096633099383,0.0,32,31,0,0,31,31,9813,1,0,0,1,0
2020-07-30,US,Wyoming,Sweetwater,237,0,0,41.65943896,-108.8827882,56037.0,559.714710814066,0.0,237,234,0,0,234,228,43051,3,0,0,3,6
2020-07-30,US,Wyoming,Teton,331,0,0,43.93522482,-110.5890801,56039.0,1410.671667234913,0.0,331,318,0,0,318,311,23081,13,0,0,13,7
2020-07-30,US,Wyoming,Uinta,247,0,0,41.2878183,-110.54757820000002,56041.0,1221.2004350835562,0.0,247,245,0,0,245,243,20299,2,0,0,2,2
2020-07-30,US,Wyoming,Unassigned,0,25,0,0.0,0.0,90056.0,0.0,0.0,-25,0,25,0,-25,0,,0,0,0,0,0
2020-07-30,US,Wyoming,Washakie,46,0,0,43.90451606,-107.68018700000002,56043.0,589.3657911595133,0.0,46,45,0,0,45,45,7885,1,0,0,1,0
2020-07-30,US,Wyoming,Weston,5,0,0,43.83961191,-104.5674881,56045.0,72.18131947452,0.0,5,5,0,0,5,5,6967,0,0,0,0,0
