Date,Country/Region,Province/State,Admin2,Confirmed,Deaths,Recovered,Latitude,Longitude,FIPS,Incidence_Rate,Case-Fatality_Ratio,Active Cases,Previous Confirmed,Previous Deaths,Previous Recovered,Previous Active,Prev2 Confirmed,Population,Daily Confirmed,Daily Deaths,Daily Recovered,Daily Active,Previous Daily Confirmed
2020-09-19,US,Alabama,Autauga,1673,24,0,32.53952745,-86.64408227,1001.0,2994.505002774348,1.4345487148834428,1649,1664,24,0,1640,1624,55601,9,0,0,9,40
2020-09-19,US,Alabama,Baldwin,5047,49,0,30.72774991,-87.72207058,1003.0,2260.856321169714,0.9708737864077671,4998,5033,48,0,4985,5021,218022,14,1,0,13,12
2020-09-19,US,Alabama,Barbour,830,7,0,31.868263,-85.3871286,1005.0,3362.2296038240297,0.8433734939759037,823,824,7,0,817,809,24881,6,0,0,6,15
2020-09-19,US,Alabama,Bibb,628,10,0,32.99642064,-87.12511459999996,1007.0,2804.322586407073,1.5923566878980893,618,619,10,0,609,617,22400,9,0,0,9,2
2020-09-19,US,Alabama,Blount,1542,14,0,33.98210918,-86.56790593,1009.0,2666.6205513091,0.9079118028534372,1528,1527,14,0,1513,1504,57840,15,0,0,15,23
2020-09-19,US,Alabama,Bullock,585,14,0,32.10030533,-85.71265535,1011.0,5791.505791505791,2.393162393162393,571,585,14,0,571,585,10138,0,0,0,0,0
2020-09-19,US,Alabama,Butler,908,38,0,31.75300095,-86.68057478,1013.0,4668.860551213493,4.185022026431718,870,906,38,0,868,902,19680,2,0,0,2,4
2020-09-19,US,Alabama,Calhoun,3320,39,0,33.77483727,-85.82630386,1015.0,2922.4065842172445,1.1746987951807228,3281,3249,39,0,3210,3211,114277,71,0,0,71,38
2020-09-19,US,Alabama,Chambers,1123,42,0,32.91360079,-85.39072749,1017.0,3377.0373488903588,3.739982190560997,1081,1117,42,0,1075,1106,33615,6,0,0,6,11
2020-09-19,US,Alabama,Cherokee,555,16,0,34.17805983,-85.60638968,1019.0,2118.64406779661,2.8828828828828827,539,548,16,0,532,528,26032,7,0,0,7,20
2020-09-19,US,Alabama,Chilton,1471,27,0,32.85044126,-86.7173256,1021.0,3310.975060772486,1.8354860639021076,1444,1463,27,0,1436,1433,44153,8,0,0,8,30
2020-09-19,US,Alabama,Choctaw,344,12,0,32.02227341,-88.26564429999998,1023.0,2732.5442846929864,3.4883720930232562,332,344,12,0,332,342,12841,0,0,0,0,2
2020-09-19,US,Alabama,Clarke,1049,17,0,31.68099859,-87.83548597,1025.0,4440.775548217763,1.6205910390848428,1032,1046,17,0,1029,1044,23920,3,0,0,3,2
2020-09-19,US,Alabama,Clay,536,7,0,33.26984193,-85.85836077,1027.0,4049.8677748394407,1.3059701492537314,529,531,7,0,524,518,13275,5,0,0,5,13
2020-09-19,US,Alabama,Cleburne,320,6,0,33.67679204,-85.52005899,1029.0,2146.2105969148224,1.875,314,316,6,0,310,311,14987,4,0,0,4,5
2020-09-19,US,Alabama,Coffee,1270,8,0,31.39932826,-85.98901039,1031.0,2426.3497764701387,0.6299212598425197,1262,1248,8,0,1240,1238,51909,22,0,0,22,10
2020-09-19,US,Alabama,Colbert,1593,26,0,34.69847452,-87.80168544,1033.0,2883.7276660451475,1.6321406151914626,1567,1581,26,0,1555,1572,54762,12,0,0,12,9
2020-09-19,US,Alabama,Conecuh,523,11,0,31.43401703,-86.99320044,1035.0,4334.134416176349,2.103250478011472,512,517,11,0,506,516,12277,6,0,0,6,1
2020-09-19,US,Alabama,Coosa,161,3,0,32.93690146,-86.24847739,1037.0,1509.8940260714621,1.8633540372670807,158,160,3,0,157,157,10715,1,0,0,1,3
2020-09-19,US,Alabama,Covington,1302,27,0,31.247785399999998,-86.45050893,1039.0,3514.2648924397413,2.0737327188940093,1275,1303,27,0,1276,1270,36986,-1,0,0,-1,33
2020-09-19,US,Alabama,Crenshaw,522,31,0,31.72941803,-86.31593104,1041.0,3790.2991577112975,5.938697318007662,491,519,31,0,488,515,13824,3,0,0,3,4
2020-09-19,US,Alabama,Cullman,1830,17,0,34.13020303,-86.86888037,1043.0,2184.605099799446,0.9289617486338798,1813,1808,17,0,1791,1800,83442,22,0,0,22,8
2020-09-19,US,Alabama,Dale,1327,43,0,31.43037123,-85.61095742,1045.0,2698.690311559424,3.240391861341372,1284,1300,43,0,1257,1280,48956,27,0,0,27,20
2020-09-19,US,Alabama,Dallas,1736,26,0,32.32688101,-87.10866709999998,1047.0,4667.168512743307,1.4976958525345625,1710,1732,26,0,1706,1725,38310,4,0,0,4,7
2020-09-19,US,Alabama,DeKalb,2346,19,0,34.45946862,-85.80782906,1049.0,3280.5224224966087,0.8098891730605285,2327,2326,19,0,2307,2301,71385,20,0,0,20,25
2020-09-19,US,Alabama,Elmore,2519,47,0,32.59785413,-86.14415284,1051.0,3101.8729451169206,1.8658197697499008,2472,2497,47,0,2450,2475,81887,22,0,0,22,22
2020-09-19,US,Alabama,Escambia,1557,25,0,31.1256789,-87.15918694,1053.0,4250.266153468185,1.6056518946692355,1532,1554,24,0,1530,1543,36748,3,1,0,2,11
2020-09-19,US,Alabama,Etowah,3334,47,0,34.04567266,-86.04051873,1055.0,3260.0617984120154,1.4097180563887222,3287,3306,45,0,3261,3263,102501,28,2,0,26,43
2020-09-19,US,Alabama,Fayette,418,9,0,33.72076938,-87.73886638,1057.0,2564.102564102564,2.15311004784689,409,415,9,0,406,412,16433,3,0,0,3,3
2020-09-19,US,Alabama,Franklin,1741,28,0,34.44235334,-87.84289505,1059.0,5551.304126012372,1.6082711085583001,1713,1734,28,0,1706,1727,31363,7,0,0,7,7
2020-09-19,US,Alabama,Geneva,563,4,0,31.09389027,-85.83572839,1061.0,2143.047466788474,0.7104795737122558,559,556,4,0,552,540,26314,7,0,0,7,16
2020-09-19,US,Alabama,Greene,300,15,0,32.85504247,-87.95684022,1063.0,3698.680803846628,5.0,285,300,15,0,285,299,8233,0,0,0,0,1
2020-09-19,US,Alabama,Hale,612,28,0,32.76039258,-87.63284988,1065.0,4177.189270356972,4.575163398692809,584,610,28,0,582,608,14726,2,0,0,2,2
2020-09-19,US,Alabama,Henry,467,4,0,31.51148016,-85.24267944,1067.0,2714.327230456263,0.8565310492505354,463,459,4,0,455,452,17209,8,0,0,8,7
2020-09-19,US,Alabama,Houston,2699,22,0,31.15197924,-85.29939599,1069.0,2549.0640524357304,0.8151167098925528,2677,2644,22,0,2622,2606,104722,55,0,0,55,38
2020-09-19,US,Alabama,Jackson,1494,11,0,34.78144169,-85.99750489,1071.0,2893.890675241157,0.7362784471218207,1483,1485,11,0,1474,1466,51736,9,0,0,9,19
2020-09-19,US,Alabama,Jefferson,18911,337,0,33.55554728,-86.89506300000002,1073.0,2871.511586414869,1.7820316218074137,18574,18772,333,0,18439,18648,659300,139,4,0,135,124
2020-09-19,US,Alabama,Lamar,345,2,0,33.77995024,-88.09668032,1075.0,2499.094530967041,0.5797101449275363,343,337,2,0,335,330,13844,8,0,0,8,7
2020-09-19,US,Alabama,Lauderdale,1641,33,0,34.90171875,-87.65624729,1077.0,1769.6729178574124,2.010968921389397,1608,1616,33,0,1583,1592,92387,25,0,0,25,24
2020-09-19,US,Alabama,Lawrence,582,20,0,34.52041498,-87.31069453,1079.0,1767.7074474547442,3.436426116838488,562,578,20,0,558,576,32957,4,0,0,4,2
2020-09-19,US,Alabama,Lee,5705,59,0,32.60154883,-85.35132246,1081.0,3467.1998638645455,1.0341805433829974,5646,5603,59,0,5544,5582,163941,102,0,0,102,21
2020-09-19,US,Alabama,Limestone,1973,19,0,34.81185586,-86.98310072,1083.0,1994.6418642268613,0.9630005068423722,1954,1942,19,0,1923,1919,96174,31,0,0,31,23
2020-09-19,US,Alabama,Lowndes,645,27,0,32.1597283,-86.65158371,1085.0,6631.70882171499,4.186046511627906,618,645,27,0,618,643,9974,0,0,0,0,2
2020-09-19,US,Alabama,Macon,476,20,0,32.38759944,-85.69267724,1087.0,2634.491919415541,4.201680672268908,456,467,20,0,447,466,18439,9,0,0,9,1
2020-09-19,US,Alabama,Madison,7507,75,0,34.76327133,-86.55069633,1089.0,2013.0916657951404,0.9990675369654988,7432,7422,75,0,7347,7365,366519,85,0,0,85,57
2020-09-19,US,Alabama,Marengo,699,19,0,32.24767634,-87.78796182,1091.0,3705.6671791337535,2.718168812589413,680,696,19,0,677,693,19066,3,0,0,3,3
2020-09-19,US,Alabama,Marion,937,28,0,34.13697363,-87.88704173,1093.0,3153.9264196034874,2.9882604055496267,909,921,28,0,893,914,29763,16,0,0,16,7
2020-09-19,US,Alabama,Marshall,3821,43,0,34.36975964,-86.30486727,1095.0,3948.3745634157935,1.1253598534415077,3778,3784,42,0,3742,3763,96109,37,1,0,36,21
2020-09-19,US,Alabama,Mobile,13039,289,0,30.78472347,-88.20842409,1097.0,3155.538346119407,2.216427640156453,12750,12975,289,0,12686,12949,413757,64,0,0,64,26
2020-09-19,US,Alabama,Monroe,575,8,0,31.56729412,-87.36995001,1099.0,2773.3564848309456,1.391304347826087,567,573,8,0,565,570,21067,2,0,0,2,3
2020-09-19,US,Alabama,Montgomery,8628,173,0,32.2206831,-86.20969272,1101.0,3809.506989394488,2.0050996754751966,8455,8598,173,0,8425,8560,225763,30,0,0,30,38
2020-09-19,US,Alabama,Morgan,3181,26,0,34.45500589,-86.85475946,1103.0,2657.943331745753,0.817353033637221,3155,3142,26,0,3116,3129,119089,39,0,0,39,13
2020-09-19,US,Alabama,Perry,537,6,0,32.64048341,-87.29770589,1105.0,6018.1553289252515,1.11731843575419,531,536,6,0,530,535,9140,1,0,0,1,1
2020-09-19,US,Alabama,Pickens,631,14,0,33.28094866,-88.08818103,1107.0,3166.081284495735,2.218700475435816,617,628,14,0,614,622,19938,3,0,0,3,6
2020-09-19,US,Alabama,Pike,1151,9,0,31.80396383,-85.9408295,1109.0,3475.87123271124,0.7819287576020851,1142,1135,9,0,1126,1132,33338,16,0,0,16,3
2020-09-19,US,Alabama,Randolph,607,12,0,33.29526734,-85.45708831,1111.0,2671.4197693864976,1.9769357495881383,595,591,12,0,579,585,22725,16,0,0,16,6
2020-09-19,US,Alabama,Russell,1711,2,0,32.28725256,-85.18415324,1113.0,2951.9849554010457,0.11689070718877848,1709,1692,2,0,1690,1691,57781,19,0,0,19,1
2020-09-19,US,Alabama,Shelby,5645,50,0,33.26879845,-86.66232561,1117.0,2592.994092842509,0.8857395925597874,5595,5572,50,0,5522,5501,215707,73,0,0,73,71
2020-09-19,US,Alabama,St. Clair,2213,35,0,33.71902176,-86.31029372,1115.0,2472.294217535079,1.5815634884771803,2178,2198,35,0,2163,2181,88690,15,0,0,15,17
2020-09-19,US,Alabama,Sumter,418,19,0,32.59117397,-88.19916205,1119.0,3363.643679085861,4.545454545454546,399,417,19,0,398,417,12691,1,0,0,1,0
2020-09-19,US,Alabama,Talladega,2050,26,0,33.37823223,-86.16886178,1121.0,2563.204881342369,1.2682926829268293,2024,2034,26,0,2008,1999,79828,16,0,0,16,35
2020-09-19,US,Alabama,Tallapoosa,1131,83,0,32.86698258,-85.79833053,1123.0,2801.793544231675,7.338638373121133,1048,1129,83,0,1046,1124,40497,2,0,0,2,5
2020-09-19,US,Alabama,Tuscaloosa,7180,114,0,33.28726072,-87.52556818,1125.0,3429.5813331422705,1.5877437325905293,7066,7081,114,0,6967,7015,208911,99,0,0,99,66
2020-09-19,US,Alabama,Walker,2207,80,0,33.80270512,-87.30027177,1127.0,3474.4415232757674,3.6248300860897142,2127,2191,80,0,2111,2177,63711,16,0,0,16,14
2020-09-19,US,Alabama,Washington,544,13,0,31.4092794,-88.20689944,1129.0,3332.10829351954,2.389705882352941,531,545,13,0,532,545,16378,-1,0,0,-1,0
2020-09-19,US,Alabama,Wilcox,530,11,0,31.98773215,-87.30891118,1131.0,5109.418683119638,2.0754716981132075,519,530,11,0,519,529,10627,0,0,0,0,1
2020-09-19,US,Alabama,Winston,699,12,0,34.15030532,-87.37325922,1133.0,2958.229294510982,1.7167381974248928,687,687,12,0,675,685,23660,12,0,0,12,2
2020-09-19,US,Alaska,Aleutians East,2,0,0,55.32222414,-161.9722021,2013.0,59.93407252022774,0.0,2,2,0,0,2,2,3515,0,0,0,0,0
2020-09-19,US,Alaska,Aleutians West,7,0,0,52.3233,-174.1596,2016.0,124.24565140220093,0.0,7,7,0,0,7,7,5723,0,0,0,0,0
2020-09-19,US,Alaska,Anchorage,3803,28,0,61.14998174,-149.14269860000005,2020.0,1320.486111111111,0.7362608466999737,3775,3750,28,0,3722,3679,291538,53,0,0,53,71
2020-09-19,US,Alaska,Bethel,90,1,0,60.90980451,-159.8561831,2050.0,489.5028826280865,1.1111111111111112,89,88,1,0,87,86,18216,2,0,0,2,2
2020-09-19,US,Alaska,Bristol Bay,10,0,0,58.74513976,-156.701064,2060.0,1196.1722488038274,0.0,10,10,0,0,10,10,877,0,0,0,0,0
2020-09-19,US,Alaska,Denali,2,0,0,63.67264044,-150.0076108,2068.0,95.37434430138292,0.0,2,2,0,0,2,2,2059,0,0,0,0,0
2020-09-19,US,Alaska,Dillingham,7,0,0,59.79603738,-158.23819419999995,2070.0,142.39218877135886,0.0,7,7,0,0,7,7,5000,0,0,0,0,0
2020-09-19,US,Alaska,Fairbanks North Star,946,9,0,64.80726247,-146.5692662,2090.0,976.7782837200177,0.9513742071881608,937,934,9,0,925,921,98971,12,0,0,12,13
2020-09-19,US,Alaska,Haines,5,0,0,59.09893571,-135.4679843,2100.0,197.6284584980237,0.0,5,5,0,0,5,5,2474,0,0,0,0,0
2020-09-19,US,Alaska,Juneau,262,1,0,58.45031811,-134.200436,2110.0,819.4157753174454,0.3816793893129771,261,258,1,0,257,258,32113,4,0,0,4,0
2020-09-19,US,Alaska,Kenai Peninsula,435,2,0,60.24429722,-151.53888840000005,2122.0,740.9552360836682,0.4597701149425287,433,434,2,0,432,432,58533,1,0,0,1,2
2020-09-19,US,Alaska,Ketchikan Gateway,49,0,0,55.57445008,-130.975561,2130.0,352.49262642975333,0.0,49,49,0,0,49,49,13918,0,0,0,0,0
2020-09-19,US,Alaska,Kodiak Island,20,0,0,57.65529415,-153.7493579,2150.0,153.86982612709647,0.0,20,20,0,0,20,20,13345,0,0,0,0,0
2020-09-19,US,Alaska,Kusilvak,11,0,0,62.15429159999999,-163.39678830000003,2158.0,132.30695212893914,0.0,11,11,0,0,11,11,8303,0,0,0,0,0
2020-09-19,US,Alaska,Matanuska-Susitna,575,2,0,62.31305045,-149.5741743,2170.0,530.8492665047961,0.3478260869565217,573,569,2,0,567,558,107610,6,0,0,6,11
2020-09-19,US,Alaska,Nome,51,0,0,64.90320724,-164.0353804,2180.0,509.79608156737305,0.0,51,51,0,0,51,51,10008,0,0,0,0,0
2020-09-19,US,Alaska,North Slope,83,0,0,69.31479216,-153.4836093,2185.0,844.1822620016274,0.0,83,79,0,0,79,74,9872,4,0,0,4,5
2020-09-19,US,Alaska,Northwest Arctic,82,0,0,67.04919196,-159.7503946,2188.0,1075.9742815903426,0.0,82,80,0,0,80,80,7671,2,0,0,2,0
2020-09-19,US,Alaska,Petersburg,7,1,0,57.13978948,-132.9540995,2195.0,214.32945499081444,14.285714285714285,6,7,1,0,6,7,3221,0,0,0,0,0
2020-09-19,US,Alaska,Prince of Wales-Hyder,30,0,0,55.76261984,-133.0511621,2198.0,483.6369498629695,0.0,30,30,0,0,30,30,6422,0,0,0,0,0
2020-09-19,US,Alaska,Sitka,42,0,0,57.24124555,-135.3206587,2220.0,494.5249028611798,0.0,42,42,0,0,42,40,8647,0,0,0,0,2
2020-09-19,US,Alaska,Southeast Fairbanks,22,0,0,63.87692095,-143.2127643,2240.0,319.16436965036996,0.0,22,22,0,0,22,22,6918,0,0,0,0,0
2020-09-19,US,Alaska,Unassigned,1,0,0,0.0,0.0,90002.0,0.0,0.0,1,1,0,0,1,1,,0,0,0,0,0
2020-09-19,US,Alaska,Valdez-Cordova,75,0,0,61.47502768,-144.7126799,2261.0,815.0402086502934,0.0,75,75,0,0,75,75,9164,0,0,0,0,0
2020-09-19,US,Alaska,Wrangell,13,0,0,56.3202004,-132.05837309999998,2275.0,519.5843325339728,0.0,13,13,0,0,13,13,2503,0,0,0,0,0
2020-09-19,US,Alaska,Yakutat,21,0,0,59.890980799999994,-140.36014509999998,2282.0,3626.943005181347,0.0,21,21,0,0,21,21,604,0,0,0,0,0
2020-09-19,US,Alaska,Yukon-Koyukuk,78,1,0,65.50815459,-151.39073869999999,2290.0,1491.395793499044,1.2820512820512822,77,77,1,0,76,76,5327,1,0,0,1,1
2020-09-19,US,Arizona,Apache,3440,161,0,35.39465006,-109.4892383,4001.0,4785.288021478154,4.680232558139535,3279,3440,161,0,3279,3417,71818,0,0,0,0,23
2020-09-19,US,Arizona,Cochise,1873,69,0,31.87934684,-109.7516088,4003.0,1487.4287257190958,3.6839295248264814,1804,1873,69,0,1804,1872,126770,0,0,0,0,1
2020-09-19,US,Arizona,Coconino,3738,133,0,35.83883429,-111.77071780000001,4005.0,2605.313780701999,3.5580524344569286,3605,3738,133,0,3605,3644,142854,0,0,0,0,94
2020-09-19,US,Arizona,Gila,1217,51,0,33.80190085,-110.8132779,4007.0,2252.952719463882,4.19063270336894,1166,1217,51,0,1166,1208,53889,0,0,0,0,9
2020-09-19,US,Arizona,Graham,787,24,0,32.93166885,-109.8882178,4009.0,2026.4181064448846,3.0495552731893265,763,787,24,0,763,786,38072,0,0,0,0,1
2020-09-19,US,Arizona,Greenlee,58,0,0,33.21498827,-109.2405279,4011.0,610.6548747104654,0.0,58,58,0,0,58,58,9483,0,0,0,0,0
2020-09-19,US,Arizona,La Paz,534,15,0,33.72854224,-113.98100290000001,4012.0,2529.846503695281,2.808988764044944,519,534,15,0,519,530,21098,0,0,0,0,4
2020-09-19,US,Arizona,Maricopa,139245,3245,0,33.34835867,-112.49181540000001,4013.0,3104.3957146430625,2.330424790836296,136000,139245,3245,0,136000,139051,4410824,0,0,0,0,194
2020-09-19,US,Arizona,Mohave,3886,222,0,35.70471703,-113.7577902,4015.0,1831.4552198358954,5.7128152341739575,3664,3886,222,0,3664,3817,209550,0,0,0,0,69
2020-09-19,US,Arizona,Navajo,5740,231,0,35.3997715,-110.3218983,4017.0,5174.714218744365,4.024390243902439,5509,5740,231,0,5509,5733,110445,0,0,0,0,7
2020-09-19,US,Arizona,Pima,24313,613,0,32.0971334,-111.7890033,4019.0,2321.5399143876652,2.5212849093077776,23700,24313,613,0,23700,23563,1039073,0,0,0,0,750
2020-09-19,US,Arizona,Pinal,10337,202,0,32.90525627,-111.3449483,4021.0,2233.631309300783,1.954145303279481,10135,10337,202,0,10135,10263,447138,0,0,0,0,74
2020-09-19,US,Arizona,Santa Cruz,2815,62,0,31.52508998,-110.8479088,4023.0,6054.023828981892,2.2024866785079933,2753,2815,62,0,2753,2801,46511,0,0,0,0,14
2020-09-19,US,Arizona,Unassigned,4,2,0,0.0,0.0,90004.0,0.0,50.0,2,4,2,0,2,3,,0,0,0,0,1
2020-09-19,US,Arizona,Yavapai,2457,79,0,34.59933926,-112.5538588,4025.0,1045.091642244331,3.2153032153032157,2378,2457,79,0,2378,2442,231993,0,0,0,0,15
2020-09-19,US,Arizona,Yuma,12498,342,0,32.76895712,-113.90666740000002,4027.0,5846.005603708364,2.7364378300528083,12156,12498,342,0,12156,12472,212128,0,0,0,0,26
2020-09-19,US,Arkansas,Arkansas,348,4,0,34.29145151,-91.37277296,5001.0,1990.163559418964,1.1494252873563218,344,338,4,0,334,334,17769,10,0,0,10,4
2020-09-19,US,Arkansas,Ashley,418,9,0,33.19153461,-91.76984709999999,5003.0,2126.4689423615,2.15311004784689,409,417,8,0,409,414,20046,1,1,0,0,3
2020-09-19,US,Arkansas,Baxter,266,1,0,36.28784385,-92.33782872,5005.0,634.360393017266,0.3759398496240601,265,257,1,0,256,243,41619,9,0,0,9,14
2020-09-19,US,Arkansas,Benton,6172,79,0,36.33644656,-94.25680817,5007.0,2211.0689579818086,1.2799740764744003,6093,6086,79,0,6007,6030,272608,86,0,0,86,56
2020-09-19,US,Arkansas,Boone,606,8,0,36.3084504,-93.09374925,5009.0,1618.9356700149606,1.32013201320132,598,596,8,0,588,584,37480,10,0,0,10,12
2020-09-19,US,Arkansas,Bradley,334,7,0,33.46755808,-92.15980837,5011.0,3103.22400817616,2.0958083832335332,327,332,7,0,325,329,10897,2,0,0,2,3
2020-09-19,US,Arkansas,Calhoun,34,0,0,33.55598792,-92.49974403,5013.0,655.232222008094,0.0,34,32,0,0,32,32,5277,2,0,0,2,0
2020-09-19,US,Arkansas,Carroll,604,9,0,36.34038560000001,-93.54270261,5015.0,2128.259337561663,1.4900662251655632,595,599,9,0,590,594,28223,5,0,0,5,5
2020-09-19,US,Arkansas,Chicot,992,17,0,33.26458973,-91.29539209,5017.0,9804.309152006326,1.7137096774193548,975,991,17,0,974,991,10438,1,0,0,1,0
2020-09-19,US,Arkansas,Clark,307,4,0,34.04613432,-93.17484713,5019.0,1375.448028673835,1.3029315960912051,303,301,4,0,297,294,22061,6,0,0,6,7
2020-09-19,US,Arkansas,Clay,258,7,0,36.36826212,-90.4148172,5021.0,1773.0740155315787,2.713178294573644,251,254,7,0,247,251,14847,4,0,0,4,3
2020-09-19,US,Arkansas,Cleburne,311,8,0,35.53864922,-92.02640019,5023.0,1248.0436614631406,2.5723472668810294,303,304,7,0,297,302,24965,7,1,0,6,2
2020-09-19,US,Arkansas,Cleveland,178,10,0,33.89723187,-92.18537045,5025.0,2237.305178481649,5.617977528089888,168,178,10,0,168,178,8018,0,0,0,0,0
2020-09-19,US,Arkansas,Columbia,374,18,0,33.21230701,-93.22642793,5027.0,1594.4067868866434,4.81283422459893,356,365,18,0,347,359,23537,9,0,0,9,6
2020-09-19,US,Arkansas,Conway,245,3,0,35.26205537,-92.70506566,5029.0,1175.285426460712,1.2244897959183674,242,242,3,0,239,238,20891,3,0,0,3,4
2020-09-19,US,Arkansas,Craighead,2584,20,0,35.83018283,-90.63235729,5031.0,2342.022260087735,0.7739938080495357,2564,2523,20,0,2503,2490,108558,61,0,0,61,33
2020-09-19,US,Arkansas,Crawford,1233,15,0,35.58928601,-94.2446814,5033.0,1949.191393837836,1.2165450121654502,1218,1204,15,0,1189,1170,63406,29,0,0,29,34
2020-09-19,US,Arkansas,Crittenden,1868,45,0,35.21247318,-90.30839406,5035.0,3895.3185277864654,2.4089935760171306,1823,1856,45,0,1811,1848,48342,12,0,0,12,8
2020-09-19,US,Arkansas,Cross,402,7,0,35.29631396,-90.77185818,5037.0,2448.382970948292,1.7412935323383083,395,395,7,0,388,387,16676,7,0,0,7,8
2020-09-19,US,Arkansas,Dallas,156,2,0,33.97042763,-92.65167437,5039.0,2225.7098016835503,1.2820512820512822,154,156,2,0,154,152,7182,0,0,0,0,4
2020-09-19,US,Arkansas,Desha,278,5,0,33.83011025,-91.25500948,5041.0,2446.967696505589,1.7985611510791366,273,275,5,0,270,271,11512,3,0,0,3,4
2020-09-19,US,Arkansas,Drew,347,6,0,33.59035001,-91.71777921,5043.0,1904.6050826060705,1.7291066282420748,341,346,6,0,340,346,18328,1,0,0,1,0
2020-09-19,US,Arkansas,Faulkner,2201,17,0,35.14719007,-92.33717519,5045.0,1746.7283563611545,0.7723761926397092,2184,2167,17,0,2150,2138,124806,34,0,0,34,29
2020-09-19,US,Arkansas,Franklin,233,2,0,35.51202821,-93.89299569,5047.0,1315.269545582839,0.8583690987124464,231,230,2,0,228,231,17810,3,0,0,3,-1
2020-09-19,US,Arkansas,Fulton,119,3,0,36.38177105,-91.81729127,5049.0,953.7549090326199,2.5210084033613445,116,113,3,0,110,113,12269,6,0,0,6,0
2020-09-19,US,Arkansas,Garland,1736,48,0,34.57692074,-93.14921604,5051.0,1746.7248908296942,2.7649769585253456,1688,1714,48,0,1666,1696,99154,22,0,0,22,18
2020-09-19,US,Arkansas,Grant,245,2,0,34.29017991,-92.42320562,5053.0,1341.363263071448,0.8163265306122449,243,243,2,0,241,241,18188,2,0,0,2,2
2020-09-19,US,Arkansas,Greene,785,7,0,36.11735460000001,-90.55832668,5055.0,1731.9360176503033,0.89171974522293,778,764,7,0,757,757,45325,21,0,0,21,7
2020-09-19,US,Arkansas,Hempstead,355,4,0,33.73325583,-93.66935133,5057.0,1648.708898383801,1.1267605633802815,351,353,4,0,349,348,21741,2,0,0,2,5
2020-09-19,US,Arkansas,Hot Spring,1831,25,0,34.31709259,-92.95396325,5059.0,5421.811613514554,1.3653741125068268,1806,1832,25,0,1807,1824,33701,-1,0,0,-1,8
2020-09-19,US,Arkansas,Howard,455,8,0,34.09007427,-93.9934871,5061.0,3446.4475079533404,1.7582417582417582,447,452,8,0,444,450,13341,3,0,0,3,2
2020-09-19,US,Arkansas,Independence,1013,14,0,35.74242707,-91.57001641,5063.0,2678.122934567085,1.3820335636722607,999,986,13,0,973,976,37678,27,1,0,26,10
2020-09-19,US,Arkansas,Izard,147,0,0,36.09604046,-91.90847954,5065.0,1078.582434514638,0.0,147,144,0,0,144,141,13593,3,0,0,3,3
2020-09-19,US,Arkansas,Jackson,287,1,0,35.59802983,-91.21494602,5067.0,1716.6098450864285,0.3484320557491289,286,279,1,0,278,274,16811,8,0,0,8,5
2020-09-19,US,Arkansas,Jefferson,2844,62,0,34.26767081,-91.92619839,5069.0,4255.955943972224,2.1800281293952177,2782,2781,61,0,2720,2709,68114,63,1,0,62,72
2020-09-19,US,Arkansas,Johnson,815,5,0,35.56759135,-93.46036368,5071.0,3066.445932726315,0.6134969325153374,810,814,5,0,809,813,26742,1,0,0,1,1
2020-09-19,US,Arkansas,Lafayette,88,2,0,33.24116713,-93.60677071,5073.0,1328.502415458937,2.272727272727273,86,86,2,0,84,85,6682,2,0,0,2,1
2020-09-19,US,Arkansas,Lawrence,359,11,0,36.04188196,-91.10867198,5075.0,2188.2238205534563,3.064066852367688,348,346,11,0,335,340,16434,13,0,0,13,6
2020-09-19,US,Arkansas,Lee,1044,18,0,34.78498904,-90.78383866,5077.0,11787.28689172406,1.7241379310344829,1026,1042,18,0,1024,1041,8985,2,0,0,2,1
2020-09-19,US,Arkansas,Lincoln,1917,15,0,33.95317155,-91.74002806,5079.0,14718.980343980344,0.7824726134585289,1902,1886,15,0,1871,1804,13383,31,0,0,31,82
2020-09-19,US,Arkansas,Little River,344,24,0,33.70375665,-94.23468591,5081.0,2806.101639611714,6.9767441860465125,320,341,24,0,317,337,12326,3,0,0,3,4
2020-09-19,US,Arkansas,Logan,389,1,0,35.21413234,-93.71951016,5083.0,1812.1680797540296,0.2570694087403599,388,386,1,0,385,385,21737,3,0,0,3,1
2020-09-19,US,Arkansas,Lonoke,1027,10,0,34.75392199,-91.88742357,5085.0,1400.9193959813938,0.973709834469328,1017,1001,9,0,992,981,73657,26,1,0,25,20
2020-09-19,US,Arkansas,Madison,331,2,0,36.01038185,-93.72524943,5087.0,1996.8629343629345,0.6042296072507553,329,328,2,0,326,324,16481,3,0,0,3,4
2020-09-19,US,Arkansas,Marion,75,0,0,36.26844485,-92.68451899,5089.0,449.26320833832517,0.0,75,73,0,0,73,71,16722,2,0,0,2,2
2020-09-19,US,Arkansas,Miller,768,11,0,33.31403423,-93.89285258,5091.0,1775.435189680283,1.4322916666666667,757,761,11,0,750,755,43592,7,0,0,7,6
2020-09-19,US,Arkansas,Mississippi,1584,50,0,35.76271485,-90.05194370000002,5093.0,3896.583109886596,3.156565656565657,1534,1564,50,0,1514,1560,41239,20,0,0,20,4
2020-09-19,US,Arkansas,Monroe,114,0,0,34.6815935,-91.20540287,5095.0,1701.2386211013281,0.0,114,110,0,0,110,110,6900,4,0,0,4,0
2020-09-19,US,Arkansas,Montgomery,136,4,0,34.53704874,-93.65824478,5097.0,1513.465390607612,2.9411764705882355,132,136,4,0,132,136,8924,0,0,0,0,0
2020-09-19,US,Arkansas,Nevada,201,13,0,33.66340119,-93.30632432,5099.0,2435.7731459040233,6.467661691542289,188,195,13,0,182,188,8326,6,0,0,6,7
2020-09-19,US,Arkansas,Newton,209,18,0,35.91947491,-93.21612969,5101.0,2695.7306848961694,8.61244019138756,191,200,18,0,182,195,7805,9,0,0,9,5
2020-09-19,US,Arkansas,Ouachita,243,6,0,33.58839816,-92.87795984,5103.0,1039.2609699769052,2.469135802469136,237,238,6,0,232,232,23606,5,0,0,5,6
2020-09-19,US,Arkansas,Perry,80,0,0,34.945915299999996,-92.94372564,5105.0,765.1841224294595,0.0,80,80,0,0,80,79,10352,0,0,0,0,1
2020-09-19,US,Arkansas,Phillips,453,11,0,34.43268455,-90.84800154,5107.0,2547.519964008548,2.428256070640177,442,445,11,0,434,444,18029,8,0,0,8,1
2020-09-19,US,Arkansas,Pike,218,3,0,34.16250414,-93.65789349,5109.0,2033.961559992536,1.3761467889908257,215,215,3,0,212,215,10673,3,0,0,3,0
2020-09-19,US,Arkansas,Poinsett,603,9,0,35.57433534,-90.66268713,5111.0,2562.9037742264536,1.492537313432836,594,595,9,0,586,593,23974,8,0,0,8,2
2020-09-19,US,Arkansas,Polk,251,4,0,34.48254879,-94.22728802,5113.0,1257.2630735323582,1.593625498007968,247,252,4,0,248,252,20049,-1,0,0,-1,0
2020-09-19,US,Arkansas,Pope,2002,29,0,35.44871474,-93.03212219,5115.0,3124.6098139592964,1.4485514485514486,1973,1988,29,0,1959,1982,64000,14,0,0,14,6
2020-09-19,US,Arkansas,Prairie,136,1,0,34.83624419,-91.55162157,5117.0,1686.9263210121558,0.7352941176470589,135,134,1,0,133,134,8074,2,0,0,2,0
2020-09-19,US,Arkansas,Pulaski,8556,136,0,34.77054088,-92.31355101,5119.0,2183.1487250931973,1.5895278167367932,8420,8473,135,0,8338,8408,392680,83,1,0,82,65
2020-09-19,US,Arkansas,Randolph,379,22,0,36.3415714,-91.02455531,5121.0,2110.480008909678,5.804749340369392,357,374,22,0,352,370,17948,5,0,0,5,4
2020-09-19,US,Arkansas,Saline,1927,20,0,34.64916145,-92.67583224,5125.0,1573.8706436779732,1.0378827192527245,1907,1913,20,0,1893,1901,121421,14,0,0,14,12
2020-09-19,US,Arkansas,Scott,95,1,0,34.85588887,-94.0632176,5127.0,924.0346269818112,1.0526315789473684,94,94,1,0,93,94,10319,1,0,0,1,0
2020-09-19,US,Arkansas,Searcy,139,0,0,35.9109364,-92.69936482,5129.0,1763.7355665524676,0.0,139,138,0,0,138,138,7958,1,0,0,1,0
2020-09-19,US,Arkansas,Sebastian,3410,56,0,35.19605503,-94.27162713,5131.0,2667.66802005836,1.6422287390029326,3354,3378,56,0,3322,3345,127753,32,0,0,32,33
2020-09-19,US,Arkansas,Sevier,1193,16,0,33.99780401,-94.2424869,5133.0,7014.758628799906,1.341156747694887,1177,1188,16,0,1172,1188,17139,5,0,0,5,0
2020-09-19,US,Arkansas,Sharp,188,6,0,36.16258158,-91.47819342,5135.0,1077.8580438023164,3.191489361702128,182,184,6,0,178,178,17366,4,0,0,4,6
2020-09-19,US,Arkansas,St. Francis,1465,5,0,35.02201976,-90.74828138,5123.0,5861.406737617028,0.3412969283276451,1460,1443,4,0,1439,1414,25439,22,1,0,21,29
2020-09-19,US,Arkansas,Stone,302,7,0,35.86251946,-92.15684085,5137.0,2414.840876379337,2.3178807947019866,295,301,7,0,294,296,12457,1,0,0,1,5
2020-09-19,US,Arkansas,Unassigned,1649,0,0,0.0,0.0,90005.0,0.0,0.0,1649,1621,0,0,1621,1535,,28,0,0,28,86
2020-09-19,US,Arkansas,Union,839,31,0,33.16887091,-92.59746952,5139.0,2168.967478413733,3.694874851013111,808,836,31,0,805,833,39126,3,0,0,3,3
2020-09-19,US,Arkansas,Van Buren,168,2,0,35.58095779,-92.51295036,5141.0,1015.4125113327292,1.1904761904761905,166,167,2,0,165,164,16603,1,0,0,1,3
2020-09-19,US,Arkansas,Washington,8914,107,0,35.976844,-94.21800746,5143.0,3726.7911717610073,1.2003589858649315,8807,8697,106,0,8591,8618,236961,217,1,0,216,79
2020-09-19,US,Arkansas,White,714,19,0,35.25688493,-91.74908296,5145.0,906.6321282998742,2.661064425770308,695,692,19,0,673,680,78727,22,0,0,22,12
2020-09-19,US,Arkansas,Woodruff,41,0,0,35.18902527,-91.2439489,5147.0,648.7341772151899,0.0,41,40,0,0,40,39,6490,1,0,0,1,1
2020-09-19,US,Arkansas,Yell,1228,29,0,35.00292371,-93.41171338,5149.0,5754.182090811115,2.3615635179153096,1199,1222,29,0,1193,1219,21535,6,0,0,6,3
2020-09-19,US,California,Alameda,20494,374,0,37.64629437,-121.8929271,6001.0,1226.209800703512,1.8249243681077392,20120,20364,370,0,19994,20162,1666753,130,4,0,126,202
2020-09-19,US,California,Alpine,2,0,0,38.59678594,-119.82235940000001,6003.0,177.14791851195747,0.0,2,2,0,0,2,2,1101,0,0,0,0,0
2020-09-19,US,California,Amador,286,16,0,38.44583082,-120.65696000000001,6005.0,719.4606560676193,5.594405594405594,270,286,16,0,270,286,39383,0,0,0,0,0
2020-09-19,US,California,Butte,2738,35,0,39.66727762,-121.6005252,6007.0,1249.1673738286204,1.2783053323593865,2703,2720,33,0,2687,2704,231256,18,2,0,16,16
2020-09-19,US,California,Calaveras,311,14,0,38.20537103,-120.55291299999999,6009.0,677.4861126238973,4.501607717041801,297,305,13,0,292,305,45602,6,1,0,5,0
2020-09-19,US,California,Colusa,509,6,0,39.17881957,-122.2331726,6011.0,2362.277811296236,1.1787819253438114,503,502,6,0,496,499,21627,7,0,0,7,3
2020-09-19,US,California,Contra Costa,15734,199,0,37.91923498,-121.9289527,6013.0,1363.9917955902165,1.264776916232363,15535,15640,198,0,15442,15544,1150215,94,1,0,93,96
2020-09-19,US,California,Del Norte,136,1,0,41.74228275,-123.89740630000001,6015.0,488.99755501222495,0.7352941176470589,135,135,1,0,134,135,27828,1,0,0,1,0
2020-09-19,US,California,El Dorado,1064,4,0,38.77965956,-120.5233166,6017.0,551.7441649424661,0.3759398496240601,1060,1058,4,0,1054,1054,190678,6,0,0,6,4
2020-09-19,US,California,Fresno,27560,355,0,36.75733899,-119.6466953,6019.0,2758.4798734061933,1.288098693759071,27205,27487,355,0,27132,27381,994400,73,0,0,73,106
2020-09-19,US,California,Glenn,550,3,0,39.59875897,-122.3938452,6021.0,1937.097171838129,0.5454545454545454,547,548,3,0,545,547,28047,2,0,0,2,1
2020-09-19,US,California,Humboldt,482,6,0,40.69923009,-123.876044,6023.0,355.5673586214019,1.2448132780082988,476,482,6,0,476,482,136373,0,0,0,0,0
2020-09-19,US,California,Imperial,11558,314,0,33.0393082,-115.36690420000001,6025.0,6378.0592114339315,2.716732998788718,11244,11534,312,0,11222,11457,181827,24,2,0,22,77
2020-09-19,US,California,Inyo,187,14,0,36.51112084,-117.41119779999998,6027.0,1036.6428294251343,7.4866310160427805,173,187,14,0,173,187,17987,0,0,0,0,0
2020-09-19,US,California,Kern,31261,350,0,35.34329425,-118.72777959999999,6029.0,3472.6650240723748,1.1196058987236492,30911,31148,340,0,30808,31076,896764,113,10,0,103,72
2020-09-19,US,California,Kings,7268,77,0,36.07409056,-119.8159973,6031.0,4752.190401464627,1.059438635112823,7191,7158,77,0,7081,7158,151366,110,0,0,110,0
2020-09-19,US,California,Lake,459,10,0,39.10124298,-122.75362439999999,6033.0,712.8878948839812,2.178649237472767,449,433,10,0,423,433,64382,26,0,0,26,0
2020-09-19,US,California,Lassen,731,0,0,40.67311306,-120.59350990000002,6035.0,2390.9985935302398,0.0,731,731,0,0,731,730,30802,0,0,0,0,1
2020-09-19,US,California,Los Angeles,259817,6330,0,34.30828379,-118.22824109999999,6037.0,2588.0489170998976,2.4363301862464737,253487,258516,6330,0,252186,257271,10105518,1301,0,0,1301,1245
2020-09-19,US,California,Madera,4296,58,0,37.21513971,-119.76655890000002,6039.0,2730.6183935370277,1.3500931098696465,4238,4296,58,0,4238,4270,157672,0,0,0,0,26
2020-09-19,US,California,Marin,6557,112,0,38.07122463,-122.72106310000001,6041.0,2533.3621815428123,1.7080982156473998,6445,6522,112,0,6410,6505,259666,35,0,0,35,17
2020-09-19,US,California,Mariposa,75,2,0,37.57978556,-119.9073334,6043.0,435.97047026681395,2.6666666666666665,73,75,2,0,73,75,17471,0,0,0,0,0
2020-09-19,US,California,Mendocino,833,18,0,39.4381191,-123.39113130000001,6045.0,960.241616618059,2.1608643457382954,815,822,18,0,804,817,87606,11,0,0,11,5
2020-09-19,US,California,Merced,8750,134,0,37.18922369,-120.72090349999999,6047.0,3151.109190435033,1.5314285714285714,8616,8719,133,0,8586,8692,274765,31,1,0,30,27
2020-09-19,US,California,Modoc,23,0,0,41.58965602,-120.7244817,6049.0,260.15156656486823,0.0,23,23,0,0,23,23,8777,0,0,0,0,0
2020-09-19,US,California,Mono,164,2,0,37.93899289,-118.8872409,6051.0,1135.4195513708114,1.2195121951219512,162,163,2,0,161,163,14250,1,0,0,1,0
2020-09-19,US,California,Monterey,9360,66,0,36.21862405,-121.24133970000001,6053.0,2156.3789421302536,0.7051282051282052,9294,9337,65,0,9272,9197,435594,23,1,0,22,140
2020-09-19,US,California,Napa,1604,13,0,38.50735751,-122.33283899999999,6055.0,1164.4790335695202,0.8104738154613467,1591,1592,13,0,1579,1587,139417,12,0,0,12,5
2020-09-19,US,California,Nevada,506,6,0,39.30394768,-120.76272809999999,6057.0,507.2427447245752,1.1857707509881423,500,503,5,0,498,497,99696,3,1,0,2,6
2020-09-19,US,California,Orange,51873,1127,0,33.70147516,-117.76459979999998,6059.0,1633.4392630015757,2.1726138839087774,50746,51646,1123,0,50523,51399,3185968,227,4,0,223,247
2020-09-19,US,California,Placer,3428,41,0,39.06167234,-120.72405690000001,6061.0,860.5951361813977,1.1960326721120187,3387,3407,41,0,3366,3385,393149,21,0,0,21,22
2020-09-19,US,California,Plumas,49,0,0,40.00355989,-120.8395236,6063.0,260.5412878183655,0.0,49,49,0,0,49,49,18804,0,0,0,0,0
2020-09-19,US,California,Riverside,56681,1153,0,33.74314981,-115.9933578,6065.0,2294.270173475823,2.034191351599301,55528,56681,1153,0,55528,56374,2450758,0,0,0,0,307
2020-09-19,US,California,Sacramento,21171,375,0,38.45106826,-121.34253740000001,6067.0,1364.059848278866,1.7712909168201785,20796,21171,375,0,20796,20961,1540975,0,0,0,0,210
2020-09-19,US,California,San Benito,1290,11,0,36.60308176,-121.069975,6069.0,2053.878486816966,0.8527131782945736,1279,1272,11,0,1261,1260,61537,18,0,0,18,12
2020-09-19,US,California,San Bernardino,52287,908,0,34.84060306,-116.1774685,6071.0,2398.3927232195074,1.7365693193336775,51379,51750,858,0,50892,51467,2171603,537,50,0,487,283
2020-09-19,US,California,San Diego,44293,796,0,33.03484597,-116.73653259999999,6073.0,1326.8011251134544,1.797123699004357,43497,44007,757,0,43250,43619,3343364,286,39,0,247,388
2020-09-19,US,California,San Francisco,10696,97,0,37.75215114,-122.43856720000001,6075.0,1213.3188285619972,0.9068810770381452,10599,10640,96,0,10544,10569,883305,56,1,0,55,71
2020-09-19,US,California,San Joaquin,19793,414,0,37.93433732,-121.2730061,6077.0,2597.002157061358,2.0916485626231496,19379,19793,414,0,19379,19701,752660,0,0,0,0,92
2020-09-19,US,California,San Luis Obispo,3360,27,0,35.38822029,-120.4039028,6079.0,1186.813652595625,0.8035714285714286,3333,3332,27,0,3305,3316,284010,28,0,0,28,16
2020-09-19,US,California,San Mateo,9522,143,0,37.422880799999994,-122.32755459999998,6081.0,1242.1517585409347,1.501785339214451,9379,9332,142,0,9190,9332,769545,190,1,0,189,0
2020-09-19,US,California,Santa Barbara,8846,110,0,34.65329488,-120.0188492,6083.0,1981.191447237284,1.2434998869545557,8736,8803,109,0,8694,8785,446527,43,1,0,42,18
2020-09-19,US,California,Santa Clara,20252,296,0,37.23104908,-121.6970462,6085.0,1050.4955774613404,1.4615840410823622,19956,20129,295,0,19834,19891,1937570,123,1,0,122,238
2020-09-19,US,California,Santa Cruz,2189,8,0,37.05580291,-122.0066524,6087.0,801.2063847620718,0.3654636820465966,2181,2175,8,0,2167,2108,274255,14,0,0,14,67
2020-09-19,US,California,Shasta,668,14,0,40.76391419,-122.0396884,6089.0,370.9462461128388,2.0958083832335332,654,668,14,0,654,661,180040,0,0,0,0,7
2020-09-19,US,California,Sierra,6,0,0,39.57713498,-120.52007009999998,6091.0,199.6672212978369,0.0,6,6,0,0,6,6,2987,0,0,0,0,0
2020-09-19,US,California,Siskiyou,161,0,0,41.59198861,-122.54074340000001,6093.0,369.78341257263605,0.0,161,160,0,0,160,159,43724,1,0,0,1,1
2020-09-19,US,California,Solano,6085,55,0,38.26827353,-121.9357113,6095.0,1359.3421543506768,0.903861955628595,6030,6085,55,0,6030,6054,446610,0,0,0,0,31
2020-09-19,US,California,Sonoma,6998,114,0,38.52746429,-122.88625060000001,6097.0,1415.6363283272915,1.6290368676764788,6884,6987,114,0,6873,6827,499942,11,0,0,11,160
2020-09-19,US,California,Stanislaus,16289,332,0,37.55862499,-120.9970722,6099.0,2958.08665964479,2.0381852784087418,15957,16229,329,0,15900,16150,549815,60,3,0,57,79
2020-09-19,US,California,Sutter,1642,10,0,39.03417539,-121.6945899,6101.0,1693.2897464190326,0.6090133982947625,1632,1631,10,0,1621,1621,96807,11,0,0,11,10
2020-09-19,US,California,Tehama,490,4,0,40.12570935,-122.23701709999999,6103.0,752.8732100055313,0.8163265306122449,486,487,4,0,483,485,63916,3,0,0,3,2
2020-09-19,US,California,Trinity,15,0,0,40.64917670000001,-123.114713,6105.0,122.10012210012206,0.0,15,15,0,0,15,15,12535,0,0,0,0,0
2020-09-19,US,California,Tulare,15599,256,0,36.22026558,-118.8020203,6107.0,3346.0247321399847,1.6411308417206232,15343,15517,256,0,15261,15486,465861,82,0,0,82,31
2020-09-19,US,California,Tuolumne,221,4,0,38.02644018,-119.95250929999999,6109.0,405.6683431844047,1.8099547511312215,217,220,4,0,216,216,54539,1,0,0,1,4
2020-09-19,US,California,Ventura,12236,143,0,34.44465746,-119.09106129999999,6111.0,1446.3254397722947,1.1686825760052304,12093,12167,142,0,12025,12073,850967,69,1,0,68,94
2020-09-19,US,California,Yolo,2740,54,0,38.68278902,-121.90182879999999,6113.0,1242.6303854875284,1.9708029197080288,2686,2732,53,0,2679,2721,220408,8,1,0,7,11
2020-09-19,US,California,Yuba,1118,7,0,39.26255932,-121.35356440000001,6115.0,1421.1623531804544,0.6261180679785331,1111,1112,7,0,1105,1108,78041,6,0,0,6,4
2020-09-19,US,Colorado,Adams,8410,220,0,39.87432092,-104.3362578,8001.0,1625.3688968944052,2.615933412604043,8190,8335,218,0,8117,8264,511868,75,2,0,73,71
2020-09-19,US,Colorado,Alamosa,241,9,0,37.57250606,-105.7885451,8003.0,1484.6300745395185,3.734439834024896,232,241,9,0,232,241,16683,0,0,0,0,0
2020-09-19,US,Colorado,Arapahoe,8802,369,0,39.64977461,-104.3353617,8005.0,1340.5626037557684,4.192229038854807,8433,8753,369,0,8384,8701,651215,49,0,0,49,52
2020-09-19,US,Colorado,Archuleta,48,0,0,37.19474156,-107.04768670000001,8007.0,342.14840687148046,0.0,48,48,0,0,48,48,13765,0,0,0,0,0
2020-09-19,US,Colorado,Baca,17,0,0,37.31940883,-102.5603223,8009.0,474.7277296844457,0.0,17,17,0,0,17,17,3585,0,0,0,0,0
2020-09-19,US,Colorado,Bent,11,0,0,37.95474293,-103.0720195,8011.0,197.23865877712032,0.0,11,11,0,0,11,11,5882,0,0,0,0,0
2020-09-19,US,Colorado,Boulder,3324,79,0,40.09313619,-105.3546767,8013.0,1019.0192399661553,2.3766546329723224,3245,3224,79,0,3145,3086,326078,100,0,0,100,138
2020-09-19,US,Colorado,Broomfield,593,33,0,39.95998787,-105.0566324,8014.0,841.5525438160789,5.564924114671164,560,588,33,0,555,580,69267,5,0,0,5,8
2020-09-19,US,Colorado,Chaffee,321,19,0,38.74745778,-106.19265729999998,8015.0,1576.9306347022991,5.919003115264799,302,320,19,0,301,319,20027,1,0,0,1,1
2020-09-19,US,Colorado,Cheyenne,13,0,0,38.82777431,-102.6032558,8017.0,709.99453850355,0.0,13,12,0,0,12,12,1876,1,0,0,1,0
2020-09-19,US,Colorado,Clear Creek,37,1,0,39.68864463,-105.6463118,8019.0,381.4432989690722,2.702702702702702,36,36,1,0,35,36,9605,1,0,0,1,0
2020-09-19,US,Colorado,Conejos,31,0,0,37.201606,-106.19174879999998,8021.0,377.8184034125533,0.0,31,31,0,0,31,31,8200,0,0,0,0,0
2020-09-19,US,Colorado,Costilla,32,1,0,37.27732493,-105.4276548,8023.0,823.2570105479805,3.125,31,32,1,0,31,32,3828,0,0,0,0,0
2020-09-19,US,Colorado,Crowley,73,1,0,38.32608609,-103.7844965,8025.0,1204.4217125886814,1.3698630136986298,72,73,1,0,72,73,5858,0,0,0,0,0
2020-09-19,US,Colorado,Custer,17,0,0,38.10883162,-105.3683478,8027.0,335.43804262036303,0.0,17,17,0,0,17,17,4954,0,0,0,0,0
2020-09-19,US,Colorado,Delta,185,3,0,38.86246243,-107.86313419999999,8029.0,593.6717797317244,1.6216216216216215,182,179,3,0,176,178,30953,6,0,0,6,1
2020-09-19,US,Colorado,Denver,12313,431,0,39.76018276,-104.87256950000001,8031.0,1693.1812087550934,3.500365467392187,11882,12235,431,0,11804,12127,716492,78,0,0,78,108
2020-09-19,US,Colorado,Dolores,3,0,0,37.75208676,-108.5211585,8033.0,145.98540145985402,0.0,3,3,0,0,3,3,2074,0,0,0,0,0
2020-09-19,US,Colorado,Douglas,2359,60,0,39.33133796,-104.930001,8035.0,671.7850287907869,2.543450614667232,2299,2320,60,0,2260,2282,342776,39,0,0,39,38
2020-09-19,US,Colorado,Eagle,1230,9,0,39.62754308,-106.6933637,8037.0,2231.2115660202803,0.7317073170731707,1221,1227,9,0,1218,1224,54993,3,0,0,3,3
2020-09-19,US,Colorado,El Paso,6642,167,0,38.83240149,-104.5251411,8041.0,921.9839450973967,2.5143029208069856,6475,6581,165,0,6416,6546,713856,61,2,0,59,35
2020-09-19,US,Colorado,Elbert,146,3,0,39.28656773,-104.13587209999999,8039.0,546.2232032623742,2.054794520547945,143,144,3,0,141,145,26282,2,0,0,2,-1
2020-09-19,US,Colorado,Fremont,167,1,0,38.47362326,-105.43996670000001,8043.0,349.0875645393925,0.5988023952095808,166,167,1,0,166,167,48021,0,0,0,0,0
2020-09-19,US,Colorado,Garfield,925,5,0,39.59921777,-107.902708,8045.0,1540.1008974209549,0.5405405405405406,920,916,5,0,911,912,59770,9,0,0,9,4
2020-09-19,US,Colorado,Gilpin,18,0,0,39.85646523,-105.5252597,8047.0,288.32292167227297,0.0,18,18,0,0,18,18,6121,0,0,0,0,0
2020-09-19,US,Colorado,Grand,71,1,0,40.10603347,-106.11780420000001,8049.0,451.25206559044113,1.4084507042253518,70,71,1,0,70,71,15525,0,0,0,0,0
2020-09-19,US,Colorado,Gunnison,296,7,0,38.66611652,-107.0320729,8051.0,1695.1093803688007,2.3648648648648654,289,296,7,0,289,296,17246,0,0,0,0,0
2020-09-19,US,Colorado,Hinsdale,3,0,0,37.82247444,-107.3004345,8053.0,365.8536585365854,0.0,3,3,0,0,3,3,811,0,0,0,0,0
2020-09-19,US,Colorado,Huerfano,13,1,0,37.68473101,-104.9612585,8055.0,188.48774829636073,7.6923076923076925,12,13,1,0,12,13,6889,0,0,0,0,0
2020-09-19,US,Colorado,Jackson,9,0,0,40.66593870000001,-106.3408905,8057.0,646.5517241379309,0.0,9,9,0,0,9,9,1399,0,0,0,0,0
2020-09-19,US,Colorado,Jefferson,5317,247,0,39.58635604,-105.2517692,8059.0,912.1930548430985,4.645476772616137,5070,5267,247,0,5020,5232,580233,50,0,0,50,35
2020-09-19,US,Colorado,Kit Carson,79,3,0,39.30497777,-102.60221990000001,8063.0,1113.1463998872764,3.79746835443038,76,78,3,0,75,78,7163,1,0,0,1,0
2020-09-19,US,Colorado,La Plata,250,2,0,37.28632032,-107.8429014,8067.0,444.6736984400848,0.8,248,247,2,0,245,248,56310,3,0,0,3,-1
2020-09-19,US,Colorado,Lake,90,0,0,39.20278823,-106.35556969999999,8065.0,1107.4197120708748,0.0,90,89,0,0,89,88,7824,1,0,0,1,1
2020-09-19,US,Colorado,Larimer,2328,49,0,40.66671597,-105.4625784,8069.0,652.2853804577767,2.104810996563574,2279,2308,49,0,2259,2270,350518,20,0,0,20,38
2020-09-19,US,Colorado,Las Animas,21,0,0,37.3153406,-104.03764579999999,8071.0,144.76768233834275,0.0,21,21,0,0,21,21,14503,0,0,0,0,0
2020-09-19,US,Colorado,Lincoln,9,0,0,38.98749519,-103.51366490000001,8073.0,157.8670408700228,0.0,9,9,0,0,9,8,5610,0,0,0,0,1
2020-09-19,US,Colorado,Logan,828,5,0,40.7249637,-103.110817,8075.0,3694.943995716007,0.6038647342995169,823,815,5,0,810,813,21528,13,0,0,13,2
2020-09-19,US,Colorado,Mesa,533,6,0,39.01787888,-108.469799,8077.0,345.6325789507814,1.125703564727955,527,521,6,0,515,504,153207,12,0,0,12,17
2020-09-19,US,Colorado,Mineral,20,0,0,37.66954283,-106.92816979999999,8079.0,2600.780234070221,0.0,20,20,0,0,20,20,776,0,0,0,0,0
2020-09-19,US,Colorado,Moffat,38,1,0,40.61810999,-108.2070876,8081.0,286.0799518181134,2.631578947368421,37,38,1,0,37,38,13188,0,0,0,0,0
2020-09-19,US,Colorado,Montezuma,129,5,0,37.33859579,-108.59588570000001,8083.0,492.6860940304778,3.875968992248062,124,129,5,0,124,128,26158,0,0,0,0,1
2020-09-19,US,Colorado,Montrose,368,13,0,38.40214114,-108.26390220000002,8085.0,860.657654707891,3.532608695652174,355,365,13,0,352,361,42214,3,0,0,3,4
2020-09-19,US,Colorado,Morgan,732,48,0,40.26279810000001,-103.8093302,8087.0,2518.233108573001,6.557377049180328,684,731,48,0,683,728,28558,1,0,0,1,3
2020-09-19,US,Colorado,Otero,91,6,0,37.9014485,-103.7173385,8089.0,497.8662873399716,6.593406593406592,85,87,6,0,81,86,18432,4,0,0,4,1
2020-09-19,US,Colorado,Ouray,25,1,0,38.14717457,-107.7675136,8091.0,504.8465266558966,4.0,24,25,1,0,24,25,4833,0,0,0,0,0
2020-09-19,US,Colorado,Park,50,1,0,39.120926000000004,-105.7182065,8093.0,265.32236667551075,2.0,49,49,1,0,48,48,18556,1,0,0,1,1
2020-09-19,US,Colorado,Phillips,34,0,0,40.59414277,-102.3577703,8095.0,797.1864009378662,0.0,34,33,0,0,33,33,4286,1,0,0,1,0
2020-09-19,US,Colorado,Pitkin,219,2,0,39.21720112,-106.9310027,8097.0,1232.622277255586,0.9132420091324199,217,217,2,0,215,215,17950,2,0,0,2,2
2020-09-19,US,Colorado,Prowers,93,0,0,37.95544985,-102.3926052,8099.0,764.0486362142623,0.0,93,92,0,0,92,92,12164,1,0,0,1,0
2020-09-19,US,Colorado,Pueblo,1024,34,0,38.17359144,-104.5127437,8101.0,607.9893601861968,3.3203125,990,1014,34,0,980,1003,167529,10,0,0,10,11
2020-09-19,US,Colorado,Rio Blanco,24,0,0,39.97913541,-108.2179009,8103.0,379.5066413662239,0.0,24,24,0,0,24,24,6336,0,0,0,0,0
2020-09-19,US,Colorado,Rio Grande,95,2,0,37.5836865,-106.3847838,8105.0,843.1703204047217,2.1052631578947367,93,95,2,0,93,95,11250,0,0,0,0,0
2020-09-19,US,Colorado,Routt,143,8,0,40.48596505,-106.9905548,8107.0,557.7658163663314,5.594405594405594,135,141,8,0,133,140,25733,2,0,0,2,1
2020-09-19,US,Colorado,Saguache,111,2,0,38.08054629,-106.28246599999999,8109.0,1626.6119577960142,1.8018018018018016,109,111,2,0,109,111,6843,0,0,0,0,0
2020-09-19,US,Colorado,San Juan,6,0,0,37.76248981,-107.67632890000002,8111.0,824.1758241758242,0.0,6,6,0,0,6,6,762,0,0,0,0,0
2020-09-19,US,Colorado,San Miguel,95,0,0,38.00450883,-108.4020725,8113.0,1161.5111871866975,0.0,95,95,0,0,95,95,8191,0,0,0,0,0
2020-09-19,US,Colorado,Sedgwick,12,1,0,40.87595412,-102.3519227,8115.0,533.8078291814946,8.333333333333334,11,12,1,0,11,12,2303,0,0,0,0,0
2020-09-19,US,Colorado,Summit,417,4,0,39.63803232,-106.1150762,8117.0,1344.6841443358808,0.9592326139088728,413,408,4,0,404,403,31007,9,0,0,9,5
2020-09-19,US,Colorado,Teller,172,4,0,38.88133511,-105.16148929999999,8119.0,677.4854261855995,2.3255813953488373,168,171,4,0,167,170,25083,1,0,0,1,1
2020-09-19,US,Colorado,Washington,57,0,0,39.97015535,-103.202587,8121.0,1161.3691931540345,0.0,57,57,0,0,57,56,4909,0,0,0,0,1
2020-09-19,US,Colorado,Weld,4492,149,0,40.55499405,-104.39296209999999,8123.0,1384.3176411128782,3.3170080142475515,4343,4451,149,0,4302,4428,314305,41,0,0,41,23
2020-09-19,US,Colorado,Yuma,84,0,0,40.00346839,-102.4258673,8125.0,838.4070266493663,0.0,84,84,0,0,84,84,10020,0,0,0,0,0
2020-09-19,US,Connecticut,Fairfield,19716,1420,0,41.26809896,-73.3881171,9001.0,2090.03828980677,7.202272266179753,18296,19716,1420,0,18296,19678,943823,0,0,0,0,38
2020-09-19,US,Connecticut,Hartford,14253,1434,0,41.80283011,-72.73103891,9003.0,1598.3716861795185,10.061039781098716,12819,14253,1434,0,12819,14205,892697,0,0,0,0,48
2020-09-19,US,Connecticut,Litchfield,1822,140,0,41.7937534,-73.2451475,9005.0,1010.3530690444901,7.683863885839736,1682,1822,140,0,1682,1815,181111,0,0,0,0,7
2020-09-19,US,Connecticut,Middlesex,1542,193,0,41.45949668,-72.53714864,9007.0,949.2969538772194,12.51621271076524,1349,1542,193,0,1349,1537,162682,0,0,0,0,5
2020-09-19,US,Connecticut,New Haven,14164,1111,0,41.408032500000004,-72.93620426,9009.0,1657.0791464708686,7.843829426715617,13053,14164,1111,0,13053,14145,857620,0,0,0,0,19
2020-09-19,US,Connecticut,New London,1717,114,0,41.48896435,-72.10430976,9011.0,647.421249896307,6.63948747815958,1603,1717,114,0,1603,1705,266784,0,0,0,0,12
2020-09-19,US,Connecticut,Tolland,1293,65,0,41.85853803,-72.3308481,9013.0,857.8764737495106,5.02706883217324,1228,1293,65,0,1228,1289,150921,0,0,0,0,4
2020-09-19,US,Connecticut,Unassigned,121,0,0,0.0,0.0,90009.0,0.0,0.0,121,121,0,0,121,122,,0,0,0,0,-1
2020-09-19,US,Connecticut,Windham,899,15,0,41.82972709,-71.98182316,9015.0,769.8104159887654,1.6685205784204669,884,899,15,0,884,890,117027,0,0,0,0,9
2020-09-19,US,Delaware,Kent,2852,113,0,39.08646628,-75.56884914,10001.0,1577.5557841868285,3.9621318373071532,2739,2839,113,0,2726,2836,178550,13,0,0,13,3
2020-09-19,US,Delaware,New Castle,9521,307,0,39.57992638,-75.64054974,10003.0,1703.9729540602018,3.224451213107866,9214,9480,307,0,9173,9418,559335,41,0,0,41,62
2020-09-19,US,Delaware,Sussex,6600,201,0,38.66143781,-75.39031349,10005.0,2817.8033941722692,3.0454545454545454,6399,6570,200,0,6370,6585,229286,30,1,0,29,-15
2020-09-19,US,Delaware,Unassigned,476,0,0,0.0,0.0,90010.0,0.0,0.0,476,477,0,0,477,479,,-1,0,0,-1,-2
2020-09-19,US,District of Columbia,District of Columbia,14902,619,0,38.90417773,-77.01655992,11001.0,2111.515567149227,4.153804858408267,14283,14852,619,0,14233,14790,702455,50,0,0,50,62
2020-09-19,US,Florida,Alachua,7382,46,0,29.67866525,-82.35928158,12001.0,2743.79931832458,0.6231373611487402,7336,7199,46,0,7153,6994,269956,183,0,0,183,205
2020-09-19,US,Florida,Baker,1401,11,0,30.33060121,-82.28467476,12003.0,4796.302636083533,0.7851534618129907,1390,1388,11,0,1377,1373,28355,13,0,0,13,15
2020-09-19,US,Florida,Bay,5802,94,0,30.26548745,-85.62122584,12005.0,3321.0268738731,1.6201309893140297,5708,5767,94,0,5673,5754,185287,35,0,0,35,13
2020-09-19,US,Florida,Bradford,1017,7,0,29.95079741,-82.16611613,12007.0,3606.255097336974,0.688298918387414,1010,1000,7,0,993,984,27732,17,0,0,17,16
2020-09-19,US,Florida,Brevard,8352,276,0,28.29409504,-80.73091022,12009.0,1387.5090955607016,3.3045977011494254,8076,8264,274,0,7990,8193,596849,88,2,0,86,71
2020-09-19,US,Florida,Broward,75499,1319,0,26.15184651,-80.48725556,12011.0,3866.235690897788,1.7470430071921483,74180,75266,1317,0,73949,75048,1951260,233,2,0,231,218
2020-09-19,US,Florida,Calhoun,607,10,0,30.40666734,-85.19394153,12013.0,4303.438496986884,1.6474464579901154,597,605,10,0,595,605,14587,2,0,0,2,0
2020-09-19,US,Florida,Charlotte,2943,131,0,26.90131002,-81.92949121,12015.0,1557.8847070033344,4.451240231056745,2812,2922,131,0,2791,2901,184998,21,0,0,21,21
2020-09-19,US,Florida,Citrus,2606,84,0,28.84804315,-82.47614748,12017.0,1741.3151406215545,3.223330775134305,2522,2586,81,0,2505,2541,147929,20,3,0,17,45
2020-09-19,US,Florida,Clay,4765,91,0,29.98319144,-81.85609986,12019.0,2173.2983051465894,1.9097586568730325,4674,4723,91,0,4632,4672,216072,42,0,0,42,51
2020-09-19,US,Florida,Collier,12423,202,0,26.11091986,-81.34687065,12021.0,3227.5748112506562,1.6260162601626016,12221,12368,201,0,12167,12324,378488,55,1,0,54,44
2020-09-19,US,Florida,Columbia,3627,50,0,30.22509788,-82.62160164,12023.0,5059.565326563065,1.3785497656465395,3577,3604,50,0,3554,3592,70503,23,0,0,23,12
2020-09-19,US,Florida,DeSoto,1545,23,0,27.18677893,-81.80941373,12027.0,4065.682482039946,1.488673139158576,1522,1543,23,0,1520,1540,37489,2,0,0,2,3
2020-09-19,US,Florida,Dixie,822,6,0,29.60631086,-83.15724673,12029.0,4885.296564840129,0.7299270072992701,816,815,6,0,809,814,16700,7,0,0,7,1
2020-09-19,US,Florida,Duval,29241,353,0,30.33225875,-81.66976468,12031.0,3053.077248356835,1.2072090557778459,28888,29056,350,0,28706,28876,950181,185,3,0,182,180
2020-09-19,US,Florida,Escambia,12015,217,0,30.67652764,-87.37284571,12033.0,3774.551075032358,1.8060757386600084,11798,11996,217,0,11779,11991,315534,19,0,0,19,5
2020-09-19,US,Florida,Flagler,1642,23,0,29.45933576,-81.31508595,12035.0,1426.8211086104568,1.4007308160779537,1619,1631,23,0,1608,1614,112067,11,0,0,11,17
2020-09-19,US,Florida,Franklin,592,3,0,29.83791238,-84.82731662,12037.0,4882.474226804125,0.5067567567567568,589,589,3,0,586,588,11736,3,0,0,3,1
2020-09-19,US,Florida,Gadsden,2693,44,0,30.57796289,-84.61915825,12039.0,5897.9413053000435,1.6338655774229485,2649,2680,44,0,2636,2656,45894,13,0,0,13,24
2020-09-19,US,Florida,Gilchrist,502,12,0,29.72856978,-82.79880657,12041.0,2701.539123883328,2.3904382470119523,490,498,12,0,486,493,18256,4,0,0,4,5
2020-09-19,US,Florida,Glades,497,4,0,26.95635849,-81.18996211,12043.0,3598.580841358337,0.8048289738430584,493,491,4,0,487,487,13724,6,0,0,6,4
2020-09-19,US,Florida,Gulf,865,14,0,29.93543004,-85.24270990000002,12045.0,6342.107192609429,1.6184971098265897,851,865,14,0,851,864,16164,0,0,0,0,1
2020-09-19,US,Florida,Hamilton,826,8,0,30.49673973,-82.94998918,12047.0,5724.979207097311,0.9685230024213076,818,824,8,0,816,807,14310,2,0,0,2,17
2020-09-19,US,Florida,Hardee,1274,10,0,27.49293939,-81.80956574,12049.0,4729.554144856516,0.7849293563579278,1264,1268,10,0,1258,1259,27245,6,0,0,6,9
2020-09-19,US,Florida,Hendry,2043,42,0,26.55386945,-81.16469006,12051.0,4861.739089048594,2.055800293685756,2001,2037,42,0,1995,2034,41556,6,0,0,6,3
2020-09-19,US,Florida,Hernando,2999,112,0,28.55364461,-82.42700204,12053.0,1546.5140264026404,3.7345781927309103,2887,2974,112,0,2862,2941,190865,25,0,0,25,33
2020-09-19,US,Florida,Highlands,2068,81,0,27.34254618,-81.34071957,12055.0,1946.8843260748813,3.9168278529980656,1987,2046,81,0,1965,2037,105424,22,0,0,22,9
2020-09-19,US,Florida,Hillsborough,40587,604,0,27.9276559,-82.32013172,12057.0,2757.328963673124,1.4881612338926258,39983,40349,604,0,39745,40126,1436888,238,0,0,238,223
2020-09-19,US,Florida,Holmes,727,5,0,30.86747479,-85.81319222,12059.0,3705.969312331141,0.687757909215956,722,720,5,0,715,717,19477,7,0,0,7,3
2020-09-19,US,Florida,Indian River,3072,109,0,27.69308961,-80.60556721,12061.0,1920.9244448891034,3.548177083333333,2963,3049,109,0,2940,3026,157413,23,0,0,23,23
2020-09-19,US,Florida,Jackson,2706,76,0,30.795459700000002,-85.21500423,12063.0,5830.137458525445,2.8085735402808574,2630,2683,76,0,2607,2673,48305,23,0,0,23,10
2020-09-19,US,Florida,Jefferson,544,8,0,30.43669112,-83.89442308,12065.0,3818.615751789976,1.4705882352941178,536,542,8,0,534,540,14288,2,0,0,2,2
2020-09-19,US,Florida,Lafayette,1230,12,0,29.98484137,-83.18166636,12067.0,14604.606981714556,0.975609756097561,1218,1228,12,0,1216,1227,8732,2,0,0,2,1
2020-09-19,US,Florida,Lake,7262,169,0,28.76202069,-81.7125123,12069.0,1978.110580249402,2.3271825943266315,7093,7220,169,0,7051,7173,356495,42,0,0,42,47
2020-09-19,US,Florida,Lee,19884,459,0,26.58410348,-81.88399313,12071.0,2580.404034898524,2.3083886541943266,19425,19807,459,0,19348,19733,754610,77,0,0,77,74
2020-09-19,US,Florida,Leon,9838,57,0,30.45955727,-84.27491114,12073.0,3351.0228828742906,0.5793860540760317,9781,9730,53,0,9677,9566,292502,108,4,0,104,164
2020-09-19,US,Florida,Levy,1001,9,0,29.31829741,-82.74007147,12075.0,2411.873840445269,0.8991008991008991,992,992,9,0,983,989,40770,9,0,0,9,3
2020-09-19,US,Florida,Liberty,490,7,0,30.23766008,-84.8829258,12077.0,5865.453674886282,1.4285714285714286,483,487,7,0,480,485,8457,3,0,0,3,2
2020-09-19,US,Florida,Madison,1001,18,0,30.44396917,-83.47398594,12079.0,5412.858919591196,1.7982017982017982,983,1000,18,0,982,995,18529,1,0,0,1,5
2020-09-19,US,Florida,Manatee,11158,277,0,27.47196942,-82.31831044,12081.0,2766.997393695769,2.4825237497759454,10881,11087,277,0,10810,11041,394855,71,0,0,71,46
2020-09-19,US,Florida,Marion,9401,259,0,29.21227113,-82.05803627,12083.0,2571.537205364641,2.7550260610573343,9142,9329,259,0,9070,9274,359977,72,0,0,72,55
2020-09-19,US,Florida,Martin,4722,132,0,27.0772071,-80.43109784,12085.0,2932.919254658385,2.795425667090216,4590,4666,132,0,4534,4645,160912,56,0,0,56,21
2020-09-19,US,Florida,Miami-Dade,166516,3055,0,25.6112362,-80.55170587,12086.0,6128.806672212121,1.8346585313123065,163461,165980,3027,0,162953,165595,2761581,536,28,0,508,385
2020-09-19,US,Florida,Monroe,1804,22,0,25.20904673,-81.07812416,12087.0,2430.349733254297,1.2195121951219512,1782,1801,22,0,1779,1799,75027,3,0,0,3,2
2020-09-19,US,Florida,Nassau,2010,37,0,30.61037141,-81.80297522,12089.0,2267.9830747531737,1.8407960199004976,1973,1999,37,0,1962,1989,85832,11,0,0,11,10
2020-09-19,US,Florida,Okaloosa,4733,100,0,30.69143028,-86.59267105,12091.0,2245.9167307272533,2.1128248468201987,4633,4719,100,0,4619,4706,207269,14,0,0,14,13
2020-09-19,US,Florida,Okeechobee,1443,23,0,27.386336199999995,-80.88944347,12093.0,3422.0261809903245,1.593901593901594,1420,1409,22,0,1387,1376,41537,34,1,0,33,33
2020-09-19,US,Florida,Orange,38818,432,0,28.51367621,-81.31799498,12095.0,2785.7436065253773,1.1128857746406309,38386,38623,431,0,38192,38422,1380645,195,1,0,194,201
2020-09-19,US,Florida,Osceola,12049,137,0,28.06312234,-81.14882926,12097.0,3206.6448259618737,1.1370238194041,11912,11975,137,0,11838,11919,367990,74,0,0,74,56
2020-09-19,US,Florida,Palm Beach,45156,1277,0,26.64676272,-80.46536002,12099.0,3016.896383545902,2.827974134112853,43879,44906,1272,0,43634,44683,1485941,250,5,0,245,223
2020-09-19,US,Florida,Pasco,8816,199,0,28.30810945,-82.40227529,12101.0,1591.487994338809,2.2572595281306715,8617,8729,198,0,8531,8680,539630,87,1,0,86,49
2020-09-19,US,Florida,Pinellas,21440,721,0,27.93130349,-82.72239666,12103.0,2198.983380444637,3.362873134328358,20719,21359,720,0,20639,21254,975280,81,1,0,80,105
2020-09-19,US,Florida,Polk,19035,507,0,27.95027105,-81.69732947,12105.0,2626.325062743437,2.6635145784081957,18528,18915,505,0,18410,18783,708009,120,2,0,118,132
2020-09-19,US,Florida,Putnam,2042,38,0,29.60779729,-81.74230285,12107.0,2740.1672011916103,1.860920666013712,2004,2023,38,0,1985,2017,74163,19,0,0,19,6
2020-09-19,US,Florida,Santa Rosa,5200,69,0,30.69341450000001,-87.02458128,12113.0,2821.2877008132905,1.3269230769230769,5131,5190,69,0,5121,5192,179349,10,0,0,10,-2
2020-09-19,US,Florida,Sarasota,7848,246,0,27.18546175,-82.33174248,12115.0,1809.3705474683106,3.134556574923548,7602,7795,246,0,7549,7752,426718,53,0,0,53,43
2020-09-19,US,Florida,Seminole,8794,200,0,28.7158582,-81.24060348,12117.0,1863.8226803948914,2.274277916761428,8594,8742,199,0,8543,8694,467832,52,1,0,51,48
2020-09-19,US,Florida,St. Johns,5070,66,0,29.90096506,-81.43589967,12109.0,1915.5785273848385,1.301775147928994,5004,5037,65,0,4972,4991,254261,33,1,0,32,46
2020-09-19,US,Florida,St. Lucie,7787,263,0,27.37763908,-80.47106649,12111.0,2371.937605278148,3.3774239116476177,7524,7742,259,0,7483,7704,321128,45,4,0,41,38
2020-09-19,US,Florida,Sumter,2154,65,0,28.70181754,-82.0794267,12119.0,1626.6425011327594,3.0176415970287835,2089,2140,65,0,2075,2137,128754,14,0,0,14,3
2020-09-19,US,Florida,Suwannee,2595,65,0,30.19746066,-82.99099670000003,12121.0,5842.357655852489,2.5048169556840083,2530,2577,65,0,2512,2563,44191,18,0,0,18,14
2020-09-19,US,Florida,Taylor,1286,12,0,30.04848048,-83.60445406,12123.0,5962.260651861468,0.9331259720062208,1274,1280,12,0,1268,1270,21623,6,0,0,6,10
2020-09-19,US,Florida,Unassigned,1592,0,0,0.0,0.0,90012.0,0.0,0.0,1592,1575,0,0,1575,1569,,17,0,0,17,6
2020-09-19,US,Florida,Union,874,12,0,30.04412971,-82.37497443,12125.0,5736.037277679334,1.3729977116704806,862,858,12,0,846,839,14940,16,0,0,16,19
2020-09-19,US,Florida,Volusia,10495,218,0,29.05858895,-81.18263252,12127.0,1896.855864257777,2.0771796093377803,10277,10413,216,0,10197,10364,547538,82,2,0,80,49
2020-09-19,US,Florida,Wakulla,1079,9,0,30.16548905,-84.39895211,12129.0,3198.0793740181985,0.8341056533827618,1070,1065,9,0,1056,1057,32461,14,0,0,14,8
2020-09-19,US,Florida,Walton,1870,22,0,30.64204028,-86.16935664,12131.0,2524.604771098001,1.1764705882352942,1848,1861,22,0,1839,1858,71375,9,0,0,9,3
2020-09-19,US,Florida,Washington,1056,18,0,30.61359259,-85.66002461,12133.0,4145.565893298787,1.7045454545454546,1038,1053,18,0,1035,1051,24880,3,0,0,3,2
2020-09-19,US,Georgia,Appling,1001,26,0,31.74847232,-82.28909114,13001.0,5444.359839007941,2.5974025974025974,975,991,26,0,965,975,18507,10,0,0,10,16
2020-09-19,US,Georgia,Atkinson,435,3,0,31.29633502,-82.87545866,13003.0,5327.6178812002445,0.6896551724137931,432,434,3,0,431,434,8297,1,0,0,1,0
2020-09-19,US,Georgia,Bacon,589,10,0,31.55456473,-82.45936528,13005.0,5275.886778932282,1.6977928692699489,579,585,10,0,575,581,11185,4,0,0,4,4
2020-09-19,US,Georgia,Baker,78,3,0,31.32669878,-84.44218806,13007.0,2567.478604344964,3.8461538461538463,75,75,3,0,72,74,3092,3,0,0,3,1
2020-09-19,US,Georgia,Baldwin,2048,55,0,33.06882326,-83.24701748,13009.0,4562.2633103141025,2.685546875,1993,2020,55,0,1965,1968,44823,28,0,0,28,52
2020-09-19,US,Georgia,Banks,467,7,0,34.35607081,-83.49644388,13011.0,2427.992097327649,1.4989293361884368,460,460,7,0,453,451,18988,7,0,0,7,9
2020-09-19,US,Georgia,Barrow,2079,46,0,33.99148694,-83.71436292,13013.0,2497.5973089860645,2.2126022126022127,2033,2054,44,0,2010,2036,80809,25,2,0,23,18
2020-09-19,US,Georgia,Bartow,2790,82,0,34.23732119,-84.83887523,13015.0,2589.6155488314243,2.9390681003584236,2708,2779,81,0,2698,2762,106408,11,1,0,10,17
2020-09-19,US,Georgia,Ben Hill,736,20,0,31.76095874,-83.22145359,13017.0,4407.185628742515,2.717391304347826,716,729,20,0,709,727,16787,7,0,0,7,2
2020-09-19,US,Georgia,Berrien,438,11,0,31.27590016,-83.22529920000002,13019.0,2258.081146569057,2.5114155251141552,427,430,11,0,419,426,19252,8,0,0,8,4
2020-09-19,US,Georgia,Bibb,5941,157,0,32.80904227,-83.70489165,13021.0,3878.975443819821,2.6426527520619425,5784,5919,156,0,5763,5880,153095,22,1,0,21,39
2020-09-19,US,Georgia,Bleckley,425,19,0,32.43829035,-83.33035166,13023.0,3301.483725627281,4.470588235294118,406,421,19,0,402,420,12838,4,0,0,4,1
2020-09-19,US,Georgia,Brantley,341,10,0,31.19576557,-81.97743999,13025.0,1784.499450520697,2.9325513196480935,331,334,9,0,325,331,18897,7,1,0,6,3
2020-09-19,US,Georgia,Brooks,510,27,0,30.83922642,-83.58303423,13027.0,3299.475965581937,5.294117647058823,483,510,27,0,483,511,15513,0,0,0,0,-1
2020-09-19,US,Georgia,Bryan,1055,11,0,32.00979311,-81.44002948,13029.0,2662.3261917379564,1.042654028436019,1044,1046,11,0,1035,1042,38109,9,0,0,9,4
2020-09-19,US,Georgia,Bulloch,2758,25,0,32.39577406,-81.74811421,13031.0,3464.4759320671287,0.9064539521392312,2733,2741,25,0,2716,2710,77296,17,0,0,17,31
2020-09-19,US,Georgia,Burke,760,9,0,33.05917989,-81.99928721,13033.0,3395.4340347585216,1.1842105263157894,751,756,9,0,747,750,22423,4,0,0,4,6
2020-09-19,US,Georgia,Butts,625,42,0,33.283094500000004,-83.95435040000002,13035.0,2506.4164260506896,6.72,583,623,41,0,582,614,24193,2,1,0,1,9
2020-09-19,US,Georgia,Calhoun,233,7,0,31.53169785,-84.62725131,13037.0,3764.743900468573,3.004291845493562,226,232,7,0,225,231,6352,1,0,0,1,1
2020-09-19,US,Georgia,Camden,1227,7,0,30.92951916,-81.66601818,13039.0,2244.539567555702,0.5704971475142624,1220,1208,7,0,1201,1203,53677,19,0,0,19,5
2020-09-19,US,Georgia,Candler,412,17,0,32.40209349,-82.07702563,13043.0,3813.7554383041747,4.12621359223301,395,406,17,0,389,406,10836,6,0,0,6,0
2020-09-19,US,Georgia,Carroll,2624,63,0,33.58138199,-85.07976677,13045.0,2186.8124541636107,2.400914634146341,2561,2606,63,0,2543,2578,118121,18,0,0,18,28
2020-09-19,US,Georgia,Catoosa,1096,17,0,34.89872298,-85.13757014,13047.0,1621.7815921870374,1.551094890510949,1079,1079,16,0,1063,1061,67420,17,1,0,16,18
2020-09-19,US,Georgia,Charlton,610,6,0,30.78371028,-82.13951596,13049.0,4554.958183990442,0.9836065573770492,604,608,6,0,602,605,12968,2,0,0,2,3
2020-09-19,US,Georgia,Chatham,8074,146,0,32.00043026,-81.12489526,13051.0,2789.620979165947,1.808273470398811,7928,8010,145,0,7865,7984,289195,64,1,0,63,26
2020-09-19,US,Georgia,Chattahoochee,1622,1,0,32.34341231,-84.78809239,13053.0,14871.183643531675,0.06165228113440197,1621,1613,1,0,1612,1612,10684,9,0,0,9,1
2020-09-19,US,Georgia,Chattooga,714,12,0,34.47197698,-85.34535662,13055.0,2880.309814837226,1.680672268907563,702,709,12,0,697,694,24790,5,0,0,5,15
2020-09-19,US,Georgia,Cherokee,5738,91,0,34.24393976,-84.47431861,13057.0,2217.3874399570277,1.585918438480307,5647,5712,90,0,5622,5675,254149,26,1,0,25,37
2020-09-19,US,Georgia,Clarke,4855,41,0,33.95436462,-83.37124007,13059.0,3783.185668310852,0.8444902162718847,4814,4821,41,0,4780,4775,127330,34,0,0,34,46
2020-09-19,US,Georgia,Clay,120,2,0,31.62221166,-84.97713865,13061.0,4234.297812279464,1.6666666666666667,118,120,2,0,118,119,2887,0,0,0,0,1
2020-09-19,US,Georgia,Clayton,7010,158,0,33.54187245,-84.35594188,13063.0,2398.58206503887,2.253922967189729,6852,7024,156,0,6868,7010,289615,-14,2,0,-16,14
2020-09-19,US,Georgia,Clinch,362,6,0,30.91395822,-82.70432472,13065.0,5469.9304925959495,1.6574585635359116,356,355,6,0,349,349,6648,7,0,0,7,6
2020-09-19,US,Georgia,Cobb,19000,421,0,33.94243204,-84.5761255,13067.0,2499.5362702446,2.2157894736842105,18579,18941,419,0,18522,18839,756865,59,2,0,57,102
2020-09-19,US,Georgia,Coffee,1976,43,0,31.54892966,-82.85492059999999,13069.0,4566.35777505604,2.1761133603238867,1933,1963,42,0,1921,1940,43093,13,1,0,12,23
2020-09-19,US,Georgia,Colquitt,1905,33,0,31.18810588,-83.7677946,13071.0,4177.631578947368,1.7322834645669292,1872,1898,33,0,1865,1893,45592,7,0,0,7,5
2020-09-19,US,Georgia,Columbia,3617,57,0,33.54534185,-82.263524,13073.0,2308.026085735799,1.575891622891899,3560,3598,56,0,3542,3573,154291,19,1,0,18,25
2020-09-19,US,Georgia,Cook,540,12,0,31.16068491,-83.42947229,13075.0,3126.809496236249,2.2222222222222223,528,538,12,0,526,536,17162,2,0,0,2,2
2020-09-19,US,Georgia,Coweta,2499,41,0,33.35334302,-84.76129976,13077.0,1682.726299416197,1.640656262505002,2458,2483,40,0,2443,2465,145864,16,1,0,15,18
2020-09-19,US,Georgia,Crawford,165,4,0,32.71391813,-83.98061238,13079.0,1330.2160593356982,2.4242424242424243,161,165,4,0,161,164,12318,0,0,0,0,1
2020-09-19,US,Georgia,Crisp,529,17,0,31.92289565,-83.76811843,13081.0,2364.562846415162,3.2136105860113418,512,529,17,0,512,528,22601,0,0,0,0,1
2020-09-19,US,Georgia,Dade,271,5,0,34.854916700000004,-85.50490424,13083.0,1681.5586994291384,1.845018450184502,266,266,4,0,262,260,16226,5,1,0,4,6
2020-09-19,US,Georgia,Dawson,790,6,0,34.44244079,-84.16964071,13085.0,3025.8924467596144,0.7594936708860759,784,776,6,0,770,772,25083,14,0,0,14,4
2020-09-19,US,Georgia,DeKalb,18006,349,0,33.76944049,-84.22396017,13089.0,2371.4040750852428,1.9382428079529048,17657,17907,346,0,17561,17849,756558,99,3,0,96,58
2020-09-19,US,Georgia,Decatur,1100,27,0,30.87967778,-84.57619536,13087.0,4166.035449174367,2.4545454545454546,1073,1087,26,0,1061,1082,26575,13,1,0,12,5
2020-09-19,US,Georgia,Dodge,392,11,0,32.17265114,-83.16948926,13091.0,1902.4508614413974,2.8061224489795915,381,389,11,0,378,378,20705,3,0,0,3,11
2020-09-19,US,Georgia,Dooly,322,14,0,32.15630737,-83.79746561,13093.0,2404.779686333085,4.3478260869565215,308,320,14,0,306,316,13706,2,0,0,2,4
2020-09-19,US,Georgia,Dougherty,3122,182,0,31.53328528,-84.21722377,13095.0,3549.5020237391423,5.829596412556054,2940,3100,182,0,2918,3097,91243,22,0,0,22,3
2020-09-19,US,Georgia,Douglas,3432,70,0,33.70291126,-84.77026156,13097.0,2345.175375658556,2.03962703962704,3362,3423,70,0,3353,3410,145331,9,0,0,9,13
2020-09-19,US,Georgia,Early,465,32,0,31.32155345,-84.90255207,13099.0,4563.297350343474,6.881720430107527,433,459,32,0,427,456,10247,6,0,0,6,3
2020-09-19,US,Georgia,Echols,239,2,0,30.71101099,-82.89687287,13101.0,5966.050923614576,0.8368200836820083,237,238,2,0,236,238,4000,1,0,0,1,0
2020-09-19,US,Georgia,Effingham,1365,23,0,32.36616021,-81.34280942,13103.0,2122.9936543486374,1.684981684981685,1342,1338,22,0,1316,1333,62190,27,1,0,26,5
2020-09-19,US,Georgia,Elbert,594,3,0,34.11302332,-82.83936148,13105.0,3094.717099093467,0.5050505050505051,591,591,3,0,588,583,19120,3,0,0,3,8
2020-09-19,US,Georgia,Emanuel,978,29,0,32.59221302,-82.30239915,13107.0,4318.643469045306,2.9652351738241314,949,970,28,0,942,967,22612,8,1,0,7,3
2020-09-19,US,Georgia,Evans,412,6,0,32.15328841,-81.8870105,13109.0,3867.092171954196,1.4563106796116505,406,409,6,0,403,409,10721,3,0,0,3,0
2020-09-19,US,Georgia,Fannin,594,12,0,34.86430205,-84.316964,13111.0,2268.2144493661217,2.0202020202020203,582,579,10,0,569,570,25964,15,2,0,13,9
2020-09-19,US,Georgia,Fayette,1734,49,0,33.41357794,-84.49089434,13113.0,1515.4560788666415,2.8258362168396767,1685,1725,48,0,1677,1715,113459,9,1,0,8,10
2020-09-19,US,Georgia,Floyd,2963,40,0,34.26268279,-85.21577392,13115.0,3008.1829072671526,1.3499831252109349,2923,2902,39,0,2863,2841,97927,61,1,0,60,61
2020-09-19,US,Georgia,Forsyth,3705,42,0,34.22604035,-84.12315129999998,13117.0,1516.8760132977413,1.1336032388663968,3663,3665,42,0,3623,3629,236612,40,0,0,40,36
2020-09-19,US,Georgia,Franklin,709,11,0,34.37525597,-83.23159927,13119.0,3036.532613816437,1.5514809590973202,698,698,11,0,687,691,23023,11,0,0,11,7
2020-09-19,US,Georgia,Fulton,26910,564,0,33.79216944,-84.46319413,13121.0,2529.2850986477583,2.0958751393534003,26346,26778,563,0,26215,26620,1050114,132,1,0,131,158
2020-09-19,US,Georgia,Gilmer,792,11,0,34.69316688,-84.45802506,13123.0,2524.785616372852,1.3888888888888888,781,792,11,0,781,790,30816,0,0,0,0,2
2020-09-19,US,Georgia,Glascock,37,2,0,33.22879932,-82.61297636,13125.0,1245.3719286435546,5.405405405405406,35,37,2,0,35,37,2995,0,0,0,0,0
2020-09-19,US,Georgia,Glynn,3408,94,0,31.23279254,-81.53811412,13127.0,3995.6854101205267,2.7582159624413145,3314,3400,92,0,3308,3392,85219,8,2,0,6,8
2020-09-19,US,Georgia,Gordon,1778,36,0,34.50487351,-84.87296253,13129.0,3067.474078291324,2.0247469066366706,1742,1751,35,0,1716,1729,57685,27,1,0,26,22
2020-09-19,US,Georgia,Grady,749,21,0,30.87454847,-84.23418364,13131.0,3040.636544472861,2.803738317757009,728,738,21,0,717,736,24748,11,0,0,11,2
2020-09-19,US,Georgia,Greene,492,23,0,33.5769205,-83.17139104,13133.0,2685.003274394237,4.674796747967481,469,490,23,0,467,488,17698,2,0,0,2,2
2020-09-19,US,Georgia,Gwinnett,26550,391,0,33.96044201,-84.02137802,13135.0,2835.781041388518,1.4726930320150657,26159,26403,388,0,26015,26280,927781,147,3,0,144,123
2020-09-19,US,Georgia,Habersham,1553,66,0,34.63331566,-83.53094677,13137.0,3426.1383692199083,4.249839021249195,1487,1531,65,0,1466,1504,45388,22,1,0,21,27
2020-09-19,US,Georgia,Hall,8757,143,0,34.32207823,-83.81896936,13139.0,4283.387383156999,1.6329793308210574,8614,8634,143,0,8491,8587,202148,123,0,0,123,47
2020-09-19,US,Georgia,Hancock,386,41,0,33.2721566,-82.99766919,13141.0,4564.266288281897,10.621761658031089,345,386,41,0,345,383,8348,0,0,0,0,3
2020-09-19,US,Georgia,Haralson,433,8,0,33.79602175,-85.21005667,13143.0,1453.4103114930185,1.8475750577367205,425,425,8,0,417,418,29533,8,0,0,8,7
2020-09-19,US,Georgia,Harris,774,21,0,32.73709786,-84.90538572,13145.0,2196.6170961516627,2.713178294573644,753,771,21,0,750,769,34475,3,0,0,3,2
2020-09-19,US,Georgia,Hart,483,13,0,34.34626973,-82.96567682,13147.0,1843.1597023468805,2.691511387163561,470,482,12,0,470,476,26099,1,1,0,0,6
2020-09-19,US,Georgia,Heard,189,5,0,33.29686567,-85.12886832,13149.0,1585.171517235595,2.6455026455026456,184,188,5,0,183,186,11879,1,0,0,1,2
2020-09-19,US,Georgia,Henry,4947,98,0,33.4533428,-84.14814659999998,13151.0,2109.0462608873604,1.9809985850010108,4849,4895,96,0,4799,4850,230220,52,2,0,50,45
2020-09-19,US,Georgia,Houston,3027,77,0,32.45802497,-83.66879087,13153.0,1917.485414568328,2.54377271225636,2950,3002,76,0,2926,2974,155469,25,1,0,24,28
2020-09-19,US,Georgia,Irwin,283,4,0,31.60213036,-83.27501387,13155.0,3005.522514868309,1.413427561837456,279,278,4,0,274,277,9398,5,0,0,5,1
2020-09-19,US,Georgia,Jackson,1874,30,0,34.13794553,-83.56814788,13157.0,2567.93236225112,1.6008537886873,1844,1855,30,0,1825,1838,70422,19,0,0,19,17
2020-09-19,US,Georgia,Jasper,209,4,0,33.31535543,-83.68844964,13159.0,1469.8642661227937,1.9138755980861244,205,209,4,0,205,208,14040,0,0,0,0,1
2020-09-19,US,Georgia,Jeff Davis,702,19,0,31.80405727,-82.63724870000001,13161.0,4644.3929870989095,2.7065527065527064,683,699,18,0,681,690,15029,3,1,0,2,9
2020-09-19,US,Georgia,Jefferson,767,23,0,33.05867328,-82.41609057,13163.0,4992.83947402682,2.9986962190352022,744,764,23,0,741,758,15430,3,0,0,3,6
2020-09-19,US,Georgia,Jenkins,396,29,0,32.79248718,-81.96040187,13165.0,4564.315352697096,7.3232323232323235,367,392,29,0,363,389,8683,4,0,0,4,3
2020-09-19,US,Georgia,Johnson,410,22,0,32.70211082,-82.66166794,13167.0,4251.788862387224,5.365853658536587,388,410,22,0,388,407,9708,0,0,0,0,3
2020-09-19,US,Georgia,Jones,528,8,0,33.02512137,-83.56019163,13169.0,1837.4804245693408,1.5151515151515151,520,523,8,0,515,516,28616,5,0,0,5,7
2020-09-19,US,Georgia,Lamar,350,17,0,33.07841647,-84.14263877,13171.0,1834.6700214918487,4.857142857142857,333,350,17,0,333,349,19000,0,0,0,0,1
2020-09-19,US,Georgia,Lanier,292,5,0,31.03828570000001,-83.06472457,13173.0,2801.496690012473,1.7123287671232876,287,292,5,0,287,292,10340,0,0,0,0,0
2020-09-19,US,Georgia,Laurens,1578,62,0,32.46325233,-82.92221316,13175.0,3318.891179068692,3.9290240811153363,1516,1557,62,0,1495,1546,47325,21,0,0,21,11
2020-09-19,US,Georgia,Lee,690,25,0,31.779330600000005,-84.14324253,13177.0,2300.613496932516,3.6231884057971016,665,689,25,0,664,687,29764,1,0,0,1,2
2020-09-19,US,Georgia,Liberty,1060,22,0,31.82588896,-81.49251135,13179.0,1725.4008301456824,2.0754716981132075,1038,1050,22,0,1028,1029,61497,10,0,0,10,21
2020-09-19,US,Georgia,Lincoln,207,7,0,33.79201475,-82.45024131,13181.0,2613.306400706981,3.3816425120772946,200,206,7,0,199,205,7915,1,0,0,1,1
2020-09-19,US,Georgia,Long,230,3,0,31.75218791,-81.74952375,13183.0,1175.9292397361828,1.3043478260869563,227,226,3,0,223,221,18998,4,0,0,4,5
2020-09-19,US,Georgia,Lowndes,3803,76,0,30.83568832,-83.27056716,13185.0,3239.187094356337,1.998422298185643,3727,3786,76,0,3710,3774,116321,17,0,0,17,12
2020-09-19,US,Georgia,Lumpkin,872,14,0,34.57286511,-84.00425681,13187.0,2594.465932758108,1.6055045871559632,858,850,13,0,837,847,32955,22,1,0,21,3
2020-09-19,US,Georgia,Macon,227,10,0,32.35207048,-84.04234127,13193.0,1753.3019232254574,4.405286343612334,217,226,10,0,216,225,13143,1,0,0,1,1
2020-09-19,US,Georgia,Madison,659,8,0,34.12920917,-83.21218732,13195.0,2205.488621151272,1.2139605462822458,651,657,8,0,649,643,29650,2,0,0,2,14
2020-09-19,US,Georgia,Marion,185,8,0,32.3483402,-84.52733571,13197.0,2213.1833951429603,4.3243243243243255,177,185,8,0,177,185,8351,0,0,0,0,0
2020-09-19,US,Georgia,McDuffie,579,13,0,33.47851918,-82.48252774,13189.0,2716.7792792792793,2.245250431778929,566,571,13,0,558,568,21531,8,0,0,8,3
2020-09-19,US,Georgia,McIntosh,282,7,0,31.49683595,-81.40163426,13191.0,1961.3298094310755,2.482269503546099,275,280,7,0,273,277,14340,2,0,0,2,3
2020-09-19,US,Georgia,Meriwether,532,12,0,33.04163534,-84.68859732,13199.0,2513.3462465158027,2.255639097744361,520,530,12,0,518,525,21068,2,0,0,2,5
2020-09-19,US,Georgia,Miller,241,1,0,31.16568912,-84.73151117,13201.0,4214.7604057362705,0.4149377593360996,240,240,1,0,239,235,5686,1,0,0,1,5
2020-09-19,US,Georgia,Mitchell,775,45,0,31.22483255,-84.19381821,13205.0,3544.801719800577,5.806451612903227,730,770,45,0,725,765,22192,5,0,0,5,5
2020-09-19,US,Georgia,Monroe,656,48,0,33.014289,-83.92097166,13207.0,2378.7076655304954,7.317073170731707,608,654,46,0,608,652,27520,2,2,0,0,2
2020-09-19,US,Georgia,Montgomery,291,5,0,32.17201038,-82.53527476,13209.0,3172.699520279111,1.718213058419244,286,287,5,0,282,282,9193,4,0,0,4,5
2020-09-19,US,Georgia,Morgan,468,2,0,33.59232073,-83.49129491,13211.0,2427.88960365221,0.4273504273504273,466,467,2,0,465,465,18853,1,0,0,1,2
2020-09-19,US,Georgia,Murray,793,5,0,34.78897608,-84.74993177,13213.0,1977.753391859537,0.6305170239596469,788,782,5,0,777,775,39921,11,0,0,11,7
2020-09-19,US,Georgia,Muscogee,5849,162,0,32.50931999,-84.87142262,13215.0,2987.7048970981105,2.7697042229440934,5687,5831,160,0,5671,5809,194160,18,2,0,16,22
2020-09-19,US,Georgia,Newton,2519,80,0,33.55514538,-83.84547140000002,13217.0,2254.259736540665,3.1758634378721715,2439,2501,80,0,2421,2489,109541,18,0,0,18,12
2020-09-19,US,Georgia,Oconee,706,26,0,33.83749973,-83.43679568,13219.0,1752.730883813307,3.68271954674221,680,704,25,0,679,698,39272,2,1,0,1,6
2020-09-19,US,Georgia,Oglethorpe,314,11,0,33.878629600000004,-83.08278123,13221.0,2057.8019529458024,3.5031847133757963,303,310,11,0,299,303,15054,4,0,0,4,7
2020-09-19,US,Georgia,Out of GA,16962,149,0,0.0,0.0,80013.0,0.0,0.8784341469166372,16813,16684,146,0,16538,16684,,278,3,0,275,0
2020-09-19,US,Georgia,Paulding,2707,49,0,33.91969522,-84.86848792,13223.0,1604.9375396491312,1.8101219061691909,2658,2693,47,0,2646,2663,164044,14,2,0,12,30
2020-09-19,US,Georgia,Peach,655,21,0,32.56934316,-83.82937,13225.0,2377.8407028243664,3.206106870229008,634,648,20,0,628,635,27297,7,1,0,6,13
2020-09-19,US,Georgia,Pickens,600,10,0,34.46589159,-84.46406611,13227.0,1840.9990488171586,1.6666666666666667,590,592,10,0,582,588,31980,8,0,0,8,4
2020-09-19,US,Georgia,Pierce,589,17,0,31.35928155,-82.21598442,13229.0,3025.9440020549705,2.8862478777589136,572,587,17,0,570,585,19389,2,0,0,2,2
2020-09-19,US,Georgia,Pike,311,9,0,33.09310242,-84.38790389,13231.0,1640.1223499630842,2.893890675241157,302,305,9,0,296,304,18634,6,0,0,6,1
2020-09-19,US,Georgia,Polk,1396,17,0,34.00267074,-85.18677781,13233.0,3275.9955882007844,1.2177650429799427,1379,1387,17,0,1370,1375,42470,9,0,0,9,12
2020-09-19,US,Georgia,Pulaski,310,13,0,32.23334561,-83.47549959999998,13235.0,2783.514411421388,4.193548387096774,297,304,13,0,291,301,11069,6,0,0,6,3
2020-09-19,US,Georgia,Putnam,674,23,0,33.32056115,-83.37552891,13237.0,3047.1540304715404,3.4124629080118694,651,673,23,0,650,664,21809,1,0,0,1,9
2020-09-19,US,Georgia,Quitman,31,1,0,31.86728114,-85.01773177,13239.0,1348.4123531970422,3.2258064516129035,30,31,1,0,30,31,2279,0,0,0,0,0
2020-09-19,US,Georgia,Rabun,316,7,0,34.88389445,-83.40304637,13241.0,1843.963354146,2.2151898734177213,309,317,7,0,310,315,16867,-1,0,0,-1,2
2020-09-19,US,Georgia,Randolph,331,28,0,31.76622818,-84.75732369,13243.0,4883.446444378873,8.459214501510575,303,331,28,0,303,331,6833,0,0,0,0,0
2020-09-19,US,Georgia,Richmond,6834,152,0,33.35777107,-82.07026432,13245.0,3374.5148579385536,2.224173251390108,6682,6780,150,0,6630,6721,201554,54,2,0,52,59
2020-09-19,US,Georgia,Rockdale,1806,35,0,33.65145002,-84.02202167,13247.0,1986.8861116000705,1.937984496124031,1771,1792,34,0,1758,1781,90594,14,1,0,13,11
2020-09-19,US,Georgia,Schley,104,2,0,32.2654021,-84.31258912,13249.0,1978.3146281148945,1.9230769230769231,102,104,2,0,102,104,5236,0,0,0,0,0
2020-09-19,US,Georgia,Screven,372,9,0,32.74976524,-81.60779441,13251.0,2663.611628240012,2.419354838709677,363,362,9,0,353,361,13938,10,0,0,10,1
2020-09-19,US,Georgia,Seminole,343,9,0,30.93464824,-84.86823924,13253.0,4239.802224969098,2.623906705539359,334,338,9,0,329,335,8315,5,0,0,5,3
2020-09-19,US,Georgia,Spalding,1278,56,0,33.26310031,-84.28013991,13255.0,1915.9558040867728,4.381846635367761,1222,1273,55,0,1218,1270,66100,5,1,0,4,3
2020-09-19,US,Georgia,Stephens,992,33,0,34.55151201,-83.29405315,13257.0,3826.42237222758,3.3266129032258065,959,966,32,0,934,953,26035,26,1,0,25,13
2020-09-19,US,Georgia,Stewart,462,13,0,32.07996777,-84.83208037,13259.0,6977.7979157227,2.813852813852814,449,462,13,0,449,437,6199,0,0,0,0,25
2020-09-19,US,Georgia,Sumter,918,60,0,32.03650571,-84.19821492,13261.0,3109.3347784853004,6.5359477124183005,858,918,60,0,858,913,29733,0,0,0,0,5
2020-09-19,US,Georgia,Talbot,158,5,0,32.69642758,-84.53351366,13263.0,2550.4439063761097,3.1645569620253164,153,158,5,0,153,157,6272,0,0,0,0,1
2020-09-19,US,Georgia,Taliaferro,21,0,0,33.56543317,-82.88136816,13265.0,1366.2979830839295,0.0,21,20,0,0,20,19,1608,1,0,0,1,1
2020-09-19,US,Georgia,Tattnall,779,9,0,32.04785085,-82.05539188,13267.0,3080.7561496480266,1.1553273427471116,770,769,9,0,760,761,25391,10,0,0,10,8
2020-09-19,US,Georgia,Taylor,204,9,0,32.55792548,-84.25077141,13269.0,2543.640897755611,4.411764705882354,195,201,8,0,193,199,8039,3,1,0,2,2
2020-09-19,US,Georgia,Telfair,377,17,0,31.92829517,-82.93491155,13271.0,2377.049180327869,4.509283819628648,360,376,16,0,360,372,15876,1,1,0,0,4
2020-09-19,US,Georgia,Terrell,326,31,0,31.77527543,-84.44069698,13273.0,3821.357402414723,9.509202453987731,295,325,31,0,294,325,8611,1,0,0,1,0
2020-09-19,US,Georgia,Thomas,1471,58,0,30.86392347,-83.91847289,13275.0,3309.2618838721287,3.9428959891230457,1413,1465,58,0,1407,1455,44448,6,0,0,6,10
2020-09-19,US,Georgia,Tift,1688,56,0,31.45743864,-83.5236119,13277.0,4153.134534002559,3.3175355450236967,1632,1661,56,0,1605,1650,40571,27,0,0,27,11
2020-09-19,US,Georgia,Toombs,1277,43,0,32.12059861,-82.32957247,13279.0,4759.597465523668,3.3672670321065,1234,1270,42,0,1228,1259,26887,7,1,0,6,11
2020-09-19,US,Georgia,Towns,297,8,0,34.91369188,-83.74107459999998,13281.0,2467.392207360638,2.6936026936026938,289,284,8,0,276,282,11852,13,0,0,13,2
2020-09-19,US,Georgia,Treutlen,244,8,0,32.40422134,-82.56904553,13283.0,3535.719460947689,3.278688524590164,236,244,7,0,237,244,6809,0,1,0,-1,0
2020-09-19,US,Georgia,Troup,2752,93,0,33.03349196,-85.02812115,13285.0,3935.814192957867,3.3793604651162785,2659,2739,93,0,2646,2732,70034,13,0,0,13,7
2020-09-19,US,Georgia,Turner,292,22,0,31.71612656,-83.62069378,13287.0,3656.856606136506,7.534246575342466,270,289,22,0,267,289,7912,3,0,0,3,0
2020-09-19,US,Georgia,Twiggs,183,7,0,32.67435595,-83.43078662,13289.0,2253.694581280788,3.8251366120218577,176,182,7,0,175,179,8188,1,0,0,1,3
2020-09-19,US,Georgia,Unassigned,2399,5,0,0.0,0.0,90013.0,0.0,0.20842017507294705,2394,2465,4,0,2461,2456,,-66,1,0,-67,9
2020-09-19,US,Georgia,Union,660,17,0,34.82995757,-83.98967069,13291.0,2692.6685977724287,2.575757575757576,643,649,17,0,632,641,24001,11,0,0,11,8
2020-09-19,US,Georgia,Upson,749,59,0,32.87920671,-84.30024826,13293.0,2845.744680851064,7.8771695594125495,690,743,59,0,684,732,26215,6,0,0,6,11
2020-09-19,US,Georgia,Walker,1426,29,0,34.73376362,-85.30165174,13295.0,2044.1220739381604,2.0336605890603088,1397,1403,29,0,1374,1379,69410,23,0,0,23,24
2020-09-19,US,Georgia,Walton,1733,52,0,33.78017694,-83.73552314,13297.0,1832.0594547165226,3.000577034045009,1681,1719,52,0,1667,1704,93503,14,0,0,14,15
2020-09-19,US,Georgia,Ware,1461,53,0,31.05449097,-82.42224148,13299.0,4088.543124195444,3.6276522929500334,1408,1456,53,0,1403,1445,35680,5,0,0,5,11
2020-09-19,US,Georgia,Warren,131,5,0,33.41146451,-82.67795848,13301.0,2493.3384088313665,3.816793893129771,126,131,5,0,126,128,5251,0,0,0,0,3
2020-09-19,US,Georgia,Washington,650,8,0,32.96711864,-82.79357039,13303.0,3190.3406302149797,1.2307692307692308,642,652,7,0,645,642,20386,-2,1,0,-3,10
2020-09-19,US,Georgia,Wayne,1087,27,0,31.5521809,-81.91894878,13305.0,3632.171617602833,2.483900643974241,1060,1081,27,0,1054,1073,29808,6,0,0,6,8
2020-09-19,US,Georgia,Webster,43,2,0,32.04066113,-84.54742852,13307.0,1649.4054468738013,4.651162790697675,41,43,2,0,41,43,2611,0,0,0,0,0
2020-09-19,US,Georgia,Wheeler,322,11,0,32.12009104,-82.72574721,13309.0,4099.299809038829,3.4161490683229814,311,322,11,0,311,319,7879,0,0,0,0,3
2020-09-19,US,Georgia,White,721,17,0,34.64624278,-83.74905525,13311.0,2341.061107864147,2.3578363384188625,704,710,17,0,693,693,29970,11,0,0,11,17
2020-09-19,US,Georgia,Whitfield,4436,60,0,34.80987459,-84.96093476,13313.0,4239.782849715181,1.3525698827772767,4376,4405,60,0,4345,4370,104062,31,0,0,31,35
2020-09-19,US,Georgia,Wilcox,243,20,0,31.97496928,-83.43438555,13315.0,2814.1285466126233,8.23045267489712,223,240,20,0,220,238,8812,3,0,0,3,2
2020-09-19,US,Georgia,Wilkes,259,4,0,33.78290391,-82.74286107,13317.0,2649.074358187583,1.5444015444015444,255,257,4,0,253,255,9876,2,0,0,2,2
2020-09-19,US,Georgia,Wilkinson,332,17,0,32.80291082,-83.17140684,13319.0,3707.840071476435,5.120481927710842,315,328,17,0,311,318,9036,4,0,0,4,10
2020-09-19,US,Georgia,Worth,520,29,0,31.55162306,-83.85090513,13321.0,2568.281720748753,5.5769230769230775,491,519,29,0,490,517,20299,1,0,0,1,2
2020-09-19,US,Hawaii,Hawaii,639,15,0,19.60121157,-155.5210167,15001.0,317.1011299519138,2.347417840375587,624,632,15,0,617,623,200983,7,0,0,7,9
2020-09-19,US,Hawaii,Honolulu,10218,95,0,21.45803166,-157.97121819999995,15003.0,1048.4699295992152,0.92973184576238,10123,10119,95,0,10024,10015,980080,99,0,0,99,104
2020-09-19,US,Hawaii,Kauai,57,0,0,22.03935037,-159.5966786,15007.0,78.84580803120635,0.0,57,57,0,0,57,58,72133,0,0,0,0,-1
2020-09-19,US,Hawaii,Maui,384,9,0,20.86399628,-156.56890969999995,15009.0,229.36738801913785,2.34375,375,381,9,0,372,381,167207,3,0,0,3,0
2020-09-19,US,Hawaii,Out of HI,28,1,0,0.0,0.0,80015.0,0.0,3.571428571428572,27,28,1,0,27,28,,0,0,0,0,0
2020-09-19,US,Idaho,Ada,12321,144,0,43.4526575,-116.24155159999998,16001.0,2558.4162363186715,1.168736303871439,12177,12261,144,0,12117,12164,469966,60,0,0,60,97
2020-09-19,US,Idaho,Adams,28,1,0,44.89333571,-116.4545247,16003.0,652.0726595249182,3.571428571428572,27,26,1,0,25,26,4250,2,0,0,2,0
2020-09-19,US,Idaho,Bannock,870,4,0,42.67002716,-112.2233311,16005.0,990.7981049562683,0.4597701149425287,866,855,4,0,851,828,87138,15,0,0,15,27
2020-09-19,US,Idaho,Bear Lake,32,0,0,42.28269683,-111.32892379999998,16007.0,522.4489795918367,0.0,32,31,0,0,31,31,6050,1,0,0,1,0
2020-09-19,US,Idaho,Benewah,136,3,0,47.21754179,-116.6586851,16009.0,1462.6801462680146,2.2058823529411766,133,136,3,0,133,133,9226,0,0,0,0,3
2020-09-19,US,Idaho,Bingham,718,10,0,43.21672879999999,-112.3978437,16011.0,1533.827519172844,1.3927576601671308,708,694,10,0,684,636,46236,24,0,0,24,58
2020-09-19,US,Idaho,Blaine,630,6,0,43.4085812,-113.9752658,16013.0,2736.6317709917034,0.9523809523809524,624,624,6,0,618,621,22601,6,0,0,6,3
2020-09-19,US,Idaho,Boise,66,1,0,43.98829931,-115.7309284,16015.0,842.8042395607202,1.5151515151515151,65,65,1,0,64,65,7634,1,0,0,1,0
2020-09-19,US,Idaho,Bonner,283,0,0,48.29996017,-116.6017932,16017.0,618.7280001749054,0.0,283,279,0,0,279,270,44727,4,0,0,4,9
2020-09-19,US,Idaho,Bonneville,2417,15,0,43.38713372,-111.6161537,16019.0,2030.0347717995667,0.6206040546131568,2402,2377,14,0,2363,2319,116854,40,1,0,39,58
2020-09-19,US,Idaho,Boundary,56,1,0,48.76684761,-116.4630179,16021.0,457.32952225398117,1.7857142857142858,55,56,1,0,55,56,11948,0,0,0,0,0
2020-09-19,US,Idaho,Butte,26,0,0,43.72592209,-113.1735463,16023.0,1001.1551790527533,0.0,26,26,0,0,26,26,2611,0,0,0,0,0
2020-09-19,US,Idaho,Camas,20,0,0,43.46665742,-114.8065892,16025.0,1808.3182640144666,0.0,20,19,0,0,19,17,1127,1,0,0,1,2
2020-09-19,US,Idaho,Canyon,7873,99,0,43.61970148,-116.70954990000001,16027.0,3425.292257090525,1.257462212625429,7774,7850,98,0,7752,7809,223499,23,1,0,22,41
2020-09-19,US,Idaho,Caribou,94,0,0,42.77149116,-111.5597683,16029.0,1313.7665967854648,0.0,94,83,0,0,83,75,7060,11,0,0,11,8
2020-09-19,US,Idaho,Cassia,632,5,0,42.28347888,-113.6012409,16031.0,2630.045776113192,0.7911392405063291,627,626,5,0,621,619,23864,6,0,0,6,7
2020-09-19,US,Idaho,Clark,31,0,0,44.28496071,-112.35057040000001,16033.0,3668.639053254438,0.0,31,30,0,0,30,28,852,1,0,0,1,2
2020-09-19,US,Idaho,Clearwater,30,0,0,46.67459924,-115.6622393,16035.0,342.6222019186843,0.0,30,30,0,0,30,29,8758,0,0,0,0,1
2020-09-19,US,Idaho,Custer,57,0,0,44.24186819,-114.2855494,16037.0,1320.9733487833141,0.0,57,57,0,0,57,56,4280,0,0,0,0,1
2020-09-19,US,Idaho,Elmore,318,3,0,43.3507101,-115.4701578,16039.0,1155.9012758532954,0.9433962264150944,315,317,3,0,314,317,27259,1,0,0,1,0
2020-09-19,US,Idaho,Franklin,79,0,0,42.18332217,-111.81496659999999,16041.0,569.3283366964544,0.0,79,72,0,0,72,70,13726,7,0,0,7,2
2020-09-19,US,Idaho,Fremont,156,3,0,44.22800938,-111.48099429999999,16043.0,1190.9306053897244,1.9230769230769231,153,155,3,0,152,149,13168,1,0,0,1,6
2020-09-19,US,Idaho,Gem,270,2,0,44.06482372,-116.398376,16045.0,1490.724381625442,0.7407407407407407,268,268,2,0,266,268,17634,2,0,0,2,0
2020-09-19,US,Idaho,Gooding,263,1,0,42.96927962,-114.81083059999999,16047.0,1732.6569602740628,0.3802281368821293,262,263,1,0,262,259,15196,0,0,0,0,4
2020-09-19,US,Idaho,Idaho,88,0,0,45.84721541,-115.4634436,16049.0,527.9894402111959,0.0,88,88,0,0,88,85,16513,0,0,0,0,3
2020-09-19,US,Idaho,Jefferson,471,1,0,43.82078483,-112.3131749,16051.0,1576.7801546650599,0.21231422505307854,470,467,1,0,466,452,29439,4,0,0,4,15
2020-09-19,US,Idaho,Jerome,721,7,0,42.68891267,-114.2655033,16053.0,2953.4655087661804,0.9708737864077671,714,715,7,0,708,712,24015,6,0,0,6,3
2020-09-19,US,Idaho,Kootenai,2474,33,0,47.67282258,-116.7020872,16055.0,1493.0867788795208,1.3338722716248992,2441,2456,33,0,2423,2419,161505,18,0,0,18,37
2020-09-19,US,Idaho,Latah,310,0,0,46.81587887,-116.71136979999999,16057.0,772.9131345367508,0.0,310,310,0,0,310,299,40134,0,0,0,0,11
2020-09-19,US,Idaho,Lemhi,73,0,0,44.9438088,-113.9309747,16059.0,909.4306714837423,0.0,73,73,0,0,73,72,7961,0,0,0,0,1
2020-09-19,US,Idaho,Lewis,12,0,0,46.23315327,-116.434146,16061.0,312.66284523189165,0.0,12,12,0,0,12,12,3861,0,0,0,0,0
2020-09-19,US,Idaho,Lincoln,87,0,0,43.0012336,-114.1358773,16063.0,1621.319418561312,0.0,87,87,0,0,87,84,5360,0,0,0,0,3
2020-09-19,US,Idaho,Madison,462,1,0,43.78141028,-111.65384740000002,16065.0,1157.6916330468339,0.21645021645021645,461,446,1,0,445,436,39304,16,0,0,16,10
2020-09-19,US,Idaho,Minidoka,617,7,0,42.85518524,-113.6357257,16067.0,2932.6488901563757,1.1345218800648298,610,614,7,0,607,609,20825,3,0,0,3,5
2020-09-19,US,Idaho,Nez Perce,390,24,0,46.32638236,-116.75009750000001,16069.0,965.1554147693528,6.153846153846153,366,389,24,0,365,389,40408,1,0,0,1,0
2020-09-19,US,Idaho,Oneida,23,0,0,42.19494279999999,-112.5407838,16071.0,507.6142131979696,0.0,23,23,0,0,23,22,4488,0,0,0,0,1
2020-09-19,US,Idaho,Owyhee,323,5,0,42.58016894,-116.16938710000001,16073.0,2731.9631227268883,1.547987616099071,318,323,5,0,318,323,11693,0,0,0,0,0
2020-09-19,US,Idaho,Payette,805,6,0,44.00545243,-116.7647695,16075.0,3361.028767066093,0.7453416149068323,799,799,6,0,793,791,23551,6,0,0,6,8
2020-09-19,US,Idaho,Power,194,1,0,42.69254894,-112.83957420000002,16077.0,2525.712797812785,0.5154639175257731,193,188,0,0,188,171,7768,6,1,0,5,17
2020-09-19,US,Idaho,Shoshone,212,18,0,47.35364087,-115.89167490000001,16079.0,1645.7071883247945,8.49056603773585,194,212,18,0,194,211,12796,0,0,0,0,1
2020-09-19,US,Idaho,Teton,142,0,0,43.75303583,-111.2056773,16081.0,1169.4943172459234,0.0,142,143,0,0,143,142,11640,-1,0,0,-1,1
2020-09-19,US,Idaho,Twin Falls,2020,35,0,42.35440512,-114.6685381,16083.0,2325.099564907111,1.7326732673267329,1985,1997,35,0,1962,1976,86081,23,0,0,23,21
2020-09-19,US,Idaho,Unassigned,3,0,0,0.0,0.0,90016.0,0.0,0.0,3,3,0,0,3,3,,0,0,0,0,0
2020-09-19,US,Idaho,Valley,86,1,0,44.76728382,-115.5676773,16085.0,754.9157303370787,1.162790697674419,85,86,1,0,85,86,11041,0,0,0,0,0
2020-09-19,US,Idaho,Washington,328,4,0,44.45275475,-116.78476880000001,16087.0,3217.5789680204052,1.2195121951219512,324,328,4,0,324,324,10161,0,0,0,0,4
2020-09-19,US,Illinois,Adams,971,10,0,39.98815591,-91.18786813,17001.0,1483.9153358294488,1.0298661174047374,961,956,10,0,946,922,65691,15,0,0,15,34
2020-09-19,US,Illinois,Alexander,69,1,0,37.18049267,-89.32910838,17003.0,1197.708731123069,1.4492753623188406,68,65,1,0,64,64,6060,4,0,0,4,1
2020-09-19,US,Illinois,Bond,286,4,0,38.88829622,-89.43534887,17005.0,1741.1420918056742,1.3986013986013983,282,276,4,0,272,266,16630,10,0,0,10,10
2020-09-19,US,Illinois,Boone,1012,23,0,42.32359279,-88.82345779,17007.0,1890.0343642611685,2.272727272727273,989,999,23,0,976,999,53577,13,0,0,13,0
2020-09-19,US,Illinois,Brown,36,0,0,39.96209138,-90.75068024,17009.0,547.2788081483734,0.0,36,36,0,0,36,35,6556,0,0,0,0,1
2020-09-19,US,Illinois,Bureau,567,11,0,41.40385234,-89.5283051,17011.0,1737.7712394262594,1.9400352733686064,556,557,10,0,547,542,32993,10,1,0,9,15
2020-09-19,US,Illinois,Calhoun,35,0,0,39.16840183,-90.66330078,17013.0,738.5524372230427,0.0,35,34,0,0,34,35,4802,1,0,0,1,-1
2020-09-19,US,Illinois,Carroll,204,4,0,42.06823429,-89.93395545,17015.0,1426.074799021321,1.96078431372549,200,202,4,0,198,200,14312,2,0,0,2,2
2020-09-19,US,Illinois,Cass,380,11,0,39.96991073,-90.24734436,17017.0,3128.3444471886064,2.8947368421052637,369,372,11,0,361,370,12260,8,0,0,8,2
2020-09-19,US,Illinois,Champaign,4320,20,0,40.13919438,-88.20046615,17019.0,2060.1939062134875,0.462962962962963,4300,4290,20,0,4270,4218,209983,30,0,0,30,72
2020-09-19,US,Illinois,Christian,427,10,0,39.54581621,-89.27780482,17021.0,1321.8177315502726,2.34192037470726,417,412,10,0,402,374,32661,15,0,0,15,38
2020-09-19,US,Illinois,Clark,146,2,0,39.33425789,-87.78705622,17023.0,945.5346156337024,1.3698630136986298,144,144,2,0,142,143,15596,2,0,0,2,1
2020-09-19,US,Illinois,Clay,138,0,0,38.75388572,-88.48914513,17025.0,1046.723300970874,0.0,138,137,0,0,137,135,13253,1,0,0,1,2
2020-09-19,US,Illinois,Clinton,1051,20,0,38.60704876,-89.42385254,17027.0,2798.04057291944,1.9029495718363465,1031,1022,20,0,1002,1004,37639,29,0,0,29,18
2020-09-19,US,Illinois,Coles,1342,28,0,39.51949084,-88.22358557,17029.0,2651.0736650797103,2.0864381520119224,1314,1324,28,0,1296,1315,50885,18,0,0,18,9
2020-09-19,US,Illinois,Cook,138576,5157,0,41.84144849,-87.81658794,17031.0,2690.674383081309,3.7214236231382056,133419,137580,5150,0,132430,136993,5180493,996,7,0,989,587
2020-09-19,US,Illinois,Crawford,348,1,0,39.0032229,-87.75954624,17033.0,1864.2524240638559,0.28735632183908044,347,330,1,0,329,305,18807,18,0,0,18,25
2020-09-19,US,Illinois,Cumberland,193,4,0,39.27432424,-88.2401158,17035.0,1792.6806613412596,2.0725388601036268,189,189,4,0,185,186,10808,4,0,0,4,3
2020-09-19,US,Illinois,De Witt,97,1,0,40.17514519,-88.90959682,17039.0,620.2839237754189,1.0309278350515465,96,93,1,0,92,88,15769,4,0,0,4,5
2020-09-19,US,Illinois,DeKalb,1424,38,0,41.89373302,-88.76958483,17037.0,1357.5221407666568,2.668539325842697,1386,1406,38,0,1368,1393,104143,18,0,0,18,13
2020-09-19,US,Illinois,Douglas,273,5,0,39.76768052,-88.21854195,17041.0,1402.5173388132544,1.8315018315018317,268,272,5,0,267,269,19479,1,0,0,1,3
2020-09-19,US,Illinois,DuPage,16622,550,0,41.85116968,-88.08642662,17043.0,1801.0208891118525,3.30886776561184,16072,16488,550,0,15938,16374,928589,134,0,0,134,114
2020-09-19,US,Illinois,Edgar,109,7,0,39.6809186,-87.74759563,17045.0,635.1611211467863,6.422018348623853,102,108,5,0,103,108,17360,1,2,0,-1,0
2020-09-19,US,Illinois,Edwards,60,0,0,38.41353228,-88.05720863,17047.0,938.2329945269742,0.0,60,60,0,0,60,57,6392,0,0,0,0,3
2020-09-19,US,Illinois,Effingham,809,1,0,39.05935711,-88.58969584,17049.0,2378.852034815337,0.12360939431396785,808,798,1,0,797,787,34208,11,0,0,11,11
2020-09-19,US,Illinois,Fayette,306,3,0,39.00072038,-89.02452658,17051.0,1434.1957255343082,0.9803921568627452,303,300,3,0,297,300,21416,6,0,0,6,0
2020-09-19,US,Illinois,Ford,94,4,0,40.59706922,-88.22350769,17053.0,725.2526811202838,4.25531914893617,90,91,4,0,87,87,13264,3,0,0,3,4
2020-09-19,US,Illinois,Franklin,477,2,0,37.99189086,-88.92567818,17055.0,1239.9594478671138,0.4192872117400419,475,473,2,0,471,462,38701,4,0,0,4,11
2020-09-19,US,Illinois,Fulton,144,0,0,40.47289135,-90.20862357,17057.0,419.33605125218406,0.0,144,140,0,0,140,131,34844,4,0,0,4,9
2020-09-19,US,Illinois,Gallatin,68,2,0,37.76430935,-88.22953869,17059.0,1408.4507042253522,2.9411764705882355,66,68,2,0,66,68,5058,0,0,0,0,0
2020-09-19,US,Illinois,Greene,207,5,0,39.35907414,-90.388865,17061.0,1596.1138098542679,2.415458937198068,202,205,3,0,202,197,13044,2,2,0,0,8
2020-09-19,US,Illinois,Grundy,625,5,0,41.28569601,-88.41905692,17063.0,1224.1939906765385,0.8,620,616,5,0,611,610,50972,9,0,0,9,6
2020-09-19,US,Illinois,Hamilton,65,0,0,38.08163641,-88.53883373,17065.0,800.8871365204532,0.0,65,63,0,0,63,58,8163,2,0,0,2,5
2020-09-19,US,Illinois,Hancock,183,3,0,40.40423981,-91.16313899,17067.0,1033.4312175288003,1.639344262295082,180,182,3,0,179,182,17844,1,0,0,1,0
2020-09-19,US,Illinois,Hardin,34,0,0,37.51810645,-88.26873022,17069.0,889.8194190002616,0.0,34,33,0,0,33,31,3910,1,0,0,1,2
2020-09-19,US,Illinois,Henderson,62,0,0,40.81908672,-90.92491462,17071.0,932.8919650917844,0.0,62,62,0,0,62,62,6709,0,0,0,0,0
2020-09-19,US,Illinois,Henry,614,5,0,41.3533994,-90.13296166,17073.0,1255.2900047022265,0.8143322475570033,609,610,5,0,605,599,49090,4,0,0,4,11
2020-09-19,US,Illinois,Iroquois,348,19,0,40.74717633,-87.82466784,17075.0,1283.4697942022572,5.459770114942528,329,345,19,0,326,344,27604,3,0,0,3,1
2020-09-19,US,Illinois,Jackson,1225,24,0,37.78595185,-89.38232563,17077.0,2158.590308370044,1.959183673469388,1201,1220,24,0,1196,1186,57419,5,0,0,5,34
2020-09-19,US,Illinois,Jasper,192,9,0,39.01054275,-88.15437049,17079.0,1997.9188345473465,4.6875,183,186,9,0,177,185,9611,6,0,0,6,1
2020-09-19,US,Illinois,Jefferson,555,37,0,38.29980057,-88.9240025,17081.0,1472.7735909139158,6.666666666666668,518,544,37,0,507,539,37820,11,0,0,11,5
2020-09-19,US,Illinois,Jersey,378,13,0,39.08869046,-90.35393073,17083.0,1736.0951637349012,3.4391534391534386,365,373,13,0,360,362,21847,5,0,0,5,11
2020-09-19,US,Illinois,Jo Daviess,235,2,0,42.36542373,-90.21094405,17085.0,1106.6635271956675,0.851063829787234,233,226,2,0,224,224,21366,9,0,0,9,2
2020-09-19,US,Illinois,Johnson,144,0,0,37.45939802,-88.88165419,17087.0,1159.7004107272287,0.0,144,142,0,0,142,139,12456,2,0,0,2,3
2020-09-19,US,Illinois,Kane,12554,325,0,41.93842729,-88.42861412,17089.0,2357.9882156937506,2.588816313525569,12229,12444,325,0,12119,12372,534216,110,0,0,110,72
2020-09-19,US,Illinois,Kankakee,2631,76,0,41.13746989,-87.86205334,17091.0,2394.8225956199594,2.8886354998099577,2555,2609,76,0,2533,2591,110024,22,0,0,22,18
2020-09-19,US,Illinois,Kendall,1879,25,0,41.59081014,-88.42869583,17093.0,1456.7020699279017,1.3304949441192124,1854,1860,25,0,1835,1850,127915,19,0,0,19,10
2020-09-19,US,Illinois,Knox,581,3,0,40.93148779,-90.21330340000002,17095.0,1169.0376063904707,0.5163511187607573,578,565,3,0,562,552,50112,16,0,0,16,13
2020-09-19,US,Illinois,LaSalle,1590,55,0,41.34426129999999,-88.88633881,17099.0,1463.1587665295526,3.459119496855346,1535,1568,54,0,1514,1546,109430,22,1,0,21,22
2020-09-19,US,Illinois,Lake,16285,484,0,42.3224907,-88.00367925,17097.0,2338.001679743301,2.972060178077986,15801,16175,484,0,15691,16040,700832,110,0,0,110,135
2020-09-19,US,Illinois,Lawrence,242,2,0,38.71987914,-87.72884035,17101.0,1543.5642301313944,0.8264462809917356,240,242,2,0,240,239,15765,0,0,0,0,3
2020-09-19,US,Illinois,Lee,325,1,0,41.74583951,-89.29977132,17103.0,953.1909901454717,0.3076923076923077,324,319,1,0,318,317,34223,6,0,0,6,2
2020-09-19,US,Illinois,Livingston,312,5,0,40.89188292,-88.55784752,17105.0,875.2244165170558,1.6025641025641026,307,293,5,0,288,282,35761,19,0,0,19,11
2020-09-19,US,Illinois,Logan,428,1,0,40.12581572,-89.36638784,17107.0,1495.5622335592984,0.2336448598130841,427,424,1,0,423,411,28925,4,0,0,4,13
2020-09-19,US,Illinois,Macon,1358,36,0,39.86064913,-88.96342505,17115.0,1305.6562412868116,2.650957290132548,1322,1337,34,0,1303,1305,104712,21,2,0,19,32
2020-09-19,US,Illinois,Macoupin,486,7,0,39.26119767,-89.92424028,17117.0,1081.778925343899,1.4403292181069958,479,470,6,0,464,461,45313,16,1,0,15,9
2020-09-19,US,Illinois,Madison,5291,130,0,38.83042506,-89.90422563,17119.0,2012.0471848071613,2.457002457002457,5161,5231,130,0,5101,5154,264461,60,0,0,60,77
2020-09-19,US,Illinois,Marion,491,0,0,38.64963204,-88.91899208,17121.0,1319.715092057519,0.0,491,481,0,0,481,464,37620,10,0,0,10,17
2020-09-19,US,Illinois,Marshall,92,0,0,41.0327901,-89.34510444,17123.0,804.3364224514778,0.0,92,85,0,0,85,84,11534,7,0,0,7,1
2020-09-19,US,Illinois,Mason,122,1,0,40.23917274,-89.91824452,17125.0,913.2420091324201,0.819672131147541,121,118,1,0,117,116,13565,4,0,0,4,2
2020-09-19,US,Illinois,Massac,93,2,0,37.22078441,-88.71036614,17127.0,675.2831832704037,2.150537634408602,91,90,2,0,88,87,14080,3,0,0,3,3
2020-09-19,US,Illinois,McDonough,444,15,0,40.45674722,-90.67775541,17109.0,1495.8560743885184,3.3783783783783785,429,438,15,0,423,431,29955,6,0,0,6,7
2020-09-19,US,Illinois,McHenry,4385,118,0,42.32451172,-88.45248227,17111.0,1424.7467297432531,2.690992018244013,4267,4350,118,0,4232,4322,308570,35,0,0,35,28
2020-09-19,US,Illinois,McLean,3120,19,0,40.48996987,-88.84621113,17113.0,1819.0616673565885,0.6089743589743589,3101,3089,19,0,3070,3043,172828,31,0,0,31,46
2020-09-19,US,Illinois,Menard,115,0,0,40.02742725,-89.80246001,17129.0,942.93210888816,0.0,115,112,0,0,112,111,12288,3,0,0,3,1
2020-09-19,US,Illinois,Mercer,127,5,0,41.20596782,-90.74290052,17131.0,822.6987108894217,3.9370078740157477,122,124,5,0,119,120,15601,3,0,0,3,4
2020-09-19,US,Illinois,Monroe,625,15,0,38.27594376,-90.17761038,17133.0,1804.4287900222305,2.4,610,605,15,0,590,603,34335,20,0,0,20,2
2020-09-19,US,Illinois,Montgomery,318,13,0,39.23198845,-89.47809254,17135.0,1119.1666080101359,4.088050314465409,305,309,12,0,297,300,28601,9,1,0,8,9
2020-09-19,US,Illinois,Morgan,612,21,0,39.71654544,-90.20255104,17137.0,1818.2898567948184,3.431372549019608,591,612,21,0,591,604,33976,0,0,0,0,8
2020-09-19,US,Illinois,Moultrie,207,3,0,39.64187451,-88.62099969,17139.0,1427.4877594648644,1.4492753623188406,204,206,3,0,203,204,14717,1,0,0,1,2
2020-09-19,US,Illinois,Ogle,619,6,0,42.04165196,-89.32184679,17141.0,1222.2814604190116,0.9693053311793216,613,604,6,0,598,595,50923,15,0,0,15,9
2020-09-19,US,Illinois,Out of IL,2,0,0,0.0,0.0,80017.0,0.0,0.0,2,2,0,0,2,3,,0,0,0,0,-1
2020-09-19,US,Illinois,Peoria,3174,48,0,40.78702156,-89.76078901,17143.0,1771.4129445973022,1.5122873345935728,3126,3130,48,0,3082,3081,180621,44,0,0,44,49
2020-09-19,US,Illinois,Perry,332,14,0,38.08510853,-89.36856219,17145.0,1587.3015873015872,4.216867469879518,318,332,14,0,318,326,21174,0,0,0,0,6
2020-09-19,US,Illinois,Piatt,129,0,0,40.01360584,-88.59319339,17147.0,789.28046989721,0.0,129,130,0,0,130,126,16396,-1,0,0,-1,4
2020-09-19,US,Illinois,Pike,108,1,0,39.62265059,-90.8877017,17149.0,694.0427993059571,0.925925925925926,107,104,1,0,103,104,15611,4,0,0,4,0
2020-09-19,US,Illinois,Pope,26,1,0,37.41391284,-88.56152109,17151.0,622.4563083552789,3.8461538461538463,25,25,1,0,24,25,4212,1,0,0,1,0
2020-09-19,US,Illinois,Pulaski,156,1,0,37.22631423,-89.13085001,17153.0,2924.086223055295,0.6410256410256411,155,153,1,0,152,152,5463,3,0,0,3,1
2020-09-19,US,Illinois,Putnam,42,0,0,41.2013541,-89.2869272,17155.0,731.8348144276006,0.0,42,40,0,0,40,38,5740,2,0,0,2,2
2020-09-19,US,Illinois,Randolph,911,11,0,38.05095369,-89.82512254,17157.0,2866.402366119187,1.2074643249176729,900,903,11,0,892,893,32106,8,0,0,8,10
2020-09-19,US,Illinois,Richland,144,4,0,38.71240969,-88.08475366,17159.0,928.2537226842004,2.7777777777777777,140,135,4,0,131,127,15763,9,0,0,9,8
2020-09-19,US,Illinois,Rock Island,2771,71,0,41.46613806,-90.57042164,17161.0,1953.072688699525,2.56225189462288,2700,2727,70,0,2657,2688,143477,44,1,0,43,39
2020-09-19,US,Illinois,Saline,245,3,0,37.75332999,-88.54119706,17165.0,1042.9526201523986,1.2244897959183674,242,240,3,0,237,226,23906,5,0,0,5,14
2020-09-19,US,Illinois,Sangamon,2222,44,0,39.75836914,-89.65872023,17167.0,1141.4070847374044,1.98019801980198,2178,2203,44,0,2159,2166,195348,19,0,0,19,37
2020-09-19,US,Illinois,Schuyler,44,0,0,40.157179799999994,-90.61114163,17169.0,650.1182033096927,0.0,44,44,0,0,44,41,6907,0,0,0,0,3
2020-09-19,US,Illinois,Scott,67,0,0,39.642916899999996,-90.47814431,17171.0,1353.2619672793376,0.0,67,67,0,0,67,66,4926,0,0,0,0,1
2020-09-19,US,Illinois,Shelby,345,4,0,39.39133527,-88.80611122,17173.0,1594.7120273643338,1.1594202898550725,341,342,4,0,338,338,21741,3,0,0,3,4
2020-09-19,US,Illinois,St. Clair,6239,183,0,38.46996033,-89.93063427,17163.0,2402.516885777439,2.9331623657637436,6056,6184,182,0,6002,6144,261059,55,1,0,54,40
2020-09-19,US,Illinois,Stark,50,2,0,41.09309773,-89.79745866,17175.0,935.9790340696367,4.0,48,49,2,0,47,48,5427,1,0,0,1,1
2020-09-19,US,Illinois,Stephenson,461,6,0,42.35129217,-89.662598,17177.0,1036.0016180502494,1.3015184381778742,455,453,6,0,447,449,44753,8,0,0,8,4
2020-09-19,US,Illinois,Tazewell,1538,18,0,40.50716185,-89.51404662,17179.0,1166.893014574782,1.1703511053315996,1520,1511,15,0,1496,1485,132328,27,3,0,24,26
2020-09-19,US,Illinois,Unassigned,2241,236,0,0.0,0.0,90017.0,0.0,10.531012940651497,2005,2242,236,0,2006,2144,,-1,0,0,-1,98
2020-09-19,US,Illinois,Union,495,24,0,37.47119609,-89.25548938,17181.0,2972.4373986669066,4.848484848484849,471,493,24,0,469,486,16841,2,0,0,2,7
2020-09-19,US,Illinois,Vermilion,588,4,0,40.18417171,-87.73384359,17183.0,776.1556535283403,0.6802721088435374,584,568,4,0,564,534,76806,20,0,0,20,34
2020-09-19,US,Illinois,Wabash,137,1,0,38.44272901,-87.84922065,17185.0,1189.236111111111,0.7299270072992701,136,136,1,0,135,138,11549,1,0,0,1,-2
2020-09-19,US,Illinois,Warren,300,2,0,40.84925021,-90.6147432,17187.0,1781.0496319164097,0.6666666666666666,298,294,1,0,293,289,17032,6,1,0,5,5
2020-09-19,US,Illinois,Washington,189,1,0,38.35309213,-89.40982703,17189.0,1360.9850939727805,0.5291005291005291,188,179,1,0,178,172,13995,10,0,0,10,7
2020-09-19,US,Illinois,Wayne,240,5,0,38.42955355,-88.42586459,17191.0,1480.1110083256244,2.083333333333333,235,234,5,0,229,230,16332,6,0,0,6,4
2020-09-19,US,Illinois,White,156,0,0,38.08706198,-88.17657461,17193.0,1152.3971337814878,0.0,156,155,0,0,155,154,13665,1,0,0,1,1
2020-09-19,US,Illinois,Whiteside,676,19,0,41.75509713,-89.91556058,17195.0,1225.1925690983235,2.8106508875739644,657,672,19,0,653,662,55626,4,0,0,4,10
2020-09-19,US,Illinois,Will,13330,372,0,41.44619267,-87.97862712,17197.0,1929.806020473606,2.7906976744186047,12958,13211,370,0,12841,13130,692310,119,2,0,117,81
2020-09-19,US,Illinois,Williamson,1296,34,0,37.73033511,-88.92994027,17199.0,1946.033605117348,2.623456790123457,1262,1289,34,0,1255,1253,67056,7,0,0,7,36
2020-09-19,US,Illinois,Winnebago,5218,149,0,42.33641854,-89.16085327,17201.0,1846.6090058462976,2.855500191644308,5069,5098,149,0,4949,5044,284081,120,0,0,120,54
2020-09-19,US,Illinois,Woodford,386,5,0,40.78579374,-89.20973757,17203.0,1003.6662419719702,1.2953367875647668,381,383,5,0,378,380,38463,3,0,0,3,3
2020-09-19,US,Indiana,Adams,240,3,0,40.7457653,-84.93671406,18001.0,670.8220365038992,1.25,237,234,3,0,231,230,35636,6,0,0,6,4
2020-09-19,US,Indiana,Allen,5921,200,0,41.09194313,-85.06800636,18003.0,1561.0375983063489,3.3778078027360237,5721,5849,198,0,5651,5785,375351,72,2,0,70,64
2020-09-19,US,Indiana,Bartholomew,1145,57,0,39.20744865,-85.89558181,18005.0,1366.6909368696213,4.978165938864628,1088,1142,57,0,1085,1132,82753,3,0,0,3,10
2020-09-19,US,Indiana,Benton,88,0,0,40.60626947,-87.31093999,18007.0,1005.9442158207588,0.0,88,88,0,0,88,88,8653,0,0,0,0,0
2020-09-19,US,Indiana,Blackford,114,2,0,40.47388153,-85.32499702,18009.0,969.5526450076544,1.7543859649122806,112,109,2,0,107,107,11930,5,0,0,5,2
2020-09-19,US,Indiana,Boone,944,46,0,40.0509304,-86.46841646,18011.0,1391.4479017732115,4.872881355932203,898,940,46,0,894,938,66999,4,0,0,4,2
2020-09-19,US,Indiana,Brown,101,3,0,39.19605589,-86.22868909,18013.0,669.2287304532202,2.9702970297029703,98,99,3,0,96,93,15234,2,0,0,2,6
2020-09-19,US,Indiana,Carroll,269,13,0,40.580783200000006,-86.56198812,18015.0,1327.9360221158115,4.83271375464684,256,267,13,0,254,267,20127,2,0,0,2,0
2020-09-19,US,Indiana,Cass,1927,9,0,40.76135835,-86.34830753,18017.0,5112.897662447929,0.467047223663726,1918,1923,9,0,1914,1920,37955,4,0,0,4,3
2020-09-19,US,Indiana,Clark,2101,56,0,38.48015445,-85.70510334,18019.0,1775.9632127943735,2.665397429795336,2045,2081,56,0,2025,2050,117360,20,0,0,20,31
2020-09-19,US,Indiana,Clay,292,5,0,39.39561833,-87.11723506,18021.0,1113.441372735939,1.7123287671232876,287,288,5,0,283,285,26170,4,0,0,4,3
2020-09-19,US,Indiana,Clinton,591,12,0,40.30319754,-86.47277257,18023.0,1824.1303743942715,2.0304568527918785,579,590,12,0,578,591,32250,1,0,0,1,-1
2020-09-19,US,Indiana,Crawford,102,0,0,38.28814402,-86.44518825,18025.0,964.3566228609246,0.0,102,99,0,0,99,98,10558,3,0,0,3,1
2020-09-19,US,Indiana,Daviess,639,27,0,38.70186039,-87.07185406,18027.0,1915.984528200054,4.225352112676056,612,628,27,0,601,616,33147,11,0,0,11,12
2020-09-19,US,Indiana,DeKalb,442,11,0,41.39804622,-84.99906934,18033.0,1016.676250718804,2.4886877828054303,431,431,11,0,420,425,43226,11,0,0,11,6
2020-09-19,US,Indiana,Dearborn,621,28,0,39.14647946,-84.97333539,18029.0,1255.6108213029238,4.508856682769727,593,616,28,0,588,614,49568,5,0,0,5,2
2020-09-19,US,Indiana,Decatur,453,39,0,39.30712658,-85.50087166,18031.0,1705.6365073986221,8.609271523178807,414,450,39,0,411,447,26794,3,0,0,3,3
2020-09-19,US,Indiana,Delaware,1842,61,0,40.22787247,-85.39732772,18035.0,1613.8783020107767,3.3116178067318134,1781,1824,60,0,1764,1801,114772,18,1,0,17,23
2020-09-19,US,Indiana,Dubois,940,18,0,38.36597551,-86.87924170000002,18037.0,2199.5507300636464,1.9148936170212767,922,927,18,0,909,921,42565,13,0,0,13,6
2020-09-19,US,Indiana,Elkhart,6321,108,0,41.59761169,-85.85875695,18039.0,3063.375674247968,1.70859041290935,6213,6268,107,0,6161,6198,205560,53,1,0,52,70
2020-09-19,US,Indiana,Fayette,417,13,0,39.63684962,-85.17797541,18041.0,1805.0385248030475,3.117505995203837,404,412,13,0,399,404,23047,5,0,0,5,8
2020-09-19,US,Indiana,Floyd,1300,61,0,38.32117957,-85.90385377,18043.0,1655.5869692570236,4.6923076923076925,1239,1286,61,0,1225,1279,77781,14,0,0,14,7
2020-09-19,US,Indiana,Fountain,115,2,0,40.12361933,-87.24217689,18045.0,703.5360332803133,1.7391304347826086,113,115,2,0,113,115,16351,0,0,0,0,0
2020-09-19,US,Indiana,Franklin,293,25,0,39.4142482,-85.06062647,18047.0,1287.4593549521048,8.532423208191126,268,293,25,0,268,292,22736,0,0,0,0,1
2020-09-19,US,Indiana,Fulton,230,2,0,41.0469907,-86.26252745,18049.0,1151.4969460298387,0.8695652173913043,228,229,2,0,227,229,20092,1,0,0,1,0
2020-09-19,US,Indiana,Gibson,464,4,0,38.30393723,-87.58054938,18051.0,1378.5317448527883,0.8620689655172413,460,444,4,0,440,434,33452,20,0,0,20,10
2020-09-19,US,Indiana,Grant,867,33,0,40.51587228,-85.65468702,18053.0,1318.2502394745245,3.8062283737024223,834,858,33,0,825,851,65936,9,0,0,9,7
2020-09-19,US,Indiana,Greene,415,35,0,39.03630547,-86.96223202,18055.0,1300.0438569011967,8.433734939759036,380,413,35,0,378,409,32006,2,0,0,2,4
2020-09-19,US,Indiana,Hamilton,4646,109,0,40.07306535,-86.05244729,18057.0,1374.5114803956085,2.346104175634955,4537,4589,109,0,4480,4600,330086,57,0,0,57,-11
2020-09-19,US,Indiana,Hancock,900,42,0,39.82304555,-85.77566351,18059.0,1151.3662879950875,4.666666666666667,858,898,42,0,856,892,76351,2,0,0,2,6
2020-09-19,US,Indiana,Harrison,556,24,0,38.19467379,-86.10948271,18061.0,1372.331235344934,4.316546762589929,532,551,24,0,527,548,40350,5,0,0,5,3
2020-09-19,US,Indiana,Hendricks,2638,121,0,39.76719009,-86.51037283,18063.0,1548.9310731544058,4.586808188021228,2517,2617,120,0,2497,2607,167009,21,1,0,20,10
2020-09-19,US,Indiana,Henry,754,24,0,39.93029017,-85.39625719,18065.0,1571.7501876094389,3.1830238726790454,730,742,24,0,718,734,48271,12,0,0,12,8
2020-09-19,US,Indiana,Howard,1270,63,0,40.48527731,-86.11351892,18067.0,1538.573366931576,4.960629921259843,1207,1261,63,0,1198,1251,82366,9,0,0,9,10
2020-09-19,US,Indiana,Huntington,217,3,0,40.82907273,-85.48822092,18069.0,594.1949616648412,1.3824884792626728,214,212,3,0,209,207,36240,5,0,0,5,5
2020-09-19,US,Indiana,Jackson,731,9,0,38.90915820000001,-86.03851889,18071.0,1652.6870294589767,1.2311901504787959,722,727,9,0,718,725,44111,4,0,0,4,2
2020-09-19,US,Indiana,Jasper,380,2,0,41.02078733,-87.11553319,18073.0,1132.232882426554,0.5263157894736842,378,375,2,0,373,373,33370,5,0,0,5,2
2020-09-19,US,Indiana,Jay,168,0,0,40.43781032,-85.00576229,18075.0,822.0786846741045,0.0,168,166,0,0,166,164,20764,2,0,0,2,2
2020-09-19,US,Indiana,Jefferson,240,3,0,38.78576239,-85.43633383,18077.0,742.8500680945897,1.25,237,238,3,0,235,236,32208,2,0,0,2,2
2020-09-19,US,Indiana,Jennings,308,12,0,38.99588883,-85.62710784,18079.0,1110.5101856859565,3.8961038961038965,296,307,12,0,295,305,27611,1,0,0,1,2
2020-09-19,US,Indiana,Johnson,2250,122,0,39.48994426,-86.10149107,18081.0,1422.5470546953534,5.422222222222223,2128,2236,122,0,2114,2241,156225,14,0,0,14,-5
2020-09-19,US,Indiana,Knox,476,9,0,38.68861576,-87.4194665,18083.0,1300.7596873804448,1.8907563025210083,467,468,9,0,459,465,36895,8,0,0,8,3
2020-09-19,US,Indiana,Kosciusko,1187,17,0,41.24521668,-85.86312322,18085.0,1493.908578332662,1.4321819713563606,1170,1174,17,0,1157,1167,79344,13,0,0,13,7
2020-09-19,US,Indiana,LaGrange,629,11,0,41.64232188,-85.42674232,18087.0,1587.8224869995456,1.7488076311605725,618,629,11,0,618,628,39330,0,0,0,0,1
2020-09-19,US,Indiana,LaPorte,1356,37,0,41.54366008,-86.74072188,18091.0,1233.9836924868955,2.728613569321534,1319,1351,37,0,1314,1348,110007,5,0,0,5,3
2020-09-19,US,Indiana,Lake,10172,317,0,41.41874274,-87.38277575,18089.0,2095.1898379585286,3.1163979551710583,9855,10095,315,0,9780,10013,484411,77,2,0,75,82
2020-09-19,US,Indiana,Lawrence,500,28,0,38.84112637,-86.48361629,18093.0,1102.0498126515317,5.6,472,500,28,0,472,499,45668,0,0,0,0,1
2020-09-19,US,Indiana,Madison,1565,75,0,40.16143691,-85.71964711,18095.0,1207.8506432865884,4.792332268370607,1490,1546,75,0,1471,1530,129641,19,0,0,19,16
2020-09-19,US,Indiana,Marion,20645,758,0,39.78163624,-86.13826325,18097.0,2140.305334331348,3.671591184306128,19887,20510,758,0,19752,20341,954670,135,0,0,135,169
2020-09-19,US,Indiana,Marshall,980,24,0,41.32467367,-86.26185087,18099.0,2118.552466600372,2.4489795918367347,956,975,24,0,951,974,46248,5,0,0,5,1
2020-09-19,US,Indiana,Martin,159,0,0,38.7099921,-86.80373186,18101.0,1550.4631886884451,0.0,159,157,0,0,157,156,10217,2,0,0,2,1
2020-09-19,US,Indiana,Miami,422,3,0,40.76940965,-86.04525048,18103.0,1188.1968690167814,0.7109004739336493,419,422,3,0,419,420,35567,0,0,0,0,2
2020-09-19,US,Indiana,Monroe,2368,36,0,39.16130004,-86.52414358,18105.0,1595.3540702413916,1.5202702702702702,2332,2300,36,0,2264,2243,146917,68,0,0,68,57
2020-09-19,US,Indiana,Montgomery,502,21,0,40.04034823,-86.89335024,18107.0,1309.4058114664301,4.183266932270916,481,495,21,0,474,494,38346,7,0,0,7,1
2020-09-19,US,Indiana,Morgan,694,38,0,39.47899078,-86.44573375,18109.0,984.5507809729178,5.475504322766571,656,685,38,0,647,680,70116,9,0,0,9,5
2020-09-19,US,Indiana,Newton,170,11,0,40.95610449,-87.39635768,18111.0,1215.675057208238,6.470588235294117,159,167,11,0,156,164,14011,3,0,0,3,3
2020-09-19,US,Indiana,Noble,876,32,0,41.39672484,-85.41966713,18113.0,1834.785522788204,3.6529680365296797,844,869,32,0,837,864,47532,7,0,0,7,5
2020-09-19,US,Indiana,Ohio,76,7,0,38.955304999999996,-84.96515993,18115.0,1293.6170212765958,9.210526315789474,69,76,7,0,69,75,5844,0,0,0,0,1
2020-09-19,US,Indiana,Orange,282,24,0,38.54118920000001,-86.49523093,18117.0,1435.4066985645934,8.51063829787234,258,281,24,0,257,279,19489,1,0,0,1,2
2020-09-19,US,Indiana,Owen,164,1,0,39.31145587,-86.83900724,18119.0,788.4994470888022,0.6097560975609756,163,164,1,0,163,162,20845,0,0,0,0,2
2020-09-19,US,Indiana,Parke,93,2,0,39.77202286,-87.20375833,18121.0,549.0937001830313,2.150537634408602,91,93,2,0,91,90,16927,0,0,0,0,3
2020-09-19,US,Indiana,Perry,202,13,0,38.07809328,-86.63741946,18123.0,1053.7847566383225,6.435643564356437,189,199,14,0,185,200,19102,3,-1,0,4,-1
2020-09-19,US,Indiana,Pike,136,1,0,38.40112197,-87.23574907,18125.0,1097.7480022600694,0.7352941176470589,135,134,1,0,133,133,12410,2,0,0,2,1
2020-09-19,US,Indiana,Porter,2033,44,0,41.45986947,-87.06848888,18127.0,1193.1521401029406,2.1642892277422527,1989,2011,44,0,1967,1978,169594,22,0,0,22,33
2020-09-19,US,Indiana,Posey,294,0,0,38.02097333,-87.86480429,18129.0,1156.2512290085342,0.0,294,291,0,0,291,290,25540,3,0,0,3,1
2020-09-19,US,Indiana,Pulaski,113,1,0,41.04166107,-86.69890683,18131.0,914.7575487735772,0.8849557522123894,112,113,1,0,112,112,12469,0,0,0,0,1
2020-09-19,US,Indiana,Putnam,520,9,0,39.66437981,-86.84517605,18133.0,1383.8620395997445,1.7307692307692308,511,515,9,0,506,509,37779,5,0,0,5,6
2020-09-19,US,Indiana,Randolph,206,7,0,40.15734772,-85.01139319,18135.0,835.1915669977701,3.3980582524271843,199,203,7,0,196,204,24851,3,0,0,3,-1
2020-09-19,US,Indiana,Ripley,278,8,0,39.10235626,-85.26212744,18137.0,981.4997881655133,2.8776978417266186,270,278,8,0,270,276,28523,0,0,0,0,2
2020-09-19,US,Indiana,Rush,149,4,0,39.62002287,-85.4655599,18139.0,898.6189011519209,2.684563758389262,145,149,4,0,145,148,16663,0,0,0,0,1
2020-09-19,US,Indiana,Scott,353,10,0,38.68672078,-85.74627859,18143.0,1478.6578980438153,2.8328611898016995,343,350,10,0,340,344,23878,3,0,0,3,6
2020-09-19,US,Indiana,Shelby,663,29,0,39.52305623,-85.79158570000001,18145.0,1482.259831429274,4.3740573152337845,634,661,29,0,632,655,44593,2,0,0,2,6
2020-09-19,US,Indiana,Spencer,215,4,0,38.01519732,-87.0079644,18147.0,1060.3146422054544,1.8604651162790695,211,207,4,0,203,198,20327,8,0,0,8,9
2020-09-19,US,Indiana,St. Joseph,6007,97,0,41.61756781,-86.29040834,18141.0,2209.8695489026068,1.614782753454303,5910,5935,96,0,5839,5867,270771,72,1,0,71,68
2020-09-19,US,Indiana,Starke,248,7,0,41.27890281,-86.64686895,18149.0,1078.4953250706676,2.8225806451612905,241,245,7,0,238,238,22935,3,0,0,3,7
2020-09-19,US,Indiana,Steuben,364,7,0,41.64423868,-85.00101094,18151.0,1052.2055847834886,1.9230769230769231,357,357,7,0,350,344,34586,7,0,0,7,13
2020-09-19,US,Indiana,Sullivan,328,12,0,39.08952258,-87.41414469,18153.0,1586.9176060767334,3.6585365853658534,316,326,12,0,314,326,20690,2,0,0,2,0
2020-09-19,US,Indiana,Switzerland,68,0,0,38.82767338,-85.03022429,18155.0,632.4993023904752,0.0,68,67,0,0,67,66,10717,1,0,0,1,1
2020-09-19,US,Indiana,Tippecanoe,2184,13,0,40.38872739,-86.89413959,18157.0,1115.811415609098,0.5952380952380952,2171,2142,13,0,2129,2113,193048,42,0,0,42,29
2020-09-19,US,Indiana,Tipton,215,22,0,40.31123252,-86.05234925,18159.0,1419.3292843939796,10.232558139534882,193,215,22,0,193,215,15128,0,0,0,0,0
2020-09-19,US,Indiana,Unassigned,0,225,0,0.0,0.0,90018.0,0.0,0.0,-225,0,225,0,-225,0,,0,0,0,0,0
2020-09-19,US,Indiana,Union,77,0,0,39.62550777,-84.92497066,18161.0,1091.5792458179756,0.0,77,76,0,0,76,76,7037,1,0,0,1,0
2020-09-19,US,Indiana,Vanderburgh,3271,29,0,38.02658833,-87.58763124,18163.0,1802.6905335324689,0.8865790278202385,3242,3227,28,0,3199,3181,180974,44,1,0,43,46
2020-09-19,US,Indiana,Vermillion,125,0,0,39.8523352,-87.46160542,18165.0,806.5556846044652,0.0,125,124,0,0,124,121,15479,1,0,0,1,3
2020-09-19,US,Indiana,Vigo,1757,22,0,39.42944561,-87.39169027,18167.0,1641.4731216950988,1.2521343198634036,1735,1738,22,0,1716,1696,107386,19,0,0,19,42
2020-09-19,US,Indiana,Wabash,260,8,0,40.84704239,-85.79328272,18169.0,838.8179119886438,3.0769230769230766,252,258,8,0,250,254,31280,2,0,0,2,4
2020-09-19,US,Indiana,Warren,40,1,0,40.34728141,-87.35602659,18171.0,483.96854204476716,2.5,39,38,1,0,37,38,8263,2,0,0,2,0
2020-09-19,US,Indiana,Warrick,1119,35,0,38.08922676,-87.2716085,18173.0,1776.2468649798407,3.1277926720285962,1084,1093,35,0,1058,1041,62567,26,0,0,26,52
2020-09-19,US,Indiana,Washington,257,1,0,38.60219804,-86.1049363,18175.0,916.6785561421028,0.3891050583657588,256,251,1,0,250,249,27943,6,0,0,6,2
2020-09-19,US,Indiana,Wayne,737,14,0,39.863344399999995,-85.01044989,18177.0,1118.6327484670026,1.899592944369064,723,736,14,0,722,722,65936,1,0,0,1,14
2020-09-19,US,Indiana,Wells,247,2,0,40.72934187,-85.22132966,18179.0,872.9148996324568,0.8097165991902834,245,246,2,0,244,242,28206,1,0,0,1,4
2020-09-19,US,Indiana,White,478,14,0,40.74911165,-86.86492015,18181.0,1983.2379055680026,2.928870292887029,464,475,14,0,461,471,24133,3,0,0,3,4
2020-09-19,US,Indiana,Whitley,247,6,0,41.13863784,-85.50791236,18183.0,727.240607702273,2.42914979757085,241,244,6,0,238,245,34074,3,0,0,3,-1
2020-09-19,US,Iowa,Adair,64,1,0,41.33075609,-94.47105874,19001.0,894.8545861297539,1.5625,63,62,1,0,61,59,7063,2,0,0,2,3
2020-09-19,US,Iowa,Adams,28,0,0,41.02903567,-94.69932645,19003.0,777.3459189339256,0.0,28,27,0,0,27,27,3645,1,0,0,1,0
2020-09-19,US,Iowa,Allamakee,242,5,0,43.28383218,-91.37860922,19005.0,1768.101117849054,2.066115702479338,237,237,5,0,232,235,13832,5,0,0,5,2
2020-09-19,US,Iowa,Appanoose,120,3,0,40.74324454,-92.86865906,19007.0,965.7170449058426,2.5,117,119,3,0,116,116,12437,1,0,0,1,3
2020-09-19,US,Iowa,Audubon,59,1,0,41.6844628,-94.90581859,19009.0,1073.5080058224164,1.6949152542372878,58,55,1,0,54,50,5506,4,0,0,4,5
2020-09-19,US,Iowa,Benton,281,1,0,42.08011739,-92.06463573,19011.0,1095.730161824917,0.3558718861209965,280,278,1,0,277,261,25642,3,0,0,3,17
2020-09-19,US,Iowa,Black Hawk,4336,86,0,42.4704581,-92.30524729,19013.0,3304.172889932027,1.9833948339483396,4250,4316,86,0,4230,4251,132408,20,0,0,20,65
2020-09-19,US,Iowa,Boone,462,7,0,42.03657094,-93.9313999,19015.0,1761.0734161774797,1.5151515151515151,455,455,7,0,448,434,26346,7,0,0,7,21
2020-09-19,US,Iowa,Bremer,463,7,0,42.77461496,-92.31795937,19017.0,1847.418402362142,1.5118790496760257,456,459,7,0,452,449,24947,4,0,0,4,10
2020-09-19,US,Iowa,Buchanan,235,1,0,42.4709188,-91.83510825,19019.0,1109.7992916174735,0.425531914893617,234,229,1,0,228,218,21199,6,0,0,6,11
2020-09-19,US,Iowa,Buena Vista,1941,12,0,42.73545875,-95.15100162,19021.0,9892.966360856271,0.6182380216383307,1929,1933,12,0,1921,1918,19874,8,0,0,8,15
2020-09-19,US,Iowa,Butler,258,2,0,42.73172833,-92.79015971,19023.0,1786.8273426137546,0.7751937984496124,256,257,2,0,255,251,14539,1,0,0,1,6
2020-09-19,US,Iowa,Calhoun,169,2,0,42.38521079,-94.64046046,19025.0,1748.034753827058,1.183431952662722,167,167,2,0,165,161,9699,2,0,0,2,6
2020-09-19,US,Iowa,Carroll,630,5,0,42.03617207,-94.86032705,19027.0,3124.2251425737663,0.7936507936507936,625,627,5,0,622,608,20154,3,0,0,3,19
2020-09-19,US,Iowa,Cass,129,2,0,41.33149454,-94.92792482,19029.0,1004.9859769398564,1.5503875968992251,127,128,2,0,126,126,12930,1,0,0,1,2
2020-09-19,US,Iowa,Cedar,219,1,0,41.77233777,-91.13246684,19031.0,1175.7126751489773,0.45662100456620996,218,217,1,0,216,210,18627,2,0,0,2,7
2020-09-19,US,Iowa,Cerro Gordo,993,21,0,43.08177563,-93.2612239,19033.0,2339.222614840989,2.114803625377644,972,986,21,0,965,977,42647,7,0,0,7,9
2020-09-19,US,Iowa,Cherokee,185,2,0,42.73538914,-95.62389402,19035.0,1646.6399643969735,1.0810810810810811,183,179,2,0,177,173,11321,6,0,0,6,6
2020-09-19,US,Iowa,Chickasaw,207,0,0,43.06001295,-92.31773347,19037.0,1734.6853264057654,0.0,207,203,0,0,203,197,11964,4,0,0,4,6
2020-09-19,US,Iowa,Clarke,255,3,0,41.02868181,-93.78499767,19039.0,2714.209686003193,1.1764705882352942,252,253,3,0,250,253,9423,2,0,0,2,0
2020-09-19,US,Iowa,Clay,288,3,0,43.08247182,-95.15096481,19041.0,1798.2017982017985,1.0416666666666667,285,277,3,0,274,266,16134,11,0,0,11,11
2020-09-19,US,Iowa,Clayton,230,3,0,42.84443388,-91.34133693,19043.0,1310.615989515072,1.3043478260869563,227,227,3,0,224,224,17556,3,0,0,3,3
2020-09-19,US,Iowa,Clinton,1062,18,0,41.89981633,-90.53275096,19045.0,2287.3635012599884,1.6949152542372878,1044,1046,18,0,1028,1024,46518,16,0,0,16,22
2020-09-19,US,Iowa,Crawford,994,4,0,42.03718237,-95.3819718,19047.0,5909.631391200951,0.4024144869215292,990,980,4,0,976,944,17158,14,0,0,14,36
2020-09-19,US,Iowa,Dallas,2675,38,0,41.68560356,-94.04127625,19049.0,2862.401421035173,1.4205607476635511,2637,2653,38,0,2615,2632,90180,22,0,0,22,21
2020-09-19,US,Iowa,Davis,113,4,0,40.74773536,-92.41005468,19051.0,1255.5555555555557,3.5398230088495577,109,113,4,0,109,110,9017,0,0,0,0,3
2020-09-19,US,Iowa,Decatur,58,0,0,40.73742757,-93.78645949,19053.0,736.9758576874208,0.0,58,58,0,0,58,58,7890,0,0,0,0,0
2020-09-19,US,Iowa,Delaware,329,3,0,42.47104597,-91.3664492,19055.0,1934.042678267004,0.9118541033434652,326,318,3,0,315,305,17069,11,0,0,11,13
2020-09-19,US,Iowa,Des Moines,737,7,0,40.92012606,-91.18326592,19057.0,1891.343957707804,0.949796472184532,730,724,7,0,717,713,39138,13,0,0,13,11
2020-09-19,US,Iowa,Dickinson,483,6,0,43.37787725,-95.1510206,19059.0,2798.702051222621,1.2422360248447204,477,475,6,0,469,466,17153,8,0,0,8,9
2020-09-19,US,Iowa,Dubuque,2760,40,0,42.46815349,-90.88181925,19061.0,2836.2672256990472,1.4492753623188406,2720,2661,40,0,2621,2518,96854,99,0,0,99,143
2020-09-19,US,Iowa,Emmet,252,10,0,43.37782951,-94.67858943,19063.0,2736.750651607298,3.968253968253968,242,248,10,0,238,242,9253,4,0,0,4,6
2020-09-19,US,Iowa,Fayette,187,1,0,42.86271799,-91.84412309999999,19065.0,951.6539440203564,0.5347593582887701,186,178,1,0,177,175,19660,9,0,0,9,3
2020-09-19,US,Iowa,Floyd,296,3,0,43.06000529999999,-92.78940097,19067.0,1892.341132847462,1.0135135135135136,293,291,3,0,288,279,15761,5,0,0,5,12
2020-09-19,US,Iowa,Franklin,335,17,0,42.73270384,-93.26256925,19069.0,3326.7130089374377,5.074626865671642,318,331,17,0,314,330,10124,4,0,0,4,1
2020-09-19,US,Iowa,Fremont,82,0,0,40.74542720000001,-95.60129045,19071.0,1178.16091954023,0.0,82,79,0,0,79,73,6993,3,0,0,3,6
2020-09-19,US,Iowa,Greene,84,0,0,42.03614551,-94.39658081,19073.0,945.0945094509453,0.0,84,82,0,0,82,79,8981,2,0,0,2,3
2020-09-19,US,Iowa,Grundy,201,2,0,42.40183723,-92.78829551,19075.0,1643.230869849575,0.9950248756218906,199,200,2,0,198,193,12304,1,0,0,1,7
2020-09-19,US,Iowa,Guthrie,217,5,0,41.68378965,-94.50111014,19077.0,2030.1244269810086,2.3041474654377883,212,211,5,0,206,209,10720,6,0,0,6,2
2020-09-19,US,Iowa,Hamilton,314,3,0,42.38382428,-93.70197703,19079.0,2125.4992215528328,0.9554140127388536,311,314,3,0,311,312,14952,0,0,0,0,2
2020-09-19,US,Iowa,Hancock,172,2,0,43.08178477,-93.73454884,19081.0,1618.0620884289747,1.162790697674419,170,171,2,0,169,170,10712,1,0,0,1,1
2020-09-19,US,Iowa,Hardin,276,1,0,42.38353877,-93.23654611,19083.0,1638.3711266769558,0.3623188405797101,275,273,1,0,272,266,16868,3,0,0,3,7
2020-09-19,US,Iowa,Harrison,177,2,0,41.68330137,-95.81558439,19085.0,1259.8761477685246,1.1299435028248588,175,169,2,0,167,164,14134,8,0,0,8,5
2020-09-19,US,Iowa,Henry,603,4,0,40.98767962,-91.54436349,19087.0,3021.9504861180717,0.6633499170812603,599,597,4,0,593,510,20067,6,0,0,6,87
2020-09-19,US,Iowa,Howard,182,5,0,43.35671042,-92.31702714,19089.0,1987.3334789255296,2.7472527472527477,177,179,5,0,174,176,9187,3,0,0,3,3
2020-09-19,US,Iowa,Humboldt,171,3,0,42.7764426,-94.20722537,19091.0,1789.0772128060266,1.7543859649122806,168,169,3,0,166,168,9547,2,0,0,2,1
2020-09-19,US,Iowa,Ida,96,0,0,42.38696136,-95.51355387,19093.0,1399.4169096209912,0.0,96,84,0,0,84,77,6841,12,0,0,12,7
2020-09-19,US,Iowa,Iowa,182,1,0,41.68630265,-92.0643373,19095.0,1124.5674740484426,0.5494505494505495,181,179,1,0,178,174,16141,3,0,0,3,5
2020-09-19,US,Iowa,Jackson,296,3,0,42.17178824,-90.57354837,19097.0,1522.7120736663405,1.0135135135135136,293,292,3,0,289,280,19432,4,0,0,4,12
2020-09-19,US,Iowa,Jasper,756,32,0,41.68576082,-93.05567785,19099.0,2033.0778539733758,4.232804232804233,724,742,32,0,710,720,37147,14,0,0,14,22
2020-09-19,US,Iowa,Jefferson,133,1,0,41.03192394,-91.94849466,19101.0,726.9745832194591,0.7518796992481203,132,132,1,0,131,129,18381,1,0,0,1,3
2020-09-19,US,Iowa,Johnson,4985,27,0,41.67169354,-91.58754744,19103.0,3298.266507873495,0.5416248746238717,4958,4962,27,0,4935,4907,151260,23,0,0,23,55
2020-09-19,US,Iowa,Jones,243,3,0,42.12118609,-91.13139641,19105.0,1174.991538126783,1.2345679012345678,240,239,3,0,236,231,20744,4,0,0,4,8
2020-09-19,US,Iowa,Keokuk,90,1,0,41.33649833,-92.1785067,19107.0,878.3915674409526,1.1111111111111112,89,89,1,0,88,84,10225,1,0,0,1,5
2020-09-19,US,Iowa,Kossuth,217,0,0,43.20405458,-94.20691791,19109.0,1464.9294538580975,0.0,217,209,0,0,209,195,14908,8,0,0,8,14
2020-09-19,US,Iowa,Lee,594,7,0,40.64181461,-91.48183025,19111.0,1764.8631785364114,1.1784511784511784,587,585,7,0,578,572,34055,9,0,0,9,13
2020-09-19,US,Iowa,Linn,3762,106,0,42.07923082,-91.59809485,19113.0,1659.4179245366245,2.8176501860712384,3656,3722,105,0,3617,3640,225909,40,1,0,39,82
2020-09-19,US,Iowa,Louisa,425,15,0,41.21842119,-91.26102611,19115.0,3851.3819664703215,3.5294117647058822,410,419,15,0,404,413,11169,6,0,0,6,6
2020-09-19,US,Iowa,Lucas,138,6,0,41.02958964,-93.32780803,19117.0,1604.6511627906975,4.3478260869565215,132,138,6,0,132,129,8645,0,0,0,0,9
2020-09-19,US,Iowa,Lyon,241,3,0,43.38107862,-96.20926845,19119.0,2050.191407911527,1.2448132780082988,238,232,3,0,229,223,11811,9,0,0,9,9
2020-09-19,US,Iowa,Madison,201,2,0,41.33081904,-94.01554631,19121.0,1230.260741828865,0.9950248756218906,199,199,2,0,197,192,16249,2,0,0,2,7
2020-09-19,US,Iowa,Mahaska,336,19,0,41.33521503,-92.64083907,19123.0,1520.7060420909709,5.654761904761906,317,326,19,0,307,309,22000,10,0,0,10,17
2020-09-19,US,Iowa,Marion,707,4,0,41.33445101,-93.09934783,19125.0,2126.123958740565,0.5657708628005658,703,701,4,0,697,687,33407,6,0,0,6,14
2020-09-19,US,Iowa,Marshall,1759,34,0,42.03586837,-92.99908190000001,19127.0,4467.9824227183835,1.9329164297896533,1725,1756,34,0,1722,1752,39981,3,0,0,3,4
2020-09-19,US,Iowa,Mills,165,1,0,41.03299766,-95.61920963,19129.0,1092.0643325170427,0.6060606060606061,164,162,1,0,161,154,15063,3,0,0,3,8
2020-09-19,US,Iowa,Mitchell,181,0,0,43.35638371,-92.78887719,19131.0,1709.805403362932,0.0,181,175,0,0,175,172,10569,6,0,0,6,3
2020-09-19,US,Iowa,Monona,132,1,0,42.05220391,-95.95743843,19133.0,1532.2112594312243,0.7575757575757576,131,128,1,0,127,125,8679,4,0,0,4,3
2020-09-19,US,Iowa,Monroe,146,10,0,41.02988815,-92.8690667,19135.0,1894.3817308939927,6.849315068493151,136,144,10,0,134,140,7790,2,0,0,2,4
2020-09-19,US,Iowa,Montgomery,86,5,0,41.03018714,-95.15642896,19137.0,867.1977412523947,5.813953488372092,81,85,5,0,80,84,10003,1,0,0,1,1
2020-09-19,US,Iowa,Muscatine,1060,52,0,41.48370744,-91.11216970000001,19139.0,2484.530283142697,4.90566037735849,1008,1054,52,0,1002,1051,42929,6,0,0,6,3
2020-09-19,US,Iowa,O'Brien,298,9,0,43.08310673,-95.62474482,19141.0,2166.7999709154365,3.0201342281879198,289,287,9,0,278,280,13840,11,0,0,11,7
2020-09-19,US,Iowa,Osceola,125,0,0,43.37824276,-95.62422844,19143.0,2098.019469620678,0.0,125,121,0,0,121,113,6040,4,0,0,4,8
2020-09-19,US,Iowa,Page,141,0,0,40.7393172,-95.1497813,19145.0,933.3421592639174,0.0,141,141,0,0,141,140,15249,0,0,0,0,1
2020-09-19,US,Iowa,Palo Alto,159,0,0,43.08193849,-94.67824621,19147.0,1789.3315327481432,0.0,159,156,0,0,156,148,8929,3,0,0,3,8
2020-09-19,US,Iowa,Plymouth,1034,20,0,42.737633,-96.21366621,19149.0,4106.922985264328,1.9342359767891684,1014,1001,20,0,981,975,25095,33,0,0,33,26
2020-09-19,US,Iowa,Pocahontas,151,2,0,42.73420133,-94.67862564,19151.0,2281.311376340837,1.3245033112582782,149,150,2,0,148,149,6740,1,0,0,1,1
2020-09-19,US,Iowa,Polk,15227,256,0,41.68679484,-93.57767461,19153.0,3106.530303308505,1.6812241413279043,14971,15133,256,0,14877,14988,487204,94,0,0,94,145
2020-09-19,US,Iowa,Pottawattamie,1976,37,0,41.33640314,-95.53907776,19155.0,2120.0351908675407,1.8724696356275303,1939,1951,37,0,1914,1894,93533,25,0,0,25,57
2020-09-19,US,Iowa,Poweshiek,243,8,0,41.68625425,-92.53155731,19157.0,1313.2295719844358,3.2921810699588483,235,236,8,0,228,230,18699,7,0,0,7,6
2020-09-19,US,Iowa,Ringgold,41,2,0,40.73518949,-94.24368535,19159.0,837.7605230894974,4.878048780487805,39,41,2,0,39,40,4968,0,0,0,0,1
2020-09-19,US,Iowa,Sac,209,0,0,42.38624071,-95.10547892,19161.0,2149.984569488736,0.0,209,198,0,0,198,176,9719,11,0,0,11,22
2020-09-19,US,Iowa,Scott,2765,27,0,41.63935978,-90.61959493,19163.0,1598.7926657916196,0.9764918625678121,2738,2712,27,0,2685,2614,173283,53,0,0,53,98
2020-09-19,US,Iowa,Shelby,242,1,0,41.6850066,-95.31015553,19165.0,2112.799022175659,0.4132231404958678,241,241,1,0,240,238,11578,1,0,0,1,3
2020-09-19,US,Iowa,Sioux,1320,3,0,43.08221074,-96.17675679999999,19167.0,3787.118060536509,0.2272727272727273,1317,1275,3,0,1272,1224,34909,45,0,0,45,51
2020-09-19,US,Iowa,Story,3279,17,0,42.03621213,-93.46499005,19169.0,3376.339878703008,0.518450747179018,3262,3263,17,0,3246,3214,98105,16,0,0,16,49
2020-09-19,US,Iowa,Tama,687,31,0,42.07991767,-92.53266945,19171.0,4076.1836952652193,4.512372634643377,656,685,31,0,654,678,16904,2,0,0,2,7
2020-09-19,US,Iowa,Taylor,119,1,0,40.73710579,-94.69778563,19173.0,1944.1267766704784,0.8403361344537815,118,119,1,0,118,117,6191,0,0,0,0,2
2020-09-19,US,Iowa,Unassigned,23,0,0,0.0,0.0,90019.0,0.0,0.0,23,15,0,0,15,16,,8,0,0,8,-1
2020-09-19,US,Iowa,Union,120,3,0,41.0277278,-94.24234847,19175.0,980.3120660076793,2.5,117,119,3,0,116,112,12359,1,0,0,1,7
2020-09-19,US,Iowa,Van Buren,109,1,0,40.75326764,-91.95017958,19177.0,1547.4162407722886,0.9174311926605504,108,108,1,0,107,108,7020,1,0,0,1,0
2020-09-19,US,Iowa,Wapello,1257,57,0,41.03064984,-92.40954728,19179.0,3594.612370957133,4.534606205250596,1200,1243,57,0,1186,1220,35205,14,0,0,14,23
2020-09-19,US,Iowa,Warren,927,6,0,41.33559454,-93.56007641,19181.0,1801.189134574282,0.6472491909385113,921,922,6,0,916,918,51056,5,0,0,5,4
2020-09-19,US,Iowa,Washington,430,11,0,41.33577126,-91.71725711,19183.0,1957.6599134987478,2.5581395348837206,419,427,11,0,416,414,22141,3,0,0,3,13
2020-09-19,US,Iowa,Wayne,81,2,0,40.73969028,-93.32752197,19185.0,1257.5687005123427,2.469135802469136,79,79,2,0,77,76,6401,2,0,0,2,3
2020-09-19,US,Iowa,Webster,1189,14,0,42.42853483,-94.17987389,19187.0,3311.608734402852,1.1774600504625736,1175,1184,14,0,1170,1179,36277,5,0,0,5,5
2020-09-19,US,Iowa,Winnebago,266,11,0,43.37751174,-93.73407298,19189.0,2569.0554375120732,4.135338345864661,255,262,11,0,251,247,10518,4,0,0,4,15
2020-09-19,US,Iowa,Winneshiek,293,5,0,43.29094334,-91.84422722,19191.0,1465.6595467960583,1.706484641638225,288,283,5,0,278,274,20029,10,0,0,10,9
2020-09-19,US,Iowa,Woodbury,4944,61,0,42.38979414,-96.0459439,19193.0,4795.018766912043,1.2338187702265373,4883,4865,61,0,4804,4754,102539,79,0,0,79,111
2020-09-19,US,Iowa,Worth,102,0,0,43.37750768,-93.26087602,19195.0,1381.926568215689,0.0,102,100,0,0,100,99,7453,2,0,0,2,1
2020-09-19,US,Iowa,Wright,562,1,0,42.73305373,-93.73515113,19197.0,4473.809902881707,0.17793594306049826,561,557,1,0,556,549,12690,5,0,0,5,8
2020-09-19,US,Kansas,Allen,32,0,0,37.88582951,-95.30030847,20001.0,258.7112943649446,0.0,32,32,0,0,32,32,12444,0,0,0,0,0
2020-09-19,US,Kansas,Anderson,56,0,0,38.21413251,-95.29272815,20003.0,712.6495291422754,0.0,56,56,0,0,56,55,7878,0,0,0,0,1
2020-09-19,US,Kansas,Atchison,307,1,0,39.53185661,-95.30870026,20005.0,1910.0354631991531,0.3257328990228013,306,307,1,0,306,299,16193,0,0,0,0,8
2020-09-19,US,Kansas,Barber,5,0,0,37.2288586,-98.68460053,20007.0,112.943302462164,0.0,5,5,0,0,5,5,4472,0,0,0,0,0
2020-09-19,US,Kansas,Barton,433,5,0,38.47889676,-98.75636726,20009.0,1679.6617401761123,1.1547344110854505,428,433,5,0,428,393,26111,0,0,0,0,40
2020-09-19,US,Kansas,Bourbon,130,2,0,37.85508555,-94.84865997,20011.0,894.4543828264757,1.5384615384615383,128,130,2,0,128,118,14653,0,0,0,0,12
2020-09-19,US,Kansas,Brown,90,3,0,39.82652589,-95.56421698,20013.0,941.0288582183186,3.333333333333333,87,90,3,0,87,90,9598,0,0,0,0,0
2020-09-19,US,Kansas,Butler,488,3,0,37.78134351,-96.83878537,20015.0,729.3270164845842,0.6147540983606558,485,488,3,0,485,483,66765,0,0,0,0,5
2020-09-19,US,Kansas,Chase,81,1,0,38.30292938,-96.59563862,20017.0,3058.912386706949,1.2345679012345678,80,81,1,0,80,81,2629,0,0,0,0,0
2020-09-19,US,Kansas,Chautauqua,13,0,0,37.14994405,-96.2454192,20019.0,400.0,0.0,13,13,0,0,13,13,3309,0,0,0,0,0
2020-09-19,US,Kansas,Cherokee,442,7,0,37.16928494,-94.8462897,20021.0,2216.761121420332,1.5837104072398192,435,442,7,0,435,418,20015,0,0,0,0,24
2020-09-19,US,Kansas,Cheyenne,24,0,0,39.78580976,-101.7318201,20023.0,903.2743695897627,0.0,24,24,0,0,24,15,2660,0,0,0,0,9
2020-09-19,US,Kansas,Clark,48,1,0,37.23577007,-99.81883015,20025.0,2407.221664994985,2.083333333333333,47,48,1,0,47,48,2005,0,0,0,0,0
2020-09-19,US,Kansas,Clay,46,2,0,39.34948772,-97.16518128,20027.0,574.8562859285179,4.3478260869565215,44,46,2,0,44,46,7997,0,0,0,0,0
2020-09-19,US,Kansas,Cloud,64,0,0,39.48028352,-97.64925343,20029.0,728.4315957204643,0.0,64,64,0,0,64,62,8729,0,0,0,0,2
2020-09-19,US,Kansas,Coffey,108,8,0,38.2365018,-95.73379515,20031.0,1320.4548233280352,7.407407407407407,100,108,8,0,100,101,8233,0,0,0,0,7
2020-09-19,US,Kansas,Comanche,10,0,0,37.19114520000001,-99.27113247,20033.0,588.2352941176471,0.0,10,10,0,0,10,10,1748,0,0,0,0,0
2020-09-19,US,Kansas,Cowley,321,3,0,37.23781842,-96.83776647,20035.0,919.5599862495703,0.9345794392523364,318,321,3,0,318,309,35218,0,0,0,0,12
2020-09-19,US,Kansas,Crawford,951,6,0,37.50675523,-94.85245778,20037.0,2449.8943788963884,0.6309148264984227,945,951,6,0,945,858,39019,0,0,0,0,93
2020-09-19,US,Kansas,Decatur,15,0,0,39.78468441,-100.45940809999999,20039.0,530.5978068623983,0.0,15,15,0,0,15,11,2871,0,0,0,0,4
2020-09-19,US,Kansas,Dickinson,112,1,0,38.86600962,-97.15532383,20041.0,606.5200909780136,0.8928571428571429,111,112,1,0,111,103,18717,0,0,0,0,9
2020-09-19,US,Kansas,Doniphan,105,0,0,39.79067154,-95.14056866,20043.0,1381.578947368421,0.0,105,105,0,0,105,95,7682,0,0,0,0,10
2020-09-19,US,Kansas,Douglas,1999,10,0,38.88503636,-95.2925121,20045.0,1635.0534520975962,0.5002501250625313,1989,1999,10,0,1989,1971,121436,0,0,0,0,28
2020-09-19,US,Kansas,Edwards,44,0,0,37.88735543,-99.31263309,20047.0,1572.5518227305215,0.0,44,44,0,0,44,44,2849,0,0,0,0,0
2020-09-19,US,Kansas,Elk,1,0,0,37.45338105,-96.24369667,20049.0,39.52569169960474,0.0,1,1,0,0,1,1,2508,0,0,0,0,0
2020-09-19,US,Kansas,Ellis,775,3,0,38.91458712,-99.31751551,20051.0,2714.2506916961443,0.3870967741935484,772,775,3,0,772,717,28710,0,0,0,0,58
2020-09-19,US,Kansas,Ellsworth,26,0,0,38.69677695,-98.20462799,20053.0,426.08980662078005,0.0,26,26,0,0,26,27,6196,0,0,0,0,-1
2020-09-19,US,Kansas,Finney,2031,12,0,38.04340344,-100.73819379999999,20055.0,5569.418926700853,0.5908419497784343,2019,2016,12,0,2004,2016,36611,15,0,0,15,0
2020-09-19,US,Kansas,Ford,2593,10,0,37.69200114,-99.88825298,20057.0,7712.900443201762,0.38565368299267255,2583,2593,10,0,2583,2546,33888,0,0,0,0,47
2020-09-19,US,Kansas,Franklin,304,3,0,38.56443815,-95.28644341,20059.0,1190.1033510804887,0.986842105263158,301,299,3,0,296,292,25631,5,0,0,5,7
2020-09-19,US,Kansas,Geary,281,2,0,38.99871131,-96.7577178,20061.0,887.2750236817177,0.7117437722419929,279,281,2,0,279,281,32594,0,0,0,0,0
2020-09-19,US,Kansas,Gove,25,0,0,38.91588178,-100.4829321,20063.0,948.4066767830043,0.0,25,25,0,0,25,21,2612,0,0,0,0,4
2020-09-19,US,Kansas,Graham,30,1,0,39.34987223,-99.88332493,20065.0,1208.70265914585,3.333333333333333,29,30,1,0,29,30,2492,0,0,0,0,0
2020-09-19,US,Kansas,Grant,215,4,0,37.56227336,-101.3079758,20067.0,3006.9930069930074,1.8604651162790695,211,215,4,0,211,209,7336,0,0,0,0,6
2020-09-19,US,Kansas,Gray,122,0,0,37.73836671,-100.4369088,20069.0,2037.408149632599,0.0,122,122,0,0,122,117,6033,0,0,0,0,5
2020-09-19,US,Kansas,Greeley,6,0,0,38.4808095,-101.8061079,20071.0,487.0129870129869,0.0,6,6,0,0,6,6,1227,0,0,0,0,0
2020-09-19,US,Kansas,Greenwood,47,0,0,37.8774388,-96.23250453,20073.0,785.6904045469742,0.0,47,47,0,0,47,45,6055,0,0,0,0,2
2020-09-19,US,Kansas,Hamilton,42,0,0,37.99978709,-101.7921066,20075.0,1654.1945647892871,0.0,42,42,0,0,42,42,2607,0,0,0,0,0
2020-09-19,US,Kansas,Harper,119,2,0,37.19175361,-98.07578384,20077.0,2189.1096394407655,1.680672268907563,117,119,2,0,117,119,5506,0,0,0,0,0
2020-09-19,US,Kansas,Harvey,335,4,0,38.04293782,-97.42747573,20079.0,973.0169333991693,1.1940298507462686,331,335,4,0,331,329,34210,0,0,0,0,6
2020-09-19,US,Kansas,Haskell,103,1,0,37.562039399999996,-100.8710738,20081.0,2595.766129032258,0.9708737864077671,102,103,1,0,102,103,3997,0,0,0,0,0
2020-09-19,US,Kansas,Hodgeman,21,0,0,38.08780079,-99.89829881,20083.0,1170.5685618729096,0.0,21,21,0,0,21,21,1818,0,0,0,0,0
2020-09-19,US,Kansas,Jackson,231,2,0,39.41673394,-95.79356799,20085.0,1753.8531622503986,0.8658008658008658,229,231,2,0,229,231,13280,0,0,0,0,0
2020-09-19,US,Kansas,Jefferson,177,2,0,39.2347941,-95.38289232,20087.0,929.4753977839624,1.1299435028248588,175,177,2,0,175,170,18975,0,0,0,0,7
2020-09-19,US,Kansas,Jewell,15,1,0,39.78470589,-98.21820662,20089.0,521.0142410559222,6.666666666666668,14,15,1,0,14,14,2841,0,0,0,0,1
2020-09-19,US,Kansas,Johnson,10083,141,0,38.88548175,-94.82250877,20091.0,1673.8020023207132,1.3983933353168703,9942,9957,141,0,9816,9814,597555,126,0,0,126,143
2020-09-19,US,Kansas,Kearny,79,1,0,38.00017981,-101.32168100000001,20093.0,2058.3637311099533,1.2658227848101269,78,79,1,0,78,79,3943,0,0,0,0,0
2020-09-19,US,Kansas,Kingman,69,1,0,37.55909527,-98.13638678,20095.0,964.7651006711408,1.4492753623188406,68,69,1,0,68,69,7310,0,0,0,0,0
2020-09-19,US,Kansas,Kiowa,17,0,0,37.55848695,-99.2856537,20097.0,686.8686868686867,0.0,17,17,0,0,17,17,2516,0,0,0,0,0
2020-09-19,US,Kansas,Labette,225,4,0,37.19113093,-95.29849679,20099.0,1146.9059027423793,1.7777777777777777,221,225,4,0,221,219,19964,0,0,0,0,6
2020-09-19,US,Kansas,Lane,12,0,0,38.48119447,-100.46607540000001,20101.0,781.7589576547231,0.0,12,12,0,0,12,11,1560,0,0,0,0,1
2020-09-19,US,Kansas,Leavenworth,1877,10,0,39.20183497,-95.03620809,20103.0,2295.799799408009,0.5327650506126798,1867,1877,10,0,1867,1839,81352,0,0,0,0,38
2020-09-19,US,Kansas,Lincoln,12,0,0,39.04549684,-98.20756994,20105.0,405.1316677920324,0.0,12,12,0,0,12,12,3023,0,0,0,0,0
2020-09-19,US,Kansas,Linn,66,0,0,38.21267844,-94.84254089,20107.0,680.2019993816346,0.0,66,66,0,0,66,66,9750,0,0,0,0,0
2020-09-19,US,Kansas,Logan,7,0,0,38.91735806,-101.148475,20109.0,250.53686471009303,0.0,7,7,0,0,7,7,2844,0,0,0,0,0
2020-09-19,US,Kansas,Lyon,1073,27,0,38.45576156,-96.15275715,20111.0,3232.4145202590753,2.516309412861137,1046,1073,27,0,1046,1068,33406,0,0,0,0,5
2020-09-19,US,Kansas,Marion,72,1,0,38.35855394,-97.09852509999999,20115.0,605.8566139347022,1.3888888888888888,71,72,1,0,71,71,11950,0,0,0,0,1
2020-09-19,US,Kansas,Marshall,19,0,0,39.78359669,-96.52278974,20117.0,195.73503657154632,0.0,19,19,0,0,19,17,9722,0,0,0,0,2
2020-09-19,US,Kansas,McPherson,269,1,0,38.39184858,-97.64769869,20113.0,942.4707448672133,0.3717472118959108,268,269,1,0,268,268,28537,0,0,0,0,1
2020-09-19,US,Kansas,Meade,95,1,0,37.23859987,-100.36483100000001,20119.0,2355.566575750062,1.0526315789473684,94,95,1,0,94,88,4146,0,0,0,0,7
2020-09-19,US,Kansas,Miami,314,1,0,38.56383358,-94.83832189,20121.0,917.1364313462044,0.3184713375796178,313,314,1,0,313,314,33680,0,0,0,0,0
2020-09-19,US,Kansas,Mitchell,44,0,0,39.39331582,-98.20906732,20123.0,735.9090148854324,0.0,44,44,0,0,44,44,6150,0,0,0,0,0
2020-09-19,US,Kansas,Montgomery,358,5,0,37.19236568,-95.74329258,20125.0,1124.7604385937352,1.3966480446927374,353,358,5,0,353,346,32120,0,0,0,0,12
2020-09-19,US,Kansas,Morris,27,0,0,38.68827511,-96.65128437,20127.0,480.4270462633452,0.0,27,27,0,0,27,27,5521,0,0,0,0,0
2020-09-19,US,Kansas,Morton,14,2,0,37.19141121,-101.79925190000002,20129.0,541.1673753382296,14.285714285714285,12,14,2,0,12,14,2667,0,0,0,0,0
2020-09-19,US,Kansas,Nemaha,75,1,0,39.78345387,-96.01392079,20131.0,733.066171439742,1.3333333333333333,74,75,1,0,74,75,10155,0,0,0,0,0
2020-09-19,US,Kansas,Neosho,161,0,0,37.55862897,-95.30670046,20133.0,1005.8099581433124,0.0,161,161,0,0,161,161,15951,0,0,0,0,0
2020-09-19,US,Kansas,Ness,64,6,0,38.47974157,-99.91547333,20135.0,2327.2727272727275,9.375,58,64,6,0,58,56,2840,0,0,0,0,8
2020-09-19,US,Kansas,Norton,28,0,0,39.78443827,-99.90286639,20137.0,522.2906174221228,0.0,28,28,0,0,28,26,5430,0,0,0,0,2
2020-09-19,US,Kansas,Osage,90,0,0,38.65235984,-95.72707998,20139.0,564.2987021129851,0.0,90,90,0,0,90,83,15941,0,0,0,0,7
2020-09-19,US,Kansas,Osborne,5,0,0,39.3503437,-98.76753828,20141.0,146.1560947091494,0.0,5,5,0,0,5,5,3475,0,0,0,0,0
2020-09-19,US,Kansas,Ottawa,48,0,0,39.13237408,-97.65020313,20143.0,841.5147265077139,0.0,48,48,0,0,48,48,5802,0,0,0,0,0
2020-09-19,US,Kansas,Pawnee,328,1,0,38.18108732,-99.23692334,20145.0,5113.813532896787,0.3048780487804878,327,328,1,0,327,328,6562,0,0,0,0,0
2020-09-19,US,Kansas,Phillips,86,8,0,39.78465501,-99.34668865,20147.0,1643.1027894535728,9.30232558139535,78,86,8,0,78,85,5317,0,0,0,0,1
2020-09-19,US,Kansas,Pottawatomie,219,0,0,39.37925655,-96.34564657,20149.0,898.1667555263913,0.0,219,219,0,0,219,201,24277,0,0,0,0,18
2020-09-19,US,Kansas,Pratt,63,0,0,37.64780729,-98.73922153,20151.0,687.4727193365343,0.0,63,63,0,0,63,61,9378,0,0,0,0,2
2020-09-19,US,Kansas,Rawlins,4,0,0,39.78525843,-101.07616170000001,20153.0,158.10276679841897,0.0,4,4,0,0,4,3,2508,0,0,0,0,1
2020-09-19,US,Kansas,Reno,955,3,0,37.95230263,-98.08607292,20155.0,1540.3722700732285,0.31413612565445026,952,936,3,0,933,923,62342,19,0,0,19,13
2020-09-19,US,Kansas,Republic,42,1,0,39.82799632,-97.65036709,20157.0,905.95340811044,2.380952380952381,41,42,1,0,41,40,4664,0,0,0,0,2
2020-09-19,US,Kansas,Rice,66,1,0,38.34616184,-98.19992118,20159.0,692.0415224913495,1.5151515151515151,65,66,1,0,65,64,9531,0,0,0,0,2
2020-09-19,US,Kansas,Riley,1588,8,0,39.28935726,-96.73420026,20161.0,2139.2391421489388,0.5037783375314862,1580,1588,8,0,1580,1513,73703,0,0,0,0,75
2020-09-19,US,Kansas,Rooks,54,0,0,39.35022773,-99.32484567,20163.0,1097.560975609756,0.0,54,54,0,0,54,47,5013,0,0,0,0,7
2020-09-19,US,Kansas,Rush,40,0,0,38.52275276,-99.30863983,20165.0,1317.5230566534915,0.0,40,40,0,0,40,40,3093,0,0,0,0,0
2020-09-19,US,Kansas,Russell,75,0,0,38.91462787,-98.76254297,20167.0,1093.9323220536758,0.0,75,75,0,0,75,75,6907,0,0,0,0,0
2020-09-19,US,Kansas,Saline,637,9,0,38.78369175,-97.65185177,20169.0,1174.756565358513,1.41287284144427,628,637,9,0,628,588,54401,0,0,0,0,49
2020-09-19,US,Kansas,Scott,102,1,0,38.48222076,-100.90665390000001,20171.0,2114.866265809662,0.9803921568627452,101,102,1,0,101,102,4897,0,0,0,0,0
2020-09-19,US,Kansas,Sedgwick,7996,81,0,37.6842718,-97.4608198,20173.0,1549.4862821243232,1.0130065032516258,7915,7893,81,0,7812,7832,513607,103,0,0,103,61
2020-09-19,US,Kansas,Seward,1637,5,0,37.19324632,-100.85072009999999,20175.0,7639.537054321448,0.30543677458766033,1632,1591,5,0,1586,1591,21780,46,0,0,46,0
2020-09-19,US,Kansas,Shawnee,2537,28,0,39.04100763,-95.75572640000001,20177.0,1434.3462897526501,1.103665746945211,2509,2537,28,0,2509,2519,177499,0,0,0,0,18
2020-09-19,US,Kansas,Sheridan,12,0,0,39.35018161,-100.44182590000001,20179.0,476.0015866719557,0.0,12,12,0,0,12,12,2533,0,0,0,0,0
2020-09-19,US,Kansas,Sherman,24,0,0,39.35147699,-101.71976240000001,20181.0,405.61095149569036,0.0,24,24,0,0,24,22,5899,0,0,0,0,2
2020-09-19,US,Kansas,Smith,5,0,0,39.78516566,-98.78566062,20183.0,139.54786491766677,0.0,5,5,0,0,5,6,3603,0,0,0,0,-1
2020-09-19,US,Kansas,Stafford,53,1,0,38.03100851,-98.71762001,20185.0,1275.2646775745911,1.8867924528301887,52,53,1,0,52,52,4178,0,0,0,0,1
2020-09-19,US,Kansas,Stanton,48,2,0,37.56304714,-101.78435340000001,20187.0,2392.8215353938185,4.166666666666667,46,48,2,0,46,48,1987,0,0,0,0,0
2020-09-19,US,Kansas,Stevens,121,1,0,37.1923008,-101.3118967,20189.0,2206.0164083865093,0.8264462809917356,120,121,1,0,120,110,5559,0,0,0,0,11
2020-09-19,US,Kansas,Sumner,169,3,0,37.23682549,-97.47721621,20191.0,740.0595550884567,1.7751479289940828,166,169,3,0,166,164,22996,0,0,0,0,5
2020-09-19,US,Kansas,Thomas,120,0,0,39.35107575,-101.0553705,20193.0,1543.011444001543,0.0,120,120,0,0,120,111,7711,0,0,0,0,9
2020-09-19,US,Kansas,Trego,46,3,0,38.91467218,-99.87284448,20195.0,1641.0988226899753,6.521739130434782,43,46,3,0,43,44,2793,0,0,0,0,2
2020-09-19,US,Kansas,Wabaunsee,66,1,0,38.95471985,-96.20350509,20197.0,952.2435435002163,1.5151515151515151,65,66,1,0,65,66,6899,0,0,0,0,0
2020-09-19,US,Kansas,Wallace,16,0,0,38.91686134,-101.76388759999999,20199.0,1054.0184453227932,0.0,16,16,0,0,16,16,1503,0,0,0,0,0
2020-09-19,US,Kansas,Washington,16,0,0,39.78420784,-97.08753229999999,20201.0,295.96744358120606,0.0,16,16,0,0,16,16,5420,0,0,0,0,0
2020-09-19,US,Kansas,Wichita,5,0,0,38.48178252,-101.3471509,20203.0,235.96035865974517,0.0,5,5,0,0,5,5,2105,0,0,0,0,0
2020-09-19,US,Kansas,Wilson,58,2,0,37.55937174,-95.74323255,20205.0,680.3519061583578,3.4482758620689653,56,58,2,0,56,58,8665,0,0,0,0,0
2020-09-19,US,Kansas,Woodson,13,0,0,37.8865336,-95.74006277,20207.0,414.27660930529,0.0,13,13,0,0,13,12,3183,0,0,0,0,1
2020-09-19,US,Kansas,Wyandotte,6659,133,0,39.11727348,-94.76378225,20209.0,4025.291817033289,1.9972968914251392,6526,6612,133,0,6479,6569,165324,47,0,0,47,43
2020-09-19,US,Kentucky,Adair,294,19,0,37.10459774,-85.28129668,21001.0,1531.090511405062,6.462585034013605,275,292,19,0,273,291,19215,2,0,0,2,1
2020-09-19,US,Kentucky,Allen,300,9,0,36.75197631,-86.19457544,21003.0,1407.4595355383533,3.0,291,300,9,0,291,297,21122,0,0,0,0,3
2020-09-19,US,Kentucky,Anderson,143,1,0,38.00671029,-84.99171713,21005.0,628.6543280432585,0.6993006993006993,142,141,1,0,140,139,22663,2,0,0,2,2
2020-09-19,US,Kentucky,Ballard,52,1,0,37.05842757,-88.99427697,21007.0,659.2292089249493,1.9230769230769231,51,51,1,0,50,50,7979,1,0,0,1,1
2020-09-19,US,Kentucky,Barren,637,13,0,36.96469836,-85.93338945,21009.0,1439.5805554927795,2.0408163265306123,624,628,13,0,615,617,44176,9,0,0,9,11
2020-09-19,US,Kentucky,Bath,79,1,0,38.14735938,-83.74588932,21011.0,632.0,1.2658227848101269,78,79,1,0,78,75,12383,0,0,0,0,4
2020-09-19,US,Kentucky,Bell,470,12,0,36.73355174,-83.67766671,21013.0,1805.4701905347265,2.5531914893617023,458,465,12,0,453,462,26569,5,0,0,5,3
2020-09-19,US,Kentucky,Boone,1496,25,0,38.97065142,-84.72615357,21015.0,1119.9197490661097,1.6711229946524064,1471,1474,25,0,1449,1454,131533,22,0,0,22,20
2020-09-19,US,Kentucky,Bourbon,166,1,0,38.2054607,-84.21827874,21017.0,838.8922579341015,0.6024096385542169,165,161,1,0,160,160,20184,5,0,0,5,1
2020-09-19,US,Kentucky,Boyd,390,5,0,38.36176608,-82.68652187,21019.0,834.7960101031723,1.2820512820512822,385,380,4,0,376,369,47240,10,1,0,9,11
2020-09-19,US,Kentucky,Boyle,250,0,0,37.62680923,-84.8633779,21021.0,831.66999334664,0.0,250,244,0,0,244,243,30100,6,0,0,6,1
2020-09-19,US,Kentucky,Bracken,39,0,0,38.69158994,-84.08532444,21023.0,469.70974346621705,0.0,39,40,0,0,40,40,8239,-1,0,0,-1,0
2020-09-19,US,Kentucky,Breathitt,82,0,0,37.52333168,-83.31959161,21025.0,649.2478226444972,0.0,82,82,0,0,82,82,12726,0,0,0,0,0
2020-09-19,US,Kentucky,Breckinridge,124,2,0,37.77377239,-86.42885017,21027.0,605.557454705279,1.6129032258064515,122,122,2,0,120,121,20388,2,0,0,2,1
2020-09-19,US,Kentucky,Bullitt,804,9,0,37.97162523,-85.68955617,21029.0,984.3772956560068,1.1194029850746268,795,794,9,0,785,788,81069,10,0,0,10,6
2020-09-19,US,Kentucky,Butler,333,16,0,37.20946153,-86.68748787,21031.0,2585.604472396925,4.804804804804805,317,330,16,0,314,329,12772,3,0,0,3,1
2020-09-19,US,Kentucky,Caldwell,137,0,0,37.14749129,-87.86948214,21033.0,1074.7626892602182,0.0,137,134,0,0,134,126,12715,3,0,0,3,8
2020-09-19,US,Kentucky,Calloway,517,8,0,36.62093411,-88.2731593,21035.0,1325.6070357170329,1.5473887814313343,509,515,8,0,507,511,39135,2,0,0,2,4
2020-09-19,US,Kentucky,Campbell,825,16,0,38.94384345,-84.37875208,21037.0,881.5609505898442,1.9393939393939397,809,811,16,0,795,804,93152,14,0,0,14,7
2020-09-19,US,Kentucky,Carlisle,74,1,0,36.85372876,-88.96692220000001,21039.0,1554.6218487394958,1.351351351351351,73,72,1,0,71,70,4771,2,0,0,2,2
2020-09-19,US,Kentucky,Carroll,195,5,0,38.66599534,-85.12601074,21041.0,1834.2583011946194,2.5641025641025643,190,195,5,0,190,195,10737,0,0,0,0,0
2020-09-19,US,Kentucky,Carter,155,3,0,38.31690743,-83.05092385,21043.0,578.4229577937829,1.935483870967742,152,152,3,0,149,150,27004,3,0,0,3,2
2020-09-19,US,Kentucky,Casey,266,15,0,37.32533118,-84.92726209,21045.0,1646.1414691503187,5.639097744360902,251,266,15,0,251,265,15888,0,0,0,0,1
2020-09-19,US,Kentucky,Christian,1107,18,0,36.89267803,-87.49055367,21047.0,1571.0818750798314,1.6260162601626016,1089,1081,18,0,1063,1075,71671,26,0,0,26,6
2020-09-19,US,Kentucky,Clark,298,8,0,37.9689263,-84.14615986,21049.0,821.7742602652843,2.684563758389262,290,295,8,0,287,294,36249,3,0,0,3,1
2020-09-19,US,Kentucky,Clay,289,6,0,37.16451126,-83.712575,21051.0,1452.1883322446108,2.0761245674740483,283,271,6,0,265,269,20105,18,0,0,18,2
2020-09-19,US,Kentucky,Clinton,101,2,0,36.72581156,-85.13377529,21053.0,988.4517518105304,1.98019801980198,99,100,2,0,98,100,10206,1,0,0,1,0
2020-09-19,US,Kentucky,Crittenden,118,1,0,37.35839237,-88.08826090000002,21055.0,1339.9954576425164,0.8474576271186439,117,116,1,0,115,115,8915,2,0,0,2,1
2020-09-19,US,Kentucky,Cumberland,97,0,0,36.78926125,-85.39050034,21057.0,1466.5860296341095,0.0,97,97,0,0,97,97,6659,0,0,0,0,0
2020-09-19,US,Kentucky,Daviess,1266,14,0,37.73028906,-87.09019479999998,21059.0,1247.155480686822,1.1058451816745656,1252,1245,14,0,1231,1212,101104,21,0,0,21,33
2020-09-19,US,Kentucky,Edmonson,130,12,0,37.21218923,-86.23955613,21061.0,1069.9588477366258,9.23076923076923,118,130,12,0,118,129,12274,0,0,0,0,1
2020-09-19,US,Kentucky,Elliott,35,0,0,38.11624059,-83.09771563,21063.0,465.6112810961821,0.0,35,32,0,0,32,32,7508,3,0,0,3,0
2020-09-19,US,Kentucky,Estill,125,0,0,37.69241417,-83.95956369,21065.0,886.1477385509712,0.0,125,101,0,0,101,93,14198,24,0,0,24,8
2020-09-19,US,Kentucky,Fayette,5378,68,0,38.0368225,-84.45576892,21067.0,1664.2323117294648,1.2644105615470436,5310,5238,68,0,5170,5124,323780,140,0,0,140,114
2020-09-19,US,Kentucky,Fleming,82,0,0,38.36758311,-83.69657514,21069.0,562.3756943968177,0.0,82,76,0,0,76,76,14432,6,0,0,6,0
2020-09-19,US,Kentucky,Floyd,170,2,0,37.56213922,-82.74750924,21071.0,477.67568630756693,1.1764705882352942,168,169,2,0,167,167,35845,1,0,0,1,2
2020-09-19,US,Kentucky,Franklin,594,11,0,38.2379395,-84.87962551,21073.0,1164.9114549626406,1.851851851851852,583,590,11,0,579,585,50815,4,0,0,4,5
2020-09-19,US,Kentucky,Fulton,139,2,0,36.55238827,-89.20140068,21075.0,2328.698274417825,1.4388489208633093,137,136,2,0,134,135,6120,3,0,0,3,1
2020-09-19,US,Kentucky,Gallatin,96,8,0,38.75398691,-84.8558382,21077.0,1082.4219190438607,8.333333333333334,88,96,8,0,88,96,8832,0,0,0,0,0
2020-09-19,US,Kentucky,Garrard,147,3,0,37.638866799999995,-84.53289319,21079.0,832.1068719574323,2.0408163265306123,144,145,3,0,142,144,17560,2,0,0,2,1
2020-09-19,US,Kentucky,Grant,153,6,0,38.64962758,-84.62415957,21081.0,610.3155291395748,3.92156862745098,147,152,6,0,146,150,25121,1,0,0,1,2
2020-09-19,US,Kentucky,Graves,707,29,0,36.72292505,-88.65143315,21083.0,1897.1716846455213,4.101838755304103,678,704,29,0,675,702,37317,3,0,0,3,2
2020-09-19,US,Kentucky,Grayson,364,13,0,37.46231118,-86.34248968,21085.0,1377.3791955197337,3.571428571428572,351,363,13,0,350,361,26321,1,0,0,1,2
2020-09-19,US,Kentucky,Green,250,8,0,37.26484328,-85.5540745,21087.0,2284.9830911251256,3.2,242,245,8,0,237,242,11049,5,0,0,5,3
2020-09-19,US,Kentucky,Greenup,352,4,0,38.54332505,-82.9215658,21089.0,1002.90614849849,1.1363636363636365,348,339,4,0,335,335,35268,13,0,0,13,4
2020-09-19,US,Kentucky,Hancock,73,0,0,37.83766422,-86.78280584,21091.0,836.9639990827792,0.0,73,73,0,0,73,71,8758,0,0,0,0,2
2020-09-19,US,Kentucky,Hardin,1197,10,0,37.6976111,-85.96319251,21093.0,1078.7865678905532,0.835421888053467,1187,1183,10,0,1173,1169,110356,14,0,0,14,14
2020-09-19,US,Kentucky,Harlan,366,10,0,36.85699301,-83.21899516,21095.0,1407.1510957324106,2.7322404371584703,356,362,10,0,352,356,26409,4,0,0,4,6
2020-09-19,US,Kentucky,Harrison,167,0,0,38.44188174,-84.32869741,21097.0,884.2528857354654,0.0,167,167,0,0,167,167,18778,0,0,0,0,0
2020-09-19,US,Kentucky,Hart,162,1,0,37.29943898,-85.88461055,21099.0,851.063829787234,0.6172839506172839,161,160,1,0,159,160,18906,2,0,0,2,0
2020-09-19,US,Kentucky,Henderson,648,3,0,37.79344553,-87.57392021,21101.0,1433.3112143331118,0.462962962962963,645,621,3,0,618,605,45591,27,0,0,27,16
2020-09-19,US,Kentucky,Henry,186,2,0,38.44942688,-85.11587507,21103.0,1153.4168423663648,1.075268817204301,184,182,2,0,180,177,16106,4,0,0,4,5
2020-09-19,US,Kentucky,Hickman,74,0,0,36.67948079999999,-88.97875928,21105.0,1689.4977168949772,0.0,74,73,0,0,73,73,4421,1,0,0,1,0
2020-09-19,US,Kentucky,Hopkins,594,39,0,37.30939025,-87.54670406,21107.0,1329.275388264781,6.565656565656567,555,590,39,0,551,587,45068,4,0,0,4,3
2020-09-19,US,Kentucky,Jackson,343,17,0,37.41866422,-83.99825483,21109.0,2573.3363343086503,4.956268221574344,326,342,17,0,325,335,13442,1,0,0,1,7
2020-09-19,US,Kentucky,Jefferson,14424,296,0,38.18664655,-85.65931031,21111.0,1881.169653488654,2.0521353300055463,14128,14245,294,0,13951,14101,770517,179,2,0,177,144
2020-09-19,US,Kentucky,Jessamine,571,0,0,37.87119786,-84.58252003,21113.0,1055.1603067541346,0.0,571,565,0,0,565,558,53920,6,0,0,6,7
2020-09-19,US,Kentucky,Johnson,145,1,0,37.85106355,-82.8264322,21115.0,653.5063998557779,0.6896551724137931,144,142,1,0,141,141,22386,3,0,0,3,1
2020-09-19,US,Kentucky,Kenton,1939,45,0,38.93950319,-84.53241199,21117.0,1161.0917496017914,2.3207839092315625,1894,1918,45,0,1873,1906,166051,21,0,0,21,12
2020-09-19,US,Kentucky,Knott,139,1,0,37.35388197,-82.94981134,21119.0,938.8085911117116,0.7194244604316546,138,127,1,0,126,121,15126,12,0,0,12,6
2020-09-19,US,Kentucky,Knox,440,9,0,36.89225732,-83.85403396,21121.0,1412.7468293466047,2.0454545454545454,431,430,9,0,421,428,31304,10,0,0,10,2
2020-09-19,US,Kentucky,Larue,112,1,0,37.54567114,-85.70138352,21123.0,777.8858174746492,0.8928571428571429,111,111,1,0,110,109,14307,1,0,0,1,2
2020-09-19,US,Kentucky,Laurel,761,6,0,37.10975748,-84.11321779,21125.0,1251.377172644007,0.7884362680683311,755,750,6,0,744,734,60669,11,0,0,11,16
2020-09-19,US,Kentucky,Lawrence,54,0,0,38.07136018,-82.72882223,21127.0,352.5494548540837,0.0,54,52,0,0,52,51,15571,2,0,0,2,1
2020-09-19,US,Kentucky,Lee,18,0,0,37.59645942,-83.71513901,21129.0,243.1446710792921,0.0,18,17,0,0,17,15,7033,1,0,0,1,2
2020-09-19,US,Kentucky,Leslie,53,0,0,37.09246661,-83.37999606,21131.0,536.6001822415714,0.0,53,51,0,0,51,50,10143,2,0,0,2,1
2020-09-19,US,Kentucky,Letcher,116,2,0,37.12306748,-82.85346474,21133.0,538.2081380782257,1.7241379310344829,114,111,2,0,109,106,21899,5,0,0,5,5
2020-09-19,US,Kentucky,Lewis,217,14,0,38.53184419,-83.37735618,21135.0,1634.6516007532955,6.451612903225807,203,215,14,0,201,214,13257,2,0,0,2,1
2020-09-19,US,Kentucky,Lincoln,179,13,0,37.45475628,-84.6565327,21137.0,729.1539370239113,7.2625698324022325,166,178,12,0,166,175,24644,1,1,0,0,3
2020-09-19,US,Kentucky,Livingston,81,1,0,37.21137452,-88.34797529,21139.0,881.0093539264738,1.2345679012345678,80,79,1,0,78,79,9242,2,0,0,2,0
2020-09-19,US,Kentucky,Logan,545,27,0,36.85949479,-86.877635,21141.0,2010.921703195336,4.954128440366971,518,549,27,0,522,552,26989,-4,0,0,-4,-3
2020-09-19,US,Kentucky,Lyon,66,4,0,37.02080035,-88.07886257,21143.0,803.8976857490865,6.0606060606060606,62,64,4,0,60,62,8009,2,0,0,2,2
2020-09-19,US,Kentucky,Madison,1601,6,0,37.71659336,-84.27220275,21151.0,1721.7460505231911,0.3747657713928795,1595,1537,6,0,1531,1503,92368,64,0,0,64,34
2020-09-19,US,Kentucky,Magoffin,79,0,0,37.70820545,-83.0657714,21153.0,649.6176301291013,0.0,79,79,0,0,79,79,12362,0,0,0,0,0
2020-09-19,US,Kentucky,Marion,215,7,0,37.55218078,-85.26898542,21155.0,1115.5502516473823,3.255813953488372,208,215,7,0,208,215,19404,0,0,0,0,0
2020-09-19,US,Kentucky,Marshall,260,2,0,36.88007070000001,-88.32803576,21157.0,836.0128617363347,0.7692307692307693,258,257,2,0,255,251,31191,3,0,0,3,6
2020-09-19,US,Kentucky,Martin,74,3,0,37.79990579,-82.51247478,21159.0,661.0093791871371,4.0540540540540535,71,74,2,0,72,74,11323,0,1,0,-1,0
2020-09-19,US,Kentucky,Mason,120,2,0,38.59471935,-83.82151043,21161.0,702.9876977152901,1.6666666666666667,118,116,2,0,114,115,17150,4,0,0,4,1
2020-09-19,US,Kentucky,McCracken,682,6,0,37.05350953,-88.70445755,21145.0,1042.526521752423,0.8797653958944281,676,668,6,0,662,661,65346,14,0,0,14,7
2020-09-19,US,Kentucky,McCreary,140,0,0,36.73874143,-84.48102924,21147.0,812.4891184493065,0.0,140,136,0,0,136,135,17408,4,0,0,4,1
2020-09-19,US,Kentucky,McLean,72,1,0,37.5301951,-87.26803443,21149.0,782.0136852394917,1.3888888888888888,71,70,1,0,69,67,9252,2,0,0,2,3
2020-09-19,US,Kentucky,Meade,188,3,0,37.96163597,-86.21028219,21163.0,657.9868402631947,1.5957446808510638,185,183,3,0,180,177,28715,5,0,0,5,6
2020-09-19,US,Kentucky,Menifee,42,0,0,37.94090733,-83.59985712,21165.0,647.2491909385112,0.0,42,42,0,0,42,42,6451,0,0,0,0,0
2020-09-19,US,Kentucky,Mercer,193,2,0,37.81474237,-84.87488475,21167.0,879.952582866001,1.0362694300518134,191,185,1,0,184,174,21774,8,1,0,7,11
2020-09-19,US,Kentucky,Metcalfe,106,2,0,36.99459295,-85.63123699,21169.0,1052.527057888988,1.8867924528301887,104,103,2,0,101,102,10030,3,0,0,3,1
2020-09-19,US,Kentucky,Monroe,200,4,0,36.71225341,-85.71596443,21171.0,1877.9342723004693,2.0,196,198,4,0,194,198,10718,2,0,0,2,0
2020-09-19,US,Kentucky,Montgomery,237,3,0,38.03253032,-83.9145241,21173.0,841.7089888837587,1.2658227848101269,234,230,3,0,227,228,28203,7,0,0,7,2
2020-09-19,US,Kentucky,Morgan,52,0,0,37.92465657,-83.25558245,21175.0,390.7130513186565,0.0,52,52,0,0,52,51,13345,0,0,0,0,1
2020-09-19,US,Kentucky,Muhlenberg,732,12,0,37.21425819,-87.14632053,21177.0,2390.4382470119517,1.639344262295082,720,728,12,0,716,723,30774,4,0,0,4,5
2020-09-19,US,Kentucky,Nelson,473,4,0,37.80335779,-85.4657193,21179.0,1023.0787532714728,0.8456659619450317,469,467,4,0,463,460,45851,6,0,0,6,7
2020-09-19,US,Kentucky,Nicholas,29,1,0,38.33342292,-84.01889177,21181.0,398.95446416288354,3.4482758620689653,28,29,1,0,28,29,7166,0,0,0,0,0
2020-09-19,US,Kentucky,Ohio,438,9,0,37.47751843,-86.85368087,21183.0,1825.4563640910226,2.054794520547945,429,434,9,0,425,428,24087,4,0,0,4,6
2020-09-19,US,Kentucky,Oldham,1059,25,0,38.39791089,-85.448222,21185.0,1585.3530741478164,2.3607176581680833,1034,1036,25,0,1011,1008,66470,23,0,0,23,28
2020-09-19,US,Kentucky,Owen,91,2,0,38.51679143,-84.82404619,21187.0,834.7857994679387,2.1978021978021984,89,90,2,0,88,90,10880,1,0,0,1,0
2020-09-19,US,Kentucky,Owsley,37,1,0,37.42823949,-83.68811419,21189.0,838.0520951302377,2.702702702702702,36,36,1,0,35,37,4472,1,0,0,1,-1
2020-09-19,US,Kentucky,Pendleton,92,0,0,38.69607718,-84.35599463,21191.0,630.5688827964359,0.0,92,89,0,0,89,88,14529,3,0,0,3,1
2020-09-19,US,Kentucky,Perry,326,8,0,37.25023553,-83.22922731,21193.0,1265.6262132153115,2.4539877300613497,318,326,8,0,318,323,26092,0,0,0,0,3
2020-09-19,US,Kentucky,Pike,381,3,0,37.47088263,-82.39487445,21195.0,658.3039601907526,0.7874015748031497,378,378,3,0,375,378,58402,3,0,0,3,0
2020-09-19,US,Kentucky,Powell,90,0,0,37.83218794,-83.82553961,21197.0,728.2142568168947,0.0,90,90,0,0,90,90,12442,0,0,0,0,0
2020-09-19,US,Kentucky,Pulaski,728,10,0,37.10466131,-84.57629079,21199.0,1120.3619630957694,1.3736263736263736,718,718,10,0,708,710,64623,10,0,0,10,8
2020-09-19,US,Kentucky,Robertson,12,0,0,38.51923469,-84.05055616,21201.0,569.2599620493359,0.0,12,12,0,0,12,12,2135,0,0,0,0,0
2020-09-19,US,Kentucky,Rockcastle,159,1,0,37.36642393,-84.31176452,21203.0,952.3809523809523,0.6289308176100629,158,159,1,0,158,158,16750,0,0,0,0,1
2020-09-19,US,Kentucky,Rowan,203,1,0,38.19484205,-83.42088935,21205.0,829.9264104660672,0.4926108374384237,202,201,1,0,200,197,24583,2,0,0,2,4
2020-09-19,US,Kentucky,Russell,238,6,0,36.99308373,-85.06070117,21207.0,1327.9026948613514,2.5210084033613445,232,238,6,0,232,235,17821,0,0,0,0,3
2020-09-19,US,Kentucky,Scott,715,9,0,38.29622293,-84.5816631,21209.0,1254.2979440039294,1.2587412587412588,706,713,9,0,704,707,56031,2,0,0,2,6
2020-09-19,US,Kentucky,Shelby,1026,25,0,38.21476019,-85.194223,21211.0,2092.8524804177546,2.4366471734892787,1001,1018,25,0,993,1011,48518,8,0,0,8,7
2020-09-19,US,Kentucky,Simpson,264,8,0,36.74058474,-86.58047435,21213.0,1421.494723239285,3.0303030303030303,256,263,8,0,255,259,18529,1,0,0,1,4
2020-09-19,US,Kentucky,Spencer,197,0,0,38.03223971,-85.32749335,21215.0,1018.0352436566586,0.0,197,192,0,0,192,191,18794,5,0,0,5,1
2020-09-19,US,Kentucky,Taylor,281,6,0,37.3677562,-85.3329931,21217.0,1090.4575264853115,2.1352313167259784,275,278,6,0,272,276,25549,3,0,0,3,2
2020-09-19,US,Kentucky,Todd,178,8,0,36.8381152,-87.17878374,21219.0,1447.8607450789002,4.49438202247191,170,178,8,0,170,178,12311,0,0,0,0,0
2020-09-19,US,Kentucky,Trigg,161,0,0,36.80767017,-87.87333656,21221.0,1098.901098901099,0.0,161,156,0,0,156,152,14643,5,0,0,5,4
2020-09-19,US,Kentucky,Trimble,57,0,0,38.61056487,-85.33775972,21223.0,672.8839570298667,0.0,57,56,0,0,56,55,8515,1,0,0,1,1
2020-09-19,US,Kentucky,Union,285,2,0,37.66166713,-87.94300009,21225.0,1981.7815172797439,0.7017543859649122,283,254,2,0,252,235,14505,31,0,0,31,19
2020-09-19,US,Kentucky,Warren,4125,41,0,36.99903045,-86.42672751,21227.0,3103.930893330123,0.993939393939394,4084,4088,40,0,4048,4062,131264,37,1,0,36,26
2020-09-19,US,Kentucky,Washington,141,1,0,37.75599461,-85.17407732,21229.0,1165.7709797436958,0.7092198581560284,140,140,1,0,139,139,12084,1,0,0,1,1
2020-09-19,US,Kentucky,Wayne,125,0,0,36.80310688,-84.8251971,21231.0,614.7641764619093,0.0,125,124,0,0,124,122,20468,1,0,0,1,2
2020-09-19,US,Kentucky,Webster,147,3,0,37.52168356,-87.67989953,21233.0,1135.8368103847938,2.0408163265306123,144,141,3,0,138,136,13111,6,0,0,6,5
2020-09-19,US,Kentucky,Whitley,277,2,0,36.75700531,-84.14541217,21235.0,763.8429296271785,0.7220216606498195,275,267,2,0,265,262,36242,10,0,0,10,5
2020-09-19,US,Kentucky,Wolfe,30,0,0,37.73941626,-83.49303612,21237.0,419.17004331423783,0.0,30,30,0,0,30,30,7177,0,0,0,0,0
2020-09-19,US,Kentucky,Woodford,252,0,0,38.04178222,-84.7417556,21239.0,942.6198847909027,0.0,252,248,0,0,248,244,26533,4,0,0,4,4
2020-09-19,US,Louisiana,Acadia,2917,96,0,30.295064899999996,-92.41419698,22001.0,4701.426384076074,3.2910524511484396,2821,2917,96,0,2821,2907,62190,0,0,0,0,10
2020-09-19,US,Louisiana,Allen,1530,45,0,30.65385745,-92.82442028,22003.0,5970.26573535724,2.9411764705882355,1485,1530,45,0,1485,1522,25605,0,0,0,0,8
2020-09-19,US,Louisiana,Ascension,3657,96,0,30.20406249,-90.91328409999998,22005.0,2888.5343275093987,2.6251025430680888,3561,3657,96,0,3561,3641,124672,0,0,0,0,16
2020-09-19,US,Louisiana,Assumption,740,24,0,29.89946234,-91.06461642,22007.0,3380.384632954182,3.2432432432432434,716,740,24,0,716,735,22300,0,0,0,0,5
2020-09-19,US,Louisiana,Avoyelles,1461,53,0,31.07796211,-92.00079449,22009.0,3639.398166600239,3.6276522929500334,1408,1461,53,0,1408,1441,40462,0,0,0,0,20
2020-09-19,US,Louisiana,Beauregard,980,37,0,30.64836518,-93.34173616,22011.0,2613.5424167266715,3.7755102040816326,943,980,37,0,943,973,37253,0,0,0,0,7
2020-09-19,US,Louisiana,Bienville,452,32,0,32.34569994,-93.05398492,22013.0,3413.639453213504,7.079646017699115,420,452,32,0,420,445,13308,0,0,0,0,7
2020-09-19,US,Louisiana,Bossier,3068,104,0,32.67932307,-93.60460152,22015.0,2415.006415352765,3.3898305084745757,2964,3068,104,0,2964,3005,127185,0,0,0,0,63
2020-09-19,US,Louisiana,Caddo,8188,342,0,32.57991587,-93.88375652,22017.0,3408.769212835756,4.176844162188568,7846,8188,342,0,7846,8069,242922,0,0,0,0,119
2020-09-19,US,Louisiana,Calcasieu,7708,207,0,30.22931235,-93.35400434,22019.0,3788.906584871901,2.6855215360664246,7501,7708,207,0,7501,7698,203112,0,0,0,0,10
2020-09-19,US,Louisiana,Caldwell,298,3,0,32.0902519,-92.11752148,22021.0,3004.6380318612623,1.0067114093959733,295,298,3,0,295,297,9960,0,0,0,0,1
2020-09-19,US,Louisiana,Cameron,220,2,0,29.87592238,-93.19310676,22023.0,3155.0265309049187,0.9090909090909092,218,220,2,0,218,218,6968,0,0,0,0,2
2020-09-19,US,Louisiana,Catahoula,426,10,0,31.66778967,-91.84526385,22025.0,4487.044449125764,2.347417840375587,416,426,10,0,416,424,9608,0,0,0,0,2
2020-09-19,US,Louisiana,Claiborne,485,19,0,32.82308512,-92.99526883,22027.0,3095.086151882578,3.9175257731958766,466,485,19,0,466,483,15944,0,0,0,0,2
2020-09-19,US,Louisiana,Concordia,499,12,0,31.44817835,-91.63814433,22029.0,2590.9964172594628,2.404809619238477,487,499,12,0,487,500,19572,0,0,0,0,-1
2020-09-19,US,Louisiana,De Soto,876,35,0,32.05457447,-93.74130302,22031.0,3189.7462039835414,3.9954337899543377,841,876,35,0,841,864,27436,0,0,0,0,12
2020-09-19,US,Louisiana,East Baton Rouge,14813,436,0,30.53842039,-91.09777565,22033.0,3366.1395403798133,2.943360561668805,14377,14813,436,0,14377,14753,440956,0,0,0,0,60
2020-09-19,US,Louisiana,East Carroll,541,4,0,32.73926954,-91.23425694,22035.0,7885.147937618422,0.7393715341959335,537,541,4,0,537,540,7037,0,0,0,0,1
2020-09-19,US,Louisiana,East Feliciana,1713,66,0,30.84425359,-91.04976723,22037.0,8952.181865691142,3.852889667250438,1647,1713,66,0,1647,1698,19305,0,0,0,0,15
2020-09-19,US,Louisiana,Evangeline,1288,31,0,30.72985248,-92.39915924,22039.0,3856.8648001197785,2.4068322981366457,1257,1288,31,0,1257,1272,33443,0,0,0,0,16
2020-09-19,US,Louisiana,Franklin,1179,35,0,32.13675181,-91.67589857,22041.0,5890.582063452411,2.9686174724342664,1144,1179,35,0,1144,1169,20156,0,0,0,0,10
2020-09-19,US,Louisiana,Grant,479,30,0,31.59882456,-92.56124347,22043.0,2139.443476707312,6.263048016701461,449,479,30,0,449,475,22482,0,0,0,0,4
2020-09-19,US,Louisiana,Iberia,2868,89,0,29.86803617,-91.75871777,22045.0,4107.117284834599,3.1032078103207814,2779,2868,89,0,2779,2850,70941,0,0,0,0,18
2020-09-19,US,Louisiana,Iberville,1403,58,0,30.25734305,-91.3499598,22047.0,4315.462458860078,4.1339985744832495,1345,1403,58,0,1345,1398,32721,0,0,0,0,5
2020-09-19,US,Louisiana,Jackson,611,22,0,32.30251776,-92.55692092,22049.0,3880.8434959349593,3.6006546644844515,589,611,22,0,589,603,15902,0,0,0,0,8
2020-09-19,US,Louisiana,Jefferson,17198,564,0,29.74075478,-90.11115756,22051.0,3976.4805441937788,3.2794510989649965,16634,17198,564,0,16634,17141,434051,0,0,0,0,57
2020-09-19,US,Louisiana,Jefferson Davis,1219,38,0,30.26896765,-92.81210004,22053.0,3886.125988268299,3.1173092698933558,1181,1219,38,0,1181,1202,31582,0,0,0,0,17
2020-09-19,US,Louisiana,LaSalle,417,7,0,31.67884782,-92.15907765,22059.0,2800.1611603545534,1.6786570743405276,410,417,7,0,410,413,14917,0,0,0,0,4
2020-09-19,US,Louisiana,Lafayette,8778,122,0,30.2049055,-92.06959876,22055.0,3591.799991816359,1.3898382319434952,8656,8778,122,0,8656,8750,242782,0,0,0,0,28
2020-09-19,US,Louisiana,Lafourche,3523,119,0,29.52470226,-90.40976986,22057.0,3609.1134468416412,3.3778030087993187,3404,3523,119,0,3404,3482,98115,0,0,0,0,41
2020-09-19,US,Louisiana,Lincoln,1097,47,0,32.6003154,-92.66597409999999,22061.0,2346.9256771212185,4.284412032816773,1050,1097,47,0,1050,1064,47196,0,0,0,0,33
2020-09-19,US,Louisiana,Livingston,3677,73,0,30.44143993,-90.73061664,22063.0,2611.709721640185,1.985314114767473,3604,3677,73,0,3604,3666,139567,0,0,0,0,11
2020-09-19,US,Louisiana,Madison,861,8,0,32.36918118,-91.23973355,22065.0,7862.295680759748,0.9291521486643438,853,861,8,0,853,857,11161,0,0,0,0,4
2020-09-19,US,Louisiana,Morehouse,743,20,0,32.81686191,-91.80421614,22067.0,2987.054755970089,2.6917900403768504,723,743,20,0,723,722,25398,0,0,0,0,21
2020-09-19,US,Louisiana,Natchitoches,1071,25,0,31.72321584,-93.09816516,22069.0,2806.750877928613,2.334267040149393,1046,1071,25,0,1046,1045,38659,0,0,0,0,26
2020-09-19,US,Louisiana,Orleans,12287,585,0,30.06971951,-89.92660315,22071.0,3149.349983595801,4.761129649222756,11702,12287,585,0,11702,12268,391006,0,0,0,0,19
2020-09-19,US,Louisiana,Ouachita,6010,139,0,32.47645559,-92.15704172,22073.0,3920.954599129692,2.3128119800332785,5871,6010,139,0,5871,5952,154475,0,0,0,0,58
2020-09-19,US,Louisiana,Plaquemines,661,19,0,29.42245447,-89.60322085,22075.0,2849.5064016898737,2.8744326777609683,642,661,19,0,642,657,23410,0,0,0,0,4
2020-09-19,US,Louisiana,Pointe Coupee,1037,40,0,30.71409502,-91.60209535,22077.0,4772.204325816843,3.8572806171648986,997,1037,40,0,997,1036,21940,0,0,0,0,1
2020-09-19,US,Louisiana,Rapides,4067,144,0,31.19778499,-92.52997303,22079.0,3136.9554485992853,3.5406933857880496,3923,4067,144,0,3923,4053,130562,0,0,0,0,14
2020-09-19,US,Louisiana,Red River,351,21,0,32.09530039,-93.34213308,22081.0,4157.782515991471,5.982905982905983,330,351,21,0,330,348,8477,0,0,0,0,3
2020-09-19,US,Louisiana,Richland,746,10,0,32.41391005,-91.76634876,22083.0,3707.3849517940557,1.3404825737265416,736,746,10,0,736,741,20192,0,0,0,0,5
2020-09-19,US,Louisiana,Sabine,825,13,0,31.56388699,-93.55433981,22085.0,3454.195277173003,1.5757575757575757,812,825,13,0,812,824,24032,0,0,0,0,1
2020-09-19,US,Louisiana,St. Bernard,1350,28,0,29.87761636,-89.51887093,22087.0,2857.50571501143,2.074074074074074,1322,1350,28,0,1322,1344,46721,0,0,0,0,6
2020-09-19,US,Louisiana,St. Charles,1756,58,0,29.90709658,-90.35555967,22089.0,3306.9679849340864,3.302961275626424,1698,1756,58,0,1698,1746,52879,0,0,0,0,10
2020-09-19,US,Louisiana,St. Helena,399,4,0,30.82210324,-90.71013176,22091.0,3938.018160284248,1.0025062656641603,395,399,4,0,395,396,10262,0,0,0,0,3
2020-09-19,US,Louisiana,St. James,792,40,0,30.02531716,-90.80212061,22093.0,3754.266211604096,5.05050505050505,752,792,40,0,752,788,21037,0,0,0,0,4
2020-09-19,US,Louisiana,St. John the Baptist,1574,98,0,30.12597499,-90.4753503,22095.0,3674.393631673553,6.2261753494282095,1476,1574,98,0,1476,1568,43184,0,0,0,0,6
2020-09-19,US,Louisiana,St. Landry,3248,124,0,30.59724262,-92.00135806,22097.0,3954.994885782475,3.817733990147784,3124,3248,124,0,3124,3239,82764,0,0,0,0,9
2020-09-19,US,Louisiana,St. Martin,2062,60,0,30.13112107,-91.61403569,22099.0,3859.1828713668096,2.909796314258002,2002,2062,60,0,2002,2059,53621,0,0,0,0,3
2020-09-19,US,Louisiana,St. Mary,1865,76,0,29.69262097,-91.44702164,22101.0,3779.281835130097,4.075067024128686,1789,1865,76,0,1789,1861,49774,0,0,0,0,4
2020-09-19,US,Louisiana,St. Tammany,6779,250,0,30.40942847,-89.95642711,22103.0,2603.112676110422,3.6878595663077145,6529,6779,250,0,6529,6735,258111,0,0,0,0,44
2020-09-19,US,Louisiana,Tangipahoa,4365,116,0,30.62888673,-90.40664996,22105.0,3239.139791329643,2.6575028636884306,4249,4365,116,0,4249,4323,133777,0,0,0,0,42
2020-09-19,US,Louisiana,Tensas,158,2,0,32.00760749,-91.32915234,22107.0,3645.5929856945095,1.2658227848101269,156,158,2,0,156,159,4462,0,0,0,0,-1
2020-09-19,US,Louisiana,Terrebonne,3566,109,0,29.37343766,-90.82626855,22109.0,3228.2887172848327,3.0566461020751543,3457,3566,109,0,3457,3536,111021,0,0,0,0,30
2020-09-19,US,Louisiana,Unassigned,190,170,0,0.0,0.0,90022.0,0.0,89.47368421052632,20,190,170,0,20,193,,0,0,0,0,-3
2020-09-19,US,Louisiana,Union,940,42,0,32.83121059,-92.3749373,22111.0,4251.854532296003,4.468085106382978,898,940,42,0,898,926,22330,0,0,0,0,14
2020-09-19,US,Louisiana,Vermilion,1991,57,0,29.83517605,-92.30292538,22113.0,3345.5999731142133,2.8628829733802115,1934,1991,57,0,1934,1984,59830,0,0,0,0,7
2020-09-19,US,Louisiana,Vernon,1024,46,0,31.10884837,-93.18153838,22115.0,2159.016635391849,4.4921875,978,1024,46,0,978,1022,48860,0,0,0,0,2
2020-09-19,US,Louisiana,Washington,1587,65,0,30.85288548,-90.03866652,22117.0,3435.5111053383557,4.095778197857594,1522,1587,65,0,1522,1581,46582,0,0,0,0,6
2020-09-19,US,Louisiana,Webster,1174,22,0,32.70847669,-93.33121835,22119.0,3062.07616066771,1.8739352640545144,1152,1174,22,0,1152,1159,38798,0,0,0,0,15
2020-09-19,US,Louisiana,West Baton Rouge,878,41,0,30.46058217,-91.30989571,22121.0,3317.589268845645,4.669703872437358,837,878,41,0,837,875,26427,0,0,0,0,3
2020-09-19,US,Louisiana,West Carroll,336,9,0,32.78550125,-91.461201,22123.0,3102.4930747922444,2.6785714285714284,327,336,9,0,327,337,10982,0,0,0,0,-1
2020-09-19,US,Louisiana,West Feliciana,678,25,0,30.87882871,-91.41485379999999,22125.0,4355.087358684481,3.6873156342182885,653,678,25,0,653,675,15460,0,0,0,0,3
2020-09-19,US,Louisiana,Winn,603,18,0,31.94449367,-92.63789413,22127.0,4336.8814729574215,2.985074626865672,585,603,18,0,585,597,14134,0,0,0,0,6
2020-09-19,US,Maine,Androscoggin,674,10,0,44.1664747,-70.20380627,23001.0,622.4775344717715,1.483679525222552,664,668,10,0,658,658,107679,6,0,0,6,10
2020-09-19,US,Maine,Aroostook,41,1,0,46.65926321,-68.59841248,23003.0,61.14383714860935,2.4390243902439024,40,41,1,0,40,41,67111,0,0,0,0,0
2020-09-19,US,Maine,Cumberland,2273,70,0,43.8370751,-70.37226999,23005.0,770.5006389765528,3.0796304443466784,2203,2269,70,0,2199,2264,293557,4,0,0,4,5
2020-09-19,US,Maine,Franklin,58,1,0,44.97330019,-70.44381045,23007.0,192.05933971323554,1.7241379310344829,57,56,1,0,55,54,29897,2,0,0,2,2
2020-09-19,US,Maine,Hancock,53,1,0,44.59816444,-68.38401854,23009.0,96.38641860803465,1.8867924528301887,52,53,1,0,52,53,54811,0,0,0,0,0
2020-09-19,US,Maine,Kennebec,205,11,0,44.40759555,-69.76738544,23011.0,167.61786397605925,5.365853658536587,194,202,11,0,191,202,122083,3,0,0,3,0
2020-09-19,US,Maine,Knox,35,1,0,44.11486325,-69.10529169,23013.0,88.001609172282,2.8571428571428568,34,35,1,0,34,34,39771,0,0,0,0,1
2020-09-19,US,Maine,Lincoln,39,1,0,44.05996956,-69.54227124,23015.0,112.60610960328,2.5641025641025643,38,39,1,0,38,39,34342,0,0,0,0,0
2020-09-19,US,Maine,Oxford,114,0,0,44.49952995,-70.75682123,23017.0,196.63648124191462,0.0,114,112,0,0,112,97,57618,2,0,0,2,15
2020-09-19,US,Maine,Penobscot,252,6,0,45.40194593,-68.65020455,23019.0,165.62820411704394,2.380952380952381,246,252,6,0,246,253,151096,0,0,0,0,-1
2020-09-19,US,Maine,Piscataquis,8,0,0,45.83839062,-69.2860223,23021.0,47.66160262138814,0.0,8,8,0,0,8,8,16800,0,0,0,0,0
2020-09-19,US,Maine,Sagadahoc,64,0,0,43.95415864,-69.85074999,23023.0,178.491744756805,0.0,64,63,0,0,63,62,35634,1,0,0,1,1
2020-09-19,US,Maine,Somerset,85,8,0,45.51229767,-69.95995554,23025.0,168.37017668964424,9.411764705882351,77,85,7,0,78,85,50592,0,1,0,-1,0
2020-09-19,US,Maine,Waldo,73,14,0,44.4858305,-69.12061935,23027.0,183.809643711444,19.17808219178082,59,73,14,0,59,73,39694,0,0,0,0,0
2020-09-19,US,Maine,Washington,15,0,0,45.01607142,-67.62813524,23029.0,47.802670575862855,0.0,15,15,0,0,15,15,31490,0,0,0,0,0
2020-09-19,US,Maine,York,1045,15,0,43.47808377,-70.71052375,23031.0,503.2724750892165,1.4354066985645932,1030,1031,15,0,1016,1024,206229,14,0,0,14,7
2020-09-19,US,Maryland,Allegany,443,22,0,39.62357628,-78.69280486,24001.0,629.1183821858667,4.966139954853274,421,439,22,0,417,435,70975,4,0,0,4,4
2020-09-19,US,Maryland,Anne Arundel,9559,244,0,39.00670238,-76.60329337,24003.0,1650.2829599091215,2.552568260278272,9315,9504,242,0,9262,9452,576031,55,2,0,53,52
2020-09-19,US,Maryland,Baltimore,17365,617,0,39.45784712,-76.62911955,24005.0,2098.819149836228,3.553124100201555,16748,17288,617,0,16671,17221,828431,77,0,0,77,67
2020-09-19,US,Maryland,Baltimore City,15204,480,0,39.30211911,-76.61151012,24510.0,2561.7954809685084,3.1570639305445933,14724,15177,478,0,14699,15129,621342,27,2,0,25,48
2020-09-19,US,Maryland,Calvert,905,28,0,38.53961642,-76.56820632,24009.0,978.114023236963,3.0939226519337018,877,901,28,0,873,898,92003,4,0,0,4,3
2020-09-19,US,Maryland,Caroline,632,4,0,38.87172293,-75.82904158,24011.0,1891.8757109501287,0.6329113924050633,628,622,4,0,618,620,33304,10,0,0,10,2
2020-09-19,US,Maryland,Carroll,1900,124,0,39.56453592,-77.02373735,24013.0,1127.9512250143962,6.526315789473684,1776,1891,123,0,1768,1888,168429,9,1,0,8,3
2020-09-19,US,Maryland,Cecil,985,33,0,39.56647682,-75.94627411,24015.0,957.6588401147246,3.350253807106599,952,968,33,0,935,964,102826,17,0,0,17,4
2020-09-19,US,Maryland,Charles,2686,98,0,38.51092331,-76.98580666,24017.0,1645.2587025364915,3.648548026805659,2588,2664,97,0,2567,2646,161503,22,1,0,21,18
2020-09-19,US,Maryland,Dorchester,568,10,0,38.45413522,-76.02752426,24019.0,1778.9470387422089,1.7605633802816902,558,557,10,0,547,554,31998,11,0,0,11,3
2020-09-19,US,Maryland,Frederick,3896,129,0,39.47296601,-77.39999394,24021.0,1501.0768762497735,3.3110882956878847,3767,3851,129,0,3722,3834,255648,45,0,0,45,17
2020-09-19,US,Maryland,Garrett,72,1,0,39.52786077,-79.27355126,24023.0,248.1560625904736,1.3888888888888888,71,71,1,0,70,71,29163,1,0,0,1,0
2020-09-19,US,Maryland,Harford,2915,76,0,39.55010644,-76.30775940000002,24025.0,1141.1637129513276,2.607204116638079,2839,2900,76,0,2824,2883,253956,15,0,0,15,17
2020-09-19,US,Maryland,Howard,4912,120,0,39.25305293,-76.93126208,24027.0,1508.1826276520615,2.44299674267101,4792,4881,119,0,4762,4863,323196,31,1,0,30,18
2020-09-19,US,Maryland,Kent,295,24,0,39.24976208,-76.04741541,24029.0,1518.8960972093505,8.135593220338983,271,293,24,0,269,293,19383,2,0,0,2,0
2020-09-19,US,Maryland,Montgomery,21760,837,0,39.13676329,-77.20358245,24031.0,2071.0239386002318,3.8465073529411766,20923,21640,837,0,20803,21574,1052567,120,0,0,120,66
2020-09-19,US,Maryland,Prince George's,28495,816,0,38.83070039,-76.8496441,24033.0,3133.6361946802417,2.863660291279172,27679,28361,817,0,27544,28202,909308,134,-1,0,135,159
2020-09-19,US,Maryland,Queen Anne's,634,26,0,39.06198912,-76.03530977,24035.0,1258.4109088743774,4.100946372239748,608,630,26,0,604,626,50251,4,0,0,4,4
2020-09-19,US,Maryland,Somerset,244,4,0,38.1163542,-75.75118623,24039.0,952.529668956902,1.639344262295082,240,240,4,0,236,238,25675,4,0,0,4,2
2020-09-19,US,Maryland,St. Mary's,1248,57,0,38.30058422,-76.60629279999998,24037.0,1099.4626024138845,4.5673076923076925,1191,1241,57,0,1184,1232,112664,7,0,0,7,9
2020-09-19,US,Maryland,Talbot,528,5,0,38.76618159,-76.10882561,24041.0,1420.0801484629244,0.946969696969697,523,524,5,0,519,520,36968,4,0,0,4,4
2020-09-19,US,Maryland,Unassigned,0,11,0,0.0,0.0,90024.0,0.0,0.0,-11,0,10,0,-10,0,,0,1,0,-1,0
2020-09-19,US,Maryland,Washington,1627,36,0,39.60835778,-77.82002295,24043.0,1077.1339101880847,2.2126613398893666,1591,1589,36,0,1553,1556,150926,38,0,0,38,33
2020-09-19,US,Maryland,Wicomico,1879,48,0,38.37301947,-75.62705831,24045.0,1813.5490160121226,2.554550292708888,1831,1855,48,0,1807,1846,103195,24,0,0,24,9
2020-09-19,US,Maryland,Worcester,992,26,0,38.21274277,-75.33200012,24047.0,1897.6203229015227,2.620967741935484,966,975,26,0,949,974,51823,17,0,0,17,1
2020-09-19,US,Massachusetts,Barnstable,1705,172,0,41.72980578,-70.28854339,25001.0,800.5070660594397,10.087976539589443,1533,1697,171,0,1526,1693,213413,8,1,0,7,4
2020-09-19,US,Massachusetts,Berkshire,701,49,0,42.37428441,-73.20524838,25003.0,561.0513510052504,6.990014265335236,652,702,49,0,653,692,126348,-1,0,0,-1,10
2020-09-19,US,Massachusetts,Bristol,9746,683,0,41.79228404,-71.10872211,25005.0,1724.2935014339623,7.008003283398317,9063,9700,680,0,9020,9657,564022,46,3,0,43,43
2020-09-19,US,Massachusetts,Dukes and Nantucket,150,1,0,41.40674725,-70.68763497,0.0,522.0841599665866,0.6666666666666666,149,146,1,0,145,142,26707,4,0,0,4,4
2020-09-19,US,Massachusetts,Essex,19022,1266,0,42.6687626,-70.94687179,25009.0,2410.795985977791,6.6554515823783,17756,18872,1262,0,17610,18815,790638,150,4,0,146,57
2020-09-19,US,Massachusetts,Franklin,403,67,0,42.58119713,-72.58602547,25011.0,574.2376745511542,16.62531017369727,336,401,67,0,334,398,70963,2,0,0,2,3
2020-09-19,US,Massachusetts,Hampden,7966,771,0,42.13440424,-72.63235561,25013.0,1708.0785295858245,9.678634195330153,7195,7947,769,0,7178,7933,470406,19,2,0,17,14
2020-09-19,US,Massachusetts,Hampshire,1205,141,0,42.33997957,-72.65898478,25015.0,749.238326182926,11.701244813278008,1064,1203,141,0,1062,1200,161355,2,0,0,2,3
2020-09-19,US,Massachusetts,Middlesex,26644,2120,0,42.48607732,-71.39049229,25017.0,1653.1622840244986,7.956763248761447,24524,26545,2116,0,24429,26469,1614714,99,4,0,95,76
2020-09-19,US,Massachusetts,Norfolk,10015,1046,0,42.16073095,-71.20530408,25021.0,1416.9997523964487,10.444333499750377,8969,9980,1044,0,8936,9932,705388,35,2,0,33,48
2020-09-19,US,Massachusetts,Plymouth,9516,760,0,41.94070556,-70.80802823,25023.0,1825.779640139524,7.986548970155527,8756,9487,757,0,8730,9452,518132,29,3,0,26,35
2020-09-19,US,Massachusetts,Suffolk,23674,1128,0,42.327951399999996,-71.07850442,25025.0,2944.868000900601,4.764720790740896,22546,23552,1124,0,22428,23464,807252,122,4,0,118,88
2020-09-19,US,Massachusetts,Unassigned,2384,5,0,0.0,0.0,90025.0,0.0,0.20973154362416108,2379,2343,5,0,2338,2312,,41,0,0,41,31
2020-09-19,US,Massachusetts,Worcester,14050,1086,0,42.35026951,-71.90493363,25027.0,1691.5034757085655,7.729537366548043,12964,14007,1083,0,12924,13969,830839,43,3,0,40,38
2020-09-19,US,Michigan,Alcona,41,2,0,44.6846864,-83.59507875,26001.0,394.0413262854397,4.878048780487805,39,41,2,0,39,42,10362,0,0,0,0,-1
2020-09-19,US,Michigan,Alger,17,0,0,46.41292944,-86.60260122,26003.0,186.649099692578,0.0,17,17,0,0,17,17,9097,0,0,0,0,0
2020-09-19,US,Michigan,Allegan,729,7,0,42.59147037,-85.89102866,26005.0,617.3728203521313,0.9602194787379972,722,724,7,0,717,718,117327,5,0,0,5,6
2020-09-19,US,Michigan,Alpena,139,14,0,45.03477666,-83.62212411,26007.0,489.35046646717126,10.071942446043163,125,136,14,0,122,134,28360,3,0,0,3,2
2020-09-19,US,Michigan,Antrim,66,0,0,44.99690221,-85.15503082,26009.0,282.9703309895387,0.0,66,66,0,0,66,66,23365,0,0,0,0,0
2020-09-19,US,Michigan,Arenac,69,3,0,44.0636262,-83.89277559,26011.0,463.61620640999803,4.3478260869565215,66,68,3,0,65,67,15041,1,0,0,1,1
2020-09-19,US,Michigan,Baraga,13,0,0,46.6720582,-88.36363591,26013.0,158.3627725666951,0.0,13,13,0,0,13,13,8320,0,0,0,0,0
2020-09-19,US,Michigan,Barry,272,2,0,42.59513984,-85.30834519,26015.0,441.91714053614953,0.7352941176470589,270,273,2,0,271,272,61157,-1,0,0,-1,1
2020-09-19,US,Michigan,Bay,956,48,0,43.70639106,-83.98731479,26017.0,927.0213137327153,5.02092050209205,908,949,46,0,903,946,103923,7,2,0,5,3
2020-09-19,US,Michigan,Benzie,69,2,0,44.63899297,-86.01608482,26019.0,388.3823032759203,2.898550724637681,67,67,2,0,65,66,17753,2,0,0,2,1
2020-09-19,US,Michigan,Berrien,1784,72,0,41.95447397,-86.41313079999998,26021.0,1162.9650393413342,4.035874439461884,1712,1775,72,0,1703,1770,154141,9,0,0,9,5
2020-09-19,US,Michigan,Branch,568,4,0,41.91600556,-85.05929476,26023.0,1305.2370338028816,0.7042253521126759,564,564,4,0,560,565,43622,4,0,0,4,-1
2020-09-19,US,Michigan,Calhoun,1222,44,0,42.24633834,-85.00493569,26025.0,910.8595025305792,3.6006546644844515,1178,1211,44,0,1167,1192,134487,11,0,0,11,19
2020-09-19,US,Michigan,Cass,514,16,0,41.91522292,-85.99405727,26027.0,992.5270820862379,3.1128404669260696,498,506,16,0,490,495,51653,8,0,0,8,11
2020-09-19,US,Michigan,Charlevoix,94,3,0,45.37790017,-85.19614053,26029.0,359.5608767165207,3.191489361702128,91,95,3,0,92,94,26244,-1,0,0,-1,1
2020-09-19,US,Michigan,Cheboygan,88,2,0,45.44787015,-84.50122149,26031.0,348.1563538534578,2.272727272727273,86,88,2,0,86,88,25413,0,0,0,0,0
2020-09-19,US,Michigan,Chippewa,75,0,0,46.29552653,-84.54353449,26033.0,200.80858925272432,0.0,75,75,0,0,75,70,37517,0,0,0,0,5
2020-09-19,US,Michigan,Clare,108,4,0,43.98794227,-84.84819859999998,26035.0,348.94991922455574,3.703703703703704,104,108,4,0,104,108,30757,0,0,0,0,0
2020-09-19,US,Michigan,Clinton,620,13,0,42.94400871,-84.60145248,26037.0,778.9434009673975,2.096774193548387,607,616,13,0,603,611,79332,4,0,0,4,5
2020-09-19,US,Michigan,Crawford,118,5,0,44.68255561,-84.61006219,26039.0,841.1148335590563,4.2372881355932215,113,118,5,0,113,118,13901,0,0,0,0,0
2020-09-19,US,Michigan,Delta,261,5,0,45.90484910000001,-86.9080745,26041.0,729.3762575452716,1.9157088122605364,256,252,5,0,247,247,35857,9,0,0,9,5
2020-09-19,US,Michigan,Dickinson,97,2,0,46.00999672,-87.86961634,26043.0,384.3258449225405,2.061855670103093,95,93,2,0,91,89,25383,4,0,0,4,4
2020-09-19,US,Michigan,Eaton,610,10,0,42.59599185,-84.83740035,26045.0,553.1976638734719,1.639344262295082,600,611,10,0,601,602,109826,-1,0,0,-1,9
2020-09-19,US,Michigan,Emmet,152,4,0,45.52625509,-84.89083249,26047.0,454.8855304503965,2.631578947368421,148,151,4,0,147,147,33308,1,0,0,1,4
2020-09-19,US,Michigan,Federal Correctional Institution (FCI),195,5,0,0.0,0.0,0.0,0.0,2.5641025641025643,190,195,5,0,190,196,,0,0,0,0,-1
2020-09-19,US,Michigan,Genesee,4267,306,0,43.02244215,-83.70589709,26049.0,1051.469519212051,7.171314741035856,3961,4248,306,0,3942,4220,406892,19,0,0,19,28
2020-09-19,US,Michigan,Gladwin,91,2,0,43.98901072,-84.38774817,26051.0,357.5779008998389,2.1978021978021984,89,90,2,0,88,89,25337,1,0,0,1,1
2020-09-19,US,Michigan,Gogebic,153,1,0,46.40862701,-89.69377193,26053.0,1094.8121645796064,0.6535947712418301,152,153,1,0,152,152,15096,0,0,0,0,1
2020-09-19,US,Michigan,Grand Traverse,455,7,0,44.69565625,-85.55585247,26055.0,488.78480577518053,1.5384615384615383,448,452,7,0,445,449,92573,3,0,0,3,3
2020-09-19,US,Michigan,Gratiot,244,15,0,43.29265605,-84.60505416,26057.0,599.3466139372651,6.147540983606558,229,238,15,0,223,233,40599,6,0,0,6,5
2020-09-19,US,Michigan,Hillsdale,325,27,0,41.88753639,-84.59312019,26059.0,712.6411577677887,8.307692307692307,298,327,27,0,300,323,45749,-2,0,0,-2,4
2020-09-19,US,Michigan,Houghton,300,1,0,46.89988536,-88.68495385,26061.0,840.7129245600269,0.3333333333333333,299,282,1,0,281,251,36219,18,0,0,18,31
2020-09-19,US,Michigan,Huron,214,5,0,43.83353985,-83.04078453,26063.0,690.7459410606501,2.336448598130841,209,211,5,0,206,207,31166,3,0,0,3,4
2020-09-19,US,Michigan,Ingham,3158,45,0,42.59716886,-84.37472069,26065.0,1080.0051982517462,1.4249525015832805,3113,3091,45,0,3046,3012,292735,67,0,0,67,79
2020-09-19,US,Michigan,Ionia,349,7,0,42.94502238,-85.07413319,26067.0,539.4376864460485,2.005730659025788,342,346,7,0,339,346,64210,3,0,0,3,0
2020-09-19,US,Michigan,Iosco,190,12,0,44.35486835,-83.63484895,26069.0,756.1587137342302,6.315789473684211,178,181,12,0,169,177,25081,9,0,0,9,4
2020-09-19,US,Michigan,Iron,66,1,0,46.20974132,-88.53136251,26071.0,596.4214711729622,1.5151515151515151,65,60,1,0,59,58,11117,6,0,0,6,2
2020-09-19,US,Michigan,Isabella,652,12,0,43.64060976,-84.84664923,26073.0,933.1348752003663,1.8404907975460123,640,646,11,0,635,638,70562,6,1,0,5,8
2020-09-19,US,Michigan,Jackson,980,44,0,42.24807035,-84.42258681,26075.0,618.2575231846571,4.489795918367347,936,976,43,0,933,970,158823,4,1,0,3,6
2020-09-19,US,Michigan,Kalamazoo,2580,91,0,42.24542231,-85.53038622,26077.0,973.3424882859364,3.5271317829457365,2489,2534,91,0,2443,2473,264870,46,0,0,46,61
2020-09-19,US,Michigan,Kalkaska,79,4,0,44.68512729,-85.09085699,26079.0,437.9642975939683,5.063291139240507,75,78,4,0,74,78,17824,1,0,0,1,0
2020-09-19,US,Michigan,Kent,9342,174,0,43.03197711,-85.54934642,26081.0,1422.0152065209945,1.8625561978163132,9168,9302,173,0,9129,9243,653786,40,1,0,39,59
2020-09-19,US,Michigan,Keweenaw,7,0,0,47.63197653,-88.41434263,26083.0,330.812854442344,0.0,7,7,0,0,7,8,2113,0,0,0,0,-1
2020-09-19,US,Michigan,Lake,32,0,0,43.99050893,-85.802173,26085.0,269.97384628364125,0.0,32,32,0,0,32,32,11881,0,0,0,0,0
2020-09-19,US,Michigan,Lapeer,580,36,0,43.09052506,-83.22153148,26087.0,662.0475532777061,6.206896551724138,544,579,36,0,543,577,88028,1,0,0,1,2
2020-09-19,US,Michigan,Leelanau,108,1,0,44.94430054,-85.80150326,26089.0,496.30072147419685,0.925925925925926,107,103,1,0,102,103,21764,5,0,0,5,0
2020-09-19,US,Michigan,Lenawee,779,16,0,41.89475156,-84.06603727,26091.0,791.2565641791347,2.053915275994865,763,771,15,0,756,764,98266,8,1,0,7,7
2020-09-19,US,Michigan,Livingston,1312,30,0,42.60302282,-83.91297209,26093.0,683.3511289356493,2.2865853658536586,1282,1303,30,0,1273,1292,191224,9,0,0,9,11
2020-09-19,US,Michigan,Luce,12,0,0,46.47227431,-85.54471223,26095.0,192.6472949109006,0.0,12,20,0,0,20,13,6283,-8,0,0,-8,7
2020-09-19,US,Michigan,Mackinac,54,0,0,46.07028979,-85.04980537,26097.0,500.0463005833874,0.0,54,54,0,0,54,53,10787,0,0,0,0,1
2020-09-19,US,Michigan,Macomb,13971,1009,0,42.69158356,-82.92752801,26099.0,1598.5637983825568,7.222102927492664,12962,13927,1006,0,12921,13875,874759,44,3,0,41,52
2020-09-19,US,Michigan,Manistee,69,2,0,44.33352407,-86.05626916,26101.0,280.9675054971903,2.898550724637681,67,70,2,0,68,69,24528,-1,0,0,-1,1
2020-09-19,US,Michigan,Marquette,315,12,0,46.4338914,-87.64043701,26103.0,472.2709485899339,3.809523809523809,303,307,12,0,295,297,66516,8,0,0,8,10
2020-09-19,US,Michigan,Mason,133,0,0,43.99509218,-86.24988902,26105.0,456.35465275871536,0.0,133,133,0,0,133,133,29100,0,0,0,0,0
2020-09-19,US,Michigan,Mecosta,186,3,0,43.64064262,-85.32463223,26107.0,428.048696292546,1.6129032258064515,183,181,3,0,178,175,43545,5,0,0,5,6
2020-09-19,US,Michigan,Menominee,302,1,0,45.58038692,-87.55370409,26109.0,1325.7243195785775,0.3311258278145696,301,294,1,0,293,287,22983,8,0,0,8,7
2020-09-19,US,Michigan,Michigan Department of Corrections (MDOC),5563,73,0,0.0,0.0,0.0,0.0,1.3122415962610103,5490,5550,73,0,5477,5541,,13,0,0,13,9
2020-09-19,US,Michigan,Midland,553,11,0,43.64330771,-84.38804374,26111.0,665.0151522439752,1.9891500904159127,542,539,11,0,528,536,83209,14,0,0,14,3
2020-09-19,US,Michigan,Missaukee,58,1,0,44.33772443,-85.09256478,26113.0,383.648630771266,1.7241379310344829,57,57,1,0,56,57,15113,1,0,0,1,0
2020-09-19,US,Michigan,Monroe,1458,28,0,41.92734151,-83.53749864,26115.0,968.7707641196016,1.9204389574759944,1430,1454,28,0,1426,1455,150439,4,0,0,4,-1
2020-09-19,US,Michigan,Montcalm,289,5,0,43.31082541,-85.15252824,26117.0,452.35411970949167,1.7301038062283738,284,285,5,0,280,278,63968,4,0,0,4,7
2020-09-19,US,Michigan,Montmorency,14,0,0,45.0275929,-84.12696227,26119.0,150.08576329331046,0.0,14,14,0,0,14,13,9265,0,0,0,0,1
2020-09-19,US,Michigan,Muskegon,1444,69,0,43.29123859,-86.15176712,26121.0,831.96017653227,4.7783933518005535,1375,1444,69,0,1375,1438,173588,0,0,0,0,6
2020-09-19,US,Michigan,Newaygo,317,1,0,43.554373999999996,-85.80070107,26123.0,647.2029399755003,0.3154574132492113,316,317,1,0,316,323,48892,0,0,0,0,-6
2020-09-19,US,Michigan,Oakland,19884,1193,0,42.66090111,-83.38595416,26125.0,1581.1269863484267,5.99979883323275,18691,19828,1191,0,18637,19751,1259201,56,2,0,54,77
2020-09-19,US,Michigan,Oceana,513,6,0,43.64124435,-86.26726673,26127.0,1938.2627422828427,1.1695906432748535,507,513,6,0,507,506,26625,0,0,0,0,7
2020-09-19,US,Michigan,Ogemaw,61,5,0,44.33481032,-84.12725175,26129.0,290.51769300376236,8.196721311475411,56,61,5,0,56,61,20952,0,0,0,0,0
2020-09-19,US,Michigan,Ontonagon,42,0,0,46.665226200000006,-89.31390481,26131.0,734.2657342657343,0.0,42,42,0,0,42,41,5795,0,0,0,0,1
2020-09-19,US,Michigan,Osceola,89,0,0,43.98992088,-85.32566756,26133.0,379.3691389599318,0.0,89,90,0,0,90,88,23341,-1,0,0,-1,2
2020-09-19,US,Michigan,Oscoda,30,1,0,44.68192279,-84.12939244,26135.0,364.0334910811795,3.333333333333333,29,30,1,0,29,30,8276,0,0,0,0,0
2020-09-19,US,Michigan,Otsego,168,11,0,45.02085831,-84.59898295,26137.0,681.044267877412,6.547619047619048,157,165,11,0,154,164,24665,3,0,0,3,1
2020-09-19,US,Michigan,Ottawa,3146,65,0,42.95996803,-85.9969107,26139.0,1078.024877497173,2.066115702479338,3081,3128,65,0,3063,3076,290494,18,0,0,18,52
2020-09-19,US,Michigan,Out of MI,204,2,0,0.0,0.0,80026.0,0.0,0.9803921568627452,202,193,2,0,191,194,,11,0,0,11,-1
2020-09-19,US,Michigan,Presque Isle,26,1,0,45.34018577,-83.91498656,26141.0,206.48030495552726,3.8461538461538463,25,25,1,0,24,24,12738,1,0,0,1,1
2020-09-19,US,Michigan,Roscommon,88,4,0,44.33473082,-84.61067651,26143.0,366.376618510346,4.545454545454546,84,88,4,0,84,87,23884,0,0,0,0,1
2020-09-19,US,Michigan,Saginaw,2863,138,0,43.33433923,-84.05131209999998,26145.0,1502.5795244018286,4.820118756549074,2725,2851,138,0,2713,2846,190800,12,0,0,12,5
2020-09-19,US,Michigan,Sanilac,144,7,0,43.42406072,-82.82055898,26151.0,349.76924945348554,4.861111111111111,137,144,7,0,137,142,41182,0,0,0,0,2
2020-09-19,US,Michigan,Schoolcraft,21,0,0,46.19235734,-86.19972234,26153.0,259.45144551519644,0.0,21,21,0,0,21,20,8068,0,0,0,0,1
2020-09-19,US,Michigan,Shiawassee,491,31,0,42.95392800000001,-84.14585902,26155.0,720.7656850943895,6.313645621181263,460,492,31,0,461,489,68192,-1,0,0,-1,3
2020-09-19,US,Michigan,St. Clair,977,53,0,42.92655373,-82.67937954,26147.0,613.9711427278669,5.424769703172978,924,976,53,0,923,972,159337,1,0,0,1,4
2020-09-19,US,Michigan,St. Joseph,726,11,0,41.91441767,-85.52797979,26149.0,1190.8667410274913,1.5151515151515151,715,724,11,0,713,717,61043,2,0,0,2,7
2020-09-19,US,Michigan,Tuscola,488,31,0,43.46606813,-83.41897025,26157.0,934.0606756627428,6.352459016393442,457,482,31,0,451,479,52516,6,0,0,6,3
2020-09-19,US,Michigan,Unassigned,4,0,0,0.0,0.0,90026.0,0.0,0.0,4,4,0,0,4,6,,0,0,0,0,-2
2020-09-19,US,Michigan,Van Buren,738,17,0,42.25190229,-86.01939087,26159.0,975.1972197629401,2.303523035230352,721,729,17,0,712,725,75448,9,0,0,9,4
2020-09-19,US,Michigan,Washtenaw,3305,115,0,42.253105,-83.83853204,26161.0,899.0726358198157,3.4795763993948565,3190,3293,115,0,3178,3267,370963,12,0,0,12,26
2020-09-19,US,Michigan,Wayne,34082,2955,0,42.28098405,-83.281255,26163.0,1948.274294978172,8.670265829470102,31127,34034,2951,0,31083,33948,1753893,48,4,0,44,86
2020-09-19,US,Michigan,Wexford,119,4,0,44.33853602,-85.57712739,26165.0,353.8402069519194,3.361344537815126,115,119,4,0,115,118,33466,0,0,0,0,1
2020-09-19,US,Minnesota,Aitkin,70,1,0,46.60962049,-93.41168259999999,27001.0,440.6395568425028,1.4285714285714286,69,69,1,0,68,69,15902,1,0,0,1,0
2020-09-19,US,Minnesota,Anoka,5664,132,0,45.27476015,-93.24604565,27003.0,1586.9057858741849,2.3305084745762707,5532,5596,132,0,5464,5531,353813,68,0,0,68,65
2020-09-19,US,Minnesota,Becker,242,2,0,46.93479392,-95.67158144,27005.0,703.0183307672197,0.8264462809917356,240,237,2,0,235,235,34371,5,0,0,5,2
2020-09-19,US,Minnesota,Beltrami,371,4,0,47.97373527,-94.93732139,27007.0,786.2168347885056,1.0781671159029649,367,365,4,0,361,362,46847,6,0,0,6,3
2020-09-19,US,Minnesota,Benton,500,3,0,45.69804958,-93.99514135,27009.0,1222.8227640685761,0.6,497,492,3,0,489,479,40545,8,0,0,8,13
2020-09-19,US,Minnesota,Big Stone,66,0,0,45.42712824,-96.41403739,27011.0,1322.3802845121218,0.0,66,66,0,0,66,64,4989,0,0,0,0,2
2020-09-19,US,Minnesota,Blue Earth,1578,6,0,44.03554215,-94.06699781,27013.0,2332.490798634207,0.3802281368821293,1572,1556,6,0,1550,1540,67427,22,0,0,22,16
2020-09-19,US,Minnesota,Brown,168,2,0,44.24205652,-94.72562874,27015.0,671.7850287907869,1.1904761904761905,166,164,2,0,162,158,25111,4,0,0,4,6
2020-09-19,US,Minnesota,Carlton,235,1,0,46.59180601,-92.67601019,27017.0,655.1253101391096,0.425531914893617,234,231,1,0,230,226,35837,4,0,0,4,5
2020-09-19,US,Minnesota,Carver,1330,7,0,44.82017001,-93.80099179999999,27019.0,1265.5939251491593,0.5263157894736842,1323,1319,7,0,1312,1303,103551,11,0,0,11,16
2020-09-19,US,Minnesota,Cass,123,3,0,46.95043611,-94.32603968,27021.0,413.0427482454078,2.4390243902439024,120,123,3,0,120,120,29519,0,0,0,0,3
2020-09-19,US,Minnesota,Chippewa,189,1,0,45.02343421,-95.56403693,27023.0,1601.6949152542375,0.5291005291005291,188,185,1,0,184,182,11924,4,0,0,4,3
2020-09-19,US,Minnesota,Chisago,433,1,0,45.5021011,-92.90861945,27025.0,765.3016136729175,0.2309468822170901,432,421,1,0,420,415,55922,12,0,0,12,6
2020-09-19,US,Minnesota,Clay,1232,40,0,46.89289518,-96.48761922,27027.0,1918.3457382205474,3.2467532467532467,1192,1213,40,0,1173,1199,63955,19,0,0,19,14
2020-09-19,US,Minnesota,Clearwater,25,0,0,47.57992111,-95.37790562,27029.0,283.5110002268088,0.0,25,24,0,0,24,24,8810,1,0,0,1,0
2020-09-19,US,Minnesota,Cook,6,0,0,47.90504893,-90.52629546,27031.0,109.82976386600771,0.0,6,6,0,0,6,6,5393,0,0,0,0,0
2020-09-19,US,Minnesota,Cottonwood,216,0,0,44.00715262,-95.18138802,27033.0,1929.260450160772,0.0,216,214,0,0,214,213,11277,2,0,0,2,1
2020-09-19,US,Minnesota,Crow Wing,419,18,0,46.48096553,-94.06755609,27035.0,644.0704019675659,4.295942720763724,401,410,18,0,392,402,64889,9,0,0,9,8
2020-09-19,US,Minnesota,Dakota,7048,125,0,44.67172617,-93.06299363,27037.0,1642.8100256164614,1.7735527809307603,6923,6995,125,0,6870,6942,425423,53,0,0,53,53
2020-09-19,US,Minnesota,Dodge,190,0,0,44.02238415,-92.86244324,27039.0,907.6144071844844,0.0,190,188,0,0,188,182,20822,2,0,0,2,6
2020-09-19,US,Minnesota,Douglas,236,1,0,45.93348491,-95.45335469,27041.0,618.7567184919118,0.42372881355932196,235,229,1,0,228,219,37964,7,0,0,7,10
2020-09-19,US,Minnesota,Faribault,130,0,0,43.67381499,-93.94787458,27043.0,952.171683879001,0.0,130,129,0,0,129,129,13758,1,0,0,1,0
2020-09-19,US,Minnesota,Fillmore,105,0,0,43.67394126,-92.08980382,27045.0,498.4098352874163,0.0,105,105,0,0,105,98,21058,0,0,0,0,7
2020-09-19,US,Minnesota,Freeborn,511,3,0,43.67385583,-93.34884422,27047.0,1687.526832006869,0.5870841487279843,508,504,3,0,501,490,30444,7,0,0,7,14
2020-09-19,US,Minnesota,Goodhue,324,9,0,44.40849741,-92.72341949999999,27049.0,699.1799741044454,2.7777777777777777,315,321,9,0,312,317,46403,3,0,0,3,4
2020-09-19,US,Minnesota,Grant,57,4,0,45.93424769,-96.01139609,27051.0,954.4541192230407,7.0175438596491215,53,57,4,0,53,57,6021,0,0,0,0,0
2020-09-19,US,Minnesota,Hennepin,25628,921,0,45.00761521,-93.47694895,27053.0,2024.5796674627106,3.5937256126112067,24707,25454,917,0,24537,25264,1259428,174,4,0,170,190
2020-09-19,US,Minnesota,Houston,107,0,0,43.67129565,-91.49143057,27055.0,575.2688172043012,0.0,107,104,0,0,104,105,18578,3,0,0,3,-1
2020-09-19,US,Minnesota,Hubbard,76,0,0,47.10778564,-94.91693868,27057.0,353.63640593736915,0.0,76,71,0,0,71,65,21332,5,0,0,5,6
2020-09-19,US,Minnesota,Isanti,244,0,0,45.56181234,-93.29487636,27059.0,601.0444378756528,0.0,244,234,0,0,234,221,39966,10,0,0,10,13
2020-09-19,US,Minnesota,Itasca,271,13,0,47.51009045,-93.63092229,27061.0,600.4874806115666,4.7970479704797055,258,264,13,0,251,255,45108,7,0,0,7,9
2020-09-19,US,Minnesota,Jackson,128,1,0,43.67423373,-95.15398258,27063.0,1300.0203128173878,0.78125,127,125,1,0,124,120,9911,3,0,0,3,5
2020-09-19,US,Minnesota,Kanabec,103,8,0,45.9459309,-93.29275192,27065.0,630.4707106567912,7.766990291262137,95,100,8,0,92,95,16207,3,0,0,3,5
2020-09-19,US,Minnesota,Kandiyohi,918,2,0,45.1526059,-95.00586446,27067.0,2125.0491909534944,0.2178649237472767,916,911,2,0,909,908,42855,7,0,0,7,3
2020-09-19,US,Minnesota,Kittson,12,0,0,48.77754106,-96.78317184,27069.0,279.1996277338297,0.0,12,13,0,0,13,13,4248,-1,0,0,-1,0
2020-09-19,US,Minnesota,Koochiching,103,3,0,48.24539665,-93.78352843,27071.0,842.2602011611743,2.9126213592233015,100,100,3,0,97,98,12440,3,0,0,3,2
2020-09-19,US,Minnesota,Lac qui Parle,43,0,0,44.9973857,-96.17488219,27073.0,649.2526045598671,0.0,43,41,0,0,41,36,6658,2,0,0,2,5
2020-09-19,US,Minnesota,Lake,53,0,0,47.64270764,-91.44557998,27075.0,498.0734893337092,0.0,53,48,0,0,48,48,10658,5,0,0,5,0
2020-09-19,US,Minnesota,Lake of the Woods,20,1,0,48.77217001,-94.90274472,27077.0,534.75935828877,5.0,19,20,1,0,19,20,3758,0,0,0,0,0
2020-09-19,US,Minnesota,Le Sueur,443,4,0,44.37136597,-93.72844721,27079.0,1533.5618098106415,0.9029345372460496,439,441,3,0,438,440,28494,2,1,0,1,1
2020-09-19,US,Minnesota,Lincoln,101,0,0,44.41311883,-96.26688165,27081.0,1791.0977123603475,0.0,101,95,0,0,95,93,5673,6,0,0,6,2
2020-09-19,US,Minnesota,Lyon,638,4,0,44.41327865,-95.83806103,27083.0,2504.514406846196,0.6269592476489029,634,634,4,0,630,624,25629,4,0,0,4,10
2020-09-19,US,Minnesota,Mahnomen,45,1,0,47.32557075,-95.80921485,27087.0,814.1849104396597,2.2222222222222223,44,45,1,0,44,44,5519,0,0,0,0,1
2020-09-19,US,Minnesota,Marshall,48,1,0,48.35825983,-96.37017407,27089.0,514.1388174807198,2.083333333333333,47,48,1,0,47,48,9390,0,0,0,0,0
2020-09-19,US,Minnesota,Martin,304,9,0,43.67429718,-94.55099908,27091.0,1544.4800081288422,2.9605263157894735,295,290,9,0,281,280,19785,14,0,0,14,10
2020-09-19,US,Minnesota,McLeod,440,2,0,44.82367677,-94.27287017,27085.0,1225.8657676984371,0.4545454545454545,438,438,2,0,436,433,35873,2,0,0,2,5
2020-09-19,US,Minnesota,Meeker,171,2,0,45.12328869,-94.52839455,27093.0,736.3706829730428,1.1695906432748535,169,166,2,0,164,155,23141,5,0,0,5,11
2020-09-19,US,Minnesota,Mille Lacs,141,3,0,45.93705297,-93.63236823,27095.0,536.5909350382464,2.127659574468085,138,136,3,0,133,133,26139,5,0,0,5,3
2020-09-19,US,Minnesota,Morrison,195,1,0,46.01265363,-94.27341528,27097.0,584.0771580902175,0.5128205128205128,194,190,1,0,189,184,33169,5,0,0,5,6
2020-09-19,US,Minnesota,Mower,1274,4,0,43.67142874,-92.75234549,27099.0,3180.070890120313,0.3139717425431711,1270,1261,4,0,1257,1253,40011,13,0,0,13,8
2020-09-19,US,Minnesota,Murray,152,2,0,44.02216709,-95.76328482,27101.0,1855.0158652672687,1.3157894736842106,150,149,2,0,147,149,8276,3,0,0,3,0
2020-09-19,US,Minnesota,Nicollet,496,16,0,44.35291112,-94.24710352,27103.0,1447.161113380405,3.2258064516129035,480,495,16,0,479,487,34220,1,0,0,1,8
2020-09-19,US,Minnesota,Nobles,1926,16,0,43.67434621,-95.75329576,27105.0,8904.711267280041,0.8307372793354102,1910,1920,16,0,1904,1914,21924,6,0,0,6,6
2020-09-19,US,Minnesota,Norman,51,0,0,47.32628443,-96.45620947,27107.0,800.0,0.0,51,51,0,0,51,51,6475,0,0,0,0,0
2020-09-19,US,Minnesota,Olmsted,2263,27,0,44.00374114,-92.40209944,27109.0,1429.627336647862,1.1931064958020328,2236,2253,27,0,2226,2237,156277,10,0,0,10,16
2020-09-19,US,Minnesota,Otter Tail,379,4,0,46.40846929,-95.70835255,27111.0,645.1503081060838,1.0554089709762533,375,373,4,0,369,367,58812,6,0,0,6,6
2020-09-19,US,Minnesota,Pennington,108,1,0,48.06642577,-96.0370814,27113.0,764.926694525108,0.925925925925926,107,108,1,0,107,107,14178,0,0,0,0,1
2020-09-19,US,Minnesota,Pine,239,0,0,46.12105238,-92.74070188,27115.0,808.0056797051963,0.0,239,236,0,0,236,198,29483,3,0,0,3,38
2020-09-19,US,Minnesota,Pipestone,209,9,0,44.02301619,-96.25841142,27117.0,2290.1599824676746,4.30622009569378,200,208,9,0,199,205,9047,1,0,0,1,3
2020-09-19,US,Minnesota,Polk,270,4,0,47.77372465,-96.40134647,27119.0,860.8595842367044,1.4814814814814814,266,262,4,0,258,257,31529,8,0,0,8,5
2020-09-19,US,Minnesota,Pope,86,0,0,45.58606667,-95.44451209,27121.0,764.5124011023203,0.0,86,82,0,0,82,81,11097,4,0,0,4,1
2020-09-19,US,Minnesota,Ramsey,10410,318,0,45.01625271,-93.09872295,27123.0,1891.623252610749,3.0547550432276656,10092,10349,316,0,10033,10267,550210,61,2,0,59,82
2020-09-19,US,Minnesota,Red Lake,37,0,0,47.87197525,-96.09561104,27125.0,912.4537607891493,0.0,37,37,0,0,37,37,3999,0,0,0,0,0
2020-09-19,US,Minnesota,Redwood,129,0,0,44.40555844,-95.25207021,27127.0,850.3625576796309,0.0,129,93,0,0,93,91,15249,36,0,0,36,2
2020-09-19,US,Minnesota,Renville,125,6,0,44.72836381,-94.94553734,27129.0,859.2246356887545,4.8,119,120,6,0,114,117,14612,5,0,0,5,3
2020-09-19,US,Minnesota,Rice,1297,8,0,44.3543376,-93.29658715,27131.0,1936.6302335304306,0.6168080185042406,1289,1290,8,0,1282,1279,66523,7,0,0,7,11
2020-09-19,US,Minnesota,Rock,146,0,0,43.67482683,-96.25296832,27133.0,1567.3644659151905,0.0,146,145,0,0,145,139,9414,1,0,0,1,6
2020-09-19,US,Minnesota,Roseau,110,0,0,48.77501878,-95.81079919,27135.0,725.3544345532476,0.0,110,109,0,0,109,105,15150,1,0,0,1,4
2020-09-19,US,Minnesota,Scott,2386,33,0,44.6490231,-93.53340251,27139.0,1601.2025796407024,1.383067896060352,2353,2366,32,0,2334,2325,147381,20,1,0,19,41
2020-09-19,US,Minnesota,Sherburne,1078,14,0,45.44447208,-93.77617511,27141.0,1108.6200867973423,1.2987012987012987,1064,1063,13,0,1050,1050,96036,15,1,0,14,13
2020-09-19,US,Minnesota,Sibley,176,3,0,44.5796592,-94.23164924,27143.0,1183.9892364614868,1.7045454545454546,173,169,3,0,166,166,15028,7,0,0,7,3
2020-09-19,US,Minnesota,St. Louis,1317,33,0,47.604840700000004,-92.46879855,27137.0,661.5763299341941,2.5056947608200457,1284,1282,29,0,1253,1233,199754,35,4,0,31,49
2020-09-19,US,Minnesota,Stearns,3715,23,0,45.55192576,-94.61078221,27145.0,2306.379015986342,0.6191117092866757,3692,3670,23,0,3647,3629,159256,45,0,0,45,41
2020-09-19,US,Minnesota,Steele,516,2,0,44.02240351,-93.22627088,27147.0,1407.9511037136074,0.3875968992248062,514,513,2,0,511,506,36803,3,0,0,3,7
2020-09-19,US,Minnesota,Stevens,91,1,0,45.58613007,-96.00163705,27149.0,928.0979092299848,1.0989010989010992,90,90,1,0,89,91,9753,1,0,0,1,-1
2020-09-19,US,Minnesota,Swift,111,1,0,45.2829032,-95.68264092,27151.0,1197.9279084826246,0.9009009009009008,110,104,1,0,103,99,9345,7,0,0,7,5
2020-09-19,US,Minnesota,Todd,473,2,0,46.06996226,-94.89785296,27153.0,1917.774894583198,0.4228329809725159,471,472,2,0,470,472,24582,1,0,0,1,0
2020-09-19,US,Minnesota,Traverse,29,0,0,45.77298854,-96.47062949,27155.0,889.8435102792267,0.0,29,29,0,0,29,29,3308,0,0,0,0,0
2020-09-19,US,Minnesota,Unassigned,187,52,0,0.0,0.0,90027.0,0.0,27.807486631016044,135,165,52,0,113,157,,22,0,0,22,8
2020-09-19,US,Minnesota,Wabasha,170,0,0,44.28424356,-92.23121312,27157.0,786.0544689508484,0.0,170,166,0,0,166,164,21645,4,0,0,4,2
2020-09-19,US,Minnesota,Wadena,62,0,0,46.58589171,-94.96968506,27159.0,453.1501242508405,0.0,62,61,0,0,61,61,13773,1,0,0,1,0
2020-09-19,US,Minnesota,Waseca,425,8,0,44.02211116,-93.58720034,27161.0,2283.473028153879,1.8823529411764703,417,422,8,0,414,411,18691,3,0,0,3,11
2020-09-19,US,Minnesota,Washington,3526,55,0,45.03864533,-92.88429635,27163.0,1343.5451912818166,1.559841179807147,3471,3492,55,0,3437,3459,259201,34,0,0,34,33
2020-09-19,US,Minnesota,Watonwan,498,4,0,43.97823903,-94.61413846,27165.0,4570.0651555474,0.8032128514056225,494,495,4,0,491,484,10980,3,0,0,3,11
2020-09-19,US,Minnesota,Wilkin,55,3,0,46.35721532,-96.4684375,27167.0,886.0963428387305,5.454545454545454,52,55,3,0,52,55,6254,0,0,0,0,0
2020-09-19,US,Minnesota,Winona,843,18,0,43.98772283,-91.78081305,27169.0,1669.8359876396482,2.1352313167259784,825,828,18,0,810,727,50825,15,0,0,15,101
2020-09-19,US,Minnesota,Wright,1508,7,0,45.17297924,-93.96234781,27171.0,1089.776480195408,0.4641909814323608,1501,1493,7,0,1486,1477,136349,15,0,0,15,16
2020-09-19,US,Minnesota,Yellow Medicine,148,2,0,44.71710183,-95.86842453,27173.0,1524.3588423112576,1.351351351351351,146,144,2,0,142,142,9795,4,0,0,4,2
2020-09-19,US,Mississippi,Adams,917,36,0,31.47669768,-91.35326037,28001.0,2987.6519076010827,3.9258451472191935,881,909,36,0,873,891,31192,8,0,0,8,18
2020-09-19,US,Mississippi,Alcorn,768,11,0,34.88084463,-88.57996173,28003.0,2078.3156983194867,1.4322916666666667,757,763,11,0,752,753,36925,5,0,0,5,10
2020-09-19,US,Mississippi,Amite,312,10,0,31.17467303,-90.80501621,28005.0,2537.204196145401,3.2051282051282053,302,311,10,0,301,307,12326,1,0,0,1,4
2020-09-19,US,Mississippi,Attala,641,25,0,33.08658803,-89.57838564,28007.0,3527.0166171453725,3.9001560062402496,616,640,25,0,615,636,18365,1,0,0,1,4
2020-09-19,US,Mississippi,Benton,218,1,0,34.81681228,-89.18945516,28009.0,2639.5447390725267,0.4587155963302753,217,218,1,0,217,215,8271,0,0,0,0,3
2020-09-19,US,Mississippi,Bolivar,1790,65,0,33.79696941,-90.87372121,28011.0,5844.325453833095,3.6312849162011163,1725,1775,65,0,1710,1774,31333,15,0,0,15,1
2020-09-19,US,Mississippi,Calhoun,506,12,0,33.93683395,-89.33686647,28013.0,3523.4315159111493,2.3715415019762847,494,506,12,0,494,506,14436,0,0,0,0,0
2020-09-19,US,Mississippi,Carroll,312,12,0,33.44834567,-89.91994479,28015.0,3136.624107771188,3.8461538461538463,300,310,12,0,298,308,9911,2,0,0,2,2
2020-09-19,US,Mississippi,Chickasaw,652,24,0,33.91983202,-88.9481545,28017.0,3812.1966906390694,3.6809815950920246,628,641,24,0,617,635,17171,11,0,0,11,6
2020-09-19,US,Mississippi,Choctaw,178,5,0,33.34598242,-89.24809382,28019.0,2168.0876979293544,2.808988764044944,173,177,5,0,172,177,8278,1,0,0,1,0
2020-09-19,US,Mississippi,Claiborne,451,16,0,31.97061673,-90.90702196,28021.0,5017.801513128616,3.547671840354768,435,451,16,0,435,449,9002,0,0,0,0,2
2020-09-19,US,Mississippi,Clarke,535,39,0,32.04158545,-88.68896219999998,28023.0,3442.5069171867963,7.289719626168225,496,531,38,0,493,525,15604,4,1,0,3,6
2020-09-19,US,Mississippi,Clay,571,17,0,33.65358105,-88.77784255,28025.0,2956.09857113274,2.9772329246935203,554,565,16,0,549,562,19386,6,1,0,5,3
2020-09-19,US,Mississippi,Coahoma,1123,27,0,34.22772299,-90.60415045,28027.0,5075.935635508949,2.404274265360641,1096,1112,27,0,1085,1109,22628,11,0,0,11,3
2020-09-19,US,Mississippi,Copiah,1159,33,0,31.86977774,-90.44565118,28029.0,4129.698913237128,2.8472821397756687,1126,1157,33,0,1124,1154,28543,2,0,0,2,3
2020-09-19,US,Mississippi,Covington,806,22,0,31.63225413,-89.55389939,28031.0,4324.962438291479,2.729528535980149,784,796,22,0,774,793,18853,10,0,0,10,3
2020-09-19,US,Mississippi,DeSoto,5393,55,0,34.87625235,-89.99091418,28033.0,2916.0020546649,1.0198405340255887,5338,5354,55,0,5299,5321,182001,39,0,0,39,33
2020-09-19,US,Mississippi,Forrest,2382,70,0,31.18961454,-89.25832496,28035.0,3180.3677049815087,2.9387069689336687,2312,2317,69,0,2248,2310,75036,65,1,0,64,7
2020-09-19,US,Mississippi,Franklin,189,3,0,31.47786634,-90.89672989,28037.0,2450.408401400233,1.5873015873015872,186,187,3,0,184,186,7788,2,0,0,2,1
2020-09-19,US,Mississippi,George,744,13,0,30.86259065,-88.64436789,28039.0,3036.7346938775513,1.7473118279569892,731,740,13,0,727,739,24250,4,0,0,4,1
2020-09-19,US,Mississippi,Greene,343,17,0,31.21444233,-88.63922281,28041.0,2524.6577359046078,4.956268221574344,326,338,17,0,321,335,13586,5,0,0,5,3
2020-09-19,US,Mississippi,Grenada,1053,35,0,33.77036166,-89.80245083,28043.0,5072.743038828404,3.3238366571699904,1018,1050,35,0,1015,1045,21055,3,0,0,3,5
2020-09-19,US,Mississippi,Hancock,561,21,0,30.41830223,-89.48851033,28045.0,1177.7796439368492,3.7433155080213902,540,557,20,0,537,554,47334,4,1,0,3,3
2020-09-19,US,Mississippi,Harrison,3727,72,0,30.51359752,-89.12467576,28047.0,1791.1380238369854,1.9318486718540384,3655,3707,71,0,3636,3687,206650,20,1,0,19,20
2020-09-19,US,Mississippi,Hinds,6956,155,0,32.2656285,-90.44435448,28049.0,3000.3450655624574,2.2282921219091434,6801,6931,154,0,6777,6903,237085,25,1,0,24,28
2020-09-19,US,Mississippi,Holmes,1091,58,0,33.12345854,-90.08923538,28051.0,6413.874191651969,5.316223648029331,1033,1085,58,0,1027,1084,17622,6,0,0,6,1
2020-09-19,US,Mississippi,Humphreys,373,15,0,33.12825718,-90.52252707,28053.0,4625.496031746032,4.021447721179625,358,372,15,0,357,369,8257,1,0,0,1,3
2020-09-19,US,Mississippi,Issaquena,103,3,0,32.72531359,-90.97392828,28055.0,7761.86887716654,2.9126213592233015,100,103,3,0,100,103,1308,0,0,0,0,0
2020-09-19,US,Mississippi,Itawamba,752,21,0,34.27993475,-88.3606733,28057.0,3215.049166310389,2.792553191489361,731,746,21,0,725,741,23517,6,0,0,6,5
2020-09-19,US,Mississippi,Jackson,3378,67,0,30.54020656,-88.64184064,28059.0,2352.089237346553,1.9834221432800476,3311,3358,67,0,3291,3343,143277,20,0,0,20,15
2020-09-19,US,Mississippi,Jasper,549,15,0,32.01922104,-89.11786866,28061.0,3351.0346090459625,2.7322404371584703,534,538,15,0,523,536,16428,11,0,0,11,2
2020-09-19,US,Mississippi,Jefferson,239,9,0,31.73397872,-91.03764977,28063.0,3419.170243204578,3.7656903765690375,230,237,9,0,228,235,7106,2,0,0,2,2
2020-09-19,US,Mississippi,Jefferson Davis,325,11,0,31.56884708,-89.82670990000004,28065.0,2920.5607476635514,3.3846153846153846,314,323,11,0,312,322,11234,2,0,0,2,1
2020-09-19,US,Mississippi,Jones,2399,78,0,31.62257767,-89.16896899999998,28067.0,3522.864107609621,3.2513547311379742,2321,2376,78,0,2298,2360,68461,23,0,0,23,16
2020-09-19,US,Mississippi,Kemper,286,15,0,32.75462946,-88.64105766,28069.0,2935.742147402997,5.244755244755245,271,286,15,0,271,285,10027,0,0,0,0,1
2020-09-19,US,Mississippi,Lafayette,2072,39,0,34.35687874,-89.48490961,28071.0,3835.6874433069847,1.882239382239382,2033,2050,39,0,2011,2030,54793,22,0,0,22,20
2020-09-19,US,Mississippi,Lamar,1621,34,0,31.20572971,-89.5077704,28073.0,2559.0830873182517,2.097470697100555,1587,1577,33,0,1544,1566,62447,44,1,0,43,11
2020-09-19,US,Mississippi,Lauderdale,1994,124,0,32.40419769,-88.66229662,28075.0,2690.0505902192244,6.218655967903711,1870,1990,124,0,1866,1984,75317,4,0,0,4,6
2020-09-19,US,Mississippi,Lawrence,425,12,0,31.55147224,-90.10841127,28077.0,3376.767837279517,2.8235294117647056,413,423,12,0,411,422,12455,2,0,0,2,1
2020-09-19,US,Mississippi,Leake,939,37,0,32.7536828,-89.52402044,28079.0,4120.951461423681,3.940362087326944,902,937,35,0,902,935,22763,2,2,0,0,2
2020-09-19,US,Mississippi,Lee,2585,67,0,34.291877500000005,-88.68149954,28081.0,3025.6566318647883,2.5918762088974856,2518,2561,66,0,2495,2540,85202,24,1,0,23,21
2020-09-19,US,Mississippi,Leflore,1362,80,0,33.55545125,-90.29900733,28083.0,4832.70056416989,5.873715124816448,1282,1353,80,0,1273,1343,28919,9,0,0,9,10
2020-09-19,US,Mississippi,Lincoln,1062,53,0,31.53288662,-90.45391915,28085.0,3109.5364975258394,4.990583804143126,1009,1049,53,0,996,1044,34205,13,0,0,13,5
2020-09-19,US,Mississippi,Lowndes,1398,57,0,33.47386518,-88.44191529999998,28087.0,2385.869101459169,4.07725321888412,1341,1389,57,0,1332,1384,58930,9,0,0,9,5
2020-09-19,US,Mississippi,Madison,3200,86,0,32.63389156,-90.03513564,28089.0,3011.141222523336,2.6875,3114,3190,86,0,3104,3180,105630,10,0,0,10,10
2020-09-19,US,Mississippi,Marion,841,33,0,31.23132643,-89.8209217,28091.0,3422.455540634029,3.923900118906064,808,836,33,0,803,836,24715,5,0,0,5,0
2020-09-19,US,Mississippi,Marshall,1075,15,0,34.76216286,-89.50299462,28093.0,3045.8434861449537,1.3953488372093024,1060,1071,15,0,1056,1067,35451,4,0,0,4,4
2020-09-19,US,Mississippi,Monroe,1183,65,0,33.89236763,-88.4808438,28095.0,3355.8379666401906,5.494505494505495,1118,1182,65,0,1117,1176,35564,1,0,0,1,6
2020-09-19,US,Mississippi,Montgomery,454,20,0,33.49419589,-89.61729103,28097.0,4644.501278772378,4.405286343612334,434,453,20,0,433,450,10023,1,0,0,1,3
2020-09-19,US,Mississippi,Neshoba,1534,103,0,32.75339664,-89.11726492,28099.0,5268.218971083179,6.714471968709256,1431,1529,103,0,1426,1524,29125,5,0,0,5,5
2020-09-19,US,Mississippi,Newton,756,23,0,32.40021118,-89.11843336,28101.0,3596.9169283471306,3.0423280423280423,733,750,22,0,728,747,21443,6,1,0,5,3
2020-09-19,US,Mississippi,Noxubee,543,15,0,33.11009499,-88.56949061,28103.0,5212.633195737736,2.7624309392265194,528,540,15,0,525,540,10535,3,0,0,3,0
2020-09-19,US,Mississippi,Oktibbeha,1747,50,0,33.42491685,-88.87905132,28105.0,3523.100812713009,2.862049227246709,1697,1741,49,0,1692,1737,49599,6,1,0,5,4
2020-09-19,US,Mississippi,Panola,1440,27,0,34.36398677,-89.95064249,28107.0,4211.511464670099,1.875,1413,1424,26,0,1398,1409,34178,16,1,0,15,15
2020-09-19,US,Mississippi,Pearl River,862,50,0,30.77090935,-89.58677275,28109.0,1552.1743044926623,5.8004640371229685,812,851,50,0,801,848,55387,11,0,0,11,3
2020-09-19,US,Mississippi,Perry,406,17,0,31.17161885,-88.99281835,28111.0,3390.963000083521,4.1871921182266005,389,394,17,0,377,390,11931,12,0,0,12,4
2020-09-19,US,Mississippi,Pike,1209,48,0,31.17507789,-90.40392572,28113.0,3077.275503970678,3.9702233250620353,1161,1204,48,0,1156,1201,39563,5,0,0,5,3
2020-09-19,US,Mississippi,Pontotoc,1225,16,0,34.226046000000004,-89.03636807,28115.0,3807.4221421023185,1.3061224489795915,1209,1212,16,0,1196,1204,31833,13,0,0,13,8
2020-09-19,US,Mississippi,Prentiss,808,17,0,34.61810501,-88.51986294,28117.0,3215.792406272388,2.103960396039604,791,803,17,0,786,786,25315,5,0,0,5,17
2020-09-19,US,Mississippi,Quitman,373,5,0,34.25157572,-90.28908,28119.0,5491.755005889281,1.3404825737265416,368,372,5,0,367,362,7051,1,0,0,1,10
2020-09-19,US,Mississippi,Rankin,3188,75,0,32.26469147,-89.94537876,28121.0,2053.1844323795167,2.3525721455457966,3113,3161,74,0,3087,3134,153902,27,1,0,26,27
2020-09-19,US,Mississippi,Scott,1161,25,0,32.406704100000006,-89.53789439,28123.0,4128.146778552126,2.1533161068044793,1136,1159,25,0,1134,1159,28287,2,0,0,2,0
2020-09-19,US,Mississippi,Sharkey,263,12,0,32.88149103,-90.81595379999999,28125.0,6086.554038417033,4.56273764258555,251,262,12,0,250,258,4377,1,0,0,1,4
2020-09-19,US,Mississippi,Simpson,1012,43,0,31.91282117,-89.91716179,28127.0,3796.233775977193,4.24901185770751,969,1007,42,0,965,1001,26758,5,1,0,4,6
2020-09-19,US,Mississippi,Smith,521,14,0,32.01744532,-89.50644846,28129.0,3273.435536566977,2.687140115163148,507,518,14,0,504,517,16002,3,0,0,3,1
2020-09-19,US,Mississippi,Stone,350,11,0,30.79187949,-89.11547539,28131.0,1908.8132635253053,3.1428571428571432,339,348,11,0,337,346,18717,2,0,0,2,2
2020-09-19,US,Mississippi,Sunflower,1411,44,0,33.60192578,-90.58882684,28133.0,5619.2751891676635,3.118355776045358,1367,1396,43,0,1353,1385,25735,15,1,0,14,11
2020-09-19,US,Mississippi,Tallahatchie,749,18,0,33.95339918,-90.1729398,28135.0,5423.99884133536,2.403204272363151,731,745,18,0,727,734,13987,4,0,0,4,11
2020-09-19,US,Mississippi,Tate,951,37,0,34.65133709,-89.94485778,28137.0,3357.9322764026692,3.8906414300736074,914,950,37,0,913,945,28759,1,0,0,1,5
2020-09-19,US,Mississippi,Tippah,642,16,0,34.76872156,-88.90988194,28139.0,2916.1935044287984,2.4922118380062304,626,637,16,0,621,635,21995,5,0,0,5,2
2020-09-19,US,Mississippi,Tishomingo,657,37,0,34.74023475,-88.23917219,28141.0,3389.5681783005725,5.631659056316591,620,653,36,0,617,650,19454,4,1,0,3,3
2020-09-19,US,Mississippi,Tunica,479,13,0,34.64967704,-90.37481167,28143.0,4973.006644518273,2.7139874739039667,466,476,13,0,463,472,9944,3,0,0,3,4
2020-09-19,US,Mississippi,Union,978,24,0,34.49162015,-89.00776006,28145.0,3394.065590838105,2.4539877300613497,954,977,24,0,953,965,28606,1,0,0,1,12
2020-09-19,US,Mississippi,Walthall,593,25,0,31.14971548,-90.10446654,28147.0,4150.916981660367,4.2158516020236085,568,590,25,0,565,589,14465,3,0,0,3,1
2020-09-19,US,Mississippi,Warren,1380,50,0,32.35810271,-90.83352619,28149.0,3040.920208897997,3.6231884057971016,1330,1372,50,0,1322,1366,46176,8,0,0,8,6
2020-09-19,US,Mississippi,Washington,2174,71,0,33.28392041,-90.94196237,28151.0,4951.1489671821255,3.265869365225391,2103,2163,71,0,2092,2156,45063,11,0,0,11,7
2020-09-19,US,Mississippi,Wayne,874,21,0,31.64135687,-88.69573913,28153.0,4330.377049992568,2.402745995423341,853,871,21,0,850,871,20298,3,0,0,3,0
2020-09-19,US,Mississippi,Webster,331,13,0,33.61300486,-89.28392912,28155.0,3416.245226545567,3.9274924471299095,318,328,13,0,315,328,9788,3,0,0,3,0
2020-09-19,US,Mississippi,Wilkinson,302,17,0,31.16078225,-91.31018819,28157.0,3499.4206257242176,5.629139072847681,285,301,17,0,284,301,8792,1,0,0,1,0
2020-09-19,US,Mississippi,Winston,723,19,0,33.08747908,-89.03391385,28159.0,4026.733500417711,2.627939142461964,704,720,19,0,701,719,18165,3,0,0,3,1
2020-09-19,US,Mississippi,Yalobusha,416,14,0,34.02824175,-89.70762049999998,28161.0,3435.744962008589,3.3653846153846154,402,415,14,0,401,413,12392,1,0,0,1,2
2020-09-19,US,Mississippi,Yazoo,1036,29,0,32.77890365,-90.39656148,28163.0,3489.3903671269786,2.7992277992277987,1007,1035,29,0,1006,1034,28248,1,0,0,1,1
2020-09-19,US,Missouri,Adair,318,0,0,40.19058551,-92.60078167,29001.0,1254.7843586000079,0.0,318,317,0,0,317,313,25339,1,0,0,1,4
2020-09-19,US,Missouri,Andrew,213,1,0,39.98492163,-94.80163024,29003.0,1202.5745257452575,0.4694835680751174,212,206,1,0,205,194,17607,7,0,0,7,12
2020-09-19,US,Missouri,Atchison,44,0,0,40.43238737,-95.42970639,29005.0,855.5317907835894,0.0,44,44,0,0,44,43,5171,0,0,0,0,1
2020-09-19,US,Missouri,Audrain,402,2,0,39.215877,-91.84242683,29007.0,1583.4252402709942,0.4975124378109453,400,398,2,0,396,386,25473,4,0,0,4,12
2020-09-19,US,Missouri,Barry,431,6,0,36.70978521,-93.82919888,29009.0,1204.2806448908882,1.3921113689095128,425,429,6,0,423,420,35886,2,0,0,2,9
2020-09-19,US,Missouri,Barton,165,0,0,37.50207671,-94.34757022,29011.0,1403.777437468096,0.0,165,162,0,0,162,161,11798,3,0,0,3,1
2020-09-19,US,Missouri,Bates,98,1,0,38.25271289,-94.34113157,29013.0,605.9856542171656,1.020408163265306,97,94,1,0,93,92,16320,4,0,0,4,2
2020-09-19,US,Missouri,Benton,239,2,0,38.29503305,-93.28756116,29015.0,1229.2341716813248,0.8368200836820083,237,226,2,0,224,200,19278,13,0,0,13,26
2020-09-19,US,Missouri,Bollinger,306,1,0,37.32449052,-90.02725304,29017.0,2522.047308992005,0.32679738562091504,305,295,1,0,294,287,12169,11,0,0,11,8
2020-09-19,US,Missouri,Boone,4365,6,0,38.99186229,-92.30723575,29019.0,2418.7783645401,0.13745704467353953,4359,4328,6,0,4322,4288,180005,37,0,0,37,40
2020-09-19,US,Missouri,Buchanan,1712,13,0,39.65816401,-94.80138942,29021.0,1959.617233643148,0.7593457943925234,1699,1664,13,0,1651,1623,88571,48,0,0,48,41
2020-09-19,US,Missouri,Butler,541,4,0,36.71462476,-90.40421163,29023.0,1273.6004519986816,0.7393715341959335,537,531,4,0,527,519,42639,10,0,0,10,12
2020-09-19,US,Missouri,Caldwell,76,1,0,39.65620858,-93.98308093,29025.0,842.5720620842573,1.3157894736842106,75,69,1,0,68,66,9108,7,0,0,7,3
2020-09-19,US,Missouri,Callaway,569,2,0,38.83674754,-91.92186505,29027.0,1271.7073061707974,0.351493848857645,567,562,2,0,560,553,44889,7,0,0,7,9
2020-09-19,US,Missouri,Camden,780,10,0,38.02199522,-92.76083747,29029.0,1684.4833171363784,1.2820512820512822,770,767,10,0,757,747,45815,13,0,0,13,20
2020-09-19,US,Missouri,Cape Girardeau,1461,10,0,37.38489388,-89.6843587,29031.0,1852.3918804123184,0.6844626967830253,1451,1431,9,0,1422,1413,78753,30,1,0,29,18
2020-09-19,US,Missouri,Carroll,133,1,0,39.42762566,-93.50626255,29033.0,1532.4346122825214,0.7518796992481203,132,132,1,0,131,131,8743,1,0,0,1,1
2020-09-19,US,Missouri,Carter,71,1,0,36.94160441,-90.96051322,29035.0,1186.8940153794715,1.4084507042253518,70,65,1,0,64,59,6054,6,0,0,6,6
2020-09-19,US,Missouri,Cass,1380,17,0,38.64789422,-94.353399,29037.0,1304.5944412932504,1.2318840579710144,1363,1360,17,0,1343,1333,104954,20,0,0,20,27
2020-09-19,US,Missouri,Cedar,87,0,0,37.72391475,-93.85445441,29039.0,606.3140288521847,0.0,87,81,0,0,81,77,14165,6,0,0,6,4
2020-09-19,US,Missouri,Chariton,44,0,0,39.51499357,-92.9629191,29041.0,592.5127928898465,0.0,44,43,0,0,43,42,7451,1,0,0,1,1
2020-09-19,US,Missouri,Christian,1204,3,0,36.9711783,-93.18537118,29043.0,1358.9931711721879,0.24916943521594684,1201,1178,3,0,1175,1132,86983,26,0,0,26,46
2020-09-19,US,Missouri,Clark,59,0,0,40.41040752,-91.73661677,29045.0,868.0300132411357,0.0,59,59,0,0,59,59,6842,0,0,0,0,0
2020-09-19,US,Missouri,Clay,1714,40,0,39.31132056,-94.41850862,29047.0,685.7426344679693,2.3337222870478413,1674,1700,40,0,1660,1672,246365,14,0,0,14,28
2020-09-19,US,Missouri,Clinton,197,0,0,39.6013098,-94.40465394,29049.0,966.3020552312747,0.0,197,193,0,0,193,190,20470,4,0,0,4,3
2020-09-19,US,Missouri,Cole,1354,7,0,38.50455671,-92.27860244,29051.0,1764.2843181966255,0.51698670605613,1347,1328,7,0,1321,1289,76796,26,0,0,26,39
2020-09-19,US,Missouri,Cooper,373,2,0,38.844478,-92.80896081,29053.0,2106.273646168615,0.5361930294906166,371,368,2,0,366,362,17603,5,0,0,5,6
2020-09-19,US,Missouri,Crawford,345,2,0,37.97663738,-91.30528104,29055.0,1442.3076923076926,0.5797101449275363,343,339,2,0,337,330,23957,6,0,0,6,9
2020-09-19,US,Missouri,Dade,47,0,0,37.431814,-93.8503345,29057.0,621.6108980293612,0.0,47,46,0,0,46,44,7569,1,0,0,1,2
2020-09-19,US,Missouri,Dallas,167,1,0,37.681135499999996,-93.02127031,29059.0,989.453726744875,0.5988023952095808,166,167,1,0,166,164,16762,0,0,0,0,3
2020-09-19,US,Missouri,Daviess,83,0,0,39.96145298,-93.98519678,29061.0,1002.6576467745833,0.0,83,76,0,0,76,73,8313,7,0,0,7,3
2020-09-19,US,Missouri,DeKalb,111,2,0,39.89201062,-94.40476508,29063.0,884.6736271618712,1.8018018018018016,109,109,2,0,107,104,12630,2,0,0,2,5
2020-09-19,US,Missouri,Dent,120,0,0,37.60663134,-91.50790473,29065.0,770.5644384511653,0.0,120,116,0,0,116,106,15441,4,0,0,4,10
2020-09-19,US,Missouri,Douglas,162,3,0,36.9325593,-92.49905109,29067.0,1228.6689419795225,1.851851851851852,159,155,3,0,152,149,13373,7,0,0,7,6
2020-09-19,US,Missouri,Dunklin,730,6,0,36.27167174,-90.09122243,29069.0,2505.921526895747,0.821917808219178,724,709,6,0,703,693,29423,21,0,0,21,16
2020-09-19,US,Missouri,Franklin,1496,26,0,38.41127108,-91.07522826,29071.0,1438.9181182490595,1.7379679144385027,1470,1461,26,0,1435,1426,103670,35,0,0,35,35
2020-09-19,US,Missouri,Gasconade,154,15,0,38.43947277,-91.50847147,29073.0,1047.1916224670204,9.74025974025974,139,152,15,0,137,148,14705,2,0,0,2,4
2020-09-19,US,Missouri,Gentry,116,9,0,40.21097916,-94.40944419,29075.0,1765.332521686197,7.758620689655173,107,116,9,0,107,110,6628,0,0,0,0,6
2020-09-19,US,Missouri,Greene,5286,19,0,37.2575872,-93.34230916,29077.0,1803.5661887637075,0.3594400302686341,5267,5197,19,0,5178,5068,291923,89,0,0,89,129
2020-09-19,US,Missouri,Grundy,163,2,0,40.11406587,-93.56509276,29079.0,1654.8223350253809,1.2269938650306749,161,164,2,0,162,158,9914,-1,0,0,-1,6
2020-09-19,US,Missouri,Harrison,100,1,0,40.35570088,-93.99222144,29081.0,1197.3180076628353,1.0,99,99,1,0,98,99,8414,1,0,0,1,0
2020-09-19,US,Missouri,Henry,161,4,0,38.38482826,-93.79293734,29083.0,737.7199413489737,2.4844720496894412,157,155,4,0,151,151,21792,6,0,0,6,4
2020-09-19,US,Missouri,Hickory,86,2,0,37.94163617,-93.3203037,29085.0,901.089689857502,2.3255813953488373,84,85,2,0,83,78,9509,1,0,0,1,7
2020-09-19,US,Missouri,Holt,75,0,0,40.09799248,-95.21638879999999,29087.0,1703.384056325233,0.0,75,73,0,0,73,72,4404,2,0,0,2,1
2020-09-19,US,Missouri,Howard,162,2,0,39.1435761,-92.69756691,29089.0,1619.8380161983805,1.2345679012345678,160,163,2,0,161,161,10137,-1,0,0,-1,2
2020-09-19,US,Missouri,Howell,498,3,0,36.77383887,-91.88683935,29091.0,1241.3689956876135,0.6024096385542169,495,484,3,0,481,467,40076,14,0,0,14,17
2020-09-19,US,Missouri,Iron,47,0,0,37.55487945,-90.7735296,29093.0,464.19753086419746,0.0,47,47,0,0,47,47,10177,0,0,0,0,0
2020-09-19,US,Missouri,Jackson,6987,92,0,39.01002188,-94.34724536,29095.0,993.8678057669084,1.31673107199084,6895,6912,92,0,6820,6796,700307,75,0,0,75,116
2020-09-19,US,Missouri,Jasper,3492,43,0,37.20351921,-94.34050458,29097.0,2878.1484900435184,1.2313860252004585,3449,3432,43,0,3389,3348,120636,60,0,0,60,84
2020-09-19,US,Missouri,Jefferson,3783,50,0,38.25926778,-90.53870896,29099.0,1680.7282711557173,1.3217023526301876,3733,3740,50,0,3690,3659,224347,43,0,0,43,81
2020-09-19,US,Missouri,Johnson,975,4,0,38.74719601,-93.80691168,29101.0,1803.4848877215047,0.41025641025641024,971,969,4,0,965,966,53652,6,0,0,6,3
2020-09-19,US,Missouri,Kansas City,10470,103,0,39.0997,-94.5786,0.0,2141.35390014787,0.9837631327602674,10367,10374,101,0,10273,10271,491918,96,2,0,94,103
2020-09-19,US,Missouri,Knox,48,1,0,40.12699751,-92.14780832,29103.0,1212.4273806516796,2.083333333333333,47,47,1,0,46,46,3947,1,0,0,1,1
2020-09-19,US,Missouri,Laclede,498,3,0,37.65896829,-92.5888493,29105.0,1394.059849396747,0.6024096385542169,495,489,3,0,486,472,35713,9,0,0,9,17
2020-09-19,US,Missouri,Lafayette,408,2,0,39.06986886,-93.78076396,29107.0,1247.4012474012475,0.4901960784313725,406,377,2,0,375,368,32598,31,0,0,31,9
2020-09-19,US,Missouri,Lawrence,507,2,0,37.10626634,-93.83293097,29109.0,1321.861556511537,0.3944773175542407,505,494,2,0,492,475,38359,13,0,0,13,19
2020-09-19,US,Missouri,Lewis,71,2,0,40.09673161,-91.72070156,29111.0,726.2684124386252,2.8169014084507036,69,71,2,0,69,71,9855,0,0,0,0,0
2020-09-19,US,Missouri,Lincoln,704,3,0,39.05345619,-90.95588181,29113.0,1192.9574839442155,0.4261363636363637,701,700,3,0,697,694,57686,4,0,0,4,6
2020-09-19,US,Missouri,Linn,59,1,0,39.87001769,-93.10704106,29115.0,494.9664429530201,1.6949152542372878,58,59,1,0,58,58,12037,0,0,0,0,1
2020-09-19,US,Missouri,Livingston,377,1,0,39.78110272,-93.54645978,29117.0,2475.865239377422,0.26525198938992045,376,375,1,0,374,367,15146,2,0,0,2,8
2020-09-19,US,Missouri,Macon,139,0,0,39.83049768,-92.56453089,29121.0,919.4946087186612,0.0,139,130,0,0,130,119,15153,9,0,0,9,11
2020-09-19,US,Missouri,Madison,269,0,0,37.47865134,-90.34671429999999,29123.0,2225.347452018531,0.0,269,263,0,0,263,255,12188,6,0,0,6,8
2020-09-19,US,Missouri,Maries,67,0,0,38.16193985,-91.92249662,29125.0,770.3805910083937,0.0,67,67,0,0,67,66,8769,0,0,0,0,1
2020-09-19,US,Missouri,Marion,626,14,0,39.80601912,-91.62203062,29127.0,2194.1815632667367,2.236421725239617,612,625,11,0,614,620,28592,1,3,0,-2,5
2020-09-19,US,Missouri,McDonald,1042,11,0,36.62869595,-94.34867205,29119.0,4562.770941892542,1.055662188099808,1031,1036,11,0,1025,1031,23078,6,0,0,6,5
2020-09-19,US,Missouri,Mercer,28,0,0,40.42212303,-93.56829590000001,29129.0,774.1222007188278,0.0,28,28,0,0,28,28,3641,0,0,0,0,0
2020-09-19,US,Missouri,Miller,429,1,0,38.21450288,-92.42610898,29131.0,1674.5384285100906,0.2331002331002331,428,420,1,0,419,405,25336,9,0,0,9,15
2020-09-19,US,Missouri,Mississippi,282,3,0,36.82516239,-89.29505753,29133.0,2139.6054628224583,1.0638297872340423,279,281,3,0,278,277,13336,1,0,0,1,4
2020-09-19,US,Missouri,Moniteau,275,4,0,38.63571781,-92.57976951,29135.0,1704.6863377138607,1.4545454545454546,271,271,4,0,267,258,16121,4,0,0,4,13
2020-09-19,US,Missouri,Monroe,86,0,0,39.49593978,-92.00043978,29137.0,994.9097639981493,0.0,86,85,0,0,85,84,8664,1,0,0,1,1
2020-09-19,US,Missouri,Montgomery,78,1,0,38.94022054,-91.47000721,29139.0,675.2662107176868,1.2820512820512822,77,75,1,0,74,75,11534,3,0,0,3,0
2020-09-19,US,Missouri,Morgan,280,1,0,38.4181765,-92.88791859,29141.0,1357.4441266301449,0.35714285714285715,279,256,1,0,255,235,20358,24,0,0,24,21
2020-09-19,US,Missouri,New Madrid,503,14,0,36.59666326,-89.66070007,29143.0,2945.654720074959,2.7833001988071566,489,495,14,0,481,493,17296,8,0,0,8,2
2020-09-19,US,Missouri,Newton,1324,14,0,36.90519407,-94.3394104,29145.0,2273.5077958651004,1.0574018126888218,1310,1305,14,0,1291,1274,58266,19,0,0,19,31
2020-09-19,US,Missouri,Nodaway,713,9,0,40.36079813,-94.88133008,29147.0,3227.412638059026,1.262272089761571,704,707,8,0,699,698,22304,6,1,0,5,9
2020-09-19,US,Missouri,Oregon,99,0,0,36.68710164,-91.4033755,29149.0,940.2602336404216,0.0,99,93,0,0,93,88,10541,6,0,0,6,5
2020-09-19,US,Missouri,Osage,125,1,0,38.46036182,-91.8613635,29151.0,918.1050312155713,0.8,124,122,1,0,121,119,13714,3,0,0,3,3
2020-09-19,US,Missouri,Ozark,110,0,0,36.64916339,-92.44459066,29153.0,1199.0407673860914,0.0,110,105,0,0,105,99,9017,5,0,0,5,6
2020-09-19,US,Missouri,Pemiscot,463,9,0,36.2130572,-89.78742322,29155.0,2929.452704840241,1.9438444924406049,454,455,9,0,446,443,16272,8,0,0,8,12
2020-09-19,US,Missouri,Perry,570,4,0,37.70660776,-89.82741088,29157.0,2978.678929765886,0.7017543859649122,566,558,4,0,554,554,19150,12,0,0,12,4
2020-09-19,US,Missouri,Pettis,992,8,0,38.72798918,-93.28471706,29159.0,2342.993457568672,0.8064516129032258,984,974,8,0,966,927,42542,18,0,0,18,47
2020-09-19,US,Missouri,Phelps,401,1,0,37.87736118,-91.79351727,29161.0,899.6477688286632,0.2493765586034913,400,384,1,0,383,376,44732,17,0,0,17,8
2020-09-19,US,Missouri,Pike,225,3,0,39.34310674,-91.16980779,29163.0,1229.3738389247076,1.3333333333333333,222,219,3,0,216,215,18504,6,0,0,6,4
2020-09-19,US,Missouri,Platte,625,10,0,39.38154439,-94.77068479,29165.0,598.5558045547702,1.6,615,619,10,0,609,592,102985,6,0,0,6,27
2020-09-19,US,Missouri,Polk,463,2,0,37.616229600000004,-93.39828174,29167.0,1440.1692121061308,0.4319654427645788,461,446,1,0,445,434,32201,17,1,0,16,12
2020-09-19,US,Missouri,Pulaski,537,5,0,37.82462075,-92.20783203,29169.0,1020.7767027201704,0.931098696461825,532,530,5,0,525,509,52014,7,0,0,7,21
2020-09-19,US,Missouri,Putnam,31,1,0,40.47942497,-93.02042674,29171.0,660.1362862010221,3.2258064516129035,30,30,1,0,29,30,4757,1,0,0,1,0
2020-09-19,US,Missouri,Ralls,139,0,0,39.52817427,-91.51838643,29173.0,1348.3364050829373,0.0,139,138,0,0,138,138,10212,1,0,0,1,0
2020-09-19,US,Missouri,Randolph,207,2,0,39.44007257,-92.49713740000001,29175.0,836.4312267657992,0.966183574879227,205,201,2,0,199,196,24763,6,0,0,6,5
2020-09-19,US,Missouri,Ray,157,0,0,39.353746799999996,-93.98905745,29177.0,682.0748979059866,0.0,157,156,0,0,156,153,22883,1,0,0,1,3
2020-09-19,US,Missouri,Reynolds,30,0,0,37.36085952,-90.97009925,29179.0,478.4688995215312,0.0,30,31,0,0,31,28,6254,-1,0,0,-1,3
2020-09-19,US,Missouri,Ripley,138,0,0,36.65460667,-90.85990261,29181.0,1038.5310054184226,0.0,138,136,0,0,136,133,13401,2,0,0,2,3
2020-09-19,US,Missouri,Saline,660,9,0,39.13734288,-93.20259964,29195.0,2899.6968498747856,1.3636363636363635,651,643,9,0,634,635,22895,17,0,0,17,8
2020-09-19,US,Missouri,Schuyler,22,0,0,40.46921489,-92.52311943,29197.0,472.1030042918455,0.0,22,23,0,0,23,22,4599,-1,0,0,-1,1
2020-09-19,US,Missouri,Scotland,28,1,0,40.45214695,-92.14709064,29199.0,571.1954304365564,3.571428571428572,27,27,1,0,26,26,4966,1,0,0,1,1
2020-09-19,US,Missouri,Scott,802,16,0,37.05588075,-89.56474493,29201.0,2095.0888192267503,1.9950124688279305,786,797,16,0,781,788,38458,5,0,0,5,9
2020-09-19,US,Missouri,Shannon,81,1,0,37.15772072,-91.40190382,29203.0,991.9177075679647,1.2345679012345678,80,75,1,0,74,73,8189,6,0,0,6,2
2020-09-19,US,Missouri,Shelby,59,1,0,39.79742518,-92.07634971,29205.0,994.9409780775716,1.6949152542372878,58,56,1,0,55,57,6050,3,0,0,3,-1
2020-09-19,US,Missouri,St. Charles,7066,108,0,38.77875681,-90.66662425,29183.0,1757.6152548865484,1.5284460798188508,6958,7019,108,0,6911,6940,399182,47,0,0,47,79
2020-09-19,US,Missouri,St. Clair,41,0,0,38.03699437,-93.77631447,29185.0,436.3094604661062,0.0,41,39,0,0,39,36,9395,2,0,0,2,3
2020-09-19,US,Missouri,St. Francois,1895,8,0,37.81214171,-90.47598685,29187.0,2819.311165662427,0.4221635883905013,1887,1868,8,0,1860,1847,66692,27,0,0,27,21
2020-09-19,US,Missouri,St. Louis,22729,782,0,38.63770039999999,-90.4458375,29189.0,2286.14822898698,3.4405385190725504,21947,22556,780,0,21776,22386,996945,173,2,0,171,170
2020-09-19,US,Missouri,St. Louis City,6797,195,0,38.63555736,-90.24349225,29510.0,2261.324922814862,2.8689127556274827,6602,6750,195,0,6555,6722,302838,47,0,0,47,28
2020-09-19,US,Missouri,Ste. Genevieve,175,1,0,37.89090059,-90.1949941,29186.0,977.9814462948474,0.5714285714285714,174,169,1,0,168,165,17888,6,0,0,6,4
2020-09-19,US,Missouri,Stoddard,439,9,0,36.85571651,-89.9444155,29207.0,1512.489233419466,2.050113895216401,430,434,9,0,425,418,29206,5,0,0,5,16
2020-09-19,US,Missouri,Stone,387,4,0,36.75000327,-93.45256475,29209.0,1211.1917876815226,1.0335917312661498,383,383,4,0,379,375,31749,4,0,0,4,8
2020-09-19,US,Missouri,Sullivan,185,0,0,40.2099105,-93.11150106,29211.0,3038.265725078009,0.0,185,184,0,0,184,184,6221,1,0,0,1,0
2020-09-19,US,Missouri,Taney,1116,28,0,36.65465345,-93.04075153,29213.0,1995.4226863109714,2.508960573476702,1088,1102,24,0,1078,1091,55852,14,4,0,10,11
2020-09-19,US,Missouri,Texas,270,2,0,37.31728859,-91.96564727,29215.0,1063.0758327427357,0.7407407407407407,268,261,2,0,259,231,25571,9,0,0,9,30
2020-09-19,US,Missouri,Vernon,151,1,0,37.8457799,-94.34127305,29217.0,734.3286485435002,0.6622516556291391,150,147,1,0,146,141,20528,4,0,0,4,6
2020-09-19,US,Missouri,Warren,437,0,0,38.76529479,-91.16124662,29219.0,1225.8408370501277,0.0,437,429,0,0,429,424,34711,8,0,0,8,5
2020-09-19,US,Missouri,Washington,329,5,0,37.96130078,-90.87948158,29221.0,1330.3679741205015,1.5197568389057752,324,319,4,0,315,314,24943,10,1,0,9,5
2020-09-19,US,Missouri,Wayne,168,0,0,37.11303869,-90.46001416,29223.0,1305.0570962479608,0.0,168,165,0,0,165,157,13122,3,0,0,3,8
2020-09-19,US,Missouri,Webster,500,2,0,37.2813734,-92.876329,29225.0,1262.8813901798344,0.4,498,486,2,0,484,468,39109,14,0,0,14,18
2020-09-19,US,Missouri,Worth,19,0,0,40.47945588,-94.42328751,29227.0,943.8648782911076,0.0,19,18,0,0,18,18,2040,1,0,0,1,0
2020-09-19,US,Missouri,Wright,231,0,0,37.27029221,-92.46914488,29229.0,1263.0542949313794,0.0,231,217,0,0,217,197,18378,14,0,0,14,20
2020-09-19,US,Montana,Beaverhead,76,1,0,45.13434354,-112.89846940000001,30001.0,803.977573257167,1.3157894736842106,75,76,1,0,75,76,9404,0,0,0,0,0
2020-09-19,US,Montana,Big Horn,832,21,0,45.42335905,-107.492347,30003.0,6246.715218860275,2.5240384615384617,811,823,21,0,802,814,13338,9,0,0,9,9
2020-09-19,US,Montana,Blaine,16,0,0,48.43175214,-108.9582723,30005.0,239.4851070199072,0.0,16,16,0,0,16,15,6807,0,0,0,0,1
2020-09-19,US,Montana,Broadwater,17,0,0,46.33277565,-111.49558130000001,30007.0,272.5669392336059,0.0,17,17,0,0,17,17,6085,0,0,0,0,0
2020-09-19,US,Montana,Carbon,107,0,0,45.22850116,-109.0274047,30009.0,997.6689976689977,0.0,107,106,0,0,106,106,10714,1,0,0,1,0
2020-09-19,US,Montana,Cascade,522,5,0,47.30797024,-111.3467922,30013.0,641.5456087309195,0.9578544061302682,517,500,5,0,495,483,81643,22,0,0,22,17
2020-09-19,US,Montana,Chouteau,18,0,0,47.88084126,-110.4353362,30015.0,319.43212067435667,0.0,18,18,0,0,18,18,5745,0,0,0,0,0
2020-09-19,US,Montana,Custer,101,2,0,46.25319932,-105.57375259999998,30017.0,885.8095071040167,1.98019801980198,99,92,2,0,90,91,11586,9,0,0,9,1
2020-09-19,US,Montana,Daniels,3,0,0,48.78420029,-105.54763429999998,30019.0,177.5147928994083,0.0,3,3,0,0,3,3,1747,0,0,0,0,0
2020-09-19,US,Montana,Dawson,67,1,0,47.26584855,-104.89444170000002,30021.0,777.8938813421573,1.492537313432836,66,67,1,0,66,67,8680,0,0,0,0,0
2020-09-19,US,Montana,Deer Lodge,113,0,0,46.05953325,-113.073353,30023.0,1236.3238512035014,0.0,113,88,0,0,88,88,9131,25,0,0,25,0
2020-09-19,US,Montana,Fallon,5,0,0,46.33478338,-104.41835649999999,30025.0,175.68517217146874,0.0,5,5,0,0,5,4,2920,0,0,0,0,1
2020-09-19,US,Montana,Fergus,54,1,0,47.26331584,-109.2245206,30027.0,488.6877828054298,1.851851851851852,53,53,1,0,52,53,11113,1,0,0,1,0
2020-09-19,US,Montana,Flathead,826,16,0,48.29575866,-114.05205690000001,30029.0,795.715083906518,1.937046004842615,810,782,13,0,769,740,102106,44,3,0,41,42
2020-09-19,US,Montana,Gallatin,1200,4,0,45.54486106,-111.1692571,30031.0,1048.6393903909675,0.3333333333333333,1196,1185,4,0,1181,1179,111876,15,0,0,15,6
2020-09-19,US,Montana,Garfield,16,0,0,47.27545948,-107.0002351,30033.0,1271.8600953895073,0.0,16,16,0,0,16,16,1268,0,0,0,0,0
2020-09-19,US,Montana,Glacier,176,1,0,48.70513576,-112.9934235,30035.0,1279.7207881916672,0.5681818181818182,175,175,1,0,174,171,13747,1,0,0,1,4
2020-09-19,US,Montana,Golden Valley,3,0,0,46.3816474,-109.17685220000001,30037.0,365.4080389768576,0.0,3,3,0,0,3,3,826,0,0,0,0,0
2020-09-19,US,Montana,Granite,22,0,0,46.40605220000001,-113.4414186,30039.0,651.0802012429713,0.0,22,22,0,0,22,22,3378,0,0,0,0,0
2020-09-19,US,Montana,Hill,131,3,0,48.62879827,-110.1129252,30041.0,794.7100218393592,2.2900763358778624,128,129,3,0,126,124,16347,2,0,0,2,5
2020-09-19,US,Montana,Jefferson,55,0,0,46.14907081,-112.094396,30043.0,450.04500450045,0.0,55,52,0,0,52,48,12097,3,0,0,3,4
2020-09-19,US,Montana,Judith Basin,6,0,0,47.04581276,-110.26606880000001,30045.0,298.95366218236165,0.0,6,6,0,0,6,6,1952,0,0,0,0,0
2020-09-19,US,Montana,Lake,251,1,0,47.64514965,-114.0898013,30047.0,824.0856261080831,0.398406374501992,250,254,1,0,253,252,30250,-3,0,0,-3,2
2020-09-19,US,Montana,Lewis and Clark,222,3,0,47.12610041,-112.39469799999999,30049.0,319.7372969236087,1.351351351351351,219,221,3,0,218,216,68700,1,0,0,1,5
2020-09-19,US,Montana,Liberty,16,0,0,48.56084317,-111.02430700000001,30051.0,684.6384253316218,0.0,16,16,0,0,16,15,2430,0,0,0,0,1
2020-09-19,US,Montana,Lincoln,105,3,0,48.54265777,-115.4046155,30053.0,525.5255255255255,2.8571428571428568,102,104,3,0,101,105,19794,1,0,0,1,-1
2020-09-19,US,Montana,Madison,97,1,0,45.30080065,-111.9173017,30057.0,1127.9069767441858,1.0309278350515465,96,97,1,0,96,97,8768,0,0,0,0,0
2020-09-19,US,Montana,McCone,19,0,0,47.64469406,-105.79449939999999,30055.0,1141.826923076923,0.0,19,19,0,0,19,19,1675,0,0,0,0,0
2020-09-19,US,Montana,Meagher,24,1,0,46.59907074,-110.8898557,30059.0,1288.936627282492,4.166666666666667,23,24,1,0,23,23,1866,0,0,0,0,1
2020-09-19,US,Montana,Mineral,2,0,0,47.15283992,-115.00152390000001,30061.0,45.48555833522857,0.0,2,2,0,0,2,2,4316,0,0,0,0,0
2020-09-19,US,Montana,Missoula,571,3,0,47.03728583,-113.92135079999998,30063.0,477.4247491638796,0.5253940455341506,568,553,3,0,550,514,118791,18,0,0,18,39
2020-09-19,US,Montana,Musselshell,32,1,0,46.49684637,-108.39498,30065.0,690.6971724584503,3.125,31,32,1,0,31,31,4651,0,0,0,0,1
2020-09-19,US,Montana,Park,86,0,0,45.48965095,-110.52643940000002,30067.0,517.8851017704444,0.0,86,86,0,0,86,86,16736,0,0,0,0,0
2020-09-19,US,Montana,Phillips,117,0,0,48.25936577,-107.9128511,30071.0,2959.028831562974,0.0,117,117,0,0,117,116,4074,0,0,0,0,1
2020-09-19,US,Montana,Pondera,21,0,0,48.22773388,-112.22527029999999,30073.0,355.2698358991709,0.0,21,20,0,0,20,20,5972,1,0,0,1,0
2020-09-19,US,Montana,Powder River,3,0,0,45.39617714,-105.636738,30075.0,178.359096313912,0.0,3,3,0,0,3,2,1716,0,0,0,0,1
2020-09-19,US,Montana,Powell,10,0,0,46.85538891,-112.93591640000001,30077.0,145.1378809869376,0.0,10,10,0,0,10,10,6968,0,0,0,0,0
2020-09-19,US,Montana,Prairie,1,0,0,46.86048047,-105.379384,30079.0,92.85051067780873,0.0,1,1,0,0,1,1,1087,0,0,0,0,0
2020-09-19,US,Montana,Ravalli,126,2,0,46.08520862,-114.11891640000002,30081.0,287.6318312559923,1.5873015873015872,124,122,2,0,120,120,43172,4,0,0,4,2
2020-09-19,US,Montana,Richland,73,2,0,47.78668011,-104.5610786,30083.0,675.7382208645747,2.7397260273972597,71,71,2,0,69,71,10913,2,0,0,2,0
2020-09-19,US,Montana,Roosevelt,147,1,0,48.29607488,-105.00792679999999,30085.0,1335.8778625954199,0.6802721088435374,146,126,1,0,125,101,11059,21,0,0,21,25
2020-09-19,US,Montana,Rosebud,558,17,0,46.23397237,-106.72928799999998,30087.0,6243.705941591138,3.046594982078853,541,554,10,0,544,538,9063,4,7,0,-3,16
2020-09-19,US,Montana,Sanders,44,1,0,47.67657534,-115.1329916,30089.0,363.2460992322298,2.272727272727273,43,44,1,0,43,43,11844,0,0,0,0,1
2020-09-19,US,Montana,Sheridan,9,0,0,48.72085833,-104.50382900000001,30091.0,271.98549410698104,0.0,9,7,0,0,7,7,3424,2,0,0,2,0
2020-09-19,US,Montana,Silver Bow,209,0,0,45.90018933,-112.6620092,30093.0,598.5965917227553,0.0,209,197,0,0,197,194,34993,12,0,0,12,3
2020-09-19,US,Montana,Stillwater,51,2,0,45.67071407,-109.3950061,30095.0,528.9359054138146,3.92156862745098,49,51,2,0,49,49,9534,0,0,0,0,2
2020-09-19,US,Montana,Sweet Grass,37,1,0,45.81367654,-109.9425686,30097.0,990.0990099009905,2.702702702702702,36,37,1,0,36,37,3710,0,0,0,0,0
2020-09-19,US,Montana,Teton,20,0,0,47.83741052,-112.24106880000001,30099.0,325.36196518626974,0.0,20,20,0,0,20,20,6162,0,0,0,0,0
2020-09-19,US,Montana,Toole,70,6,0,48.65577551,-111.69424140000001,30101.0,1478.0405405405404,8.571428571428571,64,69,6,0,63,66,4853,1,0,0,1,3
2020-09-19,US,Montana,Treasure,3,0,0,46.20973220000001,-107.26665159999999,30103.0,431.0344827586207,0.0,3,3,0,0,3,3,679,0,0,0,0,0
2020-09-19,US,Montana,Valley,58,0,0,48.36435097,-106.6669635,30105.0,784.2076798269335,0.0,58,53,0,0,53,52,7437,5,0,0,5,1
2020-09-19,US,Montana,Wheatland,9,0,0,46.46652491,-109.84646359999999,30107.0,423.3301975540922,0.0,9,8,0,0,8,8,2236,1,0,0,1,0
2020-09-19,US,Montana,Wibaux,9,0,0,46.95925154,-104.2510927,30109.0,928.7925696594427,0.0,9,8,0,0,8,8,1034,1,0,0,1,0
2020-09-19,US,Montana,Yellowstone,2797,56,0,45.93955949,-108.26914860000001,30111.0,1734.0359578425293,2.0021451555237757,2741,2708,56,0,2652,2677,160137,89,0,0,89,31
2020-09-19,US,Nebraska,Adams,506,12,0,40.52449420000001,-98.50117804,31001.0,1613.3660682970374,2.3715415019762847,494,499,12,0,487,491,31511,7,0,0,7,8
2020-09-19,US,Nebraska,Antelope,53,1,0,42.17695516,-98.06662829999999,31003.0,841.5369958717054,1.8867924528301887,52,48,1,0,47,46,6336,5,0,0,5,2
2020-09-19,US,Nebraska,Arthur,1,0,0,41.56896142,-101.6959559,31005.0,215.98272138228938,0.0,1,1,0,0,1,1,465,0,0,0,0,0
2020-09-19,US,Nebraska,Banner,2,0,0,41.54634427,-103.7114332,31007.0,268.4563758389262,0.0,2,2,0,0,2,2,730,0,0,0,0,0
2020-09-19,US,Nebraska,Boone,63,0,0,41.70759415,-98.06737183,31011.0,1213.4052388289674,0.0,63,60,0,0,60,57,5239,3,0,0,3,3
2020-09-19,US,Nebraska,Box Butte,53,0,0,42.22079243,-103.08788340000001,31013.0,491.51442084763045,0.0,53,52,0,0,52,51,10772,1,0,0,1,1
2020-09-19,US,Nebraska,Boyd,17,0,0,42.899727399999996,-98.76486568,31015.0,885.8780614903595,0.0,17,17,0,0,17,12,1955,0,0,0,0,5
2020-09-19,US,Nebraska,Brown,17,0,0,42.43018907,-99.92904055,31017.0,575.2961082910323,0.0,17,16,0,0,16,16,2973,1,0,0,1,0
2020-09-19,US,Nebraska,Buffalo,953,4,0,40.85486962,-99.07500296,31019.0,1919.0881813971287,0.4197271773347324,949,940,4,0,936,910,49615,13,0,0,13,30
2020-09-19,US,Nebraska,Burt,75,0,0,41.85056773,-96.32605633,31021.0,1161.1704598235021,0.0,75,74,0,0,74,74,6488,1,0,0,1,0
2020-09-19,US,Nebraska,Butler,106,1,0,41.22703692,-97.13106306,31023.0,1322.3552894211575,0.9433962264150944,105,104,1,0,103,104,8058,2,0,0,2,0
2020-09-19,US,Nebraska,Cass,304,2,0,40.90899107,-96.13971217,31025.0,1158.1834806461445,0.6578947368421053,302,300,2,0,298,296,26159,4,0,0,4,4
2020-09-19,US,Nebraska,Cedar,73,0,0,42.598885100000004,-97.25311951,31027.0,868.8407522018567,0.0,73,74,0,0,74,73,8446,-1,0,0,-1,1
2020-09-19,US,Nebraska,Chase,20,0,0,40.523719799999995,-101.69780259999999,31029.0,509.683995922528,0.0,20,18,0,0,18,18,3977,2,0,0,2,0
2020-09-19,US,Nebraska,Cherry,42,4,0,42.54502621,-101.1244332,31031.0,738.2668307259622,9.523809523809524,38,41,4,0,37,41,5761,1,0,0,1,0
2020-09-19,US,Nebraska,Cheyenne,36,0,0,41.21999357,-102.9941693,31033.0,404.040404040404,0.0,36,35,0,0,35,34,9310,1,0,0,1,1
2020-09-19,US,Nebraska,Clay,66,0,0,40.52439441,-98.05126296,31035.0,1064.0012896985334,0.0,66,66,0,0,66,65,6214,0,0,0,0,1
2020-09-19,US,Nebraska,Colfax,758,5,0,41.57486951,-97.0868542,31037.0,7078.158558222056,0.6596306068601583,753,756,5,0,751,752,10881,2,0,0,2,4
2020-09-19,US,Nebraska,Cuming,119,0,0,41.91637624,-96.78730772,31039.0,1345.240786796292,0.0,119,113,0,0,113,111,8940,6,0,0,6,2
2020-09-19,US,Nebraska,Custer,80,4,0,41.39374521,-99.72805369,31041.0,742.3216108378955,5.0,76,80,4,0,76,80,10840,0,0,0,0,0
2020-09-19,US,Nebraska,Dakota,2140,43,0,42.39040144,-96.56656425,31043.0,10686.108059522621,2.0093457943925235,2097,2128,43,0,2085,2120,20083,12,0,0,12,8
2020-09-19,US,Nebraska,Dawes,114,0,0,42.71985036,-103.1313774,31045.0,1327.2790778903247,0.0,114,114,0,0,114,114,8716,0,0,0,0,0
2020-09-19,US,Nebraska,Dawson,1067,12,0,40.87028216,-99.82014609999999,31047.0,4522.144522144522,1.1246485473289598,1055,1066,12,0,1054,1058,23709,1,0,0,1,8
2020-09-19,US,Nebraska,Deuel,4,0,0,41.11168186,-102.33333309999999,31049.0,222.9654403567447,0.0,4,4,0,0,4,4,1825,0,0,0,0,0
2020-09-19,US,Nebraska,Dixon,83,2,0,42.49188363,-96.86782408,31051.0,1472.6756564939676,2.409638554216868,81,82,2,0,80,82,5709,1,0,0,1,0
2020-09-19,US,Nebraska,Dodge,1076,11,0,41.58071748,-96.65598179,31053.0,2942.70477232326,1.0223048327137547,1065,1053,11,0,1042,1041,36791,23,0,0,23,12
2020-09-19,US,Nebraska,Douglas,15107,177,0,41.29518299,-96.15085305,31055.0,2644.1950056622563,1.1716422850334285,14930,15003,177,0,14826,14887,566880,104,0,0,104,116
2020-09-19,US,Nebraska,Dundy,11,1,0,40.17638677,-101.6876522,31057.0,649.7341996455996,9.090909090909092,10,11,1,0,10,10,1770,0,0,0,0,1
2020-09-19,US,Nebraska,Fillmore,51,1,0,40.52458567,-97.59646937,31059.0,933.7239106554376,1.96078431372549,50,50,1,0,49,49,5527,1,0,0,1,1
2020-09-19,US,Nebraska,Franklin,22,0,0,40.17636348,-98.95299073,31061.0,738.5028533064784,0.0,22,22,0,0,22,22,3023,0,0,0,0,0
2020-09-19,US,Nebraska,Frontier,7,0,0,40.52993007,-100.3924658,31063.0,266.46364674533686,0.0,7,7,0,0,7,7,2608,0,0,0,0,0
2020-09-19,US,Nebraska,Furnas,33,1,0,40.17642064,-99.91247454,31065.0,705.7313943541487,3.0303030303030303,32,33,1,0,32,33,4715,0,0,0,0,0
2020-09-19,US,Nebraska,Gage,201,5,0,40.26186809,-96.68946704,31067.0,934.3187839910753,2.487562189054726,196,197,5,0,192,189,21493,4,0,0,4,8
2020-09-19,US,Nebraska,Garden,9,0,0,41.61703149,-102.3313973,31069.0,489.9292324442025,0.0,9,9,0,0,9,9,1897,0,0,0,0,0
2020-09-19,US,Nebraska,Garfield,6,0,0,41.91428955,-98.99111827,31071.0,304.7232097511427,0.0,6,6,0,0,6,6,1987,0,0,0,0,0
2020-09-19,US,Nebraska,Gosper,32,0,0,40.51481965,-99.83020279,31073.0,1608.0402010050257,0.0,32,32,0,0,32,31,1996,0,0,0,0,1
2020-09-19,US,Nebraska,Grant,1,0,0,41.91528587,-101.740701,31075.0,160.5136436597111,0.0,1,1,0,0,1,1,660,0,0,0,0,0
2020-09-19,US,Nebraska,Greeley,22,0,0,41.56742671,-98.52150266,31077.0,933.786078098472,0.0,22,21,0,0,21,21,2356,1,0,0,1,0
2020-09-19,US,Nebraska,Hall,1958,47,0,40.87257079,-98.50218293,31079.0,3191.3679852655932,2.400408580183861,1911,1954,47,0,1907,1949,61607,4,0,0,4,5
2020-09-19,US,Nebraska,Hamilton,119,12,0,40.87349452,-98.02099117,31081.0,1276.2762762762766,10.084033613445378,107,117,12,0,105,114,9280,2,0,0,2,3
2020-09-19,US,Nebraska,Harlan,14,0,0,40.17658508,-99.40438879,31083.0,414.2011834319526,0.0,14,13,0,0,13,12,3401,1,0,0,1,1
2020-09-19,US,Nebraska,Hitchcock,4,0,0,40.17609175,-101.04164770000001,31087.0,144.82259232440262,0.0,4,4,0,0,4,4,2806,0,0,0,0,0
2020-09-19,US,Nebraska,Holt,50,0,0,42.45522056,-98.78402558,31089.0,496.67229561935034,0.0,50,48,0,0,48,44,10178,2,0,0,2,4
2020-09-19,US,Nebraska,Hooker,7,0,0,41.91586243,-101.1354293,31091.0,1026.392961876833,0.0,7,7,0,0,7,7,682,0,0,0,0,0
2020-09-19,US,Nebraska,Howard,88,5,0,41.2200529,-98.5166499,31093.0,1365.3995345228861,5.6818181818181825,83,88,5,0,83,78,6468,0,0,0,0,10
2020-09-19,US,Nebraska,Jefferson,29,0,0,40.17584531,-97.142601,31095.0,411.58103888731193,0.0,29,28,0,0,28,28,7097,1,0,0,1,0
2020-09-19,US,Nebraska,Johnson,40,0,0,40.39257596,-96.26522753,31097.0,788.7990534411357,0.0,40,38,0,0,38,38,5134,2,0,0,2,0
2020-09-19,US,Nebraska,Kearney,137,0,0,40.50663314,-98.94877182,31099.0,2109.314857582756,0.0,137,137,0,0,137,135,6544,0,0,0,0,2
2020-09-19,US,Nebraska,Keith,60,0,0,41.19930341,-101.66201640000001,31101.0,746.8259895444362,0.0,60,57,0,0,57,54,8021,3,0,0,3,3
2020-09-19,US,Nebraska,Keya Paha,4,0,0,42.87990694,-99.71343729,31103.0,496.27791563275434,0.0,4,4,0,0,4,4,810,0,0,0,0,0
2020-09-19,US,Nebraska,Kimball,15,0,0,41.19774275,-103.7148131,31105.0,412.9955947136564,0.0,15,15,0,0,15,15,3618,0,0,0,0,0
2020-09-19,US,Nebraska,Knox,132,0,0,42.63758421,-97.89178836,31107.0,1584.2534805568896,0.0,132,129,0,0,129,124,8419,3,0,0,3,5
2020-09-19,US,Nebraska,Lancaster,5605,24,0,40.78416049,-96.68777155,31109.0,1756.5577109906296,0.4281891168599465,5581,5502,24,0,5478,5422,317272,103,0,0,103,80
2020-09-19,US,Nebraska,Lincoln,356,2,0,41.04658298,-100.74753740000001,31111.0,1019.6482786274847,0.5617977528089888,354,355,2,0,353,350,35185,1,0,0,1,5
2020-09-19,US,Nebraska,Logan,6,0,0,41.56650314,-100.4817851,31113.0,802.1390374331551,0.0,6,6,0,0,6,6,749,0,0,0,0,0
2020-09-19,US,Nebraska,Loup,3,0,0,41.91371961,-99.45440415,31115.0,451.8072289156627,0.0,3,3,0,0,3,3,618,0,0,0,0,0
2020-09-19,US,Nebraska,Madison,775,5,0,41.91676024,-97.6005481,31119.0,2208.0401151029946,0.6451612903225806,770,770,5,0,765,764,35392,5,0,0,5,6
2020-09-19,US,Nebraska,McPherson,6,0,0,41.56797682,-101.05993620000001,31117.0,1214.5748987854256,0.0,6,6,0,0,6,6,492,0,0,0,0,0
2020-09-19,US,Nebraska,Merrick,81,1,0,41.16624273,-98.0374887,31121.0,1044.4874274661508,1.2345679012345678,80,80,1,0,79,79,7733,1,0,0,1,1
2020-09-19,US,Nebraska,Morrill,75,0,0,41.71711774,-103.0061405,31123.0,1615.6828953037484,0.0,75,75,0,0,75,74,4686,0,0,0,0,1
2020-09-19,US,Nebraska,Nance,24,0,0,41.39750195,-97.99327291,31125.0,682.0119352088661,0.0,24,23,0,0,23,21,3532,1,0,0,1,2
2020-09-19,US,Nebraska,Nemaha,114,0,0,40.38514847,-95.85433992,31127.0,1635.1118760757315,0.0,114,112,0,0,112,109,6958,2,0,0,2,3
2020-09-19,US,Nebraska,Nuckolls,13,0,0,40.17637905,-98.04743961,31129.0,313.404050144648,0.0,13,13,0,0,13,13,4195,0,0,0,0,0
2020-09-19,US,Nebraska,Otoe,135,1,0,40.64843556,-96.13374142,31131.0,843.1176617536847,0.7407407407407407,134,134,1,0,133,132,15985,1,0,0,1,2
2020-09-19,US,Nebraska,Pawnee,15,0,0,40.13141096,-96.23705437,31133.0,574.052812858783,0.0,15,15,0,0,15,15,2632,0,0,0,0,0
2020-09-19,US,Nebraska,Perkins,33,9,0,40.85082525,-101.6502942,31135.0,1141.4735385679696,27.272727272727273,24,33,9,0,24,33,2929,0,0,0,0,0
2020-09-19,US,Nebraska,Phelps,102,0,0,40.51156033,-99.41461667,31137.0,1129.0679654638036,0.0,102,102,0,0,102,99,8996,0,0,0,0,3
2020-09-19,US,Nebraska,Pierce,100,7,0,42.26434853,-97.60122773,31139.0,1398.9927252378284,7.0,93,97,7,0,90,96,7142,3,0,0,3,1
2020-09-19,US,Nebraska,Platte,1010,3,0,41.57246836,-97.52144359,31141.0,3017.6277263220795,0.297029702970297,1007,1006,3,0,1003,985,33363,4,0,0,4,21
2020-09-19,US,Nebraska,Polk,49,1,0,41.18813488,-97.56630712,31143.0,939.9577978131597,2.0408163265306123,48,48,1,0,47,48,5278,1,0,0,1,0
2020-09-19,US,Nebraska,Red Willow,25,0,0,40.17556879999999,-100.476998,31145.0,233.12196941439763,0.0,25,25,0,0,25,24,10726,0,0,0,0,1
2020-09-19,US,Nebraska,Richardson,50,1,0,40.1247415,-95.71755036,31147.0,635.7279084551811,2.0,49,50,1,0,49,50,7937,0,0,0,0,0
2020-09-19,US,Nebraska,Rock,37,0,0,42.42252217,-99.44832069,31149.0,2726.6028002947683,0.0,37,37,0,0,37,35,1360,0,0,0,0,2
2020-09-19,US,Nebraska,Saline,692,2,0,40.52418865,-97.14085859,31151.0,4865.016872890888,0.28901734104046245,690,688,2,0,686,681,14350,4,0,0,4,7
2020-09-19,US,Nebraska,Sarpy,3356,15,0,41.11314181,-96.11156432,31153.0,1792.7733498579032,0.4469606674612634,3341,3320,15,0,3305,3289,184459,36,0,0,36,31
2020-09-19,US,Nebraska,Saunders,401,3,0,41.227810299999994,-96.63773905,31155.0,1858.3742700899065,0.7481296758104738,398,387,3,0,384,378,21303,14,0,0,14,9
2020-09-19,US,Nebraska,Scotts Bluff,405,7,0,41.85070896,-103.70809859999999,31157.0,1137.0655286652816,1.728395061728395,398,404,7,0,397,398,35989,1,0,0,1,6
2020-09-19,US,Nebraska,Seward,203,3,0,40.87241834,-97.139673,31159.0,1174.496644295302,1.477832512315271,200,200,3,0,197,198,17318,3,0,0,3,2
2020-09-19,US,Nebraska,Sheridan,47,0,0,42.50284406,-102.4126613,31161.0,895.9207014868471,0.0,47,47,0,0,47,46,5190,0,0,0,0,1
2020-09-19,US,Nebraska,Sherman,23,1,0,41.22045983,-98.97588642,31163.0,766.4111962679108,4.3478260869565215,22,23,1,0,22,21,3038,0,0,0,0,2
2020-09-19,US,Nebraska,Sioux,7,0,0,42.48932059,-103.7576544,31165.0,600.3430531732419,0.0,7,7,0,0,7,7,1187,0,0,0,0,0
2020-09-19,US,Nebraska,Stanton,39,0,0,41.9169835,-97.19394708,31167.0,658.7837837837837,0.0,39,39,0,0,39,39,5970,0,0,0,0,0
2020-09-19,US,Nebraska,Thayer,29,0,0,40.17626377,-97.59504381,31169.0,579.6522086747951,0.0,29,29,0,0,29,28,5039,0,0,0,0,1
2020-09-19,US,Nebraska,Thomas,5,0,0,41.91358968,-100.5556632,31171.0,692.5207756232687,0.0,5,5,0,0,5,5,720,0,0,0,0,0
2020-09-19,US,Nebraska,Thurston,244,4,0,42.15725356,-96.54157099,31173.0,3377.6301218161684,1.639344262295082,240,243,4,0,239,244,7303,1,0,0,1,-1
2020-09-19,US,Nebraska,Unassigned,194,0,0,0.0,0.0,90031.0,0.0,0.0,194,192,0,0,192,184,,2,0,0,2,8
2020-09-19,US,Nebraska,Valley,30,0,0,41.56730777,-98.98197724,31175.0,721.5007215007214,0.0,30,27,0,0,27,26,4190,3,0,0,3,1
2020-09-19,US,Nebraska,Washington,242,2,0,41.52815707,-96.22019892,31177.0,1167.4465724347533,0.8264462809917356,240,237,2,0,235,230,20667,5,0,0,5,7
2020-09-19,US,Nebraska,Wayne,115,0,0,42.20934475,-97.11926964,31179.0,1225.3596164091634,0.0,115,112,0,0,112,101,9403,3,0,0,3,11
2020-09-19,US,Nebraska,Webster,15,0,0,40.17642643,-98.50019851,31181.0,430.16919988528815,0.0,15,15,0,0,15,15,3533,0,0,0,0,0
2020-09-19,US,Nebraska,Wheeler,1,0,0,41.91482725,-98.52798941,31183.0,127.7139208173691,0.0,1,1,0,0,1,1,805,0,0,0,0,0
2020-09-19,US,Nebraska,York,148,1,0,40.87272618,-97.59710186,31185.0,1081.9504349733168,0.6756756756756757,147,145,1,0,144,142,13772,3,0,0,3,3
2020-09-19,US,Nevada,Carson City,523,8,0,39.15509045,-119.7480219,32510.0,935.331568781744,1.5296367112810707,515,522,8,0,514,513,55414,1,0,0,1,9
2020-09-19,US,Nevada,Churchill,137,3,0,39.58105744,-118.3394607,32001.0,550.0020073065958,2.18978102189781,134,136,3,0,133,131,24440,1,0,0,1,5
2020-09-19,US,Nevada,Clark,63877,1327,0,36.21458855,-115.0130241,32003.0,2818.042850556863,2.0774300608982887,62550,63603,1325,0,62278,63301,2231647,274,2,0,272,302
2020-09-19,US,Nevada,Douglas,286,1,0,38.912862,-119.61713329999999,32005.0,584.8072794192823,0.34965034965034963,285,283,1,0,282,277,48467,3,0,0,3,6
2020-09-19,US,Nevada,Elko,904,8,0,41.14531606,-115.3577619,32007.0,1712.834893326765,0.8849557522123894,896,900,7,0,893,896,52460,4,1,0,3,4
2020-09-19,US,Nevada,Eureka,10,0,0,39.98100864,-116.26832040000001,32011.0,492.8536224741252,0.0,10,10,0,0,10,10,2003,0,0,0,0,0
2020-09-19,US,Nevada,Humboldt,118,4,0,41.40692186,-118.11094270000001,32013.0,701.0872794248708,3.3898305084745757,114,117,4,0,113,117,16786,1,0,0,1,0
2020-09-19,US,Nevada,Lander,70,1,0,39.933223299999995,-117.03970749999999,32015.0,1265.3651482284888,1.4285714285714286,69,70,1,0,69,70,5575,0,0,0,0,0
2020-09-19,US,Nevada,Lincoln,7,0,0,37.64268459,-114.8790388,32017.0,135.05691684352692,0.0,7,7,0,0,7,7,5201,0,0,0,0,0
2020-09-19,US,Nevada,Lyon,407,7,0,39.01777974,-119.18704790000001,32019.0,707.7030081724918,1.71990171990172,400,403,6,0,397,395,55808,4,1,0,3,8
2020-09-19,US,Nevada,Mineral,13,0,0,38.53841696,-118.4344506,32021.0,288.56825749167587,0.0,13,13,0,0,13,13,4514,0,0,0,0,0
2020-09-19,US,Nevada,Nye,492,15,0,38.04264256,-116.47227020000001,32023.0,1057.5414311200911,3.0487804878048776,477,492,15,0,477,491,45346,0,0,0,0,1
2020-09-19,US,Nevada,Pershing,21,0,0,40.44003782,-118.40056409999998,32027.0,312.2676579925651,0.0,21,21,0,0,21,21,6666,0,0,0,0,0
2020-09-19,US,Nevada,Storey,9,0,0,39.44875482,-119.5250207,32029.0,218.287654620422,0.0,9,9,0,0,9,9,4029,0,0,0,0,0
2020-09-19,US,Nevada,Washoe,8493,153,0,40.66562265,-119.6631594,32031.0,1801.199951645639,1.801483574708584,8340,8461,153,0,8308,8295,465735,32,0,0,32,166
2020-09-19,US,Nevada,White Pine,52,1,0,39.44157041,-114.89996599999999,32033.0,542.7974947807933,1.9230769230769231,51,49,1,0,48,49,9475,3,0,0,3,0
2020-09-19,US,New Hampshire,Belknap,143,4,0,43.51637314,-71.41684235,33001.0,233.26753992463662,2.797202797202797,139,137,4,0,133,135,61022,6,0,0,6,2
2020-09-19,US,New Hampshire,Carroll,119,2,0,43.87498583,-71.20430216,33003.0,243.30402780617462,1.680672268907563,117,119,2,0,117,118,48779,0,0,0,0,1
2020-09-19,US,New Hampshire,Cheshire,142,3,0,42.92015988,-72.25311043,33005.0,186.63337057238616,2.112676056338028,139,142,3,0,139,142,76493,0,0,0,0,0
2020-09-19,US,New Hampshire,Coos,21,0,0,44.69063265,-71.30633239,33007.0,66.53359946773121,0.0,21,21,0,0,21,21,31589,0,0,0,0,0
2020-09-19,US,New Hampshire,Grafton,132,1,0,43.93779815,-71.82057197,33009.0,146.85268006141112,0.7575757575757576,131,131,1,0,130,130,89786,1,0,0,1,1
2020-09-19,US,New Hampshire,Hillsborough,4289,288,0,42.91537785,-71.7200253,33011.0,1028.475511060488,6.714851946840756,4001,4273,288,0,3985,4234,415247,16,0,0,16,39
2020-09-19,US,New Hampshire,Merrimack,557,23,0,43.29662971,-71.6811573,33013.0,367.92147485649735,4.129263913824056,534,546,23,0,523,541,151132,11,0,0,11,5
2020-09-19,US,New Hampshire,Rockingham,1971,103,0,42.98499744,-71.12883377,33015.0,636.2805832733424,5.225773718924403,1868,1959,103,0,1856,1940,309176,12,0,0,12,19
2020-09-19,US,New Hampshire,Strafford,493,13,0,43.291833000000004,-71.02336013,33017.0,377.3931548689842,2.636916835699797,480,481,13,0,468,470,130090,12,0,0,12,11
2020-09-19,US,New Hampshire,Sullivan,50,1,0,43.36094111,-72.22203125,33019.0,115.88559773791313,2.0,49,50,1,0,49,49,43144,0,0,0,0,1
2020-09-19,US,New Hampshire,Unassigned,3,0,0,0.0,0.0,90033.0,0.0,0.0,3,2,0,0,2,1,,1,0,0,1,1
2020-09-19,US,New Jersey,Atlantic,3956,255,0,39.47538693,-74.65848483,34001.0,1500.3602988584216,6.445904954499494,3701,3944,255,0,3689,3935,265429,12,0,0,12,9
2020-09-19,US,New Jersey,Bergen,22145,2044,0,40.96010917,-74.07164325,34003.0,2375.558087195693,9.230074508918491,20101,22119,2044,0,20075,22087,936692,26,0,0,26,32
2020-09-19,US,New Jersey,Burlington,6901,490,0,39.87681124,-74.66927768,34005.0,1549.571235143674,7.100420228952325,6411,6862,490,0,6372,6830,445384,39,0,0,39,32
2020-09-19,US,New Jersey,Camden,9667,605,0,39.80343818,-74.96388753,34007.0,1908.697635205175,6.258404882590256,9062,9633,603,0,9030,9607,507078,34,2,0,32,26
2020-09-19,US,New Jersey,Cape May,995,95,0,39.15008829,-74.80170244,34009.0,1081.0634622279686,9.547738693467336,900,997,95,0,902,988,92560,-2,0,0,-2,9
2020-09-19,US,New Jersey,Cumberland,3728,157,0,39.37199394,-75.10712559,34011.0,2493.19520889204,4.21137339055794,3571,3722,157,0,3565,3710,150972,6,0,0,6,12
2020-09-19,US,New Jersey,Essex,20803,2125,0,40.78681335,-74.24657979,34013.0,2603.7110047248043,10.214872854876699,18678,20773,2125,0,18648,20749,799767,30,0,0,30,24
2020-09-19,US,New Jersey,Gloucester,4281,224,0,39.71581067,-75.13995546,34015.0,1467.9257704810107,5.232422331231021,4057,4258,224,0,4034,4222,291408,23,0,0,23,36
2020-09-19,US,New Jersey,Hudson,20468,1513,0,40.73766234,-74.07515667,34017.0,3044.06216026092,7.392026578073089,18955,20454,1513,0,18941,20437,676061,14,0,0,14,17
2020-09-19,US,New Jersey,Hunterdon,1282,125,0,40.56335249,-74.91284156,34019.0,1030.7869197803348,9.750390015600622,1157,1277,125,0,1152,1275,124714,5,0,0,5,2
2020-09-19,US,New Jersey,Mercer,8563,635,0,40.28047017,-74.70479631,34021.0,2330.511934245979,7.4156253649421915,7928,8544,635,0,7909,8534,369811,19,0,0,19,10
2020-09-19,US,New Jersey,Middlesex,19050,1425,0,40.43629879,-74.41426991,34023.0,2308.917390450657,7.480314960629921,17625,19016,1425,0,17591,18971,829685,34,0,0,34,45
2020-09-19,US,New Jersey,Monmouth,11438,864,0,40.26549699,-74.22240686,34025.0,1848.4312252038235,7.553768141283442,10574,11403,864,0,10539,11358,621354,35,0,0,35,45
2020-09-19,US,New Jersey,Morris,7718,831,0,40.86095313,-74.54553709999998,34027.0,1569.193546747451,10.767038092770147,6887,7706,831,0,6875,7697,494228,12,0,0,12,9
2020-09-19,US,New Jersey,Ocean,12182,1042,0,39.8895449,-74.28089251,34029.0,2006.3044931866016,8.553603677557051,11140,12095,1042,0,11053,12005,601651,87,0,0,87,90
2020-09-19,US,New Jersey,Passaic,18799,1251,0,41.03238628,-74.29954144,34031.0,3746.119172781004,6.654609287728071,17548,18774,1250,0,17524,18749,503310,25,1,0,24,25
2020-09-19,US,New Jersey,Salem,1039,89,0,39.58719656,-75.34696629999998,34033.0,1665.4644545964575,8.565928777670837,950,1037,89,0,948,1034,62607,2,0,0,2,3
2020-09-19,US,New Jersey,Somerset,5685,569,0,40.56465737,-74.61683016,34035.0,1728.3102385280938,10.008795074758137,5116,5671,569,0,5102,5629,331164,14,0,0,14,42
2020-09-19,US,New Jersey,Sussex,1450,198,0,41.13891592,-74.69118243,34037.0,1032.1166220602472,13.655172413793107,1252,1431,198,0,1233,1429,140799,19,0,0,19,2
2020-09-19,US,New Jersey,Unassigned,316,0,0,0.0,0.0,90034.0,0.0,0.0,316,314,0,0,314,324,,2,0,0,2,-10
2020-09-19,US,New Jersey,Union,17415,1356,0,40.65835409,-74.30680092,34039.0,3130.2744180277923,7.786391042204996,16059,17390,1356,0,16034,17367,558067,25,0,0,25,23
2020-09-19,US,New Jersey,Warren,1428,171,0,40.85951833,-74.99556527,34041.0,1356.5504859072646,11.974789915966387,1257,1428,171,0,1257,1424,105779,0,0,0,0,4
2020-09-19,US,New Mexico,Bernalillo,6198,170,0,35.05163625,-106.6703554,35001.0,912.6503229910428,2.7428202646014843,6028,6172,169,0,6003,6144,678701,26,1,0,25,28
2020-09-19,US,New Mexico,Catron,9,1,0,33.91514144,-108.4046587,35003.0,255.17436915225403,11.111111111111109,8,9,1,0,8,11,3578,0,0,0,0,-2
2020-09-19,US,New Mexico,Chaves,1014,10,0,33.36406072,-104.4665365,35005.0,1569.2950553277105,0.9861932938856016,1004,1004,8,0,996,993,64689,10,2,0,8,11
2020-09-19,US,New Mexico,Cibola,406,20,0,34.91131525,-107.998876,35006.0,1522.024367385192,4.9261083743842375,386,404,20,0,384,407,26746,2,0,0,2,-3
2020-09-19,US,New Mexico,Colfax,27,1,0,36.60569702,-104.64726740000002,35007.0,226.11171593668868,3.703703703703704,26,27,1,0,26,26,12110,0,0,0,0,1
2020-09-19,US,New Mexico,Curry,740,5,0,34.57421077,-103.34688759999999,35009.0,1511.6231564325697,0.6756756756756757,735,737,5,0,732,730,49437,3,0,0,3,7
2020-09-19,US,New Mexico,De Baca,1,0,0,34.34274529,-104.4117842,35011.0,57.20823798627003,0.0,1,1,0,0,1,1,1781,0,0,0,0,0
2020-09-19,US,New Mexico,Dona Ana,3117,53,0,32.35275771,-106.83293870000001,35013.0,1428.5386924539976,1.700352903432788,3064,3085,52,0,3033,3068,217522,32,1,0,31,17
2020-09-19,US,New Mexico,Eddy,686,6,0,32.47167456,-104.3053527,35015.0,1173.4519329456039,0.8746355685131195,680,670,6,0,664,654,57900,16,0,0,16,16
2020-09-19,US,New Mexico,Grant,109,2,0,32.73911281,-108.3827845,35017.0,403.7336098970293,1.834862385321101,107,109,2,0,107,100,27346,0,0,0,0,9
2020-09-19,US,New Mexico,Guadalupe,34,1,0,34.86319296,-104.790669,35019.0,790.6976744186046,2.9411764705882355,33,34,1,0,33,33,4341,0,0,0,0,1
2020-09-19,US,New Mexico,Harding,2,0,0,35.85751555,-103.82209379999999,35021.0,320.0,0.0,2,2,0,0,2,2,655,0,0,0,0,0
2020-09-19,US,New Mexico,Hidalgo,99,2,0,31.91383467,-108.7151824,35023.0,2358.265840876608,2.0202020202020203,97,99,2,0,97,99,4240,0,0,0,0,0
2020-09-19,US,New Mexico,Lea,1320,21,0,32.79215361,-103.4123733,35025.0,1857.3237653018148,1.5909090909090908,1299,1316,21,0,1295,1299,69611,4,0,0,4,17
2020-09-19,US,New Mexico,Lincoln,186,3,0,33.74526079,-105.4586166,35027.0,950.337216431637,1.6129032258064515,183,180,3,0,177,179,19556,6,0,0,6,1
2020-09-19,US,New Mexico,Los Alamos,31,0,0,35.86631386,-106.31349850000001,35028.0,160.0495637358666,0.0,31,31,0,0,31,29,19101,0,0,0,0,2
2020-09-19,US,New Mexico,Luna,401,6,0,32.18179341,-107.75088259999998,35029.0,1691.3408410308325,1.4962593516209477,395,395,6,0,389,388,23963,6,0,0,6,7
2020-09-19,US,New Mexico,McKinley,4292,255,0,35.58007720000001,-108.262245,35031.0,6013.984054254767,5.941286113699907,4037,4290,255,0,4035,4285,72290,2,0,0,2,5
2020-09-19,US,New Mexico,Mora,7,0,0,36.01095101,-104.9497716,35033.0,154.83300154833,0.0,7,7,0,0,7,7,4506,0,0,0,0,0
2020-09-19,US,New Mexico,Otero,247,13,0,32.61348406,-105.7417604,35035.0,365.9801452066972,5.2631578947368425,234,245,13,0,232,243,66781,2,0,0,2,2
2020-09-19,US,New Mexico,Quay,71,2,0,35.10403332,-103.54817270000001,35037.0,860.2932267054405,2.8169014084507036,69,71,2,0,69,70,8253,0,0,0,0,1
2020-09-19,US,New Mexico,Rio Arriba,383,13,0,36.51072137,-106.69316740000001,35039.0,984.0446031705252,3.3942558746736293,370,382,13,0,369,381,39006,1,0,0,1,1
2020-09-19,US,New Mexico,Roosevelt,266,3,0,34.02097406,-103.4799493,35041.0,1437.8378378378382,1.1278195488721805,263,258,3,0,255,252,18743,8,0,0,8,6
2020-09-19,US,New Mexico,San Juan,3257,197,0,36.50838318,-108.32043700000001,35045.0,2627.5028638732474,6.04851089960086,3060,3248,195,0,3053,3245,125043,9,2,0,7,3
2020-09-19,US,New Mexico,San Miguel,93,0,0,35.48014807,-104.8163562,35047.0,340.9465850350112,0.0,93,93,0,0,93,91,27591,0,0,0,0,2
2020-09-19,US,New Mexico,Sandoval,1313,40,0,35.68862401,-106.86878030000001,35043.0,894.7311036606972,3.046458492003046,1273,1311,40,0,1271,1309,145179,2,0,0,2,2
2020-09-19,US,New Mexico,Santa Fe,939,5,0,35.50708973,-105.9774716,35049.0,624.5095039838252,0.5324813631522897,934,939,5,0,934,932,150056,0,0,0,0,7
2020-09-19,US,New Mexico,Sierra,42,1,0,33.13028233,-107.1925893,35051.0,389.2132332499305,2.380952380952381,41,41,1,0,40,40,10968,1,0,0,1,1
2020-09-19,US,New Mexico,Socorro,88,6,0,34.00715494,-106.9298354,35053.0,528.9415158982989,6.8181818181818175,82,82,6,0,76,82,16735,6,0,0,6,0
2020-09-19,US,New Mexico,Taos,129,4,0,36.58006022,-105.63101979999999,35055.0,394.21813403416564,3.1007751937984502,125,129,4,0,125,128,32835,0,0,0,0,1
2020-09-19,US,New Mexico,Torrance,65,1,0,34.64048375,-105.8508949,35057.0,420.4126511868572,1.5384615384615383,64,64,1,0,63,64,15591,1,0,0,1,0
2020-09-19,US,New Mexico,Unassigned,1361,0,0,0.0,0.0,90035.0,0.0,0.0,1361,1343,0,0,1343,1342,,18,0,0,18,1
2020-09-19,US,New Mexico,Union,31,2,0,36.48126404,-103.4709624,35059.0,763.7349100763735,6.451612903225807,29,31,2,0,29,31,4118,0,0,0,0,0
2020-09-19,US,New Mexico,Valencia,548,4,0,34.71669834,-106.8103733,35061.0,714.5837679949926,0.7299270072992701,544,541,4,0,537,534,76456,7,0,0,7,7
2020-09-19,US,New York,Albany,3006,134,0,42.60060306,-73.97723916,36001.0,983.9413955863388,4.45775116433799,2872,2979,134,0,2845,2969,307117,27,0,0,27,10
2020-09-19,US,New York,Allegany,96,1,0,42.25748406,-78.02750466,36003.0,208.28361285283455,1.0416666666666667,95,95,1,0,94,94,46430,1,0,0,1,1
2020-09-19,US,New York,Bronx,52526,4939,0,40.85209301,-73.86282755,36005.0,3703.6906460058367,9.402962342458974,47587,52468,4940,0,47528,52422,1432132,58,-1,0,59,46
2020-09-19,US,New York,Broome,1459,69,0,42.15903158,-75.81326086,36007.0,765.9275124942253,4.729266620973268,1390,1450,69,0,1381,1437,191659,9,0,0,9,13
2020-09-19,US,New York,Cattaraugus,253,6,0,42.24778241,-78.67923096,36009.0,332.38304189602854,2.3715415019762847,247,249,6,0,243,248,76840,4,0,0,4,1
2020-09-19,US,New York,Cayuga,196,2,0,42.91261714,-76.55731592,36011.0,255.9548683660677,1.020408163265306,194,195,2,0,193,194,77145,1,0,0,1,1
2020-09-19,US,New York,Chautauqua,536,9,0,42.22769210000001,-79.36691763,36013.0,422.36984153250916,1.6791044776119404,527,535,9,0,526,533,127939,1,0,0,1,2
2020-09-19,US,New York,Chemung,322,3,0,42.13891056,-76.7638805,36015.0,385.832055214724,0.9316770186335404,319,305,3,0,302,294,84254,17,0,0,17,11
2020-09-19,US,New York,Chenango,248,7,0,42.49430041,-75.60887553,36017.0,525.3458173575953,2.8225806451612905,241,248,7,0,241,245,47536,0,0,0,0,3
2020-09-19,US,New York,Clinton,154,5,0,44.74530905,-73.67875352,36019.0,191.34000124246757,3.2467532467532467,149,154,5,0,149,154,80695,0,0,0,0,0
2020-09-19,US,New York,Columbia,580,37,0,42.24819348,-73.63089095,36021.0,975.4292729688368,6.379310344827586,543,580,37,0,543,579,59916,0,0,0,0,1
2020-09-19,US,New York,Cortland,155,0,0,42.59509207,-76.07048931,36023.0,325.76028246569007,0.0,155,150,0,0,150,141,47823,5,0,0,5,9
2020-09-19,US,New York,Delaware,130,4,0,42.19837623,-74.96709306,36025.0,294.5508100147275,3.0769230769230766,126,129,4,0,125,129,44527,1,0,0,1,0
2020-09-19,US,New York,Dutchess,5053,153,0,41.76486060000001,-73.74356679,36027.0,1717.434011515271,3.027904215317633,4900,5050,153,0,4897,5042,293718,3,0,0,3,8
2020-09-19,US,New York,Erie,10917,689,0,42.76249024,-78.73063652,36029.0,1188.3069809361466,6.3112576715214805,10228,10873,689,0,10184,10833,919719,44,0,0,44,40
2020-09-19,US,New York,Essex,158,0,0,44.11630765,-73.77297842,36031.0,428.35841127829735,0.0,158,157,0,0,157,154,37300,1,0,0,1,3
2020-09-19,US,New York,Franklin,64,0,0,44.59040891,-74.29926032,36033.0,127.94370476990123,0.0,64,64,0,0,64,63,50293,0,0,0,0,1
2020-09-19,US,New York,Fulton,332,24,0,43.11363907,-74.41798804,36035.0,621.9208362212688,7.2289156626506035,308,331,24,0,307,331,53591,1,0,0,1,0
2020-09-19,US,New York,Genesee,314,5,0,43.0022601,-78.19135193,36037.0,548.1843575418993,1.5923566878980893,309,309,5,0,304,309,57511,5,0,0,5,0
2020-09-19,US,New York,Greene,319,18,0,42.275797,-74.12384884,36039.0,676.0193269475292,5.6426332288401255,301,319,18,0,301,319,47491,0,0,0,0,0
2020-09-19,US,New York,Hamilton,15,0,0,43.66146647,-74.49721957,36041.0,339.67391304347825,0.0,15,14,0,0,14,14,4434,1,0,0,1,0
2020-09-19,US,New York,Herkimer,319,10,0,43.42034246,-74.96145307,36043.0,520.2302712046837,3.134796238244514,309,318,10,0,308,316,61833,1,0,0,1,2
2020-09-19,US,New York,Jefferson,161,0,0,44.04200959,-75.94653457,36045.0,146.5848462224812,0.0,161,160,0,0,160,159,111755,1,0,0,1,1
2020-09-19,US,New York,Kings,66971,7315,0,40.636182500000004,-73.94935552,36047.0,2616.1538152031544,10.922638156814143,59656,66737,7314,0,59423,66586,2582830,234,1,0,233,151
2020-09-19,US,New York,Lewis,50,0,0,43.784415700000004,-75.44903992,36049.0,190.14298752661998,0.0,50,50,0,0,50,50,26447,0,0,0,0,0
2020-09-19,US,New York,Livingston,201,8,0,42.72596275,-77.77966158,36051.0,319.48373970817306,3.9800995024875614,193,201,8,0,193,199,63227,0,0,0,0,2
2020-09-19,US,New York,Madison,486,17,0,42.91653905,-75.67266639,36053.0,685.0763310356492,3.497942386831276,469,484,17,0,467,480,70795,2,0,0,2,4
2020-09-19,US,New York,Monroe,5876,289,0,43.14638895,-77.69322942,36055.0,792.1592946600697,4.918311776718856,5587,5857,289,0,5568,5839,742474,19,0,0,19,18
2020-09-19,US,New York,Montgomery,223,4,0,42.90123494,-74.44011632,36057.0,453.0586538266186,1.7937219730941705,219,219,4,0,215,219,49455,4,0,0,4,0
2020-09-19,US,New York,Nassau,46154,2201,0,40.74066522,-73.58941873,36059.0,3401.3695682293187,4.768817437275209,43953,46052,2201,0,43851,45989,1358343,102,0,0,102,63
2020-09-19,US,New York,New York,33011,3173,0,40.76727260000001,-73.97152637,36061.0,2026.8237484235956,9.611947532640636,29838,32938,3178,0,29760,32892,,73,-5,0,78,46
2020-09-19,US,New York,Niagara,1714,101,0,43.19898042,-78.74777412,36063.0,818.9945575565866,5.892648774795799,1613,1707,101,0,1606,1703,210433,7,0,0,7,4
2020-09-19,US,New York,Oneida,2373,123,0,43.24375382,-75.43710392,36065.0,1037.7354365004744,5.183312262958281,2250,2369,123,0,2246,2363,229577,4,0,0,4,6
2020-09-19,US,New York,Onondaga,4201,205,0,43.00491923,-76.19971155,36067.0,912.2138067609352,4.8797905260652215,3996,4185,205,0,3980,4158,461809,16,0,0,16,27
2020-09-19,US,New York,Ontario,456,35,0,42.85145728,-77.30874425,36069.0,415.38755841387535,7.675438596491227,421,454,35,0,419,452,109864,2,0,0,2,2
2020-09-19,US,New York,Orange,11790,498,0,41.40337468,-74.30240757,36071.0,3062.8149841533746,4.223918575063613,11292,11760,498,0,11262,11734,381951,30,0,0,30,26
2020-09-19,US,New York,Orleans,323,54,0,43.2516977,-78.2320066,36073.0,800.4559873116574,16.71826625386997,269,322,54,0,268,322,40612,1,0,0,1,0
2020-09-19,US,New York,Oswego,424,3,0,43.42778894,-76.14635194,36075.0,362.0094942112633,0.7075471698113207,421,418,3,0,415,412,117898,6,0,0,6,6
2020-09-19,US,New York,Otsego,325,5,0,42.63492579,-75.03151402,36077.0,546.282755954482,1.5384615384615383,320,324,5,0,319,322,59749,1,0,0,1,2
2020-09-19,US,New York,Putnam,1573,63,0,41.42630093,-73.74965532,36079.0,1599.8779495524814,4.005085823267642,1510,1569,63,0,1506,1567,98892,4,0,0,4,2
2020-09-19,US,New York,Queens,71577,7243,0,40.71088124,-73.81684712,36081.0,3175.754639378346,10.11917235983626,64334,71474,7239,0,64235,71392,2278906,103,4,0,99,82
2020-09-19,US,New York,Rensselaer,896,42,0,42.71348136,-73.51089874,36083.0,564.5374699144372,4.6875,854,895,42,0,853,892,159442,1,0,0,1,3
2020-09-19,US,New York,Richmond,15713,1085,0,40.58582155,-74.14808598,36085.0,3300.059015883884,6.905110418125119,14628,15689,1085,0,14604,15666,476179,24,0,0,24,23
2020-09-19,US,New York,Rockland,14801,675,0,41.15027894,-74.02560498,36087.0,4543.124537660879,4.560502668738597,14126,14747,675,0,14072,14698,325695,54,0,0,54,49
2020-09-19,US,New York,Saratoga,990,17,0,43.10904162,-73.86653895,36091.0,430.69132483261774,1.7171717171717171,973,985,17,0,968,976,230163,5,0,0,5,9
2020-09-19,US,New York,Schenectady,1377,48,0,42.81668777,-74.05278291,36093.0,886.6766688774558,3.4858387799564268,1329,1374,48,0,1326,1372,155350,3,0,0,3,2
2020-09-19,US,New York,Schoharie,83,0,0,42.58831742,-74.44339029999998,36095.0,267.7505725991161,0.0,83,83,0,0,83,83,31097,0,0,0,0,0
2020-09-19,US,New York,Schuyler,37,0,0,42.39184015,-76.8773299,36097.0,207.7834559442916,0.0,37,37,0,0,37,33,17912,0,0,0,0,4
2020-09-19,US,New York,Seneca,105,3,0,42.78081007,-76.82497064,36099.0,308.67826904985884,2.8571428571428568,102,105,3,0,102,104,34300,0,0,0,0,1
2020-09-19,US,New York,St. Lawrence,315,4,0,44.4976179,-75.06550039,36089.0,292.370521626137,1.2698412698412698,311,314,4,0,310,313,108047,1,0,0,1,1
2020-09-19,US,New York,Steuben,344,42,0,42.2689144,-77.3829924,36101.0,360.66639406997353,12.209302325581396,302,342,42,0,300,339,95796,2,0,0,2,3
2020-09-19,US,New York,Suffolk,46010,2011,0,40.88320119,-72.8012172,36103.0,3115.9399187729114,4.370788958921973,43999,45956,2011,0,43945,45915,1481093,54,0,0,54,41
2020-09-19,US,New York,Sullivan,1570,48,0,41.71579493,-74.76394559,36105.0,2081.344787358151,3.0573248407643314,1522,1568,48,0,1520,1565,75498,2,0,0,2,3
2020-09-19,US,New York,Tioga,222,25,0,42.16852837,-76.30835812,36107.0,460.5522477854075,11.26126126126126,197,222,25,0,197,221,48560,0,0,0,0,1
2020-09-19,US,New York,Tompkins,394,0,0,42.44945765,-76.47229843,36109.0,385.5940497161872,0.0,394,390,0,0,390,388,102793,4,0,0,4,2
2020-09-19,US,New York,Ulster,2239,95,0,41.89027881,-74.26252104,36111.0,1260.8898875392092,4.242965609647164,2144,2235,95,0,2140,2231,178599,4,0,0,4,4
2020-09-19,US,New York,Unassigned,0,16,0,0.0,0.0,90036.0,0.0,0.0,-16,0,19,0,-19,0,,0,-3,0,3,0
2020-09-19,US,New York,Warren,356,33,0,43.56173026,-73.8433699,36113.0,556.7371450018767,9.269662921348317,323,354,33,0,321,352,64265,2,0,0,2,2
2020-09-19,US,New York,Washington,287,14,0,43.31153794,-73.43043448,36115.0,468.92359976472125,4.878048780487805,273,287,14,0,273,287,61197,0,0,0,0,0
2020-09-19,US,New York,Wayne,309,5,0,43.15494365,-77.02976528,36117.0,343.6464334171133,1.6181229773462784,304,306,5,0,301,305,90064,3,0,0,3,1
2020-09-19,US,New York,Westchester,37755,1454,0,41.16278376,-73.75741653,36119.0,3902.3013810767065,3.851145543636605,36301,37718,1454,0,36264,37672,967612,37,0,0,37,46
2020-09-19,US,New York,Wyoming,132,5,0,42.70145109,-78.22199579,36121.0,331.16736496148917,3.787878787878788,127,131,5,0,126,130,40085,1,0,0,1,1
2020-09-19,US,New York,Yates,62,7,0,42.63505484,-77.10369919,36123.0,248.8660538674588,11.290322580645164,55,62,7,0,55,62,24841,0,0,0,0,0
2020-09-19,US,North Carolina,Alamance,3695,48,0,36.0434701,-79.39976137,37001.0,2179.8252600156925,1.2990527740189446,3647,3668,48,0,3620,3630,166436,27,0,0,27,38
2020-09-19,US,North Carolina,Alexander,483,5,0,35.922379600000006,-81.17751948,37003.0,1288.1030482438596,1.0351966873706004,478,479,4,0,475,475,37353,4,1,0,3,4
2020-09-19,US,North Carolina,Alleghany,219,0,0,36.49360862,-81.12857041,37005.0,1966.4182454880126,0.0,219,219,0,0,219,218,11161,0,0,0,0,1
2020-09-19,US,North Carolina,Anson,549,4,0,34.97403241,-80.09953279,37007.0,2245.7661785159125,0.7285974499089253,545,547,4,0,543,534,24877,2,0,0,2,13
2020-09-19,US,North Carolina,Ashe,247,1,0,36.43296207,-81.49862729,37009.0,907.9880895489467,0.4048582995951417,246,246,1,0,245,246,27109,1,0,0,1,0
2020-09-19,US,North Carolina,Avery,321,0,0,36.07569796,-81.92308483,37011.0,1828.3305803952842,0.0,321,317,0,0,317,313,17505,4,0,0,4,4
2020-09-19,US,North Carolina,Beaufort,818,17,0,35.48531943,-76.84325809,37013.0,1740.6477422649698,2.0782396088019564,801,809,12,0,797,805,47079,9,5,0,4,4
2020-09-19,US,North Carolina,Bertie,540,7,0,36.0688473,-76.96545943,37015.0,2850.055417744234,1.2962962962962965,533,530,7,0,523,523,19026,10,0,0,10,7
2020-09-19,US,North Carolina,Bladen,818,12,0,34.61296243,-78.56180059,37017.0,2499.847197604059,1.4669926650366751,806,810,12,0,798,814,33190,8,0,0,8,-4
2020-09-19,US,North Carolina,Brunswick,1523,26,0,34.070565,-78.22814204,37019.0,1066.3772580871027,1.707156927117531,1497,1511,26,0,1485,1508,136744,12,0,0,12,3
2020-09-19,US,North Carolina,Buncombe,2844,79,0,35.61113393,-82.53305,37021.0,1088.8583450425167,2.7777777777777777,2765,2823,76,0,2747,2808,259103,21,3,0,18,15
2020-09-19,US,North Carolina,Burke,2018,33,0,35.74989637,-81.70755735,37023.0,2230.2039011990937,1.6352824578790883,1985,2002,33,0,1969,1988,90382,16,0,0,16,14
2020-09-19,US,North Carolina,Cabarrus,3739,61,0,35.3877799,-80.55267168,37025.0,1727.395785690196,1.631452259962557,3678,3717,61,0,3656,3684,211342,22,0,0,22,33
2020-09-19,US,North Carolina,Caldwell,1557,18,0,35.95204977,-81.54799522,37027.0,1894.667672613108,1.1560693641618498,1539,1551,18,0,1533,1544,82029,6,0,0,6,7
2020-09-19,US,North Carolina,Camden,107,3,0,36.33804939,-76.15568396,37029.0,984.6323732400847,2.803738317757009,104,107,3,0,104,107,10710,0,0,0,0,0
2020-09-19,US,North Carolina,Carteret,608,5,0,34.8932941,-76.54120135,37031.0,875.1601341528363,0.8223684210526315,603,604,5,0,599,599,69524,4,0,0,4,5
2020-09-19,US,North Carolina,Caswell,315,3,0,36.39312665,-79.33353281,37033.0,1393.5586621836844,0.9523809523809524,312,307,3,0,304,303,22698,8,0,0,8,4
2020-09-19,US,North Carolina,Catawba,2958,51,0,35.66211129,-81.2132617,37035.0,1853.9526546370755,1.7241379310344829,2907,2934,51,0,2883,2897,158652,24,0,0,24,37
2020-09-19,US,North Carolina,Chatham,1589,57,0,35.70394416,-79.25541492,37037.0,2133.745132268027,3.587161736941473,1532,1589,57,0,1532,1584,73139,0,0,0,0,5
2020-09-19,US,North Carolina,Cherokee,567,10,0,35.1349263,-84.05970864,37039.0,1981.6860058716627,1.7636684303350971,557,561,10,0,551,554,28383,6,0,0,6,7
2020-09-19,US,North Carolina,Chowan,306,3,0,36.12908077,-76.60118385,37041.0,2194.6496449831457,0.9803921568627452,303,299,3,0,296,293,14029,7,0,0,7,6
2020-09-19,US,North Carolina,Clay,109,2,0,35.05704275,-83.74353633,37043.0,970.5280028492565,1.834862385321101,107,109,2,0,107,106,11139,0,0,0,0,3
2020-09-19,US,North Carolina,Cleveland,1994,60,0,35.33553364,-81.55204486,37045.0,2035.7948686534555,3.0090270812437314,1934,1970,57,0,1913,1927,97645,24,3,0,21,43
2020-09-19,US,North Carolina,Columbus,1305,54,0,34.26744084,-78.65801424,37047.0,2351.012466671471,4.137931034482759,1251,1300,53,0,1247,1290,55655,5,1,0,4,10
2020-09-19,US,North Carolina,Craven,1247,30,0,35.11833364,-77.08398081,37049.0,1220.885264198788,2.405773857257418,1217,1229,30,0,1199,1210,102912,18,0,0,18,19
2020-09-19,US,North Carolina,Cumberland,5018,75,0,35.04762133,-78.82623165,37051.0,1495.6379709635212,1.4946193702670387,4943,4951,75,0,4876,4902,332330,67,0,0,67,49
2020-09-19,US,North Carolina,Currituck,150,2,0,36.36123664,-75.95876401,37053.0,540.2874329143103,1.3333333333333333,148,146,0,0,146,141,27072,4,2,0,2,5
2020-09-19,US,North Carolina,Dare,258,2,0,35.66520691,-75.71767334,37055.0,697.1277256883461,0.7751937984496124,256,257,2,0,255,255,36501,1,0,0,1,2
2020-09-19,US,North Carolina,Davidson,2575,34,0,35.79115496,-80.21256572,37057.0,1536.3136824394876,1.3203883495145632,2541,2553,34,0,2519,2519,166614,22,0,0,22,34
2020-09-19,US,North Carolina,Davie,527,6,0,35.93099927,-80.54496571,37059.0,1229.9864631470848,1.1385199240986716,521,524,6,0,518,522,42733,3,0,0,3,2
2020-09-19,US,North Carolina,Duplin,2137,53,0,34.93449805,-77.93140529,37061.0,3638.004119780052,2.480112306972391,2084,2131,53,0,2078,2129,58856,6,0,0,6,2
2020-09-19,US,North Carolina,Durham,7486,90,0,36.03638492,-78.87608331,37063.0,2328.547255263027,1.2022441891530855,7396,7436,90,0,7346,7418,316739,50,0,0,50,18
2020-09-19,US,North Carolina,Edgecombe,1254,37,0,35.91230639,-77.59436892,37065.0,2436.276033571651,2.9505582137161084,1217,1235,37,0,1198,1222,52005,19,0,0,19,13
2020-09-19,US,North Carolina,Forsyth,6786,94,0,36.12859861,-80.25459052,37067.0,1775.0689912240548,1.3852048334806957,6692,6747,94,0,6653,6707,379099,39,0,0,39,40
2020-09-19,US,North Carolina,Franklin,1177,32,0,36.081519,-78.28708884,37069.0,1689.0292028413571,2.7187765505522514,1145,1172,31,0,1141,1167,67560,5,1,0,4,5
2020-09-19,US,North Carolina,Gaston,4806,75,0,35.29373559,-81.17477045,37071.0,2140.480739681733,1.5605493133583022,4731,4782,75,0,4707,4730,222846,24,0,0,24,52
2020-09-19,US,North Carolina,Gates,121,3,0,36.44667547,-76.69749701,37073.0,1046.5317419131638,2.479338842975207,118,118,3,0,115,114,11573,3,0,0,3,4
2020-09-19,US,North Carolina,Graham,122,1,0,35.3506925,-83.83369267,37075.0,1445.326383129961,0.819672131147541,121,119,1,0,118,118,8484,3,0,0,3,1
2020-09-19,US,North Carolina,Granville,1680,48,0,36.30337451,-78.65184241,37077.0,2779.4781860595936,2.8571428571428568,1632,1672,48,0,1624,1666,60115,8,0,0,8,6
2020-09-19,US,North Carolina,Greene,498,5,0,35.48544173,-77.67578087,37079.0,2363.6622525986045,1.0040160642570282,493,498,5,0,493,495,21012,0,0,0,0,3
2020-09-19,US,North Carolina,Guilford,8064,176,0,36.07959451,-79.78824948,37081.0,1501.1895586904807,2.1825396825396823,7888,7995,176,0,7819,7909,533670,69,0,0,69,86
2020-09-19,US,North Carolina,Halifax,957,18,0,36.25669272,-77.6556109,37083.0,1913.6172765446909,1.8808777429467085,939,950,18,0,932,942,50574,7,0,0,7,8
2020-09-19,US,North Carolina,Harnett,2003,51,0,35.36731853,-78.87243571,37085.0,1473.0540683650056,2.54618072890664,1952,1982,51,0,1931,1953,134214,21,0,0,21,29
2020-09-19,US,North Carolina,Haywood,577,31,0,35.55269063,-82.98196486,37087.0,925.9110676059503,5.37261698440208,546,574,31,0,543,567,61971,3,0,0,3,7
2020-09-19,US,North Carolina,Henderson,1894,64,0,35.33788927,-82.4766782,37089.0,1613.0543277378915,3.37909186906019,1830,1887,64,0,1823,1869,116748,7,0,0,7,18
2020-09-19,US,North Carolina,Hertford,681,26,0,36.3607755,-76.98104134,37091.0,2876.208979178105,3.81791483113069,655,667,25,0,642,658,23659,14,1,0,13,9
2020-09-19,US,North Carolina,Hoke,1058,16,0,35.01888303,-79.23651674,37093.0,1915.4868378172864,1.5122873345935728,1042,1052,16,0,1036,1039,54764,6,0,0,6,13
2020-09-19,US,North Carolina,Hyde,124,4,0,35.42017674,-76.15180542,37095.0,2511.646749037877,3.2258064516129035,120,124,3,0,121,124,5230,0,1,0,-1,0
2020-09-19,US,North Carolina,Iredell,2653,27,0,35.80950511,-80.8743128,37097.0,1459.2477696005633,1.0177157934413872,2626,2634,27,0,2607,2617,178435,19,0,0,19,17
2020-09-19,US,North Carolina,Jackson,529,7,0,35.28814273,-83.14093385,37099.0,1203.9692293686558,1.3232514177693762,522,523,7,0,516,523,43327,6,0,0,6,0
2020-09-19,US,North Carolina,Johnston,4217,55,0,35.51745004,-78.36622717,37101.0,2014.4359149513468,1.304244723737254,4162,4200,55,0,4145,4192,202675,17,0,0,17,8
2020-09-19,US,North Carolina,Jones,143,11,0,35.02254606,-77.35870791,37103.0,1518.2078776940227,7.6923076923076925,132,143,11,0,132,143,9637,0,0,0,0,0
2020-09-19,US,North Carolina,Lee,1569,13,0,35.47623147,-79.17569362,37105.0,2539.697955615986,0.82855321861058,1556,1558,13,0,1545,1550,61452,11,0,0,11,8
2020-09-19,US,North Carolina,Lenoir,937,27,0,35.24032589999999,-77.64245615,37107.0,1674.7394948971385,2.88153681963714,910,930,26,0,904,924,55976,7,1,0,6,6
2020-09-19,US,North Carolina,Lincoln,1437,14,0,35.48508185,-81.21740317,37109.0,1668.7763468081894,0.9742519137091162,1423,1427,14,0,1413,1395,83770,10,0,0,10,32
2020-09-19,US,North Carolina,Macon,582,2,0,35.14867843,-83.41696617,37113.0,1623.0687712644321,0.3436426116838488,580,573,2,0,571,572,35285,9,0,0,9,1
2020-09-19,US,North Carolina,Madison,89,1,0,35.85402722,-82.71346418,37115.0,409.1013560101126,1.1235955056179776,88,89,1,0,88,88,21763,0,0,0,0,1
2020-09-19,US,North Carolina,Martin,418,10,0,35.84326734,-77.10860251,37117.0,1862.745098039216,2.392344497607656,408,412,9,0,403,408,22671,6,1,0,5,4
2020-09-19,US,North Carolina,McDowell,880,26,0,35.67736232,-82.0482425,37111.0,1923.2450389020016,2.9545454545454546,854,879,26,0,853,875,45507,1,0,0,1,4
2020-09-19,US,North Carolina,Mecklenburg,27431,339,0,35.24469268,-80.8317671,37119.0,2470.468930685294,1.235828077722285,27092,27346,339,0,27007,27235,1093901,85,0,0,85,111
2020-09-19,US,North Carolina,Mitchell,102,3,0,36.01059309,-82.1582442,37121.0,681.635926222935,2.9411764705882355,99,102,3,0,99,101,15000,0,0,0,0,1
2020-09-19,US,North Carolina,Montgomery,1020,25,0,35.33155144,-79.90416657,37123.0,3753.726125197807,2.4509803921568634,995,1016,25,0,991,1013,27271,4,0,0,4,3
2020-09-19,US,North Carolina,Moore,1505,27,0,35.30885257,-79.48474178,37125.0,1491.8715305313244,1.7940199335548173,1478,1494,27,0,1467,1489,98682,11,0,0,11,5
2020-09-19,US,North Carolina,Nash,2091,36,0,35.96575634,-77.98422508,37127.0,2217.4383337928693,1.721664275466284,2055,2057,35,0,2022,2027,94016,34,1,0,33,30
2020-09-19,US,North Carolina,New Hanover,3875,29,0,34.25758282,-77.87075626,37129.0,1652.6423084960736,0.7483870967741936,3846,3830,28,0,3802,3798,232274,45,1,0,44,32
2020-09-19,US,North Carolina,Northampton,401,17,0,36.41736238,-77.39769443,37131.0,2058.204588615716,4.239401496259352,384,399,17,0,382,395,19676,2,0,0,2,4
2020-09-19,US,North Carolina,Onslow,1825,21,0,34.72607366,-77.42908179,37133.0,922.0058806292881,1.1506849315068493,1804,1794,21,0,1773,1772,197683,31,0,0,31,22
2020-09-19,US,North Carolina,Orange,2570,54,0,36.06092947,-79.12167935,37135.0,1730.9194752013793,2.1011673151750974,2516,2566,54,0,2512,2552,146027,4,0,0,4,14
2020-09-19,US,North Carolina,Pamlico,228,2,0,35.15253315,-76.66559823,37137.0,1791.6077322017914,0.8771929824561403,226,227,2,0,225,224,12670,1,0,0,1,3
2020-09-19,US,North Carolina,Pasquotank,658,29,0,36.26723798,-76.25134778,37139.0,1652.269987946967,4.407294832826747,629,647,29,0,618,638,39639,11,0,0,11,9
2020-09-19,US,North Carolina,Pender,888,5,0,34.52265624,-77.90352133,37141.0,1408.1826831588962,0.5630630630630631,883,871,5,0,866,865,62162,17,0,0,17,6
2020-09-19,US,North Carolina,Perquimans,171,3,0,36.17847453,-76.40603143,37143.0,1270.1478125232118,1.7543859649122806,168,168,3,0,165,167,13422,3,0,0,3,1
2020-09-19,US,North Carolina,Person,405,6,0,36.38989032,-78.97217358,37145.0,1025.5760952139785,1.4814814814814814,399,398,6,0,392,393,39507,7,0,0,7,5
2020-09-19,US,North Carolina,Pitt,4498,27,0,35.59535426,-77.37353178,37147.0,2488.6302021666243,0.6002667852378835,4471,4466,27,0,4439,4428,179914,32,0,0,32,38
2020-09-19,US,North Carolina,Polk,257,8,0,35.27820615,-82.16812354,37149.0,1240.1080872418452,3.1128404669260696,249,256,8,0,248,253,20611,1,0,0,1,3
2020-09-19,US,North Carolina,Randolph,2645,50,0,35.71015088,-79.80570339,37151.0,1841.0630137749104,1.8903591682419658,2595,2638,50,0,2588,2630,143351,7,0,0,7,8
2020-09-19,US,North Carolina,Richmond,896,13,0,35.00417719,-79.74491009,37153.0,1998.706194650784,1.4508928571428572,883,881,13,0,868,869,44887,15,0,0,15,12
2020-09-19,US,North Carolina,Robeson,4218,72,0,34.64244496,-79.10250529999998,37155.0,3229.090909090909,1.7069701280227596,4146,4204,71,0,4133,4173,131831,14,1,0,13,31
2020-09-19,US,North Carolina,Rockingham,1131,13,0,36.39593137,-79.77504841,37157.0,1242.7205801560267,1.1494252873563218,1118,1115,13,0,1102,1098,90690,16,0,0,16,17
2020-09-19,US,North Carolina,Rowan,3155,87,0,35.64003916,-80.52446628,37159.0,2220.4549293395644,2.7575277337559427,3068,3136,86,0,3050,3109,141262,19,1,0,18,27
2020-09-19,US,North Carolina,Rutherford,1091,22,0,35.40114178,-81.92112099,37161.0,1627.6537021289294,2.016498625114574,1069,1090,22,0,1068,1082,66826,1,0,0,1,8
2020-09-19,US,North Carolina,Sampson,1751,24,0,34.98820368,-78.36914061,37163.0,2756.1348003336952,1.3706453455168477,1727,1747,24,0,1723,1737,63626,4,0,0,4,10
2020-09-19,US,North Carolina,Scotland,907,12,0,34.8386299,-79.4757978,37165.0,2604.6004077764696,1.323042998897464,895,899,12,0,887,889,34810,8,0,0,8,10
2020-09-19,US,North Carolina,Stanly,1781,56,0,35.31647813,-80.25093221,37167.0,2835.7163328344427,3.1443009545199327,1725,1778,56,0,1722,1761,62075,3,0,0,3,17
2020-09-19,US,North Carolina,Stokes,404,3,0,36.4017975,-80.23893369,37169.0,886.1398082954968,0.7425742574257426,401,403,3,0,400,398,45467,1,0,0,1,5
2020-09-19,US,North Carolina,Surry,1271,21,0,36.41689489,-80.69102283,37171.0,1770.6142122786734,1.6522423288749015,1250,1265,21,0,1244,1257,71948,6,0,0,6,8
2020-09-19,US,North Carolina,Swain,139,3,0,35.48665845,-83.48748932,37173.0,974.0032233200196,2.1582733812949644,136,139,3,0,136,139,14245,0,0,0,0,0
2020-09-19,US,North Carolina,Transylvania,302,7,0,35.20383864,-82.79638423,37175.0,878.2899520139598,2.3178807947019866,295,301,6,0,295,299,34215,1,1,0,0,2
2020-09-19,US,North Carolina,Tyrrell,112,2,0,35.87147226,-76.17055253,37177.0,2788.8446215139447,1.7857142857142858,110,111,2,0,109,111,4131,1,0,0,1,0
2020-09-19,US,North Carolina,Union,4553,58,0,34.98960527,-80.52955873,37179.0,1898.1985249667514,1.2738853503184713,4495,4532,57,0,4475,4488,235908,21,1,0,20,44
2020-09-19,US,North Carolina,Vance,1014,43,0,36.36880673,-78.40670845,37181.0,2276.860895924554,4.240631163708088,971,1008,43,0,965,1000,44582,6,0,0,6,8
2020-09-19,US,North Carolina,Wake,16812,228,0,35.78879266,-78.65249174,37183.0,1512.1955168421994,1.3561741613133476,16584,16745,227,0,16518,16663,1092305,67,1,0,66,82
2020-09-19,US,North Carolina,Warren,313,7,0,36.39728256,-78.10652228,37185.0,1586.3362221884345,2.236421725239617,306,311,7,0,304,308,19807,2,0,0,2,3
2020-09-19,US,North Carolina,Washington,200,8,0,35.83810081,-76.57299037,37187.0,1727.1157167530225,4.0,192,199,8,0,191,198,11859,1,0,0,1,1
2020-09-19,US,North Carolina,Watauga,578,1,0,36.23103603,-81.70033724,37189.0,1028.890827206864,0.17301038062283736,577,565,1,0,564,564,55945,13,0,0,13,1
2020-09-19,US,North Carolina,Wayne,3135,64,0,35.36438125,-78.00027268,37191.0,2546.068821011768,2.0414673046251988,3071,3106,64,0,3042,3085,123248,29,0,0,29,21
2020-09-19,US,North Carolina,Wilkes,1152,32,0,36.2084135,-81.16232895,37193.0,1683.9151026135767,2.7777777777777777,1120,1143,31,0,1112,1134,68557,9,1,0,8,9
2020-09-19,US,North Carolina,Wilson,2053,46,0,35.70625477,-77.917978,37195.0,2509.749269568832,2.2406234778373117,2007,2023,46,0,1977,2004,81455,30,0,0,30,19
2020-09-19,US,North Carolina,Yadkin,707,7,0,36.16222629,-80.66239436,37197.0,1876.9745400483184,0.99009900990099,700,701,7,0,694,700,37543,6,0,0,6,1
2020-09-19,US,North Carolina,Yancey,119,0,0,35.90079156,-82.31237181,37199.0,658.5865294150202,0.0,119,118,0,0,118,117,17903,1,0,0,1,1
2020-09-19,US,North Dakota,Adams,17,0,0,46.09686891,-102.5285397,38001.0,767.1480144404331,0.0,17,16,0,0,16,16,2294,1,0,0,1,0
2020-09-19,US,North Dakota,Barnes,212,0,0,46.93579637,-98.06605978,38003.0,2035.5256841094574,0.0,212,208,0,0,208,206,10542,4,0,0,4,2
2020-09-19,US,North Dakota,Benson,317,5,0,48.0683985,-99.35916363,38005.0,4639.929742388759,1.5772870662460567,312,304,5,0,299,278,6962,13,0,0,13,26
2020-09-19,US,North Dakota,Billings,13,0,0,47.02366884,-103.3762965,38007.0,1400.8620689655172,0.0,13,12,0,0,12,7,919,1,0,0,1,5
2020-09-19,US,North Dakota,Bottineau,42,0,0,48.79106111,-100.8378166,38009.0,668.5768863419294,0.0,42,41,0,0,41,39,6411,1,0,0,1,2
2020-09-19,US,North Dakota,Bowman,29,0,0,46.11285362,-103.5203343,38011.0,958.9947089947093,0.0,29,27,0,0,27,27,3076,2,0,0,2,0
2020-09-19,US,North Dakota,Burke,28,1,0,48.79094471,-102.51821170000001,38013.0,1323.8770685579195,3.571428571428572,27,28,1,0,27,27,2100,0,0,0,0,1
2020-09-19,US,North Dakota,Burleigh,3002,36,0,46.97847375,-100.46452140000001,38015.0,3139.3135758057433,1.1992005329780149,2966,2943,36,0,2907,2856,95273,59,0,0,59,87
2020-09-19,US,North Dakota,Cass,4603,77,0,46.93201724,-97.24447190000001,38017.0,2530.1913446897865,1.6728220725613732,4526,4533,77,0,4456,4456,181516,70,0,0,70,77
2020-09-19,US,North Dakota,Cavalier,46,0,0,48.77286211,-98.46685243,38019.0,1222.7538543328014,0.0,46,46,0,0,46,46,3829,0,0,0,0,0
2020-09-19,US,North Dakota,Dickey,45,0,0,46.11017712,-98.50490079999999,38021.0,923.6453201970444,0.0,45,42,0,0,42,38,4903,3,0,0,3,4
2020-09-19,US,North Dakota,Divide,6,0,0,48.814938700000006,-103.48736109999999,38023.0,265.01766784452303,0.0,6,6,0,0,6,6,2283,0,0,0,0,0
2020-09-19,US,North Dakota,Dunn,76,1,0,47.35423935,-102.61604679999999,38025.0,1717.9023508137436,1.3157894736842106,75,72,1,0,71,66,4332,4,0,0,4,6
2020-09-19,US,North Dakota,Eddy,61,3,0,47.71701474,-98.90432337,38027.0,2667.249672059467,4.918032786885246,58,61,3,0,58,59,2313,0,0,0,0,2
2020-09-19,US,North Dakota,Emmons,108,1,0,46.28398398,-100.2389766,38029.0,3332.304844183893,0.925925925925926,107,84,1,0,83,81,3295,24,0,0,24,3
2020-09-19,US,North Dakota,Foster,53,0,0,47.457108399999996,-98.88279923,38031.0,1651.0903426791276,0.0,53,53,0,0,53,51,3216,0,0,0,0,2
2020-09-19,US,North Dakota,Golden Valley,41,0,0,46.94022281,-103.8465421,38033.0,2328.222600795003,0.0,41,41,0,0,41,41,1769,0,0,0,0,0
2020-09-19,US,North Dakota,Grand Forks,2046,12,0,47.92093639,-97.45450447,38035.0,2945.961901196527,0.5865102639296188,2034,2039,12,0,2027,1973,70770,7,0,0,7,66
2020-09-19,US,North Dakota,Grant,11,0,0,46.35821257,-101.63900129999999,38037.0,483.72911169744935,0.0,11,11,0,0,11,11,2374,0,0,0,0,0
2020-09-19,US,North Dakota,Griggs,50,1,0,47.45785838,-98.23850925,38039.0,2241.147467503362,2.0,49,49,1,0,48,46,2232,1,0,0,1,3
2020-09-19,US,North Dakota,Hettinger,54,0,0,46.43375068,-102.4632417,38041.0,2160.8643457382955,0.0,54,51,0,0,51,51,2514,3,0,0,3,0
2020-09-19,US,North Dakota,Kidder,41,0,0,46.97830064,-99.77507857,38043.0,1653.225806451613,0.0,41,40,0,0,40,39,2450,1,0,0,1,1
2020-09-19,US,North Dakota,LaMoure,44,0,0,46.45681054,-98.53542355,38045.0,1087.4938210578348,0.0,44,41,0,0,41,40,4062,3,0,0,3,1
2020-09-19,US,North Dakota,Logan,26,0,0,46.45729487,-99.47719806,38047.0,1405.4054054054056,0.0,26,20,0,0,20,20,1903,6,0,0,6,0
2020-09-19,US,North Dakota,McHenry,56,1,0,48.23104458,-100.6324822,38049.0,974.7606614447343,1.7857142857142858,55,57,1,0,56,56,5816,-1,0,0,-1,1
2020-09-19,US,North Dakota,McIntosh,53,3,0,46.11182017,-99.44145858,38051.0,2122.5470564677607,5.660377358490566,50,51,3,0,48,51,2585,2,0,0,2,0
2020-09-19,US,North Dakota,McKenzie,163,2,0,47.74133370000001,-103.395905,38053.0,1084.9307774227902,1.2269938650306749,161,161,2,0,159,156,13632,2,0,0,2,5
2020-09-19,US,North Dakota,McLean,237,2,0,47.60766714,-101.3182418,38055.0,2507.936507936508,0.8438818565400844,235,217,2,0,215,209,9541,20,0,0,20,8
2020-09-19,US,North Dakota,Mercer,107,0,0,47.31213126,-101.8318399,38057.0,1306.9500427507026,0.0,107,101,0,0,101,96,8267,6,0,0,6,5
2020-09-19,US,North Dakota,Morton,1052,17,0,46.71681782,-101.2822377,38059.0,3354.164009692641,1.6159695817490494,1035,1028,9,0,1019,996,31095,24,8,0,16,32
2020-09-19,US,North Dakota,Mountrail,203,2,0,48.20197971,-102.3555315,38061.0,1925.0829777145568,0.9852216748768472,201,199,2,0,197,200,10218,4,0,0,4,-1
2020-09-19,US,North Dakota,Nelson,38,0,0,47.9226426,-98.19038437,38063.0,1319.9027440083362,0.0,38,38,0,0,38,37,2869,0,0,0,0,1
2020-09-19,US,North Dakota,Oliver,17,0,0,47.11530482,-101.3406158,38065.0,867.7896886166411,0.0,17,17,0,0,17,16,1952,0,0,0,0,1
2020-09-19,US,North Dakota,Pembina,50,0,0,48.76623521,-97.5523809,38067.0,735.1860020585208,0.0,50,48,0,0,48,46,6947,2,0,0,2,2
2020-09-19,US,North Dakota,Pierce,31,0,0,48.24977025,-99.96407787,38069.0,779.874213836478,0.0,31,31,0,0,31,30,4081,0,0,0,0,1
2020-09-19,US,North Dakota,Ramsey,185,2,0,48.26886249,-98.72223879,38071.0,1606.0421911624273,1.0810810810810811,183,182,2,0,180,177,11481,3,0,0,3,5
2020-09-19,US,North Dakota,Ransom,71,0,0,46.45621782,-97.65742504,38073.0,1360.6745879647376,0.0,71,68,0,0,68,65,5237,3,0,0,3,3
2020-09-19,US,North Dakota,Renville,34,0,0,48.71982533,-101.6603912,38075.0,1461.1087236785559,0.0,34,32,0,0,32,27,2374,2,0,0,2,5
2020-09-19,US,North Dakota,Richland,205,1,0,46.26440649,-96.94852979,38077.0,1267.231254249861,0.4878048780487805,204,197,1,0,196,192,16239,8,0,0,8,5
2020-09-19,US,North Dakota,Rolette,156,3,0,48.77245354,-99.84097493,38079.0,1100.451467268623,1.9230769230769231,153,153,3,0,150,147,14301,3,0,0,3,6
2020-09-19,US,North Dakota,Sargent,49,0,0,46.10830372,-97.63217159,38081.0,1257.0548999486916,0.0,49,44,0,0,44,40,3870,5,0,0,5,4
2020-09-19,US,North Dakota,Sheridan,9,0,0,47.57700669,-100.3426391,38083.0,684.4106463878327,0.0,9,9,0,0,9,9,1349,0,0,0,0,0
2020-09-19,US,North Dakota,Sioux,140,3,0,46.11323337,-101.04401490000001,38085.0,3309.692671394799,2.142857142857143,137,138,3,0,135,138,4358,2,0,0,2,0
2020-09-19,US,North Dakota,Slope,7,0,0,46.44737738,-103.4601547,38087.0,933.3333333333336,0.0,7,7,0,0,7,7,763,0,0,0,0,0
2020-09-19,US,North Dakota,Stark,1297,6,0,46.80851182,-102.65763259999999,38089.0,4118.898663025184,0.4626060138781804,1291,1248,6,0,1242,1193,30997,49,0,0,49,55
2020-09-19,US,North Dakota,Steele,27,0,0,47.45611548,-97.72728747,38091.0,1428.5714285714291,0.0,27,27,0,0,27,27,1903,0,0,0,0,0
2020-09-19,US,North Dakota,Stutsman,475,3,0,46.97962541,-98.95637318,38093.0,2294.242658423493,0.631578947368421,472,472,3,0,469,469,20917,3,0,0,3,3
2020-09-19,US,North Dakota,Towner,12,0,0,48.68565745,-99.24564265,38095.0,548.1955230698949,0.0,12,12,0,0,12,11,2192,0,0,0,0,1
2020-09-19,US,North Dakota,Traill,96,0,0,47.45367788,-97.16323288,38097.0,1194.6241911398704,0.0,96,93,0,0,93,90,8037,3,0,0,3,3
2020-09-19,US,North Dakota,Walsh,169,1,0,48.36876964,-97.72574783,38099.0,1588.1965980640914,0.591715976331361,168,168,1,0,167,166,10667,1,0,0,1,2
2020-09-19,US,North Dakota,Ward,870,4,0,48.22390169,-101.54367629999999,38101.0,1286.2021554974053,0.4597701149425287,866,852,4,0,848,800,67744,18,0,0,18,52
2020-09-19,US,North Dakota,Wells,33,0,0,47.58614526,-99.65904998,38103.0,860.7198748043819,0.0,33,33,0,0,33,33,3957,0,0,0,0,0
2020-09-19,US,North Dakota,Williams,794,5,0,48.34522353,-103.4793387,38105.0,2112.3200936444173,0.6297229219143576,789,779,5,0,774,759,35350,15,0,0,15,20
2020-09-19,US,Ohio,Adams,120,4,0,38.84541072,-83.4718964,39001.0,433.2442775651672,3.333333333333333,116,119,4,0,115,117,27724,1,0,0,1,2
2020-09-19,US,Ohio,Allen,1365,67,0,40.77285242,-84.10802343,39003.0,1333.6459829410558,4.908424908424909,1298,1353,67,0,1286,1337,102663,12,0,0,12,16
2020-09-19,US,Ohio,Ashland,222,4,0,40.84772277,-82.27280781,39005.0,415.0774063271258,1.8018018018018016,218,216,4,0,212,212,53745,6,0,0,6,4
2020-09-19,US,Ohio,Ashtabula,641,48,0,41.70860332,-80.74830218,39007.0,659.1869684598059,7.488299531981279,593,638,48,0,590,637,97493,3,0,0,3,1
2020-09-19,US,Ohio,Athens,588,2,0,39.33425634,-82.04278644,39009.0,900.0872533561928,0.3401360544217687,586,581,2,0,579,569,65818,7,0,0,7,12
2020-09-19,US,Ohio,Auglaize,562,9,0,40.55998859,-84.22421429999999,39011.0,1230.9444541790785,1.6014234875444842,553,555,9,0,546,547,45804,7,0,0,7,8
2020-09-19,US,Ohio,Belmont,705,27,0,40.01625942,-80.9924051,39013.0,1052.1445840670983,3.8297872340425534,678,704,27,0,677,704,67505,1,0,0,1,0
2020-09-19,US,Ohio,Brown,273,2,0,38.93416837,-83.86788395,39015.0,628.5687972002211,0.7326007326007326,271,272,2,0,270,271,43602,1,0,0,1,1
2020-09-19,US,Ohio,Butler,5586,99,0,39.44012838,-84.57388716,39017.0,1457.9755385844117,1.7722878625134264,5487,5508,99,0,5409,5487,382378,78,0,0,78,21
2020-09-19,US,Ohio,Carroll,149,7,0,40.578968599999996,-81.09178213,39019.0,553.6152188452106,4.697986577181208,142,149,7,0,142,148,27081,0,0,0,0,1
2020-09-19,US,Ohio,Champaign,287,3,0,40.13923427,-83.76875242,39021.0,738.0738073807381,1.0452961672473868,284,285,3,0,282,283,38754,2,0,0,2,2
2020-09-19,US,Ohio,Clark,1707,38,0,39.91592258,-83.78498252,39023.0,1273.0920400050716,2.2261277094317515,1669,1704,38,0,1666,1693,134585,3,0,0,3,11
2020-09-19,US,Ohio,Clermont,1611,20,0,39.04847534,-84.15375786,39025.0,780.4173852384366,1.2414649286157666,1591,1594,20,0,1574,1579,205466,17,0,0,17,15
2020-09-19,US,Ohio,Clinton,278,13,0,39.41485808,-83.80852286,39027.0,662.4094548227221,4.676258992805756,265,276,13,0,263,275,42057,2,0,0,2,1
2020-09-19,US,Ohio,Columbiana,1918,80,0,40.76932373,-80.78094576,39029.0,1882.551554233778,4.171011470281544,1838,1914,80,0,1834,1907,102665,4,0,0,4,7
2020-09-19,US,Ohio,Coshocton,230,11,0,40.30096166,-81.91729018,39031.0,628.4153005464483,4.782608695652174,219,230,11,0,219,231,36629,0,0,0,0,-1
2020-09-19,US,Ohio,Crawford,217,6,0,40.85065156,-82.91989099,39033.0,522.9671759772497,2.7649769585253456,211,213,6,0,207,208,41550,4,0,0,4,5
2020-09-19,US,Ohio,Cuyahoga,17041,642,0,41.424119,-81.65918339,39035.0,1379.7576173696757,3.7673845431606128,16399,16981,643,0,16338,16907,1243857,60,-1,0,61,74
2020-09-19,US,Ohio,Darke,759,39,0,40.13412966,-84.6194517,39037.0,1484.9451215933325,5.138339920948616,720,752,39,0,713,745,51323,7,0,0,7,7
2020-09-19,US,Ohio,Defiance,279,10,0,41.32398837,-84.49076944,39039.0,732.5334103499882,3.584229390681004,269,276,10,0,266,269,38165,3,0,0,3,7
2020-09-19,US,Ohio,Delaware,2116,20,0,40.27942393,-83.00457058,39041.0,1011.5834914928504,0.9451795841209829,2096,2093,20,0,2073,2069,204826,23,0,0,23,24
2020-09-19,US,Ohio,Erie,896,44,0,41.36796058,-82.62904521,39043.0,1206.4740257991546,4.910714285714286,852,880,44,0,836,871,74615,16,0,0,16,9
2020-09-19,US,Ohio,Fairfield,1999,50,0,39.75107189,-82.63088163,39045.0,1268.6103037303108,2.5012506253126565,1949,1983,50,0,1933,1976,155782,16,0,0,16,7
2020-09-19,US,Ohio,Fayette,225,6,0,39.56021306,-83.4562016,39047.0,788.7817703768624,2.6666666666666665,219,223,6,0,217,223,28666,2,0,0,2,0
2020-09-19,US,Ohio,Franklin,25846,603,0,39.96995815,-83.01115755,39049.0,1962.8541658439374,2.3330496014857234,25243,25658,603,0,25055,25445,1310300,188,0,0,188,213
2020-09-19,US,Ohio,Fulton,232,1,0,41.60213491,-84.12571393,39051.0,550.7287660827043,0.4310344827586207,231,228,1,0,227,222,42276,4,0,0,4,6
2020-09-19,US,Ohio,Gallia,179,12,0,38.82708533,-82.31647569,39053.0,598.7022543313933,6.70391061452514,167,179,12,0,167,179,29979,0,0,0,0,0
2020-09-19,US,Ohio,Geauga,701,47,0,41.49952319,-81.17935342,39055.0,748.539760168288,6.704707560627675,654,701,47,0,654,697,94031,0,0,0,0,4
2020-09-19,US,Ohio,Greene,1338,27,0,39.69116283,-83.89032084,39057.0,792.0112231186772,2.0179372197309418,1311,1313,26,0,1287,1288,167995,25,1,0,24,25
2020-09-19,US,Ohio,Guernsey,155,7,0,40.05026529,-81.49248905,39059.0,398.71382636655954,4.516129032258065,148,155,7,0,148,154,39022,0,0,0,0,1
2020-09-19,US,Ohio,Hamilton,12698,307,0,39.19673558,-84.54502924,39061.0,1553.3234736804764,2.4177035753661995,12391,12622,307,0,12315,12559,816684,76,0,0,76,63
2020-09-19,US,Ohio,Hancock,655,9,0,41.00250487,-83.66838948,39063.0,864.3099375849464,1.3740458015267176,646,646,9,0,637,641,75930,9,0,0,9,5
2020-09-19,US,Ohio,Hardin,249,13,0,40.66015414,-83.65929931,39065.0,793.8785270205643,5.220883534136545,236,248,13,0,235,246,31480,1,0,0,1,2
2020-09-19,US,Ohio,Harrison,60,1,0,40.29380509,-81.09068544,39067.0,398.93617021276594,1.6666666666666667,59,60,1,0,59,60,15174,0,0,0,0,0
2020-09-19,US,Ohio,Henry,294,12,0,41.333964200000004,-84.06830637,39069.0,1088.646967340591,4.081632653061225,282,290,12,0,278,285,27086,4,0,0,4,5
2020-09-19,US,Ohio,Highland,220,3,0,39.1839264,-83.60331456,39071.0,509.71942262690857,1.3636363636363635,217,219,3,0,216,216,43058,1,0,0,1,3
2020-09-19,US,Ohio,Hocking,159,9,0,39.49537927,-82.47991446,39073.0,562.5530710444382,5.660377358490566,150,159,9,0,150,158,28385,0,0,0,0,1
2020-09-19,US,Ohio,Holmes,370,7,0,40.56163713,-81.92635677,39075.0,841.6742493175615,1.891891891891892,363,369,7,0,362,368,43892,1,0,0,1,1
2020-09-19,US,Ohio,Huron,521,7,0,41.14651175,-82.59867951,39077.0,894.1749905605327,1.343570057581574,514,520,7,0,513,520,58504,1,0,0,1,0
2020-09-19,US,Ohio,Jackson,228,4,0,39.01914254,-82.61818559999998,39079.0,703.4214666954617,1.7543859649122806,224,223,4,0,219,216,32384,5,0,0,5,7
2020-09-19,US,Ohio,Jefferson,318,4,0,40.38614126,-80.76259514,39081.0,486.796785304248,1.2578616352201255,314,318,4,0,314,317,65767,0,0,0,0,1
2020-09-19,US,Ohio,Knox,278,15,0,40.39830217,-82.42027563,39083.0,446.0704085234749,5.395683453237409,263,277,15,0,262,276,61893,1,0,0,1,1
2020-09-19,US,Ohio,Lake,1572,49,0,41.69710807,-81.23676539,39085.0,683.0357724778296,3.1170483460559795,1523,1558,49,0,1509,1548,230514,14,0,0,14,10
2020-09-19,US,Ohio,Lawrence,588,18,0,38.59743452,-82.53466552,39087.0,988.8502093738963,3.0612244897959178,570,581,18,0,563,569,59866,7,0,0,7,12
2020-09-19,US,Ohio,Licking,1853,62,0,40.09136236,-82.48185785,39089.0,1047.7095136320972,3.3459255261737724,1791,1835,62,0,1773,1824,175769,18,0,0,18,11
2020-09-19,US,Ohio,Logan,291,3,0,40.38996525,-83.76784341,39091.0,637.1518654755649,1.0309278350515465,288,288,3,0,285,289,45358,3,0,0,3,-1
2020-09-19,US,Ohio,Lorain,2253,86,0,41.29553751,-82.15083537,39093.0,727.1659248692038,3.8171327119396365,2167,2238,86,0,2152,2227,309461,15,0,0,15,11
2020-09-19,US,Ohio,Lucas,7091,357,0,41.62101218,-83.65468618,39095.0,1655.4296973488845,5.034550839091806,6734,7051,356,0,6695,7017,429899,40,1,0,39,34
2020-09-19,US,Ohio,Madison,776,12,0,39.89381073,-83.40178317,39097.0,1734.8147816950213,1.5463917525773196,764,770,12,0,758,764,44413,6,0,0,6,6
2020-09-19,US,Ohio,Mahoning,2988,279,0,41.01631101,-80.77287029,39099.0,1306.6122099150352,9.337349397590364,2709,2981,279,0,2702,2968,229642,7,0,0,7,13
2020-09-19,US,Ohio,Marion,3057,47,0,40.58610662,-83.15736305,39101.0,4696.3575192417,1.537455021262676,3010,3054,47,0,3007,3049,65256,3,0,0,3,5
2020-09-19,US,Ohio,Medina,1420,38,0,41.11770589,-81.89986209999998,39103.0,790.0036718480522,2.676056338028169,1382,1412,38,0,1374,1405,179146,8,0,0,8,7
2020-09-19,US,Ohio,Meigs,170,9,0,39.09224872,-82.0305041,39105.0,742.1312262627142,5.294117647058823,161,168,9,0,159,167,23106,2,0,0,2,1
2020-09-19,US,Ohio,Mercer,1044,17,0,40.54043046,-84.62912742,39107.0,2535.703876420869,1.6283524904214561,1027,1033,17,0,1016,1020,40959,11,0,0,11,13
2020-09-19,US,Ohio,Miami,1341,49,0,40.0543329,-84.22871271,39109.0,1253.423313112808,3.653989560029829,1292,1326,49,0,1277,1312,106222,15,0,0,15,14
2020-09-19,US,Ohio,Monroe,106,18,0,39.72984936,-81.08464734,39111.0,776.3292807968361,16.9811320754717,88,106,18,0,88,106,13790,0,0,0,0,0
2020-09-19,US,Ohio,Montgomery,7443,152,0,39.75394919,-84.29050975,39113.0,1399.8837662007913,2.042187290071208,7291,7402,151,0,7251,7334,532331,41,1,0,40,68
2020-09-19,US,Ohio,Morgan,46,0,0,39.62081738,-81.85308173,39115.0,317.0664460987041,0.0,46,47,0,0,47,46,14604,-1,0,0,-1,1
2020-09-19,US,Ohio,Morrow,247,2,0,40.52363560000001,-82.7892599,39117.0,699.1621376811594,0.8097165991902834,245,247,2,0,245,248,35112,0,0,0,0,-1
2020-09-19,US,Ohio,Muskingum,367,2,0,39.96575964,-81.94363275,39119.0,425.67998608130836,0.5449591280653951,365,365,2,0,363,362,86183,2,0,0,2,3
2020-09-19,US,Ohio,Noble,26,0,0,39.76818851,-81.45937183,39121.0,180.25513033832505,0.0,26,25,0,0,25,24,14354,1,0,0,1,1
2020-09-19,US,Ohio,Ottawa,464,30,0,41.53781826,-83.0940185,39123.0,1144.9722393584207,6.465517241379311,434,464,30,0,434,464,40769,0,0,0,0,0
2020-09-19,US,Ohio,Paulding,101,0,0,41.11676341,-84.5801017,39125.0,540.9168808911741,0.0,101,101,0,0,101,96,18760,0,0,0,0,5
2020-09-19,US,Ohio,Perry,284,9,0,39.73508655,-82.23804971,39127.0,785.9633586096197,3.1690140845070425,275,283,9,0,274,283,36033,1,0,0,1,0
2020-09-19,US,Ohio,Pickaway,2628,44,0,39.64170392,-83.0243386,39129.0,4495.612159365003,1.67427701674277,2584,2623,44,0,2579,2619,58086,5,0,0,5,4
2020-09-19,US,Ohio,Pike,153,0,0,39.07634001,-83.06769584,39131.0,550.9145902347689,0.0,153,144,0,0,144,141,28067,9,0,0,9,3
2020-09-19,US,Ohio,Portage,1064,66,0,41.16793482,-81.19735782,39133.0,654.9062573092217,6.203007518796992,998,1056,66,0,990,1045,162927,8,0,0,8,11
2020-09-19,US,Ohio,Preble,418,13,0,39.7420247,-84.64787018,39135.0,1022.4548701139863,3.1100478468899517,405,415,13,0,402,411,40997,3,0,0,3,4
2020-09-19,US,Ohio,Putnam,537,23,0,41.02094889,-84.1336111,39137.0,1585.8952777531674,4.283054003724395,514,528,23,0,505,509,33780,9,0,0,9,19
2020-09-19,US,Ohio,Richland,781,19,0,40.77180308,-82.53799609999999,39139.0,644.634102051934,2.4327784891165174,762,775,18,0,757,769,121099,6,1,0,5,6
2020-09-19,US,Ohio,Ross,849,22,0,39.33705391,-83.06000914,39141.0,1107.4009339211646,2.591283863368669,827,848,22,0,826,843,76931,1,0,0,1,5
2020-09-19,US,Ohio,Sandusky,554,20,0,41.35624126,-83.137872,39143.0,946.7172493933493,3.610108303249097,534,552,20,0,532,550,58799,2,0,0,2,2
2020-09-19,US,Ohio,Scioto,459,6,0,38.80270163,-82.98907345,39145.0,609.4484425206467,1.30718954248366,453,455,6,0,449,449,75502,4,0,0,4,6
2020-09-19,US,Ohio,Seneca,435,14,0,41.12351311,-83.12783209,39147.0,788.357678785023,3.218390804597701,421,429,14,0,415,418,55207,6,0,0,6,11
2020-09-19,US,Ohio,Shelby,561,9,0,40.33163494,-84.20258189,39149.0,1154.5585511422105,1.60427807486631,552,559,9,0,550,542,48627,2,0,0,2,17
2020-09-19,US,Ohio,Stark,2723,168,0,40.81482476,-81.36437305,39151.0,734.7425567853733,6.169665809768637,2555,2706,168,0,2538,2673,371574,17,0,0,17,33
2020-09-19,US,Ohio,Summit,5073,248,0,41.12464734,-81.53123079,39153.0,937.6854160620908,4.888626059530849,4825,5056,248,0,4808,5020,541918,17,0,0,17,36
2020-09-19,US,Ohio,Trumbull,1847,131,0,41.31735028,-80.76109643,39155.0,932.9507915180783,7.0925825663237685,1716,1841,131,0,1710,1837,198627,6,0,0,6,4
2020-09-19,US,Ohio,Tuscarawas,910,20,0,40.44214695,-81.47226262,39157.0,989.2702229662888,2.1978021978021984,890,908,19,0,889,907,92176,2,1,0,1,1
2020-09-19,US,Ohio,Union,483,2,0,40.30016061,-83.37239023,39159.0,818.8106055468909,0.4140786749482402,481,474,2,0,472,462,57835,9,0,0,9,12
2020-09-19,US,Ohio,Van Wert,110,3,0,40.8554138,-84.59111700000003,39161.0,389.0362511052168,2.727272727272727,107,111,3,0,108,111,28281,-1,0,0,-1,0
2020-09-19,US,Ohio,Vinton,45,3,0,39.25208988,-82.4831444,39163.0,343.90523500191057,6.666666666666668,42,45,3,0,42,45,13139,0,0,0,0,0
2020-09-19,US,Ohio,Warren,2893,48,0,39.42581994,-84.16557457,39165.0,1233.15231754205,1.6591773245765642,2845,2876,48,0,2828,2856,232173,17,0,0,17,20
2020-09-19,US,Ohio,Washington,246,23,0,39.45690571,-81.49121382,39167.0,410.609070120679,9.349593495934961,223,242,23,0,219,242,60155,4,0,0,4,0
2020-09-19,US,Ohio,Wayne,898,66,0,40.82925852,-81.88844833,39169.0,776.0781263503586,7.349665924276169,832,893,66,0,827,892,115967,5,0,0,5,1
2020-09-19,US,Ohio,Williams,197,3,0,41.56052014,-84.58429552,39171.0,536.9017769541044,1.5228426395939083,194,195,3,0,192,188,36804,2,0,0,2,7
2020-09-19,US,Ohio,Wood,1679,71,0,41.36224827,-83.62285108,39173.0,1283.4723315777,4.228707564026206,1608,1646,71,0,1575,1622,130696,33,0,0,33,24
2020-09-19,US,Ohio,Wyandot,201,12,0,40.84339621,-83.30734173,39175.0,923.2041153775493,5.970149253731344,189,200,12,0,188,200,21935,1,0,0,1,0
2020-09-19,US,Oklahoma,Adair,574,10,0,35.88494195,-94.65859267,40001.0,2586.2845814184016,1.7421602787456445,564,562,10,0,552,559,22082,12,0,0,12,3
2020-09-19,US,Oklahoma,Alfalfa,56,0,0,36.73090616,-98.32408495,40003.0,982.1115398105928,0.0,56,42,0,0,42,39,5754,14,0,0,14,3
2020-09-19,US,Oklahoma,Atoka,269,1,0,34.37366573,-96.03802487,40005.0,1955.2260502980084,0.3717472118959108,268,250,1,0,249,246,13838,19,0,0,19,4
2020-09-19,US,Oklahoma,Beaver,48,0,0,36.7496847,-100.4758872,40007.0,903.7845980041423,0.0,48,47,0,0,47,47,5319,1,0,0,1,0
2020-09-19,US,Oklahoma,Beckham,263,1,0,35.26862449,-99.68128023,40009.0,1203.1657440871038,0.3802281368821293,262,239,1,0,238,221,21709,24,0,0,24,18
2020-09-19,US,Oklahoma,Blaine,108,1,0,35.87518314,-98.43307003,40011.0,1145.402481705377,0.925925925925926,107,106,1,0,105,103,9485,2,0,0,2,3
2020-09-19,US,Oklahoma,Bryan,820,4,0,33.96472458,-96.25903472,40013.0,1708.5113032607562,0.4878048780487805,816,803,4,0,799,784,47192,17,0,0,17,19
2020-09-19,US,Oklahoma,Caddo,695,20,0,35.17364557,-98.37534464,40015.0,2416.3827272095127,2.8776978417266186,675,682,20,0,662,671,28977,13,0,0,13,11
2020-09-19,US,Oklahoma,Canadian,1928,16,0,35.5426055,-97.98465569,40017.0,1300.014834194166,0.8298755186721992,1912,1896,16,0,1880,1827,144447,32,0,0,32,69
2020-09-19,US,Oklahoma,Carter,502,8,0,34.25103751,-97.28552485,40019.0,1043.4204236037497,1.593625498007968,494,496,8,0,488,489,48177,6,0,0,6,7
2020-09-19,US,Oklahoma,Cherokee,973,7,0,35.90692775,-94.99980896,40021.0,1999.7122716155948,0.7194244604316546,966,967,7,0,960,940,48675,6,0,0,6,27
2020-09-19,US,Oklahoma,Choctaw,299,2,0,34.02807439,-95.54771129,40023.0,2037.8953107960745,0.6688963210702341,297,293,2,0,291,295,14668,6,0,0,6,-2
2020-09-19,US,Oklahoma,Cimarron,23,0,0,36.74817177,-102.5173885,40025.0,1076.2751520823583,0.0,23,23,0,0,23,22,2153,0,0,0,0,1
2020-09-19,US,Oklahoma,Cleveland,5512,68,0,35.20413532,-97.32519562,40027.0,1940.7493996774808,1.2336719883889695,5444,5397,68,0,5329,5290,281669,115,0,0,115,107
2020-09-19,US,Oklahoma,Coal,71,0,0,34.58840127,-96.29798747,40029.0,1292.083712465878,0.0,71,70,0,0,70,67,5520,1,0,0,1,3
2020-09-19,US,Oklahoma,Comanche,1479,12,0,34.65973764,-98.47195055,40031.0,1224.854864222478,0.8113590263691683,1467,1442,12,0,1430,1427,120422,37,0,0,37,15
2020-09-19,US,Oklahoma,Cotton,64,3,0,34.28845626,-98.37053567,40033.0,1129.5446523120368,4.6875,61,64,3,0,61,65,5776,0,0,0,0,-1
2020-09-19,US,Oklahoma,Craig,404,1,0,36.76268118,-95.20916602,40035.0,2856.7387922500347,0.2475247524752475,403,403,1,0,402,400,14306,1,0,0,1,3
2020-09-19,US,Oklahoma,Creek,1051,30,0,35.90230551,-96.37086028,40037.0,1469.477922876877,2.85442435775452,1021,1032,29,0,1003,1017,71604,19,1,0,18,15
2020-09-19,US,Oklahoma,Custer,475,0,0,35.63853802,-99.00170785,40039.0,1637.7616108678412,0.0,475,467,0,0,467,450,29036,8,0,0,8,17
2020-09-19,US,Oklahoma,Delaware,673,23,0,36.40823634,-94.80325046,40041.0,1564.7887651421795,3.4175334323922733,650,670,23,0,647,661,42733,3,0,0,3,9
2020-09-19,US,Oklahoma,Dewey,58,1,0,35.98772922,-99.00730714,40043.0,1185.8515640973214,1.7241379310344829,57,55,1,0,54,54,4894,3,0,0,3,1
2020-09-19,US,Oklahoma,Ellis,8,0,0,36.218019399999996,-99.75324573,40045.0,207.30759264058045,0.0,8,7,0,0,7,7,3952,1,0,0,1,0
2020-09-19,US,Oklahoma,Garfield,1464,18,0,36.3791334,-97.78265517,40047.0,2397.798742138365,1.2295081967213115,1446,1438,18,0,1420,1402,60913,26,0,0,26,36
2020-09-19,US,Oklahoma,Garvin,332,5,0,34.70418038,-97.30811132,40049.0,1198.080184764173,1.5060240963855422,327,327,4,0,323,323,27811,5,1,0,4,4
2020-09-19,US,Oklahoma,Grady,855,10,0,35.0167709,-97.88339847,40051.0,1531.3249991044886,1.1695906432748535,845,818,10,0,808,783,55551,37,0,0,37,35
2020-09-19,US,Oklahoma,Grant,38,0,0,36.796296999999996,-97.78638765,40053.0,876.9905377336718,0.0,38,37,0,0,37,37,4326,1,0,0,1,0
2020-09-19,US,Oklahoma,Greer,104,8,0,34.93535801,-99.56056120000001,40055.0,1820.7282913165266,7.6923076923076925,96,101,8,0,93,101,5821,3,0,0,3,0
2020-09-19,US,Oklahoma,Harmon,43,0,0,34.7440135,-99.84741652,40057.0,1620.8066339992456,0.0,43,43,0,0,43,43,2664,0,0,0,0,0
2020-09-19,US,Oklahoma,Harper,26,1,0,36.78836519,-99.6679804,40059.0,704.9891540130153,3.8461538461538463,25,26,1,0,25,25,3797,0,0,0,0,1
2020-09-19,US,Oklahoma,Haskell,253,4,0,35.22257600000001,-95.11513306,40061.0,2003.6429872495446,1.5810276679841897,249,249,4,0,245,242,12668,4,0,0,4,7
2020-09-19,US,Oklahoma,Hughes,276,4,0,35.04912569,-96.24921145,40063.0,2078.46976428948,1.4492753623188406,272,272,4,0,268,269,13335,4,0,0,4,3
2020-09-19,US,Oklahoma,Jackson,698,10,0,34.58781741,-99.41138784,40065.0,2845.495311863025,1.4326647564469914,688,691,10,0,681,684,24949,7,0,0,7,7
2020-09-19,US,Oklahoma,Jefferson,42,0,0,34.11130184,-97.83182974,40067.0,699.7667444185272,0.0,42,41,0,0,41,39,6123,1,0,0,1,2
2020-09-19,US,Oklahoma,Johnston,139,4,0,34.31440473,-96.66011537,40069.0,1253.9467749210644,2.8776978417266186,135,138,4,0,134,130,10949,1,0,0,1,8
2020-09-19,US,Oklahoma,Kay,491,13,0,36.81799745,-97.14421435,40071.0,1127.750470853048,2.6476578411405294,478,482,13,0,469,472,44161,9,0,0,9,10
2020-09-19,US,Oklahoma,Kingfisher,318,2,0,35.94530008,-97.94193268,40073.0,2017.126546146527,0.6289308176100629,316,313,2,0,311,310,15816,5,0,0,5,3
2020-09-19,US,Oklahoma,Kiowa,65,2,0,34.91671958,-98.97720696,40075.0,746.4400551217271,3.0769230769230766,63,62,2,0,60,62,8729,3,0,0,3,0
2020-09-19,US,Oklahoma,Latimer,129,2,0,34.87844729,-95.25215049,40077.0,1280.6512459048945,1.5503875968992251,127,129,2,0,127,128,10231,0,0,0,0,1
2020-09-19,US,Oklahoma,Le Flore,978,17,0,34.89851864,-94.70392124,40079.0,1961.7675967343991,1.738241308793456,961,966,17,0,949,941,49980,12,0,0,12,25
2020-09-19,US,Oklahoma,Lincoln,388,10,0,35.70270942,-96.8812462,40081.0,1112.4810046735672,2.5773195876288657,378,379,10,0,369,375,34920,9,0,0,9,4
2020-09-19,US,Oklahoma,Logan,394,1,0,35.91899576,-97.44352845,40083.0,820.6452687925682,0.2538071065989848,393,387,1,0,386,378,47291,7,0,0,7,9
2020-09-19,US,Oklahoma,Love,164,1,0,33.95273467,-97.23906784,40085.0,1599.5318443382425,0.6097560975609756,163,159,1,0,158,157,10134,5,0,0,5,2
2020-09-19,US,Oklahoma,Major,70,1,0,36.31149996,-98.53467076,40093.0,917.5514484205008,1.4285714285714286,69,69,1,0,68,70,7644,1,0,0,1,-1
2020-09-19,US,Oklahoma,Marshall,170,1,0,34.02311222,-96.76855464,40095.0,1004.0753647156104,0.5882352941176471,169,169,1,0,168,166,16806,1,0,0,1,3
2020-09-19,US,Oklahoma,Mayes,530,10,0,36.30179091,-95.23175116,40097.0,1289.5377128953771,1.8867924528301887,520,528,10,0,518,513,41107,2,0,0,2,15
2020-09-19,US,Oklahoma,McClain,776,6,0,35.01123903,-97.44572302,40087.0,1917.2802292829965,0.7731958762886598,770,755,6,0,749,732,39985,21,0,0,21,23
2020-09-19,US,Oklahoma,McCurtain,1212,33,0,34.11664328,-94.77222373,40089.0,3691.5204678362575,2.722772277227723,1179,1201,33,0,1168,1188,32703,11,0,0,11,13
2020-09-19,US,Oklahoma,McIntosh,291,4,0,35.37235506,-95.66599306,40091.0,1484.996938150643,1.3745704467353952,287,290,4,0,286,285,19815,1,0,0,1,5
2020-09-19,US,Oklahoma,Murray,113,1,0,34.48116015,-97.06826283,40099.0,802.9560150643075,0.8849557522123894,112,113,1,0,112,110,13953,0,0,0,0,3
2020-09-19,US,Oklahoma,Muskogee,1678,21,0,35.61318461,-95.37802952,40101.0,2467.7559304086944,1.2514898688915377,1657,1665,21,0,1644,1651,68362,13,0,0,13,14
2020-09-19,US,Oklahoma,Noble,140,2,0,36.38953329,-97.22928674,40103.0,1257.7486299523853,1.4285714285714286,138,139,2,0,137,139,11289,1,0,0,1,0
2020-09-19,US,Oklahoma,Nowata,131,3,0,36.79843529,-95.61902331,40105.0,1300.11909487892,2.2900763358778624,128,130,3,0,127,127,10218,1,0,0,1,3
2020-09-19,US,Oklahoma,Okfuskee,127,4,0,35.46485198,-96.32639984,40107.0,1058.951054781956,3.1496062992125986,123,126,4,0,122,127,12098,1,0,0,1,-1
2020-09-19,US,Oklahoma,Oklahoma,16435,180,0,35.55140095,-97.40716948,40109.0,2060.9856113483997,1.0952236081533313,16255,16177,180,0,15997,15859,792582,258,0,0,258,318
2020-09-19,US,Oklahoma,Okmulgee,769,5,0,35.64661916,-95.96432828,40111.0,1999.220070193683,0.6501950585175552,764,755,5,0,750,747,38335,14,0,0,14,8
2020-09-19,US,Oklahoma,Osage,771,13,0,36.62888819,-96.39635704,40113.0,1641.7179481719656,1.6861219195849546,758,766,13,0,753,755,47014,5,0,0,5,11
2020-09-19,US,Oklahoma,Ottawa,770,4,0,36.83532655,-94.81011909,40115.0,2473.7366273653092,0.5194805194805194,766,764,4,0,760,756,31175,6,0,0,6,8
2020-09-19,US,Oklahoma,Pawnee,239,3,0,36.31743373,-96.70331759999999,40117.0,1459.4528578407426,1.2552301255230125,236,237,3,0,234,237,16390,2,0,0,2,0
2020-09-19,US,Oklahoma,Payne,2008,6,0,36.07695283,-96.97584944,40119.0,2455.247970263132,0.29880478087649404,2002,1966,6,0,1960,1928,82040,42,0,0,42,38
2020-09-19,US,Oklahoma,Pittsburg,865,19,0,34.92065823,-95.75134320000001,40121.0,1981.4908141292885,2.1965317919075145,846,856,19,0,837,849,43877,9,0,0,9,7
2020-09-19,US,Oklahoma,Pontotoc,345,3,0,34.72959848,-96.68337199,40123.0,901.159753421795,0.8695652173913043,342,338,3,0,335,327,38247,7,0,0,7,11
2020-09-19,US,Oklahoma,Pottawatomie,1177,9,0,35.20614018,-96.94923008,40125.0,1621.3907868635665,0.7646559048428208,1168,1145,9,0,1136,1126,72679,32,0,0,32,19
2020-09-19,US,Oklahoma,Pushmataha,145,1,0,34.41635232,-95.37603505,40127.0,1306.7772170151404,0.6896551724137931,144,144,1,0,143,139,11179,1,0,0,1,5
2020-09-19,US,Oklahoma,Roger Mills,26,1,0,35.68711719,-99.69666167,40129.0,725.6488975718671,3.8461538461538463,25,23,1,0,22,21,3656,3,0,0,3,2
2020-09-19,US,Oklahoma,Rogers,1663,47,0,36.37004357,-95.60406759,40131.0,1798.6350706799772,2.826217678893566,1616,1647,46,0,1601,1627,91984,16,1,0,15,20
2020-09-19,US,Oklahoma,Seminole,399,5,0,35.16478725,-96.61686741,40133.0,1644.8182043037348,1.2531328320802004,394,395,5,0,390,393,24578,4,0,0,4,2
2020-09-19,US,Oklahoma,Sequoyah,776,10,0,35.49447108,-94.75463785,40135.0,1866.7757222930552,1.2886597938144329,766,766,10,0,756,750,41179,10,0,0,10,16
2020-09-19,US,Oklahoma,Stephens,374,5,0,34.48556989,-97.85141892,40137.0,866.8845467399115,1.3368983957219251,369,361,5,0,356,356,43265,13,0,0,13,5
2020-09-19,US,Oklahoma,Texas,1403,8,0,36.74777635,-101.4889765,40139.0,7020.9678226492515,0.5702066999287242,1395,1402,8,0,1394,1393,20455,1,0,0,1,9
2020-09-19,US,Oklahoma,Tillman,81,2,0,34.37288446,-98.92426619,40141.0,1117.2413793103447,2.469135802469136,79,81,2,0,79,81,7348,0,0,0,0,0
2020-09-19,US,Oklahoma,Tulsa,15905,152,0,36.11939621,-95.94013939,40143.0,2441.094494376504,0.9556743162527508,15753,15794,152,0,15642,15654,648360,111,0,0,111,140
2020-09-19,US,Oklahoma,Unassigned,70,0,0,0.0,0.0,90040.0,0.0,0.0,70,51,0,0,51,61,,19,0,0,19,-10
2020-09-19,US,Oklahoma,Wagoner,1388,24,0,35.96024096,-95.51911308,40145.0,1707.4880980206424,1.7291066282420748,1364,1379,23,0,1356,1364,80110,9,1,0,8,15
2020-09-19,US,Oklahoma,Washington,948,40,0,36.71380786,-95.90514104,40147.0,1839.8121373260626,4.219409282700422,908,942,40,0,902,939,51843,6,0,0,6,3
2020-09-19,US,Oklahoma,Washita,57,0,0,35.29071824,-98.99180434,40149.0,522.1692927812386,0.0,57,51,0,0,51,50,11127,6,0,0,6,1
2020-09-19,US,Oklahoma,Woods,93,0,0,36.76705782,-98.86573064,40151.0,1057.6595018764926,0.0,93,93,0,0,93,41,8897,0,0,0,0,52
2020-09-19,US,Oklahoma,Woodward,309,0,0,36.42316318,-99.26283045,40153.0,1528.8704170995993,0.0,309,178,0,0,178,175,20222,131,0,0,131,3
2020-09-19,US,Oregon,Baker,90,2,0,44.70915557,-117.6749883,41001.0,558.1741503349044,2.2222222222222223,88,90,2,0,88,89,16006,0,0,0,0,1
2020-09-19,US,Oregon,Benton,251,6,0,44.49167306,-123.4316987,41003.0,269.7387510343568,2.3904382470119523,245,251,6,0,245,247,92101,0,0,0,0,4
2020-09-19,US,Oregon,Clackamas,2226,61,0,45.18787398,-122.2179634,41005.0,532.2977519626387,2.740341419586702,2165,2226,61,0,2165,2199,416075,0,0,0,0,27
2020-09-19,US,Oregon,Clatsop,109,0,0,45.99712889,-123.660711,41007.0,270.98249801113764,0.0,109,109,0,0,109,106,39764,0,0,0,0,3
2020-09-19,US,Oregon,Columbia,148,1,0,45.94464254,-123.08908980000001,41009.0,282.6909118691981,0.6756756756756757,147,148,1,0,147,148,52377,0,0,0,0,0
2020-09-19,US,Oregon,Coos,136,0,0,43.17406868,-124.0594514,41011.0,210.8952191914649,0.0,136,136,0,0,136,134,64389,0,0,0,0,2
2020-09-19,US,Oregon,Crook,60,1,0,44.14230227,-120.356297,41013.0,245.86133420750699,1.6666666666666667,59,60,1,0,59,60,23867,0,0,0,0,0
2020-09-19,US,Oregon,Curry,26,0,0,42.45911325,-124.15728200000001,41015.0,113.41330425299893,0.0,26,26,0,0,26,26,22813,0,0,0,0,0
2020-09-19,US,Oregon,Deschutes,746,12,0,43.91570171,-121.2289121,41017.0,377.354672925561,1.6085790884718498,734,746,12,0,734,739,191996,0,0,0,0,7
2020-09-19,US,Oregon,Douglas,200,3,0,43.27941273,-123.16729099999999,41019.0,180.21265092809517,1.5,197,200,3,0,197,195,110283,0,0,0,0,5
2020-09-19,US,Oregon,Gilliam,7,0,0,45.37160076,-120.20488689999999,41021.0,366.1087866108786,0.0,7,7,0,0,7,7,1894,0,0,0,0,0
2020-09-19,US,Oregon,Grant,8,0,0,44.49024544,-119.0068631,41023.0,111.12654535352131,0.0,8,8,0,0,8,10,7176,0,0,0,0,-2
2020-09-19,US,Oregon,Harney,12,0,0,43.06422669,-118.96663059999999,41025.0,162.31570404436633,0.0,12,12,0,0,12,12,7329,0,0,0,0,0
2020-09-19,US,Oregon,Hood River,241,0,0,45.51872811,-121.65520359999998,41027.0,1030.7073817466428,0.0,241,241,0,0,241,240,23428,0,0,0,0,1
2020-09-19,US,Oregon,Jackson,1021,3,0,42.43201126,-122.72893090000001,41029.0,462.1080454775872,0.2938295788442703,1018,1021,3,0,1018,1007,219564,0,0,0,0,14
2020-09-19,US,Oregon,Jefferson,505,8,0,44.62806839,-121.17832,41031.0,2048.0168707924404,1.5841584158415842,497,505,8,0,497,503,24192,0,0,0,0,2
2020-09-19,US,Oregon,Josephine,180,2,0,42.3665549,-123.5561938,41033.0,205.7448535210945,1.1111111111111112,178,180,2,0,178,180,87393,0,0,0,0,0
2020-09-19,US,Oregon,Klamath,269,2,0,42.68762984,-121.64964609999998,41035.0,394.2085055247809,0.7434944237918215,267,269,2,0,267,267,67653,0,0,0,0,2
2020-09-19,US,Oregon,Lake,29,0,0,42.79246693,-120.38501629999999,41037.0,368.5347566399797,0.0,29,29,0,0,29,29,7879,0,0,0,0,0
2020-09-19,US,Oregon,Lane,933,14,0,43.93727035,-122.847753,41039.0,244.19800715581292,1.5005359056806002,919,933,14,0,919,913,379611,0,0,0,0,20
2020-09-19,US,Oregon,Lincoln,470,13,0,44.64252874,-123.86991200000001,41041.0,940.7149433569513,2.765957446808511,457,470,13,0,457,470,49388,0,0,0,0,0
2020-09-19,US,Oregon,Linn,454,13,0,44.48899494,-122.53731540000001,41043.0,349.90635765978925,2.8634361233480177,441,454,13,0,441,449,127335,0,0,0,0,5
2020-09-19,US,Oregon,Malheur,1490,23,0,43.1937027,-117.62273950000001,41045.0,4873.900101403291,1.5436241610738255,1467,1490,23,0,1467,1470,30725,0,0,0,0,20
2020-09-19,US,Oregon,Marion,4387,89,0,44.90287942,-122.58151170000001,41047.0,1261.291825034932,2.028721221791657,4298,4387,89,0,4298,4336,346868,0,0,0,0,51
2020-09-19,US,Oregon,Morrow,484,5,0,45.41846568,-119.584546,41049.0,4171.334999569077,1.033057851239669,479,484,5,0,479,477,11372,0,0,0,0,7
2020-09-19,US,Oregon,Multnomah,6743,129,0,45.54747959,-122.4169351,41051.0,829.5452448468669,1.9130950615453064,6614,6743,129,0,6614,6690,811880,0,0,0,0,53
2020-09-19,US,Oregon,Polk,493,15,0,44.90322804,-123.4128888,41053.0,572.689783353662,3.042596348884381,478,493,15,0,478,489,85234,0,0,0,0,4
2020-09-19,US,Oregon,Sherman,18,0,0,45.41501554,-120.6827834,41055.0,1011.2359550561798,0.0,18,18,0,0,18,18,1708,0,0,0,0,0
2020-09-19,US,Oregon,Tillamook,48,0,0,45.46248721,-123.712066,41057.0,177.5410563692854,0.0,48,48,0,0,48,47,26787,0,0,0,0,1
2020-09-19,US,Oregon,Umatilla,2895,41,0,45.59073056,-118.7353826,41059.0,3713.919178960872,1.4162348877374784,2854,2895,41,0,2854,2881,77516,0,0,0,0,14
2020-09-19,US,Oregon,Union,435,2,0,45.30915495,-118.0068979,41061.0,1621.0173281162658,0.4597701149425287,433,435,2,0,433,435,26461,0,0,0,0,0
2020-09-19,US,Oregon,Wallowa,28,1,0,45.57894064,-117.18353799999998,41063.0,388.457269700333,3.571428571428572,27,28,1,0,27,28,7081,0,0,0,0,0
2020-09-19,US,Oregon,Wasco,233,3,0,45.16292781,-121.16709540000001,41065.0,873.2478824675811,1.2875536480686696,230,233,3,0,230,230,26505,0,0,0,0,3
2020-09-19,US,Oregon,Washington,4241,58,0,45.55972701,-123.0955257,41067.0,704.9628319525525,1.3676019806649375,4183,4241,58,0,4183,4208,597695,0,0,0,0,33
2020-09-19,US,Oregon,Yamhill,726,14,0,45.23330449,-123.3086963,41071.0,677.8711484593838,1.9283746556473829,712,726,14,0,712,721,107002,0,0,0,0,5
2020-09-19,US,Pennsylvania,Adams,782,25,0,39.87140411,-77.21610347,42001.0,759.1569668669728,3.1969309462915603,757,766,25,0,741,765,102811,16,0,0,16,1
2020-09-19,US,Pennsylvania,Allegheny,11663,345,0,40.46809875,-79.98167747,42003.0,959.0927967303842,2.958072537083084,11318,11578,344,0,11234,11510,1218452,85,1,0,84,68
2020-09-19,US,Pennsylvania,Armstrong,410,17,0,40.81665618,-79.46290811,42005.0,633.3513555263768,4.146341463414634,393,404,16,0,388,399,65263,6,1,0,5,5
2020-09-19,US,Pennsylvania,Beaver,1834,116,0,40.6825484,-80.34921611,42007.0,1118.777031519743,6.324972737186477,1718,1820,112,0,1708,1814,164742,14,4,0,10,6
2020-09-19,US,Pennsylvania,Bedford,224,6,0,40.00522157,-78.48998442,42009.0,467.75810223855683,2.6785714285714284,218,223,6,0,217,222,48176,1,0,0,1,1
2020-09-19,US,Pennsylvania,Berks,6801,387,0,40.41570541,-75.92457766,42011.0,1614.810382653788,5.690339655932951,6414,6773,387,0,6386,6741,420152,28,0,0,28,32
2020-09-19,US,Pennsylvania,Blair,559,15,0,40.47961444,-78.34917412,42013.0,458.8398492969654,2.683363148479428,544,548,15,0,533,540,122492,11,0,0,11,8
2020-09-19,US,Pennsylvania,Bradford,120,3,0,41.78869215,-76.51570822,42015.0,198.9290983538617,2.5,117,119,3,0,116,118,60833,1,0,0,1,1
2020-09-19,US,Pennsylvania,Bucks,8499,598,0,40.33682119,-75.10836643,42017.0,1352.7623473984115,7.036121896693728,7901,8449,598,0,7851,8415,628195,50,0,0,50,34
2020-09-19,US,Pennsylvania,Butler,983,22,0,40.91152759,-79.91351055,42019.0,523.2815020255199,2.2380467955239065,961,976,22,0,954,966,187888,7,0,0,7,10
2020-09-19,US,Pennsylvania,Cambria,540,7,0,40.49527404,-78.71377428,42021.0,414.77202900331815,1.2962962962962965,533,537,7,0,530,528,131730,3,0,0,3,9
2020-09-19,US,Pennsylvania,Cameron,8,0,0,41.43625568,-78.20376845,42023.0,179.89655947830002,0.0,8,8,0,0,8,8,4492,0,0,0,0,0
2020-09-19,US,Pennsylvania,Carbon,444,28,0,40.91545395,-75.7068525,42025.0,691.7827428250912,6.306306306306308,416,443,28,0,415,440,64227,1,0,0,1,3
2020-09-19,US,Pennsylvania,Centre,1727,11,0,40.92058903,-77.82200624,42027.0,1063.5218770206607,0.6369426751592356,1716,1630,11,0,1619,1600,162805,97,0,0,97,30
2020-09-19,US,Pennsylvania,Chester,6510,364,0,39.97291773,-75.74768357,42029.0,1240.025981496755,5.591397849462366,6146,6510,364,0,6146,6462,522046,0,0,0,0,48
2020-09-19,US,Pennsylvania,Clarion,115,3,0,41.19265812,-79.42413524,42031.0,299.1831000572351,2.608695652173913,112,113,3,0,110,113,38779,2,0,0,2,0
2020-09-19,US,Pennsylvania,Clearfield,297,2,0,41.00110782,-78.47592663,42033.0,374.7397640527412,0.6734006734006734,295,295,1,0,294,293,79388,2,1,0,1,2
2020-09-19,US,Pennsylvania,Clinton,186,5,0,41.23255967,-77.63785995,42035.0,481.4661420583972,2.6881720430107525,181,185,5,0,180,185,38684,1,0,0,1,0
2020-09-19,US,Pennsylvania,Columbia,859,35,0,41.04821986,-76.40565017,42037.0,1322.270796133243,4.074505238649593,824,853,35,0,818,848,65456,6,0,0,6,5
2020-09-19,US,Pennsylvania,Crawford,288,3,0,41.68447709,-80.10760592,42039.0,340.30887757151805,1.0416666666666667,285,287,3,0,284,283,85063,1,0,0,1,4
2020-09-19,US,Pennsylvania,Cumberland,1752,75,0,40.1625372,-77.26130755,42041.0,691.4788649011329,4.280821917808218,1677,1739,75,0,1664,1716,251423,13,0,0,13,23
2020-09-19,US,Pennsylvania,Dauphin,3684,173,0,40.41377078,-76.77993242,42043.0,1323.7561040463675,4.695982627578719,3511,3662,171,0,3491,3644,277097,22,2,0,20,18
2020-09-19,US,Pennsylvania,Delaware,11104,748,0,39.91680171,-75.40243663,42045.0,1959.2516590295136,6.736311239193085,10356,11075,747,0,10328,11044,564751,29,1,0,28,31
2020-09-19,US,Pennsylvania,Elk,67,2,0,41.42822061,-78.64524744,42047.0,224.00534938147774,2.985074626865672,65,67,2,0,65,67,30169,0,0,0,0,0
2020-09-19,US,Pennsylvania,Erie,1466,37,0,41.99253829,-80.03301954,42049.0,543.5104994661289,2.52387448840382,1429,1459,37,0,1422,1446,272061,7,0,0,7,13
2020-09-19,US,Pennsylvania,Fayette,766,7,0,39.92041012,-79.64291195,42051.0,592.5398765412999,0.9138381201044388,759,763,7,0,756,759,130441,3,0,0,3,4
2020-09-19,US,Pennsylvania,Forest,14,0,0,41.51095103,-79.23229292,42053.0,193.1833862287843,0.0,14,14,0,0,14,14,7279,0,0,0,0,0
2020-09-19,US,Pennsylvania,Franklin,1710,49,0,39.92956518,-77.72157791,42055.0,1103.0336651034982,2.865497076023392,1661,1701,49,0,1652,1691,154835,9,0,0,9,10
2020-09-19,US,Pennsylvania,Fulton,44,2,0,39.92913544,-78.11163677,42057.0,302.8217481073641,4.545454545454546,42,43,2,0,41,42,14523,1,0,0,1,1
2020-09-19,US,Pennsylvania,Greene,168,1,0,39.85746531,-80.22357106,42059.0,463.66571909585184,0.5952380952380952,167,166,1,0,165,165,36506,2,0,0,2,1
2020-09-19,US,Pennsylvania,Huntingdon,395,6,0,40.42162652,-77.97673273,42061.0,874.9778486620593,1.5189873417721518,389,393,6,0,387,393,45168,2,0,0,2,0
2020-09-19,US,Pennsylvania,Indiana,611,12,0,40.65241041,-79.08963285,42063.0,726.7493725690769,1.9639934533551555,599,605,12,0,593,596,84501,6,0,0,6,9
2020-09-19,US,Pennsylvania,Jefferson,107,2,0,41.12913106,-78.9986361,42065.0,246.40184225676444,1.8691588785046729,105,106,2,0,104,107,43641,1,0,0,1,-1
2020-09-19,US,Pennsylvania,Juniata,178,7,0,40.53358749,-77.39975129999998,42067.0,718.8143601340712,3.9325842696629216,171,173,7,0,166,172,24704,5,0,0,5,1
2020-09-19,US,Pennsylvania,Lackawanna,2375,215,0,41.43564672,-75.60379201,42069.0,1132.710779591175,9.052631578947368,2160,2359,215,0,2144,2337,210793,16,0,0,16,22
2020-09-19,US,Pennsylvania,Lancaster,7514,453,0,40.03904563,-76.24770128,42071.0,1376.8864847432035,6.028746340165025,7061,7478,451,0,7027,7436,543557,36,2,0,34,42
2020-09-19,US,Pennsylvania,Lawrence,499,22,0,40.99206278,-80.33393706,42073.0,583.5438301057162,4.408817635270541,477,495,22,0,473,492,86184,4,0,0,4,3
2020-09-19,US,Pennsylvania,Lebanon,1931,59,0,40.36680311,-76.45651841,42075.0,1361.8443787775134,3.0554117037804245,1872,1909,58,0,1851,1900,141314,22,1,0,21,9
2020-09-19,US,Pennsylvania,Lehigh,5469,346,0,40.6154815,-75.59435245,42077.0,1480.8376521046905,6.326567928323278,5123,5464,346,0,5118,5451,368100,5,0,0,5,13
2020-09-19,US,Pennsylvania,Luzerne,4013,189,0,41.17823008,-75.98447579,42079.0,1264.2675093016444,4.709693496137553,3824,4000,189,0,3811,3989,317646,13,0,0,13,11
2020-09-19,US,Pennsylvania,Lycoming,623,23,0,41.34310539,-77.06629984,42081.0,549.8724613632953,3.6918138041733553,600,617,23,0,594,610,113664,6,0,0,6,7
2020-09-19,US,Pennsylvania,McKean,53,2,0,41.80938602,-78.56478358,42083.0,130.46153846153842,3.7735849056603774,51,53,2,0,51,51,40968,0,0,0,0,2
2020-09-19,US,Pennsylvania,Mercer,688,14,0,41.30248872,-80.25816981,42085.0,628.7468928205877,2.0348837209302326,674,684,13,0,671,663,110683,4,1,0,3,21
2020-09-19,US,Pennsylvania,Mifflin,209,2,0,40.61116939,-77.61070738,42087.0,452.9888595084312,0.9569377990430622,207,208,2,0,206,207,46222,1,0,0,1,1
2020-09-19,US,Pennsylvania,Monroe,1772,129,0,41.05934058,-75.34031025,42089.0,1040.693952581473,7.279909706546277,1643,1771,129,0,1642,1770,169507,1,0,0,1,1
2020-09-19,US,Pennsylvania,Montgomery,11897,870,0,40.21053671,-75.36652296,42091.0,1431.7950692910827,7.312767924686897,11027,11855,869,0,10986,11800,828604,42,1,0,41,55
2020-09-19,US,Pennsylvania,Montour,162,5,0,41.03023987,-76.66345939,42093.0,888.6450905101483,3.08641975308642,157,162,5,0,157,162,18240,0,0,0,0,0
2020-09-19,US,Pennsylvania,Northampton,4364,304,0,40.75182733,-75.30471829,42095.0,1429.4839248571004,6.96608615948671,4060,4349,304,0,4045,4329,304807,15,0,0,15,20
2020-09-19,US,Pennsylvania,Northumberland,861,48,0,40.84785433,-76.70798222,42097.0,947.7890426339948,5.574912891986064,813,848,47,0,801,832,91083,13,1,0,12,16
2020-09-19,US,Pennsylvania,Perry,204,6,0,40.40206612,-77.26297447,42099.0,440.8713692946058,2.9411764705882355,198,201,6,0,195,198,46139,3,0,0,3,3
2020-09-19,US,Pennsylvania,Philadelphia,35583,1784,0,40.00338507,-75.1379271,42101.0,2246.310755121005,5.013630104263272,33799,35583,1784,0,33799,35529,1584138,0,0,0,0,54
2020-09-19,US,Pennsylvania,Pike,565,21,0,41.33155042,-75.03208106,42103.0,1012.3815155261696,3.7168141592920354,544,564,21,0,543,561,55933,1,0,0,1,3
2020-09-19,US,Pennsylvania,Potter,25,0,0,41.74471626,-77.89559864,42105.0,151.27677598935009,0.0,25,25,0,0,25,25,16622,0,0,0,0,0
2020-09-19,US,Pennsylvania,Schuylkill,1058,52,0,40.70497338,-76.2150785,42107.0,748.4489845004563,4.914933837429111,1006,1054,52,0,1002,1051,142067,4,0,0,4,3
2020-09-19,US,Pennsylvania,Snyder,255,3,0,40.77129231,-77.06840691,42109.0,631.6258793223026,1.1764705882352942,252,252,3,0,249,243,40540,3,0,0,3,9
2020-09-19,US,Pennsylvania,Somerset,203,3,0,39.97172723,-79.02699593,42111.0,276.3897776628045,1.477832512315271,200,201,3,0,198,197,73952,2,0,0,2,4
2020-09-19,US,Pennsylvania,Sullivan,11,0,0,41.44634738,-76.51246591,42113.0,181.3386086383119,0.0,11,11,0,0,11,11,6071,0,0,0,0,0
2020-09-19,US,Pennsylvania,Susquehanna,293,28,0,41.82147784,-75.80071959,42115.0,726.5423527077963,9.55631399317406,265,293,28,0,265,291,40589,0,0,0,0,2
2020-09-19,US,Pennsylvania,Tioga,61,3,0,41.77255149,-77.25433032,42117.0,150.27961863467272,4.918032786885246,58,56,3,0,53,52,40763,5,0,0,5,4
2020-09-19,US,Pennsylvania,Union,451,6,0,40.96188846,-77.05996014,42119.0,1003.9400752398548,1.3303769401330376,445,451,6,0,445,448,44785,0,0,0,0,3
2020-09-19,US,Pennsylvania,Venango,80,1,0,41.40323442,-79.75845449,42121.0,157.89058182679403,1.25,79,80,1,0,79,80,51266,0,0,0,0,0
2020-09-19,US,Pennsylvania,Warren,42,1,0,41.81304978,-79.26969577,42123.0,107.16746191727691,2.380952380952381,41,42,1,0,41,42,39498,0,0,0,0,0
2020-09-19,US,Pennsylvania,Washington,1275,29,0,40.19208869,-80.24582867,42125.0,616.3439924588499,2.2745098039215685,1246,1268,29,0,1239,1250,207346,7,0,0,7,18
2020-09-19,US,Pennsylvania,Wayne,214,10,0,41.64938475,-75.29956506,42127.0,416.6585541558769,4.672897196261682,204,211,10,0,201,208,51276,3,0,0,3,3
2020-09-19,US,Pennsylvania,Westmoreland,2046,50,0,40.31377979999999,-79.46615476,42129.0,586.4161261568535,2.443792766373412,1996,2032,50,0,1982,2021,350611,14,0,0,14,11
2020-09-19,US,Pennsylvania,Wyoming,72,8,0,41.51955538,-76.01074915,42131.0,268.7168769127417,11.111111111111109,64,72,8,0,64,72,27046,0,0,0,0,0
2020-09-19,US,Pennsylvania,York,4453,141,0,39.9210089,-76.73040131,42133.0,991.6313705579234,3.1664046710083085,4312,4391,138,0,4253,4361,448273,62,3,0,59,30
2020-09-19,US,Puerto Rico,Adjuntas,142,0,0,18.180117000000006,-66.754367,72001.0,728.8405276394806,0.0,142,141,0,0,141,140,,1,0,0,1,1
2020-09-19,US,Puerto Rico,Aguada,305,0,0,18.360255,-67.17513100000001,72003.0,726.9000691150885,0.0,305,289,0,0,289,284,,16,0,0,16,5
2020-09-19,US,Puerto Rico,Aguadilla,406,0,0,18.459681,-67.12081500000001,72005.0,666.1306994372344,0.0,406,386,0,0,386,383,,20,0,0,20,3
2020-09-19,US,Puerto Rico,Aguas Buenas,245,0,0,18.251619,-66.126806,72007.0,854.8797934331275,0.0,245,238,0,0,238,232,,7,0,0,7,6
2020-09-19,US,Puerto Rico,Aibonito,145,0,0,18.131361,-66.264131,72009.0,559.8455598455598,0.0,145,140,0,0,140,139,,5,0,0,5,1
2020-09-19,US,Puerto Rico,Anasco,217,0,0,18.287985,-67.120611,72011.0,741.6014490277161,0.0,217,209,0,0,209,209,,8,0,0,8,0
2020-09-19,US,Puerto Rico,Arecibo,691,0,0,18.406631,-66.675077,72013.0,716.5076731646617,0.0,691,662,0,0,662,628,,29,0,0,29,34
2020-09-19,US,Puerto Rico,Arroyo,159,0,0,17.998457000000005,-66.056546,72015.0,812.2605363984676,0.0,159,153,0,0,153,149,,6,0,0,6,4
2020-09-19,US,Puerto Rico,Barceloneta,203,0,0,18.445532999999998,-66.56053100000001,72017.0,818.0206318504191,0.0,203,187,0,0,187,160,,16,0,0,16,27
2020-09-19,US,Puerto Rico,Barranquitas,406,0,0,18.201592,-66.30963,72019.0,1339.1384655979946,0.0,406,393,0,0,393,388,,13,0,0,13,5
2020-09-19,US,Puerto Rico,Bayamon,3242,0,0,18.34946,-66.168435,72021.0,1557.7850813969133,0.0,3242,3152,0,0,3152,3108,,90,0,0,90,44
2020-09-19,US,Puerto Rico,Cabo Rojo,309,0,0,18.040993,-67.154391,72023.0,606.8700041243593,0.0,309,301,0,0,301,300,,8,0,0,8,1
2020-09-19,US,Puerto Rico,Caguas,1394,0,0,18.211615,-66.050779,72025.0,975.5551356609493,0.0,1394,1344,0,0,1344,1321,,50,0,0,50,23
2020-09-19,US,Puerto Rico,Camuy,233,0,0,18.418578,-66.860206,72027.0,662.7037173981058,0.0,233,227,0,0,227,221,,6,0,0,6,6
2020-09-19,US,Puerto Rico,Canovanas,619,0,0,18.328802,-65.887612,72029.0,1299.1101410342512,0.0,619,606,0,0,606,598,,13,0,0,13,8
2020-09-19,US,Puerto Rico,Carolina,2344,0,0,18.374986,-65.95683100000001,72031.0,1326.0768717258236,0.0,2344,2279,0,0,2279,2238,,65,0,0,65,41
2020-09-19,US,Puerto Rico,Catano,390,0,0,18.437269,-66.14330600000001,72033.0,1385.9275053304905,0.0,390,381,0,0,381,375,,9,0,0,9,6
2020-09-19,US,Puerto Rico,Cayey,320,0,0,18.102851,-66.14914,72035.0,665.017976267171,0.0,320,312,0,0,312,308,,8,0,0,8,4
2020-09-19,US,Puerto Rico,Ceiba,107,0,0,18.251818,-65.666416,72037.0,784.9754236666423,0.0,107,104,0,0,104,102,,3,0,0,3,2
2020-09-19,US,Puerto Rico,Ciales,212,0,0,18.28885,-66.516475,72039.0,1128.7402832499201,0.0,212,207,0,0,207,203,,5,0,0,5,4
2020-09-19,US,Puerto Rico,Cidra,285,0,0,18.173559,-66.161179,72041.0,655.473781048758,0.0,285,280,0,0,280,274,,5,0,0,5,6
2020-09-19,US,Puerto Rico,Coamo,258,0,0,18.097597,-66.36014,72043.0,636.8483412322274,0.0,258,246,0,0,246,241,,12,0,0,12,5
2020-09-19,US,Puerto Rico,Comerio,222,0,0,18.224687,-66.221622,72045.0,1068.4377707190297,0.0,222,204,0,0,204,201,,18,0,0,18,3
2020-09-19,US,Puerto Rico,Corozal,540,0,0,18.304264,-66.327738,72047.0,1453.8797049162674,0.0,540,519,0,0,519,499,,21,0,0,21,20
2020-09-19,US,Puerto Rico,Culebra,22,0,0,18.31586,-65.28813000000001,72049.0,1210.1210121012102,0.0,22,22,0,0,22,22,,0,0,0,0,0
2020-09-19,US,Puerto Rico,Dorado,652,0,0,18.436115,-66.278669,72051.0,1708.371544608935,0.0,652,614,0,0,614,611,,38,0,0,38,3
2020-09-19,US,Puerto Rico,Fajardo,466,0,0,18.318373,-65.666866,72053.0,1259.6977806612065,0.0,466,450,0,0,450,429,,16,0,0,16,21
2020-09-19,US,Puerto Rico,Florida,242,0,0,18.373715,-66.560488,72054.0,1908.517350157729,0.0,242,236,0,0,236,232,,6,0,0,6,4
2020-09-19,US,Puerto Rico,Guanica,92,0,0,17.982429,-66.91964300000001,72055.0,473.5677150357748,0.0,92,89,0,0,89,88,,3,0,0,3,1
2020-09-19,US,Puerto Rico,Guayama,276,0,0,18.007516,-66.13390799999999,72057.0,608.4387813588468,0.0,276,270,0,0,270,267,,6,0,0,6,3
2020-09-19,US,Puerto Rico,Guayanilla,159,0,0,18.039942,-66.79186,72059.0,736.7591863213013,0.0,159,152,0,0,152,152,,7,0,0,7,0
2020-09-19,US,Puerto Rico,Guaynabo,1516,0,0,18.345114000000002,-66.11452299999999,72061.0,1548.1393733916098,0.0,1516,1473,0,0,1473,1445,,43,0,0,43,28
2020-09-19,US,Puerto Rico,Gurabo,470,0,0,18.266461,-65.97970500000001,72063.0,1035.9496572549538,0.0,470,453,0,0,453,434,,17,0,0,17,19
2020-09-19,US,Puerto Rico,Hatillo,236,0,0,18.410928,-66.79632600000001,72065.0,562.5342645341215,0.0,236,232,0,0,232,226,,4,0,0,4,6
2020-09-19,US,Puerto Rico,Hormigueros,153,0,0,18.134532,-67.113972,72067.0,886.9565217391304,0.0,153,145,0,0,145,144,,8,0,0,8,1
2020-09-19,US,Puerto Rico,Humacao,435,0,0,18.145211,-65.810174,72069.0,744.0221667293813,0.0,435,421,0,0,421,396,,14,0,0,14,25
2020-09-19,US,Puerto Rico,Isabela,242,0,0,18.44981,-67.005093,72071.0,530.3412154018101,0.0,242,239,0,0,239,236,,3,0,0,3,3
2020-09-19,US,Puerto Rico,Jayuya,219,0,0,18.211446,-66.58878,72073.0,1315.9476024516287,0.0,219,219,0,0,219,219,,0,0,0,0,0
2020-09-19,US,Puerto Rico,Juana Diaz,313,0,0,18.050764,-66.49458100000001,72075.0,391.7543837691028,0.0,313,304,0,0,304,300,,9,0,0,9,4
2020-09-19,US,Puerto Rico,Juncos,330,0,0,18.223793,-65.909109,72077.0,819.0618019359642,0.0,330,311,0,0,311,300,,19,0,0,19,11
2020-09-19,US,Puerto Rico,Lajas,133,0,0,18.011661,-67.040585,72079.0,516.4446860559933,0.0,133,130,0,0,130,130,,3,0,0,3,0
2020-09-19,US,Puerto Rico,Lares,299,0,0,18.269035000000002,-66.867236,72081.0,972.2628686632196,0.0,299,287,0,0,287,278,,12,0,0,12,9
2020-09-19,US,Puerto Rico,Las Marias,95,0,0,18.23679,-66.98362,72083.0,961.4411496812064,0.0,95,94,0,0,94,92,,1,0,0,1,2
2020-09-19,US,Puerto Rico,Las Piedras,418,0,0,18.187527,-65.86946800000001,72085.0,1080.8015513897867,0.0,418,406,0,0,406,400,,12,0,0,12,6
2020-09-19,US,Puerto Rico,Loiza,230,0,0,18.425688,-65.89943000000001,72087.0,765.1363938789087,0.0,230,222,0,0,222,218,,8,0,0,8,4
2020-09-19,US,Puerto Rico,Luquillo,218,0,0,18.342114000000002,-65.72509699999999,72089.0,1086.3065577038071,0.0,218,204,0,0,204,200,,14,0,0,14,4
2020-09-19,US,Puerto Rico,Manati,485,0,0,18.420473,-66.490461,72091.0,1099.4491419762883,0.0,485,452,0,0,452,448,,33,0,0,33,4
2020-09-19,US,Puerto Rico,Maricao,78,0,0,18.171795,-66.942126,72093.0,1242.8298279158698,0.0,78,76,0,0,76,75,,2,0,0,2,1
2020-09-19,US,Puerto Rico,Maunabo,107,0,0,18.017889,-65.922235,72095.0,875.2556237218814,0.0,107,107,0,0,107,104,,0,0,0,0,3
2020-09-19,US,Puerto Rico,Mayaguez,742,0,0,18.2013,-67.1452,72097.0,832.9591378536148,0.0,742,735,0,0,735,727,,7,0,0,7,8
2020-09-19,US,Puerto Rico,Moca,321,0,0,18.377805,-67.080952,72099.0,800.3191303697424,0.0,321,308,0,0,308,305,,13,0,0,13,3
2020-09-19,US,Puerto Rico,Morovis,480,0,0,18.316963,-66.420383,72101.0,1471.9411223551058,0.0,480,470,0,0,470,459,,10,0,0,10,11
2020-09-19,US,Puerto Rico,Naguabo,182,0,0,18.230636999999998,-65.753897,72103.0,681.1377245508983,0.0,182,175,0,0,175,173,,7,0,0,7,2
2020-09-19,US,Puerto Rico,Naranjito,551,0,0,18.288019,-66.252703,72105.0,1812.3807644233927,0.0,551,535,0,0,535,532,,16,0,0,16,3
2020-09-19,US,Puerto Rico,Orocovis,308,0,0,18.215046,-66.433604,72107.0,1314.9468471160824,0.0,308,301,0,0,301,299,,7,0,0,7,2
2020-09-19,US,Puerto Rico,Out of PR,777,0,0,0.0,0.0,72888.0,0.0,0.0,777,772,0,0,772,770,,5,0,0,5,2
2020-09-19,US,Puerto Rico,Patillas,165,0,0,18.03174,-66.012242,72109.0,855.94231467552,0.0,165,161,0,0,161,155,,4,0,0,4,6
2020-09-19,US,Puerto Rico,Penuelas,107,0,0,18.059645,-66.721572,72111.0,440.65562968454003,0.0,107,103,0,0,103,103,,4,0,0,4,0
2020-09-19,US,Puerto Rico,Ponce,776,0,0,18.059498,-66.613748,72113.0,466.550830592748,0.0,776,733,0,0,733,724,,43,0,0,43,9
2020-09-19,US,Puerto Rico,Quebradillas,152,0,0,18.439692,-66.926113,72115.0,586.4423781781704,0.0,152,150,0,0,150,147,,2,0,0,2,3
2020-09-19,US,Puerto Rico,Rincon,157,0,0,18.335442999999998,-67.23174,72117.0,1032.8947368421052,0.0,157,150,0,0,150,149,,7,0,0,7,1
2020-09-19,US,Puerto Rico,Rio Grande,526,0,0,18.346329,-65.813742,72119.0,968.6210960518564,0.0,526,513,0,0,513,496,,13,0,0,13,17
2020-09-19,US,Puerto Rico,Sabana Grande,187,0,0,18.08282,-66.943758,72121.0,740.1543637443103,0.0,187,179,0,0,179,181,,8,0,0,8,-2
2020-09-19,US,Puerto Rico,Salinas,387,0,0,18.010386999999994,-66.256592,72123.0,1245.2538773408842,0.0,387,375,0,0,375,373,,12,0,0,12,2
2020-09-19,US,Puerto Rico,San German,228,0,0,18.111484,-67.03858100000001,72125.0,641.7654178512117,0.0,228,218,0,0,218,216,,10,0,0,10,2
2020-09-19,US,Puerto Rico,San Juan,6591,0,0,18.386933,-66.061128,72127.0,1667.2316012607314,0.0,6591,6398,0,0,6398,6265,,193,0,0,193,133
2020-09-19,US,Puerto Rico,San Lorenzo,415,0,0,18.147987,-65.976392,72129.0,1010.7652589020413,0.0,415,392,0,0,392,372,,23,0,0,23,20
2020-09-19,US,Puerto Rico,San Sebastian,333,0,0,18.328646,-66.971214,72131.0,784.8220598633043,0.0,333,318,0,0,318,316,,15,0,0,15,2
2020-09-19,US,Puerto Rico,Santa Isabel,160,0,0,17.994525,-66.388913,72133.0,687.4624043997594,0.0,160,149,0,0,149,149,,11,0,0,11,0
2020-09-19,US,Puerto Rico,Toa Alta,1149,0,0,18.362406,-66.246616,72135.0,1551.319093781222,0.0,1149,1123,0,0,1123,1094,,26,0,0,26,29
2020-09-19,US,Puerto Rico,Toa Baja,1127,0,0,18.431445999999998,-66.213553,72137.0,1257.6861699159685,0.0,1127,1090,0,0,1090,1069,,37,0,0,37,21
2020-09-19,US,Puerto Rico,Trujillo Alto,929,0,0,18.336159,-65.99888399999999,72139.0,1241.2816333075011,0.0,929,897,0,0,897,874,,32,0,0,32,23
2020-09-19,US,Puerto Rico,Unassigned,556,605,0,0.0,0.0,72999.0,0.0,108.81294964028775,-49,533,599,0,-66,474,,23,6,0,17,59
2020-09-19,US,Puerto Rico,Utuado,127,0,0,18.271214,-66.702984,72141.0,383.11864611300484,0.0,127,125,0,0,125,122,,2,0,0,2,3
2020-09-19,US,Puerto Rico,Vega Alta,607,0,0,18.409346,-66.33725,72143.0,1519.361217491427,0.0,607,587,0,0,587,576,,20,0,0,20,11
2020-09-19,US,Puerto Rico,Vega Baja,844,0,0,18.428262,-66.397924,72145.0,1414.6357815695083,0.0,844,822,0,0,822,811,,22,0,0,22,11
2020-09-19,US,Puerto Rico,Vieques,86,0,0,18.123276,-65.44097099999999,72147.0,924.6317600258037,0.0,86,86,0,0,86,86,,0,0,0,0,0
2020-09-19,US,Puerto Rico,Villalba,127,0,0,18.127951,-66.473115,72149.0,487.0939285851263,0.0,127,120,0,0,120,117,,7,0,0,7,3
2020-09-19,US,Puerto Rico,Yabucoa,259,0,0,18.070399,-65.896289,72151.0,682.6388339790727,0.0,259,250,0,0,250,243,,9,0,0,9,7
2020-09-19,US,Puerto Rico,Yauco,357,0,0,18.080374,-66.858814,72153.0,849.1306519515732,0.0,357,348,0,0,348,343,,9,0,0,9,5
2020-09-19,US,Rhode Island,Bristol,382,0,0,41.71018079,-71.28652315,44001.0,787.9700488871471,0.0,382,382,0,0,382,382,48649,0,0,0,0,0
2020-09-19,US,Rhode Island,Kent,1796,0,0,41.67106337,-71.57641596,44003.0,1093.175565456626,0.0,1796,1796,0,0,1796,1796,163861,0,0,0,0,0
2020-09-19,US,Rhode Island,Newport,502,0,0,41.5642026,-71.26569799,44005.0,611.5835384128068,0.0,502,502,0,0,502,502,82542,0,0,0,0,0
2020-09-19,US,Rhode Island,Providence,17941,0,0,41.87064746,-71.57753536,44007.0,2807.9714397955336,0.0,17941,17941,0,0,17941,17941,636084,0,0,0,0,0
2020-09-19,US,Rhode Island,Unassigned,2246,1088,0,0.0,0.0,90044.0,0.0,48.44167408726626,1158,2246,1088,0,1158,2114,,0,0,0,0,132
2020-09-19,US,Rhode Island,Washington,753,0,0,41.45961631,-71.61435303,44009.0,599.6320982345493,0.0,753,753,0,0,753,753,126179,0,0,0,0,0
2020-09-19,US,South Carolina,Abbeville,530,12,0,34.22333378,-82.46170658,45001.0,2160.8839238390347,2.2641509433962264,518,530,12,0,518,515,24541,0,0,0,0,15
2020-09-19,US,South Carolina,Aiken,2619,77,0,33.54338026,-81.63645384,45003.0,1532.7262512289901,2.940053455517373,2542,2596,77,0,2519,2577,169401,23,0,0,23,19
2020-09-19,US,South Carolina,Allendale,355,6,0,32.98837386,-81.35321066,45005.0,4086.09576427256,1.6901408450704225,349,349,6,0,343,343,8903,6,0,0,6,6
2020-09-19,US,South Carolina,Anderson,4002,162,0,34.51828081,-82.63959517,45007.0,1975.7304080806484,4.047976011994003,3840,3941,159,0,3782,3889,200482,61,3,0,58,52
2020-09-19,US,South Carolina,Bamberg,610,33,0,33.21927586,-81.05659969,45009.0,4336.698421726148,5.409836065573771,577,603,33,0,570,599,14275,7,0,0,7,4
2020-09-19,US,South Carolina,Barnwell,600,17,0,33.26679302,-81.43584352,45011.0,2875.4912297517494,2.833333333333333,583,595,17,0,578,595,21112,5,0,0,5,0
2020-09-19,US,South Carolina,Beaufort,5403,81,0,32.39226291,-80.72619758,45013.0,2812.275533254911,1.4991671293725708,5322,5370,80,0,5290,5342,188715,33,1,0,32,28
2020-09-19,US,South Carolina,Berkeley,5315,87,0,33.20222596,-79.94654523,45015.0,2332.0915987661638,1.6368767638758233,5228,5292,87,0,5205,5275,221091,23,0,0,23,17
2020-09-19,US,South Carolina,Calhoun,439,17,0,33.66926881,-80.77722168,45017.0,3016.560159417302,3.87243735763098,422,439,17,0,422,441,14520,0,0,0,0,-2
2020-09-19,US,South Carolina,Charleston,15455,256,0,32.82487866,-79.96512315,45019.0,3756.629703990705,1.6564218699450015,15199,15378,255,0,15123,15332,405905,77,1,0,76,46
2020-09-19,US,South Carolina,Cherokee,1065,35,0,35.05122251,-81.61828622,45021.0,1858.6387434554968,3.286384976525821,1030,1062,35,0,1027,1044,57078,3,0,0,3,18
2020-09-19,US,South Carolina,Chester,1010,21,0,34.69249168,-81.1583216,45023.0,3132.365711450192,2.0792079207920797,989,1005,21,0,984,1002,32251,5,0,0,5,3
2020-09-19,US,South Carolina,Chesterfield,1179,34,0,34.64137396,-80.15640140000002,45025.0,2582.694414019715,2.883799830364716,1145,1176,34,0,1142,1156,45754,3,0,0,3,20
2020-09-19,US,South Carolina,Clarendon,1067,66,0,33.66610974,-80.21647898,45027.0,3161.9499185064446,6.185567010309278,1001,1065,66,0,999,1054,33700,2,0,0,2,11
2020-09-19,US,South Carolina,Colleton,983,42,0,32.87582989,-80.67641292,45029.0,2609.018764763649,4.27263479145473,941,977,42,0,935,973,37660,6,0,0,6,4
2020-09-19,US,South Carolina,Darlington,1944,51,0,34.33358335,-79.96027485,45031.0,2918.130235071603,2.623456790123457,1893,1925,51,0,1874,1901,66802,19,0,0,19,24
2020-09-19,US,South Carolina,Dillon,950,31,0,34.39007791,-79.37741872,45033.0,3116.900160766429,3.263157894736842,919,938,31,0,907,920,30599,12,0,0,12,18
2020-09-19,US,South Carolina,Dorchester,4022,88,0,33.0794369,-80.40502652,45035.0,2470.379401630131,2.187966185977126,3934,3995,88,0,3907,3989,160647,27,0,0,27,6
2020-09-19,US,South Carolina,Edgefield,533,17,0,33.77221995,-81.96231108,45037.0,1955.2457813646367,3.189493433395872,516,531,17,0,514,526,27052,2,0,0,2,5
2020-09-19,US,South Carolina,Fairfield,739,34,0,34.39287073,-81.1195624,45039.0,3306.931579182888,4.600811907983761,705,735,34,0,701,730,22402,4,0,0,4,5
2020-09-19,US,South Carolina,Florence,4779,181,0,34.02361754,-79.70189312,45041.0,3455.7063625780047,3.7874032224314713,4598,4749,180,0,4569,4727,138159,30,1,0,29,22
2020-09-19,US,South Carolina,Georgetown,1857,44,0,33.43443342,-79.33202141,45043.0,2962.667517549457,2.369413031771675,1813,1852,44,0,1808,1845,62249,5,0,0,5,7
2020-09-19,US,South Carolina,Greenville,13710,288,0,34.89502264,-82.37295012,45045.0,2618.701078423508,2.100656455142232,13422,13634,287,0,13347,13558,514213,76,1,0,75,76
2020-09-19,US,South Carolina,Greenwood,2138,71,0,34.15272415,-82.12715789,45047.0,3019.304910254057,3.3208606173994393,2067,2121,71,0,2050,2106,70741,17,0,0,17,15
2020-09-19,US,South Carolina,Hampton,604,25,0,32.77419582,-81.13845571,45049.0,3142.2328581833317,4.139072847682119,579,598,25,0,573,593,19351,6,0,0,6,5
2020-09-19,US,South Carolina,Horry,10084,195,0,33.9212828,-78.99555293,45051.0,2847.9359242659166,1.9337564458548195,9889,10057,195,0,9862,10013,344147,27,0,0,27,44
2020-09-19,US,South Carolina,Jasper,770,19,0,32.43171982,-81.02487495,45053.0,2560.436271738769,2.467532467532468,751,761,19,0,742,754,28971,9,0,0,9,7
2020-09-19,US,South Carolina,Kershaw,1853,36,0,34.33988254,-80.58763164,45055.0,2784.3308139622245,1.9427954668105771,1817,1834,36,0,1798,1824,65592,19,0,0,19,10
2020-09-19,US,South Carolina,Lancaster,2034,45,0,34.68270843,-80.70513032,45057.0,2075.2560910908874,2.2123893805309733,1989,2014,45,0,1969,2000,95380,20,0,0,20,14
2020-09-19,US,South Carolina,Laurens,1603,54,0,34.48244419,-82.00490796,45059.0,2375.061117449217,3.3686837180286964,1549,1600,54,0,1546,1583,66994,3,0,0,3,17
2020-09-19,US,South Carolina,Lee,696,34,0,34.16393091,-80.25690731,45061.0,4135.963869740908,4.885057471264369,662,696,34,0,662,694,17142,0,0,0,0,2
2020-09-19,US,South Carolina,Lexington,6714,154,0,33.89665987,-81.27146426,45063.0,2247.3640167364015,2.2937146261543044,6560,6648,153,0,6495,6595,295032,66,1,0,65,53
2020-09-19,US,South Carolina,Marion,820,22,0,34.07859748,-79.36400756,45067.0,2674.756173141534,2.6829268292682933,798,806,22,0,784,800,31039,14,0,0,14,6
2020-09-19,US,South Carolina,Marlboro,892,11,0,34.59905577,-79.67561152,45069.0,3415.2691630293284,1.2331838565022422,881,879,10,0,869,875,26398,13,1,0,12,4
2020-09-19,US,South Carolina,McCormick,195,6,0,33.90161443,-82.30794338,45065.0,2060.6572968403257,3.0769230769230766,189,195,5,0,190,190,9410,0,1,0,-1,5
2020-09-19,US,South Carolina,Newberry,1170,20,0,34.28629098,-81.59935761,45071.0,3043.7044745057233,1.709401709401709,1150,1159,20,0,1139,1123,38520,11,0,0,11,36
2020-09-19,US,South Carolina,Oconee,1329,27,0,34.75225169,-83.06742317,45073.0,1670.7314006989664,2.031602708803612,1302,1321,27,0,1294,1311,78374,8,0,0,8,10
2020-09-19,US,South Carolina,Orangeburg,3031,121,0,33.4391073,-80.79886287,45075.0,3517.261386713084,3.992081821181128,2910,3027,121,0,2906,3017,86934,4,0,0,4,10
2020-09-19,US,South Carolina,Pickens,2720,41,0,34.88807695,-82.72791551,45077.0,2143.690299801393,1.5073529411764706,2679,2706,41,0,2665,2691,124937,14,0,0,14,15
2020-09-19,US,South Carolina,Richland,14349,224,0,34.01791263,-80.90267209,45079.0,3451.2782645715424,1.5610843961251657,14125,14220,223,0,13997,14141,414576,129,1,0,128,79
2020-09-19,US,South Carolina,Saluda,670,20,0,34.00795823,-81.72713237,45081.0,3272.6029404581645,2.985074626865672,650,668,20,0,648,665,20544,2,0,0,2,3
2020-09-19,US,South Carolina,Spartanburg,6352,189,0,34.92960077,-81.99225984,45083.0,1986.3345685382367,2.9754408060453397,6163,6312,189,0,6123,6261,313888,40,0,0,40,51
2020-09-19,US,South Carolina,Sumter,3118,77,0,33.91826534,-80.37942316,45085.0,2921.6367912594524,2.4695317511225143,3041,3104,77,0,3027,3068,106512,14,0,0,14,36
2020-09-19,US,South Carolina,Union,534,11,0,34.68835752,-81.61730349,45087.0,1954.8982281446768,2.059925093632959,523,526,11,0,515,520,27410,8,0,0,8,6
2020-09-19,US,South Carolina,Williamsburg,1302,41,0,33.62190129,-79.72767442,45089.0,4287.407797681772,3.1490015360983103,1261,1289,41,0,1248,1281,30606,13,0,0,13,8
2020-09-19,US,South Carolina,York,5096,65,0,34.97281497,-81.18085944,45091.0,1813.6586720003986,1.2755102040816326,5031,5040,65,0,4975,5008,274118,56,0,0,56,32
2020-09-19,US,South Dakota,Aurora,44,0,0,43.71757685,-98.56050467,46003.0,1599.4183933115232,0.0,44,44,0,0,44,42,2801,0,0,0,0,2
2020-09-19,US,South Dakota,Beadle,696,9,0,44.41464384,-98.27858469,46005.0,3771.744431799707,1.293103448275862,687,691,9,0,682,679,18883,5,0,0,5,12
2020-09-19,US,South Dakota,Bennett,63,1,0,43.19486375,-101.6665572,46007.0,1872.2139673105496,1.5873015873015872,62,57,1,0,56,45,3468,6,0,0,6,12
2020-09-19,US,South Dakota,Bon Homme,75,1,0,42.98914167,-97.88592746,46009.0,1086.79901463556,1.3333333333333333,74,74,1,0,73,72,6980,1,0,0,1,2
2020-09-19,US,South Dakota,Brookings,658,2,0,44.36974375,-96.79079945,46011.0,1875.8730792257033,0.30395136778115506,656,632,2,0,630,622,35232,26,0,0,26,10
2020-09-19,US,South Dakota,Brown,1017,3,0,45.58994323,-98.35165355,46013.0,2618.5020211642936,0.2949852507374631,1014,1001,3,0,998,979,39316,16,0,0,16,22
2020-09-19,US,South Dakota,Brule,92,0,0,43.71756379,-99.08118954,46015.0,1736.8321691523504,0.0,92,89,0,0,89,86,5229,3,0,0,3,3
2020-09-19,US,South Dakota,Buffalo,117,3,0,44.07657829,-99.20814467,46017.0,5963.302752293578,2.5641025641025643,114,117,3,0,114,115,2036,0,0,0,0,2
2020-09-19,US,South Dakota,Butte,74,1,0,44.90608745,-103.5079318,46019.0,709.5598811007768,1.351351351351351,73,74,1,0,73,73,10222,0,0,0,0,1
2020-09-19,US,South Dakota,Campbell,10,0,0,45.77074915,-100.0510181,46021.0,726.7441860465117,0.0,10,7,0,0,7,7,1377,3,0,0,3,0
2020-09-19,US,South Dakota,Charles Mix,139,0,0,43.20660134,-98.58856175,46023.0,1495.9104606112785,0.0,139,136,0,0,136,135,9338,3,0,0,3,1
2020-09-19,US,South Dakota,Clark,32,0,0,44.85834507,-97.72925109,46025.0,856.5310492505354,0.0,32,31,0,0,31,31,3739,1,0,0,1,0
2020-09-19,US,South Dakota,Clay,531,5,0,42.91296147,-96.97656917,46027.0,3773.987206823028,0.9416195856873822,526,529,5,0,524,526,14041,2,0,0,2,3
2020-09-19,US,South Dakota,Codington,682,3,0,44.97788119,-97.18827677,46029.0,2434.931629119212,0.4398826979472141,679,662,2,0,660,638,28015,20,1,0,19,24
2020-09-19,US,South Dakota,Corson,81,1,0,45.70889983,-101.1970473,46031.0,1982.3788546255507,1.2345679012345678,80,80,1,0,79,78,4165,1,0,0,1,2
2020-09-19,US,South Dakota,Custer,169,2,0,43.67741105,-103.45345209999999,46033.0,1883.6379848417291,1.183431952662722,167,166,2,0,164,166,8726,3,0,0,3,0
2020-09-19,US,South Dakota,Davison,200,2,0,43.67490933,-98.14458906,46035.0,1011.378002528445,1.0,198,197,2,0,195,186,19790,3,0,0,3,11
2020-09-19,US,South Dakota,Day,59,0,0,45.367281,-97.60737498,46037.0,1087.7581120943953,0.0,59,58,0,0,58,52,5505,1,0,0,1,6
2020-09-19,US,South Dakota,Deuel,75,0,0,44.75994309,-96.66943645,46039.0,1723.741668581935,0.0,75,75,0,0,75,74,4337,0,0,0,0,1
2020-09-19,US,South Dakota,Dewey,115,0,0,45.15639647,-100.8709139,46041.0,1951.7990495587242,0.0,115,112,0,0,112,108,5904,3,0,0,3,4
2020-09-19,US,South Dakota,Douglas,57,0,0,43.38520741,-98.36978007,46043.0,1951.3865114686746,0.0,57,50,0,0,50,50,2935,7,0,0,7,0
2020-09-19,US,South Dakota,Edmunds,80,0,0,45.41846445,-99.21545423,46045.0,2089.3183598850874,0.0,80,78,0,0,78,73,3875,2,0,0,2,5
2020-09-19,US,South Dakota,Fall River,87,3,0,43.23929297,-103.5275691,46047.0,1295.9928496946225,3.4482758620689653,84,85,2,0,83,81,6758,2,1,0,1,4
2020-09-19,US,South Dakota,Faulk,58,1,0,45.07082625,-99.14535601,46049.0,2522.836015658982,1.7241379310344829,57,57,1,0,56,57,2330,1,0,0,1,0
2020-09-19,US,South Dakota,Grant,87,1,0,45.1723937,-96.77002276,46051.0,1233.6925694838346,1.1494252873563218,86,85,1,0,84,75,7147,2,0,0,2,10
2020-09-19,US,South Dakota,Gregory,93,1,0,43.19419064,-99.18883902,46053.0,2222.222222222222,1.075268817204301,92,85,1,0,84,80,4212,8,0,0,8,5
2020-09-19,US,South Dakota,Haakon,17,0,0,44.29299053,-101.539099,46055.0,895.2080042127435,0.0,17,15,0,0,15,15,1918,2,0,0,2,0
2020-09-19,US,South Dakota,Hamlin,79,0,0,44.67385954,-97.18829593,46057.0,1281.6353017521092,0.0,79,78,0,0,78,77,6111,1,0,0,1,1
2020-09-19,US,South Dakota,Hand,25,0,0,44.54708407,-99.00386459,46059.0,783.4534628643057,0.0,25,24,0,0,24,22,3262,1,0,0,1,2
2020-09-19,US,South Dakota,Hanson,28,0,0,43.6746384,-97.78715148,46061.0,810.8890819577182,0.0,28,28,0,0,28,27,3376,0,0,0,0,1
2020-09-19,US,South Dakota,Harding,3,0,0,45.58015551,-103.4958629,46063.0,231.12480739599386,0.0,3,3,0,0,3,3,1249,0,0,0,0,0
2020-09-19,US,South Dakota,Hughes,295,4,0,44.39091534,-99.99661148,46065.0,1683.213511354559,1.3559322033898304,291,290,4,0,286,268,17650,5,0,0,5,22
2020-09-19,US,South Dakota,Hutchinson,71,2,0,43.33449012,-97.75536441,46067.0,973.803319160609,2.8169014084507036,69,68,2,0,66,67,7380,3,0,0,3,1
2020-09-19,US,South Dakota,Hyde,15,0,0,44.54747703,-99.48572582,46069.0,1152.9592621060722,0.0,15,11,0,0,11,9,1282,4,0,0,4,2
2020-09-19,US,South Dakota,Jackson,24,1,0,43.69318385,-101.6255063,46071.0,717.7033492822967,4.166666666666667,23,20,1,0,19,18,3307,4,0,0,4,2
2020-09-19,US,South Dakota,Jerauld,66,1,0,44.06637798,-98.62965972,46073.0,3278.688524590164,1.5151515151515151,65,63,1,0,62,58,2043,3,0,0,3,5
2020-09-19,US,South Dakota,Jones,7,0,0,43.96278565,-100.6940008,46075.0,775.1937984496125,0.0,7,6,0,0,6,6,928,1,0,0,1,0
2020-09-19,US,South Dakota,Kingsbury,41,0,0,44.36956169,-97.4913945,46077.0,830.1275561854626,0.0,41,39,0,0,39,36,4919,2,0,0,2,3
2020-09-19,US,South Dakota,Lake,169,7,0,44.02193107,-97.12926365,46079.0,1320.6220207861218,4.142011834319527,162,162,7,0,155,155,13057,7,0,0,7,7
2020-09-19,US,South Dakota,Lawrence,321,4,0,44.35919441,-103.79294279999999,46081.0,1242.067791363566,1.2461059190031152,317,312,4,0,308,309,25741,9,0,0,9,3
2020-09-19,US,South Dakota,Lincoln,1190,2,0,43.27841182,-96.72039050000001,46083.0,1946.7347205863107,0.16806722689075632,1188,1169,2,0,1167,1150,58807,21,0,0,21,19
2020-09-19,US,South Dakota,Lyman,110,3,0,43.89522709,-99.85201878,46085.0,2909.283258397249,2.727272727272727,107,109,3,0,106,109,3821,1,0,0,1,0
2020-09-19,US,South Dakota,Marshall,33,0,0,45.75870838,-97.59855639,46091.0,668.693009118541,0.0,33,33,0,0,33,31,5112,0,0,0,0,2
2020-09-19,US,South Dakota,McCook,80,1,0,43.6742571,-97.36863144,46087.0,1432.1518080916578,1.25,79,78,1,0,77,78,5546,2,0,0,2,0
2020-09-19,US,South Dakota,McPherson,27,0,0,45.76626028,-99.22118798,46089.0,1134.9306431273644,0.0,27,25,0,0,25,22,2407,2,0,0,2,3
2020-09-19,US,South Dakota,Meade,444,4,0,44.56676791,-102.71627409999999,46093.0,1567.132570944515,0.9009009009009008,440,430,4,0,426,422,28294,14,0,0,14,8
2020-09-19,US,South Dakota,Mellette,29,0,0,43.58078848,-100.7563186,46095.0,1407.0839398350315,0.0,29,30,0,0,30,29,2042,-1,0,0,-1,1
2020-09-19,US,South Dakota,Miner,19,0,0,44.02197882,-97.60992207,46097.0,857.4007220216606,0.0,19,19,0,0,19,19,2213,0,0,0,0,0
2020-09-19,US,South Dakota,Minnehaha,6170,76,0,43.67441641,-96.7910885,46099.0,3194.6731285014557,1.2317666126418152,6094,6105,76,0,6029,6033,192876,65,0,0,65,72
2020-09-19,US,South Dakota,Moody,69,0,0,44.02266214,-96.67081159,46101.0,1049.2700729927008,0.0,69,68,0,0,68,65,6579,1,0,0,1,3
2020-09-19,US,South Dakota,Oglala Lakota,219,3,0,43.33749164,-102.55554980000001,46102.0,1544.755590040206,1.3698630136986298,216,215,3,0,212,215,14309,4,0,0,4,0
2020-09-19,US,South Dakota,Pennington,1960,35,0,44.0025835,-102.8240777,46103.0,1722.6983080641614,1.7857142857142858,1925,1926,34,0,1892,1897,111729,34,1,0,33,29
2020-09-19,US,South Dakota,Perkins,28,0,0,45.49049506,-102.47555859999999,46105.0,977.3123909249564,0.0,28,28,0,0,28,27,2922,0,0,0,0,1
2020-09-19,US,South Dakota,Potter,35,0,0,45.06583079,-99.95498503,46107.0,1625.6386437529031,0.0,35,33,0,0,33,33,2207,2,0,0,2,0
2020-09-19,US,South Dakota,Roberts,148,1,0,45.62975048,-96.94672673,46109.0,1423.898402924764,0.6756756756756757,147,139,1,0,138,139,10447,9,0,0,9,0
2020-09-19,US,South Dakota,Sanborn,18,0,0,44.02351092,-98.09098159999999,46111.0,767.9180887372014,0.0,18,17,0,0,17,17,2429,1,0,0,1,0
2020-09-19,US,South Dakota,Spink,102,0,0,44.93837606,-98.34626602,46115.0,1599.7490589711413,0.0,102,97,0,0,97,92,6495,5,0,0,5,5
2020-09-19,US,South Dakota,Stanley,32,0,0,44.41381872,-100.7349153,46117.0,1032.9244673983214,0.0,32,29,0,0,29,28,3022,3,0,0,3,1
2020-09-19,US,South Dakota,Sully,9,0,0,44.71571812,-100.1278092,46119.0,647.0165348670023,0.0,9,9,0,0,9,9,1392,0,0,0,0,0
2020-09-19,US,South Dakota,Todd,104,5,0,43.19338568,-100.71955030000001,46121.0,1021.9121548589958,4.807692307692308,99,102,5,0,97,100,10283,2,0,0,2,2
2020-09-19,US,South Dakota,Tripp,88,0,0,43.34459388,-99.8854891,46123.0,1617.3497518838446,0.0,88,72,0,0,72,63,5478,16,0,0,16,9
2020-09-19,US,South Dakota,Turner,135,2,0,43.3109081,-97.14865776,46125.0,1610.2099236641222,1.4814814814814814,133,131,0,0,131,115,8424,4,2,0,2,16
2020-09-19,US,South Dakota,Union,349,6,0,42.83112163,-96.6557828,46127.0,2190.5598794878233,1.7191977077363896,343,341,6,0,335,335,15619,8,0,0,8,6
2020-09-19,US,South Dakota,Walworth,89,0,0,45.43019636,-100.03075140000001,46129.0,1637.5344986200553,0.0,89,84,0,0,84,76,5587,5,0,0,5,8
2020-09-19,US,South Dakota,Yankton,345,4,0,43.00924485,-97.39467635,46135.0,1512.2293328657845,1.1594202898550725,341,335,4,0,331,323,22869,10,0,0,10,12
2020-09-19,US,South Dakota,Ziebach,60,0,0,44.97881876,-101.6654622,46137.0,2177.068214804064,0.0,60,60,0,0,60,59,2742,0,0,0,0,1
2020-09-19,US,Tennessee,Anderson,1117,11,0,36.12684348,-84.19965764,47001.0,1451.0639403465925,0.9847806624888094,1106,1103,11,0,1092,1072,76482,14,0,0,14,31
2020-09-19,US,Tennessee,Bedford,1295,16,0,35.51123746,-86.45549096,47003.0,2604.952426930581,1.2355212355212355,1279,1287,16,0,1271,1267,49038,8,0,0,8,20
2020-09-19,US,Tennessee,Benton,331,9,0,36.07110411,-88.06849355,47005.0,2048.267326732673,2.7190332326283992,322,329,9,0,320,325,16184,2,0,0,2,4
2020-09-19,US,Tennessee,Bledsoe,844,4,0,35.59942968,-85.20611967,47007.0,5602.761550716941,0.4739336492890995,840,842,4,0,838,838,14755,2,0,0,2,4
2020-09-19,US,Tennessee,Blount,2425,23,0,35.68938198,-83.92847788,47009.0,1822.102668910796,0.9484536082474226,2402,2411,23,0,2388,2387,131349,14,0,0,14,24
2020-09-19,US,Tennessee,Bradley,2818,16,0,35.15739424,-84.857186,47011.0,2606.604384423273,0.5677785663591199,2802,2800,16,0,2784,2779,106727,18,0,0,18,21
2020-09-19,US,Tennessee,Campbell,415,3,0,36.40355516,-84.15108559999999,47013.0,1041.6143767883138,0.7228915662650602,412,412,3,0,409,408,39583,3,0,0,3,4
2020-09-19,US,Tennessee,Cannon,269,0,0,35.80990797,-86.05738983,47015.0,1832.6747513285184,0.0,269,263,0,0,263,257,14462,6,0,0,6,6
2020-09-19,US,Tennessee,Carroll,816,17,0,35.97366108,-88.45189331,47017.0,2938.740231209709,2.083333333333333,799,806,16,0,790,787,28020,10,1,0,9,19
2020-09-19,US,Tennessee,Carter,1108,27,0,36.28969086,-82.12588974,47019.0,1964.8525473923144,2.436823104693141,1081,1106,27,0,1079,1084,56351,2,0,0,2,22
2020-09-19,US,Tennessee,Cheatham,784,10,0,36.26136216,-87.08903581,47021.0,1927.8530503848328,1.2755102040816326,774,781,10,0,771,776,40439,3,0,0,3,5
2020-09-19,US,Tennessee,Chester,576,9,0,35.42527478,-88.6095842,47023.0,3330.057235358733,1.5625,567,569,9,0,560,554,17276,7,0,0,7,15
2020-09-19,US,Tennessee,Claiborne,423,4,0,36.48319149,-83.65947309,47025.0,1323.5708251196845,0.9456264775413712,419,419,4,0,415,414,31756,4,0,0,4,5
2020-09-19,US,Tennessee,Clay,182,5,0,36.55151008,-85.53930419,47027.0,2390.019697964544,2.7472527472527477,177,176,5,0,171,168,7717,6,0,0,6,8
2020-09-19,US,Tennessee,Cocke,730,9,0,35.9278914,-83.11828725,47029.0,2027.5524941673148,1.2328767123287672,721,724,9,0,715,720,35774,6,0,0,6,4
2020-09-19,US,Tennessee,Coffee,1069,12,0,35.49090731,-86.07311784,47031.0,1891.3658881811746,1.1225444340505144,1057,1057,12,0,1045,1015,55700,12,0,0,12,42
2020-09-19,US,Tennessee,Crockett,497,19,0,35.81830662,-89.14916269,47033.0,3492.6212227687984,3.8229376257545273,478,495,19,0,476,484,14328,2,0,0,2,11
2020-09-19,US,Tennessee,Cumberland,1143,17,0,35.95271721,-84.99840585,47035.0,1888.631857237277,1.4873140857392826,1126,1126,16,0,1110,1112,59673,17,1,0,16,14
2020-09-19,US,Tennessee,Davidson,25840,289,0,36.17007426,-86.78646056,47037.0,3722.5705329153607,1.118421052631579,25551,25798,287,0,25511,25652,692587,42,2,0,40,146
2020-09-19,US,Tennessee,DeKalb,541,11,0,35.97616272,-85.83689361,47041.0,2640.312347486579,2.033271719038817,530,542,10,0,532,537,20138,-1,1,0,-2,5
2020-09-19,US,Tennessee,Decatur,455,6,0,35.60048904,-88.11043779,47039.0,3901.226099631313,1.3186813186813189,449,452,6,0,446,427,11706,3,0,0,3,25
2020-09-19,US,Tennessee,Dickson,1176,12,0,36.14669837,-87.35891709,47043.0,2179.8769185141246,1.020408163265306,1164,1166,12,0,1154,1156,53446,10,0,0,10,10
2020-09-19,US,Tennessee,Dyer,1253,12,0,36.05931946,-89.41542855,47045.0,3371.996017115637,0.9577015163607342,1241,1246,13,0,1233,1210,37320,7,-1,0,8,36
2020-09-19,US,Tennessee,Fayette,1111,18,0,35.19615831,-89.41399032,47047.0,2700.9943354484235,1.62016201620162,1093,1110,17,0,1093,1092,40507,1,1,0,0,18
2020-09-19,US,Tennessee,Fentress,422,3,0,36.38128818,-84.92870012,47049.0,2278.248663823355,0.7109004739336493,419,406,3,0,403,382,18217,16,0,0,16,24
2020-09-19,US,Tennessee,Franklin,875,7,0,35.15634626,-86.09201039,47051.0,2073.0667172100075,0.8,868,862,7,0,855,819,41890,13,0,0,13,43
2020-09-19,US,Tennessee,Gibson,1492,19,0,35.99438059,-88.93358327,47053.0,3036.655608247004,1.2734584450402144,1473,1464,19,0,1445,1430,49045,28,0,0,28,34
2020-09-19,US,Tennessee,Giles,549,17,0,35.20222469,-87.03992678,47055.0,1863.2907955471078,3.0965391621129332,532,547,17,0,530,541,29503,2,0,0,2,6
2020-09-19,US,Tennessee,Grainger,346,2,0,36.27469206,-83.51254721,47057.0,1483.704974271012,0.5780346820809249,344,337,2,0,335,331,23145,9,0,0,9,6
2020-09-19,US,Tennessee,Greene,1079,36,0,36.17470125,-82.84691273,47059.0,1562.205910031997,3.336422613531047,1043,1075,36,0,1039,1037,69087,4,0,0,4,38
2020-09-19,US,Tennessee,Grundy,230,5,0,35.38433717,-85.72142731,47061.0,1712.966410962985,2.1739130434782608,225,219,5,0,214,203,13346,11,0,0,11,16
2020-09-19,US,Tennessee,Hamblen,1831,25,0,36.21990035,-83.26586179,47063.0,2819.7862444944103,1.3653741125068268,1806,1824,25,0,1799,1798,64569,7,0,0,7,26
2020-09-19,US,Tennessee,Hamilton,9033,88,0,35.17670231,-85.16652245,47065.0,2455.927613620298,0.9742056902468724,8945,8985,89,0,8896,8899,364286,48,-1,0,49,86
2020-09-19,US,Tennessee,Hancock,106,3,0,36.52692871,-83.22375847,47067.0,1601.2084592145015,2.830188679245283,103,106,2,0,104,105,6549,0,1,0,-1,1
2020-09-19,US,Tennessee,Hardeman,1513,25,0,35.20772017,-88.99161161,47069.0,6039.920159680639,1.652346331791143,1488,1512,25,0,1487,1491,25220,1,0,0,1,21
2020-09-19,US,Tennessee,Hardin,954,14,0,35.19732531,-88.18593755,47071.0,3719.00826446281,1.4675052410901468,940,941,14,0,927,922,25776,13,0,0,13,19
2020-09-19,US,Tennessee,Hawkins,747,16,0,36.44355426,-82.94885298,47073.0,1315.465079420984,2.14190093708166,731,742,16,0,726,731,56530,5,0,0,5,11
2020-09-19,US,Tennessee,Haywood,900,16,0,35.58332824,-89.28536625,47075.0,5201.109570041609,1.7777777777777777,884,896,16,0,880,880,17335,4,0,0,4,16
2020-09-19,US,Tennessee,Henderson,1101,19,0,35.65581134,-88.38600175,47077.0,3915.780488672333,1.7257039055404175,1082,1089,19,0,1070,1068,27847,12,0,0,12,21
2020-09-19,US,Tennessee,Henry,594,9,0,36.33160906,-88.30121797,47079.0,1836.450765187819,1.5151515151515151,585,590,9,0,581,575,32358,4,0,0,4,15
2020-09-19,US,Tennessee,Hickman,515,4,0,35.80609681,-87.47643507,47081.0,2045.436492175709,0.7766990291262136,511,507,4,0,503,493,25063,8,0,0,8,14
2020-09-19,US,Tennessee,Houston,178,0,0,36.28872054,-87.71878828,47083.0,2170.4670162175344,0.0,178,171,0,0,171,163,8263,7,0,0,7,8
2020-09-19,US,Tennessee,Humphreys,224,3,0,36.03958805,-87.77992872,47085.0,1205.467656872242,1.3392857142857142,221,221,3,0,218,215,18486,3,0,0,3,6
2020-09-19,US,Tennessee,Jackson,302,4,0,36.36380466,-85.67239905,47087.0,2562.3621245545564,1.3245033112582782,298,298,4,0,294,294,11758,4,0,0,4,4
2020-09-19,US,Tennessee,Jefferson,1051,14,0,36.04818632,-83.45148924,47089.0,1928.617304339848,1.3320647002854424,1037,1046,14,0,1032,1022,54012,5,0,0,5,24
2020-09-19,US,Tennessee,Johnson,635,2,0,36.45523950000001,-81.84886538,47091.0,3569.822352147515,0.31496062992125984,633,633,2,0,631,620,17778,2,0,0,2,13
2020-09-19,US,Tennessee,Knox,8806,72,0,35.99508821,-83.94635435,47093.0,1872.370102463679,0.8176243470361118,8734,8726,71,0,8655,8577,465289,80,1,0,79,149
2020-09-19,US,Tennessee,Lake,871,2,0,36.34180170000001,-89.48921915,47095.0,12414.481185860892,0.2296211251435132,869,868,2,0,866,865,7411,3,0,0,3,3
2020-09-19,US,Tennessee,Lauderdale,928,15,0,35.75893438,-89.63015909999999,47097.0,3620.3331642804205,1.6163793103448276,913,923,14,0,909,910,25825,5,1,0,4,13
2020-09-19,US,Tennessee,Lawrence,939,11,0,35.21675201,-87.39787695,47099.0,2127.2257713742015,1.1714589989350372,928,930,11,0,919,911,43734,9,0,0,9,19
2020-09-19,US,Tennessee,Lewis,169,1,0,35.52853208,-87.49022694,47101.0,1377.567655689599,0.591715976331361,168,168,1,0,167,160,12086,1,0,0,1,8
2020-09-19,US,Tennessee,Lincoln,576,1,0,35.13738622,-86.58910106,47103.0,1676.0751905953562,0.1736111111111111,575,566,1,0,565,556,34117,10,0,0,10,10
2020-09-19,US,Tennessee,Loudon,1099,6,0,35.73939663,-84.31145275,47105.0,2032.6255825996893,0.5459508644222021,1093,1093,6,0,1087,1074,53054,6,0,0,6,19
2020-09-19,US,Tennessee,Macon,1007,19,0,36.53157855,-86.00778595,47111.0,4093.163157466873,1.8867924528301887,988,1000,19,0,981,997,24265,7,0,0,7,3
2020-09-19,US,Tennessee,Madison,2596,56,0,35.61181957,-88.84076036,47113.0,2649.412148922273,2.157164869029276,2540,2568,56,0,2512,2510,97605,28,0,0,28,58
2020-09-19,US,Tennessee,Marion,493,7,0,35.12997174,-85.62265895,47115.0,1705.4692635001902,1.4198782961460443,486,488,7,0,481,476,28575,5,0,0,5,12
2020-09-19,US,Tennessee,Marshall,698,5,0,35.45798777,-86.76420988,47117.0,2030.5454545454545,0.7163323782234957,693,697,4,0,693,679,33683,1,1,0,0,18
2020-09-19,US,Tennessee,Maury,2183,23,0,35.618741299999996,-87.07462444,47119.0,2264.8282444728025,1.053595968850206,2160,2178,22,0,2156,2136,94340,5,1,0,4,42
2020-09-19,US,Tennessee,McMinn,1045,24,0,35.42812616,-84.61520715,47107.0,1942.595828531063,2.2966507177033493,1021,1028,24,0,1004,1007,53285,17,0,0,17,21
2020-09-19,US,Tennessee,McNairy,783,16,0,35.17468549,-88.5647812,47109.0,3047.404063205417,2.0434227330779056,767,778,16,0,762,762,25832,5,0,0,5,16
2020-09-19,US,Tennessee,Meigs,216,3,0,35.51558739,-84.81482914,47121.0,1738.8504266623734,1.3888888888888888,213,216,3,0,213,208,12306,0,0,0,0,8
2020-09-19,US,Tennessee,Monroe,994,16,0,35.44550387,-84.24902965,47123.0,2135.5677301536152,1.6096579476861168,978,987,16,0,971,975,46357,7,0,0,7,12
2020-09-19,US,Tennessee,Montgomery,2922,43,0,36.49609412,-87.38550661,47125.0,1398.1329518213531,1.4715947980835045,2879,2918,41,0,2877,2887,205950,4,2,0,2,31
2020-09-19,US,Tennessee,Moore,145,1,0,35.27724699,-86.36230578,47127.0,2234.8951911220715,0.6896551724137931,144,145,1,0,144,141,6411,0,0,0,0,4
2020-09-19,US,Tennessee,Morgan,302,3,0,36.13248031,-84.64880098,47129.0,1411.0171471289073,0.9933774834437086,299,299,3,0,296,293,21579,3,0,0,3,6
2020-09-19,US,Tennessee,Obion,1066,9,0,36.35732446,-89.14921589,47131.0,3545.179420665802,0.8442776735459663,1057,1060,9,0,1051,1040,30267,6,0,0,6,20
2020-09-19,US,Tennessee,Out of TN,2811,23,0,0.0,0.0,80047.0,0.0,0.8182141586623978,2788,2876,23,0,2853,2736,,-65,0,0,-65,140
2020-09-19,US,Tennessee,Overton,673,4,0,36.34117832,-85.28989535,47133.0,3025.9430780990065,0.5943536404160475,669,662,3,0,659,658,22068,11,1,0,10,4
2020-09-19,US,Tennessee,Perry,140,0,0,35.63708728,-87.86139634,47135.0,1733.5314512134719,0.0,140,138,0,0,138,134,8064,2,0,0,2,4
2020-09-19,US,Tennessee,Pickett,94,2,0,36.55606529,-85.07763299999998,47137.0,1862.1236133122034,2.127659574468085,92,95,2,0,93,92,5082,-1,0,0,-1,3
2020-09-19,US,Tennessee,Polk,375,11,0,35.12245443,-84.52075859,47139.0,2227.8992395437267,2.933333333333333,364,371,11,0,360,369,16898,4,0,0,4,2
2020-09-19,US,Tennessee,Putnam,3019,37,0,36.14005459,-85.50646123,47141.0,3762.2281762103557,1.2255713812520703,2982,2965,37,0,2928,2925,78843,54,0,0,54,40
2020-09-19,US,Tennessee,Rhea,766,11,0,35.60536161,-84.93076643,47143.0,2309.5245273916844,1.4360313315926894,755,763,11,0,752,754,33044,3,0,0,3,9
2020-09-19,US,Tennessee,Roane,828,4,0,35.84923189,-84.52458689,47145.0,1551.0846352703159,0.4830917874396135,824,812,3,0,809,789,53140,16,1,0,15,23
2020-09-19,US,Tennessee,Robertson,2151,33,0,36.52454807,-86.87346725,47147.0,2995.2794062356397,1.5341701534170151,2118,2141,34,0,2107,2126,71012,10,-1,0,11,15
2020-09-19,US,Tennessee,Rutherford,8902,87,0,35.84591405,-86.4107263,47149.0,2679.025535308545,0.9773084700067399,8815,8869,87,0,8782,8779,324890,33,0,0,33,90
2020-09-19,US,Tennessee,Scott,197,2,0,36.42325673,-84.50360494,47151.0,892.6953054196118,1.0152284263959392,195,194,2,0,192,188,22039,3,0,0,3,6
2020-09-19,US,Tennessee,Sequatchie,219,3,0,35.36979721,-85.41022136,47153.0,1457.473712232131,1.3698630136986298,216,216,2,0,214,211,14876,3,1,0,2,5
2020-09-19,US,Tennessee,Sevier,2500,13,0,35.78077323,-83.52244332,47155.0,2544.529262086514,0.52,2487,2493,13,0,2480,2467,97892,7,0,0,7,26
2020-09-19,US,Tennessee,Shelby,29800,446,0,35.1864775,-89.89692423,47157.0,3179.799523243481,1.4966442953020134,29354,29702,443,0,29259,29521,935764,98,3,0,95,181
2020-09-19,US,Tennessee,Smith,669,10,0,36.25359775,-85.95411046,47159.0,3318.946271766632,1.4947683109118086,659,663,10,0,653,655,19942,6,0,0,6,8
2020-09-19,US,Tennessee,Stewart,167,2,0,36.50235092,-87.83920548,47161.0,1217.6449143273787,1.1976047904191616,165,146,2,0,144,135,13561,21,0,0,21,11
2020-09-19,US,Tennessee,Sullivan,2038,31,0,36.51240691,-82.30412917,47163.0,1287.0386743122742,1.521099116781158,2007,2026,31,0,1995,1991,157668,12,0,0,12,35
2020-09-19,US,Tennessee,Sumner,4629,93,0,36.46824103,-86.45917204,47165.0,2419.974592619313,2.0090732339598185,4536,4621,93,0,4528,4585,187149,8,0,0,8,36
2020-09-19,US,Tennessee,Tipton,1711,17,0,35.501942,-89.73694895,47167.0,2777.642494196334,0.9935710111046172,1694,1704,17,0,1687,1684,61581,7,0,0,7,20
2020-09-19,US,Tennessee,Trousdale,1647,7,0,36.39026213,-86.16087954,47169.0,14595.887982984756,0.42501517911353975,1640,1645,7,0,1638,1645,11012,2,0,0,2,0
2020-09-19,US,Tennessee,Unassigned,2803,6,0,0.0,0.0,90047.0,0.0,0.21405636817695325,2797,2780,6,0,2774,2735,,23,0,0,23,45
2020-09-19,US,Tennessee,Unicoi,274,1,0,36.10890856,-82.43709629,47171.0,1532.1814013308729,0.36496350364963503,273,270,1,0,269,264,17761,4,0,0,4,6
2020-09-19,US,Tennessee,Union,331,1,0,36.28590426,-83.83651902,47173.0,1657.3202483476869,0.3021148036253776,330,321,1,0,320,300,19688,10,0,0,10,21
2020-09-19,US,Tennessee,Van Buren,149,0,0,35.69864497,-85.45221699,47175.0,2537.465940054496,0.0,149,146,0,0,146,145,5765,3,0,0,3,1
2020-09-19,US,Tennessee,Warren,997,7,0,35.672829899999996,-85.77969117,47177.0,2415.38871526516,0.7021063189568706,990,996,7,0,989,990,40878,1,0,0,1,6
2020-09-19,US,Tennessee,Washington,2123,32,0,36.29472368,-82.49454720000001,47179.0,1640.966183574879,1.507300989166274,2091,2107,32,0,2075,2068,128607,16,0,0,16,39
2020-09-19,US,Tennessee,Wayne,1478,5,0,35.23868267,-87.78644456,47181.0,8864.631440052779,0.3382949932341001,1473,1478,5,0,1473,1473,16558,0,0,0,0,5
2020-09-19,US,Tennessee,Weakley,1104,19,0,36.29896232,-88.71990865,47183.0,3312.530004800768,1.7210144927536233,1085,1091,18,0,1073,1074,33415,13,1,0,12,17
2020-09-19,US,Tennessee,White,763,9,0,35.92929884,-85.45591799,47185.0,2790.272444688243,1.1795543905635648,754,752,8,0,744,728,27107,11,1,0,10,24
2020-09-19,US,Tennessee,Williamson,5030,36,0,35.89099229,-86.89281867,47187.0,2109.7931312182272,0.7157057654075547,4994,5019,36,0,4983,4956,231729,11,0,0,11,63
2020-09-19,US,Tennessee,Wilson,3318,41,0,36.15496772,-86.29775884,47189.0,2293.7016528754225,1.235684147076552,3277,3308,39,0,3269,3259,140625,10,2,0,8,49
2020-09-19,US,Texas,Anderson,1741,31,0,31.81534745,-95.65354823,48001.0,3015.5018619554853,1.7805858701895465,1710,1744,28,0,1716,2812,58057,-3,3,0,-6,-1068
2020-09-19,US,Texas,Andrews,412,8,0,32.30468633,-102.63765479999999,48003.0,2202.619620422347,1.9417475728155342,404,412,8,0,404,410,18128,0,0,0,0,2
2020-09-19,US,Texas,Angelina,2113,79,0,31.25457347,-94.60901487,48005.0,2436.717984201119,3.7387600567912918,2034,2113,77,0,2036,2094,87092,0,2,0,-2,19
2020-09-19,US,Texas,Aransas,316,18,0,28.10556197,-96.9995047,48007.0,1344.1088898341134,5.69620253164557,298,310,18,0,292,308,23792,6,0,0,6,2
2020-09-19,US,Texas,Archer,69,1,0,33.61569967,-98.68754589,48009.0,806.7344791301297,1.4492753623188406,68,69,1,0,68,67,8786,0,0,0,0,2
2020-09-19,US,Texas,Armstrong,12,1,0,34.96507426,-101.35748740000001,48011.0,635.9300476947536,8.333333333333334,11,12,1,0,11,12,1892,0,0,0,0,0
2020-09-19,US,Texas,Atascosa,627,30,0,28.89333001,-98.52730485,48013.0,1225.734561022814,4.784688995215312,597,626,30,0,596,623,50310,1,0,0,1,3
2020-09-19,US,Texas,Austin,484,9,0,29.88548725,-96.27736949,48015.0,1611.6142781033566,1.859504132231405,475,483,9,0,474,481,29989,1,0,0,1,2
2020-09-19,US,Texas,Bailey,206,5,0,34.06854817,-102.8299707,48017.0,2942.857142857143,2.4271844660194173,201,206,5,0,201,207,7027,0,0,0,0,-1
2020-09-19,US,Texas,Bandera,112,7,0,29.74619598,-99.24598147,48019.0,484.59674627898926,6.25,105,112,7,0,105,112,22824,0,0,0,0,0
2020-09-19,US,Texas,Bastrop,1788,28,0,30.10370699,-97.31206354,48021.0,2015.2609808054278,1.5659955257270697,1760,1762,28,0,1734,1730,86976,26,0,0,26,32
2020-09-19,US,Texas,Baylor,14,0,0,33.61640794,-99.21352901,48023.0,398.97406668566543,0.0,14,14,0,0,14,14,3582,0,0,0,0,0
2020-09-19,US,Texas,Bee,1813,30,0,28.41761668,-97.74215593,48025.0,5567.326884692155,1.6547159404302256,1783,1793,30,0,1763,1791,32587,20,0,0,20,2
2020-09-19,US,Texas,Bell,5306,79,0,31.03736027,-97.4785025,48027.0,1462.014085593678,1.4888805126272144,5227,5295,78,0,5217,5255,355642,11,1,0,10,40
2020-09-19,US,Texas,Bexar,50760,1244,0,29.44928723,-98.52019748,48029.0,2533.4979741000243,2.4507486209613867,49516,50587,1242,0,49345,50425,1986049,173,2,0,171,162
2020-09-19,US,Texas,Blanco,141,5,0,30.26640707,-98.3999852,48031.0,1181.7953231078702,3.5460992907801416,136,139,5,0,134,137,11702,2,0,0,2,2
2020-09-19,US,Texas,Bosque,294,6,0,31.89978581,-97.63613524,48035.0,1573.4546427615735,2.0408163265306123,288,286,6,0,280,276,18691,8,0,0,8,10
2020-09-19,US,Texas,Bowie,1244,50,0,33.44626922,-94.41834132,48037.0,1334.119791945949,4.019292604501608,1194,1230,47,0,1183,1218,94324,14,3,0,11,12
2020-09-19,US,Texas,Brazoria,10976,158,0,29.18757369,-95.44563172,48039.0,2932.689224718381,1.4395043731778423,10818,10948,157,0,10791,10872,370200,28,1,0,27,76
2020-09-19,US,Texas,Brazos,6053,62,0,30.663644800000004,-96.30205577,48041.0,2640.7982164904824,1.0242854782752355,5991,5996,61,0,5935,5933,226758,57,1,0,56,63
2020-09-19,US,Texas,Brewster,214,2,0,29.81008251,-103.25203259999999,48043.0,2325.3286971639677,0.9345794392523364,212,214,2,0,212,214,9267,0,0,0,0,0
2020-09-19,US,Texas,Briscoe,12,1,0,34.53026962,-101.2084947,48045.0,776.1966364812421,8.333333333333334,11,12,1,0,11,12,1516,0,0,0,0,0
2020-09-19,US,Texas,Brooks,298,22,0,27.03103197,-98.21808402,48047.0,4201.325250246722,7.3825503355704685,276,294,22,0,272,293,7114,4,0,0,4,1
2020-09-19,US,Texas,Brown,543,20,0,31.77430356,-98.99907113,48049.0,1434.0798647792099,3.6832412523020257,523,535,20,0,515,533,37924,8,0,0,8,2
2020-09-19,US,Texas,Burleson,326,6,0,30.49273808,-96.62158484,48051.0,1767.6083066746191,1.8404907975460123,320,324,6,0,318,322,18389,2,0,0,2,2
2020-09-19,US,Texas,Burnet,701,12,0,30.78801353,-98.181887,48053.0,1455.7159173502234,1.7118402282453635,689,698,12,0,686,694,47542,3,0,0,3,4
2020-09-19,US,Texas,Caldwell,1488,35,0,29.83668859,-97.61814775,48055.0,3407.841700256505,2.3521505376344085,1453,1474,35,0,1439,1458,43247,14,0,0,14,16
2020-09-19,US,Texas,Calhoun,626,7,0,28.47048236,-96.61633945,48057.0,2940.347581023955,1.1182108626198084,619,625,7,0,618,623,21561,1,0,0,1,2
2020-09-19,US,Texas,Callahan,84,3,0,32.29760619,-99.37326312,48059.0,602.4528437208635,3.571428571428572,81,84,3,0,81,84,13994,0,0,0,0,0
2020-09-19,US,Texas,Cameron,22405,869,0,26.14524221,-97.48140372,48061.0,5294.6500521075795,3.8785985271144834,21536,22339,865,0,21474,22276,423908,66,4,0,62,63
2020-09-19,US,Texas,Camp,349,10,0,32.97195142,-94.97790104,48063.0,2665.342905147396,2.8653295128939833,339,343,10,0,333,342,13033,6,0,0,6,1
2020-09-19,US,Texas,Carson,18,0,0,35.40365929,-101.35426690000001,48065.0,303.74620317246035,0.0,18,18,0,0,18,18,6005,0,0,0,0,0
2020-09-19,US,Texas,Cass,312,14,0,33.07499881,-94.34646905,48067.0,1039.099447145807,4.487179487179487,298,308,14,0,294,306,30119,4,0,0,4,2
2020-09-19,US,Texas,Castro,249,5,0,34.53016752,-102.2617243,48069.0,3306.772908366534,2.0080321285140563,244,247,5,0,242,243,7665,2,0,0,2,4
2020-09-19,US,Texas,Chambers,1255,8,0,29.70972016,-94.67154501,48071.0,2862.8783904008033,0.6374501992031872,1247,1255,8,0,1247,1244,42454,0,0,0,0,11
2020-09-19,US,Texas,Cherokee,1522,28,0,31.837258000000002,-95.16559897,48073.0,2891.0078638453065,1.8396846254927728,1494,1514,27,0,1487,1506,52592,8,1,0,7,8
2020-09-19,US,Texas,Childress,66,0,0,34.529304100000004,-100.2077916,48075.0,903.367095537914,0.0,66,66,0,0,66,64,7291,0,0,0,0,2
2020-09-19,US,Texas,Clay,76,1,0,33.78686685,-98.20771198,48077.0,725.8141533759907,1.3157894736842106,75,76,1,0,75,75,10456,0,0,0,0,1
2020-09-19,US,Texas,Cochran,48,1,0,33.60425307,-102.82844990000001,48079.0,1682.4395373291272,2.083333333333333,47,49,1,0,48,47,2836,-1,0,0,-1,2
2020-09-19,US,Texas,Coke,51,3,0,31.88911733,-100.5297533,48081.0,1505.7573073516387,5.882352941176472,48,50,3,0,47,50,3370,1,0,0,1,0
2020-09-19,US,Texas,Coleman,67,3,0,31.76736834,-99.45240766,48083.0,819.5718654434248,4.477611940298506,64,67,3,0,64,65,8397,0,0,0,0,2
2020-09-19,US,Texas,Collin,12843,137,0,33.18820114,-96.57264368,48085.0,1241.1933547882056,1.0667289574087049,12706,12760,136,0,12624,12599,1005146,83,1,0,82,161
2020-09-19,US,Texas,Collingsworth,18,0,0,34.96489496,-100.27001109999999,48087.0,616.4383561643834,0.0,18,18,0,0,18,18,2962,0,0,0,0,0
2020-09-19,US,Texas,Colorado,478,4,0,29.622097999999998,-96.5273805,48089.0,2223.979900432699,0.8368200836820083,474,476,4,0,472,465,21217,2,0,0,2,11
2020-09-19,US,Texas,Comal,2600,102,0,29.80811278,-98.27647225,48091.0,1664.4367482027285,3.9230769230769234,2498,2593,102,0,2491,2584,148373,7,0,0,7,9
2020-09-19,US,Texas,Comanche,280,3,0,31.94854689,-98.55876441,48093.0,2053.5386872020536,1.0714285714285714,277,280,3,0,277,256,13534,0,0,0,0,24
2020-09-19,US,Texas,Concho,89,2,0,31.32635934,-99.86473038,48095.0,3264.85693323551,2.247191011235955,87,66,2,0,64,66,4276,23,0,0,23,0
2020-09-19,US,Texas,Cooke,395,5,0,33.63979567,-97.21240912,48097.0,957.413287442131,1.2658227848101269,390,395,5,0,390,391,40574,0,0,0,0,4
2020-09-19,US,Texas,Coryell,1792,12,0,31.39078397,-97.79936155,48099.0,2359.415939223973,0.6696428571428571,1780,1789,12,0,1777,1786,74808,3,0,0,3,3
2020-09-19,US,Texas,Cottle,25,2,0,34.07783319,-100.27850620000001,48101.0,1788.26895565093,8.0,23,25,2,0,23,25,1389,0,0,0,0,0
2020-09-19,US,Texas,Crane,71,2,0,31.43052248,-102.5143314,48103.0,1480.091723994163,2.8169014084507036,69,71,2,0,69,71,4794,0,0,0,0,0
2020-09-19,US,Texas,Crockett,164,6,0,30.72367027,-101.4134238,48105.0,4734.411085450346,3.6585365853658534,158,164,6,0,158,164,3499,0,0,0,0,0
2020-09-19,US,Texas,Crosby,86,3,0,33.61431553,-101.30003640000001,48107.0,1499.0413107896113,3.4883720930232562,83,86,3,0,83,85,5779,0,0,0,0,1
2020-09-19,US,Texas,Culberson,51,2,0,31.44506775,-104.5185739,48109.0,2349.1478581298943,3.92156862745098,49,50,2,0,48,48,2204,1,0,0,1,2
2020-09-19,US,Texas,Dallam,232,8,0,36.27787176,-102.60207249999999,48111.0,3183.7518869219157,3.4482758620689653,224,229,8,0,221,226,7200,3,0,0,3,3
2020-09-19,US,Texas,Dallas,77118,1083,0,32.76670599,-96.77796049999999,48113.0,2926.106310870433,1.4043413988951996,76035,76962,1073,0,75889,76607,2637772,156,10,0,146,355
2020-09-19,US,Texas,Dawson,353,9,0,32.74255572,-101.94772420000001,48115.0,2773.4129478315526,2.54957507082153,344,335,9,0,326,318,12619,18,0,0,18,17
2020-09-19,US,Texas,DeWitt,975,33,0,29.08101855,-97.35681170000001,48123.0,4836.309523809524,3.3846153846153846,942,946,33,0,913,945,20187,29,0,0,29,1
2020-09-19,US,Texas,Deaf Smith,855,20,0,34.96522957,-102.6054267,48117.0,4610.158524749272,2.3391812865497075,835,852,20,0,832,849,18760,3,0,0,3,3
2020-09-19,US,Texas,Delta,24,0,0,33.38570922,-95.66921122,48119.0,450.19696117051217,0.0,24,24,0,0,24,23,5349,0,0,0,0,1
2020-09-19,US,Texas,Denton,11501,148,0,33.20521901,-97.11691153,48121.0,1296.3152905691682,1.2868446222067649,11353,11441,148,0,11293,11382,859064,60,0,0,60,59
2020-09-19,US,Texas,Dickens,48,2,0,33.61616822,-100.7788855,48125.0,2170.963364993216,4.166666666666667,46,48,2,0,46,48,2249,0,0,0,0,0
2020-09-19,US,Texas,Dimmit,195,7,0,28.42270064,-99.75645095,48127.0,1926.1161596207032,3.58974358974359,188,192,7,0,185,191,10308,3,0,0,3,1
2020-09-19,US,Texas,Donley,59,1,0,34.96517499,-100.8140093,48129.0,1799.8779743746186,1.6949152542372878,58,59,1,0,58,59,3319,0,0,0,0,0
2020-09-19,US,Texas,Duval,419,14,0,27.68184592,-98.50864568,48131.0,3755.4898270144304,3.3412887828162283,405,417,14,0,403,418,11212,2,0,0,2,-1
2020-09-19,US,Texas,Eastland,158,3,0,32.32743996,-98.83243566,48133.0,860.5664488017427,1.8987341772151896,155,158,3,0,155,157,18322,0,0,0,0,1
2020-09-19,US,Texas,Ector,4601,92,0,31.86898877,-102.54294279999999,48135.0,2767.9683316989826,1.99956531188872,4509,4601,92,0,4509,4574,162124,0,0,0,0,27
2020-09-19,US,Texas,Edwards,34,1,0,29.98202582,-100.304252,48137.0,1759.8343685300208,2.9411764705882355,33,34,1,0,33,34,1928,0,0,0,0,0
2020-09-19,US,Texas,El Paso,22329,497,0,31.76980765,-106.23632749999999,48141.0,2660.6278552687077,2.2258050069416453,21832,22179,491,0,21688,22078,840758,150,6,0,144,101
2020-09-19,US,Texas,Ellis,4192,66,0,32.34894117,-96.79371841,48139.0,2268.0791663510545,1.5744274809160306,4126,4192,64,0,4128,4181,179436,0,2,0,-2,11
2020-09-19,US,Texas,Erath,804,12,0,32.23602653,-98.21773417,48143.0,1882.9921776195608,1.492537313432836,792,804,12,0,792,792,42446,0,0,0,0,12
2020-09-19,US,Texas,Falls,222,5,0,31.25350609,-96.93630086,48145.0,1283.4595594611785,2.2522522522522523,217,217,5,0,212,206,17335,5,0,0,5,11
2020-09-19,US,Texas,Fannin,656,14,0,33.59564294,-96.10751083,48147.0,1847.1588669257198,2.1341463414634148,642,656,13,0,643,664,35286,0,1,0,-1,-8
2020-09-19,US,Texas,Fayette,573,18,0,29.87788372,-96.92076062,48149.0,2260.711749388464,3.141361256544503,555,573,18,0,555,553,25349,0,0,0,0,20
2020-09-19,US,Texas,Fisher,64,1,0,32.74281316,-100.40193020000001,48151.0,1671.0182767624021,1.5625,63,64,1,0,63,64,3839,0,0,0,0,0
2020-09-19,US,Texas,Floyd,106,9,0,34.07227468,-101.3031546,48153.0,1855.742296918768,8.49056603773585,97,105,9,0,96,104,5837,1,0,0,1,1
2020-09-19,US,Texas,Foard,9,0,0,33.97308618,-99.7767797,48155.0,779.2207792207793,0.0,9,9,0,0,9,8,1200,0,0,0,0,1
2020-09-19,US,Texas,Fort Bend,15789,277,0,29.52704478,-95.77219463,48157.0,1945.20554695893,1.7543859649122806,15512,15734,275,0,15459,15678,787858,55,2,0,53,56
2020-09-19,US,Texas,Franklin,130,6,0,33.17653242,-95.21917243,48159.0,1212.121212121212,4.615384615384615,124,128,6,0,122,126,10766,2,0,0,2,2
2020-09-19,US,Texas,Freestone,404,2,0,31.70422788,-96.15072516,48161.0,2048.9932545519096,0.4950495049504951,402,403,1,0,402,401,19808,1,1,0,0,2
2020-09-19,US,Texas,Frio,671,8,0,28.86751206,-99.10804207,48163.0,3304.442036836403,1.1922503725782414,663,671,8,0,663,671,19816,0,0,0,0,0
2020-09-19,US,Texas,Gaines,313,8,0,32.74055318,-102.6353295,48165.0,1456.355853340778,2.5559105431309903,305,307,8,0,299,306,20901,6,0,0,6,1
2020-09-19,US,Texas,Galveston,11402,153,0,29.40167322,-94.90469073,48167.0,3332.563665644665,1.3418698473951938,11249,11402,153,0,11249,11402,337890,0,0,0,0,0
2020-09-19,US,Texas,Garza,103,4,0,33.17969345,-101.2984114,48169.0,1653.5559479852304,3.8834951456310685,99,103,4,0,99,103,6578,0,0,0,0,0
2020-09-19,US,Texas,Gillespie,213,10,0,30.31824095,-98.94676915,48171.0,789.239662072032,4.694835680751174,203,213,10,0,203,212,26804,0,0,0,0,1
2020-09-19,US,Texas,Glasscock,7,0,0,31.86942909,-101.5207776,48173.0,496.8062455642298,0.0,7,7,0,0,7,7,1388,0,0,0,0,0
2020-09-19,US,Texas,Goliad,154,6,0,28.65696592,-97.42760647,48175.0,2010.9689213893967,3.8961038961038965,148,152,6,0,146,152,7584,2,0,0,2,0
2020-09-19,US,Texas,Gonzales,822,16,0,29.45634206,-97.49424032,48177.0,3944.905696597399,1.9464720194647205,806,822,14,0,808,822,20826,0,2,0,-2,0
2020-09-19,US,Texas,Gray,283,5,0,35.40081878,-100.8129222,48179.0,1293.064059215937,1.7667844522968197,278,280,5,0,275,278,21895,3,0,0,3,2
2020-09-19,US,Texas,Grayson,1791,36,0,33.62744998,-96.67753461,48181.0,1314.8621266848736,2.010050251256281,1755,1772,36,0,1736,1762,133991,19,0,0,19,10
2020-09-19,US,Texas,Gregg,2131,59,0,32.47940482,-94.81591935,48183.0,1719.3109847109604,2.7686532144533085,2072,2121,60,0,2061,2111,123707,10,-1,0,11,10
2020-09-19,US,Texas,Grimes,1067,31,0,30.54579585,-95.98902499,48185.0,3694.5983379501386,2.9053420805998127,1036,1063,31,0,1032,1070,28360,4,0,0,4,-7
2020-09-19,US,Texas,Guadalupe,1958,76,0,29.58165339,-97.94786822,48187.0,1173.5302402800169,3.8815117466802858,1882,1956,76,0,1880,1951,163694,2,0,0,2,5
2020-09-19,US,Texas,Hale,1797,53,0,34.07044901,-101.82681140000001,48189.0,5379.273184457882,2.9493600445186416,1744,1797,53,0,1744,1785,33830,0,0,0,0,12
2020-09-19,US,Texas,Hall,24,1,0,34.5307555,-100.68138520000001,48191.0,809.7165991902832,4.166666666666667,23,24,1,0,23,20,3028,0,0,0,0,4
2020-09-19,US,Texas,Hamilton,115,4,0,31.70470573,-98.11083887,48193.0,1359.1774021983215,3.4782608695652173,111,112,4,0,108,111,8484,3,0,0,3,1
2020-09-19,US,Texas,Hansford,111,4,0,36.27743284,-101.3545796,48195.0,2055.936284497129,3.603603603603604,107,110,4,0,106,109,5463,1,0,0,1,1
2020-09-19,US,Texas,Hardeman,24,0,0,34.28944521,-99.74632408,48197.0,610.2212051868803,0.0,24,24,0,0,24,24,3922,0,0,0,0,0
2020-09-19,US,Texas,Hardin,1317,28,0,30.33364686,-94.38931817,48199.0,2286.378945175515,2.1260440394836753,1289,1319,28,0,1291,1318,57207,-2,0,0,-2,1
2020-09-19,US,Texas,Harris,123264,2498,0,29.85864939,-95.39339521,48201.0,2615.223860013897,2.026544652128764,120766,122445,2483,0,119962,121628,4698619,819,15,0,804,817
2020-09-19,US,Texas,Harrison,865,31,0,32.54935988,-94.36934071,48203.0,1299.716015806951,3.5838150289017343,834,860,31,0,829,846,66726,5,0,0,5,14
2020-09-19,US,Texas,Hartley,117,0,0,35.84008013,-102.6029022,48205.0,2098.278335724534,0.0,117,117,0,0,117,113,5619,0,0,0,0,4
2020-09-19,US,Texas,Haskell,62,2,0,33.17823584,-99.73037358,48207.0,1095.7935666313183,3.2258064516129035,60,62,2,0,60,62,5813,0,0,0,0,0
2020-09-19,US,Texas,Hays,5736,60,0,30.05669873,-98.02944344,48209.0,2491.843729772233,1.0460251046025104,5676,5736,60,0,5676,5719,222631,0,0,0,0,17
2020-09-19,US,Texas,Hemphill,73,0,0,35.83764858,-100.2703577,48211.0,1911.4951557999482,0.0,73,72,0,0,72,72,3825,1,0,0,1,0
2020-09-19,US,Texas,Henderson,923,23,0,32.21128872,-95.85846587,48213.0,1115.5831127548738,2.4918743228602382,900,913,23,0,890,907,82299,10,0,0,10,6
2020-09-19,US,Texas,Hidalgo,30577,1510,0,26.39418217,-98.18299696,48215.0,3519.828895128046,4.9383523563462735,29067,30577,1510,0,29067,30375,865939,0,0,0,0,202
2020-09-19,US,Texas,Hill,605,13,0,31.99045053,-97.13423143,48217.0,1650.7953832301016,2.1487603305785123,592,599,13,0,586,585,36354,6,0,0,6,14
2020-09-19,US,Texas,Hockley,326,8,0,33.60771256,-102.3431676,48219.0,1416.0983449893577,2.4539877300613497,318,325,8,0,317,320,22980,1,0,0,1,5
2020-09-19,US,Texas,Hood,882,26,0,32.42990927,-97.83242024,48221.0,1430.8193955518066,2.947845804988662,856,882,26,0,856,873,60537,0,0,0,0,9
2020-09-19,US,Texas,Hopkins,322,8,0,33.14875072,-95.56351139,48223.0,868.2989968719662,2.4844720496894412,314,299,8,0,291,298,36810,23,0,0,23,1
2020-09-19,US,Texas,Houston,361,10,0,31.31925973,-95.42226208,48225.0,1571.7520027864855,2.770083102493075,351,361,9,0,352,359,23169,0,1,0,-1,2
2020-09-19,US,Texas,Howard,619,12,0,32.30621324,-101.4356444,48227.0,1688.3046039711978,1.9386106623586432,607,464,12,0,452,442,36459,155,0,0,155,22
2020-09-19,US,Texas,Hudspeth,45,3,0,31.45628381,-105.388178,48229.0,920.9987720016372,6.666666666666668,42,45,3,0,42,45,4795,0,0,0,0,0
2020-09-19,US,Texas,Hunt,1557,35,0,33.12351514,-96.08551032,48231.0,1579.2036026533053,2.24791265253693,1522,1550,35,0,1515,1537,96493,7,0,0,7,13
2020-09-19,US,Texas,Hutchinson,192,3,0,35.84006574,-101.3546643,48233.0,916.9930270321904,1.5625,189,186,3,0,183,180,21198,6,0,0,6,6
2020-09-19,US,Texas,Irion,10,0,0,31.30375559,-100.982439,48235.0,651.0416666666666,0.0,10,10,0,0,10,10,1522,0,0,0,0,0
2020-09-19,US,Texas,Jack,131,2,0,33.23377248,-98.17283469,48237.0,1466.1443760492443,1.5267175572519085,129,131,2,0,129,131,8843,0,0,0,0,0
2020-09-19,US,Texas,Jackson,527,15,0,28.95472367,-96.57749563,48239.0,3570.460704607046,2.8462998102466788,512,527,15,0,512,526,14874,0,0,0,0,1
2020-09-19,US,Texas,Jasper,459,25,0,30.74685667,-94.02667579,48241.0,1291.9023895972305,5.446623093681917,434,457,25,0,432,446,35872,2,0,0,2,11
2020-09-19,US,Texas,Jeff Davis,14,0,0,30.71490589,-104.1399973,48243.0,615.6552330694811,0.0,14,14,0,0,14,14,2252,0,0,0,0,0
2020-09-19,US,Texas,Jefferson,7152,128,0,29.8832777,-94.16434171,48245.0,2843.002802456621,1.7897091722595078,7024,7109,126,0,6983,7061,255001,43,2,0,41,48
2020-09-19,US,Texas,Jim Hogg,102,3,0,27.04453923,-98.69681870000001,48247.0,1961.5384615384608,2.9411764705882355,99,102,3,0,99,101,5248,0,0,0,0,1
2020-09-19,US,Texas,Jim Wells,1420,32,0,27.73103938,-98.0904705,48249.0,3507.731831431253,2.2535211267605635,1388,1409,32,0,1377,1398,40822,11,0,0,11,11
2020-09-19,US,Texas,Johnson,2795,49,0,32.37877812,-97.36615819,48251.0,1589.7211304936386,1.7531305903398926,2746,2795,48,0,2747,2739,171361,0,1,0,-1,56
2020-09-19,US,Texas,Jones,584,0,0,32.73997145,-99.87861576,48253.0,2907.93208186028,0.0,584,584,0,0,584,578,19817,0,0,0,0,6
2020-09-19,US,Texas,Karnes,754,16,0,28.90705334,-97.85960149,48255.0,4833.023524133068,2.122015915119364,738,754,16,0,738,752,15650,0,0,0,0,2
2020-09-19,US,Texas,Kaufman,3018,47,0,32.599141700000004,-96.28734728,48257.0,2216.607664850096,1.5573227302849568,2971,3018,45,0,2973,3010,128622,0,2,0,-2,8
2020-09-19,US,Texas,Kendall,202,7,0,29.94414155,-98.7113588,48259.0,425.8818072568573,3.4653465346534653,195,202,7,0,195,202,45641,0,0,0,0,0
2020-09-19,US,Texas,Kenedy,7,1,0,26.92601662,-97.66413984,48261.0,1732.6732673267327,14.285714285714285,6,7,1,0,6,7,442,0,0,0,0,0
2020-09-19,US,Texas,Kent,8,0,0,33.18104136,-100.7780939,48263.0,1049.8687664041997,0.0,8,8,0,0,8,8,726,0,0,0,0,0
2020-09-19,US,Texas,Kerr,444,10,0,30.06040006,-99.34930144,48265.0,844.1064638783272,2.2522522522522523,434,442,10,0,432,442,52405,2,0,0,2,0
2020-09-19,US,Texas,Kimble,16,1,0,30.48678918,-99.74856473,48267.0,368.9186073322573,6.25,15,16,1,0,15,16,4362,0,0,0,0,0
2020-09-19,US,Texas,Kinney,25,1,0,29.34967888,-100.41866379999999,48271.0,681.7562039814562,4.0,24,25,1,0,24,24,3767,0,0,0,0,1
2020-09-19,US,Texas,Kleberg,983,41,0,27.42435506,-97.69894948,48273.0,3204.041720990873,4.170905391658189,942,976,41,0,935,966,31129,7,0,0,7,10
2020-09-19,US,Texas,Knox,68,8,0,33.60519951,-99.74229059999999,48275.0,1855.8951965065505,11.764705882352944,60,68,8,0,60,68,3653,0,0,0,0,0
2020-09-19,US,Texas,La Salle,360,11,0,28.34453111,-99.09908775,48283.0,4787.234042553191,3.055555555555556,349,360,11,0,349,359,7531,0,0,0,0,1
2020-09-19,US,Texas,Lamar,1046,31,0,33.66981763,-95.57404777,48277.0,2097.91612346818,2.9636711281070744,1015,1040,31,0,1009,1027,49728,6,0,0,6,13
2020-09-19,US,Texas,Lamb,324,21,0,34.06859623,-102.35162890000001,48279.0,2512.9915458000464,6.481481481481483,303,320,21,0,299,320,13158,4,0,0,4,0
2020-09-19,US,Texas,Lampasas,231,8,0,31.19531316,-98.24206613,48281.0,1078.0287474332652,3.463203463203463,223,222,8,0,214,219,21229,9,0,0,9,3
2020-09-19,US,Texas,Lavaca,712,34,0,29.38508402,-96.93186692,48285.0,3532.797459561377,4.775280898876406,678,713,33,0,680,708,20110,-1,1,0,-2,5
2020-09-19,US,Texas,Lee,217,14,0,30.31120597,-96.97045773,48287.0,1258.7737107720866,6.451612903225807,203,217,14,0,203,213,17144,0,0,0,0,4
2020-09-19,US,Texas,Leon,229,6,0,31.29872538,-95.9936328,48289.0,1315.7894736842104,2.6200873362445414,223,227,5,0,222,226,17270,2,1,0,1,1
2020-09-19,US,Texas,Liberty,2215,48,0,30.15152688,-94.81205615,48291.0,2510.7969938448628,2.16704288939052,2167,2206,47,0,2159,2207,86323,9,1,0,8,-1
2020-09-19,US,Texas,Limestone,555,10,0,31.5454767,-96.58095444,48293.0,2368.0505184110602,1.8018018018018016,545,549,10,0,539,542,23519,6,0,0,6,7
2020-09-19,US,Texas,Lipscomb,32,0,0,36.27783108,-100.27331509999999,48295.0,989.7927621404268,0.0,32,32,0,0,32,32,3355,0,0,0,0,0
2020-09-19,US,Texas,Live Oak,368,8,0,28.35101362,-98.1246786,48297.0,3014.663717539117,2.1739130434782608,360,368,8,0,360,368,12166,0,0,0,0,0
2020-09-19,US,Texas,Llano,118,2,0,30.70645047,-98.68475262,48299.0,541.4085799495298,1.6949152542372878,116,116,2,0,114,116,21646,2,0,0,2,0
2020-09-19,US,Texas,Lubbock,10237,115,0,33.61008596,-101.82047890000001,48303.0,3296.207928028876,1.1233759890592947,10122,10119,114,0,10005,10044,307412,118,1,0,117,75
2020-09-19,US,Texas,Lynn,93,5,0,33.17657705,-101.8162849,48305.0,1562.762560914132,5.376344086021504,88,92,5,0,87,90,5877,1,0,0,1,2
2020-09-19,US,Texas,Madison,719,6,0,30.96694679,-95.93003775,48313.0,5033.604032483898,0.8344923504867872,713,719,6,0,713,713,14422,0,0,0,0,6
2020-09-19,US,Texas,Marion,149,13,0,32.79868409,-94.35661230000001,48315.0,1512.0763141871319,8.724832214765101,136,149,13,0,136,147,9928,0,0,0,0,2
2020-09-19,US,Texas,Martin,77,6,0,32.30600051,-101.9513518,48317.0,1334.2574943683935,7.792207792207793,71,77,6,0,71,76,5753,0,0,0,0,1
2020-09-19,US,Texas,Mason,76,2,0,30.71780434,-99.22629416,48319.0,1778.193729527375,2.631578947368421,74,76,2,0,74,76,4280,0,0,0,0,0
2020-09-19,US,Texas,Matagorda,1022,42,0,28.81955746,-96.01230294,48321.0,2789.072947084027,4.109589041095891,980,1014,42,0,972,1011,36552,8,0,0,8,3
2020-09-19,US,Texas,Maverick,3535,110,0,28.7429195,-100.3157686,48323.0,6019.890330710807,3.111739745403112,3425,3535,110,0,3425,3535,58485,0,0,0,0,0
2020-09-19,US,Texas,McCulloch,139,3,0,31.1925468,-99.34682807,48307.0,1740.9819639278558,2.1582733812949644,136,138,3,0,135,137,7987,1,0,0,1,1
2020-09-19,US,Texas,McLennan,7428,96,0,31.55255453,-97.20217694,48309.0,2894.518418068529,1.292407108239095,7332,7336,95,0,7241,7271,254607,92,1,0,91,65
2020-09-19,US,Texas,McMullen,21,0,0,28.35251708,-98.56769164,48311.0,2826.3795423956926,0.0,21,21,0,0,21,21,749,0,0,0,0,0
2020-09-19,US,Texas,Medina,1179,43,0,29.355730100000002,-99.11030298,48325.0,2285.5924317617864,3.64715860899067,1136,1178,42,0,1136,1178,50921,1,1,0,0,0
2020-09-19,US,Texas,Menard,26,0,0,30.88990665,-99.82047940000001,48327.0,1216.0898035547239,0.0,26,26,0,0,26,26,2139,0,0,0,0,0
2020-09-19,US,Texas,Midland,3551,81,0,31.86904128,-102.03156820000001,48329.0,2008.12070213536,2.2810475922275417,3470,3551,81,0,3470,3528,172578,0,0,0,0,23
2020-09-19,US,Texas,Milam,479,5,0,30.78581830000001,-96.97718698,48331.0,1929.6620070096285,1.0438413361169103,474,478,5,0,473,476,25131,1,0,0,1,2
2020-09-19,US,Texas,Mills,52,0,0,31.49557106,-98.59272068,48333.0,1067.1044531089678,0.0,52,51,0,0,51,50,4921,1,0,0,1,1
2020-09-19,US,Texas,Mitchell,84,1,0,32.30623474,-100.9212058,48335.0,983.0310122878876,1.1904761904761905,83,84,1,0,83,84,8145,0,0,0,0,0
2020-09-19,US,Texas,Montague,164,3,0,33.67521893,-97.72500958,48337.0,827.5305278030072,1.8292682926829267,161,164,3,0,161,163,19596,0,0,0,0,1
2020-09-19,US,Texas,Montgomery,10571,157,0,30.30079133,-95.50572772,48339.0,1740.3945728534009,1.4851953457572604,10414,10571,155,0,10416,10449,590925,0,2,0,-2,122
2020-09-19,US,Texas,Moore,1151,20,0,35.83769242,-101.8930281,48341.0,5496.65711556829,1.737619461337967,1131,1146,20,0,1126,1140,21485,5,0,0,5,6
2020-09-19,US,Texas,Morris,182,3,0,33.11304005,-94.73255695,48343.0,1469.1637068130447,1.6483516483516485,179,176,3,0,173,175,12339,6,0,0,6,1
2020-09-19,US,Texas,Motley,7,0,0,34.07408766,-100.77972199999999,48345.0,583.3333333333334,0.0,7,7,0,0,7,7,1234,0,0,0,0,0
2020-09-19,US,Texas,Nacogdoches,1513,60,0,31.62017125,-94.61803994,48347.0,2320.40979081038,3.9656311962987436,1453,1508,59,0,1449,1501,65711,5,1,0,4,7
2020-09-19,US,Texas,Navarro,1224,25,0,32.04620681,-96.47428766,48349.0,2442.479995210824,2.042483660130719,1199,1217,24,0,1193,1207,49565,7,1,0,6,10
2020-09-19,US,Texas,Newton,172,9,0,30.78548982,-93.74408813,48351.0,1265.1710187568958,5.232558139534883,163,171,9,0,162,170,13746,1,0,0,1,1
2020-09-19,US,Texas,Nolan,208,5,0,32.30365282,-100.4060208,48353.0,1413.6196819355716,2.4038461538461537,203,206,4,0,202,199,14751,2,1,0,1,7
2020-09-19,US,Texas,Nueces,19986,403,0,27.736286,-97.5433285,48355.0,5516.51421221439,2.016411488041629,19583,19956,401,0,19555,19913,362265,30,2,0,28,43
2020-09-19,US,Texas,Ochiltree,127,4,0,36.27829105,-100.8158184,48357.0,1291.1752745018302,3.1496062992125986,123,127,4,0,123,122,9947,0,0,0,0,5
2020-09-19,US,Texas,Oldham,15,1,0,35.40425596,-102.6027606,48359.0,710.2272727272727,6.666666666666668,14,15,1,0,14,15,2131,0,0,0,0,0
2020-09-19,US,Texas,Orange,1905,41,0,30.11879481,-93.89412775,48361.0,2284.2822197707324,2.1522309711286094,1864,1883,41,0,1842,1882,83572,22,0,0,22,1
2020-09-19,US,Texas,Palo Pinto,502,15,0,32.75310985,-98.31319001,48363.0,1719.8259618349375,2.98804780876494,487,502,15,0,487,490,28875,0,0,0,0,12
2020-09-19,US,Texas,Panola,367,25,0,32.163959600000005,-94.30552481,48365.0,1582.3057687332932,6.811989100817439,342,361,25,0,336,360,23148,6,0,0,6,1
2020-09-19,US,Texas,Parker,1822,31,0,32.77757172,-97.80500621,48367.0,1275.2138187824578,1.7014270032930845,1791,1822,31,0,1791,1817,138371,0,0,0,0,5
2020-09-19,US,Texas,Parmer,415,7,0,34.52993409,-102.78446679999999,48369.0,4320.666319625195,1.686746987951807,408,409,7,0,402,407,9864,6,0,0,6,2
2020-09-19,US,Texas,Pecos,357,5,0,30.78097267,-102.72412609999999,48371.0,2256.2093155533084,1.4005602240896358,352,356,5,0,351,354,15673,1,0,0,1,2
2020-09-19,US,Texas,Polk,828,22,0,30.79472531,-94.82766240000001,48373.0,1612.3692870913092,2.6570048309178738,806,828,22,0,806,824,50031,0,0,0,0,4
2020-09-19,US,Texas,Potter,4517,61,0,35.40133773,-101.893964,48375.0,3847.038283013244,1.3504538410449414,4456,4517,61,0,4456,4496,119648,0,0,0,0,21
2020-09-19,US,Texas,Presidio,96,5,0,29.99954402,-104.24080790000001,48377.0,1431.980906921241,5.208333333333333,91,95,5,0,90,95,6948,1,0,0,1,0
2020-09-19,US,Texas,Rains,65,3,0,32.87109387,-95.79232691,48379.0,519.4182515582547,4.615384615384615,62,64,3,0,61,63,12159,1,0,0,1,1
2020-09-19,US,Texas,Randall,2612,37,0,34.96585996,-101.8971322,48381.0,1896.6982056886425,1.4165390505359878,2575,2568,37,0,2531,2553,136271,44,0,0,44,15
2020-09-19,US,Texas,Reagan,87,6,0,31.36607041,-101.52326590000001,48383.0,2260.327357755261,6.896551724137932,81,86,6,0,80,86,3741,1,0,0,1,0
2020-09-19,US,Texas,Real,105,7,0,29.83321503,-99.82018052,48385.0,3041.7149478563147,6.666666666666668,98,105,7,0,98,105,3478,0,0,0,0,0
2020-09-19,US,Texas,Red River,158,14,0,33.61886692,-95.04841765,48387.0,1314.147883223821,8.860759493670884,144,158,14,0,144,158,12175,0,0,0,0,0
2020-09-19,US,Texas,Reeves,188,6,0,31.32323325,-103.69038959999999,48389.0,1176.7651477215825,3.191489361702128,182,187,6,0,181,186,15695,1,0,0,1,1
2020-09-19,US,Texas,Refugio,302,13,0,28.323897600000002,-97.15766311,48391.0,4346.57455382844,4.304635761589403,289,301,12,0,289,301,7032,1,1,0,0,0
2020-09-19,US,Texas,Roberts,9,0,0,35.83809685,-100.813175,48393.0,1053.864168618267,0.0,9,9,0,0,9,9,903,0,0,0,0,0
2020-09-19,US,Texas,Robertson,292,4,0,31.02539637,-96.51272246,48395.0,1710.2026472999885,1.3698630136986298,288,290,4,0,286,285,17284,2,0,0,2,5
2020-09-19,US,Texas,Rockwall,1543,25,0,32.89779518,-96.40771592,48397.0,1470.7143878377735,1.6202203499675956,1518,1543,25,0,1518,1519,100657,0,0,0,0,24
2020-09-19,US,Texas,Runnels,244,5,0,31.8314342,-99.97616148,48399.0,2377.240841777085,2.0491803278688523,239,244,5,0,239,242,10234,0,0,0,0,2
2020-09-19,US,Texas,Rusk,877,7,0,32.10773545,-94.76176432,48401.0,1611.9545638348711,0.7981755986316991,870,867,6,0,861,849,54450,10,1,0,9,18
2020-09-19,US,Texas,Sabine,77,8,0,31.34318809,-93.85440451,48403.0,730.4116865869853,10.389610389610391,69,77,8,0,69,77,10589,0,0,0,0,0
2020-09-19,US,Texas,San Augustine,199,15,0,31.39457611,-94.17000399,48405.0,2415.928129173243,7.537688442211055,184,199,15,0,184,199,8232,0,0,0,0,0
2020-09-19,US,Texas,San Jacinto,224,9,0,30.57933681,-95.16260304,48407.0,776.1876710904744,4.017857142857143,215,224,9,0,215,222,28719,0,0,0,0,2
2020-09-19,US,Texas,San Patricio,1415,72,0,28.00880118,-97.51763891,48409.0,2120.4855387381986,5.088339222614841,1343,1401,72,0,1329,1398,66893,14,0,0,14,3
2020-09-19,US,Texas,San Saba,52,0,0,31.1577796,-98.81758731,48411.0,858.7943848059455,0.0,52,46,0,0,46,45,6054,6,0,0,6,1
2020-09-19,US,Texas,Schleicher,52,2,0,30.89740592,-100.5384842,48413.0,1861.7973505191546,3.8461538461538463,50,52,2,0,50,51,2895,0,0,0,0,1
2020-09-19,US,Texas,Scurry,610,2,0,32.74613808,-100.91626640000001,48415.0,3652.038555948033,0.3278688524590164,608,601,2,0,599,601,16866,9,0,0,9,0
2020-09-19,US,Texas,Shackelford,24,0,0,32.73587756,-99.35401337,48417.0,735.0689127105666,0.0,24,24,0,0,24,24,3253,0,0,0,0,0
2020-09-19,US,Texas,Shelby,462,22,0,31.79211404,-94.14550696,48419.0,1827.9654981403808,4.761904761904762,440,461,22,0,439,460,25418,1,0,0,1,1
2020-09-19,US,Texas,Sherman,60,0,0,36.27751473,-101.8933156,48421.0,1985.440105890139,0.0,60,59,0,0,59,59,3079,1,0,0,1,0
2020-09-19,US,Texas,Smith,3620,96,0,32.37474036,-95.27175679999999,48423.0,1555.3101812666755,2.6519337016574585,3524,3587,94,0,3493,3557,230221,33,2,0,31,30
2020-09-19,US,Texas,Somervell,137,5,0,32.22236802,-97.77403489,48425.0,1500.8764241893075,3.6496350364963503,132,137,5,0,132,134,9016,0,0,0,0,3
2020-09-19,US,Texas,Starr,3351,159,0,26.56150059,-98.73892358,48427.0,5184.657992047406,4.744852282900626,3192,3317,154,0,3163,3278,64525,34,5,0,29,39
2020-09-19,US,Texas,Stephens,129,4,0,32.73553157,-98.83631615,48429.0,1377.3222293401666,3.1007751937984502,125,129,4,0,125,127,9433,0,0,0,0,2
2020-09-19,US,Texas,Sterling,4,0,0,31.82781912,-101.05007459999999,48431.0,309.8373353989156,0.0,4,4,0,0,4,4,1311,0,0,0,0,0
2020-09-19,US,Texas,Stonewall,11,1,0,33.17906744,-100.25384009999999,48433.0,814.8148148148148,9.090909090909092,10,11,1,0,10,11,1362,0,0,0,0,0
2020-09-19,US,Texas,Sutton,81,3,0,30.49856623,-100.5382014,48435.0,2145.127118644068,3.703703703703704,78,81,3,0,78,81,3758,0,0,0,0,0
2020-09-19,US,Texas,Swisher,99,3,0,34.53028891,-101.73491740000001,48437.0,1338.3804244964176,3.0303030303030303,96,98,3,0,95,97,7462,1,0,0,1,1
2020-09-19,US,Texas,Tarrant,46537,690,0,32.77143818,-97.29101614,48439.0,2213.396812864593,1.4826911919547887,45847,46150,684,0,45466,45868,2084931,387,6,0,381,282
2020-09-19,US,Texas,Taylor,1437,48,0,32.30163422,-99.89007449,48441.0,1041.0478577741717,3.3402922755741127,1389,1415,47,0,1368,1411,137640,22,1,0,21,4
2020-09-19,US,Texas,Terrell,3,0,0,30.22429013,-102.0766732,48443.0,386.59793814432993,0.0,3,3,0,0,3,3,823,0,0,0,0,0
2020-09-19,US,Texas,Terry,229,4,0,33.17402785,-102.3354521,48445.0,1856.2049120531733,1.7467248908296944,225,226,4,0,222,223,12287,3,0,0,3,3
2020-09-19,US,Texas,Throckmorton,7,2,0,33.17751417,-99.21226795,48447.0,466.3557628247835,28.57142857142857,5,7,2,0,5,6,1515,0,0,0,0,1
2020-09-19,US,Texas,Titus,1557,28,0,33.21339719,-94.96797273,48449.0,4754.198473282443,1.7983301220295438,1529,1557,28,0,1529,1542,33033,0,0,0,0,15
2020-09-19,US,Texas,Tom Green,3549,62,0,31.40464436,-100.46244300000001,48451.0,2977.348993288591,1.7469709777402085,3487,3536,62,0,3474,3522,118189,13,0,0,13,14
2020-09-19,US,Texas,Travis,28438,414,0,30.33432034,-97.78535620000001,48453.0,2232.262703362916,1.4557985793656376,28024,28375,414,0,27961,28212,1248743,63,0,0,63,163
2020-09-19,US,Texas,Trinity,191,7,0,31.0879489,-95.1367187,48455.0,1303.6652788205586,3.6649214659685865,184,191,6,0,185,191,14740,0,1,0,-1,0
2020-09-19,US,Texas,Tyler,210,4,0,30.77031716,-94.37690895,48457.0,968.9922480620157,1.9047619047619049,206,209,4,0,205,207,21696,1,0,0,1,2
2020-09-19,US,Texas,Upshur,375,9,0,32.73706798,-94.93999853,48459.0,898.1390558762247,2.4,366,374,9,0,365,368,41260,1,0,0,1,6
2020-09-19,US,Texas,Upton,23,2,0,31.36868194,-102.0423217,48461.0,628.9308176100631,8.695652173913043,21,23,2,0,21,22,3671,0,0,0,0,1
2020-09-19,US,Texas,Uvalde,751,30,0,29.35739637,-99.76229172,48463.0,2808.421524999065,3.9946737683089215,721,748,30,0,718,748,26846,3,0,0,3,0
2020-09-19,US,Texas,Val Verde,2135,98,0,29.89149232,-101.1525205,48465.0,4354.920958694544,4.590163934426228,2037,2124,98,0,2026,1957,49208,11,0,0,11,167
2020-09-19,US,Texas,Van Zandt,568,18,0,32.56483801,-95.83766469,48467.0,1003.7109029863933,3.1690140845070425,550,565,18,0,547,556,56019,3,0,0,3,9
2020-09-19,US,Texas,Victoria,3996,94,0,28.79780988,-96.96813006,48469.0,4339.516094001129,2.3523523523523524,3902,3984,93,0,3891,3972,92035,12,1,0,11,12
2020-09-19,US,Texas,Walker,3609,55,0,30.73872995,-95.57440968,48471.0,4945.800386454893,1.5239678581324467,3554,3587,53,0,3534,3567,72480,22,2,0,20,20
2020-09-19,US,Texas,Waller,816,11,0,30.01058447,-95.99011759,48473.0,1477.030011222532,1.3480392156862746,805,812,11,0,801,808,53126,4,0,0,4,4
2020-09-19,US,Texas,Ward,120,1,0,31.50999644,-103.09279090000001,48475.0,1000.1666944490747,0.8333333333333334,119,120,1,0,119,119,11720,0,0,0,0,1
2020-09-19,US,Texas,Washington,625,48,0,30.21498498,-96.40946246,48477.0,1741.8204113483084,7.68,577,624,48,0,576,621,35108,1,0,0,1,3
2020-09-19,US,Texas,Webb,13128,281,0,27.7610369,-99.33237355,48479.0,4745.311799661668,2.1404631322364414,12847,13053,281,0,12772,12984,275910,75,0,0,75,69
2020-09-19,US,Texas,Wharton,1317,50,0,29.27765923,-96.22319248,48481.0,3169.2174415246886,3.7965072133637054,1267,1314,50,0,1264,1309,41619,3,0,0,3,5
2020-09-19,US,Texas,Wheeler,46,0,0,35.40114335,-100.26995140000001,48483.0,909.8101265822785,0.0,46,46,0,0,46,44,5191,0,0,0,0,2
2020-09-19,US,Texas,Wichita,1613,19,0,33.98842886,-98.70410340000001,48485.0,1219.8442108447402,1.1779293242405455,1594,1599,19,0,1580,1570,132064,14,0,0,14,29
2020-09-19,US,Texas,Wilbarger,131,2,0,34.07945812,-99.24178437,48487.0,1025.9221552196727,1.5267175572519085,129,131,2,0,129,131,12820,0,0,0,0,0
2020-09-19,US,Texas,Willacy,1197,48,0,26.47411727,-97.61535848,48489.0,5604.457346193464,4.010025062656641,1149,1195,48,0,1147,1195,21515,2,0,0,2,0
2020-09-19,US,Texas,Williamson,8385,142,0,30.64655664,-97.60048540000001,48491.0,1419.8604354238669,1.6935002981514609,8243,8385,139,0,8246,8331,566719,0,3,0,-3,54
2020-09-19,US,Texas,Wilson,572,26,0,29.1732598,-98.08693082,48493.0,1120.0313295476797,4.545454545454546,546,572,26,0,546,572,50224,0,0,0,0,0
2020-09-19,US,Texas,Winkler,111,1,0,31.85008651,-103.04851629999999,48495.0,1385.7677902621722,0.9009009009009008,110,110,1,0,109,110,7720,1,0,0,1,0
2020-09-19,US,Texas,Wise,712,13,0,33.21570665,-97.65460265,48497.0,1017.3754000914496,1.8258426966292132,699,712,13,0,699,710,68305,0,0,0,0,2
2020-09-19,US,Texas,Wood,496,21,0,32.78722382,-95.38236368,48499.0,1089.1763104152485,4.233870967741935,475,491,21,0,470,477,45129,5,0,0,5,14
2020-09-19,US,Texas,Yoakum,201,5,0,33.17320212,-102.82764329999999,48501.0,2306.8977390106743,2.487562189054726,196,198,4,0,194,198,8591,3,1,0,2,0
2020-09-19,US,Texas,Young,266,6,0,33.17659707,-98.68790885,48503.0,1476.9572459744586,2.255639097744361,260,266,6,0,260,259,18045,0,0,0,0,7
2020-09-19,US,Texas,Zapata,326,6,0,27.00156391,-99.16987152,48505.0,2299.174836025108,1.8404907975460123,320,325,6,0,319,323,14190,1,0,0,1,2
2020-09-19,US,Texas,Zavala,290,16,0,28.86617238,-99.76050829,48507.0,2449.324324324324,5.517241379310344,274,289,16,0,273,283,11983,1,0,0,1,6
2020-09-19,US,Utah,Bear River,3060,11,0,41.52106798,-113.08328159999999,0.0,1637.957798499074,0.3594771241830065,3049,3013,11,0,3002,2961,,47,0,0,47,52
2020-09-19,US,Utah,Central Utah,593,3,0,39.37231946,-111.5758676,0.0,723.5766405544574,0.5059021922428331,590,580,3,0,577,575,,13,0,0,13,5
2020-09-19,US,Utah,Davis,4649,28,0,40.99001837,-112.1139997,49011.0,1307.8054804616845,0.6022800602280061,4621,4588,28,0,4560,4536,351713,61,0,0,61,52
2020-09-19,US,Utah,Salt Lake,27842,245,0,40.66616532,-111.92160109999999,49035.0,2399.268551416406,0.8799655197184111,27597,27454,244,0,27210,27061,1152633,388,1,0,387,393
2020-09-19,US,Utah,San Juan,688,29,0,37.62762978,-109.80337140000002,49037.0,4494.38202247191,4.215116279069767,659,684,29,0,655,683,15449,4,0,0,4,1
2020-09-19,US,Utah,Southeast Utah,173,1,0,38.99617072,-110.70139579999999,0.0,430.0380322652813,0.5780346820809249,172,168,1,0,167,168,,5,0,0,5,0
2020-09-19,US,Utah,Southwest Utah,3991,30,0,37.85447192,-111.4418764,0.0,1583.4662476888773,0.7516913054372337,3961,3963,29,0,3934,3926,,28,1,0,27,37
2020-09-19,US,Utah,Summit,940,1,0,40.86688146,-110.9535882,49043.0,2230.395064657729,0.10638297872340426,939,930,1,0,929,927,41933,10,0,0,10,3
2020-09-19,US,Utah,Tooele,806,0,0,40.44862644,-113.12957150000001,49045.0,1115.4319877108733,0.0,806,797,0,0,797,785,69907,9,0,0,9,12
2020-09-19,US,Utah,TriCounty,227,2,0,40.12491499,-109.5174415,0.0,400.90424216735545,0.8810572687224669,225,226,2,0,224,227,,1,0,0,1,-1
2020-09-19,US,Utah,Utah,15185,54,0,40.116672200000004,-111.66576620000001,49049.0,2386.696739412324,0.3556140928547909,15131,14746,53,0,14693,14245,622213,439,1,0,438,501
2020-09-19,US,Utah,Wasatch,700,7,0,40.33110236,-111.1691419,49051.0,2053.3278577923793,1.0,693,692,7,0,685,687,33240,8,0,0,8,5
2020-09-19,US,Utah,Weber-Morgan,3998,29,0,41.27116049,-111.9145117,0.0,1468.0340901162895,0.7253626813406704,3969,3934,29,0,3905,3877,,64,0,0,64,57
2020-09-19,US,Vermont,Addison,83,2,0,44.03217337,-73.14130877,50001.0,225.68453109280253,2.409638554216868,81,82,2,0,80,82,36973,1,0,0,1,0
2020-09-19,US,Vermont,Bennington,108,1,0,43.03519828,-73.09048868,50003.0,304.4826614040033,0.925925925925926,107,108,1,0,107,108,35631,0,0,0,0,0
2020-09-19,US,Vermont,Caledonia,34,0,0,44.46548598,-72.10314651,50005.0,113.35978394958825,0.0,34,34,0,0,34,34,30302,0,0,0,0,0
2020-09-19,US,Vermont,Chittenden,828,39,0,44.46322849,-73.08359212,50007.0,505.57475545568894,4.710144927536232,789,827,39,0,788,825,164572,1,0,0,1,2
2020-09-19,US,Vermont,Essex,6,0,0,44.72736416,-71.73579864,50009.0,97.35518416355671,0.0,6,6,0,0,6,6,6250,0,0,0,0,0
2020-09-19,US,Vermont,Franklin,123,7,0,44.85627605,-72.91249563,50011.0,248.97777417918306,5.691056910569106,116,123,7,0,116,123,49421,0,0,0,0,0
2020-09-19,US,Vermont,Grand Isle,14,0,0,44.797582399999996,-73.29679772,50013.0,193.503800967519,0.0,14,14,0,0,14,14,7090,0,0,0,0,0
2020-09-19,US,Vermont,Lamoille,53,1,0,44.60353043,-72.64356694,50015.0,208.9740556738428,1.8867924528301887,52,51,1,0,50,51,25300,2,0,0,2,0
2020-09-19,US,Vermont,Orange,22,0,0,44.00470222,-72.37640104,50017.0,76.14564585352346,0.0,22,22,0,0,22,22,28999,0,0,0,0,0
2020-09-19,US,Vermont,Orleans,21,0,0,44.82964024,-72.24562697,50019.0,77.67133927580724,0.0,21,21,0,0,21,21,26907,0,0,0,0,0
2020-09-19,US,Vermont,Rutland,128,1,0,43.57723578,-73.03741676,50021.0,219.96528672818818,0.78125,127,128,1,0,127,129,58672,0,0,0,0,-1
2020-09-19,US,Vermont,Unassigned,8,0,0,0.0,0.0,90050.0,0.0,0.0,8,8,0,0,8,8,,0,0,0,0,0
2020-09-19,US,Vermont,Washington,76,2,0,44.27343241,-72.61604978,50023.0,130.11693403413858,2.631578947368421,74,76,2,0,74,76,58140,0,0,0,0,0
2020-09-19,US,Vermont,Windham,123,3,0,42.986982,-72.71268875,50025.0,291.3173227227512,2.4390243902439024,120,123,3,0,120,123,42756,0,0,0,0,0
2020-09-19,US,Vermont,Windsor,83,2,0,43.58010937,-72.58595157,50027.0,150.73916675747338,2.409638554216868,81,83,2,0,81,83,55286,0,0,0,0,0
2020-09-19,US,Virginia,Accomack,1166,19,0,37.76707161,-75.63234615,51001.0,3608.1198168090114,1.6295025728987993,1147,1167,19,0,1148,1163,32412,-1,0,0,-1,4
2020-09-19,US,Virginia,Albemarle,1175,21,0,38.02080697,-78.55481085,51003.0,1074.7278880453673,1.7872340425531914,1154,1158,20,0,1138,1150,108718,17,1,0,16,8
2020-09-19,US,Virginia,Alexandria,3684,68,0,38.814003,-77.08183073,51510.0,2310.7609704694282,1.8458197611292075,3616,3671,67,0,3604,3649,160530,13,1,0,12,22
2020-09-19,US,Virginia,Alleghany,78,4,0,37.78636074,-80.00222498,51005.0,524.8990578734858,5.128205128205129,74,78,4,0,74,77,14910,0,0,0,0,1
2020-09-19,US,Virginia,Amelia,123,5,0,37.34081025,-77.98584649,51007.0,935.7170026626094,4.0650406504065035,118,121,4,0,117,122,13013,2,1,0,1,-1
2020-09-19,US,Virginia,Amherst,370,4,0,37.60308293,-79.14548696,51009.0,1170.700838474925,1.0810810810810811,366,367,4,0,363,357,31666,3,0,0,3,10
2020-09-19,US,Virginia,Appomattox,208,2,0,37.37569884,-78.81340003,51011.0,1307.2716988247125,0.9615384615384616,206,200,2,0,198,199,15841,8,0,0,8,1
2020-09-19,US,Virginia,Arlington,3835,146,0,38.8767675,-77.10139853,51013.0,1619.2229418768632,3.8070404172099086,3689,3819,146,0,3673,3791,237521,16,0,0,16,28
2020-09-19,US,Virginia,Augusta,460,7,0,38.16404586,-79.12461614,51015.0,608.8038328171734,1.5217391304347827,453,454,7,0,447,452,75457,6,0,0,6,2
2020-09-19,US,Virginia,Bath,6,1,0,38.05852573,-79.73912095,51017.0,144.68290330359298,16.666666666666668,5,6,1,0,5,6,4292,0,0,0,0,0
2020-09-19,US,Virginia,Bedford,699,12,0,37.3080028,-79.5281964,51019.0,884.8437282428447,1.7167381974248928,687,689,12,0,677,681,78747,10,0,0,10,8
2020-09-19,US,Virginia,Bland,64,4,0,37.13128068,-81.13599391,51021.0,1019.108280254777,6.25,60,64,4,0,60,64,6293,0,0,0,0,0
2020-09-19,US,Virginia,Botetourt,284,10,0,37.55531756,-79.80982182,51023.0,849.8159729495198,3.5211267605633805,274,283,10,0,273,281,33277,1,0,0,1,2
2020-09-19,US,Virginia,Bristol,175,3,0,36.616302399999995,-82.16359122,51520.0,1044.0281589309152,1.7142857142857142,172,174,3,0,171,171,16482,1,0,0,1,3
2020-09-19,US,Virginia,Brunswick,344,4,0,36.76366949,-77.8593436,51025.0,2119.4011459552707,1.162790697674419,340,341,4,0,337,340,16384,3,0,0,3,1
2020-09-19,US,Virginia,Buchanan,125,2,0,37.26818323,-82.03749726,51027.0,595.1247381451153,1.6,123,120,2,0,118,113,21221,5,0,0,5,7
2020-09-19,US,Virginia,Buckingham,676,9,0,37.57242268,-78.52518834,51029.0,3942.150688126895,1.331360946745562,667,675,9,0,666,675,16999,1,0,0,1,0
2020-09-19,US,Virginia,Buena Vista,79,1,0,37.73484642,-79.35296097,51530.0,1219.5121951219512,1.2658227848101269,78,79,1,0,78,78,6237,0,0,0,0,1
2020-09-19,US,Virginia,Campbell,400,4,0,37.20553386,-79.09678609,51031.0,728.7965746560991,1.0,396,395,4,0,391,393,54973,5,0,0,5,2
2020-09-19,US,Virginia,Caroline,327,5,0,38.02679129,-77.34901405,51033.0,1064.279902359642,1.529051987767584,322,326,5,0,321,303,30772,1,0,0,1,23
2020-09-19,US,Virginia,Carroll,474,22,0,36.73066666,-80.73455942,51035.0,1591.0845557383102,4.641350210970463,452,468,21,0,447,465,29636,6,1,0,5,3
2020-09-19,US,Virginia,Charles City,82,5,0,37.35358063,-77.05634116,51036.0,1177.6533103547322,6.097560975609755,77,81,5,0,76,81,6941,1,0,0,1,0
2020-09-19,US,Virginia,Charlotte,99,0,0,37.01909701,-78.66314092,51037.0,833.3333333333335,0.0,99,99,0,0,99,98,11938,0,0,0,0,1
2020-09-19,US,Virginia,Charlottesville,1048,27,0,38.03527919,-78.48569588,51540.0,2217.238607032539,2.5763358778625958,1021,1021,27,0,994,961,48117,27,0,0,27,60
2020-09-19,US,Virginia,Chesapeake,4184,67,0,36.67670048,-76.30545744,51550.0,1708.9059979169645,1.601338432122371,4117,4169,66,0,4103,4141,242634,15,1,0,14,28
2020-09-19,US,Virginia,Chesterfield,5724,90,0,37.37373208,-77.58680140000001,51041.0,1622.439782087403,1.572327044025157,5634,5702,90,0,5612,5656,348556,22,0,0,22,46
2020-09-19,US,Virginia,Clarke,91,0,0,39.11271747,-77.99199425,51043.0,622.4775976468977,0.0,91,91,0,0,91,90,14523,0,0,0,0,1
2020-09-19,US,Virginia,Colonial Heights,242,24,0,37.26420587,-77.39609676,51570.0,1393.2066781807714,9.917355371900827,218,242,24,0,218,242,17833,0,0,0,0,0
2020-09-19,US,Virginia,Covington,30,0,0,37.7824656,-79.98631446,51580.0,541.7118093174431,0.0,30,30,0,0,30,30,5460,0,0,0,0,0
2020-09-19,US,Virginia,Craig,28,0,0,37.48133648,-80.21072274,51045.0,545.7025920873124,0.0,28,29,0,0,29,27,5064,-1,0,0,-1,2
2020-09-19,US,Virginia,Culpeper,1179,16,0,38.48199985,-77.95630870000002,51047.0,2241.2318220701454,1.3570822731128074,1163,1176,16,0,1160,1170,51859,3,0,0,3,6
2020-09-19,US,Virginia,Cumberland,102,1,0,37.51328851,-78.24398086,51049.0,1026.983487716472,0.9803921568627452,101,102,1,0,101,102,9809,0,0,0,0,0
2020-09-19,US,Virginia,Danville,811,22,0,36.58022376,-79.40395668,51590.0,2025.2722005793628,2.7127003699136867,789,812,22,0,790,796,40693,-1,0,0,-1,16
2020-09-19,US,Virginia,Dickenson,87,1,0,37.12560977,-82.35124171,51051.0,607.6267635144574,1.1494252873563218,86,85,1,0,84,81,14523,2,0,0,2,4
2020-09-19,US,Virginia,Dinwiddie,362,10,0,37.07544585,-77.63451754,51053.0,1268.2174887892374,2.7624309392265194,352,355,10,0,345,347,28529,7,0,0,7,8
2020-09-19,US,Virginia,Emporia,246,25,0,36.69455571,-77.53406129,51595.0,4601.571268237935,10.16260162601626,221,245,25,0,220,245,5121,1,0,0,1,0
2020-09-19,US,Virginia,Essex,169,2,0,37.93357639,-76.94230311,51057.0,1542.9562676892176,1.183431952662722,167,169,2,0,167,164,10919,0,0,0,0,5
2020-09-19,US,Virginia,Fairfax,20155,579,0,38.83677558,-77.27565836,51059.0,1756.3780356451934,2.8727362937236416,19576,20041,574,0,19467,19921,1150795,114,5,0,109,120
2020-09-19,US,Virginia,Fairfax,20155,579,0,38.83677558,-77.27565836,51059.0,1756.3780356451934,2.8727362937236416,19576,20041,574,0,19467,19921,24574,114,5,0,109,120
2020-09-19,US,Virginia,Fairfax City,134,7,0,38.85157547,-77.29779640000002,51600.0,557.8916690952996,5.223880597014926,127,133,7,0,126,133,24574,1,0,0,1,0
2020-09-19,US,Virginia,Falls Church,68,6,0,38.88485255,-77.17560759,51610.0,465.21173975507963,8.823529411764708,62,68,6,0,62,67,14772,0,0,0,0,1
2020-09-19,US,Virginia,Fauquier,901,21,0,38.73564842,-77.80647472,51061.0,1265.0585493246472,2.3307436182019976,880,897,21,0,876,885,70675,4,0,0,4,12
2020-09-19,US,Virginia,Floyd,191,5,0,36.9302126,-80.36738849,51063.0,1212.7754143120198,2.6178010471204187,186,189,5,0,184,188,15795,2,0,0,2,1
2020-09-19,US,Virginia,Fluvanna,358,9,0,37.84157909,-78.27715475,51065.0,1312.7979464613134,2.5139664804469275,349,341,9,0,332,336,26783,17,0,0,17,5
2020-09-19,US,Virginia,Franklin,194,1,0,36.99536167,-79.88023649,51067.0,346.1689447200313,0.5154639175257731,193,194,1,0,193,194,56195,0,0,0,0,0
2020-09-19,US,Virginia,Franklin,194,1,0,36.99536167,-79.88023649,51067.0,346.1689447200313,0.5154639175257731,193,194,1,0,193,194,8013,0,0,0,0,0
2020-09-19,US,Virginia,Franklin City,385,9,0,36.6831435,-76.93859681,51620.0,4832.433789381197,2.3376623376623376,376,383,9,0,374,380,8013,2,0,0,2,3
2020-09-19,US,Virginia,Frederick,838,11,0,39.20172582,-78.25974949,51069.0,938.2732636906163,1.3126491646778042,827,833,11,0,822,829,88355,5,0,0,5,4
2020-09-19,US,Virginia,Fredericksburg,525,5,0,38.2977863,-77.4922454,51630.0,1808.1002892960464,0.9523809523809524,520,524,5,0,519,523,29144,1,0,0,1,1
2020-09-19,US,Virginia,Galax,407,30,0,36.66601852,-80.91703124,51640.0,6412.478336221837,7.371007371007371,377,407,30,0,377,406,6423,0,0,0,0,1
2020-09-19,US,Virginia,Giles,83,0,0,37.31234791,-80.70636931,51071.0,496.4114832535885,0.0,83,78,0,0,78,74,16844,5,0,0,5,4
2020-09-19,US,Virginia,Gloucester,226,2,0,37.40809042,-76.53524337,51073.0,605.1194173717469,0.8849557522123894,224,225,2,0,223,226,37349,1,0,0,1,-1
2020-09-19,US,Virginia,Goochland,255,7,0,37.71714806,-77.90381514,51075.0,1073.5486043868145,2.7450980392156863,248,254,7,0,247,252,23244,1,0,0,1,2
2020-09-19,US,Virginia,Grayson,294,10,0,36.65677234,-81.23215889,51077.0,1890.6752411575562,3.4013605442176873,284,292,10,0,282,292,15631,2,0,0,2,0
2020-09-19,US,Virginia,Greene,209,3,0,38.29545894,-78.46525378,51079.0,1054.5436197588174,1.4354066985645932,206,208,3,0,205,208,19779,1,0,0,1,0
2020-09-19,US,Virginia,Greensville,764,11,0,36.67878901,-77.56351439,51081.0,6739.590684544814,1.4397905759162304,753,763,11,0,752,761,11627,1,0,0,1,2
2020-09-19,US,Virginia,Halifax,318,5,0,36.76654925,-78.93512622,51083.0,937.7488130695053,1.572327044025157,313,316,5,0,311,310,34120,2,0,0,2,6
2020-09-19,US,Virginia,Hampton,1768,21,0,37.03513786,-76.35879121,51650.0,1314.4004163259235,1.1877828054298645,1747,1761,21,0,1740,1748,134313,7,0,0,7,13
2020-09-19,US,Virginia,Hanover,1212,36,0,37.7583355,-77.49464673,51085.0,1124.65898335282,2.9702970297029703,1176,1198,35,0,1163,1195,107239,14,1,0,13,3
2020-09-19,US,Virginia,Harrisonburg,2420,34,0,38.43542574,-78.87536254,51660.0,4564.659725365927,1.4049586776859504,2386,2405,34,0,2371,2343,54033,15,0,0,15,62
2020-09-19,US,Virginia,Henrico,5224,208,0,37.53460572,-77.39326555,51087.0,1579.1160094069849,3.981623277182236,5016,5182,206,0,4976,5155,329261,42,2,0,40,27
2020-09-19,US,Virginia,Henry,996,20,0,36.68542395,-79.87634026,51089.0,1970.053602864094,2.0080321285140563,976,991,19,0,972,983,50953,5,1,0,4,8
2020-09-19,US,Virginia,Highland,6,0,0,38.35799465,-79.56124594,51091.0,273.97260273972597,0.0,6,6,0,0,6,6,2210,0,0,0,0,0
2020-09-19,US,Virginia,Hopewell,381,7,0,37.29186313,-77.29754684,51670.0,1691.1536242176749,1.837270341207349,374,378,7,0,371,376,22596,3,0,0,3,2
2020-09-19,US,Virginia,Isle of Wight,695,17,0,36.90579348,-76.70842863,51093.0,1872.8610310167346,2.446043165467626,678,688,16,0,672,683,36953,7,1,0,6,5
2020-09-19,US,Virginia,James City,824,19,0,37.31156958,-76.76950618,51095.0,1076.8004390836743,2.3058252427184467,805,818,19,0,799,812,76397,6,0,0,6,6
2020-09-19,US,Virginia,King George,225,4,0,38.26818502,-77.15852768,51099.0,838.4259949321806,1.7777777777777777,221,226,4,0,222,226,26575,-1,0,0,-1,0
2020-09-19,US,Virginia,King William,149,2,0,37.70965316,-77.09384941,51101.0,868.9059948682062,1.342281879194631,147,147,2,0,145,146,16939,2,0,0,2,1
2020-09-19,US,Virginia,King and Queen,66,1,0,37.71044922,-76.88689628,51097.0,939.5017793594307,1.5151515151515151,65,66,1,0,65,66,7042,0,0,0,0,0
2020-09-19,US,Virginia,Lancaster,132,0,0,37.71889653,-76.46400482,51103.0,1244.9306799962276,0.0,132,127,0,0,127,120,10783,5,0,0,5,7
2020-09-19,US,Virginia,Lee,258,6,0,36.70586667,-83.12606515,51105.0,1101.481449856978,2.3255813953488373,252,255,6,0,249,254,23541,3,0,0,3,1
2020-09-19,US,Virginia,Lexington,51,1,0,37.78258621,-79.44262866,51678.0,684.931506849315,1.96078431372549,50,51,1,0,50,49,7136,0,0,0,0,2
2020-09-19,US,Virginia,Loudoun,6633,123,0,39.08990083,-77.63481877,51107.0,1603.9638437096467,1.8543645409317049,6510,6615,122,0,6493,6567,406850,18,1,0,17,48
2020-09-19,US,Virginia,Louisa,280,5,0,37.97850256,-77.96274807,51109.0,744.8591418158603,1.7857142857142858,275,278,5,0,273,275,36778,2,0,0,2,3
2020-09-19,US,Virginia,Lunenburg,110,3,0,36.94618528,-78.24133319,51111.0,901.9350606756312,2.727272727272727,107,109,2,0,107,107,12086,1,1,0,0,2
2020-09-19,US,Virginia,Lynchburg,1278,11,0,37.40021399,-79.19888138,51680.0,1555.3500146042254,0.8607198748043818,1267,1255,9,0,1246,1237,82126,23,2,0,21,18
2020-09-19,US,Virginia,Madison,102,3,0,38.41531222,-78.28220331,51113.0,769.1727622351256,2.9411764705882355,99,101,3,0,98,100,13295,1,0,0,1,1
2020-09-19,US,Virginia,Manassas,1877,25,0,38.7464321,-77.48509905,51683.0,4568.577339661677,1.3319126265316996,1852,1877,25,0,1852,1874,41641,0,0,0,0,3
2020-09-19,US,Virginia,Manassas Park,605,7,0,38.77058531,-77.44399307,51685.0,3461.494450165923,1.1570247933884297,598,603,7,0,596,599,17307,2,0,0,2,4
2020-09-19,US,Virginia,Martinsville,375,15,0,36.68212094,-79.86352771,51690.0,2987.0957463756567,4.0,360,372,13,0,359,370,12902,3,2,0,1,2
2020-09-19,US,Virginia,Mathews,35,0,0,37.44164146,-76.34098896,51115.0,396.1965134706815,0.0,35,35,0,0,35,35,8802,0,0,0,0,0
2020-09-19,US,Virginia,Mecklenburg,663,33,0,36.67882005,-78.36131056,51117.0,2167.587537189002,4.977375565610861,630,661,33,0,628,656,30650,2,0,0,2,5
2020-09-19,US,Virginia,Middlesex,108,9,0,37.63191998,-76.55064617,51119.0,1020.6010206010208,8.333333333333334,99,84,8,0,76,84,10769,24,1,0,23,0
2020-09-19,US,Virginia,Montgomery,1679,4,0,37.17746986,-80.37868691,51121.0,1703.9630588115895,0.2382370458606313,1675,1637,4,0,1633,1589,98985,42,0,0,42,48
2020-09-19,US,Virginia,Nelson,98,1,0,37.78790447,-78.88498513,51125.0,656.3965170797053,1.020408163265306,97,98,1,0,97,97,14836,0,0,0,0,1
2020-09-19,US,Virginia,New Kent,180,2,0,37.50694406,-76.99828634,51127.0,779.5244900610628,1.1111111111111112,178,179,2,0,177,179,22391,1,0,0,1,0
2020-09-19,US,Virginia,Newport News,2658,33,0,37.08166899,-76.51754109,51700.0,1483.0520295717677,1.2415349887133182,2625,2638,32,0,2606,2629,178626,20,1,0,19,9
2020-09-19,US,Virginia,Norfolk,4723,68,0,36.89934014,-76.26420872,51710.0,1945.6871905150324,1.4397628625873389,4655,4721,67,0,4654,4707,244076,2,1,0,1,14
2020-09-19,US,Virginia,Northampton,305,31,0,37.34062933,-75.87751591,51131.0,2604.611443210931,10.163934426229508,274,305,31,0,274,304,11735,0,0,0,0,1
2020-09-19,US,Virginia,Northumberland,141,5,0,37.89202088,-76.41949732,51133.0,1165.7709797436958,3.5460992907801416,136,139,5,0,134,133,12147,2,0,0,2,6
2020-09-19,US,Virginia,Norton,33,0,0,36.93357076,-82.62750411,51720.0,828.9374529012813,0.0,33,33,0,0,33,33,3968,0,0,0,0,0
2020-09-19,US,Virginia,Nottoway,247,16,0,37.1435975,-78.05065922,51135.0,1621.5861344537814,6.477732793522267,231,244,15,0,229,241,15420,3,1,0,2,3
2020-09-19,US,Virginia,Orange,308,4,0,38.24530219,-78.01560400000002,51137.0,831.2866049499339,1.2987012987012987,304,304,4,0,300,302,36644,4,0,0,4,2
2020-09-19,US,Virginia,Page,380,29,0,38.61807452,-78.48797204,51139.0,1589.825119236884,7.63157894736842,351,379,29,0,350,378,23933,1,0,0,1,1
2020-09-19,US,Virginia,Patrick,269,24,0,36.680163799999995,-80.2865648,51141.0,1527.7146751476596,8.921933085501859,245,269,24,0,245,269,17673,0,0,0,0,0
2020-09-19,US,Virginia,Petersburg,717,26,0,37.20530399,-77.39368102,51730.0,2287.3731895616665,3.626220362622037,691,710,26,0,684,699,31567,7,0,0,7,11
2020-09-19,US,Virginia,Pittsylvania,941,9,0,36.81980341,-79.39731264,51143.0,1559.134440136528,0.9564293304994688,932,938,8,0,930,928,60949,3,1,0,2,10
2020-09-19,US,Virginia,Poquoson,76,2,0,37.14259351,-76.35798148,51735.0,619.3464265341048,2.631578947368421,74,76,2,0,74,76,12190,0,0,0,0,0
2020-09-19,US,Virginia,Portsmouth,2518,51,0,36.85914825,-76.35971629,51740.0,2667.429394690565,2.0254169976171563,2467,2500,49,0,2451,2439,94632,18,2,0,16,61
2020-09-19,US,Virginia,Powhatan,210,5,0,37.55016038,-77.91267882,51145.0,708.2152974504248,2.380952380952381,205,207,5,0,202,208,29189,3,0,0,3,-1
2020-09-19,US,Virginia,Prince Edward,559,12,0,37.22554789,-78.43597949,51147.0,2451.5393386545043,2.146690518783542,547,556,12,0,544,549,22950,3,0,0,3,7
2020-09-19,US,Virginia,Prince George,721,4,0,37.18497668,-77.22922187,51149.0,1879.9050921701041,0.5547850208044383,717,712,4,0,708,698,38082,9,0,0,9,14
2020-09-19,US,Virginia,Prince William,12027,199,0,38.70916224,-77.48713689,51153.0,2557.1135467273325,1.6546104597987858,11828,11966,196,0,11770,11883,468011,61,3,0,58,83
2020-09-19,US,Virginia,Pulaski,209,4,0,37.06474963,-80.71229738,51155.0,614.218120903988,1.9138755980861244,205,204,4,0,200,194,34066,5,0,0,5,10
2020-09-19,US,Virginia,Radford,710,1,0,37.12222899,-80.56027320000003,51750.0,3890.624143788701,0.14084507042253522,709,704,0,0,704,695,18339,6,1,0,5,9
2020-09-19,US,Virginia,Rappahannock,65,2,0,38.68295619,-78.15826963,51157.0,881.9538670284938,3.0769230769230766,63,64,2,0,62,64,7252,1,0,0,1,0
2020-09-19,US,Virginia,Richmond,349,6,0,37.937575,-76.72920628,51159.0,3867.893161919539,1.7191977077363896,343,347,6,0,341,346,9038,2,0,0,2,1
2020-09-19,US,Virginia,Richmond City,4468,55,0,37.53255773,-77.47966921,51760.0,1938.9331528059847,1.2309758281110117,4413,4434,55,0,4379,4407,228783,34,0,0,34,27
2020-09-19,US,Virginia,Roanoke,774,7,0,37.26865804,-80.06396753,51161.0,821.7781835941647,0.9043927648578812,767,764,6,0,758,745,94073,10,1,0,9,19
2020-09-19,US,Virginia,Roanoke City,1563,17,0,37.27791025,-79.96189766,51770.0,1576.510696670466,1.0876519513755598,1546,1508,16,0,1492,1447,99920,55,1,0,54,61
2020-09-19,US,Virginia,Rockbridge,98,2,0,37.81204314,-79.44605905,51163.0,434.14698976653517,2.0408163265306123,96,97,2,0,95,96,22752,1,0,0,1,1
2020-09-19,US,Virginia,Rockingham,1352,21,0,38.51006137,-78.87260325,51165.0,1649.8267193830234,1.5532544378698223,1331,1340,21,0,1319,1326,81244,12,0,0,12,14
2020-09-19,US,Virginia,Russell,229,4,0,36.93028320000001,-82.10095486,51167.0,861.3556006920936,1.7467248908296944,225,229,4,0,225,228,26748,0,0,0,0,1
2020-09-19,US,Virginia,Salem,259,4,0,37.2836193,-80.06219455,51775.0,1023.674953559148,1.5444015444015444,255,257,4,0,253,255,25643,2,0,0,2,2
2020-09-19,US,Virginia,Scott,179,4,0,36.71466456,-82.60171704,51169.0,830.0102012426969,2.23463687150838,175,177,4,0,173,177,21534,2,0,0,2,0
2020-09-19,US,Virginia,Shenandoah,799,57,0,38.85905135,-78.56813762,51171.0,1831.896551724138,7.133917396745932,742,798,56,0,742,798,43497,1,1,0,0,0
2020-09-19,US,Virginia,Smyth,419,7,0,36.84455636,-81.53344948,51173.0,1391.8416157321285,1.6706443914081146,412,414,7,0,407,409,30472,5,0,0,5,5
2020-09-19,US,Virginia,Southampton,530,21,0,36.72231125,-77.10642712,51175.0,3006.0688559922864,3.962264150943396,509,526,20,0,506,525,17586,4,1,0,3,1
2020-09-19,US,Virginia,Spotsylvania,2076,43,0,38.18574462,-77.655399,51177.0,1524.0612267371434,2.071290944123314,2033,2067,42,0,2025,2060,134238,9,1,0,8,7
2020-09-19,US,Virginia,Stafford,1934,14,0,38.41758738,-77.45917053,51179.0,1265.0279300375453,0.7238883143743536,1920,1915,14,0,1901,1904,149960,19,0,0,19,11
2020-09-19,US,Virginia,Staunton,234,0,0,38.15965544,-79.05979937,51790.0,938.5528637895076,0.0,234,233,0,0,233,223,24922,1,0,0,1,10
2020-09-19,US,Virginia,Suffolk,1889,71,0,36.70155394,-76.63603554,51800.0,2050.8533460720028,3.758602435150873,1818,1885,70,0,1815,1877,91185,4,1,0,3,8
2020-09-19,US,Virginia,Surry,109,3,0,37.11781893,-76.88450012,51181.0,1697.2905636873247,2.7522935779816518,106,106,3,0,103,105,6474,3,0,0,3,1
2020-09-19,US,Virginia,Sussex,388,10,0,36.92432914,-77.25791182,51183.0,3477.014069361053,2.5773195876288657,378,379,10,0,369,376,11237,9,0,0,9,3
2020-09-19,US,Virginia,Tazewell,251,2,0,37.12191123,-81.56685568,51185.0,618.3027466436753,0.796812749003984,249,243,2,0,241,238,40855,8,0,0,8,5
2020-09-19,US,Virginia,Virginia Beach,6620,79,0,36.73285734,-76.04566934,51810.0,1471.1961135532276,1.1933534743202416,6541,6596,78,0,6518,6553,450189,24,1,0,23,43
2020-09-19,US,Virginia,Warren,412,6,0,38.90847745,-78.20280433,51187.0,1025.794243601235,1.4563106796116505,406,409,6,0,403,409,40003,3,0,0,3,0
2020-09-19,US,Virginia,Washington,533,16,0,36.72341572,-81.95666289,51191.0,991.8124302195756,3.00187617260788,517,519,14,0,505,499,54402,14,2,0,12,20
2020-09-19,US,Virginia,Waynesboro,253,3,0,38.06451466,-78.90293905,51820.0,1117.9849756959786,1.1857707509881423,250,253,3,0,250,250,22628,0,0,0,0,3
2020-09-19,US,Virginia,Westmoreland,255,3,0,38.11021557,-76.80213247,51193.0,1415.4870940882595,1.1764705882352942,252,255,3,0,252,252,17830,0,0,0,0,3
2020-09-19,US,Virginia,Williamsburg,172,7,0,37.28131268,-76.70905141,51830.0,1150.1939280460076,4.069767441860465,165,170,7,0,163,170,14896,2,0,0,2,0
2020-09-19,US,Virginia,Winchester,482,4,0,39.17054517,-78.17325058,51840.0,1716.6464847923642,0.8298755186721992,478,481,4,0,477,475,28108,1,0,0,1,6
2020-09-19,US,Virginia,Wise,388,7,0,36.9746148,-82.62410519,51195.0,1037.9049300484178,1.8041237113402064,381,385,7,0,378,385,38012,3,0,0,3,0
2020-09-19,US,Virginia,Wythe,220,3,0,36.91582035,-81.07834059,51197.0,766.9781062613304,1.3636363636363635,217,217,3,0,214,212,28754,3,0,0,3,5
2020-09-19,US,Virginia,York,523,6,0,37.24374789,-76.54412815,51199.0,765.9636789689514,1.147227533460803,517,520,6,0,514,514,67846,3,0,0,3,6
2020-09-19,US,Washington,Adams,799,9,0,46.98299757,-118.56017340000001,53001.0,3998.398638843017,1.1264080100125156,790,785,9,0,776,780,19759,14,0,0,14,5
2020-09-19,US,Washington,Asotin,83,2,0,46.18894415,-117.2022851,53003.0,367.549375608892,2.409638554216868,81,82,2,0,80,76,22610,1,0,0,1,6
2020-09-19,US,Washington,Benton,4399,127,0,46.23946995,-119.51208340000001,53005.0,2152.2579382552967,2.8870197772220965,4272,4385,127,0,4258,4374,201877,14,0,0,14,11
2020-09-19,US,Washington,Chelan,1832,14,0,47.87046092,-120.6173956,53007.0,2373.056994818653,0.7641921397379913,1818,1825,14,0,1811,1825,77036,7,0,0,7,0
2020-09-19,US,Washington,Clallam,221,1,0,48.04754642,-123.92263190000001,53009.0,285.7844848766988,0.4524886877828054,220,220,1,0,219,218,76737,1,0,0,1,2
2020-09-19,US,Washington,Clark,2563,62,0,45.77568046,-122.48292040000001,53011.0,524.9456723216608,2.4190401872805305,2501,2524,62,0,2462,2516,481857,39,0,0,39,8
2020-09-19,US,Washington,Columbia,14,1,0,46.29442881,-117.9051983,53013.0,351.3174404015057,7.142857142857142,13,14,1,0,13,14,4059,0,0,0,0,0
2020-09-19,US,Washington,Cowlitz,603,6,0,46.19074721,-122.6782231,53015.0,545.2424656171728,0.9950248756218906,597,590,6,0,584,589,108987,13,0,0,13,1
2020-09-19,US,Washington,Douglas,1176,9,0,47.7361335,-119.69293700000001,53017.0,2707.868014460384,0.7653061224489796,1167,1176,9,0,1167,1176,42907,0,0,0,0,0
2020-09-19,US,Washington,Ferry,29,0,0,48.471143100000006,-118.5154041,53019.0,380.22813688212926,0.0,29,29,0,0,29,29,7649,0,0,0,0,0
2020-09-19,US,Washington,Franklin,4176,63,0,46.53351425,-118.9018212,53021.0,4385.5411564554415,1.5086206896551724,4113,4154,63,0,4091,4147,94347,22,0,0,22,7
2020-09-19,US,Washington,Garfield,11,0,0,46.43197502,-117.54540320000001,53023.0,494.3820224719101,0.0,11,11,0,0,11,11,2247,0,0,0,0,0
2020-09-19,US,Washington,Grant,2777,19,0,47.20753737,-119.4500749,53025.0,2841.414875221266,0.6841915736406193,2758,2733,19,0,2714,2707,97331,44,0,0,44,26
2020-09-19,US,Washington,Grays Harbor,419,6,0,47.14003705,-123.7820567,53027.0,558.2126537083171,1.431980906921241,413,404,6,0,398,391,73901,15,0,0,15,13
2020-09-19,US,Washington,Island,292,11,0,48.14713305,-122.5216407,53029.0,342.96050081629295,3.767123287671233,281,290,11,0,279,287,84460,2,0,0,2,3
2020-09-19,US,Washington,Jefferson,71,0,0,47.75003077,-123.56097040000002,53031.0,220.35318581049626,0.0,71,72,0,0,72,71,31729,-1,0,0,-1,1
2020-09-19,US,Washington,King,21388,751,0,47.49137892,-121.8346131,53033.0,949.4038926092273,3.5113147559379088,20637,21264,751,0,20513,21148,2233163,124,0,0,124,116
2020-09-19,US,Washington,Kitsap,1137,11,0,47.63479026,-122.6436061,53035.0,418.8261816092208,0.9674582233948988,1126,1131,11,0,1120,1125,269805,6,0,0,6,6
2020-09-19,US,Washington,Kittitas,494,22,0,47.12521214,-120.67943899999999,53037.0,1030.5622196724732,4.453441295546559,472,493,22,0,471,491,47364,1,0,0,1,2
2020-09-19,US,Washington,Klickitat,190,3,0,45.87325839,-120.7913598,53039.0,847.2686733556299,1.5789473684210529,187,190,3,0,187,190,22107,0,0,0,0,0
2020-09-19,US,Washington,Lewis,455,4,0,46.57756476,-122.39257690000001,53041.0,563.7677029253969,0.8791208791208791,451,451,4,0,447,450,79604,4,0,0,4,1
2020-09-19,US,Washington,Lincoln,39,1,0,47.57705241,-118.41943880000001,53043.0,356.52253405247285,2.5641025641025643,38,39,1,0,38,39,10740,0,0,0,0,0
2020-09-19,US,Washington,Mason,367,3,0,47.35007586,-123.1863685,53045.0,549.6645099448838,0.8174386920980926,364,364,3,0,361,359,65507,3,0,0,3,5
2020-09-19,US,Washington,Okanogan,1026,10,0,48.54855019,-119.73872240000001,53047.0,2428.804772388325,0.9746588693957114,1016,1025,10,0,1015,1024,42132,1,0,0,1,1
2020-09-19,US,Washington,Pacific,80,3,0,46.55418369,-123.7285716,53049.0,356.01441858395265,3.75,77,80,3,0,77,78,22036,0,0,0,0,2
2020-09-19,US,Washington,Pend Oreille,58,0,0,48.53234021,-117.2741804,53051.0,422.61731273681136,0.0,58,58,0,0,58,57,13602,0,0,0,0,1
2020-09-19,US,Washington,Pierce,7519,191,0,47.03892768,-122.14059579999999,53053.0,830.8470905434374,2.5402314137518287,7328,7467,191,0,7276,7425,891299,52,0,0,52,42
2020-09-19,US,Washington,San Juan,29,0,0,48.60182783,-122.96745,53055.0,164.94141735866228,0.0,29,29,0,0,29,29,17128,0,0,0,0,0
2020-09-19,US,Washington,Skagit,1077,22,0,48.48171488,-121.766131,53057.0,833.5590727913008,2.042711234911792,1055,1073,22,0,1051,1070,128206,4,0,0,4,3
2020-09-19,US,Washington,Skamania,60,1,0,46.02408726,-121.91644029999999,53059.0,496.56542249441367,1.6666666666666667,59,60,1,0,59,60,11924,0,0,0,0,0
2020-09-19,US,Washington,Snohomish,6675,210,0,48.04615983,-121.7170703,53061.0,811.9618092090457,3.1460674157303368,6465,6647,210,0,6437,6615,814901,28,0,0,28,32
2020-09-19,US,Washington,Spokane,6175,150,0,47.62113146,-117.4046494,53063.0,1181.144533835248,2.42914979757085,6025,6072,150,0,5922,6018,514631,103,0,0,103,54
2020-09-19,US,Washington,Stevens,146,2,0,48.40035475,-117.8542701,53065.0,319.31413074382704,1.3698630136986298,144,143,2,0,141,136,45260,3,0,0,3,7
2020-09-19,US,Washington,Thurston,1023,17,0,46.9291895,-122.82906559999999,53067.0,352.10782828978165,1.66177908113392,1006,1015,17,0,998,1011,286419,8,0,0,8,4
2020-09-19,US,Washington,Unassigned,292,5,0,0.0,0.0,90053.0,0.0,1.7123287671232876,287,289,5,0,284,296,,3,0,0,3,-7
2020-09-19,US,Washington,Wahkiakum,6,0,0,46.29180039999999,-123.4250831,53069.0,133.6898395721925,0.0,6,6,0,0,6,6,4426,0,0,0,0,0
2020-09-19,US,Washington,Walla Walla,858,5,0,46.23040051,-118.4775539,53071.0,1412.1132323897302,0.5827505827505828,853,847,5,0,842,839,60922,11,0,0,11,8
2020-09-19,US,Washington,Whatcom,1252,40,0,48.82227976,-121.74900179999999,53073.0,546.1358272954499,3.194888178913738,1212,1233,40,0,1193,1225,225685,19,0,0,19,8
2020-09-19,US,Washington,Whitman,1128,0,0,46.90022523,-117.52417630000001,53075.0,2251.317260098994,0.0,1128,1103,0,0,1103,1083,49791,25,0,0,25,20
2020-09-19,US,Washington,Yakima,11260,256,0,46.45738486,-120.73801259999999,53077.0,4488.326762943801,2.2735346358792183,11004,11229,256,0,10973,11213,251446,31,0,0,31,16
2020-09-19,US,West Virginia,Barbour,44,1,0,39.1307219,-80.00350858,54001.0,267.62362386716137,2.272727272727273,43,42,1,0,41,42,16535,2,0,0,2,0
2020-09-19,US,West Virginia,Berkeley,938,13,0,39.46704621,-78.02414609,54003.0,787.1042451603157,1.3859275053304905,925,929,13,0,916,922,117123,9,0,0,9,7
2020-09-19,US,West Virginia,Boone,192,1,0,38.01974191,-81.69888019,54005.0,894.8128815771076,0.5208333333333334,191,191,1,0,190,190,21951,1,0,0,1,1
2020-09-19,US,West Virginia,Braxton,10,0,0,38.70036159,-80.72011184,54007.0,71.64863509350147,0.0,10,10,0,0,10,10,14089,0,0,0,0,0
2020-09-19,US,West Virginia,Brooke,106,1,0,40.27367263,-80.57915332,54009.0,483.1578467569169,0.9433962264150944,105,106,1,0,105,106,22203,0,0,0,0,0
2020-09-19,US,West Virginia,Cabell,712,10,0,38.42424062,-82.23855912,54011.0,774.3759856435913,1.404494382022472,702,707,9,0,698,690,93224,5,1,0,4,17
2020-09-19,US,West Virginia,Calhoun,23,0,0,38.84315422,-81.11934872,54013.0,323.533549022366,0.0,23,23,0,0,23,23,7254,0,0,0,0,0
2020-09-19,US,West Virginia,Clay,34,2,0,38.46231092,-81.07652217,54015.0,399.6238834038552,5.882352941176472,32,33,2,0,31,33,8632,1,0,0,1,0
2020-09-19,US,West Virginia,Doddridge,18,0,0,39.27057157,-80.70671527,54017.0,213.0681818181818,0.0,18,17,0,0,17,17,8406,1,0,0,1,0
2020-09-19,US,West Virginia,Fayette,534,10,0,38.02974928,-81.08286634,54019.0,1259.255765693534,1.8726591760299625,524,524,10,0,514,501,43018,10,0,0,10,23
2020-09-19,US,West Virginia,Gilmer,21,0,0,38.9251277,-80.85952723,54021.0,268.43921769142275,0.0,21,20,0,0,20,20,8026,1,0,0,1,0
2020-09-19,US,West Virginia,Grant,150,7,0,39.10314817,-79.19440518,54023.0,1296.6804979253109,4.666666666666667,143,150,7,0,143,150,11626,0,0,0,0,0
2020-09-19,US,West Virginia,Greenbrier,120,3,0,37.9463652,-80.45335881,54025.0,346.2004500605851,2.5,117,119,3,0,116,118,34786,1,0,0,1,1
2020-09-19,US,West Virginia,Hampshire,100,1,0,39.32103553,-78.60826476,54027.0,431.4994606256742,1.0,99,100,1,0,99,99,23347,0,0,0,0,1
2020-09-19,US,West Virginia,Hancock,141,0,0,40.51943859,-80.57461608,54029.0,489.4133981256508,0.0,141,140,0,0,140,139,29094,1,0,0,1,1
2020-09-19,US,West Virginia,Hardy,80,1,0,39.00683177,-78.85855301,54031.0,580.7200929152149,1.25,79,78,0,0,78,76,13775,2,1,0,1,2
2020-09-19,US,West Virginia,Harrison,336,7,0,39.2853852,-80.37919577,54033.0,499.5836802664446,2.083333333333333,329,332,7,0,325,326,67554,4,0,0,4,6
2020-09-19,US,West Virginia,Jackson,244,23,0,38.84263974,-81.68148753,54035.0,853.8633818589026,9.426229508196721,221,244,23,0,221,239,28706,0,0,0,0,5
2020-09-19,US,West Virginia,Jefferson,418,4,0,39.30776166,-77.86014147,54037.0,731.4597697126657,0.9569377990430622,414,413,4,0,409,413,56811,5,0,0,5,0
2020-09-19,US,West Virginia,Kanawha,2258,65,0,38.33860077,-81.52857054,54039.0,1267.6562394736252,2.8786536758193093,2193,2194,62,0,2132,2154,180454,64,3,0,61,40
2020-09-19,US,West Virginia,Lewis,38,2,0,38.9947249,-80.49988181,54041.0,238.888539636638,5.2631578947368425,36,38,2,0,36,38,16024,0,0,0,0,0
2020-09-19,US,West Virginia,Lincoln,153,2,0,38.172154,-82.07017953,54043.0,749.6692635601939,1.30718954248366,151,153,2,0,151,148,20599,0,0,0,0,5
2020-09-19,US,West Virginia,Logan,565,39,0,37.8299889,-81.93528571,54045.0,1764.5772822386707,6.902654867256638,526,559,39,0,520,558,32607,6,0,0,6,1
2020-09-19,US,West Virginia,Marion,253,3,0,39.50984542,-80.24244659,54049.0,451.2055928092453,1.1857707509881423,250,252,3,0,249,250,56097,1,0,0,1,2
2020-09-19,US,West Virginia,Marshall,154,1,0,39.86064362,-80.66591062,54051.0,504.405358488094,0.6493506493506493,153,150,1,0,149,148,30785,4,0,0,4,2
2020-09-19,US,West Virginia,Mason,134,5,0,38.77071799,-82.02524219,54053.0,505.3552572031981,3.7313432835820897,129,130,5,0,125,130,26718,4,0,0,4,0
2020-09-19,US,West Virginia,McDowell,86,1,0,37.38002939,-81.65083669,54047.0,487.9709487063097,1.162790697674419,85,86,1,0,85,80,18223,0,0,0,0,6
2020-09-19,US,West Virginia,Mercer,398,26,0,37.40481169,-81.11023142,54055.0,677.3545729943156,6.532663316582915,372,394,24,0,370,392,59131,4,2,0,2,2
2020-09-19,US,West Virginia,Mineral,163,4,0,39.41561583,-78.94104895,54057.0,606.6696441863927,2.4539877300613497,159,161,4,0,157,157,26940,2,0,0,2,4
2020-09-19,US,West Virginia,Mingo,353,9,0,37.73048351,-82.13338365,54059.0,1507.0013661202186,2.54957507082153,344,346,9,0,337,332,23785,7,0,0,7,14
2020-09-19,US,West Virginia,Monongalia,1867,5,0,39.63218457,-80.04766838,54061.0,1767.7915388402832,0.2678093197643278,1862,1836,5,0,1831,1791,106420,31,0,0,31,45
2020-09-19,US,West Virginia,Monroe,146,7,0,37.56274716,-80.54577965,54063.0,1099.8116760828625,4.794520547945205,139,146,7,0,139,144,13280,0,0,0,0,2
2020-09-19,US,West Virginia,Morgan,50,0,0,39.55439028,-78.26311676,54065.0,279.5795124133304,0.0,50,49,0,0,49,48,17787,1,0,0,1,1
2020-09-19,US,West Virginia,Nicholas,82,3,0,38.29617706,-80.79759588,54067.0,334.74853037230565,3.6585365853658534,79,79,3,0,76,77,24842,3,0,0,3,2
2020-09-19,US,West Virginia,Ohio,349,6,0,40.0955451,-80.62203992,54069.0,842.7712443553645,1.7191977077363896,343,349,6,0,343,343,41755,0,0,0,0,6
2020-09-19,US,West Virginia,Pendleton,52,1,0,38.68314479,-79.35084086,54071.0,746.161572679007,1.9230769230769231,51,51,1,0,50,51,6997,1,0,0,1,0
2020-09-19,US,West Virginia,Pleasants,16,2,0,39.37091679,-81.16771771,54073.0,214.47721179624665,12.5,14,16,2,0,14,15,7507,0,0,0,0,1
2020-09-19,US,West Virginia,Pocahontas,59,0,0,38.32758728,-80.00993811,54075.0,715.4116648478232,0.0,59,59,0,0,59,59,8414,0,0,0,0,0
2020-09-19,US,West Virginia,Preston,149,4,0,39.46770987,-79.66712803,54077.0,445.6807848767649,2.684563758389262,145,147,4,0,143,145,33839,2,0,0,2,2
2020-09-19,US,West Virginia,Putnam,484,4,0,38.50782345,-81.9082131,54079.0,857.3959255978743,0.8264462809917356,480,471,2,0,469,460,56682,13,2,0,11,11
2020-09-19,US,West Virginia,Raleigh,471,8,0,37.76936795,-81.2456041,54081.0,642.0305066724826,1.6985138004246283,463,470,6,0,464,449,74254,1,2,0,-1,21
2020-09-19,US,West Virginia,Randolph,234,2,0,38.769899,-79.87919615,54083.0,815.4730789336121,0.8547008547008547,232,233,2,0,231,233,28823,1,0,0,1,0
2020-09-19,US,West Virginia,Ritchie,11,0,0,39.18094587,-81.06356878,54085.0,115.13502198032238,0.0,11,11,0,0,11,11,9721,0,0,0,0,0
2020-09-19,US,West Virginia,Roane,47,2,0,38.71622686,-81.35243568,54087.0,343.3664523670368,4.25531914893617,45,43,2,0,41,43,13932,4,0,0,4,0
2020-09-19,US,West Virginia,Summers,40,0,0,37.65390597,-80.86009693,54089.0,318.142050425515,0.0,40,34,0,0,34,32,12760,6,0,0,6,2
2020-09-19,US,West Virginia,Taylor,117,6,0,39.33602617,-80.0421439,54091.0,700.8086253369272,5.128205128205129,111,117,6,0,111,115,16862,0,0,0,0,2
2020-09-19,US,West Virginia,Tucker,16,0,0,39.11240885,-79.57053576,54093.0,233.95233221231172,0.0,16,16,0,0,16,16,6955,0,0,0,0,0
2020-09-19,US,West Virginia,Tyler,15,0,0,39.46811972,-80.88772676,54095.0,174.60132697008495,0.0,15,15,0,0,15,15,8746,0,0,0,0,0
2020-09-19,US,West Virginia,Upshur,60,0,0,38.89285061,-80.23689136,54097.0,248.18001323626737,0.0,60,60,0,0,60,60,24415,0,0,0,0,0
2020-09-19,US,West Virginia,Wayne,339,11,0,38.14901357,-82.42287994,54099.0,860.3624181513629,3.2448377581120944,328,336,11,0,325,328,39944,3,0,0,3,8
2020-09-19,US,West Virginia,Webster,7,0,0,38.49370949,-80.4202023,54101.0,86.27064333251171,0.0,7,7,0,0,7,7,8285,0,0,0,0,0
2020-09-19,US,West Virginia,Wetzel,49,0,0,39.6065771,-80.64016540000001,54103.0,325.2572187188848,0.0,49,49,0,0,49,49,15270,0,0,0,0,0
2020-09-19,US,West Virginia,Wirt,10,0,0,39.02775007,-81.37473928,54105.0,171.79178835251673,0.0,10,10,0,0,10,9,5830,0,0,0,0,1
2020-09-19,US,West Virginia,Wood,347,6,0,39.20967886,-81.5162836,54107.0,415.479297875907,1.7291066282420748,341,346,6,0,340,345,84203,1,0,0,1,1
2020-09-19,US,West Virginia,Wyoming,96,3,0,37.612327,-81.54511071,54109.0,470.7266843189173,3.125,93,94,3,0,91,88,20786,2,0,0,2,6
2020-09-19,US,Wisconsin,Adams,183,3,0,43.96974651,-89.76782777,55001.0,905.0445103857567,1.639344262295082,180,183,3,0,180,181,20348,0,0,0,0,2
2020-09-19,US,Wisconsin,Ashland,49,2,0,46.31956891,-90.67837132,55003.0,314.86955404189695,4.081632653061225,47,49,2,0,47,42,15600,0,0,0,0,7
2020-09-19,US,Wisconsin,Barron,407,4,0,45.42372701,-91.84833627,55005.0,899.5667933869687,0.9828009828009828,403,407,4,0,403,398,45164,0,0,0,0,9
2020-09-19,US,Wisconsin,Bayfield,76,1,0,46.52868768,-91.19716729,55007.0,505.45357807927627,1.3157894736842106,75,76,1,0,75,67,15042,0,0,0,0,9
2020-09-19,US,Wisconsin,Brown,7183,59,0,44.452655299999996,-88.00411844,55009.0,2715.258824685683,0.8213838229152165,7124,7183,59,0,7124,7013,263378,0,0,0,0,170
2020-09-19,US,Wisconsin,Buffalo,119,2,0,44.37835084,-91.75332578,55011.0,913.2069679993859,1.680672268907563,117,119,2,0,117,104,13125,0,0,0,0,15
2020-09-19,US,Wisconsin,Burnett,101,3,0,45.86303537,-92.36711412,55013.0,655.2484754119631,2.9702970297029703,98,101,3,0,98,77,15392,0,0,0,0,24
2020-09-19,US,Wisconsin,Calumet,819,2,0,44.0816316,-88.21780273,55015.0,1635.0895406177005,0.2442002442002442,817,819,2,0,817,769,50159,0,0,0,0,50
2020-09-19,US,Wisconsin,Chippewa,456,0,0,45.06939744,-91.28068855,55017.0,705.2491571035292,0.0,456,456,0,0,456,420,64135,0,0,0,0,36
2020-09-19,US,Wisconsin,Clark,313,8,0,44.73483377,-90.61207486,55019.0,900.0977741991143,2.5559105431309903,305,313,8,0,305,290,34709,0,0,0,0,23
2020-09-19,US,Wisconsin,Columbia,478,2,0,43.46492199,-89.33589004,55021.0,830.8419662101091,0.41841004184100417,476,478,2,0,476,471,57358,0,0,0,0,7
2020-09-19,US,Wisconsin,Crawford,135,0,0,43.23870316,-90.93073686,55023.0,836.8978984563884,0.0,135,135,0,0,135,129,16291,0,0,0,0,6
2020-09-19,US,Wisconsin,Dane,8455,41,0,43.06601594,-89.41733797,55025.0,1546.566184069728,0.4849201655824956,8414,8455,41,0,8414,8242,542364,0,0,0,0,213
2020-09-19,US,Wisconsin,Dodge,1538,9,0,43.41576662,-88.70928178,55027.0,1750.9306799940805,0.5851755526657998,1529,1538,9,0,1529,1512,87847,0,0,0,0,26
2020-09-19,US,Wisconsin,Door,220,3,0,44.95856458,-87.30002707,55029.0,795.1424027757698,1.3636363636363635,217,220,3,0,217,209,27610,0,0,0,0,11
2020-09-19,US,Wisconsin,Douglas,359,0,0,46.43222285,-91.91595768,55031.0,831.9814600231749,0.0,359,359,0,0,359,334,43208,0,0,0,0,25
2020-09-19,US,Wisconsin,Dunn,319,0,0,44.94562799,-91.8962481,55033.0,703.1387762299418,0.0,319,319,0,0,319,254,45131,0,0,0,0,65
2020-09-19,US,Wisconsin,Eau Claire,1476,6,0,44.726614,-91.28609183,55035.0,1410.469583166103,0.4065040650406504,1470,1476,6,0,1470,1259,104534,0,0,0,0,217
2020-09-19,US,Wisconsin,Florence,53,0,0,45.84963535,-88.39804137,55037.0,1233.9930151338765,0.0,53,53,0,0,53,46,4321,0,0,0,0,7
2020-09-19,US,Wisconsin,Fond du Lac,1655,12,0,43.75354908,-88.48885325,55039.0,1600.5338336411905,0.7250755287009063,1643,1655,12,0,1643,1582,103066,0,0,0,0,73
2020-09-19,US,Wisconsin,Forest,195,4,0,45.66678019,-88.77084892,55041.0,2165.7041314971125,2.051282051282051,191,195,4,0,191,158,8991,0,0,0,0,37
2020-09-19,US,Wisconsin,Grant,703,19,0,42.8671731,-90.7063218,55043.0,1366.6673146834116,2.702702702702702,684,703,19,0,684,603,51554,0,0,0,0,100
2020-09-19,US,Wisconsin,Green,395,2,0,42.6794956,-89.60243287,55045.0,1068.7229437229437,0.5063291139240507,393,395,2,0,393,384,36929,0,0,0,0,11
2020-09-19,US,Wisconsin,Green Lake,169,0,0,43.80025981,-89.04679553,55047.0,893.5652725638449,0.0,169,169,0,0,169,154,18918,0,0,0,0,15
2020-09-19,US,Wisconsin,Iowa,142,0,0,43.00050278,-90.13469017,55049.0,599.7128135822283,0.0,142,142,0,0,142,138,23771,0,0,0,0,4
2020-09-19,US,Wisconsin,Iron,136,1,0,46.26302338,-90.24295041,55051.0,2391.4190258484264,0.7352941176470589,135,136,1,0,135,136,5676,0,0,0,0,0
2020-09-19,US,Wisconsin,Jackson,99,1,0,44.31864893,-90.80566792,55053.0,479.58145618369423,1.0101010101010102,98,99,1,0,98,92,20478,0,0,0,0,7
2020-09-19,US,Wisconsin,Jefferson,1166,7,0,43.02054068,-88.77529134,55055.0,1375.5028371220612,0.6003430531732419,1159,1166,7,0,1159,1133,85129,0,0,0,0,33
2020-09-19,US,Wisconsin,Juneau,302,1,0,43.92456975,-90.11120239,55057.0,1131.6371266908982,0.3311258278145696,301,302,1,0,301,293,26617,0,0,0,0,9
2020-09-19,US,Wisconsin,Kenosha,3216,65,0,42.57639354,-88.04051686,55059.0,1896.6625580174689,2.021144278606965,3151,3216,65,0,3151,3206,169290,0,0,0,0,10
2020-09-19,US,Wisconsin,Kewaunee,350,2,0,44.51727459,-87.61468386,55061.0,1712.831555251052,0.5714285714285714,348,350,2,0,348,318,20383,0,0,0,0,32
2020-09-19,US,Wisconsin,La Crosse,2375,2,0,43.90632465,-91.11451093,55063.0,2012.4389913232105,0.08421052631578947,2373,2375,2,0,2373,1799,118230,0,0,0,0,576
2020-09-19,US,Wisconsin,Lafayette,204,0,0,42.66005229,-90.1317729,55065.0,1224.122412241224,0.0,204,204,0,0,204,200,16665,0,0,0,0,4
2020-09-19,US,Wisconsin,Langlade,120,2,0,45.26271619,-89.07483625,55067.0,625.3582781802072,1.6666666666666667,118,120,2,0,118,118,19268,0,0,0,0,2
2020-09-19,US,Wisconsin,Lincoln,127,1,0,45.33737523,-89.73411273,55069.0,460.26166056608565,0.7874015748031497,126,127,1,0,126,111,27689,0,0,0,0,16
2020-09-19,US,Wisconsin,Manitowoc,806,2,0,44.11946801,-87.80928853,55071.0,1020.4986009293373,0.2481389578163772,804,806,2,0,804,769,79074,0,0,0,0,37
2020-09-19,US,Wisconsin,Marathon,976,14,0,44.89792533,-89.75863384,55073.0,719.2760074285883,1.4344262295081966,962,976,14,0,962,952,135428,0,0,0,0,24
2020-09-19,US,Wisconsin,Marinette,707,7,0,45.38553432,-88.03324599999998,55075.0,1752.1685254027261,0.99009900990099,700,707,7,0,700,695,40434,0,0,0,0,12
2020-09-19,US,Wisconsin,Marquette,169,1,0,43.81911946,-89.40073763,55077.0,1085.1419031719533,0.591715976331361,168,169,1,0,168,164,15434,0,0,0,0,5
2020-09-19,US,Wisconsin,Menominee,42,0,0,45.00422544,-88.70950714,55078.0,921.8612818261631,0.0,42,42,0,0,42,40,4658,0,0,0,0,2
2020-09-19,US,Wisconsin,Milwaukee,26402,521,0,43.00486062,-87.96733172,55079.0,2791.7176856721712,1.9733353533823197,25881,26402,521,0,25881,26128,948201,0,0,0,0,274
2020-09-19,US,Wisconsin,Monroe,361,2,0,43.94641218,-90.61881899999999,55081.0,780.4899141677298,0.554016620498615,359,361,2,0,359,319,46051,0,0,0,0,42
2020-09-19,US,Wisconsin,Oconto,623,4,0,45.02715345,-88.26807503,55083.0,1642.499340891115,0.6420545746388443,619,623,4,0,619,608,37830,0,0,0,0,15
2020-09-19,US,Wisconsin,Oneida,312,2,0,45.70677897,-89.51944105,55085.0,876.5276021913188,0.6410256410256411,310,312,2,0,310,282,35470,0,0,0,0,30
2020-09-19,US,Wisconsin,Outagamie,3277,27,0,44.41578887,-88.46565023,55087.0,1744.1520078771591,0.8239243210253281,3250,3277,27,0,3250,3117,187365,0,0,0,0,160
2020-09-19,US,Wisconsin,Ozaukee,1173,19,0,43.38352225,-87.94625009,55089.0,1314.712903912756,1.6197783461210569,1154,1173,19,0,1154,1151,89147,0,0,0,0,22
2020-09-19,US,Wisconsin,Pepin,54,0,0,44.58307413,-91.99949611,55091.0,741.0456978180321,0.0,54,54,0,0,54,52,7289,0,0,0,0,2
2020-09-19,US,Wisconsin,Pierce,364,6,0,44.71850291,-92.4224416,55093.0,851.3823267998317,1.6483516483516485,358,364,6,0,358,333,42555,0,0,0,0,31
2020-09-19,US,Wisconsin,Polk,214,2,0,45.46130348,-92.44182875,55095.0,488.77418176004403,0.9345794392523364,212,214,2,0,212,205,43598,0,0,0,0,9
2020-09-19,US,Wisconsin,Portage,1086,3,0,44.47558711,-89.50152965,55097.0,1534.505171536766,0.27624309392265195,1083,1086,3,0,1083,1038,70942,0,0,0,0,48
2020-09-19,US,Wisconsin,Price,43,0,0,45.68051754,-90.36098879999999,55099.0,322.0732529398547,0.0,43,43,0,0,43,38,13397,0,0,0,0,5
2020-09-19,US,Wisconsin,Racine,4377,94,0,42.74753117,-88.05941254,55101.0,2229.6254412641165,2.147589673292209,4283,4377,94,0,4283,4348,196584,0,0,0,0,29
2020-09-19,US,Wisconsin,Richland,85,4,0,43.3762778,-90.43012729,55103.0,492.6964989566427,4.705882352941177,81,85,4,0,81,73,17377,0,0,0,0,12
2020-09-19,US,Wisconsin,Rock,2162,32,0,42.67151616,-89.07147900000002,55105.0,1323.5060053625868,1.4801110083256244,2130,2162,32,0,2130,2126,163129,0,0,0,0,36
2020-09-19,US,Wisconsin,Rusk,46,1,0,45.47498854,-91.1333012,55107.0,324.446325292707,2.1739130434782608,45,46,1,0,45,40,14147,0,0,0,0,6
2020-09-19,US,Wisconsin,Sauk,777,3,0,43.42574087,-89.94966132,55111.0,1205.7353899630675,0.3861003861003861,774,777,3,0,774,758,64249,0,0,0,0,19
2020-09-19,US,Wisconsin,Sawyer,192,1,0,45.87931905,-91.14504927,55113.0,1159.5603333735958,0.5208333333333334,191,192,1,0,191,185,16489,0,0,0,0,7
2020-09-19,US,Wisconsin,Shawano,470,1,0,44.78902246,-88.76443896,55115.0,1149.1723514022349,0.2127659574468085,469,470,1,0,469,440,40796,0,0,0,0,30
2020-09-19,US,Wisconsin,Sheboygan,1415,14,0,43.72099677,-87.94579284,55117.0,1226.8076989769377,0.9893992932862192,1401,1415,14,0,1401,1317,115456,0,0,0,0,98
2020-09-19,US,Wisconsin,St. Croix,773,8,0,45.03437474,-92.45000068,55109.0,852.3823701302283,1.034928848641656,765,773,8,0,765,725,89694,0,0,0,0,48
2020-09-19,US,Wisconsin,Taylor,144,3,0,45.21179252,-90.5004405,55119.0,707.8601976109717,2.083333333333333,141,144,3,0,141,132,20412,0,0,0,0,12
2020-09-19,US,Wisconsin,Trempealeau,512,2,0,44.30360275,-91.35893614,55121.0,1726.8710580458026,0.390625,510,512,2,0,510,474,29442,0,0,0,0,38
2020-09-19,US,Wisconsin,Vernon,164,0,0,43.59422667,-90.8324691,55123.0,532.0874699889689,0.0,164,164,0,0,164,145,30785,0,0,0,0,19
2020-09-19,US,Wisconsin,Vilas,157,1,0,46.05467334,-89.51719204,55125.0,707.3665239918901,0.6369426751592356,156,157,1,0,156,145,21938,0,0,0,0,12
2020-09-19,US,Wisconsin,Walworth,2374,34,0,42.66858202,-88.54163073,55127.0,2285.5932529749302,1.4321819713563606,2340,2374,34,0,2340,2332,103718,0,0,0,0,42
2020-09-19,US,Wisconsin,Washburn,87,1,0,45.89838588,-91.79050449,55129.0,553.4351145038166,1.1494252873563218,86,87,1,0,86,83,15878,0,0,0,0,4
2020-09-19,US,Wisconsin,Washington,2156,32,0,43.36863664,-88.22974712,55131.0,1584.8978931737656,1.4842300556586268,2124,2156,32,0,2124,2108,135693,0,0,0,0,48
2020-09-19,US,Wisconsin,Waukesha,6452,85,0,43.01833055,-88.30431188,55133.0,1596.2473837079847,1.3174209547427154,6367,6452,85,0,6367,6287,403072,0,0,0,0,165
2020-09-19,US,Wisconsin,Waupaca,864,20,0,44.47068056,-88.96534501,55135.0,1694.4498921357128,2.314814814814815,844,864,20,0,844,841,51128,0,0,0,0,23
2020-09-19,US,Wisconsin,Waushara,258,2,0,44.11324419,-89.24317107,55137.0,1055.5169169087264,0.7751937984496124,256,258,2,0,256,248,24263,0,0,0,0,10
2020-09-19,US,Wisconsin,Winnebago,2459,23,0,44.06886922,-88.64477096,55139.0,1430.4245900399633,0.9353395689304596,2436,2459,23,0,2436,2252,171020,0,0,0,0,207
2020-09-19,US,Wisconsin,Wood,653,3,0,44.45537896,-90.04158336,55141.0,894.5328018192032,0.4594180704441042,650,653,3,0,650,627,73055,0,0,0,0,26
2020-09-19,US,Wyoming,Albany,332,0,0,41.65498705,-105.72354150000001,56001.0,853.9094650205761,0.0,332,325,0,0,325,301,38601,7,0,0,7,24
2020-09-19,US,Wyoming,Big Horn,51,1,0,44.52405055,-107.9960365,56003.0,432.5699745547074,1.96078431372549,50,51,1,0,50,51,11881,0,0,0,0,0
2020-09-19,US,Wyoming,Campbell,238,1,0,44.24886082,-105.54744040000001,56005.0,513.5840832092532,0.4201680672268908,237,236,1,0,235,230,46140,2,0,0,2,6
2020-09-19,US,Wyoming,Carbon,209,2,0,41.69357844,-106.9326084,56007.0,1412.1621621621618,0.9569377990430622,207,208,2,0,206,205,14971,1,0,0,1,3
2020-09-19,US,Wyoming,Converse,93,0,0,42.97272268,-105.5081848,56009.0,672.8403993633339,0.0,93,91,0,0,91,85,13640,2,0,0,2,6
2020-09-19,US,Wyoming,Crook,34,0,0,44.58855102,-104.56977049999999,56011.0,448.3122362869198,0.0,34,34,0,0,34,32,7450,0,0,0,0,2
2020-09-19,US,Wyoming,Fremont,658,14,0,43.04183996,-108.6296893,56013.0,1675.9634242632635,2.127659574468085,644,655,14,0,641,646,39531,3,0,0,3,9
2020-09-19,US,Wyoming,Goshen,74,2,0,42.08798185,-104.3534743,56015.0,560.1392778744985,2.702702702702702,72,74,2,0,72,74,13376,0,0,0,0,0
2020-09-19,US,Wyoming,Hot Springs,37,0,0,43.71930657,-108.44231740000001,56017.0,838.4319057330614,0.0,37,36,0,0,36,32,4555,1,0,0,1,4
2020-09-19,US,Wyoming,Johnson,29,1,0,44.04057166,-106.58451740000001,56019.0,343.3984606275903,3.4482758620689653,28,29,1,0,28,29,8460,0,0,0,0,0
2020-09-19,US,Wyoming,Laramie,641,4,0,41.30702520000001,-104.6887497,56021.0,644.2211055276382,0.62402496099844,637,638,4,0,634,635,98976,3,0,0,3,3
2020-09-19,US,Wyoming,Lincoln,136,1,0,42.26376367,-110.6563997,56023.0,685.8295511850731,0.7352941176470589,135,135,1,0,134,131,19434,1,0,0,1,4
2020-09-19,US,Wyoming,Natrona,438,4,0,42.96180148,-106.79788500000001,56025.0,548.4735405344486,0.9132420091324199,434,435,4,0,431,419,79115,3,0,0,3,16
2020-09-19,US,Wyoming,Niobrara,3,0,0,43.05607708,-104.47588959999999,56027.0,127.33446519524618,0.0,3,3,0,0,3,3,2388,0,0,0,0,0
2020-09-19,US,Wyoming,Park,202,2,0,44.52157546,-109.58528249999999,56029.0,691.922997876276,0.99009900990099,200,202,2,0,200,199,29324,0,0,0,0,3
2020-09-19,US,Wyoming,Platte,19,1,0,42.13299116,-104.96633100000001,56031.0,226.37912546169426,5.2631578947368425,18,18,1,0,17,18,8566,1,0,0,1,0
2020-09-19,US,Wyoming,Sheridan,234,4,0,44.79048913,-106.8862389,56033.0,767.590618336887,1.709401709401709,230,231,4,0,227,226,30233,3,0,0,3,5
2020-09-19,US,Wyoming,Sublette,71,1,0,42.76558279,-109.91309220000001,56035.0,722.2052690468927,1.4084507042253518,70,70,1,0,69,67,9813,1,0,0,1,3
2020-09-19,US,Wyoming,Sweetwater,322,2,0,41.65943896,-108.8827882,56037.0,760.4562737642585,0.6211180124223602,320,322,2,0,320,320,43051,0,0,0,0,2
2020-09-19,US,Wyoming,Teton,493,1,0,43.93522482,-110.5890801,56039.0,2101.09103307194,0.2028397565922921,492,490,1,0,489,487,23081,3,0,0,3,3
2020-09-19,US,Wyoming,Uinta,330,2,0,41.2878183,-110.54757820000002,56041.0,1631.563334322159,0.6060606060606061,328,327,2,0,325,327,20299,3,0,0,3,0
2020-09-19,US,Wyoming,Unassigned,1,0,0,0.0,0.0,90056.0,0.0,0.0,1,1,0,0,1,,,0,0,0,0,
2020-09-19,US,Wyoming,Washakie,113,6,0,43.90451606,-107.68018700000002,56043.0,1447.789878283152,5.3097345132743365,107,113,6,0,107,112,7885,0,0,0,0,1
2020-09-19,US,Wyoming,Weston,23,0,0,43.83961191,-104.56748809999999,56045.0,332.03406958279203,0.0,23,23,0,0,23,23,6967,0,0,0,0,0
