Date,Country/Region,Province/State,Admin2,Confirmed,Deaths,Recovered,Latitude,Longitude,FIPS,Active Cases,Previous Confirmed,Previous Deaths,Previous Recovered,Previous Active,Prev2 Confirmed,Population,Daily Confirmed,Daily Deaths,Daily Recovered,Daily Active,Previous Daily Confirmed
2020-05-19,US,Alabama,Autauga,127,4,0,32.53952745,-86.64408227,1001.0,123,120,4,0,116,110,55601,7,0,0,7,10
2020-05-19,US,Alabama,Baldwin,262,8,0,30.72774991,-87.72207058,1003.0,254,260,8,0,252,254,218022,2,0,0,2,6
2020-05-19,US,Alabama,Barbour,90,1,0,31.868263,-85.3871286,1005.0,89,85,1,0,84,81,24881,5,0,0,5,4
2020-05-19,US,Alabama,Bibb,51,1,0,32.99642064,-87.12511459999996,1007.0,50,50,1,0,49,50,22400,1,0,0,1,0
2020-05-19,US,Alabama,Blount,47,1,0,33.98210918,-86.56790593,1009.0,46,47,1,0,46,46,57840,0,0,0,0,1
2020-05-19,US,Alabama,Bullock,52,1,0,32.10030533,-85.71265535,1011.0,51,40,1,0,39,35,10138,12,0,0,12,5
2020-05-19,US,Alabama,Butler,295,10,0,31.75300095,-86.68057478,1013.0,285,285,10,0,275,272,19680,10,0,0,10,13
2020-05-19,US,Alabama,Calhoun,133,3,0,33.77483727,-85.82630386,1015.0,130,133,3,0,130,130,114277,0,0,0,0,3
2020-05-19,US,Alabama,Chambers,329,22,0,32.91360079,-85.39072749,1017.0,307,329,22,0,307,328,33615,0,0,0,0,1
2020-05-19,US,Alabama,Cherokee,29,0,0,34.17805983,-85.60638968,1019.0,29,28,0,0,28,27,26032,1,0,0,1,1
2020-05-19,US,Alabama,Chilton,80,1,0,32.85044126,-86.7173256,1021.0,79,79,1,0,78,77,44153,1,0,0,1,2
2020-05-19,US,Alabama,Choctaw,92,3,0,32.02227341,-88.26564429999998,1023.0,89,85,3,0,82,84,12841,7,0,0,7,1
2020-05-19,US,Alabama,Clarke,81,2,0,31.68099859,-87.83548597,1025.0,79,75,2,0,73,74,23920,6,0,0,6,1
2020-05-19,US,Alabama,Clay,27,2,0,33.26984193,-85.85836077,1027.0,25,27,2,0,25,27,13275,0,0,0,0,0
2020-05-19,US,Alabama,Cleburne,13,1,0,33.67679204,-85.52005899,1029.0,12,13,1,0,12,13,14987,0,0,0,0,0
2020-05-19,US,Alabama,Coffee,175,1,0,31.39932826,-85.98901039,1031.0,174,171,1,0,170,166,51909,4,0,0,4,5
2020-05-19,US,Alabama,Colbert,98,2,0,34.69847452,-87.80168544,1033.0,96,93,2,0,91,91,54762,5,0,0,5,2
2020-05-19,US,Alabama,Conecuh,21,0,0,31.43401703,-86.99320044,1035.0,21,19,0,0,19,18,12277,2,0,0,2,1
2020-05-19,US,Alabama,Coosa,33,1,0,32.93690146,-86.24847739,1037.0,32,34,1,0,33,34,10715,-1,0,0,-1,0
2020-05-19,US,Alabama,Covington,58,1,0,31.247785399999998,-86.45050893,1039.0,57,58,1,0,57,57,36986,0,0,0,0,1
2020-05-19,US,Alabama,Crenshaw,53,3,0,31.72941803,-86.31593104,1041.0,50,53,1,0,52,53,13824,0,2,0,-2,0
2020-05-19,US,Alabama,Cullman,70,0,0,34.13020303,-86.86888037,1043.0,70,69,0,0,69,69,83442,1,0,0,1,0
2020-05-19,US,Alabama,Dale,63,0,0,31.43037123,-85.61095742,1045.0,63,61,0,0,61,60,48956,2,0,0,2,1
2020-05-19,US,Alabama,Dallas,159,3,0,32.32688101,-87.10866709999998,1047.0,156,151,3,0,148,146,38310,8,0,0,8,5
2020-05-19,US,Alabama,DeKalb,195,3,0,34.45946862,-85.80782906,1049.0,192,196,2,0,194,192,71385,-1,1,0,-2,4
2020-05-19,US,Alabama,Elmore,207,6,0,32.59785413,-86.14415284,1051.0,201,197,6,0,191,192,81887,10,0,0,10,5
2020-05-19,US,Alabama,Escambia,39,3,0,31.1256789,-87.15918694,1053.0,36,39,3,0,36,39,36748,0,0,0,0,0
2020-05-19,US,Alabama,Etowah,215,10,0,34.04567266,-86.04051873,1055.0,205,206,10,0,196,204,102501,9,0,0,9,2
2020-05-19,US,Alabama,Fayette,9,0,0,33.72076938,-87.73886638,1057.0,9,9,0,0,9,9,16433,0,0,0,0,0
2020-05-19,US,Alabama,Franklin,364,4,0,34.44235334,-87.84289505,1059.0,360,344,4,0,340,334,31363,20,0,0,20,10
2020-05-19,US,Alabama,Geneva,23,0,0,31.09389027,-85.83572839,1061.0,23,22,0,0,22,20,26314,1,0,0,1,2
2020-05-19,US,Alabama,Greene,87,4,0,32.85504247,-87.95684022,1063.0,83,87,4,0,83,81,8233,0,0,0,0,6
2020-05-19,US,Alabama,Hale,96,2,0,32.76039258,-87.63284988,1065.0,94,91,2,0,89,85,14726,5,0,0,5,6
2020-05-19,US,Alabama,Henry,44,1,0,31.51148016,-85.24267944,1067.0,43,40,1,0,39,39,17209,4,0,0,4,1
2020-05-19,US,Alabama,Houston,141,4,0,31.15197924,-85.29939599,1069.0,137,137,4,0,133,132,104722,4,0,0,4,5
2020-05-19,US,Alabama,Jackson,63,2,0,34.78144169,-85.99750489,1071.0,61,64,2,0,62,63,51736,-1,0,0,-1,1
2020-05-19,US,Alabama,Jefferson,1367,78,0,33.55554728,-86.89506300000002,1073.0,1289,1355,74,0,1281,1333,659300,12,4,0,8,22
2020-05-19,US,Alabama,Lamar,15,0,0,33.77995024,-88.09668032,1075.0,15,15,0,0,15,15,13844,0,0,0,0,0
2020-05-19,US,Alabama,Lauderdale,116,2,0,34.90171875,-87.65624729,1077.0,114,115,2,0,113,113,92387,1,0,0,1,2
2020-05-19,US,Alabama,Lawrence,35,0,0,34.52041498,-87.31069453,1079.0,35,33,0,0,33,29,32957,2,0,0,2,4
2020-05-19,US,Alabama,Lee,450,31,0,32.60154883,-85.35132246,1081.0,419,452,31,0,421,449,163941,-2,0,0,-2,3
2020-05-19,US,Alabama,Limestone,65,0,0,34.81185586,-86.98310072,1083.0,65,65,0,0,65,64,96174,0,0,0,0,1
2020-05-19,US,Alabama,Lowndes,140,10,0,32.1597283,-86.65158371,1085.0,130,133,9,0,124,128,9974,7,1,0,6,5
2020-05-19,US,Alabama,Macon,54,2,0,32.38759944,-85.69267724,1087.0,52,55,2,0,53,55,18439,-1,0,0,-1,0
2020-05-19,US,Alabama,Madison,278,4,0,34.76327133,-86.55069633,1089.0,274,278,4,0,274,275,366519,0,0,0,0,3
2020-05-19,US,Alabama,Marengo,116,6,0,32.24767634,-87.78796182,1091.0,110,104,6,0,98,103,19066,12,0,0,12,1
2020-05-19,US,Alabama,Marion,106,9,0,34.13697363,-87.88704173,1093.0,97,103,9,0,94,101,29763,3,0,0,3,2
2020-05-19,US,Alabama,Marshall,638,9,0,34.36975964,-86.30486727,1095.0,629,632,9,0,623,624,96109,6,0,0,6,8
2020-05-19,US,Alabama,Mobile,1751,103,0,30.78472347,-88.20842409,1097.0,1648,1735,101,0,1634,1701,413757,16,2,0,14,34
2020-05-19,US,Alabama,Monroe,20,2,0,31.56729412,-87.36995001,1099.0,18,20,2,0,18,20,21067,0,0,0,0,0
2020-05-19,US,Alabama,Montgomery,907,24,0,32.2206831,-86.20969272,1101.0,883,863,20,0,843,823,225763,44,4,0,40,40
2020-05-19,US,Alabama,Morgan,119,1,0,34.45500589,-86.85475946,1103.0,118,116,1,0,115,111,119089,3,0,0,3,5
2020-05-19,US,Alabama,Perry,22,0,0,32.64048341,-87.29770589,1105.0,22,21,0,0,21,20,9140,1,0,0,1,1
2020-05-19,US,Alabama,Pickens,84,3,0,33.28094866,-88.08818103,1107.0,81,82,3,0,79,78,19938,2,0,0,2,4
2020-05-19,US,Alabama,Pike,110,0,0,31.80396383,-85.9408295,1109.0,110,107,0,0,107,106,33338,3,0,0,3,1
2020-05-19,US,Alabama,Randolph,120,7,0,33.29526734,-85.45708831,1111.0,113,120,7,0,113,120,22725,0,0,0,0,0
2020-05-19,US,Alabama,Russell,109,0,0,32.28725256,-85.18415324,1113.0,109,105,0,0,105,100,57781,4,0,0,4,5
2020-05-19,US,Alabama,Shelby,404,19,0,33.26879845,-86.66232561,1117.0,385,404,19,0,385,399,215707,0,0,0,0,5
2020-05-19,US,Alabama,St. Clair,91,1,0,33.71902176,-86.31029372,1115.0,90,91,1,0,90,90,88690,0,0,0,0,1
2020-05-19,US,Alabama,Sumter,148,4,0,32.59117397,-88.19916205,1119.0,144,136,4,0,132,127,12691,12,0,0,12,9
2020-05-19,US,Alabama,Talladega,81,2,0,33.37823223,-86.16886178,1121.0,79,81,2,0,79,78,79828,0,0,0,0,3
2020-05-19,US,Alabama,Tallapoosa,371,57,0,32.86698258,-85.79833053,1123.0,314,366,57,0,309,358,40497,5,0,0,5,8
2020-05-19,US,Alabama,Tuscaloosa,387,8,0,33.28726072,-87.52556818,1125.0,379,368,8,0,360,345,208911,19,0,0,19,23
2020-05-19,US,Alabama,Walker,148,1,0,33.80270512,-87.30027177,1127.0,147,139,0,0,139,126,63711,9,1,0,8,13
2020-05-19,US,Alabama,Washington,61,5,0,31.4092794,-88.20689944,1129.0,56,61,5,0,56,60,16378,0,0,0,0,1
2020-05-19,US,Alabama,Wilcox,97,5,0,31.98773215,-87.30891118,1131.0,92,95,5,0,90,94,10627,2,0,0,2,1
2020-05-19,US,Alabama,Winston,45,1,0,34.15030532,-87.37325922,1133.0,44,39,1,0,38,34,23660,6,0,0,6,5
2020-05-19,US,Alaska,Anchorage,205,4,0,61.14998174,-149.14269860000005,2020.0,201,199,4,0,195,199,291538,6,0,0,6,0
2020-05-19,US,Alaska,Bethel,2,0,0,60.90980451,-159.8561831,2050.0,2,1,0,0,1,1,18216,1,0,0,1,0
2020-05-19,US,Alaska,Fairbanks North Star,85,2,0,64.80726247,-146.5692662,2090.0,83,84,2,0,82,84,98971,1,0,0,1,0
2020-05-19,US,Alaska,Juneau,30,0,0,58.45031811,-134.200436,2110.0,30,29,0,0,29,29,32113,1,0,0,1,0
2020-05-19,US,Alaska,Kenai Peninsula,26,2,0,60.24429722,-151.53888840000005,2122.0,24,24,2,0,22,24,58533,2,0,0,2,0
2020-05-19,US,Alaska,Ketchikan Gateway,16,0,0,55.57445008,-130.975561,2130.0,16,16,0,0,16,16,13918,0,0,0,0,0
2020-05-19,US,Alaska,Kodiak Island,1,0,0,57.65529415,-153.7493579,2150.0,1,1,0,0,1,1,13345,0,0,0,0,0
2020-05-19,US,Alaska,Matanuska-Susitna,22,1,0,62.31305045,-149.5741743,2170.0,21,21,1,0,20,21,107610,1,0,0,1,0
2020-05-19,US,Alaska,Nome,1,0,0,64.90320724,-164.0353804,2180.0,1,1,0,0,1,1,10008,0,0,0,0,0
2020-05-19,US,Alaska,Petersburg,4,1,0,57.13978948,-132.9540995,2195.0,3,4,1,0,3,4,3221,0,0,0,0,0
2020-05-19,US,Alaska,Prince of Wales-Hyder,2,0,0,55.76261984,-133.0511621,2198.0,2,2,0,0,2,2,6422,0,0,0,0,0
2020-05-19,US,Alaska,Sitka,1,0,0,57.24124555,-135.3206587,2220.0,1,1,0,0,1,1,8647,0,0,0,0,0
2020-05-19,US,Alaska,Southeast Fairbanks,3,0,0,63.87692095,-143.2127643,2240.0,3,3,0,0,3,3,6918,0,0,0,0,0
2020-05-19,US,Alaska,Unassigned,1,0,0,0.0,0.0,90002.0,1,1,0,0,1,1,,0,0,0,0,0
2020-05-19,US,Alaska,Yukon-Koyukuk,1,0,0,65.50815459,-151.39073869999999,2290.0,1,1,0,0,1,1,5327,0,0,0,0,0
2020-05-19,US,Arizona,Apache,1023,20,0,35.39465006,-109.4892383,4001.0,1003,988,20,0,968,981,71818,35,0,0,35,7
2020-05-19,US,Arizona,Cochise,46,1,0,31.87934684,-109.7516088,4003.0,45,46,1,0,45,46,126770,0,0,0,0,0
2020-05-19,US,Arizona,Coconino,943,66,0,35.83883429,-111.77071780000001,4005.0,877,901,65,0,836,866,142854,42,1,0,41,35
2020-05-19,US,Arizona,Gila,22,1,0,33.80190085,-110.8132779,4007.0,21,22,1,0,21,22,53889,0,0,0,0,0
2020-05-19,US,Arizona,Graham,20,0,0,32.93166885,-109.8882178,4009.0,20,20,0,0,20,20,38072,0,0,0,0,0
2020-05-19,US,Arizona,Greenlee,3,0,0,33.21498827,-109.2405279,4011.0,3,2,0,0,2,2,9483,1,0,0,1,0
2020-05-19,US,Arizona,La Paz,38,1,0,33.72854224,-113.98100290000001,4012.0,37,38,1,0,37,38,21098,0,0,0,0,0
2020-05-19,US,Arizona,Maricopa,7482,339,0,33.34835867,-112.49181540000001,4013.0,7143,7340,324,0,7016,7240,4410824,142,15,0,127,100
2020-05-19,US,Arizona,Mohave,262,28,0,35.70471703,-113.7577902,4015.0,234,251,28,0,223,250,209550,11,0,0,11,1
2020-05-19,US,Arizona,Navajo,1320,48,0,35.3997715,-110.3218983,4017.0,1272,1285,48,0,1237,1273,110445,35,0,0,35,12
2020-05-19,US,Arizona,Pima,1888,158,0,32.0971334,-111.7890033,4019.0,1730,1825,157,0,1668,1814,1039073,63,1,0,62,11
2020-05-19,US,Arizona,Pinal,720,32,0,32.90525627,-111.3449483,4021.0,688,702,31,0,671,693,447138,18,1,0,17,9
2020-05-19,US,Arizona,Santa Cruz,97,0,0,31.52508998,-110.8479088,4023.0,97,78,0,0,78,75,46511,19,0,0,19,3
2020-05-19,US,Arizona,Unassigned,0,1,0,0.0,0.0,90004.0,-1,0,1,0,-1,0,,0,0,0,0,0
2020-05-19,US,Arizona,Yavapai,269,5,0,34.59933926,-112.5538588,4025.0,264,267,5,0,262,262,231993,2,0,0,2,5
2020-05-19,US,Arizona,Yuma,443,5,0,32.76895712,-113.90666740000002,4027.0,438,443,5,0,438,363,212128,0,0,0,0,80
2020-05-19,US,Arkansas,Arkansas,2,0,0,34.29145151,-91.37277296,5001.0,2,2,0,0,2,2,17769,0,0,0,0,0
2020-05-19,US,Arkansas,Ashley,19,0,0,33.19153461,-91.76984709999999,5003.0,19,18,0,0,18,18,20046,1,0,0,1,0
2020-05-19,US,Arkansas,Baxter,6,0,0,36.28784385,-92.33782872,5005.0,6,6,0,0,6,6,41619,0,0,0,0,0
2020-05-19,US,Arkansas,Benton,155,0,0,36.33644656,-94.25680817,5007.0,155,150,0,0,150,149,272608,5,0,0,5,1
2020-05-19,US,Arkansas,Boone,5,0,0,36.3084504,-93.09374925,5009.0,5,4,0,0,4,4,37480,1,0,0,1,0
2020-05-19,US,Arkansas,Bradley,14,1,0,33.46755808,-92.15980837,5011.0,13,15,1,0,14,15,10897,-1,0,0,-1,0
2020-05-19,US,Arkansas,Carroll,6,0,0,36.34038560000001,-93.54270261,5015.0,6,6,0,0,6,5,28223,0,0,0,0,1
2020-05-19,US,Arkansas,Chicot,11,0,0,33.26458973,-91.29539209,5017.0,11,11,0,0,11,10,10438,0,0,0,0,1
2020-05-19,US,Arkansas,Clark,35,0,0,34.04613432,-93.17484713,5019.0,35,35,0,0,35,35,22061,0,0,0,0,0
2020-05-19,US,Arkansas,Clay,4,0,0,36.36826212,-90.4148172,5021.0,4,4,0,0,4,3,14847,0,0,0,0,1
2020-05-19,US,Arkansas,Cleburne,72,4,0,35.53864922,-92.02640019,5023.0,68,72,4,0,68,72,24965,0,0,0,0,0
2020-05-19,US,Arkansas,Cleveland,17,0,0,33.89723187,-92.18537045,5025.0,17,16,0,0,16,16,8018,1,0,0,1,0
2020-05-19,US,Arkansas,Columbia,18,2,0,33.21230701,-93.22642793,5027.0,16,16,2,0,14,15,23537,2,0,0,2,1
2020-05-19,US,Arkansas,Conway,14,1,0,35.26205537,-92.70506566,5029.0,13,14,1,0,13,14,20891,0,0,0,0,0
2020-05-19,US,Arkansas,Craighead,147,0,0,35.83018283,-90.63235729,5031.0,147,141,0,0,141,140,108558,6,0,0,6,1
2020-05-19,US,Arkansas,Crawford,12,0,0,35.58928601,-94.2446814,5033.0,12,11,0,0,11,11,63406,1,0,0,1,0
2020-05-19,US,Arkansas,Crittenden,241,7,0,35.21247318,-90.30839406,5035.0,234,237,7,0,230,234,48342,4,0,0,4,3
2020-05-19,US,Arkansas,Cross,39,0,0,35.29631396,-90.77185818,5037.0,39,36,0,0,36,35,16676,3,0,0,3,1
2020-05-19,US,Arkansas,Dallas,1,0,0,33.97042763,-92.65167437,5039.0,1,1,0,0,1,1,7182,0,0,0,0,0
2020-05-19,US,Arkansas,Desha,18,0,0,33.83011025,-91.25500948,5041.0,18,18,0,0,18,18,11512,0,0,0,0,0
2020-05-19,US,Arkansas,Drew,19,1,0,33.59035001,-91.71777921,5043.0,18,19,1,0,18,19,18328,0,0,0,0,0
2020-05-19,US,Arkansas,Faulkner,95,3,0,35.14719007,-92.33717519,5045.0,92,94,3,0,91,93,124806,1,0,0,1,1
2020-05-19,US,Arkansas,Franklin,2,0,0,35.51202821,-93.89299569,5047.0,2,2,0,0,2,2,17810,0,0,0,0,0
2020-05-19,US,Arkansas,Fulton,4,0,0,36.38177105,-91.81729127,5049.0,4,4,0,0,4,4,12269,0,0,0,0,0
2020-05-19,US,Arkansas,Garland,130,1,0,34.57692074,-93.14921604,5051.0,129,130,1,0,129,129,99154,0,0,0,0,1
2020-05-19,US,Arkansas,Grant,16,0,0,34.29017991,-92.42320562,5053.0,16,16,0,0,16,16,18188,0,0,0,0,0
2020-05-19,US,Arkansas,Greene,25,0,0,36.11735460000001,-90.55832668,5055.0,25,24,0,0,24,24,45325,1,0,0,1,0
2020-05-19,US,Arkansas,Hempstead,9,1,0,33.73325583,-93.66935133,5057.0,8,9,1,0,8,9,21741,0,0,0,0,0
2020-05-19,US,Arkansas,Hot Spring,29,0,0,34.31709259,-92.95396325,5059.0,29,29,0,0,29,29,33701,0,0,0,0,0
2020-05-19,US,Arkansas,Howard,14,0,0,34.09007427,-93.9934871,5061.0,14,14,0,0,14,14,13341,0,0,0,0,0
2020-05-19,US,Arkansas,Independence,26,0,0,35.74242707,-91.57001641,5063.0,26,26,0,0,26,25,37678,0,0,0,0,1
2020-05-19,US,Arkansas,Izard,14,0,0,36.09604046,-91.90847954,5065.0,14,13,0,0,13,13,13593,1,0,0,1,0
2020-05-19,US,Arkansas,Jackson,1,0,0,35.59802983,-91.21494602,5067.0,1,1,0,0,1,1,16811,0,0,0,0,0
2020-05-19,US,Arkansas,Jefferson,497,20,0,34.26767081,-91.92619839,5069.0,477,491,19,0,472,491,68114,6,1,0,5,0
2020-05-19,US,Arkansas,Johnson,35,0,0,35.56759135,-93.46036368,5071.0,35,35,0,0,35,35,26742,0,0,0,0,0
2020-05-19,US,Arkansas,Lafayette,9,1,0,33.24116713,-93.60677071,5073.0,8,9,1,0,8,9,6682,0,0,0,0,0
2020-05-19,US,Arkansas,Lawrence,77,4,0,36.04188196,-91.10867198,5075.0,73,73,4,0,69,73,16434,4,0,0,4,0
2020-05-19,US,Arkansas,Lee,12,1,0,34.78498904,-90.78383866,5077.0,11,12,1,0,11,11,8985,0,0,0,0,1
2020-05-19,US,Arkansas,Lincoln,965,8,0,33.95317155,-91.74002806,5079.0,957,965,8,0,957,955,13383,0,0,0,0,10
2020-05-19,US,Arkansas,Little River,1,0,0,33.70375665,-94.23468591,5081.0,1,1,0,0,1,1,12326,0,0,0,0,0
2020-05-19,US,Arkansas,Logan,4,0,0,35.21413234,-93.71951016,5083.0,4,4,0,0,4,4,21737,0,0,0,0,0
2020-05-19,US,Arkansas,Lonoke,46,0,0,34.75392199,-91.88742357,5085.0,46,45,0,0,45,45,73657,1,0,0,1,0
2020-05-19,US,Arkansas,Madison,2,0,0,36.01038185,-93.72524943,5087.0,2,1,0,0,1,1,16481,1,0,0,1,0
2020-05-19,US,Arkansas,Marion,1,0,0,36.26844485,-92.68451899,5089.0,1,1,0,0,1,1,16722,0,0,0,0,0
2020-05-19,US,Arkansas,Miller,42,1,0,33.31403423,-93.89285258,5091.0,41,42,1,0,41,42,43592,0,0,0,0,0
2020-05-19,US,Arkansas,Mississippi,65,1,0,35.76271485,-90.05194370000002,5093.0,64,62,0,0,62,61,41239,3,1,0,2,1
2020-05-19,US,Arkansas,Monroe,5,0,0,34.6815935,-91.20540287,5095.0,5,5,0,0,5,5,6900,0,0,0,0,0
2020-05-19,US,Arkansas,Montgomery,1,0,0,34.53704874,-93.65824478,5097.0,1,1,0,0,1,1,8924,0,0,0,0,0
2020-05-19,US,Arkansas,Nevada,4,0,0,33.66340119,-93.30632432,5099.0,4,4,0,0,4,4,8326,0,0,0,0,0
2020-05-19,US,Arkansas,Newton,3,0,0,35.91947491,-93.21612969,5101.0,3,3,0,0,3,3,7805,0,0,0,0,0
2020-05-19,US,Arkansas,Ouachita,10,0,0,33.58839816,-92.87795984,5103.0,10,10,0,0,10,10,23606,0,0,0,0,0
2020-05-19,US,Arkansas,Perry,12,0,0,34.945915299999996,-92.94372564,5105.0,12,12,0,0,12,12,10352,0,0,0,0,0
2020-05-19,US,Arkansas,Phillips,5,1,0,34.43268455,-90.84800154,5107.0,4,5,1,0,4,5,18029,0,0,0,0,0
2020-05-19,US,Arkansas,Pike,3,0,0,34.16250414,-93.65789349,5109.0,3,3,0,0,3,3,10673,0,0,0,0,0
2020-05-19,US,Arkansas,Poinsett,28,2,0,35.57433534,-90.66268713,5111.0,26,27,2,0,25,26,23974,1,0,0,1,1
2020-05-19,US,Arkansas,Polk,8,0,0,34.48254879,-94.22728802,5113.0,8,8,0,0,8,8,20049,0,0,0,0,0
2020-05-19,US,Arkansas,Pope,76,0,0,35.44871474,-93.03212219,5115.0,76,76,0,0,76,73,64000,0,0,0,0,3
2020-05-19,US,Arkansas,Prairie,2,0,0,34.83624419,-91.55162157,5117.0,2,2,0,0,2,2,8074,0,0,0,0,0
2020-05-19,US,Arkansas,Pulaski,713,25,0,34.77054088,-92.31355101,5119.0,688,693,25,0,668,686,392680,20,0,0,20,7
2020-05-19,US,Arkansas,Randolph,23,0,0,36.3415714,-91.02455531,5121.0,23,22,0,0,22,22,17948,1,0,0,1,0
2020-05-19,US,Arkansas,Saline,82,1,0,34.64916145,-92.67583224,5125.0,81,82,1,0,81,82,121421,0,0,0,0,0
2020-05-19,US,Arkansas,Scott,1,0,0,34.85588887,-94.0632176,5127.0,1,1,0,0,1,1,10319,0,0,0,0,0
2020-05-19,US,Arkansas,Searcy,6,0,0,35.9109364,-92.69936482,5129.0,6,6,0,0,6,6,7958,0,0,0,0,0
2020-05-19,US,Arkansas,Sebastian,17,0,0,35.19605503,-94.27162713,5131.0,17,16,0,0,16,16,127753,1,0,0,1,0
2020-05-19,US,Arkansas,Sevier,46,1,0,33.99780401,-94.2424869,5133.0,45,32,1,0,31,28,17139,14,0,0,14,4
2020-05-19,US,Arkansas,Sharp,38,2,0,36.16258158,-91.47819342,5135.0,36,37,2,0,35,37,17366,1,0,0,1,0
2020-05-19,US,Arkansas,St. Francis,362,0,0,35.02201976,-90.74828138,5123.0,362,349,0,0,349,341,25439,13,0,0,13,8
2020-05-19,US,Arkansas,Stone,8,0,0,35.86251946,-92.15684085,5137.0,8,8,0,0,8,8,12457,0,0,0,0,0
2020-05-19,US,Arkansas,Unassigned,130,0,0,0.0,0.0,90005.0,130,130,0,0,130,132,,0,0,0,0,-2
2020-05-19,US,Arkansas,Union,117,4,0,33.16887091,-92.59746952,5139.0,113,107,4,0,103,107,39126,10,0,0,10,0
2020-05-19,US,Arkansas,Van Buren,28,2,0,35.58095779,-92.51295036,5141.0,26,28,2,0,26,28,16603,0,0,0,0,0
2020-05-19,US,Arkansas,Washington,151,5,0,35.976844,-94.21800746,5143.0,146,145,5,0,140,143,236961,6,0,0,6,2
2020-05-19,US,Arkansas,White,37,1,0,35.25688493,-91.74908296,5145.0,36,37,1,0,36,36,78727,0,0,0,0,1
2020-05-19,US,Arkansas,Woodruff,1,0,0,35.18902527,-91.2439489,5147.0,1,1,0,0,1,1,6490,0,0,0,0,0
2020-05-19,US,Arkansas,Yell,30,1,0,35.00292371,-93.41171338,5149.0,29,28,1,0,27,23,21535,2,0,0,2,5
2020-05-19,US,California,Alameda,2522,86,0,37.64629437,-121.8929271,6001.0,2436,2457,83,0,2374,2392,1666753,65,3,0,62,65
2020-05-19,US,California,Alpine,2,0,0,38.59678594,-119.82235940000001,6003.0,2,2,0,0,2,2,1101,0,0,0,0,0
2020-05-19,US,California,Amador,10,0,0,38.44583082,-120.65696000000001,6005.0,10,10,0,0,10,9,39383,0,0,0,0,1
2020-05-19,US,California,Butte,26,0,0,39.66727762,-121.6005252,6007.0,26,24,0,0,24,22,231256,2,0,0,2,2
2020-05-19,US,California,Calaveras,13,0,0,38.20537103,-120.55291299999999,6009.0,13,13,0,0,13,13,45602,0,0,0,0,0
2020-05-19,US,California,Colusa,3,0,0,39.17881957,-122.2331726,6011.0,3,3,0,0,3,3,21627,0,0,0,0,0
2020-05-19,US,California,Contra Costa,1192,33,0,37.91923498,-121.9289527,6013.0,1159,1155,33,0,1122,1146,1150215,37,0,0,37,9
2020-05-19,US,California,Del Norte,13,0,0,41.74228275,-123.89740630000001,6015.0,13,8,0,0,8,8,27828,5,0,0,5,0
2020-05-19,US,California,El Dorado,67,0,0,38.77965956,-120.5233166,6017.0,67,67,0,0,67,64,190678,0,0,0,0,3
2020-05-19,US,California,Fresno,1287,17,0,36.75733899,-119.6466953,6019.0,1270,1192,16,0,1176,1192,994400,95,1,0,94,0
2020-05-19,US,California,Glenn,12,0,0,39.59875897,-122.3938452,6021.0,12,9,0,0,9,9,28047,3,0,0,3,0
2020-05-19,US,California,Humboldt,86,2,0,40.69923009,-123.876044,6023.0,84,77,0,0,77,77,136373,9,2,0,7,0
2020-05-19,US,California,Imperial,902,18,0,33.0393082,-115.36690420000001,6025.0,884,876,15,0,861,786,181827,26,3,0,23,90
2020-05-19,US,California,Inyo,19,1,0,36.51112084,-117.41119779999998,6027.0,18,19,1,0,18,19,17987,0,0,0,0,0
2020-05-19,US,California,Kern,1571,25,0,35.34329425,-118.72777959999999,6029.0,1546,1537,25,0,1512,1515,896764,34,0,0,34,22
2020-05-19,US,California,Kings,416,2,0,36.07409056,-119.8159973,6031.0,414,399,2,0,397,399,151366,17,0,0,17,0
2020-05-19,US,California,Lake,11,0,0,39.10124298,-122.75362439999999,6033.0,11,10,0,0,10,8,64382,1,0,0,1,2
2020-05-19,US,California,Los Angeles,39573,1913,0,34.30828379,-118.22824109999999,6037.0,37660,38458,1840,0,36618,38011,10105518,1115,73,0,1042,447
2020-05-19,US,California,Madera,81,2,0,37.21513971,-119.76655890000002,6039.0,79,71,2,0,69,71,157672,10,0,0,10,0
2020-05-19,US,California,Marin,336,14,0,38.07122463,-122.72106310000001,6041.0,322,317,14,0,303,317,259666,19,0,0,19,0
2020-05-19,US,California,Mariposa,15,1,0,37.57978556,-119.9073334,6043.0,14,15,1,0,14,15,17471,0,0,0,0,0
2020-05-19,US,California,Mendocino,14,0,0,39.4381191,-123.39113130000001,6045.0,14,14,0,0,14,14,87606,0,0,0,0,0
2020-05-19,US,California,Merced,222,6,0,37.18922369,-120.72090349999999,6047.0,216,216,6,0,210,200,274765,6,0,0,6,16
2020-05-19,US,California,Mono,34,1,0,37.93899289,-118.8872409,6051.0,33,34,1,0,33,34,14250,0,0,0,0,0
2020-05-19,US,California,Monterey,349,8,0,36.21862405,-121.24133970000001,6053.0,341,341,8,0,333,341,435594,8,0,0,8,0
2020-05-19,US,California,Napa,92,3,0,38.50735751,-122.33283899999999,6055.0,89,92,3,0,89,90,139417,0,0,0,0,2
2020-05-19,US,California,Nevada,41,1,0,39.30394768,-120.76272809999999,6057.0,40,41,1,0,40,41,99696,0,0,0,0,0
2020-05-19,US,California,Orange,4500,88,0,33.70147516,-117.76459979999998,6059.0,4412,4434,88,0,4346,4376,3185968,66,0,0,66,58
2020-05-19,US,California,Placer,177,8,0,39.06167234,-120.72405690000001,6061.0,169,175,8,0,167,175,393149,2,0,0,2,0
2020-05-19,US,California,Plumas,4,0,0,40.00355989,-120.8395236,6063.0,4,4,0,0,4,4,18804,0,0,0,0,0
2020-05-19,US,California,Riverside,6053,270,0,33.74314981,-115.9933578,6065.0,5783,5952,261,0,5691,5618,2450758,101,9,0,92,334
2020-05-19,US,California,Sacramento,1250,56,0,38.45106826,-121.34253740000001,6067.0,1194,1245,56,0,1189,1237,1540975,5,0,0,5,8
2020-05-19,US,California,San Benito,63,2,0,36.60308176,-121.069975,6069.0,61,61,2,0,59,61,61537,2,0,0,2,0
2020-05-19,US,California,San Bernardino,3707,157,0,34.84060306,-116.1774685,6071.0,3550,3593,155,0,3438,3511,2171603,114,2,0,112,82
2020-05-19,US,California,San Diego,6026,222,0,33.03484597,-116.73653259999999,6073.0,5804,5836,209,0,5627,5836,3343364,190,13,0,177,0
2020-05-19,US,California,San Francisco,2179,36,0,37.75215114,-122.43856720000001,6075.0,2143,2131,36,0,2095,2091,883305,48,0,0,48,40
2020-05-19,US,California,San Joaquin,709,33,0,37.93433732,-121.2730061,6077.0,676,699,32,0,667,689,752660,10,1,0,9,10
2020-05-19,US,California,San Luis Obispo,247,1,0,35.38822029,-120.4039028,6079.0,246,246,1,0,245,243,284010,1,0,0,1,3
2020-05-19,US,California,San Mateo,1687,75,0,37.422880799999994,-122.32755459999998,6081.0,1612,1671,66,0,1605,1602,769545,16,9,0,7,69
2020-05-19,US,California,Santa Barbara,1517,11,0,34.65329488,-120.0188492,6083.0,1506,1474,11,0,1463,1474,446527,43,0,0,43,0
2020-05-19,US,California,Santa Clara,2483,137,0,37.23104908,-121.6970462,6085.0,2346,2453,135,0,2318,2453,1937570,30,2,0,28,0
2020-05-19,US,California,Santa Cruz,165,2,0,37.05580291,-122.0066524,6087.0,163,163,2,0,161,159,274255,2,0,0,2,4
2020-05-19,US,California,Shasta,34,4,0,40.76391419,-122.0396884,6089.0,30,34,4,0,30,34,180040,0,0,0,0,0
2020-05-19,US,California,Siskiyou,6,0,0,41.59198861,-122.54074340000001,6093.0,6,6,0,0,6,5,43724,0,0,0,0,1
2020-05-19,US,California,Solano,430,16,0,38.26827353,-121.9357113,6095.0,414,410,16,0,394,410,446610,20,0,0,20,0
2020-05-19,US,California,Sonoma,391,4,0,38.52746429,-122.88625060000001,6097.0,387,387,4,0,383,373,499942,4,0,0,4,14
2020-05-19,US,California,Stanislaus,593,26,0,37.55862499,-120.9970722,6099.0,567,571,24,0,547,571,549815,22,2,0,20,0
2020-05-19,US,California,Sutter,40,2,0,39.03417539,-121.6945899,6101.0,38,40,2,0,38,38,96807,0,0,0,0,2
2020-05-19,US,California,Tehama,2,1,0,40.12570935,-122.23701709999999,6103.0,1,2,1,0,1,2,63916,0,0,0,0,0
2020-05-19,US,California,Trinity,1,0,0,40.64917670000001,-123.114713,6105.0,1,1,0,0,1,1,12535,0,0,0,0,0
2020-05-19,US,California,Tulare,1539,71,0,36.22026558,-118.8020203,6107.0,1468,1436,67,0,1369,1430,465861,103,4,0,99,6
2020-05-19,US,California,Tuolumne,2,0,0,38.02644018,-119.95250929999999,6109.0,2,2,0,0,2,2,54539,0,0,0,0,0
2020-05-19,US,California,Ventura,825,25,0,34.44465746,-119.09106129999999,6111.0,800,764,25,0,739,764,850967,61,0,0,61,0
2020-05-19,US,California,Yolo,185,22,0,38.68278902,-121.90182879999999,6113.0,163,184,22,0,162,184,220408,1,0,0,1,0
2020-05-19,US,California,Yuba,28,1,0,39.26255932,-121.35356440000001,6115.0,27,26,1,0,25,25,78041,2,0,0,2,1
2020-05-19,US,Colorado,Adams,2675,104,0,39.87432092,-104.3362578,8001.0,2571,2640,102,0,2538,2613,511868,35,2,0,33,27
2020-05-19,US,Colorado,Alamosa,43,2,0,37.57250606,-105.7885451,8003.0,41,42,2,0,40,41,16683,1,0,0,1,1
2020-05-19,US,Colorado,Arapahoe,3827,258,0,39.64977461,-104.3353617,8005.0,3569,3767,253,0,3514,3703,651215,60,5,0,55,64
2020-05-19,US,Colorado,Archuleta,8,0,0,37.19474156,-107.0476867,8007.0,8,8,0,0,8,8,13765,0,0,0,0,0
2020-05-19,US,Colorado,Baca,12,0,0,37.31940883,-102.5603223,8009.0,12,12,0,0,12,12,3585,0,0,0,0,0
2020-05-19,US,Colorado,Bent,1,0,0,37.95474293,-103.0720195,8011.0,1,1,0,0,1,1,5882,0,0,0,0,0
2020-05-19,US,Colorado,Boulder,871,60,0,40.09313619,-105.3546767,8013.0,811,857,60,0,797,844,326078,14,0,0,14,13
2020-05-19,US,Colorado,Broomfield,214,24,0,39.95998787,-105.0566324,8014.0,190,213,22,0,191,211,69267,1,2,0,-1,2
2020-05-19,US,Colorado,Chaffee,69,17,0,38.74745778,-106.19265729999998,8015.0,52,69,17,0,52,69,20027,0,0,0,0,0
2020-05-19,US,Colorado,Cheyenne,5,0,0,38.82777431,-102.6032558,8017.0,5,5,0,0,5,5,1876,0,0,0,0,0
2020-05-19,US,Colorado,Clear Creek,16,1,0,39.68864463,-105.6463118,8019.0,15,16,1,0,15,16,9605,0,0,0,0,0
2020-05-19,US,Colorado,Conejos,1,0,0,37.201606,-106.19174879999998,8021.0,1,1,0,0,1,1,8200,0,0,0,0,0
2020-05-19,US,Colorado,Costilla,4,0,0,37.27732493,-105.4276548,8023.0,4,4,0,0,4,4,3828,0,0,0,0,0
2020-05-19,US,Colorado,Crowley,39,1,0,38.32608609,-103.7844965,8025.0,38,39,1,0,38,39,5858,0,0,0,0,0
2020-05-19,US,Colorado,Custer,2,0,0,38.10883162,-105.3683478,8027.0,2,2,0,0,2,2,4954,0,0,0,0,0
2020-05-19,US,Colorado,Delta,55,1,0,38.86246243,-107.8631342,8029.0,54,55,1,0,54,55,30953,0,0,0,0,0
2020-05-19,US,Colorado,Denver,4790,285,0,39.76018276,-104.8725695,8031.0,4505,4720,272,0,4448,4656,716492,70,13,0,57,64
2020-05-19,US,Colorado,Douglas,654,42,0,39.33133796,-104.930001,8035.0,612,649,39,0,610,640,342776,5,3,0,2,9
2020-05-19,US,Colorado,Eagle,571,8,0,39.62754308,-106.6933637,8037.0,563,570,8,0,562,570,54993,1,0,0,1,0
2020-05-19,US,Colorado,El Paso,1357,84,0,38.83240149,-104.5251411,8041.0,1273,1348,83,0,1265,1314,713856,9,1,0,8,34
2020-05-19,US,Colorado,Elbert,47,2,0,39.28656773,-104.1358721,8039.0,45,47,2,0,45,45,26282,0,0,0,0,2
2020-05-19,US,Colorado,Fremont,25,0,0,38.47362326,-105.4399667,8043.0,25,25,0,0,25,25,48021,0,0,0,0,0
2020-05-19,US,Colorado,Garfield,115,2,0,39.59921777,-107.902708,8045.0,113,114,2,0,112,115,59770,1,0,0,1,-1
2020-05-19,US,Colorado,Gilpin,4,0,0,39.85646523,-105.5252597,8047.0,4,4,0,0,4,4,6121,0,0,0,0,0
2020-05-19,US,Colorado,Grand,5,0,0,40.10603347,-106.1178042,8049.0,5,5,0,0,5,5,15525,0,0,0,0,0
2020-05-19,US,Colorado,Gunnison,179,6,0,38.66611652,-107.0320729,8051.0,173,179,6,0,173,183,17246,0,0,0,0,-4
2020-05-19,US,Colorado,Hinsdale,3,0,0,37.82247444,-107.3004345,8053.0,3,3,0,0,3,3,811,0,0,0,0,0
2020-05-19,US,Colorado,Huerfano,3,0,0,37.68473101,-104.9612585,8055.0,3,3,0,0,3,3,6889,0,0,0,0,0
2020-05-19,US,Colorado,Jefferson,1882,130,0,39.58635604,-105.2517692,8059.0,1752,1849,128,0,1721,1831,580233,33,2,0,31,18
2020-05-19,US,Colorado,Kit Carson,26,3,0,39.30497777,-102.6022199,8063.0,23,26,3,0,23,26,7163,0,0,0,0,0
2020-05-19,US,Colorado,La Plata,72,1,0,37.28632032,-107.8429014,8067.0,71,68,1,0,67,68,56310,4,0,0,4,0
2020-05-19,US,Colorado,Lake,26,0,0,39.20278823,-106.3555697,8065.0,26,26,0,0,26,26,7824,0,0,0,0,0
2020-05-19,US,Colorado,Larimer,508,21,0,40.66671597,-105.4625784,8069.0,487,495,21,0,474,489,350518,13,0,0,13,6
2020-05-19,US,Colorado,Las Animas,4,0,0,37.3153406,-104.0376458,8071.0,4,4,0,0,4,4,14503,0,0,0,0,0
2020-05-19,US,Colorado,Lincoln,3,0,0,38.98749519,-103.5136649,8073.0,3,3,0,0,3,3,5610,0,0,0,0,0
2020-05-19,US,Colorado,Logan,488,3,0,40.7249637,-103.110817,8075.0,485,488,3,0,485,487,21528,0,0,0,0,1
2020-05-19,US,Colorado,Mesa,50,0,0,39.01787888,-108.469799,8077.0,50,50,0,0,50,50,153207,0,0,0,0,0
2020-05-19,US,Colorado,Mineral,2,0,0,37.66954283,-106.9281698,8079.0,2,2,0,0,2,2,776,0,0,0,0,0
2020-05-19,US,Colorado,Moffat,6,0,0,40.61810999,-108.2070876,8081.0,6,6,0,0,6,6,13188,0,0,0,0,0
2020-05-19,US,Colorado,Montezuma,29,3,0,37.33859579,-108.5958857,8083.0,26,27,3,0,24,27,26158,2,0,0,2,0
2020-05-19,US,Colorado,Montrose,136,11,0,38.40214114,-108.26390220000002,8085.0,125,136,11,0,125,136,42214,0,0,0,0,0
2020-05-19,US,Colorado,Morgan,574,35,0,40.26279810000001,-103.8093302,8087.0,539,565,32,0,533,561,28558,9,3,0,6,4
2020-05-19,US,Colorado,Otero,11,1,0,37.9014485,-103.7173385,8089.0,10,11,1,0,10,11,18432,0,0,0,0,0
2020-05-19,US,Colorado,Ouray,7,1,0,38.14717457,-107.7675136,8091.0,6,7,1,0,6,7,4833,0,0,0,0,0
2020-05-19,US,Colorado,Park,20,0,0,39.120926,-105.7182065,8093.0,20,16,0,0,16,16,18556,4,0,0,4,0
2020-05-19,US,Colorado,Phillips,10,0,0,40.59414277,-102.3577703,8095.0,10,10,0,0,10,10,4286,0,0,0,0,0
2020-05-19,US,Colorado,Pitkin,57,2,0,39.21720112,-106.9310027,8097.0,55,57,2,0,55,56,17950,0,0,0,0,1
2020-05-19,US,Colorado,Prowers,11,0,0,37.95544985,-102.3926052,8099.0,11,10,0,0,10,10,12164,1,0,0,1,0
2020-05-19,US,Colorado,Pueblo,219,14,0,38.17359144,-104.5127437,8101.0,205,217,14,0,203,204,167529,2,0,0,2,13
2020-05-19,US,Colorado,Rio Blanco,1,0,0,39.97913541,-108.2179009,8103.0,1,1,0,0,1,1,6336,0,0,0,0,0
2020-05-19,US,Colorado,Rio Grande,9,0,0,37.5836865,-106.3847838,8105.0,9,8,0,0,8,8,11250,1,0,0,1,0
2020-05-19,US,Colorado,Routt,59,6,0,40.48596505,-106.9905548,8107.0,53,60,6,0,54,59,25733,-1,0,0,-1,1
2020-05-19,US,Colorado,Saguache,18,0,0,38.08054629,-106.282466,8109.0,18,17,0,0,17,16,6843,1,0,0,1,1
2020-05-19,US,Colorado,San Juan,1,0,0,37.76248981,-107.67632890000002,8111.0,1,1,0,0,1,1,762,0,0,0,0,0
2020-05-19,US,Colorado,San Miguel,22,0,0,38.00450883,-108.4020725,8113.0,22,22,0,0,22,22,8191,0,0,0,0,0
2020-05-19,US,Colorado,Summit,192,2,0,39.63803232,-106.1150762,8117.0,190,186,1,0,185,183,31007,6,1,0,5,3
2020-05-19,US,Colorado,Teller,31,2,0,38.88133511,-105.1614893,8119.0,29,31,2,0,29,31,25083,0,0,0,0,0
2020-05-19,US,Colorado,Unassigned,65,1,0,0.0,0.0,90008.0,64,78,1,0,77,83,,-13,0,0,-13,-5
2020-05-19,US,Colorado,Washington,11,0,0,39.97015535,-103.202587,8121.0,11,11,0,0,11,10,4909,0,0,0,0,1
2020-05-19,US,Colorado,Weld,2326,124,0,40.55499405,-104.3929621,8123.0,2202,2305,123,0,2182,2295,314305,21,1,0,20,10
2020-05-19,US,Colorado,Yuma,11,0,0,40.00346839,-102.4258673,8125.0,11,11,0,0,11,12,10020,0,0,0,0,-1
2020-05-19,US,Connecticut,Fairfield,14522,1160,0,41.26809896,-73.3881171,9001.0,13362,14439,1153,0,13286,14248,943823,83,7,0,76,191
2020-05-19,US,Connecticut,Hartford,9050,1090,0,41.80283011,-72.73103891,9003.0,7960,8957,1084,0,7873,8723,892697,93,6,0,87,234
2020-05-19,US,Connecticut,Litchfield,1290,117,0,41.7937534,-73.2451475,9005.0,1173,1280,116,0,1164,1269,181111,10,1,0,9,11
2020-05-19,US,Connecticut,Middlesex,947,131,0,41.45949668,-72.53714864,9007.0,816,936,131,0,805,909,162682,11,0,0,11,27
2020-05-19,US,Connecticut,New Haven,10427,838,0,41.408032500000004,-72.93620426,9009.0,9589,10338,830,0,9508,10159,857620,89,8,0,81,179
2020-05-19,US,Connecticut,New London,880,66,0,41.48896435,-72.10430976,9011.0,814,876,66,0,810,873,266784,4,0,0,4,3
2020-05-19,US,Connecticut,Tolland,770,54,0,41.85853803,-72.3308481,9013.0,716,735,54,0,681,715,150921,35,0,0,35,20
2020-05-19,US,Connecticut,Unassigned,218,2,0,0.0,0.0,90009.0,216,233,2,0,231,210,,-15,0,0,-15,23
2020-05-19,US,Connecticut,Windham,326,14,0,41.82972709,-71.98182316,9015.0,312,322,14,0,308,313,117027,4,0,0,4,9
2020-05-19,US,Delaware,Kent,1238,53,0,39.08646628,-75.56884914,10001.0,1185,1219,52,0,1167,1197,178550,19,1,0,18,22
2020-05-19,US,Delaware,New Castle,2845,135,0,39.57992638,-75.64054974,10003.0,2710,2738,130,0,2608,2682,559335,107,5,0,102,56
2020-05-19,US,Delaware,Sussex,3904,115,0,38.66143781,-75.39031349,10005.0,3789,3861,114,0,3747,3739,229286,43,1,0,42,122
2020-05-19,US,Delaware,Unassigned,50,1,0,0.0,0.0,90010.0,49,51,1,0,50,52,,-1,0,0,-1,-1
2020-05-19,US,District of Columbia,District of Columbia,7434,400,0,38.90417773,-77.01655992,11001.0,7034,7270,392,0,6878,7123,702455,164,8,0,156,147
2020-05-19,US,Florida,Alachua,339,7,0,29.67866525,-82.35928158,12001.0,332,337,7,0,330,332,269956,2,0,0,2,5
2020-05-19,US,Florida,Baker,26,3,0,30.33060121,-82.28467476,12003.0,23,26,3,0,23,26,28355,0,0,0,0,0
2020-05-19,US,Florida,Bay,86,3,0,30.26548745,-85.62122584,12005.0,83,85,3,0,82,84,185287,1,0,0,1,1
2020-05-19,US,Florida,Bradford,49,2,0,29.95079741,-82.16611613,12007.0,47,49,2,0,47,49,27732,0,0,0,0,0
2020-05-19,US,Florida,Brevard,371,11,0,28.29409504,-80.73091022,12009.0,360,367,11,0,356,365,596849,4,0,0,4,2
2020-05-19,US,Florida,Broward,6369,282,0,26.15184651,-80.48725556,12011.0,6087,6322,281,0,6041,6243,1951260,47,1,0,46,79
2020-05-19,US,Florida,Calhoun,40,2,0,30.40666734,-85.19394153,12013.0,38,41,1,0,40,40,14587,-1,1,0,-2,1
2020-05-19,US,Florida,Charlotte,392,44,0,26.90131002,-81.92949121,12015.0,348,389,41,0,348,380,184998,3,3,0,0,9
2020-05-19,US,Florida,Citrus,114,12,0,28.84804315,-82.47614748,12017.0,102,112,12,0,100,112,147929,2,0,0,2,0
2020-05-19,US,Florida,Clay,321,25,0,29.98319144,-81.85609986,12019.0,296,320,25,0,295,317,216072,1,0,0,1,3
2020-05-19,US,Florida,Collier,1030,40,0,26.11091986,-81.34687065,12021.0,990,1006,37,0,969,948,378488,24,3,0,21,58
2020-05-19,US,Florida,Columbia,113,2,0,30.22509788,-82.62160164,12023.0,111,113,2,0,111,111,70503,0,0,0,0,2
2020-05-19,US,Florida,DeSoto,69,7,0,27.18677893,-81.80941373,12027.0,62,68,7,0,61,66,37489,1,0,0,1,2
2020-05-19,US,Florida,Dixie,26,1,0,29.60631086,-83.15724673,12029.0,25,25,0,0,25,22,16700,1,1,0,0,3
2020-05-19,US,Florida,Duval,1318,36,0,30.33225875,-81.66976468,12031.0,1282,1300,35,0,1265,1284,950181,18,1,0,17,16
2020-05-19,US,Florida,Escambia,719,21,0,30.67652764,-87.37284571,12033.0,698,707,20,0,687,689,315534,12,1,0,11,18
2020-05-19,US,Florida,Flagler,167,4,0,29.45933576,-81.31508595,12035.0,163,160,4,0,156,156,112067,7,0,0,7,4
2020-05-19,US,Florida,Franklin,2,0,0,29.83791238,-84.82731662,12037.0,2,2,0,0,2,2,11736,0,0,0,0,0
2020-05-19,US,Florida,Gadsden,242,1,0,30.57796289,-84.61915825,12039.0,241,240,1,0,239,223,45894,2,0,0,2,17
2020-05-19,US,Florida,Gilchrist,8,0,0,29.72856978,-82.79880657,12041.0,8,7,0,0,7,7,18256,1,0,0,1,0
2020-05-19,US,Florida,Glades,13,1,0,26.95635849,-81.18996211,12043.0,12,10,1,0,9,9,13724,3,0,0,3,1
2020-05-19,US,Florida,Gulf,1,0,0,29.93543004,-85.24270990000002,12045.0,1,1,0,0,1,1,16164,0,0,0,0,0
2020-05-19,US,Florida,Hamilton,147,0,0,30.49673973,-82.94998918,12047.0,147,147,0,0,147,147,14310,0,0,0,0,0
2020-05-19,US,Florida,Hardee,44,0,0,27.49293939,-81.80956574,12049.0,44,42,0,0,42,40,27245,2,0,0,2,2
2020-05-19,US,Florida,Hendry,224,12,0,26.55386945,-81.16469006,12051.0,212,222,12,0,210,211,41556,2,0,0,2,11
2020-05-19,US,Florida,Hernando,109,5,0,28.55364461,-82.42700204,12053.0,104,110,5,0,105,109,190865,-1,0,0,-1,1
2020-05-19,US,Florida,Highlands,107,8,0,27.34254618,-81.34071957,12055.0,99,104,8,0,96,104,105424,3,0,0,3,0
2020-05-19,US,Florida,Hillsborough,1670,60,0,27.9276559,-82.32013172,12057.0,1610,1653,55,0,1598,1614,1436888,17,5,0,12,39
2020-05-19,US,Florida,Holmes,10,0,0,30.86747479,-85.81319222,12059.0,10,12,0,0,12,10,19477,-2,0,0,-2,2
2020-05-19,US,Florida,Indian River,108,9,0,27.69308961,-80.60556721,12061.0,99,106,9,0,97,106,157413,2,0,0,2,0
2020-05-19,US,Florida,Jackson,148,0,0,30.795459700000002,-85.21500423,12063.0,148,131,0,0,131,129,48305,17,0,0,17,2
2020-05-19,US,Florida,Jefferson,28,2,0,30.43669112,-83.89442308,12065.0,26,28,2,0,26,28,14288,0,0,0,0,0
2020-05-19,US,Florida,Lafayette,6,0,0,29.98484137,-83.18166636,12067.0,6,6,0,0,6,6,8732,0,0,0,0,0
2020-05-19,US,Florida,Lake,257,14,0,28.76202069,-81.7125123,12069.0,243,254,14,0,240,252,356495,3,0,0,3,2
2020-05-19,US,Florida,Lee,1520,89,0,26.58410348,-81.88399313,12071.0,1431,1481,89,0,1392,1456,754610,39,0,0,39,25
2020-05-19,US,Florida,Leon,304,6,0,30.45955727,-84.27491114,12073.0,298,290,6,0,284,280,292502,14,0,0,14,10
2020-05-19,US,Florida,Levy,25,0,0,29.31829741,-82.74007147,12075.0,25,25,0,0,25,25,40770,0,0,0,0,0
2020-05-19,US,Florida,Liberty,199,0,0,30.23766008,-84.8829258,12077.0,199,199,0,0,199,199,8457,0,0,0,0,0
2020-05-19,US,Florida,Madison,64,3,0,30.44396917,-83.47398594,12079.0,61,64,3,0,61,63,18529,0,0,0,0,1
2020-05-19,US,Florida,Manatee,888,82,0,27.47196942,-82.31831044,12081.0,806,867,81,0,786,849,394855,21,1,0,20,18
2020-05-19,US,Florida,Marion,224,5,0,29.21227113,-82.05803627,12083.0,219,223,5,0,218,222,359977,1,0,0,1,1
2020-05-19,US,Florida,Martin,396,8,0,27.0772071,-80.43109784,12085.0,388,371,7,0,364,321,160912,25,1,0,24,50
2020-05-19,US,Florida,Miami-Dade,15942,578,0,25.6112362,-80.55170587,12086.0,15364,15864,566,0,15298,15658,2761581,78,12,0,66,206
2020-05-19,US,Florida,Monroe,99,3,0,25.20904673,-81.07812416,12087.0,96,99,3,0,96,100,75027,0,0,0,0,-1
2020-05-19,US,Florida,Nassau,66,1,0,30.61037141,-81.80297522,12089.0,65,66,1,0,65,66,85832,0,0,0,0,0
2020-05-19,US,Florida,Okaloosa,180,5,0,30.69143028,-86.59267105,12091.0,175,178,5,0,173,177,207269,2,0,0,2,1
2020-05-19,US,Florida,Okeechobee,45,0,0,27.386336199999995,-80.88944347,12093.0,45,43,0,0,43,35,41537,2,0,0,2,8
2020-05-19,US,Florida,Orange,1699,38,0,28.51367621,-81.31799498,12095.0,1661,1679,38,0,1641,1655,1380645,20,0,0,20,24
2020-05-19,US,Florida,Osceola,629,17,0,28.06312234,-81.14882926,12097.0,612,627,17,0,610,622,367990,2,0,0,2,5
2020-05-19,US,Florida,Palm Beach,4699,284,0,26.64676272,-80.46536002,12099.0,4415,4658,275,0,4383,4524,1485941,41,9,0,32,134
2020-05-19,US,Florida,Pasco,327,12,0,28.30810945,-82.40227529,12101.0,315,319,9,0,310,316,539630,8,3,0,5,3
2020-05-19,US,Florida,Pinellas,1062,71,0,27.93130349,-82.72239666,12103.0,991,1051,68,0,983,1022,975280,11,3,0,8,29
2020-05-19,US,Florida,Polk,766,45,0,27.95027105,-81.69732947,12105.0,721,746,43,0,703,736,708009,20,2,0,18,10
2020-05-19,US,Florida,Putnam,134,3,0,29.60779729,-81.74230285,12107.0,131,134,3,0,131,131,74163,0,0,0,0,3
2020-05-19,US,Florida,Santa Rosa,186,9,0,30.69341450000001,-87.02458128,12113.0,177,185,9,0,176,183,179349,1,0,0,1,2
2020-05-19,US,Florida,Sarasota,533,63,0,27.18546175,-82.33174248,12115.0,470,518,58,0,460,508,426718,15,5,0,10,10
2020-05-19,US,Florida,Seminole,442,12,0,28.7158582,-81.24060348,12117.0,430,435,12,0,423,432,467832,7,0,0,7,3
2020-05-19,US,Florida,St. Johns,233,5,0,29.90096506,-81.43589967,12109.0,228,232,5,0,227,231,254261,1,0,0,1,1
2020-05-19,US,Florida,St. Lucie,337,28,0,27.37763908,-80.47106649,12111.0,309,334,27,0,307,323,321128,3,1,0,2,11
2020-05-19,US,Florida,Sumter,253,16,0,28.70181754,-82.0794267,12119.0,237,252,16,0,236,251,128754,1,0,0,1,1
2020-05-19,US,Florida,Suwannee,160,18,0,30.19746066,-82.99099670000003,12121.0,142,160,18,0,142,158,44191,0,0,0,0,2
2020-05-19,US,Florida,Taylor,5,0,0,30.04848048,-83.60445406,12123.0,5,5,0,0,5,3,21623,0,0,0,0,2
2020-05-19,US,Florida,Unassigned,79,0,0,0.0,0.0,90012.0,79,79,0,0,79,79,,0,0,0,0,0
2020-05-19,US,Florida,Union,26,0,0,30.04412971,-82.37497443,12125.0,26,25,0,0,25,25,14940,1,0,0,1,0
2020-05-19,US,Florida,Volusia,612,30,0,29.05858895,-81.18263252,12127.0,582,605,30,0,575,594,547538,7,0,0,7,11
2020-05-19,US,Florida,Wakulla,32,1,0,30.16548905,-84.39895211,12129.0,31,32,1,0,31,32,32461,0,0,0,0,0
2020-05-19,US,Florida,Walton,91,5,0,30.64204028,-86.16935664,12131.0,86,81,3,0,78,77,71375,10,2,0,8,4
2020-05-19,US,Florida,Washington,14,1,0,30.61359259,-85.66002461,12133.0,13,13,1,0,12,13,24880,1,0,0,1,0
2020-05-19,US,Georgia,Appling,113,11,0,31.74847232,-82.28909114,13001.0,102,111,11,0,100,108,18507,2,0,0,2,3
2020-05-19,US,Georgia,Atkinson,22,2,0,31.29633502,-82.87545866,13003.0,20,22,2,0,20,20,8297,0,0,0,0,2
2020-05-19,US,Georgia,Bacon,71,2,0,31.55456473,-82.45936528,13005.0,69,61,2,0,59,60,11185,10,0,0,10,1
2020-05-19,US,Georgia,Baker,32,2,0,31.32669878,-84.44218806,13007.0,30,33,2,0,31,33,3092,-1,0,0,-1,0
2020-05-19,US,Georgia,Baldwin,292,14,0,33.06882326,-83.24701748,13009.0,278,290,14,0,276,287,44823,2,0,0,2,3
2020-05-19,US,Georgia,Banks,46,0,0,34.35607081,-83.49644388,13011.0,46,43,0,0,43,43,18988,3,0,0,3,0
2020-05-19,US,Georgia,Barrow,267,8,0,33.99148694,-83.71436292,13013.0,259,263,8,0,255,257,80809,4,0,0,4,6
2020-05-19,US,Georgia,Bartow,410,35,0,34.23732119,-84.83887523,13015.0,375,396,35,0,361,385,106408,14,0,0,14,11
2020-05-19,US,Georgia,Ben Hill,48,1,0,31.76095874,-83.22145359,13017.0,47,47,1,0,46,45,16787,1,0,0,1,2
2020-05-19,US,Georgia,Berrien,23,0,0,31.27590016,-83.22529920000002,13019.0,23,22,0,0,22,20,19252,1,0,0,1,2
2020-05-19,US,Georgia,Bibb,411,18,0,32.80904227,-83.70489165,13021.0,393,397,17,0,380,396,153095,14,1,0,13,1
2020-05-19,US,Georgia,Bleckley,34,0,0,32.43829035,-83.33035166,13023.0,34,33,0,0,33,34,12838,1,0,0,1,-1
2020-05-19,US,Georgia,Brantley,44,2,0,31.19576557,-81.97743999,13025.0,42,39,2,0,37,38,18897,5,0,0,5,1
2020-05-19,US,Georgia,Brooks,66,9,0,30.83922642,-83.58303423,13027.0,57,64,9,0,55,63,15513,2,0,0,2,1
2020-05-19,US,Georgia,Bryan,66,5,0,32.00979311,-81.44002948,13029.0,61,65,4,0,61,61,38109,1,1,0,0,4
2020-05-19,US,Georgia,Bulloch,45,2,0,32.39577406,-81.74811421,13031.0,43,45,2,0,43,45,77296,0,0,0,0,0
2020-05-19,US,Georgia,Burke,118,4,0,33.05917989,-81.99928721,13033.0,114,116,4,0,112,112,22423,2,0,0,2,4
2020-05-19,US,Georgia,Butts,199,17,0,33.283094500000004,-83.95435040000002,13035.0,182,199,16,0,183,197,24193,0,1,0,-1,2
2020-05-19,US,Georgia,Calhoun,122,6,0,31.53169785,-84.62725131,13037.0,116,122,6,0,116,123,6352,0,0,0,0,-1
2020-05-19,US,Georgia,Camden,51,1,0,30.92951916,-81.66601818,13039.0,50,50,1,0,49,47,53677,1,0,0,1,3
2020-05-19,US,Georgia,Candler,10,0,0,32.40209349,-82.07702563,13043.0,10,10,0,0,10,10,10836,0,0,0,0,0
2020-05-19,US,Georgia,Carroll,418,21,0,33.58138199,-85.07976677,13045.0,397,408,22,0,386,408,118121,10,-1,0,11,0
2020-05-19,US,Georgia,Catoosa,73,0,0,34.89872298,-85.13757014,13047.0,73,71,0,0,71,71,67420,2,0,0,2,0
2020-05-19,US,Georgia,Charlton,29,1,0,30.78371028,-82.13951596,13049.0,28,26,1,0,25,26,12968,3,0,0,3,0
2020-05-19,US,Georgia,Chatham,379,16,0,32.00043026,-81.12489526,13051.0,363,363,14,0,349,355,289195,16,2,0,14,8
2020-05-19,US,Georgia,Chattahoochee,20,0,0,32.34341231,-84.78809239,13053.0,20,19,0,0,19,19,10684,1,0,0,1,0
2020-05-19,US,Georgia,Chattooga,17,2,0,34.47197698,-85.34535662,13055.0,15,15,2,0,13,15,24790,2,0,0,2,0
2020-05-19,US,Georgia,Cherokee,745,26,0,34.24393976,-84.47431861,13057.0,719,723,26,0,697,714,254149,22,0,0,22,9
2020-05-19,US,Georgia,Clarke,200,13,0,33.95436462,-83.37124007,13059.0,187,200,13,0,187,195,127330,0,0,0,0,5
2020-05-19,US,Georgia,Clay,30,3,0,31.62221166,-84.97713865,13061.0,27,30,3,0,27,30,2887,0,0,0,0,0
2020-05-19,US,Georgia,Clayton,1010,38,0,33.54187245,-84.35594188,13063.0,972,1009,38,0,971,1008,289615,1,0,0,1,1
2020-05-19,US,Georgia,Clinch,45,1,0,30.91395822,-82.70432472,13065.0,44,42,1,0,41,41,6648,3,0,0,3,1
2020-05-19,US,Georgia,Cobb,2503,135,0,33.94243204,-84.5761255,13067.0,2368,2429,133,0,2296,2406,756865,74,2,0,72,23
2020-05-19,US,Georgia,Coffee,209,12,0,31.54892966,-82.85492059999999,13069.0,197,200,12,0,188,193,43093,9,0,0,9,7
2020-05-19,US,Georgia,Colquitt,258,11,0,31.18810588,-83.7677946,13071.0,247,253,11,0,242,246,45592,5,0,0,5,7
2020-05-19,US,Georgia,Columbia,212,6,0,33.54534185,-82.263524,13073.0,206,212,6,0,206,205,154291,0,0,0,0,7
2020-05-19,US,Georgia,Cook,31,2,0,31.16068491,-83.42947229,13075.0,29,31,2,0,29,32,17162,0,0,0,0,-1
2020-05-19,US,Georgia,Coweta,287,4,0,33.35334302,-84.76129976,13077.0,283,285,4,0,281,284,145864,2,0,0,2,1
2020-05-19,US,Georgia,Crawford,24,0,0,32.71391813,-83.98061238,13079.0,24,19,0,0,19,19,12318,5,0,0,5,0
2020-05-19,US,Georgia,Crisp,200,7,0,31.92289565,-83.76811843,13081.0,193,197,7,0,190,193,22601,3,0,0,3,4
2020-05-19,US,Georgia,Dade,20,1,0,34.854916700000004,-85.50490424,13083.0,19,20,1,0,19,20,16226,0,0,0,0,0
2020-05-19,US,Georgia,Dawson,86,1,0,34.44244079,-84.16964071,13085.0,85,84,1,0,83,84,25083,2,0,0,2,0
2020-05-19,US,Georgia,DeKalb,2918,87,0,33.76944049,-84.22396017,13089.0,2831,2856,86,0,2770,2802,756558,62,1,0,61,54
2020-05-19,US,Georgia,Decatur,131,4,0,30.87967778,-84.57619536,13087.0,127,128,4,0,124,116,26575,3,0,0,3,12
2020-05-19,US,Georgia,Dodge,44,2,0,32.17265114,-83.16948926,13091.0,42,44,2,0,42,39,20705,0,0,0,0,5
2020-05-19,US,Georgia,Dooly,162,12,0,32.15630737,-83.79746561,13093.0,150,162,12,0,150,157,13706,0,0,0,0,5
2020-05-19,US,Georgia,Dougherty,1668,139,0,31.53328528,-84.21722377,13095.0,1529,1664,135,0,1529,1661,91243,4,4,0,0,3
2020-05-19,US,Georgia,Douglas,445,19,0,33.70291126,-84.77026156,13097.0,426,439,18,0,421,437,145331,6,1,0,5,2
2020-05-19,US,Georgia,Early,234,28,0,31.32155345,-84.90255207,13099.0,206,231,28,0,203,233,10247,3,0,0,3,-2
2020-05-19,US,Georgia,Echols,21,0,0,30.71101099,-82.89687287,13101.0,21,16,0,0,16,15,4000,5,0,0,5,1
2020-05-19,US,Georgia,Effingham,47,1,0,32.36616021,-81.34280942,13103.0,46,45,1,0,44,42,62190,2,0,0,2,3
2020-05-19,US,Georgia,Elbert,69,0,0,34.11302332,-82.83936148,13105.0,69,48,0,0,48,46,19120,21,0,0,21,2
2020-05-19,US,Georgia,Emanuel,26,2,0,32.59221302,-82.30239915,13107.0,24,26,1,0,25,26,22612,0,1,0,-1,0
2020-05-19,US,Georgia,Evans,5,0,0,32.15328841,-81.8870105,13109.0,5,5,0,0,5,4,10721,0,0,0,0,1
2020-05-19,US,Georgia,Fannin,38,1,0,34.86430205,-84.316964,13111.0,37,38,1,0,37,36,25964,0,0,0,0,2
2020-05-19,US,Georgia,Fayette,212,11,0,33.41357794,-84.49089434,13113.0,201,210,11,0,199,207,113459,2,0,0,2,3
2020-05-19,US,Georgia,Floyd,195,13,0,34.26268279,-85.21577392,13115.0,182,187,13,0,174,180,97927,8,0,0,8,7
2020-05-19,US,Georgia,Forsyth,412,11,0,34.22604035,-84.12315129999998,13117.0,401,405,11,0,394,399,236612,7,0,0,7,6
2020-05-19,US,Georgia,Franklin,33,1,0,34.37525597,-83.23159927,13119.0,32,33,1,0,32,33,23023,0,0,0,0,0
2020-05-19,US,Georgia,Fulton,3795,174,0,33.79216944,-84.46319413,13121.0,3621,3751,171,0,3580,3761,1050114,44,3,0,41,-10
2020-05-19,US,Georgia,Gilmer,116,0,0,34.69316688,-84.45802506,13123.0,116,111,0,0,111,109,30816,5,0,0,5,2
2020-05-19,US,Georgia,Glascock,1,0,0,33.22879932,-82.61297636,13125.0,1,1,0,0,1,1,2995,0,0,0,0,0
2020-05-19,US,Georgia,Glynn,79,1,0,31.23279254,-81.53811412,13127.0,78,77,1,0,76,75,85219,2,0,0,2,2
2020-05-19,US,Georgia,Gordon,132,15,0,34.50487351,-84.87296253,13129.0,117,128,15,0,113,128,57685,4,0,0,4,0
2020-05-19,US,Georgia,Grady,92,4,0,30.87454847,-84.23418364,13131.0,88,92,4,0,88,90,24748,0,0,0,0,2
2020-05-19,US,Georgia,Greene,60,7,0,33.5769205,-83.17139104,13133.0,53,60,6,0,54,57,17698,0,1,0,-1,3
2020-05-19,US,Georgia,Gwinnett,2771,114,0,33.96044201,-84.02137802,13135.0,2657,2680,105,0,2575,2594,927781,91,9,0,82,86
2020-05-19,US,Georgia,Habersham,457,14,0,34.63331566,-83.53094677,13137.0,443,455,15,0,440,420,45388,2,-1,0,3,35
2020-05-19,US,Georgia,Hall,2191,40,0,34.32207823,-83.81896936,13139.0,2151,2164,42,0,2122,2152,202148,27,-2,0,29,12
2020-05-19,US,Georgia,Hancock,170,6,0,33.2721566,-82.99766919,13141.0,164,161,5,0,156,159,8348,9,1,0,8,2
2020-05-19,US,Georgia,Haralson,35,2,0,33.79602175,-85.21005667,13143.0,33,34,2,0,32,34,29533,1,0,0,1,0
2020-05-19,US,Georgia,Harris,74,3,0,32.73709786,-84.90538572,13145.0,71,74,3,0,71,74,34475,0,0,0,0,0
2020-05-19,US,Georgia,Hart,24,0,0,34.34626973,-82.96567682,13147.0,24,22,0,0,22,20,26099,2,0,0,2,2
2020-05-19,US,Georgia,Heard,20,1,0,33.29686567,-85.12886832,13149.0,19,17,1,0,16,17,11879,3,0,0,3,0
2020-05-19,US,Georgia,Henry,611,19,0,33.4533428,-84.14814659999998,13151.0,592,627,18,0,609,630,230220,-16,1,0,-17,-3
2020-05-19,US,Georgia,Houston,323,16,0,32.45802497,-83.66879087,13153.0,307,318,16,0,302,314,155469,5,0,0,5,4
2020-05-19,US,Georgia,Irwin,22,1,0,31.60213036,-83.27501387,13155.0,21,22,1,0,21,22,9398,0,0,0,0,0
2020-05-19,US,Georgia,Jackson,134,3,0,34.13794553,-83.56814788,13157.0,131,132,3,0,129,127,70422,2,0,0,2,5
2020-05-19,US,Georgia,Jasper,26,0,0,33.31535543,-83.68844964,13159.0,26,26,0,0,26,26,14040,0,0,0,0,0
2020-05-19,US,Georgia,Jeff Davis,26,1,0,31.80405727,-82.63724870000001,13161.0,25,25,1,0,24,24,15029,1,0,0,1,1
2020-05-19,US,Georgia,Jefferson,25,1,0,33.05867328,-82.41609057,13163.0,24,23,1,0,22,22,15430,2,0,0,2,1
2020-05-19,US,Georgia,Jenkins,16,1,0,32.79248718,-81.96040187,13165.0,15,16,1,0,15,16,8683,0,0,0,0,0
2020-05-19,US,Georgia,Johnson,82,2,0,32.70211082,-82.66166794,13167.0,80,74,2,0,72,71,9708,8,0,0,8,3
2020-05-19,US,Georgia,Jones,31,0,0,33.02512137,-83.56019163,13169.0,31,30,0,0,30,30,28616,1,0,0,1,0
2020-05-19,US,Georgia,Lamar,44,1,0,33.07841647,-84.14263877,13171.0,43,41,1,0,40,41,19000,3,0,0,3,0
2020-05-19,US,Georgia,Lanier,11,2,0,31.03828570000001,-83.06472457,13173.0,9,11,2,0,9,12,10340,0,0,0,0,-1
2020-05-19,US,Georgia,Laurens,98,1,0,32.46325233,-82.92221316,13175.0,97,95,1,0,94,94,47325,3,0,0,3,1
2020-05-19,US,Georgia,Lee,343,23,0,31.779330600000005,-84.14324253,13177.0,320,341,23,0,318,342,29764,2,0,0,2,-1
2020-05-19,US,Georgia,Liberty,47,0,0,31.82588896,-81.49251135,13179.0,47,47,0,0,47,46,61497,0,0,0,0,1
2020-05-19,US,Georgia,Lincoln,13,1,0,33.79201475,-82.45024131,13181.0,12,13,1,0,12,12,7915,0,0,0,0,1
2020-05-19,US,Georgia,Long,6,0,0,31.75218791,-81.74952375,13183.0,6,6,0,0,6,6,18998,0,0,0,0,0
2020-05-19,US,Georgia,Lowndes,209,5,0,30.83568832,-83.27056716,13185.0,204,208,5,0,203,203,116321,1,0,0,1,5
2020-05-19,US,Georgia,Lumpkin,83,1,0,34.57286511,-84.00425681,13187.0,82,83,1,0,82,82,32955,0,0,0,0,1
2020-05-19,US,Georgia,Macon,93,6,0,32.35207048,-84.04234127,13193.0,87,93,6,0,87,91,13143,0,0,0,0,2
2020-05-19,US,Georgia,Madison,30,1,0,34.12920917,-83.21218732,13195.0,29,29,1,0,28,29,29650,1,0,0,1,0
2020-05-19,US,Georgia,Marion,47,2,0,32.3483402,-84.52733571,13197.0,45,46,2,0,44,40,8351,1,0,0,1,6
2020-05-19,US,Georgia,McDuffie,55,5,0,33.47851918,-82.48252774,13189.0,50,55,5,0,50,55,21531,0,0,0,0,0
2020-05-19,US,Georgia,McIntosh,11,0,0,31.49683595,-81.40163426,13191.0,11,10,0,0,10,10,14340,1,0,0,1,0
2020-05-19,US,Georgia,Meriwether,70,1,0,33.04163534,-84.68859732,13199.0,69,70,1,0,69,72,21068,0,0,0,0,-2
2020-05-19,US,Georgia,Miller,36,0,0,31.16568912,-84.73151117,13201.0,36,36,0,0,36,37,5686,0,0,0,0,-1
2020-05-19,US,Georgia,Mitchell,394,32,0,31.22483255,-84.19381821,13205.0,362,389,32,0,357,388,22192,5,0,0,5,1
2020-05-19,US,Georgia,Monroe,102,7,0,33.014289,-83.92097166,13207.0,95,95,7,0,88,95,27520,7,0,0,7,0
2020-05-19,US,Georgia,Montgomery,8,0,0,32.17201038,-82.53527476,13209.0,8,8,0,0,8,8,9193,0,0,0,0,0
2020-05-19,US,Georgia,Morgan,34,0,0,33.59232073,-83.49129491,13211.0,34,34,0,0,34,33,18853,0,0,0,0,1
2020-05-19,US,Georgia,Murray,64,1,0,34.78897608,-84.74993177,13213.0,63,61,1,0,60,60,39921,3,0,0,3,1
2020-05-19,US,Georgia,Muscogee,451,16,0,32.50931999,-84.87142262,13215.0,435,440,16,0,424,424,194160,11,0,0,11,16
2020-05-19,US,Georgia,Newton,266,10,0,33.55514538,-83.84547140000002,13217.0,256,264,10,0,254,259,109541,2,0,0,2,5
2020-05-19,US,Georgia,Oconee,81,3,0,33.83749973,-83.43679568,13219.0,78,80,3,0,77,79,39272,1,0,0,1,1
2020-05-19,US,Georgia,Oglethorpe,56,4,0,33.878629600000004,-83.08278123,13221.0,52,55,4,0,51,55,15054,1,0,0,1,0
2020-05-19,US,Georgia,Out of GA,1641,25,0,0.0,0.0,80013.0,1616,1649,25,0,1624,1601,,-8,0,0,-8,48
2020-05-19,US,Georgia,Paulding,247,10,0,33.91969522,-84.86848792,13223.0,237,241,10,0,231,241,164044,6,0,0,6,0
2020-05-19,US,Georgia,Peach,69,3,0,32.56934316,-83.82937,13225.0,66,69,2,0,67,69,27297,0,1,0,-1,0
2020-05-19,US,Georgia,Pickens,39,3,0,34.46589159,-84.46406611,13227.0,36,38,3,0,35,35,31980,1,0,0,1,3
2020-05-19,US,Georgia,Pierce,81,4,0,31.35928155,-82.21598442,13229.0,77,75,4,0,71,71,19389,6,0,0,6,4
2020-05-19,US,Georgia,Pike,44,2,0,33.09310242,-84.38790389,13231.0,42,44,2,0,42,44,18634,0,0,0,0,0
2020-05-19,US,Georgia,Polk,80,0,0,34.00267074,-85.18677781,13233.0,80,80,0,0,80,79,42470,0,0,0,0,1
2020-05-19,US,Georgia,Pulaski,36,2,0,32.23334561,-83.47549959999998,13235.0,34,36,2,0,34,36,11069,0,0,0,0,0
2020-05-19,US,Georgia,Putnam,80,7,0,33.32056115,-83.37552891,13237.0,73,79,7,0,72,77,21809,1,0,0,1,2
2020-05-19,US,Georgia,Quitman,8,1,0,31.86728114,-85.01773177,13239.0,7,8,1,0,7,8,2279,0,0,0,0,0
2020-05-19,US,Georgia,Rabun,15,1,0,34.88389445,-83.40304637,13241.0,14,15,2,0,13,15,16867,0,-1,0,1,0
2020-05-19,US,Georgia,Randolph,169,21,0,31.76622818,-84.75732369,13243.0,148,169,21,0,148,169,6833,0,0,0,0,0
2020-05-19,US,Georgia,Richmond,495,17,0,33.35777107,-82.07026432,13245.0,478,491,17,0,474,490,201554,4,0,0,4,1
2020-05-19,US,Georgia,Rockdale,252,8,0,33.65145002,-84.02202167,13247.0,244,250,7,0,243,249,90594,2,1,0,1,1
2020-05-19,US,Georgia,Schley,17,1,0,32.2654021,-84.31258912,13249.0,16,16,1,0,15,16,5236,1,0,0,1,0
2020-05-19,US,Georgia,Screven,20,1,0,32.74976524,-81.60779441,13251.0,19,20,1,0,19,19,13938,0,0,0,0,1
2020-05-19,US,Georgia,Seminole,41,2,0,30.93464824,-84.86823924,13253.0,39,40,2,0,38,40,8315,1,0,0,1,0
2020-05-19,US,Georgia,Spalding,246,14,0,33.26310031,-84.28013991,13255.0,232,242,15,0,227,239,66100,4,-1,0,5,3
2020-05-19,US,Georgia,Stephens,114,2,0,34.55151201,-83.29405315,13257.0,112,113,2,0,111,107,26035,1,0,0,1,6
2020-05-19,US,Georgia,Stewart,40,0,0,32.07996777,-84.83208037,13259.0,40,39,0,0,39,37,6199,1,0,0,1,2
2020-05-19,US,Georgia,Sumter,421,39,0,32.03650571,-84.19821492,13261.0,382,419,39,0,380,415,29733,2,0,0,2,4
2020-05-19,US,Georgia,Talbot,30,1,0,32.69642758,-84.53351366,13263.0,29,30,1,0,29,28,6272,0,0,0,0,2
2020-05-19,US,Georgia,Taliaferro,1,0,0,33.56543317,-82.88136816,13265.0,1,1,0,0,1,1,1608,0,0,0,0,0
2020-05-19,US,Georgia,Tattnall,13,0,0,32.04785085,-82.05539188,13267.0,13,12,0,0,12,11,25391,1,0,0,1,1
2020-05-19,US,Georgia,Taylor,22,2,0,32.55792548,-84.25077141,13269.0,20,22,2,0,20,22,8039,0,0,0,0,0
2020-05-19,US,Georgia,Telfair,31,1,0,31.92829517,-82.93491155,13271.0,30,30,1,0,29,29,15876,1,0,0,1,1
2020-05-19,US,Georgia,Terrell,199,24,0,31.77527543,-84.44069698,13273.0,175,199,24,0,175,199,8611,0,0,0,0,0
2020-05-19,US,Georgia,Thomas,289,30,0,30.86392347,-83.91847289,13275.0,259,288,30,0,258,283,44448,1,0,0,1,5
2020-05-19,US,Georgia,Tift,188,14,0,31.45743864,-83.5236119,13277.0,174,185,14,0,171,181,40571,3,0,0,3,4
2020-05-19,US,Georgia,Toombs,46,4,0,32.12059861,-82.32957247,13279.0,42,46,4,0,42,44,26887,0,0,0,0,2
2020-05-19,US,Georgia,Towns,21,1,0,34.91369188,-83.74107459999998,13281.0,20,21,1,0,20,21,11852,0,0,0,0,0
2020-05-19,US,Georgia,Treutlen,8,0,0,32.40422134,-82.56904553,13283.0,8,8,0,0,8,8,6809,0,0,0,0,0
2020-05-19,US,Georgia,Troup,213,6,0,33.03349196,-85.02812115,13285.0,207,201,6,0,195,200,70034,12,0,0,12,1
2020-05-19,US,Georgia,Turner,85,12,0,31.71612656,-83.62069378,13287.0,73,84,12,0,72,81,7912,1,0,0,1,3
2020-05-19,US,Georgia,Twiggs,10,0,0,32.67435595,-83.43078662,13289.0,10,9,0,0,9,9,8188,1,0,0,1,0
2020-05-19,US,Georgia,Unassigned,2136,0,0,0.0,0.0,90013.0,2136,2216,0,0,2216,2035,,-80,0,0,-80,181
2020-05-19,US,Georgia,Union,37,1,0,34.82995757,-83.98967069,13291.0,36,37,1,0,36,36,24001,0,0,0,0,1
2020-05-19,US,Georgia,Upson,267,31,0,32.87920671,-84.30024826,13293.0,236,261,31,0,230,260,26215,6,0,0,6,1
2020-05-19,US,Georgia,Walker,76,0,0,34.73376362,-85.30165174,13295.0,76,74,0,0,74,74,69410,2,0,0,2,0
2020-05-19,US,Georgia,Walton,166,9,0,33.78017694,-83.73552314,13297.0,157,164,9,0,155,158,93503,2,0,0,2,6
2020-05-19,US,Georgia,Ware,177,13,0,31.05449097,-82.42224148,13299.0,164,174,13,0,161,171,35680,3,0,0,3,3
2020-05-19,US,Georgia,Warren,16,0,0,33.41146451,-82.67795848,13301.0,16,16,0,0,16,16,5251,0,0,0,0,0
2020-05-19,US,Georgia,Washington,68,1,0,32.96711864,-82.79357039,13303.0,67,67,1,0,66,63,20386,1,0,0,1,4
2020-05-19,US,Georgia,Wayne,14,0,0,31.5521809,-81.91894878,13305.0,14,14,0,0,14,14,29808,0,0,0,0,0
2020-05-19,US,Georgia,Webster,11,1,0,32.04066113,-84.54742852,13307.0,10,11,1,0,10,11,2611,0,0,0,0,0
2020-05-19,US,Georgia,Wheeler,7,0,0,32.12009104,-82.72574721,13309.0,7,7,0,0,7,7,7879,0,0,0,0,0
2020-05-19,US,Georgia,White,90,3,0,34.64624278,-83.74905525,13311.0,87,87,3,0,84,89,29970,3,0,0,3,-2
2020-05-19,US,Georgia,Whitfield,194,7,0,34.80987459,-84.96093476,13313.0,187,188,7,0,181,180,104062,6,0,0,6,8
2020-05-19,US,Georgia,Wilcox,97,12,0,31.97496928,-83.43438555,13315.0,85,95,12,0,83,95,8812,2,0,0,2,0
2020-05-19,US,Georgia,Wilkes,30,1,0,33.78290391,-82.74286107,13317.0,29,30,1,0,29,28,9876,0,0,0,0,2
2020-05-19,US,Georgia,Wilkinson,46,3,0,32.80291082,-83.17140684,13319.0,43,45,3,0,42,45,9036,1,0,0,1,0
2020-05-19,US,Georgia,Worth,201,18,0,31.55162306,-83.85090513,13321.0,183,197,17,0,180,196,20299,4,1,0,3,1
2020-05-19,US,Hawaii,Hawaii,78,0,0,19.60121157,-155.5210167,15001.0,78,77,0,0,77,77,200983,1,0,0,1,0
2020-05-19,US,Hawaii,Honolulu,415,11,0,21.45803166,-157.97121819999995,15003.0,404,415,11,0,404,415,980080,0,0,0,0,0
2020-05-19,US,Hawaii,Kauai,21,0,0,22.03935037,-159.5966786,15007.0,21,21,0,0,21,21,72133,0,0,0,0,0
2020-05-19,US,Hawaii,Maui,117,6,0,20.86399628,-156.56890969999995,15009.0,111,117,6,0,111,117,167207,0,0,0,0,0
2020-05-19,US,Hawaii,Out of HI,10,0,0,0.0,0.0,80015.0,10,10,0,0,10,10,,0,0,0,0,0
2020-05-19,US,Idaho,Ada,780,22,0,43.4526575,-116.24155159999998,16001.0,758,780,22,0,758,773,469966,0,0,0,0,7
2020-05-19,US,Idaho,Adams,3,0,0,44.89333571,-116.4545247,16003.0,3,3,0,0,3,3,4250,0,0,0,0,0
2020-05-19,US,Idaho,Bannock,16,0,0,42.67002716,-112.2233311,16005.0,16,16,0,0,16,14,87138,0,0,0,0,2
2020-05-19,US,Idaho,Bingham,6,0,0,43.21672879999999,-112.3978437,16011.0,6,6,0,0,6,6,46236,0,0,0,0,0
2020-05-19,US,Idaho,Blaine,508,5,0,43.4085812,-113.9752658,16013.0,503,508,5,0,503,508,22601,0,0,0,0,0
2020-05-19,US,Idaho,Bonner,4,0,0,48.29996017,-116.6017932,16017.0,4,4,0,0,4,4,44727,0,0,0,0,0
2020-05-19,US,Idaho,Bonneville,33,0,0,43.38713372,-111.6161537,16019.0,33,33,0,0,33,33,116854,0,0,0,0,0
2020-05-19,US,Idaho,Camas,1,0,0,43.46665742,-114.8065892,16025.0,1,1,0,0,1,1,1127,0,0,0,0,0
2020-05-19,US,Idaho,Canyon,277,6,0,43.61970148,-116.70954990000001,16027.0,271,277,6,0,271,277,223499,0,0,0,0,0
2020-05-19,US,Idaho,Caribou,1,0,0,42.77149116,-111.5597683,16029.0,1,1,0,0,1,1,7060,0,0,0,0,0
2020-05-19,US,Idaho,Cassia,19,1,0,42.28347888,-113.6012409,16031.0,18,19,1,0,18,18,23864,0,0,0,0,1
2020-05-19,US,Idaho,Custer,2,0,0,44.24186819,-114.2855494,16037.0,2,2,0,0,2,2,4280,0,0,0,0,0
2020-05-19,US,Idaho,Elmore,31,2,0,43.3507101,-115.4701578,16039.0,29,31,2,0,29,31,27259,0,0,0,0,0
2020-05-19,US,Idaho,Fremont,3,0,0,44.22800938,-111.48099429999999,16043.0,3,3,0,0,3,3,13168,0,0,0,0,0
2020-05-19,US,Idaho,Gem,16,0,0,44.06482372,-116.398376,16045.0,16,16,0,0,16,16,17634,0,0,0,0,0
2020-05-19,US,Idaho,Gooding,26,0,0,42.96927962,-114.81083059999999,16047.0,26,26,0,0,26,25,15196,0,0,0,0,1
2020-05-19,US,Idaho,Idaho,3,0,0,45.84721541,-115.4634436,16049.0,3,3,0,0,3,3,16513,0,0,0,0,0
2020-05-19,US,Idaho,Jefferson,7,0,0,43.82078483,-112.3131749,16051.0,7,7,0,0,7,7,29439,0,0,0,0,0
2020-05-19,US,Idaho,Jerome,102,2,0,42.68891267,-114.2655033,16053.0,100,102,2,0,100,95,24015,0,0,0,0,7
2020-05-19,US,Idaho,Kootenai,66,0,0,47.67282258,-116.7020872,16055.0,66,66,0,0,66,65,161505,0,0,0,0,1
2020-05-19,US,Idaho,Latah,6,0,0,46.81587887,-116.71136979999999,16057.0,6,6,0,0,6,6,40134,0,0,0,0,0
2020-05-19,US,Idaho,Lemhi,1,0,0,44.9438088,-113.9309747,16059.0,1,1,0,0,1,1,7961,0,0,0,0,0
2020-05-19,US,Idaho,Lincoln,29,0,0,43.0012336,-114.1358773,16063.0,29,29,0,0,29,29,5360,0,0,0,0,0
2020-05-19,US,Idaho,Madison,19,0,0,43.78141028,-111.65384740000002,16065.0,19,19,0,0,19,19,39304,0,0,0,0,0
2020-05-19,US,Idaho,Minidoka,15,0,0,42.85518524,-113.6357257,16067.0,15,15,0,0,15,15,20825,0,0,0,0,0
2020-05-19,US,Idaho,Nez Perce,79,19,0,46.32638236,-116.75009750000001,16069.0,60,79,19,0,60,79,40408,0,0,0,0,0
2020-05-19,US,Idaho,Owyhee,8,0,0,42.58016894,-116.16938710000001,16073.0,8,8,0,0,8,8,11693,0,0,0,0,0
2020-05-19,US,Idaho,Payette,22,2,0,44.00545243,-116.7647695,16075.0,20,22,2,0,20,20,23551,0,0,0,0,2
2020-05-19,US,Idaho,Power,3,0,0,42.69254894,-112.83957420000002,16077.0,3,3,0,0,3,3,7768,0,0,0,0,0
2020-05-19,US,Idaho,Teton,11,0,0,43.75303583,-111.2056773,16081.0,11,11,0,0,11,11,11640,0,0,0,0,0
2020-05-19,US,Idaho,Twin Falls,326,15,0,42.35440512,-114.6685381,16083.0,311,326,15,0,311,318,86081,0,0,0,0,8
2020-05-19,US,Idaho,Valley,2,0,0,44.76728382,-115.5676773,16085.0,2,2,0,0,2,2,11041,0,0,0,0,0
2020-05-19,US,Idaho,Washington,30,0,0,44.45275475,-116.78476880000001,16087.0,30,30,0,0,30,23,10161,0,0,0,0,7
2020-05-19,US,Illinois,Adams,42,1,0,39.98815591,-91.18786813,17001.0,41,42,1,0,41,42,65691,0,0,0,0,0
2020-05-19,US,Illinois,Alexander,8,0,0,37.18049267,-89.32910838,17003.0,8,8,0,0,8,8,6060,0,0,0,0,0
2020-05-19,US,Illinois,Bond,12,1,0,38.88829622,-89.43534887,17005.0,11,11,1,0,10,11,16630,1,0,0,1,0
2020-05-19,US,Illinois,Boone,314,14,0,42.32359279,-88.82345779,17007.0,300,307,14,0,293,290,53577,7,0,0,7,17
2020-05-19,US,Illinois,Brown,10,0,0,39.96209138,-90.75068024,17009.0,10,11,0,0,11,10,6556,-1,0,0,-1,1
2020-05-19,US,Illinois,Bureau,15,1,0,41.40385234,-89.5283051,17011.0,14,15,1,0,14,15,32993,0,0,0,0,0
2020-05-19,US,Illinois,Calhoun,1,0,0,39.16840183,-90.66330078,17013.0,1,1,0,0,1,1,4802,0,0,0,0,0
2020-05-19,US,Illinois,Carroll,14,2,0,42.06823429,-89.93395545,17015.0,12,14,2,0,12,14,14312,0,0,0,0,0
2020-05-19,US,Illinois,Cass,66,0,0,39.96991073,-90.24734436,17017.0,66,64,0,0,64,64,12260,2,0,0,2,0
2020-05-19,US,Illinois,Champaign,435,7,0,40.13919438,-88.20046615,17019.0,428,418,7,0,411,401,209983,17,0,0,17,17
2020-05-19,US,Illinois,Christian,32,4,0,39.54581621,-89.27780482,17021.0,28,32,4,0,28,31,32661,0,0,0,0,1
2020-05-19,US,Illinois,Clark,9,0,0,39.33425789,-87.78705622,17023.0,9,9,0,0,9,9,15596,0,0,0,0,0
2020-05-19,US,Illinois,Clay,3,0,0,38.75388572,-88.48914513,17025.0,3,2,0,0,2,2,13253,1,0,0,1,0
2020-05-19,US,Illinois,Clinton,165,14,0,38.60704876,-89.42385254,17027.0,151,161,14,0,147,161,37639,4,0,0,4,0
2020-05-19,US,Illinois,Coles,85,7,0,39.51949084,-88.22358557,17029.0,78,85,5,0,80,81,50885,0,2,0,-2,4
2020-05-19,US,Illinois,Cook,64691,2980,0,41.84144849,-87.81658794,17031.0,61711,63690,2889,0,60801,62218,5180493,1001,91,0,910,1472
2020-05-19,US,Illinois,Crawford,11,0,0,39.0032229,-87.75954624,17033.0,11,11,0,0,11,11,18807,0,0,0,0,0
2020-05-19,US,Illinois,Cumberland,9,0,0,39.27432424,-88.2401158,17035.0,9,9,0,0,9,8,10808,0,0,0,0,1
2020-05-19,US,Illinois,De Witt,4,0,0,40.17514519,-88.90959682,17039.0,4,4,0,0,4,4,15769,0,0,0,0,0
2020-05-19,US,Illinois,DeKalb,268,4,0,41.89373302,-88.76958483,17037.0,264,262,2,0,260,251,104143,6,2,0,4,11
2020-05-19,US,Illinois,Douglas,26,0,0,39.76768052,-88.21854195,17041.0,26,26,0,0,26,23,19479,0,0,0,0,3
2020-05-19,US,Illinois,DuPage,6171,315,0,41.85116968,-88.08642662,17043.0,5856,6076,300,0,5776,5904,928589,95,15,0,80,172
2020-05-19,US,Illinois,Edwards,2,0,0,38.41353228,-88.05720863,17047.0,2,2,0,0,2,2,6392,0,0,0,0,0
2020-05-19,US,Illinois,Effingham,6,1,0,39.05935711,-88.58969584,17049.0,5,6,1,0,5,6,34208,0,0,0,0,0
2020-05-19,US,Illinois,Fayette,19,2,0,39.00072038,-89.02452658,17051.0,17,19,2,0,17,19,21416,0,0,0,0,0
2020-05-19,US,Illinois,Ford,18,1,0,40.59706922,-88.22350769,17053.0,17,18,1,0,17,17,13264,0,0,0,0,1
2020-05-19,US,Illinois,Franklin,11,0,0,37.99189086,-88.92567818,17055.0,11,11,0,0,11,11,38701,0,0,0,0,0
2020-05-19,US,Illinois,Fulton,10,0,0,40.47289135,-90.20862357,17057.0,10,8,0,0,8,8,34844,2,0,0,2,0
2020-05-19,US,Illinois,Gallatin,2,0,0,37.76430935,-88.22953869,17059.0,2,2,0,0,2,2,5058,0,0,0,0,0
2020-05-19,US,Illinois,Greene,4,0,0,39.35907414,-90.388865,17061.0,4,4,0,0,4,4,13044,0,0,0,0,0
2020-05-19,US,Illinois,Grundy,80,1,0,41.28569601,-88.41905692,17063.0,79,75,1,0,74,74,50972,5,0,0,5,1
2020-05-19,US,Illinois,Hamilton,2,0,0,38.08163641,-88.53883373,17065.0,2,2,0,0,2,2,8163,0,0,0,0,0
2020-05-19,US,Illinois,Hancock,12,0,0,40.40423981,-91.16313899,17067.0,12,13,0,0,13,12,17844,-1,0,0,-1,1
2020-05-19,US,Illinois,Hardin,1,0,0,37.51810645,-88.26873022,17069.0,1,1,0,0,1,1,3910,0,0,0,0,0
2020-05-19,US,Illinois,Henderson,8,0,0,40.81908672,-90.92491462,17071.0,8,8,0,0,8,8,6709,0,0,0,0,0
2020-05-19,US,Illinois,Henry,65,0,0,41.3533994,-90.13296166,17073.0,65,65,0,0,65,64,49090,0,0,0,0,1
2020-05-19,US,Illinois,Iroquois,119,4,0,40.74717633,-87.82466784,17075.0,115,118,3,0,115,117,27604,1,1,0,0,1
2020-05-19,US,Illinois,Jackson,186,10,0,37.78595185,-89.38232563,17077.0,176,181,10,0,171,181,57419,5,0,0,5,0
2020-05-19,US,Illinois,Jasper,45,7,0,39.01054275,-88.15437049,17079.0,38,45,7,0,38,45,9611,0,0,0,0,0
2020-05-19,US,Illinois,Jefferson,100,17,0,38.29980057,-88.9240025,17081.0,83,99,17,0,82,98,37820,1,0,0,1,1
2020-05-19,US,Illinois,Jersey,19,1,0,39.08869046,-90.35393073,17083.0,18,19,1,0,18,18,21847,0,0,0,0,1
2020-05-19,US,Illinois,Jo Daviess,21,0,0,42.36542373,-90.21094405,17085.0,21,19,0,0,19,18,21366,2,0,0,2,1
2020-05-19,US,Illinois,Johnson,7,0,0,37.45939802,-88.88165419,17087.0,7,7,0,0,7,7,12456,0,0,0,0,0
2020-05-19,US,Illinois,Kane,4682,120,0,41.93842729,-88.42861412,17089.0,4562,4584,115,0,4469,4396,534216,98,5,0,93,188
2020-05-19,US,Illinois,Kankakee,693,34,0,41.13746989,-87.86205334,17091.0,659,673,31,0,642,669,110024,20,3,0,17,4
2020-05-19,US,Illinois,Kendall,592,19,0,41.59081014,-88.42869583,17093.0,573,579,18,0,561,563,127915,13,1,0,12,16
2020-05-19,US,Illinois,Knox,89,0,0,40.93148779,-90.21330340000002,17095.0,89,89,0,0,89,87,50112,0,0,0,0,2
2020-05-19,US,Illinois,LaSalle,121,8,0,41.34426129999999,-88.88633881,17099.0,113,121,8,0,113,120,109430,0,0,0,0,1
2020-05-19,US,Illinois,Lake,6709,221,0,42.3224907,-88.00367925,17097.0,6488,6645,215,0,6430,6489,700832,64,6,0,58,156
2020-05-19,US,Illinois,Lawrence,4,0,0,38.71987914,-87.72884035,17101.0,4,4,0,0,4,4,15765,0,0,0,0,0
2020-05-19,US,Illinois,Lee,75,1,0,41.74583951,-89.29977132,17103.0,74,74,1,0,73,74,34223,1,0,0,1,0
2020-05-19,US,Illinois,Livingston,27,1,0,40.89188292,-88.55784752,17105.0,26,27,1,0,26,26,35761,0,0,0,0,1
2020-05-19,US,Illinois,Logan,10,0,0,40.12581572,-89.36638784,17107.0,10,10,0,0,10,10,28925,0,0,0,0,0
2020-05-19,US,Illinois,Macon,170,17,0,39.86064913,-88.96342505,17115.0,153,169,17,0,152,165,104712,1,0,0,1,4
2020-05-19,US,Illinois,Macoupin,42,1,0,39.26119767,-89.92424028,17117.0,41,41,1,0,40,41,45313,1,0,0,1,0
2020-05-19,US,Illinois,Madison,499,45,0,38.83042506,-89.90422563,17119.0,454,493,42,0,451,490,264461,6,3,0,3,3
2020-05-19,US,Illinois,Marion,49,0,0,38.64963204,-88.91899208,17121.0,49,48,0,0,48,48,37620,1,0,0,1,0
2020-05-19,US,Illinois,Marshall,5,0,0,41.0327901,-89.34510444,17123.0,5,5,0,0,5,5,11534,0,0,0,0,0
2020-05-19,US,Illinois,Mason,16,0,0,40.23917274,-89.91824452,17125.0,16,16,0,0,16,16,13565,0,0,0,0,0
2020-05-19,US,Illinois,Massac,6,0,0,37.22078441,-88.71036614,17127.0,6,6,0,0,6,6,14080,0,0,0,0,0
2020-05-19,US,Illinois,McDonough,72,3,0,40.45674722,-90.67775541,17109.0,69,64,2,0,62,64,29955,8,1,0,7,0
2020-05-19,US,Illinois,McHenry,1224,64,0,42.32451172,-88.45248227,17111.0,1160,1209,62,0,1147,1179,308570,15,2,0,13,30
2020-05-19,US,Illinois,McLean,189,6,0,40.48996987,-88.84621113,17113.0,183,186,6,0,180,170,172828,3,0,0,3,16
2020-05-19,US,Illinois,Menard,17,0,0,40.02742725,-89.80246001,17129.0,17,17,0,0,17,17,12288,0,0,0,0,0
2020-05-19,US,Illinois,Mercer,14,0,0,41.20596782,-90.74290052,17131.0,14,14,0,0,14,14,15601,0,0,0,0,0
2020-05-19,US,Illinois,Monroe,90,11,0,38.27594376,-90.17761038,17133.0,79,89,11,0,78,87,34335,1,0,0,1,2
2020-05-19,US,Illinois,Montgomery,39,1,0,39.23198845,-89.47809254,17135.0,38,39,1,0,38,38,28601,0,0,0,0,1
2020-05-19,US,Illinois,Morgan,35,1,0,39.71654544,-90.20255104,17137.0,34,36,1,0,35,36,33976,-1,0,0,-1,0
2020-05-19,US,Illinois,Moultrie,8,0,0,39.64187451,-88.62099969,17139.0,8,8,0,0,8,9,14717,0,0,0,0,-1
2020-05-19,US,Illinois,Ogle,173,2,0,42.04165196,-89.32184679,17141.0,171,172,2,0,170,170,50923,1,0,0,1,2
2020-05-19,US,Illinois,Out of IL,87,1,0,0.0,0.0,80017.0,86,87,1,0,86,84,,0,0,0,0,3
2020-05-19,US,Illinois,Peoria,162,6,0,40.78702156,-89.76078901,17143.0,156,160,6,0,154,159,180621,2,0,0,2,1
2020-05-19,US,Illinois,Perry,40,0,0,38.08510853,-89.36856219,17145.0,40,39,0,0,39,39,21174,1,0,0,1,0
2020-05-19,US,Illinois,Piatt,9,0,0,40.01360584,-88.59319339,17147.0,9,9,0,0,9,9,16396,0,0,0,0,0
2020-05-19,US,Illinois,Pike,1,0,0,39.62265059,-90.8877017,17149.0,1,1,0,0,1,1,15611,0,0,0,0,0
2020-05-19,US,Illinois,Pope,1,0,0,37.41391284,-88.56152109,17151.0,1,1,0,0,1,1,4212,0,0,0,0,0
2020-05-19,US,Illinois,Pulaski,40,0,0,37.22631423,-89.13085001,17153.0,40,40,0,0,40,40,5463,0,0,0,0,0
2020-05-19,US,Illinois,Putnam,1,0,0,41.2013541,-89.2869272,17155.0,1,1,0,0,1,2,5740,0,0,0,0,-1
2020-05-19,US,Illinois,Randolph,238,3,0,38.05095369,-89.82512254,17157.0,235,237,3,0,234,236,32106,1,0,0,1,1
2020-05-19,US,Illinois,Richland,3,0,0,38.71240969,-88.08475366,17159.0,3,3,0,0,3,3,15763,0,0,0,0,0
2020-05-19,US,Illinois,Rock Island,594,21,0,41.46613806,-90.57042164,17161.0,573,590,18,0,572,577,143477,4,3,0,1,13
2020-05-19,US,Illinois,Saline,6,0,0,37.75332999,-88.54119706,17165.0,6,6,0,0,6,6,23906,0,0,0,0,0
2020-05-19,US,Illinois,Sangamon,311,25,0,39.75836914,-89.65872023,17167.0,286,309,25,0,284,307,195348,2,0,0,2,2
2020-05-19,US,Illinois,Schuyler,7,0,0,40.157179799999994,-90.61114163,17169.0,7,7,0,0,7,7,6907,0,0,0,0,0
2020-05-19,US,Illinois,Shelby,15,1,0,39.39133527,-88.80611122,17173.0,14,13,1,0,12,13,21741,2,0,0,2,0
2020-05-19,US,Illinois,St. Clair,832,69,0,38.46996033,-89.93063427,17163.0,763,815,66,0,749,805,261059,17,3,0,14,10
2020-05-19,US,Illinois,Stark,2,0,0,41.09309773,-89.79745866,17175.0,2,2,0,0,2,1,5427,0,0,0,0,1
2020-05-19,US,Illinois,Stephenson,160,1,0,42.35129217,-89.662598,17177.0,159,156,1,0,155,150,44753,4,0,0,4,6
2020-05-19,US,Illinois,Tazewell,64,3,0,40.50716185,-89.51404662,17179.0,61,63,3,0,60,63,132328,1,0,0,1,0
2020-05-19,US,Illinois,Unassigned,70,0,0,0.0,0.0,90017.0,70,74,0,0,74,67,,-4,0,0,-4,7
2020-05-19,US,Illinois,Union,122,4,0,37.47119609,-89.25548938,17181.0,118,122,4,0,118,122,16841,0,0,0,0,0
2020-05-19,US,Illinois,Vermilion,30,1,0,40.18417171,-87.73384359,17183.0,29,31,1,0,30,30,76806,-1,0,0,-1,1
2020-05-19,US,Illinois,Wabash,1,0,0,38.44272901,-87.84922065,17185.0,1,1,0,0,1,1,11549,0,0,0,0,0
2020-05-19,US,Illinois,Warren,110,0,0,40.84925021,-90.6147432,17187.0,110,109,0,0,109,108,17032,1,0,0,1,1
2020-05-19,US,Illinois,Washington,18,0,0,38.35309213,-89.40982703,17189.0,18,17,0,0,17,17,13995,1,0,0,1,0
2020-05-19,US,Illinois,Wayne,9,1,0,38.42955355,-88.42586459,17191.0,8,9,1,0,8,9,16332,0,0,0,0,0
2020-05-19,US,Illinois,White,2,0,0,38.08706198,-88.17657461,17193.0,2,2,0,0,2,2,13665,0,0,0,0,0
2020-05-19,US,Illinois,Whiteside,125,9,0,41.75509713,-89.91556058,17195.0,116,123,8,0,115,122,55626,2,1,0,1,1
2020-05-19,US,Illinois,Will,4560,244,0,41.44619267,-87.97862712,17197.0,4316,4455,240,0,4215,4388,692310,105,4,0,101,67
2020-05-19,US,Illinois,Williamson,52,1,0,37.73033511,-88.92994027,17199.0,51,52,1,0,51,52,67056,0,0,0,0,0
2020-05-19,US,Illinois,Winnebago,1564,39,0,42.33641854,-89.16085327,17201.0,1525,1537,37,0,1500,1490,284081,27,2,0,25,47
2020-05-19,US,Illinois,Woodford,16,1,0,40.78579374,-89.20973757,17203.0,15,16,1,0,15,14,38463,0,0,0,0,2
2020-05-19,US,Indiana,Adams,10,1,0,40.7457653,-84.93671406,18001.0,9,10,1,0,9,9,35636,0,0,0,0,1
2020-05-19,US,Indiana,Allen,1053,65,0,41.09194313,-85.06800636,18003.0,988,1033,61,0,972,996,375351,20,4,0,16,37
2020-05-19,US,Indiana,Bartholomew,438,31,0,39.20744865,-85.89558181,18005.0,407,432,30,0,402,420,82753,6,1,0,5,12
2020-05-19,US,Indiana,Benton,23,0,0,40.60626947,-87.31093999,18007.0,23,23,0,0,23,21,8653,0,0,0,0,2
2020-05-19,US,Indiana,Blackford,17,1,0,40.47388153,-85.32499702,18009.0,16,15,1,0,14,14,11930,2,0,0,2,1
2020-05-19,US,Indiana,Boone,261,34,0,40.0509304,-86.46841646,18011.0,227,260,33,0,227,258,66999,1,1,0,0,2
2020-05-19,US,Indiana,Brown,31,1,0,39.19605589,-86.22868909,18013.0,30,32,1,0,31,31,15234,-1,0,0,-1,1
2020-05-19,US,Indiana,Carroll,79,2,0,40.580783200000006,-86.56198812,18015.0,77,79,2,0,77,79,20127,0,0,0,0,0
2020-05-19,US,Indiana,Cass,1560,6,0,40.76135835,-86.34830753,18017.0,1554,1552,5,0,1547,1553,37955,8,1,0,7,-1
2020-05-19,US,Indiana,Clark,430,36,0,38.48015445,-85.70510334,18019.0,394,424,30,0,394,406,117360,6,6,0,0,18
2020-05-19,US,Indiana,Clay,32,1,0,39.39561833,-87.11723506,18021.0,31,31,1,0,30,30,26170,1,0,0,1,1
2020-05-19,US,Indiana,Clinton,149,1,0,40.30319754,-86.47277257,18023.0,148,142,1,0,141,134,32250,7,0,0,7,8
2020-05-19,US,Indiana,Crawford,22,0,0,38.28814402,-86.44518825,18025.0,22,22,0,0,22,22,10558,0,0,0,0,0
2020-05-19,US,Indiana,Daviess,71,15,0,38.70186039,-87.07185406,18027.0,56,71,15,0,56,64,33147,0,0,0,0,7
2020-05-19,US,Indiana,DeKalb,26,1,0,41.39804622,-84.99906934,18033.0,25,25,1,0,24,26,43226,1,0,0,1,-1
2020-05-19,US,Indiana,Dearborn,158,19,0,39.14647946,-84.97333539,18029.0,139,158,19,0,139,158,49568,0,0,0,0,0
2020-05-19,US,Indiana,Decatur,220,31,0,39.30712658,-85.50087166,18031.0,189,220,31,0,189,220,26794,0,0,0,0,0
2020-05-19,US,Indiana,Delaware,297,23,0,40.22787247,-85.39732772,18035.0,274,296,23,0,273,277,114772,1,0,0,1,19
2020-05-19,US,Indiana,Dubois,162,2,0,38.36597551,-86.87924170000002,18037.0,160,161,2,0,159,115,42565,1,0,0,1,46
2020-05-19,US,Indiana,Elkhart,733,24,0,41.59761169,-85.85875695,18039.0,709,687,23,0,664,668,205560,46,1,0,45,19
2020-05-19,US,Indiana,Fayette,42,4,0,39.63684962,-85.17797541,18041.0,38,42,4,0,38,42,23047,0,0,0,0,0
2020-05-19,US,Indiana,Floyd,304,38,0,38.32117957,-85.90385377,18043.0,266,301,37,0,264,297,77781,3,1,0,2,4
2020-05-19,US,Indiana,Fountain,18,2,0,40.12361933,-87.24217689,18045.0,16,18,2,0,16,18,16351,0,0,0,0,0
2020-05-19,US,Indiana,Franklin,106,7,0,39.4142482,-85.06062647,18047.0,99,106,7,0,99,106,22736,0,0,0,0,0
2020-05-19,US,Indiana,Fulton,45,1,0,41.0469907,-86.26252745,18049.0,44,44,1,0,43,43,20092,1,0,0,1,1
2020-05-19,US,Indiana,Gibson,10,0,0,38.30393723,-87.58054938,18051.0,10,10,0,0,10,10,33452,0,0,0,0,0
2020-05-19,US,Indiana,Grant,167,19,0,40.51587228,-85.65468702,18053.0,148,166,18,0,148,163,65936,1,1,0,0,3
2020-05-19,US,Indiana,Greene,161,21,0,39.03630547,-86.96223202,18055.0,140,160,21,0,139,158,32006,1,0,0,1,2
2020-05-19,US,Indiana,Hamilton,1042,92,0,40.07306535,-86.05244729,18057.0,950,1033,90,0,943,1021,330086,9,2,0,7,12
2020-05-19,US,Indiana,Hancock,301,24,0,39.82304555,-85.77566351,18059.0,277,292,23,0,269,291,76351,9,1,0,8,1
2020-05-19,US,Indiana,Harrison,174,18,0,38.19467379,-86.10948271,18061.0,156,173,16,0,157,170,40350,1,2,0,-1,3
2020-05-19,US,Indiana,Hendricks,1050,61,0,39.76719009,-86.51037283,18063.0,989,1039,61,0,978,1032,167009,11,0,0,11,7
2020-05-19,US,Indiana,Henry,137,4,0,39.93029017,-85.39625719,18065.0,133,128,3,0,125,125,48271,9,1,0,8,3
2020-05-19,US,Indiana,Howard,303,14,0,40.48527731,-86.11351892,18067.0,289,297,12,0,285,285,82366,6,2,0,4,12
2020-05-19,US,Indiana,Huntington,20,2,0,40.82907273,-85.48822092,18069.0,18,21,2,0,19,21,36240,-1,0,0,-1,0
2020-05-19,US,Indiana,Jackson,336,1,0,38.90915820000001,-86.03851889,18071.0,335,332,1,0,331,327,44111,4,0,0,4,5
2020-05-19,US,Indiana,Jasper,42,1,0,41.02078733,-87.11553319,18073.0,41,43,1,0,42,43,33370,-1,0,0,-1,0
2020-05-19,US,Indiana,Jay,32,0,0,40.43781032,-85.00576229,18075.0,32,32,0,0,32,29,20764,0,0,0,0,3
2020-05-19,US,Indiana,Jefferson,40,1,0,38.78576239,-85.43633383,18077.0,39,39,1,0,38,35,32208,1,0,0,1,4
2020-05-19,US,Indiana,Jennings,117,4,0,38.99588883,-85.62710784,18079.0,113,116,4,0,112,116,27611,1,0,0,1,0
2020-05-19,US,Indiana,Johnson,1016,97,0,39.48994426,-86.10149107,18081.0,919,1002,94,0,908,992,156225,14,3,0,11,10
2020-05-19,US,Indiana,Knox,22,0,0,38.68861576,-87.4194665,18083.0,22,22,0,0,22,22,36895,0,0,0,0,0
2020-05-19,US,Indiana,Kosciusko,60,1,0,41.24521668,-85.86312322,18085.0,59,58,1,0,57,56,79344,2,0,0,2,2
2020-05-19,US,Indiana,LaGrange,52,2,0,41.64232188,-85.42674232,18087.0,50,50,2,0,48,49,39330,2,0,0,2,1
2020-05-19,US,Indiana,LaPorte,360,16,0,41.54366008,-86.74072188,18091.0,344,360,16,0,344,358,110007,0,0,0,0,2
2020-05-19,US,Indiana,Lake,2946,144,0,41.41874274,-87.38277575,18089.0,2802,2886,140,0,2746,2843,484411,60,4,0,56,43
2020-05-19,US,Indiana,Lawrence,141,22,0,38.84112637,-86.48361629,18093.0,119,139,21,0,118,133,45668,2,1,0,1,6
2020-05-19,US,Indiana,Madison,553,57,0,40.16143691,-85.71964711,18095.0,496,551,57,0,494,543,129641,2,0,0,2,8
2020-05-19,US,Indiana,Marion,8541,497,0,39.78163624,-86.13826325,18097.0,8044,8406,480,0,7926,8303,954670,135,17,0,118,103
2020-05-19,US,Indiana,Marshall,44,1,0,41.32467367,-86.26185087,18099.0,43,42,1,0,41,43,46248,2,0,0,2,-1
2020-05-19,US,Indiana,Martin,8,0,0,38.7099921,-86.80373186,18101.0,8,8,0,0,8,7,10217,0,0,0,0,1
2020-05-19,US,Indiana,Miami,130,1,0,40.76940965,-86.04525048,18103.0,129,130,1,0,129,130,35567,0,0,0,0,0
2020-05-19,US,Indiana,Monroe,152,9,0,39.16130004,-86.52414358,18105.0,143,149,9,0,140,150,146917,3,0,0,3,-1
2020-05-19,US,Indiana,Montgomery,187,13,0,40.04034823,-86.89335024,18107.0,174,173,13,0,160,173,38346,14,0,0,14,0
2020-05-19,US,Indiana,Morgan,250,21,0,39.47899078,-86.44573375,18109.0,229,247,19,0,228,244,70116,3,2,0,1,3
2020-05-19,US,Indiana,Newton,71,9,0,40.95610449,-87.39635768,18111.0,62,71,9,0,62,71,14011,0,0,0,0,0
2020-05-19,US,Indiana,Noble,152,20,0,41.39672484,-85.41966713,18113.0,132,152,20,0,132,152,47532,0,0,0,0,0
2020-05-19,US,Indiana,Ohio,13,0,0,38.955304999999996,-84.96515993,18115.0,13,13,0,0,13,12,5844,0,0,0,0,1
2020-05-19,US,Indiana,Orange,122,19,0,38.54118920000001,-86.49523093,18117.0,103,122,19,0,103,122,19489,0,0,0,0,0
2020-05-19,US,Indiana,Owen,27,1,0,39.31145587,-86.83900724,18119.0,26,27,1,0,26,27,20845,0,0,0,0,0
2020-05-19,US,Indiana,Parke,17,0,0,39.77202286,-87.20375833,18121.0,17,18,0,0,18,18,16927,-1,0,0,-1,0
2020-05-19,US,Indiana,Perry,20,0,0,38.07809328,-86.63741946,18123.0,20,19,0,0,19,19,19102,1,0,0,1,0
2020-05-19,US,Indiana,Pike,5,0,0,38.40112197,-87.23574907,18125.0,5,5,0,0,5,5,12410,0,0,0,0,0
2020-05-19,US,Indiana,Porter,412,13,0,41.45986947,-87.06848888,18127.0,399,405,12,0,393,394,169594,7,1,0,6,11
2020-05-19,US,Indiana,Posey,16,0,0,38.02097333,-87.86480429,18129.0,16,16,0,0,16,16,25540,0,0,0,0,0
2020-05-19,US,Indiana,Pulaski,35,0,0,41.04166107,-86.69890683,18131.0,35,35,0,0,35,34,12469,0,0,0,0,1
2020-05-19,US,Indiana,Putnam,123,6,0,39.66437981,-86.84517605,18133.0,117,120,5,0,115,120,37779,3,1,0,2,0
2020-05-19,US,Indiana,Randolph,30,3,0,40.15734772,-85.01139319,18135.0,27,32,3,0,29,32,24851,-2,0,0,-2,0
2020-05-19,US,Indiana,Ripley,107,6,0,39.10235626,-85.26212744,18137.0,101,108,6,0,102,107,28523,-1,0,0,-1,1
2020-05-19,US,Indiana,Rush,42,2,0,39.62002287,-85.4655599,18139.0,40,42,2,0,40,41,16663,0,0,0,0,1
2020-05-19,US,Indiana,Scott,98,2,0,38.68672078,-85.74627859,18143.0,96,97,2,0,95,96,23878,1,0,0,1,1
2020-05-19,US,Indiana,Shelby,298,20,0,39.52305623,-85.79158570000001,18145.0,278,297,20,0,277,287,44593,1,0,0,1,10
2020-05-19,US,Indiana,Spencer,12,1,0,38.01519732,-87.0079644,18147.0,11,12,1,0,11,11,20327,0,0,0,0,1
2020-05-19,US,Indiana,St. Joseph,1014,30,0,41.61756781,-86.29040834,18141.0,984,984,28,0,956,971,270771,30,2,0,28,13
2020-05-19,US,Indiana,Starke,27,2,0,41.27890281,-86.64686895,18149.0,25,28,2,0,26,28,22935,-1,0,0,-1,0
2020-05-19,US,Indiana,Steuben,69,2,0,41.64423868,-85.00101094,18151.0,67,67,2,0,65,65,34586,2,0,0,2,2
2020-05-19,US,Indiana,Sullivan,28,0,0,39.08952258,-87.41414469,18153.0,28,28,0,0,28,29,20690,0,0,0,0,-1
2020-05-19,US,Indiana,Switzerland,18,0,0,38.82767338,-85.03022429,18155.0,18,17,0,0,17,16,10717,1,0,0,1,1
2020-05-19,US,Indiana,Tippecanoe,313,2,0,40.38872739,-86.89413959,18157.0,311,307,2,0,305,303,193048,6,0,0,6,4
2020-05-19,US,Indiana,Tipton,21,1,0,40.31123252,-86.05234925,18159.0,20,21,1,0,20,21,15128,0,0,0,0,0
2020-05-19,US,Indiana,Unassigned,0,146,0,0.0,0.0,90018.0,-146,0,144,0,-144,0,,0,2,0,-2,0
2020-05-19,US,Indiana,Union,8,0,0,39.62550777,-84.92497066,18161.0,8,8,0,0,8,8,7037,0,0,0,0,0
2020-05-19,US,Indiana,Vanderburgh,223,3,0,38.02658833,-87.58763124,18163.0,220,219,2,0,217,207,180974,4,1,0,3,12
2020-05-19,US,Indiana,Vermillion,7,0,0,39.8523352,-87.46160542,18165.0,7,7,0,0,7,7,15479,0,0,0,0,0
2020-05-19,US,Indiana,Vigo,119,6,0,39.42944561,-87.39169027,18167.0,113,118,6,0,112,113,107386,1,0,0,1,5
2020-05-19,US,Indiana,Wabash,71,2,0,40.84704239,-85.79328272,18169.0,69,71,2,0,69,71,31280,0,0,0,0,0
2020-05-19,US,Indiana,Warren,12,1,0,40.34728141,-87.35602659,18171.0,11,12,1,0,11,12,8263,0,0,0,0,0
2020-05-19,US,Indiana,Warrick,151,25,0,38.08922676,-87.2716085,18173.0,126,151,24,0,127,150,62567,0,1,0,-1,1
2020-05-19,US,Indiana,Washington,50,1,0,38.60219804,-86.1049363,18175.0,49,50,1,0,49,50,27943,0,0,0,0,0
2020-05-19,US,Indiana,Wayne,62,5,0,39.863344399999995,-85.01044989,18177.0,57,61,5,0,56,61,65936,1,0,0,1,0
2020-05-19,US,Indiana,Wells,18,0,0,40.72934187,-85.22132966,18179.0,18,16,0,0,16,16,28206,2,0,0,2,0
2020-05-19,US,Indiana,White,186,5,0,40.74911165,-86.86492015,18181.0,181,183,5,0,178,179,24133,3,0,0,3,4
2020-05-19,US,Indiana,Whitley,27,2,0,41.13863784,-85.50791236,18183.0,25,28,2,0,26,28,34074,-1,0,0,-1,0
2020-05-19,US,Iowa,Adair,6,0,0,41.33075609,-94.47105874,19001.0,6,6,0,0,6,5,7063,0,0,0,0,1
2020-05-19,US,Iowa,Adams,1,0,0,41.02903567,-94.69932645,19003.0,1,1,0,0,1,1,3645,0,0,0,0,0
2020-05-19,US,Iowa,Allamakee,115,4,0,43.28383218,-91.37860922,19005.0,111,114,4,0,110,114,13832,1,0,0,1,0
2020-05-19,US,Iowa,Appanoose,8,3,0,40.74324454,-92.86865906,19007.0,5,8,3,0,5,8,12437,0,0,0,0,0
2020-05-19,US,Iowa,Audubon,11,1,0,41.6844628,-94.90581859,19009.0,10,11,1,0,10,11,5506,0,0,0,0,0
2020-05-19,US,Iowa,Benton,36,1,0,42.08011739,-92.06463573,19011.0,35,36,1,0,35,36,25642,0,0,0,0,0
2020-05-19,US,Iowa,Black Hawk,1628,31,0,42.4704581,-92.30524729,19013.0,1597,1603,30,0,1573,1587,132408,25,1,0,24,16
2020-05-19,US,Iowa,Boone,46,0,0,42.03657094,-93.9313999,19015.0,46,42,0,0,42,42,26346,4,0,0,4,0
2020-05-19,US,Iowa,Bremer,65,5,0,42.77461496,-92.31795937,19017.0,60,64,5,0,59,64,24947,1,0,0,1,0
2020-05-19,US,Iowa,Buchanan,26,0,0,42.4709188,-91.83510825,19019.0,26,26,0,0,26,26,21199,0,0,0,0,0
2020-05-19,US,Iowa,Buena Vista,117,0,0,42.73545875,-95.15100162,19021.0,117,113,0,0,113,102,19874,4,0,0,4,11
2020-05-19,US,Iowa,Butler,14,0,0,42.73172833,-92.79015971,19023.0,14,14,0,0,14,14,14539,0,0,0,0,0
2020-05-19,US,Iowa,Calhoun,2,0,0,42.38521079,-94.64046046,19025.0,2,1,0,0,1,1,9699,1,0,0,1,0
2020-05-19,US,Iowa,Carroll,7,0,0,42.03617207,-94.86032705,19027.0,7,8,0,0,8,8,20154,-1,0,0,-1,0
2020-05-19,US,Iowa,Cass,2,0,0,41.33149454,-94.92792482,19029.0,2,2,0,0,2,2,12930,0,0,0,0,0
2020-05-19,US,Iowa,Cedar,43,1,0,41.77233777,-91.13246684,19031.0,42,42,1,0,41,42,18627,1,0,0,1,0
2020-05-19,US,Iowa,Cerro Gordo,17,0,0,43.08177563,-93.2612239,19033.0,17,18,0,0,18,18,42647,-1,0,0,-1,0
2020-05-19,US,Iowa,Cherokee,9,0,0,42.73538914,-95.62389402,19035.0,9,9,0,0,9,9,11321,0,0,0,0,0
2020-05-19,US,Iowa,Chickasaw,7,0,0,43.06001295,-92.31773347,19037.0,7,7,0,0,7,7,11964,0,0,0,0,0
2020-05-19,US,Iowa,Clarke,23,0,0,41.02868181,-93.78499767,19039.0,23,18,0,0,18,17,9423,5,0,0,5,1
2020-05-19,US,Iowa,Clay,9,0,0,43.08247182,-95.15096481,19041.0,9,9,0,0,9,9,16134,0,0,0,0,0
2020-05-19,US,Iowa,Clayton,30,3,0,42.84443388,-91.34133693,19043.0,27,30,3,0,27,28,17556,0,0,0,0,2
2020-05-19,US,Iowa,Clinton,61,1,0,41.89981633,-90.53275096,19045.0,60,61,1,0,60,61,46518,0,0,0,0,0
2020-05-19,US,Iowa,Crawford,394,1,0,42.03718237,-95.3819718,19047.0,393,384,1,0,383,380,17158,10,0,0,10,4
2020-05-19,US,Iowa,Dallas,795,11,0,41.68560356,-94.04127625,19049.0,784,788,11,0,777,776,90180,7,0,0,7,12
2020-05-19,US,Iowa,Davis,13,0,0,40.74773536,-92.41005468,19051.0,13,13,0,0,13,13,9017,0,0,0,0,0
2020-05-19,US,Iowa,Delaware,12,0,0,42.47104597,-91.3664492,19055.0,12,12,0,0,12,12,17069,0,0,0,0,0
2020-05-19,US,Iowa,Des Moines,39,1,0,40.92012606,-91.18326592,19057.0,38,39,1,0,38,37,39138,0,0,0,0,2
2020-05-19,US,Iowa,Dickinson,7,0,0,43.37787725,-95.1510206,19059.0,7,6,0,0,6,6,17153,1,0,0,1,0
2020-05-19,US,Iowa,Dubuque,286,10,0,42.46815349,-90.88181925,19061.0,276,276,10,0,266,264,96854,10,0,0,10,12
2020-05-19,US,Iowa,Emmet,2,0,0,43.37782951,-94.67858943,19063.0,2,1,0,0,1,1,9253,1,0,0,1,0
2020-05-19,US,Iowa,Fayette,25,0,0,42.86271799,-91.84412309999999,19065.0,25,25,0,0,25,25,19660,0,0,0,0,0
2020-05-19,US,Iowa,Floyd,11,1,0,43.06000529999999,-92.78940097,19067.0,10,11,1,0,10,11,15761,0,0,0,0,0
2020-05-19,US,Iowa,Franklin,7,0,0,42.73270384,-93.26256925,19069.0,7,7,0,0,7,7,10124,0,0,0,0,0
2020-05-19,US,Iowa,Fremont,4,0,0,40.74542720000001,-95.60129045,19071.0,4,3,0,0,3,3,6993,1,0,0,1,0
2020-05-19,US,Iowa,Greene,13,0,0,42.03614551,-94.39658081,19073.0,13,13,0,0,13,13,8981,0,0,0,0,0
2020-05-19,US,Iowa,Grundy,17,0,0,42.40183723,-92.78829551,19075.0,17,17,0,0,17,17,12304,0,0,0,0,0
2020-05-19,US,Iowa,Guthrie,40,3,0,41.68378965,-94.50111014,19077.0,37,38,2,0,36,37,10720,2,1,0,1,1
2020-05-19,US,Iowa,Hamilton,11,0,0,42.38382428,-93.70197703,19079.0,11,11,0,0,11,11,14952,0,0,0,0,0
2020-05-19,US,Iowa,Hancock,5,0,0,43.08178477,-93.73454884,19081.0,5,5,0,0,5,5,10712,0,0,0,0,0
2020-05-19,US,Iowa,Hardin,12,0,0,42.38353877,-93.23654611,19083.0,12,12,0,0,12,12,16868,0,0,0,0,0
2020-05-19,US,Iowa,Harrison,18,0,0,41.68330137,-95.81558439,19085.0,18,18,0,0,18,17,14134,0,0,0,0,1
2020-05-19,US,Iowa,Henry,47,1,0,40.98767962,-91.54436349,19087.0,46,46,1,0,45,47,20067,1,0,0,1,-1
2020-05-19,US,Iowa,Howard,12,0,0,43.35671042,-92.31702714,19089.0,12,12,0,0,12,12,9187,0,0,0,0,0
2020-05-19,US,Iowa,Humboldt,7,0,0,42.7764426,-94.20722537,19091.0,7,7,0,0,7,7,9547,0,0,0,0,0
2020-05-19,US,Iowa,Ida,8,0,0,42.38696136,-95.51355387,19093.0,8,7,0,0,7,3,6841,1,0,0,1,4
2020-05-19,US,Iowa,Iowa,30,0,0,41.68630265,-92.0643373,19095.0,30,29,0,0,29,29,16141,1,0,0,1,0
2020-05-19,US,Iowa,Jackson,8,0,0,42.17178824,-90.57354837,19097.0,8,8,0,0,8,8,19432,0,0,0,0,0
2020-05-19,US,Iowa,Jasper,250,14,0,41.68576082,-93.05567785,19099.0,236,249,13,0,236,247,37147,1,1,0,0,2
2020-05-19,US,Iowa,Jefferson,12,0,0,41.03192394,-91.94849466,19101.0,12,12,0,0,12,12,18381,0,0,0,0,0
2020-05-19,US,Iowa,Johnson,574,7,0,41.67169354,-91.58754744,19103.0,567,574,7,0,567,569,151260,0,0,0,0,5
2020-05-19,US,Iowa,Jones,36,0,0,42.12118609,-91.13139641,19105.0,36,36,0,0,36,36,20744,0,0,0,0,0
2020-05-19,US,Iowa,Keokuk,12,0,0,41.33649833,-92.1785067,19107.0,12,11,0,0,11,11,10225,1,0,0,1,0
2020-05-19,US,Iowa,Kossuth,4,0,0,43.20405458,-94.20691791,19109.0,4,5,0,0,5,3,14908,-1,0,0,-1,2
2020-05-19,US,Iowa,Lee,20,0,0,40.64181461,-91.48183025,19111.0,20,19,0,0,19,18,34055,1,0,0,1,1
2020-05-19,US,Iowa,Linn,899,73,0,42.07923082,-91.59809485,19113.0,826,899,70,0,829,896,225909,0,3,0,-3,3
2020-05-19,US,Iowa,Louisa,315,4,0,41.21842119,-91.26102611,19115.0,311,310,3,0,307,307,11169,5,1,0,4,3
2020-05-19,US,Iowa,Lucas,2,0,0,41.02958964,-93.32780803,19117.0,2,1,0,0,1,1,8645,1,0,0,1,0
2020-05-19,US,Iowa,Lyon,19,0,0,43.38107862,-96.20926845,19119.0,19,19,0,0,19,19,11811,0,0,0,0,0
2020-05-19,US,Iowa,Madison,16,1,0,41.33081904,-94.01554631,19121.0,15,16,1,0,15,16,16249,0,0,0,0,0
2020-05-19,US,Iowa,Mahaska,37,1,0,41.33521503,-92.64083907,19123.0,36,29,1,0,28,24,22000,8,0,0,8,5
2020-05-19,US,Iowa,Marion,22,0,0,41.33445101,-93.09934783,19125.0,22,22,0,0,22,21,33407,0,0,0,0,1
2020-05-19,US,Iowa,Marshall,817,7,0,42.03586837,-92.99908190000001,19127.0,810,804,5,0,799,794,39981,13,2,0,11,10
2020-05-19,US,Iowa,Mills,12,0,0,41.03299766,-95.61920963,19129.0,12,12,0,0,12,10,15063,0,0,0,0,2
2020-05-19,US,Iowa,Mitchell,4,0,0,43.35638371,-92.78887719,19131.0,4,4,0,0,4,4,10569,0,0,0,0,0
2020-05-19,US,Iowa,Monona,16,0,0,42.05220391,-95.95743843,19133.0,16,15,0,0,15,15,8679,1,0,0,1,0
2020-05-19,US,Iowa,Monroe,22,1,0,41.02988815,-92.8690667,19135.0,21,22,1,0,21,19,7790,0,0,0,0,3
2020-05-19,US,Iowa,Montgomery,5,0,0,41.03018714,-95.15642896,19137.0,5,5,0,0,5,6,10003,0,0,0,0,-1
2020-05-19,US,Iowa,Muscatine,531,33,0,41.48370744,-91.11216970000001,19139.0,498,532,33,0,499,532,42929,-1,0,0,-1,0
2020-05-19,US,Iowa,O'Brien,21,0,0,43.08310673,-95.62474482,19141.0,21,22,0,0,22,22,13840,-1,0,0,-1,0
2020-05-19,US,Iowa,Osceola,28,0,0,43.37824276,-95.62422844,19143.0,28,27,0,0,27,26,6040,1,0,0,1,1
2020-05-19,US,Iowa,Page,10,0,0,40.7393172,-95.1497813,19145.0,10,10,0,0,10,10,15249,0,0,0,0,0
2020-05-19,US,Iowa,Palo Alto,2,0,0,43.08193849,-94.67824621,19147.0,2,2,0,0,2,2,8929,0,0,0,0,0
2020-05-19,US,Iowa,Plymouth,89,0,0,42.737633,-96.21366621,19149.0,89,86,0,0,86,83,25095,3,0,0,3,3
2020-05-19,US,Iowa,Pocahontas,3,0,0,42.73420133,-94.67862564,19151.0,3,3,0,0,3,3,6740,0,0,0,0,0
2020-05-19,US,Iowa,Polk,3128,83,0,41.68679484,-93.57767461,19153.0,3045,3001,81,0,2920,2922,487204,127,2,0,125,79
2020-05-19,US,Iowa,Pottawattamie,174,2,0,41.33640314,-95.53907776,19155.0,172,170,2,0,168,161,93533,4,0,0,4,9
2020-05-19,US,Iowa,Poweshiek,87,8,0,41.68625425,-92.53155731,19157.0,79,86,8,0,78,86,18699,1,0,0,1,0
2020-05-19,US,Iowa,Ringgold,1,0,0,40.73518949,-94.24368535,19159.0,1,,,,,,4968,,,,,
2020-05-19,US,Iowa,Sac,6,0,0,42.38624071,-95.10547892,19161.0,6,5,0,0,5,4,9719,1,0,0,1,1
2020-05-19,US,Iowa,Scott,309,8,0,41.63935978,-90.61959493,19163.0,301,309,8,0,301,307,173283,0,0,0,0,2
2020-05-19,US,Iowa,Shelby,24,0,0,41.6850066,-95.31015553,19165.0,24,23,0,0,23,21,11578,1,0,0,1,2
2020-05-19,US,Iowa,Sioux,146,0,0,43.08221074,-96.17675679999999,19167.0,146,139,0,0,139,135,34909,7,0,0,7,4
2020-05-19,US,Iowa,Story,81,1,0,42.03621213,-93.46499005,19169.0,80,79,1,0,78,75,98105,2,0,0,2,4
2020-05-19,US,Iowa,Tama,362,18,0,42.07991767,-92.53266945,19171.0,344,358,17,0,341,356,16904,4,1,0,3,2
2020-05-19,US,Iowa,Taylor,3,0,0,40.73710579,-94.69778563,19173.0,3,2,0,0,2,2,6191,1,0,0,1,0
2020-05-19,US,Iowa,Unassigned,5,0,0,0.0,0.0,90019.0,5,9,0,0,9,8,,-4,0,0,-4,1
2020-05-19,US,Iowa,Union,2,0,0,41.0277278,-94.24234847,19175.0,2,2,0,0,2,2,12359,0,0,0,0,0
2020-05-19,US,Iowa,Van Buren,8,0,0,40.75326764,-91.95017958,19177.0,8,8,0,0,8,8,7020,0,0,0,0,0
2020-05-19,US,Iowa,Wapello,405,2,0,41.03064984,-92.40954728,19179.0,403,396,2,0,394,379,35205,9,0,0,9,17
2020-05-19,US,Iowa,Warren,87,0,0,41.33559454,-93.56007641,19181.0,87,77,0,0,77,72,51056,10,0,0,10,5
2020-05-19,US,Iowa,Washington,173,8,0,41.33577126,-91.71725711,19183.0,165,172,8,0,164,172,22141,1,0,0,1,0
2020-05-19,US,Iowa,Wayne,1,0,0,40.73969028,-93.32752197,19185.0,1,1,0,0,1,1,6401,0,0,0,0,0
2020-05-19,US,Iowa,Webster,13,1,0,42.42853483,-94.17987389,19187.0,12,13,1,0,12,13,36277,0,0,0,0,0
2020-05-19,US,Iowa,Winnebago,7,0,0,43.37751174,-93.73407298,19189.0,7,7,0,0,7,6,10518,0,0,0,0,1
2020-05-19,US,Iowa,Winneshiek,21,0,0,43.29094334,-91.84422722,19191.0,21,20,0,0,20,18,20029,1,0,0,1,2
2020-05-19,US,Iowa,Woodbury,2342,17,0,42.38979414,-96.0459439,19193.0,2325,2278,17,0,2261,2215,102539,64,0,0,64,63
2020-05-19,US,Iowa,Worth,3,0,0,43.37750768,-93.26087602,19195.0,3,3,0,0,3,3,7453,0,0,0,0,0
2020-05-19,US,Iowa,Wright,24,0,0,42.73305373,-93.73515113,19197.0,24,20,0,0,20,14,12690,4,0,0,4,6
2020-05-19,US,Kansas,Anderson,1,0,0,38.21413251,-95.29272815,20003.0,1,1,0,0,1,1,7878,0,0,0,0,0
2020-05-19,US,Kansas,Atchison,15,0,0,39.53185661,-95.30870026,20005.0,15,15,0,0,15,15,16193,0,0,0,0,0
2020-05-19,US,Kansas,Barber,1,0,0,37.2288586,-98.68460053,20007.0,1,1,0,0,1,1,4472,0,0,0,0,0
2020-05-19,US,Kansas,Barton,31,1,0,38.47889676,-98.75636726,20009.0,30,31,1,0,30,31,26111,0,0,0,0,0
2020-05-19,US,Kansas,Bourbon,6,1,0,37.85508555,-94.84865997,20011.0,5,6,1,0,5,6,14653,0,0,0,0,0
2020-05-19,US,Kansas,Brown,5,0,0,39.82652589,-95.56421698,20013.0,5,5,0,0,5,3,9598,0,0,0,0,2
2020-05-19,US,Kansas,Butler,18,0,0,37.78134351,-96.83878537,20015.0,18,18,0,0,18,18,66765,0,0,0,0,0
2020-05-19,US,Kansas,Chase,3,0,0,38.30292938,-96.59563862,20017.0,3,3,0,0,3,3,2629,0,0,0,0,0
2020-05-19,US,Kansas,Chautauqua,4,0,0,37.14994405,-96.2454192,20019.0,4,4,0,0,4,4,3309,0,0,0,0,0
2020-05-19,US,Kansas,Cherokee,8,0,0,37.16928494,-94.8462897,20021.0,8,8,0,0,8,8,20015,0,0,0,0,0
2020-05-19,US,Kansas,Cheyenne,2,0,0,39.78580976,-101.7318201,20023.0,2,2,0,0,2,2,2660,0,0,0,0,0
2020-05-19,US,Kansas,Clark,21,1,0,37.23577007,-99.81883015,20025.0,20,21,1,0,20,20,2005,0,0,0,0,1
2020-05-19,US,Kansas,Clay,5,1,0,39.34948772,-97.16518128,20027.0,4,5,1,0,4,4,7997,0,0,0,0,1
2020-05-19,US,Kansas,Cloud,4,0,0,39.48028352,-97.64925343,20029.0,4,4,0,0,4,4,8729,0,0,0,0,0
2020-05-19,US,Kansas,Coffey,50,8,0,38.2365018,-95.73379515,20031.0,42,50,8,0,42,50,8233,0,0,0,0,0
2020-05-19,US,Kansas,Cowley,4,1,0,37.23781842,-96.83776647,20035.0,3,4,1,0,3,4,35218,0,0,0,0,0
2020-05-19,US,Kansas,Crawford,8,1,0,37.50675523,-94.85245778,20037.0,7,8,1,0,7,8,39019,0,0,0,0,0
2020-05-19,US,Kansas,Dickinson,2,0,0,38.86600962,-97.15532383,20041.0,2,2,0,0,2,2,18717,0,0,0,0,0
2020-05-19,US,Kansas,Doniphan,9,0,0,39.79067154,-95.14056866,20043.0,9,9,0,0,9,9,7682,0,0,0,0,0
2020-05-19,US,Kansas,Douglas,62,0,0,38.88503636,-95.2925121,20045.0,62,60,0,0,60,60,121436,2,0,0,2,0
2020-05-19,US,Kansas,Edwards,5,0,0,37.88735543,-99.31263309,20047.0,5,5,0,0,5,4,2849,0,0,0,0,1
2020-05-19,US,Kansas,Ellis,8,0,0,38.91458712,-99.31751551,20051.0,8,8,0,0,8,8,28710,0,0,0,0,0
2020-05-19,US,Kansas,Ellsworth,2,0,0,38.69677695,-98.20462799,20053.0,2,2,0,0,2,2,6196,0,0,0,0,0
2020-05-19,US,Kansas,Finney,1331,6,0,38.04340344,-100.73819379999999,20055.0,1325,1316,6,0,1310,1234,36611,15,0,0,15,82
2020-05-19,US,Kansas,Ford,1411,8,0,37.69200114,-99.88825298,20057.0,1403,1400,8,0,1392,1311,33888,11,0,0,11,89
2020-05-19,US,Kansas,Franklin,32,0,0,38.56443815,-95.28644341,20059.0,32,32,0,0,32,32,25631,0,0,0,0,0
2020-05-19,US,Kansas,Geary,14,0,0,38.99871131,-96.7577178,20061.0,14,14,0,0,14,14,32594,0,0,0,0,0
2020-05-19,US,Kansas,Gove,1,0,0,38.91588178,-100.4829321,20063.0,1,1,0,0,1,1,2612,0,0,0,0,0
2020-05-19,US,Kansas,Grant,18,0,0,37.56227336,-101.3079758,20067.0,18,17,0,0,17,16,7336,1,0,0,1,1
2020-05-19,US,Kansas,Gray,15,0,0,37.73836671,-100.4369088,20069.0,15,15,0,0,15,12,6033,0,0,0,0,3
2020-05-19,US,Kansas,Greenwood,3,0,0,37.8774388,-96.23250453,20073.0,3,3,0,0,3,3,6055,0,0,0,0,0
2020-05-19,US,Kansas,Hamilton,9,0,0,37.99978709,-101.7921066,20075.0,9,9,0,0,9,9,2607,0,0,0,0,0
2020-05-19,US,Kansas,Harper,1,0,0,37.19175361,-98.07578384,20077.0,1,1,0,0,1,1,5506,0,0,0,0,0
2020-05-19,US,Kansas,Harvey,11,0,0,38.04293782,-97.42747573,20079.0,11,11,0,0,11,10,34210,0,0,0,0,1
2020-05-19,US,Kansas,Haskell,16,0,0,37.562039399999996,-100.8710738,20081.0,16,16,0,0,16,16,3997,0,0,0,0,0
2020-05-19,US,Kansas,Jackson,32,0,0,39.41673394,-95.79356799,20085.0,32,31,0,0,31,25,13280,1,0,0,1,6
2020-05-19,US,Kansas,Jefferson,20,0,0,39.2347941,-95.38289232,20087.0,20,20,0,0,20,19,18975,0,0,0,0,1
2020-05-19,US,Kansas,Jewell,4,0,0,39.78470589,-98.21820662,20089.0,4,4,0,0,4,4,2841,0,0,0,0,0
2020-05-19,US,Kansas,Johnson,657,57,0,38.88548175,-94.82250877,20091.0,600,655,56,0,599,646,597555,2,1,0,1,9
2020-05-19,US,Kansas,Kearny,40,1,0,38.00017981,-101.32168100000001,20093.0,39,40,1,0,39,36,3943,0,0,0,0,4
2020-05-19,US,Kansas,Kiowa,2,0,0,37.55848695,-99.2856537,20097.0,2,2,0,0,2,2,2516,0,0,0,0,0
2020-05-19,US,Kansas,Labette,22,0,0,37.19113093,-95.29849679,20099.0,22,23,0,0,23,22,19964,-1,0,0,-1,1
2020-05-19,US,Kansas,Leavenworth,1053,7,0,39.20183497,-95.03620809,20103.0,1046,1052,7,0,1045,958,81352,1,0,0,1,94
2020-05-19,US,Kansas,Linn,7,0,0,38.21267844,-94.84254089,20107.0,7,6,0,0,6,6,9750,1,0,0,1,0
2020-05-19,US,Kansas,Lyon,317,3,0,38.45576156,-96.15275715,20111.0,314,312,3,0,309,310,33406,5,0,0,5,2
2020-05-19,US,Kansas,Marion,5,1,0,38.35855394,-97.09852509999999,20115.0,4,5,1,0,4,5,11950,0,0,0,0,0
2020-05-19,US,Kansas,McPherson,26,0,0,38.39184858,-97.64769869,20113.0,26,26,0,0,26,26,28537,0,0,0,0,0
2020-05-19,US,Kansas,Meade,22,0,0,37.23859987,-100.36483100000001,20119.0,22,22,0,0,22,22,4146,0,0,0,0,0
2020-05-19,US,Kansas,Miami,6,0,0,38.56383358,-94.83832189,20121.0,6,6,0,0,6,6,33680,0,0,0,0,0
2020-05-19,US,Kansas,Mitchell,3,0,0,39.39331582,-98.20906732,20123.0,3,3,0,0,3,3,6150,0,0,0,0,0
2020-05-19,US,Kansas,Montgomery,20,2,0,37.19236568,-95.74329258,20125.0,18,20,2,0,18,20,32120,0,0,0,0,0
2020-05-19,US,Kansas,Morris,3,0,0,38.68827511,-96.65128437,20127.0,3,3,0,0,3,3,5521,0,0,0,0,0
2020-05-19,US,Kansas,Morton,4,0,0,37.19141121,-101.79925190000002,20129.0,4,4,0,0,4,4,2667,0,0,0,0,0
2020-05-19,US,Kansas,Nemaha,4,0,0,39.78345387,-96.01392079,20131.0,4,3,0,0,3,1,10155,1,0,0,1,2
2020-05-19,US,Kansas,Neosho,2,0,0,37.55862897,-95.30670046,20133.0,2,2,0,0,2,2,15951,0,0,0,0,0
2020-05-19,US,Kansas,Ness,1,0,0,38.47974157,-99.91547333,20135.0,1,1,0,0,1,,2840,0,0,0,0,
2020-05-19,US,Kansas,Norton,2,0,0,39.78443827,-99.90286639,20137.0,2,2,0,0,2,2,5430,0,0,0,0,0
2020-05-19,US,Kansas,Osage,7,0,0,38.65235984,-95.72707998,20139.0,7,7,0,0,7,6,15941,0,0,0,0,1
2020-05-19,US,Kansas,Osborne,2,0,0,39.3503437,-98.76753828,20141.0,2,2,0,0,2,2,3475,0,0,0,0,0
2020-05-19,US,Kansas,Ottawa,4,0,0,39.13237408,-97.65020313,20143.0,4,4,0,0,4,4,5802,0,0,0,0,0
2020-05-19,US,Kansas,Phillips,2,0,0,39.78465501,-99.34668865,20147.0,2,2,0,0,2,2,5317,0,0,0,0,0
2020-05-19,US,Kansas,Pottawatomie,20,0,0,39.37925655,-96.34564657,20149.0,20,20,0,0,20,19,24277,0,0,0,0,1
2020-05-19,US,Kansas,Pratt,1,0,0,37.64780729,-98.73922153,20151.0,1,1,0,0,1,1,9378,0,0,0,0,0
2020-05-19,US,Kansas,Reno,41,0,0,37.95230263,-98.08607292,20155.0,41,41,0,0,41,41,62342,0,0,0,0,0
2020-05-19,US,Kansas,Republic,4,0,0,39.82799632,-97.65036709,20157.0,4,4,0,0,4,4,4664,0,0,0,0,0
2020-05-19,US,Kansas,Rice,4,0,0,38.34616184,-98.19992118,20159.0,4,4,0,0,4,4,9531,0,0,0,0,0
2020-05-19,US,Kansas,Riley,60,1,0,39.28935726,-96.73420026,20161.0,59,60,1,0,59,60,73703,0,0,0,0,0
2020-05-19,US,Kansas,Rooks,6,0,0,39.35022773,-99.32484567,20163.0,6,6,0,0,6,6,5013,0,0,0,0,0
2020-05-19,US,Kansas,Saline,24,2,0,38.78369175,-97.65185177,20169.0,22,24,2,0,22,24,54401,0,0,0,0,0
2020-05-19,US,Kansas,Scott,12,0,0,38.48222076,-100.90665390000001,20171.0,12,12,0,0,12,12,4897,0,0,0,0,0
2020-05-19,US,Kansas,Sedgwick,538,20,0,37.6842718,-97.4608198,20173.0,518,536,20,0,516,535,513607,2,0,0,2,1
2020-05-19,US,Kansas,Seward,780,1,0,37.19324632,-100.85072009999999,20175.0,779,780,1,0,779,758,21780,0,0,0,0,22
2020-05-19,US,Kansas,Shawnee,199,5,0,39.04100763,-95.75572640000001,20177.0,194,198,5,0,193,185,177499,1,0,0,1,13
2020-05-19,US,Kansas,Sheridan,2,0,0,39.35018161,-100.44182590000001,20179.0,2,2,0,0,2,2,2533,0,0,0,0,0
2020-05-19,US,Kansas,Sherman,6,0,0,39.35147699,-101.71976240000001,20181.0,6,6,0,0,6,6,5899,0,0,0,0,0
2020-05-19,US,Kansas,Smith,2,0,0,39.78516566,-98.78566062,20183.0,2,2,0,0,2,2,3603,0,0,0,0,0
2020-05-19,US,Kansas,Stafford,1,0,0,38.03100851,-98.71762001,20185.0,1,1,0,0,1,1,4178,0,0,0,0,0
2020-05-19,US,Kansas,Stanton,9,0,0,37.56304714,-101.78435340000001,20187.0,9,9,0,0,9,9,1987,0,0,0,0,0
2020-05-19,US,Kansas,Stevens,26,0,0,37.1923008,-101.3118967,20189.0,26,26,0,0,26,26,5559,0,0,0,0,0
2020-05-19,US,Kansas,Sumner,6,1,0,37.23682549,-97.47721621,20191.0,5,6,1,0,5,6,22996,0,0,0,0,0
2020-05-19,US,Kansas,Wabaunsee,28,0,0,38.95471985,-96.20350509,20197.0,28,28,0,0,28,28,6899,0,0,0,0,0
2020-05-19,US,Kansas,Wilson,1,0,0,37.55937174,-95.74323255,20205.0,1,1,0,0,1,1,8665,0,0,0,0,0
2020-05-19,US,Kansas,Woodson,6,0,0,37.8865336,-95.74006277,20207.0,6,6,0,0,6,6,3183,0,0,0,0,0
2020-05-19,US,Kansas,Wyandotte,1174,70,0,39.11727348,-94.76378225,20209.0,1104,1166,70,0,1096,1154,165324,8,0,0,8,12
2020-05-19,US,Kentucky,Adair,94,17,0,37.10459774,-85.28129668,21001.0,77,95,14,0,81,92,19215,-1,3,0,-4,3
2020-05-19,US,Kentucky,Allen,41,2,0,36.75197631,-86.19457544,21003.0,39,39,1,0,38,38,21122,2,1,0,1,1
2020-05-19,US,Kentucky,Anderson,13,1,0,38.00671029,-84.99171713,21005.0,12,13,1,0,12,10,22663,0,0,0,0,3
2020-05-19,US,Kentucky,Ballard,10,0,0,37.05842757,-88.99427697,21007.0,10,10,0,0,10,10,7979,0,0,0,0,0
2020-05-19,US,Kentucky,Barren,34,0,0,36.96469836,-85.93338945,21009.0,34,34,0,0,34,34,44176,0,0,0,0,0
2020-05-19,US,Kentucky,Bath,7,1,0,38.14735938,-83.74588932,21011.0,6,7,1,0,6,7,12383,0,0,0,0,0
2020-05-19,US,Kentucky,Bell,1,0,0,36.73355174,-83.67766671,21013.0,1,1,0,0,1,,26569,0,0,0,0,
2020-05-19,US,Kentucky,Boone,361,10,0,38.97065142,-84.72615357,21015.0,351,355,8,0,347,316,131533,6,2,0,4,39
2020-05-19,US,Kentucky,Bourbon,8,1,0,38.2054607,-84.21827874,21017.0,7,8,1,0,7,8,20184,0,0,0,0,0
2020-05-19,US,Kentucky,Boyd,39,3,0,38.36176608,-82.68652187,21019.0,36,39,3,0,36,38,47240,0,0,0,0,1
2020-05-19,US,Kentucky,Boyle,19,0,0,37.62680923,-84.8633779,21021.0,19,18,0,0,18,18,30100,1,0,0,1,0
2020-05-19,US,Kentucky,Bracken,10,0,0,38.69158994,-84.08532444,21023.0,10,10,0,0,10,9,8239,0,0,0,0,1
2020-05-19,US,Kentucky,Breathitt,2,0,0,37.52333168,-83.31959161,21025.0,2,2,0,0,2,2,12726,0,0,0,0,0
2020-05-19,US,Kentucky,Breckinridge,15,1,0,37.77377239,-86.42885017,21027.0,14,14,0,0,14,14,20388,1,1,0,0,0
2020-05-19,US,Kentucky,Bullitt,99,4,0,37.97162523,-85.68955617,21029.0,95,98,4,0,94,93,81069,1,0,0,1,5
2020-05-19,US,Kentucky,Butler,217,6,0,37.20946153,-86.68748787,21031.0,211,217,6,0,211,217,12772,0,0,0,0,0
2020-05-19,US,Kentucky,Caldwell,12,0,0,37.14749129,-87.86948214,21033.0,12,12,0,0,12,12,12715,0,0,0,0,0
2020-05-19,US,Kentucky,Calloway,47,1,0,36.62093411,-88.2731593,21035.0,46,46,1,0,45,46,39135,1,0,0,1,0
2020-05-19,US,Kentucky,Campbell,135,11,0,38.94384345,-84.37875208,21037.0,124,134,10,0,124,131,93152,1,1,0,0,3
2020-05-19,US,Kentucky,Carlisle,3,1,0,36.85372876,-88.96692220000001,21039.0,2,3,1,0,2,3,4771,0,0,0,0,0
2020-05-19,US,Kentucky,Carroll,3,0,0,38.66599534,-85.12601074,21041.0,3,3,0,0,3,2,10737,0,0,0,0,1
2020-05-19,US,Kentucky,Carter,9,0,0,38.31690743,-83.05092385,21043.0,9,8,0,0,8,8,27004,1,0,0,1,0
2020-05-19,US,Kentucky,Casey,2,0,0,37.32533118,-84.92726209,21045.0,2,2,0,0,2,2,15888,0,0,0,0,0
2020-05-19,US,Kentucky,Christian,98,3,0,36.89267803,-87.49055367,21047.0,95,97,3,0,94,95,71671,1,0,0,1,2
2020-05-19,US,Kentucky,Clark,21,0,0,37.9689263,-84.14615986,21049.0,21,21,0,0,21,20,36249,0,0,0,0,1
2020-05-19,US,Kentucky,Clay,3,0,0,37.16451126,-83.712575,21051.0,3,2,0,0,2,2,20105,1,0,0,1,0
2020-05-19,US,Kentucky,Clinton,3,0,0,36.72581156,-85.13377529,21053.0,3,3,0,0,3,3,10206,0,0,0,0,0
2020-05-19,US,Kentucky,Crittenden,4,1,0,37.35839237,-88.08826090000002,21055.0,3,4,1,0,3,4,8915,0,0,0,0,0
2020-05-19,US,Kentucky,Cumberland,5,0,0,36.78926125,-85.39050034,21057.0,5,5,0,0,5,5,6659,0,0,0,0,0
2020-05-19,US,Kentucky,Daviess,296,6,0,37.73028906,-87.09019479999998,21059.0,290,293,4,0,289,287,101104,3,2,0,1,6
2020-05-19,US,Kentucky,Edmonson,50,9,0,37.21218923,-86.23955613,21061.0,41,50,6,0,44,50,12274,0,3,0,-3,0
2020-05-19,US,Kentucky,Fayette,596,12,0,38.0368225,-84.45576892,21067.0,584,564,12,0,552,550,323780,32,0,0,32,14
2020-05-19,US,Kentucky,Fleming,3,0,0,38.36758311,-83.69657514,21069.0,3,3,0,0,3,1,14432,0,0,0,0,2
2020-05-19,US,Kentucky,Floyd,16,0,0,37.56213922,-82.74750924,21071.0,16,16,0,0,16,16,35845,0,0,0,0,0
2020-05-19,US,Kentucky,Franklin,20,0,0,38.2379395,-84.87962551,21073.0,20,18,0,0,18,20,50815,2,0,0,2,-2
2020-05-19,US,Kentucky,Fulton,2,0,0,36.55238827,-89.20140068,21075.0,2,2,0,0,2,1,6120,0,0,0,0,1
2020-05-19,US,Kentucky,Gallatin,3,0,0,38.75398691,-84.8558382,21077.0,3,3,0,0,3,2,8832,0,0,0,0,1
2020-05-19,US,Kentucky,Garrard,3,0,0,37.638866799999995,-84.53289319,21079.0,3,3,0,0,3,4,17560,0,0,0,0,-1
2020-05-19,US,Kentucky,Grant,35,3,0,38.64962758,-84.62415957,21081.0,32,35,3,0,32,32,25121,0,0,0,0,3
2020-05-19,US,Kentucky,Graves,154,18,0,36.72292505,-88.65143315,21083.0,136,154,18,0,136,152,37317,0,0,0,0,2
2020-05-19,US,Kentucky,Grayson,109,8,0,37.46231118,-86.34248968,21085.0,101,107,8,0,99,103,26321,2,0,0,2,4
2020-05-19,US,Kentucky,Green,1,0,0,37.26484328,-85.5540745,21087.0,1,1,0,0,1,1,11049,0,0,0,0,0
2020-05-19,US,Kentucky,Greenup,13,0,0,38.54332505,-82.9215658,21089.0,13,13,0,0,13,13,35268,0,0,0,0,0
2020-05-19,US,Kentucky,Hancock,6,0,0,37.83766422,-86.78280584,21091.0,6,6,0,0,6,7,8758,0,0,0,0,-1
2020-05-19,US,Kentucky,Hardin,85,2,0,37.6976111,-85.96319251,21093.0,83,84,2,0,82,73,110356,1,0,0,1,11
2020-05-19,US,Kentucky,Harlan,1,0,0,36.85699301,-83.21899516,21095.0,1,1,0,0,1,1,26409,0,0,0,0,0
2020-05-19,US,Kentucky,Harrison,19,0,0,38.44188174,-84.32869741,21097.0,19,19,0,0,19,19,18778,0,0,0,0,0
2020-05-19,US,Kentucky,Hart,16,0,0,37.29943898,-85.88461055,21099.0,16,16,0,0,16,15,18906,0,0,0,0,1
2020-05-19,US,Kentucky,Henderson,91,3,0,37.79344553,-87.57392021,21101.0,88,91,3,0,88,87,45591,0,0,0,0,4
2020-05-19,US,Kentucky,Henry,13,0,0,38.44942688,-85.11587507,21103.0,13,12,0,0,12,12,16106,1,0,0,1,0
2020-05-19,US,Kentucky,Hickman,5,0,0,36.67948079999999,-88.97875928,21105.0,5,5,0,0,5,5,4421,0,0,0,0,0
2020-05-19,US,Kentucky,Hopkins,215,27,0,37.30939025,-87.54670406,21107.0,188,214,27,0,187,215,45068,1,0,0,1,-1
2020-05-19,US,Kentucky,Jackson,57,12,0,37.41866422,-83.99825483,21109.0,45,57,12,0,45,57,13442,0,0,0,0,0
2020-05-19,US,Kentucky,Jefferson,1959,131,0,38.18664655,-85.65931031,21111.0,1828,1916,129,0,1787,1865,770517,43,2,0,41,51
2020-05-19,US,Kentucky,Jessamine,51,0,0,37.87119786,-84.58252003,21113.0,51,52,0,0,52,50,53920,-1,0,0,-1,2
2020-05-19,US,Kentucky,Johnson,5,0,0,37.85106355,-82.8264322,21115.0,5,5,0,0,5,5,22386,0,0,0,0,0
2020-05-19,US,Kentucky,Kenton,479,32,0,38.93950319,-84.53241199,21117.0,447,472,30,0,442,444,166051,7,2,0,5,28
2020-05-19,US,Kentucky,Knott,4,0,0,37.35388197,-82.94981134,21119.0,4,4,0,0,4,4,15126,0,0,0,0,0
2020-05-19,US,Kentucky,Knox,8,0,0,36.89225732,-83.85403396,21121.0,8,8,0,0,8,8,31304,0,0,0,0,0
2020-05-19,US,Kentucky,Larue,6,0,0,37.54567114,-85.70138352,21123.0,6,6,0,0,6,6,14307,0,0,0,0,0
2020-05-19,US,Kentucky,Laurel,21,2,0,37.10975748,-84.11321779,21125.0,19,21,2,0,19,21,60669,0,0,0,0,0
2020-05-19,US,Kentucky,Lawrence,1,0,0,38.07136018,-82.72882223,21127.0,1,1,0,0,1,1,15571,0,0,0,0,0
2020-05-19,US,Kentucky,Leslie,6,0,0,37.09246661,-83.37999606,21131.0,6,6,0,0,6,6,10143,0,0,0,0,0
2020-05-19,US,Kentucky,Letcher,5,0,0,37.12306748,-82.85346474,21133.0,5,5,0,0,5,5,21899,0,0,0,0,0
2020-05-19,US,Kentucky,Lewis,7,0,0,38.53184419,-83.37735618,21135.0,7,8,0,0,8,8,13257,-1,0,0,-1,0
2020-05-19,US,Kentucky,Lincoln,7,1,0,37.45475628,-84.6565327,21137.0,6,7,1,0,6,7,24644,0,0,0,0,0
2020-05-19,US,Kentucky,Livingston,7,0,0,37.21137452,-88.34797529,21139.0,7,7,0,0,7,7,9242,0,0,0,0,0
2020-05-19,US,Kentucky,Logan,94,3,0,36.85949479,-86.877635,21141.0,91,92,1,0,91,87,26989,2,2,0,0,5
2020-05-19,US,Kentucky,Lyon,14,3,0,37.02080035,-88.07886257,21143.0,11,14,3,0,11,14,8009,0,0,0,0,0
2020-05-19,US,Kentucky,Madison,50,1,0,37.71659336,-84.27220275,21151.0,49,49,1,0,48,43,92368,1,0,0,1,6
2020-05-19,US,Kentucky,Magoffin,1,0,0,37.70820545,-83.0657714,21153.0,1,1,0,0,1,1,12362,0,0,0,0,0
2020-05-19,US,Kentucky,Marion,17,0,0,37.55218078,-85.26898542,21155.0,17,17,0,0,17,17,19404,0,0,0,0,0
2020-05-19,US,Kentucky,Marshall,36,2,0,36.88007070000001,-88.32803576,21157.0,34,36,2,0,34,35,31191,0,0,0,0,1
2020-05-19,US,Kentucky,Martin,3,0,0,37.79990579,-82.51247478,21159.0,3,3,0,0,3,3,11323,0,0,0,0,0
2020-05-19,US,Kentucky,Mason,8,0,0,38.59471935,-83.82151043,21161.0,8,8,0,0,8,8,17150,0,0,0,0,0
2020-05-19,US,Kentucky,McCracken,85,2,0,37.05350953,-88.70445755,21145.0,83,85,2,0,83,81,65346,0,0,0,0,4
2020-05-19,US,Kentucky,McCreary,13,0,0,36.73874143,-84.48102924,21147.0,13,13,0,0,13,13,17408,0,0,0,0,0
2020-05-19,US,Kentucky,McLean,18,1,0,37.5301951,-87.26803443,21149.0,17,18,1,0,17,19,9252,0,0,0,0,-1
2020-05-19,US,Kentucky,Meade,20,2,0,37.96163597,-86.21028219,21163.0,18,20,2,0,18,20,28715,0,0,0,0,0
2020-05-19,US,Kentucky,Menifee,4,0,0,37.94090733,-83.59985712,21165.0,4,4,0,0,4,3,6451,0,0,0,0,1
2020-05-19,US,Kentucky,Mercer,12,0,0,37.81474237,-84.87488475,21167.0,12,12,0,0,12,12,21774,0,0,0,0,0
2020-05-19,US,Kentucky,Metcalfe,3,0,0,36.99459295,-85.63123699,21169.0,3,3,0,0,3,3,10030,0,0,0,0,0
2020-05-19,US,Kentucky,Monroe,6,0,0,36.71225341,-85.71596443,21171.0,6,6,0,0,6,6,10718,0,0,0,0,0
2020-05-19,US,Kentucky,Montgomery,16,0,0,38.03253032,-83.9145241,21173.0,16,16,0,0,16,16,28203,0,0,0,0,0
2020-05-19,US,Kentucky,Morgan,1,0,0,37.92465657,-83.25558245,21175.0,1,1,0,0,1,1,13345,0,0,0,0,0
2020-05-19,US,Kentucky,Muhlenberg,468,7,0,37.21425819,-87.14632053,21177.0,461,470,7,0,463,465,30774,-2,0,0,-2,5
2020-05-19,US,Kentucky,Nelson,34,0,0,37.80335779,-85.4657193,21179.0,34,33,0,0,33,32,45851,1,0,0,1,1
2020-05-19,US,Kentucky,Nicholas,1,0,0,38.33342292,-84.01889177,21181.0,1,1,0,0,1,1,7166,0,0,0,0,0
2020-05-19,US,Kentucky,Ohio,117,0,0,37.47751843,-86.85368087,21183.0,117,116,0,0,116,113,24087,1,0,0,1,3
2020-05-19,US,Kentucky,Oldham,57,0,0,38.39791089,-85.448222,21185.0,57,54,0,0,54,55,66470,3,0,0,3,-1
2020-05-19,US,Kentucky,Owen,1,0,0,38.51679143,-84.82404619,21187.0,1,2,0,0,2,1,10880,-1,0,0,-1,1
2020-05-19,US,Kentucky,Owsley,2,0,0,37.42823949,-83.68811419,21189.0,2,2,0,0,2,2,4472,0,0,0,0,0
2020-05-19,US,Kentucky,Pendleton,6,0,0,38.69607718,-84.35599463,21191.0,6,6,0,0,6,6,14529,0,0,0,0,0
2020-05-19,US,Kentucky,Perry,20,0,0,37.25023553,-83.22922731,21193.0,20,20,0,0,20,19,26092,0,0,0,0,1
2020-05-19,US,Kentucky,Pike,28,2,0,37.47088263,-82.39487445,21195.0,26,28,2,0,26,28,58402,0,0,0,0,0
2020-05-19,US,Kentucky,Powell,1,0,0,37.83218794,-83.82553961,21197.0,1,1,0,0,1,1,12442,0,0,0,0,0
2020-05-19,US,Kentucky,Pulaski,50,2,0,37.10466131,-84.57629079,21199.0,48,50,2,0,48,49,64623,0,0,0,0,1
2020-05-19,US,Kentucky,Rockcastle,12,0,0,37.36642393,-84.31176452,21203.0,12,12,0,0,12,12,16750,0,0,0,0,0
2020-05-19,US,Kentucky,Rowan,6,0,0,38.19484205,-83.42088935,21205.0,6,6,0,0,6,6,24583,0,0,0,0,0
2020-05-19,US,Kentucky,Russell,22,4,0,36.99308373,-85.06070117,21207.0,18,22,4,0,18,23,17821,0,0,0,0,-1
2020-05-19,US,Kentucky,Scott,33,0,0,38.29622293,-84.5816631,21209.0,33,33,0,0,33,34,56031,0,0,0,0,-1
2020-05-19,US,Kentucky,Shelby,78,3,0,38.21476019,-85.194223,21211.0,75,76,3,0,73,75,48518,2,0,0,2,1
2020-05-19,US,Kentucky,Simpson,39,2,0,36.74058474,-86.58047435,21213.0,37,38,2,0,36,37,18529,1,0,0,1,1
2020-05-19,US,Kentucky,Spencer,16,0,0,38.03223971,-85.32749335,21215.0,16,16,0,0,16,16,18794,0,0,0,0,0
2020-05-19,US,Kentucky,Taylor,9,0,0,37.3677562,-85.3329931,21217.0,9,9,0,0,9,9,25549,0,0,0,0,0
2020-05-19,US,Kentucky,Todd,17,0,0,36.8381152,-87.17878374,21219.0,17,17,0,0,17,17,12311,0,0,0,0,0
2020-05-19,US,Kentucky,Trigg,9,0,0,36.80767017,-87.87333656,21221.0,9,9,0,0,9,9,14643,0,0,0,0,0
2020-05-19,US,Kentucky,Trimble,3,0,0,38.61056487,-85.33775972,21223.0,3,3,0,0,3,3,8515,0,0,0,0,0
2020-05-19,US,Kentucky,Unassigned,33,0,0,0.0,0.0,90021.0,33,32,0,0,32,31,,1,0,0,1,1
2020-05-19,US,Kentucky,Union,10,0,0,37.66166713,-87.94300009,21225.0,10,10,0,0,10,10,14505,0,0,0,0,0
2020-05-19,US,Kentucky,Warren,828,3,0,36.99903045,-86.42672751,21227.0,825,810,2,0,808,776,131264,18,1,0,17,34
2020-05-19,US,Kentucky,Washington,5,0,0,37.75599461,-85.17407732,21229.0,5,5,0,0,5,6,12084,0,0,0,0,-1
2020-05-19,US,Kentucky,Wayne,8,0,0,36.80310688,-84.8251971,21231.0,8,8,0,0,8,8,20468,0,0,0,0,0
2020-05-19,US,Kentucky,Webster,32,0,0,37.52168356,-87.67989953,21233.0,32,32,0,0,32,32,13111,0,0,0,0,0
2020-05-19,US,Kentucky,Whitley,13,0,0,36.75700531,-84.14541217,21235.0,13,12,0,0,12,12,36242,1,0,0,1,0
2020-05-19,US,Kentucky,Wolfe,1,0,0,37.73941626,-83.49303612,21237.0,1,,,,,,7177,,,,,
2020-05-19,US,Kentucky,Woodford,19,0,0,38.04178222,-84.7417556,21239.0,19,19,0,0,19,19,26533,0,0,0,0,0
2020-05-19,US,Louisiana,Acadia,262,12,0,30.295064899999996,-92.41419698,22001.0,250,257,12,0,245,198,62190,5,0,0,5,59
2020-05-19,US,Louisiana,Allen,131,10,0,30.65385745,-92.82442028,22003.0,121,118,10,0,108,100,25605,13,0,0,13,18
2020-05-19,US,Louisiana,Ascension,762,50,0,30.20406249,-90.91328409999998,22005.0,712,760,50,0,710,756,124672,2,0,0,2,4
2020-05-19,US,Louisiana,Assumption,230,11,0,29.89946234,-91.06461642,22007.0,219,230,11,0,219,230,22300,0,0,0,0,0
2020-05-19,US,Louisiana,Avoyelles,94,9,0,31.07796211,-92.00079449,22009.0,85,93,9,0,84,92,40462,1,0,0,1,1
2020-05-19,US,Louisiana,Beauregard,52,4,0,30.64836518,-93.34173616,22011.0,48,52,4,0,48,52,37253,0,0,0,0,0
2020-05-19,US,Louisiana,Bienville,84,20,0,32.34569994,-93.05398492,22013.0,64,84,20,0,64,83,13308,0,0,0,0,1
2020-05-19,US,Louisiana,Bossier,348,24,0,32.67932307,-93.60460152,22015.0,324,346,24,0,322,344,127185,2,0,0,2,2
2020-05-19,US,Louisiana,Caddo,1912,155,0,32.57991587,-93.88375652,22017.0,1757,1898,155,0,1743,1877,242922,14,0,0,14,21
2020-05-19,US,Louisiana,Calcasieu,521,40,0,30.22931235,-93.35400434,22019.0,481,520,40,0,480,517,203112,1,0,0,1,3
2020-05-19,US,Louisiana,Caldwell,50,0,0,32.0902519,-92.11752148,22021.0,50,50,0,0,50,50,9960,0,0,0,0,0
2020-05-19,US,Louisiana,Cameron,3,0,0,29.87592238,-93.19310676,22023.0,3,3,0,0,3,3,6968,0,0,0,0,0
2020-05-19,US,Louisiana,Catahoula,106,3,0,31.66778967,-91.84526385,22025.0,103,106,3,0,103,106,9608,0,0,0,0,0
2020-05-19,US,Louisiana,Claiborne,58,10,0,32.82308512,-92.99526883,22027.0,48,58,10,0,48,58,15944,0,0,0,0,0
2020-05-19,US,Louisiana,Concordia,57,5,0,31.44817835,-91.63814433,22029.0,52,57,5,0,52,57,19572,0,0,0,0,0
2020-05-19,US,Louisiana,De Soto,226,16,0,32.05457447,-93.74130302,22031.0,210,224,16,0,208,222,27436,2,0,0,2,2
2020-05-19,US,Louisiana,East Baton Rouge,3145,219,0,30.53842039,-91.09777565,22033.0,2926,3056,216,0,2840,3034,440956,89,3,0,86,22
2020-05-19,US,Louisiana,East Carroll,46,0,0,32.73926954,-91.23425694,22035.0,46,37,0,0,37,34,7037,9,0,0,9,3
2020-05-19,US,Louisiana,East Feliciana,179,24,0,30.84425359,-91.04976723,22037.0,155,177,23,0,154,176,19305,2,1,0,1,1
2020-05-19,US,Louisiana,Evangeline,67,1,0,30.72985248,-92.39915924,22039.0,66,66,1,0,65,66,33443,1,0,0,1,0
2020-05-19,US,Louisiana,Franklin,274,9,0,32.13675181,-91.67589857,22041.0,265,273,8,0,265,273,20156,1,1,0,0,0
2020-05-19,US,Louisiana,Grant,22,1,0,31.59882456,-92.56124347,22043.0,21,22,1,0,21,21,22482,0,0,0,0,1
2020-05-19,US,Louisiana,Iberia,358,35,0,29.86803617,-91.75871777,22045.0,323,355,33,0,322,353,70941,3,2,0,1,2
2020-05-19,US,Louisiana,Iberville,528,38,0,30.25734305,-91.3499598,22047.0,490,527,38,0,489,526,32721,1,0,0,1,1
2020-05-19,US,Louisiana,Jackson,75,10,0,32.30251776,-92.55692092,22049.0,65,70,10,0,60,69,15902,5,0,0,5,1
2020-05-19,US,Louisiana,Jefferson,7095,429,0,29.74075478,-90.11115756,22051.0,6666,7059,430,0,6629,7039,434051,36,-1,0,37,20
2020-05-19,US,Louisiana,Jefferson Davis,71,6,0,30.26896765,-92.81210004,22053.0,65,70,6,0,64,69,31582,1,0,0,1,1
2020-05-19,US,Louisiana,LaSalle,40,0,0,31.67884782,-92.15907765,22059.0,40,40,0,0,40,40,14917,0,0,0,0,0
2020-05-19,US,Louisiana,Lafayette,605,23,0,30.2049055,-92.06959876,22055.0,582,598,23,0,575,590,242782,7,0,0,7,8
2020-05-19,US,Louisiana,Lafourche,750,64,0,29.52470226,-90.40976986,22057.0,686,744,64,0,680,742,98115,6,0,0,6,2
2020-05-19,US,Louisiana,Lincoln,122,14,0,32.6003154,-92.66597409999999,22061.0,108,121,13,0,108,121,47196,1,1,0,0,0
2020-05-19,US,Louisiana,Livingston,356,26,0,30.44143993,-90.73061664,22063.0,330,350,25,0,325,348,139567,6,1,0,5,2
2020-05-19,US,Louisiana,Madison,27,0,0,32.36918118,-91.23973355,22065.0,27,24,0,0,24,24,11161,3,0,0,3,0
2020-05-19,US,Louisiana,Morehouse,93,5,0,32.81686191,-91.80421614,22067.0,88,93,5,0,88,91,25398,0,0,0,0,2
2020-05-19,US,Louisiana,Natchitoches,103,12,0,31.72321584,-93.09816516,22069.0,91,103,12,0,91,101,38659,0,0,0,0,2
2020-05-19,US,Louisiana,Orleans,6869,494,0,30.06971951,-89.92660315,22071.0,6375,6822,495,0,6327,6809,391006,47,-1,0,48,13
2020-05-19,US,Louisiana,Ouachita,966,32,0,32.47645559,-92.15704172,22073.0,934,956,31,0,925,946,154475,10,1,0,9,10
2020-05-19,US,Louisiana,Plaquemines,196,16,0,29.42245447,-89.60322085,22075.0,180,194,16,0,178,194,23410,2,0,0,2,0
2020-05-19,US,Louisiana,Pointe Coupee,173,21,0,30.71409502,-91.60209535,22077.0,152,169,20,0,149,168,21940,4,1,0,3,1
2020-05-19,US,Louisiana,Rapides,504,15,0,31.19778499,-92.52997303,22079.0,489,499,14,0,485,474,130562,5,1,0,4,25
2020-05-19,US,Louisiana,Red River,43,6,0,32.09530039,-93.34213308,22081.0,37,43,6,0,37,42,8477,0,0,0,0,1
2020-05-19,US,Louisiana,Richland,108,2,0,32.41391005,-91.76634876,22083.0,106,107,1,0,106,106,20192,1,1,0,0,1
2020-05-19,US,Louisiana,Sabine,30,0,0,31.56388699,-93.55433981,22085.0,30,29,0,0,29,29,24032,1,0,0,1,0
2020-05-19,US,Louisiana,St. Bernard,516,20,0,29.87761636,-89.51887093,22087.0,496,513,19,0,494,512,46721,3,1,0,2,1
2020-05-19,US,Louisiana,St. Charles,615,42,0,29.90709658,-90.35555967,22089.0,573,615,42,0,573,613,52879,0,0,0,0,2
2020-05-19,US,Louisiana,St. Helena,41,1,0,30.82210324,-90.71013176,22091.0,40,41,1,0,40,41,10262,0,0,0,0,0
2020-05-19,US,Louisiana,St. James,284,23,0,30.02531716,-90.80212061,22093.0,261,284,23,0,261,283,21037,0,0,0,0,1
2020-05-19,US,Louisiana,St. John the Baptist,831,77,0,30.12597499,-90.4753503,22095.0,754,830,77,0,753,829,43184,1,0,0,1,1
2020-05-19,US,Louisiana,St. Landry,237,51,0,30.59724262,-92.00135806,22097.0,186,235,51,0,184,231,82764,2,0,0,2,4
2020-05-19,US,Louisiana,St. Martin,275,22,0,30.13112107,-91.61403569,22099.0,253,274,22,0,252,274,53621,1,0,0,1,0
2020-05-19,US,Louisiana,St. Mary,277,29,0,29.69262097,-91.44702164,22101.0,248,275,29,0,246,274,49774,2,0,0,2,1
2020-05-19,US,Louisiana,St. Tammany,1559,149,0,30.40942847,-89.95642711,22103.0,1410,1544,147,0,1397,1539,258111,15,2,0,13,5
2020-05-19,US,Louisiana,Tangipahoa,742,30,0,30.62888673,-90.40664996,22105.0,712,732,30,0,702,729,133777,10,0,0,10,3
2020-05-19,US,Louisiana,Tensas,5,0,0,32.00760749,-91.32915234,22107.0,5,5,0,0,5,5,4462,0,0,0,0,0
2020-05-19,US,Louisiana,Terrebonne,591,44,0,29.37343766,-90.82626855,22109.0,547,590,43,0,547,585,111021,1,1,0,0,5
2020-05-19,US,Louisiana,Unassigned,72,123,0,0.0,0.0,90022.0,-51,72,123,0,-51,72,,0,0,0,0,0
2020-05-19,US,Louisiana,Union,245,15,0,32.83121059,-92.3749373,22111.0,230,243,14,0,229,242,22330,2,1,0,1,1
2020-05-19,US,Louisiana,Vermilion,45,3,0,29.83517605,-92.30292538,22113.0,42,45,3,0,42,44,59830,0,0,0,0,1
2020-05-19,US,Louisiana,Vernon,21,2,0,31.10884837,-93.18153838,22115.0,19,21,2,0,19,20,48860,0,0,0,0,1
2020-05-19,US,Louisiana,Washington,375,34,0,30.85288548,-90.03866652,22117.0,341,370,32,0,338,365,46582,5,2,0,3,5
2020-05-19,US,Louisiana,Webster,119,5,0,32.70847669,-93.33121835,22119.0,114,117,5,0,112,113,38798,2,0,0,2,4
2020-05-19,US,Louisiana,West Baton Rouge,148,30,0,30.46058217,-91.30989571,22121.0,118,148,30,0,118,148,26427,0,0,0,0,0
2020-05-19,US,Louisiana,West Carroll,19,0,0,32.78550125,-91.461201,22123.0,19,18,0,0,18,13,10982,1,0,0,1,5
2020-05-19,US,Louisiana,West Feliciana,190,8,0,30.87882871,-91.41485379999999,22125.0,182,188,8,0,180,186,15460,2,0,0,2,2
2020-05-19,US,Louisiana,Winn,90,2,0,31.94449367,-92.63789413,22127.0,88,89,2,0,87,84,14134,1,0,0,1,5
2020-05-19,US,Maine,Androscoggin,151,2,0,44.1664747,-70.20380627,23001.0,149,139,2,0,137,131,107679,12,0,0,12,8
2020-05-19,US,Maine,Aroostook,7,0,0,46.65926321,-68.59841248,23003.0,7,7,0,0,7,7,67111,0,0,0,0,0
2020-05-19,US,Maine,Cumberland,863,38,0,43.8370751,-70.37226999,23005.0,825,852,36,0,816,837,293557,11,2,0,9,15
2020-05-19,US,Maine,Franklin,33,1,0,44.97330019,-70.44381045,23007.0,32,33,1,0,32,33,29897,0,0,0,0,0
2020-05-19,US,Maine,Hancock,11,1,0,44.59816444,-68.38401854,23009.0,10,11,1,0,10,11,54811,0,0,0,0,0
2020-05-19,US,Maine,Kennebec,120,8,0,44.40759555,-69.76738544,23011.0,112,121,8,0,113,121,122083,-1,0,0,-1,0
2020-05-19,US,Maine,Knox,20,0,0,44.11486325,-69.10529169,23013.0,20,20,0,0,20,20,39771,0,0,0,0,0
2020-05-19,US,Maine,Lincoln,17,0,0,44.05996956,-69.54227124,23015.0,17,17,0,0,17,17,34342,0,0,0,0,0
2020-05-19,US,Maine,Oxford,17,0,0,44.49952995,-70.75682123,23017.0,17,17,0,0,17,17,57618,0,0,0,0,0
2020-05-19,US,Maine,Penobscot,94,1,0,45.40194593,-68.65020455,23019.0,93,93,1,0,92,93,151096,1,0,0,1,0
2020-05-19,US,Maine,Piscataquis,1,0,0,45.83839062,-69.2860223,23021.0,1,1,0,0,1,1,16800,0,0,0,0,0
2020-05-19,US,Maine,Sagadahoc,27,0,0,43.95415864,-69.85074999,23023.0,27,27,0,0,27,27,35634,0,0,0,0,0
2020-05-19,US,Maine,Somerset,20,0,0,45.51229767,-69.95995554,23025.0,20,20,0,0,20,20,50592,0,0,0,0,0
2020-05-19,US,Maine,Unassigned,1,0,0,0.0,0.0,90023.0,1,1,0,0,1,2,,0,0,0,0,-1
2020-05-19,US,Maine,Waldo,50,14,0,44.4858305,-69.12061935,23027.0,36,50,14,0,36,50,39694,0,0,0,0,0
2020-05-19,US,Maine,Washington,2,0,0,45.01607142,-67.62813524,23029.0,2,2,0,0,2,5,31490,0,0,0,0,-3
2020-05-19,US,Maine,York,307,8,0,43.47808377,-70.71052375,23031.0,299,302,8,0,294,295,206229,5,0,0,5,7
2020-05-19,US,Maryland,Allegany,166,14,0,39.62357628,-78.69280486,24001.0,152,164,14,0,150,161,70975,2,0,0,2,3
2020-05-19,US,Maryland,Anne Arundel,2981,145,0,39.00670238,-76.60329337,24003.0,2836,2893,142,0,2751,2856,576031,88,3,0,85,37
2020-05-19,US,Maryland,Baltimore,4920,263,0,39.45784712,-76.62911955,24005.0,4657,4749,255,0,4494,4624,828431,171,8,0,163,125
2020-05-19,US,Maryland,Baltimore City,4002,210,0,39.30211911,-76.61151012,24510.0,3792,3830,208,0,3622,3798,621342,172,2,0,170,32
2020-05-19,US,Maryland,Calvert,255,13,0,38.53961642,-76.56820632,24009.0,242,245,13,0,232,241,92003,10,0,0,10,4
2020-05-19,US,Maryland,Caroline,208,0,0,38.87172293,-75.82904158,24011.0,208,200,0,0,200,191,33304,8,0,0,8,9
2020-05-19,US,Maryland,Carroll,712,69,0,39.56453592,-77.02373735,24013.0,643,703,68,0,635,646,168429,9,1,0,8,57
2020-05-19,US,Maryland,Cecil,323,18,0,39.56647682,-75.94627411,24015.0,305,318,17,0,301,308,102826,5,1,0,4,10
2020-05-19,US,Maryland,Charles,895,63,0,38.51092331,-76.98580666,24017.0,832,867,62,0,805,859,161503,28,1,0,27,8
2020-05-19,US,Maryland,Dorchester,122,2,0,38.45413522,-76.02752426,24019.0,120,122,2,0,120,111,31998,0,0,0,0,11
2020-05-19,US,Maryland,Frederick,1491,90,0,39.47296601,-77.39999394,24021.0,1401,1460,90,0,1370,1423,255648,31,0,0,31,37
2020-05-19,US,Maryland,Garrett,7,0,0,39.52786077,-79.27355126,24023.0,7,7,0,0,7,6,29163,0,0,0,0,1
2020-05-19,US,Maryland,Harford,709,35,0,39.55010644,-76.30775940000002,24025.0,674,695,34,0,661,687,253956,14,1,0,13,8
2020-05-19,US,Maryland,Howard,1465,49,0,39.25305293,-76.93126208,24027.0,1416,1416,45,0,1371,1378,323196,49,4,0,45,38
2020-05-19,US,Maryland,Kent,144,14,0,39.24976208,-76.04741541,24029.0,130,140,14,0,126,137,19383,4,0,0,4,3
2020-05-19,US,Maryland,Montgomery,8950,503,0,39.13676329,-77.20358245,24031.0,8447,8417,480,0,7937,8206,1052567,533,23,0,510,211
2020-05-19,US,Maryland,Prince George's,12240,445,0,38.83070039,-76.8496441,24033.0,11795,11608,436,0,11172,11316,909308,632,9,0,623,292
2020-05-19,US,Maryland,Queen Anne's,133,11,0,39.06198912,-76.03530977,24035.0,122,129,10,0,119,125,50251,4,1,0,3,4
2020-05-19,US,Maryland,Somerset,62,1,0,38.1163542,-75.75118623,24039.0,61,61,0,0,61,57,25675,1,1,0,0,4
2020-05-19,US,Maryland,St. Mary's,338,12,0,38.30058422,-76.60629279999998,24037.0,326,326,11,0,315,313,112664,12,1,0,11,13
2020-05-19,US,Maryland,Talbot,68,1,0,38.76618159,-76.10882561,24041.0,67,68,1,0,67,68,36968,0,0,0,0,0
2020-05-19,US,Maryland,Unassigned,0,88,0,0.0,0.0,90024.0,-88,0,86,0,-86,0,,0,2,0,-2,0
2020-05-19,US,Maryland,Washington,352,8,0,39.60835778,-77.82002295,24043.0,344,343,8,0,335,338,150926,9,0,0,9,5
2020-05-19,US,Maryland,Wicomico,839,21,0,38.37301947,-75.62705831,24045.0,818,837,21,0,816,818,103195,2,0,0,2,19
2020-05-19,US,Maryland,Worcester,164,6,0,38.21274277,-75.33200012,24047.0,158,164,6,0,158,137,51823,0,0,0,0,27
2020-05-19,US,Massachusetts,Barnstable,1177,96,0,41.72980578,-70.28854339,25001.0,1081,1155,95,0,1060,1150,213413,22,1,0,21,5
2020-05-19,US,Massachusetts,Berkshire,497,37,0,42.37428441,-73.20524838,25003.0,460,497,37,0,460,497,126348,0,0,0,0,0
2020-05-19,US,Massachusetts,Bristol,6080,330,0,41.79228404,-71.10872211,25005.0,5750,5996,324,0,5672,5870,564022,84,6,0,78,126
2020-05-19,US,Massachusetts,Dukes and Nantucket,38,1,0,41.40674725,-70.68763497,0.0,37,38,1,0,37,38,26707,0,0,0,0,0
2020-05-19,US,Massachusetts,Essex,12748,797,0,42.6687626,-70.94687179,25009.0,11951,12587,790,0,11797,12462,790638,161,7,0,154,125
2020-05-19,US,Massachusetts,Franklin,308,45,0,42.58119713,-72.58602547,25011.0,263,308,45,0,263,308,70963,0,0,0,0,0
2020-05-19,US,Massachusetts,Hampden,5335,521,0,42.13440424,-72.63235561,25013.0,4814,5264,517,0,4747,5205,470406,71,4,0,67,59
2020-05-19,US,Massachusetts,Hampshire,780,73,0,42.33997957,-72.65898478,25015.0,707,774,72,0,702,767,161355,6,1,0,5,7
2020-05-19,US,Massachusetts,Middlesex,19504,1436,0,42.48607732,-71.39049229,25017.0,18068,19345,1412,0,17933,19129,1614714,159,24,0,135,216
2020-05-19,US,Massachusetts,Norfolk,7565,735,0,42.16073095,-71.20530408,25021.0,6830,7524,728,0,6796,7474,705388,41,7,0,34,50
2020-05-19,US,Massachusetts,Plymouth,7198,470,0,41.94070556,-70.80802823,25023.0,6728,7139,464,0,6675,7064,518132,59,6,0,53,75
2020-05-19,US,Massachusetts,Suffolk,16825,797,0,42.327951399999996,-71.07850442,25025.0,16028,16671,793,0,15878,16479,807252,154,4,0,150,192
2020-05-19,US,Massachusetts,Unassigned,288,3,0,0.0,0.0,90025.0,285,312,3,0,309,315,,-24,0,0,-24,-3
2020-05-19,US,Massachusetts,Worcester,9582,597,0,42.35026951,-71.90493363,25027.0,8985,9442,581,0,8861,9252,830839,140,16,0,124,190
2020-05-19,US,Michigan,Alcona,6,1,0,44.6846864,-83.59507875,26001.0,5,6,1,0,5,6,10362,0,0,0,0,0
2020-05-19,US,Michigan,Allegan,184,3,0,42.59147037,-85.89102866,26005.0,181,186,2,0,184,179,117327,-2,1,0,-3,7
2020-05-19,US,Michigan,Alpena,91,9,0,45.03477666,-83.62212411,26007.0,82,91,9,0,82,91,28360,0,0,0,0,0
2020-05-19,US,Michigan,Antrim,11,0,0,44.99690221,-85.15503082,26009.0,11,11,0,0,11,11,23365,0,0,0,0,0
2020-05-19,US,Michigan,Arenac,31,1,0,44.0636262,-83.89277559,26011.0,30,31,1,0,30,30,15041,0,0,0,0,1
2020-05-19,US,Michigan,Baraga,1,0,0,46.6720582,-88.36363591,26013.0,1,1,0,0,1,1,8320,0,0,0,0,0
2020-05-19,US,Michigan,Barry,58,1,0,42.59513984,-85.30834519,26015.0,57,57,1,0,56,56,61157,1,0,0,1,1
2020-05-19,US,Michigan,Bay,250,16,0,43.70639106,-83.98731479,26017.0,234,248,16,0,232,241,103923,2,0,0,2,7
2020-05-19,US,Michigan,Benzie,4,0,0,44.63899297,-86.01608482,26019.0,4,4,0,0,4,4,17753,0,0,0,0,0
2020-05-19,US,Michigan,Berrien,538,33,0,41.95447397,-86.41313079999998,26021.0,505,528,30,0,498,522,154141,10,3,0,7,6
2020-05-19,US,Michigan,Branch,95,2,0,41.91600556,-85.05929476,26023.0,93,95,2,0,93,95,43622,0,0,0,0,0
2020-05-19,US,Michigan,Calhoun,308,19,0,42.24633834,-85.00493569,26025.0,289,304,18,0,286,301,134487,4,1,0,3,3
2020-05-19,US,Michigan,Cass,61,2,0,41.91522292,-85.99405727,26027.0,59,60,2,0,58,59,51653,1,0,0,1,1
2020-05-19,US,Michigan,Charlevoix,14,1,0,45.37790017,-85.19614053,26029.0,13,14,1,0,13,14,26244,0,0,0,0,0
2020-05-19,US,Michigan,Cheboygan,19,1,0,45.44787015,-84.50122149,26031.0,18,19,1,0,18,19,25413,0,0,0,0,0
2020-05-19,US,Michigan,Chippewa,2,0,0,46.29552653,-84.54353449,26033.0,2,2,0,0,2,2,37517,0,0,0,0,0
2020-05-19,US,Michigan,Clare,15,2,0,43.98794227,-84.84819859999998,26035.0,13,15,2,0,13,14,30757,0,0,0,0,1
2020-05-19,US,Michigan,Clinton,136,10,0,42.94400871,-84.60145248,26037.0,126,135,10,0,125,134,79332,1,0,0,1,1
2020-05-19,US,Michigan,Crawford,57,5,0,44.68255561,-84.61006219,26039.0,52,57,4,0,53,57,13901,0,1,0,-1,0
2020-05-19,US,Michigan,Delta,15,2,0,45.90484910000001,-86.9080745,26041.0,13,14,2,0,12,14,35857,1,0,0,1,0
2020-05-19,US,Michigan,Dickinson,5,2,0,46.00999672,-87.86961634,26043.0,3,5,2,0,3,5,25383,0,0,0,0,0
2020-05-19,US,Michigan,Eaton,165,6,0,42.59599185,-84.83740035,26045.0,159,165,6,0,159,163,109826,0,0,0,0,2
2020-05-19,US,Michigan,Emmet,21,2,0,45.52625509,-84.89083249,26047.0,19,21,2,0,19,21,33308,0,0,0,0,0
2020-05-19,US,Michigan,Federal Correctional Institution (FCI),118,3,0,0.0,0.0,0.0,115,118,3,0,115,117,,0,0,0,0,1
2020-05-19,US,Michigan,Genesee,1891,235,0,43.02244215,-83.70589709,26049.0,1656,1869,231,0,1638,1866,406892,22,4,0,18,3
2020-05-19,US,Michigan,Gladwin,17,1,0,43.98901072,-84.38774817,26051.0,16,17,1,0,16,17,25337,0,0,0,0,0
2020-05-19,US,Michigan,Gogebic,5,1,0,46.40862701,-89.69377193,26053.0,4,5,1,0,4,5,15096,0,0,0,0,0
2020-05-19,US,Michigan,Grand Traverse,23,5,0,44.69565625,-85.55585247,26055.0,18,23,5,0,18,23,92573,0,0,0,0,0
2020-05-19,US,Michigan,Gratiot,50,4,0,43.29265605,-84.60505416,26057.0,46,49,4,0,45,42,40599,1,0,0,1,7
2020-05-19,US,Michigan,Hillsdale,165,24,0,41.88753639,-84.59312019,26059.0,141,167,23,0,144,166,45749,-2,1,0,-3,1
2020-05-19,US,Michigan,Houghton,2,0,0,46.89988536,-88.68495385,26061.0,2,2,0,0,2,2,36219,0,0,0,0,0
2020-05-19,US,Michigan,Huron,44,1,0,43.83353985,-83.04078453,26063.0,43,44,1,0,43,44,31166,0,0,0,0,0
2020-05-19,US,Michigan,Ingham,650,23,0,42.59716886,-84.37472069,26065.0,627,649,23,0,626,648,292735,1,0,0,1,1
2020-05-19,US,Michigan,Ionia,123,3,0,42.94502238,-85.07413319,26067.0,120,119,3,0,116,119,64210,4,0,0,4,0
2020-05-19,US,Michigan,Iosco,65,8,0,44.35486835,-83.63484895,26069.0,57,59,8,0,51,58,25081,6,0,0,6,1
2020-05-19,US,Michigan,Isabella,62,7,0,43.64060976,-84.84664923,26073.0,55,62,7,0,55,62,70562,0,0,0,0,0
2020-05-19,US,Michigan,Jackson,418,26,0,42.24807035,-84.42258681,26075.0,392,415,26,0,389,415,158823,3,0,0,3,0
2020-05-19,US,Michigan,Kalamazoo,739,44,0,42.24542231,-85.53038622,26077.0,695,719,42,0,677,707,264870,20,2,0,18,12
2020-05-19,US,Michigan,Kalkaska,17,2,0,44.68512729,-85.09085699,26079.0,15,17,2,0,15,17,17824,0,0,0,0,0
2020-05-19,US,Michigan,Kent,2934,58,0,43.03197711,-85.54934642,26081.0,2876,2868,56,0,2812,2825,653786,66,2,0,64,43
2020-05-19,US,Michigan,Lake,3,0,0,43.99050893,-85.802173,26085.0,3,3,0,0,3,3,11881,0,0,0,0,0
2020-05-19,US,Michigan,Lapeer,180,30,0,43.09052506,-83.22153148,26087.0,150,180,30,0,150,180,88028,0,0,0,0,0
2020-05-19,US,Michigan,Leelanau,11,0,0,44.94430054,-85.80150326,26089.0,11,10,0,0,10,10,21764,1,0,0,1,0
2020-05-19,US,Michigan,Lenawee,140,3,0,41.89475156,-84.06603727,26091.0,137,136,3,0,133,136,98266,4,0,0,4,0
2020-05-19,US,Michigan,Livingston,385,26,0,42.60302282,-83.91297209,26093.0,359,386,25,0,361,385,191224,-1,1,0,-2,1
2020-05-19,US,Michigan,Luce,2,0,0,46.47227431,-85.54471223,26095.0,2,2,0,0,2,2,6283,0,0,0,0,0
2020-05-19,US,Michigan,Mackinac,6,0,0,46.07028979,-85.04980537,26097.0,6,6,0,0,6,6,10787,0,0,0,0,0
2020-05-19,US,Michigan,Macomb,6367,753,0,42.69158356,-82.92752801,26099.0,5614,6357,740,0,5617,6345,874759,10,13,0,-3,12
2020-05-19,US,Michigan,Manistee,11,0,0,44.33352407,-86.05626916,26101.0,11,11,0,0,11,11,24528,0,0,0,0,0
2020-05-19,US,Michigan,Marquette,52,10,0,46.4338914,-87.64043701,26103.0,42,52,10,0,42,52,66516,0,0,0,0,0
2020-05-19,US,Michigan,Mason,27,0,0,43.99509218,-86.24988902,26105.0,27,27,0,0,27,26,29100,0,0,0,0,1
2020-05-19,US,Michigan,Mecosta,19,2,0,43.64064262,-85.32463223,26107.0,17,18,2,0,16,18,43545,1,0,0,1,0
2020-05-19,US,Michigan,Menominee,8,0,0,45.58038692,-87.55370409,26109.0,8,8,0,0,8,8,22983,0,0,0,0,0
2020-05-19,US,Michigan,Michigan Department of Corrections (MDOC),3122,60,0,0.0,0.0,0.0,3062,3051,57,0,2994,2538,,71,3,0,68,513
2020-05-19,US,Michigan,Midland,76,8,0,43.64330771,-84.38804374,26111.0,68,71,8,0,63,70,83209,5,0,0,5,1
2020-05-19,US,Michigan,Missaukee,16,1,0,44.33772443,-85.09256478,26113.0,15,16,1,0,15,16,15113,0,0,0,0,0
2020-05-19,US,Michigan,Monroe,433,18,0,41.92734151,-83.53749864,26115.0,415,433,18,0,415,429,150439,0,0,0,0,4
2020-05-19,US,Michigan,Montcalm,56,1,0,43.31082541,-85.15252824,26117.0,55,55,1,0,54,53,63968,1,0,0,1,2
2020-05-19,US,Michigan,Montmorency,5,0,0,45.0275929,-84.12696227,26119.0,5,5,0,0,5,5,9265,0,0,0,0,0
2020-05-19,US,Michigan,Muskegon,519,25,0,43.29123859,-86.15176712,26121.0,494,513,24,0,489,486,173588,6,1,0,5,27
2020-05-19,US,Michigan,Newaygo,51,0,0,43.554373999999996,-85.80070107,26123.0,51,50,0,0,50,43,48892,1,0,0,1,7
2020-05-19,US,Michigan,Oakland,8078,928,0,42.66090111,-83.38595416,26125.0,7150,8050,913,0,7137,8043,1259201,28,15,0,13,7
2020-05-19,US,Michigan,Oceana,58,2,0,43.64124435,-86.26726673,26127.0,56,54,2,0,52,50,26625,4,0,0,4,4
2020-05-19,US,Michigan,Ogemaw,18,0,0,44.33481032,-84.12725175,26129.0,18,17,0,0,17,17,20952,1,0,0,1,0
2020-05-19,US,Michigan,Osceola,10,0,0,43.98992088,-85.32566756,26133.0,10,10,0,0,10,10,23341,0,0,0,0,0
2020-05-19,US,Michigan,Oscoda,5,1,0,44.68192279,-84.12939244,26135.0,4,5,1,0,4,5,8276,0,0,0,0,0
2020-05-19,US,Michigan,Otsego,99,10,0,45.02085831,-84.59898295,26137.0,89,99,10,0,89,99,24665,0,0,0,0,0
2020-05-19,US,Michigan,Ottawa,573,25,0,42.95996803,-85.9969107,26139.0,548,558,24,0,534,531,290494,15,1,0,14,27
2020-05-19,US,Michigan,Out of MI,13,0,0,0.0,0.0,80026.0,13,62,0,0,62,88,,-49,0,0,-49,-26
2020-05-19,US,Michigan,Presque Isle,11,0,0,45.34018577,-83.91498656,26141.0,11,11,0,0,11,11,12738,0,0,0,0,0
2020-05-19,US,Michigan,Roscommon,21,0,0,44.33473082,-84.61067651,26143.0,21,21,0,0,21,21,23884,0,0,0,0,0
2020-05-19,US,Michigan,Saginaw,940,99,0,43.33433923,-84.05131209999998,26145.0,841,930,99,0,831,913,190800,10,0,0,10,17
2020-05-19,US,Michigan,Sanilac,39,5,0,43.42406072,-82.82055898,26151.0,34,39,5,0,34,39,41182,0,0,0,0,0
2020-05-19,US,Michigan,Schoolcraft,4,0,0,46.19235734,-86.19972234,26153.0,4,4,0,0,4,4,8068,0,0,0,0,0
2020-05-19,US,Michigan,Shiawassee,235,21,0,42.95392800000001,-84.14585902,26155.0,214,227,20,0,207,225,68192,8,1,0,7,2
2020-05-19,US,Michigan,St. Clair,412,32,0,42.92655373,-82.67937954,26147.0,380,407,31,0,376,403,159337,5,1,0,4,4
2020-05-19,US,Michigan,St. Joseph,90,1,0,41.91441767,-85.52797979,26149.0,89,87,1,0,86,86,61043,3,0,0,3,1
2020-05-19,US,Michigan,Tuscola,173,21,0,43.46606813,-83.41897025,26157.0,152,172,19,0,153,170,52516,1,2,0,-1,2
2020-05-19,US,Michigan,Unassigned,2,0,0,0.0,0.0,90026.0,2,2,0,0,2,3,,0,0,0,0,-1
2020-05-19,US,Michigan,Van Buren,116,6,0,42.25190229,-86.01939087,26159.0,110,115,6,0,109,112,75448,1,0,0,1,3
2020-05-19,US,Michigan,Washtenaw,1251,89,0,42.253105,-83.83853204,26161.0,1162,1245,89,0,1156,1242,370963,6,0,0,6,3
2020-05-19,US,Michigan,Wayne,19292,2275,0,42.28098405,-83.281255,26163.0,17017,19128,2226,0,16902,19065,1753893,164,49,0,115,63
2020-05-19,US,Michigan,Wexford,11,2,0,44.33853602,-85.57712739,26165.0,9,11,2,0,9,11,33466,0,0,0,0,0
2020-05-19,US,Minnesota,Aitkin,4,0,0,46.60962049,-93.41168259999999,27001.0,4,4,0,0,4,3,15902,0,0,0,0,1
2020-05-19,US,Minnesota,Anoka,919,42,0,45.27476015,-93.24604565,27003.0,877,869,42,0,827,821,353813,50,0,0,50,48
2020-05-19,US,Minnesota,Becker,32,0,0,46.93479392,-95.67158144,27005.0,32,33,0,0,33,33,34371,-1,0,0,-1,0
2020-05-19,US,Minnesota,Beltrami,9,0,0,47.97373527,-94.93732139,27007.0,9,9,0,0,9,9,46847,0,0,0,0,0
2020-05-19,US,Minnesota,Benton,142,2,0,45.69804958,-93.99514135,27009.0,140,138,2,0,136,131,40545,4,0,0,4,7
2020-05-19,US,Minnesota,Big Stone,3,0,0,45.42712824,-96.41403739,27011.0,3,3,0,0,3,2,4989,0,0,0,0,1
2020-05-19,US,Minnesota,Blue Earth,93,0,0,44.03554215,-94.06699781,27013.0,93,87,0,0,87,83,67427,6,0,0,6,4
2020-05-19,US,Minnesota,Brown,10,2,0,44.24205652,-94.72562874,27015.0,8,10,2,0,8,10,25111,0,0,0,0,0
2020-05-19,US,Minnesota,Carlton,67,0,0,46.59180601,-92.67601019,27017.0,67,66,0,0,66,66,35837,1,0,0,1,0
2020-05-19,US,Minnesota,Carver,128,2,0,44.82017001,-93.80099179999999,27019.0,126,117,2,0,115,113,103551,11,0,0,11,4
2020-05-19,US,Minnesota,Cass,11,2,0,46.95043611,-94.32603968,27021.0,9,10,2,0,8,9,29519,1,0,0,1,1
2020-05-19,US,Minnesota,Chippewa,34,0,0,45.02343421,-95.56403693,27023.0,34,32,0,0,32,30,11924,2,0,0,2,2
2020-05-19,US,Minnesota,Chisago,38,1,0,45.5021011,-92.90861945,27025.0,37,37,1,0,36,34,55922,1,0,0,1,3
2020-05-19,US,Minnesota,Clay,318,21,0,46.89289518,-96.48761922,27027.0,297,310,20,0,290,293,63955,8,1,0,7,17
2020-05-19,US,Minnesota,Clearwater,2,0,0,47.57992111,-95.37790562,27029.0,2,2,0,0,2,2,8810,0,0,0,0,0
2020-05-19,US,Minnesota,Cottonwood,59,0,0,44.00715262,-95.18138802,27033.0,59,58,0,0,58,56,11277,1,0,0,1,2
2020-05-19,US,Minnesota,Crow Wing,30,1,0,46.48096553,-94.06755609,27035.0,29,30,1,0,29,25,64889,0,0,0,0,5
2020-05-19,US,Minnesota,Dakota,841,25,0,44.67172617,-93.06299363,27037.0,816,802,23,0,779,742,425423,39,2,0,37,60
2020-05-19,US,Minnesota,Dodge,39,0,0,44.02238415,-92.86244324,27039.0,39,36,0,0,36,35,20822,3,0,0,3,1
2020-05-19,US,Minnesota,Douglas,23,0,0,45.93348491,-95.45335469,27041.0,23,21,0,0,21,18,37964,2,0,0,2,3
2020-05-19,US,Minnesota,Faribault,11,0,0,43.67381499,-93.94787458,27043.0,11,10,0,0,10,10,13758,1,0,0,1,0
2020-05-19,US,Minnesota,Fillmore,17,1,0,43.67394126,-92.08980382,27045.0,16,17,1,0,16,17,21058,0,0,0,0,0
2020-05-19,US,Minnesota,Freeborn,63,0,0,43.67385583,-93.34884422,27047.0,63,61,0,0,61,61,30444,2,0,0,2,0
2020-05-19,US,Minnesota,Goodhue,36,0,0,44.40849741,-92.72341949999999,27049.0,36,34,0,0,34,33,46403,2,0,0,2,1
2020-05-19,US,Minnesota,Grant,2,0,0,45.93424769,-96.01139609,27051.0,2,2,0,0,2,2,6021,0,0,0,0,0
2020-05-19,US,Minnesota,Hennepin,5650,476,0,45.00761521,-93.47694895,27053.0,5174,5409,467,0,4942,5158,1259428,241,9,0,232,251
2020-05-19,US,Minnesota,Houston,2,0,0,43.67129565,-91.49143057,27055.0,2,2,0,0,2,2,18578,0,0,0,0,0
2020-05-19,US,Minnesota,Isanti,19,0,0,45.56181234,-93.29487636,27059.0,19,19,0,0,19,20,39966,0,0,0,0,-1
2020-05-19,US,Minnesota,Itasca,49,6,0,47.51009045,-93.63092229,27061.0,43,49,5,0,44,46,45108,0,1,0,-1,3
2020-05-19,US,Minnesota,Jackson,36,0,0,43.67423373,-95.15398258,27063.0,36,36,0,0,36,36,9911,0,0,0,0,0
2020-05-19,US,Minnesota,Kanabec,9,1,0,45.9459309,-93.29275192,27065.0,8,9,0,0,9,9,16207,0,1,0,-1,0
2020-05-19,US,Minnesota,Kandiyohi,420,1,0,45.1526059,-95.00586446,27067.0,419,415,1,0,414,412,42855,5,0,0,5,3
2020-05-19,US,Minnesota,Kittson,1,0,0,48.77754106,-96.78317184,27069.0,1,1,0,0,1,1,4248,0,0,0,0,0
2020-05-19,US,Minnesota,Koochiching,5,0,0,48.24539665,-93.78352843,27071.0,5,5,0,0,5,3,12440,0,0,0,0,2
2020-05-19,US,Minnesota,Lac qui Parle,3,0,0,44.9973857,-96.17488219,27073.0,3,3,0,0,3,2,6658,0,0,0,0,1
2020-05-19,US,Minnesota,Lake,1,0,0,47.64270764,-91.44557998,27075.0,1,1,0,0,1,1,10658,0,0,0,0,0
2020-05-19,US,Minnesota,Le Sueur,36,1,0,44.37136597,-93.72844721,27079.0,35,35,1,0,34,35,28494,1,0,0,1,0
2020-05-19,US,Minnesota,Lincoln,4,0,0,44.41311883,-96.26688165,27081.0,4,4,0,0,4,4,5673,0,0,0,0,0
2020-05-19,US,Minnesota,Lyon,26,0,0,44.41327865,-95.83806103,27083.0,26,26,0,0,26,26,25629,0,0,0,0,0
2020-05-19,US,Minnesota,Mahnomen,5,1,0,47.32557075,-95.80921485,27087.0,4,5,1,0,4,5,5519,0,0,0,0,0
2020-05-19,US,Minnesota,Marshall,8,0,0,48.35825983,-96.37017407,27089.0,8,8,0,0,8,8,9390,0,0,0,0,0
2020-05-19,US,Minnesota,Martin,123,5,0,43.67429718,-94.55099908,27091.0,118,120,5,0,115,118,19785,3,0,0,3,2
2020-05-19,US,Minnesota,McLeod,18,0,0,44.82367677,-94.27287017,27085.0,18,18,0,0,18,18,35873,0,0,0,0,0
2020-05-19,US,Minnesota,Meeker,38,0,0,45.12328869,-94.52839455,27093.0,38,36,0,0,36,34,23141,2,0,0,2,2
2020-05-19,US,Minnesota,Mille Lacs,13,1,0,45.93705297,-93.63236823,27095.0,12,12,1,0,11,10,26139,1,0,0,1,2
2020-05-19,US,Minnesota,Morrison,29,0,0,46.01265363,-94.27341528,27097.0,29,27,0,0,27,25,33169,2,0,0,2,2
2020-05-19,US,Minnesota,Mower,72,0,0,43.67142874,-92.75234549,27099.0,72,65,0,0,65,58,40011,7,0,0,7,7
2020-05-19,US,Minnesota,Murray,33,0,0,44.02216709,-95.76328482,27101.0,33,33,0,0,33,31,8276,0,0,0,0,2
2020-05-19,US,Minnesota,Nicollet,43,3,0,44.35291112,-94.24710352,27103.0,40,39,3,0,36,37,34220,4,0,0,4,2
2020-05-19,US,Minnesota,Nobles,1394,2,0,43.67434621,-95.75329576,27105.0,1392,1387,2,0,1385,1361,21924,7,0,0,7,26
2020-05-19,US,Minnesota,Norman,11,0,0,47.32628443,-96.45620947,27107.0,11,11,0,0,11,11,6475,0,0,0,0,0
2020-05-19,US,Minnesota,Olmsted,479,10,0,44.00374114,-92.40209944,27109.0,469,461,9,0,452,448,156277,18,1,0,17,13
2020-05-19,US,Minnesota,Otter Tail,51,0,0,46.40846929,-95.70835255,27111.0,51,47,0,0,47,38,58812,4,0,0,4,9
2020-05-19,US,Minnesota,Pennington,3,0,0,48.06642577,-96.0370814,27113.0,3,2,0,0,2,1,14178,1,0,0,1,1
2020-05-19,US,Minnesota,Pine,83,0,0,46.12105238,-92.74070188,27115.0,83,83,0,0,83,83,29483,0,0,0,0,0
2020-05-19,US,Minnesota,Pipestone,10,0,0,44.02301619,-96.25841142,27117.0,10,10,0,0,10,9,9047,0,0,0,0,1
2020-05-19,US,Minnesota,Polk,56,2,0,47.77372465,-96.40134647,27119.0,54,56,2,0,54,55,31529,0,0,0,0,1
2020-05-19,US,Minnesota,Pope,5,0,0,45.58606667,-95.44451209,27121.0,5,5,0,0,5,5,11097,0,0,0,0,0
2020-05-19,US,Minnesota,Ramsey,1720,74,0,45.01625271,-93.09872295,27123.0,1646,1625,72,0,1553,1530,550210,95,2,0,93,95
2020-05-19,US,Minnesota,Red Lake,3,0,0,47.87197525,-96.09561104,27125.0,3,3,0,0,3,3,3999,0,0,0,0,0
2020-05-19,US,Minnesota,Redwood,3,0,0,44.40555844,-95.25207021,27127.0,3,3,0,0,3,3,15249,0,0,0,0,0
2020-05-19,US,Minnesota,Renville,5,0,0,44.72836381,-94.94553734,27129.0,5,5,0,0,5,5,14612,0,0,0,0,0
2020-05-19,US,Minnesota,Rice,270,2,0,44.3543376,-93.29658715,27131.0,268,260,2,0,258,240,66523,10,0,0,10,20
2020-05-19,US,Minnesota,Rock,20,0,0,43.67482683,-96.25296832,27133.0,20,20,0,0,20,20,9414,0,0,0,0,0
2020-05-19,US,Minnesota,Roseau,1,0,0,48.77501878,-95.81079919,27135.0,1,1,0,0,1,1,15150,0,0,0,0,0
2020-05-19,US,Minnesota,Scott,271,1,0,44.6490231,-93.53340251,27139.0,270,259,1,0,258,238,147381,12,0,0,12,21
2020-05-19,US,Minnesota,Sherburne,164,2,0,45.44447208,-93.77617511,27141.0,162,155,2,0,153,150,96036,9,0,0,9,5
2020-05-19,US,Minnesota,Sibley,10,0,0,44.5796592,-94.23164924,27143.0,10,10,0,0,10,9,15028,0,0,0,0,1
2020-05-19,US,Minnesota,St. Louis,107,13,0,47.604840700000004,-92.46879855,27137.0,94,105,13,0,92,102,199754,2,0,0,2,3
2020-05-19,US,Minnesota,Stearns,1782,10,0,45.55192576,-94.61078221,27145.0,1772,1740,10,0,1730,1713,159256,42,0,0,42,27
2020-05-19,US,Minnesota,Steele,115,0,0,44.02240351,-93.22627088,27147.0,115,111,0,0,111,105,36803,4,0,0,4,6
2020-05-19,US,Minnesota,Swift,13,0,0,45.2829032,-95.68264092,27151.0,13,13,0,0,13,13,9345,0,0,0,0,0
2020-05-19,US,Minnesota,Todd,87,0,0,46.06996226,-94.89785296,27153.0,87,73,0,0,73,60,24582,14,0,0,14,13
2020-05-19,US,Minnesota,Traverse,3,0,0,45.77298854,-96.47062949,27155.0,3,3,0,0,3,3,3308,0,0,0,0,0
2020-05-19,US,Minnesota,Unassigned,35,9,0,0.0,0.0,90027.0,26,28,9,0,19,29,,7,0,0,7,-1
2020-05-19,US,Minnesota,Wabasha,16,0,0,44.28424356,-92.23121312,27157.0,16,16,0,0,16,16,21645,0,0,0,0,0
2020-05-19,US,Minnesota,Wadena,6,0,0,46.58589171,-94.96968506,27159.0,6,5,0,0,5,5,13773,1,0,0,1,0
2020-05-19,US,Minnesota,Waseca,21,0,0,44.02211116,-93.58720034,27161.0,21,20,0,0,20,20,18691,1,0,0,1,0
2020-05-19,US,Minnesota,Washington,398,19,0,45.03864533,-92.88429635,27163.0,379,378,19,0,359,363,259201,20,0,0,20,15
2020-05-19,US,Minnesota,Watonwan,41,0,0,43.97823903,-94.61413846,27165.0,41,41,0,0,41,41,10980,0,0,0,0,0
2020-05-19,US,Minnesota,Wilkin,11,3,0,46.35721532,-96.4684375,27167.0,8,11,3,0,8,11,6254,0,0,0,0,0
2020-05-19,US,Minnesota,Winona,75,15,0,43.98772283,-91.78081305,27169.0,60,75,15,0,60,75,50825,0,0,0,0,0
2020-05-19,US,Minnesota,Wright,182,1,0,45.17297924,-93.96234781,27171.0,181,172,1,0,171,162,136349,10,0,0,10,10
2020-05-19,US,Minnesota,Yellow Medicine,4,0,0,44.71710183,-95.86842453,27173.0,4,3,0,0,3,3,9795,1,0,0,1,0
2020-05-19,US,Mississippi,Adams,177,15,0,31.47669768,-91.35326037,28001.0,162,173,15,0,158,172,31192,4,0,0,4,1
2020-05-19,US,Mississippi,Alcorn,12,1,0,34.88084463,-88.57996173,28003.0,11,12,1,0,11,12,36925,0,0,0,0,0
2020-05-19,US,Mississippi,Amite,45,1,0,31.17467303,-90.80501621,28005.0,44,46,0,0,46,46,12326,-1,1,0,-2,0
2020-05-19,US,Mississippi,Attala,259,9,0,33.08658803,-89.57838564,28007.0,250,248,7,0,241,249,18365,11,2,0,9,-1
2020-05-19,US,Mississippi,Benton,13,0,0,34.81681228,-89.18945516,28009.0,13,13,0,0,13,13,8271,0,0,0,0,0
2020-05-19,US,Mississippi,Bolivar,129,10,0,33.79696941,-90.87372121,28011.0,119,129,10,0,119,129,31333,0,0,0,0,0
2020-05-19,US,Mississippi,Calhoun,59,4,0,33.93683395,-89.33686647,28013.0,55,58,4,0,54,58,14436,1,0,0,1,0
2020-05-19,US,Mississippi,Carroll,110,8,0,33.44834567,-89.91994479,28015.0,102,110,7,0,103,110,9911,0,1,0,-1,0
2020-05-19,US,Mississippi,Chickasaw,116,12,0,33.91983202,-88.9481545,28017.0,104,116,12,0,104,115,17171,0,0,0,0,1
2020-05-19,US,Mississippi,Choctaw,23,2,0,33.34598242,-89.24809382,28019.0,21,23,2,0,21,22,8278,0,0,0,0,1
2020-05-19,US,Mississippi,Claiborne,51,1,0,31.97061673,-90.90702196,28021.0,50,49,0,0,49,49,9002,2,1,0,1,0
2020-05-19,US,Mississippi,Clarke,113,14,0,32.04158545,-88.68896219999998,28023.0,99,102,13,0,89,101,15604,11,1,0,10,1
2020-05-19,US,Mississippi,Clay,86,3,0,33.65358105,-88.77784255,28025.0,83,79,3,0,76,79,19386,7,0,0,7,0
2020-05-19,US,Mississippi,Coahoma,85,3,0,34.22772299,-90.60415045,28027.0,82,79,3,0,76,76,22628,6,0,0,6,3
2020-05-19,US,Mississippi,Copiah,207,3,0,31.86977774,-90.44565118,28029.0,204,204,2,0,202,201,28543,3,1,0,2,3
2020-05-19,US,Mississippi,Covington,110,1,0,31.63225413,-89.55389939,28031.0,109,108,0,0,108,105,18853,2,1,0,1,3
2020-05-19,US,Mississippi,DeSoto,404,5,0,34.87625235,-89.99091418,28033.0,399,391,5,0,386,386,182001,13,0,0,13,5
2020-05-19,US,Mississippi,Forrest,435,29,0,31.18961454,-89.25832496,28035.0,406,442,27,0,415,431,75036,-7,2,0,-9,11
2020-05-19,US,Mississippi,Franklin,21,1,0,31.47786634,-90.89672989,28037.0,20,21,1,0,20,21,7788,0,0,0,0,0
2020-05-19,US,Mississippi,George,19,1,0,30.86259065,-88.64436789,28039.0,18,17,1,0,16,17,24250,2,0,0,2,0
2020-05-19,US,Mississippi,Greene,7,1,0,31.21444233,-88.63922281,28041.0,6,7,1,0,6,7,13586,0,0,0,0,0
2020-05-19,US,Mississippi,Grenada,60,2,0,33.77036166,-89.80245083,28043.0,58,60,2,0,58,59,21055,0,0,0,0,1
2020-05-19,US,Mississippi,Hancock,81,10,0,30.41830223,-89.48851033,28045.0,71,81,10,0,71,80,47334,0,0,0,0,1
2020-05-19,US,Mississippi,Harrison,218,6,0,30.51359752,-89.12467576,28047.0,212,216,6,0,210,215,206650,2,0,0,2,1
2020-05-19,US,Mississippi,Hinds,786,22,0,32.2656285,-90.44435448,28049.0,764,772,22,0,750,773,237085,14,0,0,14,-1
2020-05-19,US,Mississippi,Holmes,310,20,0,33.12345854,-90.08923538,28051.0,290,298,20,0,278,293,17622,12,0,0,12,5
2020-05-19,US,Mississippi,Humphreys,49,5,0,33.12825718,-90.52252707,28053.0,44,46,5,0,41,45,8257,3,0,0,3,1
2020-05-19,US,Mississippi,Itawamba,79,7,0,34.27993475,-88.3606733,28057.0,72,79,7,0,72,78,23517,0,0,0,0,1
2020-05-19,US,Mississippi,Jackson,287,13,0,30.54020656,-88.64184064,28059.0,274,287,13,0,274,286,143277,0,0,0,0,1
2020-05-19,US,Mississippi,Jasper,116,3,0,32.01922104,-89.11786866,28061.0,113,114,3,0,111,111,16428,2,0,0,2,3
2020-05-19,US,Mississippi,Jefferson,38,0,0,31.73397872,-91.03764977,28063.0,38,37,0,0,37,37,7106,1,0,0,1,0
2020-05-19,US,Mississippi,Jefferson Davis,69,2,0,31.56884708,-89.82670990000004,28065.0,67,68,2,0,66,68,11234,1,0,0,1,0
2020-05-19,US,Mississippi,Jones,358,10,0,31.62257767,-89.16896899999998,28067.0,348,342,9,0,333,337,68461,16,1,0,15,5
2020-05-19,US,Mississippi,Kemper,105,10,0,32.75462946,-88.64105766,28069.0,95,102,9,0,93,100,10027,3,1,0,2,2
2020-05-19,US,Mississippi,Lafayette,109,3,0,34.35687874,-89.48490961,28071.0,106,109,3,0,106,109,54793,0,0,0,0,0
2020-05-19,US,Mississippi,Lamar,199,4,0,31.20572971,-89.5077704,28073.0,195,175,4,0,171,175,62447,24,0,0,24,0
2020-05-19,US,Mississippi,Lauderdale,602,46,0,32.40419769,-88.66229662,28075.0,556,589,46,0,543,585,75317,13,0,0,13,4
2020-05-19,US,Mississippi,Lawrence,80,0,0,31.55147224,-90.10841127,28077.0,80,78,0,0,78,78,12455,2,0,0,2,0
2020-05-19,US,Mississippi,Leake,364,7,0,32.7536828,-89.52402044,28079.0,357,361,6,0,355,353,22763,3,1,0,2,8
2020-05-19,US,Mississippi,Lee,96,5,0,34.291877500000005,-88.68149954,28081.0,91,93,4,0,89,93,85202,3,1,0,2,0
2020-05-19,US,Mississippi,Leflore,202,22,0,33.55545125,-90.29900733,28083.0,180,200,22,0,178,200,28919,2,0,0,2,0
2020-05-19,US,Mississippi,Lincoln,218,18,0,31.53288662,-90.45391915,28085.0,200,218,18,0,200,217,34205,0,0,0,0,1
2020-05-19,US,Mississippi,Lowndes,132,6,0,33.47386518,-88.44191529999998,28087.0,126,126,6,0,120,122,58930,6,0,0,6,4
2020-05-19,US,Mississippi,Madison,561,17,0,32.63389156,-90.03513564,28089.0,544,543,17,0,526,533,105630,18,0,0,18,10
2020-05-19,US,Mississippi,Marion,93,8,0,31.23132643,-89.8209217,28091.0,85,89,8,0,81,89,24715,4,0,0,4,0
2020-05-19,US,Mississippi,Marshall,67,3,0,34.76216286,-89.50299462,28093.0,64,67,3,0,64,66,35451,0,0,0,0,1
2020-05-19,US,Mississippi,Monroe,220,23,0,33.89236763,-88.4808438,28095.0,197,220,23,0,197,222,35564,0,0,0,0,-2
2020-05-19,US,Mississippi,Montgomery,74,1,0,33.49419589,-89.61729103,28097.0,73,72,1,0,71,72,10023,2,0,0,2,0
2020-05-19,US,Mississippi,Neshoba,429,25,0,32.75339664,-89.11726492,28099.0,404,423,24,0,399,405,29125,6,1,0,5,18
2020-05-19,US,Mississippi,Newton,196,3,0,32.40021118,-89.11843336,28101.0,193,192,3,0,189,187,21443,4,0,0,4,5
2020-05-19,US,Mississippi,Noxubee,145,4,0,33.11009499,-88.56949061,28103.0,141,140,3,0,137,134,10535,5,1,0,4,6
2020-05-19,US,Mississippi,Oktibbeha,107,8,0,33.42491685,-88.87905132,28105.0,99,105,6,0,99,104,49599,2,2,0,0,1
2020-05-19,US,Mississippi,Panola,52,2,0,34.36398677,-89.95064249,28107.0,50,50,2,0,48,50,34178,2,0,0,2,0
2020-05-19,US,Mississippi,Pearl River,195,27,0,30.77090935,-89.58677275,28109.0,168,195,26,0,169,195,55387,0,1,0,-1,0
2020-05-19,US,Mississippi,Perry,37,2,0,31.17161885,-88.99281835,28111.0,35,36,2,0,34,36,11931,1,0,0,1,0
2020-05-19,US,Mississippi,Pike,184,11,0,31.17507789,-90.40392572,28113.0,173,178,11,0,167,176,39563,6,0,0,6,2
2020-05-19,US,Mississippi,Pontotoc,25,2,0,34.226046000000004,-89.03636807,28115.0,23,25,2,0,23,25,31833,0,0,0,0,0
2020-05-19,US,Mississippi,Prentiss,36,3,0,34.61810501,-88.51986294,28117.0,33,36,3,0,33,36,25315,0,0,0,0,0
2020-05-19,US,Mississippi,Quitman,21,0,0,34.25157572,-90.28908,28119.0,21,21,0,0,21,21,7051,0,0,0,0,0
2020-05-19,US,Mississippi,Rankin,295,6,0,32.26469147,-89.94537876,28121.0,289,287,6,0,281,285,153902,8,0,0,8,2
2020-05-19,US,Mississippi,Scott,550,10,0,32.406704100000006,-89.53789439,28123.0,540,532,8,0,524,524,28287,18,2,0,16,8
2020-05-19,US,Mississippi,Sharkey,7,0,0,32.88149103,-90.81595379999999,28125.0,7,6,0,0,6,6,4377,1,0,0,1,0
2020-05-19,US,Mississippi,Simpson,78,0,0,31.91282117,-89.91716179,28127.0,78,78,0,0,78,76,26758,0,0,0,0,2
2020-05-19,US,Mississippi,Smith,120,9,0,32.01744532,-89.50644846,28129.0,111,115,7,0,108,112,16002,5,2,0,3,3
2020-05-19,US,Mississippi,Stone,24,0,0,30.79187949,-89.11547539,28131.0,24,24,0,0,24,24,18717,0,0,0,0,0
2020-05-19,US,Mississippi,Sunflower,68,3,0,33.60192578,-90.58882684,28133.0,65,68,3,0,65,68,25735,0,0,0,0,0
2020-05-19,US,Mississippi,Tallahatchie,21,1,0,33.95339918,-90.1729398,28135.0,20,21,1,0,20,19,13987,0,0,0,0,2
2020-05-19,US,Mississippi,Tate,55,1,0,34.65133709,-89.94485778,28137.0,54,55,0,0,55,57,28759,0,1,0,-1,-2
2020-05-19,US,Mississippi,Tippah,69,11,0,34.76872156,-88.90988194,28139.0,58,69,11,0,58,69,21995,0,0,0,0,0
2020-05-19,US,Mississippi,Tishomingo,21,0,0,34.74023475,-88.23917219,28141.0,21,14,0,0,14,14,19454,7,0,0,7,0
2020-05-19,US,Mississippi,Tunica,45,2,0,34.64967704,-90.37481167,28143.0,43,44,2,0,42,44,9944,1,0,0,1,0
2020-05-19,US,Mississippi,Union,65,4,0,34.49162015,-89.00776006,28145.0,61,62,4,0,58,60,28606,3,0,0,3,2
2020-05-19,US,Mississippi,Walthall,44,0,0,31.14971548,-90.10446654,28147.0,44,46,0,0,46,46,14465,-2,0,0,-2,0
2020-05-19,US,Mississippi,Warren,135,5,0,32.35810271,-90.83352619,28149.0,130,133,4,0,129,133,46176,2,1,0,1,0
2020-05-19,US,Mississippi,Washington,128,4,0,33.28392041,-90.94196237,28151.0,124,123,4,0,119,115,45063,5,0,0,5,8
2020-05-19,US,Mississippi,Wayne,45,0,0,31.64135687,-88.69573913,28153.0,45,39,0,0,39,39,20298,6,0,0,6,0
2020-05-19,US,Mississippi,Webster,22,1,0,33.61300486,-89.28392912,28155.0,21,22,1,0,21,23,9788,0,0,0,0,-1
2020-05-19,US,Mississippi,Wilkinson,78,9,0,31.16078225,-91.31018819,28157.0,69,78,9,0,69,78,8792,0,0,0,0,0
2020-05-19,US,Mississippi,Winston,86,0,0,33.08747908,-89.03391385,28159.0,86,83,0,0,83,81,18165,3,0,0,3,2
2020-05-19,US,Mississippi,Yalobusha,75,2,0,34.02824175,-89.70762049999998,28161.0,73,73,0,0,73,71,12392,2,2,0,0,2
2020-05-19,US,Mississippi,Yazoo,192,2,0,32.77890365,-90.39656148,28163.0,190,190,2,0,188,188,28248,2,0,0,2,2
2020-05-19,US,Missouri,Adair,29,0,0,40.19058551,-92.60078167,29001.0,29,29,0,0,29,26,25339,0,0,0,0,3
2020-05-19,US,Missouri,Andrew,19,0,0,39.98492163,-94.80163024,29003.0,19,17,0,0,17,15,17607,2,0,0,2,2
2020-05-19,US,Missouri,Atchison,2,0,0,40.43238737,-95.42970639,29005.0,2,2,0,0,2,2,5171,0,0,0,0,0
2020-05-19,US,Missouri,Audrain,6,0,0,39.215877,-91.84242683,29007.0,6,2,0,0,2,2,25473,4,0,0,4,0
2020-05-19,US,Missouri,Barry,6,0,0,36.70978521,-93.82919888,29009.0,6,6,0,0,6,6,35886,0,0,0,0,0
2020-05-19,US,Missouri,Bates,7,1,0,38.25271289,-94.34113157,29013.0,6,7,1,0,6,7,16320,0,0,0,0,0
2020-05-19,US,Missouri,Benton,9,0,0,38.29503305,-93.28756116,29015.0,9,9,0,0,9,9,19278,0,0,0,0,0
2020-05-19,US,Missouri,Bollinger,4,0,0,37.32449052,-90.02725304,29017.0,4,4,0,0,4,4,12169,0,0,0,0,0
2020-05-19,US,Missouri,Boone,106,1,0,38.99186229,-92.30723575,29019.0,105,105,1,0,104,104,180005,1,0,0,1,1
2020-05-19,US,Missouri,Buchanan,543,2,0,39.65816401,-94.80138942,29021.0,541,520,2,0,518,506,88571,23,0,0,23,14
2020-05-19,US,Missouri,Butler,32,0,0,36.71462476,-90.40421163,29023.0,32,30,0,0,30,28,42639,2,0,0,2,2
2020-05-19,US,Missouri,Caldwell,4,0,0,39.65620858,-93.98308093,29025.0,4,4,0,0,4,3,9108,0,0,0,0,1
2020-05-19,US,Missouri,Callaway,23,1,0,38.83674754,-91.92186505,29027.0,22,23,1,0,22,23,44889,0,0,0,0,0
2020-05-19,US,Missouri,Camden,36,1,0,38.02199522,-92.76083747,29029.0,35,36,1,0,35,36,45815,0,0,0,0,0
2020-05-19,US,Missouri,Cape Girardeau,54,2,0,37.38489388,-89.6843587,29031.0,52,54,2,0,52,54,78753,0,0,0,0,0
2020-05-19,US,Missouri,Carroll,7,0,0,39.42762566,-93.50626255,29033.0,7,7,0,0,7,7,8743,0,0,0,0,0
2020-05-19,US,Missouri,Carter,4,1,0,36.94160441,-90.96051322,29035.0,3,3,1,0,2,3,6054,1,0,0,1,0
2020-05-19,US,Missouri,Cass,72,8,0,38.64789422,-94.353399,29037.0,64,72,8,0,64,72,104954,0,0,0,0,0
2020-05-19,US,Missouri,Cedar,9,0,0,37.72391475,-93.85445441,29039.0,9,9,0,0,9,9,14165,0,0,0,0,0
2020-05-19,US,Missouri,Chariton,6,0,0,39.51499357,-92.9629191,29041.0,6,6,0,0,6,6,7451,0,0,0,0,0
2020-05-19,US,Missouri,Christian,21,0,0,36.9711783,-93.18537118,29043.0,21,21,0,0,21,21,86983,0,0,0,0,0
2020-05-19,US,Missouri,Clark,1,0,0,40.41040752,-91.73661677,29045.0,1,1,0,0,1,1,6842,0,0,0,0,0
2020-05-19,US,Missouri,Clay,123,1,0,39.31132056,-94.41850862,29047.0,122,117,1,0,116,116,246365,6,0,0,6,1
2020-05-19,US,Missouri,Clinton,17,0,0,39.6013098,-94.40465394,29049.0,17,17,0,0,17,17,20470,0,0,0,0,0
2020-05-19,US,Missouri,Cole,56,1,0,38.50455671,-92.27860244,29051.0,55,56,1,0,55,56,76796,0,0,0,0,0
2020-05-19,US,Missouri,Cooper,9,0,0,38.844478,-92.80896081,29053.0,9,9,0,0,9,9,17603,0,0,0,0,0
2020-05-19,US,Missouri,Crawford,9,0,0,37.97663738,-91.30528104,29055.0,9,9,0,0,9,9,23957,0,0,0,0,0
2020-05-19,US,Missouri,Dallas,3,0,0,37.681135499999996,-93.02127031,29059.0,3,2,0,0,2,2,16762,1,0,0,1,0
2020-05-19,US,Missouri,Daviess,3,0,0,39.96145298,-93.98519678,29061.0,3,3,0,0,3,3,8313,0,0,0,0,0
2020-05-19,US,Missouri,DeKalb,4,0,0,39.89201062,-94.40476508,29063.0,4,4,0,0,4,4,12630,0,0,0,0,0
2020-05-19,US,Missouri,Dunklin,26,2,0,36.27167174,-90.09122243,29069.0,24,26,2,0,24,25,29423,0,0,0,0,1
2020-05-19,US,Missouri,Franklin,135,14,0,38.41127108,-91.07522826,29071.0,121,135,14,0,121,134,103670,0,0,0,0,1
2020-05-19,US,Missouri,Gasconade,2,0,0,38.43947277,-91.50847147,29073.0,2,2,0,0,2,2,14705,0,0,0,0,0
2020-05-19,US,Missouri,Gentry,3,0,0,40.21097916,-94.40944419,29075.0,3,3,0,0,3,3,6628,0,0,0,0,0
2020-05-19,US,Missouri,Greene,107,8,0,37.2575872,-93.34230916,29077.0,99,107,8,0,99,105,291923,0,0,0,0,2
2020-05-19,US,Missouri,Harrison,8,0,0,40.35570088,-93.99222144,29081.0,8,7,0,0,7,7,8414,1,0,0,1,0
2020-05-19,US,Missouri,Henry,9,1,0,38.38482826,-93.79293734,29083.0,8,9,1,0,8,9,21792,0,0,0,0,0
2020-05-19,US,Missouri,Holt,1,0,0,40.09799248,-95.21638879999999,29087.0,1,1,0,0,1,1,4404,0,0,0,0,0
2020-05-19,US,Missouri,Howard,3,0,0,39.1435761,-92.69756691,29089.0,3,3,0,0,3,3,10137,0,0,0,0,0
2020-05-19,US,Missouri,Howell,5,0,0,36.77383887,-91.88683935,29091.0,5,5,0,0,5,5,40076,0,0,0,0,0
2020-05-19,US,Missouri,Iron,2,0,0,37.55487945,-90.7735296,29093.0,2,2,0,0,2,2,10177,0,0,0,0,0
2020-05-19,US,Missouri,Jackson,457,16,0,39.01002188,-94.34724536,29095.0,441,454,16,0,438,446,700307,3,0,0,3,8
2020-05-19,US,Missouri,Jasper,29,0,0,37.20351921,-94.34050458,29097.0,29,29,0,0,29,29,120636,0,0,0,0,0
2020-05-19,US,Missouri,Jefferson,331,14,0,38.25926778,-90.53870896,29099.0,317,330,14,0,316,328,224347,1,0,0,1,2
2020-05-19,US,Missouri,Johnson,72,0,0,38.74719601,-93.80691168,29101.0,72,72,0,0,72,71,53652,0,0,0,0,1
2020-05-19,US,Missouri,Kansas City,902,21,0,39.0997,-94.5786,0.0,881,901,20,0,881,895,491918,1,1,0,0,6
2020-05-19,US,Missouri,Laclede,3,0,0,37.65896829,-92.5888493,29105.0,3,3,0,0,3,3,35713,0,0,0,0,0
2020-05-19,US,Missouri,Lafayette,68,3,0,39.06986886,-93.78076396,29107.0,65,68,3,0,65,68,32598,0,0,0,0,0
2020-05-19,US,Missouri,Lawrence,8,0,0,37.10626634,-93.83293097,29109.0,8,7,0,0,7,7,38359,1,0,0,1,0
2020-05-19,US,Missouri,Lewis,7,1,0,40.09673161,-91.72070156,29111.0,6,7,1,0,6,7,9855,0,0,0,0,0
2020-05-19,US,Missouri,Lincoln,105,1,0,39.05345619,-90.95588181,29113.0,104,105,1,0,104,105,57686,0,0,0,0,0
2020-05-19,US,Missouri,Linn,5,1,0,39.87001769,-93.10704106,29115.0,4,5,1,0,4,5,12037,0,0,0,0,0
2020-05-19,US,Missouri,Livingston,3,0,0,39.78110272,-93.54645978,29117.0,3,3,0,0,3,3,15146,0,0,0,0,0
2020-05-19,US,Missouri,Macon,2,0,0,39.83049768,-92.56453089,29121.0,2,2,0,0,2,2,15153,0,0,0,0,0
2020-05-19,US,Missouri,Madison,3,0,0,37.47865134,-90.34671429999999,29123.0,3,3,0,0,3,3,12188,0,0,0,0,0
2020-05-19,US,Missouri,Maries,2,0,0,38.16193985,-91.92249662,29125.0,2,2,0,0,2,2,8769,0,0,0,0,0
2020-05-19,US,Missouri,Marion,5,0,0,39.80601912,-91.62203062,29127.0,5,5,0,0,5,5,28592,0,0,0,0,0
2020-05-19,US,Missouri,McDonald,14,0,0,36.62869595,-94.34867205,29119.0,14,13,0,0,13,7,23078,1,0,0,1,6
2020-05-19,US,Missouri,Miller,4,0,0,38.21450288,-92.42610898,29131.0,4,4,0,0,4,4,25336,0,0,0,0,0
2020-05-19,US,Missouri,Mississippi,49,0,0,36.82516239,-89.29505753,29133.0,49,49,0,0,49,49,13336,0,0,0,0,0
2020-05-19,US,Missouri,Moniteau,44,0,0,38.63571781,-92.57976951,29135.0,44,44,0,0,44,44,16121,0,0,0,0,0
2020-05-19,US,Missouri,Montgomery,7,0,0,38.94022054,-91.47000721,29139.0,7,7,0,0,7,7,11534,0,0,0,0,0
2020-05-19,US,Missouri,Morgan,8,0,0,38.4181765,-92.88791859,29141.0,8,8,0,0,8,8,20358,0,0,0,0,0
2020-05-19,US,Missouri,New Madrid,14,0,0,36.59666326,-89.66070007,29143.0,14,14,0,0,14,14,17296,0,0,0,0,0
2020-05-19,US,Missouri,Newton,16,1,0,36.90519407,-94.3394104,29145.0,15,16,1,0,15,13,58266,0,0,0,0,3
2020-05-19,US,Missouri,Nodaway,6,0,0,40.36079813,-94.88133008,29147.0,6,5,0,0,5,5,22304,1,0,0,1,0
2020-05-19,US,Missouri,Oregon,2,0,0,36.68710164,-91.4033755,29149.0,2,2,0,0,2,2,10541,0,0,0,0,0
2020-05-19,US,Missouri,Osage,5,0,0,38.46036182,-91.8613635,29151.0,5,5,0,0,5,5,13714,0,0,0,0,0
2020-05-19,US,Missouri,Pemiscot,70,3,0,36.2130572,-89.78742322,29155.0,67,68,3,0,65,68,16272,2,0,0,2,0
2020-05-19,US,Missouri,Perry,47,0,0,37.70660776,-89.82741088,29157.0,47,47,0,0,47,46,19150,0,0,0,0,1
2020-05-19,US,Missouri,Pettis,70,1,0,38.72798918,-93.28471706,29159.0,69,69,1,0,68,69,42542,1,0,0,1,0
2020-05-19,US,Missouri,Phelps,3,0,0,37.87736118,-91.79351727,29161.0,3,2,0,0,2,2,44732,1,0,0,1,0
2020-05-19,US,Missouri,Pike,14,1,0,39.34310674,-91.16980779,29163.0,13,14,1,0,13,14,18504,0,0,0,0,0
2020-05-19,US,Missouri,Platte,58,0,0,39.38154439,-94.77068479,29165.0,58,54,0,0,54,54,102985,4,0,0,4,0
2020-05-19,US,Missouri,Polk,2,0,0,37.616229600000004,-93.39828174,29167.0,2,2,0,0,2,2,32201,0,0,0,0,0
2020-05-19,US,Missouri,Pulaski,33,1,0,37.82462075,-92.20783203,29169.0,32,33,1,0,32,35,52014,0,0,0,0,-2
2020-05-19,US,Missouri,Ralls,2,0,0,39.52817427,-91.51838643,29173.0,2,2,0,0,2,2,10212,0,0,0,0,0
2020-05-19,US,Missouri,Randolph,8,0,0,39.44007257,-92.49713740000001,29175.0,8,8,0,0,8,8,24763,0,0,0,0,0
2020-05-19,US,Missouri,Ray,14,0,0,39.353746799999996,-93.98905745,29177.0,14,14,0,0,14,13,22883,0,0,0,0,1
2020-05-19,US,Missouri,Reynolds,2,0,0,37.36085952,-90.97009925,29179.0,2,2,0,0,2,2,6254,0,0,0,0,0
2020-05-19,US,Missouri,Ripley,7,0,0,36.65460667,-90.85990261,29181.0,7,7,0,0,7,6,13401,0,0,0,0,1
2020-05-19,US,Missouri,Saline,257,2,0,39.13734288,-93.20259964,29195.0,255,251,2,0,249,251,22895,6,0,0,6,0
2020-05-19,US,Missouri,Scotland,4,0,0,40.45214695,-92.14709064,29199.0,4,4,0,0,4,4,4966,0,0,0,0,0
2020-05-19,US,Missouri,Scott,86,7,0,37.05588075,-89.56474493,29201.0,79,87,7,0,80,87,38458,-1,0,0,-1,0
2020-05-19,US,Missouri,Shelby,1,0,0,39.79742518,-92.07634971,29205.0,1,1,0,0,1,1,6050,0,0,0,0,0
2020-05-19,US,Missouri,St. Charles,712,53,0,38.77875681,-90.66662425,29183.0,659,704,53,0,651,695,399182,8,0,0,8,9
2020-05-19,US,Missouri,St. Clair,3,0,0,38.03699437,-93.77631447,29185.0,3,2,0,0,2,2,9395,1,0,0,1,0
2020-05-19,US,Missouri,St. Francois,33,2,0,37.81214171,-90.47598685,29187.0,31,33,2,0,31,33,66692,0,0,0,0,0
2020-05-19,US,Missouri,St. Louis,4374,347,0,38.63770039999999,-90.4458375,29189.0,4027,4324,336,0,3988,4287,996945,50,11,0,39,37
2020-05-19,US,Missouri,St. Louis City,1705,108,0,38.63555736,-90.24349225,29510.0,1597,1682,100,0,1582,1654,302838,23,8,0,15,28
2020-05-19,US,Missouri,Ste. Genevieve,8,1,0,37.89090059,-90.1949941,29186.0,7,8,1,0,7,8,17888,0,0,0,0,0
2020-05-19,US,Missouri,Stoddard,58,0,0,36.85571651,-89.9444155,29207.0,58,53,0,0,53,51,29206,5,0,0,5,2
2020-05-19,US,Missouri,Stone,4,0,0,36.75000327,-93.45256475,29209.0,4,4,0,0,4,3,31749,0,0,0,0,1
2020-05-19,US,Missouri,Sullivan,37,0,0,40.2099105,-93.11150106,29211.0,37,36,0,0,36,36,6221,1,0,0,1,0
2020-05-19,US,Missouri,Taney,12,2,0,36.65465345,-93.04075153,29213.0,10,12,2,0,10,12,55852,0,0,0,0,0
2020-05-19,US,Missouri,Vernon,5,0,0,37.8457799,-94.34127305,29217.0,5,5,0,0,5,5,20528,0,0,0,0,0
2020-05-19,US,Missouri,Warren,28,0,0,38.76529479,-91.16124662,29219.0,28,28,0,0,28,28,34711,0,0,0,0,0
2020-05-19,US,Missouri,Washington,9,1,0,37.96130078,-90.87948158,29221.0,8,9,1,0,8,9,24943,0,0,0,0,0
2020-05-19,US,Missouri,Webster,17,0,0,37.2813734,-92.876329,29225.0,17,17,0,0,17,16,39109,0,0,0,0,1
2020-05-19,US,Missouri,Worth,3,0,0,40.47945588,-94.42328751,29227.0,3,3,0,0,3,2,2040,0,0,0,0,1
2020-05-19,US,Missouri,Wright,11,0,0,37.27029221,-92.46914488,29229.0,11,10,0,0,10,10,18378,1,0,0,1,0
2020-05-19,US,Montana,Beaverhead,1,0,0,45.13434354,-112.89846940000001,30001.0,1,1,0,0,1,1,9404,0,0,0,0,0
2020-05-19,US,Montana,Big Horn,8,0,0,45.42335905,-107.492347,30003.0,8,8,0,0,8,8,13338,0,0,0,0,0
2020-05-19,US,Montana,Broadwater,4,0,0,46.33277565,-111.49558130000001,30007.0,4,4,0,0,4,4,6085,0,0,0,0,0
2020-05-19,US,Montana,Carbon,6,0,0,45.22850116,-109.0274047,30009.0,6,6,0,0,6,6,10714,0,0,0,0,0
2020-05-19,US,Montana,Cascade,17,2,0,47.30797024,-111.3467922,30013.0,15,17,2,0,15,17,81643,0,0,0,0,0
2020-05-19,US,Montana,Deer Lodge,3,0,0,46.05953325,-113.073353,30023.0,3,3,0,0,3,3,9131,0,0,0,0,0
2020-05-19,US,Montana,Flathead,37,2,0,48.29575866,-114.05205690000001,30029.0,35,37,2,0,35,37,102106,0,0,0,0,0
2020-05-19,US,Montana,Gallatin,149,1,0,45.54486106,-111.1692571,30031.0,148,149,1,0,148,149,111876,0,0,0,0,0
2020-05-19,US,Montana,Glacier,6,0,0,48.70513576,-112.9934235,30035.0,6,6,0,0,6,6,13747,0,0,0,0,0
2020-05-19,US,Montana,Golden Valley,3,0,0,46.3816474,-109.17685220000001,30037.0,3,3,0,0,3,3,826,0,0,0,0,0
2020-05-19,US,Montana,Hill,1,0,0,48.62879827,-110.1129252,30041.0,1,1,0,0,1,1,16347,0,0,0,0,0
2020-05-19,US,Montana,Jefferson,3,0,0,46.14907081,-112.094396,30043.0,3,3,0,0,3,3,12097,0,0,0,0,0
2020-05-19,US,Montana,Lake,5,0,0,47.64514965,-114.0898013,30047.0,5,5,0,0,5,5,30250,0,0,0,0,0
2020-05-19,US,Montana,Lewis and Clark,16,0,0,47.12610041,-112.39469799999999,30049.0,16,16,0,0,16,16,68700,0,0,0,0,0
2020-05-19,US,Montana,Liberty,1,0,0,48.56084317,-111.02430700000001,30051.0,1,1,0,0,1,1,2430,0,0,0,0,0
2020-05-19,US,Montana,Lincoln,7,1,0,48.54265777,-115.4046155,30053.0,6,7,1,0,6,7,19794,0,0,0,0,0
2020-05-19,US,Montana,Madison,8,1,0,45.30080065,-111.9173017,30057.0,7,8,1,0,7,8,8768,0,0,0,0,0
2020-05-19,US,Montana,Meagher,1,0,0,46.59907074,-110.8898557,30059.0,1,1,0,0,1,1,1866,0,0,0,0,0
2020-05-19,US,Montana,Missoula,39,1,0,47.03728583,-113.92135079999998,30063.0,38,39,1,0,38,39,118791,0,0,0,0,0
2020-05-19,US,Montana,Musselshell,1,0,0,46.49684637,-108.39498,30065.0,1,1,0,0,1,1,4651,0,0,0,0,0
2020-05-19,US,Montana,Park,8,0,0,45.48965095,-110.52643940000002,30067.0,8,8,0,0,8,8,16736,0,0,0,0,0
2020-05-19,US,Montana,Pondera,2,0,0,48.22773388,-112.22527029999999,30073.0,2,2,0,0,2,2,5972,0,0,0,0,0
2020-05-19,US,Montana,Ravalli,6,0,0,46.08520862,-114.11891640000002,30081.0,6,6,0,0,6,5,43172,0,0,0,0,1
2020-05-19,US,Montana,Richland,3,0,0,47.78668011,-104.5610786,30083.0,3,3,0,0,3,3,10913,0,0,0,0,0
2020-05-19,US,Montana,Roosevelt,7,0,0,48.29607488,-105.00792679999999,30085.0,7,7,0,0,7,7,11059,0,0,0,0,0
2020-05-19,US,Montana,Silver Bow,11,0,0,45.90018933,-112.6620092,30093.0,11,11,0,0,11,11,34993,0,0,0,0,0
2020-05-19,US,Montana,Stillwater,1,0,0,45.67071407,-109.3950061,30095.0,1,1,0,0,1,1,9534,0,0,0,0,0
2020-05-19,US,Montana,Toole,29,6,0,48.65577551,-111.69424140000001,30101.0,23,29,6,0,23,29,4853,0,0,0,0,0
2020-05-19,US,Montana,Wheatland,1,0,0,46.46652491,-109.84646359999999,30107.0,1,1,0,0,1,1,2236,0,0,0,0,0
2020-05-19,US,Montana,Yellowstone,87,2,0,45.93955949,-108.26914860000001,30111.0,85,86,2,0,84,85,160137,1,0,0,1,1
2020-05-19,US,Nebraska,Adams,255,3,0,40.52449420000001,-98.50117804,31001.0,252,252,3,0,249,252,31511,3,0,0,3,0
2020-05-19,US,Nebraska,Antelope,7,0,0,42.17695516,-98.06662829999999,31003.0,7,6,0,0,6,5,6336,1,0,0,1,1
2020-05-19,US,Nebraska,Boone,3,0,0,41.70759415,-98.06737183,31011.0,3,3,0,0,3,3,5239,0,0,0,0,0
2020-05-19,US,Nebraska,Box Butte,1,0,0,42.22079243,-103.08788340000001,31013.0,1,1,0,0,1,1,10772,0,0,0,0,0
2020-05-19,US,Nebraska,Buffalo,136,1,0,40.85486962,-99.07500296,31019.0,135,136,1,0,135,136,49615,0,0,0,0,0
2020-05-19,US,Nebraska,Burt,5,0,0,41.85056773,-96.32605633,31021.0,5,5,0,0,5,5,6488,0,0,0,0,0
2020-05-19,US,Nebraska,Butler,34,0,0,41.22703692,-97.13106306,31023.0,34,31,0,0,31,29,8058,3,0,0,3,2
2020-05-19,US,Nebraska,Cass,23,0,0,40.90899107,-96.13971217,31025.0,23,21,0,0,21,18,26159,2,0,0,2,3
2020-05-19,US,Nebraska,Cedar,6,0,0,42.598885100000004,-97.25311951,31027.0,6,6,0,0,6,6,8446,0,0,0,0,0
2020-05-19,US,Nebraska,Cherry,1,0,0,42.54502621,-101.1244332,31031.0,1,1,0,0,1,1,5761,0,0,0,0,0
2020-05-19,US,Nebraska,Cheyenne,9,0,0,41.21999357,-102.9941693,31033.0,9,9,0,0,9,9,9310,0,0,0,0,0
2020-05-19,US,Nebraska,Clay,19,0,0,40.52439441,-98.05126296,31035.0,19,18,0,0,18,18,6214,1,0,0,1,0
2020-05-19,US,Nebraska,Colfax,532,0,0,41.57486951,-97.0868542,31037.0,532,528,0,0,528,516,10881,4,0,0,4,12
2020-05-19,US,Nebraska,Cuming,17,0,0,41.91637624,-96.78730772,31039.0,17,17,0,0,17,17,8940,0,0,0,0,0
2020-05-19,US,Nebraska,Custer,29,3,0,41.39374521,-99.72805369,31041.0,26,29,3,0,26,29,10840,0,0,0,0,0
2020-05-19,US,Nebraska,Dakota,1476,3,0,42.39040144,-96.56656425,31043.0,1473,1476,3,0,1473,1458,20083,0,0,0,0,18
2020-05-19,US,Nebraska,Dawes,2,0,0,42.71985036,-103.1313774,31045.0,2,1,0,0,1,1,8716,1,0,0,1,0
2020-05-19,US,Nebraska,Dawson,811,0,0,40.87028216,-99.82014609999999,31047.0,811,811,0,0,811,805,23709,0,0,0,0,6
2020-05-19,US,Nebraska,Dixon,27,0,0,42.49188363,-96.86782408,31051.0,27,27,0,0,27,27,5709,0,0,0,0,0
2020-05-19,US,Nebraska,Dodge,274,0,0,41.58071748,-96.65598179,31053.0,274,266,0,0,266,242,36791,8,0,0,8,24
2020-05-19,US,Nebraska,Douglas,2583,14,0,41.29518299,-96.15085305,31055.0,2569,2446,14,0,2432,2362,566880,137,0,0,137,84
2020-05-19,US,Nebraska,Fillmore,4,0,0,40.52458567,-97.59646937,31059.0,4,4,0,0,4,4,5527,0,0,0,0,0
2020-05-19,US,Nebraska,Franklin,5,0,0,40.17636348,-98.95299073,31061.0,5,5,0,0,5,5,3023,0,0,0,0,0
2020-05-19,US,Nebraska,Frontier,1,0,0,40.52993007,-100.3924658,31063.0,1,1,0,0,1,1,2608,0,0,0,0,0
2020-05-19,US,Nebraska,Furnas,6,0,0,40.17642064,-99.91247454,31065.0,6,6,0,0,6,6,4715,0,0,0,0,0
2020-05-19,US,Nebraska,Gage,43,3,0,40.26186809,-96.68946704,31067.0,40,42,3,0,39,41,21493,1,0,0,1,1
2020-05-19,US,Nebraska,Gosper,13,0,0,40.51481965,-99.83020279,31073.0,13,13,0,0,13,13,1996,0,0,0,0,0
2020-05-19,US,Nebraska,Greeley,2,0,0,41.56742671,-98.52150266,31077.0,2,2,0,0,2,2,2356,0,0,0,0,0
2020-05-19,US,Nebraska,Hall,1435,28,0,40.87257079,-98.50218293,31079.0,1407,1433,28,0,1405,1430,61607,2,0,0,2,3
2020-05-19,US,Nebraska,Hamilton,52,7,0,40.87349452,-98.02099117,31081.0,45,51,7,0,44,50,9280,1,0,0,1,1
2020-05-19,US,Nebraska,Hitchcock,1,0,0,40.17609175,-101.04164770000001,31087.0,1,1,0,0,1,1,2806,0,0,0,0,0
2020-05-19,US,Nebraska,Holt,1,0,0,42.45522056,-98.78402558,31089.0,1,1,0,0,1,1,10178,0,0,0,0,0
2020-05-19,US,Nebraska,Howard,38,0,0,41.2200529,-98.5166499,31093.0,38,36,0,0,36,36,6468,2,0,0,2,0
2020-05-19,US,Nebraska,Jefferson,6,0,0,40.17584531,-97.142601,31095.0,6,6,0,0,6,6,7097,0,0,0,0,0
2020-05-19,US,Nebraska,Johnson,7,0,0,40.39257596,-96.26522753,31097.0,7,7,0,0,7,7,5134,0,0,0,0,0
2020-05-19,US,Nebraska,Kearney,11,0,0,40.50663314,-98.94877182,31099.0,11,11,0,0,11,11,6544,0,0,0,0,0
2020-05-19,US,Nebraska,Keith,2,0,0,41.19930341,-101.66201640000001,31101.0,2,2,0,0,2,2,8021,0,0,0,0,0
2020-05-19,US,Nebraska,Kimball,9,0,0,41.19774275,-103.7148131,31105.0,9,9,0,0,9,9,3618,0,0,0,0,0
2020-05-19,US,Nebraska,Knox,8,0,0,42.63758421,-97.89178836,31107.0,8,8,0,0,8,8,8419,0,0,0,0,0
2020-05-19,US,Nebraska,Lancaster,912,1,0,40.78416049,-96.68777155,31109.0,911,892,1,0,891,800,317272,20,0,0,20,92
2020-05-19,US,Nebraska,Lincoln,45,1,0,41.04658298,-100.74753740000001,31111.0,44,45,1,0,44,44,35185,0,0,0,0,1
2020-05-19,US,Nebraska,Madison,271,3,0,41.91676024,-97.6005481,31119.0,268,269,3,0,266,271,35392,2,0,0,2,-2
2020-05-19,US,Nebraska,Merrick,29,0,0,41.16624273,-98.0374887,31121.0,29,29,0,0,29,29,7733,0,0,0,0,0
2020-05-19,US,Nebraska,Morrill,10,0,0,41.71711774,-103.0061405,31123.0,10,10,0,0,10,10,4686,0,0,0,0,0
2020-05-19,US,Nebraska,Nance,4,0,0,41.39750195,-97.99327291,31125.0,4,4,0,0,4,4,3532,0,0,0,0,0
2020-05-19,US,Nebraska,Nemaha,3,0,0,40.38514847,-95.85433992,31127.0,3,3,0,0,3,2,6958,0,0,0,0,1
2020-05-19,US,Nebraska,Nuckolls,1,0,0,40.17637905,-98.04743961,31129.0,1,1,0,0,1,1,4195,0,0,0,0,0
2020-05-19,US,Nebraska,Otoe,6,0,0,40.64843556,-96.13374142,31131.0,6,6,0,0,6,6,15985,0,0,0,0,0
2020-05-19,US,Nebraska,Phelps,13,0,0,40.51156033,-99.41461667,31137.0,13,13,0,0,13,13,8996,0,0,0,0,0
2020-05-19,US,Nebraska,Pierce,1,0,0,42.26434853,-97.60122773,31139.0,1,1,0,0,1,1,7142,0,0,0,0,0
2020-05-19,US,Nebraska,Platte,481,0,0,41.57246836,-97.52144359,31141.0,481,462,0,0,462,451,33363,19,0,0,19,11
2020-05-19,US,Nebraska,Polk,9,0,0,41.18813488,-97.56630712,31143.0,9,9,0,0,9,9,5278,0,0,0,0,0
2020-05-19,US,Nebraska,Red Willow,5,0,0,40.17556879999999,-100.476998,31145.0,5,5,0,0,5,5,10726,0,0,0,0,0
2020-05-19,US,Nebraska,Richardson,1,0,0,40.1247415,-95.71755036,31147.0,1,1,0,0,1,1,7937,0,0,0,0,0
2020-05-19,US,Nebraska,Saline,436,0,0,40.52418865,-97.14085859,31151.0,436,432,0,0,432,413,14350,4,0,0,4,19
2020-05-19,US,Nebraska,Sarpy,366,1,0,41.11314181,-96.11156432,31153.0,365,349,1,0,348,342,184459,17,0,0,17,7
2020-05-19,US,Nebraska,Saunders,22,0,0,41.227810299999994,-96.63773905,31155.0,22,21,0,0,21,20,21303,1,0,0,1,1
2020-05-19,US,Nebraska,Scotts Bluff,54,0,0,41.85070896,-103.70809859999999,31157.0,54,54,0,0,54,54,35989,0,0,0,0,0
2020-05-19,US,Nebraska,Seward,26,1,0,40.87241834,-97.139673,31159.0,25,26,1,0,25,25,17318,0,0,0,0,1
2020-05-19,US,Nebraska,Sherman,2,0,0,41.22045983,-98.97588642,31163.0,2,2,0,0,2,2,3038,0,0,0,0,0
2020-05-19,US,Nebraska,Stanton,15,0,0,41.9169835,-97.19394708,31167.0,15,15,0,0,15,15,5970,0,0,0,0,0
2020-05-19,US,Nebraska,Thomas,1,0,0,41.91358968,-100.5556632,31171.0,1,1,0,0,1,1,720,0,0,0,0,0
2020-05-19,US,Nebraska,Thurston,19,0,0,42.15725356,-96.54157099,31173.0,19,19,0,0,19,19,7303,0,0,0,0,0
2020-05-19,US,Nebraska,Unassigned,162,53,0,0.0,0.0,90031.0,109,162,53,0,109,0,,0,0,0,0,162
2020-05-19,US,Nebraska,Valley,3,0,0,41.56730777,-98.98197724,31175.0,3,3,0,0,3,3,4190,0,0,0,0,0
2020-05-19,US,Nebraska,Washington,24,1,0,41.52815707,-96.22019892,31177.0,23,24,1,0,23,24,20667,0,0,0,0,0
2020-05-19,US,Nebraska,Wayne,4,0,0,42.20934475,-97.11926964,31179.0,4,4,0,0,4,4,9403,0,0,0,0,0
2020-05-19,US,Nebraska,Webster,5,0,0,40.17642643,-98.50019851,31181.0,5,5,0,0,5,5,3533,0,0,0,0,0
2020-05-19,US,Nebraska,York,30,0,0,40.87272618,-97.59710186,31185.0,30,30,0,0,30,30,13772,0,0,0,0,0
2020-05-19,US,Nevada,Carson City,75,3,0,39.15509045,-119.7480219,32510.0,72,71,3,0,68,71,55414,4,0,0,4,0
2020-05-19,US,Nevada,Churchill,6,0,0,39.58105744,-118.3394607,32001.0,6,5,0,0,5,5,24440,1,0,0,1,0
2020-05-19,US,Nevada,Clark,5463,296,0,36.21458855,-115.0130241,32003.0,5167,5463,296,0,5167,5366,2231647,0,0,0,0,97
2020-05-19,US,Nevada,Douglas,25,0,0,38.912862,-119.61713329999999,32005.0,25,25,0,0,25,25,48467,0,0,0,0,0
2020-05-19,US,Nevada,Elko,21,1,0,41.14531606,-115.3577619,32007.0,20,21,1,0,20,20,52460,0,0,0,0,1
2020-05-19,US,Nevada,Humboldt,74,3,0,41.40692186,-118.11094270000001,32013.0,71,74,3,0,71,71,16786,0,0,0,0,3
2020-05-19,US,Nevada,Lander,19,0,0,39.933223299999995,-117.03970749999999,32015.0,19,19,0,0,19,19,5575,0,0,0,0,0
2020-05-19,US,Nevada,Lincoln,2,0,0,37.64268459,-114.8790388,32017.0,2,2,0,0,2,2,5201,0,0,0,0,0
2020-05-19,US,Nevada,Lyon,49,0,0,39.01777974,-119.18704790000001,32019.0,49,48,0,0,48,47,55808,1,0,0,1,1
2020-05-19,US,Nevada,Mineral,4,0,0,38.53841696,-118.4344506,32021.0,4,4,0,0,4,4,4514,0,0,0,0,0
2020-05-19,US,Nevada,Nye,58,1,0,38.04264256,-116.47227020000001,32023.0,57,58,1,0,57,58,45346,0,0,0,0,0
2020-05-19,US,Nevada,Storey,1,0,0,39.44875482,-119.5250207,32029.0,1,1,1,0,0,1,4029,0,-1,0,1,0
2020-05-19,US,Nevada,Unassigned,0,6,0,0.0,0.0,90032.0,-6,0,5,0,-5,0,,0,1,0,-1,0
2020-05-19,US,Nevada,Washoe,1295,48,0,40.66562265,-119.6631594,32031.0,1247,1266,48,0,1218,1256,465735,29,0,0,29,10
2020-05-19,US,Nevada,White Pine,4,0,0,39.44157041,-114.89996599999999,32033.0,4,4,0,0,4,4,9475,0,0,0,0,0
2020-05-19,US,New Hampshire,Belknap,53,0,0,43.51637314,-71.41684235,33001.0,53,53,0,0,53,53,61022,0,0,0,0,0
2020-05-19,US,New Hampshire,Carroll,44,0,0,43.87498583,-71.20430216,33003.0,44,44,0,0,44,44,48779,0,0,0,0,0
2020-05-19,US,New Hampshire,Cheshire,49,2,0,42.92015988,-72.25311043,33005.0,47,48,2,0,46,47,76493,1,0,0,1,1
2020-05-19,US,New Hampshire,Coos,4,0,0,44.69063265,-71.30633239,33007.0,4,4,0,0,4,4,31589,0,0,0,0,0
2020-05-19,US,New Hampshire,Grafton,63,1,0,43.93779815,-71.82057197,33009.0,62,62,1,0,61,61,89786,1,0,0,1,1
2020-05-19,US,New Hampshire,Hillsborough,1820,54,0,42.91537785,-71.7200253,33011.0,1766,1764,54,0,1710,1747,415247,56,0,0,56,17
2020-05-19,US,New Hampshire,Merrimack,283,10,0,43.29662971,-71.6811573,33013.0,273,282,10,0,272,278,151132,1,0,0,1,4
2020-05-19,US,New Hampshire,Rockingham,1138,53,0,42.98499744,-71.12883377,33015.0,1085,1113,53,0,1060,1104,309176,25,0,0,25,9
2020-05-19,US,New Hampshire,Strafford,240,11,0,43.291833000000004,-71.02336013,33017.0,229,234,11,0,223,232,130090,6,0,0,6,2
2020-05-19,US,New Hampshire,Sullivan,16,1,0,43.36094111,-72.22203125,33019.0,15,16,1,0,15,16,43144,0,0,0,0,0
2020-05-19,US,New Hampshire,Unassigned,11,40,0,0.0,0.0,90033.0,-29,32,40,0,-8,10,,-21,0,0,-21,22
2020-05-19,US,New Jersey,Atlantic,1838,121,0,39.47538693,-74.65848483,34001.0,1717,1807,112,0,1695,1758,265429,31,9,0,22,49
2020-05-19,US,New Jersey,Bergen,17522,1474,0,40.96010917,-74.07164325,34003.0,16048,17459,1460,0,15999,17361,936692,63,14,0,49,98
2020-05-19,US,New Jersey,Burlington,4000,247,0,39.87681124,-74.66927768,34005.0,3753,3986,245,0,3741,3937,445384,14,2,0,12,49
2020-05-19,US,New Jersey,Camden,5644,279,0,39.80343818,-74.96388753,34007.0,5365,5573,275,0,5298,5455,507078,71,4,0,67,118
2020-05-19,US,New Jersey,Cape May,518,42,0,39.15008829,-74.80170244,34009.0,476,506,41,0,465,503,92560,12,1,0,11,3
2020-05-19,US,New Jersey,Cumberland,1759,56,0,39.37199394,-75.10712559,34011.0,1703,1679,53,0,1626,1608,150972,80,3,0,77,71
2020-05-19,US,New Jersey,Essex,16747,1566,0,40.78681335,-74.24657979,34013.0,15181,16712,1550,0,15162,16204,799767,35,16,0,19,508
2020-05-19,US,New Jersey,Gloucester,1935,125,0,39.71581067,-75.13995546,34015.0,1810,1907,117,0,1790,1832,291408,28,8,0,20,75
2020-05-19,US,New Jersey,Hudson,18679,1082,0,40.73766234,-74.07515667,34017.0,17597,18498,1068,0,17430,18498,676061,181,14,0,167,0
2020-05-19,US,New Jersey,Hunterdon,885,53,0,40.56335249,-74.91284156,34019.0,832,846,52,0,794,808,124714,39,1,0,38,38
2020-05-19,US,New Jersey,Mercer,6018,422,0,40.28047017,-74.70479631,34021.0,5596,5950,408,0,5542,5825,369811,68,14,0,54,125
2020-05-19,US,New Jersey,Middlesex,14834,903,0,40.43629879,-74.41426991,34023.0,13931,14752,888,0,13864,14668,829685,82,15,0,67,84
2020-05-19,US,New Jersey,Monmouth,7470,520,0,40.26549699,-74.22240686,34025.0,6950,7408,513,0,6895,7339,621354,62,7,0,55,69
2020-05-19,US,New Jersey,Morris,6100,572,0,40.86095313,-74.54553709999998,34027.0,5528,6092,569,0,5523,6036,494228,8,3,0,5,56
2020-05-19,US,New Jersey,Ocean,8067,643,0,39.8895449,-74.28089251,34029.0,7424,7994,633,0,7361,7913,601651,73,10,0,63,81
2020-05-19,US,New Jersey,Passaic,15371,842,0,41.03238628,-74.29954144,34031.0,14529,15278,839,0,14439,15205,503310,93,3,0,90,73
2020-05-19,US,New Jersey,Salem,470,21,0,39.58719656,-75.34696629999998,34033.0,449,465,20,0,445,459,62607,5,1,0,4,6
2020-05-19,US,New Jersey,Somerset,4312,382,0,40.56465737,-74.61683016,34035.0,3930,4278,375,0,3903,4255,331164,34,7,0,27,23
2020-05-19,US,New Jersey,Sussex,1065,139,0,41.13891592,-74.69118243,34037.0,926,1061,138,0,923,1060,140799,4,1,0,3,1
2020-05-19,US,New Jersey,Union,15031,977,0,40.65835409,-74.30680092,34039.0,14054,14903,962,0,13941,14702,558067,128,15,0,113,201
2020-05-19,US,New Jersey,Warren,1091,121,0,40.85951833,-74.99556527,34041.0,970,1086,121,0,965,1078,105779,5,0,0,5,8
2020-05-19,US,New Mexico,Bernalillo,1225,59,0,35.05163625,-106.6703554,35001.0,1166,1218,59,0,1159,1210,678701,7,0,0,7,8
2020-05-19,US,New Mexico,Catron,2,1,0,33.91514144,-108.4046587,35003.0,1,2,1,0,1,2,3578,0,0,0,0,0
2020-05-19,US,New Mexico,Chaves,31,2,0,33.36406072,-104.4665365,35005.0,29,31,2,0,29,30,64689,0,0,0,0,1
2020-05-19,US,New Mexico,Cibola,108,4,0,34.91131525,-107.998876,35006.0,104,103,4,0,99,102,26746,5,0,0,5,1
2020-05-19,US,New Mexico,Colfax,5,0,0,36.60569702,-104.64726740000002,35007.0,5,5,0,0,5,5,12110,0,0,0,0,0
2020-05-19,US,New Mexico,Curry,43,0,0,34.57421077,-103.34688759999999,35009.0,43,41,0,0,41,41,49437,2,0,0,2,0
2020-05-19,US,New Mexico,Dona Ana,319,2,0,32.35275771,-106.83293870000001,35013.0,317,309,2,0,307,294,217522,10,0,0,10,15
2020-05-19,US,New Mexico,Eddy,17,1,0,32.47167456,-104.3053527,35015.0,16,17,1,0,16,17,57900,0,0,0,0,0
2020-05-19,US,New Mexico,Grant,16,0,0,32.73911281,-108.3827845,35017.0,16,16,0,0,16,16,27346,0,0,0,0,0
2020-05-19,US,New Mexico,Guadalupe,19,0,0,34.86319296,-104.790669,35019.0,19,19,0,0,19,19,4341,0,0,0,0,0
2020-05-19,US,New Mexico,Harding,1,0,0,35.85751555,-103.82209379999999,35021.0,1,1,0,0,1,1,655,0,0,0,0,0
2020-05-19,US,New Mexico,Hidalgo,1,0,0,31.91383467,-108.7151824,35023.0,1,1,0,0,1,,4240,0,0,0,0,
2020-05-19,US,New Mexico,Lea,18,0,0,32.79215361,-103.4123733,35025.0,18,18,0,0,18,16,69611,0,0,0,0,2
2020-05-19,US,New Mexico,Lincoln,3,0,0,33.74526079,-105.4586166,35027.0,3,3,0,0,3,3,19556,0,0,0,0,0
2020-05-19,US,New Mexico,Los Alamos,6,0,0,35.86631386,-106.31349850000001,35028.0,6,6,0,0,6,6,19101,0,0,0,0,0
2020-05-19,US,New Mexico,Luna,8,1,0,32.18179341,-107.75088259999998,35029.0,7,8,1,0,7,8,23963,0,0,0,0,0
2020-05-19,US,New Mexico,McKinley,1987,79,0,35.58007720000001,-108.262245,35031.0,1908,1953,78,0,1875,1888,72290,34,1,0,33,65
2020-05-19,US,New Mexico,Otero,8,1,0,32.61348406,-105.7417604,35035.0,7,8,1,0,7,8,66781,0,0,0,0,0
2020-05-19,US,New Mexico,Quay,5,1,0,35.10403332,-103.54817270000001,35037.0,4,5,1,0,4,5,8253,0,0,0,0,0
2020-05-19,US,New Mexico,Rio Arriba,33,0,0,36.51072137,-106.69316740000001,35039.0,33,33,0,0,33,31,39006,0,0,0,0,2
2020-05-19,US,New Mexico,Roosevelt,27,0,0,34.02097406,-103.4799493,35041.0,27,27,0,0,27,26,18743,0,0,0,0,1
2020-05-19,US,New Mexico,San Juan,1408,92,0,36.50838318,-108.32043700000001,35045.0,1316,1376,87,0,1289,1344,125043,32,5,0,27,32
2020-05-19,US,New Mexico,San Miguel,10,0,0,35.48014807,-104.8163562,35047.0,10,10,0,0,10,10,27591,0,0,0,0,0
2020-05-19,US,New Mexico,Sandoval,498,24,0,35.68862401,-106.86878030000001,35043.0,474,495,24,0,471,493,145179,3,0,0,3,2
2020-05-19,US,New Mexico,Santa Fe,126,3,0,35.50708973,-105.9774716,35049.0,123,124,3,0,121,123,150056,2,0,0,2,1
2020-05-19,US,New Mexico,Sierra,1,0,0,33.13028233,-107.1925893,35051.0,1,1,0,0,1,1,10968,0,0,0,0,0
2020-05-19,US,New Mexico,Socorro,49,4,0,34.00715494,-106.9298354,35053.0,45,49,4,0,45,49,16735,0,0,0,0,0
2020-05-19,US,New Mexico,Taos,22,0,0,36.58006022,-105.63101979999999,35055.0,22,23,0,0,23,22,32835,-1,0,0,-1,1
2020-05-19,US,New Mexico,Torrance,19,1,0,34.64048375,-105.8508949,35057.0,18,18,1,0,17,18,15591,1,0,0,1,0
2020-05-19,US,New Mexico,Unassigned,106,0,0,0.0,0.0,90035.0,106,105,0,0,105,81,,1,0,0,1,24
2020-05-19,US,New Mexico,Union,3,0,0,36.48126404,-103.4709624,35059.0,3,3,0,0,3,3,4118,0,0,0,0,0
2020-05-19,US,New Mexico,Valencia,68,1,0,34.71669834,-106.8103733,35061.0,67,68,1,0,67,66,76456,0,0,0,0,2
2020-05-19,US,New York,Albany,1655,69,0,42.60060306,-73.97723916,36001.0,1586,1610,68,0,1542,1579,307117,45,1,0,44,31
2020-05-19,US,New York,Allegany,44,0,0,42.25748406,-78.02750466,36003.0,44,44,0,0,44,44,46430,0,0,0,0,0
2020-05-19,US,New York,Broome,429,30,0,42.15903158,-75.81326086,36007.0,399,423,28,0,395,414,191659,6,2,0,4,9
2020-05-19,US,New York,Cattaraugus,69,0,0,42.24778241,-78.67923096,36009.0,69,67,0,0,67,65,76840,2,0,0,2,2
2020-05-19,US,New York,Cayuga,68,1,0,42.91261714,-76.55731592,36011.0,67,65,1,0,64,63,77145,3,0,0,3,2
2020-05-19,US,New York,Chautauqua,49,4,0,42.22769210000001,-79.36691763,36013.0,45,49,4,0,45,48,127939,0,0,0,0,1
2020-05-19,US,New York,Chemung,134,1,0,42.13891056,-76.7638805,36015.0,133,134,1,0,133,134,84254,0,0,0,0,0
2020-05-19,US,New York,Chenango,118,0,0,42.49430041,-75.60887553,36017.0,118,118,0,0,118,117,47536,0,0,0,0,1
2020-05-19,US,New York,Clinton,94,4,0,44.74530905,-73.67875352,36019.0,90,94,4,0,90,92,80695,0,0,0,0,2
2020-05-19,US,New York,Columbia,350,28,0,42.24819348,-73.63089095,36021.0,322,346,26,0,320,340,59916,4,2,0,2,6
2020-05-19,US,New York,Cortland,36,0,0,42.59509207,-76.07048931,36023.0,36,35,0,0,35,34,47823,1,0,0,1,1
2020-05-19,US,New York,Delaware,69,4,0,42.19837623,-74.96709306,36025.0,65,69,4,0,65,69,44527,0,0,0,0,0
2020-05-19,US,New York,Dutchess,3710,126,0,41.76486060000001,-73.74356679,36027.0,3584,3552,120,0,3432,3543,293718,158,6,0,152,9
2020-05-19,US,New York,Erie,5037,449,0,42.76249024,-78.73063652,36029.0,4588,4993,420,0,4573,4954,919719,44,29,0,15,39
2020-05-19,US,New York,Essex,34,0,0,44.11630765,-73.77297842,36031.0,34,33,0,0,33,33,37300,1,0,0,1,0
2020-05-19,US,New York,Franklin,18,0,0,44.59040891,-74.29926032,36033.0,18,18,0,0,18,18,50293,0,0,0,0,0
2020-05-19,US,New York,Fulton,182,15,0,43.11363907,-74.41798804,36035.0,167,182,14,0,168,171,53591,0,1,0,-1,11
2020-05-19,US,New York,Genesee,182,4,0,43.0022601,-78.19135193,36037.0,178,180,4,0,176,180,57511,2,0,0,2,0
2020-05-19,US,New York,Greene,214,17,0,42.275797,-74.12384884,36039.0,197,213,14,0,199,212,47491,1,3,0,-2,1
2020-05-19,US,New York,Hamilton,5,0,0,43.66146647,-74.49721957,36041.0,5,5,0,0,5,5,4434,0,0,0,0,0
2020-05-19,US,New York,Herkimer,92,3,0,43.42034246,-74.96145307,36043.0,89,92,3,0,89,91,61833,0,0,0,0,1
2020-05-19,US,New York,Jefferson,71,0,0,44.04200959,-75.94653457,36045.0,71,71,0,0,71,71,111755,0,0,0,0,0
2020-05-19,US,New York,Lewis,18,0,0,43.784415700000004,-75.44903992,36049.0,18,17,0,0,17,16,26447,1,0,0,1,1
2020-05-19,US,New York,Livingston,111,7,0,42.72596275,-77.77966158,36051.0,104,110,7,0,103,110,63227,1,0,0,1,0
2020-05-19,US,New York,Madison,260,8,0,42.91653905,-75.67266639,36053.0,252,258,8,0,250,258,70795,2,0,0,2,0
2020-05-19,US,New York,Monroe,2376,174,0,43.14638895,-77.69322942,36055.0,2202,2303,167,0,2136,2258,742474,73,7,0,66,45
2020-05-19,US,New York,Montgomery,75,4,0,42.90123494,-74.44011632,36057.0,71,75,1,0,74,75,49455,0,3,0,-3,0
2020-05-19,US,New York,Nassau,39295,2060,0,40.74066522,-73.58941873,36059.0,37235,39225,2053,0,37172,39136,1358343,70,7,0,63,89
2020-05-19,US,New York,New York City,193821,20887,0,40.76727260000001,-73.97152637,36061.0,172934,193230,20806,0,172424,192593,1628701,591,81,0,510,637
2020-05-19,US,New York,Niagara,845,52,0,43.19898042,-78.74777412,36063.0,793,818,50,0,768,792,210433,27,2,0,25,26
2020-05-19,US,New York,Oneida,785,35,0,43.24375382,-75.43710392,36065.0,750,772,31,0,741,760,229577,13,4,0,9,12
2020-05-19,US,New York,Onondaga,1665,103,0,43.00491923,-76.19971155,36067.0,1562,1520,90,0,1430,1501,461809,145,13,0,132,19
2020-05-19,US,New York,Ontario,152,9,0,42.85145728,-77.30874425,36069.0,143,148,9,0,139,146,109864,4,0,0,4,2
2020-05-19,US,New York,Orange,9988,419,0,41.40337468,-74.30240757,36071.0,9569,9965,408,0,9557,9943,381951,23,11,0,12,22
2020-05-19,US,New York,Orleans,168,23,0,43.2516977,-78.2320066,36073.0,145,167,21,0,146,167,40612,1,2,0,-1,0
2020-05-19,US,New York,Oswego,89,3,0,43.42778894,-76.14635194,36075.0,86,84,3,0,81,84,117898,5,0,0,5,0
2020-05-19,US,New York,Otsego,67,5,0,42.63492579,-75.03151402,36077.0,62,67,4,0,63,67,59749,0,1,0,-1,0
2020-05-19,US,New York,Putnam,1159,58,0,41.42630093,-73.74965532,36079.0,1101,1141,57,0,1084,1136,98892,18,1,0,17,5
2020-05-19,US,New York,Rensselaer,444,25,0,42.71348136,-73.51089874,36083.0,419,444,23,0,421,439,159442,0,2,0,-2,5
2020-05-19,US,New York,Rockland,12798,611,0,41.15027894,-74.02560498,36087.0,12187,12777,602,0,12175,12758,325695,21,9,0,12,19
2020-05-19,US,New York,Saratoga,436,11,0,43.10904162,-73.86653895,36091.0,425,434,11,0,423,428,230163,2,0,0,2,6
2020-05-19,US,New York,Schenectady,631,28,0,42.81668777,-74.05278291,36093.0,603,629,28,0,601,620,155350,2,0,0,2,9
2020-05-19,US,New York,Schoharie,48,0,0,42.58831742,-74.44339029999998,36095.0,48,48,0,0,48,47,31097,0,0,0,0,1
2020-05-19,US,New York,Schuyler,10,0,0,42.39184015,-76.8773299,36097.0,10,10,0,0,10,9,17912,0,0,0,0,1
2020-05-19,US,New York,Seneca,51,0,0,42.78081007,-76.82497064,36099.0,51,51,0,0,51,51,34300,0,0,0,0,0
2020-05-19,US,New York,St. Lawrence,192,2,0,44.4976179,-75.06550039,36089.0,190,192,2,0,190,192,108047,0,0,0,0,0
2020-05-19,US,New York,Steuben,236,41,0,42.2689144,-77.3829924,36101.0,195,235,39,0,196,234,95796,1,2,0,-1,1
2020-05-19,US,New York,Suffolk,38327,1772,0,40.88320119,-72.8012172,36103.0,36555,38224,1754,0,36470,38117,1481093,103,18,0,85,107
2020-05-19,US,New York,Sullivan,1258,28,0,41.71579493,-74.76394559,36105.0,1230,1246,25,0,1221,1231,75498,12,3,0,9,15
2020-05-19,US,New York,Tioga,113,20,0,42.16852837,-76.30835812,36107.0,93,113,20,0,93,113,48560,0,0,0,0,0
2020-05-19,US,New York,Tompkins,142,0,0,42.44945765,-76.47229843,36109.0,142,141,0,0,141,139,102793,1,0,0,1,2
2020-05-19,US,New York,Ulster,1565,69,0,41.89027881,-74.26252104,36111.0,1496,1557,64,0,1493,1552,178599,8,5,0,3,5
2020-05-19,US,New York,Warren,235,26,0,43.56173026,-73.8433699,36113.0,209,234,26,0,208,232,64265,1,0,0,1,2
2020-05-19,US,New York,Washington,220,13,0,43.31153794,-73.43043448,36115.0,207,219,13,0,206,219,61197,1,0,0,1,0
2020-05-19,US,New York,Wayne,98,3,0,43.15494365,-77.02976528,36117.0,95,97,2,0,95,96,90064,1,1,0,0,1
2020-05-19,US,New York,Westchester,32402,1298,0,41.16278376,-73.75741653,36119.0,31104,32323,1295,0,31028,32224,967612,79,3,0,76,99
2020-05-19,US,New York,Wyoming,79,5,0,42.70145109,-78.22199579,36121.0,74,79,5,0,74,78,40085,0,0,0,0,1
2020-05-19,US,New York,Yates,26,4,0,42.63505484,-77.10369919,36123.0,22,25,4,0,21,23,24841,1,0,0,1,2
2020-05-19,US,North Carolina,Alamance,224,13,0,36.0434701,-79.39976137,37001.0,211,224,13,0,211,217,166436,0,0,0,0,7
2020-05-19,US,North Carolina,Alexander,21,0,0,35.922379600000006,-81.17751948,37003.0,21,21,0,0,21,21,37353,0,0,0,0,0
2020-05-19,US,North Carolina,Alleghany,12,0,0,36.49360862,-81.12857041,37005.0,12,12,0,0,12,11,11161,0,0,0,0,1
2020-05-19,US,North Carolina,Anson,50,0,0,34.97403241,-80.09953279,37007.0,50,50,0,0,50,49,24877,0,0,0,0,1
2020-05-19,US,North Carolina,Ashe,28,0,0,36.43296207,-81.49862729,37009.0,28,28,0,0,28,27,27109,0,0,0,0,1
2020-05-19,US,North Carolina,Avery,1,0,0,36.07569796,-81.92308483,37011.0,1,,,,,,17505,,,,,
2020-05-19,US,North Carolina,Beaufort,30,0,0,35.48531943,-76.84325809,37013.0,30,30,0,0,30,30,47079,0,0,0,0,0
2020-05-19,US,North Carolina,Bertie,89,3,0,36.0688473,-76.96545943,37015.0,86,89,3,0,86,87,19026,0,0,0,0,2
2020-05-19,US,North Carolina,Bladen,73,2,0,34.61296243,-78.56180059,37017.0,71,73,2,0,71,71,33190,0,0,0,0,2
2020-05-19,US,North Carolina,Brunswick,58,2,0,34.070565,-78.22814204,37019.0,56,58,2,0,56,55,136744,0,0,0,0,3
2020-05-19,US,North Carolina,Buncombe,176,4,0,35.61113393,-82.53305,37021.0,172,176,4,0,172,168,259103,0,0,0,0,8
2020-05-19,US,North Carolina,Burke,198,14,0,35.74989637,-81.70755735,37023.0,184,198,14,0,184,195,90382,0,0,0,0,3
2020-05-19,US,North Carolina,Cabarrus,385,21,0,35.3877799,-80.55267168,37025.0,364,385,21,0,364,380,211342,0,0,0,0,5
2020-05-19,US,North Carolina,Caldwell,86,2,0,35.95204977,-81.54799522,37027.0,84,86,2,0,84,83,82029,0,0,0,0,3
2020-05-19,US,North Carolina,Camden,2,0,0,36.33804939,-76.15568396,37029.0,2,2,0,0,2,2,10710,0,0,0,0,0
2020-05-19,US,North Carolina,Carteret,36,3,0,34.8932941,-76.54120135,37031.0,33,36,3,0,33,36,69524,0,0,0,0,0
2020-05-19,US,North Carolina,Caswell,44,1,0,36.39312665,-79.33353281,37033.0,43,44,1,0,43,43,22698,0,0,0,0,1
2020-05-19,US,North Carolina,Catawba,111,2,0,35.66211129,-81.2132617,37035.0,109,111,2,0,109,100,158652,0,0,0,0,11
2020-05-19,US,North Carolina,Chatham,512,24,0,35.70394416,-79.25541492,37037.0,488,512,24,0,488,507,73139,0,0,0,0,5
2020-05-19,US,North Carolina,Cherokee,27,1,0,35.1349263,-84.05970864,37039.0,26,27,1,0,26,27,28383,0,0,0,0,0
2020-05-19,US,North Carolina,Chowan,15,0,0,36.12908077,-76.60118385,37041.0,15,15,0,0,15,14,14029,0,0,0,0,1
2020-05-19,US,North Carolina,Clay,8,0,0,35.05704275,-83.74353633,37043.0,8,8,0,0,8,8,11139,0,0,0,0,0
2020-05-19,US,North Carolina,Cleveland,55,2,0,35.33553364,-81.55204486,37045.0,53,55,2,0,53,54,97645,0,0,0,0,1
2020-05-19,US,North Carolina,Columbus,250,20,0,34.26744084,-78.65801424,37047.0,230,250,20,0,230,241,55655,0,0,0,0,9
2020-05-19,US,North Carolina,Craven,129,4,0,35.11833364,-77.08398081,37049.0,125,129,4,0,125,125,102912,0,0,0,0,4
2020-05-19,US,North Carolina,Cumberland,471,12,0,35.04762133,-78.82623165,37051.0,459,471,12,0,459,468,332330,0,0,0,0,3
2020-05-19,US,North Carolina,Currituck,11,0,0,36.36123664,-75.95876401,37053.0,11,11,0,0,11,11,27072,0,0,0,0,0
2020-05-19,US,North Carolina,Dare,22,1,0,35.66520691,-75.71767334,37055.0,21,22,1,0,21,21,36501,0,0,0,0,1
2020-05-19,US,North Carolina,Davidson,293,10,0,35.79115496,-80.21256572,37057.0,283,293,10,0,283,288,166614,0,0,0,0,5
2020-05-19,US,North Carolina,Davie,46,2,0,35.93099927,-80.54496571,37059.0,44,46,2,0,44,46,42733,0,0,0,0,0
2020-05-19,US,North Carolina,Duplin,438,11,0,34.93449805,-77.93140529,37061.0,427,438,11,0,427,388,58856,0,0,0,0,50
2020-05-19,US,North Carolina,Durham,1040,39,0,36.03638492,-78.87608331,37063.0,1001,1009,39,0,970,1000,316739,31,0,0,31,9
2020-05-19,US,North Carolina,Edgecombe,171,9,0,35.91230639,-77.59436892,37065.0,162,171,9,0,162,170,52005,0,0,0,0,1
2020-05-19,US,North Carolina,Forsyth,698,7,0,36.12859861,-80.25459052,37067.0,691,698,7,0,691,651,379099,0,0,0,0,47
2020-05-19,US,North Carolina,Franklin,124,22,0,36.081519,-78.28708884,37069.0,102,124,22,0,102,122,67560,0,0,0,0,2
2020-05-19,US,North Carolina,Gaston,208,6,0,35.29373559,-81.17477045,37071.0,202,208,6,0,202,203,222846,0,0,0,0,5
2020-05-19,US,North Carolina,Gates,14,0,0,36.44667547,-76.69749701,37073.0,14,14,0,0,14,14,11573,0,0,0,0,0
2020-05-19,US,North Carolina,Graham,2,0,0,35.3506925,-83.83369267,37075.0,2,2,0,0,2,2,8484,0,0,0,0,0
2020-05-19,US,North Carolina,Granville,201,6,0,36.30337451,-78.65184241,37077.0,195,201,6,0,195,196,60115,0,0,0,0,5
2020-05-19,US,North Carolina,Greene,51,1,0,35.48544173,-77.67578087,37079.0,50,51,1,0,50,45,21012,0,0,0,0,6
2020-05-19,US,North Carolina,Guilford,872,47,0,36.07959451,-79.78824948,37081.0,825,872,47,0,825,846,533670,0,0,0,0,26
2020-05-19,US,North Carolina,Halifax,113,1,0,36.25669272,-77.6556109,37083.0,112,113,1,0,112,107,50574,0,0,0,0,6
2020-05-19,US,North Carolina,Harnett,247,17,0,35.36731853,-78.87243571,37085.0,230,247,17,0,230,246,134214,0,0,0,0,1
2020-05-19,US,North Carolina,Haywood,26,0,0,35.55269063,-82.98196486,37087.0,26,26,0,0,26,25,61971,0,0,0,0,1
2020-05-19,US,North Carolina,Henderson,288,38,0,35.33788927,-82.4766782,37089.0,250,288,38,0,250,283,116748,0,0,0,0,5
2020-05-19,US,North Carolina,Hertford,53,1,0,36.3607755,-76.98104134,37091.0,52,53,1,0,52,52,23659,0,0,0,0,1
2020-05-19,US,North Carolina,Hoke,152,0,0,35.01888303,-79.23651674,37093.0,152,152,0,0,152,149,54764,0,0,0,0,3
2020-05-19,US,North Carolina,Hyde,1,0,0,35.42017674,-76.15180542,37095.0,1,1,0,0,1,1,5230,0,0,0,0,0
2020-05-19,US,North Carolina,Iredell,192,6,0,35.80950511,-80.8743128,37097.0,186,192,6,0,186,188,178435,0,0,0,0,4
2020-05-19,US,North Carolina,Jackson,24,1,0,35.28814273,-83.14093385,37099.0,23,24,1,0,23,24,43327,0,0,0,0,0
2020-05-19,US,North Carolina,Johnston,259,19,0,35.51745004,-78.36622717,37101.0,240,259,19,0,240,247,202675,0,0,0,0,12
2020-05-19,US,North Carolina,Jones,23,3,0,35.02254606,-77.35870791,37103.0,20,23,3,0,20,21,9637,0,0,0,0,2
2020-05-19,US,North Carolina,Lee,322,3,0,35.47623147,-79.17569362,37105.0,319,322,3,0,319,317,61452,0,0,0,0,5
2020-05-19,US,North Carolina,Lenoir,158,5,0,35.24032589999999,-77.64245615,37107.0,153,158,5,0,153,153,55976,0,0,0,0,5
2020-05-19,US,North Carolina,Lincoln,48,0,0,35.48508185,-81.21740317,37109.0,48,48,0,0,48,48,83770,0,0,0,0,0
2020-05-19,US,North Carolina,Macon,5,1,0,35.14867843,-83.41696617,37113.0,4,5,1,0,4,4,35285,0,0,0,0,1
2020-05-19,US,North Carolina,Madison,2,0,0,35.85402722,-82.71346418,37115.0,2,2,0,0,2,2,21763,0,0,0,0,0
2020-05-19,US,North Carolina,Martin,36,4,0,35.84326734,-77.10860251,37117.0,32,36,4,0,32,35,22671,0,0,0,0,1
2020-05-19,US,North Carolina,McDowell,32,1,0,35.67736232,-82.0482425,37111.0,31,32,1,0,31,30,45507,0,0,0,0,2
2020-05-19,US,North Carolina,Mecklenburg,2652,64,0,35.24469268,-80.8317671,37119.0,2588,2652,64,0,2588,2591,1093901,0,0,0,0,61
2020-05-19,US,North Carolina,Mitchell,8,0,0,36.01059309,-82.1582442,37121.0,8,8,0,0,8,8,15000,0,0,0,0,0
2020-05-19,US,North Carolina,Montgomery,57,3,0,35.33155144,-79.90416657,37123.0,54,57,3,0,54,56,27271,0,0,0,0,1
2020-05-19,US,North Carolina,Moore,167,10,0,35.30885257,-79.48474178,37125.0,157,167,10,0,157,164,98682,0,0,0,0,3
2020-05-19,US,North Carolina,Nash,153,3,0,35.96575634,-77.98422508,37127.0,150,153,3,0,150,149,94016,0,0,0,0,4
2020-05-19,US,North Carolina,New Hanover,140,3,0,34.25758282,-77.87075626,37129.0,137,140,3,0,137,127,232274,0,0,0,0,13
2020-05-19,US,North Carolina,Northampton,130,10,0,36.41736238,-77.39769443,37131.0,120,130,10,0,120,129,19676,0,0,0,0,1
2020-05-19,US,North Carolina,Onslow,75,2,0,34.72607366,-77.42908179,37133.0,73,75,2,0,73,71,197683,0,0,0,0,4
2020-05-19,US,North Carolina,Orange,277,36,0,36.06092947,-79.12167935,37135.0,241,277,36,0,241,275,146027,0,0,0,0,2
2020-05-19,US,North Carolina,Pamlico,9,0,0,35.15253315,-76.66559823,37137.0,9,9,0,0,9,8,12670,0,0,0,0,1
2020-05-19,US,North Carolina,Pasquotank,88,9,0,36.26723798,-76.25134778,37139.0,79,88,9,0,79,88,39639,0,0,0,0,0
2020-05-19,US,North Carolina,Pender,49,1,0,34.52265624,-77.90352133,37141.0,48,49,1,0,48,45,62162,0,0,0,0,4
2020-05-19,US,North Carolina,Perquimans,23,2,0,36.17847453,-76.40603143,37143.0,21,23,2,0,21,23,13422,0,0,0,0,0
2020-05-19,US,North Carolina,Person,33,1,0,36.38989032,-78.97217358,37145.0,32,33,1,0,32,32,39507,0,0,0,0,1
2020-05-19,US,North Carolina,Pitt,213,2,0,35.59535426,-77.37353178,37147.0,211,213,2,0,211,207,179914,0,0,0,0,6
2020-05-19,US,North Carolina,Polk,32,3,0,35.27820615,-82.16812354,37149.0,29,32,3,0,29,32,20611,0,0,0,0,0
2020-05-19,US,North Carolina,Randolph,461,6,0,35.71015088,-79.80570339,37151.0,455,461,6,0,455,455,143351,0,0,0,0,6
2020-05-19,US,North Carolina,Richmond,115,2,0,35.00417719,-79.74491009,37153.0,113,115,2,0,113,112,44887,0,0,0,0,3
2020-05-19,US,North Carolina,Robeson,531,12,0,34.64244496,-79.10250529999998,37155.0,519,531,12,0,519,531,131831,0,0,0,0,0
2020-05-19,US,North Carolina,Rockingham,46,2,0,36.39593137,-79.77504841,37157.0,44,46,2,0,44,46,90690,0,0,0,0,0
2020-05-19,US,North Carolina,Rowan,540,27,0,35.64003916,-80.52446628,37159.0,513,540,27,0,513,526,141262,0,0,0,0,14
2020-05-19,US,North Carolina,Rutherford,153,7,0,35.40114178,-81.92112099,37161.0,146,153,7,0,146,153,66826,0,0,0,0,0
2020-05-19,US,North Carolina,Sampson,259,1,0,34.98820368,-78.36914061,37163.0,258,259,1,0,258,244,63626,0,0,0,0,15
2020-05-19,US,North Carolina,Scotland,53,0,0,34.8386299,-79.4757978,37165.0,53,53,0,0,53,52,34810,0,0,0,0,1
2020-05-19,US,North Carolina,Stanly,32,4,0,35.31647813,-80.25093221,37167.0,28,32,4,0,28,32,62075,0,0,0,0,0
2020-05-19,US,North Carolina,Stokes,36,0,0,36.4017975,-80.23893369,37169.0,36,36,0,0,36,30,45467,0,0,0,0,6
2020-05-19,US,North Carolina,Surry,95,1,0,36.41689489,-80.69102283,37171.0,94,95,1,0,94,89,71948,0,0,0,0,6
2020-05-19,US,North Carolina,Swain,6,0,0,35.48665845,-83.48748932,37173.0,6,6,0,0,6,6,14245,0,0,0,0,0
2020-05-19,US,North Carolina,Transylvania,7,0,0,35.20383864,-82.79638423,37175.0,7,7,0,0,7,7,34215,0,0,0,0,0
2020-05-19,US,North Carolina,Tyrrell,4,0,0,35.87147226,-76.17055253,37177.0,4,4,0,0,4,4,4131,0,0,0,0,0
2020-05-19,US,North Carolina,Union,358,17,0,34.98960527,-80.52955873,37179.0,341,358,17,0,341,352,235908,0,0,0,0,6
2020-05-19,US,North Carolina,Vance,195,17,0,36.36880673,-78.40670845,37181.0,178,195,17,0,178,195,44582,0,0,0,0,0
2020-05-19,US,North Carolina,Wake,1253,28,0,35.78879266,-78.65249174,37183.0,1225,1253,28,0,1225,1212,1092305,0,0,0,0,41
2020-05-19,US,North Carolina,Warren,29,0,0,36.39728256,-78.10652228,37185.0,29,29,0,0,29,29,19807,0,0,0,0,0
2020-05-19,US,North Carolina,Washington,26,3,0,35.83810081,-76.57299037,37187.0,23,26,3,0,23,26,11859,0,0,0,0,0
2020-05-19,US,North Carolina,Watauga,11,0,0,36.23103603,-81.70033724,37189.0,11,11,0,0,11,9,55945,0,0,0,0,2
2020-05-19,US,North Carolina,Wayne,867,15,0,35.36438125,-78.00027268,37191.0,852,867,15,0,852,832,123248,0,0,0,0,35
2020-05-19,US,North Carolina,Wilkes,425,1,0,36.2084135,-81.16232895,37193.0,424,425,1,0,424,423,68557,0,0,0,0,2
2020-05-19,US,North Carolina,Wilson,249,9,0,35.70625477,-77.917978,37195.0,240,249,9,0,240,238,81455,0,0,0,0,11
2020-05-19,US,North Carolina,Yadkin,109,1,0,36.16222629,-80.66239436,37197.0,108,109,1,0,108,103,37543,0,0,0,0,6
2020-05-19,US,North Carolina,Yancey,10,0,0,35.90079156,-82.31237181,37199.0,10,10,0,0,10,8,17903,0,0,0,0,2
2020-05-19,US,North Dakota,Barnes,4,0,0,46.93579637,-98.06605978,38003.0,4,4,0,0,4,4,10542,0,0,0,0,0
2020-05-19,US,North Dakota,Benson,1,0,0,48.0683985,-99.35916363,38005.0,1,1,0,0,1,1,6962,0,0,0,0,0
2020-05-19,US,North Dakota,Bottineau,1,0,0,48.79106111,-100.8378166,38009.0,1,,,,,,6411,,,,,
2020-05-19,US,North Dakota,Bowman,1,0,0,46.11285362,-103.5203343,38011.0,1,1,0,0,1,1,3076,0,0,0,0,0
2020-05-19,US,North Dakota,Burke,5,0,0,48.79094471,-102.51821170000001,38013.0,5,5,0,0,5,5,2100,0,0,0,0,0
2020-05-19,US,North Dakota,Burleigh,117,0,0,46.97847375,-100.46452140000001,38015.0,117,116,0,0,116,113,95273,1,0,0,1,3
2020-05-19,US,North Dakota,Cass,1229,28,0,46.93201724,-97.24447190000001,38017.0,1201,1173,27,0,1146,1147,181516,56,1,0,55,26
2020-05-19,US,North Dakota,Divide,1,0,0,48.814938700000006,-103.48736109999999,38023.0,1,1,0,0,1,1,2283,0,0,0,0,0
2020-05-19,US,North Dakota,Dunn,12,0,0,47.35423935,-102.61604679999999,38025.0,12,11,0,0,11,11,4332,1,0,0,1,0
2020-05-19,US,North Dakota,Eddy,2,0,0,47.71701474,-98.90432337,38027.0,2,2,0,0,2,2,2313,0,0,0,0,0
2020-05-19,US,North Dakota,Emmons,1,1,0,46.28398398,-100.2389766,38029.0,0,1,1,0,0,1,3295,0,0,0,0,0
2020-05-19,US,North Dakota,Foster,1,0,0,47.457108399999996,-98.88279923,38031.0,1,1,0,0,1,1,3216,0,0,0,0,0
2020-05-19,US,North Dakota,Grand Forks,317,3,0,47.92093639,-97.45450447,38035.0,314,317,3,0,314,317,70770,0,0,0,0,0
2020-05-19,US,North Dakota,Grant,2,0,0,46.35821257,-101.63900129999999,38037.0,2,2,0,0,2,2,2374,0,0,0,0,0
2020-05-19,US,North Dakota,McHenry,2,1,0,48.23104458,-100.6324822,38049.0,1,2,1,0,1,2,5816,0,0,0,0,0
2020-05-19,US,North Dakota,McIntosh,1,0,0,46.11182017,-99.44145858,38051.0,1,1,0,0,1,1,2585,0,0,0,0,0
2020-05-19,US,North Dakota,McKenzie,16,0,0,47.74133370000001,-103.395905,38053.0,16,15,0,0,15,15,13632,1,0,0,1,0
2020-05-19,US,North Dakota,McLean,7,0,0,47.60766714,-101.3182418,38055.0,7,6,0,0,6,6,9541,1,0,0,1,0
2020-05-19,US,North Dakota,Mercer,4,0,0,47.31213126,-101.8318399,38057.0,4,4,0,0,4,4,8267,0,0,0,0,0
2020-05-19,US,North Dakota,Morton,40,2,0,46.71681782,-101.2822377,38059.0,38,40,2,0,38,40,31095,0,0,0,0,0
2020-05-19,US,North Dakota,Mountrail,39,0,0,48.20197971,-102.3555315,38061.0,39,42,0,0,42,42,10218,-3,0,0,-3,0
2020-05-19,US,North Dakota,Nelson,1,0,0,47.9226426,-98.19038437,38063.0,1,1,0,0,1,1,2869,0,0,0,0,0
2020-05-19,US,North Dakota,Oliver,1,0,0,47.11530482,-101.3406158,38065.0,1,1,0,0,1,1,1952,0,0,0,0,0
2020-05-19,US,North Dakota,Pembina,6,0,0,48.76623521,-97.5523809,38067.0,6,6,0,0,6,6,6947,0,0,0,0,0
2020-05-19,US,North Dakota,Pierce,3,0,0,48.24977025,-99.96407787,38069.0,3,3,0,0,3,3,4081,0,0,0,0,0
2020-05-19,US,North Dakota,Ramsey,8,1,0,48.26886249,-98.72223879,38071.0,7,7,1,0,6,7,11481,1,0,0,1,0
2020-05-19,US,North Dakota,Ransom,7,0,0,46.45621782,-97.65742504,38073.0,7,5,0,0,5,4,5237,2,0,0,2,1
2020-05-19,US,North Dakota,Renville,1,0,0,48.71982533,-101.6603912,38075.0,1,1,0,0,1,1,2374,0,0,0,0,0
2020-05-19,US,North Dakota,Richland,11,0,0,46.26440649,-96.94852979,38077.0,11,9,0,0,9,9,16239,2,0,0,2,0
2020-05-19,US,North Dakota,Rolette,4,0,0,48.77245354,-99.84097493,38079.0,4,4,0,0,4,4,14301,0,0,0,0,0
2020-05-19,US,North Dakota,Sargent,3,0,0,46.10830372,-97.63217159,38081.0,3,3,0,0,3,3,3870,0,0,0,0,0
2020-05-19,US,North Dakota,Sioux,2,0,0,46.11323337,-101.04401490000001,38085.0,2,2,0,0,2,1,4358,0,0,0,0,1
2020-05-19,US,North Dakota,Slope,3,0,0,46.44737738,-103.4601547,38087.0,3,3,0,0,3,3,763,0,0,0,0,0
2020-05-19,US,North Dakota,Stark,61,2,0,46.80851182,-102.65763259999999,38089.0,59,61,2,0,59,61,30997,0,0,0,0,0
2020-05-19,US,North Dakota,Steele,1,0,0,47.45611548,-97.72728747,38091.0,1,1,0,0,1,1,1903,0,0,0,0,0
2020-05-19,US,North Dakota,Stutsman,16,0,0,46.97962541,-98.95637318,38093.0,16,16,0,0,16,16,20917,0,0,0,0,0
2020-05-19,US,North Dakota,Traill,2,0,0,47.45367788,-97.16323288,38097.0,2,2,0,0,2,2,8037,0,0,0,0,0
2020-05-19,US,North Dakota,Unassigned,0,6,0,0.0,0.0,90038.0,-6,0,6,0,-6,0,,0,0,0,0,0
2020-05-19,US,North Dakota,Walsh,10,0,0,48.36876964,-97.72574783,38099.0,10,10,0,0,10,10,10667,0,0,0,0,0
2020-05-19,US,North Dakota,Ward,28,1,0,48.22390169,-101.54367629999999,38101.0,27,28,1,0,27,28,67744,0,0,0,0,0
2020-05-19,US,North Dakota,Wells,2,0,0,47.58614526,-99.65904998,38103.0,2,2,0,0,2,2,3957,0,0,0,0,0
2020-05-19,US,North Dakota,Williams,21,0,0,48.34522353,-103.4793387,38105.0,21,21,0,0,21,21,35350,0,0,0,0,0
2020-05-19,US,Ohio,Adams,8,1,0,38.84541072,-83.4718964,39001.0,7,8,1,0,7,8,27724,0,0,0,0,0
2020-05-19,US,Ohio,Allen,171,30,0,40.77285242,-84.10802343,39003.0,141,168,30,0,138,167,102663,3,0,0,3,1
2020-05-19,US,Ohio,Ashland,15,0,0,40.84772277,-82.27280781,39005.0,15,15,0,0,15,15,53745,0,0,0,0,0
2020-05-19,US,Ohio,Ashtabula,244,26,0,41.70860332,-80.74830218,39007.0,218,232,26,0,206,232,97493,12,0,0,12,0
2020-05-19,US,Ohio,Athens,13,1,0,39.33425634,-82.04278644,39009.0,12,9,1,0,8,8,65818,4,0,0,4,1
2020-05-19,US,Ohio,Auglaize,55,3,0,40.55998859,-84.22421429999999,39011.0,52,55,3,0,52,54,45804,0,0,0,0,1
2020-05-19,US,Ohio,Belmont,343,9,0,40.01625942,-80.9924051,39013.0,334,341,8,0,333,328,67505,2,1,0,1,13
2020-05-19,US,Ohio,Brown,23,1,0,38.93416837,-83.86788395,39015.0,22,23,1,0,22,22,43602,0,0,0,0,1
2020-05-19,US,Ohio,Butler,639,17,0,39.44012838,-84.57388716,39017.0,622,610,16,0,594,591,382378,29,1,0,28,19
2020-05-19,US,Ohio,Carroll,26,2,0,40.578968599999996,-81.09178213,39019.0,24,26,2,0,24,25,27081,0,0,0,0,1
2020-05-19,US,Ohio,Champaign,23,1,0,40.13923427,-83.76875242,39021.0,22,23,1,0,22,23,38754,0,0,0,0,0
2020-05-19,US,Ohio,Clark,155,4,0,39.91592258,-83.78498252,39023.0,151,148,3,0,145,139,134585,7,1,0,6,9
2020-05-19,US,Ohio,Clermont,156,5,0,39.04847534,-84.15375786,39025.0,151,152,5,0,147,152,205466,4,0,0,4,0
2020-05-19,US,Ohio,Clinton,41,0,0,39.41485808,-83.80852286,39027.0,41,40,0,0,40,39,42057,1,0,0,1,1
2020-05-19,US,Ohio,Columbiana,453,45,0,40.76932373,-80.78094576,39029.0,408,434,43,0,391,420,102665,19,2,0,17,14
2020-05-19,US,Ohio,Coshocton,21,0,0,40.30096166,-81.91729018,39031.0,21,20,0,0,20,19,36629,1,0,0,1,1
2020-05-19,US,Ohio,Crawford,98,2,0,40.85065156,-82.91989099,39033.0,96,97,2,0,95,94,41550,1,0,0,1,3
2020-05-19,US,Ohio,Cuyahoga,3463,183,0,41.424119,-81.65918339,39035.0,3280,3410,175,0,3235,3321,1243857,53,8,0,45,89
2020-05-19,US,Ohio,Darke,126,16,0,40.13412966,-84.6194517,39037.0,110,121,16,0,105,118,51323,5,0,0,5,3
2020-05-19,US,Ohio,Defiance,28,1,0,41.32398837,-84.49076944,39039.0,27,27,1,0,26,25,38165,1,0,0,1,2
2020-05-19,US,Ohio,Delaware,266,9,0,40.27942393,-83.00457058,39041.0,257,263,9,0,254,258,204826,3,0,0,3,5
2020-05-19,US,Ohio,Erie,124,3,0,41.36796058,-82.62904521,39043.0,121,121,3,0,118,102,74615,3,0,0,3,19
2020-05-19,US,Ohio,Fairfield,215,3,0,39.75107189,-82.63088163,39045.0,212,208,3,0,205,205,155782,7,0,0,7,3
2020-05-19,US,Ohio,Fayette,31,0,0,39.56021306,-83.4562016,39047.0,31,32,0,0,32,31,28666,-1,0,0,-1,1
2020-05-19,US,Ohio,Franklin,4706,193,0,39.96995815,-83.01115755,39049.0,4513,4574,177,0,4397,4493,1310300,132,16,0,116,81
2020-05-19,US,Ohio,Fulton,35,0,0,41.60213491,-84.12571393,39051.0,35,35,0,0,35,34,42276,0,0,0,0,1
2020-05-19,US,Ohio,Gallia,7,1,0,38.82708533,-82.31647569,39053.0,6,7,1,0,6,7,29979,0,0,0,0,0
2020-05-19,US,Ohio,Geauga,226,26,0,41.49952319,-81.17935342,39055.0,200,221,24,0,197,220,94031,5,2,0,3,1
2020-05-19,US,Ohio,Greene,78,5,0,39.69116283,-83.89032084,39057.0,73,78,5,0,73,75,167995,0,0,0,0,3
2020-05-19,US,Ohio,Guernsey,26,0,0,40.05026529,-81.49248905,39059.0,26,25,0,0,25,24,39022,1,0,0,1,1
2020-05-19,US,Ohio,Hamilton,2138,117,0,39.19673558,-84.54502924,39061.0,2021,2082,112,0,1970,2047,816684,56,5,0,51,35
2020-05-19,US,Ohio,Hancock,46,1,0,41.00250487,-83.66838948,39063.0,45,46,1,0,45,45,75930,0,0,0,0,1
2020-05-19,US,Ohio,Hardin,30,0,0,40.66015414,-83.65929931,39065.0,30,30,0,0,30,30,31480,0,0,0,0,0
2020-05-19,US,Ohio,Harrison,10,0,0,40.29380509,-81.09068544,39067.0,10,9,0,0,9,9,15174,1,0,0,1,0
2020-05-19,US,Ohio,Henry,12,0,0,41.333964200000004,-84.06830637,39069.0,12,10,0,0,10,10,27086,2,0,0,2,0
2020-05-19,US,Ohio,Highland,15,1,0,39.1839264,-83.60331456,39071.0,14,15,1,0,14,16,43058,0,0,0,0,-1
2020-05-19,US,Ohio,Hocking,61,2,0,39.49537927,-82.47991446,39073.0,59,61,2,0,59,61,28385,0,0,0,0,0
2020-05-19,US,Ohio,Holmes,13,1,0,40.56163713,-81.92635677,39075.0,12,13,1,0,12,11,43892,0,0,0,0,2
2020-05-19,US,Ohio,Huron,43,1,0,41.14651175,-82.59867951,39077.0,42,42,1,0,41,41,58504,1,0,0,1,1
2020-05-19,US,Ohio,Jackson,11,0,0,39.01914254,-82.61818559999998,39079.0,11,11,0,0,11,11,32384,0,0,0,0,0
2020-05-19,US,Ohio,Jefferson,61,2,0,40.38614126,-80.76259514,39081.0,59,61,2,0,59,61,65767,0,0,0,0,0
2020-05-19,US,Ohio,Knox,23,1,0,40.39830217,-82.42027563,39083.0,22,22,1,0,21,22,61893,1,0,0,1,0
2020-05-19,US,Ohio,Lake,231,9,0,41.69710807,-81.23676539,39085.0,222,226,9,0,217,224,230514,5,0,0,5,2
2020-05-19,US,Ohio,Lawrence,27,0,0,38.59743452,-82.53466552,39087.0,27,27,0,0,27,27,59866,0,0,0,0,0
2020-05-19,US,Ohio,Licking,190,9,0,40.09136236,-82.48185785,39089.0,181,190,8,0,182,185,175769,0,1,0,-1,5
2020-05-19,US,Ohio,Logan,24,0,0,40.38996525,-83.76784341,39091.0,24,24,0,0,24,23,45358,0,0,0,0,1
2020-05-19,US,Ohio,Lorain,610,58,0,41.29553751,-82.15083537,39093.0,552,605,57,0,548,595,309461,5,1,0,4,10
2020-05-19,US,Ohio,Lucas,1999,209,0,41.62101218,-83.65468618,39095.0,1790,1986,207,0,1779,1960,429899,13,2,0,11,26
2020-05-19,US,Ohio,Madison,100,6,0,39.89381073,-83.40178317,39097.0,94,99,5,0,94,98,44413,1,1,0,0,1
2020-05-19,US,Ohio,Mahoning,1247,156,0,41.01631101,-80.77287029,39099.0,1091,1226,148,0,1078,1212,229642,21,8,0,13,14
2020-05-19,US,Ohio,Marion,2524,15,0,40.58610662,-83.15736305,39101.0,2509,2513,15,0,2498,2500,65256,11,0,0,11,13
2020-05-19,US,Ohio,Medina,229,18,0,41.11770589,-81.89986209999998,39103.0,211,224,18,0,206,216,179146,5,0,0,5,8
2020-05-19,US,Ohio,Meigs,3,0,0,39.09224872,-82.0305041,39105.0,3,3,0,0,3,3,23106,0,0,0,0,0
2020-05-19,US,Ohio,Mercer,148,2,0,40.54043046,-84.62912742,39107.0,146,141,2,0,139,133,40959,7,0,0,7,8
2020-05-19,US,Ohio,Miami,332,30,0,40.0543329,-84.22871271,39109.0,302,332,30,0,302,332,106222,0,0,0,0,0
2020-05-19,US,Ohio,Monroe,56,4,0,39.72984936,-81.08464734,39111.0,52,56,2,0,54,55,13790,0,2,0,-2,1
2020-05-19,US,Ohio,Montgomery,531,13,0,39.75394919,-84.29050975,39113.0,518,520,13,0,507,504,532331,11,0,0,11,16
2020-05-19,US,Ohio,Morgan,5,0,0,39.62081738,-81.85308173,39115.0,5,5,0,0,5,5,14604,0,0,0,0,0
2020-05-19,US,Ohio,Morrow,101,1,0,40.52363560000001,-82.7892599,39117.0,100,98,1,0,97,97,35112,3,0,0,3,1
2020-05-19,US,Ohio,Muskingum,38,0,0,39.96575964,-81.94363275,39119.0,38,36,0,0,36,35,86183,2,0,0,2,1
2020-05-19,US,Ohio,Noble,5,0,0,39.76818851,-81.45937183,39121.0,5,5,0,0,5,5,14354,0,0,0,0,0
2020-05-19,US,Ohio,Ottawa,64,3,0,41.53781826,-83.0940185,39123.0,61,66,3,0,63,65,40769,-2,0,0,-2,1
2020-05-19,US,Ohio,Paulding,11,0,0,41.11676341,-84.5801017,39125.0,11,11,0,0,11,11,18760,0,0,0,0,0
2020-05-19,US,Ohio,Perry,16,1,0,39.73508655,-82.23804971,39127.0,15,15,1,0,14,15,36033,1,0,0,1,0
2020-05-19,US,Ohio,Pickaway,2025,31,0,39.64170392,-83.0243386,39129.0,1994,2021,25,0,1996,2018,58086,4,6,0,-2,3
2020-05-19,US,Ohio,Pike,6,0,0,39.07634001,-83.06769584,39131.0,6,5,0,0,5,5,28067,1,0,0,1,0
2020-05-19,US,Ohio,Portage,297,53,0,41.16793482,-81.19735782,39133.0,244,296,53,0,243,292,162927,1,0,0,1,4
2020-05-19,US,Ohio,Preble,30,1,0,39.7420247,-84.64787018,39135.0,29,30,1,0,29,29,40997,0,0,0,0,1
2020-05-19,US,Ohio,Putnam,84,13,0,41.02094889,-84.1336111,39137.0,71,84,13,0,71,82,33780,0,0,0,0,2
2020-05-19,US,Ohio,Richland,165,2,0,40.77180308,-82.53799609999999,39139.0,163,161,2,0,159,159,121099,4,0,0,4,2
2020-05-19,US,Ohio,Ross,59,1,0,39.33705391,-83.06000914,39141.0,58,58,1,0,57,58,76931,1,0,0,1,0
2020-05-19,US,Ohio,Sandusky,62,9,0,41.35624126,-83.137872,39143.0,53,57,9,0,48,56,58799,5,0,0,5,1
2020-05-19,US,Ohio,Scioto,14,0,0,38.80270163,-82.98907345,39145.0,14,14,0,0,14,14,75502,0,0,0,0,0
2020-05-19,US,Ohio,Seneca,15,2,0,41.12351311,-83.12783209,39147.0,13,15,2,0,13,15,55207,0,0,0,0,0
2020-05-19,US,Ohio,Shelby,34,2,0,40.33163494,-84.20258189,39149.0,32,34,1,0,33,34,48627,0,1,0,-1,0
2020-05-19,US,Ohio,Stark,610,79,0,40.81482476,-81.36437305,39151.0,531,595,77,0,518,558,371574,15,2,0,13,37
2020-05-19,US,Ohio,Summit,1042,113,0,41.12464734,-81.53123079,39153.0,929,1028,112,0,916,1004,541918,14,1,0,13,24
2020-05-19,US,Ohio,Trumbull,469,39,0,41.31735028,-80.76109643,39155.0,430,461,39,0,422,450,198627,8,0,0,8,11
2020-05-19,US,Ohio,Tuscarawas,272,1,0,40.44214695,-81.47226262,39157.0,271,269,1,0,268,264,92176,3,0,0,3,5
2020-05-19,US,Ohio,Union,36,0,0,40.30016061,-83.37239023,39159.0,36,37,0,0,37,35,57835,-1,0,0,-1,2
2020-05-19,US,Ohio,Van Wert,5,0,0,40.8554138,-84.59111700000003,39161.0,5,5,0,0,5,4,28281,0,0,0,0,1
2020-05-19,US,Ohio,Vinton,16,0,0,39.25208988,-82.4831444,39163.0,16,16,0,0,16,16,13139,0,0,0,0,0
2020-05-19,US,Ohio,Warren,285,15,0,39.42581994,-84.16557457,39165.0,270,283,15,0,268,275,232173,2,0,0,2,8
2020-05-19,US,Ohio,Washington,116,17,0,39.45690571,-81.49121382,39167.0,99,116,17,0,99,116,60155,0,0,0,0,0
2020-05-19,US,Ohio,Wayne,206,49,0,40.82925852,-81.88844833,39169.0,157,202,48,0,154,201,115967,4,1,0,3,1
2020-05-19,US,Ohio,Williams,47,1,0,41.56052014,-84.58429552,39171.0,46,47,1,0,46,47,36804,0,0,0,0,0
2020-05-19,US,Ohio,Wood,257,43,0,41.36224827,-83.62285108,39173.0,214,257,42,0,215,249,130696,0,1,0,-1,8
2020-05-19,US,Ohio,Wyandot,31,2,0,40.84339621,-83.30734173,39175.0,29,30,2,0,28,29,21935,1,0,0,1,1
2020-05-19,US,Oklahoma,Adair,77,3,0,35.88494195,-94.65859267,40001.0,74,75,3,0,72,75,22082,2,0,0,2,0
2020-05-19,US,Oklahoma,Alfalfa,1,0,0,36.73090616,-98.32408495,40003.0,1,1,0,0,1,1,5754,0,0,0,0,0
2020-05-19,US,Oklahoma,Atoka,1,0,0,34.37366573,-96.03802487,40005.0,1,1,0,0,1,1,13838,0,0,0,0,0
2020-05-19,US,Oklahoma,Beaver,23,0,0,36.7496847,-100.4758872,40007.0,23,23,0,0,23,23,5319,0,0,0,0,0
2020-05-19,US,Oklahoma,Beckham,6,0,0,35.26862449,-99.68128023,40009.0,6,6,0,0,6,6,21709,0,0,0,0,0
2020-05-19,US,Oklahoma,Blaine,3,0,0,35.87518314,-98.43307003,40011.0,3,3,0,0,3,3,9485,0,0,0,0,0
2020-05-19,US,Oklahoma,Bryan,19,1,0,33.96472458,-96.25903472,40013.0,18,17,1,0,16,14,47192,2,0,0,2,3
2020-05-19,US,Oklahoma,Caddo,122,10,0,35.17364557,-98.37534464,40015.0,112,120,10,0,110,114,28977,2,0,0,2,6
2020-05-19,US,Oklahoma,Canadian,120,3,0,35.5426055,-97.98465569,40017.0,117,118,3,0,115,117,144447,2,0,0,2,1
2020-05-19,US,Oklahoma,Carter,15,1,0,34.25103751,-97.28552485,40019.0,14,13,1,0,12,9,48177,2,0,0,2,4
2020-05-19,US,Oklahoma,Cherokee,29,1,0,35.90692775,-94.99980896,40021.0,28,29,1,0,28,29,48675,0,0,0,0,0
2020-05-19,US,Oklahoma,Choctaw,6,0,0,34.02807439,-95.54771129,40023.0,6,5,0,0,5,4,14668,1,0,0,1,1
2020-05-19,US,Oklahoma,Cimarron,1,0,0,36.74817177,-102.5173885,40025.0,1,1,0,0,1,1,2153,0,0,0,0,0
2020-05-19,US,Oklahoma,Cleveland,470,36,0,35.20413532,-97.32519562,40027.0,434,468,36,0,432,468,281669,2,0,0,2,0
2020-05-19,US,Oklahoma,Comanche,229,3,0,34.65973764,-98.47195055,40031.0,226,225,3,0,222,224,120422,4,0,0,4,1
2020-05-19,US,Oklahoma,Cotton,5,2,0,34.28845626,-98.37053567,40033.0,3,5,2,0,3,5,5776,0,0,0,0,0
2020-05-19,US,Oklahoma,Craig,15,0,0,36.76268118,-95.20916602,40035.0,15,14,0,0,14,14,14306,1,0,0,1,0
2020-05-19,US,Oklahoma,Creek,85,7,0,35.90230551,-96.37086028,40037.0,78,85,7,0,78,84,71604,0,0,0,0,1
2020-05-19,US,Oklahoma,Custer,12,0,0,35.63853802,-99.00170785,40039.0,12,12,0,0,12,12,29036,0,0,0,0,0
2020-05-19,US,Oklahoma,Delaware,96,16,0,36.40823634,-94.80325046,40041.0,80,95,16,0,79,95,42733,1,0,0,1,0
2020-05-19,US,Oklahoma,Dewey,2,0,0,35.98772922,-99.00730714,40043.0,2,2,0,0,2,2,4894,0,0,0,0,0
2020-05-19,US,Oklahoma,Garfield,23,1,0,36.3791334,-97.78265517,40047.0,22,23,1,0,22,23,60913,0,0,0,0,0
2020-05-19,US,Oklahoma,Garvin,15,1,0,34.70418038,-97.30811132,40049.0,14,15,1,0,14,15,27811,0,0,0,0,0
2020-05-19,US,Oklahoma,Grady,65,2,0,35.0167709,-97.88339847,40051.0,63,64,2,0,62,64,55551,1,0,0,1,0
2020-05-19,US,Oklahoma,Grant,2,0,0,36.796296999999996,-97.78638765,40053.0,2,2,0,0,2,2,4326,0,0,0,0,0
2020-05-19,US,Oklahoma,Greer,66,7,0,34.93535801,-99.56056120000001,40055.0,59,66,7,0,59,66,5821,0,0,0,0,0
2020-05-19,US,Oklahoma,Harper,1,0,0,36.78836519,-99.6679804,40059.0,1,1,0,0,1,1,3797,0,0,0,0,0
2020-05-19,US,Oklahoma,Haskell,5,0,0,35.22257600000001,-95.11513306,40061.0,5,5,0,0,5,5,12668,0,0,0,0,0
2020-05-19,US,Oklahoma,Jackson,21,1,0,34.58781741,-99.41138784,40065.0,20,21,1,0,20,21,24949,0,0,0,0,0
2020-05-19,US,Oklahoma,Jefferson,3,0,0,34.11130184,-97.83182974,40067.0,3,3,0,0,3,3,6123,0,0,0,0,0
2020-05-19,US,Oklahoma,Johnston,3,0,0,34.31440473,-96.66011537,40069.0,3,3,0,0,3,3,10949,0,0,0,0,0
2020-05-19,US,Oklahoma,Kay,50,7,0,36.81799745,-97.14421435,40071.0,43,50,7,0,43,49,44161,0,0,0,0,1
2020-05-19,US,Oklahoma,Kingfisher,10,0,0,35.94530008,-97.94193268,40073.0,10,10,0,0,10,10,15816,0,0,0,0,0
2020-05-19,US,Oklahoma,Kiowa,6,0,0,34.91671958,-98.97720696,40075.0,6,6,0,0,6,6,8729,0,0,0,0,0
2020-05-19,US,Oklahoma,Latimer,6,1,0,34.87844729,-95.25215049,40077.0,5,6,1,0,5,6,10231,0,0,0,0,0
2020-05-19,US,Oklahoma,Le Flore,13,1,0,34.89851864,-94.70392124,40079.0,12,13,1,0,12,13,49980,0,0,0,0,0
2020-05-19,US,Oklahoma,Lincoln,19,2,0,35.70270942,-96.8812462,40081.0,17,19,2,0,17,18,34920,0,0,0,0,1
2020-05-19,US,Oklahoma,Logan,18,1,0,35.91899576,-97.44352845,40083.0,17,18,1,0,17,18,47291,0,0,0,0,0
2020-05-19,US,Oklahoma,Love,4,0,0,33.95273467,-97.23906784,40085.0,4,4,0,0,4,3,10134,0,0,0,0,1
2020-05-19,US,Oklahoma,Major,6,1,0,36.31149996,-98.53467076,40093.0,5,6,1,0,5,6,7644,0,0,0,0,0
2020-05-19,US,Oklahoma,Marshall,6,0,0,34.02311222,-96.76855464,40095.0,6,6,0,0,6,4,16806,0,0,0,0,2
2020-05-19,US,Oklahoma,Mayes,28,4,0,36.30179091,-95.23175116,40097.0,24,28,4,0,24,28,41107,0,0,0,0,0
2020-05-19,US,Oklahoma,McClain,95,2,0,35.01123903,-97.44572302,40087.0,93,86,2,0,84,86,39985,9,0,0,9,0
2020-05-19,US,Oklahoma,McCurtain,12,0,0,34.11664328,-94.77222373,40089.0,12,11,0,0,11,11,32703,1,0,0,1,0
2020-05-19,US,Oklahoma,McIntosh,10,0,0,35.37235506,-95.66599306,40091.0,10,10,0,0,10,10,19815,0,0,0,0,0
2020-05-19,US,Oklahoma,Murray,2,0,0,34.48116015,-97.06826283,40099.0,2,2,0,0,2,2,13953,0,0,0,0,0
2020-05-19,US,Oklahoma,Muskogee,30,6,0,35.61318461,-95.37802952,40101.0,24,30,6,0,24,30,68362,0,0,0,0,0
2020-05-19,US,Oklahoma,Noble,7,0,0,36.38953329,-97.22928674,40103.0,7,7,0,0,7,7,11289,0,0,0,0,0
2020-05-19,US,Oklahoma,Nowata,23,0,0,36.79843529,-95.61902331,40105.0,23,23,0,0,23,23,10218,0,0,0,0,0
2020-05-19,US,Oklahoma,Okfuskee,2,0,0,35.46485198,-96.32639984,40107.0,2,2,0,0,2,2,12098,0,0,0,0,0
2020-05-19,US,Oklahoma,Oklahoma,1087,49,0,35.55140095,-97.40716948,40109.0,1038,1075,46,0,1029,1074,792582,12,3,0,9,1
2020-05-19,US,Oklahoma,Okmulgee,18,0,0,35.64661916,-95.96432828,40111.0,18,18,0,0,18,18,38335,0,0,0,0,0
2020-05-19,US,Oklahoma,Osage,92,8,0,36.62888819,-96.39635704,40113.0,84,91,8,0,83,91,47014,1,0,0,1,0
2020-05-19,US,Oklahoma,Ottawa,35,2,0,36.83532655,-94.81011909,40115.0,33,35,2,0,33,35,31175,0,0,0,0,0
2020-05-19,US,Oklahoma,Pawnee,29,2,0,36.31743373,-96.70331759999999,40117.0,27,29,2,0,27,29,16390,0,0,0,0,0
2020-05-19,US,Oklahoma,Payne,45,1,0,36.07695283,-96.97584944,40119.0,44,45,1,0,44,45,82040,0,0,0,0,0
2020-05-19,US,Oklahoma,Pittsburg,39,3,0,34.92065823,-95.75134320000001,40121.0,36,39,3,0,36,38,43877,0,0,0,0,1
2020-05-19,US,Oklahoma,Pontotoc,11,2,0,34.72959848,-96.68337199,40123.0,9,11,2,0,9,11,38247,0,0,0,0,0
2020-05-19,US,Oklahoma,Pottawatomie,57,4,0,35.20614018,-96.94923008,40125.0,53,57,4,0,53,57,72679,0,0,0,0,0
2020-05-19,US,Oklahoma,Pushmataha,1,0,0,34.41635232,-95.37603505,40127.0,1,1,0,0,1,1,11179,0,0,0,0,0
2020-05-19,US,Oklahoma,Rogers,72,5,0,36.37004357,-95.60406759,40131.0,67,72,5,0,67,72,91984,0,0,0,0,0
2020-05-19,US,Oklahoma,Seminole,21,2,0,35.16478725,-96.61686741,40133.0,19,21,2,0,19,21,24578,0,0,0,0,0
2020-05-19,US,Oklahoma,Sequoyah,14,3,0,35.49447108,-94.75463785,40135.0,11,14,3,0,11,14,41179,0,0,0,0,0
2020-05-19,US,Oklahoma,Stephens,26,1,0,34.48556989,-97.85141892,40137.0,25,26,1,0,25,24,43265,0,0,0,0,2
2020-05-19,US,Oklahoma,Texas,784,4,0,36.74777635,-101.4889765,40139.0,780,752,4,0,748,696,20455,32,0,0,32,56
2020-05-19,US,Oklahoma,Tillman,22,1,0,34.37288446,-98.92426619,40141.0,21,22,1,0,21,22,7348,0,0,0,0,0
2020-05-19,US,Oklahoma,Tulsa,802,37,0,36.11939621,-95.94013939,40143.0,765,787,37,0,750,781,648360,15,0,0,15,6
2020-05-19,US,Oklahoma,Wagoner,137,17,0,35.96024096,-95.51911308,40145.0,120,137,17,0,120,137,80110,0,0,0,0,0
2020-05-19,US,Oklahoma,Washington,304,32,0,36.71380786,-95.90514104,40147.0,272,303,30,0,273,303,51843,1,2,0,-1,0
2020-05-19,US,Oklahoma,Washita,1,0,0,35.29071824,-98.99180434,40149.0,1,1,0,0,1,1,11127,0,0,0,0,0
2020-05-19,US,Oklahoma,Woods,3,0,0,36.76705782,-98.86573064,40151.0,3,3,0,0,3,3,8897,0,0,0,0,0
2020-05-19,US,Oklahoma,Woodward,1,0,0,36.42316318,-99.26283045,40153.0,1,1,0,0,1,1,20222,0,0,0,0,0
2020-05-19,US,Oregon,Baker,1,0,0,44.70915557,-117.6749883,41001.0,1,1,0,0,1,1,16006,0,0,0,0,0
2020-05-19,US,Oregon,Benton,54,5,0,44.49167306,-123.4316987,41003.0,49,54,5,0,49,51,92101,0,0,0,0,3
2020-05-19,US,Oregon,Clackamas,284,9,0,45.18787398,-122.2179634,41005.0,275,286,9,0,277,281,416075,-2,0,0,-2,5
2020-05-19,US,Oregon,Clatsop,38,0,0,45.99712889,-123.660711,41007.0,38,38,0,0,38,37,39764,0,0,0,0,1
2020-05-19,US,Oregon,Columbia,16,0,0,45.94464254,-123.08908980000001,41009.0,16,16,0,0,16,16,52377,0,0,0,0,0
2020-05-19,US,Oregon,Coos,30,0,0,43.17406868,-124.0594514,41011.0,30,30,0,0,30,30,64389,0,0,0,0,0
2020-05-19,US,Oregon,Crook,1,0,0,44.14230227,-120.356297,41013.0,1,1,0,0,1,1,23867,0,0,0,0,0
2020-05-19,US,Oregon,Curry,5,0,0,42.45911325,-124.15728200000001,41015.0,5,4,0,0,4,4,22813,1,0,0,1,0
2020-05-19,US,Oregon,Deschutes,107,0,0,43.91570171,-121.2289121,41017.0,107,101,0,0,101,96,191996,6,0,0,6,5
2020-05-19,US,Oregon,Douglas,25,0,0,43.27941273,-123.16729099999999,41019.0,25,25,0,0,25,25,110283,0,0,0,0,0
2020-05-19,US,Oregon,Grant,1,0,0,44.49024544,-119.0068631,41023.0,1,1,0,0,1,1,7176,0,0,0,0,0
2020-05-19,US,Oregon,Harney,1,0,0,43.06422669,-118.96663059999999,41025.0,1,1,0,0,1,1,7329,0,0,0,0,0
2020-05-19,US,Oregon,Hood River,14,0,0,45.51872811,-121.65520359999998,41027.0,14,14,0,0,14,14,23428,0,0,0,0,0
2020-05-19,US,Oregon,Jackson,52,0,0,42.43201126,-122.72893090000001,41029.0,52,51,0,0,51,50,219564,1,0,0,1,1
2020-05-19,US,Oregon,Jefferson,24,0,0,44.62806839,-121.17832,41031.0,24,24,0,0,24,24,24192,0,0,0,0,0
2020-05-19,US,Oregon,Josephine,25,1,0,42.3665549,-123.5561938,41033.0,24,25,1,0,24,25,87393,0,0,0,0,0
2020-05-19,US,Oregon,Klamath,41,0,0,42.68762984,-121.64964609999998,41035.0,41,41,0,0,41,41,67653,0,0,0,0,0
2020-05-19,US,Oregon,Lane,65,2,0,43.93727035,-122.847753,41039.0,63,65,2,0,63,64,379611,0,0,0,0,1
2020-05-19,US,Oregon,Lincoln,8,0,0,44.64252874,-123.86991200000001,41041.0,8,8,0,0,8,8,49388,0,0,0,0,0
2020-05-19,US,Oregon,Linn,109,9,0,44.48899494,-122.53731540000001,41043.0,100,109,8,0,101,109,127335,0,1,0,-1,0
2020-05-19,US,Oregon,Malheur,21,0,0,43.1937027,-117.62273950000001,41045.0,21,21,0,0,21,19,30725,0,0,0,0,2
2020-05-19,US,Oregon,Marion,855,24,0,44.90287942,-122.58151170000001,41047.0,831,843,24,0,819,827,346868,12,0,0,12,16
2020-05-19,US,Oregon,Morrow,12,0,0,45.41846568,-119.584546,41049.0,12,12,0,0,12,12,11372,0,0,0,0,0
2020-05-19,US,Oregon,Multnomah,1005,55,0,45.54747959,-122.4169351,41051.0,950,996,55,0,941,984,811880,9,0,0,9,12
2020-05-19,US,Oregon,Polk,93,9,0,44.90322804,-123.4128888,41053.0,84,93,9,0,84,93,85234,0,0,0,0,0
2020-05-19,US,Oregon,Sherman,1,0,0,45.41501554,-120.6827834,41055.0,1,1,0,0,1,1,1708,0,0,0,0,0
2020-05-19,US,Oregon,Tillamook,6,0,0,45.46248721,-123.712066,41057.0,6,6,0,0,6,6,26787,0,0,0,0,0
2020-05-19,US,Oregon,Umatilla,101,3,0,45.59073056,-118.7353826,41059.0,98,98,2,0,96,93,77516,3,1,0,2,5
2020-05-19,US,Oregon,Union,6,0,0,45.30915495,-118.0068979,41061.0,6,6,0,0,6,5,26461,0,0,0,0,1
2020-05-19,US,Oregon,Wallowa,1,0,0,45.57894064,-117.18353799999998,41063.0,1,1,0,0,1,1,7081,0,0,0,0,0
2020-05-19,US,Oregon,Wasco,18,1,0,45.16292781,-121.16709540000001,41065.0,17,18,1,0,17,18,26505,0,0,0,0,0
2020-05-19,US,Oregon,Washington,644,15,0,45.55972701,-123.0955257,41067.0,629,638,15,0,623,628,597695,6,0,0,6,10
2020-05-19,US,Oregon,Yamhill,62,7,0,45.23330449,-123.3086963,41071.0,55,59,7,0,52,57,107002,3,0,0,3,2
2020-05-19,US,Pennsylvania,Adams,194,5,0,39.87140411,-77.21610347,42001.0,189,194,5,0,189,189,102811,0,0,0,0,5
2020-05-19,US,Pennsylvania,Allegheny,1658,145,0,40.46809875,-79.98167747,42003.0,1513,1641,143,0,1498,1603,1218452,17,2,0,15,38
2020-05-19,US,Pennsylvania,Armstrong,58,2,0,40.81665618,-79.46290811,42005.0,56,58,2,0,56,58,65263,0,0,0,0,0
2020-05-19,US,Pennsylvania,Beaver,534,70,0,40.6825484,-80.34921611,42007.0,464,533,70,0,463,517,164742,1,0,0,1,16
2020-05-19,US,Pennsylvania,Bedford,32,2,0,40.00522157,-78.48998442,42009.0,30,32,2,0,30,32,48176,0,0,0,0,0
2020-05-19,US,Pennsylvania,Berks,3735,262,0,40.41570541,-75.92457766,42011.0,3473,3719,248,0,3471,3677,420152,16,14,0,2,42
2020-05-19,US,Pennsylvania,Blair,38,1,0,40.47961444,-78.34917412,42013.0,37,38,1,0,37,38,122492,0,0,0,0,0
2020-05-19,US,Pennsylvania,Bradford,41,3,0,41.78869215,-76.51570822,42015.0,38,41,3,0,38,41,60833,0,0,0,0,0
2020-05-19,US,Pennsylvania,Bucks,4573,426,0,40.33682119,-75.10836643,42017.0,4147,4516,417,0,4099,4439,628195,57,9,0,48,77
2020-05-19,US,Pennsylvania,Butler,206,12,0,40.91152759,-79.91351055,42019.0,194,203,12,0,191,203,187888,3,0,0,3,0
2020-05-19,US,Pennsylvania,Cambria,54,2,0,40.49527404,-78.71377428,42021.0,52,54,2,0,52,54,131730,0,0,0,0,0
2020-05-19,US,Pennsylvania,Cameron,2,0,0,41.43625568,-78.20376845,42023.0,2,2,0,0,2,2,4492,0,0,0,0,0
2020-05-19,US,Pennsylvania,Carbon,214,22,0,40.91545395,-75.7068525,42025.0,192,214,22,0,192,214,64227,0,0,0,0,0
2020-05-19,US,Pennsylvania,Centre,132,5,0,40.92058903,-77.82200624,42027.0,127,133,5,0,128,131,162805,-1,0,0,-1,2
2020-05-19,US,Pennsylvania,Chester,2199,230,0,39.97291773,-75.74768357,42029.0,1969,2153,227,0,1926,2118,522046,46,3,0,43,35
2020-05-19,US,Pennsylvania,Clarion,24,2,0,41.19265812,-79.42413524,42031.0,22,24,2,0,22,24,38779,0,0,0,0,0
2020-05-19,US,Pennsylvania,Clearfield,33,0,0,41.00110782,-78.47592663,42033.0,33,33,0,0,33,33,79388,0,0,0,0,0
2020-05-19,US,Pennsylvania,Clinton,45,0,0,41.23255967,-77.63785995,42035.0,45,44,0,0,44,44,38684,1,0,0,1,0
2020-05-19,US,Pennsylvania,Columbia,337,29,0,41.04821986,-76.40565017,42037.0,308,337,29,0,308,336,65456,0,0,0,0,1
2020-05-19,US,Pennsylvania,Crawford,21,0,0,41.68447709,-80.10760592,42039.0,21,21,0,0,21,21,85063,0,0,0,0,0
2020-05-19,US,Pennsylvania,Cumberland,540,42,0,40.1625372,-77.26130755,42041.0,498,525,41,0,484,522,251423,15,1,0,14,3
2020-05-19,US,Pennsylvania,Dauphin,989,50,0,40.41377078,-76.77993242,42043.0,939,978,50,0,928,963,277097,11,0,0,11,15
2020-05-19,US,Pennsylvania,Delaware,5754,451,0,39.91680171,-75.40243663,42045.0,5303,5689,436,0,5253,5619,564751,65,15,0,50,70
2020-05-19,US,Pennsylvania,Elk,6,0,0,41.42822061,-78.64524744,42047.0,6,6,0,0,6,6,30169,0,0,0,0,0
2020-05-19,US,Pennsylvania,Erie,147,4,0,41.99253829,-80.03301954,42049.0,143,145,4,0,141,137,272061,2,0,0,2,8
2020-05-19,US,Pennsylvania,Fayette,92,4,0,39.92041012,-79.64291195,42051.0,88,91,4,0,87,89,130441,1,0,0,1,2
2020-05-19,US,Pennsylvania,Forest,7,0,0,41.51095103,-79.23229292,42053.0,7,7,0,0,7,7,7279,0,0,0,0,0
2020-05-19,US,Pennsylvania,Franklin,644,27,0,39.92956518,-77.72157791,42055.0,617,631,25,0,606,621,154835,13,2,0,11,10
2020-05-19,US,Pennsylvania,Fulton,12,1,0,39.92913544,-78.11163677,42057.0,11,11,1,0,10,11,14523,1,0,0,1,0
2020-05-19,US,Pennsylvania,Greene,27,0,0,39.85746531,-80.22357106,42059.0,27,27,0,0,27,27,36506,0,0,0,0,0
2020-05-19,US,Pennsylvania,Huntingdon,214,0,0,40.42162652,-77.97673273,42061.0,214,214,0,0,214,214,45168,0,0,0,0,0
2020-05-19,US,Pennsylvania,Indiana,86,4,0,40.65241041,-79.08963285,42063.0,82,84,4,0,80,84,84501,2,0,0,2,0
2020-05-19,US,Pennsylvania,Jefferson,7,0,0,41.12913106,-78.9986361,42065.0,7,7,0,0,7,7,43641,0,0,0,0,0
2020-05-19,US,Pennsylvania,Juniata,94,2,0,40.53358749,-77.39975129999998,42067.0,92,94,2,0,92,94,24704,0,0,0,0,0
2020-05-19,US,Pennsylvania,Lackawanna,1374,127,0,41.43564672,-75.60379201,42069.0,1247,1363,125,0,1238,1344,210793,11,2,0,9,19
2020-05-19,US,Pennsylvania,Lancaster,2593,263,0,40.03904563,-76.24770128,42071.0,2330,2552,263,0,2289,2508,543557,41,0,0,41,44
2020-05-19,US,Pennsylvania,Lawrence,73,8,0,40.99206278,-80.33393706,42073.0,65,72,8,0,64,72,86184,1,0,0,1,0
2020-05-19,US,Pennsylvania,Lebanon,880,24,0,40.36680311,-76.45651841,42075.0,856,877,21,0,856,874,141314,3,3,0,0,3
2020-05-19,US,Pennsylvania,Lehigh,3513,182,0,40.6154815,-75.59435245,42077.0,3331,3491,173,0,3318,3470,368100,22,9,0,13,21
2020-05-19,US,Pennsylvania,Luzerne,2554,124,0,41.17823008,-75.98447579,42079.0,2430,2532,122,0,2410,2526,317646,22,2,0,20,6
2020-05-19,US,Pennsylvania,Lycoming,149,9,0,41.34310539,-77.06629984,42081.0,140,149,8,0,141,147,113664,0,1,0,-1,2
2020-05-19,US,Pennsylvania,McKean,11,1,0,41.80938602,-78.56478358,42083.0,10,11,1,0,10,11,40968,0,0,0,0,0
2020-05-19,US,Pennsylvania,Mercer,96,4,0,41.30248872,-80.25816981,42085.0,92,94,4,0,90,91,110683,2,0,0,2,3
2020-05-19,US,Pennsylvania,Mifflin,57,1,0,40.61116939,-77.61070738,42087.0,56,57,1,0,56,57,46222,0,0,0,0,0
2020-05-19,US,Pennsylvania,Monroe,1267,89,0,41.05934058,-75.34031025,42089.0,1178,1259,88,0,1171,1254,169507,8,1,0,7,5
2020-05-19,US,Pennsylvania,Montgomery,6063,575,0,40.21053671,-75.36652296,42091.0,5488,6012,566,0,5446,5872,828604,51,9,0,42,140
2020-05-19,US,Pennsylvania,Montour,50,0,0,41.03023987,-76.66345939,42093.0,50,50,0,0,50,50,18240,0,0,0,0,0
2020-05-19,US,Pennsylvania,Northampton,2758,176,0,40.75182733,-75.30471829,42095.0,2582,2727,171,0,2556,2703,304807,31,5,0,26,24
2020-05-19,US,Pennsylvania,Northumberland,145,2,0,40.84785433,-76.70798222,42097.0,143,143,1,0,142,141,91083,2,1,0,1,2
2020-05-19,US,Pennsylvania,Perry,41,1,0,40.40206612,-77.26297447,42099.0,40,41,1,0,40,40,46139,0,0,0,0,1
2020-05-19,US,Pennsylvania,Philadelphia,20132,1109,0,40.00338507,-75.1379271,42101.0,19023,19953,1080,0,18873,19606,1584138,179,29,0,150,347
2020-05-19,US,Pennsylvania,Pike,469,17,0,41.33155042,-75.03208106,42103.0,452,461,15,0,446,460,55933,8,2,0,6,1
2020-05-19,US,Pennsylvania,Potter,4,0,0,41.74471626,-77.89559864,42105.0,4,4,0,0,4,4,16622,0,0,0,0,0
2020-05-19,US,Pennsylvania,Schuylkill,534,21,0,40.70497338,-76.2150785,42107.0,513,529,20,0,509,525,142067,5,1,0,4,4
2020-05-19,US,Pennsylvania,Snyder,33,1,0,40.77129231,-77.06840691,42109.0,32,33,1,0,32,33,40540,0,0,0,0,0
2020-05-19,US,Pennsylvania,Somerset,36,0,0,39.97172723,-79.02699593,42111.0,36,36,0,0,36,33,73952,0,0,0,0,3
2020-05-19,US,Pennsylvania,Sullivan,2,0,0,41.44634738,-76.51246591,42113.0,2,2,0,0,2,2,6071,0,0,0,0,0
2020-05-19,US,Pennsylvania,Susquehanna,85,15,0,41.82147784,-75.80071959,42115.0,70,85,15,0,70,83,40589,0,0,0,0,2
2020-05-19,US,Pennsylvania,Tioga,16,2,0,41.77255149,-77.25433032,42117.0,14,16,2,0,14,16,40763,0,0,0,0,0
2020-05-19,US,Pennsylvania,Union,50,1,0,40.96188846,-77.05996014,42119.0,49,51,1,0,50,47,44785,-1,0,0,-1,4
2020-05-19,US,Pennsylvania,Venango,8,0,0,41.40323442,-79.75845449,42121.0,8,8,0,0,8,8,51266,0,0,0,0,0
2020-05-19,US,Pennsylvania,Warren,2,0,0,41.81304978,-79.26969577,42123.0,2,2,0,0,2,2,39498,0,0,0,0,0
2020-05-19,US,Pennsylvania,Washington,130,5,0,40.19208869,-80.24582867,42125.0,125,133,4,0,129,131,207346,-3,1,0,-4,2
2020-05-19,US,Pennsylvania,Wayne,110,7,0,41.64938475,-75.29956506,42127.0,103,108,7,0,101,108,51276,2,0,0,2,0
2020-05-19,US,Pennsylvania,Westmoreland,431,38,0,40.31377979999999,-79.46615476,42129.0,393,432,38,0,394,427,350611,-1,0,0,-1,5
2020-05-19,US,Pennsylvania,Wyoming,30,5,0,41.51955538,-76.01074915,42131.0,25,30,4,0,26,29,27046,0,1,0,-1,1
2020-05-19,US,Pennsylvania,York,866,18,0,39.9210089,-76.73040131,42133.0,848,857,18,0,839,851,448273,9,0,0,9,6
2020-05-19,US,Rhode Island,Bristol,172,0,0,41.71018079,-71.28652315,44001.0,172,172,0,0,172,172,48649,0,0,0,0,0
2020-05-19,US,Rhode Island,Kent,883,0,0,41.67106337,-71.57641596,44003.0,883,883,0,0,883,883,163861,0,0,0,0,0
2020-05-19,US,Rhode Island,Newport,197,0,0,41.5642026,-71.26569799,44005.0,197,197,0,0,197,197,82542,0,0,0,0,0
2020-05-19,US,Rhode Island,Providence,9112,0,0,41.87064746,-71.57753536,44007.0,9112,9112,0,0,9112,9112,636084,0,0,0,0,0
2020-05-19,US,Rhode Island,Unassigned,2162,532,0,0.0,0.0,90044.0,1630,2006,506,0,1500,1885,,156,26,0,130,121
2020-05-19,US,Rhode Island,Washington,425,0,0,41.45961631,-71.61435303,44009.0,425,425,0,0,425,425,126179,0,0,0,0,0
2020-05-19,US,South Carolina,Abbeville,36,0,0,34.22333378,-82.46170658,45001.0,36,35,0,0,35,35,24541,1,0,0,1,0
2020-05-19,US,South Carolina,Aiken,156,7,0,33.54338026,-81.63645384,45003.0,149,155,7,0,148,154,169401,1,0,0,1,1
2020-05-19,US,South Carolina,Allendale,33,3,0,32.98837386,-81.35321066,45005.0,30,33,3,0,30,33,8903,0,0,0,0,0
2020-05-19,US,South Carolina,Anderson,211,8,0,34.51828081,-82.63959517,45007.0,203,206,8,0,198,207,200482,5,0,0,5,-1
2020-05-19,US,South Carolina,Bamberg,18,0,0,33.21927586,-81.05659969,45009.0,18,17,0,0,17,17,14275,1,0,0,1,0
2020-05-19,US,South Carolina,Barnwell,41,1,0,33.26679302,-81.43584352,45011.0,40,40,1,0,39,40,21112,1,0,0,1,0
2020-05-19,US,South Carolina,Beaufort,299,12,0,32.39226291,-80.72619758,45013.0,287,294,12,0,282,292,188715,5,0,0,5,2
2020-05-19,US,South Carolina,Berkeley,203,15,0,33.20222596,-79.94654523,45015.0,188,203,15,0,188,201,221091,0,0,0,0,2
2020-05-19,US,South Carolina,Calhoun,9,1,0,33.66926881,-80.77722168,45017.0,8,9,1,0,8,9,14520,0,0,0,0,0
2020-05-19,US,South Carolina,Charleston,515,11,0,32.82487866,-79.96512315,45019.0,504,509,11,0,498,507,405905,6,0,0,6,2
2020-05-19,US,South Carolina,Cherokee,25,2,0,35.05122251,-81.61828622,45021.0,23,24,1,0,23,23,57078,1,1,0,0,1
2020-05-19,US,South Carolina,Chester,41,0,0,34.69249168,-81.1583216,45023.0,41,42,0,0,42,42,32251,-1,0,0,-1,0
2020-05-19,US,South Carolina,Chesterfield,101,1,0,34.64137396,-80.15640140000002,45025.0,100,98,1,0,97,96,45754,3,0,0,3,2
2020-05-19,US,South Carolina,Clarendon,293,34,0,33.66610974,-80.21647898,45027.0,259,290,34,0,256,286,33700,3,0,0,3,4
2020-05-19,US,South Carolina,Colleton,58,4,0,32.87582989,-80.67641292,45029.0,54,58,4,0,54,52,37660,0,0,0,0,6
2020-05-19,US,South Carolina,Darlington,227,5,0,34.33358335,-79.96027485,45031.0,222,222,5,0,217,218,66802,5,0,0,5,4
2020-05-19,US,South Carolina,Dillon,132,2,0,34.39007791,-79.37741872,45033.0,130,131,1,0,130,129,30599,1,1,0,0,2
2020-05-19,US,South Carolina,Dorchester,114,3,0,33.0794369,-80.40502652,45035.0,111,114,3,0,111,113,160647,0,0,0,0,1
2020-05-19,US,South Carolina,Edgefield,44,2,0,33.77221995,-81.96231108,45037.0,42,44,2,0,42,44,27052,0,0,0,0,0
2020-05-19,US,South Carolina,Fairfield,134,8,0,34.39287073,-81.1195624,45039.0,126,128,8,0,120,122,22402,6,0,0,6,6
2020-05-19,US,South Carolina,Florence,547,29,0,34.02361754,-79.70189312,45041.0,518,540,29,0,511,524,138159,7,0,0,7,16
2020-05-19,US,South Carolina,Georgetown,52,3,0,33.43443342,-79.33202141,45043.0,49,52,3,0,49,52,62249,0,0,0,0,0
2020-05-19,US,South Carolina,Greenville,1145,50,0,34.89502264,-82.37295012,45045.0,1095,1116,46,0,1070,1095,514213,29,4,0,25,21
2020-05-19,US,South Carolina,Greenwood,72,1,0,34.15272415,-82.12715789,45047.0,71,71,1,0,70,69,70741,1,0,0,1,2
2020-05-19,US,South Carolina,Hampton,30,0,0,32.77419582,-81.13845571,45049.0,30,30,0,0,30,29,19351,0,0,0,0,1
2020-05-19,US,South Carolina,Horry,303,20,0,33.9212828,-78.99555293,45051.0,283,299,19,0,280,298,344147,4,1,0,3,1
2020-05-19,US,South Carolina,Jasper,27,1,0,32.43171982,-81.02487495,45053.0,26,27,1,0,26,26,28971,0,0,0,0,1
2020-05-19,US,South Carolina,Kershaw,272,12,0,34.33988254,-80.58763164,45055.0,260,270,12,0,258,265,65592,2,0,0,2,5
2020-05-19,US,South Carolina,Lancaster,108,5,0,34.68270843,-80.70513032,45057.0,103,111,5,0,106,111,95380,-3,0,0,-3,0
2020-05-19,US,South Carolina,Laurens,57,3,0,34.48244419,-82.00490796,45059.0,54,57,3,0,54,57,66994,0,0,0,0,0
2020-05-19,US,South Carolina,Lee,174,11,0,34.16393091,-80.25690731,45061.0,163,170,11,0,159,164,17142,4,0,0,4,6
2020-05-19,US,South Carolina,Lexington,516,28,0,33.89665987,-81.27146426,45063.0,488,518,27,0,491,516,295032,-2,1,0,-3,2
2020-05-19,US,South Carolina,Marion,53,4,0,34.07859748,-79.36400756,45067.0,49,52,4,0,48,51,31039,1,0,0,1,1
2020-05-19,US,South Carolina,Marlboro,76,0,0,34.59905577,-79.67561152,45069.0,76,75,0,0,75,73,26398,1,0,0,1,2
2020-05-19,US,South Carolina,McCormick,7,1,0,33.90161443,-82.30794338,45065.0,6,7,1,0,6,7,9410,0,0,0,0,0
2020-05-19,US,South Carolina,Newberry,33,1,0,34.28629098,-81.59935761,45071.0,32,33,1,0,32,31,38520,0,0,0,0,2
2020-05-19,US,South Carolina,Oconee,41,0,0,34.75225169,-83.06742317,45073.0,41,41,0,0,41,41,78374,0,0,0,0,0
2020-05-19,US,South Carolina,Orangeburg,115,2,0,33.4391073,-80.79886287,45075.0,113,113,2,0,111,112,86934,2,0,0,2,1
2020-05-19,US,South Carolina,Pickens,94,3,0,34.88807695,-82.72791551,45077.0,91,93,3,0,90,93,124937,1,0,0,1,0
2020-05-19,US,South Carolina,Richland,1267,61,0,34.01791263,-80.90267209,45079.0,1206,1250,61,0,1189,1238,414576,17,0,0,17,12
2020-05-19,US,South Carolina,Saluda,123,0,0,34.00795823,-81.72713237,45081.0,123,123,0,0,123,122,20544,0,0,0,0,1
2020-05-19,US,South Carolina,Spartanburg,411,13,0,34.92960077,-81.99225984,45083.0,398,407,13,0,394,399,313888,4,0,0,4,8
2020-05-19,US,South Carolina,Sumter,323,17,0,33.91826534,-80.37942316,45085.0,306,322,17,0,305,321,106512,1,0,0,1,1
2020-05-19,US,South Carolina,Union,31,0,0,34.68835752,-81.61730349,45087.0,31,31,0,0,31,31,27410,0,0,0,0,0
2020-05-19,US,South Carolina,Williamsburg,181,10,0,33.62190129,-79.72767442,45089.0,171,178,10,0,168,178,30606,3,0,0,3,0
2020-05-19,US,South Carolina,York,308,5,0,34.97281497,-81.18085944,45091.0,303,304,5,0,299,293,274118,4,0,0,4,11
2020-05-19,US,South Dakota,Aurora,3,0,0,43.71757685,-98.56050467,46003.0,3,3,0,0,3,3,2801,0,0,0,0,0
2020-05-19,US,South Dakota,Beadle,43,2,0,44.41464384,-98.27858469,46005.0,41,37,2,0,35,31,18883,6,0,0,6,6
2020-05-19,US,South Dakota,Bon Homme,4,0,0,42.98914167,-97.88592746,46009.0,4,5,0,0,5,4,6980,-1,0,0,-1,1
2020-05-19,US,South Dakota,Brookings,14,0,0,44.36974375,-96.79079945,46011.0,14,14,0,0,14,14,35232,0,0,0,0,0
2020-05-19,US,South Dakota,Brown,205,0,0,45.58994323,-98.35165355,46013.0,205,200,0,0,200,196,39316,5,0,0,5,4
2020-05-19,US,South Dakota,Buffalo,3,0,0,44.07657829,-99.20814467,46017.0,3,1,0,0,1,1,2036,2,0,0,2,0
2020-05-19,US,South Dakota,Charles Mix,10,0,0,43.20660134,-98.58856175,46023.0,10,9,0,0,9,9,9338,1,0,0,1,0
2020-05-19,US,South Dakota,Clark,4,0,0,44.85834507,-97.72925109,46025.0,4,4,0,0,4,4,3739,0,0,0,0,0
2020-05-19,US,South Dakota,Clay,15,0,0,42.91296147,-96.97656917,46027.0,15,15,0,0,15,15,14041,0,0,0,0,0
2020-05-19,US,South Dakota,Codington,17,0,0,44.97788119,-97.18827677,46029.0,17,17,0,0,17,17,28015,0,0,0,0,0
2020-05-19,US,South Dakota,Corson,4,0,0,45.70889983,-101.1970473,46031.0,4,4,0,0,4,3,4165,0,0,0,0,1
2020-05-19,US,South Dakota,Davison,9,0,0,43.67490933,-98.14458906,46035.0,9,9,0,0,9,9,19790,0,0,0,0,0
2020-05-19,US,South Dakota,Day,11,0,0,45.367281,-97.60737498,46037.0,11,11,0,0,11,11,5505,0,0,0,0,0
2020-05-19,US,South Dakota,Deuel,1,0,0,44.75994309,-96.66943645,46039.0,1,1,0,0,1,1,4337,0,0,0,0,0
2020-05-19,US,South Dakota,Douglas,1,0,0,43.38520741,-98.36978007,46043.0,1,1,0,0,1,1,2935,0,0,0,0,0
2020-05-19,US,South Dakota,Fall River,3,0,0,43.23929297,-103.5275691,46047.0,3,2,0,0,2,2,6758,1,0,0,1,0
2020-05-19,US,South Dakota,Faulk,1,0,0,45.07082625,-99.14535601,46049.0,1,1,0,0,1,1,2330,0,0,0,0,0
2020-05-19,US,South Dakota,Grant,9,0,0,45.1723937,-96.77002276,46051.0,9,9,0,0,9,9,7147,0,0,0,0,0
2020-05-19,US,South Dakota,Hamlin,3,0,0,44.67385954,-97.18829593,46057.0,3,3,0,0,3,3,6111,0,0,0,0,0
2020-05-19,US,South Dakota,Hand,1,0,0,44.54708407,-99.00386459,46059.0,1,1,0,0,1,1,3262,0,0,0,0,0
2020-05-19,US,South Dakota,Hughes,17,0,0,44.39091534,-99.99661148,46065.0,17,16,0,0,16,16,17650,1,0,0,1,0
2020-05-19,US,South Dakota,Hutchinson,3,0,0,43.33449012,-97.75536441,46067.0,3,3,0,0,3,3,7380,0,0,0,0,0
2020-05-19,US,South Dakota,Hyde,1,0,0,44.54747703,-99.48572582,46069.0,1,1,0,0,1,1,1282,0,0,0,0,0
2020-05-19,US,South Dakota,Jerauld,6,1,0,44.06637798,-98.62965972,46073.0,5,6,1,0,5,6,2043,0,0,0,0,0
2020-05-19,US,South Dakota,Lake,5,0,0,44.02193107,-97.12926365,46079.0,5,5,0,0,5,5,13057,0,0,0,0,0
2020-05-19,US,South Dakota,Lawrence,9,0,0,44.35919441,-103.79294279999999,46081.0,9,9,0,0,9,9,25741,0,0,0,0,0
2020-05-19,US,South Dakota,Lincoln,205,0,0,43.27841182,-96.72039050000001,46083.0,205,201,0,0,201,200,58807,4,0,0,4,1
2020-05-19,US,South Dakota,Lyman,6,0,0,43.89522709,-99.85201878,46085.0,6,4,0,0,4,4,3821,2,0,0,2,0
2020-05-19,US,South Dakota,Marshall,3,0,0,45.75870838,-97.59855639,46091.0,3,1,0,0,1,1,5112,2,0,0,2,0
2020-05-19,US,South Dakota,McCook,5,1,0,43.6742571,-97.36863144,46087.0,4,5,1,0,4,5,5546,0,0,0,0,0
2020-05-19,US,South Dakota,McPherson,1,0,0,45.76626028,-99.22118798,46089.0,1,1,0,0,1,1,2407,0,0,0,0,0
2020-05-19,US,South Dakota,Meade,5,0,0,44.56676791,-102.71627409999999,46093.0,5,5,0,0,5,5,28294,0,0,0,0,0
2020-05-19,US,South Dakota,Miner,1,0,0,44.02197882,-97.60992207,46097.0,1,1,0,0,1,1,2213,0,0,0,0,0
2020-05-19,US,South Dakota,Minnehaha,3165,40,0,43.67441641,-96.7910885,46099.0,3125,3150,39,0,3111,3135,192876,15,1,0,14,15
2020-05-19,US,South Dakota,Moody,18,0,0,44.02266214,-96.67081159,46101.0,18,18,0,0,18,17,6579,0,0,0,0,1
2020-05-19,US,South Dakota,Oglala Lakota,10,0,0,43.33749164,-102.55554980000001,46102.0,10,10,0,0,10,10,14309,0,0,0,0,0
2020-05-19,US,South Dakota,Pennington,74,2,0,44.0025835,-102.8240777,46103.0,72,58,1,0,57,52,111729,16,1,0,15,6
2020-05-19,US,South Dakota,Roberts,20,0,0,45.62975048,-96.94672673,46109.0,20,19,0,0,19,19,10447,1,0,0,1,0
2020-05-19,US,South Dakota,Sanborn,6,0,0,44.02351092,-98.09098159999999,46111.0,6,6,0,0,6,5,2429,0,0,0,0,1
2020-05-19,US,South Dakota,Spink,4,0,0,44.93837606,-98.34626602,46115.0,4,4,0,0,4,4,6495,0,0,0,0,0
2020-05-19,US,South Dakota,Stanley,9,0,0,44.41381872,-100.7349153,46117.0,9,9,0,0,9,9,3022,0,0,0,0,0
2020-05-19,US,South Dakota,Sully,1,0,0,44.71571812,-100.1278092,46119.0,1,1,0,0,1,1,1392,0,0,0,0,0
2020-05-19,US,South Dakota,Todd,17,0,0,43.19338568,-100.71955030000001,46121.0,17,17,0,0,17,16,10283,0,0,0,0,1
2020-05-19,US,South Dakota,Tripp,2,0,0,43.34459388,-99.8854891,46123.0,2,2,0,0,2,2,5478,0,0,0,0,0
2020-05-19,US,South Dakota,Turner,21,0,0,43.3109081,-97.14865776,46125.0,21,19,0,0,19,19,8424,2,0,0,2,0
2020-05-19,US,South Dakota,Union,62,0,0,42.83112163,-96.6557828,46127.0,62,62,0,0,62,60,15619,0,0,0,0,2
2020-05-19,US,South Dakota,Walworth,5,0,0,45.43019636,-100.03075140000001,46129.0,5,5,0,0,5,5,5587,0,0,0,0,0
2020-05-19,US,South Dakota,Yankton,42,0,0,43.00924485,-97.39467635,46135.0,42,41,0,0,41,40,22869,1,0,0,1,1
2020-05-19,US,South Dakota,Ziebach,1,0,0,44.97881876,-101.6654622,46137.0,1,1,0,0,1,1,2742,0,0,0,0,0
2020-05-19,US,Tennessee,Anderson,37,1,0,36.12684348,-84.19965764,47001.0,36,37,1,0,36,36,76482,0,0,0,0,1
2020-05-19,US,Tennessee,Bedford,257,4,0,35.51123746,-86.45549096,47003.0,253,254,4,0,250,252,49038,3,0,0,3,2
2020-05-19,US,Tennessee,Benton,7,1,0,36.07110411,-88.06849355,47005.0,6,7,1,0,6,6,16184,0,0,0,0,1
2020-05-19,US,Tennessee,Bledsoe,607,1,0,35.59942968,-85.20611967,47007.0,606,607,1,0,606,607,14755,0,0,0,0,0
2020-05-19,US,Tennessee,Blount,76,3,0,35.68938198,-83.92847788,47009.0,73,76,3,0,73,75,131349,0,0,0,0,1
2020-05-19,US,Tennessee,Bradley,84,1,0,35.15739424,-84.857186,47011.0,83,83,1,0,82,82,106727,1,0,0,1,1
2020-05-19,US,Tennessee,Campbell,17,1,0,36.40355516,-84.15108559999999,47013.0,16,17,1,0,16,17,39583,0,0,0,0,0
2020-05-19,US,Tennessee,Cannon,13,0,0,35.80990797,-86.05738983,47015.0,13,13,0,0,13,13,14462,0,0,0,0,0
2020-05-19,US,Tennessee,Carroll,25,1,0,35.97366108,-88.45189331,47017.0,24,25,1,0,24,25,28020,0,0,0,0,0
2020-05-19,US,Tennessee,Carter,19,1,0,36.28969086,-82.12588974,47019.0,18,19,1,0,18,19,56351,0,0,0,0,0
2020-05-19,US,Tennessee,Cheatham,93,0,0,36.26136216,-87.08903581,47021.0,93,92,0,0,92,88,40439,1,0,0,1,4
2020-05-19,US,Tennessee,Chester,12,0,0,35.42527478,-88.6095842,47023.0,12,12,0,0,12,12,17276,0,0,0,0,0
2020-05-19,US,Tennessee,Claiborne,8,0,0,36.48319149,-83.65947309,47025.0,8,8,0,0,8,7,31756,0,0,0,0,1
2020-05-19,US,Tennessee,Clay,6,0,0,36.55151008,-85.53930419,47027.0,6,6,0,0,6,6,7717,0,0,0,0,0
2020-05-19,US,Tennessee,Cocke,20,0,0,35.9278914,-83.11828725,47029.0,20,20,0,0,20,20,35774,0,0,0,0,0
2020-05-19,US,Tennessee,Coffee,63,0,0,35.49090731,-86.07311784,47031.0,63,61,0,0,61,60,55700,2,0,0,2,1
2020-05-19,US,Tennessee,Crockett,14,1,0,35.81830662,-89.14916269,47033.0,13,13,1,0,12,13,14328,1,0,0,1,0
2020-05-19,US,Tennessee,Cumberland,94,1,0,35.95271721,-84.99840585,47035.0,93,93,1,0,92,89,59673,1,0,0,1,4
2020-05-19,US,Tennessee,Davidson,4174,46,0,36.17007426,-86.78646056,47037.0,4128,4066,44,0,4022,3893,692587,108,2,0,106,173
2020-05-19,US,Tennessee,DeKalb,32,0,0,35.97616272,-85.83689361,47041.0,32,30,0,0,30,29,20138,2,0,0,2,1
2020-05-19,US,Tennessee,Decatur,5,0,0,35.60048904,-88.11043779,47039.0,5,5,0,0,5,5,11706,0,0,0,0,0
2020-05-19,US,Tennessee,Dickson,93,0,0,36.14669837,-87.35891709,47043.0,93,93,0,0,93,92,53446,0,0,0,0,1
2020-05-19,US,Tennessee,Dyer,45,0,0,36.05931946,-89.41542855,47045.0,45,44,0,0,44,44,37320,1,0,0,1,0
2020-05-19,US,Tennessee,Fayette,95,2,0,35.19615831,-89.41399032,47047.0,93,94,2,0,92,90,40507,1,0,0,1,4
2020-05-19,US,Tennessee,Fentress,9,0,0,36.38128818,-84.92870012,47049.0,9,6,0,0,6,6,18217,3,0,0,3,0
2020-05-19,US,Tennessee,Franklin,43,1,0,35.15634626,-86.09201039,47051.0,42,43,1,0,42,43,41890,0,0,0,0,0
2020-05-19,US,Tennessee,Gibson,59,1,0,35.99438059,-88.93358327,47053.0,58,59,1,0,58,58,49045,0,0,0,0,1
2020-05-19,US,Tennessee,Giles,12,0,0,35.20222469,-87.03992678,47055.0,12,12,0,0,12,10,29503,0,0,0,0,2
2020-05-19,US,Tennessee,Grainger,6,0,0,36.27469206,-83.51254721,47057.0,6,6,0,0,6,6,23145,0,0,0,0,0
2020-05-19,US,Tennessee,Greene,46,2,0,36.17470125,-82.84691273,47059.0,44,46,2,0,44,46,69087,0,0,0,0,0
2020-05-19,US,Tennessee,Grundy,31,1,0,35.38433717,-85.72142731,47061.0,30,30,1,0,29,30,13346,1,0,0,1,0
2020-05-19,US,Tennessee,Hamblen,24,2,0,36.21990035,-83.26586179,47063.0,22,25,2,0,23,25,64569,-1,0,0,-1,0
2020-05-19,US,Tennessee,Hamilton,377,13,0,35.17670231,-85.16652245,47065.0,364,357,13,0,344,347,364286,20,0,0,20,10
2020-05-19,US,Tennessee,Hancock,1,0,0,36.52692871,-83.22375847,47067.0,1,,,,,,6549,,,,,
2020-05-19,US,Tennessee,Hardeman,183,0,0,35.20772017,-88.99161161,47069.0,183,183,0,0,183,182,25220,0,0,0,0,1
2020-05-19,US,Tennessee,Hardin,10,1,0,35.19732531,-88.18593755,47071.0,9,10,0,0,10,9,25776,0,1,0,-1,1
2020-05-19,US,Tennessee,Hawkins,31,2,0,36.44355426,-82.94885298,47073.0,29,31,2,0,29,31,56530,0,0,0,0,0
2020-05-19,US,Tennessee,Haywood,29,1,0,35.58332824,-89.28536625,47075.0,28,29,1,0,28,29,17335,0,0,0,0,0
2020-05-19,US,Tennessee,Henderson,12,0,0,35.65581134,-88.38600175,47077.0,12,12,0,0,12,12,27847,0,0,0,0,0
2020-05-19,US,Tennessee,Henry,20,0,0,36.33160906,-88.30121797,47079.0,20,19,0,0,19,17,32358,1,0,0,1,2
2020-05-19,US,Tennessee,Hickman,52,0,0,35.80609681,-87.47643507,47081.0,52,52,0,0,52,52,25063,0,0,0,0,0
2020-05-19,US,Tennessee,Houston,7,0,0,36.28872054,-87.71878828,47083.0,7,6,0,0,6,6,8263,1,0,0,1,0
2020-05-19,US,Tennessee,Humphreys,12,1,0,36.03958805,-87.77992872,47085.0,11,12,1,0,11,12,18486,0,0,0,0,0
2020-05-19,US,Tennessee,Jackson,13,0,0,36.36380466,-85.67239905,47087.0,13,11,0,0,11,11,11758,2,0,0,2,0
2020-05-19,US,Tennessee,Jefferson,26,0,0,36.04818632,-83.45148924,47089.0,26,26,0,0,26,26,54012,0,0,0,0,0
2020-05-19,US,Tennessee,Johnson,15,0,0,36.45523950000001,-81.84886538,47091.0,15,15,0,0,15,15,17778,0,0,0,0,0
2020-05-19,US,Tennessee,Knox,313,5,0,35.99508821,-83.94635435,47093.0,308,308,5,0,303,303,465289,5,0,0,5,5
2020-05-19,US,Tennessee,Lake,403,0,0,36.34180170000001,-89.48921915,47095.0,403,404,0,0,404,404,7411,-1,0,0,-1,0
2020-05-19,US,Tennessee,Lauderdale,48,1,0,35.75893438,-89.63015909999999,47097.0,47,44,1,0,43,44,25825,4,0,0,4,0
2020-05-19,US,Tennessee,Lawrence,21,0,0,35.21675201,-87.39787695,47099.0,21,21,0,0,21,21,43734,0,0,0,0,0
2020-05-19,US,Tennessee,Lewis,2,0,0,35.52853208,-87.49022694,47101.0,2,2,0,0,2,2,12086,0,0,0,0,0
2020-05-19,US,Tennessee,Lincoln,17,0,0,35.13738622,-86.58910106,47103.0,17,16,0,0,16,16,34117,1,0,0,1,0
2020-05-19,US,Tennessee,Loudon,97,0,0,35.73939663,-84.31145275,47105.0,97,94,0,0,94,48,53054,3,0,0,3,46
2020-05-19,US,Tennessee,Macon,93,3,0,36.53157855,-86.00778595,47111.0,90,90,3,0,87,81,24265,3,0,0,3,9
2020-05-19,US,Tennessee,Madison,162,2,0,35.61181957,-88.84076036,47113.0,160,163,2,0,161,163,97605,-1,0,0,-1,0
2020-05-19,US,Tennessee,Marion,34,1,0,35.12997174,-85.62265895,47115.0,33,33,1,0,32,32,28575,1,0,0,1,1
2020-05-19,US,Tennessee,Marshall,26,1,0,35.45798777,-86.76420988,47117.0,25,27,1,0,26,26,33683,-1,0,0,-1,1
2020-05-19,US,Tennessee,Maury,71,0,0,35.618741299999996,-87.07462444,47119.0,71,68,0,0,68,63,94340,3,0,0,3,5
2020-05-19,US,Tennessee,McMinn,125,12,0,35.42812616,-84.61520715,47107.0,113,123,12,0,111,123,53285,2,0,0,2,0
2020-05-19,US,Tennessee,McNairy,12,0,0,35.17468549,-88.5647812,47109.0,12,12,0,0,12,12,25832,0,0,0,0,0
2020-05-19,US,Tennessee,Meigs,22,0,0,35.51558739,-84.81482914,47121.0,22,22,0,0,22,22,12306,0,0,0,0,0
2020-05-19,US,Tennessee,Monroe,51,2,0,35.44550387,-84.24902965,47123.0,49,49,1,0,48,41,46357,2,1,0,1,8
2020-05-19,US,Tennessee,Montgomery,216,2,0,36.49609412,-87.38550661,47125.0,214,213,2,0,211,206,205950,3,0,0,3,7
2020-05-19,US,Tennessee,Moore,3,0,0,35.27724699,-86.36230578,47127.0,3,3,0,0,3,3,6411,0,0,0,0,0
2020-05-19,US,Tennessee,Morgan,17,0,0,36.13248031,-84.64880098,47129.0,17,12,0,0,12,12,21579,5,0,0,5,0
2020-05-19,US,Tennessee,Obion,19,1,0,36.35732446,-89.14921589,47131.0,18,19,1,0,18,19,30267,0,0,0,0,0
2020-05-19,US,Tennessee,Out of TN,386,4,0,0.0,0.0,80047.0,382,386,4,0,382,340,,0,0,0,0,46
2020-05-19,US,Tennessee,Overton,18,0,0,36.34117832,-85.28989535,47133.0,18,16,0,0,16,14,22068,2,0,0,2,2
2020-05-19,US,Tennessee,Perry,13,0,0,35.63708728,-87.86139634,47135.0,13,13,0,0,13,13,8064,0,0,0,0,0
2020-05-19,US,Tennessee,Pickett,2,0,0,36.55606529,-85.07763299999998,47137.0,2,2,0,0,2,1,5082,0,0,0,0,1
2020-05-19,US,Tennessee,Polk,14,0,0,35.12245443,-84.52075859,47139.0,14,14,0,0,14,13,16898,0,0,0,0,1
2020-05-19,US,Tennessee,Putnam,286,5,0,36.14005459,-85.50646123,47141.0,281,240,5,0,235,235,78843,46,0,0,46,5
2020-05-19,US,Tennessee,Rhea,15,0,0,35.60536161,-84.93076643,47143.0,15,10,0,0,10,7,33044,5,0,0,5,3
2020-05-19,US,Tennessee,Roane,9,0,0,35.84923189,-84.52458689,47145.0,9,9,0,0,9,8,53140,0,0,0,0,1
2020-05-19,US,Tennessee,Robertson,298,0,0,36.52454807,-86.87346725,47147.0,298,294,0,0,294,274,71012,4,0,0,4,20
2020-05-19,US,Tennessee,Rutherford,906,19,0,35.84591405,-86.4107263,47149.0,887,884,19,0,865,847,324890,22,0,0,22,37
2020-05-19,US,Tennessee,Scott,11,0,0,36.42325673,-84.50360494,47151.0,11,12,0,0,12,11,22039,-1,0,0,-1,1
2020-05-19,US,Tennessee,Sequatchie,9,0,0,35.36979721,-85.41022136,47153.0,9,10,0,0,10,10,14876,-1,0,0,-1,0
2020-05-19,US,Tennessee,Sevier,68,2,0,35.78077323,-83.52244332,47155.0,66,69,2,0,67,68,97892,-1,0,0,-1,1
2020-05-19,US,Tennessee,Shelby,3936,87,0,35.1864775,-89.89692423,47157.0,3849,3846,87,0,3759,3726,935764,90,0,0,90,120
2020-05-19,US,Tennessee,Smith,29,1,0,36.25359775,-85.95411046,47159.0,28,25,1,0,24,24,19942,4,0,0,4,1
2020-05-19,US,Tennessee,Stewart,8,0,0,36.50235092,-87.83920548,47161.0,8,7,0,0,7,7,13561,1,0,0,1,0
2020-05-19,US,Tennessee,Sullivan,57,2,0,36.51240691,-82.30412917,47163.0,55,57,2,0,55,57,157668,0,0,0,0,0
2020-05-19,US,Tennessee,Sumner,768,41,0,36.46824103,-86.45917204,47165.0,727,749,41,0,708,739,187149,19,0,0,19,10
2020-05-19,US,Tennessee,Tipton,407,2,0,35.501942,-89.73694895,47167.0,405,405,2,0,403,403,61581,2,0,0,2,2
2020-05-19,US,Tennessee,Trousdale,1384,4,0,36.39026213,-86.16087954,47169.0,1380,1383,4,0,1379,1383,11012,1,0,0,1,0
2020-05-19,US,Tennessee,Unassigned,84,1,0,0.0,0.0,90047.0,83,84,1,0,83,0,,0,0,0,0,84
2020-05-19,US,Tennessee,Unicoi,3,0,0,36.10890856,-82.43709629,47171.0,3,3,0,0,3,3,17761,0,0,0,0,0
2020-05-19,US,Tennessee,Union,4,0,0,36.28590426,-83.83651902,47173.0,4,4,0,0,4,4,19688,0,0,0,0,0
2020-05-19,US,Tennessee,Van Buren,4,0,0,35.69864497,-85.45221699,47175.0,4,4,0,0,4,3,5765,0,0,0,0,1
2020-05-19,US,Tennessee,Warren,16,0,0,35.672829899999996,-85.77969117,47177.0,16,16,0,0,16,15,40878,0,0,0,0,1
2020-05-19,US,Tennessee,Washington,70,0,0,36.29472368,-82.49454720000001,47179.0,70,66,0,0,66,66,128607,4,0,0,4,0
2020-05-19,US,Tennessee,Wayne,63,0,0,35.23868267,-87.78644456,47181.0,63,63,0,0,63,63,16558,0,0,0,0,0
2020-05-19,US,Tennessee,Weakley,27,0,0,36.29896232,-88.71990865,47183.0,27,26,0,0,26,24,33415,1,0,0,1,2
2020-05-19,US,Tennessee,White,21,0,0,35.92929884,-85.45591799,47185.0,21,19,0,0,19,18,27107,2,0,0,2,1
2020-05-19,US,Tennessee,Williamson,492,10,0,35.89099229,-86.89281867,47187.0,482,480,10,0,470,471,231729,12,0,0,12,9
2020-05-19,US,Tennessee,Wilson,338,8,0,36.15496772,-86.29775884,47189.0,330,327,8,0,319,318,140625,11,0,0,11,9
2020-05-19,US,Texas,Anderson,60,0,0,31.81534745,-95.65354823,48001.0,60,54,0,0,54,54,58057,6,0,0,6,0
2020-05-19,US,Texas,Andrews,22,0,0,32.30468633,-102.63765479999999,48003.0,22,22,0,0,22,22,18128,0,0,0,0,0
2020-05-19,US,Texas,Angelina,154,1,0,31.25457347,-94.60901487,48005.0,153,139,1,0,138,139,87092,15,0,0,15,0
2020-05-19,US,Texas,Aransas,3,0,0,28.10556197,-96.9995047,48007.0,3,3,0,0,3,3,23792,0,0,0,0,0
2020-05-19,US,Texas,Archer,1,0,0,33.61569967,-98.68754589,48009.0,1,1,0,0,1,1,8786,0,0,0,0,0
2020-05-19,US,Texas,Armstrong,2,0,0,34.96507426,-101.35748740000001,48011.0,2,2,0,0,2,2,1892,0,0,0,0,0
2020-05-19,US,Texas,Atascosa,32,1,0,28.89333001,-98.52730485,48013.0,31,30,1,0,29,30,50310,2,0,0,2,0
2020-05-19,US,Texas,Austin,20,0,0,29.88548725,-96.27736949,48015.0,20,19,0,0,19,19,29989,1,0,0,1,0
2020-05-19,US,Texas,Bailey,10,0,0,34.06854817,-102.8299707,48017.0,10,8,0,0,8,6,7027,2,0,0,2,2
2020-05-19,US,Texas,Bandera,6,0,0,29.74619598,-99.24598147,48019.0,6,6,0,0,6,6,22824,0,0,0,0,0
2020-05-19,US,Texas,Bastrop,148,2,0,30.10370699,-97.31206354,48021.0,146,132,2,0,130,132,86976,16,0,0,16,0
2020-05-19,US,Texas,Bee,6,0,0,28.41761668,-97.74215593,48025.0,6,6,0,0,6,6,32587,0,0,0,0,0
2020-05-19,US,Texas,Bell,260,3,0,31.03736027,-97.4785025,48027.0,257,248,3,0,245,248,355642,12,0,0,12,0
2020-05-19,US,Texas,Bexar,2278,62,0,29.44928723,-98.52019748,48029.0,2216,2120,62,0,2058,2120,1986049,158,0,0,158,0
2020-05-19,US,Texas,Blanco,6,0,0,30.26640707,-98.3999852,48031.0,6,6,0,0,6,6,11702,0,0,0,0,0
2020-05-19,US,Texas,Bosque,6,0,0,31.89978581,-97.63613524,48035.0,6,6,0,0,6,6,18691,0,0,0,0,0
2020-05-19,US,Texas,Bowie,137,5,0,33.44626922,-94.41834132,48037.0,132,133,3,0,130,133,94324,4,2,0,2,0
2020-05-19,US,Texas,Brazoria,786,11,0,29.18757369,-95.44563172,48039.0,775,767,11,0,756,727,370200,19,0,0,19,40
2020-05-19,US,Texas,Brazos,333,18,0,30.663644800000004,-96.30205577,48041.0,315,325,18,0,307,318,226758,8,0,0,8,7
2020-05-19,US,Texas,Brewster,1,0,0,29.81008251,-103.25203259999999,48043.0,1,1,0,0,1,1,9267,0,0,0,0,0
2020-05-19,US,Texas,Briscoe,1,0,0,34.53026962,-101.2084947,48045.0,1,1,0,0,1,1,1516,0,0,0,0,0
2020-05-19,US,Texas,Brooks,1,0,0,27.03103197,-98.21808402,48047.0,1,1,0,0,1,1,7114,0,0,0,0,0
2020-05-19,US,Texas,Brown,51,7,0,31.77430356,-98.99907113,48049.0,44,51,7,0,44,51,37924,0,0,0,0,0
2020-05-19,US,Texas,Burleson,20,0,0,30.49273808,-96.62158484,48051.0,20,18,0,0,18,18,18389,2,0,0,2,0
2020-05-19,US,Texas,Burnet,28,0,0,30.78801353,-98.181887,48053.0,28,28,0,0,28,28,47542,0,0,0,0,0
2020-05-19,US,Texas,Caldwell,39,0,0,29.83668859,-97.61814775,48055.0,39,36,0,0,36,36,43247,3,0,0,3,0
2020-05-19,US,Texas,Calhoun,36,3,0,28.47048236,-96.61633945,48057.0,33,36,3,0,33,36,21561,0,0,0,0,0
2020-05-19,US,Texas,Callahan,8,1,0,32.29760619,-99.37326312,48059.0,7,8,1,0,7,8,13994,0,0,0,0,0
2020-05-19,US,Texas,Cameron,635,29,0,26.14524221,-97.48140372,48061.0,606,619,27,0,592,619,423908,16,2,0,14,0
2020-05-19,US,Texas,Camp,26,0,0,32.97195142,-94.97790104,48063.0,26,24,0,0,24,21,13033,2,0,0,2,3
2020-05-19,US,Texas,Carson,5,0,0,35.40365929,-101.35426690000001,48065.0,5,5,0,0,5,4,6005,0,0,0,0,1
2020-05-19,US,Texas,Cass,21,0,0,33.07499881,-94.34646905,48067.0,21,20,0,0,20,19,30119,1,0,0,1,1
2020-05-19,US,Texas,Castro,28,1,0,34.53016752,-102.2617243,48069.0,27,27,1,0,26,27,7665,1,0,0,1,0
2020-05-19,US,Texas,Chambers,55,0,0,29.70972016,-94.67154501,48071.0,55,53,0,0,53,53,42454,2,0,0,2,0
2020-05-19,US,Texas,Cherokee,36,2,0,31.837258000000002,-95.16559897,48073.0,34,34,1,0,33,34,52592,2,1,0,1,0
2020-05-19,US,Texas,Childress,2,0,0,34.529304100000004,-100.2077916,48075.0,2,2,0,0,2,2,7291,0,0,0,0,0
2020-05-19,US,Texas,Clay,3,0,0,33.78686685,-98.20771198,48077.0,3,3,0,0,3,3,10456,0,0,0,0,0
2020-05-19,US,Texas,Cochran,1,0,0,33.60425307,-102.82844990000001,48079.0,1,1,0,0,1,1,2836,0,0,0,0,0
2020-05-19,US,Texas,Coke,1,0,0,31.88911733,-100.5297533,48081.0,1,1,0,0,1,1,3370,0,0,0,0,0
2020-05-19,US,Texas,Coleman,2,0,0,31.76736834,-99.45240766,48083.0,2,2,0,0,2,2,8397,0,0,0,0,0
2020-05-19,US,Texas,Collin,1047,31,0,33.18820114,-96.57264368,48085.0,1016,1028,31,0,997,1016,1005146,19,0,0,19,12
2020-05-19,US,Texas,Collingsworth,4,0,0,34.96489496,-100.27001109999999,48087.0,4,4,0,0,4,4,2962,0,0,0,0,0
2020-05-19,US,Texas,Colorado,19,0,0,29.622097999999998,-96.5273805,48089.0,19,18,0,0,18,18,21217,1,0,0,1,0
2020-05-19,US,Texas,Comal,71,6,0,29.80811278,-98.27647225,48091.0,65,70,6,0,64,70,148373,1,0,0,1,0
2020-05-19,US,Texas,Comanche,5,1,0,31.94854689,-98.55876441,48093.0,4,3,1,0,2,3,13534,2,0,0,2,0
2020-05-19,US,Texas,Concho,1,0,0,31.32635934,-99.86473038,48095.0,1,1,0,0,1,1,4276,0,0,0,0,0
2020-05-19,US,Texas,Cooke,13,0,0,33.63979567,-97.21240912,48097.0,13,13,0,0,13,13,40574,0,0,0,0,0
2020-05-19,US,Texas,Coryell,226,2,0,31.39078397,-97.79936155,48099.0,224,224,2,0,222,224,74808,2,0,0,2,0
2020-05-19,US,Texas,Cottle,4,1,0,34.07783319,-100.27850620000001,48101.0,3,4,1,0,3,4,1389,0,0,0,0,0
2020-05-19,US,Texas,Crane,2,0,0,31.43052248,-102.5143314,48103.0,2,2,0,0,2,2,4794,0,0,0,0,0
2020-05-19,US,Texas,Crosby,3,1,0,33.61431553,-101.30003640000001,48107.0,2,3,1,0,2,3,5779,0,0,0,0,0
2020-05-19,US,Texas,Dallam,22,1,0,36.27787176,-102.60207249999999,48111.0,21,22,1,0,21,22,7200,0,0,0,0,0
2020-05-19,US,Texas,Dallas,7904,191,0,32.76670599,-96.77796049999999,48113.0,7713,7679,177,0,7502,7455,2637772,225,14,0,211,224
2020-05-19,US,Texas,Dawson,38,1,0,32.74255572,-101.94772420000001,48115.0,37,38,1,0,37,38,12619,0,0,0,0,0
2020-05-19,US,Texas,DeWitt,17,1,0,29.08101855,-97.35681170000001,48123.0,16,17,1,0,16,17,20187,0,0,0,0,0
2020-05-19,US,Texas,Deaf Smith,133,7,0,34.96522957,-102.6054267,48117.0,126,122,6,0,116,122,18760,11,1,0,10,0
2020-05-19,US,Texas,Delta,1,0,0,33.38570922,-95.66921122,48119.0,1,1,0,0,1,1,5349,0,0,0,0,0
2020-05-19,US,Texas,Denton,1088,28,0,33.20521901,-97.11691153,48121.0,1060,1069,28,0,1041,1051,859064,19,0,0,19,18
2020-05-19,US,Texas,Dickens,1,0,0,33.61616822,-100.7788855,48125.0,1,1,0,0,1,1,2249,0,0,0,0,0
2020-05-19,US,Texas,Dimmit,1,0,0,28.42270064,-99.75645095,48127.0,1,1,0,0,1,1,10308,0,0,0,0,0
2020-05-19,US,Texas,Donley,27,0,0,34.96517499,-100.8140093,48129.0,27,26,0,0,26,25,3319,1,0,0,1,1
2020-05-19,US,Texas,Duval,5,0,0,27.68184592,-98.50864568,48131.0,5,5,0,0,5,5,11212,0,0,0,0,0
2020-05-19,US,Texas,Eastland,5,0,0,32.32743996,-98.83243566,48133.0,5,5,0,0,5,5,18322,0,0,0,0,0
2020-05-19,US,Texas,Ector,115,4,0,31.86898877,-102.54294279999999,48135.0,111,114,4,0,110,114,162124,1,0,0,1,0
2020-05-19,US,Texas,El Paso,1852,52,0,31.76980765,-106.23632749999999,48141.0,1800,1772,47,0,1725,1726,840758,80,5,0,75,46
2020-05-19,US,Texas,Ellis,258,12,0,32.34894117,-96.79371841,48139.0,246,247,12,0,235,247,179436,11,0,0,11,0
2020-05-19,US,Texas,Erath,15,1,0,32.23602653,-98.21773417,48143.0,14,15,1,0,14,15,42446,0,0,0,0,0
2020-05-19,US,Texas,Falls,6,0,0,31.25350609,-96.93630086,48145.0,6,6,0,0,6,6,17335,0,0,0,0,0
2020-05-19,US,Texas,Fannin,27,2,0,33.59564294,-96.10751083,48147.0,25,25,2,0,23,25,35286,2,0,0,2,0
2020-05-19,US,Texas,Fayette,31,2,0,29.87788372,-96.92076062,48149.0,29,29,2,0,27,29,25349,2,0,0,2,0
2020-05-19,US,Texas,Fisher,2,0,0,32.74281316,-100.40193020000001,48151.0,2,1,0,0,1,1,3839,1,0,0,1,0
2020-05-19,US,Texas,Floyd,5,0,0,34.07227468,-101.3031546,48153.0,5,4,0,0,4,4,5837,1,0,0,1,0
2020-05-19,US,Texas,Fort Bend,1559,40,0,29.52704478,-95.77219463,48157.0,1519,1559,40,0,1519,1558,787858,0,0,0,0,1
2020-05-19,US,Texas,Franklin,7,0,0,33.17653242,-95.21917243,48159.0,7,6,0,0,6,5,10766,1,0,0,1,1
2020-05-19,US,Texas,Freestone,7,0,0,31.70422788,-96.15072516,48161.0,7,7,0,0,7,7,19808,0,0,0,0,0
2020-05-19,US,Texas,Frio,35,0,0,28.86751206,-99.10804207,48163.0,35,35,0,0,35,35,19816,0,0,0,0,0
2020-05-19,US,Texas,Gaines,6,0,0,32.74055318,-102.6353295,48165.0,6,5,0,0,5,5,20901,1,0,0,1,0
2020-05-19,US,Texas,Galveston,706,31,0,29.40167322,-94.90469073,48167.0,675,702,31,0,671,701,337890,4,0,0,4,1
2020-05-19,US,Texas,Garza,4,0,0,33.17969345,-101.2984114,48169.0,4,4,0,0,4,4,6578,0,0,0,0,0
2020-05-19,US,Texas,Gillespie,5,0,0,30.31824095,-98.94676915,48171.0,5,4,0,0,4,4,26804,1,0,0,1,0
2020-05-19,US,Texas,Glasscock,1,0,0,31.86942909,-101.5207776,48173.0,1,1,0,0,1,1,1388,0,0,0,0,0
2020-05-19,US,Texas,Goliad,7,0,0,28.65696592,-97.42760647,48175.0,7,7,0,0,7,7,7584,0,0,0,0,0
2020-05-19,US,Texas,Gonzales,86,2,0,29.45634206,-97.49424032,48177.0,84,85,2,0,83,79,20826,1,0,0,1,6
2020-05-19,US,Texas,Gray,94,1,0,35.40081878,-100.8129222,48179.0,93,93,0,0,93,91,21895,1,1,0,0,2
2020-05-19,US,Texas,Grayson,165,0,0,33.62744998,-96.67753461,48181.0,165,152,0,0,152,147,133991,13,0,0,13,5
2020-05-19,US,Texas,Gregg,173,0,0,32.47940482,-94.81591935,48183.0,173,170,0,0,170,170,123707,3,0,0,3,0
2020-05-19,US,Texas,Grimes,65,1,0,30.54579585,-95.98902499,48185.0,64,65,1,0,64,65,28360,0,0,0,0,0
2020-05-19,US,Texas,Guadalupe,110,0,0,29.58165339,-97.94786822,48187.0,110,110,0,0,110,110,163694,0,0,0,0,0
2020-05-19,US,Texas,Hale,49,4,0,34.07044901,-101.82681140000001,48189.0,45,44,4,0,40,44,33830,5,0,0,5,0
2020-05-19,US,Texas,Hamilton,7,0,0,31.70470573,-98.11083887,48193.0,7,7,0,0,7,7,8484,0,0,0,0,0
2020-05-19,US,Texas,Hansford,16,2,0,36.27743284,-101.3545796,48195.0,14,16,2,0,14,16,5463,0,0,0,0,0
2020-05-19,US,Texas,Hardin,118,4,0,30.33364686,-94.38931817,48199.0,114,117,4,0,113,117,57207,1,0,0,1,0
2020-05-19,US,Texas,Harris,9859,207,0,29.86,-95.39,48201.0,9652,9635,205,0,9430,9465,4698619,224,2,0,222,170
2020-05-19,US,Texas,Harrison,205,21,0,32.54935988,-94.36934071,48203.0,184,202,19,0,183,202,66726,3,2,0,1,0
2020-05-19,US,Texas,Hartley,11,2,0,35.84008013,-102.6029022,48205.0,9,9,2,0,7,9,5619,2,0,0,2,0
2020-05-19,US,Texas,Haskell,2,0,0,33.17823584,-99.73037358,48207.0,2,1,0,0,1,1,5813,1,0,0,1,0
2020-05-19,US,Texas,Hays,219,3,0,30.05669873,-98.02944344,48209.0,216,219,3,0,216,219,222631,0,0,0,0,0
2020-05-19,US,Texas,Hemphill,1,0,0,35.83764858,-100.2703577,48211.0,1,1,0,0,1,1,3825,0,0,0,0,0
2020-05-19,US,Texas,Henderson,49,0,0,32.21128872,-95.85846587,48213.0,49,48,0,0,48,48,82299,1,0,0,1,0
2020-05-19,US,Texas,Hidalgo,448,10,0,26.39418217,-98.18299696,48215.0,438,440,10,0,430,425,865939,8,0,0,8,15
2020-05-19,US,Texas,Hill,23,1,0,31.99045053,-97.13423143,48217.0,22,22,1,0,21,22,36354,1,0,0,1,0
2020-05-19,US,Texas,Hockley,24,1,0,33.60771256,-102.3431676,48219.0,23,23,1,0,22,23,22980,1,0,0,1,0
2020-05-19,US,Texas,Hood,22,3,0,32.42990927,-97.83242024,48221.0,19,22,3,0,19,22,60537,0,0,0,0,0
2020-05-19,US,Texas,Hopkins,8,0,0,33.14875072,-95.56351139,48223.0,8,8,0,0,8,8,36810,0,0,0,0,0
2020-05-19,US,Texas,Houston,81,0,0,31.31925973,-95.42226208,48225.0,81,79,0,0,79,76,23169,2,0,0,2,3
2020-05-19,US,Texas,Howard,6,1,0,32.30621324,-101.4356444,48227.0,5,6,1,0,5,6,36459,0,0,0,0,0
2020-05-19,US,Texas,Hunt,68,3,0,33.12351514,-96.08551032,48231.0,65,66,3,0,63,66,96493,2,0,0,2,0
2020-05-19,US,Texas,Hutchinson,30,0,0,35.84006574,-101.3546643,48233.0,30,28,0,0,28,25,21198,2,0,0,2,3
2020-05-19,US,Texas,Jack,4,0,0,33.23377248,-98.17283469,48237.0,4,4,0,0,4,4,8843,0,0,0,0,0
2020-05-19,US,Texas,Jackson,15,1,0,28.95472367,-96.57749563,48239.0,14,15,1,0,14,15,14874,0,0,0,0,0
2020-05-19,US,Texas,Jasper,26,1,0,30.74685667,-94.02667579,48241.0,25,23,1,0,22,23,35872,3,0,0,3,0
2020-05-19,US,Texas,Jefferson,451,26,0,29.8832777,-94.16434171,48245.0,425,436,26,0,410,436,255001,15,0,0,15,0
2020-05-19,US,Texas,Jim Hogg,4,0,0,27.04453923,-98.69681870000001,48247.0,4,4,0,0,4,4,5248,0,0,0,0,0
2020-05-19,US,Texas,Jim Wells,8,0,0,27.73103938,-98.0904705,48249.0,8,8,0,0,8,8,40822,0,0,0,0,0
2020-05-19,US,Texas,Johnson,136,4,0,32.37877812,-97.36615819,48251.0,132,123,4,0,119,123,171361,13,0,0,13,0
2020-05-19,US,Texas,Jones,115,0,0,32.73997145,-99.87861576,48253.0,115,112,0,0,112,112,19817,3,0,0,3,0
2020-05-19,US,Texas,Karnes,4,0,0,28.90705334,-97.85960149,48255.0,4,3,0,0,3,3,15650,1,0,0,1,0
2020-05-19,US,Texas,Kaufman,155,2,0,32.599141700000004,-96.28734728,48257.0,153,147,1,0,146,147,128622,8,1,0,7,0
2020-05-19,US,Texas,Kendall,23,0,0,29.94414155,-98.7113588,48259.0,23,21,0,0,21,21,45641,2,0,0,2,0
2020-05-19,US,Texas,Kerr,10,0,0,30.06040006,-99.34930144,48265.0,10,10,0,0,10,10,52405,0,0,0,0,0
2020-05-19,US,Texas,Kimble,1,0,0,30.48678918,-99.74856473,48267.0,1,1,0,0,1,1,4362,0,0,0,0,0
2020-05-19,US,Texas,Kleberg,14,1,0,27.42435506,-97.69894948,48273.0,13,14,1,0,13,14,31129,0,0,0,0,0
2020-05-19,US,Texas,Knox,1,0,0,33.60519951,-99.74229059999999,48275.0,1,1,0,0,1,1,3653,0,0,0,0,0
2020-05-19,US,Texas,La Salle,4,0,0,28.34453111,-99.09908775,48283.0,4,4,0,0,4,4,7531,0,0,0,0,0
2020-05-19,US,Texas,Lamar,116,9,0,33.66981763,-95.57404777,48277.0,107,116,9,0,107,116,49728,0,0,0,0,0
2020-05-19,US,Texas,Lamb,11,0,0,34.06859623,-102.35162890000001,48279.0,11,11,0,0,11,11,13158,0,0,0,0,0
2020-05-19,US,Texas,Lampasas,8,0,0,31.19531316,-98.24206613,48281.0,8,8,0,0,8,8,21229,0,0,0,0,0
2020-05-19,US,Texas,Lavaca,8,1,0,29.38508402,-96.93186692,48285.0,7,8,1,0,7,8,20110,0,0,0,0,0
2020-05-19,US,Texas,Lee,7,0,0,30.31120597,-96.97045773,48287.0,7,6,0,0,6,6,17144,1,0,0,1,0
2020-05-19,US,Texas,Leon,9,0,0,31.29872538,-95.9936328,48289.0,9,9,0,0,9,9,17270,0,0,0,0,0
2020-05-19,US,Texas,Liberty,75,3,0,30.15152688,-94.81205615,48291.0,72,75,3,0,72,75,86323,0,0,0,0,0
2020-05-19,US,Texas,Limestone,17,1,0,31.5454767,-96.58095444,48293.0,16,15,1,0,14,15,23519,2,0,0,2,0
2020-05-19,US,Texas,Lipscomb,2,0,0,36.27783108,-100.27331509999999,48295.0,2,2,0,0,2,2,3355,0,0,0,0,0
2020-05-19,US,Texas,Live Oak,7,0,0,28.35101362,-98.1246786,48297.0,7,7,0,0,7,6,12166,0,0,0,0,1
2020-05-19,US,Texas,Llano,3,0,0,30.70645047,-98.68475262,48299.0,3,3,0,0,3,3,21646,0,0,0,0,0
2020-05-19,US,Texas,Lubbock,624,50,0,33.61008596,-101.82047890000001,48303.0,574,619,50,0,569,619,307412,5,0,0,5,0
2020-05-19,US,Texas,Lynn,5,1,0,33.17657705,-101.8162849,48305.0,4,5,1,0,4,5,5877,0,0,0,0,0
2020-05-19,US,Texas,Madison,8,0,0,30.96694679,-95.93003775,48313.0,8,8,0,0,8,8,14422,0,0,0,0,0
2020-05-19,US,Texas,Marion,15,0,0,32.79868409,-94.35661230000001,48315.0,15,15,0,0,15,15,9928,0,0,0,0,0
2020-05-19,US,Texas,Martin,3,1,0,32.30600051,-101.9513518,48317.0,2,3,1,0,2,3,5753,0,0,0,0,0
2020-05-19,US,Texas,Mason,31,0,0,30.71780434,-99.22629416,48319.0,31,31,0,0,31,31,4280,0,0,0,0,0
2020-05-19,US,Texas,Matagorda,65,5,0,28.81955746,-96.01230294,48321.0,60,65,5,0,60,65,36552,0,0,0,0,0
2020-05-19,US,Texas,Maverick,94,1,0,28.7429195,-100.3157686,48323.0,93,89,0,0,89,74,58485,5,1,0,4,15
2020-05-19,US,Texas,McCulloch,3,0,0,31.1925468,-99.34682807,48307.0,3,3,0,0,3,3,7987,0,0,0,0,0
2020-05-19,US,Texas,McLennan,98,4,0,31.55255453,-97.20217694,48309.0,94,98,4,0,94,97,254607,0,0,0,0,1
2020-05-19,US,Texas,Medina,59,2,0,29.355730100000002,-99.11030298,48325.0,57,58,2,0,56,50,50921,1,0,0,1,8
2020-05-19,US,Texas,Midland,122,12,0,31.86904128,-102.03156820000001,48329.0,110,120,12,0,108,120,172578,2,0,0,2,0
2020-05-19,US,Texas,Milam,25,1,0,30.78581830000001,-96.97718698,48331.0,24,24,1,0,23,24,25131,1,0,0,1,0
2020-05-19,US,Texas,Mills,1,0,0,31.49557106,-98.59272068,48333.0,1,1,0,0,1,1,4921,0,0,0,0,0
2020-05-19,US,Texas,Mitchell,1,0,0,32.30623474,-100.9212058,48335.0,1,1,0,0,1,1,8145,0,0,0,0,0
2020-05-19,US,Texas,Montague,9,1,0,33.67521893,-97.72500958,48337.0,8,9,1,0,8,9,19596,0,0,0,0,0
2020-05-19,US,Texas,Montgomery,848,18,0,30.30079133,-95.50572772,48339.0,830,817,18,0,799,798,590925,31,0,0,31,19
2020-05-19,US,Texas,Moore,575,12,0,35.83769242,-101.8930281,48341.0,563,567,12,0,555,552,21485,8,0,0,8,15
2020-05-19,US,Texas,Morris,13,0,0,33.11304005,-94.73255695,48343.0,13,11,0,0,11,11,12339,2,0,0,2,0
2020-05-19,US,Texas,Motley,1,0,0,34.07408766,-100.77972199999999,48345.0,1,1,0,0,1,1,1234,0,0,0,0,0
2020-05-19,US,Texas,Nacogdoches,241,17,0,31.62017125,-94.61803994,48347.0,224,239,17,0,222,238,65711,2,0,0,2,1
2020-05-19,US,Texas,Navarro,38,2,0,32.04620681,-96.47428766,48349.0,36,38,2,0,36,38,49565,0,0,0,0,0
2020-05-19,US,Texas,Newton,4,0,0,30.78548982,-93.74408813,48351.0,4,4,0,0,4,4,13746,0,0,0,0,0
2020-05-19,US,Texas,Nolan,2,0,0,32.30365282,-100.4060208,48353.0,2,2,0,0,2,2,14751,0,0,0,0,0
2020-05-19,US,Texas,Nueces,242,3,0,27.736286,-97.5433285,48355.0,239,234,3,0,231,233,362265,8,0,0,8,1
2020-05-19,US,Texas,Ochiltree,40,2,0,36.27829105,-100.8158184,48357.0,38,41,2,0,39,40,9947,-1,0,0,-1,1
2020-05-19,US,Texas,Oldham,3,1,0,35.40425596,-102.6027606,48359.0,2,4,1,0,3,4,2131,-1,0,0,-1,0
2020-05-19,US,Texas,Orange,87,2,0,30.11879481,-93.89412775,48361.0,85,87,2,0,85,87,83572,0,0,0,0,0
2020-05-19,US,Texas,Palo Pinto,9,2,0,32.75310985,-98.31319001,48363.0,7,9,2,0,7,9,28875,0,0,0,0,0
2020-05-19,US,Texas,Panola,175,16,0,32.163959600000005,-94.30552481,48365.0,159,175,15,0,160,175,23148,0,1,0,-1,0
2020-05-19,US,Texas,Parker,63,0,0,32.77757172,-97.80500621,48367.0,63,57,0,0,57,57,138371,6,0,0,6,0
2020-05-19,US,Texas,Parmer,36,0,0,34.52993409,-102.78446679999999,48369.0,36,34,0,0,34,26,9864,2,0,0,2,8
2020-05-19,US,Texas,Pecos,23,0,0,30.78097267,-102.72412609999999,48371.0,23,20,0,0,20,20,15673,3,0,0,3,0
2020-05-19,US,Texas,Polk,50,0,0,30.79472531,-94.82766240000001,48373.0,50,47,0,0,47,47,50031,3,0,0,3,0
2020-05-19,US,Texas,Potter,2145,23,0,35.40133773,-101.893964,48375.0,2122,2129,23,0,2106,2129,119648,16,0,0,16,0
2020-05-19,US,Texas,Rains,2,0,0,32.87109387,-95.79232691,48379.0,2,2,0,0,2,2,12159,0,0,0,0,0
2020-05-19,US,Texas,Randall,611,5,0,34.96585996,-101.8971322,48381.0,606,602,4,0,598,602,136271,9,1,0,8,0
2020-05-19,US,Texas,Red River,36,0,0,33.61886692,-95.04841765,48387.0,36,35,0,0,35,35,12175,1,0,0,1,0
2020-05-19,US,Texas,Reeves,7,0,0,31.32323325,-103.69038959999999,48389.0,7,7,0,0,7,7,15695,0,0,0,0,0
2020-05-19,US,Texas,Refugio,3,0,0,28.323897600000002,-97.15766311,48391.0,3,3,0,0,3,3,7032,0,0,0,0,0
2020-05-19,US,Texas,Roberts,2,0,0,35.83809685,-100.813175,48393.0,2,2,0,0,2,2,903,0,0,0,0,0
2020-05-19,US,Texas,Robertson,7,0,0,31.02539637,-96.51272246,48395.0,7,6,0,0,6,6,17284,1,0,0,1,0
2020-05-19,US,Texas,Rockwall,138,5,0,32.89779518,-96.40771592,48397.0,133,138,5,0,133,138,100657,0,0,0,0,0
2020-05-19,US,Texas,Runnels,2,0,0,31.8314342,-99.97616148,48399.0,2,2,0,0,2,2,10234,0,0,0,0,0
2020-05-19,US,Texas,Rusk,42,2,0,32.10773545,-94.76176432,48401.0,40,42,1,0,41,42,54450,0,1,0,-1,0
2020-05-19,US,Texas,Sabine,4,0,0,31.34318809,-93.85440451,48403.0,4,3,0,0,3,3,10589,1,0,0,1,0
2020-05-19,US,Texas,San Augustine,26,1,0,31.39457611,-94.17000399,48405.0,25,22,1,0,21,22,8232,4,0,0,4,0
2020-05-19,US,Texas,San Jacinto,12,0,0,30.57933681,-95.16260304,48407.0,12,12,0,0,12,12,28719,0,0,0,0,0
2020-05-19,US,Texas,San Patricio,26,0,0,28.00880118,-97.51763891,48409.0,26,26,0,0,26,26,66893,0,0,0,0,0
2020-05-19,US,Texas,San Saba,1,0,0,31.1577796,-98.81758731,48411.0,1,,,,,,6054,,,,,
2020-05-19,US,Texas,Scurry,2,0,0,32.74613808,-100.91626640000001,48415.0,2,2,0,0,2,2,16866,0,0,0,0,0
2020-05-19,US,Texas,Shackelford,1,0,0,32.73587756,-99.35401337,48417.0,1,1,0,0,1,1,3253,0,0,0,0,0
2020-05-19,US,Texas,Shelby,175,5,0,31.79211404,-94.14550696,48419.0,170,175,5,0,170,175,25418,0,0,0,0,0
2020-05-19,US,Texas,Sherman,23,0,0,36.27751473,-101.8933156,48421.0,23,23,0,0,23,23,3079,0,0,0,0,0
2020-05-19,US,Texas,Smith,192,3,0,32.37474036,-95.27175679999999,48423.0,189,189,3,0,186,189,230221,3,0,0,3,0
2020-05-19,US,Texas,Starr,23,0,0,26.56150059,-98.73892358,48427.0,23,17,0,0,17,17,64525,6,0,0,6,0
2020-05-19,US,Texas,Stephens,2,0,0,32.73553157,-98.83631615,48429.0,2,2,0,0,2,2,9433,0,0,0,0,0
2020-05-19,US,Texas,Swisher,15,0,0,34.53028891,-101.73491740000001,48437.0,15,15,0,0,15,14,7462,0,0,0,0,1
2020-05-19,US,Texas,Tarrant,4559,123,0,32.77143818,-97.29101614,48439.0,4436,4447,123,0,4324,4350,2084931,112,0,0,112,97
2020-05-19,US,Texas,Taylor,222,6,0,32.30163422,-99.89007449,48441.0,216,217,6,0,211,217,137640,5,0,0,5,0
2020-05-19,US,Texas,Terry,13,0,0,33.17402785,-102.3354521,48445.0,13,12,0,0,12,12,12287,1,0,0,1,0
2020-05-19,US,Texas,Titus,129,1,0,33.21339719,-94.96797273,48449.0,128,102,1,0,101,96,33033,27,0,0,27,6
2020-05-19,US,Texas,Tom Green,87,1,0,31.40464436,-100.46244300000001,48451.0,86,87,1,0,86,86,118189,0,0,0,0,1
2020-05-19,US,Texas,Travis,2537,79,0,30.33432034,-97.78535620000001,48453.0,2458,2459,77,0,2382,2425,1248743,78,2,0,76,34
2020-05-19,US,Texas,Trinity,11,0,0,31.0879489,-95.1367187,48455.0,11,11,0,0,11,11,14740,0,0,0,0,0
2020-05-19,US,Texas,Tyler,10,0,0,30.77031716,-94.37690895,48457.0,10,9,0,0,9,9,21696,1,0,0,1,0
2020-05-19,US,Texas,Upshur,18,0,0,32.73706798,-94.93999853,48459.0,18,18,0,0,18,18,41260,0,0,0,0,0
2020-05-19,US,Texas,Uvalde,6,0,0,29.35739637,-99.76229172,48463.0,6,6,0,0,6,6,26846,0,0,0,0,0
2020-05-19,US,Texas,Val Verde,13,0,0,29.89149232,-101.1525205,48465.0,13,13,0,0,13,13,49208,0,0,0,0,0
2020-05-19,US,Texas,Van Zandt,23,1,0,32.56483801,-95.83766469,48467.0,22,22,1,0,21,22,56019,1,0,0,1,0
2020-05-19,US,Texas,Victoria,157,7,0,28.79780988,-96.96813006,48469.0,150,156,7,0,149,154,92035,1,0,0,1,2
2020-05-19,US,Texas,Walker,442,26,0,30.73872995,-95.57440968,48471.0,416,423,26,0,397,421,72480,19,0,0,19,2
2020-05-19,US,Texas,Waller,43,0,0,30.01058447,-95.99011759,48473.0,43,40,0,0,40,40,53126,3,0,0,3,0
2020-05-19,US,Texas,Washington,184,22,0,30.21498498,-96.40946246,48477.0,162,181,22,0,159,181,35108,3,0,0,3,0
2020-05-19,US,Texas,Webb,479,18,0,27.7610369,-99.33237355,48479.0,461,477,18,0,459,477,275910,2,0,0,2,0
2020-05-19,US,Texas,Wharton,44,0,0,29.27765923,-96.22319248,48481.0,44,43,0,0,43,42,41619,1,0,0,1,1
2020-05-19,US,Texas,Wheeler,14,0,0,35.40114335,-100.26995140000001,48483.0,14,14,0,0,14,14,5191,0,0,0,0,0
2020-05-19,US,Texas,Wichita,80,2,0,33.98842886,-98.70410340000001,48485.0,78,78,2,0,76,78,132064,2,0,0,2,0
2020-05-19,US,Texas,Wilbarger,6,0,0,34.07945812,-99.24178437,48487.0,6,5,0,0,5,5,12820,1,0,0,1,0
2020-05-19,US,Texas,Willacy,14,1,0,26.47411727,-97.61535848,48489.0,13,14,1,0,13,14,21515,0,0,0,0,0
2020-05-19,US,Texas,Williamson,501,20,0,30.64655664,-97.60048540000001,48491.0,481,486,19,0,467,481,566719,15,1,0,14,5
2020-05-19,US,Texas,Wilson,37,5,0,29.1732598,-98.08693082,48493.0,32,36,5,0,31,36,50224,1,0,0,1,0
2020-05-19,US,Texas,Winkler,3,0,0,31.85008651,-103.04851629999999,48495.0,3,3,0,0,3,3,7720,0,0,0,0,0
2020-05-19,US,Texas,Wise,38,2,0,33.21570665,-97.65460265,48497.0,36,36,2,0,34,36,68305,2,0,0,2,0
2020-05-19,US,Texas,Wood,22,0,0,32.78722382,-95.38236368,48499.0,22,18,0,0,18,18,45129,4,0,0,4,0
2020-05-19,US,Texas,Yoakum,2,0,0,33.17320212,-102.82764329999999,48501.0,2,2,0,0,2,2,8591,0,0,0,0,0
2020-05-19,US,Texas,Young,4,1,0,33.17659707,-98.68790885,48503.0,3,4,1,0,3,4,18045,0,0,0,0,0
2020-05-19,US,Texas,Zapata,7,0,0,27.00156391,-99.16987152,48505.0,7,7,0,0,7,7,14190,0,0,0,0,0
2020-05-19,US,Texas,Zavala,9,0,0,28.86617238,-99.76050829,48507.0,9,9,0,0,9,9,11983,0,0,0,0,0
2020-05-19,US,Utah,Bear River,89,1,0,41.52106798,-113.08328159999999,0.0,88,90,1,0,89,88,,-1,0,0,-1,2
2020-05-19,US,Utah,Central Utah,30,0,0,39.37231946,-111.5758676,0.0,30,30,0,0,30,30,,0,0,0,0,0
2020-05-19,US,Utah,Davis,373,2,0,40.99001837,-112.1139997,49011.0,371,370,2,0,368,368,351713,3,0,0,3,2
2020-05-19,US,Utah,Salt Lake,4019,61,0,40.66616532,-111.92160109999999,49035.0,3958,3942,55,0,3887,3883,1152633,77,6,0,71,59
2020-05-19,US,Utah,San Juan,238,4,0,37.62762978,-109.80337140000002,49037.0,234,227,4,0,223,198,15449,11,0,0,11,29
2020-05-19,US,Utah,Southeast Utah,16,0,0,38.99617072,-110.70139579999999,0.0,16,15,0,0,15,14,,1,0,0,1,1
2020-05-19,US,Utah,Southwest Utah,245,4,0,37.85447192,-111.4418764,90049.0,241,236,3,0,233,219,,9,1,0,8,17
2020-05-19,US,Utah,Summit,403,0,0,40.86688146,-110.9535882,49043.0,403,401,0,0,401,401,41933,2,0,0,2,0
2020-05-19,US,Utah,Tooele,103,0,0,40.44862644,-113.12957150000001,49045.0,103,94,0,0,94,93,69907,9,0,0,9,1
2020-05-19,US,Utah,TriCounty,19,0,0,40.12491499,-109.5174415,0.0,19,22,0,0,22,19,,-3,0,0,-3,3
2020-05-19,US,Utah,Utah,1537,12,0,40.116672200000004,-111.66576620000001,49049.0,1525,1520,11,0,1509,1497,622213,17,1,0,16,23
2020-05-19,US,Utah,Wasatch,212,1,0,40.33110236,-111.1691419,49051.0,211,203,1,0,202,202,33240,9,0,0,9,1
2020-05-19,US,Utah,Weber-Morgan,234,3,0,41.27116049,-111.9145117,0.0,231,234,3,0,231,226,,0,0,0,0,8
2020-05-19,US,Vermont,Addison,62,2,0,44.03217337,-73.14130877,50001.0,60,62,2,0,60,62,36973,0,0,0,0,0
2020-05-19,US,Vermont,Bennington,60,1,0,43.03519828,-73.09048868,50003.0,59,60,1,0,59,60,35631,0,0,0,0,0
2020-05-19,US,Vermont,Caledonia,14,0,0,44.46548598,-72.10314651,50005.0,14,14,0,0,14,14,30302,0,0,0,0,0
2020-05-19,US,Vermont,Chittenden,439,38,0,44.46322849,-73.08359212,50007.0,401,439,38,0,401,439,164572,0,0,0,0,0
2020-05-19,US,Vermont,Essex,2,0,0,44.72736416,-71.73579864,50009.0,2,2,0,0,2,2,6250,0,0,0,0,0
2020-05-19,US,Vermont,Franklin,99,5,0,44.85627605,-72.91249563,50011.0,94,99,5,0,94,99,49421,0,0,0,0,0
2020-05-19,US,Vermont,Grand Isle,4,0,0,44.797582399999996,-73.29679772,50013.0,4,4,0,0,4,4,7090,0,0,0,0,0
2020-05-19,US,Vermont,Lamoille,28,1,0,44.60353043,-72.64356694,50015.0,27,27,1,0,26,27,25300,1,0,0,1,0
2020-05-19,US,Vermont,Orange,8,0,0,44.00470222,-72.37640104,50017.0,8,8,0,0,8,8,28999,0,0,0,0,0
2020-05-19,US,Vermont,Orleans,9,0,0,44.82964024,-72.24562697,50019.0,9,9,0,0,9,9,26907,0,0,0,0,0
2020-05-19,US,Vermont,Rutland,50,1,0,43.57723578,-73.03741676,50021.0,49,50,1,0,49,50,58672,0,0,0,0,0
2020-05-19,US,Vermont,Unassigned,6,0,0,0.0,0.0,90050.0,6,5,0,0,5,5,,1,0,0,1,0
2020-05-19,US,Vermont,Washington,38,1,0,44.27343241,-72.61604978,50023.0,37,38,1,0,37,38,58140,0,0,0,0,0
2020-05-19,US,Vermont,Windham,77,3,0,42.986982,-72.71268875,50025.0,74,76,3,0,73,76,42756,1,0,0,1,0
2020-05-19,US,Vermont,Windsor,48,2,0,43.58010937,-72.58595157,50027.0,46,47,2,0,45,47,55286,1,0,0,1,0
2020-05-19,US,Virginia,Accomack,701,9,0,37.76707161,-75.63234615,51001.0,692,690,9,0,681,688,32412,11,0,0,11,2
2020-05-19,US,Virginia,Albemarle,141,4,0,38.02080697,-78.55481085,51003.0,137,139,4,0,135,138,108718,2,0,0,2,1
2020-05-19,US,Virginia,Alexandria,1544,34,0,38.814003,-77.08183073,51510.0,1510,1510,34,0,1476,1476,160530,34,0,0,34,34
2020-05-19,US,Virginia,Alleghany,9,0,0,37.78636074,-80.00222498,51005.0,9,9,0,0,9,7,14910,0,0,0,0,2
2020-05-19,US,Virginia,Amelia,20,1,0,37.34081025,-77.98584649,51007.0,19,20,1,0,19,18,13013,0,0,0,0,2
2020-05-19,US,Virginia,Amherst,25,0,0,37.60308293,-79.14548696,51009.0,25,25,0,0,25,25,31666,0,0,0,0,0
2020-05-19,US,Virginia,Appomattox,24,0,0,37.37569884,-78.81340003,51011.0,24,25,0,0,25,23,15841,-1,0,0,-1,2
2020-05-19,US,Virginia,Arlington,1688,79,0,38.8767675,-77.10139853,51013.0,1609,1638,77,0,1561,1590,237521,50,2,0,48,48
2020-05-19,US,Virginia,Augusta,87,1,0,38.16404586,-79.12461614,51015.0,86,85,1,0,84,84,75457,2,0,0,2,1
2020-05-19,US,Virginia,Bedford,41,1,0,37.3080028,-79.5281964,51019.0,40,41,1,0,40,40,78747,0,0,0,0,1
2020-05-19,US,Virginia,Botetourt,31,3,0,37.55531756,-79.80982182,51023.0,28,31,3,0,28,31,33277,0,0,0,0,0
2020-05-19,US,Virginia,Bristol,3,0,0,36.616302399999995,-82.16359122,51520.0,3,3,0,0,3,3,16482,0,0,0,0,0
2020-05-19,US,Virginia,Brunswick,21,1,0,36.76366949,-77.8593436,51025.0,20,20,1,0,19,20,16384,1,0,0,1,0
2020-05-19,US,Virginia,Buchanan,18,0,0,37.26818323,-82.03749726,51027.0,18,16,0,0,16,16,21221,2,0,0,2,0
2020-05-19,US,Virginia,Buckingham,419,2,0,37.57242268,-78.52518834,51029.0,417,417,2,0,415,411,16999,2,0,0,2,6
2020-05-19,US,Virginia,Buena Vista,11,0,0,37.73484642,-79.35296097,51530.0,11,9,0,0,9,8,6237,2,0,0,2,1
2020-05-19,US,Virginia,Campbell,13,1,0,37.20553386,-79.09678609,51031.0,12,13,1,0,12,13,54973,0,0,0,0,0
2020-05-19,US,Virginia,Caroline,44,2,0,38.02679129,-77.34901405,51033.0,42,42,2,0,40,42,30772,2,0,0,2,0
2020-05-19,US,Virginia,Carroll,50,0,0,36.73066666,-80.73455942,51035.0,50,49,0,0,49,48,29636,1,0,0,1,1
2020-05-19,US,Virginia,Charles City,24,1,0,37.35358063,-77.05634116,51036.0,23,23,1,0,22,22,6941,1,0,0,1,1
2020-05-19,US,Virginia,Charlotte,14,0,0,37.01909701,-78.66314092,51037.0,14,14,0,0,14,11,11938,0,0,0,0,3
2020-05-19,US,Virginia,Charlottesville,72,2,0,38.03527919,-78.48569588,51540.0,70,72,2,0,70,71,48117,0,0,0,0,1
2020-05-19,US,Virginia,Chesapeake,396,10,0,36.67670048,-76.30545744,51550.0,386,387,10,0,377,384,242634,9,0,0,9,3
2020-05-19,US,Virginia,Chesterfield,1043,29,0,37.37373208,-77.58680140000001,51041.0,1014,1002,29,0,973,988,348556,41,0,0,41,14
2020-05-19,US,Virginia,Clarke,19,0,0,39.11271747,-77.99199425,51043.0,19,18,0,0,18,19,14523,1,0,0,1,-1
2020-05-19,US,Virginia,Colonial Heights,77,7,0,37.26420587,-77.39609676,51570.0,70,76,7,0,69,76,17833,1,0,0,1,0
2020-05-19,US,Virginia,Covington,2,0,0,37.7824656,-79.98631446,51580.0,2,2,0,0,2,2,5460,0,0,0,0,0
2020-05-19,US,Virginia,Craig,4,0,0,37.48133648,-80.21072274,51045.0,4,4,0,0,4,4,5064,0,0,0,0,0
2020-05-19,US,Virginia,Culpeper,452,5,0,38.48199985,-77.95630870000002,51047.0,447,388,5,0,383,374,51859,64,0,0,64,14
2020-05-19,US,Virginia,Cumberland,25,0,0,37.51328851,-78.24398086,51049.0,25,23,0,0,23,23,9809,2,0,0,2,0
2020-05-19,US,Virginia,Danville,44,1,0,36.58022376,-79.40395668,51590.0,43,44,1,0,43,44,40693,0,0,0,0,0
2020-05-19,US,Virginia,Dinwiddie,45,0,0,37.07544585,-77.63451754,51053.0,45,38,0,0,38,36,28529,7,0,0,7,2
2020-05-19,US,Virginia,Emporia,58,3,0,36.69455571,-77.53406129,51595.0,55,55,3,0,52,52,5121,3,0,0,3,3
2020-05-19,US,Virginia,Essex,35,0,0,37.93357639,-76.94230311,51057.0,35,31,0,0,31,31,10919,4,0,0,4,0
2020-05-19,US,Virginia,Fairfax,8020,292,0,38.83677558,-77.27565836,51059.0,7728,7843,284,0,7559,7643,1150795,177,8,0,169,200
2020-05-19,US,Virginia,Fairfax,8020,292,0,38.83677558,-77.27565836,51059.0,7728,7843,284,0,7559,7643,24574,177,8,0,169,200
2020-05-19,US,Virginia,Fairfax City,47,3,0,38.85157547,-77.29779640000002,51600.0,44,47,3,0,44,47,24574,0,0,0,0,0
2020-05-19,US,Virginia,Falls Church,44,4,0,38.88485255,-77.17560759,51610.0,40,44,4,0,40,44,14772,0,0,0,0,0
2020-05-19,US,Virginia,Fauquier,243,5,0,38.73564842,-77.80647472,51061.0,238,223,5,0,218,213,70675,20,0,0,20,10
2020-05-19,US,Virginia,Floyd,4,0,0,36.9302126,-80.36738849,51063.0,4,4,0,0,4,4,15795,0,0,0,0,0
2020-05-19,US,Virginia,Fluvanna,82,6,0,37.84157909,-78.27715475,51065.0,76,82,6,0,76,81,26783,0,0,0,0,1
2020-05-19,US,Virginia,Franklin,30,1,0,36.99536167,-79.88023649,51067.0,29,30,1,0,29,30,56195,0,0,0,0,0
2020-05-19,US,Virginia,Franklin,30,1,0,36.99536167,-79.88023649,51067.0,29,30,1,0,29,30,8013,0,0,0,0,0
2020-05-19,US,Virginia,Franklin City,32,1,0,36.6831435,-76.93859681,51620.0,31,32,1,0,31,29,8013,0,0,0,0,3
2020-05-19,US,Virginia,Frederick,223,3,0,39.20172582,-78.25974949,51069.0,220,217,3,0,214,211,88355,6,0,0,6,6
2020-05-19,US,Virginia,Fredericksburg,101,0,0,38.2977863,-77.4922454,51630.0,101,96,0,0,96,93,29144,5,0,0,5,3
2020-05-19,US,Virginia,Galax,82,0,0,36.66601852,-80.91703124,51640.0,82,82,0,0,82,80,6423,0,0,0,0,2
2020-05-19,US,Virginia,Giles,5,0,0,37.31234791,-80.70636931,51071.0,5,5,0,0,5,5,16844,0,0,0,0,0
2020-05-19,US,Virginia,Gloucester,28,1,0,37.40809042,-76.53524337,51073.0,27,28,1,0,27,28,37349,0,0,0,0,0
2020-05-19,US,Virginia,Goochland,88,5,0,37.71714806,-77.90381514,51075.0,83,88,5,0,83,87,23244,0,0,0,0,1
2020-05-19,US,Virginia,Grayson,21,0,0,36.65677234,-81.23215889,51077.0,21,21,0,0,21,21,15631,0,0,0,0,0
2020-05-19,US,Virginia,Greene,19,1,0,38.29545894,-78.46525378,51079.0,18,19,1,0,18,19,19779,0,0,0,0,0
2020-05-19,US,Virginia,Greensville,54,7,0,36.67878901,-77.56351439,51081.0,47,50,7,0,43,50,11627,4,0,0,4,0
2020-05-19,US,Virginia,Halifax,29,0,0,36.76654925,-78.93512622,51083.0,29,27,0,0,27,27,34120,2,0,0,2,0
2020-05-19,US,Virginia,Hampton,164,3,0,37.03513786,-76.35879121,51650.0,161,163,3,0,160,161,134313,1,0,0,1,2
2020-05-19,US,Virginia,Hanover,232,19,0,37.7583355,-77.49464673,51085.0,213,225,19,0,206,220,107239,7,0,0,7,5
2020-05-19,US,Virginia,Harrisonburg,647,21,0,38.43542574,-78.87536254,51660.0,626,633,21,0,612,632,54033,14,0,0,14,1
2020-05-19,US,Virginia,Henrico,1299,114,0,37.53460572,-77.39326555,51087.0,1185,1272,113,0,1159,1252,329261,27,1,0,26,20
2020-05-19,US,Virginia,Henry,46,2,0,36.68542395,-79.87634026,51089.0,44,43,2,0,41,36,50953,3,0,0,3,7
2020-05-19,US,Virginia,Highland,2,0,0,38.35799465,-79.56124594,51091.0,2,2,0,0,2,2,2210,0,0,0,0,0
2020-05-19,US,Virginia,Hopewell,58,0,0,37.29186313,-77.29754684,51670.0,58,53,0,0,53,51,22596,5,0,0,5,2
2020-05-19,US,Virginia,Isle of Wight,119,3,0,36.90579348,-76.70842863,51093.0,116,119,3,0,116,115,36953,0,0,0,0,4
2020-05-19,US,Virginia,James City,189,15,0,37.31156958,-76.76950618,51095.0,174,187,15,0,172,186,76397,2,0,0,2,1
2020-05-19,US,Virginia,King George,48,4,0,38.26818502,-77.15852768,51099.0,44,48,4,0,44,48,26575,0,0,0,0,0
2020-05-19,US,Virginia,King William,15,1,0,37.70965316,-77.09384941,51101.0,14,15,1,0,14,14,16939,0,0,0,0,1
2020-05-19,US,Virginia,King and Queen,7,0,0,37.71044922,-76.88689628,51097.0,7,7,0,0,7,7,7042,0,0,0,0,0
2020-05-19,US,Virginia,Lancaster,7,0,0,37.71889653,-76.46400482,51103.0,7,7,0,0,7,7,10783,0,0,0,0,0
2020-05-19,US,Virginia,Lee,10,0,0,36.70586667,-83.12606515,51105.0,10,10,0,0,10,10,23541,0,0,0,0,0
2020-05-19,US,Virginia,Lexington,6,0,0,37.78258621,-79.44262866,51678.0,6,6,0,0,6,6,7136,0,0,0,0,0
2020-05-19,US,Virginia,Loudoun,1527,48,0,39.08990083,-77.63481877,51107.0,1479,1486,48,0,1438,1446,406850,41,0,0,41,40
2020-05-19,US,Virginia,Louisa,60,0,0,37.97850256,-77.96274807,51109.0,60,60,0,0,60,59,36778,0,0,0,0,1
2020-05-19,US,Virginia,Lunenburg,7,0,0,36.94618528,-78.24133319,51111.0,7,7,0,0,7,7,12086,0,0,0,0,0
2020-05-19,US,Virginia,Lynchburg,75,1,0,37.40021399,-79.19888138,51680.0,74,74,1,0,73,73,82126,1,0,0,1,1
2020-05-19,US,Virginia,Madison,27,1,0,38.41531222,-78.28220331,51113.0,26,24,1,0,23,24,13295,3,0,0,3,0
2020-05-19,US,Virginia,Manassas,680,5,0,38.7464321,-77.48509905,51683.0,675,628,5,0,623,594,41641,52,0,0,52,34
2020-05-19,US,Virginia,Manassas Park,202,3,0,38.77058531,-77.44399307,51685.0,199,198,3,0,195,187,17307,4,0,0,4,11
2020-05-19,US,Virginia,Martinsville,16,0,0,36.68212094,-79.86352771,51690.0,16,8,0,0,8,5,12902,8,0,0,8,3
2020-05-19,US,Virginia,Mathews,5,0,0,37.44164146,-76.34098896,51115.0,5,5,0,0,5,5,8802,0,0,0,0,0
2020-05-19,US,Virginia,Mecklenburg,178,17,0,36.67882005,-78.36131056,51117.0,161,169,16,0,153,167,30650,9,1,0,8,2
2020-05-19,US,Virginia,Middlesex,12,0,0,37.63191998,-76.55064617,51119.0,12,12,0,0,12,12,10769,0,0,0,0,0
2020-05-19,US,Virginia,Montgomery,66,1,0,37.17746986,-80.37868691,51121.0,65,66,1,0,65,66,98985,0,0,0,0,0
2020-05-19,US,Virginia,Nelson,13,0,0,37.78790447,-78.88498513,51125.0,13,12,0,0,12,12,14836,1,0,0,1,0
2020-05-19,US,Virginia,New Kent,27,1,0,37.50694406,-76.99828634,51127.0,26,26,1,0,25,26,22391,1,0,0,1,0
2020-05-19,US,Virginia,Newport News,209,10,0,37.08166899,-76.51754109,51700.0,199,206,10,0,196,193,178626,3,0,0,3,13
2020-05-19,US,Virginia,Norfolk,370,6,0,36.89934014,-76.26420872,51710.0,364,361,5,0,356,350,244076,9,1,0,8,11
2020-05-19,US,Virginia,Northampton,204,11,0,37.34062933,-75.87751591,51131.0,193,198,9,0,189,198,11735,6,2,0,4,0
2020-05-19,US,Virginia,Northumberland,20,1,0,37.89202088,-76.41949732,51133.0,19,18,1,0,17,18,12147,2,0,0,2,0
2020-05-19,US,Virginia,Norton,2,0,0,36.93357076,-82.62750411,51720.0,2,2,0,0,2,2,3968,0,0,0,0,0
2020-05-19,US,Virginia,Nottoway,18,0,0,37.1435975,-78.05065922,51135.0,18,18,0,0,18,16,15420,0,0,0,0,2
2020-05-19,US,Virginia,Orange,67,0,0,38.24530219,-78.01560400000002,51137.0,67,60,0,0,60,56,36644,7,0,0,7,4
2020-05-19,US,Virginia,Page,165,17,0,38.61807452,-78.48797204,51139.0,148,161,16,0,145,161,23933,4,1,0,3,0
2020-05-19,US,Virginia,Patrick,9,0,0,36.680163799999995,-80.2865648,51141.0,9,8,0,0,8,6,17673,1,0,0,1,2
2020-05-19,US,Virginia,Petersburg,75,2,0,37.20530399,-77.39368102,51730.0,73,60,2,0,58,58,31567,15,0,0,15,2
2020-05-19,US,Virginia,Pittsylvania,26,1,0,36.81980341,-79.39731264,51143.0,25,24,1,0,23,24,60949,2,0,0,2,0
2020-05-19,US,Virginia,Poquoson,7,0,0,37.14259351,-76.35798148,51735.0,7,7,0,0,7,7,12190,0,0,0,0,0
2020-05-19,US,Virginia,Portsmouth,237,10,0,36.85914825,-76.35971629,51740.0,227,228,10,0,218,225,94632,9,0,0,9,3
2020-05-19,US,Virginia,Powhatan,25,0,0,37.55016038,-77.91267882,51145.0,25,24,0,0,24,24,29189,1,0,0,1,0
2020-05-19,US,Virginia,Prince Edward,83,2,0,37.22554789,-78.43597949,51147.0,81,77,2,0,75,73,22950,6,0,0,6,4
2020-05-19,US,Virginia,Prince George,56,0,0,37.18497668,-77.22922187,51149.0,56,52,0,0,52,49,38082,4,0,0,4,3
2020-05-19,US,Virginia,Prince William,3934,73,0,38.70916224,-77.48713689,51153.0,3861,3759,70,0,3689,3666,468011,175,3,0,172,93
2020-05-19,US,Virginia,Pulaski,10,0,0,37.06474963,-80.71229738,51155.0,10,10,0,0,10,10,34066,0,0,0,0,0
2020-05-19,US,Virginia,Radford,3,0,0,37.12222899,-80.56027320000003,51750.0,3,3,0,0,3,3,18339,0,0,0,0,0
2020-05-19,US,Virginia,Rappahannock,12,0,0,38.68295619,-78.15826963,51157.0,12,12,0,0,12,12,7252,0,0,0,0,0
2020-05-19,US,Virginia,Richmond,265,4,0,37.937575,-76.72920628,51159.0,261,263,4,0,259,261,9038,2,0,0,2,2
2020-05-19,US,Virginia,Richmond City,811,19,0,37.53255773,-77.47966921,51760.0,792,779,18,0,761,758,228783,32,1,0,31,21
2020-05-19,US,Virginia,Roanoke,88,3,0,37.26865804,-80.06396753,51161.0,85,86,3,0,83,85,94073,2,0,0,2,1
2020-05-19,US,Virginia,Roanoke City,135,8,0,37.27791025,-79.96189766,51770.0,127,128,8,0,120,120,99920,7,0,0,7,8
2020-05-19,US,Virginia,Rockbridge,13,0,0,37.81204314,-79.44605905,51163.0,13,11,0,0,11,11,22752,2,0,0,2,0
2020-05-19,US,Virginia,Rockingham,401,5,0,38.51006137,-78.87260325,51165.0,396,397,2,0,395,389,81244,4,3,0,1,8
2020-05-19,US,Virginia,Russell,8,0,0,36.93028320000001,-82.10095486,51167.0,8,8,0,0,8,8,26748,0,0,0,0,0
2020-05-19,US,Virginia,Salem,33,0,0,37.2836193,-80.06219455,51775.0,33,32,0,0,32,32,25643,1,0,0,1,0
2020-05-19,US,Virginia,Scott,7,2,0,36.71466456,-82.60171704,51169.0,5,7,2,0,5,7,21534,0,0,0,0,0
2020-05-19,US,Virginia,Shenandoah,329,12,0,38.85905135,-78.56813762,51171.0,317,319,12,0,307,303,43497,10,0,0,10,16
2020-05-19,US,Virginia,Smyth,15,0,0,36.84455636,-81.53344948,51173.0,15,15,0,0,15,15,30472,0,0,0,0,0
2020-05-19,US,Virginia,Southampton,137,2,0,36.72231125,-77.10642712,51175.0,135,137,2,0,135,135,17586,0,0,0,0,2
2020-05-19,US,Virginia,Spotsylvania,339,4,0,38.18574462,-77.655399,51177.0,335,319,4,0,315,312,134238,20,0,0,20,7
2020-05-19,US,Virginia,Stafford,501,4,0,38.41758738,-77.45917053,51179.0,497,484,4,0,480,467,149960,17,0,0,17,17
2020-05-19,US,Virginia,Staunton,32,0,0,38.15965544,-79.05979937,51790.0,32,33,0,0,33,34,24922,-1,0,0,-1,-1
2020-05-19,US,Virginia,Suffolk,269,25,0,36.70155394,-76.63603554,51800.0,244,269,22,0,247,264,91185,0,3,0,-3,5
2020-05-19,US,Virginia,Surry,6,1,0,37.11781893,-76.88450012,51181.0,5,6,1,0,5,6,6474,0,0,0,0,0
2020-05-19,US,Virginia,Sussex,98,1,0,36.92432914,-77.25791182,51183.0,97,91,1,0,90,80,11237,7,0,0,7,11
2020-05-19,US,Virginia,Tazewell,6,0,0,37.12191123,-81.56685568,51185.0,6,6,0,0,6,6,40855,0,0,0,0,0
2020-05-19,US,Virginia,Virginia Beach,559,19,0,36.73285734,-76.04566934,51810.0,540,557,19,0,538,548,450189,2,0,0,2,9
2020-05-19,US,Virginia,Warren,103,2,0,38.90847745,-78.20280433,51187.0,101,99,2,0,97,99,40003,4,0,0,4,0
2020-05-19,US,Virginia,Washington,50,4,0,36.72341572,-81.95666289,51191.0,46,49,3,0,46,49,54402,1,1,0,0,0
2020-05-19,US,Virginia,Waynesboro,28,0,0,38.06451466,-78.90293905,51820.0,28,24,0,0,24,22,22628,4,0,0,4,2
2020-05-19,US,Virginia,Westmoreland,43,0,0,38.11021557,-76.80213247,51193.0,43,42,0,0,42,42,17830,1,0,0,1,0
2020-05-19,US,Virginia,Williamsburg,43,3,0,37.28131268,-76.70905141,51830.0,40,43,3,0,40,43,14896,0,0,0,0,0
2020-05-19,US,Virginia,Winchester,96,1,0,39.17054517,-78.17325058,51840.0,95,84,1,0,83,80,28108,12,0,0,12,4
2020-05-19,US,Virginia,Wise,23,2,0,36.9746148,-82.62410519,51195.0,21,23,2,0,21,23,38012,0,0,0,0,0
2020-05-19,US,Virginia,Wythe,16,1,0,36.91582035,-81.07834059,51197.0,15,16,1,0,15,16,28754,0,0,0,0,0
2020-05-19,US,Virginia,York,63,3,0,37.24374789,-76.54412815,51199.0,60,63,3,0,60,62,67846,0,0,0,0,1
2020-05-19,US,Washington,Adams,50,0,0,46.98299757,-118.56017340000001,53001.0,50,50,0,0,50,50,19759,0,0,0,0,0
2020-05-19,US,Washington,Asotin,18,2,0,46.18894415,-117.2022851,53003.0,16,18,2,0,16,18,22610,0,0,0,0,0
2020-05-19,US,Washington,Benton,652,58,0,46.23946995,-119.51208340000001,53005.0,594,643,55,0,588,633,201877,9,3,0,6,10
2020-05-19,US,Washington,Chelan,182,6,0,47.87046092,-120.6173956,53007.0,176,178,6,0,172,176,77036,4,0,0,4,2
2020-05-19,US,Washington,Clallam,21,0,0,48.04754642,-123.92263190000001,53009.0,21,21,0,0,21,21,76737,0,0,0,0,0
2020-05-19,US,Washington,Clark,391,22,0,45.77568046,-122.48292040000001,53011.0,369,388,22,0,366,388,481857,3,0,0,3,0
2020-05-19,US,Washington,Columbia,1,0,0,46.29442881,-117.9051983,53013.0,1,1,0,0,1,1,4059,0,0,0,0,0
2020-05-19,US,Washington,Cowlitz,69,0,0,46.19074721,-122.6782231,53015.0,69,68,0,0,68,68,108987,1,0,0,1,0
2020-05-19,US,Washington,Douglas,130,3,0,47.7361335,-119.69293700000001,53017.0,127,129,3,0,126,126,42907,1,0,0,1,3
2020-05-19,US,Washington,Ferry,1,0,0,48.471143100000006,-118.5154041,53019.0,1,1,0,0,1,1,7649,0,0,0,0,0
2020-05-19,US,Washington,Franklin,464,18,0,46.53351425,-118.9018212,53021.0,446,456,17,0,439,444,94347,8,1,0,7,12
2020-05-19,US,Washington,Grant,186,4,0,47.20753737,-119.4500749,53025.0,182,187,3,0,184,186,97331,-1,1,0,-2,1
2020-05-19,US,Washington,Grays Harbor,15,0,0,47.14003705,-123.7820567,53027.0,15,15,0,0,15,15,73901,0,0,0,0,0
2020-05-19,US,Washington,Island,176,10,0,48.14713305,-122.5216407,53029.0,166,176,10,0,166,176,84460,0,0,0,0,0
2020-05-19,US,Washington,Jefferson,30,0,0,47.75003077,-123.56097040000002,53031.0,30,30,0,0,30,30,31729,0,0,0,0,0
2020-05-19,US,Washington,King,7565,534,0,47.49137892,-121.8346131,53033.0,7031,7515,528,0,6987,7472,2233163,50,6,0,44,43
2020-05-19,US,Washington,Kitsap,161,2,0,47.63479026,-122.6436061,53035.0,159,160,2,0,158,160,269805,1,0,0,1,0
2020-05-19,US,Washington,Kittitas,61,0,0,47.12521214,-120.67943899999999,53037.0,61,57,0,0,57,52,47364,4,0,0,4,5
2020-05-19,US,Washington,Klickitat,25,3,0,45.87325839,-120.7913598,53039.0,22,24,3,0,21,24,22107,1,0,0,1,0
2020-05-19,US,Washington,Lewis,35,3,0,46.57756476,-122.39257690000001,53041.0,32,35,3,0,32,34,79604,0,0,0,0,1
2020-05-19,US,Washington,Lincoln,2,0,0,47.57705241,-118.41943880000001,53043.0,2,2,0,0,2,2,10740,0,0,0,0,0
2020-05-19,US,Washington,Mason,33,1,0,47.35007586,-123.1863685,53045.0,32,33,1,0,32,31,65507,0,0,0,0,2
2020-05-19,US,Washington,Okanogan,40,1,0,48.54855019,-119.73872240000001,53047.0,39,40,1,0,39,40,42132,0,0,0,0,0
2020-05-19,US,Washington,Pacific,9,1,0,46.55418369,-123.7285716,53049.0,8,9,1,0,8,9,22036,0,0,0,0,0
2020-05-19,US,Washington,Pend Oreille,2,0,0,48.53234021,-117.2741804,53051.0,2,2,0,0,2,2,13602,0,0,0,0,0
2020-05-19,US,Washington,Pierce,1704,64,0,47.03892768,-122.14059579999999,53053.0,1640,1687,62,0,1625,1680,891299,17,2,0,15,7
2020-05-19,US,Washington,San Juan,15,0,0,48.60182783,-122.96745,53055.0,15,15,0,0,15,15,17128,0,0,0,0,0
2020-05-19,US,Washington,Skagit,426,15,0,48.48171488,-121.766131,53057.0,411,426,14,0,412,425,128206,0,1,0,-1,1
2020-05-19,US,Washington,Skamania,3,0,0,46.02408726,-121.91644029999999,53059.0,3,3,0,0,3,3,11924,0,0,0,0,0
2020-05-19,US,Washington,Snohomish,2818,132,0,48.04615983,-121.7170703,53061.0,2686,2797,125,0,2672,2784,814901,21,7,0,14,13
2020-05-19,US,Washington,Spokane,411,31,0,47.62113146,-117.4046494,53063.0,380,403,30,0,373,400,514631,8,1,0,7,3
2020-05-19,US,Washington,Stevens,10,1,0,48.40035475,-117.8542701,53065.0,9,9,1,0,8,9,45260,1,0,0,1,0
2020-05-19,US,Washington,Thurston,124,1,0,46.9291895,-122.82906559999999,53067.0,123,124,1,0,123,124,286419,0,0,0,0,0
2020-05-19,US,Washington,Unassigned,52,0,0,0.0,0.0,90053.0,52,54,0,0,54,101,,-2,0,0,-2,-47
2020-05-19,US,Washington,Wahkiakum,4,0,0,46.29180039999999,-123.4250831,53069.0,4,4,0,0,4,4,4426,0,0,0,0,0
2020-05-19,US,Washington,Walla Walla,106,2,0,46.23040051,-118.4775539,53071.0,104,107,2,0,105,107,60922,-1,0,0,-1,0
2020-05-19,US,Washington,Whatcom,359,36,0,48.82227976,-121.74900179999999,53073.0,323,358,35,0,323,353,225685,1,1,0,0,5
2020-05-19,US,Washington,Whitman,16,0,0,46.90022523,-117.52417630000001,53075.0,16,16,0,0,16,16,49791,0,0,0,0,0
2020-05-19,US,Washington,Yakima,2444,81,0,46.45738486,-120.73801259999999,53077.0,2363,2370,75,0,2295,2253,251446,74,6,0,68,117
2020-05-19,US,West Virginia,Barbour,7,1,0,39.1307219,-80.00350858,54001.0,6,7,1,0,6,7,16535,0,0,0,0,0
2020-05-19,US,West Virginia,Berkeley,215,6,0,39.46704621,-78.02414609,54003.0,209,215,6,0,209,210,117123,0,0,0,0,5
2020-05-19,US,West Virginia,Boone,9,0,0,38.01974191,-81.69888019,54005.0,9,9,0,0,9,9,21951,0,0,0,0,0
2020-05-19,US,West Virginia,Braxton,2,0,0,38.70036159,-80.72011184,54007.0,2,2,0,0,2,2,14089,0,0,0,0,0
2020-05-19,US,West Virginia,Brooke,3,0,0,40.27367263,-80.57915332,54009.0,3,3,0,0,3,3,22203,0,0,0,0,0
2020-05-19,US,West Virginia,Cabell,56,0,0,38.42424062,-82.23855912,54011.0,56,56,0,0,56,57,93224,0,0,0,0,-1
2020-05-19,US,West Virginia,Calhoun,2,0,0,38.84315422,-81.11934872,54013.0,2,2,0,0,2,2,7254,0,0,0,0,0
2020-05-19,US,West Virginia,Clay,2,0,0,38.46231092,-81.07652217,54015.0,2,2,0,0,2,2,8632,0,0,0,0,0
2020-05-19,US,West Virginia,Fayette,38,3,0,38.02974928,-81.08286634,54019.0,35,38,3,0,35,38,43018,0,0,0,0,0
2020-05-19,US,West Virginia,Gilmer,8,0,0,38.9251277,-80.85952723,54021.0,8,8,0,0,8,8,8026,0,0,0,0,0
2020-05-19,US,West Virginia,Grant,6,0,0,39.10314817,-79.19440518,54023.0,6,6,0,0,6,6,11626,0,0,0,0,0
2020-05-19,US,West Virginia,Greenbrier,9,0,0,37.9463652,-80.45335881,54025.0,9,9,0,0,9,9,34786,0,0,0,0,0
2020-05-19,US,West Virginia,Hampshire,12,1,0,39.32103553,-78.60826476,54027.0,11,12,1,0,11,12,23347,0,0,0,0,0
2020-05-19,US,West Virginia,Hancock,12,0,0,40.51943859,-80.57461608,54029.0,12,12,0,0,12,12,29094,0,0,0,0,0
2020-05-19,US,West Virginia,Hardy,31,0,0,39.00683177,-78.85855301,54031.0,31,31,0,0,31,25,13775,0,0,0,0,6
2020-05-19,US,West Virginia,Harrison,35,1,0,39.2853852,-80.37919577,54033.0,34,35,1,0,34,35,67554,0,0,0,0,0
2020-05-19,US,West Virginia,Jackson,135,17,0,38.84263974,-81.68148753,54035.0,118,135,17,0,118,136,28706,0,0,0,0,-1
2020-05-19,US,West Virginia,Jefferson,101,1,0,39.30776166,-77.86014147,54037.0,100,101,1,0,100,100,56811,0,0,0,0,1
2020-05-19,US,West Virginia,Kanawha,203,16,0,38.33860077,-81.52857054,54039.0,187,203,16,0,187,207,180454,0,0,0,0,-4
2020-05-19,US,West Virginia,Lewis,5,0,0,38.9947249,-80.49988181,54041.0,5,5,0,0,5,5,16024,0,0,0,0,0
2020-05-19,US,West Virginia,Lincoln,5,0,0,38.172154,-82.07017953,54043.0,5,5,0,0,5,5,20599,0,0,0,0,0
2020-05-19,US,West Virginia,Logan,15,1,0,37.8299889,-81.93528571,54045.0,14,15,1,0,14,15,32607,0,0,0,0,0
2020-05-19,US,West Virginia,Marion,48,2,0,39.50984542,-80.24244659,54049.0,46,48,2,0,46,48,56097,0,0,0,0,0
2020-05-19,US,West Virginia,Marshall,25,0,0,39.86064362,-80.66591062,54051.0,25,25,0,0,25,24,30785,0,0,0,0,1
2020-05-19,US,West Virginia,Mason,15,0,0,38.77071799,-82.02524219,54053.0,15,15,0,0,15,15,26718,0,0,0,0,0
2020-05-19,US,West Virginia,McDowell,6,0,0,37.38002939,-81.65083669,54047.0,6,6,0,0,6,6,18223,0,0,0,0,0
2020-05-19,US,West Virginia,Mercer,13,0,0,37.40481169,-81.11023142,54055.0,13,13,0,0,13,12,59131,0,0,0,0,1
2020-05-19,US,West Virginia,Mineral,29,0,0,39.41561583,-78.94104895,54057.0,29,29,0,0,29,28,26940,0,0,0,0,1
2020-05-19,US,West Virginia,Mingo,3,1,0,37.73048351,-82.13338365,54059.0,2,3,1,0,2,4,23785,0,0,0,0,-1
2020-05-19,US,West Virginia,Monongalia,116,5,0,39.63218457,-80.04766838,54061.0,111,116,5,0,111,117,106420,0,0,0,0,-1
2020-05-19,US,West Virginia,Monroe,6,0,0,37.56274716,-80.54577965,54063.0,6,6,0,0,6,6,13280,0,0,0,0,0
2020-05-19,US,West Virginia,Morgan,17,0,0,39.55439028,-78.26311676,54065.0,17,17,0,0,17,17,17787,0,0,0,0,0
2020-05-19,US,West Virginia,Nicholas,9,1,0,38.29617706,-80.79759588,54067.0,8,9,1,0,8,9,24842,0,0,0,0,0
2020-05-19,US,West Virginia,Ohio,37,1,0,40.0955451,-80.62203992,54069.0,36,37,1,0,36,38,41755,0,0,0,0,-1
2020-05-19,US,West Virginia,Pendleton,5,0,0,38.68314479,-79.35084086,54071.0,5,5,0,0,5,5,6997,0,0,0,0,0
2020-05-19,US,West Virginia,Pleasants,2,0,0,39.37091679,-81.16771771,54073.0,2,2,0,0,2,2,7507,0,0,0,0,0
2020-05-19,US,West Virginia,Pocahontas,8,0,0,38.32758728,-80.00993811,54075.0,8,8,0,0,8,8,8414,0,0,0,0,0
2020-05-19,US,West Virginia,Preston,15,0,0,39.46770987,-79.66712803,54077.0,15,15,0,0,15,15,33839,0,0,0,0,0
2020-05-19,US,West Virginia,Putnam,29,0,0,38.50782345,-81.9082131,54079.0,29,29,0,0,29,29,56682,0,0,0,0,0
2020-05-19,US,West Virginia,Raleigh,12,0,0,37.76936795,-81.2456041,54081.0,12,12,0,0,12,10,74254,0,0,0,0,2
2020-05-19,US,West Virginia,Randolph,7,0,0,38.769899,-79.87919615,54083.0,7,7,0,0,7,7,28823,0,0,0,0,0
2020-05-19,US,West Virginia,Ritchie,1,0,0,39.18094587,-81.06356878,54085.0,1,1,0,0,1,1,9721,0,0,0,0,0
2020-05-19,US,West Virginia,Roane,9,0,0,38.71622686,-81.35243568,54087.0,9,9,0,0,9,9,13932,0,0,0,0,0
2020-05-19,US,West Virginia,Summers,1,0,0,37.65390597,-80.86009693,54089.0,1,1,0,0,1,1,12760,0,0,0,0,0
2020-05-19,US,West Virginia,Taylor,8,0,0,39.33602617,-80.0421439,54091.0,8,8,0,0,8,8,16862,0,0,0,0,0
2020-05-19,US,West Virginia,Tucker,4,0,0,39.11240885,-79.57053576,54093.0,4,4,0,0,4,4,6955,0,0,0,0,0
2020-05-19,US,West Virginia,Tyler,3,0,0,39.46811972,-80.88772676,54095.0,3,3,0,0,3,3,8746,0,0,0,0,0
2020-05-19,US,West Virginia,Upshur,6,0,0,38.89285061,-80.23689136,54097.0,6,6,0,0,6,6,24415,0,0,0,0,0
2020-05-19,US,West Virginia,Wayne,96,9,0,38.14901357,-82.42287994,54099.0,87,96,9,0,87,96,39944,0,0,0,0,0
2020-05-19,US,West Virginia,Wetzel,7,0,0,39.6065771,-80.64016540000001,54103.0,7,7,0,0,7,7,15270,0,0,0,0,0
2020-05-19,US,West Virginia,Wirt,3,0,0,39.02775007,-81.37473928,54105.0,3,3,0,0,3,3,5830,0,0,0,0,0
2020-05-19,US,West Virginia,Wood,48,2,0,39.20967886,-81.5162836,54107.0,46,48,2,0,46,47,84203,0,0,0,0,1
2020-05-19,US,West Virginia,Wyoming,3,0,0,37.612327,-81.54511071,54109.0,3,3,0,0,3,2,20786,0,0,0,0,1
2020-05-19,US,Wisconsin,Adams,4,1,0,43.96974651,-89.76782777,55001.0,3,4,1,0,3,4,20348,0,0,0,0,0
2020-05-19,US,Wisconsin,Ashland,2,0,0,46.31956891,-90.67837132,55003.0,2,2,0,0,2,2,15600,0,0,0,0,0
2020-05-19,US,Wisconsin,Barron,11,0,0,45.42372701,-91.84833627,55005.0,11,11,0,0,11,11,45164,0,0,0,0,0
2020-05-19,US,Wisconsin,Bayfield,3,1,0,46.52868768,-91.19716729,55007.0,2,3,1,0,2,3,15042,0,0,0,0,0
2020-05-19,US,Wisconsin,Brown,2118,26,0,44.452655299999996,-88.00411844,55009.0,2092,2102,23,0,2079,2096,263378,16,3,0,13,6
2020-05-19,US,Wisconsin,Buffalo,5,1,0,44.37835084,-91.75332578,55011.0,4,5,1,0,4,5,13125,0,0,0,0,0
2020-05-19,US,Wisconsin,Burnett,1,1,0,45.86303537,-92.36711412,55013.0,0,2,1,0,1,1,15392,-1,0,0,-1,1
2020-05-19,US,Wisconsin,Calumet,58,1,0,44.0816316,-88.21780273,55015.0,57,58,1,0,57,57,50159,0,0,0,0,1
2020-05-19,US,Wisconsin,Chippewa,42,0,0,45.06939744,-91.28068855,55017.0,42,41,0,0,41,39,64135,1,0,0,1,2
2020-05-19,US,Wisconsin,Clark,29,4,0,44.73483377,-90.61207486,55019.0,25,28,4,0,24,28,34709,1,0,0,1,0
2020-05-19,US,Wisconsin,Columbia,36,1,0,43.46492199,-89.33589004,55021.0,35,36,1,0,35,36,57358,0,0,0,0,0
2020-05-19,US,Wisconsin,Crawford,23,0,0,43.23870316,-90.93073686,55023.0,23,23,0,0,23,22,16291,0,0,0,0,1
2020-05-19,US,Wisconsin,Dane,541,25,0,43.06601594,-89.41733797,55025.0,516,538,25,0,513,537,542364,3,0,0,3,1
2020-05-19,US,Wisconsin,Dodge,109,1,0,43.41576662,-88.70928178,55027.0,108,108,1,0,107,105,87847,1,0,0,1,3
2020-05-19,US,Wisconsin,Door,33,3,0,44.95856458,-87.30002707,55029.0,30,33,3,0,30,33,27610,0,0,0,0,0
2020-05-19,US,Wisconsin,Douglas,15,0,0,46.43222285,-91.91595768,55031.0,15,13,0,0,13,12,43208,2,0,0,2,1
2020-05-19,US,Wisconsin,Dunn,20,0,0,44.94562799,-91.8962481,55033.0,20,20,0,0,20,21,45131,0,0,0,0,-1
2020-05-19,US,Wisconsin,Eau Claire,75,0,0,44.726614,-91.28609183,55035.0,75,70,0,0,70,66,104534,5,0,0,5,4
2020-05-19,US,Wisconsin,Florence,2,0,0,45.84963535,-88.39804137,55037.0,2,2,0,0,2,2,4321,0,0,0,0,0
2020-05-19,US,Wisconsin,Fond du Lac,145,3,0,43.75354908,-88.48885325,55039.0,142,142,3,0,139,139,103066,3,0,0,3,3
2020-05-19,US,Wisconsin,Forest,9,0,0,45.66678019,-88.77084892,55041.0,9,9,0,0,9,9,8991,0,0,0,0,0
2020-05-19,US,Wisconsin,Grant,75,10,0,42.8671731,-90.7063218,55043.0,65,74,10,0,64,72,51554,1,0,0,1,2
2020-05-19,US,Wisconsin,Green,46,0,0,42.6794956,-89.60243287,55045.0,46,45,0,0,45,44,36929,1,0,0,1,1
2020-05-19,US,Wisconsin,Green Lake,11,0,0,43.80025981,-89.04679553,55047.0,11,11,0,0,11,11,18918,0,0,0,0,0
2020-05-19,US,Wisconsin,Iowa,11,0,0,43.00050278,-90.13469017,55049.0,11,11,0,0,11,11,23771,0,0,0,0,0
2020-05-19,US,Wisconsin,Iron,2,1,0,46.26302338,-90.24295041,55051.0,1,2,1,0,1,2,5676,0,0,0,0,0
2020-05-19,US,Wisconsin,Jackson,15,1,0,44.31864893,-90.80566792,55053.0,14,15,1,0,14,15,20478,0,0,0,0,0
2020-05-19,US,Wisconsin,Jefferson,62,2,0,43.02054068,-88.77529134,55055.0,60,61,2,0,59,60,85129,1,0,0,1,1
2020-05-19,US,Wisconsin,Juneau,22,1,0,43.92456975,-90.11120239,55057.0,21,22,1,0,21,21,26617,0,0,0,0,1
2020-05-19,US,Wisconsin,Kenosha,866,19,0,42.57639354,-88.04051686,55059.0,847,848,18,0,830,838,169290,18,1,0,17,10
2020-05-19,US,Wisconsin,Kewaunee,31,1,0,44.51727459,-87.61468386,55061.0,30,30,1,0,29,30,20383,1,0,0,1,0
2020-05-19,US,Wisconsin,La Crosse,47,0,0,43.90632465,-91.11451093,55063.0,47,45,0,0,45,45,118230,2,0,0,2,0
2020-05-19,US,Wisconsin,Lafayette,16,0,0,42.66005229,-90.1317729,55065.0,16,16,0,0,16,16,16665,0,0,0,0,0
2020-05-19,US,Wisconsin,Lincoln,3,0,0,45.33737523,-89.73411273,55069.0,3,3,0,0,3,3,27689,0,0,0,0,0
2020-05-19,US,Wisconsin,Manitowoc,25,1,0,44.11946801,-87.80928853,55071.0,24,22,1,0,21,22,79074,3,0,0,3,0
2020-05-19,US,Wisconsin,Marathon,34,1,0,44.89792533,-89.75863384,55073.0,33,33,1,0,32,33,135428,1,0,0,1,0
2020-05-19,US,Wisconsin,Marinette,25,2,0,45.38553432,-88.03324599999998,55075.0,23,25,2,0,23,24,40434,0,0,0,0,1
2020-05-19,US,Wisconsin,Marquette,3,1,0,43.81911946,-89.40073763,55077.0,2,3,1,0,2,3,15434,0,0,0,0,0
2020-05-19,US,Wisconsin,Menominee,2,0,0,45.00422544,-88.70950714,55078.0,2,2,0,0,2,2,4658,0,0,0,0,0
2020-05-19,US,Wisconsin,Milwaukee,5076,260,0,43.00486062,-87.96733172,55079.0,4816,5005,256,0,4749,4945,948201,71,4,0,67,60
2020-05-19,US,Wisconsin,Monroe,15,1,0,43.94641218,-90.61881899999999,55081.0,14,15,1,0,14,15,46051,0,0,0,0,0
2020-05-19,US,Wisconsin,Oconto,30,0,0,45.02715345,-88.26807503,55083.0,30,30,0,0,30,30,37830,0,0,0,0,0
2020-05-19,US,Wisconsin,Oneida,7,0,0,45.70677897,-89.51944105,55085.0,7,7,0,0,7,7,35470,0,0,0,0,0
2020-05-19,US,Wisconsin,Outagamie,146,5,0,44.41578887,-88.46565023,55087.0,141,142,5,0,137,139,187365,4,0,0,4,3
2020-05-19,US,Wisconsin,Ozaukee,125,11,0,43.38352225,-87.94625009,55089.0,114,122,11,0,111,122,89147,3,0,0,3,0
2020-05-19,US,Wisconsin,Pepin,1,0,0,44.58307413,-91.99949611,55091.0,1,1,0,0,1,1,7289,0,0,0,0,0
2020-05-19,US,Wisconsin,Pierce,22,0,0,44.71850291,-92.4224416,55093.0,22,21,0,0,21,20,42555,1,0,0,1,1
2020-05-19,US,Wisconsin,Polk,7,0,0,45.46130348,-92.44182875,55095.0,7,6,0,0,6,6,43598,1,0,0,1,0
2020-05-19,US,Wisconsin,Portage,7,0,0,44.47558711,-89.50152965,55097.0,7,7,0,0,7,7,70942,0,0,0,0,0
2020-05-19,US,Wisconsin,Price,1,0,0,45.68051754,-90.36098879999999,55099.0,1,1,0,0,1,1,13397,0,0,0,0,0
2020-05-19,US,Wisconsin,Racine,1061,19,0,42.74753117,-88.05941254,55101.0,1042,1034,18,0,1016,1017,196584,27,1,0,26,17
2020-05-19,US,Wisconsin,Richland,14,3,0,43.3762778,-90.43012729,55103.0,11,14,3,0,11,14,17377,0,0,0,0,0
2020-05-19,US,Wisconsin,Rock,438,14,0,42.67151616,-89.07147900000002,55105.0,424,432,14,0,418,429,163129,6,0,0,6,3
2020-05-19,US,Wisconsin,Rusk,4,0,0,45.47498854,-91.1333012,55107.0,4,4,0,0,4,4,14147,0,0,0,0,0
2020-05-19,US,Wisconsin,Sauk,77,3,0,43.42574087,-89.94966132,55111.0,74,77,3,0,74,77,64249,0,0,0,0,0
2020-05-19,US,Wisconsin,Sawyer,4,0,0,45.87931905,-91.14504927,55113.0,4,4,0,0,4,4,16489,0,0,0,0,0
2020-05-19,US,Wisconsin,Shawano,33,0,0,44.78902246,-88.76443896,55115.0,33,33,0,0,33,31,40796,0,0,0,0,2
2020-05-19,US,Wisconsin,Sheboygan,70,3,0,43.72099677,-87.94579284,55117.0,67,69,3,0,66,69,115456,1,0,0,1,0
2020-05-19,US,Wisconsin,St. Croix,48,0,0,45.03437474,-92.45000068,55109.0,48,48,0,0,48,44,89694,0,0,0,0,4
2020-05-19,US,Wisconsin,Trempealeau,11,0,0,44.30360275,-91.35893614,55121.0,11,11,0,0,11,10,29442,0,0,0,0,1
2020-05-19,US,Wisconsin,Vernon,12,0,0,43.59422667,-90.8324691,55123.0,12,11,0,0,11,11,30785,1,0,0,1,0
2020-05-19,US,Wisconsin,Vilas,4,0,0,46.05467334,-89.51719204,55125.0,4,4,0,0,4,4,21938,0,0,0,0,0
2020-05-19,US,Wisconsin,Walworth,287,11,0,42.66858202,-88.54163073,55127.0,276,284,12,0,272,280,103718,3,-1,0,4,4
2020-05-19,US,Wisconsin,Washburn,1,0,0,45.89838588,-91.79050449,55129.0,1,1,0,0,1,1,15878,0,0,0,0,0
2020-05-19,US,Wisconsin,Washington,155,4,0,43.36863664,-88.22974712,55131.0,151,149,4,0,145,148,135693,6,0,0,6,1
2020-05-19,US,Wisconsin,Waukesha,492,23,0,43.01833055,-88.30431188,55133.0,469,482,23,0,459,476,403072,10,0,0,10,6
2020-05-19,US,Wisconsin,Waupaca,19,1,0,44.47068056,-88.96534501,55135.0,18,17,1,0,16,17,51128,2,0,0,2,0
2020-05-19,US,Wisconsin,Waushara,7,0,0,44.11324419,-89.24317107,55137.0,7,7,0,0,7,5,24263,0,0,0,0,2
2020-05-19,US,Wisconsin,Winnebago,126,1,0,44.06886922,-88.64477096,55139.0,125,124,1,0,123,123,171020,2,0,0,2,1
2020-05-19,US,Wisconsin,Wood,8,0,0,44.45537896,-90.04158336,55141.0,8,7,0,0,7,6,73055,1,0,0,1,1
2020-05-19,US,Wyoming,Albany,10,0,0,41.65498705,-105.72354150000001,56001.0,10,10,0,0,10,9,38601,0,0,0,0,1
2020-05-19,US,Wyoming,Big Horn,3,0,0,44.52405055,-107.9960365,56003.0,3,3,0,0,3,3,11881,0,0,0,0,0
2020-05-19,US,Wyoming,Campbell,29,0,0,44.24886082,-105.54744040000001,56005.0,29,29,0,0,29,29,46140,0,0,0,0,0
2020-05-19,US,Wyoming,Carbon,15,0,0,41.69357844,-106.9326084,56007.0,15,14,0,0,14,14,14971,1,0,0,1,0
2020-05-19,US,Wyoming,Converse,24,0,0,42.97272268,-105.5081848,56009.0,24,23,0,0,23,23,13640,1,0,0,1,0
2020-05-19,US,Wyoming,Crook,5,0,0,44.58855102,-104.56977049999999,56011.0,5,5,0,0,5,5,7450,0,0,0,0,0
2020-05-19,US,Wyoming,Fremont,228,0,0,43.04183996,-108.6296893,56013.0,228,224,0,0,224,223,39531,4,0,0,4,1
2020-05-19,US,Wyoming,Goshen,5,0,0,42.08798185,-104.3534743,56015.0,5,5,0,0,5,5,13376,0,0,0,0,0
2020-05-19,US,Wyoming,Hot Springs,7,0,0,43.71930657,-108.44231740000001,56017.0,7,7,0,0,7,6,4555,0,0,0,0,1
2020-05-19,US,Wyoming,Johnson,16,1,0,44.04057166,-106.58451740000001,56019.0,15,16,1,0,15,15,8460,0,0,0,0,1
2020-05-19,US,Wyoming,Laramie,183,0,0,41.30702520000001,-104.6887497,56021.0,183,181,0,0,181,181,98976,2,0,0,2,0
2020-05-19,US,Wyoming,Lincoln,14,0,0,42.26376367,-110.6563997,56023.0,14,14,0,0,14,14,19434,0,0,0,0,0
2020-05-19,US,Wyoming,Natrona,64,0,0,42.96180148,-106.79788500000001,56025.0,64,62,0,0,62,56,79115,2,0,0,2,6
2020-05-19,US,Wyoming,Niobrara,2,0,0,43.05607708,-104.47588959999999,56027.0,2,2,0,0,2,2,2388,0,0,0,0,0
2020-05-19,US,Wyoming,Park,1,0,0,44.52157546,-109.58528249999999,56029.0,1,1,0,0,1,1,29324,0,0,0,0,0
2020-05-19,US,Wyoming,Sheridan,16,0,0,44.79048913,-106.8862389,56033.0,16,16,0,0,16,16,30233,0,0,0,0,0
2020-05-19,US,Wyoming,Sublette,3,0,0,42.76558279,-109.91309220000001,56035.0,3,3,0,0,3,3,9813,0,0,0,0,0
2020-05-19,US,Wyoming,Sweetwater,24,0,0,41.65943896,-108.8827882,56037.0,24,23,0,0,23,23,43051,1,0,0,1,0
2020-05-19,US,Wyoming,Teton,100,0,0,43.93522482,-110.5890801,56039.0,100,100,0,0,100,100,23081,0,0,0,0,0
2020-05-19,US,Wyoming,Uinta,11,0,0,41.2878183,-110.54757820000002,56041.0,11,12,0,0,12,10,20299,-1,0,0,-1,2
2020-05-19,US,Wyoming,Unassigned,0,9,0,0.0,0.0,90056.0,-9,0,9,0,-9,0,,0,0,0,0,0
2020-05-19,US,Wyoming,Washakie,16,0,0,43.90451606,-107.68018700000002,56043.0,16,16,0,0,16,16,7885,0,0,0,0,0
