Date,Country/Region,Province/State,Admin2,Confirmed,Deaths,Recovered,Latitude,Longitude,FIPS,Incidence_Rate,Case-Fatality_Ratio,Active Cases,Previous Confirmed,Previous Deaths,Previous Recovered,Previous Active,Prev2 Confirmed,Population,Daily Confirmed,Daily Deaths,Daily Recovered,Daily Active,Previous Daily Confirmed
2020-08-09,US,Alabama,Autauga,1169,21,0,32.53952745,-86.64408227,1001.0,2092.394709051531,1.7964071856287425,1148,1086,21,0,1065,1065,55601,83,0,0,83,21
2020-08-09,US,Alabama,Baldwin,3544,25,0,30.72774991,-87.72207058,1003.0,1587.5717856598903,0.7054176072234764,3519,3502,24,0,3478,3443,218022,42,1,0,41,59
2020-08-09,US,Alabama,Barbour,575,5,0,31.868263,-85.3871286,1005.0,2329.25544843231,0.8695652173913043,570,573,5,0,568,569,24881,2,0,0,2,4
2020-08-09,US,Alabama,Bibb,438,5,0,32.99642064,-87.12511459999996,1007.0,1955.881039564169,1.1415525114155252,433,426,5,0,421,416,22400,12,0,0,12,10
2020-08-09,US,Alabama,Blount,800,4,0,33.98210918,-86.56790593,1009.0,1383.4607270086121,0.5,796,788,4,0,784,774,57840,12,0,0,12,14
2020-08-09,US,Alabama,Bullock,464,11,0,32.10030533,-85.71265535,1011.0,4593.604593604594,2.3706896551724137,453,463,11,0,452,454,10138,1,0,0,1,9
2020-08-09,US,Alabama,Butler,764,36,0,31.75300095,-86.68057478,1013.0,3928.4245166598107,4.712041884816754,728,758,36,0,722,759,19680,6,0,0,6,-1
2020-08-09,US,Alabama,Calhoun,1784,14,0,33.77483727,-85.82630386,1015.0,1570.353417543242,0.7847533632286996,1770,1761,13,0,1748,1704,114277,23,1,0,22,57
2020-08-09,US,Alabama,Chambers,841,38,0,32.91360079,-85.39072749,1017.0,2529.019065375594,4.5184304399524375,803,840,38,0,802,835,33615,1,0,0,1,5
2020-08-09,US,Alabama,Cherokee,273,7,0,34.17805983,-85.60638968,1019.0,1042.1438387540084,2.5641025641025643,266,270,7,0,263,263,26032,3,0,0,3,7
2020-08-09,US,Alabama,Chilton,792,6,0,32.85044126,-86.7173256,1021.0,1782.659584046097,0.7575757575757576,786,788,6,0,782,767,44153,4,0,0,4,21
2020-08-09,US,Alabama,Choctaw,283,12,0,32.02227341,-88.26564429999998,1023.0,2247.9942807212647,4.2402826855123665,271,281,12,0,269,279,12841,2,0,0,2,2
2020-08-09,US,Alabama,Clarke,662,9,0,31.68099859,-87.83548597,1025.0,2802.4722716112105,1.3595166163141994,653,662,9,0,653,496,23920,0,0,0,0,166
2020-08-09,US,Alabama,Clay,258,5,0,33.26984193,-85.85836077,1027.0,1949.3766528145072,1.937984496124031,253,252,5,0,247,249,13275,6,0,0,6,3
2020-08-09,US,Alabama,Cleburne,127,1,0,33.67679204,-85.52005899,1029.0,851.7773306505701,0.7874015748031497,126,126,1,0,125,125,14987,1,0,0,1,1
2020-08-09,US,Alabama,Coffee,761,6,0,31.39932826,-85.98901039,1031.0,1453.8993542470673,0.7884362680683311,755,756,6,0,750,747,51909,5,0,0,5,9
2020-08-09,US,Alabama,Colbert,1181,13,0,34.69847452,-87.80168544,1033.0,2137.9048170742744,1.1007620660457242,1168,1171,13,0,1158,1156,54762,10,0,0,10,15
2020-08-09,US,Alabama,Conecuh,393,10,0,31.43401703,-86.99320044,1035.0,3256.8161100522084,2.544529262086514,383,388,10,0,378,382,12277,5,0,0,5,6
2020-08-09,US,Alabama,Coosa,101,2,0,32.93690146,-86.24847739,1037.0,947.2006002063208,1.98019801980198,99,101,2,0,99,101,10715,0,0,0,0,0
2020-08-09,US,Alabama,Covington,735,20,0,31.247785399999998,-86.45050893,1039.0,1983.859213474048,2.7210884353741496,715,734,20,0,714,726,36986,1,0,0,1,8
2020-08-09,US,Alabama,Crenshaw,318,5,0,31.72941803,-86.31593104,1041.0,2309.032820214929,1.572327044025157,313,314,3,0,311,313,13824,4,2,0,2,1
2020-08-09,US,Alabama,Cullman,1225,12,0,34.13020303,-86.86888037,1043.0,1462.372266259192,0.979591836734694,1213,1220,12,0,1208,1201,83442,5,0,0,5,19
2020-08-09,US,Alabama,Dale,834,24,0,31.43037123,-85.61095742,1045.0,1696.0872040998945,2.8776978417266186,810,827,23,0,804,823,48956,7,1,0,6,4
2020-08-09,US,Alabama,Dallas,1323,23,0,32.32688101,-87.10866709999998,1047.0,3556.8340681793743,1.7384731670445956,1300,1318,23,0,1295,1311,38310,5,0,0,5,7
2020-08-09,US,Alabama,DeKalb,1819,13,0,34.45946862,-85.80782906,1049.0,2543.5934725154866,0.7146783947223749,1806,1798,13,0,1785,1771,71385,21,0,0,21,27
2020-08-09,US,Alabama,Elmore,1723,38,0,32.59785413,-86.14415284,1051.0,2121.6860200224114,2.20545560069646,1685,1715,38,0,1677,1694,81887,8,0,0,8,21
2020-08-09,US,Alabama,Escambia,1082,17,0,31.1256789,-87.15918694,1053.0,2953.6210520568884,1.5711645101663585,1065,1075,16,0,1059,1054,36748,7,1,0,6,21
2020-08-09,US,Alabama,Etowah,2121,31,0,34.04567266,-86.04051873,1055.0,2073.9625298236006,1.4615747289014616,2090,2104,31,0,2073,2075,102501,17,0,0,17,29
2020-08-09,US,Alabama,Fayette,207,5,0,33.72076938,-87.73886638,1057.0,1269.7828487302172,2.415458937198068,202,204,5,0,199,198,16433,3,0,0,3,6
2020-08-09,US,Alabama,Franklin,1274,20,0,34.44235334,-87.84289505,1059.0,4062.240928512212,1.5698587127158556,1254,1270,20,0,1250,1258,31363,4,0,0,4,12
2020-08-09,US,Alabama,Geneva,261,1,0,31.09389027,-85.83572839,1061.0,993.4909215484756,0.3831417624521073,260,257,0,0,257,255,26314,4,1,0,3,2
2020-08-09,US,Alabama,Greene,251,11,0,32.85504247,-87.95684022,1063.0,3094.5629392183446,4.382470119521912,240,250,11,0,239,250,8233,1,0,0,1,0
2020-08-09,US,Alabama,Hale,476,26,0,32.76039258,-87.63284988,1065.0,3248.924988055423,5.46218487394958,450,473,26,0,447,467,14726,3,0,0,3,6
2020-08-09,US,Alabama,Henry,263,3,0,31.51148016,-85.24267944,1067.0,1528.6253995931415,1.1406844106463878,260,259,3,0,256,252,17209,4,0,0,4,7
2020-08-09,US,Alabama,Houston,1398,12,0,31.15197924,-85.29939599,1069.0,1320.337734459115,0.8583690987124464,1386,1386,12,0,1374,1364,104722,12,0,0,12,22
2020-08-09,US,Alabama,Jackson,989,4,0,34.78144169,-85.99750489,1071.0,1915.701390772092,0.4044489383215369,985,968,4,0,964,945,51736,21,0,0,21,23
2020-08-09,US,Alabama,Jefferson,13109,243,0,33.55554728,-86.89506300000002,1073.0,1990.515857771272,1.8536883057441451,12866,12969,243,0,12726,12743,659300,140,0,0,140,226
2020-08-09,US,Alabama,Lamar,222,2,0,33.77995024,-88.09668032,1075.0,1608.1130025353134,0.9009009009009008,220,220,2,0,218,217,13844,2,0,0,2,3
2020-08-09,US,Alabama,Lauderdale,1167,19,0,34.90171875,-87.65624729,1077.0,1258.5059690064595,1.6281062553556127,1148,1157,17,0,1140,1139,92387,10,2,0,8,18
2020-08-09,US,Alabama,Lawrence,349,1,0,34.52041498,-87.31069453,1079.0,1060.0170088689101,0.28653295128939826,348,348,1,0,347,344,32957,1,0,0,1,4
2020-08-09,US,Alabama,Lee,2678,45,0,32.60154883,-85.35132246,1081.0,1627.5479816703335,1.6803584764749813,2633,2660,45,0,2615,2628,163941,18,0,0,18,32
2020-08-09,US,Alabama,Limestone,1333,13,0,34.81185586,-86.98310072,1083.0,1347.621695395036,0.9752438109527382,1320,1318,13,0,1305,1284,96174,15,0,0,15,34
2020-08-09,US,Alabama,Lowndes,572,24,0,32.1597283,-86.65158371,1085.0,5881.143327164302,4.195804195804196,548,571,24,0,547,567,9974,1,0,0,1,4
2020-08-09,US,Alabama,Macon,335,14,0,32.38759944,-85.69267724,1087.0,1854.1067079920301,4.17910447761194,321,334,14,0,320,332,18439,1,0,0,1,2
2020-08-09,US,Alabama,Madison,5378,34,0,34.76327133,-86.55069633,1089.0,1442.1749005789616,0.6322052807735218,5344,5314,33,0,5281,5250,366519,64,1,0,63,64
2020-08-09,US,Alabama,Marengo,552,15,0,32.24767634,-87.78796182,1091.0,2926.3637809468273,2.717391304347826,537,553,15,0,538,546,19066,-1,0,0,-1,7
2020-08-09,US,Alabama,Marion,574,24,0,34.13697363,-87.88704173,1093.0,1932.0744555521896,4.181184668989547,550,570,24,0,546,567,29763,4,0,0,4,3
2020-08-09,US,Alabama,Marshall,3167,36,0,34.36975964,-86.30486727,1095.0,3272.573211813089,1.1367224502683928,3131,3130,35,0,3095,3090,96109,37,1,0,36,40
2020-08-09,US,Alabama,Mobile,9947,207,0,30.78472347,-88.20842409,1097.0,2407.250550567508,2.0810294561174225,9740,9836,206,0,9630,9565,413757,111,1,0,110,271
2020-08-09,US,Alabama,Monroe,421,4,0,31.56729412,-87.36995001,1099.0,2030.57926976318,0.9501187648456056,417,419,4,0,415,415,21067,2,0,0,2,4
2020-08-09,US,Alabama,Montgomery,6835,148,0,32.2206831,-86.20969272,1101.0,3017.846577713413,2.1653255303584493,6687,6609,148,0,6461,6521,225763,226,0,0,226,88
2020-08-09,US,Alabama,Morgan,2393,18,0,34.45500589,-86.85475946,1103.0,1999.515370282172,0.7521938988717092,2375,2369,18,0,2351,2330,119089,24,0,0,24,39
2020-08-09,US,Alabama,Perry,442,4,0,32.64048341,-87.29770589,1105.0,4953.4909783705025,0.9049773755656108,438,440,4,0,436,436,9140,2,0,0,2,4
2020-08-09,US,Alabama,Pickens,400,9,0,33.28094866,-88.08818103,1107.0,2007.0245860511789,2.25,391,392,9,0,383,384,19938,8,0,0,8,8
2020-08-09,US,Alabama,Pike,709,7,0,31.80396383,-85.9408295,1109.0,2141.088361418131,0.9873060648801129,702,703,7,0,696,690,33338,6,0,0,6,13
2020-08-09,US,Alabama,Randolph,401,10,0,33.29526734,-85.45708831,1111.0,1764.8094357891034,2.4937655860349133,391,396,10,0,386,394,22725,5,0,0,5,2
2020-08-09,US,Alabama,Russell,1368,2,0,32.28725256,-85.18415324,1113.0,2360.2077258846466,0.14619883040935672,1366,1358,2,0,1356,1342,57781,10,0,0,10,16
2020-08-09,US,Alabama,Shelby,3283,35,0,33.26879845,-86.66232561,1117.0,1508.024731054377,1.0660980810234542,3248,3260,35,0,3225,3201,215707,23,0,0,23,59
2020-08-09,US,Alabama,St. Clair,1338,17,0,33.71902176,-86.31029372,1115.0,1494.7716507283938,1.2705530642750371,1321,1328,17,0,1311,1310,88690,10,0,0,10,18
2020-08-09,US,Alabama,Sumter,360,18,0,32.59117397,-88.19916205,1119.0,2896.9180011265794,5.0,342,360,18,0,342,362,12691,0,0,0,0,-2
2020-08-09,US,Alabama,Talladega,1026,14,0,33.37823223,-86.16886178,1121.0,1282.852784515742,1.364522417153996,1012,1009,13,0,996,986,79828,17,1,0,16,23
2020-08-09,US,Alabama,Tallapoosa,855,79,0,32.86698258,-85.79833053,1123.0,2118.0667376817696,9.239766081871345,776,854,79,0,775,849,40497,1,0,0,1,5
2020-08-09,US,Alabama,Tuscaloosa,4213,73,0,33.28726072,-87.52556818,1125.0,2012.3713309928112,1.7327320199382863,4140,4190,73,0,4117,4103,208911,23,0,0,23,87
2020-08-09,US,Alabama,Unassigned,3599,61,0,0.0,0.0,90001.0,0.0,1.6949152542372878,3538,3560,61,0,3499,3474,,39,0,0,39,86
2020-08-09,US,Alabama,Walker,1526,64,0,33.80270512,-87.30027177,1127.0,2402.355126651029,4.1939711664482315,1462,1520,64,0,1456,1502,63711,6,0,0,6,18
2020-08-09,US,Alabama,Washington,391,12,0,31.4092794,-88.20689944,1129.0,2394.952835967169,3.0690537084398977,379,386,12,0,374,327,16378,5,0,0,5,59
2020-08-09,US,Alabama,Wilcox,429,10,0,31.98773215,-87.30891118,1131.0,4135.737009544008,2.331002331002331,419,426,10,0,416,418,10627,3,0,0,3,8
2020-08-09,US,Alabama,Winston,453,11,0,34.15030532,-87.37325922,1133.0,1917.1357230521814,2.428256070640177,442,450,11,0,439,444,23660,3,0,0,3,6
2020-08-09,US,Alaska,Aleutians East,2,0,0,55.32222414,-161.9722021,2013.0,59.93407252022774,0.0,2,2,0,0,2,2,3515,0,0,0,0,0
2020-08-09,US,Alaska,Aleutians West,4,0,0,52.3233,-174.1596,2016.0,70.99751508697194,0.0,4,4,0,0,4,4,5723,0,0,0,0,0
2020-08-09,US,Alaska,Anchorage,2159,14,0,61.14998174,-149.14269860000005,2020.0,749.6527777777777,0.6484483557202408,2145,2100,14,0,2086,2043,291538,59,0,0,59,57
2020-08-09,US,Alaska,Bethel,22,0,0,60.90980451,-159.8561831,2050.0,119.65626019797672,0.0,22,22,0,0,22,22,18216,0,0,0,0,0
2020-08-09,US,Alaska,Bristol Bay,10,0,0,58.74513976,-156.701064,2060.0,1196.1722488038274,0.0,10,9,0,0,9,9,877,1,0,0,1,0
2020-08-09,US,Alaska,Denali,1,0,0,63.67264044,-150.0076108,2068.0,47.687172150691474,0.0,1,1,0,0,1,1,2059,0,0,0,0,0
2020-08-09,US,Alaska,Dillingham,1,0,0,59.79603738,-158.23819419999995,2070.0,20.34174125305126,0.0,1,1,0,0,1,1,5000,0,0,0,0,0
2020-08-09,US,Alaska,Fairbanks North Star,439,5,0,64.80726247,-146.5692662,2090.0,453.2829456163718,1.1389521640091116,434,431,5,0,426,428,98971,8,0,0,8,3
2020-08-09,US,Alaska,Haines,4,0,0,59.09893571,-135.4679843,2100.0,158.10276679841897,0.0,4,4,0,0,4,4,2474,0,0,0,0,0
2020-08-09,US,Alaska,Juneau,107,1,0,58.45031811,-134.200436,2110.0,334.64690060674303,0.9345794392523364,106,101,1,0,100,98,32113,6,0,0,6,3
2020-08-09,US,Alaska,Kenai Peninsula,322,2,0,60.24429722,-151.53888840000005,2122.0,548.4772092389453,0.6211180124223602,320,316,2,0,314,312,58533,6,0,0,6,4
2020-08-09,US,Alaska,Ketchikan Gateway,37,0,0,55.57445008,-130.975561,2130.0,266.1679015898137,0.0,37,37,0,0,37,37,13918,0,0,0,0,0
2020-08-09,US,Alaska,Kodiak Island,6,0,0,57.65529415,-153.7493579,2150.0,46.16094783812894,0.0,6,6,0,0,6,7,13345,0,0,0,0,-1
2020-08-09,US,Alaska,Kusilvak,6,0,0,62.15429159999999,-163.39678830000003,2158.0,72.1674284339668,0.0,6,6,0,0,6,6,8303,0,0,0,0,0
2020-08-09,US,Alaska,Matanuska-Susitna,340,2,0,62.31305045,-149.5741743,2170.0,313.8934793245752,0.5882352941176471,338,324,2,0,322,318,107610,16,0,0,16,6
2020-08-09,US,Alaska,Nome,19,0,0,64.90320724,-164.0353804,2180.0,189.92403038784485,0.0,19,19,0,0,19,19,10008,0,0,0,0,0
2020-08-09,US,Alaska,North Slope,18,0,0,69.31479216,-153.4836093,2185.0,183.0756712774613,0.0,18,18,0,0,18,16,9872,0,0,0,0,2
2020-08-09,US,Alaska,Northwest Arctic,39,0,0,67.04919196,-159.7503946,2188.0,511.74386563443113,0.0,39,39,0,0,39,40,7671,0,0,0,0,-1
2020-08-09,US,Alaska,Petersburg,6,1,0,57.13978948,-132.9540995,2195.0,183.71096142069808,16.666666666666668,5,6,1,0,5,6,3221,0,0,0,0,0
2020-08-09,US,Alaska,Prince of Wales-Hyder,8,0,0,55.76261984,-133.0511621,2198.0,128.96985329679188,0.0,8,8,0,0,8,8,6422,0,0,0,0,0
2020-08-09,US,Alaska,Sitka,26,0,0,57.24124555,-135.3206587,2220.0,306.13446367596845,0.0,26,26,0,0,26,25,8647,0,0,0,0,1
2020-08-09,US,Alaska,Southeast Fairbanks,17,0,0,63.87692095,-143.2127643,2240.0,246.6270129116495,0.0,17,16,0,0,16,16,6918,1,0,0,1,0
2020-08-09,US,Alaska,Valdez-Cordova,50,0,0,61.47502768,-144.7126799,2261.0,543.3601391001956,0.0,50,50,0,0,50,49,9164,0,0,0,0,1
2020-08-09,US,Alaska,Wrangell,9,0,0,56.3202004,-132.05837309999998,2275.0,359.71223021582733,0.0,9,9,0,0,9,9,2503,0,0,0,0,0
2020-08-09,US,Alaska,Yakutat,7,0,0,59.890980799999994,-140.36014509999998,2282.0,1208.9810017271154,0.0,7,7,0,0,7,7,604,0,0,0,0,0
2020-08-09,US,Alaska,Yukon-Koyukuk,52,1,0,65.50815459,-151.39073869999999,2290.0,994.263862332696,1.9230769230769231,51,51,1,0,50,49,5327,1,0,0,1,2
2020-08-09,US,Arizona,Apache,3193,139,0,35.39465006,-109.4892383,4001.0,4441.693212959228,4.353272784215472,3054,3155,139,0,3016,3151,71818,38,0,0,38,4
2020-08-09,US,Arizona,Cochise,1603,52,0,31.87934684,-109.7516088,4003.0,1273.0102762027284,3.243917654398004,1551,1600,52,0,1548,1573,126770,3,0,0,3,27
2020-08-09,US,Arizona,Coconino,3090,117,0,35.83883429,-111.77071780000001,4005.0,2153.6703002592767,3.7864077669902914,2973,3076,117,0,2959,3065,142854,14,0,0,14,11
2020-08-09,US,Arizona,Gila,912,38,0,33.80190085,-110.8132779,4007.0,1688.3261135177163,4.166666666666667,874,905,38,0,867,887,53889,7,0,0,7,18
2020-08-09,US,Arizona,Graham,545,16,0,32.93166885,-109.8882178,4009.0,1403.3009758735227,2.9357798165137616,529,539,15,0,524,529,38072,6,1,0,5,10
2020-08-09,US,Arizona,Greenlee,57,1,0,33.21498827,-109.2405279,4011.0,600.1263423878711,1.7543859649122806,56,57,1,0,56,58,9483,0,0,0,0,-1
2020-08-09,US,Arizona,La Paz,476,12,0,33.72854224,-113.98100290000001,4012.0,2255.069168087929,2.5210084033613445,464,478,12,0,466,478,21098,-2,0,0,-2,0
2020-08-09,US,Arizona,Maricopa,126053,2353,0,33.34835867,-112.49181540000001,4013.0,2810.286854234637,1.8666751287156989,123700,125545,2347,0,123198,124924,4410824,508,6,0,502,621
2020-08-09,US,Arizona,Mohave,3186,168,0,35.70471703,-113.7577902,4015.0,1501.5482064840867,5.273069679849341,3018,3150,165,0,2985,3147,209550,36,3,0,33,3
2020-08-09,US,Arizona,Navajo,5374,200,0,35.3997715,-110.3218983,4017.0,4844.758573437669,3.7216226274655755,5174,5368,199,0,5169,5352,110445,6,1,0,5,16
2020-08-09,US,Arizona,Pima,17880,489,0,32.0971334,-111.7890033,4019.0,1707.2814407622034,2.7348993288590604,17391,17728,489,0,17239,17497,1039073,152,0,0,152,231
2020-08-09,US,Arizona,Pinal,8378,156,0,32.90525627,-111.3449483,4021.0,1810.328248942823,1.862019575077584,8222,8356,156,0,8200,8327,447138,22,0,0,22,29
2020-08-09,US,Arizona,Santa Cruz,2662,53,0,31.52508998,-110.8479088,4023.0,5724.977418383586,1.9909842223891807,2609,2658,53,0,2605,2651,46511,4,0,0,4,7
2020-08-09,US,Arizona,Unassigned,0,1,0,0.0,0.0,90004.0,0.0,0.0,-1,0,1,0,-1,0,,0,0,0,0,0
2020-08-09,US,Arizona,Yavapai,2004,67,0,34.59933926,-112.5538588,4025.0,852.4068583873178,3.343313373253493,1937,1980,67,0,1913,1966,231993,24,0,0,24,14
2020-08-09,US,Arizona,Yuma,11510,288,0,32.76895712,-113.90666740000002,4027.0,5383.863378035147,2.5021720243266725,11222,11512,286,0,11226,11448,212128,-2,2,0,-4,64
2020-08-09,US,Arkansas,Arkansas,217,1,0,34.29145151,-91.37277296,5001.0,1240.9927942353886,0.4608294930875576,216,212,1,0,211,210,17769,5,0,0,5,2
2020-08-09,US,Arkansas,Ashley,326,5,0,33.19153461,-91.7698471,5003.0,1658.442285191026,1.5337423312883436,321,322,5,0,317,304,20046,4,0,0,4,18
2020-08-09,US,Arkansas,Baxter,71,0,0,36.28784385,-92.33782872,5005.0,169.3217590384432,0.0,71,71,0,0,71,69,41619,0,0,0,0,2
2020-08-09,US,Arkansas,Benton,4774,43,0,36.33644656,-94.25680817,5007.0,1710.246792839461,0.9007121910347716,4731,4755,43,0,4712,4698,272608,19,0,0,19,57
2020-08-09,US,Arkansas,Boone,211,1,0,36.3084504,-93.09374925,5009.0,563.6888223979482,0.4739336492890995,210,208,1,0,207,201,37480,3,0,0,3,7
2020-08-09,US,Arkansas,Bradley,190,3,0,33.46755808,-92.15980837,5011.0,1765.307070519372,1.5789473684210529,187,186,3,0,183,179,10897,4,0,0,4,7
2020-08-09,US,Arkansas,Calhoun,16,0,0,33.55598792,-92.49974403,5013.0,308.3445750626325,0.0,16,16,0,0,16,15,5277,0,0,0,0,1
2020-08-09,US,Arkansas,Carroll,354,7,0,36.34038560000001,-93.54270261,5015.0,1247.3572938689215,1.9774011299435028,347,353,7,0,346,350,28223,1,0,0,1,3
2020-08-09,US,Arkansas,Chicot,733,8,0,33.26458973,-91.29539209,5017.0,7244.51472623048,1.0914051841746248,725,729,8,0,721,718,10438,4,0,0,4,11
2020-08-09,US,Arkansas,Clark,177,1,0,34.04613432,-93.17484713,5019.0,793.010752688172,0.5649717514124294,176,177,1,0,176,177,22061,0,0,0,0,0
2020-08-09,US,Arkansas,Clay,136,4,0,36.36826212,-90.4148172,5021.0,934.6436671019172,2.9411764705882355,132,130,4,0,126,127,14847,6,0,0,6,3
2020-08-09,US,Arkansas,Cleburne,200,5,0,35.53864922,-92.02640019,5023.0,802.6004253782254,2.5,195,194,5,0,189,194,24965,6,0,0,6,0
2020-08-09,US,Arkansas,Cleveland,97,2,0,33.89723187,-92.18537045,5025.0,1219.2056309703369,2.061855670103093,95,97,2,0,95,93,8018,0,0,0,0,4
2020-08-09,US,Arkansas,Columbia,215,11,0,33.21230701,-93.22642793,5027.0,916.5707464722684,5.116279069767441,204,214,9,0,205,212,23537,1,2,0,-1,2
2020-08-09,US,Arkansas,Conway,152,3,0,35.26205537,-92.70506566,5029.0,729.1566727429722,1.973684210526316,149,150,3,0,147,147,20891,2,0,0,2,3
2020-08-09,US,Arkansas,Craighead,1344,12,0,35.83018283,-90.63235729,5031.0,1218.1416089620418,0.8928571428571429,1332,1336,12,0,1324,1318,108558,8,0,0,8,18
2020-08-09,US,Arkansas,Crawford,627,4,0,35.58928601,-94.2446814,5033.0,991.1946503944228,0.6379585326953748,623,620,4,0,616,597,63406,7,0,0,7,23
2020-08-09,US,Arkansas,Crittenden,1356,23,0,35.21247318,-90.30839406,5035.0,2827.650922740069,1.696165191740413,1333,1351,21,0,1330,1327,48342,5,2,0,3,24
2020-08-09,US,Arkansas,Cross,195,4,0,35.29631396,-90.77185818,5037.0,1187.648456057007,2.051282051282051,191,195,4,0,191,190,16676,0,0,0,0,5
2020-08-09,US,Arkansas,Dallas,63,0,0,33.97042763,-92.65167437,5039.0,898.8443429875874,0.0,63,61,0,0,61,61,7182,2,0,0,2,0
2020-08-09,US,Arkansas,Desha,194,2,0,33.83011025,-91.25500948,5041.0,1707.5961623096564,1.0309278350515465,192,192,2,0,190,187,11512,2,0,0,2,5
2020-08-09,US,Arkansas,Drew,203,3,0,33.59035001,-91.71777921,5043.0,1114.2214172018223,1.477832512315271,200,198,3,0,195,186,18328,5,0,0,5,12
2020-08-09,US,Arkansas,Faulkner,1304,6,0,35.14719007,-92.33717519,5045.0,1034.863142523828,0.4601226993865031,1298,1290,6,0,1284,1278,124806,14,0,0,14,12
2020-08-09,US,Arkansas,Franklin,126,2,0,35.51202821,-93.89299569,5047.0,711.2616426756987,1.5873015873015872,124,126,2,0,124,123,17810,0,0,0,0,3
2020-08-09,US,Arkansas,Fulton,42,0,0,36.38177105,-91.81729127,5049.0,336.61937965857175,0.0,42,40,0,0,40,35,12269,2,0,0,2,5
2020-08-09,US,Arkansas,Garland,1008,14,0,34.57692074,-93.14921604,5051.0,1014.2273559656288,1.3888888888888888,994,992,12,0,980,964,99154,16,2,0,14,28
2020-08-09,US,Arkansas,Grant,136,0,0,34.29017991,-92.42320562,5053.0,744.5934848070079,0.0,136,135,0,0,135,133,18188,1,0,0,1,2
2020-08-09,US,Arkansas,Greene,476,1,0,36.11735460000001,-90.55832668,5055.0,1050.1930501930499,0.21008403361344535,475,473,1,0,472,459,45325,3,0,0,3,14
2020-08-09,US,Arkansas,Hempstead,239,2,0,33.73325583,-93.66935133,5057.0,1109.9758498978265,0.8368200836820083,237,239,2,0,237,233,21741,0,0,0,0,6
2020-08-09,US,Arkansas,Hot Spring,1546,11,0,34.31709259,-92.95396325,5059.0,4577.892274436646,0.7115135834411385,1535,1530,11,0,1519,1496,33701,16,0,0,16,34
2020-08-09,US,Arkansas,Howard,340,4,0,34.09007427,-93.9934871,5061.0,2575.367368580518,1.1764705882352942,336,336,3,0,333,327,13341,4,1,0,3,9
2020-08-09,US,Arkansas,Independence,517,1,0,35.74242707,-91.57001641,5063.0,1366.8208856576339,0.1934235976789168,516,492,1,0,491,483,37678,25,0,0,25,9
2020-08-09,US,Arkansas,Izard,53,1,0,36.09604046,-91.90847954,5065.0,388.8766600631008,1.8867924528301887,52,52,1,0,51,50,13593,1,0,0,1,2
2020-08-09,US,Arkansas,Jackson,112,1,0,35.59802983,-91.21494602,5067.0,669.896524911777,0.8928571428571429,111,109,1,0,108,77,16811,3,0,0,3,32
2020-08-09,US,Arkansas,Jefferson,1534,40,0,34.26767081,-91.92619839,5069.0,2295.5824254758772,2.607561929595828,1494,1519,40,0,1479,1484,68114,15,0,0,15,35
2020-08-09,US,Arkansas,Johnson,668,2,0,35.56759135,-93.46036368,5071.0,2513.3569117315074,0.2994011976047904,666,663,2,0,661,662,26742,5,0,0,5,1
2020-08-09,US,Arkansas,Lafayette,54,2,0,33.24116713,-93.60677071,5073.0,815.2173913043479,3.703703703703704,52,53,2,0,51,52,6682,1,0,0,1,1
2020-08-09,US,Arkansas,Lawrence,212,9,0,36.04188196,-91.10867198,5075.0,1292.2101670120687,4.245283018867925,203,209,9,0,200,206,16434,3,0,0,3,3
2020-08-09,US,Arkansas,Lee,894,8,0,34.78498904,-90.78383866,5077.0,10093.711188890144,0.8948545861297539,886,893,8,0,885,893,8985,1,0,0,1,0
2020-08-09,US,Arkansas,Lincoln,1219,12,0,33.95317155,-91.74002806,5079.0,9359.643734643734,0.9844134536505332,1207,1212,12,0,1200,1209,13383,7,0,0,7,3
2020-08-09,US,Arkansas,Little River,181,1,0,33.70375665,-94.23468591,5081.0,1476.4662696794192,0.5524861878453039,180,180,1,0,179,168,12326,1,0,0,1,12
2020-08-09,US,Arkansas,Logan,261,1,0,35.21413234,-93.71951016,5083.0,1215.876269449362,0.3831417624521073,260,252,1,0,251,233,21737,9,0,0,9,19
2020-08-09,US,Arkansas,Lonoke,512,2,0,34.75392199,-91.88742357,5085.0,698.413564500948,0.390625,510,508,2,0,506,495,73657,4,0,0,4,13
2020-08-09,US,Arkansas,Madison,270,2,0,36.01038185,-93.72524943,5087.0,1628.8610038610034,0.7407407407407407,268,270,2,0,268,269,16481,0,0,0,0,1
2020-08-09,US,Arkansas,Marion,28,0,0,36.26844485,-92.68451899,5089.0,167.72493111297473,0.0,28,25,0,0,25,25,16722,3,0,0,3,0
2020-08-09,US,Arkansas,Miller,512,5,0,33.31403423,-93.89285258,5091.0,1183.6234597868554,0.9765625,507,508,5,0,503,499,43592,4,0,0,4,9
2020-08-09,US,Arkansas,Mississippi,1014,14,0,35.76271485,-90.05194370000002,5093.0,2494.403581707707,1.3806706114398422,1000,982,14,0,968,958,41239,32,0,0,32,24
2020-08-09,US,Arkansas,Monroe,60,0,0,34.6815935,-91.20540287,5095.0,895.3887479480675,0.0,60,58,0,0,58,58,6900,2,0,0,2,0
2020-08-09,US,Arkansas,Montgomery,35,1,0,34.53704874,-93.65824478,5097.0,389.4947696416648,2.8571428571428568,34,34,1,0,33,34,8924,1,0,0,1,0
2020-08-09,US,Arkansas,Nevada,142,9,0,33.66340119,-93.30632432,5099.0,1720.7949587978671,6.338028169014086,133,137,9,0,128,137,8326,5,0,0,5,0
2020-08-09,US,Arkansas,Newton,103,6,0,35.91947491,-93.21612969,5101.0,1328.5179930349545,5.825242718446603,97,102,6,0,96,104,7805,1,0,0,1,-2
2020-08-09,US,Arkansas,Ouachita,100,2,0,33.58839816,-92.87795984,5103.0,427.67941151312965,2.0,98,98,2,0,96,92,23606,2,0,0,2,6
2020-08-09,US,Arkansas,Perry,54,0,0,34.9459153,-92.94372564,5105.0,516.4992826398852,0.0,54,50,0,0,50,50,10352,4,0,0,4,0
2020-08-09,US,Arkansas,Phillips,318,8,0,34.43268455,-90.84800154,5107.0,1788.3252727477225,2.5157232704402515,310,311,7,0,304,303,18029,7,1,0,6,8
2020-08-09,US,Arkansas,Pike,101,1,0,34.16250414,-93.65789349,5109.0,942.3399888038812,0.99009900990099,100,101,1,0,100,97,10673,0,0,0,0,4
2020-08-09,US,Arkansas,Poinsett,272,3,0,35.57433534,-90.66268713,5111.0,1156.0693641618498,1.1029411764705883,269,269,3,0,266,240,23974,3,0,0,3,29
2020-08-09,US,Arkansas,Polk,142,1,0,34.48254879,-94.22728802,5113.0,711.2803045481868,0.7042253521126759,141,140,1,0,139,140,20049,2,0,0,2,0
2020-08-09,US,Arkansas,Pope,1313,10,0,35.44871474,-93.03212219,5115.0,2049.257085778499,0.7616146230007617,1303,1306,10,0,1296,1282,64000,7,0,0,7,24
2020-08-09,US,Arkansas,Prairie,91,0,0,34.83624419,-91.55162157,5117.0,1128.7521706772513,0.0,91,90,0,0,90,87,8074,1,0,0,1,3
2020-08-09,US,Arkansas,Pulaski,5582,85,0,34.77054088,-92.31355101,5119.0,1424.3029667450005,1.5227517018989611,5497,5480,85,0,5395,5407,392680,102,0,0,102,73
2020-08-09,US,Arkansas,Randolph,213,3,0,36.3415714,-91.02455531,5121.0,1186.1009021049115,1.4084507042253518,210,209,3,0,206,206,17948,4,0,0,4,3
2020-08-09,US,Arkansas,Saline,1046,6,0,34.64916145,-92.67583224,5125.0,854.3169140047536,0.5736137667304015,1040,1017,6,0,1011,999,121421,29,0,0,29,18
2020-08-09,US,Arkansas,Scott,61,0,0,34.85588887,-94.0632176,5127.0,593.3274973251629,0.0,61,58,0,0,58,55,10319,3,0,0,3,3
2020-08-09,US,Arkansas,Searcy,30,0,0,35.9109364,-92.69936482,5129.0,380.6623524933384,0.0,30,29,0,0,29,28,7958,1,0,0,1,1
2020-08-09,US,Arkansas,Sebastian,2176,20,0,35.19605503,-94.27162713,5131.0,1702.300765878883,0.9191176470588236,2156,2133,20,0,2113,2079,127753,43,0,0,43,54
2020-08-09,US,Arkansas,Sevier,989,10,0,33.99780401,-94.2424869,5133.0,5815.252543070501,1.0111223458038423,979,988,10,0,978,976,17139,1,0,0,1,12
2020-08-09,US,Arkansas,Sharp,113,5,0,36.16258158,-91.47819342,5135.0,647.8614837747965,4.424778761061948,108,111,5,0,106,109,17366,2,0,0,2,2
2020-08-09,US,Arkansas,St. Francis,1209,3,0,35.02201976,-90.74828138,5123.0,4837.160918620469,0.2481389578163772,1206,1193,3,0,1190,1186,25439,16,0,0,16,7
2020-08-09,US,Arkansas,Stone,69,1,0,35.86251946,-92.15684085,5137.0,551.7351671197824,1.4492753623188406,68,67,1,0,66,64,12457,2,0,0,2,3
2020-08-09,US,Arkansas,Unassigned,1796,0,0,0.0,0.0,90005.0,0.0,0.0,1796,1772,0,0,1772,1785,,24,0,0,24,-13
2020-08-09,US,Arkansas,Union,499,17,0,33.16887091,-92.59746952,5139.0,1290.0056873998242,3.406813627254509,482,478,17,0,461,472,39126,21,0,0,21,6
2020-08-09,US,Arkansas,Van Buren,53,2,0,35.58095779,-92.51295036,5141.0,320.3384708371109,3.7735849056603774,51,53,2,0,51,52,16603,0,0,0,0,1
2020-08-09,US,Arkansas,Washington,6298,52,0,35.976844,-94.21800746,5143.0,2633.0862463260964,0.8256589393458241,6246,6268,51,0,6217,6231,236961,30,1,0,29,37
2020-08-09,US,Arkansas,White,322,2,0,35.25688493,-91.74908296,5145.0,408.8733127626884,0.6211180124223602,320,318,2,0,316,312,78727,4,0,0,4,6
2020-08-09,US,Arkansas,Woodruff,21,0,0,35.18902527,-91.2439489,5147.0,332.27848101265823,0.0,21,21,0,0,21,21,6490,0,0,0,0,0
2020-08-09,US,Arkansas,Yell,1066,14,0,35.00292371,-93.41171338,5149.0,4995.079893163394,1.3133208255159474,1052,1065,14,0,1051,1062,21535,1,0,0,1,3
2020-08-09,US,California,Alameda,13213,208,0,37.64629437,-121.8929271,6001.0,790.5684637794235,1.5742072201619617,13005,13213,208,0,13005,12884,1666753,0,0,0,0,329
2020-08-09,US,California,Alpine,2,0,0,38.59678594,-119.82235940000001,6003.0,177.14791851195747,0.0,2,2,0,0,2,2,1101,0,0,0,0,0
2020-08-09,US,California,Amador,164,2,0,38.44583082,-120.65696000000001,6005.0,412.5578587240893,1.2195121951219512,162,164,2,0,162,162,39383,0,0,0,0,2
2020-08-09,US,California,Butte,1095,8,0,39.66727762,-121.6005252,6007.0,499.57570282773537,0.7305936073059359,1087,1095,8,0,1087,1060,231256,0,0,0,0,35
2020-08-09,US,California,Calaveras,147,1,0,38.20537103,-120.55291299999999,6009.0,320.2265548415205,0.6802721088435374,146,147,1,0,146,136,45602,0,0,0,0,11
2020-08-09,US,California,Colusa,362,4,0,39.17881957,-122.2331726,6011.0,1680.0482665800346,1.1049723756906078,358,362,4,0,358,362,21627,0,0,0,0,0
2020-08-09,US,California,Contra Costa,9182,139,0,37.91923498,-121.9289527,6013.0,795.9941951893585,1.5138314092790242,9043,9022,138,0,8884,8760,1150215,160,1,0,159,262
2020-08-09,US,California,Del Norte,99,0,0,41.74228275,-123.89740630000001,6015.0,355.9614554868403,0.0,99,99,0,0,99,96,27828,0,0,0,0,3
2020-08-09,US,California,El Dorado,729,1,0,38.77965956,-120.5233166,6017.0,378.0277220329492,0.13717421124828533,728,729,1,0,728,716,190678,0,0,0,0,13
2020-08-09,US,California,Fresno,17290,171,0,36.75733899,-119.6466953,6019.0,1730.5557696369033,0.989010989010989,17119,17031,171,0,16860,16625,994400,259,0,0,259,406
2020-08-09,US,California,Glenn,360,3,0,39.59875897,-122.3938452,6021.0,1267.9181488395027,0.8333333333333334,357,360,3,0,357,360,28047,0,0,0,0,0
2020-08-09,US,California,Humboldt,282,4,0,40.69923009,-123.876044,6023.0,208.02903554198204,1.4184397163120568,278,282,4,0,278,280,136373,0,0,0,0,2
2020-08-09,US,California,Imperial,9693,244,0,33.0393082,-115.36690420000001,6025.0,5348.894959026571,2.517280511709481,9449,9693,244,0,9449,9601,181827,0,0,0,0,92
2020-08-09,US,California,Inyo,89,3,0,36.51112084,-117.41119779999998,6027.0,493.3754642718554,3.3707865168539324,86,64,3,0,61,86,17987,25,0,0,25,-22
2020-08-09,US,California,Kern,23583,171,0,35.34329425,-118.72777959999999,6029.0,2619.7453460445545,0.7250985879659076,23412,22626,171,0,22455,22009,896764,957,0,0,957,617
2020-08-09,US,California,Kings,4453,56,0,36.07409056,-119.8159973,6031.0,2911.5993199947693,1.2575791601167752,4397,4453,56,0,4397,4453,151366,0,0,0,0,0
2020-08-09,US,California,Lake,220,2,0,39.10124298,-122.75362439999999,6033.0,341.68918709036126,0.9090909090909092,218,220,2,0,218,220,64382,0,0,0,0,0
2020-08-09,US,California,Lassen,638,0,0,40.67311306,-120.59350990000002,6035.0,2086.8086219867205,0.0,638,638,0,0,638,638,30802,0,0,0,0,0
2020-08-09,US,California,Los Angeles,208563,4977,0,34.30828379,-118.22824109999999,6037.0,2077.505499244106,2.38632931056803,203586,206778,4967,0,201811,204258,10105518,1785,10,0,1775,2520
2020-08-09,US,California,Madera,2302,39,0,37.21513971,-119.76655890000002,6039.0,1463.1944929986594,1.6941789748045175,2263,2302,39,0,2263,2267,157672,0,0,0,0,35
2020-08-09,US,California,Marin,5327,79,0,38.07122463,-122.72106310000001,6041.0,2058.1394450325697,1.4830110756523371,5248,5287,79,0,5208,5257,259666,40,0,0,40,30
2020-08-09,US,California,Mariposa,61,2,0,37.57978556,-119.9073334,6043.0,354.5893158170086,3.278688524590164,59,60,2,0,58,60,17471,1,0,0,1,0
2020-08-09,US,California,Mendocino,431,10,0,39.4381191,-123.39113130000001,6045.0,496.83569839421784,2.320185614849188,421,380,10,0,370,363,87606,51,0,0,51,17
2020-08-09,US,California,Merced,5012,64,0,37.18922369,-120.72090349999999,6047.0,1804.955344281187,1.2769353551476457,4948,5012,64,0,4948,4855,274765,0,0,0,0,157
2020-08-09,US,California,Modoc,5,0,0,41.58965602,-120.7244817,6049.0,56.55468838366701,0.0,5,5,0,0,5,4,8777,0,0,0,0,1
2020-08-09,US,California,Mono,154,1,0,37.93899289,-118.8872409,6051.0,1066.1866518969814,0.6493506493506493,153,153,1,0,152,153,14250,1,0,0,1,0
2020-08-09,US,California,Monterey,5293,35,0,36.21862405,-121.24133970000001,6053.0,1219.4138611854096,0.6612507084829019,5258,5212,35,0,5177,5156,435594,81,0,0,81,56
2020-08-09,US,California,Napa,1046,10,0,38.50735751,-122.33283899999999,6055.0,759.3797188988267,0.9560229445506692,1036,1046,10,0,1036,1046,139417,0,0,0,0,0
2020-08-09,US,California,Nevada,322,1,0,39.30394768,-120.76272809999999,6057.0,322.79083755200236,0.3105590062111801,321,322,1,0,321,321,99696,0,0,0,0,1
2020-08-09,US,California,Orange,39641,726,0,33.70147516,-117.76459979999998,6059.0,1248.2633706291415,1.8314371484069525,38915,39076,720,0,38356,38754,3185968,565,6,0,559,322
2020-08-09,US,California,Placer,2186,20,0,39.06167234,-120.72405690000001,6061.0,548.7925810071573,0.9149130832570904,2166,2186,20,0,2166,2099,393149,0,0,0,0,87
2020-08-09,US,California,Plumas,34,0,0,40.00355989,-120.8395236,6063.0,180.7837507311108,0.0,34,34,0,0,34,34,18804,0,0,0,0,0
2020-08-09,US,California,Riverside,40452,799,0,33.74314981,-115.9933578,6065.0,1637.3708483873606,1.9751804607930388,39653,40452,799,0,39653,40452,2450758,0,0,0,0,0
2020-08-09,US,California,Sacramento,10795,161,0,38.45106826,-121.34253740000001,6067.0,695.5281310363401,1.491431218156554,10634,10795,161,0,10634,10544,1540975,0,0,0,0,251
2020-08-09,US,California,San Benito,715,4,0,36.60308176,-121.069975,6069.0,1138.390014010954,0.5594405594405595,711,709,4,0,705,699,61537,6,0,0,6,10
2020-08-09,US,California,San Bernardino,35712,546,0,34.84060306,-116.1774685,6071.0,1638.1012666937302,1.5288978494623655,35166,35452,502,0,34950,34939,2171603,260,44,0,216,513
2020-08-09,US,California,San Diego,32330,593,0,33.03484597,-116.73653259999999,6073.0,968.4482960042895,1.8342097123414784,31737,31779,586,0,31193,31127,3343364,551,7,0,544,652
2020-08-09,US,California,San Francisco,7548,67,0,37.75215114,-122.43856720000001,6075.0,856.2201307017534,0.8876523582405935,7481,7432,67,0,7365,7326,883305,116,0,0,116,106
2020-08-09,US,California,San Joaquin,12303,211,0,37.93433732,-121.2730061,6077.0,1614.253399602177,1.715028854750874,12092,12303,211,0,12092,12119,752660,0,0,0,0,184
2020-08-09,US,California,San Luis Obispo,2093,15,0,35.38822029,-120.4039028,6079.0,739.2860044293581,0.7166746297181079,2078,2093,15,0,2078,2047,284010,0,0,0,0,46
2020-08-09,US,California,San Mateo,6110,120,0,37.422880799999994,-122.32755459999998,6081.0,797.053900933114,1.9639934533551555,5990,6110,120,0,5990,5978,769545,0,0,0,0,132
2020-08-09,US,California,Santa Barbara,6704,69,0,34.65329488,-120.0188492,6083.0,1501.4591298076816,1.0292362768496421,6635,6704,69,0,6635,6652,446527,0,0,0,0,52
2020-08-09,US,California,Santa Clara,11687,204,0,37.23104908,-121.6970462,6085.0,606.2187346331565,1.745529220501412,11483,11475,203,0,11272,11336,1937570,212,1,0,211,139
2020-08-09,US,California,Santa Cruz,1238,6,0,37.05580291,-122.0066524,6087.0,453.1263153656671,0.4846526655896608,1232,1238,6,0,1232,1229,274255,0,0,0,0,9
2020-08-09,US,California,Shasta,418,10,0,40.76391419,-122.0396884,6089.0,232.1190581963572,2.392344497607656,408,418,10,0,408,411,180040,0,0,0,0,7
2020-08-09,US,California,Sierra,3,0,0,39.57713498,-120.52007009999998,6091.0,99.83361064891848,0.0,3,3,0,0,3,3,2987,0,0,0,0,0
2020-08-09,US,California,Siskiyou,93,0,0,41.59198861,-122.54074340000001,6093.0,213.60159856680215,0.0,93,93,0,0,93,92,43724,0,0,0,0,1
2020-08-09,US,California,Solano,4029,40,0,38.26827353,-121.9357113,6095.0,900.0475825602098,0.9928021841648051,3989,4029,40,0,3989,3959,446610,0,0,0,0,70
2020-08-09,US,California,Sonoma,3556,47,0,38.52746429,-122.88625060000001,6097.0,719.3487830139824,1.321709786276715,3509,3431,47,0,3384,3358,499942,125,0,0,125,73
2020-08-09,US,California,Stanislaus,9665,162,0,37.55862499,-120.9970722,6099.0,1755.1665274397994,1.6761510605276773,9503,9566,161,0,9405,9408,549815,99,1,0,98,158
2020-08-09,US,California,Sutter,942,7,0,39.03417539,-121.6945899,6101.0,971.4244464840004,0.7430997876857749,935,921,7,0,914,893,96807,21,0,0,21,28
2020-08-09,US,California,Tehama,276,1,0,40.12570935,-122.23701709999999,6103.0,424.0673591051564,0.3623188405797101,275,276,1,0,275,271,63916,0,0,0,0,5
2020-08-09,US,California,Trinity,5,0,0,40.64917670000001,-123.114713,6105.0,40.7000407000407,0.0,5,5,0,0,5,5,12535,0,0,0,0,0
2020-08-09,US,California,Tulare,10475,196,0,36.22026558,-118.8020203,6107.0,2246.9138450648334,1.8711217183770883,10279,10475,196,0,10279,10475,465861,0,0,0,0,0
2020-08-09,US,California,Tuolumne,152,2,0,38.02644018,-119.95250929999999,6109.0,279.0117111494548,1.3157894736842106,150,152,2,0,150,147,54539,0,0,0,0,5
2020-08-09,US,California,Ventura,8146,89,0,34.44465746,-119.09106129999999,6111.0,962.877331839254,1.0925607660201326,8057,8146,89,0,8057,8035,850967,0,0,0,0,111
2020-08-09,US,California,Yolo,1721,43,0,38.68278902,-121.90182879999999,6113.0,780.4988662131517,2.4985473561882627,1678,1690,43,0,1647,1660,220408,31,0,0,31,30
2020-08-09,US,California,Yuba,600,4,0,39.26255932,-121.35356440000001,6115.0,762.6989373061473,0.6666666666666666,596,588,4,0,584,572,78041,12,0,0,12,16
2020-08-09,US,Colorado,Adams,6491,176,0,39.87432092,-104.3362578,8001.0,1254.4910237504855,2.7114466183947004,6315,6438,176,0,6262,6375,511868,53,0,0,53,63
2020-08-09,US,Colorado,Alamosa,230,9,0,37.57250606,-105.7885451,8003.0,1416.8668761165527,3.9130434782608696,221,227,9,0,218,226,16683,3,0,0,3,1
2020-08-09,US,Colorado,Arapahoe,7311,364,0,39.64977461,-104.3353617,8005.0,1113.4802540398116,4.978799069894679,6947,7286,364,0,6922,7234,651215,25,0,0,25,52
2020-08-09,US,Colorado,Archuleta,36,0,0,37.19474156,-107.0476867,8007.0,256.61130515361043,0.0,36,35,0,0,35,35,13765,1,0,0,1,0
2020-08-09,US,Colorado,Baca,15,0,0,37.31940883,-102.5603223,8009.0,418.8774085450991,0.0,15,14,0,0,14,14,3585,1,0,0,1,0
2020-08-09,US,Colorado,Bent,9,0,0,37.95474293,-103.0720195,8011.0,161.37708445400753,0.0,9,9,0,0,9,9,5882,0,0,0,0,0
2020-08-09,US,Colorado,Boulder,2046,75,0,40.09313619,-105.3546767,8013.0,627.2302542029945,3.6656891495601167,1971,2026,75,0,1951,2019,326078,20,0,0,20,7
2020-08-09,US,Colorado,Broomfield,473,32,0,39.95998787,-105.0566324,8014.0,671.2552330944441,6.765327695560254,441,460,32,0,428,453,69267,13,0,0,13,7
2020-08-09,US,Colorado,Chaffee,303,19,0,38.74745778,-106.19265729999998,8015.0,1488.5046178031048,6.2706270627062715,284,302,19,0,283,296,20027,1,0,0,1,6
2020-08-09,US,Colorado,Cheyenne,9,0,0,38.82777431,-102.6032558,8017.0,491.53468050245766,0.0,9,8,0,0,8,8,1876,1,0,0,1,0
2020-08-09,US,Colorado,Clear Creek,30,1,0,39.68864463,-105.6463118,8019.0,309.27835051546384,3.333333333333333,29,30,1,0,29,30,9605,0,0,0,0,0
2020-08-09,US,Colorado,Conejos,23,0,0,37.201606,-106.19174879999998,8021.0,280.31687995124923,0.0,23,23,0,0,23,23,8200,0,0,0,0,0
2020-08-09,US,Colorado,Costilla,23,0,0,37.27732493,-105.4276548,8023.0,591.7159763313608,0.0,23,22,0,0,22,22,3828,1,0,0,1,0
2020-08-09,US,Colorado,Crowley,72,1,0,38.32608609,-103.7844965,8025.0,1187.922785018974,1.3888888888888888,71,72,1,0,71,72,5858,0,0,0,0,0
2020-08-09,US,Colorado,Custer,11,0,0,38.10883162,-105.3683478,8027.0,217.04814522494078,0.0,11,11,0,0,11,11,4954,0,0,0,0,0
2020-08-09,US,Colorado,Delta,121,1,0,38.86246243,-107.8631342,8029.0,388.29343431101984,0.8264462809917356,120,121,1,0,120,118,30953,0,0,0,0,3
2020-08-09,US,Colorado,Denver,10224,414,0,39.76018276,-104.8725695,8031.0,1405.9193274029133,4.049295774647887,9810,10173,414,0,9759,10122,716492,51,0,0,51,51
2020-08-09,US,Colorado,Dolores,1,0,0,37.75208676,-108.5211585,8033.0,48.661800486618006,0.0,1,1,0,0,1,1,2074,0,0,0,0,0
2020-08-09,US,Colorado,Douglas,1734,59,0,39.33133796,-104.930001,8035.0,493.8004408322275,3.4025374855824686,1675,1726,59,0,1667,1718,342776,8,0,0,8,8
2020-08-09,US,Colorado,Eagle,1123,9,0,39.62754308,-106.6933637,8037.0,2037.114299707947,0.8014247551202137,1114,1120,9,0,1111,1116,54993,3,0,0,3,4
2020-08-09,US,Colorado,El Paso,5006,137,0,38.83240149,-104.5251411,8041.0,694.8888330559422,2.7367159408709547,4869,4958,137,0,4821,4911,713856,48,0,0,48,47
2020-08-09,US,Colorado,Elbert,105,2,0,39.28656773,-104.1358721,8039.0,392.8317557708856,1.9047619047619049,103,104,2,0,102,103,26282,1,0,0,1,1
2020-08-09,US,Colorado,Fremont,125,0,0,38.47362326,-105.4399667,8043.0,261.29308723008427,0.0,125,123,0,0,123,117,48021,2,0,0,2,6
2020-08-09,US,Colorado,Garfield,767,4,0,39.59921777,-107.902708,8045.0,1277.0350144020247,0.5215123859191656,763,764,4,0,760,757,59770,3,0,0,3,7
2020-08-09,US,Colorado,Gilpin,16,0,0,39.85646523,-105.5252597,8047.0,256.28704148646483,0.0,16,16,0,0,16,16,6121,0,0,0,0,0
2020-08-09,US,Colorado,Grand,46,1,0,40.10603347,-106.1178042,8049.0,292.36049319944067,2.1739130434782608,45,46,1,0,45,46,15525,0,0,0,0,0
2020-08-09,US,Colorado,Gunnison,272,6,0,38.66611652,-107.0320729,8051.0,1557.668079257817,2.2058823529411766,266,269,6,0,263,268,17246,3,0,0,3,1
2020-08-09,US,Colorado,Hinsdale,3,0,0,37.82247444,-107.3004345,8053.0,365.8536585365854,0.0,3,3,0,0,3,3,811,0,0,0,0,0
2020-08-09,US,Colorado,Huerfano,8,1,0,37.68473101,-104.9612585,8055.0,115.99246049006815,12.5,7,8,1,0,7,8,6889,0,0,0,0,0
2020-08-09,US,Colorado,Jackson,9,0,0,40.66593870000001,-106.3408905,8057.0,646.5517241379309,0.0,9,9,0,0,9,9,1399,0,0,0,0,0
2020-08-09,US,Colorado,Jefferson,4177,228,0,39.58635604,-105.2517692,8059.0,716.612824916235,5.458463011730907,3949,4160,228,0,3932,4124,580233,17,0,0,17,36
2020-08-09,US,Colorado,Kit Carson,51,3,0,39.30497777,-102.6022199,8063.0,718.6134986614062,5.882352941176472,48,51,3,0,48,44,7163,0,0,0,0,7
2020-08-09,US,Colorado,La Plata,212,2,0,37.28632032,-107.8429014,8067.0,377.08329627719183,0.9433962264150944,210,207,2,0,205,204,56310,5,0,0,5,3
2020-08-09,US,Colorado,Lake,77,0,0,39.20278823,-106.3555697,8065.0,947.4590869939708,0.0,77,77,0,0,77,77,7824,0,0,0,0,0
2020-08-09,US,Colorado,Larimer,1554,35,0,40.66671597,-105.4625784,8069.0,435.41730293444357,2.2522522522522523,1519,1531,35,0,1496,1493,350518,23,0,0,23,38
2020-08-09,US,Colorado,Las Animas,17,0,0,37.3153406,-104.0376458,8071.0,117.19288570246796,0.0,17,17,0,0,17,15,14503,0,0,0,0,2
2020-08-09,US,Colorado,Lincoln,8,0,0,38.98749519,-103.5136649,8073.0,140.3262585511314,0.0,8,8,0,0,8,8,5610,0,0,0,0,0
2020-08-09,US,Colorado,Logan,651,5,0,40.7249637,-103.110817,8075.0,2905.082779240484,0.7680491551459293,646,651,5,0,646,650,21528,0,0,0,0,1
2020-08-09,US,Colorado,Mesa,306,4,0,39.01787888,-108.469799,8077.0,198.43071136761557,1.30718954248366,302,301,4,0,297,293,153207,5,0,0,5,8
2020-08-09,US,Colorado,Mineral,18,0,0,37.66954283,-106.9281698,8079.0,2340.702210663199,0.0,18,18,0,0,18,18,776,0,0,0,0,0
2020-08-09,US,Colorado,Moffat,31,1,0,40.61810999,-108.2070876,8081.0,233.38101332530303,3.2258064516129035,30,27,1,0,26,26,13188,4,0,0,4,1
2020-08-09,US,Colorado,Montezuma,112,4,0,37.33859579,-108.5958857,8083.0,427.7584692357637,3.571428571428572,108,112,4,0,108,111,26158,0,0,0,0,1
2020-08-09,US,Colorado,Montrose,305,13,0,38.40214114,-108.26390220000002,8085.0,713.3168062117032,4.262295081967213,292,297,13,0,284,293,42214,8,0,0,8,4
2020-08-09,US,Colorado,Morgan,685,46,0,40.26279810000001,-103.8093302,8087.0,2356.543277831292,6.7153284671532845,639,684,46,0,638,683,28558,1,0,0,1,1
2020-08-09,US,Colorado,Otero,71,6,0,37.9014485,-103.7173385,8089.0,388.44512528723055,8.450704225352112,65,71,6,0,65,71,18432,0,0,0,0,0
2020-08-09,US,Colorado,Ouray,13,1,0,38.14717457,-107.7675136,8091.0,262.52019386106616,7.6923076923076925,12,13,1,0,12,13,4833,0,0,0,0,0
2020-08-09,US,Colorado,Park,42,1,0,39.120926,-105.7182065,8093.0,222.870788007429,2.380952380952381,41,42,1,0,41,42,18556,0,0,0,0,0
2020-08-09,US,Colorado,Phillips,19,0,0,40.59414277,-102.3577703,8095.0,445.48651817116064,0.0,19,19,0,0,19,19,4286,0,0,0,0,0
2020-08-09,US,Colorado,Pitkin,187,2,0,39.21720112,-106.9310027,8097.0,1052.513086058423,1.0695187165775402,185,187,2,0,185,182,17950,0,0,0,0,5
2020-08-09,US,Colorado,Prowers,53,0,0,37.95544985,-102.3926052,8099.0,435.42556687479447,0.0,53,52,0,0,52,51,12164,1,0,0,1,1
2020-08-09,US,Colorado,Pueblo,693,34,0,38.17359144,-104.5127437,8101.0,411.4615494228851,4.9062049062049065,659,687,34,0,653,674,167529,6,0,0,6,13
2020-08-09,US,Colorado,Rio Blanco,16,0,0,39.97913541,-108.2179009,8103.0,253.0044275774826,0.0,16,16,0,0,16,15,6336,0,0,0,0,1
2020-08-09,US,Colorado,Rio Grande,89,2,0,37.5836865,-106.3847838,8105.0,789.9174580633709,2.247191011235955,87,89,2,0,87,89,11250,0,0,0,0,0
2020-08-09,US,Colorado,Routt,125,7,0,40.48596505,-106.9905548,8107.0,487.55753178875113,5.6,118,122,7,0,115,117,25733,3,0,0,3,5
2020-08-09,US,Colorado,Saguache,106,2,0,38.08054629,-106.282466,8109.0,1553.3411488862835,1.8867924528301887,104,106,2,0,104,106,6843,0,0,0,0,0
2020-08-09,US,Colorado,San Juan,2,0,0,37.76248981,-107.67632890000002,8111.0,274.72527472527474,0.0,2,2,0,0,2,2,762,0,0,0,0,0
2020-08-09,US,Colorado,San Miguel,89,0,0,38.00450883,-108.4020725,8113.0,1088.1525858906957,0.0,89,88,0,0,88,82,8191,1,0,0,1,6
2020-08-09,US,Colorado,Sedgwick,11,1,0,40.87595412,-102.3519227,8115.0,489.32384341637015,9.090909090909092,10,11,1,0,10,11,2303,0,0,0,0,0
2020-08-09,US,Colorado,Summit,328,4,0,39.63803232,-106.1150762,8117.0,1057.6892070555612,1.2195121951219512,324,327,4,0,323,327,31007,1,0,0,1,0
2020-08-09,US,Colorado,Teller,132,3,0,38.88133511,-105.1614893,8119.0,519.9306759098787,2.272727272727273,129,123,3,0,120,123,25083,9,0,0,9,0
2020-08-09,US,Colorado,Washington,48,0,0,39.97015535,-103.202587,8121.0,977.9951100244501,0.0,48,47,0,0,47,47,4909,1,0,0,1,0
2020-08-09,US,Colorado,Weld,3709,143,0,40.55499405,-104.3929621,8123.0,1143.017393340976,3.8554866540846584,3566,3696,142,0,3554,3662,314305,13,1,0,12,34
2020-08-09,US,Colorado,Yuma,63,0,0,40.00346839,-102.4258673,8125.0,628.8052699870246,0.0,63,63,0,0,63,63,10020,0,0,0,0,0
2020-08-09,US,Connecticut,Fairfield,17956,1408,0,41.26809896,-73.3881171,9001.0,1903.465587937227,7.841390064602362,16548,17956,1408,0,16548,17956,943823,0,0,0,0,0
2020-08-09,US,Connecticut,Hartford,12761,1415,0,41.80283011,-72.73103891,9003.0,1431.0545911272598,11.088472690228038,11346,12761,1415,0,11346,12761,892697,0,0,0,0,0
2020-08-09,US,Connecticut,Litchfield,1610,138,0,41.7937534,-73.2451475,9005.0,892.7927778055043,8.571428571428571,1472,1610,138,0,1472,1610,181111,0,0,0,0,0
2020-08-09,US,Connecticut,Middlesex,1396,192,0,41.45949668,-72.53714864,9007.0,859.4154005269768,13.753581661891115,1204,1396,192,0,1204,1396,162682,0,0,0,0,0
2020-08-09,US,Connecticut,New Haven,13145,1104,0,41.408032500000004,-72.93620426,9009.0,1537.863977715304,8.398630658044883,12041,13145,1104,0,12041,13145,857620,0,0,0,0,0
2020-08-09,US,Connecticut,New London,1433,103,0,41.48896435,-72.10430976,9011.0,540.3346832273778,7.187718073970691,1330,1433,103,0,1330,1433,266784,0,0,0,0,0
2020-08-09,US,Connecticut,Tolland,1056,66,0,41.85853803,-72.3308481,9013.0,700.6322941063289,6.25,990,1056,66,0,990,1056,150921,0,0,0,0,0
2020-08-09,US,Connecticut,Unassigned,237,0,0,0.0,0.0,90009.0,0.0,0.0,237,237,0,0,237,237,,0,0,0,0,0
2020-08-09,US,Connecticut,Windham,726,15,0,41.82972709,-71.98182316,9015.0,621.6711479508829,2.066115702479338,711,726,15,0,711,726,117027,0,0,0,0,0
2020-08-09,US,Delaware,Kent,2287,108,0,39.08646628,-75.56884914,10001.0,1265.0315843040946,4.722343681679057,2179,2277,107,0,2170,2268,178550,10,1,0,9,9
2020-08-09,US,Delaware,New Castle,7206,291,0,39.57992638,-75.64054974,10003.0,1289.657505194603,4.038301415487094,6915,7161,291,0,6870,7130,559335,45,0,0,45,31
2020-08-09,US,Delaware,Sussex,5839,192,0,38.66143781,-75.39031349,10005.0,2492.902124026043,3.288234286692927,5647,5821,192,0,5629,5803,229286,18,0,0,18,18
2020-08-09,US,Delaware,Unassigned,243,0,0,0.0,0.0,90010.0,0.0,0.0,243,243,0,0,243,244,,0,0,0,0,-1
2020-08-09,US,District of Columbia,District of Columbia,12753,591,0,38.90417773,-77.01655992,11001.0,1807.016375510273,4.634203716772523,12162,12653,590,0,12063,12589,702455,100,1,0,99,64
2020-08-09,US,Florida,Alachua,4142,26,0,29.67866525,-82.35928158,12001.0,1539.5308556624775,0.6277160791887977,4116,4088,26,0,4062,4006,269956,54,0,0,54,82
2020-08-09,US,Florida,Baker,907,4,0,30.33060121,-82.28467476,12003.0,3105.100992810681,0.4410143329658214,903,827,4,0,823,630,28355,80,0,0,80,197
2020-08-09,US,Florida,Bay,4440,51,0,30.26548745,-85.62122584,12005.0,2541.426976903924,1.148648648648649,4389,4388,51,0,4337,4194,185287,52,0,0,52,194
2020-08-09,US,Florida,Bradford,494,4,0,29.95079741,-82.16611613,12007.0,1751.7109322364456,0.8097165991902834,490,469,4,0,465,434,27732,25,0,0,25,35
2020-08-09,US,Florida,Brevard,6064,151,0,28.29409504,-80.73091022,12009.0,1007.4060291523103,2.4901055408970976,5913,5963,142,0,5821,5851,596849,101,9,0,92,112
2020-08-09,US,Florida,Broward,62268,803,0,26.15184651,-80.48725556,12011.0,3188.688115085279,1.2895869467463223,61465,61614,789,0,60825,60746,1951260,654,14,0,640,868
2020-08-09,US,Florida,Calhoun,475,7,0,30.40666734,-85.19394153,12013.0,3367.600141793689,1.4736842105263157,468,462,7,0,455,417,14587,13,0,0,13,45
2020-08-09,US,Florida,Charlotte,2238,91,0,26.90131002,-81.92949121,12015.0,1184.6911227568685,4.066130473637176,2147,2214,91,0,2123,2174,184998,24,0,0,24,40
2020-08-09,US,Florida,Citrus,1539,36,0,28.84804315,-82.47614748,12017.0,1028.3514970900126,2.3391812865497075,1503,1514,36,0,1478,1473,147929,25,0,0,25,41
2020-08-09,US,Florida,Clay,3282,51,0,29.98319144,-81.85609986,12019.0,1496.9076678890044,1.553930530164534,3231,3245,51,0,3194,3186,216072,37,0,0,37,59
2020-08-09,US,Florida,Collier,10334,136,0,26.11091986,-81.34687065,12021.0,2684.8392577850987,1.3160441261854074,10198,10265,133,0,10132,10202,378488,69,3,0,66,63
2020-08-09,US,Florida,Columbia,2873,15,0,30.22509788,-82.62160164,12023.0,4007.7560472058703,0.5221023320570832,2858,2835,15,0,2820,2784,70503,38,0,0,38,51
2020-08-09,US,Florida,DeSoto,1351,16,0,27.18677893,-81.80941373,12027.0,3555.1696007999794,1.1843079200592157,1335,1339,16,0,1323,1327,37489,12,0,0,12,12
2020-08-09,US,Florida,Dixie,547,4,0,29.60631086,-83.15724673,12029.0,3250.9211933911797,0.7312614259597806,543,475,4,0,471,424,16700,72,0,0,72,51
2020-08-09,US,Florida,Duval,23437,188,0,30.33225875,-81.66976468,12031.0,2447.0767576259063,0.8021504458761787,23249,23166,188,0,22978,22889,950181,271,0,0,271,277
2020-08-09,US,Florida,Escambia,9508,120,0,30.67652764,-87.37284571,12033.0,2986.968923962352,1.2620950778291964,9388,9297,120,0,9177,8757,315534,211,0,0,211,540
2020-08-09,US,Florida,Flagler,1070,13,0,29.45933576,-81.31508595,12035.0,929.7798941615036,1.2149532710280373,1057,1052,13,0,1039,1008,112067,18,0,0,18,44
2020-08-09,US,Florida,Franklin,418,2,0,29.83791238,-84.82731662,12037.0,3447.4226804123714,0.4784688995215311,416,398,2,0,396,377,11736,20,0,0,20,21
2020-08-09,US,Florida,Gadsden,1884,21,0,30.57796289,-84.61915825,12039.0,4126.149802890934,1.1146496815286624,1863,1866,21,0,1845,1781,45894,18,0,0,18,85
2020-08-09,US,Florida,Gilchrist,363,3,0,29.72856978,-82.79880657,12041.0,1953.5033903777846,0.8264462809917356,360,355,3,0,352,345,18256,8,0,0,8,10
2020-08-09,US,Florida,Glades,401,3,0,26.95635849,-81.18996211,12043.0,2903.4827311563245,0.7481296758104738,398,401,3,0,398,398,13724,0,0,0,0,3
2020-08-09,US,Florida,Gulf,648,2,0,29.93543004,-85.24270990000002,12045.0,4751.081457584867,0.308641975308642,646,599,2,0,597,569,16164,49,0,0,49,30
2020-08-09,US,Florida,Hamilton,618,4,0,30.49673973,-82.94998918,12047.0,4283.3379539783755,0.6472491909385113,614,617,4,0,613,612,14310,1,0,0,1,5
2020-08-09,US,Florida,Hardee,963,7,0,27.49293939,-81.80956574,12049.0,3575.0083528232544,0.726895119418484,956,950,7,0,943,908,27245,13,0,0,13,42
2020-08-09,US,Florida,Hendry,1762,38,0,26.55386945,-81.16469006,12051.0,4193.041740040931,2.1566401816118046,1724,1750,38,0,1712,1725,41556,12,0,0,12,25
2020-08-09,US,Florida,Hernando,2022,47,0,28.55364461,-82.42700204,12053.0,1042.6980198019805,2.324431256181998,1975,1975,47,0,1928,1929,190865,47,0,0,47,46
2020-08-09,US,Florida,Highlands,1435,37,0,27.34254618,-81.34071957,12055.0,1350.9569670780734,2.578397212543554,1398,1396,37,0,1359,1355,105424,39,0,0,39,41
2020-08-09,US,Florida,Hillsborough,32587,388,0,27.9276559,-82.32013172,12057.0,2213.838887801909,1.190658851689324,32199,32268,388,0,31880,31865,1436888,319,0,0,319,403
2020-08-09,US,Florida,Holmes,505,2,0,30.86747479,-85.81319222,12059.0,2574.297802926033,0.3960396039603961,503,494,2,0,492,486,19477,11,0,0,11,8
2020-08-09,US,Florida,Indian River,2523,56,0,27.69308961,-80.60556721,12061.0,1577.6342364763045,2.219579865239794,2467,2488,55,0,2433,2450,157413,35,1,0,34,38
2020-08-09,US,Florida,Jackson,1821,38,0,30.795459700000002,-85.21500423,12063.0,3923.3851855043736,2.086765513454146,1783,1817,37,0,1780,1832,48305,4,1,0,3,-15
2020-08-09,US,Florida,Jefferson,453,5,0,30.43669112,-83.89442308,12065.0,3179.839955075109,1.1037527593818983,448,448,5,0,443,447,14288,5,0,0,5,1
2020-08-09,US,Florida,Lafayette,146,1,0,29.98484137,-83.18166636,12067.0,1733.5549750653051,0.6849315068493149,145,134,1,0,133,129,8732,12,0,0,12,5
2020-08-09,US,Florida,Lake,5161,68,0,28.76202069,-81.7125123,12069.0,1405.8150240522116,1.3175741135438868,5093,5073,67,0,5006,4958,356495,88,1,0,87,115
2020-08-09,US,Florida,Lee,16529,334,0,26.58410348,-81.88399313,12071.0,2145.0160074853,2.020690906890919,16195,16431,334,0,16097,16248,754610,98,0,0,98,183
2020-08-09,US,Florida,Leon,4965,24,0,30.45955727,-84.27491114,12073.0,1691.1799769740646,0.4833836858006042,4941,4922,24,0,4898,4814,292502,43,0,0,43,108
2020-08-09,US,Florida,Levy,684,4,0,29.31829741,-82.74007147,12075.0,1648.0736332313327,0.5847953216374269,680,673,4,0,669,652,40770,11,0,0,11,21
2020-08-09,US,Florida,Liberty,400,6,0,30.23766008,-84.8829258,12077.0,4788.125448886761,1.5,394,400,6,0,394,395,8457,0,0,0,0,5
2020-08-09,US,Florida,Madison,700,8,0,30.44396917,-83.47398594,12079.0,3785.216027686152,1.1428571428571428,692,700,8,0,692,686,18529,0,0,0,0,14
2020-08-09,US,Florida,Manatee,9288,192,0,27.47196942,-82.31831044,12081.0,2303.2686675610603,2.0671834625323,9096,9199,191,0,9008,9124,394855,89,1,0,88,75
2020-08-09,US,Florida,Marion,6511,89,0,29.21227113,-82.05803627,12083.0,1781.0103972055288,1.3669175241898326,6422,6260,89,0,6171,5984,359977,251,0,0,251,276
2020-08-09,US,Florida,Martin,3825,94,0,27.0772071,-80.43109784,12085.0,2375.776397515528,2.4575163398692808,3731,3802,92,0,3710,3767,160912,23,2,0,21,35
2020-08-09,US,Florida,Miami-Dade,132461,1865,0,25.6112362,-80.55170587,12086.0,4875.374502197325,1.4079615886940309,130596,131217,1838,0,129379,129409,2761581,1244,27,0,1217,1808
2020-08-09,US,Florida,Monroe,1526,13,0,25.20904673,-81.07812416,12087.0,2055.827989437948,0.8519003931847968,1513,1514,13,0,1501,1456,75027,12,0,0,12,58
2020-08-09,US,Florida,Nassau,1233,11,0,30.61037141,-81.80297522,12089.0,1391.2552891396329,0.8921330089213301,1222,1219,11,0,1208,1202,85832,14,0,0,14,17
2020-08-09,US,Florida,Okaloosa,3502,41,0,30.69143028,-86.59267105,12091.0,1661.7790811339194,1.1707595659623071,3461,3448,41,0,3407,3391,207269,54,0,0,54,57
2020-08-09,US,Florida,Okeechobee,1039,12,0,27.386336199999995,-80.88944347,12093.0,2463.953708973629,1.1549566891241578,1027,1027,10,0,1017,1013,41537,12,2,0,10,14
2020-08-09,US,Florida,Orange,31719,298,0,28.51367621,-81.31799498,12095.0,2276.289387793767,0.9394999842365774,31421,31395,297,0,31098,31026,1380645,324,1,0,323,369
2020-08-09,US,Florida,Osceola,9696,104,0,28.06312234,-81.14882926,12097.0,2580.4322543386443,1.0726072607260726,9592,9568,104,0,9464,9401,367990,128,0,0,128,167
2020-08-09,US,Florida,Palm Beach,37020,931,0,26.64676272,-80.46536002,12099.0,2473.3258950941026,2.514856834143706,36089,36600,929,0,35671,36114,1485941,420,2,0,418,486
2020-08-09,US,Florida,Pasco,7080,128,0,28.30810945,-82.40227529,12101.0,1278.1006125134716,1.8079096045197742,6952,6982,127,0,6855,6893,539630,98,1,0,97,89
2020-08-09,US,Florida,Pinellas,17879,500,0,27.93130349,-82.72239666,12103.0,1833.7511128250785,2.796576989764528,17379,17725,497,0,17228,17541,975280,154,3,0,151,184
2020-08-09,US,Florida,Polk,14301,312,0,27.95027105,-81.69732947,12105.0,1973.1586405197736,2.1816656177889655,13989,14124,312,0,13812,13839,708009,177,0,0,177,285
2020-08-09,US,Florida,Putnam,1508,26,0,29.60779729,-81.74230285,12107.0,2023.590665718388,1.7241379310344829,1482,1481,26,0,1455,1465,74163,27,0,0,27,16
2020-08-09,US,Florida,Santa Rosa,3939,37,0,30.69341450000001,-87.02458128,12113.0,2137.125433366068,0.9393247017009392,3902,3857,37,0,3820,3791,179349,82,0,0,82,66
2020-08-09,US,Florida,Sarasota,6231,139,0,27.18546175,-82.33174248,12115.0,1436.5682825274012,2.230781575991013,6092,6164,138,0,6026,6095,426718,67,1,0,66,69
2020-08-09,US,Florida,Seminole,7118,119,0,28.7158582,-81.24060348,12117.0,1508.6069864738272,1.6718179263838158,6999,7048,118,0,6930,6976,467832,70,1,0,69,72
2020-08-09,US,Florida,St. Johns,3635,34,0,29.90096506,-81.43589967,12109.0,1373.3980171684198,0.9353507565337,3601,3593,34,0,3559,3552,254261,42,0,0,42,41
2020-08-09,US,Florida,St. Lucie,5772,166,0,27.37763908,-80.47106649,12111.0,1758.164101408176,2.8759528759528763,5606,5695,163,0,5532,5625,321128,77,3,0,74,70
2020-08-09,US,Florida,Sumter,1303,41,0,28.70181754,-82.0794267,12119.0,983.9903337864372,3.1465848042977744,1262,1284,41,0,1243,1237,128754,19,0,0,19,47
2020-08-09,US,Florida,Suwannee,1454,43,0,30.19746066,-82.99099670000003,12121.0,3273.5213994641686,2.95735900962861,1411,1404,43,0,1361,1356,44191,50,0,0,50,48
2020-08-09,US,Florida,Taylor,961,4,0,30.04848048,-83.60445406,12123.0,4455.468496453244,0.4162330905306972,957,947,4,0,943,936,21623,14,0,0,14,11
2020-08-09,US,Florida,Unassigned,695,0,0,0.0,0.0,90012.0,0.0,0.0,695,678,0,0,678,660,,17,0,0,17,18
2020-08-09,US,Florida,Union,310,5,0,30.04412971,-82.37497443,12125.0,2034.5212312134934,1.6129032258064515,305,297,5,0,292,291,14940,13,0,0,13,6
2020-08-09,US,Florida,Volusia,7876,135,0,29.05858895,-81.18263252,12127.0,1423.500408470153,1.7140680548501777,7741,7779,131,0,7648,7654,547538,97,4,0,93,125
2020-08-09,US,Florida,Wakulla,692,4,0,30.16548905,-84.39895211,12129.0,2051.038857108984,0.5780346820809249,688,680,4,0,676,662,32461,12,0,0,12,18
2020-08-09,US,Florida,Walton,1408,15,0,30.64204028,-86.16935664,12131.0,1900.8788864737887,1.0653409090909092,1393,1383,15,0,1368,1345,71375,25,0,0,25,38
2020-08-09,US,Florida,Washington,867,14,0,30.61359259,-85.66002461,12133.0,3403.60381580497,1.6147635524798154,853,839,14,0,825,807,24880,28,0,0,28,32
2020-08-09,US,Georgia,Appling,671,19,0,31.74847232,-82.28909114,13001.0,3649.51593603829,2.8315946348733236,652,645,19,0,626,631,18507,26,0,0,26,14
2020-08-09,US,Georgia,Atkinson,319,2,0,31.29633502,-82.87545866,13003.0,3906.9197795468463,0.6269592476489029,317,317,2,0,315,312,8297,2,0,0,2,5
2020-08-09,US,Georgia,Bacon,437,8,0,31.55456473,-82.45936528,13005.0,3914.367610175564,1.8306636155606408,429,433,7,0,426,427,11185,4,1,0,3,6
2020-08-09,US,Georgia,Baker,63,3,0,31.32669878,-84.44218806,13007.0,2073.7327188940094,4.761904761904762,60,63,3,0,60,63,3092,0,0,0,0,0
2020-08-09,US,Georgia,Baldwin,1048,39,0,33.06882326,-83.24701748,13009.0,2334.595678324794,3.7213740458015274,1009,1035,39,0,996,1023,44823,13,0,0,13,12
2020-08-09,US,Georgia,Banks,271,4,0,34.35607081,-83.49644388,13011.0,1408.9632941665802,1.4760147601476017,267,270,4,0,266,259,18988,1,0,0,1,11
2020-08-09,US,Georgia,Barrow,1289,32,0,33.99148694,-83.71436292,13013.0,1548.5343584814993,2.4825446082234293,1257,1278,32,0,1246,1250,80809,11,0,0,11,28
2020-08-09,US,Georgia,Bartow,1868,62,0,34.23732119,-84.83887523,13015.0,1733.8357868161652,3.3190578158458246,1806,1853,62,0,1791,1816,106408,15,0,0,15,37
2020-08-09,US,Georgia,Ben Hill,436,4,0,31.76095874,-83.22145359,13017.0,2610.7784431137725,0.9174311926605504,432,416,3,0,413,393,16787,20,1,0,19,23
2020-08-09,US,Georgia,Berrien,295,0,0,31.27590016,-83.22529920000002,13019.0,1520.8537402691138,0.0,295,289,0,0,289,281,19252,6,0,0,6,8
2020-08-09,US,Georgia,Bibb,3616,68,0,32.80904227,-83.70489165,13021.0,2360.945161564126,1.8805309734513276,3548,3554,68,0,3486,3473,153095,62,0,0,62,81
2020-08-09,US,Georgia,Bleckley,227,9,0,32.43829035,-83.33035166,13023.0,1763.3807193350424,3.9647577092511015,218,184,7,0,177,181,12838,43,2,0,41,3
2020-08-09,US,Georgia,Brantley,249,5,0,31.19576557,-81.97743999,13025.0,1303.0509184154064,2.0080321285140563,244,244,5,0,239,242,18897,5,0,0,5,2
2020-08-09,US,Georgia,Brooks,412,18,0,30.83922642,-83.58303423,13027.0,2665.459015332859,4.368932038834951,394,408,18,0,390,391,15513,4,0,0,4,17
2020-08-09,US,Georgia,Bryan,657,8,0,32.00979311,-81.44002948,13029.0,1657.9604814898933,1.21765601217656,649,651,8,0,643,634,38109,6,0,0,6,17
2020-08-09,US,Georgia,Bulloch,1262,14,0,32.39577406,-81.74811421,13031.0,1585.2678122801724,1.109350237717908,1248,1242,14,0,1228,1200,77296,20,0,0,20,42
2020-08-09,US,Georgia,Burke,467,7,0,33.05917989,-81.99928721,13033.0,2086.4048608318813,1.4989293361884368,460,462,7,0,455,451,22423,5,0,0,5,11
2020-08-09,US,Georgia,Butts,490,37,0,33.283094500000004,-83.95435040000002,13035.0,1965.030478023741,7.551020408163265,453,487,37,0,450,482,24193,3,0,0,3,5
2020-08-09,US,Georgia,Calhoun,203,6,0,31.53169785,-84.62725131,13037.0,3280.012926159315,2.955665024630542,197,203,6,0,197,201,6352,0,0,0,0,2
2020-08-09,US,Georgia,Camden,737,5,0,30.92951916,-81.66601818,13039.0,1348.187173014305,0.6784260515603799,732,730,5,0,725,725,53677,7,0,0,7,5
2020-08-09,US,Georgia,Candler,254,4,0,32.40209349,-82.07702563,13043.0,2351.198741090438,1.5748031496062993,250,252,4,0,248,245,10836,2,0,0,2,7
2020-08-09,US,Georgia,Carroll,1881,49,0,33.58138199,-85.07976677,13045.0,1567.604506967131,2.6049973418394465,1832,1862,49,0,1813,1842,118121,19,0,0,19,20
2020-08-09,US,Georgia,Catoosa,637,9,0,34.89872298,-85.13757014,13047.0,942.5865640722106,1.41287284144427,628,631,9,0,622,609,67420,6,0,0,6,22
2020-08-09,US,Georgia,Charlton,425,3,0,30.78371028,-82.13951596,13049.0,3173.536439665472,0.7058823529411765,422,417,3,0,414,412,12968,8,0,0,8,5
2020-08-09,US,Georgia,Chatham,5703,75,0,32.00043026,-81.12489526,13051.0,1970.4246277165466,1.3150973172014728,5628,5665,75,0,5590,5526,289195,38,0,0,38,139
2020-08-09,US,Georgia,Chattahoochee,761,2,0,32.34341231,-84.78809239,13053.0,6977.170624369671,0.2628120893561104,759,759,1,0,758,736,10684,2,1,0,1,23
2020-08-09,US,Georgia,Chattooga,266,3,0,34.47197698,-85.34535662,13055.0,1073.0565976844568,1.1278195488721805,263,255,3,0,252,241,24790,11,0,0,11,14
2020-08-09,US,Georgia,Cherokee,3462,63,0,34.24393976,-84.47431861,13057.0,1337.852094306593,1.8197573656845756,3399,3398,63,0,3335,3269,254149,64,0,0,64,129
2020-08-09,US,Georgia,Clarke,2047,18,0,33.95436462,-83.37124007,13059.0,1595.0939367728765,0.8793356130923302,2029,2027,18,0,2009,1968,127330,20,0,0,20,59
2020-08-09,US,Georgia,Clay,86,2,0,31.62221166,-84.97713865,13061.0,3034.5800988002825,2.3255813953488373,84,86,2,0,84,86,2887,0,0,0,0,0
2020-08-09,US,Georgia,Clayton,5006,110,0,33.54187245,-84.35594188,13063.0,1712.8818570020803,2.1973631642029563,4896,4952,110,0,4842,4879,289615,54,0,0,54,73
2020-08-09,US,Georgia,Clinch,196,4,0,30.91395822,-82.70432472,13065.0,2961.61982472046,2.0408163265306123,192,192,4,0,188,188,6648,4,0,0,4,4
2020-08-09,US,Georgia,Cobb,13564,319,0,33.94243204,-84.5761255,13067.0,1784.4057878735653,2.351813624299617,13245,13336,319,0,13017,13049,756865,228,0,0,228,287
2020-08-09,US,Georgia,Coffee,1462,28,0,31.54892966,-82.85492059999999,13069.0,3378.550135188223,1.915184678522572,1434,1447,28,0,1419,1433,43093,15,0,0,15,14
2020-08-09,US,Georgia,Colquitt,1546,23,0,31.18810588,-83.7677946,13071.0,3390.350877192983,1.4877102199223804,1523,1537,23,0,1514,1532,45592,9,0,0,9,5
2020-08-09,US,Georgia,Columbia,2241,23,0,33.54534185,-82.263524,13073.0,1429.9934913281518,1.0263275323516288,2218,2188,23,0,2165,2134,154291,53,0,0,53,54
2020-08-09,US,Georgia,Cook,438,6,0,31.16068491,-83.42947229,13075.0,2536.189924724957,1.3698630136986298,432,432,6,0,426,426,17162,6,0,0,6,6
2020-08-09,US,Georgia,Coweta,1503,22,0,33.35334302,-84.76129976,13077.0,1012.0598751590812,1.4637391882900863,1481,1485,22,0,1463,1465,145864,18,0,0,18,20
2020-08-09,US,Georgia,Crawford,102,0,0,32.71391813,-83.98061238,13079.0,822.3153821347952,0.0,102,102,0,0,102,101,12318,0,0,0,0,1
2020-08-09,US,Georgia,Crisp,374,14,0,31.92289565,-83.76811843,13081.0,1671.7325227963531,3.7433155080213902,360,374,14,0,360,371,22601,0,0,0,0,3
2020-08-09,US,Georgia,Dade,126,1,0,34.854916700000004,-85.50490424,13083.0,781.8317200297839,0.7936507936507936,125,125,1,0,124,122,16226,1,0,0,1,3
2020-08-09,US,Georgia,Dawson,377,3,0,34.44244079,-84.16964071,13085.0,1444.0018385169296,0.7957559681697612,374,369,3,0,366,359,25083,8,0,0,8,10
2020-08-09,US,Georgia,DeKalb,13923,237,0,33.76944049,-84.22396017,13089.0,1833.669828802168,1.7022193492781728,13686,13752,237,0,13515,13509,756558,171,0,0,171,243
2020-08-09,US,Georgia,Decatur,793,11,0,30.87967778,-84.57619536,13087.0,3003.33282835934,1.3871374527112232,782,770,11,0,759,750,26575,23,0,0,23,20
2020-08-09,US,Georgia,Dodge,221,3,0,32.17265114,-83.16948926,13091.0,1072.5552050473186,1.3574660633484164,218,210,3,0,207,209,20705,11,0,0,11,1
2020-08-09,US,Georgia,Dooly,252,14,0,32.15630737,-83.79746561,13093.0,1882.001493651979,5.5555555555555545,238,252,14,0,238,248,13706,0,0,0,0,4
2020-08-09,US,Georgia,Dougherty,2694,170,0,31.53328528,-84.21722377,13095.0,3062.8950839055888,6.310319227913883,2524,2684,170,0,2514,2661,91243,10,0,0,10,23
2020-08-09,US,Georgia,Douglas,2635,51,0,33.70291126,-84.77026156,13097.0,1800.5644274068454,1.935483870967742,2584,2602,51,0,2551,2549,145331,33,0,0,33,53
2020-08-09,US,Georgia,Early,360,32,0,31.32155345,-84.90255207,13099.0,3532.8753680078507,8.888888888888891,328,359,32,0,327,355,10247,1,0,0,1,4
2020-08-09,US,Georgia,Echols,222,2,0,30.71101099,-82.89687287,13101.0,5541.687468796806,0.9009009009009008,220,221,2,0,219,220,4000,1,0,0,1,1
2020-08-09,US,Georgia,Effingham,727,2,0,32.36616021,-81.34280942,13103.0,1130.7079756127907,0.2751031636863824,725,719,2,0,717,703,62190,8,0,0,8,16
2020-08-09,US,Georgia,Elbert,358,1,0,34.11302332,-82.83936148,13105.0,1865.1661977701365,0.2793296089385475,357,354,1,0,353,348,19120,4,0,0,4,6
2020-08-09,US,Georgia,Emanuel,511,9,0,32.59221302,-82.30239915,13107.0,2256.469133621832,1.761252446183953,502,501,9,0,492,469,22612,10,0,0,10,32
2020-08-09,US,Georgia,Evans,250,1,0,32.15328841,-81.8870105,13109.0,2346.536512108129,0.4,249,249,1,0,248,242,10721,1,0,0,1,7
2020-08-09,US,Georgia,Fannin,334,3,0,34.86430205,-84.316964,13111.0,1275.3933099129374,0.8982035928143712,331,329,3,0,326,313,25964,5,0,0,5,16
2020-08-09,US,Georgia,Fayette,1120,28,0,33.41357794,-84.49089434,13113.0,978.8412966151317,2.5,1092,1100,28,0,1072,1078,113459,20,0,0,20,22
2020-08-09,US,Georgia,Floyd,1504,17,0,34.26268279,-85.21577392,13115.0,1526.9345570468436,1.13031914893617,1487,1488,17,0,1471,1428,97927,16,0,0,16,60
2020-08-09,US,Georgia,Forsyth,2270,22,0,34.22604035,-84.12315129999998,13117.0,929.3680297397772,0.9691629955947136,2248,2224,22,0,2202,2143,236612,46,0,0,46,81
2020-08-09,US,Georgia,Franklin,401,6,0,34.37525597,-83.23159927,13119.0,1717.4183048524565,1.4962593516209477,395,396,6,0,390,390,23023,5,0,0,5,6
2020-08-09,US,Georgia,Fulton,20276,430,0,33.79216944,-84.46319413,13121.0,1905.7519383196561,2.12073387255869,19846,20049,430,0,19619,19647,1050114,227,0,0,227,402
2020-08-09,US,Georgia,Gilmer,620,4,0,34.69316688,-84.45802506,13123.0,1976.473588574708,0.6451612903225806,616,616,4,0,612,583,30816,4,0,0,4,33
2020-08-09,US,Georgia,Glascock,24,0,0,33.22879932,-82.61297636,13125.0,807.8088185796028,0.0,24,24,0,0,24,24,2995,0,0,0,0,0
2020-08-09,US,Georgia,Glynn,2533,47,0,31.23279254,-81.53811412,13127.0,2969.797870843689,1.8555073035925782,2486,2487,47,0,2440,2450,85219,46,0,0,46,37
2020-08-09,US,Georgia,Gordon,1183,23,0,34.50487351,-84.87296253,13129.0,2040.957162327692,1.9442096365173291,1160,1171,23,0,1148,1144,57685,12,0,0,12,27
2020-08-09,US,Georgia,Grady,480,5,0,30.87454847,-84.23418364,13131.0,1948.6055291681887,1.0416666666666667,475,476,5,0,471,471,24748,4,0,0,4,5
2020-08-09,US,Georgia,Greene,308,12,0,33.5769205,-83.17139104,13133.0,1680.8557083606195,3.8961038961038965,296,308,12,0,296,297,17698,0,0,0,0,11
2020-08-09,US,Georgia,Gwinnett,19808,260,0,33.96044201,-84.02137802,13135.0,2115.6742323097465,1.312600969305331,19548,19548,260,0,19288,19187,927781,260,0,0,260,361
2020-08-09,US,Georgia,Habersham,1141,49,0,34.63331566,-83.53094677,13137.0,2517.2079068125663,4.294478527607362,1092,1135,49,0,1086,1125,45388,6,0,0,6,10
2020-08-09,US,Georgia,Hall,6080,91,0,34.32207823,-83.81896936,13139.0,2973.9631482921723,1.4967105263157894,5989,6035,91,0,5944,5947,202148,45,0,0,45,88
2020-08-09,US,Georgia,Hancock,318,35,0,33.2721566,-82.99766919,13141.0,3760.1986520042574,11.0062893081761,283,315,35,0,280,308,8348,3,0,0,3,7
2020-08-09,US,Georgia,Haralson,213,6,0,33.79602175,-85.21005667,13143.0,714.9570354457572,2.8169014084507036,207,208,6,0,202,207,29533,5,0,0,5,1
2020-08-09,US,Georgia,Harris,656,17,0,32.73709786,-84.90538572,13145.0,1861.7323192189808,2.591463414634146,639,652,17,0,635,645,34475,4,0,0,4,7
2020-08-09,US,Georgia,Hart,305,7,0,34.34626973,-82.96567682,13147.0,1163.900019080328,2.295081967213114,298,300,7,0,293,292,26099,5,0,0,5,8
2020-08-09,US,Georgia,Heard,143,4,0,33.29686567,-85.12886832,13149.0,1199.3625765327515,2.797202797202797,139,142,4,0,138,140,11879,1,0,0,1,2
2020-08-09,US,Georgia,Henry,3364,47,0,33.4533428,-84.14814659999998,13151.0,1434.1685105367044,1.3971462544589774,3317,3320,47,0,3273,3252,230220,44,0,0,44,68
2020-08-09,US,Georgia,Houston,1976,59,0,32.45802497,-83.66879087,13153.0,1251.7182620373362,2.9858299595141697,1917,1948,58,0,1890,1898,155469,28,1,0,27,50
2020-08-09,US,Georgia,Irwin,167,1,0,31.60213036,-83.27501387,13155.0,1773.5768903993203,0.5988023952095808,166,166,1,0,165,160,9398,1,0,0,1,6
2020-08-09,US,Georgia,Jackson,1063,16,0,34.13794553,-83.56814788,13157.0,1456.6233196760622,1.505174035747883,1047,1059,16,0,1043,1040,70422,4,0,0,4,19
2020-08-09,US,Georgia,Jasper,162,1,0,33.31535543,-83.68844964,13159.0,1139.3206273296296,0.6172839506172839,161,161,1,0,160,153,14040,1,0,0,1,8
2020-08-09,US,Georgia,Jeff Davis,451,8,0,31.80405727,-82.63724870000001,13161.0,2983.7909361561365,1.7738359201773837,443,436,8,0,428,429,15029,15,0,0,15,7
2020-08-09,US,Georgia,Jefferson,497,7,0,33.05867328,-82.41609057,13163.0,3235.2558260643145,1.4084507042253518,490,485,7,0,478,476,15430,12,0,0,12,9
2020-08-09,US,Georgia,Jenkins,244,24,0,32.79248718,-81.96040187,13165.0,2812.355924389119,9.836065573770492,220,243,24,0,219,241,8683,1,0,0,1,2
2020-08-09,US,Georgia,Johnson,241,11,0,32.70211082,-82.66166794,13167.0,2499.222233744685,4.564315352697094,230,240,11,0,229,237,9708,1,0,0,1,3
2020-08-09,US,Georgia,Jones,306,3,0,33.02512137,-83.56019163,13169.0,1064.9034278754132,0.9803921568627452,303,302,3,0,299,297,28616,4,0,0,4,5
2020-08-09,US,Georgia,Lamar,274,12,0,33.07841647,-84.14263877,13171.0,1436.2845311107615,4.37956204379562,262,273,12,0,261,269,19000,1,0,0,1,4
2020-08-09,US,Georgia,Lanier,219,4,0,31.03828570000001,-83.06472457,13173.0,2101.122517509354,1.8264840182648399,215,219,4,0,215,214,10340,0,0,0,0,5
2020-08-09,US,Georgia,Laurens,910,8,0,32.46325233,-82.92221316,13175.0,1913.935977789929,0.8791208791208791,902,886,8,0,878,865,47325,24,0,0,24,21
2020-08-09,US,Georgia,Lee,539,22,0,31.779330600000005,-84.14324253,13177.0,1797.1459055748196,4.081632653061225,517,535,22,0,513,530,29764,4,0,0,4,5
2020-08-09,US,Georgia,Liberty,720,3,0,31.82588896,-81.49251135,13179.0,1171.9703751932934,0.4166666666666667,717,713,3,0,710,695,61497,7,0,0,7,18
2020-08-09,US,Georgia,Lincoln,141,4,0,33.79201475,-82.45024131,13181.0,1780.0782729453354,2.8368794326241136,137,137,4,0,133,134,7915,4,0,0,4,3
2020-08-09,US,Georgia,Long,126,1,0,31.75218791,-81.74952375,13183.0,644.2047139424305,0.7936507936507936,125,123,1,0,122,118,18998,3,0,0,3,5
2020-08-09,US,Georgia,Lowndes,3178,44,0,30.83568832,-83.27056716,13185.0,2706.8463281263307,1.3845185651353051,3134,3156,44,0,3112,3114,116321,22,0,0,22,42
2020-08-09,US,Georgia,Lumpkin,342,6,0,34.57286511,-84.00425681,13187.0,1017.5542993156798,1.7543859649122806,336,339,6,0,333,327,32955,3,0,0,3,12
2020-08-09,US,Georgia,Macon,177,10,0,32.35207048,-84.04234127,13193.0,1367.11207229474,5.649717514124294,167,177,10,0,167,177,13143,0,0,0,0,0
2020-08-09,US,Georgia,Madison,394,6,0,34.12920917,-83.21218732,13195.0,1318.6077643908968,1.5228426395939083,388,392,6,0,386,375,29650,2,0,0,2,17
2020-08-09,US,Georgia,Marion,150,5,0,32.3483402,-84.52733571,13197.0,1794.4730230888865,3.333333333333333,145,150,5,0,145,147,8351,0,0,0,0,3
2020-08-09,US,Georgia,McDuffie,352,10,0,33.47851918,-82.48252774,13189.0,1651.6516516516517,2.8409090909090913,342,338,10,0,328,331,21531,14,0,0,14,7
2020-08-09,US,Georgia,McIntosh,184,2,0,31.49683595,-81.40163426,13191.0,1279.7329253025455,1.0869565217391304,182,174,2,0,172,167,14340,10,0,0,10,7
2020-08-09,US,Georgia,Meriwether,390,6,0,33.04163534,-84.68859732,13199.0,1842.4906694382767,1.5384615384615383,384,384,6,0,378,379,21068,6,0,0,6,5
2020-08-09,US,Georgia,Miller,143,0,0,31.16568912,-84.73151117,13201.0,2500.8744316194475,0.0,143,142,0,0,142,135,5686,1,0,0,1,7
2020-08-09,US,Georgia,Mitchell,650,41,0,31.22483255,-84.19381821,13205.0,2973.0595069295155,6.307692307692308,609,648,41,0,607,642,22192,2,0,0,2,6
2020-08-09,US,Georgia,Monroe,461,26,0,33.014289,-83.92097166,13207.0,1671.6223076365216,5.6399132321041225,435,453,26,0,427,444,27520,8,0,0,8,9
2020-08-09,US,Georgia,Montgomery,153,2,0,32.17201038,-82.53527476,13209.0,1668.1203663323154,1.30718954248366,151,150,2,0,148,148,9193,3,0,0,3,2
2020-08-09,US,Georgia,Morgan,274,0,0,33.59232073,-83.49129491,13211.0,1421.4567337621909,0.0,274,271,0,0,271,253,18853,3,0,0,3,18
2020-08-09,US,Georgia,Murray,604,2,0,34.78897608,-84.74993177,13213.0,1506.3846767757382,0.3311258278145696,602,589,2,0,587,575,39921,15,0,0,15,14
2020-08-09,US,Georgia,Muscogee,4748,96,0,32.50931999,-84.87142262,13215.0,2425.307377572547,2.0219039595619206,4652,4685,96,0,4589,4595,194160,63,0,0,63,90
2020-08-09,US,Georgia,Newton,1787,40,0,33.55514538,-83.84547140000002,13217.0,1599.1910080183277,2.238388360380526,1747,1764,40,0,1724,1736,109541,23,0,0,23,28
2020-08-09,US,Georgia,Oconee,437,15,0,33.83749973,-83.43679568,13219.0,1084.9056603773586,3.432494279176201,422,432,15,0,417,429,39272,5,0,0,5,3
2020-08-09,US,Georgia,Oglethorpe,214,7,0,33.878629600000004,-83.08278123,13221.0,1402.451012517203,3.2710280373831777,207,214,7,0,207,211,15054,0,0,0,0,3
2020-08-09,US,Georgia,Out of GA,16449,91,0,0.0,0.0,80013.0,0.0,0.5532251200680892,16358,16119,91,0,16028,15728,,330,0,0,330,391
2020-08-09,US,Georgia,Paulding,1678,22,0,33.91969522,-84.86848792,13223.0,994.859693953174,1.3110846245530394,1656,1651,22,0,1629,1615,164044,27,0,0,27,36
2020-08-09,US,Georgia,Peach,385,14,0,32.56934316,-83.82937,13225.0,1397.6620924998185,3.636363636363636,371,374,12,0,362,364,27297,11,2,0,9,10
2020-08-09,US,Georgia,Pickens,380,5,0,34.46589159,-84.46406611,13227.0,1165.9660642508668,1.3157894736842106,375,369,5,0,364,362,31980,11,0,0,11,7
2020-08-09,US,Georgia,Pierce,400,8,0,31.35928155,-82.21598442,13229.0,2054.9704597996406,2.0,392,398,8,0,390,392,19389,2,0,0,2,6
2020-08-09,US,Georgia,Pike,215,4,0,33.09310242,-84.38790389,13231.0,1133.8466406497205,1.8604651162790695,211,210,4,0,206,203,18634,5,0,0,5,7
2020-08-09,US,Georgia,Polk,802,11,0,34.00267074,-85.18677781,13233.0,1882.0547720179288,1.371571072319202,791,789,11,0,778,765,42470,13,0,0,13,24
2020-08-09,US,Georgia,Pulaski,115,2,0,32.23334561,-83.47549959999998,13235.0,1032.5940558498696,1.7391304347826086,113,100,2,0,98,96,11069,15,0,0,15,4
2020-08-09,US,Georgia,Putnam,428,18,0,33.32056115,-83.37552891,13237.0,1934.98801934988,4.205607476635514,410,424,18,0,406,408,21809,4,0,0,4,16
2020-08-09,US,Georgia,Quitman,29,1,0,31.86728114,-85.01773177,13239.0,1261.418007829491,3.4482758620689653,28,29,1,0,28,29,2279,0,0,0,0,0
2020-08-09,US,Georgia,Rabun,215,3,0,34.88389445,-83.40304637,13241.0,1254.5953200676895,1.3953488372093024,212,215,3,0,212,212,16867,0,0,0,0,3
2020-08-09,US,Georgia,Randolph,271,26,0,31.76622818,-84.75732369,13243.0,3998.229566243729,9.594095940959411,245,270,26,0,244,268,6833,1,0,0,1,2
2020-08-09,US,Georgia,Richmond,4355,90,0,33.35777107,-82.07026432,13245.0,2150.426134960843,2.066590126291618,4265,4218,90,0,4128,4121,201554,137,0,0,137,97
2020-08-09,US,Georgia,Rockdale,1318,17,0,33.65145002,-84.02202167,13247.0,1450.0088012673825,1.289833080424886,1301,1302,17,0,1285,1270,90594,16,0,0,16,32
2020-08-09,US,Georgia,Schley,66,1,0,32.2654021,-84.31258912,13249.0,1255.4688986113754,1.5151515151515151,65,66,1,0,65,63,5236,0,0,0,0,3
2020-08-09,US,Georgia,Screven,198,9,0,32.74976524,-81.60779441,13251.0,1417.7287698696834,4.545454545454546,189,195,9,0,186,189,13938,3,0,0,3,6
2020-08-09,US,Georgia,Seminole,196,4,0,30.93464824,-84.86823924,13253.0,2422.744128553769,2.0408163265306123,192,196,4,0,192,185,8315,0,0,0,0,11
2020-08-09,US,Georgia,Spalding,937,41,0,33.26310031,-84.28013991,13255.0,1404.7344197412413,4.375667022411953,896,931,41,0,890,913,66100,6,0,0,6,18
2020-08-09,US,Georgia,Stephens,621,12,0,34.55151201,-83.29405315,13257.0,2395.371263259402,1.932367149758454,609,611,12,0,599,599,26035,10,0,0,10,12
2020-08-09,US,Georgia,Stewart,255,7,0,32.07996777,-84.83208037,13259.0,3851.3819664703215,2.7450980392156863,248,255,7,0,248,255,6199,0,0,0,0,0
2020-08-09,US,Georgia,Sumter,762,56,0,32.03650571,-84.19821492,13261.0,2580.951090638125,7.349081364829396,706,757,56,0,701,749,29733,5,0,0,5,8
2020-08-09,US,Georgia,Talbot,138,3,0,32.69642758,-84.53351366,13263.0,2227.6029055690074,2.1739130434782608,135,136,3,0,133,134,6272,2,0,0,2,2
2020-08-09,US,Georgia,Taliaferro,13,0,0,33.56543317,-82.88136816,13265.0,845.8035133376708,0.0,13,13,0,0,13,12,1608,0,0,0,0,1
2020-08-09,US,Georgia,Tattnall,502,1,0,32.04785085,-82.05539188,13267.0,1985.2883018270984,0.199203187250996,501,494,1,0,493,483,25391,8,0,0,8,11
2020-08-09,US,Georgia,Taylor,87,2,0,32.55792548,-84.25077141,13269.0,1084.7880299251872,2.2988505747126435,85,82,2,0,80,81,8039,5,0,0,5,1
2020-08-09,US,Georgia,Telfair,278,9,0,31.92829517,-82.93491155,13271.0,1752.8373266078186,3.2374100719424463,269,278,9,0,269,274,15876,0,0,0,0,4
2020-08-09,US,Georgia,Terrell,302,30,0,31.77527543,-84.44069698,13273.0,3540.0304770835774,9.933774834437086,272,301,30,0,271,295,8611,1,0,0,1,6
2020-08-09,US,Georgia,Thomas,1123,42,0,30.86392347,-83.91847289,13275.0,2526.377359339497,3.739982190560997,1081,1109,42,0,1067,1084,44448,14,0,0,14,25
2020-08-09,US,Georgia,Tift,1333,36,0,31.45743864,-83.5236119,13277.0,3279.696880228324,2.7006751687921984,1297,1321,36,0,1285,1313,40571,12,0,0,12,8
2020-08-09,US,Georgia,Toombs,755,8,0,32.12059861,-82.32957247,13279.0,2814.0141632500927,1.0596026490066226,747,741,8,0,733,710,26887,14,0,0,14,31
2020-08-09,US,Georgia,Towns,143,1,0,34.91369188,-83.74107459999998,13281.0,1188.0036553958628,0.6993006993006993,142,142,1,0,141,134,11852,1,0,0,1,8
2020-08-09,US,Georgia,Treutlen,124,3,0,32.40422134,-82.56904553,13283.0,1796.8410375307926,2.419354838709677,121,118,3,0,115,113,6809,6,0,0,6,5
2020-08-09,US,Georgia,Troup,2290,69,0,33.03349196,-85.02812115,13285.0,3275.077943994737,3.013100436681223,2221,2280,69,0,2211,2257,70034,10,0,0,10,23
2020-08-09,US,Georgia,Turner,246,18,0,31.71612656,-83.62069378,13287.0,3080.776455854728,7.317073170731707,228,245,18,0,227,241,7912,1,0,0,1,4
2020-08-09,US,Georgia,Twiggs,118,3,0,32.67435595,-83.43078662,13289.0,1453.2019704433499,2.5423728813559316,115,116,3,0,113,111,8188,2,0,0,2,5
2020-08-09,US,Georgia,Unassigned,2763,9,0,0.0,0.0,90013.0,0.0,0.3257328990228013,2754,2559,9,0,2550,2504,,204,0,0,204,55
2020-08-09,US,Georgia,Union,263,7,0,34.82995757,-83.98967069,13291.0,1072.9876382032558,2.661596958174905,256,260,7,0,253,256,24001,3,0,0,3,4
2020-08-09,US,Georgia,Upson,535,46,0,32.87920671,-84.30024826,13293.0,2032.6747720364747,8.598130841121495,489,523,46,0,477,507,26215,12,0,0,12,16
2020-08-09,US,Georgia,Walker,705,17,0,34.73376362,-85.30165174,13295.0,1010.5933114490904,2.4113475177304964,688,684,17,0,667,658,69410,21,0,0,21,26
2020-08-09,US,Georgia,Walton,1113,39,0,33.78017694,-83.73552314,13297.0,1176.619834448638,3.5040431266846364,1074,1103,39,0,1064,1077,93503,10,0,0,10,26
2020-08-09,US,Georgia,Ware,1144,29,0,31.05449097,-82.42224148,13299.0,3201.4328090893828,2.534965034965035,1115,1135,25,0,1110,1125,35680,9,4,0,5,10
2020-08-09,US,Georgia,Warren,77,1,0,33.41146451,-82.67795848,13301.0,1465.5500570993536,1.2987012987012987,76,75,1,0,74,68,5251,2,0,0,2,7
2020-08-09,US,Georgia,Washington,475,2,0,32.96711864,-82.79357039,13303.0,2331.402768234024,0.42105263157894735,473,458,2,0,456,454,20386,17,0,0,17,4
2020-08-09,US,Georgia,Wayne,773,8,0,31.5521809,-81.91894878,13305.0,2582.9518495004513,1.034928848641656,765,736,8,0,728,722,29808,37,0,0,37,14
2020-08-09,US,Georgia,Webster,39,2,0,32.04066113,-84.54742852,13307.0,1495.9723820483316,5.128205128205129,37,39,2,0,37,39,2611,0,0,0,0,0
2020-08-09,US,Georgia,Wheeler,91,1,0,32.12009104,-82.72574721,13309.0,1158.497772119669,1.0989010989010992,90,91,1,0,90,89,7879,0,0,0,0,2
2020-08-09,US,Georgia,White,353,5,0,34.64624278,-83.74905525,13311.0,1146.1783232677444,1.4164305949008498,348,353,5,0,348,347,29970,0,0,0,0,6
2020-08-09,US,Georgia,Whitfield,3527,30,0,34.80987459,-84.96093476,13313.0,3370.990557021065,0.8505812305075134,3497,3496,29,0,3467,3419,104062,31,1,0,30,77
2020-08-09,US,Georgia,Wilcox,181,19,0,31.97496928,-83.43438555,13315.0,2096.120440069485,10.497237569060774,162,181,19,0,162,176,8812,0,0,0,0,5
2020-08-09,US,Georgia,Wilkes,193,4,0,33.78290391,-82.74286107,13317.0,1974.0206607343769,2.0725388601036268,189,189,4,0,185,187,9876,4,0,0,4,2
2020-08-09,US,Georgia,Wilkinson,215,11,0,32.80291082,-83.17140684,13319.0,2401.161492070583,5.116279069767441,204,211,11,0,200,205,9036,4,0,0,4,6
2020-08-09,US,Georgia,Worth,447,23,0,31.55162306,-83.85090513,13321.0,2207.734479182101,5.1454138702460845,424,444,23,0,421,440,20299,3,0,0,3,4
2020-08-09,US,Hawaii,Hawaii,131,0,0,19.60121157,-155.5210167,15001.0,65.00821286964117,0.0,131,128,0,0,128,123,200983,3,0,0,3,5
2020-08-09,US,Hawaii,Honolulu,3111,24,0,21.45803166,-157.97121819999995,15003.0,319.2199991175532,0.7714561234329798,3087,2964,24,0,2940,2741,980080,147,0,0,147,223
2020-08-09,US,Hawaii,Kauai,48,0,0,22.03935037,-159.5966786,15007.0,66.39646992101586,0.0,48,47,0,0,47,47,72133,1,0,0,1,0
2020-08-09,US,Hawaii,Maui,185,6,0,20.86399628,-156.56890969999995,15009.0,110.50251766547005,3.2432432432432434,179,184,6,0,178,181,167207,1,0,0,1,3
2020-08-09,US,Hawaii,Out of HI,23,1,0,0.0,0.0,80015.0,0.0,4.3478260869565215,22,23,1,0,22,23,,0,0,0,0,0
2020-08-09,US,Idaho,Ada,8949,81,0,43.4526575,-116.24155159999998,16001.0,1858.231223018893,0.9051290646999663,8868,8932,81,0,8851,8720,469966,17,0,0,17,212
2020-08-09,US,Idaho,Adams,19,0,0,44.89333571,-116.4545247,16003.0,442.4778761061947,0.0,19,19,0,0,19,19,4250,0,0,0,0,0
2020-08-09,US,Idaho,Bannock,391,2,0,42.67002716,-112.2233311,16005.0,445.28972303207,0.5115089514066496,389,391,2,0,389,388,87138,0,0,0,0,3
2020-08-09,US,Idaho,Bear Lake,15,0,0,42.28269683,-111.32892379999998,16007.0,244.89795918367344,0.0,15,15,0,0,15,15,6050,0,0,0,0,0
2020-08-09,US,Idaho,Benewah,64,0,0,47.21754179,-116.6586851,16009.0,688.3200688320069,0.0,64,64,0,0,64,63,9226,0,0,0,0,1
2020-08-09,US,Idaho,Bingham,244,2,0,43.21672879999999,-112.3978437,16011.0,521.2450065155626,0.819672131147541,242,243,2,0,241,236,46236,1,0,0,1,7
2020-08-09,US,Idaho,Blaine,576,6,0,43.4085812,-113.9752658,16013.0,2502.063333478129,1.0416666666666667,570,575,6,0,569,575,22601,1,0,0,1,0
2020-08-09,US,Idaho,Boise,48,1,0,43.98829931,-115.7309284,16015.0,612.9485378623418,2.083333333333333,47,48,1,0,47,47,7634,0,0,0,0,1
2020-08-09,US,Idaho,Bonner,183,0,0,48.29996017,-116.6017932,16017.0,400.09619799296013,0.0,183,183,0,0,183,178,44727,0,0,0,0,5
2020-08-09,US,Idaho,Bonneville,1052,4,0,43.38713372,-111.6161537,16019.0,883.5732643496666,0.3802281368821293,1048,1003,3,0,1000,958,116854,49,1,0,48,45
2020-08-09,US,Idaho,Boundary,35,0,0,48.76684761,-116.4630179,16021.0,285.83095140873826,0.0,35,35,0,0,35,36,11948,0,0,0,0,-1
2020-08-09,US,Idaho,Camas,1,0,0,43.46665742,-114.8065892,16025.0,90.41591320072331,0.0,1,1,0,0,1,1,1127,0,0,0,0,0
2020-08-09,US,Idaho,Canyon,5772,48,0,43.61970148,-116.70954990000001,16027.0,2511.213883897689,0.8316008316008316,5724,5726,48,0,5678,5620,223499,46,0,0,46,106
2020-08-09,US,Idaho,Caribou,31,0,0,42.77149116,-111.5597683,16029.0,433.2634521313767,0.0,31,31,0,0,31,31,7060,0,0,0,0,0
2020-08-09,US,Idaho,Cassia,518,1,0,42.28347888,-113.6012409,16031.0,2155.638784852268,0.19305019305019305,517,516,1,0,515,513,23864,2,0,0,2,3
2020-08-09,US,Idaho,Clark,8,0,0,44.28496071,-112.35057040000001,16033.0,946.7455621301776,0.0,8,8,0,0,8,8,852,0,0,0,0,0
2020-08-09,US,Idaho,Clearwater,16,0,0,46.67459924,-115.6622393,16035.0,182.7318410232983,0.0,16,16,0,0,16,16,8758,0,0,0,0,0
2020-08-09,US,Idaho,Custer,10,0,0,44.24186819,-114.2855494,16037.0,231.74971031286208,0.0,10,10,0,0,10,10,4280,0,0,0,0,0
2020-08-09,US,Idaho,Elmore,212,3,0,43.3507101,-115.4701578,16039.0,770.6008505688634,1.4150943396226414,209,212,3,0,209,207,27259,0,0,0,0,5
2020-08-09,US,Idaho,Franklin,51,0,0,42.18332217,-111.81496659999999,16041.0,367.5410781204959,0.0,51,51,0,0,51,51,13726,0,0,0,0,0
2020-08-09,US,Idaho,Fremont,84,0,0,44.22800938,-111.48099429999999,16043.0,641.2703259790824,0.0,84,79,0,0,79,77,13168,5,0,0,5,2
2020-08-09,US,Idaho,Gem,179,1,0,44.06482372,-116.398376,16045.0,988.2950530035337,0.5586592178770949,178,179,1,0,178,174,17634,0,0,0,0,5
2020-08-09,US,Idaho,Gooding,162,1,0,42.96927962,-114.81083059999999,16047.0,1067.263983134594,0.6172839506172839,161,161,1,0,160,157,15196,1,0,0,1,4
2020-08-09,US,Idaho,Idaho,31,0,0,45.84721541,-115.4634436,16049.0,185.9962800743985,0.0,31,31,0,0,31,31,16513,0,0,0,0,0
2020-08-09,US,Idaho,Jefferson,198,1,0,43.82078483,-112.3131749,16051.0,662.8502561012352,0.5050505050505051,197,190,1,0,189,185,29439,8,0,0,8,5
2020-08-09,US,Idaho,Jerome,474,6,0,42.68891267,-114.2655033,16053.0,1941.668032115353,1.2658227848101269,468,471,6,0,465,461,24015,3,0,0,3,10
2020-08-09,US,Idaho,Kootenai,1791,16,0,47.67282258,-116.7020872,16055.0,1080.8886099325878,0.8933556672250139,1775,1790,16,0,1774,1764,161505,1,0,0,1,26
2020-08-09,US,Idaho,Latah,99,0,0,46.81587887,-116.71136979999999,16057.0,246.83354941657524,0.0,99,99,0,0,99,99,40134,0,0,0,0,0
2020-08-09,US,Idaho,Lemhi,25,0,0,44.9438088,-113.9309747,16059.0,311.44886009717203,0.0,25,23,0,0,23,16,7961,2,0,0,2,7
2020-08-09,US,Idaho,Lewis,1,0,0,46.23315327,-116.434146,16061.0,26.055237102657642,0.0,1,1,0,0,1,1,3861,0,0,0,0,0
2020-08-09,US,Idaho,Lincoln,56,0,0,43.0012336,-114.1358773,16063.0,1043.6079016026836,0.0,56,56,0,0,56,56,5360,0,0,0,0,0
2020-08-09,US,Idaho,Madison,165,0,0,43.78141028,-111.65384740000002,16065.0,413.4612975167264,0.0,165,162,0,0,162,156,39304,3,0,0,3,6
2020-08-09,US,Idaho,Minidoka,478,2,0,42.85518524,-113.6357257,16067.0,2271.971101288084,0.41841004184100417,476,475,2,0,473,469,20825,3,0,0,3,6
2020-08-09,US,Idaho,Nez Perce,159,19,0,46.32638236,-116.75009750000001,16069.0,393.48643832904384,11.949685534591195,140,158,19,0,139,145,40408,1,0,0,1,13
2020-08-09,US,Idaho,Oneida,13,0,0,42.19494279999999,-112.5407838,16071.0,286.91238137276537,0.0,13,13,0,0,13,13,4488,0,0,0,0,0
2020-08-09,US,Idaho,Owyhee,263,3,0,42.58016894,-116.16938710000001,16073.0,2224.47771293242,1.1406844106463878,260,262,2,0,260,258,11693,1,1,0,0,4
2020-08-09,US,Idaho,Payette,384,2,0,44.00545243,-116.7647695,16075.0,1603.2733497557513,0.5208333333333334,382,384,2,0,382,377,23551,0,0,0,0,7
2020-08-09,US,Idaho,Power,55,0,0,42.69254894,-112.83957420000002,16077.0,716.0525973180576,0.0,55,55,0,0,55,55,7768,0,0,0,0,0
2020-08-09,US,Idaho,Shoshone,100,2,0,47.35364087,-115.89167490000001,16079.0,776.276975624903,2.0,98,96,2,0,94,87,12796,4,0,0,4,9
2020-08-09,US,Idaho,Teton,82,0,0,43.75303583,-111.2056773,16081.0,675.3417888321528,0.0,82,82,0,0,82,77,11640,0,0,0,0,5
2020-08-09,US,Idaho,Twin Falls,1412,32,0,42.35440512,-114.6685381,16083.0,1625.2676166578422,2.26628895184136,1380,1384,32,0,1352,1313,86081,28,0,0,28,71
2020-08-09,US,Idaho,Unassigned,5,0,0,0.0,0.0,90016.0,0.0,0.0,5,5,0,0,5,5,,0,0,0,0,0
2020-08-09,US,Idaho,Valley,59,1,0,44.76728382,-115.5676773,16085.0,517.9073033707865,1.6949152542372878,58,59,1,0,58,56,11041,0,0,0,0,3
2020-08-09,US,Idaho,Washington,205,3,0,44.45275475,-116.78476880000001,16087.0,2010.9868550127526,1.4634146341463414,202,203,3,0,200,201,10161,2,0,0,2,2
2020-08-09,US,Illinois,Adams,519,5,0,39.98815591,-91.18786813,17001.0,793.1535111179032,0.9633911368015414,514,517,5,0,512,506,65691,2,0,0,2,11
2020-08-09,US,Illinois,Alexander,37,0,0,37.18049267,-89.32910838,17003.0,642.2496094428051,0.0,37,37,0,0,37,36,6060,0,0,0,0,1
2020-08-09,US,Illinois,Bond,60,3,0,38.88829622,-89.43534887,17005.0,365.27456471447687,5.0,57,60,3,0,57,59,16630,0,0,0,0,1
2020-08-09,US,Illinois,Boone,765,23,0,42.32359279,-88.82345779,17007.0,1428.731510533393,3.0065359477124183,742,761,23,0,738,758,53577,4,0,0,4,3
2020-08-09,US,Illinois,Brown,14,0,0,39.96209138,-90.75068024,17009.0,212.8306476132563,0.0,14,13,0,0,13,13,6556,1,0,0,1,0
2020-08-09,US,Illinois,Bureau,205,3,0,41.40385234,-89.5283051,17011.0,628.2947161946794,1.4634146341463414,202,190,3,0,187,179,32993,15,0,0,15,11
2020-08-09,US,Illinois,Calhoun,9,0,0,39.16840183,-90.66330078,17013.0,189.91348385735387,0.0,9,9,0,0,9,9,4802,0,0,0,0,0
2020-08-09,US,Illinois,Carroll,56,4,0,42.06823429,-89.93395545,17015.0,391.47151345683335,7.142857142857142,52,54,4,0,50,50,14312,2,0,0,2,4
2020-08-09,US,Illinois,Cass,231,11,0,39.96991073,-90.24734436,17017.0,1901.7041244751792,4.761904761904762,220,230,11,0,219,223,12260,1,0,0,1,7
2020-08-09,US,Illinois,Champaign,1669,19,0,40.13919438,-88.20046615,17019.0,795.9406549699794,1.138406231276213,1650,1663,19,0,1644,1625,209983,6,0,0,6,38
2020-08-09,US,Illinois,Christian,142,4,0,39.54581621,-89.27780482,17021.0,439.5740465577018,2.8169014084507036,138,137,4,0,133,134,32661,5,0,0,5,3
2020-08-09,US,Illinois,Clark,82,2,0,39.33425789,-87.78705622,17023.0,531.0536882326275,2.4390243902439024,80,81,2,0,79,79,15596,1,0,0,1,2
2020-08-09,US,Illinois,Clay,23,0,0,38.75388572,-88.48914513,17025.0,174.45388349514562,0.0,23,23,0,0,23,20,13253,0,0,0,0,3
2020-08-09,US,Illinois,Clinton,407,17,0,38.60704876,-89.42385254,17027.0,1083.5418774293166,4.176904176904176,390,396,17,0,379,387,37639,11,0,0,11,9
2020-08-09,US,Illinois,Coles,472,20,0,39.51949084,-88.22358557,17029.0,932.4193516524764,4.2372881355932215,452,474,20,0,454,448,50885,-2,0,0,-2,26
2020-08-09,US,Illinois,Cook,111447,4928,0,41.84144849,-87.81658794,17031.0,2163.921515783849,4.421832799447271,106519,110865,4924,0,105941,110002,5180493,582,4,0,578,863
2020-08-09,US,Illinois,Crawford,29,0,0,39.0032229,-87.75954624,17033.0,155.354368671988,0.0,29,29,0,0,29,29,18807,0,0,0,0,0
2020-08-09,US,Illinois,Cumberland,55,2,0,39.27432424,-88.2401158,17035.0,510.86754597807925,3.636363636363636,53,54,2,0,52,53,10808,1,0,0,1,1
2020-08-09,US,Illinois,De Witt,33,0,0,40.17514519,-88.90959682,17039.0,211.02442767617345,0.0,33,32,0,0,32,33,15769,1,0,0,1,-1
2020-08-09,US,Illinois,DeKalb,936,30,0,41.89373302,-88.76958483,17037.0,892.303879043252,3.2051282051282053,906,927,30,0,897,917,104143,9,0,0,9,10
2020-08-09,US,Illinois,Douglas,116,2,0,39.76768052,-88.21854195,17041.0,595.9414333418957,1.7241379310344829,114,115,2,0,113,108,19479,1,0,0,1,7
2020-08-09,US,Illinois,DuPage,12233,520,0,41.85116968,-88.08642662,17043.0,1325.4655598908248,4.2507970244420825,11713,12155,520,0,11635,12021,928589,78,0,0,78,134
2020-08-09,US,Illinois,Edgar,28,0,0,39.6809186,-87.74759563,17045.0,163.1606549734864,0.0,28,29,0,0,29,28,17360,-1,0,0,-1,1
2020-08-09,US,Illinois,Edwards,18,0,0,38.41353228,-88.05720863,17047.0,281.4698983580923,0.0,18,17,0,0,17,17,6392,1,0,0,1,0
2020-08-09,US,Illinois,Effingham,155,1,0,39.05935711,-88.58969584,17049.0,455.7751117384145,0.6451612903225806,154,150,1,0,149,139,34208,5,0,0,5,11
2020-08-09,US,Illinois,Fayette,66,3,0,39.00072038,-89.02452658,17051.0,309.3363329583802,4.545454545454546,63,65,3,0,62,60,21416,1,0,0,1,5
2020-08-09,US,Illinois,Ford,49,2,0,40.59706922,-88.22350769,17053.0,378.0572486690842,4.081632653061225,47,49,2,0,47,49,13264,0,0,0,0,0
2020-08-09,US,Illinois,Franklin,178,0,0,37.99189086,-88.92567818,17055.0,462.7102342145624,0.0,178,168,0,0,168,156,38701,10,0,0,10,12
2020-08-09,US,Illinois,Fulton,33,0,0,40.47289135,-90.20862357,17057.0,96.09784507862551,0.0,33,33,0,0,33,33,34844,0,0,0,0,0
2020-08-09,US,Illinois,Gallatin,51,2,0,37.76430935,-88.22953869,17059.0,1056.338028169014,3.92156862745098,49,51,2,0,49,49,5058,0,0,0,0,2
2020-08-09,US,Illinois,Greene,43,0,0,39.35907414,-90.388865,17061.0,331.5598735446064,0.0,43,39,0,0,39,38,13044,4,0,0,4,1
2020-08-09,US,Illinois,Grundy,323,5,0,41.28569601,-88.41905692,17063.0,632.6634543816351,1.547987616099071,318,316,5,0,311,307,50972,7,0,0,7,9
2020-08-09,US,Illinois,Hamilton,29,0,0,38.08163641,-88.53883373,17065.0,357.31887629374074,0.0,29,29,0,0,29,28,8163,0,0,0,0,1
2020-08-09,US,Illinois,Hancock,53,1,0,40.40423981,-91.16313899,17067.0,299.29975152473463,1.8867924528301887,52,53,1,0,52,47,17844,0,0,0,0,6
2020-08-09,US,Illinois,Hardin,18,0,0,37.51810645,-88.26873022,17069.0,471.08086888249153,0.0,18,18,0,0,18,18,3910,0,0,0,0,0
2020-08-09,US,Illinois,Henderson,12,0,0,40.81908672,-90.92491462,17071.0,180.5597351790551,0.0,12,12,0,0,12,10,6709,0,0,0,0,2
2020-08-09,US,Illinois,Henry,234,1,0,41.3533994,-90.13296166,17073.0,478.4004252448224,0.4273504273504273,233,234,1,0,233,232,49090,0,0,0,0,2
2020-08-09,US,Illinois,Iroquois,263,11,0,40.74717633,-87.82466784,17075.0,969.9786088367633,4.182509505703422,252,261,11,0,250,257,27604,2,0,0,2,4
2020-08-09,US,Illinois,Jackson,717,19,0,37.78595185,-89.38232563,17077.0,1263.4361233480174,2.6499302649930265,698,708,19,0,689,695,57419,9,0,0,9,13
2020-08-09,US,Illinois,Jasper,59,7,0,39.01054275,-88.15437049,17079.0,613.9438085327782,11.864406779661017,52,58,7,0,51,59,9611,1,0,0,1,-1
2020-08-09,US,Illinois,Jefferson,286,19,0,38.29980057,-88.9240025,17081.0,758.9427873898738,6.643356643356642,267,282,19,0,263,247,37820,4,0,0,4,35
2020-08-09,US,Illinois,Jersey,105,2,0,39.08869046,-90.35393073,17083.0,482.24865659302804,1.9047619047619049,103,104,2,0,102,98,21847,1,0,0,1,6
2020-08-09,US,Illinois,Jo Daviess,125,1,0,42.36542373,-90.21094405,17085.0,588.650812338121,0.8,124,124,1,0,123,124,21366,1,0,0,1,0
2020-08-09,US,Illinois,Johnson,67,0,0,37.45939802,-88.88165419,17087.0,539.5828299911411,0.0,67,66,0,0,66,66,12456,1,0,0,1,0
2020-08-09,US,Illinois,Kane,9759,305,0,41.93842729,-88.42861412,17089.0,1833.0099567432944,3.1253202172353727,9454,9710,305,0,9405,9629,534216,49,0,0,49,81
2020-08-09,US,Illinois,Kankakee,1782,68,0,41.13746989,-87.86205334,17091.0,1622.0349165316488,3.8159371492704826,1714,1768,68,0,1700,1725,110024,14,0,0,14,43
2020-08-09,US,Illinois,Kendall,1377,23,0,41.59081014,-88.42869583,17093.0,1067.524614311187,1.6702977487291213,1354,1364,23,0,1341,1343,127915,13,0,0,13,21
2020-08-09,US,Illinois,Knox,299,1,0,40.93148779,-90.21330340000002,17095.0,601.6217630133402,0.33444816053511706,298,297,1,0,296,291,50112,2,0,0,2,6
2020-08-09,US,Illinois,LaSalle,766,24,0,41.34426129999999,-88.88633881,17099.0,704.8928397243004,3.133159268929504,742,739,24,0,715,684,109430,27,0,0,27,55
2020-08-09,US,Illinois,Lake,12670,446,0,42.3224907,-88.00367925,17097.0,1819.0040701472287,3.5201262825572215,12224,12617,446,0,12171,12491,700832,53,0,0,53,126
2020-08-09,US,Illinois,Lawrence,47,0,0,38.71987914,-87.72884035,17101.0,299.7831356040312,0.0,47,48,0,0,48,45,15765,-1,0,0,-1,3
2020-08-09,US,Illinois,Lee,171,1,0,41.74583951,-89.29977132,17103.0,501.5251055842328,0.5847953216374269,170,170,1,0,169,165,34223,1,0,0,1,5
2020-08-09,US,Illinois,Livingston,115,2,0,40.89188292,-88.55784752,17105.0,322.5987432675045,1.7391304347826086,113,110,2,0,108,105,35761,5,0,0,5,5
2020-08-09,US,Illinois,Logan,112,0,0,40.12581572,-89.36638784,17107.0,391.3620798099098,0.0,112,111,0,0,111,106,28925,1,0,0,1,5
2020-08-09,US,Illinois,Macon,624,23,0,39.86064913,-88.96342505,17115.0,599.9480814160313,3.685897435897436,601,611,23,0,588,578,104712,13,0,0,13,33
2020-08-09,US,Illinois,Macoupin,179,3,0,39.26119767,-89.92424028,17117.0,398.432978676045,1.675977653631285,176,170,3,0,167,156,45313,9,0,0,9,14
2020-08-09,US,Illinois,Madison,2591,76,0,38.83042506,-89.90422563,17119.0,985.2984796513617,2.933230412967966,2515,2530,76,0,2454,2470,264461,61,0,0,61,60
2020-08-09,US,Illinois,Marion,156,0,0,38.64963204,-88.91899208,17121.0,419.2984813869104,0.0,156,156,0,0,156,152,37620,0,0,0,0,4
2020-08-09,US,Illinois,Marshall,26,0,0,41.0327901,-89.34510444,17123.0,227.312467214548,0.0,26,26,0,0,26,24,11534,0,0,0,0,2
2020-08-09,US,Illinois,Mason,47,0,0,40.23917274,-89.91824452,17125.0,351.82274122314544,0.0,47,47,0,0,47,45,13565,0,0,0,0,2
2020-08-09,US,Illinois,Massac,39,0,0,37.22078441,-88.71036614,17127.0,283.1832704037177,0.0,39,39,0,0,39,37,14080,0,0,0,0,2
2020-08-09,US,Illinois,McDonough,143,15,0,40.45674722,-90.67775541,17109.0,481.7734653999057,10.48951048951049,128,141,15,0,126,139,29955,2,0,0,2,2
2020-08-09,US,Illinois,McHenry,3189,114,0,42.32451172,-88.45248227,17111.0,1036.1499022009655,3.574788334901223,3075,3163,114,0,3049,3123,308570,26,0,0,26,40
2020-08-09,US,Illinois,McLean,651,15,0,40.48996987,-88.84621113,17113.0,379.55421328498045,2.3041474654377883,636,638,15,0,623,624,172828,13,0,0,13,14
2020-08-09,US,Illinois,Menard,56,0,0,40.02742725,-89.80246001,17129.0,459.16693998032144,0.0,56,54,0,0,54,53,12288,2,0,0,2,1
2020-08-09,US,Illinois,Mercer,75,4,0,41.20596782,-90.74290052,17131.0,485.8456954071387,5.333333333333333,71,74,4,0,70,73,15601,1,0,0,1,1
2020-08-09,US,Illinois,Monroe,318,13,0,38.27594376,-90.17761038,17133.0,918.0933683633107,4.088050314465409,305,312,13,0,299,305,34335,6,0,0,6,7
2020-08-09,US,Illinois,Montgomery,170,7,0,39.23198845,-89.47809254,17135.0,598.2966143450411,4.117647058823529,163,165,7,0,158,161,28601,5,0,0,5,4
2020-08-09,US,Illinois,Morgan,249,6,0,39.71654544,-90.20255104,17137.0,739.7944025194605,2.409638554216868,243,242,6,0,236,229,33976,7,0,0,7,13
2020-08-09,US,Illinois,Moultrie,73,0,0,39.64187451,-88.62099969,17139.0,503.4135576856768,0.0,73,73,0,0,73,72,14717,0,0,0,0,1
2020-08-09,US,Illinois,Ogle,410,5,0,42.04165196,-89.32184679,17141.0,809.5886894536262,1.2195121951219512,405,409,5,0,404,403,50923,1,0,0,1,6
2020-08-09,US,Illinois,Peoria,1607,35,0,40.78702156,-89.76078901,17143.0,896.8684946338577,2.177971375233354,1572,1574,35,0,1539,1525,180621,33,0,0,33,49
2020-08-09,US,Illinois,Perry,184,1,0,38.08510853,-89.36856219,17145.0,879.7093134442532,0.5434782608695652,183,156,1,0,155,149,21174,28,0,0,28,7
2020-08-09,US,Illinois,Piatt,61,0,0,40.01360584,-88.59319339,17147.0,373.22564855604486,0.0,61,61,0,0,61,56,16396,0,0,0,0,5
2020-08-09,US,Illinois,Pike,21,0,0,39.62265059,-90.8877017,17149.0,134.9527665317139,0.0,21,21,0,0,21,20,15611,0,0,0,0,1
2020-08-09,US,Illinois,Pope,9,0,0,37.41391284,-88.56152109,17151.0,215.46564519990426,0.0,9,9,0,0,9,8,4212,0,0,0,0,1
2020-08-09,US,Illinois,Pulaski,93,1,0,37.22631423,-89.13085001,17153.0,1743.2052483598875,1.075268817204301,92,93,0,0,93,92,5463,0,1,0,-1,1
2020-08-09,US,Illinois,Putnam,13,0,0,41.2013541,-89.2869272,17155.0,226.5202997037812,0.0,13,11,0,0,11,11,5740,2,0,0,2,0
2020-08-09,US,Illinois,Randolph,464,7,0,38.05095369,-89.82512254,17157.0,1459.9458813164686,1.5086206896551724,457,457,7,0,450,452,32106,7,0,0,7,5
2020-08-09,US,Illinois,Richland,19,0,0,38.71240969,-88.08475366,17159.0,122.4779217430542,0.0,19,19,0,0,19,18,15763,0,0,0,0,1
2020-08-09,US,Illinois,Rock Island,1745,36,0,41.46613806,-90.57042164,17161.0,1229.9212709421408,2.0630372492836675,1709,1731,36,0,1695,1679,143477,14,0,0,14,52
2020-08-09,US,Illinois,Saline,132,2,0,37.75332999,-88.54119706,17165.0,561.9173300412923,1.5151515151515151,130,131,2,0,129,130,23906,1,0,0,1,1
2020-08-09,US,Illinois,Sangamon,1247,33,0,39.75836914,-89.65872023,17167.0,640.564642064601,2.6463512429831595,1214,1229,33,0,1196,1194,195348,18,0,0,18,35
2020-08-09,US,Illinois,Schuyler,18,0,0,40.1571798,-90.61114163,17169.0,265.9574468085106,0.0,18,18,0,0,18,17,6907,0,0,0,0,1
2020-08-09,US,Illinois,Scott,21,0,0,39.6429169,-90.47814431,17171.0,424.15673601292673,0.0,21,19,0,0,19,16,4926,2,0,0,2,3
2020-08-09,US,Illinois,Shelby,79,1,0,39.39133527,-88.80611122,17173.0,365.16594249792,1.2658227848101269,78,79,1,0,78,75,21741,0,0,0,0,4
2020-08-09,US,Illinois,St. Clair,4006,161,0,38.46996033,-89.93063427,17163.0,1542.6322558782529,4.018971542685971,3845,3953,161,0,3792,3897,261059,53,0,0,53,56
2020-08-09,US,Illinois,Stark,7,0,0,41.09309773,-89.79745866,17175.0,131.03706476974915,0.0,7,7,0,0,7,7,5427,0,0,0,0,0
2020-08-09,US,Illinois,Stephenson,327,6,0,42.35129217,-89.662598,17177.0,734.8644882916086,1.834862385321101,321,327,6,0,321,325,44753,0,0,0,0,2
2020-08-09,US,Illinois,Tazewell,518,8,0,40.50716185,-89.51404662,17179.0,393.01078124170164,1.5444015444015444,510,497,8,0,489,486,132328,21,0,0,21,11
2020-08-09,US,Illinois,Unassigned,1368,209,0,0.0,0.0,90017.0,0.0,15.277777777777779,1159,1353,209,0,1144,1365,,15,0,0,15,-12
2020-08-09,US,Illinois,Union,321,23,0,37.47119609,-89.25548938,17181.0,1927.5806161052067,7.165109034267912,298,321,23,0,298,318,16841,0,0,0,0,3
2020-08-09,US,Illinois,Vermilion,234,2,0,40.18417171,-87.73384359,17183.0,308.87827028168635,0.8547008547008547,232,234,2,0,232,229,76806,0,0,0,0,5
2020-08-09,US,Illinois,Wabash,35,0,0,38.44272901,-87.84922065,17185.0,303.8194444444445,0.0,35,34,0,0,34,34,11549,1,0,0,1,0
2020-08-09,US,Illinois,Warren,190,0,0,40.84925021,-90.6147432,17187.0,1127.998100213726,0.0,190,190,0,0,190,189,17032,0,0,0,0,1
2020-08-09,US,Illinois,Washington,66,0,0,38.35309213,-89.40982703,17189.0,475.2646359904947,0.0,66,66,0,0,66,64,13995,0,0,0,0,2
2020-08-09,US,Illinois,Wayne,61,1,0,38.42955355,-88.42586459,17191.0,376.19488128276294,1.639344262295082,60,61,1,0,60,59,16332,0,0,0,0,2
2020-08-09,US,Illinois,White,68,0,0,38.08706198,-88.17657461,17193.0,502.32695575090486,0.0,68,67,0,0,67,64,13665,1,0,0,1,3
2020-08-09,US,Illinois,Whiteside,355,17,0,41.75509713,-89.91556058,17195.0,643.4073402809244,4.788732394366197,338,351,17,0,334,339,55626,4,0,0,4,12
2020-08-09,US,Illinois,Will,9236,344,0,41.44619267,-87.97862712,17197.0,1337.1109081090942,3.724556084885232,8892,9151,344,0,8807,9053,692310,85,0,0,85,98
2020-08-09,US,Illinois,Williamson,399,6,0,37.73033511,-88.92994027,17199.0,599.1260867606649,1.5037593984962403,393,388,6,0,382,374,67056,11,0,0,11,14
2020-08-09,US,Illinois,Winnebago,3779,131,0,42.33641854,-89.16085327,17201.0,1337.3582662117974,3.4665255358560465,3648,3772,131,0,3641,3755,284081,7,0,0,7,17
2020-08-09,US,Illinois,Woodford,151,3,0,40.78579374,-89.20973757,17203.0,392.62591331027846,1.9867549668874167,148,146,3,0,143,134,38463,5,0,0,5,12
2020-08-09,US,Indiana,Adams,101,2,0,40.7457653,-84.93671406,18001.0,282.3042736953909,1.98019801980198,99,96,2,0,94,95,35636,5,0,0,5,1
2020-08-09,US,Indiana,Allen,3902,163,0,41.09194313,-85.06800636,18003.0,1028.739859583073,4.177344951307022,3739,3835,163,0,3672,3789,375351,67,0,0,67,46
2020-08-09,US,Indiana,Bartholomew,793,47,0,39.20744865,-85.89558181,18005.0,946.5379152293532,5.926860025220681,746,780,47,0,733,766,82753,13,0,0,13,14
2020-08-09,US,Indiana,Benton,61,0,0,40.60626947,-87.31093999,18007.0,697.302240512117,0.0,61,61,0,0,61,60,8653,0,0,0,0,1
2020-08-09,US,Indiana,Blackford,64,2,0,40.47388153,-85.32499702,18009.0,544.3102568464025,3.125,62,63,2,0,61,62,11930,1,0,0,1,1
2020-08-09,US,Indiana,Boone,678,46,0,40.0509304,-86.46841646,18011.0,999.3661836888107,6.784660766961652,632,672,46,0,626,662,66999,6,0,0,6,10
2020-08-09,US,Indiana,Brown,73,1,0,39.19605589,-86.22868909,18013.0,483.6999734958919,1.3698630136986298,72,73,1,0,72,73,15234,0,0,0,0,0
2020-08-09,US,Indiana,Carroll,191,2,0,40.580783200000006,-86.56198812,18015.0,942.8839413536059,1.0471204188481675,189,185,2,0,183,177,20127,6,0,0,6,8
2020-08-09,US,Indiana,Cass,1795,9,0,40.76135835,-86.34830753,18017.0,4762.662845923212,0.5013927576601671,1786,1786,9,0,1777,1774,37955,9,0,0,9,12
2020-08-09,US,Indiana,Clark,1233,47,0,38.48015445,-85.70510334,18019.0,1042.2478064614293,3.8118410381184105,1186,1202,47,0,1155,1178,117360,31,0,0,31,24
2020-08-09,US,Indiana,Clay,121,5,0,39.39561833,-87.11723506,18021.0,461.39180171592005,4.132231404958676,116,116,5,0,111,109,26170,5,0,0,5,7
2020-08-09,US,Indiana,Clinton,434,3,0,40.30319754,-86.47277257,18023.0,1339.5475168986698,0.6912442396313364,431,430,3,0,427,409,32250,4,0,0,4,21
2020-08-09,US,Indiana,Crawford,45,0,0,38.28814402,-86.44518825,18025.0,425.4514512621726,0.0,45,44,0,0,44,44,10558,1,0,0,1,0
2020-08-09,US,Indiana,Daviess,273,20,0,38.70186039,-87.07185406,18027.0,818.5661599352342,7.326007326007326,253,264,20,0,244,263,33147,9,0,0,9,1
2020-08-09,US,Indiana,DeKalb,232,4,0,41.39804622,-84.99906934,18033.0,533.6400230017251,1.7241379310344829,228,230,4,0,226,226,43226,2,0,0,2,4
2020-08-09,US,Indiana,Dearborn,508,28,0,39.14647946,-84.97333539,18029.0,1027.1341340126976,5.511811023622046,480,496,28,0,468,493,49568,12,0,0,12,3
2020-08-09,US,Indiana,Decatur,337,32,0,39.30712658,-85.50087166,18031.0,1268.8730750404761,9.495548961424332,305,335,32,0,303,332,26794,2,0,0,2,3
2020-08-09,US,Indiana,Delaware,730,52,0,40.22787247,-85.39732772,18035.0,639.5934638804924,7.123287671232878,678,714,52,0,662,701,114772,16,0,0,16,13
2020-08-09,US,Indiana,Dubois,696,12,0,38.36597551,-86.87924170000002,18037.0,1628.603519281168,1.7241379310344829,684,687,12,0,675,676,42565,9,0,0,9,11
2020-08-09,US,Indiana,Elkhart,4843,84,0,41.59761169,-85.85875695,18039.0,2347.085649483137,1.7344621102622342,4759,4801,84,0,4717,4760,205560,42,0,0,42,41
2020-08-09,US,Indiana,Fayette,189,7,0,39.63684962,-85.17797541,18041.0,818.1109860618127,3.703703703703704,182,186,7,0,179,183,23047,3,0,0,3,3
2020-08-09,US,Indiana,Floyd,779,46,0,38.32117957,-85.90385377,18043.0,992.078653116324,5.905006418485238,733,772,46,0,726,760,77781,7,0,0,7,12
2020-08-09,US,Indiana,Fountain,74,2,0,40.12361933,-87.24217689,18045.0,452.71014315428846,2.702702702702702,72,73,2,0,71,68,16351,1,0,0,1,5
2020-08-09,US,Indiana,Franklin,242,14,0,39.4142482,-85.06062647,18047.0,1063.3623341242642,5.785123966942148,228,241,14,0,227,238,22736,1,0,0,1,3
2020-08-09,US,Indiana,Fulton,168,2,0,41.0469907,-86.26252745,18049.0,841.0934214478822,1.1904761904761905,166,164,2,0,162,161,20092,4,0,0,4,3
2020-08-09,US,Indiana,Gibson,225,4,0,38.30393723,-87.58054938,18051.0,668.4690573100805,1.7777777777777777,221,221,4,0,217,214,33452,4,0,0,4,7
2020-08-09,US,Indiana,Grant,526,30,0,40.51587228,-85.65468702,18053.0,799.7688880779698,5.70342205323194,496,526,30,0,496,521,65936,0,0,0,0,5
2020-08-09,US,Indiana,Greene,250,34,0,39.03630547,-86.96223202,18055.0,783.1589499404799,13.6,216,246,34,0,212,246,32006,4,0,0,4,0
2020-08-09,US,Indiana,Hamilton,2763,104,0,40.07306535,-86.05244729,18057.0,817.4290185822356,3.764024610930148,2659,2723,104,0,2619,2668,330086,40,0,0,40,55
2020-08-09,US,Indiana,Hancock,660,38,0,39.82304555,-85.77566351,18059.0,844.3352778630642,5.757575757575758,622,647,38,0,609,641,76351,13,0,0,13,6
2020-08-09,US,Indiana,Harrison,338,23,0,38.19467379,-86.10948271,18061.0,834.2589164506971,6.8047337278106514,315,327,23,0,304,321,40350,11,0,0,11,6
2020-08-09,US,Indiana,Hendricks,1887,108,0,39.76719009,-86.51037283,18063.0,1107.9730610471433,5.723370429252782,1779,1871,108,0,1763,1833,167009,16,0,0,16,38
2020-08-09,US,Indiana,Henry,383,20,0,39.93029017,-85.39625719,18065.0,798.382389727341,5.221932114882507,363,376,20,0,356,373,48271,7,0,0,7,3
2020-08-09,US,Indiana,Howard,890,65,0,40.48527731,-86.11351892,18067.0,1078.2128319441752,7.303370786516854,825,884,65,0,819,872,82366,6,0,0,6,12
2020-08-09,US,Indiana,Huntington,122,3,0,40.82907273,-85.48822092,18069.0,334.0635268346112,2.459016393442623,119,122,3,0,119,121,36240,0,0,0,0,1
2020-08-09,US,Indiana,Jackson,586,5,0,38.90915820000001,-86.03851889,18071.0,1324.8626528905068,0.8532423208191127,581,585,5,0,580,572,44111,1,0,0,1,13
2020-08-09,US,Indiana,Jasper,243,2,0,41.02078733,-87.11553319,18073.0,724.033132709612,0.8230452674897121,241,234,2,0,232,227,33370,9,0,0,9,7
2020-08-09,US,Indiana,Jay,91,0,0,40.43781032,-85.00576229,18075.0,445.29262086514007,0.0,91,91,0,0,91,86,20764,0,0,0,0,5
2020-08-09,US,Indiana,Jefferson,163,2,0,38.78576239,-85.43633383,18077.0,504.5190045809088,1.2269938650306749,161,160,2,0,158,155,32208,3,0,0,3,5
2020-08-09,US,Indiana,Jennings,225,12,0,38.99588883,-85.62710784,18079.0,811.2493239588968,5.333333333333333,213,224,12,0,212,220,27611,1,0,0,1,4
2020-08-09,US,Indiana,Johnson,1757,118,0,39.48994426,-86.10149107,18081.0,1110.8511889332162,6.7159931701764375,1639,1741,118,0,1623,1719,156225,16,0,0,16,22
2020-08-09,US,Indiana,Knox,154,0,0,38.68861576,-87.4194665,18083.0,420.83401650543806,0.0,154,151,0,0,151,149,36895,3,0,0,3,2
2020-08-09,US,Indiana,Kosciusko,852,12,0,41.24521668,-85.86312322,18085.0,1072.2915827627874,1.4084507042253518,840,847,12,0,835,840,79344,5,0,0,5,7
2020-08-09,US,Indiana,LaGrange,559,10,0,41.64232188,-85.42674232,18087.0,1411.1172817690713,1.7889087656529516,549,557,10,0,547,556,39330,2,0,0,2,1
2020-08-09,US,Indiana,LaPorte,911,30,0,41.54366008,-86.74072188,18091.0,829.0259172976123,3.2930845225027436,881,894,30,0,864,883,110007,17,0,0,17,11
2020-08-09,US,Indiana,Lake,7570,275,0,41.41874274,-87.38277575,18089.0,1559.239783065873,3.632760898282695,7295,7496,275,0,7221,7447,484411,74,0,0,74,49
2020-08-09,US,Indiana,Lawrence,346,27,0,38.84112637,-86.48361629,18093.0,762.6184703548599,7.803468208092487,319,342,27,0,315,336,45668,4,0,0,4,6
2020-08-09,US,Indiana,Madison,979,65,0,40.16143691,-85.71964711,18095.0,755.5819679089906,6.639427987742595,914,943,65,0,878,915,129641,36,0,0,36,28
2020-08-09,US,Indiana,Marion,15860,725,0,39.78163624,-86.13826325,18097.0,1644.2355341484704,4.57124842370744,15135,15701,725,0,14976,15503,954670,159,0,0,159,198
2020-08-09,US,Indiana,Marshall,784,22,0,41.32467367,-86.26185087,18099.0,1694.8419732802975,2.8061224489795915,762,774,22,0,752,771,46248,10,0,0,10,3
2020-08-09,US,Indiana,Martin,45,0,0,38.7099921,-86.80373186,18101.0,438.81033642125794,0.0,45,43,0,0,43,43,10217,2,0,0,2,0
2020-08-09,US,Indiana,Miami,274,2,0,40.76940965,-86.04525048,18103.0,771.4832751435972,0.7299270072992701,272,269,2,0,267,267,35567,5,0,0,5,2
2020-08-09,US,Indiana,Monroe,756,30,0,39.16130004,-86.52414358,18105.0,509.3275663439578,3.968253968253968,726,746,30,0,716,722,146917,10,0,0,10,24
2020-08-09,US,Indiana,Montgomery,354,21,0,40.04034823,-86.89335024,18107.0,923.3658511137776,5.932203389830509,333,352,21,0,331,348,38346,2,0,0,2,4
2020-08-09,US,Indiana,Morgan,476,34,0,39.47899078,-86.44573375,18109.0,675.2826682177359,7.142857142857142,442,467,34,0,433,459,70116,9,0,0,9,8
2020-08-09,US,Indiana,Newton,118,10,0,40.95610449,-87.39635768,18111.0,843.8215102974829,8.474576271186441,108,118,10,0,108,115,14011,0,0,0,0,3
2020-08-09,US,Indiana,Noble,678,29,0,41.39672484,-85.41966713,18113.0,1420.0737265415548,4.277286135693215,649,663,29,0,634,659,47532,15,0,0,15,4
2020-08-09,US,Indiana,Ohio,65,5,0,38.955304999999996,-84.96515993,18115.0,1106.3829787234042,7.6923076923076925,60,63,5,0,58,62,5844,2,0,0,2,1
2020-08-09,US,Indiana,Orange,171,24,0,38.54118920000001,-86.49523093,18117.0,870.4061895551257,14.035087719298243,147,169,24,0,145,166,19489,2,0,0,2,3
2020-08-09,US,Indiana,Owen,90,1,0,39.31145587,-86.83900724,18119.0,432.7131112072696,1.1111111111111112,89,87,1,0,86,84,20845,3,0,0,3,3
2020-08-09,US,Indiana,Parke,51,1,0,39.77202286,-87.20375833,18121.0,301.115900100372,1.96078431372549,50,51,1,0,50,51,16927,0,0,0,0,0
2020-08-09,US,Indiana,Perry,186,12,0,38.07809328,-86.63741946,18123.0,970.3166571026137,6.451612903225807,174,184,12,0,172,181,19102,2,0,0,2,3
2020-08-09,US,Indiana,Pike,53,0,0,38.40112197,-87.23574907,18125.0,427.7988538219388,0.0,53,53,0,0,53,52,12410,0,0,0,0,1
2020-08-09,US,Indiana,Porter,1316,39,0,41.45986947,-87.06848888,18127.0,772.3503277793753,2.9635258358662613,1277,1294,39,0,1255,1266,169594,22,0,0,22,28
2020-08-09,US,Indiana,Posey,171,0,0,38.02097333,-87.86480429,18129.0,672.5134699335352,0.0,171,170,0,0,170,167,25540,1,0,0,1,3
2020-08-09,US,Indiana,Pulaski,83,1,0,41.04166107,-86.69890683,18131.0,671.9015623735125,1.2048192771084338,82,79,1,0,78,76,12469,4,0,0,4,3
2020-08-09,US,Indiana,Putnam,288,8,0,39.66437981,-86.84517605,18133.0,766.4466680860123,2.7777777777777777,280,286,8,0,278,286,37779,2,0,0,2,0
2020-08-09,US,Indiana,Randolph,122,4,0,40.15734772,-85.01139319,18135.0,494.62801540644637,3.278688524590164,118,118,4,0,114,115,24851,4,0,0,4,3
2020-08-09,US,Indiana,Ripley,208,7,0,39.10235626,-85.26212744,18137.0,734.3595537353481,3.3653846153846154,201,199,7,0,192,197,28523,9,0,0,9,2
2020-08-09,US,Indiana,Rush,80,4,0,39.62002287,-85.4655599,18139.0,482.4799469272057,5.0,76,76,4,0,72,74,16663,4,0,0,4,2
2020-08-09,US,Indiana,Scott,268,10,0,38.68672078,-85.74627859,18143.0,1122.6071293930381,3.7313432835820897,258,266,10,0,256,263,23878,2,0,0,2,3
2020-08-09,US,Indiana,Shelby,553,27,0,39.52305623,-85.79158570000001,18145.0,1236.3343692011895,4.8824593128390585,526,546,27,0,519,542,44593,7,0,0,7,4
2020-08-09,US,Indiana,Spencer,136,3,0,38.01519732,-87.0079644,18147.0,670.7106573950783,2.2058823529411766,133,131,3,0,128,131,20327,5,0,0,5,0
2020-08-09,US,Indiana,St. Joseph,3500,81,0,41.61756781,-86.29040834,18141.0,1287.5883837454844,2.3142857142857145,3419,3423,81,0,3342,3373,270771,77,0,0,77,50
2020-08-09,US,Indiana,Starke,178,7,0,41.27890281,-86.64686895,18149.0,774.0813220265276,3.9325842696629216,171,177,7,0,170,176,22935,1,0,0,1,1
2020-08-09,US,Indiana,Steuben,210,3,0,41.64423868,-85.00101094,18151.0,607.0416835289358,1.4285714285714286,207,207,3,0,204,206,34586,3,0,0,3,1
2020-08-09,US,Indiana,Sullivan,126,1,0,39.08952258,-87.41414469,18153.0,609.6085925782572,0.7936507936507936,125,113,1,0,112,103,20690,13,0,0,13,10
2020-08-09,US,Indiana,Switzerland,52,0,0,38.82767338,-85.03022429,18155.0,483.67593712212823,0.0,52,46,0,0,46,45,10717,6,0,0,6,1
2020-08-09,US,Indiana,Tippecanoe,1211,11,0,40.38872739,-86.89413959,18157.0,618.7031246806857,0.9083402146985962,1200,1189,11,0,1178,1177,193048,22,0,0,22,12
2020-08-09,US,Indiana,Tipton,138,10,0,40.31123252,-86.05234925,18159.0,911.0113546342752,7.246376811594202,128,137,9,0,128,133,15128,1,1,0,0,4
2020-08-09,US,Indiana,Unassigned,0,206,0,0.0,0.0,90018.0,0.0,0.0,-206,0,202,0,-202,0,,0,4,0,-4,0
2020-08-09,US,Indiana,Union,41,0,0,39.62550777,-84.92497066,18161.0,581.2305075134675,0.0,41,39,0,0,39,37,7037,2,0,0,2,2
2020-08-09,US,Indiana,Vanderburgh,1963,13,0,38.02658833,-87.58763124,18163.0,1081.834765308541,0.6622516556291391,1950,1922,13,0,1909,1888,180974,41,0,0,41,34
2020-08-09,US,Indiana,Vermillion,52,0,0,39.8523352,-87.46160542,18165.0,335.5271647954574,0.0,52,49,0,0,49,50,15479,3,0,0,3,-1
2020-08-09,US,Indiana,Vigo,651,10,0,39.42944561,-87.39169027,18167.0,608.1952203890207,1.5360983102918586,641,619,10,0,609,586,107386,32,0,0,32,33
2020-08-09,US,Indiana,Wabash,169,3,0,40.84704239,-85.79328272,18169.0,545.2316427926185,1.7751479289940828,166,165,3,0,162,163,31280,4,0,0,4,2
2020-08-09,US,Indiana,Warren,22,1,0,40.34728141,-87.35602659,18171.0,266.1826981246219,4.545454545454546,21,22,1,0,21,22,8263,0,0,0,0,0
2020-08-09,US,Indiana,Warrick,581,30,0,38.08922676,-87.2716085,18173.0,922.2515000476204,5.163511187607574,551,579,30,0,549,570,62567,2,0,0,2,9
2020-08-09,US,Indiana,Washington,140,1,0,38.60219804,-86.1049363,18175.0,499.3579683264375,0.7142857142857143,139,139,1,0,138,131,27943,1,0,0,1,8
2020-08-09,US,Indiana,Wayne,377,10,0,39.863344399999995,-85.01044989,18177.0,572.2178374112077,2.6525198938992043,367,368,10,0,358,354,65936,9,0,0,9,14
2020-08-09,US,Indiana,Wells,168,2,0,40.72934187,-85.22132966,18179.0,593.7234944868533,1.1904761904761905,166,162,2,0,160,162,28206,6,0,0,6,0
2020-08-09,US,Indiana,White,369,10,0,40.74911165,-86.86492015,18181.0,1530.9932785660944,2.710027100271003,359,361,10,0,351,354,24133,8,0,0,8,7
2020-08-09,US,Indiana,Whitley,152,6,0,41.13863784,-85.50791236,18183.0,447.53268166293725,3.947368421052632,146,151,6,0,145,150,34074,1,0,0,1,1
2020-08-09,US,Iowa,Adair,30,0,0,41.33075609,-94.47105874,19001.0,419.4630872483222,0.0,30,29,0,0,29,28,7063,1,0,0,1,1
2020-08-09,US,Iowa,Adams,16,0,0,41.02903567,-94.69932645,19003.0,444.1976679622432,0.0,16,16,0,0,16,16,3645,0,0,0,0,0
2020-08-09,US,Iowa,Allamakee,155,4,0,43.28383218,-91.37860922,19005.0,1132.4614597793527,2.5806451612903225,151,154,4,0,150,154,13832,1,0,0,1,0
2020-08-09,US,Iowa,Appanoose,49,3,0,40.74324454,-92.86865906,19007.0,394.33446000321925,6.1224489795918355,46,48,3,0,45,48,12437,1,0,0,1,0
2020-08-09,US,Iowa,Audubon,28,1,0,41.6844628,-94.90581859,19009.0,509.4614264919942,3.571428571428572,27,28,1,0,27,28,5506,0,0,0,0,0
2020-08-09,US,Iowa,Benton,156,1,0,42.08011739,-92.06463573,19011.0,608.3057126145447,0.6410256410256411,155,155,1,0,154,151,25642,1,0,0,1,4
2020-08-09,US,Iowa,Black Hawk,3127,66,0,42.4704581,-92.30524729,19013.0,2382.875605815832,2.110649184521906,3061,3115,66,0,3049,3099,132408,12,0,0,12,16
2020-08-09,US,Iowa,Boone,258,3,0,42.03657094,-93.9313999,19015.0,983.4565830601507,1.162790697674419,255,255,3,0,252,246,26346,3,0,0,3,9
2020-08-09,US,Iowa,Bremer,226,7,0,42.77461496,-92.31795937,19017.0,901.7636262070067,3.0973451327433628,219,224,7,0,217,210,24947,2,0,0,2,14
2020-08-09,US,Iowa,Buchanan,127,1,0,42.4709188,-91.83510825,19019.0,599.7638724911452,0.7874015748031497,126,127,1,0,126,124,21199,0,0,0,0,3
2020-08-09,US,Iowa,Buena Vista,1794,12,0,42.73545875,-95.15100162,19021.0,9143.730886850153,0.6688963210702341,1782,1791,12,0,1779,1791,19874,3,0,0,3,0
2020-08-09,US,Iowa,Butler,121,2,0,42.73172833,-92.79015971,19023.0,838.0081723111017,1.6528925619834711,119,121,2,0,119,119,14539,0,0,0,0,2
2020-08-09,US,Iowa,Calhoun,83,2,0,42.38521079,-94.64046046,19025.0,858.5022755482003,2.409638554216868,81,83,2,0,81,83,9699,0,0,0,0,0
2020-08-09,US,Iowa,Carroll,192,1,0,42.03617207,-94.86032705,19027.0,952.1448053558148,0.5208333333333334,191,188,1,0,187,185,20154,4,0,0,4,3
2020-08-09,US,Iowa,Cass,74,1,0,41.33149454,-94.92792482,19029.0,576.5035836709255,1.351351351351351,73,71,1,0,70,61,12930,3,0,0,3,10
2020-08-09,US,Iowa,Cedar,133,1,0,41.77233777,-91.13246684,19031.0,714.0172867343105,0.7518796992481203,132,131,1,0,130,129,18627,2,0,0,2,2
2020-08-09,US,Iowa,Cerro Gordo,625,17,0,43.08177563,-93.2612239,19033.0,1472.3203769140164,2.72,608,609,17,0,592,598,42647,16,0,0,16,11
2020-08-09,US,Iowa,Cherokee,108,1,0,42.73538914,-95.62389402,19035.0,961.2817089452603,0.925925925925926,107,108,1,0,107,104,11321,0,0,0,0,4
2020-08-09,US,Iowa,Chickasaw,54,0,0,43.06001295,-92.31773347,19037.0,452.52660688846055,0.0,54,54,0,0,54,54,11964,0,0,0,0,0
2020-08-09,US,Iowa,Clarke,201,3,0,41.02868181,-93.78499767,19039.0,2139.4358701436936,1.492537313432836,198,199,3,0,196,197,9423,2,0,0,2,2
2020-08-09,US,Iowa,Clay,190,1,0,43.08247182,-95.15096481,19041.0,1186.3136863136865,0.5263157894736842,189,186,1,0,185,181,16134,4,0,0,4,5
2020-08-09,US,Iowa,Clayton,104,3,0,42.84443388,-91.34133693,19043.0,592.6263604763805,2.8846153846153846,101,104,3,0,101,104,17556,0,0,0,0,0
2020-08-09,US,Iowa,Clinton,397,3,0,41.89981633,-90.53275096,19045.0,855.0690301320295,0.7556675062972292,394,379,3,0,376,370,46518,18,0,0,18,9
2020-08-09,US,Iowa,Crawford,728,3,0,42.03718237,-95.3819718,19047.0,4328.180737217598,0.4120879120879121,725,727,3,0,724,726,17158,1,0,0,1,1
2020-08-09,US,Iowa,Dallas,1885,35,0,41.68560356,-94.04127625,19049.0,2017.056702299552,1.856763925729443,1850,1878,35,0,1843,1859,90180,7,0,0,7,19
2020-08-09,US,Iowa,Davis,57,2,0,40.74773536,-92.41005468,19051.0,633.3333333333334,3.5087719298245608,55,55,1,0,54,54,9017,2,1,0,1,1
2020-08-09,US,Iowa,Decatur,23,0,0,40.73742757,-93.78645949,19053.0,292.2490470139772,0.0,23,23,0,0,23,23,7890,0,0,0,0,0
2020-08-09,US,Iowa,Delaware,112,1,0,42.47104597,-91.3664492,19055.0,658.3975074951502,0.8928571428571429,111,111,1,0,110,103,17069,1,0,0,1,8
2020-08-09,US,Iowa,Des Moines,179,2,0,40.92012606,-91.18326592,19057.0,459.363050786563,1.11731843575419,177,169,2,0,167,158,39138,10,0,0,10,11
2020-08-09,US,Iowa,Dickinson,381,4,0,43.37787725,-95.1510206,19059.0,2207.671804380577,1.0498687664041997,377,380,4,0,376,378,17153,1,0,0,1,2
2020-08-09,US,Iowa,Dubuque,1676,31,0,42.46815349,-90.88181925,19061.0,1722.3129964752186,1.8496420047732696,1645,1665,31,0,1634,1653,96854,11,0,0,11,12
2020-08-09,US,Iowa,Emmet,192,4,0,43.37782951,-94.67858943,19063.0,2085.1433536055606,2.083333333333333,188,191,4,0,187,190,9253,1,0,0,1,1
2020-08-09,US,Iowa,Fayette,82,0,0,42.86271799,-91.8441231,19065.0,417.30279898218834,0.0,82,82,0,0,82,82,19660,0,0,0,0,0
2020-08-09,US,Iowa,Floyd,155,2,0,43.06000529999999,-92.78940097,19067.0,990.9218769978264,1.2903225806451613,153,153,2,0,151,145,15761,2,0,0,2,8
2020-08-09,US,Iowa,Franklin,241,10,0,42.73270384,-93.26256925,19069.0,2393.2472691161865,4.149377593360996,231,239,10,0,229,235,10124,2,0,0,2,4
2020-08-09,US,Iowa,Fremont,42,0,0,40.74542720000001,-95.60129045,19071.0,603.4482758620691,0.0,42,42,0,0,42,40,6993,0,0,0,0,2
2020-08-09,US,Iowa,Greene,41,0,0,42.03614551,-94.39658081,19073.0,461.29612961296135,0.0,41,41,0,0,41,41,8981,0,0,0,0,0
2020-08-09,US,Iowa,Grundy,79,1,0,42.40183723,-92.78829551,19075.0,645.8469587965991,1.2658227848101269,78,79,1,0,78,78,12304,0,0,0,0,1
2020-08-09,US,Iowa,Guthrie,132,5,0,41.68378965,-94.50111014,19077.0,1234.914397979231,3.787878787878788,127,131,5,0,126,131,10720,1,0,0,1,0
2020-08-09,US,Iowa,Hamilton,246,1,0,42.38382428,-93.70197703,19079.0,1665.200027076423,0.4065040650406504,245,246,1,0,245,245,14952,0,0,0,0,1
2020-08-09,US,Iowa,Hancock,122,2,0,43.08178477,-93.73454884,19081.0,1147.6952022577611,1.639344262295082,120,122,2,0,120,121,10712,0,0,0,0,1
2020-08-09,US,Iowa,Hardin,181,0,0,42.38353877,-93.23654611,19083.0,1074.4390359729312,0.0,181,178,0,0,178,175,16868,3,0,0,3,3
2020-08-09,US,Iowa,Harrison,107,1,0,41.68330137,-95.81558439,19085.0,761.6200441312549,0.9345794392523364,106,106,0,0,106,103,14134,1,1,0,0,3
2020-08-09,US,Iowa,Henry,125,4,0,40.98767962,-91.54436349,19087.0,626.4408138719052,3.2,121,120,3,0,117,119,20067,5,1,0,4,1
2020-08-09,US,Iowa,Howard,49,0,0,43.35671042,-92.31702714,19089.0,535.051321249181,0.0,49,49,0,0,49,49,9187,0,0,0,0,0
2020-08-09,US,Iowa,Humboldt,111,1,0,42.7764426,-94.20722537,19091.0,1161.3308223477713,0.9009009009009008,110,108,1,0,107,106,9547,3,0,0,3,2
2020-08-09,US,Iowa,Ida,29,0,0,42.38696136,-95.51355387,19093.0,422.7405247813411,0.0,29,29,0,0,29,29,6841,0,0,0,0,0
2020-08-09,US,Iowa,Iowa,97,1,0,41.68630265,-92.0643373,19095.0,599.3573900148294,1.0309278350515465,96,97,1,0,96,96,16141,0,0,0,0,1
2020-08-09,US,Iowa,Jackson,156,1,0,42.17178824,-90.57354837,19097.0,802.510417202531,0.6410256410256411,155,151,1,0,150,150,19432,5,0,0,5,1
2020-08-09,US,Iowa,Jasper,478,26,0,41.68576082,-93.05567785,19099.0,1285.4645690466589,5.439330543933054,452,476,26,0,450,471,37147,2,0,0,2,5
2020-08-09,US,Iowa,Jefferson,84,0,0,41.03192394,-91.94849466,19101.0,459.1418420333425,0.0,84,83,0,0,83,82,18381,1,0,0,1,1
2020-08-09,US,Iowa,Johnson,2096,19,0,41.67169354,-91.58754744,19103.0,1386.7937012041816,0.9064885496183206,2077,2067,19,0,2048,2054,151260,29,0,0,29,13
2020-08-09,US,Iowa,Jones,130,2,0,42.12118609,-91.13139641,19105.0,628.596296117209,1.5384615384615383,128,130,2,0,128,128,20744,0,0,0,0,2
2020-08-09,US,Iowa,Keokuk,35,1,0,41.33649833,-92.1785067,19107.0,341.59672067148153,2.8571428571428568,34,34,1,0,33,34,10225,1,0,0,1,0
2020-08-09,US,Iowa,Kossuth,91,0,0,43.20405458,-94.20691791,19109.0,614.3252548437183,0.0,91,89,0,0,89,84,14908,2,0,0,2,5
2020-08-09,US,Iowa,Lee,114,3,0,40.64181461,-91.48183025,19111.0,338.7111150726446,2.631578947368421,111,113,3,0,110,108,34055,1,0,0,1,5
2020-08-09,US,Iowa,Linn,2375,88,0,42.07923082,-91.59809485,19113.0,1047.612326096354,3.7052631578947364,2287,2348,87,0,2261,2314,225909,27,1,0,26,34
2020-08-09,US,Iowa,Louisa,378,14,0,41.21842119,-91.26102611,19115.0,3425.46443135478,3.703703703703704,364,378,14,0,364,378,11169,0,0,0,0,0
2020-08-09,US,Iowa,Lucas,68,4,0,41.02958964,-93.32780803,19117.0,790.6976744186046,5.882352941176472,64,63,4,0,59,60,8645,5,0,0,5,3
2020-08-09,US,Iowa,Lyon,113,2,0,43.38107862,-96.20926845,19119.0,961.2930667800937,1.7699115044247788,111,113,2,0,111,110,11811,0,0,0,0,3
2020-08-09,US,Iowa,Madison,121,2,0,41.33081904,-94.01554631,19121.0,740.6047251805606,1.6528925619834711,119,118,2,0,116,114,16249,3,0,0,3,4
2020-08-09,US,Iowa,Mahaska,139,17,0,41.33521503,-92.64083907,19123.0,629.1016066983483,12.23021582733813,122,139,17,0,122,138,22000,0,0,0,0,1
2020-08-09,US,Iowa,Marion,173,0,0,41.33445101,-93.09934783,19125.0,520.2538116861637,0.0,173,169,0,0,169,166,33407,4,0,0,4,3
2020-08-09,US,Iowa,Marshall,1444,26,0,42.03586837,-92.9990819,19127.0,3667.860499377683,1.8005540166204983,1418,1438,26,0,1412,1432,39981,6,0,0,6,6
2020-08-09,US,Iowa,Mills,89,0,0,41.03299766,-95.61920963,19129.0,589.0528823879807,0.0,89,89,0,0,89,87,15063,0,0,0,0,2
2020-08-09,US,Iowa,Mitchell,78,0,0,43.35638371,-92.78887719,19131.0,736.8222180238049,0.0,78,78,0,0,78,78,10569,0,0,0,0,0
2020-08-09,US,Iowa,Monona,91,0,0,42.05220391,-95.95743843,19133.0,1056.2971561230413,0.0,91,91,0,0,91,91,8679,0,0,0,0,0
2020-08-09,US,Iowa,Monroe,73,7,0,41.02988815,-92.8690667,19135.0,947.1908654469963,9.58904109589041,66,72,7,0,65,72,7790,1,0,0,1,0
2020-08-09,US,Iowa,Montgomery,59,4,0,41.03018714,-95.15642896,19137.0,594.9379852778058,6.779661016949151,55,59,4,0,55,57,10003,0,0,0,0,2
2020-08-09,US,Iowa,Muscatine,847,48,0,41.48370744,-91.1121697,19139.0,1985.2803300206265,5.667060212514758,799,846,48,0,798,845,42929,1,0,0,1,1
2020-08-09,US,Iowa,O'Brien,138,2,0,43.08310673,-95.62474482,19141.0,1003.4174361957392,1.4492753623188406,136,137,2,0,135,136,13840,1,0,0,1,1
2020-08-09,US,Iowa,Osceola,83,0,0,43.37824276,-95.62422844,19143.0,1393.0849278281305,0.0,83,83,0,0,83,80,6040,0,0,0,0,3
2020-08-09,US,Iowa,Page,94,0,0,40.7393172,-95.1497813,19145.0,622.228106175945,0.0,94,94,0,0,94,94,15249,0,0,0,0,0
2020-08-09,US,Iowa,Palo Alto,84,0,0,43.08193849,-94.67824621,19147.0,945.3072248480755,0.0,84,84,0,0,84,82,8929,0,0,0,0,2
2020-08-09,US,Iowa,Plymouth,462,9,0,42.737633,-96.21366621,19149.0,1835.0081423521467,1.9480519480519483,453,457,9,0,448,455,25095,5,0,0,5,2
2020-08-09,US,Iowa,Pocahontas,115,2,0,42.73420133,-94.67862564,19151.0,1737.4225713854055,1.7391304347826086,113,115,2,0,113,115,6740,0,0,0,0,0
2020-08-09,US,Iowa,Polk,10309,207,0,41.68679484,-93.57767461,19153.0,2103.1865040262282,2.0079542147637985,10102,10223,207,0,10016,10132,487204,86,0,0,86,91
2020-08-09,US,Iowa,Pottawattamie,1325,26,0,41.33640314,-95.53907776,19155.0,1421.5823015685685,1.962264150943396,1299,1314,26,0,1288,1294,93533,11,0,0,11,20
2020-08-09,US,Iowa,Poweshiek,159,8,0,41.68625425,-92.53155731,19157.0,859.2736705577173,5.031446540880503,151,157,8,0,149,156,18699,2,0,0,2,1
2020-08-09,US,Iowa,Ringgold,22,1,0,40.73518949,-94.24368535,19159.0,449.5300367797303,4.545454545454546,21,21,1,0,20,21,4968,1,0,0,1,0
2020-08-09,US,Iowa,Sac,85,0,0,42.38624071,-95.10547892,19161.0,874.3956383088159,0.0,85,84,0,0,84,82,9719,1,0,0,1,2
2020-08-09,US,Iowa,Scott,1718,14,0,41.63935978,-90.61959493,19163.0,993.3908860144674,0.8149010477299186,1704,1716,14,0,1702,1674,173283,2,0,0,2,42
2020-08-09,US,Iowa,Shelby,184,1,0,41.6850066,-95.31015553,19165.0,1606.4257028112452,0.5434782608695652,183,183,1,0,182,180,11578,1,0,0,1,3
2020-08-09,US,Iowa,Sioux,634,3,0,43.08221074,-96.1767568,19167.0,1818.9642805910198,0.473186119873817,631,625,3,0,622,619,34909,9,0,0,9,6
2020-08-09,US,Iowa,Story,1166,14,0,42.03621213,-93.46499005,19169.0,1200.613692762338,1.2006861063464838,1152,1160,14,0,1146,1151,98105,6,0,0,6,9
2020-08-09,US,Iowa,Tama,551,29,0,42.07991767,-92.53266945,19171.0,3269.2535896523077,5.2631578947368425,522,549,29,0,520,547,16904,2,0,0,2,2
2020-08-09,US,Iowa,Taylor,98,0,0,40.73710579,-94.69778563,19173.0,1601.045580787453,0.0,98,98,0,0,98,96,6191,0,0,0,0,2
2020-08-09,US,Iowa,Unassigned,6,0,0,0.0,0.0,90019.0,0.0,0.0,6,7,0,0,7,1,,-1,0,0,-1,6
2020-08-09,US,Iowa,Union,77,1,0,41.0277278,-94.24234847,19175.0,629.0335756882607,1.2987012987012987,76,77,1,0,76,76,12359,0,0,0,0,1
2020-08-09,US,Iowa,Van Buren,37,1,0,40.75326764,-91.95017958,19177.0,525.2697331061896,2.702702702702702,36,34,1,0,33,34,7020,3,0,0,3,0
2020-08-09,US,Iowa,Wapello,900,33,0,41.03064984,-92.40954728,19179.0,2573.7081414967543,3.6666666666666665,867,881,33,0,848,876,35205,19,0,0,19,5
2020-08-09,US,Iowa,Warren,564,1,0,41.33559454,-93.56007641,19181.0,1095.869117475615,0.1773049645390071,563,557,1,0,556,550,51056,7,0,0,7,7
2020-08-09,US,Iowa,Washington,298,10,0,41.33577126,-91.71725711,19183.0,1356.7038470293649,3.355704697986577,288,298,10,0,288,294,22141,0,0,0,0,4
2020-08-09,US,Iowa,Wayne,19,1,0,40.73969028,-93.32752197,19185.0,294.9852507374631,5.2631578947368425,18,19,1,0,18,19,6401,0,0,0,0,0
2020-08-09,US,Iowa,Webster,801,7,0,42.42853483,-94.17987389,19187.0,2230.9491978609626,0.8739076154806492,794,801,7,0,794,793,36277,0,0,0,0,8
2020-08-09,US,Iowa,Winnebago,84,0,0,43.37751174,-93.73407298,19189.0,811.2806644774968,0.0,84,79,0,0,79,79,10518,5,0,0,5,0
2020-08-09,US,Iowa,Winneshiek,97,1,0,43.29094334,-91.84422722,19191.0,485.2183482567154,1.0309278350515465,96,95,1,0,94,94,20029,2,0,0,2,1
2020-08-09,US,Iowa,Woodbury,3719,52,0,42.38979414,-96.0459439,19193.0,3606.932603993909,1.3982253293896207,3667,3716,52,0,3664,3709,102539,3,0,0,3,7
2020-08-09,US,Iowa,Worth,66,0,0,43.37750768,-93.26087602,19195.0,894.187779433681,0.0,66,66,0,0,66,66,7453,0,0,0,0,0
2020-08-09,US,Iowa,Wright,472,1,0,42.73305373,-93.73515113,19197.0,3757.3634771533193,0.21186440677966098,471,465,1,0,464,463,12690,7,0,0,7,2
2020-08-09,US,Kansas,Allen,15,0,0,37.88582951,-95.30030847,20001.0,121.2709192335678,0.0,15,15,0,0,15,15,12444,0,0,0,0,0
2020-08-09,US,Kansas,Anderson,29,0,0,38.21413251,-95.29272815,20003.0,369.0506490201069,0.0,29,29,0,0,29,29,7878,0,0,0,0,0
2020-08-09,US,Kansas,Atchison,64,0,0,39.53185661,-95.30870026,20005.0,398.18328874510047,0.0,64,64,0,0,64,64,16193,0,0,0,0,0
2020-08-09,US,Kansas,Barber,4,0,0,37.2288586,-98.68460053,20007.0,90.35464196973119,0.0,4,4,0,0,4,4,4472,0,0,0,0,0
2020-08-09,US,Kansas,Barton,139,3,0,38.47889676,-98.75636726,20009.0,539.1985724814772,2.1582733812949644,136,139,3,0,136,133,26111,0,0,0,0,6
2020-08-09,US,Kansas,Bourbon,73,2,0,37.85508555,-94.84865997,20011.0,502.2705380487134,2.7397260273972597,71,73,2,0,71,73,14653,0,0,0,0,0
2020-08-09,US,Kansas,Brown,37,0,0,39.82652589,-95.56421698,20013.0,386.8674194897532,0.0,37,37,0,0,37,37,9598,0,0,0,0,0
2020-08-09,US,Kansas,Butler,255,1,0,37.78134351,-96.83878537,20015.0,381.1032565646904,0.392156862745098,254,255,1,0,254,255,66765,0,0,0,0,0
2020-08-09,US,Kansas,Chase,42,0,0,38.30292938,-96.59563862,20017.0,1586.1027190332327,0.0,42,42,0,0,42,42,2629,0,0,0,0,0
2020-08-09,US,Kansas,Chautauqua,5,0,0,37.14994405,-96.2454192,20019.0,153.84615384615384,0.0,5,5,0,0,5,5,3309,0,0,0,0,0
2020-08-09,US,Kansas,Cherokee,118,1,0,37.16928494,-94.8462897,20021.0,591.8050052660615,0.8474576271186439,117,118,1,0,117,101,20015,0,0,0,0,17
2020-08-09,US,Kansas,Cheyenne,3,0,0,39.78580976,-101.7318201,20023.0,112.90929619872036,0.0,3,3,0,0,3,3,2660,0,0,0,0,0
2020-08-09,US,Kansas,Clark,44,1,0,37.23577007,-99.81883015,20025.0,2206.6198595787364,2.272727272727273,43,44,1,0,43,44,2005,0,0,0,0,0
2020-08-09,US,Kansas,Clay,20,2,0,39.34948772,-97.16518128,20027.0,249.9375156210947,10.0,18,20,2,0,18,20,7997,0,0,0,0,0
2020-08-09,US,Kansas,Cloud,32,0,0,39.48028352,-97.64925343,20029.0,364.21579786023216,0.0,32,32,0,0,32,32,8729,0,0,0,0,0
2020-08-09,US,Kansas,Coffey,67,8,0,38.2365018,-95.73379515,20031.0,819.1710478053552,11.940298507462687,59,67,8,0,59,67,8233,0,0,0,0,0
2020-08-09,US,Kansas,Comanche,5,0,0,37.19114520000001,-99.27113247,20033.0,294.11764705882354,0.0,5,5,0,0,5,5,1748,0,0,0,0,0
2020-08-09,US,Kansas,Cowley,165,2,0,37.23781842,-96.83776647,20035.0,472.6710209694053,1.2121212121212122,163,165,2,0,163,165,35218,0,0,0,0,0
2020-08-09,US,Kansas,Crawford,380,1,0,37.50675523,-94.85245778,20037.0,978.9273017672214,0.2631578947368421,379,380,1,0,379,380,39019,0,0,0,0,0
2020-08-09,US,Kansas,Decatur,5,0,0,39.78468441,-100.45940809999999,20039.0,176.86593562079943,0.0,5,5,0,0,5,5,2871,0,0,0,0,0
2020-08-09,US,Kansas,Dickinson,47,1,0,38.86600962,-97.15532383,20041.0,254.52182389255933,2.127659574468085,46,47,1,0,46,47,18717,0,0,0,0,0
2020-08-09,US,Kansas,Doniphan,48,0,0,39.79067154,-95.14056866,20043.0,631.578947368421,0.0,48,48,0,0,48,48,7682,0,0,0,0,0
2020-08-09,US,Kansas,Douglas,714,5,0,38.88503636,-95.2925121,20045.0,584.0060854415626,0.7002801120448179,709,714,5,0,709,714,121436,0,0,0,0,0
2020-08-09,US,Kansas,Edwards,10,0,0,37.88735543,-99.31263309,20047.0,357.39814152966414,0.0,10,10,0,0,10,10,2849,0,0,0,0,0
2020-08-09,US,Kansas,Elk,1,0,0,37.45338105,-96.24369667,20049.0,39.52569169960474,0.0,1,1,0,0,1,1,2508,0,0,0,0,0
2020-08-09,US,Kansas,Ellis,141,1,0,38.91458712,-99.31751551,20051.0,493.81851294084686,0.7092198581560284,140,141,1,0,140,141,28710,0,0,0,0,0
2020-08-09,US,Kansas,Ellsworth,21,0,0,38.69677695,-98.20462799,20053.0,344.14945919370695,0.0,21,21,0,0,21,21,6196,0,0,0,0,0
2020-08-09,US,Kansas,Finney,1783,10,0,38.04340344,-100.73819379999999,20055.0,4889.352016891985,0.5608524957936063,1773,1783,10,0,1773,1783,36611,0,0,0,0,0
2020-08-09,US,Kansas,Ford,2069,8,0,37.69200114,-99.88825298,20057.0,6154.258008864034,0.3866602223296278,2061,2069,8,0,2061,2069,33888,0,0,0,0,0
2020-08-09,US,Kansas,Franklin,178,1,0,38.56443815,-95.28644341,20059.0,696.8368305668649,0.5617977528089888,177,178,1,0,177,178,25631,0,0,0,0,0
2020-08-09,US,Kansas,Geary,140,2,0,38.99871131,-96.7577178,20061.0,442.0587306599305,1.4285714285714286,138,140,2,0,138,135,32594,0,0,0,0,5
2020-08-09,US,Kansas,Gove,6,0,0,38.91588178,-100.4829321,20063.0,227.6176024279211,0.0,6,6,0,0,6,6,2612,0,0,0,0,0
2020-08-09,US,Kansas,Graham,16,0,0,39.34987223,-99.88332493,20065.0,644.64141821112,0.0,16,16,0,0,16,16,2492,0,0,0,0,0
2020-08-09,US,Kansas,Grant,110,2,0,37.56227336,-101.3079758,20067.0,1538.4615384615383,1.818181818181818,108,110,2,0,108,106,7336,0,0,0,0,4
2020-08-09,US,Kansas,Gray,77,0,0,37.73836671,-100.4369088,20069.0,1285.9051436205746,0.0,77,77,0,0,77,77,6033,0,0,0,0,0
2020-08-09,US,Kansas,Greeley,4,0,0,38.4808095,-101.8061079,20071.0,324.67532467532465,0.0,4,4,0,0,4,4,1227,0,0,0,0,0
2020-08-09,US,Kansas,Greenwood,20,0,0,37.8774388,-96.23250453,20073.0,334.33634236041456,0.0,20,20,0,0,20,20,6055,0,0,0,0,0
2020-08-09,US,Kansas,Hamilton,37,0,0,37.99978709,-101.7921066,20075.0,1457.26664040961,0.0,37,37,0,0,37,37,2607,0,0,0,0,0
2020-08-09,US,Kansas,Harper,10,0,0,37.19175361,-98.07578384,20077.0,183.9587932303164,0.0,10,10,0,0,10,10,5506,0,0,0,0,0
2020-08-09,US,Kansas,Harvey,194,1,0,38.04293782,-97.42747573,20079.0,563.4784629236981,0.5154639175257731,193,194,1,0,193,194,34210,0,0,0,0,0
2020-08-09,US,Kansas,Haskell,44,0,0,37.562039399999996,-100.8710738,20081.0,1108.8709677419354,0.0,44,44,0,0,44,44,3997,0,0,0,0,0
2020-08-09,US,Kansas,Hodgeman,11,0,0,38.08780079,-99.89829881,20083.0,613.1549609810479,0.0,11,11,0,0,11,11,1818,0,0,0,0,0
2020-08-09,US,Kansas,Jackson,146,1,0,39.41673394,-95.79356799,20085.0,1108.4959380457062,0.6849315068493149,145,146,1,0,145,146,13280,0,0,0,0,0
2020-08-09,US,Kansas,Jefferson,76,0,0,39.2347941,-95.38289232,20087.0,399.09678096938507,0.0,76,76,0,0,76,76,18975,0,0,0,0,0
2020-08-09,US,Kansas,Jewell,11,0,0,39.78470589,-98.21820662,20089.0,382.07711010767633,0.0,11,11,0,0,11,11,2841,0,0,0,0,0
2020-08-09,US,Kansas,Johnson,5703,103,0,38.88548175,-94.82250877,20091.0,946.7115758439976,1.8060669822900228,5600,5643,103,0,5540,5522,597555,60,0,0,60,121
2020-08-09,US,Kansas,Kearny,59,1,0,38.00017981,-101.32168100000001,20093.0,1537.2589890568006,1.6949152542372878,58,59,1,0,58,59,3943,0,0,0,0,0
2020-08-09,US,Kansas,Kingman,17,0,0,37.55909527,-98.13638678,20095.0,237.69574944071587,0.0,17,17,0,0,17,17,7310,0,0,0,0,0
2020-08-09,US,Kansas,Kiowa,7,0,0,37.55848695,-99.2856537,20097.0,282.8282828282828,0.0,7,7,0,0,7,7,2516,0,0,0,0,0
2020-08-09,US,Kansas,Labette,133,0,0,37.19113093,-95.29849679,20099.0,677.9488225099399,0.0,133,133,0,0,133,133,19964,0,0,0,0,0
2020-08-09,US,Kansas,Lane,5,0,0,38.48119447,-100.46607540000001,20101.0,325.73289902280135,0.0,5,5,0,0,5,5,1560,0,0,0,0,0
2020-08-09,US,Kansas,Leavenworth,1459,8,0,39.20183497,-95.03620809,20103.0,1784.5348467428266,0.5483207676490747,1451,1459,8,0,1451,1459,81352,0,0,0,0,0
2020-08-09,US,Kansas,Lincoln,6,0,0,39.04549684,-98.20756994,20105.0,202.56583389601624,0.0,6,6,0,0,6,6,3023,0,0,0,0,0
2020-08-09,US,Kansas,Linn,35,0,0,38.21267844,-94.84254089,20107.0,360.71318149026087,0.0,35,35,0,0,35,35,9750,0,0,0,0,0
2020-08-09,US,Kansas,Logan,2,0,0,38.91735806,-101.148475,20109.0,71.58196134574086,0.0,2,2,0,0,2,2,2844,0,0,0,0,0
2020-08-09,US,Kansas,Lyon,697,13,0,38.45576156,-96.15275715,20111.0,2099.7138123211325,1.865136298421808,684,697,13,0,684,697,33406,0,0,0,0,0
2020-08-09,US,Kansas,Marion,48,1,0,38.35855394,-97.09852509999999,20115.0,403.9044092898014,2.083333333333333,47,48,1,0,47,48,11950,0,0,0,0,0
2020-08-09,US,Kansas,Marshall,9,0,0,39.78359669,-96.52278974,20117.0,92.71659627073248,0.0,9,9,0,0,9,9,9722,0,0,0,0,0
2020-08-09,US,Kansas,McPherson,142,1,0,38.39184858,-97.64769869,20113.0,497.5124378109453,0.7042253521126759,141,142,1,0,141,142,28537,0,0,0,0,0
2020-08-09,US,Kansas,Meade,44,0,0,37.23859987,-100.36483100000001,20119.0,1090.9992561368708,0.0,44,44,0,0,44,44,4146,0,0,0,0,0
2020-08-09,US,Kansas,Miami,133,0,0,38.56383358,-94.83832189,20121.0,388.4686158249847,0.0,133,133,0,0,133,133,33680,0,0,0,0,0
2020-08-09,US,Kansas,Mitchell,27,0,0,39.39331582,-98.20906732,20123.0,451.58053186151534,0.0,27,27,0,0,27,27,6150,0,0,0,0,0
2020-08-09,US,Kansas,Montgomery,167,5,0,37.19236568,-95.74329258,20125.0,524.6787520814352,2.9940119760479043,162,164,5,0,159,164,32120,3,0,0,3,0
2020-08-09,US,Kansas,Morris,11,0,0,38.68827511,-96.65128437,20127.0,195.72953736654804,0.0,11,11,0,0,11,11,5521,0,0,0,0,0
2020-08-09,US,Kansas,Morton,9,2,0,37.19141121,-101.79925190000002,20129.0,347.89331271743333,22.222222222222218,7,9,2,0,7,9,2667,0,0,0,0,0
2020-08-09,US,Kansas,Nemaha,49,1,0,39.78345387,-96.01392079,20131.0,478.93656534063143,2.0408163265306123,48,49,1,0,48,49,10155,0,0,0,0,0
2020-08-09,US,Kansas,Neosho,58,0,0,37.55862897,-95.30670046,20133.0,362.3414756044231,0.0,58,58,0,0,58,58,15951,0,0,0,0,0
2020-08-09,US,Kansas,Ness,6,0,0,38.47974157,-99.91547333,20135.0,218.1818181818182,0.0,6,6,0,0,6,6,2840,0,0,0,0,0
2020-08-09,US,Kansas,Norton,23,0,0,39.78443827,-99.90286639,20137.0,429.0244357396009,0.0,23,23,0,0,23,23,5430,0,0,0,0,0
2020-08-09,US,Kansas,Osage,40,0,0,38.65235984,-95.72707998,20139.0,250.7994231613268,0.0,40,40,0,0,40,40,15941,0,0,0,0,0
2020-08-09,US,Kansas,Osborne,4,0,0,39.3503437,-98.76753828,20141.0,116.92487576731949,0.0,4,4,0,0,4,4,3475,0,0,0,0,0
2020-08-09,US,Kansas,Ottawa,34,0,0,39.13237408,-97.65020313,20143.0,596.0729312762974,0.0,34,34,0,0,34,34,5802,0,0,0,0,0
2020-08-09,US,Kansas,Pawnee,7,0,0,38.18108732,-99.23692334,20145.0,109.13626442157779,0.0,7,7,0,0,7,7,6562,0,0,0,0,0
2020-08-09,US,Kansas,Phillips,51,8,0,39.78465501,-99.34668865,20147.0,974.3981658387466,15.68627450980392,43,51,8,0,43,51,5317,0,0,0,0,0
2020-08-09,US,Kansas,Pottawatomie,107,0,0,39.37925655,-96.34564657,20149.0,438.8303326087848,0.0,107,107,0,0,107,107,24277,0,0,0,0,0
2020-08-09,US,Kansas,Pratt,33,0,0,37.64780729,-98.73922153,20151.0,360.10475774770845,0.0,33,33,0,0,33,33,9378,0,0,0,0,0
2020-08-09,US,Kansas,Reno,273,1,0,37.95230263,-98.08607292,20155.0,440.33678505758246,0.3663003663003663,272,272,1,0,271,267,62342,1,0,0,1,5
2020-08-09,US,Kansas,Republic,32,0,0,39.82799632,-97.65036709,20157.0,690.2502157031925,0.0,32,32,0,0,32,32,4664,0,0,0,0,0
2020-08-09,US,Kansas,Rice,37,0,0,38.34616184,-98.19992118,20159.0,387.962671699696,0.0,37,37,0,0,37,37,9531,0,0,0,0,0
2020-08-09,US,Kansas,Riley,477,5,0,39.28935726,-96.73420026,20161.0,642.5800193986421,1.0482180293501049,472,477,5,0,472,477,73703,0,0,0,0,0
2020-08-09,US,Kansas,Rooks,17,0,0,39.35022773,-99.32484567,20163.0,345.5284552845528,0.0,17,17,0,0,17,17,5013,0,0,0,0,0
2020-08-09,US,Kansas,Rush,6,0,0,38.52275276,-99.30863983,20165.0,197.6284584980237,0.0,6,6,0,0,6,6,3093,0,0,0,0,0
2020-08-09,US,Kansas,Russell,13,0,0,38.91462787,-98.76254297,20167.0,189.6149358226371,0.0,13,13,0,0,13,13,6907,0,0,0,0,0
2020-08-09,US,Kansas,Saline,372,5,0,38.78369175,-97.65185177,20169.0,686.0430805547359,1.3440860215053765,367,372,5,0,367,372,54401,0,0,0,0,0
2020-08-09,US,Kansas,Scott,47,0,0,38.48222076,-100.90665390000001,20171.0,974.4972009122952,0.0,47,47,0,0,47,34,4897,0,0,0,0,13
2020-08-09,US,Kansas,Sedgwick,4878,44,0,37.6842718,-97.4608198,20173.0,945.2718964735428,0.9020090200902008,4834,4818,44,0,4774,4716,513607,60,0,0,60,102
2020-08-09,US,Kansas,Seward,1220,4,0,37.19324632,-100.85072009999999,20175.0,5693.485159604256,0.3278688524590164,1216,1220,4,0,1216,1220,21780,0,0,0,0,0
2020-08-09,US,Kansas,Shawnee,1550,19,0,39.04100763,-95.75572640000001,20177.0,876.3250883392226,1.2258064516129032,1531,1509,19,0,1490,1509,177499,41,0,0,41,0
2020-08-09,US,Kansas,Sheridan,7,0,0,39.35018161,-100.44182590000001,20179.0,277.66759222530743,0.0,7,7,0,0,7,7,2533,0,0,0,0,0
2020-08-09,US,Kansas,Sherman,15,0,0,39.35147699,-101.71976240000001,20181.0,253.50684468480648,0.0,15,15,0,0,15,15,5899,0,0,0,0,0
2020-08-09,US,Kansas,Smith,3,0,0,39.78516566,-98.78566062,20183.0,83.72871895060004,0.0,3,3,0,0,3,3,3603,0,0,0,0,0
2020-08-09,US,Kansas,Stafford,3,1,0,38.03100851,-98.71762001,20185.0,72.18479307025987,33.333333333333336,2,3,1,0,2,3,4178,0,0,0,0,0
2020-08-09,US,Kansas,Stanton,18,1,0,37.56304714,-101.78435340000001,20187.0,897.3080757726822,5.5555555555555545,17,18,1,0,17,18,1987,0,0,0,0,0
2020-08-09,US,Kansas,Stevens,45,0,0,37.1923008,-101.3118967,20189.0,820.4193254329991,0.0,45,45,0,0,45,46,5559,0,0,0,0,-1
2020-08-09,US,Kansas,Sumner,99,3,0,37.23682549,-97.47721621,20191.0,433.5260115606936,3.0303030303030303,96,99,3,0,96,99,22996,0,0,0,0,0
2020-08-09,US,Kansas,Thomas,38,0,0,39.35107575,-101.0553705,20193.0,488.62029060048866,0.0,38,36,0,0,36,36,7711,2,0,0,2,0
2020-08-09,US,Kansas,Trego,6,1,0,38.91467218,-99.87284448,20195.0,214.05636817695327,16.666666666666668,5,6,1,0,5,6,2793,0,0,0,0,0
2020-08-09,US,Kansas,Unassigned,0,1,0,0.0,0.0,90020.0,0.0,0.0,-1,0,1,0,-1,0,,0,0,0,0,0
2020-08-09,US,Kansas,Wabaunsee,42,0,0,38.95471985,-96.20350509,20197.0,605.9731640455923,0.0,42,42,0,0,42,42,6899,0,0,0,0,0
2020-08-09,US,Kansas,Washington,1,0,0,39.78420784,-97.08753229999999,20201.0,18.49796522382538,0.0,1,1,0,0,1,1,5420,0,0,0,0,0
2020-08-09,US,Kansas,Wichita,4,0,0,38.48178252,-101.3471509,20203.0,188.76828692779614,0.0,4,4,0,0,4,4,2105,0,0,0,0,0
2020-08-09,US,Kansas,Wilson,11,0,0,37.55937174,-95.74323255,20205.0,129.03225806451613,0.0,11,11,0,0,11,11,8665,0,0,0,0,0
2020-08-09,US,Kansas,Woodson,11,0,0,37.8865336,-95.74006277,20207.0,350.54174633524536,0.0,11,11,0,0,11,11,3183,0,0,0,0,0
2020-08-09,US,Kansas,Wyandotte,4896,99,0,39.11727348,-94.76378225,20209.0,2959.577824927915,2.022058823529412,4797,4864,99,0,4765,4810,165324,32,0,0,32,54
2020-08-09,US,Kentucky,Adair,201,19,0,37.10459774,-85.28129668,21001.0,1046.765961878971,9.452736318407961,182,203,19,0,184,204,19215,-2,0,0,-2,-1
2020-08-09,US,Kentucky,Allen,226,8,0,36.75197631,-86.19457544,21003.0,1060.2861834388927,3.5398230088495577,218,226,8,0,218,224,21122,0,0,0,0,2
2020-08-09,US,Kentucky,Anderson,84,1,0,38.00671029,-84.99171713,21005.0,369.279465424012,1.1904761904761905,83,83,1,0,82,82,22663,1,0,0,1,1
2020-08-09,US,Kentucky,Ballard,35,0,0,37.05842757,-88.99427697,21007.0,443.71196754563897,0.0,35,36,0,0,36,33,7979,-1,0,0,-1,3
2020-08-09,US,Kentucky,Barren,364,2,0,36.96469836,-85.93338945,21009.0,822.6174602815883,0.5494505494505495,362,362,2,0,360,360,44176,2,0,0,2,2
2020-08-09,US,Kentucky,Bath,37,1,0,38.14735938,-83.74588932,21011.0,296.0,2.702702702702702,36,37,1,0,36,37,12383,0,0,0,0,0
2020-08-09,US,Kentucky,Bell,312,4,0,36.73355174,-83.67766671,21013.0,1198.5248924400735,1.2820512820512822,308,312,4,0,308,303,26569,0,0,0,0,9
2020-08-09,US,Kentucky,Boone,1104,24,0,38.97065142,-84.72615357,21015.0,826.4648415568083,2.1739130434782608,1080,1097,24,0,1073,1076,131533,7,0,0,7,21
2020-08-09,US,Kentucky,Bourbon,81,1,0,38.2054607,-84.21827874,21017.0,409.3389933292905,1.2345679012345678,80,78,1,0,77,75,20184,3,0,0,3,3
2020-08-09,US,Kentucky,Boyd,190,3,0,38.36176608,-82.68652187,21019.0,406.6954921015454,1.5789473684210529,187,190,3,0,187,185,47240,0,0,0,0,5
2020-08-09,US,Kentucky,Boyle,154,0,0,37.62680923,-84.8633779,21021.0,512.3087159015303,0.0,154,155,0,0,155,149,30100,-1,0,0,-1,6
2020-08-09,US,Kentucky,Bracken,34,0,0,38.69158994,-84.08532444,21023.0,409.49054558593286,0.0,34,33,0,0,33,30,8239,1,0,0,1,3
2020-08-09,US,Kentucky,Breathitt,31,0,0,37.52333168,-83.31959161,21025.0,245.4473475851148,0.0,31,28,0,0,28,28,12726,3,0,0,3,0
2020-08-09,US,Kentucky,Breckinridge,70,2,0,37.77377239,-86.42885017,21027.0,341.8469502368511,2.8571428571428568,68,67,2,0,65,65,20388,3,0,0,3,2
2020-08-09,US,Kentucky,Bullitt,374,5,0,37.97162523,-85.68955617,21029.0,457.90685146187377,1.3368983957219251,369,363,5,0,358,348,81069,11,0,0,11,15
2020-08-09,US,Kentucky,Butler,293,15,0,37.20946153,-86.68748787,21031.0,2275.021352589487,5.119453924914676,278,294,15,0,279,292,12772,-1,0,0,-1,2
2020-08-09,US,Kentucky,Caldwell,53,0,0,37.14749129,-87.86948214,21033.0,415.78410606417197,0.0,53,52,0,0,52,49,12715,1,0,0,1,3
2020-08-09,US,Kentucky,Calloway,242,4,0,36.62093411,-88.2731593,21035.0,620.4969103356324,1.6528925619834711,238,230,4,0,226,220,39135,12,0,0,12,10
2020-08-09,US,Kentucky,Campbell,569,13,0,38.94384345,-84.37875208,21037.0,608.0099162249958,2.2847100175746924,556,567,13,0,554,557,93152,2,0,0,2,10
2020-08-09,US,Kentucky,Carlisle,43,1,0,36.85372876,-88.96692220000001,21039.0,903.3613445378153,2.3255813953488373,42,42,1,0,41,42,4771,1,0,0,1,0
2020-08-09,US,Kentucky,Carroll,158,2,0,38.66599534,-85.12601074,21041.0,1486.2195466089734,1.2658227848101269,156,158,2,0,156,150,10737,0,0,0,0,8
2020-08-09,US,Kentucky,Carter,101,1,0,38.31690743,-83.05092385,21043.0,376.90786282046486,0.99009900990099,100,101,1,0,100,102,27004,0,0,0,0,-1
2020-08-09,US,Kentucky,Casey,188,10,0,37.32533118,-84.92726209,21045.0,1163.4383315799246,5.319148936170213,178,175,10,0,165,162,15888,13,0,0,13,13
2020-08-09,US,Kentucky,Christian,501,8,0,36.89267803,-87.49055367,21047.0,711.0316345212245,1.5968063872255491,493,500,8,0,492,489,71671,1,0,0,1,11
2020-08-09,US,Kentucky,Clark,166,7,0,37.9689263,-84.14615986,21049.0,457.7668698122053,4.216867469879518,159,166,7,0,159,164,36249,0,0,0,0,2
2020-08-09,US,Kentucky,Clay,152,5,0,37.16451126,-83.712575,21051.0,763.7807145369577,3.2894736842105265,147,150,5,0,145,149,20105,2,0,0,2,1
2020-08-09,US,Kentucky,Clinton,32,1,0,36.72581156,-85.13377529,21053.0,313.17283225680166,3.125,31,29,1,0,28,28,10206,3,0,0,3,1
2020-08-09,US,Kentucky,Crittenden,31,1,0,37.35839237,-88.08826090000002,21055.0,352.03270497388144,3.2258064516129035,30,30,1,0,29,29,8915,1,0,0,1,1
2020-08-09,US,Kentucky,Cumberland,57,0,0,36.78926125,-85.39050034,21057.0,861.8082854550952,0.0,57,49,0,0,49,46,6659,8,0,0,8,3
2020-08-09,US,Kentucky,Daviess,765,9,0,37.73028906,-87.09019479999998,21059.0,753.6129089458285,1.1764705882352942,756,765,9,0,756,750,101104,0,0,0,0,15
2020-08-09,US,Kentucky,Edmonson,106,12,0,37.21218923,-86.23955613,21061.0,872.4279835390947,11.320754716981131,94,101,12,0,89,100,12274,5,0,0,5,1
2020-08-09,US,Kentucky,Elliott,11,0,0,38.11624059,-83.09771563,21063.0,146.33497405880004,0.0,11,11,0,0,11,8,7508,0,0,0,0,3
2020-08-09,US,Kentucky,Estill,22,0,0,37.69241417,-83.95956369,21065.0,155.96200198497093,0.0,22,21,0,0,21,18,14198,1,0,0,1,3
2020-08-09,US,Kentucky,Fayette,3120,47,0,38.0368225,-84.45576892,21067.0,965.4899242461752,1.5064102564102564,3073,3071,47,0,3024,2984,323780,49,0,0,49,87
2020-08-09,US,Kentucky,Fleming,59,0,0,38.36758311,-83.69657514,21069.0,404.6361703586859,0.0,59,58,0,0,58,58,14432,1,0,0,1,0
2020-08-09,US,Kentucky,Floyd,95,2,0,37.56213922,-82.74750924,21071.0,266.9364129365815,2.1052631578947367,93,94,2,0,92,94,35845,1,0,0,1,0
2020-08-09,US,Kentucky,Franklin,302,7,0,38.2379395,-84.87962551,21073.0,592.2613794591202,2.3178807947019866,295,296,7,0,289,291,50815,6,0,0,6,5
2020-08-09,US,Kentucky,Fulton,84,2,0,36.55238827,-89.20140068,21075.0,1407.2708996481824,2.380952380952381,82,79,2,0,77,75,6120,5,0,0,5,4
2020-08-09,US,Kentucky,Gallatin,80,7,0,38.75398691,-84.8558382,21077.0,902.0182658698841,8.75,73,79,7,0,72,79,8832,1,0,0,1,0
2020-08-09,US,Kentucky,Garrard,78,0,0,37.6388668,-84.53289319,21079.0,441.5260953243518,0.0,78,75,0,0,75,74,17560,3,0,0,3,1
2020-08-09,US,Kentucky,Grant,117,5,0,38.64962758,-84.62415957,21081.0,466.7118752243807,4.2735042735042725,112,115,5,0,110,112,25121,2,0,0,2,3
2020-08-09,US,Kentucky,Graves,558,24,0,36.72292505,-88.65143315,21083.0,1497.3434229592658,4.301075268817204,534,558,24,0,534,541,37317,0,0,0,0,17
2020-08-09,US,Kentucky,Grayson,201,11,0,37.46231118,-86.34248968,21085.0,760.5857645589737,5.472636815920398,190,197,11,0,186,194,26321,4,0,0,4,3
2020-08-09,US,Kentucky,Green,36,2,0,37.26484328,-85.5540745,21087.0,329.0375651220181,5.5555555555555545,34,31,2,0,29,31,11049,5,0,0,5,0
2020-08-09,US,Kentucky,Greenup,110,1,0,38.54332505,-82.9215658,21089.0,313.40817140577815,0.9090909090909092,109,110,1,0,109,106,35268,0,0,0,0,4
2020-08-09,US,Kentucky,Hancock,50,0,0,37.83766422,-86.78280584,21091.0,573.2630130703967,0.0,50,50,0,0,50,50,8758,0,0,0,0,0
2020-08-09,US,Kentucky,Hardin,619,8,0,37.6976111,-85.96319251,21093.0,557.8687431280305,1.292407108239095,611,604,8,0,596,576,110356,15,0,0,15,28
2020-08-09,US,Kentucky,Harlan,232,3,0,36.85699301,-83.21899516,21095.0,891.9646289888504,1.293103448275862,229,231,3,0,228,223,26409,1,0,0,1,8
2020-08-09,US,Kentucky,Harrison,121,0,0,38.44188174,-84.32869741,21097.0,640.6862225987504,0.0,121,121,0,0,121,119,18778,0,0,0,0,2
2020-08-09,US,Kentucky,Hart,99,0,0,37.29943898,-85.88461055,21099.0,520.0945626477542,0.0,99,96,0,0,96,93,18906,3,0,0,3,3
2020-08-09,US,Kentucky,Henderson,344,3,0,37.79344553,-87.57392021,21101.0,760.8936076089361,0.8720930232558141,341,343,3,0,340,337,45591,1,0,0,1,6
2020-08-09,US,Kentucky,Henry,120,2,0,38.44942688,-85.11587507,21103.0,744.1398983008804,1.6666666666666667,118,121,2,0,119,119,16106,-1,0,0,-1,2
2020-08-09,US,Kentucky,Hickman,48,0,0,36.67948079999999,-88.97875928,21105.0,1095.8904109589039,0.0,48,42,0,0,42,41,4421,6,0,0,6,1
2020-08-09,US,Kentucky,Hopkins,421,33,0,37.30939025,-87.54670406,21107.0,942.1295260260484,7.838479809976247,388,421,33,0,388,416,45068,0,0,0,0,5
2020-08-09,US,Kentucky,Jackson,150,14,0,37.41866422,-83.99825483,21109.0,1125.3657438667567,9.333333333333334,136,150,14,0,136,149,13442,0,0,0,0,1
2020-08-09,US,Kentucky,Jefferson,8084,237,0,38.18664655,-85.65931031,21111.0,1054.3105573212897,2.9317169717961407,7847,7984,237,0,7747,7823,770517,100,0,0,100,161
2020-08-09,US,Kentucky,Jessamine,340,0,0,37.87119786,-84.58252003,21113.0,628.2916012196249,0.0,340,340,0,0,340,337,53920,0,0,0,0,3
2020-08-09,US,Kentucky,Johnson,49,0,0,37.85106355,-82.8264322,21115.0,220.8400937443664,0.0,49,50,0,0,50,48,22386,-1,0,0,-1,2
2020-08-09,US,Kentucky,Kenton,1410,41,0,38.93950319,-84.53241199,21117.0,844.3214888801064,2.9078014184397163,1369,1402,41,0,1361,1378,166051,8,0,0,8,24
2020-08-09,US,Kentucky,Knott,57,1,0,37.35388197,-82.94981134,21119.0,384.9790625422126,1.7543859649122806,56,54,1,0,53,49,15126,3,0,0,3,5
2020-08-09,US,Kentucky,Knox,235,8,0,36.89225732,-83.85403396,21121.0,754.5352384010274,3.404255319148936,227,232,8,0,224,232,31304,3,0,0,3,0
2020-08-09,US,Kentucky,Larue,54,1,0,37.54567114,-85.70138352,21123.0,375.05209056813453,1.851851851851852,53,55,1,0,54,54,14307,-1,0,0,-1,1
2020-08-09,US,Kentucky,Laurel,433,5,0,37.10975748,-84.11321779,21125.0,712.0188117672208,1.1547344110854505,428,432,5,0,427,419,60669,1,0,0,1,13
2020-08-09,US,Kentucky,Lawrence,36,0,0,38.07136018,-82.72882223,21127.0,235.03296990272247,0.0,36,36,0,0,36,36,15571,0,0,0,0,0
2020-08-09,US,Kentucky,Lee,6,0,0,37.59645942,-83.71513901,21129.0,81.04822369309741,0.0,6,7,0,0,7,6,7033,-1,0,0,-1,1
2020-08-09,US,Kentucky,Leslie,30,0,0,37.09246661,-83.37999606,21131.0,303.7359522122102,0.0,30,30,0,0,30,28,10143,0,0,0,0,2
2020-08-09,US,Kentucky,Letcher,59,0,0,37.12306748,-82.85346474,21133.0,273.74379436737337,0.0,59,60,0,0,60,58,21899,-1,0,0,-1,2
2020-08-09,US,Kentucky,Lewis,41,0,0,38.53184419,-83.37735618,21135.0,308.85122410546137,0.0,41,40,0,0,40,38,13257,1,0,0,1,2
2020-08-09,US,Kentucky,Lincoln,105,1,0,37.45475628,-84.6565327,21137.0,427.71599657827204,0.9523809523809524,104,102,1,0,101,101,24644,3,0,0,3,1
2020-08-09,US,Kentucky,Livingston,35,1,0,37.21137452,-88.34797529,21139.0,380.68305416576027,2.8571428571428568,34,33,1,0,32,33,9242,2,0,0,2,0
2020-08-09,US,Kentucky,Logan,328,23,0,36.85949479,-86.877635,21141.0,1210.2427865102204,7.012195121951219,305,327,23,0,304,320,26989,1,0,0,1,7
2020-08-09,US,Kentucky,Lyon,32,4,0,37.02080035,-88.07886257,21143.0,389.768574908648,12.5,28,33,4,0,29,34,8009,-1,0,0,-1,-1
2020-08-09,US,Kentucky,Madison,505,1,0,37.71659336,-84.27220275,21151.0,543.0866680288642,0.19801980198019806,504,492,1,0,491,456,92368,13,0,0,13,36
2020-08-09,US,Kentucky,Magoffin,39,0,0,37.70820545,-83.0657714,21153.0,320.69731107639177,0.0,39,39,0,0,39,34,12362,0,0,0,0,5
2020-08-09,US,Kentucky,Marion,119,0,0,37.55218078,-85.26898542,21155.0,617.4440927722721,0.0,119,121,0,0,121,120,19404,-2,0,0,-2,1
2020-08-09,US,Kentucky,Marshall,137,2,0,36.88007070000001,-88.32803576,21157.0,440.51446945337614,1.45985401459854,135,137,2,0,135,137,31191,0,0,0,0,0
2020-08-09,US,Kentucky,Martin,36,0,0,37.79990579,-82.51247478,21159.0,321.5721304153641,0.0,36,36,0,0,36,35,11323,0,0,0,0,1
2020-08-09,US,Kentucky,Mason,54,1,0,38.59471935,-83.82151043,21161.0,316.3444639718805,1.851851851851852,53,54,1,0,53,53,17150,0,0,0,0,1
2020-08-09,US,Kentucky,McCracken,366,4,0,37.05350953,-88.70445755,21145.0,559.4790424653766,1.0928961748633879,362,366,4,0,362,365,65346,0,0,0,0,1
2020-08-09,US,Kentucky,McCreary,40,0,0,36.73874143,-84.48102924,21147.0,232.1397481283733,0.0,40,38,0,0,38,37,17408,2,0,0,2,1
2020-08-09,US,Kentucky,McLean,42,1,0,37.5301951,-87.26803443,21149.0,456.1746497230368,2.380952380952381,41,42,1,0,41,42,9252,0,0,0,0,0
2020-08-09,US,Kentucky,Meade,94,2,0,37.96163597,-86.21028219,21163.0,328.99342013159736,2.127659574468085,92,99,2,0,97,100,28715,-5,0,0,-5,-1
2020-08-09,US,Kentucky,Menifee,28,0,0,37.94090733,-83.59985712,21165.0,431.4994606256742,0.0,28,28,0,0,28,28,6451,0,0,0,0,0
2020-08-09,US,Kentucky,Mercer,83,0,0,37.81474237,-84.87488475,21167.0,378.42520403045637,0.0,83,82,0,0,82,81,21774,1,0,0,1,1
2020-08-09,US,Kentucky,Metcalfe,60,2,0,36.99459295,-85.63123699,21169.0,595.7700327673517,3.333333333333333,58,58,2,0,56,57,10030,2,0,0,2,1
2020-08-09,US,Kentucky,Monroe,94,2,0,36.71225341,-85.71596443,21171.0,882.6291079812205,2.127659574468085,92,94,2,0,92,93,10718,0,0,0,0,1
2020-08-09,US,Kentucky,Montgomery,121,0,0,38.03253032,-83.9145241,21173.0,429.7332812444509,0.0,121,120,0,0,120,120,28203,1,0,0,1,0
2020-08-09,US,Kentucky,Morgan,31,0,0,37.92465657,-83.25558245,21175.0,232.92508828612216,0.0,31,31,0,0,31,32,13345,0,0,0,0,-1
2020-08-09,US,Kentucky,Muhlenberg,626,11,0,37.21425819,-87.14632053,21177.0,2044.2818888380905,1.757188498402556,615,620,11,0,609,619,30774,6,0,0,6,1
2020-08-09,US,Kentucky,Nelson,216,2,0,37.80335779,-85.4657193,21179.0,467.1987541366557,0.925925925925926,214,215,2,0,213,207,45851,1,0,0,1,8
2020-08-09,US,Kentucky,Nicholas,20,0,0,38.33342292,-84.01889177,21181.0,275.14100976750586,0.0,20,20,0,0,20,20,7166,0,0,0,0,0
2020-08-09,US,Kentucky,Ohio,356,8,0,37.47751843,-86.85368087,21183.0,1483.7042593981828,2.247191011235955,348,358,8,0,350,353,24087,-2,0,0,-2,5
2020-08-09,US,Kentucky,Oldham,632,15,0,38.39791089,-85.448222,21185.0,946.1219479333523,2.373417721518988,617,620,15,0,605,612,66470,12,0,0,12,8
2020-08-09,US,Kentucky,Owen,48,0,0,38.51679143,-84.82404619,21187.0,440.3265755435281,0.0,48,48,0,0,48,46,10880,0,0,0,0,2
2020-08-09,US,Kentucky,Owsley,12,0,0,37.42823949,-83.68811419,21189.0,271.8006795016988,0.0,12,13,0,0,13,13,4472,-1,0,0,-1,0
2020-08-09,US,Kentucky,Pendleton,44,0,0,38.69607718,-84.35599463,21191.0,301.5764222069912,0.0,44,45,0,0,45,45,14529,-1,0,0,-1,0
2020-08-09,US,Kentucky,Perry,224,3,0,37.25023553,-83.22922731,21193.0,869.6327354608278,1.3392857142857142,221,222,3,0,219,213,26092,2,0,0,2,9
2020-08-09,US,Kentucky,Pike,249,3,0,37.47088263,-82.39487445,21195.0,430.2301472112793,1.2048192771084338,246,250,3,0,247,233,58402,-1,0,0,-1,17
2020-08-09,US,Kentucky,Powell,53,0,0,37.83218794,-83.82553961,21197.0,428.837284569949,0.0,53,53,0,0,53,53,12442,0,0,0,0,0
2020-08-09,US,Kentucky,Pulaski,298,5,0,37.10466131,-84.57629079,21199.0,458.60970467381765,1.6778523489932886,293,279,4,0,275,268,64623,19,1,0,18,11
2020-08-09,US,Kentucky,Robertson,3,0,0,38.51923469,-84.05055616,21201.0,142.31499051233396,0.0,3,3,0,0,3,3,2135,0,0,0,0,0
2020-08-09,US,Kentucky,Rockcastle,71,0,0,37.36642393,-84.31176452,21203.0,425.27702905061403,0.0,71,69,0,0,69,65,16750,2,0,0,2,4
2020-08-09,US,Kentucky,Rowan,70,0,0,38.19484205,-83.42088935,21205.0,286.18152085036814,0.0,70,69,0,0,69,70,24583,1,0,0,1,-1
2020-08-09,US,Kentucky,Russell,108,5,0,36.99308373,-85.06070117,21207.0,602.5776934664956,4.62962962962963,103,108,5,0,103,102,17821,0,0,0,0,6
2020-08-09,US,Kentucky,Scott,377,0,0,38.29622293,-84.5816631,21209.0,661.3570977475265,0.0,377,373,0,0,373,362,56031,4,0,0,4,11
2020-08-09,US,Kentucky,Shelby,773,21,0,38.21476019,-85.194223,21211.0,1576.778720626632,2.7166882276843465,752,770,21,0,749,740,48518,3,0,0,3,30
2020-08-09,US,Kentucky,Simpson,150,7,0,36.74058474,-86.58047435,21213.0,807.6674563859572,4.666666666666667,143,149,7,0,142,147,18529,1,0,0,1,2
2020-08-09,US,Kentucky,Spencer,120,0,0,38.03223971,-85.32749335,21215.0,620.1229910598936,0.0,120,113,0,0,113,111,18794,7,0,0,7,2
2020-08-09,US,Kentucky,Taylor,131,2,0,37.3677562,-85.3329931,21217.0,508.3627614575653,1.5267175572519085,129,113,2,0,111,107,25549,18,0,0,18,6
2020-08-09,US,Kentucky,Todd,35,0,0,36.8381152,-87.17878374,21219.0,284.691719537986,0.0,35,35,0,0,35,34,12311,0,0,0,0,1
2020-08-09,US,Kentucky,Trigg,54,0,0,36.80767017,-87.87333656,21221.0,368.57552385502714,0.0,54,53,0,0,53,55,14643,1,0,0,1,-2
2020-08-09,US,Kentucky,Trimble,32,0,0,38.61056487,-85.33775972,21223.0,377.7594144729076,0.0,32,33,0,0,33,33,8515,-1,0,0,-1,0
2020-08-09,US,Kentucky,Union,65,0,0,37.66166713,-87.94300009,21225.0,451.9852583269591,0.0,65,65,0,0,65,65,14505,0,0,0,0,0
2020-08-09,US,Kentucky,Warren,2630,22,0,36.99903045,-86.42672751,21227.0,1978.9910907777507,0.8365019011406845,2608,2617,22,0,2595,2580,131264,13,0,0,13,37
2020-08-09,US,Kentucky,Washington,85,0,0,37.75599461,-85.17407732,21229.0,702.7697395618028,0.0,85,80,0,0,80,76,12084,5,0,0,5,4
2020-08-09,US,Kentucky,Wayne,66,0,0,36.80310688,-84.8251971,21231.0,324.59548517188813,0.0,66,54,0,0,54,53,20468,12,0,0,12,1
2020-08-09,US,Kentucky,Webster,88,1,0,37.52168356,-87.67989953,21233.0,679.9567300262711,1.1363636363636365,87,88,1,0,87,88,13111,0,0,0,0,0
2020-08-09,US,Kentucky,Whitley,163,1,0,36.75700531,-84.14541217,21235.0,449.4815795279065,0.6134969325153374,162,167,1,0,166,161,36242,-4,0,0,-4,6
2020-08-09,US,Kentucky,Wolfe,14,0,0,37.73941626,-83.49303612,21237.0,195.61268687997762,0.0,14,14,0,0,14,13,7177,0,0,0,0,1
2020-08-09,US,Kentucky,Woodford,155,0,0,38.04178222,-84.7417556,21239.0,579.7860402483727,0.0,155,155,0,0,155,149,26533,0,0,0,0,6
2020-08-09,US,Louisiana,Acadia,2598,83,0,30.2950649,-92.41419698,22001.0,4187.283423321783,3.1947652040030783,2515,2570,79,0,2491,2570,62190,28,4,0,24,0
2020-08-09,US,Louisiana,Allen,1276,29,0,30.65385745,-92.82442028,22003.0,4979.123580598587,2.272727272727273,1247,1245,29,0,1216,1245,25605,31,0,0,31,0
2020-08-09,US,Louisiana,Ascension,2871,74,0,30.20406249,-90.91328409999998,22005.0,2267.700862531989,2.577499129223267,2797,2798,71,0,2727,2798,124672,73,3,0,70,0
2020-08-09,US,Louisiana,Assumption,584,20,0,29.89946234,-91.06461642,22007.0,2667.763007628706,3.4246575342465757,564,577,20,0,557,577,22300,7,0,0,7,0
2020-08-09,US,Louisiana,Avoyelles,1070,32,0,31.07796211,-92.00079449,22009.0,2665.404543642885,2.9906542056074765,1038,1021,31,0,990,1021,40462,49,1,0,48,0
2020-08-09,US,Louisiana,Beauregard,833,18,0,30.64836518,-93.34173616,22011.0,2221.511054217671,2.1608643457382954,815,819,17,0,802,819,37253,14,1,0,13,0
2020-08-09,US,Louisiana,Bienville,381,30,0,32.34569994,-93.05398492,22013.0,2877.4261762706733,7.874015748031495,351,364,30,0,334,364,13308,17,0,0,17,0
2020-08-09,US,Louisiana,Bossier,2333,81,0,32.67932307,-93.60460152,22015.0,1836.4439266681884,3.4719245606515217,2252,2311,79,0,2232,2311,127185,22,2,0,20,0
2020-08-09,US,Louisiana,Caddo,6668,295,0,32.57991587,-93.88375652,22017.0,2775.973755641038,4.424115176964607,6373,6610,293,0,6317,6610,242922,58,2,0,56,0
2020-08-09,US,Louisiana,Calcasieu,6815,146,0,30.22931235,-93.35400434,22019.0,3349.9478951611322,2.1423330887747616,6669,6752,146,0,6606,6752,203112,63,0,0,63,0
2020-08-09,US,Louisiana,Caldwell,218,2,0,32.0902519,-92.11752148,22021.0,2198.0237951199842,0.9174311926605504,216,212,2,0,210,212,9960,6,0,0,6,0
2020-08-09,US,Louisiana,Cameron,168,0,0,29.87592238,-93.19310676,22023.0,2409.2929872364834,0.0,168,167,0,0,167,167,6968,1,0,0,1,0
2020-08-09,US,Louisiana,Catahoula,293,5,0,31.66778967,-91.84526385,22025.0,3086.159679797767,1.706484641638225,288,280,5,0,275,280,9608,13,0,0,13,0
2020-08-09,US,Louisiana,Claiborne,274,11,0,32.82308512,-92.99526883,22027.0,1748.5641352903638,4.014598540145985,263,251,11,0,240,251,15944,23,0,0,23,0
2020-08-09,US,Louisiana,Concordia,327,9,0,31.44817835,-91.63814433,22029.0,1697.9074718313516,2.7522935779816518,318,303,9,0,294,303,19572,24,0,0,24,0
2020-08-09,US,Louisiana,De Soto,722,26,0,32.05457447,-93.74130302,22031.0,2628.9917343334673,3.601108033240997,696,710,26,0,684,710,27436,12,0,0,12,0
2020-08-09,US,Louisiana,East Baton Rouge,12187,347,0,30.53842039,-91.09777565,22033.0,2769.40137572462,2.847296299335357,11840,11946,344,0,11602,11946,440956,241,3,0,238,0
2020-08-09,US,Louisiana,East Carroll,519,1,0,32.73926954,-91.23425694,22035.0,7564.494971578488,0.1926782273603083,518,518,1,0,517,518,7037,1,0,0,1,0
2020-08-09,US,Louisiana,East Feliciana,587,36,0,30.84425359,-91.04976723,22037.0,3067.6770316174548,6.132879045996593,551,567,36,0,531,567,19305,20,0,0,20,0
2020-08-09,US,Louisiana,Evangeline,895,7,0,30.72985248,-92.39915924,22039.0,2680.0419224434795,0.7821229050279329,888,861,4,0,857,861,33443,34,3,0,31,0
2020-08-09,US,Louisiana,Franklin,934,17,0,32.13675181,-91.67589857,22041.0,4666.500124906321,1.820128479657388,917,896,17,0,879,896,20156,38,0,0,38,0
2020-08-09,US,Louisiana,Grant,306,18,0,31.59882456,-92.56124347,22043.0,1366.742596810934,5.882352941176472,288,298,16,0,282,298,22482,8,2,0,6,0
2020-08-09,US,Louisiana,Iberia,2532,72,0,29.86803617,-91.75871777,22045.0,3625.9487326364033,2.8436018957345968,2460,2450,70,0,2380,2450,70941,82,2,0,80,0
2020-08-09,US,Louisiana,Iberville,1237,48,0,30.25734305,-91.3499598,22047.0,3804.866045338501,3.8803556992724335,1189,1219,47,0,1172,1219,32721,18,1,0,17,0
2020-08-09,US,Louisiana,Jackson,376,18,0,32.30251776,-92.55692092,22049.0,2388.211382113821,4.787234042553191,358,368,18,0,350,368,15902,8,0,0,8,0
2020-08-09,US,Louisiana,Jefferson,15279,529,0,29.74075478,-90.11115756,22051.0,3532.7739408499096,3.462268473067609,14750,15103,523,0,14580,15103,434051,176,6,0,170,0
2020-08-09,US,Louisiana,Jefferson Davis,1024,28,0,30.26896765,-92.81210004,22053.0,3264.4733486355517,2.734375,996,1005,26,0,979,1005,31582,19,2,0,17,0
2020-08-09,US,Louisiana,LaSalle,305,2,0,31.67884782,-92.15907765,22059.0,2048.079505774913,0.6557377049180327,303,283,2,0,281,283,14917,22,0,0,22,0
2020-08-09,US,Louisiana,Lafayette,7628,93,0,30.2049055,-92.06959876,22055.0,3121.2406399607185,1.2191924488725747,7535,7468,91,0,7377,7468,242782,160,2,0,158,0
2020-08-09,US,Louisiana,Lafourche,2800,99,0,29.52470226,-90.40976986,22057.0,2868.441002315242,3.5357142857142856,2701,2759,97,0,2662,2759,98115,41,2,0,39,0
2020-08-09,US,Louisiana,Lincoln,797,31,0,32.6003154,-92.6659741,22061.0,1705.104616832827,3.889585947302384,766,766,29,0,737,766,47196,31,2,0,29,0
2020-08-09,US,Louisiana,Livingston,2924,51,0,30.44143993,-90.73061664,22063.0,2076.8668006733483,1.7441860465116281,2873,2845,51,0,2794,2845,139567,79,0,0,79,0
2020-08-09,US,Louisiana,Madison,613,6,0,32.36918118,-91.23973355,22065.0,5597.662313943932,0.9787928221859706,607,609,6,0,603,609,11161,4,0,0,4,0
2020-08-09,US,Louisiana,Morehouse,529,11,0,32.81686191,-91.80421614,22067.0,2126.718662056766,2.0793950850661624,518,494,11,0,483,494,25398,35,0,0,35,0
2020-08-09,US,Louisiana,Natchitoches,773,17,0,31.72321584,-93.09816516,22069.0,2025.787515068924,2.1992238033635187,756,761,17,0,744,761,38659,12,0,0,12,0
2020-08-09,US,Louisiana,Orleans,10735,562,0,30.06971951,-89.92660315,22071.0,2751.548146325459,5.2352119236143455,10173,10637,562,0,10075,10637,391006,98,0,0,98,0
2020-08-09,US,Louisiana,Ouachita,4870,113,0,32.47645559,-92.15704172,22073.0,3177.212794968652,2.320328542094456,4757,4787,111,0,4676,4787,154475,83,2,0,81,0
2020-08-09,US,Louisiana,Plaquemines,458,19,0,29.42245447,-89.60322085,22075.0,1974.393240505237,4.148471615720524,439,451,19,0,432,451,23410,7,0,0,7,0
2020-08-09,US,Louisiana,Pointe Coupee,791,32,0,30.71409502,-91.60209535,22077.0,3640.12885411873,4.04551201011378,759,780,32,0,748,780,21940,11,0,0,11,0
2020-08-09,US,Louisiana,Rapides,3290,114,0,31.19778499,-92.52997303,22079.0,2537.6403801061333,3.465045592705167,3176,3223,114,0,3109,3223,130562,67,0,0,67,0
2020-08-09,US,Louisiana,Red River,238,12,0,32.09530039,-93.34213308,22081.0,2819.2371475953564,5.042016806722689,226,212,11,0,201,212,8477,26,1,0,25,0
2020-08-09,US,Louisiana,Richland,601,7,0,32.41391005,-91.76634876,22083.0,2986.780638107544,1.1647254575707155,594,586,7,0,579,586,20192,15,0,0,15,0
2020-08-09,US,Louisiana,Sabine,645,10,0,31.56388699,-93.55433981,22085.0,2700.5526712443475,1.5503875968992251,635,622,10,0,612,622,24032,23,0,0,23,0
2020-08-09,US,Louisiana,St. Bernard,1103,24,0,29.87761636,-89.51887093,22087.0,2334.688002709339,2.1758839528558482,1079,1091,24,0,1067,1091,46721,12,0,0,12,0
2020-08-09,US,Louisiana,St. Charles,1474,52,0,29.90709658,-90.35555967,22089.0,2775.8945386064033,3.5278154681139755,1422,1442,51,0,1391,1442,52879,32,1,0,31,0
2020-08-09,US,Louisiana,St. Helena,264,2,0,30.82210324,-90.71013176,22091.0,2605.6060007895776,0.7575757575757576,262,258,1,0,257,258,10262,6,1,0,5,0
2020-08-09,US,Louisiana,St. James,716,32,0,30.02531716,-90.80212061,22093.0,3394.0083428138037,4.46927374301676,684,693,32,0,661,693,21037,23,0,0,23,0
2020-08-09,US,Louisiana,St. John the Baptist,1424,92,0,30.12597499,-90.4753503,22095.0,3324.229054322198,6.46067415730337,1332,1403,92,0,1311,1403,43184,21,0,0,21,0
2020-08-09,US,Louisiana,St. Landry,2727,86,0,30.59724262,-92.00135806,22097.0,3320.588378549511,3.153648698203153,2641,2631,85,0,2546,2631,82764,96,1,0,95,0
2020-08-09,US,Louisiana,St. Martin,1711,45,0,30.13112107,-91.61403569,22099.0,3202.260859800491,2.6300409117475163,1666,1616,43,0,1573,1616,53621,95,2,0,93,0
2020-08-09,US,Louisiana,St. Mary,1597,54,0,29.69262097,-91.44702164,22101.0,3236.20004863419,3.3813400125234816,1543,1543,52,0,1491,1543,49774,54,2,0,52,0
2020-08-09,US,Louisiana,St. Tammany,5229,214,0,30.40942847,-89.95642711,22103.0,2007.9180090546383,4.092560719066744,5015,5086,211,0,4875,5086,258111,143,3,0,140,0
2020-08-09,US,Louisiana,Tangipahoa,3477,75,0,30.62888673,-90.40664996,22105.0,2580.180768488698,2.157031924072476,3402,3397,72,0,3325,3397,133777,80,3,0,77,0
2020-08-09,US,Louisiana,Tensas,88,0,0,32.00760749,-91.32915234,22107.0,2030.4568527918784,0.0,88,70,0,0,70,70,4462,18,0,0,18,0
2020-08-09,US,Louisiana,Terrebonne,3035,85,0,29.37343766,-90.82626855,22109.0,2747.57606757136,2.8006589785831957,2950,2986,85,0,2901,2986,111021,49,0,0,49,0
2020-08-09,US,Louisiana,Unassigned,253,118,0,0.0,0.0,90022.0,0.0,46.6403162055336,135,213,118,0,95,213,,40,0,0,40,0
2020-08-09,US,Louisiana,Union,706,33,0,32.83121059,-92.3749373,22111.0,3193.4141487244437,4.674220963172805,673,675,33,0,642,675,22330,31,0,0,31,0
2020-08-09,US,Louisiana,Vermilion,1582,24,0,29.83517605,-92.30292538,22113.0,2658.332073062123,1.5170670037926677,1558,1529,24,0,1505,1529,59830,53,0,0,53,0
2020-08-09,US,Louisiana,Vernon,768,28,0,31.10884837,-93.18153838,22115.0,1619.2624765438864,3.6458333333333335,740,748,27,0,721,748,48860,20,1,0,19,0
2020-08-09,US,Louisiana,Washington,1265,58,0,30.85288548,-90.03866652,22117.0,2738.4508810668053,4.58498023715415,1207,1247,58,0,1189,1247,46582,18,0,0,18,0
2020-08-09,US,Louisiana,Webster,893,14,0,32.70847669,-93.33121835,22119.0,2329.1601460615548,1.5677491601343785,879,868,14,0,854,868,38798,25,0,0,25,0
2020-08-09,US,Louisiana,West Baton Rouge,720,37,0,30.46058217,-91.30989571,22121.0,2720.574343472511,5.138888888888889,683,701,37,0,664,701,26427,19,0,0,19,0
2020-08-09,US,Louisiana,West Carroll,293,6,0,32.78550125,-91.461201,22123.0,2705.4478301015697,2.04778156996587,287,287,5,0,282,287,10982,6,1,0,5,0
2020-08-09,US,Louisiana,West Feliciana,347,16,0,30.87882871,-91.4148538,22125.0,2228.931140801644,4.610951008645533,331,345,16,0,329,345,15460,2,0,0,2,0
2020-08-09,US,Louisiana,Winn,423,7,0,31.94449367,-92.63789413,22127.0,3042.28998849252,1.6548463356973997,416,413,7,0,406,413,14134,10,0,0,10,0
2020-08-09,US,Maine,Androscoggin,563,8,0,44.1664747,-70.20380627,23001.0,519.9626882902187,1.4209591474245116,555,558,8,0,550,558,107679,5,0,0,5,0
2020-08-09,US,Maine,Aroostook,33,1,0,46.65926321,-68.59841248,23003.0,49.21333233912461,3.0303030303030303,32,33,1,0,32,33,67111,0,0,0,0,0
2020-08-09,US,Maine,Cumberland,2088,69,0,43.8370751,-70.37226999,23005.0,707.7894123110613,3.3045977011494254,2019,2082,69,0,2013,2075,293557,6,0,0,6,7
2020-08-09,US,Maine,Franklin,45,1,0,44.97330019,-70.44381045,23007.0,149.01155667406206,2.2222222222222223,44,45,1,0,44,45,29897,0,0,0,0,0
2020-08-09,US,Maine,Hancock,35,1,0,44.59816444,-68.38401854,23009.0,63.65140851473985,2.8571428571428568,34,35,1,0,34,35,54811,0,0,0,0,0
2020-08-09,US,Maine,Kennebec,170,11,0,44.40759555,-69.76738544,23011.0,139.00017988258574,6.470588235294117,159,170,11,0,159,170,122083,0,0,0,0,0
2020-08-09,US,Maine,Knox,27,1,0,44.11486325,-69.10529169,23013.0,67.88695564718898,3.703703703703704,26,28,1,0,27,27,39771,-1,0,0,-1,1
2020-08-09,US,Maine,Lincoln,35,1,0,44.05996956,-69.54227124,23015.0,101.05676502858464,2.8571428571428568,34,35,1,0,34,34,34342,0,0,0,0,1
2020-08-09,US,Maine,Oxford,53,0,0,44.49952995,-70.75682123,23017.0,91.41871496334629,0.0,53,53,0,0,53,53,57618,0,0,0,0,0
2020-08-09,US,Maine,Penobscot,152,5,0,45.40194593,-68.65020455,23019.0,99.90272629282015,3.2894736842105265,147,152,5,0,147,152,151096,0,0,0,0,0
2020-08-09,US,Maine,Piscataquis,4,0,0,45.83839062,-69.2860223,23021.0,23.83080131069407,0.0,4,3,0,0,3,3,16800,1,0,0,1,0
2020-08-09,US,Maine,Sagadahoc,56,0,0,43.95415864,-69.85074999,23023.0,156.1802766622044,0.0,56,55,0,0,55,54,35634,1,0,0,1,1
2020-08-09,US,Maine,Somerset,33,1,0,45.51229767,-69.95995554,23025.0,65.36724506774425,3.0303030303030303,32,33,1,0,32,33,50592,0,0,0,0,0
2020-08-09,US,Maine,Unassigned,2,0,0,0.0,0.0,90023.0,0.0,0.0,2,2,0,0,2,2,,0,0,0,0,0
2020-08-09,US,Maine,Waldo,62,14,0,44.4858305,-69.12061935,23027.0,156.11230013848672,22.580645161290327,48,62,14,0,48,62,39694,0,0,0,0,0
2020-08-09,US,Maine,Washington,13,0,0,45.01607142,-67.62813524,23029.0,41.42898116574779,0.0,13,12,0,0,12,12,31490,1,0,0,1,0
2020-08-09,US,Maine,York,673,12,0,43.47808377,-70.71052375,23031.0,324.117105966548,1.7830609212481427,661,670,12,0,658,668,206229,3,0,0,3,2
2020-08-09,US,Maryland,Allegany,291,18,0,39.62357628,-78.69280486,24001.0,413.25835037491476,6.185567010309278,273,287,18,0,269,280,70975,4,0,0,4,7
2020-08-09,US,Maryland,Anne Arundel,7361,225,0,39.00670238,-76.60329337,24003.0,1270.8162849556486,3.0566499116967805,7136,7295,222,0,7073,7243,576031,66,3,0,63,52
2020-08-09,US,Maryland,Baltimore,13257,563,0,39.45784712,-76.62911955,24005.0,1602.3061024692706,4.246813004450479,12694,13060,561,0,12499,12915,828431,197,2,0,195,145
2020-08-09,US,Maryland,Baltimore City,12547,428,0,39.30211911,-76.61151012,24510.0,2114.1047026908627,3.411173985813342,12119,12375,428,0,11947,12239,621342,172,0,0,172,136
2020-08-09,US,Maryland,Calvert,697,28,0,38.53961642,-76.56820632,24009.0,753.3099162388544,4.017216642754663,669,685,28,0,657,672,92003,12,0,0,12,13
2020-08-09,US,Maryland,Caroline,451,3,0,38.87172293,-75.82904158,24011.0,1350.0568760102976,0.6651884700665188,448,445,3,0,442,445,33304,6,0,0,6,0
2020-08-09,US,Maryland,Carroll,1546,117,0,39.56453592,-77.02373735,24013.0,917.7961020380296,7.567917205692107,1429,1537,117,0,1420,1530,168429,9,0,0,9,7
2020-08-09,US,Maryland,Cecil,702,30,0,39.56647682,-75.94627411,24015.0,682.5142190462301,4.2735042735042725,672,698,30,0,668,689,102826,4,0,0,4,9
2020-08-09,US,Maryland,Charles,2024,91,0,38.51092331,-76.98580666,24017.0,1239.7630729463365,4.496047430830039,1933,2000,91,0,1909,1983,161503,24,0,0,24,17
2020-08-09,US,Maryland,Dorchester,371,5,0,38.45413522,-76.02752426,24019.0,1161.953083403802,1.3477088948787062,366,371,5,0,366,365,31998,0,0,0,0,6
2020-08-09,US,Maryland,Frederick,3067,121,0,39.47296601,-77.39999394,24021.0,1181.6742247068933,3.945223345288555,2946,3055,121,0,2934,3050,255648,12,0,0,12,5
2020-08-09,US,Maryland,Garrett,49,0,0,39.52786077,-79.27355126,24023.0,168.88398704073896,0.0,49,49,0,0,49,46,29163,0,0,0,0,3
2020-08-09,US,Maryland,Harford,1968,69,0,39.55010644,-76.30775940000002,24025.0,770.4323111794896,3.506097560975609,1899,1934,69,0,1865,1922,253956,34,0,0,34,12
2020-08-09,US,Maryland,Howard,3846,110,0,39.25305293,-76.93126208,24027.0,1180.8775215695907,2.860114404576183,3736,3809,110,0,3699,3779,323196,37,0,0,37,30
2020-08-09,US,Maryland,Kent,243,23,0,39.24976208,-76.04741541,24029.0,1251.1584800741427,9.465020576131687,220,239,23,0,216,238,19383,4,0,0,4,1
2020-08-09,US,Maryland,Montgomery,18392,803,0,39.13676329,-77.20358245,24031.0,1750.4720716330633,4.366028708133971,17589,18260,802,0,17458,18139,1052567,132,1,0,131,121
2020-08-09,US,Maryland,Prince George's,23697,753,0,38.83070039,-76.8496441,24033.0,2605.9932235598417,3.177617419926573,22944,23554,751,0,22803,23372,909308,143,2,0,141,182
2020-08-09,US,Maryland,Queen Anne's,431,25,0,39.06198912,-76.03530977,24035.0,855.4812330045056,5.8004640371229685,406,422,25,0,397,420,50251,9,0,0,9,2
2020-08-09,US,Maryland,Somerset,136,3,0,38.1163542,-75.75118623,24039.0,530.9181761399126,2.2058823529411766,133,134,3,0,131,133,25675,2,0,0,2,1
2020-08-09,US,Maryland,St. Mary's,983,52,0,38.30058422,-76.60629279999998,24037.0,866.0029953308078,5.289928789420141,931,965,52,0,913,962,112664,18,0,0,18,3
2020-08-09,US,Maryland,Talbot,400,4,0,38.76618159,-76.10882561,24041.0,1075.8182942900944,1.0,396,394,4,0,390,384,36968,6,0,0,6,10
2020-08-09,US,Maryland,Unassigned,0,18,0,0.0,0.0,90024.0,0.0,0.0,-18,0,18,0,-18,0,,0,0,0,0,0
2020-08-09,US,Maryland,Washington,1012,31,0,39.60835778,-77.82002295,24043.0,669.9812643579237,3.063241106719368,981,1007,31,0,976,1003,150926,5,0,0,5,4
2020-08-09,US,Maryland,Wicomico,1338,45,0,38.37301947,-75.62705831,24045.0,1291.3936048026715,3.363228699551569,1293,1324,45,0,1279,1322,103195,14,0,0,14,2
2020-08-09,US,Maryland,Worcester,694,20,0,38.21274277,-75.33200012,24047.0,1327.569056546025,2.8818443804034577,674,682,20,0,662,675,51823,12,0,0,12,7
2020-08-09,US,Massachusetts,Barnstable,1800,158,0,41.72980578,-70.28854339,25001.0,845.1100990656837,8.777777777777779,1642,1798,158,0,1640,1794,213413,2,0,0,2,4
2020-08-09,US,Massachusetts,Berkshire,668,46,0,42.37428441,-73.20524838,25003.0,534.6395185042899,6.886227544910179,622,667,46,0,621,667,126348,1,0,0,1,0
2020-08-09,US,Massachusetts,Bristol,9355,634,0,41.79228404,-71.10872211,25005.0,1655.1165304652902,6.777124532335648,8721,9324,632,0,8692,9295,564022,31,2,0,29,29
2020-08-09,US,Massachusetts,Dukes and Nantucket,103,1,0,41.40674725,-70.68763497,0.0,358.49778984372284,0.9708737864077671,102,102,1,0,101,102,26707,1,0,0,1,0
2020-08-09,US,Massachusetts,Essex,17846,1193,0,42.6687626,-70.94687179,25009.0,2261.7529789590812,6.684971422167433,16653,17789,1192,0,16597,17699,790638,57,1,0,56,90
2020-08-09,US,Massachusetts,Franklin,411,61,0,42.58119713,-72.58602547,25011.0,585.6369335993161,14.841849148418493,350,411,61,0,350,410,70963,0,0,0,0,1
2020-08-09,US,Massachusetts,Hampden,7600,707,0,42.13440424,-72.63235561,25013.0,1629.6004048270481,9.302631578947368,6893,7582,704,0,6878,7556,470406,18,3,0,15,26
2020-08-09,US,Massachusetts,Hampshire,1174,129,0,42.33997957,-72.65898478,25015.0,729.9633153018715,10.988074957410564,1045,1170,129,0,1041,1162,161355,4,0,0,4,8
2020-08-09,US,Massachusetts,Middlesex,26420,2003,0,42.48607732,-71.39049229,25017.0,1639.2639072184077,7.581377744133233,24417,26345,2002,0,24343,26254,1614714,75,1,0,74,91
2020-08-09,US,Massachusetts,Norfolk,10614,997,0,42.16073095,-71.20530408,25021.0,1501.7509108273496,9.393254192575844,9617,10601,997,0,9604,10554,705388,13,0,0,13,47
2020-08-09,US,Massachusetts,Plymouth,9245,721,0,41.94070556,-70.80802823,25023.0,1773.7844444188627,7.798810167658193,8524,9226,720,0,8506,9212,518132,19,1,0,18,14
2020-08-09,US,Massachusetts,Suffolk,21849,1074,0,42.327951399999996,-71.07850442,25025.0,2717.851691800171,4.915556776053824,20775,21778,1073,0,20705,21717,807252,71,1,0,70,61
2020-08-09,US,Massachusetts,Unassigned,325,6,0,0.0,0.0,90025.0,0.0,1.8461538461538465,319,316,6,0,310,314,,9,0,0,9,2
2020-08-09,US,Massachusetts,Worcester,13630,1005,0,42.35026951,-71.90493363,25027.0,1640.9389589969926,7.373440939104916,12625,13602,1000,0,12602,13555,830839,28,5,0,23,47
2020-08-09,US,Michigan,Alcona,29,1,0,44.6846864,-83.59507875,26001.0,278.71215761653053,3.4482758620689653,28,28,1,0,27,28,10362,1,0,0,1,0
2020-08-09,US,Michigan,Alger,11,0,0,46.41292944,-86.60260122,26003.0,120.77294685990341,0.0,11,11,0,0,11,9,9097,0,0,0,0,2
2020-08-09,US,Michigan,Allegan,529,6,0,42.59147037,-85.89102866,26005.0,447.9975609962654,1.1342155009451795,523,522,7,0,515,510,117327,7,-1,0,8,12
2020-08-09,US,Michigan,Alpena,128,13,0,45.03477666,-83.62212411,26007.0,450.62488998415773,10.15625,115,128,13,0,115,127,28360,0,0,0,0,1
2020-08-09,US,Michigan,Antrim,41,0,0,44.99690221,-85.15503082,26009.0,175.78459955410736,0.0,41,41,0,0,41,41,23365,0,0,0,0,0
2020-08-09,US,Michigan,Arenac,42,3,0,44.0636262,-83.89277559,26011.0,282.2011691191292,7.142857142857142,39,41,3,0,38,41,15041,1,0,0,1,0
2020-08-09,US,Michigan,Baraga,5,0,0,46.6720582,-88.36363591,26013.0,60.9087586794981,0.0,5,5,0,0,5,5,8320,0,0,0,0,0
2020-08-09,US,Michigan,Barry,181,2,0,42.59513984,-85.30834519,26015.0,294.0698619008936,1.1049723756906078,179,180,2,0,178,175,61157,1,0,0,1,5
2020-08-09,US,Michigan,Bay,628,31,0,43.70639106,-83.98731479,26017.0,608.9637918662606,4.936305732484076,597,620,31,0,589,600,103923,8,0,0,8,20
2020-08-09,US,Michigan,Benzie,28,1,0,44.63899297,-86.01608482,26019.0,157.60441292356185,3.571428571428572,27,28,1,0,27,29,17753,0,0,0,0,-1
2020-08-09,US,Michigan,Berrien,1363,66,0,41.95447397,-86.41313079999998,26021.0,888.5209353263667,4.842259721203228,1297,1357,66,0,1291,1347,154141,6,0,0,6,10
2020-08-09,US,Michigan,Branch,365,2,0,41.91600556,-85.05929476,26023.0,838.7526713698096,0.547945205479452,363,364,2,0,362,355,43622,1,0,0,1,9
2020-08-09,US,Michigan,Calhoun,789,41,0,42.24633834,-85.00493569,26025.0,588.1081403409387,5.196451204055767,748,789,41,0,748,782,134487,0,0,0,0,7
2020-08-09,US,Michigan,Cass,321,14,0,41.91522292,-85.99405727,26027.0,619.8466796686428,4.361370716510903,307,320,14,0,306,316,51653,1,0,0,1,4
2020-08-09,US,Michigan,Charlevoix,49,2,0,45.37790017,-85.19614053,26029.0,187.4306697777608,4.081632653061225,47,47,2,0,45,45,26244,2,0,0,2,2
2020-08-09,US,Michigan,Cheboygan,49,2,0,45.44787015,-84.50122149,26031.0,193.85978794112992,4.081632653061225,47,46,2,0,44,44,25413,3,0,0,3,2
2020-08-09,US,Michigan,Chippewa,40,0,0,46.29552653,-84.54353449,26033.0,107.09791426811962,0.0,40,39,0,0,39,39,37517,1,0,0,1,0
2020-08-09,US,Michigan,Clare,71,3,0,43.98794227,-84.84819859999998,26035.0,229.4022617124394,4.225352112676056,68,71,3,0,68,70,30757,0,0,0,0,1
2020-08-09,US,Michigan,Clinton,423,13,0,42.94400871,-84.60145248,26037.0,531.4404171116277,3.0732860520094563,410,422,13,0,409,422,79332,1,0,0,1,0
2020-08-09,US,Michigan,Crawford,106,5,0,44.68255561,-84.61006219,26039.0,755.5777318411862,4.716981132075472,101,106,5,0,101,105,13901,0,0,0,0,1
2020-08-09,US,Michigan,Delta,96,3,0,45.90484910000001,-86.9080745,26041.0,268.2763246143528,3.125,93,90,3,0,87,89,35857,6,0,0,6,1
2020-08-09,US,Michigan,Dickinson,55,2,0,46.00999672,-87.86961634,26043.0,217.91671619319308,3.636363636363636,53,53,2,0,51,52,25383,2,0,0,2,1
2020-08-09,US,Michigan,Eaton,462,8,0,42.59599185,-84.83740035,26045.0,418.9792142779409,1.7316017316017316,454,459,8,0,451,456,109826,3,0,0,3,3
2020-08-09,US,Michigan,Emmet,62,2,0,45.52625509,-84.89083249,26047.0,185.545413736346,3.2258064516129035,60,62,2,0,60,61,33308,0,0,0,0,1
2020-08-09,US,Michigan,Federal Correctional Institution (FCI),194,5,0,0.0,0.0,0.0,0.0,2.5773195876288657,189,194,5,0,189,194,,0,0,0,0,0
2020-08-09,US,Michigan,Genesee,3648,296,0,43.02244215,-83.70589709,26049.0,898.9362095349336,8.114035087719298,3352,3639,295,0,3344,3630,406892,9,1,0,8,9
2020-08-09,US,Michigan,Gladwin,58,2,0,43.98901072,-84.38774817,26051.0,227.9067939801171,3.4482758620689653,56,58,2,0,56,58,25337,0,0,0,0,0
2020-08-09,US,Michigan,Gogebic,119,1,0,46.40862701,-89.69377193,26053.0,851.520572450805,0.8403361344537815,118,119,1,0,118,110,15096,0,0,0,0,9
2020-08-09,US,Michigan,Grand Traverse,209,5,0,44.69565625,-85.55585247,26055.0,224.51873496046755,2.392344497607656,204,208,5,0,203,207,92573,1,0,0,1,1
2020-08-09,US,Michigan,Gratiot,156,15,0,43.29265605,-84.60505416,26057.0,383.18881874677606,9.615384615384617,141,155,15,0,140,154,40599,1,0,0,1,1
2020-08-09,US,Michigan,Hillsdale,267,25,0,41.88753639,-84.59312019,26059.0,585.4621203815371,9.363295880149813,242,265,25,0,240,260,45749,2,0,0,2,5
2020-08-09,US,Michigan,Houghton,50,0,0,46.89988536,-88.68495385,26061.0,140.1188207600045,0.0,50,50,0,0,50,49,36219,0,0,0,0,1
2020-08-09,US,Michigan,Huron,156,4,0,43.83353985,-83.04078453,26063.0,503.53442432458604,2.5641025641025643,152,156,4,0,152,156,31166,0,0,0,0,0
2020-08-09,US,Michigan,Ingham,1551,30,0,42.59716886,-84.37472069,26065.0,530.4268722256041,1.9342359767891684,1521,1541,30,0,1511,1536,292735,10,0,0,10,5
2020-08-09,US,Michigan,Ionia,273,7,0,42.94502238,-85.07413319,26067.0,421.9670154721239,2.5641025641025643,266,274,6,0,268,274,64210,-1,1,0,-2,0
2020-08-09,US,Michigan,Iosco,131,12,0,44.35486835,-83.63484895,26069.0,521.3515342062324,9.16030534351145,119,130,12,0,118,130,25081,1,0,0,1,0
2020-08-09,US,Michigan,Iron,19,1,0,46.20974132,-88.53136251,26071.0,171.6970901861558,5.2631578947368425,18,19,1,0,18,19,11117,0,0,0,0,0
2020-08-09,US,Michigan,Isabella,207,9,0,43.64060976,-84.84664923,26073.0,296.2560109915274,4.3478260869565215,198,205,9,0,196,206,70562,2,0,0,2,-1
2020-08-09,US,Michigan,Jackson,709,34,0,42.24807035,-84.42258681,26075.0,447.2903917733897,4.795486600846262,675,709,34,0,675,709,158823,0,0,0,0,0
2020-08-09,US,Michigan,Kalamazoo,1639,83,0,42.24542231,-85.53038622,26077.0,618.3365652328099,5.0640634533252,1556,1631,83,0,1548,1618,264870,8,0,0,8,13
2020-08-09,US,Michigan,Kalkaska,52,4,0,44.68512729,-85.09085699,26079.0,288.2802971504601,7.6923076923076925,48,52,4,0,48,51,17824,0,0,0,0,1
2020-08-09,US,Michigan,Kent,7523,157,0,43.03197711,-85.54934642,26081.0,1145.1317061290347,2.086933404227037,7366,7485,157,0,7328,7448,653786,38,0,0,38,37
2020-08-09,US,Michigan,Keweenaw,3,0,0,47.63197653,-88.41434263,26083.0,141.77693761814746,0.0,3,3,0,0,3,3,2113,0,0,0,0,0
2020-08-09,US,Michigan,Lake,22,0,0,43.99050893,-85.802173,26085.0,185.6070193200034,0.0,22,21,0,0,21,19,11881,1,0,0,1,2
2020-08-09,US,Michigan,Lapeer,466,33,0,43.09052506,-83.22153148,26087.0,531.9209652196743,7.081545064377682,433,464,33,0,431,461,88028,2,0,0,2,3
2020-08-09,US,Michigan,Leelanau,72,0,0,44.94430054,-85.80150326,26089.0,330.8671476494646,0.0,72,71,0,0,71,69,21764,1,0,0,1,2
2020-08-09,US,Michigan,Lenawee,430,12,0,41.89475156,-84.06603727,26091.0,436.76549755716036,2.7906976744186047,418,422,12,0,410,419,98266,8,0,0,8,3
2020-08-09,US,Michigan,Livingston,829,28,0,42.60302282,-83.91297209,26093.0,431.7820776582723,3.3775633293124248,801,826,28,0,798,816,191224,3,0,0,3,10
2020-08-09,US,Michigan,Luce,3,0,0,46.47227431,-85.54471223,26095.0,48.16182372772515,0.0,3,3,0,0,3,3,6283,0,0,0,0,0
2020-08-09,US,Michigan,Mackinac,27,0,0,46.07028979,-85.04980537,26097.0,250.0231502916937,0.0,27,27,0,0,27,26,10787,0,0,0,0,1
2020-08-09,US,Michigan,Macomb,10433,946,0,42.69158356,-82.92752801,26099.0,1193.7453373792293,9.06738234448385,9487,10339,946,0,9393,10205,874759,94,0,0,94,134
2020-08-09,US,Michigan,Manistee,35,0,0,44.33352407,-86.05626916,26101.0,142.51974916524148,0.0,35,35,0,0,35,35,24528,0,0,0,0,0
2020-08-09,US,Michigan,Marquette,159,11,0,46.4338914,-87.64043701,26103.0,238.38438357396663,6.918238993710692,148,153,11,0,142,152,66516,6,0,0,6,1
2020-08-09,US,Michigan,Mason,101,0,0,43.99509218,-86.24988902,26105.0,346.5550370573703,0.0,101,101,0,0,101,99,29100,0,0,0,0,2
2020-08-09,US,Michigan,Mecosta,69,2,0,43.64064262,-85.32463223,26107.0,158.7922583020735,2.898550724637681,67,68,2,0,66,66,43545,1,0,0,1,2
2020-08-09,US,Michigan,Menominee,134,0,0,45.58038692,-87.55370409,26109.0,588.2352941176471,0.0,134,131,0,0,131,124,22983,3,0,0,3,7
2020-08-09,US,Michigan,Michigan Department of Corrections (MDOC),4412,69,0,0.0,0.0,0.0,0.0,1.5639165911151405,4343,4386,69,0,4317,4386,,26,0,0,26,0
2020-08-09,US,Michigan,Midland,335,10,0,43.64330771,-84.38804374,26111.0,402.8572802924624,2.985074626865672,325,330,10,0,320,325,83209,5,0,0,5,5
2020-08-09,US,Michigan,Missaukee,41,1,0,44.33772443,-85.09256478,26113.0,271.1998941658949,2.4390243902439024,40,41,1,0,40,41,15113,0,0,0,0,0
2020-08-09,US,Michigan,Monroe,984,24,0,41.92734151,-83.53749864,26115.0,653.8205980066446,2.4390243902439024,960,972,24,0,948,955,150439,12,0,0,12,17
2020-08-09,US,Michigan,Montcalm,191,1,0,43.31082541,-85.15252824,26117.0,298.96068119208616,0.5235602094240838,190,188,1,0,187,185,63968,3,0,0,3,3
2020-08-09,US,Michigan,Montmorency,9,1,0,45.0275929,-84.12696227,26119.0,96.48370497427099,11.111111111111109,8,9,1,0,8,9,9265,0,0,0,0,0
2020-08-09,US,Michigan,Muskegon,1178,59,0,43.29123859,-86.15176712,26121.0,678.7043545394837,5.00848896434635,1119,1170,59,0,1111,1160,173588,8,0,0,8,10
2020-08-09,US,Michigan,Newaygo,250,0,0,43.554373999999996,-85.80070107,26123.0,510.41241322988975,0.0,250,250,0,0,250,250,48892,0,0,0,0,0
2020-08-09,US,Michigan,Oakland,15501,1129,0,42.66090111,-83.38595416,26125.0,1232.6015598162826,7.283401070898652,14372,15427,1129,0,14298,15292,1259201,74,0,0,74,135
2020-08-09,US,Michigan,Oceana,475,6,0,43.64124435,-86.26726673,26127.0,1794.6877243359656,1.263157894736842,469,475,6,0,469,474,26625,0,0,0,0,1
2020-08-09,US,Michigan,Ogemaw,54,2,0,44.33481032,-84.12725175,26129.0,257.17959708529787,3.703703703703704,52,54,2,0,52,53,20952,0,0,0,0,1
2020-08-09,US,Michigan,Ontonagon,12,0,0,46.665226200000006,-89.31390481,26131.0,209.79020979020981,0.0,12,11,0,0,11,7,5795,1,0,0,1,4
2020-08-09,US,Michigan,Osceola,71,0,0,43.98992088,-85.32566756,26133.0,302.64279624893436,0.0,71,71,0,0,71,70,23341,0,0,0,0,1
2020-08-09,US,Michigan,Oscoda,24,1,0,44.68192279,-84.12939244,26135.0,291.2267928649436,4.166666666666667,23,24,1,0,23,24,8276,0,0,0,0,0
2020-08-09,US,Michigan,Otsego,135,10,0,45.02085831,-84.59898295,26137.0,547.2677152586347,7.407407407407407,125,134,10,0,124,134,24665,1,0,0,1,0
2020-08-09,US,Michigan,Ottawa,1827,56,0,42.95996803,-85.9969107,26139.0,626.0494123290957,3.0651340996168583,1771,1800,56,0,1744,1787,290494,27,0,0,27,13
2020-08-09,US,Michigan,Out of MI,84,1,0,0.0,0.0,80026.0,0.0,1.1904761904761905,83,79,1,0,78,79,,5,0,0,5,0
2020-08-09,US,Michigan,Presque Isle,20,1,0,45.34018577,-83.91498656,26141.0,158.8310038119441,5.0,19,20,1,0,19,19,12738,0,0,0,0,1
2020-08-09,US,Michigan,Roscommon,53,0,0,44.33473082,-84.61067651,26143.0,220.65864523918563,0.0,53,53,0,0,53,52,23884,0,0,0,0,1
2020-08-09,US,Michigan,Saginaw,2010,131,0,43.33433923,-84.05131209999998,26145.0,1054.9021460173508,6.5174129353233825,1879,1986,131,0,1855,1953,190800,24,0,0,24,33
2020-08-09,US,Michigan,Sanilac,106,6,0,43.42406072,-82.82055898,26151.0,257.46903084770463,5.660377358490566,100,106,6,0,100,106,41182,0,0,0,0,0
2020-08-09,US,Michigan,Schoolcraft,13,0,0,46.19235734,-86.19972234,26153.0,160.6127996046454,0.0,13,13,0,0,13,13,8068,0,0,0,0,0
2020-08-09,US,Michigan,Shiawassee,341,28,0,42.95392800000001,-84.14585902,26155.0,500.5725022753296,8.21114369501466,313,340,28,0,312,338,68192,1,0,0,1,2
2020-08-09,US,Michigan,St. Clair,812,53,0,42.92655373,-82.67937954,26147.0,510.28103162234174,6.527093596059113,759,810,53,0,757,805,159337,2,0,0,2,5
2020-08-09,US,Michigan,St. Joseph,588,8,0,41.91441767,-85.52797979,26149.0,964.5036414933403,1.3605442176870748,580,587,8,0,579,580,61043,1,0,0,1,7
2020-08-09,US,Michigan,Tuscola,350,29,0,43.46606813,-83.41897025,26157.0,669.9205665613935,8.285714285714286,321,342,29,0,313,334,52516,8,0,0,8,8
2020-08-09,US,Michigan,Unassigned,14,1,0,0.0,0.0,90026.0,0.0,7.142857142857142,13,7,1,0,6,8,,7,0,0,7,-1
2020-08-09,US,Michigan,Van Buren,445,9,0,42.25190229,-86.01939087,26159.0,588.0254238407971,2.02247191011236,436,442,9,0,433,440,75448,3,0,0,3,2
2020-08-09,US,Michigan,Washtenaw,2542,113,0,42.253105,-83.83853204,26161.0,691.5106324520337,4.4453186467348536,2429,2522,113,0,2409,2512,370963,20,0,0,20,10
2020-08-09,US,Michigan,Wayne,28163,2824,0,42.28098405,-83.281255,26163.0,1609.918695190137,10.027340837268756,25339,28090,2826,0,25264,27955,1753893,73,-2,0,75,135
2020-08-09,US,Michigan,Wexford,69,4,0,44.33853602,-85.57712739,26165.0,205.16785108976842,5.797101449275362,65,69,4,0,65,70,33466,0,0,0,0,-1
2020-08-09,US,Minnesota,Aitkin,40,1,0,46.60962049,-93.41168259999999,27001.0,251.79403248143018,2.5,39,40,1,0,39,34,15902,0,0,0,0,6
2020-08-09,US,Minnesota,Anoka,3683,114,0,45.27476015,-93.24604565,27003.0,1031.8810044799832,3.0953027423296224,3569,3618,114,0,3504,3553,353813,65,0,0,65,65
2020-08-09,US,Minnesota,Becker,157,1,0,46.93479392,-95.67158144,27005.0,456.0904046712954,0.6369426751592356,156,152,1,0,151,149,34371,5,0,0,5,3
2020-08-09,US,Minnesota,Beltrami,240,0,0,47.97373527,-94.93732139,27007.0,508.6038823429686,0.0,240,223,0,0,223,217,46847,17,0,0,17,6
2020-08-09,US,Minnesota,Benton,320,3,0,45.69804958,-93.99514135,27009.0,782.6065690038886,0.9375,317,320,3,0,317,316,40545,0,0,0,0,4
2020-08-09,US,Minnesota,Big Stone,22,0,0,45.42712824,-96.41403739,27011.0,440.79342817070733,0.0,22,22,0,0,22,22,4989,0,0,0,0,0
2020-08-09,US,Minnesota,Blue Earth,918,5,0,44.03554215,-94.06699781,27013.0,1356.9243049088732,0.5446623093681917,913,911,5,0,906,893,67427,7,0,0,7,18
2020-08-09,US,Minnesota,Brown,89,2,0,44.24205652,-94.72562874,27015.0,355.88611644273834,2.247191011235955,87,88,2,0,86,87,25111,1,0,0,1,1
2020-08-09,US,Minnesota,Carlton,137,0,0,46.59180601,-92.67601019,27017.0,381.9241169747149,0.0,137,135,0,0,135,133,35837,2,0,0,2,2
2020-08-09,US,Minnesota,Carver,861,3,0,44.82017001,-93.80099179999999,27019.0,819.3055410176137,0.3484320557491289,858,841,3,0,838,829,103551,20,0,0,20,12
2020-08-09,US,Minnesota,Cass,72,2,0,46.95043611,-94.32603968,27021.0,241.7811209241412,2.7777777777777777,70,69,2,0,67,70,29519,3,0,0,3,-1
2020-08-09,US,Minnesota,Chippewa,104,1,0,45.02343421,-95.56403693,27023.0,881.3559322033898,0.9615384615384616,103,103,1,0,102,101,11924,1,0,0,1,2
2020-08-09,US,Minnesota,Chisago,201,1,0,45.5021011,-92.90861945,27025.0,355.2554834832712,0.4975124378109453,200,199,1,0,198,190,55922,2,0,0,2,9
2020-08-09,US,Minnesota,Clay,784,40,0,46.89289518,-96.48761922,27027.0,1220.765469776712,5.1020408163265305,744,779,40,0,739,771,63955,5,0,0,5,8
2020-08-09,US,Minnesota,Clearwater,14,0,0,47.57992111,-95.37790562,27029.0,158.76616012701294,0.0,14,14,0,0,14,14,8810,0,0,0,0,0
2020-08-09,US,Minnesota,Cook,5,0,0,47.90504893,-90.52629546,27031.0,91.52480322167307,0.0,5,3,0,0,3,3,5393,2,0,0,2,0
2020-08-09,US,Minnesota,Cottonwood,178,0,0,44.00715262,-95.18138802,27033.0,1589.853519113969,0.0,178,177,0,0,177,176,11277,1,0,0,1,1
2020-08-09,US,Minnesota,Crow Wing,235,14,0,46.48096553,-94.06755609,27035.0,361.2328030128353,5.957446808510637,221,232,14,0,218,228,64889,3,0,0,3,4
2020-08-09,US,Minnesota,Dakota,4414,106,0,44.67172617,-93.06299363,27037.0,1028.8540654187088,2.4014499320344362,4308,4334,104,0,4230,4250,425423,80,2,0,78,84
2020-08-09,US,Minnesota,Dodge,127,0,0,44.02238415,-92.86244324,27039.0,606.6685774338397,0.0,127,126,0,0,126,125,20822,1,0,0,1,1
2020-08-09,US,Minnesota,Douglas,144,1,0,45.93348491,-95.45335469,27041.0,377.5464723001496,0.6944444444444444,143,139,1,0,138,138,37964,5,0,0,5,1
2020-08-09,US,Minnesota,Faribault,87,0,0,43.67381499,-93.94787458,27043.0,637.2225884421008,0.0,87,87,0,0,87,85,13758,0,0,0,0,2
2020-08-09,US,Minnesota,Fillmore,63,0,0,43.67394126,-92.08980382,27045.0,299.0459011724498,0.0,63,64,0,0,64,63,21058,-1,0,0,-1,1
2020-08-09,US,Minnesota,Freeborn,359,1,0,43.67385583,-93.34884422,27047.0,1185.5619035038476,0.2785515320334262,358,359,1,0,358,358,30444,0,0,0,0,1
2020-08-09,US,Minnesota,Goodhue,196,9,0,44.40849741,-92.72341949999999,27049.0,422.9607250755287,4.591836734693878,187,192,9,0,183,192,46403,4,0,0,4,0
2020-08-09,US,Minnesota,Grant,55,3,0,45.93424769,-96.01139609,27051.0,920.9645010046886,5.454545454545454,52,53,3,0,50,53,6021,2,0,0,2,0
2020-08-09,US,Minnesota,Hennepin,19271,835,0,45.00761521,-93.47694895,27053.0,1522.3846875165405,4.3329354989362265,18436,19057,831,0,18226,18774,1259428,214,4,0,210,283
2020-08-09,US,Minnesota,Houston,42,0,0,43.67129565,-91.49143057,27055.0,225.80645161290332,0.0,42,39,0,0,39,39,18578,3,0,0,3,0
2020-08-09,US,Minnesota,Hubbard,33,0,0,47.10778564,-94.91693868,27057.0,153.55264994648925,0.0,33,33,0,0,33,32,21332,0,0,0,0,1
2020-08-09,US,Minnesota,Isanti,125,0,0,45.56181234,-93.29487636,27059.0,307.91210956744504,0.0,125,123,0,0,123,121,39966,2,0,0,2,2
2020-08-09,US,Minnesota,Itasca,147,12,0,47.51009045,-93.63092229,27061.0,325.72568136494573,8.16326530612245,135,138,12,0,126,136,45108,9,0,0,9,2
2020-08-09,US,Minnesota,Jackson,86,0,0,43.67423373,-95.15398258,27063.0,873.4511476741824,0.0,86,81,0,0,81,72,9911,5,0,0,5,9
2020-08-09,US,Minnesota,Kanabec,36,1,0,45.9459309,-93.29275192,27065.0,220.35869498683968,2.7777777777777777,35,34,1,0,33,34,16207,2,0,0,2,0
2020-08-09,US,Minnesota,Kandiyohi,696,1,0,45.1526059,-95.00586446,27067.0,1611.1484062131067,0.14367816091954022,695,689,1,0,688,687,42855,7,0,0,7,2
2020-08-09,US,Minnesota,Kittson,3,0,0,48.77754106,-96.78317184,27069.0,69.79990693345742,0.0,3,3,0,0,3,3,4248,0,0,0,0,0
2020-08-09,US,Minnesota,Koochiching,77,3,0,48.24539665,-93.78352843,27071.0,629.6508299942759,3.8961038961038965,74,77,3,0,74,74,12440,0,0,0,0,3
2020-08-09,US,Minnesota,Lac qui Parle,7,0,0,44.9973857,-96.17488219,27073.0,105.6922844632342,0.0,7,7,0,0,7,6,6658,0,0,0,0,1
2020-08-09,US,Minnesota,Lake,21,0,0,47.64270764,-91.44557998,27075.0,197.3498731322244,0.0,21,20,0,0,20,20,10658,1,0,0,1,0
2020-08-09,US,Minnesota,Lake of the Woods,2,0,0,48.77217001,-94.90274472,27077.0,53.47593582887701,0.0,2,2,0,0,2,2,3758,0,0,0,0,0
2020-08-09,US,Minnesota,Le Sueur,220,1,0,44.37136597,-93.72844721,27079.0,761.5882576937723,0.4545454545454545,219,217,1,0,216,213,28494,3,0,0,3,4
2020-08-09,US,Minnesota,Lincoln,58,0,0,44.41311883,-96.26688165,27081.0,1028.551161553467,0.0,58,57,0,0,57,56,5673,1,0,0,1,1
2020-08-09,US,Minnesota,Lyon,425,3,0,44.41327865,-95.83806103,27083.0,1668.3677475072625,0.7058823529411765,422,426,3,0,423,424,25629,-1,0,0,-1,2
2020-08-09,US,Minnesota,Mahnomen,27,1,0,47.32557075,-95.80921485,27087.0,488.51094626379586,3.703703703703704,26,26,1,0,25,26,5519,1,0,0,1,0
2020-08-09,US,Minnesota,Marshall,29,0,0,48.35825983,-96.37017407,27089.0,310.62553556126824,0.0,29,30,0,0,30,29,9390,-1,0,0,-1,1
2020-08-09,US,Minnesota,Martin,207,5,0,43.67429718,-94.55099908,27091.0,1051.668952903521,2.415458937198068,202,207,5,0,202,206,19785,0,0,0,0,1
2020-08-09,US,Minnesota,McLeod,181,0,0,44.82367677,-94.27287017,27085.0,504.2765998941298,0.0,181,173,0,0,173,173,35873,8,0,0,8,0
2020-08-09,US,Minnesota,Meeker,85,2,0,45.12328869,-94.52839455,27093.0,366.03221083455344,2.3529411764705883,83,85,2,0,83,84,23141,0,0,0,0,1
2020-08-09,US,Minnesota,Mille Lacs,71,3,0,45.93705297,-93.63236823,27095.0,270.1982722533013,4.225352112676056,68,71,3,0,68,69,26139,0,0,0,0,2
2020-08-09,US,Minnesota,Morrison,92,1,0,46.01265363,-94.27341528,27097.0,275.5646079194873,1.0869565217391304,91,89,1,0,88,85,33169,3,0,0,3,4
2020-08-09,US,Minnesota,Mower,1101,2,0,43.67142874,-92.75234549,27099.0,2748.240227647147,0.18165304268846505,1099,1099,2,0,1097,1095,40011,2,0,0,2,4
2020-08-09,US,Minnesota,Murray,122,1,0,44.02216709,-95.76328482,27101.0,1488.8943129118868,0.819672131147541,121,122,1,0,121,122,8276,0,0,0,0,0
2020-08-09,US,Minnesota,Nicollet,337,13,0,44.35291112,-94.24710352,27103.0,983.2526113088637,3.8575667655786345,324,333,13,0,320,329,34220,4,0,0,4,4
2020-08-09,US,Minnesota,Nobles,1764,6,0,43.67434621,-95.75329576,27105.0,8155.716861620972,0.3401360544217687,1758,1762,6,0,1756,1754,21924,2,0,0,2,8
2020-08-09,US,Minnesota,Norman,40,0,0,47.32628443,-96.45620947,27107.0,627.4509803921569,0.0,40,39,0,0,39,38,6475,1,0,0,1,1
2020-08-09,US,Minnesota,Olmsted,1732,23,0,44.00374114,-92.40209944,27109.0,1094.1734631348197,1.3279445727482682,1709,1718,23,0,1695,1700,156277,14,0,0,14,18
2020-08-09,US,Minnesota,Otter Tail,194,3,0,46.40846929,-95.70835255,27111.0,330.2352500595785,1.5463917525773196,191,193,3,0,190,189,58812,1,0,0,1,4
2020-08-09,US,Minnesota,Pennington,75,1,0,48.06642577,-96.0370814,27113.0,531.1990934202139,1.3333333333333333,74,75,1,0,74,73,14178,0,0,0,0,2
2020-08-09,US,Minnesota,Pine,129,0,0,46.12105238,-92.74070188,27115.0,436.12022042665404,0.0,129,129,0,0,129,128,29483,0,0,0,0,1
2020-08-09,US,Minnesota,Pipestone,157,9,0,44.02301619,-96.25841142,27117.0,1720.359412667105,5.732484076433121,148,155,9,0,146,149,9047,2,0,0,2,6
2020-08-09,US,Minnesota,Polk,153,4,0,47.77372465,-96.40134647,27119.0,487.8204310674659,2.6143790849673203,149,150,4,0,146,149,31529,3,0,0,3,1
2020-08-09,US,Minnesota,Pope,48,0,0,45.58606667,-95.44451209,27121.0,426.7045959640857,0.0,48,46,0,0,46,46,11097,2,0,0,2,0
2020-08-09,US,Minnesota,Ramsey,7572,265,0,45.01625271,-93.09872295,27123.0,1375.9242333111042,3.4997358689910194,7307,7444,265,0,7179,7307,550210,128,0,0,128,137
2020-08-09,US,Minnesota,Red Lake,24,0,0,47.87197525,-96.09561104,27125.0,591.8618988902589,0.0,24,24,0,0,24,23,3999,0,0,0,0,1
2020-08-09,US,Minnesota,Redwood,36,0,0,44.40555844,-95.25207021,27127.0,237.31048121292025,0.0,36,36,0,0,36,33,15249,0,0,0,0,3
2020-08-09,US,Minnesota,Renville,64,5,0,44.72836381,-94.94553734,27129.0,439.9230134726423,7.8125,59,63,5,0,58,62,14612,1,0,0,1,1
2020-08-09,US,Minnesota,Rice,1032,8,0,44.3543376,-93.29658715,27131.0,1540.9424834259094,0.7751937984496124,1024,1029,8,0,1021,1019,66523,3,0,0,3,10
2020-08-09,US,Minnesota,Rock,85,0,0,43.67482683,-96.25296832,27133.0,912.5067096081588,0.0,85,83,0,0,83,79,9414,2,0,0,2,4
2020-08-09,US,Minnesota,Roseau,52,0,0,48.77501878,-95.81079919,27135.0,342.8948236069898,0.0,52,47,0,0,47,47,15150,5,0,0,5,0
2020-08-09,US,Minnesota,Scott,1559,19,0,44.6490231,-93.53340251,27139.0,1046.2174441156144,1.2187299550994226,1540,1532,18,0,1514,1503,147381,27,1,0,26,29
2020-08-09,US,Minnesota,Sherburne,723,8,0,45.44447208,-93.77617511,27141.0,743.5364775087927,1.1065006915629323,715,718,8,0,710,710,96036,5,0,0,5,8
2020-08-09,US,Minnesota,Sibley,83,2,0,44.5796592,-94.23164924,27143.0,558.3585603767239,2.409638554216868,81,83,2,0,81,83,15028,0,0,0,0,0
2020-08-09,US,Minnesota,St. Louis,553,19,0,47.604840700000004,-92.46879855,27137.0,277.7917315517155,3.4358047016274864,534,521,19,0,502,502,199754,32,0,0,32,19
2020-08-09,US,Minnesota,Stearns,2893,20,0,45.55192576,-94.61078221,27145.0,1796.0577370790006,0.691323885240235,2873,2886,20,0,2866,2874,159256,7,0,0,7,12
2020-08-09,US,Minnesota,Steele,348,2,0,44.02240351,-93.22627088,27147.0,949.5484187835956,0.5747126436781609,346,345,1,0,344,338,36803,3,1,0,2,7
2020-08-09,US,Minnesota,Stevens,18,0,0,45.58613007,-96.00163705,27149.0,183.5798062213157,0.0,18,18,0,0,18,17,9753,0,0,0,0,1
2020-08-09,US,Minnesota,Swift,53,1,0,45.2829032,-95.68264092,27151.0,571.9835959421541,1.8867924528301887,52,52,1,0,51,52,9345,1,0,0,1,0
2020-08-09,US,Minnesota,Todd,426,2,0,46.06996226,-94.89785296,27153.0,1727.2137528381447,0.4694835680751174,424,424,2,0,422,422,24582,2,0,0,2,2
2020-08-09,US,Minnesota,Traverse,11,0,0,45.77298854,-96.47062949,27155.0,337.52684872660325,0.0,11,10,0,0,10,10,3308,1,0,0,1,0
2020-08-09,US,Minnesota,Unassigned,134,41,0,0.0,0.0,90027.0,0.0,30.59701492537313,93,137,41,0,96,126,,-3,0,0,-3,11
2020-08-09,US,Minnesota,Wabasha,92,0,0,44.28424356,-92.23121312,27157.0,425.39418319692976,0.0,92,91,0,0,91,88,21645,1,0,0,1,3
2020-08-09,US,Minnesota,Wadena,27,0,0,46.58589171,-94.96968506,27159.0,197.33957023826926,0.0,27,26,0,0,26,25,13773,1,0,0,1,1
2020-08-09,US,Minnesota,Waseca,148,0,0,44.02211116,-93.58720034,27161.0,795.1859015688804,0.0,148,148,0,0,148,138,18691,0,0,0,0,10
2020-08-09,US,Minnesota,Washington,2128,45,0,45.03864533,-92.88429635,27163.0,810.8520042676421,2.1146616541353382,2083,2077,44,0,2033,2037,259201,51,1,0,50,40
2020-08-09,US,Minnesota,Watonwan,308,0,0,43.97823903,-94.61413846,27165.0,2826.4659998164634,0.0,308,308,0,0,308,307,10980,0,0,0,0,1
2020-08-09,US,Minnesota,Wilkin,34,3,0,46.35721532,-96.4684375,27167.0,547.7686483003062,8.823529411764708,31,34,3,0,31,33,6254,0,0,0,0,1
2020-08-09,US,Minnesota,Winona,261,16,0,43.98772283,-91.78081305,27169.0,516.9954837176135,6.130268199233718,245,259,16,0,243,257,50825,2,0,0,2,2
2020-08-09,US,Minnesota,Wright,884,5,0,45.17297924,-93.96234781,27171.0,638.8344883904117,0.5656108597285068,879,869,5,0,864,855,136349,15,0,0,15,14
2020-08-09,US,Minnesota,Yellow Medicine,52,0,0,44.71710183,-95.86842453,27173.0,535.5855391904419,0.0,52,52,0,0,52,51,9795,0,0,0,0,1
2020-08-09,US,Mississippi,Adams,623,25,0,31.47669768,-91.35326037,28001.0,2029.778776919819,4.012841091492777,598,617,25,0,592,610,31192,6,0,0,6,7
2020-08-09,US,Mississippi,Alcorn,428,5,0,34.88084463,-88.57996173,28003.0,1158.228019375964,1.1682242990654206,423,419,5,0,414,397,36925,9,0,0,9,22
2020-08-09,US,Mississippi,Amite,232,6,0,31.17467303,-90.80501621,28005.0,1886.6390176465804,2.586206896551724,226,230,6,0,224,225,12326,2,0,0,2,5
2020-08-09,US,Mississippi,Attala,522,25,0,33.08658803,-89.57838564,28007.0,2872.235061076263,4.789272030651341,497,521,25,0,496,515,18365,1,0,0,1,6
2020-08-09,US,Mississippi,Benton,144,1,0,34.81681228,-89.18945516,28009.0,1743.5524881946967,0.6944444444444444,143,143,1,0,142,142,8271,1,0,0,1,1
2020-08-09,US,Mississippi,Bolivar,1113,34,0,33.79696941,-90.87372121,28011.0,3633.929737495103,3.0548068283917336,1079,1108,34,0,1074,1093,31333,5,0,0,5,15
2020-08-09,US,Mississippi,Calhoun,418,9,0,33.93683395,-89.33686647,28013.0,2910.6608174918183,2.15311004784689,409,417,9,0,408,407,14436,1,0,0,1,10
2020-08-09,US,Mississippi,Carroll,261,11,0,33.44834567,-89.91994479,28015.0,2623.9067055393584,4.21455938697318,250,261,11,0,250,260,9911,0,0,0,0,1
2020-08-09,US,Mississippi,Chickasaw,462,19,0,33.91983202,-88.9481545,28017.0,2701.2804771092788,4.112554112554113,443,459,20,0,439,450,17171,3,-1,0,4,9
2020-08-09,US,Mississippi,Choctaw,134,4,0,33.34598242,-89.24809382,28019.0,1632.1559074299635,2.985074626865672,130,133,4,0,129,131,8278,1,0,0,1,2
2020-08-09,US,Mississippi,Claiborne,407,13,0,31.97061673,-90.90702196,28021.0,4528.259902091678,3.194103194103194,394,404,13,0,391,398,9002,3,0,0,3,6
2020-08-09,US,Mississippi,Clarke,327,26,0,32.04158545,-88.68896219999998,28023.0,2104.1117045235183,7.951070336391437,301,326,25,0,301,325,15604,1,1,0,0,1
2020-08-09,US,Mississippi,Clay,396,14,0,33.65358105,-88.77784255,28025.0,2050.113895216401,3.5353535353535355,382,394,13,0,381,392,19386,2,1,0,1,2
2020-08-09,US,Mississippi,Coahoma,760,13,0,34.22772299,-90.60415045,28027.0,3435.1835111191467,1.7105263157894737,747,743,12,0,731,715,22628,17,1,0,16,28
2020-08-09,US,Mississippi,Copiah,954,28,0,31.86977774,-90.44565118,28029.0,3399.251737039017,2.9350104821802936,926,950,28,0,922,945,28543,4,0,0,4,5
2020-08-09,US,Mississippi,Covington,612,13,0,31.63225413,-89.55389939,28031.0,3283.9665164198327,2.124183006535948,599,612,13,0,599,610,18853,0,0,0,0,2
2020-08-09,US,Mississippi,DeSoto,3658,31,0,34.87625235,-89.99091418,28033.0,1977.8853172564816,0.8474576271186439,3627,3632,30,0,3602,3574,182001,26,1,0,25,58
2020-08-09,US,Mississippi,Forrest,1806,56,0,31.18961454,-89.25832496,28035.0,2411.3115345073898,3.1007751937984502,1750,1778,56,0,1722,1758,75036,28,0,0,28,20
2020-08-09,US,Mississippi,Franklin,127,2,0,31.47786634,-90.89672989,28037.0,1646.570724750421,1.5748031496062993,125,124,2,0,122,119,7788,3,0,0,3,5
2020-08-09,US,Mississippi,George,581,5,0,30.86259065,-88.64436789,28039.0,2371.428571428572,0.8605851979345955,576,559,5,0,554,549,24250,22,0,0,22,10
2020-08-09,US,Mississippi,Greene,250,12,0,31.21444233,-88.63922281,28041.0,1840.1295451199765,4.8,238,241,11,0,230,236,13586,9,1,0,8,5
2020-08-09,US,Mississippi,Grenada,847,21,0,33.77036166,-89.80245083,28043.0,4080.354562096541,2.479338842975207,826,843,21,0,822,838,21055,4,0,0,4,5
2020-08-09,US,Mississippi,Hancock,390,14,0,30.41830223,-89.48851033,28045.0,818.7772925764192,3.58974358974359,376,388,14,0,374,373,47334,2,0,0,2,15
2020-08-09,US,Mississippi,Harrison,2520,36,0,30.51359752,-89.12467576,28047.0,1211.0726643598614,1.4285714285714286,2484,2498,36,0,2462,2406,206650,22,0,0,22,92
2020-08-09,US,Mississippi,Hinds,5613,118,0,32.2656285,-90.44435448,28049.0,2421.066252587992,2.1022626046677355,5495,5599,118,0,5481,5544,237085,14,0,0,14,55
2020-08-09,US,Mississippi,Holmes,892,48,0,33.12345854,-90.08923538,28051.0,5243.974132863022,5.381165919282512,844,890,48,0,842,873,17622,2,0,0,2,17
2020-08-09,US,Mississippi,Humphreys,293,11,0,33.12825718,-90.52252707,28053.0,3633.43253968254,3.754266211604096,282,291,11,0,280,283,8257,2,0,0,2,8
2020-08-09,US,Mississippi,Issaquena,26,1,0,32.72531359,-90.97392828,28055.0,1959.3067068575733,3.8461538461538463,25,26,1,0,25,25,1308,0,0,0,0,1
2020-08-09,US,Mississippi,Itawamba,359,10,0,34.27993475,-88.3606733,28057.0,1534.8439504061566,2.7855153203342615,349,358,10,0,348,348,23517,1,0,0,1,10
2020-08-09,US,Mississippi,Jackson,2276,42,0,30.54020656,-88.64184064,28059.0,1584.770605151201,1.845342706502636,2234,2269,42,0,2227,2225,143277,7,0,0,7,44
2020-08-09,US,Mississippi,Jasper,386,9,0,32.01922104,-89.11786866,28061.0,2356.10083623268,2.33160621761658,377,387,9,0,378,381,16428,-1,0,0,-1,6
2020-08-09,US,Mississippi,Jefferson,196,7,0,31.73397872,-91.03764977,28063.0,2804.005722460658,3.571428571428572,189,195,7,0,188,194,7106,1,0,0,1,1
2020-08-09,US,Mississippi,Jefferson Davis,231,6,0,31.56884708,-89.82670990000004,28065.0,2075.8447160316323,2.5974025974025974,225,231,6,0,225,228,11234,0,0,0,0,3
2020-08-09,US,Mississippi,Jones,1899,58,0,31.62257767,-89.16896899999998,28067.0,2788.6281535434227,3.054239073196419,1841,1885,58,0,1827,1850,68461,14,0,0,14,35
2020-08-09,US,Mississippi,Kemper,233,14,0,32.75462946,-88.64105766,28069.0,2391.706015191952,6.008583690987124,219,232,14,0,218,227,10027,1,0,0,1,5
2020-08-09,US,Mississippi,Lafayette,973,16,0,34.35687874,-89.48490961,28071.0,1801.2180899313205,1.644398766700925,957,964,16,0,948,956,54793,9,0,0,9,8
2020-08-09,US,Mississippi,Lamar,1220,14,0,31.20572971,-89.5077704,28073.0,1926.021817722558,1.147540983606557,1206,1202,14,0,1188,1192,62447,18,0,0,18,10
2020-08-09,US,Mississippi,Lauderdale,1412,92,0,32.40419769,-88.66229662,28075.0,1904.8903878583474,6.515580736543909,1320,1407,92,0,1315,1397,75317,5,0,0,5,10
2020-08-09,US,Mississippi,Lawrence,323,8,0,31.55147224,-90.10841127,28077.0,2566.343556332433,2.476780185758514,315,319,7,0,312,312,12455,4,1,0,3,7
2020-08-09,US,Mississippi,Leake,788,25,0,32.7536828,-89.52402044,28079.0,3458.263846221364,3.172588832487309,763,786,25,0,761,786,22763,2,0,0,2,0
2020-08-09,US,Mississippi,Lee,1462,41,0,34.291877500000005,-88.68149954,28081.0,1711.2224355072806,2.8043775649794798,1421,1428,39,0,1389,1383,85202,34,2,0,32,45
2020-08-09,US,Mississippi,Leflore,933,63,0,33.55545125,-90.29900733,28083.0,3310.506333605365,6.752411575562701,870,925,62,0,863,907,28919,8,1,0,7,18
2020-08-09,US,Mississippi,Lincoln,817,41,0,31.53288662,-90.45391915,28085.0,2392.176382748221,5.018359853121175,776,809,41,0,768,796,34205,8,0,0,8,13
2020-08-09,US,Mississippi,Lowndes,1077,37,0,33.47386518,-88.44191529999998,28087.0,1838.0407884631795,3.4354688950789227,1040,1074,37,0,1037,1058,58930,3,0,0,3,16
2020-08-09,US,Mississippi,Madison,2422,66,0,32.63389156,-90.03513564,28089.0,2279.057512797351,2.7250206440957885,2356,2414,64,0,2350,2396,105630,8,2,0,6,18
2020-08-09,US,Mississippi,Marion,677,20,0,31.23132643,-89.8209217,28091.0,2755.05636267448,2.9542097488921715,657,657,20,0,637,643,24715,20,0,0,20,14
2020-08-09,US,Mississippi,Marshall,695,9,0,34.76216286,-89.50299462,28093.0,1969.173230577436,1.2949640287769784,686,688,9,0,679,674,35451,7,0,0,7,14
2020-08-09,US,Mississippi,Monroe,796,55,0,33.89236763,-88.4808438,28095.0,2258.027913309883,6.909547738693467,741,778,53,0,725,769,35564,18,2,0,16,9
2020-08-09,US,Mississippi,Montgomery,326,5,0,33.49419589,-89.61729103,28097.0,3335.038363171356,1.5337423312883436,321,321,3,0,318,315,10023,5,2,0,3,6
2020-08-09,US,Mississippi,Neshoba,1286,92,0,32.75339664,-89.11726492,28099.0,4416.512123085377,7.153965785381026,1194,1285,92,0,1193,1284,29125,1,0,0,1,1
2020-08-09,US,Mississippi,Newton,542,11,0,32.40021118,-89.11843336,28101.0,2578.7420306404033,2.029520295202952,531,542,11,0,531,537,21443,0,0,0,0,5
2020-08-09,US,Mississippi,Noxubee,457,11,0,33.11009499,-88.56949061,28103.0,4387.059614092349,2.4070021881838075,446,453,11,0,442,448,10535,4,0,0,4,5
2020-08-09,US,Mississippi,Oktibbeha,1122,39,0,33.42491685,-88.87905132,28105.0,2262.6898178958195,3.475935828877005,1083,1118,38,0,1080,1096,49599,4,1,0,3,22
2020-08-09,US,Mississippi,Panola,1059,13,0,34.36398677,-89.95064249,28107.0,3097.215722976135,1.2275731822474032,1046,1054,12,0,1042,1026,34178,5,1,0,4,28
2020-08-09,US,Mississippi,Pearl River,550,39,0,30.77090935,-89.58677275,28109.0,990.366435581165,7.090909090909091,511,540,38,0,502,529,55387,10,1,0,9,11
2020-08-09,US,Mississippi,Perry,236,7,0,31.17161885,-88.99281835,28111.0,1971.1016453687466,2.9661016949152543,229,232,7,0,225,223,11931,4,0,0,4,9
2020-08-09,US,Mississippi,Pike,936,36,0,31.17507789,-90.40392572,28113.0,2382.406841783751,3.8461538461538463,900,928,36,0,892,896,39563,8,0,0,8,32
2020-08-09,US,Mississippi,Pontotoc,827,8,0,34.226046000000004,-89.03636807,28115.0,2570.398458382545,0.9673518742442564,819,821,8,0,813,809,31833,6,0,0,6,12
2020-08-09,US,Mississippi,Prentiss,412,10,0,34.61810501,-88.51986294,28117.0,1639.7357319111677,2.4271844660194173,402,417,10,0,407,403,25315,-5,0,0,-5,14
2020-08-09,US,Mississippi,Quitman,269,1,0,34.25157572,-90.28908,28119.0,3960.5418138987043,0.3717472118959108,268,262,1,0,261,252,7051,7,0,0,7,10
2020-08-09,US,Mississippi,Rankin,2283,34,0,32.26469147,-89.94537876,28121.0,1470.3325154085435,1.4892685063512925,2249,2276,33,0,2243,2251,153902,7,1,0,6,25
2020-08-09,US,Mississippi,Scott,1003,20,0,32.406704100000006,-89.53789439,28123.0,3566.349025743137,1.9940179461615155,983,998,20,0,978,995,28287,5,0,0,5,3
2020-08-09,US,Mississippi,Sharkey,197,5,0,32.88149103,-90.8159538,28125.0,4559.129831057626,2.538071065989848,192,197,5,0,192,194,4377,0,0,0,0,3
2020-08-09,US,Mississippi,Simpson,796,30,0,31.91282117,-89.91716179,28127.0,2985.9704403931282,3.768844221105528,766,795,30,0,765,786,26758,1,0,0,1,9
2020-08-09,US,Mississippi,Smith,405,13,0,32.01744532,-89.50644846,28129.0,2544.609198291028,3.2098765432098766,392,404,13,0,391,397,16002,1,0,0,1,7
2020-08-09,US,Mississippi,Stone,199,5,0,30.79187949,-89.11547539,28131.0,1085.2966841186735,2.512562814070352,194,194,4,0,190,186,18717,5,1,0,4,8
2020-08-09,US,Mississippi,Sunflower,1039,25,0,33.60192578,-90.58882684,28133.0,4137.793707686181,2.4061597690086622,1014,1024,25,0,999,992,25735,15,0,0,15,32
2020-08-09,US,Mississippi,Tallahatchie,531,10,0,33.95339918,-90.1729398,28135.0,3845.318270693026,1.8832391713747645,521,530,10,0,520,522,13987,1,0,0,1,8
2020-08-09,US,Mississippi,Tate,734,29,0,34.65133709,-89.94485778,28137.0,2591.7163941951208,3.9509536784741135,705,720,28,0,692,705,28759,14,1,0,13,15
2020-08-09,US,Mississippi,Tippah,366,13,0,34.76872156,-88.90988194,28139.0,1662.502838973427,3.551912568306011,353,360,13,0,347,342,21995,6,0,0,6,18
2020-08-09,US,Mississippi,Tishomingo,417,5,0,34.74023475,-88.23917219,28141.0,2151.3697570035597,1.1990407673860912,412,409,5,0,404,363,19454,8,0,0,8,46
2020-08-09,US,Mississippi,Tunica,337,7,0,34.64967704,-90.37481167,28143.0,3498.7541528239203,2.0771513353115734,330,333,7,0,326,322,9944,4,0,0,4,11
2020-08-09,US,Mississippi,Union,636,16,0,34.49162015,-89.00776006,28145.0,2207.1837584591362,2.5157232704402515,620,627,16,0,611,601,28606,9,0,0,9,26
2020-08-09,US,Mississippi,Walthall,502,20,0,31.14971548,-90.10446654,28147.0,3513.929721405572,3.98406374501992,482,498,19,0,479,491,14465,4,1,0,3,7
2020-08-09,US,Mississippi,Warren,1093,33,0,32.35810271,-90.83352619,28149.0,2408.4969480619643,3.0192131747483986,1060,1089,32,0,1057,1033,46176,4,1,0,3,56
2020-08-09,US,Mississippi,Washington,1663,41,0,33.28392041,-90.94196237,28151.0,3787.378441777312,2.465423932651834,1622,1646,41,0,1605,1606,45063,17,0,0,17,40
2020-08-09,US,Mississippi,Wayne,767,21,0,31.64135687,-88.69573913,28153.0,3800.227914581578,2.7379400260756195,746,764,21,0,743,753,20298,3,0,0,3,11
2020-08-09,US,Mississippi,Webster,234,12,0,33.61300486,-89.28392912,28155.0,2415.1099184642376,5.128205128205129,222,228,12,0,216,225,9788,6,0,0,6,3
2020-08-09,US,Mississippi,Wilkinson,212,13,0,31.16078225,-91.31018819,28157.0,2456.546929316339,6.132075471698112,199,205,13,0,192,201,8792,7,0,0,7,4
2020-08-09,US,Mississippi,Winston,620,16,0,33.08747908,-89.03391385,28159.0,3453.0771372876634,2.5806451612903225,604,620,16,0,604,611,18165,0,0,0,0,9
2020-08-09,US,Mississippi,Yalobusha,315,10,0,34.02824175,-89.70762049999998,28161.0,2601.585728444004,3.1746031746031744,305,313,10,0,303,312,12392,2,0,0,2,1
2020-08-09,US,Mississippi,Yazoo,831,12,0,32.77890365,-90.39656148,28163.0,2798.9221960255977,1.444043321299639,819,829,12,0,817,815,28248,2,0,0,2,14
2020-08-09,US,Missouri,Adair,159,0,0,40.19058551,-92.60078167,29001.0,627.3921793000039,0.0,159,152,0,0,152,152,25339,7,0,0,7,0
2020-08-09,US,Missouri,Andrew,87,1,0,39.98492163,-94.80163024,29003.0,491.19241192411926,1.1494252873563218,86,88,1,0,87,88,17607,-1,0,0,-1,0
2020-08-09,US,Missouri,Atchison,18,0,0,40.43238737,-95.42970639,29005.0,349.990278047832,0.0,18,14,0,0,14,14,5171,4,0,0,4,0
2020-08-09,US,Missouri,Audrain,200,1,0,39.215877,-91.84242683,29007.0,787.7737513786043,0.5,199,199,1,0,198,199,25473,1,0,0,1,0
2020-08-09,US,Missouri,Barry,254,4,0,36.70978521,-93.82919888,29009.0,709.7152756433542,1.5748031496062993,250,248,4,0,244,248,35886,6,0,0,6,0
2020-08-09,US,Missouri,Barton,68,0,0,37.50207671,-94.34757022,29011.0,578.5264590777608,0.0,68,69,0,0,69,69,11798,-1,0,0,-1,0
2020-08-09,US,Missouri,Bates,47,1,0,38.25271289,-94.34113157,29013.0,290.6257729408855,2.127659574468085,46,44,1,0,43,44,16320,3,0,0,3,0
2020-08-09,US,Missouri,Benton,94,1,0,38.29503305,-93.28756116,29015.0,483.46448593324084,1.0638297872340423,93,90,1,0,89,90,19278,4,0,0,4,0
2020-08-09,US,Missouri,Bollinger,68,1,0,37.32449052,-90.02725304,29017.0,560.454957553779,1.4705882352941178,67,64,1,0,63,64,12169,4,0,0,4,0
2020-08-09,US,Missouri,Boone,1375,3,0,38.99186229,-92.30723575,29019.0,761.9290380853693,0.21818181818181814,1372,1328,3,0,1325,1328,180005,47,0,0,47,0
2020-08-09,US,Missouri,Buchanan,1084,10,0,39.65816401,-94.80138942,29021.0,1240.7856783114325,0.922509225092251,1074,1076,10,0,1066,1076,88571,8,0,0,8,0
2020-08-09,US,Missouri,Butler,281,2,0,36.71462476,-90.40421163,29023.0,661.5189039031967,0.7117437722419929,279,275,2,0,273,275,42639,6,0,0,6,0
2020-08-09,US,Missouri,Caldwell,35,1,0,39.65620858,-93.98308093,29025.0,388.0266075388026,2.8571428571428568,34,36,1,0,35,36,9108,-1,0,0,-1,0
2020-08-09,US,Missouri,Callaway,157,1,0,38.83674754,-91.92186505,29027.0,350.89287709809355,0.6369426751592356,156,142,1,0,141,142,44889,15,0,0,15,0
2020-08-09,US,Missouri,Camden,350,5,0,38.02199522,-92.76083747,29029.0,755.8578987150415,1.4285714285714286,345,339,5,0,334,339,45815,11,0,0,11,0
2020-08-09,US,Missouri,Cape Girardeau,651,5,0,37.38489388,-89.6843587,29031.0,825.3984354198628,0.7680491551459293,646,636,5,0,631,636,78753,15,0,0,15,0
2020-08-09,US,Missouri,Carroll,101,0,0,39.42762566,-93.50626255,29033.0,1163.7285401543954,0.0,101,100,0,0,100,100,8743,1,0,0,1,0
2020-08-09,US,Missouri,Carter,20,1,0,36.94160441,-90.96051322,29035.0,334.33634236041456,5.0,19,20,1,0,19,20,6054,0,0,0,0,0
2020-08-09,US,Missouri,Cass,742,9,0,38.64789422,-94.353399,29037.0,701.4558517678198,1.2129380053908356,733,705,9,0,696,705,104954,37,0,0,37,0
2020-08-09,US,Missouri,Cedar,40,0,0,37.72391475,-93.85445441,29039.0,278.7650707366367,0.0,40,38,0,0,38,38,14165,2,0,0,2,0
2020-08-09,US,Missouri,Chariton,17,0,0,39.51499357,-92.9629191,29041.0,228.92539725289524,0.0,17,17,0,0,17,17,7451,0,0,0,0,0
2020-08-09,US,Missouri,Christian,351,1,0,36.9711783,-93.18537118,29043.0,396.1848862802642,0.2849002849002849,350,335,1,0,334,335,86983,16,0,0,16,0
2020-08-09,US,Missouri,Clark,20,0,0,40.41040752,-91.73661677,29045.0,294.2474621156393,0.0,20,20,0,0,20,20,6842,0,0,0,0,0
2020-08-09,US,Missouri,Clay,1037,20,0,39.31132056,-94.41850862,29047.0,414.8862963496408,1.9286403085824493,1017,1011,20,0,991,1011,246365,26,0,0,26,0
2020-08-09,US,Missouri,Clinton,82,0,0,39.6013098,-94.40465394,29049.0,402.21709913179967,0.0,82,79,0,0,79,79,20470,3,0,0,3,0
2020-08-09,US,Missouri,Cole,410,3,0,38.50455671,-92.27860244,29051.0,534.2367580949899,0.7317073170731707,407,376,3,0,373,376,76796,34,0,0,34,0
2020-08-09,US,Missouri,Cooper,125,0,0,38.844478,-92.80896081,29053.0,705.8557795471228,0.0,125,116,0,0,116,116,17603,9,0,0,9,0
2020-08-09,US,Missouri,Crawford,73,0,0,37.97663738,-91.30528104,29055.0,305.1839464882944,0.0,73,71,0,0,71,71,23957,2,0,0,2,0
2020-08-09,US,Missouri,Dade,15,0,0,37.431814,-93.8503345,29057.0,198.3864568178812,0.0,15,15,0,0,15,15,7569,0,0,0,0,0
2020-08-09,US,Missouri,Dallas,67,1,0,37.6811355,-93.02127031,29059.0,396.96646522099775,1.492537313432836,66,60,1,0,59,60,16762,7,0,0,7,0
2020-08-09,US,Missouri,Daviess,17,0,0,39.96145298,-93.98519678,29061.0,205.36361439961343,0.0,17,17,0,0,17,17,8313,0,0,0,0,0
2020-08-09,US,Missouri,DeKalb,35,1,0,39.89201062,-94.40476508,29063.0,278.95114369968917,2.8571428571428568,34,35,1,0,34,35,12630,0,0,0,0,0
2020-08-09,US,Missouri,Dent,11,0,0,37.60663134,-91.50790473,29065.0,70.63507352469017,0.0,11,10,0,0,10,10,15441,1,0,0,1,0
2020-08-09,US,Missouri,Douglas,82,2,0,36.9325593,-92.49905109,29067.0,621.9188471748199,2.4390243902439024,80,83,2,0,81,83,13373,-1,0,0,-1,0
2020-08-09,US,Missouri,Dunklin,310,4,0,36.27167174,-90.09122243,29069.0,1064.158456626961,1.2903225806451613,306,300,4,0,296,300,29423,10,0,0,10,0
2020-08-09,US,Missouri,Franklin,618,18,0,38.41127108,-91.07522826,29071.0,594.4193830734753,2.9126213592233015,600,590,18,0,572,590,103670,28,0,0,28,0
2020-08-09,US,Missouri,Gasconade,24,0,0,38.43947277,-91.50847147,29073.0,163.19869441044472,0.0,24,21,0,0,21,21,14705,3,0,0,3,0
2020-08-09,US,Missouri,Gentry,83,9,0,40.21097916,-94.40944419,29075.0,1263.125856034089,10.843373493975903,74,83,9,0,74,83,6628,0,0,0,0,0
2020-08-09,US,Missouri,Greene,1515,10,0,37.2575872,-93.34230916,29077.0,516.91312447541,0.6600660066006601,1505,1440,10,0,1430,1440,291923,75,0,0,75,0
2020-08-09,US,Missouri,Grundy,27,1,0,40.11406587,-93.56509276,29079.0,274.11167512690355,3.703703703703704,26,25,1,0,24,25,9914,2,0,0,2,0
2020-08-09,US,Missouri,Harrison,60,1,0,40.35570088,-93.99222144,29081.0,718.3908045977013,1.6666666666666667,59,60,1,0,59,60,8414,0,0,0,0,0
2020-08-09,US,Missouri,Henry,79,3,0,38.38482826,-93.79293734,29083.0,361.98680351906165,3.79746835443038,76,76,3,0,73,76,21792,3,0,0,3,0
2020-08-09,US,Missouri,Hickory,31,0,0,37.94163617,-93.3203037,29085.0,324.8113998323554,0.0,31,28,0,0,28,28,9509,3,0,0,3,0
2020-08-09,US,Missouri,Holt,8,0,0,40.09799248,-95.2163888,29087.0,181.69429934135812,0.0,8,8,0,0,8,8,4404,0,0,0,0,0
2020-08-09,US,Missouri,Howard,52,0,0,39.1435761,-92.69756691,29089.0,519.94800519948,0.0,52,49,0,0,49,49,10137,3,0,0,3,0
2020-08-09,US,Missouri,Howell,153,2,0,36.77383887,-91.88683935,29091.0,381.38445048233916,1.30718954248366,151,152,2,0,150,152,40076,1,0,0,1,0
2020-08-09,US,Missouri,Iron,22,0,0,37.55487945,-90.7735296,29093.0,217.283950617284,0.0,22,21,0,0,21,21,10177,1,0,0,1,0
2020-08-09,US,Missouri,Jackson,4014,64,0,39.01002188,-94.34724536,29095.0,570.9725736866137,1.5944195316392626,3950,3909,64,0,3845,3909,700307,105,0,0,105,0
2020-08-09,US,Missouri,Jasper,1761,31,0,37.20351921,-94.34050458,29097.0,1451.4374258209152,1.7603634298693924,1730,1738,30,0,1708,1738,120636,23,1,0,22,0
2020-08-09,US,Missouri,Jefferson,1593,24,0,38.25926778,-90.53870896,29099.0,707.7452117237794,1.5065913370998116,1569,1544,24,0,1520,1544,224347,49,0,0,49,0
2020-08-09,US,Missouri,Johnson,487,2,0,38.74719601,-93.80691168,29101.0,900.8175798157672,0.4106776180698152,485,486,2,0,484,486,53652,1,0,0,1,0
2020-08-09,US,Missouri,Kansas City,6648,63,0,39.0997,-94.5786,0.0,1359.6676913259828,0.947653429602888,6585,6476,61,0,6415,6476,491918,172,2,0,170,0
2020-08-09,US,Missouri,Knox,27,0,0,40.12699751,-92.14780832,29103.0,681.9904016165699,0.0,27,27,0,0,27,27,3947,0,0,0,0,0
2020-08-09,US,Missouri,Laclede,200,1,0,37.65896829,-92.5888493,29105.0,559.8633933320269,0.5,199,195,1,0,194,195,35713,5,0,0,5,0
2020-08-09,US,Missouri,Lafayette,178,2,0,39.06986886,-93.78076396,29107.0,544.2093677387795,1.1235955056179776,176,175,2,0,173,175,32598,3,0,0,3,0
2020-08-09,US,Missouri,Lawrence,228,2,0,37.10626634,-93.83293097,29109.0,594.4466171294488,0.8771929824561403,226,211,2,0,209,211,38359,17,0,0,17,0
2020-08-09,US,Missouri,Lewis,46,1,0,40.09673161,-91.72070156,29111.0,470.5400981996727,2.1739130434782608,45,40,1,0,39,40,9855,6,0,0,6,0
2020-08-09,US,Missouri,Lincoln,374,1,0,39.05345619,-90.95588181,29113.0,633.7586633453645,0.26737967914438504,373,360,1,0,359,360,57686,14,0,0,14,0
2020-08-09,US,Missouri,Linn,32,1,0,39.87001769,-93.10704106,29115.0,268.4563758389262,3.125,31,29,1,0,28,29,12037,3,0,0,3,0
2020-08-09,US,Missouri,Livingston,61,0,0,39.78110272,-93.54645978,29117.0,400.60418992578974,0.0,61,60,0,0,60,60,15146,1,0,0,1,0
2020-08-09,US,Missouri,Macon,58,0,0,39.83049768,-92.56453089,29121.0,383.6740093933981,0.0,58,57,0,0,57,57,15153,1,0,0,1,0
2020-08-09,US,Missouri,Madison,25,0,0,37.47865134,-90.3467143,29123.0,206.81667769688943,0.0,25,24,0,0,24,24,12188,1,0,0,1,0
2020-08-09,US,Missouri,Maries,23,0,0,38.16193985,-91.92249662,29125.0,264.4590088536277,0.0,23,20,0,0,20,20,8769,3,0,0,3,0
2020-08-09,US,Missouri,Marion,193,1,0,39.80601912,-91.62203062,29127.0,676.4808973010865,0.5181347150259067,192,181,1,0,180,181,28592,12,0,0,12,0
2020-08-09,US,Missouri,McDonald,950,7,0,36.62869595,-94.34867205,29119.0,4159.915925909709,0.7368421052631579,943,950,7,0,943,950,23078,0,0,0,0,0
2020-08-09,US,Missouri,Mercer,11,0,0,40.42212303,-93.5682959,29129.0,304.11943599668234,0.0,11,10,0,0,10,10,3641,1,0,0,1,0
2020-08-09,US,Missouri,Miller,127,1,0,38.21450288,-92.42610898,29131.0,495.72582848667,0.7874015748031497,126,114,1,0,113,114,25336,13,0,0,13,0
2020-08-09,US,Missouri,Mississippi,135,0,0,36.82516239,-89.29505753,29133.0,1024.279210925645,0.0,135,134,0,0,134,134,13336,1,0,0,1,0
2020-08-09,US,Missouri,Moniteau,146,2,0,38.63571781,-92.57976951,29135.0,905.0334738408133,1.3698630136986298,144,139,2,0,137,139,16121,7,0,0,7,0
2020-08-09,US,Missouri,Monroe,29,0,0,39.49593978,-92.00043978,29137.0,335.4928273947246,0.0,29,27,0,0,27,27,8664,2,0,0,2,0
2020-08-09,US,Missouri,Montgomery,41,0,0,38.94022054,-91.47000721,29139.0,354.9476235823738,0.0,41,41,0,0,41,41,11534,0,0,0,0,0
2020-08-09,US,Missouri,Morgan,81,0,0,38.4181765,-92.88791859,29141.0,392.68919377514914,0.0,81,78,0,0,78,78,20358,3,0,0,3,0
2020-08-09,US,Missouri,New Madrid,250,1,0,36.59666326,-89.66070007,29143.0,1464.0431014289059,0.4,249,230,1,0,229,230,17296,20,0,0,20,0
2020-08-09,US,Missouri,Newton,869,6,0,36.90519407,-94.3394104,29145.0,1492.204134899375,0.6904487917146145,863,868,6,0,862,868,58266,1,0,0,1,0
2020-08-09,US,Missouri,Nodaway,179,0,0,40.36079813,-94.88133008,29147.0,810.2480535940613,0.0,179,175,0,0,175,175,22304,4,0,0,4,0
2020-08-09,US,Missouri,Oregon,16,0,0,36.68710164,-91.4033755,29149.0,151.96124988128028,0.0,16,14,0,0,14,14,10541,2,0,0,2,0
2020-08-09,US,Missouri,Osage,48,1,0,38.46036182,-91.8613635,29151.0,352.55233198677934,2.083333333333333,47,45,1,0,44,45,13714,3,0,0,3,0
2020-08-09,US,Missouri,Ozark,12,0,0,36.64916339,-92.44459066,29153.0,130.80444735120994,0.0,12,12,0,0,12,12,9017,0,0,0,0,0
2020-08-09,US,Missouri,Pemiscot,234,9,0,36.2130572,-89.78742322,29155.0,1480.5441316039228,3.8461538461538463,225,234,9,0,225,234,16272,0,0,0,0,0
2020-08-09,US,Missouri,Perry,225,4,0,37.70660776,-89.82741088,29157.0,1175.7943143812709,1.7777777777777777,221,223,4,0,219,223,19150,2,0,0,2,0
2020-08-09,US,Missouri,Pettis,505,4,0,38.72798918,-93.28471706,29159.0,1192.7537258792129,0.7920792079207921,501,487,4,0,483,487,42542,18,0,0,18,0
2020-08-09,US,Missouri,Phelps,88,0,0,37.87736118,-91.79351727,29161.0,197.4289368003051,0.0,88,81,0,0,81,81,44732,7,0,0,7,0
2020-08-09,US,Missouri,Pike,99,1,0,39.34310674,-91.16980779,29163.0,540.9244891268713,1.0101010101010102,98,95,1,0,94,95,18504,4,0,0,4,0
2020-08-09,US,Missouri,Platte,363,10,0,39.38154439,-94.77068479,29165.0,347.64121128541063,2.7548209366391183,353,343,10,0,333,343,102985,20,0,0,20,0
2020-08-09,US,Missouri,Polk,208,0,0,37.6162296,-93.39828174,29167.0,646.987464617873,0.0,208,209,0,0,209,209,32201,-1,0,0,-1,0
2020-08-09,US,Missouri,Pulaski,224,1,0,37.82462075,-92.20783203,29169.0,425.7988480620449,0.44642857142857145,223,197,1,0,196,197,52014,27,0,0,27,0
2020-08-09,US,Missouri,Putnam,13,1,0,40.47942497,-93.02042674,29171.0,276.83134582623507,7.6923076923076925,12,13,1,0,12,13,4757,0,0,0,0,0
2020-08-09,US,Missouri,Ralls,32,0,0,39.52817427,-91.51838643,29173.0,310.4083810262877,0.0,32,29,0,0,29,29,10212,3,0,0,3,0
2020-08-09,US,Missouri,Randolph,69,1,0,39.44007257,-92.4971374,29175.0,278.810408921933,1.4492753623188406,68,67,1,0,66,67,24763,2,0,0,2,0
2020-08-09,US,Missouri,Ray,116,2,0,39.3537468,-93.98905745,29177.0,503.95342775219393,1.7241379310344829,114,116,2,0,114,116,22883,0,0,0,0,0
2020-08-09,US,Missouri,Reynolds,16,0,0,37.36085952,-90.97009925,29179.0,255.18341307814998,0.0,16,16,0,0,16,16,6254,0,0,0,0,0
2020-08-09,US,Missouri,Ripley,52,0,0,36.65460667,-90.85990261,29181.0,391.3305237808549,0.0,52,51,0,0,51,51,13401,1,0,0,1,0
2020-08-09,US,Missouri,Saline,428,7,0,39.13734288,-93.20259964,29195.0,1880.4094723430426,1.6355140186915889,421,424,7,0,417,424,22895,4,0,0,4,0
2020-08-09,US,Missouri,Schuyler,11,0,0,40.46921489,-92.52311943,29197.0,236.05150214592274,0.0,11,10,0,0,10,10,4599,1,0,0,1,0
2020-08-09,US,Missouri,Scotland,15,1,0,40.45214695,-92.14709064,29199.0,305.9975520195838,6.666666666666668,14,14,1,0,13,14,4966,1,0,0,1,0
2020-08-09,US,Missouri,Scott,395,13,0,37.05588075,-89.56474493,29201.0,1031.8704284221526,3.2911392405063293,382,381,13,0,368,381,38458,14,0,0,14,0
2020-08-09,US,Missouri,Shannon,43,1,0,37.15772072,-91.40190382,29203.0,526.573597844722,2.3255813953488373,42,43,1,0,42,43,8189,0,0,0,0,0
2020-08-09,US,Missouri,Shelby,38,0,0,39.79742518,-92.07634971,29205.0,640.8094435075885,0.0,38,30,0,0,30,30,6050,8,0,0,8,0
2020-08-09,US,Missouri,St. Charles,4052,87,0,38.77875681,-90.66662425,29183.0,1007.9050400226853,2.1470878578479757,3965,3954,87,0,3867,3954,399182,98,0,0,98,0
2020-08-09,US,Missouri,St. Clair,19,0,0,38.03699437,-93.77631447,29185.0,202.19218899648826,0.0,19,18,0,0,18,18,9395,1,0,0,1,0
2020-08-09,US,Missouri,St. Francois,368,2,0,37.81214171,-90.47598685,29187.0,547.4968385033103,0.5434782608695652,366,350,2,0,348,350,66692,18,0,0,18,0
2020-08-09,US,Missouri,St. Louis,14785,667,0,38.63770039999999,-90.4458375,29189.0,1487.1178479287466,4.511329049712547,14118,14666,663,0,14003,14563,996945,119,4,0,115,103
2020-08-09,US,Missouri,St. Louis City,5200,174,0,38.63555736,-90.24349225,29510.0,1730.0117108485047,3.3461538461538463,5026,5139,174,0,4965,5058,302838,61,0,0,61,81
2020-08-09,US,Missouri,Ste. Genevieve,56,1,0,37.89090059,-90.1949941,29186.0,312.9540628143512,1.7857142857142858,55,53,1,0,52,53,17888,3,0,0,3,0
2020-08-09,US,Missouri,Stoddard,231,9,0,36.85571651,-89.9444155,29207.0,795.8656330749353,3.8961038961038965,222,224,9,0,215,224,29206,7,0,0,7,0
2020-08-09,US,Missouri,Stone,129,1,0,36.75000327,-93.45256475,29209.0,403.7305958938408,0.7751937984496124,128,123,1,0,122,123,31749,6,0,0,6,0
2020-08-09,US,Missouri,Sullivan,144,0,0,40.2099105,-93.11150106,29211.0,2364.920348168829,0.0,144,141,0,0,141,141,6221,3,0,0,3,0
2020-08-09,US,Missouri,Taney,589,3,0,36.65465345,-93.04075153,29213.0,1053.139751108568,0.5093378607809848,586,548,3,0,545,548,55852,41,0,0,41,0
2020-08-09,US,Missouri,Texas,52,0,0,37.31728859,-91.96564727,29215.0,204.7405307504528,0.0,52,50,0,0,50,50,25571,2,0,0,2,0
2020-08-09,US,Missouri,Vernon,53,0,0,37.8457799,-94.34127305,29217.0,257.7444925351359,0.0,53,49,0,0,49,49,20528,4,0,0,4,0
2020-08-09,US,Missouri,Warren,196,0,0,38.76529479,-91.16124662,29219.0,549.8050436197368,0.0,196,191,0,0,191,191,34711,5,0,0,5,0
2020-08-09,US,Missouri,Washington,77,1,0,37.96130078,-90.87948158,29221.0,311.3627173473514,1.2987012987012987,76,69,1,0,68,69,24943,8,0,0,8,0
2020-08-09,US,Missouri,Wayne,55,0,0,37.11303869,-90.46001416,29223.0,427.2508350811777,0.0,55,55,0,0,55,55,13122,0,0,0,0,0
2020-08-09,US,Missouri,Webster,135,1,0,37.2813734,-92.876329,29225.0,340.9779753485553,0.7407407407407407,134,128,1,0,127,128,39109,7,0,0,7,0
2020-08-09,US,Missouri,Worth,9,0,0,40.47945588,-94.42328751,29227.0,447.0938897168405,0.0,9,9,0,0,9,9,2040,0,0,0,0,0
2020-08-09,US,Missouri,Wright,62,0,0,37.27029221,-92.46914488,29229.0,339.00158565257806,0.0,62,61,0,0,61,61,18378,1,0,0,1,0
2020-08-09,US,Montana,Beaverhead,64,0,0,45.13434354,-112.89846940000001,30001.0,677.0337459007723,0.0,64,62,0,0,62,61,9404,2,0,0,2,1
2020-08-09,US,Montana,Big Horn,428,13,0,45.42335905,-107.492347,30003.0,3213.4544635483144,3.037383177570093,415,421,13,0,408,407,13338,7,0,0,7,14
2020-08-09,US,Montana,Blaine,10,0,0,48.43175214,-108.9582723,30005.0,149.678191887442,0.0,10,10,0,0,10,10,6807,0,0,0,0,0
2020-08-09,US,Montana,Broadwater,12,0,0,46.33277565,-111.49558130000001,30007.0,192.40019240019242,0.0,12,11,0,0,11,11,6085,1,0,0,1,0
2020-08-09,US,Montana,Carbon,69,0,0,45.22850116,-109.0274047,30009.0,643.3566433566432,0.0,69,68,0,0,68,67,10714,1,0,0,1,1
2020-08-09,US,Montana,Cascade,166,4,0,47.30797024,-111.3467922,30013.0,204.01641963473685,2.409638554216868,162,164,4,0,160,162,81643,2,0,0,2,2
2020-08-09,US,Montana,Chouteau,10,0,0,47.88084126,-110.4353362,30015.0,177.4622892635315,0.0,10,10,0,0,10,8,5745,0,0,0,0,2
2020-08-09,US,Montana,Custer,61,2,0,46.25319932,-105.57375259999998,30017.0,534.9938607261884,3.278688524590164,59,61,2,0,59,61,11586,0,0,0,0,0
2020-08-09,US,Montana,Daniels,3,0,0,48.78420029,-105.54763429999998,30019.0,177.5147928994083,0.0,3,3,0,0,3,3,1747,0,0,0,0,0
2020-08-09,US,Montana,Dawson,17,0,0,47.26584855,-104.89444170000002,30021.0,197.376059445025,0.0,17,17,0,0,17,17,8680,0,0,0,0,0
2020-08-09,US,Montana,Deer Lodge,25,0,0,46.05953325,-113.073353,30023.0,273.52297592997814,0.0,25,25,0,0,25,25,9131,0,0,0,0,0
2020-08-09,US,Montana,Fallon,2,0,0,46.33478338,-104.41835649999999,30025.0,70.27406886858749,0.0,2,2,0,0,2,2,2920,0,0,0,0,0
2020-08-09,US,Montana,Fergus,13,0,0,47.26331584,-109.2245206,30027.0,117.64705882352942,0.0,13,9,0,0,9,9,11113,4,0,0,4,0
2020-08-09,US,Montana,Flathead,330,2,0,48.29575866,-114.05205690000001,30029.0,317.90069938153863,0.6060606060606061,328,330,2,0,328,322,102106,0,0,0,0,8
2020-08-09,US,Montana,Gallatin,939,3,0,45.54486106,-111.1692571,30031.0,820.5603229809323,0.3194888178913738,936,930,3,0,927,915,111876,9,0,0,9,15
2020-08-09,US,Montana,Garfield,12,0,0,47.27545948,-107.0002351,30033.0,953.8950715421304,0.0,12,12,0,0,12,12,1268,0,0,0,0,0
2020-08-09,US,Montana,Glacier,74,1,0,48.70513576,-112.9934235,30035.0,538.0644223078601,1.351351351351351,73,72,1,0,71,69,13747,2,0,0,2,3
2020-08-09,US,Montana,Golden Valley,3,0,0,46.3816474,-109.17685220000001,30037.0,365.4080389768576,0.0,3,3,0,0,3,3,826,0,0,0,0,0
2020-08-09,US,Montana,Granite,16,0,0,46.40605220000001,-113.4414186,30039.0,473.5128736312519,0.0,16,16,0,0,16,13,3378,0,0,0,0,3
2020-08-09,US,Montana,Hill,42,2,0,48.62879827,-110.1129252,30041.0,254.79252608590144,4.761904761904762,40,42,2,0,40,42,16347,0,0,0,0,0
2020-08-09,US,Montana,Jefferson,28,0,0,46.14907081,-112.094396,30043.0,229.11382047295638,0.0,28,28,0,0,28,27,12097,0,0,0,0,1
2020-08-09,US,Montana,Judith Basin,3,0,0,47.04581276,-110.26606880000001,30045.0,149.47683109118088,0.0,3,3,0,0,3,3,1952,0,0,0,0,0
2020-08-09,US,Montana,Lake,180,1,0,47.64514965,-114.0898013,30047.0,590.977739838466,0.5555555555555556,179,179,1,0,178,179,30250,1,0,0,1,0
2020-08-09,US,Montana,Lewis and Clark,158,1,0,47.12610041,-112.39469799999999,30049.0,227.56077889157737,0.6329113924050633,157,156,1,0,155,152,68700,2,0,0,2,4
2020-08-09,US,Montana,Liberty,1,0,0,48.56084317,-111.02430700000001,30051.0,42.78990158322636,0.0,1,1,0,0,1,1,2430,0,0,0,0,0
2020-08-09,US,Montana,Lincoln,77,2,0,48.54265777,-115.4046155,30053.0,385.38538538538535,2.5974025974025974,75,76,2,0,74,74,19794,1,0,0,1,2
2020-08-09,US,Montana,Madison,84,1,0,45.30080065,-111.9173017,30057.0,976.7441860465117,1.1904761904761905,83,87,1,0,86,82,8768,-3,0,0,-3,5
2020-08-09,US,Montana,McCone,3,0,0,47.64469406,-105.79449939999999,30055.0,180.2884615384616,0.0,3,3,0,0,3,3,1675,0,0,0,0,0
2020-08-09,US,Montana,Meagher,4,0,0,46.59907074,-110.8898557,30059.0,214.8227712137487,0.0,4,4,0,0,4,4,1866,0,0,0,0,0
2020-08-09,US,Montana,Missoula,329,1,0,47.03728583,-113.92135079999998,30063.0,275.0836120401338,0.30395136778115506,328,328,1,0,327,318,118791,1,0,0,1,10
2020-08-09,US,Montana,Musselshell,3,0,0,46.49684637,-108.39498,30065.0,64.7528599179797,0.0,3,3,0,0,3,3,4651,0,0,0,0,0
2020-08-09,US,Montana,Park,55,0,0,45.48965095,-110.52643940000002,30067.0,331.20558834156327,0.0,55,55,0,0,55,55,16736,0,0,0,0,0
2020-08-09,US,Montana,Phillips,28,0,0,48.25936577,-107.9128511,30071.0,708.1436519979767,0.0,28,28,0,0,28,21,4074,0,0,0,0,7
2020-08-09,US,Montana,Pondera,11,0,0,48.22773388,-112.22527029999999,30073.0,186.09372356623246,0.0,11,11,0,0,11,11,5972,0,0,0,0,0
2020-08-09,US,Montana,Powder River,1,0,0,45.39617714,-105.636738,30075.0,59.453032104637344,0.0,1,1,0,0,1,1,1716,0,0,0,0,0
2020-08-09,US,Montana,Powell,2,0,0,46.85538891,-112.93591640000001,30077.0,29.027576197387518,0.0,2,2,0,0,2,2,6968,0,0,0,0,0
2020-08-09,US,Montana,Prairie,1,0,0,46.86048047,-105.379384,30079.0,92.85051067780873,0.0,1,1,0,0,1,1,1087,0,0,0,0,0
2020-08-09,US,Montana,Ravalli,83,1,0,46.08520862,-114.11891640000002,30081.0,189.4717618591061,1.2048192771084338,82,82,1,0,81,82,43172,1,0,0,1,0
2020-08-09,US,Montana,Richland,47,2,0,47.78668011,-104.5610786,30083.0,435.0643339813015,4.25531914893617,45,47,2,0,45,47,10913,0,0,0,0,0
2020-08-09,US,Montana,Roosevelt,23,0,0,48.29607488,-105.00792679999999,30085.0,209.01490367139226,0.0,23,23,0,0,23,21,11059,0,0,0,0,2
2020-08-09,US,Montana,Rosebud,34,1,0,46.23397237,-106.72928799999998,30087.0,380.44086382454964,2.9411764705882355,33,33,1,0,32,32,9063,1,0,0,1,1
2020-08-09,US,Montana,Sanders,9,0,0,47.67657534,-115.1329916,30089.0,74.30033847931973,0.0,9,9,0,0,9,9,11844,0,0,0,0,0
2020-08-09,US,Montana,Sheridan,5,0,0,48.72085833,-104.50382900000001,30091.0,151.1030522816561,0.0,5,5,0,0,5,5,3424,0,0,0,0,0
2020-08-09,US,Montana,Silver Bow,88,0,0,45.90018933,-112.6620092,30093.0,252.04067019905486,0.0,88,85,0,0,85,85,34993,3,0,0,3,0
2020-08-09,US,Montana,Stillwater,26,1,0,45.67071407,-109.3950061,30095.0,269.6535988384153,3.8461538461538463,25,23,1,0,22,23,9534,3,0,0,3,0
2020-08-09,US,Montana,Sweet Grass,5,1,0,45.81367654,-109.9425686,30097.0,133.7971635001338,20.0,4,5,1,0,4,5,3710,0,0,0,0,0
2020-08-09,US,Montana,Teton,15,0,0,47.83741052,-112.24106880000001,30099.0,244.0214738897023,0.0,15,15,0,0,15,15,6162,0,0,0,0,0
2020-08-09,US,Montana,Toole,45,6,0,48.65577551,-111.69424140000001,30101.0,950.1689189189192,13.333333333333336,39,45,6,0,39,42,4853,0,0,0,0,3
2020-08-09,US,Montana,Treasure,2,0,0,46.20973220000001,-107.26665159999999,30103.0,287.3563218390805,0.0,2,2,0,0,2,2,679,0,0,0,0,0
2020-08-09,US,Montana,Valley,15,0,0,48.36435097,-106.6669635,30105.0,202.8123309897242,0.0,15,14,0,0,14,15,7437,1,0,0,1,-1
2020-08-09,US,Montana,Wheatland,3,0,0,46.46652491,-109.84646359999999,30107.0,141.11006585136406,0.0,3,3,0,0,3,3,2236,0,0,0,0,0
2020-08-09,US,Montana,Wibaux,3,0,0,46.95925154,-104.2510927,30109.0,309.59752321981426,0.0,3,3,0,0,3,3,1034,0,0,0,0,0
2020-08-09,US,Montana,Yellowstone,1285,30,0,45.93955949,-108.26914860000001,30111.0,796.652200867948,2.3346303501945527,1255,1261,30,0,1231,1212,160137,24,0,0,24,49
2020-08-09,US,Nebraska,Adams,353,11,0,40.52449420000001,-98.50117804,31001.0,1125.53008321908,3.1161473087818696,342,353,11,0,342,353,31511,0,0,0,0,0
2020-08-09,US,Nebraska,Antelope,19,1,0,42.17695516,-98.06662829999999,31003.0,301.6830739917434,5.2631578947368425,18,19,1,0,18,19,6336,0,0,0,0,0
2020-08-09,US,Nebraska,Arthur,1,0,0,41.56896142,-101.6959559,31005.0,215.98272138228938,0.0,1,1,0,0,1,1,465,0,0,0,0,0
2020-08-09,US,Nebraska,Banner,3,0,0,41.54634427,-103.7114332,31007.0,402.6845637583893,0.0,3,3,0,0,3,3,730,0,0,0,0,0
2020-08-09,US,Nebraska,Boone,8,0,0,41.70759415,-98.06737183,31011.0,154.08320493066256,0.0,8,8,0,0,8,8,5239,0,0,0,0,0
2020-08-09,US,Nebraska,Box Butte,12,0,0,42.22079243,-103.08788340000001,31013.0,111.28628396550128,0.0,12,12,0,0,12,11,10772,0,0,0,0,1
2020-08-09,US,Nebraska,Boyd,4,0,0,42.899727399999996,-98.76486568,31015.0,208.4418968212611,0.0,4,4,0,0,4,4,1955,0,0,0,0,0
2020-08-09,US,Nebraska,Buffalo,415,1,0,40.85486962,-99.07500296,31019.0,835.6994703880466,0.24096385542168675,414,406,1,0,405,401,49615,9,0,0,9,5
2020-08-09,US,Nebraska,Burt,33,0,0,41.85056773,-96.32605633,31021.0,510.91500232234085,0.0,33,31,0,0,31,31,6488,2,0,0,2,0
2020-08-09,US,Nebraska,Butler,60,0,0,41.22703692,-97.13106306,31023.0,748.502994011976,0.0,60,60,0,0,60,60,8058,0,0,0,0,0
2020-08-09,US,Nebraska,Cass,178,2,0,40.90899107,-96.13971217,31025.0,678.1469064309663,1.1235955056179776,176,176,2,0,174,172,26159,2,0,0,2,4
2020-08-09,US,Nebraska,Cedar,22,0,0,42.598885100000004,-97.25311951,31027.0,261.8424184717924,0.0,22,22,0,0,22,22,8446,0,0,0,0,0
2020-08-09,US,Nebraska,Chase,6,0,0,40.523719799999995,-101.69780259999999,31029.0,152.9051987767584,0.0,6,6,0,0,6,6,3977,0,0,0,0,0
2020-08-09,US,Nebraska,Cherry,4,0,0,42.54502621,-101.1244332,31031.0,70.31112673580594,0.0,4,4,0,0,4,4,5761,0,0,0,0,0
2020-08-09,US,Nebraska,Cheyenne,26,0,0,41.21999357,-102.9941693,31033.0,291.8069584736251,0.0,26,26,0,0,26,26,9310,0,0,0,0,0
2020-08-09,US,Nebraska,Clay,50,0,0,40.52439441,-98.05126296,31035.0,806.0615831049491,0.0,50,50,0,0,50,50,6214,0,0,0,0,0
2020-08-09,US,Nebraska,Colfax,701,4,0,41.57486951,-97.0868542,31037.0,6545.895975347838,0.5706134094151213,697,701,4,0,697,700,10881,0,0,0,0,1
2020-08-09,US,Nebraska,Cuming,67,0,0,41.91637624,-96.78730772,31039.0,757.4044765995932,0.0,67,67,0,0,67,67,8940,0,0,0,0,0
2020-08-09,US,Nebraska,Custer,46,4,0,41.39374521,-99.72805369,31041.0,426.83492623179,8.695652173913043,42,45,4,0,41,44,10840,1,0,0,1,1
2020-08-09,US,Nebraska,Dakota,1924,41,0,42.39040144,-96.56656425,31043.0,9607.5102366923,2.130977130977131,1883,1924,41,0,1883,1922,20083,0,0,0,0,2
2020-08-09,US,Nebraska,Dawes,10,0,0,42.71985036,-103.1313774,31045.0,116.42798928862499,0.0,10,10,0,0,10,10,8716,0,0,0,0,0
2020-08-09,US,Nebraska,Dawson,959,9,0,40.87028216,-99.82014609999999,31047.0,4064.420428056792,0.9384775808133472,950,956,9,0,947,956,23709,3,0,0,3,0
2020-08-09,US,Nebraska,Deuel,2,0,0,41.11168186,-102.33333309999999,31049.0,111.48272017837236,0.0,2,2,0,0,2,2,1825,0,0,0,0,0
2020-08-09,US,Nebraska,Dixon,58,2,0,42.49188363,-96.86782408,31051.0,1029.0986515259046,3.4482758620689653,56,58,2,0,56,58,5709,0,0,0,0,0
2020-08-09,US,Nebraska,Dodge,806,9,0,41.58071748,-96.65598179,31053.0,2204.293723506085,1.1166253101736974,797,799,9,0,790,791,36791,7,0,0,7,8
2020-08-09,US,Nebraska,Douglas,11270,132,0,41.29518299,-96.15085305,31055.0,1972.60062976194,1.171251109139308,11138,11190,132,0,11058,11139,566880,80,0,0,80,51
2020-08-09,US,Nebraska,Dundy,1,0,0,40.17638677,-101.6876522,31057.0,59.06674542232722,0.0,1,1,0,0,1,1,1770,0,0,0,0,0
2020-08-09,US,Nebraska,Fillmore,24,1,0,40.52458567,-97.59646937,31059.0,439.3994873672647,4.166666666666667,23,24,1,0,23,24,5527,0,0,0,0,0
2020-08-09,US,Nebraska,Franklin,12,0,0,40.17636348,-98.95299073,31061.0,402.81973816717016,0.0,12,12,0,0,12,12,3023,0,0,0,0,0
2020-08-09,US,Nebraska,Frontier,3,0,0,40.52993007,-100.3924658,31063.0,114.19870574800152,0.0,3,3,0,0,3,3,2608,0,0,0,0,0
2020-08-09,US,Nebraska,Furnas,15,1,0,40.17642064,-99.91247454,31065.0,320.786997433704,6.666666666666668,14,15,1,0,14,15,4715,0,0,0,0,0
2020-08-09,US,Nebraska,Gage,89,4,0,40.26186809,-96.68946704,31067.0,413.70334216520246,4.49438202247191,85,89,4,0,85,89,21493,0,0,0,0,0
2020-08-09,US,Nebraska,Garden,4,0,0,41.61703149,-102.3313973,31069.0,217.74632553075668,0.0,4,4,0,0,4,4,1897,0,0,0,0,0
2020-08-09,US,Nebraska,Garfield,3,0,0,41.91428955,-98.99111827,31071.0,152.36160487557137,0.0,3,3,0,0,3,3,1987,0,0,0,0,0
2020-08-09,US,Nebraska,Gosper,19,0,0,40.51481965,-99.83020279,31073.0,954.7738693467336,0.0,19,19,0,0,19,19,1996,0,0,0,0,0
2020-08-09,US,Nebraska,Greeley,10,0,0,41.56742671,-98.52150266,31077.0,424.44821731748726,0.0,10,10,0,0,10,10,2356,0,0,0,0,0
2020-08-09,US,Nebraska,Hall,1741,45,0,40.87257079,-98.50218293,31079.0,2837.6770492070477,2.584721424468696,1696,1741,45,0,1696,1738,61607,0,0,0,0,3
2020-08-09,US,Nebraska,Hamilton,100,12,0,40.87349452,-98.02099117,31081.0,1072.5010725010725,12.0,88,99,12,0,87,99,9280,1,0,0,1,0
2020-08-09,US,Nebraska,Harlan,1,0,0,40.17658508,-99.40438879,31083.0,29.58579881656805,0.0,1,1,0,0,1,1,3401,0,0,0,0,0
2020-08-09,US,Nebraska,Hitchcock,1,0,0,40.17609175,-101.04164770000001,31087.0,36.205648081100655,0.0,1,1,0,0,1,2,2806,0,0,0,0,-1
2020-08-09,US,Nebraska,Holt,13,0,0,42.45522056,-98.78402558,31089.0,129.1347968610311,0.0,13,13,0,0,13,13,10178,0,0,0,0,0
2020-08-09,US,Nebraska,Hooker,4,0,0,41.91586243,-101.1354293,31091.0,586.5102639296188,0.0,4,4,0,0,4,4,682,0,0,0,0,0
2020-08-09,US,Nebraska,Howard,55,4,0,41.2200529,-98.5166499,31093.0,853.3747090768037,7.272727272727272,51,55,4,0,51,55,6468,0,0,0,0,0
2020-08-09,US,Nebraska,Jefferson,17,0,0,40.17584531,-97.142601,31095.0,241.27164348566563,0.0,17,16,0,0,16,15,7097,1,0,0,1,1
2020-08-09,US,Nebraska,Johnson,13,0,0,40.39257596,-96.26522753,31097.0,256.35969236836917,0.0,13,13,0,0,13,13,5134,0,0,0,0,0
2020-08-09,US,Nebraska,Kearney,52,0,0,40.50663314,-98.94877182,31099.0,800.6158583525789,0.0,52,51,0,0,51,50,6544,1,0,0,1,1
2020-08-09,US,Nebraska,Keith,22,0,0,41.19930341,-101.66201640000001,31101.0,273.83619616629323,0.0,22,22,0,0,22,20,8021,0,0,0,0,2
2020-08-09,US,Nebraska,Kimball,15,0,0,41.19774275,-103.7148131,31105.0,412.9955947136564,0.0,15,15,0,0,15,15,3618,0,0,0,0,0
2020-08-09,US,Nebraska,Knox,34,0,0,42.63758421,-97.89178836,31107.0,408.0652904464714,0.0,34,34,0,0,34,34,8419,0,0,0,0,0
2020-08-09,US,Nebraska,Lancaster,3292,17,0,40.78416049,-96.68777155,31109.0,1031.6838509511424,0.5164034021871203,3275,3269,17,0,3252,3253,317272,23,0,0,23,16
2020-08-09,US,Nebraska,Lincoln,123,2,0,41.04658298,-100.74753740000001,31111.0,352.2942086269118,1.6260162601626016,121,109,2,0,107,99,35185,14,0,0,14,10
2020-08-09,US,Nebraska,Madison,453,5,0,41.91676024,-97.6005481,31119.0,1290.6350608279438,1.1037527593818983,448,449,5,0,444,445,35392,4,0,0,4,4
2020-08-09,US,Nebraska,McPherson,5,0,0,41.56797682,-101.05993620000001,31117.0,1012.1457489878543,0.0,5,5,0,0,5,5,492,0,0,0,0,0
2020-08-09,US,Nebraska,Merrick,62,0,0,41.16624273,-98.0374887,31121.0,799.4842037395229,0.0,62,61,0,0,61,61,7733,1,0,0,1,0
2020-08-09,US,Nebraska,Morrill,58,0,0,41.71711774,-103.0061405,31123.0,1249.4614390348986,0.0,58,58,0,0,58,58,4686,0,0,0,0,0
2020-08-09,US,Nebraska,Nance,8,0,0,41.39750195,-97.99327291,31125.0,227.33731173628868,0.0,8,8,0,0,8,8,3532,0,0,0,0,0
2020-08-09,US,Nebraska,Nemaha,28,0,0,40.38514847,-95.85433992,31127.0,401.6064257028112,0.0,28,28,0,0,28,28,6958,0,0,0,0,0
2020-08-09,US,Nebraska,Nuckolls,5,0,0,40.17637905,-98.04743961,31129.0,120.54001928640308,0.0,5,5,0,0,5,5,4195,0,0,0,0,0
2020-08-09,US,Nebraska,Otoe,52,0,0,40.64843556,-96.13374142,31131.0,324.7564326754934,0.0,52,45,0,0,45,45,15985,7,0,0,7,0
2020-08-09,US,Nebraska,Pawnee,9,0,0,40.13141096,-96.23705437,31133.0,344.4316877152698,0.0,9,9,0,0,9,9,2632,0,0,0,0,0
2020-08-09,US,Nebraska,Perkins,18,7,0,40.85082525,-101.6502942,31135.0,622.6219301279834,38.888888888888886,11,19,7,0,12,19,2929,-1,0,0,-1,0
2020-08-09,US,Nebraska,Phelps,37,0,0,40.51156033,-99.41461667,31137.0,409.56386982510514,0.0,37,37,0,0,37,37,8996,0,0,0,0,0
2020-08-09,US,Nebraska,Pierce,21,0,0,42.26434853,-97.60122773,31139.0,293.7884722999441,0.0,21,20,0,0,20,20,7142,1,0,0,1,0
2020-08-09,US,Nebraska,Platte,792,3,0,41.57246836,-97.52144359,31141.0,2366.2981774723635,0.3787878787878788,789,792,3,0,789,784,33363,0,0,0,0,8
2020-08-09,US,Nebraska,Polk,26,0,0,41.18813488,-97.56630712,31143.0,498.75311720698255,0.0,26,26,0,0,26,26,5278,0,0,0,0,0
2020-08-09,US,Nebraska,Red Willow,16,0,0,40.17556879999999,-100.476998,31145.0,149.19806042521446,0.0,16,16,0,0,16,17,10726,0,0,0,0,-1
2020-08-09,US,Nebraska,Richardson,22,1,0,40.1247415,-95.71755036,31147.0,279.72027972027973,4.545454545454546,21,22,1,0,21,21,7937,0,0,0,0,1
2020-08-09,US,Nebraska,Rock,3,0,0,42.42252217,-99.44832069,31149.0,221.07590272660286,0.0,3,3,0,0,3,3,1360,0,0,0,0,0
2020-08-09,US,Nebraska,Saline,595,2,0,40.52418865,-97.14085859,31151.0,4183.070866141732,0.33613445378151263,593,595,2,0,593,595,14350,0,0,0,0,0
2020-08-09,US,Nebraska,Sarpy,2258,11,0,41.11314181,-96.11156432,31153.0,1206.2223551785296,0.4871567759078831,2247,2238,11,0,2227,2220,184459,20,0,0,20,18
2020-08-09,US,Nebraska,Saunders,160,2,0,41.227810299999994,-96.63773905,31155.0,741.4959681156732,1.25,158,156,2,0,154,153,21303,4,0,0,4,3
2020-08-09,US,Nebraska,Scotts Bluff,301,6,0,41.85070896,-103.70809859999999,31157.0,845.0783311808636,1.9933554817275747,295,301,6,0,295,298,35989,0,0,0,0,3
2020-08-09,US,Nebraska,Seward,119,1,0,40.87241834,-97.139673,31159.0,688.4980328627632,0.8403361344537815,118,118,1,0,117,116,17318,1,0,0,1,2
2020-08-09,US,Nebraska,Sheridan,9,0,0,42.50284406,-102.4126613,31161.0,171.55928326343883,0.0,9,9,0,0,9,10,5190,0,0,0,0,-1
2020-08-09,US,Nebraska,Sherman,11,0,0,41.22045983,-98.97588642,31163.0,366.54448517160944,0.0,11,11,0,0,11,11,3038,0,0,0,0,0
2020-08-09,US,Nebraska,Sioux,5,0,0,42.48932059,-103.7576544,31165.0,428.8164665523156,0.0,5,5,0,0,5,5,1187,0,0,0,0,0
2020-08-09,US,Nebraska,Stanton,29,0,0,41.9169835,-97.19394708,31167.0,489.8648648648648,0.0,29,29,0,0,29,29,5970,0,0,0,0,0
2020-08-09,US,Nebraska,Thayer,27,0,0,40.17626377,-97.59504381,31169.0,539.6761942834298,0.0,27,27,0,0,27,26,5039,0,0,0,0,1
2020-08-09,US,Nebraska,Thomas,1,0,0,41.91358968,-100.5556632,31171.0,138.50415512465375,0.0,1,1,0,0,1,1,720,0,0,0,0,0
2020-08-09,US,Nebraska,Thurston,205,4,0,42.15725356,-96.54157099,31173.0,2837.763012181617,1.951219512195122,201,205,4,0,201,205,7303,0,0,0,0,0
2020-08-09,US,Nebraska,Unassigned,136,0,0,0.0,0.0,90031.0,0.0,0.0,136,139,0,0,139,142,,-3,0,0,-3,-3
2020-08-09,US,Nebraska,Valley,10,0,0,41.56730777,-98.98197724,31175.0,240.50024050024047,0.0,10,10,0,0,10,10,4190,0,0,0,0,0
2020-08-09,US,Nebraska,Washington,125,1,0,41.52815707,-96.22019892,31177.0,603.0199237782816,0.8,124,118,1,0,117,117,20667,7,0,0,7,1
2020-08-09,US,Nebraska,Wayne,37,0,0,42.20934475,-97.11926964,31179.0,394.2461374533831,0.0,37,37,0,0,37,37,9403,0,0,0,0,0
2020-08-09,US,Nebraska,Webster,9,0,0,40.17642643,-98.50019851,31181.0,258.1015199311729,0.0,9,9,0,0,9,9,3533,0,0,0,0,0
2020-08-09,US,Nebraska,Wheeler,1,0,0,41.91482725,-98.52798941,31183.0,127.7139208173691,0.0,1,,,,,,805,,,,,
2020-08-09,US,Nebraska,York,79,0,0,40.87272618,-97.59710186,31185.0,577.5275970465677,0.0,79,78,0,0,78,78,13772,1,0,0,1,0
2020-08-09,US,Nevada,Carson City,352,8,0,39.15509045,-119.7480219,32510.0,629.5157021246155,2.272727272727273,344,339,8,0,331,330,55414,13,0,0,13,9
2020-08-09,US,Nevada,Churchill,69,1,0,39.58105744,-118.3394607,32001.0,277.0083102493075,1.4492753623188406,68,62,1,0,61,50,24440,7,0,0,7,12
2020-08-09,US,Nevada,Clark,48466,807,0,36.21458855,-115.0130241,32003.0,2138.1602892291266,1.6650848017166673,47659,47739,799,0,46940,46990,2231647,727,8,0,719,749
2020-08-09,US,Nevada,Douglas,203,0,0,38.912862,-119.61713329999999,32005.0,415.09048154585435,0.0,203,199,0,0,199,194,48467,4,0,0,4,5
2020-08-09,US,Nevada,Elko,544,2,0,41.14531606,-115.3577619,32007.0,1030.732502178938,0.36764705882352944,542,535,2,0,533,525,52460,9,0,0,9,10
2020-08-09,US,Nevada,Eureka,3,0,0,39.98100864,-116.26832040000001,32011.0,147.85608674223758,0.0,3,2,0,0,2,2,2003,1,0,0,1,0
2020-08-09,US,Nevada,Humboldt,104,4,0,41.40692186,-118.11094270000001,32013.0,617.9074327134455,3.8461538461538463,100,102,4,0,98,100,16786,2,0,0,2,2
2020-08-09,US,Nevada,Lander,51,1,0,39.933223299999995,-117.03970749999999,32015.0,921.9088937093277,1.96078431372549,50,51,1,0,50,51,5575,0,0,0,0,0
2020-08-09,US,Nevada,Lincoln,5,0,0,37.64268459,-114.8790388,32017.0,96.46922631680496,0.0,5,5,0,0,5,4,5201,0,0,0,0,1
2020-08-09,US,Nevada,Lyon,224,6,0,39.01777974,-119.18704790000001,32019.0,389.49747869935663,2.6785714285714284,218,222,6,0,216,218,55808,2,0,0,2,4
2020-08-09,US,Nevada,Mineral,11,0,0,38.53841696,-118.4344506,32021.0,244.173140954495,0.0,11,11,0,0,11,11,4514,0,0,0,0,0
2020-08-09,US,Nevada,Nye,408,9,0,38.04264256,-116.47227020000001,32023.0,876.9855770264169,2.2058823529411766,399,405,9,0,396,400,45346,3,0,0,3,5
2020-08-09,US,Nevada,Pershing,14,0,0,40.44003782,-118.40056409999998,32027.0,208.17843866171,0.0,14,13,0,0,13,13,6666,1,0,0,1,0
2020-08-09,US,Nevada,Storey,4,0,0,39.44875482,-119.5250207,32029.0,97.01673538685421,0.0,4,4,0,0,4,4,4029,0,0,0,0,0
2020-08-09,US,Nevada,Washoe,5756,118,0,40.66562265,-119.6631594,32031.0,1220.7355376983749,2.050034746351633,5638,5715,118,0,5597,5627,465735,41,0,0,41,88
2020-08-09,US,Nevada,White Pine,16,1,0,39.44157041,-114.89996599999999,32033.0,167.0146137787056,6.25,15,15,1,0,14,14,9475,1,0,0,1,1
2020-08-09,US,New Hampshire,Belknap,115,4,0,43.51637314,-71.41684235,33001.0,187.59277686247,3.4782608695652173,111,115,4,0,111,115,61022,0,0,0,0,0
2020-08-09,US,New Hampshire,Carroll,94,1,0,43.87498583,-71.20430216,33003.0,192.18973625025558,1.0638297872340423,93,93,1,0,92,93,48779,1,0,0,1,0
2020-08-09,US,New Hampshire,Cheshire,97,3,0,42.92015988,-72.25311043,33005.0,127.48899257409477,3.0927835051546397,94,97,3,0,94,96,76493,0,0,0,0,1
2020-08-09,US,New Hampshire,Coos,17,0,0,44.69063265,-71.30633239,33007.0,53.86053290244907,0.0,17,17,0,0,17,16,31589,0,0,0,0,1
2020-08-09,US,New Hampshire,Grafton,103,1,0,43.93779815,-71.82057197,33009.0,114.58959126004049,0.9708737864077671,102,103,1,0,102,103,89786,0,0,0,0,0
2020-08-09,US,New Hampshire,Hillsborough,3850,279,0,42.91537785,-71.7200253,33011.0,923.2060428031892,7.246753246753247,3571,3842,279,0,3563,3824,415247,8,0,0,8,18
2020-08-09,US,New Hampshire,Merrimack,464,21,0,43.29662971,-71.6811573,33013.0,306.4911388391648,4.525862068965517,443,464,21,0,443,463,151132,0,0,0,0,1
2020-08-09,US,New Hampshire,Rockingham,1691,96,0,42.98499744,-71.12883377,33015.0,545.8906475470432,5.677114133648728,1595,1688,96,0,1592,1678,309176,3,0,0,3,10
2020-08-09,US,New Hampshire,Strafford,358,13,0,43.291833000000004,-71.02336013,33017.0,274.0502017101345,3.6312849162011163,345,353,13,0,340,348,130090,5,0,0,5,5
2020-08-09,US,New Hampshire,Sullivan,40,1,0,43.36094111,-72.22203125,33019.0,92.70847819033052,2.5,39,40,1,0,39,40,43144,0,0,0,0,0
2020-08-09,US,New Hampshire,Unassigned,6,0,0,0.0,0.0,90033.0,0.0,0.0,6,6,0,0,6,3,,0,0,0,0,3
2020-08-09,US,New Jersey,Atlantic,3463,252,0,39.47538693,-74.65848483,34001.0,1313.3841544354684,7.276927519491769,3211,3456,252,0,3204,3446,265429,7,0,0,7,10
2020-08-09,US,New Jersey,Bergen,20794,2038,0,40.96010917,-74.07164325,34003.0,2230.6324165792394,9.80090410695393,18756,20751,2038,0,18713,20694,936692,43,0,0,43,57
2020-08-09,US,New Jersey,Burlington,6007,473,0,39.87681124,-74.66927768,34005.0,1348.829794161433,7.874146828699851,5534,5977,472,0,5505,5952,445384,30,1,0,29,25
2020-08-09,US,New Jersey,Camden,8562,580,0,39.80343818,-74.96388753,34007.0,1690.521273676084,6.774118196683017,7982,8525,578,0,7947,8499,507078,37,2,0,35,26
2020-08-09,US,New Jersey,Cape May,832,87,0,39.15008829,-74.80170244,34009.0,903.9646236921304,10.45673076923077,745,824,87,0,737,822,92560,8,0,0,8,2
2020-08-09,US,New Jersey,Cumberland,3338,158,0,39.37199394,-75.10712559,34011.0,2232.372748734342,4.733373277411625,3180,3332,158,0,3174,3318,150972,6,0,0,6,14
2020-08-09,US,New Jersey,Essex,19728,2111,0,40.78681335,-74.24657979,34013.0,2469.16361588285,10.700527169505273,17617,19715,2111,0,17604,19686,799767,13,0,0,13,29
2020-08-09,US,New Jersey,Gloucester,3248,212,0,39.71581067,-75.13995546,34015.0,1113.7170993978796,6.527093596059113,3036,3236,212,0,3024,3216,291408,12,0,0,12,20
2020-08-09,US,New Jersey,Hudson,19671,1504,0,40.73766234,-74.07515667,34017.0,2925.529937194281,7.645772965278836,18167,19641,1504,0,18137,19607,676061,30,0,0,30,34
2020-08-09,US,New Jersey,Hunterdon,1149,126,0,40.56335249,-74.91284156,34019.0,923.8488071978194,10.966057441253264,1023,1148,126,0,1022,1146,124714,1,0,0,1,2
2020-08-09,US,New Jersey,Mercer,8119,619,0,40.28047017,-74.70479631,34021.0,2209.672590697548,7.624091636901096,7500,8115,619,0,7496,8104,369811,4,0,0,4,11
2020-08-09,US,New Jersey,Middlesex,17919,1403,0,40.43629879,-74.41426991,34023.0,2171.8367831750825,7.829677995423852,16516,17884,1403,0,16481,17857,829685,35,0,0,35,27
2020-08-09,US,New Jersey,Monmouth,10302,856,0,40.26549699,-74.22240686,34025.0,1664.8486170702731,8.309066200737721,9446,10284,856,0,9428,10267,621354,18,0,0,18,17
2020-08-09,US,New Jersey,Morris,7248,829,0,40.86095313,-74.54553709999998,34027.0,1473.6349866319674,11.437637969094922,6419,7235,828,0,6407,7224,494228,13,1,0,12,11
2020-08-09,US,New Jersey,Ocean,10596,1018,0,39.8895449,-74.28089251,34029.0,1745.0995246925986,9.607399018497548,9578,10585,1018,0,9567,10564,601651,11,0,0,11,21
2020-08-09,US,New Jersey,Passaic,17642,1240,0,41.03238628,-74.29954144,34031.0,3515.5611706049517,7.02868155537921,16402,17623,1239,0,16384,17599,503310,19,1,0,18,24
2020-08-09,US,New Jersey,Salem,894,87,0,39.58719656,-75.34696629999998,34033.0,1433.0367876893486,9.731543624161072,807,892,87,0,805,886,62607,2,0,0,2,6
2020-08-09,US,New Jersey,Somerset,5245,561,0,40.56465737,-74.61683016,34035.0,1594.5448023007655,10.695900857959963,4684,5231,561,0,4670,5223,331164,14,0,0,14,8
2020-08-09,US,New Jersey,Sussex,1330,198,0,41.13891592,-74.69118243,34037.0,946.700074027675,14.887218045112784,1132,1327,198,0,1129,1322,140799,3,0,0,3,5
2020-08-09,US,New Jersey,Unassigned,646,0,0,0.0,0.0,90034.0,0.0,0.0,646,642,0,0,642,653,,4,0,0,4,-11
2020-08-09,US,New Jersey,Union,16695,1350,0,40.65835409,-74.30680092,34039.0,3000.8573878250927,8.086253369272237,15345,16663,1350,0,15313,16636,558067,32,0,0,32,27
2020-08-09,US,New Jersey,Warren,1345,172,0,40.85951833,-74.99556527,34041.0,1277.7033638272205,12.788104089219331,1173,1343,172,0,1171,1340,105779,2,0,0,2,3
2020-08-09,US,New Mexico,Bernalillo,5136,134,0,35.05163625,-106.6703554,35001.0,756.2717100487248,2.6090342679127727,5002,5089,132,0,4957,5059,678701,47,2,0,45,30
2020-08-09,US,New Mexico,Catron,5,1,0,33.91514144,-108.4046587,35003.0,141.7635384179189,20.0,4,5,1,0,4,5,3578,0,0,0,0,0
2020-08-09,US,New Mexico,Chaves,457,6,0,33.36406072,-104.4665365,35005.0,707.2661146792543,1.312910284463895,451,435,6,0,429,419,64689,22,0,0,22,16
2020-08-09,US,New Mexico,Cibola,366,18,0,34.91131525,-107.998876,35006.0,1372.0712277413306,4.918032786885246,348,362,18,0,344,361,26746,4,0,0,4,1
2020-08-09,US,New Mexico,Colfax,18,1,0,36.60569702,-104.64726740000002,35007.0,150.74114395779247,5.5555555555555545,17,18,1,0,17,17,12110,0,0,0,0,1
2020-08-09,US,New Mexico,Curry,552,2,0,34.57421077,-103.34688759999999,35009.0,1127.5891653388894,0.3623188405797101,550,541,2,0,539,533,49437,11,0,0,11,8
2020-08-09,US,New Mexico,Dona Ana,2447,30,0,32.35275771,-106.83293870000001,35013.0,1121.4739109512134,1.2259910093992643,2417,2417,30,0,2387,2398,217522,30,0,0,30,19
2020-08-09,US,New Mexico,Eddy,301,4,0,32.47167456,-104.3053527,35015.0,514.8819705781732,1.32890365448505,297,293,4,0,289,284,57900,8,0,0,8,9
2020-08-09,US,New Mexico,Grant,71,2,0,32.73911281,-108.3827845,35017.0,262.98244314393656,2.8169014084507036,69,71,2,0,69,71,27346,0,0,0,0,0
2020-08-09,US,New Mexico,Guadalupe,31,0,0,34.86319296,-104.790669,35019.0,720.9302325581398,0.0,31,31,0,0,31,31,4341,0,0,0,0,0
2020-08-09,US,New Mexico,Harding,1,0,0,35.85751555,-103.82209379999999,35021.0,160.0,0.0,1,1,0,0,1,1,655,0,0,0,0,0
2020-08-09,US,New Mexico,Hidalgo,90,0,0,31.91383467,-108.7151824,35023.0,2143.8780371605526,0.0,90,90,0,0,90,89,4240,0,0,0,0,1
2020-08-09,US,New Mexico,Lea,776,4,0,32.79215361,-103.4123733,35025.0,1091.8812438440973,0.5154639175257731,772,751,4,0,747,740,69611,25,0,0,25,11
2020-08-09,US,New Mexico,Lincoln,128,2,0,33.74526079,-105.4586166,35027.0,653.9955037809115,1.5625,126,125,2,0,123,118,19556,3,0,0,3,7
2020-08-09,US,New Mexico,Los Alamos,22,0,0,35.86631386,-106.31349850000001,35028.0,113.58356136093758,0.0,22,21,0,0,21,20,19101,1,0,0,1,1
2020-08-09,US,New Mexico,Luna,254,3,0,32.18179341,-107.75088259999998,35029.0,1071.3231262389806,1.1811023622047243,251,247,3,0,244,241,23963,7,0,0,7,6
2020-08-09,US,New Mexico,McKinley,4046,225,0,35.58007720000001,-108.262245,35031.0,5669.286925329634,5.561047948591201,3821,4043,224,0,3819,4037,72290,3,1,0,2,6
2020-08-09,US,New Mexico,Mora,6,0,0,36.01095101,-104.9497716,35033.0,132.71400132713998,0.0,6,6,0,0,6,6,4506,0,0,0,0,0
2020-08-09,US,New Mexico,Otero,201,10,0,32.61348406,-105.7417604,35035.0,297.8218995406727,4.975124378109452,191,201,10,0,191,199,66781,0,0,0,0,2
2020-08-09,US,New Mexico,Quay,34,1,0,35.10403332,-103.54817270000001,35037.0,411.97140433781664,2.9411764705882355,33,34,1,0,33,34,8253,0,0,0,0,0
2020-08-09,US,New Mexico,Rio Arriba,318,7,0,36.51072137,-106.69316740000001,35039.0,817.0396444079033,2.2012578616352205,311,316,7,0,309,313,39006,2,0,0,2,3
2020-08-09,US,New Mexico,Roosevelt,164,1,0,34.02097406,-103.4799493,35041.0,886.4864864864865,0.6097560975609756,163,161,1,0,160,160,18743,3,0,0,3,1
2020-08-09,US,New Mexico,San Juan,3044,184,0,36.50838318,-108.32043700000001,35045.0,2455.6704690298325,6.0446780551905395,2860,3040,183,0,2857,3037,125043,4,1,0,3,3
2020-08-09,US,New Mexico,San Miguel,43,0,0,35.48014807,-104.8163562,35047.0,157.64196942479015,0.0,43,43,0,0,43,42,27591,0,0,0,0,1
2020-08-09,US,New Mexico,Sandoval,1133,33,0,35.68862401,-106.86878030000001,35043.0,772.0718510644098,2.9126213592233015,1100,1126,33,0,1093,1126,145179,7,0,0,7,0
2020-08-09,US,New Mexico,Santa Fe,650,3,0,35.50708973,-105.9774716,35049.0,432.3015735777278,0.4615384615384616,647,637,3,0,634,626,150056,13,0,0,13,11
2020-08-09,US,New Mexico,Sierra,32,0,0,33.13028233,-107.1925893,35051.0,296.54341580947084,0.0,32,32,0,0,32,31,10968,0,0,0,0,1
2020-08-09,US,New Mexico,Socorro,74,6,0,34.00715494,-106.9298354,35053.0,444.79172927811516,8.108108108108109,68,73,6,0,67,72,16735,1,0,0,1,1
2020-08-09,US,New Mexico,Taos,108,1,0,36.58006022,-105.63101979999999,35055.0,330.0430889588364,0.925925925925926,107,108,1,0,107,106,32835,0,0,0,0,2
2020-08-09,US,New Mexico,Torrance,61,1,0,34.64048375,-105.8508949,35057.0,394.5411034215122,1.639344262295082,60,61,1,0,60,61,15591,0,0,0,0,0
2020-08-09,US,New Mexico,Unassigned,1302,0,0,0.0,0.0,90035.0,0.0,0.0,1302,1302,0,0,1302,1295,,0,0,0,0,7
2020-08-09,US,New Mexico,Union,30,2,0,36.48126404,-103.4709624,35059.0,739.09830007391,6.666666666666668,28,29,2,0,27,29,4118,1,0,0,1,0
2020-08-09,US,New Mexico,Valencia,414,4,0,34.71669834,-106.8103733,35061.0,539.8497809305237,0.966183574879227,410,406,4,0,402,404,76456,8,0,0,8,2
2020-08-09,US,New York,Albany,2595,128,0,42.60060306,-73.97723916,36001.0,849.4104862097635,4.932562620423892,2467,2581,128,0,2453,2573,307117,14,0,0,14,8
2020-08-09,US,New York,Allegany,79,1,0,42.25748406,-78.02750466,36003.0,171.40005641014514,1.2658227848101269,78,79,1,0,78,79,46430,0,0,0,0,0
2020-08-09,US,New York,Broome,1126,69,0,42.15903158,-75.81326086,36007.0,591.1133509722398,6.127886323268206,1057,1120,69,0,1051,1115,191659,6,0,0,6,5
2020-08-09,US,New York,Cattaraugus,165,6,0,42.24778241,-78.67923096,36009.0,216.7715490626273,3.636363636363636,159,165,6,0,159,164,76840,0,0,0,0,1
2020-08-09,US,New York,Cayuga,152,2,0,42.91261714,-76.55731592,36011.0,198.49561220225655,1.3157894736842106,150,151,2,0,149,151,77145,1,0,0,1,0
2020-08-09,US,New York,Chautauqua,253,9,0,42.22769210000001,-79.36691763,36013.0,199.36486923082984,3.5573122529644268,244,253,9,0,244,249,127939,0,0,0,0,4
2020-08-09,US,New York,Chemung,171,3,0,42.13891056,-76.7638805,36015.0,204.89838957055213,1.7543859649122806,168,171,3,0,168,168,84254,0,0,0,0,3
2020-08-09,US,New York,Chenango,216,6,0,42.49430041,-75.60887553,36017.0,457.5592602791959,2.7777777777777777,210,215,6,0,209,215,47536,1,0,0,1,0
2020-08-09,US,New York,Clinton,127,4,0,44.74530905,-73.67875352,36019.0,157.79337764800894,3.1496062992125986,123,127,4,0,123,127,80695,0,0,0,0,0
2020-08-09,US,New York,Columbia,540,37,0,42.24819348,-73.63089095,36021.0,908.1582886261584,6.851851851851853,503,539,37,0,502,535,59916,1,0,0,1,4
2020-08-09,US,New York,Cortland,95,0,0,42.59509207,-76.07048931,36023.0,199.65952796284242,0.0,95,95,0,0,95,95,47823,0,0,0,0,0
2020-08-09,US,New York,Delaware,105,4,0,42.19837623,-74.96709306,36025.0,237.9064234734338,3.809523809523809,101,105,4,0,101,104,44527,0,0,0,0,1
2020-08-09,US,New York,Dutchess,4607,153,0,41.76486060000001,-73.74356679,36027.0,1565.8457334357518,3.3210332103321027,4454,4600,153,0,4447,4589,293718,7,0,0,7,11
2020-08-09,US,New York,Erie,8904,671,0,42.76249024,-78.73063652,36029.0,969.1934925579784,7.535938903863433,8233,8850,671,0,8179,8791,919719,54,0,0,54,59
2020-08-09,US,New York,Essex,55,0,0,44.11630765,-73.77297842,36031.0,149.1121051918124,0.0,55,55,0,0,55,55,37300,0,0,0,0,0
2020-08-09,US,New York,Franklin,54,0,0,44.59040891,-74.29926032,36033.0,107.95250089960415,0.0,54,54,0,0,54,54,50293,0,0,0,0,0
2020-08-09,US,New York,Fulton,296,24,0,43.11363907,-74.41798804,36035.0,554.4836371129386,8.108108108108109,272,295,24,0,271,293,53591,1,0,0,1,2
2020-08-09,US,New York,Genesee,277,5,0,43.0022601,-78.19135193,36037.0,483.5893854748603,1.8050541516245489,272,277,5,0,272,277,57511,0,0,0,0,0
2020-08-09,US,New York,Greene,292,18,0,42.275797,-74.12384884,36039.0,618.801390183945,6.164383561643835,274,291,18,0,273,291,47491,1,0,0,1,0
2020-08-09,US,New York,Hamilton,8,0,0,43.66146647,-74.49721957,36041.0,181.15942028985503,0.0,8,8,0,0,8,8,4434,0,0,0,0,0
2020-08-09,US,New York,Herkimer,274,4,0,43.42034246,-74.96145307,36043.0,446.84355583098227,1.45985401459854,270,273,4,0,269,270,61833,1,0,0,1,3
2020-08-09,US,New York,Jefferson,142,0,0,44.04200959,-75.94653457,36045.0,129.28601343846168,0.0,142,140,0,0,140,140,111755,2,0,0,2,0
2020-08-09,US,New York,Lewis,41,0,0,43.784415700000004,-75.44903992,36049.0,155.9172497718284,0.0,41,41,0,0,41,39,26447,0,0,0,0,2
2020-08-09,US,New York,Livingston,176,8,0,42.72596275,-77.77966158,36051.0,279.7469561623804,4.545454545454546,168,176,8,0,168,174,63227,0,0,0,0,2
2020-08-09,US,New York,Madison,412,17,0,42.91653905,-75.67266639,36053.0,580.7642970919496,4.12621359223301,395,412,17,0,395,412,70795,0,0,0,0,0
2020-08-09,US,New York,Monroe,4956,285,0,43.14638895,-77.69322942,36055.0,668.1316310985885,5.750605326876514,4671,4922,285,0,4637,4901,742474,34,0,0,34,21
2020-08-09,US,New York,Montgomery,176,4,0,42.90123494,-74.44011632,36057.0,357.57095548647936,2.272727272727273,172,172,4,0,168,170,49455,4,0,0,4,2
2020-08-09,US,New York,Nassau,43655,2194,0,40.74066522,-73.58941873,36059.0,3217.203026846013,5.025770243958308,41461,43628,2194,0,41434,43580,1358343,27,0,0,27,48
2020-08-09,US,New York,New York City,227832,23580,0,40.76727260000001,-73.97152637,36061.0,2732.84156291304,10.349731381017593,204252,227584,23575,0,204009,227258,1628701,248,5,0,243,326
2020-08-09,US,New York,Niagara,1498,98,0,43.19898042,-78.74777412,36063.0,715.7840415517893,6.542056074766355,1400,1494,98,0,1396,1491,210433,4,0,0,4,3
2020-08-09,US,New York,Oneida,2146,115,0,43.24375382,-75.43710392,36065.0,938.4661806700457,5.358807082945014,2031,2142,115,0,2027,2129,229577,4,0,0,4,13
2020-08-09,US,New York,Onondaga,3576,200,0,43.00491923,-76.19971155,36067.0,776.5000173713651,5.592841163310962,3376,3565,200,0,3365,3556,461809,11,0,0,11,9
2020-08-09,US,New York,Ontario,360,34,0,42.85145728,-77.30874425,36069.0,327.93754611621745,9.444444444444443,326,357,34,0,323,357,109864,3,0,0,3,0
2020-08-09,US,New York,Orange,11159,491,0,41.40337468,-74.30240757,36071.0,2898.893334026083,4.40003584550587,10668,11156,491,0,10665,11129,381951,3,0,0,3,27
2020-08-09,US,New York,Orleans,298,54,0,43.2516977,-78.2320066,36073.0,738.5011895321173,18.12080536912752,244,298,54,0,244,297,40612,0,0,0,0,1
2020-08-09,US,New York,Oswego,253,3,0,43.42778894,-76.14635194,36075.0,216.01038215907928,1.1857707509881423,250,253,3,0,250,251,117898,0,0,0,0,2
2020-08-09,US,New York,Otsego,116,5,0,42.63492579,-75.03151402,36077.0,194.980922125292,4.310344827586206,111,116,5,0,111,116,59749,0,0,0,0,0
2020-08-09,US,New York,Putnam,1449,63,0,41.42630093,-73.74965532,36079.0,1473.7591537835638,4.3478260869565215,1386,1447,63,0,1384,1446,98892,2,0,0,2,1
2020-08-09,US,New York,Rensselaer,765,30,0,42.71348136,-73.51089874,36083.0,481.9990675050721,3.92156862745098,735,761,30,0,731,759,159442,4,0,0,4,2
2020-08-09,US,New York,Rockland,13942,674,0,41.15027894,-74.02560498,36087.0,4279.4569491296525,4.834313584851529,13268,13936,674,0,13262,13925,325695,6,0,0,6,11
2020-08-09,US,New York,Saratoga,757,17,0,43.10904162,-73.86653895,36091.0,329.32659888716324,2.2457067371202117,740,755,17,0,738,752,230163,2,0,0,2,3
2020-08-09,US,New York,Schenectady,1058,37,0,42.81668777,-74.05278291,36093.0,681.2664601832594,3.4971644612476367,1021,1058,37,0,1021,1055,155350,0,0,0,0,3
2020-08-09,US,New York,Schoharie,69,0,0,42.58831742,-74.44339029999998,36095.0,222.58782541372292,0.0,69,69,0,0,69,69,31097,0,0,0,0,0
2020-08-09,US,New York,Schuyler,22,0,0,42.39184015,-76.8773299,36097.0,123.54691975065985,0.0,22,22,0,0,22,22,17912,0,0,0,0,0
2020-08-09,US,New York,Seneca,89,3,0,42.78081007,-76.82497064,36099.0,261.64158043273756,3.3707865168539324,86,89,3,0,86,87,34300,0,0,0,0,2
2020-08-09,US,New York,St. Lawrence,263,4,0,44.4976179,-75.06550039,36089.0,244.10618154817158,1.520912547528517,259,263,4,0,259,263,108047,0,0,0,0,0
2020-08-09,US,New York,Steuben,298,42,0,42.2689144,-77.3829924,36101.0,312.4377483513142,14.093959731543624,256,298,42,0,256,297,95796,0,0,0,0,1
2020-08-09,US,New York,Suffolk,43786,1998,0,40.88320119,-72.8012172,36103.0,2965.3237401302044,4.563102361485408,41788,43749,1998,0,41751,43681,1481093,37,0,0,37,68
2020-08-09,US,New York,Sullivan,1489,48,0,41.71579493,-74.76394559,36105.0,1973.9633046982715,3.223640026863667,1441,1488,48,0,1440,1488,75498,1,0,0,1,0
2020-08-09,US,New York,Tioga,193,25,0,42.16852837,-76.30835812,36107.0,400.3900172188453,12.953367875647668,168,193,25,0,168,193,48560,0,0,0,0,0
2020-08-09,US,New York,Tompkins,234,0,0,42.44945765,-76.47229843,36109.0,229.00763358778636,0.0,234,234,0,0,234,233,102793,0,0,0,0,1
2020-08-09,US,New York,Ulster,2062,92,0,41.89027881,-74.26252104,36111.0,1161.2125717310628,4.461687681862268,1970,2057,91,0,1966,2049,178599,5,1,0,4,8
2020-08-09,US,New York,Warren,308,33,0,43.56173026,-73.8433699,36113.0,481.6714625297135,10.714285714285714,275,308,33,0,275,307,64265,0,0,0,0,1
2020-08-09,US,New York,Washington,259,14,0,43.31153794,-73.43043448,36115.0,423.1749558852363,5.405405405405406,245,257,14,0,243,256,61197,2,0,0,2,1
2020-08-09,US,New York,Wayne,250,3,0,43.15494365,-77.02976528,36117.0,278.03109499766447,1.2,247,249,3,0,246,249,90064,1,0,0,1,0
2020-08-09,US,New York,Westchester,36205,1447,0,41.16278376,-73.75741653,36119.0,3742.095656254328,3.9966855406711783,34758,36180,1447,0,34733,36136,967612,25,0,0,25,44
2020-08-09,US,New York,Wyoming,118,5,0,42.70145109,-78.22199579,36121.0,296.04355352617983,4.2372881355932215,113,116,5,0,111,116,40085,2,0,0,2,0
2020-08-09,US,New York,Yates,57,7,0,42.63505484,-77.10369919,36123.0,228.79621081363143,12.280701754385964,50,56,7,0,49,56,24841,1,0,0,1,0
2020-08-09,US,North Carolina,Alamance,2448,41,0,36.0434701,-79.39976137,37001.0,1444.1711059589754,1.6748366013071896,2407,2396,41,0,2355,2365,166436,52,0,0,52,31
2020-08-09,US,North Carolina,Alexander,299,2,0,35.922379600000006,-81.17751948,37003.0,797.3971251033416,0.6688963210702341,297,295,2,0,293,295,37353,4,0,0,4,0
2020-08-09,US,North Carolina,Alleghany,167,0,0,36.49360862,-81.12857041,37005.0,1499.5061506689417,0.0,167,167,0,0,167,166,11161,0,0,0,0,1
2020-08-09,US,North Carolina,Anson,328,3,0,34.97403241,-80.09953279,37007.0,1341.732798821893,0.9146341463414634,325,327,3,0,324,317,24877,1,0,0,1,10
2020-08-09,US,North Carolina,Ashe,157,1,0,36.43296207,-81.49862729,37009.0,577.1422269602617,0.6369426751592356,156,157,1,0,156,152,27109,0,0,0,0,5
2020-08-09,US,North Carolina,Avery,99,0,0,36.07569796,-81.92308483,37011.0,563.8776556359287,0.0,99,99,0,0,99,99,17505,0,0,0,0,0
2020-08-09,US,North Carolina,Beaufort,406,2,0,35.48531943,-76.84325809,37013.0,863.9400774566966,0.4926108374384237,404,406,2,0,404,406,47079,0,0,0,0,0
2020-08-09,US,North Carolina,Bertie,272,5,0,36.0688473,-76.96545943,37015.0,1435.5834696785764,1.8382352941176472,267,269,5,0,264,263,19026,3,0,0,3,6
2020-08-09,US,North Carolina,Bladen,623,7,0,34.61296243,-78.56180059,37017.0,1903.9178534319421,1.1235955056179776,616,623,7,0,616,608,33190,0,0,0,0,15
2020-08-09,US,North Carolina,Brunswick,1249,21,0,34.070565,-78.22814204,37019.0,874.5273771180507,1.6813450760608486,1228,1240,21,0,1219,1234,136744,9,0,0,9,6
2020-08-09,US,North Carolina,Buncombe,1884,47,0,35.61113393,-82.53305,37021.0,721.3112243530597,2.494692144373673,1837,1850,47,0,1803,1815,259103,34,0,0,34,35
2020-08-09,US,North Carolina,Burke,1655,28,0,35.74989637,-81.70755735,37023.0,1829.0324363154114,1.6918429003021147,1627,1643,28,0,1615,1637,90382,12,0,0,12,6
2020-08-09,US,North Carolina,Cabarrus,2630,50,0,35.3877799,-80.55267168,37025.0,1215.0443745293435,1.9011406844106464,2580,2603,50,0,2553,2594,211342,27,0,0,27,9
2020-08-09,US,North Carolina,Caldwell,1215,14,0,35.95204977,-81.54799522,37027.0,1478.4978948136968,1.1522633744855968,1201,1209,14,0,1195,1197,82029,6,0,0,6,12
2020-08-09,US,North Carolina,Camden,72,2,0,36.33804939,-76.15568396,37029.0,662.5563633017392,2.7777777777777777,70,69,2,0,67,68,10710,3,0,0,3,1
2020-08-09,US,North Carolina,Carteret,344,6,0,34.8932941,-76.54120135,37031.0,495.15639169173636,1.7441860465116281,338,339,6,0,333,332,69524,5,0,0,5,7
2020-08-09,US,North Carolina,Caswell,195,2,0,36.39312665,-79.33353281,37033.0,862.679171827995,1.0256410256410255,193,193,2,0,191,191,22698,2,0,0,2,2
2020-08-09,US,North Carolina,Catawba,2120,29,0,35.66211129,-81.2132617,37035.0,1328.7287450407707,1.3679245283018868,2091,2107,29,0,2078,2074,158652,13,0,0,13,33
2020-08-09,US,North Carolina,Chatham,1300,52,0,35.70394416,-79.25541492,37037.0,1745.6693970726467,4.0,1248,1295,52,0,1243,1290,73139,5,0,0,5,5
2020-08-09,US,North Carolina,Cherokee,273,4,0,35.1349263,-84.05970864,37039.0,954.1451139382076,1.465201465201465,269,269,4,0,265,266,28383,4,0,0,4,3
2020-08-09,US,North Carolina,Chowan,157,1,0,36.12908077,-76.60118385,37041.0,1126.0130531449472,0.6369426751592356,156,155,1,0,154,150,14029,2,0,0,2,5
2020-08-09,US,North Carolina,Clay,76,0,0,35.05704275,-83.74353633,37043.0,676.6984240049862,0.0,76,76,0,0,76,76,11139,0,0,0,0,0
2020-08-09,US,North Carolina,Cleveland,1178,20,0,35.33553364,-81.55204486,37045.0,1202.6912513910586,1.6977928692699489,1158,1167,20,0,1147,1143,97645,11,0,0,11,24
2020-08-09,US,North Carolina,Columbus,903,48,0,34.26744084,-78.65801424,37047.0,1626.7925344094547,5.3156146179402,855,896,48,0,848,881,55655,7,0,0,7,15
2020-08-09,US,North Carolina,Craven,699,12,0,35.11833364,-77.08398081,37049.0,684.3615073576208,1.7167381974248928,687,697,12,0,685,695,102912,2,0,0,2,2
2020-08-09,US,North Carolina,Cumberland,3081,51,0,35.04762133,-78.82623165,37051.0,918.3062153325244,1.6553067185978578,3030,3042,51,0,2991,3021,332330,39,0,0,39,21
2020-08-09,US,North Carolina,Currituck,73,0,0,36.36123664,-75.95876401,37053.0,262.93988401829773,0.0,73,73,0,0,73,72,27072,0,0,0,0,1
2020-08-09,US,North Carolina,Dare,209,2,0,35.66520691,-75.71767334,37055.0,564.7274987165284,0.9569377990430622,207,209,2,0,207,206,36501,0,0,0,0,3
2020-08-09,US,North Carolina,Davidson,1781,18,0,35.79115496,-80.21256572,37057.0,1062.5921042426123,1.0106681639528354,1763,1758,18,0,1740,1730,166614,23,0,0,23,28
2020-08-09,US,North Carolina,Davie,422,6,0,35.93099927,-80.54496571,37059.0,984.9227465807776,1.4218009478672986,416,414,6,0,408,407,42733,8,0,0,8,7
2020-08-09,US,North Carolina,Duplin,2013,48,0,34.93449805,-77.93140529,37061.0,3426.9079518564545,2.3845007451564832,1965,2006,48,0,1958,1970,58856,7,0,0,7,36
2020-08-09,US,North Carolina,Durham,6171,80,0,36.03638492,-78.87608331,37063.0,1919.5117702682528,1.2963863231242911,6091,6114,80,0,6034,6080,316739,57,0,0,57,34
2020-08-09,US,North Carolina,Edgecombe,646,13,0,35.91230639,-77.59436892,37065.0,1255.051290021759,2.0123839009287927,633,632,13,0,619,626,52005,14,0,0,14,6
2020-08-09,US,North Carolina,Forsyth,5273,52,0,36.12859861,-80.25459052,37067.0,1379.3013248930802,0.9861558884885264,5221,5213,52,0,5161,5148,379099,60,0,0,60,65
2020-08-09,US,North Carolina,Franklin,866,26,0,36.081519,-78.28708884,37069.0,1242.7351653870994,3.0023094688221708,840,860,26,0,834,846,67560,6,0,0,6,14
2020-08-09,US,North Carolina,Gaston,3322,52,0,35.29373559,-81.17477045,37071.0,1479.5416182319434,1.5653220951234197,3270,3299,51,0,3248,3263,222846,23,1,0,22,36
2020-08-09,US,North Carolina,Gates,46,2,0,36.44667547,-76.69749701,37073.0,397.8550423802111,4.3478260869565215,44,46,2,0,44,46,11573,0,0,0,0,0
2020-08-09,US,North Carolina,Graham,39,0,0,35.3506925,-83.83369267,37075.0,462.03056509892195,0.0,39,35,0,0,35,35,8484,4,0,0,4,0
2020-08-09,US,North Carolina,Granville,1245,27,0,36.30337451,-78.65184241,37077.0,2059.7918700263062,2.1686746987951806,1218,1231,27,0,1204,1227,60115,14,0,0,14,4
2020-08-09,US,North Carolina,Greene,331,3,0,35.48544173,-77.67578087,37079.0,1571.0285253215625,0.9063444108761328,328,326,3,0,323,324,21012,5,0,0,5,2
2020-08-09,US,North Carolina,Guilford,5651,156,0,36.07959451,-79.78824948,37081.0,1051.986879484115,2.7605733498495844,5495,5580,156,0,5424,5498,533670,71,0,0,71,82
2020-08-09,US,North Carolina,Halifax,700,6,0,36.25669272,-77.6556109,37083.0,1399.7200559888022,0.8571428571428571,694,698,6,0,692,678,50574,2,0,0,2,20
2020-08-09,US,North Carolina,Harnett,1288,39,0,35.36731853,-78.87243571,37085.0,947.2259810554804,3.027950310559006,1249,1260,39,0,1221,1243,134214,28,0,0,28,17
2020-08-09,US,North Carolina,Haywood,432,12,0,35.55269063,-82.98196486,37087.0,693.2297767864306,2.7777777777777777,420,421,12,0,409,393,61971,11,0,0,11,28
2020-08-09,US,North Carolina,Henderson,1482,54,0,35.33788927,-82.4766782,37089.0,1262.1681698561538,3.643724696356276,1428,1472,54,0,1418,1459,116748,10,0,0,10,13
2020-08-09,US,North Carolina,Hertford,344,11,0,36.3607755,-76.98104134,37091.0,1452.8867677492926,3.197674418604651,333,334,11,0,323,316,23659,10,0,0,10,18
2020-08-09,US,North Carolina,Hoke,717,9,0,35.01888303,-79.23651674,37093.0,1298.113480827027,1.2552301255230125,708,713,9,0,704,710,54764,4,0,0,4,3
2020-08-09,US,North Carolina,Hyde,44,0,0,35.42017674,-76.15180542,37095.0,891.2294915940855,0.0,44,42,0,0,42,38,5230,2,0,0,2,4
2020-08-09,US,North Carolina,Iredell,1820,18,0,35.80950511,-80.8743128,37097.0,1001.06707149379,0.989010989010989,1802,1805,18,0,1787,1782,178435,15,0,0,15,23
2020-08-09,US,North Carolina,Jackson,447,5,0,35.28814273,-83.14093385,37099.0,1017.3426191451593,1.1185682326621924,442,444,5,0,439,438,43327,3,0,0,3,6
2020-08-09,US,North Carolina,Johnston,3304,46,0,35.51745004,-78.36622717,37101.0,1578.301224329915,1.3922518159806296,3258,3275,46,0,3229,3207,202675,29,0,0,29,68
2020-08-09,US,North Carolina,Jones,93,4,0,35.02254606,-77.35870791,37103.0,987.3659624163923,4.301075268817204,89,82,4,0,78,79,9637,11,0,0,11,3
2020-08-09,US,North Carolina,Lee,1289,11,0,35.47623147,-79.17569362,37105.0,2086.469512293821,0.8533747090768037,1278,1281,11,0,1270,1261,61452,8,0,0,8,20
2020-08-09,US,North Carolina,Lenoir,573,12,0,35.24032589999999,-77.64245615,37107.0,1024.1469910096696,2.094240837696335,561,568,12,0,556,558,55976,5,0,0,5,10
2020-08-09,US,North Carolina,Lincoln,848,9,0,35.48508185,-81.21740317,37109.0,984.7754642264057,1.0613207547169812,839,840,9,0,831,825,83770,8,0,0,8,15
2020-08-09,US,North Carolina,Macon,463,3,0,35.14867843,-83.41696617,37113.0,1291.2041943220481,0.6479481641468683,460,460,3,0,457,460,35285,3,0,0,3,0
2020-08-09,US,North Carolina,Madison,45,0,0,35.85402722,-82.71346418,37115.0,206.84900022983226,0.0,45,45,0,0,45,42,21763,0,0,0,0,3
2020-08-09,US,North Carolina,Martin,258,6,0,35.84326734,-77.10860251,37117.0,1149.7326203208556,2.3255813953488373,252,258,6,0,252,258,22671,0,0,0,0,0
2020-08-09,US,North Carolina,McDowell,683,14,0,35.67736232,-82.0482425,37111.0,1492.7004108750766,2.049780380673499,669,675,14,0,661,675,45507,8,0,0,8,0
2020-08-09,US,North Carolina,Mecklenburg,22255,228,0,35.24469268,-80.8317671,37119.0,2004.3121305239042,1.024488878903617,22027,22066,226,0,21840,21876,1093901,189,2,0,187,190
2020-08-09,US,North Carolina,Mitchell,116,2,0,36.01059309,-82.1582442,37121.0,775.1937984496125,1.7241379310344829,114,116,2,0,114,116,15000,0,0,0,0,0
2020-08-09,US,North Carolina,Montgomery,644,14,0,35.33155144,-79.90416657,37123.0,2369.999631987635,2.1739130434782608,630,644,14,0,630,644,27271,0,0,0,0,0
2020-08-09,US,North Carolina,Moore,1009,20,0,35.30885257,-79.48474178,37125.0,1000.1982553528944,1.9821605550049557,989,1005,20,0,985,980,98682,4,0,0,4,25
2020-08-09,US,North Carolina,Nash,1180,12,0,35.96575634,-77.98422508,37127.0,1251.3520965449957,1.0169491525423728,1168,1158,12,0,1146,1130,94016,22,0,0,22,28
2020-08-09,US,North Carolina,New Hanover,2566,20,0,34.25758282,-77.87075626,37129.0,1094.3690744776584,0.7794232268121591,2546,2566,20,0,2546,2566,232274,0,0,0,0,0
2020-08-09,US,North Carolina,Northampton,350,16,0,36.41736238,-77.39769443,37131.0,1796.4379202381565,4.571428571428571,334,349,16,0,333,334,19676,1,0,0,1,15
2020-08-09,US,North Carolina,Onslow,1065,10,0,34.72607366,-77.42908179,37133.0,538.0472673261323,0.9389671361502347,1055,1047,10,0,1037,1026,197683,18,0,0,18,21
2020-08-09,US,North Carolina,Orange,1348,47,0,36.06092947,-79.12167935,37135.0,907.8908375764432,3.486646884272997,1301,1341,47,0,1294,1329,146027,7,0,0,7,12
2020-08-09,US,North Carolina,Pamlico,68,1,0,35.15253315,-76.66559823,37137.0,534.3391482005344,1.4705882352941178,67,67,1,0,66,67,12670,1,0,0,1,0
2020-08-09,US,North Carolina,Pasquotank,401,20,0,36.26723798,-76.25134778,37139.0,1006.9304941743673,4.9875311720698265,381,395,20,0,375,388,39639,6,0,0,6,7
2020-08-09,US,North Carolina,Pender,658,3,0,34.52265624,-77.90352133,37141.0,1043.4506818902632,0.4559270516717325,655,654,3,0,651,643,62162,4,0,0,4,11
2020-08-09,US,North Carolina,Perquimans,86,2,0,36.17847453,-76.40603143,37143.0,638.7877887543638,2.3255813953488373,84,85,2,0,83,80,13422,1,0,0,1,5
2020-08-09,US,North Carolina,Person,223,2,0,36.38989032,-78.97217358,37145.0,564.6999240314002,0.8968609865470852,221,208,2,0,206,207,39507,15,0,0,15,1
2020-08-09,US,North Carolina,Pitt,2020,11,0,35.59535426,-77.37353178,37147.0,1117.6151641566432,0.5445544554455446,2009,1962,11,0,1951,1899,179914,58,0,0,58,63
2020-08-09,US,North Carolina,Polk,163,5,0,35.27820615,-82.16812354,37149.0,786.5276973557228,3.0674846625766867,158,161,5,0,156,149,20611,2,0,0,2,12
2020-08-09,US,North Carolina,Randolph,2174,37,0,35.71015088,-79.80570339,37151.0,1513.2215470497754,1.7019319227230911,2137,2170,37,0,2133,2149,143351,4,0,0,4,21
2020-08-09,US,North Carolina,Richmond,506,9,0,35.00417719,-79.74491009,37153.0,1128.733632246983,1.7786561264822134,497,505,9,0,496,505,44887,1,0,0,1,0
2020-08-09,US,North Carolina,Robeson,2804,53,0,34.64244496,-79.10250529999998,37155.0,2146.6028708133967,1.890156918687589,2751,2784,53,0,2731,2745,131831,20,0,0,20,39
2020-08-09,US,North Carolina,Rockingham,549,8,0,36.39593137,-79.77504841,37157.0,603.2304142401932,1.4571948998178506,541,543,8,0,535,541,90690,6,0,0,6,2
2020-08-09,US,North Carolina,Rowan,2197,48,0,35.64003916,-80.52446628,37159.0,1546.2248747255219,2.1847974510696404,2149,2173,48,0,2125,2151,141262,24,0,0,24,22
2020-08-09,US,North Carolina,Rutherford,746,14,0,35.40114178,-81.92112099,37161.0,1112.9511107132737,1.8766756032171583,732,712,14,0,698,707,66826,34,0,0,34,5
2020-08-09,US,North Carolina,Sampson,1508,14,0,34.98820368,-78.36914061,37163.0,2373.644362594639,0.9283819628647216,1494,1500,14,0,1486,1455,63626,8,0,0,8,45
2020-08-09,US,North Carolina,Scotland,343,2,0,34.8386299,-79.4757978,37165.0,984.9811905924246,0.5830903790087464,341,339,2,0,337,331,34810,4,0,0,4,8
2020-08-09,US,North Carolina,Stanly,1064,26,0,35.31647813,-80.25093221,37167.0,1694.1056586950292,2.443609022556391,1038,1049,26,0,1023,1026,62075,15,0,0,15,23
2020-08-09,US,North Carolina,Stokes,291,3,0,36.4017975,-80.23893369,37169.0,638.2838718168059,1.0309278350515465,288,291,3,0,288,291,45467,0,0,0,0,0
2020-08-09,US,North Carolina,Surry,954,10,0,36.41689489,-80.69102283,37171.0,1329.0054748338746,1.0482180293501049,944,928,9,0,919,916,71948,26,1,0,25,12
2020-08-09,US,North Carolina,Swain,119,2,0,35.48665845,-83.48748932,37173.0,833.8588746408801,1.680672268907563,117,119,2,0,117,117,14245,0,0,0,0,2
2020-08-09,US,North Carolina,Transylvania,137,1,0,35.20383864,-82.79638423,37175.0,398.429547767922,0.7299270072992701,136,135,1,0,134,132,34215,2,0,0,2,3
2020-08-09,US,North Carolina,Tyrrell,98,1,0,35.87147226,-76.17055253,37177.0,2440.2390438247007,1.020408163265306,97,98,1,0,97,95,4131,0,0,0,0,3
2020-08-09,US,North Carolina,Union,3096,43,0,34.98960527,-80.52955873,37179.0,1290.7583205133014,1.3888888888888888,3053,3072,42,0,3030,3016,235908,24,1,0,23,56
2020-08-09,US,North Carolina,Vance,773,41,0,36.36880673,-78.40670845,37181.0,1735.7134837768049,5.304010349288486,732,765,40,0,725,759,44582,8,1,0,7,6
2020-08-09,US,North Carolina,Wake,12028,170,0,35.78879266,-78.65249174,37183.0,1081.8872041742784,1.4133688061190557,11858,11906,168,0,11738,11774,1092305,122,2,0,120,132
2020-08-09,US,North Carolina,Warren,256,7,0,36.39728256,-78.10652228,37185.0,1297.4507120774415,2.734375,249,256,7,0,249,256,19807,0,0,0,0,0
2020-08-09,US,North Carolina,Washington,133,4,0,35.83810081,-76.57299037,37187.0,1148.53195164076,3.0075187969924815,129,132,4,0,128,132,11859,1,0,0,1,0
2020-08-09,US,North Carolina,Watauga,292,0,0,36.23103603,-81.70033724,37189.0,519.7856774124642,0.0,292,287,0,0,287,283,55945,5,0,0,5,4
2020-08-09,US,North Carolina,Wayne,2412,42,0,35.36438125,-78.00027268,37191.0,1958.8893130080967,1.7412935323383083,2370,2401,42,0,2359,2401,123248,11,0,0,11,0
2020-08-09,US,North Carolina,Wilkes,834,11,0,36.2084135,-81.16232895,37193.0,1219.0843711629539,1.3189448441247005,823,792,11,0,781,780,68557,42,0,0,42,12
2020-08-09,US,North Carolina,Wilson,1490,35,0,35.70625477,-77.917978,37195.0,1821.4936247723133,2.348993288590604,1455,1476,35,0,1441,1476,81455,14,0,0,14,0
2020-08-09,US,North Carolina,Yadkin,541,6,0,36.16222629,-80.66239436,37197.0,1436.270475482518,1.1090573012939002,535,532,6,0,526,529,37543,9,0,0,9,3
2020-08-09,US,North Carolina,Yancey,101,0,0,35.90079156,-82.31237181,37199.0,558.9683989152693,0.0,101,101,0,0,101,101,17903,0,0,0,0,0
2020-08-09,US,North Dakota,Adams,2,0,0,46.09686891,-102.5285397,38001.0,90.25270758122744,0.0,2,2,0,0,2,2,2294,0,0,0,0,0
2020-08-09,US,North Dakota,Barnes,37,0,0,46.93579637,-98.06605978,38003.0,355.2568410945751,0.0,37,37,0,0,37,37,10542,0,0,0,0,0
2020-08-09,US,North Dakota,Benson,136,2,0,48.0683985,-99.35916363,38005.0,1990.6323185011704,1.4705882352941178,134,134,2,0,132,132,6962,2,0,0,2,2
2020-08-09,US,North Dakota,Billings,2,0,0,47.02366884,-103.3762965,38007.0,215.5172413793104,0.0,2,2,0,0,2,2,919,0,0,0,0,0
2020-08-09,US,North Dakota,Bottineau,19,0,0,48.79106111,-100.8378166,38009.0,302.45144858325375,0.0,19,18,0,0,18,18,6411,1,0,0,1,0
2020-08-09,US,North Dakota,Bowman,6,0,0,46.11285362,-103.5203343,38011.0,198.4126984126984,0.0,6,6,0,0,6,6,3076,0,0,0,0,0
2020-08-09,US,North Dakota,Burke,23,0,0,48.79094471,-102.5182117,38013.0,1087.4704491725768,0.0,23,23,0,0,23,23,2100,0,0,0,0,0
2020-08-09,US,North Dakota,Burleigh,1171,6,0,46.97847375,-100.4645214,38015.0,1224.5623575178302,0.5123825789923142,1165,1142,6,0,1136,1108,95273,29,0,0,29,34
2020-08-09,US,North Dakota,Cass,3039,76,0,46.93201724,-97.2444719,38017.0,1670.4869642651013,2.500822639025996,2963,3028,76,0,2952,3006,181516,11,0,0,11,22
2020-08-09,US,North Dakota,Cavalier,31,0,0,48.77286211,-98.46685243,38019.0,824.0297713981925,0.0,31,31,0,0,31,31,3829,0,0,0,0,0
2020-08-09,US,North Dakota,Dickey,13,0,0,46.11017712,-98.5049008,38021.0,266.8308702791461,0.0,13,12,0,0,12,12,4903,1,0,0,1,0
2020-08-09,US,North Dakota,Divide,2,0,0,48.814938700000006,-103.4873611,38023.0,88.33922261484098,0.0,2,2,0,0,2,2,2283,0,0,0,0,0
2020-08-09,US,North Dakota,Dunn,30,0,0,47.35423935,-102.6160468,38025.0,678.1193490054251,0.0,30,30,0,0,30,30,4332,0,0,0,0,0
2020-08-09,US,North Dakota,Eddy,18,0,0,47.71701474,-98.90432337,38027.0,787.0572802798426,0.0,18,18,0,0,18,15,2313,0,0,0,0,3
2020-08-09,US,North Dakota,Emmons,17,1,0,46.28398398,-100.2389766,38029.0,524.5294662141314,5.882352941176472,16,17,1,0,16,17,3295,0,0,0,0,0
2020-08-09,US,North Dakota,Foster,25,0,0,47.4571084,-98.88279923,38031.0,778.816199376947,0.0,25,25,0,0,25,27,3216,0,0,0,0,-2
2020-08-09,US,North Dakota,Golden Valley,4,0,0,46.94022281,-103.8465421,38033.0,227.14366837024414,0.0,4,4,0,0,4,4,1769,0,0,0,0,0
2020-08-09,US,North Dakota,Grand Forks,677,6,0,47.92093639,-97.45450447,38035.0,974.7879800146866,0.8862629246676514,671,672,6,0,666,662,70770,5,0,0,5,10
2020-08-09,US,North Dakota,Grant,4,0,0,46.35821257,-101.6390013,38037.0,175.9014951627089,0.0,4,4,0,0,4,4,2374,0,0,0,0,0
2020-08-09,US,North Dakota,Griggs,34,1,0,47.45785838,-98.23850925,38039.0,1523.9802779022864,2.9411764705882355,33,34,1,0,33,32,2232,0,0,0,0,2
2020-08-09,US,North Dakota,Hettinger,6,0,0,46.43375068,-102.4632417,38041.0,240.09603841536614,0.0,6,6,0,0,6,6,2514,0,0,0,0,0
2020-08-09,US,North Dakota,Kidder,14,0,0,46.97830064,-99.77507857,38043.0,564.516129032258,0.0,14,13,0,0,13,13,2450,1,0,0,1,0
2020-08-09,US,North Dakota,LaMoure,16,0,0,46.45681054,-98.53542355,38045.0,395.45229856648535,0.0,16,16,0,0,16,16,4062,0,0,0,0,0
2020-08-09,US,North Dakota,Logan,7,0,0,46.45729487,-99.47719806,38047.0,378.3783783783784,0.0,7,7,0,0,7,7,1903,0,0,0,0,0
2020-08-09,US,North Dakota,McHenry,16,1,0,48.23104458,-100.6324822,38049.0,278.50304612706697,6.25,15,16,1,0,15,16,5816,0,0,0,0,0
2020-08-09,US,North Dakota,McIntosh,30,2,0,46.11182017,-99.44145858,38051.0,1201.4417300760913,6.666666666666668,28,30,2,0,28,27,2585,0,0,0,0,3
2020-08-09,US,North Dakota,McKenzie,89,1,0,47.74133370000001,-103.395905,38053.0,592.3855165069223,1.1235955056179776,88,89,1,0,88,86,13632,0,0,0,0,3
2020-08-09,US,North Dakota,McLean,61,0,0,47.60766714,-101.3182418,38055.0,645.5026455026455,0.0,61,59,0,0,59,51,9541,2,0,0,2,8
2020-08-09,US,North Dakota,Mercer,29,0,0,47.31213126,-101.8318399,38057.0,354.22010504458285,0.0,29,28,0,0,28,26,8267,1,0,0,1,2
2020-08-09,US,North Dakota,Morton,367,3,0,46.71681782,-101.2822377,38059.0,1170.1313607958168,0.8174386920980926,364,357,3,0,354,333,31095,10,0,0,10,24
2020-08-09,US,North Dakota,Mountrail,130,1,0,48.20197971,-102.3555315,38061.0,1232.8117591275486,0.7692307692307693,129,129,1,0,128,123,10218,1,0,0,1,6
2020-08-09,US,North Dakota,Nelson,25,0,0,47.9226426,-98.19038437,38063.0,868.357068426537,0.0,25,25,0,0,25,24,2869,0,0,0,0,1
2020-08-09,US,North Dakota,Oliver,7,0,0,47.11530482,-101.3406158,38065.0,357.32516590096986,0.0,7,7,0,0,7,7,1952,0,0,0,0,0
2020-08-09,US,North Dakota,Pembina,27,0,0,48.76623521,-97.5523809,38067.0,397.00044111160116,0.0,27,27,0,0,27,27,6947,0,0,0,0,0
2020-08-09,US,North Dakota,Pierce,12,0,0,48.24977025,-99.96407787,38069.0,301.8867924528302,0.0,12,11,0,0,11,11,4081,1,0,0,1,0
2020-08-09,US,North Dakota,Ramsey,69,2,0,48.26886249,-98.72223879,38071.0,599.0103307578783,2.898550724637681,67,69,2,0,67,66,11481,0,0,0,0,3
2020-08-09,US,North Dakota,Ransom,28,0,0,46.45621782,-97.65742504,38073.0,536.6040628593331,0.0,28,28,0,0,28,27,5237,0,0,0,0,1
2020-08-09,US,North Dakota,Renville,9,0,0,48.71982533,-101.6603912,38075.0,386.7640739149119,0.0,9,9,0,0,9,9,2374,0,0,0,0,0
2020-08-09,US,North Dakota,Richland,109,1,0,46.26440649,-96.94852979,38077.0,673.7961303084626,0.9174311926605504,108,105,1,0,104,104,16239,4,0,0,4,1
2020-08-09,US,North Dakota,Rolette,72,0,0,48.77245354,-99.84097493,38079.0,507.90067720090286,0.0,72,61,0,0,61,52,14301,11,0,0,11,9
2020-08-09,US,North Dakota,Sargent,10,0,0,46.10830372,-97.63217159,38081.0,256.5418163160595,0.0,10,11,0,0,11,11,3870,-1,0,0,-1,0
2020-08-09,US,North Dakota,Sheridan,8,0,0,47.57700669,-100.3426391,38083.0,608.3650190114067,0.0,8,8,0,0,8,8,1349,0,0,0,0,0
2020-08-09,US,North Dakota,Sioux,83,1,0,46.11323337,-101.0440149,38085.0,1962.174940898345,1.2048192771084338,82,79,1,0,78,63,4358,4,0,0,4,16
2020-08-09,US,North Dakota,Slope,3,0,0,46.44737738,-103.4601547,38087.0,400.0,0.0,3,3,0,0,3,3,763,0,0,0,0,0
2020-08-09,US,North Dakota,Stark,261,3,0,46.80851182,-102.6576326,38089.0,828.8608720505573,1.1494252873563218,258,259,3,0,256,248,30997,2,0,0,2,11
2020-08-09,US,North Dakota,Steele,14,0,0,47.45611548,-97.72728747,38091.0,740.7407407407408,0.0,14,14,0,0,14,14,1903,0,0,0,0,0
2020-08-09,US,North Dakota,Stutsman,127,2,0,46.97962541,-98.95637318,38093.0,613.4080370942812,1.5748031496062993,125,127,2,0,125,126,20917,0,0,0,0,1
2020-08-09,US,North Dakota,Towner,5,0,0,48.68565745,-99.24564265,38095.0,228.41480127912288,0.0,5,5,0,0,5,5,2192,0,0,0,0,0
2020-08-09,US,North Dakota,Traill,55,0,0,47.45367788,-97.16323288,38097.0,684.4201095072175,0.0,55,54,0,0,54,52,8037,1,0,0,1,2
2020-08-09,US,North Dakota,Walsh,104,0,0,48.36876964,-97.72574783,38099.0,977.3517526548256,0.0,104,104,0,0,104,103,10667,0,0,0,0,1
2020-08-09,US,North Dakota,Ward,222,1,0,48.22390169,-101.5436763,38101.0,328.2033086441656,0.4504504504504505,221,221,1,0,220,209,67744,1,0,0,1,12
2020-08-09,US,North Dakota,Wells,21,0,0,47.58614526,-99.65904998,38103.0,547.7308294209703,0.0,21,21,0,0,21,21,3957,0,0,0,0,0
2020-08-09,US,North Dakota,Williams,270,2,0,48.34522353,-103.4793387,38105.0,718.2952459496129,0.7407407407407407,268,269,2,0,267,263,35350,1,0,0,1,6
2020-08-09,US,Ohio,Adams,61,2,0,38.84541072,-83.4718964,39001.0,220.23250776229332,3.278688524590164,59,59,2,0,57,59,27724,2,0,0,2,0
2020-08-09,US,Ohio,Allen,740,44,0,40.77285242,-84.10802343,39003.0,723.0022178581547,5.945945945945946,696,732,44,0,688,718,102663,8,0,0,8,14
2020-08-09,US,Ohio,Ashland,144,3,0,40.84772277,-82.27280781,39005.0,269.2393986986762,2.083333333333333,141,143,3,0,140,140,53745,1,0,0,1,3
2020-08-09,US,Ohio,Ashtabula,569,46,0,41.70860332,-80.74830218,39007.0,585.1441264487203,8.084358523725834,523,562,46,0,516,559,97493,7,0,0,7,3
2020-08-09,US,Ohio,Athens,357,1,0,39.33425634,-82.04278644,39009.0,546.4815466805455,0.2801120448179272,356,356,1,0,355,356,65818,1,0,0,1,0
2020-08-09,US,Ohio,Auglaize,254,6,0,40.55998859,-84.22421429999999,39011.0,556.3343262659891,2.3622047244094486,248,250,6,0,244,244,45804,4,0,0,4,6
2020-08-09,US,Ohio,Belmont,621,26,0,40.01625942,-80.9924051,39013.0,926.7826761782527,4.186795491143316,595,621,26,0,595,614,67505,0,0,0,0,7
2020-08-09,US,Ohio,Brown,129,2,0,38.93416837,-83.86788395,39015.0,297.01602505065387,1.5503875968992251,127,127,2,0,125,126,43602,2,0,0,2,1
2020-08-09,US,Ohio,Butler,2929,63,0,39.44012838,-84.57388716,39017.0,764.4844884557359,2.1509047456469785,2866,2891,63,0,2828,2861,382378,38,0,0,38,30
2020-08-09,US,Ohio,Carroll,111,5,0,40.5789686,-81.09178213,39019.0,412.42476034777434,4.504504504504505,106,111,5,0,106,110,27081,0,0,0,0,1
2020-08-09,US,Ohio,Champaign,176,2,0,40.13923427,-83.76875242,39021.0,452.61669024045267,1.1363636363636365,174,173,2,0,171,159,38754,3,0,0,3,14
2020-08-09,US,Ohio,Clark,1146,14,0,39.91592258,-83.78498252,39023.0,854.6944802845999,1.2216404886561956,1132,1142,14,0,1128,1133,134585,4,0,0,4,9
2020-08-09,US,Ohio,Clermont,933,11,0,39.04847534,-84.15375786,39025.0,451.973569477009,1.1789924973204715,922,921,11,0,910,902,205466,12,0,0,12,19
2020-08-09,US,Ohio,Clinton,164,6,0,39.41485808,-83.80852286,39027.0,390.77392298894404,3.6585365853658534,158,162,6,0,156,158,42057,2,0,0,2,4
2020-08-09,US,Ohio,Columbiana,1658,60,0,40.76932373,-80.78094576,39029.0,1627.3568701353513,3.618817852834741,1598,1656,60,0,1596,1634,102665,2,0,0,2,22
2020-08-09,US,Ohio,Coshocton,193,6,0,40.30096166,-81.91729018,39031.0,527.3224043715848,3.1088082901554404,187,192,6,0,186,190,36629,1,0,0,1,2
2020-08-09,US,Ohio,Crawford,174,5,0,40.85065156,-82.91989099,39033.0,419.3377355762279,2.8735632183908044,169,174,5,0,169,172,41550,0,0,0,0,2
2020-08-09,US,Ohio,Cuyahoga,13514,499,0,41.424119,-81.65918339,39035.0,1094.187221473728,3.692467071185437,13015,13414,499,0,12915,13269,1243857,100,0,0,100,145
2020-08-09,US,Ohio,Darke,395,29,0,40.13412966,-84.6194517,39037.0,772.7975270479135,7.341772151898733,366,393,29,0,364,385,51323,2,0,0,2,8
2020-08-09,US,Ohio,Defiance,144,4,0,41.32398837,-84.49076944,39039.0,378.08176018063904,2.7777777777777777,140,142,4,0,138,139,38165,2,0,0,2,3
2020-08-09,US,Ohio,Delaware,1301,19,0,40.27942393,-83.00457058,39041.0,621.9613054972582,1.4604150653343582,1282,1292,19,0,1273,1273,204826,9,0,0,9,19
2020-08-09,US,Ohio,Erie,575,27,0,41.36796058,-82.62904521,39043.0,774.2439339670913,4.695652173913044,548,570,27,0,543,564,74615,5,0,0,5,6
2020-08-09,US,Ohio,Fairfield,1387,32,0,39.75107189,-82.63088163,39045.0,880.2213563151282,2.3071377072819037,1355,1367,32,0,1335,1332,155782,20,0,0,20,35
2020-08-09,US,Ohio,Fayette,113,0,0,39.56021306,-83.4562016,39047.0,396.1437335670465,0.0,113,112,0,0,112,110,28666,1,0,0,1,2
2020-08-09,US,Ohio,Franklin,18317,524,0,39.96995815,-83.01115755,39049.0,1391.070175491891,2.860730468963258,17793,18182,523,0,17659,18006,1310300,135,1,0,134,176
2020-08-09,US,Ohio,Fulton,148,1,0,41.60213491,-84.12571393,39051.0,351.32697146655266,0.6756756756756757,147,147,1,0,146,147,42276,1,0,0,1,0
2020-08-09,US,Ohio,Gallia,65,1,0,38.82708533,-82.31647569,39053.0,217.4058465449194,1.5384615384615383,64,65,1,0,64,62,29979,0,0,0,0,3
2020-08-09,US,Ohio,Geauga,556,44,0,41.49952319,-81.17935342,39055.0,593.7062862390416,7.913669064748201,512,554,44,0,510,552,94031,2,0,0,2,2
2020-08-09,US,Ohio,Greene,690,12,0,39.69116283,-83.89032084,39057.0,408.4362809804838,1.7391304347826086,678,684,12,0,672,662,167995,6,0,0,6,22
2020-08-09,US,Ohio,Guernsey,117,7,0,40.05026529,-81.49248905,39059.0,300.9646302250804,5.982905982905983,110,116,7,0,109,116,39022,1,0,0,1,0
2020-08-09,US,Ohio,Hamilton,9643,255,0,39.19673558,-84.54502924,39061.0,1179.6108250670054,2.6444052680701025,9388,9583,255,0,9328,9493,816684,60,0,0,60,90
2020-08-09,US,Ohio,Hancock,378,3,0,41.00250487,-83.66838948,39063.0,498.7926052016944,0.7936507936507936,375,372,3,0,369,355,75930,6,0,0,6,17
2020-08-09,US,Ohio,Hardin,165,12,0,40.66015414,-83.65929931,39065.0,526.0640841702535,7.272727272727272,153,164,12,0,152,161,31480,1,0,0,1,3
2020-08-09,US,Ohio,Harrison,26,1,0,40.29380509,-81.09068544,39067.0,172.87234042553192,3.8461538461538463,25,26,1,0,25,24,15174,0,0,0,0,2
2020-08-09,US,Ohio,Henry,117,2,0,41.3339642,-84.06830637,39069.0,433.2370584314597,1.709401709401709,115,116,2,0,114,115,27086,1,0,0,1,1
2020-08-09,US,Ohio,Highland,158,1,0,39.1839264,-83.60331456,39071.0,366.07122170477976,0.6329113924050633,157,156,1,0,155,148,43058,2,0,0,2,8
2020-08-09,US,Ohio,Hocking,118,9,0,39.49537927,-82.47991446,39073.0,417.4922162468157,7.627118644067798,109,116,9,0,107,115,28385,2,0,0,2,1
2020-08-09,US,Ohio,Holmes,328,6,0,40.56163713,-81.92635677,39075.0,746.1328480436763,1.8292682926829267,322,327,6,0,321,327,43892,1,0,0,1,0
2020-08-09,US,Ohio,Huron,396,5,0,41.14651175,-82.59867951,39077.0,679.6416434970653,1.2626262626262623,391,395,5,0,390,393,58504,1,0,0,1,2
2020-08-09,US,Ohio,Jackson,74,0,0,39.01914254,-82.61818559999998,39079.0,228.3034584888779,0.0,74,74,0,0,74,73,32384,0,0,0,0,1
2020-08-09,US,Ohio,Jefferson,229,2,0,40.38614126,-80.76259514,39081.0,350.5549177190968,0.8733624454148472,227,224,2,0,222,219,65767,5,0,0,5,5
2020-08-09,US,Ohio,Knox,205,7,0,40.39830217,-82.42027563,39083.0,328.9368120406918,3.414634146341464,198,203,7,0,196,199,61893,2,0,0,2,4
2020-08-09,US,Ohio,Lake,1114,38,0,41.69710807,-81.23676539,39085.0,484.0342560688945,3.4111310592459607,1076,1111,38,0,1073,1087,230514,3,0,0,3,24
2020-08-09,US,Ohio,Lawrence,283,0,0,38.59743452,-82.53466552,39087.0,475.9262062122664,0.0,283,279,0,0,279,267,59866,4,0,0,4,12
2020-08-09,US,Ohio,Licking,1281,49,0,40.09136236,-82.48185785,39089.0,724.2935169793399,3.8251366120218577,1232,1260,49,0,1211,1224,175769,21,0,0,21,36
2020-08-09,US,Ohio,Logan,155,2,0,40.38996525,-83.76784341,39091.0,339.37642319145215,1.2903225806451613,153,152,2,0,150,145,45358,3,0,0,3,7
2020-08-09,US,Ohio,Lorain,1770,78,0,41.29553751,-82.15083537,39093.0,571.2754935723439,4.40677966101695,1692,1736,78,0,1658,1713,309461,34,0,0,34,23
2020-08-09,US,Ohio,Lucas,5348,323,0,41.62101218,-83.65468618,39095.0,1248.517560488201,6.039640987284965,5025,5288,323,0,4965,5207,429899,60,0,0,60,81
2020-08-09,US,Ohio,Madison,374,10,0,39.89381073,-83.40178317,39097.0,836.109186023116,2.6737967914438503,364,355,10,0,345,353,44413,19,0,0,19,2
2020-08-09,US,Ohio,Mahoning,2554,255,0,41.01631101,-80.77287029,39099.0,1116.8298474307228,9.984338292873923,2299,2532,255,0,2277,2502,229642,22,0,0,22,30
2020-08-09,US,Ohio,Marion,2925,45,0,40.58610662,-83.15736305,39101.0,4493.570737252853,1.5384615384615383,2880,2922,45,0,2877,2919,65256,3,0,0,3,3
2020-08-09,US,Ohio,Medina,923,35,0,41.11770589,-81.89986209999998,39103.0,513.502386701234,3.791982665222102,888,914,35,0,879,896,179146,9,0,0,9,18
2020-08-09,US,Ohio,Meigs,40,0,0,39.09224872,-82.0305041,39105.0,174.61911206181512,0.0,40,38,0,0,38,36,23106,2,0,0,2,2
2020-08-09,US,Ohio,Mercer,612,13,0,40.54043046,-84.62912742,39107.0,1486.447099970854,2.124183006535948,599,605,13,0,592,591,40959,7,0,0,7,14
2020-08-09,US,Ohio,Miami,839,38,0,40.0543329,-84.22871271,39109.0,784.2074270705788,4.529201430274137,801,832,38,0,794,819,106222,7,0,0,7,13
2020-08-09,US,Ohio,Monroe,93,18,0,39.72984936,-81.08464734,39111.0,681.1190859821297,19.354838709677423,75,91,18,0,73,91,13790,2,0,0,2,0
2020-08-09,US,Ohio,Montgomery,4362,94,0,39.75394919,-84.29050975,39113.0,820.4074953873237,2.154974782209996,4268,4318,94,0,4224,4229,532331,44,0,0,44,89
2020-08-09,US,Ohio,Morgan,26,0,0,39.62081738,-81.85308173,39115.0,179.21146953405014,0.0,26,25,0,0,25,25,14604,1,0,0,1,0
2020-08-09,US,Ohio,Morrow,170,2,0,40.52363560000001,-82.7892599,39117.0,481.2047101449276,1.1764705882352942,168,168,2,0,166,168,35112,2,0,0,2,0
2020-08-09,US,Ohio,Muskingum,236,1,0,39.96575964,-81.94363275,39119.0,273.734268978716,0.42372881355932196,235,225,1,0,224,221,86183,11,0,0,11,4
2020-08-09,US,Ohio,Noble,16,0,0,39.76818851,-81.45937183,39121.0,110.92623405435387,0.0,16,17,0,0,17,16,14354,-1,0,0,-1,1
2020-08-09,US,Ohio,Ottawa,386,26,0,41.53781826,-83.0940185,39123.0,952.4984577421344,6.735751295336788,360,377,26,0,351,371,40769,9,0,0,9,6
2020-08-09,US,Ohio,Paulding,69,0,0,41.11676341,-84.5801017,39125.0,369.53727506426736,0.0,69,67,0,0,67,65,18760,2,0,0,2,2
2020-08-09,US,Ohio,Perry,130,3,0,39.73508655,-82.23804971,39127.0,359.7719599269386,2.3076923076923075,127,123,3,0,120,121,36033,7,0,0,7,2
2020-08-09,US,Ohio,Pickaway,2387,42,0,39.64170392,-83.0243386,39129.0,4083.3433121781823,1.7595307917888563,2345,2383,42,0,2341,2380,58086,4,0,0,4,3
2020-08-09,US,Ohio,Pike,76,0,0,39.07634001,-83.06769584,39131.0,273.65692063949297,0.0,76,76,0,0,76,76,28067,0,0,0,0,0
2020-08-09,US,Ohio,Portage,758,61,0,41.16793482,-81.19735782,39133.0,466.55915699284776,8.047493403693931,697,754,61,0,693,746,162927,4,0,0,4,8
2020-08-09,US,Ohio,Preble,203,2,0,39.7420247,-84.64787018,39135.0,496.5510493615772,0.9852216748768472,201,201,2,0,199,180,40997,2,0,0,2,21
2020-08-09,US,Ohio,Putnam,205,17,0,41.02094889,-84.1336111,39137.0,605.4162605947846,8.292682926829269,188,205,17,0,188,202,33780,0,0,0,0,3
2020-08-09,US,Ohio,Richland,604,12,0,40.77180308,-82.53799609999999,39139.0,498.53904947422285,1.9867549668874167,592,600,12,0,588,596,121099,4,0,0,4,4
2020-08-09,US,Ohio,Ross,484,4,0,39.33705391,-83.06000914,39141.0,631.3098374768476,0.8264462809917356,480,468,4,0,464,450,76931,16,0,0,16,18
2020-08-09,US,Ohio,Sandusky,377,16,0,41.35624126,-83.137872,39143.0,644.2462148398782,4.244031830238727,361,373,16,0,357,368,58799,4,0,0,4,5
2020-08-09,US,Ohio,Scioto,226,1,0,38.80270163,-82.98907345,39145.0,300.07701091430545,0.4424778761061947,225,224,1,0,223,222,75502,2,0,0,2,2
2020-08-09,US,Ohio,Seneca,214,3,0,41.12351311,-83.12783209,39147.0,387.83573163217227,1.4018691588785046,211,204,3,0,201,196,55207,10,0,0,10,8
2020-08-09,US,Ohio,Shelby,194,4,0,40.33163494,-84.20258189,39149.0,399.25910681210127,2.061855670103093,190,190,4,0,186,186,48627,4,0,0,4,4
2020-08-09,US,Ohio,Stark,1827,139,0,40.81482476,-81.36437305,39151.0,492.97636843440216,7.608100711548988,1688,1813,139,0,1674,1783,371574,14,0,0,14,30
2020-08-09,US,Ohio,Summit,3555,222,0,41.12464734,-81.53123079,39153.0,657.1006611671069,6.2447257383966255,3333,3523,222,0,3301,3486,541918,32,0,0,32,37
2020-08-09,US,Ohio,Trumbull,1524,106,0,41.31735028,-80.76109643,39155.0,769.7980542899572,6.955380577427823,1418,1518,106,0,1412,1500,198627,6,0,0,6,18
2020-08-09,US,Ohio,Tuscarawas,782,14,0,40.44214695,-81.47226262,39157.0,850.1201256699318,1.7902813299232736,768,781,14,0,767,772,92176,1,0,0,1,9
2020-08-09,US,Ohio,Union,251,1,0,40.30016061,-83.37239023,39159.0,425.51027327592055,0.398406374501992,250,246,1,0,245,237,57835,5,0,0,5,9
2020-08-09,US,Ohio,Van Wert,71,1,0,40.8554138,-84.59111700000003,39161.0,251.105216622458,1.4084507042253518,70,71,1,0,70,71,28281,0,0,0,0,0
2020-08-09,US,Ohio,Vinton,31,2,0,39.25208988,-82.4831444,39163.0,236.9124952235384,6.451612903225807,29,31,2,0,29,30,13139,0,0,0,0,1
2020-08-09,US,Ohio,Warren,1789,39,0,39.42581994,-84.16557457,39165.0,762.5680940486441,2.1799888205701508,1750,1767,39,0,1728,1742,232173,22,0,0,22,25
2020-08-09,US,Ohio,Washington,203,22,0,39.45690571,-81.49121382,39167.0,338.83593997763353,10.83743842364532,181,202,22,0,180,200,60155,1,0,0,1,2
2020-08-09,US,Ohio,Wayne,539,58,0,40.82925852,-81.88844833,39169.0,465.8197217180883,10.760667903525047,481,529,58,0,471,525,115967,10,0,0,10,4
2020-08-09,US,Ohio,Williams,135,3,0,41.56052014,-84.58429552,39171.0,367.92761364875184,2.2222222222222223,132,134,3,0,131,132,36804,1,0,0,1,2
2020-08-09,US,Ohio,Wood,1043,58,0,41.36224827,-83.62285108,39173.0,797.2969873946048,5.560882070949185,985,1030,58,0,972,1013,130696,13,0,0,13,17
2020-08-09,US,Ohio,Wyandot,146,8,0,40.84339621,-83.30734173,39175.0,670.5860738563292,5.479452054794519,138,145,8,0,137,142,21935,1,0,0,1,3
2020-08-09,US,Oklahoma,Adair,340,6,0,35.88494195,-94.65859267,40001.0,1531.9455708750113,1.7647058823529411,334,339,6,0,333,328,22082,1,0,0,1,11
2020-08-09,US,Oklahoma,Alfalfa,3,0,0,36.73090616,-98.32408495,40003.0,52.6131182041389,0.0,3,3,0,0,3,3,5754,0,0,0,0,0
2020-08-09,US,Oklahoma,Atoka,70,0,0,34.37366573,-96.03802487,40005.0,508.794882977177,0.0,70,70,0,0,70,68,13838,0,0,0,0,2
2020-08-09,US,Oklahoma,Beaver,36,0,0,36.7496847,-100.4758872,40007.0,677.8384485031067,0.0,36,36,0,0,36,36,5319,0,0,0,0,0
2020-08-09,US,Oklahoma,Beckham,60,1,0,35.26862449,-99.68128023,40009.0,274.4864815407841,1.6666666666666667,59,53,1,0,52,52,21709,7,0,0,7,1
2020-08-09,US,Oklahoma,Blaine,42,0,0,35.87518314,-98.43307003,40011.0,445.43429844098,0.0,42,41,0,0,41,41,9485,1,0,0,1,0
2020-08-09,US,Oklahoma,Bryan,452,1,0,33.96472458,-96.25903472,40013.0,941.764767163246,0.22123893805309736,451,453,1,0,452,431,47192,-1,0,0,-1,22
2020-08-09,US,Oklahoma,Caddo,417,16,0,35.17364557,-98.37534464,40015.0,1449.8296363257075,3.836930455635492,401,413,16,0,397,404,28977,4,0,0,4,9
2020-08-09,US,Oklahoma,Canadian,1208,7,0,35.5426055,-97.98465569,40017.0,814.5321160303696,0.5794701986754967,1201,1194,7,0,1187,1174,144447,14,0,0,14,20
2020-08-09,US,Oklahoma,Carter,338,4,0,34.25103751,-97.28552485,40019.0,702.5420382033217,1.183431952662722,334,337,4,0,333,331,48177,1,0,0,1,6
2020-08-09,US,Oklahoma,Cherokee,440,2,0,35.90692775,-94.99980896,40021.0,904.2892081303819,0.4545454545454545,438,421,2,0,419,398,48675,19,0,0,19,23
2020-08-09,US,Oklahoma,Choctaw,185,1,0,34.02807439,-95.54771129,40023.0,1260.9051254089422,0.5405405405405406,184,183,1,0,182,175,14668,2,0,0,2,8
2020-08-09,US,Oklahoma,Cimarron,1,0,0,36.74817177,-102.5173885,40025.0,46.79457182966776,0.0,1,1,0,0,1,1,2153,0,0,0,0,0
2020-08-09,US,Oklahoma,Cleveland,2994,55,0,35.20413532,-97.32519562,40027.0,1054.173385819009,1.8370073480293918,2939,2967,55,0,2912,2932,281669,27,0,0,27,35
2020-08-09,US,Oklahoma,Coal,35,0,0,34.58840127,-96.29798747,40029.0,636.9426751592358,0.0,35,36,0,0,36,32,5520,-1,0,0,-1,4
2020-08-09,US,Oklahoma,Comanche,831,10,0,34.65973764,-98.47195055,40031.0,688.2044571797696,1.203369434416366,821,803,10,0,793,798,120422,28,0,0,28,5
2020-08-09,US,Oklahoma,Cotton,18,2,0,34.28845626,-98.37053567,40033.0,317.6844334627604,11.111111111111109,16,18,2,0,16,18,5776,0,0,0,0,0
2020-08-09,US,Oklahoma,Craig,82,0,0,36.76268118,-95.20916602,40035.0,579.8331211992646,0.0,82,82,0,0,82,79,14306,0,0,0,0,3
2020-08-09,US,Oklahoma,Creek,596,14,0,35.90230551,-96.37086028,40037.0,833.310030480132,2.348993288590604,582,588,14,0,574,580,71604,8,0,0,8,8
2020-08-09,US,Oklahoma,Custer,206,0,0,35.63853802,-99.00170785,40039.0,710.2713512395268,0.0,206,206,0,0,206,202,29036,0,0,0,0,4
2020-08-09,US,Oklahoma,Delaware,426,19,0,36.40823634,-94.80325046,40041.0,990.4903624822713,4.460093896713615,407,424,19,0,405,419,42733,2,0,0,2,5
2020-08-09,US,Oklahoma,Dewey,10,0,0,35.98772922,-99.00730714,40043.0,204.4571662236761,0.0,10,9,0,0,9,9,4894,1,0,0,1,0
2020-08-09,US,Oklahoma,Ellis,5,0,0,36.218019399999996,-99.75324573,40045.0,129.5672454003628,0.0,5,5,0,0,5,5,3952,0,0,0,0,0
2020-08-09,US,Oklahoma,Garfield,452,5,0,36.3791334,-97.78265517,40047.0,740.3039832285118,1.106194690265487,447,447,5,0,442,420,60913,5,0,0,5,27
2020-08-09,US,Oklahoma,Garvin,226,4,0,34.70418038,-97.30811132,40049.0,815.5606077009129,1.7699115044247788,222,225,4,0,221,221,27811,1,0,0,1,4
2020-08-09,US,Oklahoma,Grady,441,7,0,35.0167709,-97.88339847,40051.0,789.8413153275783,1.5873015873015872,434,437,7,0,430,430,55551,4,0,0,4,7
2020-08-09,US,Oklahoma,Grant,15,0,0,36.796296999999996,-97.78638765,40053.0,346.1804754211862,0.0,15,15,0,0,15,13,4326,0,0,0,0,2
2020-08-09,US,Oklahoma,Greer,83,8,0,34.93535801,-99.56056120000001,40055.0,1453.081232492997,9.63855421686747,75,83,8,0,75,82,5821,0,0,0,0,1
2020-08-09,US,Oklahoma,Harmon,32,0,0,34.7440135,-99.84741652,40057.0,1206.181681115718,0.0,32,27,0,0,27,27,2664,5,0,0,5,0
2020-08-09,US,Oklahoma,Harper,10,0,0,36.78836519,-99.6679804,40059.0,271.14967462039044,0.0,10,9,0,0,9,9,3797,1,0,0,1,0
2020-08-09,US,Oklahoma,Haskell,58,0,0,35.22257600000001,-95.11513306,40061.0,459.3331749425834,0.0,58,57,0,0,57,55,12668,1,0,0,1,2
2020-08-09,US,Oklahoma,Hughes,137,2,0,35.04912569,-96.24921145,40063.0,1031.7041945929664,1.45985401459854,135,134,2,0,132,126,13335,3,0,0,3,8
2020-08-09,US,Oklahoma,Jackson,523,5,0,34.58781741,-99.41138784,40065.0,2132.083163473298,0.9560229445506692,518,518,5,0,513,514,24949,5,0,0,5,4
2020-08-09,US,Oklahoma,Jefferson,33,0,0,34.11130184,-97.83182974,40067.0,549.8167277574141,0.0,33,33,0,0,33,32,6123,0,0,0,0,1
2020-08-09,US,Oklahoma,Johnston,47,0,0,34.31440473,-96.66011537,40069.0,423.99639152007217,0.0,47,46,0,0,46,46,10949,1,0,0,1,0
2020-08-09,US,Oklahoma,Kay,244,11,0,36.81799745,-97.14421435,40071.0,560.4299692222886,4.508196721311474,233,242,11,0,231,238,44161,2,0,0,2,4
2020-08-09,US,Oklahoma,Kingfisher,136,0,0,35.94530008,-97.94193268,40073.0,862.6704725658102,0.0,136,129,0,0,129,123,15816,7,0,0,7,6
2020-08-09,US,Oklahoma,Kiowa,28,1,0,34.91671958,-98.97720696,40075.0,321.54340836012864,3.571428571428572,27,27,1,0,26,27,8729,1,0,0,1,0
2020-08-09,US,Oklahoma,Latimer,88,1,0,34.87844729,-95.25215049,40077.0,873.6225553459744,1.1363636363636365,87,87,1,0,86,86,10231,1,0,0,1,1
2020-08-09,US,Oklahoma,Le Flore,340,1,0,34.89851864,-94.70392124,40079.0,682.005094979239,0.29411764705882354,339,326,1,0,325,311,49980,14,0,0,14,15
2020-08-09,US,Oklahoma,Lincoln,164,2,0,35.70270942,-96.8812462,40081.0,470.2239298104768,1.2195121951219512,162,165,2,0,163,156,34920,-1,0,0,-1,9
2020-08-09,US,Oklahoma,Logan,220,1,0,35.91899576,-97.44352845,40083.0,458.2283226760534,0.4545454545454545,219,212,1,0,211,202,47291,8,0,0,8,10
2020-08-09,US,Oklahoma,Love,75,0,0,33.95273467,-97.23906784,40085.0,731.4932214961475,0.0,75,75,0,0,75,73,10134,0,0,0,0,2
2020-08-09,US,Oklahoma,Major,34,1,0,36.31149996,-98.53467076,40093.0,445.66784637567184,2.9411764705882355,33,34,1,0,33,34,7644,0,0,0,0,0
2020-08-09,US,Oklahoma,Marshall,107,1,0,34.02311222,-96.76855464,40095.0,631.9768472033547,0.9345794392523364,106,107,1,0,106,106,16806,0,0,0,0,1
2020-08-09,US,Oklahoma,Mayes,316,6,0,36.30179091,-95.23175116,40097.0,768.8564476885645,1.8987341772151896,310,313,6,0,307,309,41107,3,0,0,3,4
2020-08-09,US,Oklahoma,McClain,440,4,0,35.01123903,-97.44572302,40087.0,1087.1176557790186,0.9090909090909092,436,430,4,0,426,427,39985,10,0,0,10,3
2020-08-09,US,Oklahoma,McCurtain,854,28,0,34.11664328,-94.77222373,40089.0,2601.120857699805,3.278688524590164,826,856,28,0,828,848,32703,-2,0,0,-2,8
2020-08-09,US,Oklahoma,McIntosh,180,1,0,35.37235506,-95.66599306,40091.0,918.5548071034905,0.5555555555555556,179,181,1,0,180,178,19815,-1,0,0,-1,3
2020-08-09,US,Oklahoma,Murray,73,0,0,34.48116015,-97.06826283,40099.0,518.7237973424286,0.0,73,71,0,0,71,69,13953,2,0,0,2,2
2020-08-09,US,Oklahoma,Muskogee,506,16,0,35.61318461,-95.37802952,40101.0,744.1504772269365,3.1620553359683794,490,503,16,0,487,490,68362,3,0,0,3,13
2020-08-09,US,Oklahoma,Noble,83,2,0,36.38953329,-97.22928674,40103.0,745.6652591860568,2.409638554216868,81,83,2,0,81,83,11289,0,0,0,0,0
2020-08-09,US,Oklahoma,Nowata,57,1,0,36.79843529,-95.61902331,40105.0,565.7006748709805,1.7543859649122806,56,57,1,0,56,57,10218,0,0,0,0,0
2020-08-09,US,Oklahoma,Okfuskee,66,1,0,35.46485198,-96.32639984,40107.0,550.3210205953472,1.5151515151515151,65,63,1,0,62,62,12098,3,0,0,3,1
2020-08-09,US,Oklahoma,Oklahoma,10560,112,0,35.55140095,-97.40716948,40109.0,1324.2475239330154,1.0606060606060606,10448,10424,112,0,10312,10300,792582,136,0,0,136,124
2020-08-09,US,Oklahoma,Okmulgee,467,3,0,35.64661916,-95.96432828,40111.0,1214.0907318341347,0.6423982869379015,464,466,3,0,463,453,38335,1,0,0,1,13
2020-08-09,US,Oklahoma,Osage,417,11,0,36.62888819,-96.39635704,40113.0,887.9330536805569,2.6378896882494005,406,404,11,0,393,397,47014,13,0,0,13,7
2020-08-09,US,Oklahoma,Ottawa,369,3,0,36.83532655,-94.81011909,40115.0,1185.4659941529862,0.8130081300813008,366,368,3,0,365,367,31175,1,0,0,1,1
2020-08-09,US,Oklahoma,Pawnee,137,3,0,36.31743373,-96.70331759999999,40117.0,836.5901319003419,2.18978102189781,134,136,3,0,133,134,16390,1,0,0,1,2
2020-08-09,US,Oklahoma,Payne,730,4,0,36.07695283,-96.97584944,40119.0,892.5951286315171,0.547945205479452,726,721,4,0,717,717,82040,9,0,0,9,4
2020-08-09,US,Oklahoma,Pittsburg,350,3,0,34.92065823,-95.75134320000001,40121.0,801.7592889540477,0.8571428571428571,347,339,3,0,336,310,43877,11,0,0,11,29
2020-08-09,US,Oklahoma,Pontotoc,199,2,0,34.72959848,-96.68337199,40123.0,519.7993940027166,1.0050251256281406,197,198,2,0,196,193,38247,1,0,0,1,5
2020-08-09,US,Oklahoma,Pottawatomie,447,9,0,35.20614018,-96.94923008,40125.0,615.7703328190435,2.0134228187919465,438,442,9,0,433,433,72679,5,0,0,5,9
2020-08-09,US,Oklahoma,Pushmataha,108,0,0,34.41635232,-95.37603505,40127.0,973.3237202595527,0.0,108,109,0,0,109,107,11179,-1,0,0,-1,2
2020-08-09,US,Oklahoma,Roger Mills,8,1,0,35.68711719,-99.69666167,40129.0,223.27658386826684,12.5,7,8,1,0,7,8,3656,0,0,0,0,0
2020-08-09,US,Oklahoma,Rogers,976,16,0,36.37004357,-95.60406759,40131.0,1055.6030240430894,1.639344262295082,960,958,16,0,942,939,91984,18,0,0,18,19
2020-08-09,US,Oklahoma,Seminole,235,5,0,35.16478725,-96.61686741,40133.0,968.7525764696182,2.127659574468085,230,234,5,0,229,227,24578,1,0,0,1,7
2020-08-09,US,Oklahoma,Sequoyah,340,4,0,35.49447108,-94.75463785,40135.0,817.9171979119055,1.1764705882352942,336,333,4,0,329,319,41179,7,0,0,7,14
2020-08-09,US,Oklahoma,Stephens,200,3,0,34.48556989,-97.85141892,40137.0,463.5746239250863,1.5,197,198,3,0,195,193,43265,2,0,0,2,5
2020-08-09,US,Oklahoma,Texas,1056,7,0,36.74777635,-101.4889765,40139.0,5284.491818045339,0.6628787878787878,1049,1055,7,0,1048,1049,20455,1,0,0,1,6
2020-08-09,US,Oklahoma,Tillman,58,1,0,34.37288446,-98.92426619,40141.0,800.0,1.7241379310344829,57,58,1,0,57,58,7348,0,0,0,0,0
2020-08-09,US,Oklahoma,Tulsa,10465,107,0,36.11939621,-95.94013939,40143.0,1606.1649722508719,1.0224558050645007,10358,10389,107,0,10282,10135,648360,76,0,0,76,254
2020-08-09,US,Oklahoma,Unassigned,5,0,0,0.0,0.0,90040.0,0.0,0.0,5,10,0,0,10,21,,-5,0,0,-5,-11
2020-08-09,US,Oklahoma,Wagoner,860,23,0,35.96024096,-95.51911308,40145.0,1057.9537206756142,2.6744186046511627,837,848,23,0,825,825,80110,12,0,0,12,23
2020-08-09,US,Oklahoma,Washington,632,39,0,36.71380786,-95.90514104,40147.0,1226.5414248840414,6.170886075949367,593,623,39,0,584,616,51843,9,0,0,9,7
2020-08-09,US,Oklahoma,Washita,27,0,0,35.29071824,-98.99180434,40149.0,247.34334921216563,0.0,27,27,0,0,27,27,11127,0,0,0,0,0
2020-08-09,US,Oklahoma,Woods,20,0,0,36.76705782,-98.86573064,40151.0,227.45365631752534,0.0,20,20,0,0,20,20,8897,0,0,0,0,0
2020-08-09,US,Oklahoma,Woodward,37,0,0,36.42316318,-99.26283045,40153.0,183.0686259957449,0.0,37,38,0,0,38,37,20222,-1,0,0,-1,1
2020-08-09,US,Oregon,Baker,38,0,0,44.70915557,-117.6749883,41001.0,235.6735301414041,0.0,38,38,0,0,38,38,16006,0,0,0,0,0
2020-08-09,US,Oregon,Benton,169,6,0,44.49167306,-123.4316987,41003.0,181.61692798727609,3.5502958579881656,163,169,6,0,163,164,92101,0,0,0,0,5
2020-08-09,US,Oregon,Clackamas,1538,40,0,45.18787398,-122.2179634,41005.0,367.77805144588433,2.6007802340702204,1498,1523,40,0,1483,1500,416075,15,0,0,15,23
2020-08-09,US,Oregon,Clatsop,85,0,0,45.99712889,-123.660711,41007.0,211.31662688941924,0.0,85,85,0,0,85,84,39764,0,0,0,0,1
2020-08-09,US,Oregon,Columbia,96,0,0,45.94464254,-123.08908980000001,41009.0,183.3670779692096,0.0,96,94,0,0,94,91,52377,2,0,0,2,3
2020-08-09,US,Oregon,Coos,91,0,0,43.17406868,-124.0594514,41011.0,141.11371284134788,0.0,91,91,0,0,91,90,64389,0,0,0,0,1
2020-08-09,US,Oregon,Crook,47,1,0,44.14230227,-120.356297,41013.0,192.5913784625471,2.127659574468085,46,47,1,0,46,43,23867,0,0,0,0,4
2020-08-09,US,Oregon,Curry,15,0,0,42.45911325,-124.15728200000001,41015.0,65.43075245365321,0.0,15,15,0,0,15,14,22813,0,0,0,0,1
2020-08-09,US,Oregon,Deschutes,604,10,0,43.91570171,-121.2289121,41017.0,305.52576735527987,1.6556291390728477,594,596,10,0,586,582,191996,8,0,0,8,14
2020-08-09,US,Oregon,Douglas,151,1,0,43.27941273,-123.16729099999999,41019.0,136.06055145071184,0.6622516556291391,150,150,1,0,149,148,110283,1,0,0,1,2
2020-08-09,US,Oregon,Gilliam,4,0,0,45.37160076,-120.20488689999999,41021.0,209.20502092050208,0.0,4,4,0,0,4,4,1894,0,0,0,0,0
2020-08-09,US,Oregon,Grant,4,0,0,44.49024544,-119.0068631,41023.0,55.563272676760654,0.0,4,4,0,0,4,4,7176,0,0,0,0,0
2020-08-09,US,Oregon,Harney,10,0,0,43.06422669,-118.96663059999999,41025.0,135.26308670363858,0.0,10,10,0,0,10,10,7329,0,0,0,0,0
2020-08-09,US,Oregon,Hood River,191,0,0,45.51872811,-121.65520359999998,41027.0,816.8676759900778,0.0,191,184,0,0,184,181,23428,7,0,0,7,3
2020-08-09,US,Oregon,Jackson,465,2,0,42.43201126,-122.72893090000001,41029.0,210.4605691940039,0.4301075268817205,463,461,2,0,459,447,219564,4,0,0,4,14
2020-08-09,US,Oregon,Jefferson,360,4,0,44.62806839,-121.17832,41031.0,1459.972422743126,1.1111111111111112,356,355,4,0,351,346,24192,5,0,0,5,9
2020-08-09,US,Oregon,Josephine,115,2,0,42.3665549,-123.5561938,41033.0,131.4481008606993,1.7391304347826086,113,114,2,0,112,113,87393,1,0,0,1,1
2020-08-09,US,Oregon,Klamath,201,2,0,42.68762984,-121.64964609999998,41035.0,294.557284797327,0.9950248756218906,199,201,2,0,199,201,67653,0,0,0,0,0
2020-08-09,US,Oregon,Lake,32,0,0,42.79246693,-120.38501629999999,41037.0,406.6590418096328,0.0,32,32,0,0,32,32,7879,0,0,0,0,0
2020-08-09,US,Oregon,Lane,585,3,0,43.93727035,-122.847753,41039.0,153.11450609448082,0.5128205128205128,582,579,3,0,576,565,379611,6,0,0,6,14
2020-08-09,US,Oregon,Lincoln,416,9,0,44.64252874,-123.86991200000001,41041.0,832.6328009287057,2.1634615384615383,407,414,9,0,405,412,49388,2,0,0,2,2
2020-08-09,US,Oregon,Linn,281,10,0,44.48899494,-122.53731540000001,41043.0,216.5719967013233,3.5587188612099645,271,277,10,0,267,271,127335,4,0,0,4,6
2020-08-09,US,Oregon,Malheur,783,14,0,43.1937027,-117.62273950000001,41045.0,2561.250858656897,1.7879948914431674,769,768,14,0,754,755,30725,15,0,0,15,13
2020-08-09,US,Oregon,Marion,2911,70,0,44.90287942,-122.58151170000001,41047.0,836.931958668039,2.404671934043284,2841,2883,70,0,2813,2837,346868,28,0,0,28,46
2020-08-09,US,Oregon,Morrow,357,3,0,45.41846568,-119.584546,41049.0,3076.79048521934,0.8403361344537815,354,354,3,0,351,349,11372,3,0,0,3,5
2020-08-09,US,Oregon,Multnomah,4917,95,0,45.54747959,-122.4169351,41051.0,604.9049338442895,1.93207240187106,4822,4849,94,0,4755,4762,811880,68,1,0,67,87
2020-08-09,US,Oregon,Polk,313,12,0,44.90322804,-123.4128888,41053.0,363.59412208863336,3.8338658146964857,301,313,12,0,301,308,85234,0,0,0,0,5
2020-08-09,US,Oregon,Sherman,16,0,0,45.41501554,-120.6827834,41055.0,898.876404494382,0.0,16,16,0,0,16,15,1708,0,0,0,0,1
2020-08-09,US,Oregon,Tillamook,34,0,0,45.46248721,-123.712066,41057.0,125.75824826157715,0.0,34,34,0,0,34,34,26787,0,0,0,0,0
2020-08-09,US,Oregon,Umatilla,2290,28,0,45.59073056,-118.7353826,41059.0,2937.780628608082,1.2227074235807858,2262,2251,28,0,2223,2221,77516,39,0,0,39,30
2020-08-09,US,Oregon,Union,394,2,0,45.30915495,-118.0068979,41061.0,1468.2317868455375,0.5076142131979695,392,394,2,0,392,394,26461,0,0,0,0,0
2020-08-09,US,Oregon,Wallowa,19,1,0,45.57894064,-117.18353799999998,41063.0,263.59600443951166,5.2631578947368425,18,19,1,0,18,19,7081,0,0,0,0,0
2020-08-09,US,Oregon,Wasco,192,3,0,45.16292781,-121.16709540000001,41065.0,719.5862379132001,1.5625,189,189,3,0,186,181,26505,3,0,0,3,8
2020-08-09,US,Oregon,Washington,3088,25,0,45.55972701,-123.0955257,41067.0,513.3046982007738,0.8095854922279793,3063,3047,25,0,3022,2991,597695,41,0,0,41,56
2020-08-09,US,Oregon,Yamhill,460,13,0,45.23330449,-123.3086963,41071.0,429.50513538748834,2.8260869565217392,447,450,13,0,437,429,107002,10,0,0,10,21
2020-08-09,US,Pennsylvania,Adams,518,20,0,39.87140411,-77.21610347,42001.0,502.86868137735536,3.8610038610038613,498,498,20,0,478,497,102811,20,0,0,20,1
2020-08-09,US,Pennsylvania,Allegheny,8857,247,0,40.46809875,-79.98167747,42003.0,728.3447569785657,2.7887546573331834,8610,8796,247,0,8549,8709,1218452,61,0,0,61,87
2020-08-09,US,Pennsylvania,Armstrong,212,7,0,40.81665618,-79.46290811,42005.0,327.4889935892485,3.30188679245283,205,208,7,0,201,204,65263,4,0,0,4,4
2020-08-09,US,Pennsylvania,Beaver,1316,92,0,40.6825484,-80.34921611,42007.0,802.7865722355409,6.990881458966565,1224,1312,92,0,1220,1294,164742,4,0,0,4,18
2020-08-09,US,Pennsylvania,Bedford,142,4,0,40.00522157,-78.48998442,42009.0,296.52522552622787,2.8169014084507036,138,141,4,0,137,138,48176,1,0,0,1,3
2020-08-09,US,Pennsylvania,Berks,5382,368,0,40.41570541,-75.92457766,42011.0,1277.8869988887939,6.837606837606838,5014,5353,368,0,4985,5321,420152,29,0,0,29,32
2020-08-09,US,Pennsylvania,Blair,284,5,0,40.47961444,-78.34917412,42013.0,233.1136264764547,1.7605633802816902,279,274,5,0,269,265,122492,10,0,0,10,9
2020-08-09,US,Pennsylvania,Bradford,85,3,0,41.78869215,-76.51570822,42015.0,140.90811133398537,3.5294117647058822,82,85,3,0,82,85,60833,0,0,0,0,0
2020-08-09,US,Pennsylvania,Bucks,7197,582,0,40.33682119,-75.10836643,42017.0,1145.5266048036674,8.086702792830346,6615,7173,582,0,6591,7147,628195,24,0,0,24,26
2020-08-09,US,Pennsylvania,Butler,661,15,0,40.91152759,-79.91351055,42019.0,351.8708777608024,2.26928895612708,646,656,15,0,641,645,187888,5,0,0,5,11
2020-08-09,US,Pennsylvania,Cambria,336,3,0,40.49527404,-78.71377428,42021.0,258.08037360206464,0.8928571428571429,333,335,3,0,332,328,131730,1,0,0,1,7
2020-08-09,US,Pennsylvania,Cameron,7,0,0,41.43625568,-78.20376845,42023.0,157.40948954351248,0.0,7,6,0,0,6,6,4492,1,0,0,1,0
2020-08-09,US,Pennsylvania,Carbon,372,28,0,40.91545395,-75.7068525,42025.0,579.6017575021034,7.526881720430107,344,370,28,0,342,368,64227,2,0,0,2,2
2020-08-09,US,Pennsylvania,Centre,372,10,0,40.92058903,-77.82200624,42027.0,229.08519875604281,2.6881720430107525,362,370,10,0,360,368,162805,2,0,0,2,2
2020-08-09,US,Pennsylvania,Chester,5102,349,0,39.97291773,-75.74768357,42029.0,971.8298859595152,6.840454723637789,4753,5102,349,0,4753,5102,522046,0,0,0,0,0
2020-08-09,US,Pennsylvania,Clarion,80,2,0,41.19265812,-79.42413524,42031.0,208.1273739528592,2.5,78,78,2,0,76,78,38779,2,0,0,2,0
2020-08-09,US,Pennsylvania,Clearfield,172,0,0,41.00110782,-78.47592663,42033.0,217.0210081382878,0.0,172,166,0,0,166,156,79388,6,0,0,6,10
2020-08-09,US,Pennsylvania,Clinton,120,5,0,41.23255967,-77.63785995,42035.0,310.62331745703045,4.166666666666667,115,119,5,0,114,119,38684,1,0,0,1,0
2020-08-09,US,Pennsylvania,Columbia,471,35,0,41.04821986,-76.40565017,42037.0,725.0169324548981,7.4309978768577505,436,471,35,0,436,470,65456,0,0,0,0,1
2020-08-09,US,Pennsylvania,Crawford,144,1,0,41.68447709,-80.10760592,42039.0,170.15443878575903,0.6944444444444444,143,141,1,0,140,139,85063,3,0,0,3,2
2020-08-09,US,Pennsylvania,Cumberland,1286,71,0,40.1625372,-77.26130755,42041.0,507.55811658838854,5.52099533437014,1215,1282,71,0,1211,1276,251423,4,0,0,4,6
2020-08-09,US,Pennsylvania,Dauphin,2801,159,0,40.41377078,-76.77993242,42043.0,1006.4714569581636,5.67654409139593,2642,2774,159,0,2615,2757,277097,27,0,0,27,17
2020-08-09,US,Pennsylvania,Delaware,9226,698,0,39.91680171,-75.40243663,42045.0,1627.886870155466,7.565575547366139,8528,9170,698,0,8472,9121,564751,56,0,0,56,49
2020-08-09,US,Pennsylvania,Elk,48,2,0,41.42822061,-78.64524744,42047.0,160.481444332999,4.166666666666667,46,48,2,0,46,48,30169,0,0,0,0,0
2020-08-09,US,Pennsylvania,Erie,1102,19,0,41.99253829,-80.03301954,42049.0,408.5597342508008,1.7241379310344829,1083,1094,18,0,1076,1058,272061,8,1,0,7,36
2020-08-09,US,Pennsylvania,Fayette,494,5,0,39.92041012,-79.64291195,42051.0,382.1340718164519,1.0121457489878545,489,485,5,0,480,472,130441,9,0,0,9,13
2020-08-09,US,Pennsylvania,Forest,10,0,0,41.51095103,-79.23229292,42053.0,137.9881330205602,0.0,10,10,0,0,10,9,7279,0,0,0,0,1
2020-08-09,US,Pennsylvania,Franklin,1350,46,0,39.92956518,-77.72157791,42055.0,870.8160513974983,3.4074074074074074,1304,1343,46,0,1297,1328,154835,7,0,0,7,15
2020-08-09,US,Pennsylvania,Fulton,27,2,0,39.92913544,-78.11163677,42057.0,185.8224363386097,7.407407407407407,25,27,2,0,25,26,14523,0,0,0,0,1
2020-08-09,US,Pennsylvania,Greene,116,1,0,39.85746531,-80.22357106,42059.0,320.15013937570717,0.8620689655172413,115,114,1,0,113,112,36506,2,0,0,2,2
2020-08-09,US,Pennsylvania,Huntingdon,308,4,0,40.42162652,-77.97673273,42061.0,682.261208576998,1.2987012987012987,304,305,4,0,301,300,45168,3,0,0,3,5
2020-08-09,US,Pennsylvania,Indiana,320,6,0,40.65241041,-79.08963285,42063.0,380.62160265483567,1.875,314,313,6,0,307,309,84501,7,0,0,7,4
2020-08-09,US,Pennsylvania,Jefferson,71,1,0,41.12913106,-78.9986361,42065.0,163.50028785261946,1.4084507042253518,70,68,1,0,67,62,43641,3,0,0,3,6
2020-08-09,US,Pennsylvania,Juniata,132,6,0,40.53358749,-77.39975129999998,42067.0,533.0533457174009,4.545454545454546,126,132,6,0,126,131,24704,0,0,0,0,1
2020-08-09,US,Pennsylvania,Lackawanna,1932,212,0,41.43564672,-75.60379201,42069.0,921.4304110190103,10.973084886128364,1720,1927,212,0,1715,1922,210793,5,0,0,5,5
2020-08-09,US,Pennsylvania,Lancaster,5923,411,0,40.03904563,-76.24770128,42071.0,1085.347171830449,6.939051156508527,5512,5856,411,0,5445,5822,543557,67,0,0,67,34
2020-08-09,US,Pennsylvania,Lawrence,391,16,0,40.99206278,-80.33393706,42073.0,457.245766676022,4.092071611253196,375,390,16,0,374,389,86184,1,0,0,1,1
2020-08-09,US,Pennsylvania,Lebanon,1610,54,0,40.36680311,-76.45651841,42075.0,1135.4580268419454,3.354037267080745,1556,1595,54,0,1541,1594,141314,15,0,0,15,1
2020-08-09,US,Pennsylvania,Lehigh,4968,337,0,40.6154815,-75.59435245,42077.0,1345.1822007050835,6.78341384863124,4631,4934,337,0,4597,4918,368100,34,0,0,34,16
2020-08-09,US,Pennsylvania,Luzerne,3448,184,0,41.17823008,-75.98447579,42079.0,1086.2682212987963,5.336426914153132,3264,3438,184,0,3254,3409,317646,10,0,0,10,29
2020-08-09,US,Pennsylvania,Lycoming,391,20,0,41.34310539,-77.06629984,42081.0,345.10454637728486,5.115089514066496,371,381,20,0,361,369,113664,10,0,0,10,12
2020-08-09,US,Pennsylvania,McKean,34,1,0,41.80938602,-78.56478358,42083.0,83.69230769230771,2.9411764705882355,33,34,1,0,33,34,40968,0,0,0,0,0
2020-08-09,US,Pennsylvania,Mercer,437,9,0,41.30248872,-80.25816981,42085.0,399.3639420967977,2.059496567505721,428,419,9,0,410,404,110683,18,0,0,18,15
2020-08-09,US,Pennsylvania,Mifflin,120,1,0,40.61116939,-77.61070738,42087.0,260.08929732541503,0.8333333333333334,119,120,1,0,119,116,46222,0,0,0,0,4
2020-08-09,US,Pennsylvania,Monroe,1634,124,0,41.05934058,-75.34031025,42089.0,959.6466808793042,7.588739290085679,1510,1624,124,0,1500,1618,169507,10,0,0,10,6
2020-08-09,US,Pennsylvania,Montgomery,10121,857,0,40.21053671,-75.36652296,42091.0,1218.054795015134,8.467542732931529,9264,10077,857,0,9220,10015,828604,44,0,0,44,62
2020-08-09,US,Pennsylvania,Montour,102,3,0,41.03023987,-76.66345939,42093.0,559.5172792100933,2.9411764705882355,99,101,3,0,98,100,18240,1,0,0,1,1
2020-08-09,US,Pennsylvania,Northampton,3928,292,0,40.75182733,-75.30471829,42095.0,1286.666557479077,7.433808553971486,3636,3918,292,0,3626,3913,304807,10,0,0,10,5
2020-08-09,US,Pennsylvania,Northumberland,466,13,0,40.84785433,-76.70798222,42097.0,512.9729313210704,2.7896995708154506,453,460,13,0,447,449,91083,6,0,0,6,11
2020-08-09,US,Pennsylvania,Perry,124,5,0,40.40206612,-77.26297447,42099.0,267.98063623789767,4.032258064516129,119,123,5,0,118,121,46139,1,0,0,1,2
2020-08-09,US,Pennsylvania,Philadelphia,31120,1698,0,40.00338507,-75.1379271,42101.0,1964.5670881984565,5.456298200514139,29422,31120,1698,0,29422,31120,1584138,0,0,0,0,0
2020-08-09,US,Pennsylvania,Pike,526,21,0,41.33155042,-75.03208106,42103.0,942.500313569496,3.9923954372623576,505,526,21,0,505,526,55933,0,0,0,0,0
2020-08-09,US,Pennsylvania,Potter,20,0,0,41.74471626,-77.89559864,42105.0,121.0214207914801,0.0,20,20,0,0,20,20,16622,0,0,0,0,0
2020-08-09,US,Pennsylvania,Schuylkill,916,51,0,40.70497338,-76.2150785,42107.0,647.9955291138166,5.567685589519651,865,909,51,0,858,908,142067,7,0,0,7,1
2020-08-09,US,Pennsylvania,Snyder,104,2,0,40.77129231,-77.06840691,42109.0,257.604280194194,1.9230769230769231,102,102,2,0,100,101,40540,2,0,0,2,1
2020-08-09,US,Pennsylvania,Somerset,134,3,0,39.97172723,-79.02699593,42111.0,182.44448377741773,2.238805970149253,131,133,3,0,130,129,73952,1,0,0,1,4
2020-08-09,US,Pennsylvania,Sullivan,10,0,0,41.44634738,-76.51246591,42113.0,164.85328058028355,0.0,10,10,0,0,10,10,6071,0,0,0,0,0
2020-08-09,US,Pennsylvania,Susquehanna,214,27,0,41.82147784,-75.80071959,42115.0,530.6486808172981,12.61682242990654,187,214,27,0,187,213,40589,0,0,0,0,1
2020-08-09,US,Pennsylvania,Tioga,38,3,0,41.77255149,-77.25433032,42117.0,93.61681160848465,7.894736842105262,35,38,3,0,35,37,40763,0,0,0,0,1
2020-08-09,US,Pennsylvania,Union,225,2,0,40.96188846,-77.05996014,42119.0,500.8570220154488,0.8888888888888888,223,218,2,0,216,216,44785,7,0,0,7,2
2020-08-09,US,Pennsylvania,Venango,63,0,0,41.40323442,-79.75845449,42121.0,124.33883318860028,0.0,63,63,0,0,63,63,51266,0,0,0,0,0
2020-08-09,US,Pennsylvania,Warren,23,1,0,41.81304978,-79.26969577,42123.0,58.68694343088975,4.3478260869565215,22,23,1,0,22,22,39498,0,0,0,0,1
2020-08-09,US,Pennsylvania,Washington,840,12,0,40.19208869,-80.24582867,42125.0,406.0619244434776,1.4285714285714286,828,829,12,0,817,821,207346,11,0,0,11,8
2020-08-09,US,Pennsylvania,Wayne,160,9,0,41.64938475,-75.29956506,42127.0,311.52041432215105,5.625,151,160,9,0,151,158,51276,0,0,0,0,2
2020-08-09,US,Pennsylvania,Westmoreland,1537,46,0,40.31377979999999,-79.46615476,42129.0,440.5286343612335,2.9928432010409884,1491,1523,46,0,1477,1500,350611,14,0,0,14,23
2020-08-09,US,Pennsylvania,Wyoming,60,8,0,41.51955538,-76.01074915,42131.0,223.930730760618,13.333333333333336,52,60,8,0,52,58,27046,0,0,0,0,2
2020-08-09,US,Pennsylvania,York,2572,93,0,39.9210089,-76.73040131,42133.0,572.7545216876216,3.6158631415241063,2479,2501,93,0,2408,2485,448273,71,0,0,71,16
2020-08-09,US,Puerto Rico,Adjuntas,94,0,0,18.180117000000006,-66.754367,72001.0,482.4718985782477,0.0,94,92,0,0,92,92,,2,0,0,2,0
2020-08-09,US,Puerto Rico,Aguada,135,0,0,18.360255,-67.17513100000001,72003.0,321.74265354274416,0.0,135,123,0,0,123,117,,12,0,0,12,6
2020-08-09,US,Puerto Rico,Aguadilla,223,0,0,18.459681,-67.12081500000001,72005.0,365.8796698879392,0.0,223,221,0,0,221,209,,2,0,0,2,12
2020-08-09,US,Puerto Rico,Aguas Buenas,129,0,0,18.251619,-66.126806,72007.0,450.12038103213655,0.0,129,126,0,0,126,123,,3,0,0,3,3
2020-08-09,US,Puerto Rico,Aibonito,89,0,0,18.131361,-66.264131,72009.0,343.6293436293436,0.0,89,84,0,0,84,83,,5,0,0,5,1
2020-08-09,US,Puerto Rico,Anasco,142,0,0,18.287985,-67.120611,72011.0,485.28758415638566,0.0,142,134,0,0,134,131,,8,0,0,8,3
2020-08-09,US,Puerto Rico,Arecibo,312,0,0,18.406631,-66.675077,72013.0,323.51721277478225,0.0,312,301,0,0,301,287,,11,0,0,11,14
2020-08-09,US,Puerto Rico,Arroyo,89,0,0,17.998457000000005,-66.056546,72015.0,454.661558109834,0.0,89,84,0,0,84,84,,5,0,0,5,0
2020-08-09,US,Puerto Rico,Barceloneta,91,0,0,18.445533,-66.56053100000001,72017.0,366.69890393294645,0.0,91,88,0,0,88,81,,3,0,0,3,7
2020-08-09,US,Puerto Rico,Barranquitas,245,0,0,18.201592,-66.30963,72019.0,808.1007982056864,0.0,245,242,0,0,242,228,,3,0,0,3,14
2020-08-09,US,Puerto Rico,Bayamon,1511,0,0,18.34946,-66.168435,72021.0,726.0374022179938,0.0,1511,1446,0,0,1446,1373,,65,0,0,65,73
2020-08-09,US,Puerto Rico,Cabo Rojo,206,0,0,18.040993,-67.154391,72023.0,404.5800027495728,0.0,206,202,0,0,202,197,,4,0,0,4,5
2020-08-09,US,Puerto Rico,Caguas,717,0,0,18.211615,-66.050779,72025.0,501.7740547122672,0.0,717,704,0,0,704,677,,13,0,0,13,27
2020-08-09,US,Puerto Rico,Camuy,139,0,0,18.418578,-66.860206,72027.0,395.3468528683978,0.0,139,138,0,0,138,132,,1,0,0,1,6
2020-08-09,US,Puerto Rico,Canovanas,373,0,0,18.328802,-65.887612,72029.0,782.824042981867,0.0,373,359,0,0,359,352,,14,0,0,14,7
2020-08-09,US,Puerto Rico,Carolina,1263,0,0,18.374986,-65.95683100000001,72031.0,714.5200891594349,0.0,1263,1213,0,0,1213,1184,,50,0,0,50,29
2020-08-09,US,Puerto Rico,Catano,189,0,0,18.437269,-66.14330600000001,72033.0,671.6417910447761,0.0,189,182,0,0,182,179,,7,0,0,7,3
2020-08-09,US,Puerto Rico,Cayey,197,0,0,18.102851,-66.14914,72035.0,409.4016916394772,0.0,197,196,0,0,196,194,,1,0,0,1,2
2020-08-09,US,Puerto Rico,Ceiba,68,0,0,18.251818,-65.666416,72037.0,498.86288606852025,0.0,68,67,0,0,67,66,,1,0,0,1,1
2020-08-09,US,Puerto Rico,Ciales,149,0,0,18.28885,-66.516475,72039.0,793.3127462464063,0.0,149,139,0,0,139,135,,10,0,0,10,4
2020-08-09,US,Puerto Rico,Cidra,169,0,0,18.173559,-66.161179,72041.0,388.6844526218952,0.0,169,163,0,0,163,160,,6,0,0,6,3
2020-08-09,US,Puerto Rico,Coamo,149,0,0,18.097597,-66.36014,72043.0,367.79225908372825,0.0,149,145,0,0,145,142,,4,0,0,4,3
2020-08-09,US,Puerto Rico,Comerio,117,0,0,18.224687,-66.221622,72045.0,563.0955818654346,0.0,117,115,0,0,115,114,,2,0,0,2,1
2020-08-09,US,Puerto Rico,Corozal,226,0,0,18.304264,-66.327738,72047.0,608.475580205697,0.0,226,218,0,0,218,203,,8,0,0,8,15
2020-08-09,US,Puerto Rico,Culebra,19,0,0,18.31586,-65.28813000000001,72049.0,1045.1045104510451,0.0,19,19,0,0,19,19,,0,0,0,0,0
2020-08-09,US,Puerto Rico,Dorado,315,0,0,18.436115,-66.278669,72051.0,825.3635529935805,0.0,315,306,0,0,306,285,,9,0,0,9,21
2020-08-09,US,Puerto Rico,Fajardo,240,0,0,18.318373,-65.666866,72053.0,648.7713891817369,0.0,240,232,0,0,232,222,,8,0,0,8,10
2020-08-09,US,Puerto Rico,Florida,175,0,0,18.373715,-66.560488,72054.0,1380.1261829652994,0.0,175,173,0,0,173,173,,2,0,0,2,0
2020-08-09,US,Puerto Rico,Guanica,58,0,0,17.982429,-66.91964300000001,72055.0,298.5535594790755,0.0,58,56,0,0,56,56,,2,0,0,2,0
2020-08-09,US,Puerto Rico,Guayama,158,0,0,18.007516,-66.13390799999999,72057.0,348.3091574445571,0.0,158,154,0,0,154,149,,4,0,0,4,5
2020-08-09,US,Puerto Rico,Guayanilla,128,0,0,18.039942,-66.79186,72059.0,593.1143135165191,0.0,128,123,0,0,123,118,,5,0,0,5,5
2020-08-09,US,Puerto Rico,Guaynabo,846,0,0,18.345114,-66.11452299999999,72061.0,863.9352967607532,0.0,846,821,0,0,821,796,,25,0,0,25,25
2020-08-09,US,Puerto Rico,Gurabo,254,0,0,18.266461,-65.97970500000001,72063.0,559.8536445590602,0.0,254,241,0,0,241,230,,13,0,0,13,11
2020-08-09,US,Puerto Rico,Hatillo,106,0,0,18.410928,-66.79632600000001,72065.0,252.66369508735968,0.0,106,104,0,0,104,102,,2,0,0,2,2
2020-08-09,US,Puerto Rico,Hormigueros,91,0,0,18.134532,-67.113972,72067.0,527.536231884058,0.0,91,90,0,0,90,88,,1,0,0,1,2
2020-08-09,US,Puerto Rico,Humacao,185,0,0,18.145211,-65.810174,72069.0,316.4232203331851,0.0,185,182,0,0,182,176,,3,0,0,3,6
2020-08-09,US,Puerto Rico,Isabela,135,0,0,18.44981,-67.005093,72071.0,295.8515044596875,0.0,135,134,0,0,134,132,,1,0,0,1,2
2020-08-09,US,Puerto Rico,Jayuya,179,0,0,18.211446,-66.58878,72073.0,1075.5918759764454,0.0,179,179,0,0,179,179,,0,0,0,0,0
2020-08-09,US,Puerto Rico,Juana Diaz,192,0,0,18.050764,-66.49458100000001,72075.0,240.30939835037609,0.0,192,188,0,0,188,184,,4,0,0,4,4
2020-08-09,US,Puerto Rico,Juncos,131,0,0,18.223793,-65.909109,72077.0,325.14271531397367,0.0,131,128,0,0,128,121,,3,0,0,3,7
2020-08-09,US,Puerto Rico,Lajas,81,0,0,18.011661,-67.040585,72079.0,314.52646293635695,0.0,81,81,0,0,81,75,,0,0,0,0,6
2020-08-09,US,Puerto Rico,Lares,169,0,0,18.269035,-66.867236,72081.0,549.5398822879068,0.0,169,164,0,0,164,159,,5,0,0,5,5
2020-08-09,US,Puerto Rico,Las Marias,70,0,0,18.23679,-66.98362,72083.0,708.4303208177313,0.0,70,63,0,0,63,58,,7,0,0,7,5
2020-08-09,US,Puerto Rico,Las Piedras,151,0,0,18.187527,-65.86946800000001,72085.0,390.43309631544923,0.0,151,147,0,0,147,141,,4,0,0,4,6
2020-08-09,US,Puerto Rico,Loiza,124,0,0,18.425688,-65.89943000000001,72087.0,412.50831669993346,0.0,124,122,0,0,122,117,,2,0,0,2,5
2020-08-09,US,Puerto Rico,Luquillo,106,0,0,18.342114,-65.72509699999999,72089.0,528.2041060394658,0.0,106,102,0,0,102,100,,4,0,0,4,2
2020-08-09,US,Puerto Rico,Manati,243,0,0,18.420473,-66.490461,72091.0,550.8580237118309,0.0,243,226,0,0,226,213,,17,0,0,17,13
2020-08-09,US,Puerto Rico,Maricao,42,0,0,18.171795,-66.942126,72093.0,669.2160611854682,0.0,42,42,0,0,42,42,,0,0,0,0,0
2020-08-09,US,Puerto Rico,Maunabo,61,0,0,18.017889,-65.922235,72095.0,498.9775051124744,0.0,61,59,0,0,59,59,,2,0,0,2,0
2020-08-09,US,Puerto Rico,Mayaguez,493,0,0,18.2013,-67.1452,72097.0,553.4351145038166,0.0,493,478,0,0,478,471,,15,0,0,15,7
2020-08-09,US,Puerto Rico,Moca,173,0,0,18.377805,-67.080952,72099.0,431.32464035503256,0.0,173,171,0,0,171,169,,2,0,0,2,2
2020-08-09,US,Puerto Rico,Morovis,255,0,0,18.316963,-66.420383,72101.0,781.9687212511501,0.0,255,246,0,0,246,240,,9,0,0,9,6
2020-08-09,US,Puerto Rico,Naguabo,93,0,0,18.230637,-65.753897,72103.0,348.05389221556885,0.0,93,90,0,0,90,89,,3,0,0,3,1
2020-08-09,US,Puerto Rico,Naranjito,279,0,0,18.288019,-66.252703,72105.0,917.702782711664,0.0,279,275,0,0,275,260,,4,0,0,4,15
2020-08-09,US,Puerto Rico,Orocovis,217,0,0,18.215046,-66.433604,72107.0,926.4398241045128,0.0,217,212,0,0,212,206,,5,0,0,5,6
2020-08-09,US,Puerto Rico,Out of PR,653,0,0,0.0,0.0,72888.0,0.0,0.0,653,649,0,0,649,649,,4,0,0,4,0
2020-08-09,US,Puerto Rico,Patillas,104,0,0,18.03174,-66.012242,72109.0,539.5030347045703,0.0,104,102,0,0,102,99,,2,0,0,2,3
2020-08-09,US,Puerto Rico,Penuelas,75,0,0,18.059645,-66.721572,72111.0,308.87076847047194,0.0,75,74,0,0,74,70,,1,0,0,1,4
2020-08-09,US,Puerto Rico,Ponce,490,0,0,18.059498,-66.613748,72113.0,294.6003956062455,0.0,490,478,0,0,478,460,,12,0,0,12,18
2020-08-09,US,Puerto Rico,Quebradillas,79,0,0,18.439692,-66.926113,72115.0,304.7957097110228,0.0,79,79,0,0,79,78,,0,0,0,0,1
2020-08-09,US,Puerto Rico,Rincon,96,0,0,18.335443,-67.23174,72117.0,631.578947368421,0.0,96,92,0,0,92,92,,4,0,0,4,0
2020-08-09,US,Puerto Rico,Rio Grande,292,0,0,18.346329,-65.813742,72119.0,537.713612256924,0.0,292,281,0,0,281,280,,11,0,0,11,1
2020-08-09,US,Puerto Rico,Sabana Grande,130,0,0,18.08282,-66.943758,72121.0,514.5458143677024,0.0,130,122,0,0,122,121,,8,0,0,8,1
2020-08-09,US,Puerto Rico,Salinas,171,0,0,18.010386999999994,-66.256592,72123.0,550.228457429693,0.0,171,164,0,0,164,155,,7,0,0,7,9
2020-08-09,US,Puerto Rico,San German,142,0,0,18.111484,-67.03858100000001,72125.0,399.6960058547022,0.0,142,140,0,0,140,134,,2,0,0,2,6
2020-08-09,US,Puerto Rico,San Juan,3274,0,0,18.386933,-66.061128,72127.0,828.1772511800388,0.0,3274,3133,0,0,3133,3022,,141,0,0,141,111
2020-08-09,US,Puerto Rico,San Lorenzo,174,0,0,18.147987,-65.976392,72129.0,423.79073505772317,0.0,174,169,0,0,169,162,,5,0,0,5,7
2020-08-09,US,Puerto Rico,San Sebastian,231,0,0,18.328646,-66.971214,72131.0,544.4261135988687,0.0,231,220,0,0,220,217,,11,0,0,11,3
2020-08-09,US,Puerto Rico,Santa Isabel,94,0,0,17.994525,-66.388913,72133.0,403.8841625848585,0.0,94,94,0,0,94,93,,0,0,0,0,1
2020-08-09,US,Puerto Rico,Toa Alta,578,0,0,18.362406,-66.246616,72135.0,780.3850619717549,0.0,578,563,0,0,563,540,,15,0,0,15,23
2020-08-09,US,Puerto Rico,Toa Baja,520,0,0,18.431446,-66.213553,72137.0,580.2988539097637,0.0,520,511,0,0,511,494,,9,0,0,9,17
2020-08-09,US,Puerto Rico,Trujillo Alto,501,0,0,18.336159,-65.99888399999999,72139.0,669.4102242056599,0.0,501,481,0,0,481,464,,20,0,0,20,17
2020-08-09,US,Puerto Rico,Unassigned,512,279,0,0.0,0.0,72999.0,0.0,54.4921875,233,517,274,0,243,469,,-5,5,0,-10,48
2020-08-09,US,Puerto Rico,Utuado,68,0,0,18.271214,-66.702984,72141.0,205.1343931943649,0.0,68,60,0,0,60,58,,8,0,0,8,2
2020-08-09,US,Puerto Rico,Vega Alta,242,0,0,18.409346,-66.33725,72143.0,605.7420339916398,0.0,242,224,0,0,224,212,,18,0,0,18,12
2020-08-09,US,Puerto Rico,Vega Baja,406,0,0,18.428262,-66.397924,72145.0,680.5001508497871,0.0,406,393,0,0,393,373,,13,0,0,13,20
2020-08-09,US,Puerto Rico,Vieques,59,0,0,18.123276,-65.44097099999999,72147.0,634.3403935060746,0.0,59,57,0,0,57,53,,2,0,0,2,4
2020-08-09,US,Puerto Rico,Villalba,80,0,0,18.127951,-66.473115,72149.0,306.8308211559851,0.0,80,78,0,0,78,76,,2,0,0,2,2
2020-08-09,US,Puerto Rico,Yabucoa,118,0,0,18.070399,-65.896289,72151.0,311.00919849239614,0.0,118,116,0,0,116,112,,2,0,0,2,4
2020-08-09,US,Puerto Rico,Yauco,241,0,0,18.080374,-66.858814,72153.0,573.222652998121,0.0,241,237,0,0,237,231,,4,0,0,4,6
2020-08-09,US,Rhode Island,Bristol,316,0,0,41.71018079,-71.28652315,44001.0,651.8286268281113,0.0,316,316,0,0,316,316,48649,0,0,0,0,0
2020-08-09,US,Rhode Island,Kent,1494,0,0,41.67106337,-71.57641596,44003.0,909.3565115769484,0.0,1494,1494,0,0,1494,1494,163861,0,0,0,0,0
2020-08-09,US,Rhode Island,Newport,396,0,0,41.5642026,-71.26569799,44005.0,482.44438488340927,0.0,396,396,0,0,396,396,82542,0,0,0,0,0
2020-08-09,US,Rhode Island,Providence,15047,0,0,41.87064746,-71.57753536,44007.0,2355.027381673452,0.0,15047,15047,0,0,15047,15047,636084,0,0,0,0,0
2020-08-09,US,Rhode Island,Unassigned,1878,1014,0,0.0,0.0,90044.0,0.0,53.993610223642165,864,1878,1014,0,864,1878,,0,0,0,0,0
2020-08-09,US,Rhode Island,Washington,607,0,0,41.45961631,-71.61435303,44009.0,483.3687697587934,0.0,607,607,0,0,607,607,126179,0,0,0,0,0
2020-08-09,US,South Carolina,Abbeville,335,9,0,34.22333378,-82.46170658,45001.0,1365.8417254454275,2.6865671641791047,326,325,8,0,317,321,24541,10,1,0,9,4
2020-08-09,US,South Carolina,Aiken,1868,38,0,33.54338026,-81.63645384,45003.0,1093.2159745306426,2.034261241970021,1830,1843,37,0,1806,1810,169401,25,1,0,24,33
2020-08-09,US,South Carolina,Allendale,221,3,0,32.98837386,-81.35321066,45005.0,2543.7384898710866,1.3574660633484164,218,216,3,0,213,213,8903,5,0,0,5,3
2020-08-09,US,South Carolina,Anderson,2335,63,0,34.51828081,-82.63959517,45007.0,1152.7562475932816,2.6980728051391862,2272,2321,62,0,2259,2271,200482,14,1,0,13,50
2020-08-09,US,South Carolina,Bamberg,473,22,0,33.21927586,-81.05659969,45009.0,3362.718612256505,4.651162790697675,451,468,22,0,446,463,14275,5,0,0,5,5
2020-08-09,US,South Carolina,Barnwell,413,5,0,33.26679302,-81.43584352,45011.0,1979.2964631457874,1.2106537530266344,408,409,5,0,404,402,21112,4,0,0,4,7
2020-08-09,US,South Carolina,Beaufort,4105,56,0,32.39226291,-80.72619758,45013.0,2136.6631619491777,1.3641900121802681,4049,4046,55,0,3991,3999,188715,59,1,0,58,47
2020-08-09,US,South Carolina,Berkeley,4158,66,0,33.20222596,-79.94654523,45015.0,1824.4283852624094,1.5873015873015872,4092,4133,66,0,4067,4079,221091,25,0,0,25,54
2020-08-09,US,South Carolina,Calhoun,380,11,0,33.66926881,-80.77722168,45017.0,2611.145468288325,2.8947368421052637,369,374,10,0,364,367,14520,6,1,0,5,7
2020-08-09,US,South Carolina,Charleston,12324,194,0,32.82487866,-79.96512315,45019.0,2995.581007569165,1.5741642323920806,12130,12213,194,0,12019,12118,405905,111,0,0,111,95
2020-08-09,US,South Carolina,Cherokee,638,28,0,35.05122251,-81.61828622,45021.0,1113.438045375218,4.38871473354232,610,630,28,0,602,624,57078,8,0,0,8,6
2020-08-09,US,South Carolina,Chester,665,14,0,34.69249168,-81.1583216,45023.0,2062.3992060538394,2.1052631578947367,651,654,14,0,640,633,32251,11,0,0,11,21
2020-08-09,US,South Carolina,Chesterfield,769,21,0,34.64137396,-80.15640140000002,45025.0,1684.5564074479737,2.730819245773732,748,758,21,0,737,743,45754,11,0,0,11,15
2020-08-09,US,South Carolina,Clarendon,838,52,0,33.66610974,-80.21647898,45027.0,2483.330863831679,6.205250596658711,786,836,51,0,785,826,33700,2,1,0,1,10
2020-08-09,US,South Carolina,Colleton,814,34,0,32.87582989,-80.67641292,45029.0,2160.46925179818,4.176904176904176,780,807,34,0,773,798,37660,7,0,0,7,9
2020-08-09,US,South Carolina,Darlington,1295,35,0,34.33358335,-79.96027485,45031.0,1943.9190609144675,2.702702702702702,1260,1261,35,0,1226,1234,66802,34,0,0,34,27
2020-08-09,US,South Carolina,Dillon,642,24,0,34.39007791,-79.37741872,45033.0,2106.3683191705763,3.7383177570093458,618,634,24,0,610,619,30599,8,0,0,8,15
2020-08-09,US,South Carolina,Dorchester,3113,47,0,33.0794369,-80.40502652,45035.0,1912.0564587952758,1.5097976228718275,3066,3070,47,0,3023,3021,160647,43,0,0,43,49
2020-08-09,US,South Carolina,Edgefield,330,7,0,33.77221995,-81.96231108,45037.0,1210.564930300807,2.121212121212121,323,318,7,0,311,314,27052,12,0,0,12,4
2020-08-09,US,South Carolina,Fairfield,567,23,0,34.39287073,-81.1195624,45039.0,2537.253322593637,4.056437389770723,544,564,23,0,541,557,22402,3,0,0,3,7
2020-08-09,US,South Carolina,Florence,3436,115,0,34.02361754,-79.70189312,45041.0,2484.579841351334,3.3469150174621647,3321,3371,112,0,3259,3329,138159,65,3,0,62,42
2020-08-09,US,South Carolina,Georgetown,1454,19,0,33.43443342,-79.33202141,45043.0,2319.719208679005,1.3067400275103165,1435,1446,20,0,1426,1419,62249,8,-1,0,9,27
2020-08-09,US,South Carolina,Greenville,10916,208,0,34.89502264,-82.37295012,45045.0,2085.028517291832,1.9054598754122392,10708,10819,206,0,10613,10745,514213,97,2,0,95,74
2020-08-09,US,South Carolina,Greenwood,1390,18,0,34.15272415,-82.12715789,45047.0,1962.9718546553506,1.2949640287769784,1372,1375,18,0,1357,1355,70741,15,0,0,15,20
2020-08-09,US,South Carolina,Hampton,432,9,0,32.77419582,-81.13845571,45049.0,2247.424825720529,2.083333333333333,423,421,9,0,412,412,19351,11,0,0,11,9
2020-08-09,US,South Carolina,Horry,8594,153,0,33.9212828,-78.99555293,45051.0,2427.1282559640313,1.7803118454735862,8441,8555,151,0,8404,8486,344147,39,2,0,37,69
2020-08-09,US,South Carolina,Jasper,594,15,0,32.43171982,-81.02487495,45053.0,1975.193695341336,2.525252525252525,579,578,15,0,563,571,28971,16,0,0,16,7
2020-08-09,US,South Carolina,Kershaw,1394,25,0,34.33988254,-80.58763164,45055.0,2094.6341903202056,1.793400286944046,1369,1390,24,0,1366,1365,65592,4,1,0,3,25
2020-08-09,US,South Carolina,Lancaster,1209,25,0,34.68270843,-80.70513032,45057.0,1233.5224258254088,2.0678246484698097,1184,1181,23,0,1158,1161,95380,28,2,0,26,20
2020-08-09,US,South Carolina,Laurens,1330,46,0,34.48244419,-82.00490796,45059.0,1970.5747262679085,3.4586466165413534,1284,1311,44,0,1267,1292,66994,19,2,0,17,19
2020-08-09,US,South Carolina,Lee,562,29,0,34.16393091,-80.25690731,45061.0,3339.6719752792965,5.160142348754448,533,561,27,0,534,556,17142,1,2,0,-1,5
2020-08-09,US,South Carolina,Lexington,4955,110,0,33.89665987,-81.27146426,45063.0,1658.5774058577406,2.2199798183652875,4845,4923,110,0,4813,4877,295032,32,0,0,32,46
2020-08-09,US,South Carolina,Marion,554,13,0,34.07859748,-79.36400756,45067.0,1807.0913657565973,2.3465703971119134,541,549,13,0,536,542,31039,5,0,0,5,7
2020-08-09,US,South Carolina,Marlboro,497,4,0,34.59905577,-79.67561152,45069.0,1902.9022130331573,0.8048289738430584,493,489,4,0,485,473,26398,8,0,0,8,16
2020-08-09,US,South Carolina,McCormick,118,2,0,33.90161443,-82.30794338,45065.0,1246.9618514213253,1.6949152542372878,116,116,2,0,114,113,9410,2,0,0,2,3
2020-08-09,US,South Carolina,Newberry,845,10,0,34.28629098,-81.59935761,45071.0,2198.2310093652445,1.183431952662722,835,841,9,0,832,830,38520,4,1,0,3,11
2020-08-09,US,South Carolina,Oconee,827,9,0,34.75225169,-83.06742317,45073.0,1039.6500138284766,1.0882708585247884,818,815,9,0,806,802,78374,12,0,0,12,13
2020-08-09,US,South Carolina,Orangeburg,2420,64,0,33.4391073,-80.79886287,45075.0,2808.2390484479256,2.6446280991735542,2356,2383,64,0,2319,2353,86934,37,0,0,37,30
2020-08-09,US,South Carolina,Pickens,1850,27,0,34.88807695,-82.72791551,45077.0,1458.0246524384477,1.4594594594594594,1823,1841,27,0,1814,1818,124937,9,0,0,9,23
2020-08-09,US,South Carolina,Richland,8774,152,0,34.01791263,-80.90267209,45079.0,2110.357202129118,1.7323911556872578,8622,8707,151,0,8556,8579,414576,67,1,0,66,128
2020-08-09,US,South Carolina,Saluda,458,8,0,34.00795823,-81.72713237,45081.0,2237.092756313193,1.7467248908296944,450,452,8,0,444,449,20544,6,0,0,6,3
2020-08-09,US,South Carolina,Spartanburg,4080,103,0,34.92960077,-81.99225984,45083.0,1275.8572165673804,2.5245098039215685,3977,4057,101,0,3956,4005,313888,23,2,0,21,52
2020-08-09,US,South Carolina,Sumter,2517,51,0,33.91826534,-80.37942316,45085.0,2358.4861461193204,2.026221692491061,2466,2515,50,0,2465,2463,106512,2,1,0,1,52
2020-08-09,US,South Carolina,Union,362,4,0,34.68835752,-81.61730349,45087.0,1325.2306340606235,1.1049723756906078,358,360,4,0,356,355,27410,2,0,0,2,5
2020-08-09,US,South Carolina,Williamsburg,1016,31,0,33.62190129,-79.72767442,45089.0,3345.6269757639616,3.0511811023622046,985,993,31,0,962,983,30606,23,0,0,23,10
2020-08-09,US,South Carolina,York,3568,29,0,34.97281497,-81.18085944,45091.0,1269.8457891870924,0.8127802690582959,3539,3531,29,0,3502,3474,274118,37,0,0,37,57
2020-08-09,US,South Dakota,Aurora,38,0,0,43.71757685,-98.56050467,46003.0,1381.315885132679,0.0,38,38,0,0,38,38,2801,0,0,0,0,0
2020-08-09,US,South Dakota,Beadle,593,9,0,44.41464384,-98.27858469,46005.0,3213.5696092776243,1.5177065767284992,584,591,9,0,582,587,18883,2,0,0,2,4
2020-08-09,US,South Dakota,Bennett,6,0,0,43.19486375,-101.6665572,46007.0,178.30609212481426,0.0,6,6,0,0,6,6,3468,0,0,0,0,0
2020-08-09,US,South Dakota,Bon Homme,13,0,0,42.98914167,-97.88592746,46009.0,188.37849587016373,0.0,13,13,0,0,13,13,6980,0,0,0,0,0
2020-08-09,US,South Dakota,Brookings,137,1,0,44.36974375,-96.79079945,46011.0,390.5693189269322,0.7299270072992701,136,133,1,0,132,128,35232,4,0,0,4,5
2020-08-09,US,South Dakota,Brown,442,3,0,45.58994323,-98.35165355,46013.0,1138.031360230696,0.6787330316742082,439,436,3,0,433,428,39316,6,0,0,6,8
2020-08-09,US,South Dakota,Brule,45,0,0,43.71756379,-99.08118954,46015.0,849.5374740419105,0.0,45,45,0,0,45,45,5229,0,0,0,0,0
2020-08-09,US,South Dakota,Buffalo,109,3,0,44.07657829,-99.20814467,46017.0,5555.555555555556,2.7522935779816518,106,109,3,0,106,109,2036,0,0,0,0,0
2020-08-09,US,South Dakota,Butte,17,1,0,44.90608745,-103.5079318,46019.0,163.00699971234062,5.882352941176472,16,14,1,0,13,14,10222,3,0,0,3,0
2020-08-09,US,South Dakota,Campbell,3,0,0,45.77074915,-100.0510181,46021.0,218.02325581395348,0.0,3,3,0,0,3,3,1377,0,0,0,0,0
2020-08-09,US,South Dakota,Charles Mix,105,0,0,43.20660134,-98.58856175,46023.0,1130.004304778304,0.0,105,101,0,0,101,101,9338,4,0,0,4,0
2020-08-09,US,South Dakota,Clark,16,0,0,44.85834507,-97.72925109,46025.0,428.2655246252677,0.0,16,16,0,0,16,16,3739,0,0,0,0,0
2020-08-09,US,South Dakota,Clay,128,0,0,42.91296147,-96.97656917,46027.0,909.7370291400142,0.0,128,124,0,0,124,124,14041,4,0,0,4,0
2020-08-09,US,South Dakota,Codington,133,1,0,44.97788119,-97.18827677,46029.0,474.8473704880574,0.7518796992481203,132,129,1,0,128,129,28015,4,0,0,4,0
2020-08-09,US,South Dakota,Corson,33,0,0,45.70889983,-101.1970473,46031.0,807.6358296622614,0.0,33,32,0,0,32,32,4165,1,0,0,1,0
2020-08-09,US,South Dakota,Custer,35,0,0,43.67741105,-103.45345209999999,46033.0,390.1025412394115,0.0,35,32,0,0,32,29,8726,3,0,0,3,3
2020-08-09,US,South Dakota,Davison,97,1,0,43.67490933,-98.14458906,46035.0,490.5183312262958,1.0309278350515465,96,94,1,0,93,94,19790,3,0,0,3,0
2020-08-09,US,South Dakota,Day,23,0,0,45.367281,-97.60737498,46037.0,424.04129793510316,0.0,23,23,0,0,23,21,5505,0,0,0,0,2
2020-08-09,US,South Dakota,Deuel,11,0,0,44.75994309,-96.66943645,46039.0,252.8154447253505,0.0,11,10,0,0,10,10,4337,1,0,0,1,0
2020-08-09,US,South Dakota,Dewey,48,0,0,45.15639647,-100.8709139,46041.0,814.6639511201628,0.0,48,49,0,0,49,50,5904,-1,0,0,-1,-1
2020-08-09,US,South Dakota,Douglas,17,0,0,43.38520741,-98.36978007,46043.0,581.9924683327628,0.0,17,17,0,0,17,17,2935,0,0,0,0,0
2020-08-09,US,South Dakota,Edmunds,15,0,0,45.41846445,-99.21545423,46045.0,391.7471924784539,0.0,15,14,0,0,14,14,3875,1,0,0,1,0
2020-08-09,US,South Dakota,Fall River,22,0,0,43.23929297,-103.5275691,46047.0,327.7223298078356,0.0,22,22,0,0,22,22,6758,0,0,0,0,0
2020-08-09,US,South Dakota,Faulk,26,1,0,45.07082625,-99.14535601,46049.0,1130.9264897781645,3.8461538461538463,25,26,1,0,25,26,2330,0,0,0,0,0
2020-08-09,US,South Dakota,Grant,26,0,0,45.1723937,-96.77002276,46051.0,368.689733408962,0.0,26,26,0,0,26,24,7147,0,0,0,0,2
2020-08-09,US,South Dakota,Gregory,7,0,0,43.19419064,-99.18883902,46053.0,167.26403823178018,0.0,7,7,0,0,7,7,4212,0,0,0,0,0
2020-08-09,US,South Dakota,Haakon,2,0,0,44.29299053,-101.539099,46055.0,105.318588730911,0.0,2,2,0,0,2,2,1918,0,0,0,0,0
2020-08-09,US,South Dakota,Hamlin,21,0,0,44.67385954,-97.18829593,46057.0,340.6878650227125,0.0,21,18,0,0,18,17,6111,3,0,0,3,1
2020-08-09,US,South Dakota,Hand,7,0,0,44.54708407,-99.00386459,46059.0,219.36696960200558,0.0,7,7,0,0,7,7,3262,0,0,0,0,0
2020-08-09,US,South Dakota,Hanson,21,0,0,43.6746384,-97.78715148,46061.0,608.1668114682883,0.0,21,21,0,0,21,21,3376,0,0,0,0,0
2020-08-09,US,South Dakota,Hughes,93,2,0,44.39091534,-99.99661148,46065.0,530.640191715166,2.150537634408602,91,92,2,0,90,88,17650,1,0,0,1,4
2020-08-09,US,South Dakota,Hutchinson,29,0,0,43.33449012,-97.75536441,46067.0,397.750651488136,0.0,29,28,0,0,28,27,7380,1,0,0,1,1
2020-08-09,US,South Dakota,Hyde,3,0,0,44.54747703,-99.48572582,46069.0,230.59185242121444,0.0,3,3,0,0,3,3,1282,0,0,0,0,0
2020-08-09,US,South Dakota,Jackson,11,1,0,43.69318385,-101.6255063,46071.0,328.9473684210526,9.090909090909092,10,11,1,0,10,11,3307,0,0,0,0,0
2020-08-09,US,South Dakota,Jerauld,39,1,0,44.06637798,-98.62965972,46073.0,1937.4068554396426,2.5641025641025643,38,39,1,0,38,39,2043,0,0,0,0,0
2020-08-09,US,South Dakota,Jones,2,0,0,43.96278565,-100.6940008,46075.0,221.4839424141749,0.0,2,2,0,0,2,2,928,0,0,0,0,0
2020-08-09,US,South Dakota,Kingsbury,14,0,0,44.36956169,-97.4913945,46077.0,283.4581899169873,0.0,14,14,0,0,14,14,4919,0,0,0,0,0
2020-08-09,US,South Dakota,Lake,94,2,0,44.02193107,-97.12926365,46079.0,734.5471594905057,2.127659574468085,92,91,2,0,89,90,13057,3,0,0,3,1
2020-08-09,US,South Dakota,Lawrence,55,0,0,44.35919441,-103.79294279999999,46081.0,212.81535366042408,0.0,55,52,0,0,52,46,25741,3,0,0,3,6
2020-08-09,US,South Dakota,Lincoln,638,2,0,43.27841182,-96.72039050000001,46083.0,1043.7115560790473,0.31347962382445144,636,621,2,0,619,609,58807,17,0,0,17,12
2020-08-09,US,South Dakota,Lyman,90,2,0,43.89522709,-99.85201878,46085.0,2380.322665961386,2.2222222222222223,88,89,2,0,87,88,3821,1,0,0,1,1
2020-08-09,US,South Dakota,Marshall,9,0,0,45.75870838,-97.59855639,46091.0,182.370820668693,0.0,9,9,0,0,9,8,5112,0,0,0,0,1
2020-08-09,US,South Dakota,McCook,28,1,0,43.6742571,-97.36863144,46087.0,501.25313283208015,3.571428571428572,27,27,1,0,26,26,5546,1,0,0,1,1
2020-08-09,US,South Dakota,McPherson,8,0,0,45.76626028,-99.22118798,46089.0,336.27574611181166,0.0,8,8,0,0,8,8,2407,0,0,0,0,0
2020-08-09,US,South Dakota,Meade,94,1,0,44.56676791,-102.71627409999999,46093.0,331.7803190738388,1.0638297872340423,93,91,1,0,90,87,28294,3,0,0,3,4
2020-08-09,US,South Dakota,Mellette,24,0,0,43.58078848,-100.7563186,46095.0,1164.4832605531294,0.0,24,24,0,0,24,24,2042,0,0,0,0,0
2020-08-09,US,South Dakota,Miner,15,0,0,44.02197882,-97.60992207,46097.0,676.8953068592058,0.0,15,15,0,0,15,15,2213,0,0,0,0,0
2020-08-09,US,South Dakota,Minnehaha,4422,68,0,43.67441641,-96.7910885,46099.0,2289.60203796328,1.5377657168701946,4354,4376,68,0,4308,4349,192876,46,0,0,46,27
2020-08-09,US,South Dakota,Moody,32,0,0,44.02266214,-96.67081159,46101.0,486.61800486618006,0.0,32,32,0,0,32,32,6579,0,0,0,0,0
2020-08-09,US,South Dakota,Oglala Lakota,155,2,0,43.33749164,-102.55554980000001,46102.0,1093.3201664668125,1.2903225806451613,153,154,2,0,152,153,14309,1,0,0,1,1
2020-08-09,US,South Dakota,Pennington,891,32,0,44.0025835,-102.8240777,46103.0,783.1245880026368,3.591470258136925,859,881,32,0,849,875,111729,10,0,0,10,6
2020-08-09,US,South Dakota,Perkins,6,0,0,45.49049506,-102.47555859999999,46105.0,209.42408376963348,0.0,6,6,0,0,6,6,2922,0,0,0,0,0
2020-08-09,US,South Dakota,Potter,1,0,0,45.06583079,-99.95498503,46107.0,46.44681839294008,0.0,1,1,0,0,1,1,2207,0,0,0,0,0
2020-08-09,US,South Dakota,Roberts,80,1,0,45.62975048,-96.94672673,46109.0,769.6748123917645,1.25,79,81,1,0,80,75,10447,-1,0,0,-1,6
2020-08-09,US,South Dakota,Sanborn,13,0,0,44.02351092,-98.09098159999999,46111.0,554.6075085324234,0.0,13,13,0,0,13,13,2429,0,0,0,0,0
2020-08-09,US,South Dakota,Spink,25,0,0,44.93837606,-98.34626602,46115.0,392.0953575909661,0.0,25,24,0,0,24,24,6495,1,0,0,1,0
2020-08-09,US,South Dakota,Stanley,14,0,0,44.41381872,-100.7349153,46117.0,451.9044544867656,0.0,14,14,0,0,14,14,3022,0,0,0,0,0
2020-08-09,US,South Dakota,Sully,3,0,0,44.71571812,-100.1278092,46119.0,215.67217828900073,0.0,3,3,0,0,3,2,1392,0,0,0,0,1
2020-08-09,US,South Dakota,Todd,69,5,0,43.19338568,-100.71955030000001,46121.0,677.9994104352952,7.246376811594202,64,69,5,0,64,68,10283,0,0,0,0,1
2020-08-09,US,South Dakota,Tripp,20,0,0,43.34459388,-99.8854891,46123.0,367.5794890645102,0.0,20,20,0,0,20,20,5478,0,0,0,0,0
2020-08-09,US,South Dakota,Turner,51,0,0,43.3109081,-97.14865776,46125.0,608.3015267175572,0.0,51,51,0,0,51,50,8424,0,0,0,0,1
2020-08-09,US,South Dakota,Union,214,4,0,42.83112163,-96.6557828,46127.0,1343.2086367060006,1.8691588785046729,210,213,4,0,209,209,15619,1,0,0,1,4
2020-08-09,US,South Dakota,Walworth,18,0,0,45.43019636,-100.03075140000001,46129.0,331.1867525298988,0.0,18,18,0,0,18,18,5587,0,0,0,0,0
2020-08-09,US,South Dakota,Yankton,114,2,0,43.00924485,-97.39467635,46135.0,499.6931708599983,1.7543859649122806,112,113,2,0,111,110,22869,1,0,0,1,3
2020-08-09,US,South Dakota,Ziebach,35,0,0,44.97881876,-101.6654622,46137.0,1269.956458635704,0.0,35,34,0,0,34,33,2742,1,0,0,1,1
2020-08-09,US,Tennessee,Anderson,684,6,0,36.12684348,-84.19965764,47001.0,888.5655641871704,0.8771929824561403,678,676,6,0,670,668,76482,8,0,0,8,8
2020-08-09,US,Tennessee,Bedford,928,11,0,35.51123746,-86.45549096,47003.0,1866.714943777281,1.1853448275862069,917,918,11,0,907,908,49038,10,0,0,10,10
2020-08-09,US,Tennessee,Benton,155,1,0,36.07110411,-88.06849355,47005.0,959.1584158415843,0.6451612903225806,154,148,1,0,147,139,16184,7,0,0,7,9
2020-08-09,US,Tennessee,Bledsoe,705,1,0,35.59942968,-85.20611967,47007.0,4680.031864046734,0.14184397163120568,704,695,1,0,694,690,14755,10,0,0,10,5
2020-08-09,US,Tennessee,Blount,1303,11,0,35.68938198,-83.92847788,47009.0,979.0514546766052,0.8442056792018419,1292,1277,11,0,1266,1243,131349,26,0,0,26,34
2020-08-09,US,Tennessee,Bradley,1943,12,0,35.15739424,-84.857186,47011.0,1797.2435482379058,0.6176016469377251,1931,1903,12,0,1891,1874,106727,40,0,0,40,29
2020-08-09,US,Tennessee,Campbell,248,1,0,36.40355516,-84.15108559999999,47013.0,622.4587119120526,0.4032258064516129,247,247,1,0,246,239,39583,1,0,0,1,8
2020-08-09,US,Tennessee,Cannon,147,0,0,35.80990797,-86.05738983,47015.0,1001.4988418040604,0.0,147,143,0,0,143,142,14462,4,0,0,4,1
2020-08-09,US,Tennessee,Carroll,314,3,0,35.97366108,-88.45189331,47017.0,1130.8387654409912,0.9554140127388536,311,296,3,0,293,290,28020,18,0,0,18,6
2020-08-09,US,Tennessee,Carter,522,6,0,36.28969086,-82.12588974,47019.0,925.679629728148,1.1494252873563218,516,512,6,0,506,497,56351,10,0,0,10,15
2020-08-09,US,Tennessee,Cheatham,595,7,0,36.26136216,-87.08903581,47021.0,1463.102761452775,1.1764705882352942,588,578,7,0,571,573,40439,17,0,0,17,5
2020-08-09,US,Tennessee,Chester,221,2,0,35.42527478,-88.6095842,47023.0,1277.678210094236,0.9049773755656108,219,217,2,0,215,211,17276,4,0,0,4,6
2020-08-09,US,Tennessee,Claiborne,272,0,0,36.48319149,-83.65947309,47025.0,851.0904596514282,0.0,272,266,0,0,266,255,31756,6,0,0,6,11
2020-08-09,US,Tennessee,Clay,76,0,0,36.55151008,-85.53930419,47027.0,998.0302035456338,0.0,76,75,0,0,75,74,7717,1,0,0,1,1
2020-08-09,US,Tennessee,Cocke,475,2,0,35.9278914,-83.11828725,47029.0,1319.2978557938004,0.42105263157894735,473,457,2,0,455,450,35774,18,0,0,18,7
2020-08-09,US,Tennessee,Coffee,545,3,0,35.49090731,-86.07311784,47031.0,964.2604387827316,0.5504587155963303,542,522,3,0,519,507,55700,23,0,0,23,15
2020-08-09,US,Tennessee,Crockett,269,5,0,35.81830662,-89.14916269,47033.0,1890.3724525650034,1.858736059479554,264,266,4,0,262,260,14328,3,1,0,2,6
2020-08-09,US,Tennessee,Cumberland,457,6,0,35.95271721,-84.99840585,47035.0,755.1222736285525,1.312910284463895,451,450,6,0,444,412,59673,7,0,0,7,38
2020-08-09,US,Tennessee,Davidson,20620,213,0,36.17007426,-86.78646056,47037.0,2970.565185321778,1.0329776915615907,20407,20383,213,0,20170,20185,692587,237,0,0,237,198
2020-08-09,US,Tennessee,DeKalb,360,2,0,35.97616272,-85.83689361,47041.0,1756.9546120058567,0.5555555555555556,358,349,2,0,347,339,20138,11,0,0,11,10
2020-08-09,US,Tennessee,Decatur,213,3,0,35.60048904,-88.11043779,47039.0,1826.288262025208,1.4084507042253518,210,198,3,0,195,198,11706,15,0,0,15,0
2020-08-09,US,Tennessee,Dickson,691,2,0,36.14669837,-87.35891709,47043.0,1280.8630533105957,0.2894356005788712,689,679,2,0,677,666,53446,12,0,0,12,13
2020-08-09,US,Tennessee,Dyer,650,8,0,36.05931946,-89.41542855,47045.0,1749.2397534917511,1.2307692307692308,642,628,7,0,621,619,37320,22,1,0,21,9
2020-08-09,US,Tennessee,Fayette,698,8,0,35.19615831,-89.41399032,47047.0,1696.934334962196,1.146131805157593,690,686,8,0,678,670,40507,12,0,0,12,16
2020-08-09,US,Tennessee,Fentress,93,0,0,36.38128818,-84.92870012,47049.0,502.0784970037252,0.0,93,92,0,0,92,88,18217,1,0,0,1,4
2020-08-09,US,Tennessee,Franklin,330,4,0,35.15634626,-86.09201039,47051.0,781.8423047763458,1.2121212121212122,326,325,4,0,321,313,41890,5,0,0,5,12
2020-08-09,US,Tennessee,Gibson,717,5,0,35.99438059,-88.93358327,47053.0,1459.3043372071725,0.6973500697350071,712,693,5,0,688,670,49045,24,0,0,24,23
2020-08-09,US,Tennessee,Giles,381,13,0,35.20222469,-87.03992678,47055.0,1293.1034482758619,3.4120734908136483,368,378,13,0,365,369,29503,3,0,0,3,9
2020-08-09,US,Tennessee,Grainger,197,0,0,36.27469206,-83.51254721,47057.0,844.7684391080617,0.0,197,196,0,0,196,194,23145,1,0,0,1,2
2020-08-09,US,Tennessee,Greene,492,8,0,36.17470125,-82.84691273,47059.0,712.3311471137558,1.6260162601626016,484,467,8,0,459,447,69087,25,0,0,25,20
2020-08-09,US,Tennessee,Grundy,114,2,0,35.38433717,-85.72142731,47061.0,849.0355254338274,1.7543859649122806,112,113,2,0,111,111,13346,1,0,0,1,2
2020-08-09,US,Tennessee,Hamblen,1396,14,0,36.21990035,-83.26586179,47063.0,2149.8752579542306,1.002865329512894,1382,1383,14,0,1369,1372,64569,13,0,0,13,11
2020-08-09,US,Tennessee,Hamilton,6132,53,0,35.17670231,-85.16652245,47065.0,1667.1923089471563,0.8643183300717547,6079,6062,53,0,6009,5970,364286,70,0,0,70,92
2020-08-09,US,Tennessee,Hancock,80,2,0,36.52692871,-83.22375847,47067.0,1208.4592145015104,2.5,78,78,2,0,76,78,6549,2,0,0,2,0
2020-08-09,US,Tennessee,Hardeman,917,17,0,35.20772017,-88.99161161,47069.0,3660.6786427145703,1.8538713195201744,900,898,17,0,881,875,25220,19,0,0,19,23
2020-08-09,US,Tennessee,Hardin,471,8,0,35.19732531,-88.18593755,47071.0,1836.114143146733,1.6985138004246283,463,462,8,0,454,453,25776,9,0,0,9,9
2020-08-09,US,Tennessee,Hawkins,472,7,0,36.44355426,-82.94885298,47073.0,831.1907864614517,1.4830508474576272,465,451,7,0,444,435,56530,21,0,0,21,16
2020-08-09,US,Tennessee,Haywood,500,6,0,35.58332824,-89.28536625,47075.0,2889.505316689783,1.2,494,463,6,0,457,457,17335,37,0,0,37,6
2020-08-09,US,Tennessee,Henderson,593,2,0,35.65581134,-88.38600175,47077.0,2109.0443503930005,0.3372681281618887,591,563,2,0,561,547,27847,30,0,0,30,16
2020-08-09,US,Tennessee,Henry,288,0,0,36.33160906,-88.30121797,47079.0,890.4003710001546,0.0,288,276,0,0,276,266,32358,12,0,0,12,10
2020-08-09,US,Tennessee,Hickman,268,0,0,35.80609681,-87.47643507,47081.0,1064.4213202001747,0.0,268,259,0,0,259,253,25063,9,0,0,9,6
2020-08-09,US,Tennessee,Houston,59,0,0,36.28872054,-87.71878828,47083.0,719.4244604316548,0.0,59,57,0,0,57,57,8263,2,0,0,2,0
2020-08-09,US,Tennessee,Humphreys,124,3,0,36.03958805,-87.77992872,47085.0,667.3124529114198,2.419354838709677,121,120,3,0,117,120,18486,4,0,0,4,0
2020-08-09,US,Tennessee,Jackson,127,1,0,36.36380466,-85.67239905,47087.0,1077.5496351603597,0.7874015748031497,126,124,1,0,123,118,11758,3,0,0,3,6
2020-08-09,US,Tennessee,Jefferson,568,4,0,36.04818632,-83.45148924,47089.0,1042.2974584824296,0.7042253521126759,564,559,3,0,556,552,54012,9,1,0,8,7
2020-08-09,US,Tennessee,Johnson,280,0,0,36.45523950000001,-81.84886538,47091.0,1574.0948954351247,0.0,280,265,0,0,265,258,17778,15,0,0,15,7
2020-08-09,US,Tennessee,Knox,4600,39,0,35.99508821,-83.94635435,47093.0,978.0720498901796,0.8478260869565217,4561,4513,38,0,4475,4407,465289,87,1,0,86,106
2020-08-09,US,Tennessee,Lake,787,0,0,36.34180170000001,-89.48921915,47095.0,11217.21778791334,0.0,787,782,0,0,782,782,7411,5,0,0,5,0
2020-08-09,US,Tennessee,Lauderdale,508,8,0,35.75893438,-89.63015909999999,47097.0,1981.820309756954,1.5748031496062993,500,489,8,0,481,487,25825,19,0,0,19,2
2020-08-09,US,Tennessee,Lawrence,562,6,0,35.21675201,-87.39787695,47099.0,1273.1638802047935,1.0676156583629892,556,550,6,0,544,534,43734,12,0,0,12,16
2020-08-09,US,Tennessee,Lewis,75,1,0,35.52853208,-87.49022694,47101.0,611.3465927616562,1.3333333333333333,74,73,1,0,72,71,12086,2,0,0,2,2
2020-08-09,US,Tennessee,Lincoln,302,1,0,35.13738622,-86.58910106,47103.0,878.7755339579817,0.3311258278145696,301,280,1,0,279,276,34117,22,0,0,22,4
2020-08-09,US,Tennessee,Loudon,742,3,0,35.73939663,-84.31145275,47105.0,1372.345934748835,0.4043126684636119,739,725,3,0,722,718,53054,17,0,0,17,7
2020-08-09,US,Tennessee,Macon,860,13,0,36.53157855,-86.00778595,47111.0,3495.650760100805,1.5116279069767442,847,858,13,0,845,856,24265,2,0,0,2,2
2020-08-09,US,Tennessee,Madison,1102,17,0,35.61181957,-88.84076036,47113.0,1124.6734160679298,1.5426497277676952,1085,1064,17,0,1047,1024,97605,38,0,0,38,40
2020-08-09,US,Tennessee,Marion,224,4,0,35.12997174,-85.62265895,47115.0,774.898813436192,1.7857142857142858,220,222,4,0,218,216,28575,2,0,0,2,6
2020-08-09,US,Tennessee,Marshall,301,3,0,35.45798777,-86.76420988,47117.0,875.6363636363636,0.9966777408637874,298,290,3,0,287,283,33683,11,0,0,11,7
2020-08-09,US,Tennessee,Maury,1257,7,0,35.618741299999996,-87.07462444,47119.0,1304.1177752186495,0.5568814638027049,1250,1225,7,0,1218,1178,94340,32,0,0,32,47
2020-08-09,US,Tennessee,McMinn,547,20,0,35.42812616,-84.61520715,47107.0,1016.8420269918578,3.6563071297989036,527,531,20,0,511,524,53285,16,0,0,16,7
2020-08-09,US,Tennessee,McNairy,378,5,0,35.17468549,-88.5647812,47109.0,1471.1605822370984,1.3227513227513228,373,371,5,0,366,366,25832,7,0,0,7,5
2020-08-09,US,Tennessee,Meigs,106,0,0,35.51558739,-84.81482914,47121.0,853.3247464176462,0.0,106,104,0,0,104,101,12306,2,0,0,2,3
2020-08-09,US,Tennessee,Monroe,444,9,0,35.44550387,-84.24902965,47123.0,953.9155655816952,2.0270270270270268,435,418,9,0,409,407,46357,26,0,0,26,11
2020-08-09,US,Tennessee,Montgomery,1939,13,0,36.49609412,-87.38550661,47125.0,927.7822702195767,0.6704486848891181,1926,1902,13,0,1889,1883,205950,37,0,0,37,19
2020-08-09,US,Tennessee,Moore,63,0,0,35.27724699,-86.36230578,47127.0,971.0234278668312,0.0,63,61,0,0,61,60,6411,2,0,0,2,1
2020-08-09,US,Tennessee,Morgan,122,1,0,36.13248031,-84.64880098,47129.0,570.0135495024062,0.819672131147541,121,118,1,0,117,103,21579,4,0,0,4,15
2020-08-09,US,Tennessee,Obion,565,4,0,36.35732446,-89.14921589,47131.0,1879.0116066380656,0.7079646017699115,561,546,4,0,542,519,30267,19,0,0,19,27
2020-08-09,US,Tennessee,Out of TN,2924,14,0,0.0,0.0,80047.0,0.0,0.478796169630643,2910,2860,14,0,2846,2842,,64,0,0,64,18
2020-08-09,US,Tennessee,Overton,195,1,0,36.34117832,-85.28989535,47133.0,876.7591385279437,0.5128205128205128,194,180,1,0,179,175,22068,15,0,0,15,5
2020-08-09,US,Tennessee,Perry,81,0,0,35.63708728,-87.86139634,47135.0,1002.9717682020804,0.0,81,79,0,0,79,77,8064,2,0,0,2,2
2020-08-09,US,Tennessee,Pickett,35,1,0,36.55606529,-85.07763299999998,47137.0,693.3438985736925,2.8571428571428568,34,31,1,0,30,31,5082,4,0,0,4,0
2020-08-09,US,Tennessee,Polk,206,3,0,35.12245443,-84.52075859,47139.0,1223.8593155893534,1.4563106796116505,203,204,3,0,201,195,16898,2,0,0,2,9
2020-08-09,US,Tennessee,Putnam,1767,18,0,36.14005459,-85.50646123,47141.0,2202.0063555361703,1.0186757215619695,1749,1740,18,0,1722,1717,78843,27,0,0,27,23
2020-08-09,US,Tennessee,Rhea,536,2,0,35.60536161,-84.93076643,47143.0,1616.0641601591947,0.373134328358209,534,528,2,0,526,522,33044,8,0,0,8,6
2020-08-09,US,Tennessee,Roane,475,2,0,35.84923189,-84.52458689,47145.0,889.8130455958938,0.42105263157894735,473,461,2,0,459,433,53140,14,0,0,14,28
2020-08-09,US,Tennessee,Robertson,1558,19,0,36.52454807,-86.87346725,47147.0,2169.523623856405,1.2195121951219512,1539,1535,19,0,1516,1521,71012,23,0,0,23,14
2020-08-09,US,Tennessee,Rutherford,6553,54,0,35.84591405,-86.4107263,47149.0,1972.1022616127725,0.8240500534106516,6499,6463,54,0,6409,6404,324890,90,0,0,90,59
2020-08-09,US,Tennessee,Scott,119,0,0,36.42325673,-84.50360494,47151.0,539.2423418524561,0.0,119,118,0,0,118,118,22039,1,0,0,1,0
2020-08-09,US,Tennessee,Sequatchie,105,0,0,35.36979721,-85.41022136,47153.0,698.788766138693,0.0,105,105,0,0,105,102,14876,0,0,0,0,3
2020-08-09,US,Tennessee,Sevier,1886,7,0,35.78077323,-83.52244332,47155.0,1919.5928753180665,0.3711558854718982,1879,1850,7,0,1843,1830,97892,36,0,0,36,20
2020-08-09,US,Tennessee,Shelby,23238,304,0,35.1864775,-89.89692423,47157.0,2479.6034000379873,1.3082020827954213,22934,22916,301,0,22615,22635,935764,322,3,0,319,281
2020-08-09,US,Tennessee,Smith,452,4,0,36.25359775,-85.95411046,47159.0,2242.3971821203554,0.8849557522123894,448,445,4,0,441,446,19942,7,0,0,7,-1
2020-08-09,US,Tennessee,Stewart,74,0,0,36.50235092,-87.83920548,47161.0,539.5552314983595,0.0,74,74,0,0,74,73,13561,0,0,0,0,1
2020-08-09,US,Tennessee,Sullivan,994,14,0,36.51240691,-82.30412917,47163.0,627.7313259403338,1.4084507042253518,980,962,14,0,948,933,157668,32,0,0,32,29
2020-08-09,US,Tennessee,Sumner,3433,73,0,36.46824103,-86.45917204,47165.0,1794.7230020440918,2.1264200407806584,3360,3404,73,0,3331,3365,187149,29,0,0,29,39
2020-08-09,US,Tennessee,Tipton,1208,10,0,35.501942,-89.73694895,47167.0,1961.070796603841,0.8278145695364238,1198,1195,9,0,1186,1183,61581,13,1,0,12,12
2020-08-09,US,Tennessee,Trousdale,1583,6,0,36.39026213,-86.16087954,47169.0,14028.71322226161,0.3790271636133923,1577,1582,6,0,1576,1582,11012,1,0,0,1,0
2020-08-09,US,Tennessee,Unassigned,3161,10,0,0.0,0.0,90047.0,0.0,0.3163555836760519,3151,3128,10,0,3118,3080,,33,0,0,33,48
2020-08-09,US,Tennessee,Unicoi,166,0,0,36.10890856,-82.43709629,47171.0,928.2558854778281,0.0,166,161,0,0,161,156,17761,5,0,0,5,5
2020-08-09,US,Tennessee,Union,160,0,0,36.28590426,-83.83651902,47173.0,801.1215701982776,0.0,160,154,0,0,154,150,19688,6,0,0,6,4
2020-08-09,US,Tennessee,Van Buren,36,0,0,35.69864497,-85.45221699,47175.0,613.0790190735695,0.0,36,36,0,0,36,35,5765,0,0,0,0,1
2020-08-09,US,Tennessee,Warren,530,4,0,35.672829899999996,-85.77969117,47177.0,1284.0080432201953,0.7547169811320755,526,507,4,0,503,498,40878,23,0,0,23,9
2020-08-09,US,Tennessee,Washington,1252,2,0,36.29472368,-82.49454720000001,47179.0,967.7294685990338,0.1597444089456869,1250,1225,2,0,1223,1200,128607,27,0,0,27,25
2020-08-09,US,Tennessee,Wayne,226,2,0,35.23868267,-87.78644456,47181.0,1355.4849157320218,0.8849557522123894,224,225,2,0,223,225,16558,1,0,0,1,0
2020-08-09,US,Tennessee,Weakley,451,4,0,36.29896232,-88.71990865,47183.0,1353.2165146423424,0.8869179600886918,447,421,4,0,417,397,33415,30,0,0,30,24
2020-08-09,US,Tennessee,White,293,5,0,35.92929884,-85.45591799,47185.0,1071.493874565734,1.706484641638225,288,281,5,0,276,273,27107,12,0,0,12,8
2020-08-09,US,Tennessee,Williamson,3551,25,0,35.89099229,-86.89281867,47187.0,1489.4384510846771,0.7040270346381301,3526,3478,25,0,3453,3448,231729,73,0,0,73,30
2020-08-09,US,Tennessee,Wilson,2290,23,0,36.15496772,-86.29775884,47189.0,1583.0550889345138,1.004366812227074,2267,2262,23,0,2239,2229,140625,28,0,0,28,33
2020-08-09,US,Texas,Anderson,2402,14,0,31.81534745,-95.65354823,48001.0,4160.3879795617895,0.5828476269775187,2388,2402,12,0,2390,2379,58057,0,2,0,-2,23
2020-08-09,US,Texas,Andrews,297,7,0,32.30468633,-102.6376548,48003.0,1587.8107457898957,2.356902356902357,290,297,7,0,290,279,18128,0,0,0,0,18
2020-08-09,US,Texas,Angelina,1796,45,0,31.25457347,-94.60901487,48005.0,2071.152626419881,2.5055679287305117,1751,1796,45,0,1751,1796,87092,0,0,0,0,0
2020-08-09,US,Texas,Aransas,173,15,0,28.10556197,-96.9995047,48007.0,735.8570820927264,8.670520231213873,158,172,13,0,159,169,23792,1,2,0,-1,3
2020-08-09,US,Texas,Archer,21,0,0,33.61569967,-98.68754589,48009.0,245.5278849526482,0.0,21,21,0,0,21,21,8786,0,0,0,0,0
2020-08-09,US,Texas,Armstrong,8,0,0,34.96507426,-101.3574874,48011.0,423.9533651298357,0.0,8,8,0,0,8,8,1892,0,0,0,0,0
2020-08-09,US,Texas,Atascosa,437,18,0,28.89333001,-98.52730485,48013.0,854.2998455613551,4.118993135011442,419,437,18,0,419,434,50310,0,0,0,0,3
2020-08-09,US,Texas,Austin,242,4,0,29.88548725,-96.27736949,48015.0,805.8071390516783,1.6528925619834711,238,230,3,0,227,230,29989,12,1,0,11,0
2020-08-09,US,Texas,Bailey,171,4,0,34.06854817,-102.8299707,48017.0,2442.857142857143,2.3391812865497075,167,171,4,0,167,170,7027,0,0,0,0,1
2020-08-09,US,Texas,Bandera,91,3,0,29.74619598,-99.24598147,48019.0,393.73485635167884,3.2967032967032965,88,91,3,0,88,89,22824,0,0,0,0,2
2020-08-09,US,Texas,Bastrop,1363,21,0,30.10370699,-97.31206354,48021.0,1536.2420116542498,1.5407190022010269,1342,1358,21,0,1337,1350,86976,5,0,0,5,8
2020-08-09,US,Texas,Baylor,11,0,0,33.61640794,-99.21352901,48023.0,313.47962382445144,0.0,11,11,0,0,11,9,3582,0,0,0,0,2
2020-08-09,US,Texas,Bee,1089,11,0,28.41761668,-97.74215593,48025.0,3344.081068631968,1.0101010101010102,1078,1073,9,0,1064,885,32587,16,2,0,14,188
2020-08-09,US,Texas,Bell,3831,38,0,31.03736027,-97.4785025,48027.0,1055.592906503841,0.9919081179848604,3793,3831,37,0,3794,3785,355642,0,1,0,-1,46
2020-08-09,US,Texas,Bexar,42783,782,0,29.44928723,-98.52019748,48029.0,2135.3554733239034,1.827828810508847,42001,42531,773,0,41758,42299,1986049,252,9,0,243,232
2020-08-09,US,Texas,Blanco,98,5,0,30.26640707,-98.3999852,48031.0,821.3896571955411,5.1020408163265305,93,98,5,0,93,98,11702,0,0,0,0,0
2020-08-09,US,Texas,Bosque,161,2,0,31.89978581,-97.63613524,48035.0,861.6537329408618,1.2422360248447204,159,161,2,0,159,155,18691,0,0,0,0,6
2020-08-09,US,Texas,Bowie,764,32,0,33.44626922,-94.41834132,48037.0,819.3468818703418,4.18848167539267,732,764,32,0,732,764,94324,0,0,0,0,0
2020-08-09,US,Texas,Brazoria,7357,93,0,29.18757369,-95.44563172,48039.0,1965.7247290682512,1.2641022155770014,7264,7215,92,0,7123,7090,370200,142,1,0,141,125
2020-08-09,US,Texas,Brazos,4055,48,0,30.663644800000004,-96.30205577,48041.0,1769.1123026381806,1.1837237977805182,4007,4040,48,0,3992,4024,226758,15,0,0,15,16
2020-08-09,US,Texas,Brewster,188,2,0,29.81008251,-103.2520326,48043.0,2042.8121264804959,1.0638297872340423,186,188,2,0,186,188,9267,0,0,0,0,0
2020-08-09,US,Texas,Briscoe,12,1,0,34.53026962,-101.2084947,48045.0,776.1966364812421,8.333333333333334,11,12,1,0,11,11,1516,0,0,0,0,1
2020-08-09,US,Texas,Brooks,113,3,0,27.03103197,-98.21808402,48047.0,1593.119977442549,2.6548672566371683,110,99,3,0,96,99,7114,14,0,0,14,0
2020-08-09,US,Texas,Brown,391,16,0,31.77430356,-98.99907113,48049.0,1032.643143883372,4.092071611253196,375,391,16,0,375,388,37924,0,0,0,0,3
2020-08-09,US,Texas,Burleson,242,6,0,30.49273808,-96.62158484,48051.0,1312.1509515805456,2.479338842975207,236,240,6,0,234,240,18389,2,0,0,2,0
2020-08-09,US,Texas,Burnet,557,9,0,30.78801353,-98.181887,48053.0,1156.6815491641573,1.615798922800718,548,552,9,0,543,551,47542,5,0,0,5,1
2020-08-09,US,Texas,Caldwell,1145,26,0,29.83668859,-97.61814775,48055.0,2622.2975448882376,2.2707423580786026,1119,1136,26,0,1110,1122,43247,9,0,0,9,14
2020-08-09,US,Texas,Calhoun,544,5,0,28.47048236,-96.61633945,48057.0,2555.190230155002,0.9191176470588236,539,544,4,0,540,529,21561,0,1,0,-1,15
2020-08-09,US,Texas,Callahan,46,3,0,32.29760619,-99.37326312,48059.0,329.9146525138063,6.521739130434782,43,46,3,0,43,46,13994,0,0,0,0,0
2020-08-09,US,Texas,Cameron,16290,430,0,26.14524221,-97.48140372,48061.0,3849.580421728743,2.639656230816452,15860,16290,425,0,15865,15865,423908,0,5,0,-5,425
2020-08-09,US,Texas,Camp,233,6,0,32.97195142,-94.97790104,48063.0,1779.440965327631,2.5751072961373387,227,233,5,0,228,229,13033,0,1,0,-1,4
2020-08-09,US,Texas,Carson,15,0,0,35.40365929,-101.3542669,48065.0,253.12183597705032,0.0,15,15,0,0,15,15,6005,0,0,0,0,0
2020-08-09,US,Texas,Cass,176,8,0,33.07499881,-94.34646905,48067.0,586.1586624925067,4.545454545454546,168,174,8,0,166,171,30119,2,0,0,2,3
2020-08-09,US,Texas,Castro,200,4,0,34.53016752,-102.2617243,48069.0,2656.042496679947,2.0,196,200,4,0,196,197,7665,0,0,0,0,3
2020-08-09,US,Texas,Chambers,951,3,0,29.70972016,-94.67154501,48071.0,2169.4002783037163,0.3154574132492113,948,951,3,0,948,942,42454,0,0,0,0,9
2020-08-09,US,Texas,Cherokee,1110,7,0,31.837258,-95.16559897,48073.0,2108.422292291912,0.6306306306306306,1103,1107,7,0,1100,953,52592,3,0,0,3,154
2020-08-09,US,Texas,Childress,40,0,0,34.529304100000004,-100.2077916,48075.0,547.4952094169176,0.0,40,40,0,0,40,40,7291,0,0,0,0,0
2020-08-09,US,Texas,Clay,40,1,0,33.78686685,-98.20771198,48077.0,382.0074491452583,2.5,39,40,1,0,39,40,10456,0,0,0,0,0
2020-08-09,US,Texas,Cochran,32,0,0,33.60425307,-102.8284499,48079.0,1121.626358219418,0.0,32,32,0,0,32,31,2836,0,0,0,0,1
2020-08-09,US,Texas,Coke,42,2,0,31.88911733,-100.5297533,48081.0,1240.0354295837026,4.761904761904762,40,42,2,0,40,42,3370,0,0,0,0,0
2020-08-09,US,Texas,Coleman,19,0,0,31.76736834,-99.45240766,48083.0,232.41590214067278,0.0,19,19,0,0,19,19,8397,0,0,0,0,0
2020-08-09,US,Texas,Collin,7654,89,0,33.18820114,-96.57264368,48085.0,739.7098760063012,1.162790697674419,7565,7439,89,0,7350,7268,1005146,215,0,0,215,171
2020-08-09,US,Texas,Collingsworth,11,0,0,34.96489496,-100.2700111,48087.0,376.71232876712327,0.0,11,11,0,0,11,11,2962,0,0,0,0,0
2020-08-09,US,Texas,Colorado,281,2,0,29.622098,-96.5273805,48089.0,1307.4024100870054,0.7117437722419929,279,278,2,0,276,272,21217,3,0,0,3,6
2020-08-09,US,Texas,Comal,1839,69,0,29.80811278,-98.27647225,48091.0,1177.2689153633917,3.752039151712888,1770,1816,69,0,1747,1775,148373,23,0,0,23,41
2020-08-09,US,Texas,Comanche,142,3,0,31.94854689,-98.55876441,48093.0,1041.4374770810414,2.112676056338028,139,142,3,0,139,141,13534,0,0,0,0,1
2020-08-09,US,Texas,Concho,28,0,0,31.32635934,-99.86473038,48095.0,1027.1460014673514,0.0,28,28,0,0,28,28,4276,0,0,0,0,0
2020-08-09,US,Texas,Cooke,223,3,0,33.63979567,-97.21240912,48097.0,540.5143369610006,1.345291479820628,220,223,3,0,220,223,40574,0,0,0,0,0
2020-08-09,US,Texas,Coryell,668,5,0,31.39078397,-97.79936155,48099.0,879.5144237732222,0.7485029940119761,663,667,5,0,662,660,74808,1,0,0,1,7
2020-08-09,US,Texas,Cottle,18,2,0,34.07783319,-100.2785062,48101.0,1287.5536480686694,11.111111111111109,16,18,2,0,16,16,1389,0,0,0,0,2
2020-08-09,US,Texas,Crane,70,2,0,31.43052248,-102.5143314,48103.0,1459.245361684386,2.8571428571428568,68,70,2,0,68,70,4794,0,0,0,0,0
2020-08-09,US,Texas,Crockett,155,3,0,30.72367027,-101.4134238,48105.0,4474.5958429561215,1.935483870967742,152,155,3,0,152,155,3499,0,0,0,0,0
2020-08-09,US,Texas,Crosby,63,1,0,33.61431553,-101.3000364,48107.0,1098.1349137179711,1.5873015873015872,62,63,1,0,62,59,5779,0,0,0,0,4
2020-08-09,US,Texas,Culberson,17,2,0,31.44506775,-104.5185739,48109.0,783.049286043298,11.764705882352944,15,17,2,0,15,17,2204,0,0,0,0,0
2020-08-09,US,Texas,Dallam,190,5,0,36.27787176,-102.6020725,48111.0,2607.383010841224,2.631578947368421,185,190,5,0,185,187,7200,0,0,0,0,3
2020-08-09,US,Texas,Dallas,54674,755,0,32.76670599,-96.7779605,48113.0,2074.508369518531,1.3809123166404509,53919,53831,751,0,53080,53291,2637772,843,4,0,839,540
2020-08-09,US,Texas,Dawson,145,4,0,32.74255572,-101.9477242,48115.0,1139.220615964802,2.7586206896551726,141,145,4,0,141,143,12619,0,0,0,0,2
2020-08-09,US,Texas,DeWitt,693,19,0,29.08101855,-97.3568117,48123.0,3437.5,2.741702741702741,674,693,18,0,675,643,20187,0,1,0,-1,50
2020-08-09,US,Texas,Deaf Smith,667,17,0,34.96522957,-102.6054267,48117.0,3596.4628491318877,2.548725637181409,650,667,17,0,650,657,18760,0,0,0,0,10
2020-08-09,US,Texas,Delta,16,0,0,33.38570922,-95.66921122,48119.0,300.13130744700806,0.0,16,16,0,0,16,16,5349,0,0,0,0,0
2020-08-09,US,Texas,Denton,7644,87,0,33.20521901,-97.11691153,48121.0,861.5802174689784,1.1381475667189953,7557,7586,87,0,7499,7519,859064,58,0,0,58,67
2020-08-09,US,Texas,Dickens,5,1,0,33.61616822,-100.7788855,48125.0,226.14201718679334,20.0,4,5,1,0,4,4,2249,0,0,0,0,1
2020-08-09,US,Texas,Dimmit,150,3,0,28.42270064,-99.75645095,48127.0,1481.6278150928488,2.0,147,150,3,0,147,146,10308,0,0,0,0,4
2020-08-09,US,Texas,Donley,48,0,0,34.96517499,-100.8140093,48129.0,1464.307504575961,0.0,48,48,0,0,48,48,3319,0,0,0,0,0
2020-08-09,US,Texas,Duval,176,6,0,27.68184592,-98.50864568,48131.0,1577.4849870036746,3.4090909090909087,170,173,6,0,167,164,11212,3,0,0,3,9
2020-08-09,US,Texas,Eastland,73,1,0,32.32743996,-98.83243566,48133.0,397.60348583877993,1.3698630136986298,72,73,1,0,72,70,18322,0,0,0,0,3
2020-08-09,US,Texas,Ector,3531,56,0,31.86898877,-102.5429428,48135.0,2124.2547661875915,1.5859529878221468,3475,3531,56,0,3475,3531,162124,0,0,0,0,0
2020-08-09,US,Texas,Edwards,28,0,0,29.98202582,-100.304252,48137.0,1449.2753623188407,0.0,28,28,0,0,28,25,1928,0,0,0,0,3
2020-08-09,US,Texas,El Paso,16308,293,0,31.76980765,-106.2363275,48141.0,1943.1913235577988,1.7966642138827569,16015,16040,291,0,15749,15908,840758,268,2,0,266,132
2020-08-09,US,Texas,Ellis,2855,41,0,32.34894117,-96.79371841,48139.0,1544.6960925410926,1.4360770577933448,2814,2855,41,0,2814,2808,179436,0,0,0,0,47
2020-08-09,US,Texas,Erath,527,5,0,32.23602653,-98.21773417,48143.0,1234.2498477680456,0.9487666034155596,522,527,5,0,522,520,42446,0,0,0,0,7
2020-08-09,US,Texas,Falls,127,3,0,31.25350609,-96.93630086,48145.0,734.231369601665,2.3622047244094486,124,125,3,0,122,124,17335,2,0,0,2,1
2020-08-09,US,Texas,Fannin,246,8,0,33.59564294,-96.10751083,48147.0,692.6845750971448,3.2520325203252027,238,246,8,0,238,242,35286,0,0,0,0,4
2020-08-09,US,Texas,Fayette,378,14,0,29.87788372,-96.92076062,48149.0,1491.3595833662116,3.703703703703704,364,378,14,0,364,378,25349,0,0,0,0,0
2020-08-09,US,Texas,Fisher,28,1,0,32.74281316,-100.4019302,48151.0,731.0704960835509,3.571428571428572,27,28,1,0,27,26,3839,0,0,0,0,2
2020-08-09,US,Texas,Floyd,89,6,0,34.07227468,-101.3031546,48153.0,1558.1232492997199,6.741573033707866,83,89,6,0,83,88,5837,0,0,0,0,1
2020-08-09,US,Texas,Foard,2,0,0,33.97308618,-99.7767797,48155.0,173.16017316017312,0.0,2,2,0,0,2,2,1200,0,0,0,0,0
2020-08-09,US,Texas,Fort Bend,9533,162,0,29.52704478,-95.77219463,48157.0,1174.4660509949636,1.6993601174866253,9371,9533,161,0,9372,9151,787858,0,1,0,-1,382
2020-08-09,US,Texas,Franklin,92,2,0,33.17653242,-95.21917243,48159.0,857.8088578088579,2.1739130434782608,90,92,2,0,90,90,10766,0,0,0,0,2
2020-08-09,US,Texas,Freestone,156,0,0,31.70422788,-96.15072516,48161.0,791.1954151240046,0.0,156,156,0,0,156,161,19808,0,0,0,0,-5
2020-08-09,US,Texas,Frio,512,5,0,28.86751206,-99.10804207,48163.0,2521.422239732099,0.9765625,507,512,5,0,507,505,19816,0,0,0,0,7
2020-08-09,US,Texas,Gaines,161,3,0,32.74055318,-102.6353295,48165.0,749.1159501209752,1.8633540372670807,158,161,3,0,158,158,20901,0,0,0,0,3
2020-08-09,US,Texas,Galveston,9376,113,0,29.40167322,-94.90469073,48167.0,2740.406676818486,1.2052047781569966,9263,9376,113,0,9263,9291,337890,0,0,0,0,85
2020-08-09,US,Texas,Garza,99,3,0,33.17969345,-101.2984114,48169.0,1589.34018301493,3.0303030303030303,96,99,3,0,96,99,6578,0,0,0,0,0
2020-08-09,US,Texas,Gillespie,175,6,0,30.31824095,-98.94676915,48171.0,648.4363420779607,3.4285714285714284,169,175,6,0,169,175,26804,0,0,0,0,0
2020-08-09,US,Texas,Glasscock,6,0,0,31.86942909,-101.5207776,48173.0,425.83392476934,0.0,6,6,0,0,6,6,1388,0,0,0,0,0
2020-08-09,US,Texas,Goliad,89,4,0,28.65696592,-97.42760647,48175.0,1162.18333768608,4.49438202247191,85,89,4,0,85,77,7584,0,0,0,0,12
2020-08-09,US,Texas,Gonzales,683,9,0,29.45634206,-97.49424032,48177.0,3277.8231031338482,1.3177159590043923,674,683,9,0,674,680,20826,0,0,0,0,3
2020-08-09,US,Texas,Gray,215,2,0,35.40081878,-100.8129222,48179.0,982.3631545280087,0.9302325581395348,213,215,2,0,213,214,21895,0,0,0,0,1
2020-08-09,US,Texas,Grayson,1118,13,0,33.62744998,-96.67753461,48181.0,820.7793733298096,1.162790697674419,1105,1118,13,0,1105,1103,133991,0,0,0,0,15
2020-08-09,US,Texas,Gregg,1416,26,0,32.47940482,-94.81591935,48183.0,1142.4422122715719,1.8361581920903955,1390,1416,25,0,1391,1379,123707,0,1,0,-1,37
2020-08-09,US,Texas,Grimes,876,23,0,30.54579585,-95.98902499,48185.0,3033.240997229917,2.625570776255708,853,874,23,0,851,872,28360,2,0,0,2,2
2020-08-09,US,Texas,Guadalupe,1679,55,0,29.58165339,-97.94786822,48187.0,1006.3111713126398,3.275759380583681,1624,1679,54,0,1625,1673,163694,0,1,0,-1,6
2020-08-09,US,Texas,Hale,1285,26,0,34.07044901,-101.8268114,48189.0,3846.614380650183,2.023346303501945,1259,1285,26,0,1259,1257,33830,0,0,0,0,28
2020-08-09,US,Texas,Hall,11,1,0,34.5307555,-100.6813852,48191.0,371.1201079622133,9.090909090909092,10,11,1,0,10,11,3028,0,0,0,0,0
2020-08-09,US,Texas,Hamilton,83,3,0,31.70470573,-98.11083887,48193.0,980.9715163692237,3.614457831325301,80,82,3,0,79,80,8484,1,0,0,1,2
2020-08-09,US,Texas,Hansford,73,2,0,36.27743284,-101.3545796,48195.0,1352.1022411557694,2.7397260273972597,71,73,2,0,71,69,5463,0,0,0,0,4
2020-08-09,US,Texas,Hardeman,18,0,0,34.28944521,-99.74632408,48197.0,457.6659038901602,0.0,18,18,0,0,18,17,3922,0,0,0,0,1
2020-08-09,US,Texas,Hardin,973,15,0,30.33364686,-94.38931817,48199.0,1689.1774591160029,1.5416238437821173,958,973,15,0,958,947,57207,0,0,0,0,26
2020-08-09,US,Texas,Harris,85757,1575,0,29.85864939,-95.39339521,48201.0,1819.4586624092335,1.8365847685903192,84182,84600,1562,0,83038,83183,4698619,1157,13,0,1144,1417
2020-08-09,US,Texas,Harrison,693,23,0,32.54935988,-94.36934071,48203.0,1041.2753745135458,3.3189033189033186,670,692,23,0,669,681,66726,1,0,0,1,11
2020-08-09,US,Texas,Hartley,85,0,0,35.84008013,-102.6029022,48205.0,1524.3902439024396,0.0,85,85,0,0,85,84,5619,0,0,0,0,1
2020-08-09,US,Texas,Haskell,42,0,0,33.17823584,-99.73037358,48207.0,742.3117709437964,0.0,42,42,0,0,42,42,5813,0,0,0,0,0
2020-08-09,US,Texas,Hays,5012,38,0,30.05669873,-98.02944344,48209.0,2177.322310602934,0.7581803671189146,4974,5012,37,0,4975,5012,222631,0,1,0,-1,0
2020-08-09,US,Texas,Hemphill,42,0,0,35.83764858,-100.2703577,48211.0,1099.7643362136685,0.0,42,42,0,0,42,42,3825,0,0,0,0,0
2020-08-09,US,Texas,Henderson,641,12,0,32.21128872,-95.85846587,48213.0,774.7440685545765,1.87207488299532,629,641,12,0,629,633,82299,0,0,0,0,8
2020-08-09,US,Texas,Hidalgo,19741,807,0,26.39418217,-98.18299696,48215.0,2272.457802227909,4.087938807557873,18934,19534,790,0,18744,19534,865939,207,17,0,190,0
2020-08-09,US,Texas,Hill,321,7,0,31.99045053,-97.13423143,48217.0,875.8765587055583,2.1806853582554515,314,319,7,0,312,318,36354,2,0,0,2,1
2020-08-09,US,Texas,Hockley,206,4,0,33.60771256,-102.3431676,48219.0,894.8351505147473,1.9417475728155342,202,206,4,0,202,200,22980,0,0,0,0,6
2020-08-09,US,Texas,Hood,528,10,0,32.42990927,-97.83242024,48221.0,856.5449442759112,1.893939393939394,518,528,10,0,518,522,60537,0,0,0,0,6
2020-08-09,US,Texas,Hopkins,199,2,0,33.14875072,-95.56351139,48223.0,536.6195663898177,1.0050251256281406,197,198,2,0,196,200,36810,1,0,0,1,-2
2020-08-09,US,Texas,Houston,314,7,0,31.31925973,-95.42226208,48225.0,1367.1194705677465,2.2292993630573252,307,314,7,0,307,312,23169,0,0,0,0,2
2020-08-09,US,Texas,Howard,171,6,0,32.30621324,-101.4356444,48227.0,466.39755618590436,3.5087719298245608,165,171,5,0,166,168,36459,0,1,0,-1,3
2020-08-09,US,Texas,Hudspeth,23,2,0,31.45628381,-105.388178,48229.0,470.7327056897257,8.695652173913043,21,23,2,0,21,23,4795,0,0,0,0,0
2020-08-09,US,Texas,Hunt,1182,21,0,33.12351514,-96.08551032,48231.0,1198.855914152991,1.7766497461928934,1161,1182,21,0,1161,1137,96493,0,0,0,0,45
2020-08-09,US,Texas,Hutchinson,126,3,0,35.84006574,-101.3546643,48233.0,601.7766739898749,2.380952380952381,123,126,3,0,123,123,21198,0,0,0,0,3
2020-08-09,US,Texas,Irion,9,0,0,31.30375559,-100.982439,48235.0,585.9375,0.0,9,9,0,0,9,9,1522,0,0,0,0,0
2020-08-09,US,Texas,Jack,59,0,0,33.23377248,-98.17283469,48237.0,660.3245663122552,0.0,59,59,0,0,59,56,8843,0,0,0,0,3
2020-08-09,US,Texas,Jackson,406,7,0,28.95472367,-96.57749563,48239.0,2750.6775067750677,1.7241379310344829,399,406,6,0,400,400,14874,0,1,0,-1,6
2020-08-09,US,Texas,Jasper,304,11,0,30.74685667,-94.02667579,48241.0,855.6390554195165,3.6184210526315783,293,304,11,0,293,304,35872,0,0,0,0,0
2020-08-09,US,Texas,Jeff Davis,8,0,0,30.71490589,-104.1399973,48243.0,351.8029903254178,0.0,8,8,0,0,8,8,2252,0,0,0,0,0
2020-08-09,US,Texas,Jefferson,5880,84,0,29.8832777,-94.16434171,48245.0,2337.368075845209,1.4285714285714286,5796,5870,80,0,5790,5828,255001,10,4,0,6,42
2020-08-09,US,Texas,Jim Hogg,62,1,0,27.04453923,-98.6968187,48247.0,1192.3076923076926,1.6129032258064515,61,62,1,0,61,62,5248,0,0,0,0,0
2020-08-09,US,Texas,Jim Wells,724,15,0,27.73103938,-98.0904705,48249.0,1788.449187293118,2.0718232044198897,709,717,15,0,702,705,40822,7,0,0,7,12
2020-08-09,US,Texas,Johnson,1861,30,0,32.37877812,-97.36615819,48251.0,1058.4869494986265,1.6120365394948952,1831,1861,30,0,1831,1810,171361,0,0,0,0,51
2020-08-09,US,Texas,Jones,596,0,0,32.73997145,-99.87861576,48253.0,2967.6841109396,0.0,596,596,0,0,596,629,19817,0,0,0,0,-33
2020-08-09,US,Texas,Karnes,632,6,0,28.90705334,-97.85960149,48255.0,4051.0223703608735,0.9493670886075948,626,632,6,0,626,562,15650,0,0,0,0,70
2020-08-09,US,Texas,Kaufman,2158,25,0,32.599141700000004,-96.28734728,48257.0,1584.9699604859204,1.1584800741427248,2133,2158,25,0,2133,2125,128622,0,0,0,0,33
2020-08-09,US,Texas,Kendall,158,4,0,29.94414155,-98.7113588,48259.0,333.1154730028884,2.5316455696202533,154,158,4,0,154,157,45641,0,0,0,0,1
2020-08-09,US,Texas,Kenedy,6,1,0,26.92601662,-97.66413984,48261.0,1485.148514851485,16.666666666666668,5,6,1,0,5,6,442,0,0,0,0,0
2020-08-09,US,Texas,Kent,3,0,0,33.18104136,-100.7780939,48263.0,393.70078740157476,0.0,3,3,0,0,3,3,726,0,0,0,0,0
2020-08-09,US,Texas,Kerr,398,6,0,30.06040006,-99.34930144,48265.0,756.6539923954373,1.5075376884422111,392,398,6,0,392,396,52405,0,0,0,0,2
2020-08-09,US,Texas,Kimble,13,1,0,30.48678918,-99.74856473,48267.0,299.7463684574591,7.6923076923076925,12,13,1,0,12,13,4362,0,0,0,0,0
2020-08-09,US,Texas,Kinney,19,0,0,29.34967888,-100.4186638,48271.0,518.1347150259069,0.0,19,19,0,0,19,19,3767,0,0,0,0,0
2020-08-09,US,Texas,Kleberg,434,8,0,27.42435506,-97.69894948,48273.0,1414.6023468057367,1.8433179723502304,426,431,7,0,424,424,31129,3,1,0,2,7
2020-08-09,US,Texas,Knox,60,1,0,33.60519951,-99.7422906,48275.0,1637.5545851528384,1.6666666666666667,59,60,1,0,59,59,3653,0,0,0,0,1
2020-08-09,US,Texas,La Salle,362,2,0,28.34453111,-99.09908775,48283.0,4813.829787234043,0.5524861878453039,360,362,2,0,360,362,7531,0,0,0,0,0
2020-08-09,US,Texas,Lamar,644,18,0,33.66981763,-95.57404777,48277.0,1291.6424316572736,2.7950310559006213,626,629,18,0,611,658,49728,15,0,0,15,-29
2020-08-09,US,Texas,Lamb,226,11,0,34.06859623,-102.3516289,48279.0,1752.8891646629957,4.867256637168142,215,226,11,0,215,219,13158,0,0,0,0,7
2020-08-09,US,Texas,Lampasas,104,3,0,31.19531316,-98.24206613,48281.0,485.3462759006906,2.8846153846153846,101,102,3,0,99,90,21229,2,0,0,2,12
2020-08-09,US,Texas,Lavaca,627,17,0,29.38508402,-96.93186692,48285.0,3111.044953855314,2.7113237639553427,610,627,17,0,610,620,20110,0,0,0,0,7
2020-08-09,US,Texas,Lee,173,10,0,30.31120597,-96.97045773,48287.0,1003.538488311387,5.780346820809249,163,172,10,0,162,171,17144,1,0,0,1,1
2020-08-09,US,Texas,Leon,143,2,0,31.29872538,-95.9936328,48289.0,821.6501953573891,1.3986013986013983,141,143,2,0,141,141,17270,0,0,0,0,2
2020-08-09,US,Texas,Liberty,978,34,0,30.15152688,-94.81205615,48291.0,1108.6047223387252,3.476482617586912,944,973,34,0,939,962,86323,5,0,0,5,11
2020-08-09,US,Texas,Limestone,235,3,0,31.5454767,-96.58095444,48293.0,1002.6880573452232,1.2765957446808511,232,233,3,0,230,220,23519,2,0,0,2,13
2020-08-09,US,Texas,Lipscomb,18,0,0,36.27783108,-100.2733151,48295.0,556.7584287039901,0.0,18,18,0,0,18,18,3355,0,0,0,0,0
2020-08-09,US,Texas,Live Oak,230,2,0,28.35101362,-98.1246786,48297.0,1884.164823461948,0.8695652173913043,228,230,2,0,228,222,12166,0,0,0,0,8
2020-08-09,US,Texas,Llano,89,1,0,30.70645047,-98.68475262,48299.0,408.3505391144758,1.1235955056179776,88,89,1,0,88,88,21646,0,0,0,0,1
2020-08-09,US,Texas,Lubbock,6018,73,0,33.61008596,-101.8204789,48303.0,1937.7336437313445,1.2130275839149218,5945,6018,73,0,5945,5959,307412,0,0,0,0,59
2020-08-09,US,Texas,Lynn,67,4,0,33.17657705,-101.8162849,48305.0,1125.8611997983533,5.970149253731344,63,67,4,0,63,66,5877,0,0,0,0,1
2020-08-09,US,Texas,Madison,666,2,0,30.96694679,-95.93003775,48313.0,4662.559507140857,0.3003003003003003,664,666,2,0,664,658,14422,0,0,0,0,8
2020-08-09,US,Texas,Marion,133,8,0,32.79868409,-94.3566123,48315.0,1349.7057032677085,6.015037593984963,125,133,8,0,125,130,9928,0,0,0,0,3
2020-08-09,US,Texas,Martin,55,5,0,32.30600051,-101.9513518,48317.0,953.0410674059956,9.090909090909092,50,55,5,0,50,55,5753,0,0,0,0,0
2020-08-09,US,Texas,Mason,53,0,0,30.71780434,-99.22629416,48319.0,1240.0561534861956,0.0,53,53,0,0,53,51,4280,0,0,0,0,2
2020-08-09,US,Texas,Matagorda,740,27,0,28.81955746,-96.01230294,48321.0,2019.4853041508609,3.6486486486486487,713,739,26,0,713,733,36552,1,1,0,0,6
2020-08-09,US,Texas,Maverick,2321,43,0,28.7429195,-100.3157686,48323.0,3952.522053063589,1.852649719948298,2278,2321,42,0,2279,2321,58485,0,1,0,-1,0
2020-08-09,US,Texas,McCulloch,48,1,0,31.1925468,-99.34682807,48307.0,601.2024048096192,2.083333333333333,47,48,1,0,47,46,7987,0,0,0,0,2
2020-08-09,US,Texas,McLennan,4946,55,0,31.55255453,-97.20217694,48309.0,1927.3408852674936,1.1120097048119693,4891,4889,55,0,4834,4846,254607,57,0,0,57,43
2020-08-09,US,Texas,McMullen,9,0,0,28.35251708,-98.56769164,48311.0,1211.305518169583,0.0,9,9,0,0,9,9,749,0,0,0,0,0
2020-08-09,US,Texas,Medina,811,26,0,29.3557301,-99.11030298,48325.0,1572.1929280397026,3.2059186189889024,785,811,26,0,785,762,50921,0,0,0,0,49
2020-08-09,US,Texas,Menard,17,0,0,30.88990665,-99.8204794,48327.0,795.1356407857811,0.0,17,17,0,0,17,17,2139,0,0,0,0,0
2020-08-09,US,Texas,Midland,2592,48,0,31.86904128,-102.0315682,48329.0,1465.798045602606,1.851851851851852,2544,2592,48,0,2544,2592,172578,0,0,0,0,0
2020-08-09,US,Texas,Milam,333,3,0,30.78581830000001,-96.97718698,48331.0,1341.4978044555453,0.9009009009009008,330,333,3,0,330,333,25131,0,0,0,0,0
2020-08-09,US,Texas,Mills,22,0,0,31.49557106,-98.59272068,48333.0,451.46726862302484,0.0,22,22,0,0,22,19,4921,0,0,0,0,3
2020-08-09,US,Texas,Mitchell,61,1,0,32.30623474,-100.9212058,48335.0,713.867758923347,1.639344262295082,60,61,1,0,60,59,8145,0,0,0,0,2
2020-08-09,US,Texas,Montague,70,1,0,33.67521893,-97.72500958,48337.0,353.2142496720153,1.4285714285714286,69,70,1,0,69,67,19596,0,0,0,0,3
2020-08-09,US,Texas,Montgomery,6577,85,0,30.30079133,-95.50572772,48339.0,1082.828030049836,1.2923825452333892,6492,6577,82,0,6495,6577,590925,0,3,0,-3,0
2020-08-09,US,Texas,Moore,1050,13,0,35.83769242,-101.8930281,48341.0,5014.3266475644705,1.238095238095238,1037,1050,13,0,1037,1047,21485,0,0,0,0,3
2020-08-09,US,Texas,Morris,116,3,0,33.11304005,-94.73255695,48343.0,936.3900548918308,2.586206896551724,113,115,3,0,112,105,12339,1,0,0,1,10
2020-08-09,US,Texas,Motley,6,0,0,34.07408766,-100.779722,48345.0,500.0,0.0,6,6,0,0,6,5,1234,0,0,0,0,1
2020-08-09,US,Texas,Nacogdoches,1147,42,0,31.62017125,-94.61803994,48347.0,1759.0945340776639,3.661726242371404,1105,1147,42,0,1105,1133,65711,0,0,0,0,14
2020-08-09,US,Texas,Navarro,856,8,0,32.04620681,-96.47428766,48349.0,1708.139604493844,0.9345794392523364,848,856,8,0,848,841,49565,0,0,0,0,15
2020-08-09,US,Texas,Newton,93,4,0,30.78548982,-93.74408813,48351.0,684.0750275836705,4.301075268817204,89,93,4,0,89,93,13746,0,0,0,0,0
2020-08-09,US,Texas,Nolan,134,3,0,32.30365282,-100.4060208,48353.0,910.6972950931088,2.238805970149253,131,134,3,0,131,133,14751,0,0,0,0,1
2020-08-09,US,Texas,Nueces,15244,236,0,27.736286,-97.5433285,48355.0,4207.632475282506,1.5481500918394122,15008,14073,234,0,13839,13918,362265,1171,2,0,1169,155
2020-08-09,US,Texas,Ochiltree,95,2,0,36.27829105,-100.8158184,48357.0,965.8397722651483,2.1052631578947367,93,95,2,0,93,94,9947,0,0,0,0,1
2020-08-09,US,Texas,Oldham,14,1,0,35.40425596,-102.6027606,48359.0,662.8787878787879,7.142857142857142,13,14,1,0,13,14,2131,0,0,0,0,0
2020-08-09,US,Texas,Orange,1477,20,0,30.11879481,-93.89412775,48361.0,1771.068156746127,1.3540961408259986,1457,1412,19,0,1393,1369,83572,65,1,0,64,43
2020-08-09,US,Texas,Palo Pinto,265,7,0,32.75310985,-98.31319001,48363.0,907.8762547535033,2.641509433962264,258,265,7,0,258,256,28875,0,0,0,0,9
2020-08-09,US,Texas,Panola,291,18,0,32.163959600000005,-94.30552481,48365.0,1254.6348193498318,6.185567010309278,273,291,18,0,273,285,23148,0,0,0,0,6
2020-08-09,US,Texas,Parker,1225,19,0,32.77757172,-97.80500621,48367.0,857.3748232758016,1.5510204081632653,1206,1225,19,0,1206,1201,138371,0,0,0,0,24
2020-08-09,US,Texas,Parmer,340,7,0,34.52993409,-102.7844668,48369.0,3539.823008849557,2.0588235294117645,333,340,7,0,333,335,9864,0,0,0,0,5
2020-08-09,US,Texas,Pecos,243,1,0,30.78097267,-102.7241261,48371.0,1535.7391139480505,0.41152263374485604,242,244,1,0,243,242,15673,-1,0,0,-1,2
2020-08-09,US,Texas,Polk,748,12,0,30.79472531,-94.8276624,48373.0,1456.584814908574,1.60427807486631,736,748,12,0,736,748,50031,0,0,0,0,0
2020-08-09,US,Texas,Potter,3661,44,0,35.40133773,-101.893964,48375.0,3118.0002555039805,1.2018574160065556,3617,3661,44,0,3617,3661,119648,0,0,0,0,0
2020-08-09,US,Texas,Presidio,46,2,0,29.99954402,-104.2408079,48377.0,686.1575178997614,4.3478260869565215,44,46,2,0,44,46,6948,0,0,0,0,0
2020-08-09,US,Texas,Rains,51,1,0,32.87109387,-95.79232691,48379.0,407.54355122263047,1.96078431372549,50,51,1,0,50,51,12159,0,0,0,0,0
2020-08-09,US,Texas,Randall,1725,21,0,34.96585996,-101.8971322,48381.0,1252.605055441389,1.2173913043478262,1704,1725,21,0,1704,1714,136271,0,0,0,0,11
2020-08-09,US,Texas,Reagan,63,3,0,31.36607041,-101.5232659,48383.0,1636.7887763055344,4.761904761904762,60,63,3,0,60,62,3741,0,0,0,0,1
2020-08-09,US,Texas,Real,87,1,0,29.83321503,-99.82018052,48385.0,2520.278099652376,1.1494252873563218,86,87,1,0,86,87,3478,0,0,0,0,0
2020-08-09,US,Texas,Red River,136,11,0,33.61886692,-95.04841765,48387.0,1131.165266572403,8.088235294117647,125,136,11,0,125,137,12175,0,0,0,0,-1
2020-08-09,US,Texas,Reeves,146,5,0,31.32323325,-103.6903896,48389.0,913.870806209314,3.4246575342465757,141,146,5,0,141,144,15695,0,0,0,0,2
2020-08-09,US,Texas,Refugio,223,4,0,28.3238976,-97.15766311,48391.0,3209.556706966033,1.7937219730941705,219,220,4,0,216,217,7032,3,0,0,3,3
2020-08-09,US,Texas,Roberts,6,0,0,35.83809685,-100.813175,48393.0,702.5761124121782,0.0,6,6,0,0,6,6,903,0,0,0,0,0
2020-08-09,US,Texas,Robertson,234,2,0,31.02539637,-96.51272246,48395.0,1370.5048611924565,0.8547008547008547,232,234,2,0,232,231,17284,0,0,0,0,3
2020-08-09,US,Texas,Rockwall,896,13,0,32.89779518,-96.40771592,48397.0,854.0246866510985,1.4508928571428572,883,896,13,0,883,875,100657,0,0,0,0,21
2020-08-09,US,Texas,Runnels,124,1,0,31.8314342,-99.97616148,48399.0,1208.1060015588464,0.8064516129032258,123,124,1,0,123,121,10234,0,0,0,0,3
2020-08-09,US,Texas,Rusk,369,2,0,32.10773545,-94.76176432,48401.0,678.2340183068044,0.5420054200542005,367,369,2,0,367,366,54450,0,0,0,0,3
2020-08-09,US,Texas,Sabine,51,6,0,31.34318809,-93.85440451,48403.0,483.77916903813315,11.764705882352944,45,51,6,0,45,51,10589,0,0,0,0,0
2020-08-09,US,Texas,San Augustine,162,11,0,31.39457611,-94.17000399,48405.0,1966.7354619400269,6.790123456790122,151,162,11,0,151,162,8232,0,0,0,0,0
2020-08-09,US,Texas,San Jacinto,177,8,0,30.57933681,-95.16260304,48407.0,613.3268651027411,4.519774011299434,169,177,8,0,169,177,28719,0,0,0,0,0
2020-08-09,US,Texas,San Patricio,935,26,0,28.00880118,-97.51763891,48409.0,1401.1688895549228,2.7807486631016043,909,935,23,0,912,905,66893,0,3,0,-3,30
2020-08-09,US,Texas,San Saba,24,0,0,31.1577796,-98.81758731,48411.0,396.3666391412056,0.0,24,24,0,0,24,23,6054,0,0,0,0,1
2020-08-09,US,Texas,Schleicher,36,1,0,30.89740592,-100.5384842,48413.0,1288.936627282492,2.7777777777777777,35,36,1,0,35,36,2895,0,0,0,0,0
2020-08-09,US,Texas,Scurry,481,1,0,32.74613808,-100.9162664,48415.0,2879.7222055918105,0.2079002079002079,480,481,1,0,480,474,16866,0,0,0,0,7
2020-08-09,US,Texas,Shackelford,18,0,0,32.73587756,-99.35401337,48417.0,551.3016845329249,0.0,18,18,0,0,18,18,3253,0,0,0,0,0
2020-08-09,US,Texas,Shelby,401,18,0,31.79211404,-94.14550696,48419.0,1586.6107462214136,4.488778054862842,383,400,18,0,382,398,25418,1,0,0,1,2
2020-08-09,US,Texas,Sherman,40,0,0,36.27751473,-101.8933156,48421.0,1323.6267372600926,0.0,40,40,0,0,40,40,3079,0,0,0,0,0
2020-08-09,US,Texas,Smith,2524,23,0,32.37474036,-95.2717568,48423.0,1084.4206899218477,0.9112519809825672,2501,2524,23,0,2501,2470,230221,0,0,0,0,54
2020-08-09,US,Texas,Somervell,74,0,0,32.22236802,-97.77403489,48425.0,810.692375109553,0.0,74,74,0,0,74,73,9016,0,0,0,0,1
2020-08-09,US,Texas,Starr,2161,68,0,26.56150059,-98.73892358,48427.0,3343.493261955967,3.146691346598797,2093,2148,66,0,2082,2117,64525,13,2,0,11,31
2020-08-09,US,Texas,Stephens,42,3,0,32.73553157,-98.83631615,48429.0,448.43049327354265,7.142857142857142,39,42,3,0,39,34,9433,0,0,0,0,8
2020-08-09,US,Texas,Stonewall,5,0,0,33.17906744,-100.2538401,48433.0,370.3703703703704,0.0,5,5,0,0,5,5,1362,0,0,0,0,0
2020-08-09,US,Texas,Sutton,62,1,0,30.49856623,-100.5382014,48435.0,1641.949152542373,1.6129032258064515,61,62,1,0,61,61,3758,0,0,0,0,1
2020-08-09,US,Texas,Swisher,80,2,0,34.53028891,-101.7349174,48437.0,1081.5195349466,2.5,78,80,2,0,78,80,7462,0,0,0,0,0
2020-08-09,US,Texas,Tarrant,31687,447,0,32.77143818,-97.29101614,48439.0,1507.099830441162,1.410673146716319,31240,30922,445,0,30477,30650,2084931,765,2,0,763,272
2020-08-09,US,Texas,Taylor,1126,23,0,32.30163422,-99.89007449,48441.0,815.7410493066925,2.0426287744227354,1103,1126,23,0,1103,1117,137640,0,0,0,0,9
2020-08-09,US,Texas,Terrell,2,0,0,30.22429013,-102.0766732,48443.0,257.73195876288656,0.0,2,2,0,0,2,2,823,0,0,0,0,0
2020-08-09,US,Texas,Terry,143,2,0,33.17402785,-102.3354521,48445.0,1159.1148577449949,1.3986013986013983,141,143,2,0,141,137,12287,0,0,0,0,6
2020-08-09,US,Texas,Throckmorton,4,2,0,33.17751417,-99.21226795,48447.0,266.4890073284477,50.0,2,4,2,0,2,4,1515,0,0,0,0,0
2020-08-09,US,Texas,Titus,1289,15,0,33.21339719,-94.96797273,48449.0,3935.877862595421,1.1636927851047325,1274,1289,15,0,1274,1289,33033,0,0,0,0,0
2020-08-09,US,Texas,Tom Green,2632,26,0,31.40464436,-100.462443,48451.0,2208.053691275168,0.9878419452887538,2606,2628,26,0,2602,2604,118189,4,0,0,4,24
2020-08-09,US,Texas,Travis,22724,298,0,30.33432034,-97.7853562,48453.0,1783.7378743659506,1.311388839992959,22426,22602,298,0,22304,22480,1248743,122,0,0,122,122
2020-08-09,US,Texas,Trinity,156,4,0,31.0879489,-95.1367187,48455.0,1064.773735581189,2.5641025641025643,152,156,4,0,152,156,14740,0,0,0,0,0
2020-08-09,US,Texas,Tyler,116,2,0,30.77031716,-94.37690895,48457.0,535.2528608342562,1.7241379310344829,114,116,2,0,114,116,21696,0,0,0,0,0
2020-08-09,US,Texas,Unassigned,0,239,0,0.0,0.0,90048.0,0.0,0.0,-239,0,239,0,-239,0,,0,0,0,0,0
2020-08-09,US,Texas,Upshur,221,2,0,32.73706798,-94.93999853,48459.0,529.3032835963883,0.9049773755656108,219,220,2,0,218,212,41260,1,0,0,1,8
2020-08-09,US,Texas,Upton,16,1,0,31.36868194,-102.0423217,48461.0,437.5170905113481,6.25,15,16,1,0,15,16,3671,0,0,0,0,0
2020-08-09,US,Texas,Uvalde,543,10,0,29.35739637,-99.76229172,48463.0,2030.5897311244903,1.8416206261510129,533,536,10,0,526,526,26846,7,0,0,7,10
2020-08-09,US,Texas,Val Verde,1693,49,0,29.89149232,-101.1525205,48465.0,3453.340132585416,2.8942705256940333,1644,1693,49,0,1644,1666,49208,0,0,0,0,27
2020-08-09,US,Texas,Van Zandt,375,3,0,32.56483801,-95.83766469,48467.0,662.661247570242,0.8,372,375,3,0,372,375,56019,0,0,0,0,0
2020-08-09,US,Texas,Victoria,3448,42,0,28.79780988,-96.96813006,48469.0,3744.407280309282,1.2180974477958235,3406,3448,41,0,3407,3436,92035,0,1,0,-1,12
2020-08-09,US,Texas,Walker,3005,41,0,30.73872995,-95.57440968,48471.0,4118.074303490428,1.3643926788685523,2964,2902,41,0,2861,2874,72480,103,0,0,103,28
2020-08-09,US,Texas,Waller,444,5,0,30.01058447,-95.99011759,48473.0,803.6780943416718,1.1261261261261262,439,443,5,0,438,441,53126,1,0,0,1,2
2020-08-09,US,Texas,Ward,89,1,0,31.50999644,-103.0927909,48475.0,741.7902983830638,1.1235955056179776,88,89,1,0,88,89,11720,0,0,0,0,0
2020-08-09,US,Texas,Washington,515,39,0,30.21498498,-96.40946246,48477.0,1435.2600189510058,7.572815533980582,476,515,39,0,476,499,35108,0,0,0,0,16
2020-08-09,US,Texas,Webb,7888,169,0,27.7610369,-99.33237355,48479.0,2851.235487182453,2.142494929006085,7719,7825,163,0,7662,7540,275910,63,6,0,57,285
2020-08-09,US,Texas,Wharton,711,25,0,29.27765923,-96.22319248,48481.0,1710.9442679757435,3.516174402250352,686,704,25,0,679,690,41619,7,0,0,7,14
2020-08-09,US,Texas,Wheeler,33,0,0,35.40114335,-100.2699514,48483.0,652.6898734177215,0.0,33,33,0,0,33,33,5191,0,0,0,0,0
2020-08-09,US,Texas,Wichita,1001,11,0,33.98842886,-98.7041034,48485.0,757.0142932768657,1.0989010989010992,990,1001,11,0,990,983,132064,0,0,0,0,18
2020-08-09,US,Texas,Wilbarger,69,1,0,34.07945812,-99.24178437,48487.0,540.3712115279192,1.4492753623188406,68,69,1,0,68,64,12820,0,0,0,0,5
2020-08-09,US,Texas,Willacy,693,29,0,26.47411727,-97.61535848,48489.0,3244.685832006741,4.1847041847041835,664,691,29,0,662,682,21515,2,0,0,2,9
2020-08-09,US,Texas,Williamson,6245,93,0,30.64655664,-97.6004854,48491.0,1057.4869909626773,1.489191353082466,6152,6245,91,0,6154,6245,566719,0,2,0,-2,0
2020-08-09,US,Texas,Wilson,439,19,0,29.1732598,-98.08693082,48493.0,859.6044644605445,4.328018223234624,420,439,19,0,420,434,50224,0,0,0,0,5
2020-08-09,US,Texas,Winkler,84,1,0,31.85008651,-103.0485163,48495.0,1048.689138576779,1.1904761904761905,83,84,1,0,83,80,7720,0,0,0,0,4
2020-08-09,US,Texas,Wise,409,7,0,33.21570665,-97.65460265,48497.0,584.4192958390488,1.7114914425427872,402,409,6,0,403,390,68305,0,1,0,-1,19
2020-08-09,US,Texas,Wood,316,7,0,32.78722382,-95.38236368,48499.0,693.9107138935858,2.2151898734177213,309,316,7,0,309,316,45129,0,0,0,0,0
2020-08-09,US,Texas,Yoakum,102,3,0,33.17320212,-102.8276433,48501.0,1170.664524274073,2.9411764705882355,99,102,3,0,99,100,8591,0,0,0,0,2
2020-08-09,US,Texas,Young,169,5,0,33.17659707,-98.68790885,48503.0,938.3675735702388,2.9585798816568047,164,169,4,0,165,160,18045,0,1,0,-1,9
2020-08-09,US,Texas,Zapata,172,2,0,27.00156391,-99.16987152,48505.0,1213.0615699273576,1.162790697674419,170,172,2,0,170,170,14190,0,0,0,0,2
2020-08-09,US,Texas,Zavala,210,5,0,28.86617238,-99.76050829,48507.0,1773.6486486486488,2.380952380952381,205,210,5,0,205,205,11983,0,0,0,0,5
2020-08-09,US,Utah,Bear River,2303,7,0,41.52106798,-113.0832816,0.0,1232.7505914847607,0.30395136778115506,2296,2291,6,0,2285,2275,,12,1,0,11,16
2020-08-09,US,Utah,Central Utah,426,2,0,39.37231946,-111.5758676,0.0,519.8037923713301,0.4694835680751174,424,420,2,0,418,415,,6,0,0,6,5
2020-08-09,US,Utah,Davis,3224,21,0,40.99001837,-112.1139997,49011.0,906.9401740177393,0.6513647642679901,3203,3194,21,0,3173,3156,351713,30,0,0,30,38
2020-08-09,US,Utah,Salt Lake,20628,189,0,40.66616532,-111.9216011,49035.0,1777.6061949076081,0.9162303664921466,20439,20446,189,0,20257,20287,1152633,182,0,0,182,159
2020-08-09,US,Utah,San Juan,648,25,0,37.62762978,-109.80337140000002,49037.0,4233.080742095636,3.858024691358025,623,648,25,0,623,648,15449,0,0,0,0,0
2020-08-09,US,Utah,Southeast Utah,112,0,0,38.99617072,-110.7013958,0.0,278.40612493474856,0.0,112,110,0,0,110,106,,2,0,0,2,4
2020-08-09,US,Utah,Southwest Utah,3210,25,0,37.85447192,-111.4418764,0.0,1273.5972575999238,0.778816199376947,3185,3191,25,0,3166,3167,,19,0,0,19,24
2020-08-09,US,Utah,Summit,710,1,0,40.86688146,-110.9535882,49043.0,1684.6601020287105,0.14084507042253522,709,706,1,0,705,706,41933,4,0,0,4,0
2020-08-09,US,Utah,Tooele,581,0,0,40.44862644,-113.1295715,49045.0,804.0520903970439,0.0,581,579,0,0,579,579,69907,2,0,0,2,0
2020-08-09,US,Utah,TriCounty,179,0,0,40.12491499,-109.5174415,0.0,316.1315389777825,0.0,179,178,0,0,178,175,,1,0,0,1,3
2020-08-09,US,Utah,Utah,8719,37,0,40.1166722,-111.6657662,49049.0,1370.4055891298026,0.4243605918109875,8682,8630,37,0,8593,8536,622213,89,0,0,89,94
2020-08-09,US,Utah,Wasatch,563,4,0,40.33110236,-111.1691419,49051.0,1651.4622627672993,0.7104795737122558,559,558,4,0,554,552,33240,5,0,0,5,6
2020-08-09,US,Utah,Weber-Morgan,2824,25,0,41.27116049,-111.9145117,0.0,1036.9505428935474,0.8852691218130312,2799,2800,25,0,2775,2773,,24,0,0,24,27
2020-08-09,US,Vermont,Addison,73,2,0,44.03217337,-73.14130877,50001.0,198.493623732224,2.7397260273972597,71,73,2,0,71,73,36973,0,0,0,0,0
2020-08-09,US,Vermont,Bennington,87,1,0,43.03519828,-73.09048868,50003.0,245.27769946433602,1.1494252873563218,86,85,1,0,84,85,35631,2,0,0,2,0
2020-08-09,US,Vermont,Caledonia,28,0,0,44.46548598,-72.10314651,50005.0,93.35511619377856,0.0,28,26,0,0,26,26,30302,2,0,0,2,0
2020-08-09,US,Vermont,Chittenden,729,39,0,44.46322849,-73.08359212,50007.0,445.125599912074,5.349794238683128,690,728,39,0,689,724,164572,1,0,0,1,4
2020-08-09,US,Vermont,Essex,6,0,0,44.72736416,-71.73579864,50009.0,97.35518416355671,0.0,6,6,0,0,6,4,6250,0,0,0,0,2
2020-08-09,US,Vermont,Franklin,118,7,0,44.85627605,-72.91249563,50011.0,238.85672644832192,5.932203389830509,111,118,7,0,111,118,49421,0,0,0,0,0
2020-08-09,US,Vermont,Grand Isle,13,0,0,44.797582399999996,-73.29679772,50013.0,179.68210089841045,0.0,13,13,0,0,13,13,7090,0,0,0,0,0
2020-08-09,US,Vermont,Lamoille,43,1,0,44.60353043,-72.64356694,50015.0,169.5449885655706,2.3255813953488373,42,43,1,0,42,43,25300,0,0,0,0,0
2020-08-09,US,Vermont,Orange,14,0,0,44.00470222,-72.37640104,50017.0,48.45632008860584,0.0,14,14,0,0,14,14,28999,0,0,0,0,0
2020-08-09,US,Vermont,Orleans,14,0,0,44.82964024,-72.24562697,50019.0,51.78089285053815,0.0,14,14,0,0,14,14,26907,0,0,0,0,0
2020-08-09,US,Vermont,Rutland,99,1,0,43.57723578,-73.03741676,50021.0,170.12940145383303,1.0101010101010102,98,99,1,0,98,99,58672,0,0,0,0,0
2020-08-09,US,Vermont,Unassigned,8,0,0,0.0,0.0,90050.0,0.0,0.0,8,8,0,0,8,8,,0,0,0,0,0
2020-08-09,US,Vermont,Washington,53,2,0,44.27343241,-72.61604978,50023.0,90.73944083959664,3.7735849056603774,51,53,2,0,51,53,58140,0,0,0,0,0
2020-08-09,US,Vermont,Windham,102,3,0,42.986982,-72.71268875,50025.0,241.58021884325703,2.9411764705882355,99,102,3,0,99,102,42756,0,0,0,0,0
2020-08-09,US,Vermont,Windsor,72,2,0,43.58010937,-72.58595157,50027.0,130.76168682576005,2.7777777777777777,70,72,2,0,70,72,55286,0,0,0,0,0
2020-08-09,US,Virginia,Accomack,1100,16,0,37.76707161,-75.63234615,51001.0,3403.8866196311424,1.4545454545454546,1084,1095,16,0,1079,1087,32412,5,0,0,5,8
2020-08-09,US,Virginia,Albemarle,838,16,0,38.02080697,-78.55481085,51003.0,766.486783133632,1.9093078758949882,822,833,16,0,817,817,108718,5,0,0,5,16
2020-08-09,US,Virginia,Alexandria,2964,60,0,38.814003,-77.08183073,51510.0,1859.1464485535791,2.0242914979757085,2904,2949,60,0,2889,2917,160530,15,0,0,15,32
2020-08-09,US,Virginia,Alleghany,62,4,0,37.78636074,-80.00222498,51005.0,417.227456258412,6.451612903225807,58,62,4,0,58,61,14910,0,0,0,0,1
2020-08-09,US,Virginia,Amelia,79,2,0,37.34081025,-77.98584649,51007.0,600.988969189806,2.5316455696202533,77,79,2,0,77,78,13013,0,0,0,0,1
2020-08-09,US,Virginia,Amherst,175,0,0,37.60308293,-79.14548696,51009.0,553.7098560354374,0.0,175,165,0,0,165,154,31666,10,0,0,10,11
2020-08-09,US,Virginia,Appomattox,85,0,0,37.37569884,-78.81340003,51011.0,534.2216076927912,0.0,85,84,0,0,84,83,15841,1,0,0,1,1
2020-08-09,US,Virginia,Arlington,3077,135,0,38.8767675,-77.10139853,51013.0,1299.17835519038,4.387390315242119,2942,3062,135,0,2927,3037,237521,15,0,0,15,25
2020-08-09,US,Virginia,Augusta,276,4,0,38.16404586,-79.12461614,51015.0,365.2822996903041,1.4492753623188406,272,275,4,0,271,264,75457,1,0,0,1,11
2020-08-09,US,Virginia,Bath,4,0,0,38.05852573,-79.73912095,51017.0,96.45526886906195,0.0,4,4,0,0,4,4,4292,0,0,0,0,0
2020-08-09,US,Virginia,Bedford,359,7,0,37.3080028,-79.5281964,51019.0,454.4476372520476,1.9498607242339836,352,347,7,0,340,341,78747,12,0,0,12,6
2020-08-09,US,Virginia,Bland,19,0,0,37.13128068,-81.13599391,51021.0,302.54777070063693,0.0,19,11,0,0,11,11,6293,8,0,0,8,0
2020-08-09,US,Virginia,Botetourt,214,7,0,37.55531756,-79.80982182,51023.0,640.3542894760466,3.2710280373831777,207,212,7,0,205,210,33277,2,0,0,2,2
2020-08-09,US,Virginia,Bristol,78,0,0,36.616302399999995,-82.16359122,51520.0,465.33826512349367,0.0,78,77,0,0,77,76,16482,1,0,0,1,1
2020-08-09,US,Virginia,Brunswick,228,2,0,36.76366949,-77.8593436,51025.0,1404.7193641796564,0.8771929824561403,226,227,2,0,225,226,16384,1,0,0,1,1
2020-08-09,US,Virginia,Buchanan,80,0,0,37.26818323,-82.03749726,51027.0,380.87983241287367,0.0,80,77,0,0,77,78,21221,3,0,0,3,-1
2020-08-09,US,Virginia,Buckingham,605,8,0,37.57242268,-78.52518834,51029.0,3528.108234196408,1.3223140495867771,597,605,8,0,597,601,16999,0,0,0,0,4
2020-08-09,US,Virginia,Buena Vista,50,1,0,37.73484642,-79.35296097,51530.0,771.8431614695894,2.0,49,50,1,0,49,50,6237,0,0,0,0,0
2020-08-09,US,Virginia,Campbell,213,2,0,37.20553386,-79.09678609,51031.0,388.0841760043728,0.9389671361502347,211,206,2,0,204,190,54973,7,0,0,7,16
2020-08-09,US,Virginia,Caroline,208,5,0,38.02679129,-77.34901405,51033.0,676.973148901546,2.4038461538461537,203,206,5,0,201,200,30772,2,0,0,2,6
2020-08-09,US,Virginia,Carroll,334,13,0,36.73066666,-80.73455942,51035.0,1121.143969655265,3.8922155688622753,321,327,13,0,314,321,29636,7,0,0,7,6
2020-08-09,US,Virginia,Charles City,52,5,0,37.35358063,-77.05634116,51036.0,746.8045382737323,9.615384615384617,47,52,5,0,47,51,6941,0,0,0,0,1
2020-08-09,US,Virginia,Charlotte,53,0,0,37.01909701,-78.66314092,51037.0,446.1279461279461,0.0,53,53,0,0,53,52,11938,0,0,0,0,1
2020-08-09,US,Virginia,Charlottesville,542,15,0,38.03527919,-78.48569588,51540.0,1146.7016460034695,2.7675276752767526,527,537,15,0,522,520,48117,5,0,0,5,17
2020-08-09,US,Virginia,Chesapeake,2912,37,0,36.67670048,-76.30545744,51550.0,1189.3724344967018,1.2706043956043955,2875,2872,37,0,2835,2828,242634,40,0,0,40,44
2020-08-09,US,Virginia,Chesterfield,4362,80,0,37.37373208,-77.58680140000001,51041.0,1236.3875488234196,1.8340210912425488,4282,4350,80,0,4270,4283,348556,12,0,0,12,67
2020-08-09,US,Virginia,Clarke,71,0,0,39.11271747,-77.99199425,51043.0,485.66933442779936,0.0,71,71,0,0,71,70,14523,0,0,0,0,1
2020-08-09,US,Virginia,Colonial Heights,197,21,0,37.26420587,-77.39609676,51570.0,1134.139320667818,10.659898477157359,176,197,21,0,176,195,17833,0,0,0,0,2
2020-08-09,US,Virginia,Covington,13,0,0,37.7824656,-79.98631446,51580.0,234.74178403755863,0.0,13,13,0,0,13,13,5460,0,0,0,0,0
2020-08-09,US,Virginia,Craig,17,0,0,37.48133648,-80.21072274,51045.0,331.319430910154,0.0,17,17,0,0,17,17,5064,0,0,0,0,0
2020-08-09,US,Virginia,Culpeper,1005,12,0,38.48199985,-77.95630870000002,51047.0,1910.4647847162807,1.1940298507462686,993,996,12,0,984,988,51859,9,0,0,9,8
2020-08-09,US,Virginia,Cumberland,76,0,0,37.51328851,-78.24398086,51049.0,765.2033830044303,0.0,76,76,0,0,76,75,9809,0,0,0,0,1
2020-08-09,US,Virginia,Danville,405,7,0,36.58022376,-79.40395668,51590.0,1011.3874737788433,1.728395061728395,398,395,7,0,388,386,40693,10,0,0,10,9
2020-08-09,US,Virginia,Dickenson,41,1,0,37.12560977,-82.35124171,51051.0,286.3528425757788,2.4390243902439024,40,40,1,0,39,38,14523,1,0,0,1,2
2020-08-09,US,Virginia,Dinwiddie,219,7,0,37.07544585,-77.63451754,51053.0,767.2365470852018,3.1963470319634704,212,217,7,0,210,212,28529,2,0,0,2,5
2020-08-09,US,Virginia,Emporia,175,15,0,36.69455571,-77.53406129,51595.0,3273.475495697718,8.571428571428571,160,174,15,0,159,174,5121,1,0,0,1,0
2020-08-09,US,Virginia,Essex,102,1,0,37.93357639,-76.94230311,51057.0,931.2517118597644,0.9803921568627452,101,99,1,0,98,94,10919,3,0,0,3,5
2020-08-09,US,Virginia,Fairfax,16376,529,0,38.83677558,-77.27565836,51059.0,1427.062600432929,3.230337078651685,15847,16302,529,0,15773,16241,1150795,74,0,0,74,61
2020-08-09,US,Virginia,Fairfax,16376,529,0,38.83677558,-77.27565836,51059.0,1427.062600432929,3.230337078651685,15847,16302,529,0,15773,16241,24574,74,0,0,74,61
2020-08-09,US,Virginia,Fairfax City,88,7,0,38.85157547,-77.29779640000002,51600.0,366.376618510346,7.954545454545454,81,85,7,0,78,84,24574,3,0,0,3,1
2020-08-09,US,Virginia,Falls Church,60,6,0,38.88485255,-77.17560759,51610.0,410.4809468427173,10.0,54,60,6,0,54,60,14772,0,0,0,0,0
2020-08-09,US,Virginia,Fauquier,616,9,0,38.73564842,-77.80647472,51061.0,864.9012945438208,1.4610389610389611,607,614,9,0,605,606,70675,2,0,0,2,8
2020-08-09,US,Virginia,Floyd,75,2,0,36.9302126,-80.36738849,51063.0,476.22071242618586,2.6666666666666665,73,57,2,0,55,51,15795,18,0,0,18,6
2020-08-09,US,Virginia,Fluvanna,192,9,0,37.84157909,-78.27715475,51065.0,704.070407040704,4.6875,183,188,9,0,179,184,26783,4,0,0,4,4
2020-08-09,US,Virginia,Franklin,172,1,0,36.99536167,-79.88023649,51067.0,306.91267263837835,0.5813953488372093,171,168,1,0,167,168,56195,4,0,0,4,0
2020-08-09,US,Virginia,Franklin,172,1,0,36.99536167,-79.88023649,51067.0,306.91267263837835,0.5813953488372093,171,168,1,0,167,168,8013,4,0,0,4,0
2020-08-09,US,Virginia,Franklin City,181,6,0,36.6831435,-76.93859681,51620.0,2271.8714698129784,3.3149171270718236,175,178,6,0,172,174,8013,3,0,0,3,4
2020-08-09,US,Virginia,Frederick,681,9,0,39.20172582,-78.25974949,51069.0,762.4869839776967,1.3215859030837005,672,680,9,0,671,680,88355,1,0,0,1,0
2020-08-09,US,Virginia,Fredericksburg,403,4,0,38.2977863,-77.4922454,51630.0,1387.9322220691556,0.9925558312655088,399,400,3,0,397,396,29144,3,1,0,2,4
2020-08-09,US,Virginia,Galax,347,24,0,36.66601852,-80.91703124,51640.0,5467.149834567512,6.916426512968299,323,346,24,0,322,348,6423,1,0,0,1,-2
2020-08-09,US,Virginia,Giles,24,0,0,37.31234791,-80.70636931,51071.0,143.54066985645932,0.0,24,23,0,0,23,23,16844,1,0,0,1,0
2020-08-09,US,Virginia,Gloucester,160,2,0,37.40809042,-76.53524337,51073.0,428.4031273428296,1.25,158,156,2,0,154,152,37349,4,0,0,4,4
2020-08-09,US,Virginia,Goochland,163,7,0,37.71714806,-77.90381514,51075.0,686.2291079021597,4.294478527607362,156,161,7,0,154,159,23244,2,0,0,2,2
2020-08-09,US,Virginia,Grayson,157,5,0,36.65677234,-81.23215889,51077.0,1009.6463022508037,3.1847133757961785,152,152,5,0,147,148,15631,5,0,0,5,4
2020-08-09,US,Virginia,Greene,163,2,0,38.29545894,-78.46525378,51079.0,822.4431101468288,1.2269938650306749,161,154,2,0,152,153,19779,9,0,0,9,1
2020-08-09,US,Virginia,Greensville,482,11,0,36.67878901,-77.56351439,51081.0,4251.940719830628,2.282157676348548,471,463,11,0,452,452,11627,19,0,0,19,11
2020-08-09,US,Virginia,Halifax,155,1,0,36.76654925,-78.93512622,51083.0,457.0788239804193,0.6451612903225806,154,153,1,0,152,152,34120,2,0,0,2,1
2020-08-09,US,Virginia,Hampton,1228,7,0,37.03513786,-76.35879121,51650.0,912.9432755928927,0.5700325732899023,1221,1210,7,0,1203,1173,134313,18,0,0,18,37
2020-08-09,US,Virginia,Hanover,644,32,0,37.7583355,-77.49464673,51085.0,597.5910769630494,4.9689440993788825,612,641,32,0,609,637,107239,3,0,0,3,4
2020-08-09,US,Virginia,Harrisonburg,1077,31,0,38.43542574,-78.87536254,51660.0,2031.4622000905385,2.8783658310120708,1046,1076,31,0,1045,1075,54033,1,0,0,1,1
2020-08-09,US,Virginia,Henrico,3871,185,0,37.53460572,-77.39326555,51087.0,1170.1297994667764,4.779126840609662,3686,3839,184,0,3655,3811,329261,32,1,0,31,28
2020-08-09,US,Virginia,Henry,588,7,0,36.68542395,-79.87634026,51089.0,1163.0436932571158,1.1904761904761905,581,579,7,0,572,573,50953,9,0,0,9,6
2020-08-09,US,Virginia,Highland,6,0,0,38.35799465,-79.56124594,51091.0,273.97260273972597,0.0,6,6,0,0,6,6,2210,0,0,0,0,0
2020-08-09,US,Virginia,Hopewell,272,5,0,37.29186313,-77.29754684,51670.0,1207.332771095033,1.8382352941176472,267,269,5,0,264,265,22596,3,0,0,3,4
2020-08-09,US,Virginia,Isle of Wight,387,9,0,36.90579348,-76.70842863,51093.0,1042.8736964078794,2.3255813953488373,378,383,9,0,374,378,36953,4,0,0,4,5
2020-08-09,US,Virginia,James City,608,16,0,37.31156958,-76.76950618,51095.0,794.5323628190217,2.631578947368421,592,602,16,0,586,596,76397,6,0,0,6,6
2020-08-09,US,Virginia,King George,144,4,0,38.26818502,-77.15852768,51099.0,536.5926367565957,2.7777777777777777,140,141,4,0,137,137,26575,3,0,0,3,4
2020-08-09,US,Virginia,King William,87,2,0,37.70965316,-77.09384941,51101.0,507.34779566130163,2.2988505747126435,85,87,2,0,85,83,16939,0,0,0,0,4
2020-08-09,US,Virginia,King and Queen,42,1,0,37.71044922,-76.88689628,51097.0,597.8647686832742,2.380952380952381,41,39,1,0,38,39,7042,3,0,0,3,0
2020-08-09,US,Virginia,Lancaster,37,0,0,37.71889653,-76.46400482,51103.0,348.95784212015474,0.0,37,36,0,0,36,35,10783,1,0,0,1,1
2020-08-09,US,Virginia,Lee,115,1,0,36.70586667,-83.12606515,51105.0,490.9704136959398,0.8695652173913043,114,114,1,0,113,110,23541,1,0,0,1,4
2020-08-09,US,Virginia,Lexington,33,0,0,37.78258621,-79.44262866,51678.0,443.19097502014506,0.0,33,33,0,0,33,33,7136,0,0,0,0,0
2020-08-09,US,Virginia,Loudoun,5280,115,0,39.08990083,-77.63481877,51107.0,1276.7871392713607,2.178030303030303,5165,5254,115,0,5139,5196,406850,26,0,0,26,58
2020-08-09,US,Virginia,Louisa,182,2,0,37.97850256,-77.96274807,51109.0,484.1584421803091,1.0989010989010992,180,182,2,0,180,181,36778,0,0,0,0,1
2020-08-09,US,Virginia,Lunenburg,62,1,0,36.94618528,-78.24133319,51111.0,508.36339783535584,1.6129032258064515,61,62,1,0,61,60,12086,0,0,0,0,2
2020-08-09,US,Virginia,Lynchburg,617,5,0,37.40021399,-79.19888138,51680.0,750.9005939051697,0.8103727714748784,612,591,5,0,586,553,82126,26,0,0,26,38
2020-08-09,US,Virginia,Madison,69,1,0,38.41531222,-78.28220331,51113.0,520.3227509237614,1.4492753623188406,68,68,1,0,67,66,13295,1,0,0,1,2
2020-08-09,US,Virginia,Manassas,1653,22,0,38.7464321,-77.48509905,51683.0,4023.3661920408913,1.3309134906231097,1631,1643,22,0,1621,1636,41641,10,0,0,10,7
2020-08-09,US,Virginia,Manassas Park,516,7,0,38.77058531,-77.44399307,51685.0,2952.2828698935805,1.3565891472868217,509,513,7,0,506,507,17307,3,0,0,3,6
2020-08-09,US,Virginia,Martinsville,209,3,0,36.68212094,-79.86352771,51690.0,1664.8080293133664,1.4354066985645932,206,202,3,0,199,196,12902,7,0,0,7,6
2020-08-09,US,Virginia,Mathews,18,0,0,37.44164146,-76.34098896,51115.0,203.75820692777904,0.0,18,18,0,0,18,17,8802,0,0,0,0,1
2020-08-09,US,Virginia,Mecklenburg,444,32,0,36.67882005,-78.36131056,51117.0,1451.5970837283814,7.207207207207206,412,440,32,0,408,385,30650,4,0,0,4,55
2020-08-09,US,Virginia,Middlesex,41,1,0,37.63191998,-76.55064617,51119.0,387.4503874503873,2.4390243902439024,40,37,1,0,36,34,10769,4,0,0,4,3
2020-08-09,US,Virginia,Montgomery,305,3,0,37.17746986,-80.37868691,51121.0,309.53468310752527,0.9836065573770492,302,301,3,0,298,301,98985,4,0,0,4,0
2020-08-09,US,Virginia,Nelson,48,0,0,37.78790447,-78.88498513,51125.0,321.50033489618215,0.0,48,45,0,0,45,39,14836,3,0,0,3,6
2020-08-09,US,Virginia,New Kent,128,1,0,37.50694406,-76.99828634,51127.0,554.3285262656447,0.78125,127,127,1,0,126,124,22391,1,0,0,1,3
2020-08-09,US,Virginia,Newport News,1827,18,0,37.08166899,-76.51754109,51700.0,1019.3890361277723,0.9852216748768472,1809,1816,18,0,1798,1788,178626,11,0,0,11,28
2020-08-09,US,Virginia,Norfolk,3703,31,0,36.89934014,-76.26420872,51710.0,1525.4879666477163,0.8371590602214419,3672,3700,30,0,3670,3629,244076,3,1,0,2,71
2020-08-09,US,Virginia,Northampton,296,29,0,37.34062933,-75.87751591,51131.0,2527.754056362084,9.797297297297296,267,296,29,0,267,295,11735,0,0,0,0,1
2020-08-09,US,Virginia,Northumberland,72,2,0,37.89202088,-76.41949732,51133.0,595.2873088052912,2.7777777777777777,70,71,2,0,69,70,12147,1,0,0,1,1
2020-08-09,US,Virginia,Norton,18,0,0,36.93357076,-82.62750411,51720.0,452.14770158251696,0.0,18,18,0,0,18,18,3968,0,0,0,0,0
2020-08-09,US,Virginia,Nottoway,182,13,0,37.1435975,-78.05065922,51135.0,1194.8529411764705,7.142857142857142,169,182,13,0,169,181,15420,0,0,0,0,1
2020-08-09,US,Virginia,Orange,231,3,0,38.24530219,-78.01560400000002,51137.0,623.4649537124504,1.2987012987012987,228,231,3,0,228,226,36644,0,0,0,0,5
2020-08-09,US,Virginia,Page,345,25,0,38.61807452,-78.48797204,51139.0,1443.3938582545393,7.246376811594202,320,343,24,0,319,337,23933,2,1,0,1,6
2020-08-09,US,Virginia,Patrick,157,4,0,36.680163799999995,-80.2865648,51141.0,891.6401635620172,2.5477707006369426,153,154,4,0,150,134,17673,3,0,0,3,20
2020-08-09,US,Virginia,Petersburg,515,19,0,37.20530399,-77.39368102,51730.0,1642.952848848338,3.6893203883495143,496,507,19,0,488,506,31567,8,0,0,8,1
2020-08-09,US,Virginia,Pittsylvania,487,2,0,36.81980341,-79.39731264,51143.0,806.9059217284688,0.4106776180698152,485,424,2,0,422,418,60949,63,0,0,63,6
2020-08-09,US,Virginia,Poquoson,44,0,0,37.14259351,-76.35798148,51735.0,358.5689837829028,0.0,44,43,0,0,43,43,12190,1,0,0,1,0
2020-08-09,US,Virginia,Portsmouth,1759,25,0,36.85914825,-76.35971629,51740.0,1863.3869361639013,1.421262080727686,1734,1758,25,0,1733,1726,94632,1,0,0,1,32
2020-08-09,US,Virginia,Powhatan,147,4,0,37.55016038,-77.91267882,51145.0,495.7507082152975,2.7210884353741496,143,144,4,0,140,141,29189,3,0,0,3,3
2020-08-09,US,Virginia,Prince Edward,410,10,0,37.22554789,-78.43597949,51147.0,1798.0878870274537,2.4390243902439024,400,411,10,0,401,397,22950,-1,0,0,-1,14
2020-08-09,US,Virginia,Prince George,384,2,0,37.18497668,-77.22922187,51149.0,1001.2254582431624,0.5208333333333334,382,380,2,0,378,377,38082,4,0,0,4,3
2020-08-09,US,Virginia,Prince William,9488,176,0,38.70916224,-77.48713689,51153.0,2017.2855517875562,1.8549747048903882,9312,9428,176,0,9252,9340,468011,60,0,0,60,88
2020-08-09,US,Virginia,Pulaski,89,3,0,37.06474963,-80.71229738,51155.0,261.5569988538513,3.3707865168539324,86,88,3,0,85,84,34066,1,0,0,1,4
2020-08-09,US,Virginia,Radford,53,0,0,37.12222899,-80.56027320000003,51750.0,290.42687270535373,0.0,53,51,0,0,51,48,18339,2,0,0,2,3
2020-08-09,US,Virginia,Rappahannock,43,2,0,38.68295619,-78.15826963,51157.0,583.4464043419267,4.651162790697675,41,42,2,0,40,41,7252,1,0,0,1,1
2020-08-09,US,Virginia,Richmond,317,4,0,37.937575,-76.72920628,51159.0,3513.243932173335,1.2618296529968454,313,319,5,0,314,318,9038,-2,-1,0,-1,1
2020-08-09,US,Virginia,Richmond City,3165,41,0,37.53255773,-77.47966921,51760.0,1373.4833098994948,1.2954186413902051,3124,3132,41,0,3091,3112,228783,33,0,0,33,20
2020-08-09,US,Virginia,Roanoke,496,4,0,37.26865804,-80.06396753,51161.0,526.6175440086637,0.8064516129032258,492,493,4,0,489,495,94073,3,0,0,3,-2
2020-08-09,US,Virginia,Roanoke City,1017,15,0,37.27791025,-79.96189766,51770.0,1025.7910291195547,1.4749262536873156,1002,1009,15,0,994,1000,99920,8,0,0,8,9
2020-08-09,US,Virginia,Rockbridge,67,1,0,37.81204314,-79.44605905,51163.0,296.8147787179374,1.492537313432836,66,67,1,0,66,66,22752,0,0,0,0,1
2020-08-09,US,Virginia,Rockingham,938,19,0,38.51006137,-78.87260325,51165.0,1144.6283008737248,2.025586353944563,919,938,19,0,919,933,81244,0,0,0,0,5
2020-08-09,US,Virginia,Russell,115,2,0,36.93028320000001,-82.10095486,51167.0,432.55848943052735,1.7391304347826086,113,112,2,0,110,101,26748,3,0,0,3,11
2020-08-09,US,Virginia,Salem,161,3,0,37.2836193,-80.06219455,51775.0,636.3384846448757,1.8633540372670807,158,161,3,0,158,157,25643,0,0,0,0,4
2020-08-09,US,Virginia,Scott,91,3,0,36.71466456,-82.60171704,51169.0,421.96049336919225,3.2967032967032965,88,90,3,0,87,85,21534,1,0,0,1,5
2020-08-09,US,Virginia,Shenandoah,717,44,0,38.85905135,-78.56813762,51171.0,1643.8921496698458,6.136680613668061,673,700,44,0,656,690,43497,17,0,0,17,10
2020-08-09,US,Virginia,Smyth,148,3,0,36.84455636,-81.53344948,51173.0,491.62901939941537,2.0270270270270268,145,146,3,0,143,140,30472,2,0,0,2,6
2020-08-09,US,Virginia,Southampton,267,13,0,36.72231125,-77.10642712,51175.0,1514.3780840564914,4.868913857677903,254,264,13,0,251,257,17586,3,0,0,3,7
2020-08-09,US,Virginia,Spotsylvania,1486,35,0,38.18574462,-77.655399,51177.0,1090.9224387916163,2.3553162853297445,1451,1471,35,0,1436,1449,134238,15,0,0,15,22
2020-08-09,US,Virginia,Stafford,1374,9,0,38.41758738,-77.45917053,51179.0,898.7323556730028,0.6550218340611353,1365,1366,8,0,1358,1350,149960,8,1,0,7,16
2020-08-09,US,Virginia,Staunton,151,0,0,38.15965544,-79.05979937,51790.0,605.6473608214343,0.0,151,151,0,0,151,147,24922,0,0,0,0,4
2020-08-09,US,Virginia,Suffolk,1282,50,0,36.70155394,-76.63603554,51800.0,1391.8443566248318,3.9001560062402496,1232,1258,50,0,1208,1231,91185,24,0,0,24,27
2020-08-09,US,Virginia,Surry,52,2,0,37.11781893,-76.88450012,51181.0,809.7165991902832,3.8461538461538463,50,49,2,0,47,47,6474,3,0,0,3,2
2020-08-09,US,Virginia,Sussex,302,9,0,36.92432914,-77.25791182,51183.0,2706.33569316247,2.9801324503311264,293,297,9,0,288,290,11237,5,0,0,5,7
2020-08-09,US,Virginia,Tazewell,117,0,0,37.12191123,-81.56685568,51185.0,288.2128340928686,0.0,117,117,0,0,117,116,40855,0,0,0,0,1
2020-08-09,US,Virginia,Virginia Beach,4973,54,0,36.73285734,-76.04566934,51810.0,1105.1749656646828,1.085863663784436,4919,4895,54,0,4841,4781,450189,78,0,0,78,114
2020-08-09,US,Virginia,Warren,355,6,0,38.90847745,-78.20280433,51187.0,883.8761079573748,1.6901408450704225,349,355,6,0,349,354,40003,0,0,0,0,1
2020-08-09,US,Virginia,Washington,229,5,0,36.72341572,-81.95666289,51191.0,426.12579084480836,2.183406113537118,224,217,5,0,212,211,54402,12,0,0,12,6
2020-08-09,US,Virginia,Waynesboro,173,3,0,38.06451466,-78.90293905,51820.0,764.4719399027838,1.7341040462427746,170,173,3,0,170,168,22628,0,0,0,0,5
2020-08-09,US,Virginia,Westmoreland,211,3,0,38.11021557,-76.80213247,51193.0,1171.2461837357755,1.4218009478672986,208,209,3,0,206,202,17830,2,0,0,2,7
2020-08-09,US,Virginia,Williamsburg,126,6,0,37.28131268,-76.70905141,51830.0,842.5839240337033,4.761904761904762,120,122,6,0,116,121,14896,4,0,0,4,1
2020-08-09,US,Virginia,Winchester,399,4,0,39.17054517,-78.17325058,51840.0,1421.041384714011,1.0025062656641603,395,399,4,0,395,399,28108,0,0,0,0,0
2020-08-09,US,Virginia,Wise,130,3,0,36.9746148,-82.62410519,51195.0,347.7516518203461,2.3076923076923075,127,126,3,0,123,117,38012,4,0,0,4,9
2020-08-09,US,Virginia,Wythe,115,3,0,36.91582035,-81.07834059,51197.0,400.92037372751366,2.608695652173913,112,115,3,0,112,112,28754,0,0,0,0,3
2020-08-09,US,Virginia,York,366,4,0,37.24374789,-76.54412815,51199.0,536.0281195079086,1.0928961748633879,362,361,4,0,357,355,67846,5,0,0,5,6
2020-08-09,US,Washington,Adams,440,5,0,46.98299757,-118.56017340000001,53001.0,2201.8715908522245,1.1363636363636365,435,434,5,0,429,423,19759,6,0,0,6,11
2020-08-09,US,Washington,Asotin,27,2,0,46.18894415,-117.2022851,53003.0,119.5642547161456,7.407407407407407,25,27,2,0,25,25,22610,0,0,0,0,2
2020-08-09,US,Washington,Benton,3723,115,0,46.23946995,-119.51208340000001,53005.0,1821.5176867752825,3.0889067955949505,3608,3714,115,0,3599,3690,201877,9,0,0,9,24
2020-08-09,US,Washington,Chelan,1334,10,0,47.87046092,-120.6173956,53007.0,1727.979274611399,0.7496251874062968,1324,1306,10,0,1296,1276,77036,28,0,0,28,30
2020-08-09,US,Washington,Clallam,120,0,0,48.04754642,-123.92263190000001,53009.0,155.17709586065098,0.0,120,103,0,0,103,102,76737,17,0,0,17,1
2020-08-09,US,Washington,Clark,1777,43,0,45.77568046,-122.48292040000001,53011.0,363.95960191790533,2.4198086662915026,1734,1767,43,0,1724,1749,481857,10,0,0,10,18
2020-08-09,US,Washington,Columbia,13,1,0,46.29442881,-117.9051983,53013.0,326.2233375156838,7.6923076923076925,12,13,1,0,12,13,4059,0,0,0,0,0
2020-08-09,US,Washington,Cowlitz,482,5,0,46.19074721,-122.6782231,53015.0,435.832285949382,1.037344398340249,477,477,5,0,472,472,108987,5,0,0,5,5
2020-08-09,US,Washington,Douglas,948,7,0,47.7361335,-119.69293700000001,53017.0,2182.873195330309,0.7383966244725738,941,938,7,0,931,908,42907,10,0,0,10,30
2020-08-09,US,Washington,Ferry,22,0,0,48.471143100000006,-118.5154041,53019.0,288.4489314278223,0.0,22,22,0,0,22,22,7649,0,0,0,0,0
2020-08-09,US,Washington,Franklin,3507,49,0,46.53351425,-118.9018212,53021.0,3682.9724223393764,1.3972055888223551,3458,3486,49,0,3437,3447,94347,21,0,0,21,39
2020-08-09,US,Washington,Garfield,4,0,0,46.43197502,-117.54540320000001,53023.0,179.77528089887642,0.0,4,4,0,0,4,2,2247,0,0,0,0,2
2020-08-09,US,Washington,Grant,1491,13,0,47.20753737,-119.4500749,53025.0,1525.5850122271906,0.8718980549966465,1478,1459,13,0,1446,1422,97331,32,0,0,32,37
2020-08-09,US,Washington,Grays Harbor,120,2,0,47.14003705,-123.7820567,53027.0,159.86997242242975,1.6666666666666667,118,119,2,0,117,109,73901,1,0,0,1,10
2020-08-09,US,Washington,Island,250,11,0,48.14713305,-122.5216407,53029.0,293.6305657673741,4.4,239,249,11,0,238,247,84460,1,0,0,1,2
2020-08-09,US,Washington,Jefferson,54,0,0,47.75003077,-123.56097040000002,53031.0,167.5925638558704,0.0,54,54,0,0,54,54,31729,0,0,0,0,0
2020-08-09,US,Washington,King,16570,675,0,47.49137892,-121.8346131,53033.0,735.534996284594,4.073627036813519,15895,16439,674,0,15765,16222,2233163,131,1,0,130,217
2020-08-09,US,Washington,Kitsap,739,7,0,47.63479026,-122.6436061,53035.0,272.2186000081039,0.9472259810554804,732,730,7,0,723,721,269805,9,0,0,9,9
2020-08-09,US,Washington,Kittitas,373,19,0,47.12521214,-120.67943899999999,53037.0,778.1370606028997,5.093833780160859,354,373,19,0,354,360,47364,0,0,0,0,13
2020-08-09,US,Washington,Klickitat,113,3,0,45.87325839,-120.7913598,53039.0,503.9018952062429,2.6548672566371683,110,111,3,0,108,109,22107,2,0,0,2,2
2020-08-09,US,Washington,Lewis,220,3,0,46.57756476,-122.39257690000001,53041.0,272.5909772386534,1.3636363636363635,217,213,3,0,210,207,79604,7,0,0,7,6
2020-08-09,US,Washington,Lincoln,27,0,0,47.57705241,-118.41943880000001,53043.0,246.82329280555808,0.0,27,28,0,0,28,22,10740,-1,0,0,-1,6
2020-08-09,US,Washington,Mason,217,1,0,47.35007586,-123.1863685,53045.0,325.0059908938414,0.4608294930875576,216,212,1,0,211,201,65507,5,0,0,5,11
2020-08-09,US,Washington,Okanogan,864,4,0,48.54855019,-119.73872240000001,53047.0,2045.3092820112206,0.462962962962963,860,861,5,0,856,836,42132,3,-1,0,4,25
2020-08-09,US,Washington,Pacific,51,2,0,46.55418369,-123.7285716,53049.0,226.95919184726986,3.92156862745098,49,49,2,0,47,48,22036,2,0,0,2,1
2020-08-09,US,Washington,Pend Oreille,41,0,0,48.53234021,-117.2741804,53051.0,298.7467210725736,0.0,41,40,0,0,40,39,13602,1,0,0,1,1
2020-08-09,US,Washington,Pierce,5682,140,0,47.03892768,-122.14059579999999,53053.0,627.8591792083803,2.4639211545230557,5542,5606,140,0,5466,5522,891299,76,0,0,76,84
2020-08-09,US,Washington,San Juan,28,0,0,48.60182783,-122.96745,53055.0,159.2537822773291,0.0,28,28,0,0,28,28,17128,0,0,0,0,0
2020-08-09,US,Washington,Skagit,880,21,0,48.48171488,-121.766131,53057.0,681.0881931813784,2.386363636363636,859,876,21,0,855,858,128206,4,0,0,4,18
2020-08-09,US,Washington,Skamania,57,1,0,46.02408726,-121.91644029999999,53059.0,471.737151369693,1.7543859649122806,56,57,1,0,56,57,11924,0,0,0,0,0
2020-08-09,US,Washington,Snohomish,5465,193,0,48.04615983,-121.7170703,53061.0,664.7747246932488,3.5315645013723698,5272,5423,192,0,5231,5369,814901,42,1,0,41,54
2020-08-09,US,Washington,Spokane,4442,89,0,47.62113146,-117.4046494,53063.0,849.6589504933072,2.003601981089599,4353,4415,89,0,4326,4277,514631,27,0,0,27,138
2020-08-09,US,Washington,Stevens,110,1,0,48.40035475,-117.8542701,53065.0,240.57913960151348,0.9090909090909092,109,108,1,0,107,105,45260,2,0,0,2,3
2020-08-09,US,Washington,Thurston,717,11,0,46.9291895,-122.82906559999999,53067.0,246.7852520858,1.5341701534170151,706,708,11,0,697,694,286419,9,0,0,9,14
2020-08-09,US,Washington,Unassigned,208,2,0,0.0,0.0,90053.0,0.0,0.9615384615384616,206,192,2,0,190,168,,16,0,0,16,24
2020-08-09,US,Washington,Wahkiakum,5,0,0,46.29180039999999,-123.4250831,53069.0,111.40819964349377,0.0,5,5,0,0,5,5,4426,0,0,0,0,0
2020-08-09,US,Washington,Walla Walla,533,3,0,46.23040051,-118.4775539,53071.0,877.2218564845292,0.5628517823639775,530,522,2,0,520,495,60922,11,1,0,10,27
2020-08-09,US,Washington,Whatcom,989,39,0,48.82227976,-121.74900179999999,53073.0,431.41240670543124,3.9433771486349847,950,982,40,0,942,970,225685,7,-1,0,8,12
2020-08-09,US,Washington,Whitman,104,0,0,46.90022523,-117.52417630000001,53075.0,207.5682580233115,0.0,104,104,0,0,104,103,49791,0,0,0,0,1
2020-08-09,US,Washington,Yakima,10325,211,0,46.45738486,-120.73801259999999,53077.0,4115.628226233991,2.0435835351089593,10114,10269,212,0,10057,10210,251446,56,-1,0,57,59
2020-08-09,US,West Virginia,Barbour,29,1,0,39.1307219,-80.00350858,54001.0,176.38829754881093,3.4482758620689653,28,29,1,0,28,29,16535,0,0,0,0,0
2020-08-09,US,West Virginia,Berkeley,696,11,0,39.46704621,-78.02414609,54003.0,584.0347064302557,1.5804597701149423,685,693,11,0,682,686,117123,3,0,0,3,7
2020-08-09,US,West Virginia,Boone,101,0,0,38.01974191,-81.69888019,54005.0,470.7088595796244,0.0,101,100,0,0,100,97,21951,1,0,0,1,3
2020-08-09,US,West Virginia,Braxton,8,0,0,38.70036159,-80.72011184,54007.0,57.31890807480117,0.0,8,8,0,0,8,8,14089,0,0,0,0,0
2020-08-09,US,West Virginia,Brooke,64,1,0,40.27367263,-80.57915332,54009.0,291.71794521172336,1.5625,63,62,1,0,61,62,22203,2,0,0,2,0
2020-08-09,US,West Virginia,Cabell,400,3,0,38.42424062,-82.23855912,54011.0,435.0426885638153,0.75,397,389,3,0,386,373,93224,11,0,0,11,16
2020-08-09,US,West Virginia,Calhoun,6,0,0,38.84315422,-81.11934872,54013.0,84.40005626670418,0.0,6,6,0,0,6,6,7254,0,0,0,0,0
2020-08-09,US,West Virginia,Clay,18,1,0,38.46231092,-81.07652217,54015.0,211.56558533145275,5.5555555555555545,17,18,1,0,17,18,8632,0,0,0,0,0
2020-08-09,US,West Virginia,Doddridge,6,0,0,39.27057157,-80.70671527,54017.0,71.02272727272727,0.0,6,6,0,0,6,5,8406,0,0,0,0,1
2020-08-09,US,West Virginia,Fayette,148,7,0,38.02974928,-81.08286634,54019.0,349.00721596000574,4.729729729729731,141,144,7,0,137,140,43018,4,0,0,4,4
2020-08-09,US,West Virginia,Gilmer,16,0,0,38.9251277,-80.85952723,54021.0,204.525118241084,0.0,16,16,0,0,16,16,8026,0,0,0,0,0
2020-08-09,US,West Virginia,Grant,121,1,0,39.10314817,-79.19440518,54023.0,1045.9889349930845,0.8264462809917356,120,119,1,0,118,117,11626,2,0,0,2,2
2020-08-09,US,West Virginia,Greenbrier,93,3,0,37.9463652,-80.45335881,54025.0,268.3053487969534,3.2258064516129035,90,92,3,0,89,91,34786,1,0,0,1,1
2020-08-09,US,West Virginia,Hampshire,76,1,0,39.32103553,-78.60826476,54027.0,327.9395900755124,1.3157894736842106,75,76,1,0,75,76,23347,0,0,0,0,0
2020-08-09,US,West Virginia,Hancock,112,0,0,40.51943859,-80.57461608,54029.0,388.753904894134,0.0,112,111,0,0,111,109,29094,1,0,0,1,2
2020-08-09,US,West Virginia,Hardy,58,0,0,39.00683177,-78.85855301,54031.0,421.0220673635308,0.0,58,58,0,0,58,58,13775,0,0,0,0,0
2020-08-09,US,West Virginia,Harrison,221,1,0,39.2853852,-80.37919577,54033.0,328.5952182704889,0.4524886877828054,220,219,1,0,218,214,67554,2,0,0,2,5
2020-08-09,US,West Virginia,Jackson,162,19,0,38.84263974,-81.68148753,54035.0,566.9092945128781,11.728395061728394,143,162,19,0,143,162,28706,0,0,0,0,0
2020-08-09,US,West Virginia,Jefferson,294,4,0,39.30776166,-77.86014147,54037.0,514.4717040562767,1.3605442176870748,290,294,4,0,290,294,56811,0,0,0,0,0
2020-08-09,US,West Virginia,Kanawha,935,23,0,38.33860077,-81.52857054,54039.0,524.9152275942602,2.4598930481283423,912,911,23,0,888,898,180454,24,0,0,24,13
2020-08-09,US,West Virginia,Lewis,29,2,0,38.9947249,-80.49988181,54041.0,182.30967498585528,6.896551724137932,27,29,2,0,27,29,16024,0,0,0,0,0
2020-08-09,US,West Virginia,Lincoln,88,0,0,38.172154,-82.07017953,54043.0,431.1823215248175,0.0,88,88,0,0,88,81,20599,0,0,0,0,7
2020-08-09,US,West Virginia,Logan,228,3,0,37.8299889,-81.93528571,54045.0,712.0772041600299,1.3157894736842106,225,221,3,0,218,209,32607,7,0,0,7,12
2020-08-09,US,West Virginia,Marion,191,2,0,39.50984542,-80.24244659,54049.0,340.63347125124835,1.0471204188481675,189,186,2,0,184,183,56097,5,0,0,5,3
2020-08-09,US,West Virginia,Marshall,131,1,0,39.86064362,-80.66591062,54051.0,429.0720906619501,0.7633587786259542,130,131,1,0,130,130,30785,0,0,0,0,1
2020-08-09,US,West Virginia,Mason,56,1,0,38.77071799,-82.02524219,54053.0,211.1932418162619,1.7857142857142858,55,54,1,0,53,54,26718,2,0,0,2,0
2020-08-09,US,West Virginia,McDowell,62,0,0,37.38002939,-81.65083669,54047.0,351.79300953245576,0.0,62,58,0,0,58,58,18223,4,0,0,4,0
2020-08-09,US,West Virginia,Mercer,196,11,0,37.40481169,-81.11023142,54055.0,333.5715987610198,5.612244897959183,185,182,3,0,179,177,59131,14,8,0,6,5
2020-08-09,US,West Virginia,Mineral,121,4,0,39.41561583,-78.94104895,54057.0,450.3498585678129,3.3057851239669422,117,120,4,0,116,117,26940,1,0,0,1,3
2020-08-09,US,West Virginia,Mingo,173,5,0,37.73048351,-82.13338365,54059.0,738.5587431693988,2.8901734104046244,168,172,5,0,167,158,23785,1,0,0,1,14
2020-08-09,US,West Virginia,Monongalia,939,5,0,39.63218457,-80.04766838,54061.0,889.1035109646631,0.5324813631522897,934,938,5,0,933,935,106420,1,0,0,1,3
2020-08-09,US,West Virginia,Monroe,21,0,0,37.56274716,-80.54577965,54063.0,158.19209039548022,0.0,21,21,0,0,21,21,13280,0,0,0,0,0
2020-08-09,US,West Virginia,Morgan,28,0,0,39.55439028,-78.26311676,54065.0,156.56452695146498,0.0,28,26,0,0,26,26,17787,2,0,0,2,0
2020-08-09,US,West Virginia,Nicholas,37,1,0,38.29617706,-80.79759588,54067.0,151.0450685826257,2.702702702702702,36,37,1,0,36,36,24842,0,0,0,0,1
2020-08-09,US,West Virginia,Ohio,268,4,0,40.0955451,-80.62203992,54069.0,647.1710415107098,1.492537313432836,264,266,4,0,262,266,41755,2,0,0,2,0
2020-08-09,US,West Virginia,Pendleton,40,1,0,38.68314479,-79.35084086,54071.0,573.9704405223132,2.5,39,39,1,0,38,58,6997,1,0,0,1,-19
2020-08-09,US,West Virginia,Pleasants,13,1,0,39.37091679,-81.16771771,54073.0,174.2627345844504,7.6923076923076925,12,12,1,0,11,12,7507,1,0,0,1,0
2020-08-09,US,West Virginia,Pocahontas,41,0,0,38.32758728,-80.00993811,54075.0,497.1504789620468,0.0,41,41,0,0,41,41,8414,0,0,0,0,0
2020-08-09,US,West Virginia,Preston,125,4,0,39.46770987,-79.66712803,54077.0,373.8932759033261,3.2,121,124,4,0,120,123,33839,1,0,0,1,1
2020-08-09,US,West Virginia,Putnam,195,0,0,38.50782345,-81.9082131,54079.0,345.438441098317,0.0,195,193,0,0,193,186,56682,2,0,0,2,7
2020-08-09,US,West Virginia,Raleigh,253,1,0,37.76936795,-81.2456041,54081.0,344.8698899960469,0.3952569169960474,252,227,1,0,226,215,74254,26,0,0,26,12
2020-08-09,US,West Virginia,Randolph,210,0,0,38.769899,-79.87919615,54083.0,731.8348144276006,0.0,210,208,0,0,208,208,28823,2,0,0,2,0
2020-08-09,US,West Virginia,Ritchie,3,0,0,39.18094587,-81.06356878,54085.0,31.400460540087924,0.0,3,3,0,0,3,3,9721,0,0,0,0,0
2020-08-09,US,West Virginia,Roane,15,1,0,38.71622686,-81.35243568,54087.0,109.58503798947984,6.666666666666668,14,15,1,0,14,15,13932,0,0,0,0,0
2020-08-09,US,West Virginia,Summers,11,0,0,37.65390597,-80.86009693,54089.0,87.48906386701663,0.0,11,10,0,0,10,7,12760,1,0,0,1,3
2020-08-09,US,West Virginia,Taylor,56,1,0,39.33602617,-80.0421439,54091.0,335.4297693920336,1.7857142857142858,55,56,1,0,55,56,16862,0,0,0,0,0
2020-08-09,US,West Virginia,Tucker,10,0,0,39.11240885,-79.57053576,54093.0,146.22020763269484,0.0,10,10,0,0,10,11,6955,0,0,0,0,-1
2020-08-09,US,West Virginia,Tyler,13,0,0,39.46811972,-80.88772676,54095.0,151.32115004074032,0.0,13,13,0,0,13,13,8746,0,0,0,0,0
2020-08-09,US,West Virginia,Upshur,40,0,0,38.89285061,-80.23689136,54097.0,165.45334215751157,0.0,40,39,0,0,39,39,24415,1,0,0,1,0
2020-08-09,US,West Virginia,Wayne,208,9,0,38.14901357,-82.42287994,54099.0,527.8919851784174,4.326923076923077,199,203,9,0,194,200,39944,5,0,0,5,3
2020-08-09,US,West Virginia,Webster,4,0,0,38.49370949,-80.4202023,54101.0,49.297510475720976,0.0,4,4,0,0,4,4,8285,0,0,0,0,0
2020-08-09,US,West Virginia,Wetzel,42,0,0,39.6065771,-80.64016540000001,54103.0,278.7919017590441,0.0,42,42,0,0,42,42,15270,0,0,0,0,0
2020-08-09,US,West Virginia,Wirt,6,0,0,39.02775007,-81.37473928,54105.0,103.07507301151009,0.0,6,6,0,0,6,6,5830,0,0,0,0,0
2020-08-09,US,West Virginia,Wood,247,5,0,39.20967886,-81.5162836,54107.0,295.74462990014126,2.0242914979757085,242,245,5,0,240,243,84203,2,0,0,2,2
2020-08-09,US,West Virginia,Wyoming,31,1,0,37.612327,-81.54511071,54109.0,152.00549181131706,3.2258064516129035,30,31,1,0,30,31,20786,0,0,0,0,0
2020-08-09,US,Wisconsin,Adams,85,2,0,43.96974651,-89.76782777,55001.0,420.37586547972313,2.3529411764705883,83,85,2,0,83,82,20348,0,0,0,0,3
2020-08-09,US,Wisconsin,Ashland,25,1,0,46.31956891,-90.67837132,55003.0,160.64773165402906,4.0,24,24,1,0,23,24,15600,1,0,0,1,0
2020-08-09,US,Wisconsin,Barron,293,3,0,45.42372701,-91.84833627,55005.0,647.5996817257538,1.023890784982935,290,291,3,0,288,282,45164,2,0,0,2,9
2020-08-09,US,Wisconsin,Bayfield,27,1,0,46.52868768,-91.19716729,55007.0,179.56903431763766,3.703703703703704,26,23,1,0,22,22,15042,4,0,0,4,1
2020-08-09,US,Wisconsin,Brown,4264,54,0,44.452655299999996,-88.00411844,55009.0,1611.8423539551377,1.2664165103189493,4210,4240,54,0,4186,4193,263378,24,0,0,24,47
2020-08-09,US,Wisconsin,Buffalo,43,2,0,44.37835084,-91.75332578,55011.0,329.9823497812908,4.651162790697675,41,43,2,0,41,44,13125,0,0,0,0,-1
2020-08-09,US,Wisconsin,Burnett,22,1,0,45.86303537,-92.36711412,55013.0,142.72739068379394,4.545454545454546,21,22,1,0,21,21,15392,0,0,0,0,1
2020-08-09,US,Wisconsin,Calumet,320,2,0,44.0816316,-88.21780273,55015.0,638.8628241729721,0.625,318,313,2,0,311,296,50159,7,0,0,7,17
2020-08-09,US,Wisconsin,Chippewa,230,0,0,45.06939744,-91.28068855,55017.0,355.7177766092363,0.0,230,227,0,0,227,223,64135,3,0,0,3,4
2020-08-09,US,Wisconsin,Clark,184,7,0,44.73483377,-90.61207486,55019.0,529.1309599125783,3.804347826086957,177,183,7,0,176,183,34709,1,0,0,1,0
2020-08-09,US,Wisconsin,Columbia,248,1,0,43.46492199,-89.33589004,55021.0,431.0644510880902,0.4032258064516129,247,245,1,0,244,241,57358,3,0,0,3,4
2020-08-09,US,Wisconsin,Crawford,75,0,0,43.23870316,-90.93073686,55023.0,464.9432769202157,0.0,75,74,0,0,74,72,16291,1,0,0,1,2
2020-08-09,US,Wisconsin,Dane,4536,39,0,43.06601594,-89.41733797,55025.0,829.7130941384137,0.8597883597883598,4497,4492,38,0,4454,4436,542364,44,1,0,43,56
2020-08-09,US,Wisconsin,Dodge,819,5,0,43.41576662,-88.70928178,55027.0,932.3876637939868,0.6105006105006106,814,808,5,0,803,782,87847,11,0,0,11,26
2020-08-09,US,Wisconsin,Door,106,3,0,44.95856458,-87.30002707,55029.0,383.1140667919618,2.830188679245283,103,103,3,0,100,102,27610,3,0,0,3,1
2020-08-09,US,Wisconsin,Douglas,173,0,0,46.43222285,-91.91595768,55031.0,400.92699884125153,0.0,173,172,0,0,172,159,43208,1,0,0,1,13
2020-08-09,US,Wisconsin,Dunn,123,0,0,44.94562799,-91.8962481,55033.0,271.11620525480515,0.0,123,122,0,0,122,119,45131,1,0,0,1,3
2020-08-09,US,Wisconsin,Eau Claire,588,4,0,44.726614,-91.28609183,55035.0,561.8943867897483,0.6802721088435374,584,574,4,0,570,563,104534,14,0,0,14,11
2020-08-09,US,Wisconsin,Florence,8,0,0,45.84963535,-88.39804137,55037.0,186.26309662398137,0.0,8,8,0,0,8,7,4321,0,0,0,0,1
2020-08-09,US,Wisconsin,Fond du Lac,657,7,0,43.75354908,-88.48885325,55039.0,635.3780838080132,1.06544901065449,650,635,7,0,628,612,103066,22,0,0,22,23
2020-08-09,US,Wisconsin,Forest,59,4,0,45.66678019,-88.77084892,55041.0,655.264326965793,6.779661016949151,55,59,4,0,55,59,8991,0,0,0,0,0
2020-08-09,US,Wisconsin,Grant,356,15,0,42.8671731,-90.7063218,55043.0,692.081883395867,4.213483146067416,341,352,15,0,337,346,51554,4,0,0,4,6
2020-08-09,US,Wisconsin,Green,162,1,0,42.6794956,-89.60243287,55045.0,438.31168831168833,0.6172839506172839,161,158,1,0,157,149,36929,4,0,0,4,9
2020-08-09,US,Wisconsin,Green Lake,56,0,0,43.80025981,-89.04679553,55047.0,296.09263469571187,0.0,56,55,0,0,55,55,18918,1,0,0,1,0
2020-08-09,US,Wisconsin,Iowa,80,0,0,43.00050278,-90.13469017,55049.0,337.8663738491427,0.0,80,79,0,0,79,74,23771,1,0,0,1,5
2020-08-09,US,Wisconsin,Iron,75,1,0,46.26302338,-90.24295041,55051.0,1318.7972569017054,1.3333333333333333,74,74,1,0,73,74,5676,1,0,0,1,0
2020-08-09,US,Wisconsin,Jackson,58,1,0,44.31864893,-90.80566792,55053.0,280.96691372378046,1.7241379310344829,57,58,1,0,57,55,20478,0,0,0,0,3
2020-08-09,US,Wisconsin,Jefferson,631,5,0,43.02054068,-88.77529134,55055.0,744.3758921303778,0.7923930269413629,626,624,5,0,619,612,85129,7,0,0,7,12
2020-08-09,US,Wisconsin,Juneau,137,1,0,43.92456975,-90.11120239,55057.0,513.3585640948777,0.7299270072992701,136,137,1,0,136,135,26617,0,0,0,0,2
2020-08-09,US,Wisconsin,Kenosha,2667,60,0,42.57639354,-88.04051686,55059.0,1572.8852743260538,2.249718785151856,2607,2659,60,0,2599,2609,169290,8,0,0,8,50
2020-08-09,US,Wisconsin,Kewaunee,131,2,0,44.51727459,-87.61468386,55061.0,641.0883821082509,1.5267175572519085,129,130,2,0,128,127,20383,1,0,0,1,3
2020-08-09,US,Wisconsin,La Crosse,908,1,0,43.90632465,-91.11451093,55063.0,769.387201735358,0.11013215859030837,907,896,1,0,895,889,118230,12,0,0,12,7
2020-08-09,US,Wisconsin,Lafayette,139,0,0,42.66005229,-90.1317729,55065.0,834.0834083408342,0.0,139,130,0,0,130,122,16665,9,0,0,9,8
2020-08-09,US,Wisconsin,Langlade,65,1,0,45.26271619,-89.07483625,55067.0,338.735734014279,1.5384615384615383,64,63,1,0,62,59,19268,2,0,0,2,4
2020-08-09,US,Wisconsin,Lincoln,68,0,0,45.33737523,-89.73411273,55069.0,246.4393143188489,0.0,68,68,0,0,68,67,27689,0,0,0,0,1
2020-08-09,US,Wisconsin,Manitowoc,337,1,0,44.11946801,-87.80928853,55071.0,426.6848988997354,0.2967359050445104,336,332,1,0,331,325,79074,5,0,0,5,7
2020-08-09,US,Wisconsin,Marathon,646,9,0,44.89792533,-89.75863384,55073.0,476.07817704802045,1.3931888544891642,637,629,9,0,620,623,135428,17,0,0,17,6
2020-08-09,US,Wisconsin,Marinette,395,3,0,45.38553432,-88.03324599999998,55075.0,978.9343246592316,0.7594936708860759,392,387,3,0,384,376,40434,8,0,0,8,11
2020-08-09,US,Wisconsin,Marquette,80,1,0,43.81911946,-89.40073763,55077.0,513.6766405547708,1.25,79,79,1,0,78,76,15434,1,0,0,1,3
2020-08-09,US,Wisconsin,Menominee,22,0,0,45.00422544,-88.70950714,55078.0,482.87971905179984,0.0,22,22,0,0,22,20,4658,0,0,0,0,2
2020-08-09,US,Wisconsin,Milwaukee,21062,456,0,43.00486062,-87.96733172,55079.0,2227.072111795594,2.1650365587313645,20606,20920,456,0,20464,20637,948201,142,0,0,142,283
2020-08-09,US,Wisconsin,Monroe,243,2,0,43.94641218,-90.61881899999999,55081.0,525.3713272652585,0.8230452674897121,241,242,2,0,240,242,46051,1,0,0,1,0
2020-08-09,US,Wisconsin,Oconto,248,0,0,45.02715345,-88.26807503,55083.0,653.8360137094649,0.0,248,237,0,0,237,219,37830,11,0,0,11,18
2020-08-09,US,Wisconsin,Oneida,131,0,0,45.70677897,-89.51944105,55085.0,368.02921758673966,0.0,131,124,0,0,124,112,35470,7,0,0,7,12
2020-08-09,US,Wisconsin,Outagamie,1252,14,0,44.41578887,-88.46565023,55087.0,666.3650637357957,1.1182108626198084,1238,1236,14,0,1222,1208,187365,16,0,0,16,28
2020-08-09,US,Wisconsin,Ozaukee,692,17,0,43.38352225,-87.94625009,55089.0,775.6021564429898,2.4566473988439306,675,676,17,0,659,647,89147,16,0,0,16,29
2020-08-09,US,Wisconsin,Pepin,42,0,0,44.58307413,-91.99949611,55091.0,576.3688760806916,0.0,42,42,0,0,42,42,7289,0,0,0,0,0
2020-08-09,US,Wisconsin,Pierce,222,2,0,44.71850291,-92.4224416,55093.0,519.2496608504467,0.9009009009009008,220,209,2,0,207,204,42555,13,0,0,13,5
2020-08-09,US,Wisconsin,Polk,132,2,0,45.46130348,-92.44182875,55095.0,301.48687846881217,1.5151515151515151,130,131,2,0,129,126,43598,1,0,0,1,5
2020-08-09,US,Wisconsin,Portage,411,0,0,44.47558711,-89.50152965,55097.0,580.7381450291076,0.0,411,405,0,0,405,389,70942,6,0,0,6,16
2020-08-09,US,Wisconsin,Price,32,0,0,45.68051754,-90.36098879999999,55099.0,239.68242079245,0.0,32,33,0,0,33,29,13397,-1,0,0,-1,4
2020-08-09,US,Wisconsin,Racine,3514,78,0,42.74753117,-88.05941254,55101.0,1790.0168610011665,2.2196926579396696,3436,3499,78,0,3421,3459,196584,15,0,0,15,40
2020-08-09,US,Wisconsin,Richland,37,4,0,43.3762778,-90.43012729,55103.0,214.46788778112682,10.810810810810812,33,37,4,0,33,36,17377,0,0,0,0,1
2020-08-09,US,Wisconsin,Rock,1432,26,0,42.67151616,-89.07147900000002,55105.0,876.6237741347012,1.8156424581005584,1406,1425,26,0,1399,1410,163129,7,0,0,7,15
2020-08-09,US,Wisconsin,Rusk,20,1,0,45.47498854,-91.1333012,55107.0,141.0636196924813,5.0,19,20,1,0,19,17,14147,0,0,0,0,3
2020-08-09,US,Wisconsin,Sauk,444,3,0,43.42574087,-89.94966132,55111.0,688.9916514074672,0.6756756756756757,441,433,3,0,430,425,64249,11,0,0,11,8
2020-08-09,US,Wisconsin,Sawyer,67,0,0,45.87931905,-91.14504927,55113.0,404.63824133349436,0.0,67,59,0,0,59,52,16489,8,0,0,8,7
2020-08-09,US,Wisconsin,Shawano,196,0,0,44.78902246,-88.76443896,55115.0,479.22932101029363,0.0,196,190,0,0,190,178,40796,6,0,0,6,12
2020-08-09,US,Wisconsin,Sheboygan,746,9,0,43.72099677,-87.94579284,55117.0,646.7834229235305,1.206434316353887,737,742,9,0,733,733,115456,4,0,0,4,9
2020-08-09,US,Wisconsin,St. Croix,493,5,0,45.03437474,-92.45000068,55109.0,543.6280834077652,1.0141987829614605,488,485,5,0,480,481,89694,8,0,0,8,4
2020-08-09,US,Wisconsin,Taylor,69,1,0,45.21179252,-90.5004405,55119.0,339.1830113552573,1.4492753623188406,68,69,0,0,69,64,20412,0,1,0,-1,5
2020-08-09,US,Wisconsin,Trempealeau,336,2,0,44.30360275,-91.35893614,55121.0,1133.259131842558,0.5952380952380952,334,336,2,0,334,332,29442,0,0,0,0,4
2020-08-09,US,Wisconsin,Vernon,64,0,0,43.59422667,-90.8324691,55123.0,207.6438907274025,0.0,64,62,0,0,62,59,30785,2,0,0,2,3
2020-08-09,US,Wisconsin,Vilas,53,0,0,46.05467334,-89.51719204,55125.0,238.79252083802658,0.0,53,53,0,0,53,48,21938,0,0,0,0,5
2020-08-09,US,Wisconsin,Walworth,1335,23,0,42.66858202,-88.54163073,55127.0,1285.2851696383873,1.7228464419475655,1312,1314,23,0,1291,1298,103718,21,0,0,21,16
2020-08-09,US,Wisconsin,Washburn,47,0,0,45.89838588,-91.79050449,55129.0,298.9821882951654,0.0,47,45,0,0,45,41,15878,2,0,0,2,4
2020-08-09,US,Wisconsin,Washington,1066,22,0,43.36863664,-88.22974712,55131.0,783.6276225061383,2.063789868667917,1044,1039,22,0,1017,991,135693,27,0,0,27,48
2020-08-09,US,Wisconsin,Waukesha,4234,58,0,43.01833055,-88.30431188,55133.0,1047.5064201208318,1.3698630136986298,4176,4188,58,0,4130,4030,403072,46,0,0,46,158
2020-08-09,US,Wisconsin,Waupaca,453,15,0,44.47068056,-88.96534501,55135.0,888.4094920572661,3.3112582781456954,438,442,15,0,427,430,51128,11,0,0,11,12
2020-08-09,US,Wisconsin,Waushara,116,1,0,44.11324419,-89.24317107,55137.0,474.57349752485374,0.8620689655172413,115,115,1,0,114,114,24263,1,0,0,1,1
2020-08-09,US,Wisconsin,Winnebago,1176,18,0,44.06886922,-88.64477096,55139.0,684.0908165461558,1.5306122448979589,1158,1164,18,0,1146,1124,171020,12,0,0,12,40
2020-08-09,US,Wisconsin,Wood,291,1,0,44.45537896,-90.04158336,55141.0,398.63559774791435,0.3436426116838488,290,286,1,0,285,276,73055,5,0,0,5,10
2020-08-09,US,Wyoming,Albany,88,0,0,41.65498705,-105.72354150000001,56001.0,226.33744855967083,0.0,88,88,0,0,88,88,38601,0,0,0,0,0
2020-08-09,US,Wyoming,Big Horn,37,0,0,44.52405055,-107.9960365,56003.0,313.8252756573367,0.0,37,36,0,0,36,36,11881,1,0,0,1,0
2020-08-09,US,Wyoming,Campbell,123,0,0,44.24886082,-105.54744040000001,56005.0,265.42370686864757,0.0,123,123,0,0,123,122,46140,0,0,0,0,1
2020-08-09,US,Wyoming,Carbon,99,0,0,41.69357844,-106.9326084,56007.0,668.918918918919,0.0,99,99,0,0,99,95,14971,0,0,0,0,4
2020-08-09,US,Wyoming,Converse,32,0,0,42.97272268,-105.5081848,56009.0,231.51497612501808,0.0,32,32,0,0,32,32,13640,0,0,0,0,0
2020-08-09,US,Wyoming,Crook,10,0,0,44.58855102,-104.56977049999999,56011.0,131.85654008438817,0.0,10,10,0,0,10,10,7450,0,0,0,0,0
2020-08-09,US,Wyoming,Fremont,504,0,0,43.04183996,-108.6296893,56013.0,1283.7166653931383,0.0,504,503,0,0,503,502,39531,1,0,0,1,1
2020-08-09,US,Wyoming,Goshen,28,0,0,42.08798185,-104.3534743,56015.0,211.94459162818862,0.0,28,26,0,0,26,26,13376,2,0,0,2,0
2020-08-09,US,Wyoming,Hot Springs,22,0,0,43.71930657,-108.44231740000001,56017.0,498.527079084523,0.0,22,23,0,0,23,19,4555,-1,0,0,-1,4
2020-08-09,US,Wyoming,Johnson,23,1,0,44.04057166,-106.58451740000001,56019.0,272.35050325636473,4.3478260869565215,22,23,1,0,22,23,8460,0,0,0,0,0
2020-08-09,US,Wyoming,Laramie,502,0,0,41.30702520000001,-104.6887497,56021.0,504.5226130653266,0.0,502,498,0,0,498,496,98976,4,0,0,4,2
2020-08-09,US,Wyoming,Lincoln,103,0,0,42.26376367,-110.6563997,56023.0,519.4150277357538,0.0,103,100,0,0,100,100,19434,3,0,0,3,0
2020-08-09,US,Wyoming,Natrona,231,0,0,42.96180148,-106.79788500000001,56025.0,289.2634426106339,0.0,231,229,0,0,229,229,79115,2,0,0,2,0
2020-08-09,US,Wyoming,Niobrara,2,0,0,43.05607708,-104.47588959999999,56027.0,84.88964346349746,0.0,2,2,0,0,2,2,2388,0,0,0,0,0
2020-08-09,US,Wyoming,Park,134,0,0,44.52157546,-109.58528249999999,56029.0,458.99842433376716,0.0,134,132,0,0,132,132,29324,2,0,0,2,0
2020-08-09,US,Wyoming,Platte,5,0,0,42.13299116,-104.96633100000001,56031.0,59.57345406886692,0.0,5,5,0,0,5,5,8566,0,0,0,0,0
2020-08-09,US,Wyoming,Sheridan,74,0,0,44.79048913,-106.8862389,56033.0,242.74233229457107,0.0,74,72,0,0,72,69,30233,2,0,0,2,3
2020-08-09,US,Wyoming,Sublette,40,0,0,42.76558279,-109.91309220000001,56035.0,406.87620791374223,0.0,40,38,0,0,38,38,9813,2,0,0,2,0
2020-08-09,US,Wyoming,Sweetwater,259,0,0,41.65943896,-108.8827882,56037.0,611.6713506364688,0.0,259,257,0,0,257,257,43051,2,0,0,2,0
2020-08-09,US,Wyoming,Teton,374,0,0,43.93522482,-110.5890801,56039.0,1593.9311285373333,0.0,374,370,0,0,370,371,23081,4,0,0,4,-1
2020-08-09,US,Wyoming,Uinta,278,0,0,41.2878183,-110.54757820000002,56041.0,1374.4685058835162,0.0,278,274,0,0,274,274,20299,4,0,0,4,0
2020-08-09,US,Wyoming,Unassigned,0,27,0,0.0,0.0,90056.0,0.0,0.0,-27,0,27,0,-27,0,,0,0,0,0,0
2020-08-09,US,Wyoming,Washakie,77,0,0,43.90451606,-107.68018700000002,56043.0,986.5470852017937,0.0,77,70,0,0,70,69,7885,7,0,0,7,1
2020-08-09,US,Wyoming,Weston,5,0,0,43.83961191,-104.56748809999999,56045.0,72.18131947452,0.0,5,5,0,0,5,5,6967,0,0,0,0,0
