Date,Country/Region,Province/State,Admin2,Confirmed,Deaths,Recovered,Latitude,Longitude,FIPS,Incidence_Rate,Case-Fatality_Ratio,Active Cases,Previous Confirmed,Previous Deaths,Previous Recovered,Previous Active,Prev2 Confirmed,Population,Daily Confirmed,Daily Deaths,Daily Recovered,Daily Active,Previous Daily Confirmed
2020-09-05,US,Alabama,Autauga,1371,23,0,32.53952745,-86.64408227,1001.0,2453.954787091231,1.6776075857038657,1348,1355,23,0,1332,1349,55601,16,0,0,16,6
2020-09-05,US,Alabama,Baldwin,4542,42,0,30.72774991,-87.72207058,1003.0,2034.6363009219024,0.9247027741083224,4500,4513,42,0,4471,4495,218022,29,0,0,29,18
2020-09-05,US,Alabama,Barbour,616,7,0,31.868263,-85.3871286,1005.0,2495.3414891031352,1.1363636363636365,609,616,7,0,609,614,24881,0,0,0,0,2
2020-09-05,US,Alabama,Bibb,550,6,0,32.99642064,-87.12511459999996,1007.0,2456.0150040189333,1.0909090909090908,544,545,6,0,539,542,22400,5,0,0,5,3
2020-09-05,US,Alabama,Blount,1062,12,0,33.98210918,-86.56790593,1009.0,1836.5441151039324,1.1299435028248588,1050,1049,12,0,1037,1037,57840,13,0,0,13,12
2020-09-05,US,Alabama,Bullock,544,13,0,32.10030533,-85.71265535,1011.0,5385.605385605386,2.389705882352941,531,541,13,0,528,541,10138,3,0,0,3,0
2020-09-05,US,Alabama,Butler,853,37,0,31.75300095,-86.68057478,1013.0,4386.055121349239,4.337631887456038,816,848,37,0,811,841,19680,5,0,0,5,7
2020-09-05,US,Alabama,Calhoun,2547,31,0,33.77483727,-85.82630386,1015.0,2241.978786144976,1.2171181782489202,2516,2503,31,0,2472,2447,114277,44,0,0,44,56
2020-09-05,US,Alabama,Chambers,853,40,0,32.91360079,-85.39072749,1017.0,2565.104949780477,4.689331770222744,813,850,40,0,810,850,33615,3,0,0,3,0
2020-09-05,US,Alabama,Cherokee,364,11,0,34.17805983,-85.60638968,1019.0,1389.5251183386774,3.021978021978022,353,362,11,0,351,354,26032,2,0,0,2,8
2020-09-05,US,Alabama,Chilton,1150,12,0,32.85044126,-86.7173256,1021.0,2588.457729359863,1.0434782608695652,1138,1105,12,0,1093,1102,44153,45,0,0,45,3
2020-09-05,US,Alabama,Choctaw,324,12,0,32.02227341,-88.26564429999998,1023.0,2573.6754309317653,3.703703703703704,312,320,12,0,308,319,12841,4,0,0,4,1
2020-09-05,US,Alabama,Clarke,927,13,0,31.68099859,-87.83548597,1025.0,3924.3078486156983,1.4023732470334411,914,923,13,0,910,917,23920,4,0,0,4,6
2020-09-05,US,Alabama,Clay,392,6,0,33.26984193,-85.85836077,1027.0,2961.843596524367,1.5306122448979589,386,376,6,0,370,368,13275,16,0,0,16,8
2020-09-05,US,Alabama,Cleburne,232,5,0,33.67679204,-85.52005899,1029.0,1556.0026827632462,2.155172413793104,227,229,5,0,224,222,14987,3,0,0,3,7
2020-09-05,US,Alabama,Coffee,970,5,0,31.39932826,-85.98901039,1031.0,1853.1962859653809,0.5154639175257731,965,963,5,0,958,959,51909,7,0,0,7,4
2020-09-05,US,Alabama,Colbert,1474,22,0,34.69847452,-87.80168544,1033.0,2668.307959667638,1.492537313432836,1452,1463,22,0,1441,1458,54762,11,0,0,11,5
2020-09-05,US,Alabama,Conecuh,434,11,0,31.43401703,-86.99320044,1035.0,3596.585729675976,2.5345622119815667,423,431,11,0,420,432,12277,3,0,0,3,-1
2020-09-05,US,Alabama,Coosa,109,3,0,32.93690146,-86.24847739,1037.0,1022.2263903216733,2.7522935779816518,106,109,3,0,106,110,10715,0,0,0,0,-1
2020-09-05,US,Alabama,Covington,815,25,0,31.247785399999998,-86.45050893,1039.0,2199.7894680018358,3.0674846625766867,790,804,25,0,779,800,36986,11,0,0,11,4
2020-09-05,US,Alabama,Crenshaw,399,31,0,31.72941803,-86.31593104,1041.0,2897.182689514958,7.769423558897243,368,398,30,0,368,394,13824,1,1,0,0,4
2020-09-05,US,Alabama,Cullman,1454,15,0,34.13020303,-86.86888037,1043.0,1735.7463470537673,1.0316368638239342,1439,1449,15,0,1434,1448,83442,5,0,0,5,1
2020-09-05,US,Alabama,Dale,1024,42,0,31.43037123,-85.61095742,1045.0,2082.485967623851,4.1015625,982,1015,41,0,974,1015,48956,9,1,0,8,0
2020-09-05,US,Alabama,Dallas,1439,25,0,32.32688101,-87.10866709999998,1047.0,3868.6955586622216,1.7373175816539264,1414,1431,25,0,1406,1428,38310,8,0,0,8,3
2020-09-05,US,Alabama,DeKalb,2104,16,0,34.45946862,-85.80782906,1049.0,2942.122411309832,0.7604562737642585,2088,2096,16,0,2080,2080,71385,8,0,0,8,16
2020-09-05,US,Alabama,Elmore,2095,44,0,32.59785413,-86.14415284,1051.0,2579.7633267248707,2.100238663484487,2051,2074,43,0,2031,2054,81887,21,1,0,20,20
2020-09-05,US,Alabama,Escambia,1245,22,0,31.1256789,-87.15918694,1053.0,3398.575055278028,1.7670682730923697,1223,1242,22,0,1220,1234,36748,3,0,0,3,8
2020-09-05,US,Alabama,Etowah,2747,42,0,34.04567266,-86.04051873,1055.0,2686.079712128916,1.5289406625409538,2705,2727,42,0,2685,2708,102501,20,0,0,20,19
2020-09-05,US,Alabama,Fayette,311,6,0,33.72076938,-87.73886638,1057.0,1907.741381425592,1.929260450160772,305,307,6,0,301,300,16433,4,0,0,4,7
2020-09-05,US,Alabama,Franklin,1592,27,0,34.44235334,-87.84289505,1059.0,5076.2068745615725,1.6959798994974875,1565,1580,27,0,1553,1570,31363,12,0,0,12,10
2020-09-05,US,Alabama,Geneva,395,3,0,31.09389027,-85.83572839,1061.0,1503.559057515892,0.7594936708860759,392,388,3,0,385,387,26314,7,0,0,7,1
2020-09-05,US,Alabama,Greene,282,14,0,32.85504247,-87.95684022,1063.0,3476.75995561583,4.964539007092198,268,278,14,0,264,278,8233,4,0,0,4,0
2020-09-05,US,Alabama,Hale,536,27,0,32.76039258,-87.63284988,1065.0,3658.453347894341,5.037313432835822,509,533,27,0,506,531,14726,3,0,0,3,2
2020-09-05,US,Alabama,Henry,344,3,0,31.51148016,-85.24267944,1067.0,1999.4187736123224,0.8720930232558141,341,342,3,0,339,338,17209,2,0,0,2,4
2020-09-05,US,Alabama,Houston,1907,15,0,31.15197924,-85.29939599,1069.0,1801.061559094086,0.7865757734661772,1892,1892,15,0,1877,1875,104722,15,0,0,15,17
2020-09-05,US,Alabama,Jackson,1313,7,0,34.78144169,-85.99750489,1071.0,2543.292139619572,0.5331302361005331,1306,1307,7,0,1300,1294,51736,6,0,0,6,13
2020-09-05,US,Alabama,Jefferson,16486,305,0,33.55554728,-86.89506300000002,1073.0,2503.291206897337,1.8500545917748392,16181,16349,305,0,16044,16240,659300,137,0,0,137,109
2020-09-05,US,Alabama,Lamar,280,2,0,33.77995024,-88.09668032,1075.0,2028.250633828323,0.7142857142857143,278,278,2,0,276,276,13844,2,0,0,2,2
2020-09-05,US,Alabama,Lauderdale,1467,25,0,34.90171875,-87.65624729,1077.0,1582.0293543551638,1.7041581458759374,1442,1454,25,0,1429,1443,92387,13,0,0,13,11
2020-09-05,US,Alabama,Lawrence,501,5,0,34.52041498,-87.31069453,1079.0,1521.6863078605277,0.998003992015968,496,488,5,0,483,486,32957,13,0,0,13,2
2020-09-05,US,Alabama,Lee,3466,49,0,32.60154883,-85.35132246,1081.0,2106.45306365548,1.4137334102712062,3417,3417,49,0,3368,3384,163941,49,0,0,49,33
2020-09-05,US,Alabama,Limestone,1698,18,0,34.81185586,-86.98310072,1083.0,1716.6253854319366,1.060070671378092,1680,1672,18,0,1654,1667,96174,26,0,0,26,5
2020-09-05,US,Alabama,Lowndes,603,25,0,32.1597283,-86.65158371,1085.0,6199.876619370761,4.1459369817578775,578,601,25,0,576,600,9974,2,0,0,2,1
2020-09-05,US,Alabama,Macon,409,17,0,32.38759944,-85.69267724,1087.0,2263.670577817136,4.156479217603913,392,406,17,0,389,401,18439,3,0,0,3,5
2020-09-05,US,Alabama,Madison,6545,57,0,34.76327133,-86.55069633,1089.0,1755.1198817942181,0.8708938120702827,6488,6436,56,0,6380,6382,366519,109,1,0,108,54
2020-09-05,US,Alabama,Marengo,643,18,0,32.24767634,-87.78796182,1091.0,3408.7896941101617,2.7993779160186625,625,641,18,0,623,640,19066,2,0,0,2,1
2020-09-05,US,Alabama,Marion,730,27,0,34.13697363,-87.88704173,1093.0,2457.167861590764,3.6986301369863015,703,716,27,0,689,717,29763,14,0,0,14,-1
2020-09-05,US,Alabama,Marshall,3492,41,0,34.36975964,-86.30486727,1095.0,3608.4072168144335,1.1741122565864834,3451,3486,41,0,3445,3485,96109,6,0,0,6,1
2020-09-05,US,Alabama,Mobile,12249,264,0,30.78472347,-88.20842409,1097.0,2964.352266402072,2.1552779818760714,11985,12167,262,0,11905,12123,413757,82,2,0,80,44
2020-09-05,US,Alabama,Monroe,436,6,0,31.56729412,-87.36995001,1099.0,2102.927699802248,1.3761467889908257,430,434,6,0,428,435,21067,2,0,0,2,-1
2020-09-05,US,Alabama,Montgomery,7891,163,0,32.2206831,-86.20969272,1101.0,3484.1005625071753,2.0656444050183755,7728,7853,163,0,7690,7826,225763,38,0,0,38,27
2020-09-05,US,Alabama,Morgan,2871,22,0,34.45500589,-86.85475946,1103.0,2398.9171032511967,0.7662835249042146,2849,2855,22,0,2833,2842,119089,16,0,0,16,13
2020-09-05,US,Alabama,Perry,480,5,0,32.64048341,-87.29770589,1105.0,5379.356718592402,1.0416666666666667,475,479,5,0,474,479,9140,1,0,0,1,0
2020-09-05,US,Alabama,Pickens,541,11,0,33.28094866,-88.08818103,1107.0,2714.50075263422,2.033271719038817,530,540,11,0,529,537,19938,1,0,0,1,3
2020-09-05,US,Alabama,Pike,846,7,0,31.80396383,-85.9408295,1109.0,2554.810654104004,0.8274231678486997,839,837,7,0,830,837,33338,9,0,0,9,0
2020-09-05,US,Alabama,Randolph,491,11,0,33.29526734,-85.45708831,1111.0,2160.901329108353,2.240325865580448,480,484,11,0,473,481,22725,7,0,0,7,3
2020-09-05,US,Alabama,Russell,1560,2,0,32.28725256,-85.18415324,1113.0,2691.464950570211,0.1282051282051282,1558,1558,2,0,1556,1556,57781,2,0,0,2,2
2020-09-05,US,Alabama,Shelby,4262,40,0,33.26879845,-86.66232561,1117.0,1957.7220236837506,0.9385265133740028,4222,4212,40,0,4172,4169,215707,50,0,0,50,43
2020-09-05,US,Alabama,St. Clair,1698,31,0,33.71902176,-86.31029372,1115.0,1896.9523639288586,1.8256772673733803,1667,1679,30,0,1649,1667,88690,19,1,0,18,12
2020-09-05,US,Alabama,Sumter,403,19,0,32.59117397,-88.19916205,1119.0,3242.938762372254,4.714640198511166,384,401,19,0,382,401,12691,2,0,0,2,0
2020-09-05,US,Alabama,Talladega,1296,21,0,33.37823223,-86.16886178,1121.0,1620.4456225462002,1.6203703703703705,1275,1281,21,0,1260,1276,79828,15,0,0,15,5
2020-09-05,US,Alabama,Tallapoosa,941,82,0,32.86698258,-85.79833053,1123.0,2331.112046969059,8.714133900106269,859,936,82,0,854,932,40497,5,0,0,5,4
2020-09-05,US,Alabama,Tuscaloosa,5282,94,0,33.28726072,-87.52556818,1125.0,2522.987270425832,1.7796289284361984,5188,5230,94,0,5136,5218,208911,52,0,0,52,12
2020-09-05,US,Alabama,Unassigned,11476,124,0,0.0,0.0,90001.0,0.0,1.0805158591843849,11352,11104,122,0,10982,10684,,372,2,0,370,420
2020-09-05,US,Alabama,Walker,1908,74,0,33.80270512,-87.30027177,1127.0,3003.731049574157,3.878406708595388,1834,1902,74,0,1828,1881,63711,6,0,0,6,21
2020-09-05,US,Alabama,Washington,499,13,0,31.4092794,-88.20689944,1129.0,3056.474335415901,2.6052104208416837,486,498,13,0,485,501,16378,1,0,0,1,-3
2020-09-05,US,Alabama,Wilcox,474,11,0,31.98773215,-87.30891118,1131.0,4569.555576978694,2.3206751054852317,463,474,11,0,463,471,10627,0,0,0,0,3
2020-09-05,US,Alabama,Winston,563,11,0,34.15030532,-87.37325922,1133.0,2382.665368826442,1.9538188277087036,552,561,11,0,550,557,23660,2,0,0,2,4
2020-09-05,US,Alaska,Aleutians East,2,0,0,55.32222414,-161.9722021,2013.0,59.93407252022774,0.0,2,2,0,0,2,2,3515,0,0,0,0,0
2020-09-05,US,Alaska,Aleutians West,6,0,0,52.3233,-174.1596,2016.0,106.49627263045794,0.0,6,6,0,0,6,6,5723,0,0,0,0,0
2020-09-05,US,Alaska,Anchorage,3245,25,0,61.14998174,-149.14269860000005,2020.0,1126.736111111111,0.7704160246533128,3220,3189,24,0,3165,3105,291538,56,1,0,55,84
2020-09-05,US,Alaska,Bethel,59,1,0,60.90980451,-159.8561831,2050.0,320.89633416730123,1.6949152542372878,58,59,1,0,58,59,18216,0,0,0,0,0
2020-09-05,US,Alaska,Bristol Bay,10,0,0,58.74513976,-156.701064,2060.0,1196.1722488038274,0.0,10,10,0,0,10,10,877,0,0,0,0,0
2020-09-05,US,Alaska,Denali,2,0,0,63.67264044,-150.0076108,2068.0,95.37434430138292,0.0,2,2,0,0,2,2,2059,0,0,0,0,0
2020-09-05,US,Alaska,Dillingham,5,0,0,59.79603738,-158.23819419999995,2070.0,101.70870626525631,0.0,5,5,0,0,5,5,5000,0,0,0,0,0
2020-09-05,US,Alaska,Fairbanks North Star,730,9,0,64.80726247,-146.5692662,2090.0,753.7506840545593,1.2328767123287672,721,712,8,0,704,691,98971,18,1,0,17,21
2020-09-05,US,Alaska,Haines,4,0,0,59.09893571,-135.4679843,2100.0,158.10276679841897,0.0,4,4,0,0,4,4,2474,0,0,0,0,0
2020-09-05,US,Alaska,Juneau,186,1,0,58.45031811,-134.200436,2110.0,581.7226496528431,0.5376344086021505,185,183,1,0,182,180,32113,3,0,0,3,3
2020-09-05,US,Alaska,Kenai Peninsula,419,2,0,60.24429722,-151.53888840000005,2122.0,713.7017101587517,0.47732696897374705,417,419,2,0,417,418,58533,0,0,0,0,1
2020-09-05,US,Alaska,Ketchikan Gateway,47,0,0,55.57445008,-130.975561,2130.0,338.1051722897633,0.0,47,47,0,0,47,47,13918,0,0,0,0,0
2020-09-05,US,Alaska,Kodiak Island,17,0,0,57.65529415,-153.7493579,2150.0,130.789352208032,0.0,17,17,0,0,17,17,13345,0,0,0,0,0
2020-09-05,US,Alaska,Kusilvak,8,0,0,62.15429159999999,-163.39678830000003,2158.0,96.22323791195574,0.0,8,8,0,0,8,8,8303,0,0,0,0,0
2020-09-05,US,Alaska,Matanuska-Susitna,504,2,0,62.31305045,-149.5741743,2170.0,465.3009222928995,0.3968253968253968,502,495,2,0,493,487,107610,9,0,0,9,8
2020-09-05,US,Alaska,Nome,44,0,0,64.90320724,-164.0353804,2180.0,439.8240703718512,0.0,44,44,0,0,44,44,10008,0,0,0,0,0
2020-09-05,US,Alaska,North Slope,48,0,0,69.31479216,-153.4836093,2185.0,488.2017900732303,0.0,48,43,0,0,43,42,9872,5,0,0,5,1
2020-09-05,US,Alaska,Northwest Arctic,70,0,0,67.04919196,-159.7503946,2188.0,918.514630625902,0.0,70,69,0,0,69,69,7671,1,0,0,1,0
2020-09-05,US,Alaska,Petersburg,7,1,0,57.13978948,-132.9540995,2195.0,214.32945499081444,14.285714285714285,6,7,1,0,6,7,3221,0,0,0,0,0
2020-09-05,US,Alaska,Prince of Wales-Hyder,27,0,0,55.76261984,-133.0511621,2198.0,435.2732548766726,0.0,27,27,0,0,27,26,6422,0,0,0,0,1
2020-09-05,US,Alaska,Sitka,38,0,0,57.24124555,-135.3206587,2220.0,447.42729306487695,0.0,38,38,0,0,38,38,8647,0,0,0,0,0
2020-09-05,US,Alaska,Southeast Fairbanks,19,0,0,63.87692095,-143.2127643,2240.0,275.6419556071377,0.0,19,19,0,0,19,19,6918,0,0,0,0,0
2020-09-05,US,Alaska,Unassigned,1,0,0,0.0,0.0,90002.0,0.0,0.0,1,1,0,0,1,1,,0,0,0,0,0
2020-09-05,US,Alaska,Valdez-Cordova,75,0,0,61.47502768,-144.7126799,2261.0,815.0402086502934,0.0,75,75,0,0,75,74,9164,0,0,0,0,1
2020-09-05,US,Alaska,Wrangell,12,0,0,56.3202004,-132.05837309999998,2275.0,479.61630695443637,0.0,12,12,0,0,12,12,2503,0,0,0,0,0
2020-09-05,US,Alaska,Yakutat,20,0,0,59.890980799999994,-140.36014509999998,2282.0,3454.231433506045,0.0,20,20,0,0,20,20,604,0,0,0,0,0
2020-09-05,US,Alaska,Yukon-Koyukuk,72,1,0,65.50815459,-151.39073869999999,2290.0,1376.6730401529635,1.3888888888888888,71,71,1,0,70,71,5327,1,0,0,1,0
2020-09-05,US,Arizona,Apache,3359,154,0,35.39465006,-109.4892383,4001.0,4672.6111814375345,4.584697826734146,3205,3360,154,0,3206,3355,71818,-1,0,0,-1,5
2020-09-05,US,Arizona,Cochise,1842,64,0,31.87934684,-109.7516088,4003.0,1462.8103111449946,3.474484256243214,1778,1838,62,0,1776,1832,126770,4,2,0,2,6
2020-09-05,US,Arizona,Coconino,3392,127,0,35.83883429,-111.77071780000001,4005.0,2364.1584655273355,3.7441037735849063,3265,3373,127,0,3246,3355,142854,19,0,0,19,18
2020-09-05,US,Arizona,Gila,1128,49,0,33.80190085,-110.8132779,4007.0,2088.1928246140174,4.343971631205674,1079,1125,49,0,1076,1122,53889,3,0,0,3,3
2020-09-05,US,Arizona,Graham,756,22,0,32.93166885,-109.8882178,4009.0,1946.5973169915287,2.9100529100529102,734,750,22,0,728,744,38072,6,0,0,6,6
2020-09-05,US,Arizona,Greenlee,58,1,0,33.21498827,-109.2405279,4011.0,610.6548747104654,1.7241379310344829,57,58,1,0,57,58,9483,0,0,0,0,0
2020-09-05,US,Arizona,La Paz,517,15,0,33.72854224,-113.98100290000001,4012.0,2449.3083191207124,2.9013539651837523,502,514,15,0,499,512,21098,3,0,0,3,2
2020-09-05,US,Arizona,Maricopa,135856,3088,0,33.34835867,-112.49181540000001,4013.0,3028.839701307393,2.2729949358143915,132768,135495,3064,0,132431,135109,4410824,361,24,0,337,386
2020-09-05,US,Arizona,Mohave,3747,212,0,35.70471703,-113.7577902,4015.0,1765.9451128988928,5.657859621030158,3535,3700,210,0,3490,3675,209550,47,2,0,45,25
2020-09-05,US,Arizona,Navajo,5650,222,0,35.3997715,-110.3218983,4017.0,5093.577584652555,3.9292035398230087,5428,5641,222,0,5419,5631,110445,9,0,0,9,10
2020-09-05,US,Arizona,Pima,21834,596,0,32.0971334,-111.7890033,4019.0,2084.831262729416,2.7296876431254007,21238,21574,593,0,20981,21443,1039073,260,3,0,257,131
2020-09-05,US,Arizona,Pinal,9939,188,0,32.90525627,-111.3449483,4021.0,2147.6309938222385,1.891538384143274,9751,9839,188,0,9651,9744,447138,100,0,0,100,95
2020-09-05,US,Arizona,Santa Cruz,2773,59,0,31.52508998,-110.8479088,4023.0,5963.697363327455,2.127659574468085,2714,2771,58,0,2713,2761,46511,2,1,0,1,10
2020-09-05,US,Arizona,Unassigned,1,1,0,0.0,0.0,90004.0,0.0,100.0,0,1,1,0,0,1,,0,0,0,0,0
2020-09-05,US,Arizona,Yavapai,2354,79,0,34.59933926,-112.5538588,4025.0,1001.280311698476,3.3559898045879355,2275,2345,79,0,2266,2342,231993,9,0,0,9,3
2020-09-05,US,Arizona,Yuma,12311,330,0,32.76895712,-113.90666740000002,4027.0,5758.535364638637,2.6805296076679395,11981,12297,326,0,11971,12269,212128,14,4,0,10,28
2020-09-05,US,Arkansas,Arkansas,294,3,0,34.29145151,-91.37277296,5001.0,1681.3450760608487,1.020408163265306,291,293,3,0,290,287,17769,1,0,0,1,6
2020-09-05,US,Arkansas,Ashley,389,7,0,33.19153461,-91.76984709999999,5003.0,1978.9388004273287,1.7994858611825193,382,389,7,0,382,388,20046,0,0,0,0,1
2020-09-05,US,Arkansas,Baxter,147,1,0,36.28784385,-92.33782872,5005.0,350.56758561480484,0.6802721088435374,146,147,1,0,146,144,41619,0,0,0,0,3
2020-09-05,US,Arkansas,Benton,5599,59,0,36.33644656,-94.25680817,5007.0,2005.7963538140225,1.0537595999285587,5540,5564,58,0,5506,5503,272608,35,1,0,34,61
2020-09-05,US,Arkansas,Boone,393,4,0,36.3084504,-93.09374925,5009.0,1049.9038256037616,1.0178117048346056,389,392,3,0,389,388,37480,1,1,0,0,4
2020-09-05,US,Arkansas,Bradley,303,6,0,33.46755808,-92.15980837,5011.0,2815.2002229861564,1.98019801980198,297,300,6,0,294,300,10897,3,0,0,3,0
2020-09-05,US,Arkansas,Calhoun,23,0,0,33.55598792,-92.49974403,5013.0,443.24532665253423,0.0,23,23,0,0,23,23,5277,0,0,0,0,0
2020-09-05,US,Arkansas,Carroll,486,8,0,36.34038560000001,-93.54270261,5015.0,1712.4735729386896,1.6460905349794241,478,482,8,0,474,479,28223,4,0,0,4,3
2020-09-05,US,Arkansas,Chicot,969,11,0,33.26458973,-91.29539209,5017.0,9576.9915002965,1.1351909184726523,958,968,11,0,957,964,10438,1,0,0,1,4
2020-09-05,US,Arkansas,Clark,255,4,0,34.04613432,-93.17484713,5019.0,1142.47311827957,1.568627450980392,251,253,4,0,249,243,22061,2,0,0,2,10
2020-09-05,US,Arkansas,Clay,203,5,0,36.36826212,-90.4148172,5021.0,1395.0931207477151,2.4630541871921183,198,198,5,0,193,190,14847,5,0,0,5,8
2020-09-05,US,Arkansas,Cleburne,264,7,0,35.53864922,-92.02640019,5023.0,1059.4325614992576,2.6515151515151514,257,260,7,0,253,259,24965,4,0,0,4,1
2020-09-05,US,Arkansas,Cleveland,141,6,0,33.89723187,-92.18537045,5025.0,1772.2473604826544,4.25531914893617,135,140,6,0,134,139,8018,1,0,0,1,1
2020-09-05,US,Arkansas,Columbia,315,15,0,33.21230701,-93.22642793,5027.0,1342.8827215756492,4.761904761904762,300,312,15,0,297,311,23537,3,0,0,3,1
2020-09-05,US,Arkansas,Conway,216,3,0,35.26205537,-92.70506566,5029.0,1036.17000863475,1.3888888888888888,213,213,3,0,210,213,20891,3,0,0,3,0
2020-09-05,US,Arkansas,Craighead,2022,16,0,35.83018283,-90.63235729,5031.0,1832.650545625929,0.7912957467853611,2006,2009,16,0,1993,1958,108558,13,0,0,13,51
2020-09-05,US,Arkansas,Crawford,971,9,0,35.58928601,-94.2446814,5033.0,1535.0079833061955,0.9268795056642636,962,966,9,0,957,952,63406,5,0,0,5,14
2020-09-05,US,Arkansas,Crittenden,1703,35,0,35.21247318,-90.30839406,5035.0,3551.245959753936,2.0551967116852614,1668,1693,35,0,1658,1685,48342,10,0,0,10,8
2020-09-05,US,Arkansas,Cross,303,5,0,35.29631396,-90.77185818,5037.0,1845.4229855655035,1.6501650165016502,298,296,5,0,291,289,16676,7,0,0,7,7
2020-09-05,US,Arkansas,Dallas,135,2,0,33.97042763,-92.65167437,5039.0,1926.0950206876873,1.4814814814814814,133,132,2,0,130,132,7182,3,0,0,3,0
2020-09-05,US,Arkansas,Desha,252,5,0,33.83011025,-91.25500948,5041.0,2218.1146025878,1.984126984126984,247,252,5,0,247,249,11512,0,0,0,0,3
2020-09-05,US,Arkansas,Drew,309,5,0,33.59035001,-91.71777921,5043.0,1696.0316153466165,1.6181229773462784,304,309,5,0,304,309,18328,0,0,0,0,0
2020-09-05,US,Arkansas,Faulkner,1770,9,0,35.14719007,-92.33717519,5045.0,1404.6838667693066,0.5084745762711864,1761,1758,9,0,1749,1747,124806,12,0,0,12,11
2020-09-05,US,Arkansas,Franklin,182,2,0,35.51202821,-93.89299569,5047.0,1027.3779283093425,1.0989010989010992,180,182,2,0,180,178,17810,0,0,0,0,4
2020-09-05,US,Arkansas,Fulton,84,1,0,36.38177105,-91.81729127,5049.0,673.2387593171435,1.1904761904761905,83,80,1,0,79,77,12269,4,0,0,4,3
2020-09-05,US,Arkansas,Garland,1501,31,0,34.57692074,-93.14921604,5051.0,1510.273076690882,2.065289806795469,1470,1499,31,0,1468,1479,99154,2,0,0,2,20
2020-09-05,US,Arkansas,Grant,202,1,0,34.29017991,-92.42320562,5053.0,1105.9403230221735,0.4950495049504951,201,199,1,0,198,197,18188,3,0,0,3,2
2020-09-05,US,Arkansas,Greene,660,5,0,36.11735460000001,-90.55832668,5055.0,1456.1500275785986,0.7575757575757576,655,658,5,0,653,652,45325,2,0,0,2,6
2020-09-05,US,Arkansas,Hempstead,335,3,0,33.73325583,-93.66935133,5057.0,1555.8238900241504,0.8955223880597015,332,335,3,0,332,335,21741,0,0,0,0,0
2020-09-05,US,Arkansas,Hot Spring,1741,21,0,34.31709259,-92.95396325,5059.0,5155.310769595215,1.2062033314187248,1720,1736,21,0,1715,1731,33701,5,0,0,5,5
2020-09-05,US,Arkansas,Howard,435,5,0,34.09007427,-93.9934871,5061.0,3294.955309801545,1.1494252873563218,430,431,5,0,426,429,13341,4,0,0,4,2
2020-09-05,US,Arkansas,Independence,806,8,0,35.74242707,-91.57001641,5063.0,2130.8658294778584,0.9925558312655088,798,803,8,0,795,791,37678,3,0,0,3,12
2020-09-05,US,Arkansas,Izard,109,0,0,36.09604046,-91.90847954,5065.0,799.7652065448675,0.0,109,109,0,0,109,108,13593,0,0,0,0,1
2020-09-05,US,Arkansas,Jackson,194,1,0,35.59802983,-91.21494602,5067.0,1160.3564806507566,0.5154639175257731,193,194,1,0,193,191,16811,0,0,0,0,3
2020-09-05,US,Arkansas,Jefferson,2241,51,0,34.26767081,-91.92619839,5069.0,3353.585538130013,2.275769745649264,2190,2191,51,0,2140,2166,68114,50,0,0,50,25
2020-09-05,US,Arkansas,Johnson,777,4,0,35.56759135,-93.46036368,5071.0,2923.4705395439837,0.5148005148005148,773,775,4,0,771,770,26742,2,0,0,2,5
2020-09-05,US,Arkansas,Lafayette,74,2,0,33.24116713,-93.60677071,5073.0,1117.1497584541064,2.702702702702702,72,74,2,0,72,75,6682,0,0,0,0,-1
2020-09-05,US,Arkansas,Lawrence,263,11,0,36.04188196,-91.10867198,5075.0,1603.072046812142,4.182509505703422,252,262,11,0,251,258,16434,1,0,0,1,4
2020-09-05,US,Arkansas,Lee,1010,11,0,34.78498904,-90.78383866,5077.0,11403.409732415039,1.0891089108910892,999,1009,11,0,998,1007,8985,1,0,0,1,2
2020-09-05,US,Arkansas,Lincoln,1754,13,0,33.95317155,-91.74002806,5079.0,13467.444717444716,0.7411630558722919,1741,1737,13,0,1724,1617,13383,17,0,0,17,120
2020-09-05,US,Arkansas,Little River,300,15,0,33.70375665,-94.23468591,5081.0,2447.181662452076,5.0,285,299,15,0,284,296,12326,1,0,0,1,3
2020-09-05,US,Arkansas,Logan,367,1,0,35.21413234,-93.71951016,5083.0,1709.6804248579147,0.2724795640326976,366,367,1,0,366,367,21737,0,0,0,0,0
2020-09-05,US,Arkansas,Lonoke,767,5,0,34.75392199,-91.88742357,5085.0,1046.2562577582562,0.651890482398957,762,762,4,0,758,749,73657,5,1,0,4,13
2020-09-05,US,Arkansas,Madison,308,2,0,36.01038185,-93.72524943,5087.0,1858.108108108108,0.6493506493506493,306,308,2,0,306,302,16481,0,0,0,0,6
2020-09-05,US,Arkansas,Marion,51,0,0,36.26844485,-92.68451899,5089.0,305.4989816700611,0.0,51,51,0,0,51,48,16722,0,0,0,0,3
2020-09-05,US,Arkansas,Miller,646,10,0,33.31403423,-93.89285258,5091.0,1493.3999121529464,1.547987616099071,636,642,9,0,633,638,43592,4,1,0,3,4
2020-09-05,US,Arkansas,Mississippi,1405,32,0,35.76271485,-90.05194370000002,5093.0,3456.249538756734,2.277580071174377,1373,1401,32,0,1369,1388,41239,4,0,0,4,13
2020-09-05,US,Arkansas,Monroe,100,0,0,34.6815935,-91.20540287,5095.0,1492.3145799134454,0.0,100,97,0,0,97,96,6900,3,0,0,3,1
2020-09-05,US,Arkansas,Montgomery,118,4,0,34.53704874,-93.65824478,5097.0,1313.1537947918985,3.3898305084745757,114,118,4,0,114,116,8924,0,0,0,0,2
2020-09-05,US,Arkansas,Nevada,165,12,0,33.66340119,-93.30632432,5099.0,1999.5152690256907,7.272727272727272,153,165,12,0,153,162,8326,0,0,0,0,3
2020-09-05,US,Arkansas,Newton,138,15,0,35.91947491,-93.21612969,5101.0,1779.9561460079972,10.869565217391305,123,136,15,0,121,134,7805,2,0,0,2,2
2020-09-05,US,Arkansas,Ouachita,175,5,0,33.58839816,-92.87795984,5103.0,748.4389701479771,2.8571428571428568,170,175,5,0,170,173,23606,0,0,0,0,2
2020-09-05,US,Arkansas,Perry,63,0,0,34.945915299999996,-92.94372564,5105.0,602.5824964131995,0.0,63,62,0,0,62,62,10352,1,0,0,1,0
2020-09-05,US,Arkansas,Phillips,414,10,0,34.43268455,-90.84800154,5107.0,2328.197053199865,2.415458937198068,404,414,10,0,404,409,18029,0,0,0,0,5
2020-09-05,US,Arkansas,Pike,183,1,0,34.16250414,-93.65789349,5109.0,1707.4080985258445,0.5464480874316939,182,182,1,0,181,179,10673,1,0,0,1,3
2020-09-05,US,Arkansas,Poinsett,511,6,0,35.57433534,-90.66268713,5111.0,2171.8803128187687,1.1741682974559686,505,509,6,0,503,503,23974,2,0,0,2,6
2020-09-05,US,Arkansas,Polk,234,4,0,34.48254879,-94.22728802,5113.0,1172.1097976357444,1.709401709401709,230,232,4,0,228,230,20049,2,0,0,2,2
2020-09-05,US,Arkansas,Pope,1832,20,0,35.44871474,-93.03212219,5115.0,2859.283306280435,1.091703056768559,1812,1819,19,0,1800,1806,64000,13,1,0,12,13
2020-09-05,US,Arkansas,Prairie,121,1,0,34.83624419,-91.55162157,5117.0,1500.8682709005207,0.8264462809917356,120,120,1,0,119,118,8074,1,0,0,1,2
2020-09-05,US,Arkansas,Pulaski,7441,113,0,34.77054088,-92.31355101,5119.0,1898.6453557057598,1.5186130896384895,7328,7367,113,0,7254,7276,392680,74,0,0,74,91
2020-09-05,US,Arkansas,Randolph,319,17,0,36.3415714,-91.02455531,5121.0,1776.3670787392805,5.329153605015674,302,317,13,0,304,312,17948,2,4,0,-2,5
2020-09-05,US,Arkansas,Saline,1676,14,0,34.64916145,-92.67583224,5125.0,1368.8672541797007,0.8353221957040573,1662,1666,14,0,1652,1653,121421,10,0,0,10,13
2020-09-05,US,Arkansas,Scott,89,0,0,34.85588887,-94.0632176,5127.0,865.6745452776967,0.0,89,89,0,0,89,88,10319,0,0,0,0,1
2020-09-05,US,Arkansas,Searcy,114,0,0,35.9109364,-92.69936482,5129.0,1446.5169394746854,0.0,114,113,0,0,113,111,7958,1,0,0,1,2
2020-09-05,US,Arkansas,Sebastian,2983,35,0,35.19605503,-94.27162713,5131.0,2333.62278704812,1.1733154542406974,2948,2967,35,0,2932,2946,127753,16,0,0,16,21
2020-09-05,US,Arkansas,Sevier,1167,14,0,33.99780401,-94.2424869,5133.0,6861.880402187335,1.199657240788346,1153,1164,14,0,1150,1163,17139,3,0,0,3,1
2020-09-05,US,Arkansas,Sharp,154,5,0,36.16258158,-91.47819342,5135.0,882.926269923174,3.2467532467532467,149,153,5,0,148,152,17366,1,0,0,1,1
2020-09-05,US,Arkansas,St. Francis,1364,4,0,35.02201976,-90.74828138,5123.0,5457.309754341042,0.2932551319648094,1360,1362,4,0,1358,1357,25439,2,0,0,2,5
2020-09-05,US,Arkansas,Stone,231,4,0,35.86251946,-92.15684085,5137.0,1847.113385574924,1.7316017316017316,227,212,4,0,208,211,12457,19,0,0,19,1
2020-09-05,US,Arkansas,Unassigned,1214,0,0,0.0,0.0,90005.0,0.0,0.0,1214,1230,0,0,1230,1029,,-16,0,0,-16,201
2020-09-05,US,Arkansas,Union,724,21,0,33.16887091,-92.59746952,5139.0,1871.6715785119693,2.9005524861878453,703,721,21,0,700,707,39126,3,0,0,3,14
2020-09-05,US,Arkansas,Van Buren,140,2,0,35.58095779,-92.51295036,5141.0,846.1770927772743,1.4285714285714286,138,138,2,0,136,136,16603,2,0,0,2,2
2020-09-05,US,Arkansas,Washington,7577,78,0,35.976844,-94.21800746,5143.0,3167.8143042891134,1.029431173287581,7499,7429,78,0,7351,7203,236961,148,0,0,148,226
2020-09-05,US,Arkansas,White,564,12,0,35.25688493,-91.74908296,5145.0,716.163193783094,2.127659574468085,552,564,12,0,552,551,78727,0,0,0,0,13
2020-09-05,US,Arkansas,Woodruff,28,0,0,35.18902527,-91.2439489,5147.0,443.0379746835443,0.0,28,28,0,0,28,28,6490,0,0,0,0,0
2020-09-05,US,Arkansas,Yell,1177,25,0,35.00292371,-93.41171338,5149.0,5515.205473033127,2.1240441801189465,1152,1173,25,0,1148,1169,21535,4,0,0,4,4
2020-09-05,US,California,Alameda,19131,299,0,37.64629437,-121.8929271,6001.0,1144.6579338957201,1.5629083686163818,18832,18977,296,0,18681,18852,1666753,154,3,0,151,125
2020-09-05,US,California,Alpine,2,0,0,38.59678594,-119.82235940000001,6003.0,177.14791851195747,0.0,2,2,0,0,2,2,1101,0,0,0,0,0
2020-09-05,US,California,Amador,280,15,0,38.44583082,-120.65696000000001,6005.0,704.3670758703964,5.357142857142857,265,280,15,0,265,280,39383,0,0,0,0,0
2020-09-05,US,California,Butte,2327,23,0,39.66727762,-121.6005252,6007.0,1061.6553976987582,0.9883970777825526,2304,2274,23,0,2251,2241,231256,53,0,0,53,33
2020-09-05,US,California,Calaveras,273,2,0,38.20537103,-120.55291299999999,6009.0,594.7064589913953,0.7326007326007326,271,257,2,0,255,257,45602,16,0,0,16,0
2020-09-05,US,California,Colusa,470,6,0,39.17881957,-122.2331726,6011.0,2181.2781361674483,1.2765957446808511,464,467,6,0,461,466,21627,3,0,0,3,1
2020-09-05,US,California,Contra Costa,14411,186,0,37.91923498,-121.9289527,6013.0,1249.2999724323508,1.2906807299979182,14225,14212,183,0,14029,14111,1150215,199,3,0,196,101
2020-09-05,US,California,Del Norte,124,1,0,41.74228275,-123.89740630000001,6015.0,445.850711922911,0.8064516129032258,123,124,1,0,123,124,27828,0,0,0,0,0
2020-09-05,US,California,El Dorado,1001,2,0,38.77965956,-120.5233166,6017.0,519.075102544557,0.1998001998001998,999,988,2,0,986,980,190678,13,0,0,13,8
2020-09-05,US,California,Fresno,26147,312,0,36.75733899,-119.6466953,6019.0,2617.0527304046336,1.193253528129422,25835,25978,312,0,25666,25785,994400,169,0,0,169,193
2020-09-05,US,California,Glenn,475,3,0,39.59875897,-122.3938452,6021.0,1672.9475574965659,0.631578947368421,472,470,3,0,467,467,28047,5,0,0,5,3
2020-09-05,US,California,Humboldt,409,4,0,40.69923009,-123.876044,6023.0,301.71587069741366,0.9779951100244498,405,409,4,0,405,403,136373,0,0,0,0,6
2020-09-05,US,California,Imperial,11041,296,0,33.0393082,-115.36690420000001,6025.0,6092.7627403912475,2.680916583642786,10745,11001,296,0,10705,10773,181827,40,0,0,40,228
2020-09-05,US,California,Inyo,183,14,0,36.51112084,-117.41119779999998,6027.0,1014.4686512556128,7.6502732240437155,169,182,14,0,168,182,17987,1,0,0,1,0
2020-09-05,US,California,Kern,29858,296,0,35.34329425,-118.72777959999999,6029.0,3316.811115727359,0.9913590997387636,29562,29763,296,0,29467,29602,896764,95,0,0,95,161
2020-09-05,US,California,Kings,6688,76,0,36.07409056,-119.8159973,6031.0,4372.956715051654,1.1363636363636365,6612,6422,76,0,6346,6392,151366,266,0,0,266,30
2020-09-05,US,California,Lake,360,5,0,39.10124298,-122.75362439999999,6033.0,559.1277606933185,1.3888888888888888,355,350,5,0,345,350,64382,10,0,0,10,0
2020-09-05,US,California,Lassen,720,0,0,40.67311306,-120.59350990000002,6035.0,2355.0191345304684,0.0,720,716,0,0,716,716,30802,4,0,0,4,0
2020-09-05,US,California,Los Angeles,247542,6000,0,34.30828379,-118.22824109999999,6037.0,2465.7770855515337,2.423831107448433,241542,246407,5977,0,240430,244999,10105518,1135,23,0,1112,1408
2020-09-05,US,California,Madera,3953,58,0,37.21513971,-119.76655890000002,6039.0,2512.6011428426145,1.4672400708322793,3895,3953,58,0,3895,3889,157672,0,0,0,0,64
2020-09-05,US,California,Marin,6297,96,0,38.07122463,-122.72106310000001,6041.0,2432.908594963412,1.5245354930919486,6201,6285,96,0,6189,6321,259666,12,0,0,12,-36
2020-09-05,US,California,Mariposa,74,2,0,37.57978556,-119.9073334,6043.0,430.15753066325635,2.702702702702702,72,74,2,0,72,73,17471,0,0,0,0,1
2020-09-05,US,California,Mendocino,737,17,0,39.4381191,-123.39113130000001,6045.0,849.5775167437088,2.306648575305292,720,724,17,0,707,716,87606,13,0,0,13,8
2020-09-05,US,California,Merced,8277,120,0,37.18922369,-120.72090349999999,6047.0,2980.769230769231,1.4498006524102935,8157,8202,120,0,8082,8122,274765,75,0,0,75,80
2020-09-05,US,California,Modoc,21,0,0,41.58965602,-120.7244817,6049.0,237.52969121140146,0.0,21,16,0,0,16,15,8777,5,0,0,5,1
2020-09-05,US,California,Mono,162,2,0,37.93899289,-118.8872409,6051.0,1121.5729714760457,1.2345679012345678,160,162,2,0,160,162,14250,0,0,0,0,0
2020-09-05,US,California,Monterey,8326,58,0,36.21862405,-121.24133970000001,6053.0,1918.163576087232,0.6966130194571223,8268,8244,58,0,8186,8149,435594,82,0,0,82,95
2020-09-05,US,California,Napa,1475,13,0,38.50735751,-122.33283899999999,6055.0,1070.8270414682308,0.8813559322033898,1462,1466,13,0,1453,1454,139417,9,0,0,9,12
2020-09-05,US,California,Nevada,456,5,0,39.30394768,-120.76272809999999,6057.0,457.1199438624632,1.0964912280701755,451,453,5,0,448,452,99696,3,0,0,3,1
2020-09-05,US,California,Orange,49509,1051,0,33.70147516,-117.76459979999998,6059.0,1558.9987945934304,2.1228463511684743,48458,49258,1042,0,48216,49142,3185968,251,9,0,242,116
2020-09-05,US,California,Placer,3154,35,0,39.06167234,-120.72405690000001,6061.0,791.8077769883687,1.1097019657577678,3119,3115,35,0,3080,3083,393149,39,0,0,39,32
2020-09-05,US,California,Plumas,45,0,0,40.00355989,-120.8395236,6063.0,239.2726112617643,0.0,45,45,0,0,45,45,18804,0,0,0,0,0
2020-09-05,US,California,Riverside,53987,1067,0,33.74314981,-115.9933578,6065.0,2185.225452187492,1.9764017263415263,52920,53987,1067,0,52920,53703,2450758,0,0,0,0,284
2020-09-05,US,California,Sacramento,18813,327,0,38.45106826,-121.34253740000001,6067.0,1212.132536284082,1.7381597831286877,18486,18813,327,0,18486,18607,1540975,0,0,0,0,206
2020-09-05,US,California,San Benito,1177,9,0,36.60308176,-121.069975,6069.0,1873.9650999872629,0.7646559048428208,1168,1162,8,0,1154,1146,61537,15,1,0,14,16
2020-09-05,US,California,San Bernardino,49325,765,0,34.84060306,-116.1774685,6071.0,2262.5264611242224,1.5509376583882413,48560,48615,744,0,47871,48615,2171603,710,21,0,689,0
2020-09-05,US,California,San Diego,40342,704,0,33.03484597,-116.73653259999999,6073.0,1208.448535645068,1.7450795696792425,39638,39899,701,0,39198,39446,3343364,443,3,0,440,453
2020-09-05,US,California,San Francisco,9839,86,0,37.75215114,-122.43856720000001,6075.0,1116.1035858471848,0.8740725683504421,9753,9755,84,0,9671,9696,883305,84,2,0,82,59
2020-09-05,US,California,San Joaquin,18438,368,0,37.93433732,-121.2730061,6077.0,2419.2151655583953,1.9958780778826335,18070,18331,368,0,17963,18194,752660,107,0,0,107,137
2020-09-05,US,California,San Luis Obispo,3074,22,0,35.38822029,-120.4039028,6079.0,1085.7932047854022,0.715679895901106,3052,3047,21,0,3026,3035,284010,27,1,0,26,12
2020-09-05,US,California,San Mateo,8617,135,0,37.422880799999994,-122.32755459999998,6081.0,1124.0938566842296,1.5666705349889751,8482,8452,135,0,8317,8390,769545,165,0,0,165,62
2020-09-05,US,California,Santa Barbara,8361,97,0,34.65329488,-120.0188492,6083.0,1872.5685835802544,1.1601483076187058,8264,8300,97,0,8203,8229,446527,61,0,0,61,71
2020-09-05,US,California,Santa Clara,18190,257,0,37.23104908,-121.6970462,6085.0,943.5371594914965,1.4128642111050027,17933,18190,254,0,17936,17993,1937570,0,3,0,-3,197
2020-09-05,US,California,Santa Cruz,1923,7,0,37.05580291,-122.0066524,6087.0,703.8464494734877,0.3640145605824233,1916,1896,7,0,1889,1878,274255,27,0,0,27,18
2020-09-05,US,California,Shasta,581,12,0,40.76391419,-122.0396884,6089.0,322.6343847179032,2.0654044750430294,569,581,12,0,569,578,180040,0,0,0,0,3
2020-09-05,US,California,Sierra,6,0,0,39.57713498,-120.52007009999998,6091.0,199.6672212978369,0.0,6,6,0,0,6,6,2987,0,0,0,0,0
2020-09-05,US,California,Siskiyou,144,0,0,41.59198861,-122.54074340000001,6093.0,330.7379590711776,0.0,144,143,0,0,143,140,43724,1,0,0,1,3
2020-09-05,US,California,Solano,5671,48,0,38.26827353,-121.9357113,6095.0,1266.8577415485108,0.8464115676247576,5623,5671,48,0,5623,5631,446610,0,0,0,0,40
2020-09-05,US,California,Sonoma,6142,93,0,38.52746429,-122.88625060000001,6097.0,1242.4747540134645,1.5141647671768157,6049,6142,93,0,6049,6142,499942,0,0,0,0,0
2020-09-05,US,California,Stanislaus,15277,282,0,37.55862499,-120.9970722,6099.0,2774.307195002361,1.8459121555279177,14995,15162,282,0,14880,15021,549815,115,0,0,115,141
2020-09-05,US,California,Sutter,1465,10,0,39.03417539,-121.6945899,6101.0,1510.7609491497458,0.6825938566552902,1455,1461,10,0,1451,1436,96807,4,0,0,4,25
2020-09-05,US,California,Tehama,442,1,0,40.12570935,-122.23701709999999,6103.0,679.122364943765,0.2262443438914027,441,436,1,0,435,429,63916,6,0,0,6,7
2020-09-05,US,California,Trinity,13,0,0,40.64917670000001,-123.114713,6105.0,105.82010582010582,0.0,13,13,0,0,13,13,12535,0,0,0,0,0
2020-09-05,US,California,Tulare,14677,243,0,36.22026558,-118.8020203,6107.0,3148.253413271271,1.6556516999386797,14434,14552,243,0,14309,14442,465861,125,0,0,125,110
2020-09-05,US,California,Tuolumne,193,2,0,38.02644018,-119.95250929999999,6109.0,354.27144902529466,1.0362694300518134,191,193,2,0,191,190,54539,0,0,0,0,3
2020-09-05,US,California,Ventura,11171,118,0,34.44465746,-119.09106129999999,6111.0,1320.4398077555004,1.0563065079222989,11053,11109,116,0,10993,11031,850967,62,2,0,60,78
2020-09-05,US,California,Yolo,2524,53,0,38.68278902,-121.90182879999999,6113.0,1144.671201814059,2.099841521394612,2471,2495,53,0,2442,2478,220408,29,0,0,29,17
2020-09-05,US,California,Yuba,994,6,0,39.26255932,-121.35356440000001,6115.0,1263.5379061371839,0.6036217303822937,988,975,6,0,969,944,78041,19,0,0,19,31
2020-09-05,US,Colorado,Adams,7745,208,0,39.87432092,-104.3362578,8001.0,1496.8468616465125,2.685603615235636,7537,7663,200,0,7463,7663,511868,82,8,0,74,0
2020-09-05,US,Colorado,Alamosa,238,9,0,37.57250606,-105.7885451,8003.0,1466.1492022423458,3.7815126050420167,229,238,9,0,229,238,16683,0,0,0,0,0
2020-09-05,US,Colorado,Arapahoe,8276,368,0,39.64977461,-104.3353617,8005.0,1260.4517278667054,4.446592556790719,7908,8214,369,0,7845,8214,651215,62,-1,0,63,0
2020-09-05,US,Colorado,Archuleta,48,0,0,37.19474156,-107.04768670000001,8007.0,342.14840687148046,0.0,48,48,0,0,48,48,13765,0,0,0,0,0
2020-09-05,US,Colorado,Baca,17,0,0,37.31940883,-102.5603223,8009.0,474.7277296844457,0.0,17,18,0,0,18,18,3585,-1,0,0,-1,0
2020-09-05,US,Colorado,Bent,11,0,0,37.95474293,-103.0720195,8011.0,197.23865877712032,0.0,11,11,0,0,11,11,5882,0,0,0,0,0
2020-09-05,US,Colorado,Boulder,2397,79,0,40.09313619,-105.3546767,8013.0,734.8342714196373,3.295786399666249,2318,2347,79,0,2268,2347,326078,50,0,0,50,0
2020-09-05,US,Colorado,Broomfield,546,33,0,39.95998787,-105.0566324,8014.0,774.8527637834386,6.043956043956044,513,542,33,0,509,542,69267,4,0,0,4,0
2020-09-05,US,Colorado,Chaffee,317,19,0,38.74745778,-106.19265729999998,8015.0,1557.2804087247002,5.993690851735016,298,316,19,0,297,316,20027,1,0,0,1,0
2020-09-05,US,Colorado,Cheyenne,9,0,0,38.82777431,-102.6032558,8017.0,491.53468050245766,0.0,9,9,0,0,9,9,1876,0,0,0,0,0
2020-09-05,US,Colorado,Clear Creek,36,1,0,39.68864463,-105.6463118,8019.0,371.1340206185567,2.7777777777777777,35,36,1,0,35,36,9605,0,0,0,0,0
2020-09-05,US,Colorado,Conejos,31,0,0,37.201606,-106.19174879999998,8021.0,377.8184034125533,0.0,31,31,0,0,31,31,8200,0,0,0,0,0
2020-09-05,US,Colorado,Costilla,32,1,0,37.27732493,-105.4276548,8023.0,823.2570105479805,3.125,31,32,1,0,31,32,3828,0,0,0,0,0
2020-09-05,US,Colorado,Crowley,73,1,0,38.32608609,-103.7844965,8025.0,1204.4217125886814,1.3698630136986298,72,73,1,0,72,73,5858,0,0,0,0,0
2020-09-05,US,Colorado,Custer,17,0,0,38.10883162,-105.3683478,8027.0,335.43804262036303,0.0,17,17,0,0,17,17,4954,0,0,0,0,0
2020-09-05,US,Colorado,Delta,169,2,0,38.86246243,-107.86313419999999,8029.0,542.3271933765484,1.183431952662722,167,166,2,0,164,166,30953,3,0,0,3,0
2020-09-05,US,Colorado,Denver,11479,429,0,39.76018276,-104.87256950000001,8031.0,1578.4964748883062,3.737259343148358,11050,11366,429,0,10937,11366,716492,113,0,0,113,0
2020-09-05,US,Colorado,Dolores,2,0,0,37.75208676,-108.5211585,8033.0,97.32360097323601,0.0,2,2,0,0,2,2,2074,0,0,0,0,0
2020-09-05,US,Colorado,Douglas,2093,60,0,39.33133796,-104.930001,8035.0,596.034788155624,2.8666985188724317,2033,2053,60,0,1993,2053,342776,40,0,0,40,0
2020-09-05,US,Colorado,Eagle,1190,9,0,39.62754308,-106.6933637,8037.0,2158.651840296044,0.7563025210084033,1181,1187,9,0,1178,1187,54993,3,0,0,3,0
2020-09-05,US,Colorado,El Paso,6195,155,0,38.83240149,-104.5251411,8041.0,859.9353417462172,2.5020177562550443,6040,6098,154,0,5944,6098,713856,97,1,0,96,0
2020-09-05,US,Colorado,Elbert,129,2,0,39.28656773,-104.13587209999999,8039.0,482.6218713756594,1.5503875968992251,127,125,2,0,123,125,26282,4,0,0,4,0
2020-09-05,US,Colorado,Fremont,162,0,0,38.47362326,-105.43996670000001,8043.0,338.6358410501892,0.0,162,161,0,0,161,161,48021,1,0,0,1,0
2020-09-05,US,Colorado,Garfield,859,4,0,39.59921777,-107.902708,8045.0,1430.2126171725413,0.4656577415599534,855,847,4,0,843,847,59770,12,0,0,12,0
2020-09-05,US,Colorado,Gilpin,18,0,0,39.85646523,-105.5252597,8047.0,288.32292167227297,0.0,18,18,0,0,18,18,6121,0,0,0,0,0
2020-09-05,US,Colorado,Grand,66,1,0,40.10603347,-106.11780420000001,8049.0,419.4737511122409,1.5151515151515151,65,66,1,0,65,66,15525,0,0,0,0,0
2020-09-05,US,Colorado,Gunnison,295,7,0,38.66611652,-107.0320729,8051.0,1689.3826594891766,2.3728813559322037,288,292,7,0,285,292,17246,3,0,0,3,0
2020-09-05,US,Colorado,Hinsdale,3,0,0,37.82247444,-107.3004345,8053.0,365.8536585365854,0.0,3,3,0,0,3,3,811,0,0,0,0,0
2020-09-05,US,Colorado,Huerfano,9,1,0,37.68473101,-104.9612585,8055.0,130.49151805132666,11.111111111111109,8,9,1,0,8,9,6889,0,0,0,0,0
2020-09-05,US,Colorado,Jackson,9,0,0,40.66593870000001,-106.3408905,8057.0,646.5517241379309,0.0,9,9,0,0,9,9,1399,0,0,0,0,0
2020-09-05,US,Colorado,Jefferson,4941,243,0,39.58635604,-105.2517692,8059.0,847.6858912882733,4.918032786885246,4698,4878,238,0,4640,4878,580233,63,5,0,58,0
2020-09-05,US,Colorado,Kit Carson,76,3,0,39.30497777,-102.60221990000001,8063.0,1070.8750176130761,3.947368421052632,73,78,3,0,75,78,7163,-2,0,0,-2,0
2020-09-05,US,Colorado,La Plata,244,2,0,37.28632032,-107.8429014,8067.0,434.0015296775227,0.819672131147541,242,242,2,0,240,242,56310,2,0,0,2,0
2020-09-05,US,Colorado,Lake,81,0,0,39.20278823,-106.35556969999999,8065.0,996.6777408637872,0.0,81,81,0,0,81,81,7824,0,0,0,0,0
2020-09-05,US,Colorado,Larimer,2064,44,0,40.66671597,-105.4625784,8069.0,578.3148733955545,2.1317829457364343,2020,2018,43,0,1975,2018,350518,46,1,0,45,0
2020-09-05,US,Colorado,Las Animas,20,0,0,37.3153406,-104.03764579999999,8071.0,137.87398317937405,0.0,20,20,0,0,20,20,14503,0,0,0,0,0
2020-09-05,US,Colorado,Lincoln,8,0,0,38.98749519,-103.51366490000001,8073.0,140.3262585511314,0.0,8,8,0,0,8,8,5610,0,0,0,0,0
2020-09-05,US,Colorado,Logan,697,5,0,40.7249637,-103.110817,8075.0,3110.357445669151,0.7173601147776184,692,691,5,0,686,691,21528,6,0,0,6,0
2020-09-05,US,Colorado,Mesa,448,5,0,39.01787888,-108.469799,8077.0,290.5129369042216,1.1160714285714286,443,426,5,0,421,426,153207,22,0,0,22,0
2020-09-05,US,Colorado,Mineral,19,0,0,37.66954283,-106.92816979999999,8079.0,2470.74122236671,0.0,19,19,0,0,19,19,776,0,0,0,0,0
2020-09-05,US,Colorado,Moffat,35,1,0,40.61810999,-108.2070876,8081.0,263.4946924640518,2.8571428571428568,34,34,1,0,33,34,13188,1,0,0,1,0
2020-09-05,US,Colorado,Montezuma,126,5,0,37.33859579,-108.59588570000001,8083.0,481.2282778902342,3.968253968253968,121,126,5,0,121,126,26158,0,0,0,0,0
2020-09-05,US,Colorado,Montrose,350,13,0,38.40214114,-108.26390220000002,8085.0,818.5602694232657,3.7142857142857135,337,348,13,0,335,348,42214,2,0,0,2,0
2020-09-05,US,Colorado,Morgan,720,48,0,40.26279810000001,-103.8093302,8087.0,2476.950598596395,6.666666666666668,672,717,48,0,669,717,28558,3,0,0,3,0
2020-09-05,US,Colorado,Otero,82,6,0,37.9014485,-103.7173385,8089.0,448.6267644162381,7.317073170731707,76,82,6,0,76,82,18432,0,0,0,0,0
2020-09-05,US,Colorado,Ouray,26,1,0,38.14717457,-107.7675136,8091.0,525.0403877221323,3.8461538461538463,25,24,1,0,23,24,4833,2,0,0,2,0
2020-09-05,US,Colorado,Park,46,1,0,39.120926000000004,-105.7182065,8093.0,244.09657734146992,2.1739130434782608,45,43,1,0,42,43,18556,3,0,0,3,0
2020-09-05,US,Colorado,Phillips,19,0,0,40.59414277,-102.3577703,8095.0,445.48651817116064,0.0,19,19,0,0,19,19,4286,0,0,0,0,0
2020-09-05,US,Colorado,Pitkin,202,2,0,39.21720112,-106.9310027,8097.0,1136.9392694320932,0.99009900990099,200,199,2,0,197,199,17950,3,0,0,3,0
2020-09-05,US,Colorado,Prowers,88,0,0,37.95544985,-102.3926052,8099.0,722.9707525468287,0.0,88,87,0,0,87,87,12164,1,0,0,1,0
2020-09-05,US,Colorado,Pueblo,920,34,0,38.17359144,-104.5127437,8101.0,546.2404407922861,3.695652173913044,886,895,34,0,861,895,167529,25,0,0,25,0
2020-09-05,US,Colorado,Rio Blanco,24,0,0,39.97913541,-108.2179009,8103.0,379.5066413662239,0.0,24,24,0,0,24,24,6336,0,0,0,0,0
2020-09-05,US,Colorado,Rio Grande,94,2,0,37.5836865,-106.3847838,8105.0,834.2948433478299,2.127659574468085,92,94,2,0,92,94,11250,0,0,0,0,0
2020-09-05,US,Colorado,Routt,134,8,0,40.48596505,-106.9905548,8107.0,522.6616740775412,5.970149253731344,126,135,8,0,127,135,25733,-1,0,0,-1,0
2020-09-05,US,Colorado,Saguache,111,2,0,38.08054629,-106.28246599999999,8109.0,1626.6119577960142,1.8018018018018016,109,111,2,0,109,111,6843,0,0,0,0,0
2020-09-05,US,Colorado,San Juan,6,0,0,37.76248981,-107.67632890000002,8111.0,824.1758241758242,0.0,6,6,0,0,6,6,762,0,0,0,0,0
2020-09-05,US,Colorado,San Miguel,94,0,0,38.00450883,-108.4020725,8113.0,1149.284753637364,0.0,94,93,0,0,93,93,8191,1,0,0,1,0
2020-09-05,US,Colorado,Sedgwick,12,1,0,40.87595412,-102.3519227,8115.0,533.8078291814946,8.333333333333334,11,12,1,0,11,12,2303,0,0,0,0,0
2020-09-05,US,Colorado,Summit,366,4,0,39.63803232,-106.1150762,8117.0,1180.2263712876077,1.0928961748633879,362,365,4,0,361,365,31007,1,0,0,1,0
2020-09-05,US,Colorado,Teller,164,4,0,38.88133511,-105.16148929999999,8119.0,645.9744761304553,2.4390243902439024,160,163,4,0,159,163,25083,1,0,0,1,0
2020-09-05,US,Colorado,Washington,54,0,0,39.97015535,-103.202587,8121.0,1100.244498777506,0.0,54,54,0,0,54,54,4909,0,0,0,0,0
2020-09-05,US,Colorado,Weld,4157,148,0,40.55499405,-104.39296209999999,8123.0,1281.079348643418,3.560259802742362,4009,4113,146,0,3967,4113,314305,44,2,0,42,0
2020-09-05,US,Colorado,Yuma,67,0,0,40.00346839,-102.4258673,8125.0,668.7294141131849,0.0,67,65,0,0,65,65,10020,2,0,0,2,0
2020-09-05,US,Connecticut,Fairfield,19031,1415,0,41.26809896,-73.3881171,9001.0,2017.423346181408,7.435237244495823,17616,19031,1415,0,17616,18995,943823,0,0,0,0,36
2020-09-05,US,Connecticut,Hartford,13635,1426,0,41.80283011,-72.73103891,9003.0,1529.067420266451,10.458379171250456,12209,13635,1426,0,12209,13598,892697,0,0,0,0,37
2020-09-05,US,Connecticut,Litchfield,1728,139,0,41.7937534,-73.2451475,9005.0,958.227279532864,8.043981481481481,1589,1728,139,0,1589,1721,181111,0,0,0,0,7
2020-09-05,US,Connecticut,Middlesex,1484,192,0,41.45949668,-72.53714864,9007.0,913.5905833682187,12.938005390835581,1292,1484,192,0,1292,1469,162682,0,0,0,0,15
2020-09-05,US,Connecticut,New Haven,13793,1109,0,41.408032500000004,-72.93620426,9009.0,1613.6749976894018,8.040310302327269,12684,13793,1109,0,12684,13763,857620,0,0,0,0,30
2020-09-05,US,Connecticut,New London,1620,107,0,41.48896435,-72.10430976,9011.0,610.8459084636095,6.604938271604937,1513,1620,107,0,1513,1598,266784,0,0,0,0,22
2020-09-05,US,Connecticut,Tolland,1161,65,0,41.85853803,-72.3308481,9013.0,770.2974369862196,5.598621877691644,1096,1161,65,0,1096,1158,150921,0,0,0,0,3
2020-09-05,US,Connecticut,Unassigned,100,0,0,0.0,0.0,90009.0,0.0,0.0,100,100,0,0,100,97,,0,0,0,0,3
2020-09-05,US,Connecticut,Windham,813,15,0,41.82972709,-71.98182316,9015.0,696.1689301433438,1.845018450184502,798,813,15,0,798,810,117027,0,0,0,0,3
2020-09-05,US,Delaware,Kent,2699,110,0,39.08646628,-75.56884914,10001.0,1492.9253371389373,4.075583549462763,2589,2678,110,0,2568,2655,178550,21,0,0,21,23
2020-09-05,US,Delaware,New Castle,8516,302,0,39.57992638,-75.64054974,10003.0,1524.1081479652012,3.5462658525129167,8214,8415,301,0,8114,8360,559335,101,1,0,100,55
2020-09-05,US,Delaware,Sussex,6374,196,0,38.66143781,-75.39031349,10005.0,2721.314974917281,3.0749921556322564,6178,6365,195,0,6170,6346,229286,9,1,0,8,19
2020-09-05,US,Delaware,Unassigned,303,0,0,0.0,0.0,90010.0,0.0,0.0,303,294,0,0,294,292,,9,0,0,9,2
2020-09-05,US,District of Columbia,District of Columbia,14238,611,0,38.90417773,-77.01655992,11001.0,2017.4311263636225,4.291333052394998,13627,14186,611,0,13575,14135,702455,52,0,0,52,51
2020-09-05,US,Florida,Alachua,5498,33,0,29.67866525,-82.35928158,12001.0,2043.5395085543946,0.6002182611858857,5465,5409,33,0,5376,5345,269956,89,0,0,89,64
2020-09-05,US,Florida,Baker,1248,6,0,30.33060121,-82.28467476,12003.0,4272.509414584048,0.4807692307692308,1242,1238,6,0,1232,1231,28355,10,0,0,10,7
2020-09-05,US,Florida,Bay,5491,85,0,30.26548745,-85.62122584,12005.0,3143.012506797173,1.547987616099071,5406,5473,84,0,5389,5455,185287,18,1,0,17,18
2020-09-05,US,Florida,Bradford,835,5,0,29.95079741,-82.16611613,12007.0,2960.887911776178,0.5988023952095808,830,818,5,0,813,797,27732,17,0,0,17,21
2020-09-05,US,Florida,Brevard,7598,234,0,28.29409504,-80.73091022,12009.0,1262.2478577670274,3.07975783100816,7364,7532,228,0,7304,7464,596849,66,6,0,60,68
2020-09-05,US,Florida,Broward,73112,1215,0,26.15184651,-80.48725556,12011.0,3743.999573940304,1.6618338986760042,71897,72880,1212,0,71668,72634,1951260,232,3,0,229,246
2020-09-05,US,Florida,Calhoun,587,10,0,30.40666734,-85.19394153,12013.0,4161.644806806097,1.7035775127768311,577,583,10,0,573,575,14587,4,0,0,4,8
2020-09-05,US,Florida,Charlotte,2778,116,0,26.90131002,-81.92949121,12015.0,1470.541527711609,4.175665946724262,2662,2762,116,0,2646,2744,184998,16,0,0,16,18
2020-09-05,US,Florida,Citrus,2297,64,0,28.84804315,-82.47614748,12017.0,1534.8430076775562,2.786242925555072,2233,2211,62,0,2149,2166,147929,86,2,0,84,45
2020-09-05,US,Florida,Clay,4251,79,0,29.98319144,-81.85609986,12019.0,1938.8648678233267,1.8583862620559868,4172,4214,79,0,4135,4179,216072,37,0,0,37,35
2020-09-05,US,Florida,Collier,11951,182,0,26.11091986,-81.34687065,12021.0,3104.94619409616,1.5228851142163835,11769,11893,181,0,11712,11853,378488,58,1,0,57,40
2020-09-05,US,Florida,Columbia,3429,38,0,30.22509788,-82.62160164,12023.0,4783.360767792875,1.1081948089822105,3391,3402,38,0,3364,3387,70503,27,0,0,27,15
2020-09-05,US,Florida,DeSoto,1522,22,0,27.18677893,-81.80941373,12027.0,4005.157759006342,1.445466491458607,1500,1503,22,0,1481,1503,37489,19,0,0,19,0
2020-09-05,US,Florida,Dixie,769,4,0,29.60631086,-83.15724673,12029.0,4570.307856888149,0.5201560468140443,765,757,4,0,753,749,16700,12,0,0,12,8
2020-09-05,US,Florida,Duval,27544,270,0,30.33225875,-81.66976468,12031.0,2875.892060077995,0.9802497821667152,27274,27405,268,0,27137,27241,950181,139,2,0,137,164
2020-09-05,US,Florida,Escambia,11482,193,0,30.67652764,-87.37284571,12033.0,3607.107402706744,1.6808918306915173,11289,11418,192,0,11226,11360,315534,64,1,0,63,58
2020-09-05,US,Florida,Flagler,1393,15,0,29.45933576,-81.31508595,12035.0,1210.4517687541818,1.0768126346015794,1378,1367,15,0,1352,1340,112067,26,0,0,26,27
2020-09-05,US,Florida,Franklin,565,3,0,29.83791238,-84.82731662,12037.0,4659.79381443299,0.5309734513274337,562,562,3,0,559,560,11736,3,0,0,3,2
2020-09-05,US,Florida,Gadsden,2522,33,0,30.57796289,-84.61915825,12039.0,5523.434077967587,1.3084853291038858,2489,2414,31,0,2383,2387,45894,108,2,0,106,27
2020-09-05,US,Florida,Gilchrist,479,10,0,29.72856978,-82.79880657,12041.0,2577.763426972339,2.0876826722338206,469,474,10,0,464,472,18256,5,0,0,5,2
2020-09-05,US,Florida,Glades,460,4,0,26.95635849,-81.18996211,12043.0,3330.6784447179784,0.8695652173913043,456,460,4,0,456,458,13724,0,0,0,0,2
2020-09-05,US,Florida,Gulf,842,13,0,29.93543004,-85.24270990000002,12045.0,6173.473128528484,1.5439429928741093,829,836,13,0,823,834,16164,6,0,0,6,2
2020-09-05,US,Florida,Hamilton,711,7,0,30.49673973,-82.94998918,12047.0,4927.917937344053,0.9845288326300984,704,709,6,0,703,707,14310,2,1,0,1,2
2020-09-05,US,Florida,Hardee,1150,9,0,27.49293939,-81.80956574,12049.0,4269.220774399525,0.7826086956521741,1141,1125,9,0,1116,1121,27245,25,0,0,25,4
2020-09-05,US,Florida,Hendry,1994,39,0,26.55386945,-81.16469006,12051.0,4745.1335014992155,1.9558676028084248,1955,1987,39,0,1948,1983,41556,7,0,0,7,4
2020-09-05,US,Florida,Hernando,2764,99,0,28.55364461,-82.42700204,12053.0,1425.3300330033005,3.581765557163531,2665,2742,98,0,2644,2721,190865,22,1,0,21,21
2020-09-05,US,Florida,Highlands,1888,69,0,27.34254618,-81.34071957,12055.0,1777.426309298538,3.6546610169491527,1819,1873,69,0,1804,1854,105424,15,0,0,15,19
2020-09-05,US,Florida,Hillsborough,38262,559,0,27.9276559,-82.32013172,12057.0,2599.3771603730515,1.4609795619674872,37703,37981,558,0,37423,37821,1436888,281,1,0,280,160
2020-09-05,US,Florida,Holmes,677,5,0,30.86747479,-85.81319222,12059.0,3451.0883417444047,0.7385524372230429,672,676,5,0,671,662,19477,1,0,0,1,14
2020-09-05,US,Florida,Indian River,2894,104,0,27.69308961,-80.60556721,12061.0,1809.6208800485235,3.59364201796821,2790,2884,104,0,2780,2871,157413,10,0,0,10,13
2020-09-05,US,Florida,Jackson,2478,67,0,30.795459700000002,-85.21500423,12063.0,5338.9063644590005,2.7037933817594832,2411,2445,67,0,2378,2428,48305,33,0,0,33,17
2020-09-05,US,Florida,Jefferson,513,6,0,30.43669112,-83.89442308,12065.0,3601.010810051944,1.1695906432748535,507,510,6,0,504,506,14288,3,0,0,3,4
2020-09-05,US,Florida,Lafayette,1211,10,0,29.98484137,-83.18166636,12067.0,14379.007361671811,0.8257638315441783,1201,1210,10,0,1200,1207,8732,1,0,0,1,3
2020-09-05,US,Florida,Lake,6754,129,0,28.76202069,-81.7125123,12069.0,1839.7354529061506,1.9099792715427892,6625,6683,128,0,6555,6622,356495,71,1,0,70,61
2020-09-05,US,Florida,Lee,19099,438,0,26.58410348,-81.88399313,12071.0,2478.532320585743,2.2933137860620976,18661,19018,437,0,18581,18960,754610,81,1,0,80,58
2020-09-05,US,Florida,Leon,7476,39,0,30.45955727,-84.27491114,12073.0,2546.4776450872328,0.521669341894061,7437,7149,38,0,7111,6875,292502,327,1,0,326,274
2020-09-05,US,Florida,Levy,935,7,0,29.31829741,-82.74007147,12075.0,2252.8491916247017,0.7486631016042781,928,930,7,0,923,927,40770,5,0,0,5,3
2020-09-05,US,Florida,Liberty,444,7,0,30.23766008,-84.8829258,12077.0,5314.819248264304,1.576576576576577,437,440,7,0,433,436,8457,4,0,0,4,4
2020-09-05,US,Florida,Madison,907,16,0,30.44396917,-83.47398594,12079.0,4904.558481587628,1.7640573318632855,891,898,16,0,882,887,18529,9,0,0,9,11
2020-09-05,US,Florida,Manatee,10633,266,0,27.47196942,-82.31831044,12081.0,2636.8061737916396,2.5016458196181697,10367,10601,266,0,10335,10557,394855,32,0,0,32,44
2020-09-05,US,Florida,Marion,8794,212,0,29.21227113,-82.05803627,12083.0,2405.499221782433,2.4107345917671146,8582,8738,209,0,8529,8675,359977,56,3,0,53,63
2020-09-05,US,Florida,Martin,4545,120,0,27.0772071,-80.43109784,12085.0,2822.981366459627,2.64026402640264,4425,4530,120,0,4410,4514,160912,15,0,0,15,16
2020-09-05,US,Florida,Miami-Dade,161018,2650,0,25.6112362,-80.55170587,12086.0,5926.446664262001,1.6457787328124809,158368,160469,2632,0,157837,159978,2761581,549,18,0,531,491
2020-09-05,US,Florida,Monroe,1758,16,0,25.20904673,-81.07812416,12087.0,2368.378509457348,0.9101251422070534,1742,1754,16,0,1738,1753,75027,4,0,0,4,1
2020-09-05,US,Florida,Nassau,1794,24,0,30.61037141,-81.80297522,12089.0,2024.25952045134,1.3377926421404682,1770,1777,22,0,1755,1765,85832,17,2,0,15,12
2020-09-05,US,Florida,Okaloosa,4361,85,0,30.69143028,-86.59267105,12091.0,2069.3942241076597,1.9490942444393489,4276,4328,83,0,4245,4278,207269,33,2,0,31,50
2020-09-05,US,Florida,Okeechobee,1279,20,0,27.386336199999995,-80.88944347,12093.0,3033.105672547904,1.5637216575449568,1259,1271,20,0,1251,1267,41537,8,0,0,8,4
2020-09-05,US,Florida,Orange,36966,387,0,28.51367621,-81.31799498,12095.0,2652.836265619483,1.046907969485473,36579,36827,386,0,36441,36668,1380645,139,1,0,138,159
2020-09-05,US,Florida,Osceola,11472,133,0,28.06312234,-81.14882926,12097.0,3053.08568706404,1.159344490934449,11339,11406,133,0,11273,11342,367990,66,0,0,66,64
2020-09-05,US,Florida,Palm Beach,42905,1162,0,26.64676272,-80.46536002,12099.0,2866.5058759862904,2.708309054888708,41743,42762,1160,0,41602,42643,1485941,143,2,0,141,119
2020-09-05,US,Florida,Pasco,8267,183,0,28.30810945,-82.40227529,12101.0,1492.3810400633993,2.213620418531511,8084,8230,183,0,8047,8198,539630,37,0,0,37,32
2020-09-05,US,Florida,Pinellas,20355,671,0,27.93130349,-82.72239666,12103.0,2087.7008726189647,3.2964873495455667,19684,20259,669,0,19590,20177,975280,96,2,0,94,82
2020-09-05,US,Florida,Polk,17693,468,0,27.95027105,-81.69732947,12105.0,2441.164661682145,2.6451138868479056,17225,17566,464,0,17102,17418,708009,127,4,0,123,148
2020-09-05,US,Florida,Putnam,1842,38,0,29.60779729,-81.74230285,12107.0,2471.786476295273,2.0629750271444083,1804,1829,38,0,1791,1818,74163,13,0,0,13,11
2020-09-05,US,Florida,Santa Rosa,4891,59,0,30.69341450000001,-87.02458128,12113.0,2653.638104745732,1.2062972807196892,4832,4845,59,0,4786,4812,179349,46,0,0,46,33
2020-09-05,US,Florida,Sarasota,7378,216,0,27.18546175,-82.33174248,12115.0,1701.0112002065744,2.9276226619680132,7162,7338,216,0,7122,7305,426718,40,0,0,40,33
2020-09-05,US,Florida,Seminole,8325,179,0,28.7158582,-81.24060348,12117.0,1764.4216300076723,2.1501501501501497,8146,8299,177,0,8122,8240,467832,26,2,0,24,59
2020-09-05,US,Florida,St. Johns,4587,60,0,29.90096506,-81.43589967,12109.0,1733.088501994922,1.3080444735120995,4527,4535,60,0,4475,4485,254261,52,0,0,52,50
2020-09-05,US,Florida,St. Lucie,7272,244,0,27.37763908,-80.47106649,12111.0,2215.0674541649787,3.3553355335533555,7028,7234,243,0,6991,7193,321128,38,1,0,37,41
2020-09-05,US,Florida,Sumter,2021,55,0,28.70181754,-82.0794267,12119.0,1526.2045008306902,2.721425037110341,1966,1985,55,0,1930,1957,128754,36,0,0,36,28
2020-09-05,US,Florida,Suwannee,2495,63,0,30.19746066,-82.99099670000003,12121.0,5617.218632505573,2.5250501002004007,2432,2490,63,0,2427,2471,44191,5,0,0,5,19
2020-09-05,US,Florida,Taylor,1223,10,0,30.04848048,-83.60445406,12123.0,5670.174787890028,0.8176614881439084,1213,1217,10,0,1207,1215,21623,6,0,0,6,2
2020-09-05,US,Florida,Unassigned,1095,0,0,0.0,0.0,90012.0,0.0,0.0,1095,1089,0,0,1089,1083,,6,0,0,6,6
2020-09-05,US,Florida,Union,654,5,0,30.04412971,-82.37497443,12125.0,4292.1835006891115,0.764525993883792,649,644,5,0,639,636,14940,10,0,0,10,8
2020-09-05,US,Florida,Volusia,9735,196,0,29.05858895,-81.18263252,12127.0,1759.4942199665995,2.013353877760657,9539,9648,196,0,9452,9589,547538,87,0,0,87,59
2020-09-05,US,Florida,Wakulla,947,8,0,30.16548905,-84.39895211,12129.0,2806.840748095676,0.8447729672650475,939,942,8,0,934,937,32461,5,0,0,5,5
2020-09-05,US,Florida,Walton,1723,20,0,30.64204028,-86.16935664,12131.0,2326.146535081206,1.1607661056297156,1703,1703,20,0,1683,1694,71375,20,0,0,20,9
2020-09-05,US,Florida,Washington,1029,17,0,30.61359259,-85.66002461,12133.0,4039.5713107996703,1.6520894071914483,1012,1024,17,0,1007,1023,24880,5,0,0,5,1
2020-09-05,US,Georgia,Appling,930,23,0,31.74847232,-82.28909114,13001.0,5058.196453823562,2.4731182795698925,907,920,23,0,897,906,18507,10,0,0,10,14
2020-09-05,US,Georgia,Atkinson,416,3,0,31.29633502,-82.87545866,13003.0,5094.917330067361,0.7211538461538461,413,416,3,0,413,414,8297,0,0,0,0,2
2020-09-05,US,Georgia,Bacon,535,10,0,31.55456473,-82.45936528,13005.0,4792.189179505554,1.8691588785046729,525,533,10,0,523,527,11185,2,0,0,2,6
2020-09-05,US,Georgia,Baker,71,3,0,31.32669878,-84.44218806,13007.0,2337.063857801185,4.225352112676056,68,71,3,0,68,71,3092,0,0,0,0,0
2020-09-05,US,Georgia,Baldwin,1790,53,0,33.06882326,-83.24701748,13009.0,3987.52506126086,2.9608938547486034,1737,1765,52,0,1713,1743,44823,25,1,0,24,22
2020-09-05,US,Georgia,Banks,403,6,0,34.35607081,-83.49644388,13011.0,2095.24799833628,1.488833746898263,397,395,6,0,389,392,18988,8,0,0,8,3
2020-09-05,US,Georgia,Barrow,1880,41,0,33.99148694,-83.71436292,13013.0,2258.5295530994713,2.1808510638297878,1839,1857,41,0,1816,1833,80809,23,0,0,23,24
2020-09-05,US,Georgia,Bartow,2542,74,0,34.23732119,-84.83887523,13015.0,2359.427500046409,2.9110936270653034,2468,2520,73,0,2447,2506,106408,22,1,0,21,14
2020-09-05,US,Georgia,Ben Hill,662,17,0,31.76095874,-83.22145359,13017.0,3964.0718562874254,2.5679758308157097,645,650,16,0,634,648,16787,12,1,0,11,2
2020-09-05,US,Georgia,Berrien,410,9,0,31.27590016,-83.22529920000002,13019.0,2113.7289271536833,2.1951219512195124,401,404,9,0,395,401,19252,6,0,0,6,3
2020-09-05,US,Georgia,Bibb,5500,133,0,32.80904227,-83.70489165,13021.0,3591.039377379064,2.4181818181818184,5367,5486,131,0,5355,5463,153095,14,2,0,12,23
2020-09-05,US,Georgia,Bleckley,397,17,0,32.43829035,-83.33035166,13023.0,3083.974209585955,4.282115869017632,380,375,17,0,358,358,12838,22,0,0,22,17
2020-09-05,US,Georgia,Brantley,315,8,0,31.19576557,-81.97743999,13025.0,1648.437908838767,2.5396825396825395,307,315,8,0,307,318,18897,0,0,0,0,-3
2020-09-05,US,Georgia,Brooks,485,22,0,30.83922642,-83.58303423,13027.0,3137.7369476612544,4.536082474226804,463,483,22,0,461,483,15513,2,0,0,2,0
2020-09-05,US,Georgia,Bryan,900,9,0,32.00979311,-81.44002948,13029.0,2271.178741766977,1.0,891,891,9,0,882,884,38109,9,0,0,9,7
2020-09-05,US,Georgia,Bulloch,2336,22,0,32.39577406,-81.74811421,13031.0,2934.3784544266914,0.9417808219178082,2314,2299,22,0,2277,2188,77296,37,0,0,37,111
2020-09-05,US,Georgia,Burke,687,9,0,33.05917989,-81.99928721,13033.0,3069.293660367243,1.310043668122271,678,683,9,0,674,664,22423,4,0,0,4,19
2020-09-05,US,Georgia,Butts,579,41,0,33.283094500000004,-83.95435040000002,13035.0,2321.944177093359,7.081174438687392,538,571,41,0,530,571,24193,8,0,0,8,0
2020-09-05,US,Georgia,Calhoun,229,7,0,31.53169785,-84.62725131,13037.0,3700.1131038940057,3.056768558951965,222,228,7,0,221,227,6352,1,0,0,1,1
2020-09-05,US,Georgia,Camden,1087,7,0,30.92951916,-81.66601818,13039.0,1988.4388834010172,0.6439742410303588,1080,1071,7,0,1064,1057,53677,16,0,0,16,14
2020-09-05,US,Georgia,Candler,369,16,0,32.40209349,-82.07702563,13043.0,3415.7178561510686,4.336043360433604,353,367,16,0,351,365,10836,2,0,0,2,2
2020-09-05,US,Georgia,Carroll,2424,63,0,33.58138199,-85.07976677,13045.0,2020.134675645043,2.599009900990099,2361,2404,63,0,2341,2372,118121,20,0,0,20,32
2020-09-05,US,Georgia,Catoosa,925,16,0,34.89872298,-85.13757014,13047.0,1368.7481503403376,1.7297297297297298,909,914,16,0,898,902,67420,11,0,0,11,12
2020-09-05,US,Georgia,Charlton,583,6,0,30.78371028,-82.13951596,13049.0,4353.345280764635,1.0291595197255574,577,580,6,0,574,580,12968,3,0,0,3,0
2020-09-05,US,Georgia,Chatham,7355,131,0,32.00043026,-81.12489526,13051.0,2541.201672252358,1.7811012916383413,7224,7282,130,0,7152,7240,289195,73,1,0,72,42
2020-09-05,US,Georgia,Chattahoochee,1427,2,0,32.34341231,-84.78809239,13053.0,13083.340973686623,0.1401541695865452,1425,1376,2,0,1374,1336,10684,51,0,0,51,40
2020-09-05,US,Georgia,Chattooga,632,6,0,34.47197698,-85.34535662,13055.0,2549.5179313405138,0.9493670886075948,626,615,6,0,609,610,24790,17,0,0,17,5
2020-09-05,US,Georgia,Cherokee,5144,80,0,34.24393976,-84.47431861,13057.0,1987.8426265491373,1.5552099533437014,5064,5095,80,0,5015,5056,254149,49,0,0,49,39
2020-09-05,US,Georgia,Clarke,3687,34,0,33.95436462,-83.37124007,13059.0,2873.039250064287,0.9221589368049904,3653,3410,32,0,3378,3322,127330,277,2,0,275,88
2020-09-05,US,Georgia,Clay,114,2,0,31.62221166,-84.97713865,13061.0,4022.5829216654906,1.7543859649122806,112,114,2,0,112,113,2887,0,0,0,0,1
2020-09-05,US,Georgia,Clayton,6647,143,0,33.54187245,-84.35594188,13063.0,2274.375889631008,2.1513464720926736,6504,6618,146,0,6472,6596,289615,29,-3,0,32,22
2020-09-05,US,Georgia,Clinch,308,5,0,30.91395822,-82.70432472,13065.0,4653.974010275008,1.6233766233766234,303,306,4,0,302,307,6648,2,1,0,1,-1
2020-09-05,US,Georgia,Cobb,17595,401,0,33.94243204,-84.5761255,13067.0,2314.7021407870384,2.2790565501562945,17194,17479,401,0,17078,17375,756865,116,0,0,116,104
2020-09-05,US,Georgia,Coffee,1859,38,0,31.54892966,-82.85492059999999,13069.0,4295.981327848774,2.0441097364174285,1821,1845,38,0,1807,1829,43093,14,0,0,14,16
2020-09-05,US,Georgia,Colquitt,1809,27,0,31.18810588,-83.7677946,13071.0,3967.105263157895,1.492537313432836,1782,1804,27,0,1777,1790,45592,5,0,0,5,14
2020-09-05,US,Georgia,Columbia,3297,46,0,33.54534185,-82.263524,13073.0,2103.832459129369,1.3952077646345162,3251,3266,46,0,3220,3240,154291,31,0,0,31,26
2020-09-05,US,Georgia,Cook,521,11,0,31.16068491,-83.42947229,13075.0,3016.7921250723803,2.111324376199616,510,517,11,0,506,515,17162,4,0,0,4,2
2020-09-05,US,Georgia,Coweta,2325,31,0,33.35334302,-84.76129976,13077.0,1565.5616831303153,1.3333333333333333,2294,2308,31,0,2277,2297,145864,17,0,0,17,11
2020-09-05,US,Georgia,Crawford,156,3,0,32.71391813,-83.98061238,13079.0,1257.658819735569,1.9230769230769231,153,154,3,0,151,153,12318,2,0,0,2,1
2020-09-05,US,Georgia,Crisp,494,15,0,31.92289565,-83.76811843,13081.0,2208.117289468979,3.0364372469635628,479,480,15,0,465,480,22601,14,0,0,14,0
2020-09-05,US,Georgia,Dade,218,4,0,34.854916700000004,-85.50490424,13083.0,1352.692975924547,1.834862385321101,214,214,4,0,210,211,16226,4,0,0,4,3
2020-09-05,US,Georgia,Dawson,723,7,0,34.44244079,-84.16964071,13085.0,2769.2661253255706,0.9681881051175656,716,711,7,0,704,703,25083,12,0,0,12,8
2020-09-05,US,Georgia,DeKalb,17004,313,0,33.76944049,-84.22396017,13089.0,2239.439902962872,1.8407433545048224,16691,16900,311,0,16589,16837,756558,104,2,0,102,63
2020-09-05,US,Georgia,Decatur,1014,22,0,30.87967778,-84.57619536,13087.0,3840.3272231480078,2.1696252465483234,992,1012,22,0,990,1007,26575,2,0,0,2,5
2020-09-05,US,Georgia,Dodge,343,8,0,32.17265114,-83.16948926,13091.0,1664.6445037612232,2.332361516034985,335,344,7,0,337,339,20705,-1,1,0,-2,5
2020-09-05,US,Georgia,Dooly,294,14,0,32.15630737,-83.79746561,13093.0,2195.6684092606424,4.761904761904762,280,292,14,0,278,292,13706,2,0,0,2,0
2020-09-05,US,Georgia,Dougherty,3010,180,0,31.53328528,-84.21722377,13095.0,3422.16562826868,5.980066445182724,2830,3001,180,0,2821,2993,91243,9,0,0,9,8
2020-09-05,US,Georgia,Douglas,3238,67,0,33.70291126,-84.77026156,13097.0,2212.6101009272734,2.0691785052501546,3171,3227,67,0,3160,3216,145331,11,0,0,11,11
2020-09-05,US,Georgia,Early,428,32,0,31.32155345,-84.90255207,13099.0,4200.1962708537785,7.4766355140186915,396,423,32,0,391,422,10247,5,0,0,5,1
2020-09-05,US,Georgia,Echols,238,2,0,30.71101099,-82.89687287,13101.0,5941.088367448827,0.8403361344537815,236,238,2,0,236,238,4000,0,0,0,0,0
2020-09-05,US,Georgia,Effingham,1152,18,0,32.36616021,-81.34280942,13103.0,1791.7133258678616,1.5625,1134,1140,18,0,1122,1117,62190,12,0,0,12,23
2020-09-05,US,Georgia,Elbert,516,1,0,34.11302332,-82.83936148,13105.0,2688.3401062832136,0.1937984496124031,515,512,1,0,511,498,19120,4,0,0,4,14
2020-09-05,US,Georgia,Emanuel,815,22,0,32.59221302,-82.30239915,13107.0,3598.869557537755,2.6993865030674846,793,810,22,0,788,790,22612,5,0,0,5,20
2020-09-05,US,Georgia,Evans,382,5,0,32.15328841,-81.8870105,13109.0,3585.507790501221,1.3089005235602094,377,380,5,0,375,376,10721,2,0,0,2,4
2020-09-05,US,Georgia,Fannin,483,8,0,34.86430205,-84.316964,13111.0,1844.3561936764927,1.6563146997929608,475,484,8,0,476,480,25964,-1,0,0,-1,4
2020-09-05,US,Georgia,Fayette,1624,41,0,33.41357794,-84.49089434,13113.0,1419.3198800919406,2.5246305418719213,1583,1613,40,0,1573,1606,113459,11,1,0,10,7
2020-09-05,US,Georgia,Floyd,2484,34,0,34.26268279,-85.21577392,13115.0,2521.878616824707,1.3687600644122384,2450,2446,34,0,2412,2417,97927,38,0,0,38,29
2020-09-05,US,Georgia,Forsyth,3324,36,0,34.22604035,-84.12315129999998,13117.0,1360.8895730638847,1.083032490974729,3288,3281,36,0,3245,3240,236612,43,0,0,43,41
2020-09-05,US,Georgia,Franklin,604,11,0,34.37525597,-83.23159927,13119.0,2586.834553942353,1.8211920529801324,593,596,11,0,585,582,23023,8,0,0,8,14
2020-09-05,US,Georgia,Fulton,25540,541,0,33.79216944,-84.46319413,13121.0,2400.518075788322,2.11824588880188,24999,25439,535,0,24904,25339,1050114,101,6,0,95,100
2020-09-05,US,Georgia,Gilmer,768,9,0,34.69316688,-84.45802506,13123.0,2448.2769613312507,1.171875,759,763,9,0,754,758,30816,5,0,0,5,5
2020-09-05,US,Georgia,Glascock,35,2,0,33.22879932,-82.61297636,13125.0,1178.0545270952541,5.7142857142857135,33,35,2,0,33,34,2995,0,0,0,0,1
2020-09-05,US,Georgia,Glynn,3172,80,0,31.23279254,-81.53811412,13127.0,3718.988885241289,2.522068095838588,3092,3141,78,0,3063,3119,85219,31,2,0,29,22
2020-09-05,US,Georgia,Gordon,1586,31,0,34.50487351,-84.87296253,13129.0,2736.2282835602027,1.9546027742749053,1555,1577,31,0,1546,1561,57685,9,0,0,9,16
2020-09-05,US,Georgia,Grady,688,16,0,30.87454847,-84.23418364,13131.0,2793.0012584744045,2.3255813953488373,672,686,15,0,671,682,24748,2,1,0,1,4
2020-09-05,US,Georgia,Greene,468,20,0,33.5769205,-83.17139104,13133.0,2554.0275049115908,4.2735042735042725,448,465,20,0,445,452,17698,3,0,0,3,13
2020-09-05,US,Georgia,Gwinnett,25019,356,0,33.96044201,-84.02137802,13135.0,2672.256341789052,1.4229185818777732,24663,24870,351,0,24519,24763,927781,149,5,0,144,107
2020-09-05,US,Georgia,Habersham,1399,65,0,34.63331566,-83.53094677,13137.0,3086.3925167666785,4.6461758398856325,1334,1390,65,0,1325,1376,45388,9,0,0,9,14
2020-09-05,US,Georgia,Hall,8118,130,0,34.32207823,-83.81896936,13139.0,3970.8277693808973,1.6013796501601383,7988,8023,130,0,7893,7946,202148,95,0,0,95,77
2020-09-05,US,Georgia,Hancock,370,39,0,33.2721566,-82.99766919,13141.0,4375.0739032753945,10.540540540540539,331,368,39,0,329,366,8348,2,0,0,2,2
2020-09-05,US,Georgia,Haralson,359,8,0,33.79602175,-85.21005667,13143.0,1205.0214822771213,2.2284122562674096,351,350,8,0,342,345,29533,9,0,0,9,5
2020-09-05,US,Georgia,Harris,743,21,0,32.73709786,-84.90538572,13145.0,2108.6388920422296,2.826379542395693,722,737,21,0,716,736,34475,6,0,0,6,1
2020-09-05,US,Georgia,Hart,434,11,0,34.34626973,-82.96567682,13147.0,1656.1724861667624,2.5345622119815667,423,431,11,0,420,427,26099,3,0,0,3,4
2020-09-05,US,Georgia,Heard,179,5,0,33.29686567,-85.12886832,13149.0,1501.300008387151,2.793296089385475,174,176,5,0,171,174,11879,3,0,0,3,2
2020-09-05,US,Georgia,Henry,4567,88,0,33.4533428,-84.14814659999998,13151.0,1947.0414945366024,1.926866652069192,4479,4529,84,0,4445,4492,230220,38,4,0,34,37
2020-09-05,US,Georgia,Houston,2744,71,0,32.45802497,-83.66879087,13153.0,1738.2160480923333,2.587463556851312,2673,2735,71,0,2664,2706,155469,9,0,0,9,29
2020-09-05,US,Georgia,Irwin,240,4,0,31.60213036,-83.27501387,13155.0,2548.853016142736,1.6666666666666667,236,233,4,0,229,231,9398,7,0,0,7,2
2020-09-05,US,Georgia,Jackson,1640,27,0,34.13794553,-83.56814788,13157.0,2247.2833906573305,1.6463414634146343,1613,1609,27,0,1582,1586,70422,31,0,0,31,23
2020-09-05,US,Georgia,Jasper,193,4,0,33.31535543,-83.68844964,13159.0,1357.3387720655462,2.0725388601036268,189,192,4,0,188,191,14040,1,0,0,1,1
2020-09-05,US,Georgia,Jeff Davis,661,12,0,31.80405727,-82.63724870000001,13161.0,4373.139265630169,1.815431164901664,649,659,12,0,647,655,15029,2,0,0,2,4
2020-09-05,US,Georgia,Jefferson,706,19,0,33.05867328,-82.41609057,13163.0,4595.755760968625,2.6912181303116154,687,700,19,0,681,689,15430,6,0,0,6,11
2020-09-05,US,Georgia,Jenkins,342,26,0,32.79248718,-81.96040187,13165.0,3941.908713692946,7.60233918128655,316,342,25,0,317,338,8683,0,1,0,-1,4
2020-09-05,US,Georgia,Johnson,356,14,0,32.70211082,-82.66166794,13167.0,3691.797158560613,3.9325842696629216,342,353,14,0,339,352,9708,3,0,0,3,1
2020-09-05,US,Georgia,Jones,482,4,0,33.02512137,-83.56019163,13169.0,1677.39690273186,0.8298755186721992,478,475,4,0,471,465,28616,7,0,0,7,10
2020-09-05,US,Georgia,Lamar,331,16,0,33.07841647,-84.14263877,13171.0,1735.0736488965772,4.833836858006042,315,328,16,0,312,325,19000,3,0,0,3,3
2020-09-05,US,Georgia,Lanier,275,5,0,31.03828570000001,-83.06472457,13173.0,2638.395855319965,1.818181818181818,270,275,5,0,270,272,10340,0,0,0,0,3
2020-09-05,US,Georgia,Laurens,1387,50,0,32.46325233,-82.92221316,13175.0,2917.1749463677284,3.6049026676279734,1337,1379,50,0,1329,1371,47325,8,0,0,8,8
2020-09-05,US,Georgia,Lee,651,25,0,31.779330600000005,-84.14324253,13177.0,2170.5788210189385,3.840245775729647,626,641,25,0,616,669,29764,10,0,0,10,-28
2020-09-05,US,Georgia,Liberty,949,18,0,31.82588896,-81.49251135,13179.0,1544.7220639700495,1.8967334035827184,931,945,18,0,927,940,61497,4,0,0,4,5
2020-09-05,US,Georgia,Lincoln,200,7,0,33.79201475,-82.45024131,13181.0,2524.933720489837,3.5,193,200,7,0,193,199,7915,0,0,0,0,1
2020-09-05,US,Georgia,Long,192,3,0,31.75218791,-81.74952375,13183.0,981.6452783884656,1.5625,189,191,3,0,188,190,18998,1,0,0,1,1
2020-09-05,US,Georgia,Lowndes,3587,71,0,30.83568832,-83.27056716,13185.0,3055.210125547246,1.9793699470309447,3516,3565,72,0,3493,3550,116321,22,-1,0,23,15
2020-09-05,US,Georgia,Lumpkin,786,12,0,34.57286511,-84.00425681,13187.0,2338.5897054448083,1.5267175572519085,774,772,12,0,760,757,32955,14,0,0,14,15
2020-09-05,US,Georgia,Macon,211,10,0,32.35207048,-84.04234127,13193.0,1629.7211709276278,4.739336492890995,201,211,10,0,201,210,13143,0,0,0,0,1
2020-09-05,US,Georgia,Madison,560,8,0,34.12920917,-83.21218732,13195.0,1874.1633199464527,1.4285714285714286,552,554,8,0,546,550,29650,6,0,0,6,4
2020-09-05,US,Georgia,Marion,178,6,0,32.3483402,-84.52733571,13197.0,2129.441320732145,3.3707865168539324,172,178,6,0,172,176,8351,0,0,0,0,2
2020-09-05,US,Georgia,McDuffie,529,13,0,33.47851918,-82.48252774,13189.0,2482.169669669669,2.457466918714556,516,528,13,0,515,525,21531,1,0,0,1,3
2020-09-05,US,Georgia,McIntosh,264,6,0,31.49683595,-81.40163426,13191.0,1836.1385449993045,2.272727272727273,258,261,6,0,255,260,14340,3,0,0,3,1
2020-09-05,US,Georgia,Meriwether,500,11,0,33.04163534,-84.68859732,13199.0,2362.1675249208674,2.2,489,499,11,0,488,497,21068,1,0,0,1,2
2020-09-05,US,Georgia,Miller,226,1,0,31.16568912,-84.73151117,13201.0,3952.430919902064,0.4424778761061947,225,222,1,0,221,223,5686,4,0,0,4,-1
2020-09-05,US,Georgia,Mitchell,728,45,0,31.22483255,-84.19381821,13205.0,3329.8266477610573,6.1813186813186825,683,721,45,0,676,720,22192,7,0,0,7,1
2020-09-05,US,Georgia,Monroe,603,43,0,33.014289,-83.92097166,13207.0,2186.5254913336717,7.131011608623549,560,601,43,0,558,597,27520,2,0,0,2,4
2020-09-05,US,Georgia,Montgomery,238,4,0,32.17201038,-82.53527476,13209.0,2594.853903183602,1.680672268907563,234,236,3,0,233,232,9193,2,1,0,1,4
2020-09-05,US,Georgia,Morgan,434,2,0,33.59232073,-83.49129491,13211.0,2251.5044615065367,0.4608294930875576,432,429,2,0,427,425,18853,5,0,0,5,4
2020-09-05,US,Georgia,Murray,729,4,0,34.78897608,-84.74993177,13213.0,1818.1364724660807,0.5486968449931413,725,725,4,0,721,721,39921,4,0,0,4,4
2020-09-05,US,Georgia,Muscogee,5598,149,0,32.50931999,-84.87142262,13215.0,2859.492565217169,2.661664880314398,5449,5580,146,0,5434,5547,194160,18,3,0,15,33
2020-09-05,US,Georgia,Newton,2375,64,0,33.55514538,-83.84547140000002,13217.0,2125.393757159221,2.6947368421052635,2311,2371,63,0,2308,2360,109541,4,1,0,3,11
2020-09-05,US,Georgia,Oconee,609,20,0,33.83749973,-83.43679568,13219.0,1511.9165839126115,3.2840722495894914,589,593,20,0,573,575,39272,16,0,0,16,18
2020-09-05,US,Georgia,Oglethorpe,290,11,0,33.878629600000004,-83.08278123,13221.0,1900.5177272429391,3.7931034482758617,279,286,11,0,275,285,15054,4,0,0,4,1
2020-09-05,US,Georgia,Out of GA,16333,135,0,0.0,0.0,80013.0,0.0,0.8265474805608277,16198,16307,134,0,16173,16232,,26,1,0,25,75
2020-09-05,US,Georgia,Paulding,2423,40,0,33.91969522,-84.86848792,13223.0,1436.5584257738626,1.6508460586050349,2383,2403,39,0,2364,2377,164044,20,1,0,19,26
2020-09-05,US,Georgia,Peach,585,18,0,32.56934316,-83.82937,13225.0,2123.7203223698543,3.0769230769230766,567,578,18,0,560,573,27297,7,0,0,7,5
2020-09-05,US,Georgia,Pickens,538,8,0,34.46589159,-84.46406611,13227.0,1650.7624804393854,1.4869888475836432,530,533,7,0,526,531,31980,5,1,0,4,2
2020-09-05,US,Georgia,Pierce,537,14,0,31.35928155,-82.21598442,13229.0,2758.797842281017,2.60707635009311,523,532,14,0,518,530,19389,5,0,0,5,2
2020-09-05,US,Georgia,Pike,288,8,0,33.09310242,-84.38790389,13231.0,1518.8271279400906,2.7777777777777777,280,287,8,0,279,285,18634,1,0,0,1,2
2020-09-05,US,Georgia,Polk,1275,17,0,34.00267074,-85.18677781,13233.0,2992.0446812005725,1.3333333333333333,1258,1265,16,0,1249,1254,42470,10,1,0,9,11
2020-09-05,US,Georgia,Pulaski,248,9,0,32.23334561,-83.47549959999998,13235.0,2226.8115291371105,3.629032258064516,239,238,8,0,230,230,11069,10,1,0,9,8
2020-09-05,US,Georgia,Putnam,638,20,0,33.32056115,-83.37552891,13237.0,2884.3980288439802,3.134796238244514,618,634,20,0,614,627,21809,4,0,0,4,7
2020-09-05,US,Georgia,Quitman,31,1,0,31.86728114,-85.01773177,13239.0,1348.4123531970422,3.2258064516129035,30,31,1,0,30,31,2279,0,0,0,0,0
2020-09-05,US,Georgia,Rabun,293,6,0,34.88389445,-83.40304637,13241.0,1709.7508315341074,2.04778156996587,287,293,6,0,287,290,16867,0,0,0,0,3
2020-09-05,US,Georgia,Randolph,320,27,0,31.76622818,-84.75732369,13243.0,4721.156683387429,8.4375,293,318,27,0,291,318,6833,2,0,0,2,0
2020-09-05,US,Georgia,Richmond,6233,138,0,33.35777107,-82.07026432,13245.0,3077.7511134812707,2.2140221402214024,6095,6191,137,0,6054,6165,201554,42,1,0,41,26
2020-09-05,US,Georgia,Rockdale,1701,33,0,33.65145002,-84.02202167,13247.0,1871.3694772047168,1.9400352733686064,1668,1695,33,0,1662,1688,90594,6,0,0,6,7
2020-09-05,US,Georgia,Schley,97,2,0,32.2654021,-84.31258912,13249.0,1845.1588358379306,2.061855670103093,95,96,2,0,94,96,5236,1,0,0,1,0
2020-09-05,US,Georgia,Screven,305,9,0,32.74976524,-81.60779441,13251.0,2183.8751253043106,2.950819672131148,296,305,9,0,296,303,13938,0,0,0,0,2
2020-09-05,US,Georgia,Seminole,304,8,0,30.93464824,-84.86823924,13253.0,3757.7255871446228,2.631578947368421,296,303,8,0,295,298,8315,1,0,0,1,5
2020-09-05,US,Georgia,Spalding,1210,54,0,33.26310031,-84.28013991,13255.0,1814.0113638067248,4.462809917355372,1156,1202,54,0,1148,1198,66100,8,0,0,8,4
2020-09-05,US,Georgia,Stephens,894,28,0,34.55151201,-83.29405315,13257.0,3448.40887174542,3.131991051454139,866,882,28,0,854,875,26035,12,0,0,12,7
2020-09-05,US,Georgia,Stewart,377,11,0,32.07996777,-84.83208037,13259.0,5694.003926899261,2.9177718832891246,366,373,11,0,362,368,6199,4,0,0,4,5
2020-09-05,US,Georgia,Sumter,881,60,0,32.03650571,-84.19821492,13261.0,2984.0130063677007,6.810442678774121,821,877,60,0,817,872,29733,4,0,0,4,5
2020-09-05,US,Georgia,Talbot,155,5,0,32.69642758,-84.53351366,13263.0,2502.0177562550443,3.2258064516129035,150,155,5,0,150,155,6272,0,0,0,0,0
2020-09-05,US,Georgia,Taliaferro,19,0,0,33.56543317,-82.88136816,13265.0,1236.174365647365,0.0,19,19,0,0,19,19,1608,0,0,0,0,0
2020-09-05,US,Georgia,Tattnall,708,8,0,32.04785085,-82.05539188,13267.0,2799.9683619394127,1.1299435028248588,700,704,7,0,697,702,25391,4,1,0,3,2
2020-09-05,US,Georgia,Taylor,164,7,0,32.55792548,-84.25077141,13269.0,2044.8877805486288,4.2682926829268295,157,163,7,0,156,162,8039,1,0,0,1,1
2020-09-05,US,Georgia,Telfair,358,14,0,31.92829517,-82.93491155,13271.0,2257.250945775536,3.910614525139665,344,355,13,0,342,349,15876,3,1,0,2,6
2020-09-05,US,Georgia,Terrell,321,31,0,31.77527543,-84.44069698,13273.0,3762.747626304068,9.657320872274145,290,321,31,0,290,321,8611,0,0,0,0,0
2020-09-05,US,Georgia,Thomas,1455,55,0,30.86392347,-83.91847289,13275.0,3273.267193089019,3.7800687285223367,1400,1446,54,0,1392,1426,44448,9,1,0,8,20
2020-09-05,US,Georgia,Tift,1566,51,0,31.45743864,-83.5236119,13277.0,3852.9672276350752,3.2567049808429123,1515,1560,51,0,1509,1547,40571,6,0,0,6,13
2020-09-05,US,Georgia,Toombs,1140,28,0,32.12059861,-82.32957247,13279.0,4248.975027953783,2.456140350877193,1112,1128,28,0,1100,1116,26887,12,0,0,12,12
2020-09-05,US,Georgia,Towns,223,6,0,34.91369188,-83.74107459999998,13281.0,1852.6210849879533,2.690582959641256,217,221,6,0,215,221,11852,2,0,0,2,0
2020-09-05,US,Georgia,Treutlen,225,5,0,32.40422134,-82.56904553,13283.0,3260.39704390668,2.2222222222222223,220,225,5,0,220,222,6809,0,0,0,0,3
2020-09-05,US,Georgia,Troup,2642,90,0,33.03349196,-85.02812115,13285.0,3778.496038442837,3.4065102195306585,2552,2634,89,0,2545,2627,70034,8,1,0,7,7
2020-09-05,US,Georgia,Turner,282,21,0,31.71612656,-83.62069378,13287.0,3531.6217908578583,7.446808510638298,261,281,21,0,260,281,7912,1,0,0,1,0
2020-09-05,US,Georgia,Twiggs,170,7,0,32.67435595,-83.43078662,13289.0,2093.5960591133003,4.117647058823529,163,168,7,0,161,167,8188,2,0,0,2,1
2020-09-05,US,Georgia,Unassigned,2468,3,0,0.0,0.0,90013.0,0.0,0.12155591572123176,2465,2505,3,0,2502,2419,,-37,0,0,-37,86
2020-09-05,US,Georgia,Union,516,14,0,34.82995757,-83.98967069,13291.0,2105.1772673493533,2.713178294573644,502,511,14,0,497,509,24001,5,0,0,5,2
2020-09-05,US,Georgia,Upson,681,58,0,32.87920671,-84.30024826,13293.0,2587.3860182370818,8.516886930983848,623,672,58,0,614,670,26215,9,0,0,9,2
2020-09-05,US,Georgia,Walker,1123,25,0,34.73376362,-85.30165174,13295.0,1609.7819698685516,2.226179875333927,1098,1107,24,0,1083,1083,69410,16,1,0,15,24
2020-09-05,US,Georgia,Walton,1578,48,0,33.78017694,-83.73552314,13297.0,1668.1995496495515,3.041825095057034,1530,1562,48,0,1514,1550,93503,16,0,0,16,12
2020-09-05,US,Georgia,Ware,1373,47,0,31.05449097,-82.42224148,13299.0,3842.2790619578004,3.423160961398397,1326,1367,46,0,1321,1353,35680,6,1,0,5,14
2020-09-05,US,Georgia,Warren,123,5,0,33.41146451,-82.67795848,13301.0,2341.0734678340314,4.0650406504065035,118,123,5,0,118,121,5251,0,0,0,0,2
2020-09-05,US,Georgia,Washington,624,6,0,32.96711864,-82.79357039,13303.0,3062.727005006381,0.9615384615384616,618,619,6,0,613,619,20386,5,0,0,5,0
2020-09-05,US,Georgia,Wayne,1005,26,0,31.5521809,-81.91894878,13305.0,3358.1715507735494,2.587064676616916,979,998,26,0,972,984,29808,7,0,0,7,14
2020-09-05,US,Georgia,Webster,40,2,0,32.04066113,-84.54742852,13307.0,1534.3306482546989,5.0,38,40,2,0,38,40,2611,0,0,0,0,0
2020-09-05,US,Georgia,Wheeler,154,8,0,32.12009104,-82.72574721,13309.0,1960.5346912794396,5.194805194805196,146,154,8,0,146,152,7879,0,0,0,0,2
2020-09-05,US,Georgia,White,590,15,0,34.64624278,-83.74905525,13311.0,1915.7088122605364,2.5423728813559316,575,571,14,0,557,560,29970,19,1,0,18,11
2020-09-05,US,Georgia,Whitfield,4106,55,0,34.80987459,-84.96093476,13313.0,3924.3797071529607,1.3395031660983927,4051,4079,55,0,4024,4064,104062,27,0,0,27,15
2020-09-05,US,Georgia,Wilcox,227,20,0,31.97496928,-83.43438555,13315.0,2628.836132020845,8.810572687224669,207,226,20,0,206,225,8812,1,0,0,1,1
2020-09-05,US,Georgia,Wilkes,232,3,0,33.78290391,-82.74286107,13317.0,2372.9160274112714,1.293103448275862,229,231,3,0,228,229,9876,1,0,0,1,2
2020-09-05,US,Georgia,Wilkinson,298,17,0,32.80291082,-83.17140684,13319.0,3328.121509939692,5.704697986577182,281,295,17,0,278,290,9036,3,0,0,3,5
2020-09-05,US,Georgia,Worth,513,29,0,31.55162306,-83.85090513,13321.0,2533.7086975848274,5.6530214424951275,484,511,29,0,482,509,20299,2,0,0,2,2
2020-09-05,US,Hawaii,Hawaii,493,3,0,19.60121157,-155.5210167,15001.0,244.64922858574883,0.6085192697768763,490,469,3,0,466,435,200983,24,0,0,24,34
2020-09-05,US,Hawaii,Honolulu,8765,72,0,21.45803166,-157.97121819999995,15003.0,899.3774645661697,0.8214489446662864,8693,8575,69,0,8506,8339,980080,190,3,0,187,236
2020-09-05,US,Hawaii,Kauai,57,0,0,22.03935037,-159.5966786,15007.0,78.84580803120635,0.0,57,57,0,0,57,57,72133,0,0,0,0,0
2020-09-05,US,Hawaii,Maui,352,8,0,20.86399628,-156.56890969999995,15009.0,210.25343901754303,2.272727272727273,344,347,8,0,339,346,167207,5,0,0,5,1
2020-09-05,US,Hawaii,Out of HI,26,1,0,0.0,0.0,80015.0,0.0,3.8461538461538463,25,25,1,0,24,25,,1,0,0,1,0
2020-09-05,US,Idaho,Ada,11411,128,0,43.4526575,-116.24155159999998,16001.0,2369.4576473202137,1.1217246516519148,11283,11411,128,0,11283,11411,469966,0,0,0,0,0
2020-09-05,US,Idaho,Adams,25,0,0,44.89333571,-116.4545247,16003.0,582.2077317186772,0.0,25,25,0,0,25,25,4250,0,0,0,0,0
2020-09-05,US,Idaho,Bannock,642,3,0,42.67002716,-112.2233311,16005.0,731.1406705539357,0.4672897196261682,639,642,3,0,639,642,87138,0,0,0,0,0
2020-09-05,US,Idaho,Bear Lake,31,0,0,42.28269683,-111.32892379999998,16007.0,506.1224489795918,0.0,31,31,0,0,31,31,6050,0,0,0,0,0
2020-09-05,US,Idaho,Benewah,119,2,0,47.21754179,-116.6586851,16009.0,1279.8451279845128,1.680672268907563,117,119,2,0,117,119,9226,0,0,0,0,0
2020-09-05,US,Idaho,Bingham,458,5,0,43.21672879999999,-112.3978437,16011.0,978.4025122300314,1.091703056768559,453,458,5,0,453,458,46236,0,0,0,0,0
2020-09-05,US,Idaho,Blaine,606,6,0,43.4085812,-113.9752658,16013.0,2632.379132096781,0.99009900990099,600,606,6,0,600,606,22601,0,0,0,0,0
2020-09-05,US,Idaho,Boise,63,1,0,43.98829931,-115.7309284,16015.0,804.4949559443237,1.5873015873015872,62,63,1,0,62,63,7634,0,0,0,0,0
2020-09-05,US,Idaho,Bonner,221,0,0,48.29996017,-116.6017932,16017.0,483.1762828220993,0.0,221,221,0,0,221,221,44727,0,0,0,0,0
2020-09-05,US,Idaho,Bonneville,1884,11,0,43.38713372,-111.6161537,16019.0,1582.3688498429392,0.583864118895966,1873,1884,11,0,1873,1884,116854,0,0,0,0,0
2020-09-05,US,Idaho,Boundary,44,1,0,48.76684761,-116.4630179,16021.0,359.3303389138424,2.272727272727273,43,44,1,0,43,44,11948,0,0,0,0,0
2020-09-05,US,Idaho,Butte,16,0,0,43.72592209,-113.1735463,16023.0,616.0954948016943,0.0,16,16,0,0,16,16,2611,0,0,0,0,0
2020-09-05,US,Idaho,Camas,4,0,0,43.46665742,-114.8065892,16025.0,361.6636528028933,0.0,4,4,0,0,4,4,1127,0,0,0,0,0
2020-09-05,US,Idaho,Canyon,7332,81,0,43.61970148,-116.70954990000001,16027.0,3189.9203390051725,1.104746317512275,7251,7332,81,0,7251,7332,223499,0,0,0,0,0
2020-09-05,US,Idaho,Caribou,41,0,0,42.77149116,-111.5597683,16029.0,573.0258560447239,0.0,41,41,0,0,41,41,7060,0,0,0,0,0
2020-09-05,US,Idaho,Cassia,586,4,0,42.28347888,-113.6012409,16031.0,2438.618393674573,0.6825938566552902,582,586,4,0,582,586,23864,0,0,0,0,0
2020-09-05,US,Idaho,Clark,21,0,0,44.28496071,-112.35057040000001,16033.0,2485.207100591716,0.0,21,21,0,0,21,21,852,0,0,0,0,0
2020-09-05,US,Idaho,Clearwater,22,0,0,46.67459924,-115.6622393,16035.0,251.25628140703517,0.0,22,22,0,0,22,22,8758,0,0,0,0,0
2020-09-05,US,Idaho,Custer,42,0,0,44.24186819,-114.2855494,16037.0,973.3487833140207,0.0,42,42,0,0,42,42,4280,0,0,0,0,0
2020-09-05,US,Idaho,Elmore,293,3,0,43.3507101,-115.4701578,16039.0,1065.0285340409293,1.023890784982935,290,293,3,0,290,293,27259,0,0,0,0,0
2020-09-05,US,Idaho,Franklin,58,0,0,42.18332217,-111.81496659999999,16041.0,417.9878927644854,0.0,58,58,0,0,58,58,13726,0,0,0,0,0
2020-09-05,US,Idaho,Fremont,118,2,0,44.22800938,-111.48099429999999,16043.0,900.8321245896633,1.6949152542372878,116,118,2,0,116,118,13168,0,0,0,0,0
2020-09-05,US,Idaho,Gem,229,2,0,44.06482372,-116.398376,16045.0,1264.3551236749115,0.8733624454148472,227,229,2,0,227,229,17634,0,0,0,0,0
2020-09-05,US,Idaho,Gooding,240,1,0,42.96927962,-114.81083059999999,16047.0,1581.131826866065,0.4166666666666667,239,240,1,0,239,240,15196,0,0,0,0,0
2020-09-05,US,Idaho,Idaho,44,0,0,45.84721541,-115.4634436,16049.0,263.99472010559793,0.0,44,44,0,0,44,44,16513,0,0,0,0,0
2020-09-05,US,Idaho,Jefferson,370,1,0,43.82078483,-112.3131749,16051.0,1238.6595694821065,0.2702702702702703,369,370,1,0,369,370,29439,0,0,0,0,0
2020-09-05,US,Idaho,Jerome,617,6,0,42.68891267,-114.2655033,16053.0,2527.4455185974107,0.9724473257698542,611,617,6,0,611,617,24015,0,0,0,0,0
2020-09-05,US,Idaho,Kootenai,2237,30,0,47.67282258,-116.7020872,16055.0,1350.0546177661636,1.3410818059901657,2207,2237,30,0,2207,2237,161505,0,0,0,0,0
2020-09-05,US,Idaho,Latah,250,0,0,46.81587887,-116.71136979999999,16057.0,623.3170439812508,0.0,250,250,0,0,250,250,40134,0,0,0,0,0
2020-09-05,US,Idaho,Lemhi,70,0,0,44.9438088,-113.9309747,16059.0,872.0568082720818,0.0,70,70,0,0,70,70,7961,0,0,0,0,0
2020-09-05,US,Idaho,Lewis,9,0,0,46.23315327,-116.434146,16061.0,234.49713392391868,0.0,9,9,0,0,9,9,3861,0,0,0,0,0
2020-09-05,US,Idaho,Lincoln,70,0,0,43.0012336,-114.1358773,16063.0,1304.5098770033544,0.0,70,70,0,0,70,70,5360,0,0,0,0,0
2020-09-05,US,Idaho,Madison,260,0,0,43.78141028,-111.65384740000002,16065.0,651.5147718445387,0.0,260,260,0,0,260,260,39304,0,0,0,0,0
2020-09-05,US,Idaho,Minidoka,564,3,0,42.85518524,-113.6357257,16067.0,2680.735776415229,0.5319148936170213,561,564,3,0,561,564,20825,0,0,0,0,0
2020-09-05,US,Idaho,Nez Perce,317,19,0,46.32638236,-116.75009750000001,16069.0,784.4981191843201,5.993690851735016,298,317,19,0,298,317,40408,0,0,0,0,0
2020-09-05,US,Idaho,Oneida,22,0,0,42.19494279999999,-112.5407838,16071.0,485.5440300154492,0.0,22,22,0,0,22,22,4488,0,0,0,0,0
2020-09-05,US,Idaho,Owyhee,306,5,0,42.58016894,-116.16938710000001,16073.0,2588.175589951789,1.6339869281045751,301,306,5,0,301,306,11693,0,0,0,0,0
2020-09-05,US,Idaho,Payette,713,4,0,44.00545243,-116.7647695,16075.0,2976.9111936871113,0.5610098176718092,709,713,4,0,709,713,23551,0,0,0,0,0
2020-09-05,US,Idaho,Power,131,0,0,42.69254894,-112.83957420000002,16077.0,1705.5070954302826,0.0,131,131,0,0,131,131,7768,0,0,0,0,0
2020-09-05,US,Idaho,Shoshone,198,15,0,47.35364087,-115.89167490000001,16079.0,1537.0284117373078,7.575757575757576,183,198,15,0,183,198,12796,0,0,0,0,0
2020-09-05,US,Idaho,Teton,128,0,0,43.75303583,-111.2056773,16081.0,1054.1920606160436,0.0,128,128,0,0,128,128,11640,0,0,0,0,0
2020-09-05,US,Idaho,Twin Falls,1734,34,0,42.35440512,-114.6685381,16083.0,1995.9022997766986,1.96078431372549,1700,1734,34,0,1700,1734,86081,0,0,0,0,0
2020-09-05,US,Idaho,Unassigned,550,12,0,0.0,0.0,90016.0,0.0,2.1818181818181817,538,269,10,0,259,3,,281,2,0,279,266
2020-09-05,US,Idaho,Valley,85,1,0,44.76728382,-115.5676773,16085.0,746.1376404494383,1.1764705882352942,84,85,1,0,84,85,11041,0,0,0,0,0
2020-09-05,US,Idaho,Washington,293,4,0,44.45275475,-116.78476880000001,16087.0,2874.239748871885,1.3651877133105803,289,293,4,0,289,293,10161,0,0,0,0,0
2020-09-05,US,Illinois,Adams,812,9,0,39.98815591,-91.18786813,17001.0,1240.9261098800337,1.1083743842364533,803,805,9,0,796,795,65691,7,0,0,7,10
2020-09-05,US,Illinois,Alexander,50,1,0,37.18049267,-89.32910838,17003.0,867.9048776254123,2.0,49,47,1,0,46,45,6060,3,0,0,3,2
2020-09-05,US,Illinois,Bond,202,4,0,38.88829622,-89.43534887,17005.0,1229.757701205406,1.98019801980198,198,191,4,0,187,162,16630,11,0,0,11,29
2020-09-05,US,Illinois,Boone,907,23,0,42.32359279,-88.82345779,17007.0,1693.9339608546247,2.535832414553473,884,898,23,0,875,886,53577,9,0,0,9,12
2020-09-05,US,Illinois,Brown,24,0,0,39.96209138,-90.75068024,17009.0,364.85253876558227,0.0,24,24,0,0,24,23,6556,0,0,0,0,1
2020-09-05,US,Illinois,Bureau,435,9,0,41.40385234,-89.5283051,17011.0,1333.2107392423684,2.0689655172413794,426,429,9,0,420,407,32993,6,0,0,6,22
2020-09-05,US,Illinois,Calhoun,33,0,0,39.16840183,-90.66330078,17013.0,696.3494408102977,0.0,33,32,0,0,32,27,4802,1,0,0,1,5
2020-09-05,US,Illinois,Carroll,148,4,0,42.06823429,-89.93395545,17015.0,1034.603285564488,2.702702702702702,144,146,4,0,142,138,14312,2,0,0,2,8
2020-09-05,US,Illinois,Cass,332,11,0,39.96991073,-90.24734436,17017.0,2733.185148596361,3.3132530120481927,321,332,11,0,321,313,12260,0,0,0,0,19
2020-09-05,US,Illinois,Champaign,3371,20,0,40.13919438,-88.20046615,17019.0,1607.6189022790893,0.5932957579353307,3351,3225,20,0,3205,2657,209983,146,0,0,146,568
2020-09-05,US,Illinois,Christian,267,6,0,39.54581621,-89.27780482,17021.0,826.5230312035661,2.247191011235955,261,264,6,0,258,250,32661,3,0,0,3,14
2020-09-05,US,Illinois,Clark,121,2,0,39.33425789,-87.78705622,17023.0,783.6280033676576,1.6528925619834711,119,120,2,0,118,119,15596,1,0,0,1,1
2020-09-05,US,Illinois,Clay,112,0,0,38.75388572,-88.48914513,17025.0,849.5145631067961,0.0,112,108,0,0,108,92,13253,4,0,0,4,16
2020-09-05,US,Illinois,Clinton,832,17,0,38.60704876,-89.42385254,17027.0,2215.004525850594,2.043269230769231,815,809,17,0,792,771,37639,23,0,0,23,38
2020-09-05,US,Illinois,Coles,1114,23,0,39.51949084,-88.22358557,17029.0,2200.6677070780897,2.0646319569120286,1091,1094,23,0,1071,1060,50885,20,0,0,20,34
2020-09-05,US,Illinois,Cook,130616,5092,0,41.84144849,-87.81658794,17031.0,2536.1182688239537,3.898450419550438,125524,129545,5086,0,124459,128012,5180493,1071,6,0,1065,1533
2020-09-05,US,Illinois,Crawford,149,1,0,39.0032229,-87.75954624,17033.0,798.2000321422831,0.6711409395973155,148,111,1,0,110,84,18807,38,0,0,38,27
2020-09-05,US,Illinois,Cumberland,159,4,0,39.27432424,-88.2401158,17035.0,1476.871632918447,2.5157232704402515,155,154,4,0,150,148,10808,5,0,0,5,6
2020-09-05,US,Illinois,De Witt,56,1,0,40.17514519,-88.90959682,17039.0,358.10205908683974,1.7857142857142858,55,52,1,0,51,47,15769,4,0,0,4,5
2020-09-05,US,Illinois,DeKalb,1215,36,0,41.89373302,-88.76958483,17037.0,1158.2790737580674,2.962962962962963,1179,1190,36,0,1154,1156,104143,25,0,0,25,34
2020-09-05,US,Illinois,Douglas,237,5,0,39.76768052,-88.21854195,17041.0,1217.569997431287,2.109704641350211,232,235,5,0,230,232,19479,2,0,0,2,3
2020-09-05,US,Illinois,DuPage,15247,539,0,41.85116968,-88.08642662,17043.0,1652.0373899824579,3.535121663278022,14708,15109,536,0,14573,14840,928589,138,3,0,135,269
2020-09-05,US,Illinois,Edgar,94,2,0,39.6809186,-87.74759563,17045.0,547.75362741099,2.127659574468085,92,93,2,0,91,92,17360,1,0,0,1,1
2020-09-05,US,Illinois,Edwards,45,0,0,38.41353228,-88.05720863,17047.0,703.6747458952307,0.0,45,45,0,0,45,43,6392,0,0,0,0,2
2020-09-05,US,Illinois,Effingham,642,1,0,39.05935711,-88.58969584,17049.0,1887.7911079745945,0.1557632398753894,641,616,1,0,615,586,34208,26,0,0,26,30
2020-09-05,US,Illinois,Fayette,202,3,0,39.00072038,-89.02452658,17051.0,946.7566554180728,1.4851485148514851,199,196,3,0,193,183,21416,6,0,0,6,13
2020-09-05,US,Illinois,Ford,80,3,0,40.59706922,-88.22350769,17053.0,617.2363243576882,3.75,77,77,3,0,74,74,13264,3,0,0,3,3
2020-09-05,US,Illinois,Franklin,377,1,0,37.99189086,-88.92567818,17055.0,980.0098780836518,0.26525198938992045,376,377,1,0,376,358,38701,0,0,0,0,19
2020-09-05,US,Illinois,Fulton,102,0,0,40.47289135,-90.20862357,17057.0,297.029702970297,0.0,102,99,0,0,99,97,34844,3,0,0,3,2
2020-09-05,US,Illinois,Gallatin,67,2,0,37.76430935,-88.22953869,17059.0,1387.738193869097,2.985074626865672,65,65,2,0,63,64,5058,2,0,0,2,1
2020-09-05,US,Illinois,Greene,157,1,0,39.35907414,-90.388865,17061.0,1210.579073174493,0.6369426751592356,156,152,1,0,151,130,13044,5,0,0,5,22
2020-09-05,US,Illinois,Grundy,543,5,0,41.28569601,-88.41905692,17063.0,1063.5797390997768,0.9208103130755064,538,526,5,0,521,516,50972,17,0,0,17,10
2020-09-05,US,Illinois,Hamilton,47,0,0,38.08163641,-88.53883373,17065.0,579.103006407097,0.0,47,47,0,0,47,45,8163,0,0,0,0,2
2020-09-05,US,Illinois,Hancock,158,2,0,40.40423981,-91.16313899,17067.0,892.2520894510956,1.2658227848101269,156,155,2,0,153,150,17844,3,0,0,3,5
2020-09-05,US,Illinois,Hardin,21,0,0,37.51810645,-88.26873022,17069.0,549.5943470295733,0.0,21,20,0,0,20,20,3910,1,0,0,1,0
2020-09-05,US,Illinois,Henderson,52,0,0,40.81908672,-90.92491462,17071.0,782.4255191092386,0.0,52,51,0,0,51,45,6709,1,0,0,1,6
2020-09-05,US,Illinois,Henry,527,3,0,41.3533994,-90.13296166,17073.0,1077.4231799317156,0.5692599620493358,524,514,2,0,512,477,49090,13,1,0,12,37
2020-09-05,US,Illinois,Iroquois,318,19,0,40.74717633,-87.82466784,17075.0,1172.8258464262005,5.9748427672955975,299,316,19,0,297,313,27604,2,0,0,2,3
2020-09-05,US,Illinois,Jackson,1043,22,0,37.78595185,-89.38232563,17077.0,1837.8854625550666,2.109300095877277,1021,1021,22,0,999,984,57419,22,0,0,22,37
2020-09-05,US,Illinois,Jasper,156,7,0,39.01054275,-88.15437049,17079.0,1623.3090530697186,4.487179487179487,149,155,7,0,148,141,9611,1,0,0,1,14
2020-09-05,US,Illinois,Jefferson,486,35,0,38.29980057,-88.9240025,17081.0,1289.6720093408344,7.201646090534981,451,479,35,0,444,470,37820,7,0,0,7,9
2020-09-05,US,Illinois,Jersey,317,6,0,39.08869046,-90.35393073,17083.0,1455.9316584760943,1.892744479495268,311,315,6,0,309,285,21847,2,0,0,2,30
2020-09-05,US,Illinois,Jo Daviess,195,2,0,42.36542373,-90.21094405,17085.0,918.2952672474687,1.0256410256410255,193,190,2,0,188,183,21366,5,0,0,5,7
2020-09-05,US,Illinois,Johnson,124,0,0,37.45939802,-88.88165419,17087.0,998.6309092373359,0.0,124,122,0,0,122,119,12456,2,0,0,2,3
2020-09-05,US,Illinois,Kane,11660,316,0,41.93842729,-88.42861412,17089.0,2190.0703038863417,2.710120068610635,11344,11552,317,0,11235,11395,534216,108,-1,0,109,157
2020-09-05,US,Illinois,Kankakee,2371,72,0,41.13746989,-87.86205334,17091.0,2158.1620578543993,3.0366933783213836,2299,2354,72,0,2282,2290,110024,17,0,0,17,64
2020-09-05,US,Illinois,Kendall,1722,25,0,41.59081014,-88.42869583,17093.0,1334.9872083107218,1.4518002322880372,1697,1705,24,0,1681,1679,127915,17,1,0,16,26
2020-09-05,US,Illinois,Knox,484,3,0,40.93148779,-90.21330340000002,17095.0,973.862653172096,0.6198347107438017,481,483,3,0,480,468,50112,1,0,0,1,15
2020-09-05,US,Illinois,LaSalle,1376,52,0,41.34426129999999,-88.88633881,17099.0,1266.2304797136258,3.779069767441861,1324,1357,52,0,1305,1302,109430,19,0,0,19,55
2020-09-05,US,Illinois,Lake,15151,473,0,42.3224907,-88.00367925,17097.0,2175.1957905920017,3.121906144808924,14678,15006,471,0,14535,14767,700832,145,2,0,143,239
2020-09-05,US,Illinois,Lawrence,193,0,0,38.71987914,-87.72884035,17101.0,1231.0243653527236,0.0,193,175,0,0,175,142,15765,18,0,0,18,33
2020-09-05,US,Illinois,Lee,274,1,0,41.74583951,-89.29977132,17103.0,803.6133270764899,0.36496350364963503,273,268,1,0,267,246,34223,6,0,0,6,22
2020-09-05,US,Illinois,Livingston,229,4,0,40.89188292,-88.55784752,17105.0,642.3922800718133,1.7467248908296944,225,224,4,0,220,210,35761,5,0,0,5,14
2020-09-05,US,Illinois,Logan,310,1,0,40.12581572,-89.36638784,17107.0,1083.2343280452862,0.3225806451612903,309,306,1,0,305,287,28925,4,0,0,4,19
2020-09-05,US,Illinois,Macon,1094,28,0,39.86064913,-88.96342505,17115.0,1051.832052995414,2.5594149908592323,1066,1072,28,0,1044,1010,104712,22,0,0,22,62
2020-09-05,US,Illinois,Macoupin,391,6,0,39.26119767,-89.92424028,17117.0,870.3200819124781,1.5345268542199488,385,388,6,0,382,364,45313,3,0,0,3,24
2020-09-05,US,Illinois,Madison,4448,108,0,38.83042506,-89.90422563,17119.0,1691.4734224196286,2.4280575539568345,4340,4380,105,0,4275,4219,264461,68,3,0,65,161
2020-09-05,US,Illinois,Marion,332,0,0,38.64963204,-88.91899208,17121.0,892.3531783362453,0.0,332,311,0,0,311,293,37620,21,0,0,21,18
2020-09-05,US,Illinois,Marshall,54,0,0,41.0327901,-89.34510444,17123.0,472.1105088302152,0.0,54,53,0,0,53,53,11534,1,0,0,1,0
2020-09-05,US,Illinois,Mason,96,1,0,40.23917274,-89.91824452,17125.0,718.6166629238716,1.0416666666666667,95,95,1,0,94,88,13565,1,0,0,1,7
2020-09-05,US,Illinois,Massac,73,1,0,37.22078441,-88.71036614,17127.0,530.0609933197793,1.3698630136986298,72,70,1,0,69,67,14080,3,0,0,3,3
2020-09-05,US,Illinois,McDonough,312,15,0,40.45674722,-90.67775541,17109.0,1051.1421063270668,4.807692307692308,297,278,15,0,263,251,29955,34,0,0,34,27
2020-09-05,US,Illinois,McHenry,4060,116,0,42.32451172,-88.45248227,17111.0,1319.1497657371967,2.8571428571428568,3944,4013,116,0,3897,3925,308570,47,0,0,47,88
2020-09-05,US,Illinois,McLean,2550,17,0,40.48996987,-88.84621113,17113.0,1486.7330935125965,0.6666666666666666,2533,2454,17,0,2437,2162,172828,96,0,0,96,292
2020-09-05,US,Illinois,Menard,79,0,0,40.02742725,-89.80246001,17129.0,647.7533617579534,0.0,79,77,0,0,77,72,12288,2,0,0,2,5
2020-09-05,US,Illinois,Mercer,114,5,0,41.20596782,-90.74290052,17131.0,738.4854570188509,4.385964912280701,109,114,5,0,109,106,15601,0,0,0,0,8
2020-09-05,US,Illinois,Monroe,509,15,0,38.27594376,-90.17761038,17133.0,1469.5268065941045,2.9469548133595285,494,499,14,0,485,477,34335,10,1,0,9,22
2020-09-05,US,Illinois,Montgomery,266,10,0,39.23198845,-89.47809254,17135.0,936.1582318575348,3.7593984962406015,256,263,10,0,253,258,28601,3,0,0,3,5
2020-09-05,US,Illinois,Morgan,575,20,0,39.71654544,-90.20255104,17137.0,1708.360568067027,3.4782608695652173,555,575,20,0,555,544,33976,0,0,0,0,31
2020-09-05,US,Illinois,Moultrie,180,3,0,39.64187451,-88.62099969,17139.0,1241.293703882491,1.6666666666666667,177,178,3,0,175,174,14717,2,0,0,2,4
2020-09-05,US,Illinois,Ogle,517,5,0,42.04165196,-89.32184679,17141.0,1020.8715913354263,0.9671179883945842,512,514,5,0,509,492,50923,3,0,0,3,22
2020-09-05,US,Illinois,Out of IL,11,0,0,0.0,0.0,80017.0,0.0,0.0,11,1,0,0,1,,,10,0,0,10,
2020-09-05,US,Illinois,Peoria,2581,41,0,40.78702156,-89.76078901,17143.0,1440.4589823584238,1.5885315769081751,2540,2544,41,0,2503,2466,180621,37,0,0,37,78
2020-09-05,US,Illinois,Perry,308,12,0,38.08510853,-89.36856219,17145.0,1472.5568942436414,3.8961038961038965,296,306,11,0,295,300,21174,2,1,0,1,6
2020-09-05,US,Illinois,Piatt,99,0,0,40.01360584,-88.59319339,17147.0,605.7268722466961,0.0,99,92,0,0,92,84,16396,7,0,0,7,8
2020-09-05,US,Illinois,Pike,79,0,0,39.62265059,-90.8877017,17149.0,507.6794550478761,0.0,79,78,0,0,78,75,15611,1,0,0,1,3
2020-09-05,US,Illinois,Pope,23,1,0,37.41391284,-88.56152109,17151.0,550.6344266219775,4.3478260869565215,22,22,1,0,21,20,4212,1,0,0,1,2
2020-09-05,US,Illinois,Pulaski,136,1,0,37.22631423,-89.13085001,17153.0,2549.203373945642,0.7352941176470589,135,136,1,0,135,133,5463,0,0,0,0,3
2020-09-05,US,Illinois,Putnam,21,0,0,41.2013541,-89.2869272,17155.0,365.9174072138003,0.0,21,21,0,0,21,20,5740,0,0,0,0,1
2020-09-05,US,Illinois,Randolph,794,7,0,38.05095369,-89.82512254,17157.0,2498.2694607010253,0.8816120906801007,787,783,7,0,776,751,32106,11,0,0,11,32
2020-09-05,US,Illinois,Richland,78,4,0,38.71240969,-88.08475366,17159.0,502.80409978727516,5.128205128205129,74,76,4,0,72,66,15763,2,0,0,2,10
2020-09-05,US,Illinois,Rock Island,2362,63,0,41.46613806,-90.57042164,17161.0,1664.7988779170985,2.6672311600338694,2299,2331,61,0,2270,2274,143477,31,2,0,29,57
2020-09-05,US,Illinois,Saline,182,3,0,37.75332999,-88.54119706,17165.0,774.7648035417819,1.6483516483516485,179,176,3,0,173,168,23906,6,0,0,6,8
2020-09-05,US,Illinois,Sangamon,1970,39,0,39.75836914,-89.65872023,17167.0,1011.9585764773567,1.9796954314720807,1931,1917,39,0,1878,1844,195348,53,0,0,53,73
2020-09-05,US,Illinois,Schuyler,30,0,0,40.157179799999994,-90.61114163,17169.0,443.2624113475178,0.0,30,30,0,0,30,29,6907,0,0,0,0,1
2020-09-05,US,Illinois,Scott,51,0,0,39.642916899999996,-90.47814431,17171.0,1030.0949303171078,0.0,51,49,0,0,49,46,4926,2,0,0,2,3
2020-09-05,US,Illinois,Shelby,248,3,0,39.39133527,-88.80611122,17173.0,1146.3437182213186,1.2096774193548387,245,242,3,0,239,226,21741,6,0,0,6,16
2020-09-05,US,Illinois,St. Clair,5647,175,0,38.46996033,-89.93063427,17163.0,2174.5492633411122,3.0989906144855675,5472,5580,173,0,5407,5450,261059,67,2,0,65,130
2020-09-05,US,Illinois,Stark,37,1,0,41.09309773,-89.79745866,17175.0,692.6244852115312,2.702702702702702,36,37,1,0,36,28,5427,0,0,0,0,9
2020-09-05,US,Illinois,Stephenson,398,6,0,42.35129217,-89.662598,17177.0,894.4222212234257,1.5075376884422111,392,395,6,0,389,388,44753,3,0,0,3,7
2020-09-05,US,Illinois,Tazewell,1247,11,0,40.50716185,-89.51404662,17179.0,946.1089656532856,0.8821170809943866,1236,1209,11,0,1198,1158,132328,38,0,0,38,51
2020-09-05,US,Illinois,Unassigned,1980,219,0,0.0,0.0,90017.0,0.0,11.06060606060606,1761,1988,219,0,1769,1789,,-8,0,0,-8,199
2020-09-05,US,Illinois,Union,446,24,0,37.47119609,-89.25548938,17181.0,2678.1961208190714,5.381165919282512,422,442,24,0,418,438,16841,4,0,0,4,4
2020-09-05,US,Illinois,Vermilion,395,4,0,40.18417171,-87.73384359,17183.0,521.397080176351,1.0126582278481011,391,385,4,0,381,368,76806,10,0,0,10,17
2020-09-05,US,Illinois,Wabash,122,1,0,38.44272901,-87.84922065,17185.0,1059.0277777777776,0.819672131147541,121,120,1,0,119,110,11549,2,0,0,2,10
2020-09-05,US,Illinois,Warren,270,1,0,40.84925021,-90.6147432,17187.0,1602.9446687247685,0.3703703703703704,269,270,1,0,269,265,17032,0,0,0,0,5
2020-09-05,US,Illinois,Washington,128,1,0,38.35309213,-89.40982703,17189.0,921.7253546482324,0.78125,127,126,1,0,125,119,13995,2,0,0,2,7
2020-09-05,US,Illinois,Wayne,131,2,0,38.42955355,-88.42586459,17191.0,807.8939253777368,1.5267175572519085,129,125,2,0,123,118,16332,6,0,0,6,7
2020-09-05,US,Illinois,White,141,0,0,38.08706198,-88.17657461,17193.0,1041.5897170717294,0.0,141,139,0,0,139,129,13665,2,0,0,2,10
2020-09-05,US,Illinois,Whiteside,577,19,0,41.75509713,-89.91556058,17195.0,1045.7634798368829,3.292894280762565,558,575,19,0,556,525,55626,2,0,0,2,50
2020-09-05,US,Illinois,Will,12189,361,0,41.44619267,-87.97862712,17197.0,1764.6215741599988,2.961686766756912,11828,12047,361,0,11686,11737,692310,142,0,0,142,310
2020-09-05,US,Illinois,Williamson,1024,18,0,37.73033511,-88.92994027,17199.0,1537.6067991050647,1.7578125,1006,1017,16,0,1001,965,67056,7,2,0,5,52
2020-09-05,US,Illinois,Winnebago,4469,147,0,42.33641854,-89.16085327,17201.0,1581.5438189204874,3.289326471246364,4322,4422,147,0,4275,4342,284081,47,0,0,47,80
2020-09-05,US,Illinois,Woodford,316,3,0,40.78579374,-89.20973757,17203.0,821.6542291791259,0.9493670886075948,313,302,3,0,299,293,38463,14,0,0,14,9
2020-09-05,US,Indiana,Adams,194,3,0,40.7457653,-84.93671406,18001.0,542.2478128406518,1.5463917525773196,191,192,3,0,189,192,35636,2,0,0,2,0
2020-09-05,US,Indiana,Allen,5250,182,0,41.09194313,-85.06800636,18003.0,1384.1323072299165,3.466666666666667,5068,5185,182,0,5003,5127,375351,65,0,0,65,58
2020-09-05,US,Indiana,Bartholomew,1085,54,0,39.20744865,-85.89558181,18005.0,1295.0739445445754,4.976958525345622,1031,1080,54,0,1026,1077,82753,5,0,0,5,3
2020-09-05,US,Indiana,Benton,84,0,0,40.60626947,-87.31093999,18007.0,960.2194787379973,0.0,84,84,0,0,84,84,8653,0,0,0,0,0
2020-09-05,US,Indiana,Blackford,82,2,0,40.47388153,-85.32499702,18009.0,697.3975165844531,2.4390243902439024,80,78,2,0,76,76,11930,4,0,0,4,2
2020-09-05,US,Indiana,Boone,885,46,0,40.0509304,-86.46841646,18011.0,1304.482407912386,5.1977401129943495,839,873,46,0,827,867,66999,12,0,0,12,6
2020-09-05,US,Indiana,Brown,91,2,0,39.19605589,-86.22868909,18013.0,602.9684601113172,2.1978021978021984,89,91,2,0,89,90,15234,0,0,0,0,1
2020-09-05,US,Indiana,Carroll,260,13,0,40.580783200000006,-86.56198812,18015.0,1283.5069358740186,5.0,247,259,13,0,246,258,20127,1,0,0,1,1
2020-09-05,US,Indiana,Cass,1888,9,0,40.76135835,-86.34830753,18017.0,5009.419193929262,0.4766949152542373,1879,1885,9,0,1876,1879,37955,3,0,0,3,6
2020-09-05,US,Indiana,Clark,1847,53,0,38.48015445,-85.70510334,18019.0,1561.2584740748255,2.8695181375203034,1794,1833,53,0,1780,1816,117360,14,0,0,14,17
2020-09-05,US,Indiana,Clay,248,5,0,39.39561833,-87.11723506,18021.0,945.6625357483316,2.0161290322580645,243,246,5,0,241,245,26170,2,0,0,2,1
2020-09-05,US,Indiana,Clinton,570,11,0,40.30319754,-86.47277257,18023.0,1759.3135590604647,1.9298245614035088,559,563,11,0,552,561,32250,7,0,0,7,2
2020-09-05,US,Indiana,Crawford,73,0,0,38.28814402,-86.44518825,18025.0,690.1767987141911,0.0,73,71,0,0,71,69,10558,2,0,0,2,2
2020-09-05,US,Indiana,Daviess,537,24,0,38.70186039,-87.07185406,18027.0,1610.1466222901865,4.46927374301676,513,529,24,0,505,521,33147,8,0,0,8,8
2020-09-05,US,Indiana,DeKalb,369,7,0,41.39804622,-84.99906934,18033.0,848.7636572742956,1.897018970189702,362,360,7,0,353,357,43226,9,0,0,9,3
2020-09-05,US,Indiana,Dearborn,585,28,0,39.14647946,-84.97333539,18029.0,1182.8217881839137,4.786324786324786,557,583,28,0,555,579,49568,2,0,0,2,4
2020-09-05,US,Indiana,Decatur,426,36,0,39.30712658,-85.50087166,18031.0,1603.9760533152605,8.450704225352112,390,421,35,0,386,417,26794,5,1,0,4,4
2020-09-05,US,Indiana,Delaware,1511,57,0,40.22787247,-85.39732772,18035.0,1323.870854689622,3.772336201191264,1454,1450,57,0,1393,1344,114772,61,0,0,61,106
2020-09-05,US,Indiana,Dubois,870,17,0,38.36597551,-86.87924170000002,18037.0,2035.7543991014602,1.9540229885057472,853,863,17,0,846,858,42565,7,0,0,7,5
2020-09-05,US,Indiana,Elkhart,5791,99,0,41.59761169,-85.85875695,18039.0,2806.5193054216084,1.7095493006389224,5692,5747,99,0,5648,5702,205560,44,0,0,44,45
2020-09-05,US,Indiana,Fayette,361,10,0,39.63684962,-85.17797541,18041.0,1562.6352696736212,2.770083102493075,351,349,10,0,339,343,23047,12,0,0,12,6
2020-09-05,US,Indiana,Floyd,1132,57,0,38.32117957,-85.90385377,18043.0,1441.6341916915005,5.035335689045937,1075,1111,57,0,1054,1099,77781,21,0,0,21,12
2020-09-05,US,Indiana,Fountain,100,2,0,40.12361933,-87.24217689,18045.0,611.7704637220115,2.0,98,100,2,0,98,98,16351,0,0,0,0,2
2020-09-05,US,Indiana,Franklin,279,25,0,39.4142482,-85.06062647,18047.0,1225.9425257052465,8.960573476702507,254,279,25,0,254,279,22736,0,0,0,0,0
2020-09-05,US,Indiana,Fulton,208,2,0,41.0469907,-86.26252745,18049.0,1041.3537598878543,0.9615384615384616,206,208,2,0,206,208,20092,0,0,0,0,0
2020-09-05,US,Indiana,Gibson,342,4,0,38.30393723,-87.58054938,18051.0,1016.0729671113223,1.1695906432748535,338,336,4,0,332,333,33452,6,0,0,6,3
2020-09-05,US,Indiana,Grant,734,31,0,40.51587228,-85.65468702,18053.0,1116.0273076981557,4.223433242506812,703,713,31,0,682,699,65936,21,0,0,21,14
2020-09-05,US,Indiana,Greene,376,35,0,39.03630547,-86.96223202,18055.0,1177.8710607104815,9.308510638297873,341,374,35,0,339,372,32006,2,0,0,2,2
2020-09-05,US,Indiana,Hamilton,4153,107,0,40.07306535,-86.05244729,18057.0,1228.6582389330524,2.5764507584878396,4046,4101,107,0,3994,4056,330086,52,0,0,52,45
2020-09-05,US,Indiana,Hancock,840,42,0,39.82304555,-85.77566351,18059.0,1074.6085354620816,5.0,798,836,41,0,795,828,76351,4,1,0,3,8
2020-09-05,US,Indiana,Harrison,505,24,0,38.19467379,-86.10948271,18061.0,1246.4519313834385,4.752475247524752,481,503,24,0,479,498,40350,2,0,0,2,5
2020-09-05,US,Indiana,Hendricks,2434,116,0,39.76719009,-86.51037283,18063.0,1429.1502016898498,4.7658175842235,2318,2413,113,0,2300,2391,167009,21,3,0,18,22
2020-09-05,US,Indiana,Henry,651,22,0,39.93029017,-85.39625719,18065.0,1357.041607604436,3.3794162826420893,629,639,22,0,617,632,48271,12,0,0,12,7
2020-09-05,US,Indiana,Howard,1136,62,0,40.48527731,-86.11351892,18067.0,1376.2357045939136,5.457746478873238,1074,1131,62,0,1069,1116,82366,5,0,0,5,15
2020-09-05,US,Indiana,Huntington,181,3,0,40.82907273,-85.48822092,18069.0,495.618838992333,1.6574585635359116,178,176,3,0,173,174,36240,5,0,0,5,2
2020-09-05,US,Indiana,Jackson,712,9,0,38.90915820000001,-86.03851889,18071.0,1609.73073183966,1.2640449438202248,703,713,9,0,704,711,44111,-1,0,0,-1,2
2020-09-05,US,Indiana,Jasper,339,2,0,41.02078733,-87.11553319,18073.0,1010.0709135331624,0.5899705014749262,337,336,2,0,334,332,33370,3,0,0,3,4
2020-09-05,US,Indiana,Jay,139,0,0,40.43781032,-85.00576229,18075.0,680.1722450577413,0.0,139,138,0,0,138,135,20764,1,0,0,1,3
2020-09-05,US,Indiana,Jefferson,219,3,0,38.78576239,-85.43633383,18077.0,677.850687136313,1.3698630136986298,216,217,3,0,214,212,32208,2,0,0,2,5
2020-09-05,US,Indiana,Jennings,282,12,0,38.99588883,-85.62710784,18079.0,1016.7658193618173,4.25531914893617,270,281,12,0,269,280,27611,1,0,0,1,1
2020-09-05,US,Indiana,Johnson,2077,122,0,39.48994426,-86.10149107,18081.0,1313.1689922676665,5.87385652383245,1955,2065,122,0,1943,2059,156225,12,0,0,12,6
2020-09-05,US,Indiana,Knox,379,6,0,38.68861576,-87.4194665,18083.0,1035.6889107503962,1.5831134564643798,373,370,6,0,364,362,36895,9,0,0,9,8
2020-09-05,US,Indiana,Kosciusko,1084,17,0,41.24521668,-85.86312322,18085.0,1364.277084172372,1.5682656826568266,1067,1071,17,0,1054,1058,79344,13,0,0,13,13
2020-09-05,US,Indiana,LaGrange,617,11,0,41.64232188,-85.42674232,18087.0,1557.530166102893,1.7828200972447326,606,612,11,0,601,612,39330,5,0,0,5,0
2020-09-05,US,Indiana,LaPorte,1222,37,0,41.54366008,-86.74072188,18091.0,1112.041351193943,3.0278232405891985,1185,1212,35,0,1177,1204,110007,10,2,0,8,8
2020-09-05,US,Indiana,Lake,9429,298,0,41.41874274,-87.38277575,18089.0,1942.1495263577435,3.160462403224096,9131,9346,298,0,9048,9275,484411,83,0,0,83,71
2020-09-05,US,Indiana,Lawrence,474,27,0,38.84112637,-86.48361629,18093.0,1044.743222393652,5.69620253164557,447,469,27,0,442,467,45668,5,0,0,5,2
2020-09-05,US,Indiana,Madison,1387,74,0,40.16143691,-85.71964711,18095.0,1070.4721036667722,5.335255948089403,1313,1374,74,0,1300,1359,129641,13,0,0,13,15
2020-09-05,US,Indiana,Marion,19073,750,0,39.78163624,-86.13826325,18097.0,1977.3331868104528,3.932260263199287,18323,18956,750,0,18206,18837,954670,117,0,0,117,119
2020-09-05,US,Indiana,Marshall,926,23,0,41.32467367,-86.26185087,18099.0,2001.8159021142287,2.4838012958963285,903,916,23,0,893,910,46248,10,0,0,10,6
2020-09-05,US,Indiana,Martin,126,0,0,38.7099921,-86.80373186,18101.0,1228.6689419795225,0.0,126,124,0,0,124,120,10217,2,0,0,2,4
2020-09-05,US,Indiana,Miami,340,2,0,40.76940965,-86.04525048,18103.0,957.315012951909,0.5882352941176471,338,340,2,0,338,338,35567,0,0,0,0,2
2020-09-05,US,Indiana,Monroe,1385,36,0,39.16130004,-86.52414358,18105.0,933.0934912518277,2.5992779783393503,1349,1303,36,0,1267,1273,146917,82,0,0,82,30
2020-09-05,US,Indiana,Montgomery,463,21,0,40.04034823,-86.89335024,18107.0,1207.679065157285,4.535637149028077,442,455,21,0,434,452,38346,8,0,0,8,3
2020-09-05,US,Indiana,Morgan,615,35,0,39.47899078,-86.44573375,18109.0,872.4765566258565,5.691056910569106,580,609,35,0,574,602,70116,6,0,0,6,7
2020-09-05,US,Indiana,Newton,150,10,0,40.95610449,-87.39635768,18111.0,1072.6544622425627,6.666666666666668,140,149,10,0,139,147,14011,1,0,0,1,2
2020-09-05,US,Indiana,Noble,834,31,0,41.39672484,-85.41966713,18113.0,1746.8163538873996,3.7170263788968825,803,825,31,0,794,821,47532,9,0,0,9,4
2020-09-05,US,Indiana,Ohio,74,7,0,38.955304999999996,-84.96515993,18115.0,1259.5744680851064,9.459459459459461,67,74,7,0,67,74,5844,0,0,0,0,0
2020-09-05,US,Indiana,Orange,258,24,0,38.54118920000001,-86.49523093,18117.0,1313.24442634633,9.30232558139535,234,252,24,0,228,247,19489,6,0,0,6,5
2020-09-05,US,Indiana,Owen,154,1,0,39.31145587,-86.83900724,18119.0,740.4202125102169,0.6493506493506493,153,154,1,0,153,153,20845,0,0,0,0,1
2020-09-05,US,Indiana,Parke,81,2,0,39.77202286,-87.20375833,18121.0,478.2429001594143,2.469135802469136,79,81,2,0,79,80,16927,0,0,0,0,1
2020-09-05,US,Indiana,Perry,197,14,0,38.07809328,-86.63741946,18123.0,1027.7009755334134,7.1065989847715745,183,197,14,0,183,197,19102,0,0,0,0,0
2020-09-05,US,Indiana,Pike,113,1,0,38.40112197,-87.23574907,18125.0,912.0994430543224,0.8849557522123894,112,110,1,0,109,109,12410,3,0,0,3,1
2020-09-05,US,Indiana,Porter,1824,42,0,41.45986947,-87.06848888,18127.0,1070.4916397185264,2.3026315789473686,1782,1794,42,0,1752,1770,169594,30,0,0,30,24
2020-09-05,US,Indiana,Posey,228,0,0,38.02097333,-87.86480429,18129.0,896.6846265780472,0.0,228,225,1,0,224,223,25540,3,-1,0,4,2
2020-09-05,US,Indiana,Pulaski,104,1,0,41.04166107,-86.69890683,18131.0,841.9007528535577,0.9615384615384616,103,103,1,0,102,103,12469,1,0,0,1,0
2020-09-05,US,Indiana,Putnam,452,8,0,39.66437981,-86.84517605,18133.0,1202.8954651905472,1.7699115044247788,444,448,8,0,440,438,37779,4,0,0,4,10
2020-09-05,US,Indiana,Randolph,188,7,0,40.15734772,-85.01139319,18135.0,762.2136630853438,3.723404255319149,181,182,7,0,175,182,24851,6,0,0,6,0
2020-09-05,US,Indiana,Ripley,251,8,0,39.10235626,-85.26212744,18137.0,886.1742691710208,3.187250996015936,243,252,8,0,244,248,28523,-1,0,0,-1,4
2020-09-05,US,Indiana,Rush,137,4,0,39.62002287,-85.4655599,18139.0,826.24690911284,2.9197080291970803,133,135,4,0,131,135,16663,2,0,0,2,0
2020-09-05,US,Indiana,Scott,323,10,0,38.68672078,-85.74627859,18143.0,1352.9929208729527,3.095975232198142,313,320,10,0,310,319,23878,3,0,0,3,1
2020-09-05,US,Indiana,Shelby,634,28,0,39.52305623,-85.79158570000001,18145.0,1417.4249368418698,4.416403785488959,606,630,28,0,602,629,44593,4,0,0,4,1
2020-09-05,US,Indiana,Spencer,169,3,0,38.01519732,-87.0079644,18147.0,833.4566257335898,1.7751479289940828,166,168,3,0,165,165,20327,1,0,0,1,3
2020-09-05,US,Indiana,St. Joseph,5391,95,0,41.61756781,-86.29040834,18141.0,1983.2539933634012,1.7621962530142832,5296,5337,94,0,5243,5293,270771,54,1,0,53,44
2020-09-05,US,Indiana,Starke,215,7,0,41.27890281,-86.64686895,18149.0,934.9858664927158,3.255813953488372,208,215,7,0,208,214,22935,0,0,0,0,1
2020-09-05,US,Indiana,Steuben,311,6,0,41.64423868,-85.00101094,18151.0,898.9998265595192,1.929260450160772,305,301,5,0,296,296,34586,10,1,0,9,5
2020-09-05,US,Indiana,Sullivan,304,10,0,39.08952258,-87.41414469,18153.0,1470.8016836808747,3.2894736842105265,294,301,9,0,292,298,20690,3,1,0,2,3
2020-09-05,US,Indiana,Switzerland,64,0,0,38.82767338,-85.03022429,18155.0,595.2934610733885,0.0,64,64,0,0,64,64,10717,0,0,0,0,0
2020-09-05,US,Indiana,Tippecanoe,1706,13,0,40.38872739,-86.89413959,18157.0,871.5999427789018,0.7620164126611958,1693,1690,13,0,1677,1634,193048,16,0,0,16,56
2020-09-05,US,Indiana,Tipton,198,21,0,40.31123252,-86.05234925,18159.0,1307.1032479535252,10.606060606060606,177,197,21,0,176,191,15128,1,0,0,1,6
2020-09-05,US,Indiana,Unassigned,0,224,0,0.0,0.0,90018.0,0.0,0.0,-224,0,223,0,-223,0,,0,1,0,-1,0
2020-09-05,US,Indiana,Union,67,0,0,39.62550777,-84.92497066,18161.0,949.8157074000568,0.0,67,65,0,0,65,65,7037,2,0,0,2,0
2020-09-05,US,Indiana,Vanderburgh,2722,23,0,38.02658833,-87.58763124,18163.0,1500.1295115485723,0.8449669360764144,2699,2687,21,0,2666,2649,180974,35,2,0,33,38
2020-09-05,US,Indiana,Vermillion,106,0,0,39.8523352,-87.46160542,18165.0,683.9592205445864,0.0,106,104,0,0,104,101,15479,2,0,0,2,3
2020-09-05,US,Indiana,Vigo,1467,17,0,39.42944561,-87.39169027,18167.0,1370.5413030886227,1.1588275391956373,1450,1451,17,0,1434,1403,107386,16,0,0,16,48
2020-09-05,US,Indiana,Wabash,223,6,0,40.84704239,-85.79328272,18169.0,719.4476706671828,2.690582959641256,217,221,6,0,215,218,31280,2,0,0,2,3
2020-09-05,US,Indiana,Warren,38,1,0,40.34728141,-87.35602659,18171.0,459.7701149425288,2.631578947368421,37,38,1,0,37,38,8263,0,0,0,0,0
2020-09-05,US,Indiana,Warrick,841,31,0,38.08922676,-87.2716085,18173.0,1334.9630146988793,3.6860879904875152,810,817,31,0,786,798,62567,24,0,0,24,19
2020-09-05,US,Indiana,Washington,239,1,0,38.60219804,-86.1049363,18175.0,852.4753887858467,0.41841004184100417,238,239,1,0,238,237,27943,0,0,0,0,2
2020-09-05,US,Indiana,Wayne,628,10,0,39.863344399999995,-85.01044989,18177.0,953.1904559528869,1.5923566878980893,618,595,10,0,585,585,65936,33,0,0,33,10
2020-09-05,US,Indiana,Wells,217,2,0,40.72934187,-85.22132966,18179.0,766.8928470455188,0.9216589861751152,215,217,2,0,215,217,28206,0,0,0,0,0
2020-09-05,US,Indiana,White,461,13,0,40.74911165,-86.86492015,18181.0,1912.7043398888056,2.8199566160520613,448,455,13,0,442,451,24133,6,0,0,6,4
2020-09-05,US,Indiana,Whitley,226,6,0,41.13863784,-85.50791236,18183.0,665.4104345777882,2.6548672566371683,220,222,6,0,216,219,34074,4,0,0,4,3
2020-09-05,US,Iowa,Adair,49,1,0,41.33075609,-94.47105874,19001.0,685.1230425055927,2.0408163265306123,48,49,1,0,48,49,7063,0,0,0,0,0
2020-09-05,US,Iowa,Adams,23,0,0,41.02903567,-94.69932645,19003.0,638.5341476957246,0.0,23,23,0,0,23,23,3645,0,0,0,0,0
2020-09-05,US,Iowa,Allamakee,189,5,0,43.28383218,-91.37860922,19005.0,1380.8723606341784,2.6455026455026456,184,186,5,0,181,185,13832,3,0,0,3,1
2020-09-05,US,Iowa,Appanoose,93,3,0,40.74324454,-92.86865906,19007.0,748.430709802028,3.2258064516129035,90,90,3,0,87,89,12437,3,0,0,3,1
2020-09-05,US,Iowa,Audubon,40,1,0,41.6844628,-94.90581859,19009.0,727.802037845706,2.5,39,40,1,0,39,39,5506,0,0,0,0,1
2020-09-05,US,Iowa,Benton,220,1,0,42.08011739,-92.06463573,19011.0,857.8670306102555,0.4545454545454545,219,217,1,0,216,215,25642,3,0,0,3,2
2020-09-05,US,Iowa,Black Hawk,3992,78,0,42.4704581,-92.30524729,19013.0,3042.033712317493,1.9539078156312624,3914,3950,78,0,3872,3902,132408,42,0,0,42,48
2020-09-05,US,Iowa,Boone,374,4,0,42.03657094,-93.9313999,19015.0,1425.6308607151025,1.0695187165775402,370,362,4,0,358,359,26346,12,0,0,12,3
2020-09-05,US,Iowa,Bremer,375,7,0,42.77461496,-92.31795937,19017.0,1496.2892027771127,1.8666666666666667,368,368,7,0,361,364,24947,7,0,0,7,4
2020-09-05,US,Iowa,Buchanan,189,1,0,42.4709188,-91.83510825,19019.0,892.5619834710744,0.5291005291005291,188,184,1,0,183,180,21199,5,0,0,5,4
2020-09-05,US,Iowa,Buena Vista,1858,12,0,42.73545875,-95.15100162,19021.0,9469.92864424057,0.6458557588805167,1846,1853,12,0,1841,1835,19874,5,0,0,5,18
2020-09-05,US,Iowa,Butler,224,2,0,42.73172833,-92.79015971,19023.0,1551.3539718817092,0.8928571428571429,222,218,2,0,216,217,14539,6,0,0,6,1
2020-09-05,US,Iowa,Calhoun,137,2,0,42.38521079,-94.64046046,19025.0,1417.0459247000413,1.45985401459854,135,132,2,0,130,131,9699,5,0,0,5,1
2020-09-05,US,Iowa,Carroll,485,4,0,42.03617207,-94.86032705,19027.0,2405.1574510290106,0.8247422680412371,481,459,3,0,456,438,20154,26,1,0,25,21
2020-09-05,US,Iowa,Cass,118,2,0,41.33149454,-94.92792482,19029.0,919.2894982860704,1.6949152542372878,116,118,2,0,116,116,12930,0,0,0,0,2
2020-09-05,US,Iowa,Cedar,175,1,0,41.77233777,-91.13246684,19031.0,939.4964299135664,0.5714285714285714,174,171,1,0,170,161,18627,4,0,0,4,10
2020-09-05,US,Iowa,Cerro Gordo,883,20,0,43.08177563,-93.2612239,19033.0,2080.094228504123,2.2650056625141564,863,869,20,0,849,860,42647,14,0,0,14,9
2020-09-05,US,Iowa,Cherokee,145,2,0,42.73538914,-95.62389402,19035.0,1290.609701824655,1.3793103448275863,143,146,2,0,144,145,11321,-1,0,0,-1,1
2020-09-05,US,Iowa,Chickasaw,131,0,0,43.06001295,-92.31773347,19037.0,1097.7960278220062,0.0,131,120,0,0,120,115,11964,11,0,0,11,5
2020-09-05,US,Iowa,Clarke,244,3,0,41.02868181,-93.78499767,19039.0,2597.1261309207025,1.2295081967213115,241,244,3,0,241,244,9423,0,0,0,0,0
2020-09-05,US,Iowa,Clay,244,3,0,43.08247182,-95.15096481,19041.0,1523.4765234765234,1.2295081967213115,241,241,3,0,238,241,16134,3,0,0,3,0
2020-09-05,US,Iowa,Clayton,191,3,0,42.84443388,-91.34133693,19043.0,1088.3811043364294,1.5706806282722514,188,189,3,0,186,186,17556,2,0,0,2,3
2020-09-05,US,Iowa,Clinton,917,13,0,41.89981633,-90.53275096,19045.0,1975.058691765922,1.4176663031624863,904,906,13,0,893,889,46518,11,0,0,11,17
2020-09-05,US,Iowa,Crawford,865,3,0,42.03718237,-95.3819718,19047.0,5142.68727705113,0.3468208092485549,862,862,3,0,859,855,17158,3,0,0,3,7
2020-09-05,US,Iowa,Dallas,2487,38,0,41.68560356,-94.04127625,19049.0,2661.230779108215,1.527945315641335,2449,2456,38,0,2418,2434,90180,31,0,0,31,22
2020-09-05,US,Iowa,Davis,92,3,0,40.74773536,-92.41005468,19051.0,1022.2222222222224,3.260869565217391,89,89,3,0,86,86,9017,3,0,0,3,3
2020-09-05,US,Iowa,Decatur,48,0,0,40.73742757,-93.78645949,19053.0,609.9110546378652,0.0,48,48,0,0,48,48,7890,0,0,0,0,0
2020-09-05,US,Iowa,Delaware,256,3,0,42.47104597,-91.3664492,19055.0,1504.9085885603433,1.171875,253,249,3,0,246,243,17069,7,0,0,7,6
2020-09-05,US,Iowa,Des Moines,626,5,0,40.92012606,-91.18326592,19057.0,1606.4875407396005,0.7987220447284346,621,605,5,0,600,591,39138,21,0,0,21,14
2020-09-05,US,Iowa,Dickinson,441,6,0,43.37787725,-95.1510206,19059.0,2555.3366554641325,1.3605442176870748,435,438,6,0,432,434,17153,3,0,0,3,4
2020-09-05,US,Iowa,Dubuque,2165,36,0,42.46815349,-90.88181925,19061.0,2224.825559289289,1.6628175519630486,2129,2137,36,0,2101,2106,96854,28,0,0,28,31
2020-09-05,US,Iowa,Emmet,229,8,0,43.37782951,-94.67858943,19063.0,2486.967854039965,3.4934497816593884,221,226,8,0,218,225,9253,3,0,0,3,1
2020-09-05,US,Iowa,Fayette,157,1,0,42.86271799,-91.84412309999999,19065.0,798.9821882951654,0.6369426751592356,156,153,1,0,152,150,19660,4,0,0,4,3
2020-09-05,US,Iowa,Floyd,237,3,0,43.06000529999999,-92.78940097,19067.0,1515.1515151515152,1.2658227848101269,234,230,3,0,227,227,15761,7,0,0,7,3
2020-09-05,US,Iowa,Franklin,308,17,0,42.73270384,-93.26256925,19069.0,3058.5898709036737,5.51948051948052,291,308,17,0,291,304,10124,0,0,0,0,4
2020-09-05,US,Iowa,Fremont,63,0,0,40.74542720000001,-95.60129045,19071.0,905.1724137931036,0.0,63,61,0,0,61,61,6993,2,0,0,2,0
2020-09-05,US,Iowa,Greene,64,0,0,42.03614551,-94.39658081,19073.0,720.07200720072,0.0,64,62,0,0,62,60,8981,2,0,0,2,2
2020-09-05,US,Iowa,Grundy,142,1,0,42.40183723,-92.78829551,19075.0,1160.8894702419882,0.7042253521126759,141,136,1,0,135,135,12304,6,0,0,6,1
2020-09-05,US,Iowa,Guthrie,179,5,0,41.68378965,-94.50111014,19077.0,1674.6187669566846,2.793296089385475,174,177,5,0,172,174,10720,2,0,0,2,3
2020-09-05,US,Iowa,Hamilton,292,2,0,42.38382428,-93.70197703,19079.0,1976.578893928112,0.6849315068493149,290,290,2,0,288,287,14952,2,0,0,2,3
2020-09-05,US,Iowa,Hancock,163,2,0,43.08178477,-93.73454884,19081.0,1533.396048918156,1.2269938650306749,161,160,2,0,158,160,10712,3,0,0,3,0
2020-09-05,US,Iowa,Hardin,246,1,0,42.38353877,-93.23654611,19083.0,1460.2873085598956,0.4065040650406504,245,245,1,0,244,242,16868,1,0,0,1,3
2020-09-05,US,Iowa,Harrison,156,2,0,41.68330137,-95.81558439,19085.0,1110.3993166773437,1.2820512820512822,154,153,2,0,151,151,14134,3,0,0,3,2
2020-09-05,US,Iowa,Henry,392,4,0,40.98767962,-91.54436349,19087.0,1964.5183923022955,1.020408163265306,388,371,4,0,367,306,20067,21,0,0,21,65
2020-09-05,US,Iowa,Howard,150,3,0,43.35671042,-92.31702714,19089.0,1637.9122079056565,2.0,147,144,3,0,141,142,9187,6,0,0,6,2
2020-09-05,US,Iowa,Humboldt,154,2,0,42.7764426,-94.20722537,19091.0,1611.215735509521,1.2987012987012987,152,153,2,0,151,153,9547,1,0,0,1,0
2020-09-05,US,Iowa,Ida,49,0,0,42.38696136,-95.51355387,19093.0,714.2857142857142,0.0,49,48,0,0,48,47,6841,1,0,0,1,1
2020-09-05,US,Iowa,Iowa,124,1,0,41.68630265,-92.0643373,19095.0,766.1888284725653,0.8064516129032258,123,121,1,0,120,121,16141,3,0,0,3,0
2020-09-05,US,Iowa,Jackson,235,2,0,42.17178824,-90.57354837,19097.0,1208.9099233499667,0.851063829787234,233,229,2,0,227,221,19432,6,0,0,6,8
2020-09-05,US,Iowa,Jasper,629,30,0,41.68576082,-93.05567785,19099.0,1691.542288557214,4.769475357710652,599,609,30,0,579,602,37147,20,0,0,20,7
2020-09-05,US,Iowa,Jefferson,123,1,0,41.03192394,-91.94849466,19101.0,672.3148401202515,0.8130081300813008,122,121,1,0,120,120,18381,2,0,0,2,1
2020-09-05,US,Iowa,Johnson,4486,26,0,41.67169354,-91.58754744,19103.0,2968.109037978033,0.57958091841284,4460,4419,26,0,4393,4302,151260,67,0,0,67,117
2020-09-05,US,Iowa,Jones,191,2,0,42.12118609,-91.13139641,19105.0,923.5530196798994,1.0471204188481675,189,185,2,0,183,176,20744,6,0,0,6,9
2020-09-05,US,Iowa,Keokuk,71,1,0,41.33649833,-92.1785067,19107.0,692.9533476478625,1.4084507042253518,70,70,1,0,69,70,10225,1,0,0,1,0
2020-09-05,US,Iowa,Kossuth,130,0,0,43.20405458,-94.20691791,19109.0,877.6075069195978,0.0,130,124,0,0,124,123,14908,6,0,0,6,1
2020-09-05,US,Iowa,Lee,484,6,0,40.64181461,-91.48183025,19111.0,1438.0366639926315,1.2396694214876034,478,474,6,0,468,460,34055,10,0,0,10,14
2020-09-05,US,Iowa,Linn,3179,95,0,42.07923082,-91.59809485,19113.0,1402.2566672253934,2.9883611198490088,3084,3114,94,0,3020,3056,225909,65,1,0,64,58
2020-09-05,US,Iowa,Louisa,400,14,0,41.21842119,-91.26102611,19115.0,3624.830086089714,3.5,386,399,14,0,385,399,11169,1,0,0,1,0
2020-09-05,US,Iowa,Lucas,100,5,0,41.02958964,-93.32780803,19117.0,1162.7906976744189,5.0,95,98,5,0,93,97,8645,2,0,0,2,1
2020-09-05,US,Iowa,Lyon,165,2,0,43.38107862,-96.20926845,19119.0,1403.6580178647384,1.2121212121212122,163,162,2,0,160,160,11811,3,0,0,3,2
2020-09-05,US,Iowa,Madison,173,2,0,41.33081904,-94.01554631,19121.0,1058.8811360019586,1.1560693641618498,171,171,2,0,169,167,16249,2,0,0,2,4
2020-09-05,US,Iowa,Mahaska,253,18,0,41.33521503,-92.64083907,19123.0,1145.0554424077843,7.1146245059288535,235,248,18,0,230,238,22000,5,0,0,5,10
2020-09-05,US,Iowa,Marion,578,2,0,41.33445101,-93.09934783,19125.0,1738.1890355757375,0.3460207612456747,576,560,2,0,558,540,33407,18,0,0,18,20
2020-09-05,US,Iowa,Marshall,1713,32,0,42.03586837,-92.99908190000001,19127.0,4351.139221214661,1.8680677174547575,1681,1695,32,0,1663,1685,39981,18,0,0,18,10
2020-09-05,US,Iowa,Mills,137,1,0,41.03299766,-95.61920963,19129.0,906.7443245747568,0.7299270072992701,136,136,1,0,135,135,15063,1,0,0,1,1
2020-09-05,US,Iowa,Mitchell,137,0,0,43.35638371,-92.78887719,19131.0,1294.1621008879652,0.0,137,129,0,0,129,125,10569,8,0,0,8,4
2020-09-05,US,Iowa,Monona,110,1,0,42.05220391,-95.95743843,19133.0,1276.8427161926872,0.9090909090909092,109,108,1,0,107,108,8679,2,0,0,2,0
2020-09-05,US,Iowa,Monroe,121,8,0,41.02988815,-92.8690667,19135.0,1570.0012975217335,6.6115702479338845,113,119,8,0,111,118,7790,2,0,0,2,1
2020-09-05,US,Iowa,Montgomery,83,5,0,41.03018714,-95.15642896,19137.0,836.9466572552182,6.024096385542169,78,84,5,0,79,80,10003,-1,0,0,-1,4
2020-09-05,US,Iowa,Muscatine,995,52,0,41.48370744,-91.11216970000001,19139.0,2332.1770110631915,5.226130653266332,943,990,52,0,938,983,42929,5,0,0,5,7
2020-09-05,US,Iowa,O'Brien,224,8,0,43.08310673,-95.62474482,19141.0,1628.7355486075767,3.571428571428572,216,222,8,0,214,213,13840,2,0,0,2,9
2020-09-05,US,Iowa,Osceola,100,0,0,43.37824276,-95.62422844,19143.0,1678.4155756965424,0.0,100,99,0,0,99,99,6040,1,0,0,1,0
2020-09-05,US,Iowa,Page,125,0,0,40.7393172,-95.1497813,19145.0,827.4309922552458,0.0,125,122,0,0,122,114,15249,3,0,0,3,8
2020-09-05,US,Iowa,Palo Alto,123,0,0,43.08193849,-94.67824621,19147.0,1384.1998649561108,0.0,123,122,0,0,122,119,8929,1,0,0,1,3
2020-09-05,US,Iowa,Plymouth,837,18,0,42.737633,-96.21366621,19149.0,3324.4628033522663,2.150537634408602,819,826,18,0,808,798,25095,11,0,0,11,28
2020-09-05,US,Iowa,Pocahontas,139,2,0,42.73420133,-94.67862564,19151.0,2100.0151080223604,1.4388489208633093,137,136,2,0,134,133,6740,3,0,0,3,3
2020-09-05,US,Iowa,Polk,13993,243,0,41.68679484,-93.57767461,19153.0,2854.776287791154,1.7365825770027872,13750,13856,240,0,13616,13733,487204,137,3,0,134,123
2020-09-05,US,Iowa,Pottawattamie,1717,34,0,41.33640314,-95.53907776,19155.0,1842.1560843722507,1.98019801980198,1683,1700,34,0,1666,1684,93533,17,0,0,17,16
2020-09-05,US,Iowa,Poweshiek,200,8,0,41.68625425,-92.53155731,19157.0,1080.8473843493298,4.0,192,196,8,0,188,187,18699,4,0,0,4,9
2020-09-05,US,Iowa,Ringgold,34,1,0,40.73518949,-94.24368535,19159.0,694.7282386595833,2.9411764705882355,33,33,1,0,32,31,4968,1,0,0,1,2
2020-09-05,US,Iowa,Sac,124,0,0,42.38624071,-95.10547892,19161.0,1275.5889311799194,0.0,124,123,0,0,123,123,9719,1,0,0,1,0
2020-09-05,US,Iowa,Scott,2363,23,0,41.63935978,-90.61959493,19163.0,1366.346137166581,0.9733389758781209,2340,2334,22,0,2312,2300,173283,29,1,0,28,34
2020-09-05,US,Iowa,Shelby,223,1,0,41.6850066,-95.31015553,19165.0,1946.9181072114545,0.4484304932735426,222,222,1,0,221,220,11578,1,0,0,1,2
2020-09-05,US,Iowa,Sioux,970,3,0,43.08221074,-96.17675679999999,19167.0,2782.957968727586,0.30927835051546393,967,953,3,0,950,937,34909,17,0,0,17,16
2020-09-05,US,Iowa,Story,2875,16,0,42.03621213,-93.46499005,19169.0,2960.346798191872,0.5565217391304348,2859,2817,16,0,2801,2733,98105,58,0,0,58,84
2020-09-05,US,Iowa,Tama,650,29,0,42.07991767,-92.53266945,19171.0,3856.6512400617066,4.461538461538462,621,645,29,0,616,645,16904,5,0,0,5,0
2020-09-05,US,Iowa,Taylor,114,1,0,40.73710579,-94.69778563,19173.0,1862.4407776507107,0.8771929824561403,113,114,1,0,113,114,6191,0,0,0,0,0
2020-09-05,US,Iowa,Unassigned,16,0,0,0.0,0.0,90019.0,0.0,0.0,16,29,0,0,29,21,,-13,0,0,-13,8
2020-09-05,US,Iowa,Union,93,3,0,41.0277278,-94.24234847,19175.0,759.7418511559513,3.2258064516129035,90,93,3,0,90,92,12359,0,0,0,0,1
2020-09-05,US,Iowa,Van Buren,107,1,0,40.75326764,-91.95017958,19177.0,1519.023282226008,0.9345794392523364,106,106,1,0,105,106,7020,1,0,0,1,0
2020-09-05,US,Iowa,Wapello,1124,54,0,41.03064984,-92.40954728,19179.0,3214.2755011581685,4.804270462633452,1070,1115,54,0,1061,1105,35205,9,0,0,9,10
2020-09-05,US,Iowa,Warren,845,5,0,41.33559454,-93.56007641,19181.0,1641.8606458632885,0.591715976331361,840,824,5,0,819,810,51056,21,0,0,21,14
2020-09-05,US,Iowa,Washington,361,11,0,41.33577126,-91.71725711,19183.0,1643.5237878442974,3.0470914127423825,350,358,11,0,347,352,22141,3,0,0,3,6
2020-09-05,US,Iowa,Wayne,61,2,0,40.73969028,-93.32752197,19185.0,947.0579102623816,3.278688524590164,59,60,2,0,58,58,6401,1,0,0,1,2
2020-09-05,US,Iowa,Webster,1078,11,0,42.42853483,-94.17987389,19187.0,3002.450980392157,1.020408163265306,1067,1066,11,0,1055,1054,36277,12,0,0,12,12
2020-09-05,US,Iowa,Winnebago,171,10,0,43.37751174,-93.73407298,19189.0,1651.5356384006186,5.847953216374268,161,167,10,0,157,167,10518,4,0,0,4,0
2020-09-05,US,Iowa,Winneshiek,239,4,0,43.29094334,-91.84422722,19191.0,1195.537992096443,1.6736401673640169,235,235,4,0,231,229,20029,4,0,0,4,6
2020-09-05,US,Iowa,Woodbury,4299,56,0,42.38979414,-96.0459439,19193.0,4169.455032151066,1.3026285182600603,4243,4264,56,0,4208,4220,102539,35,0,0,35,44
2020-09-05,US,Iowa,Worth,85,0,0,43.37750768,-93.26087602,19195.0,1151.605473513074,0.0,85,83,0,0,83,82,7453,2,0,0,2,1
2020-09-05,US,Iowa,Wright,526,1,0,42.73305373,-93.73515113,19197.0,4187.231332590352,0.19011406844106465,525,523,1,0,522,522,12690,3,0,0,3,1
2020-09-05,US,Kansas,Allen,24,0,0,37.88582951,-95.30030847,20001.0,194.03347077370842,0.0,24,24,0,0,24,25,12444,0,0,0,0,-1
2020-09-05,US,Kansas,Anderson,43,0,0,38.21413251,-95.29272815,20003.0,547.2130313056757,0.0,43,43,0,0,43,39,7878,0,0,0,0,4
2020-09-05,US,Kansas,Atchison,219,1,0,39.53185661,-95.30870026,20005.0,1362.5334411746408,0.45662100456620996,218,219,1,0,218,219,16193,0,0,0,0,0
2020-09-05,US,Kansas,Barber,4,0,0,37.2288586,-98.68460053,20007.0,90.35464196973119,0.0,4,4,0,0,4,5,4472,0,0,0,0,-1
2020-09-05,US,Kansas,Barton,317,5,0,38.47889676,-98.75636726,20009.0,1229.6830753714266,1.5772870662460567,312,317,5,0,312,306,26111,0,0,0,0,11
2020-09-05,US,Kansas,Bourbon,94,2,0,37.85508555,-94.84865997,20011.0,646.7593229668364,2.127659574468085,92,94,2,0,92,85,14653,0,0,0,0,9
2020-09-05,US,Kansas,Brown,77,3,0,39.82652589,-95.56421698,20013.0,805.1024675867837,3.8961038961038965,74,77,3,0,74,77,9598,0,0,0,0,0
2020-09-05,US,Kansas,Butler,431,2,0,37.78134351,-96.83878537,20015.0,644.139229723065,0.4640371229698376,429,431,2,0,429,422,66765,0,0,0,0,9
2020-09-05,US,Kansas,Chase,76,1,0,38.30292938,-96.59563862,20017.0,2870.0906344410882,1.3157894736842106,75,76,1,0,75,76,2629,0,0,0,0,0
2020-09-05,US,Kansas,Chautauqua,9,0,0,37.14994405,-96.2454192,20019.0,276.9230769230769,0.0,9,9,0,0,9,9,3309,0,0,0,0,0
2020-09-05,US,Kansas,Cherokee,305,1,0,37.16928494,-94.8462897,20021.0,1529.665479713125,0.3278688524590164,304,290,1,0,289,290,20015,15,0,0,15,0
2020-09-05,US,Kansas,Cheyenne,8,0,0,39.78580976,-101.7318201,20023.0,301.09145652992095,0.0,8,8,0,0,8,8,2660,0,0,0,0,0
2020-09-05,US,Kansas,Clark,46,1,0,37.23577007,-99.81883015,20025.0,2306.9207622868607,2.1739130434782608,45,46,1,0,45,46,2005,0,0,0,0,0
2020-09-05,US,Kansas,Clay,40,2,0,39.34948772,-97.16518128,20027.0,499.8750312421894,5.0,38,40,2,0,38,40,7997,0,0,0,0,0
2020-09-05,US,Kansas,Cloud,61,0,0,39.48028352,-97.64925343,20029.0,694.2863646710676,0.0,61,61,0,0,61,60,8729,0,0,0,0,1
2020-09-05,US,Kansas,Coffey,90,8,0,38.2365018,-95.73379515,20031.0,1100.3790194400294,8.888888888888891,82,90,8,0,82,88,8233,0,0,0,0,2
2020-09-05,US,Kansas,Comanche,9,0,0,37.19114520000001,-99.27113247,20033.0,529.4117647058823,0.0,9,9,0,0,9,9,1748,0,0,0,0,0
2020-09-05,US,Kansas,Cowley,270,3,0,37.23781842,-96.83776647,20035.0,773.4616706772085,1.1111111111111112,267,270,3,0,267,266,35218,0,0,0,0,4
2020-09-05,US,Kansas,Crawford,769,4,0,37.50675523,-94.85245778,20037.0,1981.039723839456,0.5201560468140443,765,769,4,0,765,689,39019,0,0,0,0,80
2020-09-05,US,Kansas,Decatur,7,0,0,39.78468441,-100.45940809999999,20039.0,247.61230986911917,0.0,7,7,0,0,7,8,2871,0,0,0,0,-1
2020-09-05,US,Kansas,Dickinson,84,1,0,38.86600962,-97.15532383,20041.0,454.8900682335103,1.1904761904761905,83,84,1,0,83,84,18717,0,0,0,0,0
2020-09-05,US,Kansas,Doniphan,78,0,0,39.79067154,-95.14056866,20043.0,1026.3157894736842,0.0,78,78,0,0,78,78,7682,0,0,0,0,0
2020-09-05,US,Kansas,Douglas,1569,9,0,38.88503636,-95.2925121,20045.0,1283.3411037224253,0.5736137667304015,1560,1569,9,0,1560,1511,121436,0,0,0,0,58
2020-09-05,US,Kansas,Edwards,31,0,0,37.88735543,-99.31263309,20047.0,1107.9342387419586,0.0,31,31,0,0,31,25,2849,0,0,0,0,6
2020-09-05,US,Kansas,Elk,1,0,0,37.45338105,-96.24369667,20049.0,39.52569169960474,0.0,1,1,0,0,1,1,2508,0,0,0,0,0
2020-09-05,US,Kansas,Ellis,534,1,0,38.91458712,-99.31751551,20051.0,1870.206283052569,0.18726591760299627,533,534,1,0,533,467,28710,0,0,0,0,67
2020-09-05,US,Kansas,Ellsworth,25,0,0,38.69677695,-98.20462799,20053.0,409.70173713536553,0.0,25,25,0,0,25,25,6196,0,0,0,0,0
2020-09-05,US,Kansas,Finney,1910,12,0,38.04340344,-100.73819379999999,20055.0,5237.61208764088,0.6282722513089005,1898,1910,12,0,1898,1904,36611,0,0,0,0,6
2020-09-05,US,Kansas,Ford,2388,10,0,37.69200114,-99.88825298,20057.0,7103.126208394063,0.4187604690117253,2378,2388,10,0,2378,2367,33888,0,0,0,0,21
2020-09-05,US,Kansas,Franklin,267,3,0,38.56443815,-95.28644341,20059.0,1045.2552458502978,1.1235955056179776,264,269,3,0,266,265,25631,-2,0,0,-2,4
2020-09-05,US,Kansas,Geary,239,2,0,38.99871131,-96.7577178,20061.0,754.6574044837386,0.8368200836820083,237,239,2,0,237,234,32594,0,0,0,0,5
2020-09-05,US,Kansas,Gove,17,0,0,38.91588178,-100.4829321,20063.0,644.9165402124431,0.0,17,17,0,0,17,11,2612,0,0,0,0,6
2020-09-05,US,Kansas,Graham,25,1,0,39.34987223,-99.88332493,20065.0,1007.252215954875,4.0,24,25,0,0,25,25,2492,0,1,0,-1,0
2020-09-05,US,Kansas,Grant,167,3,0,37.56227336,-101.3079758,20067.0,2335.664335664336,1.7964071856287425,164,166,3,0,163,163,7336,1,0,0,1,3
2020-09-05,US,Kansas,Gray,117,0,0,37.73836671,-100.4369088,20069.0,1953.9078156312626,0.0,117,113,0,0,113,113,6033,4,0,0,4,0
2020-09-05,US,Kansas,Greeley,4,0,0,38.4808095,-101.8061079,20071.0,324.67532467532465,0.0,4,4,0,0,4,5,1227,0,0,0,0,-1
2020-09-05,US,Kansas,Greenwood,30,0,0,37.8774388,-96.23250453,20073.0,501.5045135406219,0.0,30,30,0,0,30,26,6055,0,0,0,0,4
2020-09-05,US,Kansas,Hamilton,42,0,0,37.99978709,-101.7921066,20075.0,1654.1945647892871,0.0,42,42,0,0,42,42,2607,0,0,0,0,0
2020-09-05,US,Kansas,Harper,117,1,0,37.19175361,-98.07578384,20077.0,2152.317880794702,0.8547008547008547,116,117,1,0,116,115,5506,0,0,0,0,2
2020-09-05,US,Kansas,Harvey,305,4,0,38.04293782,-97.42747573,20079.0,885.8810886171541,1.3114754098360657,301,305,4,0,301,299,34210,0,0,0,0,6
2020-09-05,US,Kansas,Haskell,85,0,0,37.562039399999996,-100.8710738,20081.0,2142.137096774193,0.0,85,85,0,0,85,47,3997,0,0,0,0,38
2020-09-05,US,Kansas,Hodgeman,15,0,0,38.08780079,-99.89829881,20083.0,836.1204013377928,0.0,15,15,0,0,15,13,1818,0,0,0,0,2
2020-09-05,US,Kansas,Jackson,216,1,0,39.41673394,-95.79356799,20085.0,1639.9665932731,0.462962962962963,215,216,1,0,215,216,13280,0,0,0,0,0
2020-09-05,US,Kansas,Jefferson,127,0,0,39.2347941,-95.38289232,20087.0,666.9117260935777,0.0,127,127,0,0,127,123,18975,0,0,0,0,4
2020-09-05,US,Kansas,Jewell,14,1,0,39.78470589,-98.21820662,20089.0,486.2799583188608,7.142857142857142,13,14,1,0,13,14,2841,0,0,0,0,0
2020-09-05,US,Kansas,Johnson,8727,121,0,38.88548175,-94.82250877,20091.0,1448.7027743977847,1.3865016615102554,8606,8614,120,0,8494,8499,597555,113,1,0,112,115
2020-09-05,US,Kansas,Kearny,75,1,0,38.00017981,-101.32168100000001,20093.0,1954.1427826993229,1.3333333333333333,74,75,1,0,74,74,3943,0,0,0,0,1
2020-09-05,US,Kansas,Kingman,44,0,0,37.55909527,-98.13638678,20095.0,615.2125279642058,0.0,44,44,0,0,44,43,7310,0,0,0,0,1
2020-09-05,US,Kansas,Kiowa,15,0,0,37.55848695,-99.2856537,20097.0,606.060606060606,0.0,15,15,0,0,15,8,2516,0,0,0,0,7
2020-09-05,US,Kansas,Labette,194,3,0,37.19113093,-95.29849679,20099.0,988.8877561423184,1.5463917525773196,191,194,3,0,191,193,19964,0,0,0,0,1
2020-09-05,US,Kansas,Lane,7,0,0,38.48119447,-100.46607540000001,20101.0,456.02605863192184,0.0,7,7,0,0,7,7,1560,0,0,0,0,0
2020-09-05,US,Kansas,Leavenworth,1704,9,0,39.20183497,-95.03620809,20103.0,2084.1997113432326,0.528169014084507,1695,1704,9,0,1695,1680,81352,0,0,0,0,24
2020-09-05,US,Kansas,Lincoln,10,0,0,39.04549684,-98.20756994,20105.0,337.609723160027,0.0,10,10,0,0,10,7,3023,0,0,0,0,3
2020-09-05,US,Kansas,Linn,56,0,0,38.21267844,-94.84254089,20107.0,577.1410903844172,0.0,56,56,0,0,56,56,9750,0,0,0,0,0
2020-09-05,US,Kansas,Logan,3,0,0,38.91735806,-101.148475,20109.0,107.37294201861131,0.0,3,3,0,0,3,2,2844,0,0,0,0,1
2020-09-05,US,Kansas,Lyon,974,19,0,38.45576156,-96.15275715,20111.0,2934.176833860521,1.950718685831622,955,974,19,0,955,951,33406,0,0,0,0,23
2020-09-05,US,Kansas,Marion,69,1,0,38.35855394,-97.09852509999999,20115.0,580.6125883540898,1.4492753623188406,68,69,1,0,68,67,11950,0,0,0,0,2
2020-09-05,US,Kansas,Marshall,18,0,0,39.78359669,-96.52278974,20117.0,185.43319254146493,0.0,18,18,0,0,18,17,9722,0,0,0,0,1
2020-09-05,US,Kansas,McPherson,226,1,0,38.39184858,-97.64769869,20113.0,791.8155700371382,0.4424778761061947,225,226,1,0,225,222,28537,0,0,0,0,4
2020-09-05,US,Kansas,Meade,66,0,0,37.23859987,-100.36483100000001,20119.0,1636.4988842053065,0.0,66,66,0,0,66,66,4146,0,0,0,0,0
2020-09-05,US,Kansas,Miami,242,0,0,38.56383358,-94.83832189,20121.0,706.8376318018518,0.0,242,242,0,0,242,218,33680,0,0,0,0,24
2020-09-05,US,Kansas,Mitchell,40,0,0,39.39331582,-98.20906732,20123.0,669.0081953503932,0.0,40,40,0,0,40,33,6150,0,0,0,0,7
2020-09-05,US,Kansas,Montgomery,284,5,0,37.19236568,-95.74329258,20125.0,892.2680574319018,1.7605633802816902,279,284,5,0,279,269,32120,0,0,0,0,15
2020-09-05,US,Kansas,Morris,22,0,0,38.68827511,-96.65128437,20127.0,391.45907473309614,0.0,22,22,0,0,22,21,5521,0,0,0,0,1
2020-09-05,US,Kansas,Morton,12,2,0,37.19141121,-101.79925190000002,20129.0,463.8577502899111,16.666666666666668,10,12,2,0,10,10,2667,0,0,0,0,2
2020-09-05,US,Kansas,Nemaha,55,1,0,39.78345387,-96.01392079,20131.0,537.5818590558108,1.818181818181818,54,55,1,0,54,55,10155,0,0,0,0,0
2020-09-05,US,Kansas,Neosho,124,0,0,37.55862897,-95.30670046,20133.0,774.6610857749735,0.0,124,124,0,0,124,124,15951,0,0,0,0,0
2020-09-05,US,Kansas,Ness,32,1,0,38.47974157,-99.91547333,20135.0,1163.6363636363635,3.125,31,32,1,0,31,32,2840,0,0,0,0,0
2020-09-05,US,Kansas,Norton,24,0,0,39.78443827,-99.90286639,20137.0,447.6776720761052,0.0,24,24,0,0,24,24,5430,0,0,0,0,0
2020-09-05,US,Kansas,Osage,69,0,0,38.65235984,-95.72707998,20139.0,432.62900495328864,0.0,69,69,0,0,69,65,15941,0,0,0,0,4
2020-09-05,US,Kansas,Osborne,5,0,0,39.3503437,-98.76753828,20141.0,146.1560947091494,0.0,5,5,0,0,5,4,3475,0,0,0,0,1
2020-09-05,US,Kansas,Ottawa,46,0,0,39.13237408,-97.65020313,20143.0,806.4516129032259,0.0,46,46,0,0,46,46,5802,0,0,0,0,0
2020-09-05,US,Kansas,Pawnee,244,0,0,38.18108732,-99.23692334,20145.0,3804.178359837855,0.0,244,244,0,0,244,240,6562,0,0,0,0,4
2020-09-05,US,Kansas,Phillips,58,8,0,39.78465501,-99.34668865,20147.0,1108.1390905617118,13.79310344827586,50,58,8,0,50,56,5317,0,0,0,0,2
2020-09-05,US,Kansas,Pottawatomie,170,0,0,39.37925655,-96.34564657,20149.0,697.2070704999385,0.0,170,170,0,0,170,170,24277,0,0,0,0,0
2020-09-05,US,Kansas,Pratt,53,0,0,37.64780729,-98.73922153,20151.0,578.3500654735923,0.0,53,53,0,0,53,51,9378,0,0,0,0,2
2020-09-05,US,Kansas,Rawlins,2,0,0,39.78525843,-101.07616170000001,20153.0,79.05138339920948,0.0,2,2,0,0,2,1,2508,0,0,0,0,1
2020-09-05,US,Kansas,Reno,819,1,0,37.95230263,-98.08607292,20155.0,1321.0103551727475,0.1221001221001221,818,810,1,0,809,801,62342,9,0,0,9,9
2020-09-05,US,Kansas,Republic,38,0,0,39.82799632,-97.65036709,20157.0,819.672131147541,0.0,38,38,0,0,38,38,4664,0,0,0,0,0
2020-09-05,US,Kansas,Rice,44,1,0,38.34616184,-98.19992118,20159.0,461.36101499423296,2.272727272727273,43,44,1,0,43,44,9531,0,0,0,0,0
2020-09-05,US,Kansas,Riley,1186,6,0,39.28935726,-96.73420026,20161.0,1597.6937169953655,0.5059021922428331,1180,1186,6,0,1180,1057,73703,0,0,0,0,129
2020-09-05,US,Kansas,Rooks,33,0,0,39.35022773,-99.32484567,20163.0,670.7317073170733,0.0,33,33,0,0,33,32,5013,0,0,0,0,1
2020-09-05,US,Kansas,Rush,24,0,0,38.52275276,-99.30863983,20165.0,790.5138339920949,0.0,24,24,0,0,24,21,3093,0,0,0,0,3
2020-09-05,US,Kansas,Russell,55,0,0,38.91462787,-98.76254297,20167.0,802.2170361726953,0.0,55,55,0,0,55,18,6907,0,0,0,0,37
2020-09-05,US,Kansas,Saline,527,9,0,38.78369175,-97.65185177,20169.0,971.8943641192093,1.7077798861480076,518,527,9,0,518,508,54401,0,0,0,0,19
2020-09-05,US,Kansas,Scott,98,1,0,38.48222076,-100.90665390000001,20171.0,2031.9303338171264,1.020408163265306,97,97,1,0,96,97,4897,1,0,0,1,0
2020-09-05,US,Kansas,Sedgwick,7310,55,0,37.6842718,-97.4608198,20173.0,1416.5513659740873,0.7523939808481532,7255,7246,55,0,7191,7186,513607,64,0,0,64,60
2020-09-05,US,Kansas,Seward,1464,5,0,37.19324632,-100.85072009999999,20175.0,6832.182191525108,0.34153005464480873,1459,1451,5,0,1446,1451,21780,13,0,0,13,0
2020-09-05,US,Kansas,Shawnee,2296,23,0,39.04100763,-95.75572640000001,20177.0,1298.0918727915193,1.0017421602787455,2273,2296,23,0,2273,2263,177499,0,0,0,0,33
2020-09-05,US,Kansas,Sheridan,12,0,0,39.35018161,-100.44182590000001,20179.0,476.0015866719557,0.0,12,12,0,0,12,10,2533,0,0,0,0,2
2020-09-05,US,Kansas,Sherman,18,0,0,39.35147699,-101.71976240000001,20181.0,304.2082136217678,0.0,18,18,0,0,18,18,5899,0,0,0,0,0
2020-09-05,US,Kansas,Smith,5,0,0,39.78516566,-98.78566062,20183.0,139.54786491766677,0.0,5,5,0,0,5,5,3603,0,0,0,0,0
2020-09-05,US,Kansas,Stafford,43,1,0,38.03100851,-98.71762001,20185.0,1034.6487006737248,2.3255813953488373,42,43,1,0,42,42,4178,0,0,0,0,1
2020-09-05,US,Kansas,Stanton,22,2,0,37.56304714,-101.78435340000001,20187.0,1096.7098703888337,9.090909090909092,20,22,2,0,20,22,1987,0,0,0,0,0
2020-09-05,US,Kansas,Stevens,76,0,0,37.1923008,-101.3118967,20189.0,1385.5970829535095,0.0,76,76,0,0,76,72,5559,0,0,0,0,4
2020-09-05,US,Kansas,Sumner,137,3,0,37.23682549,-97.47721621,20191.0,599.9299351900507,2.18978102189781,134,137,3,0,134,128,22996,0,0,0,0,9
2020-09-05,US,Kansas,Thomas,62,0,0,39.35107575,-101.0553705,20193.0,797.2225794007973,0.0,62,62,0,0,62,60,7711,0,0,0,0,2
2020-09-05,US,Kansas,Trego,37,2,0,38.91467218,-99.87284448,20195.0,1320.0142704245452,5.405405405405406,35,37,2,0,35,26,2793,0,0,0,0,11
2020-09-05,US,Kansas,Wabaunsee,60,0,0,38.95471985,-96.20350509,20197.0,865.6759486365604,0.0,60,60,0,0,60,58,6899,0,0,0,0,2
2020-09-05,US,Kansas,Wallace,10,0,0,38.91686134,-101.76388759999999,20199.0,658.7615283267457,0.0,10,10,0,0,10,6,1503,0,0,0,0,4
2020-09-05,US,Kansas,Washington,15,0,0,39.78420784,-97.08753229999999,20201.0,277.4694783573807,0.0,15,15,0,0,15,12,5420,0,0,0,0,3
2020-09-05,US,Kansas,Wichita,4,0,0,38.48178252,-101.3471509,20203.0,188.76828692779614,0.0,4,4,0,0,4,4,2105,0,0,0,0,0
2020-09-05,US,Kansas,Wilson,44,0,0,37.55937174,-95.74323255,20205.0,516.1290322580645,0.0,44,16,0,0,16,16,8665,28,0,0,28,0
2020-09-05,US,Kansas,Woodson,12,0,0,37.8865336,-95.74006277,20207.0,382.4091778202677,0.0,12,12,0,0,12,12,3183,0,0,0,0,0
2020-09-05,US,Kansas,Wyandotte,6229,117,0,39.11727348,-94.76378225,20209.0,3765.361575056369,1.8783111253812808,6112,6184,117,0,6067,6136,165324,45,0,0,45,48
2020-09-05,US,Kentucky,Adair,277,19,0,37.10459774,-85.28129668,21001.0,1442.5580668680343,6.859205776173285,258,272,19,0,253,270,19215,5,0,0,5,2
2020-09-05,US,Kentucky,Allen,261,9,0,36.75197631,-86.19457544,21003.0,1224.4897959183672,3.4482758620689653,252,258,9,0,249,256,21122,3,0,0,3,2
2020-09-05,US,Kentucky,Anderson,122,1,0,38.00671029,-84.99171713,21005.0,536.3344616872555,0.819672131147541,121,121,1,0,120,118,22663,1,0,0,1,3
2020-09-05,US,Kentucky,Ballard,45,1,0,37.05842757,-88.99427697,21007.0,570.4868154158215,2.2222222222222223,44,45,1,0,44,44,7979,0,0,0,0,1
2020-09-05,US,Kentucky,Barren,530,10,0,36.96469836,-85.93338945,21009.0,1197.7671811792354,1.8867924528301887,520,523,10,0,513,522,44176,7,0,0,7,1
2020-09-05,US,Kentucky,Bath,68,1,0,38.14735938,-83.74588932,21011.0,544.0,1.4705882352941178,67,68,1,0,67,68,12383,0,0,0,0,0
2020-09-05,US,Kentucky,Bell,423,9,0,36.73355174,-83.67766671,21013.0,1624.9231714812533,2.127659574468085,414,423,8,0,415,420,26569,0,1,0,-1,3
2020-09-05,US,Kentucky,Boone,1351,25,0,38.97065142,-84.72615357,21015.0,1011.3713776659854,1.850481125092524,1326,1339,25,0,1314,1323,131533,12,0,0,12,16
2020-09-05,US,Kentucky,Bourbon,129,1,0,38.2054607,-84.21827874,21017.0,651.9102486355367,0.7751937984496124,128,128,1,0,127,123,20184,1,0,0,1,5
2020-09-05,US,Kentucky,Boyd,280,4,0,38.36176608,-82.68652187,21019.0,599.3407252022772,1.4285714285714286,276,270,4,0,266,261,47240,10,0,0,10,9
2020-09-05,US,Kentucky,Boyle,220,0,0,37.62680923,-84.8633779,21021.0,731.8695941450432,0.0,220,219,0,0,219,216,30100,1,0,0,1,3
2020-09-05,US,Kentucky,Bracken,37,0,0,38.69158994,-84.08532444,21023.0,445.6220643141034,0.0,37,37,0,0,37,38,8239,0,0,0,0,-1
2020-09-05,US,Kentucky,Breathitt,57,0,0,37.52333168,-83.31959161,21025.0,451.3064133016627,0.0,57,57,0,0,57,57,12726,0,0,0,0,0
2020-09-05,US,Kentucky,Breckinridge,103,2,0,37.77377239,-86.42885017,21027.0,503.00336963422376,1.9417475728155342,101,102,2,0,100,100,20388,1,0,0,1,2
2020-09-05,US,Kentucky,Bullitt,671,5,0,37.97162523,-85.68955617,21029.0,821.5387629168912,0.7451564828614009,666,668,5,0,663,647,81069,3,0,0,3,21
2020-09-05,US,Kentucky,Butler,324,16,0,37.20946153,-86.68748787,21031.0,2515.7232704402522,4.938271604938271,308,324,16,0,308,326,12772,0,0,0,0,-2
2020-09-05,US,Kentucky,Caldwell,89,0,0,37.14749129,-87.86948214,21033.0,698.2034988624774,0.0,89,87,0,0,87,85,12715,2,0,0,2,2
2020-09-05,US,Kentucky,Calloway,445,7,0,36.62093411,-88.2731593,21035.0,1140.9963847080846,1.5730337078651686,438,440,7,0,433,433,39135,5,0,0,5,7
2020-09-05,US,Kentucky,Campbell,733,15,0,38.94384345,-84.37875208,21037.0,783.2535476149768,2.046384720327421,718,728,15,0,713,722,93152,5,0,0,5,6
2020-09-05,US,Kentucky,Carlisle,62,1,0,36.85372876,-88.96692220000001,21039.0,1302.5210084033613,1.6129032258064515,61,61,1,0,60,61,4771,1,0,0,1,0
2020-09-05,US,Kentucky,Carroll,195,5,0,38.66599534,-85.12601074,21041.0,1834.2583011946194,2.5641025641025643,190,194,5,0,189,193,10737,1,0,0,1,1
2020-09-05,US,Kentucky,Carter,128,3,0,38.31690743,-83.05092385,21043.0,477.6654103071239,2.34375,125,127,3,0,124,130,27004,1,0,0,1,-3
2020-09-05,US,Kentucky,Casey,257,15,0,37.32533118,-84.92726209,21045.0,1590.4449532768115,5.836575875486381,242,255,15,0,240,253,15888,2,0,0,2,2
2020-09-05,US,Kentucky,Christian,890,13,0,36.89267803,-87.49055367,21047.0,1263.1100892692411,1.4606741573033708,877,885,13,0,872,881,71671,5,0,0,5,4
2020-09-05,US,Kentucky,Clark,269,8,0,37.9689263,-84.14615986,21049.0,741.8029396354411,2.9739776951672865,261,262,8,0,254,260,36249,7,0,0,7,2
2020-09-05,US,Kentucky,Clay,227,6,0,37.16451126,-83.712575,21051.0,1140.6461986834834,2.643171806167401,221,225,6,0,219,225,20105,2,0,0,2,0
2020-09-05,US,Kentucky,Clinton,75,2,0,36.72581156,-85.13377529,21053.0,733.9988256018788,2.6666666666666665,73,71,2,0,69,70,10206,4,0,0,4,1
2020-09-05,US,Kentucky,Crittenden,79,1,0,37.35839237,-88.08826090000002,21055.0,897.115602997956,1.2658227848101269,78,78,1,0,77,76,8915,1,0,0,1,2
2020-09-05,US,Kentucky,Cumberland,90,0,0,36.78926125,-85.39050034,21057.0,1360.749924402782,0.0,90,90,0,0,90,91,6659,0,0,0,0,-1
2020-09-05,US,Kentucky,Daviess,1056,11,0,37.73028906,-87.09019479999998,21059.0,1040.28134881934,1.0416666666666667,1045,1040,11,0,1029,1016,101104,16,0,0,16,24
2020-09-05,US,Kentucky,Edmonson,119,12,0,37.21218923,-86.23955613,21061.0,979.4238683127572,10.084033613445378,107,118,12,0,106,118,12274,1,0,0,1,0
2020-09-05,US,Kentucky,Elliott,31,0,0,38.11624059,-83.09771563,21063.0,412.39856325661833,0.0,31,31,0,0,31,29,7508,0,0,0,0,2
2020-09-05,US,Kentucky,Estill,60,0,0,37.69241417,-83.95956369,21065.0,425.3509145044662,0.0,60,59,0,0,59,57,14198,1,0,0,1,2
2020-09-05,US,Kentucky,Fayette,4522,57,0,38.0368225,-84.45576892,21067.0,1399.3414863593603,1.2605042016806722,4465,4446,57,0,4389,4394,323780,76,0,0,76,52
2020-09-05,US,Kentucky,Fleming,73,0,0,38.36758311,-83.69657514,21069.0,500.65153281667915,0.0,73,73,0,0,73,72,14432,0,0,0,0,1
2020-09-05,US,Kentucky,Floyd,155,2,0,37.56213922,-82.74750924,21071.0,435.5278316333699,1.2903225806451613,153,151,2,0,149,150,35845,4,0,0,4,1
2020-09-05,US,Kentucky,Franklin,510,11,0,38.2379395,-84.87962551,21073.0,1000.1765017356005,2.156862745098039,499,507,11,0,496,498,50815,3,0,0,3,9
2020-09-05,US,Kentucky,Fulton,124,2,0,36.55238827,-89.20140068,21075.0,2077.39989948065,1.6129032258064515,122,124,2,0,122,123,6120,0,0,0,0,1
2020-09-05,US,Kentucky,Gallatin,92,8,0,38.75398691,-84.8558382,21077.0,1037.3210057503663,8.695652173913043,84,92,8,0,84,92,8832,0,0,0,0,0
2020-09-05,US,Kentucky,Garrard,131,2,0,37.638866799999995,-84.53289319,21079.0,741.5374165062833,1.5267175572519085,129,131,2,0,129,129,17560,0,0,0,0,2
2020-09-05,US,Kentucky,Grant,141,6,0,38.64962758,-84.62415957,21081.0,562.4476445011768,4.25531914893617,135,139,6,0,133,137,25121,2,0,0,2,2
2020-09-05,US,Kentucky,Graves,665,29,0,36.72292505,-88.65143315,21083.0,1784.4684162507376,4.360902255639099,636,663,29,0,634,659,37317,2,0,0,2,4
2020-09-05,US,Kentucky,Grayson,291,12,0,37.46231118,-86.34248968,21085.0,1101.1465546600068,4.123711340206185,279,288,12,0,276,274,26321,3,0,0,3,14
2020-09-05,US,Kentucky,Green,200,7,0,37.26484328,-85.5540745,21087.0,1827.9864729001008,3.5,193,196,7,0,189,189,11049,4,0,0,4,7
2020-09-05,US,Kentucky,Greenup,259,2,0,38.54332505,-82.9215658,21089.0,737.9337854008777,0.7722007722007722,257,248,2,0,246,232,35268,11,0,0,11,16
2020-09-05,US,Kentucky,Hancock,65,0,0,37.83766422,-86.78280584,21091.0,745.2419169915158,0.0,65,64,0,0,64,63,8758,1,0,0,1,1
2020-09-05,US,Kentucky,Hardin,985,10,0,37.6976111,-85.96319251,21093.0,887.7232826835381,1.0152284263959392,975,973,10,0,963,961,110356,12,0,0,12,12
2020-09-05,US,Kentucky,Harlan,320,8,0,36.85699301,-83.21899516,21095.0,1230.2960399846213,2.5,312,320,8,0,312,319,26409,0,0,0,0,1
2020-09-05,US,Kentucky,Harrison,158,0,0,38.44188174,-84.32869741,21097.0,836.598538600021,0.0,158,158,0,0,158,159,18778,0,0,0,0,-1
2020-09-05,US,Kentucky,Hart,142,1,0,37.29943898,-85.88461055,21099.0,745.9942211715262,0.7042253521126759,141,141,1,0,140,138,18906,1,0,0,1,3
2020-09-05,US,Kentucky,Henderson,486,3,0,37.79344553,-87.57392021,21101.0,1074.983410749834,0.6172839506172839,483,476,3,0,473,457,45591,10,0,0,10,19
2020-09-05,US,Kentucky,Henry,167,2,0,38.44942688,-85.11587507,21103.0,1035.5946918020586,1.1976047904191616,165,166,2,0,164,162,16106,1,0,0,1,4
2020-09-05,US,Kentucky,Hickman,70,0,0,36.67948079999999,-88.97875928,21105.0,1598.1735159817351,0.0,70,69,0,0,69,69,4421,1,0,0,1,0
2020-09-05,US,Kentucky,Hopkins,532,36,0,37.30939025,-87.54670406,21107.0,1190.529472317952,6.7669172932330826,496,530,36,0,494,527,45068,2,0,0,2,3
2020-09-05,US,Kentucky,Jackson,285,15,0,37.41866422,-83.99825483,21109.0,2138.194913346838,5.2631578947368425,270,279,15,0,264,269,13442,6,0,0,6,10
2020-09-05,US,Kentucky,Jefferson,12818,274,0,38.18664655,-85.65931031,21111.0,1671.7160717150284,2.1376189733187703,12544,12617,274,0,12343,12394,770517,201,0,0,201,223
2020-09-05,US,Kentucky,Jessamine,480,0,0,37.87119786,-84.58252003,21113.0,886.9999076041762,0.0,480,477,0,0,477,472,53920,3,0,0,3,5
2020-09-05,US,Kentucky,Johnson,128,1,0,37.85106355,-82.8264322,21115.0,576.8884081485487,0.78125,127,128,1,0,127,128,22386,0,0,0,0,0
2020-09-05,US,Kentucky,Kenton,1806,44,0,38.93950319,-84.53241199,21117.0,1081.450077246434,2.4363233665559245,1762,1792,44,0,1748,1776,166051,14,0,0,14,16
2020-09-05,US,Kentucky,Knott,94,1,0,37.35388197,-82.94981134,21119.0,634.8777522625962,1.0638297872340423,93,93,1,0,92,92,15126,1,0,0,1,1
2020-09-05,US,Kentucky,Knox,377,9,0,36.89225732,-83.85403396,21121.0,1210.467169690159,2.3872679045092844,368,371,9,0,362,372,31304,6,0,0,6,-1
2020-09-05,US,Kentucky,Larue,94,1,0,37.54567114,-85.70138352,21123.0,652.8684539519377,1.0638297872340423,93,92,1,0,91,91,14307,2,0,0,2,1
2020-09-05,US,Kentucky,Laurel,625,5,0,37.10975748,-84.11321779,21125.0,1027.7407791097298,0.8,620,611,5,0,606,594,60669,14,0,0,14,17
2020-09-05,US,Kentucky,Lawrence,47,0,0,38.07136018,-82.72882223,21127.0,306.848599595221,0.0,47,46,0,0,46,46,15571,1,0,0,1,0
2020-09-05,US,Kentucky,Lee,13,0,0,37.59645942,-83.71513901,21129.0,175.6044846683777,0.0,13,14,0,0,14,12,7033,-1,0,0,-1,2
2020-09-05,US,Kentucky,Leslie,42,0,0,37.09246661,-83.37999606,21131.0,425.23033309709433,0.0,42,42,0,0,42,41,10143,0,0,0,0,1
2020-09-05,US,Kentucky,Letcher,79,2,0,37.12306748,-82.85346474,21133.0,366.53830093258483,2.5316455696202533,77,77,2,0,75,78,21899,2,0,0,2,-1
2020-09-05,US,Kentucky,Lewis,195,12,0,38.53184419,-83.37735618,21135.0,1468.926553672317,6.153846153846153,183,183,12,0,171,180,13257,12,0,0,12,3
2020-09-05,US,Kentucky,Lincoln,145,10,0,37.45475628,-84.6565327,21137.0,590.6554238461853,6.896551724137932,135,144,10,0,134,142,24644,1,0,0,1,2
2020-09-05,US,Kentucky,Livingston,59,1,0,37.21137452,-88.34797529,21139.0,641.7228627365672,1.6949152542372878,58,54,1,0,53,54,9242,5,0,0,5,0
2020-09-05,US,Kentucky,Logan,449,26,0,36.85949479,-86.877635,21141.0,1656.7043022655155,5.79064587973274,423,444,26,0,418,442,26989,5,0,0,5,2
2020-09-05,US,Kentucky,Lyon,43,4,0,37.02080035,-88.07886257,21143.0,523.7515225334957,9.30232558139535,39,43,4,0,39,41,8009,0,0,0,0,2
2020-09-05,US,Kentucky,Madison,1228,4,0,37.71659336,-84.27220275,21151.0,1320.61470958306,0.3257328990228013,1224,1196,3,0,1193,1174,92368,32,1,0,31,22
2020-09-05,US,Kentucky,Magoffin,69,0,0,37.70820545,-83.0657714,21153.0,567.3875503659239,0.0,69,69,0,0,69,69,12362,0,0,0,0,0
2020-09-05,US,Kentucky,Marion,187,4,0,37.55218078,-85.26898542,21155.0,970.269288642142,2.1390374331550803,183,184,3,0,181,176,19404,3,1,0,2,8
2020-09-05,US,Kentucky,Marshall,204,2,0,36.88007070000001,-88.32803576,21157.0,655.9485530546624,0.9803921568627452,202,202,2,0,200,200,31191,2,0,0,2,2
2020-09-05,US,Kentucky,Martin,57,2,0,37.79990579,-82.51247478,21159.0,509.1558731576597,3.5087719298245608,55,58,2,0,56,59,11323,-1,0,0,-1,-1
2020-09-05,US,Kentucky,Mason,110,2,0,38.59471935,-83.82151043,21161.0,644.4053895723491,1.818181818181818,108,107,2,0,105,99,17150,3,0,0,3,8
2020-09-05,US,Kentucky,McCracken,554,6,0,37.05350953,-88.70445755,21145.0,846.8617200158977,1.083032490974729,548,545,6,0,539,536,65346,9,0,0,9,9
2020-09-05,US,Kentucky,McCreary,113,0,0,36.73874143,-84.48102924,21147.0,655.7947884626545,0.0,113,112,0,0,112,106,17408,1,0,0,1,6
2020-09-05,US,Kentucky,McLean,62,1,0,37.5301951,-87.26803443,21149.0,673.4006734006732,1.6129032258064515,61,62,1,0,61,62,9252,0,0,0,0,0
2020-09-05,US,Kentucky,Meade,136,3,0,37.96163597,-86.21028219,21163.0,475.99048019039617,2.2058823529411766,133,132,3,0,129,130,28715,4,0,0,4,2
2020-09-05,US,Kentucky,Menifee,35,0,0,37.94090733,-83.59985712,21165.0,539.3743257820928,0.0,35,35,0,0,35,34,6451,0,0,0,0,1
2020-09-05,US,Kentucky,Mercer,140,1,0,37.81474237,-84.87488475,21167.0,638.3075730634204,0.7142857142857143,139,131,1,0,130,128,21774,9,0,0,9,3
2020-09-05,US,Kentucky,Metcalfe,87,2,0,36.99459295,-85.63123699,21169.0,863.8665475126601,2.2988505747126435,85,86,2,0,84,84,10030,1,0,0,1,2
2020-09-05,US,Kentucky,Monroe,168,3,0,36.71225341,-85.71596443,21171.0,1577.4647887323945,1.7857142857142858,165,162,3,0,159,157,10718,6,0,0,6,5
2020-09-05,US,Kentucky,Montgomery,210,1,0,38.03253032,-83.9145241,21173.0,745.8180914159889,0.4761904761904762,209,203,1,0,202,203,28203,7,0,0,7,0
2020-09-05,US,Kentucky,Morgan,50,0,0,37.92465657,-83.25558245,21175.0,375.68562626793886,0.0,50,50,0,0,50,50,13345,0,0,0,0,0
2020-09-05,US,Kentucky,Muhlenberg,668,11,0,37.21425819,-87.14632053,21177.0,2181.438181699432,1.6467065868263473,657,667,11,0,656,662,30774,1,0,0,1,5
2020-09-05,US,Kentucky,Nelson,394,3,0,37.80335779,-85.4657193,21179.0,852.2051348603811,0.7614213197969543,391,381,2,0,379,374,45851,13,1,0,12,7
2020-09-05,US,Kentucky,Nicholas,27,1,0,38.33342292,-84.01889177,21181.0,371.4403631861329,3.703703703703704,26,27,1,0,26,25,7166,0,0,0,0,2
2020-09-05,US,Kentucky,Ohio,395,9,0,37.47751843,-86.85368087,21183.0,1646.2448945569727,2.278481012658228,386,393,9,0,384,387,24087,2,0,0,2,6
2020-09-05,US,Kentucky,Oldham,873,24,0,38.39791089,-85.448222,21185.0,1306.9057920028745,2.7491408934707904,849,861,24,0,837,854,66470,12,0,0,12,7
2020-09-05,US,Kentucky,Owen,85,1,0,38.51679143,-84.82404619,21187.0,779.7449775249977,1.1764705882352942,84,85,1,0,84,84,10880,0,0,0,0,1
2020-09-05,US,Kentucky,Owsley,37,1,0,37.42823949,-83.68811419,21189.0,838.0520951302377,2.702702702702702,36,36,1,0,35,35,4472,1,0,0,1,1
2020-09-05,US,Kentucky,Pendleton,69,0,0,38.69607718,-84.35599463,21191.0,472.92666209732687,0.0,69,65,0,0,65,66,14529,4,0,0,4,-1
2020-09-05,US,Kentucky,Perry,294,8,0,37.25023553,-83.22922731,21193.0,1141.3929652923364,2.7210884353741496,286,293,8,0,285,292,26092,1,0,0,1,1
2020-09-05,US,Kentucky,Pike,336,3,0,37.47088263,-82.39487445,21195.0,580.5515239477504,0.8928571428571429,333,329,3,0,326,326,58402,7,0,0,7,3
2020-09-05,US,Kentucky,Powell,85,0,0,37.83218794,-83.82553961,21197.0,687.7579092159558,0.0,85,81,0,0,81,80,12442,4,0,0,4,1
2020-09-05,US,Kentucky,Pulaski,623,7,0,37.10466131,-84.57629079,21199.0,958.771295341572,1.1235955056179776,616,614,7,0,607,578,64623,9,0,0,9,36
2020-09-05,US,Kentucky,Robertson,9,0,0,38.51923469,-84.05055616,21201.0,426.9449715370019,0.0,9,9,0,0,9,9,2135,0,0,0,0,0
2020-09-05,US,Kentucky,Rockcastle,135,1,0,37.36642393,-84.31176452,21203.0,808.6253369272238,0.7407407407407407,134,134,1,0,133,130,16750,1,0,0,1,4
2020-09-05,US,Kentucky,Rowan,183,0,0,38.19484205,-83.42088935,21205.0,748.1602616516761,0.0,183,182,0,0,182,179,24583,1,0,0,1,3
2020-09-05,US,Kentucky,Russell,198,6,0,36.99308373,-85.06070117,21207.0,1104.725771355242,3.0303030303030303,192,195,6,0,189,194,17821,3,0,0,3,1
2020-09-05,US,Kentucky,Scott,628,6,0,38.29622293,-84.5816631,21209.0,1101.677075292962,0.9554140127388536,622,625,5,0,620,614,56031,3,1,0,2,11
2020-09-05,US,Kentucky,Shelby,939,23,0,38.21476019,-85.194223,21211.0,1915.3883812010447,2.4494142705005326,916,933,23,0,910,923,48518,6,0,0,6,10
2020-09-05,US,Kentucky,Simpson,234,7,0,36.74058474,-86.58047435,21213.0,1259.9612319620935,2.9914529914529915,227,231,7,0,224,225,18529,3,0,0,3,6
2020-09-05,US,Kentucky,Spencer,173,0,0,38.03223971,-85.32749335,21215.0,894.0106454446799,0.0,173,173,0,0,173,168,18794,0,0,0,0,5
2020-09-05,US,Kentucky,Taylor,213,5,0,37.3677562,-85.3329931,21217.0,826.5745663394,2.347417840375587,208,210,5,0,205,208,25549,3,0,0,3,2
2020-09-05,US,Kentucky,Todd,160,6,0,36.8381152,-87.17878374,21219.0,1301.447860745079,3.75,154,157,5,0,152,155,12311,3,1,0,2,2
2020-09-05,US,Kentucky,Trigg,103,0,0,36.80767017,-87.87333656,21221.0,703.023684390144,0.0,103,101,0,0,101,96,14643,2,0,0,2,5
2020-09-05,US,Kentucky,Trimble,49,0,0,38.61056487,-85.33775972,21223.0,578.4441034116397,0.0,49,49,0,0,49,47,8515,0,0,0,0,2
2020-09-05,US,Kentucky,Union,155,1,0,37.66166713,-87.94300009,21225.0,1077.8110006258257,0.6451612903225806,154,142,1,0,141,121,14505,13,0,0,13,21
2020-09-05,US,Kentucky,Warren,3600,29,0,36.99903045,-86.42672751,21227.0,2708.885143269925,0.8055555555555556,3571,3498,29,0,3469,3476,131264,102,0,0,102,22
2020-09-05,US,Kentucky,Washington,130,1,0,37.75599461,-85.17407732,21229.0,1074.8243075651096,0.7692307692307693,129,127,1,0,126,127,12084,3,0,0,3,0
2020-09-05,US,Kentucky,Wayne,101,0,0,36.80310688,-84.8251971,21231.0,496.7294545812226,0.0,101,100,0,0,100,99,20468,1,0,0,1,1
2020-09-05,US,Kentucky,Webster,119,2,0,37.52168356,-87.67989953,21233.0,919.4869417400713,1.680672268907563,117,117,2,0,115,113,13111,2,0,0,2,4
2020-09-05,US,Kentucky,Whitley,218,2,0,36.75700531,-84.14541217,21235.0,601.1471431722921,0.9174311926605504,216,214,2,0,212,212,36242,4,0,0,4,2
2020-09-05,US,Kentucky,Wolfe,29,0,0,37.73941626,-83.49303612,21237.0,405.19770853709656,0.0,29,28,0,0,28,28,7177,1,0,0,1,0
2020-09-05,US,Kentucky,Woodford,222,0,0,38.04178222,-84.7417556,21239.0,830.4032318396049,0.0,222,219,0,0,219,214,26533,3,0,0,3,5
2020-09-05,US,Louisiana,Acadia,2828,94,0,30.295064899999996,-92.41419698,22001.0,4557.982109759046,3.323903818953324,2734,2828,94,0,2734,2824,62190,0,0,0,0,4
2020-09-05,US,Louisiana,Allen,1458,40,0,30.65385745,-92.82442028,22003.0,5689.31205369337,2.7434842249657065,1418,1458,40,0,1418,1454,25605,0,0,0,0,4
2020-09-05,US,Louisiana,Ascension,3429,92,0,30.20406249,-90.91328409999998,22005.0,2708.445230798395,2.6829979585885098,3337,3429,92,0,3337,3418,124672,0,0,0,0,11
2020-09-05,US,Louisiana,Assumption,675,22,0,29.89946234,-91.06461642,22007.0,3083.4589557352338,3.2592592592592586,653,675,22,0,653,669,22300,0,0,0,0,6
2020-09-05,US,Louisiana,Avoyelles,1320,46,0,31.07796211,-92.00079449,22009.0,3288.1626145874848,3.484848484848485,1274,1320,46,0,1274,1305,40462,0,0,0,0,15
2020-09-05,US,Louisiana,Beauregard,949,31,0,30.64836518,-93.34173616,22011.0,2530.8691361975625,3.266596417281349,918,949,31,0,918,953,37253,0,0,0,0,-4
2020-09-05,US,Louisiana,Bienville,426,32,0,32.34569994,-93.05398492,22013.0,3217.2796616569744,7.511737089201878,394,426,32,0,394,425,13308,0,0,0,0,1
2020-09-05,US,Louisiana,Bossier,2776,94,0,32.67932307,-93.60460152,22015.0,2185.155739576036,3.3861671469740635,2682,2776,94,0,2682,2749,127185,0,0,0,0,27
2020-09-05,US,Louisiana,Caddo,7581,328,0,32.57991587,-93.88375652,22017.0,3156.0673427586553,4.32660598865585,7253,7581,328,0,7253,7546,242922,0,0,0,0,35
2020-09-05,US,Louisiana,Calcasieu,7465,193,0,30.22931235,-93.35400434,22019.0,3669.458699541871,2.5853985264567982,7272,7465,193,0,7272,7438,203112,0,0,0,0,27
2020-09-05,US,Louisiana,Caldwell,286,3,0,32.0902519,-92.11752148,22021.0,2883.645896350071,1.048951048951049,283,286,3,0,283,285,9960,0,0,0,0,1
2020-09-05,US,Louisiana,Cameron,206,1,0,29.87592238,-93.19310676,22023.0,2954.2521153018793,0.4854368932038835,205,206,1,0,205,209,6968,0,0,0,0,-3
2020-09-05,US,Louisiana,Catahoula,384,6,0,31.66778967,-91.84526385,22025.0,4044.6597851274487,1.5625,378,384,6,0,378,383,9608,0,0,0,0,1
2020-09-05,US,Louisiana,Claiborne,408,13,0,32.82308512,-92.99526883,22027.0,2603.701340140396,3.1862745098039214,395,408,13,0,395,392,15944,0,0,0,0,16
2020-09-05,US,Louisiana,Concordia,458,10,0,31.44817835,-91.63814433,22029.0,2378.108936081832,2.183406113537118,448,458,10,0,448,456,19572,0,0,0,0,2
2020-09-05,US,Louisiana,De Soto,826,33,0,32.05457447,-93.74130302,22031.0,3007.683064486764,3.995157384987893,793,826,33,0,793,823,27436,0,0,0,0,3
2020-09-05,US,Louisiana,East Baton Rouge,14089,420,0,30.53842039,-91.09777565,22033.0,3201.616146925753,2.981049045354532,13669,14089,420,0,13669,13990,440956,0,0,0,0,99
2020-09-05,US,Louisiana,East Carroll,530,3,0,32.73926954,-91.23425694,22035.0,7724.821454598455,0.5660377358490566,527,530,3,0,527,529,7037,0,0,0,0,1
2020-09-05,US,Louisiana,East Feliciana,1328,46,0,30.84425359,-91.04976723,22037.0,6940.162006793833,3.463855421686747,1282,1328,46,0,1282,1315,19305,0,0,0,0,13
2020-09-05,US,Louisiana,Evangeline,1154,27,0,30.72985248,-92.39915924,22039.0,3455.6071268153914,2.339688041594454,1127,1154,27,0,1127,1143,33443,0,0,0,0,11
2020-09-05,US,Louisiana,Franklin,1105,31,0,32.13675181,-91.67589857,22041.0,5520.859355483388,2.805429864253393,1074,1105,31,0,1074,1101,20156,0,0,0,0,4
2020-09-05,US,Louisiana,Grant,436,30,0,31.59882456,-92.56124347,22043.0,1947.3848765018536,6.8807339449541285,406,436,30,0,406,435,22482,0,0,0,0,1
2020-09-05,US,Louisiana,Iberia,2752,87,0,29.86803617,-91.75871777,22045.0,3940.999570385221,3.1613372093023258,2665,2752,87,0,2665,2752,70941,0,0,0,0,0
2020-09-05,US,Louisiana,Iberville,1347,55,0,30.25734305,-91.3499598,22047.0,4143.213066346775,4.083147735708983,1292,1347,55,0,1292,1351,32721,0,0,0,0,-4
2020-09-05,US,Louisiana,Jackson,513,21,0,32.30251776,-92.55692092,22049.0,3258.384146341464,4.093567251461988,492,513,21,0,492,496,15902,0,0,0,0,17
2020-09-05,US,Louisiana,Jefferson,16678,553,0,29.74075478,-90.11115756,22051.0,3856.2473843507296,3.3157452932006235,16125,16678,553,0,16125,16629,434051,0,0,0,0,49
2020-09-05,US,Louisiana,Jefferson Davis,1169,36,0,30.26896765,-92.81210004,22053.0,3726.727875541954,3.0795551753635584,1133,1169,36,0,1133,1168,31582,0,0,0,0,1
2020-09-05,US,Louisiana,LaSalle,395,5,0,31.67884782,-92.15907765,22059.0,2652.4308353478377,1.2658227848101269,390,395,5,0,390,392,14917,0,0,0,0,3
2020-09-05,US,Louisiana,Lafayette,8402,113,0,30.2049055,-92.06959876,22055.0,3437.9475428618193,1.3449178766960248,8289,8402,113,0,8289,8365,242782,0,0,0,0,37
2020-09-05,US,Louisiana,Lafourche,3326,111,0,29.52470226,-90.40976986,22057.0,3407.2981334644624,3.3373421527360194,3215,3326,111,0,3215,3312,98115,0,0,0,0,14
2020-09-05,US,Louisiana,Lincoln,941,40,0,32.6003154,-92.66597409999999,22061.0,2013.178725771255,4.2507970244420825,901,941,40,0,901,937,47196,0,0,0,0,4
2020-09-05,US,Louisiana,Livingston,3457,66,0,30.44143993,-90.73061664,22063.0,2455.447513655186,1.9091698004049755,3391,3457,66,0,3391,3448,139567,0,0,0,0,9
2020-09-05,US,Louisiana,Madison,832,7,0,32.36918118,-91.23973355,22065.0,7597.479682220802,0.8413461538461539,825,832,7,0,825,829,11161,0,0,0,0,3
2020-09-05,US,Louisiana,Morehouse,625,17,0,32.81686191,-91.80421614,22067.0,2512.6638256814344,2.72,608,625,17,0,608,619,25398,0,0,0,0,6
2020-09-05,US,Louisiana,Natchitoches,942,23,0,31.72321584,-93.09816516,22069.0,2468.682845012841,2.4416135881104037,919,942,23,0,919,940,38659,0,0,0,0,2
2020-09-05,US,Louisiana,Orleans,11816,578,0,30.06971951,-89.92660315,22071.0,3028.625328083989,4.89167230873392,11238,11816,578,0,11238,11727,391006,0,0,0,0,89
2020-09-05,US,Louisiana,Ouachita,5579,130,0,32.47645559,-92.15704172,22073.0,3639.768004749509,2.3301666965405987,5449,5579,130,0,5449,5559,154475,0,0,0,0,20
2020-09-05,US,Louisiana,Plaquemines,643,19,0,29.42245447,-89.60322085,22075.0,2771.9101607966554,2.9548989113530326,624,643,19,0,624,619,23410,0,0,0,0,24
2020-09-05,US,Louisiana,Pointe Coupee,970,38,0,30.71409502,-91.60209535,22077.0,4463.8748274275185,3.9175257731958766,932,970,38,0,932,964,21940,0,0,0,0,6
2020-09-05,US,Louisiana,Rapides,3875,135,0,31.19778499,-92.52997303,22079.0,2988.862149821054,3.4838709677419355,3740,3875,135,0,3740,3856,130562,0,0,0,0,19
2020-09-05,US,Louisiana,Red River,329,20,0,32.09530039,-93.34213308,22081.0,3897.1807628524048,6.079027355623101,309,329,20,0,309,324,8477,0,0,0,0,5
2020-09-05,US,Louisiana,Richland,716,9,0,32.41391005,-91.76634876,22083.0,3558.294404134778,1.2569832402234635,707,716,9,0,707,708,20192,0,0,0,0,8
2020-09-05,US,Louisiana,Sabine,769,13,0,31.56388699,-93.55433981,22085.0,3219.728688661866,1.6905071521456436,756,769,13,0,756,765,24032,0,0,0,0,4
2020-09-05,US,Louisiana,St. Bernard,1268,27,0,29.87761636,-89.51887093,22087.0,2683.938701210736,2.1293375394321767,1241,1268,27,0,1241,1257,46721,0,0,0,0,11
2020-09-05,US,Louisiana,St. Charles,1669,57,0,29.90709658,-90.35555967,22089.0,3143.1261770244823,3.41521869382864,1612,1669,57,0,1612,1662,52879,0,0,0,0,7
2020-09-05,US,Louisiana,St. Helena,371,2,0,30.82210324,-90.71013176,22091.0,3661.6660086853535,0.5390835579514824,369,371,2,0,369,369,10262,0,0,0,0,2
2020-09-05,US,Louisiana,St. James,769,37,0,30.02531716,-90.80212061,22093.0,3645.2408039438756,4.811443433029909,732,769,37,0,732,768,21037,0,0,0,0,1
2020-09-05,US,Louisiana,St. John the Baptist,1528,96,0,30.12597499,-90.4753503,22095.0,3567.009827952471,6.282722513089006,1432,1528,96,0,1432,1520,43184,0,0,0,0,8
2020-09-05,US,Louisiana,St. Landry,3141,115,0,30.59724262,-92.00135806,22097.0,3824.704105986071,3.661254377586756,3026,3141,115,0,3026,3139,82764,0,0,0,0,2
2020-09-05,US,Louisiana,St. Martin,1996,57,0,30.13112107,-91.61403569,22099.0,3735.659074320152,2.8557114228456912,1939,1996,57,0,1939,1983,53621,0,0,0,0,13
2020-09-05,US,Louisiana,St. Mary,1778,72,0,29.69262097,-91.44702164,22101.0,3602.982896976575,4.049493813273341,1706,1778,72,0,1706,1774,49774,0,0,0,0,4
2020-09-05,US,Louisiana,St. Tammany,6267,242,0,30.40942847,-89.95642711,22103.0,2406.506437702318,3.8614967288973987,6025,6267,242,0,6025,6220,258111,0,0,0,0,47
2020-09-05,US,Louisiana,Tangipahoa,4134,104,0,30.62888673,-90.40664996,22105.0,3067.7213968743968,2.5157232704402515,4030,4134,104,0,4030,4098,133777,0,0,0,0,36
2020-09-05,US,Louisiana,Tensas,151,1,0,32.00760749,-91.32915234,22107.0,3484.079372404245,0.6622516556291391,150,151,1,0,150,151,4462,0,0,0,0,0
2020-09-05,US,Louisiana,Terrebonne,3385,99,0,29.37343766,-90.82626855,22109.0,3064.429979811879,2.924667651403249,3286,3385,99,0,3286,3372,111021,0,0,0,0,13
2020-09-05,US,Louisiana,Unassigned,191,163,0,0.0,0.0,90022.0,0.0,85.34031413612566,28,191,163,0,28,190,,0,0,0,0,1
2020-09-05,US,Louisiana,Union,855,39,0,32.83121059,-92.3749373,22111.0,3867.3783245883837,4.56140350877193,816,855,39,0,816,852,22330,0,0,0,0,3
2020-09-05,US,Louisiana,Vermilion,1901,48,0,29.83517605,-92.30292538,22113.0,3194.3674278704775,2.524986849026828,1853,1901,48,0,1853,1890,59830,0,0,0,0,11
2020-09-05,US,Louisiana,Vernon,966,40,0,31.10884837,-93.18153838,22115.0,2036.7285837778575,4.140786749482402,926,966,40,0,926,962,48860,0,0,0,0,4
2020-09-05,US,Louisiana,Washington,1504,60,0,30.85288548,-90.03866652,22117.0,3255.8340910074903,3.98936170212766,1444,1504,60,0,1444,1486,46582,0,0,0,0,18
2020-09-05,US,Louisiana,Webster,1064,20,0,32.70847669,-93.33121835,22119.0,2775.1695357329163,1.8796992481203008,1044,1064,20,0,1044,1050,38798,0,0,0,0,14
2020-09-05,US,Louisiana,West Baton Rouge,841,39,0,30.46058217,-91.30989571,22121.0,3177.7819761949745,4.637336504161712,802,841,39,0,802,839,26427,0,0,0,0,2
2020-09-05,US,Louisiana,West Carroll,317,9,0,32.78550125,-91.461201,22123.0,2927.0544783010155,2.8391167192429023,308,317,9,0,308,317,10982,0,0,0,0,0
2020-09-05,US,Louisiana,West Feliciana,611,21,0,30.87882871,-91.41485379999999,22125.0,3924.717368961973,3.436988543371522,590,611,21,0,590,594,15460,0,0,0,0,17
2020-09-05,US,Louisiana,Winn,573,16,0,31.94449367,-92.63789413,22127.0,4121.116225546605,2.7923211169284468,557,573,16,0,557,556,14134,0,0,0,0,17
2020-09-05,US,Maine,Androscoggin,620,10,0,44.1664747,-70.20380627,23001.0,572.6054471402052,1.6129032258064515,610,620,10,0,610,620,107679,0,0,0,0,0
2020-09-05,US,Maine,Aroostook,38,1,0,46.65926321,-68.59841248,23003.0,56.66989784505257,2.631578947368421,37,38,1,0,37,38,67111,0,0,0,0,0
2020-09-05,US,Maine,Cumberland,2212,70,0,43.8370751,-70.37226999,23005.0,749.8228831571205,3.1645569620253164,2142,2212,70,0,2142,2206,293557,0,0,0,0,6
2020-09-05,US,Maine,Franklin,53,1,0,44.97330019,-70.44381045,23007.0,175.5025000827842,1.8867924528301887,52,53,1,0,52,53,29897,0,0,0,0,0
2020-09-05,US,Maine,Hancock,50,1,0,44.59816444,-68.38401854,23009.0,90.93058359248549,2.0,49,50,1,0,49,50,54811,0,0,0,0,0
2020-09-05,US,Maine,Kennebec,193,11,0,44.40759555,-69.76738544,23011.0,157.8060865725826,5.699481865284973,182,193,11,0,182,193,122083,0,0,0,0,0
2020-09-05,US,Maine,Knox,33,1,0,44.11486325,-69.10529169,23013.0,82.97294579100875,3.0303030303030303,32,33,1,0,32,31,39771,0,0,0,0,2
2020-09-05,US,Maine,Lincoln,36,1,0,44.05996956,-69.54227124,23015.0,103.94410117225848,2.7777777777777777,35,36,1,0,35,36,34342,0,0,0,0,0
2020-09-05,US,Maine,Oxford,71,0,0,44.49952995,-70.75682123,23017.0,122.46658042259595,0.0,71,71,0,0,71,70,57618,0,0,0,0,1
2020-09-05,US,Maine,Penobscot,240,6,0,45.40194593,-68.65020455,23019.0,157.74114677813708,2.5,234,240,6,0,234,241,151096,0,0,0,0,-1
2020-09-05,US,Maine,Piscataquis,8,0,0,45.83839062,-69.2860223,23021.0,47.66160262138814,0.0,8,8,0,0,8,8,16800,0,0,0,0,0
2020-09-05,US,Maine,Sagadahoc,61,0,0,43.95415864,-69.85074999,23023.0,170.12494422132974,0.0,61,61,0,0,61,61,35634,0,0,0,0,0
2020-09-05,US,Maine,Somerset,61,3,0,45.51229767,-69.95995554,23025.0,120.83036209492116,4.918032786885246,58,61,3,0,58,58,50592,0,0,0,0,3
2020-09-05,US,Maine,Unassigned,1,0,0,0.0,0.0,90023.0,0.0,0.0,1,1,0,0,1,1,,0,0,0,0,0
2020-09-05,US,Maine,Waldo,70,14,0,44.4858305,-69.12061935,23027.0,176.25582273700113,20.0,56,70,14,0,56,70,39694,0,0,0,0,0
2020-09-05,US,Maine,Washington,15,0,0,45.01607142,-67.62813524,23029.0,47.802670575862855,0.0,15,15,0,0,15,15,31490,0,0,0,0,0
2020-09-05,US,Maine,York,871,15,0,43.47808377,-70.71052375,23031.0,419.4739959834522,1.722158438576349,856,871,15,0,856,867,206229,0,0,0,0,4
2020-09-05,US,Maryland,Allegany,403,22,0,39.62357628,-78.69280486,24001.0,572.313110656669,5.459057071960298,381,401,21,0,380,398,70975,2,1,0,1,3
2020-09-05,US,Maryland,Anne Arundel,8699,240,0,39.00670238,-76.60329337,24003.0,1501.8110124750965,2.758937808943557,8459,8625,239,0,8386,8536,576031,74,1,0,73,89
2020-09-05,US,Maryland,Baltimore,16081,608,0,39.45784712,-76.62911955,24005.0,1943.628606306731,3.7808593992910886,15473,15959,608,0,15351,15825,828431,122,0,0,122,134
2020-09-05,US,Maryland,Baltimore City,14767,469,0,39.30211911,-76.61151012,24510.0,2488.1632377967617,3.1760005417484933,14298,14692,465,0,14227,14626,621342,75,4,0,71,66
2020-09-05,US,Maryland,Calvert,812,28,0,38.53961642,-76.56820632,24009.0,877.6006484733856,3.4482758620689653,784,807,28,0,779,795,92003,5,0,0,5,12
2020-09-05,US,Maryland,Caroline,563,3,0,38.87172293,-75.82904158,24011.0,1685.325989343232,0.5328596802841918,560,535,3,0,532,522,33304,28,0,0,28,13
2020-09-05,US,Maryland,Carroll,1769,123,0,39.56453592,-77.02373735,24013.0,1050.181956342351,6.953080836630865,1646,1744,123,0,1621,1728,168429,25,0,0,25,16
2020-09-05,US,Maryland,Cecil,838,31,0,39.56647682,-75.94627411,24015.0,814.7391959554712,3.69928400954654,807,824,31,0,793,809,102826,14,0,0,14,15
2020-09-05,US,Maryland,Charles,2450,94,0,38.51092331,-76.98580666,24017.0,1500.7013481810886,3.8367346938775517,2356,2439,95,0,2344,2424,161503,11,-1,0,12,15
2020-09-05,US,Maryland,Dorchester,485,7,0,38.45413522,-76.02752426,24019.0,1518.9952707569919,1.443298969072165,478,473,7,0,466,468,31998,12,0,0,12,5
2020-09-05,US,Maryland,Frederick,3591,127,0,39.47296601,-77.39999394,24021.0,1383.564441122417,3.5366193260930103,3464,3562,126,0,3436,3532,255648,29,1,0,28,30
2020-09-05,US,Maryland,Garrett,64,0,0,39.52786077,-79.27355126,24023.0,220.5831667470876,0.0,64,64,0,0,64,63,29163,0,0,0,0,1
2020-09-05,US,Maryland,Harford,2612,72,0,39.55010644,-76.30775940000002,24025.0,1022.545323577656,2.7565084226646253,2540,2586,72,0,2514,2552,253956,26,0,0,26,34
2020-09-05,US,Maryland,Howard,4542,117,0,39.25305293,-76.93126208,24027.0,1394.5776658785962,2.575957727873184,4425,4502,117,0,4385,4459,323196,40,0,0,40,43
2020-09-05,US,Maryland,Kent,271,24,0,39.24976208,-76.04741541,24029.0,1395.3248893007928,8.85608856088561,247,270,24,0,246,270,19383,1,0,0,1,0
2020-09-05,US,Maryland,Montgomery,20500,823,0,39.13676329,-77.20358245,24031.0,1951.1025156849607,4.0146341463414625,19677,20399,822,0,19577,20281,1052567,101,1,0,100,118
2020-09-05,US,Maryland,Prince George's,26858,801,0,38.83070039,-76.8496441,24033.0,2953.612946717737,2.982351627075732,26057,26697,798,0,25899,26565,909308,161,3,0,158,132
2020-09-05,US,Maryland,Queen Anne's,577,26,0,39.06198912,-76.03530977,24035.0,1145.2730195907186,4.506065857885615,551,571,26,0,545,560,50251,6,0,0,6,11
2020-09-05,US,Maryland,Somerset,205,4,0,38.1163542,-75.75118623,24039.0,800.2810743285446,1.951219512195122,201,203,4,0,199,201,25675,2,0,0,2,2
2020-09-05,US,Maryland,St. Mary's,1144,56,0,38.30058422,-76.60629279999998,24037.0,1007.8407188793941,4.895104895104895,1088,1139,56,0,1083,1130,112664,5,0,0,5,9
2020-09-05,US,Maryland,Talbot,488,4,0,38.76618159,-76.10882561,24041.0,1312.4983190339149,0.819672131147541,484,484,4,0,480,478,36968,4,0,0,4,6
2020-09-05,US,Maryland,Unassigned,0,9,0,0.0,0.0,90024.0,0.0,0.0,-9,0,13,0,-13,0,,0,-4,0,4,0
2020-09-05,US,Maryland,Washington,1378,35,0,39.60835778,-77.82002295,24043.0,912.286741388556,2.5399129172714083,1343,1369,34,0,1335,1349,150926,9,1,0,8,20
2020-09-05,US,Maryland,Wicomico,1634,47,0,38.37301947,-75.62705831,24045.0,1577.0830719339053,2.8763769889840876,1587,1614,47,0,1567,1587,103195,20,0,0,20,27
2020-09-05,US,Maryland,Worcester,876,26,0,38.21274277,-75.33200012,24047.0,1675.7211722396512,2.968036529680365,850,872,26,0,846,854,51823,4,0,0,4,18
2020-09-05,US,Massachusetts,Barnstable,1657,169,0,41.72980578,-70.28854339,25001.0,777.9707967510212,10.199155099577547,1488,1654,168,0,1486,1645,213413,3,1,0,2,9
2020-09-05,US,Massachusetts,Berkshire,672,46,0,42.37428441,-73.20524838,25003.0,537.8409527468306,6.845238095238094,626,669,46,0,623,669,126348,3,0,0,3,0
2020-09-05,US,Massachusetts,Bristol,9340,662,0,41.79228404,-71.10872211,25005.0,1652.4626824741647,7.087794432548179,8678,9296,661,0,8635,9252,564022,44,1,0,43,44
2020-09-05,US,Massachusetts,Dukes and Nantucket,99,1,0,41.40674725,-70.68763497,0.0,344.57554557794714,1.0101010101010102,98,98,1,0,97,99,26707,1,0,0,1,-1
2020-09-05,US,Massachusetts,Essex,18316,1251,0,42.6687626,-70.94687179,25009.0,2321.3194868662185,6.830093906966587,17065,18249,1249,0,17000,18186,790638,67,2,0,65,63
2020-09-05,US,Massachusetts,Franklin,396,66,0,42.58119713,-72.58602547,25011.0,564.2633228840125,16.666666666666668,330,394,66,0,328,392,70963,2,0,0,2,2
2020-09-05,US,Massachusetts,Hampden,7739,756,0,42.13440424,-72.63235561,25013.0,1659.4049385469116,9.768703966920793,6983,7718,755,0,6963,7698,470406,21,1,0,20,20
2020-09-05,US,Massachusetts,Hampshire,1186,141,0,42.33997957,-72.65898478,25015.0,737.4246098364732,11.888701517706576,1045,1183,141,0,1042,1180,161355,3,0,0,3,3
2020-09-05,US,Massachusetts,Middlesex,25629,2082,0,42.48607732,-71.39049229,25017.0,1590.1852641218984,8.123609973077372,23547,25558,2075,0,23483,25495,1614714,71,7,0,64,63
2020-09-05,US,Massachusetts,Norfolk,9654,1022,0,42.16073095,-71.20530408,25021.0,1365.9226769481095,10.586285477522269,8632,9620,1022,0,8598,9597,705388,34,0,0,34,23
2020-09-05,US,Massachusetts,Plymouth,9198,746,0,41.94070556,-70.80802823,25023.0,1764.7668274488587,8.110458795390302,8452,9174,745,0,8429,9153,518132,24,1,0,23,21
2020-09-05,US,Massachusetts,Suffolk,22623,1110,0,42.327951399999996,-71.07850442,25025.0,2814.131485358381,4.906511072802017,21513,22529,1107,0,21422,22593,807252,94,3,0,91,-64
2020-09-05,US,Massachusetts,Unassigned,2095,5,0,0.0,0.0,90025.0,0.0,0.2386634844868735,2090,2065,5,0,2060,2065,,30,0,0,30,0
2020-09-05,US,Massachusetts,Worcester,13592,1059,0,42.35026951,-71.90493363,25027.0,1636.36407415166,7.7913478516774575,12533,13551,1059,0,12492,13522,830839,41,0,0,41,29
2020-09-05,US,Michigan,Alcona,38,2,0,44.6846864,-83.59507875,26001.0,365.2090341182123,5.2631578947368425,36,37,2,0,35,37,10362,1,0,0,1,0
2020-09-05,US,Michigan,Alger,17,0,0,46.41292944,-86.60260122,26003.0,186.649099692578,0.0,17,18,0,0,18,17,9097,-1,0,0,-1,1
2020-09-05,US,Michigan,Allegan,663,6,0,42.59147037,-85.89102866,26005.0,561.4789847646954,0.9049773755656108,657,658,6,0,652,650,117327,5,0,0,5,8
2020-09-05,US,Michigan,Alpena,132,14,0,45.03477666,-83.62212411,26007.0,464.70691779616266,10.606060606060606,118,132,14,0,118,132,28360,0,0,0,0,0
2020-09-05,US,Michigan,Antrim,61,0,0,44.99690221,-85.15503082,26009.0,261.5331847024524,0.0,61,60,0,0,60,60,23365,1,0,0,1,0
2020-09-05,US,Michigan,Arenac,64,3,0,44.0636262,-83.89277559,26011.0,430.0208291339112,4.6875,61,61,3,0,58,59,15041,3,0,0,3,2
2020-09-05,US,Michigan,Baraga,12,0,0,46.6720582,-88.36363591,26013.0,146.18102083079546,0.0,12,8,0,0,8,8,8320,4,0,0,4,0
2020-09-05,US,Michigan,Barry,225,2,0,42.59513984,-85.30834519,26015.0,365.55645816409424,0.8888888888888888,223,224,2,0,222,217,61157,1,0,0,1,7
2020-09-05,US,Michigan,Bay,870,43,0,43.70639106,-83.98731479,26017.0,843.6281829994375,4.942528735632184,827,866,43,0,823,850,103923,4,0,0,4,16
2020-09-05,US,Michigan,Benzie,57,2,0,44.63899297,-86.01608482,26019.0,320.8375548801081,3.5087719298245608,55,56,2,0,54,55,17753,1,0,0,1,1
2020-09-05,US,Michigan,Berrien,1665,70,0,41.95447397,-86.41313079999998,26021.0,1085.3905776363906,4.2042042042042045,1595,1656,70,0,1586,1634,154141,9,0,0,9,22
2020-09-05,US,Michigan,Branch,504,4,0,41.91600556,-85.05929476,26023.0,1158.1680722476276,0.7936507936507936,500,505,4,0,501,501,43622,-1,0,0,-1,4
2020-09-05,US,Michigan,Calhoun,1070,44,0,42.24633834,-85.00493569,26025.0,797.5611028704745,4.11214953271028,1026,1054,44,0,1010,1029,134487,16,0,0,16,25
2020-09-05,US,Michigan,Cass,430,16,0,41.91522292,-85.99405727,26027.0,830.3242126402379,3.72093023255814,414,427,16,0,411,418,51653,3,0,0,3,9
2020-09-05,US,Michigan,Charlevoix,79,3,0,45.37790017,-85.19614053,26029.0,302.1841410702673,3.79746835443038,76,74,3,0,71,73,26244,5,0,0,5,1
2020-09-05,US,Michigan,Cheboygan,83,2,0,45.44787015,-84.50122149,26031.0,328.3747428390568,2.409638554216868,81,83,2,0,81,80,25413,0,0,0,0,3
2020-09-05,US,Michigan,Chippewa,64,0,0,46.29552653,-84.54353449,26033.0,171.3566628289914,0.0,64,64,0,0,64,65,37517,0,0,0,0,-1
2020-09-05,US,Michigan,Clare,106,4,0,43.98794227,-84.84819859999998,26035.0,342.4878836833604,3.7735849056603774,102,104,4,0,100,103,30757,2,0,0,2,1
2020-09-05,US,Michigan,Clinton,546,13,0,42.94400871,-84.60145248,26037.0,685.9727369809661,2.380952380952381,533,535,13,0,522,520,79332,11,0,0,11,15
2020-09-05,US,Michigan,Crawford,113,5,0,44.68255561,-84.61006219,26039.0,805.4743745099437,4.424778761061948,108,113,5,0,108,113,13901,0,0,0,0,0
2020-09-05,US,Michigan,Delta,182,3,0,45.90484910000001,-86.9080745,26041.0,508.6071987480438,1.6483516483516485,179,176,3,0,173,169,35857,6,0,0,6,7
2020-09-05,US,Michigan,Dickinson,67,2,0,46.00999672,-87.86961634,26043.0,265.46218154443517,2.985074626865672,65,67,2,0,65,67,25383,0,0,0,0,0
2020-09-05,US,Michigan,Eaton,540,9,0,42.59599185,-84.83740035,26045.0,489.7159647404506,1.6666666666666667,531,526,9,0,517,523,109826,14,0,0,14,3
2020-09-05,US,Michigan,Emmet,131,3,0,45.52625509,-84.89083249,26047.0,392.03950321711807,2.2900763358778624,128,129,3,0,126,127,33308,2,0,0,2,2
2020-09-05,US,Michigan,Federal Correctional Institution (FCI),196,5,0,0.0,0.0,0.0,0.0,2.5510204081632653,191,196,5,0,191,196,,0,0,0,0,0
2020-09-05,US,Michigan,Genesee,4031,305,0,43.02244215,-83.70589709,26049.0,993.314654779418,7.566360704539816,3726,4021,305,0,3716,4005,406892,10,0,0,10,16
2020-09-05,US,Michigan,Gladwin,81,2,0,43.98901072,-84.38774817,26051.0,318.2836260756808,2.469135802469136,79,81,2,0,79,80,25337,0,0,0,0,1
2020-09-05,US,Michigan,Gogebic,147,1,0,46.40862701,-89.69377193,26053.0,1051.8783542039357,0.6802721088435374,146,146,1,0,145,144,15096,1,0,0,1,2
2020-09-05,US,Michigan,Grand Traverse,383,7,0,44.69565625,-85.55585247,26055.0,411.43863870745963,1.827676240208877,376,380,7,0,373,370,92573,3,0,0,3,10
2020-09-05,US,Michigan,Gratiot,194,15,0,43.29265605,-84.60505416,26057.0,476.52968485175995,7.731958762886598,179,193,15,0,178,192,40599,1,0,0,1,1
2020-09-05,US,Michigan,Hillsdale,305,26,0,41.88753639,-84.59312019,26059.0,668.7863172897709,8.524590163934427,279,305,26,0,279,305,45749,0,0,0,0,0
2020-09-05,US,Michigan,Houghton,121,3,0,46.89988536,-88.68495385,26061.0,339.08754623921084,2.479338842975207,118,110,2,0,108,95,36219,11,1,0,10,15
2020-09-05,US,Michigan,Huron,208,4,0,43.83353985,-83.04078453,26063.0,671.3792324327814,1.9230769230769231,204,205,4,0,201,204,31166,3,0,0,3,1
2020-09-05,US,Michigan,Ingham,1958,40,0,42.59716886,-84.37472069,26065.0,669.61690252594,2.042900919305413,1918,1889,40,0,1849,1840,292735,69,0,0,69,49
2020-09-05,US,Michigan,Ionia,316,7,0,42.94502238,-85.07413319,26067.0,488.43068457579176,2.2151898734177213,309,385,7,0,378,307,64210,-69,0,0,-69,78
2020-09-05,US,Michigan,Iosco,153,12,0,44.35486835,-83.63484895,26069.0,608.9067536912485,7.84313725490196,141,149,12,0,137,145,25081,4,0,0,4,4
2020-09-05,US,Michigan,Iron,37,1,0,46.20974132,-88.53136251,26071.0,334.3574914151455,2.702702702702702,36,36,1,0,35,36,11117,1,0,0,1,0
2020-09-05,US,Michigan,Isabella,563,10,0,43.64060976,-84.84664923,26073.0,805.7591023585986,1.7761989342806397,553,557,10,0,547,544,70562,6,0,0,6,13
2020-09-05,US,Michigan,Jackson,870,40,0,42.24807035,-84.42258681,26075.0,548.8612705822976,4.597701149425287,830,859,40,0,819,856,158823,11,0,0,11,3
2020-09-05,US,Michigan,Kalamazoo,2069,89,0,42.24542231,-85.53038622,26077.0,780.560313280466,4.301594973417108,1980,2037,88,0,1949,1995,264870,32,1,0,31,42
2020-09-05,US,Michigan,Kalkaska,70,4,0,44.68512729,-85.09085699,26079.0,388.0696307794656,5.7142857142857135,66,68,4,0,64,67,17824,2,0,0,2,1
2020-09-05,US,Michigan,Kent,8678,170,0,43.03197711,-85.54934642,26081.0,1320.94283474515,1.9589767227471768,8508,8640,169,0,8471,8610,653786,38,1,0,37,30
2020-09-05,US,Michigan,Keweenaw,4,0,0,47.63197653,-88.41434263,26083.0,189.0359168241966,0.0,4,4,0,0,4,2,2113,0,0,0,0,2
2020-09-05,US,Michigan,Lake,29,0,0,43.99050893,-85.802173,26085.0,244.6637981945499,0.0,29,29,0,0,29,29,11881,0,0,0,0,0
2020-09-05,US,Michigan,Lapeer,561,36,0,43.09052506,-83.22153148,26087.0,640.3597886013673,6.4171122994652405,525,552,36,0,516,546,88028,9,0,0,9,6
2020-09-05,US,Michigan,Leelanau,96,1,0,44.94430054,-85.80150326,26089.0,441.15619686595284,1.0416666666666667,95,95,1,0,94,95,21764,1,0,0,1,0
2020-09-05,US,Michigan,Lenawee,674,13,0,41.89475156,-84.06603727,26091.0,684.6045240779678,1.9287833827893173,661,665,13,0,652,660,98266,9,0,0,9,5
2020-09-05,US,Michigan,Livingston,1167,29,0,42.60302282,-83.91297209,26093.0,607.8283288627307,2.4850042844901457,1138,1164,29,0,1135,1153,191224,3,0,0,3,11
2020-09-05,US,Michigan,Luce,6,0,0,46.47227431,-85.54471223,26095.0,96.3236474554503,0.0,6,6,0,0,6,5,6283,0,0,0,0,1
2020-09-05,US,Michigan,Mackinac,43,0,0,46.07028979,-85.04980537,26097.0,398.18501713121583,0.0,43,42,0,0,42,38,10787,1,0,0,1,4
2020-09-05,US,Michigan,Macomb,13190,982,0,42.69158356,-82.92752801,26099.0,1509.201667787984,7.445034116755117,12208,13104,982,0,12122,13031,874759,86,0,0,86,73
2020-09-05,US,Michigan,Manistee,61,1,0,44.33352407,-86.05626916,26101.0,248.3915628308494,1.639344262295082,60,61,1,0,60,59,24528,0,0,0,0,2
2020-09-05,US,Michigan,Marquette,265,11,0,46.4338914,-87.64043701,26103.0,397.3073059566111,4.150943396226415,254,264,11,0,253,262,66516,1,0,0,1,2
2020-09-05,US,Michigan,Mason,126,0,0,43.99509218,-86.24988902,26105.0,432.3359868240461,0.0,126,122,0,0,122,122,29100,4,0,0,4,0
2020-09-05,US,Michigan,Mecosta,103,2,0,43.64064262,-85.32463223,26107.0,237.03771891468944,1.9417475728155342,101,98,2,0,96,94,43545,5,0,0,5,4
2020-09-05,US,Michigan,Menominee,261,0,0,45.58038692,-87.55370409,26109.0,1145.7418788410887,0.0,261,260,0,0,260,258,22983,1,0,0,1,2
2020-09-05,US,Michigan,Michigan Department of Corrections (MDOC),5417,70,0,0.0,0.0,0.0,0.0,1.2922281705741183,5347,5345,70,0,5275,5304,,72,0,0,72,41
2020-09-05,US,Michigan,Midland,463,11,0,43.64330771,-84.38804374,26111.0,556.7848381355525,2.3758099352051842,452,449,11,0,438,438,83209,14,0,0,14,11
2020-09-05,US,Michigan,Missaukee,51,1,0,44.33772443,-85.09256478,26113.0,337.34620981611323,1.96078431372549,50,49,1,0,48,49,15113,2,0,0,2,0
2020-09-05,US,Michigan,Monroe,1377,28,0,41.92734151,-83.53749864,26115.0,914.9501661129567,2.0334059549745818,1349,1367,28,0,1339,1357,150439,10,0,0,10,10
2020-09-05,US,Michigan,Montcalm,241,4,0,43.31082541,-85.15252824,26117.0,377.2226396193338,1.6597510373443984,237,238,4,0,234,235,63968,3,0,0,3,3
2020-09-05,US,Michigan,Montmorency,12,0,0,45.0275929,-84.12696227,26119.0,128.6449399656947,0.0,12,12,0,0,12,12,9265,0,0,0,0,0
2020-09-05,US,Michigan,Muskegon,1415,68,0,43.29123859,-86.15176712,26121.0,815.2518350368159,4.805653710247349,1347,1363,68,0,1295,1356,173588,52,0,0,52,7
2020-09-05,US,Michigan,Newaygo,303,1,0,43.554373999999996,-85.80070107,26123.0,618.6198448346264,0.33003300330033003,302,302,1,0,301,301,48892,1,0,0,1,1
2020-09-05,US,Michigan,Oakland,18513,1171,0,42.66090111,-83.38595416,26125.0,1472.1084237712948,6.325284934910602,17342,18455,1170,0,17285,18351,1259201,58,1,0,57,104
2020-09-05,US,Michigan,Oceana,501,6,0,43.64124435,-86.26726673,26127.0,1892.9232629311973,1.1976047904191616,495,501,6,0,495,501,26625,0,0,0,0,0
2020-09-05,US,Michigan,Ogemaw,58,5,0,44.33481032,-84.12725175,26129.0,276.22993761013475,8.620689655172415,53,58,5,0,53,58,20952,0,0,0,0,0
2020-09-05,US,Michigan,Ontonagon,36,0,0,46.665226200000006,-89.31390481,26131.0,629.3706293706292,0.0,36,36,0,0,36,36,5795,0,0,0,0,0
2020-09-05,US,Michigan,Osceola,81,0,0,43.98992088,-85.32566756,26133.0,345.26854219948854,0.0,81,80,0,0,80,80,23341,1,0,0,1,0
2020-09-05,US,Michigan,Oscoda,29,1,0,44.68192279,-84.12939244,26135.0,351.8990413784735,3.4482758620689653,28,29,1,0,28,32,8276,0,0,0,0,-3
2020-09-05,US,Michigan,Otsego,154,11,0,45.02085831,-84.59898295,26137.0,624.2905788876277,7.142857142857142,143,151,11,0,140,148,24665,3,0,0,3,3
2020-09-05,US,Michigan,Ottawa,2504,64,0,42.95996803,-85.9969107,26139.0,858.0337867936812,2.5559105431309903,2440,2371,63,0,2308,2326,290494,133,1,0,132,45
2020-09-05,US,Michigan,Out of MI,145,0,0,0.0,0.0,80026.0,0.0,0.0,145,139,0,0,139,121,,6,0,0,6,18
2020-09-05,US,Michigan,Presque Isle,22,1,0,45.34018577,-83.91498656,26141.0,174.7141041931385,4.545454545454546,21,22,1,0,21,21,12738,0,0,0,0,1
2020-09-05,US,Michigan,Roscommon,78,4,0,44.33473082,-84.61067651,26143.0,324.74291186144296,5.128205128205129,74,76,4,0,72,76,23884,2,0,0,2,0
2020-09-05,US,Michigan,Saginaw,2638,133,0,43.33433923,-84.05131209999998,26145.0,1384.4934632804834,5.0416982562547386,2505,2623,132,0,2491,2584,190800,15,1,0,14,39
2020-09-05,US,Michigan,Sanilac,128,7,0,43.42406072,-82.82055898,26151.0,310.9059995142094,5.46875,121,128,7,0,121,126,41182,0,0,0,0,2
2020-09-05,US,Michigan,Schoolcraft,16,0,0,46.19235734,-86.19972234,26153.0,197.677291821102,0.0,16,15,0,0,15,15,8068,1,0,0,1,0
2020-09-05,US,Michigan,Shiawassee,461,30,0,42.95392800000001,-84.14585902,26155.0,676.7270485305775,6.507592190889372,431,452,30,0,422,459,68192,9,0,0,9,-7
2020-09-05,US,Michigan,St. Clair,943,53,0,42.92655373,-82.67937954,26147.0,592.6046955909708,5.6203605514316015,890,939,53,0,886,934,159337,4,0,0,4,5
2020-09-05,US,Michigan,St. Joseph,696,11,0,41.91441767,-85.52797979,26149.0,1141.6573715635454,1.5804597701149423,685,691,11,0,680,683,61043,5,0,0,5,8
2020-09-05,US,Michigan,Tuscola,467,29,0,43.46606813,-83.41897025,26157.0,893.8654416690595,6.209850107066381,438,466,29,0,437,462,52516,1,0,0,1,4
2020-09-05,US,Michigan,Unassigned,5,0,0,0.0,0.0,90026.0,0.0,0.0,5,5,0,0,5,5,,0,0,0,0,0
2020-09-05,US,Michigan,Van Buren,674,17,0,42.25190229,-86.01939087,26159.0,890.6272711656118,2.5222551928783377,657,658,16,0,642,647,75448,16,1,0,15,11
2020-09-05,US,Michigan,Washtenaw,3008,114,0,42.253105,-83.83853204,26161.0,818.2785139322255,3.789893617021277,2894,2982,114,0,2868,2956,370963,26,0,0,26,26
2020-09-05,US,Michigan,Wayne,31958,2896,0,42.28098405,-83.281255,26163.0,1826.857282991386,9.061893735527882,29062,31825,2895,0,28930,31607,1753893,133,1,0,132,218
2020-09-05,US,Michigan,Wexford,112,4,0,44.33853602,-85.57712739,26165.0,333.02607713121824,3.571428571428572,108,112,4,0,108,110,33466,0,0,0,0,2
2020-09-05,US,Minnesota,Aitkin,58,1,0,46.60962049,-93.41168259999999,27001.0,365.1013470980738,1.7241379310344829,57,55,1,0,54,52,15902,3,0,0,3,3
2020-09-05,US,Minnesota,Anoka,4979,123,0,45.27476015,-93.24604565,27003.0,1394.9865656545844,2.4703755774251857,4856,4923,123,0,4800,4871,353813,56,0,0,56,52
2020-09-05,US,Minnesota,Becker,207,2,0,46.93479392,-95.67158144,27005.0,601.342125904192,0.966183574879227,205,205,2,0,203,203,34371,2,0,0,2,2
2020-09-05,US,Minnesota,Beltrami,333,1,0,47.97373527,-94.93732139,27007.0,705.6878867508689,0.3003003003003003,332,329,1,0,328,329,46847,4,0,0,4,0
2020-09-05,US,Minnesota,Benton,431,3,0,45.69804958,-93.99514135,27009.0,1054.0732226271125,0.6960556844547564,428,419,3,0,416,414,40545,12,0,0,12,5
2020-09-05,US,Minnesota,Big Stone,40,0,0,45.42712824,-96.41403739,27011.0,801.4425966740132,0.0,40,38,0,0,38,35,4989,2,0,0,2,3
2020-09-05,US,Minnesota,Blue Earth,1402,5,0,44.03554215,-94.06699781,27013.0,2072.3397336407847,0.3566333808844508,1397,1363,5,0,1358,1344,67427,39,0,0,39,19
2020-09-05,US,Minnesota,Brown,137,2,0,44.24205652,-94.72562874,27015.0,547.8246960972489,1.45985401459854,135,136,2,0,134,135,25111,1,0,0,1,1
2020-09-05,US,Minnesota,Carlton,208,1,0,46.59180601,-92.67601019,27017.0,579.8555936550417,0.4807692307692308,207,202,1,0,201,200,35837,6,0,0,6,2
2020-09-05,US,Minnesota,Carver,1181,5,0,44.82017001,-93.80099179999999,27019.0,1123.809342557261,0.4233700254022015,1176,1169,5,0,1164,1160,103551,12,0,0,12,9
2020-09-05,US,Minnesota,Cass,105,3,0,46.95043611,-94.32603968,27021.0,352.59746801437257,2.8571428571428568,102,105,3,0,102,105,29519,0,0,0,0,0
2020-09-05,US,Minnesota,Chippewa,155,1,0,45.02343421,-95.56403693,27023.0,1313.5593220338985,0.6451612903225806,154,149,1,0,148,148,11924,6,0,0,6,1
2020-09-05,US,Minnesota,Chisago,342,1,0,45.5021011,-92.90861945,27025.0,604.4645539864614,0.29239766081871343,341,329,1,0,328,327,55922,13,0,0,13,2
2020-09-05,US,Minnesota,Clay,984,40,0,46.89289518,-96.48761922,27027.0,1532.185232474853,4.0650406504065035,944,960,40,0,920,940,63955,24,0,0,24,20
2020-09-05,US,Minnesota,Clearwater,21,0,0,47.57992111,-95.37790562,27029.0,238.14924019051938,0.0,21,20,0,0,20,20,8810,1,0,0,1,0
2020-09-05,US,Minnesota,Cook,6,0,0,47.90504893,-90.52629546,27031.0,109.82976386600771,0.0,6,6,0,0,6,6,5393,0,0,0,0,0
2020-09-05,US,Minnesota,Cottonwood,203,0,0,44.00715262,-95.18138802,27033.0,1813.147552697392,0.0,203,202,0,0,202,202,11277,1,0,0,1,0
2020-09-05,US,Minnesota,Crow Wing,333,16,0,46.48096553,-94.06755609,27035.0,511.87456767350716,4.804804804804805,317,327,16,0,311,320,64889,6,0,0,6,7
2020-09-05,US,Minnesota,Dakota,6388,114,0,44.67172617,-93.06299363,27037.0,1488.9714023322867,1.7845961177207263,6274,6303,113,0,6190,6219,425423,85,1,0,84,84
2020-09-05,US,Minnesota,Dodge,160,0,0,44.02238415,-92.86244324,27039.0,764.306869207987,0.0,160,160,0,0,160,158,20822,0,0,0,0,2
2020-09-05,US,Minnesota,Douglas,182,1,0,45.93348491,-95.45335469,27041.0,477.1767913793556,0.5494505494505495,181,179,1,0,178,174,37964,3,0,0,3,5
2020-09-05,US,Minnesota,Faribault,117,0,0,43.67381499,-93.94787458,27043.0,856.9545154911009,0.0,117,117,0,0,117,116,13758,0,0,0,0,1
2020-09-05,US,Minnesota,Fillmore,89,0,0,43.67394126,-92.08980382,27045.0,422.46166991028616,0.0,89,88,0,0,88,86,21058,1,0,0,1,2
2020-09-05,US,Minnesota,Freeborn,420,1,0,43.67385583,-93.34884422,27047.0,1387.008355074139,0.2380952380952381,419,413,1,0,412,411,30444,7,0,0,7,2
2020-09-05,US,Minnesota,Goodhue,269,9,0,44.40849741,-92.72341949999999,27049.0,580.4920155373328,3.3457249070631967,260,269,9,0,260,265,46403,0,0,0,0,4
2020-09-05,US,Minnesota,Grant,56,4,0,45.93424769,-96.01139609,27051.0,937.7093101138647,7.142857142857142,52,56,4,0,52,55,6021,0,0,0,0,1
2020-09-05,US,Minnesota,Hennepin,24026,889,0,45.00761521,-93.47694895,27053.0,1898.023688561693,3.700158161991176,23137,23798,888,0,22910,23569,1259428,228,1,0,227,229
2020-09-05,US,Minnesota,Houston,84,0,0,43.67129565,-91.49143057,27055.0,451.6129032258065,0.0,84,83,0,0,83,81,18578,1,0,0,1,2
2020-09-05,US,Minnesota,Hubbard,46,0,0,47.10778564,-94.91693868,27057.0,214.04308780419709,0.0,46,46,0,0,46,46,21332,0,0,0,0,0
2020-09-05,US,Minnesota,Isanti,192,0,0,45.56181234,-93.29487636,27059.0,472.9530002955957,0.0,192,187,0,0,187,183,39966,5,0,0,5,4
2020-09-05,US,Minnesota,Itasca,212,13,0,47.51009045,-93.63092229,27061.0,469.75404387325517,6.132075471698112,199,212,13,0,199,207,45108,0,0,0,0,5
2020-09-05,US,Minnesota,Jackson,98,1,0,43.67423373,-95.15398258,27063.0,995.3280520008124,1.020408163265306,97,98,1,0,97,97,9911,0,0,0,0,1
2020-09-05,US,Minnesota,Kanabec,70,6,0,45.9459309,-93.29275192,27065.0,428.47524025218826,8.571428571428571,64,71,6,0,65,69,16207,-1,0,0,-1,2
2020-09-05,US,Minnesota,Kandiyohi,850,1,0,45.1526059,-95.00586446,27067.0,1967.6381397717541,0.1176470588235294,849,842,1,0,841,834,42855,8,0,0,8,8
2020-09-05,US,Minnesota,Kittson,9,0,0,48.77754106,-96.78317184,27069.0,209.39972080037228,0.0,9,8,0,0,8,8,4248,1,0,0,1,0
2020-09-05,US,Minnesota,Koochiching,91,3,0,48.24539665,-93.78352843,27071.0,744.1327990841443,3.2967032967032965,88,90,3,0,87,89,12440,1,0,0,1,1
2020-09-05,US,Minnesota,Lac qui Parle,21,0,0,44.9973857,-96.17488219,27073.0,317.0768533897025,0.0,21,20,0,0,20,19,6658,1,0,0,1,1
2020-09-05,US,Minnesota,Lake,37,0,0,47.64270764,-91.44557998,27075.0,347.71168123296684,0.0,37,37,0,0,37,34,10658,0,0,0,0,3
2020-09-05,US,Minnesota,Lake of the Woods,14,1,0,48.77217001,-94.90274472,27077.0,374.3315508021389,7.142857142857142,13,14,1,0,13,13,3758,0,0,0,0,1
2020-09-05,US,Minnesota,Le Sueur,402,2,0,44.37136597,-93.72844721,27079.0,1391.6294526949841,0.4975124378109453,400,401,2,0,399,399,28494,1,0,0,1,2
2020-09-05,US,Minnesota,Lincoln,71,0,0,44.41311883,-96.26688165,27081.0,1259.088490867175,0.0,71,71,0,0,71,71,5673,0,0,0,0,0
2020-09-05,US,Minnesota,Lyon,562,3,0,44.41327865,-95.83806103,27083.0,2206.170997880192,0.5338078291814946,559,556,3,0,553,546,25629,6,0,0,6,10
2020-09-05,US,Minnesota,Mahnomen,37,1,0,47.32557075,-95.80921485,27087.0,669.4409263614981,2.702702702702702,36,36,1,0,35,36,5519,1,0,0,1,0
2020-09-05,US,Minnesota,Marshall,44,1,0,48.35825983,-96.37017407,27089.0,471.29391602399323,2.272727272727273,43,44,1,0,43,39,9390,0,0,0,0,5
2020-09-05,US,Minnesota,Martin,248,9,0,43.67429718,-94.55099908,27091.0,1259.9705329472133,3.629032258064516,239,248,9,0,239,247,19785,0,0,0,0,1
2020-09-05,US,Minnesota,McLeod,377,1,0,44.82367677,-94.27287017,27085.0,1050.3440782325245,0.26525198938992045,376,375,1,0,374,370,35873,2,0,0,2,5
2020-09-05,US,Minnesota,Meeker,125,2,0,45.12328869,-94.52839455,27093.0,538.2826629919904,1.6,123,119,2,0,117,117,23141,6,0,0,6,2
2020-09-05,US,Minnesota,Mille Lacs,110,3,0,45.93705297,-93.63236823,27095.0,418.6170415191993,2.727272727272727,107,107,3,0,104,105,26139,3,0,0,3,2
2020-09-05,US,Minnesota,Morrison,131,1,0,46.01265363,-94.27341528,27097.0,392.3800395375306,0.7633587786259542,130,125,1,0,124,124,33169,6,0,0,6,1
2020-09-05,US,Minnesota,Mower,1206,3,0,43.67142874,-92.75234549,27099.0,3010.333982327393,0.24875621890547264,1203,1198,3,0,1195,1192,40011,8,0,0,8,6
2020-09-05,US,Minnesota,Murray,146,2,0,44.02216709,-95.76328482,27101.0,1781.7915547961927,1.3698630136986298,144,144,2,0,142,143,8276,2,0,0,2,1
2020-09-05,US,Minnesota,Nicollet,455,15,0,44.35291112,-94.24710352,27103.0,1327.5369084437182,3.2967032967032965,440,452,15,0,437,449,34220,3,0,0,3,3
2020-09-05,US,Minnesota,Nobles,1888,13,0,43.67434621,-95.75329576,27105.0,8729.021221508161,0.6885593220338984,1875,1882,13,0,1869,1875,21924,6,0,0,6,7
2020-09-05,US,Minnesota,Norman,47,0,0,47.32628443,-96.45620947,27107.0,737.2549019607843,0.0,47,48,0,0,48,46,6475,-1,0,0,-1,2
2020-09-05,US,Minnesota,Olmsted,2103,25,0,44.00374114,-92.40209944,27109.0,1328.5489566815968,1.1887779362815023,2078,2080,25,0,2055,2073,156277,23,0,0,23,7
2020-09-05,US,Minnesota,Otter Tail,315,4,0,46.40846929,-95.70835255,27111.0,536.206720457563,1.2698412698412698,311,310,4,0,306,305,58812,5,0,0,5,5
2020-09-05,US,Minnesota,Pennington,100,1,0,48.06642577,-96.0370814,27113.0,708.2654578936183,1.0,99,98,1,0,97,96,14178,2,0,0,2,2
2020-09-05,US,Minnesota,Pine,161,0,0,46.12105238,-92.74070188,27115.0,544.3050813076845,0.0,161,160,0,0,160,158,29483,1,0,0,1,2
2020-09-05,US,Minnesota,Pipestone,198,9,0,44.02301619,-96.25841142,27117.0,2169.6252465483235,4.545454545454546,189,193,9,0,184,189,9047,5,0,0,5,4
2020-09-05,US,Minnesota,Polk,221,4,0,47.77372465,-96.40134647,27119.0,704.6295115418951,1.8099547511312215,217,218,4,0,214,211,31529,3,0,0,3,7
2020-09-05,US,Minnesota,Pope,68,0,0,45.58606667,-95.44451209,27121.0,604.4981776157881,0.0,68,67,0,0,67,64,11097,1,0,0,1,3
2020-09-05,US,Minnesota,Ramsey,9574,302,0,45.01625271,-93.09872295,27123.0,1739.7119135922492,3.1543764361813245,9272,9492,301,0,9191,9396,550210,82,1,0,81,96
2020-09-05,US,Minnesota,Red Lake,32,0,0,47.87197525,-96.09561104,27125.0,789.1491985203453,0.0,32,32,0,0,32,31,3999,0,0,0,0,1
2020-09-05,US,Minnesota,Redwood,75,0,0,44.40555844,-95.25207021,27127.0,494.39683586025046,0.0,75,73,0,0,73,72,15249,2,0,0,2,1
2020-09-05,US,Minnesota,Renville,94,6,0,44.72836381,-94.94553734,27129.0,646.1369260379432,6.382978723404255,88,91,6,0,85,87,14612,3,0,0,3,4
2020-09-05,US,Minnesota,Rice,1223,8,0,44.3543376,-93.29658715,27131.0,1826.1362957653946,0.6541291905151267,1215,1216,8,0,1208,1211,66523,7,0,0,7,5
2020-09-05,US,Minnesota,Rock,114,0,0,43.67482683,-96.25296832,27133.0,1223.8325281803545,0.0,114,112,0,0,112,110,9414,2,0,0,2,2
2020-09-05,US,Minnesota,Roseau,77,0,0,48.77501878,-95.81079919,27135.0,507.7481041872733,0.0,77,76,0,0,76,74,15150,1,0,0,1,2
2020-09-05,US,Minnesota,Scott,2163,32,0,44.6490231,-93.53340251,27139.0,1451.5512069416761,1.479426722145169,2131,2141,32,0,2109,2105,147381,22,0,0,22,36
2020-09-05,US,Minnesota,Sherburne,956,13,0,45.44447208,-93.77617511,27141.0,983.1547337460664,1.3598326359832635,943,947,13,0,934,939,96036,9,0,0,9,8
2020-09-05,US,Minnesota,Sibley,155,3,0,44.5796592,-94.23164924,27143.0,1042.7177934746048,1.935483870967742,152,144,3,0,141,143,15028,11,0,0,11,1
2020-09-05,US,Minnesota,St. Louis,972,24,0,47.604840700000004,-92.46879855,27137.0,488.2704576279701,2.469135802469136,948,947,24,0,923,922,199754,25,0,0,25,25
2020-09-05,US,Minnesota,Stearns,3415,22,0,45.55192576,-94.61078221,27145.0,2120.1303740493563,0.6442166910688141,3393,3384,22,0,3362,3365,159256,31,0,0,31,19
2020-09-05,US,Minnesota,Steele,463,2,0,44.02240351,-93.22627088,27147.0,1263.33597096783,0.4319654427645788,461,458,2,0,456,449,36803,5,0,0,5,9
2020-09-05,US,Minnesota,Stevens,71,1,0,45.58613007,-96.00163705,27149.0,724.1203467618562,1.4084507042253518,70,64,1,0,63,57,9753,7,0,0,7,7
2020-09-05,US,Minnesota,Swift,69,1,0,45.2829032,-95.68264092,27151.0,744.6578890567666,1.4492753623188406,68,70,1,0,69,68,9345,-1,0,0,-1,2
2020-09-05,US,Minnesota,Todd,456,2,0,46.06996226,-94.89785296,27153.0,1848.8485241647745,0.43859649122807015,454,452,2,0,450,452,24582,4,0,0,4,0
2020-09-05,US,Minnesota,Traverse,21,0,0,45.77298854,-96.47062949,27155.0,644.3694384780607,0.0,21,21,0,0,21,21,3308,0,0,0,0,0
2020-09-05,US,Minnesota,Unassigned,167,52,0,0.0,0.0,90027.0,0.0,31.1377245508982,115,166,52,0,114,207,,1,0,0,1,-41
2020-09-05,US,Minnesota,Wabasha,131,0,0,44.28424356,-92.23121312,27157.0,605.7243260738892,0.0,131,129,0,0,129,129,21645,2,0,0,2,0
2020-09-05,US,Minnesota,Wadena,51,0,0,46.58589171,-94.96968506,27159.0,372.7525215611753,0.0,51,49,0,0,49,49,13773,2,0,0,2,0
2020-09-05,US,Minnesota,Waseca,308,3,0,44.02211116,-93.58720034,27161.0,1654.8463356973996,0.9740259740259741,305,298,3,0,295,281,18691,10,0,0,10,17
2020-09-05,US,Minnesota,Washington,3203,55,0,45.03864533,-92.88429635,27163.0,1220.4694406340498,1.7171401810802374,3148,3168,54,0,3114,3124,259201,35,1,0,34,44
2020-09-05,US,Minnesota,Watonwan,449,4,0,43.97823903,-94.61413846,27165.0,4120.400110122052,0.8908685968819601,445,449,4,0,445,445,10980,0,0,0,0,4
2020-09-05,US,Minnesota,Wilkin,52,3,0,46.35721532,-96.4684375,27167.0,837.763815047527,5.769230769230768,49,51,3,0,48,51,6254,1,0,0,1,0
2020-09-05,US,Minnesota,Winona,568,17,0,43.98772283,-91.78081305,27169.0,1125.1089454084463,2.992957746478873,551,550,17,0,533,535,50825,18,0,0,18,15
2020-09-05,US,Minnesota,Wright,1341,6,0,45.17297924,-93.96234781,27171.0,969.0916843116992,0.44742729306487694,1335,1321,6,0,1315,1300,136349,20,0,0,20,21
2020-09-05,US,Minnesota,Yellow Medicine,109,1,0,44.71710183,-95.86842453,27173.0,1122.6696879184262,0.9174311926605504,108,105,1,0,104,101,9795,4,0,0,4,4
2020-09-05,US,Mississippi,Adams,820,32,0,31.47669768,-91.35326037,28001.0,2671.618935913726,3.902439024390244,788,809,32,0,777,800,31192,11,0,0,11,9
2020-09-05,US,Mississippi,Alcorn,672,6,0,34.88084463,-88.57996173,28003.0,1818.526236029551,0.8928571428571429,666,669,6,0,663,661,36925,3,0,0,3,8
2020-09-05,US,Mississippi,Amite,285,7,0,31.17467303,-90.80501621,28005.0,2317.638448402049,2.456140350877193,278,282,7,0,275,282,12326,3,0,0,3,0
2020-09-05,US,Mississippi,Attala,599,25,0,33.08658803,-89.57838564,28007.0,3295.917244415098,4.173622704507513,574,599,25,0,574,594,18365,0,0,0,0,5
2020-09-05,US,Mississippi,Benton,201,1,0,34.81681228,-89.18945516,28009.0,2433.7086814384306,0.4975124378109453,200,200,1,0,199,197,8271,1,0,0,1,3
2020-09-05,US,Mississippi,Bolivar,1634,57,0,33.79696941,-90.87372121,28011.0,5334.987593052108,3.4883720930232562,1577,1605,56,0,1549,1583,31333,29,1,0,28,22
2020-09-05,US,Mississippi,Calhoun,485,11,0,33.93683395,-89.33686647,28013.0,3377.2021446974445,2.268041237113402,474,485,11,0,474,483,14436,0,0,0,0,2
2020-09-05,US,Mississippi,Carroll,296,12,0,33.44834567,-89.91994479,28015.0,2975.7715894239477,4.0540540540540535,284,296,12,0,284,296,9911,0,0,0,0,0
2020-09-05,US,Mississippi,Chickasaw,606,22,0,33.91983202,-88.9481545,28017.0,3543.2380284160668,3.6303630363036303,584,604,22,0,582,603,17171,2,0,0,2,1
2020-09-05,US,Mississippi,Choctaw,161,4,0,33.34598242,-89.24809382,28019.0,1961.0231425091351,2.4844720496894412,157,161,4,0,157,159,8278,0,0,0,0,2
2020-09-05,US,Mississippi,Claiborne,443,16,0,31.97061673,-90.90702196,28021.0,4928.7939474855375,3.611738148984199,427,443,16,0,427,442,9002,0,0,0,0,1
2020-09-05,US,Mississippi,Clarke,489,32,0,32.04158545,-88.68896219999998,28023.0,3146.515668232417,6.543967280163598,457,482,30,0,452,479,15604,7,2,0,5,3
2020-09-05,US,Mississippi,Clay,498,16,0,33.65358105,-88.77784255,28025.0,2578.173534893353,3.21285140562249,482,492,16,0,476,484,19386,6,0,0,6,8
2020-09-05,US,Mississippi,Coahoma,1041,21,0,34.22772299,-90.60415045,28027.0,4705.29741457241,2.0172910662824206,1020,1033,20,0,1013,1022,22628,8,1,0,7,11
2020-09-05,US,Mississippi,Copiah,1113,31,0,31.86977774,-90.44565118,28029.0,3965.793693212186,2.785265049415993,1082,1111,31,0,1080,1105,28543,2,0,0,2,6
2020-09-05,US,Mississippi,Covington,737,17,0,31.63225413,-89.55389939,28031.0,3954.7113114402227,2.306648575305292,720,731,17,0,714,726,18853,6,0,0,6,5
2020-09-05,US,Mississippi,DeSoto,4870,48,0,34.87625235,-89.99091418,28033.0,2633.215280218443,0.9856262833675564,4822,4823,48,0,4775,4757,182001,47,0,0,47,66
2020-09-05,US,Mississippi,Forrest,2224,68,0,31.18961454,-89.25832496,28035.0,2969.4113248861768,3.0575539568345325,2156,2219,68,0,2151,2203,75036,5,0,0,5,16
2020-09-05,US,Mississippi,Franklin,180,3,0,31.47786634,-90.89672989,28037.0,2333.722287047841,1.6666666666666667,177,179,3,0,176,179,7788,1,0,0,1,0
2020-09-05,US,Mississippi,George,708,13,0,30.86259065,-88.64436789,28039.0,2889.795918367347,1.8361581920903955,695,707,13,0,694,706,24250,1,0,0,1,1
2020-09-05,US,Mississippi,Greene,314,14,0,31.21444233,-88.63922281,28041.0,2311.2027086706908,4.4585987261146505,300,302,14,0,288,301,13586,12,0,0,12,1
2020-09-05,US,Mississippi,Grenada,976,32,0,33.77036166,-89.80245083,28043.0,4701.801715001445,3.278688524590164,944,974,32,0,942,970,21055,2,0,0,2,4
2020-09-05,US,Mississippi,Hancock,513,20,0,30.41830223,-89.48851033,28045.0,1077.0070540812899,3.8986354775828462,493,510,20,0,490,508,47334,3,0,0,3,2
2020-09-05,US,Mississippi,Harrison,3469,62,0,30.51359752,-89.12467576,28047.0,1667.1472510572858,1.7872585759584896,3407,3445,61,0,3384,3408,206650,24,1,0,23,37
2020-09-05,US,Mississippi,Hinds,6660,143,0,32.2656285,-90.44435448,28049.0,2872.6708074534167,2.1471471471471477,6517,6635,143,0,6492,6587,237085,25,0,0,25,48
2020-09-05,US,Mississippi,Holmes,1058,54,0,33.12345854,-90.08923538,28051.0,6219.870664315109,5.103969754253309,1004,1056,54,0,1002,1052,17622,2,0,0,2,4
2020-09-05,US,Mississippi,Humphreys,349,15,0,33.12825718,-90.52252707,28053.0,4327.876984126984,4.297994269340975,334,346,15,0,331,344,8257,3,0,0,3,2
2020-09-05,US,Mississippi,Issaquena,98,3,0,32.72531359,-90.97392828,28055.0,7385.079125847778,3.0612244897959178,95,98,3,0,95,99,1308,0,0,0,0,-1
2020-09-05,US,Mississippi,Itawamba,631,17,0,34.27993475,-88.3606733,28057.0,2697.7340743907653,2.6941362916006337,614,621,17,0,604,604,23517,10,0,0,10,17
2020-09-05,US,Mississippi,Jackson,3147,60,0,30.54020656,-88.64184064,28059.0,2191.2447690732997,1.9065776930409917,3087,3126,60,0,3066,3095,143277,21,0,0,21,31
2020-09-05,US,Mississippi,Jasper,504,13,0,32.01922104,-89.11786866,28061.0,3076.359641091375,2.5793650793650795,491,501,13,0,488,493,16428,3,0,0,3,8
2020-09-05,US,Mississippi,Jefferson,224,9,0,31.73397872,-91.03764977,28063.0,3204.5779685264665,4.017857142857143,215,224,9,0,215,222,7106,0,0,0,0,2
2020-09-05,US,Mississippi,Jefferson Davis,308,9,0,31.56884708,-89.82670990000004,28065.0,2767.792954708843,2.9220779220779223,299,308,9,0,299,306,11234,0,0,0,0,2
2020-09-05,US,Mississippi,Jones,2218,75,0,31.62257767,-89.16896899999998,28067.0,3257.0706922376576,3.381424706943192,2143,2212,75,0,2137,2191,68461,6,0,0,6,21
2020-09-05,US,Mississippi,Kemper,277,15,0,32.75462946,-88.64105766,28069.0,2843.358653253952,5.415162454873647,262,277,15,0,262,276,10027,0,0,0,0,1
2020-09-05,US,Mississippi,Lafayette,1707,38,0,34.35687874,-89.48490961,28071.0,3159.999259519799,2.2261277094317515,1669,1664,38,0,1626,1590,54793,43,0,0,43,74
2020-09-05,US,Mississippi,Lamar,1512,32,0,31.20572971,-89.5077704,28073.0,2387.0040888495964,2.1164021164021163,1480,1505,32,0,1473,1482,62447,7,0,0,7,23
2020-09-05,US,Mississippi,Lauderdale,1861,113,0,32.40419769,-88.66229662,28075.0,2510.6239460371,6.072004298764106,1748,1841,110,0,1731,1826,75317,20,3,0,17,15
2020-09-05,US,Mississippi,Lawrence,413,11,0,31.55147224,-90.10841127,28077.0,3281.423804226919,2.6634382566585955,402,412,11,0,401,412,12455,1,0,0,1,0
2020-09-05,US,Mississippi,Leake,902,31,0,32.7536828,-89.52402044,28079.0,3958.5710524005967,3.436807095343681,871,900,31,0,869,900,22763,2,0,0,2,0
2020-09-05,US,Mississippi,Lee,2315,61,0,34.291877500000005,-88.68149954,28081.0,2709.6306006835525,2.6349892008639313,2254,2294,61,0,2233,2271,85202,21,0,0,21,23
2020-09-05,US,Mississippi,Leflore,1264,76,0,33.55545125,-90.29900733,28083.0,4484.9732108008375,6.012658227848102,1188,1262,76,0,1186,1255,28919,2,0,0,2,7
2020-09-05,US,Mississippi,Lincoln,1002,52,0,31.53288662,-90.45391915,28085.0,2933.856469417035,5.189620758483034,950,995,52,0,943,986,34205,7,0,0,7,9
2020-09-05,US,Mississippi,Lowndes,1314,56,0,33.47386518,-88.44191529999998,28087.0,2242.512159740593,4.26179604261796,1258,1309,56,0,1253,1304,58930,5,0,0,5,5
2020-09-05,US,Mississippi,Madison,3048,83,0,32.63389156,-90.03513564,28089.0,2868.112014453478,2.7230971128608923,2965,3039,83,0,2956,3020,105630,9,0,0,9,19
2020-09-05,US,Mississippi,Marion,798,26,0,31.23132643,-89.8209217,28091.0,3247.4667317787817,3.2581453634085213,772,798,26,0,772,790,24715,0,0,0,0,8
2020-09-05,US,Mississippi,Marshall,996,14,0,34.76216286,-89.50299462,28093.0,2822.0094066980223,1.4056224899598393,982,988,14,0,974,982,35451,8,0,0,8,6
2020-09-05,US,Mississippi,Monroe,1092,61,0,33.89236763,-88.4808438,28095.0,3097.696584590945,5.586080586080586,1031,1086,61,0,1025,1067,35564,6,0,0,6,19
2020-09-05,US,Mississippi,Montgomery,422,18,0,33.49419589,-89.61729103,28097.0,4317.135549872123,4.265402843601897,404,418,18,0,400,411,10023,4,0,0,4,7
2020-09-05,US,Mississippi,Neshoba,1460,101,0,32.75339664,-89.11726492,28099.0,5014.080637406415,6.917808219178082,1359,1451,101,0,1350,1444,29125,9,0,0,9,7
2020-09-05,US,Mississippi,Newton,693,18,0,32.40021118,-89.11843336,28101.0,3297.17385098487,2.5974025974025974,675,692,18,0,674,688,21443,1,0,0,1,4
2020-09-05,US,Mississippi,Noxubee,531,14,0,33.11009499,-88.56949061,28103.0,5097.436882019775,2.6365348399246704,517,529,14,0,515,525,10535,2,0,0,2,4
2020-09-05,US,Mississippi,Oktibbeha,1562,46,0,33.42491685,-88.87905132,28105.0,3150.019158247121,2.9449423815621,1516,1550,46,0,1504,1526,49599,12,0,0,12,24
2020-09-05,US,Mississippi,Panola,1328,25,0,34.36398677,-89.95064249,28107.0,3883.9494618624235,1.882530120481928,1303,1319,25,0,1294,1315,34178,9,0,0,9,4
2020-09-05,US,Mississippi,Pearl River,787,48,0,30.77090935,-89.58677275,28109.0,1417.1243360043215,6.099110546378652,739,786,48,0,738,771,55387,1,0,0,1,15
2020-09-05,US,Mississippi,Perry,346,11,0,31.17161885,-88.99281835,28111.0,2889.835463125365,3.1791907514450872,335,341,10,0,331,333,11931,5,1,0,4,8
2020-09-05,US,Mississippi,Pike,1167,46,0,31.17507789,-90.40392572,28113.0,2970.372632864997,3.941730934018852,1121,1163,46,0,1117,1154,39563,4,0,0,4,9
2020-09-05,US,Mississippi,Pontotoc,1106,13,0,34.226046000000004,-89.03636807,28115.0,3437.558276869522,1.1754068716094033,1093,1102,13,0,1089,1098,31833,4,0,0,4,4
2020-09-05,US,Mississippi,Prentiss,669,15,0,34.61810501,-88.51986294,28117.0,2662.5805938072117,2.242152466367713,654,663,15,0,648,652,25315,6,0,0,6,11
2020-09-05,US,Mississippi,Quitman,348,4,0,34.25157572,-90.28908,28119.0,5123.674911660777,1.1494252873563218,344,346,4,0,342,341,7051,2,0,0,2,5
2020-09-05,US,Mississippi,Rankin,2987,69,0,32.26469147,-89.94537876,28121.0,1923.7333436378976,2.3100100435219284,2918,2956,69,0,2887,2914,153902,31,0,0,31,42
2020-09-05,US,Mississippi,Scott,1123,22,0,32.406704100000006,-89.53789439,28123.0,3993.030863319585,1.959038290293856,1101,1116,22,0,1094,1111,28287,7,0,0,7,5
2020-09-05,US,Mississippi,Sharkey,254,9,0,32.88149103,-90.81595379999999,28125.0,5878.268919231659,3.543307086614173,245,254,9,0,245,246,4377,0,0,0,0,8
2020-09-05,US,Mississippi,Simpson,959,40,0,31.91282117,-89.91716179,28127.0,3597.4191612273994,4.171011470281544,919,955,40,0,915,944,26758,4,0,0,4,11
2020-09-05,US,Mississippi,Smith,492,13,0,32.01744532,-89.50644846,28129.0,3091.228951997989,2.6422764227642275,479,490,13,0,477,484,16002,2,0,0,2,6
2020-09-05,US,Mississippi,Stone,331,10,0,30.79187949,-89.11547539,28131.0,1805.191972076789,3.0211480362537766,321,329,10,0,319,325,18717,2,0,0,2,4
2020-09-05,US,Mississippi,Sunflower,1306,39,0,33.60192578,-90.58882684,28133.0,5201.115093588212,2.986217457886677,1267,1300,39,0,1261,1291,25735,6,0,0,6,9
2020-09-05,US,Mississippi,Tallahatchie,672,13,0,33.95339918,-90.1729398,28135.0,4866.391483814903,1.934523809523809,659,668,13,0,655,653,13987,4,0,0,4,15
2020-09-05,US,Mississippi,Tate,878,35,0,34.65133709,-89.94485778,28137.0,3100.173016489531,3.9863325740318905,843,874,35,0,839,870,28759,4,0,0,4,4
2020-09-05,US,Mississippi,Tippah,564,16,0,34.76872156,-88.90988194,28139.0,2561.88962071315,2.8368794326241136,548,563,16,0,547,560,21995,1,0,0,1,3
2020-09-05,US,Mississippi,Tishomingo,581,30,0,34.74023475,-88.23917219,28141.0,2997.472011556519,5.163511187607574,551,578,30,0,548,573,19454,3,0,0,3,5
2020-09-05,US,Mississippi,Tunica,457,13,0,34.64967704,-90.37481167,28143.0,4744.601328903655,2.844638949671773,444,457,13,0,444,454,9944,0,0,0,0,3
2020-09-05,US,Mississippi,Union,909,23,0,34.49162015,-89.00776006,28145.0,3154.606975533576,2.5302530253025304,886,903,23,0,880,899,28606,6,0,0,6,4
2020-09-05,US,Mississippi,Walthall,576,24,0,31.14971548,-90.10446654,28147.0,4031.919361612768,4.166666666666667,552,574,24,0,550,572,14465,2,0,0,2,2
2020-09-05,US,Mississippi,Warren,1340,47,0,32.35810271,-90.83352619,28149.0,2952.7775941473305,3.5074626865671643,1293,1335,47,0,1288,1328,46176,5,0,0,5,7
2020-09-05,US,Mississippi,Washington,2071,66,0,33.28392041,-90.94196237,28151.0,4716.5729121592385,3.1868662481892804,2005,2062,64,0,1998,2038,45063,9,2,0,7,24
2020-09-05,US,Mississippi,Wayne,858,21,0,31.64135687,-88.69573913,28153.0,4251.102412921766,2.4475524475524475,837,852,21,0,831,851,20298,6,0,0,6,1
2020-09-05,US,Mississippi,Webster,313,13,0,33.61300486,-89.28392912,28155.0,3230.4675405098565,4.15335463258786,300,312,13,0,299,310,9788,1,0,0,1,2
2020-09-05,US,Mississippi,Wilkinson,284,17,0,31.16078225,-91.31018819,28157.0,3290.845886442642,5.985915492957746,267,284,17,0,267,284,8792,0,0,0,0,0
2020-09-05,US,Mississippi,Winston,709,19,0,33.08747908,-89.03391385,28159.0,3948.760790866054,2.6798307475317347,690,708,19,0,689,704,18165,1,0,0,1,4
2020-09-05,US,Mississippi,Yalobusha,389,13,0,34.02824175,-89.70762049999998,28161.0,3212.7518995705323,3.341902313624679,376,386,13,0,373,382,12392,3,0,0,3,4
2020-09-05,US,Mississippi,Yazoo,974,21,0,32.77890365,-90.39656148,28163.0,3280.5658470865615,2.1560574948665296,953,965,21,0,944,963,28248,9,0,0,9,2
2020-09-05,US,Missouri,Adair,262,0,0,40.19058551,-92.60078167,29001.0,1033.816043877994,0.0,262,254,0,0,254,248,25339,8,0,0,8,6
2020-09-05,US,Missouri,Andrew,146,1,0,39.98492163,-94.80163024,29003.0,824.2999096657634,0.6849315068493149,145,142,1,0,141,136,17607,4,0,0,4,6
2020-09-05,US,Missouri,Atchison,36,0,0,40.43238737,-95.42970639,29005.0,699.980556095664,0.0,36,34,0,0,34,33,5171,2,0,0,2,1
2020-09-05,US,Missouri,Audrain,309,2,0,39.215877,-91.84242683,29007.0,1217.1104458799432,0.6472491909385113,307,304,2,0,302,308,25473,5,0,0,5,-4
2020-09-05,US,Missouri,Barry,374,5,0,36.70978521,-93.82919888,29009.0,1045.013831065411,1.3368983957219251,369,367,5,0,362,362,35886,7,0,0,7,5
2020-09-05,US,Missouri,Barton,114,0,0,37.50207671,-94.34757022,29011.0,969.8825931597754,0.0,114,111,0,0,111,110,11798,3,0,0,3,1
2020-09-05,US,Missouri,Bates,78,1,0,38.25271289,-94.34113157,29013.0,482.3151125401929,1.2820512820512822,77,76,1,0,75,78,16320,2,0,0,2,-2
2020-09-05,US,Missouri,Benton,159,1,0,38.29503305,-93.28756116,29015.0,817.7750347168646,0.6289308176100629,158,158,1,0,157,158,19278,1,0,0,1,0
2020-09-05,US,Missouri,Bollinger,152,1,0,37.32449052,-90.02725304,29017.0,1252.7816698260942,0.6578947368421053,151,142,1,0,141,138,12169,10,0,0,10,4
2020-09-05,US,Missouri,Boone,3359,6,0,38.99186229,-92.30723575,29019.0,1861.3233737663681,0.17862459065197975,3353,3169,6,0,3163,2994,180005,190,0,0,190,175
2020-09-05,US,Missouri,Buchanan,1383,12,0,39.65816401,-94.80138942,29021.0,1583.0319124582209,0.8676789587852495,1371,1359,11,0,1348,1336,88571,24,1,0,23,23
2020-09-05,US,Missouri,Butler,410,4,0,36.71462476,-90.40421163,29023.0,965.2055181505721,0.975609756097561,406,398,3,0,395,386,42639,12,1,0,11,12
2020-09-05,US,Missouri,Caldwell,49,1,0,39.65620858,-93.98308093,29025.0,543.2372505543236,2.0408163265306123,48,47,1,0,46,46,9108,2,0,0,2,1
2020-09-05,US,Missouri,Callaway,407,2,0,38.83674754,-91.92186505,29027.0,909.6394966810452,0.4914004914004914,405,382,2,0,380,362,44889,25,0,0,25,20
2020-09-05,US,Missouri,Camden,586,9,0,38.02199522,-92.76083747,29029.0,1265.5220818486125,1.5358361774744027,577,577,8,0,569,563,45815,9,1,0,8,14
2020-09-05,US,Missouri,Cape Girardeau,1051,8,0,37.38489388,-89.6843587,29031.0,1332.5556922062606,0.7611798287345385,1043,1028,8,0,1020,1003,78753,23,0,0,23,25
2020-09-05,US,Missouri,Carroll,117,1,0,39.42762566,-93.50626255,29033.0,1348.0815762184586,0.8547008547008547,116,115,0,0,115,114,8743,2,1,0,1,1
2020-09-05,US,Missouri,Carter,42,1,0,36.94160441,-90.96051322,29035.0,702.1063189568706,2.380952380952381,41,39,1,0,38,39,6054,3,0,0,3,0
2020-09-05,US,Missouri,Cass,1131,16,0,38.64789422,-94.353399,29037.0,1069.2002268859899,1.4146772767462423,1115,1122,12,0,1110,1108,104954,9,4,0,5,14
2020-09-05,US,Missouri,Cedar,60,0,0,37.72391475,-93.85445441,29039.0,418.1476061049551,0.0,60,59,0,0,59,55,14165,1,0,0,1,4
2020-09-05,US,Missouri,Chariton,35,0,0,39.51499357,-92.9629191,29041.0,471.3169943441961,0.0,35,35,0,0,35,31,7451,0,0,0,0,4
2020-09-05,US,Missouri,Christian,794,2,0,36.9711783,-93.18537118,29043.0,896.2131045770077,0.2518891687657431,792,753,1,0,752,741,86983,41,1,0,40,12
2020-09-05,US,Missouri,Clark,50,0,0,40.41040752,-91.73661677,29045.0,735.618655289098,0.0,50,48,0,0,48,48,6842,2,0,0,2,0
2020-09-05,US,Missouri,Clay,1481,39,0,39.31132056,-94.41850862,29047.0,592.5232448349258,2.6333558406482105,1442,1455,31,0,1424,1443,246365,26,8,0,18,12
2020-09-05,US,Missouri,Clinton,152,0,0,39.6013098,-94.40465394,29049.0,745.5731593662629,0.0,152,146,0,0,146,142,20470,6,0,0,6,4
2020-09-05,US,Missouri,Cole,981,7,0,38.50455671,-92.27860244,29051.0,1278.2591699785005,0.7135575942915392,974,931,6,0,925,916,76796,50,1,0,49,15
2020-09-05,US,Missouri,Cooper,280,2,0,38.844478,-92.80896081,29053.0,1581.1169461855554,0.7142857142857143,278,265,2,0,263,252,17603,15,0,0,15,13
2020-09-05,US,Missouri,Crawford,219,1,0,37.97663738,-91.30528104,29055.0,915.551839464883,0.45662100456620996,218,215,1,0,214,209,23957,4,0,0,4,6
2020-09-05,US,Missouri,Dade,34,0,0,37.431814,-93.8503345,29057.0,449.6759687871975,0.0,34,32,0,0,32,32,7569,2,0,0,2,0
2020-09-05,US,Missouri,Dallas,121,1,0,37.681135499999996,-93.02127031,29059.0,716.9095864438915,0.8264462809917356,120,118,1,0,117,114,16762,3,0,0,3,4
2020-09-05,US,Missouri,Daviess,43,0,0,39.96145298,-93.98519678,29061.0,519.4491423049045,0.0,43,37,0,0,37,33,8313,6,0,0,6,4
2020-09-05,US,Missouri,DeKalb,79,1,0,39.89201062,-94.40476508,29063.0,629.6325814935841,1.2658227848101269,78,75,1,0,74,73,12630,4,0,0,4,2
2020-09-05,US,Missouri,Dent,51,0,0,37.60663134,-91.50790473,29065.0,327.4898863417453,0.0,51,46,0,0,46,44,15441,5,0,0,5,2
2020-09-05,US,Missouri,Douglas,117,2,0,36.9325593,-92.49905109,29067.0,887.3720136518773,1.709401709401709,115,117,2,0,115,119,13373,0,0,0,0,-2
2020-09-05,US,Missouri,Dunklin,557,6,0,36.27167174,-90.09122243,29069.0,1912.0524527136042,1.0771992818671454,551,545,4,0,541,544,29423,12,2,0,10,1
2020-09-05,US,Missouri,Franklin,1133,22,0,38.41127108,-91.07522826,29071.0,1089.768868968038,1.9417475728155342,1111,1110,22,0,1088,1092,103670,23,0,0,23,18
2020-09-05,US,Missouri,Gasconade,101,4,0,38.43947277,-91.50847147,29073.0,686.7945056439547,3.96039603960396,97,100,3,0,97,98,14705,1,1,0,0,2
2020-09-05,US,Missouri,Gentry,101,9,0,40.21097916,-94.40944419,29075.0,1537.0567645716026,8.910891089108912,92,101,9,0,92,100,6628,0,0,0,0,1
2020-09-05,US,Missouri,Greene,3807,15,0,37.2575872,-93.34230916,29077.0,1298.936148434248,0.3940110323089047,3792,3633,10,0,3623,3471,291923,174,5,0,169,162
2020-09-05,US,Missouri,Grundy,89,1,0,40.11406587,-93.56509276,29079.0,903.5532994923856,1.1235955056179776,88,74,1,0,73,66,9914,15,0,0,15,8
2020-09-05,US,Missouri,Harrison,85,1,0,40.35570088,-93.99222144,29081.0,1017.72030651341,1.1764705882352942,84,81,1,0,80,78,8414,4,0,0,4,3
2020-09-05,US,Missouri,Henry,125,3,0,38.38482826,-93.79293734,29083.0,572.7639296187682,2.4,122,121,3,0,118,120,21792,4,0,0,4,1
2020-09-05,US,Missouri,Hickory,67,1,0,37.94163617,-93.3203037,29085.0,702.0117351215422,1.492537313432836,66,66,1,0,65,66,9509,1,0,0,1,0
2020-09-05,US,Missouri,Holt,69,0,0,40.09799248,-95.21638879999999,29087.0,1567.1133318192142,0.0,69,69,0,0,69,67,4404,0,0,0,0,2
2020-09-05,US,Missouri,Howard,135,1,0,39.1435761,-92.69756691,29089.0,1349.8650134986501,0.7407407407407407,134,131,0,0,131,130,10137,4,1,0,3,1
2020-09-05,US,Missouri,Howell,324,3,0,36.77383887,-91.88683935,29091.0,807.6376598449533,0.925925925925926,321,293,3,0,290,291,40076,31,0,0,31,2
2020-09-05,US,Missouri,Iron,43,0,0,37.55487945,-90.7735296,29093.0,424.6913580246914,0.0,43,43,0,0,43,42,10177,0,0,0,0,1
2020-09-05,US,Missouri,Jackson,5942,83,0,39.01002188,-94.34724536,29095.0,845.2214830208916,1.39683608212723,5859,5819,82,0,5737,5773,700307,123,1,0,122,46
2020-09-05,US,Missouri,Jasper,2650,36,0,37.20351921,-94.34050458,29097.0,2184.161941184228,1.3584905660377358,2614,2586,35,0,2551,2494,120636,64,1,0,63,92
2020-09-05,US,Missouri,Jefferson,3002,45,0,38.25926778,-90.53870896,29099.0,1333.742075075195,1.4990006662225184,2957,2913,40,0,2873,2849,224347,89,5,0,84,64
2020-09-05,US,Missouri,Johnson,643,4,0,38.74719601,-93.80691168,29101.0,1189.3751618512074,0.6220839813374806,639,622,4,0,618,609,53652,21,0,0,21,13
2020-09-05,US,Missouri,Kansas City,9645,88,0,39.0997,-94.5786,0.0,1972.6225756376514,0.9123898392949716,9557,9579,74,0,9505,9520,491918,66,14,0,52,59
2020-09-05,US,Missouri,Knox,42,0,0,40.12699751,-92.14780832,29103.0,1060.8739580702195,0.0,42,40,0,0,40,39,3947,2,0,0,2,1
2020-09-05,US,Missouri,Laclede,321,1,0,37.65896829,-92.5888493,29105.0,898.5807462979033,0.3115264797507788,320,314,1,0,313,311,35713,7,0,0,7,3
2020-09-05,US,Missouri,Lafayette,266,2,0,39.06986886,-93.78076396,29107.0,813.2566956096367,0.7518796992481203,264,259,2,0,257,257,32598,7,0,0,7,2
2020-09-05,US,Missouri,Lawrence,389,2,0,37.10626634,-93.83293097,29109.0,1014.2093599269976,0.5141388174807198,387,378,2,0,376,370,38359,11,0,0,11,8
2020-09-05,US,Missouri,Lewis,64,2,0,40.09673161,-91.72070156,29111.0,654.6644844517185,3.125,62,61,2,0,59,60,9855,3,0,0,3,1
2020-09-05,US,Missouri,Lincoln,614,1,0,39.05345619,-90.95588181,29113.0,1040.4487146899837,0.16286644951140064,613,602,1,0,601,598,57686,12,0,0,12,4
2020-09-05,US,Missouri,Linn,51,1,0,39.87001769,-93.10704106,29115.0,427.8523489932887,1.96078431372549,50,49,1,0,48,44,12037,2,0,0,2,5
2020-09-05,US,Missouri,Livingston,336,1,0,39.78110272,-93.54645978,29117.0,2206.6066854928745,0.2976190476190476,335,276,1,0,275,77,15146,60,0,0,60,199
2020-09-05,US,Missouri,Macon,82,0,0,39.83049768,-92.56453089,29121.0,542.4356684527353,0.0,82,82,0,0,82,81,15153,0,0,0,0,1
2020-09-05,US,Missouri,Madison,198,0,0,37.47865134,-90.34671429999999,29123.0,1637.9880873593647,0.0,198,182,0,0,182,176,12188,16,0,0,16,6
2020-09-05,US,Missouri,Maries,49,0,0,38.16193985,-91.92249662,29125.0,563.4126710359894,0.0,49,48,0,0,48,47,8769,1,0,0,1,1
2020-09-05,US,Missouri,Marion,531,7,0,39.80601912,-91.62203062,29127.0,1861.198738170347,1.3182674199623352,524,505,4,0,501,497,28592,26,3,0,23,8
2020-09-05,US,Missouri,McDonald,998,10,0,36.62869595,-94.34867205,29119.0,4370.101151639883,1.002004008016032,988,995,10,0,985,993,23078,3,0,0,3,2
2020-09-05,US,Missouri,Mercer,23,0,0,40.42212303,-93.56829590000001,29129.0,635.8860934476085,0.0,23,22,0,0,22,22,3641,1,0,0,1,0
2020-09-05,US,Missouri,Miller,292,1,0,38.21450288,-92.42610898,29131.0,1139.7790702213201,0.3424657534246575,291,280,1,0,279,274,25336,12,0,0,12,6
2020-09-05,US,Missouri,Mississippi,245,0,0,36.82516239,-89.29505753,29133.0,1858.8770864946887,0.0,245,241,0,0,241,239,13336,4,0,0,4,2
2020-09-05,US,Missouri,Moniteau,204,4,0,38.63571781,-92.57976951,29135.0,1264.567319613191,1.96078431372549,200,197,4,0,193,196,16121,7,0,0,7,1
2020-09-05,US,Missouri,Monroe,75,0,0,39.49593978,-92.00043978,29137.0,867.6538639518741,0.0,75,74,0,0,74,72,8664,1,0,0,1,2
2020-09-05,US,Missouri,Montgomery,58,1,0,38.94022054,-91.47000721,29139.0,502.1210284823825,1.7241379310344829,57,56,1,0,55,57,11534,2,0,0,2,-1
2020-09-05,US,Missouri,Morgan,145,1,0,38.4181765,-92.88791859,29141.0,702.9621370048967,0.6896551724137931,144,138,0,0,138,132,20358,7,1,0,6,6
2020-09-05,US,Missouri,New Madrid,443,9,0,36.59666326,-89.66070007,29143.0,2594.284375732021,2.031602708803612,434,430,9,0,421,425,17296,13,0,0,13,5
2020-09-05,US,Missouri,Newton,1130,14,0,36.90519407,-94.3394104,29145.0,1940.3805206401541,1.2389380530973448,1116,1127,14,0,1113,1117,58266,3,0,0,3,10
2020-09-05,US,Missouri,Nodaway,615,6,0,40.36079813,-94.88133008,29147.0,2783.8131450298747,0.975609756097561,609,603,6,0,597,590,22304,12,0,0,12,13
2020-09-05,US,Missouri,Oregon,62,0,0,36.68710164,-91.4033755,29149.0,588.8498432899611,0.0,62,59,0,0,59,57,10541,3,0,0,3,2
2020-09-05,US,Missouri,Osage,91,1,0,38.46036182,-91.8613635,29151.0,668.3804627249358,1.0989010989010992,90,88,1,0,87,87,13714,3,0,0,3,1
2020-09-05,US,Missouri,Ozark,59,0,0,36.64916339,-92.44459066,29153.0,643.1218661434489,0.0,59,41,0,0,41,35,9017,18,0,0,18,6
2020-09-05,US,Missouri,Pemiscot,367,9,0,36.2130572,-89.78742322,29155.0,2322.049984182221,2.4523160762942777,358,362,9,0,353,355,16272,5,0,0,5,7
2020-09-05,US,Missouri,Perry,435,4,0,37.70660776,-89.82741088,29157.0,2273.202341137124,0.9195402298850576,431,423,4,0,419,422,19150,12,0,0,12,1
2020-09-05,US,Missouri,Pettis,833,8,0,38.72798918,-93.28471706,29159.0,1967.4531755591765,0.9603841536614646,825,824,8,0,816,822,42542,9,0,0,9,2
2020-09-05,US,Missouri,Phelps,256,1,0,37.87736118,-91.79351727,29161.0,574.3387252372513,0.390625,255,244,0,0,244,240,44732,12,1,0,11,4
2020-09-05,US,Missouri,Pike,153,2,0,39.34310674,-91.16980779,29163.0,835.9742104688013,1.30718954248366,151,145,2,0,143,146,18504,8,0,0,8,-1
2020-09-05,US,Missouri,Platte,524,10,0,39.38154439,-94.77068479,29165.0,501.8291865387194,1.9083969465648856,514,510,10,0,500,508,102985,14,0,0,14,2
2020-09-05,US,Missouri,Polk,336,0,0,37.616229600000004,-93.39828174,29167.0,1045.1335966904103,0.0,336,328,0,0,328,315,32201,8,0,0,8,13
2020-09-05,US,Missouri,Pulaski,419,2,0,37.82462075,-92.20783203,29169.0,796.4719524017717,0.47732696897374705,417,411,2,0,409,402,52014,8,0,0,8,9
2020-09-05,US,Missouri,Putnam,28,1,0,40.47942497,-93.02042674,29171.0,596.2521294718911,3.571428571428572,27,28,1,0,27,27,4757,0,0,0,0,1
2020-09-05,US,Missouri,Ralls,118,0,0,39.52817427,-91.51838643,29173.0,1144.630905034436,0.0,118,116,0,0,116,116,10212,2,0,0,2,0
2020-09-05,US,Missouri,Randolph,144,1,0,39.44007257,-92.49713740000001,29175.0,581.8652012283821,0.6944444444444444,143,135,1,0,134,132,24763,9,0,0,9,3
2020-09-05,US,Missouri,Ray,135,0,0,39.353746799999996,-93.98905745,29177.0,586.4975236771222,0.0,135,128,0,0,128,128,22883,7,0,0,7,0
2020-09-05,US,Missouri,Reynolds,26,0,0,37.36085952,-90.97009925,29179.0,414.67304625199364,0.0,26,23,0,0,23,23,6254,3,0,0,3,0
2020-09-05,US,Missouri,Ripley,102,0,0,36.65460667,-90.85990261,29181.0,767.6098735701386,0.0,102,100,0,0,100,93,13401,2,0,0,2,7
2020-09-05,US,Missouri,Saline,581,9,0,39.13734288,-93.20259964,29195.0,2552.611923904925,1.5490533562822721,572,569,8,0,561,557,22895,12,1,0,11,12
2020-09-05,US,Missouri,Schuyler,20,0,0,40.46921489,-92.52311943,29197.0,429.1845493562232,0.0,20,20,0,0,20,19,4599,0,0,0,0,1
2020-09-05,US,Missouri,Scotland,21,1,0,40.45214695,-92.14709064,29199.0,428.3965728274174,4.761904761904762,20,21,1,0,20,20,4966,0,0,0,0,1
2020-09-05,US,Missouri,Scott,679,14,0,37.05588075,-89.56474493,29201.0,1773.7722048066876,2.061855670103093,665,662,14,0,648,655,38458,17,0,0,17,7
2020-09-05,US,Missouri,Shannon,59,1,0,37.15772072,-91.40190382,29203.0,722.5079598334559,1.6949152542372878,58,56,1,0,55,54,8189,3,0,0,3,2
2020-09-05,US,Missouri,Shelby,52,0,0,39.79742518,-92.07634971,29205.0,876.8971332209106,0.0,52,49,0,0,49,47,6050,3,0,0,3,2
2020-09-05,US,Missouri,St. Charles,6076,105,0,38.77875681,-90.66662425,29183.0,1511.3600748217762,1.7281105990783407,5971,6002,105,0,5897,5939,399182,74,0,0,74,63
2020-09-05,US,Missouri,St. Clair,29,0,0,38.03699437,-93.77631447,29185.0,308.6091305735873,0.0,29,28,0,0,28,27,9395,1,0,0,1,1
2020-09-05,US,Missouri,St. Francois,1257,5,0,37.81214171,-90.47598685,29187.0,1870.1182771702743,0.3977724741447892,1252,1207,5,0,1202,1134,66692,50,0,0,50,73
2020-09-05,US,Missouri,St. Louis,20351,760,0,38.63770039999999,-90.4458375,29189.0,2046.9621456339487,3.7344602230848607,19591,20174,757,0,19417,20039,996945,177,3,0,174,135
2020-09-05,US,Missouri,St. Louis City,6369,189,0,38.63555736,-90.24349225,29510.0,2118.931651229639,2.9674988224211023,6180,6335,189,0,6146,6304,302838,34,0,0,34,31
2020-09-05,US,Missouri,Ste. Genevieve,127,1,0,37.89090059,-90.1949941,29186.0,709.7351067396892,0.7874015748031497,126,122,1,0,121,118,17888,5,0,0,5,4
2020-09-05,US,Missouri,Stoddard,319,9,0,36.85571651,-89.9444155,29207.0,1099.052540913006,2.8213166144200628,310,308,9,0,299,303,29206,11,0,0,11,5
2020-09-05,US,Missouri,Stone,307,2,0,36.75000327,-93.45256475,29209.0,960.8162243365048,0.6514657980456026,305,304,2,0,302,294,31749,3,0,0,3,10
2020-09-05,US,Missouri,Sullivan,178,0,0,40.2099105,-93.11150106,29211.0,2923.3043192642467,0.0,178,178,0,0,178,176,6221,0,0,0,0,2
2020-09-05,US,Missouri,Taney,953,19,0,36.65465345,-93.04075153,29213.0,1703.9765412673435,1.9937040923399791,934,939,15,0,924,933,55852,14,4,0,10,6
2020-09-05,US,Missouri,Texas,142,1,0,37.31728859,-91.96564727,29215.0,559.099141664698,0.7042253521126759,141,121,1,0,120,113,25571,21,0,0,21,8
2020-09-05,US,Missouri,Vernon,103,0,0,37.8457799,-94.34127305,29217.0,500.8996741720567,0.0,103,95,0,0,95,93,20528,8,0,0,8,2
2020-09-05,US,Missouri,Warren,355,0,0,38.76529479,-91.16124662,29219.0,995.8203596173804,0.0,355,349,0,0,349,340,34711,6,0,0,6,9
2020-09-05,US,Missouri,Washington,262,1,0,37.96130078,-90.87948158,29221.0,1059.441973311767,0.3816793893129771,261,253,1,0,252,251,24943,9,0,0,9,2
2020-09-05,US,Missouri,Wayne,99,0,0,37.11303869,-90.46001416,29223.0,769.0515031461197,0.0,99,95,0,0,95,92,13122,4,0,0,4,3
2020-09-05,US,Missouri,Webster,275,1,0,37.2813734,-92.876329,29225.0,694.5847645989087,0.3636363636363637,274,266,1,0,265,257,39109,9,0,0,9,9
2020-09-05,US,Missouri,Worth,14,0,0,40.47945588,-94.42328751,29227.0,695.4793840039741,0.0,14,13,0,0,13,13,2040,1,0,0,1,0
2020-09-05,US,Missouri,Wright,104,0,0,37.27029221,-92.46914488,29229.0,568.647821094647,0.0,104,96,0,0,96,95,18378,8,0,0,8,1
2020-09-05,US,Montana,Beaverhead,72,1,0,45.13434354,-112.89846940000001,30001.0,761.6629641383687,1.3888888888888888,71,71,1,0,70,71,9404,1,0,0,1,0
2020-09-05,US,Montana,Big Horn,714,16,0,45.42335905,-107.492347,30003.0,5360.762820031534,2.2408963585434174,698,700,16,0,684,692,13338,14,0,0,14,8
2020-09-05,US,Montana,Blaine,15,0,0,48.43175214,-108.9582723,30005.0,224.51728783116297,0.0,15,15,0,0,15,15,6807,0,0,0,0,0
2020-09-05,US,Montana,Broadwater,16,0,0,46.33277565,-111.49558130000001,30007.0,256.5335898669232,0.0,16,16,0,0,16,16,6085,0,0,0,0,0
2020-09-05,US,Montana,Carbon,93,0,0,45.22850116,-109.0274047,30009.0,867.1328671328671,0.0,93,91,0,0,91,91,10714,2,0,0,2,0
2020-09-05,US,Montana,Cascade,372,5,0,47.30797024,-111.3467922,30013.0,457.1934223139887,1.3440860215053765,367,364,5,0,359,355,81643,8,0,0,8,9
2020-09-05,US,Montana,Chouteau,11,0,0,47.88084126,-110.4353362,30015.0,195.20851818988464,0.0,11,11,0,0,11,11,5745,0,0,0,0,0
2020-09-05,US,Montana,Custer,69,2,0,46.25319932,-105.57375259999998,30017.0,605.156990001754,2.898550724637681,67,67,2,0,65,66,11586,2,0,0,2,1
2020-09-05,US,Montana,Daniels,3,0,0,48.78420029,-105.54763429999998,30019.0,177.5147928994083,0.0,3,3,0,0,3,3,1747,0,0,0,0,0
2020-09-05,US,Montana,Dawson,50,1,0,47.26584855,-104.89444170000002,30021.0,580.5178218971323,2.0,49,49,0,0,49,48,8680,1,1,0,0,1
2020-09-05,US,Montana,Deer Lodge,80,0,0,46.05953325,-113.073353,30023.0,875.2735229759302,0.0,80,59,0,0,59,35,9131,21,0,0,21,24
2020-09-05,US,Montana,Fallon,3,0,0,46.33478338,-104.41835649999999,30025.0,105.41110330288124,0.0,3,3,0,0,3,2,2920,0,0,0,0,1
2020-09-05,US,Montana,Fergus,38,0,0,47.26331584,-109.2245206,30027.0,343.8914027149321,0.0,38,35,0,0,35,33,11113,3,0,0,3,2
2020-09-05,US,Montana,Flathead,678,9,0,48.29575866,-114.05205690000001,30029.0,653.1414369111612,1.327433628318584,669,663,9,0,654,651,102106,15,0,0,15,12
2020-09-05,US,Montana,Gallatin,1105,3,0,45.54486106,-111.1692571,30031.0,965.6221053183493,0.27149321266968324,1102,1097,3,0,1094,1088,111876,8,0,0,8,9
2020-09-05,US,Montana,Garfield,16,0,0,47.27545948,-107.0002351,30033.0,1271.8600953895073,0.0,16,14,0,0,14,14,1268,2,0,0,2,0
2020-09-05,US,Montana,Glacier,143,1,0,48.70513576,-112.9934235,30035.0,1039.7731404057297,0.6993006993006993,142,140,1,0,139,140,13747,3,0,0,3,0
2020-09-05,US,Montana,Golden Valley,3,0,0,46.3816474,-109.17685220000001,30037.0,365.4080389768576,0.0,3,3,0,0,3,3,826,0,0,0,0,0
2020-09-05,US,Montana,Granite,21,0,0,46.40605220000001,-113.4414186,30039.0,621.4856466410181,0.0,21,20,0,0,20,20,3378,1,0,0,1,0
2020-09-05,US,Montana,Hill,98,2,0,48.62879827,-110.1129252,30041.0,594.5158942004368,2.0408163265306123,96,96,2,0,94,93,16347,2,0,0,2,3
2020-09-05,US,Montana,Jefferson,41,0,0,46.14907081,-112.094396,30043.0,335.48809426397185,0.0,41,41,0,0,41,39,12097,0,0,0,0,2
2020-09-05,US,Montana,Judith Basin,6,0,0,47.04581276,-110.26606880000001,30045.0,298.95366218236165,0.0,6,6,0,0,6,6,1952,0,0,0,0,0
2020-09-05,US,Montana,Lake,222,1,0,47.64514965,-114.0898013,30047.0,728.8725458007747,0.4504504504504505,221,217,1,0,216,209,30250,5,0,0,5,8
2020-09-05,US,Montana,Lewis and Clark,207,3,0,47.12610041,-112.39469799999999,30049.0,298.1334255098513,1.4492753623188406,204,206,3,0,203,199,68700,1,0,0,1,7
2020-09-05,US,Montana,Liberty,7,0,0,48.56084317,-111.02430700000001,30051.0,299.5293110825845,0.0,7,7,0,0,7,7,2430,0,0,0,0,0
2020-09-05,US,Montana,Lincoln,92,2,0,48.54265777,-115.4046155,30053.0,460.4604604604605,2.1739130434782608,90,91,2,0,89,91,19794,1,0,0,1,0
2020-09-05,US,Montana,Madison,95,1,0,45.30080065,-111.9173017,30057.0,1104.6511627906978,1.0526315789473684,94,95,1,0,94,94,8768,0,0,0,0,1
2020-09-05,US,Montana,McCone,14,0,0,47.64469406,-105.79449939999999,30055.0,841.3461538461537,0.0,14,14,0,0,14,14,1675,0,0,0,0,0
2020-09-05,US,Montana,Meagher,4,0,0,46.59907074,-110.8898557,30059.0,214.8227712137487,0.0,4,4,0,0,4,4,1866,0,0,0,0,0
2020-09-05,US,Montana,Mineral,2,0,0,47.15283992,-115.00152390000001,30061.0,45.48555833522857,0.0,2,2,0,0,2,2,4316,0,0,0,0,0
2020-09-05,US,Montana,Missoula,443,3,0,47.03728583,-113.92135079999998,30063.0,370.4013377926422,0.6772009029345373,440,438,3,0,435,436,118791,5,0,0,5,2
2020-09-05,US,Montana,Musselshell,19,0,0,46.49684637,-108.39498,30065.0,410.1014461472049,0.0,19,16,0,0,16,15,4651,3,0,0,3,1
2020-09-05,US,Montana,Park,67,0,0,45.48965095,-110.52643940000002,30067.0,403.4686257979043,0.0,67,66,0,0,66,65,16736,1,0,0,1,1
2020-09-05,US,Montana,Phillips,114,0,0,48.25936577,-107.9128511,30071.0,2883.156297420334,0.0,114,114,0,0,114,114,4074,0,0,0,0,0
2020-09-05,US,Montana,Pondera,16,0,0,48.22773388,-112.22527029999999,30073.0,270.68177973270167,0.0,16,16,0,0,16,16,5972,0,0,0,0,0
2020-09-05,US,Montana,Powder River,2,0,0,45.39617714,-105.636738,30075.0,118.90606420927469,0.0,2,2,0,0,2,2,1716,0,0,0,0,0
2020-09-05,US,Montana,Powell,10,0,0,46.85538891,-112.93591640000001,30077.0,145.1378809869376,0.0,10,10,0,0,10,10,6968,0,0,0,0,0
2020-09-05,US,Montana,Prairie,1,0,0,46.86048047,-105.379384,30079.0,92.85051067780873,0.0,1,1,0,0,1,1,1087,0,0,0,0,0
2020-09-05,US,Montana,Ravalli,113,2,0,46.08520862,-114.11891640000002,30081.0,257.9555312057709,1.7699115044247788,111,113,2,0,111,112,43172,0,0,0,0,1
2020-09-05,US,Montana,Richland,64,2,0,47.78668011,-104.5610786,30083.0,592.4280292511339,3.125,62,60,2,0,58,60,10913,4,0,0,4,0
2020-09-05,US,Montana,Roosevelt,61,1,0,48.29607488,-105.00792679999999,30085.0,554.343874954562,1.639344262295082,60,51,1,0,50,48,11059,10,0,0,10,3
2020-09-05,US,Montana,Rosebud,338,5,0,46.23397237,-106.72928799999998,30087.0,3782.029763902876,1.4792899408284024,333,329,5,0,324,313,9063,9,0,0,9,16
2020-09-05,US,Montana,Sanders,41,0,0,47.67657534,-115.1329916,30089.0,338.47931973912324,0.0,41,40,0,0,40,40,11844,1,0,0,1,0
2020-09-05,US,Montana,Sheridan,5,0,0,48.72085833,-104.50382900000001,30091.0,151.1030522816561,0.0,5,5,0,0,5,5,3424,0,0,0,0,0
2020-09-05,US,Montana,Silver Bow,127,0,0,45.90018933,-112.6620092,30093.0,363.74051267363603,0.0,127,120,0,0,120,120,34993,7,0,0,7,0
2020-09-05,US,Montana,Stillwater,40,2,0,45.67071407,-109.3950061,30095.0,414.8516905206389,5.0,38,40,2,0,38,40,9534,0,0,0,0,0
2020-09-05,US,Montana,Sweet Grass,34,1,0,45.81367654,-109.9425686,30097.0,909.8207118009101,2.9411764705882355,33,30,1,0,29,29,3710,4,0,0,4,1
2020-09-05,US,Montana,Teton,18,0,0,47.83741052,-112.24106880000001,30099.0,292.8257686676428,0.0,18,18,0,0,18,18,6162,0,0,0,0,0
2020-09-05,US,Montana,Toole,57,6,0,48.65577551,-111.69424140000001,30101.0,1203.5472972972973,10.526315789473683,51,55,6,0,49,52,4853,2,0,0,2,3
2020-09-05,US,Montana,Treasure,3,0,0,46.20973220000001,-107.26665159999999,30103.0,431.0344827586207,0.0,3,3,0,0,3,3,679,0,0,0,0,0
2020-09-05,US,Montana,Valley,51,0,0,48.36435097,-106.6669635,30105.0,689.5619253650623,0.0,51,51,0,0,51,49,7437,0,0,0,0,2
2020-09-05,US,Montana,Wheatland,3,0,0,46.46652491,-109.84646359999999,30107.0,141.11006585136406,0.0,3,3,0,0,3,3,2236,0,0,0,0,0
2020-09-05,US,Montana,Wibaux,8,0,0,46.95925154,-104.2510927,30109.0,825.5933952528377,0.0,8,8,0,0,8,8,1034,0,0,0,0,0
2020-09-05,US,Montana,Yellowstone,2239,47,0,45.93955949,-108.26914860000001,30111.0,1388.0967141971482,2.0991514068780712,2192,2230,46,0,2184,2200,160137,9,1,0,8,30
2020-09-05,US,Nebraska,Adams,429,11,0,40.52449420000001,-98.50117804,31001.0,1367.853840512706,2.5641025641025643,418,429,11,0,418,428,31511,0,0,0,0,1
2020-09-05,US,Nebraska,Antelope,28,1,0,42.17695516,-98.06662829999999,31003.0,444.5855827246745,3.571428571428572,27,28,1,0,27,27,6336,0,0,0,0,1
2020-09-05,US,Nebraska,Arthur,1,0,0,41.56896142,-101.6959559,31005.0,215.98272138228938,0.0,1,1,0,0,1,1,465,0,0,0,0,0
2020-09-05,US,Nebraska,Banner,2,0,0,41.54634427,-103.7114332,31007.0,268.4563758389262,0.0,2,2,0,0,2,2,730,0,0,0,0,0
2020-09-05,US,Nebraska,Boone,32,0,0,41.70759415,-98.06737183,31011.0,616.3328197226502,0.0,32,30,0,0,30,29,5239,2,0,0,2,1
2020-09-05,US,Nebraska,Box Butte,31,0,0,42.22079243,-103.08788340000001,31013.0,287.48956691087824,0.0,31,31,0,0,31,31,10772,0,0,0,0,0
2020-09-05,US,Nebraska,Boyd,10,0,0,42.899727399999996,-98.76486568,31015.0,521.1047420531527,0.0,10,10,0,0,10,10,1955,0,0,0,0,0
2020-09-05,US,Nebraska,Brown,5,0,0,42.43018907,-99.92904055,31017.0,169.20473773265653,0.0,5,5,0,0,5,5,2973,0,0,0,0,0
2020-09-05,US,Nebraska,Buffalo,750,3,0,40.85486962,-99.07500296,31019.0,1510.3002476892407,0.4,747,740,3,0,737,732,49615,10,0,0,10,8
2020-09-05,US,Nebraska,Burt,69,0,0,41.85056773,-96.32605633,31021.0,1068.276823037622,0.0,69,69,0,0,69,69,6488,0,0,0,0,0
2020-09-05,US,Nebraska,Butler,96,0,0,41.22703692,-97.13106306,31023.0,1197.6047904191614,0.0,96,96,0,0,96,96,8058,0,0,0,0,0
2020-09-05,US,Nebraska,Cass,269,2,0,40.90899107,-96.13971217,31025.0,1024.839987808595,0.7434944237918215,267,268,2,0,266,268,26159,1,0,0,1,0
2020-09-05,US,Nebraska,Cedar,52,0,0,42.598885100000004,-97.25311951,31027.0,618.9002618424182,0.0,52,52,0,0,52,50,8446,0,0,0,0,2
2020-09-05,US,Nebraska,Chase,16,0,0,40.523719799999995,-101.69780259999999,31029.0,407.7471967380224,0.0,16,15,0,0,15,15,3977,1,0,0,1,0
2020-09-05,US,Nebraska,Cherry,30,1,0,42.54502621,-101.1244332,31031.0,527.3334505185445,3.333333333333333,29,30,1,0,29,27,5761,0,0,0,0,3
2020-09-05,US,Nebraska,Cheyenne,30,0,0,41.21999357,-102.9941693,31033.0,336.7003367003366,0.0,30,29,0,0,29,29,9310,1,0,0,1,0
2020-09-05,US,Nebraska,Clay,62,0,0,40.52439441,-98.05126296,31035.0,999.516363050137,0.0,62,63,0,0,63,61,6214,-1,0,0,-1,2
2020-09-05,US,Nebraska,Colfax,732,5,0,41.57486951,-97.0868542,31037.0,6835.3721169110095,0.6830601092896175,727,732,5,0,727,731,10881,0,0,0,0,1
2020-09-05,US,Nebraska,Cuming,96,0,0,41.91637624,-96.78730772,31039.0,1085.2362649785214,0.0,96,95,0,0,95,93,8940,1,0,0,1,2
2020-09-05,US,Nebraska,Custer,76,4,0,41.39374521,-99.72805369,31041.0,705.2055302960008,5.2631578947368425,72,76,4,0,72,77,10840,0,0,0,0,-1
2020-09-05,US,Nebraska,Dakota,2050,43,0,42.39040144,-96.56656425,31043.0,10236.692300009989,2.0975609756097557,2007,2040,43,0,1997,2033,20083,10,0,0,10,7
2020-09-05,US,Nebraska,Dawes,91,0,0,42.71985036,-103.1313774,31045.0,1059.4947025264873,0.0,91,91,0,0,91,90,8716,0,0,0,0,1
2020-09-05,US,Nebraska,Dawson,1021,11,0,40.87028216,-99.82014609999999,31047.0,4327.1879635516,1.0773751224289911,1010,1021,11,0,1010,1016,23709,0,0,0,0,5
2020-09-05,US,Nebraska,Deuel,3,0,0,41.11168186,-102.33333309999999,31049.0,167.22408026755855,0.0,3,3,0,0,3,3,1825,0,0,0,0,0
2020-09-05,US,Nebraska,Dixon,67,2,0,42.49188363,-96.86782408,31051.0,1188.7863733144075,2.985074626865672,65,67,2,0,65,66,5709,0,0,0,0,1
2020-09-05,US,Nebraska,Dodge,939,11,0,41.58071748,-96.65598179,31053.0,2568.029536441953,1.1714589989350372,928,934,11,0,923,926,36791,5,0,0,5,8
2020-09-05,US,Nebraska,Douglas,13903,161,0,41.29518299,-96.15085305,31055.0,2433.457547078993,1.1580234481766525,13742,13852,161,0,13691,13783,566880,51,0,0,51,69
2020-09-05,US,Nebraska,Dundy,9,0,0,40.17638677,-101.6876522,31057.0,531.6007088009451,0.0,9,9,0,0,9,9,1770,0,0,0,0,0
2020-09-05,US,Nebraska,Fillmore,34,1,0,40.52458567,-97.59646937,31059.0,622.482607103625,2.9411764705882355,33,34,1,0,33,34,5527,0,0,0,0,0
2020-09-05,US,Nebraska,Franklin,20,0,0,40.17636348,-98.95299073,31061.0,671.366230278617,0.0,20,20,0,0,20,20,3023,0,0,0,0,0
2020-09-05,US,Nebraska,Frontier,6,0,0,40.52993007,-100.3924658,31063.0,228.39741149600303,0.0,6,6,0,0,6,6,2608,0,0,0,0,0
2020-09-05,US,Nebraska,Furnas,28,1,0,40.17642064,-99.91247454,31065.0,598.8023952095807,3.571428571428572,27,28,1,0,27,27,4715,0,0,0,0,1
2020-09-05,US,Nebraska,Gage,138,4,0,40.26186809,-96.68946704,31067.0,641.4725979640218,2.898550724637681,134,138,4,0,134,139,21493,0,0,0,0,-1
2020-09-05,US,Nebraska,Garden,8,0,0,41.61703149,-102.3313973,31069.0,435.49265106151336,0.0,8,8,0,0,8,8,1897,0,0,0,0,0
2020-09-05,US,Nebraska,Garfield,6,0,0,41.91428955,-98.99111827,31071.0,304.7232097511427,0.0,6,6,0,0,6,6,1987,0,0,0,0,0
2020-09-05,US,Nebraska,Gosper,24,0,0,40.51481965,-99.83020279,31073.0,1206.0301507537688,0.0,24,24,0,0,24,24,1996,0,0,0,0,0
2020-09-05,US,Nebraska,Greeley,13,0,0,41.56742671,-98.52150266,31077.0,551.7826825127336,0.0,13,12,0,0,12,12,2356,1,0,0,1,0
2020-09-05,US,Nebraska,Hall,1882,46,0,40.87257079,-98.50218293,31079.0,3067.4946620377173,2.4442082890541976,1836,1879,46,0,1833,1875,61607,3,0,0,3,4
2020-09-05,US,Nebraska,Hamilton,107,12,0,40.87349452,-98.02099117,31081.0,1147.5761475761474,11.214953271028037,95,107,12,0,95,107,9280,0,0,0,0,0
2020-09-05,US,Nebraska,Harlan,8,0,0,40.17658508,-99.40438879,31083.0,236.6863905325444,0.0,8,8,0,0,8,8,3401,0,0,0,0,0
2020-09-05,US,Nebraska,Hitchcock,2,0,0,40.17609175,-101.04164770000001,31087.0,72.41129616220131,0.0,2,2,0,0,2,2,2806,0,0,0,0,0
2020-09-05,US,Nebraska,Holt,25,0,0,42.45522056,-98.78402558,31089.0,248.33614780967517,0.0,25,24,0,0,24,24,10178,1,0,0,1,0
2020-09-05,US,Nebraska,Hooker,6,0,0,41.91586243,-101.1354293,31091.0,879.7653958944281,0.0,6,6,0,0,6,6,682,0,0,0,0,0
2020-09-05,US,Nebraska,Howard,65,5,0,41.2200529,-98.5166499,31093.0,1008.533747090768,7.6923076923076925,60,64,5,0,59,63,6468,1,0,0,1,1
2020-09-05,US,Nebraska,Jefferson,23,0,0,40.17584531,-97.142601,31095.0,326.4263411864888,0.0,23,22,0,0,22,22,7097,1,0,0,1,0
2020-09-05,US,Nebraska,Johnson,28,0,0,40.39257596,-96.26522753,31097.0,552.1593374087951,0.0,28,28,0,0,28,28,5134,0,0,0,0,0
2020-09-05,US,Nebraska,Kearney,116,0,0,40.50663314,-98.94877182,31099.0,1785.9892224788296,0.0,116,115,0,0,115,115,6544,1,0,0,1,0
2020-09-05,US,Nebraska,Keith,48,0,0,41.19930341,-101.66201640000001,31101.0,597.460791635549,0.0,48,48,0,0,48,47,8021,0,0,0,0,1
2020-09-05,US,Nebraska,Keya Paha,1,0,0,42.87990694,-99.71343729,31103.0,124.06947890818859,0.0,1,1,0,0,1,1,810,0,0,0,0,0
2020-09-05,US,Nebraska,Kimball,15,0,0,41.19774275,-103.7148131,31105.0,412.9955947136564,0.0,15,15,0,0,15,15,3618,0,0,0,0,0
2020-09-05,US,Nebraska,Knox,79,0,0,42.63758421,-97.89178836,31107.0,948.1517042726836,0.0,79,78,0,0,78,77,8419,1,0,0,1,1
2020-09-05,US,Nebraska,Lancaster,4377,21,0,40.78416049,-96.68777155,31109.0,1371.7133097245292,0.4797806716929404,4356,4354,21,0,4333,4313,317272,23,0,0,23,41
2020-09-05,US,Nebraska,Lincoln,333,2,0,41.04658298,-100.74753740000001,31111.0,953.77212579481,0.6006006006006006,331,332,2,0,330,333,35185,1,0,0,1,-1
2020-09-05,US,Nebraska,Logan,5,0,0,41.56650314,-100.4817851,31113.0,668.4491978609626,0.0,5,5,0,0,5,5,749,0,0,0,0,0
2020-09-05,US,Nebraska,Loup,2,0,0,41.91371961,-99.45440415,31115.0,301.20481927710836,0.0,2,2,0,0,2,2,618,0,0,0,0,0
2020-09-05,US,Nebraska,Madison,640,5,0,41.91676024,-97.6005481,31119.0,1823.4137724721506,0.78125,635,640,5,0,635,629,35392,0,0,0,0,11
2020-09-05,US,Nebraska,McPherson,6,0,0,41.56797682,-101.05993620000001,31117.0,1214.5748987854256,0.0,6,6,0,0,6,6,492,0,0,0,0,0
2020-09-05,US,Nebraska,Merrick,75,1,0,41.16624273,-98.0374887,31121.0,967.117988394584,1.3333333333333333,74,74,1,0,73,73,7733,1,0,0,1,1
2020-09-05,US,Nebraska,Morrill,67,0,0,41.71711774,-103.0061405,31123.0,1443.3433864713486,0.0,67,67,0,0,67,66,4686,0,0,0,0,1
2020-09-05,US,Nebraska,Nance,13,0,0,41.39750195,-97.99327291,31125.0,369.4231315714692,0.0,13,13,0,0,13,13,3532,0,0,0,0,0
2020-09-05,US,Nebraska,Nemaha,97,0,0,40.38514847,-95.85433992,31127.0,1391.2794033275961,0.0,97,97,0,0,97,95,6958,0,0,0,0,2
2020-09-05,US,Nebraska,Nuckolls,11,0,0,40.17637905,-98.04743961,31129.0,265.1880424300868,0.0,11,11,0,0,11,10,4195,0,0,0,0,1
2020-09-05,US,Nebraska,Otoe,125,1,0,40.64843556,-96.13374142,31131.0,780.6645016237821,0.8,124,125,1,0,124,125,15985,0,0,0,0,0
2020-09-05,US,Nebraska,Pawnee,12,0,0,40.13141096,-96.23705437,31133.0,459.24225028702637,0.0,12,12,0,0,12,12,2632,0,0,0,0,0
2020-09-05,US,Nebraska,Perkins,31,7,0,40.85082525,-101.6502942,31135.0,1072.2933241093046,22.580645161290327,24,30,7,0,23,29,2929,1,0,0,1,1
2020-09-05,US,Nebraska,Phelps,79,0,0,40.51156033,-99.41461667,31137.0,874.4742085454947,0.0,79,78,0,0,78,78,8996,1,0,0,1,0
2020-09-05,US,Nebraska,Pierce,68,4,0,42.26434853,-97.60122773,31139.0,951.3150531617237,5.882352941176472,64,66,4,0,62,65,7142,2,0,0,2,1
2020-09-05,US,Nebraska,Platte,896,3,0,41.57246836,-97.52144359,31141.0,2677.0242007768147,0.3348214285714285,893,893,3,0,890,895,33363,3,0,0,3,-2
2020-09-05,US,Nebraska,Polk,34,1,0,41.18813488,-97.56630712,31143.0,652.215614809131,2.9411764705882355,33,34,1,0,33,34,5278,0,0,0,0,0
2020-09-05,US,Nebraska,Red Willow,19,0,0,40.17556879999999,-100.476998,31145.0,177.17269675494217,0.0,19,19,0,0,19,19,10726,0,0,0,0,0
2020-09-05,US,Nebraska,Richardson,37,1,0,40.1247415,-95.71755036,31147.0,470.438652256834,2.702702702702702,36,37,1,0,36,36,7937,0,0,0,0,1
2020-09-05,US,Nebraska,Rock,19,0,0,42.42252217,-99.44832069,31149.0,1400.147383935151,0.0,19,17,0,0,17,17,1360,2,0,0,2,0
2020-09-05,US,Nebraska,Saline,645,2,0,40.52418865,-97.14085859,31151.0,4534.589426321711,0.31007751937984496,643,644,2,0,642,643,14350,1,0,0,1,1
2020-09-05,US,Nebraska,Sarpy,2945,15,0,41.11314181,-96.11156432,31153.0,1573.2173764396673,0.5093378607809848,2930,2930,15,0,2915,2907,184459,15,0,0,15,23
2020-09-05,US,Nebraska,Saunders,257,2,0,41.227810299999994,-96.63773905,31155.0,1191.0278987858005,0.7782101167315175,255,255,2,0,253,255,21303,2,0,0,2,0
2020-09-05,US,Nebraska,Scotts Bluff,371,6,0,41.85070896,-103.70809859999999,31157.0,1041.6081756415297,1.6172506738544474,365,371,6,0,365,369,35989,0,0,0,0,2
2020-09-05,US,Nebraska,Seward,173,2,0,40.87241834,-97.139673,31159.0,1000.9257116408239,1.1560693641618498,171,172,2,0,170,171,17318,1,0,0,1,1
2020-09-05,US,Nebraska,Sheridan,31,0,0,42.50284406,-102.4126613,31161.0,590.9264201296227,0.0,31,30,0,0,30,30,5190,1,0,0,1,0
2020-09-05,US,Nebraska,Sherman,18,1,0,41.22045983,-98.97588642,31163.0,599.8000666444517,5.5555555555555545,17,18,1,0,17,18,3038,0,0,0,0,0
2020-09-05,US,Nebraska,Sioux,6,0,0,42.48932059,-103.7576544,31165.0,514.5797598627787,0.0,6,6,0,0,6,6,1187,0,0,0,0,0
2020-09-05,US,Nebraska,Stanton,34,0,0,41.9169835,-97.19394708,31167.0,574.3243243243244,0.0,34,34,0,0,34,34,5970,0,0,0,0,0
2020-09-05,US,Nebraska,Thayer,27,0,0,40.17626377,-97.59504381,31169.0,539.6761942834298,0.0,27,27,0,0,27,27,5039,0,0,0,0,0
2020-09-05,US,Nebraska,Thomas,5,0,0,41.91358968,-100.5556632,31171.0,692.5207756232687,0.0,5,5,0,0,5,4,720,0,0,0,0,1
2020-09-05,US,Nebraska,Thurston,234,4,0,42.15725356,-96.54157099,31173.0,3239.202657807309,1.709401709401709,230,233,4,0,229,231,7303,1,0,0,1,2
2020-09-05,US,Nebraska,Unassigned,141,1,0,0.0,0.0,90031.0,0.0,0.7092198581560284,140,141,1,0,140,156,,0,0,0,0,-15
2020-09-05,US,Nebraska,Valley,20,0,0,41.56730777,-98.98197724,31175.0,481.00048100048105,0.0,20,20,0,0,20,19,4190,0,0,0,0,1
2020-09-05,US,Nebraska,Washington,180,1,0,41.52815707,-96.22019892,31177.0,868.3486902407255,0.5555555555555556,179,180,1,0,179,180,20667,0,0,0,0,0
2020-09-05,US,Nebraska,Wayne,56,0,0,42.20934475,-97.11926964,31179.0,596.6968566862014,0.0,56,57,0,0,57,57,9403,-1,0,0,-1,0
2020-09-05,US,Nebraska,Webster,14,0,0,40.17642643,-98.50019851,31181.0,401.491253226269,0.0,14,14,0,0,14,14,3533,0,0,0,0,0
2020-09-05,US,Nebraska,Wheeler,1,0,0,41.91482725,-98.52798941,31183.0,127.7139208173691,0.0,1,1,0,0,1,1,805,0,0,0,0,0
2020-09-05,US,Nebraska,York,120,0,0,40.87272618,-97.59710186,31185.0,877.2571094378244,0.0,120,120,0,0,120,119,13772,0,0,0,0,1
2020-09-05,US,Nevada,Carson City,449,8,0,39.15509045,-119.7480219,32510.0,802.9901995850919,1.7817371937639201,441,446,8,0,438,438,55414,3,0,0,3,8
2020-09-05,US,Nevada,Churchill,113,1,0,39.58105744,-118.3394607,32001.0,453.65129069814117,0.8849557522123894,112,113,1,0,112,113,24440,0,0,0,0,0
2020-09-05,US,Nevada,Clark,60819,1203,0,36.21458855,-115.0130241,32003.0,2683.133962584621,1.9780002959601442,59616,60514,1190,0,59324,60144,2231647,305,13,0,292,370
2020-09-05,US,Nevada,Douglas,259,1,0,38.912862,-119.61713329999999,32005.0,529.5982005929864,0.3861003861003861,258,257,1,0,256,256,48467,2,0,0,2,1
2020-09-05,US,Nevada,Elko,860,6,0,41.14531606,-115.3577619,32007.0,1629.4668232975864,0.6976744186046512,854,853,6,0,847,824,52460,7,0,0,7,29
2020-09-05,US,Nevada,Eureka,8,0,0,39.98100864,-116.26832040000001,32011.0,394.2828979793002,0.0,8,8,0,0,8,7,2003,0,0,0,0,1
2020-09-05,US,Nevada,Humboldt,113,4,0,41.40692186,-118.11094270000001,32013.0,671.3801913136474,3.5398230088495577,109,111,4,0,107,111,16786,2,0,0,2,0
2020-09-05,US,Nevada,Lander,65,1,0,39.933223299999995,-117.03970749999999,32015.0,1174.9819233550254,1.5384615384615383,64,65,1,0,64,63,5575,0,0,0,0,2
2020-09-05,US,Nevada,Lincoln,6,0,0,37.64268459,-114.8790388,32017.0,115.76307158016591,0.0,6,6,0,0,6,6,5201,0,0,0,0,0
2020-09-05,US,Nevada,Lyon,351,6,0,39.01777974,-119.18704790000001,32019.0,610.3286384976526,1.709401709401709,345,347,6,0,341,345,55808,4,0,0,4,2
2020-09-05,US,Nevada,Mineral,12,0,0,38.53841696,-118.4344506,32021.0,266.37069922308547,0.0,12,12,0,0,12,12,4514,0,0,0,0,0
2020-09-05,US,Nevada,Nye,480,15,0,38.04264256,-116.47227020000001,32023.0,1031.7477376781376,3.125,465,478,15,0,463,477,45346,2,0,0,2,1
2020-09-05,US,Nevada,Pershing,20,0,0,40.44003782,-118.40056409999998,32027.0,297.39776951672866,0.0,20,20,0,0,20,21,6666,0,0,0,0,-1
2020-09-05,US,Nevada,Storey,8,0,0,39.44875482,-119.5250207,32029.0,194.03347077370842,0.0,8,7,0,0,7,7,4029,1,0,0,1,0
2020-09-05,US,Nevada,Washoe,7507,142,0,40.66562265,-119.6631594,32031.0,1592.0885478633948,1.8915678699880112,7365,7446,142,0,7304,7371,465735,61,0,0,61,75
2020-09-05,US,Nevada,White Pine,32,1,0,39.44157041,-114.89996599999999,32033.0,334.02922755741133,3.125,31,29,1,0,28,28,9475,3,0,0,3,1
2020-09-05,US,New Hampshire,Belknap,126,4,0,43.51637314,-71.41684235,33001.0,205.53643377974976,3.1746031746031744,122,126,4,0,122,126,61022,0,0,0,0,0
2020-09-05,US,New Hampshire,Carroll,108,1,0,43.87498583,-71.20430216,33003.0,220.81373952157026,0.925925925925926,107,107,1,0,106,106,48779,1,0,0,1,1
2020-09-05,US,New Hampshire,Cheshire,135,3,0,42.92015988,-72.25311043,33005.0,177.43313399487408,2.2222222222222223,132,133,3,0,130,132,76493,2,0,0,2,1
2020-09-05,US,New Hampshire,Coos,20,0,0,44.69063265,-71.30633239,33007.0,63.36533282641067,0.0,20,20,0,0,20,21,31589,0,0,0,0,-1
2020-09-05,US,New Hampshire,Grafton,118,1,0,43.93779815,-71.82057197,33009.0,131.27739581247357,0.8474576271186439,117,115,1,0,114,114,89786,3,0,0,3,1
2020-09-05,US,New Hampshire,Hillsborough,4095,286,0,42.91537785,-71.7200253,33011.0,981.9555182543013,6.984126984126984,3809,4080,286,0,3794,4074,415247,15,0,0,15,6
2020-09-05,US,New Hampshire,Merrimack,513,23,0,43.29662971,-71.6811573,33013.0,338.8576599665766,4.483430799220273,490,508,23,0,485,508,151132,5,0,0,5,0
2020-09-05,US,New Hampshire,Rockingham,1837,100,0,42.98499744,-71.12883377,33015.0,593.0225426043278,5.443658138268916,1737,1829,100,0,1729,1821,309176,8,0,0,8,8
2020-09-05,US,New Hampshire,Strafford,415,13,0,43.291833000000004,-71.02336013,33017.0,317.683893043871,3.132530120481928,402,400,13,0,387,395,130090,15,0,0,15,5
2020-09-05,US,New Hampshire,Sullivan,48,1,0,43.36094111,-72.22203125,33019.0,111.25017382839658,2.083333333333333,47,48,1,0,47,48,43144,0,0,0,0,0
2020-09-05,US,New Hampshire,Unassigned,9,0,0,0.0,0.0,90033.0,0.0,0.0,9,2,0,0,2,2,,7,0,0,7,0
2020-09-05,US,New Jersey,Atlantic,3792,252,0,39.47538693,-74.65848483,34001.0,1438.1613380361816,6.6455696202531644,3540,3784,252,0,3532,3778,265429,8,0,0,8,6
2020-09-05,US,New Jersey,Bergen,21755,2037,0,40.96010917,-74.07164325,34003.0,2333.721661185022,9.363364743737073,19718,21752,2036,0,19716,21724,936692,3,1,0,2,28
2020-09-05,US,New Jersey,Burlington,6541,482,0,39.87681124,-74.66927768,34005.0,1468.7357555535098,7.368903837333741,6059,6521,482,0,6039,6499,445384,20,0,0,20,22
2020-09-05,US,New Jersey,Camden,9292,593,0,39.80343818,-74.96388753,34007.0,1834.6558835550309,6.381833835557469,8699,9270,593,0,8677,9237,507078,22,0,0,22,33
2020-09-05,US,New Jersey,Cape May,930,94,0,39.15008829,-74.80170244,34009.0,1010.4412260020207,10.10752688172043,836,921,94,0,827,913,92560,9,0,0,9,8
2020-09-05,US,New Jersey,Cumberland,3615,156,0,39.37199394,-75.10712559,34011.0,2417.623573000194,4.315352697095436,3459,3606,156,0,3450,3598,150972,9,0,0,9,8
2020-09-05,US,New Jersey,Essex,20488,2120,0,40.78681335,-74.24657979,34013.0,2564.2854907850683,10.347520499804764,18368,20463,2119,0,18344,20407,799767,25,1,0,24,56
2020-09-05,US,New Jersey,Gloucester,3783,223,0,39.71581067,-75.13995546,34015.0,1297.1649590585525,5.894792492730637,3560,3762,222,0,3540,3731,291408,21,1,0,20,31
2020-09-05,US,New Jersey,Hudson,20243,1511,0,40.73766234,-74.07515667,34017.0,3010.5994875005767,7.4643086499036695,18732,20227,1509,0,18718,20206,676061,16,2,0,14,21
2020-09-05,US,New Jersey,Hunterdon,1228,125,0,40.56335249,-74.91284156,34019.0,987.3684379799147,10.179153094462539,1103,1223,125,0,1098,1221,124714,5,0,0,5,2
2020-09-05,US,New Jersey,Mercer,8401,631,0,40.28047017,-74.70479631,34021.0,2286.421903491821,7.511010593976907,7770,8390,631,0,7759,8371,369811,11,0,0,11,19
2020-09-05,US,New Jersey,Middlesex,18553,1419,0,40.43629879,-74.41426991,34023.0,2248.6794931774825,7.648358755996335,17134,18531,1418,0,17113,18507,829685,22,1,0,21,24
2020-09-05,US,New Jersey,Monmouth,10890,859,0,40.26549699,-74.22240686,34025.0,1759.872009308414,7.8879706152433435,10031,10862,859,0,10003,10818,621354,28,0,0,28,44
2020-09-05,US,New Jersey,Morris,7562,829,0,40.86095313,-74.54553709999998,34027.0,1537.4762374325244,10.962708278233274,6733,7548,829,0,6719,7524,494228,14,0,0,14,24
2020-09-05,US,New Jersey,Ocean,11427,1030,0,39.8895449,-74.28089251,34029.0,1881.960387755976,9.013739389166009,10397,11358,1030,0,10328,11305,601651,69,0,0,69,53
2020-09-05,US,New Jersey,Passaic,18484,1248,0,41.03238628,-74.29954144,34031.0,3683.3484116008335,6.751785327851113,17236,18469,1248,0,17221,18439,503310,15,0,0,15,30
2020-09-05,US,New Jersey,Salem,992,89,0,39.58719656,-75.34696629999998,34033.0,1590.1258315300151,8.971774193548388,903,988,89,0,899,984,62607,4,0,0,4,4
2020-09-05,US,New Jersey,Somerset,5451,566,0,40.56465737,-74.61683016,34035.0,1657.1713474435599,10.383415886993212,4885,5446,566,0,4880,5437,331164,5,0,0,5,9
2020-09-05,US,New Jersey,Sussex,1413,197,0,41.13891592,-74.69118243,34037.0,1005.7798530835374,13.94196744515216,1216,1408,197,0,1211,1409,140799,5,0,0,5,-1
2020-09-05,US,New Jersey,Unassigned,307,0,0,0.0,0.0,90034.0,0.0,0.0,307,307,0,0,307,305,,0,0,0,0,2
2020-09-05,US,New Jersey,Union,17196,1353,0,40.65835409,-74.30680092,34039.0,3090.9100713411376,7.868108862526169,15843,17187,1352,0,15835,17161,558067,9,1,0,8,26
2020-09-05,US,New Jersey,Warren,1404,171,0,40.85951833,-74.99556527,34041.0,1333.7513180768901,12.17948717948718,1233,1399,171,0,1228,1399,105779,5,0,0,5,0
2020-09-05,US,New Mexico,Bernalillo,5937,160,0,35.05163625,-106.6703554,35001.0,874.2182909967444,2.69496378642412,5777,5914,160,0,5754,5898,678701,23,0,0,23,16
2020-09-05,US,New Mexico,Catron,11,1,0,33.91514144,-108.4046587,35003.0,311.8797845194216,9.090909090909092,10,9,1,0,8,9,3578,2,0,0,2,0
2020-09-05,US,New Mexico,Chaves,800,7,0,33.36406072,-104.4665365,35005.0,1238.1026077536176,0.875,793,787,7,0,780,776,64689,13,0,0,13,11
2020-09-05,US,New Mexico,Cibola,399,20,0,34.91131525,-107.998876,35006.0,1495.7825679475166,5.012531328320802,379,399,20,0,379,399,26746,0,0,0,0,0
2020-09-05,US,New Mexico,Colfax,24,1,0,36.60569702,-104.64726740000002,35007.0,200.9881919437233,4.166666666666667,23,23,1,0,22,22,12110,1,0,0,1,1
2020-09-05,US,New Mexico,Curry,705,5,0,34.57421077,-103.34688759999999,35009.0,1440.1274666012991,0.7092198581560284,700,703,5,0,698,694,49437,2,0,0,2,9
2020-09-05,US,New Mexico,Dona Ana,2944,47,0,32.35275771,-106.83293870000001,35013.0,1349.2518160361144,1.5964673913043481,2897,2933,45,0,2888,2920,217522,11,2,0,9,13
2020-09-05,US,New Mexico,Eddy,575,5,0,32.47167456,-104.3053527,35015.0,983.5785152240848,0.8695652173913043,570,553,5,0,548,545,57900,22,0,0,22,8
2020-09-05,US,New Mexico,Grant,87,2,0,32.73911281,-108.3827845,35017.0,322.2460923031336,2.2988505747126435,85,84,2,0,82,84,27346,3,0,0,3,0
2020-09-05,US,New Mexico,Guadalupe,32,1,0,34.86319296,-104.790669,35019.0,744.1860465116278,3.125,31,32,1,0,31,32,4341,0,0,0,0,0
2020-09-05,US,New Mexico,Harding,2,0,0,35.85751555,-103.82209379999999,35021.0,320.0,0.0,2,2,0,0,2,2,655,0,0,0,0,0
2020-09-05,US,New Mexico,Hidalgo,98,2,0,31.91383467,-108.7151824,35023.0,2334.444973797047,2.0408163265306123,96,98,2,0,96,98,4240,0,0,0,0,0
2020-09-05,US,New Mexico,Lea,1192,16,0,32.79215361,-103.4123733,35025.0,1677.2196426058813,1.342281879194631,1176,1178,15,0,1163,1170,69611,14,1,0,13,8
2020-09-05,US,New Mexico,Lincoln,175,2,0,33.74526079,-105.4586166,35027.0,894.134477825465,1.1428571428571428,173,173,2,0,171,173,19556,2,0,0,2,0
2020-09-05,US,New Mexico,Los Alamos,27,0,0,35.86631386,-106.31349850000001,35028.0,139.39800712478706,0.0,27,27,0,0,27,27,19101,0,0,0,0,0
2020-09-05,US,New Mexico,Luna,339,5,0,32.18179341,-107.75088259999998,35029.0,1429.836770846514,1.4749262536873156,334,321,5,0,316,321,23963,18,0,0,18,0
2020-09-05,US,New Mexico,McKinley,4239,246,0,35.58007720000001,-108.262245,35031.0,5939.7200386733375,5.803255484784148,3993,4230,243,0,3987,4229,72290,9,3,0,6,1
2020-09-05,US,New Mexico,Mora,6,0,0,36.01095101,-104.9497716,35033.0,132.71400132713998,0.0,6,6,0,0,6,6,4506,0,0,0,0,0
2020-09-05,US,New Mexico,Otero,227,12,0,32.61348406,-105.7417604,35035.0,336.346125351904,5.286343612334802,215,227,12,0,215,227,66781,0,0,0,0,0
2020-09-05,US,New Mexico,Quay,64,2,0,35.10403332,-103.54817270000001,35037.0,775.4755846358902,3.125,62,64,2,0,62,63,8253,0,0,0,0,1
2020-09-05,US,New Mexico,Rio Arriba,367,13,0,36.51072137,-106.69316740000001,35039.0,942.9356902443412,3.5422343324250685,354,361,13,0,348,361,39006,6,0,0,6,0
2020-09-05,US,New Mexico,Roosevelt,210,3,0,34.02097406,-103.4799493,35041.0,1135.1351351351352,1.4285714285714286,207,206,3,0,203,205,18743,4,0,0,4,1
2020-09-05,US,New Mexico,San Juan,3209,192,0,36.50838318,-108.32043700000001,35045.0,2588.7800706690978,5.983172327827983,3017,3206,192,0,3014,3201,125043,3,0,0,3,5
2020-09-05,US,New Mexico,San Miguel,86,0,0,35.48014807,-104.8163562,35047.0,315.2839388495803,0.0,86,86,0,0,86,85,27591,0,0,0,0,1
2020-09-05,US,New Mexico,Sandoval,1261,37,0,35.68862401,-106.86878030000001,35043.0,859.2962084662142,2.9341792228390164,1224,1259,37,0,1222,1257,145179,2,0,0,2,2
2020-09-05,US,New Mexico,Santa Fe,857,4,0,35.50708973,-105.9774716,35049.0,569.972997778635,0.4667444574095682,853,849,4,0,845,839,150056,8,0,0,8,10
2020-09-05,US,New Mexico,Sierra,38,1,0,33.13028233,-107.1925893,35051.0,352.14530627374666,2.631578947368421,37,38,1,0,37,38,10968,0,0,0,0,0
2020-09-05,US,New Mexico,Socorro,78,6,0,34.00715494,-106.9298354,35053.0,468.83452545531037,7.6923076923076925,72,78,6,0,72,78,16735,0,0,0,0,0
2020-09-05,US,New Mexico,Taos,118,3,0,36.58006022,-105.63101979999999,35055.0,360.60263423280264,2.5423728813559316,115,118,3,0,115,118,32835,0,0,0,0,0
2020-09-05,US,New Mexico,Torrance,63,1,0,34.64048375,-105.8508949,35057.0,407.4768773041847,1.5873015873015872,62,63,1,0,62,63,15591,0,0,0,0,0
2020-09-05,US,New Mexico,Unassigned,1321,0,0,0.0,0.0,90035.0,0.0,0.0,1321,1321,0,0,1321,1321,,0,0,0,0,0
2020-09-05,US,New Mexico,Union,31,2,0,36.48126404,-103.4709624,35059.0,763.7349100763735,6.451612903225807,29,31,2,0,29,31,4118,0,0,0,0,0
2020-09-05,US,New Mexico,Valencia,526,4,0,34.71669834,-106.8103733,35061.0,685.8960984769458,0.7604562737642585,522,523,4,0,519,520,76456,3,0,0,3,3
2020-09-05,US,New York,Albany,2823,133,0,42.60060306,-73.97723916,36001.0,924.040771703338,4.711300035423308,2690,2819,133,0,2686,2802,307117,4,0,0,4,17
2020-09-05,US,New York,Allegany,92,1,0,42.25748406,-78.02750466,36003.0,199.6051289839665,1.0869565217391304,91,90,1,0,89,90,46430,2,0,0,2,0
2020-09-05,US,New York,Bronx,51860,4918,0,40.85209301,-73.86282755,36005.0,3656.729941397835,9.48322406478982,46942,51820,4917,0,46903,51768,1432132,40,1,0,39,52
2020-09-05,US,New York,Broome,1350,69,0,42.15903158,-75.81326086,36007.0,708.706060224266,5.111111111111111,1281,1342,69,0,1273,1333,191659,8,0,0,8,9
2020-09-05,US,New York,Cattaraugus,227,6,0,42.24778241,-78.67923096,36009.0,298.2251008316145,2.643171806167401,221,223,6,0,217,222,76840,4,0,0,4,1
2020-09-05,US,New York,Cayuga,182,2,0,42.91261714,-76.55731592,36011.0,237.67237776849143,1.0989010989010992,180,181,2,0,179,181,77145,1,0,0,1,0
2020-09-05,US,New York,Chautauqua,471,9,0,42.22769210000001,-79.36691763,36013.0,371.1496182123354,1.9108280254777068,462,464,9,0,455,452,127939,7,0,0,7,12
2020-09-05,US,New York,Chemung,206,3,0,42.13891056,-76.7638805,36015.0,246.8366564417178,1.4563106796116505,203,206,3,0,203,205,84254,0,0,0,0,1
2020-09-05,US,New York,Chenango,233,7,0,42.49430041,-75.60887553,36017.0,493.5708687270956,3.004291845493562,226,231,7,0,224,230,47536,2,0,0,2,1
2020-09-05,US,New York,Clinton,152,5,0,44.74530905,-73.67875352,36019.0,188.85506616139654,3.2894736842105265,147,152,5,0,147,152,80695,0,0,0,0,0
2020-09-05,US,New York,Columbia,575,37,0,42.24819348,-73.63089095,36021.0,967.020399926002,6.434782608695652,538,574,37,0,537,570,59916,1,0,0,1,4
2020-09-05,US,New York,Cortland,102,0,0,42.59509207,-76.07048931,36023.0,214.3712826548412,0.0,102,102,0,0,102,102,47823,0,0,0,0,0
2020-09-05,US,New York,Delaware,123,4,0,42.19837623,-74.96709306,36025.0,278.69038178316526,3.2520325203252027,119,121,4,0,117,121,44527,2,0,0,2,0
2020-09-05,US,New York,Dutchess,4914,153,0,41.76486060000001,-73.74356679,36027.0,1670.1901311272593,3.1135531135531136,4761,4902,153,0,4749,4892,293718,12,0,0,12,10
2020-09-05,US,New York,Erie,10212,678,0,42.76249024,-78.73063652,36029.0,1111.5682778528835,6.63924794359577,9534,10156,678,0,9478,10086,919719,56,0,0,56,70
2020-09-05,US,New York,Essex,147,0,0,44.11630765,-73.77297842,36031.0,398.53599023993485,0.0,147,145,0,0,145,141,37300,2,0,0,2,4
2020-09-05,US,New York,Franklin,59,0,0,44.59040891,-74.29926032,36033.0,117.94810283475272,0.0,59,59,0,0,59,59,50293,0,0,0,0,0
2020-09-05,US,New York,Fulton,312,24,0,43.11363907,-74.41798804,36035.0,584.4557256055299,7.6923076923076925,288,312,24,0,288,312,53591,0,0,0,0,0
2020-09-05,US,New York,Genesee,300,5,0,43.0022601,-78.19135193,36037.0,523.7430167597765,1.6666666666666667,295,300,5,0,295,298,57511,0,0,0,0,2
2020-09-05,US,New York,Greene,313,18,0,42.275797,-74.12384884,36039.0,663.3042298889549,5.7507987220447285,295,313,18,0,295,310,47491,0,0,0,0,3
2020-09-05,US,New York,Hamilton,14,0,0,43.66146647,-74.49721957,36041.0,317.0289855072464,0.0,14,14,0,0,14,14,4434,0,0,0,0,0
2020-09-05,US,New York,Herkimer,306,4,0,43.42034246,-74.96145307,36043.0,499.02966454116995,1.30718954248366,302,306,4,0,302,305,61833,0,0,0,0,1
2020-09-05,US,New York,Jefferson,154,0,0,44.04200959,-75.94653457,36045.0,140.21159203889505,0.0,154,154,0,0,154,154,111755,0,0,0,0,0
2020-09-05,US,New York,Kings,65540,7293,0,40.636182500000004,-73.94935552,36047.0,2560.2532595961648,11.12755569118096,58247,65440,7290,0,58150,65328,2582830,100,3,0,97,112
2020-09-05,US,New York,Lewis,49,0,0,43.784415700000004,-75.44903992,36049.0,186.3401277760876,0.0,49,49,0,0,49,49,26447,0,0,0,0,0
2020-09-05,US,New York,Livingston,188,8,0,42.72596275,-77.77966158,36051.0,298.8206122643609,4.25531914893617,180,188,8,0,180,187,63227,0,0,0,0,1
2020-09-05,US,New York,Madison,474,17,0,42.91653905,-75.67266639,36053.0,668.1608660718061,3.586497890295359,457,474,17,0,457,467,70795,0,0,0,0,7
2020-09-05,US,New York,Monroe,5551,289,0,43.14638895,-77.69322942,36055.0,748.3451743801988,5.20626914069537,5262,5529,289,0,5240,5502,742474,22,0,0,22,27
2020-09-05,US,New York,Montgomery,214,4,0,42.90123494,-74.44011632,36057.0,434.7737754210601,1.8691588785046729,210,212,4,0,208,211,49455,2,0,0,2,1
2020-09-05,US,New York,Nassau,45115,2198,0,40.74066522,-73.58941873,36059.0,3324.7993255333386,4.871993793638478,42917,45008,2198,0,42810,44924,1358343,107,0,0,107,84
2020-09-05,US,New York,New York,32372,3172,0,40.76727260000001,-73.97152637,36061.0,1987.590148252662,9.798591375262573,29200,32310,3172,0,29138,32251,,62,0,0,62,59
2020-09-05,US,New York,Niagara,1643,101,0,43.19898042,-78.74777412,36063.0,785.0688786846392,6.1472915398660986,1542,1638,101,0,1537,1635,210433,5,0,0,5,3
2020-09-05,US,New York,Oneida,2298,120,0,43.24375382,-75.43710392,36065.0,1004.9372242216983,5.221932114882507,2178,2295,120,0,2175,2286,229577,3,0,0,3,9
2020-09-05,US,New York,Onondaga,3964,204,0,43.00491923,-76.19971155,36067.0,860.7511378244102,5.1463168516649835,3760,3947,204,0,3743,3937,461809,17,0,0,17,10
2020-09-05,US,New York,Ontario,401,35,0,42.85145728,-77.30874425,36069.0,365.2859888683422,8.728179551122194,366,398,35,0,363,396,109864,3,0,0,3,2
2020-09-05,US,New York,Orange,11504,494,0,41.40337468,-74.30240757,36071.0,2988.517691068738,4.294158553546593,11010,11487,494,0,10993,11478,381951,17,0,0,17,9
2020-09-05,US,New York,Orleans,310,54,0,43.2516977,-78.2320066,36073.0,768.2394924662967,17.419354838709676,256,307,54,0,253,306,40612,3,0,0,3,1
2020-09-05,US,New York,Oswego,325,3,0,43.42778894,-76.14635194,36075.0,277.4836924968409,0.9230769230769232,322,314,3,0,311,311,117898,11,0,0,11,3
2020-09-05,US,New York,Otsego,249,5,0,42.63492579,-75.03151402,36077.0,418.5366345620494,2.0080321285140563,244,235,5,0,230,209,59749,14,0,0,14,26
2020-09-05,US,New York,Putnam,1528,63,0,41.42630093,-73.74965532,36079.0,1554.1090317331164,4.12303664921466,1465,1523,63,0,1460,1518,98892,5,0,0,5,5
2020-09-05,US,New York,Queens,70549,7234,0,40.71088124,-73.81684712,36081.0,3130.1439576051366,10.25386610724461,63315,70496,7231,0,63265,70413,2278906,53,3,0,50,83
2020-09-05,US,New York,Rensselaer,858,40,0,42.71348136,-73.51089874,36083.0,540.5950325743161,4.662004662004662,818,854,40,0,814,848,159442,4,0,0,4,6
2020-09-05,US,New York,Richmond,15393,1085,0,40.58582155,-74.14808598,36085.0,3232.852315375843,7.048658481127785,14308,15369,1085,0,14284,15350,476179,24,0,0,24,19
2020-09-05,US,New York,Rockland,14382,674,0,41.15027894,-74.02560498,36087.0,4414.513688307463,4.686413572521206,13708,14358,674,0,13684,14334,325695,24,0,0,24,24
2020-09-05,US,New York,Saratoga,877,17,0,43.10904162,-73.86653895,36091.0,381.53160795778354,1.9384264538198404,860,868,17,0,851,863,230163,9,0,0,9,5
2020-09-05,US,New York,Schenectady,1299,45,0,42.81668777,-74.05278291,36093.0,836.4509752155519,3.4642032332563515,1254,1298,45,0,1253,1290,155350,1,0,0,1,8
2020-09-05,US,New York,Schoharie,72,0,0,42.58831742,-74.44339029999998,36095.0,232.2655569534501,0.0,72,71,0,0,71,70,31097,1,0,0,1,1
2020-09-05,US,New York,Schuyler,27,0,0,42.39184015,-76.8773299,36097.0,151.6257651485371,0.0,27,27,0,0,27,27,17912,0,0,0,0,0
2020-09-05,US,New York,Seneca,102,3,0,42.78081007,-76.82497064,36099.0,299.85888993414864,2.9411764705882355,99,102,3,0,99,101,34300,0,0,0,0,1
2020-09-05,US,New York,St. Lawrence,293,4,0,44.4976179,-75.06550039,36089.0,271.95099313161313,1.3651877133105803,289,291,4,0,287,287,108047,2,0,0,2,4
2020-09-05,US,New York,Steuben,319,42,0,42.2689144,-77.3829924,36101.0,334.45517357070213,13.16614420062696,277,319,42,0,277,316,95796,0,0,0,0,3
2020-09-05,US,New York,Suffolk,45200,2005,0,40.88320119,-72.8012172,36103.0,3061.084206227681,4.435840707964601,43195,45102,2005,0,43097,45006,1481093,98,0,0,98,96
2020-09-05,US,New York,Sullivan,1543,48,0,41.71579493,-74.76394559,36105.0,2045.5509598048573,3.110823071937784,1495,1540,48,0,1492,1537,75498,3,0,0,3,3
2020-09-05,US,New York,Tioga,211,25,0,42.16852837,-76.30835812,36107.0,437.7320913636081,11.848341232227488,186,211,25,0,186,210,48560,0,0,0,0,1
2020-09-05,US,New York,Tompkins,321,0,0,42.44945765,-76.47229843,36109.0,314.15149735760417,0.0,321,308,0,0,308,303,102793,13,0,0,13,5
2020-09-05,US,New York,Ulster,2199,94,0,41.89027881,-74.26252104,36111.0,1238.3639404639218,4.274670304683947,2105,2196,94,0,2102,2190,178599,3,0,0,3,6
2020-09-05,US,New York,Unassigned,0,19,0,0.0,0.0,90036.0,0.0,0.0,-19,0,21,0,-21,0,,0,-2,0,2,0
2020-09-05,US,New York,Warren,325,33,0,43.56173026,-73.8433699,36113.0,508.257225071938,10.153846153846152,292,324,33,0,291,323,64265,1,0,0,1,1
2020-09-05,US,New York,Washington,269,14,0,43.31153794,-73.43043448,36115.0,439.5137572707665,5.204460966542751,255,269,14,0,255,268,61197,0,0,0,0,1
2020-09-05,US,New York,Wayne,288,5,0,43.15494365,-77.02976528,36117.0,320.29182143730947,1.7361111111111112,283,288,5,0,283,283,90064,0,0,0,0,5
2020-09-05,US,New York,Westchester,37205,1452,0,41.16278376,-73.75741653,36119.0,3845.454188397797,3.9027012498320115,35753,37152,1452,0,35700,37106,967612,53,0,0,53,46
2020-09-05,US,New York,Wyoming,126,5,0,42.70145109,-78.22199579,36121.0,316.1143029177852,3.968253968253968,121,126,5,0,121,126,40085,0,0,0,0,0
2020-09-05,US,New York,Yates,62,7,0,42.63505484,-77.10369919,36123.0,248.8660538674588,11.290322580645164,55,62,7,0,55,62,24841,0,0,0,0,0
2020-09-05,US,North Carolina,Alamance,3379,46,0,36.0434701,-79.39976137,37001.0,1993.4044799981125,1.3613495116898493,3333,3334,46,0,3288,3294,166436,45,0,0,45,40
2020-09-05,US,North Carolina,Alexander,433,3,0,35.922379600000006,-81.17751948,37003.0,1154.7590473904581,0.6928406466512702,430,433,3,0,430,427,37353,0,0,0,0,6
2020-09-05,US,North Carolina,Alleghany,207,0,0,36.49360862,-81.12857041,37005.0,1858.6693005297657,0.0,207,206,0,0,206,205,11161,1,0,0,1,1
2020-09-05,US,North Carolina,Anson,468,3,0,34.97403241,-80.09953279,37007.0,1914.4236275873354,0.6410256410256411,465,461,3,0,458,458,24877,7,0,0,7,3
2020-09-05,US,North Carolina,Ashe,222,1,0,36.43296207,-81.49862729,37009.0,816.0864610520897,0.4504504504504505,221,218,1,0,217,210,27109,4,0,0,4,8
2020-09-05,US,North Carolina,Avery,220,0,0,36.07569796,-81.92308483,37011.0,1253.0614569687305,0.0,220,152,0,0,152,150,17505,68,0,0,68,2
2020-09-05,US,North Carolina,Beaufort,648,10,0,35.48531943,-76.84325809,37013.0,1378.8994339702938,1.5432098765432098,638,633,10,0,623,608,47079,15,0,0,15,25
2020-09-05,US,North Carolina,Bertie,468,6,0,36.0688473,-76.96545943,37015.0,2470.048028711669,1.2820512820512822,462,463,6,0,457,457,19026,5,0,0,5,6
2020-09-05,US,North Carolina,Bladen,762,10,0,34.61296243,-78.56180059,37017.0,2328.7085141495018,1.3123359580052494,752,748,10,0,738,738,33190,14,0,0,14,10
2020-09-05,US,North Carolina,Brunswick,1424,24,0,34.070565,-78.22814204,37019.0,997.0592354012044,1.6853932584269662,1400,1420,24,0,1396,1410,136744,4,0,0,4,10
2020-09-05,US,North Carolina,Buncombe,2606,72,0,35.61113393,-82.53305,37021.0,997.7372880382557,2.7628549501151194,2534,2581,72,0,2509,2565,259103,25,0,0,25,16
2020-09-05,US,North Carolina,Burke,1897,31,0,35.74989637,-81.70755735,37023.0,2096.4800795711994,1.6341591987348445,1866,1891,30,0,1861,1874,90382,6,1,0,5,17
2020-09-05,US,North Carolina,Cabarrus,3391,55,0,35.3877799,-80.55267168,37025.0,1566.6218532429673,1.6219404305514598,3336,3371,55,0,3316,3308,211342,20,0,0,20,63
2020-09-05,US,North Carolina,Caldwell,1470,17,0,35.95204977,-81.54799522,37027.0,1788.7999221202756,1.1564625850340136,1453,1457,17,0,1440,1453,82029,13,0,0,13,4
2020-09-05,US,North Carolina,Camden,101,3,0,36.33804939,-76.15568396,37029.0,929.4193429649396,2.9702970297029703,98,102,3,0,99,100,10710,-1,0,0,-1,2
2020-09-05,US,North Carolina,Carteret,540,5,0,34.8932941,-76.54120135,37031.0,777.2803823067952,0.925925925925926,535,534,5,0,529,526,69524,6,0,0,6,8
2020-09-05,US,North Carolina,Caswell,258,3,0,36.39312665,-79.33353281,37033.0,1141.390904264732,1.162790697674419,255,255,3,0,252,249,22698,3,0,0,3,6
2020-09-05,US,North Carolina,Catawba,2701,47,0,35.66211129,-81.2132617,37035.0,1692.875632242982,1.740096260644206,2654,2689,47,0,2642,2658,158652,12,0,0,12,31
2020-09-05,US,North Carolina,Chatham,1534,56,0,35.70394416,-79.25541492,37037.0,2059.889888545723,3.650586701434159,1478,1522,56,0,1466,1514,73139,12,0,0,12,8
2020-09-05,US,North Carolina,Cherokee,481,6,0,35.1349263,-84.05970864,37039.0,1681.11281979589,1.2474012474012477,475,475,6,0,469,466,28383,6,0,0,6,9
2020-09-05,US,North Carolina,Chowan,245,2,0,36.12908077,-76.60118385,37041.0,1757.1541275191848,0.8163265306122449,243,237,2,0,235,231,14029,8,0,0,8,6
2020-09-05,US,North Carolina,Clay,95,1,0,35.05704275,-83.74353633,37043.0,845.8730300062327,1.0526315789473684,94,94,1,0,93,90,11139,1,0,0,1,4
2020-09-05,US,North Carolina,Cleveland,1671,46,0,35.33553364,-81.55204486,37045.0,1706.0246868204233,2.7528426092160383,1625,1655,45,0,1610,1636,97645,16,1,0,15,19
2020-09-05,US,North Carolina,Columbus,1177,52,0,34.26744084,-78.65801424,37047.0,2120.4150753044605,4.4180118946474085,1125,1163,52,0,1111,1158,55655,14,0,0,14,5
2020-09-05,US,North Carolina,Craven,1045,26,0,35.11833364,-77.08398081,37049.0,1023.1155582098904,2.4880382775119623,1019,1027,26,0,1001,1013,102912,18,0,0,18,14
2020-09-05,US,North Carolina,Cumberland,4386,69,0,35.04762133,-78.82623165,37051.0,1307.2674652542853,1.5731874145006841,4317,4326,67,0,4259,4238,332330,60,2,0,58,88
2020-09-05,US,North Carolina,Currituck,119,0,0,36.36123664,-75.95876401,37053.0,428.62803011201964,0.0,119,116,0,0,116,113,27072,3,0,0,3,3
2020-09-05,US,North Carolina,Dare,246,2,0,35.66520691,-75.71767334,37055.0,664.7031803074927,0.8130081300813008,244,245,2,0,243,245,36501,1,0,0,1,0
2020-09-05,US,North Carolina,Davidson,2277,32,0,35.79115496,-80.21256572,37057.0,1358.5189339474612,1.4053579270970575,2245,2259,32,0,2227,2236,166614,18,0,0,18,23
2020-09-05,US,North Carolina,Davie,497,6,0,35.93099927,-80.54496571,37059.0,1159.9682584138545,1.2072434607645874,491,496,6,0,490,493,42733,1,0,0,1,3
2020-09-05,US,North Carolina,Duplin,2092,52,0,34.93449805,-77.93140529,37061.0,3561.3966394851977,2.48565965583174,2040,2089,52,0,2037,2086,58856,3,0,0,3,3
2020-09-05,US,North Carolina,Durham,7101,85,0,36.03638492,-78.87608331,37063.0,2208.791618971781,1.197014504999296,7016,7051,84,0,6967,7017,316739,50,1,0,49,34
2020-09-05,US,North Carolina,Edgecombe,1062,22,0,35.91230639,-77.59436892,37065.0,2063.257693503264,2.071563088512241,1040,1046,22,0,1024,1023,52005,16,0,0,16,23
2020-09-05,US,North Carolina,Forsyth,6374,82,0,36.12859861,-80.25459052,37067.0,1667.2988137433133,1.2864763100094132,6292,6335,82,0,6253,6287,379099,39,0,0,39,48
2020-09-05,US,North Carolina,Franklin,1105,30,0,36.081519,-78.28708884,37069.0,1585.707110568989,2.7149321266968327,1075,1097,29,0,1068,1084,67560,8,1,0,7,13
2020-09-05,US,North Carolina,Gaston,4283,66,0,35.29373559,-81.17477045,37071.0,1907.5486908149949,1.5409759514359094,4217,4247,66,0,4181,4208,222846,36,0,0,36,39
2020-09-05,US,North Carolina,Gates,95,3,0,36.44667547,-76.69749701,37073.0,821.6571527417402,3.1578947368421053,92,96,3,0,93,94,11573,-1,0,0,-1,2
2020-09-05,US,North Carolina,Graham,77,0,0,35.3506925,-83.83369267,37075.0,912.2141926312047,0.0,77,75,0,0,75,69,8484,2,0,0,2,6
2020-09-05,US,North Carolina,Granville,1585,47,0,36.30337451,-78.65184241,37077.0,2622.305312443128,2.965299684542587,1538,1579,46,0,1533,1558,60115,6,1,0,5,21
2020-09-05,US,North Carolina,Greene,449,5,0,35.48544173,-77.67578087,37079.0,2131.0930751340834,1.11358574610245,444,442,4,0,438,431,21012,7,1,0,6,11
2020-09-05,US,North Carolina,Guilford,7241,171,0,36.07959451,-79.78824948,37081.0,1347.9803564580566,2.361552271785665,7070,7170,171,0,6999,7076,533670,71,0,0,71,94
2020-09-05,US,North Carolina,Halifax,899,13,0,36.25669272,-77.6556109,37083.0,1797.6404719056188,1.4460511679644048,886,885,13,0,872,878,50574,14,0,0,14,7
2020-09-05,US,North Carolina,Harnett,1748,46,0,35.36731853,-78.87243571,37085.0,1285.5209742895806,2.631578947368421,1702,1736,46,0,1690,1705,134214,12,0,0,12,31
2020-09-05,US,North Carolina,Haywood,525,31,0,35.55269063,-82.98196486,37087.0,842.4667426223982,5.904761904761906,494,521,28,0,493,518,61971,4,3,0,1,3
2020-09-05,US,North Carolina,Henderson,1742,60,0,35.33788927,-82.4766782,37089.0,1483.6011821116192,3.444316877152698,1682,1731,60,0,1671,1717,116748,11,0,0,11,14
2020-09-05,US,North Carolina,Hertford,581,18,0,36.3607755,-76.98104134,37091.0,2453.858174599822,3.0981067125645443,563,578,18,0,560,572,23659,3,0,0,3,6
2020-09-05,US,North Carolina,Hoke,906,13,0,35.01888303,-79.23651674,37093.0,1640.2940217981675,1.4348785871964682,893,897,13,0,884,887,54764,9,0,0,9,10
2020-09-05,US,North Carolina,Hyde,108,3,0,35.42017674,-76.15180542,37095.0,2187.563297549119,2.7777777777777777,105,106,3,0,103,104,5230,2,0,0,2,2
2020-09-05,US,North Carolina,Iredell,2450,24,0,35.80950511,-80.8743128,37097.0,1347.5902885493324,0.979591836734694,2426,2436,24,0,2412,2423,178435,14,0,0,14,13
2020-09-05,US,North Carolina,Jackson,506,7,0,35.28814273,-83.14093385,37099.0,1151.622741135236,1.383399209486166,499,502,7,0,495,496,43327,4,0,0,4,6
2020-09-05,US,North Carolina,Johnston,3967,52,0,35.51745004,-78.36622717,37101.0,1895.0123961612505,1.3108142172926645,3915,3947,52,0,3895,3907,202675,20,0,0,20,40
2020-09-05,US,North Carolina,Jones,140,7,0,35.02254606,-77.35870791,37103.0,1486.3573627773649,5.0,133,140,7,0,133,138,9637,0,0,0,0,2
2020-09-05,US,North Carolina,Lee,1479,13,0,35.47623147,-79.17569362,37105.0,2394.0173845481468,0.8789722785665991,1466,1472,13,0,1459,1455,61452,7,0,0,7,17
2020-09-05,US,North Carolina,Lenoir,845,19,0,35.24032589999999,-77.64245615,37107.0,1510.3040268816244,2.2485207100591715,826,832,18,0,814,824,55976,13,1,0,12,8
2020-09-05,US,North Carolina,Lincoln,1191,13,0,35.48508185,-81.21740317,37109.0,1383.09855883685,1.09151973131822,1178,1179,13,0,1166,1157,83770,12,0,0,12,22
2020-09-05,US,North Carolina,Macon,549,2,0,35.14867843,-83.41696617,37113.0,1531.039098666964,0.3642987249544625,547,548,2,0,546,548,35285,1,0,0,1,0
2020-09-05,US,North Carolina,Madison,74,1,0,35.85402722,-82.71346418,37115.0,340.15168926683515,1.351351351351351,73,73,1,0,72,71,21763,1,0,0,1,2
2020-09-05,US,North Carolina,Martin,369,7,0,35.84326734,-77.10860251,37117.0,1644.3850267379682,1.897018970189702,362,368,7,0,361,360,22671,1,0,0,1,8
2020-09-05,US,North Carolina,McDowell,820,24,0,35.67736232,-82.0482425,37111.0,1792.1146953405014,2.9268292682926833,796,815,24,0,791,808,45507,5,0,0,5,7
2020-09-05,US,North Carolina,Mecklenburg,26128,309,0,35.24469268,-80.8317671,37119.0,2353.1191797945885,1.182639314145744,25819,26021,306,0,25715,25856,1093901,107,3,0,104,165
2020-09-05,US,North Carolina,Mitchell,93,3,0,36.01059309,-82.1582442,37121.0,621.4915797914996,3.2258064516129035,90,93,3,0,90,93,15000,0,0,0,0,0
2020-09-05,US,North Carolina,Montgomery,930,18,0,35.33155144,-79.90416657,37123.0,3422.514996503883,1.935483870967742,912,923,18,0,905,895,27271,7,0,0,7,28
2020-09-05,US,North Carolina,Moore,1364,22,0,35.30885257,-79.48474178,37125.0,1352.101506740682,1.6129032258064515,1342,1350,22,0,1328,1331,98682,14,0,0,14,19
2020-09-05,US,North Carolina,Nash,1807,27,0,35.96575634,-77.98422508,37127.0,1916.265456319328,1.4941892639734369,1780,1775,27,0,1748,1752,94016,32,0,0,32,23
2020-09-05,US,North Carolina,New Hanover,3317,24,0,34.25758282,-77.87075626,37129.0,1414.6618160726396,0.7235453723243895,3293,3281,23,0,3258,3214,232274,36,1,0,35,67
2020-09-05,US,North Carolina,Northampton,348,17,0,36.41736238,-77.39769443,37131.0,1786.1725606939385,4.885057471264369,331,346,17,0,329,346,19676,2,0,0,2,0
2020-09-05,US,North Carolina,Onslow,1608,17,0,34.72607366,-77.42908179,37133.0,812.3755923572028,1.0572139303482586,1591,1576,16,0,1560,1527,197683,32,1,0,31,49
2020-09-05,US,North Carolina,Orange,2399,51,0,36.06092947,-79.12167935,37135.0,1615.7493466957626,2.12588578574406,2348,2371,50,0,2321,2344,146027,28,1,0,27,27
2020-09-05,US,North Carolina,Pamlico,203,2,0,35.15253315,-76.66559823,37137.0,1595.1595159515953,0.9852216748768472,201,175,2,0,173,171,12670,28,0,0,28,4
2020-09-05,US,North Carolina,Pasquotank,593,26,0,36.26723798,-76.25134778,37139.0,1489.0518280433912,4.3844856661045535,567,587,25,0,562,580,39639,6,1,0,5,7
2020-09-05,US,North Carolina,Pender,792,4,0,34.52265624,-77.90352133,37141.0,1255.9467174119886,0.5050505050505051,788,793,4,0,789,786,62162,-1,0,0,-1,7
2020-09-05,US,North Carolina,Perquimans,148,2,0,36.17847453,-76.40603143,37143.0,1099.309217856347,1.351351351351351,146,145,2,0,143,144,13422,3,0,0,3,1
2020-09-05,US,North Carolina,Person,354,6,0,36.38989032,-78.97217358,37145.0,896.4294758166625,1.6949152542372878,348,347,6,0,341,343,39507,7,0,0,7,4
2020-09-05,US,North Carolina,Pitt,3953,19,0,35.59535426,-77.37353178,37147.0,2187.095417777827,0.4806476094105743,3934,3857,19,0,3838,3761,179914,96,0,0,96,96
2020-09-05,US,North Carolina,Polk,235,7,0,35.27820615,-82.16812354,37149.0,1133.9509747153058,2.9787234042553186,228,235,7,0,228,234,20611,0,0,0,0,1
2020-09-05,US,North Carolina,Randolph,2486,45,0,35.71015088,-79.80570339,37151.0,1730.3904167275714,1.8101367658889784,2441,2474,44,0,2430,2453,143351,12,1,0,11,21
2020-09-05,US,North Carolina,Richmond,711,11,0,35.00417719,-79.74491009,37153.0,1586.026902228468,1.5471167369901546,700,697,11,0,686,685,44887,14,0,0,14,12
2020-09-05,US,North Carolina,Robeson,3808,63,0,34.64244496,-79.10250529999998,37155.0,2915.2153110047852,1.6544117647058822,3745,3756,61,0,3695,3674,131831,52,2,0,50,82
2020-09-05,US,North Carolina,Rockingham,968,8,0,36.39593137,-79.77504841,37157.0,1063.619382485441,0.8264462809917356,960,950,8,0,942,886,90690,18,0,0,18,64
2020-09-05,US,North Carolina,Rowan,2911,77,0,35.64003916,-80.52446628,37159.0,2048.730364281291,2.6451391274476124,2834,2899,76,0,2823,2867,141262,12,1,0,11,32
2020-09-05,US,North Carolina,Rutherford,1008,20,0,35.40114178,-81.92112099,37161.0,1503.8267018753077,1.984126984126984,988,955,20,0,935,943,66826,53,0,0,53,12
2020-09-05,US,North Carolina,Sampson,1659,21,0,34.98820368,-78.36914061,37163.0,2611.3236057987438,1.2658227848101269,1638,1654,21,0,1633,1633,63626,5,0,0,5,21
2020-09-05,US,North Carolina,Scotland,734,8,0,34.8386299,-79.4757978,37165.0,2107.802314562214,1.0899182561307903,726,730,8,0,722,697,34810,4,0,0,4,33
2020-09-05,US,North Carolina,Stanly,1612,53,0,35.31647813,-80.25093221,37167.0,2566.633761105627,3.2878411910669976,1559,1609,31,0,1578,1556,62075,3,22,0,-19,53
2020-09-05,US,North Carolina,Stokes,355,3,0,36.4017975,-80.23893369,37169.0,778.6624553091617,0.8450704225352113,352,347,3,0,344,342,45467,8,0,0,8,5
2020-09-05,US,North Carolina,Surry,1204,19,0,36.41689489,-80.69102283,37171.0,1677.2773497903406,1.5780730897009967,1185,1195,19,0,1176,1187,71948,9,0,0,9,8
2020-09-05,US,North Carolina,Swain,135,3,0,35.48665845,-83.48748932,37173.0,945.9743535841916,2.2222222222222223,132,135,3,0,132,134,14245,0,0,0,0,1
2020-09-05,US,North Carolina,Transylvania,267,5,0,35.20383864,-82.79638423,37175.0,776.5013814163153,1.8726591760299625,262,262,5,0,257,260,34215,5,0,0,5,2
2020-09-05,US,North Carolina,Tyrrell,108,2,0,35.87147226,-76.17055253,37177.0,2689.2430278884462,1.851851851851852,106,108,2,0,106,108,4131,0,0,0,0,0
2020-09-05,US,North Carolina,Union,4126,52,0,34.98960527,-80.52955873,37179.0,1720.1772708132694,1.2603005332040718,4074,4108,52,0,4056,4068,235908,18,0,0,18,40
2020-09-05,US,North Carolina,Vance,942,42,0,36.36880673,-78.40670845,37181.0,2115.1902997642305,4.4585987261146505,900,932,42,0,890,922,44582,10,0,0,10,10
2020-09-05,US,North Carolina,Wake,15655,210,0,35.78879266,-78.65249174,37183.0,1408.126386876316,1.3414244650271478,15445,15555,209,0,15346,15391,1092305,100,1,0,99,164
2020-09-05,US,North Carolina,Warren,296,7,0,36.39728256,-78.10652228,37185.0,1500.1773858395416,2.3648648648648654,289,294,7,0,287,291,19807,2,0,0,2,3
2020-09-05,US,North Carolina,Washington,186,6,0,35.83810081,-76.57299037,37187.0,1606.217616580311,3.2258064516129035,180,184,6,0,178,181,11859,2,0,0,2,3
2020-09-05,US,North Carolina,Watauga,484,0,0,36.23103603,-81.70033724,37189.0,861.5625611905227,0.0,484,474,0,0,474,471,55945,10,0,0,10,3
2020-09-05,US,North Carolina,Wayne,2902,57,0,35.36438125,-78.00027268,37191.0,2356.839463660654,1.964162646450724,2845,2883,56,0,2827,2859,123248,19,1,0,18,24
2020-09-05,US,North Carolina,Wilkes,1073,26,0,36.2084135,-81.16232895,37193.0,1568.4382856808747,2.423112767940354,1047,1066,25,0,1041,1061,68557,7,1,0,6,5
2020-09-05,US,North Carolina,Wilson,1819,40,0,35.70625477,-77.917978,37195.0,2223.6891969535823,2.1990104452996158,1779,1800,38,0,1762,1779,81455,19,2,0,17,21
2020-09-05,US,North Carolina,Yadkin,659,7,0,36.16222629,-80.66239436,37197.0,1749.5420394509783,1.0622154779969648,652,654,7,0,647,653,37543,5,0,0,5,1
2020-09-05,US,North Carolina,Yancey,104,0,0,35.90079156,-82.31237181,37199.0,575.5714206652277,0.0,104,101,0,0,101,99,17903,3,0,0,3,2
2020-09-05,US,North Dakota,Adams,7,0,0,46.09686891,-102.5285397,38001.0,315.88447653429597,0.0,7,6,0,0,6,5,2294,1,0,0,1,1
2020-09-05,US,North Dakota,Barnes,140,0,0,46.93579637,-98.06605978,38003.0,1344.215074411906,0.0,140,125,0,0,125,124,10542,15,0,0,15,1
2020-09-05,US,North Dakota,Benson,249,4,0,48.0683985,-99.35916363,38005.0,3644.613583138173,1.606425702811245,245,242,4,0,238,242,6962,7,0,0,7,0
2020-09-05,US,North Dakota,Billings,5,0,0,47.02366884,-103.3762965,38007.0,538.7931034482758,0.0,5,4,0,0,4,5,919,1,0,0,1,-1
2020-09-05,US,North Dakota,Bottineau,30,0,0,48.79106111,-100.8378166,38009.0,477.5549188156638,0.0,30,29,0,0,29,29,6411,1,0,0,1,0
2020-09-05,US,North Dakota,Bowman,20,0,0,46.11285362,-103.5203343,38011.0,661.3756613756614,0.0,20,19,0,0,19,16,3076,1,0,0,1,3
2020-09-05,US,North Dakota,Burke,25,1,0,48.79094471,-102.51821170000001,38013.0,1182.033096926714,4.0,24,24,1,0,23,24,2100,1,0,0,1,0
2020-09-05,US,North Dakota,Burleigh,2212,20,0,46.97847375,-100.46452140000001,38015.0,2313.178424277916,0.9041591320072332,2192,2157,19,0,2138,2118,95273,55,1,0,54,39
2020-09-05,US,North Dakota,Cass,3813,76,0,46.93201724,-97.24447190000001,38017.0,2095.9416896159364,1.9931812221348018,3737,3740,76,0,3664,3661,181516,73,0,0,73,79
2020-09-05,US,North Dakota,Cavalier,34,0,0,48.77286211,-98.46685243,38019.0,903.7745879851144,0.0,34,34,0,0,34,34,3829,0,0,0,0,0
2020-09-05,US,North Dakota,Dickey,29,0,0,46.11017712,-98.50490079999999,38021.0,595.2380952380953,0.0,29,28,0,0,28,28,4903,1,0,0,1,0
2020-09-05,US,North Dakota,Divide,5,0,0,48.814938700000006,-103.48736109999999,38023.0,220.84805653710248,0.0,5,5,0,0,5,5,2283,0,0,0,0,0
2020-09-05,US,North Dakota,Dunn,52,0,0,47.35423935,-102.61604679999999,38025.0,1175.4068716094032,0.0,52,52,0,0,52,51,4332,0,0,0,0,1
2020-09-05,US,North Dakota,Eddy,50,0,0,47.71701474,-98.90432337,38027.0,2186.2702229995625,0.0,50,46,0,0,46,41,2313,4,0,0,4,5
2020-09-05,US,North Dakota,Emmons,32,1,0,46.28398398,-100.2389766,38029.0,987.3495834618943,3.125,31,27,1,0,26,27,3295,5,0,0,5,0
2020-09-05,US,North Dakota,Foster,42,0,0,47.457108399999996,-98.88279923,38031.0,1308.411214953271,0.0,42,41,0,0,41,39,3216,1,0,0,1,2
2020-09-05,US,North Dakota,Golden Valley,38,0,0,46.94022281,-103.8465421,38033.0,2157.8648495173197,0.0,38,37,0,0,37,35,1769,1,0,0,1,2
2020-09-05,US,North Dakota,Grand Forks,1729,12,0,47.92093639,-97.45450447,38035.0,2489.524988841053,0.6940427993059572,1717,1679,11,0,1668,1611,70770,50,1,0,49,68
2020-09-05,US,North Dakota,Grant,9,0,0,46.35821257,-101.63900129999999,38037.0,395.77836411609496,0.0,9,9,0,0,9,9,2374,0,0,0,0,0
2020-09-05,US,North Dakota,Griggs,39,1,0,47.45785838,-98.23850925,38039.0,1748.0950246526224,2.5641025641025643,38,38,1,0,37,38,2232,1,0,0,1,0
2020-09-05,US,North Dakota,Hettinger,30,0,0,46.43375068,-102.4632417,38041.0,1200.4801920768307,0.0,30,30,0,0,30,28,2514,0,0,0,0,2
2020-09-05,US,North Dakota,Kidder,37,0,0,46.97830064,-99.77507857,38043.0,1491.9354838709678,0.0,37,37,0,0,37,37,2450,0,0,0,0,0
2020-09-05,US,North Dakota,LaMoure,24,0,0,46.45681054,-98.53542355,38045.0,593.1784478497283,0.0,24,23,0,0,23,21,4062,1,0,0,1,2
2020-09-05,US,North Dakota,Logan,13,0,0,46.45729487,-99.47719806,38047.0,702.7027027027028,0.0,13,12,0,0,12,12,1903,1,0,0,1,0
2020-09-05,US,North Dakota,McHenry,45,1,0,48.23104458,-100.6324822,38049.0,783.289817232376,2.2222222222222223,44,44,1,0,43,44,5816,1,0,0,1,0
2020-09-05,US,North Dakota,McIntosh,44,3,0,46.11182017,-99.44145858,38051.0,1762.1145374449338,6.8181818181818175,41,44,3,0,41,44,2585,0,0,0,0,0
2020-09-05,US,North Dakota,McKenzie,135,2,0,47.74133370000001,-103.395905,38053.0,898.5623003194887,1.4814814814814814,133,130,2,0,128,126,13632,5,0,0,5,4
2020-09-05,US,North Dakota,McLean,174,2,0,47.60766714,-101.3182418,38055.0,1841.2698412698408,1.1494252873563218,172,174,1,0,173,171,9541,0,1,0,-1,3
2020-09-05,US,North Dakota,Mercer,46,0,0,47.31213126,-101.8318399,38057.0,561.8663735189936,0.0,46,45,0,0,45,44,8267,1,0,0,1,1
2020-09-05,US,North Dakota,Morton,746,7,0,46.71681782,-101.2822377,38059.0,2378.523147557709,0.9383378016085792,739,729,7,0,722,701,31095,17,0,0,17,28
2020-09-05,US,North Dakota,Mountrail,181,1,0,48.20197971,-102.3555315,38061.0,1716.4532954006638,0.5524861878453039,180,179,1,0,178,174,10218,2,0,0,2,5
2020-09-05,US,North Dakota,Nelson,34,0,0,47.9226426,-98.19038437,38063.0,1180.9656130600904,0.0,34,32,0,0,32,32,2869,2,0,0,2,0
2020-09-05,US,North Dakota,Oliver,10,0,0,47.11530482,-101.3406158,38065.0,510.46452271567125,0.0,10,10,0,0,10,10,1952,0,0,0,0,0
2020-09-05,US,North Dakota,Pembina,39,0,0,48.76623521,-97.5523809,38067.0,573.4450816056462,0.0,39,39,0,0,39,37,6947,0,0,0,0,2
2020-09-05,US,North Dakota,Pierce,28,0,0,48.24977025,-99.96407787,38069.0,704.4025157232704,0.0,28,28,0,0,28,27,4081,0,0,0,0,1
2020-09-05,US,North Dakota,Ramsey,150,2,0,48.26886249,-98.72223879,38071.0,1302.1963712127788,1.3333333333333333,148,138,2,0,136,134,11481,12,0,0,12,4
2020-09-05,US,North Dakota,Ransom,46,0,0,46.45621782,-97.65742504,38073.0,881.5638175546187,0.0,46,44,0,0,44,45,5237,2,0,0,2,-1
2020-09-05,US,North Dakota,Renville,11,0,0,48.71982533,-101.6603912,38075.0,472.71164589600335,0.0,11,11,0,0,11,11,2374,0,0,0,0,0
2020-09-05,US,North Dakota,Richland,149,1,0,46.26440649,-96.94852979,38077.0,921.0607652840453,0.6711409395973155,148,144,1,0,143,142,16239,5,0,0,5,2
2020-09-05,US,North Dakota,Rolette,129,3,0,48.77245354,-99.84097493,38079.0,909.9887133182843,2.3255813953488373,126,128,2,0,126,127,14301,1,1,0,0,1
2020-09-05,US,North Dakota,Sargent,19,0,0,46.10830372,-97.63217159,38081.0,487.42945100051315,0.0,19,18,0,0,18,18,3870,1,0,0,1,0
2020-09-05,US,North Dakota,Sheridan,9,0,0,47.57700669,-100.3426391,38083.0,684.4106463878327,0.0,9,9,0,0,9,9,1349,0,0,0,0,0
2020-09-05,US,North Dakota,Sioux,126,2,0,46.11323337,-101.04401490000001,38085.0,2978.723404255319,1.5873015873015872,124,125,2,0,123,123,4358,1,0,0,1,2
2020-09-05,US,North Dakota,Slope,7,0,0,46.44737738,-103.4601547,38087.0,933.3333333333336,0.0,7,7,0,0,7,7,763,0,0,0,0,0
2020-09-05,US,North Dakota,Stark,880,6,0,46.80851182,-102.65763259999999,38089.0,2794.6266950363624,0.6818181818181818,874,862,6,0,856,819,30997,18,0,0,18,43
2020-09-05,US,North Dakota,Steele,25,0,0,47.45611548,-97.72728747,38091.0,1322.7513227513227,0.0,25,23,0,0,23,21,1903,2,0,0,2,2
2020-09-05,US,North Dakota,Stutsman,286,3,0,46.97962541,-98.95637318,38093.0,1381.3755795981454,1.048951048951049,283,268,3,0,265,251,20917,18,0,0,18,17
2020-09-05,US,North Dakota,Towner,10,0,0,48.68565745,-99.24564265,38095.0,456.82960255824577,0.0,10,10,0,0,10,10,2192,0,0,0,0,0
2020-09-05,US,North Dakota,Traill,77,0,0,47.45367788,-97.16323288,38097.0,958.1881533101047,0.0,77,75,0,0,75,74,8037,2,0,0,2,1
2020-09-05,US,North Dakota,Walsh,152,1,0,48.36876964,-97.72574783,38099.0,1428.437176957053,0.6578947368421053,151,148,1,0,147,148,10667,4,0,0,4,0
2020-09-05,US,North Dakota,Ward,568,2,0,48.22390169,-101.54367629999999,38101.0,839.7273842787657,0.35211267605633795,566,543,1,0,542,530,67744,25,1,0,24,13
2020-09-05,US,North Dakota,Wells,29,0,0,47.58614526,-99.65904998,38103.0,756.3901930099112,0.0,29,28,0,0,28,28,3957,1,0,0,1,0
2020-09-05,US,North Dakota,Williams,515,4,0,48.34522353,-103.4793387,38105.0,1370.0816728298173,0.7766990291262136,511,494,4,0,490,482,35350,21,0,0,21,12
2020-09-05,US,Ohio,Adams,95,4,0,38.84541072,-83.4718964,39001.0,342.985053072424,4.2105263157894735,91,95,4,0,91,95,27724,0,0,0,0,0
2020-09-05,US,Ohio,Allen,1206,61,0,40.77285242,-84.10802343,39003.0,1178.2982091039655,5.05804311774461,1145,1195,61,0,1134,1182,102663,11,0,0,11,13
2020-09-05,US,Ohio,Ashland,178,4,0,40.84772277,-82.27280781,39005.0,332.8098122803081,2.247191011235955,174,177,4,0,173,175,53745,1,0,0,1,2
2020-09-05,US,Ohio,Ashtabula,620,46,0,41.70860332,-80.74830218,39007.0,637.591139539906,7.419354838709677,574,619,46,0,573,616,97493,1,0,0,1,3
2020-09-05,US,Ohio,Athens,419,2,0,39.33425634,-82.04278644,39009.0,641.3887060480353,0.47732696897374705,417,408,2,0,406,404,65818,11,0,0,11,4
2020-09-05,US,Ohio,Auglaize,461,8,0,40.55998859,-84.22421429999999,39011.0,1009.7248992465393,1.735357917570499,453,451,8,0,443,441,45804,10,0,0,10,10
2020-09-05,US,Ohio,Belmont,691,27,0,40.01625942,-80.9924051,39013.0,1031.2509327522907,3.9073806078147615,664,691,27,0,664,687,67505,0,0,0,0,4
2020-09-05,US,Ohio,Brown,234,2,0,38.93416837,-83.86788395,39015.0,538.7732547430468,0.8547008547008547,232,231,2,0,229,227,43602,3,0,0,3,4
2020-09-05,US,Ohio,Butler,4702,80,0,39.44012838,-84.57388716,39017.0,1227.2468640214654,1.7014036580178646,4622,4621,80,0,4541,4477,382378,81,0,0,81,144
2020-09-05,US,Ohio,Carroll,132,6,0,40.578968599999996,-81.09178213,39019.0,490.4510663595156,4.545454545454546,126,128,6,0,122,126,27081,4,0,0,4,2
2020-09-05,US,Ohio,Champaign,257,3,0,40.13923427,-83.76875242,39021.0,660.9232351806609,1.1673151750972763,254,255,3,0,252,253,38754,2,0,0,2,2
2020-09-05,US,Ohio,Clark,1509,30,0,39.91592258,-83.78498252,39023.0,1125.422313044905,1.9880715705765408,1479,1488,29,0,1459,1467,134585,21,1,0,20,21
2020-09-05,US,Ohio,Clermont,1366,15,0,39.04847534,-84.15375786,39025.0,661.7319355901333,1.0980966325036603,1351,1349,15,0,1334,1337,205466,17,0,0,17,12
2020-09-05,US,Ohio,Clinton,257,11,0,39.41485808,-83.80852286,39027.0,612.3713305375525,4.280155642023346,246,257,11,0,246,255,42057,0,0,0,0,2
2020-09-05,US,Ohio,Columbiana,1866,68,0,40.76932373,-80.78094576,39029.0,1831.5126174140928,3.6441586280814575,1798,1865,68,0,1797,1849,102665,1,0,0,1,16
2020-09-05,US,Ohio,Coshocton,219,9,0,40.30096166,-81.91729018,39031.0,598.360655737705,4.109589041095891,210,217,9,0,208,217,36629,2,0,0,2,0
2020-09-05,US,Ohio,Crawford,203,5,0,40.85065156,-82.91989099,39033.0,489.2273581722658,2.4630541871921183,198,202,5,0,197,199,41550,1,0,0,1,3
2020-09-05,US,Ohio,Cuyahoga,16190,599,0,41.424119,-81.65918339,39035.0,1310.85475178775,3.6998147004323663,15591,16066,599,0,15467,15965,1243857,124,0,0,124,101
2020-09-05,US,Ohio,Darke,667,36,0,40.13412966,-84.6194517,39037.0,1304.9517735214133,5.397301349325337,631,658,36,0,622,645,51323,9,0,0,9,13
2020-09-05,US,Ohio,Defiance,227,7,0,41.32398837,-84.49076944,39039.0,596.0038858403129,3.0837004405286343,220,223,7,0,216,215,38165,4,0,0,4,8
2020-09-05,US,Ohio,Delaware,1771,20,0,40.27942393,-83.00457058,39041.0,846.6514004885814,1.129305477131564,1751,1748,20,0,1728,1725,204826,23,0,0,23,23
2020-09-05,US,Ohio,Erie,811,37,0,41.36796058,-82.62904521,39043.0,1092.0205746909758,4.562268803945746,774,799,37,0,762,783,74615,12,0,0,12,16
2020-09-05,US,Ohio,Fairfield,1802,42,0,39.75107189,-82.63088163,39045.0,1143.58967850026,2.3307436182019976,1760,1782,42,0,1740,1762,155782,20,0,0,20,20
2020-09-05,US,Ohio,Fayette,202,5,0,39.56021306,-83.4562016,39047.0,708.1507449605609,2.4752475247524752,197,201,5,0,196,198,28666,1,0,0,1,3
2020-09-05,US,Ohio,Franklin,22935,565,0,39.96995815,-83.01115755,39049.0,1741.7805576735552,2.4634837584477878,22370,22629,565,0,22064,22392,1310300,306,0,0,306,237
2020-09-05,US,Ohio,Fulton,197,1,0,41.60213491,-84.12571393,39051.0,467.6446849926412,0.5076142131979695,196,196,1,0,195,193,42276,1,0,0,1,3
2020-09-05,US,Ohio,Gallia,153,4,0,38.82708533,-82.31647569,39053.0,511.73991571342566,2.6143790849673203,149,152,4,0,148,152,29979,1,0,0,1,0
2020-09-05,US,Ohio,Geauga,660,46,0,41.49952319,-81.17935342,39055.0,704.7592606434665,6.96969696969697,614,642,46,0,596,634,94031,18,0,0,18,8
2020-09-05,US,Ohio,Greene,1084,20,0,39.69116283,-83.89032084,39057.0,641.6593167867311,1.845018450184502,1064,1063,20,0,1043,1035,167995,21,0,0,21,28
2020-09-05,US,Ohio,Guernsey,139,7,0,40.05026529,-81.49248905,39059.0,357.5562700964631,5.035971223021583,132,138,7,0,131,137,39022,1,0,0,1,1
2020-09-05,US,Ohio,Hamilton,11663,289,0,39.19673558,-84.54502924,39061.0,1426.7137874890054,2.4779216325130755,11374,11580,289,0,11291,11494,816684,83,0,0,83,86
2020-09-05,US,Ohio,Hancock,562,7,0,41.00250487,-83.66838948,39063.0,741.5911220194503,1.2455516014234875,555,556,8,0,548,549,75930,6,-1,0,7,7
2020-09-05,US,Ohio,Hardin,233,13,0,40.66015414,-83.65929931,39065.0,742.8662521919338,5.579399141630901,220,231,13,0,218,230,31480,2,0,0,2,1
2020-09-05,US,Ohio,Harrison,31,1,0,40.29380509,-81.09068544,39067.0,206.1170212765957,3.2258064516129035,30,31,1,0,30,31,15174,0,0,0,0,0
2020-09-05,US,Ohio,Henry,230,8,0,41.333964200000004,-84.06830637,39069.0,851.6625934977412,3.4782608695652173,222,226,3,0,223,221,27086,4,5,0,-1,5
2020-09-05,US,Ohio,Highland,197,3,0,39.1839264,-83.60331456,39071.0,456.4305738977317,1.5228426395939083,194,194,3,0,191,193,43058,3,0,0,3,1
2020-09-05,US,Ohio,Hocking,144,9,0,39.49537927,-82.47991446,39073.0,509.4820266062836,6.25,135,144,9,0,135,143,28385,0,0,0,0,1
2020-09-05,US,Ohio,Holmes,354,7,0,40.56163713,-81.92635677,39075.0,805.2775250227478,1.9774011299435028,347,353,7,0,346,351,43892,1,0,0,1,2
2020-09-05,US,Ohio,Huron,493,6,0,41.14651175,-82.59867951,39077.0,846.119520818316,1.2170385395537526,487,487,6,0,481,483,58504,6,0,0,6,4
2020-09-05,US,Ohio,Jackson,181,2,0,39.01914254,-82.61818559999998,39079.0,558.4179187363095,1.1049723756906078,179,180,1,0,179,178,32384,1,1,0,0,2
2020-09-05,US,Ohio,Jefferson,292,4,0,40.38614126,-80.76259514,39081.0,446.9957902793724,1.3698630136986298,288,292,4,0,288,288,65767,0,0,0,0,4
2020-09-05,US,Ohio,Knox,257,15,0,40.39830217,-82.42027563,39083.0,412.3744424119892,5.836575875486381,242,255,15,0,240,255,61893,2,0,0,2,0
2020-09-05,US,Ohio,Lake,1412,45,0,41.69710807,-81.23676539,39085.0,613.5155920729615,3.186968838526912,1367,1373,45,0,1328,1362,230514,39,0,0,39,11
2020-09-05,US,Ohio,Lawrence,477,14,0,38.59743452,-82.53466552,39087.0,802.1795065839261,2.9350104821802936,463,470,14,0,456,465,59866,7,0,0,7,5
2020-09-05,US,Ohio,Licking,1668,57,0,40.09136236,-82.48185785,39089.0,943.108186043356,3.41726618705036,1611,1654,57,0,1597,1639,175769,14,0,0,14,15
2020-09-05,US,Ohio,Logan,251,2,0,40.38996525,-83.76784341,39091.0,549.5708530390611,0.796812749003984,249,249,2,0,247,246,45358,2,0,0,2,3
2020-09-05,US,Ohio,Lorain,2163,83,0,41.29553751,-82.15083537,39093.0,698.1180184163727,3.837263060564032,2080,2140,83,0,2057,2130,309461,23,0,0,23,10
2020-09-05,US,Ohio,Lucas,6660,348,0,41.62101218,-83.65468618,39095.0,1554.8105745795474,5.225225225225224,6312,6625,348,0,6277,6585,429899,35,0,0,35,40
2020-09-05,US,Ohio,Madison,721,11,0,39.89381073,-83.40178317,39097.0,1611.8575484563278,1.5256588072122053,710,718,11,0,707,712,44413,3,0,0,3,6
2020-09-05,US,Ohio,Mahoning,2888,272,0,41.01631101,-80.77287029,39099.0,1262.8835549647329,9.418282548476457,2616,2879,272,0,2607,2874,229642,9,0,0,9,5
2020-09-05,US,Ohio,Marion,3022,46,0,40.58610662,-83.15736305,39101.0,4642.588296744658,1.5221707478491064,2976,3020,46,0,2974,3014,65256,2,0,0,2,6
2020-09-05,US,Ohio,Medina,1281,38,0,41.11770589,-81.89986209999998,39103.0,712.6723265051794,2.9664324746291966,1243,1266,38,0,1228,1252,179146,15,0,0,15,14
2020-09-05,US,Ohio,Meigs,151,4,0,39.09224872,-82.0305041,39105.0,659.1871480333523,2.6490066225165565,147,146,4,0,142,132,23106,5,0,0,5,14
2020-09-05,US,Ohio,Mercer,877,17,0,40.54043046,-84.62912742,39107.0,2130.0884095987562,1.9384264538198404,860,866,17,0,849,853,40959,11,0,0,11,13
2020-09-05,US,Ohio,Miami,1125,44,0,40.0543329,-84.22871271,39109.0,1051.5296250946376,3.911111111111111,1081,1113,44,0,1069,1099,106222,12,0,0,12,14
2020-09-05,US,Ohio,Monroe,105,18,0,39.72984936,-81.08464734,39111.0,769.0054196572434,17.142857142857142,87,105,18,0,87,105,13790,0,0,0,0,0
2020-09-05,US,Ohio,Montgomery,6565,133,0,39.75394919,-84.29050975,39113.0,1234.7490158683584,2.025894897182026,6432,6441,133,0,6308,6309,532331,124,0,0,124,132
2020-09-05,US,Ohio,Morgan,45,0,0,39.62081738,-81.85308173,39115.0,310.1736972704714,0.0,45,45,0,0,45,45,14604,0,0,0,0,0
2020-09-05,US,Ohio,Morrow,235,2,0,40.52363560000001,-82.7892599,39117.0,665.1947463768116,0.851063829787234,233,237,2,0,235,235,35112,-2,0,0,-2,2
2020-09-05,US,Ohio,Muskingum,314,2,0,39.96575964,-81.94363275,39119.0,364.2057646581221,0.6369426751592356,312,313,2,0,311,311,86183,1,0,0,1,2
2020-09-05,US,Ohio,Noble,23,0,0,39.76818851,-81.45937183,39121.0,159.45646145313367,0.0,23,23,0,0,23,23,14354,0,0,0,0,0
2020-09-05,US,Ohio,Ottawa,456,30,0,41.53781826,-83.0940185,39123.0,1125.2313386798273,6.578947368421053,426,455,30,0,425,454,40769,1,0,0,1,1
2020-09-05,US,Ohio,Paulding,84,0,0,41.11676341,-84.5801017,39125.0,449.87146529562966,0.0,84,84,0,0,84,84,18760,0,0,0,0,0
2020-09-05,US,Ohio,Perry,248,9,0,39.73508655,-82.23804971,39127.0,686.334200476006,3.629032258064516,239,245,8,0,237,239,36033,3,1,0,2,6
2020-09-05,US,Ohio,Pickaway,2516,43,0,39.64170392,-83.0243386,39129.0,4304.018338265734,1.7090620031796502,2473,2511,43,0,2468,2503,58086,5,0,0,5,8
2020-09-05,US,Ohio,Pike,113,0,0,39.07634001,-83.06769584,39131.0,406.8846320034567,0.0,113,112,0,0,112,111,28067,1,0,0,1,1
2020-09-05,US,Ohio,Portage,926,65,0,41.16793482,-81.19735782,39133.0,569.9654081469354,7.019438444924406,861,912,65,0,847,888,162927,14,0,0,14,24
2020-09-05,US,Ohio,Preble,374,6,0,39.7420247,-84.64787018,39135.0,914.8280416809354,1.60427807486631,368,373,6,0,367,364,40997,1,0,0,1,9
2020-09-05,US,Ohio,Putnam,407,17,0,41.02094889,-84.1336111,39137.0,1201.9727710345235,4.176904176904176,390,385,17,0,368,371,33780,22,0,0,22,14
2020-09-05,US,Ohio,Richland,720,18,0,40.77180308,-82.53799609999999,39139.0,594.2849596381465,2.5,702,714,18,0,696,711,121099,6,0,0,6,3
2020-09-05,US,Ohio,Ross,779,14,0,39.33705391,-83.06000914,39141.0,1016.095792137323,1.7971758664955069,765,766,14,0,752,764,76931,13,0,0,13,2
2020-09-05,US,Ohio,Sandusky,534,19,0,41.35624126,-83.137872,39143.0,912.5397313647082,3.5580524344569286,515,531,19,0,512,528,58799,3,0,0,3,3
2020-09-05,US,Ohio,Scioto,391,3,0,38.80270163,-82.98907345,39145.0,519.15978436944,0.7672634271099744,388,387,3,0,384,385,75502,4,0,0,4,2
2020-09-05,US,Ohio,Seneca,374,12,0,41.12351311,-83.12783209,39147.0,677.8063721048244,3.2085561497326203,362,371,12,0,359,371,55207,3,0,0,3,0
2020-09-05,US,Ohio,Shelby,429,4,0,40.33163494,-84.20258189,39149.0,882.8977155793373,0.9324009324009324,425,414,4,0,410,390,48627,15,0,0,15,24
2020-09-05,US,Ohio,Stark,2439,155,0,40.81482476,-81.36437305,39151.0,658.1113095848423,6.3550635506355055,2284,2416,155,0,2261,2395,371574,23,0,0,23,21
2020-09-05,US,Ohio,Summit,4639,236,0,41.12464734,-81.53123079,39153.0,857.4655322515356,5.0873032981245965,4403,4615,236,0,4379,4582,541918,24,0,0,24,33
2020-09-05,US,Ohio,Trumbull,1777,125,0,41.31735028,-80.76109643,39155.0,897.5926131714267,7.034327518289253,1652,1772,125,0,1647,1768,198627,5,0,0,5,4
2020-09-05,US,Ohio,Tuscarawas,877,18,0,40.44214695,-81.47226262,39157.0,953.3955885070717,2.0524515393386547,859,872,18,0,854,872,92176,5,0,0,5,0
2020-09-05,US,Ohio,Union,393,1,0,40.30016061,-83.37239023,39159.0,666.2372007866006,0.2544529262086514,392,385,1,0,384,379,57835,8,0,0,8,6
2020-09-05,US,Ohio,Van Wert,96,2,0,40.8554138,-84.59111700000003,39161.0,339.52254641909815,2.083333333333333,94,94,2,0,92,94,28281,2,0,0,2,0
2020-09-05,US,Ohio,Vinton,39,2,0,39.25208988,-82.4831444,39163.0,298.0512036683225,5.128205128205129,37,39,2,0,37,39,13139,0,0,0,0,0
2020-09-05,US,Ohio,Warren,2475,42,0,39.42581994,-84.16557457,39165.0,1054.9782184295104,1.6969696969696968,2433,2444,42,0,2402,2417,232173,31,0,0,31,27
2020-09-05,US,Ohio,Washington,233,23,0,39.45690571,-81.49121382,39167.0,388.9102168216188,9.871244635193133,210,229,23,0,206,228,60155,4,0,0,4,1
2020-09-05,US,Ohio,Wayne,810,64,0,40.82925852,-81.88844833,39169.0,700.0259268861812,7.901234567901233,746,801,63,0,738,789,115967,9,1,0,8,12
2020-09-05,US,Ohio,Williams,165,3,0,41.56052014,-84.58429552,39171.0,449.6893055706967,1.818181818181818,162,164,3,0,161,163,36804,1,0,0,1,1
2020-09-05,US,Ohio,Wood,1427,64,0,41.36224827,-83.62285108,39173.0,1090.8368178447756,4.484933426769446,1363,1404,64,0,1340,1382,130696,23,0,0,23,22
2020-09-05,US,Ohio,Wyandot,191,11,0,40.84339621,-83.30734173,39175.0,877.273562373691,5.7591623036649215,180,191,11,0,180,191,21935,0,0,0,0,0
2020-09-05,US,Oklahoma,Adair,494,10,0,35.88494195,-94.65859267,40001.0,2225.8268000360463,2.0242914979757085,484,493,10,0,483,483,22082,1,0,0,1,10
2020-09-05,US,Oklahoma,Alfalfa,19,0,0,36.73090616,-98.32408495,40003.0,333.2164152928797,0.0,19,15,0,0,15,14,5754,4,0,0,4,1
2020-09-05,US,Oklahoma,Atoka,164,1,0,34.37366573,-96.03802487,40005.0,1192.0337258322431,0.6097560975609756,163,161,1,0,160,153,13838,3,0,0,3,8
2020-09-05,US,Oklahoma,Beaver,44,0,0,36.7496847,-100.4758872,40007.0,828.4692148371304,0.0,44,44,0,0,44,44,5319,0,0,0,0,0
2020-09-05,US,Oklahoma,Beckham,132,1,0,35.26862449,-99.68128023,40009.0,603.8702593897251,0.7575757575757576,131,129,1,0,128,129,21709,3,0,0,3,0
2020-09-05,US,Oklahoma,Blaine,82,1,0,35.87518314,-98.43307003,40011.0,869.6574398133419,1.2195121951219512,81,85,1,0,84,79,9485,-3,0,0,-3,6
2020-09-05,US,Oklahoma,Bryan,649,3,0,33.96472458,-96.25903472,40013.0,1352.2241900197935,0.4622496147919877,646,644,3,0,641,624,47192,5,0,0,5,20
2020-09-05,US,Oklahoma,Caddo,593,20,0,35.17364557,-98.37534464,40015.0,2061.7481399068215,3.3726812816188865,573,587,20,0,567,580,28977,6,0,0,6,7
2020-09-05,US,Oklahoma,Canadian,1615,13,0,35.5426055,-97.98465569,40017.0,1088.9647081035157,0.8049535603715171,1602,1599,13,0,1586,1568,144447,16,0,0,16,31
2020-09-05,US,Oklahoma,Carter,429,7,0,34.25103751,-97.28552485,40019.0,891.6879715657542,1.6317016317016315,422,424,7,0,417,418,48177,5,0,0,5,6
2020-09-05,US,Oklahoma,Cherokee,750,7,0,35.90692775,-94.99980896,40021.0,1541.4020593131513,0.9333333333333332,743,739,7,0,732,722,48675,11,0,0,11,17
2020-09-05,US,Oklahoma,Choctaw,258,2,0,34.02807439,-95.54771129,40023.0,1758.4514721919302,0.7751937984496124,256,256,2,0,254,253,14668,2,0,0,2,3
2020-09-05,US,Oklahoma,Cimarron,14,0,0,36.74817177,-102.5173885,40025.0,655.1240056153488,0.0,14,14,0,0,14,14,2153,0,0,0,0,0
2020-09-05,US,Oklahoma,Cleveland,4405,66,0,35.20413532,-97.32519562,40027.0,1550.979881273459,1.4982973893303064,4339,4179,66,0,4113,4105,281669,226,0,0,226,74
2020-09-05,US,Oklahoma,Coal,63,0,0,34.58840127,-96.29798747,40029.0,1146.4968152866245,0.0,63,62,0,0,62,60,5520,1,0,0,1,2
2020-09-05,US,Oklahoma,Comanche,1293,11,0,34.65973764,-98.47195055,40031.0,1070.8163214602193,0.8507347254447022,1282,1286,11,0,1275,1283,120422,7,0,0,7,3
2020-09-05,US,Oklahoma,Cotton,48,2,0,34.28845626,-98.37053567,40033.0,847.1584892340276,4.166666666666667,46,42,2,0,40,34,5776,6,0,0,6,8
2020-09-05,US,Oklahoma,Craig,163,1,0,36.76268118,-95.20916602,40035.0,1152.595106774148,0.6134969325153374,162,154,1,0,153,144,14306,9,0,0,9,10
2020-09-05,US,Oklahoma,Creek,877,22,0,35.90230551,-96.37086028,40037.0,1226.196135454825,2.508551881413911,855,860,22,0,838,846,71604,17,0,0,17,14
2020-09-05,US,Oklahoma,Custer,350,0,0,35.63853802,-99.00170785,40039.0,1206.7717132710409,0.0,350,348,0,0,348,336,29036,2,0,0,2,12
2020-09-05,US,Oklahoma,Delaware,569,22,0,36.40823634,-94.80325046,40041.0,1322.9789113906393,3.866432337434095,547,564,22,0,542,556,42733,5,0,0,5,8
2020-09-05,US,Oklahoma,Dewey,24,1,0,35.98772922,-99.00730714,40043.0,490.6971989368228,4.166666666666667,23,24,1,0,23,24,4894,0,0,0,0,0
2020-09-05,US,Oklahoma,Ellis,6,0,0,36.218019399999996,-99.75324573,40045.0,155.48069448043537,0.0,6,6,0,0,6,6,3952,0,0,0,0,0
2020-09-05,US,Oklahoma,Garfield,1130,14,0,36.3791334,-97.78265517,40047.0,1850.7599580712788,1.2389380530973448,1116,1084,14,0,1070,1061,60913,46,0,0,46,23
2020-09-05,US,Oklahoma,Garvin,274,4,0,34.70418038,-97.30811132,40049.0,988.7770199559744,1.45985401459854,270,269,4,0,265,266,27811,5,0,0,5,3
2020-09-05,US,Oklahoma,Grady,558,7,0,35.0167709,-97.88339847,40051.0,999.3910520471396,1.254480286738351,551,549,7,0,542,547,55551,9,0,0,9,2
2020-09-05,US,Oklahoma,Grant,27,0,0,36.796296999999996,-97.78638765,40053.0,623.1248557581353,0.0,27,27,0,0,27,27,4326,0,0,0,0,0
2020-09-05,US,Oklahoma,Greer,91,8,0,34.93535801,-99.56056120000001,40055.0,1593.1372549019613,8.791208791208794,83,91,8,0,83,88,5821,0,0,0,0,3
2020-09-05,US,Oklahoma,Harmon,40,0,0,34.7440135,-99.84741652,40057.0,1507.7271013946474,0.0,40,40,0,0,40,40,2664,0,0,0,0,0
2020-09-05,US,Oklahoma,Harper,19,0,0,36.78836519,-99.6679804,40059.0,515.1843817787419,0.0,19,19,0,0,19,18,3797,0,0,0,0,1
2020-09-05,US,Oklahoma,Haskell,180,4,0,35.22257600000001,-95.11513306,40061.0,1425.5167498218107,2.2222222222222223,176,178,4,0,174,174,12668,2,0,0,2,4
2020-09-05,US,Oklahoma,Hughes,236,4,0,35.04912569,-96.24921145,40063.0,1777.2422622185406,1.6949152542372878,232,226,4,0,222,223,13335,10,0,0,10,3
2020-09-05,US,Oklahoma,Jackson,616,9,0,34.58781741,-99.41138784,40065.0,2511.2107623318384,1.4610389610389611,607,614,9,0,605,602,24949,2,0,0,2,12
2020-09-05,US,Oklahoma,Jefferson,35,0,0,34.11130184,-97.83182974,40067.0,583.1389536821059,0.0,35,35,0,0,35,36,6123,0,0,0,0,-1
2020-09-05,US,Oklahoma,Johnston,116,2,0,34.31440473,-96.66011537,40069.0,1046.4591790708164,1.7241379310344829,114,107,2,0,105,99,10949,9,0,0,9,8
2020-09-05,US,Oklahoma,Kay,359,12,0,36.81799745,-97.14421435,40071.0,824.5670448803343,3.3426183844011144,347,348,12,0,336,340,44161,11,0,0,11,8
2020-09-05,US,Oklahoma,Kingfisher,275,2,0,35.94530008,-97.94193268,40073.0,1744.370440849984,0.7272727272727273,273,274,2,0,272,263,15816,1,0,0,1,11
2020-09-05,US,Oklahoma,Kiowa,49,1,0,34.91671958,-98.97720696,40075.0,562.700964630225,2.0408163265306123,48,48,1,0,47,46,8729,1,0,0,1,2
2020-09-05,US,Oklahoma,Latimer,116,2,0,34.87844729,-95.25215049,40077.0,1151.5933684106026,1.7241379310344829,114,114,2,0,112,114,10231,2,0,0,2,0
2020-09-05,US,Oklahoma,Le Flore,738,10,0,34.89851864,-94.70392124,40079.0,1480.3522355725836,1.3550135501355014,728,732,10,0,722,721,49980,6,0,0,6,11
2020-09-05,US,Oklahoma,Lincoln,324,9,0,35.70270942,-96.8812462,40081.0,928.9789832841127,2.7777777777777777,315,319,9,0,310,314,34920,5,0,0,5,5
2020-09-05,US,Oklahoma,Logan,320,1,0,35.91899576,-97.44352845,40083.0,666.5139238924412,0.3125,319,316,1,0,315,310,47291,4,0,0,4,6
2020-09-05,US,Oklahoma,Love,123,1,0,33.95273467,-97.23906784,40085.0,1199.6488832536818,0.8130081300813008,122,117,1,0,116,114,10134,6,0,0,6,3
2020-09-05,US,Oklahoma,Major,57,1,0,36.31149996,-98.53467076,40093.0,747.1490365709793,1.7543859649122806,56,57,1,0,56,54,7644,0,0,0,0,3
2020-09-05,US,Oklahoma,Marshall,135,1,0,34.02311222,-96.76855464,40095.0,797.3539660976908,0.7407407407407407,134,133,1,0,132,133,16806,2,0,0,2,0
2020-09-05,US,Oklahoma,Mayes,456,10,0,36.30179091,-95.23175116,40097.0,1109.4890510948906,2.1929824561403506,446,437,10,0,427,426,41107,19,0,0,19,11
2020-09-05,US,Oklahoma,McClain,613,4,0,35.01123903,-97.44572302,40087.0,1514.5525522557693,0.6525285481239804,609,602,4,0,598,599,39985,11,0,0,11,3
2020-09-05,US,Oklahoma,McCurtain,1085,31,0,34.11664328,-94.77222373,40089.0,3304.702729044834,2.8571428571428568,1054,1076,31,0,1045,1056,32703,9,0,0,9,20
2020-09-05,US,Oklahoma,McIntosh,250,4,0,35.37235506,-95.66599306,40091.0,1275.7705654215147,1.6,246,242,4,0,238,241,19815,8,0,0,8,1
2020-09-05,US,Oklahoma,Murray,93,1,0,34.48116015,-97.06826283,40099.0,660.8399062033682,1.075268817204301,92,91,1,0,90,90,13953,2,0,0,2,1
2020-09-05,US,Oklahoma,Muskogee,1446,17,0,35.61318461,-95.37802952,40101.0,2126.564407253261,1.1756569847856155,1429,1427,17,0,1410,1408,68362,19,0,0,19,19
2020-09-05,US,Oklahoma,Noble,117,2,0,36.38953329,-97.22928674,40103.0,1051.118497888779,1.709401709401709,115,115,2,0,113,113,11289,2,0,0,2,2
2020-09-05,US,Oklahoma,Nowata,111,1,0,36.79843529,-95.61902331,40105.0,1101.6276300119096,0.9009009009009008,110,107,1,0,106,104,10218,4,0,0,4,3
2020-09-05,US,Oklahoma,Okfuskee,109,3,0,35.46485198,-96.32639984,40107.0,908.8635037104978,2.7522935779816518,106,109,3,0,106,110,12098,0,0,0,0,-1
2020-09-05,US,Oklahoma,Oklahoma,14107,165,0,35.55140095,-97.40716948,40109.0,1769.0492253904395,1.1696320975402283,13942,13923,163,0,13760,13791,792582,184,2,0,182,132
2020-09-05,US,Oklahoma,Okmulgee,654,5,0,35.64661916,-95.96432828,40111.0,1700.2469777720005,0.764525993883792,649,649,5,0,644,640,38335,5,0,0,5,9
2020-09-05,US,Oklahoma,Osage,684,12,0,36.62888819,-96.39635704,40113.0,1456.465728339331,1.7543859649122806,672,666,12,0,654,657,47014,18,0,0,18,9
2020-09-05,US,Oklahoma,Ottawa,600,4,0,36.83532655,-94.81011909,40115.0,1927.5869823625796,0.6666666666666666,596,576,4,0,572,555,31175,24,0,0,24,21
2020-09-05,US,Oklahoma,Pawnee,229,3,0,36.31743373,-96.70331759999999,40117.0,1398.3878847093308,1.310043668122271,226,223,3,0,220,223,16390,6,0,0,6,0
2020-09-05,US,Oklahoma,Payne,1475,5,0,36.07695283,-96.97584944,40119.0,1803.5312530568328,0.3389830508474576,1470,1396,5,0,1391,1319,82040,79,0,0,79,77
2020-09-05,US,Oklahoma,Pittsburg,629,18,0,34.92065823,-95.75134320000001,40121.0,1440.8759792917028,2.861685214626391,611,619,18,0,601,602,43877,10,0,0,10,17
2020-09-05,US,Oklahoma,Pontotoc,259,3,0,34.72959848,-96.68337199,40123.0,676.52282938042,1.1583011583011582,256,253,3,0,250,249,38247,6,0,0,6,4
2020-09-05,US,Oklahoma,Pottawatomie,924,9,0,35.20614018,-96.94923008,40125.0,1272.8675336125193,0.9740259740259741,915,911,9,0,902,887,72679,13,0,0,13,24
2020-09-05,US,Oklahoma,Pushmataha,131,1,0,34.41635232,-95.37603505,40127.0,1180.6056236481616,0.7633587786259542,130,131,1,0,130,131,11179,0,0,0,0,0
2020-09-05,US,Oklahoma,Roger Mills,14,1,0,35.68711719,-99.69666167,40129.0,390.73402176946695,7.142857142857142,13,14,1,0,13,14,3656,0,0,0,0,0
2020-09-05,US,Oklahoma,Rogers,1403,42,0,36.37004357,-95.60406759,40131.0,1517.429347061941,2.9935851746258018,1361,1369,42,0,1327,1348,91984,34,0,0,34,21
2020-09-05,US,Oklahoma,Seminole,345,5,0,35.16478725,-96.61686741,40133.0,1422.2112292851846,1.4492753623188406,340,339,5,0,334,338,24578,6,0,0,6,1
2020-09-05,US,Oklahoma,Sequoyah,611,8,0,35.49447108,-94.75463785,40135.0,1469.8453174240424,1.3093289689034369,603,613,8,0,605,591,41179,-2,0,0,-2,22
2020-09-05,US,Oklahoma,Stephens,267,4,0,34.48556989,-97.85141892,40137.0,618.8721229399903,1.49812734082397,263,258,4,0,254,256,43265,9,0,0,9,2
2020-09-05,US,Oklahoma,Texas,1224,7,0,36.74777635,-101.4889765,40139.0,6125.206425461642,0.5718954248366013,1217,1213,7,0,1206,1189,20455,11,0,0,11,24
2020-09-05,US,Oklahoma,Tillman,70,1,0,34.37288446,-98.92426619,40141.0,965.5172413793103,1.4285714285714286,69,70,1,0,69,70,7348,0,0,0,0,0
2020-09-05,US,Oklahoma,Tulsa,14123,139,0,36.11939621,-95.94013939,40143.0,2167.5936840037325,0.9842101536500744,13984,13923,137,0,13786,13742,648360,200,2,0,198,181
2020-09-05,US,Oklahoma,Unassigned,45,0,0,0.0,0.0,90040.0,0.0,0.0,45,54,0,0,54,40,,-9,0,0,-9,14
2020-09-05,US,Oklahoma,Wagoner,1214,23,0,35.96024096,-95.51911308,40145.0,1493.4369963955762,1.8945634266886329,1191,1200,23,0,1177,1188,80110,14,0,0,14,12
2020-09-05,US,Oklahoma,Washington,863,40,0,36.71380786,-95.90514104,40147.0,1674.850078599569,4.634994206257242,823,846,40,0,806,816,51843,17,0,0,17,30
2020-09-05,US,Oklahoma,Washita,43,0,0,35.29071824,-98.99180434,40149.0,393.9171857823378,0.0,43,44,0,0,44,43,11127,-1,0,0,-1,1
2020-09-05,US,Oklahoma,Woods,26,0,0,36.76705782,-98.86573064,40151.0,295.6897532127829,0.0,26,26,0,0,26,26,8897,0,0,0,0,0
2020-09-05,US,Oklahoma,Woodward,108,0,0,36.42316318,-99.26283045,40153.0,534.3624758794716,0.0,108,106,0,0,106,100,20222,2,0,0,2,6
2020-09-05,US,Oregon,Baker,77,2,0,44.70915557,-117.6749883,41001.0,477.54899528652936,2.5974025974025974,75,77,2,0,75,77,16006,0,0,0,0,0
2020-09-05,US,Oregon,Benton,223,6,0,44.49167306,-123.4316987,41003.0,239.64837243291458,2.690582959641256,217,221,6,0,215,217,92101,2,0,0,2,4
2020-09-05,US,Oregon,Clackamas,2045,58,0,45.18787398,-122.2179634,41005.0,489.01567958831816,2.836185819070905,1987,2022,57,0,1965,2003,416075,23,1,0,22,19
2020-09-05,US,Oregon,Clatsop,97,0,0,45.99712889,-123.660711,41007.0,241.14956245027844,0.0,97,97,0,0,97,96,39764,0,0,0,0,1
2020-09-05,US,Oregon,Columbia,134,1,0,45.94464254,-123.08908980000001,41009.0,255.9498796653551,0.746268656716418,133,132,1,0,131,132,52377,2,0,0,2,0
2020-09-05,US,Oregon,Coos,126,0,0,43.17406868,-124.0594514,41011.0,195.3882177803278,0.0,126,123,0,0,123,122,64389,3,0,0,3,1
2020-09-05,US,Oregon,Crook,57,1,0,44.14230227,-120.356297,41013.0,233.5682674971316,1.7543859649122806,56,57,1,0,56,55,23867,0,0,0,0,2
2020-09-05,US,Oregon,Curry,22,0,0,42.45911325,-124.15728200000001,41015.0,95.9651035986914,0.0,22,22,0,0,22,21,22813,0,0,0,0,1
2020-09-05,US,Oregon,Deschutes,700,11,0,43.91570171,-121.2289121,41017.0,354.0861542196953,1.5714285714285714,689,699,11,0,688,698,191996,1,0,0,1,1
2020-09-05,US,Oregon,Douglas,180,3,0,43.27941273,-123.16729099999999,41019.0,162.19138583528562,1.6666666666666667,177,180,3,0,177,180,110283,0,0,0,0,0
2020-09-05,US,Oregon,Gilliam,4,0,0,45.37160076,-120.20488689999999,41021.0,209.20502092050208,0.0,4,4,0,0,4,4,1894,0,0,0,0,0
2020-09-05,US,Oregon,Grant,8,0,0,44.49024544,-119.0068631,41023.0,111.12654535352131,0.0,8,8,0,0,8,8,7176,0,0,0,0,0
2020-09-05,US,Oregon,Harney,12,0,0,43.06422669,-118.96663059999999,41025.0,162.31570404436633,0.0,12,12,0,0,12,12,7329,0,0,0,0,0
2020-09-05,US,Oregon,Hood River,238,0,0,45.51872811,-121.65520359999998,41027.0,1017.8769994012488,0.0,238,238,0,0,238,236,23428,0,0,0,0,2
2020-09-05,US,Oregon,Jackson,882,3,0,42.43201126,-122.72893090000001,41029.0,399.1961764066913,0.3401360544217687,879,864,3,0,861,853,219564,18,0,0,18,11
2020-09-05,US,Oregon,Jefferson,470,7,0,44.62806839,-121.17832,41031.0,1906.0751074701925,1.4893617021276595,463,468,7,0,461,467,24192,2,0,0,2,1
2020-09-05,US,Oregon,Josephine,171,2,0,42.3665549,-123.5561938,41033.0,195.45761084503982,1.1695906432748535,169,168,2,0,166,162,87393,3,0,0,3,6
2020-09-05,US,Oregon,Klamath,236,2,0,42.68762984,-121.64964609999998,41035.0,345.84835428939886,0.8474576271186439,234,235,2,0,233,235,67653,1,0,0,1,0
2020-09-05,US,Oregon,Lake,30,0,0,42.79246693,-120.38501629999999,41037.0,381.2428516965307,0.0,30,31,0,0,31,29,7879,-1,0,0,-1,2
2020-09-05,US,Oregon,Lane,775,6,0,43.93727035,-122.847753,41039.0,202.84400380038056,0.7741935483870968,769,769,6,0,763,747,379611,6,0,0,6,22
2020-09-05,US,Oregon,Lincoln,469,13,0,44.64252874,-123.86991200000001,41041.0,938.7134222008726,2.771855010660981,456,467,13,0,454,467,49388,2,0,0,2,0
2020-09-05,US,Oregon,Linn,399,13,0,44.48899494,-122.53731540000001,41043.0,307.5168209388897,3.2581453634085213,386,398,13,0,385,393,127335,1,0,0,1,5
2020-09-05,US,Oregon,Malheur,1280,20,0,43.1937027,-117.62273950000001,41045.0,4186.974583755848,1.5625,1260,1249,20,0,1229,1219,30725,31,0,0,31,30
2020-09-05,US,Oregon,Marion,4013,82,0,44.90287942,-122.58151170000001,41047.0,1153.7643250205567,2.043359082980314,3931,3964,81,0,3883,3920,346868,49,1,0,48,44
2020-09-05,US,Oregon,Morrow,454,3,0,45.41846568,-119.584546,41049.0,3912.7811772817377,0.6607929515418502,451,453,3,0,450,447,11372,1,0,0,1,6
2020-09-05,US,Oregon,Multnomah,6224,124,0,45.54747959,-122.4169351,41051.0,765.6962188828265,1.9922879177377888,6100,6185,123,0,6062,6142,811880,39,1,0,38,43
2020-09-05,US,Oregon,Polk,445,15,0,44.90322804,-123.4128888,41053.0,516.9309403496544,3.3707865168539324,430,440,15,0,425,437,85234,5,0,0,5,3
2020-09-05,US,Oregon,Sherman,18,0,0,45.41501554,-120.6827834,41055.0,1011.2359550561798,0.0,18,18,0,0,18,18,1708,0,0,0,0,0
2020-09-05,US,Oregon,Tillamook,41,0,0,45.46248721,-123.712066,41057.0,151.6496523154313,0.0,41,40,0,0,40,38,26787,1,0,0,1,2
2020-09-05,US,Oregon,Umatilla,2767,39,0,45.59073056,-118.7353826,41059.0,3549.711353431687,1.40946873870618,2728,2753,38,0,2715,2721,77516,14,1,0,13,32
2020-09-05,US,Oregon,Union,423,2,0,45.30915495,-118.0068979,41061.0,1576.2996087199554,0.4728132387706856,421,420,2,0,418,419,26461,3,0,0,3,1
2020-09-05,US,Oregon,Wallowa,23,1,0,45.57894064,-117.18353799999998,41063.0,319.0899001109878,4.3478260869565215,22,23,1,0,22,23,7081,0,0,0,0,0
2020-09-05,US,Oregon,Wasco,219,3,0,45.16292781,-121.16709540000001,41065.0,820.7780526197438,1.3698630136986298,216,214,3,0,211,212,26505,5,0,0,5,2
2020-09-05,US,Oregon,Washington,3932,49,0,45.55972701,-123.0955257,41067.0,653.5991170095348,1.2461851475076298,3883,3898,48,0,3850,3877,597695,34,1,0,33,21
2020-09-05,US,Oregon,Yamhill,662,14,0,45.23330449,-123.3086963,41071.0,618.1139122315592,2.114803625377644,648,652,14,0,638,649,107002,10,0,0,10,3
2020-09-05,US,Pennsylvania,Adams,706,23,0,39.87140411,-77.21610347,42001.0,685.377005892689,3.2577903682719547,683,697,23,0,674,686,102811,9,0,0,9,11
2020-09-05,US,Pennsylvania,Allegheny,10709,325,0,40.46809875,-79.98167747,42003.0,880.6417525667224,3.0348305163880847,10384,10641,324,0,10317,10549,1218452,68,1,0,67,92
2020-09-05,US,Pennsylvania,Armstrong,349,12,0,40.81665618,-79.46290811,42005.0,539.1210318992817,3.4383954154727787,337,343,10,0,333,341,65263,6,2,0,4,2
2020-09-05,US,Pennsylvania,Beaver,1702,102,0,40.6825484,-80.34921611,42007.0,1038.254366219522,5.99294947121034,1600,1694,99,0,1595,1653,164742,8,3,0,5,41
2020-09-05,US,Pennsylvania,Bedford,177,5,0,40.00522157,-78.48998442,42009.0,369.61242900100234,2.824858757062147,172,176,5,0,171,176,48176,1,0,0,1,0
2020-09-05,US,Pennsylvania,Berks,6261,383,0,40.41570541,-75.92457766,42011.0,1486.5942958087585,6.1172336687430136,5878,6214,382,0,5832,6174,420152,47,1,0,46,40
2020-09-05,US,Pennsylvania,Blair,493,12,0,40.47961444,-78.34917412,42013.0,404.66555582004287,2.4340770791075053,481,490,12,0,478,472,122492,3,0,0,3,18
2020-09-05,US,Pennsylvania,Bradford,102,3,0,41.78869215,-76.51570822,42015.0,169.08973360078247,2.9411764705882355,99,100,3,0,97,99,60833,2,0,0,2,1
2020-09-05,US,Pennsylvania,Bucks,8003,589,0,40.33682119,-75.10836643,42017.0,1273.8153978385092,7.359740097463452,7414,7961,589,0,7372,7899,628195,42,0,0,42,62
2020-09-05,US,Pennsylvania,Butler,864,19,0,40.91152759,-79.91351055,42019.0,459.9340974059504,2.1990740740740744,845,833,19,0,814,821,187888,31,0,0,31,12
2020-09-05,US,Pennsylvania,Cambria,492,6,0,40.49527404,-78.71377428,42021.0,377.90340420302323,1.2195121951219512,486,486,6,0,480,480,131730,6,0,0,6,6
2020-09-05,US,Pennsylvania,Cameron,8,0,0,41.43625568,-78.20376845,42023.0,179.89655947830002,0.0,8,8,0,0,8,8,4492,0,0,0,0,0
2020-09-05,US,Pennsylvania,Carbon,429,28,0,40.91545395,-75.7068525,42025.0,668.4117042161354,6.526806526806527,401,427,28,0,399,425,64227,2,0,0,2,2
2020-09-05,US,Pennsylvania,Centre,652,11,0,40.92058903,-77.82200624,42027.0,401.51491824983833,1.6871165644171784,641,615,11,0,604,578,162805,37,0,0,37,37
2020-09-05,US,Pennsylvania,Chester,5821,359,0,39.97291773,-75.74768357,42029.0,1108.7851364504781,6.167325201855352,5462,5821,359,0,5462,5748,522046,0,0,0,0,73
2020-09-05,US,Pennsylvania,Clarion,100,3,0,41.19265812,-79.42413524,42031.0,260.15921744107396,3.0,97,100,3,0,97,98,38779,0,0,0,0,2
2020-09-05,US,Pennsylvania,Clearfield,243,1,0,41.00110782,-78.47592663,42033.0,306.6052614976973,0.41152263374485604,242,239,1,0,238,237,79388,4,0,0,4,2
2020-09-05,US,Pennsylvania,Clinton,156,5,0,41.23255967,-77.63785995,42035.0,403.8103126941396,3.2051282051282053,151,150,5,0,145,147,38684,6,0,0,6,3
2020-09-05,US,Pennsylvania,Columbia,776,35,0,41.04821986,-76.40565017,42037.0,1194.50772735669,4.5103092783505145,741,754,35,0,719,728,65456,22,0,0,22,26
2020-09-05,US,Pennsylvania,Crawford,222,2,0,41.68447709,-80.10760592,42039.0,262.3214264613785,0.9009009009009008,220,222,2,0,220,220,85063,0,0,0,0,2
2020-09-05,US,Pennsylvania,Cumberland,1596,72,0,40.1625372,-77.26130755,42041.0,629.9088289852784,4.511278195488722,1524,1578,72,0,1506,1563,251423,18,0,0,18,15
2020-09-05,US,Pennsylvania,Dauphin,3429,165,0,40.41377078,-76.77993242,42043.0,1232.12803495521,4.811898512685914,3264,3410,165,0,3245,3393,277097,19,0,0,19,17
2020-09-05,US,Pennsylvania,Delaware,10581,728,0,39.91680171,-75.40243663,42045.0,1866.9706235763047,6.8802570645496655,9853,10546,728,0,9818,10516,564751,35,0,0,35,30
2020-09-05,US,Pennsylvania,Elk,64,2,0,41.42822061,-78.64524744,42047.0,213.97525911066532,3.125,62,64,2,0,62,64,30169,0,0,0,0,0
2020-09-05,US,Pennsylvania,Erie,1387,36,0,41.99253829,-80.03301954,42049.0,514.2217344880769,2.595529920692141,1351,1376,36,0,1340,1370,272061,11,0,0,11,6
2020-09-05,US,Pennsylvania,Fayette,708,6,0,39.92041012,-79.64291195,42051.0,547.6739328867367,0.8474576271186439,702,705,6,0,699,703,130441,3,0,0,3,2
2020-09-05,US,Pennsylvania,Forest,14,0,0,41.51095103,-79.23229292,42053.0,193.1833862287843,0.0,14,14,0,0,14,14,7279,0,0,0,0,0
2020-09-05,US,Pennsylvania,Franklin,1572,47,0,39.92956518,-77.72157791,42055.0,1014.0169131828646,2.9898218829516536,1525,1559,47,0,1512,1550,154835,13,0,0,13,9
2020-09-05,US,Pennsylvania,Fulton,39,2,0,39.92913544,-78.11163677,42057.0,268.41018582243635,5.128205128205129,37,36,2,0,34,36,14523,3,0,0,3,0
2020-09-05,US,Pennsylvania,Greene,146,1,0,39.85746531,-80.22357106,42059.0,402.94758921425216,0.6849315068493149,145,145,1,0,144,145,36506,1,0,0,1,0
2020-09-05,US,Pennsylvania,Huntingdon,383,5,0,40.42162652,-77.97673273,42061.0,848.3962431330851,1.3054830287206267,378,382,5,0,377,377,45168,1,0,0,1,5
2020-09-05,US,Pennsylvania,Indiana,457,10,0,40.65241041,-79.08963285,42063.0,543.5752262914373,2.1881838074398248,447,456,10,0,446,445,84501,1,0,0,1,11
2020-09-05,US,Pennsylvania,Jefferson,99,1,0,41.12913106,-78.9986361,42065.0,227.97927461139898,1.0101010101010102,98,99,1,0,98,98,43641,0,0,0,0,1
2020-09-05,US,Pennsylvania,Juniata,151,6,0,40.53358749,-77.39975129999998,42067.0,609.7807212373299,3.9735099337748334,145,151,6,0,145,151,24704,0,0,0,0,0
2020-09-05,US,Pennsylvania,Lackawanna,2176,214,0,41.43564672,-75.60379201,42069.0,1037.8015395327986,9.834558823529411,1962,2154,214,0,1940,2129,210793,22,0,0,22,25
2020-09-05,US,Pennsylvania,Lancaster,7002,439,0,40.03904563,-76.24770128,42071.0,1283.0661653143347,6.269637246501,6563,6960,438,0,6522,6919,543557,42,1,0,41,41
2020-09-05,US,Pennsylvania,Lawrence,474,20,0,40.99206278,-80.33393706,42073.0,554.3081672747685,4.219409282700422,454,470,19,0,451,468,86184,4,1,0,3,2
2020-09-05,US,Pennsylvania,Lebanon,1763,57,0,40.36680311,-76.45651841,42075.0,1243.3618020635715,3.233125354509359,1706,1748,57,0,1691,1742,141314,15,0,0,15,6
2020-09-05,US,Pennsylvania,Lehigh,5272,345,0,40.6154815,-75.59435245,42077.0,1427.4960873826892,6.544006069802731,4927,5249,345,0,4904,5244,368100,23,0,0,23,5
2020-09-05,US,Pennsylvania,Luzerne,3867,189,0,41.17823008,-75.98447579,42079.0,1218.2712331097578,4.887509697439876,3678,3831,188,0,3643,3818,317646,36,1,0,35,13
2020-09-05,US,Pennsylvania,Lycoming,556,23,0,41.34310539,-77.06629984,42081.0,490.7368997078528,4.1366906474820135,533,544,23,0,521,538,113664,12,0,0,12,6
2020-09-05,US,Pennsylvania,McKean,41,2,0,41.80938602,-78.56478358,42083.0,100.92307692307692,4.878048780487805,39,41,2,0,39,41,40968,0,0,0,0,0
2020-09-05,US,Pennsylvania,Mercer,574,13,0,41.30248872,-80.25816981,42085.0,524.5649948822927,2.264808362369338,561,565,13,0,552,560,110683,9,0,0,9,5
2020-09-05,US,Pennsylvania,Mifflin,171,1,0,40.61116939,-77.61070738,42087.0,370.6272486887165,0.5847953216374269,170,170,1,0,169,166,46222,1,0,0,1,4
2020-09-05,US,Pennsylvania,Monroe,1735,129,0,41.05934058,-75.34031025,42089.0,1018.9638869801668,7.435158501440923,1606,1731,129,0,1602,1730,169507,4,0,0,4,1
2020-09-05,US,Pennsylvania,Montgomery,11300,863,0,40.21053671,-75.36652296,42091.0,1359.9465649314309,7.63716814159292,10437,11237,863,0,10374,11189,828604,63,0,0,63,48
2020-09-05,US,Pennsylvania,Montour,143,5,0,41.03023987,-76.66345939,42093.0,784.421283598464,3.4965034965034967,138,141,5,0,136,139,18240,2,0,0,2,2
2020-09-05,US,Pennsylvania,Northampton,4152,301,0,40.75182733,-75.30471829,42095.0,1360.0406177833827,7.249518304431598,3851,4141,301,0,3840,4134,304807,11,0,0,11,7
2020-09-05,US,Pennsylvania,Northumberland,760,39,0,40.84785433,-76.70798222,42097.0,836.6082141717027,5.131578947368421,721,740,38,0,702,732,91083,20,1,0,19,8
2020-09-05,US,Pennsylvania,Perry,178,5,0,40.40206612,-77.26297447,42099.0,384.6818810511757,2.808988764044944,173,178,5,0,173,178,46139,0,0,0,0,0
2020-09-05,US,Pennsylvania,Philadelphia,34445,1759,0,40.00338507,-75.1379271,42101.0,2174.4702234253164,5.106691827551169,32686,34445,1759,0,32686,34311,1584138,0,0,0,0,134
2020-09-05,US,Pennsylvania,Pike,544,21,0,41.33155042,-75.03208106,42103.0,974.7531760110376,3.8602941176470584,523,543,21,0,522,543,55933,1,0,0,1,0
2020-09-05,US,Pennsylvania,Potter,25,0,0,41.74471626,-77.89559864,42105.0,151.27677598935009,0.0,25,25,0,0,25,25,16622,0,0,0,0,0
2020-09-05,US,Pennsylvania,Schuylkill,1007,51,0,40.70497338,-76.2150785,42107.0,712.3706308052548,5.064548162859981,956,997,51,0,946,995,142067,10,0,0,10,2
2020-09-05,US,Pennsylvania,Snyder,177,3,0,40.77129231,-77.06840691,42109.0,438.4226691766571,1.6949152542372878,174,174,3,0,171,170,40540,3,0,0,3,4
2020-09-05,US,Pennsylvania,Somerset,181,3,0,39.97172723,-79.02699593,42111.0,246.43620569934785,1.6574585635359116,178,179,3,0,176,174,73952,2,0,0,2,5
2020-09-05,US,Pennsylvania,Sullivan,10,0,0,41.44634738,-76.51246591,42113.0,164.85328058028355,0.0,10,10,0,0,10,10,6071,0,0,0,0,0
2020-09-05,US,Pennsylvania,Susquehanna,280,28,0,41.82147784,-75.80071959,42115.0,694.3066851815117,10.0,252,277,27,0,250,274,40589,3,1,0,2,3
2020-09-05,US,Pennsylvania,Tioga,48,3,0,41.77255149,-77.25433032,42117.0,118.252814663349,6.25,45,48,3,0,45,48,40763,0,0,0,0,0
2020-09-05,US,Pennsylvania,Union,407,6,0,40.96188846,-77.05996014,42119.0,905.9947020457226,1.4742014742014742,401,397,6,0,391,397,44785,10,0,0,10,0
2020-09-05,US,Pennsylvania,Venango,72,1,0,41.40323442,-79.75845449,42121.0,142.10152364411462,1.3888888888888888,71,72,1,0,71,72,51266,0,0,0,0,0
2020-09-05,US,Pennsylvania,Warren,36,1,0,41.81304978,-79.26969577,42123.0,91.85782450052307,2.7777777777777777,35,36,1,0,35,34,39498,0,0,0,0,2
2020-09-05,US,Pennsylvania,Washington,1128,28,0,40.19208869,-80.24582867,42125.0,545.2831556812414,2.482269503546099,1100,1117,28,0,1089,1108,207346,11,0,0,11,9
2020-09-05,US,Pennsylvania,Wayne,188,10,0,41.64938475,-75.29956506,42127.0,366.03648682852753,5.319148936170213,178,185,10,0,175,181,51276,3,0,0,3,4
2020-09-05,US,Pennsylvania,Westmoreland,1868,49,0,40.31377979999999,-79.46615476,42129.0,535.398496413002,2.6231263383297643,1819,1861,49,0,1812,1851,350611,7,0,0,7,10
2020-09-05,US,Pennsylvania,Wyoming,70,8,0,41.51955538,-76.01074915,42131.0,261.25251922072107,11.428571428571427,62,70,8,0,62,68,27046,0,0,0,0,2
2020-09-05,US,Pennsylvania,York,3739,130,0,39.9210089,-76.73040131,42133.0,832.6318649261342,3.4768654720513505,3609,3667,127,0,3540,3618,448273,72,3,0,69,49
2020-09-05,US,Puerto Rico,Adjuntas,128,0,0,18.180117000000006,-66.754367,72001.0,656.9830108299542,0.0,128,127,0,0,127,128,,1,0,0,1,-1
2020-09-05,US,Puerto Rico,Aguada,232,0,0,18.360255,-67.17513100000001,72003.0,552.9207083104935,0.0,232,229,0,0,229,227,,3,0,0,3,2
2020-09-05,US,Puerto Rico,Aguadilla,335,0,0,18.459681,-67.12081500000001,72005.0,549.6398628361417,0.0,335,329,0,0,329,329,,6,0,0,6,0
2020-09-05,US,Puerto Rico,Aguas Buenas,205,0,0,18.251619,-66.126806,72007.0,715.307582260372,0.0,205,204,0,0,204,204,,1,0,0,1,0
2020-09-05,US,Puerto Rico,Aibonito,125,0,0,18.131361,-66.264131,72009.0,482.6254826254826,0.0,125,125,0,0,125,125,,0,0,0,0,0
2020-09-05,US,Puerto Rico,Anasco,194,0,0,18.287985,-67.120611,72011.0,662.9985304671748,0.0,194,193,0,0,193,193,,1,0,0,1,0
2020-09-05,US,Puerto Rico,Arecibo,530,0,0,18.406631,-66.675077,72013.0,549.5644960597264,0.0,530,529,0,0,529,527,,1,0,0,1,2
2020-09-05,US,Puerto Rico,Arroyo,131,0,0,17.998457000000005,-66.056546,72015.0,669.220945083014,0.0,131,129,0,0,129,129,,2,0,0,2,0
2020-09-05,US,Puerto Rico,Barceloneta,130,0,0,18.445532999999998,-66.56053100000001,72017.0,523.8555770470664,0.0,130,129,0,0,129,129,,1,0,0,1,0
2020-09-05,US,Puerto Rico,Barranquitas,350,0,0,18.201592,-66.30963,72019.0,1154.4297117224091,0.0,350,347,0,0,347,347,,3,0,0,3,0
2020-09-05,US,Puerto Rico,Bayamon,2701,0,0,18.34946,-66.168435,72021.0,1297.8339003248186,0.0,2701,2677,0,0,2677,2670,,24,0,0,24,7
2020-09-05,US,Puerto Rico,Cabo Rojo,278,0,0,18.040993,-67.154391,72023.0,545.9866056523362,0.0,278,278,0,0,278,280,,0,0,0,0,-2
2020-09-05,US,Puerto Rico,Caguas,1140,0,0,18.211615,-66.050779,72025.0,797.7997522621823,0.0,1140,1136,0,0,1136,1134,,4,0,0,4,2
2020-09-05,US,Puerto Rico,Camuy,197,0,0,18.418578,-66.860206,72027.0,560.3117267271538,0.0,197,196,0,0,196,196,,1,0,0,1,0
2020-09-05,US,Puerto Rico,Canovanas,535,0,0,18.328802,-65.887612,72029.0,1122.8173270651444,0.0,535,529,0,0,529,528,,6,0,0,6,1
2020-09-05,US,Puerto Rico,Carolina,1972,0,0,18.374986,-65.95683100000001,72031.0,1115.624398909268,0.0,1972,1965,0,0,1965,1963,,7,0,0,7,2
2020-09-05,US,Puerto Rico,Catano,316,0,0,18.437269,-66.14330600000001,72033.0,1122.956645344705,0.0,316,312,0,0,312,311,,4,0,0,4,1
2020-09-05,US,Puerto Rico,Cayey,274,0,0,18.102851,-66.14914,72035.0,569.4216421787653,0.0,274,271,0,0,271,272,,3,0,0,3,-1
2020-09-05,US,Puerto Rico,Ceiba,91,0,0,18.251818,-65.666416,72037.0,667.5959210622844,0.0,91,90,0,0,90,90,,1,0,0,1,0
2020-09-05,US,Puerto Rico,Ciales,192,0,0,18.28885,-66.516475,72039.0,1022.255350867852,0.0,192,192,0,0,192,192,,0,0,0,0,0
2020-09-05,US,Puerto Rico,Cidra,241,0,0,18.173559,-66.161179,72041.0,554.2778288868445,0.0,241,241,0,0,241,241,,0,0,0,0,0
2020-09-05,US,Puerto Rico,Coamo,215,0,0,18.097597,-66.36014,72043.0,530.7069510268561,0.0,215,215,0,0,215,215,,0,0,0,0,0
2020-09-05,US,Puerto Rico,Comerio,174,0,0,18.224687,-66.221622,72045.0,837.424198671672,0.0,174,173,0,0,173,174,,1,0,0,1,-1
2020-09-05,US,Puerto Rico,Corozal,423,0,0,18.304264,-66.327738,72047.0,1138.8724355177428,0.0,423,422,0,0,422,421,,1,0,0,1,1
2020-09-05,US,Puerto Rico,Culebra,21,0,0,18.31586,-65.28813000000001,72049.0,1155.1155115511556,0.0,21,21,0,0,21,21,,0,0,0,0,0
2020-09-05,US,Puerto Rico,Dorado,544,0,0,18.436115,-66.278669,72051.0,1425.3897550111358,0.0,544,538,0,0,538,537,,6,0,0,6,1
2020-09-05,US,Puerto Rico,Fajardo,369,0,0,18.318373,-65.666866,72053.0,997.4860108669208,0.0,369,364,0,0,364,364,,5,0,0,5,0
2020-09-05,US,Puerto Rico,Florida,214,0,0,18.373715,-66.560488,72054.0,1687.6971608832807,0.0,214,211,0,0,211,209,,3,0,0,3,2
2020-09-05,US,Puerto Rico,Guanica,84,0,0,17.982429,-66.91964300000001,72055.0,432.38791372831633,0.0,84,84,0,0,84,84,,0,0,0,0,0
2020-09-05,US,Puerto Rico,Guayama,236,0,0,18.007516,-66.13390799999999,72057.0,520.2592478285791,0.0,236,236,0,0,236,236,,0,0,0,0,0
2020-09-05,US,Puerto Rico,Guayanilla,147,0,0,18.039942,-66.79186,72059.0,681.1547194291275,0.0,147,147,0,0,147,147,,0,0,0,0,0
2020-09-05,US,Puerto Rico,Guaynabo,1323,0,0,18.345114000000002,-66.11452299999999,72061.0,1351.0477513173482,0.0,1323,1314,0,0,1314,1314,,9,0,0,9,0
2020-09-05,US,Puerto Rico,Gurabo,373,0,0,18.266461,-65.97970500000001,72063.0,822.1472811831868,0.0,373,372,0,0,372,373,,1,0,0,1,-1
2020-09-05,US,Puerto Rico,Hatillo,199,0,0,18.410928,-66.79632600000001,72065.0,474.3403332300432,0.0,199,198,0,0,198,198,,1,0,0,1,0
2020-09-05,US,Puerto Rico,Hormigueros,128,0,0,18.134532,-67.113972,72067.0,742.0289855072464,0.0,128,128,0,0,128,128,,0,0,0,0,0
2020-09-05,US,Puerto Rico,Humacao,322,0,0,18.145211,-65.810174,72069.0,550.7474429583007,0.0,322,319,0,0,319,317,,3,0,0,3,2
2020-09-05,US,Puerto Rico,Isabela,214,0,0,18.44981,-67.005093,72071.0,468.97942188424537,0.0,214,212,0,0,212,212,,2,0,0,2,0
2020-09-05,US,Puerto Rico,Jayuya,210,0,0,18.211446,-66.58878,72073.0,1261.867563994712,0.0,210,207,0,0,207,207,,3,0,0,3,0
2020-09-05,US,Puerto Rico,Juana Diaz,272,0,0,18.050764,-66.49458100000001,72075.0,340.4383143296995,0.0,272,272,0,0,272,272,,0,0,0,0,0
2020-09-05,US,Puerto Rico,Juncos,254,0,0,18.223793,-65.909109,72077.0,630.4293869446512,0.0,254,254,0,0,254,254,,0,0,0,0,0
2020-09-05,US,Puerto Rico,Lajas,118,0,0,18.011661,-67.040585,72079.0,458.1990447714829,0.0,118,118,0,0,118,118,,0,0,0,0,0
2020-09-05,US,Puerto Rico,Lares,253,0,0,18.269035000000002,-66.867236,72081.0,822.6839657919553,0.0,253,251,0,0,251,251,,2,0,0,2,0
2020-09-05,US,Puerto Rico,Las Marias,86,0,0,18.23679,-66.98362,72083.0,870.3572512903552,0.0,86,81,0,0,81,80,,5,0,0,5,1
2020-09-05,US,Puerto Rico,Las Piedras,306,0,0,18.187527,-65.86946800000001,72085.0,791.2087912087912,0.0,306,303,0,0,303,303,,3,0,0,3,0
2020-09-05,US,Puerto Rico,Loiza,194,0,0,18.425688,-65.89943000000001,72087.0,645.3759148369927,0.0,194,192,0,0,192,191,,2,0,0,2,1
2020-09-05,US,Puerto Rico,Luquillo,180,0,0,18.342114000000002,-65.72509699999999,72089.0,896.9503687462628,0.0,180,178,0,0,178,178,,2,0,0,2,0
2020-09-05,US,Puerto Rico,Manati,376,0,0,18.420473,-66.490461,72091.0,852.356448212545,0.0,376,373,0,0,373,372,,3,0,0,3,1
2020-09-05,US,Puerto Rico,Maricao,63,0,0,18.171795,-66.942126,72093.0,1003.8240917782028,0.0,63,63,0,0,63,62,,0,0,0,0,1
2020-09-05,US,Puerto Rico,Maunabo,89,0,0,18.017889,-65.922235,72095.0,728.0163599182007,0.0,89,89,0,0,89,90,,0,0,0,0,-1
2020-09-05,US,Puerto Rico,Mayaguez,668,0,0,18.2013,-67.1452,72097.0,749.8877413560845,0.0,668,664,0,0,664,663,,4,0,0,4,1
2020-09-05,US,Puerto Rico,Moca,260,0,0,18.377805,-67.080952,72099.0,648.2335635393553,0.0,260,259,0,0,259,258,,1,0,0,1,1
2020-09-05,US,Puerto Rico,Morovis,414,0,0,18.316963,-66.420383,72101.0,1269.5492180312788,0.0,414,412,0,0,412,409,,2,0,0,2,3
2020-09-05,US,Puerto Rico,Naguabo,143,0,0,18.230636999999998,-65.753897,72103.0,535.1796407185627,0.0,143,142,0,0,142,142,,1,0,0,1,0
2020-09-05,US,Puerto Rico,Naranjito,489,0,0,18.288019,-66.252703,72105.0,1608.4468127096902,0.0,489,487,0,0,487,486,,2,0,0,2,1
2020-09-05,US,Puerto Rico,Orocovis,277,0,0,18.215046,-66.433604,72107.0,1182.5983008154378,0.0,277,276,0,0,276,276,,1,0,0,1,0
2020-09-05,US,Puerto Rico,Out of PR,753,0,0,0.0,0.0,72888.0,0.0,0.0,753,753,0,0,753,753,,0,0,0,0,0
2020-09-05,US,Puerto Rico,Patillas,137,0,0,18.03174,-66.012242,72109.0,710.6914976396743,0.0,137,137,0,0,137,136,,0,0,0,0,1
2020-09-05,US,Puerto Rico,Penuelas,99,0,0,18.059645,-66.721572,72111.0,407.70941438102295,0.0,99,99,0,0,99,99,,0,0,0,0,0
2020-09-05,US,Puerto Rico,Ponce,669,0,0,18.059498,-66.613748,72113.0,402.2197237970985,0.0,669,668,0,0,668,668,,1,0,0,1,0
2020-09-05,US,Puerto Rico,Quebradillas,119,0,0,18.439692,-66.926113,72115.0,459.12265133685713,0.0,119,118,0,0,118,118,,1,0,0,1,0
2020-09-05,US,Puerto Rico,Rincon,130,0,0,18.335442999999998,-67.23174,72117.0,855.263157894737,0.0,130,129,0,0,129,129,,1,0,0,1,0
2020-09-05,US,Puerto Rico,Rio Grande,447,0,0,18.346329,-65.813742,72119.0,823.1437831467296,0.0,447,446,0,0,446,445,,1,0,0,1,1
2020-09-05,US,Puerto Rico,Sabana Grande,167,0,0,18.08282,-66.943758,72121.0,660.9934692262023,0.0,167,166,0,0,166,166,,1,0,0,1,0
2020-09-05,US,Puerto Rico,Salinas,318,0,0,18.010386999999994,-66.256592,72123.0,1023.2318682025873,0.0,318,318,0,0,318,315,,0,0,0,0,3
2020-09-05,US,Puerto Rico,San German,197,0,0,18.111484,-67.03858100000001,72125.0,554.5078391082839,0.0,197,198,0,0,198,198,,-1,0,0,-1,0
2020-09-05,US,Puerto Rico,San Juan,5577,0,0,18.386933,-66.061128,72127.0,1410.7344318360038,0.0,5577,5528,0,0,5528,5512,,49,0,0,49,16
2020-09-05,US,Puerto Rico,San Lorenzo,293,0,0,18.147987,-65.976392,72129.0,713.6246285742122,0.0,293,287,0,0,287,286,,6,0,0,6,1
2020-09-05,US,Puerto Rico,San Sebastian,287,0,0,18.328646,-66.971214,72131.0,676.408201744049,0.0,287,281,0,0,281,280,,6,0,0,6,1
2020-09-05,US,Puerto Rico,Santa Isabel,135,0,0,17.994525,-66.388913,72133.0,580.046403712297,0.0,135,135,0,0,135,135,,0,0,0,0,0
2020-09-05,US,Puerto Rico,Toa Alta,971,0,0,18.362406,-66.246616,72135.0,1310.9928982259066,0.0,971,956,0,0,956,953,,15,0,0,15,3
2020-09-05,US,Puerto Rico,Toa Baja,945,0,0,18.431445999999998,-66.213553,72137.0,1054.581571047551,0.0,945,935,0,0,935,933,,10,0,0,10,2
2020-09-05,US,Puerto Rico,Trujillo Alto,771,0,0,18.336159,-65.99888399999999,72139.0,1030.1702252745783,0.0,771,766,0,0,766,767,,5,0,0,5,-1
2020-09-05,US,Puerto Rico,Unassigned,538,464,0,0.0,0.0,72999.0,0.0,86.2453531598513,74,530,455,0,75,543,,8,9,0,-1,-13
2020-09-05,US,Puerto Rico,Utuado,106,0,0,18.271214,-66.702984,72141.0,319.7683188029805,0.0,106,104,0,0,104,103,,2,0,0,2,1
2020-09-05,US,Puerto Rico,Vega Alta,491,0,0,18.409346,-66.33725,72143.0,1229.0055317764259,0.0,491,487,0,0,487,484,,4,0,0,4,3
2020-09-05,US,Puerto Rico,Vega Baja,684,0,0,18.428262,-66.397924,72145.0,1146.4583822198385,0.0,684,678,0,0,678,676,,6,0,0,6,2
2020-09-05,US,Puerto Rico,Vieques,84,0,0,18.123276,-65.44097099999999,72147.0,903.1286958391572,0.0,84,84,0,0,84,87,,0,0,0,0,-3
2020-09-05,US,Puerto Rico,Villalba,98,0,0,18.127951,-66.473115,72149.0,375.86775591608176,0.0,98,98,0,0,98,98,,0,0,0,0,0
2020-09-05,US,Puerto Rico,Yabucoa,220,0,0,18.070399,-65.896289,72151.0,579.8476582061622,0.0,220,216,0,0,216,216,,4,0,0,4,0
2020-09-05,US,Puerto Rico,Yauco,321,0,0,18.080374,-66.858814,72153.0,763.5040315867087,0.0,321,321,0,0,321,321,,0,0,0,0,0
2020-09-05,US,Rhode Island,Bristol,358,0,0,41.71018079,-71.28652315,44001.0,738.4640772293158,0.0,358,358,0,0,358,358,48649,0,0,0,0,0
2020-09-05,US,Rhode Island,Kent,1706,0,0,41.67106337,-71.57641596,44003.0,1038.3950527110267,0.0,1706,1706,0,0,1706,1706,163861,0,0,0,0,0
2020-09-05,US,Rhode Island,Newport,457,0,0,41.5642026,-71.26569799,44005.0,556.7603128578738,0.0,457,457,0,0,457,457,82542,0,0,0,0,0
2020-09-05,US,Rhode Island,Providence,17107,0,0,41.87064746,-71.57753536,44007.0,2677.440913025037,0.0,17107,17107,0,0,17107,17107,636084,0,0,0,0,0
2020-09-05,US,Rhode Island,Unassigned,1893,1055,0,0.0,0.0,90044.0,0.0,55.73164289487586,838,1893,1055,0,838,1793,,0,0,0,0,100
2020-09-05,US,Rhode Island,Washington,722,0,0,41.45961631,-71.61435303,44009.0,574.9460490376422,0.0,722,722,0,0,722,722,126179,0,0,0,0,0
2020-09-05,US,South Carolina,Abbeville,462,11,0,34.22333378,-82.46170658,45001.0,1883.6384392710074,2.380952380952381,451,463,10,0,453,450,24541,-1,1,0,-2,13
2020-09-05,US,South Carolina,Aiken,2432,67,0,33.54338026,-81.63645384,45003.0,1423.2876070977106,2.7549342105263164,2365,2420,68,0,2352,2409,169401,12,-1,0,13,11
2020-09-05,US,South Carolina,Allendale,303,6,0,32.98837386,-81.35321066,45005.0,3487.56906077348,1.98019801980198,297,302,6,0,296,300,8903,1,0,0,1,2
2020-09-05,US,South Carolina,Anderson,3340,129,0,34.51828081,-82.63959517,45007.0,1648.9104355295767,3.862275449101797,3211,3320,127,0,3193,3288,200482,20,2,0,18,32
2020-09-05,US,South Carolina,Bamberg,556,30,0,33.21927586,-81.05659969,45009.0,3952.79397127826,5.395683453237409,526,553,29,0,524,549,14275,3,1,0,2,4
2020-09-05,US,South Carolina,Barnwell,549,14,0,33.26679302,-81.43584352,45011.0,2631.074475222851,2.550091074681238,535,547,14,0,533,543,21112,2,0,0,2,4
2020-09-05,US,South Carolina,Beaufort,4928,71,0,32.39226291,-80.72619758,45013.0,2565.0367995336296,1.4407467532467533,4857,4892,71,0,4821,4849,188715,36,0,0,36,43
2020-09-05,US,South Carolina,Berkeley,4939,84,0,33.20222596,-79.94654523,45015.0,2167.1120237640794,1.7007491395019234,4855,4910,84,0,4826,4884,221091,29,0,0,29,26
2020-09-05,US,South Carolina,Calhoun,423,15,0,33.66926881,-80.77722168,45017.0,2906.6171923314782,3.5460992907801416,408,421,15,0,406,418,14520,2,0,0,2,3
2020-09-05,US,South Carolina,Charleston,14391,246,0,32.82487866,-79.96512315,45019.0,3498.004404408297,1.709401709401709,14145,14325,244,0,14081,14232,405905,66,2,0,64,93
2020-09-05,US,South Carolina,Cherokee,899,33,0,35.05122251,-81.61828622,45021.0,1568.9354275741712,3.6707452725250285,866,879,33,0,846,819,57078,20,0,0,20,60
2020-09-05,US,South Carolina,Chester,927,19,0,34.69249168,-81.1583216,45023.0,2874.953479717157,2.0496224379719523,908,920,18,0,902,903,32251,7,1,0,6,17
2020-09-05,US,South Carolina,Chesterfield,1055,29,0,34.64137396,-80.15640140000002,45025.0,2311.0624315443592,2.7488151658767768,1026,1044,29,0,1015,1031,45754,11,0,0,11,13
2020-09-05,US,South Carolina,Clarendon,1000,63,0,33.66610974,-80.21647898,45027.0,2963.40198547933,6.3,937,993,63,0,930,990,33700,7,0,0,7,3
2020-09-05,US,South Carolina,Colleton,916,39,0,32.87582989,-80.67641292,45029.0,2431.191443055445,4.257641921397379,877,908,39,0,869,904,37660,8,0,0,8,4
2020-09-05,US,South Carolina,Darlington,1727,46,0,34.33358335,-79.96027485,45031.0,2592.392446485935,2.6635784597568035,1681,1713,46,0,1667,1700,66802,14,0,0,14,13
2020-09-05,US,South Carolina,Dillon,808,28,0,34.39007791,-79.37741872,45033.0,2651.005610420289,3.4653465346534653,780,792,28,0,764,784,30599,16,0,0,16,8
2020-09-05,US,South Carolina,Dorchester,3693,82,0,33.0794369,-80.40502652,45035.0,2268.302120890123,2.2204170051448693,3611,3689,80,0,3609,3670,160647,4,2,0,2,19
2020-09-05,US,South Carolina,Edgefield,505,14,0,33.77221995,-81.96231108,45037.0,1852.5311812179016,2.7722772277227716,491,504,14,0,490,503,27052,1,0,0,1,1
2020-09-05,US,South Carolina,Fairfield,680,29,0,34.39287073,-81.1195624,45039.0,3042.914037678436,4.264705882352942,651,678,29,0,649,664,22402,2,0,0,2,14
2020-09-05,US,South Carolina,Florence,4464,163,0,34.02361754,-79.70189312,45041.0,3227.9291070408476,3.6514336917562717,4301,4434,161,0,4273,4386,138159,30,2,0,28,48
2020-09-05,US,South Carolina,Georgetown,1780,37,0,33.43443342,-79.33202141,45043.0,2839.821314613912,2.0786516853932584,1743,1770,37,0,1733,1760,62249,10,0,0,10,10
2020-09-05,US,South Carolina,Greenville,12524,267,0,34.89502264,-82.37295012,45045.0,2392.1671995752013,2.131906739061003,12257,12447,266,0,12181,12328,514213,77,1,0,76,119
2020-09-05,US,South Carolina,Greenwood,1946,56,0,34.15272415,-82.12715789,45047.0,2748.1605965174904,2.8776978417266186,1890,1936,54,0,1882,1907,70741,10,2,0,8,29
2020-09-05,US,South Carolina,Hampton,557,25,0,32.77419582,-81.13845571,45049.0,2897.721360940589,4.488330341113107,532,554,25,0,529,553,19351,3,0,0,3,1
2020-09-05,US,South Carolina,Horry,9562,188,0,33.9212828,-78.99555293,45051.0,2700.5120297333096,1.9661158753398869,9374,9504,188,0,9316,9462,344147,58,0,0,58,42
2020-09-05,US,South Carolina,Jasper,705,18,0,32.43171982,-81.02487495,45053.0,2344.295547501081,2.5531914893617023,687,699,18,0,681,690,28971,6,0,0,6,9
2020-09-05,US,South Carolina,Kershaw,1697,31,0,34.33988254,-80.58763164,45055.0,2549.924118345329,1.8267530936947556,1666,1686,31,0,1655,1651,65592,11,0,0,11,35
2020-09-05,US,South Carolina,Lancaster,1747,43,0,34.68270843,-80.70513032,45057.0,1782.434803901563,2.461362335432169,1704,1728,43,0,1685,1699,95380,19,0,0,19,29
2020-09-05,US,South Carolina,Laurens,1531,54,0,34.48244419,-82.00490796,45059.0,2268.383387906894,3.527106466361855,1477,1518,54,0,1464,1514,66994,13,0,0,13,4
2020-09-05,US,South Carolina,Lee,676,32,0,34.16393091,-80.25690731,45061.0,4017.114333254101,4.733727810650888,644,668,32,0,636,664,17142,8,0,0,8,4
2020-09-05,US,South Carolina,Lexington,6052,144,0,33.89665987,-81.27146426,45063.0,2025.7740585774054,2.3793787177792467,5908,5983,142,0,5841,5906,295032,69,2,0,67,77
2020-09-05,US,South Carolina,Marion,737,17,0,34.07859748,-79.36400756,45067.0,2404.0186580552568,2.306648575305292,720,731,17,0,714,723,31039,6,0,0,6,8
2020-09-05,US,South Carolina,Marlboro,793,5,0,34.59905577,-79.67561152,45069.0,3036.220231258136,0.6305170239596469,788,783,5,0,778,768,26398,10,0,0,10,15
2020-09-05,US,South Carolina,McCormick,172,5,0,33.90161443,-82.30794338,45065.0,1817.6054105463386,2.9069767441860463,167,171,5,0,166,168,9410,1,0,0,1,3
2020-09-05,US,South Carolina,Newberry,1021,15,0,34.28629098,-81.59935761,45071.0,2656.087408949012,1.4691478942213516,1006,1009,15,0,994,998,38520,12,0,0,12,11
2020-09-05,US,South Carolina,Oconee,1159,20,0,34.75225169,-83.06742317,45073.0,1457.0185804440198,1.7256255392579811,1139,1136,20,0,1116,1117,78374,23,0,0,23,19
2020-09-05,US,South Carolina,Orangeburg,2881,106,0,33.4391073,-80.79886287,45075.0,3343.196982883667,3.67927802846234,2775,2865,105,0,2760,2854,86934,16,1,0,15,11
2020-09-05,US,South Carolina,Pickens,2359,36,0,34.88807695,-82.72791551,45077.0,1859.1784622174584,1.5260703688003392,2323,2338,36,0,2302,2320,124937,21,0,0,21,18
2020-09-05,US,South Carolina,Richland,12152,203,0,34.01791263,-80.90267209,45079.0,2922.847130188403,1.6705069124423964,11949,12012,197,0,11815,11562,414576,140,6,0,134,450
2020-09-05,US,South Carolina,Saluda,606,15,0,34.00795823,-81.72713237,45081.0,2959.9960924143993,2.4752475247524752,591,600,14,0,586,589,20544,6,1,0,5,11
2020-09-05,US,South Carolina,Spartanburg,5540,171,0,34.92960077,-81.99225984,45083.0,1732.4139656331595,3.0866425992779782,5369,5442,166,0,5276,5227,313888,98,5,0,93,215
2020-09-05,US,South Carolina,Sumter,2909,69,0,33.91826534,-80.37942316,45085.0,2725.799046110887,2.3719491234101064,2840,2899,69,0,2830,2885,106512,10,0,0,10,14
2020-09-05,US,South Carolina,Union,486,9,0,34.68835752,-81.61730349,45087.0,1779.1770390979646,1.851851851851852,477,483,9,0,474,469,27410,3,0,0,3,14
2020-09-05,US,South Carolina,Williamsburg,1230,39,0,33.62190129,-79.72767442,45089.0,4050.3161222339295,3.1707317073170733,1191,1221,39,0,1182,1211,30606,9,0,0,9,10
2020-09-05,US,South Carolina,York,4470,54,0,34.97281497,-81.18085944,45091.0,1590.866221319031,1.2080536912751678,4416,4435,51,0,4384,4395,274118,35,3,0,32,40
2020-09-05,US,South Dakota,Aurora,42,0,0,43.71757685,-98.56050467,46003.0,1526.7175572519086,0.0,42,42,0,0,42,42,2801,0,0,0,0,0
2020-09-05,US,South Dakota,Beadle,645,9,0,44.41464384,-98.27858469,46005.0,3495.3666070557633,1.3953488372093024,636,644,9,0,635,642,18883,1,0,0,1,2
2020-09-05,US,South Dakota,Bennett,32,0,0,43.19486375,-101.6665572,46007.0,950.965824665676,0.0,32,30,0,0,30,29,3468,2,0,0,2,1
2020-09-05,US,South Dakota,Bon Homme,57,1,0,42.98914167,-97.88592746,46009.0,825.9672511230258,1.7543859649122806,56,54,1,0,53,54,6980,3,0,0,3,0
2020-09-05,US,South Dakota,Brookings,468,1,0,44.36974375,-96.79079945,46011.0,1334.2076004219286,0.21367521367521367,467,431,1,0,430,402,35232,37,0,0,37,29
2020-09-05,US,South Dakota,Brown,774,3,0,45.58994323,-98.35165355,46013.0,1992.8422461958344,0.3875968992248062,771,742,3,0,739,718,39316,32,0,0,32,24
2020-09-05,US,South Dakota,Brule,74,0,0,43.71756379,-99.08118954,46015.0,1397.017179535586,0.0,74,70,0,0,70,70,5229,4,0,0,4,0
2020-09-05,US,South Dakota,Buffalo,110,3,0,44.07657829,-99.20814467,46017.0,5606.523955147808,2.727272727272727,107,110,3,0,107,110,2036,0,0,0,0,0
2020-09-05,US,South Dakota,Butte,52,1,0,44.90608745,-103.5079318,46019.0,498.60964617892415,1.9230769230769231,51,51,1,0,50,52,10222,1,0,0,1,-1
2020-09-05,US,South Dakota,Campbell,4,0,0,45.77074915,-100.0510181,46021.0,290.6976744186046,0.0,4,4,0,0,4,4,1377,0,0,0,0,0
2020-09-05,US,South Dakota,Charles Mix,124,0,0,43.20660134,-98.58856175,46023.0,1334.4812742143781,0.0,124,122,0,0,122,122,9338,2,0,0,2,0
2020-09-05,US,South Dakota,Clark,22,0,0,44.85834507,-97.72925109,46025.0,588.865096359743,0.0,22,21,0,0,21,21,3739,1,0,0,1,0
2020-09-05,US,South Dakota,Clay,446,3,0,42.91296147,-96.97656917,46027.0,3169.864960909737,0.672645739910314,443,427,2,0,425,413,14041,19,1,0,18,14
2020-09-05,US,South Dakota,Codington,414,2,0,44.97788119,-97.18827677,46029.0,1478.0963261808704,0.4830917874396135,412,399,2,0,397,372,28015,15,0,0,15,27
2020-09-05,US,South Dakota,Corson,67,0,0,45.70889983,-101.1970473,46031.0,1639.7454723445915,0.0,67,67,0,0,67,64,4165,0,0,0,0,3
2020-09-05,US,South Dakota,Custer,136,1,0,43.67741105,-103.45345209999999,46033.0,1515.8270173874273,0.7352941176470589,135,131,0,0,131,130,8726,5,1,0,4,1
2020-09-05,US,South Dakota,Davison,152,2,0,43.67490933,-98.14458906,46035.0,768.6472819216182,1.3157894736842106,150,148,2,0,146,146,19790,4,0,0,4,2
2020-09-05,US,South Dakota,Day,42,0,0,45.367281,-97.60737498,46037.0,774.3362831858408,0.0,42,43,0,0,43,39,5505,-1,0,0,-1,4
2020-09-05,US,South Dakota,Deuel,53,0,0,44.75994309,-96.66943645,46039.0,1218.1107791312345,0.0,53,53,0,0,53,50,4337,0,0,0,0,3
2020-09-05,US,South Dakota,Dewey,91,0,0,45.15639647,-100.8709139,46041.0,1544.4670739986425,0.0,91,92,0,0,92,89,5904,-1,0,0,-1,3
2020-09-05,US,South Dakota,Douglas,32,0,0,43.38520741,-98.36978007,46043.0,1095.51523450873,0.0,32,32,0,0,32,32,2935,0,0,0,0,0
2020-09-05,US,South Dakota,Edmunds,34,0,0,45.41846445,-99.21545423,46045.0,887.9603029511621,0.0,34,34,0,0,34,34,3875,0,0,0,0,0
2020-09-05,US,South Dakota,Fall River,63,1,0,43.23929297,-103.5275691,46047.0,938.4775808133473,1.5873015873015872,62,60,1,0,59,58,6758,3,0,0,3,2
2020-09-05,US,South Dakota,Faulk,37,1,0,45.07082625,-99.14535601,46049.0,1609.3953892996954,2.702702702702702,36,36,1,0,35,34,2330,1,0,0,1,2
2020-09-05,US,South Dakota,Grant,50,0,0,45.1723937,-96.77002276,46051.0,709.0187180941575,0.0,50,47,0,0,47,45,7147,3,0,0,3,2
2020-09-05,US,South Dakota,Gregory,35,1,0,43.19419064,-99.18883902,46053.0,836.3201911589008,2.8571428571428568,34,35,1,0,34,34,4212,0,0,0,0,1
2020-09-05,US,South Dakota,Haakon,6,0,0,44.29299053,-101.539099,46055.0,315.955766192733,0.0,6,6,0,0,6,6,1918,0,0,0,0,0
2020-09-05,US,South Dakota,Hamlin,65,0,0,44.67385954,-97.18829593,46057.0,1054.510058403634,0.0,65,65,0,0,65,63,6111,0,0,0,0,2
2020-09-05,US,South Dakota,Hand,15,0,0,44.54708407,-99.00386459,46059.0,470.0720777185835,0.0,15,15,0,0,15,15,3262,0,0,0,0,0
2020-09-05,US,South Dakota,Hanson,25,0,0,43.6746384,-97.78715148,46061.0,724.0081088908196,0.0,25,24,0,0,24,24,3376,1,0,0,1,0
2020-09-05,US,South Dakota,Harding,2,0,0,45.58015551,-103.4958629,46063.0,154.08320493066256,0.0,2,2,0,0,2,2,1249,0,0,0,0,0
2020-09-05,US,South Dakota,Hughes,141,4,0,44.39091534,-99.99661148,46065.0,804.5190003423485,2.8368794326241136,137,138,4,0,134,135,17650,3,0,0,3,3
2020-09-05,US,South Dakota,Hutchinson,55,1,0,43.33449012,-97.75536441,46067.0,754.3546838568097,1.818181818181818,54,51,1,0,50,49,7380,4,0,0,4,2
2020-09-05,US,South Dakota,Hyde,8,0,0,44.54747703,-99.48572582,46069.0,614.9116064565719,0.0,8,8,0,0,8,8,1282,0,0,0,0,0
2020-09-05,US,South Dakota,Jackson,12,1,0,43.69318385,-101.6255063,46071.0,358.85167464114835,8.333333333333334,11,12,1,0,11,12,3307,0,0,0,0,0
2020-09-05,US,South Dakota,Jerauld,44,1,0,44.06637798,-98.62965972,46073.0,2185.792349726776,2.272727272727273,43,44,1,0,43,43,2043,0,0,0,0,1
2020-09-05,US,South Dakota,Jones,5,0,0,43.96278565,-100.6940008,46075.0,553.7098560354374,0.0,5,5,0,0,5,5,928,0,0,0,0,0
2020-09-05,US,South Dakota,Kingsbury,24,0,0,44.36956169,-97.4913945,46077.0,485.9283255719782,0.0,24,25,0,0,25,24,4919,-1,0,0,-1,1
2020-09-05,US,South Dakota,Lake,126,6,0,44.02193107,-97.12926365,46079.0,984.6057669766353,4.761904761904762,120,122,6,0,116,118,13057,4,0,0,4,4
2020-09-05,US,South Dakota,Lawrence,258,4,0,44.35919441,-103.79294279999999,46081.0,998.2974771707167,1.5503875968992251,254,252,3,0,249,240,25741,6,1,0,5,12
2020-09-05,US,South Dakota,Lincoln,972,2,0,43.27841182,-96.72039050000001,46083.0,1590.106007067138,0.20576131687242802,970,958,2,0,956,952,58807,14,0,0,14,6
2020-09-05,US,South Dakota,Lyman,104,3,0,43.89522709,-99.85201878,46085.0,2750.5950806664905,2.8846153846153846,101,104,3,0,101,104,3821,0,0,0,0,0
2020-09-05,US,South Dakota,Marshall,19,0,0,45.75870838,-97.59855639,46091.0,385.0050658561297,0.0,19,19,0,0,19,19,5112,0,0,0,0,0
2020-09-05,US,South Dakota,McCook,58,1,0,43.6742571,-97.36863144,46087.0,1038.3100608664515,1.7241379310344829,57,54,1,0,53,53,5546,4,0,0,4,1
2020-09-05,US,South Dakota,McPherson,12,0,0,45.76626028,-99.22118798,46089.0,504.4136191677175,0.0,12,11,0,0,11,10,2407,1,0,0,1,1
2020-09-05,US,South Dakota,Meade,338,1,0,44.56676791,-102.71627409999999,46093.0,1192.9973175208245,0.2958579881656805,337,332,1,0,331,324,28294,6,0,0,6,8
2020-09-05,US,South Dakota,Mellette,25,0,0,43.58078848,-100.7563186,46095.0,1213.0033964095098,0.0,25,25,0,0,25,25,2042,0,0,0,0,0
2020-09-05,US,South Dakota,Miner,17,0,0,44.02197882,-97.60992207,46097.0,767.1480144404331,0.0,17,17,0,0,17,17,2213,0,0,0,0,0
2020-09-05,US,South Dakota,Minnehaha,5548,71,0,43.67441641,-96.7910885,46099.0,2872.616939534209,1.2797404470079308,5477,5496,71,0,5425,5457,192876,52,0,0,52,39
2020-09-05,US,South Dakota,Moody,51,0,0,44.02266214,-96.67081159,46101.0,775.5474452554747,0.0,51,48,0,0,48,47,6579,3,0,0,3,1
2020-09-05,US,South Dakota,Oglala Lakota,193,2,0,43.33749164,-102.55554980000001,46102.0,1361.359949213515,1.0362694300518134,191,187,2,0,185,186,14309,6,0,0,6,1
2020-09-05,US,South Dakota,Pennington,1598,33,0,44.0025835,-102.8240777,46103.0,1404.5264776972094,2.065081351689612,1565,1560,33,0,1527,1536,111729,38,0,0,38,24
2020-09-05,US,South Dakota,Perkins,23,0,0,45.49049506,-102.47555859999999,46105.0,802.7923211169284,0.0,23,23,0,0,23,19,2922,0,0,0,0,4
2020-09-05,US,South Dakota,Potter,24,0,0,45.06583079,-99.95498503,46107.0,1114.7236414305619,0.0,24,20,0,0,20,18,2207,4,0,0,4,2
2020-09-05,US,South Dakota,Roberts,105,1,0,45.62975048,-96.94672673,46109.0,1010.1981912641907,0.9523809523809524,104,104,1,0,103,102,10447,1,0,0,1,2
2020-09-05,US,South Dakota,Sanborn,16,0,0,44.02351092,-98.09098159999999,46111.0,682.5938566552901,0.0,16,16,0,0,16,15,2429,0,0,0,0,1
2020-09-05,US,South Dakota,Spink,60,0,0,44.93837606,-98.34626602,46115.0,941.0288582183186,0.0,60,57,0,0,57,56,6495,3,0,0,3,1
2020-09-05,US,South Dakota,Stanley,22,0,0,44.41381872,-100.7349153,46117.0,710.1355713363463,0.0,22,22,0,0,22,21,3022,0,0,0,0,1
2020-09-05,US,South Dakota,Sully,8,0,0,44.71571812,-100.1278092,46119.0,575.1258087706685,0.0,8,8,0,0,8,8,1392,0,0,0,0,0
2020-09-05,US,South Dakota,Todd,87,5,0,43.19338568,-100.71955030000001,46121.0,854.8688218531984,5.747126436781608,82,86,5,0,81,83,10283,1,0,0,1,3
2020-09-05,US,South Dakota,Tripp,25,0,0,43.34459388,-99.8854891,46123.0,459.47436133063775,0.0,25,25,0,0,25,25,5478,0,0,0,0,0
2020-09-05,US,South Dakota,Turner,92,0,0,43.3109081,-97.14865776,46125.0,1097.3282442748089,0.0,92,88,0,0,88,85,8424,4,0,0,4,3
2020-09-05,US,South Dakota,Union,290,5,0,42.83112163,-96.6557828,46127.0,1820.2360030128045,1.7241379310344829,285,288,5,0,283,280,15619,2,0,0,2,8
2020-09-05,US,South Dakota,Walworth,52,0,0,45.43019636,-100.03075140000001,46129.0,956.7617295308188,0.0,52,49,0,0,49,46,5587,3,0,0,3,3
2020-09-05,US,South Dakota,Yankton,253,3,0,43.00924485,-97.39467635,46135.0,1108.9681774349085,1.1857707509881423,250,252,3,0,249,247,22869,1,0,0,1,5
2020-09-05,US,South Dakota,Ziebach,55,0,0,44.97881876,-101.6654622,46137.0,1995.645863570392,0.0,55,53,0,0,53,52,2742,2,0,0,2,1
2020-09-05,US,Tennessee,Anderson,936,8,0,36.12684348,-84.19965764,47001.0,1215.9318246771804,0.8547008547008547,928,920,8,0,912,915,76482,16,0,0,16,5
2020-09-05,US,Tennessee,Bedford,1149,14,0,35.51123746,-86.45549096,47003.0,2311.2666706897594,1.2184508268059182,1135,1144,14,0,1130,1143,49038,5,0,0,5,1
2020-09-05,US,Tennessee,Benton,279,7,0,36.07110411,-88.06849355,47005.0,1726.4851485148513,2.508960573476702,272,278,6,0,272,269,16184,1,1,0,0,9
2020-09-05,US,Tennessee,Bledsoe,798,4,0,35.59942968,-85.20611967,47007.0,5297.39776951673,0.5012531328320802,794,797,4,0,793,794,14755,1,0,0,1,3
2020-09-05,US,Tennessee,Blount,2128,17,0,35.68938198,-83.92847788,47009.0,1598.9420533782159,0.7988721804511278,2111,2111,17,0,2094,2076,131349,17,0,0,17,35
2020-09-05,US,Tennessee,Bradley,2569,16,0,35.15739424,-84.857186,47011.0,2376.2834150402373,0.6228104320747373,2553,2535,16,0,2519,2526,106727,34,0,0,34,9
2020-09-05,US,Tennessee,Campbell,357,3,0,36.40355516,-84.15108559999999,47013.0,896.0393554540434,0.8403361344537815,354,351,3,0,348,347,39583,6,0,0,6,4
2020-09-05,US,Tennessee,Cannon,227,0,0,35.80990797,-86.05738983,47015.0,1546.5322250987872,0.0,227,222,0,0,222,216,14462,5,0,0,5,6
2020-09-05,US,Tennessee,Carroll,677,10,0,35.97366108,-88.45189331,47017.0,2438.146000648252,1.4771048744460855,667,667,9,0,658,654,28020,10,1,0,9,13
2020-09-05,US,Tennessee,Carter,980,24,0,36.28969086,-82.12588974,47019.0,1737.865971520278,2.4489795918367347,956,959,24,0,935,953,56351,21,0,0,21,6
2020-09-05,US,Tennessee,Cheatham,723,10,0,36.26136216,-87.08903581,47021.0,1777.8542798829515,1.3831258644536653,713,718,10,0,708,719,40439,5,0,0,5,-1
2020-09-05,US,Tennessee,Chester,453,6,0,35.42527478,-88.6095842,47023.0,2618.951263224837,1.3245033112582782,447,441,6,0,435,438,17276,12,0,0,12,3
2020-09-05,US,Tennessee,Claiborne,374,3,0,36.48319149,-83.65947309,47025.0,1170.249382020714,0.8021390374331551,371,368,3,0,365,364,31756,6,0,0,6,4
2020-09-05,US,Tennessee,Clay,130,2,0,36.55151008,-85.53930419,47027.0,1707.156927117531,1.5384615384615383,128,129,2,0,127,128,7717,1,0,0,1,1
2020-09-05,US,Tennessee,Cocke,665,7,0,35.9278914,-83.11828725,47029.0,1847.016998111321,1.0526315789473684,658,655,7,0,648,653,35774,10,0,0,10,2
2020-09-05,US,Tennessee,Coffee,813,7,0,35.49090731,-86.07311784,47031.0,1438.4288747346072,0.8610086100861009,806,790,6,0,784,783,55700,23,1,0,22,7
2020-09-05,US,Tennessee,Crockett,427,14,0,35.81830662,-89.14916269,47033.0,3000.702740688686,3.278688524590164,413,417,14,0,403,410,14328,10,0,0,10,7
2020-09-05,US,Tennessee,Cumberland,985,9,0,35.95271721,-84.99840585,47035.0,1627.5611368142763,0.9137055837563453,976,970,9,0,961,944,59673,15,0,0,15,26
2020-09-05,US,Tennessee,Davidson,24001,264,0,36.17007426,-86.78646056,47037.0,3457.639913332104,1.0999541685763092,23737,23830,261,0,23569,23778,692587,171,3,0,168,52
2020-09-05,US,Tennessee,DeKalb,501,6,0,35.97616272,-85.83689361,47041.0,2445.0951683748167,1.1976047904191616,495,498,6,0,492,490,20138,3,0,0,3,8
2020-09-05,US,Tennessee,Decatur,340,4,0,35.60048904,-88.11043779,47039.0,2915.201920603619,1.1764705882352942,336,332,4,0,328,320,11706,8,0,0,8,12
2020-09-05,US,Tennessee,Dickson,988,9,0,36.14669837,-87.35891709,47043.0,1831.39319344554,0.9109311740890688,979,970,9,0,961,955,53446,18,0,0,18,15
2020-09-05,US,Tennessee,Dyer,1034,10,0,36.05931946,-89.41542855,47045.0,2782.636777093033,0.9671179883945842,1024,1025,10,0,1015,1013,37320,9,0,0,9,12
2020-09-05,US,Tennessee,Fayette,983,11,0,35.19615831,-89.41399032,47047.0,2389.808669438164,1.1190233977619533,972,976,11,0,965,973,40507,7,0,0,7,3
2020-09-05,US,Tennessee,Fentress,291,0,0,36.38128818,-84.92870012,47049.0,1571.0198132052044,0.0,291,278,0,0,278,269,18217,13,0,0,13,9
2020-09-05,US,Tennessee,Franklin,614,5,0,35.15634626,-86.09201039,47051.0,1454.7005307050797,0.8143322475570033,609,574,4,0,570,567,41890,40,1,0,39,7
2020-09-05,US,Tennessee,Gibson,1174,17,0,35.99438059,-88.93358327,47053.0,2389.432764130015,1.4480408858603069,1157,1152,16,0,1136,1139,49045,22,1,0,21,13
2020-09-05,US,Tennessee,Giles,473,15,0,35.20222469,-87.03992678,47055.0,1605.348900352973,3.171247357293869,458,467,15,0,452,464,29503,6,0,0,6,3
2020-09-05,US,Tennessee,Grainger,290,1,0,36.27469206,-83.51254721,47057.0,1243.5677530017153,0.3448275862068966,289,291,1,0,290,283,23145,-1,0,0,-1,8
2020-09-05,US,Tennessee,Greene,916,19,0,36.17470125,-82.84691273,47059.0,1326.2100218621958,2.074235807860262,897,890,18,0,872,878,69087,26,1,0,25,12
2020-09-05,US,Tennessee,Grundy,155,3,0,35.38433717,-85.72142731,47061.0,1154.3904073880985,1.935483870967742,152,152,3,0,149,153,13346,3,0,0,3,-1
2020-09-05,US,Tennessee,Hamblen,1685,21,0,36.21990035,-83.26586179,47063.0,2594.942557057936,1.2462908011869436,1664,1675,22,0,1653,1668,64569,10,-1,0,11,7
2020-09-05,US,Tennessee,Hamilton,8427,77,0,35.17670231,-85.16652245,47065.0,2291.1659470805107,0.9137296784146196,8350,8326,77,0,8249,8294,364286,101,0,0,101,32
2020-09-05,US,Tennessee,Hancock,98,2,0,36.52692871,-83.22375847,47067.0,1480.362537764351,2.0408163265306123,96,97,2,0,95,97,6549,1,0,0,1,0
2020-09-05,US,Tennessee,Hardeman,1278,22,0,35.20772017,-88.99161161,47069.0,5101.7964071856295,1.7214397496087637,1256,1277,22,0,1255,1262,25220,1,0,0,1,15
2020-09-05,US,Tennessee,Hardin,788,12,0,35.19732531,-88.18593755,47071.0,3071.885233120225,1.5228426395939083,776,772,12,0,760,760,25776,16,0,0,16,12
2020-09-05,US,Tennessee,Hawkins,691,13,0,36.44355426,-82.94885298,47073.0,1216.8492234001335,1.8813314037626627,678,684,13,0,671,680,56530,7,0,0,7,4
2020-09-05,US,Tennessee,Haywood,798,12,0,35.58332824,-89.28536625,47075.0,4611.650485436892,1.5037593984962403,786,787,12,0,775,779,17335,11,0,0,11,8
2020-09-05,US,Tennessee,Henderson,951,11,0,35.65581134,-88.38600175,47077.0,3382.295408471743,1.1566771819137749,940,940,10,0,930,922,27847,11,1,0,10,18
2020-09-05,US,Tennessee,Henry,523,7,0,36.33160906,-88.30121797,47079.0,1616.9423403926419,1.338432122370937,516,513,7,0,506,493,32358,10,0,0,10,20
2020-09-05,US,Tennessee,Hickman,402,4,0,35.80609681,-87.47643507,47081.0,1596.631980300262,0.9950248756218906,398,399,4,0,395,396,25063,3,0,0,3,3
2020-09-05,US,Tennessee,Houston,115,0,0,36.28872054,-87.71878828,47083.0,1402.268016095598,0.0,115,113,0,0,113,111,8263,2,0,0,2,2
2020-09-05,US,Tennessee,Humphreys,175,3,0,36.03958805,-87.77992872,47085.0,941.771606931439,1.7142857142857142,172,173,3,0,170,168,18486,2,0,0,2,5
2020-09-05,US,Tennessee,Jackson,261,2,0,36.36380466,-85.67239905,47087.0,2214.4917698964873,0.7662835249042146,259,258,2,0,256,250,11758,3,0,0,3,8
2020-09-05,US,Tennessee,Jefferson,887,7,0,36.04818632,-83.45148924,47089.0,1627.6722635104138,0.7891770011273957,880,859,7,0,852,846,54012,28,0,0,28,13
2020-09-05,US,Tennessee,Johnson,435,1,0,36.45523950000001,-81.84886538,47091.0,2445.4688554081404,0.2298850574712644,434,430,1,0,429,428,17778,5,0,0,5,2
2020-09-05,US,Tennessee,Knox,7053,64,0,35.99508821,-83.94635435,47093.0,1499.6396017120514,0.9074152842761946,6989,6863,64,0,6799,6736,465289,190,0,0,190,127
2020-09-05,US,Tennessee,Lake,846,2,0,36.34180170000001,-89.48921915,47095.0,12058.152793614598,0.2364066193853428,844,844,2,0,842,844,7411,2,0,0,2,0
2020-09-05,US,Tennessee,Lauderdale,739,12,0,35.75893438,-89.63015909999999,47097.0,2883.0023797448603,1.6238159675236807,727,733,12,0,721,726,25825,6,0,0,6,7
2020-09-05,US,Tennessee,Lawrence,785,10,0,35.21675201,-87.39787695,47099.0,1778.3516832042044,1.2738853503184713,775,768,9,0,759,765,43734,17,1,0,16,3
2020-09-05,US,Tennessee,Lewis,148,1,0,35.52853208,-87.49022694,47101.0,1206.3906097163353,0.6756756756756757,147,146,1,0,145,144,12086,2,0,0,2,2
2020-09-05,US,Tennessee,Lincoln,444,1,0,35.13738622,-86.58910106,47103.0,1291.9746260839204,0.22522522522522526,443,438,1,0,437,432,34117,6,0,0,6,6
2020-09-05,US,Tennessee,Loudon,969,4,0,35.73939663,-84.31145275,47105.0,1792.1876155951763,0.41279669762641896,965,955,4,0,951,942,53054,14,0,0,14,13
2020-09-05,US,Tennessee,Macon,946,16,0,36.53157855,-86.00778595,47111.0,3845.215836110885,1.6913319238900637,930,935,16,0,919,930,24265,11,0,0,11,5
2020-09-05,US,Tennessee,Madison,2043,48,0,35.61181957,-88.84076036,47113.0,2085.0342913128675,2.3494860499265786,1995,1988,46,0,1942,1949,97605,55,2,0,53,39
2020-09-05,US,Tennessee,Marion,377,7,0,35.12997174,-85.62265895,47115.0,1304.1823779707338,1.856763925729443,370,361,7,0,354,356,28575,16,0,0,16,5
2020-09-05,US,Tennessee,Marshall,585,4,0,35.45798777,-86.76420988,47117.0,1701.8181818181818,0.6837606837606838,581,576,4,0,572,577,33683,9,0,0,9,-1
2020-09-05,US,Tennessee,Maury,1856,18,0,35.618741299999996,-87.07462444,47119.0,1925.5708757405048,0.9698275862068966,1838,1831,17,0,1814,1822,94340,25,1,0,24,9
2020-09-05,US,Tennessee,McMinn,856,24,0,35.42812616,-84.61520715,47107.0,1591.255530356545,2.803738317757009,832,840,23,0,817,834,53285,16,1,0,15,6
2020-09-05,US,Tennessee,McNairy,624,14,0,35.17468549,-88.5647812,47109.0,2428.5825484548927,2.243589743589744,610,610,13,0,597,582,25832,14,1,0,13,28
2020-09-05,US,Tennessee,Meigs,175,2,0,35.51558739,-84.81482914,47121.0,1408.790854934793,1.1428571428571428,173,171,2,0,169,169,12306,4,0,0,4,2
2020-09-05,US,Tennessee,Monroe,859,15,0,35.44550387,-84.24902965,47123.0,1845.5258352132346,1.7462165308498254,844,848,15,0,833,828,46357,11,0,0,11,20
2020-09-05,US,Tennessee,Montgomery,2576,31,0,36.49609412,-87.38550661,47125.0,1232.577167656333,1.2034161490683228,2545,2555,30,0,2525,2536,205950,21,1,0,20,19
2020-09-05,US,Tennessee,Moore,116,1,0,35.27724699,-86.36230578,47127.0,1787.9161528976572,0.8620689655172413,115,115,1,0,114,115,6411,1,0,0,1,0
2020-09-05,US,Tennessee,Morgan,261,2,0,36.13248031,-84.64880098,47129.0,1219.4552165584264,0.7662835249042146,259,255,2,0,253,248,21579,6,0,0,6,7
2020-09-05,US,Tennessee,Obion,917,8,0,36.35732446,-89.14921589,47131.0,3049.6524659948786,0.8724100327153762,909,908,8,0,900,883,30267,9,0,0,9,25
2020-09-05,US,Tennessee,Out of TN,2469,24,0,0.0,0.0,80047.0,0.0,0.9720534629404616,2445,2477,24,0,2453,2518,,-8,0,0,-8,-41
2020-09-05,US,Tennessee,Overton,528,2,0,36.34117832,-85.28989535,47133.0,2373.993975091048,0.3787878787878788,526,519,2,0,517,505,22068,9,0,0,9,14
2020-09-05,US,Tennessee,Perry,120,0,0,35.63708728,-87.86139634,47135.0,1485.8841010401188,0.0,120,117,0,0,117,114,8064,3,0,0,3,3
2020-09-05,US,Tennessee,Pickett,79,1,0,36.55606529,-85.07763299999998,47137.0,1564.9762282091915,1.2658227848101269,78,73,1,0,72,72,5082,6,0,0,6,1
2020-09-05,US,Tennessee,Polk,350,10,0,35.12245443,-84.52075859,47139.0,2079.372623574145,2.8571428571428568,340,344,10,0,334,344,16898,6,0,0,6,0
2020-09-05,US,Tennessee,Putnam,2454,31,0,36.14005459,-85.50646123,47141.0,3058.13446320643,1.263243683781581,2423,2415,29,0,2386,2384,78843,39,2,0,37,31
2020-09-05,US,Tennessee,Rhea,671,5,0,35.60536161,-84.93076643,47143.0,2023.0952452739166,0.7451564828614009,666,663,5,0,658,663,33044,8,0,0,8,0
2020-09-05,US,Tennessee,Roane,674,2,0,35.84923189,-84.52458689,47145.0,1262.5978794350156,0.2967359050445104,672,669,2,0,667,662,53140,5,0,0,5,7
2020-09-05,US,Tennessee,Robertson,1971,30,0,36.52454807,-86.87346725,47147.0,2744.628409897929,1.5220700152206998,1941,1956,29,0,1927,1942,71012,15,1,0,14,14
2020-09-05,US,Tennessee,Rutherford,8110,80,0,35.84591405,-86.4107263,47149.0,2440.6759257865992,0.9864364981504316,8030,8059,77,0,7982,8018,324890,51,3,0,48,41
2020-09-05,US,Tennessee,Scott,167,2,0,36.42325673,-84.50360494,47151.0,756.7518578937828,1.1976047904191616,165,166,2,0,164,163,22039,1,0,0,1,3
2020-09-05,US,Tennessee,Sequatchie,170,2,0,35.36979721,-85.41022136,47153.0,1131.3722880340742,1.1764705882352942,168,168,2,0,166,167,14876,2,0,0,2,1
2020-09-05,US,Tennessee,Sevier,2315,13,0,35.78077323,-83.52244332,47155.0,2356.234096692112,0.5615550755939525,2302,2302,13,0,2289,2283,97892,13,0,0,13,19
2020-09-05,US,Tennessee,Shelby,27631,400,0,35.1864775,-89.89692423,47157.0,2948.3570680114312,1.4476493793203289,27231,27474,398,0,27076,27410,935764,157,2,0,155,64
2020-09-05,US,Tennessee,Smith,567,8,0,36.25359775,-85.95411046,47159.0,2812.9185890757562,1.4109347442680775,559,559,8,0,551,549,19942,8,0,0,8,10
2020-09-05,US,Tennessee,Stewart,106,0,0,36.50235092,-87.83920548,47161.0,772.8764126868393,0.0,106,103,0,0,103,102,13561,3,0,0,3,1
2020-09-05,US,Tennessee,Sullivan,1837,26,0,36.51240691,-82.30412917,47163.0,1160.1030641372167,1.4153511159499184,1811,1820,26,0,1794,1800,157668,17,0,0,17,20
2020-09-05,US,Tennessee,Sumner,4246,87,0,36.46824103,-86.45917204,47165.0,2219.7477036642044,2.048987282147904,4159,4220,87,0,4133,4192,187149,26,0,0,26,28
2020-09-05,US,Tennessee,Tipton,1532,15,0,35.501942,-89.73694895,47167.0,2487.0533612558647,0.97911227154047,1517,1522,15,0,1507,1518,61581,10,0,0,10,4
2020-09-05,US,Tennessee,Trousdale,1629,7,0,36.39026213,-86.16087954,47169.0,14436.370081531371,0.4297114794352364,1622,1630,7,0,1623,1627,11012,-1,0,0,-1,3
2020-09-05,US,Tennessee,Unassigned,3767,7,0,0.0,0.0,90047.0,0.0,0.18582426333952748,3760,3702,7,0,3695,3718,,65,0,0,65,-16
2020-09-05,US,Tennessee,Unicoi,235,1,0,36.10890856,-82.43709629,47171.0,1314.097187272829,0.425531914893617,234,232,1,0,231,230,17761,3,0,0,3,2
2020-09-05,US,Tennessee,Union,245,1,0,36.28590426,-83.83651902,47173.0,1226.7174043661125,0.4081632653061225,244,245,1,0,244,244,19688,0,0,0,0,1
2020-09-05,US,Tennessee,Van Buren,106,0,0,35.69864497,-85.45221699,47175.0,1805.1771117166213,0.0,106,104,0,0,104,107,5765,2,0,0,2,-3
2020-09-05,US,Tennessee,Warren,894,7,0,35.672829899999996,-85.77969117,47177.0,2165.855076677084,0.7829977628635347,887,894,7,0,887,873,40878,0,0,0,0,21
2020-09-05,US,Tennessee,Washington,1819,14,0,36.29472368,-82.49454720000001,47179.0,1405.9903381642512,0.7696536558548653,1805,1773,14,0,1759,1766,128607,46,0,0,46,7
2020-09-05,US,Tennessee,Wayne,1487,2,0,35.23868267,-87.78644456,47181.0,8918.610927847418,0.13449899125756554,1485,1485,2,0,1483,1499,16558,2,0,0,2,-14
2020-09-05,US,Tennessee,Weakley,954,14,0,36.29896232,-88.71990865,47183.0,2862.457993278925,1.4675052410901468,940,939,13,0,926,924,33415,15,1,0,14,15
2020-09-05,US,Tennessee,White,616,7,0,35.92929884,-85.45591799,47185.0,2252.69701956482,1.1363636363636365,609,608,7,0,601,599,27107,8,0,0,8,9
2020-09-05,US,Tennessee,Williamson,4501,30,0,35.89099229,-86.89281867,47187.0,1887.908326762076,0.6665185514330149,4471,4455,30,0,4425,4424,231729,46,0,0,46,31
2020-09-05,US,Tennessee,Wilson,2993,31,0,36.15496772,-86.29775884,47189.0,2069.032262524455,1.0357500835282325,2962,2954,31,0,2923,2943,140625,39,0,0,39,11
2020-09-05,US,Texas,Anderson,2554,18,0,31.81534745,-95.65354823,48001.0,4423.659825062787,0.7047768206734534,2536,2538,18,0,2520,2519,58057,16,0,0,16,19
2020-09-05,US,Texas,Andrews,388,8,0,32.30468633,-102.63765479999999,48003.0,2074.311681368618,2.061855670103093,380,386,8,0,378,377,18128,2,0,0,2,9
2020-09-05,US,Texas,Angelina,2013,71,0,31.25457347,-94.60901487,48005.0,2321.397682061927,3.5270740188772978,1942,2013,70,0,1943,2013,87092,0,1,0,-1,0
2020-09-05,US,Texas,Aransas,295,18,0,28.10556197,-96.9995047,48007.0,1254.7851977881753,6.101694915254238,277,293,18,0,275,215,23792,2,0,0,2,78
2020-09-05,US,Texas,Archer,60,1,0,33.61569967,-98.68754589,48009.0,701.508242721852,1.6666666666666667,59,58,1,0,57,56,8786,2,0,0,2,2
2020-09-05,US,Texas,Armstrong,11,0,0,34.96507426,-101.35748740000001,48011.0,582.9358770535241,0.0,11,11,0,0,11,11,1892,0,0,0,0,0
2020-09-05,US,Texas,Atascosa,576,29,0,28.89333001,-98.52730485,48013.0,1126.0336637147384,5.034722222222221,547,576,28,0,548,576,50310,0,1,0,-1,0
2020-09-05,US,Texas,Austin,440,6,0,29.88548725,-96.27736949,48015.0,1465.1038891848693,1.3636363636363635,434,434,6,0,428,419,29989,6,0,0,6,15
2020-09-05,US,Texas,Bailey,203,4,0,34.06854817,-102.8299707,48017.0,2900.0,1.9704433497536944,199,203,4,0,199,202,7027,0,0,0,0,1
2020-09-05,US,Texas,Bandera,109,6,0,29.74619598,-99.24598147,48019.0,471.61647628937345,5.504587155963303,103,109,6,0,103,109,22824,0,0,0,0,0
2020-09-05,US,Texas,Bastrop,1638,27,0,30.10370699,-97.31206354,48021.0,1846.1954622814828,1.6483516483516485,1611,1633,27,0,1606,1616,86976,5,0,0,5,17
2020-09-05,US,Texas,Baylor,14,0,0,33.61640794,-99.21352901,48023.0,398.97406668566543,0.0,14,15,0,0,15,15,3582,-1,0,0,-1,0
2020-09-05,US,Texas,Bee,1791,24,0,28.41761668,-97.74215593,48025.0,5499.769691386457,1.340033500837521,1767,1792,24,0,1768,1643,32587,-1,0,0,-1,149
2020-09-05,US,Texas,Bell,4987,67,0,31.03736027,-97.4785025,48027.0,1374.1168949972998,1.3434930820132345,4920,4974,67,0,4907,4942,355642,13,0,0,13,32
2020-09-05,US,Texas,Bexar,47315,1159,0,29.44928723,-98.52019748,48029.0,2361.553519396033,2.449540314910705,46156,47184,1145,0,46039,47070,1986049,131,14,0,117,114
2020-09-05,US,Texas,Blanco,132,5,0,30.26640707,-98.3999852,48031.0,1106.3615790797082,3.787878787878788,127,132,5,0,127,129,11702,0,0,0,0,3
2020-09-05,US,Texas,Bosque,241,5,0,31.89978581,-97.63613524,48035.0,1289.8046561412898,2.074688796680498,236,240,5,0,235,232,18691,1,0,0,1,8
2020-09-05,US,Texas,Bowie,1097,44,0,33.44626922,-94.41834132,48037.0,1176.4705882352941,4.010938924339107,1053,1013,44,0,969,968,94324,84,0,0,84,45
2020-09-05,US,Texas,Brazoria,9642,146,0,29.18757369,-95.44563172,48039.0,2576.256332428446,1.514208670400332,9496,9670,145,0,9525,9591,370200,-28,1,0,-29,79
2020-09-05,US,Texas,Brazos,5201,58,0,30.663644800000004,-96.30205577,48041.0,2269.088307280192,1.1151701595846952,5143,5100,57,0,5043,4975,226758,101,1,0,100,125
2020-09-05,US,Texas,Brewster,203,2,0,29.81008251,-103.25203259999999,48043.0,2205.8024557209606,0.9852216748768472,201,203,2,0,201,203,9267,0,0,0,0,0
2020-09-05,US,Texas,Briscoe,12,1,0,34.53026962,-101.2084947,48045.0,776.1966364812421,8.333333333333334,11,12,1,0,11,12,1516,0,0,0,0,0
2020-09-05,US,Texas,Brooks,272,19,0,27.03103197,-98.21808402,48047.0,3834.766671366136,6.985294117647059,253,269,16,0,253,251,7114,3,3,0,0,18
2020-09-05,US,Texas,Brown,500,20,0,31.77430356,-98.99907113,48049.0,1320.515529262624,4.0,480,491,20,0,471,488,37924,9,0,0,9,3
2020-09-05,US,Texas,Burleson,301,6,0,30.49273808,-96.62158484,48051.0,1632.0555224204306,1.9933554817275747,295,296,6,0,290,293,18389,5,0,0,5,3
2020-09-05,US,Texas,Burnet,663,12,0,30.78801353,-98.181887,48053.0,1376.8040701900113,1.8099547511312215,651,664,12,0,652,669,47542,-1,0,0,-1,-5
2020-09-05,US,Texas,Caldwell,1358,34,0,29.83668859,-97.61814775,48055.0,3110.1135947233424,2.503681885125184,1324,1281,34,0,1247,1255,43247,77,0,0,77,26
2020-09-05,US,Texas,Calhoun,614,7,0,28.47048236,-96.61633945,48057.0,2883.9830906528887,1.1400651465798046,607,614,7,0,607,614,21561,0,0,0,0,0
2020-09-05,US,Texas,Callahan,73,3,0,32.29760619,-99.37326312,48059.0,523.5602094240837,4.109589041095891,70,73,3,0,70,72,13994,0,0,0,0,1
2020-09-05,US,Texas,Cameron,21563,812,0,26.14524221,-97.48140372,48061.0,5095.6723532066835,3.765709780642768,20751,21460,806,0,20654,21342,423908,103,6,0,97,118
2020-09-05,US,Texas,Camp,319,8,0,32.97195142,-94.97790104,48063.0,2436.230334504353,2.5078369905956115,311,318,8,0,310,316,13033,1,0,0,1,2
2020-09-05,US,Texas,Carson,17,0,0,35.40365929,-101.35426690000001,48065.0,286.87141410732363,0.0,17,17,0,0,17,17,6005,0,0,0,0,0
2020-09-05,US,Texas,Cass,267,12,0,33.07499881,-94.34646905,48067.0,889.2293345767002,4.49438202247191,255,262,12,0,250,261,30119,5,0,0,5,1
2020-09-05,US,Texas,Castro,236,4,0,34.53016752,-102.2617243,48069.0,3134.130146082337,1.6949152542372878,232,231,4,0,227,231,7665,5,0,0,5,0
2020-09-05,US,Texas,Chambers,1166,5,0,29.70972016,-94.67154501,48071.0,2659.8535483723795,0.4288164665523156,1161,1166,5,0,1161,1166,42454,0,0,0,0,0
2020-09-05,US,Texas,Cherokee,1450,21,0,31.837258000000002,-95.16559897,48073.0,2754.245336777723,1.4482758620689655,1429,1444,19,0,1425,1432,52592,6,2,0,4,12
2020-09-05,US,Texas,Childress,60,0,0,34.529304100000004,-100.2077916,48075.0,821.2428141253764,0.0,60,60,0,0,60,57,7291,0,0,0,0,3
2020-09-05,US,Texas,Clay,71,1,0,33.78686685,-98.20771198,48077.0,678.0632222328336,1.4084507042253518,70,70,1,0,69,69,10456,1,0,0,1,1
2020-09-05,US,Texas,Cochran,42,1,0,33.60425307,-102.82844990000001,48079.0,1472.1345951629864,2.380952380952381,41,40,1,0,39,39,2836,2,0,0,2,1
2020-09-05,US,Texas,Coke,49,3,0,31.88911733,-100.5297533,48081.0,1446.7080011809862,6.1224489795918355,46,49,3,0,46,49,3370,0,0,0,0,0
2020-09-05,US,Texas,Coleman,56,3,0,31.76736834,-99.45240766,48083.0,685.0152905198778,5.357142857142857,53,56,3,0,53,55,8397,0,0,0,0,1
2020-09-05,US,Texas,Collin,11424,117,0,33.18820114,-96.57264368,48085.0,1104.0561305847903,1.024159663865546,11307,11306,115,0,11191,11198,1005146,118,2,0,116,108
2020-09-05,US,Texas,Collingsworth,17,0,0,34.96489496,-100.27001109999999,48087.0,582.1917808219179,0.0,17,17,0,0,17,16,2962,0,0,0,0,1
2020-09-05,US,Texas,Colorado,449,4,0,29.622097999999998,-96.5273805,48089.0,2089.0522495696273,0.8908685968819601,445,466,4,0,462,448,21217,-17,0,0,-17,18
2020-09-05,US,Texas,Comal,2440,97,0,29.80811278,-98.27647225,48091.0,1562.0098713902528,3.9754098360655736,2343,2440,97,0,2343,2395,148373,0,0,0,0,45
2020-09-05,US,Texas,Comanche,221,3,0,31.94854689,-98.55876441,48093.0,1620.8287495416214,1.3574660633484164,218,218,3,0,215,218,13534,3,0,0,3,0
2020-09-05,US,Texas,Concho,58,1,0,31.32635934,-99.86473038,48095.0,2127.659574468085,1.7241379310344829,57,58,1,0,57,58,4276,0,0,0,0,0
2020-09-05,US,Texas,Cooke,341,5,0,33.63979567,-97.21240912,48097.0,826.5264076399156,1.4662756598240467,336,335,5,0,330,335,40574,6,0,0,6,0
2020-09-05,US,Texas,Coryell,1515,11,0,31.39078397,-97.79936155,48099.0,1994.7071137970527,0.7260726072607261,1504,1443,10,0,1433,1436,74808,72,1,0,71,7
2020-09-05,US,Texas,Cottle,18,2,0,34.07783319,-100.27850620000001,48101.0,1287.5536480686694,11.111111111111109,16,18,2,0,16,18,1389,0,0,0,0,0
2020-09-05,US,Texas,Crane,71,2,0,31.43052248,-102.5143314,48103.0,1480.091723994163,2.8169014084507036,69,71,2,0,69,71,4794,0,0,0,0,0
2020-09-05,US,Texas,Crockett,164,6,0,30.72367027,-101.4134238,48105.0,4734.411085450346,3.6585365853658534,158,162,6,0,156,162,3499,2,0,0,2,0
2020-09-05,US,Texas,Crosby,81,1,0,33.61431553,-101.30003640000001,48107.0,1411.8877462088199,1.2345679012345678,80,81,1,0,80,81,5779,0,0,0,0,0
2020-09-05,US,Texas,Culberson,37,2,0,31.44506775,-104.5185739,48109.0,1704.283740211884,5.405405405405406,35,37,2,0,35,36,2204,0,0,0,0,1
2020-09-05,US,Texas,Dallam,211,8,0,36.27787176,-102.60207249999999,48111.0,2895.56744888157,3.791469194312796,203,210,8,0,202,211,7200,1,0,0,1,-1
2020-09-05,US,Texas,Dallas,73453,1002,0,32.76670599,-96.77796049999999,48113.0,2787.044358675872,1.3641376118061888,72451,73055,991,0,72064,72610,2637772,398,11,0,387,445
2020-09-05,US,Texas,Dawson,245,8,0,32.74255572,-101.94772420000001,48115.0,1924.8900062853552,3.26530612244898,237,237,8,0,229,230,12619,8,0,0,8,7
2020-09-05,US,Texas,DeWitt,870,25,0,29.08101855,-97.35681170000001,48123.0,4315.476190476191,2.8735632183908044,845,870,25,0,845,870,20187,0,0,0,0,0
2020-09-05,US,Texas,Deaf Smith,816,20,0,34.96522957,-102.6054267,48117.0,4399.8705920414095,2.4509803921568634,796,816,20,0,796,809,18760,0,0,0,0,7
2020-09-05,US,Texas,Delta,19,0,0,33.38570922,-95.66921122,48119.0,356.40592759332213,0.0,19,18,0,0,18,17,5349,1,0,0,1,1
2020-09-05,US,Texas,Denton,10588,136,0,33.20521901,-97.11691153,48121.0,1193.4080772581822,1.2844729882886283,10452,10514,135,0,10379,10422,859064,74,1,0,73,92
2020-09-05,US,Texas,Dickens,45,1,0,33.61616822,-100.7788855,48125.0,2035.2781546811402,2.2222222222222223,44,45,1,0,44,44,2249,0,0,0,0,1
2020-09-05,US,Texas,Dimmit,186,7,0,28.42270064,-99.75645095,48127.0,1837.2184907151322,3.7634408602150535,179,186,7,0,179,186,10308,0,0,0,0,0
2020-09-05,US,Texas,Donley,55,1,0,34.96517499,-100.8140093,48129.0,1677.8523489932886,1.818181818181818,54,55,1,0,54,55,3319,0,0,0,0,0
2020-09-05,US,Texas,Duval,359,10,0,27.68184592,-98.50864568,48131.0,3217.710854172269,2.7855153203342615,349,358,10,0,348,351,11212,1,0,0,1,7
2020-09-05,US,Texas,Eastland,126,3,0,32.32743996,-98.83243566,48133.0,686.2745098039215,2.380952380952381,123,120,3,0,117,118,18322,6,0,0,6,2
2020-09-05,US,Texas,Ector,4353,73,0,31.86898877,-102.54294279999999,48135.0,2618.771168851483,1.6770043648058808,4280,4353,73,0,4280,4323,162124,0,0,0,0,30
2020-09-05,US,Texas,Edwards,34,1,0,29.98202582,-100.304252,48137.0,1759.8343685300208,2.9411764705882355,33,34,1,0,33,34,1928,0,0,0,0,0
2020-09-05,US,Texas,El Paso,20850,459,0,31.76980765,-106.23632749999999,48141.0,2484.396559736332,2.2014388489208634,20391,20686,449,0,20237,20686,840758,164,10,0,154,0
2020-09-05,US,Texas,Ellis,3888,60,0,32.34894117,-96.79371841,48139.0,2103.6001428370473,1.5432098765432098,3828,3856,60,0,3796,3843,179436,32,0,0,32,13
2020-09-05,US,Texas,Erath,722,10,0,32.23602653,-98.21773417,48143.0,1690.9457117429388,1.3850415512465375,712,712,10,0,702,706,42446,10,0,0,10,6
2020-09-05,US,Texas,Falls,174,3,0,31.25350609,-96.93630086,48145.0,1005.9547898479506,1.7241379310344829,171,173,3,0,170,172,17335,1,0,0,1,1
2020-09-05,US,Texas,Fannin,615,12,0,33.59564294,-96.10751083,48147.0,1731.711437742862,1.951219512195122,603,612,12,0,600,611,35286,3,0,0,3,1
2020-09-05,US,Texas,Fayette,476,18,0,29.87788372,-96.92076062,48149.0,1878.0083642389327,3.7815126050420167,458,474,17,0,457,474,25349,2,1,0,1,0
2020-09-05,US,Texas,Fisher,60,1,0,32.74281316,-100.40193020000001,48151.0,1566.579634464752,1.6666666666666667,59,60,1,0,59,60,3839,0,0,0,0,0
2020-09-05,US,Texas,Floyd,99,9,0,34.07227468,-101.3031546,48153.0,1733.1932773109245,9.090909090909092,90,99,9,0,90,99,5837,0,0,0,0,0
2020-09-05,US,Texas,Foard,3,0,0,33.97308618,-99.7767797,48155.0,259.7402597402597,0.0,3,3,0,0,3,3,1200,0,0,0,0,0
2020-09-05,US,Texas,Fort Bend,15144,247,0,29.52704478,-95.77219463,48157.0,1865.7415164447425,1.631008980454305,14897,15100,244,0,14856,15081,787858,44,3,0,41,19
2020-09-05,US,Texas,Franklin,117,6,0,33.17653242,-95.21917243,48159.0,1090.909090909091,5.128205128205129,111,117,6,0,111,116,10766,0,0,0,0,1
2020-09-05,US,Texas,Freestone,386,1,0,31.70422788,-96.15072516,48161.0,1957.7014758837552,0.2590673575129533,385,389,1,0,388,388,19808,-3,0,0,-3,1
2020-09-05,US,Texas,Frio,644,7,0,28.86751206,-99.10804207,48163.0,3171.4764109130306,1.0869565217391304,637,644,7,0,637,641,19816,0,0,0,0,3
2020-09-05,US,Texas,Gaines,268,8,0,32.74055318,-102.6353295,48165.0,1246.9756188349154,2.985074626865672,260,264,8,0,256,262,20901,4,0,0,4,2
2020-09-05,US,Texas,Galveston,10808,144,0,29.40167322,-94.90469073,48167.0,3158.950017390593,1.3323464100666174,10664,10780,143,0,10637,10715,337890,28,1,0,27,65
2020-09-05,US,Texas,Garza,102,3,0,33.17969345,-101.2984114,48169.0,1637.5020067426553,2.9411764705882355,99,102,3,0,99,102,6578,0,0,0,0,0
2020-09-05,US,Texas,Gillespie,205,8,0,30.31824095,-98.94676915,48171.0,759.5968578627537,3.902439024390244,197,205,7,0,198,203,26804,0,1,0,-1,2
2020-09-05,US,Texas,Glasscock,6,0,0,31.86942909,-101.5207776,48173.0,425.83392476934,0.0,6,6,0,0,6,6,1388,0,0,0,0,0
2020-09-05,US,Texas,Goliad,121,6,0,28.65696592,-97.42760647,48175.0,1580.0470096630975,4.958677685950414,115,121,6,0,115,121,7584,0,0,0,0,0
2020-09-05,US,Texas,Gonzales,819,14,0,29.45634206,-97.49424032,48177.0,3930.508230551423,1.709401709401709,805,819,13,0,806,818,20826,0,1,0,-1,1
2020-09-05,US,Texas,Gray,250,5,0,35.40081878,-100.8129222,48179.0,1142.282737823266,2.0,245,249,5,0,244,246,21895,1,0,0,1,3
2020-09-05,US,Texas,Grayson,1568,30,0,33.62744998,-96.67753461,48181.0,1151.1467418435968,1.913265306122449,1538,1550,29,0,1521,1532,133991,18,1,0,17,18
2020-09-05,US,Texas,Gregg,1960,51,0,32.47940482,-94.81591935,48183.0,1581.3465650086735,2.6020408163265305,1909,1952,51,0,1901,1936,123707,8,0,0,8,16
2020-09-05,US,Texas,Grimes,1000,31,0,30.54579585,-95.98902499,48185.0,3462.6038781163434,3.1,969,998,31,0,967,1000,28360,2,0,0,2,-2
2020-09-05,US,Texas,Guadalupe,1903,74,0,29.58165339,-97.94786822,48187.0,1140.5659076878815,3.8885969521807673,1829,1903,74,0,1829,1903,163694,0,0,0,0,0
2020-09-05,US,Texas,Hale,1675,49,0,34.07044901,-101.82681140000001,48189.0,5014.069328863078,2.925373134328358,1626,1675,49,0,1626,1667,33830,0,0,0,0,8
2020-09-05,US,Texas,Hall,16,1,0,34.5307555,-100.68138520000001,48191.0,539.8110661268556,6.25,15,16,1,0,15,16,3028,0,0,0,0,0
2020-09-05,US,Texas,Hamilton,105,4,0,31.70470573,-98.11083887,48193.0,1240.9880628767285,3.809523809523809,101,105,3,0,102,105,8484,0,1,0,-1,0
2020-09-05,US,Texas,Hansford,105,3,0,36.27743284,-101.3545796,48195.0,1944.8045934432305,2.8571428571428568,102,104,3,0,101,103,5463,1,0,0,1,1
2020-09-05,US,Texas,Hardeman,22,0,0,34.28944521,-99.74632408,48197.0,559.3694380879734,0.0,22,22,0,0,22,22,3922,0,0,0,0,0
2020-09-05,US,Texas,Hardin,1205,21,0,30.33364686,-94.38931817,48199.0,2091.94125203986,1.7427385892116185,1184,1195,21,0,1174,1181,57207,10,0,0,10,14
2020-09-05,US,Texas,Harris,110762,2327,0,29.85864939,-95.39339521,48201.0,2349.9758662939644,2.1009010310395264,108435,109834,2300,0,107534,108819,4698619,928,27,0,901,1015
2020-09-05,US,Texas,Harrison,816,29,0,32.54935988,-94.36934071,48203.0,1226.09048427569,3.5539215686274512,787,816,28,0,788,811,66726,0,1,0,-1,5
2020-09-05,US,Texas,Hartley,105,0,0,35.84008013,-102.6029022,48205.0,1883.070301291248,0.0,105,104,0,0,104,104,5619,1,0,0,1,0
2020-09-05,US,Texas,Haskell,56,2,0,33.17823584,-99.73037358,48207.0,989.7490279250619,3.571428571428572,54,56,2,0,54,56,5813,0,0,0,0,0
2020-09-05,US,Texas,Hays,5471,58,0,30.05669873,-98.02944344,48209.0,2376.7219396066744,1.0601352586364468,5413,5471,58,0,5413,5446,222631,0,0,0,0,25
2020-09-05,US,Texas,Hemphill,64,0,0,35.83764858,-100.2703577,48211.0,1675.8313694684473,0.0,64,64,0,0,64,60,3825,0,0,0,0,4
2020-09-05,US,Texas,Henderson,850,19,0,32.21128872,-95.85846587,48213.0,1027.3517289725273,2.235294117647059,831,842,18,0,824,834,82299,8,1,0,7,8
2020-09-05,US,Texas,Hidalgo,28369,1250,0,26.39418217,-98.18299696,48215.0,3265.658041203766,4.406218054919101,27119,28369,1250,0,27119,28178,865939,0,0,0,0,191
2020-09-05,US,Texas,Hill,392,11,0,31.99045053,-97.13423143,48217.0,1069.606264836694,2.8061224489795915,381,390,11,0,379,383,36354,2,0,0,2,7
2020-09-05,US,Texas,Hockley,286,6,0,33.60771256,-102.3431676,48219.0,1242.3439468311542,2.097902097902098,280,281,5,0,276,278,22980,5,1,0,4,3
2020-09-05,US,Texas,Hood,802,24,0,32.42990927,-97.83242024,48221.0,1301.0398585403047,2.9925187032418954,778,794,23,0,771,791,60537,8,1,0,7,3
2020-09-05,US,Texas,Hopkins,256,8,0,33.14875072,-95.56351139,48223.0,690.3246683205696,3.125,248,253,8,0,245,251,36810,3,0,0,3,2
2020-09-05,US,Texas,Houston,341,9,0,31.31925973,-95.42226208,48225.0,1484.6743295019155,2.6392961876832843,332,342,9,0,333,342,23169,-1,0,0,-1,0
2020-09-05,US,Texas,Howard,364,8,0,32.30621324,-101.4356444,48227.0,992.7994763255507,2.1978021978021984,356,302,8,0,294,285,36459,62,0,0,62,17
2020-09-05,US,Texas,Hudspeth,41,2,0,31.45628381,-105.388178,48229.0,839.1322144903805,4.878048780487805,39,39,2,0,37,39,4795,2,0,0,2,0
2020-09-05,US,Texas,Hunt,1458,32,0,33.12351514,-96.08551032,48231.0,1478.7918128892225,2.194787379972565,1426,1450,31,0,1419,1441,96493,8,1,0,7,9
2020-09-05,US,Texas,Hutchinson,153,3,0,35.84006574,-101.3546643,48233.0,730.7288184162767,1.96078431372549,150,150,3,0,147,150,21198,3,0,0,3,0
2020-09-05,US,Texas,Irion,10,0,0,31.30375559,-100.982439,48235.0,651.0416666666666,0.0,10,10,0,0,10,10,1522,0,0,0,0,0
2020-09-05,US,Texas,Jack,128,1,0,33.23377248,-98.17283469,48237.0,1432.5685506435364,0.78125,127,128,1,0,127,128,8843,0,0,0,0,0
2020-09-05,US,Texas,Jackson,505,14,0,28.95472367,-96.57749563,48239.0,3421.409214092141,2.7722772277227716,491,505,14,0,491,505,14874,0,0,0,0,0
2020-09-05,US,Texas,Jasper,411,19,0,30.74685667,-94.02667579,48241.0,1156.8014861099384,4.622871046228711,392,411,19,0,392,410,35872,0,0,0,0,1
2020-09-05,US,Texas,Jeff Davis,14,0,0,30.71490589,-104.1399973,48243.0,615.6552330694811,0.0,14,14,0,0,14,13,2252,0,0,0,0,1
2020-09-05,US,Texas,Jefferson,6772,111,0,29.8832777,-94.16434171,48245.0,2691.948402997237,1.6391021854695806,6661,6722,109,0,6613,6680,255001,50,2,0,48,42
2020-09-05,US,Texas,Jim Hogg,79,2,0,27.04453923,-98.69681870000001,48247.0,1519.2307692307693,2.5316455696202533,77,79,2,0,77,79,5248,0,0,0,0,0
2020-09-05,US,Texas,Jim Wells,1312,28,0,27.73103938,-98.0904705,48249.0,3240.9465935477497,2.1341463414634148,1284,1312,26,0,1286,1088,40822,0,2,0,-2,224
2020-09-05,US,Texas,Johnson,2587,45,0,32.37877812,-97.36615819,48251.0,1471.4163021778327,1.739466563587167,2542,2577,45,0,2532,2564,171361,10,0,0,10,13
2020-09-05,US,Texas,Jones,588,0,0,32.73997145,-99.87861576,48253.0,2927.84942488672,0.0,588,601,0,0,601,599,19817,-13,0,0,-13,2
2020-09-05,US,Texas,Karnes,750,13,0,28.90705334,-97.85960149,48255.0,4807.384142042177,1.7333333333333334,737,750,13,0,737,746,15650,0,0,0,0,4
2020-09-05,US,Texas,Kaufman,2845,42,0,32.599141700000004,-96.28734728,48257.0,2089.545661530326,1.4762741652021092,2803,2839,41,0,2798,2833,128622,6,1,0,5,6
2020-09-05,US,Texas,Kendall,197,5,0,29.94414155,-98.7113588,48259.0,415.3401783643608,2.538071065989848,192,197,5,0,192,197,45641,0,0,0,0,0
2020-09-05,US,Texas,Kenedy,8,1,0,26.92601662,-97.66413984,48261.0,1980.1980198019805,12.5,7,8,1,0,7,7,442,0,0,0,0,1
2020-09-05,US,Texas,Kent,7,0,0,33.18104136,-100.7780939,48263.0,918.6351706036743,0.0,7,7,0,0,7,7,726,0,0,0,0,0
2020-09-05,US,Texas,Kerr,439,9,0,30.06040006,-99.34930144,48265.0,834.6007604562737,2.050113895216401,430,439,9,0,430,439,52405,0,0,0,0,0
2020-09-05,US,Texas,Kimble,16,1,0,30.48678918,-99.74856473,48267.0,368.9186073322573,6.25,15,16,1,0,15,16,4362,0,0,0,0,0
2020-09-05,US,Texas,Kinney,23,1,0,29.34967888,-100.41866379999999,48271.0,627.2157076629397,4.3478260869565215,22,23,1,0,22,23,3767,0,0,0,0,0
2020-09-05,US,Texas,Kleberg,911,30,0,27.42435506,-97.69894948,48273.0,2969.361147327249,3.2930845225027436,881,902,29,0,873,673,31129,9,1,0,8,229
2020-09-05,US,Texas,Knox,67,8,0,33.60519951,-99.74229059999999,48275.0,1828.6026200873362,11.940298507462687,59,67,8,0,59,67,3653,0,0,0,0,0
2020-09-05,US,Texas,La Salle,366,4,0,28.34453111,-99.09908775,48283.0,4867.021276595745,1.0928961748633879,362,366,4,0,362,365,7531,0,0,0,0,1
2020-09-05,US,Texas,Lamar,914,29,0,33.66981763,-95.57404777,48277.0,1833.1695380974347,3.1728665207877462,885,908,28,0,880,791,49728,6,1,0,5,117
2020-09-05,US,Texas,Lamb,299,20,0,34.06859623,-102.35162890000001,48279.0,2319.0878771426355,6.68896321070234,279,298,20,0,278,292,13158,1,0,0,1,6
2020-09-05,US,Texas,Lampasas,158,7,0,31.19531316,-98.24206613,48281.0,737.3529960798953,4.4303797468354436,151,158,7,0,151,158,21229,0,0,0,0,0
2020-09-05,US,Texas,Lavaca,688,32,0,29.38508402,-96.93186692,48285.0,3413.7143991267244,4.651162790697675,656,688,32,0,656,688,20110,0,0,0,0,0
2020-09-05,US,Texas,Lee,202,14,0,30.31120597,-96.97045773,48287.0,1171.7617031150298,6.9306930693069315,188,197,14,0,183,197,17144,5,0,0,5,0
2020-09-05,US,Texas,Leon,205,5,0,31.29872538,-95.9936328,48289.0,1177.8901401976555,2.4390243902439024,200,205,5,0,200,204,17270,0,0,0,0,1
2020-09-05,US,Texas,Liberty,1879,46,0,30.15152688,-94.81205615,48291.0,2129.9266597898413,2.4481106971793514,1833,1843,44,0,1799,1860,86323,36,2,0,34,-17
2020-09-05,US,Texas,Limestone,478,8,0,31.5454767,-96.58095444,48293.0,2039.5101762170925,1.6736401673640169,470,473,8,0,465,467,23519,5,0,0,5,6
2020-09-05,US,Texas,Lipscomb,26,0,0,36.27783108,-100.27331509999999,48295.0,804.2066192390967,0.0,26,25,0,0,25,25,3355,1,0,0,1,0
2020-09-05,US,Texas,Live Oak,353,8,0,28.35101362,-98.1246786,48297.0,2891.7834029655114,2.26628895184136,345,353,8,0,345,353,12166,0,0,0,0,0
2020-09-05,US,Texas,Llano,104,1,0,30.70645047,-98.68475262,48299.0,477.1736636843313,0.9615384615384616,103,104,1,0,103,101,21646,0,0,0,0,3
2020-09-05,US,Texas,Lubbock,8606,102,0,33.61008596,-101.82047890000001,48303.0,2771.0428278418,1.1852196142226354,8504,8331,102,0,8229,8027,307412,275,0,0,275,304
2020-09-05,US,Texas,Lynn,87,4,0,33.17657705,-101.8162849,48305.0,1461.939169887414,4.597701149425287,83,83,4,0,79,82,5877,4,0,0,4,1
2020-09-05,US,Texas,Madison,696,5,0,30.96694679,-95.93003775,48313.0,4872.584710165221,0.7183908045977011,691,693,5,0,688,695,14422,3,0,0,3,-2
2020-09-05,US,Texas,Marion,146,12,0,32.79868409,-94.35661230000001,48315.0,1481.6318246397402,8.219178082191782,134,146,12,0,134,143,9928,0,0,0,0,3
2020-09-05,US,Texas,Martin,74,5,0,32.30600051,-101.9513518,48317.0,1282.2734361462485,6.756756756756758,69,74,5,0,69,74,5753,0,0,0,0,0
2020-09-05,US,Texas,Mason,75,1,0,30.71780434,-99.22629416,48319.0,1754.796443612541,1.3333333333333333,74,75,1,0,74,73,4280,0,0,0,0,2
2020-09-05,US,Texas,Matagorda,946,39,0,28.81955746,-96.01230294,48321.0,2581.6663482793438,4.12262156448203,907,940,39,0,901,939,36552,6,0,0,6,1
2020-09-05,US,Texas,Maverick,3335,92,0,28.7429195,-100.3157686,48323.0,5679.3024760737035,2.7586206896551726,3243,3335,84,0,3251,3335,58485,0,8,0,-8,0
2020-09-05,US,Texas,McCulloch,121,1,0,31.1925468,-99.34682807,48307.0,1515.5310621242484,0.8264462809917356,120,120,1,0,119,114,7987,1,0,0,1,6
2020-09-05,US,Texas,McLennan,6668,85,0,31.55255453,-97.20217694,48309.0,2598.364137275303,1.274745050989802,6583,6629,85,0,6544,6549,254607,39,0,0,39,80
2020-09-05,US,Texas,McMullen,18,0,0,28.35251708,-98.56769164,48311.0,2422.611036339165,0.0,18,18,0,0,18,16,749,0,0,0,0,2
2020-09-05,US,Texas,Medina,1134,38,0,29.355730100000002,-99.11030298,48325.0,2198.3560794044665,3.3509700176366843,1096,1134,37,0,1097,1133,50921,0,1,0,-1,1
2020-09-05,US,Texas,Menard,22,0,0,30.88990665,-99.82047940000001,48327.0,1028.999064546305,0.0,22,20,0,0,20,20,2139,2,0,0,2,0
2020-09-05,US,Texas,Midland,3362,73,0,31.86904128,-102.03156820000001,48329.0,1901.239594643504,2.1713265913146937,3289,3362,73,0,3289,3336,172578,0,0,0,0,26
2020-09-05,US,Texas,Milam,447,5,0,30.78581830000001,-96.97718698,48331.0,1800.7493050799662,1.1185682326621924,442,445,5,0,440,441,25131,2,0,0,2,4
2020-09-05,US,Texas,Mills,35,0,0,31.49557106,-98.59272068,48333.0,718.2433819002667,0.0,35,35,0,0,35,35,4921,0,0,0,0,0
2020-09-05,US,Texas,Mitchell,75,1,0,32.30623474,-100.9212058,48335.0,877.7062609713283,1.3333333333333333,74,75,1,0,74,75,8145,0,0,0,0,0
2020-09-05,US,Texas,Montague,148,3,0,33.67521893,-97.72500958,48337.0,746.7958421636896,2.0270270270270268,145,144,3,0,141,135,19596,4,0,0,4,9
2020-09-05,US,Texas,Montgomery,9164,133,0,30.30079133,-95.50572772,48339.0,1508.7480716704727,1.451331296377128,9031,9164,132,0,9032,9046,590925,0,1,0,-1,118
2020-09-05,US,Texas,Moore,1126,18,0,35.83769242,-101.8930281,48341.0,5377.268385864374,1.5985790408525755,1108,1124,18,0,1106,1125,21485,2,0,0,2,-1
2020-09-05,US,Texas,Morris,159,3,0,33.11304005,-94.73255695,48343.0,1283.5001614465614,1.8867924528301887,156,159,3,0,156,158,12339,0,0,0,0,1
2020-09-05,US,Texas,Motley,7,0,0,34.07408766,-100.77972199999999,48345.0,583.3333333333334,0.0,7,7,0,0,7,7,1234,0,0,0,0,0
2020-09-05,US,Texas,Nacogdoches,1390,53,0,31.62017125,-94.61803994,48347.0,2131.771056990369,3.8129496402877696,1337,1386,50,0,1336,1379,65711,4,3,0,1,7
2020-09-05,US,Texas,Navarro,1136,21,0,32.04620681,-96.47428766,48349.0,2266.8768583002416,1.8485915492957747,1115,1110,18,0,1092,1110,49565,26,3,0,23,0
2020-09-05,US,Texas,Newton,164,8,0,30.78548982,-93.74408813,48351.0,1206.3258550937844,4.878048780487805,156,164,8,0,156,164,13746,0,0,0,0,0
2020-09-05,US,Texas,Nolan,168,4,0,32.30365282,-100.4060208,48353.0,1141.7697431018078,2.380952380952381,164,164,4,0,160,158,14751,4,0,0,4,6
2020-09-05,US,Texas,Nueces,19287,373,0,27.736286,-97.5433285,48355.0,5323.576984438053,1.9339451443977809,18914,19076,370,0,18706,19050,362265,211,3,0,208,26
2020-09-05,US,Texas,Ochiltree,111,4,0,36.27829105,-100.8158184,48357.0,1128.5075233834891,3.603603603603604,107,110,4,0,106,110,9947,1,0,0,1,0
2020-09-05,US,Texas,Oldham,15,1,0,35.40425596,-102.6027606,48359.0,710.2272727272727,6.666666666666668,14,15,1,0,14,15,2131,0,0,0,0,0
2020-09-05,US,Texas,Orange,1767,37,0,30.11879481,-93.89412775,48361.0,2118.80665739364,2.0939445387662707,1730,1809,36,0,1773,1799,83572,-42,1,0,-43,10
2020-09-05,US,Texas,Palo Pinto,447,12,0,32.75310985,-98.31319001,48363.0,1531.3988146219467,2.684563758389262,435,442,11,0,431,430,28875,5,1,0,4,12
2020-09-05,US,Texas,Panola,330,23,0,32.163959600000005,-94.30552481,48365.0,1422.781753901871,6.96969696969697,307,328,22,0,306,326,23148,2,1,0,1,2
2020-09-05,US,Texas,Parker,1689,27,0,32.77757172,-97.80500621,48367.0,1182.127409398228,1.5985790408525755,1662,1677,27,0,1650,1666,138371,12,0,0,12,11
2020-09-05,US,Texas,Parmer,392,7,0,34.52993409,-102.78446679999999,48369.0,4081.2077043206655,1.7857142857142858,385,391,7,0,384,390,9864,1,0,0,1,1
2020-09-05,US,Texas,Pecos,321,4,0,30.78097267,-102.72412609999999,48371.0,2028.6924097832266,1.2461059190031152,317,320,4,0,316,310,15673,1,0,0,1,10
2020-09-05,US,Texas,Polk,778,19,0,30.79472531,-94.82766240000001,48373.0,1515.0039919770995,2.442159383033419,759,778,18,0,760,778,50031,0,1,0,-1,0
2020-09-05,US,Texas,Potter,4181,54,0,35.40133773,-101.893964,48375.0,3560.873823617085,1.2915570437694333,4127,4181,54,0,4127,4143,119648,0,0,0,0,38
2020-09-05,US,Texas,Presidio,91,5,0,29.99954402,-104.24080790000001,48377.0,1357.398568019093,5.494505494505495,86,91,5,0,86,66,6948,0,0,0,0,25
2020-09-05,US,Texas,Rains,60,3,0,32.87109387,-95.79232691,48379.0,479.4630014383889,5.0,57,60,3,0,57,60,12159,0,0,0,0,0
2020-09-05,US,Texas,Randall,2323,31,0,34.96585996,-101.8971322,48381.0,1686.8414746610706,1.334481274214378,2292,2303,31,0,2272,2252,136271,20,0,0,20,51
2020-09-05,US,Texas,Reagan,86,6,0,31.36607041,-101.52326590000001,48383.0,2234.346583528189,6.9767441860465125,80,86,6,0,80,86,3741,0,0,0,0,0
2020-09-05,US,Texas,Real,105,5,0,29.83321503,-99.82018052,48385.0,3041.7149478563147,4.761904761904762,100,105,5,0,100,105,3478,0,0,0,0,0
2020-09-05,US,Texas,Red River,151,14,0,33.61886692,-95.04841765,48387.0,1255.9261415620065,9.271523178807945,137,151,14,0,137,148,12175,0,0,0,0,3
2020-09-05,US,Texas,Reeves,180,5,0,31.32323325,-103.69038959999999,48389.0,1126.6900350525787,2.7777777777777777,175,177,5,0,172,172,15695,3,0,0,3,5
2020-09-05,US,Texas,Refugio,301,10,0,28.323897600000002,-97.15766311,48391.0,4332.181922855498,3.3222591362126246,291,301,10,0,291,273,7032,0,0,0,0,28
2020-09-05,US,Texas,Roberts,8,0,0,35.83809685,-100.813175,48393.0,936.768149882904,0.0,8,8,0,0,8,8,903,0,0,0,0,0
2020-09-05,US,Texas,Robertson,254,5,0,31.02539637,-96.51272246,48395.0,1487.642028815743,1.9685039370078738,249,254,5,0,249,252,17284,0,0,0,0,2
2020-09-05,US,Texas,Rockwall,1411,22,0,32.89779518,-96.40771592,48397.0,1344.898250965067,1.559177888022679,1389,1405,21,0,1384,1378,100657,6,1,0,5,27
2020-09-05,US,Texas,Runnels,210,3,0,31.8314342,-99.97616148,48399.0,2045.985970381917,1.4285714285714286,207,209,3,0,206,208,10234,1,0,0,1,1
2020-09-05,US,Texas,Rusk,739,5,0,32.10773545,-94.76176432,48401.0,1358.306069183546,0.6765899864682002,734,732,5,0,727,716,54450,7,0,0,7,16
2020-09-05,US,Texas,Sabine,75,8,0,31.34318809,-93.85440451,48403.0,711.4399544678429,10.666666666666666,67,75,8,0,67,75,10589,0,0,0,0,0
2020-09-05,US,Texas,San Augustine,192,12,0,31.39457611,-94.17000399,48405.0,2330.945732669661,6.25,180,192,12,0,180,192,8232,0,0,0,0,0
2020-09-05,US,Texas,San Jacinto,205,8,0,30.57933681,-95.16260304,48407.0,710.3503239890503,3.902439024390244,197,205,8,0,197,204,28719,0,0,0,0,1
2020-09-05,US,Texas,San Patricio,1351,61,0,28.00880118,-97.51763891,48409.0,2024.5766521804285,4.515173945225759,1290,1333,60,0,1273,1326,66893,18,1,0,17,7
2020-09-05,US,Texas,San Saba,41,0,0,31.1577796,-98.81758731,48411.0,677.1263418662263,0.0,41,40,0,0,40,39,6054,1,0,0,1,1
2020-09-05,US,Texas,Schleicher,51,2,0,30.89740592,-100.5384842,48413.0,1825.993555316864,3.92156862745098,49,51,2,0,49,51,2895,0,0,0,0,0
2020-09-05,US,Texas,Scurry,563,2,0,32.74613808,-100.91626640000001,48415.0,3370.651978686464,0.3552397868561279,561,559,2,0,557,557,16866,4,0,0,4,2
2020-09-05,US,Texas,Shackelford,23,0,0,32.73587756,-99.35401337,48417.0,704.4410413476262,0.0,23,23,0,0,23,23,3253,0,0,0,0,0
2020-09-05,US,Texas,Shelby,445,21,0,31.79211404,-94.14550696,48419.0,1760.702698425259,4.719101123595506,424,445,20,0,425,445,25418,0,1,0,-1,0
2020-09-05,US,Texas,Sherman,55,0,0,36.27751473,-101.8933156,48421.0,1819.9867637326279,0.0,55,55,0,0,55,55,3079,0,0,0,0,0
2020-09-05,US,Texas,Smith,3407,77,0,32.37474036,-95.27175679999999,48423.0,1463.7960739159014,2.2600528324038742,3330,3389,73,0,3316,3359,230221,18,4,0,14,30
2020-09-05,US,Texas,Somervell,125,4,0,32.22236802,-97.77403489,48425.0,1369.4127957931642,3.2,121,123,4,0,119,121,9016,2,0,0,2,2
2020-09-05,US,Texas,Starr,3147,140,0,26.56150059,-98.73892358,48427.0,4869.029752603159,4.448681283762314,3007,3138,140,0,2998,2782,64525,9,0,0,9,356
2020-09-05,US,Texas,Stephens,126,4,0,32.73553157,-98.83631615,48429.0,1345.2914798206275,3.1746031746031744,122,112,4,0,108,112,9433,14,0,0,14,0
2020-09-05,US,Texas,Sterling,4,0,0,31.82781912,-101.05007459999999,48431.0,309.8373353989156,0.0,4,4,0,0,4,4,1311,0,0,0,0,0
2020-09-05,US,Texas,Stonewall,9,1,0,33.17906744,-100.25384009999999,48433.0,666.6666666666666,11.111111111111109,8,9,1,0,8,10,1362,0,0,0,0,-1
2020-09-05,US,Texas,Sutton,77,2,0,30.49856623,-100.5382014,48435.0,2039.1949152542368,2.5974025974025974,75,77,2,0,75,77,3758,0,0,0,0,0
2020-09-05,US,Texas,Swisher,95,3,0,34.53028891,-101.73491740000001,48437.0,1284.3044477490876,3.1578947368421053,92,95,3,0,92,94,7462,0,0,0,0,1
2020-09-05,US,Texas,Tarrant,42798,636,0,32.77143818,-97.29101614,48439.0,2035.5621719702358,1.4860507500350484,42162,42511,630,0,41881,42297,2084931,287,6,0,281,214
2020-09-05,US,Texas,Taylor,1355,36,0,32.30163422,-99.89007449,48441.0,981.6422040946434,2.656826568265682,1319,1342,35,0,1307,1339,137640,13,1,0,12,3
2020-09-05,US,Texas,Terrell,3,0,0,30.22429013,-102.0766732,48443.0,386.59793814432993,0.0,3,3,0,0,3,3,823,0,0,0,0,0
2020-09-05,US,Texas,Terry,209,3,0,33.17402785,-102.3354521,48445.0,1694.0909459349923,1.4354066985645932,206,209,3,0,206,207,12287,0,0,0,0,2
2020-09-05,US,Texas,Throckmorton,5,2,0,33.17751417,-99.21226795,48447.0,333.1112591605596,40.0,3,5,2,0,3,5,1515,0,0,0,0,0
2020-09-05,US,Texas,Titus,1525,25,0,33.21339719,-94.96797273,48449.0,4656.488549618321,1.639344262295082,1500,1525,25,0,1500,1502,33033,0,0,0,0,23
2020-09-05,US,Texas,Tom Green,3331,58,0,31.40464436,-100.46244300000001,48451.0,2794.463087248322,1.741218853197238,3273,3316,57,0,3259,3285,118189,15,1,0,14,31
2020-09-05,US,Texas,Travis,26931,394,0,30.33432034,-97.78535620000001,48453.0,2113.969578179432,1.4629980320077234,26537,26854,393,0,26461,26726,1248743,77,1,0,76,128
2020-09-05,US,Texas,Trinity,182,6,0,31.0879489,-95.1367187,48455.0,1242.2360248447205,3.2967032967032965,176,180,6,0,174,180,14740,2,0,0,2,0
2020-09-05,US,Texas,Tyler,192,4,0,30.77031716,-94.37690895,48457.0,885.9357696566997,2.083333333333333,188,192,4,0,188,191,21696,0,0,0,0,1
2020-09-05,US,Texas,Upshur,332,8,0,32.73706798,-94.93999853,48459.0,795.1524441357508,2.409638554216868,324,332,8,0,324,332,41260,0,0,0,0,0
2020-09-05,US,Texas,Upton,22,2,0,31.36868194,-102.0423217,48461.0,601.5859994531037,9.090909090909092,20,20,2,0,18,20,3671,2,0,0,2,0
2020-09-05,US,Texas,Uvalde,719,27,0,29.35739637,-99.76229172,48463.0,2688.755095172208,3.755215577190542,692,715,25,0,690,705,26846,4,2,0,2,10
2020-09-05,US,Texas,Val Verde,1957,86,0,29.89149232,-101.1525205,48465.0,3991.840897501275,4.394481349003577,1871,1957,86,0,1871,1957,49208,0,0,0,0,0
2020-09-05,US,Texas,Van Zandt,528,18,0,32.56483801,-95.83766469,48467.0,933.0270365789007,3.4090909090909087,510,527,18,0,509,521,56019,1,0,0,1,6
2020-09-05,US,Texas,Victoria,3836,82,0,28.79780988,-96.96813006,48469.0,4165.761695842926,2.1376433785192908,3754,3836,82,0,3754,3819,92035,0,0,0,0,17
2020-09-05,US,Texas,Walker,3828,48,0,30.73872995,-95.57440968,48471.0,5245.919611900618,1.2539184952978055,3780,3415,48,0,3367,3417,72480,413,0,0,413,-2
2020-09-05,US,Texas,Waller,698,8,0,30.01058447,-95.99011759,48473.0,1263.4398870506461,1.146131805157593,690,692,8,0,684,685,53126,6,0,0,6,7
2020-09-05,US,Texas,Ward,112,1,0,31.50999644,-103.09279090000001,48475.0,933.4889148191363,0.8928571428571429,111,111,1,0,110,109,11720,1,0,0,1,2
2020-09-05,US,Texas,Washington,579,45,0,30.21498498,-96.40946246,48477.0,1613.6224290730731,7.772020725388602,534,576,45,0,531,575,35108,3,0,0,3,1
2020-09-05,US,Texas,Webb,12025,250,0,27.7610369,-99.33237355,48479.0,4346.615965183696,2.079002079002079,11775,11828,250,0,11578,11642,275910,197,0,0,197,186
2020-09-05,US,Texas,Wharton,1225,43,0,29.27765923,-96.22319248,48481.0,2947.829434979305,3.5102040816326534,1182,1215,43,0,1172,1215,41619,10,0,0,10,0
2020-09-05,US,Texas,Wheeler,42,0,0,35.40114335,-100.26995140000001,48483.0,830.6962025316458,0.0,42,42,0,0,42,42,5191,0,0,0,0,0
2020-09-05,US,Texas,Wichita,1392,16,0,33.98842886,-98.70410340000001,48485.0,1052.7111850563413,1.1494252873563218,1376,1377,16,0,1361,1362,132064,15,0,0,15,15
2020-09-05,US,Texas,Wilbarger,120,2,0,34.07945812,-99.24178437,48487.0,939.7760200485553,1.6666666666666667,118,114,2,0,112,111,12820,6,0,0,6,3
2020-09-05,US,Texas,Willacy,1167,44,0,26.47411727,-97.61535848,48489.0,5463.994756063302,3.770351328191945,1123,1142,43,0,1099,891,21515,25,1,0,24,251
2020-09-05,US,Texas,Williamson,8024,130,0,30.64655664,-97.60048540000001,48491.0,1358.7310833441989,1.6201395812562314,7894,8024,128,0,7896,8006,566719,0,2,0,-2,18
2020-09-05,US,Texas,Wilson,545,26,0,29.1732598,-98.08693082,48493.0,1067.1627178382612,4.770642201834862,519,545,26,0,519,541,50224,0,0,0,0,4
2020-09-05,US,Texas,Winkler,98,1,0,31.85008651,-103.04851629999999,48495.0,1223.4706616729088,1.020408163265306,97,98,1,0,97,96,7720,0,0,0,0,2
2020-09-05,US,Texas,Wise,670,12,0,33.21570665,-97.65460265,48497.0,957.3616826703244,1.791044776119403,658,670,12,0,658,665,68305,0,0,0,0,5
2020-09-05,US,Texas,Wood,420,17,0,32.78722382,-95.38236368,48499.0,922.2863918838797,4.047619047619048,403,418,16,0,402,412,45129,2,1,0,1,6
2020-09-05,US,Texas,Yoakum,173,4,0,33.17320212,-102.82764329999999,48501.0,1985.5388499942608,2.3121387283237,169,163,4,0,159,163,8591,10,0,0,10,0
2020-09-05,US,Texas,Young,236,6,0,33.17659707,-98.68790885,48503.0,1310.3831204886176,2.5423728813559316,230,231,6,0,225,226,18045,5,0,0,5,5
2020-09-05,US,Texas,Zapata,295,4,0,27.00156391,-99.16987152,48505.0,2080.5416460963397,1.3559322033898304,291,282,4,0,278,281,14190,13,0,0,13,1
2020-09-05,US,Texas,Zavala,266,13,0,28.86617238,-99.76050829,48507.0,2246.621621621621,4.887218045112782,253,266,12,0,254,266,11983,0,1,0,-1,0
2020-09-05,US,Utah,Bear River,2668,11,0,41.52106798,-113.08328159999999,0.0,1428.1279105867745,0.4122938530734633,2657,2656,11,0,2645,2645,,12,0,0,12,11
2020-09-05,US,Utah,Central Utah,528,3,0,39.37231946,-111.5758676,0.0,644.2638553334798,0.5681818181818182,525,526,3,0,523,523,,2,0,0,2,3
2020-09-05,US,Utah,Davis,4112,25,0,40.99001837,-112.1139997,49011.0,1156.7425544543871,0.6079766536964979,4087,4081,25,0,4056,4035,351713,31,0,0,31,46
2020-09-05,US,Utah,Salt Lake,24761,235,0,40.66616532,-111.92160109999999,49035.0,2133.765124690095,0.9490731392108558,24526,24584,235,0,24349,24416,1152633,177,0,0,177,168
2020-09-05,US,Utah,San Juan,671,29,0,37.62762978,-109.80337140000002,49037.0,4383.3289783119935,4.321907600596125,642,670,28,0,642,668,15449,1,1,0,0,2
2020-09-05,US,Utah,Southeast Utah,158,1,0,38.99617072,-110.70139579999999,0.0,392.75149767580604,0.6329113924050633,157,154,1,0,153,154,,4,0,0,4,0
2020-09-05,US,Utah,Southwest Utah,3720,28,0,37.85447192,-111.4418764,0.0,1475.9444854429025,0.7526881720430108,3692,3693,28,0,3665,3664,,27,0,0,27,29
2020-09-05,US,Utah,Summit,873,1,0,40.86688146,-110.9535882,49043.0,2071.420097283189,0.1145475372279496,872,863,1,0,862,856,41933,10,0,0,10,7
2020-09-05,US,Utah,Tooele,723,0,0,40.44862644,-113.12957150000001,49045.0,1000.5674033684386,0.0,723,716,0,0,716,708,69907,7,0,0,7,8
2020-09-05,US,Utah,TriCounty,217,1,0,40.12491499,-109.5174415,0.0,383.2432623361944,0.4608294930875576,216,215,1,0,214,214,,2,0,0,2,1
2020-09-05,US,Utah,Utah,11655,50,0,40.116672200000004,-111.66576620000001,49049.0,1831.8702994962555,0.429000429000429,11605,11525,50,0,11475,11317,622213,130,0,0,130,208
2020-09-05,US,Utah,Wasatch,656,7,0,40.33110236,-111.1691419,49051.0,1924.2615353025726,1.0670731707317074,649,649,7,0,642,648,33240,7,0,0,7,1
2020-09-05,US,Utah,Weber-Morgan,3530,29,0,41.27116049,-111.9145117,0.0,1296.1881786169342,0.8215297450424929,3501,3507,29,0,3478,3478,,23,0,0,23,29
2020-09-05,US,Vermont,Addison,82,2,0,44.03217337,-73.14130877,50001.0,222.9654403567447,2.4390243902439024,80,82,2,0,80,81,36973,0,0,0,0,1
2020-09-05,US,Vermont,Bennington,105,1,0,43.03519828,-73.09048868,50003.0,296.02480969833664,0.9523809523809524,104,105,1,0,104,105,35631,0,0,0,0,0
2020-09-05,US,Vermont,Caledonia,33,0,0,44.46548598,-72.10314651,50005.0,110.02567265695328,0.0,33,33,0,0,33,33,30302,0,0,0,0,0
2020-09-05,US,Vermont,Chittenden,802,39,0,44.46322849,-73.08359212,50007.0,489.6992196563557,4.8628428927680805,763,801,39,0,762,800,164572,1,0,0,1,1
2020-09-05,US,Vermont,Essex,6,0,0,44.72736416,-71.73579864,50009.0,97.35518416355671,0.0,6,6,0,0,6,6,6250,0,0,0,0,0
2020-09-05,US,Vermont,Franklin,123,7,0,44.85627605,-72.91249563,50011.0,248.97777417918306,5.691056910569106,116,123,7,0,116,123,49421,0,0,0,0,0
2020-09-05,US,Vermont,Grand Isle,13,0,0,44.797582399999996,-73.29679772,50013.0,179.68210089841045,0.0,13,13,0,0,13,13,7090,0,0,0,0,0
2020-09-05,US,Vermont,Lamoille,45,1,0,44.60353043,-72.64356694,50015.0,177.43080198722495,2.2222222222222223,44,45,1,0,44,45,25300,0,0,0,0,0
2020-09-05,US,Vermont,Orange,20,0,0,44.00470222,-72.37640104,50017.0,69.22331441229406,0.0,20,20,0,0,20,20,28999,0,0,0,0,0
2020-09-05,US,Vermont,Orleans,16,0,0,44.82964024,-72.24562697,50019.0,59.1781632577579,0.0,16,15,0,0,15,15,26907,1,0,0,1,0
2020-09-05,US,Vermont,Rutland,126,1,0,43.57723578,-73.03741676,50021.0,216.52832912306027,0.7936507936507936,125,125,1,0,124,123,58672,1,0,0,1,2
2020-09-05,US,Vermont,Unassigned,9,0,0,0.0,0.0,90050.0,0.0,0.0,9,8,0,0,8,8,,1,0,0,1,0
2020-09-05,US,Vermont,Washington,64,2,0,44.27343241,-72.61604978,50023.0,109.57215497611669,3.125,62,63,2,0,61,63,58140,1,0,0,1,0
2020-09-05,US,Vermont,Windham,123,3,0,42.986982,-72.71268875,50025.0,291.3173227227512,2.4390243902439024,120,123,3,0,120,123,42756,0,0,0,0,0
2020-09-05,US,Vermont,Windsor,80,2,0,43.58010937,-72.58595157,50027.0,145.2907631397334,2.5,78,80,2,0,78,79,55286,0,0,0,0,1
2020-09-05,US,Virginia,Accomack,1152,19,0,37.76707161,-75.63234615,51001.0,3564.7976234682505,1.6493055555555556,1133,1151,19,0,1132,1151,32412,1,0,0,1,0
2020-09-05,US,Virginia,Albemarle,1079,19,0,38.02080697,-78.55481085,51003.0,986.9203329369797,1.7608897126969416,1060,1067,19,0,1048,1060,108718,12,0,0,12,7
2020-09-05,US,Virginia,Alexandria,3476,62,0,38.814003,-77.08183073,51510.0,2180.294553027072,1.7836593785960877,3414,3459,62,0,3397,3436,160530,17,0,0,17,23
2020-09-05,US,Virginia,Alleghany,69,4,0,37.78636074,-80.00222498,51005.0,464.3337819650067,5.797101449275362,65,69,4,0,65,68,14910,0,0,0,0,1
2020-09-05,US,Virginia,Amelia,101,3,0,37.34081025,-77.98584649,51007.0,768.3529859262077,2.9702970297029703,98,101,3,0,98,100,13013,0,0,0,0,1
2020-09-05,US,Virginia,Amherst,320,1,0,37.60308293,-79.14548696,51009.0,1012.4980224648,0.3125,319,319,1,0,318,313,31666,1,0,0,1,6
2020-09-05,US,Virginia,Appomattox,180,1,0,37.37569884,-78.81340003,51011.0,1131.2928162906167,0.5555555555555556,179,179,1,0,178,178,15841,1,0,0,1,1
2020-09-05,US,Virginia,Arlington,3620,143,0,38.8767675,-77.10139853,51013.0,1528.4451237533883,3.9502762430939216,3477,3605,142,0,3463,3587,237521,15,1,0,14,18
2020-09-05,US,Virginia,Augusta,382,4,0,38.16404586,-79.12461614,51015.0,505.5718785568702,1.0471204188481675,378,380,4,0,376,373,75457,2,0,0,2,7
2020-09-05,US,Virginia,Bath,4,0,0,38.05852573,-79.73912095,51017.0,96.45526886906195,0.0,4,4,0,0,4,4,4292,0,0,0,0,0
2020-09-05,US,Virginia,Bedford,602,9,0,37.3080028,-79.5281964,51019.0,762.054255224882,1.495016611295681,593,593,9,0,584,576,78747,9,0,0,9,17
2020-09-05,US,Virginia,Bland,60,1,0,37.13128068,-81.13599391,51021.0,955.4140127388536,1.6666666666666667,59,59,1,0,58,50,6293,1,0,0,1,9
2020-09-05,US,Virginia,Botetourt,256,10,0,37.55531756,-79.80982182,51023.0,766.0312995601305,3.90625,246,255,10,0,245,255,33277,1,0,0,1,0
2020-09-05,US,Virginia,Bristol,123,2,0,36.616302399999995,-82.16359122,51520.0,733.8026488485858,1.6260162601626016,121,121,2,0,119,120,16482,2,0,0,2,1
2020-09-05,US,Virginia,Brunswick,308,2,0,36.76366949,-77.8593436,51025.0,1897.6033516111145,0.6493506493506493,306,306,2,0,304,302,16384,2,0,0,2,4
2020-09-05,US,Virginia,Buchanan,99,2,0,37.26818323,-82.03749726,51027.0,471.33879261093125,2.0202020202020203,97,99,2,0,97,99,21221,0,0,0,0,0
2020-09-05,US,Virginia,Buckingham,655,8,0,37.57242268,-78.52518834,51029.0,3819.6874271052016,1.2213740458015268,647,654,8,0,646,651,16999,1,0,0,1,3
2020-09-05,US,Virginia,Buena Vista,76,1,0,37.73484642,-79.35296097,51530.0,1173.201605433776,1.3157894736842106,75,76,1,0,75,75,6237,0,0,0,0,1
2020-09-05,US,Virginia,Campbell,348,3,0,37.20553386,-79.09678609,51031.0,634.0530199508063,0.8620689655172413,345,342,3,0,339,342,54973,6,0,0,6,0
2020-09-05,US,Virginia,Caroline,274,5,0,38.02679129,-77.34901405,51033.0,891.7819365337673,1.8248175182481752,269,270,5,0,265,269,30772,4,0,0,4,1
2020-09-05,US,Virginia,Carroll,436,19,0,36.73066666,-80.73455942,51035.0,1463.5292538014835,4.357798165137615,417,421,19,0,402,413,29636,15,0,0,15,8
2020-09-05,US,Virginia,Charles City,69,5,0,37.35358063,-77.05634116,51036.0,990.952175786299,7.246376811594202,64,69,5,0,64,69,6941,0,0,0,0,0
2020-09-05,US,Virginia,Charlotte,79,0,0,37.01909701,-78.66314092,51037.0,664.983164983165,0.0,79,78,0,0,78,77,11938,1,0,0,1,1
2020-09-05,US,Virginia,Charlottesville,768,23,0,38.03527919,-78.48569588,51540.0,1624.8466127872045,2.9947916666666665,745,758,23,0,735,732,48117,10,0,0,10,26
2020-09-05,US,Virginia,Chesapeake,3899,49,0,36.67670048,-76.30545744,51550.0,1592.5010721506321,1.2567324955116697,3850,3887,49,0,3838,3859,242634,12,0,0,12,28
2020-09-05,US,Virginia,Chesterfield,5251,83,0,37.37373208,-77.58680140000001,51041.0,1488.370247334199,1.580651304513426,5168,5209,83,0,5126,5185,348556,42,0,0,42,24
2020-09-05,US,Virginia,Clarke,83,0,0,39.11271747,-77.99199425,51043.0,567.7542923592582,0.0,83,82,0,0,82,82,14523,1,0,0,1,0
2020-09-05,US,Virginia,Colonial Heights,232,23,0,37.26420587,-77.39609676,51570.0,1335.636154289004,9.913793103448276,209,231,23,0,208,230,17833,1,0,0,1,1
2020-09-05,US,Virginia,Covington,26,0,0,37.7824656,-79.98631446,51580.0,469.4835680751173,0.0,26,26,0,0,26,26,5460,0,0,0,0,0
2020-09-05,US,Virginia,Craig,22,0,0,37.48133648,-80.21072274,51045.0,428.76632235431686,0.0,22,22,0,0,22,22,5064,0,0,0,0,0
2020-09-05,US,Virginia,Culpeper,1131,14,0,38.48199985,-77.95630870000002,51047.0,2149.985742800114,1.237842617152962,1117,1128,14,0,1114,1124,51859,3,0,0,3,4
2020-09-05,US,Virginia,Cumberland,101,0,0,37.51328851,-78.24398086,51049.0,1016.9150221506244,0.0,101,100,0,0,100,99,9809,1,0,0,1,1
2020-09-05,US,Virginia,Danville,652,16,0,36.58022376,-79.40395668,51590.0,1628.208970132854,2.4539877300613497,636,647,16,0,631,630,40693,5,0,0,5,17
2020-09-05,US,Virginia,Dickenson,69,1,0,37.12560977,-82.35124171,51051.0,481.9108814080179,1.4492753623188406,68,69,1,0,68,68,14523,0,0,0,0,1
2020-09-05,US,Virginia,Dinwiddie,314,8,0,37.07544585,-77.63451754,51053.0,1100.0560538116592,2.5477707006369426,306,309,8,0,301,305,28529,5,0,0,5,4
2020-09-05,US,Virginia,Emporia,238,19,0,36.69455571,-77.53406129,51595.0,4451.9266741488955,7.9831932773109235,219,236,18,0,218,235,5121,2,1,0,1,1
2020-09-05,US,Virginia,Essex,143,2,0,37.93357639,-76.94230311,51057.0,1305.5783803524148,1.3986013986013983,141,140,2,0,138,136,10919,3,0,0,3,4
2020-09-05,US,Virginia,Fairfax,18876,562,0,38.83677558,-77.27565836,51059.0,1644.9214488136279,2.9773257045984316,18314,18740,562,0,18178,18671,1150795,136,0,0,136,69
2020-09-05,US,Virginia,Fairfax,18876,562,0,38.83677558,-77.27565836,51059.0,1644.9214488136279,2.9773257045984316,18314,18740,562,0,18178,18671,24574,136,0,0,136,69
2020-09-05,US,Virginia,Fairfax City,126,7,0,38.85157547,-77.29779640000002,51600.0,524.5847037761772,5.5555555555555545,119,124,7,0,117,121,24574,2,0,0,2,3
2020-09-05,US,Virginia,Falls Church,66,7,0,38.88485255,-77.17560759,51610.0,451.5290415269892,10.606060606060606,59,66,7,0,59,66,14772,0,0,0,0,0
2020-09-05,US,Virginia,Fauquier,794,15,0,38.73564842,-77.80647472,51061.0,1114.824071213951,1.889168765743073,779,792,9,0,783,786,70675,2,6,0,-4,6
2020-09-05,US,Virginia,Floyd,154,2,0,36.9302126,-80.36738849,51063.0,977.8398628484348,1.2987012987012987,152,153,2,0,151,153,15795,1,0,0,1,0
2020-09-05,US,Virginia,Fluvanna,229,9,0,37.84157909,-78.27715475,51065.0,839.7506417308397,3.930131004366812,220,229,9,0,220,229,26783,0,0,0,0,0
2020-09-05,US,Virginia,Franklin,194,1,0,36.99536167,-79.88023649,51067.0,346.1689447200313,0.5154639175257731,193,194,1,0,193,194,56195,0,0,0,0,0
2020-09-05,US,Virginia,Franklin,194,1,0,36.99536167,-79.88023649,51067.0,346.1689447200313,0.5154639175257731,193,194,1,0,193,194,8013,0,0,0,0,0
2020-09-05,US,Virginia,Franklin City,329,7,0,36.6831435,-76.93859681,51620.0,4129.534329107569,2.127659574468085,322,326,7,0,319,315,8013,3,0,0,3,11
2020-09-05,US,Virginia,Frederick,777,11,0,39.20172582,-78.25974949,51069.0,869.9741359040677,1.4157014157014156,766,775,11,0,764,774,88355,2,0,0,2,1
2020-09-05,US,Virginia,Fredericksburg,491,4,0,38.2977863,-77.4922454,51630.0,1691.0042705606836,0.8146639511201629,487,488,5,0,483,488,29144,3,-1,0,4,0
2020-09-05,US,Virginia,Galax,401,28,0,36.66601852,-80.91703124,51640.0,6317.945486056405,6.982543640897756,373,401,28,0,373,401,6423,0,0,0,0,0
2020-09-05,US,Virginia,Giles,58,0,0,37.31234791,-80.70636931,51071.0,346.88995215311013,0.0,58,54,0,0,54,52,16844,4,0,0,4,2
2020-09-05,US,Virginia,Gloucester,207,2,0,37.40809042,-76.53524337,51073.0,554.2465459997859,0.966183574879227,205,207,2,0,205,207,37349,0,0,0,0,0
2020-09-05,US,Virginia,Goochland,224,7,0,37.71714806,-77.90381514,51075.0,943.0387740495937,3.125,217,224,7,0,217,224,23244,0,0,0,0,0
2020-09-05,US,Virginia,Grayson,241,8,0,36.65677234,-81.23215889,51077.0,1549.83922829582,3.319502074688797,233,228,8,0,220,225,15631,13,0,0,13,3
2020-09-05,US,Virginia,Greene,200,3,0,38.29545894,-78.46525378,51079.0,1009.1326504869064,1.5,197,199,3,0,196,199,19779,1,0,0,1,0
2020-09-05,US,Virginia,Greensville,716,11,0,36.67878901,-77.56351439,51081.0,6316.160903316866,1.5363128491620113,705,716,11,0,705,713,11627,0,0,0,0,3
2020-09-05,US,Virginia,Halifax,230,4,0,36.76654925,-78.93512622,51083.0,678.2459968741706,1.7391304347826086,226,219,2,0,217,216,34120,11,2,0,9,3
2020-09-05,US,Virginia,Hampton,1614,16,0,37.03513786,-76.35879121,51650.0,1199.9107873020596,0.9913258983890956,1598,1603,16,0,1587,1589,134313,11,0,0,11,14
2020-09-05,US,Virginia,Hanover,855,35,0,37.7583355,-77.49464673,51085.0,793.3856689493904,4.093567251461988,820,846,35,0,811,832,107239,9,0,0,9,14
2020-09-05,US,Virginia,Harrisonburg,1665,33,0,38.43542574,-78.87536254,51660.0,3140.5613399728386,1.981981981981982,1632,1587,33,0,1554,1551,54033,78,0,0,78,36
2020-09-05,US,Virginia,Henrico,4757,194,0,37.53460572,-77.39326555,51087.0,1437.9507765599212,4.07820054656296,4563,4738,194,0,4544,4707,329261,19,0,0,19,31
2020-09-05,US,Virginia,Henry,907,16,0,36.68542395,-79.87634026,51089.0,1794.0146765037482,1.7640573318632855,891,880,16,0,864,870,50953,27,0,0,27,10
2020-09-05,US,Virginia,Highland,6,0,0,38.35799465,-79.56124594,51091.0,273.97260273972597,0.0,6,6,0,0,6,6,2210,0,0,0,0,0
2020-09-05,US,Virginia,Hopewell,355,5,0,37.29186313,-77.29754684,51670.0,1575.7468152159436,1.4084507042253518,350,351,5,0,346,350,22596,4,0,0,4,1
2020-09-05,US,Virginia,Isle of Wight,603,11,0,36.90579348,-76.70842863,51093.0,1624.9427362634399,1.8242122719734657,592,595,11,0,584,582,36953,8,0,0,8,13
2020-09-05,US,Virginia,James City,760,18,0,37.31156958,-76.76950618,51095.0,993.1654535237773,2.3684210526315788,742,759,18,0,741,754,76397,1,0,0,1,5
2020-09-05,US,Virginia,King George,210,4,0,38.26818502,-77.15852768,51099.0,782.5309286033687,1.9047619047619049,206,206,4,0,202,205,26575,4,0,0,4,1
2020-09-05,US,Virginia,King William,119,2,0,37.70965316,-77.09384941,51101.0,693.9584791229297,1.680672268907563,117,117,2,0,115,117,16939,2,0,0,2,0
2020-09-05,US,Virginia,King and Queen,54,1,0,37.71044922,-76.88689628,51097.0,768.6832740213522,1.851851851851852,53,53,1,0,52,53,7042,1,0,0,1,0
2020-09-05,US,Virginia,Lancaster,81,0,0,37.71889653,-76.46400482,51103.0,763.9347354522305,0.0,81,76,0,0,76,73,10783,5,0,0,5,3
2020-09-05,US,Virginia,Lee,224,4,0,36.70586667,-83.12606515,51105.0,956.3249797207872,1.7857142857142858,220,222,3,0,219,217,23541,2,1,0,1,5
2020-09-05,US,Virginia,Lexington,43,1,0,37.78258621,-79.44262866,51678.0,577.491270480795,2.3255813953488373,42,43,1,0,42,43,7136,0,0,0,0,0
2020-09-05,US,Virginia,Loudoun,6166,118,0,39.08990083,-77.63481877,51107.0,1491.0358902930325,1.913720402205644,6048,6146,118,0,6028,6077,406850,20,0,0,20,69
2020-09-05,US,Virginia,Louisa,260,3,0,37.97850256,-77.96274807,51109.0,691.6549174004416,1.1538461538461535,257,257,3,0,254,255,36778,3,0,0,3,2
2020-09-05,US,Virginia,Lunenburg,100,2,0,36.94618528,-78.24133319,51111.0,819.940964250574,2.0,98,98,2,0,96,97,12086,2,0,0,2,1
2020-09-05,US,Virginia,Lynchburg,1063,5,0,37.40021399,-79.19888138,51680.0,1293.6909745886474,0.4703668861712135,1058,1048,5,0,1043,1025,82126,15,0,0,15,23
2020-09-05,US,Virginia,Madison,92,2,0,38.41531222,-78.28220331,51113.0,693.7636678983487,2.1739130434782608,90,92,2,0,90,92,13295,0,0,0,0,0
2020-09-05,US,Virginia,Manassas,1830,24,0,38.7464321,-77.48509905,51683.0,4454.180357794817,1.3114754098360657,1806,1826,24,0,1802,1819,41641,4,0,0,4,7
2020-09-05,US,Virginia,Manassas Park,575,7,0,38.77058531,-77.44399307,51685.0,3289.850097265133,1.2173913043478262,568,572,7,0,565,571,17307,3,0,0,3,1
2020-09-05,US,Virginia,Martinsville,339,6,0,36.68212094,-79.86352771,51690.0,2700.334554723594,1.7699115044247788,333,334,6,0,328,330,12902,5,0,0,5,4
2020-09-05,US,Virginia,Mathews,23,0,0,37.44164146,-76.34098896,51115.0,260.3577088521621,0.0,23,23,0,0,23,23,8802,0,0,0,0,0
2020-09-05,US,Virginia,Mecklenburg,582,33,0,36.67882005,-78.36131056,51117.0,1902.769150292608,5.6701030927835046,549,573,33,0,540,550,30650,9,0,0,9,23
2020-09-05,US,Virginia,Middlesex,61,1,0,37.63191998,-76.55064617,51119.0,576.4505764505765,1.639344262295082,60,61,1,0,60,55,10769,0,0,0,0,6
2020-09-05,US,Virginia,Montgomery,828,4,0,37.17746986,-80.37868691,51121.0,840.310549550921,0.4830917874396135,824,766,4,0,762,660,98985,62,0,0,62,106
2020-09-05,US,Virginia,Nelson,88,0,0,37.78790447,-78.88498513,51125.0,589.4172806430007,0.0,88,87,0,0,87,87,14836,1,0,0,1,0
2020-09-05,US,Virginia,New Kent,158,1,0,37.50694406,-76.99828634,51127.0,684.2492746091551,0.6329113924050633,157,157,1,0,156,155,22391,1,0,0,1,2
2020-09-05,US,Virginia,Newport News,2450,28,0,37.08166899,-76.51754109,51700.0,1366.9967917422234,1.1428571428571428,2422,2438,28,0,2410,2400,178626,12,0,0,12,38
2020-09-05,US,Virginia,Norfolk,4481,60,0,36.89934014,-76.26420872,51710.0,1845.9928648523944,1.3389868332961392,4421,4468,59,0,4409,4450,244076,13,1,0,12,18
2020-09-05,US,Virginia,Northampton,304,29,0,37.34062933,-75.87751591,51131.0,2596.071733561059,9.539473684210526,275,304,29,0,275,304,11735,0,0,0,0,0
2020-09-05,US,Virginia,Northumberland,97,5,0,37.89202088,-76.41949732,51133.0,801.9842910293512,5.154639175257731,92,97,5,0,92,94,12147,0,0,0,0,3
2020-09-05,US,Virginia,Norton,27,0,0,36.93357076,-82.62750411,51720.0,678.2215523737755,0.0,27,27,0,0,27,27,3968,0,0,0,0,0
2020-09-05,US,Virginia,Nottoway,206,15,0,37.1435975,-78.05065922,51135.0,1352.4159663865546,7.281553398058253,191,205,15,0,190,204,15420,1,0,0,1,1
2020-09-05,US,Virginia,Orange,269,4,0,38.24530219,-78.01560400000002,51137.0,726.0262880893903,1.4869888475836432,265,269,4,0,265,267,36644,0,0,0,0,2
2020-09-05,US,Virginia,Page,365,27,0,38.61807452,-78.48797204,51139.0,1527.0688645301648,7.397260273972603,338,365,26,0,339,363,23933,0,1,0,-1,2
2020-09-05,US,Virginia,Patrick,244,13,0,36.680163799999995,-80.2865648,51141.0,1385.7337573830075,5.327868852459017,231,242,13,0,229,239,17673,2,0,0,2,3
2020-09-05,US,Virginia,Petersburg,652,23,0,37.20530399,-77.39368102,51730.0,2080.0102086390607,3.5276073619631902,629,652,23,0,629,642,31567,0,0,0,0,10
2020-09-05,US,Virginia,Pittsylvania,833,5,0,36.81980341,-79.39731264,51143.0,1380.1902110879143,0.6002400960384153,828,827,4,0,823,807,60949,6,1,0,5,20
2020-09-05,US,Virginia,Poquoson,71,0,0,37.14259351,-76.35798148,51735.0,578.5999511042295,0.0,71,69,0,0,69,69,12190,2,0,0,2,0
2020-09-05,US,Virginia,Portsmouth,2277,43,0,36.85914825,-76.35971629,51740.0,2412.127375579991,1.888449714536671,2234,2269,42,0,2227,2258,94632,8,1,0,7,11
2020-09-05,US,Virginia,Powhatan,195,4,0,37.55016038,-77.91267882,51145.0,657.6284904896803,2.051282051282051,191,194,4,0,190,191,29189,1,0,0,1,3
2020-09-05,US,Virginia,Prince Edward,508,12,0,37.22554789,-78.43597949,51147.0,2227.874747829138,2.3622047244094486,496,506,12,0,494,505,22950,2,0,0,2,1
2020-09-05,US,Virginia,Prince George,601,2,0,37.18497668,-77.22922187,51149.0,1567.0221364691156,0.33277870216306155,599,591,2,0,589,586,38082,10,0,0,10,5
2020-09-05,US,Virginia,Prince William,11125,188,0,38.70916224,-77.48713689,51153.0,2365.335346083111,1.6898876404494385,10937,11085,188,0,10897,11024,468011,40,0,0,40,61
2020-09-05,US,Virginia,Pulaski,146,3,0,37.06474963,-80.71229738,51155.0,429.07103182766633,2.054794520547945,143,145,3,0,142,142,34066,1,0,0,1,3
2020-09-05,US,Virginia,Radford,564,0,0,37.12222899,-80.56027320000003,51750.0,3090.5803057701787,0.0,564,550,0,0,550,527,18339,14,0,0,14,23
2020-09-05,US,Virginia,Rappahannock,56,2,0,38.68295619,-78.15826963,51157.0,759.8371777476256,3.571428571428572,54,56,2,0,54,54,7252,0,0,0,0,2
2020-09-05,US,Virginia,Richmond,327,4,0,37.937575,-76.72920628,51159.0,3624.0718164690243,1.2232415902140672,323,327,4,0,323,328,9038,0,0,0,0,-1
2020-09-05,US,Virginia,Richmond City,4099,49,0,37.53255773,-77.47966921,51760.0,1778.8019233105938,1.1954135154915833,4050,4052,49,0,4003,4027,228783,47,0,0,47,25
2020-09-05,US,Virginia,Roanoke,643,5,0,37.26865804,-80.06396753,51161.0,682.6916951563927,0.7776049766718507,638,634,5,0,629,622,94073,9,0,0,9,12
2020-09-05,US,Virginia,Roanoke City,1235,15,0,37.27791025,-79.96189766,51770.0,1245.6754385080135,1.214574898785425,1220,1220,15,0,1205,1199,99920,15,0,0,15,21
2020-09-05,US,Virginia,Rockbridge,84,1,0,37.81204314,-79.44605905,51163.0,372.12599122845876,1.1904761904761905,83,84,1,0,83,84,22752,0,0,0,0,0
2020-09-05,US,Virginia,Rockingham,1119,20,0,38.51006137,-78.87260325,51165.0,1365.500073217162,1.7873100983020551,1099,1108,20,0,1088,1091,81244,11,0,0,11,17
2020-09-05,US,Virginia,Russell,194,4,0,36.93028320000001,-82.10095486,51167.0,729.7073647784547,2.061855670103093,190,193,4,0,189,191,26748,1,0,0,1,2
2020-09-05,US,Virginia,Salem,218,4,0,37.2836193,-80.06219455,51775.0,861.6260226868503,1.834862385321101,214,218,4,0,214,214,25643,0,0,0,0,4
2020-09-05,US,Virginia,Scott,162,4,0,36.71466456,-82.60171704,51169.0,751.1824167671332,2.469135802469136,158,161,4,0,157,161,21534,1,0,0,1,0
2020-09-05,US,Virginia,Shenandoah,776,50,0,38.85905135,-78.56813762,51171.0,1779.1636096845193,6.443298969072165,726,776,50,0,726,775,43497,0,0,0,0,1
2020-09-05,US,Virginia,Smyth,307,5,0,36.84455636,-81.53344948,51173.0,1019.7980334839224,1.6286644951140066,302,297,5,0,292,290,30472,10,0,0,10,7
2020-09-05,US,Virginia,Southampton,375,13,0,36.72231125,-77.10642712,51175.0,2126.935511315297,3.466666666666667,362,372,13,0,359,371,17586,3,0,0,3,1
2020-09-05,US,Virginia,Spotsylvania,1871,39,0,38.18574462,-77.655399,51177.0,1373.563851264545,2.084446819882416,1832,1863,39,0,1824,1853,134238,8,0,0,8,10
2020-09-05,US,Virginia,Stafford,1762,13,0,38.41758738,-77.45917053,51179.0,1152.5228607684355,0.7377979568671964,1749,1752,12,0,1740,1737,149960,10,1,0,9,15
2020-09-05,US,Virginia,Staunton,177,0,0,38.15965544,-79.05979937,51790.0,709.9310123536017,0.0,177,174,0,0,174,173,24922,3,0,0,3,1
2020-09-05,US,Virginia,Suffolk,1719,63,0,36.70155394,-76.63603554,51800.0,1866.2874017457766,3.6649214659685865,1656,1705,63,0,1642,1693,91185,14,0,0,14,12
2020-09-05,US,Virginia,Surry,86,3,0,37.11781893,-76.88450012,51181.0,1339.146683276238,3.4883720930232562,83,85,3,0,82,82,6474,1,0,0,1,3
2020-09-05,US,Virginia,Sussex,350,9,0,36.92432914,-77.25791182,51183.0,3136.4817635988893,2.571428571428572,341,349,9,0,340,347,11237,1,0,0,1,2
2020-09-05,US,Virginia,Tazewell,207,2,0,37.12191123,-81.56685568,51185.0,509.91501416430594,0.966183574879227,205,202,2,0,200,200,40855,5,0,0,5,2
2020-09-05,US,Virginia,Virginia Beach,6183,71,0,36.73285734,-76.04566934,51810.0,1374.079391253717,1.148309881934336,6112,6160,71,0,6089,6128,450189,23,0,0,23,32
2020-09-05,US,Virginia,Warren,393,6,0,38.90847745,-78.20280433,51187.0,978.4881983866147,1.5267175572519085,387,393,6,0,387,395,40003,0,0,0,0,-2
2020-09-05,US,Virginia,Washington,404,9,0,36.72341572,-81.95666289,51191.0,751.7677707480461,2.227722772277228,395,402,9,0,393,395,54402,2,0,0,2,7
2020-09-05,US,Virginia,Waynesboro,224,3,0,38.06451466,-78.90293905,51820.0,989.8365002209456,1.3392857142857142,221,221,3,0,218,220,22628,3,0,0,3,1
2020-09-05,US,Virginia,Westmoreland,231,3,0,38.11021557,-76.80213247,51193.0,1282.2647793505412,1.2987012987012987,228,231,3,0,228,231,17830,0,0,0,0,0
2020-09-05,US,Virginia,Williamsburg,157,6,0,37.28131268,-76.70905141,51830.0,1049.8863180419958,3.8216560509554136,151,156,6,0,150,155,14896,1,0,0,1,1
2020-09-05,US,Virginia,Winchester,455,4,0,39.17054517,-78.17325058,51840.0,1620.4857895861526,0.8791208791208791,451,455,4,0,451,451,28108,0,0,0,0,4
2020-09-05,US,Virginia,Wise,353,5,0,36.9746148,-82.62410519,51195.0,944.2794853275552,1.4164305949008498,348,346,5,0,341,339,38012,7,0,0,7,7
2020-09-05,US,Virginia,Wythe,189,3,0,36.91582035,-81.07834059,51197.0,658.9039185608701,1.5873015873015872,186,185,3,0,182,178,28754,4,0,0,4,7
2020-09-05,US,Virginia,York,482,6,0,37.24374789,-76.54412815,51199.0,705.916813122437,1.2448132780082988,476,480,6,0,474,474,67846,2,0,0,2,6
2020-09-05,US,Washington,Adams,690,8,0,46.98299757,-118.56017340000001,53001.0,3452.934994745534,1.1594202898550725,682,671,8,0,663,664,19759,19,0,0,19,7
2020-09-05,US,Washington,Asotin,57,2,0,46.18894415,-117.2022851,53003.0,252.41342662297401,3.5087719298245608,55,57,2,0,55,56,22610,0,0,0,0,1
2020-09-05,US,Washington,Benton,4210,125,0,46.23946995,-119.51208340000001,53005.0,2059.787660844464,2.9691211401425184,4085,4200,125,0,4075,4187,201877,10,0,0,10,13
2020-09-05,US,Washington,Chelan,1743,12,0,47.87046092,-120.6173956,53007.0,2257.772020725389,0.6884681583476764,1731,1742,12,0,1730,1737,77036,1,0,0,1,5
2020-09-05,US,Washington,Clallam,217,1,0,48.04754642,-123.92263190000001,53009.0,280.61191501467715,0.4608294930875576,216,216,1,0,215,212,76737,1,0,0,1,4
2020-09-05,US,Washington,Clark,2283,57,0,45.77568046,-122.48292040000001,53011.0,467.59694495136637,2.4967148488830486,2226,2266,57,0,2209,2244,481857,17,0,0,17,22
2020-09-05,US,Washington,Columbia,15,1,0,46.29442881,-117.9051983,53013.0,376.4115432873275,6.666666666666668,14,15,1,0,14,15,4059,0,0,0,0,0
2020-09-05,US,Washington,Cowlitz,555,6,0,46.19074721,-122.6782231,53015.0,501.8400802944128,1.0810810810810811,549,552,6,0,546,548,108987,3,0,0,3,4
2020-09-05,US,Washington,Douglas,1158,8,0,47.7361335,-119.69293700000001,53017.0,2666.4210550553776,0.690846286701209,1150,1157,8,0,1149,1157,42907,1,0,0,1,0
2020-09-05,US,Washington,Ferry,28,0,0,48.471143100000006,-118.5154041,53019.0,367.1168218172282,0.0,28,27,0,0,27,27,7649,1,0,0,1,0
2020-09-05,US,Washington,Franklin,4023,58,0,46.53351425,-118.9018212,53021.0,4224.864002016341,1.4417101665423813,3965,4007,58,0,3949,3988,94347,16,0,0,16,19
2020-09-05,US,Washington,Garfield,4,0,0,46.43197502,-117.54540320000001,53023.0,179.77528089887642,0.0,4,4,0,0,4,4,2247,0,0,0,0,0
2020-09-05,US,Washington,Grant,2422,17,0,47.20753737,-119.4500749,53025.0,2478.1803485005066,0.7018992568125516,2405,2391,17,0,2374,2376,97331,31,0,0,31,15
2020-09-05,US,Washington,Grays Harbor,277,6,0,47.14003705,-123.7820567,53027.0,369.0331863417754,2.166064981949458,271,268,6,0,262,255,73901,9,0,0,9,13
2020-09-05,US,Washington,Island,274,11,0,48.14713305,-122.5216407,53029.0,321.81910008104205,4.014598540145985,263,273,11,0,262,272,84460,1,0,0,1,1
2020-09-05,US,Washington,Jefferson,70,0,0,47.75003077,-123.56097040000002,53031.0,217.2496198131653,0.0,70,70,0,0,70,70,31729,0,0,0,0,0
2020-09-05,US,Washington,King,20166,736,0,47.49137892,-121.8346131,53033.0,895.1598512417091,3.6497074283447386,19430,20022,735,0,19287,19892,2233163,144,1,0,143,130
2020-09-05,US,Washington,Kitsap,1040,11,0,47.63479026,-122.6436061,53035.0,383.0951881034209,1.0576923076923077,1029,1031,11,0,1020,1023,269805,9,0,0,9,8
2020-09-05,US,Washington,Kittitas,452,21,0,47.12521214,-120.67943899999999,53037.0,942.9435694169188,4.6460176991150455,431,452,21,0,431,451,47364,0,0,0,0,1
2020-09-05,US,Washington,Klickitat,178,3,0,45.87325839,-120.7913598,53039.0,793.7569676700111,1.6853932584269662,175,179,3,0,176,177,22107,-1,0,0,-1,2
2020-09-05,US,Washington,Lewis,362,4,0,46.57756476,-122.39257690000001,53041.0,448.5360625472388,1.1049723756906078,358,354,4,0,350,353,79604,8,0,0,8,1
2020-09-05,US,Washington,Lincoln,32,1,0,47.57705241,-118.41943880000001,53043.0,292.53130999177256,3.125,31,32,1,0,31,31,10740,0,0,0,0,1
2020-09-05,US,Washington,Mason,334,1,0,47.35007586,-123.1863685,53045.0,500.23963575365445,0.2994011976047904,333,333,1,0,332,323,65507,1,0,0,1,10
2020-09-05,US,Washington,Okanogan,1003,7,0,48.54855019,-119.73872240000001,53047.0,2374.357881779229,0.6979062811565304,996,1003,7,0,996,999,42132,0,0,0,0,4
2020-09-05,US,Washington,Pacific,66,3,0,46.55418369,-123.7285716,53049.0,293.71189533176096,4.545454545454546,63,64,3,0,61,60,22036,2,0,0,2,4
2020-09-05,US,Washington,Pend Oreille,56,0,0,48.53234021,-117.2741804,53051.0,408.04430195278337,0.0,56,55,0,0,55,54,13602,1,0,0,1,1
2020-09-05,US,Washington,Pierce,7039,177,0,47.03892768,-122.14059579999999,53053.0,777.8072443589914,2.5145617275181134,6862,6990,177,0,6813,6931,891299,49,0,0,49,59
2020-09-05,US,Washington,San Juan,29,0,0,48.60182783,-122.96745,53055.0,164.94141735866228,0.0,29,29,0,0,29,29,17128,0,0,0,0,0
2020-09-05,US,Washington,Skagit,1044,22,0,48.48171488,-121.766131,53057.0,808.0182655469989,2.10727969348659,1022,1042,22,0,1020,1040,128206,2,0,0,2,2
2020-09-05,US,Washington,Skamania,60,1,0,46.02408726,-121.91644029999999,53059.0,496.56542249441367,1.6666666666666667,59,61,1,0,60,59,11924,-1,0,0,-1,2
2020-09-05,US,Washington,Snohomish,6343,207,0,48.04615983,-121.7170703,53061.0,771.5765926311577,3.2634400126123286,6136,6310,207,0,6103,6287,814901,33,0,0,33,23
2020-09-05,US,Washington,Spokane,5509,138,0,47.62113146,-117.4046494,53063.0,1053.7530748013573,2.5049918315483755,5371,5469,138,0,5331,5436,514631,40,0,0,40,33
2020-09-05,US,Washington,Stevens,128,2,0,48.40035475,-117.8542701,53065.0,279.9466351726702,1.5625,126,128,2,0,126,128,45260,0,0,0,0,0
2020-09-05,US,Washington,Thurston,955,16,0,46.9291895,-122.82906559999999,53067.0,328.7028113555635,1.675392670157068,939,950,16,0,934,939,286419,5,0,0,5,11
2020-09-05,US,Washington,Unassigned,295,4,0,0.0,0.0,90053.0,0.0,1.3559322033898304,291,290,5,0,285,287,,5,-1,0,6,3
2020-09-05,US,Washington,Wahkiakum,6,0,0,46.29180039999999,-123.4250831,53069.0,133.6898395721925,0.0,6,6,0,0,6,6,4426,0,0,0,0,0
2020-09-05,US,Washington,Walla Walla,786,5,0,46.23040051,-118.4775539,53071.0,1293.614219881501,0.6361323155216285,781,781,5,0,776,772,60922,5,0,0,5,9
2020-09-05,US,Washington,Whatcom,1133,39,0,48.82227976,-121.74900179999999,53073.0,494.2267510589015,3.442188879082083,1094,1125,39,0,1086,1118,225685,8,0,0,8,7
2020-09-05,US,Washington,Whitman,760,0,0,46.90022523,-117.52417630000001,53075.0,1516.8449624780453,0.0,760,706,0,0,706,655,49791,54,0,0,54,51
2020-09-05,US,Washington,Yakima,11034,243,0,46.45738486,-120.73801259999999,53077.0,4398.241341236402,2.202283849918434,10791,11007,243,0,10764,10994,251446,27,0,0,27,13
2020-09-05,US,West Virginia,Barbour,34,1,0,39.1307219,-80.00350858,54001.0,206.80007298826104,2.9411764705882355,33,34,1,0,33,34,16535,0,0,0,0,0
2020-09-05,US,West Virginia,Berkeley,822,11,0,39.46704621,-78.02414609,54003.0,689.76512742194,1.338199513381995,811,819,11,0,808,812,117123,3,0,0,3,7
2020-09-05,US,West Virginia,Boone,152,0,0,38.01974191,-81.69888019,54005.0,708.3935312485437,0.0,152,151,0,0,151,145,21951,1,0,0,1,6
2020-09-05,US,West Virginia,Braxton,9,0,0,38.70036159,-80.72011184,54007.0,64.48377158415133,0.0,9,9,0,0,9,9,14089,0,0,0,0,0
2020-09-05,US,West Virginia,Brooke,99,2,0,40.27367263,-80.57915332,54009.0,451.25119649938483,2.0202020202020203,97,98,2,0,96,97,22203,1,0,0,1,1
2020-09-05,US,West Virginia,Cabell,577,8,0,38.42424062,-82.23855912,54011.0,627.5490782533036,1.3864818024263432,569,564,8,0,556,560,93224,13,0,0,13,4
2020-09-05,US,West Virginia,Calhoun,15,0,0,38.84315422,-81.11934872,54013.0,211.00014066676044,0.0,15,12,0,0,12,12,7254,3,0,0,3,0
2020-09-05,US,West Virginia,Clay,29,2,0,38.46231092,-81.07652217,54015.0,340.85566525622943,6.896551724137932,27,27,2,0,25,27,8632,2,0,0,2,0
2020-09-05,US,West Virginia,Doddridge,11,0,0,39.27057157,-80.70671527,54017.0,130.20833333333334,0.0,11,9,0,0,9,7,8406,2,0,0,2,2
2020-09-05,US,West Virginia,Fayette,398,10,0,38.02974928,-81.08286634,54019.0,938.5464321086639,2.512562814070352,388,377,10,0,367,369,43018,21,0,0,21,8
2020-09-05,US,West Virginia,Gilmer,20,0,0,38.9251277,-80.85952723,54021.0,255.65639780135498,0.0,20,20,0,0,20,20,8026,0,0,0,0,0
2020-09-05,US,West Virginia,Grant,143,6,0,39.10314817,-79.19440518,54023.0,1236.1687413554635,4.195804195804196,137,143,6,0,137,142,11626,0,0,0,0,1
2020-09-05,US,West Virginia,Greenbrier,106,3,0,37.9463652,-80.45335881,54025.0,305.8103975535168,2.830188679245283,103,106,3,0,103,106,34786,0,0,0,0,0
2020-09-05,US,West Virginia,Hampshire,92,1,0,39.32103553,-78.60826476,54027.0,396.97950377562034,1.0869565217391304,91,92,1,0,91,92,23347,0,0,0,0,0
2020-09-05,US,West Virginia,Hancock,126,0,0,40.51943859,-80.57461608,54029.0,437.3481430059008,0.0,126,126,0,0,126,123,29094,0,0,0,0,3
2020-09-05,US,West Virginia,Hardy,75,0,0,39.00683177,-78.85855301,54031.0,544.4250871080138,0.0,75,75,0,0,75,75,13775,0,0,0,0,0
2020-09-05,US,West Virginia,Harrison,296,2,0,39.2853852,-80.37919577,54033.0,440.10943261567735,0.6756756756756757,294,287,2,0,285,280,67554,9,0,0,9,7
2020-09-05,US,West Virginia,Jackson,210,20,0,38.84263974,-81.68148753,54035.0,734.8824188129901,9.523809523809524,190,208,20,0,188,205,28706,2,0,0,2,3
2020-09-05,US,West Virginia,Jefferson,386,4,0,39.30776166,-77.86014147,54037.0,675.4628495432752,1.0362694300518134,382,378,4,0,374,373,56811,8,0,0,8,5
2020-09-05,US,West Virginia,Kanawha,1650,43,0,38.33860077,-81.52857054,54039.0,926.320989872224,2.606060606060606,1607,1582,43,0,1539,1553,180454,68,0,0,68,29
2020-09-05,US,West Virginia,Lewis,36,2,0,38.9947249,-80.49988181,54041.0,226.31545860313068,5.5555555555555545,34,36,2,0,34,34,16024,0,0,0,0,2
2020-09-05,US,West Virginia,Lincoln,125,2,0,38.172154,-82.07017953,54043.0,612.4748885295702,1.6,123,124,2,0,122,123,20599,1,0,0,1,1
2020-09-05,US,West Virginia,Logan,516,33,0,37.8299889,-81.93528571,54045.0,1611.5431462569104,6.395348837209302,483,511,32,0,479,503,32607,5,1,0,4,8
2020-09-05,US,West Virginia,Marion,228,2,0,39.50984542,-80.24244659,54049.0,406.62005992295616,0.8771929824561403,226,224,2,0,222,221,56097,4,0,0,4,3
2020-09-05,US,West Virginia,Marshall,133,1,0,39.86064362,-80.66591062,54051.0,435.622809603354,0.7518796992481203,132,133,1,0,132,133,30785,0,0,0,0,0
2020-09-05,US,West Virginia,Mason,120,1,0,38.77071799,-82.02524219,54053.0,452.55694674913263,0.8333333333333334,119,120,1,0,119,120,26718,0,0,0,0,0
2020-09-05,US,West Virginia,McDowell,74,1,0,37.38002939,-81.65083669,54047.0,419.8819791193826,1.351351351351351,73,73,1,0,72,73,18223,1,0,0,1,0
2020-09-05,US,West Virginia,Mercer,344,24,0,37.40481169,-81.11023142,54055.0,585.4521937438307,6.9767441860465125,320,331,24,0,307,323,59131,13,0,0,13,8
2020-09-05,US,West Virginia,Mineral,147,4,0,39.41561583,-78.94104895,54057.0,547.119249665029,2.7210884353741496,143,147,4,0,143,147,26940,0,0,0,0,0
2020-09-05,US,West Virginia,Mingo,272,7,0,37.73048351,-82.13338365,54059.0,1161.2021857923496,2.573529411764706,265,266,7,0,259,262,23785,6,0,0,6,4
2020-09-05,US,West Virginia,Monongalia,1342,5,0,39.63218457,-80.04766838,54061.0,1270.6889368632353,0.3725782414307005,1337,1294,5,0,1289,1259,106420,48,0,0,48,35
2020-09-05,US,West Virginia,Monroe,133,5,0,37.56274716,-80.54577965,54063.0,1001.8832391713748,3.7593984962406015,128,127,5,0,122,127,13280,6,0,0,6,0
2020-09-05,US,West Virginia,Morgan,40,0,0,39.55439028,-78.26311676,54065.0,223.66360993066428,0.0,40,40,0,0,40,38,17787,0,0,0,0,2
2020-09-05,US,West Virginia,Nicholas,57,3,0,38.29617706,-80.79759588,54067.0,232.69105160026126,5.2631578947368425,54,56,3,0,53,53,24842,1,0,0,1,3
2020-09-05,US,West Virginia,Ohio,294,6,0,40.0955451,-80.62203992,54069.0,709.9562918065249,2.0408163265306123,288,293,6,0,287,293,41755,1,0,0,1,0
2020-09-05,US,West Virginia,Pendleton,45,1,0,38.68314479,-79.35084086,54071.0,645.7167455876022,2.2222222222222223,44,45,1,0,44,45,6997,0,0,0,0,0
2020-09-05,US,West Virginia,Pleasants,15,2,0,39.37091679,-81.16771771,54073.0,201.07238605898124,13.333333333333336,13,15,2,0,13,15,7507,0,0,0,0,0
2020-09-05,US,West Virginia,Pocahontas,45,0,0,38.32758728,-80.00993811,54075.0,545.6529647144416,0.0,45,45,0,0,45,45,8414,0,0,0,0,0
2020-09-05,US,West Virginia,Preston,141,4,0,39.46770987,-79.66712803,54077.0,421.7516152189519,2.8368794326241136,137,140,4,0,136,140,33839,1,0,0,1,0
2020-09-05,US,West Virginia,Putnam,338,0,0,38.50782345,-81.9082131,54079.0,598.7599645704163,0.0,338,323,0,0,323,307,56682,15,0,0,15,16
2020-09-05,US,West Virginia,Raleigh,389,4,0,37.76936795,-81.2456041,54081.0,530.2544948951078,1.0282776349614395,385,386,4,0,382,377,74254,3,0,0,3,9
2020-09-05,US,West Virginia,Randolph,227,1,0,38.769899,-79.87919615,54083.0,791.0785851193589,0.4405286343612335,226,227,1,0,226,227,28823,0,0,0,0,0
2020-09-05,US,West Virginia,Ritchie,6,0,0,39.18094587,-81.06356878,54085.0,62.80092108017585,0.0,6,6,0,0,6,6,9721,0,0,0,0,0
2020-09-05,US,West Virginia,Roane,36,1,0,38.71622686,-81.35243568,54087.0,263.0040911747516,2.7777777777777777,35,34,1,0,33,33,13932,2,0,0,2,1
2020-09-05,US,West Virginia,Summers,21,0,0,37.65390597,-80.86009693,54089.0,167.02457647339537,0.0,21,21,0,0,21,20,12760,0,0,0,0,1
2020-09-05,US,West Virginia,Taylor,109,6,0,39.33602617,-80.0421439,54091.0,652.890086852351,5.504587155963303,103,108,6,0,102,108,16862,1,0,0,1,0
2020-09-05,US,West Virginia,Tucker,11,0,0,39.11240885,-79.57053576,54093.0,160.84222839596433,0.0,11,11,0,0,11,11,6955,0,0,0,0,0
2020-09-05,US,West Virginia,Tyler,15,0,0,39.46811972,-80.88772676,54095.0,174.60132697008495,0.0,15,15,0,0,15,15,8746,0,0,0,0,0
2020-09-05,US,West Virginia,Upshur,46,0,0,38.89285061,-80.23689136,54097.0,190.27134348113842,0.0,46,45,0,0,45,45,24415,1,0,0,1,0
2020-09-05,US,West Virginia,Wayne,285,10,0,38.14901357,-82.42287994,54099.0,723.3135373838893,3.5087719298245608,275,280,10,0,270,269,39944,5,0,0,5,11
2020-09-05,US,West Virginia,Webster,7,0,0,38.49370949,-80.4202023,54101.0,86.27064333251171,0.0,7,7,0,0,7,7,8285,0,0,0,0,0
2020-09-05,US,West Virginia,Wetzel,45,0,0,39.6065771,-80.64016540000001,54103.0,298.70560902754727,0.0,45,45,0,0,45,45,15270,0,0,0,0,0
2020-09-05,US,West Virginia,Wirt,9,0,0,39.02775007,-81.37473928,54105.0,154.6126095172651,0.0,9,9,0,0,9,9,5830,0,0,0,0,0
2020-09-05,US,West Virginia,Wood,321,5,0,39.20967886,-81.5162836,54107.0,384.3482842022081,1.557632398753894,316,318,5,0,313,313,84203,3,0,0,3,5
2020-09-05,US,West Virginia,Wyoming,71,3,0,37.612327,-81.54511071,54109.0,348.14161027753266,4.225352112676056,68,70,3,0,67,68,20786,1,0,0,1,2
2020-09-05,US,Wisconsin,Adams,139,3,0,43.96974651,-89.76782777,55001.0,687.4381800197824,2.1582733812949644,136,134,3,0,131,124,20348,5,0,0,5,10
2020-09-05,US,Wisconsin,Ashland,37,1,0,46.31956891,-90.67837132,55003.0,237.758642847963,2.702702702702702,36,37,1,0,36,35,15600,0,0,0,0,2
2020-09-05,US,Wisconsin,Barron,385,3,0,45.42372701,-91.84833627,55005.0,850.941561311997,0.7792207792207793,382,382,3,0,379,381,45164,3,0,0,3,1
2020-09-05,US,Wisconsin,Bayfield,52,1,0,46.52868768,-91.19716729,55007.0,345.8366586858207,1.9230769230769231,51,50,1,0,49,47,15042,2,0,0,2,3
2020-09-05,US,Wisconsin,Brown,5787,58,0,44.452655299999996,-88.00411844,55009.0,2187.5543391975566,1.002246414377052,5729,5689,58,0,5631,5550,263378,98,0,0,98,139
2020-09-05,US,Wisconsin,Buffalo,89,2,0,44.37835084,-91.75332578,55011.0,682.9867239659274,2.247191011235955,87,84,2,0,82,77,13125,5,0,0,5,7
2020-09-05,US,Wisconsin,Burnett,48,2,0,45.86303537,-92.36711412,55013.0,311.40521603736863,4.166666666666667,46,45,2,0,43,44,15392,3,0,0,3,1
2020-09-05,US,Wisconsin,Calumet,574,2,0,44.0816316,-88.21780273,55015.0,1145.9601908602688,0.3484320557491289,572,554,2,0,552,532,50159,20,0,0,20,22
2020-09-05,US,Wisconsin,Chippewa,376,0,0,45.06939744,-91.28068855,55017.0,581.5212348046646,0.0,376,371,0,0,371,364,64135,5,0,0,5,7
2020-09-05,US,Wisconsin,Clark,257,8,0,44.73483377,-90.61207486,55019.0,739.0579168344168,3.1128404669260696,249,257,8,0,249,248,34709,0,0,0,0,9
2020-09-05,US,Wisconsin,Columbia,377,2,0,43.46492199,-89.33589004,55021.0,655.287492178266,0.5305039787798409,375,372,2,0,370,369,57358,5,0,0,5,3
2020-09-05,US,Wisconsin,Crawford,118,0,0,43.23870316,-90.93073686,55023.0,731.5107556878061,0.0,118,113,0,0,113,111,16291,5,0,0,5,2
2020-09-05,US,Wisconsin,Dane,5961,40,0,43.06601594,-89.41733797,55025.0,1090.370316172637,0.6710283509478275,5921,5799,40,0,5759,5639,542364,162,0,0,162,160
2020-09-05,US,Wisconsin,Dodge,1249,6,0,43.41576662,-88.70928178,55027.0,1421.9196484477286,0.4803843074459568,1243,1233,5,0,1228,1209,87847,16,1,0,15,24
2020-09-05,US,Wisconsin,Door,144,3,0,44.95856458,-87.30002707,55029.0,520.4568454532312,2.083333333333333,141,143,3,0,140,138,27610,1,0,0,1,5
2020-09-05,US,Wisconsin,Douglas,280,0,0,46.43222285,-91.91595768,55031.0,648.8991888760139,0.0,280,270,0,0,270,264,43208,10,0,0,10,6
2020-09-05,US,Wisconsin,Dunn,189,0,0,44.94562799,-91.8962481,55033.0,416.59319344031036,0.0,189,187,0,0,187,183,45131,2,0,0,2,4
2020-09-05,US,Wisconsin,Eau Claire,905,6,0,44.726614,-91.28609183,55035.0,864.820442252929,0.6629834254143646,899,882,6,0,876,860,104534,23,0,0,23,22
2020-09-05,US,Wisconsin,Florence,30,0,0,45.84963535,-88.39804137,55037.0,698.4866123399303,0.0,30,32,0,0,32,28,4321,-2,0,0,-2,4
2020-09-05,US,Wisconsin,Fond du Lac,1241,12,0,43.75354908,-88.48885325,55039.0,1200.1586027484695,0.96696212731668,1229,1225,10,0,1215,1201,103066,16,2,0,14,24
2020-09-05,US,Wisconsin,Forest,103,4,0,45.66678019,-88.77084892,55041.0,1143.9360284318084,3.8834951456310685,99,94,4,0,90,83,8991,9,0,0,9,11
2020-09-05,US,Wisconsin,Grant,461,18,0,42.8671731,-90.7063218,55043.0,896.2071579929625,3.9045553145336234,443,443,18,0,425,436,51554,18,0,0,18,7
2020-09-05,US,Wisconsin,Green,282,2,0,42.6794956,-89.60243287,55045.0,762.9870129870129,0.7092198581560284,280,278,2,0,276,272,36929,4,0,0,4,6
2020-09-05,US,Wisconsin,Green Lake,104,0,0,43.80025981,-89.04679553,55047.0,549.8863215777508,0.0,104,101,0,0,101,95,18918,3,0,0,3,6
2020-09-05,US,Wisconsin,Iowa,123,0,0,43.00050278,-90.13469017,55049.0,519.4695497930569,0.0,123,123,0,0,123,123,23771,0,0,0,0,0
2020-09-05,US,Wisconsin,Iron,130,1,0,46.26302338,-90.24295041,55051.0,2285.91524529629,0.7692307692307693,129,130,1,0,129,128,5676,0,0,0,0,2
2020-09-05,US,Wisconsin,Jackson,77,1,0,44.31864893,-90.80566792,55053.0,373.0077992539844,1.2987012987012987,76,77,1,0,76,77,20478,0,0,0,0,0
2020-09-05,US,Wisconsin,Jefferson,979,7,0,43.02054068,-88.77529134,55055.0,1154.9033255081454,0.7150153217568948,972,963,7,0,956,946,85129,16,0,0,16,17
2020-09-05,US,Wisconsin,Juneau,248,1,0,43.92456975,-90.11120239,55057.0,929.2914152958368,0.4032258064516129,247,248,1,0,247,245,26617,0,0,0,0,3
2020-09-05,US,Wisconsin,Kenosha,3039,65,0,42.57639354,-88.04051686,55059.0,1792.275346335537,2.1388614675880224,2974,3024,65,0,2959,3013,169290,15,0,0,15,11
2020-09-05,US,Wisconsin,Kewaunee,205,2,0,44.51727459,-87.61468386,55061.0,1003.2299109327593,0.975609756097561,203,202,2,0,200,196,20383,3,0,0,3,6
2020-09-05,US,Wisconsin,La Crosse,1312,2,0,43.90632465,-91.11451093,55063.0,1111.713665943601,0.1524390243902439,1310,1286,2,0,1284,1239,118230,26,0,0,26,47
2020-09-05,US,Wisconsin,Lafayette,186,0,0,42.66005229,-90.1317729,55065.0,1116.1116111611161,0.0,186,186,0,0,186,185,16665,0,0,0,0,1
2020-09-05,US,Wisconsin,Langlade,84,2,0,45.26271619,-89.07483625,55067.0,437.75079472614516,2.380952380952381,82,84,2,0,82,84,19268,0,0,0,0,0
2020-09-05,US,Wisconsin,Lincoln,88,1,0,45.33737523,-89.73411273,55069.0,318.9214655890986,1.1363636363636365,87,87,1,0,86,85,27689,1,0,0,1,2
2020-09-05,US,Wisconsin,Manitowoc,590,2,0,44.11946801,-87.80928853,55071.0,747.0151048986465,0.3389830508474576,588,570,2,0,568,551,79074,20,0,0,20,19
2020-09-05,US,Wisconsin,Marathon,810,14,0,44.89792533,-89.75863384,55073.0,596.940129115939,1.728395061728395,796,804,14,0,790,791,135428,6,0,0,6,13
2020-09-05,US,Wisconsin,Marinette,631,7,0,45.38553432,-88.03324599999998,55075.0,1563.816604708798,1.109350237717908,624,627,6,0,621,620,40434,4,1,0,3,7
2020-09-05,US,Wisconsin,Marquette,101,1,0,43.81911946,-89.40073763,55077.0,648.5167587003981,0.99009900990099,100,100,1,0,99,93,15434,1,0,0,1,7
2020-09-05,US,Wisconsin,Menominee,29,0,0,45.00422544,-88.70950714,55078.0,636.523266022827,0.0,29,29,0,0,29,29,4658,0,0,0,0,0
2020-09-05,US,Wisconsin,Milwaukee,24706,502,0,43.00486062,-87.96733172,55079.0,2612.384559587026,2.031895086213875,24204,24601,496,0,24105,24380,948201,105,6,0,99,221
2020-09-05,US,Wisconsin,Monroe,302,2,0,43.94641218,-90.61881899999999,55081.0,652.9306207164941,0.6622516556291391,300,298,2,0,296,292,46051,4,0,0,4,6
2020-09-05,US,Wisconsin,Oconto,471,3,0,45.02715345,-88.26807503,55083.0,1241.761138940153,0.6369426751592356,468,455,2,0,453,439,37830,16,1,0,15,16
2020-09-05,US,Wisconsin,Oneida,222,1,0,45.70677897,-89.51944105,55085.0,623.6831015592078,0.4504504504504505,221,222,0,0,222,219,35470,0,1,0,-1,3
2020-09-05,US,Wisconsin,Outagamie,2209,21,0,44.41578887,-88.46565023,55087.0,1175.7191899300105,0.9506564056133996,2188,2137,21,0,2116,2014,187365,72,0,0,72,123
2020-09-05,US,Wisconsin,Ozaukee,988,18,0,43.38352225,-87.94625009,55089.0,1107.3626164243842,1.8218623481781375,970,974,18,0,956,941,89147,14,0,0,14,33
2020-09-05,US,Wisconsin,Pepin,48,0,0,44.58307413,-91.99949611,55091.0,658.7072869493619,0.0,48,48,0,0,48,48,7289,0,0,0,0,0
2020-09-05,US,Wisconsin,Pierce,302,6,0,44.71850291,-92.4224416,55093.0,706.3666557515088,1.9867549668874167,296,296,6,0,290,295,42555,6,0,0,6,1
2020-09-05,US,Wisconsin,Polk,183,2,0,45.46130348,-92.44182875,55095.0,417.97044514994406,1.0928961748633879,181,179,2,0,177,179,43598,4,0,0,4,0
2020-09-05,US,Wisconsin,Portage,699,2,0,44.47558711,-89.50152965,55097.0,987.6787430057083,0.2861230329041488,697,686,2,0,684,667,70942,13,0,0,13,19
2020-09-05,US,Wisconsin,Price,36,0,0,45.68051754,-90.36098879999999,55099.0,269.64272339150625,0.0,36,36,0,0,36,35,13397,0,0,0,0,1
2020-09-05,US,Wisconsin,Racine,4147,91,0,42.74753117,-88.05941254,55101.0,2112.4644059680813,2.19435736677116,4056,4129,91,0,4038,4063,196584,18,0,0,18,66
2020-09-05,US,Wisconsin,Richland,61,4,0,43.3762778,-90.43012729,55103.0,353.5821933688848,6.557377049180328,57,56,4,0,52,56,17377,5,0,0,5,0
2020-09-05,US,Wisconsin,Rock,1786,28,0,42.67151616,-89.07147900000002,55105.0,1093.3310479082238,1.5677491601343785,1758,1763,27,0,1736,1735,163129,23,1,0,22,28
2020-09-05,US,Wisconsin,Rusk,29,1,0,45.47498854,-91.1333012,55107.0,204.5422485540979,3.4482758620689653,28,24,1,0,23,24,14147,5,0,0,5,0
2020-09-05,US,Wisconsin,Sauk,675,3,0,43.42574087,-89.94966132,55111.0,1047.45352409919,0.4444444444444444,672,673,3,0,670,660,64249,2,0,0,2,13
2020-09-05,US,Wisconsin,Sawyer,165,0,0,45.87931905,-91.14504927,55113.0,996.497161492934,0.0,165,165,0,0,165,163,16489,0,0,0,0,2
2020-09-05,US,Wisconsin,Shawano,308,0,0,44.78902246,-88.76443896,55115.0,753.0746473018901,0.0,308,307,0,0,307,289,40796,1,0,0,1,18
2020-09-05,US,Wisconsin,Sheboygan,1153,9,0,43.72099677,-87.94579284,55117.0,999.6531992370384,0.7805724197745013,1144,1141,9,0,1132,1103,115456,12,0,0,12,38
2020-09-05,US,Wisconsin,St. Croix,670,7,0,45.03437474,-92.45000068,55109.0,738.8049003716078,1.044776119402985,663,665,7,0,658,657,89694,5,0,0,5,8
2020-09-05,US,Wisconsin,Taylor,119,3,0,45.21179252,-90.5004405,55119.0,584.9678021924003,2.5210084033613445,116,117,3,0,114,116,20412,2,0,0,2,1
2020-09-05,US,Wisconsin,Trempealeau,441,2,0,44.30360275,-91.35893614,55121.0,1487.4026105433572,0.453514739229025,439,437,2,0,435,431,29442,4,0,0,4,6
2020-09-05,US,Wisconsin,Vernon,115,0,0,43.59422667,-90.8324691,55123.0,373.1101161508014,0.0,115,115,0,0,115,107,30785,0,0,0,0,8
2020-09-05,US,Wisconsin,Vilas,124,0,0,46.05467334,-89.51719204,55125.0,558.6843883757601,0.0,124,124,0,0,124,120,21938,0,0,0,0,4
2020-09-05,US,Wisconsin,Walworth,1790,32,0,42.66858202,-88.54163073,55127.0,1723.3411637848035,1.7877094972067038,1758,1765,32,0,1733,1732,103718,25,0,0,25,33
2020-09-05,US,Wisconsin,Washburn,71,0,0,45.89838588,-91.79050449,55129.0,451.6539440203562,0.0,71,71,0,0,71,70,15878,0,0,0,0,1
2020-09-05,US,Wisconsin,Washington,1762,29,0,43.36863664,-88.22974712,55131.0,1295.2644191893205,1.6458569807037458,1733,1737,29,0,1708,1688,135693,25,0,0,25,49
2020-09-05,US,Wisconsin,Waukesha,5788,78,0,43.01833055,-88.30431188,55133.0,1431.9714595322096,1.3476157567380789,5710,5754,77,0,5677,5680,403072,34,1,0,33,74
2020-09-05,US,Wisconsin,Waupaca,750,19,0,44.47068056,-88.96534501,55135.0,1470.8766424789173,2.533333333333333,731,734,18,0,716,704,51128,16,1,0,15,30
2020-09-05,US,Wisconsin,Waushara,181,2,0,44.11324419,-89.24317107,55137.0,740.4983021724008,1.1049723756906078,179,179,2,0,177,168,24263,2,0,0,2,11
2020-09-05,US,Wisconsin,Winnebago,1663,21,0,44.06886922,-88.64477096,55139.0,967.3835271396744,1.2627781118460613,1642,1645,21,0,1624,1597,171020,18,0,0,18,48
2020-09-05,US,Wisconsin,Wood,516,3,0,44.45537896,-90.04158336,55141.0,706.8589980684668,0.5813953488372093,513,506,3,0,503,489,73055,10,0,0,10,17
2020-09-05,US,Wyoming,Albany,164,0,0,41.65498705,-105.72354150000001,56001.0,421.8106995884774,0.0,164,164,0,0,164,157,38601,0,0,0,0,7
2020-09-05,US,Wyoming,Big Horn,50,1,0,44.52405055,-107.9960365,56003.0,424.0882103477524,2.0,49,50,1,0,49,48,11881,0,0,0,0,2
2020-09-05,US,Wyoming,Campbell,202,1,0,44.24886082,-105.54744040000001,56005.0,435.89909583306365,0.4950495049504951,201,202,1,0,201,201,46140,0,0,0,0,1
2020-09-05,US,Wyoming,Carbon,191,2,0,41.69357844,-106.9326084,56007.0,1290.5405405405404,1.0471204188481675,189,191,2,0,189,191,14971,0,0,0,0,0
2020-09-05,US,Wyoming,Converse,45,0,0,42.97272268,-105.5081848,56009.0,325.56793517580667,0.0,45,45,0,0,45,45,13640,0,0,0,0,0
2020-09-05,US,Wyoming,Crook,14,0,0,44.58855102,-104.56977049999999,56011.0,184.59915611814347,0.0,14,14,0,0,14,14,7450,0,0,0,0,0
2020-09-05,US,Wyoming,Fremont,611,14,0,43.04183996,-108.6296893,56013.0,1556.2517511016022,2.2913256955810146,597,611,14,0,597,609,39531,0,0,0,0,2
2020-09-05,US,Wyoming,Goshen,64,1,0,42.08798185,-104.3534743,56015.0,484.44478086443115,1.5625,63,64,1,0,63,62,13376,0,0,0,0,2
2020-09-05,US,Wyoming,Hot Springs,31,0,0,43.71930657,-108.44231740000001,56017.0,702.4699750736461,0.0,31,31,0,0,31,30,4555,0,0,0,0,1
2020-09-05,US,Wyoming,Johnson,27,1,0,44.04057166,-106.58451740000001,56019.0,319.7158081705151,3.703703703703704,26,27,1,0,26,27,8460,0,0,0,0,0
2020-09-05,US,Wyoming,Laramie,583,4,0,41.30702520000001,-104.6887497,56021.0,585.929648241206,0.6861063464837049,579,583,4,0,579,580,98976,0,0,0,0,3
2020-09-05,US,Wyoming,Lincoln,116,1,0,42.26376367,-110.6563997,56023.0,584.9722642460918,0.8620689655172413,115,116,1,0,115,115,19434,0,0,0,0,1
2020-09-05,US,Wyoming,Natrona,307,2,0,42.96180148,-106.79788500000001,56025.0,384.4323674522277,0.6514657980456026,305,307,2,0,305,302,79115,0,0,0,0,5
2020-09-05,US,Wyoming,Niobrara,3,0,0,43.05607708,-104.47588959999999,56027.0,127.33446519524618,0.0,3,3,0,0,3,3,2388,0,0,0,0,0
2020-09-05,US,Wyoming,Park,172,1,0,44.52157546,-109.58528249999999,56029.0,589.1621566075221,0.5813953488372093,171,172,1,0,171,171,29324,0,0,0,0,1
2020-09-05,US,Wyoming,Platte,7,1,0,42.13299116,-104.96633100000001,56031.0,83.40283569641367,14.285714285714285,6,7,1,0,6,7,8566,0,0,0,0,0
2020-09-05,US,Wyoming,Sheridan,170,1,0,44.79048913,-106.8862389,56033.0,557.6513039199606,0.5882352941176471,169,170,1,0,169,157,30233,0,0,0,0,13
2020-09-05,US,Wyoming,Sublette,48,1,0,42.76558279,-109.91309220000001,56035.0,488.2514494964907,2.083333333333333,47,48,1,0,47,49,9813,0,0,0,0,-1
2020-09-05,US,Wyoming,Sweetwater,307,2,0,41.65943896,-108.8827882,56037.0,725.0312920671657,0.6514657980456026,305,307,2,0,305,304,43051,0,0,0,0,3
2020-09-05,US,Wyoming,Teton,440,1,0,43.93522482,-110.5890801,56039.0,1875.2130923968632,0.2272727272727273,439,440,1,0,439,435,23081,0,0,0,0,5
2020-09-05,US,Wyoming,Uinta,308,2,0,41.2878183,-110.54757820000002,56041.0,1522.792445367349,0.6493506493506493,306,308,2,0,306,305,20299,0,0,0,0,3
2020-09-05,US,Wyoming,Washakie,110,6,0,43.90451606,-107.68018700000002,56043.0,1409.3529788597052,5.454545454545454,104,110,6,0,104,109,7885,0,0,0,0,1
2020-09-05,US,Wyoming,Weston,20,0,0,43.83961191,-104.56748809999999,56045.0,288.72527789808,0.0,20,20,0,0,20,20,6967,0,0,0,0,0
