Date,Country/Region,Province/State,Admin2,Confirmed,Deaths,Recovered,Latitude,Longitude,FIPS,Incidence_Rate,Case-Fatality_Ratio,Active Cases,Previous Confirmed,Previous Deaths,Previous Recovered,Previous Active,Prev2 Confirmed,Population,Daily Confirmed,Daily Deaths,Daily Recovered,Daily Active,Previous Daily Confirmed
2020-09-02,US,Alabama,Autauga,1345,23,0,32.53952745,-86.64408227,1001.0,2407.4173513039427,1.7100371747211895,1322,1354,23,0,1331,1348,55601,-9,0,0,-9,6
2020-09-02,US,Alabama,Baldwin,4458,38,0,30.72774991,-87.72207058,1003.0,1997.007624286623,0.8524001794526693,4420,4445,38,0,4407,4422,218022,13,0,0,13,23
2020-09-02,US,Alabama,Barbour,617,7,0,31.868263,-85.3871286,1005.0,2499.392368143888,1.1345218800648298,610,629,7,0,622,628,24881,-12,0,0,-12,1
2020-09-02,US,Alabama,Bibb,541,7,0,32.99642064,-87.12511459999996,1007.0,2415.825667589533,1.2939001848428835,534,538,7,0,531,535,22400,3,0,0,3,3
2020-09-02,US,Alabama,Blount,1036,11,0,33.98210918,-86.56790593,1009.0,1791.5816414761528,1.061776061776062,1025,1045,11,0,1034,1034,57840,-9,0,0,-9,11
2020-09-02,US,Alabama,Bullock,540,13,0,32.10030533,-85.71265535,1011.0,5346.005346005346,2.4074074074074074,527,541,13,0,528,537,10138,-1,0,0,-1,4
2020-09-02,US,Alabama,Butler,839,36,0,31.75300095,-86.68057478,1013.0,4314.068284656521,4.290822407628129,803,840,36,0,804,837,19680,-1,0,0,-1,3
2020-09-02,US,Alabama,Calhoun,2413,32,0,33.77483727,-85.82630386,1015.0,2124.026231239822,1.326150020721094,2381,2411,32,0,2379,2377,114277,2,0,0,2,34
2020-09-02,US,Alabama,Chambers,861,39,0,32.91360079,-85.39072749,1017.0,2589.1622060504,4.529616724738676,822,874,39,0,835,873,33615,-13,0,0,-13,1
2020-09-02,US,Alabama,Cherokee,354,11,0,34.17805983,-85.60638968,1019.0,1351.3513513513512,3.1073446327683616,343,353,11,0,342,346,26032,1,0,0,1,7
2020-09-02,US,Alabama,Chilton,1096,10,0,32.85044126,-86.7173256,1021.0,2466.912757720357,0.9124087591240876,1086,1107,10,0,1097,1094,44153,-11,0,0,-11,13
2020-09-02,US,Alabama,Choctaw,316,12,0,32.02227341,-88.26564429999998,1023.0,2510.1278894272778,3.79746835443038,304,316,12,0,304,316,12841,0,0,0,0,0
2020-09-02,US,Alabama,Clarke,922,13,0,31.68099859,-87.83548597,1025.0,3903.1411396156127,1.4099783080260304,909,925,13,0,912,923,23920,-3,0,0,-3,2
2020-09-02,US,Alabama,Clay,366,6,0,33.26984193,-85.85836077,1027.0,2765.3947865508117,1.639344262295082,360,361,6,0,355,356,13275,5,0,0,5,5
2020-09-02,US,Alabama,Cleburne,207,5,0,33.67679204,-85.52005899,1029.0,1388.3299798792755,2.415458937198068,202,206,5,0,201,202,14987,1,0,0,1,4
2020-09-02,US,Alabama,Coffee,959,5,0,31.39932826,-85.98901039,1031.0,1832.1806579802071,0.5213764337851929,954,968,5,0,963,961,51909,-9,0,0,-9,7
2020-09-02,US,Alabama,Colbert,1447,22,0,34.69847452,-87.80168544,1033.0,2619.431219565179,1.520387007601935,1425,1441,22,0,1419,1435,54762,6,0,0,6,6
2020-09-02,US,Alabama,Conecuh,433,11,0,31.43401703,-86.99320044,1035.0,3588.298665782713,2.540415704387991,422,437,11,0,426,436,12277,-4,0,0,-4,1
2020-09-02,US,Alabama,Coosa,112,3,0,32.93690146,-86.24847739,1037.0,1050.3610616149301,2.6785714285714284,109,111,3,0,108,111,10715,1,0,0,1,0
2020-09-02,US,Alabama,Covington,806,25,0,31.247785399999998,-86.45050893,1039.0,2175.4973143674592,3.1017369727047153,781,816,25,0,791,816,36986,-10,0,0,-10,0
2020-09-02,US,Alabama,Crenshaw,396,28,0,31.72941803,-86.31593104,1041.0,2875.399361022364,7.070707070707071,368,396,28,0,368,396,13824,0,0,0,0,0
2020-09-02,US,Alabama,Cullman,1454,14,0,34.13020303,-86.86888037,1043.0,1735.7463470537673,0.9628610729023384,1440,1463,14,0,1449,1450,83442,-9,0,0,-9,13
2020-09-02,US,Alabama,Dale,1018,39,0,31.43037123,-85.61095742,1045.0,2070.283901407305,3.831041257367387,979,1021,38,0,983,1017,48956,-3,1,0,-4,4
2020-09-02,US,Alabama,Dallas,1429,25,0,32.32688101,-87.10866709999998,1047.0,3841.8109474137013,1.7494751574527645,1404,1431,25,0,1406,1422,38310,-2,0,0,-2,9
2020-09-02,US,Alabama,DeKalb,2071,15,0,34.45946862,-85.80782906,1049.0,2895.9769552389075,0.7242877836793821,2056,2068,14,0,2054,2059,71385,3,1,0,2,9
2020-09-02,US,Alabama,Elmore,2048,44,0,32.59785413,-86.14415284,1051.0,2521.887968082355,2.1484375,2004,2048,43,0,2005,2023,81887,0,1,0,-1,25
2020-09-02,US,Alabama,Escambia,1237,22,0,31.1256789,-87.15918694,1053.0,3376.736821991101,1.778496362166532,1215,1240,22,0,1218,1214,36748,-3,0,0,-3,26
2020-09-02,US,Alabama,Etowah,2700,42,0,34.04567266,-86.04051873,1055.0,2640.122032307271,1.5555555555555556,2658,2697,40,0,2657,2672,102501,3,2,0,1,25
2020-09-02,US,Alabama,Fayette,296,6,0,33.72076938,-87.73886638,1057.0,1815.7281315176047,2.0270270270270268,290,292,6,0,286,284,16433,4,0,0,4,8
2020-09-02,US,Alabama,Franklin,1555,27,0,34.44235334,-87.84289505,1059.0,4958.229704738218,1.7363344051446945,1528,1543,27,0,1516,1539,31363,12,0,0,12,4
2020-09-02,US,Alabama,Geneva,392,3,0,31.09389027,-85.83572839,1061.0,1492.1396216360245,0.7653061224489796,389,391,3,0,388,387,26314,1,0,0,1,4
2020-09-02,US,Alabama,Greene,279,15,0,32.85504247,-87.95684022,1063.0,3439.773147577364,5.376344086021504,264,278,15,0,263,278,8233,1,0,0,1,0
2020-09-02,US,Alabama,Hale,535,27,0,32.76039258,-87.63284988,1065.0,3651.62787523036,5.046728971962617,508,535,27,0,508,529,14726,0,0,0,0,6
2020-09-02,US,Alabama,Henry,336,3,0,31.51148016,-85.24267944,1067.0,1952.920662598082,0.8928571428571429,333,333,3,0,330,328,17209,3,0,0,3,5
2020-09-02,US,Alabama,Houston,1867,15,0,31.15197924,-85.29939599,1069.0,1763.2836553899624,0.8034279592929834,1852,1854,16,0,1838,1838,104722,13,-1,0,14,16
2020-09-02,US,Alabama,Jackson,1288,7,0,34.78144169,-85.99750489,1071.0,2494.866927517143,0.5434782608695652,1281,1276,7,0,1269,1275,51736,12,0,0,12,1
2020-09-02,US,Alabama,Jefferson,16170,299,0,33.55554728,-86.89506300000002,1073.0,2455.3086749684544,1.8491032776747065,15871,16072,299,0,15773,15872,659300,98,0,0,98,200
2020-09-02,US,Alabama,Lamar,277,2,0,33.77995024,-88.09668032,1075.0,2006.5193770373053,0.7220216606498195,275,277,2,0,275,273,13844,0,0,0,0,4
2020-09-02,US,Alabama,Lauderdale,1433,24,0,34.90171875,-87.65624729,1077.0,1545.3633706823114,1.674808094905792,1409,1424,24,0,1400,1411,92387,9,0,0,9,13
2020-09-02,US,Alabama,Lawrence,469,5,0,34.52041498,-87.31069453,1079.0,1424.4927712307128,1.0660980810234542,464,466,5,0,461,463,32957,3,0,0,3,3
2020-09-02,US,Alabama,Lee,3371,49,0,32.60154883,-85.35132246,1081.0,2048.7170448882353,1.4535746069415605,3322,3395,49,0,3346,3348,163941,-24,0,0,-24,47
2020-09-02,US,Alabama,Limestone,1661,15,0,34.81185586,-86.98310072,1083.0,1679.2195319213465,0.9030704394942806,1646,1662,15,0,1647,1647,96174,-1,0,0,-1,15
2020-09-02,US,Alabama,Lowndes,602,24,0,32.1597283,-86.65158371,1085.0,6189.594900267325,3.986710963455149,578,604,24,0,580,600,9974,-2,0,0,-2,4
2020-09-02,US,Alabama,Macon,399,17,0,32.38759944,-85.69267724,1087.0,2208.324108921851,4.260651629072681,382,399,17,0,382,396,18439,0,0,0,0,3
2020-09-02,US,Alabama,Madison,6345,54,0,34.76327133,-86.55069633,1089.0,1701.4874942680387,0.851063829787234,6291,6329,53,0,6276,6258,366519,16,1,0,15,71
2020-09-02,US,Alabama,Marengo,632,17,0,32.24767634,-87.78796182,1091.0,3350.474473837672,2.6898734177215187,615,632,17,0,615,625,19066,0,0,0,0,7
2020-09-02,US,Alabama,Marion,720,27,0,34.13697363,-87.88704173,1093.0,2423.508027870342,3.75,693,720,28,0,692,716,29763,0,-1,0,1,4
2020-09-02,US,Alabama,Marshall,3492,41,0,34.36975964,-86.30486727,1095.0,3608.4072168144335,1.1741122565864834,3451,3493,41,0,3452,3483,96109,-1,0,0,-1,10
2020-09-02,US,Alabama,Mobile,12098,261,0,30.78472347,-88.20842409,1097.0,2927.809104329517,2.157381385352951,11837,12083,257,0,11826,12043,413757,15,4,0,11,40
2020-09-02,US,Alabama,Monroe,438,6,0,31.56729412,-87.36995001,1099.0,2112.5741571407902,1.3698630136986298,432,444,6,0,438,443,21067,-6,0,0,-6,1
2020-09-02,US,Alabama,Montgomery,7804,161,0,32.2206831,-86.20969272,1101.0,3445.6875921690526,2.0630445925166585,7643,7792,161,0,7631,7750,225763,12,0,0,12,42
2020-09-02,US,Alabama,Morgan,2831,22,0,34.45500589,-86.85475946,1103.0,2365.494364090609,0.7771105616389968,2809,2830,22,0,2808,2811,119089,1,0,0,1,19
2020-09-02,US,Alabama,Perry,480,5,0,32.64048341,-87.29770589,1105.0,5379.356718592402,1.0416666666666667,475,480,5,0,475,478,9140,0,0,0,0,2
2020-09-02,US,Alabama,Pickens,537,11,0,33.28094866,-88.08818103,1107.0,2694.4305067737077,2.0484171322160147,526,534,11,0,523,533,19938,3,0,0,3,1
2020-09-02,US,Alabama,Pike,833,7,0,31.80396383,-85.9408295,1109.0,2515.552334360089,0.8403361344537815,826,832,7,0,825,824,33338,1,0,0,1,8
2020-09-02,US,Alabama,Randolph,479,11,0,33.29526734,-85.45708831,1111.0,2108.0890766657863,2.2964509394572024,468,480,11,0,469,478,22725,-1,0,0,-1,2
2020-09-02,US,Alabama,Russell,1548,2,0,32.28725256,-85.18415324,1113.0,2670.7613740273628,0.12919896640826872,1546,1553,2,0,1551,1548,57781,-5,0,0,-5,5
2020-09-02,US,Alabama,Shelby,4158,42,0,33.26879845,-86.66232561,1117.0,1909.9502990326223,1.0101010101010102,4116,4166,42,0,4124,4095,215707,-8,0,0,-8,71
2020-09-02,US,Alabama,St. Clair,1670,29,0,33.71902176,-86.31029372,1115.0,1865.6716417910445,1.7365269461077844,1641,1671,28,0,1643,1651,88690,-1,1,0,-2,20
2020-09-02,US,Alabama,Sumter,399,19,0,32.59117397,-88.19916205,1119.0,3210.750784581959,4.761904761904762,380,399,19,0,380,396,12691,0,0,0,0,3
2020-09-02,US,Alabama,Talladega,1290,20,0,33.37823223,-86.16886178,1121.0,1612.9435594788567,1.5503875968992251,1270,1314,19,0,1295,1303,79828,-24,1,0,-25,11
2020-09-02,US,Alabama,Tallapoosa,934,82,0,32.86698258,-85.79833053,1123.0,2313.771149701489,8.779443254817988,852,931,81,0,850,930,40497,3,1,0,2,1
2020-09-02,US,Alabama,Tuscaloosa,5201,92,0,33.28726072,-87.52556818,1125.0,2484.2970074753407,1.7688905979619305,5109,5187,92,0,5095,5130,208911,14,0,0,14,57
2020-09-02,US,Alabama,Unassigned,10019,103,0,0.0,0.0,90001.0,0.0,1.0280467112486276,9916,9482,98,0,9384,8906,,537,5,0,532,576
2020-09-02,US,Alabama,Walker,1850,74,0,33.80270512,-87.30027177,1127.0,2912.4226633711687,4.0,1776,1843,73,0,1770,1823,63711,7,1,0,6,20
2020-09-02,US,Alabama,Washington,500,13,0,31.4092794,-88.20689944,1129.0,3062.599534484871,2.6,487,503,13,0,490,502,16378,-3,0,0,-3,1
2020-09-02,US,Alabama,Wilcox,474,11,0,31.98773215,-87.30891118,1131.0,4569.555576978694,2.3206751054852317,463,479,11,0,468,479,10627,-5,0,0,-5,0
2020-09-02,US,Alabama,Winston,556,11,0,34.15030532,-87.37325922,1133.0,2353.040755004444,1.9784172661870505,545,556,11,0,545,545,23660,0,0,0,0,11
2020-09-02,US,Alaska,Aleutians East,2,0,0,55.32222414,-161.9722021,2013.0,59.93407252022774,0.0,2,2,0,0,2,2,3515,0,0,0,0,0
2020-09-02,US,Alaska,Aleutians West,6,0,0,52.3233,-174.1596,2016.0,106.49627263045794,0.0,6,7,0,0,7,7,5723,-1,0,0,-1,0
2020-09-02,US,Alaska,Anchorage,3050,23,0,61.14998174,-149.14269860000005,2020.0,1059.0277777777776,0.7540983606557377,3027,3018,23,0,2995,3001,291538,32,0,0,32,17
2020-09-02,US,Alaska,Bethel,59,1,0,60.90980451,-159.8561831,2050.0,320.89633416730123,1.6949152542372878,58,59,1,0,58,59,18216,0,0,0,0,0
2020-09-02,US,Alaska,Bristol Bay,10,0,0,58.74513976,-156.701064,2060.0,1196.1722488038274,0.0,10,10,0,0,10,10,877,0,0,0,0,0
2020-09-02,US,Alaska,Denali,2,0,0,63.67264044,-150.0076108,2068.0,95.37434430138292,0.0,2,2,0,0,2,1,2059,0,0,0,0,1
2020-09-02,US,Alaska,Dillingham,5,0,0,59.79603738,-158.23819419999995,2070.0,101.70870626525631,0.0,5,5,0,0,5,5,5000,0,0,0,0,0
2020-09-02,US,Alaska,Fairbanks North Star,666,8,0,64.80726247,-146.5692662,2090.0,687.6684323018306,1.2012012012012012,658,644,8,0,636,640,98971,22,0,0,22,4
2020-09-02,US,Alaska,Haines,4,0,0,59.09893571,-135.4679843,2100.0,158.10276679841897,0.0,4,5,0,0,5,5,2474,-1,0,0,-1,0
2020-09-02,US,Alaska,Juneau,178,1,0,58.45031811,-134.200436,2110.0,556.7023206355162,0.5617977528089888,177,177,1,0,176,175,32113,1,0,0,1,2
2020-09-02,US,Alaska,Kenai Peninsula,416,2,0,60.24429722,-151.53888840000005,2122.0,708.5916740478299,0.4807692307692308,414,412,2,0,410,410,58533,4,0,0,4,2
2020-09-02,US,Alaska,Ketchikan Gateway,47,0,0,55.57445008,-130.975561,2130.0,338.1051722897633,0.0,47,47,0,0,47,46,13918,0,0,0,0,1
2020-09-02,US,Alaska,Kodiak Island,15,0,0,57.65529415,-153.7493579,2150.0,115.40236959532236,0.0,15,15,0,0,15,14,13345,0,0,0,0,1
2020-09-02,US,Alaska,Kusilvak,8,0,0,62.15429159999999,-163.39678830000003,2158.0,96.22323791195574,0.0,8,8,0,0,8,8,8303,0,0,0,0,0
2020-09-02,US,Alaska,Matanuska-Susitna,481,2,0,62.31305045,-149.5741743,2170.0,444.0669516327077,0.4158004158004158,479,476,2,0,474,472,107610,5,0,0,5,4
2020-09-02,US,Alaska,Nome,41,0,0,64.90320724,-164.0353804,2180.0,409.8360655737705,0.0,41,41,0,0,41,41,10008,0,0,0,0,0
2020-09-02,US,Alaska,North Slope,41,0,0,69.31479216,-153.4836093,2185.0,417.0056956875508,0.0,41,39,0,0,39,39,9872,2,0,0,2,0
2020-09-02,US,Alaska,Northwest Arctic,66,0,0,67.04919196,-159.7503946,2188.0,866.028080304422,0.0,66,66,0,0,66,66,7671,0,0,0,0,0
2020-09-02,US,Alaska,Petersburg,7,1,0,57.13978948,-132.9540995,2195.0,214.32945499081444,14.285714285714285,6,7,1,0,6,7,3221,0,0,0,0,0
2020-09-02,US,Alaska,Prince of Wales-Hyder,25,0,0,55.76261984,-133.0511621,2198.0,403.03079155247457,0.0,25,25,0,0,25,25,6422,0,0,0,0,0
2020-09-02,US,Alaska,Sitka,38,0,0,57.24124555,-135.3206587,2220.0,447.42729306487695,0.0,38,38,0,0,38,38,8647,0,0,0,0,0
2020-09-02,US,Alaska,Southeast Fairbanks,19,0,0,63.87692095,-143.2127643,2240.0,275.6419556071377,0.0,19,18,0,0,18,18,6918,1,0,0,1,0
2020-09-02,US,Alaska,Unassigned,1,0,0,0.0,0.0,90002.0,0.0,0.0,1,2,0,0,2,1,,-1,0,0,-1,1
2020-09-02,US,Alaska,Valdez-Cordova,73,0,0,61.47502768,-144.7126799,2261.0,793.3058030862856,0.0,73,73,0,0,73,73,9164,0,0,0,0,0
2020-09-02,US,Alaska,Wrangell,11,0,0,56.3202004,-132.05837309999998,2275.0,439.6482813749002,0.0,11,11,0,0,11,11,2503,0,0,0,0,0
2020-09-02,US,Alaska,Yakutat,20,0,0,59.890980799999994,-140.36014509999998,2282.0,3454.231433506045,0.0,20,19,0,0,19,18,604,1,0,0,1,1
2020-09-02,US,Alaska,Yukon-Koyukuk,71,1,0,65.50815459,-151.39073869999999,2290.0,1357.5525812619505,1.4084507042253518,70,71,1,0,70,71,5327,0,0,0,0,0
2020-09-02,US,Arizona,Apache,3351,154,0,35.39465006,-109.4892383,4001.0,4661.482604643399,4.595643091614443,3197,3341,154,0,3187,3338,71818,10,0,0,10,3
2020-09-02,US,Arizona,Cochise,1830,62,0,31.87934684,-109.7516088,4003.0,1453.2806022776003,3.387978142076503,1768,1824,61,0,1763,1816,126770,6,1,0,5,8
2020-09-02,US,Arizona,Coconino,3346,127,0,35.83883429,-111.77071780000001,4005.0,2332.0973542613397,3.7955768081291095,3219,3334,126,0,3208,3324,142854,12,1,0,11,10
2020-09-02,US,Arizona,Gila,1117,48,0,33.80190085,-110.8132779,4007.0,2067.829242104484,4.2972247090420765,1069,1113,47,0,1066,1106,53889,4,1,0,3,7
2020-09-02,US,Arizona,Graham,735,22,0,32.93166885,-109.8882178,4009.0,1892.52516929732,2.993197278911565,713,717,22,0,695,714,38072,18,0,0,18,3
2020-09-02,US,Arizona,Greenlee,58,1,0,33.21498827,-109.2405279,4011.0,610.6548747104654,1.7241379310344829,57,58,1,0,57,58,9483,0,0,0,0,0
2020-09-02,US,Arizona,La Paz,498,15,0,33.72854224,-113.98100290000001,4012.0,2359.295054007959,3.0120481927710845,483,498,15,0,483,498,21098,0,0,0,0,0
2020-09-02,US,Arizona,Maricopa,134346,2995,0,33.34835867,-112.49181540000001,4013.0,2995.1750273218927,2.2293183273041253,131351,134004,2976,0,131028,133728,4410824,342,19,0,323,276
2020-09-02,US,Arizona,Mohave,3651,206,0,35.70471703,-113.7577902,4015.0,1720.7007224963593,5.642289783620925,3445,3639,206,0,3433,3615,209550,12,0,0,12,24
2020-09-02,US,Arizona,Navajo,5625,220,0,35.3997715,-110.3218983,4017.0,5071.0396307381625,3.911111111111111,5405,5602,220,0,5382,5598,110445,23,0,0,23,4
2020-09-02,US,Arizona,Pima,21294,574,0,32.0971334,-111.7890033,4019.0,2033.269071565457,2.6955950032873113,20720,21286,576,0,20710,21221,1039073,8,-2,0,10,65
2020-09-02,US,Arizona,Pinal,9690,186,0,32.90525627,-111.3449483,4021.0,2093.826776349481,1.9195046439628485,9504,9616,186,0,9430,9550,447138,74,0,0,74,66
2020-09-02,US,Arizona,Santa Cruz,2732,57,0,31.52508998,-110.8479088,4023.0,5875.5215278076475,2.0863836017569546,2675,2732,57,0,2675,2728,46511,0,0,0,0,4
2020-09-02,US,Arizona,Unassigned,0,1,0,0.0,0.0,90004.0,0.0,0.0,-1,0,1,0,-1,0,,0,0,0,0,0
2020-09-02,US,Arizona,Yavapai,2324,77,0,34.59933926,-112.5538588,4025.0,988.519729986091,3.3132530120481927,2247,2321,77,0,2244,2311,231993,3,0,0,3,10
2020-09-02,US,Arizona,Yuma,12264,320,0,32.76895712,-113.90666740000002,4027.0,5736.550866048919,2.609262883235486,11944,12257,319,0,11938,12230,212128,7,1,0,6,27
2020-09-02,US,Arkansas,Arkansas,286,3,0,34.29145151,-91.37277296,5001.0,1635.5941896374247,1.048951048951049,283,284,3,0,281,283,17769,2,0,0,2,1
2020-09-02,US,Arkansas,Ashley,388,7,0,33.19153461,-91.76984709999999,5003.0,1973.8515541537365,1.8041237113402064,381,388,7,0,381,388,20046,0,0,0,0,0
2020-09-02,US,Arkansas,Baxter,140,0,0,36.28784385,-92.33782872,5005.0,333.87389106171895,0.0,140,139,0,0,139,138,41619,1,0,0,1,1
2020-09-02,US,Arkansas,Benton,5453,57,0,36.33644656,-94.25680817,5007.0,1953.4930375688275,1.0452961672473868,5396,5394,54,0,5340,5364,272608,59,3,0,56,30
2020-09-02,US,Arkansas,Boone,374,3,0,36.3084504,-93.09374925,5009.0,999.1451164778799,0.8021390374331551,371,369,3,0,366,365,37480,5,0,0,5,4
2020-09-02,US,Arkansas,Bradley,296,6,0,33.46755808,-92.15980837,5011.0,2750.162594072285,2.0270270270270268,290,295,6,0,289,295,10897,1,0,0,1,0
2020-09-02,US,Arkansas,Calhoun,23,0,0,33.55598792,-92.49974403,5013.0,443.24532665253423,0.0,23,24,0,0,24,24,5277,-1,0,0,-1,0
2020-09-02,US,Arkansas,Carroll,474,7,0,36.34038560000001,-93.54270261,5015.0,1670.1902748414375,1.4767932489451476,467,470,7,0,463,469,28223,4,0,0,4,1
2020-09-02,US,Arkansas,Chicot,963,11,0,33.26458973,-91.29539209,5017.0,9517.691243328722,1.142263759086189,952,962,11,0,951,962,10438,1,0,0,1,0
2020-09-02,US,Arkansas,Clark,239,4,0,34.04613432,-93.17484713,5019.0,1070.78853046595,1.6736401673640169,235,236,3,0,233,233,22061,3,1,0,2,3
2020-09-02,US,Arkansas,Clay,185,5,0,36.36826212,-90.4148172,5021.0,1271.390282454814,2.702702702702702,180,182,5,0,177,182,14847,3,0,0,3,0
2020-09-02,US,Arkansas,Cleburne,257,7,0,35.53864922,-92.02640019,5023.0,1031.3415466110198,2.723735408560312,250,259,7,0,252,259,24965,-2,0,0,-2,0
2020-09-02,US,Arkansas,Cleveland,138,5,0,33.89723187,-92.18537045,5025.0,1734.5399698340875,3.6231884057971016,133,137,4,0,133,136,8018,1,1,0,0,1
2020-09-02,US,Arkansas,Columbia,303,15,0,33.21230701,-93.22642793,5027.0,1291.7252845632433,4.950495049504951,288,297,15,0,282,295,23537,6,0,0,6,2
2020-09-02,US,Arkansas,Conway,212,3,0,35.26205537,-92.70506566,5029.0,1016.981675141514,1.4150943396226414,209,210,3,0,207,206,20891,2,0,0,2,4
2020-09-02,US,Arkansas,Craighead,1932,15,0,35.83018283,-90.63235729,5031.0,1751.0785628829349,0.7763975155279503,1917,1881,15,0,1866,1869,108558,51,0,0,51,12
2020-09-02,US,Arkansas,Crawford,939,9,0,35.58928601,-94.2446814,5033.0,1484.4206965237051,0.9584664536741214,930,931,9,0,922,921,63406,8,0,0,8,10
2020-09-02,US,Arkansas,Crittenden,1659,35,0,35.21247318,-90.30839406,5035.0,3459.4932749452614,2.109704641350211,1624,1648,34,0,1614,1643,48342,11,1,0,10,5
2020-09-02,US,Arkansas,Cross,283,5,0,35.29631396,-90.77185818,5037.0,1723.6128875083746,1.7667844522968197,278,280,5,0,275,279,16676,3,0,0,3,1
2020-09-02,US,Arkansas,Dallas,128,2,0,33.97042763,-92.65167437,5039.0,1826.2234270223998,1.5625,126,127,2,0,125,127,7182,1,0,0,1,0
2020-09-02,US,Arkansas,Desha,244,5,0,33.83011025,-91.25500948,5041.0,2147.698265997712,2.0491803278688523,239,243,5,0,238,243,11512,1,0,0,1,0
2020-09-02,US,Arkansas,Drew,308,5,0,33.59035001,-91.71777921,5043.0,1690.54283989242,1.6233766233766234,303,305,5,0,300,304,18328,3,0,0,3,1
2020-09-02,US,Arkansas,Faulkner,1719,9,0,35.14719007,-92.33717519,5045.0,1364.2099248454456,0.5235602094240838,1710,1703,9,0,1694,1693,124806,16,0,0,16,10
2020-09-02,US,Arkansas,Franklin,174,2,0,35.51202821,-93.89299569,5047.0,982.2184589331076,1.1494252873563218,172,168,2,0,166,166,17810,6,0,0,6,2
2020-09-02,US,Arkansas,Fulton,72,0,0,36.38177105,-91.81729127,5049.0,577.0617937004088,0.0,72,71,0,0,71,70,12269,1,0,0,1,1
2020-09-02,US,Arkansas,Garland,1458,30,0,34.57692074,-93.14921604,5051.0,1467.007425593142,2.05761316872428,1428,1434,29,0,1405,1428,99154,24,1,0,23,6
2020-09-02,US,Arkansas,Grant,193,1,0,34.29017991,-92.42320562,5053.0,1056.665754174651,0.5181347150259067,192,191,1,0,190,192,18188,2,0,0,2,-1
2020-09-02,US,Arkansas,Greene,648,5,0,36.11735460000001,-90.55832668,5055.0,1429.6745725317153,0.7716049382716049,643,635,4,0,631,634,45325,13,1,0,12,1
2020-09-02,US,Arkansas,Hempstead,334,3,0,33.73325583,-93.66935133,5057.0,1551.1796396061677,0.8982035928143712,331,330,3,0,327,330,21741,4,0,0,4,0
2020-09-02,US,Arkansas,Hot Spring,1728,21,0,34.31709259,-92.95396325,5059.0,5116.81620325131,1.2152777777777777,1707,1719,21,0,1698,1717,33701,9,0,0,9,2
2020-09-02,US,Arkansas,Howard,427,5,0,34.09007427,-93.9934871,5061.0,3234.358430540827,1.17096018735363,422,425,5,0,420,425,13341,2,0,0,2,0
2020-09-02,US,Arkansas,Independence,788,7,0,35.74242707,-91.57001641,5063.0,2083.278255122273,0.8883248730964467,781,770,6,0,764,765,37678,18,1,0,17,5
2020-09-02,US,Arkansas,Izard,106,0,0,36.09604046,-91.90847954,5065.0,777.7533201262015,0.0,106,105,0,0,105,102,13593,1,0,0,1,3
2020-09-02,US,Arkansas,Jackson,187,1,0,35.59802983,-91.21494602,5067.0,1118.4879478437706,0.5347593582887701,186,184,1,0,183,183,16811,3,0,0,3,1
2020-09-02,US,Arkansas,Jefferson,2129,51,0,34.26767081,-91.92619839,5069.0,3185.981084640249,2.395490840770315,2078,2112,50,0,2062,2104,68114,17,1,0,16,8
2020-09-02,US,Arkansas,Johnson,766,4,0,35.56759135,-93.46036368,5071.0,2882.0829257280457,0.5221932114882507,762,765,4,0,761,765,26742,1,0,0,1,0
2020-09-02,US,Arkansas,Lafayette,72,2,0,33.24116713,-93.60677071,5073.0,1086.9565217391305,2.7777777777777777,70,70,2,0,68,68,6682,2,0,0,2,2
2020-09-02,US,Arkansas,Lawrence,253,11,0,36.04188196,-91.10867198,5075.0,1542.1187370474215,4.3478260869565215,242,250,10,0,240,249,16434,3,1,0,2,1
2020-09-02,US,Arkansas,Lee,1006,11,0,34.78498904,-90.78383866,5077.0,11358.247713672801,1.0934393638170974,995,1004,11,0,993,1003,8985,2,0,0,2,1
2020-09-02,US,Arkansas,Lincoln,1610,13,0,33.95317155,-91.74002806,5079.0,12361.793611793611,0.8074534161490683,1597,1608,13,0,1595,1604,13383,2,0,0,2,4
2020-09-02,US,Arkansas,Little River,287,15,0,33.70375665,-94.23468591,5081.0,2341.1371237458193,5.2264808362369335,272,284,15,0,269,281,12326,3,0,0,3,3
2020-09-02,US,Arkansas,Logan,365,1,0,35.21413234,-93.71951016,5083.0,1700.3633653219047,0.273972602739726,364,365,1,0,364,365,21737,0,0,0,0,0
2020-09-02,US,Arkansas,Lonoke,740,4,0,34.75392199,-91.88742357,5085.0,1009.4258549427764,0.5405405405405406,736,728,4,0,724,726,73657,12,0,0,12,2
2020-09-02,US,Arkansas,Madison,299,2,0,36.01038185,-93.72524943,5087.0,1803.8127413127413,0.6688963210702341,297,296,2,0,294,296,16481,3,0,0,3,0
2020-09-02,US,Arkansas,Marion,46,0,0,36.26844485,-92.68451899,5089.0,275.5481011141728,0.0,46,46,0,0,46,45,16722,0,0,0,0,1
2020-09-02,US,Arkansas,Miller,621,9,0,33.31403423,-93.89285258,5091.0,1435.6057979055413,1.4492753623188406,612,612,9,0,603,602,43592,9,0,0,9,10
2020-09-02,US,Arkansas,Mississippi,1374,22,0,35.76271485,-90.05194370000002,5093.0,3379.9906521364787,1.6011644832605532,1352,1352,22,0,1330,1349,41239,22,0,0,22,3
2020-09-02,US,Arkansas,Monroe,96,0,0,34.6815935,-91.20540287,5095.0,1432.621996716908,0.0,96,95,0,0,95,94,6900,1,0,0,1,1
2020-09-02,US,Arkansas,Montgomery,104,3,0,34.53704874,-93.65824478,5097.0,1157.3558869352325,2.8846153846153846,101,104,3,0,101,101,8924,0,0,0,0,3
2020-09-02,US,Arkansas,Nevada,162,12,0,33.66340119,-93.30632432,5099.0,1963.1604459524967,7.407407407407407,150,162,12,0,150,162,8326,0,0,0,0,0
2020-09-02,US,Arkansas,Newton,121,15,0,35.91947491,-93.21612969,5101.0,1560.6861859925186,12.396694214876034,106,120,15,0,105,120,7805,1,0,0,1,0
2020-09-02,US,Arkansas,Ouachita,159,4,0,33.58839816,-92.87795984,5103.0,680.0102643058763,2.5157232704402515,155,158,4,0,154,158,23606,1,0,0,1,0
2020-09-02,US,Arkansas,Perry,63,1,0,34.945915299999996,-92.94372564,5105.0,602.5824964131995,1.5873015873015872,62,63,1,0,62,63,10352,0,0,0,0,0
2020-09-02,US,Arkansas,Phillips,407,10,0,34.43268455,-90.84800154,5107.0,2288.8314025418963,2.457002457002457,397,407,10,0,397,405,18029,0,0,0,0,2
2020-09-02,US,Arkansas,Pike,177,1,0,34.16250414,-93.65789349,5109.0,1651.4275051315549,0.5649717514124294,176,177,1,0,176,176,10673,0,0,0,0,1
2020-09-02,US,Arkansas,Poinsett,493,6,0,35.57433534,-90.66268713,5111.0,2095.375722543353,1.2170385395537526,487,489,6,0,483,489,23974,4,0,0,4,0
2020-09-02,US,Arkansas,Polk,226,4,0,34.48254879,-94.22728802,5113.0,1132.0376678020434,1.7699115044247788,222,225,3,0,222,224,20049,1,1,0,0,1
2020-09-02,US,Arkansas,Pope,1787,18,0,35.44871474,-93.03212219,5115.0,2789.0498189536765,1.0072747621712368,1769,1776,16,0,1760,1774,64000,11,2,0,9,2
2020-09-02,US,Arkansas,Prairie,115,0,0,34.83624419,-91.55162157,5117.0,1426.445050855867,0.0,115,115,0,0,115,115,8074,0,0,0,0,0
2020-09-02,US,Arkansas,Pulaski,7182,112,0,34.77054088,-92.31355101,5119.0,1832.5589228166598,1.5594541910331383,7070,7121,109,0,7012,7072,392680,61,3,0,58,49
2020-09-02,US,Arkansas,Randolph,311,12,0,36.3415714,-91.02455531,5121.0,1731.8186880498945,3.858520900321544,299,311,12,0,299,311,17948,0,0,0,0,0
2020-09-02,US,Arkansas,Saline,1617,13,0,34.64916145,-92.67583224,5125.0,1320.679206449031,0.8039579468150897,1604,1591,13,0,1578,1576,121421,26,0,0,26,15
2020-09-02,US,Arkansas,Scott,87,0,0,34.85588887,-94.0632176,5127.0,846.2211847096588,0.0,87,86,0,0,86,86,10319,1,0,0,1,0
2020-09-02,US,Arkansas,Searcy,101,0,0,35.9109364,-92.69936482,5129.0,1281.5632533942396,0.0,101,101,0,0,101,100,7958,0,0,0,0,1
2020-09-02,US,Arkansas,Sebastian,2910,35,0,35.19605503,-94.27162713,5131.0,2276.514351428102,1.2027491408934707,2875,2900,34,0,2866,2877,127753,10,1,0,9,23
2020-09-02,US,Arkansas,Sevier,1160,13,0,33.99780401,-94.2424869,5133.0,6820.720879637795,1.1206896551724137,1147,1159,12,0,1147,1157,17139,1,1,0,0,2
2020-09-02,US,Arkansas,Sharp,149,5,0,36.16258158,-91.47819342,5135.0,854.2598325880057,3.355704697986577,144,149,5,0,144,149,17366,0,0,0,0,0
2020-09-02,US,Arkansas,St. Francis,1350,4,0,35.02201976,-90.74828138,5123.0,5401.296311114666,0.2962962962962963,1346,1348,4,0,1344,1345,25439,2,0,0,2,3
2020-09-02,US,Arkansas,Stone,202,3,0,35.86251946,-92.15684085,5137.0,1615.2246921477688,1.4851485148514851,199,196,3,0,193,193,12457,6,0,0,6,3
2020-09-02,US,Arkansas,Unassigned,956,0,0,0.0,0.0,90005.0,0.0,0.0,956,897,0,0,897,904,,59,0,0,59,-7
2020-09-02,US,Arkansas,Union,698,20,0,33.16887091,-92.59746952,5139.0,1804.4568533167887,2.8653295128939833,678,692,20,0,672,691,39126,6,0,0,6,1
2020-09-02,US,Arkansas,Van Buren,126,2,0,35.58095779,-92.51295036,5141.0,761.5593834995468,1.5873015873015872,124,120,2,0,118,118,16603,6,0,0,6,2
2020-09-02,US,Arkansas,Washington,6991,73,0,35.976844,-94.21800746,5143.0,2922.817711664932,1.0441996853096842,6918,6921,68,0,6853,6900,236961,70,5,0,65,21
2020-09-02,US,Arkansas,White,542,12,0,35.25688493,-91.74908296,5145.0,688.2277500539662,2.2140221402214024,530,533,11,0,522,528,78727,9,1,0,8,5
2020-09-02,US,Arkansas,Woodruff,27,0,0,35.18902527,-91.2439489,5147.0,427.21518987341767,0.0,27,27,0,0,27,27,6490,0,0,0,0,0
2020-09-02,US,Arkansas,Yell,1167,25,0,35.00292371,-93.41171338,5149.0,5468.347312684504,2.1422450728363325,1142,1166,23,0,1143,1162,21535,1,2,0,-1,4
2020-09-02,US,California,Alameda,18695,274,0,37.64629437,-121.8929271,6001.0,1118.5709097371014,1.4656325220647233,18421,18445,257,0,18188,18187,1666753,250,17,0,233,258
2020-09-02,US,California,Alpine,2,0,0,38.59678594,-119.82235940000001,6003.0,177.14791851195747,0.0,2,2,0,0,2,2,1101,0,0,0,0,0
2020-09-02,US,California,Amador,280,15,0,38.44583082,-120.65696000000001,6005.0,704.3670758703964,5.357142857142857,265,280,14,0,266,280,39383,0,1,0,-1,0
2020-09-02,US,California,Butte,2146,23,0,39.66727762,-121.6005252,6007.0,979.0771308386484,1.0717614165890028,2123,2069,23,0,2046,2026,231256,77,0,0,77,43
2020-09-02,US,California,Calaveras,257,2,0,38.20537103,-120.55291299999999,6009.0,559.8518679882366,0.7782101167315175,255,236,2,0,234,236,45602,21,0,0,21,0
2020-09-02,US,California,Colusa,456,6,0,39.17881957,-122.2331726,6011.0,2116.3038938135237,1.3157894736842106,450,445,6,0,439,445,21627,11,0,0,11,0
2020-09-02,US,California,Contra Costa,14035,179,0,37.91923498,-121.9289527,6013.0,1216.7042615424361,1.2753829711435696,13856,13938,175,0,13763,13938,1150215,97,4,0,93,0
2020-09-02,US,California,Del Norte,123,1,0,41.74228275,-123.89740630000001,6015.0,442.2551416654682,0.8130081300813008,122,123,1,0,122,123,27828,0,0,0,0,0
2020-09-02,US,California,El Dorado,973,2,0,38.77965956,-120.5233166,6017.0,504.5555192565972,0.2055498458376156,971,967,2,0,965,967,190678,6,0,0,6,0
2020-09-02,US,California,Fresno,25542,290,0,36.75733899,-119.6466953,6019.0,2556.4982919644767,1.1353848563150888,25252,25185,290,0,24895,24963,994400,357,0,0,357,222
2020-09-02,US,California,Glenn,463,3,0,39.59875897,-122.3938452,6021.0,1630.683619201916,0.6479481641468683,460,453,3,0,450,453,28047,10,0,0,10,0
2020-09-02,US,California,Humboldt,397,4,0,40.69923009,-123.876044,6023.0,292.86357131264845,1.0075566750629723,393,393,4,0,389,388,136373,4,0,0,4,5
2020-09-02,US,California,Imperial,10746,296,0,33.0393082,-115.36690420000001,6025.0,5929.972684380432,2.7545133072771257,10450,10719,294,0,10425,10719,181827,27,2,0,25,0
2020-09-02,US,California,Inyo,181,14,0,36.51112084,-117.41119779999998,6027.0,1003.381562170852,7.734806629834254,167,179,13,0,166,179,17987,2,1,0,1,0
2020-09-02,US,California,Kern,29459,292,0,35.34329425,-118.72777959999999,6029.0,3272.4877305315918,0.991208119759666,29167,29324,286,0,29038,29324,896764,135,6,0,129,0
2020-09-02,US,California,Kings,6392,74,0,36.07409056,-119.8159973,6031.0,4179.4167647443455,1.1576971214017522,6318,6340,72,0,6268,6340,151366,52,2,0,50,0
2020-09-02,US,California,Lake,346,5,0,39.10124298,-122.75362439999999,6033.0,537.3839033330227,1.4450867052023122,341,345,4,0,341,345,64382,1,1,0,0,0
2020-09-02,US,California,Lassen,716,0,0,40.67311306,-120.59350990000002,6035.0,2341.935694894188,0.0,716,716,0,0,716,716,30802,0,0,0,0,0
2020-09-02,US,California,Los Angeles,243935,5878,0,34.30828379,-118.22824109999999,6037.0,2429.8475950101943,2.4096583106155327,238057,242521,5829,0,236692,241768,10105518,1414,49,0,1365,753
2020-09-02,US,California,Madera,3876,55,0,37.21513971,-119.76655890000002,6039.0,2463.658494727542,1.4189886480908154,3821,3836,55,0,3781,3783,157672,40,0,0,40,53
2020-09-02,US,California,Marin,6295,96,0,38.07122463,-122.72106310000001,6041.0,2432.135875066648,1.5250198570293885,6199,6164,96,0,6068,6164,259666,131,0,0,131,0
2020-09-02,US,California,Mariposa,73,2,0,37.57978556,-119.9073334,6043.0,424.34459105969887,2.7397260273972597,71,71,2,0,69,71,17471,2,0,0,2,0
2020-09-02,US,California,Mendocino,714,17,0,39.4381191,-123.39113130000001,6045.0,823.0642428154791,2.380952380952381,697,704,17,0,687,704,87606,10,0,0,10,0
2020-09-02,US,California,Merced,8081,118,0,37.18922369,-120.72090349999999,6047.0,2910.184384903486,1.4602153198861527,7963,8032,117,0,7915,8032,274765,49,1,0,48,0
2020-09-02,US,California,Modoc,13,0,0,41.58965602,-120.7244817,6049.0,147.04218979753418,0.0,13,12,0,0,12,12,8777,1,0,0,1,0
2020-09-02,US,California,Mono,162,2,0,37.93899289,-118.8872409,6051.0,1121.5729714760457,1.2345679012345678,160,162,2,0,160,162,14250,0,0,0,0,0
2020-09-02,US,California,Monterey,8068,58,0,36.21862405,-121.24133970000001,6053.0,1858.7249257592828,0.7188894397620228,8010,7980,58,0,7922,7980,435594,88,0,0,88,0
2020-09-02,US,California,Napa,1446,13,0,38.50735751,-122.33283899999999,6055.0,1049.7734928563134,0.8990318118948825,1433,1434,13,0,1421,1431,139417,12,0,0,12,3
2020-09-02,US,California,Nevada,450,5,0,39.30394768,-120.76272809999999,6057.0,451.1052077590096,1.1111111111111112,445,447,5,0,442,446,99696,3,0,0,3,1
2020-09-02,US,California,Orange,49142,1007,0,33.70147516,-117.76459979999998,6059.0,1547.4422582542636,2.0491636482031663,48135,48825,988,0,47837,48538,3185968,317,19,0,298,287
2020-09-02,US,California,Placer,3062,34,0,39.06167234,-120.72405690000001,6061.0,768.7112914199066,1.1103853690398433,3028,3027,33,0,2994,3003,393149,35,1,0,34,24
2020-09-02,US,California,Plumas,42,0,0,40.00355989,-120.8395236,6063.0,223.32110384431328,0.0,42,41,0,0,41,41,18804,1,0,0,1,0
2020-09-02,US,California,Riverside,53306,1033,0,33.74314981,-115.9933578,6065.0,2157.6606952471234,1.9378681574306835,52273,53153,1026,0,52127,52909,2450758,153,7,0,146,244
2020-09-02,US,California,Sacramento,18413,304,0,38.45106826,-121.34253740000001,6067.0,1186.3603035453573,1.6510074403953727,18109,18052,293,0,17759,18052,1540975,361,11,0,350,0
2020-09-02,US,California,San Benito,1123,8,0,36.60308176,-121.069975,6069.0,1787.9887912367853,0.7123775601068566,1115,1112,8,0,1104,1097,61537,11,0,0,11,15
2020-09-02,US,California,San Bernardino,48245,743,0,34.84060306,-116.1774685,6071.0,2212.987108300823,1.5400559643486371,47502,47879,736,0,47143,47642,2171603,366,7,0,359,237
2020-09-02,US,California,San Diego,39121,695,0,33.03484597,-116.73653259999999,6073.0,1171.873361830616,1.7765394545129214,38426,38871,688,0,38183,38604,3343364,250,7,0,243,267
2020-09-02,US,California,San Francisco,9617,84,0,37.75215114,-122.43856720000001,6075.0,1090.9206408265452,0.8734532598523448,9533,9544,83,0,9461,9494,883305,73,1,0,72,50
2020-09-02,US,California,San Joaquin,17915,344,0,37.93433732,-121.2730061,6077.0,2350.5933230816063,1.9201786212670944,17571,17807,330,0,17477,17637,752660,108,14,0,94,170
2020-09-02,US,California,San Luis Obispo,3006,21,0,35.38822029,-120.4039028,6079.0,1061.7743570543005,0.6986027944111777,2985,2981,21,0,2960,2981,284010,25,0,0,25,0
2020-09-02,US,California,San Mateo,8311,132,0,37.422880799999994,-122.32755459999998,6081.0,1084.175936277432,1.588256527493683,8179,8260,132,0,8128,8169,769545,51,0,0,51,91
2020-09-02,US,California,Santa Barbara,8164,95,0,34.65329488,-120.0188492,6083.0,1828.4475441154405,1.1636452719255268,8069,8143,93,0,8050,8143,446527,21,2,0,19,0
2020-09-02,US,California,Santa Clara,17802,250,0,37.23104908,-121.6970462,6085.0,923.41113321977,1.4043365913942254,17552,17349,248,0,17101,17349,1937570,453,2,0,451,0
2020-09-02,US,California,Santa Cruz,1755,7,0,37.05580291,-122.0066524,6087.0,642.3559640280661,0.3988603988603989,1748,1744,7,0,1737,1744,274255,11,0,0,11,0
2020-09-02,US,California,Shasta,575,12,0,40.76391419,-122.0396884,6089.0,319.30253220790763,2.0869565217391304,563,572,12,0,560,570,180040,3,0,0,3,2
2020-09-02,US,California,Sierra,6,0,0,39.57713498,-120.52007009999998,6091.0,199.6672212978369,0.0,6,6,0,0,6,6,2987,0,0,0,0,0
2020-09-02,US,California,Siskiyou,138,0,0,41.59198861,-122.54074340000001,6093.0,316.9572107765452,0.0,138,137,0,0,137,137,43724,1,0,0,1,0
2020-09-02,US,California,Solano,5588,47,0,38.26827353,-121.9357113,6095.0,1248.3161805277866,0.8410880458124552,5541,5547,47,0,5500,5512,446610,41,0,0,41,35
2020-09-02,US,California,Sonoma,6067,89,0,38.52746429,-122.88625060000001,6097.0,1227.302887105127,1.4669523652546563,5978,5917,83,0,5834,5718,499942,150,6,0,144,199
2020-09-02,US,California,Stanislaus,14902,267,0,37.55862499,-120.9970722,6099.0,2706.20709693822,1.7917058113004969,14635,14786,262,0,14524,14710,549815,116,5,0,111,76
2020-09-02,US,California,Sutter,1436,10,0,39.03417539,-121.6945899,6101.0,1480.8551010095805,0.6963788300835655,1426,1409,10,0,1399,1409,96807,27,0,0,27,0
2020-09-02,US,California,Tehama,422,1,0,40.12570935,-122.23701709999999,6103.0,648.392846168029,0.23696682464454974,421,421,1,0,420,419,63916,1,0,0,1,2
2020-09-02,US,California,Trinity,13,0,0,40.64917670000001,-123.114713,6105.0,105.82010582010582,0.0,13,13,0,0,13,13,12535,0,0,0,0,0
2020-09-02,US,California,Tulare,14305,234,0,36.22026558,-118.8020203,6107.0,3068.4584776756506,1.635791681230339,14071,14079,233,0,13846,14079,465861,226,1,0,225,0
2020-09-02,US,California,Tuolumne,189,2,0,38.02644018,-119.95250929999999,6109.0,346.92903557399325,1.058201058201058,187,189,2,0,187,189,54539,0,0,0,0,0
2020-09-02,US,California,Ventura,10899,116,0,34.44465746,-119.09106129999999,6111.0,1288.2887355408827,1.0643178273236076,10783,10866,116,0,10750,10775,850967,33,0,0,33,91
2020-09-02,US,California,Yolo,2451,52,0,38.68278902,-121.90182879999999,6113.0,1111.5646258503402,2.1215830273357814,2399,2438,52,0,2386,2424,220408,13,0,0,13,14
2020-09-02,US,California,Yuba,944,6,0,39.26255932,-121.35356440000001,6115.0,1199.9796613616718,0.6355932203389829,938,927,6,0,921,927,78041,17,0,0,17,0
2020-09-02,US,Colorado,Adams,7623,198,0,39.87432092,-104.3362578,8001.0,1473.2683829995306,2.5974025974025974,7425,7578,197,0,7381,7507,511868,45,1,0,44,71
2020-09-02,US,Colorado,Alamosa,238,9,0,37.57250606,-105.7885451,8003.0,1466.1492022423458,3.7815126050420167,229,238,9,0,229,238,16683,0,0,0,0,0
2020-09-02,US,Colorado,Arapahoe,8179,369,0,39.64977461,-104.3353617,8005.0,1245.6784294613076,4.5115539797041215,7810,8141,368,0,7773,8096,651215,38,1,0,37,45
2020-09-02,US,Colorado,Archuleta,48,0,0,37.19474156,-107.04768670000001,8007.0,342.14840687148046,0.0,48,48,0,0,48,48,13765,0,0,0,0,0
2020-09-02,US,Colorado,Baca,18,0,0,37.31940883,-102.5603223,8009.0,502.65289025411903,0.0,18,16,0,0,16,16,3585,2,0,0,2,0
2020-09-02,US,Colorado,Bent,11,0,0,37.95474293,-103.0720195,8011.0,197.23865877712032,0.0,11,11,0,0,11,11,5882,0,0,0,0,0
2020-09-02,US,Colorado,Boulder,2327,79,0,40.09313619,-105.3546767,8013.0,713.3747808066316,3.394929093253116,2248,2315,79,0,2236,2300,326078,12,0,0,12,15
2020-09-02,US,Colorado,Broomfield,541,33,0,39.95998787,-105.0566324,8014.0,767.7570425033705,6.099815157116451,508,540,33,0,507,535,69267,1,0,0,1,5
2020-09-02,US,Colorado,Chaffee,316,19,0,38.74745778,-106.19265729999998,8015.0,1552.3678522303005,6.012658227848102,297,316,19,0,297,316,20027,0,0,0,0,0
2020-09-02,US,Colorado,Cheyenne,9,0,0,38.82777431,-102.6032558,8017.0,491.53468050245766,0.0,9,9,0,0,9,9,1876,0,0,0,0,0
2020-09-02,US,Colorado,Clear Creek,35,1,0,39.68864463,-105.6463118,8019.0,360.8247422680412,2.8571428571428568,34,35,1,0,34,35,9605,0,0,0,0,0
2020-09-02,US,Colorado,Conejos,31,0,0,37.201606,-106.19174879999998,8021.0,377.8184034125533,0.0,31,31,0,0,31,31,8200,0,0,0,0,0
2020-09-02,US,Colorado,Costilla,32,1,0,37.27732493,-105.4276548,8023.0,823.2570105479805,3.125,31,32,1,0,31,32,3828,0,0,0,0,0
2020-09-02,US,Colorado,Crowley,73,1,0,38.32608609,-103.7844965,8025.0,1204.4217125886814,1.3698630136986298,72,73,1,0,72,73,5858,0,0,0,0,0
2020-09-02,US,Colorado,Custer,17,0,0,38.10883162,-105.3683478,8027.0,335.43804262036303,0.0,17,17,0,0,17,17,4954,0,0,0,0,0
2020-09-02,US,Colorado,Delta,166,2,0,38.86246243,-107.86313419999999,8029.0,532.7000834349528,1.2048192771084338,164,165,2,0,163,166,30953,1,0,0,1,-1
2020-09-02,US,Colorado,Denver,11339,429,0,39.76018276,-104.87256950000001,8031.0,1559.2448409058718,3.78340241643884,10910,11307,429,0,10878,11265,716492,32,0,0,32,42
2020-09-02,US,Colorado,Dolores,2,0,0,37.75208676,-108.5211585,8033.0,97.32360097323601,0.0,2,2,0,0,2,2,2074,0,0,0,0,0
2020-09-02,US,Colorado,Douglas,2033,60,0,39.33133796,-104.930001,8035.0,578.9482677116023,2.9513034923757995,1973,2023,60,0,1963,2004,342776,10,0,0,10,19
2020-09-02,US,Colorado,Eagle,1185,9,0,39.62754308,-106.6933637,8037.0,2149.581874580514,0.7594936708860759,1176,1184,9,0,1175,1182,54993,1,0,0,1,2
2020-09-02,US,Colorado,El Paso,6070,153,0,38.83240149,-104.5251411,8041.0,842.5839425987954,2.5205930807248764,5917,6048,152,0,5896,6018,713856,22,1,0,21,30
2020-09-02,US,Colorado,Elbert,122,2,0,39.28656773,-104.13587209999999,8039.0,456.4330876576004,1.639344262295082,120,121,2,0,119,121,26282,1,0,0,1,0
2020-09-02,US,Colorado,Fremont,160,0,0,38.47362326,-105.43996670000001,8043.0,334.4551516545078,0.0,160,157,0,0,157,157,48021,3,0,0,3,0
2020-09-02,US,Colorado,Garfield,846,4,0,39.59921777,-107.902708,8045.0,1408.56795591149,0.4728132387706856,842,845,4,0,841,844,59770,1,0,0,1,1
2020-09-02,US,Colorado,Gilpin,18,0,0,39.85646523,-105.5252597,8047.0,288.32292167227297,0.0,18,18,0,0,18,17,6121,0,0,0,0,1
2020-09-02,US,Colorado,Grand,66,1,0,40.10603347,-106.11780420000001,8049.0,419.4737511122409,1.5151515151515151,65,66,1,0,65,63,15525,0,0,0,0,3
2020-09-02,US,Colorado,Gunnison,292,7,0,38.66611652,-107.0320729,8051.0,1672.2024968503038,2.3972602739726026,285,291,7,0,284,291,17246,1,0,0,1,0
2020-09-02,US,Colorado,Hinsdale,3,0,0,37.82247444,-107.3004345,8053.0,365.8536585365854,0.0,3,3,0,0,3,3,811,0,0,0,0,0
2020-09-02,US,Colorado,Huerfano,9,1,0,37.68473101,-104.9612585,8055.0,130.49151805132666,11.111111111111109,8,9,1,0,8,9,6889,0,0,0,0,0
2020-09-02,US,Colorado,Jackson,9,0,0,40.66593870000001,-106.3408905,8057.0,646.5517241379309,0.0,9,9,0,0,9,9,1399,0,0,0,0,0
2020-09-02,US,Colorado,Jefferson,4862,238,0,39.58635604,-105.2517692,8059.0,834.132524477552,4.895104895104895,4624,4834,237,0,4597,4792,580233,28,1,0,27,42
2020-09-02,US,Colorado,Kit Carson,78,3,0,39.30497777,-102.60221990000001,8063.0,1099.0559391292095,3.8461538461538463,75,75,3,0,72,74,7163,3,0,0,3,1
2020-09-02,US,Colorado,La Plata,242,2,0,37.28632032,-107.8429014,8067.0,430.444140090002,0.8264462809917356,240,241,2,0,239,240,56310,1,0,0,1,1
2020-09-02,US,Colorado,Lake,81,0,0,39.20278823,-106.35556969999999,8065.0,996.6777408637872,0.0,81,80,0,0,80,80,7824,1,0,0,1,0
2020-09-02,US,Colorado,Larimer,1985,43,0,40.66671597,-105.4625784,8069.0,556.1797595398137,2.1662468513853903,1942,1976,42,0,1934,1953,350518,9,1,0,8,23
2020-09-02,US,Colorado,Las Animas,20,0,0,37.3153406,-104.03764579999999,8071.0,137.87398317937405,0.0,20,20,0,0,20,20,14503,0,0,0,0,0
2020-09-02,US,Colorado,Lincoln,8,0,0,38.98749519,-103.51366490000001,8073.0,140.3262585511314,0.0,8,8,0,0,8,8,5610,0,0,0,0,0
2020-09-02,US,Colorado,Logan,691,5,0,40.7249637,-103.110817,8075.0,3083.582489178455,0.723589001447178,686,691,5,0,686,688,21528,0,0,0,0,3
2020-09-02,US,Colorado,Mesa,419,5,0,39.01787888,-108.469799,8077.0,271.7074119706893,1.1933174224343674,414,416,5,0,411,408,153207,3,0,0,3,8
2020-09-02,US,Colorado,Mineral,19,0,0,37.66954283,-106.92816979999999,8079.0,2470.74122236671,0.0,19,19,0,0,19,19,776,0,0,0,0,0
2020-09-02,US,Colorado,Moffat,34,1,0,40.61810999,-108.2070876,8081.0,255.96627267936455,2.9411764705882355,33,34,1,0,33,34,13188,0,0,0,0,0
2020-09-02,US,Colorado,Montezuma,126,5,0,37.33859579,-108.59588570000001,8083.0,481.2282778902342,3.968253968253968,121,126,5,0,121,124,26158,0,0,0,0,2
2020-09-02,US,Colorado,Montrose,345,13,0,38.40214114,-108.26390220000002,8085.0,806.8665512886478,3.768115942028986,332,344,13,0,331,343,42214,1,0,0,1,1
2020-09-02,US,Colorado,Morgan,716,48,0,40.26279810000001,-103.8093302,8087.0,2463.189761937526,6.70391061452514,668,716,48,0,668,713,28558,0,0,0,0,3
2020-09-02,US,Colorado,Otero,82,6,0,37.9014485,-103.7173385,8089.0,448.6267644162381,7.317073170731707,76,82,6,0,76,82,18432,0,0,0,0,0
2020-09-02,US,Colorado,Ouray,24,1,0,38.14717457,-107.7675136,8091.0,484.6526655896607,4.166666666666667,23,25,1,0,24,25,4833,-1,0,0,-1,0
2020-09-02,US,Colorado,Park,43,1,0,39.120926000000004,-105.7182065,8093.0,228.1772353409393,2.3255813953488373,42,43,1,0,42,43,18556,0,0,0,0,0
2020-09-02,US,Colorado,Phillips,19,0,0,40.59414277,-102.3577703,8095.0,445.48651817116064,0.0,19,19,0,0,19,19,4286,0,0,0,0,0
2020-09-02,US,Colorado,Pitkin,199,2,0,39.21720112,-106.9310027,8097.0,1120.0540327573592,1.0050251256281406,197,198,2,0,196,197,17950,1,0,0,1,1
2020-09-02,US,Colorado,Prowers,87,0,0,37.95544985,-102.3926052,8099.0,714.7551758133421,0.0,87,85,0,0,85,85,12164,2,0,0,2,0
2020-09-02,US,Colorado,Pueblo,886,34,0,38.17359144,-104.5127437,8101.0,526.0532940673538,3.8374717832957113,852,875,34,0,841,868,167529,11,0,0,11,7
2020-09-02,US,Colorado,Rio Blanco,23,0,0,39.97913541,-108.2179009,8103.0,363.69386464263124,0.0,23,23,0,0,23,23,6336,0,0,0,0,0
2020-09-02,US,Colorado,Rio Grande,94,2,0,37.5836865,-106.3847838,8105.0,834.2948433478299,2.127659574468085,92,94,2,0,92,94,11250,0,0,0,0,0
2020-09-02,US,Colorado,Routt,134,8,0,40.48596505,-106.9905548,8107.0,522.6616740775412,5.970149253731344,126,134,8,0,126,134,25733,0,0,0,0,0
2020-09-02,US,Colorado,Saguache,111,2,0,38.08054629,-106.28246599999999,8109.0,1626.6119577960142,1.8018018018018016,109,111,2,0,109,111,6843,0,0,0,0,0
2020-09-02,US,Colorado,San Juan,6,0,0,37.76248981,-107.67632890000002,8111.0,824.1758241758242,0.0,6,6,0,0,6,6,762,0,0,0,0,0
2020-09-02,US,Colorado,San Miguel,93,0,0,38.00450883,-108.4020725,8113.0,1137.0583200880305,0.0,93,93,0,0,93,93,8191,0,0,0,0,0
2020-09-02,US,Colorado,Sedgwick,12,1,0,40.87595412,-102.3519227,8115.0,533.8078291814946,8.333333333333334,11,12,1,0,11,12,2303,0,0,0,0,0
2020-09-02,US,Colorado,Summit,365,4,0,39.63803232,-106.1150762,8117.0,1177.0017090709748,1.095890410958904,361,364,4,0,360,363,31007,1,0,0,1,1
2020-09-02,US,Colorado,Teller,162,4,0,38.88133511,-105.16148929999999,8119.0,638.0967386166692,2.469135802469136,158,162,3,0,159,162,25083,0,1,0,-1,0
2020-09-02,US,Colorado,Washington,53,0,0,39.97015535,-103.202587,8121.0,1079.8696006519967,0.0,53,53,0,0,53,53,4909,0,0,0,0,0
2020-09-02,US,Colorado,Weld,4098,146,0,40.55499405,-104.39296209999999,8123.0,1262.8970822084982,3.562713518789653,3952,4085,146,0,3939,4060,314305,13,0,0,13,25
2020-09-02,US,Colorado,Yuma,64,0,0,40.00346839,-102.4258673,8125.0,638.7863060185648,0.0,64,63,0,0,63,63,10020,1,0,0,1,0
2020-09-02,US,Connecticut,Fairfield,18965,1415,0,41.26809896,-73.3881171,9001.0,2010.4268698613,7.461112575797522,17550,18939,1415,0,17524,18903,943823,26,0,0,26,36
2020-09-02,US,Connecticut,Hartford,13561,1426,0,41.80283011,-72.73103891,9003.0,1520.7688512088996,10.51544871322174,12135,13529,1425,0,12104,13504,892697,32,1,0,31,25
2020-09-02,US,Connecticut,Litchfield,1717,138,0,41.7937534,-73.2451475,9005.0,952.1274531006528,8.037274315666863,1579,1713,138,0,1575,1709,181111,4,0,0,4,4
2020-09-02,US,Connecticut,Middlesex,1469,192,0,41.45949668,-72.53714864,9007.0,904.3561772020979,13.070115724982982,1277,1466,192,0,1274,1455,162682,3,0,0,3,11
2020-09-02,US,Connecticut,New Haven,13736,1109,0,41.408032500000004,-72.93620426,9009.0,1607.006435747236,8.07367501456028,12627,13711,1109,0,12602,13675,857620,25,0,0,25,36
2020-09-02,US,Connecticut,New London,1590,107,0,41.48896435,-72.10430976,9011.0,599.5339471957648,6.729559748427673,1483,1587,107,0,1480,1577,266784,3,0,0,3,10
2020-09-02,US,Connecticut,Tolland,1153,65,0,41.85853803,-72.3308481,9013.0,764.9896165763231,5.637467476149176,1088,1147,65,0,1082,1145,150921,6,0,0,6,2
2020-09-02,US,Connecticut,Unassigned,107,0,0,0.0,0.0,90009.0,0.0,0.0,107,107,0,0,107,110,,0,0,0,0,-3
2020-09-02,US,Connecticut,Windham,810,15,0,41.82972709,-71.98182316,9015.0,693.6000411022246,1.851851851851852,795,807,15,0,792,801,117027,3,0,0,3,6
2020-09-02,US,Delaware,Kent,2639,110,0,39.08646628,-75.56884914,10001.0,1459.7369265319214,4.168245547555893,2529,2639,110,0,2529,2624,178550,0,0,0,0,15
2020-09-02,US,Delaware,New Castle,8285,301,0,39.57992638,-75.64054974,10003.0,1482.7660880567978,3.633071816535909,7984,8250,300,0,7950,8190,559335,35,1,0,34,60
2020-09-02,US,Delaware,Sussex,6335,195,0,38.66143781,-75.39031349,10005.0,2704.6643184971717,3.078137332280978,6140,6357,195,0,6162,6330,229286,-22,0,0,-22,27
2020-09-02,US,Delaware,Unassigned,290,0,0,0.0,0.0,90010.0,0.0,0.0,290,289,0,0,289,285,,1,0,0,1,4
2020-09-02,US,District of Columbia,District of Columbia,14077,608,0,38.90417773,-77.01655992,11001.0,1994.6184833418115,4.319102081409391,13469,14049,607,0,13442,13992,702455,28,1,0,27,57
2020-09-02,US,Florida,Alachua,5303,33,0,29.67866525,-82.35928158,12001.0,1971.0603881163975,0.6222892702244013,5270,5251,33,0,5218,5196,269956,52,0,0,52,55
2020-09-02,US,Florida,Baker,1212,6,0,30.33060121,-82.28467476,12003.0,4149.263950701815,0.4950495049504951,1206,1164,6,0,1158,1153,28355,48,0,0,48,11
2020-09-02,US,Florida,Bay,5417,82,0,30.26548745,-85.62122584,12005.0,3100.65539051544,1.513752999815396,5335,5399,79,0,5320,5363,185287,18,3,0,15,36
2020-09-02,US,Florida,Bradford,764,5,0,29.95079741,-82.16611613,12007.0,2709.123789936527,0.6544502617801047,759,753,5,0,748,738,27732,11,0,0,11,15
2020-09-02,US,Florida,Brevard,7423,218,0,28.29409504,-80.73091022,12009.0,1233.1752893135886,2.93681799811397,7205,7378,210,0,7168,7234,596849,45,8,0,37,144
2020-09-02,US,Florida,Broward,72371,1197,0,26.15184651,-80.48725556,12011.0,3706.053632312531,1.6539774218955106,71174,72245,1187,0,71058,71121,1951260,126,10,0,116,1124
2020-09-02,US,Florida,Calhoun,573,10,0,30.40666734,-85.19394153,12013.0,4062.3892236795455,1.7452006980802792,563,571,9,0,562,570,14587,2,1,0,1,1
2020-09-02,US,Florida,Charlotte,2729,113,0,26.90131002,-81.92949121,12015.0,1444.6032502249748,4.140710883107365,2616,2713,112,0,2601,2677,184998,16,1,0,15,36
2020-09-02,US,Florida,Citrus,2145,60,0,28.84804315,-82.47614748,12017.0,1433.2774277180483,2.797202797202797,2085,2124,59,0,2065,2095,147929,21,1,0,20,29
2020-09-02,US,Florida,Clay,4127,77,0,29.98319144,-81.85609986,12019.0,1882.308941309544,1.865762054761328,4050,4155,77,0,4078,4092,216072,-28,0,0,-28,63
2020-09-02,US,Florida,Collier,11819,180,0,26.11091986,-81.34687065,12021.0,3070.651750315665,1.52297148658939,11639,11796,177,0,11619,11609,378488,23,3,0,20,187
2020-09-02,US,Florida,Columbia,3381,38,0,30.22509788,-82.62160164,12023.0,4716.4020868788875,1.1239278320023662,3343,3379,38,0,3341,3340,70503,2,0,0,2,39
2020-09-02,US,Florida,DeSoto,1501,22,0,27.18677893,-81.80941373,12027.0,3949.896055366964,1.4656895403064625,1479,1493,22,0,1471,1489,37489,8,0,0,8,4
2020-09-02,US,Florida,Dixie,738,4,0,29.60631086,-83.15724673,12029.0,4386.0691786520865,0.5420054200542005,734,735,4,0,731,719,16700,3,0,0,3,16
2020-09-02,US,Florida,Duval,26807,262,0,30.33225875,-81.66976468,12031.0,2798.941274125429,0.9773566605737308,26545,26683,259,0,26424,26460,950181,124,3,0,121,223
2020-09-02,US,Florida,Escambia,11312,189,0,30.67652764,-87.37284571,12033.0,3553.701353372121,1.6707920792079207,11123,11256,188,0,11068,11183,315534,56,1,0,55,73
2020-09-02,US,Florida,Flagler,1329,15,0,29.45933576,-81.31508595,12035.0,1154.8387657389144,1.1286681715575622,1314,1323,15,0,1308,1312,112067,6,0,0,6,11
2020-09-02,US,Florida,Franklin,551,3,0,29.83791238,-84.82731662,12037.0,4544.329896907217,0.5444646098003629,548,549,3,0,546,544,11736,2,0,0,2,5
2020-09-02,US,Florida,Gadsden,2367,31,0,30.57796289,-84.61915825,12039.0,5183.968462549276,1.309674693705112,2336,2361,31,0,2330,2324,45894,6,0,0,6,37
2020-09-02,US,Florida,Gilchrist,468,10,0,29.72856978,-82.79880657,12041.0,2518.5663545366488,2.1367521367521367,458,468,10,0,458,464,18256,0,0,0,0,4
2020-09-02,US,Florida,Glades,459,3,0,26.95635849,-81.18996211,12043.0,3323.437839403375,0.6535947712418301,456,458,3,0,455,456,13724,1,0,0,1,2
2020-09-02,US,Florida,Gulf,829,13,0,29.93543004,-85.24270990000002,12045.0,6078.158222743604,1.5681544028950545,816,827,12,0,815,824,16164,2,1,0,1,3
2020-09-02,US,Florida,Hamilton,703,6,0,30.49673973,-82.94998918,12047.0,4872.470196839478,0.8534850640113798,697,703,6,0,697,699,14310,0,0,0,0,4
2020-09-02,US,Florida,Hardee,1108,9,0,27.49293939,-81.80956574,12049.0,4113.301406986672,0.8122743682310469,1099,1104,9,0,1095,1097,27245,4,0,0,4,7
2020-09-02,US,Florida,Hendry,1981,39,0,26.55386945,-81.16469006,12051.0,4714.1973252106045,1.9687026754164565,1942,1979,39,0,1940,1975,41556,2,0,0,2,4
2020-09-02,US,Florida,Hernando,2710,88,0,28.55364461,-82.42700204,12053.0,1397.483498349835,3.2472324723247232,2622,2685,85,0,2600,2615,190865,25,3,0,22,70
2020-09-02,US,Florida,Highlands,1846,69,0,27.34254618,-81.34071957,12055.0,1737.8861053840576,3.737811484290357,1777,1838,67,0,1771,1823,105424,8,2,0,6,15
2020-09-02,US,Florida,Hillsborough,37668,554,0,27.9276559,-82.32013172,12057.0,2559.023022239614,1.470744398428374,37114,37458,551,0,36907,37136,1436888,210,3,0,207,322
2020-09-02,US,Florida,Holmes,654,5,0,30.86747479,-85.81319222,12059.0,3333.843095274506,0.764525993883792,649,640,5,0,635,622,19477,14,0,0,14,18
2020-09-02,US,Florida,Indian River,2863,103,0,27.69308961,-80.60556721,12061.0,1790.2365513403327,3.597624869018512,2760,2858,102,0,2756,2835,157413,5,1,0,4,23
2020-09-02,US,Florida,Jackson,2414,66,0,30.795459700000002,-85.21500423,12063.0,5201.0169345456125,2.734051367025684,2348,2385,66,0,2319,2336,48305,29,0,0,29,49
2020-09-02,US,Florida,Jefferson,504,6,0,30.43669112,-83.89442308,12065.0,3537.835181805419,1.1904761904761905,498,502,6,0,496,500,14288,2,0,0,2,2
2020-09-02,US,Florida,Lafayette,1205,10,0,29.98484137,-83.18166636,12067.0,14307.765376395157,0.8298755186721992,1195,1204,10,0,1194,1204,8732,1,0,0,1,0
2020-09-02,US,Florida,Lake,6581,121,0,28.76202069,-81.7125123,12069.0,1792.6116398542158,1.8386263485792436,6460,6538,118,0,6420,6396,356495,43,3,0,40,142
2020-09-02,US,Florida,Lee,18878,431,0,26.58410348,-81.88399313,12071.0,2449.8525131167944,2.2830808348341987,18447,18824,426,0,18398,18673,754610,54,5,0,49,151
2020-09-02,US,Florida,Leon,6597,36,0,30.45955727,-84.27491114,12073.0,2247.0723681969603,0.5457025920873124,6561,6475,35,0,6440,6321,292502,122,1,0,121,154
2020-09-02,US,Florida,Levy,923,6,0,29.31829741,-82.74007147,12075.0,2223.935619111872,0.6500541711809318,917,921,6,0,915,911,40770,2,0,0,2,10
2020-09-02,US,Florida,Liberty,436,7,0,30.23766008,-84.8829258,12077.0,5219.05673928657,1.6055045871559632,429,436,7,0,429,433,8457,0,0,0,0,3
2020-09-02,US,Florida,Madison,877,16,0,30.44396917,-83.47398594,12079.0,4742.334937543937,1.8244013683010265,861,877,15,0,862,868,18529,0,1,0,-1,9
2020-09-02,US,Florida,Manatee,10532,263,0,27.47196942,-82.31831044,12081.0,2611.759862914845,2.4971515381693887,10269,10490,260,0,10230,10426,394855,42,3,0,39,64
2020-09-02,US,Florida,Marion,8633,192,0,29.21227113,-82.05803627,12083.0,2361.459493023396,2.2240240935943474,8441,8582,187,0,8395,8496,359977,51,5,0,46,86
2020-09-02,US,Florida,Martin,4509,118,0,27.0772071,-80.43109784,12085.0,2800.6211180124224,2.6169882457307607,4391,4533,118,0,4415,4497,160912,-24,0,0,-24,36
2020-09-02,US,Florida,Miami-Dade,159400,2554,0,25.6112362,-80.55170587,12086.0,5866.894373817604,1.602258469259724,156846,159059,2537,0,156522,156910,2761581,341,17,0,324,2149
2020-09-02,US,Florida,Monroe,1747,16,0,25.20904673,-81.07812416,12087.0,2353.559303766773,0.9158557527189468,1731,1743,16,0,1727,1734,75027,4,0,0,4,9
2020-09-02,US,Florida,Nassau,1729,22,0,30.61037141,-81.80297522,12089.0,1950.9167842031034,1.2724117987275885,1707,1728,20,0,1708,1704,85832,1,2,0,-1,24
2020-09-02,US,Florida,Okaloosa,4245,79,0,30.69143028,-86.59267105,12091.0,2014.3495715058511,1.8610129564193167,4166,4199,77,0,4122,4154,207269,46,2,0,44,45
2020-09-02,US,Florida,Okeechobee,1250,19,0,27.386336199999995,-80.88944347,12093.0,2964.333143616012,1.52,1231,1248,15,0,1233,1243,41537,2,4,0,-2,5
2020-09-02,US,Florida,Orange,36488,383,0,28.51367621,-81.31799498,12095.0,2618.5329670487395,1.0496601622451216,36105,36400,378,0,36022,35902,1380645,88,5,0,83,498
2020-09-02,US,Florida,Osceola,11298,131,0,28.06312234,-81.14882926,12097.0,3006.7784250740515,1.159497256151531,11167,11260,129,0,11131,11134,367990,38,2,0,36,126
2020-09-02,US,Florida,Palm Beach,42518,1134,0,26.64676272,-80.46536002,12099.0,2840.6502000975433,2.6671056964109314,41384,42387,1128,0,41259,41965,1485941,131,6,0,125,422
2020-09-02,US,Florida,Pasco,8165,183,0,28.30810945,-82.40227529,12101.0,1473.9677261543072,2.2412737293325167,7982,8135,180,0,7955,8048,539630,30,3,0,27,87
2020-09-02,US,Florida,Pinellas,20080,665,0,27.93130349,-82.72239666,12103.0,2059.495628700015,3.3117529880478087,19415,20026,663,0,19363,19929,975280,54,2,0,52,97
2020-09-02,US,Florida,Polk,17292,455,0,27.95027105,-81.69732947,12105.0,2385.8372989209092,2.6312745778394637,16837,17159,447,0,16712,17011,708009,133,8,0,125,148
2020-09-02,US,Florida,Putnam,1805,38,0,29.60779729,-81.74230285,12107.0,2422.13604218945,2.1052631578947367,1767,1790,38,0,1752,1780,74163,15,0,0,15,10
2020-09-02,US,Florida,Santa Rosa,4763,58,0,30.69341450000001,-87.02458128,12113.0,2584.191022879558,1.217719924417384,4705,4714,57,0,4657,4671,179349,49,1,0,48,43
2020-09-02,US,Florida,Sarasota,7281,211,0,27.18546175,-82.33174248,12115.0,1678.6476753461734,2.8979535778052465,7070,7239,204,0,7035,7207,426718,42,7,0,35,32
2020-09-02,US,Florida,Seminole,8198,173,0,28.7158582,-81.24060348,12117.0,1737.5049276640118,2.11027079775555,8025,8173,173,0,8000,8029,467832,25,0,0,25,144
2020-09-02,US,Florida,St. Johns,4413,60,0,29.90096506,-81.43589967,12109.0,1667.3467537178092,1.3596193065941535,4353,4389,59,0,4330,4332,254261,24,1,0,23,57
2020-09-02,US,Florida,St. Lucie,7156,237,0,27.37763908,-80.47106649,12111.0,2179.733594885119,3.311906092789268,6919,7120,236,0,6884,6992,321128,36,1,0,35,128
2020-09-02,US,Florida,Sumter,1914,54,0,28.70181754,-82.0794267,12119.0,1445.4009968282737,2.8213166144200628,1860,1881,53,0,1828,1852,128754,33,1,0,32,29
2020-09-02,US,Florida,Suwannee,2464,63,0,30.19746066,-82.99099670000003,12121.0,5547.425535268028,2.5568181818181817,2401,2455,60,0,2395,2439,44191,9,3,0,6,16
2020-09-02,US,Florida,Taylor,1207,9,0,30.04848048,-83.60445406,12123.0,5595.994251008392,0.7456503728251864,1198,1208,9,0,1199,1200,21623,-1,0,0,-1,8
2020-09-02,US,Florida,Unassigned,1057,0,0,0.0,0.0,90012.0,0.0,0.0,1057,1027,0,0,1027,1000,,30,0,0,30,27
2020-09-02,US,Florida,Union,619,5,0,30.04412971,-82.37497443,12125.0,4062.4794907133946,0.8077544426494345,614,603,5,0,598,594,14940,16,0,0,16,9
2020-09-02,US,Florida,Volusia,9483,193,0,29.05858895,-81.18263252,12127.0,1713.9479905437354,2.035220921649267,9290,9417,190,0,9227,9283,547538,66,3,0,63,134
2020-09-02,US,Florida,Wakulla,928,7,0,30.16548905,-84.39895211,12129.0,2750.5260973947065,0.7543103448275862,921,896,7,0,889,888,32461,32,0,0,32,8
2020-09-02,US,Florida,Walton,1678,20,0,30.64204028,-86.16935664,12131.0,2265.394013851575,1.1918951132300355,1658,1662,20,0,1642,1638,71375,16,0,0,16,24
2020-09-02,US,Florida,Washington,1017,16,0,30.61359259,-85.66002461,12133.0,3992.46260746673,1.5732546705998034,1001,1009,16,0,993,1006,24880,8,0,0,8,3
2020-09-02,US,Georgia,Appling,899,23,0,31.74847232,-82.28909114,13001.0,4889.589905362775,2.5583982202447157,876,892,23,0,869,886,18507,7,0,0,7,6
2020-09-02,US,Georgia,Atkinson,410,3,0,31.29633502,-82.87545866,13003.0,5021.432945499081,0.7317073170731707,407,408,3,0,405,406,8297,2,0,0,2,2
2020-09-02,US,Georgia,Bacon,526,9,0,31.55456473,-82.45936528,13005.0,4711.572912934432,1.7110266159695815,517,523,9,0,514,517,11185,3,0,0,3,6
2020-09-02,US,Georgia,Baker,71,3,0,31.32669878,-84.44218806,13007.0,2337.063857801185,4.225352112676056,68,71,3,0,68,72,3092,0,0,0,0,-1
2020-09-02,US,Georgia,Baldwin,1715,52,0,33.06882326,-83.24701748,13009.0,3820.449988861662,3.032069970845481,1663,1705,52,0,1653,1679,44823,10,0,0,10,26
2020-09-02,US,Georgia,Banks,389,6,0,34.35607081,-83.49644388,13011.0,2022.4602266819168,1.5424164524421593,383,385,6,0,379,377,18988,4,0,0,4,8
2020-09-02,US,Georgia,Barrow,1809,39,0,33.99148694,-83.71436292,13013.0,2173.2340221047575,2.155887230514096,1770,1772,38,0,1734,1734,80809,37,1,0,36,38
2020-09-02,US,Georgia,Bartow,2479,72,0,34.23732119,-84.83887523,13015.0,2300.952310234087,2.9043969342476803,2407,2450,72,0,2378,2431,106408,29,0,0,29,19
2020-09-02,US,Georgia,Ben Hill,638,16,0,31.76095874,-83.22145359,13017.0,3820.359281437126,2.5078369905956115,622,632,14,0,618,619,16787,6,2,0,4,13
2020-09-02,US,Georgia,Berrien,388,7,0,31.27590016,-83.22529920000002,13019.0,2000.3093261844613,1.8041237113402064,381,382,6,0,376,380,19252,6,1,0,5,2
2020-09-02,US,Georgia,Bibb,5431,130,0,32.80904227,-83.70489165,13021.0,3545.988156099217,2.393665991530105,5301,5430,127,0,5303,5404,153095,1,3,0,-2,26
2020-09-02,US,Georgia,Bleckley,359,17,0,32.43829035,-83.33035166,13023.0,2788.7827235298687,4.735376044568246,342,352,17,0,335,352,12838,7,0,0,7,0
2020-09-02,US,Georgia,Brantley,310,8,0,31.19576557,-81.97743999,13025.0,1622.2722277460882,2.5806451612903225,302,310,8,0,302,308,18897,0,0,0,0,2
2020-09-02,US,Georgia,Brooks,478,22,0,30.83922642,-83.58303423,13027.0,3092.4500226434625,4.602510460251046,456,478,22,0,456,478,15513,0,0,0,0,0
2020-09-02,US,Georgia,Bryan,871,9,0,32.00979311,-81.44002948,13029.0,2197.9963156433746,1.033295063145809,862,866,9,0,857,857,38109,5,0,0,5,9
2020-09-02,US,Georgia,Bulloch,2137,22,0,32.39577406,-81.74811421,13031.0,2684.4035775298967,1.0294805802526907,2115,2049,21,0,2028,2003,77296,88,1,0,87,46
2020-09-02,US,Georgia,Burke,660,8,0,33.05917989,-81.99928721,13033.0,2948.6663986060853,1.2121212121212122,652,658,8,0,650,654,22423,2,0,0,2,4
2020-09-02,US,Georgia,Butts,569,40,0,33.283094500000004,-83.95435040000002,13035.0,2281.841514276548,7.029876977152901,529,569,40,0,529,566,24193,0,0,0,0,3
2020-09-02,US,Georgia,Calhoun,227,7,0,31.53169785,-84.62725131,13037.0,3667.7977056067216,3.0837004405286343,220,225,7,0,218,227,6352,2,0,0,2,-2
2020-09-02,US,Georgia,Camden,1032,7,0,30.92951916,-81.66601818,13039.0,1887.827900340248,0.6782945736434108,1025,1023,7,0,1016,1019,53677,9,0,0,9,4
2020-09-02,US,Georgia,Candler,356,15,0,32.40209349,-82.07702563,13043.0,3295.380912709433,4.213483146067416,341,356,14,0,342,353,10836,0,1,0,-1,3
2020-09-02,US,Georgia,Carroll,2346,62,0,33.58138199,-85.07976677,13045.0,1955.1303420228005,2.6427962489343564,2284,2336,62,0,2274,2320,118121,10,0,0,10,16
2020-09-02,US,Georgia,Catoosa,885,17,0,34.89872298,-85.13757014,13047.0,1309.559041136431,1.9209039548022602,868,877,17,0,860,860,67420,8,0,0,8,17
2020-09-02,US,Georgia,Charlton,574,6,0,30.78371028,-82.13951596,13049.0,4286.140979689367,1.0452961672473868,568,572,6,0,566,561,12968,2,0,0,2,11
2020-09-02,US,Georgia,Chatham,7161,125,0,32.00043026,-81.12489526,13051.0,2474.173375254811,1.745566261695294,7036,7129,124,0,7005,7065,289195,32,1,0,31,64
2020-09-02,US,Georgia,Chattahoochee,1277,2,0,32.34341231,-84.78809239,13053.0,11708.07738149812,0.15661707126076746,1275,1192,2,0,1190,1152,10684,85,0,0,85,40
2020-09-02,US,Georgia,Chattooga,593,6,0,34.47197698,-85.34535662,13055.0,2392.19008431159,1.011804384485666,587,584,6,0,578,558,24790,9,0,0,9,26
2020-09-02,US,Georgia,Cherokee,4962,79,0,34.24393976,-84.47431861,13057.0,1917.510714023488,1.5920999596936718,4883,4895,79,0,4816,4856,254149,67,0,0,67,39
2020-09-02,US,Georgia,Clarke,3149,30,0,33.95436462,-83.37124007,13059.0,2453.8108485089333,0.952683391552874,3119,3070,30,0,3040,2916,127330,79,0,0,79,154
2020-09-02,US,Georgia,Clay,113,2,0,31.62221166,-84.97713865,13061.0,3987.297106563162,1.7699115044247788,111,113,2,0,111,111,2887,0,0,0,0,2
2020-09-02,US,Georgia,Clayton,6561,142,0,33.54187245,-84.35594188,13063.0,2244.949633198292,2.1643042219173907,6419,6529,142,0,6387,6478,289615,32,0,0,32,51
2020-09-02,US,Georgia,Clinch,300,4,0,30.91395822,-82.70432472,13065.0,4533.091568449683,1.3333333333333333,296,294,4,0,290,288,6648,6,0,0,6,6
2020-09-02,US,Georgia,Cobb,17210,395,0,33.94243204,-84.5761255,13067.0,2264.05364267945,2.2951772225450315,16815,17097,395,0,16702,16966,756865,113,0,0,113,131
2020-09-02,US,Georgia,Coffee,1807,38,0,31.54892966,-82.85492059999999,13069.0,4175.814017978878,2.102933038184837,1769,1797,37,0,1760,1793,43093,10,1,0,9,4
2020-09-02,US,Georgia,Colquitt,1784,26,0,31.18810588,-83.7677946,13071.0,3912.280701754386,1.4573991031390134,1758,1770,26,0,1744,1758,45592,14,0,0,14,12
2020-09-02,US,Georgia,Columbia,3210,45,0,33.54534185,-82.263524,13073.0,2048.3173168957464,1.4018691588785046,3165,3179,45,0,3134,3142,154291,31,0,0,31,37
2020-09-02,US,Georgia,Cook,513,11,0,31.16068491,-83.42947229,13075.0,2970.469021424436,2.1442495126705654,502,510,11,0,499,510,17162,3,0,0,3,0
2020-09-02,US,Georgia,Coweta,2284,26,0,33.35334302,-84.76129976,13077.0,1537.9539287181244,1.138353765323993,2258,2266,26,0,2240,2249,145864,18,0,0,18,17
2020-09-02,US,Georgia,Crawford,152,3,0,32.71391813,-83.98061238,13079.0,1225.4111576910675,1.973684210526316,149,153,3,0,150,151,12318,-1,0,0,-1,2
2020-09-02,US,Georgia,Crisp,476,15,0,31.92289565,-83.76811843,13081.0,2127.659574468085,3.1512605042016806,461,474,15,0,459,466,22601,2,0,0,2,8
2020-09-02,US,Georgia,Dade,208,4,0,34.854916700000004,-85.50490424,13083.0,1290.6428394142467,1.9230769230769231,204,200,3,0,197,196,16226,8,1,0,7,4
2020-09-02,US,Georgia,Dawson,694,7,0,34.44244079,-84.16964071,13085.0,2658.1890608242684,1.0086455331412103,687,680,7,0,673,670,25083,14,0,0,14,10
2020-09-02,US,Georgia,DeKalb,16716,309,0,33.76944049,-84.22396017,13089.0,2201.5100810354847,1.8485283560660448,16407,16650,304,0,16346,16555,756558,66,5,0,61,95
2020-09-02,US,Georgia,Decatur,999,22,0,30.87967778,-84.57619536,13087.0,3783.5176488410852,2.2022022022022023,977,992,21,0,971,990,26575,7,1,0,6,2
2020-09-02,US,Georgia,Dodge,334,7,0,32.17265114,-83.16948926,13091.0,1620.9657850036401,2.0958083832335332,327,331,7,0,324,325,20705,3,0,0,3,6
2020-09-02,US,Georgia,Dooly,287,14,0,32.15630737,-83.79746561,13093.0,2143.390589992532,4.878048780487805,273,285,14,0,271,286,13706,2,0,0,2,-1
2020-09-02,US,Georgia,Dougherty,3005,179,0,31.53328528,-84.21722377,13095.0,3416.4809677566054,5.956738768718803,2826,2993,180,0,2813,2985,91243,12,-1,0,13,8
2020-09-02,US,Georgia,Douglas,3192,67,0,33.70291126,-84.77026156,13097.0,2181.1770976404746,2.098997493734336,3125,3179,67,0,3112,3167,145331,13,0,0,13,12
2020-09-02,US,Georgia,Early,419,32,0,31.32155345,-84.90255207,13099.0,4111.8743866535815,7.637231503579953,387,418,32,0,386,414,10247,1,0,0,1,4
2020-09-02,US,Georgia,Echols,237,2,0,30.71101099,-82.89687287,13101.0,5916.125811283077,0.8438818565400844,235,237,2,0,235,235,4000,0,0,0,0,2
2020-09-02,US,Georgia,Effingham,1083,17,0,32.36616021,-81.34280942,13103.0,1684.3971631205677,1.5697137580794094,1066,1080,17,0,1063,1068,62190,3,0,0,3,12
2020-09-02,US,Georgia,Elbert,479,1,0,34.11302332,-82.83936148,13105.0,2495.571532770657,0.20876826722338204,478,480,1,0,479,471,19120,-1,0,0,-1,9
2020-09-02,US,Georgia,Emanuel,775,22,0,32.59221302,-82.30239915,13107.0,3422.2379228119757,2.838709677419355,753,771,22,0,749,758,22612,4,0,0,4,13
2020-09-02,US,Georgia,Evans,373,5,0,32.15328841,-81.8870105,13109.0,3501.032476065328,1.3404825737265416,368,373,5,0,368,365,10721,0,0,0,0,8
2020-09-02,US,Georgia,Fannin,473,8,0,34.86430205,-84.316964,13111.0,1806.170765235986,1.6913319238900637,465,465,8,0,457,446,25964,8,0,0,8,19
2020-09-02,US,Georgia,Fayette,1595,39,0,33.41357794,-84.49089434,13113.0,1393.9748822331564,2.445141065830721,1556,1585,38,0,1547,1573,113459,10,1,0,9,12
2020-09-02,US,Georgia,Floyd,2343,33,0,34.26268279,-85.21577392,13115.0,2378.728502101565,1.4084507042253518,2310,2313,32,0,2281,2277,97927,30,1,0,29,36
2020-09-02,US,Georgia,Forsyth,3200,33,0,34.22604035,-84.12315129999998,13117.0,1310.1223326728136,1.03125,3167,3154,33,0,3121,3091,236612,46,0,0,46,63
2020-09-02,US,Georgia,Franklin,569,11,0,34.37525597,-83.23159927,13119.0,2436.935200650992,1.9332161687170475,558,563,11,0,552,554,23023,6,0,0,6,9
2020-09-02,US,Georgia,Fulton,25150,527,0,33.79216944,-84.46319413,13121.0,2363.8617700108184,2.095427435387674,24623,25063,525,0,24538,24891,1050114,87,2,0,85,172
2020-09-02,US,Georgia,Gilmer,755,8,0,34.69316688,-84.45802506,13123.0,2406.834773183717,1.0596026490066226,747,751,8,0,743,750,30816,4,0,0,4,1
2020-09-02,US,Georgia,Glascock,34,2,0,33.22879932,-82.61297636,13125.0,1144.3958263211039,5.882352941176472,32,34,2,0,32,33,2995,0,0,0,0,1
2020-09-02,US,Georgia,Glynn,3077,73,0,31.23279254,-81.53811412,13127.0,3607.606809548375,2.3724406889827754,3004,3053,71,0,2982,3041,85219,24,2,0,22,12
2020-09-02,US,Georgia,Gordon,1549,31,0,34.50487351,-84.87296253,13129.0,2672.394458533892,2.001291155584248,1518,1534,30,0,1504,1527,57685,15,1,0,14,7
2020-09-02,US,Georgia,Grady,671,12,0,30.87454847,-84.23418364,13131.0,2723.988145983031,1.7883755588673622,659,669,12,0,657,667,24748,2,0,0,2,2
2020-09-02,US,Georgia,Greene,446,19,0,33.5769205,-83.17139104,13133.0,2433.9663828858334,4.260089686098655,427,445,17,0,428,435,17698,1,2,0,-1,10
2020-09-02,US,Georgia,Gwinnett,24608,343,0,33.96044201,-84.02137802,13135.0,2628.357810413885,1.3938556566970088,24265,24477,341,0,24136,24252,927781,131,2,0,129,225
2020-09-02,US,Georgia,Habersham,1371,63,0,34.63331566,-83.53094677,13137.0,3024.6205435933643,4.595185995623632,1308,1363,62,0,1301,1341,45388,8,1,0,7,22
2020-09-02,US,Georgia,Hall,7869,128,0,34.32207823,-83.81896936,13139.0,3849.032239130116,1.6266361672385312,7741,7801,128,0,7673,7714,202148,68,0,0,68,87
2020-09-02,US,Georgia,Hancock,360,39,0,33.2721566,-82.99766919,13141.0,4256.828662646329,10.833333333333336,321,360,39,0,321,359,8348,0,0,0,0,1
2020-09-02,US,Georgia,Haralson,333,8,0,33.79602175,-85.21005667,13143.0,1117.749731471536,2.4024024024024024,325,333,8,0,325,332,29533,0,0,0,0,1
2020-09-02,US,Georgia,Harris,733,21,0,32.73709786,-84.90538572,13145.0,2080.258826200477,2.8649386084583903,712,728,21,0,707,725,34475,5,0,0,5,3
2020-09-02,US,Georgia,Hart,423,11,0,34.34626973,-82.96567682,13147.0,1614.1957641671436,2.600472813238771,412,420,11,0,409,412,26099,3,0,0,3,8
2020-09-02,US,Georgia,Heard,173,5,0,33.29686567,-85.12886832,13149.0,1450.9771030780844,2.8901734104046244,168,172,5,0,167,171,11879,1,0,0,1,1
2020-09-02,US,Georgia,Henry,4467,81,0,33.4533428,-84.14814659999998,13151.0,1904.408661286403,1.8132975151108128,4386,4442,80,0,4362,4417,230220,25,1,0,24,25
2020-09-02,US,Georgia,Houston,2670,70,0,32.45802497,-83.66879087,13153.0,1691.3399593318256,2.621722846441948,2600,2647,69,0,2578,2629,155469,23,1,0,22,18
2020-09-02,US,Georgia,Irwin,228,4,0,31.60213036,-83.27501387,13155.0,2421.410365335599,1.7543859649122806,224,222,4,0,218,221,9398,6,0,0,6,1
2020-09-02,US,Georgia,Jackson,1563,26,0,34.13794553,-83.56814788,13157.0,2141.770694876468,1.6634676903390917,1537,1523,26,0,1497,1497,70422,40,0,0,40,26
2020-09-02,US,Georgia,Jasper,190,4,0,33.31535543,-83.68844964,13159.0,1336.2402419298126,2.1052631578947367,186,195,4,0,191,195,14040,-5,0,0,-5,0
2020-09-02,US,Georgia,Jeff Davis,651,12,0,31.80405727,-82.63724870000001,13161.0,4306.9798213695,1.8433179723502304,639,645,11,0,634,641,15029,6,1,0,5,4
2020-09-02,US,Georgia,Jefferson,675,19,0,33.05867328,-82.41609057,13163.0,4393.9591199062625,2.814814814814815,656,671,18,0,653,661,15430,4,1,0,3,10
2020-09-02,US,Georgia,Jenkins,333,25,0,32.79248718,-81.96040187,13165.0,3838.174273858921,7.5075075075075075,308,322,25,0,297,314,8683,11,0,0,11,8
2020-09-02,US,Georgia,Johnson,347,13,0,32.70211082,-82.66166794,13167.0,3598.465207922845,3.746397694524496,334,342,13,0,329,336,9708,5,0,0,5,6
2020-09-02,US,Georgia,Jones,459,4,0,33.02512137,-83.56019163,13169.0,1597.3551418131199,0.8714596949891068,455,459,5,0,454,452,28616,0,-1,0,1,7
2020-09-02,US,Georgia,Lamar,325,16,0,33.07841647,-84.14263877,13171.0,1703.6221628138596,4.9230769230769225,309,325,16,0,309,323,19000,0,0,0,0,2
2020-09-02,US,Georgia,Lanier,271,5,0,31.03828570000001,-83.06472457,13173.0,2600.019188333493,1.845018450184502,266,265,5,0,260,247,10340,6,0,0,6,18
2020-09-02,US,Georgia,Laurens,1350,48,0,32.46325233,-82.92221316,13175.0,2839.3555714465992,3.555555555555556,1302,1353,48,0,1305,1342,47325,-3,0,0,-3,11
2020-09-02,US,Georgia,Lee,668,24,0,31.779330600000005,-84.14324253,13177.0,2227.260602827421,3.5928143712574854,644,666,24,0,642,663,29764,2,0,0,2,3
2020-09-02,US,Georgia,Liberty,933,18,0,31.82588896,-81.49251135,13179.0,1518.678277854643,1.929260450160772,915,932,18,0,914,930,61497,1,0,0,1,2
2020-09-02,US,Georgia,Lincoln,199,7,0,33.79201475,-82.45024131,13181.0,2512.309051887388,3.5175879396984926,192,196,7,0,189,196,7915,3,0,0,3,0
2020-09-02,US,Georgia,Long,186,3,0,31.75218791,-81.74952375,13183.0,950.968863438826,1.6129032258064515,183,184,3,0,181,183,18998,2,0,0,2,1
2020-09-02,US,Georgia,Lowndes,3521,67,0,30.83568832,-83.27056716,13185.0,2998.9949406333576,1.9028685032661177,3454,3496,66,0,3430,3492,116321,25,1,0,24,4
2020-09-02,US,Georgia,Lumpkin,737,12,0,34.57286511,-84.00425681,13187.0,2192.7997619756025,1.6282225237449115,725,719,12,0,707,701,32955,18,0,0,18,18
2020-09-02,US,Georgia,Macon,207,10,0,32.35207048,-84.04234127,13193.0,1598.8259828531707,4.8309178743961345,197,206,10,0,196,204,13143,1,0,0,1,2
2020-09-02,US,Georgia,Madison,548,8,0,34.12920917,-83.21218732,13195.0,1834.0026773761715,1.45985401459854,540,540,8,0,532,535,29650,8,0,0,8,5
2020-09-02,US,Georgia,Marion,172,6,0,32.3483402,-84.52733571,13197.0,2057.6623998085893,3.4883720930232562,166,171,6,0,165,170,8351,1,0,0,1,1
2020-09-02,US,Georgia,McDuffie,524,13,0,33.47851918,-82.48252774,13189.0,2458.7087087087093,2.480916030534351,511,521,13,0,508,517,21531,3,0,0,3,4
2020-09-02,US,Georgia,McIntosh,251,5,0,31.49683595,-81.40163426,13191.0,1745.7226317985812,1.99203187250996,246,248,5,0,243,248,14340,3,0,0,3,0
2020-09-02,US,Georgia,Meriwether,492,9,0,33.04163534,-84.68859732,13199.0,2324.3728445221336,1.8292682926829267,483,488,9,0,479,484,21068,4,0,0,4,4
2020-09-02,US,Georgia,Miller,217,1,0,31.16568912,-84.73151117,13201.0,3795.0332284015385,0.4608294930875576,216,216,0,0,216,212,5686,1,1,0,0,4
2020-09-02,US,Georgia,Mitchell,717,45,0,31.22483255,-84.19381821,13205.0,3279.513333028405,6.276150627615063,672,714,45,0,669,710,22192,3,0,0,3,4
2020-09-02,US,Georgia,Monroe,593,43,0,33.014289,-83.92097166,13207.0,2150.2647037493653,7.251264755480608,550,597,42,0,555,594,27520,-4,1,0,-5,3
2020-09-02,US,Georgia,Montgomery,223,3,0,32.17201038,-82.53527476,13209.0,2431.312690798081,1.345291479820628,220,217,3,0,214,217,9193,6,0,0,6,0
2020-09-02,US,Georgia,Morgan,420,2,0,33.59232073,-83.49129491,13211.0,2178.8752853289066,0.4761904761904762,418,419,2,0,417,415,18853,1,0,0,1,4
2020-09-02,US,Georgia,Murray,717,3,0,34.78897608,-84.74993177,13213.0,1788.2083000798084,0.41841004184100417,714,716,3,0,713,713,39921,1,0,0,1,3
2020-09-02,US,Georgia,Muscogee,5526,141,0,32.50931999,-84.87142262,13215.0,2822.7145257931543,2.55157437567861,5385,5484,135,0,5349,5466,194160,42,6,0,36,18
2020-09-02,US,Georgia,Newton,2342,62,0,33.55514538,-83.84547140000002,13217.0,2095.86197021764,2.6473099914602902,2280,2325,62,0,2263,2306,109541,17,0,0,17,19
2020-09-02,US,Georgia,Oconee,568,20,0,33.83749973,-83.43679568,13219.0,1410.12909632572,3.5211267605633805,548,560,20,0,540,552,39272,8,0,0,8,8
2020-09-02,US,Georgia,Oglethorpe,283,11,0,33.878629600000004,-83.08278123,13221.0,1854.6431614129367,3.886925795053004,272,281,11,0,270,281,15054,2,0,0,2,0
2020-09-02,US,Georgia,Out of GA,16131,130,0,0.0,0.0,80013.0,0.0,0.8059016799950406,16001,16153,129,0,16024,16233,,-22,1,0,-23,-80
2020-09-02,US,Georgia,Paulding,2336,34,0,33.91969522,-84.86848792,13223.0,1384.9775000444665,1.4554794520547945,2302,2300,34,0,2266,2269,164044,36,0,0,36,31
2020-09-02,US,Georgia,Peach,572,17,0,32.56934316,-83.82937,13225.0,2076.5265374283013,2.9720279720279716,555,572,17,0,555,567,27297,0,0,0,0,5
2020-09-02,US,Georgia,Pickens,527,7,0,34.46589159,-84.46406611,13227.0,1617.0108312110706,1.3282732447817838,520,525,6,0,519,521,31980,2,1,0,1,4
2020-09-02,US,Georgia,Pierce,523,13,0,31.35928155,-82.21598442,13229.0,2686.87387618803,2.48565965583174,510,520,13,0,507,519,19389,3,0,0,3,1
2020-09-02,US,Georgia,Pike,283,8,0,33.09310242,-84.38790389,13231.0,1492.4586014133527,2.826855123674912,275,280,8,0,272,277,18634,3,0,0,3,3
2020-09-02,US,Georgia,Polk,1236,15,0,34.00267074,-85.18677781,13233.0,2900.523314481496,1.2135922330097086,1221,1220,15,0,1205,1216,42470,16,0,0,16,4
2020-09-02,US,Georgia,Pulaski,224,7,0,32.23334561,-83.47549959999998,13235.0,2011.313639220616,3.125,217,223,7,0,216,223,11069,1,0,0,1,0
2020-09-02,US,Georgia,Putnam,619,20,0,33.32056115,-83.37552891,13237.0,2798.4990279849903,3.231017770597738,599,616,20,0,596,611,21809,3,0,0,3,5
2020-09-02,US,Georgia,Quitman,31,1,0,31.86728114,-85.01773177,13239.0,1348.4123531970422,3.2258064516129035,30,31,1,0,30,31,2279,0,0,0,0,0
2020-09-02,US,Georgia,Rabun,287,6,0,34.88389445,-83.40304637,13241.0,1674.7388691136139,2.0905923344947737,281,283,6,0,277,278,16867,4,0,0,4,5
2020-09-02,US,Georgia,Randolph,317,27,0,31.76622818,-84.75732369,13243.0,4676.895839480673,8.517350157728707,290,314,27,0,287,312,6833,3,0,0,3,2
2020-09-02,US,Georgia,Richmond,6102,133,0,33.35777107,-82.07026432,13245.0,3013.065505288419,2.179613241560144,5969,6062,131,0,5931,6040,201554,40,2,0,38,22
2020-09-02,US,Georgia,Rockdale,1678,33,0,33.65145002,-84.02202167,13247.0,1846.0658334800207,1.9666269368295592,1645,1665,33,0,1632,1651,90594,13,0,0,13,14
2020-09-02,US,Georgia,Schley,96,2,0,32.2654021,-84.31258912,13249.0,1826.136579798364,2.083333333333333,94,95,2,0,93,94,5236,1,0,0,1,1
2020-09-02,US,Georgia,Screven,298,9,0,32.74976524,-81.60779441,13251.0,2133.7534011169987,3.0201342281879198,289,295,9,0,286,293,13938,3,0,0,3,2
2020-09-02,US,Georgia,Seminole,292,8,0,30.93464824,-84.86823924,13253.0,3609.394313967861,2.7397260273972597,284,295,8,0,287,285,8315,-3,0,0,-3,10
2020-09-02,US,Georgia,Spalding,1190,53,0,33.26310031,-84.28013991,13255.0,1784.0277049008291,4.453781512605042,1137,1182,51,0,1131,1172,66100,8,2,0,6,10
2020-09-02,US,Georgia,Stephens,862,27,0,34.55151201,-83.29405315,13257.0,3324.975891996143,3.132250580046404,835,853,27,0,826,845,26035,9,0,0,9,8
2020-09-02,US,Georgia,Stewart,367,11,0,32.07996777,-84.83208037,13259.0,5542.969339978855,2.9972752043596733,356,356,11,0,345,355,6199,11,0,0,11,1
2020-09-02,US,Georgia,Sumter,862,60,0,32.03650571,-84.19821492,13261.0,2919.658582847853,6.960556844547564,802,861,60,0,801,856,29733,1,0,0,1,5
2020-09-02,US,Georgia,Talbot,155,5,0,32.69642758,-84.53351366,13263.0,2502.0177562550443,3.2258064516129035,150,155,5,0,150,154,6272,0,0,0,0,1
2020-09-02,US,Georgia,Taliaferro,19,0,0,33.56543317,-82.88136816,13265.0,1236.174365647365,0.0,19,19,0,0,19,19,1608,0,0,0,0,0
2020-09-02,US,Georgia,Tattnall,691,7,0,32.04785085,-82.05539188,13267.0,2732.7374831922807,1.0130246020260492,684,685,7,0,678,676,25391,6,0,0,6,9
2020-09-02,US,Georgia,Taylor,163,7,0,32.55792548,-84.25077141,13269.0,2032.418952618454,4.294478527607362,156,160,7,0,153,157,8039,3,0,0,3,3
2020-09-02,US,Georgia,Telfair,349,13,0,31.92829517,-82.93491155,13271.0,2200.504413619168,3.7249283667621778,336,349,13,0,336,348,15876,0,0,0,0,1
2020-09-02,US,Georgia,Terrell,320,31,0,31.77527543,-84.44069698,13273.0,3751.0256710819363,9.6875,289,320,31,0,289,319,8611,0,0,0,0,1
2020-09-02,US,Georgia,Thomas,1422,52,0,30.86392347,-83.91847289,13275.0,3199.0281433488562,3.6568213783403656,1370,1413,49,0,1364,1407,44448,9,3,0,6,6
2020-09-02,US,Georgia,Tift,1530,51,0,31.45743864,-83.5236119,13277.0,3764.393268379097,3.333333333333333,1479,1511,49,0,1462,1501,40571,19,2,0,17,10
2020-09-02,US,Georgia,Toombs,1090,24,0,32.12059861,-82.32957247,13279.0,4062.616474096161,2.201834862385321,1066,1080,19,0,1061,1072,26887,10,5,0,5,8
2020-09-02,US,Georgia,Towns,218,6,0,34.91369188,-83.74107459999998,13281.0,1811.0824956384479,2.7522935779816518,212,213,6,0,207,209,11852,5,0,0,5,4
2020-09-02,US,Georgia,Treutlen,214,5,0,32.40422134,-82.56904553,13283.0,3100.999855093465,2.336448598130841,209,215,5,0,210,208,6809,-1,0,0,-1,7
2020-09-02,US,Georgia,Troup,2614,86,0,33.03349196,-85.02812115,13285.0,3738.451417293556,3.2899770466717677,2528,2602,85,0,2517,2589,70034,12,1,0,11,13
2020-09-02,US,Georgia,Turner,279,21,0,31.71612656,-83.62069378,13287.0,3494.051346274264,7.526881720430107,258,279,21,0,258,277,7912,0,0,0,0,2
2020-09-02,US,Georgia,Twiggs,165,7,0,32.67435595,-83.43078662,13289.0,2032.0197044334973,4.242424242424242,158,166,7,0,159,166,8188,-1,0,0,-1,0
2020-09-02,US,Georgia,Unassigned,2508,4,0,0.0,0.0,90013.0,0.0,0.1594896331738437,2504,2480,4,0,2476,2470,,28,0,0,28,10
2020-09-02,US,Georgia,Union,497,11,0,34.82995757,-83.98967069,13291.0,2027.6610501407529,2.2132796780684103,486,488,11,0,477,480,24001,9,0,0,9,8
2020-09-02,US,Georgia,Upson,667,57,0,32.87920671,-84.30024826,13293.0,2534.19452887538,8.545727136431784,610,664,57,0,607,661,26215,3,0,0,3,3
2020-09-02,US,Georgia,Walker,1069,22,0,34.73376362,-85.30165174,13295.0,1532.374822608621,2.0579981290926104,1047,1046,22,0,1024,1025,69410,23,0,0,23,21
2020-09-02,US,Georgia,Walton,1527,48,0,33.78017694,-83.73552314,13297.0,1614.2843550791283,3.1434184675834973,1479,1506,48,0,1458,1466,93503,21,0,0,21,40
2020-09-02,US,Georgia,Ware,1349,45,0,31.05449097,-82.42224148,13299.0,3775.116135892987,3.335804299481097,1304,1347,45,0,1302,1340,35680,2,0,0,2,7
2020-09-02,US,Georgia,Warren,121,5,0,33.41146451,-82.67795848,13301.0,2303.007232584697,4.132231404958676,116,120,5,0,115,117,5251,1,0,0,1,3
2020-09-02,US,Georgia,Washington,616,5,0,32.96711864,-82.79357039,13303.0,3023.4612741729657,0.8116883116883117,611,617,4,0,613,614,20386,-1,1,0,-2,3
2020-09-02,US,Georgia,Wayne,973,25,0,31.5521809,-81.91894878,13305.0,3251.244695425536,2.569373072970196,948,967,25,0,942,957,29808,6,0,0,6,10
2020-09-02,US,Georgia,Webster,38,2,0,32.04066113,-84.54742852,13307.0,1457.6141158419641,5.2631578947368425,36,38,2,0,36,38,2611,0,0,0,0,0
2020-09-02,US,Georgia,Wheeler,152,7,0,32.12009104,-82.72574721,13309.0,1935.0732017823043,4.605263157894737,145,149,6,0,143,149,7879,3,1,0,2,0
2020-09-02,US,Georgia,White,538,13,0,34.64624278,-83.74905525,13311.0,1746.866679654523,2.41635687732342,525,529,13,0,516,517,29970,9,0,0,9,12
2020-09-02,US,Georgia,Whitfield,4030,55,0,34.80987459,-84.96093476,13313.0,3851.741407653783,1.3647642679900744,3975,4002,53,0,3949,3989,104062,28,2,0,26,13
2020-09-02,US,Georgia,Wilcox,225,20,0,31.97496928,-83.43438555,13315.0,2605.6745801968727,8.888888888888891,205,224,20,0,204,222,8812,1,0,0,1,2
2020-09-02,US,Georgia,Wilkes,226,3,0,33.78290391,-82.74286107,13317.0,2311.54750946098,1.327433628318584,223,225,3,0,222,225,9876,1,0,0,1,0
2020-09-02,US,Georgia,Wilkinson,289,17,0,32.80291082,-83.17140684,13319.0,3227.6077730623188,5.882352941176472,272,291,17,0,274,291,9036,-2,0,0,-2,0
2020-09-02,US,Georgia,Worth,509,29,0,31.55162306,-83.85090513,13321.0,2513.9526843482986,5.697445972495087,480,504,29,0,475,498,20299,5,0,0,5,6
2020-09-02,US,Hawaii,Hawaii,418,3,0,19.60121157,-155.5210167,15001.0,207.43078610312983,0.7177033492822966,415,383,3,0,380,364,200983,35,0,0,35,19
2020-09-02,US,Hawaii,Honolulu,8149,63,0,21.45803166,-157.97121819999995,15003.0,836.1696473188498,0.7731009939869923,8086,7848,62,0,7786,7691,980080,301,1,0,300,157
2020-09-02,US,Hawaii,Kauai,57,0,0,22.03935037,-159.5966786,15007.0,78.84580803120635,0.0,57,57,0,0,57,57,72133,0,0,0,0,0
2020-09-02,US,Hawaii,Maui,342,8,0,20.86399628,-156.56890969999995,15009.0,204.28032995454464,2.3391812865497075,334,340,8,0,332,335,167207,2,0,0,2,5
2020-09-02,US,Hawaii,Out of HI,25,1,0,0.0,0.0,80015.0,0.0,4.0,24,25,1,0,24,25,,0,0,0,0,0
2020-09-02,US,Idaho,Ada,11374,128,0,43.4526575,-116.24155159999998,16001.0,2361.7747156796177,1.1253736592227888,11246,11267,127,0,11140,11176,469966,107,1,0,106,91
2020-09-02,US,Idaho,Adams,25,0,0,44.89333571,-116.4545247,16003.0,582.2077317186772,0.0,25,25,0,0,25,25,4250,0,0,0,0,0
2020-09-02,US,Idaho,Bannock,638,3,0,42.67002716,-112.2233311,16005.0,726.58527696793,0.4702194357366771,635,624,2,0,622,619,87138,14,1,0,13,5
2020-09-02,US,Idaho,Bear Lake,31,0,0,42.28269683,-111.32892379999998,16007.0,506.1224489795918,0.0,31,30,0,0,30,30,6050,1,0,0,1,0
2020-09-02,US,Idaho,Benewah,119,2,0,47.21754179,-116.6586851,16009.0,1279.8451279845128,1.680672268907563,117,111,1,0,110,111,9226,8,1,0,7,0
2020-09-02,US,Idaho,Bingham,454,5,0,43.21672879999999,-112.3978437,16011.0,969.857512123219,1.1013215859030836,449,451,5,0,446,451,46236,3,0,0,3,0
2020-09-02,US,Idaho,Blaine,604,6,0,43.4085812,-113.9752658,16013.0,2623.6914121888713,0.9933774834437086,598,606,6,0,600,606,22601,-2,0,0,-2,0
2020-09-02,US,Idaho,Boise,63,1,0,43.98829931,-115.7309284,16015.0,804.4949559443237,1.5873015873015872,62,62,1,0,61,61,7634,1,0,0,1,1
2020-09-02,US,Idaho,Bonner,218,0,0,48.29996017,-116.6017932,16017.0,476.61732875664086,0.0,218,215,0,0,215,213,44727,3,0,0,3,2
2020-09-02,US,Idaho,Bonneville,1831,11,0,43.38713372,-111.6161537,16019.0,1537.8542272093537,0.6007646095030038,1820,1817,11,0,1806,1777,116854,14,0,0,14,40
2020-09-02,US,Idaho,Boundary,44,1,0,48.76684761,-116.4630179,16021.0,359.3303389138424,2.272727272727273,43,44,1,0,43,43,11948,0,0,0,0,1
2020-09-02,US,Idaho,Butte,13,0,0,43.72592209,-113.1735463,16023.0,500.57758952637664,0.0,13,12,0,0,12,11,2611,1,0,0,1,1
2020-09-02,US,Idaho,Camas,4,0,0,43.46665742,-114.8065892,16025.0,361.6636528028933,0.0,4,4,0,0,4,4,1127,0,0,0,0,0
2020-09-02,US,Idaho,Canyon,7304,81,0,43.61970148,-116.70954990000001,16027.0,3177.738428272475,1.1089813800657171,7223,7261,80,0,7181,7222,223499,43,1,0,42,39
2020-09-02,US,Idaho,Caribou,40,0,0,42.77149116,-111.5597683,16029.0,559.0496156533892,0.0,40,40,0,0,40,40,7060,0,0,0,0,0
2020-09-02,US,Idaho,Cassia,584,4,0,42.28347888,-113.6012409,16031.0,2430.295464003329,0.6849315068493149,580,584,4,0,580,581,23864,0,0,0,0,3
2020-09-02,US,Idaho,Clark,21,0,0,44.28496071,-112.35057040000001,16033.0,2485.207100591716,0.0,21,21,0,0,21,21,852,0,0,0,0,0
2020-09-02,US,Idaho,Clearwater,21,0,0,46.67459924,-115.6622393,16035.0,239.83554134307903,0.0,21,21,0,0,21,21,8758,0,0,0,0,0
2020-09-02,US,Idaho,Custer,40,0,0,44.24186819,-114.2855494,16037.0,926.9988412514483,0.0,40,37,0,0,37,36,4280,3,0,0,3,1
2020-09-02,US,Idaho,Elmore,291,3,0,43.3507101,-115.4701578,16039.0,1057.7587146959397,1.0309278350515465,288,288,3,0,285,281,27259,3,0,0,3,7
2020-09-02,US,Idaho,Franklin,57,0,0,42.18332217,-111.81496659999999,16041.0,410.7812049582012,0.0,57,57,0,0,57,57,13726,0,0,0,0,0
2020-09-02,US,Idaho,Fremont,116,2,0,44.22800938,-111.48099429999999,16043.0,885.5637834949232,1.7241379310344829,114,115,2,0,113,113,13168,1,0,0,1,2
2020-09-02,US,Idaho,Gem,214,2,0,44.06482372,-116.398376,16045.0,1181.5371024734982,0.9345794392523364,212,212,2,0,210,210,17634,2,0,0,2,2
2020-09-02,US,Idaho,Gooding,237,1,0,42.96927962,-114.81083059999999,16047.0,1561.367679030239,0.4219409282700422,236,232,1,0,231,231,15196,5,0,0,5,1
2020-09-02,US,Idaho,Idaho,44,0,0,45.84721541,-115.4634436,16049.0,263.99472010559793,0.0,44,43,0,0,43,42,16513,1,0,0,1,1
2020-09-02,US,Idaho,Jefferson,365,1,0,43.82078483,-112.3131749,16051.0,1221.9209266512669,0.273972602739726,364,362,1,0,361,352,29439,3,0,0,3,10
2020-09-02,US,Idaho,Jerome,612,6,0,42.68891267,-114.2655033,16053.0,2506.963788300836,0.9803921568627452,606,603,6,0,597,601,24015,9,0,0,9,2
2020-09-02,US,Idaho,Kootenai,2220,30,0,47.67282258,-116.7020872,16055.0,1339.7949268846146,1.351351351351351,2190,2200,30,0,2170,2187,161505,20,0,0,20,13
2020-09-02,US,Idaho,Latah,249,0,0,46.81587887,-116.71136979999999,16057.0,620.8237758053256,0.0,249,245,0,0,245,242,40134,4,0,0,4,3
2020-09-02,US,Idaho,Lemhi,70,0,0,44.9438088,-113.9309747,16059.0,872.0568082720818,0.0,70,70,0,0,70,70,7961,0,0,0,0,0
2020-09-02,US,Idaho,Lewis,9,0,0,46.23315327,-116.434146,16061.0,234.49713392391868,0.0,9,,,,,,3861,,,,,
2020-09-02,US,Idaho,Lincoln,68,0,0,43.0012336,-114.1358773,16063.0,1267.23816623183,0.0,68,67,0,0,67,67,5360,1,0,0,1,0
2020-09-02,US,Idaho,Madison,256,0,0,43.78141028,-111.65384740000002,16065.0,641.4914676623149,0.0,256,252,0,0,252,240,39304,4,0,0,4,12
2020-09-02,US,Idaho,Minidoka,563,3,0,42.85518524,-113.6357257,16067.0,2675.982698797472,0.5328596802841918,560,556,2,0,554,553,20825,7,1,0,6,3
2020-09-02,US,Idaho,Nez Perce,313,19,0,46.32638236,-116.75009750000001,16069.0,774.5990892892496,6.070287539936103,294,301,19,0,282,298,40408,12,0,0,12,3
2020-09-02,US,Idaho,Oneida,22,0,0,42.19494279999999,-112.5407838,16071.0,485.5440300154492,0.0,22,21,0,0,21,21,4488,1,0,0,1,0
2020-09-02,US,Idaho,Owyhee,306,5,0,42.58016894,-116.16938710000001,16073.0,2588.175589951789,1.6339869281045751,301,305,5,0,300,304,11693,1,0,0,1,1
2020-09-02,US,Idaho,Payette,702,4,0,44.00545243,-116.7647695,16075.0,2930.9840925222334,0.5698005698005698,698,690,4,0,686,672,23551,12,0,0,12,18
2020-09-02,US,Idaho,Power,128,0,0,42.69254894,-112.83957420000002,16077.0,1666.4496810311155,0.0,128,119,0,0,119,119,7768,9,0,0,9,0
2020-09-02,US,Idaho,Shoshone,197,15,0,47.35364087,-115.89167490000001,16079.0,1529.265641981059,7.614213197969542,182,197,15,0,182,197,12796,0,0,0,0,0
2020-09-02,US,Idaho,Teton,127,0,0,43.75303583,-111.2056773,16081.0,1045.9561851424803,0.0,127,126,0,0,126,126,11640,1,0,0,1,0
2020-09-02,US,Idaho,Twin Falls,1695,34,0,42.35440512,-114.6685381,16083.0,1951.0117636225516,2.005899705014749,1661,1689,34,0,1655,1685,86081,6,0,0,6,4
2020-09-02,US,Idaho,Unassigned,3,0,0,0.0,0.0,90016.0,0.0,0.0,3,3,0,0,3,3,,0,0,0,0,0
2020-09-02,US,Idaho,Valley,84,1,0,44.76728382,-115.5676773,16085.0,737.3595505617978,1.1904761904761905,83,84,1,0,83,84,11041,0,0,0,0,0
2020-09-02,US,Idaho,Washington,288,4,0,44.45275475,-116.78476880000001,16087.0,2825.1912889935247,1.3888888888888888,284,284,4,0,280,278,10161,4,0,0,4,6
2020-09-02,US,Illinois,Adams,786,9,0,39.98815591,-91.18786813,17001.0,1201.192022617865,1.1450381679389312,777,786,8,0,778,771,65691,0,1,0,-1,15
2020-09-02,US,Illinois,Alexander,45,0,0,37.18049267,-89.32910838,17003.0,781.1143898628709,0.0,45,44,0,0,44,44,6060,1,0,0,1,0
2020-09-02,US,Illinois,Bond,161,3,0,38.88829622,-89.43534887,17005.0,980.15341531718,1.8633540372670807,158,154,3,0,151,144,16630,7,0,0,7,10
2020-09-02,US,Illinois,Boone,884,23,0,42.32359279,-88.82345779,17007.0,1650.9786343941435,2.6018099547511317,861,873,23,0,850,865,53577,11,0,0,11,8
2020-09-02,US,Illinois,Brown,23,0,0,39.96209138,-90.75068024,17009.0,349.65034965034965,0.0,23,20,0,0,20,20,6556,3,0,0,3,0
2020-09-02,US,Illinois,Bureau,393,9,0,41.40385234,-89.5283051,17011.0,1204.4869437293125,2.2900763358778624,384,378,9,0,369,370,32993,15,0,0,15,8
2020-09-02,US,Illinois,Calhoun,27,0,0,39.16840183,-90.66330078,17013.0,569.7404515720616,0.0,27,26,0,0,26,26,4802,1,0,0,1,0
2020-09-02,US,Illinois,Carroll,138,4,0,42.06823429,-89.93395545,17015.0,964.697658161482,2.898550724637681,134,135,4,0,131,134,14312,3,0,0,3,1
2020-09-02,US,Illinois,Cass,309,11,0,39.96991073,-90.24734436,17017.0,2543.837984687577,3.559870550161812,298,299,11,0,288,299,12260,10,0,0,10,0
2020-09-02,US,Illinois,Champaign,2557,20,0,40.13919438,-88.20046615,17019.0,1219.424957913863,0.7821666014861165,2537,2498,20,0,2478,2462,209983,59,0,0,59,36
2020-09-02,US,Illinois,Christian,249,6,0,39.54581621,-89.27780482,17021.0,770.8023774145616,2.409638554216868,243,244,5,0,239,232,32661,5,1,0,4,12
2020-09-02,US,Illinois,Clark,119,2,0,39.33425789,-87.78705622,17023.0,770.6754743863739,1.680672268907563,117,116,2,0,114,116,15596,3,0,0,3,0
2020-09-02,US,Illinois,Clay,91,0,0,38.75388572,-88.48914513,17025.0,690.2305825242719,0.0,91,84,0,0,84,80,13253,7,0,0,7,4
2020-09-02,US,Illinois,Clinton,765,17,0,38.60704876,-89.42385254,17027.0,2036.6327671582987,2.2222222222222223,748,740,17,0,723,715,37639,25,0,0,25,25
2020-09-02,US,Illinois,Coles,1027,22,0,39.51949084,-88.22358557,17029.0,2028.8022757353667,2.142161635832522,1005,986,22,0,964,974,50885,41,0,0,41,12
2020-09-02,US,Illinois,Cook,127616,5073,0,41.84144849,-87.81658794,17031.0,2477.8684770184186,3.975206870611836,122543,126992,5065,0,121927,126577,5180493,624,8,0,616,415
2020-09-02,US,Illinois,Crawford,81,1,0,39.0032229,-87.75954624,17033.0,433.92082284244924,1.2345679012345678,80,80,0,0,80,78,18807,1,1,0,0,2
2020-09-02,US,Illinois,Cumberland,146,3,0,39.27432424,-88.2401158,17035.0,1356.121122050901,2.054794520547945,143,140,3,0,137,140,10808,6,0,0,6,0
2020-09-02,US,Illinois,De Witt,48,1,0,40.17514519,-88.90959682,17039.0,306.94462207443405,2.083333333333333,47,44,1,0,43,43,15769,4,0,0,4,1
2020-09-02,US,Illinois,DeKalb,1149,36,0,41.89373302,-88.76958483,17037.0,1095.3602104921972,3.133159268929504,1113,1127,36,0,1091,1110,104143,22,0,0,22,17
2020-09-02,US,Illinois,Douglas,231,5,0,39.76768052,-88.21854195,17041.0,1186.7454405342924,2.1645021645021645,226,223,5,0,218,222,19479,8,0,0,8,1
2020-09-02,US,Illinois,DuPage,14770,537,0,41.85116968,-88.08642662,17043.0,1600.3536597390244,3.6357481381178074,14233,14679,534,0,14145,14615,928589,91,3,0,88,64
2020-09-02,US,Illinois,Edgar,92,0,0,39.6809186,-87.74759563,17045.0,536.0992949128839,0.0,92,84,0,0,84,83,17360,8,0,0,8,1
2020-09-02,US,Illinois,Edwards,42,0,0,38.41353228,-88.05720863,17047.0,656.7630961688819,0.0,42,42,0,0,42,39,6392,0,0,0,0,3
2020-09-02,US,Illinois,Effingham,574,1,0,39.05935711,-88.58969584,17049.0,1687.838155728064,0.17421602787456447,573,549,1,0,548,535,34208,25,0,0,25,14
2020-09-02,US,Illinois,Fayette,176,3,0,39.00072038,-89.02452658,17051.0,824.8968878890138,1.7045454545454546,173,172,3,0,169,169,21416,4,0,0,4,3
2020-09-02,US,Illinois,Ford,72,3,0,40.59706922,-88.22350769,17053.0,555.5126919219197,4.166666666666667,69,71,2,0,69,70,13264,1,1,0,0,1
2020-09-02,US,Illinois,Franklin,349,1,0,37.99189086,-88.92567818,17055.0,907.2239985442824,0.28653295128939826,348,345,1,0,344,343,38701,4,0,0,4,2
2020-09-02,US,Illinois,Fulton,94,0,0,40.47289135,-90.20862357,17057.0,273.733255678509,0.0,94,89,0,0,89,86,34844,5,0,0,5,3
2020-09-02,US,Illinois,Gallatin,64,2,0,37.76430935,-88.22953869,17059.0,1325.6006628003313,3.125,62,63,2,0,61,63,5058,1,0,0,1,0
2020-09-02,US,Illinois,Greene,129,1,0,39.35907414,-90.388865,17061.0,994.6796206338192,0.7751937984496124,128,115,1,0,114,115,13044,14,0,0,14,0
2020-09-02,US,Illinois,Grundy,501,5,0,41.28569601,-88.41905692,17063.0,981.3139029263133,0.998003992015968,496,483,5,0,478,481,50972,18,0,0,18,2
2020-09-02,US,Illinois,Hamilton,45,0,0,38.08163641,-88.53883373,17065.0,554.4603252833908,0.0,45,45,0,0,45,45,8163,0,0,0,0,0
2020-09-02,US,Illinois,Hancock,146,2,0,40.40423981,-91.16313899,17067.0,824.4861079737973,1.3698630136986298,144,140,2,0,138,138,17844,6,0,0,6,2
2020-09-02,US,Illinois,Hardin,20,0,0,37.51810645,-88.26873022,17069.0,523.4231876472128,0.0,20,19,0,0,19,18,3910,1,0,0,1,1
2020-09-02,US,Illinois,Henderson,45,0,0,40.81908672,-90.92491462,17071.0,677.0990069214565,0.0,45,45,0,0,45,45,6709,0,0,0,0,0
2020-09-02,US,Illinois,Henry,472,1,0,41.3533994,-90.13296166,17073.0,964.9786355365648,0.21186440677966098,471,468,1,0,467,465,49090,4,0,0,4,3
2020-09-02,US,Illinois,Iroquois,310,19,0,40.74717633,-87.82466784,17075.0,1143.3207936859187,6.129032258064517,291,306,19,0,287,298,27604,4,0,0,4,8
2020-09-02,US,Illinois,Jackson,973,22,0,37.78595185,-89.38232563,17077.0,1714.5374449339206,2.261048304213772,951,951,22,0,929,929,57419,22,0,0,22,22
2020-09-02,US,Illinois,Jasper,139,7,0,39.01054275,-88.15437049,17079.0,1446.4099895941727,5.035971223021583,132,132,7,0,125,129,9611,7,0,0,7,3
2020-09-02,US,Illinois,Jefferson,463,35,0,38.29980057,-88.9240025,17081.0,1228.638148816474,7.559395248380129,428,462,34,0,428,457,37820,1,1,0,0,5
2020-09-02,US,Illinois,Jersey,285,6,0,39.08869046,-90.35393073,17083.0,1308.9606393239333,2.1052631578947367,279,278,6,0,272,276,21847,7,0,0,7,2
2020-09-02,US,Illinois,Jo Daviess,177,2,0,42.36542373,-90.21094405,17085.0,833.5295502707794,1.1299435028248588,175,177,2,0,175,176,21366,0,0,0,0,1
2020-09-02,US,Illinois,Johnson,119,0,0,37.45939802,-88.88165419,17087.0,958.3635338648628,0.0,119,117,0,0,117,116,12456,2,0,0,2,1
2020-09-02,US,Illinois,Kane,11354,314,0,41.93842729,-88.42861412,17089.0,2132.5950454824633,2.765545182314603,11040,11285,313,0,10972,11204,534216,69,1,0,68,81
2020-09-02,US,Illinois,Kankakee,2274,71,0,41.13746989,-87.86205334,17091.0,2069.869472611094,3.1222515391380825,2203,2256,71,0,2185,2237,110024,18,0,0,18,19
2020-09-02,US,Illinois,Kendall,1670,23,0,41.59081014,-88.42869583,17093.0,1294.6740057368788,1.377245508982036,1647,1660,23,0,1637,1653,127915,10,0,0,10,7
2020-09-02,US,Illinois,Knox,460,3,0,40.93148779,-90.21330340000002,17095.0,925.5719430974466,0.6521739130434783,457,459,3,0,456,458,50112,1,0,0,1,1
2020-09-02,US,Illinois,LaSalle,1291,50,0,41.34426129999999,-88.88633881,17099.0,1188.011300370851,3.872966692486445,1241,1273,48,0,1225,1256,109430,18,2,0,16,17
2020-09-02,US,Illinois,Lake,14697,468,0,42.3224907,-88.00367925,17097.0,2110.0160078100885,3.1843233312921004,14229,14639,467,0,14172,14594,700832,58,1,0,57,45
2020-09-02,US,Illinois,Lawrence,142,0,0,38.71987914,-87.72884035,17101.0,905.7277713994133,0.0,142,136,0,0,136,137,15765,6,0,0,6,-1
2020-09-02,US,Illinois,Lee,244,1,0,41.74583951,-89.29977132,17103.0,715.6264664476771,0.4098360655737705,243,243,1,0,242,244,34223,1,0,0,1,-1
2020-09-02,US,Illinois,Livingston,207,4,0,40.89188292,-88.55784752,17105.0,580.677737881508,1.932367149758454,203,199,4,0,195,193,35761,8,0,0,8,6
2020-09-02,US,Illinois,Logan,276,1,0,40.12581572,-89.36638784,17107.0,964.4279823887064,0.3623188405797101,275,265,1,0,264,263,28925,11,0,0,11,2
2020-09-02,US,Illinois,Macon,1007,27,0,39.86064913,-88.96342505,17115.0,968.185445490294,2.6812313803376364,980,988,27,0,961,942,104712,19,0,0,19,46
2020-09-02,US,Illinois,Macoupin,362,5,0,39.26119767,-89.92424028,17117.0,805.7694876018343,1.3812154696132597,357,352,4,0,348,349,45313,10,1,0,9,3
2020-09-02,US,Illinois,Madison,4182,100,0,38.83042506,-89.90422563,17119.0,1590.3196610968719,2.391200382592061,4082,4102,100,0,4002,4040,264461,80,0,0,80,62
2020-09-02,US,Illinois,Marion,286,0,0,38.64963204,-88.91899208,17121.0,768.713882542669,0.0,286,278,0,0,278,272,37620,8,0,0,8,6
2020-09-02,US,Illinois,Marshall,53,0,0,41.0327901,-89.34510444,17123.0,463.36772162965553,0.0,53,53,0,0,53,51,11534,0,0,0,0,2
2020-09-02,US,Illinois,Mason,88,1,0,40.23917274,-89.91824452,17125.0,658.7319410135489,1.1363636363636365,87,87,1,0,86,86,13565,1,0,0,1,1
2020-09-02,US,Illinois,Massac,65,1,0,37.22078441,-88.71036614,17127.0,471.9721173395295,1.5384615384615383,64,65,1,0,64,65,14080,0,0,0,0,0
2020-09-02,US,Illinois,McDonough,231,15,0,40.45674722,-90.67775541,17109.0,778.24944410754,6.493506493506493,216,215,15,0,200,203,29955,16,0,0,16,12
2020-09-02,US,Illinois,McHenry,3907,115,0,42.32451172,-88.45248227,17111.0,1269.4379642204997,2.9434348605067826,3792,3881,115,0,3766,3855,308570,26,0,0,26,26
2020-09-02,US,Illinois,McLean,2063,16,0,40.48996987,-88.84621113,17113.0,1202.7962242809751,0.7755695588948134,2047,1869,16,0,1853,1788,172828,194,0,0,194,81
2020-09-02,US,Illinois,Menard,72,0,0,40.02742725,-89.80246001,17129.0,590.3574942604133,0.0,72,70,0,0,70,70,12288,2,0,0,2,0
2020-09-02,US,Illinois,Mercer,103,5,0,41.20596782,-90.74290052,17131.0,667.2280883591371,4.854368932038835,98,103,5,0,98,100,15601,0,0,0,0,3
2020-09-02,US,Illinois,Monroe,472,14,0,38.27594376,-90.17761038,17133.0,1362.7046222247884,2.9661016949152543,458,461,14,0,447,454,34335,11,0,0,11,7
2020-09-02,US,Illinois,Montgomery,254,9,0,39.23198845,-89.47809254,17135.0,893.9255296684732,3.543307086614173,245,251,8,0,243,252,28601,3,1,0,2,-1
2020-09-02,US,Illinois,Morgan,538,20,0,39.71654544,-90.20255104,17137.0,1598.4312793392355,3.717472118959108,518,495,20,0,475,481,33976,43,0,0,43,14
2020-09-02,US,Illinois,Moultrie,169,2,0,39.64187451,-88.62099969,17139.0,1165.4368664230053,1.183431952662722,167,162,2,0,160,161,14717,7,0,0,7,1
2020-09-02,US,Illinois,Ogle,489,5,0,42.04165196,-89.32184679,17141.0,965.5826076654226,1.0224948875255624,484,483,5,0,478,476,50923,6,0,0,6,7
2020-09-02,US,Illinois,Peoria,2441,40,0,40.78702156,-89.76078901,17143.0,1362.324826011977,1.6386726751331422,2401,2414,40,0,2374,2406,180621,27,0,0,27,8
2020-09-02,US,Illinois,Perry,298,10,0,38.08510853,-89.36856219,17145.0,1424.7466054694974,3.355704697986577,288,294,9,0,285,291,21174,4,1,0,3,3
2020-09-02,US,Illinois,Piatt,82,0,0,40.01360584,-88.59319339,17147.0,501.7131669114048,0.0,82,80,0,0,80,79,16396,2,0,0,2,1
2020-09-02,US,Illinois,Pike,75,0,0,39.62265059,-90.8877017,17149.0,481.97416618469254,0.0,75,73,0,0,73,72,15611,2,0,0,2,1
2020-09-02,US,Illinois,Pope,19,1,0,37.41391284,-88.56152109,17151.0,454.87191764424233,5.2631578947368425,18,19,1,0,18,19,4212,0,0,0,0,0
2020-09-02,US,Illinois,Pulaski,132,1,0,37.22631423,-89.13085001,17153.0,2474.2268041237107,0.7575757575757576,131,125,1,0,124,121,5463,7,0,0,7,4
2020-09-02,US,Illinois,Putnam,20,0,0,41.2013541,-89.2869272,17155.0,348.4927687750479,0.0,20,20,0,0,20,20,5740,0,0,0,0,0
2020-09-02,US,Illinois,Randolph,750,7,0,38.05095369,-89.82512254,17157.0,2359.826316783085,0.9333333333333332,743,748,7,0,741,739,32106,2,0,0,2,9
2020-09-02,US,Illinois,Richland,66,3,0,38.71240969,-88.08475366,17159.0,425.4496228969252,4.545454545454546,63,65,3,0,62,63,15763,1,0,0,1,2
2020-09-02,US,Illinois,Rock Island,2269,58,0,41.46613806,-90.57042164,17161.0,1599.2500651963996,2.5561921551344207,2211,2228,57,0,2171,2212,143477,41,1,0,40,16
2020-09-02,US,Illinois,Saline,168,3,0,37.75332999,-88.54119706,17165.0,715.1675109616449,1.7857142857142858,165,164,3,0,161,164,23906,4,0,0,4,0
2020-09-02,US,Illinois,Sangamon,1837,39,0,39.75836914,-89.65872023,17167.0,943.6385304512204,2.123026673924877,1798,1804,39,0,1765,1784,195348,33,0,0,33,20
2020-09-02,US,Illinois,Schuyler,24,0,0,40.157179799999994,-90.61114163,17169.0,354.6099290780142,0.0,24,23,0,0,23,21,6907,1,0,0,1,2
2020-09-02,US,Illinois,Scott,46,0,0,39.642916899999996,-90.47814431,17171.0,929.1052312664107,0.0,46,46,0,0,46,46,4926,0,0,0,0,0
2020-09-02,US,Illinois,Shelby,221,3,0,39.39133527,-88.80611122,17173.0,1021.5401682536748,1.3574660633484164,218,210,3,0,207,201,21741,11,0,0,11,9
2020-09-02,US,Illinois,St. Clair,5413,172,0,38.46996033,-89.93063427,17163.0,2084.440439607834,3.177535562534638,5241,5347,170,0,5177,5264,261059,66,2,0,64,83
2020-09-02,US,Illinois,Stark,28,0,0,41.09309773,-89.79745866,17175.0,524.1482590789966,0.0,28,24,0,0,24,24,5427,4,0,0,4,0
2020-09-02,US,Illinois,Stephenson,387,6,0,42.35129217,-89.662598,17177.0,869.7020090790597,1.5503875968992251,381,381,6,0,375,380,44753,6,0,0,6,1
2020-09-02,US,Illinois,Tazewell,1139,10,0,40.50716185,-89.51404662,17179.0,864.1684938886066,0.8779631255487269,1129,1109,10,0,1099,1089,132328,30,0,0,30,20
2020-09-02,US,Illinois,Unassigned,1776,209,0,0.0,0.0,90017.0,0.0,11.768018018018019,1567,1779,209,0,1570,1762,,-3,0,0,-3,17
2020-09-02,US,Illinois,Union,435,24,0,37.47119609,-89.25548938,17181.0,2612.141956404252,5.517241379310344,411,432,24,0,408,426,16841,3,0,0,3,6
2020-09-02,US,Illinois,Vermilion,353,4,0,40.18417171,-87.73384359,17183.0,465.95739063861237,1.13314447592068,349,344,4,0,340,341,76806,9,0,0,9,3
2020-09-02,US,Illinois,Wabash,108,1,0,38.44272901,-87.84922065,17185.0,937.5,0.925925925925926,107,108,1,0,107,108,11549,0,0,0,0,0
2020-09-02,US,Illinois,Warren,264,1,0,40.84925021,-90.6147432,17187.0,1567.3236760864402,0.3787878787878788,263,258,1,0,257,258,17032,6,0,0,6,0
2020-09-02,US,Illinois,Washington,116,1,0,38.35309213,-89.40982703,17189.0,835.3136026499602,0.8620689655172413,115,115,1,0,114,114,13995,1,0,0,1,1
2020-09-02,US,Illinois,Wayne,117,2,0,38.42955355,-88.42586459,17191.0,721.5541165587421,1.709401709401709,115,112,2,0,110,111,16332,5,0,0,5,1
2020-09-02,US,Illinois,White,128,0,0,38.08706198,-88.17657461,17193.0,945.5566225899388,0.0,128,125,0,0,125,123,13665,3,0,0,3,2
2020-09-02,US,Illinois,Whiteside,524,19,0,41.75509713,-89.91556058,17195.0,949.7054825555052,3.6259541984732815,505,511,19,0,492,507,55626,13,0,0,13,4
2020-09-02,US,Illinois,Will,11676,360,0,41.44619267,-87.97862712,17197.0,1690.3537205588766,3.0832476875642345,11316,11619,360,0,11259,11546,692310,57,0,0,57,73
2020-09-02,US,Illinois,Williamson,960,14,0,37.73033511,-88.92994027,17199.0,1441.5063741609986,1.4583333333333333,946,927,13,0,914,908,67056,33,1,0,32,19
2020-09-02,US,Illinois,Winnebago,4326,147,0,42.33641854,-89.16085327,17201.0,1530.9372478518744,3.3980582524271843,4179,4278,147,0,4131,4248,284081,48,0,0,48,30
2020-09-02,US,Illinois,Woodford,288,3,0,40.78579374,-89.20973757,17203.0,748.8494240619881,1.0416666666666667,285,281,3,0,278,278,38463,7,0,0,7,3
2020-09-02,US,Indiana,Adams,190,2,0,40.7457653,-84.93671406,18001.0,531.0674455655868,1.0526315789473684,188,190,2,0,188,188,35636,0,0,0,0,2
2020-09-02,US,Indiana,Allen,5062,179,0,41.09194313,-85.06800636,18003.0,1334.5671884186356,3.5361517186882656,4883,5009,178,0,4831,4979,375351,53,1,0,52,30
2020-09-02,US,Indiana,Bartholomew,1074,54,0,39.20744865,-85.89558181,18005.0,1281.9441626183173,5.027932960893856,1020,1070,54,0,1016,1062,82753,4,0,0,4,8
2020-09-02,US,Indiana,Benton,81,0,0,40.60626947,-87.31093999,18007.0,925.9259259259261,0.0,81,81,0,0,81,80,8653,0,0,0,0,1
2020-09-02,US,Indiana,Blackford,74,2,0,40.47388153,-85.32499702,18009.0,629.3587344786529,2.702702702702702,72,74,2,0,72,74,11930,0,0,0,0,0
2020-09-02,US,Indiana,Boone,860,46,0,40.0509304,-86.46841646,18011.0,1267.6326223781375,5.348837209302325,814,847,46,0,801,843,66999,13,0,0,13,4
2020-09-02,US,Indiana,Brown,90,2,0,39.19605589,-86.22868909,18013.0,596.342433077127,2.2222222222222223,88,90,2,0,88,89,15234,0,0,0,0,1
2020-09-02,US,Indiana,Carroll,258,13,0,40.580783200000006,-86.56198812,18015.0,1273.6338055980648,5.038759689922482,245,257,13,0,244,255,20127,1,0,0,1,2
2020-09-02,US,Indiana,Cass,1876,9,0,40.76135835,-86.34830753,18017.0,4977.579665154289,0.4797441364605544,1867,1872,9,0,1863,1872,37955,4,0,0,4,0
2020-09-02,US,Indiana,Clark,1785,53,0,38.48015445,-85.70510334,18019.0,1508.8502307653293,2.969187675070028,1732,1769,51,0,1718,1758,117360,16,2,0,14,11
2020-09-02,US,Indiana,Clay,241,5,0,39.39561833,-87.11723506,18021.0,918.9704480457576,2.074688796680498,236,233,5,0,228,229,26170,8,0,0,8,4
2020-09-02,US,Indiana,Clinton,555,10,0,40.30319754,-86.47277257,18023.0,1713.0158338220315,1.8018018018018016,545,553,9,0,544,551,32250,2,1,0,1,2
2020-09-02,US,Indiana,Crawford,67,0,0,38.28814402,-86.44518825,18025.0,633.4499385459014,0.0,67,64,0,0,64,64,10558,3,0,0,3,0
2020-09-02,US,Indiana,Daviess,510,24,0,38.70186039,-87.07185406,18027.0,1529.1895295493387,4.705882352941177,486,500,24,0,476,495,33147,10,0,0,10,5
2020-09-02,US,Indiana,DeKalb,349,7,0,41.39804622,-84.99906934,18033.0,802.7602070155261,2.005730659025788,342,345,7,0,338,343,43226,4,0,0,4,2
2020-09-02,US,Indiana,Dearborn,577,28,0,39.14647946,-84.97333539,18029.0,1166.6464474908005,4.852686308492201,549,575,28,0,547,574,49568,2,0,0,2,1
2020-09-02,US,Indiana,Decatur,411,35,0,39.30712658,-85.50087166,18031.0,1547.4980232689484,8.51581508515815,376,404,35,0,369,399,26794,7,0,0,7,5
2020-09-02,US,Indiana,Delaware,1268,57,0,40.22787247,-85.39732772,18035.0,1110.9650852061156,4.495268138801261,1211,1230,57,0,1173,1175,114772,38,0,0,38,55
2020-09-02,US,Indiana,Dubois,854,17,0,38.36597551,-86.87924170000002,18037.0,1998.3152377386746,1.990632318501171,837,848,17,0,831,839,42565,6,0,0,6,9
2020-09-02,US,Indiana,Elkhart,5631,98,0,41.59761169,-85.85875695,18039.0,2728.977760115537,1.7403658320014208,5533,5611,98,0,5513,5602,205560,20,0,0,20,9
2020-09-02,US,Indiana,Fayette,337,10,0,39.63684962,-85.17797541,18041.0,1458.7481603324384,2.967359050445104,327,331,9,0,322,326,23047,6,1,0,5,5
2020-09-02,US,Indiana,Floyd,1087,57,0,38.32117957,-85.90385377,18043.0,1384.3254119864496,5.243790248390066,1030,1083,57,0,1026,1078,77781,4,0,0,4,5
2020-09-02,US,Indiana,Fountain,98,2,0,40.12361933,-87.24217689,18045.0,599.5350544475713,2.0408163265306123,96,96,2,0,94,94,16351,2,0,0,2,2
2020-09-02,US,Indiana,Franklin,276,25,0,39.4142482,-85.06062647,18047.0,1212.7603480094913,9.057971014492754,251,276,25,0,251,274,22736,0,0,0,0,2
2020-09-02,US,Indiana,Fulton,207,2,0,41.0469907,-86.26252745,18049.0,1036.3472514268547,0.966183574879227,205,207,2,0,205,205,20092,0,0,0,0,2
2020-09-02,US,Indiana,Gibson,325,4,0,38.30393723,-87.58054938,18051.0,965.5664161145608,1.2307692307692308,321,318,4,0,314,317,33452,7,0,0,7,1
2020-09-02,US,Indiana,Grant,684,31,0,40.51587228,-85.65468702,18053.0,1040.0036491356109,4.5321637426900585,653,671,31,0,640,660,65936,13,0,0,13,11
2020-09-02,US,Indiana,Greene,373,35,0,39.03630547,-86.96223202,18055.0,1168.473153311196,9.383378016085793,338,369,35,0,334,371,32006,4,0,0,4,-2
2020-09-02,US,Indiana,Hamilton,3998,107,0,40.07306535,-86.05244729,18057.0,1182.801743138537,2.6763381690845423,3891,3957,107,0,3850,3914,330086,41,0,0,41,43
2020-09-02,US,Indiana,Hancock,824,41,0,39.82304555,-85.77566351,18059.0,1054.1398014532801,4.975728155339807,783,819,41,0,778,823,76351,5,0,0,5,-4
2020-09-02,US,Indiana,Harrison,493,24,0,38.19467379,-86.10948271,18061.0,1216.833271627792,4.8681541582150105,469,485,24,0,461,485,40350,8,0,0,8,0
2020-09-02,US,Indiana,Hendricks,2372,113,0,39.76719009,-86.51037283,18063.0,1392.746211342779,4.763912310286678,2259,2337,113,0,2224,2329,167009,35,0,0,35,8
2020-09-02,US,Indiana,Henry,625,22,0,39.93029017,-85.39625719,18065.0,1302.843325273076,3.52,603,622,22,0,600,608,48271,3,0,0,3,14
2020-09-02,US,Indiana,Howard,1093,62,0,40.48527731,-86.11351892,18067.0,1324.142275634813,5.672461116193961,1031,1086,62,0,1024,1079,82366,7,0,0,7,7
2020-09-02,US,Indiana,Huntington,170,3,0,40.82907273,-85.48822092,18069.0,465.4983570646221,1.7647058823529411,167,168,3,0,165,170,36240,2,0,0,2,-2
2020-09-02,US,Indiana,Jackson,705,9,0,38.90915820000001,-86.03851889,18071.0,1593.9047274535958,1.2765957446808511,696,700,9,0,691,699,44111,5,0,0,5,1
2020-09-02,US,Indiana,Jasper,328,2,0,41.02078733,-87.11553319,18073.0,977.2957511471308,0.6097560975609756,326,324,2,0,322,323,33370,4,0,0,4,1
2020-09-02,US,Indiana,Jay,130,0,0,40.43781032,-85.00576229,18075.0,636.1323155216285,0.0,130,130,0,0,130,129,20764,0,0,0,0,1
2020-09-02,US,Indiana,Jefferson,211,3,0,38.78576239,-85.43633383,18077.0,653.0890181998267,1.4218009478672986,208,211,3,0,208,207,32208,0,0,0,0,4
2020-09-02,US,Indiana,Jennings,276,12,0,38.99588883,-85.62710784,18079.0,995.1325040562466,4.3478260869565215,264,272,12,0,260,269,27611,4,0,0,4,3
2020-09-02,US,Indiana,Johnson,2052,121,0,39.48994426,-86.10149107,18081.0,1297.3629138821625,5.896686159844054,1931,2039,121,0,1918,2034,156225,13,0,0,13,5
2020-09-02,US,Indiana,Knox,352,3,0,38.68861576,-87.4194665,18083.0,961.9063234410013,0.8522727272727273,349,349,3,0,346,345,36895,3,0,0,3,4
2020-09-02,US,Indiana,Kosciusko,1035,17,0,41.24521668,-85.86312322,18085.0,1302.6077325815545,1.6425120772946862,1018,1035,17,0,1018,1029,79344,0,0,0,0,6
2020-09-02,US,Indiana,LaGrange,603,11,0,41.64232188,-85.42674232,18087.0,1522.189125056798,1.8242122719734657,592,600,11,0,589,600,39330,3,0,0,3,0
2020-09-02,US,Indiana,LaPorte,1194,31,0,41.54366008,-86.74072188,18091.0,1086.5608619685497,2.596314907872697,1163,1189,31,0,1158,1185,110007,5,0,0,5,4
2020-09-02,US,Indiana,Lake,9206,298,0,41.41874274,-87.38277575,18089.0,1896.216835258181,3.237019335216164,8908,9173,297,0,8876,9143,484411,33,1,0,32,30
2020-09-02,US,Indiana,Lawrence,464,27,0,38.84112637,-86.48361629,18093.0,1022.7022261406216,5.818965517241379,437,463,27,0,436,454,45668,1,0,0,1,9
2020-09-02,US,Indiana,Madison,1337,72,0,40.16143691,-85.71964711,18095.0,1031.8826262454754,5.385190725504861,1265,1327,69,0,1258,1297,129641,10,3,0,7,30
2020-09-02,US,Indiana,Marion,18721,749,0,39.78163624,-86.13826325,18097.0,1940.8406957625168,4.000854655200043,17972,18567,747,0,17820,18466,954670,154,2,0,152,101
2020-09-02,US,Indiana,Marshall,901,23,0,41.32467367,-86.26185087,18099.0,1947.7711963336071,2.5527192008879025,878,895,23,0,872,895,46248,6,0,0,6,0
2020-09-02,US,Indiana,Martin,117,0,0,38.7099921,-86.80373186,18101.0,1140.9068746952705,0.0,117,120,0,0,120,117,10217,-3,0,0,-3,3
2020-09-02,US,Indiana,Miami,329,2,0,40.76940965,-86.04525048,18103.0,926.3430566505236,0.6079027355623101,327,319,2,0,317,318,35567,10,0,0,10,1
2020-09-02,US,Indiana,Monroe,1235,36,0,39.16130004,-86.52414358,18105.0,832.0364344375502,2.9149797570850198,1199,1180,36,0,1144,1150,146917,55,0,0,55,30
2020-09-02,US,Indiana,Montgomery,446,21,0,40.04034823,-86.89335024,18107.0,1163.3366372789399,4.708520179372197,425,426,21,0,405,425,38346,20,0,0,20,1
2020-09-02,US,Indiana,Morgan,599,35,0,39.47899078,-86.44573375,18109.0,849.7779795429074,5.843071786310518,564,597,35,0,562,595,70116,2,0,0,2,2
2020-09-02,US,Indiana,Newton,146,10,0,40.95610449,-87.39635768,18111.0,1044.050343249428,6.849315068493151,136,146,10,0,136,145,14011,0,0,0,0,1
2020-09-02,US,Indiana,Noble,810,31,0,41.39672484,-85.41966713,18113.0,1696.548257372654,3.8271604938271606,779,810,31,0,779,804,47532,0,0,0,0,6
2020-09-02,US,Indiana,Ohio,74,7,0,38.955304999999996,-84.96515993,18115.0,1259.5744680851064,9.459459459459461,67,73,7,0,66,73,5844,1,0,0,1,0
2020-09-02,US,Indiana,Orange,242,24,0,38.54118920000001,-86.49523093,18117.0,1231.8029115341544,9.917355371900827,218,242,24,0,218,240,19489,0,0,0,0,2
2020-09-02,US,Indiana,Owen,150,1,0,39.31145587,-86.83900724,18119.0,721.1885186787828,0.6666666666666666,149,146,1,0,145,142,20845,4,0,0,4,4
2020-09-02,US,Indiana,Parke,80,2,0,39.77202286,-87.20375833,18121.0,472.33866682411286,2.5,78,79,2,0,77,79,16927,1,0,0,1,0
2020-09-02,US,Indiana,Perry,196,14,0,38.07809328,-86.63741946,18123.0,1022.4842193124316,7.142857142857142,182,196,14,0,182,196,19102,0,0,0,0,0
2020-09-02,US,Indiana,Pike,106,1,0,38.40112197,-87.23574907,18125.0,855.5977076438776,0.9433962264150944,105,102,1,0,101,101,12410,4,0,0,4,1
2020-09-02,US,Indiana,Porter,1745,41,0,41.45986947,-87.06848888,18127.0,1024.1271443579103,2.349570200573066,1704,1733,41,0,1692,1719,169594,12,0,0,12,14
2020-09-02,US,Indiana,Posey,220,0,0,38.02097333,-87.86480429,18129.0,865.2220081016243,0.0,220,219,0,0,219,214,25540,1,0,0,1,5
2020-09-02,US,Indiana,Pulaski,100,1,0,41.04166107,-86.69890683,18131.0,809.5199546668823,1.0,99,100,1,0,99,100,12469,0,0,0,0,0
2020-09-02,US,Indiana,Putnam,436,8,0,39.66437981,-86.84517605,18133.0,1160.3150947413244,1.834862385321101,428,435,8,0,427,433,37779,1,0,0,1,2
2020-09-02,US,Indiana,Randolph,174,7,0,40.15734772,-85.01139319,18135.0,705.4530711534562,4.022988505747127,167,174,7,0,167,172,24851,0,0,0,0,2
2020-09-02,US,Indiana,Ripley,246,8,0,39.10235626,-85.26212744,18137.0,868.5213952831523,3.2520325203252027,238,245,8,0,237,245,28523,1,0,0,1,0
2020-09-02,US,Indiana,Rush,134,4,0,39.62002287,-85.4655599,18139.0,808.1539111030697,2.985074626865672,130,134,4,0,130,133,16663,0,0,0,0,1
2020-09-02,US,Indiana,Scott,318,10,0,38.68672078,-85.74627859,18143.0,1332.0487580111424,3.1446540880503147,308,317,10,0,307,315,23878,1,0,0,1,2
2020-09-02,US,Indiana,Shelby,625,28,0,39.52305623,-85.79158570000001,18145.0,1397.3037626595722,4.48,597,622,28,0,594,619,44593,3,0,0,3,3
2020-09-02,US,Indiana,Spencer,161,3,0,38.01519732,-87.0079644,18147.0,794.0030576515262,1.8633540372670807,158,159,3,0,156,158,20327,2,0,0,2,1
2020-09-02,US,Indiana,St. Joseph,5216,94,0,41.61756781,-86.29040834,18141.0,1918.874574176128,1.802147239263804,5122,5180,94,0,5086,5151,270771,36,0,0,36,29
2020-09-02,US,Indiana,Starke,213,7,0,41.27890281,-86.64686895,18149.0,926.2883235485975,3.286384976525821,206,212,7,0,205,210,22935,1,0,0,1,2
2020-09-02,US,Indiana,Steuben,290,5,0,41.64423868,-85.00101094,18151.0,838.2956582066254,1.7241379310344829,285,286,5,0,281,279,34586,4,0,0,4,7
2020-09-02,US,Indiana,Sullivan,296,9,0,39.08952258,-87.41414469,18153.0,1432.0963762155884,3.0405405405405403,287,291,8,0,283,290,20690,5,1,0,4,1
2020-09-02,US,Indiana,Switzerland,64,0,0,38.82767338,-85.03022429,18155.0,595.2934610733885,0.0,64,64,0,0,64,64,10717,0,0,0,0,0
2020-09-02,US,Indiana,Tippecanoe,1618,13,0,40.38872739,-86.89413959,18157.0,826.64050845033,0.8034610630407911,1605,1589,13,0,1576,1584,193048,29,0,0,29,5
2020-09-02,US,Indiana,Tipton,190,21,0,40.31123252,-86.05234925,18159.0,1254.2909955109585,11.052631578947368,169,189,21,0,168,187,15128,1,0,0,1,2
2020-09-02,US,Indiana,Unassigned,0,219,0,0.0,0.0,90018.0,0.0,0.0,-219,0,219,0,-219,0,,0,0,0,0,0
2020-09-02,US,Indiana,Union,65,0,0,39.62550777,-84.92497066,18161.0,921.462999716473,0.0,65,64,0,0,64,63,7037,1,0,0,1,1
2020-09-02,US,Indiana,Vanderburgh,2621,19,0,38.02658833,-87.58763124,18163.0,1444.4671013110974,0.7249141549027089,2602,2606,19,0,2587,2588,180974,15,0,0,15,18
2020-09-02,US,Indiana,Vermillion,96,0,0,39.8523352,-87.46160542,18165.0,619.4347657762291,0.0,96,95,0,0,95,94,15479,1,0,0,1,1
2020-09-02,US,Indiana,Vigo,1383,17,0,39.42944561,-87.39169027,18167.0,1292.0645004577816,1.2292118582791034,1366,1339,17,0,1322,1260,107386,44,0,0,44,79
2020-09-02,US,Indiana,Wabash,214,6,0,40.84704239,-85.79328272,18169.0,690.4116660214221,2.803738317757009,208,210,6,0,204,209,31280,4,0,0,4,1
2020-09-02,US,Indiana,Warren,38,1,0,40.34728141,-87.35602659,18171.0,459.7701149425288,2.631578947368421,37,38,1,0,37,38,8263,0,0,0,0,0
2020-09-02,US,Indiana,Warrick,790,31,0,38.08922676,-87.2716085,18173.0,1254.0080637480555,3.924050632911392,759,777,31,0,746,768,62567,13,0,0,13,9
2020-09-02,US,Indiana,Washington,234,1,0,38.60219804,-86.1049363,18175.0,834.6411756313312,0.4273504273504273,233,229,1,0,228,225,27943,5,0,0,5,4
2020-09-02,US,Indiana,Wayne,569,10,0,39.863344399999995,-85.01044989,18177.0,863.6391233076317,1.7574692442882252,559,560,10,0,550,550,65936,9,0,0,9,10
2020-09-02,US,Indiana,Wells,214,2,0,40.72934187,-85.22132966,18179.0,756.290641786825,0.9345794392523364,212,212,2,0,210,211,28206,2,0,0,2,1
2020-09-02,US,Indiana,White,444,13,0,40.74911165,-86.86492015,18181.0,1842.1707742096087,2.927927927927928,431,442,12,0,430,440,24133,2,1,0,1,2
2020-09-02,US,Indiana,Whitley,216,6,0,41.13863784,-85.50791236,18183.0,635.9674949947002,2.7777777777777777,210,213,6,0,207,213,34074,3,0,0,3,0
2020-09-02,US,Iowa,Adair,49,1,0,41.33075609,-94.47105874,19001.0,685.1230425055927,2.0408163265306123,48,49,1,0,48,49,7063,0,0,0,0,0
2020-09-02,US,Iowa,Adams,22,0,0,41.02903567,-94.69932645,19003.0,610.7717934480844,0.0,22,22,0,0,22,22,3645,0,0,0,0,0
2020-09-02,US,Iowa,Allamakee,184,5,0,43.28383218,-91.37860922,19005.0,1344.3413458025866,2.717391304347826,179,183,5,0,178,178,13832,1,0,0,1,5
2020-09-02,US,Iowa,Appanoose,87,3,0,40.74324454,-92.86865906,19007.0,700.1448575567357,3.4482758620689653,84,85,3,0,82,85,12437,2,0,0,2,0
2020-09-02,US,Iowa,Audubon,39,1,0,41.6844628,-94.90581859,19009.0,709.6069868995635,2.5641025641025643,38,38,1,0,37,39,5506,1,0,0,1,-1
2020-09-02,US,Iowa,Benton,211,1,0,42.08011739,-92.06463573,19011.0,822.7724702671086,0.4739336492890995,210,205,1,0,204,203,25642,6,0,0,6,2
2020-09-02,US,Iowa,Black Hawk,3843,76,0,42.4704581,-92.30524729,19013.0,2928.4908708507332,1.9776216497527968,3767,3830,76,0,3754,3800,132408,13,0,0,13,30
2020-09-02,US,Iowa,Boone,350,4,0,42.03657094,-93.9313999,19015.0,1334.1465274071816,1.1428571428571428,346,348,4,0,344,345,26346,2,0,0,2,3
2020-09-02,US,Iowa,Bremer,356,7,0,42.77461496,-92.31795937,19017.0,1420.4772165030724,1.9662921348314608,349,339,7,0,332,330,24947,17,0,0,17,9
2020-09-02,US,Iowa,Buchanan,176,1,0,42.4709188,-91.83510825,19019.0,831.1688311688312,0.5681818181818182,175,176,1,0,175,175,21199,0,0,0,0,1
2020-09-02,US,Iowa,Buena Vista,1830,12,0,42.73545875,-95.15100162,19021.0,9327.217125382265,0.6557377049180327,1818,1827,12,0,1815,1826,19874,3,0,0,3,1
2020-09-02,US,Iowa,Butler,213,2,0,42.73172833,-92.79015971,19023.0,1475.1714107625182,0.9389671361502347,211,211,2,0,209,208,14539,2,0,0,2,3
2020-09-02,US,Iowa,Calhoun,130,2,0,42.38521079,-94.64046046,19025.0,1344.6421183285065,1.5384615384615383,128,130,2,0,128,129,9699,0,0,0,0,1
2020-09-02,US,Iowa,Carroll,429,3,0,42.03617207,-94.86032705,19027.0,2127.448549466898,0.6993006993006993,426,428,3,0,425,390,20154,1,0,0,1,38
2020-09-02,US,Iowa,Cass,112,2,0,41.33149454,-94.92792482,19029.0,872.5459644749143,1.7857142857142858,110,112,2,0,110,112,12930,0,0,0,0,0
2020-09-02,US,Iowa,Cedar,155,1,0,41.77233777,-91.13246684,19031.0,832.1254093520157,0.6451612903225806,154,155,1,0,154,154,18627,0,0,0,0,1
2020-09-02,US,Iowa,Cerro Gordo,848,20,0,43.08177563,-93.2612239,19033.0,1997.6442873969377,2.358490566037736,828,839,20,0,819,830,42647,9,0,0,9,9
2020-09-02,US,Iowa,Cherokee,141,2,0,42.73538914,-95.62389402,19035.0,1255.0066755674231,1.4184397163120568,139,140,2,0,138,140,11321,1,0,0,1,0
2020-09-02,US,Iowa,Chickasaw,112,0,0,43.06001295,-92.31773347,19037.0,938.5737031760665,0.0,112,112,0,0,112,110,11964,0,0,0,0,2
2020-09-02,US,Iowa,Clarke,241,3,0,41.02868181,-93.78499767,19039.0,2565.194252261841,1.2448132780082988,238,240,3,0,237,241,9423,1,0,0,1,-1
2020-09-02,US,Iowa,Clay,238,3,0,43.08247182,-95.15096481,19041.0,1486.013986013986,1.2605042016806722,235,236,3,0,233,236,16134,2,0,0,2,0
2020-09-02,US,Iowa,Clayton,184,3,0,42.84443388,-91.34133693,19043.0,1048.4927916120578,1.6304347826086956,181,183,3,0,180,180,17556,1,0,0,1,3
2020-09-02,US,Iowa,Clinton,857,13,0,41.89981633,-90.53275096,19045.0,1845.8291154235492,1.5169194865810969,844,853,10,0,843,835,46518,4,3,0,1,18
2020-09-02,US,Iowa,Crawford,841,3,0,42.03718237,-95.3819718,19047.0,5000.0,0.35671819262782395,838,836,3,0,833,836,17158,5,0,0,5,0
2020-09-02,US,Iowa,Dallas,2397,38,0,41.68560356,-94.04127625,19049.0,2564.925684568713,1.5853149770546515,2359,2386,38,0,2348,2379,90180,11,0,0,11,7
2020-09-02,US,Iowa,Davis,86,3,0,40.74773536,-92.41005468,19051.0,955.5555555555555,3.4883720930232562,83,84,2,0,82,83,9017,2,1,0,1,1
2020-09-02,US,Iowa,Decatur,47,0,0,40.73742757,-93.78645949,19053.0,597.2045743329098,0.0,47,46,0,0,46,44,7890,1,0,0,1,2
2020-09-02,US,Iowa,Delaware,231,3,0,42.47104597,-91.3664492,19055.0,1357.9448592087472,1.2987012987012987,228,226,3,0,223,217,17069,5,0,0,5,9
2020-09-02,US,Iowa,Des Moines,581,5,0,40.92012606,-91.18326592,19057.0,1491.0052095362744,0.8605851979345955,576,576,5,0,571,568,39138,5,0,0,5,8
2020-09-02,US,Iowa,Dickinson,431,6,0,43.37787725,-95.1510206,19059.0,2497.3925136168727,1.3921113689095128,425,424,6,0,418,424,17153,7,0,0,7,0
2020-09-02,US,Iowa,Dubuque,2064,36,0,42.46815349,-90.88181925,19061.0,2121.0346209575487,1.7441860465116281,2028,2049,36,0,2013,2036,96854,15,0,0,15,13
2020-09-02,US,Iowa,Emmet,223,8,0,43.37782951,-94.67858943,19063.0,2421.8071242397914,3.5874439461883414,215,221,8,0,213,221,9253,2,0,0,2,0
2020-09-02,US,Iowa,Fayette,144,1,0,42.86271799,-91.84412309999999,19065.0,732.824427480916,0.6944444444444444,143,143,1,0,142,140,19660,1,0,0,1,3
2020-09-02,US,Iowa,Floyd,220,3,0,43.06000529999999,-92.78940097,19067.0,1406.4697609001407,1.3636363636363635,217,219,3,0,216,215,15761,1,0,0,1,4
2020-09-02,US,Iowa,Franklin,303,17,0,42.73270384,-93.26256925,19069.0,3008.937437934459,5.6105610561056105,286,297,17,0,280,295,10124,6,0,0,6,2
2020-09-02,US,Iowa,Fremont,61,0,0,40.74542720000001,-95.60129045,19071.0,876.4367816091954,0.0,61,59,0,0,59,59,6993,2,0,0,2,0
2020-09-02,US,Iowa,Greene,58,0,0,42.03614551,-94.39658081,19073.0,652.5652565256528,0.0,58,58,0,0,58,53,8981,0,0,0,0,5
2020-09-02,US,Iowa,Grundy,133,1,0,42.40183723,-92.78829551,19075.0,1087.3119686069326,0.7518796992481203,132,132,1,0,131,129,12304,1,0,0,1,3
2020-09-02,US,Iowa,Guthrie,174,5,0,41.68378965,-94.50111014,19077.0,1627.8417064271682,2.8735632183908044,169,173,5,0,168,173,10720,1,0,0,1,0
2020-09-02,US,Iowa,Hamilton,286,2,0,42.38382428,-93.70197703,19079.0,1935.9642591213697,0.6993006993006993,284,282,2,0,280,280,14952,4,0,0,4,2
2020-09-02,US,Iowa,Hancock,158,2,0,43.08178477,-93.73454884,19081.0,1486.359360301035,1.2658227848101269,156,156,2,0,154,157,10712,2,0,0,2,-1
2020-09-02,US,Iowa,Hardin,232,1,0,42.38353877,-93.23654611,19083.0,1377.181526771934,0.4310344827586207,231,231,1,0,230,230,16868,1,0,0,1,1
2020-09-02,US,Iowa,Harrison,150,2,0,41.68330137,-95.81558439,19085.0,1067.6916506512919,1.3333333333333333,148,148,2,0,146,147,14134,2,0,0,2,1
2020-09-02,US,Iowa,Henry,296,4,0,40.98767962,-91.54436349,19087.0,1483.4118472486718,1.351351351351351,292,294,4,0,290,284,20067,2,0,0,2,10
2020-09-02,US,Iowa,Howard,137,2,0,43.35671042,-92.31702714,19089.0,1495.9598165538328,1.45985401459854,135,136,2,0,134,133,9187,1,0,0,1,3
2020-09-02,US,Iowa,Humboldt,152,2,0,42.7764426,-94.20722537,19091.0,1590.290855827579,1.3157894736842106,150,152,2,0,150,153,9547,0,0,0,0,-1
2020-09-02,US,Iowa,Ida,45,0,0,42.38696136,-95.51355387,19093.0,655.9766763848396,0.0,45,44,0,0,44,43,6841,1,0,0,1,1
2020-09-02,US,Iowa,Iowa,116,1,0,41.68630265,-92.0643373,19095.0,716.7572911517548,0.8620689655172413,115,116,1,0,115,115,16141,0,0,0,0,1
2020-09-02,US,Iowa,Jackson,219,1,0,42.17178824,-90.57354837,19097.0,1126.6011626112456,0.45662100456620996,218,215,1,0,214,211,19432,4,0,0,4,4
2020-09-02,US,Iowa,Jasper,592,30,0,41.68576082,-93.05567785,19099.0,1592.039800995025,5.067567567567568,562,588,30,0,558,588,37147,4,0,0,4,0
2020-09-02,US,Iowa,Jefferson,120,0,0,41.03192394,-91.94849466,19101.0,655.9169171904892,0.0,120,120,0,0,120,118,18381,0,0,0,0,2
2020-09-02,US,Iowa,Johnson,4164,26,0,41.67169354,-91.58754744,19103.0,2755.0615323541087,0.6243996157540826,4138,4050,26,0,4024,3926,151260,114,0,0,114,124
2020-09-02,US,Iowa,Jones,176,2,0,42.12118609,-91.13139641,19105.0,851.0226778202216,1.1363636363636365,174,175,2,0,173,170,20744,1,0,0,1,5
2020-09-02,US,Iowa,Keokuk,69,1,0,41.33649833,-92.1785067,19107.0,673.4335350380636,1.4492753623188406,68,66,1,0,65,63,10225,3,0,0,3,3
2020-09-02,US,Iowa,Kossuth,122,0,0,43.20405458,-94.20691791,19109.0,823.6008911091609,0.0,122,122,0,0,122,122,14908,0,0,0,0,0
2020-09-02,US,Iowa,Lee,447,5,0,40.64181461,-91.48183025,19111.0,1328.104109100633,1.1185682326621924,442,440,5,0,435,422,34055,7,0,0,7,18
2020-09-02,US,Iowa,Linn,3018,94,0,42.07923082,-91.59809485,19113.0,1331.2395790142298,3.1146454605699136,2924,2993,94,0,2899,2984,225909,25,0,0,25,9
2020-09-02,US,Iowa,Louisa,396,14,0,41.21842119,-91.26102611,19115.0,3588.5817852288174,3.5353535353535355,382,397,14,0,383,396,11169,-1,0,0,-1,1
2020-09-02,US,Iowa,Lucas,97,5,0,41.02958964,-93.32780803,19117.0,1127.9069767441858,5.154639175257731,92,97,5,0,92,96,8645,0,0,0,0,1
2020-09-02,US,Iowa,Lyon,152,2,0,43.38107862,-96.20926845,19119.0,1293.0667800935769,1.3157894736842106,150,152,2,0,150,150,11811,0,0,0,0,2
2020-09-02,US,Iowa,Madison,167,2,0,41.33081904,-94.01554631,19121.0,1022.1569347533356,1.1976047904191616,165,165,2,0,163,164,16249,2,0,0,2,1
2020-09-02,US,Iowa,Mahaska,230,18,0,41.33521503,-92.64083907,19123.0,1040.959493097986,7.826086956521738,212,223,18,0,205,219,22000,7,0,0,7,4
2020-09-02,US,Iowa,Marion,511,1,0,41.33445101,-93.09934783,19125.0,1536.7034553273388,0.19569471624266144,510,490,1,0,489,484,33407,21,0,0,21,6
2020-09-02,US,Iowa,Marshall,1667,32,0,42.03586837,-92.99908190000001,19127.0,4234.296019710941,1.9196160767846429,1635,1656,32,0,1624,1643,39981,11,0,0,11,13
2020-09-02,US,Iowa,Mills,132,1,0,41.03299766,-95.61920963,19129.0,873.6514660136341,0.7575757575757576,131,131,1,0,130,128,15063,1,0,0,1,3
2020-09-02,US,Iowa,Mitchell,114,0,0,43.35638371,-92.78887719,19131.0,1076.8940109578689,0.0,114,114,0,0,114,107,10569,0,0,0,0,7
2020-09-02,US,Iowa,Monona,107,1,0,42.05220391,-95.95743843,19133.0,1242.0197330237954,0.9345794392523364,106,107,1,0,106,107,8679,0,0,0,0,0
2020-09-02,US,Iowa,Monroe,114,8,0,41.02988815,-92.8690667,19135.0,1479.174776177501,7.0175438596491215,106,112,8,0,104,110,7790,2,0,0,2,2
2020-09-02,US,Iowa,Montgomery,82,5,0,41.03018714,-95.15642896,19137.0,826.8629625894928,6.097560975609755,77,82,5,0,77,77,10003,0,0,0,0,5
2020-09-02,US,Iowa,Muscatine,976,52,0,41.48370744,-91.11216970000001,19139.0,2287.642977686105,5.327868852459017,924,973,52,0,921,966,42929,3,0,0,3,7
2020-09-02,US,Iowa,O'Brien,204,8,0,43.08310673,-95.62474482,19141.0,1483.3127317676144,3.92156862745098,196,204,7,0,197,201,13840,0,1,0,-1,3
2020-09-02,US,Iowa,Osceola,99,0,0,43.37824276,-95.62422844,19143.0,1661.631419939577,0.0,99,99,0,0,99,99,6040,0,0,0,0,0
2020-09-02,US,Iowa,Page,114,0,0,40.7393172,-95.1497813,19145.0,754.6170649367842,0.0,114,113,0,0,113,112,15249,1,0,0,1,1
2020-09-02,US,Iowa,Palo Alto,119,0,0,43.08193849,-94.67824621,19147.0,1339.1852352014405,0.0,119,119,0,0,119,116,8929,0,0,0,0,3
2020-09-02,US,Iowa,Plymouth,772,18,0,42.737633,-96.21366621,19149.0,3066.2906621122447,2.33160621761658,754,746,18,0,728,744,25095,26,0,0,26,2
2020-09-02,US,Iowa,Pocahontas,131,2,0,42.73420133,-94.67862564,19151.0,1979.1509291433752,1.5267175572519085,129,131,2,0,129,131,6740,0,0,0,0,0
2020-09-02,US,Iowa,Polk,13547,227,0,41.68679484,-93.57767461,19153.0,2763.785776510167,1.675647744888167,13320,13465,226,0,13239,13370,487204,82,1,0,81,95
2020-09-02,US,Iowa,Pottawattamie,1666,34,0,41.33640314,-95.53907776,19155.0,1787.438576915649,2.0408163265306123,1632,1648,34,0,1614,1634,93533,18,0,0,18,14
2020-09-02,US,Iowa,Poweshiek,185,8,0,41.68625425,-92.53155731,19157.0,999.7838305231302,4.3243243243243255,177,184,8,0,176,183,18699,1,0,0,1,1
2020-09-02,US,Iowa,Ringgold,31,1,0,40.73518949,-94.24368535,19159.0,633.4286881896202,3.2258064516129035,30,31,1,0,30,31,4968,0,0,0,0,0
2020-09-02,US,Iowa,Sac,121,0,0,42.38624071,-95.10547892,19161.0,1244.7279086513734,0.0,121,119,0,0,119,114,9719,2,0,0,2,5
2020-09-02,US,Iowa,Scott,2259,21,0,41.63935978,-90.61959493,19163.0,1306.210716825775,0.9296148738379814,2238,2250,21,0,2229,2234,173283,9,0,0,9,16
2020-09-02,US,Iowa,Shelby,219,1,0,41.6850066,-95.31015553,19165.0,1911.9958093242533,0.45662100456620996,218,217,1,0,216,215,11578,2,0,0,2,2
2020-09-02,US,Iowa,Sioux,917,3,0,43.08221074,-96.17675679999999,19167.0,2630.8994405393773,0.3271537622682661,914,908,3,0,905,896,34909,9,0,0,9,12
2020-09-02,US,Iowa,Story,2584,16,0,42.03621213,-93.46499005,19169.0,2660.7082179227123,0.6191950464396285,2568,2534,16,0,2518,2444,98105,50,0,0,50,90
2020-09-02,US,Iowa,Tama,629,29,0,42.07991767,-92.53266945,19171.0,3732.0517384597133,4.610492845786964,600,623,29,0,594,623,16904,6,0,0,6,0
2020-09-02,US,Iowa,Taylor,113,1,0,40.73710579,-94.69778563,19173.0,1846.103577846757,0.8849557522123894,112,113,1,0,112,113,6191,0,0,0,0,0
2020-09-02,US,Iowa,Unassigned,8,0,0,0.0,0.0,90019.0,0.0,0.0,8,3,0,0,3,9,,5,0,0,5,-6
2020-09-02,US,Iowa,Union,92,3,0,41.0277278,-94.24234847,19175.0,751.5725839392206,3.260869565217391,89,93,3,0,90,93,12359,-1,0,0,-1,0
2020-09-02,US,Iowa,Van Buren,103,1,0,40.75326764,-91.95017958,19177.0,1462.237365133447,0.9708737864077671,102,101,1,0,100,100,7020,2,0,0,2,1
2020-09-02,US,Iowa,Wapello,1095,51,0,41.03064984,-92.40954728,19179.0,3131.344905487718,4.6575342465753415,1044,1089,51,0,1038,1085,35205,6,0,0,6,4
2020-09-02,US,Iowa,Warren,792,6,0,41.33559454,-93.56007641,19181.0,1538.8800373061829,0.7575757575757576,786,784,5,0,779,777,51056,8,1,0,7,7
2020-09-02,US,Iowa,Washington,349,11,0,41.33577126,-91.71725711,19183.0,1588.8914181652628,3.151862464183381,338,346,11,0,335,340,22141,3,0,0,3,6
2020-09-02,US,Iowa,Wayne,54,2,0,40.73969028,-93.32752197,19185.0,838.3791336748953,3.703703703703704,52,52,2,0,50,50,6401,2,0,0,2,2
2020-09-02,US,Iowa,Webster,1048,9,0,42.42853483,-94.17987389,19187.0,2918.8948306595366,0.8587786259541985,1039,1038,9,0,1029,1023,36277,10,0,0,10,15
2020-09-02,US,Iowa,Winnebago,166,10,0,43.37751174,-93.73407298,19189.0,1603.2451226579099,6.024096385542169,156,164,9,0,155,160,10518,2,1,0,1,4
2020-09-02,US,Iowa,Winneshiek,224,4,0,43.29094334,-91.84422722,19191.0,1120.504226902106,1.7857142857142858,220,224,4,0,220,219,20029,0,0,0,0,5
2020-09-02,US,Iowa,Woodbury,4177,56,0,42.38979414,-96.0459439,19193.0,4051.131348986975,1.340675125688293,4121,4152,56,0,4096,4143,102539,25,0,0,25,9
2020-09-02,US,Iowa,Worth,80,0,0,43.37750768,-93.26087602,19195.0,1083.8639750711286,0.0,80,80,0,0,80,79,7453,0,0,0,0,1
2020-09-02,US,Iowa,Wright,520,1,0,42.73305373,-93.73515113,19197.0,4139.468237541792,0.19230769230769232,519,520,1,0,519,519,12690,0,0,0,0,1
2020-09-02,US,Kansas,Allen,25,0,0,37.88582951,-95.30030847,20001.0,202.118198722613,0.0,25,21,0,0,21,21,12444,4,0,0,4,0
2020-09-02,US,Kansas,Anderson,39,0,0,38.21413251,-95.29272815,20003.0,496.30949350979887,0.0,39,34,0,0,34,34,7878,5,0,0,5,0
2020-09-02,US,Kansas,Atchison,219,1,0,39.53185661,-95.30870026,20005.0,1362.5334411746408,0.45662100456620996,218,219,1,0,218,219,16193,0,0,0,0,0
2020-09-02,US,Kansas,Barber,5,0,0,37.2288586,-98.68460053,20007.0,112.943302462164,0.0,5,6,0,0,6,6,4472,-1,0,0,-1,0
2020-09-02,US,Kansas,Barton,306,5,0,38.47889676,-98.75636726,20009.0,1187.0126847433958,1.6339869281045751,301,284,5,0,279,284,26111,22,0,0,22,0
2020-09-02,US,Kansas,Bourbon,85,2,0,37.85508555,-94.84865997,20011.0,584.8355580019265,2.3529411764705883,83,82,2,0,80,82,14653,3,0,0,3,0
2020-09-02,US,Kansas,Brown,77,3,0,39.82652589,-95.56421698,20013.0,805.1024675867837,3.8961038961038965,74,76,1,0,75,76,9598,1,2,0,-1,0
2020-09-02,US,Kansas,Butler,419,2,0,37.78134351,-96.83878537,20015.0,626.2049588259031,0.47732696897374705,417,416,2,0,414,399,66765,3,0,0,3,17
2020-09-02,US,Kansas,Chase,76,1,0,38.30292938,-96.59563862,20017.0,2870.0906344410882,1.3157894736842106,75,76,1,0,75,65,2629,0,0,0,0,11
2020-09-02,US,Kansas,Chautauqua,9,0,0,37.14994405,-96.2454192,20019.0,276.9230769230769,0.0,9,9,0,0,9,9,3309,0,0,0,0,0
2020-09-02,US,Kansas,Cherokee,260,1,0,37.16928494,-94.8462897,20021.0,1303.977130247254,0.38461538461538464,259,260,1,0,259,246,20015,0,0,0,0,14
2020-09-02,US,Kansas,Cheyenne,8,0,0,39.78580976,-101.7318201,20023.0,301.09145652992095,0.0,8,7,0,0,7,7,2660,1,0,0,1,0
2020-09-02,US,Kansas,Clark,46,1,0,37.23577007,-99.81883015,20025.0,2306.9207622868607,2.1739130434782608,45,46,1,0,45,46,2005,0,0,0,0,0
2020-09-02,US,Kansas,Clay,40,2,0,39.34948772,-97.16518128,20027.0,499.8750312421894,5.0,38,31,2,0,29,31,7997,9,0,0,9,0
2020-09-02,US,Kansas,Cloud,60,0,0,39.48028352,-97.64925343,20029.0,682.9046209879352,0.0,60,59,0,0,59,59,8729,1,0,0,1,0
2020-09-02,US,Kansas,Coffey,88,8,0,38.2365018,-95.73379515,20031.0,1075.926152341362,9.090909090909092,80,81,8,0,73,79,8233,7,0,0,7,2
2020-09-02,US,Kansas,Comanche,9,0,0,37.19114520000001,-99.27113247,20033.0,529.4117647058823,0.0,9,9,0,0,9,9,1748,0,0,0,0,0
2020-09-02,US,Kansas,Cowley,266,3,0,37.23781842,-96.83776647,20035.0,762.0029792597685,1.1278195488721805,263,255,3,0,252,255,35218,11,0,0,11,0
2020-09-02,US,Kansas,Crawford,689,3,0,37.50675523,-94.85245778,20037.0,1774.9497655726725,0.4354136429608128,686,602,3,0,599,602,39019,87,0,0,87,0
2020-09-02,US,Kansas,Decatur,8,0,0,39.78468441,-100.45940809999999,20039.0,282.98549699327907,0.0,8,8,0,0,8,8,2871,0,0,0,0,0
2020-09-02,US,Kansas,Dickinson,84,1,0,38.86600962,-97.15532383,20041.0,454.8900682335103,1.1904761904761905,83,80,1,0,79,80,18717,4,0,0,4,0
2020-09-02,US,Kansas,Doniphan,73,0,0,39.79067154,-95.14056866,20043.0,960.5263157894735,0.0,73,68,0,0,68,68,7682,5,0,0,5,0
2020-09-02,US,Kansas,Douglas,1476,8,0,38.88503636,-95.2925121,20045.0,1207.273084190121,0.5420054200542005,1468,1423,8,0,1415,1378,121436,53,0,0,53,45
2020-09-02,US,Kansas,Edwards,25,0,0,37.88735543,-99.31263309,20047.0,893.4953538241601,0.0,25,25,0,0,25,25,2849,0,0,0,0,0
2020-09-02,US,Kansas,Elk,1,0,0,37.45338105,-96.24369667,20049.0,39.52569169960474,0.0,1,1,0,0,1,1,2508,0,0,0,0,0
2020-09-02,US,Kansas,Ellis,467,1,0,38.91458712,-99.31751551,20051.0,1635.554932931741,0.21413276231263384,466,419,1,0,418,419,28710,48,0,0,48,0
2020-09-02,US,Kansas,Ellsworth,25,0,0,38.69677695,-98.20462799,20053.0,409.70173713536553,0.0,25,25,0,0,25,25,6196,0,0,0,0,0
2020-09-02,US,Kansas,Finney,1901,12,0,38.04340344,-100.73819379999999,20055.0,5212.932240107494,0.631246712256707,1889,1893,12,0,1881,1889,36611,8,0,0,8,4
2020-09-02,US,Kansas,Ford,2367,10,0,37.69200114,-99.88825298,20057.0,7040.661530682054,0.4224757076468103,2357,2329,10,0,2319,2329,33888,38,0,0,38,0
2020-09-02,US,Kansas,Franklin,265,3,0,38.56443815,-95.28644341,20059.0,1037.4256185405575,1.1320754716981132,262,262,3,0,259,262,25631,3,0,0,3,0
2020-09-02,US,Kansas,Geary,228,2,0,38.99871131,-96.7577178,20061.0,719.9242185033154,0.8771929824561403,226,221,2,0,219,216,32594,7,0,0,7,5
2020-09-02,US,Kansas,Gove,11,0,0,38.91588178,-100.4829321,20063.0,417.298937784522,0.0,11,11,0,0,11,11,2612,0,0,0,0,0
2020-09-02,US,Kansas,Graham,25,0,0,39.34987223,-99.88332493,20065.0,1007.252215954875,0.0,25,25,0,0,25,25,2492,0,0,0,0,0
2020-09-02,US,Kansas,Grant,160,3,0,37.56227336,-101.3079758,20067.0,2237.762237762238,1.875,157,160,3,0,157,159,7336,0,0,0,0,1
2020-09-02,US,Kansas,Gray,113,0,0,37.73836671,-100.4369088,20069.0,1887.1075484301932,0.0,113,113,0,0,113,106,6033,0,0,0,0,7
2020-09-02,US,Kansas,Greeley,5,0,0,38.4808095,-101.8061079,20071.0,405.84415584415603,0.0,5,5,0,0,5,5,1227,0,0,0,0,0
2020-09-02,US,Kansas,Greenwood,26,0,0,37.8774388,-96.23250453,20073.0,434.63724506853896,0.0,26,25,0,0,25,25,6055,1,0,0,1,0
2020-09-02,US,Kansas,Hamilton,42,0,0,37.99978709,-101.7921066,20075.0,1654.1945647892871,0.0,42,42,0,0,42,42,2607,0,0,0,0,0
2020-09-02,US,Kansas,Harper,115,1,0,37.19175361,-98.07578384,20077.0,2115.5261221486385,0.8695652173913043,114,112,1,0,111,112,5506,3,0,0,3,0
2020-09-02,US,Kansas,Harvey,299,4,0,38.04293782,-97.42747573,20079.0,868.4539196607512,1.3377926421404682,295,296,4,0,292,293,34210,3,0,0,3,3
2020-09-02,US,Kansas,Haskell,47,0,0,37.562039399999996,-100.8710738,20081.0,1184.475806451613,0.0,47,47,0,0,47,47,3997,0,0,0,0,0
2020-09-02,US,Kansas,Hodgeman,13,0,0,38.08780079,-99.89829881,20083.0,724.6376811594204,0.0,13,13,0,0,13,13,1818,0,0,0,0,0
2020-09-02,US,Kansas,Jackson,211,1,0,39.41673394,-95.79356799,20085.0,1602.0044036140005,0.4739336492890995,210,211,1,0,210,204,13280,0,0,0,0,7
2020-09-02,US,Kansas,Jefferson,123,0,0,39.2347941,-95.38289232,20087.0,645.9066323583469,0.0,123,123,0,0,123,119,18975,0,0,0,0,4
2020-09-02,US,Kansas,Jewell,14,1,0,39.78470589,-98.21820662,20089.0,486.2799583188608,7.142857142857142,13,14,1,0,13,14,2841,0,0,0,0,0
2020-09-02,US,Kansas,Johnson,8436,118,0,38.88548175,-94.82250877,20091.0,1400.3960816798115,1.3987671882408723,8318,8300,117,0,8183,8216,597555,136,1,0,135,84
2020-09-02,US,Kansas,Kearny,74,1,0,38.00017981,-101.32168100000001,20093.0,1928.087545596665,1.351351351351351,73,74,1,0,73,71,3943,0,0,0,0,3
2020-09-02,US,Kansas,Kingman,43,0,0,37.55909527,-98.13638678,20095.0,601.2304250559283,0.0,43,41,0,0,41,41,7310,2,0,0,2,0
2020-09-02,US,Kansas,Kiowa,8,0,0,37.55848695,-99.2856537,20097.0,323.2323232323232,0.0,8,8,0,0,8,8,2516,0,0,0,0,0
2020-09-02,US,Kansas,Labette,193,3,0,37.19113093,-95.29849679,20099.0,983.7903965745744,1.5544041450777202,190,187,3,0,184,183,19964,6,0,0,6,4
2020-09-02,US,Kansas,Lane,7,0,0,38.48119447,-100.46607540000001,20101.0,456.02605863192184,0.0,7,7,0,0,7,7,1560,0,0,0,0,0
2020-09-02,US,Kansas,Leavenworth,1680,9,0,39.20183497,-95.03620809,20103.0,2054.8447858313557,0.5357142857142857,1671,1669,9,0,1660,1669,81352,11,0,0,11,0
2020-09-02,US,Kansas,Lincoln,7,0,0,39.04549684,-98.20756994,20105.0,236.32680621201888,0.0,7,7,0,0,7,7,3023,0,0,0,0,0
2020-09-02,US,Kansas,Linn,56,0,0,38.21267844,-94.84254089,20107.0,577.1410903844172,0.0,56,55,0,0,55,55,9750,1,0,0,1,0
2020-09-02,US,Kansas,Logan,2,0,0,38.91735806,-101.148475,20109.0,71.58196134574086,0.0,2,2,0,0,2,2,2844,0,0,0,0,0
2020-09-02,US,Kansas,Lyon,951,17,0,38.45576156,-96.15275715,20111.0,2864.8892905558064,1.7875920084121977,934,931,17,0,914,931,33406,20,0,0,20,0
2020-09-02,US,Kansas,Marion,67,1,0,38.35855394,-97.09852509999999,20115.0,563.7832379670144,1.492537313432836,66,64,1,0,63,64,11950,3,0,0,3,0
2020-09-02,US,Kansas,Marshall,17,0,0,39.78359669,-96.52278974,20117.0,175.13134851138355,0.0,17,17,0,0,17,17,9722,0,0,0,0,0
2020-09-02,US,Kansas,McPherson,222,1,0,38.39184858,-97.64769869,20113.0,777.8011351692243,0.4504504504504505,221,220,1,0,219,212,28537,2,0,0,2,8
2020-09-02,US,Kansas,Meade,66,0,0,37.23859987,-100.36483100000001,20119.0,1636.4988842053065,0.0,66,64,0,0,64,64,4146,2,0,0,2,0
2020-09-02,US,Kansas,Miami,218,0,0,38.56383358,-94.83832189,20121.0,636.7380319537343,0.0,218,200,0,0,200,200,33680,18,0,0,18,0
2020-09-02,US,Kansas,Mitchell,33,0,0,39.39331582,-98.20906732,20123.0,551.9317611640744,0.0,33,32,0,0,32,32,6150,1,0,0,1,0
2020-09-02,US,Kansas,Montgomery,269,5,0,37.19236568,-95.74329258,20125.0,845.1412234126111,1.858736059479554,264,255,5,0,250,255,32120,14,0,0,14,0
2020-09-02,US,Kansas,Morris,21,0,0,38.68827511,-96.65128437,20127.0,373.6654804270463,0.0,21,20,0,0,20,20,5521,1,0,0,1,0
2020-09-02,US,Kansas,Morton,10,2,0,37.19141121,-101.79925190000002,20129.0,386.54812524159263,20.0,8,10,2,0,8,10,2667,0,0,0,0,0
2020-09-02,US,Kansas,Nemaha,55,1,0,39.78345387,-96.01392079,20131.0,537.5818590558108,1.818181818181818,54,55,1,0,54,55,10155,0,0,0,0,0
2020-09-02,US,Kansas,Neosho,104,0,0,37.55862897,-95.30670046,20133.0,649.7157493596552,0.0,104,104,0,0,104,83,15951,0,0,0,0,21
2020-09-02,US,Kansas,Ness,32,1,0,38.47974157,-99.91547333,20135.0,1163.6363636363635,3.125,31,22,0,0,22,22,2840,10,1,0,9,0
2020-09-02,US,Kansas,Norton,24,0,0,39.78443827,-99.90286639,20137.0,447.6776720761052,0.0,24,23,0,0,23,23,5430,1,0,0,1,0
2020-09-02,US,Kansas,Osage,65,0,0,38.65235984,-95.72707998,20139.0,407.549062637156,0.0,65,65,0,0,65,65,15941,0,0,0,0,0
2020-09-02,US,Kansas,Osborne,4,0,0,39.3503437,-98.76753828,20141.0,116.92487576731949,0.0,4,4,0,0,4,4,3475,0,0,0,0,0
2020-09-02,US,Kansas,Ottawa,46,0,0,39.13237408,-97.65020313,20143.0,806.4516129032259,0.0,46,43,0,0,43,43,5802,3,0,0,3,0
2020-09-02,US,Kansas,Pawnee,240,0,0,38.18108732,-99.23692334,20145.0,3741.814780168381,0.0,240,206,0,0,206,206,6562,34,0,0,34,0
2020-09-02,US,Kansas,Phillips,56,8,0,39.78465501,-99.34668865,20147.0,1069.9273977837215,14.285714285714285,48,56,8,0,48,51,5317,0,0,0,0,5
2020-09-02,US,Kansas,Pottawatomie,170,0,0,39.37925655,-96.34564657,20149.0,697.2070704999385,0.0,170,163,0,0,163,163,24277,7,0,0,7,0
2020-09-02,US,Kansas,Pratt,51,0,0,37.64780729,-98.73922153,20151.0,556.5255347010041,0.0,51,42,0,0,42,42,9378,9,0,0,9,0
2020-09-02,US,Kansas,Rawlins,1,0,0,39.78525843,-101.07616170000001,20153.0,39.52569169960474,0.0,1,1,0,0,1,1,2508,0,0,0,0,0
2020-09-02,US,Kansas,Reno,766,1,0,37.95230263,-98.08607292,20155.0,1235.523726571825,0.13054830287206268,765,756,1,0,755,753,62342,10,0,0,10,3
2020-09-02,US,Kansas,Republic,38,0,0,39.82799632,-97.65036709,20157.0,819.672131147541,0.0,38,36,0,0,36,36,4664,2,0,0,2,0
2020-09-02,US,Kansas,Rice,44,1,0,38.34616184,-98.19992118,20159.0,461.36101499423296,2.272727272727273,43,44,1,0,43,44,9531,0,0,0,0,0
2020-09-02,US,Kansas,Riley,1057,6,0,39.28935726,-96.73420026,20161.0,1423.9142148938465,0.5676442762535477,1051,934,5,0,929,934,73703,123,1,0,122,0
2020-09-02,US,Kansas,Rooks,32,0,0,39.35022773,-99.32484567,20163.0,650.4065040650406,0.0,32,29,0,0,29,29,5013,3,0,0,3,0
2020-09-02,US,Kansas,Rush,21,0,0,38.52275276,-99.30863983,20165.0,691.699604743083,0.0,21,17,0,0,17,17,3093,4,0,0,4,0
2020-09-02,US,Kansas,Russell,18,0,0,38.91462787,-98.76254297,20167.0,262.54375729288216,0.0,18,18,0,0,18,18,6907,0,0,0,0,0
2020-09-02,US,Kansas,Saline,508,9,0,38.78369175,-97.65185177,20169.0,936.8545293596933,1.7716535433070866,499,481,9,0,472,481,54401,27,0,0,27,0
2020-09-02,US,Kansas,Scott,97,1,0,38.48222076,-100.90665390000001,20171.0,2011.1963508189926,1.0309278350515465,96,96,1,0,95,95,4897,1,0,0,1,1
2020-09-02,US,Kansas,Sedgwick,6994,50,0,37.6842718,-97.4608198,20173.0,1355.3160401672733,0.7148984844152131,6944,6949,50,0,6899,6917,513607,45,0,0,45,32
2020-09-02,US,Kansas,Seward,1416,4,0,37.19324632,-100.85072009999999,20175.0,6608.1762180324795,0.2824858757062147,1412,1416,4,0,1412,1380,21780,0,0,0,0,36
2020-09-02,US,Kansas,Shawnee,2203,22,0,39.04100763,-95.75572640000001,20177.0,1245.5123674911658,0.9986382206082616,2181,2203,22,0,2181,2187,177499,0,0,0,0,16
2020-09-02,US,Kansas,Sheridan,10,0,0,39.35018161,-100.44182590000001,20179.0,396.6679888932963,0.0,10,10,0,0,10,10,2533,0,0,0,0,0
2020-09-02,US,Kansas,Sherman,18,0,0,39.35147699,-101.71976240000001,20181.0,304.2082136217678,0.0,18,18,0,0,18,18,5899,0,0,0,0,0
2020-09-02,US,Kansas,Smith,5,0,0,39.78516566,-98.78566062,20183.0,139.54786491766677,0.0,5,4,0,0,4,4,3603,1,0,0,1,0
2020-09-02,US,Kansas,Stafford,42,1,0,38.03100851,-98.71762001,20185.0,1010.587102983638,2.380952380952381,41,31,1,0,30,31,4178,11,0,0,11,0
2020-09-02,US,Kansas,Stanton,22,2,0,37.56304714,-101.78435340000001,20187.0,1096.7098703888337,9.090909090909092,20,21,2,0,19,21,1987,1,0,0,1,0
2020-09-02,US,Kansas,Stevens,72,0,0,37.1923008,-101.3118967,20189.0,1312.6709206927985,0.0,72,68,0,0,68,68,5559,4,0,0,4,0
2020-09-02,US,Kansas,Sumner,128,3,0,37.23682549,-97.47721621,20191.0,560.5184795936241,2.34375,125,121,3,0,118,121,22996,7,0,0,7,0
2020-09-02,US,Kansas,Thomas,54,0,0,39.35107575,-101.0553705,20193.0,694.3551498006942,0.0,54,54,0,0,54,53,7711,0,0,0,0,1
2020-09-02,US,Kansas,Trego,26,1,0,38.91467218,-99.87284448,20195.0,927.577595433464,3.8461538461538463,25,26,1,0,25,26,2793,0,0,0,0,0
2020-09-02,US,Kansas,Wabaunsee,58,0,0,38.95471985,-96.20350509,20197.0,836.8200836820082,0.0,58,56,0,0,56,56,6899,2,0,0,2,0
2020-09-02,US,Kansas,Wallace,5,0,0,38.91686134,-101.76388759999999,20199.0,329.3807641633729,0.0,5,5,0,0,5,4,1503,0,0,0,0,1
2020-09-02,US,Kansas,Washington,12,0,0,39.78420784,-97.08753229999999,20201.0,221.97558268590458,0.0,12,9,0,0,9,9,5420,3,0,0,3,0
2020-09-02,US,Kansas,Wichita,4,0,0,38.48178252,-101.3471509,20203.0,188.76828692779614,0.0,4,4,0,0,4,4,2105,0,0,0,0,0
2020-09-02,US,Kansas,Wilson,16,0,0,37.55937174,-95.74323255,20205.0,187.68328445747798,0.0,16,16,0,0,16,16,8665,0,0,0,0,0
2020-09-02,US,Kansas,Woodson,12,0,0,37.8865336,-95.74006277,20207.0,382.4091778202677,0.0,12,12,0,0,12,12,3183,0,0,0,0,0
2020-09-02,US,Kansas,Wyandotte,6091,114,0,39.11727348,-94.76378225,20209.0,3681.9421020498216,1.8716138565096043,5977,6057,114,0,5943,6029,165324,34,0,0,34,28
2020-09-02,US,Kentucky,Adair,267,19,0,37.10459774,-85.28129668,21001.0,1390.480158316842,7.116104868913858,248,263,19,0,244,260,19215,4,0,0,4,3
2020-09-02,US,Kentucky,Allen,255,9,0,36.75197631,-86.19457544,21003.0,1196.3406052076002,3.5294117647058822,246,254,9,0,245,253,21122,1,0,0,1,1
2020-09-02,US,Kentucky,Anderson,119,1,0,38.00671029,-84.99171713,21005.0,523.1459093506836,0.8403361344537815,118,118,1,0,117,115,22663,1,0,0,1,3
2020-09-02,US,Kentucky,Ballard,43,1,0,37.05842757,-88.99427697,21007.0,545.131845841785,2.3255813953488373,42,43,0,0,43,42,7979,0,1,0,-1,1
2020-09-02,US,Kentucky,Barren,512,8,0,36.96469836,-85.93338945,21009.0,1157.0882957806955,1.5625,504,504,8,0,496,499,44176,8,0,0,8,5
2020-09-02,US,Kentucky,Bath,68,1,0,38.14735938,-83.74588932,21011.0,544.0,1.4705882352941178,67,66,1,0,65,65,12383,2,0,0,2,1
2020-09-02,US,Kentucky,Bell,409,8,0,36.73355174,-83.67766671,21013.0,1571.143208358943,1.9559902200489,401,400,7,0,393,395,26569,9,1,0,8,5
2020-09-02,US,Kentucky,Boone,1321,25,0,38.97065142,-84.72615357,21015.0,988.9130939280287,1.8925056775170328,1296,1307,25,0,1282,1296,131533,14,0,0,14,11
2020-09-02,US,Kentucky,Bourbon,119,1,0,38.2054607,-84.21827874,21017.0,601.3745704467352,0.8403361344537815,118,116,1,0,115,114,20184,3,0,0,3,2
2020-09-02,US,Kentucky,Boyd,254,4,0,38.36176608,-82.68652187,21019.0,543.687657862066,1.5748031496062993,250,245,4,0,241,241,47240,9,0,0,9,4
2020-09-02,US,Kentucky,Boyle,216,0,0,37.62680923,-84.8633779,21021.0,718.5628742514972,0.0,216,210,0,0,210,208,30100,6,0,0,6,2
2020-09-02,US,Kentucky,Bracken,37,0,0,38.69158994,-84.08532444,21023.0,445.6220643141034,0.0,37,37,0,0,37,37,8239,0,0,0,0,0
2020-09-02,US,Kentucky,Breathitt,56,0,0,37.52333168,-83.31959161,21025.0,443.3887569279493,0.0,56,56,0,0,56,55,12726,0,0,0,0,1
2020-09-02,US,Kentucky,Breckinridge,100,2,0,37.77377239,-86.42885017,21027.0,488.3527860526444,2.0,98,100,2,0,98,99,20388,0,0,0,0,1
2020-09-02,US,Kentucky,Bullitt,643,5,0,37.97162523,-85.68955617,21029.0,787.2569665507616,0.7776049766718507,638,633,5,0,628,621,81069,10,0,0,10,12
2020-09-02,US,Kentucky,Butler,322,16,0,37.20946153,-86.68748787,21031.0,2500.19411444988,4.9689440993788825,306,322,16,0,306,320,12772,0,0,0,0,2
2020-09-02,US,Kentucky,Caldwell,84,0,0,37.14749129,-87.86948214,21033.0,658.9785831960461,0.0,84,84,0,0,84,79,12715,0,0,0,0,5
2020-09-02,US,Kentucky,Calloway,423,7,0,36.62093411,-88.2731593,21035.0,1084.5875746775723,1.6548463356973997,416,419,7,0,412,413,39135,4,0,0,4,6
2020-09-02,US,Kentucky,Campbell,711,15,0,38.94384345,-84.37875208,21037.0,759.7452555992478,2.109704641350211,696,711,17,0,694,701,93152,0,-2,0,2,10
2020-09-02,US,Kentucky,Carlisle,61,1,0,36.85372876,-88.96692220000001,21039.0,1281.5126050420167,1.639344262295082,60,61,1,0,60,61,4771,0,0,0,0,0
2020-09-02,US,Kentucky,Carroll,191,4,0,38.66599534,-85.12601074,21041.0,1796.6324898880634,2.094240837696335,187,192,4,0,188,189,10737,-1,0,0,-1,3
2020-09-02,US,Kentucky,Carter,127,3,0,38.31690743,-83.05092385,21043.0,473.93364928909966,2.3622047244094486,124,120,3,0,117,116,27004,7,0,0,7,4
2020-09-02,US,Kentucky,Casey,249,15,0,37.32533118,-84.92726209,21045.0,1540.9369391670275,6.024096385542169,234,247,13,0,234,247,15888,2,2,0,0,0
2020-09-02,US,Kentucky,Christian,872,13,0,36.89267803,-87.49055367,21047.0,1237.5640425199754,1.4908256880733946,859,869,12,0,857,861,71671,3,1,0,2,8
2020-09-02,US,Kentucky,Clark,259,8,0,37.9689263,-84.14615986,21049.0,714.2266221768747,3.088803088803089,251,255,8,0,247,249,36249,4,0,0,4,6
2020-09-02,US,Kentucky,Clay,221,6,0,37.16451126,-83.712575,21051.0,1110.4969599517613,2.7149321266968327,215,221,6,0,215,214,20105,0,0,0,0,7
2020-09-02,US,Kentucky,Clinton,71,1,0,36.72581156,-85.13377529,21053.0,694.8522215697789,1.4084507042253518,70,71,1,0,70,71,10206,0,0,0,0,0
2020-09-02,US,Kentucky,Crittenden,67,1,0,37.35839237,-88.08826090000002,21055.0,760.8448784919373,1.492537313432836,66,60,1,0,59,52,8915,7,0,0,7,8
2020-09-02,US,Kentucky,Cumberland,89,0,0,36.78926125,-85.39050034,21057.0,1345.6304807983067,0.0,89,89,0,0,89,88,6659,0,0,0,0,1
2020-09-02,US,Kentucky,Daviess,991,11,0,37.73028906,-87.09019479999998,21059.0,976.2488794317856,1.1099899091826435,980,978,11,0,967,961,101104,13,0,0,13,17
2020-09-02,US,Kentucky,Edmonson,118,12,0,37.21218923,-86.23955613,21061.0,971.19341563786,10.169491525423727,106,118,12,0,106,117,12274,0,0,0,0,1
2020-09-02,US,Kentucky,Elliott,28,0,0,38.11624059,-83.09771563,21063.0,372.4890248769456,0.0,28,25,0,0,25,25,7508,3,0,0,3,0
2020-09-02,US,Kentucky,Estill,53,0,0,37.69241417,-83.95956369,21065.0,375.7266411456118,0.0,53,45,0,0,45,43,14198,8,0,0,8,2
2020-09-02,US,Kentucky,Fayette,4326,57,0,38.0368225,-84.45576892,21067.0,1338.6889141951774,1.317614424410541,4269,4266,55,0,4211,4188,323780,60,2,0,58,78
2020-09-02,US,Kentucky,Fleming,72,0,0,38.36758311,-83.69657514,21069.0,493.79329264110834,0.0,72,73,0,0,73,71,14432,-1,0,0,-1,2
2020-09-02,US,Kentucky,Floyd,150,2,0,37.56213922,-82.74750924,21071.0,421.47854674197083,1.3333333333333333,148,148,2,0,146,145,35845,2,0,0,2,3
2020-09-02,US,Kentucky,Franklin,483,11,0,38.2379395,-84.87962551,21073.0,947.2259810554804,2.2774327122153206,472,481,11,0,470,466,50815,2,0,0,2,15
2020-09-02,US,Kentucky,Fulton,122,2,0,36.55238827,-89.20140068,21075.0,2043.8934494890266,1.639344262295082,120,120,2,0,118,120,6120,2,0,0,2,0
2020-09-02,US,Kentucky,Gallatin,93,8,0,38.75398691,-84.8558382,21077.0,1048.59623407374,8.602150537634408,85,95,8,0,87,93,8832,-2,0,0,-2,2
2020-09-02,US,Kentucky,Garrard,131,2,0,37.638866799999995,-84.53289319,21079.0,741.5374165062833,1.5267175572519085,129,128,2,0,126,122,17560,3,0,0,3,6
2020-09-02,US,Kentucky,Grant,137,6,0,38.64962758,-84.62415957,21081.0,546.4916829550441,4.37956204379562,131,136,6,0,130,136,25121,1,0,0,1,0
2020-09-02,US,Kentucky,Graves,656,29,0,36.72292505,-88.65143315,21083.0,1760.3177158804272,4.420731707317073,627,648,29,0,619,646,37317,8,0,0,8,2
2020-09-02,US,Kentucky,Grayson,268,12,0,37.46231118,-86.34248968,21085.0,1014.1143527452983,4.477611940298506,256,261,12,0,249,259,26321,7,0,0,7,2
2020-09-02,US,Kentucky,Green,168,7,0,37.26484328,-85.5540745,21087.0,1535.5086372360845,4.166666666666667,161,162,7,0,155,158,11049,6,0,0,6,4
2020-09-02,US,Kentucky,Greenup,225,2,0,38.54332505,-82.9215658,21089.0,641.0621687845461,0.8888888888888888,223,210,2,0,208,199,35268,15,0,0,15,11
2020-09-02,US,Kentucky,Hancock,59,0,0,37.83766422,-86.78280584,21091.0,676.4503554230681,0.0,59,59,0,0,59,57,8758,0,0,0,0,2
2020-09-02,US,Kentucky,Hardin,945,9,0,37.6976111,-85.96319251,21093.0,851.6736062293843,0.9523809523809524,936,939,9,0,930,917,110356,6,0,0,6,22
2020-09-02,US,Kentucky,Harlan,315,8,0,36.85699301,-83.21899516,21095.0,1211.0726643598614,2.5396825396825395,307,306,8,0,298,299,26409,9,0,0,9,7
2020-09-02,US,Kentucky,Harrison,158,0,0,38.44188174,-84.32869741,21097.0,836.598538600021,0.0,158,155,0,0,155,151,18778,3,0,0,3,4
2020-09-02,US,Kentucky,Hart,134,1,0,37.29943898,-85.88461055,21099.0,703.9663777252431,0.746268656716418,133,131,1,0,130,130,18906,3,0,0,3,1
2020-09-02,US,Kentucky,Henderson,438,3,0,37.79344553,-87.57392021,21101.0,968.8122096881224,0.6849315068493149,435,430,3,0,427,424,45591,8,0,0,8,6
2020-09-02,US,Kentucky,Henry,164,2,0,38.44942688,-85.11587507,21103.0,1016.9911943445368,1.2195121951219512,162,162,2,0,160,162,16106,2,0,0,2,0
2020-09-02,US,Kentucky,Hickman,68,0,0,36.67948079999999,-88.97875928,21105.0,1552.5114155251142,0.0,68,68,0,0,68,66,4421,0,0,0,0,2
2020-09-02,US,Kentucky,Hopkins,523,36,0,37.30939025,-87.54670406,21107.0,1170.3889361321221,6.8833652007648185,487,518,36,0,482,514,45068,5,0,0,5,4
2020-09-02,US,Kentucky,Jackson,255,15,0,37.41866422,-83.99825483,21109.0,1913.1217645734866,5.882352941176472,240,243,15,0,228,226,13442,12,0,0,12,17
2020-09-02,US,Kentucky,Jefferson,12192,265,0,38.18664655,-85.65931031,21111.0,1590.0735174246859,2.1735564304461943,11927,11987,265,0,11722,11851,770517,205,0,0,205,136
2020-09-02,US,Kentucky,Jessamine,471,0,0,37.87119786,-84.58252003,21113.0,870.3686593365981,0.0,471,461,0,0,461,457,53920,10,0,0,10,4
2020-09-02,US,Kentucky,Johnson,127,1,0,37.85106355,-82.8264322,21115.0,572.3814674598882,0.7874015748031497,126,124,1,0,123,121,22386,3,0,0,3,3
2020-09-02,US,Kentucky,Kenton,1756,43,0,38.93950319,-84.53241199,21117.0,1051.5095989173524,2.44874715261959,1713,1720,41,0,1679,1716,166051,36,2,0,34,4
2020-09-02,US,Kentucky,Knott,92,1,0,37.35388197,-82.94981134,21119.0,621.3697149804134,1.0869565217391304,91,89,1,0,88,89,15126,3,0,0,3,0
2020-09-02,US,Kentucky,Knox,367,9,0,36.89225732,-83.85403396,21121.0,1178.3592872050087,2.4523160762942777,358,361,9,0,352,357,31304,6,0,0,6,4
2020-09-02,US,Kentucky,Larue,90,1,0,37.54567114,-85.70138352,21123.0,625.0868176135574,1.1111111111111112,89,87,1,0,86,83,14307,3,0,0,3,4
2020-09-02,US,Kentucky,Laurel,588,5,0,37.10975748,-84.11321779,21125.0,966.8985249864336,0.8503401360544217,583,584,5,0,579,565,60669,4,0,0,4,19
2020-09-02,US,Kentucky,Lawrence,46,0,0,38.07136018,-82.72882223,21127.0,300.31990598681205,0.0,46,44,0,0,44,43,15571,2,0,0,2,1
2020-09-02,US,Kentucky,Lee,13,0,0,37.59645942,-83.71513901,21129.0,175.6044846683777,0.0,13,12,0,0,12,12,7033,1,0,0,1,0
2020-09-02,US,Kentucky,Leslie,41,0,0,37.09246661,-83.37999606,21131.0,415.10580135668727,0.0,41,40,0,0,40,40,10143,1,0,0,1,0
2020-09-02,US,Kentucky,Letcher,75,2,0,37.12306748,-82.85346474,21133.0,347.97939961954245,2.6666666666666665,73,73,2,0,71,73,21899,2,0,0,2,0
2020-09-02,US,Kentucky,Lewis,176,10,0,38.53184419,-83.37735618,21135.0,1325.8003766478346,5.6818181818181825,166,167,10,0,157,163,13257,9,0,0,9,4
2020-09-02,US,Kentucky,Lincoln,141,10,0,37.45475628,-84.6565327,21137.0,574.3614811193937,7.092198581560282,131,141,9,0,132,139,24644,0,1,0,-1,2
2020-09-02,US,Kentucky,Livingston,52,1,0,37.21137452,-88.34797529,21139.0,565.5862519034152,1.9230769230769231,51,48,1,0,47,47,9242,4,0,0,4,1
2020-09-02,US,Kentucky,Logan,427,26,0,36.85949479,-86.877635,21141.0,1575.5294812190982,6.088992974238876,401,423,26,0,397,420,26989,4,0,0,4,3
2020-09-02,US,Kentucky,Lyon,41,4,0,37.02080035,-88.07886257,21143.0,499.39098660170527,9.75609756097561,37,40,4,0,36,38,8009,1,0,0,1,2
2020-09-02,US,Kentucky,Madison,1107,3,0,37.71659336,-84.27220275,21151.0,1190.488993085055,0.27100271002710025,1104,1085,3,0,1082,1020,92368,22,0,0,22,65
2020-09-02,US,Kentucky,Magoffin,68,0,0,37.70820545,-83.0657714,21153.0,559.1645423896061,0.0,68,67,0,0,67,67,12362,1,0,0,1,0
2020-09-02,US,Kentucky,Marion,174,2,0,37.55218078,-85.26898542,21155.0,902.8174129611374,1.1494252873563218,172,172,2,0,170,173,19404,2,0,0,2,-1
2020-09-02,US,Kentucky,Marshall,199,2,0,36.88007070000001,-88.32803576,21157.0,639.871382636656,1.0050251256281406,197,193,2,0,191,188,31191,6,0,0,6,5
2020-09-02,US,Kentucky,Martin,59,2,0,37.79990579,-82.51247478,21159.0,527.0209915140688,3.3898305084745757,57,58,1,0,57,55,11323,1,1,0,0,3
2020-09-02,US,Kentucky,Mason,99,2,0,38.59471935,-83.82151043,21161.0,579.9648506151142,2.0202020202020203,97,97,2,0,95,89,17150,2,0,0,2,8
2020-09-02,US,Kentucky,McCracken,525,6,0,37.05350953,-88.70445755,21145.0,802.5314133724663,1.1428571428571428,519,516,6,0,510,510,65346,9,0,0,9,6
2020-09-02,US,Kentucky,McCreary,103,0,0,36.73874143,-84.48102924,21147.0,597.7598514305612,0.0,103,98,0,0,98,94,17408,5,0,0,5,4
2020-09-02,US,Kentucky,McLean,54,1,0,37.5301951,-87.26803443,21149.0,586.5102639296188,1.851851851851852,53,53,1,0,52,53,9252,1,0,0,1,0
2020-09-02,US,Kentucky,Meade,128,3,0,37.96163597,-86.21028219,21163.0,447.9910401791964,2.34375,125,126,3,0,123,125,28715,2,0,0,2,1
2020-09-02,US,Kentucky,Menifee,34,0,0,37.94090733,-83.59985712,21165.0,523.9636307597473,0.0,34,34,0,0,34,33,6451,0,0,0,0,1
2020-09-02,US,Kentucky,Mercer,124,1,0,37.81474237,-84.87488475,21167.0,565.3581361418868,0.8064516129032258,123,122,1,0,121,112,21774,2,0,0,2,10
2020-09-02,US,Kentucky,Metcalfe,82,2,0,36.99459295,-85.63123699,21169.0,814.2190447820474,2.4390243902439024,80,82,2,0,80,81,10030,0,0,0,0,1
2020-09-02,US,Kentucky,Monroe,150,3,0,36.71225341,-85.71596443,21171.0,1408.4507042253522,2.0,147,144,3,0,141,140,10718,6,0,0,6,4
2020-09-02,US,Kentucky,Montgomery,201,1,0,38.03253032,-83.9145241,21173.0,713.8544589267321,0.4975124378109453,200,199,1,0,198,192,28203,2,0,0,2,7
2020-09-02,US,Kentucky,Morgan,49,0,0,37.92465657,-83.25558245,21175.0,368.17191374258016,0.0,49,47,0,0,47,46,13345,2,0,0,2,1
2020-09-02,US,Kentucky,Muhlenberg,662,11,0,37.21425819,-87.14632053,21177.0,2161.844425576383,1.661631419939577,651,662,11,0,651,660,30774,0,0,0,0,2
2020-09-02,US,Kentucky,Nelson,363,2,0,37.80335779,-85.4657193,21179.0,785.1534618129907,0.5509641873278237,361,334,2,0,332,332,45851,29,0,0,29,2
2020-09-02,US,Kentucky,Nicholas,25,1,0,38.33342292,-84.01889177,21181.0,343.9262622093824,4.0,24,23,1,0,22,22,7166,2,0,0,2,1
2020-09-02,US,Kentucky,Ohio,388,9,0,37.47751843,-86.85368087,21183.0,1617.0709344002667,2.31958762886598,379,386,9,0,377,386,24087,2,0,0,2,0
2020-09-02,US,Kentucky,Oldham,842,24,0,38.39791089,-85.448222,21185.0,1260.497911645384,2.8503562945368173,818,838,23,0,815,819,66470,4,1,0,3,19
2020-09-02,US,Kentucky,Owen,83,1,0,38.51679143,-84.82404619,21187.0,761.3980368773508,1.2048192771084338,82,80,1,0,79,81,10880,3,0,0,3,-1
2020-09-02,US,Kentucky,Owsley,34,0,0,37.42823949,-83.68811419,21189.0,770.1019252548132,0.0,34,34,0,0,34,34,4472,0,0,0,0,0
2020-09-02,US,Kentucky,Pendleton,65,0,0,38.69607718,-84.35599463,21191.0,445.5106237148732,0.0,65,64,0,0,64,63,14529,1,0,0,1,1
2020-09-02,US,Kentucky,Perry,291,8,0,37.25023553,-83.22922731,21193.0,1129.7460982995574,2.7491408934707904,283,289,7,0,282,287,26092,2,1,0,1,2
2020-09-02,US,Kentucky,Pike,324,3,0,37.47088263,-82.39487445,21195.0,559.8175409496164,0.925925925925926,321,318,3,0,315,317,58402,6,0,0,6,1
2020-09-02,US,Kentucky,Powell,76,0,0,37.83218794,-83.82553961,21197.0,614.9364835342665,0.0,76,75,0,0,75,75,12442,1,0,0,1,0
2020-09-02,US,Kentucky,Pulaski,559,7,0,37.10466131,-84.57629079,21199.0,860.2779359485373,1.2522361359570662,552,547,7,0,540,536,64623,12,0,0,12,11
2020-09-02,US,Kentucky,Robertson,8,0,0,38.51923469,-84.05055616,21201.0,379.5066413662239,0.0,8,6,0,0,6,6,2135,2,0,0,2,0
2020-09-02,US,Kentucky,Rockcastle,129,0,0,37.36642393,-84.31176452,21203.0,772.6864330637918,0.0,129,123,0,0,123,122,16750,6,0,0,6,1
2020-09-02,US,Kentucky,Rowan,175,0,0,38.19484205,-83.42088935,21205.0,715.4538021259198,0.0,175,167,0,0,167,159,24583,8,0,0,8,8
2020-09-02,US,Kentucky,Russell,191,6,0,36.99308373,-85.06070117,21207.0,1065.669809741673,3.141361256544503,185,186,6,0,180,175,17821,5,0,0,5,11
2020-09-02,US,Kentucky,Scott,604,5,0,38.29622293,-84.5816631,21209.0,1059.5747666830398,0.8278145695364238,599,587,5,0,582,572,56031,17,0,0,17,15
2020-09-02,US,Kentucky,Shelby,915,23,0,38.21476019,-85.194223,21211.0,1866.432767624021,2.5136612021857925,892,909,23,0,886,902,48518,6,0,0,6,7
2020-09-02,US,Kentucky,Simpson,219,7,0,36.74058474,-86.58047435,21213.0,1179.1944863234978,3.1963470319634704,212,215,7,0,208,207,18529,4,0,0,4,8
2020-09-02,US,Kentucky,Spencer,171,0,0,38.03223971,-85.32749335,21215.0,883.6752622603482,0.0,171,169,0,0,169,169,18794,2,0,0,2,0
2020-09-02,US,Kentucky,Taylor,207,5,0,37.3677562,-85.3329931,21217.0,803.2907757382902,2.415458937198068,202,205,5,0,200,203,25549,2,0,0,2,2
2020-09-02,US,Kentucky,Todd,151,5,0,36.8381152,-87.17878374,21219.0,1228.2414185781681,3.3112582781456954,146,146,0,0,146,139,12311,5,5,0,0,7
2020-09-02,US,Kentucky,Trigg,94,0,0,36.80767017,-87.87333656,21221.0,641.5944304143062,0.0,94,90,0,0,90,86,14643,4,0,0,4,4
2020-09-02,US,Kentucky,Trimble,48,0,0,38.61056487,-85.33775972,21223.0,566.6391217093612,0.0,48,46,0,0,46,46,8515,2,0,0,2,0
2020-09-02,US,Kentucky,Union,103,1,0,37.66166713,-87.94300009,21225.0,716.2227939642586,0.9708737864077671,102,98,1,0,97,95,14505,5,0,0,5,3
2020-09-02,US,Kentucky,Warren,3388,28,0,36.99903045,-86.42672751,21227.0,2549.361907055141,0.8264462809917356,3360,3344,26,0,3318,3305,131264,44,2,0,42,39
2020-09-02,US,Kentucky,Washington,124,1,0,37.75599461,-85.17407732,21229.0,1025.2170318313354,0.8064516129032258,123,124,1,0,123,122,12084,0,0,0,0,2
2020-09-02,US,Kentucky,Wayne,97,0,0,36.80310688,-84.8251971,21231.0,477.05700093444153,0.0,97,97,0,0,97,95,20468,0,0,0,0,2
2020-09-02,US,Kentucky,Webster,109,2,0,37.52168356,-87.67989953,21233.0,842.2191315098129,1.834862385321101,107,108,2,0,106,99,13111,1,0,0,1,9
2020-09-02,US,Kentucky,Whitley,207,2,0,36.75700531,-84.14541217,21235.0,570.8140304434147,0.966183574879227,205,203,2,0,201,197,36242,4,0,0,4,6
2020-09-02,US,Kentucky,Wolfe,27,0,0,37.73941626,-83.49303612,21237.0,377.253038982814,0.0,27,27,0,0,27,27,7177,0,0,0,0,0
2020-09-02,US,Kentucky,Woodford,215,0,0,38.04178222,-84.7417556,21239.0,804.2193461509688,0.0,215,213,0,0,213,210,26533,2,0,0,2,3
2020-09-02,US,Louisiana,Acadia,2821,93,0,30.295064899999996,-92.41419698,22001.0,4546.699975823999,3.2967032967032965,2728,2817,93,0,2724,2809,62190,4,0,0,4,8
2020-09-02,US,Louisiana,Allen,1447,40,0,30.65385745,-92.82442028,22003.0,5646.388574550279,2.7643400138217,1407,1441,40,0,1401,1447,25605,6,0,0,6,-6
2020-09-02,US,Louisiana,Ascension,3395,92,0,30.20406249,-90.91328409999998,22005.0,2681.589839183597,2.709867452135493,3303,3377,92,0,3285,3344,124672,18,0,0,18,33
2020-09-02,US,Louisiana,Assumption,670,22,0,29.89946234,-91.06461642,22007.0,3060.618519026084,3.2835820895522385,648,669,22,0,647,667,22300,1,0,0,1,2
2020-09-02,US,Louisiana,Avoyelles,1303,46,0,31.07796211,-92.00079449,22009.0,3245.815065763253,3.5303146584804304,1257,1294,45,0,1249,1285,40462,9,1,0,8,9
2020-09-02,US,Louisiana,Beauregard,944,31,0,30.64836518,-93.34173616,22011.0,2517.534736112222,3.2838983050847457,913,941,31,0,910,942,37253,3,0,0,3,-1
2020-09-02,US,Louisiana,Bienville,421,32,0,32.34569994,-93.05398492,22013.0,3179.518163280719,7.600950118764845,389,418,32,0,386,414,13308,3,0,0,3,4
2020-09-02,US,Louisiana,Bossier,2732,93,0,32.67932307,-93.60460152,22015.0,2150.5207062398167,3.4040995607613467,2639,2728,92,0,2636,2703,127185,4,1,0,3,25
2020-09-02,US,Louisiana,Caddo,7482,323,0,32.57991587,-93.88375652,22017.0,3114.852375480841,4.3170275327452545,7159,7452,322,0,7130,7417,242922,30,1,0,29,35
2020-09-02,US,Louisiana,Calcasieu,7442,192,0,30.22931235,-93.35400434,22019.0,3658.1529326176287,2.579951625907014,7250,7445,190,0,7255,7441,203112,-3,2,0,-5,4
2020-09-02,US,Louisiana,Caldwell,282,3,0,32.0902519,-92.11752148,22021.0,2843.3151845130064,1.0638297872340423,279,280,3,0,277,279,9960,2,0,0,2,1
2020-09-02,US,Louisiana,Cameron,206,1,0,29.87592238,-93.19310676,22023.0,2954.2521153018793,0.4854368932038835,205,208,1,0,207,202,6968,-2,0,0,-2,6
2020-09-02,US,Louisiana,Catahoula,381,6,0,31.66778967,-91.84526385,22025.0,4013.0608805561405,1.5748031496062993,375,375,6,0,369,371,9608,6,0,0,6,4
2020-09-02,US,Louisiana,Claiborne,389,13,0,32.82308512,-92.99526883,22027.0,2482.4505424377794,3.341902313624679,376,380,13,0,367,376,15944,9,0,0,9,4
2020-09-02,US,Louisiana,Concordia,450,10,0,31.44817835,-91.63814433,22029.0,2336.569915364245,2.2222222222222223,440,436,10,0,426,433,19572,14,0,0,14,3
2020-09-02,US,Louisiana,De Soto,820,33,0,32.05457447,-93.74130302,22031.0,2985.83548774715,4.024390243902439,787,818,33,0,785,817,27436,2,0,0,2,1
2020-09-02,US,Louisiana,East Baton Rouge,13911,417,0,30.53842039,-91.09777565,22033.0,3161.167025330695,2.997627776579685,13494,13826,414,0,13412,13778,440956,85,3,0,82,48
2020-09-02,US,Louisiana,East Carroll,530,3,0,32.73926954,-91.23425694,22035.0,7724.821454598455,0.5660377358490566,527,529,3,0,526,533,7037,1,0,0,1,-4
2020-09-02,US,Louisiana,East Feliciana,1181,45,0,30.84425359,-91.04976723,22037.0,6171.936242487588,3.8103302286198137,1136,1102,45,0,1057,1092,19305,79,0,0,79,10
2020-09-02,US,Louisiana,Evangeline,1134,27,0,30.72985248,-92.39915924,22039.0,3395.717921844588,2.380952380952381,1107,1118,27,0,1091,1119,33443,16,0,0,16,-1
2020-09-02,US,Louisiana,Franklin,1093,31,0,32.13675181,-91.67589857,22041.0,5460.904321758681,2.8362305580969807,1062,1088,31,0,1057,1086,20156,5,0,0,5,2
2020-09-02,US,Louisiana,Grant,438,30,0,31.59882456,-92.56124347,22043.0,1956.3178346509449,6.849315068493151,408,435,28,0,407,430,22482,3,2,0,1,5
2020-09-02,US,Louisiana,Iberia,2738,87,0,29.86803617,-91.75871777,22045.0,3920.950880710297,3.1775018261504746,2651,2717,87,0,2630,2715,70941,21,0,0,21,2
2020-09-02,US,Louisiana,Iberville,1339,55,0,30.25734305,-91.3499598,22047.0,4118.6060102734455,4.107542942494399,1284,1344,54,0,1290,1332,32721,-5,1,0,-6,12
2020-09-02,US,Louisiana,Jackson,485,21,0,32.30251776,-92.55692092,22049.0,3080.538617886179,4.3298969072164954,464,475,21,0,454,477,15902,10,0,0,10,-2
2020-09-02,US,Louisiana,Jefferson,16575,549,0,29.74075478,-90.11115756,22051.0,3832.431969997203,3.3122171945701355,16026,16526,549,0,15977,16461,434051,49,0,0,49,65
2020-09-02,US,Louisiana,Jefferson Davis,1167,36,0,30.26896765,-92.81210004,22053.0,3720.3519510328997,3.0848329048843186,1131,1166,36,0,1130,1160,31582,1,0,0,1,6
2020-09-02,US,Louisiana,LaSalle,395,5,0,31.67884782,-92.15907765,22059.0,2652.4308353478377,1.2658227848101269,390,391,5,0,386,381,14917,4,0,0,4,10
2020-09-02,US,Louisiana,Lafayette,8339,111,0,30.2049055,-92.06959876,22055.0,3412.169074021032,1.3310948554982611,8228,8275,111,0,8164,8275,242782,64,0,0,64,0
2020-09-02,US,Louisiana,Lafourche,3298,110,0,29.52470226,-90.40976986,22057.0,3378.613723441309,3.335354760460885,3188,3284,109,0,3175,3268,98115,14,1,0,13,16
2020-09-02,US,Louisiana,Lincoln,930,40,0,32.6003154,-92.66597409999999,22061.0,1989.645286894014,4.301075268817204,890,912,40,0,872,906,47196,18,0,0,18,6
2020-09-02,US,Louisiana,Livingston,3429,66,0,30.44143993,-90.73061664,22063.0,2435.5595962752773,1.9247594050743655,3363,3405,66,0,3339,3364,139567,24,0,0,24,41
2020-09-02,US,Louisiana,Madison,831,7,0,32.36918118,-91.23973355,22065.0,7588.348096064285,0.8423586040914561,824,825,7,0,818,791,11161,6,0,0,6,34
2020-09-02,US,Louisiana,Morehouse,615,17,0,32.81686191,-91.80421614,22067.0,2472.461204470532,2.7642276422764227,598,602,17,0,585,597,25398,13,0,0,13,5
2020-09-02,US,Louisiana,Natchitoches,924,23,0,31.72321584,-93.09816516,22069.0,2421.5105613501755,2.4891774891774894,901,922,23,0,899,919,38659,2,0,0,2,3
2020-09-02,US,Louisiana,Orleans,11687,578,0,30.06971951,-89.92660315,22071.0,2995.560613517061,4.945666124754,11109,11573,577,0,10996,11514,391006,114,1,0,113,59
2020-09-02,US,Louisiana,Ouachita,5527,129,0,32.47645559,-92.15704172,22073.0,3605.842939998304,2.333996743260358,5398,5509,129,0,5380,5481,154475,18,0,0,18,28
2020-09-02,US,Louisiana,Plaquemines,590,19,0,29.42245447,-89.60322085,22075.0,2543.4323403888434,3.2203389830508478,571,538,19,0,519,525,23410,52,0,0,52,13
2020-09-02,US,Louisiana,Pointe Coupee,963,37,0,30.71409502,-91.60209535,22077.0,4431.661297745053,3.842159916926272,926,957,37,0,920,948,21940,6,0,0,6,9
2020-09-02,US,Louisiana,Rapides,3849,135,0,31.19778499,-92.52997303,22079.0,2968.8078489448353,3.5074045206547155,3714,3839,135,0,3704,3833,130562,10,0,0,10,6
2020-09-02,US,Louisiana,Red River,322,20,0,32.09530039,-93.34213308,22081.0,3814.2620232172467,6.211180124223603,302,321,20,0,301,320,8477,1,0,0,1,1
2020-09-02,US,Louisiana,Richland,703,10,0,32.41391005,-91.76634876,22083.0,3493.6885001490905,1.4224751066856332,693,696,9,0,687,687,20192,7,1,0,6,9
2020-09-02,US,Louisiana,Sabine,758,13,0,31.56388699,-93.55433981,22085.0,3173.6727516328924,1.7150395778364116,745,750,13,0,737,743,24032,8,0,0,8,7
2020-09-02,US,Louisiana,St. Bernard,1244,27,0,29.87761636,-89.51887093,22087.0,2633.138599610533,2.170418006430868,1217,1242,27,0,1215,1238,46721,2,0,0,2,4
2020-09-02,US,Louisiana,St. Charles,1660,56,0,29.90709658,-90.35555967,22089.0,3126.1770244821087,3.3734939759036147,1604,1660,56,0,1604,1648,52879,0,0,0,0,12
2020-09-02,US,Louisiana,St. Helena,373,2,0,30.82210324,-90.71013176,22091.0,3681.405448085274,0.5361930294906166,371,373,2,0,371,365,10262,0,0,0,0,8
2020-09-02,US,Louisiana,St. James,767,36,0,30.02531716,-90.80212061,22093.0,3635.760333712552,4.69361147327249,731,761,36,0,725,761,21037,6,0,0,6,0
2020-09-02,US,Louisiana,St. John the Baptist,1518,96,0,30.12597499,-90.4753503,22095.0,3543.665522795714,6.324110671936759,1422,1515,96,0,1419,1512,43184,3,0,0,3,3
2020-09-02,US,Louisiana,St. Landry,3130,114,0,30.59724262,-92.00135806,22097.0,3811.3097267546636,3.6421725239616607,3016,3110,115,0,2995,3098,82764,20,-1,0,21,12
2020-09-02,US,Louisiana,St. Martin,1982,57,0,30.13112107,-91.61403569,22099.0,3709.4570567647993,2.8758829465186677,1925,1975,57,0,1918,1962,53621,7,0,0,7,13
2020-09-02,US,Louisiana,St. Mary,1773,70,0,29.69262097,-91.44702164,22101.0,3592.850774094188,3.948110547095319,1703,1768,70,0,1698,1762,49774,5,0,0,5,6
2020-09-02,US,Louisiana,St. Tammany,6148,240,0,30.40942847,-89.95642711,22103.0,2360.8108471348096,3.9037085230969417,5908,6087,239,0,5848,6053,258111,61,1,0,60,34
2020-09-02,US,Louisiana,Tangipahoa,4095,102,0,30.62888673,-90.40664996,22105.0,3038.780628979356,2.490842490842491,3993,4071,98,0,3973,4046,133777,24,4,0,20,25
2020-09-02,US,Louisiana,Tensas,153,1,0,32.00760749,-91.32915234,22107.0,3530.2261190586064,0.6535947712418301,152,151,1,0,150,146,4462,2,0,0,2,5
2020-09-02,US,Louisiana,Terrebonne,3366,99,0,29.37343766,-90.82626855,22109.0,3047.2293388616795,2.9411764705882355,3267,3347,99,0,3248,3343,111021,19,0,0,19,4
2020-09-02,US,Louisiana,Unassigned,191,163,0,0.0,0.0,90022.0,0.0,85.34031413612566,28,186,163,0,23,190,,5,0,0,5,-4
2020-09-02,US,Louisiana,Union,845,39,0,32.83121059,-92.3749373,22111.0,3822.1458295639586,4.615384615384615,806,829,39,0,790,825,22330,16,0,0,16,4
2020-09-02,US,Louisiana,Vermilion,1887,46,0,29.83517605,-92.30292538,22113.0,3170.8423652770075,2.437731849496555,1841,1873,46,0,1827,1867,59830,14,0,0,14,6
2020-09-02,US,Louisiana,Vernon,962,40,0,31.10884837,-93.18153838,22115.0,2028.2949250458576,4.158004158004158,922,957,39,0,918,954,48860,5,1,0,4,3
2020-09-02,US,Louisiana,Washington,1480,60,0,30.85288548,-90.03866652,22117.0,3203.879291682902,4.0540540540540535,1420,1473,60,0,1413,1460,46582,7,0,0,7,13
2020-09-02,US,Louisiana,Webster,1047,20,0,32.70847669,-93.33121835,22119.0,2730.8294209702663,1.9102196752626552,1027,1030,20,0,1010,1032,38798,17,0,0,17,-2
2020-09-02,US,Louisiana,West Baton Rouge,838,39,0,30.46058217,-91.30989571,22121.0,3166.446249763839,4.6539379474940334,799,829,39,0,790,833,26427,9,0,0,9,-4
2020-09-02,US,Louisiana,West Carroll,316,9,0,32.78550125,-91.461201,22123.0,2917.8208679593718,2.848101265822785,307,314,9,0,305,315,10982,2,0,0,2,-1
2020-09-02,US,Louisiana,West Feliciana,572,21,0,30.87882871,-91.41485379999999,22125.0,3674.203494347379,3.6713286713286712,551,575,20,0,555,553,15460,-3,1,0,-4,22
2020-09-02,US,Louisiana,Winn,555,16,0,31.94449367,-92.63789413,22127.0,3991.6570771001147,2.8828828828828827,539,552,16,0,536,548,14134,3,0,0,3,4
2020-09-02,US,Maine,Androscoggin,616,10,0,44.1664747,-70.20380627,23001.0,568.9112184489779,1.6233766233766234,606,615,10,0,605,613,107679,1,0,0,1,2
2020-09-02,US,Maine,Aroostook,38,1,0,46.65926321,-68.59841248,23003.0,56.66989784505257,2.631578947368421,37,38,1,0,37,38,67111,0,0,0,0,0
2020-09-02,US,Maine,Cumberland,2196,70,0,43.8370751,-70.37226999,23005.0,744.3992094995642,3.1876138433515484,2126,2196,70,0,2126,2191,293557,0,0,0,0,5
2020-09-02,US,Maine,Franklin,53,1,0,44.97330019,-70.44381045,23007.0,175.5025000827842,1.8867924528301887,52,52,1,0,51,53,29897,1,0,0,1,-1
2020-09-02,US,Maine,Hancock,47,1,0,44.59816444,-68.38401854,23009.0,85.47474857693636,2.127659574468085,46,47,1,0,46,45,54811,0,0,0,0,2
2020-09-02,US,Maine,Kennebec,191,11,0,44.40759555,-69.76738544,23011.0,156.17079033866986,5.7591623036649215,180,192,11,0,181,190,122083,-1,0,0,-1,2
2020-09-02,US,Maine,Knox,30,1,0,44.11486325,-69.10529169,23013.0,75.42995071909887,3.333333333333333,29,29,1,0,28,29,39771,1,0,0,1,0
2020-09-02,US,Maine,Lincoln,37,1,0,44.05996956,-69.54227124,23015.0,106.83143731593229,2.702702702702702,36,36,1,0,35,36,34342,1,0,0,1,0
2020-09-02,US,Maine,Oxford,67,0,0,44.49952995,-70.75682123,23017.0,115.56705476498492,0.0,67,65,0,0,65,64,57618,2,0,0,2,1
2020-09-02,US,Maine,Penobscot,234,6,0,45.40194593,-68.65020455,23019.0,153.79761810868362,2.5641025641025643,228,230,6,0,224,229,151096,4,0,0,4,1
2020-09-02,US,Maine,Piscataquis,8,0,0,45.83839062,-69.2860223,23021.0,47.66160262138814,0.0,8,8,0,0,8,8,16800,0,0,0,0,0
2020-09-02,US,Maine,Sagadahoc,61,0,0,43.95415864,-69.85074999,23023.0,170.12494422132974,0.0,61,61,0,0,61,61,35634,0,0,0,0,0
2020-09-02,US,Maine,Somerset,54,2,0,45.51229767,-69.95995554,23025.0,106.96458283812693,3.703703703703704,52,54,1,0,53,51,50592,0,1,0,-1,3
2020-09-02,US,Maine,Unassigned,1,0,0,0.0,0.0,90023.0,0.0,0.0,1,1,0,0,1,3,,0,0,0,0,-2
2020-09-02,US,Maine,Waldo,69,14,0,44.4858305,-69.12061935,23027.0,173.73788241218682,20.28985507246377,55,69,14,0,55,69,39694,0,0,0,0,0
2020-09-02,US,Maine,Washington,15,0,0,45.01607142,-67.62813524,23029.0,47.802670575862855,0.0,15,15,0,0,15,15,31490,0,0,0,0,0
2020-09-02,US,Maine,York,851,15,0,43.47808377,-70.71052375,23031.0,409.8419868908357,1.7626321974148058,836,841,15,0,826,834,206229,10,0,0,10,7
2020-09-02,US,Maryland,Allegany,396,20,0,39.62357628,-78.69280486,24001.0,562.3721881390593,5.05050505050505,376,395,20,0,375,393,70975,1,0,0,1,2
2020-09-02,US,Maryland,Anne Arundel,8469,237,0,39.00670238,-76.60329337,24003.0,1462.1033986264615,2.798441374424371,8232,8400,237,0,8163,8351,576031,69,0,0,69,49
2020-09-02,US,Maryland,Baltimore,15665,605,0,39.45784712,-76.62911955,24005.0,1893.3488040417224,3.862112990743696,15060,15593,604,0,14989,15479,828431,72,1,0,71,114
2020-09-02,US,Maryland,Baltimore City,14569,461,0,39.30211911,-76.61151012,24510.0,2454.8012603413704,3.1642528656736917,14108,14535,461,0,14074,14478,621342,34,0,0,34,57
2020-09-02,US,Maryland,Calvert,793,28,0,38.53961642,-76.56820632,24009.0,857.0656579302891,3.530895334174023,765,791,28,0,763,788,92003,2,0,0,2,3
2020-09-02,US,Maryland,Caroline,520,3,0,38.87172293,-75.82904158,24011.0,1556.6065976171944,0.5769230769230769,517,513,3,0,510,510,33304,7,0,0,7,3
2020-09-02,US,Maryland,Carroll,1711,123,0,39.56453592,-77.02373735,24013.0,1015.7497610524381,7.188778492109878,1588,1700,123,0,1577,1694,168429,11,0,0,11,6
2020-09-02,US,Maryland,Cecil,802,31,0,39.56647682,-75.94627411,24015.0,779.7384667736135,3.8653366583541153,771,795,31,0,764,788,102826,7,0,0,7,7
2020-09-02,US,Maryland,Charles,2411,94,0,38.51092331,-76.98580666,24017.0,1476.8126328426956,3.8987971795935294,2317,2403,94,0,2309,2394,161503,8,0,0,8,9
2020-09-02,US,Maryland,Dorchester,461,7,0,38.45413522,-76.02752426,24019.0,1443.82849447211,1.5184381778741864,454,462,6,0,456,461,31998,-1,1,0,-2,1
2020-09-02,US,Maryland,Frederick,3513,125,0,39.47296601,-77.39999394,24021.0,1353.5120806636178,3.558212354113293,3388,3505,125,0,3380,3492,255648,8,0,0,8,13
2020-09-02,US,Maryland,Garrett,63,0,0,39.52786077,-79.27355126,24023.0,217.1365547666644,0.0,63,63,0,0,63,63,29163,0,0,0,0,0
2020-09-02,US,Maryland,Harford,2523,70,0,39.55010644,-76.30775940000002,24025.0,987.7036184480955,2.7744748315497425,2453,2500,70,0,2430,2475,253956,23,0,0,23,25
2020-09-02,US,Maryland,Howard,4431,117,0,39.25305293,-76.93126208,24027.0,1360.4961773465566,2.6404874746106968,4314,4415,117,0,4298,4381,323196,16,0,0,16,34
2020-09-02,US,Maryland,Kent,267,24,0,39.24976208,-76.04741541,24029.0,1374.7296879827,8.98876404494382,243,264,24,0,240,263,19383,3,0,0,3,1
2020-09-02,US,Maryland,Montgomery,20190,821,0,39.13676329,-77.20358245,24031.0,1921.5980386185047,4.0663694898464575,19369,20103,821,0,19282,20006,1052567,87,0,0,87,97
2020-09-02,US,Maryland,Prince George's,26428,796,0,38.83070039,-76.8496441,24033.0,2906.32522733846,3.011957015286817,25632,26356,793,0,25563,26215,909308,72,3,0,69,141
2020-09-02,US,Maryland,Queen Anne's,558,26,0,39.06198912,-76.03530977,24035.0,1107.5603898294992,4.659498207885305,532,556,26,0,530,553,50251,2,0,0,2,3
2020-09-02,US,Maryland,Somerset,198,4,0,38.1163542,-75.75118623,24039.0,772.9544034978137,2.0202020202020203,194,196,4,0,192,195,25675,2,0,0,2,1
2020-09-02,US,Maryland,St. Mary's,1122,55,0,38.30058422,-76.60629279999998,24037.0,988.4591665932517,4.901960784313727,1067,1121,55,0,1066,1112,112664,1,0,0,1,9
2020-09-02,US,Maryland,Talbot,475,4,0,38.76618159,-76.10882561,24041.0,1277.534224469487,0.8421052631578947,471,473,4,0,469,473,36968,2,0,0,2,0
2020-09-02,US,Maryland,Unassigned,0,10,0,0.0,0.0,90024.0,0.0,0.0,-10,0,11,0,-11,0,,0,-1,0,1,0
2020-09-02,US,Maryland,Washington,1337,33,0,39.60835778,-77.82002295,24043.0,885.1432316665453,2.468212415856395,1304,1321,33,0,1288,1312,150926,16,0,0,16,9
2020-09-02,US,Maryland,Wicomico,1575,47,0,38.37301947,-75.62705831,24045.0,1520.138211931396,2.9841269841269837,1528,1568,47,0,1521,1565,103195,7,0,0,7,3
2020-09-02,US,Maryland,Worcester,842,25,0,38.21274277,-75.33200012,24047.0,1610.6817660111715,2.9691211401425184,817,835,24,0,811,808,51823,7,1,0,6,27
2020-09-02,US,Massachusetts,Barnstable,1635,166,0,41.72980578,-70.28854339,25001.0,767.6416733179963,10.152905198776761,1469,1630,165,0,1465,1624,213413,5,1,0,4,6
2020-09-02,US,Massachusetts,Berkshire,665,46,0,42.37428441,-73.20524838,25003.0,532.2384428223843,6.917293233082707,619,665,46,0,619,662,126348,0,0,0,0,3
2020-09-02,US,Massachusetts,Bristol,9211,655,0,41.79228404,-71.10872211,25005.0,1629.6395897504851,7.111062859624362,8556,9175,659,0,8516,9141,564022,36,-4,0,40,34
2020-09-02,US,Massachusetts,Dukes and Nantucket,98,1,0,41.40674725,-70.68763497,0.0,341.09498451150324,1.020408163265306,97,98,1,0,97,97,26707,0,0,0,0,1
2020-09-02,US,Massachusetts,Essex,18125,1241,0,42.6687626,-70.94687179,25009.0,2297.112671950765,6.8468965517241385,16884,18056,1240,0,16816,18007,790638,69,1,0,68,49
2020-09-02,US,Massachusetts,Franklin,392,66,0,42.58119713,-72.58602547,25011.0,558.5636933599317,16.836734693877553,326,392,65,0,327,391,70963,0,1,0,-1,1
2020-09-02,US,Massachusetts,Hampden,7686,751,0,42.13440424,-72.63235561,25013.0,1648.040619934301,9.771012230028623,6935,7680,747,0,6933,7664,470406,6,4,0,2,16
2020-09-02,US,Massachusetts,Hampshire,1176,140,0,42.33997957,-72.65898478,25015.0,731.2068643909719,11.904761904761903,1036,1173,140,0,1033,1167,161355,3,0,0,3,6
2020-09-02,US,Massachusetts,Middlesex,25411,2070,0,42.48607732,-71.39049229,25017.0,1576.6591652659708,8.146078469953956,23341,25374,2071,0,23303,25307,1614714,37,-1,0,38,67
2020-09-02,US,Massachusetts,Norfolk,9569,1019,0,42.16073095,-71.20530408,25021.0,1353.8962187400516,10.648970634340056,8550,9547,1018,0,8529,9530,705388,22,1,0,21,17
2020-09-02,US,Massachusetts,Plymouth,9135,741,0,41.94070556,-70.80802823,25023.0,1752.6793834252362,8.111658456486042,8394,9118,742,0,8376,9097,518132,17,-1,0,18,21
2020-09-02,US,Massachusetts,Suffolk,22508,1104,0,42.327951399999996,-71.07850442,25025.0,2799.826348072601,4.90492269415319,21404,22434,1110,0,21324,22354,807252,74,-6,0,80,80
2020-09-02,US,Massachusetts,Unassigned,10088,5,0,0.0,0.0,90025.0,0.0,0.049563838223632035,10083,10088,5,0,10083,10075,,0,0,0,0,13
2020-09-02,US,Massachusetts,Worcester,13483,1055,0,42.35026951,-71.90493363,25027.0,1623.2413781479422,7.824668100571089,12428,13458,1055,0,12403,13417,830839,25,0,0,25,41
2020-09-02,US,Michigan,Alcona,36,2,0,44.6846864,-83.59507875,26001.0,345.9875060067276,5.5555555555555545,34,36,2,0,34,34,10362,0,0,0,0,2
2020-09-02,US,Michigan,Alger,17,0,0,46.41292944,-86.60260122,26003.0,186.649099692578,0.0,17,17,0,0,17,17,9097,0,0,0,0,0
2020-09-02,US,Michigan,Allegan,648,6,0,42.59147037,-85.89102866,26005.0,548.7758403130056,0.925925925925926,642,644,6,0,638,643,117327,4,0,0,4,1
2020-09-02,US,Michigan,Alpena,133,14,0,45.03477666,-83.62212411,26007.0,468.2274247491639,10.526315789473683,119,133,14,0,119,132,28360,0,0,0,0,1
2020-09-02,US,Michigan,Antrim,60,0,0,44.99690221,-85.15503082,26009.0,257.2457554450352,0.0,60,60,0,0,60,60,23365,0,0,0,0,0
2020-09-02,US,Michigan,Arenac,59,3,0,44.0636262,-83.89277559,26011.0,396.4254518578244,5.084745762711863,56,59,3,0,56,59,15041,0,0,0,0,0
2020-09-02,US,Michigan,Baraga,8,0,0,46.6720582,-88.36363591,26013.0,97.45401388719698,0.0,8,8,0,0,8,8,8320,0,0,0,0,0
2020-09-02,US,Michigan,Barry,216,2,0,42.59513984,-85.30834519,26015.0,350.9341998375305,0.925925925925926,214,216,2,0,214,214,61157,0,0,0,0,2
2020-09-02,US,Michigan,Bay,837,42,0,43.70639106,-83.98731479,26017.0,811.6284932994589,5.017921146953405,795,831,41,0,790,825,103923,6,1,0,5,6
2020-09-02,US,Michigan,Benzie,50,2,0,44.63899297,-86.01608482,26019.0,281.4364516492176,4.0,48,47,2,0,45,47,17753,3,0,0,3,0
2020-09-02,US,Michigan,Berrien,1627,70,0,41.95447397,-86.41313079999998,26021.0,1060.6189007894343,4.302397049784879,1557,1624,70,0,1554,1614,154141,3,0,0,3,10
2020-09-02,US,Michigan,Branch,498,3,0,41.91600556,-85.05929476,26023.0,1144.3803571018225,0.6024096385542169,495,491,3,0,488,483,43622,7,0,0,7,8
2020-09-02,US,Michigan,Calhoun,1018,44,0,42.24633834,-85.00493569,26025.0,758.8011240393863,4.322200392927308,974,1004,44,0,960,994,134487,14,0,0,14,10
2020-09-02,US,Michigan,Cass,415,16,0,41.91522292,-85.99405727,26027.0,801.3594145248807,3.8554216867469884,399,417,16,0,401,412,51653,-2,0,0,-2,5
2020-09-02,US,Michigan,Charlevoix,73,3,0,45.37790017,-85.19614053,26029.0,279.233446811766,4.109589041095891,70,73,2,0,71,72,26244,0,1,0,-1,1
2020-09-02,US,Michigan,Cheboygan,80,2,0,45.44787015,-84.50122149,26031.0,316.5057762304162,2.5,78,80,2,0,78,79,25413,0,0,0,0,1
2020-09-02,US,Michigan,Chippewa,62,0,0,46.29552653,-84.54353449,26033.0,166.00176711558544,0.0,62,58,0,0,58,57,37517,4,0,0,4,1
2020-09-02,US,Michigan,Clare,103,4,0,43.98794227,-84.84819859999998,26035.0,332.79483037156706,3.8834951456310685,99,101,4,0,97,99,30757,2,0,0,2,2
2020-09-02,US,Michigan,Clinton,505,13,0,42.94400871,-84.60145248,26037.0,634.4619636911866,2.5742574257425743,492,499,13,0,486,488,79332,6,0,0,6,11
2020-09-02,US,Michigan,Crawford,113,5,0,44.68255561,-84.61006219,26039.0,805.4743745099437,4.424778761061948,108,113,5,0,108,113,13901,0,0,0,0,0
2020-09-02,US,Michigan,Delta,167,3,0,45.90484910000001,-86.9080745,26041.0,466.6890230270512,1.7964071856287425,164,160,3,0,157,157,35857,7,0,0,7,3
2020-09-02,US,Michigan,Dickinson,66,2,0,46.00999672,-87.86961634,26043.0,261.5000594318317,3.0303030303030303,64,65,2,0,63,65,25383,1,0,0,1,0
2020-09-02,US,Michigan,Eaton,522,9,0,42.59599185,-84.83740035,26045.0,473.39209924910216,1.7241379310344829,513,518,9,0,509,512,109826,4,0,0,4,6
2020-09-02,US,Michigan,Emmet,128,3,0,45.52625509,-84.89083249,26047.0,383.0614993266497,2.34375,125,127,3,0,124,125,33308,1,0,0,1,2
2020-09-02,US,Michigan,Federal Correctional Institution (FCI),196,5,0,0.0,0.0,0.0,0.0,2.5510204081632653,191,196,5,0,191,196,,0,0,0,0,0
2020-09-02,US,Michigan,Genesee,3994,305,0,43.02244215,-83.70589709,26049.0,984.1971548471834,7.636454682023034,3689,3980,305,0,3675,3967,406892,14,0,0,14,13
2020-09-02,US,Michigan,Gladwin,79,2,0,43.98901072,-84.38774817,26051.0,310.4247711108491,2.5316455696202533,77,79,2,0,77,78,25337,0,0,0,0,1
2020-09-02,US,Michigan,Gogebic,144,1,0,46.40862701,-89.69377193,26053.0,1030.4114490161003,0.6944444444444444,143,144,1,0,143,144,15096,0,0,0,0,0
2020-09-02,US,Michigan,Grand Traverse,364,7,0,44.69565625,-85.55585247,26055.0,391.0278446201443,1.9230769230769231,357,358,7,0,351,353,92573,6,0,0,6,5
2020-09-02,US,Michigan,Gratiot,190,15,0,43.29265605,-84.60505416,26057.0,466.70433052491967,7.894736842105262,175,189,15,0,174,188,40599,1,0,0,1,1
2020-09-02,US,Michigan,Hillsdale,303,26,0,41.88753639,-84.59312019,26059.0,664.4008332419688,8.58085808580858,277,304,26,0,278,303,45749,-1,0,0,-1,1
2020-09-02,US,Michigan,Houghton,85,1,0,46.89988536,-88.68495385,26061.0,238.2019952920076,1.1764705882352942,84,80,1,0,79,74,36219,5,0,0,5,6
2020-09-02,US,Michigan,Huron,203,4,0,43.83353985,-83.04078453,26063.0,655.2403085762243,1.9704433497536944,199,203,4,0,199,201,31166,0,0,0,0,2
2020-09-02,US,Michigan,Ingham,1814,40,0,42.59716886,-84.37472069,26065.0,620.3703070388432,2.205071664829107,1774,1796,40,0,1756,1783,292735,18,0,0,18,13
2020-09-02,US,Michigan,Ionia,302,7,0,42.94502238,-85.07413319,26067.0,466.7913504490162,2.3178807947019866,295,300,7,0,293,298,64210,2,0,0,2,2
2020-09-02,US,Michigan,Iosco,143,12,0,44.35486835,-83.63484895,26069.0,569.1089266526047,8.391608391608392,131,143,12,0,131,143,25081,0,0,0,0,0
2020-09-02,US,Michigan,Iron,35,1,0,46.20974132,-88.53136251,26071.0,316.2841135008133,2.8571428571428568,34,35,1,0,34,35,11117,0,0,0,0,0
2020-09-02,US,Michigan,Isabella,530,10,0,43.64060976,-84.84664923,26073.0,758.5298832150219,1.8867924528301887,520,507,9,0,498,491,70562,23,1,0,22,16
2020-09-02,US,Michigan,Jackson,853,40,0,42.24807035,-84.42258681,26075.0,538.1363951801148,4.689331770222744,813,843,40,0,803,827,158823,10,0,0,10,16
2020-09-02,US,Michigan,Kalamazoo,1979,88,0,42.24542231,-85.53038622,26077.0,746.6065055495613,4.446690247599798,1891,1965,88,0,1877,1942,264870,14,0,0,14,23
2020-09-02,US,Michigan,Kalkaska,66,4,0,44.68512729,-85.09085699,26079.0,365.89422330635324,6.0606060606060606,62,65,4,0,61,65,17824,1,0,0,1,0
2020-09-02,US,Michigan,Kent,8562,168,0,43.03197711,-85.54934642,26081.0,1303.2856131698518,1.9621583742116329,8394,8531,168,0,8363,8484,653786,31,0,0,31,47
2020-09-02,US,Michigan,Keweenaw,2,0,0,47.63197653,-88.41434263,26083.0,94.5179584120983,0.0,2,2,0,0,2,2,2113,0,0,0,0,0
2020-09-02,US,Michigan,Lake,29,0,0,43.99050893,-85.802173,26085.0,244.6637981945499,0.0,29,29,0,0,29,29,11881,0,0,0,0,0
2020-09-02,US,Michigan,Lapeer,544,35,0,43.09052506,-83.22153148,26087.0,620.9549465225382,6.4338235294117645,509,536,35,0,501,536,88028,8,0,0,8,0
2020-09-02,US,Michigan,Leelanau,95,1,0,44.94430054,-85.80150326,26089.0,436.5608198152658,1.0526315789473684,94,92,1,0,91,91,21764,3,0,0,3,1
2020-09-02,US,Michigan,Lenawee,635,13,0,41.89475156,-84.06603727,26091.0,644.9909091832485,2.047244094488189,622,600,13,0,587,570,98266,35,0,0,35,30
2020-09-02,US,Michigan,Livingston,1137,29,0,42.60302282,-83.91297209,26093.0,592.2029219510922,2.5505716798592792,1108,1123,29,0,1094,1109,191224,14,0,0,14,14
2020-09-02,US,Michigan,Luce,5,0,0,46.47227431,-85.54471223,26095.0,80.26970621287526,0.0,5,5,0,0,5,5,6283,0,0,0,0,0
2020-09-02,US,Michigan,Mackinac,37,0,0,46.07028979,-85.04980537,26097.0,342.624317066395,0.0,37,37,0,0,37,37,10787,0,0,0,0,0
2020-09-02,US,Michigan,Macomb,12936,979,0,42.69158356,-82.92752801,26099.0,1480.1389518199667,7.5680272108843525,11957,12883,969,0,11914,12780,874759,53,10,0,43,103
2020-09-02,US,Michigan,Manistee,55,1,0,44.33352407,-86.05626916,26101.0,223.95960583109368,1.818181818181818,54,55,1,0,54,54,24528,0,0,0,0,1
2020-09-02,US,Michigan,Marquette,254,11,0,46.4338914,-87.64043701,26103.0,380.81530457727996,4.330708661417323,243,248,11,0,237,244,66516,6,0,0,6,4
2020-09-02,US,Michigan,Mason,120,0,0,43.99509218,-86.24988902,26105.0,411.7485588800438,0.0,120,120,0,0,120,120,29100,0,0,0,0,0
2020-09-02,US,Michigan,Mecosta,92,2,0,43.64064262,-85.32463223,26107.0,211.7230110694313,2.1739130434782608,90,92,2,0,90,88,43545,0,0,0,0,4
2020-09-02,US,Michigan,Menominee,256,0,0,45.58038692,-87.55370409,26109.0,1123.7928007023702,0.0,256,253,0,0,253,250,22983,3,0,0,3,3
2020-09-02,US,Michigan,Michigan Department of Corrections (MDOC),5304,71,0,0.0,0.0,0.0,0.0,1.3386123680241326,5233,5301,71,0,5230,5284,,3,0,0,3,17
2020-09-02,US,Michigan,Midland,428,11,0,43.64330771,-84.38804374,26111.0,514.6952715378325,2.5700934579439254,417,425,11,0,414,417,83209,3,0,0,3,8
2020-09-02,US,Michigan,Missaukee,48,1,0,44.33772443,-85.09256478,26113.0,317.50231512104773,2.083333333333333,47,47,1,0,46,46,15113,1,0,0,1,1
2020-09-02,US,Michigan,Monroe,1340,28,0,41.92734151,-83.53749864,26115.0,890.3654485049834,2.08955223880597,1312,1325,27,0,1298,1320,150439,15,1,0,14,5
2020-09-02,US,Michigan,Montcalm,228,4,0,43.31082541,-85.15252824,26117.0,356.87453042824944,1.7543859649122806,224,230,4,0,226,224,63968,-2,0,0,-2,6
2020-09-02,US,Michigan,Montmorency,12,0,0,45.0275929,-84.12696227,26119.0,128.6449399656947,0.0,12,12,0,0,12,12,9265,0,0,0,0,0
2020-09-02,US,Michigan,Muskegon,1346,68,0,43.29123859,-86.15176712,26121.0,775.4975052717697,5.052005943536403,1278,1346,68,0,1278,1339,173588,0,0,0,0,7
2020-09-02,US,Michigan,Newaygo,301,1,0,43.554373999999996,-85.80070107,26123.0,614.5365455287872,0.3322259136212625,300,300,1,0,299,298,48892,1,0,0,1,2
2020-09-02,US,Michigan,Oakland,18247,1165,0,42.66090111,-83.38595416,26125.0,1450.9567551750022,6.384611168959282,17082,18168,1165,0,17003,18053,1259201,79,0,0,79,115
2020-09-02,US,Michigan,Oceana,501,6,0,43.64124435,-86.26726673,26127.0,1892.9232629311973,1.1976047904191616,495,501,6,0,495,501,26625,0,0,0,0,0
2020-09-02,US,Michigan,Ogemaw,58,5,0,44.33481032,-84.12725175,26129.0,276.22993761013475,8.620689655172415,53,58,5,0,53,58,20952,0,0,0,0,0
2020-09-02,US,Michigan,Ontonagon,34,0,0,46.665226200000006,-89.31390481,26131.0,594.4055944055945,0.0,34,35,0,0,35,34,5795,-1,0,0,-1,1
2020-09-02,US,Michigan,Osceola,79,0,0,43.98992088,-85.32566756,26133.0,336.74339300937766,0.0,79,79,0,0,79,79,23341,0,0,0,0,0
2020-09-02,US,Michigan,Oscoda,29,1,0,44.68192279,-84.12939244,26135.0,351.8990413784735,3.4482758620689653,28,29,1,0,28,29,8276,0,0,0,0,0
2020-09-02,US,Michigan,Otsego,147,11,0,45.02085831,-84.59898295,26137.0,595.9137343927355,7.482993197278912,136,147,11,0,136,144,24665,0,0,0,0,3
2020-09-02,US,Michigan,Ottawa,2280,63,0,42.95996803,-85.9969107,26139.0,781.276770722681,2.763157894736842,2217,2204,63,0,2141,2149,290494,76,0,0,76,55
2020-09-02,US,Michigan,Out of MI,115,0,0,0.0,0.0,80026.0,0.0,0.0,115,120,0,0,120,113,,-5,0,0,-5,7
2020-09-02,US,Michigan,Presque Isle,21,1,0,45.34018577,-83.91498656,26141.0,166.77255400254128,4.761904761904762,20,21,1,0,20,21,12738,0,0,0,0,0
2020-09-02,US,Michigan,Roscommon,76,4,0,44.33473082,-84.61067651,26143.0,316.41617053166243,5.2631578947368425,72,76,4,0,72,76,23884,0,0,0,0,0
2020-09-02,US,Michigan,Saginaw,2558,132,0,43.33433923,-84.05131209999998,26145.0,1342.5073082151164,5.160281469898359,2426,2539,132,0,2407,2528,190800,19,0,0,19,11
2020-09-02,US,Michigan,Sanilac,125,7,0,43.42406072,-82.82055898,26151.0,303.6191401505951,5.6,118,126,7,0,119,125,41182,-1,0,0,-1,1
2020-09-02,US,Michigan,Schoolcraft,15,0,0,46.19235734,-86.19972234,26153.0,185.32246108228318,0.0,15,15,0,0,15,15,8068,0,0,0,0,0
2020-09-02,US,Michigan,Shiawassee,436,30,0,42.95392800000001,-84.14585902,26155.0,640.0281847274007,6.8807339449541285,406,435,30,0,405,421,68192,1,0,0,1,14
2020-09-02,US,Michigan,St. Clair,934,53,0,42.92655373,-82.67937954,26147.0,586.9488713488513,5.674518201284799,881,930,53,0,877,923,159337,4,0,0,4,7
2020-09-02,US,Michigan,St. Joseph,684,11,0,41.91441767,-85.52797979,26149.0,1121.9736237779673,1.6081871345029242,673,685,11,0,674,683,61043,-1,0,0,-1,2
2020-09-02,US,Michigan,Tuscola,459,29,0,43.46606813,-83.41897025,26157.0,878.5529715762274,6.318082788671024,430,455,29,0,426,454,52516,4,0,0,4,1
2020-09-02,US,Michigan,Unassigned,6,0,0,0.0,0.0,90026.0,0.0,0.0,6,16,0,0,16,19,,-10,0,0,-10,-3
2020-09-02,US,Michigan,Van Buren,643,16,0,42.25190229,-86.01939087,26159.0,849.663702313781,2.4883359253499218,627,637,16,0,621,628,75448,6,0,0,6,9
2020-09-02,US,Michigan,Washtenaw,2944,115,0,42.253105,-83.83853204,26161.0,800.8683327847313,3.90625,2829,2922,115,0,2807,2903,370963,22,0,0,22,19
2020-09-02,US,Michigan,Wayne,31483,2889,0,42.28098405,-83.281255,26163.0,1799.704231817317,9.176380903979926,28594,31357,2889,0,28468,31231,1753893,126,0,0,126,126
2020-09-02,US,Michigan,Wexford,107,4,0,44.33853602,-85.57712739,26165.0,318.1588415450032,3.7383177570093458,103,105,4,0,101,102,33466,2,0,0,2,3
2020-09-02,US,Minnesota,Aitkin,51,1,0,46.60962049,-93.41168259999999,27001.0,321.0373914138235,1.96078431372549,50,51,1,0,50,48,15902,0,0,0,0,3
2020-09-02,US,Minnesota,Anoka,4816,121,0,45.27476015,-93.24604565,27003.0,1349.3181964636433,2.5124584717607967,4695,4782,121,0,4661,4741,353813,34,0,0,34,41
2020-09-02,US,Minnesota,Becker,201,2,0,46.93479392,-95.67158144,27005.0,583.9119193562443,0.9950248756218906,199,200,2,0,198,198,34371,1,0,0,1,2
2020-09-02,US,Minnesota,Beltrami,327,1,0,47.97373527,-94.93732139,27007.0,692.9727896922948,0.3058103975535168,326,321,1,0,320,321,46847,6,0,0,6,0
2020-09-02,US,Minnesota,Benton,412,3,0,45.69804958,-93.99514135,27009.0,1007.6059575925066,0.7281553398058253,409,409,3,0,406,402,40545,3,0,0,3,7
2020-09-02,US,Minnesota,Big Stone,35,0,0,45.42712824,-96.41403739,27011.0,701.2622720897616,0.0,35,35,0,0,35,35,4989,0,0,0,0,0
2020-09-02,US,Minnesota,Blue Earth,1303,5,0,44.03554215,-94.06699781,27013.0,1926.0047595819844,0.3837298541826554,1298,1278,5,0,1273,1243,67427,25,0,0,25,35
2020-09-02,US,Minnesota,Brown,133,2,0,44.24205652,-94.72562874,27015.0,531.829814459373,1.5037593984962403,131,131,2,0,129,128,25111,2,0,0,2,3
2020-09-02,US,Minnesota,Carlton,196,1,0,46.59180601,-92.67601019,27017.0,546.4023863287892,0.5102040816326531,195,193,1,0,192,191,35837,3,0,0,3,2
2020-09-02,US,Minnesota,Carver,1140,4,0,44.82017001,-93.80099179999999,27019.0,1084.7947929849936,0.3508771929824561,1136,1128,4,0,1124,1123,103551,12,0,0,12,5
2020-09-02,US,Minnesota,Cass,105,3,0,46.95043611,-94.32603968,27021.0,352.59746801437257,2.8571428571428568,102,105,3,0,102,105,29519,0,0,0,0,0
2020-09-02,US,Minnesota,Chippewa,142,1,0,45.02343421,-95.56403693,27023.0,1203.3898305084747,0.7042253521126759,141,136,1,0,135,135,11924,6,0,0,6,1
2020-09-02,US,Minnesota,Chisago,321,1,0,45.5021011,-92.90861945,27025.0,567.3483094434331,0.3115264797507788,320,319,1,0,318,316,55922,2,0,0,2,3
2020-09-02,US,Minnesota,Clay,913,40,0,46.89289518,-96.48761922,27027.0,1421.6312167170126,4.381161007667032,873,893,40,0,853,880,63955,20,0,0,20,13
2020-09-02,US,Minnesota,Clearwater,19,0,0,47.57992111,-95.37790562,27029.0,215.46836017237467,0.0,19,19,0,0,19,19,8810,0,0,0,0,0
2020-09-02,US,Minnesota,Cook,6,0,0,47.90504893,-90.52629546,27031.0,109.82976386600771,0.0,6,6,0,0,6,6,5393,0,0,0,0,0
2020-09-02,US,Minnesota,Cottonwood,202,0,0,44.00715262,-95.18138802,27033.0,1804.2157913540548,0.0,202,204,0,0,204,203,11277,-2,0,0,-2,1
2020-09-02,US,Minnesota,Crow Wing,315,16,0,46.48096553,-94.06755609,27035.0,484.2056721235877,5.079365079365079,299,312,16,0,296,309,64889,3,0,0,3,3
2020-09-02,US,Minnesota,Dakota,6084,112,0,44.67172617,-93.06299363,27037.0,1418.1124000923032,1.8408941485864565,5972,5973,111,0,5862,5936,425423,111,1,0,110,37
2020-09-02,US,Minnesota,Dodge,158,0,0,44.02238415,-92.86244324,27039.0,754.7530333428873,0.0,158,156,0,0,156,158,20822,2,0,0,2,-2
2020-09-02,US,Minnesota,Douglas,173,1,0,45.93348491,-95.45335469,27041.0,453.58013686059616,0.5780346820809249,172,171,1,0,170,167,37964,2,0,0,2,4
2020-09-02,US,Minnesota,Faribault,116,0,0,43.67381499,-93.94787458,27043.0,849.6301179228009,0.0,116,115,0,0,115,117,13758,1,0,0,1,-2
2020-09-02,US,Minnesota,Fillmore,86,0,0,43.67394126,-92.08980382,27045.0,408.22138890207435,0.0,86,86,0,0,86,86,21058,0,0,0,0,0
2020-09-02,US,Minnesota,Freeborn,402,1,0,43.67385583,-93.34884422,27047.0,1327.5651398566756,0.24875621890547264,401,403,1,0,402,401,30444,-1,0,0,-1,2
2020-09-02,US,Minnesota,Goodhue,262,9,0,44.40849741,-92.72341949999999,27049.0,565.3862753560637,3.435114503816794,253,261,9,0,252,267,46403,1,0,0,1,-6
2020-09-02,US,Minnesota,Grant,55,4,0,45.93424769,-96.01139609,27051.0,920.9645010046886,7.272727272727272,51,55,4,0,51,55,6021,0,0,0,0,0
2020-09-02,US,Minnesota,Hennepin,23372,883,0,45.00761521,-93.47694895,27053.0,1846.3585136545366,3.778024987164128,22489,23209,881,0,22328,23134,1259428,163,2,0,161,75
2020-09-02,US,Minnesota,Houston,80,0,0,43.67129565,-91.49143057,27055.0,430.1075268817205,0.0,80,77,0,0,77,77,18578,3,0,0,3,0
2020-09-02,US,Minnesota,Hubbard,46,0,0,47.10778564,-94.91693868,27057.0,214.04308780419709,0.0,46,46,0,0,46,45,21332,0,0,0,0,1
2020-09-02,US,Minnesota,Isanti,179,0,0,45.56181234,-93.29487636,27059.0,440.93014090058136,0.0,179,177,0,0,177,175,39966,2,0,0,2,2
2020-09-02,US,Minnesota,Itasca,201,12,0,47.51009045,-93.63092229,27061.0,445.38001329492585,5.970149253731344,189,201,12,0,189,198,45108,0,0,0,0,3
2020-09-02,US,Minnesota,Jackson,97,1,0,43.67423373,-95.15398258,27063.0,985.1716433069266,1.0309278350515465,96,96,1,0,95,96,9911,1,0,0,1,0
2020-09-02,US,Minnesota,Kanabec,65,6,0,45.9459309,-93.29275192,27065.0,397.8698659484605,9.23076923076923,59,65,5,0,60,65,16207,0,1,0,-1,0
2020-09-02,US,Minnesota,Kandiyohi,825,1,0,45.1526059,-95.00586446,27067.0,1909.766429778467,0.12121212121212123,824,820,1,0,819,816,42855,5,0,0,5,4
2020-09-02,US,Minnesota,Kittson,8,0,0,48.77754106,-96.78317184,27069.0,186.13308515588642,0.0,8,7,0,0,7,7,4248,1,0,0,1,0
2020-09-02,US,Minnesota,Koochiching,89,3,0,48.24539665,-93.78352843,27071.0,727.7782320713059,3.3707865168539324,86,88,3,0,85,88,12440,1,0,0,1,0
2020-09-02,US,Minnesota,Lac qui Parle,18,0,0,44.9973857,-96.17488219,27073.0,271.7801600483165,0.0,18,17,0,0,17,15,6658,1,0,0,1,2
2020-09-02,US,Minnesota,Lake,34,0,0,47.64270764,-91.44557998,27075.0,319.5188422140776,0.0,34,34,0,0,34,34,10658,0,0,0,0,0
2020-09-02,US,Minnesota,Lake of the Woods,13,0,0,48.77217001,-94.90274472,27077.0,347.5935828877005,0.0,13,10,0,0,10,7,3758,3,0,0,3,3
2020-09-02,US,Minnesota,Le Sueur,386,2,0,44.37136597,-93.72844721,27079.0,1336.2412157718006,0.5181347150259067,384,384,2,0,382,378,28494,2,0,0,2,6
2020-09-02,US,Minnesota,Lincoln,70,0,0,44.41311883,-96.26688165,27081.0,1241.354850150736,0.0,70,70,0,0,70,69,5673,0,0,0,0,1
2020-09-02,US,Minnesota,Lyon,540,3,0,44.41327865,-95.83806103,27083.0,2119.8084321268743,0.5555555555555556,537,538,3,0,535,525,25629,2,0,0,2,13
2020-09-02,US,Minnesota,Mahnomen,37,1,0,47.32557075,-95.80921485,27087.0,669.4409263614981,2.702702702702702,36,37,1,0,36,35,5519,0,0,0,0,2
2020-09-02,US,Minnesota,Marshall,38,0,0,48.35825983,-96.37017407,27089.0,407.0265638389032,0.0,38,37,0,0,37,36,9390,1,0,0,1,1
2020-09-02,US,Minnesota,Martin,237,7,0,43.67429718,-94.55099908,27091.0,1204.0847431793934,2.9535864978902957,230,236,6,0,230,236,19785,1,1,0,0,0
2020-09-02,US,Minnesota,McLeod,369,1,0,44.82367677,-94.27287017,27085.0,1028.0556097289166,0.27100271002710025,368,367,1,0,366,362,35873,2,0,0,2,5
2020-09-02,US,Minnesota,Meeker,112,2,0,45.12328869,-94.52839455,27093.0,482.30126604082335,1.7857142857142858,110,110,2,0,108,108,23141,2,0,0,2,2
2020-09-02,US,Minnesota,Mille Lacs,104,3,0,45.93705297,-93.63236823,27095.0,395.7833847090612,2.8846153846153846,101,101,3,0,98,102,26139,3,0,0,3,-1
2020-09-02,US,Minnesota,Morrison,121,1,0,46.01265363,-94.27341528,27097.0,362.4273647636734,0.8264462809917356,120,119,1,0,118,117,33169,2,0,0,2,2
2020-09-02,US,Minnesota,Mower,1187,3,0,43.67142874,-92.75234549,27099.0,2962.9074933852535,0.2527379949452401,1184,1185,3,0,1182,1179,40011,2,0,0,2,6
2020-09-02,US,Minnesota,Murray,143,2,0,44.02216709,-95.76328482,27101.0,1745.1793995606542,1.3986013986013983,141,144,2,0,142,141,8276,-1,0,0,-1,3
2020-09-02,US,Minnesota,Nicollet,445,15,0,44.35291112,-94.24710352,27103.0,1298.3602730933071,3.3707865168539324,430,442,15,0,427,442,34220,3,0,0,3,0
2020-09-02,US,Minnesota,Nobles,1870,13,0,43.67434621,-95.75329576,27105.0,8645.799620879376,0.6951871657754011,1857,1869,13,0,1856,1865,21924,1,0,0,1,4
2020-09-02,US,Minnesota,Norman,46,0,0,47.32628443,-96.45620947,27107.0,721.5686274509802,0.0,46,46,0,0,46,46,6475,0,0,0,0,0
2020-09-02,US,Minnesota,Olmsted,2058,24,0,44.00374114,-92.40209944,27109.0,1300.1206623160847,1.1661807580174928,2034,2045,24,0,2021,2036,156277,13,0,0,13,9
2020-09-02,US,Minnesota,Otter Tail,297,4,0,46.40846929,-95.70835255,27111.0,505.56633643141663,1.3468013468013469,293,299,4,0,295,294,58812,-2,0,0,-2,5
2020-09-02,US,Minnesota,Pennington,94,1,0,48.06642577,-96.0370814,27113.0,665.7695304200014,1.0638297872340423,93,91,1,0,90,88,14178,3,0,0,3,3
2020-09-02,US,Minnesota,Pine,157,0,0,46.12105238,-92.74070188,27115.0,530.7819736975557,0.0,157,157,0,0,157,155,29483,0,0,0,0,2
2020-09-02,US,Minnesota,Pipestone,189,9,0,44.02301619,-96.25841142,27117.0,2071.0059171597627,4.761904761904762,180,187,9,0,178,187,9047,2,0,0,2,0
2020-09-02,US,Minnesota,Polk,204,4,0,47.77372465,-96.40134647,27119.0,650.4272414232877,1.96078431372549,200,204,4,0,200,200,31529,0,0,0,0,4
2020-09-02,US,Minnesota,Pope,64,0,0,45.58606667,-95.44451209,27121.0,568.9394612854476,0.0,64,64,0,0,64,64,11097,0,0,0,0,0
2020-09-02,US,Minnesota,Ramsey,9311,299,0,45.01625271,-93.09872295,27123.0,1691.9216239249454,3.2112555042422937,9012,9243,298,0,8945,9203,550210,68,1,0,67,40
2020-09-02,US,Minnesota,Red Lake,29,0,0,47.87197525,-96.09561104,27125.0,715.1664611590628,0.0,29,29,0,0,29,29,3999,0,0,0,0,0
2020-09-02,US,Minnesota,Redwood,71,0,0,44.40555844,-95.25207021,27127.0,468.0290046143705,0.0,71,66,0,0,66,62,15249,5,0,0,5,4
2020-09-02,US,Minnesota,Renville,84,6,0,44.72836381,-94.94553734,27129.0,577.398955182843,7.142857142857142,78,84,6,0,78,84,14612,0,0,0,0,0
2020-09-02,US,Minnesota,Rice,1207,8,0,44.3543376,-93.29658715,27131.0,1802.2457146270083,0.6628003314001657,1199,1199,8,0,1191,1193,66523,8,0,0,8,6
2020-09-02,US,Minnesota,Rock,110,0,0,43.67482683,-96.25296832,27133.0,1180.8910359634995,0.0,110,107,0,0,107,104,9414,3,0,0,3,3
2020-09-02,US,Minnesota,Roseau,73,0,0,48.77501878,-95.81079919,27135.0,481.37157929442793,0.0,73,74,0,0,74,73,15150,-1,0,0,-1,1
2020-09-02,US,Minnesota,Scott,2068,32,0,44.6490231,-93.53340251,27139.0,1387.7983800071136,1.5473887814313343,2036,2021,32,0,1989,2010,147381,47,0,0,47,11
2020-09-02,US,Minnesota,Sherburne,930,13,0,45.44447208,-93.77617511,27141.0,956.4162158826796,1.3978494623655917,917,920,13,0,907,915,96036,10,0,0,10,5
2020-09-02,US,Minnesota,Sibley,140,3,0,44.5796592,-94.23164924,27143.0,941.8096199125464,2.142857142857143,137,140,3,0,137,140,15028,0,0,0,0,0
2020-09-02,US,Minnesota,St. Louis,908,24,0,47.604840700000004,-92.46879855,27137.0,456.1209624755111,2.643171806167401,884,902,23,0,879,885,199754,6,1,0,5,17
2020-09-02,US,Minnesota,Stearns,3306,22,0,45.55192576,-94.61078221,27145.0,2052.4600341455844,0.6654567453115547,3284,3285,22,0,3263,3268,159256,21,0,0,21,17
2020-09-02,US,Minnesota,Steele,441,2,0,44.02240351,-93.22627088,27147.0,1203.3070479412809,0.453514739229025,439,436,2,0,434,433,36803,5,0,0,5,3
2020-09-02,US,Minnesota,Stevens,54,1,0,45.58613007,-96.00163705,27149.0,550.7394186639468,1.851851851851852,53,52,0,0,52,47,9753,2,1,0,1,5
2020-09-02,US,Minnesota,Swift,65,1,0,45.2829032,-95.68264092,27151.0,701.4893157781136,1.5384615384615383,64,65,1,0,64,65,9345,0,0,0,0,0
2020-09-02,US,Minnesota,Todd,452,2,0,46.06996226,-94.89785296,27153.0,1832.6305546545573,0.4424778761061947,450,451,2,0,449,449,24582,1,0,0,1,2
2020-09-02,US,Minnesota,Traverse,21,0,0,45.77298854,-96.47062949,27155.0,644.3694384780607,0.0,21,21,0,0,21,21,3308,0,0,0,0,0
2020-09-02,US,Minnesota,Unassigned,157,52,0,0.0,0.0,90027.0,0.0,33.121019108280265,105,164,49,0,115,159,,-7,3,0,-10,5
2020-09-02,US,Minnesota,Wabasha,125,0,0,44.28424356,-92.23121312,27157.0,577.9812271697415,0.0,125,124,0,0,124,123,21645,1,0,0,1,1
2020-09-02,US,Minnesota,Wadena,49,0,0,46.58589171,-94.96968506,27159.0,358.1347756175997,0.0,49,49,0,0,49,49,13773,0,0,0,0,0
2020-09-02,US,Minnesota,Waseca,271,3,0,44.02211116,-93.58720034,27161.0,1456.0498603051794,1.1070110701107012,268,270,3,0,267,266,18691,1,0,0,1,4
2020-09-02,US,Minnesota,Washington,3071,54,0,45.03864533,-92.88429635,27163.0,1170.1722298430118,1.7583848909150115,3017,3003,54,0,2949,2996,259201,68,0,0,68,7
2020-09-02,US,Minnesota,Watonwan,445,4,0,43.97823903,-94.61413846,27165.0,4083.692759475085,0.8988764044943821,441,445,4,0,441,443,10980,0,0,0,0,2
2020-09-02,US,Minnesota,Wilkin,51,3,0,46.35721532,-96.4684375,27167.0,821.6529724504593,5.882352941176472,48,51,3,0,48,51,6254,0,0,0,0,0
2020-09-02,US,Minnesota,Winona,507,17,0,43.98772283,-91.78081305,27169.0,1004.2785833135252,3.3530571992110447,490,481,17,0,464,446,50825,26,0,0,26,35
2020-09-02,US,Minnesota,Wright,1277,6,0,45.17297924,-93.96234781,27171.0,922.8412236137508,0.4698512137823023,1271,1262,6,0,1256,1251,136349,15,0,0,15,11
2020-09-02,US,Minnesota,Yellow Medicine,94,1,0,44.71710183,-95.86842453,27173.0,968.1738593057988,1.0638297872340423,93,90,1,0,89,87,9795,4,0,0,4,3
2020-09-02,US,Mississippi,Adams,797,32,0,31.47669768,-91.35326037,28001.0,2596.6832828332194,4.0150564617314926,765,791,32,0,759,791,31192,6,0,0,6,0
2020-09-02,US,Mississippi,Alcorn,654,6,0,34.88084463,-88.57996173,28003.0,1769.8157118501879,0.9174311926605504,648,641,6,0,635,630,36925,13,0,0,13,11
2020-09-02,US,Mississippi,Amite,279,7,0,31.17467303,-90.80501621,28005.0,2268.8460600146373,2.508960573476702,272,278,7,0,271,275,12326,1,0,0,1,3
2020-09-02,US,Mississippi,Attala,592,25,0,33.08658803,-89.57838564,28007.0,3257.400682293386,4.222972972972973,567,585,25,0,560,583,18365,7,0,0,7,2
2020-09-02,US,Mississippi,Benton,196,1,0,34.81681228,-89.18945516,28009.0,2373.168664487226,0.5102040816326531,195,194,1,0,193,193,8271,2,0,0,2,1
2020-09-02,US,Mississippi,Bolivar,1556,54,0,33.79696941,-90.87372121,28011.0,5080.318662661617,3.4704370179948585,1502,1512,51,0,1461,1492,31333,44,3,0,41,20
2020-09-02,US,Mississippi,Calhoun,482,11,0,33.93683395,-89.33686647,28013.0,3356.312234524058,2.282157676348548,471,476,10,0,466,470,14436,6,1,0,5,6
2020-09-02,US,Mississippi,Carroll,294,12,0,33.44834567,-89.91994479,28015.0,2955.6650246305408,4.081632653061225,282,292,12,0,280,292,9911,2,0,0,2,0
2020-09-02,US,Mississippi,Chickasaw,600,22,0,33.91983202,-88.9481545,28017.0,3508.1564637782844,3.6666666666666665,578,598,22,0,576,592,17171,2,0,0,2,6
2020-09-02,US,Mississippi,Choctaw,158,4,0,33.34598242,-89.24809382,28019.0,1924.4823386114488,2.5316455696202533,154,158,4,0,154,155,8278,0,0,0,0,3
2020-09-02,US,Mississippi,Claiborne,441,16,0,31.97061673,-90.90702196,28021.0,4906.542056074766,3.6281179138322,425,440,16,0,424,440,9002,1,0,0,1,0
2020-09-02,US,Mississippi,Clarke,477,30,0,32.04158545,-88.68896219999998,28023.0,3069.300559809536,6.289308176100628,447,468,30,0,438,462,15604,9,0,0,9,6
2020-09-02,US,Mississippi,Clay,483,16,0,33.65358105,-88.77784255,28025.0,2500.5177055290947,3.312629399585921,467,481,16,0,465,473,19386,2,0,0,2,8
2020-09-02,US,Mississippi,Coahoma,1013,20,0,34.22772299,-90.60415045,28027.0,4578.738022057494,1.974333662388944,993,987,19,0,968,984,22628,26,1,0,25,3
2020-09-02,US,Mississippi,Copiah,1103,31,0,31.86977774,-90.44565118,28029.0,3930.162123641545,2.8105167724388034,1072,1100,31,0,1069,1095,28543,3,0,0,3,5
2020-09-02,US,Mississippi,Covington,725,17,0,31.63225413,-89.55389939,28031.0,3890.3198111182655,2.3448275862068964,708,719,17,0,702,718,18853,6,0,0,6,1
2020-09-02,US,Mississippi,DeSoto,4713,48,0,34.87625235,-89.99091418,28033.0,2548.325177755549,1.0184595798854232,4665,4671,45,0,4626,4624,182001,42,3,0,39,47
2020-09-02,US,Mississippi,Forrest,2165,66,0,31.18961454,-89.25832496,28035.0,2890.6364740910853,3.0484988452655886,2099,2140,63,0,2077,2128,75036,25,3,0,22,12
2020-09-02,US,Mississippi,Franklin,178,3,0,31.47786634,-90.89672989,28037.0,2307.7920394139765,1.6853932584269662,175,176,3,0,173,175,7788,2,0,0,2,1
2020-09-02,US,Mississippi,George,687,13,0,30.86259065,-88.64436789,28039.0,2804.0816326530608,1.8922852983988356,674,687,13,0,674,685,24250,0,0,0,0,2
2020-09-02,US,Mississippi,Greene,300,14,0,31.21444233,-88.63922281,28041.0,2208.155454143972,4.666666666666667,286,298,14,0,284,295,13586,2,0,0,2,3
2020-09-02,US,Mississippi,Grenada,966,32,0,33.77036166,-89.80245083,28043.0,4653.627517101841,3.312629399585921,934,952,32,0,920,947,21055,14,0,0,14,5
2020-09-02,US,Mississippi,Hancock,502,20,0,30.41830223,-89.48851033,28045.0,1053.9133355727242,3.98406374501992,482,501,20,0,481,495,47334,1,0,0,1,6
2020-09-02,US,Mississippi,Harrison,3375,58,0,30.51359752,-89.12467576,28047.0,1621.9723183391006,1.7185185185185186,3317,3336,57,0,3279,3300,206650,39,1,0,38,36
2020-09-02,US,Mississippi,Hinds,6564,140,0,32.2656285,-90.44435448,28049.0,2831.262939958592,2.1328458257160268,6424,6547,140,0,6407,6531,237085,17,0,0,17,16
2020-09-02,US,Mississippi,Holmes,1047,54,0,33.12345854,-90.08923538,28051.0,6155.202821869489,5.1575931232091685,993,1045,54,0,991,1041,17622,2,0,0,2,4
2020-09-02,US,Mississippi,Humphreys,342,15,0,33.12825718,-90.52252707,28053.0,4241.071428571428,4.385964912280701,327,338,15,0,323,336,8257,4,0,0,4,2
2020-09-02,US,Mississippi,Issaquena,99,3,0,32.72531359,-90.97392828,28055.0,7460.43707611153,3.0303030303030303,96,98,3,0,95,97,1308,1,0,0,1,1
2020-09-02,US,Mississippi,Itawamba,592,17,0,34.27993475,-88.3606733,28057.0,2530.996152201796,2.871621621621621,575,581,17,0,564,557,23517,11,0,0,11,24
2020-09-02,US,Mississippi,Jackson,3073,60,0,30.54020656,-88.64184064,28059.0,2139.7188355139015,1.95248942401562,3013,3052,60,0,2992,3005,143277,21,0,0,21,47
2020-09-02,US,Mississippi,Jasper,486,13,0,32.01922104,-89.11786866,28061.0,2966.4896539095403,2.674897119341564,473,484,13,0,471,481,16428,2,0,0,2,3
2020-09-02,US,Mississippi,Jefferson,222,9,0,31.73397872,-91.03764977,28063.0,3175.9656652360522,4.0540540540540535,213,221,9,0,212,221,7106,1,0,0,1,0
2020-09-02,US,Mississippi,Jefferson Davis,307,9,0,31.56884708,-89.82670990000004,28065.0,2758.806613946801,2.931596091205212,298,305,9,0,296,303,11234,2,0,0,2,2
2020-09-02,US,Mississippi,Jones,2178,74,0,31.62257767,-89.16896899999998,28067.0,3198.331815912361,3.3976124885215797,2104,2169,73,0,2096,2159,68461,9,1,0,8,10
2020-09-02,US,Mississippi,Kemper,275,15,0,32.75462946,-88.64105766,28069.0,2822.828987887497,5.454545454545454,260,273,15,0,258,270,10027,2,0,0,2,3
2020-09-02,US,Mississippi,Lafayette,1527,38,0,34.35687874,-89.48490961,28071.0,2826.783168885022,2.4885396201702683,1489,1470,36,0,1434,1436,54793,57,2,0,55,34
2020-09-02,US,Mississippi,Lamar,1447,31,0,31.20572971,-89.5077704,28073.0,2284.388172331592,2.1423635107118177,1416,1440,30,0,1410,1437,62447,7,1,0,6,3
2020-09-02,US,Mississippi,Lauderdale,1817,108,0,32.40419769,-88.66229662,28075.0,2451.264755480607,5.943863511282332,1709,1782,108,0,1674,1756,75317,35,0,0,35,26
2020-09-02,US,Mississippi,Lawrence,406,11,0,31.55147224,-90.10841127,28077.0,3225.8064516129034,2.70935960591133,395,404,10,0,394,402,12455,2,1,0,1,2
2020-09-02,US,Mississippi,Leake,890,31,0,32.7536828,-89.52402044,28079.0,3905.9071359606787,3.4831460674157304,859,883,31,0,852,878,22763,7,0,0,7,5
2020-09-02,US,Mississippi,Lee,2240,60,0,34.291877500000005,-88.68149954,28081.0,2621.8455920220986,2.6785714285714284,2180,2211,58,0,2153,2177,85202,29,2,0,27,34
2020-09-02,US,Mississippi,Leflore,1248,75,0,33.55545125,-90.29900733,28083.0,4428.20139800589,6.009615384615384,1173,1244,75,0,1169,1235,28919,4,0,0,4,9
2020-09-02,US,Mississippi,Lincoln,981,51,0,31.53288662,-90.45391915,28085.0,2872.368459578953,5.198776758409786,930,974,51,0,923,971,34205,7,0,0,7,3
2020-09-02,US,Mississippi,Lowndes,1297,55,0,33.47386518,-88.44191529999998,28087.0,2213.499445345166,4.240555127216654,1242,1294,55,0,1239,1285,58930,3,0,0,3,9
2020-09-02,US,Mississippi,Madison,3009,83,0,32.63389156,-90.03513564,28089.0,2831.4137308039753,2.7583914921900963,2926,2994,83,0,2911,2971,105630,15,0,0,15,23
2020-09-02,US,Mississippi,Marion,787,26,0,31.23132643,-89.8209217,28091.0,3202.7021527693,3.303684879288437,761,783,26,0,757,781,24715,4,0,0,4,2
2020-09-02,US,Mississippi,Marshall,971,13,0,34.76216286,-89.50299462,28093.0,2751.1758372527906,1.3388259526261586,958,956,13,0,943,945,35451,15,0,0,15,11
2020-09-02,US,Mississippi,Monroe,1059,60,0,33.89236763,-88.4808438,28095.0,3004.0848746170427,5.665722379603398,999,1046,59,0,987,1037,35564,13,1,0,12,9
2020-09-02,US,Mississippi,Montgomery,411,18,0,33.49419589,-89.61729103,28097.0,4204.60358056266,4.37956204379562,393,412,17,0,395,410,10023,-1,1,0,-2,2
2020-09-02,US,Mississippi,Neshoba,1439,101,0,32.75339664,-89.11726492,28099.0,4941.960299471119,7.018763029881862,1338,1435,100,0,1335,1430,29125,4,1,0,3,5
2020-09-02,US,Mississippi,Newton,679,18,0,32.40021118,-89.11843336,28101.0,3230.564278237701,2.650957290132548,661,672,17,0,655,665,21443,7,1,0,6,7
2020-09-02,US,Mississippi,Noxubee,523,14,0,33.11009499,-88.56949061,28103.0,5020.639339541135,2.676864244741874,509,520,14,0,506,519,10535,3,0,0,3,1
2020-09-02,US,Mississippi,Oktibbeha,1497,46,0,33.42491685,-88.87905132,28105.0,3018.936414786133,3.072812291249165,1451,1459,46,0,1413,1439,49599,38,0,0,38,20
2020-09-02,US,Mississippi,Panola,1307,23,0,34.36398677,-89.95064249,28107.0,3822.531586335985,1.7597551644988525,1284,1295,23,0,1272,1294,34178,12,0,0,12,1
2020-09-02,US,Mississippi,Pearl River,758,48,0,30.77090935,-89.58677275,28109.0,1364.9050148554966,6.3324538258575185,710,752,48,0,704,751,55387,6,0,0,6,1
2020-09-02,US,Mississippi,Perry,321,9,0,31.17161885,-88.99281835,28111.0,2681.0323227261333,2.803738317757009,312,294,9,0,285,294,11931,27,0,0,27,0
2020-09-02,US,Mississippi,Pike,1145,45,0,31.17507789,-90.40392572,28113.0,2914.375890857259,3.930131004366812,1100,1137,45,0,1092,1132,39563,8,0,0,8,5
2020-09-02,US,Mississippi,Pontotoc,1085,13,0,34.226046000000004,-89.03636807,28115.0,3372.288183004911,1.1981566820276497,1072,1071,13,0,1058,1059,31833,14,0,0,14,12
2020-09-02,US,Mississippi,Prentiss,644,15,0,34.61810501,-88.51986294,28117.0,2563.082066385417,2.329192546583851,629,639,14,0,625,624,25315,5,1,0,4,15
2020-09-02,US,Mississippi,Quitman,337,4,0,34.25157572,-90.28908,28119.0,4961.719670200237,1.1869436201780414,333,327,4,0,323,322,7051,10,0,0,10,5
2020-09-02,US,Mississippi,Rankin,2882,65,0,32.26469147,-89.94537876,28121.0,1856.1096405639173,2.255378209576683,2817,2857,63,0,2794,2850,153902,25,2,0,23,7
2020-09-02,US,Mississippi,Scott,1108,22,0,32.406704100000006,-89.53789439,28123.0,3939.6956336225294,1.985559566787004,1086,1099,22,0,1077,1093,28287,9,0,0,9,6
2020-09-02,US,Mississippi,Sharkey,245,9,0,32.88149103,-90.81595379999999,28125.0,5669.983800046285,3.673469387755102,236,251,8,0,243,251,4377,-6,1,0,-7,0
2020-09-02,US,Mississippi,Simpson,942,39,0,31.91282117,-89.91716179,28127.0,3533.648435741616,4.140127388535031,903,938,39,0,899,938,26758,4,0,0,4,0
2020-09-02,US,Mississippi,Smith,479,13,0,32.01744532,-89.50644846,28129.0,3009.550138225685,2.7139874739039667,466,474,13,0,461,467,16002,5,0,0,5,7
2020-09-02,US,Mississippi,Stone,323,10,0,30.79187949,-89.11547539,28131.0,1761.5619546247822,3.095975232198142,313,321,10,0,311,316,18717,2,0,0,2,5
2020-09-02,US,Mississippi,Sunflower,1278,39,0,33.60192578,-90.58882684,28133.0,5089.605734767025,3.0516431924882634,1239,1266,39,0,1227,1260,25735,12,0,0,12,6
2020-09-02,US,Mississippi,Tallahatchie,647,13,0,33.95339918,-90.1729398,28135.0,4685.350133970599,2.009273570324575,634,636,13,0,623,630,13987,11,0,0,11,6
2020-09-02,US,Mississippi,Tate,864,35,0,34.65133709,-89.94485778,28137.0,3050.739733766463,4.0509259259259265,829,859,32,0,827,856,28759,5,3,0,2,3
2020-09-02,US,Mississippi,Tippah,555,15,0,34.76872156,-88.90988194,28139.0,2521.008403361345,2.702702702702702,540,551,15,0,536,548,21995,4,0,0,4,3
2020-09-02,US,Mississippi,Tishomingo,566,30,0,34.74023475,-88.23917219,28141.0,2920.0846102254554,5.300353356890461,536,561,29,0,532,556,19454,5,1,0,4,5
2020-09-02,US,Mississippi,Tunica,451,12,0,34.64967704,-90.37481167,28143.0,4682.308970099668,2.6607538802660757,439,451,12,0,439,450,9944,0,0,0,0,1
2020-09-02,US,Mississippi,Union,894,23,0,34.49162015,-89.00776006,28145.0,3102.5507548152,2.5727069351230427,871,887,23,0,864,881,28606,7,0,0,7,6
2020-09-02,US,Mississippi,Walthall,569,24,0,31.14971548,-90.10446654,28147.0,3982.920341593168,4.21792618629174,545,564,24,0,540,564,14465,5,0,0,5,0
2020-09-02,US,Mississippi,Warren,1317,46,0,32.35810271,-90.83352619,28149.0,2902.095590665697,3.4927866362946087,1271,1314,46,0,1268,1314,46176,3,0,0,3,0
2020-09-02,US,Mississippi,Washington,2018,64,0,33.28392041,-90.94196237,28151.0,4595.8687285066835,3.171456888007929,1954,2007,62,0,1945,1989,45063,11,2,0,9,18
2020-09-02,US,Mississippi,Wayne,850,21,0,31.64135687,-88.69573913,28153.0,4211.465094386364,2.4705882352941178,829,849,21,0,828,847,20298,1,0,0,1,2
2020-09-02,US,Mississippi,Webster,307,13,0,33.61300486,-89.28392912,28155.0,3168.5416451646197,4.234527687296417,294,306,13,0,293,304,9788,1,0,0,1,2
2020-09-02,US,Mississippi,Wilkinson,281,17,0,31.16078225,-91.31018819,28157.0,3256.0834298957125,6.049822064056939,264,277,17,0,260,277,8792,4,0,0,4,0
2020-09-02,US,Mississippi,Winston,701,19,0,33.08747908,-89.03391385,28159.0,3904.2049568365364,2.7104136947218262,682,696,19,0,677,695,18165,5,0,0,5,1
2020-09-02,US,Mississippi,Yalobusha,381,13,0,34.02824175,-89.70762049999998,28161.0,3146.6798810703667,3.4120734908136483,368,374,13,0,361,365,12392,7,0,0,7,9
2020-09-02,US,Mississippi,Yazoo,961,21,0,32.77890365,-90.39656148,28163.0,3236.7800606264727,2.1852237252861597,940,958,21,0,937,954,28248,3,0,0,3,4
2020-09-02,US,Missouri,Adair,242,0,0,40.19058551,-92.60078167,29001.0,954.8987886201317,0.0,242,231,0,0,231,229,25339,11,0,0,11,2
2020-09-02,US,Missouri,Andrew,131,1,0,39.98492163,-94.80163024,29003.0,739.6115627822943,0.7633587786259542,130,125,1,0,124,126,17607,6,0,0,6,-1
2020-09-02,US,Missouri,Atchison,33,0,0,40.43238737,-95.42970639,29005.0,641.6488430876921,0.0,33,29,0,0,29,28,5171,4,0,0,4,1
2020-09-02,US,Missouri,Audrain,273,1,0,39.215877,-91.84242683,29007.0,1075.3111706317945,0.3663003663003663,272,268,1,0,267,268,25473,5,0,0,5,0
2020-09-02,US,Missouri,Barry,360,5,0,36.70978521,-93.82919888,29009.0,1005.8956662661712,1.3888888888888888,355,358,5,0,353,355,35886,2,0,0,2,3
2020-09-02,US,Missouri,Barton,108,0,0,37.50207671,-94.34757022,29011.0,918.8361408882083,0.0,108,105,0,0,105,103,11798,3,0,0,3,2
2020-09-02,US,Missouri,Bates,77,1,0,38.25271289,-94.34113157,29013.0,476.1315854563443,1.2987012987012987,76,77,1,0,76,77,16320,0,0,0,0,0
2020-09-02,US,Missouri,Benton,156,1,0,38.29503305,-93.28756116,29015.0,802.3453170806972,0.6410256410256411,155,155,1,0,154,156,19278,1,0,0,1,-1
2020-09-02,US,Missouri,Bollinger,133,1,0,37.32449052,-90.02725304,29017.0,1096.1839610978323,0.7518796992481203,132,130,1,0,129,129,12169,3,0,0,3,1
2020-09-02,US,Missouri,Boone,2817,6,0,38.99186229,-92.30723575,29019.0,1560.984800208353,0.21299254526091588,2811,2714,6,0,2708,2618,180005,103,0,0,103,96
2020-09-02,US,Missouri,Buchanan,1322,10,0,39.65816401,-94.80138942,29021.0,1513.2091021473377,0.75642965204236,1312,1302,10,0,1292,1300,88571,20,0,0,20,2
2020-09-02,US,Missouri,Butler,383,3,0,36.71462476,-90.40421163,29023.0,901.6432035406565,0.783289817232376,380,379,3,0,376,376,42639,4,0,0,4,3
2020-09-02,US,Missouri,Caldwell,44,1,0,39.65620858,-93.98308093,29025.0,487.8048780487805,2.272727272727273,43,42,1,0,41,42,9108,2,0,0,2,0
2020-09-02,US,Missouri,Callaway,344,2,0,38.83674754,-91.92186505,29027.0,768.8353485461412,0.5813953488372093,342,338,2,0,336,332,44889,6,0,0,6,6
2020-09-02,US,Missouri,Camden,556,8,0,38.02199522,-92.76083747,29029.0,1200.734261958752,1.4388489208633093,548,536,8,0,528,528,45815,20,0,0,20,8
2020-09-02,US,Missouri,Cape Girardeau,989,8,0,37.38489388,-89.6843587,29031.0,1253.9463174043692,0.8088978766430738,981,975,8,0,967,968,78753,14,0,0,14,7
2020-09-02,US,Missouri,Carroll,114,0,0,39.42762566,-93.50626255,29033.0,1313.5153819564466,0.0,114,112,0,0,112,112,8743,2,0,0,2,0
2020-09-02,US,Missouri,Carter,37,1,0,36.94160441,-90.96051322,29035.0,618.522233366767,2.702702702702702,36,37,1,0,36,37,6054,0,0,0,0,0
2020-09-02,US,Missouri,Cass,1092,11,0,38.64789422,-94.353399,29037.0,1032.3312535450937,1.0073260073260073,1081,1080,11,0,1069,1075,104954,12,0,0,12,5
2020-09-02,US,Missouri,Cedar,54,0,0,37.72391475,-93.85445441,29039.0,376.3328454944596,0.0,54,51,0,0,51,51,14165,3,0,0,3,0
2020-09-02,US,Missouri,Chariton,30,0,0,39.51499357,-92.9629191,29041.0,403.9859951521681,0.0,30,29,0,0,29,28,7451,1,0,0,1,1
2020-09-02,US,Missouri,Christian,719,1,0,36.9711783,-93.18537118,29043.0,811.5582143461819,0.13908205841446453,718,693,1,0,692,675,86983,26,0,0,26,18
2020-09-02,US,Missouri,Clark,48,0,0,40.41040752,-91.73661677,29045.0,706.1939090775342,0.0,48,44,0,0,44,43,6842,4,0,0,4,1
2020-09-02,US,Missouri,Clay,1412,31,0,39.31132056,-94.41850862,29047.0,564.9175028405907,2.1954674220963173,1381,1403,31,0,1372,1381,246365,9,0,0,9,22
2020-09-02,US,Missouri,Clinton,135,0,0,39.6013098,-94.40465394,29049.0,662.186687595036,0.0,135,129,0,0,129,127,20470,6,0,0,6,2
2020-09-02,US,Missouri,Cole,881,4,0,38.50455671,-92.27860244,29051.0,1147.957521662649,0.4540295119182747,877,863,4,0,859,846,76796,18,0,0,18,17
2020-09-02,US,Missouri,Cooper,244,1,0,38.844478,-92.80896081,29053.0,1377.830481675984,0.4098360655737705,243,239,1,0,238,232,17603,5,0,0,5,7
2020-09-02,US,Missouri,Crawford,198,1,0,37.97663738,-91.30528104,29055.0,827.7591973244148,0.5050505050505051,197,193,1,0,192,186,23957,5,0,0,5,7
2020-09-02,US,Missouri,Dade,30,0,0,37.431814,-93.8503345,29057.0,396.7729136357625,0.0,30,30,0,0,30,30,7569,0,0,0,0,0
2020-09-02,US,Missouri,Dallas,108,1,0,37.681135499999996,-93.02127031,29059.0,639.8862424457874,0.925925925925926,107,108,1,0,107,109,16762,0,0,0,0,-1
2020-09-02,US,Missouri,Daviess,30,0,0,39.96145298,-93.98519678,29061.0,362.4063783522589,0.0,30,26,0,0,26,26,8313,4,0,0,4,0
2020-09-02,US,Missouri,DeKalb,71,1,0,39.89201062,-94.40476508,29063.0,565.8723200765122,1.4084507042253518,70,67,1,0,66,65,12630,4,0,0,4,2
2020-09-02,US,Missouri,Dent,43,0,0,37.60663134,-91.50790473,29065.0,276.1189237783343,0.0,43,39,0,0,39,39,15441,4,0,0,4,0
2020-09-02,US,Missouri,Douglas,114,2,0,36.9325593,-92.49905109,29067.0,864.6188850967008,1.7543859649122806,112,112,2,0,110,112,13373,2,0,0,2,0
2020-09-02,US,Missouri,Dunklin,532,4,0,36.27167174,-90.09122243,29069.0,1826.2332223404621,0.7518796992481203,528,517,4,0,513,491,29423,15,0,0,15,26
2020-09-02,US,Missouri,Franklin,1055,22,0,38.41127108,-91.07522826,29071.0,1014.7450633374052,2.085308056872038,1033,1040,22,0,1018,1025,103670,15,0,0,15,15
2020-09-02,US,Missouri,Gasconade,99,3,0,38.43947277,-91.50847147,29073.0,673.1946144430844,3.0303030303030303,96,93,3,0,90,95,14705,6,0,0,6,-2
2020-09-02,US,Missouri,Gentry,100,9,0,40.21097916,-94.40944419,29075.0,1521.838380763963,9.0,91,94,9,0,85,93,6628,6,0,0,6,1
2020-09-02,US,Missouri,Greene,3372,10,0,37.2575872,-93.34230916,29077.0,1150.515548337348,0.2965599051008304,3362,3248,10,0,3238,3158,291923,124,0,0,124,90
2020-09-02,US,Missouri,Grundy,58,1,0,40.11406587,-93.56509276,29079.0,588.8324873096446,1.7241379310344829,57,52,1,0,51,49,9914,6,0,0,6,3
2020-09-02,US,Missouri,Harrison,78,1,0,40.35570088,-93.99222144,29081.0,933.9080459770115,1.2820512820512822,77,73,1,0,72,73,8414,5,0,0,5,0
2020-09-02,US,Missouri,Henry,118,3,0,38.38482826,-93.79293734,29083.0,540.6891495601174,2.5423728813559316,115,116,3,0,113,115,21792,2,0,0,2,1
2020-09-02,US,Missouri,Hickory,64,0,0,37.94163617,-93.3203037,29085.0,670.5783738474435,0.0,64,64,0,0,64,64,9509,0,0,0,0,0
2020-09-02,US,Missouri,Holt,67,0,0,40.09799248,-95.21638879999999,29087.0,1521.6897569838745,0.0,67,64,0,0,64,62,4404,3,0,0,3,2
2020-09-02,US,Missouri,Howard,128,0,0,39.1435761,-92.69756691,29089.0,1279.8720127987199,0.0,128,125,0,0,125,118,10137,3,0,0,3,7
2020-09-02,US,Missouri,Howell,285,3,0,36.77383887,-91.88683935,29091.0,710.4220156043573,1.0526315789473684,282,274,3,0,271,264,40076,11,0,0,11,10
2020-09-02,US,Missouri,Iron,51,0,0,37.55487945,-90.7735296,29093.0,503.7037037037037,0.0,51,50,0,0,50,49,10177,1,0,0,1,1
2020-09-02,US,Missouri,Jackson,5707,78,0,39.01002188,-94.34724536,29095.0,811.7938410636533,1.366742596810934,5629,5606,78,0,5528,5521,700307,101,0,0,101,85
2020-09-02,US,Missouri,Jasper,2440,35,0,37.20351921,-94.34050458,29097.0,2011.077409996044,1.4344262295081966,2405,2375,35,0,2340,2353,120636,65,0,0,65,22
2020-09-02,US,Missouri,Jefferson,2819,40,0,38.25926778,-90.53870896,29099.0,1252.4380112048552,1.4189428875487762,2779,2770,40,0,2730,2710,224347,49,0,0,49,60
2020-09-02,US,Missouri,Johnson,599,3,0,38.74719601,-93.80691168,29101.0,1107.987125892494,0.5008347245409015,596,597,3,0,594,595,53652,2,0,0,2,2
2020-09-02,US,Missouri,Kansas City,9424,72,0,39.0997,-94.5786,0.0,1927.423032950671,0.7640067911714771,9352,9316,71,0,9245,9295,491918,108,1,0,107,21
2020-09-02,US,Missouri,Knox,39,0,0,40.12699751,-92.14780832,29103.0,985.0972467794898,0.0,39,38,0,0,38,38,3947,1,0,0,1,0
2020-09-02,US,Missouri,Laclede,307,1,0,37.65896829,-92.5888493,29105.0,859.3903087646614,0.3257328990228013,306,301,1,0,300,293,35713,6,0,0,6,8
2020-09-02,US,Missouri,Lafayette,250,2,0,39.06986886,-93.78076396,29107.0,764.3389996331172,0.8,248,245,2,0,243,239,32598,5,0,0,5,6
2020-09-02,US,Missouri,Lawrence,363,2,0,37.10626634,-93.83293097,29109.0,946.421587798201,0.5509641873278237,361,356,2,0,354,354,38359,7,0,0,7,2
2020-09-02,US,Missouri,Lewis,60,2,0,40.09673161,-91.72070156,29111.0,613.747954173486,3.333333333333333,58,60,2,0,58,60,9855,0,0,0,0,0
2020-09-02,US,Missouri,Lincoln,586,1,0,39.05345619,-90.95588181,29113.0,993.0015420331114,0.17064846416382254,585,574,1,0,573,564,57686,12,0,0,12,10
2020-09-02,US,Missouri,Linn,49,1,0,39.87001769,-93.10704106,29115.0,411.0738255033557,2.0408163265306123,48,49,1,0,48,47,12037,0,0,0,0,2
2020-09-02,US,Missouri,Livingston,76,1,0,39.78110272,-93.54645978,29117.0,499.1134169567217,1.3157894736842106,75,74,1,0,73,74,15146,2,0,0,2,0
2020-09-02,US,Missouri,Macon,82,0,0,39.83049768,-92.56453089,29121.0,542.4356684527353,0.0,82,80,0,0,80,79,15153,2,0,0,2,1
2020-09-02,US,Missouri,Madison,170,0,0,37.47865134,-90.34671429999999,29123.0,1406.3534083388486,0.0,170,147,0,0,147,143,12188,23,0,0,23,4
2020-09-02,US,Missouri,Maries,46,0,0,38.16193985,-91.92249662,29125.0,528.9180177072553,0.0,46,46,0,0,46,46,8769,0,0,0,0,0
2020-09-02,US,Missouri,Marion,489,3,0,39.80601912,-91.62203062,29127.0,1713.9852786540484,0.6134969325153374,486,483,3,0,480,471,28592,6,0,0,6,12
2020-09-02,US,Missouri,McDonald,994,10,0,36.62869595,-94.34867205,29119.0,4352.585716162368,1.0060362173038229,984,992,10,0,982,988,23078,2,0,0,2,4
2020-09-02,US,Missouri,Mercer,20,0,0,40.42212303,-93.56829590000001,29129.0,552.944429084877,0.0,20,20,0,0,20,20,3641,0,0,0,0,0
2020-09-02,US,Missouri,Miller,265,1,0,38.21450288,-92.42610898,29131.0,1034.38853975565,0.37735849056603776,264,252,1,0,251,252,25336,13,0,0,13,0
2020-09-02,US,Missouri,Mississippi,237,0,0,36.82516239,-89.29505753,29133.0,1798.1790591805766,0.0,237,236,0,0,236,234,13336,1,0,0,1,2
2020-09-02,US,Missouri,Moniteau,195,3,0,38.63571781,-92.57976951,29135.0,1208.777584924374,1.5384615384615383,192,191,3,0,188,188,16121,4,0,0,4,3
2020-09-02,US,Missouri,Monroe,72,0,0,39.49593978,-92.00043978,29137.0,832.9477093937993,0.0,72,70,0,0,70,69,8664,2,0,0,2,1
2020-09-02,US,Missouri,Montgomery,55,1,0,38.94022054,-91.47000721,29139.0,476.1492511470868,1.818181818181818,54,56,1,0,55,56,11534,-1,0,0,-1,0
2020-09-02,US,Missouri,Morgan,128,0,0,38.4181765,-92.88791859,29141.0,620.5458864594948,0.0,128,121,0,0,121,120,20358,7,0,0,7,1
2020-09-02,US,Missouri,New Madrid,421,5,0,36.59666326,-89.66070007,29143.0,2465.448582806278,1.187648456057007,416,413,4,0,409,410,17296,8,1,0,7,3
2020-09-02,US,Missouri,Newton,1104,13,0,36.90519407,-94.3394104,29145.0,1895.7345971563986,1.177536231884058,1091,1094,13,0,1081,1086,58266,10,0,0,10,8
2020-09-02,US,Missouri,Nodaway,567,6,0,40.36079813,-94.88133008,29147.0,2566.539923954373,1.058201058201058,561,553,6,0,547,507,22304,14,0,0,14,46
2020-09-02,US,Missouri,Oregon,52,0,0,36.68710164,-91.4033755,29149.0,493.87406211416084,0.0,52,49,0,0,49,50,10541,3,0,0,3,-1
2020-09-02,US,Missouri,Osage,85,1,0,38.46036182,-91.8613635,29151.0,624.3114212265883,1.1764705882352942,84,82,1,0,81,80,13714,3,0,0,3,2
2020-09-02,US,Missouri,Ozark,27,0,0,36.64916339,-92.44459066,29153.0,294.31000654022233,0.0,27,26,0,0,26,26,9017,1,0,0,1,0
2020-09-02,US,Missouri,Pemiscot,346,9,0,36.2130572,-89.78742322,29155.0,2189.180639038279,2.601156069364162,337,340,9,0,331,334,16272,6,0,0,6,6
2020-09-02,US,Missouri,Perry,412,4,0,37.70660776,-89.82741088,29157.0,2153.010033444816,0.9708737864077671,408,395,4,0,391,394,19150,17,0,0,17,1
2020-09-02,US,Missouri,Pettis,816,8,0,38.72798918,-93.28471706,29159.0,1927.3010699355207,0.9803921568627452,808,802,8,0,794,797,42542,14,0,0,14,5
2020-09-02,US,Missouri,Phelps,224,0,0,37.87736118,-91.79351727,29161.0,502.5463845825949,0.0,224,212,0,0,212,210,44732,12,0,0,12,2
2020-09-02,US,Missouri,Pike,148,2,0,39.34310674,-91.16980779,29163.0,808.65479182603,1.351351351351351,146,145,2,0,143,145,18504,3,0,0,3,0
2020-09-02,US,Missouri,Platte,495,10,0,39.38154439,-94.77068479,29165.0,474.05619720737803,2.0202020202020203,485,492,10,0,482,477,102985,3,0,0,3,15
2020-09-02,US,Missouri,Polk,309,0,0,37.616229600000004,-93.39828174,29167.0,961.1496469563594,0.0,309,292,0,0,292,291,32201,17,0,0,17,1
2020-09-02,US,Missouri,Pulaski,400,2,0,37.82462075,-92.20783203,29169.0,760.3550858250802,0.5,398,389,2,0,387,392,52014,11,0,0,11,-3
2020-09-02,US,Missouri,Putnam,26,1,0,40.47942497,-93.02042674,29171.0,553.6626916524701,3.8461538461538463,25,24,1,0,23,23,4757,2,0,0,2,1
2020-09-02,US,Missouri,Ralls,115,0,0,39.52817427,-91.51838643,29173.0,1115.5301193132213,0.0,115,115,0,0,115,112,10212,0,0,0,0,3
2020-09-02,US,Missouri,Randolph,130,1,0,39.44007257,-92.49713740000001,29175.0,525.2949733311783,0.7692307692307693,129,128,1,0,127,128,24763,2,0,0,2,0
2020-09-02,US,Missouri,Ray,125,0,0,39.353746799999996,-93.98905745,29177.0,543.0532626640022,0.0,125,124,0,0,124,124,22883,1,0,0,1,0
2020-09-02,US,Missouri,Reynolds,23,0,0,37.36085952,-90.97009925,29179.0,366.8261562998405,0.0,23,22,0,0,22,22,6254,1,0,0,1,0
2020-09-02,US,Missouri,Ripley,92,0,0,36.65460667,-90.85990261,29181.0,692.3540036122818,0.0,92,91,0,0,91,88,13401,1,0,0,1,3
2020-09-02,US,Missouri,Saline,551,7,0,39.13734288,-93.20259964,29195.0,2420.8075216378893,1.2704174228675136,544,547,7,0,540,546,22895,4,0,0,4,1
2020-09-02,US,Missouri,Schuyler,18,0,0,40.46921489,-92.52311943,29197.0,386.26609442060084,0.0,18,18,0,0,18,18,4599,0,0,0,0,0
2020-09-02,US,Missouri,Scotland,20,1,0,40.45214695,-92.14709064,29199.0,407.9967360261118,5.0,19,18,1,0,17,18,4966,2,0,0,2,0
2020-09-02,US,Missouri,Scott,652,14,0,37.05588075,-89.56474493,29201.0,1703.239289446186,2.147239263803681,638,632,14,0,618,625,38458,20,0,0,20,7
2020-09-02,US,Missouri,Shannon,54,1,0,37.15772072,-91.40190382,29203.0,661.2784717119765,1.851851851851852,53,53,1,0,52,52,8189,1,0,0,1,1
2020-09-02,US,Missouri,Shelby,46,0,0,39.79742518,-92.07634971,29205.0,775.716694772344,0.0,46,46,0,0,46,46,6050,0,0,0,0,0
2020-09-02,US,Missouri,St. Charles,5861,105,0,38.77875681,-90.66662425,29183.0,1457.8804145046786,1.7915031564579422,5756,5801,105,0,5696,5729,399182,60,0,0,60,72
2020-09-02,US,Missouri,St. Clair,27,0,0,38.03699437,-93.77631447,29185.0,287.3257422581675,0.0,27,27,0,0,27,27,9395,0,0,0,0,0
2020-09-02,US,Missouri,St. Francois,1113,5,0,37.81214171,-90.47598685,29187.0,1655.8803838428921,0.4492362982929021,1108,1099,5,0,1094,1085,66692,14,0,0,14,14
2020-09-02,US,Missouri,St. Louis,19852,752,0,38.63770039999999,-90.4458375,29189.0,1996.771289623368,3.7880314326012487,19100,19665,738,0,18927,19432,996945,187,14,0,173,233
2020-09-02,US,Missouri,St. Louis City,6271,188,0,38.63555736,-90.24349225,29510.0,2086.3275843713404,2.9979269653962684,6083,6216,188,0,6028,6174,302838,55,0,0,55,42
2020-09-02,US,Missouri,Ste. Genevieve,113,1,0,37.89090059,-90.1949941,29186.0,631.4965910361012,0.8849557522123894,112,112,1,0,111,109,17888,1,0,0,1,3
2020-09-02,US,Missouri,Stoddard,301,9,0,36.85571651,-89.9444155,29207.0,1037.037037037037,2.990033222591362,292,296,9,0,287,295,29206,5,0,0,5,1
2020-09-02,US,Missouri,Stone,286,2,0,36.75000327,-93.45256475,29209.0,895.0926389584376,0.6993006993006993,284,281,2,0,279,279,31749,5,0,0,5,2
2020-09-02,US,Missouri,Sullivan,174,0,0,40.2099105,-93.11150106,29211.0,2857.612087370669,0.0,174,174,0,0,174,173,6221,0,0,0,0,1
2020-09-02,US,Missouri,Taney,929,14,0,36.65465345,-93.04075153,29213.0,1661.0642254326992,1.5069967707212055,915,914,14,0,900,913,55852,15,0,0,15,1
2020-09-02,US,Missouri,Texas,107,1,0,37.31728859,-91.96564727,29215.0,421.2930151980471,0.9345794392523364,106,101,1,0,100,98,25571,6,0,0,6,3
2020-09-02,US,Missouri,Vernon,88,0,0,37.8457799,-94.34127305,29217.0,427.95311968098036,0.0,88,83,0,0,83,82,20528,5,0,0,5,1
2020-09-02,US,Missouri,Warren,337,0,0,38.76529479,-91.16124662,29219.0,945.328059693119,0.0,337,330,0,0,330,323,34711,7,0,0,7,7
2020-09-02,US,Missouri,Washington,246,1,0,37.96130078,-90.87948158,29221.0,994.7432268499796,0.4065040650406504,245,239,1,0,238,238,24943,7,0,0,7,1
2020-09-02,US,Missouri,Wayne,89,0,0,37.11303869,-90.46001416,29223.0,691.3695331313603,0.0,89,87,0,0,87,85,13122,2,0,0,2,2
2020-09-02,US,Missouri,Webster,253,1,0,37.2813734,-92.876329,29225.0,639.0179834309962,0.3952569169960474,252,224,1,0,223,217,39109,29,0,0,29,7
2020-09-02,US,Missouri,Worth,13,0,0,40.47945588,-94.42328751,29227.0,645.8022851465474,0.0,13,12,0,0,12,12,2040,1,0,0,1,0
2020-09-02,US,Missouri,Wright,91,0,0,37.27029221,-92.46914488,29229.0,497.56684345781616,0.0,91,91,0,0,91,89,18378,0,0,0,0,2
2020-09-02,US,Montana,Beaverhead,71,1,0,45.13434354,-112.89846940000001,30001.0,751.0843118586693,1.4084507042253518,70,70,1,0,69,70,9404,1,0,0,1,0
2020-09-02,US,Montana,Big Horn,682,16,0,45.42335905,-107.492347,30003.0,5120.5045423830625,2.3460410557184748,666,669,16,0,653,665,13338,13,0,0,13,4
2020-09-02,US,Montana,Blaine,15,0,0,48.43175214,-108.9582723,30005.0,224.51728783116297,0.0,15,15,0,0,15,15,6807,0,0,0,0,0
2020-09-02,US,Montana,Broadwater,16,0,0,46.33277565,-111.49558130000001,30007.0,256.5335898669232,0.0,16,16,0,0,16,16,6085,0,0,0,0,0
2020-09-02,US,Montana,Carbon,89,0,0,45.22850116,-109.0274047,30009.0,829.8368298368297,0.0,89,87,0,0,87,87,10714,2,0,0,2,0
2020-09-02,US,Montana,Cascade,299,5,0,47.30797024,-111.3467922,30013.0,367.47535825774895,1.6722408026755853,294,293,5,0,288,284,81643,6,0,0,6,9
2020-09-02,US,Montana,Chouteau,11,0,0,47.88084126,-110.4353362,30015.0,195.20851818988464,0.0,11,11,0,0,11,10,5745,0,0,0,0,1
2020-09-02,US,Montana,Custer,66,2,0,46.25319932,-105.57375259999998,30017.0,578.8458165234169,3.0303030303030303,64,66,2,0,64,66,11586,0,0,0,0,0
2020-09-02,US,Montana,Daniels,3,0,0,48.78420029,-105.54763429999998,30019.0,177.5147928994083,0.0,3,3,0,0,3,3,1747,0,0,0,0,0
2020-09-02,US,Montana,Dawson,47,0,0,47.26584855,-104.89444170000002,30021.0,545.6867525833043,0.0,47,47,0,0,47,44,8680,0,0,0,0,3
2020-09-02,US,Montana,Deer Lodge,33,0,0,46.05953325,-113.073353,30023.0,361.05032822757113,0.0,33,33,0,0,33,33,9131,0,0,0,0,0
2020-09-02,US,Montana,Fallon,2,0,0,46.33478338,-104.41835649999999,30025.0,70.27406886858749,0.0,2,2,0,0,2,2,2920,0,0,0,0,0
2020-09-02,US,Montana,Fergus,32,0,0,47.26331584,-109.2245206,30027.0,289.59276018099547,0.0,32,32,0,0,32,31,11113,0,0,0,0,1
2020-09-02,US,Montana,Flathead,626,7,0,48.29575866,-114.05205690000001,30029.0,603.0479933722521,1.1182108626198084,619,611,7,0,604,599,102106,15,0,0,15,12
2020-09-02,US,Montana,Gallatin,1086,3,0,45.54486106,-111.1692571,30031.0,949.0186483038257,0.27624309392265195,1083,1078,3,0,1075,1073,111876,8,0,0,8,5
2020-09-02,US,Montana,Garfield,14,0,0,47.27545948,-107.0002351,30033.0,1112.8775834658188,0.0,14,13,0,0,13,13,1268,1,0,0,1,0
2020-09-02,US,Montana,Glacier,138,1,0,48.70513576,-112.9934235,30035.0,1003.4174361957392,0.7246376811594203,137,135,1,0,134,135,13747,3,0,0,3,0
2020-09-02,US,Montana,Golden Valley,3,0,0,46.3816474,-109.17685220000001,30037.0,365.4080389768576,0.0,3,3,0,0,3,3,826,0,0,0,0,0
2020-09-02,US,Montana,Granite,20,0,0,46.40605220000001,-113.4414186,30039.0,591.8910920390647,0.0,20,20,0,0,20,19,3378,0,0,0,0,1
2020-09-02,US,Montana,Hill,91,2,0,48.62879827,-110.1129252,30041.0,552.0504731861198,2.1978021978021984,89,88,2,0,86,82,16347,3,0,0,3,6
2020-09-02,US,Montana,Jefferson,39,0,0,46.14907081,-112.094396,30043.0,319.1228213730464,0.0,39,39,0,0,39,39,12097,0,0,0,0,0
2020-09-02,US,Montana,Judith Basin,6,0,0,47.04581276,-110.26606880000001,30045.0,298.95366218236165,0.0,6,6,0,0,6,6,1952,0,0,0,0,0
2020-09-02,US,Montana,Lake,204,1,0,47.64514965,-114.0898013,30047.0,669.7747718169283,0.4901960784313725,203,203,1,0,202,202,30250,1,0,0,1,1
2020-09-02,US,Montana,Lewis and Clark,199,3,0,47.12610041,-112.39469799999999,30049.0,286.61136075584744,1.5075376884422111,196,197,2,0,195,196,68700,2,1,0,1,1
2020-09-02,US,Montana,Liberty,7,0,0,48.56084317,-111.02430700000001,30051.0,299.5293110825845,0.0,7,6,0,0,6,6,2430,1,0,0,1,0
2020-09-02,US,Montana,Lincoln,89,2,0,48.54265777,-115.4046155,30053.0,445.4454454454454,2.247191011235955,87,89,2,0,87,89,19794,0,0,0,0,0
2020-09-02,US,Montana,Madison,93,1,0,45.30080065,-111.9173017,30057.0,1081.3953488372092,1.075268817204301,92,93,1,0,92,93,8768,0,0,0,0,0
2020-09-02,US,Montana,McCone,14,0,0,47.64469406,-105.79449939999999,30055.0,841.3461538461537,0.0,14,14,0,0,14,12,1675,0,0,0,0,2
2020-09-02,US,Montana,Meagher,4,0,0,46.59907074,-110.8898557,30059.0,214.8227712137487,0.0,4,4,0,0,4,4,1866,0,0,0,0,0
2020-09-02,US,Montana,Mineral,2,0,0,47.15283992,-115.00152390000001,30061.0,45.48555833522857,0.0,2,2,0,0,2,2,4316,0,0,0,0,0
2020-09-02,US,Montana,Missoula,436,3,0,47.03728583,-113.92135079999998,30063.0,364.5484949832776,0.6880733944954128,433,436,3,0,433,435,118791,0,0,0,0,1
2020-09-02,US,Montana,Musselshell,15,0,0,46.49684637,-108.39498,30065.0,323.7642995898985,0.0,15,13,0,0,13,12,4651,2,0,0,2,1
2020-09-02,US,Montana,Park,65,0,0,45.48965095,-110.52643940000002,30067.0,391.4247862218475,0.0,65,64,0,0,64,63,16736,1,0,0,1,1
2020-09-02,US,Montana,Phillips,114,0,0,48.25936577,-107.9128511,30071.0,2883.156297420334,0.0,114,112,0,0,112,111,4074,2,0,0,2,1
2020-09-02,US,Montana,Pondera,16,0,0,48.22773388,-112.22527029999999,30073.0,270.68177973270167,0.0,16,16,0,0,16,16,5972,0,0,0,0,0
2020-09-02,US,Montana,Powder River,2,0,0,45.39617714,-105.636738,30075.0,118.90606420927469,0.0,2,2,0,0,2,2,1716,0,0,0,0,0
2020-09-02,US,Montana,Powell,10,0,0,46.85538891,-112.93591640000001,30077.0,145.1378809869376,0.0,10,10,0,0,10,10,6968,0,0,0,0,0
2020-09-02,US,Montana,Prairie,1,0,0,46.86048047,-105.379384,30079.0,92.85051067780873,0.0,1,1,0,0,1,1,1087,0,0,0,0,0
2020-09-02,US,Montana,Ravalli,110,2,0,46.08520862,-114.11891640000002,30081.0,251.1071542711044,1.818181818181818,108,110,2,0,108,107,43172,0,0,0,0,3
2020-09-02,US,Montana,Richland,60,2,0,47.78668011,-104.5610786,30083.0,555.401277422938,3.333333333333333,58,58,2,0,56,58,10913,2,0,0,2,0
2020-09-02,US,Montana,Roosevelt,44,1,0,48.29607488,-105.00792679999999,30085.0,399.8545983278808,2.272727272727273,43,43,1,0,42,42,11059,1,0,0,1,1
2020-09-02,US,Montana,Rosebud,297,5,0,46.23397237,-106.72928799999998,30087.0,3323.262839879154,1.6835016835016836,292,266,2,0,264,266,9063,31,3,0,28,0
2020-09-02,US,Montana,Sanders,39,0,0,47.67657534,-115.1329916,30089.0,321.9681334103855,0.0,39,37,0,0,37,31,11844,2,0,0,2,6
2020-09-02,US,Montana,Sheridan,5,0,0,48.72085833,-104.50382900000001,30091.0,151.1030522816561,0.0,5,5,0,0,5,5,3424,0,0,0,0,0
2020-09-02,US,Montana,Silver Bow,115,0,0,45.90018933,-112.6620092,30093.0,329.37133037376486,0.0,115,115,0,0,115,112,34993,0,0,0,0,3
2020-09-02,US,Montana,Stillwater,38,2,0,45.67071407,-109.3950061,30095.0,394.10910599460686,5.2631578947368425,36,38,2,0,36,36,9534,0,0,0,0,2
2020-09-02,US,Montana,Sweet Grass,28,1,0,45.81367654,-109.9425686,30097.0,749.2641156007492,3.571428571428572,27,19,1,0,18,19,3710,9,0,0,9,0
2020-09-02,US,Montana,Teton,18,0,0,47.83741052,-112.24106880000001,30099.0,292.8257686676428,0.0,18,18,0,0,18,18,6162,0,0,0,0,0
2020-09-02,US,Montana,Toole,51,6,0,48.65577551,-111.69424140000001,30101.0,1076.8581081081081,11.764705882352944,45,50,6,0,44,47,4853,1,0,0,1,3
2020-09-02,US,Montana,Treasure,3,0,0,46.20973220000001,-107.26665159999999,30103.0,431.0344827586207,0.0,3,3,0,0,3,3,679,0,0,0,0,0
2020-09-02,US,Montana,Valley,46,0,0,48.36435097,-106.6669635,30105.0,621.9578150351541,0.0,46,46,0,0,46,40,7437,0,0,0,0,6
2020-09-02,US,Montana,Wheatland,3,0,0,46.46652491,-109.84646359999999,30107.0,141.11006585136406,0.0,3,3,0,0,3,3,2236,0,0,0,0,0
2020-09-02,US,Montana,Wibaux,8,0,0,46.95925154,-104.2510927,30109.0,825.5933952528377,0.0,8,5,0,0,5,5,1034,3,0,0,3,0
2020-09-02,US,Montana,Yellowstone,2166,43,0,45.93955949,-108.26914860000001,30111.0,1342.839429634222,1.9852262234533704,2123,2094,43,0,2051,2080,160137,72,0,0,72,14
2020-09-02,US,Nebraska,Adams,419,11,0,40.52449420000001,-98.50117804,31001.0,1335.96913560565,2.6252983293556085,408,416,11,0,405,410,31511,3,0,0,3,6
2020-09-02,US,Nebraska,Antelope,27,1,0,42.17695516,-98.06662829999999,31003.0,428.7075261987934,3.703703703703704,26,25,1,0,24,25,6336,2,0,0,2,0
2020-09-02,US,Nebraska,Arthur,1,0,0,41.56896142,-101.6959559,31005.0,215.98272138228938,0.0,1,1,0,0,1,1,465,0,0,0,0,0
2020-09-02,US,Nebraska,Banner,2,0,0,41.54634427,-103.7114332,31007.0,268.4563758389262,0.0,2,2,0,0,2,2,730,0,0,0,0,0
2020-09-02,US,Nebraska,Boone,28,0,0,41.70759415,-98.06737183,31011.0,539.291217257319,0.0,28,26,0,0,26,26,5239,2,0,0,2,0
2020-09-02,US,Nebraska,Box Butte,29,0,0,42.22079243,-103.08788340000001,31013.0,268.941852916628,0.0,29,28,0,0,28,25,10772,1,0,0,1,3
2020-09-02,US,Nebraska,Boyd,10,0,0,42.899727399999996,-98.76486568,31015.0,521.1047420531527,0.0,10,10,0,0,10,10,1955,0,0,0,0,0
2020-09-02,US,Nebraska,Brown,5,0,0,42.43018907,-99.92904055,31017.0,169.20473773265653,0.0,5,4,0,0,4,3,2973,1,0,0,1,1
2020-09-02,US,Nebraska,Buffalo,713,3,0,40.85486962,-99.07500296,31019.0,1435.7921021365714,0.4207573632538569,710,697,3,0,694,682,49615,16,0,0,16,15
2020-09-02,US,Nebraska,Burt,69,0,0,41.85056773,-96.32605633,31021.0,1068.276823037622,0.0,69,68,0,0,68,66,6488,1,0,0,1,2
2020-09-02,US,Nebraska,Butler,94,0,0,41.22703692,-97.13106306,31023.0,1172.6546906187625,0.0,94,94,0,0,94,94,8058,0,0,0,0,0
2020-09-02,US,Nebraska,Cass,263,2,0,40.90899107,-96.13971217,31025.0,1001.9811033221581,0.7604562737642585,261,259,2,0,257,256,26159,4,0,0,4,3
2020-09-02,US,Nebraska,Cedar,49,0,0,42.598885100000004,-97.25311951,31027.0,583.1944775053557,0.0,49,48,0,0,48,48,8446,1,0,0,1,0
2020-09-02,US,Nebraska,Chase,13,0,0,40.523719799999995,-101.69780259999999,31029.0,331.2945973496432,0.0,13,13,0,0,13,11,3977,0,0,0,0,2
2020-09-02,US,Nebraska,Cherry,24,0,0,42.54502621,-101.1244332,31031.0,421.86676041483565,0.0,24,22,0,0,22,21,5761,2,0,0,2,1
2020-09-02,US,Nebraska,Cheyenne,29,0,0,41.21999357,-102.9941693,31033.0,325.47699214365883,0.0,29,29,0,0,29,28,9310,0,0,0,0,1
2020-09-02,US,Nebraska,Clay,59,0,0,40.52439441,-98.05126296,31035.0,951.15266806384,0.0,59,58,0,0,58,57,6214,1,0,0,1,1
2020-09-02,US,Nebraska,Colfax,730,5,0,41.57486951,-97.0868542,31037.0,6816.6962368101595,0.6849315068493149,725,729,5,0,724,729,10881,1,0,0,1,0
2020-09-02,US,Nebraska,Cuming,87,0,0,41.91637624,-96.78730772,31039.0,983.4953651367848,0.0,87,83,0,0,83,83,8940,4,0,0,4,0
2020-09-02,US,Nebraska,Custer,76,4,0,41.39374521,-99.72805369,31041.0,705.2055302960008,5.2631578947368425,72,74,4,0,70,74,10840,2,0,0,2,0
2020-09-02,US,Nebraska,Dakota,2021,42,0,42.39040144,-96.56656425,31043.0,10091.880555278138,2.078179119247897,1979,2013,42,0,1971,2010,20083,8,0,0,8,3
2020-09-02,US,Nebraska,Dawes,88,0,0,42.71985036,-103.1313774,31045.0,1024.5663057399001,0.0,88,85,0,0,85,76,8716,3,0,0,3,9
2020-09-02,US,Nebraska,Dawson,1012,11,0,40.87028216,-99.82014609999999,31047.0,4289.044289044289,1.0869565217391304,1001,1009,11,0,998,1005,23709,3,0,0,3,4
2020-09-02,US,Nebraska,Deuel,3,0,0,41.11168186,-102.33333309999999,31049.0,167.22408026755855,0.0,3,3,0,0,3,3,1825,0,0,0,0,0
2020-09-02,US,Nebraska,Dixon,64,2,0,42.49188363,-96.86782408,31051.0,1135.5571327182402,3.125,62,63,2,0,61,61,5709,1,0,0,1,2
2020-09-02,US,Nebraska,Dodge,921,11,0,41.58071748,-96.65598179,31053.0,2518.8021331874743,1.1943539630836049,910,918,11,0,907,912,36791,3,0,0,3,6
2020-09-02,US,Nebraska,Douglas,13671,160,0,41.29518299,-96.15085305,31055.0,2392.8503291460056,1.1703606173652257,13511,13559,160,0,13399,13482,566880,112,0,0,112,77
2020-09-02,US,Nebraska,Dundy,9,0,0,40.17638677,-101.6876522,31057.0,531.6007088009451,0.0,9,9,0,0,9,8,1770,0,0,0,0,1
2020-09-02,US,Nebraska,Fillmore,32,1,0,40.52458567,-97.59646937,31059.0,585.865983156353,3.125,31,31,1,0,30,31,5527,1,0,0,1,0
2020-09-02,US,Nebraska,Franklin,20,0,0,40.17636348,-98.95299073,31061.0,671.366230278617,0.0,20,20,0,0,20,20,3023,0,0,0,0,0
2020-09-02,US,Nebraska,Frontier,7,0,0,40.52993007,-100.3924658,31063.0,266.46364674533686,0.0,7,6,0,0,6,6,2608,1,0,0,1,0
2020-09-02,US,Nebraska,Furnas,28,1,0,40.17642064,-99.91247454,31065.0,598.8023952095807,3.571428571428572,27,28,1,0,27,29,4715,0,0,0,0,-1
2020-09-02,US,Nebraska,Gage,137,4,0,40.26186809,-96.68946704,31067.0,636.8242458048621,2.9197080291970803,133,133,4,0,129,132,21493,4,0,0,4,1
2020-09-02,US,Nebraska,Garden,8,0,0,41.61703149,-102.3313973,31069.0,435.49265106151336,0.0,8,7,0,0,7,7,1897,1,0,0,1,0
2020-09-02,US,Nebraska,Garfield,6,0,0,41.91428955,-98.99111827,31071.0,304.7232097511427,0.0,6,6,0,0,6,6,1987,0,0,0,0,0
2020-09-02,US,Nebraska,Gosper,24,0,0,40.51481965,-99.83020279,31073.0,1206.0301507537688,0.0,24,24,0,0,24,24,1996,0,0,0,0,0
2020-09-02,US,Nebraska,Greeley,12,0,0,41.56742671,-98.52150266,31077.0,509.3378607809847,0.0,12,12,0,0,12,12,2356,0,0,0,0,0
2020-09-02,US,Nebraska,Hall,1866,46,0,40.87257079,-98.50218293,31079.0,3041.4160676739525,2.465166130760986,1820,1859,46,0,1813,1849,61607,7,0,0,7,10
2020-09-02,US,Nebraska,Hamilton,105,12,0,40.87349452,-98.02099117,31081.0,1126.1261261261259,11.428571428571427,93,105,12,0,93,106,9280,0,0,0,0,-1
2020-09-02,US,Nebraska,Harlan,7,0,0,40.17658508,-99.40438879,31083.0,207.1005917159763,0.0,7,7,0,0,7,6,3401,0,0,0,0,1
2020-09-02,US,Nebraska,Hitchcock,2,0,0,40.17609175,-101.04164770000001,31087.0,72.41129616220131,0.0,2,2,0,0,2,2,2806,0,0,0,0,0
2020-09-02,US,Nebraska,Holt,22,0,0,42.45522056,-98.78402558,31089.0,218.53581007251407,0.0,22,21,0,0,21,20,10178,1,0,0,1,1
2020-09-02,US,Nebraska,Hooker,4,0,0,41.91586243,-101.1354293,31091.0,586.5102639296188,0.0,4,4,0,0,4,4,682,0,0,0,0,0
2020-09-02,US,Nebraska,Howard,63,5,0,41.2200529,-98.5166499,31093.0,977.5019394879753,7.936507936507938,58,64,5,0,59,64,6468,-1,0,0,-1,0
2020-09-02,US,Nebraska,Jefferson,22,0,0,40.17584531,-97.142601,31095.0,312.23389156968494,0.0,22,19,0,0,19,19,7097,3,0,0,3,0
2020-09-02,US,Nebraska,Johnson,27,0,0,40.39257596,-96.26522753,31097.0,532.4393610727667,0.0,27,26,0,0,26,23,5134,1,0,0,1,3
2020-09-02,US,Nebraska,Kearney,114,0,0,40.50663314,-98.94877182,31099.0,1755.1963048498847,0.0,114,111,0,0,111,111,6544,3,0,0,3,0
2020-09-02,US,Nebraska,Keith,47,0,0,41.19930341,-101.66201640000001,31101.0,585.0136918098083,0.0,47,47,0,0,47,46,8021,0,0,0,0,1
2020-09-02,US,Nebraska,Keya Paha,1,0,0,42.87990694,-99.71343729,31103.0,124.06947890818859,0.0,1,1,0,0,1,1,810,0,0,0,0,0
2020-09-02,US,Nebraska,Kimball,15,0,0,41.19774275,-103.7148131,31105.0,412.9955947136564,0.0,15,15,0,0,15,15,3618,0,0,0,0,0
2020-09-02,US,Nebraska,Knox,70,0,0,42.63758421,-97.89178836,31107.0,840.1344215074413,0.0,70,69,0,0,69,66,8419,1,0,0,1,3
2020-09-02,US,Nebraska,Lancaster,4213,21,0,40.78416049,-96.68777155,31109.0,1320.3171519007174,0.4984571564206029,4192,4102,21,0,4081,4050,317272,111,0,0,111,52
2020-09-02,US,Nebraska,Lincoln,276,2,0,41.04658298,-100.74753740000001,31111.0,790.5138339920949,0.7246376811594203,274,272,2,0,270,270,35185,4,0,0,4,2
2020-09-02,US,Nebraska,Logan,3,0,0,41.56650314,-100.4817851,31113.0,401.06951871657753,0.0,3,3,0,0,3,3,749,0,0,0,0,0
2020-09-02,US,Nebraska,Loup,2,0,0,41.91371961,-99.45440415,31115.0,301.20481927710836,0.0,2,2,0,0,2,2,618,0,0,0,0,0
2020-09-02,US,Nebraska,Madison,610,5,0,41.91676024,-97.6005481,31119.0,1737.941251887518,0.819672131147541,605,609,5,0,604,602,35392,1,0,0,1,7
2020-09-02,US,Nebraska,McPherson,6,0,0,41.56797682,-101.05993620000001,31117.0,1214.5748987854256,0.0,6,6,0,0,6,6,492,0,0,0,0,0
2020-09-02,US,Nebraska,Merrick,71,1,0,41.16624273,-98.0374887,31121.0,915.538362346873,1.4084507042253518,70,70,1,0,69,67,7733,1,0,0,1,3
2020-09-02,US,Nebraska,Morrill,66,0,0,41.71711774,-103.0061405,31123.0,1421.8009478672986,0.0,66,66,0,0,66,66,4686,0,0,0,0,0
2020-09-02,US,Nebraska,Nance,12,0,0,41.39750195,-97.99327291,31125.0,341.00596760443307,0.0,12,11,0,0,11,11,3532,1,0,0,1,0
2020-09-02,US,Nebraska,Nemaha,95,0,0,40.38514847,-95.85433992,31127.0,1362.5932300631093,0.0,95,86,0,0,86,80,6958,9,0,0,9,6
2020-09-02,US,Nebraska,Nuckolls,10,0,0,40.17637905,-98.04743961,31129.0,241.08003857280616,0.0,10,11,0,0,11,10,4195,-1,0,0,-1,1
2020-09-02,US,Nebraska,Otoe,123,1,0,40.64843556,-96.13374142,31131.0,768.1738695978016,0.8130081300813008,122,121,1,0,120,114,15985,2,0,0,2,7
2020-09-02,US,Nebraska,Pawnee,12,0,0,40.13141096,-96.23705437,31133.0,459.24225028702637,0.0,12,11,0,0,11,10,2632,1,0,0,1,1
2020-09-02,US,Nebraska,Perkins,29,7,0,40.85082525,-101.6502942,31135.0,1003.1131096506399,24.13793103448276,22,30,7,0,23,30,2929,-1,0,0,-1,0
2020-09-02,US,Nebraska,Phelps,75,0,0,40.51156033,-99.41461667,31137.0,830.1970334292673,0.0,75,71,0,0,71,68,8996,4,0,0,4,3
2020-09-02,US,Nebraska,Pierce,62,3,0,42.26434853,-97.60122773,31139.0,867.3754896474537,4.838709677419356,59,60,3,0,57,60,7142,2,0,0,2,0
2020-09-02,US,Nebraska,Platte,879,3,0,41.57246836,-97.52144359,31141.0,2626.2324469674336,0.3412969283276451,876,873,3,0,870,872,33363,6,0,0,6,1
2020-09-02,US,Nebraska,Polk,33,1,0,41.18813488,-97.56630712,31143.0,633.0328026088624,3.0303030303030303,32,33,1,0,32,33,5278,0,0,0,0,0
2020-09-02,US,Nebraska,Red Willow,19,0,0,40.17556879999999,-100.476998,31145.0,177.17269675494217,0.0,19,20,0,0,20,20,10726,-1,0,0,-1,0
2020-09-02,US,Nebraska,Richardson,36,1,0,40.1247415,-95.71755036,31147.0,457.72409408773046,2.7777777777777777,35,35,1,0,34,34,7937,1,0,0,1,1
2020-09-02,US,Nebraska,Rock,14,0,0,42.42252217,-99.44832069,31149.0,1031.6875460574795,0.0,14,10,0,0,10,9,1360,4,0,0,4,1
2020-09-02,US,Nebraska,Saline,641,2,0,40.52418865,-97.14085859,31151.0,4506.467941507312,0.31201248049922,639,635,2,0,633,634,14350,6,0,0,6,1
2020-09-02,US,Nebraska,Sarpy,2892,15,0,41.11314181,-96.11156432,31153.0,1544.9048056582403,0.5186721991701245,2877,2858,15,0,2843,2841,184459,34,0,0,34,17
2020-09-02,US,Nebraska,Saunders,250,2,0,41.227810299999994,-96.63773905,31155.0,1158.5874501807396,0.8,248,237,2,0,235,226,21303,13,0,0,13,11
2020-09-02,US,Nebraska,Scotts Bluff,368,6,0,41.85070896,-103.70809859999999,31157.0,1033.1854680217868,1.6304347826086956,362,363,6,0,357,358,35989,5,0,0,5,5
2020-09-02,US,Nebraska,Seward,167,2,0,40.87241834,-97.139673,31159.0,966.2115251099284,1.1976047904191616,165,166,2,0,164,164,17318,1,0,0,1,2
2020-09-02,US,Nebraska,Sheridan,30,0,0,42.50284406,-102.4126613,31161.0,571.864277544796,0.0,30,27,0,0,27,23,5190,3,0,0,3,4
2020-09-02,US,Nebraska,Sherman,18,1,0,41.22045983,-98.97588642,31163.0,599.8000666444517,5.5555555555555545,17,17,1,0,16,16,3038,1,0,0,1,1
2020-09-02,US,Nebraska,Sioux,6,0,0,42.48932059,-103.7576544,31165.0,514.5797598627787,0.0,6,6,0,0,6,6,1187,0,0,0,0,0
2020-09-02,US,Nebraska,Stanton,34,0,0,41.9169835,-97.19394708,31167.0,574.3243243243244,0.0,34,33,0,0,33,34,5970,1,0,0,1,-1
2020-09-02,US,Nebraska,Thayer,27,0,0,40.17626377,-97.59504381,31169.0,539.6761942834298,0.0,27,27,0,0,27,27,5039,0,0,0,0,0
2020-09-02,US,Nebraska,Thomas,3,0,0,41.91358968,-100.5556632,31171.0,415.51246537396116,0.0,3,3,0,0,3,3,720,0,0,0,0,0
2020-09-02,US,Nebraska,Thurston,228,4,0,42.15725356,-96.54157099,31173.0,3156.146179401993,1.7543859649122806,224,224,4,0,220,223,7303,4,0,0,4,1
2020-09-02,US,Nebraska,Unassigned,151,0,0,0.0,0.0,90031.0,0.0,0.0,151,137,0,0,137,132,,14,0,0,14,5
2020-09-02,US,Nebraska,Valley,19,0,0,41.56730777,-98.98197724,31175.0,456.95045695045684,0.0,19,19,0,0,19,19,4190,0,0,0,0,0
2020-09-02,US,Nebraska,Washington,176,1,0,41.52815707,-96.22019892,31177.0,849.0520526798206,0.5681818181818182,175,176,1,0,175,176,20667,0,0,0,0,0
2020-09-02,US,Nebraska,Wayne,56,0,0,42.20934475,-97.11926964,31179.0,596.6968566862014,0.0,56,54,0,0,54,54,9403,2,0,0,2,0
2020-09-02,US,Nebraska,Webster,13,0,0,40.17642643,-98.50019851,31181.0,372.8133065672498,0.0,13,13,0,0,13,13,3533,0,0,0,0,0
2020-09-02,US,Nebraska,Wheeler,1,0,0,41.91482725,-98.52798941,31183.0,127.7139208173691,0.0,1,1,0,0,1,1,805,0,0,0,0,0
2020-09-02,US,Nebraska,York,114,0,0,40.87272618,-97.59710186,31185.0,833.3942539659332,0.0,114,114,0,0,114,113,13772,0,0,0,0,1
2020-09-02,US,Nevada,Carson City,434,8,0,39.15509045,-119.7480219,32510.0,776.1642463695542,1.8433179723502304,426,430,8,0,422,427,55414,4,0,0,4,3
2020-09-02,US,Nevada,Churchill,113,1,0,39.58105744,-118.3394607,32001.0,453.65129069814117,0.8849557522123894,112,113,1,0,112,84,24440,0,0,0,0,29
2020-09-02,US,Nevada,Clark,59857,1157,0,36.21458855,-115.0130241,32003.0,2640.6936910904105,1.932940174081561,58700,59716,1134,0,58582,59420,2231647,141,23,0,118,296
2020-09-02,US,Nevada,Douglas,255,1,0,38.912862,-119.61713329999999,32005.0,521.4190778039057,0.392156862745098,254,252,1,0,251,247,48467,3,0,0,3,5
2020-09-02,US,Nevada,Elko,824,4,0,41.14531606,-115.3577619,32007.0,1561.2565841828036,0.4854368932038835,820,813,4,0,809,803,52460,11,0,0,11,10
2020-09-02,US,Nevada,Eureka,7,0,0,39.98100864,-116.26832040000001,32011.0,344.9975357318876,0.0,7,6,0,0,6,6,2003,1,0,0,1,0
2020-09-02,US,Nevada,Humboldt,111,4,0,41.40692186,-118.11094270000001,32013.0,659.4973560691581,3.603603603603604,107,111,4,0,107,111,16786,0,0,0,0,0
2020-09-02,US,Nevada,Lander,63,1,0,39.933223299999995,-117.03970749999999,32015.0,1138.8286334056402,1.5873015873015872,62,61,1,0,60,59,5575,2,0,0,2,2
2020-09-02,US,Nevada,Lincoln,6,0,0,37.64268459,-114.8790388,32017.0,115.76307158016591,0.0,6,6,0,0,6,6,5201,0,0,0,0,0
2020-09-02,US,Nevada,Lyon,336,6,0,39.01777974,-119.18704790000001,32019.0,584.2462180490351,1.7857142857142858,330,332,6,0,326,326,55808,4,0,0,4,6
2020-09-02,US,Nevada,Mineral,12,0,0,38.53841696,-118.4344506,32021.0,266.37069922308547,0.0,12,12,0,0,12,12,4514,0,0,0,0,0
2020-09-02,US,Nevada,Nye,472,14,0,38.04264256,-116.47227020000001,32023.0,1014.5519420501688,2.9661016949152543,458,469,14,0,455,469,45346,3,0,0,3,0
2020-09-02,US,Nevada,Pershing,21,0,0,40.44003782,-118.40056409999998,32027.0,312.2676579925651,0.0,21,21,0,0,21,22,6666,0,0,0,0,-1
2020-09-02,US,Nevada,Storey,7,0,0,39.44875482,-119.5250207,32029.0,169.77928692699493,0.0,7,7,0,0,7,7,4029,0,0,0,0,0
2020-09-02,US,Nevada,Washoe,7326,139,0,40.66562265,-119.6631594,32031.0,1553.7019717126987,1.8973518973518968,7187,7259,139,0,7120,7204,465735,67,0,0,67,55
2020-09-02,US,Nevada,White Pine,28,1,0,39.44157041,-114.89996599999999,32033.0,292.2755741127349,3.571428571428572,27,25,1,0,24,25,9475,3,0,0,3,0
2020-09-02,US,New Hampshire,Belknap,125,4,0,43.51637314,-71.41684235,33001.0,203.9051922418153,3.2,121,125,4,0,121,125,61022,0,0,0,0,0
2020-09-02,US,New Hampshire,Carroll,105,1,0,43.87498583,-71.20430216,33003.0,214.68002453486,0.9523809523809524,104,105,1,0,104,105,48779,0,0,0,0,0
2020-09-02,US,New Hampshire,Cheshire,131,3,0,42.92015988,-72.25311043,33005.0,172.1758559505816,2.2900763358778624,128,129,3,0,126,129,76493,2,0,0,2,0
2020-09-02,US,New Hampshire,Coos,19,0,0,44.69063265,-71.30633239,33007.0,60.197066185090144,0.0,19,19,0,0,19,18,31589,0,0,0,0,1
2020-09-02,US,New Hampshire,Grafton,114,1,0,43.93779815,-71.82057197,33009.0,126.82731459849144,0.8771929824561403,113,114,1,0,113,114,89786,0,0,0,0,0
2020-09-02,US,New Hampshire,Hillsborough,4052,286,0,42.91537785,-71.7200253,33011.0,971.6443858281878,7.058242843040474,3766,4048,286,0,3762,4040,415247,4,0,0,4,8
2020-09-02,US,New Hampshire,Merrimack,504,23,0,43.29662971,-71.6811573,33013.0,332.91278873909283,4.563492063492063,481,504,23,0,481,502,151132,0,0,0,0,2
2020-09-02,US,New Hampshire,Rockingham,1817,100,0,42.98499744,-71.12883377,33015.0,586.5661186238777,5.50357732526142,1717,1813,100,0,1713,1809,309176,4,0,0,4,4
2020-09-02,US,New Hampshire,Strafford,391,13,0,43.291833000000004,-71.02336013,33017.0,299.31181248229774,3.3248081841432224,378,390,13,0,377,383,130090,1,0,0,1,7
2020-09-02,US,New Hampshire,Sullivan,48,1,0,43.36094111,-72.22203125,33019.0,111.25017382839658,2.083333333333333,47,48,1,0,47,48,43144,0,0,0,0,0
2020-09-02,US,New Hampshire,Unassigned,3,0,0,0.0,0.0,90033.0,0.0,0.0,3,2,0,0,2,2,,1,0,0,1,0
2020-09-02,US,New Jersey,Atlantic,3769,252,0,39.47538693,-74.65848483,34001.0,1429.4383130428187,6.686123640222871,3517,3763,251,0,3512,3752,265429,6,1,0,5,11
2020-09-02,US,New Jersey,Bergen,21691,2035,0,40.96010917,-74.07164325,34003.0,2326.8561964037835,9.381771241528744,19656,21665,2035,0,19630,21600,936692,26,0,0,26,65
2020-09-02,US,New Jersey,Burlington,6457,481,0,39.87681124,-74.66927768,34005.0,1449.8741436491382,7.449279851324143,5976,6421,481,0,5940,6395,445384,36,0,0,36,26
2020-09-02,US,New Jersey,Camden,9198,592,0,39.80343818,-74.96388753,34007.0,1816.096084474728,6.436181778647533,8606,9178,590,0,8588,9157,507078,20,2,0,18,21
2020-09-02,US,New Jersey,Cape May,913,95,0,39.15008829,-74.80170244,34009.0,991.9707949890808,10.4052573932092,818,908,94,0,814,905,92560,5,1,0,4,3
2020-09-02,US,New Jersey,Cumberland,3594,156,0,39.37199394,-75.10712559,34011.0,2403.57928668401,4.340567612687813,3438,3587,155,0,3432,3573,150972,7,1,0,6,14
2020-09-02,US,New Jersey,Essex,20392,2117,0,40.78681335,-74.24657979,34013.0,2552.270096060577,10.38152216555512,18275,20368,2116,0,18252,20324,799767,24,1,0,23,44
2020-09-02,US,New Jersey,Gloucester,3719,220,0,39.71581067,-75.13995546,34015.0,1275.219794538397,5.915568701263782,3499,3708,219,0,3489,3685,291408,11,1,0,10,23
2020-09-02,US,New Jersey,Hudson,20197,1508,0,40.73766234,-74.07515667,34017.0,3003.7582299584615,7.466455414170421,18689,20163,1508,0,18655,20144,676061,34,0,0,34,19
2020-09-02,US,New Jersey,Hunterdon,1216,125,0,40.56335249,-74.91284156,34019.0,977.7198864687108,10.279605263157897,1091,1212,124,0,1088,1213,124714,4,1,0,3,-1
2020-09-02,US,New Jersey,Mercer,8349,631,0,40.28047017,-74.70479631,34021.0,2272.2695479411045,7.5577913522577544,7718,8342,630,0,7712,8333,369811,7,1,0,6,9
2020-09-02,US,New Jersey,Middlesex,18483,1417,0,40.43629879,-74.41426991,34023.0,2240.1952822939365,7.666504355353569,17066,18468,1417,0,17051,18456,829685,15,0,0,15,12
2020-09-02,US,New Jersey,Monmouth,10780,859,0,40.26549699,-74.22240686,34025.0,1742.0955243659048,7.968460111317254,9921,10763,858,0,9905,10734,621354,17,1,0,16,29
2020-09-02,US,New Jersey,Morris,7514,829,0,40.86095313,-74.54553709999998,34027.0,1527.717065335624,11.032738887410169,6685,7507,829,0,6678,7491,494228,7,0,0,7,16
2020-09-02,US,New Jersey,Ocean,11259,1026,0,39.8895449,-74.28089251,34029.0,1854.29176562042,9.112709832134293,10233,11213,1023,0,10190,11181,601651,46,3,0,43,32
2020-09-02,US,New Jersey,Passaic,18416,1247,0,41.03238628,-74.29954144,34031.0,3669.7978980762255,6.771285838401389,17169,18380,1245,0,17135,18351,503310,36,2,0,34,29
2020-09-02,US,New Jersey,Salem,982,89,0,39.58719656,-75.34696629999998,34033.0,1574.0963372605595,9.063136456211813,893,980,89,0,891,981,62607,2,0,0,2,-1
2020-09-02,US,New Jersey,Somerset,5426,566,0,40.56465737,-74.61683016,34035.0,1649.5710385670075,10.431256911168449,4860,5425,567,0,4858,5420,331164,1,-1,0,2,5
2020-09-02,US,New Jersey,Sussex,1402,197,0,41.13891592,-74.69118243,34037.0,997.9500028472183,14.051355206847363,1205,1402,197,0,1205,1399,140799,0,0,0,0,3
2020-09-02,US,New Jersey,Unassigned,304,0,0,0.0,0.0,90034.0,0.0,0.0,304,316,0,0,316,368,,-12,0,0,-12,-52
2020-09-02,US,New Jersey,Union,17137,1351,0,40.65835409,-74.30680092,34039.0,3080.305064699528,7.883526871681157,15786,17124,1351,0,15773,17103,558067,13,0,0,13,21
2020-09-02,US,New Jersey,Warren,1397,171,0,40.85951833,-74.99556527,34041.0,1327.101560793031,12.240515390121688,1226,1397,171,0,1226,1395,105779,0,0,0,0,2
2020-09-02,US,New Mexico,Bernalillo,5861,159,0,35.05163625,-106.6703554,35001.0,863.0273544773316,2.7128476369220267,5702,5838,158,0,5680,5809,678701,23,1,0,22,29
2020-09-02,US,New Mexico,Catron,8,1,0,33.91514144,-108.4046587,35003.0,226.82166146867027,12.5,7,5,1,0,4,5,3578,3,0,0,3,0
2020-09-02,US,New Mexico,Chaves,754,6,0,33.36406072,-104.4665365,35005.0,1166.9117078077845,0.7957559681697612,748,731,6,0,725,727,64689,23,0,0,23,4
2020-09-02,US,New Mexico,Cibola,398,20,0,34.91131525,-107.998876,35006.0,1492.0337394564199,5.025125628140704,378,398,20,0,378,398,26746,0,0,0,0,0
2020-09-02,US,New Mexico,Colfax,20,1,0,36.60569702,-104.64726740000002,35007.0,167.49015995310273,5.0,19,19,1,0,18,19,12110,1,0,0,1,0
2020-09-02,US,New Mexico,Curry,680,5,0,34.57421077,-103.34688759999999,35009.0,1389.0591167218204,0.7352941176470589,675,675,5,0,670,672,49437,5,0,0,5,3
2020-09-02,US,New Mexico,Dona Ana,2892,44,0,32.35275771,-106.83293870000001,35013.0,1325.4199225463462,1.5214384508990315,2848,2859,43,0,2816,2827,217522,33,1,0,32,32
2020-09-02,US,New Mexico,Eddy,513,5,0,32.47167456,-104.3053527,35015.0,877.5230927129661,0.9746588693957114,508,500,5,0,495,492,57900,13,0,0,13,8
2020-09-02,US,New Mexico,Grant,84,2,0,32.73911281,-108.3827845,35017.0,311.1341580857841,2.380952380952381,82,83,2,0,81,82,27346,1,0,0,1,1
2020-09-02,US,New Mexico,Guadalupe,32,1,0,34.86319296,-104.790669,35019.0,744.1860465116278,3.125,31,32,1,0,31,32,4341,0,0,0,0,0
2020-09-02,US,New Mexico,Harding,2,0,0,35.85751555,-103.82209379999999,35021.0,320.0,0.0,2,2,0,0,2,2,655,0,0,0,0,0
2020-09-02,US,New Mexico,Hidalgo,98,2,0,31.91383467,-108.7151824,35023.0,2334.444973797047,2.0408163265306123,96,98,2,0,96,98,4240,0,0,0,0,0
2020-09-02,US,New Mexico,Lea,1151,15,0,32.79215361,-103.4123733,35025.0,1619.5300408048404,1.3032145960034751,1136,1132,15,0,1117,1131,69611,19,0,0,19,1
2020-09-02,US,New Mexico,Lincoln,171,2,0,33.74526079,-105.4586166,35027.0,873.6971183323114,1.1695906432748535,169,171,2,0,169,169,19556,0,0,0,0,2
2020-09-02,US,New Mexico,Los Alamos,27,0,0,35.86631386,-106.31349850000001,35028.0,139.39800712478706,0.0,27,27,0,0,27,27,19101,0,0,0,0,0
2020-09-02,US,New Mexico,Luna,316,5,0,32.18179341,-107.75088259999998,35029.0,1332.8271964232993,1.5822784810126582,311,316,5,0,311,316,23963,0,0,0,0,0
2020-09-02,US,New Mexico,McKinley,4223,243,0,35.58007720000001,-108.262245,35031.0,5917.300713214791,5.754203173099691,3980,4213,243,0,3970,4203,72290,10,0,0,10,10
2020-09-02,US,New Mexico,Mora,6,0,0,36.01095101,-104.9497716,35033.0,132.71400132713998,0.0,6,6,0,0,6,6,4506,0,0,0,0,0
2020-09-02,US,New Mexico,Otero,224,12,0,32.61348406,-105.7417604,35035.0,331.901022373685,5.357142857142857,212,222,12,0,210,218,66781,2,0,0,2,4
2020-09-02,US,New Mexico,Quay,62,2,0,35.10403332,-103.54817270000001,35037.0,751.2419726160184,3.2258064516129035,60,62,2,0,60,63,8253,0,0,0,0,-1
2020-09-02,US,New Mexico,Rio Arriba,359,13,0,36.51072137,-106.69316740000001,35039.0,922.3812337812492,3.62116991643454,346,358,13,0,345,358,39006,1,0,0,1,0
2020-09-02,US,New Mexico,Roosevelt,204,2,0,34.02097406,-103.4799493,35041.0,1102.7027027027027,0.9803921568627452,202,201,2,0,199,201,18743,3,0,0,3,0
2020-09-02,US,New Mexico,San Juan,3199,192,0,36.50838318,-108.32043700000001,35045.0,2580.7128220849,6.001875586120662,3007,3194,191,0,3003,3192,125043,5,1,0,4,2
2020-09-02,US,New Mexico,San Miguel,83,0,0,35.48014807,-104.8163562,35047.0,304.285661912967,0.0,83,82,0,0,82,81,27591,1,0,0,1,1
2020-09-02,US,New Mexico,Sandoval,1255,37,0,35.68862401,-106.86878030000001,35043.0,855.2075667130046,2.9482071713147415,1218,1254,37,0,1217,1247,145179,1,0,0,1,7
2020-09-02,US,New Mexico,Santa Fe,828,4,0,35.50708973,-105.9774716,35049.0,550.6856968036286,0.4830917874396135,824,823,4,0,819,821,150056,5,0,0,5,2
2020-09-02,US,New Mexico,Sierra,38,1,0,33.13028233,-107.1925893,35051.0,352.14530627374666,2.631578947368421,37,38,1,0,37,37,10968,0,0,0,0,1
2020-09-02,US,New Mexico,Socorro,78,6,0,34.00715494,-106.9298354,35053.0,468.83452545531037,7.6923076923076925,72,77,6,0,71,77,16735,1,0,0,1,0
2020-09-02,US,New Mexico,Taos,116,3,0,36.58006022,-105.63101979999999,35055.0,354.4907251780093,2.586206896551724,113,115,3,0,112,115,32835,1,0,0,1,0
2020-09-02,US,New Mexico,Torrance,63,1,0,34.64048375,-105.8508949,35057.0,407.4768773041847,1.5873015873015872,62,63,1,0,62,63,15591,0,0,0,0,0
2020-09-02,US,New Mexico,Unassigned,1321,0,0,0.0,0.0,90035.0,0.0,0.0,1321,1321,0,0,1321,1320,,0,0,0,0,1
2020-09-02,US,New Mexico,Union,31,2,0,36.48126404,-103.4709624,35059.0,763.7349100763735,6.451612903225807,29,31,2,0,29,31,4118,0,0,0,0,0
2020-09-02,US,New Mexico,Valencia,515,4,0,34.71669834,-106.8103733,35061.0,671.552263717922,0.7766990291262136,511,514,4,0,510,513,76456,1,0,0,1,1
2020-09-02,US,New York,Albany,2791,133,0,42.60060306,-73.97723916,36001.0,913.5663456691524,4.765317090648513,2658,2786,133,0,2653,2770,307117,5,0,0,5,16
2020-09-02,US,New York,Allegany,89,1,0,42.25748406,-78.02750466,36003.0,193.09626608231545,1.1235955056179776,88,89,1,0,88,89,46430,0,0,0,0,0
2020-09-02,US,New York,Bronx,51711,4913,0,40.85209301,-73.86282755,36005.0,3646.223717694244,9.500879890158767,46798,51663,4912,0,46751,51610,1432132,48,1,0,47,53
2020-09-02,US,New York,Broome,1315,69,0,42.15903158,-75.81326086,36007.0,690.3321994036369,5.247148288973384,1246,1311,69,0,1242,1307,191659,4,0,0,4,4
2020-09-02,US,New York,Cattaraugus,216,6,0,42.24778241,-78.67923096,36009.0,283.7736642274393,2.7777777777777777,210,206,6,0,200,205,76840,10,0,0,10,1
2020-09-02,US,New York,Cayuga,180,2,0,42.91261714,-76.55731592,36011.0,235.06059339740912,1.1111111111111112,178,180,2,0,178,178,77145,0,0,0,0,2
2020-09-02,US,New York,Chautauqua,428,9,0,42.22769210000001,-79.36691763,36013.0,337.26547047745134,2.102803738317757,419,405,9,0,396,394,127939,23,0,0,23,11
2020-09-02,US,New York,Chemung,205,3,0,42.13891056,-76.7638805,36015.0,245.63842024539883,1.4634146341463414,202,205,3,0,202,203,84254,0,0,0,0,2
2020-09-02,US,New York,Chenango,229,7,0,42.49430041,-75.60887553,36017.0,485.0975490922957,3.056768558951965,222,229,7,0,222,228,47536,0,0,0,0,1
2020-09-02,US,New York,Clinton,151,5,0,44.74530905,-73.67875352,36019.0,187.612598620861,3.3112582781456954,146,151,5,0,146,150,80695,0,0,0,0,1
2020-09-02,US,New York,Columbia,570,37,0,42.24819348,-73.63089095,36021.0,958.6115268831672,6.491228070175438,533,569,37,0,532,569,59916,1,0,0,1,0
2020-09-02,US,New York,Cortland,102,0,0,42.59509207,-76.07048931,36023.0,214.3712826548412,0.0,102,101,0,0,101,100,47823,1,0,0,1,1
2020-09-02,US,New York,Delaware,120,4,0,42.19837623,-74.96709306,36025.0,271.89305539821004,3.333333333333333,116,115,4,0,111,115,44527,5,0,0,5,0
2020-09-02,US,New York,Dutchess,4878,153,0,41.76486060000001,-73.74356679,36027.0,1657.954305990796,3.1365313653136533,4725,4868,153,0,4715,4865,293718,10,0,0,10,3
2020-09-02,US,New York,Erie,10017,678,0,42.76249024,-78.73063652,36029.0,1090.342679127726,6.768493560946392,9339,9947,678,0,9269,9872,919719,70,0,0,70,75
2020-09-02,US,New York,Essex,135,0,0,44.11630765,-73.77297842,36031.0,366.0024400162668,0.0,135,131,0,0,131,129,37300,4,0,0,4,2
2020-09-02,US,New York,Franklin,58,0,0,44.59040891,-74.29926032,36033.0,115.94898244772301,0.0,58,58,0,0,58,58,50293,0,0,0,0,0
2020-09-02,US,New York,Fulton,311,24,0,43.11363907,-74.41798804,36035.0,582.5824700747429,7.717041800643088,287,311,24,0,287,311,53591,0,0,0,0,0
2020-09-02,US,New York,Genesee,297,5,0,43.0022601,-78.19135193,36037.0,518.5055865921788,1.6835016835016836,292,297,5,0,292,295,57511,0,0,0,0,2
2020-09-02,US,New York,Greene,310,18,0,42.275797,-74.12384884,36039.0,656.9466813596678,5.806451612903227,292,309,18,0,291,307,47491,1,0,0,1,2
2020-09-02,US,New York,Hamilton,14,0,0,43.66146647,-74.49721957,36041.0,317.0289855072464,0.0,14,14,0,0,14,14,4434,0,0,0,0,0
2020-09-02,US,New York,Herkimer,303,4,0,43.42034246,-74.96145307,36043.0,494.13721684958983,1.32013201320132,299,298,4,0,294,297,61833,5,0,0,5,1
2020-09-02,US,New York,Jefferson,150,0,0,44.04200959,-75.94653457,36045.0,136.56973250541728,0.0,150,150,0,0,150,150,111755,0,0,0,0,0
2020-09-02,US,New York,Kings,65201,7290,0,40.636182500000004,-73.94935552,36047.0,2547.0105703223912,11.18081011027438,57911,65118,7290,0,57828,64998,2582830,83,0,0,83,120
2020-09-02,US,New York,Lewis,49,0,0,43.784415700000004,-75.44903992,36049.0,186.3401277760876,0.0,49,49,0,0,49,49,26447,0,0,0,0,0
2020-09-02,US,New York,Livingston,184,8,0,42.72596275,-77.77966158,36051.0,292.4627268970341,4.3478260869565215,176,183,8,0,175,183,63227,1,0,0,1,0
2020-09-02,US,New York,Madison,461,17,0,42.91653905,-75.67266639,36053.0,649.8357790276427,3.6876355748373104,444,461,17,0,444,461,70795,0,0,0,0,0
2020-09-02,US,New York,Monroe,5468,289,0,43.14638895,-77.69322942,36055.0,737.1557221241086,5.285296269202633,5179,5462,289,0,5173,5452,742474,6,0,0,6,10
2020-09-02,US,New York,Montgomery,208,4,0,42.90123494,-74.44011632,36057.0,422.58385648402106,1.9230769230769231,204,207,4,0,203,206,49455,1,0,0,1,1
2020-09-02,US,New York,Nassau,44845,2198,0,40.74066522,-73.58941873,36059.0,3304.901379885683,4.901326792284537,42647,44761,2198,0,42563,44677,1358343,84,0,0,84,84
2020-09-02,US,New York,New York,32218,3170,0,40.76727260000001,-73.97152637,36061.0,1978.1347892130318,9.839220311627043,29048,32165,3170,0,28995,32119,,53,0,0,53,46
2020-09-02,US,New York,Niagara,1632,101,0,43.19898042,-78.74777412,36063.0,779.8127875918024,6.188725490196076,1531,1626,101,0,1525,1618,210433,6,0,0,6,8
2020-09-02,US,New York,Oneida,2283,120,0,43.24375382,-75.43710392,36065.0,998.3775817659433,5.256241787122208,2163,2281,120,0,2161,2274,229577,2,0,0,2,7
2020-09-02,US,New York,Onondaga,3922,204,0,43.00491923,-76.19971155,36067.0,851.6311711774312,5.201427842937277,3718,3912,204,0,3708,3892,461809,10,0,0,10,20
2020-09-02,US,New York,Ontario,393,35,0,42.85145728,-77.30874425,36069.0,357.99848784353736,8.9058524173028,358,393,35,0,358,391,109864,0,0,0,0,2
2020-09-02,US,New York,Orange,11460,494,0,41.40337468,-74.30240757,36071.0,2977.087338286486,4.31064572425829,10966,11445,494,0,10951,11433,381951,15,0,0,15,12
2020-09-02,US,New York,Orleans,306,54,0,43.2516977,-78.2320066,36073.0,758.3267248215703,17.647058823529417,252,306,54,0,252,306,40612,0,0,0,0,0
2020-09-02,US,New York,Oswego,307,3,0,43.42778894,-76.14635194,36075.0,262.11536491240054,0.977198697068404,304,304,3,0,301,303,117898,3,0,0,3,1
2020-09-02,US,New York,Otsego,189,5,0,42.63492579,-75.03151402,36077.0,317.6844334627604,2.6455026455026456,184,179,5,0,174,144,59749,10,0,0,10,35
2020-09-02,US,New York,Putnam,1510,63,0,41.42630093,-73.74965532,36079.0,1535.8014646053705,4.172185430463577,1447,1505,63,0,1442,1501,98892,5,0,0,5,4
2020-09-02,US,New York,Queens,70344,7228,0,40.71088124,-73.81684712,36081.0,3121.0484422709856,10.275218924144204,63116,70288,7224,0,63064,70222,2278906,56,4,0,52,66
2020-09-02,US,New York,Rensselaer,844,40,0,42.71348136,-73.51089874,36083.0,531.774134606903,4.739336492890995,804,841,40,0,801,838,159442,3,0,0,3,3
2020-09-02,US,New York,Richmond,15332,1083,0,40.58582155,-74.14808598,36085.0,3220.0410380914977,7.063657709366032,14249,15308,1083,0,14225,15288,476179,24,0,0,24,20
2020-09-02,US,New York,Rockland,14305,674,0,41.15027894,-74.02560498,36087.0,4390.878758951346,4.711639286962599,13631,14271,674,0,13597,14255,325695,34,0,0,34,16
2020-09-02,US,New York,Saratoga,852,17,0,43.10904162,-73.86653895,36091.0,370.6555644014043,1.9953051643192488,835,846,17,0,829,844,230163,6,0,0,6,2
2020-09-02,US,New York,Schenectady,1278,45,0,42.81668777,-74.05278291,36093.0,822.9286730758085,3.5211267605633805,1233,1271,45,0,1226,1263,155350,7,0,0,7,8
2020-09-02,US,New York,Schoharie,70,0,0,42.58831742,-74.44339029999998,36095.0,225.81373592696545,0.0,70,70,0,0,70,69,31097,0,0,0,0,1
2020-09-02,US,New York,Schuyler,26,0,0,42.39184015,-76.8773299,36097.0,146.0099960689616,0.0,26,26,0,0,26,26,17912,0,0,0,0,0
2020-09-02,US,New York,Seneca,100,3,0,42.78081007,-76.82497064,36099.0,293.9793038570085,3.0,97,100,3,0,97,100,34300,0,0,0,0,0
2020-09-02,US,New York,St. Lawrence,279,4,0,44.4976179,-75.06550039,36089.0,258.95674772600705,1.4336917562724014,275,275,4,0,271,275,108047,4,0,0,4,0
2020-09-02,US,New York,Steuben,315,42,0,42.2689144,-77.3829924,36101.0,330.26137829081875,13.333333333333336,273,315,42,0,273,315,95796,0,0,0,0,0
2020-09-02,US,New York,Suffolk,44940,2003,0,40.88320119,-72.8012172,36103.0,3043.476199731681,4.457053849577214,42937,44885,2002,0,42883,44820,1481093,55,1,0,54,65
2020-09-02,US,New York,Sullivan,1534,48,0,41.71579493,-74.76394559,36105.0,2033.6196839537602,3.1290743155149934,1486,1530,48,0,1482,1529,75498,4,0,0,4,1
2020-09-02,US,New York,Tioga,209,25,0,42.16852837,-76.30835812,36107.0,433.58297201419,11.961722488038278,184,209,25,0,184,209,48560,0,0,0,0,0
2020-09-02,US,New York,Tompkins,280,0,0,42.44945765,-76.47229843,36109.0,274.0262282247015,0.0,280,270,0,0,270,265,102793,10,0,0,10,5
2020-09-02,US,New York,Ulster,2178,94,0,41.89027881,-74.26252104,36111.0,1226.537818249396,4.315886134067951,2084,2176,94,0,2082,2175,178599,2,0,0,2,1
2020-09-02,US,New York,Unassigned,0,24,0,0.0,0.0,90036.0,0.0,0.0,-24,0,24,0,-24,0,,0,0,0,0,0
2020-09-02,US,New York,Warren,322,33,0,43.56173026,-73.8433699,36113.0,503.5656199174277,10.248447204968944,289,322,33,0,289,321,64265,0,0,0,0,1
2020-09-02,US,New York,Washington,268,14,0,43.31153794,-73.43043448,36115.0,437.8798771322136,5.223880597014926,254,268,14,0,254,267,61197,0,0,0,0,1
2020-09-02,US,New York,Wayne,281,5,0,43.15494365,-77.02976528,36117.0,312.50695077737487,1.7793594306049825,276,280,5,0,275,280,90064,1,0,0,1,0
2020-09-02,US,New York,Westchester,37057,1452,0,41.16278376,-73.75741653,36119.0,3830.157125640565,3.918288042744961,35605,37021,1452,0,35569,36984,967612,36,0,0,36,37
2020-09-02,US,New York,Wyoming,126,5,0,42.70145109,-78.22199579,36121.0,316.1143029177852,3.968253968253968,121,126,5,0,121,126,40085,0,0,0,0,0
2020-09-02,US,New York,Yates,62,7,0,42.63505484,-77.10369919,36123.0,248.8660538674588,11.290322580645164,55,62,7,0,55,62,24841,0,0,0,0,0
2020-09-02,US,North Carolina,Alamance,3259,46,0,36.0434701,-79.39976137,37001.0,1922.611778725613,1.4114759128567045,3213,3243,46,0,3197,3209,166436,16,0,0,16,34
2020-09-02,US,North Carolina,Alexander,414,3,0,35.922379600000006,-81.17751948,37003.0,1104.0883270661652,0.7246376811594203,411,409,3,0,406,401,37353,5,0,0,5,8
2020-09-02,US,North Carolina,Alleghany,202,0,0,36.49360862,-81.12857041,37005.0,1813.7739067971627,0.0,202,202,0,0,202,203,11161,0,0,0,0,-1
2020-09-02,US,North Carolina,Anson,452,3,0,34.97403241,-80.09953279,37007.0,1848.9732471569992,0.6637168141592921,449,445,3,0,442,441,24877,7,0,0,7,4
2020-09-02,US,North Carolina,Ashe,206,1,0,36.43296207,-81.49862729,37009.0,757.2694188141014,0.4854368932038835,205,206,1,0,205,200,27109,0,0,0,0,6
2020-09-02,US,North Carolina,Avery,146,0,0,36.07569796,-81.92308483,37011.0,831.577148715612,0.0,146,144,0,0,144,138,17505,2,0,0,2,6
2020-09-02,US,North Carolina,Beaufort,599,10,0,35.48531943,-76.84325809,37013.0,1274.630803932417,1.6694490818030048,589,593,9,0,584,586,47079,6,1,0,5,7
2020-09-02,US,North Carolina,Bertie,448,6,0,36.0688473,-76.96545943,37015.0,2364.4904206470683,1.3392857142857142,442,441,6,0,435,435,19026,7,0,0,7,6
2020-09-02,US,North Carolina,Bladen,729,10,0,34.61296243,-78.56180059,37017.0,2227.858932828067,1.3717421124828533,719,724,10,0,714,716,33190,5,0,0,5,8
2020-09-02,US,North Carolina,Brunswick,1402,24,0,34.070565,-78.22814204,37019.0,981.6552303598936,1.7118402282453635,1378,1401,24,0,1377,1389,136744,1,0,0,1,12
2020-09-02,US,North Carolina,Buncombe,2517,72,0,35.61113393,-82.53305,37021.0,963.6626070576705,2.8605482717520863,2445,2492,72,0,2420,2468,259103,25,0,0,25,24
2020-09-02,US,North Carolina,Burke,1864,30,0,35.74989637,-81.70755735,37023.0,2060.009946399956,1.609442060085837,1834,1855,30,0,1825,1850,90382,9,0,0,9,5
2020-09-02,US,North Carolina,Cabarrus,3255,54,0,35.3877799,-80.55267168,37025.0,1503.7906612520962,1.6589861751152073,3201,3221,54,0,3167,3169,211342,34,0,0,34,52
2020-09-02,US,North Carolina,Caldwell,1441,17,0,35.95204977,-81.54799522,37027.0,1753.5106719559979,1.1797362942401108,1424,1436,17,0,1419,1424,82029,5,0,0,5,12
2020-09-02,US,North Carolina,Camden,99,3,0,36.33804939,-76.15568396,37029.0,911.0149995398914,3.0303030303030303,96,97,3,0,94,97,10710,2,0,0,2,0
2020-09-02,US,North Carolina,Carteret,513,5,0,34.8932941,-76.54120135,37031.0,738.4163631914557,0.9746588693957114,508,509,5,0,504,500,69524,4,0,0,4,9
2020-09-02,US,North Carolina,Caswell,248,3,0,36.39312665,-79.33353281,37033.0,1097.1509467350909,1.2096774193548387,245,249,2,0,247,249,22698,-1,1,0,-2,0
2020-09-02,US,North Carolina,Catawba,2645,46,0,35.66211129,-81.2132617,37035.0,1657.7771370909616,1.7391304347826086,2599,2638,45,0,2593,2616,158652,7,1,0,6,22
2020-09-02,US,North Carolina,Chatham,1506,56,0,35.70394416,-79.25541492,37037.0,2022.2908553780048,3.718459495351925,1450,1494,56,0,1438,1482,73139,12,0,0,12,12
2020-09-02,US,North Carolina,Cherokee,446,5,0,35.1349263,-84.05970864,37039.0,1558.7865231371454,1.1210762331838564,441,446,5,0,441,433,28383,0,0,0,0,13
2020-09-02,US,North Carolina,Chowan,227,2,0,36.12908077,-76.60118385,37041.0,1628.057089579,0.8810572687224669,225,223,2,0,221,220,14029,4,0,0,4,3
2020-09-02,US,North Carolina,Clay,89,1,0,35.05704275,-83.74353633,37043.0,792.4494702163654,1.1235955056179776,88,89,1,0,88,89,11139,0,0,0,0,0
2020-09-02,US,North Carolina,Cleveland,1630,43,0,35.33553364,-81.55204486,37045.0,1664.165313894249,2.6380368098159512,1587,1624,42,0,1582,1604,97645,6,1,0,5,20
2020-09-02,US,North Carolina,Columbus,1128,52,0,34.26744084,-78.65801424,37047.0,2032.1395114217767,4.609929078014185,1076,1124,52,0,1072,1102,55655,4,0,0,4,22
2020-09-02,US,North Carolina,Craven,1000,26,0,35.11833364,-77.08398081,37049.0,979.0579504400864,2.6,974,995,26,0,969,971,102912,5,0,0,5,24
2020-09-02,US,North Carolina,Cumberland,4167,67,0,35.04762133,-78.82623165,37051.0,1241.993508370863,1.6078713702903769,4100,4117,67,0,4050,4048,332330,50,0,0,50,69
2020-09-02,US,North Carolina,Currituck,112,0,0,36.36123664,-75.95876401,37053.0,403.4146165760184,0.0,112,109,0,0,109,107,27072,3,0,0,3,2
2020-09-02,US,North Carolina,Dare,244,2,0,35.66520691,-75.71767334,37055.0,659.2990894106839,0.819672131147541,242,242,2,0,240,243,36501,2,0,0,2,-1
2020-09-02,US,North Carolina,Davidson,2220,32,0,35.79115496,-80.21256572,37057.0,1324.5112135983152,1.4414414414414414,2188,2203,32,0,2171,2171,166614,17,0,0,17,32
2020-09-02,US,North Carolina,Davie,489,6,0,35.93099927,-80.54496571,37059.0,1141.2967371516595,1.2269938650306749,483,484,6,0,478,478,42733,5,0,0,5,6
2020-09-02,US,North Carolina,Duplin,2085,52,0,34.93449805,-77.93140529,37061.0,3549.47992032822,2.4940047961630696,2033,2085,52,0,2033,2083,58856,0,0,0,0,2
2020-09-02,US,North Carolina,Durham,6968,84,0,36.03638492,-78.87608331,37063.0,2167.421490071169,1.2055109070034442,6884,6942,84,0,6858,6908,316739,26,0,0,26,34
2020-09-02,US,North Carolina,Edgecombe,996,21,0,35.91230639,-77.59436892,37065.0,1935.0326391047558,2.108433734939759,975,968,20,0,948,955,52005,28,1,0,27,13
2020-09-02,US,North Carolina,Forsyth,6266,80,0,36.12859861,-80.25459052,37067.0,1639.048378869721,1.2767315671879986,6186,6220,76,0,6144,6160,379099,46,4,0,42,60
2020-09-02,US,North Carolina,Franklin,1078,29,0,36.081519,-78.28708884,37069.0,1546.9613259668508,2.6901669758812616,1049,1063,29,0,1034,1056,67560,15,0,0,15,7
2020-09-02,US,North Carolina,Gaston,4149,66,0,35.29373559,-81.17477045,37071.0,1847.8682041072643,1.5907447577729574,4083,4126,63,0,4063,4091,222846,23,3,0,20,35
2020-09-02,US,North Carolina,Gates,87,3,0,36.44667547,-76.69749701,37073.0,752.4649714582252,3.4482758620689653,84,87,3,0,84,84,11573,0,0,0,0,3
2020-09-02,US,North Carolina,Graham,61,0,0,35.3506925,-83.83369267,37075.0,722.6631915649805,0.0,61,58,0,0,58,55,8484,3,0,0,3,3
2020-09-02,US,North Carolina,Granville,1551,45,0,36.30337451,-78.65184241,37077.0,2566.053968201446,2.9013539651837523,1506,1546,45,0,1501,1529,60115,5,0,0,5,17
2020-09-02,US,North Carolina,Greene,422,4,0,35.48544173,-77.67578087,37079.0,2002.942712041388,0.9478672985781992,418,420,4,0,416,414,21012,2,0,0,2,6
2020-09-02,US,North Carolina,Guilford,7013,170,0,36.07959451,-79.78824948,37081.0,1305.53600881651,2.424069585056324,6843,6967,170,0,6797,6861,533670,46,0,0,46,106
2020-09-02,US,North Carolina,Halifax,875,11,0,36.25669272,-77.6556109,37083.0,1749.6500699860028,1.2571428571428571,864,874,11,0,863,862,50574,1,0,0,1,12
2020-09-02,US,North Carolina,Harnett,1694,46,0,35.36731853,-78.87243571,37085.0,1245.8080837794905,2.7154663518299884,1648,1665,46,0,1619,1625,134214,29,0,0,29,40
2020-09-02,US,North Carolina,Haywood,513,28,0,35.55269063,-82.98196486,37087.0,823.2103599338864,5.458089668615984,485,512,25,0,487,511,61971,1,3,0,-2,1
2020-09-02,US,North Carolina,Henderson,1710,60,0,35.33788927,-82.4766782,37089.0,1456.3478882955621,3.5087719298245608,1650,1695,60,0,1635,1697,116748,15,0,0,15,-2
2020-09-02,US,North Carolina,Hertford,561,17,0,36.3607755,-76.98104134,37091.0,2369.3880136841667,3.0303030303030303,544,556,16,0,540,549,23659,5,1,0,4,7
2020-09-02,US,North Carolina,Hoke,883,13,0,35.01888303,-79.23651674,37093.0,1598.6530035847486,1.4722536806342017,870,880,12,0,868,874,54764,3,1,0,2,6
2020-09-02,US,North Carolina,Hyde,100,0,0,35.42017674,-76.15180542,37095.0,2025.52157180474,0.0,100,96,0,0,96,96,5230,4,0,0,4,0
2020-09-02,US,North Carolina,Iredell,2390,24,0,35.80950511,-80.8743128,37097.0,1314.588077401186,1.00418410041841,2366,2376,24,0,2352,2336,178435,14,0,0,14,40
2020-09-02,US,North Carolina,Jackson,492,7,0,35.28814273,-83.14093385,37099.0,1119.7596613409803,1.4227642276422765,485,492,7,0,485,492,43327,0,0,0,0,0
2020-09-02,US,North Carolina,Johnston,3883,52,0,35.51745004,-78.36622717,37101.0,1854.886093847778,1.3391707442698944,3831,3860,52,0,3808,3803,202675,23,0,0,23,57
2020-09-02,US,North Carolina,Jones,134,7,0,35.02254606,-77.35870791,37103.0,1422.6563329440494,5.223880597014926,127,134,7,0,127,136,9637,0,0,0,0,-2
2020-09-02,US,North Carolina,Lee,1451,13,0,35.47623147,-79.17569362,37105.0,2348.6945402159313,0.8959338387319091,1438,1448,13,0,1435,1432,61452,3,0,0,3,16
2020-09-02,US,North Carolina,Lenoir,808,17,0,35.24032589999999,-77.64245615,37107.0,1444.1723712666892,2.103960396039604,791,805,17,0,788,797,55976,3,0,0,3,8
2020-09-02,US,North Carolina,Lincoln,1135,13,0,35.48508185,-81.21740317,37109.0,1318.0662168596346,1.145374449339207,1122,1128,13,0,1115,1105,83770,7,0,0,7,23
2020-09-02,US,North Carolina,Macon,545,2,0,35.14867843,-83.41696617,37113.0,1519.883986836968,0.3669724770642202,543,545,2,0,543,540,35285,0,0,0,0,5
2020-09-02,US,North Carolina,Madison,71,1,0,35.85402722,-82.71346418,37115.0,326.3617559181797,1.4084507042253518,70,70,1,0,69,69,21763,1,0,0,1,1
2020-09-02,US,North Carolina,Martin,352,7,0,35.84326734,-77.10860251,37117.0,1568.6274509803925,1.9886363636363635,345,350,7,0,343,347,22671,2,0,0,2,3
2020-09-02,US,North Carolina,McDowell,804,24,0,35.67736232,-82.0482425,37111.0,1757.1466037241019,2.985074626865672,780,804,24,0,780,788,45507,0,0,0,0,16
2020-09-02,US,North Carolina,Mecklenburg,25703,298,0,35.24469268,-80.8317671,37119.0,2314.843167416577,1.1593977356728786,25405,25558,291,0,25267,25345,1093901,145,7,0,138,213
2020-09-02,US,North Carolina,Mitchell,94,3,0,36.01059309,-82.1582442,37121.0,628.174284950548,3.191489361702128,91,93,3,0,90,93,15000,1,0,0,1,0
2020-09-02,US,North Carolina,Montgomery,896,18,0,35.33155144,-79.90416657,37123.0,3297.3907923306224,2.008928571428572,878,893,18,0,875,885,27271,3,0,0,3,8
2020-09-02,US,North Carolina,Moore,1323,21,0,35.30885257,-79.48474178,37125.0,1311.4591593973034,1.5873015873015872,1302,1310,21,0,1289,1305,98682,13,0,0,13,5
2020-09-02,US,North Carolina,Nash,1723,25,0,35.96575634,-77.98422508,37127.0,1827.1861545313793,1.4509576320371445,1698,1703,24,0,1679,1661,94016,20,1,0,19,42
2020-09-02,US,North Carolina,New Hanover,3154,23,0,34.25758282,-77.87075626,37129.0,1345.144217031385,0.7292327203551047,3131,3122,21,0,3101,3031,232274,32,2,0,30,91
2020-09-02,US,North Carolina,Northampton,343,17,0,36.41736238,-77.39769443,37131.0,1760.5091618333931,4.956268221574344,326,340,17,0,323,338,19676,3,0,0,3,2
2020-09-02,US,North Carolina,Onslow,1509,13,0,34.72607366,-77.42908179,37133.0,762.3599308874498,0.8614976805831677,1496,1501,12,0,1489,1474,197683,8,1,0,7,27
2020-09-02,US,North Carolina,Orange,2323,50,0,36.06092947,-79.12167935,37135.0,1564.562622915488,2.152389151958674,2273,2305,50,0,2255,2268,146027,18,0,0,18,37
2020-09-02,US,North Carolina,Pamlico,169,2,0,35.15253315,-76.66559823,37137.0,1327.989941851328,1.183431952662722,167,168,2,0,166,155,12670,1,0,0,1,13
2020-09-02,US,North Carolina,Pasquotank,572,23,0,36.26723798,-76.25134778,37139.0,1436.3198071514664,4.020979020979021,549,564,23,0,541,548,39639,8,0,0,8,16
2020-09-02,US,North Carolina,Pender,773,4,0,34.52265624,-77.90352133,37141.0,1225.8166825245798,0.517464424320828,769,772,4,0,768,768,62162,1,0,0,1,4
2020-09-02,US,North Carolina,Perquimans,143,2,0,36.17847453,-76.40603143,37143.0,1062.1703929287678,1.3986013986013983,141,141,2,0,139,138,13422,2,0,0,2,3
2020-09-02,US,North Carolina,Person,336,5,0,36.38989032,-78.97217358,37145.0,850.8483160293747,1.488095238095238,331,332,5,0,327,323,39507,4,0,0,4,9
2020-09-02,US,North Carolina,Pitt,3667,19,0,35.59535426,-77.37353178,37147.0,2028.858815327926,0.5181347150259067,3648,3617,19,0,3598,3529,179914,50,0,0,50,88
2020-09-02,US,North Carolina,Polk,233,7,0,35.27820615,-82.16812354,37149.0,1124.3003281219842,3.004291845493562,226,229,7,0,222,227,20611,4,0,0,4,2
2020-09-02,US,North Carolina,Randolph,2438,44,0,35.71015088,-79.80570339,37151.0,1696.9798213925255,1.804757998359311,2394,2431,44,0,2387,2417,143351,7,0,0,7,14
2020-09-02,US,North Carolina,Richmond,681,11,0,35.00417719,-79.74491009,37153.0,1519.1059358897141,1.6152716593245229,670,673,11,0,662,672,44887,8,0,0,8,1
2020-09-02,US,North Carolina,Robeson,3625,61,0,34.64244496,-79.10250529999998,37155.0,2775.119617224881,1.6827586206896552,3564,3607,60,0,3547,3539,131831,18,1,0,17,68
2020-09-02,US,North Carolina,Rockingham,855,8,0,36.39593137,-79.77504841,37157.0,939.4572025052192,0.935672514619883,847,846,8,0,838,813,90690,9,0,0,9,33
2020-09-02,US,North Carolina,Rowan,2853,68,0,35.64003916,-80.52446628,37159.0,2007.9105906198968,2.383456011216264,2785,2841,65,0,2776,2805,141262,12,3,0,9,36
2020-09-02,US,North Carolina,Rutherford,943,20,0,35.40114178,-81.92112099,37161.0,1406.8537498694595,2.1208907741251326,923,942,19,0,923,938,66826,1,1,0,0,4
2020-09-02,US,North Carolina,Sampson,1627,21,0,34.98820368,-78.36914061,37163.0,2560.9544946561527,1.2907191149354642,1606,1623,21,0,1602,1609,63626,4,0,0,4,14
2020-09-02,US,North Carolina,Scotland,684,8,0,34.8386299,-79.4757978,37165.0,1964.2190506274592,1.1695906432748535,676,672,8,0,664,659,34810,12,0,0,12,13
2020-09-02,US,North Carolina,Stanly,1534,31,0,35.31647813,-80.25093221,37167.0,2442.4418049230967,2.0208604954367666,1503,1528,31,0,1497,1490,62075,6,0,0,6,38
2020-09-02,US,North Carolina,Stokes,337,3,0,36.4017975,-80.23893369,37169.0,739.180978701937,0.8902077151335311,334,335,3,0,332,331,45467,2,0,0,2,4
2020-09-02,US,North Carolina,Surry,1173,17,0,36.41689489,-80.69102283,37171.0,1634.0916372957386,1.4492753623188406,1156,1167,17,0,1150,1157,71948,6,0,0,6,10
2020-09-02,US,North Carolina,Swain,133,3,0,35.48665845,-83.48748932,37173.0,931.9599187162778,2.255639097744361,130,131,3,0,128,131,14245,2,0,0,2,0
2020-09-02,US,North Carolina,Transylvania,259,2,0,35.20383864,-82.79638423,37175.0,753.235422422568,0.7722007722007722,257,261,2,0,259,248,34215,-2,0,0,-2,13
2020-09-02,US,North Carolina,Tyrrell,108,2,0,35.87147226,-76.17055253,37177.0,2689.2430278884462,1.851851851851852,106,107,2,0,105,107,4131,1,0,0,1,0
2020-09-02,US,North Carolina,Union,4036,51,0,34.98960527,-80.52955873,37179.0,1682.6552266123017,1.263627353815659,3985,3991,51,0,3940,3930,235908,45,0,0,45,61
2020-09-02,US,North Carolina,Vance,919,42,0,36.36880673,-78.40670845,37181.0,2063.545525990794,4.570184983677911,877,915,42,0,873,911,44582,4,0,0,4,4
2020-09-02,US,North Carolina,Wake,15297,202,0,35.78879266,-78.65249174,37183.0,1375.9252213380396,1.3205203634699614,15095,15203,201,0,15002,14967,1092305,94,1,0,93,236
2020-09-02,US,North Carolina,Warren,291,7,0,36.39728256,-78.10652228,37185.0,1474.8365516192796,2.405498281786941,284,291,6,0,285,288,19807,0,1,0,-1,3
2020-09-02,US,North Carolina,Washington,179,6,0,35.83810081,-76.57299037,37187.0,1545.7685664939554,3.35195530726257,173,180,6,0,174,177,11859,-1,0,0,-1,3
2020-09-02,US,North Carolina,Watauga,460,0,0,36.23103603,-81.70033724,37189.0,818.8404507182655,0.0,460,442,0,0,442,434,55945,18,0,0,18,8
2020-09-02,US,North Carolina,Wayne,2841,55,0,35.36438125,-78.00027268,37191.0,2307.298730620233,1.9359380499824008,2786,2830,53,0,2777,2820,123248,11,2,0,9,10
2020-09-02,US,North Carolina,Wilkes,1051,23,0,36.2084135,-81.16232895,37193.0,1536.280184762907,2.188392007611798,1028,1044,22,0,1022,1026,68557,7,1,0,6,18
2020-09-02,US,North Carolina,Wilson,1754,36,0,35.70625477,-77.917978,37195.0,2144.228065671569,2.0524515393386547,1718,1752,36,0,1716,1733,81455,2,0,0,2,19
2020-09-02,US,North Carolina,Yadkin,646,7,0,36.16222629,-80.66239436,37197.0,1715.0290705391985,1.08359133126935,639,644,7,0,637,633,37543,2,0,0,2,11
2020-09-02,US,North Carolina,Yancey,94,0,0,35.90079156,-82.31237181,37199.0,520.2280148320327,0.0,94,93,0,0,93,92,17903,1,0,0,1,1
2020-09-02,US,North Dakota,Adams,4,0,0,46.09686891,-102.5285397,38001.0,180.50541516245488,0.0,4,4,0,0,4,4,2294,0,0,0,0,0
2020-09-02,US,North Dakota,Barnes,117,0,0,46.93579637,-98.06605978,38003.0,1123.3797407585214,0.0,117,114,0,0,114,112,10542,3,0,0,3,2
2020-09-02,US,North Dakota,Benson,239,4,0,48.0683985,-99.35916363,38005.0,3498.2435597189697,1.6736401673640169,235,233,4,0,229,229,6962,6,0,0,6,4
2020-09-02,US,North Dakota,Billings,4,0,0,47.02366884,-103.3762965,38007.0,431.0344827586207,0.0,4,4,0,0,4,5,919,0,0,0,0,-1
2020-09-02,US,North Dakota,Bottineau,28,0,0,48.79106111,-100.8378166,38009.0,445.7179242279529,0.0,28,28,0,0,28,28,6411,0,0,0,0,0
2020-09-02,US,North Dakota,Bowman,16,0,0,46.11285362,-103.5203343,38011.0,529.1005291005291,0.0,16,16,0,0,16,15,3076,0,0,0,0,1
2020-09-02,US,North Dakota,Burke,24,1,0,48.79094471,-102.51821170000001,38013.0,1134.7517730496456,4.166666666666667,23,24,1,0,23,24,2100,0,0,0,0,0
2020-09-02,US,North Dakota,Burleigh,2099,18,0,46.97847375,-100.46452140000001,38015.0,2195.009725388493,0.8575512148642209,2081,2038,17,0,2021,2016,95273,61,1,0,60,22
2020-09-02,US,North Dakota,Cass,3604,76,0,46.93201724,-97.24447190000001,38017.0,1981.057920109057,2.108768035516093,3528,3554,76,0,3478,3526,181516,50,0,0,50,28
2020-09-02,US,North Dakota,Cavalier,34,0,0,48.77286211,-98.46685243,38019.0,903.7745879851144,0.0,34,34,0,0,34,33,3829,0,0,0,0,1
2020-09-02,US,North Dakota,Dickey,28,0,0,46.11017712,-98.50490079999999,38021.0,574.7126436781608,0.0,28,27,0,0,27,26,4903,1,0,0,1,1
2020-09-02,US,North Dakota,Divide,5,0,0,48.814938700000006,-103.48736109999999,38023.0,220.84805653710248,0.0,5,5,0,0,5,5,2283,0,0,0,0,0
2020-09-02,US,North Dakota,Dunn,51,0,0,47.35423935,-102.61604679999999,38025.0,1152.8028933092226,0.0,51,49,0,0,49,49,4332,2,0,0,2,0
2020-09-02,US,North Dakota,Eddy,35,0,0,47.71701474,-98.90432337,38027.0,1530.389156099694,0.0,35,33,0,0,33,32,2313,2,0,0,2,1
2020-09-02,US,North Dakota,Emmons,27,1,0,46.28398398,-100.2389766,38029.0,833.0762110459732,3.703703703703704,26,27,1,0,26,27,3295,0,0,0,0,0
2020-09-02,US,North Dakota,Foster,35,0,0,47.457108399999996,-98.88279923,38031.0,1090.342679127726,0.0,35,33,0,0,33,32,3216,2,0,0,2,1
2020-09-02,US,North Dakota,Golden Valley,34,0,0,46.94022281,-103.8465421,38033.0,1930.7211811470754,0.0,34,34,0,0,34,35,1769,0,0,0,0,-1
2020-09-02,US,North Dakota,Grand Forks,1531,11,0,47.92093639,-97.45450447,38035.0,2204.4319016284867,0.7184846505551927,1520,1512,11,0,1501,1482,70770,19,0,0,19,30
2020-09-02,US,North Dakota,Grant,9,0,0,46.35821257,-101.63900129999999,38037.0,395.77836411609496,0.0,9,9,0,0,9,9,2374,0,0,0,0,0
2020-09-02,US,North Dakota,Griggs,38,1,0,47.45785838,-98.23850925,38039.0,1703.2720753025546,2.631578947368421,37,38,1,0,37,38,2232,0,0,0,0,0
2020-09-02,US,North Dakota,Hettinger,28,0,0,46.43375068,-102.4632417,38041.0,1120.4481792717086,0.0,28,25,0,0,25,24,2514,3,0,0,3,1
2020-09-02,US,North Dakota,Kidder,33,0,0,46.97830064,-99.77507857,38043.0,1330.6451612903227,0.0,33,33,0,0,33,34,2450,0,0,0,0,-1
2020-09-02,US,North Dakota,LaMoure,20,0,0,46.45681054,-98.53542355,38045.0,494.31537320810685,0.0,20,20,0,0,20,20,4062,0,0,0,0,0
2020-09-02,US,North Dakota,Logan,11,0,0,46.45729487,-99.47719806,38047.0,594.5945945945947,0.0,11,11,0,0,11,11,1903,0,0,0,0,0
2020-09-02,US,North Dakota,McHenry,44,1,0,48.23104458,-100.6324822,38049.0,765.8833768494342,2.272727272727273,43,41,1,0,40,38,5816,3,0,0,3,3
2020-09-02,US,North Dakota,McIntosh,44,3,0,46.11182017,-99.44145858,38051.0,1762.1145374449338,6.8181818181818175,41,44,3,0,41,44,2585,0,0,0,0,0
2020-09-02,US,North Dakota,McKenzie,125,2,0,47.74133370000001,-103.395905,38053.0,832.0021299254528,1.6,123,123,2,0,121,122,13632,2,0,0,2,1
2020-09-02,US,North Dakota,McLean,170,1,0,47.60766714,-101.3182418,38055.0,1798.9417989417987,0.5882352941176471,169,169,1,0,168,165,9541,1,0,0,1,4
2020-09-02,US,North Dakota,Mercer,40,0,0,47.31213126,-101.8318399,38057.0,488.57945523390737,0.0,40,38,0,0,38,38,8267,2,0,0,2,0
2020-09-02,US,North Dakota,Morton,676,7,0,46.71681782,-101.2822377,38059.0,2155.3373294222674,1.0355029585798816,669,653,6,0,647,641,31095,23,1,0,22,12
2020-09-02,US,North Dakota,Mountrail,173,1,0,48.20197971,-102.3555315,38061.0,1640.5879563774301,0.5780346820809249,172,173,1,0,172,172,10218,0,0,0,0,1
2020-09-02,US,North Dakota,Nelson,31,0,0,47.9226426,-98.19038437,38063.0,1076.7627648489058,0.0,31,31,0,0,31,30,2869,0,0,0,0,1
2020-09-02,US,North Dakota,Oliver,10,0,0,47.11530482,-101.3406158,38065.0,510.46452271567125,0.0,10,10,0,0,10,10,1952,0,0,0,0,0
2020-09-02,US,North Dakota,Pembina,37,0,0,48.76623521,-97.5523809,38067.0,544.0376415233054,0.0,37,35,0,0,35,35,6947,2,0,0,2,0
2020-09-02,US,North Dakota,Pierce,27,0,0,48.24977025,-99.96407787,38069.0,679.2452830188679,0.0,27,25,0,0,25,25,4081,2,0,0,2,0
2020-09-02,US,North Dakota,Ramsey,122,2,0,48.26886249,-98.72223879,38071.0,1059.11971525306,1.639344262295082,120,122,2,0,120,121,11481,0,0,0,0,1
2020-09-02,US,North Dakota,Ransom,42,0,0,46.45621782,-97.65742504,38073.0,804.9060942889996,0.0,42,41,0,0,41,41,5237,1,0,0,1,0
2020-09-02,US,North Dakota,Renville,11,0,0,48.71982533,-101.6603912,38075.0,472.71164589600335,0.0,11,11,0,0,11,11,2374,0,0,0,0,0
2020-09-02,US,North Dakota,Richland,136,1,0,46.26440649,-96.94852979,38077.0,840.6997589169812,0.7352941176470589,135,134,1,0,133,136,16239,2,0,0,2,-2
2020-09-02,US,North Dakota,Rolette,126,2,0,48.77245354,-99.84097493,38079.0,888.8261851015802,1.5873015873015872,124,120,2,0,118,120,14301,6,0,0,6,0
2020-09-02,US,North Dakota,Sargent,18,0,0,46.10830372,-97.63217159,38081.0,461.77526936890706,0.0,18,16,0,0,16,17,3870,2,0,0,2,-1
2020-09-02,US,North Dakota,Sheridan,9,0,0,47.57700669,-100.3426391,38083.0,684.4106463878327,0.0,9,9,0,0,9,9,1349,0,0,0,0,0
2020-09-02,US,North Dakota,Sioux,122,2,0,46.11323337,-101.04401490000001,38085.0,2884.1607565011823,1.639344262295082,120,121,2,0,119,121,4358,1,0,0,1,0
2020-09-02,US,North Dakota,Slope,7,0,0,46.44737738,-103.4601547,38087.0,933.3333333333336,0.0,7,7,0,0,7,6,763,0,0,0,0,1
2020-09-02,US,North Dakota,Stark,751,6,0,46.80851182,-102.65763259999999,38089.0,2384.959827241259,0.7989347536617842,745,740,6,0,734,687,30997,11,0,0,11,53
2020-09-02,US,North Dakota,Steele,21,0,0,47.45611548,-97.72728747,38091.0,1111.111111111111,0.0,21,19,0,0,19,18,1903,2,0,0,2,1
2020-09-02,US,North Dakota,Stutsman,221,3,0,46.97962541,-98.95637318,38093.0,1067.4265842349305,1.3574660633484164,218,213,3,0,210,215,20917,8,0,0,8,-2
2020-09-02,US,North Dakota,Towner,9,0,0,48.68565745,-99.24564265,38095.0,411.1466423024212,0.0,9,9,0,0,9,8,2192,0,0,0,0,1
2020-09-02,US,North Dakota,Traill,71,0,0,47.45367788,-97.16323288,38097.0,883.5241413638628,0.0,71,70,0,0,70,70,8037,1,0,0,1,0
2020-09-02,US,North Dakota,Walsh,146,1,0,48.36876964,-97.72574783,38099.0,1372.0514989192745,0.6849315068493149,145,144,1,0,143,141,10667,2,0,0,2,3
2020-09-02,US,North Dakota,Ward,520,1,0,48.22390169,-101.54367629999999,38101.0,768.7645067340816,0.19230769230769232,519,509,1,0,508,502,67744,11,0,0,11,7
2020-09-02,US,North Dakota,Wells,29,0,0,47.58614526,-99.65904998,38103.0,756.3901930099112,0.0,29,28,0,0,28,28,3957,1,0,0,1,0
2020-09-02,US,North Dakota,Williams,475,3,0,48.34522353,-103.4793387,38105.0,1263.6675623187634,0.631578947368421,472,440,2,0,438,429,35350,35,1,0,34,11
2020-09-02,US,Ohio,Adams,94,4,0,38.84541072,-83.4718964,39001.0,339.3746840927143,4.25531914893617,90,93,4,0,89,93,27724,1,0,0,1,0
2020-09-02,US,Ohio,Allen,1170,55,0,40.77285242,-84.10802343,39003.0,1143.1251282351907,4.700854700854701,1115,1162,54,0,1108,1150,102663,8,1,0,7,12
2020-09-02,US,Ohio,Ashland,172,4,0,40.84772277,-82.27280781,39005.0,321.59150400119665,2.3255813953488373,168,171,4,0,167,167,53745,1,0,0,1,4
2020-09-02,US,Ohio,Ashtabula,614,46,0,41.70860332,-80.74830218,39007.0,631.4209027056487,7.49185667752443,568,612,46,0,566,611,97493,2,0,0,2,1
2020-09-02,US,Ohio,Athens,399,2,0,39.33425634,-82.04278644,39009.0,610.773493348845,0.5012531328320802,397,396,2,0,394,389,65818,3,0,0,3,7
2020-09-02,US,Ohio,Auglaize,436,8,0,40.55998859,-84.22421429999999,39011.0,954.9675836691783,1.834862385321101,428,427,8,0,419,419,45804,9,0,0,9,8
2020-09-02,US,Ohio,Belmont,685,26,0,40.01625942,-80.9924051,39013.0,1022.2965107602304,3.7956204379562037,659,684,26,0,658,682,67505,1,0,0,1,2
2020-09-02,US,Ohio,Brown,221,2,0,38.93416837,-83.86788395,39015.0,508.8414072573218,0.9049773755656108,219,218,2,0,216,211,43602,3,0,0,3,7
2020-09-02,US,Ohio,Butler,4308,75,0,39.44012838,-84.57388716,39017.0,1124.4107805624142,1.7409470752089136,4233,4147,74,0,4073,4029,382378,161,1,0,160,118
2020-09-02,US,Ohio,Carroll,126,6,0,40.578968599999996,-81.09178213,39019.0,468.15783607044665,4.761904761904762,120,126,6,0,120,125,27081,0,0,0,0,1
2020-09-02,US,Ohio,Champaign,250,3,0,40.13923427,-83.76875242,39021.0,642.9214350006429,1.2,247,249,3,0,246,249,38754,1,0,0,1,0
2020-09-02,US,Ohio,Clark,1449,28,0,39.91592258,-83.78498252,39023.0,1080.6739109357636,1.932367149758454,1421,1433,28,0,1405,1420,134585,16,0,0,16,13
2020-09-02,US,Ohio,Clermont,1320,15,0,39.04847534,-84.15375786,39025.0,639.4481368806557,1.1363636363636365,1305,1303,15,0,1288,1280,205466,17,0,0,17,23
2020-09-02,US,Ohio,Clinton,251,10,0,39.41485808,-83.80852286,39027.0,598.0747235989327,3.98406374501992,241,249,10,0,239,244,42057,2,0,0,2,5
2020-09-02,US,Ohio,Columbiana,1843,66,0,40.76932373,-80.78094576,39029.0,1808.9377030515395,3.5811177428106347,1777,1841,66,0,1775,1828,102665,2,0,0,2,13
2020-09-02,US,Ohio,Coshocton,217,9,0,40.30096166,-81.91729018,39031.0,592.896174863388,4.147465437788019,208,217,9,0,208,217,36629,0,0,0,0,0
2020-09-02,US,Ohio,Crawford,197,5,0,40.85065156,-82.91989099,39033.0,474.76743625584425,2.538071065989848,192,196,5,0,191,194,41550,1,0,0,1,2
2020-09-02,US,Ohio,Cuyahoga,15925,582,0,41.424119,-81.65918339,39035.0,1289.398512799254,3.654631083202512,15343,15804,581,0,15223,15714,1243857,121,1,0,120,90
2020-09-02,US,Ohio,Darke,633,36,0,40.13412966,-84.6194517,39037.0,1238.432492712226,5.6872037914691935,597,622,35,0,587,622,51323,11,1,0,10,0
2020-09-02,US,Ohio,Defiance,212,7,0,41.32398837,-84.49076944,39039.0,556.6203691548297,3.30188679245283,205,213,7,0,206,210,38165,-1,0,0,-1,3
2020-09-02,US,Ohio,Delaware,1688,20,0,40.27942393,-83.00457058,39041.0,806.9720858411775,1.1848341232227488,1668,1674,20,0,1654,1651,204826,14,0,0,14,23
2020-09-02,US,Ohio,Erie,774,37,0,41.36796058,-82.62904521,39043.0,1042.1996606791804,4.780361757105943,737,774,36,0,738,776,74615,0,1,0,-1,-2
2020-09-02,US,Ohio,Fairfield,1753,40,0,39.75107189,-82.63088163,39045.0,1112.4931778085218,2.2818026240730176,1713,1738,40,0,1698,1724,155782,15,0,0,15,14
2020-09-02,US,Ohio,Fayette,193,5,0,39.56021306,-83.4562016,39047.0,676.5994741454864,2.5906735751295336,188,192,5,0,187,189,28666,1,0,0,1,3
2020-09-02,US,Ohio,Franklin,22161,563,0,39.96995815,-83.01115755,39049.0,1682.9997357141335,2.5404990749514917,21598,22005,563,0,21442,21785,1310300,156,0,0,156,220
2020-09-02,US,Ohio,Fulton,192,1,0,41.60213491,-84.12571393,39051.0,455.77553055120353,0.5208333333333334,191,187,1,0,186,184,42276,5,0,0,5,3
2020-09-02,US,Ohio,Gallia,150,4,0,38.82708533,-82.31647569,39053.0,501.7057997190448,2.6666666666666665,146,147,4,0,143,144,29979,3,0,0,3,3
2020-09-02,US,Ohio,Geauga,627,46,0,41.49952319,-81.17935342,39055.0,669.5212976112932,7.336523125996809,581,623,46,0,577,616,94031,4,0,0,4,7
2020-09-02,US,Ohio,Greene,1020,20,0,39.69116283,-83.89032084,39057.0,603.7753718841935,1.96078431372549,1000,992,19,0,973,977,167995,28,1,0,27,15
2020-09-02,US,Ohio,Guernsey,137,7,0,40.05026529,-81.49248905,39059.0,352.41157556270105,5.109489051094892,130,133,7,0,126,131,39022,4,0,0,4,2
2020-09-02,US,Ohio,Hamilton,11356,287,0,39.19673558,-84.54502924,39061.0,1389.1590303288306,2.5272983444874955,11069,11285,287,0,10998,11174,816684,71,0,0,71,111
2020-09-02,US,Ohio,Hancock,536,7,0,41.00250487,-83.66838948,39063.0,707.2826359473761,1.3059701492537314,529,527,7,0,520,524,75930,9,0,0,9,3
2020-09-02,US,Ohio,Hardin,224,13,0,40.66015414,-83.65929931,39065.0,714.171847600829,5.803571428571429,211,223,13,0,210,220,31480,1,0,0,1,3
2020-09-02,US,Ohio,Harrison,31,1,0,40.29380509,-81.09068544,39067.0,206.1170212765957,3.2258064516129035,30,31,1,0,30,29,15174,0,0,0,0,2
2020-09-02,US,Ohio,Henry,218,3,0,41.333964200000004,-84.06830637,39069.0,807.2280234022069,1.3761467889908257,215,216,3,0,213,216,27086,2,0,0,2,0
2020-09-02,US,Ohio,Highland,192,3,0,39.1839264,-83.60331456,39071.0,444.84604156530196,1.5625,189,191,3,0,188,190,43058,1,0,0,1,1
2020-09-02,US,Ohio,Hocking,143,9,0,39.49537927,-82.47991446,39073.0,505.9439569770733,6.293706293706293,134,143,9,0,134,139,28385,0,0,0,0,4
2020-09-02,US,Ohio,Holmes,351,7,0,40.56163713,-81.92635677,39075.0,798.4531392174704,1.9943019943019944,344,351,7,0,344,350,43892,0,0,0,0,1
2020-09-02,US,Ohio,Huron,481,6,0,41.14651175,-82.59867951,39077.0,825.5243195002231,1.2474012474012477,475,479,6,0,473,475,58504,2,0,0,2,4
2020-09-02,US,Ohio,Jackson,176,1,0,39.01914254,-82.61818559999998,39079.0,542.9920093789528,0.5681818181818182,175,173,1,0,172,170,32384,3,0,0,3,3
2020-09-02,US,Ohio,Jefferson,275,4,0,40.38614126,-80.76259514,39081.0,420.97206276310754,1.4545454545454546,271,275,4,0,271,270,65767,0,0,0,0,5
2020-09-02,US,Ohio,Knox,252,14,0,40.39830217,-82.42027563,39083.0,404.35159333782616,5.5555555555555545,238,248,14,0,234,248,61893,4,0,0,4,0
2020-09-02,US,Ohio,Lake,1339,44,0,41.69710807,-81.23676539,39085.0,581.7970097632402,3.2860343539955186,1295,1328,44,0,1284,1320,230514,11,0,0,11,8
2020-09-02,US,Ohio,Lawrence,454,14,0,38.59743452,-82.53466552,39087.0,763.4999915914098,3.0837004405286343,440,445,14,0,431,434,59866,9,0,0,9,11
2020-09-02,US,Ohio,Licking,1622,57,0,40.09136236,-82.48185785,39089.0,917.0992072915608,3.5141800246609125,1565,1611,57,0,1554,1589,175769,11,0,0,11,22
2020-09-02,US,Ohio,Logan,243,2,0,40.38996525,-83.76784341,39091.0,532.0546505517603,0.8230452674897121,241,242,2,0,240,235,45358,1,0,0,1,7
2020-09-02,US,Ohio,Lorain,2115,81,0,41.29553751,-82.15083537,39093.0,682.6258016415295,3.8297872340425534,2034,2111,81,0,2030,2107,309461,4,0,0,4,4
2020-09-02,US,Ohio,Lucas,6527,343,0,41.62101218,-83.65468618,39095.0,1523.761054096202,5.255094223992646,6184,6475,343,0,6132,6418,429899,52,0,0,52,57
2020-09-02,US,Ohio,Madison,705,11,0,39.89381073,-83.40178317,39097.0,1576.0881715141627,1.5602836879432624,694,704,11,0,693,696,44413,1,0,0,1,8
2020-09-02,US,Ohio,Mahoning,2868,266,0,41.01631101,-80.77287029,39099.0,1254.1378239746725,9.274755927475592,2602,2864,266,0,2598,2854,229642,4,0,0,4,10
2020-09-02,US,Ohio,Marion,3009,46,0,40.58610662,-83.15736305,39101.0,4622.616871245757,1.5287470920571615,2963,3006,46,0,2960,3002,65256,3,0,0,3,4
2020-09-02,US,Ohio,Medina,1239,38,0,41.11770589,-81.89986209999998,39103.0,689.3060207181245,3.0669895076674734,1201,1219,38,0,1181,1199,179146,20,0,0,20,20
2020-09-02,US,Ohio,Meigs,132,4,0,39.09224872,-82.0305041,39105.0,576.24306980399,3.0303030303030303,128,127,3,0,124,127,23106,5,1,0,4,0
2020-09-02,US,Ohio,Mercer,837,17,0,40.54043046,-84.62912742,39107.0,2032.9350043719035,2.031063321385902,820,833,17,0,816,827,40959,4,0,0,4,6
2020-09-02,US,Ohio,Miami,1088,43,0,40.0543329,-84.22871271,39109.0,1016.9459840915252,3.9522058823529416,1045,1075,43,0,1032,1060,106222,13,0,0,13,15
2020-09-02,US,Ohio,Monroe,105,18,0,39.72984936,-81.08464734,39111.0,769.0054196572434,17.142857142857142,87,104,18,0,86,103,13790,1,0,0,1,1
2020-09-02,US,Ohio,Montgomery,6210,133,0,39.75394919,-84.29050975,39113.0,1167.9804095266575,2.14170692431562,6077,6092,133,0,5959,5786,532331,118,0,0,118,306
2020-09-02,US,Ohio,Morgan,44,0,0,39.62081738,-81.85308173,39115.0,303.28094844223875,0.0,44,44,0,0,44,44,14604,0,0,0,0,0
2020-09-02,US,Ohio,Morrow,235,2,0,40.52363560000001,-82.7892599,39117.0,665.1947463768116,0.851063829787234,233,233,2,0,231,231,35112,2,0,0,2,2
2020-09-02,US,Ohio,Muskingum,308,2,0,39.96575964,-81.94363275,39119.0,357.24641883662935,0.6493506493506493,306,301,2,0,299,299,86183,7,0,0,7,2
2020-09-02,US,Ohio,Noble,23,0,0,39.76818851,-81.45937183,39121.0,159.45646145313367,0.0,23,23,0,0,23,22,14354,0,0,0,0,1
2020-09-02,US,Ohio,Ottawa,453,29,0,41.53781826,-83.0940185,39123.0,1117.8285009253548,6.401766004415012,424,451,29,0,422,453,40769,2,0,0,2,-2
2020-09-02,US,Ohio,Paulding,83,0,0,41.11676341,-84.5801017,39125.0,444.515852613539,0.0,83,79,1,0,78,79,18760,4,-1,0,5,0
2020-09-02,US,Ohio,Perry,235,8,0,39.73508655,-82.23804971,39127.0,650.3570044833123,3.404255319148936,227,235,7,0,228,229,36033,0,1,0,-1,6
2020-09-02,US,Ohio,Pickaway,2500,43,0,39.64170392,-83.0243386,39129.0,4276.647792394409,1.72,2457,2495,43,0,2452,2493,58086,5,0,0,5,2
2020-09-02,US,Ohio,Pike,108,0,0,39.07634001,-83.06769584,39131.0,388.88088722454285,0.0,108,108,0,0,108,104,28067,0,0,0,0,4
2020-09-02,US,Ohio,Portage,882,65,0,41.16793482,-81.19735782,39133.0,542.8828185589599,7.3696145124716566,817,865,65,0,800,858,162927,17,0,0,17,7
2020-09-02,US,Ohio,Preble,359,4,0,39.7420247,-84.64787018,39135.0,878.1370774423951,1.1142061281337048,355,352,4,0,348,347,40997,7,0,0,7,5
2020-09-02,US,Ohio,Putnam,359,17,0,41.02094889,-84.1336111,39137.0,1060.2167685537934,4.735376044568246,342,343,17,0,326,335,33780,16,0,0,16,8
2020-09-02,US,Ohio,Richland,707,17,0,40.77180308,-82.53799609999999,39139.0,583.5548145335689,2.4045261669024045,690,703,17,0,686,698,121099,4,0,0,4,5
2020-09-02,US,Ohio,Ross,727,14,0,39.33705391,-83.06000914,39141.0,948.2691153836121,1.9257221458046767,713,712,13,0,699,695,76931,15,1,0,14,17
2020-09-02,US,Ohio,Sandusky,525,17,0,41.35624126,-83.137872,39143.0,897.1598482518199,3.238095238095238,508,520,17,0,503,518,58799,5,0,0,5,2
2020-09-02,US,Ohio,Scioto,378,3,0,38.80270163,-82.98907345,39145.0,501.8987173699445,0.7936507936507936,375,365,3,0,362,357,75502,13,0,0,13,8
2020-09-02,US,Ohio,Seneca,368,12,0,41.12351311,-83.12783209,39147.0,666.9324730870999,3.260869565217391,356,359,12,0,347,351,55207,9,0,0,9,8
2020-09-02,US,Ohio,Shelby,376,4,0,40.33163494,-84.20258189,39149.0,773.8217740275778,1.0638297872340423,372,374,4,0,370,364,48627,2,0,0,2,10
2020-09-02,US,Ohio,Stark,2366,153,0,40.81482476,-81.36437305,39151.0,638.4138411142832,6.46661031276416,2213,2354,152,0,2202,2326,371574,12,1,0,11,28
2020-09-02,US,Ohio,Summit,4542,235,0,41.12464734,-81.53123079,39153.0,839.5362033814345,5.173932188463231,4307,4505,236,0,4269,4471,541918,37,-1,0,38,34
2020-09-02,US,Ohio,Trumbull,1758,123,0,41.31735028,-80.76109643,39155.0,887.9953933344783,6.996587030716723,1635,1751,123,0,1628,1749,198627,7,0,0,7,2
2020-09-02,US,Ohio,Tuscarawas,868,18,0,40.44214695,-81.47226262,39157.0,943.6115972909216,2.0737327188940093,850,865,17,0,848,859,92176,3,1,0,2,6
2020-09-02,US,Ohio,Union,381,1,0,40.30016061,-83.37239023,39159.0,645.8940801518952,0.2624671916010499,380,376,1,0,375,369,57835,5,0,0,5,7
2020-09-02,US,Ohio,Van Wert,92,2,0,40.8554138,-84.59111700000003,39161.0,325.3757736516357,2.1739130434782608,90,91,2,0,89,89,28281,1,0,0,1,2
2020-09-02,US,Ohio,Vinton,39,2,0,39.25208988,-82.4831444,39163.0,298.0512036683225,5.128205128205129,37,39,2,0,37,38,13139,0,0,0,0,1
2020-09-02,US,Ohio,Warren,2388,42,0,39.42581994,-84.16557457,39165.0,1017.8941355998668,1.7587939698492463,2346,2367,42,0,2325,2313,232173,21,0,0,21,54
2020-09-02,US,Ohio,Washington,227,23,0,39.45690571,-81.49121382,39167.0,378.89536145282165,10.13215859030837,204,227,23,0,204,227,60155,0,0,0,0,0
2020-09-02,US,Ohio,Wayne,770,61,0,40.82925852,-81.88844833,39169.0,665.4567453115548,7.922077922077923,709,765,61,0,704,759,115967,5,0,0,5,6
2020-09-02,US,Ohio,Williams,162,3,0,41.56052014,-84.58429552,39171.0,441.5131363785021,1.851851851851852,159,160,3,0,157,158,36804,2,0,0,2,2
2020-09-02,US,Ohio,Wood,1371,61,0,41.36224827,-83.62285108,39173.0,1048.0289259041256,4.449307075127644,1310,1351,61,0,1290,1341,130696,20,0,0,20,10
2020-09-02,US,Ohio,Wyandot,188,11,0,40.84339621,-83.30734173,39175.0,863.4943964725336,5.851063829787233,177,187,10,0,177,186,21935,1,1,0,0,1
2020-09-02,US,Oklahoma,Adair,469,10,0,35.88494195,-94.65859267,40001.0,2113.1837433540595,2.1321961620469083,459,458,9,0,449,447,22082,11,1,0,10,11
2020-09-02,US,Oklahoma,Alfalfa,14,0,0,36.73090616,-98.32408495,40003.0,245.5278849526482,0.0,14,14,0,0,14,13,5754,0,0,0,0,1
2020-09-02,US,Oklahoma,Atoka,152,1,0,34.37366573,-96.03802487,40005.0,1104.8117458932984,0.6578947368421053,151,113,1,0,112,111,13838,39,0,0,39,2
2020-09-02,US,Oklahoma,Beaver,44,0,0,36.7496847,-100.4758872,40007.0,828.4692148371304,0.0,44,44,0,0,44,44,5319,0,0,0,0,0
2020-09-02,US,Oklahoma,Beckham,126,1,0,35.26862449,-99.68128023,40009.0,576.4216112356468,0.7936507936507936,125,125,1,0,124,123,21709,1,0,0,1,2
2020-09-02,US,Oklahoma,Blaine,74,1,0,35.87518314,-98.43307003,40011.0,784.8128115388695,1.351351351351351,73,75,1,0,74,75,9485,-1,0,0,-1,0
2020-09-02,US,Oklahoma,Bryan,613,3,0,33.96472458,-96.25903472,40013.0,1277.216376705907,0.4893964110929853,610,609,3,0,606,599,47192,4,0,0,4,10
2020-09-02,US,Oklahoma,Caddo,568,20,0,35.17364557,-98.37534464,40015.0,1974.8278979208678,3.5211267605633805,548,571,20,0,551,562,28977,-3,0,0,-3,9
2020-09-02,US,Oklahoma,Canadian,1556,13,0,35.5426055,-97.98465569,40017.0,1049.1820964762046,0.8354755784061697,1543,1547,12,0,1535,1541,144447,9,1,0,8,6
2020-09-02,US,Oklahoma,Carter,417,6,0,34.25103751,-97.28552485,40019.0,866.745650682796,1.4388489208633093,411,416,6,0,410,411,48177,1,0,0,1,5
2020-09-02,US,Oklahoma,Cherokee,700,7,0,35.90692775,-94.99980896,40021.0,1438.6419220256075,1.0,693,686,7,0,679,684,48675,14,0,0,14,2
2020-09-02,US,Oklahoma,Choctaw,252,2,0,34.02807439,-95.54771129,40023.0,1717.557251908397,0.7936507936507936,250,246,1,0,245,245,14668,6,1,0,5,1
2020-09-02,US,Oklahoma,Cimarron,14,0,0,36.74817177,-102.5173885,40025.0,655.1240056153488,0.0,14,14,0,0,14,14,2153,0,0,0,0,0
2020-09-02,US,Oklahoma,Cleveland,4019,65,0,35.20413532,-97.32519562,40027.0,1415.071088044955,1.6173177407315251,3954,3991,64,0,3927,3930,281669,28,1,0,27,61
2020-09-02,US,Oklahoma,Coal,60,0,0,34.58840127,-96.29798747,40029.0,1091.901728844404,0.0,60,59,0,0,59,57,5520,1,0,0,1,2
2020-09-02,US,Oklahoma,Comanche,1280,11,0,34.65973764,-98.47195055,40031.0,1060.050186751029,0.859375,1269,1261,11,0,1250,1251,120422,19,0,0,19,10
2020-09-02,US,Oklahoma,Cotton,32,2,0,34.28845626,-98.37053567,40033.0,564.7723261560184,6.25,30,31,2,0,29,29,5776,1,0,0,1,2
2020-09-02,US,Oklahoma,Craig,129,1,0,36.76268118,-95.20916602,40035.0,912.1764955451846,0.7751937984496124,128,123,1,0,122,119,14306,6,0,0,6,4
2020-09-02,US,Oklahoma,Creek,836,22,0,35.90230551,-96.37086028,40037.0,1168.871116579514,2.631578947368421,814,828,21,0,807,812,71604,8,1,0,7,16
2020-09-02,US,Oklahoma,Custer,332,0,0,35.63853802,-99.00170785,40039.0,1144.7091680171018,0.0,332,332,0,0,332,326,29036,0,0,0,0,6
2020-09-02,US,Oklahoma,Delaware,551,22,0,36.40823634,-94.80325046,40041.0,1281.1272059336418,3.992740471869329,529,546,21,0,525,540,42733,5,1,0,4,6
2020-09-02,US,Oklahoma,Dewey,21,1,0,35.98772922,-99.00730714,40043.0,429.3600490697198,4.761904761904762,20,21,1,0,20,21,4894,0,0,0,0,0
2020-09-02,US,Oklahoma,Ellis,6,0,0,36.218019399999996,-99.75324573,40045.0,155.48069448043537,0.0,6,6,0,0,6,6,3952,0,0,0,0,0
2020-09-02,US,Oklahoma,Garfield,1027,12,0,36.3791334,-97.78265517,40047.0,1682.0623689727465,1.1684518013631937,1015,993,12,0,981,980,60913,34,0,0,34,13
2020-09-02,US,Oklahoma,Garvin,264,4,0,34.70418038,-97.30811132,40049.0,952.6902674028363,1.5151515151515151,260,261,4,0,257,261,27811,3,0,0,3,0
2020-09-02,US,Oklahoma,Grady,542,7,0,35.0167709,-97.88339847,40051.0,970.7346777948919,1.2915129151291511,535,535,7,0,528,533,55551,7,0,0,7,2
2020-09-02,US,Oklahoma,Grant,27,0,0,36.796296999999996,-97.78638765,40053.0,623.1248557581353,0.0,27,25,0,0,25,25,4326,2,0,0,2,0
2020-09-02,US,Oklahoma,Greer,88,8,0,34.93535801,-99.56056120000001,40055.0,1540.6162464985996,9.090909090909092,80,88,8,0,80,88,5821,0,0,0,0,0
2020-09-02,US,Oklahoma,Harmon,40,0,0,34.7440135,-99.84741652,40057.0,1507.7271013946474,0.0,40,39,0,0,39,39,2664,1,0,0,1,0
2020-09-02,US,Oklahoma,Harper,17,0,0,36.78836519,-99.6679804,40059.0,460.95444685466384,0.0,17,17,0,0,17,17,3797,0,0,0,0,0
2020-09-02,US,Oklahoma,Haskell,171,4,0,35.22257600000001,-95.11513306,40061.0,1354.24091233072,2.3391812865497075,167,167,4,0,163,164,12668,4,0,0,4,3
2020-09-02,US,Oklahoma,Hughes,221,4,0,35.04912569,-96.24921145,40063.0,1664.2819489419385,1.8099547511312215,217,217,3,0,214,215,13335,4,1,0,3,2
2020-09-02,US,Oklahoma,Jackson,597,9,0,34.58781741,-99.41138784,40065.0,2433.754586220954,1.5075376884422111,588,596,9,0,587,596,24949,1,0,0,1,0
2020-09-02,US,Oklahoma,Jefferson,36,0,0,34.11130184,-97.83182974,40067.0,599.8000666444517,0.0,36,36,0,0,36,36,6123,0,0,0,0,0
2020-09-02,US,Oklahoma,Johnston,93,1,0,34.31440473,-96.66011537,40069.0,838.9715832205684,1.075268817204301,92,94,1,0,93,88,10949,-1,0,0,-1,6
2020-09-02,US,Oklahoma,Kay,327,12,0,36.81799745,-97.14421435,40071.0,751.0680325233127,3.669724770642202,315,326,12,0,314,309,44161,1,0,0,1,17
2020-09-02,US,Oklahoma,Kingfisher,264,2,0,35.94530008,-97.94193268,40073.0,1674.5956232159851,0.7575757575757576,262,262,1,0,261,262,15816,2,1,0,1,0
2020-09-02,US,Oklahoma,Kiowa,45,1,0,34.91671958,-98.97720696,40075.0,516.7661920073497,2.2222222222222223,44,44,1,0,43,44,8729,1,0,0,1,0
2020-09-02,US,Oklahoma,Latimer,114,2,0,34.87844729,-95.25215049,40077.0,1131.7383103345578,1.7543859649122806,112,113,2,0,111,113,10231,1,0,0,1,0
2020-09-02,US,Oklahoma,Le Flore,694,7,0,34.89851864,-94.70392124,40079.0,1392.0927526929172,1.0086455331412103,687,672,7,0,665,648,49980,22,0,0,22,24
2020-09-02,US,Oklahoma,Lincoln,305,8,0,35.70270942,-96.8812462,40081.0,874.5018206841185,2.622950819672131,297,303,8,0,295,296,34920,2,0,0,2,7
2020-09-02,US,Oklahoma,Logan,308,1,0,35.91899576,-97.44352845,40083.0,641.5196517464748,0.3246753246753247,307,305,1,0,304,301,47291,3,0,0,3,4
2020-09-02,US,Oklahoma,Love,109,0,0,33.95273467,-97.23906784,40085.0,1063.1034819077342,0.0,109,108,0,0,108,107,10134,1,0,0,1,1
2020-09-02,US,Oklahoma,Major,53,1,0,36.31149996,-98.53467076,40093.0,694.7175252326648,1.8867924528301887,52,52,1,0,51,52,7644,1,0,0,1,0
2020-09-02,US,Oklahoma,Marshall,132,1,0,34.02311222,-96.76855464,40095.0,779.6349890732974,0.7575757575757576,131,131,1,0,130,130,16806,1,0,0,1,1
2020-09-02,US,Oklahoma,Mayes,420,9,0,36.30179091,-95.23175116,40097.0,1021.897810218978,2.142857142857143,411,417,9,0,408,414,41107,3,0,0,3,3
2020-09-02,US,Oklahoma,McClain,588,4,0,35.01123903,-97.44572302,40087.0,1452.7845036319613,0.6802721088435374,584,580,4,0,576,574,39985,8,0,0,8,6
2020-09-02,US,Oklahoma,McCurtain,1037,30,0,34.11664328,-94.77222373,40089.0,3158.503898635477,2.892960462873674,1007,1030,30,0,1000,1025,32703,7,0,0,7,5
2020-09-02,US,Oklahoma,McIntosh,241,4,0,35.37235506,-95.66599306,40091.0,1229.84282506634,1.6597510373443984,237,239,4,0,235,237,19815,2,0,0,2,2
2020-09-02,US,Oklahoma,Murray,89,1,0,34.48116015,-97.06826283,40099.0,632.4166844311802,1.1235955056179776,88,90,1,0,89,89,13953,-1,0,0,-1,1
2020-09-02,US,Oklahoma,Muskogee,1381,17,0,35.61318461,-95.37802952,40101.0,2030.9719546450574,1.230992034757422,1364,1327,16,0,1311,1287,68362,54,1,0,53,40
2020-09-02,US,Oklahoma,Noble,111,2,0,36.38953329,-97.22928674,40103.0,997.214985176534,1.8018018018018016,109,107,2,0,105,105,11289,4,0,0,4,2
2020-09-02,US,Oklahoma,Nowata,101,1,0,36.79843529,-95.61902331,40105.0,1002.3818975784044,0.99009900990099,100,100,1,0,99,99,10218,1,0,0,1,1
2020-09-02,US,Oklahoma,Okfuskee,107,3,0,35.46485198,-96.32639984,40107.0,892.1871091470024,2.803738317757009,104,103,3,0,100,101,12098,4,0,0,4,2
2020-09-02,US,Oklahoma,Oklahoma,13689,156,0,35.55140095,-97.40716948,40109.0,1716.631094234758,1.1396011396011396,13533,13566,154,0,13412,13436,792582,123,2,0,121,130
2020-09-02,US,Oklahoma,Okmulgee,630,4,0,35.64661916,-95.96432828,40111.0,1637.8525932666062,0.6349206349206349,626,621,4,0,617,613,38335,9,0,0,9,8
2020-09-02,US,Oklahoma,Osage,649,12,0,36.62888819,-96.39635704,40113.0,1381.9389732342484,1.8489984591679507,637,647,12,0,635,640,47014,2,0,0,2,7
2020-09-02,US,Oklahoma,Ottawa,544,4,0,36.83532655,-94.81011909,40115.0,1747.6788640087384,0.7352941176470589,540,531,4,0,527,524,31175,13,0,0,13,7
2020-09-02,US,Oklahoma,Pawnee,218,3,0,36.31743373,-96.70331759999999,40117.0,1331.2164142647778,1.3761467889908257,215,219,3,0,216,219,16390,-1,0,0,-1,0
2020-09-02,US,Oklahoma,Payne,1239,5,0,36.07695283,-96.97584944,40119.0,1514.9662525677395,0.4035512510088781,1234,1196,5,0,1191,1180,82040,43,0,0,43,16
2020-09-02,US,Oklahoma,Pittsburg,599,16,0,34.92065823,-95.75134320000001,40121.0,1372.1537545242136,2.671118530884808,583,593,16,0,577,581,43877,6,0,0,6,12
2020-09-02,US,Oklahoma,Pontotoc,244,3,0,34.72959848,-96.68337199,40123.0,637.3419705359943,1.2295081967213115,241,244,3,0,241,241,38247,0,0,0,0,3
2020-09-02,US,Oklahoma,Pottawatomie,877,9,0,35.20614018,-96.94923008,40125.0,1208.1221071192415,1.026225769669327,868,872,9,0,863,863,72679,5,0,0,5,9
2020-09-02,US,Oklahoma,Pushmataha,127,1,0,34.41635232,-95.37603505,40127.0,1144.5565969718816,0.7874015748031497,126,126,1,0,125,126,11179,1,0,0,1,0
2020-09-02,US,Oklahoma,Roger Mills,14,1,0,35.68711719,-99.69666167,40129.0,390.73402176946695,7.142857142857142,13,13,1,0,12,13,3656,1,0,0,1,0
2020-09-02,US,Oklahoma,Rogers,1334,41,0,36.37004357,-95.60406759,40131.0,1442.8016742556165,3.073463268365817,1293,1322,41,0,1281,1314,91984,12,0,0,12,8
2020-09-02,US,Oklahoma,Seminole,332,5,0,35.16478725,-96.61686741,40133.0,1368.6206612251628,1.5060240963855422,327,327,5,0,322,323,24578,5,0,0,5,4
2020-09-02,US,Oklahoma,Sequoyah,585,8,0,35.49447108,-94.75463785,40135.0,1407.298708171955,1.3675213675213675,577,583,8,0,575,581,41179,2,0,0,2,2
2020-09-02,US,Oklahoma,Stephens,252,4,0,34.48556989,-97.85141892,40137.0,584.1040261456087,1.5873015873015872,248,253,4,0,249,252,43265,-1,0,0,-1,1
2020-09-02,US,Oklahoma,Texas,1181,7,0,36.74777635,-101.4889765,40139.0,5910.023519991993,0.5927180355630821,1174,1160,7,0,1153,1143,20455,21,0,0,21,17
2020-09-02,US,Oklahoma,Tillman,69,1,0,34.37288446,-98.92426619,40141.0,951.7241379310344,1.4492753623188406,68,69,1,0,68,68,7348,0,0,0,0,1
2020-09-02,US,Oklahoma,Tulsa,13557,135,0,36.11939621,-95.94013939,40143.0,2080.7241785766905,0.9957955299845098,13422,13376,134,0,13242,13233,648360,181,1,0,180,143
2020-09-02,US,Oklahoma,Unassigned,15,0,0,0.0,0.0,90040.0,0.0,0.0,15,60,0,0,60,82,,-45,0,0,-45,-22
2020-09-02,US,Oklahoma,Wagoner,1179,23,0,35.96024096,-95.51911308,40145.0,1450.3807403215685,1.9508057675996608,1156,1164,23,0,1141,1147,80110,15,0,0,15,17
2020-09-02,US,Oklahoma,Washington,803,40,0,36.71380786,-95.90514104,40147.0,1558.4062724396915,4.981320049813202,763,798,39,0,759,795,51843,5,1,0,4,3
2020-09-02,US,Oklahoma,Washita,43,0,0,35.29071824,-98.99180434,40149.0,393.9171857823378,0.0,43,42,0,0,42,42,11127,1,0,0,1,0
2020-09-02,US,Oklahoma,Woods,25,0,0,36.76705782,-98.86573064,40151.0,284.3170703969066,0.0,25,25,0,0,25,25,8897,0,0,0,0,0
2020-09-02,US,Oklahoma,Woodward,99,0,0,36.42316318,-99.26283045,40153.0,489.8322695561823,0.0,99,98,0,0,98,97,20222,1,0,0,1,1
2020-09-02,US,Oregon,Baker,75,2,0,44.70915557,-117.6749883,41001.0,465.1451252790872,2.6666666666666665,73,74,2,0,72,70,16006,1,0,0,1,4
2020-09-02,US,Oregon,Benton,217,6,0,44.49167306,-123.4316987,41003.0,233.200434161177,2.7649769585253456,211,217,6,0,211,213,92101,0,0,0,0,4
2020-09-02,US,Oregon,Clackamas,1981,56,0,45.18787398,-122.2179634,41005.0,473.71152140071314,2.826855123674912,1925,1979,56,0,1923,1953,416075,2,0,0,2,26
2020-09-02,US,Oregon,Clatsop,96,0,0,45.99712889,-123.660711,41007.0,238.6634844868735,0.0,96,96,0,0,96,95,39764,0,0,0,0,1
2020-09-02,US,Oregon,Columbia,130,1,0,45.94464254,-123.08908980000001,41009.0,248.30958474997126,0.7692307692307693,129,130,1,0,129,130,52377,0,0,0,0,0
2020-09-02,US,Oregon,Coos,118,0,0,43.17406868,-124.0594514,41011.0,182.98261665141808,0.0,118,116,0,0,116,116,64389,2,0,0,2,0
2020-09-02,US,Oregon,Crook,55,1,0,44.14230227,-120.356297,41013.0,225.37288969021472,1.818181818181818,54,55,1,0,54,55,23867,0,0,0,0,0
2020-09-02,US,Oregon,Curry,21,0,0,42.45911325,-124.15728200000001,41015.0,91.6030534351145,0.0,21,20,0,0,20,20,22813,1,0,0,1,0
2020-09-02,US,Oregon,Deschutes,694,11,0,43.91570171,-121.2289121,41017.0,351.0511300406693,1.5850144092219018,683,693,11,0,682,693,191996,1,0,0,1,0
2020-09-02,US,Oregon,Douglas,179,3,0,43.27941273,-123.16729099999999,41019.0,161.29032258064515,1.675977653631285,176,178,3,0,175,177,110283,1,0,0,1,1
2020-09-02,US,Oregon,Gilliam,4,0,0,45.37160076,-120.20488689999999,41021.0,209.20502092050208,0.0,4,4,0,0,4,4,1894,0,0,0,0,0
2020-09-02,US,Oregon,Grant,8,0,0,44.49024544,-119.0068631,41023.0,111.12654535352131,0.0,8,8,0,0,8,8,7176,0,0,0,0,0
2020-09-02,US,Oregon,Harney,12,0,0,43.06422669,-118.96663059999999,41025.0,162.31570404436633,0.0,12,12,0,0,12,12,7329,0,0,0,0,0
2020-09-02,US,Oregon,Hood River,236,0,0,45.51872811,-121.65520359999998,41027.0,1009.3234111709862,0.0,236,236,0,0,236,234,23428,0,0,0,0,2
2020-09-02,US,Oregon,Jackson,835,3,0,42.43201126,-122.72893090000001,41029.0,377.9238177999855,0.3592814371257485,832,821,2,0,819,811,219564,14,1,0,13,10
2020-09-02,US,Oregon,Jefferson,461,7,0,44.62806839,-121.17832,41031.0,1869.575796901614,1.5184381778741864,454,461,7,0,454,457,24192,0,0,0,0,4
2020-09-02,US,Oregon,Josephine,161,2,0,42.3665549,-123.5561938,41033.0,184.02734120497902,1.2422360248447204,159,158,2,0,156,154,87393,3,0,0,3,4
2020-09-02,US,Oregon,Klamath,235,2,0,42.68762984,-121.64964609999998,41035.0,344.382895161054,0.851063829787234,233,235,2,0,233,235,67653,0,0,0,0,0
2020-09-02,US,Oregon,Lake,29,0,0,42.79246693,-120.38501629999999,41037.0,368.5347566399797,0.0,29,30,0,0,30,30,7879,-1,0,0,-1,0
2020-09-02,US,Oregon,Lane,736,6,0,43.93727035,-122.847753,41039.0,192.63637006074848,0.8152173913043478,730,726,6,0,720,717,379611,10,0,0,10,9
2020-09-02,US,Oregon,Lincoln,466,13,0,44.64252874,-123.86991200000001,41041.0,932.7088587326367,2.7896995708154506,453,466,13,0,453,466,49388,0,0,0,0,0
2020-09-02,US,Oregon,Linn,391,13,0,44.48899494,-122.53731540000001,41043.0,301.35107014312246,3.3248081841432224,378,389,13,0,376,389,127335,2,0,0,2,0
2020-09-02,US,Oregon,Malheur,1196,19,0,43.1937027,-117.62273950000001,41045.0,3912.2043766968695,1.5886287625418059,1177,1189,19,0,1170,1179,30725,7,0,0,7,10
2020-09-02,US,Oregon,Marion,3887,80,0,44.90287942,-122.58151170000001,41047.0,1117.5384827697244,2.0581425263699518,3807,3870,80,0,3790,3830,346868,17,0,0,17,40
2020-09-02,US,Oregon,Morrow,440,3,0,45.41846568,-119.584546,41049.0,3792.122726880979,0.6818181818181818,437,439,3,0,436,437,11372,1,0,0,1,2
2020-09-02,US,Oregon,Multnomah,6081,120,0,45.54747959,-122.4169351,41051.0,748.1039053705765,1.9733596447952644,5961,6053,120,0,5933,6007,811880,28,0,0,28,46
2020-09-02,US,Oregon,Polk,436,15,0,44.90322804,-123.4128888,41053.0,506.47615728640295,3.440366972477064,421,429,13,0,416,425,85234,7,2,0,5,4
2020-09-02,US,Oregon,Sherman,18,0,0,45.41501554,-120.6827834,41055.0,1011.2359550561798,0.0,18,17,0,0,17,17,1708,1,0,0,1,0
2020-09-02,US,Oregon,Tillamook,38,0,0,45.46248721,-123.712066,41057.0,140.55333629235093,0.0,38,38,0,0,38,38,26787,0,0,0,0,0
2020-09-02,US,Oregon,Umatilla,2707,38,0,45.59073056,-118.7353826,41059.0,3472.738935214881,1.4037680088659032,2669,2694,38,0,2656,2680,77516,13,0,0,13,14
2020-09-02,US,Oregon,Union,420,2,0,45.30915495,-118.0068979,41061.0,1565.1201788708775,0.4761904761904762,418,420,2,0,418,419,26461,0,0,0,0,1
2020-09-02,US,Oregon,Wallowa,23,1,0,45.57894064,-117.18353799999998,41063.0,319.0899001109878,4.3478260869565215,22,22,1,0,21,22,7081,1,0,0,1,0
2020-09-02,US,Oregon,Wasco,208,3,0,45.16292781,-121.16709540000001,41065.0,779.5517577392999,1.4423076923076923,205,207,3,0,204,207,26505,1,0,0,1,0
2020-09-02,US,Oregon,Washington,3838,47,0,45.55972701,-123.0955257,41067.0,637.9739092275163,1.2245961438249091,3791,3822,46,0,3776,3783,597695,16,1,0,15,39
2020-09-02,US,Oregon,Yamhill,643,14,0,45.23330449,-123.3086963,41071.0,600.3734827264241,2.177293934681182,629,642,14,0,628,630,107002,1,0,0,1,12
2020-09-02,US,Pennsylvania,Adams,680,23,0,39.87140411,-77.21610347,42001.0,660.1364929278025,3.3823529411764706,657,648,23,0,625,642,102811,32,0,0,32,6
2020-09-02,US,Pennsylvania,Allegheny,10444,316,0,40.46809875,-79.98167747,42003.0,858.8497958545943,3.025660666411337,10128,10376,314,0,10062,10347,1218452,68,2,0,66,29
2020-09-02,US,Pennsylvania,Armstrong,324,10,0,40.81665618,-79.46290811,42005.0,500.50204680620993,3.08641975308642,314,320,9,0,311,314,65263,4,1,0,3,6
2020-09-02,US,Pennsylvania,Beaver,1630,98,0,40.6825484,-80.34921611,42007.0,994.3329124194008,6.012269938650308,1532,1618,96,0,1522,1611,164742,12,2,0,10,7
2020-09-02,US,Pennsylvania,Bedford,172,5,0,40.00522157,-78.48998442,42009.0,359.17139993317744,2.9069767441860463,167,170,5,0,165,170,48176,2,0,0,2,0
2020-09-02,US,Pennsylvania,Berks,6129,382,0,40.41570541,-75.92457766,42011.0,1455.252585691085,6.232664382444117,5747,6095,382,0,5713,6056,420152,34,0,0,34,39
2020-09-02,US,Pennsylvania,Blair,468,11,0,40.47961444,-78.34917412,42013.0,384.1449901090873,2.3504273504273505,457,465,11,0,454,461,122492,3,0,0,3,4
2020-09-02,US,Pennsylvania,Bradford,99,3,0,41.78869215,-76.51570822,42015.0,164.1165061419359,3.0303030303030303,96,99,3,0,96,99,60833,0,0,0,0,0
2020-09-02,US,Pennsylvania,Bucks,7856,587,0,40.33682119,-75.10836643,42017.0,1250.4178139971668,7.471995926680244,7269,7824,586,0,7238,7805,628195,32,1,0,31,19
2020-09-02,US,Pennsylvania,Butler,801,19,0,40.91152759,-79.91351055,42019.0,426.39723613676665,2.3720349563046192,782,789,18,0,771,785,187888,12,1,0,11,4
2020-09-02,US,Pennsylvania,Cambria,473,5,0,40.49527404,-78.71377428,42021.0,363.3095735529065,1.0570824524312896,468,467,5,0,462,461,131730,6,0,0,6,6
2020-09-02,US,Pennsylvania,Cameron,8,0,0,41.43625568,-78.20376845,42023.0,179.89655947830002,0.0,8,8,0,0,8,8,4492,0,0,0,0,0
2020-09-02,US,Pennsylvania,Carbon,425,28,0,40.91545395,-75.7068525,42025.0,662.1794272537471,6.588235294117648,397,423,28,0,395,422,64227,2,0,0,2,1
2020-09-02,US,Pennsylvania,Centre,538,11,0,40.92058903,-77.82200624,42027.0,331.31138959879297,2.044609665427509,527,491,11,0,480,486,162805,47,0,0,47,5
2020-09-02,US,Pennsylvania,Chester,5748,358,0,39.97291773,-75.74768357,42029.0,1094.8800832017432,6.2282533054975655,5390,5719,357,0,5362,5678,522046,29,1,0,28,41
2020-09-02,US,Pennsylvania,Clarion,98,3,0,41.19265812,-79.42413524,42031.0,254.95603309225243,3.0612244897959178,95,98,3,0,95,98,38779,0,0,0,0,0
2020-09-02,US,Pennsylvania,Clearfield,235,1,0,41.00110782,-78.47592663,42033.0,296.5112611191724,0.425531914893617,234,228,1,0,227,227,79388,7,0,0,7,1
2020-09-02,US,Pennsylvania,Clinton,143,5,0,41.23255967,-77.63785995,42035.0,370.15945330296125,3.4965034965034967,138,137,5,0,132,136,38684,6,0,0,6,1
2020-09-02,US,Pennsylvania,Columbia,692,35,0,41.04821986,-76.40565017,42037.0,1065.2053444984917,5.0578034682080935,657,675,35,0,640,665,65456,17,0,0,17,10
2020-09-02,US,Pennsylvania,Crawford,218,2,0,41.68447709,-80.10760592,42039.0,257.59491427288515,0.9174311926605504,216,217,2,0,215,214,85063,1,0,0,1,3
2020-09-02,US,Pennsylvania,Cumberland,1553,72,0,40.1625372,-77.26130755,42041.0,612.9376011366776,4.6361880231809405,1481,1546,72,0,1474,1533,251423,7,0,0,7,13
2020-09-02,US,Pennsylvania,Dauphin,3372,165,0,40.41377078,-76.77993242,42043.0,1211.6464665701278,4.893238434163701,3207,3355,163,0,3192,3329,277097,17,2,0,15,26
2020-09-02,US,Pennsylvania,Delaware,10479,725,0,39.91680171,-75.40243663,42045.0,1848.973174979312,6.918599102967841,9754,10429,724,0,9705,10357,564751,50,1,0,49,72
2020-09-02,US,Pennsylvania,Elk,65,2,0,41.42822061,-78.64524744,42047.0,217.31862253426948,3.0769230769230766,63,64,2,0,62,64,30169,1,0,0,1,0
2020-09-02,US,Pennsylvania,Erie,1369,35,0,41.99253829,-80.03301954,42049.0,507.5483449994068,2.556610664718773,1334,1358,35,0,1323,1349,272061,11,0,0,11,9
2020-09-02,US,Pennsylvania,Fayette,699,6,0,39.92041012,-79.64291195,42051.0,540.7119761127527,0.8583690987124464,693,694,6,0,688,692,130441,5,0,0,5,2
2020-09-02,US,Pennsylvania,Forest,14,0,0,41.51095103,-79.23229292,42053.0,193.1833862287843,0.0,14,14,0,0,14,14,7279,0,0,0,0,0
2020-09-02,US,Pennsylvania,Franklin,1540,47,0,39.92956518,-77.72157791,42055.0,993.3753475201094,3.051948051948052,1493,1525,47,0,1478,1514,154835,15,0,0,15,11
2020-09-02,US,Pennsylvania,Fulton,36,2,0,39.92913544,-78.11163677,42057.0,247.76324845147968,5.5555555555555545,34,34,2,0,32,34,14523,2,0,0,2,0
2020-09-02,US,Pennsylvania,Greene,140,1,0,39.85746531,-80.22357106,42059.0,386.3880992465432,0.7142857142857143,139,140,1,0,139,140,36506,0,0,0,0,0
2020-09-02,US,Pennsylvania,Huntingdon,373,5,0,40.42162652,-77.97673273,42061.0,826.2449051922736,1.3404825737265416,368,370,5,0,365,364,45168,3,0,0,3,6
2020-09-02,US,Pennsylvania,Indiana,440,10,0,40.65241041,-79.08963285,42063.0,523.3547036503991,2.272727272727273,430,430,10,0,420,427,84501,10,0,0,10,3
2020-09-02,US,Pennsylvania,Jefferson,97,1,0,41.12913106,-78.9986361,42065.0,223.3736327000576,1.0309278350515465,96,97,1,0,96,97,43641,0,0,0,0,0
2020-09-02,US,Pennsylvania,Juniata,151,6,0,40.53358749,-77.39975129999998,42067.0,609.7807212373299,3.9735099337748334,145,151,6,0,145,150,24704,0,0,0,0,1
2020-09-02,US,Pennsylvania,Lackawanna,2117,214,0,41.43564672,-75.60379201,42069.0,1009.6626191134807,10.108644307982996,1903,2093,214,0,1879,2085,210793,24,0,0,24,8
2020-09-02,US,Pennsylvania,Lancaster,6867,434,0,40.03904563,-76.24770128,42071.0,1258.328385777426,6.320081549439348,6433,6789,432,0,6357,6731,543557,78,2,0,76,58
2020-09-02,US,Pennsylvania,Lawrence,466,18,0,40.99206278,-80.33393706,42073.0,544.9527551688652,3.862660944206009,448,464,18,0,446,459,86184,2,0,0,2,5
2020-09-02,US,Pennsylvania,Lebanon,1739,57,0,40.36680311,-76.45651841,42075.0,1226.4357196758656,3.27774583093732,1682,1736,57,0,1679,1728,141314,3,0,0,3,8
2020-09-02,US,Pennsylvania,Lehigh,5223,344,0,40.6154815,-75.59435245,42077.0,1414.2283885432064,6.586253111238753,4879,5212,343,0,4869,5204,368100,11,1,0,10,8
2020-09-02,US,Pennsylvania,Luzerne,3801,188,0,41.17823008,-75.98447579,42079.0,1197.4783959271242,4.946066824519863,3613,3788,188,0,3600,3778,317646,13,0,0,13,10
2020-09-02,US,Pennsylvania,Lycoming,531,23,0,41.34310539,-77.06629984,42081.0,468.6713916274636,4.331450094161959,508,526,23,0,503,522,113664,5,0,0,5,4
2020-09-02,US,Pennsylvania,McKean,40,2,0,41.80938602,-78.56478358,42083.0,98.46153846153848,5.0,38,40,2,0,38,37,40968,0,0,0,0,3
2020-09-02,US,Pennsylvania,Mercer,553,13,0,41.30248872,-80.25816981,42085.0,505.3735926305016,2.3508137432188065,540,549,13,0,536,546,110683,4,0,0,4,3
2020-09-02,US,Pennsylvania,Mifflin,163,1,0,40.61116939,-77.61070738,42087.0,353.28796220035554,0.6134969325153374,162,161,1,0,160,161,46222,2,0,0,2,0
2020-09-02,US,Pennsylvania,Monroe,1720,129,0,41.05934058,-75.34031025,42089.0,1010.1544009255832,7.5,1591,1716,127,0,1589,1714,169507,4,2,0,2,2
2020-09-02,US,Pennsylvania,Montgomery,11126,863,0,40.21053671,-75.36652296,42091.0,1339.0057948165575,7.756606147762,10263,11093,863,0,10230,11035,828604,33,0,0,33,58
2020-09-02,US,Pennsylvania,Montour,137,5,0,41.03023987,-76.66345939,42093.0,751.5085024684586,3.6496350364963503,132,133,5,0,128,132,18240,4,0,0,4,1
2020-09-02,US,Pennsylvania,Northampton,4130,301,0,40.75182733,-75.30471829,42095.0,1352.8342368606384,7.288135593220339,3829,4120,301,0,3819,4117,304807,10,0,0,10,3
2020-09-02,US,Pennsylvania,Northumberland,703,35,0,40.84785433,-76.70798222,42097.0,773.8625981088251,4.978662873399715,668,692,35,0,657,681,91083,11,0,0,11,11
2020-09-02,US,Pennsylvania,Perry,178,5,0,40.40206612,-77.26297447,42099.0,384.6818810511757,2.808988764044944,173,176,5,0,171,176,46139,2,0,0,2,0
2020-09-02,US,Pennsylvania,Philadelphia,34144,1758,0,40.00338507,-75.1379271,42101.0,2155.4684659205686,5.148781630740394,32386,33909,1751,0,32158,33778,1584138,235,7,0,228,131
2020-09-02,US,Pennsylvania,Pike,544,21,0,41.33155042,-75.03208106,42103.0,974.7531760110376,3.8602941176470584,523,543,21,0,522,542,55933,1,0,0,1,1
2020-09-02,US,Pennsylvania,Potter,25,0,0,41.74471626,-77.89559864,42105.0,151.27677598935009,0.0,25,25,0,0,25,25,16622,0,0,0,0,0
2020-09-02,US,Pennsylvania,Schuylkill,996,51,0,40.70497338,-76.2150785,42107.0,704.5890251062898,5.120481927710842,945,992,51,0,941,987,142067,4,0,0,4,5
2020-09-02,US,Pennsylvania,Snyder,167,2,0,40.77129231,-77.06840691,42109.0,413.6530268502923,1.1976047904191616,165,166,2,0,164,164,40540,1,0,0,1,2
2020-09-02,US,Pennsylvania,Somerset,172,3,0,39.97172723,-79.02699593,42111.0,234.18247171429738,1.7441860465116281,169,167,3,0,164,165,73952,5,0,0,5,2
2020-09-02,US,Pennsylvania,Sullivan,10,0,0,41.44634738,-76.51246591,42113.0,164.85328058028355,0.0,10,10,0,0,10,10,6071,0,0,0,0,0
2020-09-02,US,Pennsylvania,Susquehanna,270,27,0,41.82147784,-75.80071959,42115.0,669.5100178536005,10.0,243,269,27,0,242,267,40589,1,0,0,1,2
2020-09-02,US,Pennsylvania,Tioga,49,3,0,41.77255149,-77.25433032,42117.0,120.71641496883544,6.1224489795918355,46,49,3,0,46,49,40763,0,0,0,0,0
2020-09-02,US,Pennsylvania,Union,390,6,0,40.96188846,-77.05996014,42119.0,868.1521714934444,1.5384615384615383,384,386,6,0,380,377,44785,4,0,0,4,9
2020-09-02,US,Pennsylvania,Venango,70,1,0,41.40323442,-79.75845449,42121.0,138.15425909844478,1.4285714285714286,69,70,1,0,69,70,51266,0,0,0,0,0
2020-09-02,US,Pennsylvania,Warren,31,1,0,41.81304978,-79.26969577,42123.0,79.09979331989487,3.2258064516129035,30,28,1,0,27,27,39498,3,0,0,3,1
2020-09-02,US,Pennsylvania,Washington,1086,27,0,40.19208869,-80.24582867,42125.0,524.9800594590675,2.4861878453038675,1059,1066,27,0,1039,1054,207346,20,0,0,20,12
2020-09-02,US,Pennsylvania,Wayne,181,10,0,41.64938475,-75.29956506,42127.0,352.4074687019333,5.524861878453039,171,178,10,0,168,175,51276,3,0,0,3,3
2020-09-02,US,Pennsylvania,Westmoreland,1837,49,0,40.31377979999999,-79.46615476,42129.0,526.5134035924436,2.667392487751769,1788,1819,49,0,1770,1815,350611,18,0,0,18,4
2020-09-02,US,Pennsylvania,Wyoming,67,8,0,41.51955538,-76.01074915,42131.0,250.0559826826901,11.940298507462687,59,67,8,0,59,67,27046,0,0,0,0,0
2020-09-02,US,Pennsylvania,York,3490,127,0,39.9210089,-76.73040131,42133.0,777.1824574999222,3.638968481375358,3363,3442,123,0,3319,3368,448273,48,4,0,44,74
2020-09-02,US,Puerto Rico,Adjuntas,124,0,0,18.180117000000006,-66.754367,72001.0,636.4522917415183,0.0,124,124,0,0,124,121,,0,0,0,0,3
2020-09-02,US,Puerto Rico,Aguada,227,0,0,18.360255,-67.17513100000001,72003.0,541.0043137348364,0.0,227,223,0,0,223,221,,4,0,0,4,2
2020-09-02,US,Puerto Rico,Aguadilla,328,0,0,18.459681,-67.12081500000001,72005.0,538.154850776879,0.0,328,327,0,0,327,326,,1,0,0,1,1
2020-09-02,US,Puerto Rico,Aguas Buenas,204,0,0,18.251619,-66.126806,72007.0,711.818276981053,0.0,204,202,0,0,202,200,,2,0,0,2,2
2020-09-02,US,Puerto Rico,Aibonito,124,0,0,18.131361,-66.264131,72009.0,478.7644787644789,0.0,124,123,0,0,123,122,,1,0,0,1,1
2020-09-02,US,Puerto Rico,Anasco,192,0,0,18.287985,-67.120611,72011.0,656.1634940706059,0.0,192,193,0,0,193,192,,-1,0,0,-1,1
2020-09-02,US,Puerto Rico,Arecibo,519,0,0,18.406631,-66.675077,72013.0,538.1584404811282,0.0,519,511,0,0,511,510,,8,0,0,8,1
2020-09-02,US,Puerto Rico,Arroyo,129,0,0,17.998457000000005,-66.056546,72015.0,659.0038314176245,0.0,129,127,0,0,127,127,,2,0,0,2,0
2020-09-02,US,Puerto Rico,Barceloneta,128,0,0,18.445532999999998,-66.56053100000001,72017.0,515.7962604771116,0.0,128,124,0,0,124,124,,4,0,0,4,0
2020-09-02,US,Puerto Rico,Barranquitas,347,0,0,18.201592,-66.30963,72019.0,1144.5345999076455,0.0,347,333,0,0,333,332,,14,0,0,14,1
2020-09-02,US,Puerto Rico,Bayamon,2650,0,0,18.34946,-66.168435,72021.0,1273.3283361202407,0.0,2650,2604,0,0,2604,2590,,46,0,0,46,14
2020-09-02,US,Puerto Rico,Cabo Rojo,280,0,0,18.040993,-67.154391,72023.0,549.9145668440796,0.0,280,280,0,0,280,280,,0,0,0,0,0
2020-09-02,US,Puerto Rico,Caguas,1120,0,0,18.211615,-66.050779,72025.0,783.8032653803896,0.0,1120,1098,0,0,1098,1092,,22,0,0,22,6
2020-09-02,US,Puerto Rico,Camuy,196,0,0,18.418578,-66.860206,72027.0,557.4675047640718,0.0,196,193,0,0,193,191,,3,0,0,3,2
2020-09-02,US,Puerto Rico,Canovanas,524,0,0,18.328802,-65.887612,72029.0,1099.7313633310946,0.0,524,523,0,0,523,522,,1,0,0,1,1
2020-09-02,US,Puerto Rico,Carolina,1946,0,0,18.374986,-65.95683100000001,72031.0,1100.9153551102613,0.0,1946,1903,0,0,1903,1886,,43,0,0,43,17
2020-09-02,US,Puerto Rico,Catano,309,0,0,18.437269,-66.14330600000001,72033.0,1098.0810234541575,0.0,309,306,0,0,306,305,,3,0,0,3,1
2020-09-02,US,Puerto Rico,Cayey,272,0,0,18.102851,-66.14914,72035.0,565.2652798270954,0.0,272,271,0,0,271,269,,1,0,0,1,2
2020-09-02,US,Puerto Rico,Ceiba,88,0,0,18.251818,-65.666416,72037.0,645.5872643239675,0.0,88,88,0,0,88,88,,0,0,0,0,0
2020-09-02,US,Puerto Rico,Ciales,192,0,0,18.28885,-66.516475,72039.0,1022.255350867852,0.0,192,190,0,0,190,190,,2,0,0,2,0
2020-09-02,US,Puerto Rico,Cidra,240,0,0,18.173559,-66.161179,72041.0,551.9779208831646,0.0,240,239,0,0,239,239,,1,0,0,1,0
2020-09-02,US,Puerto Rico,Coamo,215,0,0,18.097597,-66.36014,72043.0,530.7069510268561,0.0,215,213,0,0,213,211,,2,0,0,2,2
2020-09-02,US,Puerto Rico,Comerio,174,0,0,18.224687,-66.221622,72045.0,837.424198671672,0.0,174,174,0,0,174,173,,0,0,0,0,1
2020-09-02,US,Puerto Rico,Corozal,421,0,0,18.304264,-66.327738,72047.0,1133.4876958699049,0.0,421,418,0,0,418,415,,3,0,0,3,3
2020-09-02,US,Puerto Rico,Culebra,21,0,0,18.31586,-65.28813000000001,72049.0,1155.1155115511556,0.0,21,20,0,0,20,20,,1,0,0,1,0
2020-09-02,US,Puerto Rico,Dorado,535,0,0,18.436115,-66.278669,72051.0,1401.8079392113193,0.0,535,523,0,0,523,514,,12,0,0,12,9
2020-09-02,US,Puerto Rico,Fajardo,360,0,0,18.318373,-65.666866,72053.0,973.1570837726056,0.0,360,350,0,0,350,349,,10,0,0,10,1
2020-09-02,US,Puerto Rico,Florida,209,0,0,18.373715,-66.560488,72054.0,1648.2649842271296,0.0,209,208,0,0,208,208,,1,0,0,1,0
2020-09-02,US,Puerto Rico,Guanica,83,0,0,17.982429,-66.91964300000001,72055.0,427.2404385648839,0.0,83,82,0,0,82,82,,1,0,0,1,0
2020-09-02,US,Puerto Rico,Guayama,233,0,0,18.007516,-66.13390799999999,72057.0,513.6457828138089,0.0,233,232,0,0,232,231,,1,0,0,1,1
2020-09-02,US,Puerto Rico,Guayanilla,147,0,0,18.039942,-66.79186,72059.0,681.1547194291275,0.0,147,146,0,0,146,146,,1,0,0,1,0
2020-09-02,US,Puerto Rico,Guaynabo,1310,0,0,18.345114000000002,-66.11452299999999,72061.0,1337.7721498304809,0.0,1310,1273,0,0,1273,1267,,37,0,0,37,6
2020-09-02,US,Puerto Rico,Gurabo,366,0,0,18.266461,-65.97970500000001,72063.0,806.7182437347087,0.0,366,359,0,0,359,357,,7,0,0,7,2
2020-09-02,US,Puerto Rico,Hatillo,197,0,0,18.410928,-66.79632600000001,72065.0,469.57309370009295,0.0,197,190,0,0,190,190,,7,0,0,7,0
2020-09-02,US,Puerto Rico,Hormigueros,128,0,0,18.134532,-67.113972,72067.0,742.0289855072464,0.0,128,124,0,0,124,124,,4,0,0,4,0
2020-09-02,US,Puerto Rico,Humacao,313,0,0,18.145211,-65.810174,72069.0,535.3538808880375,0.0,313,300,0,0,300,299,,13,0,0,13,1
2020-09-02,US,Puerto Rico,Isabela,212,0,0,18.44981,-67.005093,72071.0,464.59643663299073,0.0,212,206,0,0,206,205,,6,0,0,6,1
2020-09-02,US,Puerto Rico,Jayuya,206,0,0,18.211446,-66.58878,72073.0,1237.8319913471942,0.0,206,206,0,0,206,206,,0,0,0,0,0
2020-09-02,US,Puerto Rico,Juana Diaz,272,0,0,18.050764,-66.49458100000001,72075.0,340.4383143296995,0.0,272,269,0,0,269,262,,3,0,0,3,7
2020-09-02,US,Puerto Rico,Juncos,247,0,0,18.223793,-65.909109,72077.0,613.0553487217671,0.0,247,242,0,0,242,240,,5,0,0,5,2
2020-09-02,US,Puerto Rico,Lajas,118,0,0,18.011661,-67.040585,72079.0,458.1990447714829,0.0,118,119,0,0,119,118,,-1,0,0,-1,1
2020-09-02,US,Puerto Rico,Lares,249,0,0,18.269035000000002,-66.867236,72081.0,809.6771046727147,0.0,249,239,0,0,239,238,,10,0,0,10,1
2020-09-02,US,Puerto Rico,Las Marias,80,0,0,18.23679,-66.98362,72083.0,809.6346523631212,0.0,80,80,0,0,80,80,,0,0,0,0,0
2020-09-02,US,Puerto Rico,Las Piedras,284,0,0,18.187527,-65.86946800000001,72085.0,734.3244990303813,0.0,284,277,0,0,277,274,,7,0,0,7,3
2020-09-02,US,Puerto Rico,Loiza,190,0,0,18.425688,-65.89943000000001,72087.0,632.0691949434464,0.0,190,186,0,0,186,183,,4,0,0,4,3
2020-09-02,US,Puerto Rico,Luquillo,178,0,0,18.342114000000002,-65.72509699999999,72089.0,886.9842535379709,0.0,178,177,0,0,177,175,,1,0,0,1,2
2020-09-02,US,Puerto Rico,Manati,367,0,0,18.420473,-66.490461,72091.0,831.9542991861812,0.0,367,358,0,0,358,357,,9,0,0,9,1
2020-09-02,US,Puerto Rico,Maricao,58,0,0,18.171795,-66.942126,72093.0,924.1555130656468,0.0,58,57,0,0,57,56,,1,0,0,1,1
2020-09-02,US,Puerto Rico,Maunabo,90,0,0,18.017889,-65.922235,72095.0,736.1963190184049,0.0,90,89,0,0,89,88,,1,0,0,1,1
2020-09-02,US,Puerto Rico,Mayaguez,656,0,0,18.2013,-67.1452,72097.0,736.4167040862146,0.0,656,650,0,0,650,639,,6,0,0,6,11
2020-09-02,US,Puerto Rico,Moca,258,0,0,18.377805,-67.080952,72099.0,643.2471515121293,0.0,258,255,0,0,255,255,,3,0,0,3,0
2020-09-02,US,Puerto Rico,Morovis,409,0,0,18.316963,-66.420383,72101.0,1254.2164980067466,0.0,409,399,0,0,399,397,,10,0,0,10,2
2020-09-02,US,Puerto Rico,Naguabo,140,0,0,18.230636999999998,-65.753897,72103.0,523.9520958083832,0.0,140,138,0,0,138,138,,2,0,0,2,0
2020-09-02,US,Puerto Rico,Naranjito,480,0,0,18.288019,-66.252703,72105.0,1578.8434971383465,0.0,480,468,0,0,468,466,,12,0,0,12,2
2020-09-02,US,Puerto Rico,Orocovis,276,0,0,18.215046,-66.433604,72107.0,1178.3289928702554,0.0,276,274,0,0,274,273,,2,0,0,2,1
2020-09-02,US,Puerto Rico,Out of PR,742,0,0,0.0,0.0,72888.0,0.0,0.0,742,741,0,0,741,741,,1,0,0,1,0
2020-09-02,US,Puerto Rico,Patillas,136,0,0,18.03174,-66.012242,72109.0,705.5039684598225,0.0,136,134,0,0,134,134,,2,0,0,2,0
2020-09-02,US,Puerto Rico,Penuelas,98,0,0,18.059645,-66.721572,72111.0,403.59113746808333,0.0,98,98,0,0,98,98,,0,0,0,0,0
2020-09-02,US,Puerto Rico,Ponce,667,0,0,18.059498,-66.613748,72113.0,401.0172732027874,0.0,667,657,0,0,657,656,,10,0,0,10,1
2020-09-02,US,Puerto Rico,Quebradillas,118,0,0,18.439692,-66.926113,72115.0,455.2644777962114,0.0,118,117,0,0,117,117,,1,0,0,1,0
2020-09-02,US,Puerto Rico,Rincon,129,0,0,18.335442999999998,-67.23174,72117.0,848.6842105263157,0.0,129,125,0,0,125,124,,4,0,0,4,1
2020-09-02,US,Puerto Rico,Rio Grande,441,0,0,18.346329,-65.813742,72119.0,812.0948733058339,0.0,441,436,0,0,436,436,,5,0,0,5,0
2020-09-02,US,Puerto Rico,Sabana Grande,165,0,0,18.08282,-66.943758,72121.0,653.0773797743915,0.0,165,165,0,0,165,164,,0,0,0,0,1
2020-09-02,US,Puerto Rico,Salinas,314,0,0,18.010386999999994,-66.256592,72123.0,1010.3610270931206,0.0,314,310,0,0,310,310,,4,0,0,4,0
2020-09-02,US,Puerto Rico,San German,198,0,0,18.111484,-67.03858100000001,72125.0,557.3225997128943,0.0,198,193,0,0,193,193,,5,0,0,5,0
2020-09-02,US,Puerto Rico,San Juan,5462,0,0,18.386933,-66.061128,72127.0,1381.6445161714637,0.0,5462,5366,0,0,5366,5319,,96,0,0,96,47
2020-09-02,US,Puerto Rico,San Lorenzo,281,0,0,18.147987,-65.976392,72129.0,684.3976813288518,0.0,281,269,0,0,269,267,,12,0,0,12,2
2020-09-02,US,Puerto Rico,San Sebastian,279,0,0,18.328646,-66.971214,72131.0,657.553617723309,0.0,279,276,0,0,276,276,,3,0,0,3,0
2020-09-02,US,Puerto Rico,Santa Isabel,135,0,0,17.994525,-66.388913,72133.0,580.046403712297,0.0,135,133,0,0,133,129,,2,0,0,2,4
2020-09-02,US,Puerto Rico,Toa Alta,947,0,0,18.362406,-66.246616,72135.0,1278.5893662409205,0.0,947,929,0,0,929,920,,18,0,0,18,9
2020-09-02,US,Puerto Rico,Toa Baja,920,0,0,18.431445999999998,-66.213553,72137.0,1026.6825876865048,0.0,920,905,0,0,905,895,,15,0,0,15,10
2020-09-02,US,Puerto Rico,Trujillo Alto,764,0,0,18.336159,-65.99888399999999,72139.0,1020.8171882098288,0.0,764,748,0,0,748,746,,16,0,0,16,2
2020-09-02,US,Puerto Rico,Unassigned,614,443,0,0.0,0.0,72999.0,0.0,72.14983713355048,171,595,435,0,160,579,,19,8,0,11,16
2020-09-02,US,Puerto Rico,Utuado,103,0,0,18.271214,-66.702984,72141.0,310.71827204440564,0.0,103,101,0,0,101,100,,2,0,0,2,1
2020-09-02,US,Puerto Rico,Vega Alta,482,0,0,18.409346,-66.33725,72143.0,1206.477935470952,0.0,482,479,0,0,479,475,,3,0,0,3,4
2020-09-02,US,Puerto Rico,Vega Baja,669,0,0,18.428262,-66.397924,72145.0,1121.316751030807,0.0,669,657,0,0,657,655,,12,0,0,12,2
2020-09-02,US,Puerto Rico,Vieques,87,0,0,18.123276,-65.44097099999999,72147.0,935.3832921191272,0.0,87,86,0,0,86,86,,1,0,0,1,0
2020-09-02,US,Puerto Rico,Villalba,98,0,0,18.127951,-66.473115,72149.0,375.86775591608176,0.0,98,97,0,0,97,97,,1,0,0,1,0
2020-09-02,US,Puerto Rico,Yabucoa,214,0,0,18.070399,-65.896289,72151.0,564.033631164176,0.0,214,204,0,0,204,203,,10,0,0,10,1
2020-09-02,US,Puerto Rico,Yauco,319,0,0,18.080374,-66.858814,72153.0,758.7469971219941,0.0,319,317,0,0,317,316,,2,0,0,2,1
2020-09-02,US,Rhode Island,Bristol,358,0,0,41.71018079,-71.28652315,44001.0,738.4640772293158,0.0,358,349,0,0,349,349,48649,9,0,0,9,0
2020-09-02,US,Rhode Island,Kent,1706,0,0,41.67106337,-71.57641596,44003.0,1038.3950527110267,0.0,1706,1664,0,0,1664,1664,163861,42,0,0,42,0
2020-09-02,US,Rhode Island,Newport,457,0,0,41.5642026,-71.26569799,44005.0,556.7603128578738,0.0,457,434,0,0,434,434,82542,23,0,0,23,0
2020-09-02,US,Rhode Island,Providence,17107,0,0,41.87064746,-71.57753536,44007.0,2677.440913025037,0.0,17107,16668,0,0,16668,16668,636084,439,0,0,439,0
2020-09-02,US,Rhode Island,Unassigned,1728,1051,0,0.0,0.0,90044.0,0.0,60.82175925925926,677,2193,1050,0,1143,2140,,-465,1,0,-466,53
2020-09-02,US,Rhode Island,Washington,722,0,0,41.45961631,-71.61435303,44009.0,574.9460490376422,0.0,722,694,0,0,694,694,126179,28,0,0,28,0
2020-09-02,US,South Carolina,Abbeville,439,10,0,34.22333378,-82.46170658,45001.0,1789.8642312553513,2.277904328018223,429,434,10,0,424,418,24541,5,0,0,5,16
2020-09-02,US,South Carolina,Aiken,2378,65,0,33.54338026,-81.63645384,45003.0,1391.685003979587,2.733389402859546,2313,2369,64,0,2305,2364,169401,9,1,0,8,5
2020-09-02,US,South Carolina,Allendale,294,6,0,32.98837386,-81.35321066,45005.0,3383.977900552486,2.0408163265306123,288,296,6,0,290,294,8903,-2,0,0,-2,2
2020-09-02,US,South Carolina,Anderson,3246,125,0,34.51828081,-82.63959517,45007.0,1602.503974170361,3.850893407270487,3121,3203,121,0,3082,3167,200482,43,4,0,39,36
2020-09-02,US,South Carolina,Bamberg,548,28,0,33.21927586,-81.05659969,45009.0,3895.919237878573,5.109489051094892,520,543,28,0,515,544,14275,5,0,0,5,-1
2020-09-02,US,South Carolina,Barnwell,541,14,0,33.26679302,-81.43584352,45011.0,2592.7345921594947,2.587800369685767,527,538,14,0,524,535,21112,3,0,0,3,3
2020-09-02,US,South Carolina,Beaufort,4810,69,0,32.39226291,-80.72619758,45013.0,2503.6174930512907,1.4345114345114345,4741,4791,68,0,4723,4761,188715,19,1,0,18,30
2020-09-02,US,South Carolina,Berkeley,4867,83,0,33.20222596,-79.94654523,45015.0,2135.520190253041,1.7053626463940823,4784,4850,81,0,4769,4823,221091,17,2,0,15,27
2020-09-02,US,South Carolina,Calhoun,416,15,0,33.66926881,-80.77722168,45017.0,2858.51714423143,3.6057692307692313,401,417,15,0,402,419,14520,-1,0,0,-1,-2
2020-09-02,US,South Carolina,Charleston,14151,242,0,32.82487866,-79.96512315,45019.0,3439.6678706679045,1.7101264928273618,13909,14105,239,0,13866,14053,405905,46,3,0,43,52
2020-09-02,US,South Carolina,Cherokee,807,33,0,35.05122251,-81.61828622,45021.0,1408.3769633507854,4.089219330855019,774,793,32,0,761,789,57078,14,1,0,13,4
2020-09-02,US,South Carolina,Chester,892,18,0,34.69249168,-81.1583216,45023.0,2766.406153082745,2.0179372197309418,874,889,18,0,871,879,32251,3,0,0,3,10
2020-09-02,US,South Carolina,Chesterfield,1010,27,0,34.64137396,-80.15640140000002,45025.0,2212.4863088718507,2.6732673267326734,983,1006,27,0,979,1001,45754,4,0,0,4,5
2020-09-02,US,South Carolina,Clarendon,985,63,0,33.66610974,-80.21647898,45027.0,2918.9509556971398,6.395939086294416,922,984,63,0,921,977,33700,1,0,0,1,7
2020-09-02,US,South Carolina,Colleton,897,39,0,32.87582989,-80.67641292,45029.0,2380.762799585955,4.3478260869565215,858,893,39,0,854,890,37660,4,0,0,4,3
2020-09-02,US,South Carolina,Darlington,1677,46,0,34.33358335,-79.96027485,45031.0,2517.337656489237,2.7429934406678598,1631,1661,46,0,1615,1644,66802,16,0,0,16,17
2020-09-02,US,South Carolina,Dillon,769,28,0,34.39007791,-79.37741872,45033.0,2523.048656451984,3.641092327698309,741,768,28,0,740,761,30599,1,0,0,1,7
2020-09-02,US,South Carolina,Dorchester,3643,79,0,33.0794369,-80.40502652,45035.0,2237.591287950912,2.1685424101015647,3564,3641,77,0,3564,3618,160647,2,2,0,0,23
2020-09-02,US,South Carolina,Edgefield,497,13,0,33.77221995,-81.96231108,45037.0,1823.184152604549,2.6156941649899395,484,494,13,0,481,494,27052,3,0,0,3,0
2020-09-02,US,South Carolina,Fairfield,648,29,0,34.39287073,-81.1195624,45039.0,2899.718082964156,4.4753086419753085,619,645,29,0,616,641,22402,3,0,0,3,4
2020-09-02,US,South Carolina,Florence,4360,157,0,34.02361754,-79.70189312,45041.0,3152.72645759366,3.6009174311926606,4203,4318,153,0,4165,4258,138159,42,4,0,38,60
2020-09-02,US,South Carolina,Georgetown,1749,37,0,33.43443342,-79.33202141,45043.0,2790.363752393108,2.115494568324757,1712,1742,37,0,1705,1731,62249,7,0,0,7,11
2020-09-02,US,South Carolina,Greenville,12212,264,0,34.89502264,-82.37295012,45045.0,2332.5731268933528,2.161808057648215,11948,12175,259,0,11916,12137,514213,37,5,0,32,38
2020-09-02,US,South Carolina,Greenwood,1877,51,0,34.15272415,-82.12715789,45047.0,2650.7181087684116,2.7171017581246666,1826,1863,47,0,1816,1850,70741,14,4,0,10,13
2020-09-02,US,South Carolina,Hampton,545,23,0,32.77419582,-81.13845571,45049.0,2835.2928935594628,4.220183486238532,522,547,23,0,524,544,19351,-2,0,0,-2,3
2020-09-02,US,South Carolina,Horry,9422,186,0,33.9212828,-78.99555293,45051.0,2660.973054188166,1.974103162810444,9236,9404,186,0,9218,9376,344147,18,0,0,18,28
2020-09-02,US,South Carolina,Jasper,687,18,0,32.43171982,-81.02487495,45053.0,2284.4411930967976,2.6200873362445414,669,687,18,0,669,687,28971,0,0,0,0,0
2020-09-02,US,South Carolina,Kershaw,1636,29,0,34.33988254,-80.58763164,45055.0,2458.26508993103,1.7726161369193154,1607,1626,29,0,1597,1606,65592,10,0,0,10,20
2020-09-02,US,South Carolina,Lancaster,1685,40,0,34.68270843,-80.70513032,45057.0,1719.177243602824,2.373887240356083,1645,1676,40,0,1636,1658,95380,9,0,0,9,18
2020-09-02,US,South Carolina,Laurens,1506,54,0,34.48244419,-82.00490796,45059.0,2231.342509593588,3.585657370517928,1452,1499,54,0,1445,1492,66994,7,0,0,7,7
2020-09-02,US,South Carolina,Lee,655,32,0,34.16393091,-80.25690731,45061.0,3892.322319942952,4.885496183206106,623,652,32,0,620,650,17142,3,0,0,3,2
2020-09-02,US,South Carolina,Lexington,5853,139,0,33.89665987,-81.27146426,45063.0,1959.163179916318,2.374850504015035,5714,5818,139,0,5679,5766,295032,35,0,0,35,52
2020-09-02,US,South Carolina,Marion,720,17,0,34.07859748,-79.36400756,45067.0,2348.5663959291514,2.3611111111111107,703,718,17,0,701,709,31039,2,0,0,2,9
2020-09-02,US,South Carolina,Marlboro,740,5,0,34.59905577,-79.67561152,45069.0,2833.2950455624473,0.6756756756756757,735,726,5,0,721,718,26398,14,0,0,14,8
2020-09-02,US,South Carolina,McCormick,163,5,0,33.90161443,-82.30794338,45065.0,1722.4981506921695,3.0674846625766867,158,161,5,0,156,160,9410,2,0,0,2,1
2020-09-02,US,South Carolina,Newberry,974,15,0,34.28629098,-81.59935761,45071.0,2533.8189386056188,1.5400410677618068,959,972,15,0,957,971,38520,2,0,0,2,1
2020-09-02,US,South Carolina,Oconee,1093,19,0,34.75225169,-83.06742317,45073.0,1374.0477208156287,1.7383348581884719,1074,1082,19,0,1063,1077,78374,11,0,0,11,5
2020-09-02,US,South Carolina,Orangeburg,2845,102,0,33.4391073,-80.79886287,45075.0,3301.421525964607,3.585237258347979,2743,2837,101,0,2736,2833,86934,8,1,0,7,4
2020-09-02,US,South Carolina,Pickens,2241,35,0,34.88807695,-82.72791551,45077.0,1766.180133034898,1.5618027666220438,2206,2212,35,0,2177,2194,124937,29,0,0,29,18
2020-09-02,US,South Carolina,Richland,11440,196,0,34.01791263,-80.90267209,45079.0,2751.594072527594,1.7132867132867131,11244,11363,196,0,11167,11194,414576,77,0,0,77,169
2020-09-02,US,South Carolina,Saluda,577,14,0,34.00795823,-81.72713237,45081.0,2818.3461143945683,2.4263431542461005,563,572,14,0,558,559,20544,5,0,0,5,13
2020-09-02,US,South Carolina,Spartanburg,5128,163,0,34.92960077,-81.99225984,45083.0,1603.5774035680222,3.1786271450858035,4965,5047,157,0,4890,5016,313888,81,6,0,75,31
2020-09-02,US,South Carolina,Sumter,2869,66,0,33.91826534,-80.37942316,45085.0,2688.318137948483,2.300453119553852,2803,2865,65,0,2800,2832,106512,4,1,0,3,33
2020-09-02,US,South Carolina,Union,464,7,0,34.68835752,-81.61730349,45087.0,1698.638160784888,1.5086206896551724,457,460,7,0,453,458,27410,4,0,0,4,2
2020-09-02,US,South Carolina,Williamsburg,1207,39,0,33.62190129,-79.72767442,45089.0,3974.5785036880934,3.231151615575808,1168,1202,39,0,1163,1200,30606,5,0,0,5,2
2020-09-02,US,South Carolina,York,4340,49,0,34.97281497,-81.18085944,45091.0,1544.599418461878,1.1290322580645162,4291,4302,47,0,4255,4244,274118,38,2,0,36,58
2020-09-02,US,South Dakota,Aurora,42,0,0,43.71757685,-98.56050467,46003.0,1526.7175572519086,0.0,42,42,0,0,42,42,2801,0,0,0,0,0
2020-09-02,US,South Dakota,Beadle,641,9,0,44.41464384,-98.27858469,46005.0,3473.689914918984,1.4040561622464898,632,639,9,0,630,639,18883,2,0,0,2,0
2020-09-02,US,South Dakota,Bennett,24,0,0,43.19486375,-101.6665572,46007.0,713.224368499257,0.0,24,23,0,0,23,23,3468,1,0,0,1,0
2020-09-02,US,South Dakota,Bon Homme,53,1,0,42.98914167,-97.88592746,46009.0,768.004637009129,1.8867924528301887,52,52,1,0,51,52,6980,1,0,0,1,0
2020-09-02,US,South Dakota,Brookings,362,1,0,44.36974375,-96.79079945,46011.0,1032.0152806682443,0.27624309392265195,361,340,1,0,339,321,35232,22,0,0,22,19
2020-09-02,US,South Dakota,Brown,696,3,0,45.58994323,-98.35165355,46013.0,1792.0131826257114,0.4310344827586207,693,695,3,0,692,675,39316,1,0,0,1,20
2020-09-02,US,South Dakota,Brule,68,0,0,43.71756379,-99.08118954,46015.0,1283.745516329998,0.0,68,67,0,0,67,66,5229,1,0,0,1,1
2020-09-02,US,South Dakota,Buffalo,110,3,0,44.07657829,-99.20814467,46017.0,5606.523955147808,2.727272727272727,107,110,3,0,107,110,2036,0,0,0,0,0
2020-09-02,US,South Dakota,Butte,49,1,0,44.90608745,-103.5079318,46019.0,469.8437050532169,2.0408163265306123,48,47,1,0,46,47,10222,2,0,0,2,0
2020-09-02,US,South Dakota,Campbell,5,0,0,45.77074915,-100.0510181,46021.0,363.37209302325584,0.0,5,5,0,0,5,5,1377,0,0,0,0,0
2020-09-02,US,South Dakota,Charles Mix,122,0,0,43.20660134,-98.58856175,46023.0,1312.9573826947912,0.0,122,122,0,0,122,122,9338,0,0,0,0,0
2020-09-02,US,South Dakota,Clark,21,0,0,44.85834507,-97.72925109,46025.0,562.0985010706638,0.0,21,19,0,0,19,19,3739,2,0,0,2,0
2020-09-02,US,South Dakota,Clay,381,2,0,42.91296147,-96.97656917,46027.0,2707.889125799574,0.5249343832020997,379,372,2,0,370,353,14041,9,0,0,9,19
2020-09-02,US,South Dakota,Codington,357,2,0,44.97788119,-97.18827677,46029.0,1274.5903102574173,0.5602240896358543,355,330,2,0,328,318,28015,27,0,0,27,12
2020-09-02,US,South Dakota,Corson,61,0,0,45.70889983,-101.1970473,46031.0,1492.90259422418,0.0,61,58,0,0,58,58,4165,3,0,0,3,0
2020-09-02,US,South Dakota,Custer,130,0,0,43.67741105,-103.45345209999999,46033.0,1448.9522960320999,0.0,130,117,0,0,117,117,8726,13,0,0,13,0
2020-09-02,US,South Dakota,Davison,142,2,0,43.67490933,-98.14458906,46035.0,718.0783817951959,1.4084507042253518,140,143,2,0,141,136,19790,-1,0,0,-1,7
2020-09-02,US,South Dakota,Day,38,0,0,45.367281,-97.60737498,46037.0,700.5899705014749,0.0,38,37,0,0,37,37,5505,1,0,0,1,0
2020-09-02,US,South Dakota,Deuel,49,0,0,44.75994309,-96.66943645,46039.0,1126.1778901401974,0.0,49,48,0,0,48,45,4337,1,0,0,1,3
2020-09-02,US,South Dakota,Dewey,84,0,0,45.15639647,-100.8709139,46041.0,1425.661914460285,0.0,84,82,0,0,82,79,5904,2,0,0,2,3
2020-09-02,US,South Dakota,Douglas,31,0,0,43.38520741,-98.36978007,46043.0,1061.280383430332,0.0,31,29,0,0,29,27,2935,2,0,0,2,2
2020-09-02,US,South Dakota,Edmunds,32,0,0,45.41846445,-99.21545423,46045.0,835.7273439540352,0.0,32,31,0,0,31,31,3875,1,0,0,1,0
2020-09-02,US,South Dakota,Fall River,56,1,0,43.23929297,-103.5275691,46047.0,834.2022940563088,1.7857142857142858,55,50,1,0,49,42,6758,6,0,0,6,8
2020-09-02,US,South Dakota,Faulk,33,1,0,45.07082625,-99.14535601,46049.0,1435.4066985645934,3.0303030303030303,32,32,1,0,31,32,2330,1,0,0,1,0
2020-09-02,US,South Dakota,Grant,44,0,0,45.1723937,-96.77002276,46051.0,623.9364719228587,0.0,44,42,0,0,42,42,7147,2,0,0,2,0
2020-09-02,US,South Dakota,Gregory,32,1,0,43.19419064,-99.18883902,46053.0,764.6356033452807,3.125,31,25,0,0,25,22,4212,7,1,0,6,3
2020-09-02,US,South Dakota,Haakon,6,0,0,44.29299053,-101.539099,46055.0,315.955766192733,0.0,6,6,0,0,6,6,1918,0,0,0,0,0
2020-09-02,US,South Dakota,Hamlin,60,0,0,44.67385954,-97.18829593,46057.0,973.3939000648927,0.0,60,58,0,0,58,57,6111,2,0,0,2,1
2020-09-02,US,South Dakota,Hand,15,0,0,44.54708407,-99.00386459,46059.0,470.0720777185835,0.0,15,15,0,0,15,15,3262,0,0,0,0,0
2020-09-02,US,South Dakota,Hanson,23,0,0,43.6746384,-97.78715148,46061.0,666.087460179554,0.0,23,23,0,0,23,23,3376,0,0,0,0,0
2020-09-02,US,South Dakota,Harding,2,0,0,45.58015551,-103.4958629,46063.0,154.08320493066256,0.0,2,2,0,0,2,2,1249,0,0,0,0,0
2020-09-02,US,South Dakota,Hughes,133,4,0,44.39091534,-99.99661148,46065.0,758.8725322378183,3.0075187969924815,129,132,4,0,128,133,17650,1,0,0,1,-1
2020-09-02,US,South Dakota,Hutchinson,46,1,0,43.33449012,-97.75536441,46067.0,630.9148264984228,2.1739130434782608,45,44,1,0,43,41,7380,2,0,0,2,3
2020-09-02,US,South Dakota,Hyde,7,0,0,44.54747703,-99.48572582,46069.0,538.0476556495004,0.0,7,7,0,0,7,7,1282,0,0,0,0,0
2020-09-02,US,South Dakota,Jackson,12,1,0,43.69318385,-101.6255063,46071.0,358.85167464114835,8.333333333333334,11,12,1,0,11,12,3307,0,0,0,0,0
2020-09-02,US,South Dakota,Jerauld,42,1,0,44.06637798,-98.62965972,46073.0,2086.4381520119227,2.380952380952381,41,41,1,0,40,40,2043,1,0,0,1,1
2020-09-02,US,South Dakota,Jones,5,0,0,43.96278565,-100.6940008,46075.0,553.7098560354374,0.0,5,3,0,0,3,3,928,2,0,0,2,0
2020-09-02,US,South Dakota,Kingsbury,23,0,0,44.36956169,-97.4913945,46077.0,465.6813120064791,0.0,23,23,0,0,23,23,4919,0,0,0,0,0
2020-09-02,US,South Dakota,Lake,118,6,0,44.02193107,-97.12926365,46079.0,922.0911151051027,5.084745762711863,112,119,6,0,113,117,13057,-1,0,0,-1,2
2020-09-02,US,South Dakota,Lawrence,233,3,0,44.35919441,-103.79294279999999,46081.0,901.5632255068876,1.2875536480686696,230,229,3,0,226,225,25741,4,0,0,4,4
2020-09-02,US,South Dakota,Lincoln,935,2,0,43.27841182,-96.72039050000001,46083.0,1529.5772804606727,0.213903743315508,933,919,2,0,917,907,58807,16,0,0,16,12
2020-09-02,US,South Dakota,Lyman,104,3,0,43.89522709,-99.85201878,46085.0,2750.5950806664905,2.8846153846153846,101,105,3,0,102,105,3821,-1,0,0,-1,0
2020-09-02,US,South Dakota,Marshall,19,0,0,45.75870838,-97.59855639,46091.0,385.0050658561297,0.0,19,19,0,0,19,19,5112,0,0,0,0,0
2020-09-02,US,South Dakota,McCook,53,1,0,43.6742571,-97.36863144,46087.0,948.8005728607233,1.8867924528301887,52,53,1,0,52,52,5546,0,0,0,0,1
2020-09-02,US,South Dakota,McPherson,10,0,0,45.76626028,-99.22118798,46089.0,420.34468263976464,0.0,10,10,0,0,10,10,2407,0,0,0,0,0
2020-09-02,US,South Dakota,Meade,317,1,0,44.56676791,-102.71627409999999,46093.0,1118.8761824085839,0.3154574132492113,316,305,1,0,304,300,28294,12,0,0,12,5
2020-09-02,US,South Dakota,Mellette,25,0,0,43.58078848,-100.7563186,46095.0,1213.0033964095098,0.0,25,24,0,0,24,24,2042,1,0,0,1,0
2020-09-02,US,South Dakota,Miner,17,0,0,44.02197882,-97.60992207,46097.0,767.1480144404331,0.0,17,16,0,0,16,16,2213,1,0,0,1,0
2020-09-02,US,South Dakota,Minnehaha,5389,70,0,43.67441641,-96.7910885,46099.0,2790.290679010428,1.2989422898496938,5319,5340,70,0,5270,5267,192876,49,0,0,49,73
2020-09-02,US,South Dakota,Moody,47,0,0,44.02266214,-96.67081159,46101.0,714.720194647202,0.0,47,42,0,0,42,41,6579,5,0,0,5,1
2020-09-02,US,South Dakota,Oglala Lakota,185,2,0,43.33749164,-102.55554980000001,46102.0,1304.9305212668407,1.0810810810810811,183,176,2,0,174,174,14309,9,0,0,9,2
2020-09-02,US,South Dakota,Pennington,1475,33,0,44.0025835,-102.8240777,46103.0,1296.4183695891013,2.23728813559322,1442,1448,33,0,1415,1432,111729,27,0,0,27,16
2020-09-02,US,South Dakota,Perkins,19,0,0,45.49049506,-102.47555859999999,46105.0,663.1762652705063,0.0,19,16,0,0,16,16,2922,3,0,0,3,0
2020-09-02,US,South Dakota,Potter,18,0,0,45.06583079,-99.95498503,46107.0,836.0427310729215,0.0,18,16,0,0,16,16,2207,2,0,0,2,0
2020-09-02,US,South Dakota,Roberts,100,1,0,45.62975048,-96.94672673,46109.0,962.0935154897056,1.0,99,100,1,0,99,100,10447,0,0,0,0,0
2020-09-02,US,South Dakota,Sanborn,16,0,0,44.02351092,-98.09098159999999,46111.0,682.5938566552901,0.0,16,15,0,0,15,15,2429,1,0,0,1,0
2020-09-02,US,South Dakota,Spink,54,0,0,44.93837606,-98.34626602,46115.0,846.9259723964868,0.0,54,54,0,0,54,52,6495,0,0,0,0,2
2020-09-02,US,South Dakota,Stanley,21,0,0,44.41381872,-100.7349153,46117.0,677.8566817301485,0.0,21,21,0,0,21,21,3022,0,0,0,0,0
2020-09-02,US,South Dakota,Sully,8,0,0,44.71571812,-100.1278092,46119.0,575.1258087706685,0.0,8,8,0,0,8,8,1392,0,0,0,0,0
2020-09-02,US,South Dakota,Todd,82,5,0,43.19338568,-100.71955030000001,46121.0,805.7384297926696,6.097560975609755,77,82,5,0,77,78,10283,0,0,0,0,4
2020-09-02,US,South Dakota,Tripp,23,0,0,43.34459388,-99.8854891,46123.0,422.7164124241868,0.0,23,23,0,0,23,22,5478,0,0,0,0,1
2020-09-02,US,South Dakota,Turner,85,0,0,43.3109081,-97.14865776,46125.0,1013.8358778625957,0.0,85,84,0,0,84,83,8424,1,0,0,1,1
2020-09-02,US,South Dakota,Union,273,5,0,42.83112163,-96.6557828,46127.0,1713.5325131810193,1.8315018315018317,268,270,4,0,266,265,15619,3,1,0,2,5
2020-09-02,US,South Dakota,Walworth,45,0,0,45.43019636,-100.03075140000001,46129.0,827.966881324747,0.0,45,43,0,0,43,43,5587,2,0,0,2,0
2020-09-02,US,South Dakota,Yankton,245,3,0,43.00924485,-97.39467635,46135.0,1073.9019900061369,1.2244897959183674,242,240,3,0,237,231,22869,5,0,0,5,9
2020-09-02,US,South Dakota,Ziebach,50,0,0,44.97881876,-101.6654622,46137.0,1814.22351233672,0.0,50,49,0,0,49,48,2742,1,0,0,1,1
2020-09-02,US,Tennessee,Anderson,888,8,0,36.12684348,-84.19965764,47001.0,1153.5763464886072,0.9009009009009008,880,879,8,0,871,874,76482,9,0,0,9,5
2020-09-02,US,Tennessee,Bedford,1137,14,0,35.51123746,-86.45549096,47003.0,2287.1281153822947,1.2313104661389622,1123,1127,14,0,1113,1114,49038,10,0,0,10,13
2020-09-02,US,Tennessee,Benton,261,6,0,36.07110411,-88.06849355,47005.0,1615.09900990099,2.2988505747126435,255,260,6,0,254,257,16184,1,0,0,1,3
2020-09-02,US,Tennessee,Bledsoe,782,4,0,35.59942968,-85.20611967,47007.0,5191.1842804036105,0.5115089514066496,778,777,4,0,773,775,14755,5,0,0,5,2
2020-09-02,US,Tennessee,Blount,2032,17,0,35.68938198,-83.92847788,47009.0,1526.8093291656644,0.8366141732283464,2015,2021,17,0,2004,2010,131349,11,0,0,11,11
2020-09-02,US,Tennessee,Bradley,2524,16,0,35.15739424,-84.857186,47011.0,2334.659143464989,0.6339144215530903,2508,2501,16,0,2485,2473,106727,23,0,0,23,28
2020-09-02,US,Tennessee,Campbell,333,3,0,36.40355516,-84.15108559999999,47013.0,835.8014155915868,0.9009009009009008,330,328,3,0,325,328,39583,5,0,0,5,0
2020-09-02,US,Tennessee,Cannon,206,0,0,35.80990797,-86.05738983,47015.0,1403.4609619839216,0.0,206,202,0,0,202,200,14462,4,0,0,4,2
2020-09-02,US,Tennessee,Carroll,666,9,0,35.97366108,-88.45189331,47017.0,2398.5306298843952,1.351351351351351,657,643,8,0,635,637,28020,23,1,0,22,6
2020-09-02,US,Tennessee,Carter,866,19,0,36.28969086,-82.12588974,47019.0,1535.7060523842456,2.193995381062356,847,845,18,0,827,829,56351,21,1,0,20,16
2020-09-02,US,Tennessee,Cheatham,724,10,0,36.26136216,-87.08903581,47021.0,1780.3132761206875,1.3812154696132597,714,716,10,0,706,710,40439,8,0,0,8,6
2020-09-02,US,Tennessee,Chester,394,6,0,35.42527478,-88.6095842,47023.0,2277.851650575244,1.5228426395939083,388,383,6,0,377,377,17276,11,0,0,11,6
2020-09-02,US,Tennessee,Claiborne,372,3,0,36.48319149,-83.65947309,47025.0,1163.9913639350418,0.8064516129032258,369,368,3,0,365,366,31756,4,0,0,4,2
2020-09-02,US,Tennessee,Clay,118,2,0,36.55151008,-85.53930419,47027.0,1549.5732107682206,1.6949152542372878,116,116,2,0,114,112,7717,2,0,0,2,4
2020-09-02,US,Tennessee,Cocke,652,7,0,35.9278914,-83.11828725,47029.0,1810.9098989001225,1.0736196319018405,645,644,7,0,637,642,35774,8,0,0,8,2
2020-09-02,US,Tennessee,Coffee,785,6,0,35.49090731,-86.07311784,47031.0,1388.888888888889,0.7643312101910829,779,772,6,0,766,764,55700,13,0,0,13,8
2020-09-02,US,Tennessee,Crockett,416,14,0,35.81830662,-89.14916269,47033.0,2923.40126493324,3.3653846153846154,402,408,14,0,394,403,14328,8,0,0,8,5
2020-09-02,US,Tennessee,Cumberland,856,8,0,35.95271721,-84.99840585,47035.0,1414.4084600132187,0.9345794392523364,848,831,8,0,823,826,59673,25,0,0,25,5
2020-09-02,US,Tennessee,Davidson,23703,260,0,36.17007426,-86.78646056,47037.0,3414.7093398487928,1.0969075644433195,23443,23622,259,0,23363,23474,692587,81,1,0,80,148
2020-09-02,US,Tennessee,DeKalb,482,6,0,35.97616272,-85.83689361,47041.0,2352.36700829673,1.2448132780082988,476,474,6,0,468,469,20138,8,0,0,8,5
2020-09-02,US,Tennessee,Decatur,317,4,0,35.60048904,-88.11043779,47039.0,2717.9970847980794,1.2618296529968454,313,305,4,0,301,303,11706,12,0,0,12,2
2020-09-02,US,Tennessee,Dickson,932,9,0,36.14669837,-87.35891709,47043.0,1727.589530659153,0.965665236051502,923,920,9,0,911,913,53446,12,0,0,12,7
2020-09-02,US,Tennessee,Dyer,988,10,0,36.05931946,-89.41542855,47045.0,2658.8444253074626,1.0121457489878545,978,975,10,0,965,964,37320,13,0,0,13,11
2020-09-02,US,Tennessee,Fayette,909,10,0,35.19615831,-89.41399032,47047.0,2209.9044562759827,1.1001100110011002,899,888,10,0,878,886,40507,21,0,0,21,2
2020-09-02,US,Tennessee,Fentress,247,0,0,36.38128818,-84.92870012,47049.0,1333.4772984937645,0.0,247,230,0,0,230,223,18217,17,0,0,17,7
2020-09-02,US,Tennessee,Franklin,534,4,0,35.15634626,-86.09201039,47051.0,1265.1630022744505,0.7490636704119851,530,517,4,0,513,492,41890,17,0,0,17,25
2020-09-02,US,Tennessee,Gibson,1160,16,0,35.99438059,-88.93358327,47053.0,2360.938676653166,1.3793103448275863,1144,1138,16,0,1122,1115,49045,22,0,0,22,23
2020-09-02,US,Tennessee,Giles,448,15,0,35.20222469,-87.03992678,47055.0,1520.4995927233233,3.3482142857142856,433,448,14,0,434,442,29503,0,1,0,-1,6
2020-09-02,US,Tennessee,Grainger,282,1,0,36.27469206,-83.51254721,47057.0,1209.26243567753,0.3546099290780142,281,278,1,0,277,278,23145,4,0,0,4,0
2020-09-02,US,Tennessee,Greene,857,17,0,36.17470125,-82.84691273,47059.0,1240.7881973099365,1.9836639439906647,840,844,16,0,828,820,69087,13,1,0,12,24
2020-09-02,US,Tennessee,Grundy,152,3,0,35.38433717,-85.72142731,47061.0,1132.0473672451033,1.973684210526316,149,152,3,0,149,149,13346,0,0,0,0,3
2020-09-02,US,Tennessee,Hamblen,1668,22,0,36.21990035,-83.26586179,47063.0,2568.7621276988943,1.3189448441247005,1646,1665,22,0,1643,1659,64569,3,0,0,3,6
2020-09-02,US,Tennessee,Hamilton,8217,77,0,35.17670231,-85.16652245,47065.0,2234.070320061772,0.9370816599732262,8140,8136,76,0,8060,7998,364286,81,1,0,80,138
2020-09-02,US,Tennessee,Hancock,92,2,0,36.52692871,-83.22375847,47067.0,1389.728096676737,2.1739130434782608,90,92,2,0,90,92,6549,0,0,0,0,0
2020-09-02,US,Tennessee,Hardeman,1256,22,0,35.20772017,-88.99161161,47069.0,5013.972055888224,1.751592356687898,1234,1241,22,0,1219,1238,25220,15,0,0,15,3
2020-09-02,US,Tennessee,Hardin,731,10,0,35.19732531,-88.18593755,47071.0,2849.680336815843,1.3679890560875514,721,713,10,0,703,700,25776,18,0,0,18,13
2020-09-02,US,Tennessee,Hawkins,679,13,0,36.44355426,-82.94885298,47073.0,1195.7172542528087,1.9145802650957289,666,673,13,0,660,669,56530,6,0,0,6,4
2020-09-02,US,Tennessee,Haywood,752,11,0,35.58332824,-89.28536625,47075.0,4345.815996301433,1.4627659574468086,741,747,11,0,736,744,17335,5,0,0,5,3
2020-09-02,US,Tennessee,Henderson,901,8,0,35.65581134,-88.38600175,47077.0,3204.4670484048797,0.8879023307436182,893,883,8,0,875,878,27847,18,0,0,18,5
2020-09-02,US,Tennessee,Henry,474,7,0,36.33160906,-88.30121797,47079.0,1465.4506106044214,1.4767932489451476,467,463,6,0,457,460,32358,11,1,0,10,3
2020-09-02,US,Tennessee,Hickman,394,4,0,35.80609681,-87.47643507,47081.0,1564.8582095480178,1.0152284263959392,390,379,4,0,375,376,25063,15,0,0,15,3
2020-09-02,US,Tennessee,Houston,103,0,0,36.28872054,-87.71878828,47083.0,1255.944397024753,0.0,103,96,0,0,96,93,8263,7,0,0,7,3
2020-09-02,US,Tennessee,Humphreys,171,3,0,36.03958805,-87.77992872,47085.0,920.2453987730064,1.7543859649122806,168,172,3,0,169,168,18486,-1,0,0,-1,4
2020-09-02,US,Tennessee,Jackson,221,2,0,36.36380466,-85.67239905,47087.0,1875.1060580349567,0.9049773755656108,219,220,1,0,219,217,11758,1,1,0,0,3
2020-09-02,US,Tennessee,Jefferson,830,7,0,36.04818632,-83.45148924,47089.0,1523.0755115148181,0.8433734939759037,823,817,6,0,811,815,54012,13,1,0,12,2
2020-09-02,US,Tennessee,Johnson,427,1,0,36.45523950000001,-81.84886538,47091.0,2400.4947155385653,0.234192037470726,426,416,1,0,415,407,17778,11,0,0,11,9
2020-09-02,US,Tennessee,Knox,6629,61,0,35.99508821,-83.94635435,47093.0,1409.4868736352173,0.9201991250565696,6568,6516,59,0,6457,6429,465289,113,2,0,111,87
2020-09-02,US,Tennessee,Lake,848,2,0,36.34180170000001,-89.48921915,47095.0,12086.6590649943,0.2358490566037736,846,840,2,0,838,837,7411,8,0,0,8,3
2020-09-02,US,Tennessee,Lauderdale,728,12,0,35.75893438,-89.63015909999999,47097.0,2840.0889478406743,1.6483516483516485,716,722,12,0,710,725,25825,6,0,0,6,-3
2020-09-02,US,Tennessee,Lawrence,776,9,0,35.21675201,-87.39787695,47099.0,1757.9629377916724,1.1597938144329898,767,768,9,0,759,762,43734,8,0,0,8,6
2020-09-02,US,Tennessee,Lewis,134,1,0,35.52853208,-87.49022694,47101.0,1092.2725790674926,0.746268656716418,133,133,1,0,132,132,12086,1,0,0,1,1
2020-09-02,US,Tennessee,Lincoln,424,1,0,35.13738622,-86.58910106,47103.0,1233.7775708549148,0.2358490566037736,423,411,1,0,410,412,34117,13,0,0,13,-1
2020-09-02,US,Tennessee,Loudon,973,3,0,35.73939663,-84.31145275,47105.0,1799.585706887623,0.30832476875642345,970,963,3,0,960,952,53054,10,0,0,10,11
2020-09-02,US,Tennessee,Macon,915,15,0,36.53157855,-86.00778595,47111.0,3719.20982033981,1.639344262295082,900,907,15,0,892,906,24265,8,0,0,8,1
2020-09-02,US,Tennessee,Madison,1882,44,0,35.61181957,-88.84076036,47113.0,1920.721750489876,2.3379383634431457,1838,1839,44,0,1795,1804,97605,43,0,0,43,35
2020-09-02,US,Tennessee,Marion,342,7,0,35.12997174,-85.62265895,47115.0,1183.1044383713288,2.046783625730994,335,328,7,0,321,325,28575,14,0,0,14,3
2020-09-02,US,Tennessee,Marshall,568,4,0,35.45798777,-86.76420988,47117.0,1652.3636363636365,0.7042253521126759,564,549,4,0,545,533,33683,19,0,0,19,16
2020-09-02,US,Tennessee,Maury,1807,15,0,35.618741299999996,-87.07462444,47119.0,1874.7341446460625,0.8301051466519093,1792,1778,15,0,1763,1749,94340,29,0,0,29,29
2020-09-02,US,Tennessee,McMinn,817,23,0,35.42812616,-84.61520715,47107.0,1518.75673866974,2.8151774785801718,794,803,23,0,780,791,53285,14,0,0,14,12
2020-09-02,US,Tennessee,McNairy,583,12,0,35.17468549,-88.5647812,47109.0,2269.0122207519266,2.0583190394511153,571,555,12,0,543,549,25832,28,0,0,28,6
2020-09-02,US,Tennessee,Meigs,167,2,0,35.51558739,-84.81482914,47121.0,1344.3889872806312,1.1976047904191616,165,163,2,0,161,162,12306,4,0,0,4,1
2020-09-02,US,Tennessee,Monroe,784,15,0,35.44550387,-84.24902965,47123.0,1684.3914491352455,1.913265306122449,769,759,15,0,744,749,46357,25,0,0,25,10
2020-09-02,US,Tennessee,Montgomery,2504,30,0,36.49609412,-87.38550661,47125.0,1198.1262530323982,1.1980830670926517,2474,2494,30,0,2464,2475,205950,10,0,0,10,19
2020-09-02,US,Tennessee,Moore,97,1,0,35.27724699,-86.36230578,47127.0,1495.0678175092478,1.0309278350515465,96,94,0,0,94,93,6411,3,1,0,2,1
2020-09-02,US,Tennessee,Morgan,220,2,0,36.13248031,-84.64880098,47129.0,1027.8932859879455,0.9090909090909092,218,214,2,0,212,209,21579,6,0,0,6,5
2020-09-02,US,Tennessee,Obion,837,8,0,36.35732446,-89.14921589,47131.0,2783.597725231967,0.955794504181601,829,830,8,0,822,829,30267,7,0,0,7,1
2020-09-02,US,Tennessee,Out of TN,3010,29,0,0.0,0.0,80047.0,0.0,0.9634551495016612,2981,3055,28,0,3027,3010,,-45,1,0,-46,45
2020-09-02,US,Tennessee,Overton,450,2,0,36.34117832,-85.28989535,47133.0,2023.2903196798707,0.4444444444444444,448,439,2,0,437,435,22068,11,0,0,11,4
2020-09-02,US,Tennessee,Perry,113,0,0,35.63708728,-87.86139634,47135.0,1399.2075284794453,0.0,113,112,0,0,112,110,8064,1,0,0,1,2
2020-09-02,US,Tennessee,Pickett,68,1,0,36.55606529,-85.07763299999998,47137.0,1347.0681458003169,1.4705882352941178,67,67,1,0,66,63,5082,1,0,0,1,4
2020-09-02,US,Tennessee,Polk,335,10,0,35.12245443,-84.52075859,47139.0,1990.256653992396,2.985074626865672,325,331,10,0,321,327,16898,4,0,0,4,4
2020-09-02,US,Tennessee,Putnam,2429,30,0,36.14005459,-85.50646123,47141.0,3026.9798741354602,1.2350761630300535,2399,2387,30,0,2357,2368,78843,42,0,0,42,19
2020-09-02,US,Tennessee,Rhea,672,5,0,35.60536161,-84.93076643,47143.0,2026.1102903488406,0.7440476190476191,667,661,5,0,656,652,33044,11,0,0,11,9
2020-09-02,US,Tennessee,Roane,671,2,0,35.84923189,-84.52458689,47145.0,1256.9780075680942,0.29806259314456035,669,659,2,0,657,651,53140,12,0,0,12,8
2020-09-02,US,Tennessee,Robertson,1908,26,0,36.52454807,-86.87346725,47147.0,2656.9005611797306,1.3626834381551365,1882,1892,26,0,1866,1886,71012,16,0,0,16,6
2020-09-02,US,Tennessee,Rutherford,7930,70,0,35.84591405,-86.4107263,47149.0,2386.505559986157,0.8827238335435057,7860,7868,70,0,7798,7825,324890,62,0,0,62,43
2020-09-02,US,Tennessee,Scott,160,2,0,36.42325673,-84.50360494,47151.0,725.031720137756,1.25,158,156,2,0,154,155,22039,4,0,0,4,1
2020-09-02,US,Tennessee,Sequatchie,149,1,0,35.36979721,-85.41022136,47153.0,991.6145348063357,0.6711409395973155,148,144,1,0,143,142,14876,5,0,0,5,2
2020-09-02,US,Tennessee,Sevier,2278,12,0,35.78077323,-83.52244332,47155.0,2318.575063613232,0.5267778753292361,2266,2246,12,0,2234,2236,97892,32,0,0,32,10
2020-09-02,US,Tennessee,Shelby,27264,389,0,35.1864775,-89.89692423,47157.0,2909.1964497218214,1.4267899061032865,26875,27173,387,0,26786,27120,935764,91,2,0,89,53
2020-09-02,US,Tennessee,Smith,525,8,0,36.25359775,-85.95411046,47159.0,2604.554249144218,1.5238095238095235,517,516,8,0,508,516,19942,9,0,0,9,0
2020-09-02,US,Tennessee,Stewart,98,0,0,36.50235092,-87.83920548,47161.0,714.5461173897193,0.0,98,99,0,0,99,96,13561,-1,0,0,-1,3
2020-09-02,US,Tennessee,Sullivan,1730,26,0,36.51240691,-82.30412917,47163.0,1092.5303761335792,1.5028901734104043,1704,1663,25,0,1638,1640,157668,67,1,0,66,23
2020-09-02,US,Tennessee,Sumner,4136,87,0,36.46824103,-86.45917204,47165.0,2162.2412864708317,2.1034816247582206,4049,4117,87,0,4030,4094,187149,19,0,0,19,23
2020-09-02,US,Tennessee,Tipton,1481,15,0,35.501942,-89.73694895,47167.0,2404.2598094124905,1.0128291694800808,1466,1470,15,0,1455,1462,61581,11,0,0,11,8
2020-09-02,US,Tennessee,Trousdale,1619,6,0,36.39026213,-86.16087954,47169.0,14347.74902516838,0.3705991352686844,1613,1618,6,0,1612,1618,11012,1,0,0,1,0
2020-09-02,US,Tennessee,Unassigned,3320,7,0,0.0,0.0,90047.0,0.0,0.21084337349397592,3313,3348,7,0,3341,3368,,-28,0,0,-28,-20
2020-09-02,US,Tennessee,Unicoi,232,1,0,36.10890856,-82.43709629,47171.0,1297.3214784991333,0.4310344827586207,231,228,1,0,227,225,17761,4,0,0,4,3
2020-09-02,US,Tennessee,Union,229,1,0,36.28590426,-83.83651902,47173.0,1146.6052473462848,0.4366812227074236,228,227,1,0,226,225,19688,2,0,0,2,2
2020-09-02,US,Tennessee,Van Buren,90,0,0,35.69864497,-85.45221699,47175.0,1532.6975476839236,0.0,90,80,0,0,80,71,5765,10,0,0,10,9
2020-09-02,US,Tennessee,Warren,879,7,0,35.672829899999996,-85.77969117,47177.0,2129.5152263972673,0.7963594994311718,872,860,7,0,853,853,40878,19,0,0,19,7
2020-09-02,US,Tennessee,Washington,1812,13,0,36.29472368,-82.49454720000001,47179.0,1400.5797101449273,0.7174392935982341,1799,1771,13,0,1758,1741,128607,41,0,0,41,30
2020-09-02,US,Tennessee,Wayne,1450,3,0,35.23868267,-87.78644456,47181.0,8696.695255802795,0.20689655172413796,1447,1439,3,0,1436,1279,16558,11,0,0,11,160
2020-09-02,US,Tennessee,Weakley,868,13,0,36.29896232,-88.71990865,47183.0,2604.416706673068,1.4976958525345625,855,854,13,0,841,842,33415,14,0,0,14,12
2020-09-02,US,Tennessee,White,586,7,0,35.92929884,-85.45591799,47185.0,2142.9877491314687,1.1945392491467577,579,566,7,0,559,564,27107,20,0,0,20,2
2020-09-02,US,Tennessee,Williamson,4465,30,0,35.89099229,-86.89281867,47187.0,1872.8084156837745,0.6718924972004481,4435,4422,30,0,4392,4369,231729,43,0,0,43,53
2020-09-02,US,Tennessee,Wilson,2900,31,0,36.15496772,-86.29775884,47189.0,2004.742252362485,1.0689655172413792,2869,2870,31,0,2839,2828,140625,30,0,0,30,42
2020-09-02,US,Texas,Anderson,2527,18,0,31.81534745,-95.65354823,48001.0,4376.894431454059,0.7123070834982193,2509,2520,18,0,2502,2502,58057,7,0,0,7,18
2020-09-02,US,Texas,Andrews,374,8,0,32.30468633,-102.63765479999999,48003.0,1999.465383587276,2.1390374331550803,366,368,8,0,360,367,18128,6,0,0,6,1
2020-09-02,US,Texas,Angelina,2013,69,0,31.25457347,-94.60901487,48005.0,2321.397682061927,3.4277198211624436,1944,2013,69,0,1944,2005,87092,0,0,0,0,8
2020-09-02,US,Texas,Aransas,217,18,0,28.10556197,-96.9995047,48007.0,923.0114844746917,8.294930875576037,199,212,18,0,194,212,23792,5,0,0,5,0
2020-09-02,US,Texas,Archer,53,1,0,33.61569967,-98.68754589,48009.0,619.6656144043026,1.8867924528301887,52,53,0,0,53,49,8786,0,1,0,-1,4
2020-09-02,US,Texas,Armstrong,11,0,0,34.96507426,-101.35748740000001,48011.0,582.9358770535241,0.0,11,11,0,0,11,11,1892,0,0,0,0,0
2020-09-02,US,Texas,Atascosa,572,27,0,28.89333001,-98.52730485,48013.0,1118.2139854944971,4.72027972027972,545,569,27,0,542,568,50310,3,0,0,3,1
2020-09-02,US,Texas,Austin,419,6,0,29.88548725,-96.27736949,48015.0,1395.1784762919553,1.431980906921241,413,418,6,0,412,417,29989,1,0,0,1,1
2020-09-02,US,Texas,Bailey,202,4,0,34.06854817,-102.8299707,48017.0,2885.714285714286,1.98019801980198,198,202,4,0,198,202,7027,0,0,0,0,0
2020-09-02,US,Texas,Bandera,109,5,0,29.74619598,-99.24598147,48019.0,471.61647628937345,4.587155963302751,104,109,5,0,104,109,22824,0,0,0,0,0
2020-09-02,US,Texas,Bastrop,1608,27,0,30.10370699,-97.31206354,48021.0,1812.3823585766932,1.6791044776119404,1581,1596,27,0,1569,1582,86976,12,0,0,12,14
2020-09-02,US,Texas,Baylor,15,0,0,33.61640794,-99.21352901,48023.0,427.4722143060701,0.0,15,15,0,0,15,16,3582,0,0,0,0,-1
2020-09-02,US,Texas,Bee,1621,23,0,28.41761668,-97.74215593,48025.0,4977.736834024259,1.418877236273905,1598,1614,22,0,1592,1605,32587,7,1,0,6,9
2020-09-02,US,Texas,Bell,4896,65,0,31.03736027,-97.4785025,48027.0,1349.0427747958252,1.3276143790849673,4831,4858,65,0,4793,4768,355642,38,0,0,38,90
2020-09-02,US,Texas,Bexar,46913,1119,0,29.44928723,-98.52019748,48029.0,2341.489173738268,2.3852663440837296,45794,46663,1101,0,45562,46441,1986049,250,18,0,232,222
2020-09-02,US,Texas,Blanco,129,5,0,30.26640707,-98.3999852,48031.0,1081.2169977369877,3.875968992248062,124,127,5,0,122,125,11702,2,0,0,2,2
2020-09-02,US,Texas,Bosque,229,5,0,31.89978581,-97.63613524,48035.0,1225.5820176612253,2.183406113537118,224,222,5,0,217,216,18691,7,0,0,7,6
2020-09-02,US,Texas,Bowie,969,44,0,33.44626922,-94.41834132,48037.0,1039.1978122151322,4.540763673890608,925,969,44,0,925,969,94324,0,0,0,0,0
2020-09-02,US,Texas,Brazoria,9592,139,0,29.18757369,-95.44563172,48039.0,2562.8967787444158,1.4491242702251876,9453,9419,138,0,9281,9389,370200,173,1,0,172,30
2020-09-02,US,Texas,Brazos,4872,56,0,30.663644800000004,-96.30205577,48041.0,2125.5524385827907,1.1494252873563218,4816,4772,56,0,4716,4719,226758,100,0,0,100,53
2020-09-02,US,Texas,Brewster,203,2,0,29.81008251,-103.25203259999999,48043.0,2205.8024557209606,0.9852216748768472,201,192,2,0,190,191,9267,11,0,0,11,1
2020-09-02,US,Texas,Briscoe,12,1,0,34.53026962,-101.2084947,48045.0,776.1966364812421,8.333333333333334,11,12,1,0,11,12,1516,0,0,0,0,0
2020-09-02,US,Texas,Brooks,239,16,0,27.03103197,-98.21808402,48047.0,3369.5192443253914,6.694560669456067,223,218,16,0,202,215,7114,21,0,0,21,3
2020-09-02,US,Texas,Brown,483,20,0,31.77430356,-98.99907113,48049.0,1275.6180012676948,4.140786749482402,463,480,20,0,460,470,37924,3,0,0,3,10
2020-09-02,US,Texas,Burleson,293,6,0,30.49273808,-96.62158484,48051.0,1588.6786314590902,2.04778156996587,287,292,6,0,286,288,18389,1,0,0,1,4
2020-09-02,US,Texas,Burnet,675,12,0,30.78801353,-98.181887,48053.0,1401.7236008721836,1.7777777777777777,663,670,12,0,658,666,47542,5,0,0,5,4
2020-09-02,US,Texas,Caldwell,1248,34,0,29.83668859,-97.61814775,48055.0,2858.189813118359,2.7243589743589745,1214,1236,33,0,1203,1229,43247,12,1,0,11,7
2020-09-02,US,Texas,Calhoun,611,7,0,28.47048236,-96.61633945,48057.0,2869.891968060122,1.1456628477905073,604,607,7,0,600,603,21561,4,0,0,4,4
2020-09-02,US,Texas,Callahan,71,3,0,32.29760619,-99.37326312,48059.0,509.2160940973965,4.225352112676056,68,70,3,0,67,88,13994,1,0,0,1,-18
2020-09-02,US,Texas,Cameron,21211,775,0,26.14524221,-97.48140372,48061.0,5012.489277181606,3.653764556126538,20436,21048,767,0,20281,20959,423908,163,8,0,155,89
2020-09-02,US,Texas,Camp,316,8,0,32.97195142,-94.97790104,48063.0,2413.319077440049,2.5316455696202533,308,296,8,0,288,296,13033,20,0,0,20,0
2020-09-02,US,Texas,Carson,17,0,0,35.40365929,-101.35426690000001,48065.0,286.87141410732363,0.0,17,17,0,0,17,17,6005,0,0,0,0,0
2020-09-02,US,Texas,Cass,261,12,0,33.07499881,-94.34646905,48067.0,869.2466529008193,4.597701149425287,249,260,12,0,248,257,30119,1,0,0,1,3
2020-09-02,US,Texas,Castro,229,4,0,34.53016752,-102.2617243,48069.0,3041.1686586985393,1.7467248908296944,225,229,4,0,225,227,7665,0,0,0,0,2
2020-09-02,US,Texas,Chambers,1155,5,0,29.70972016,-94.67154501,48071.0,2634.7605903688664,0.4329004329004329,1150,1149,5,0,1144,1123,42454,6,0,0,6,26
2020-09-02,US,Texas,Cherokee,1427,17,0,31.837258000000002,-95.16559897,48073.0,2710.5573072978004,1.191310441485634,1410,1424,16,0,1408,1408,52592,3,1,0,2,16
2020-09-02,US,Texas,Childress,57,0,0,34.529304100000004,-100.2077916,48075.0,780.1806734191076,0.0,57,57,0,0,57,57,7291,0,0,0,0,0
2020-09-02,US,Texas,Clay,69,1,0,33.78686685,-98.20771198,48077.0,658.9628497755706,1.4492753623188406,68,67,1,0,66,63,10456,2,0,0,2,4
2020-09-02,US,Texas,Cochran,37,1,0,33.60425307,-102.82844990000001,48079.0,1296.880476691202,2.702702702702702,36,37,1,0,36,37,2836,0,0,0,0,0
2020-09-02,US,Texas,Coke,49,3,0,31.88911733,-100.5297533,48081.0,1446.7080011809862,6.1224489795918355,46,49,3,0,46,49,3370,0,0,0,0,0
2020-09-02,US,Texas,Coleman,54,2,0,31.76736834,-99.45240766,48083.0,660.5504587155963,3.703703703703704,52,53,2,0,51,52,8397,1,0,0,1,1
2020-09-02,US,Texas,Collin,11119,114,0,33.18820114,-96.57264368,48085.0,1074.5798420844085,1.0252720568396438,11005,11054,114,0,10940,10989,1005146,65,0,0,65,65
2020-09-02,US,Texas,Collingsworth,16,0,0,34.96489496,-100.27001109999999,48087.0,547.9452054794519,0.0,16,16,0,0,16,16,2962,0,0,0,0,0
2020-09-02,US,Texas,Colorado,448,3,0,29.622097999999998,-96.5273805,48089.0,2084.3995719536592,0.6696428571428571,445,446,3,0,443,444,21217,2,0,0,2,2
2020-09-02,US,Texas,Comal,2382,96,0,29.80811278,-98.27647225,48091.0,1524.8801285457305,4.030226700251888,2286,2382,96,0,2286,2353,148373,0,0,0,0,29
2020-09-02,US,Texas,Comanche,218,3,0,31.94854689,-98.55876441,48093.0,1598.8265493215988,1.3761467889908257,215,216,3,0,213,214,13534,2,0,0,2,2
2020-09-02,US,Texas,Concho,58,1,0,31.32635934,-99.86473038,48095.0,2127.659574468085,1.7241379310344829,57,56,1,0,55,55,4276,2,0,0,2,1
2020-09-02,US,Texas,Cooke,331,4,0,33.63979567,-97.21240912,48097.0,802.2880965654314,1.2084592145015105,327,325,4,0,321,318,40574,6,0,0,6,7
2020-09-02,US,Texas,Coryell,1432,10,0,31.39078397,-97.79936155,48099.0,1885.4261300048715,0.6983240223463687,1422,1431,10,0,1421,1151,74808,1,0,0,1,280
2020-09-02,US,Texas,Cottle,18,2,0,34.07783319,-100.27850620000001,48101.0,1287.5536480686694,11.111111111111109,16,18,2,0,16,18,1389,0,0,0,0,0
2020-09-02,US,Texas,Crane,71,2,0,31.43052248,-102.5143314,48103.0,1480.091723994163,2.8169014084507036,69,71,2,0,69,70,4794,0,0,0,0,1
2020-09-02,US,Texas,Crockett,162,6,0,30.72367027,-101.4134238,48105.0,4676.674364896075,3.703703703703704,156,162,6,0,156,162,3499,0,0,0,0,0
2020-09-02,US,Texas,Crosby,81,1,0,33.61431553,-101.30003640000001,48107.0,1411.8877462088199,1.2345679012345678,80,81,1,0,80,81,5779,0,0,0,0,0
2020-09-02,US,Texas,Culberson,35,2,0,31.44506775,-104.5185739,48109.0,1612.1602947950253,5.7142857142857135,33,29,2,0,27,23,2204,6,0,0,6,6
2020-09-02,US,Texas,Dallam,210,8,0,36.27787176,-102.60207249999999,48111.0,2881.844380403458,3.809523809523809,202,209,7,0,202,208,7200,1,1,0,0,1
2020-09-02,US,Texas,Dallas,72610,973,0,32.76670599,-96.77796049999999,48113.0,2755.058212509429,1.3400358077399808,71637,72252,959,0,71293,71630,2637772,358,14,0,344,622
2020-09-02,US,Texas,Dawson,228,8,0,32.74255572,-101.94772420000001,48115.0,1791.3262099308608,3.5087719298245608,220,224,8,0,216,207,12619,4,0,0,4,17
2020-09-02,US,Texas,DeWitt,850,25,0,29.08101855,-97.35681170000001,48123.0,4216.269841269841,2.9411764705882355,825,850,25,0,825,844,20187,0,0,0,0,6
2020-09-02,US,Texas,Deaf Smith,808,20,0,34.96522957,-102.6054267,48117.0,4356.734605844927,2.4752475247524752,788,806,20,0,786,801,18760,2,0,0,2,5
2020-09-02,US,Texas,Delta,17,0,0,33.38570922,-95.66921122,48119.0,318.88951416244606,0.0,17,17,0,0,17,17,5349,0,0,0,0,0
2020-09-02,US,Texas,Denton,10340,134,0,33.20521901,-97.11691153,48121.0,1165.4551868955048,1.2959381044487428,10206,10239,132,0,10107,10125,859064,101,2,0,99,114
2020-09-02,US,Texas,Dickens,39,1,0,33.61616822,-100.7788855,48125.0,1763.9077340569877,2.5641025641025643,38,34,1,0,33,27,2249,5,0,0,5,7
2020-09-02,US,Texas,Dimmit,183,6,0,28.42270064,-99.75645095,48127.0,1807.5859344132755,3.278688524590164,177,181,6,0,175,180,10308,2,0,0,2,1
2020-09-02,US,Texas,Donley,55,1,0,34.96517499,-100.8140093,48129.0,1677.8523489932886,1.818181818181818,54,55,1,0,54,55,3319,0,0,0,0,0
2020-09-02,US,Texas,Duval,331,10,0,27.68184592,-98.50864568,48131.0,2966.747333512593,3.0211480362537766,321,322,10,0,312,259,11212,9,0,0,9,63
2020-09-02,US,Texas,Eastland,117,3,0,32.32743996,-98.83243566,48133.0,637.2549019607842,2.5641025641025643,114,114,3,0,111,130,18322,3,0,0,3,-16
2020-09-02,US,Texas,Ector,4302,72,0,31.86898877,-102.54294279999999,48135.0,2588.08949423365,1.6736401673640169,4230,4289,71,0,4218,4241,162124,13,1,0,12,48
2020-09-02,US,Texas,Edwards,34,1,0,29.98202582,-100.304252,48137.0,1759.8343685300208,2.9411764705882355,33,34,1,0,33,34,1928,0,0,0,0,0
2020-09-02,US,Texas,El Paso,20611,439,0,31.76980765,-106.23632749999999,48141.0,2455.9183449748457,2.129930619572073,20172,20539,433,0,20106,20460,840758,72,6,0,66,79
2020-09-02,US,Texas,Ellis,3828,58,0,32.34894117,-96.79371841,48139.0,2071.1371776698084,1.5151515151515151,3770,3801,56,0,3745,3758,179436,27,2,0,25,43
2020-09-02,US,Texas,Erath,704,10,0,32.23602653,-98.21773417,48143.0,1648.7891704529486,1.4204545454545454,694,693,9,0,684,667,42446,11,1,0,10,26
2020-09-02,US,Texas,Falls,169,3,0,31.25350609,-96.93630086,48145.0,977.0480430132393,1.7751479289940828,166,168,3,0,165,166,17335,1,0,0,1,2
2020-09-02,US,Texas,Fannin,606,12,0,33.59564294,-96.10751083,48147.0,1706.3693191417472,1.98019801980198,594,593,12,0,581,585,35286,13,0,0,13,8
2020-09-02,US,Texas,Fayette,469,16,0,29.87788372,-96.92076062,48149.0,1850.390594176596,3.411513859275053,453,467,16,0,451,462,25349,2,0,0,2,5
2020-09-02,US,Texas,Fisher,59,1,0,32.74281316,-100.40193020000001,48151.0,1540.4699738903394,1.6949152542372878,58,59,1,0,58,58,3839,0,0,0,0,1
2020-09-02,US,Texas,Floyd,99,7,0,34.07227468,-101.3031546,48153.0,1733.1932773109245,7.070707070707071,92,99,7,0,92,100,5837,0,0,0,0,-1
2020-09-02,US,Texas,Foard,3,0,0,33.97308618,-99.7767797,48155.0,259.7402597402597,0.0,3,3,0,0,3,3,1200,0,0,0,0,0
2020-09-02,US,Texas,Fort Bend,15036,240,0,29.52704478,-95.77219463,48157.0,1852.4359113353892,1.5961691939345568,14796,14983,239,0,14744,14957,787858,53,1,0,52,26
2020-09-02,US,Texas,Franklin,116,6,0,33.17653242,-95.21917243,48159.0,1081.5850815850815,5.172413793103448,110,111,6,0,105,111,10766,5,0,0,5,0
2020-09-02,US,Texas,Freestone,386,1,0,31.70422788,-96.15072516,48161.0,1957.7014758837552,0.2590673575129533,385,385,1,0,384,384,19808,1,0,0,1,1
2020-09-02,US,Texas,Frio,641,7,0,28.86751206,-99.10804207,48163.0,3156.7024524771,1.0920436817472698,634,638,7,0,631,633,19816,3,0,0,3,5
2020-09-02,US,Texas,Gaines,258,7,0,32.74055318,-102.6353295,48165.0,1200.4466778336125,2.713178294573644,251,251,7,0,244,247,20901,7,0,0,7,4
2020-09-02,US,Texas,Galveston,10646,142,0,29.40167322,-94.90469073,48167.0,3111.600840594028,1.3338343039639302,10504,10613,140,0,10473,10575,337890,33,2,0,31,38
2020-09-02,US,Texas,Garza,102,3,0,33.17969345,-101.2984114,48169.0,1637.5020067426553,2.9411764705882355,99,102,3,0,99,102,6578,0,0,0,0,0
2020-09-02,US,Texas,Gillespie,202,7,0,30.31824095,-98.94676915,48171.0,748.4808062842744,3.4653465346534653,195,200,6,0,194,198,26804,2,1,0,1,2
2020-09-02,US,Texas,Glasscock,6,0,0,31.86942909,-101.5207776,48173.0,425.83392476934,0.0,6,6,0,0,6,6,1388,0,0,0,0,0
2020-09-02,US,Texas,Goliad,121,6,0,28.65696592,-97.42760647,48175.0,1580.0470096630975,4.958677685950414,115,121,6,0,115,121,7584,0,0,0,0,0
2020-09-02,US,Texas,Gonzales,817,13,0,29.45634206,-97.49424032,48177.0,3920.9099198541053,1.591187270501836,804,817,13,0,804,813,20826,0,0,0,0,4
2020-09-02,US,Texas,Gray,244,4,0,35.40081878,-100.8129222,48179.0,1114.8679521155077,1.639344262295082,240,243,4,0,239,242,21895,1,0,0,1,1
2020-09-02,US,Texas,Grayson,1527,28,0,33.62744998,-96.67753461,48181.0,1121.0466038234517,1.83366077275704,1499,1512,27,0,1485,1483,133991,15,1,0,14,29
2020-09-02,US,Texas,Gregg,1926,51,0,32.47940482,-94.81591935,48183.0,1553.9150429626043,2.64797507788162,1875,1901,48,0,1853,1880,123707,25,3,0,22,21
2020-09-02,US,Texas,Grimes,995,30,0,30.54579585,-95.98902499,48185.0,3445.2908587257616,3.0150753768844223,965,986,30,0,956,983,28360,9,0,0,9,3
2020-09-02,US,Texas,Guadalupe,1901,72,0,29.58165339,-97.94786822,48187.0,1139.3672046845313,3.7874802735402415,1829,1901,72,0,1829,1899,163694,0,0,0,0,2
2020-09-02,US,Texas,Hale,1644,45,0,34.07044901,-101.82681140000001,48189.0,4921.271627851284,2.7372262773722627,1599,1644,45,0,1599,1618,33830,0,0,0,0,26
2020-09-02,US,Texas,Hall,16,1,0,34.5307555,-100.68138520000001,48191.0,539.8110661268556,6.25,15,16,1,0,15,16,3028,0,0,0,0,0
2020-09-02,US,Texas,Hamilton,105,3,0,31.70470573,-98.11083887,48193.0,1240.9880628767285,2.8571428571428568,102,102,3,0,99,101,8484,3,0,0,3,1
2020-09-02,US,Texas,Hansford,102,3,0,36.27743284,-101.3545796,48195.0,1889.2387479162808,2.9411764705882355,99,102,3,0,99,102,5463,0,0,0,0,0
2020-09-02,US,Texas,Hardeman,22,0,0,34.28944521,-99.74632408,48197.0,559.3694380879734,0.0,22,22,0,0,22,22,3922,0,0,0,0,0
2020-09-02,US,Texas,Hardin,1166,21,0,30.33364686,-94.38931817,48199.0,2024.235269608694,1.8010291595197256,1145,1254,20,0,1234,1254,57207,-88,1,0,-89,0
2020-09-02,US,Texas,Harris,108085,2247,0,29.85864939,-95.39339521,48201.0,2293.179443386569,2.078919369015127,105838,107490,2208,0,105282,106595,4698619,595,39,0,556,895
2020-09-02,US,Texas,Harrison,809,28,0,32.54935988,-94.36934071,48203.0,1215.5725511997955,3.4610630407911,781,805,28,0,777,796,66726,4,0,0,4,9
2020-09-02,US,Texas,Hartley,102,0,0,35.84008013,-102.6029022,48205.0,1829.2682926829266,0.0,102,102,0,0,102,101,5619,0,0,0,0,1
2020-09-02,US,Texas,Haskell,55,2,0,33.17823584,-99.73037358,48207.0,972.0749381406856,3.636363636363636,53,54,2,0,52,54,5813,1,0,0,1,0
2020-09-02,US,Texas,Hays,5425,56,0,30.05669873,-98.02944344,48209.0,2356.7385345213324,1.032258064516129,5369,5410,56,0,5354,5396,222631,15,0,0,15,14
2020-09-02,US,Texas,Hemphill,58,0,0,35.83764858,-100.2703577,48211.0,1518.7221785807806,0.0,58,58,0,0,58,55,3825,0,0,0,0,3
2020-09-02,US,Texas,Henderson,830,16,0,32.21128872,-95.85846587,48213.0,1003.1787471143502,1.9277108433734942,814,825,16,0,809,815,82299,5,0,0,5,10
2020-09-02,US,Texas,Hidalgo,27908,1208,0,26.39418217,-98.18299696,48215.0,3212.5906663581623,4.3285079547083285,26700,27669,1185,0,26484,27538,865939,239,23,0,216,131
2020-09-02,US,Texas,Hill,378,10,0,31.99045053,-97.13423143,48217.0,1031.4060410925265,2.6455026455026456,368,369,9,0,360,369,36354,9,1,0,8,0
2020-09-02,US,Texas,Hockley,272,5,0,33.60771256,-102.3431676,48219.0,1181.529907475783,1.8382352941176472,267,269,5,0,264,262,22980,3,0,0,3,7
2020-09-02,US,Texas,Hood,789,22,0,32.42990927,-97.83242024,48221.0,1279.9506837759354,2.7883396704689485,767,779,22,0,757,767,60537,10,0,0,10,12
2020-09-02,US,Texas,Hopkins,250,7,0,33.14875072,-95.56351139,48223.0,674.1451839068062,2.8,243,246,7,0,239,244,36810,4,0,0,4,2
2020-09-02,US,Texas,Houston,341,9,0,31.31925973,-95.42226208,48225.0,1484.6743295019155,2.6392961876832843,332,341,9,0,332,341,23169,0,0,0,0,0
2020-09-02,US,Texas,Howard,280,8,0,32.30621324,-101.4356444,48227.0,763.6919048658084,2.8571428571428568,272,281,8,0,273,280,36459,-1,0,0,-1,1
2020-09-02,US,Texas,Hudspeth,39,2,0,31.45628381,-105.388178,48229.0,798.1989357347524,5.128205128205129,37,39,2,0,37,38,4795,0,0,0,0,1
2020-09-02,US,Texas,Hunt,1429,30,0,33.12351514,-96.08551032,48231.0,1449.3782583118646,2.099370188943317,1399,1429,29,0,1400,1415,96493,0,1,0,-1,14
2020-09-02,US,Texas,Hutchinson,148,3,0,35.84006574,-101.3546643,48233.0,706.8487916706466,2.0270270270270268,145,148,3,0,145,147,21198,0,0,0,0,1
2020-09-02,US,Texas,Irion,10,0,0,31.30375559,-100.982439,48235.0,651.0416666666666,0.0,10,10,0,0,10,10,1522,0,0,0,0,0
2020-09-02,US,Texas,Jack,127,1,0,33.23377248,-98.17283469,48237.0,1421.376608841634,0.7874015748031497,126,126,1,0,125,121,8843,1,0,0,1,5
2020-09-02,US,Texas,Jackson,503,14,0,28.95472367,-96.57749563,48239.0,3407.859078590787,2.7833001988071566,489,502,14,0,488,501,14874,1,0,0,1,1
2020-09-02,US,Texas,Jasper,406,19,0,30.74685667,-94.02667579,48241.0,1142.728475330012,4.679802955665025,387,406,18,0,388,393,35872,0,1,0,-1,13
2020-09-02,US,Texas,Jeff Davis,13,0,0,30.71490589,-104.1399973,48243.0,571.6798592788039,0.0,13,8,0,0,8,8,2252,5,0,0,5,0
2020-09-02,US,Texas,Jefferson,6659,107,0,29.8832777,-94.16434171,48245.0,2647.029594736947,1.6068478750563149,6552,6642,107,0,6535,6615,255001,17,0,0,17,27
2020-09-02,US,Texas,Jim Hogg,79,2,0,27.04453923,-98.69681870000001,48247.0,1519.2307692307693,2.5316455696202533,77,79,2,0,77,79,5248,0,0,0,0,0
2020-09-02,US,Texas,Jim Wells,1057,24,0,27.73103938,-98.0904705,48249.0,2611.037004100588,2.270577105014191,1033,1044,24,0,1020,1044,40822,13,0,0,13,0
2020-09-02,US,Texas,Johnson,2554,45,0,32.37877812,-97.36615819,48251.0,1452.6467861469596,1.7619420516836335,2509,2533,45,0,2488,2500,171361,21,0,0,21,33
2020-09-02,US,Texas,Jones,598,0,0,32.73997145,-99.87861576,48253.0,2977.642782452821,0.0,598,598,0,0,598,598,19817,0,0,0,0,0
2020-09-02,US,Texas,Karnes,747,12,0,28.90705334,-97.85960149,48255.0,4788.154605474008,1.606425702811245,735,746,12,0,734,740,15650,1,0,0,1,6
2020-09-02,US,Texas,Kaufman,2827,41,0,32.599141700000004,-96.28734728,48257.0,2076.3253374854944,1.4503006720905554,2786,2817,38,0,2779,2757,128622,10,3,0,7,60
2020-09-02,US,Texas,Kendall,195,5,0,29.94414155,-98.7113588,48259.0,411.1235268073623,2.5641025641025643,190,197,5,0,192,197,45641,-2,0,0,-2,0
2020-09-02,US,Texas,Kenedy,7,1,0,26.92601662,-97.66413984,48261.0,1732.6732673267327,14.285714285714285,6,7,1,0,6,7,442,0,0,0,0,0
2020-09-02,US,Texas,Kent,7,0,0,33.18104136,-100.7780939,48263.0,918.6351706036743,0.0,7,7,0,0,7,7,726,0,0,0,0,0
2020-09-02,US,Texas,Kerr,438,9,0,30.06040006,-99.34930144,48265.0,832.6996197718631,2.054794520547945,429,438,9,0,429,435,52405,0,0,0,0,3
2020-09-02,US,Texas,Kimble,16,1,0,30.48678918,-99.74856473,48267.0,368.9186073322573,6.25,15,16,1,0,15,16,4362,0,0,0,0,0
2020-09-02,US,Texas,Kinney,22,1,0,29.34967888,-100.41866379999999,48271.0,599.9454595036815,4.545454545454546,21,22,1,0,21,22,3767,0,0,0,0,0
2020-09-02,US,Texas,Kleberg,642,27,0,27.42435506,-97.69894948,48273.0,2092.568448500652,4.205607476635514,615,642,26,0,616,642,31129,0,1,0,-1,0
2020-09-02,US,Texas,Knox,67,8,0,33.60519951,-99.74229059999999,48275.0,1828.6026200873362,11.940298507462687,59,67,8,0,59,67,3653,0,0,0,0,0
2020-09-02,US,Texas,La Salle,365,4,0,28.34453111,-99.09908775,48283.0,4853.723404255319,1.095890410958904,361,365,4,0,361,365,7531,0,0,0,0,0
2020-09-02,US,Texas,Lamar,791,28,0,33.66981763,-95.57404777,48277.0,1586.4738562746945,3.5398230088495577,763,791,26,0,765,791,49728,0,2,0,-2,0
2020-09-02,US,Texas,Lamb,290,19,0,34.06859623,-102.35162890000001,48279.0,2249.2825564259674,6.551724137931035,271,287,19,0,268,278,13158,3,0,0,3,9
2020-09-02,US,Texas,Lampasas,155,6,0,31.19531316,-98.24206613,48281.0,723.3526227366063,3.870967741935484,149,154,6,0,148,154,21229,1,0,0,1,0
2020-09-02,US,Texas,Lavaca,686,32,0,29.38508402,-96.93186692,48285.0,3403.7908107571698,4.664723032069972,654,687,31,0,656,682,20110,-1,1,0,-2,5
2020-09-02,US,Texas,Lee,196,14,0,30.31120597,-96.97045773,48287.0,1136.9569000522072,7.142857142857142,182,196,14,0,182,196,17144,0,0,0,0,0
2020-09-02,US,Texas,Leon,201,5,0,31.29872538,-95.9936328,48289.0,1154.9069179498965,2.487562189054726,196,192,5,0,187,188,17270,9,0,0,9,4
2020-09-02,US,Texas,Liberty,1835,43,0,30.15152688,-94.81205615,48291.0,2080.0507827112074,2.3433242506811993,1792,1829,43,0,1786,1826,86323,6,0,0,6,3
2020-09-02,US,Texas,Limestone,465,8,0,31.5454767,-96.58095444,48293.0,1984.042326236293,1.7204301075268815,457,459,8,0,451,455,23519,6,0,0,6,4
2020-09-02,US,Texas,Lipscomb,25,0,0,36.27783108,-100.27331509999999,48295.0,773.2755954222084,0.0,25,25,0,0,25,25,3355,0,0,0,0,0
2020-09-02,US,Texas,Live Oak,349,6,0,28.35101362,-98.1246786,48297.0,2859.015319079217,1.7191977077363896,343,330,6,0,324,330,12166,19,0,0,19,0
2020-09-02,US,Texas,Llano,101,1,0,30.70645047,-98.68475262,48299.0,463.4090387703602,0.99009900990099,100,101,1,0,100,101,21646,0,0,0,0,0
2020-09-02,US,Texas,Lubbock,7754,97,0,33.61008596,-101.82047890000001,48303.0,2496.7076559476322,1.2509672427134382,7657,7485,96,0,7389,7397,307412,269,1,0,268,88
2020-09-02,US,Texas,Lynn,82,4,0,33.17657705,-101.8162849,48305.0,1377.9196773651486,4.878048780487805,78,81,4,0,77,79,5877,1,0,0,1,2
2020-09-02,US,Texas,Madison,694,5,0,30.96694679,-95.93003775,48313.0,4858.583029963594,0.7204610951008645,689,690,5,0,685,692,14422,4,0,0,4,-2
2020-09-02,US,Texas,Marion,142,10,0,32.79868409,-94.35661230000001,48315.0,1441.0391719098845,7.042253521126762,132,140,10,0,130,140,9928,2,0,0,2,0
2020-09-02,US,Texas,Martin,73,5,0,32.30600051,-101.9513518,48317.0,1264.9454167388667,6.849315068493151,68,73,5,0,68,71,5753,0,0,0,0,2
2020-09-02,US,Texas,Mason,73,1,0,30.71780434,-99.22629416,48319.0,1708.0018717828732,1.3698630136986298,72,73,1,0,72,73,4280,0,0,0,0,0
2020-09-02,US,Texas,Matagorda,921,39,0,28.81955746,-96.01230294,48321.0,2513.4404934093827,4.234527687296417,882,913,38,0,875,913,36552,8,1,0,7,0
2020-09-02,US,Texas,Maverick,3335,82,0,28.7429195,-100.3157686,48323.0,5679.3024760737035,2.4587706146926536,3253,3293,82,0,3211,3258,58485,42,0,0,42,35
2020-09-02,US,Texas,McCulloch,114,1,0,31.1925468,-99.34682807,48307.0,1427.8557114228454,0.8771929824561403,113,109,1,0,108,109,7987,5,0,0,5,0
2020-09-02,US,Texas,McLennan,6454,82,0,31.55255453,-97.20217694,48309.0,2514.9733266308945,1.2705299039355438,6372,6355,81,0,6274,6264,254607,99,1,0,98,91
2020-09-02,US,Texas,McMullen,16,0,0,28.35251708,-98.56769164,48311.0,2153.4320323014804,0.0,16,15,0,0,15,15,749,1,0,0,1,0
2020-09-02,US,Texas,Medina,1132,36,0,29.355730100000002,-99.11030298,48325.0,2194.4789081885856,3.180212014134276,1096,1121,36,0,1085,1111,50921,11,0,0,11,10
2020-09-02,US,Texas,Menard,20,0,0,30.88990665,-99.82047940000001,48327.0,935.4536950420952,0.0,20,20,0,0,20,20,2139,0,0,0,0,0
2020-09-02,US,Texas,Midland,3322,73,0,31.86904128,-102.03156820000001,48329.0,1878.6192544335868,2.1974714027694158,3249,3272,69,0,3203,3272,172578,50,4,0,46,0
2020-09-02,US,Texas,Milam,440,5,0,30.78581830000001,-96.97718698,48331.0,1772.5496515328525,1.1363636363636365,435,430,5,0,425,430,25131,10,0,0,10,0
2020-09-02,US,Texas,Mills,35,0,0,31.49557106,-98.59272068,48333.0,718.2433819002667,0.0,35,35,0,0,35,35,4921,0,0,0,0,0
2020-09-02,US,Texas,Mitchell,73,1,0,32.30623474,-100.9212058,48335.0,854.3007606787595,1.3698630136986298,72,73,1,0,72,73,8145,0,0,0,0,0
2020-09-02,US,Texas,Montague,134,3,0,33.67521893,-97.72500958,48337.0,676.1529922292865,2.238805970149253,131,129,3,0,126,122,19596,5,0,0,5,7
2020-09-02,US,Texas,Montgomery,8904,130,0,30.30079133,-95.50572772,48339.0,1465.9420373367402,1.4600179694519315,8774,8800,125,0,8675,8736,590925,104,5,0,99,64
2020-09-02,US,Texas,Moore,1123,18,0,35.83769242,-101.8930281,48341.0,5362.9417382999045,1.6028495102404274,1105,1122,18,0,1104,1118,21485,1,0,0,1,4
2020-09-02,US,Texas,Morris,158,3,0,33.11304005,-94.73255695,48343.0,1275.4278333871491,1.8987341772151896,155,158,3,0,155,156,12339,0,0,0,0,2
2020-09-02,US,Texas,Motley,7,0,0,34.07408766,-100.77972199999999,48345.0,583.3333333333334,0.0,7,6,0,0,6,6,1234,1,0,0,1,0
2020-09-02,US,Texas,Nacogdoches,1370,50,0,31.62017125,-94.61803994,48347.0,2101.098092141586,3.6496350364963503,1320,1354,49,0,1305,1338,65711,16,1,0,15,16
2020-09-02,US,Texas,Navarro,1103,17,0,32.04620681,-96.47428766,48349.0,2201.025681958773,1.5412511332728922,1086,1095,17,0,1078,1074,49565,8,0,0,8,21
2020-09-02,US,Texas,Newton,163,6,0,30.78548982,-93.74408813,48351.0,1198.9702096358956,3.6809815950920246,157,163,6,0,157,162,13746,0,0,0,0,1
2020-09-02,US,Texas,Nolan,154,4,0,32.30365282,-100.4060208,48353.0,1046.6222645099904,2.5974025974025974,150,153,4,0,149,150,14751,1,0,0,1,3
2020-09-02,US,Texas,Nueces,19017,368,0,27.736286,-97.5433285,48355.0,5249.05187499655,1.935110690434874,18649,18992,363,0,18629,18886,362265,25,5,0,20,106
2020-09-02,US,Texas,Ochiltree,110,3,0,36.27829105,-100.8158184,48357.0,1118.3407889385926,2.727272727272727,107,110,3,0,107,109,9947,0,0,0,0,1
2020-09-02,US,Texas,Oldham,16,1,0,35.40425596,-102.6027606,48359.0,757.5757575757576,6.25,15,15,1,0,14,15,2131,1,0,0,1,0
2020-09-02,US,Texas,Orange,1782,35,0,30.11879481,-93.89412775,48361.0,2136.793131565063,1.9640852974186307,1747,1782,35,0,1747,1782,83572,0,0,0,0,0
2020-09-02,US,Texas,Palo Pinto,428,11,0,32.75310985,-98.31319001,48363.0,1466.3058001301858,2.5700934579439254,417,430,11,0,419,423,28875,-2,0,0,-2,7
2020-09-02,US,Texas,Panola,320,21,0,32.163959600000005,-94.30552481,48365.0,1379.6671552987839,6.5625,299,318,21,0,297,315,23148,2,0,0,2,3
2020-09-02,US,Texas,Parker,1662,25,0,32.77757172,-97.80500621,48367.0,1163.2301683954142,1.5042117930204573,1637,1666,25,0,1641,1645,138371,-4,0,0,-4,21
2020-09-02,US,Texas,Parmer,389,7,0,34.52993409,-102.78446679999999,48369.0,4049.9739718896412,1.7994858611825193,382,386,7,0,379,385,9864,3,0,0,3,1
2020-09-02,US,Texas,Pecos,303,4,0,30.78097267,-102.72412609999999,48371.0,1914.9339568981861,1.32013201320132,299,299,4,0,295,296,15673,4,0,0,4,3
2020-09-02,US,Texas,Polk,778,18,0,30.79472531,-94.82766240000001,48373.0,1515.0039919770995,2.3136246786632397,760,778,18,0,760,778,50031,0,0,0,0,0
2020-09-02,US,Texas,Potter,4114,53,0,35.40133773,-101.893964,48375.0,3503.811267725589,1.2882839086047642,4061,4098,52,0,4046,4055,119648,16,1,0,15,43
2020-09-02,US,Texas,Presidio,66,5,0,29.99954402,-104.24080790000001,48377.0,984.4868735083533,7.575757575757576,61,52,5,0,47,50,6948,14,0,0,14,2
2020-09-02,US,Texas,Rains,60,3,0,32.87109387,-95.79232691,48379.0,479.4630014383889,5.0,57,60,3,0,57,59,12159,0,0,0,0,1
2020-09-02,US,Texas,Randall,2236,31,0,34.96585996,-101.8971322,48381.0,1623.6666109953308,1.3864042933810377,2205,2187,30,0,2157,2168,136271,49,1,0,48,19
2020-09-02,US,Texas,Reagan,86,6,0,31.36607041,-101.52326590000001,48383.0,2234.346583528189,6.9767441860465125,80,84,6,0,78,83,3741,2,0,0,2,1
2020-09-02,US,Texas,Real,105,5,0,29.83321503,-99.82018052,48385.0,3041.7149478563147,4.761904761904762,100,105,5,0,100,104,3478,0,0,0,0,1
2020-09-02,US,Texas,Red River,146,14,0,33.61886692,-95.04841765,48387.0,1214.3391832321386,9.58904109589041,132,145,14,0,131,145,12175,1,0,0,1,0
2020-09-02,US,Texas,Reeves,172,5,0,31.32323325,-103.69038959999999,48389.0,1076.6149223835753,2.9069767441860463,167,173,5,0,168,169,15695,-1,0,0,-1,4
2020-09-02,US,Texas,Refugio,272,10,0,28.323897600000002,-97.15766311,48391.0,3914.7956246401836,3.6764705882352944,262,268,10,0,258,266,7032,4,0,0,4,2
2020-09-02,US,Texas,Roberts,8,0,0,35.83809685,-100.813175,48393.0,936.768149882904,0.0,8,8,0,0,8,8,903,0,0,0,0,0
2020-09-02,US,Texas,Robertson,251,5,0,31.02539637,-96.51272246,48395.0,1470.0714536722503,1.99203187250996,246,251,5,0,246,248,17284,0,0,0,0,3
2020-09-02,US,Texas,Rockwall,1374,21,0,32.89779518,-96.40771592,48397.0,1309.6316065386266,1.5283842794759823,1353,1360,21,0,1339,1316,100657,14,0,0,14,44
2020-09-02,US,Texas,Runnels,208,3,0,31.8314342,-99.97616148,48399.0,2026.5003897116133,1.4423076923076923,205,200,3,0,197,191,10234,8,0,0,8,9
2020-09-02,US,Texas,Rusk,714,5,0,32.10773545,-94.76176432,48401.0,1312.3552549351175,0.7002801120448179,709,713,5,0,708,705,54450,1,0,0,1,8
2020-09-02,US,Texas,Sabine,73,8,0,31.34318809,-93.85440451,48403.0,692.4682223487006,10.958904109589039,65,73,8,0,65,72,10589,0,0,0,0,1
2020-09-02,US,Texas,San Augustine,192,12,0,31.39457611,-94.17000399,48405.0,2330.945732669661,6.25,180,192,12,0,180,190,8232,0,0,0,0,2
2020-09-02,US,Texas,San Jacinto,202,8,0,30.57933681,-95.16260304,48407.0,699.9549533940884,3.96039603960396,194,202,8,0,194,202,28719,0,0,0,0,0
2020-09-02,US,Texas,San Patricio,1313,60,0,28.00880118,-97.51763891,48409.0,1967.6307507867525,4.5696877380045695,1253,1286,60,0,1226,1257,66893,27,0,0,27,29
2020-09-02,US,Texas,San Saba,38,0,0,31.1577796,-98.81758731,48411.0,627.5805119735755,0.0,38,38,0,0,38,38,6054,0,0,0,0,0
2020-09-02,US,Texas,Schleicher,38,2,0,30.89740592,-100.5384842,48413.0,1360.544217687075,5.2631578947368425,36,38,2,0,36,38,2895,0,0,0,0,0
2020-09-02,US,Texas,Scurry,548,2,0,32.74613808,-100.91626640000001,48415.0,3280.8477519008557,0.36496350364963503,546,546,2,0,544,546,16866,2,0,0,2,0
2020-09-02,US,Texas,Shackelford,23,0,0,32.73587756,-99.35401337,48417.0,704.4410413476262,0.0,23,24,0,0,24,23,3253,-1,0,0,-1,1
2020-09-02,US,Texas,Shelby,442,19,0,31.79211404,-94.14550696,48419.0,1748.8327925931787,4.298642533936651,423,438,19,0,419,436,25418,4,0,0,4,2
2020-09-02,US,Texas,Sherman,54,0,0,36.27751473,-101.8933156,48421.0,1786.8960953011251,0.0,54,53,0,0,53,53,3079,1,0,0,1,0
2020-09-02,US,Texas,Smith,3339,66,0,32.37474036,-95.27175679999999,48423.0,1434.5803025550906,1.976639712488769,3273,3315,63,0,3252,3207,230221,24,3,0,21,108
2020-09-02,US,Texas,Somervell,119,4,0,32.22236802,-97.77403489,48425.0,1303.680981595092,3.361344537815126,115,119,4,0,115,118,9016,0,0,0,0,1
2020-09-02,US,Texas,Starr,2782,135,0,26.56150059,-98.73892358,48427.0,4304.302755558307,4.852624011502517,2647,2782,135,0,2647,2782,64525,0,0,0,0,0
2020-09-02,US,Texas,Stephens,113,4,0,32.73553157,-98.83631615,48429.0,1206.4915652359598,3.5398230088495577,109,113,3,0,110,110,9433,0,1,0,-1,3
2020-09-02,US,Texas,Sterling,4,0,0,31.82781912,-101.05007459999999,48431.0,309.8373353989156,0.0,4,3,0,0,3,3,1311,1,0,0,1,0
2020-09-02,US,Texas,Stonewall,10,1,0,33.17906744,-100.25384009999999,48433.0,740.7407407407408,10.0,9,10,1,0,9,10,1362,0,0,0,0,0
2020-09-02,US,Texas,Sutton,76,2,0,30.49856623,-100.5382014,48435.0,2012.71186440678,2.631578947368421,74,76,2,0,74,76,3758,0,0,0,0,0
2020-09-02,US,Texas,Swisher,94,3,0,34.53028891,-101.73491740000001,48437.0,1270.785453562255,3.191489361702128,91,94,3,0,91,93,7462,0,0,0,0,1
2020-09-02,US,Texas,Tarrant,42070,620,0,32.77143818,-97.29101614,48439.0,2000.9369731012616,1.4737342524364154,41450,41860,614,0,41246,41617,2084931,210,6,0,204,243
2020-09-02,US,Texas,Taylor,1322,35,0,32.30163422,-99.89007449,48441.0,957.7350507845892,2.6475037821482603,1287,1317,34,0,1283,1317,137640,5,1,0,4,0
2020-09-02,US,Texas,Terrell,3,0,0,30.22429013,-102.0766732,48443.0,386.59793814432993,0.0,3,3,0,0,3,3,823,0,0,0,0,0
2020-09-02,US,Texas,Terry,206,3,0,33.17402785,-102.3354521,48445.0,1669.773851017265,1.4563106796116505,203,203,3,0,200,199,12287,3,0,0,3,4
2020-09-02,US,Texas,Throckmorton,5,2,0,33.17751417,-99.21226795,48447.0,333.1112591605596,40.0,3,5,2,0,3,4,1515,0,0,0,0,1
2020-09-02,US,Texas,Titus,1502,25,0,33.21339719,-94.96797273,48449.0,4586.259541984733,1.664447403462051,1477,1502,25,0,1477,1502,33033,0,0,0,0,0
2020-09-02,US,Texas,Tom Green,3261,55,0,31.40464436,-100.46244300000001,48451.0,2735.738255033557,1.6865992026985588,3206,3250,53,0,3197,3233,118189,11,2,0,9,17
2020-09-02,US,Texas,Travis,26622,388,0,30.33432034,-97.78535620000001,48453.0,2089.7143852917766,1.457441214033506,26234,26563,385,0,26178,26516,1248743,59,3,0,56,47
2020-09-02,US,Texas,Trinity,179,6,0,31.0879489,-95.1367187,48455.0,1221.7596068527746,3.35195530726257,173,178,6,0,172,178,14740,1,0,0,1,0
2020-09-02,US,Texas,Tyler,185,4,0,30.77031716,-94.37690895,48457.0,853.6360280546327,2.1621621621621623,181,185,3,0,182,175,21696,0,1,0,-1,10
2020-09-02,US,Texas,Upshur,329,6,0,32.73706798,-94.93999853,48459.0,787.967331688741,1.82370820668693,323,328,6,0,322,327,41260,1,0,0,1,1
2020-09-02,US,Texas,Upton,19,2,0,31.36868194,-102.0423217,48461.0,519.5515449822259,10.526315789473683,17,19,2,0,17,19,3671,0,0,0,0,0
2020-09-02,US,Texas,Uvalde,704,19,0,29.35739637,-99.76229172,48463.0,2632.6614561908677,2.698863636363636,685,704,18,0,686,700,26846,0,1,0,-1,4
2020-09-02,US,Texas,Val Verde,1957,86,0,29.89149232,-101.1525205,48465.0,3991.840897501275,4.394481349003577,1871,1957,86,0,1871,1912,49208,0,0,0,0,45
2020-09-02,US,Texas,Van Zandt,521,18,0,32.56483801,-95.83766469,48467.0,920.6573599575896,3.45489443378119,503,520,18,0,502,516,56019,1,0,0,1,4
2020-09-02,US,Texas,Victoria,3796,80,0,28.79780988,-96.96813006,48469.0,4122.323096303376,2.107481559536354,3716,3796,77,0,3719,3768,92035,0,3,0,-3,28
2020-09-02,US,Texas,Walker,3663,48,0,30.73872995,-95.57440968,48471.0,5019.80238724973,1.3104013104013104,3615,3651,48,0,3603,3647,72480,12,0,0,12,4
2020-09-02,US,Texas,Waller,675,8,0,30.01058447,-95.99011759,48473.0,1221.8079136951092,1.1851851851851851,667,674,8,0,666,668,53126,1,0,0,1,6
2020-09-02,US,Texas,Ward,109,1,0,31.50999644,-103.09279090000001,48475.0,908.4847474579097,0.9174311926605504,108,109,1,0,108,106,11720,0,0,0,0,3
2020-09-02,US,Texas,Washington,573,45,0,30.21498498,-96.40946246,48477.0,1596.900953124129,7.853403141361255,528,565,45,0,520,565,35108,8,0,0,8,0
2020-09-02,US,Texas,Webb,11389,244,0,27.7610369,-99.33237355,48479.0,4116.724260081257,2.1424181227500223,11145,11094,244,0,10850,10845,275910,295,0,0,295,249
2020-09-02,US,Texas,Wharton,1201,43,0,29.27765923,-96.22319248,48481.0,2890.0760419674652,3.5803497085761866,1158,1198,43,0,1155,1198,41619,3,0,0,3,0
2020-09-02,US,Texas,Wheeler,42,0,0,35.40114335,-100.26995140000001,48483.0,830.6962025316458,0.0,42,42,0,0,42,42,5191,0,0,0,0,0
2020-09-02,US,Texas,Wichita,1347,16,0,33.98842886,-98.70410340000001,48485.0,1018.679573470468,1.1878247958426131,1331,1324,14,0,1310,1295,132064,23,2,0,21,29
2020-09-02,US,Texas,Wilbarger,106,2,0,34.07945812,-99.24178437,48487.0,830.1354843762236,1.8867924528301887,104,103,2,0,101,103,12820,3,0,0,3,0
2020-09-02,US,Texas,Willacy,866,42,0,26.47411727,-97.61535848,48489.0,4054.6867684240087,4.849884526558892,824,866,42,0,824,864,21515,0,0,0,0,2
2020-09-02,US,Texas,Williamson,7984,125,0,30.64655664,-97.60048540000001,48491.0,1351.9577479337095,1.56563126252505,7859,7969,123,0,7846,7949,566719,15,2,0,13,20
2020-09-02,US,Texas,Wilson,541,25,0,29.1732598,-98.08693082,48493.0,1059.3303309183473,4.621072088724584,516,540,25,0,515,539,50224,1,0,0,1,1
2020-09-02,US,Texas,Winkler,95,1,0,31.85008651,-103.04851629999999,48495.0,1186.0174781523096,1.0526315789473684,94,95,1,0,94,93,7720,0,0,0,0,2
2020-09-02,US,Texas,Wise,665,12,0,33.21570665,-97.65460265,48497.0,950.2171925011432,1.8045112781954888,653,661,12,0,649,646,68305,4,0,0,4,15
2020-09-02,US,Texas,Wood,408,15,0,32.78722382,-95.38236368,48499.0,895.9353521157689,3.6764705882352944,393,407,15,0,392,398,45129,1,0,0,1,9
2020-09-02,US,Texas,Yoakum,155,4,0,33.17320212,-102.82764329999999,48501.0,1778.950992769425,2.5806451612903225,151,149,4,0,145,145,8591,6,0,0,6,4
2020-09-02,US,Texas,Young,226,6,0,33.17659707,-98.68790885,48503.0,1254.8584119933369,2.6548672566371683,220,227,6,0,221,244,18045,-1,0,0,-1,-17
2020-09-02,US,Texas,Zapata,281,4,0,27.00156391,-99.16987152,48505.0,1981.8040764510893,1.4234875444839858,277,281,4,0,277,276,14190,0,0,0,0,5
2020-09-02,US,Texas,Zavala,264,11,0,28.86617238,-99.76050829,48507.0,2229.7297297297296,4.166666666666667,253,261,10,0,251,261,11983,3,1,0,2,0
2020-09-02,US,Utah,Bear River,2591,11,0,41.52106798,-113.08328159999999,0.0,1386.911325461144,0.4245465071401003,2580,2585,11,0,2574,2577,,6,0,0,6,8
2020-09-02,US,Utah,Central Utah,513,3,0,39.37231946,-111.5758676,0.0,625.9609048978697,0.5847953216374269,510,511,3,0,508,511,,2,0,0,2,0
2020-09-02,US,Utah,Davis,3998,24,0,40.99001837,-112.1139997,49011.0,1124.6733299388716,0.6003001500750376,3974,3934,23,0,3911,3892,351713,64,1,0,63,42
2020-09-02,US,Utah,Salt Lake,24250,231,0,40.66616532,-111.92160109999999,49035.0,2089.7299896504505,0.9525773195876288,24019,24105,231,0,23874,23987,1152633,145,0,0,145,118
2020-09-02,US,Utah,San Juan,670,28,0,37.62762978,-109.80337140000002,49037.0,4376.796446302586,4.17910447761194,642,667,28,0,639,667,15449,3,0,0,3,0
2020-09-02,US,Utah,Southeast Utah,146,1,0,38.99617072,-110.70139579999999,0.0,362.9222700042258,0.6849315068493149,145,145,1,0,144,143,,1,0,0,1,2
2020-09-02,US,Utah,Southwest Utah,3638,27,0,37.85447192,-111.4418764,0.0,1443.4102252799137,0.7421660252886201,3611,3610,27,0,3583,3598,,28,0,0,28,12
2020-09-02,US,Utah,Summit,854,1,0,40.86688146,-110.9535882,49043.0,2026.337643848618,0.117096018735363,853,852,1,0,851,847,41933,2,0,0,2,5
2020-09-02,US,Utah,Tooele,702,0,0,40.44862644,-113.12957150000001,49045.0,971.5052796191478,0.0,702,697,0,0,697,692,69907,5,0,0,5,5
2020-09-02,US,Utah,TriCounty,211,1,0,40.12491499,-109.5174415,0.0,372.6466744374978,0.4739336492890995,210,211,1,0,210,207,,0,0,0,0,4
2020-09-02,US,Utah,Utah,11168,47,0,40.116672200000004,-111.66576620000001,49049.0,1755.3262552358801,0.4208452722063037,11121,11064,47,0,11017,11001,622213,104,0,0,104,63
2020-09-02,US,Utah,Wasatch,646,7,0,40.33110236,-111.1691419,49051.0,1894.9282801912527,1.08359133126935,639,640,7,0,633,639,33240,6,0,0,6,1
2020-09-02,US,Utah,Weber-Morgan,3435,29,0,41.27116049,-111.9145117,0.0,1261.3049273510394,0.8442503639010189,3406,3382,29,0,3353,3346,,53,0,0,53,36
2020-09-02,US,Vermont,Addison,81,2,0,44.03217337,-73.14130877,50001.0,220.24634962068683,2.469135802469136,79,81,2,0,79,81,36973,0,0,0,0,0
2020-09-02,US,Vermont,Bennington,104,1,0,43.03519828,-73.09048868,50003.0,293.20552579644766,0.9615384615384616,103,102,1,0,101,102,35631,2,0,0,2,0
2020-09-02,US,Vermont,Caledonia,33,0,0,44.46548598,-72.10314651,50005.0,110.02567265695328,0.0,33,33,0,0,33,33,30302,0,0,0,0,0
2020-09-02,US,Vermont,Chittenden,803,39,0,44.46322849,-73.08359212,50007.0,490.30981718709916,4.85678704856787,764,803,39,0,764,797,164572,0,0,0,0,6
2020-09-02,US,Vermont,Essex,6,0,0,44.72736416,-71.73579864,50009.0,97.35518416355671,0.0,6,6,0,0,6,6,6250,0,0,0,0,0
2020-09-02,US,Vermont,Franklin,122,7,0,44.85627605,-72.91249563,50011.0,246.9535646330108,5.737704918032787,115,122,7,0,115,122,49421,0,0,0,0,0
2020-09-02,US,Vermont,Grand Isle,13,0,0,44.797582399999996,-73.29679772,50013.0,179.68210089841045,0.0,13,13,0,0,13,13,7090,0,0,0,0,0
2020-09-02,US,Vermont,Lamoille,45,1,0,44.60353043,-72.64356694,50015.0,177.43080198722495,2.2222222222222223,44,45,1,0,44,45,25300,0,0,0,0,0
2020-09-02,US,Vermont,Orange,20,0,0,44.00470222,-72.37640104,50017.0,69.22331441229406,0.0,20,20,0,0,20,20,28999,0,0,0,0,0
2020-09-02,US,Vermont,Orleans,15,0,0,44.82964024,-72.24562697,50019.0,55.479528054148034,0.0,15,15,0,0,15,15,26907,0,0,0,0,0
2020-09-02,US,Vermont,Rutland,123,1,0,43.57723578,-73.03741676,50021.0,211.37289271536844,0.8130081300813008,122,122,1,0,121,118,58672,1,0,0,1,4
2020-09-02,US,Vermont,Unassigned,8,0,0,0.0,0.0,90050.0,0.0,0.0,8,8,0,0,8,8,,0,0,0,0,0
2020-09-02,US,Vermont,Washington,62,2,0,44.27343241,-72.61604978,50023.0,106.14802513311304,3.2258064516129035,60,62,2,0,60,62,58140,0,0,0,0,0
2020-09-02,US,Vermont,Windham,123,3,0,42.986982,-72.71268875,50025.0,291.3173227227512,2.4390243902439024,120,123,3,0,120,123,42756,0,0,0,0,0
2020-09-02,US,Vermont,Windsor,79,2,0,43.58010937,-72.58595157,50027.0,143.47462860048668,2.5316455696202533,77,80,2,0,78,79,55286,-1,0,0,-1,1
2020-09-02,US,Virginia,Accomack,1148,19,0,37.76707161,-75.63234615,51001.0,3552.4198539423205,1.6550522648083623,1129,1148,19,0,1129,1145,32412,0,0,0,0,3
2020-09-02,US,Virginia,Albemarle,1052,18,0,38.02080697,-78.55481085,51003.0,962.2244580627458,1.7110266159695815,1034,1042,18,0,1024,1034,108718,10,0,0,10,8
2020-09-02,US,Virginia,Alexandria,3415,62,0,38.814003,-77.08183073,51510.0,2142.0327671425343,1.815519765739385,3353,3395,62,0,3333,3378,160530,20,0,0,20,17
2020-09-02,US,Virginia,Alleghany,68,4,0,37.78636074,-80.00222498,51005.0,457.6043068640647,5.882352941176472,64,65,4,0,61,65,14910,3,0,0,3,0
2020-09-02,US,Virginia,Amelia,100,3,0,37.34081025,-77.98584649,51007.0,760.7455306200078,3.0,97,100,3,0,97,98,13013,0,0,0,0,2
2020-09-02,US,Virginia,Amherst,307,1,0,37.60308293,-79.14548696,51009.0,971.3652903021674,0.3257328990228013,306,298,1,0,297,290,31666,9,0,0,9,8
2020-09-02,US,Virginia,Appomattox,176,1,0,37.37569884,-78.81340003,51011.0,1106.1529759286032,0.5681818181818182,175,172,1,0,171,169,15841,4,0,0,4,3
2020-09-02,US,Virginia,Arlington,3569,141,0,38.8767675,-77.10139853,51013.0,1506.9117808496806,3.950686466797422,3428,3560,140,0,3420,3555,237521,9,1,0,8,5
2020-09-02,US,Virginia,Augusta,372,4,0,38.16404586,-79.12461614,51015.0,492.33701262606206,1.075268817204301,368,369,4,0,365,364,75457,3,0,0,3,5
2020-09-02,US,Virginia,Bath,4,0,0,38.05852573,-79.73912095,51017.0,96.45526886906195,0.0,4,4,0,0,4,4,4292,0,0,0,0,0
2020-09-02,US,Virginia,Bedford,559,9,0,37.3080028,-79.5281964,51019.0,707.6218084231047,1.6100178890876566,550,551,9,0,542,546,78747,8,0,0,8,5
2020-09-02,US,Virginia,Bland,50,0,0,37.13128068,-81.13599391,51021.0,796.1783439490448,0.0,50,47,0,0,47,47,6293,3,0,0,3,0
2020-09-02,US,Virginia,Botetourt,251,10,0,37.55531756,-79.80982182,51023.0,751.0697507405966,3.98406374501992,241,250,10,0,240,249,33277,1,0,0,1,1
2020-09-02,US,Virginia,Bristol,125,2,0,36.616302399999995,-82.16359122,51520.0,745.734399236368,1.6,123,121,2,0,119,121,16482,4,0,0,4,0
2020-09-02,US,Virginia,Brunswick,301,2,0,36.76366949,-77.8593436,51025.0,1854.4760027108616,0.6644518272425249,299,295,2,0,293,293,16384,6,0,0,6,2
2020-09-02,US,Virginia,Buchanan,99,1,0,37.26818323,-82.03749726,51027.0,471.33879261093125,1.0101010101010102,98,99,1,0,98,99,21221,0,0,0,0,0
2020-09-02,US,Virginia,Buckingham,649,8,0,37.57242268,-78.52518834,51029.0,3784.697923956146,1.2326656394453004,641,648,8,0,640,644,16999,1,0,0,1,4
2020-09-02,US,Virginia,Buena Vista,75,1,0,37.73484642,-79.35296097,51530.0,1157.764742204384,1.3333333333333333,74,75,1,0,74,75,6237,0,0,0,0,0
2020-09-02,US,Virginia,Campbell,335,3,0,37.20553386,-79.09678609,51031.0,610.3671312744831,0.8955223880597015,332,329,3,0,326,324,54973,6,0,0,6,5
2020-09-02,US,Virginia,Caroline,265,5,0,38.02679129,-77.34901405,51033.0,862.4898291293733,1.8867924528301887,260,264,5,0,259,263,30772,1,0,0,1,1
2020-09-02,US,Virginia,Carroll,411,19,0,36.73066666,-80.73455942,51035.0,1379.6112920009396,4.622871046228711,392,410,19,0,391,396,29636,1,0,0,1,14
2020-09-02,US,Virginia,Charles City,69,5,0,37.35358063,-77.05634116,51036.0,990.952175786299,7.246376811594202,64,69,5,0,64,70,6941,0,0,0,0,-1
2020-09-02,US,Virginia,Charlotte,74,0,0,37.01909701,-78.66314092,51037.0,622.8956228956229,0.0,74,74,0,0,74,69,11938,0,0,0,0,5
2020-09-02,US,Virginia,Charlottesville,699,20,0,38.03527919,-78.48569588,51540.0,1478.8642999196038,2.861230329041488,679,686,18,0,668,681,48117,13,2,0,11,5
2020-09-02,US,Virginia,Chesapeake,3826,49,0,36.67670048,-76.30545744,51550.0,1562.6850736210101,1.280710925248301,3777,3811,48,0,3763,3801,242634,15,1,0,14,10
2020-09-02,US,Virginia,Chesterfield,5146,83,0,37.37373208,-77.58680140000001,51041.0,1458.6085112896185,1.6129032258064515,5063,5106,83,0,5023,5046,348556,40,0,0,40,60
2020-09-02,US,Virginia,Clarke,82,0,0,39.11271747,-77.99199425,51043.0,560.9138791983036,0.0,82,81,0,0,81,81,14523,1,0,0,1,0
2020-09-02,US,Virginia,Colonial Heights,229,23,0,37.26420587,-77.39609676,51570.0,1318.3649971214736,10.043668122270743,206,228,23,0,205,220,17833,1,0,0,1,8
2020-09-02,US,Virginia,Covington,25,0,0,37.7824656,-79.98631446,51580.0,451.4265077645359,0.0,25,25,0,0,25,25,5460,0,0,0,0,0
2020-09-02,US,Virginia,Craig,21,0,0,37.48133648,-80.21072274,51045.0,409.2769440654843,0.0,21,21,0,0,21,21,5064,0,0,0,0,0
2020-09-02,US,Virginia,Culpeper,1122,14,0,38.48199985,-77.95630870000002,51047.0,2132.877102936983,1.2477718360071302,1108,1122,13,0,1109,1117,51859,0,1,0,-1,5
2020-09-02,US,Virginia,Cumberland,99,0,0,37.51328851,-78.24398086,51049.0,996.7780910189286,0.0,99,99,0,0,99,97,9809,0,0,0,0,2
2020-09-02,US,Virginia,Danville,616,16,0,36.58022376,-79.40395668,51590.0,1538.3078613525122,2.5974025974025974,600,611,16,0,595,606,40693,5,0,0,5,5
2020-09-02,US,Virginia,Dickenson,68,1,0,37.12560977,-82.35124171,51051.0,474.9266657354378,1.4705882352941178,67,67,1,0,66,67,14523,1,0,0,1,0
2020-09-02,US,Virginia,Dinwiddie,298,8,0,37.07544585,-77.63451754,51053.0,1044.0022421524664,2.684563758389262,290,296,8,0,288,292,28529,2,0,0,2,4
2020-09-02,US,Virginia,Emporia,234,17,0,36.69455571,-77.53406129,51595.0,4377.104377104377,7.264957264957265,217,233,17,0,216,231,5121,1,0,0,1,2
2020-09-02,US,Virginia,Essex,131,2,0,37.93357639,-76.94230311,51057.0,1196.0193554277364,1.5267175572519085,129,130,2,0,128,128,10919,1,0,0,1,2
2020-09-02,US,Virginia,Fairfax,18606,561,0,38.83677558,-77.27565836,51059.0,1621.3926931885126,3.015156401160916,18045,18508,560,0,17948,18417,1150795,98,1,0,97,91
2020-09-02,US,Virginia,Fairfax,18606,561,0,38.83677558,-77.27565836,51059.0,1621.3926931885126,3.015156401160916,18045,18508,560,0,17948,18417,24574,98,1,0,97,91
2020-09-02,US,Virginia,Fairfax City,121,7,0,38.85157547,-77.29779640000002,51600.0,503.76785045172585,5.785123966942148,114,122,7,0,115,120,24574,-1,0,0,-1,2
2020-09-02,US,Virginia,Falls Church,66,7,0,38.88485255,-77.17560759,51610.0,451.5290415269892,10.606060606060606,59,66,7,0,59,66,14772,0,0,0,0,0
2020-09-02,US,Virginia,Fauquier,779,9,0,38.73564842,-77.80647472,51061.0,1093.7631630675914,1.1553273427471116,770,770,9,0,761,762,70675,9,0,0,9,8
2020-09-02,US,Virginia,Floyd,153,2,0,36.9302126,-80.36738849,51063.0,971.4902533494188,1.30718954248366,151,152,2,0,150,153,15795,1,0,0,1,-1
2020-09-02,US,Virginia,Fluvanna,227,9,0,37.84157909,-78.27715475,51065.0,832.4165749908324,3.9647577092511015,218,226,9,0,217,226,26783,1,0,0,1,0
2020-09-02,US,Virginia,Franklin,194,1,0,36.99536167,-79.88023649,51067.0,346.1689447200313,0.5154639175257731,193,194,1,0,193,194,56195,0,0,0,0,0
2020-09-02,US,Virginia,Franklin,194,1,0,36.99536167,-79.88023649,51067.0,346.1689447200313,0.5154639175257731,193,194,1,0,193,194,8013,0,0,0,0,0
2020-09-02,US,Virginia,Franklin City,313,7,0,36.6831435,-76.93859681,51620.0,3928.705911886532,2.236421725239617,306,312,6,0,306,298,8013,1,1,0,0,14
2020-09-02,US,Virginia,Frederick,772,11,0,39.20172582,-78.25974949,51069.0,864.3758467412358,1.4248704663212437,761,766,11,0,755,764,88355,6,0,0,6,2
2020-09-02,US,Virginia,Fredericksburg,486,5,0,38.2977863,-77.4922454,51630.0,1673.7842678054828,1.02880658436214,481,482,5,0,477,481,29144,4,0,0,4,1
2020-09-02,US,Virginia,Galax,398,28,0,36.66601852,-80.91703124,51640.0,6270.679060973688,7.035175879396986,370,397,28,0,369,396,6423,1,0,0,1,1
2020-09-02,US,Virginia,Giles,51,0,0,37.31234791,-80.70636931,51071.0,305.02392344497605,0.0,51,47,0,0,47,43,16844,4,0,0,4,4
2020-09-02,US,Virginia,Gloucester,206,2,0,37.40809042,-76.53524337,51073.0,551.5690264538931,0.9708737864077671,204,204,2,0,202,201,37349,2,0,0,2,3
2020-09-02,US,Virginia,Goochland,222,7,0,37.71714806,-77.90381514,51075.0,934.6187849955796,3.1531531531531534,215,222,7,0,215,220,23244,0,0,0,0,2
2020-09-02,US,Virginia,Grayson,225,8,0,36.65677234,-81.23215889,51077.0,1446.9453376205786,3.555555555555556,217,199,7,0,192,194,15631,26,1,0,25,5
2020-09-02,US,Virginia,Greene,199,3,0,38.29545894,-78.46525378,51079.0,1004.0869872344721,1.5075376884422111,196,199,3,0,196,199,19779,0,0,0,0,0
2020-09-02,US,Virginia,Greensville,713,11,0,36.67878901,-77.56351439,51081.0,6289.696541990121,1.5427769985974755,702,711,11,0,700,709,11627,2,0,0,2,2
2020-09-02,US,Virginia,Halifax,214,2,0,36.76654925,-78.93512622,51083.0,631.063666656837,0.9345794392523364,212,212,2,0,210,210,34120,2,0,0,2,2
2020-09-02,US,Virginia,Hampton,1570,16,0,37.03513786,-76.35879121,51650.0,1167.1994647238125,1.0191082802547768,1554,1562,16,0,1546,1554,134313,8,0,0,8,8
2020-09-02,US,Virginia,Hanover,816,35,0,37.7583355,-77.49464673,51085.0,757.1961472078392,4.28921568627451,781,810,35,0,775,794,107239,6,0,0,6,16
2020-09-02,US,Virginia,Harrisonburg,1496,33,0,38.43542574,-78.87536254,51660.0,2821.789648408028,2.2058823529411766,1463,1423,33,0,1390,1346,54033,73,0,0,73,77
2020-09-02,US,Virginia,Henrico,4670,194,0,37.53460572,-77.39326555,51087.0,1411.6523284706398,4.154175588865097,4476,4651,193,0,4458,4608,329261,19,1,0,18,43
2020-09-02,US,Virginia,Henry,858,16,0,36.68542395,-79.87634026,51089.0,1697.094368732322,1.8648018648018647,842,849,16,0,833,844,50953,9,0,0,9,5
2020-09-02,US,Virginia,Highland,6,0,0,38.35799465,-79.56124594,51091.0,273.97260273972597,0.0,6,6,0,0,6,6,2210,0,0,0,0,0
2020-09-02,US,Virginia,Hopewell,350,4,0,37.29186313,-77.29754684,51670.0,1553.5531981002264,1.1428571428571428,346,350,4,0,346,350,22596,0,0,0,0,0
2020-09-02,US,Virginia,Isle of Wight,566,11,0,36.90579348,-76.70842863,51093.0,1525.2364655474414,1.9434628975265016,555,560,11,0,549,552,36953,6,0,0,6,8
2020-09-02,US,Virginia,James City,749,18,0,37.31156958,-76.76950618,51095.0,978.7906903806695,2.403204272363151,731,746,18,0,728,743,76397,3,0,0,3,3
2020-09-02,US,Virginia,King George,204,4,0,38.26818502,-77.15852768,51099.0,760.1729020718437,1.96078431372549,200,202,4,0,198,201,26575,2,0,0,2,1
2020-09-02,US,Virginia,King William,115,2,0,37.70965316,-77.09384941,51101.0,670.6321436902263,1.7391304347826086,113,115,2,0,113,115,16939,0,0,0,0,0
2020-09-02,US,Virginia,King and Queen,49,1,0,37.71044922,-76.88689628,51097.0,697.508896797153,2.0408163265306123,48,49,1,0,48,49,7042,0,0,0,0,0
2020-09-02,US,Virginia,Lancaster,73,0,0,37.71889653,-76.46400482,51103.0,688.4843912100349,0.0,73,72,0,0,72,71,10783,1,0,0,1,1
2020-09-02,US,Virginia,Lee,214,3,0,36.70586667,-83.12606515,51105.0,913.6319002689663,1.4018691588785046,211,210,3,0,207,201,23541,4,0,0,4,9
2020-09-02,US,Virginia,Lexington,43,0,0,37.78258621,-79.44262866,51678.0,577.491270480795,0.0,43,43,0,0,43,43,7136,0,0,0,0,0
2020-09-02,US,Virginia,Loudoun,6053,118,0,39.08990083,-77.63481877,51107.0,1463.7107109866565,1.949446555427061,5935,6008,118,0,5890,5979,406850,45,0,0,45,29
2020-09-02,US,Virginia,Louisa,252,3,0,37.97850256,-77.96274807,51109.0,670.3732276342741,1.1904761904761905,249,251,2,0,249,250,36778,1,1,0,0,1
2020-09-02,US,Virginia,Lunenburg,97,2,0,36.94618528,-78.24133319,51111.0,795.3427353230568,2.061855670103093,95,97,2,0,95,93,12086,0,0,0,0,4
2020-09-02,US,Virginia,Lynchburg,1008,5,0,37.40021399,-79.19888138,51680.0,1226.7549410962904,0.4960317460317461,1003,1007,5,0,1002,986,82126,1,0,0,1,21
2020-09-02,US,Virginia,Madison,91,2,0,38.41531222,-78.28220331,51113.0,686.2227584646707,2.1978021978021984,89,91,2,0,89,91,13295,0,0,0,0,0
2020-09-02,US,Virginia,Manassas,1813,24,0,38.7464321,-77.48509905,51683.0,4412.802726055738,1.323772752344181,1789,1810,24,0,1786,1805,41641,3,0,0,3,5
2020-09-02,US,Virginia,Manassas Park,571,7,0,38.77058531,-77.44399307,51685.0,3266.964183545028,1.2259194395796849,564,568,7,0,561,565,17307,3,0,0,3,3
2020-09-02,US,Virginia,Martinsville,329,6,0,36.68212094,-79.86352771,51690.0,2620.6786681535764,1.82370820668693,323,328,6,0,322,327,12902,1,0,0,1,1
2020-09-02,US,Virginia,Mathews,23,0,0,37.44164146,-76.34098896,51115.0,260.3577088521621,0.0,23,23,0,0,23,23,8802,0,0,0,0,0
2020-09-02,US,Virginia,Mecklenburg,537,33,0,36.67882005,-78.36131056,51117.0,1755.6478242390558,6.145251396648044,504,529,33,0,496,516,30650,8,0,0,8,13
2020-09-02,US,Virginia,Middlesex,55,1,0,37.63191998,-76.55064617,51119.0,519.7505197505197,1.818181818181818,54,55,1,0,54,55,10769,0,0,0,0,0
2020-09-02,US,Virginia,Montgomery,600,4,0,37.17746986,-80.37868691,51121.0,608.9206880803775,0.6666666666666666,596,532,4,0,528,493,98985,68,0,0,68,39
2020-09-02,US,Virginia,Nelson,86,0,0,37.78790447,-78.88498513,51125.0,576.0214333556597,0.0,86,86,0,0,86,85,14836,0,0,0,0,1
2020-09-02,US,Virginia,New Kent,153,1,0,37.50694406,-76.99828634,51127.0,662.5958165519032,0.6535947712418301,152,151,1,0,150,151,22391,2,0,0,2,0
2020-09-02,US,Virginia,Newport News,2364,28,0,37.08166899,-76.51754109,51700.0,1319.0124145627005,1.1844331641285957,2336,2335,27,0,2308,2317,178626,29,1,0,28,18
2020-09-02,US,Virginia,Norfolk,4429,57,0,36.89934014,-76.26420872,51710.0,1824.5709436356296,1.2869722284940166,4372,4406,55,0,4351,4394,244076,23,2,0,21,12
2020-09-02,US,Virginia,Northampton,304,29,0,37.34062933,-75.87751591,51131.0,2596.071733561059,9.539473684210526,275,304,29,0,275,304,11735,0,0,0,0,0
2020-09-02,US,Virginia,Northumberland,91,5,0,37.89202088,-76.41949732,51133.0,752.3770152955768,5.494505494505495,86,90,5,0,85,89,12147,1,0,0,1,1
2020-09-02,US,Virginia,Norton,27,0,0,36.93357076,-82.62750411,51720.0,678.2215523737755,0.0,27,26,0,0,26,26,3968,1,0,0,1,0
2020-09-02,US,Virginia,Nottoway,203,14,0,37.1435975,-78.05065922,51135.0,1332.7205882352941,6.896551724137932,189,201,14,0,187,198,15420,2,0,0,2,3
2020-09-02,US,Virginia,Orange,265,4,0,38.24530219,-78.01560400000002,51137.0,715.2303581549754,1.509433962264151,261,264,4,0,260,262,36644,1,0,0,1,2
2020-09-02,US,Virginia,Page,362,26,0,38.61807452,-78.48797204,51139.0,1514.5176135888212,7.18232044198895,336,361,25,0,336,361,23933,1,1,0,0,0
2020-09-02,US,Virginia,Patrick,237,13,0,36.680163799999995,-80.2865648,51141.0,1345.979100408905,5.485232067510547,224,229,11,0,218,224,17673,8,2,0,6,5
2020-09-02,US,Virginia,Petersburg,637,23,0,37.20530399,-77.39368102,51730.0,2032.1572130415368,3.6106750392464684,614,633,22,0,611,631,31567,4,1,0,3,2
2020-09-02,US,Virginia,Pittsylvania,791,4,0,36.81980341,-79.39731264,51143.0,1310.6007886801206,0.5056890012642224,787,780,4,0,776,770,60949,11,0,0,11,10
2020-09-02,US,Virginia,Poquoson,68,0,0,37.14259351,-76.35798148,51735.0,554.1520658463044,0.0,68,68,0,0,68,67,12190,0,0,0,0,1
2020-09-02,US,Virginia,Portsmouth,2242,41,0,36.85914825,-76.35971629,51740.0,2375.050318862688,1.8287243532560211,2201,2234,36,0,2198,2213,94632,8,5,0,3,21
2020-09-02,US,Virginia,Powhatan,191,4,0,37.55016038,-77.91267882,51145.0,644.1386753001484,2.094240837696335,187,190,4,0,186,189,29189,1,0,0,1,1
2020-09-02,US,Virginia,Prince Edward,503,12,0,37.22554789,-78.43597949,51147.0,2205.9468467678275,2.3856858846918487,491,493,12,0,481,488,22950,10,0,0,10,5
2020-09-02,US,Virginia,Prince George,573,2,0,37.18497668,-77.22922187,51149.0,1494.0161134722186,0.34904013961605584,571,560,2,0,558,554,38082,13,0,0,13,6
2020-09-02,US,Virginia,Prince William,10944,187,0,38.70916224,-77.48713689,51153.0,2326.852137306388,1.7086988304093569,10757,10904,185,0,10719,10836,468011,40,2,0,38,68
2020-09-02,US,Virginia,Pulaski,138,3,0,37.06474963,-80.71229738,51155.0,405.56029035765715,2.1739130434782608,135,137,3,0,134,135,34066,1,0,0,1,2
2020-09-02,US,Virginia,Radford,504,0,0,37.12222899,-80.56027320000003,51750.0,2761.7951668584583,0.0,504,467,0,0,467,399,18339,37,0,0,37,68
2020-09-02,US,Virginia,Rappahannock,53,2,0,38.68295619,-78.15826963,51157.0,719.1316146540026,3.7735849056603774,51,53,2,0,51,53,7252,0,0,0,0,0
2020-09-02,US,Virginia,Richmond,327,4,0,37.937575,-76.72920628,51159.0,3624.0718164690243,1.2232415902140672,323,328,4,0,324,333,9038,-1,0,0,-1,-5
2020-09-02,US,Virginia,Richmond City,3950,49,0,37.53255773,-77.47966921,51760.0,1714.1418875522922,1.240506329113924,3901,3920,49,0,3871,3897,228783,30,0,0,30,23
2020-09-02,US,Virginia,Roanoke,610,4,0,37.26865804,-80.06396753,51161.0,647.6546408171066,0.6557377049180327,606,611,4,0,607,606,94073,-1,0,0,-1,5
2020-09-02,US,Virginia,Roanoke City,1203,15,0,37.27791025,-79.96189766,51770.0,1213.3988279555792,1.2468827930174564,1188,1201,15,0,1186,1200,99920,2,0,0,2,1
2020-09-02,US,Virginia,Rockbridge,84,1,0,37.81204314,-79.44605905,51163.0,372.12599122845876,1.1904761904761905,83,86,1,0,85,85,22752,-2,0,0,-2,1
2020-09-02,US,Virginia,Rockingham,1080,20,0,38.51006137,-78.87260325,51165.0,1317.9089178503439,1.851851851851852,1060,1069,20,0,1049,1058,81244,11,0,0,11,11
2020-09-02,US,Virginia,Russell,189,4,0,36.93028320000001,-82.10095486,51167.0,710.9004739336493,2.1164021164021163,185,188,4,0,184,187,26748,1,0,0,1,1
2020-09-02,US,Virginia,Salem,210,4,0,37.2836193,-80.06219455,51775.0,830.0067191020117,1.9047619047619049,206,210,4,0,206,212,25643,0,0,0,0,-2
2020-09-02,US,Virginia,Scott,156,4,0,36.71466456,-82.60171704,51169.0,723.3608457757581,2.5641025641025643,152,156,4,0,152,153,21534,0,0,0,0,3
2020-09-02,US,Virginia,Shenandoah,775,50,0,38.85905135,-78.56813762,51171.0,1776.8708730741012,6.451612903225807,725,773,48,0,725,769,43497,2,2,0,0,4
2020-09-02,US,Virginia,Smyth,282,5,0,36.84455636,-81.53344948,51173.0,936.7525910178047,1.7730496453900708,277,281,5,0,276,273,30472,1,0,0,1,8
2020-09-02,US,Virginia,Southampton,361,13,0,36.72231125,-77.10642712,51175.0,2047.5299188928589,3.601108033240997,348,359,13,0,346,351,17586,2,0,0,2,8
2020-09-02,US,Virginia,Spotsylvania,1836,38,0,38.18574462,-77.655399,51177.0,1347.8691774033693,2.0697167755991286,1798,1824,38,0,1786,1801,134238,12,0,0,12,23
2020-09-02,US,Virginia,Stafford,1729,11,0,38.41758738,-77.45917053,51179.0,1130.9375858505252,0.6362058993637941,1718,1717,10,0,1707,1704,149960,12,1,0,11,13
2020-09-02,US,Virginia,Staunton,173,0,0,38.15965544,-79.05979937,51790.0,693.8873736563452,0.0,173,173,0,0,173,170,24922,0,0,0,0,3
2020-09-02,US,Virginia,Suffolk,1674,62,0,36.70155394,-76.63603554,51800.0,1817.4317106005994,3.703703703703704,1612,1660,61,0,1599,1635,91185,14,1,0,13,25
2020-09-02,US,Virginia,Surry,78,3,0,37.11781893,-76.88450012,51181.0,1214.5748987854256,3.8461538461538463,75,71,3,0,68,68,6474,7,0,0,7,3
2020-09-02,US,Virginia,Sussex,345,9,0,36.92432914,-77.25791182,51183.0,3091.6748812617616,2.608695652173913,336,342,9,0,333,339,11237,3,0,0,3,3
2020-09-02,US,Virginia,Tazewell,198,2,0,37.12191123,-81.56685568,51185.0,487.74479615716217,1.0101010101010102,196,196,2,0,194,195,40855,2,0,0,2,1
2020-09-02,US,Virginia,Virginia Beach,6081,70,0,36.73285734,-76.04566934,51810.0,1351.411414881749,1.1511264594639041,6011,6049,69,0,5980,6028,450189,32,1,0,31,21
2020-09-02,US,Virginia,Warren,394,6,0,38.90847745,-78.20280433,51187.0,980.977990240016,1.5228426395939083,388,391,6,0,385,391,40003,3,0,0,3,0
2020-09-02,US,Virginia,Washington,381,9,0,36.72341572,-81.95666289,51191.0,708.9691105321921,2.3622047244094486,372,375,9,0,366,368,54402,6,0,0,6,7
2020-09-02,US,Virginia,Waynesboro,218,3,0,38.06451466,-78.90293905,51820.0,963.3230225364559,1.3761467889908257,215,216,3,0,213,215,22628,2,0,0,2,1
2020-09-02,US,Virginia,Westmoreland,228,3,0,38.11021557,-76.80213247,51193.0,1265.6119900083265,1.3157894736842106,225,224,3,0,221,223,17830,4,0,0,4,1
2020-09-02,US,Virginia,Williamsburg,154,6,0,37.28131268,-76.70905141,51830.0,1029.824796041193,3.8961038961038965,148,155,6,0,149,155,14896,-1,0,0,-1,0
2020-09-02,US,Virginia,Winchester,447,4,0,39.17054517,-78.17325058,51840.0,1591.9937317472754,0.8948545861297539,443,446,4,0,442,439,28108,1,0,0,1,7
2020-09-02,US,Virginia,Wise,334,5,0,36.9746148,-82.62410519,51195.0,893.4542439076587,1.497005988023952,329,332,5,0,327,329,38012,2,0,0,2,3
2020-09-02,US,Virginia,Wythe,165,3,0,36.91582035,-81.07834059,51197.0,575.2335796959977,1.818181818181818,162,164,3,0,161,160,28754,1,0,0,1,4
2020-09-02,US,Virginia,York,468,6,0,37.24374789,-76.54412815,51199.0,685.4130052724078,1.2820512820512822,462,467,6,0,461,461,67846,1,0,0,1,6
2020-09-02,US,Washington,Adams,641,8,0,46.98299757,-118.56017340000001,53001.0,3207.726567582445,1.24804992199688,633,635,7,0,628,634,19759,6,1,0,5,1
2020-09-02,US,Washington,Asotin,52,2,0,46.18894415,-117.2022851,53003.0,230.271897971836,3.8461538461538463,50,52,2,0,50,52,22610,0,0,0,0,0
2020-09-02,US,Washington,Benton,4182,122,0,46.23946995,-119.51208340000001,53005.0,2046.088360487304,2.917264466762315,4060,4168,122,0,4046,4159,201877,14,0,0,14,9
2020-09-02,US,Washington,Chelan,1730,12,0,47.87046092,-120.6173956,53007.0,2240.9326424870465,0.6936416184971098,1718,1726,12,0,1714,1734,77036,4,0,0,4,-8
2020-09-02,US,Washington,Clallam,211,1,0,48.04754642,-123.92263190000001,53009.0,272.85306022164457,0.4739336492890995,210,209,1,0,208,209,76737,2,0,0,2,0
2020-09-02,US,Washington,Clark,2223,56,0,45.77568046,-122.48292040000001,53011.0,455.30793194344596,2.5191183085919926,2167,2210,56,0,2154,2183,481857,13,0,0,13,27
2020-09-02,US,Washington,Columbia,14,1,0,46.29442881,-117.9051983,53013.0,351.3174404015057,7.142857142857142,13,13,1,0,12,13,4059,1,0,0,1,0
2020-09-02,US,Washington,Cowlitz,548,6,0,46.19074721,-122.6782231,53015.0,495.51056576817706,1.094890510948905,542,545,6,0,539,542,108987,3,0,0,3,3
2020-09-02,US,Washington,Douglas,1155,8,0,47.7361335,-119.69293700000001,53017.0,2659.513228487877,0.6926406926406926,1147,1155,8,0,1147,1154,42907,0,0,0,0,1
2020-09-02,US,Washington,Ferry,25,0,0,48.471143100000006,-118.5154041,53019.0,327.78287662252524,0.0,25,25,0,0,25,25,7649,0,0,0,0,0
2020-09-02,US,Washington,Franklin,3973,58,0,46.53351425,-118.9018212,53021.0,4172.355128016635,1.45985401459854,3915,3964,58,0,3906,3944,94347,9,0,0,9,20
2020-09-02,US,Washington,Garfield,4,0,0,46.43197502,-117.54540320000001,53023.0,179.77528089887642,0.0,4,4,0,0,4,4,2247,0,0,0,0,0
2020-09-02,US,Washington,Grant,2331,15,0,47.20753737,-119.4500749,53025.0,2385.0695261580013,0.6435006435006435,2316,2309,15,0,2294,2289,97331,22,0,0,22,20
2020-09-02,US,Washington,Grays Harbor,247,7,0,47.14003705,-123.7820567,53027.0,329.06569323616793,2.8340080971659916,240,243,6,0,237,242,73901,4,1,0,3,1
2020-09-02,US,Washington,Island,272,11,0,48.14713305,-122.5216407,53029.0,319.47005555490307,4.044117647058823,261,272,11,0,261,270,84460,0,0,0,0,2
2020-09-02,US,Washington,Jefferson,70,0,0,47.75003077,-123.56097040000002,53031.0,217.2496198131653,0.0,70,70,0,0,70,70,31729,0,0,0,0,0
2020-09-02,US,Washington,King,19797,731,0,47.49137892,-121.8346131,53033.0,878.7801038893242,3.692478658382583,19066,19698,728,0,18970,19643,2233163,99,3,0,96,55
2020-09-02,US,Washington,Kitsap,1017,9,0,47.63479026,-122.6436061,53035.0,374.6228906742107,0.8849557522123894,1008,1006,9,0,997,999,269805,11,0,0,11,7
2020-09-02,US,Washington,Kittitas,452,21,0,47.12521214,-120.67943899999999,53037.0,942.9435694169188,4.6460176991150455,431,452,21,0,431,451,47364,0,0,0,0,1
2020-09-02,US,Washington,Klickitat,177,3,0,45.87325839,-120.7913598,53039.0,789.2976588628762,1.6949152542372878,174,177,3,0,174,176,22107,0,0,0,0,1
2020-09-02,US,Washington,Lewis,348,4,0,46.57756476,-122.39257690000001,53041.0,431.1893639956881,1.1494252873563218,344,344,4,0,340,341,79604,4,0,0,4,3
2020-09-02,US,Washington,Lincoln,31,1,0,47.57705241,-118.41943880000001,53043.0,283.3897065545296,3.2258064516129035,30,31,1,0,30,31,10740,0,0,0,0,0
2020-09-02,US,Washington,Mason,322,1,0,47.35007586,-123.1863685,53045.0,482.2669542295711,0.3105590062111801,321,320,1,0,319,319,65507,2,0,0,2,1
2020-09-02,US,Washington,Okanogan,998,7,0,48.54855019,-119.73872240000001,53047.0,2362.521601212035,0.7014028056112225,991,997,7,0,990,996,42132,1,0,0,1,1
2020-09-02,US,Washington,Pacific,60,3,0,46.55418369,-123.7285716,53049.0,267.01081393796454,5.0,57,60,3,0,57,60,22036,0,0,0,0,0
2020-09-02,US,Washington,Pend Oreille,54,0,0,48.53234021,-117.2741804,53051.0,393.4712911687553,0.0,54,54,0,0,54,53,13602,0,0,0,0,1
2020-09-02,US,Washington,Pierce,6873,174,0,47.03892768,-122.14059579999999,53053.0,759.4642975535371,2.5316455696202533,6699,6830,173,0,6657,6794,891299,43,1,0,42,36
2020-09-02,US,Washington,San Juan,29,0,0,48.60182783,-122.96745,53055.0,164.94141735866228,0.0,29,29,0,0,29,29,17128,0,0,0,0,0
2020-09-02,US,Washington,Skagit,1026,22,0,48.48171488,-121.766131,53057.0,794.0869161410162,2.1442495126705654,1004,1022,22,0,1000,1020,128206,4,0,0,4,2
2020-09-02,US,Washington,Skamania,61,1,0,46.02408726,-121.91644029999999,53059.0,504.8415128693205,1.639344262295082,60,59,1,0,58,58,11924,2,0,0,2,1
2020-09-02,US,Washington,Snohomish,6248,207,0,48.04615983,-121.7170703,53061.0,760.0205818633885,3.3130601792573624,6041,6220,208,0,6012,6198,814901,28,-1,0,29,22
2020-09-02,US,Washington,Spokane,5395,138,0,47.62113146,-117.4046494,53063.0,1031.947329561322,2.557924003707136,5257,5344,136,0,5208,5307,514631,51,2,0,49,37
2020-09-02,US,Washington,Stevens,128,1,0,48.40035475,-117.8542701,53065.0,279.9466351726702,0.78125,127,126,1,0,125,126,45260,2,0,0,2,0
2020-09-02,US,Washington,Thurston,929,15,0,46.9291895,-122.82906559999999,53067.0,319.7538342924801,1.6146393972012918,914,928,15,0,913,925,286419,1,0,0,1,3
2020-09-02,US,Washington,Unassigned,285,4,0,0.0,0.0,90053.0,0.0,1.4035087719298245,281,273,5,0,268,268,,12,-1,0,13,5
2020-09-02,US,Washington,Wahkiakum,6,0,0,46.29180039999999,-123.4250831,53069.0,133.6898395721925,0.0,6,6,0,0,6,6,4426,0,0,0,0,0
2020-09-02,US,Washington,Walla Walla,774,5,0,46.23040051,-118.4775539,53071.0,1273.8643844634628,0.6459948320413437,769,766,5,0,761,763,60922,8,0,0,8,3
2020-09-02,US,Washington,Whatcom,1114,39,0,48.82227976,-121.74900179999999,53073.0,485.9387472900409,3.5008976660682225,1075,1106,39,0,1067,1102,225685,8,0,0,8,4
2020-09-02,US,Washington,Whitman,600,0,0,46.90022523,-117.52417630000001,53075.0,1197.5091809037206,0.0,600,528,0,0,528,498,49791,72,0,0,72,30
2020-09-02,US,Washington,Yakima,10975,242,0,46.45738486,-120.73801259999999,53077.0,4374.723465657922,2.20501138952164,10733,10963,244,0,10719,10948,251446,12,-2,0,14,15
2020-09-02,US,West Virginia,Barbour,34,1,0,39.1307219,-80.00350858,54001.0,206.80007298826104,2.9411764705882355,33,33,1,0,32,33,16535,1,0,0,1,0
2020-09-02,US,West Virginia,Berkeley,808,11,0,39.46704621,-78.02414609,54003.0,678.0173028673082,1.3613861386138617,797,804,11,0,793,801,117123,4,0,0,4,3
2020-09-02,US,West Virginia,Boone,143,0,0,38.01974191,-81.69888019,54005.0,666.4491774246168,0.0,143,143,0,0,143,139,21951,0,0,0,0,4
2020-09-02,US,West Virginia,Braxton,9,0,0,38.70036159,-80.72011184,54007.0,64.48377158415133,0.0,9,9,0,0,9,9,14089,0,0,0,0,0
2020-09-02,US,West Virginia,Brooke,95,2,0,40.27367263,-80.57915332,54009.0,433.01882492365195,2.1052631578947367,93,94,2,0,92,88,22203,1,0,0,1,6
2020-09-02,US,West Virginia,Cabell,555,8,0,38.42424062,-82.23855912,54011.0,603.6217303822938,1.4414414414414414,547,544,8,0,536,541,93224,11,0,0,11,3
2020-09-02,US,West Virginia,Calhoun,10,0,0,38.84315422,-81.11934872,54013.0,140.66676044450696,0.0,10,10,0,0,10,10,7254,0,0,0,0,0
2020-09-02,US,West Virginia,Clay,27,2,0,38.46231092,-81.07652217,54015.0,317.3483779971791,7.407407407407407,25,27,2,0,25,27,8632,0,0,0,0,0
2020-09-02,US,West Virginia,Doddridge,6,0,0,39.27057157,-80.70671527,54017.0,71.02272727272727,0.0,6,6,0,0,6,6,8406,0,0,0,0,0
2020-09-02,US,West Virginia,Fayette,365,10,0,38.02974928,-81.08286634,54019.0,860.727255577041,2.7397260273972597,355,360,10,0,350,292,43018,5,0,0,5,68
2020-09-02,US,West Virginia,Gilmer,19,0,0,38.9251277,-80.85952723,54021.0,242.87357791128724,0.0,19,19,0,0,19,18,8026,0,0,0,0,1
2020-09-02,US,West Virginia,Grant,141,6,0,39.10314817,-79.19440518,54023.0,1218.8796680497924,4.25531914893617,135,141,6,0,135,141,11626,0,0,0,0,0
2020-09-02,US,West Virginia,Greenbrier,105,3,0,37.9463652,-80.45335881,54025.0,302.925393803012,2.8571428571428568,102,105,3,0,102,105,34786,0,0,0,0,0
2020-09-02,US,West Virginia,Hampshire,92,1,0,39.32103553,-78.60826476,54027.0,396.97950377562034,1.0869565217391304,91,92,1,0,91,92,23347,0,0,0,0,0
2020-09-02,US,West Virginia,Hancock,122,0,0,40.51943859,-80.57461608,54029.0,423.46407497396734,0.0,122,122,0,0,122,122,29094,0,0,0,0,0
2020-09-02,US,West Virginia,Hardy,75,0,0,39.00683177,-78.85855301,54031.0,544.4250871080138,0.0,75,75,0,0,75,73,13775,0,0,0,0,2
2020-09-02,US,West Virginia,Harrison,272,2,0,39.2853852,-80.37919577,54033.0,404.42488402521707,0.7352941176470589,270,269,1,0,268,265,67554,3,1,0,2,4
2020-09-02,US,West Virginia,Jackson,205,20,0,38.84263974,-81.68148753,54035.0,717.3852183650616,9.75609756097561,185,205,19,0,186,202,28706,0,1,0,-1,3
2020-09-02,US,West Virginia,Jefferson,365,4,0,39.30776166,-77.86014147,54037.0,638.7148706821125,1.095890410958904,361,360,4,0,356,356,56811,5,0,0,5,4
2020-09-02,US,West Virginia,Kanawha,1515,36,0,38.33860077,-81.52857054,54039.0,850.5310907008601,2.376237623762376,1479,1491,34,0,1457,1417,180454,24,2,0,22,74
2020-09-02,US,West Virginia,Lewis,33,2,0,38.9947249,-80.49988181,54041.0,207.4558370528698,6.0606060606060606,31,32,2,0,30,32,16024,1,0,0,1,0
2020-09-02,US,West Virginia,Lincoln,123,1,0,38.172154,-82.07017953,54043.0,602.6752903130972,0.8130081300813008,122,119,1,0,118,115,20599,4,0,0,4,4
2020-09-02,US,West Virginia,Logan,501,30,0,37.8299889,-81.93528571,54045.0,1564.6959617726975,5.9880239520958085,471,493,29,0,464,484,32607,8,1,0,7,9
2020-09-02,US,West Virginia,Marion,220,2,0,39.50984542,-80.24244659,54049.0,392.3526893993437,0.9090909090909092,218,220,2,0,218,220,56097,0,0,0,0,0
2020-09-02,US,West Virginia,Marshall,133,1,0,39.86064362,-80.66591062,54051.0,435.622809603354,0.7518796992481203,132,133,1,0,132,133,30785,0,0,0,0,0
2020-09-02,US,West Virginia,Mason,109,1,0,38.77071799,-82.02524219,54053.0,411.07255996379547,0.9174311926605504,108,105,1,0,104,104,26718,4,0,0,4,1
2020-09-02,US,West Virginia,McDowell,71,1,0,37.38002939,-81.65083669,54047.0,402.8597367226509,1.4084507042253518,70,70,1,0,69,70,18223,1,0,0,1,0
2020-09-02,US,West Virginia,Mercer,318,23,0,37.40481169,-81.11023142,54055.0,541.2029000306342,7.232704402515722,295,311,23,0,288,310,59131,7,0,0,7,1
2020-09-02,US,West Virginia,Mineral,147,4,0,39.41561583,-78.94104895,54057.0,547.119249665029,2.7210884353741496,143,147,4,0,143,145,26940,0,0,0,0,2
2020-09-02,US,West Virginia,Mingo,250,7,0,37.73048351,-82.13338365,54059.0,1067.2814207650274,2.8,243,249,7,0,242,243,23785,1,0,0,1,6
2020-09-02,US,West Virginia,Monongalia,1209,5,0,39.63218457,-80.04766838,54061.0,1144.7562776957166,0.413564929693962,1204,1170,5,0,1165,1126,106420,39,0,0,39,44
2020-09-02,US,West Virginia,Monroe,126,5,0,37.56274716,-80.54577965,54063.0,949.1525423728813,3.968253968253968,121,124,5,0,119,123,13280,2,0,0,2,1
2020-09-02,US,West Virginia,Morgan,38,0,0,39.55439028,-78.26311676,54065.0,212.48042943413105,0.0,38,38,0,0,38,38,17787,0,0,0,0,0
2020-09-02,US,West Virginia,Nicholas,53,3,0,38.29617706,-80.79759588,54067.0,216.36185499673417,5.660377358490566,50,52,2,0,50,52,24842,1,1,0,0,0
2020-09-02,US,West Virginia,Ohio,293,6,0,40.0955451,-80.62203992,54069.0,707.5414744874548,2.04778156996587,287,293,5,0,288,293,41755,0,1,0,-1,0
2020-09-02,US,West Virginia,Pendleton,45,1,0,38.68314479,-79.35084086,54071.0,645.7167455876022,2.2222222222222223,44,45,1,0,44,44,6997,0,0,0,0,1
2020-09-02,US,West Virginia,Pleasants,15,2,0,39.37091679,-81.16771771,54073.0,201.07238605898124,13.333333333333336,13,15,2,0,13,15,7507,0,0,0,0,0
2020-09-02,US,West Virginia,Pocahontas,45,0,0,38.32758728,-80.00993811,54075.0,545.6529647144416,0.0,45,45,0,0,45,42,8414,0,0,0,0,3
2020-09-02,US,West Virginia,Preston,140,4,0,39.46770987,-79.66712803,54077.0,418.7604690117253,2.8571428571428568,136,140,4,0,136,140,33839,0,0,0,0,0
2020-09-02,US,West Virginia,Putnam,294,0,0,38.50782345,-81.9082131,54079.0,520.814880425155,0.0,294,286,0,0,286,283,56682,8,0,0,8,3
2020-09-02,US,West Virginia,Raleigh,372,4,0,37.76936795,-81.2456041,54081.0,507.0814192827252,1.075268817204301,368,366,4,0,362,363,74254,6,0,0,6,3
2020-09-02,US,West Virginia,Randolph,227,0,0,38.769899,-79.87919615,54083.0,791.0785851193589,0.0,227,226,0,0,226,224,28823,1,0,0,1,2
2020-09-02,US,West Virginia,Ritchie,5,0,0,39.18094587,-81.06356878,54085.0,52.33410090014655,0.0,5,5,0,0,5,5,9721,0,0,0,0,0
2020-09-02,US,West Virginia,Roane,33,1,0,38.71622686,-81.35243568,54087.0,241.08708357685563,3.0303030303030303,32,33,1,0,32,31,13932,0,0,0,0,2
2020-09-02,US,West Virginia,Summers,20,0,0,37.65390597,-80.86009693,54089.0,159.0710252127575,0.0,20,20,0,0,20,19,12760,0,0,0,0,1
2020-09-02,US,West Virginia,Taylor,106,6,0,39.33602617,-80.0421439,54091.0,634.9206349206347,5.660377358490566,100,106,4,0,102,105,16862,0,2,0,-2,1
2020-09-02,US,West Virginia,Tucker,11,0,0,39.11240885,-79.57053576,54093.0,160.84222839596433,0.0,11,11,0,0,11,11,6955,0,0,0,0,0
2020-09-02,US,West Virginia,Tyler,15,0,0,39.46811972,-80.88772676,54095.0,174.60132697008495,0.0,15,15,0,0,15,15,8746,0,0,0,0,0
2020-09-02,US,West Virginia,Upshur,45,0,0,38.89285061,-80.23689136,54097.0,186.13500992720054,0.0,45,43,0,0,43,43,24415,2,0,0,2,0
2020-09-02,US,West Virginia,Wayne,259,10,0,38.14901357,-82.42287994,54099.0,657.327039236587,3.8610038610038613,249,253,10,0,243,248,39944,6,0,0,6,5
2020-09-02,US,West Virginia,Webster,7,0,0,38.49370949,-80.4202023,54101.0,86.27064333251171,0.0,7,7,0,0,7,7,8285,0,0,0,0,0
2020-09-02,US,West Virginia,Wetzel,45,0,0,39.6065771,-80.64016540000001,54103.0,298.70560902754727,0.0,45,45,0,0,45,45,15270,0,0,0,0,0
2020-09-02,US,West Virginia,Wirt,9,0,0,39.02775007,-81.37473928,54105.0,154.6126095172651,0.0,9,9,0,0,9,9,5830,0,0,0,0,0
2020-09-02,US,West Virginia,Wood,310,5,0,39.20967886,-81.5162836,54107.0,371.1774707248737,1.6129032258064515,305,310,5,0,305,308,84203,0,0,0,0,2
2020-09-02,US,West Virginia,Wyoming,68,3,0,37.612327,-81.54511071,54109.0,333.43140139256644,4.411764705882354,65,68,3,0,65,67,20786,0,0,0,0,1
2020-09-02,US,Wisconsin,Adams,121,3,0,43.96974651,-89.76782777,55001.0,598.4174085064292,2.479338842975207,118,119,3,0,116,112,20348,2,0,0,2,7
2020-09-02,US,Wisconsin,Ashland,35,1,0,46.31956891,-90.67837132,55003.0,224.90682431564068,2.8571428571428568,34,36,1,0,35,34,15600,-1,0,0,-1,2
2020-09-02,US,Wisconsin,Barron,375,3,0,45.42372701,-91.84833627,55005.0,828.8391830961011,0.8,372,372,3,0,369,370,45164,3,0,0,3,2
2020-09-02,US,Wisconsin,Bayfield,47,1,0,46.52868768,-91.19716729,55007.0,312.58313381218414,2.127659574468085,46,46,1,0,45,45,15042,1,0,0,1,1
2020-09-02,US,Wisconsin,Brown,5508,58,0,44.452655299999996,-88.00411844,55009.0,2082.089044461749,1.0530137981118373,5450,5469,58,0,5411,5376,263378,39,0,0,39,93
2020-09-02,US,Wisconsin,Buffalo,69,2,0,44.37835084,-91.75332578,55011.0,529.5065612769549,2.898550724637681,67,67,2,0,65,64,13125,2,0,0,2,3
2020-09-02,US,Wisconsin,Burnett,43,2,0,45.86303537,-92.36711412,55013.0,278.96717270014267,4.651162790697675,41,40,2,0,38,40,15392,3,0,0,3,0
2020-09-02,US,Wisconsin,Calumet,520,2,0,44.0816316,-88.21780273,55015.0,1038.1520892810795,0.38461538461538464,518,513,2,0,511,502,50159,7,0,0,7,11
2020-09-02,US,Wisconsin,Chippewa,354,0,0,45.06939744,-91.28068855,55017.0,547.4960561724768,0.0,354,350,0,0,350,347,64135,4,0,0,4,3
2020-09-02,US,Wisconsin,Clark,247,8,0,44.73483377,-90.61207486,55019.0,710.3007994478633,3.238866396761133,239,246,8,0,238,241,34709,1,0,0,1,5
2020-09-02,US,Wisconsin,Columbia,366,2,0,43.46492199,-89.33589004,55021.0,636.1676979767783,0.5464480874316939,364,361,2,0,359,351,57358,5,0,0,5,10
2020-09-02,US,Wisconsin,Crawford,107,0,0,43.23870316,-90.93073686,55023.0,663.3190750728411,0.0,107,104,0,0,104,102,16291,3,0,0,3,2
2020-09-02,US,Wisconsin,Dane,5564,40,0,43.06601594,-89.41733797,55025.0,1017.7521287006468,0.7189072609633357,5524,5520,40,0,5480,5429,542364,44,0,0,44,91
2020-09-02,US,Wisconsin,Dodge,1200,5,0,43.41576662,-88.70928178,55027.0,1366.1357711267203,0.4166666666666667,1195,1188,5,0,1183,1162,87847,12,0,0,12,26
2020-09-02,US,Wisconsin,Door,134,3,0,44.95856458,-87.30002707,55029.0,484.3140089634235,2.238805970149253,131,134,3,0,131,128,27610,0,0,0,0,6
2020-09-02,US,Wisconsin,Douglas,258,0,0,46.43222285,-91.91595768,55031.0,597.9142526071843,0.0,258,257,0,0,257,252,43208,1,0,0,1,5
2020-09-02,US,Wisconsin,Dunn,179,0,0,44.94562799,-91.8962481,55033.0,394.5512255334156,0.0,179,179,0,0,179,175,45131,0,0,0,0,4
2020-09-02,US,Wisconsin,Eau Claire,838,6,0,44.726614,-91.28609183,55035.0,800.7950614452534,0.7159904534606205,832,825,6,0,819,801,104534,13,0,0,13,24
2020-09-02,US,Wisconsin,Florence,27,0,0,45.84963535,-88.39804137,55037.0,628.6379511059373,0.0,27,27,0,0,27,25,4321,0,0,0,0,2
2020-09-02,US,Wisconsin,Fond du Lac,1170,10,0,43.75354908,-88.48885325,55039.0,1131.4952177402974,0.8547008547008547,1160,1157,9,0,1148,1120,103066,13,1,0,12,37
2020-09-02,US,Wisconsin,Forest,81,4,0,45.66678019,-88.77084892,55041.0,899.6001776988005,4.938271604938271,77,78,4,0,74,78,8991,3,0,0,3,0
2020-09-02,US,Wisconsin,Grant,435,18,0,42.8671731,-90.7063218,55043.0,845.6618519022531,4.137931034482759,417,434,17,0,417,434,51554,1,1,0,0,0
2020-09-02,US,Wisconsin,Green,269,1,0,42.6794956,-89.60243287,55045.0,727.8138528138527,0.3717472118959108,268,270,1,0,269,270,36929,-1,0,0,-1,0
2020-09-02,US,Wisconsin,Green Lake,94,0,0,43.80025981,-89.04679553,55047.0,497.01263681065933,0.0,94,94,0,0,94,92,18918,0,0,0,0,2
2020-09-02,US,Wisconsin,Iowa,122,0,0,43.00050278,-90.13469017,55049.0,515.2462201199427,0.0,122,121,0,0,121,121,23771,1,0,0,1,0
2020-09-02,US,Wisconsin,Iron,126,1,0,46.26302338,-90.24295041,55051.0,2215.579391594865,0.7936507936507936,125,123,1,0,122,122,5676,3,0,0,3,1
2020-09-02,US,Wisconsin,Jackson,76,1,0,44.31864893,-90.80566792,55053.0,368.16354212081575,1.3157894736842106,75,76,1,0,75,76,20478,0,0,0,0,0
2020-09-02,US,Wisconsin,Jefferson,932,6,0,43.02054068,-88.77529134,55055.0,1099.458528471493,0.6437768240343348,926,923,6,0,917,902,85129,9,0,0,9,21
2020-09-02,US,Wisconsin,Juneau,240,1,0,43.92456975,-90.11120239,55057.0,899.314272866939,0.4166666666666667,239,238,1,0,237,199,26617,2,0,0,2,39
2020-09-02,US,Wisconsin,Kenosha,2991,64,0,42.57639354,-88.04051686,55059.0,1763.9669499472166,2.139752591106653,2927,2979,63,0,2916,2967,169290,12,1,0,11,12
2020-09-02,US,Wisconsin,Kewaunee,191,2,0,44.51727459,-87.61468386,55061.0,934.7166487227173,1.0471204188481675,189,188,2,0,186,181,20383,3,0,0,3,7
2020-09-02,US,Wisconsin,La Crosse,1208,2,0,43.90632465,-91.11451093,55063.0,1023.590021691974,0.16556291390728478,1206,1202,1,0,1201,1182,118230,6,1,0,5,20
2020-09-02,US,Wisconsin,Lafayette,185,0,0,42.66005229,-90.1317729,55065.0,1110.1110111011099,0.0,185,185,0,0,185,185,16665,0,0,0,0,0
2020-09-02,US,Wisconsin,Langlade,84,2,0,45.26271619,-89.07483625,55067.0,437.75079472614516,2.380952380952381,82,84,2,0,82,83,19268,0,0,0,0,1
2020-09-02,US,Wisconsin,Lincoln,85,1,0,45.33737523,-89.73411273,55069.0,308.04914289856123,1.1764705882352942,84,84,1,0,83,83,27689,1,0,0,1,1
2020-09-02,US,Wisconsin,Manitowoc,541,2,0,44.11946801,-87.80928853,55071.0,684.9748673731657,0.3696857670979667,539,535,2,0,533,518,79074,6,0,0,6,17
2020-09-02,US,Wisconsin,Marathon,788,14,0,44.89792533,-89.75863384,55073.0,580.7269404239012,1.7766497461928934,774,784,14,0,770,778,135428,4,0,0,4,6
2020-09-02,US,Wisconsin,Marinette,618,6,0,45.38553432,-88.03324599999998,55075.0,1531.5985130111526,0.9708737864077671,612,614,6,0,608,610,40434,4,0,0,4,4
2020-09-02,US,Wisconsin,Marquette,91,1,0,43.81911946,-89.40073763,55077.0,584.3071786310517,1.0989010989010992,90,90,1,0,89,91,15434,1,0,0,1,-1
2020-09-02,US,Wisconsin,Menominee,29,0,0,45.00422544,-88.70950714,55078.0,636.523266022827,0.0,29,29,0,0,29,29,4658,0,0,0,0,0
2020-09-02,US,Wisconsin,Milwaukee,24263,494,0,43.00486062,-87.96733172,55079.0,2565.5422395070027,2.0360219263899766,23769,24189,493,0,23696,24079,948201,74,1,0,73,110
2020-09-02,US,Wisconsin,Monroe,290,2,0,43.94641218,-90.61881899999999,55081.0,626.9863576416665,0.6896551724137931,288,286,2,0,284,282,46051,4,0,0,4,4
2020-09-02,US,Wisconsin,Oconto,436,2,0,45.02715345,-88.26807503,55083.0,1149.4858950698656,0.4587155963302753,434,430,2,0,428,429,37830,6,0,0,6,1
2020-09-02,US,Wisconsin,Oneida,218,0,0,45.70677897,-89.51944105,55085.0,612.4455681977806,0.0,218,216,0,0,216,212,35470,2,0,0,2,4
2020-09-02,US,Wisconsin,Outagamie,1974,20,0,44.41578887,-88.46565023,55087.0,1050.642680362988,1.0131712259371837,1954,1940,19,0,1921,1866,187365,34,1,0,33,74
2020-09-02,US,Wisconsin,Ozaukee,935,18,0,43.38352225,-87.94625009,55089.0,1047.959561089878,1.925133689839572,917,926,18,0,908,909,89147,9,0,0,9,17
2020-09-02,US,Wisconsin,Pepin,48,0,0,44.58307413,-91.99949611,55091.0,658.7072869493619,0.0,48,47,0,0,47,46,7289,1,0,0,1,1
2020-09-02,US,Wisconsin,Pierce,294,6,0,44.71850291,-92.4224416,55093.0,687.6549562614024,2.0408163265306123,288,293,5,0,288,291,42555,1,1,0,0,2
2020-09-02,US,Wisconsin,Polk,176,2,0,45.46130348,-92.44182875,55095.0,401.98250462508275,1.1363636363636365,174,171,2,0,169,171,43598,5,0,0,5,0
2020-09-02,US,Wisconsin,Portage,652,1,0,44.47558711,-89.50152965,55097.0,921.2682981970273,0.15337423312883436,651,633,1,0,632,603,70942,19,0,0,19,30
2020-09-02,US,Wisconsin,Price,36,0,0,45.68051754,-90.36098879999999,55099.0,269.64272339150625,0.0,36,36,0,0,36,36,13397,0,0,0,0,0
2020-09-02,US,Wisconsin,Racine,4049,91,0,42.74753117,-88.05941254,55101.0,2062.5436170158573,2.2474685107433934,3958,4026,90,0,3936,4006,196584,23,1,0,22,20
2020-09-02,US,Wisconsin,Richland,51,4,0,43.3762778,-90.43012729,55103.0,295.6178993739856,7.84313725490196,47,51,4,0,47,49,17377,0,0,0,0,2
2020-09-02,US,Wisconsin,Rock,1718,26,0,42.67151616,-89.07147900000002,55105.0,1051.7036619856262,1.5133876600698486,1692,1704,26,0,1678,1686,163129,14,0,0,14,18
2020-09-02,US,Wisconsin,Rusk,25,1,0,45.47498854,-91.1333012,55107.0,176.32952461560163,4.0,24,24,1,0,23,24,14147,1,0,0,1,0
2020-09-02,US,Wisconsin,Sauk,654,3,0,43.42574087,-89.94966132,55111.0,1014.8660811272152,0.4587155963302753,651,650,3,0,647,644,64249,4,0,0,4,6
2020-09-02,US,Wisconsin,Sawyer,162,0,0,45.87931905,-91.14504927,55113.0,978.3790312839716,0.0,162,162,0,0,162,160,16489,0,0,0,0,2
2020-09-02,US,Wisconsin,Shawano,287,0,0,44.78902246,-88.76443896,55115.0,701.7286486222157,0.0,287,279,0,0,279,271,40796,8,0,0,8,8
2020-09-02,US,Wisconsin,Sheboygan,1091,9,0,43.72099677,-87.94579284,55117.0,945.8990809779782,0.8249312557286893,1082,1069,9,0,1060,1037,115456,22,0,0,22,32
2020-09-02,US,Wisconsin,St. Croix,646,7,0,45.03437474,-92.45000068,55109.0,712.3402472239682,1.08359133126935,639,645,7,0,638,637,89694,1,0,0,1,8
2020-09-02,US,Wisconsin,Taylor,113,3,0,45.21179252,-90.5004405,55119.0,555.4736272919432,2.6548672566371683,110,112,3,0,109,104,20412,1,0,0,1,8
2020-09-02,US,Wisconsin,Trempealeau,426,2,0,44.30360275,-91.35893614,55121.0,1436.8106850146717,0.4694835680751174,424,421,2,0,419,411,29442,5,0,0,5,10
2020-09-02,US,Wisconsin,Vernon,105,0,0,43.59422667,-90.8324691,55123.0,340.6657582246447,0.0,105,103,0,0,103,107,30785,2,0,0,2,-4
2020-09-02,US,Wisconsin,Vilas,114,0,0,46.05467334,-89.51719204,55125.0,513.6291957648118,0.0,114,111,0,0,111,105,21938,3,0,0,3,6
2020-09-02,US,Wisconsin,Walworth,1726,31,0,42.66858202,-88.54163073,55127.0,1661.7244964762967,1.7960602549246814,1695,1712,28,0,1684,1703,103718,14,3,0,11,9
2020-09-02,US,Wisconsin,Washburn,69,0,0,45.89838588,-91.79050449,55129.0,438.9312977099237,0.0,69,69,0,0,69,65,15878,0,0,0,0,4
2020-09-02,US,Wisconsin,Washington,1669,29,0,43.36863664,-88.22974712,55131.0,1226.8991575635505,1.737567405632115,1640,1656,29,0,1627,1622,135693,13,0,0,13,34
2020-09-02,US,Wisconsin,Waukesha,5650,75,0,43.01833055,-88.30431188,55133.0,1397.8297764956778,1.327433628318584,5575,5607,75,0,5532,5568,403072,43,0,0,43,39
2020-09-02,US,Wisconsin,Waupaca,690,18,0,44.47068056,-88.96534501,55135.0,1353.2065110806038,2.608695652173913,672,684,17,0,667,663,51128,6,1,0,5,21
2020-09-02,US,Wisconsin,Waushara,167,2,0,44.11324419,-89.24317107,55137.0,683.2221904021601,1.1976047904191616,165,164,2,0,162,154,24263,3,0,0,3,10
2020-09-02,US,Wisconsin,Winnebago,1569,21,0,44.06886922,-88.64477096,55139.0,912.7027986062233,1.338432122370937,1548,1555,21,0,1534,1528,171020,14,0,0,14,27
2020-09-02,US,Wisconsin,Wood,478,3,0,44.45537896,-90.04158336,55141.0,654.8034904587734,0.6276150627615062,475,472,3,0,469,458,73055,6,0,0,6,14
2020-09-02,US,Wyoming,Albany,148,0,0,41.65498705,-105.72354150000001,56001.0,380.65843621399176,0.0,148,141,0,0,141,134,38601,7,0,0,7,7
2020-09-02,US,Wyoming,Big Horn,46,1,0,44.52405055,-107.9960365,56003.0,390.16115351993216,2.1739130434782608,45,44,0,0,44,43,11881,2,1,0,1,1
2020-09-02,US,Wyoming,Campbell,200,1,0,44.24886082,-105.54744040000001,56005.0,431.58326320105306,0.5,199,196,0,0,196,193,46140,4,1,0,3,3
2020-09-02,US,Wyoming,Carbon,191,2,0,41.69357844,-106.9326084,56007.0,1290.5405405405404,1.0471204188481675,189,191,0,0,191,191,14971,0,2,0,-2,0
2020-09-02,US,Wyoming,Converse,45,0,0,42.97272268,-105.5081848,56009.0,325.56793517580667,0.0,45,31,0,0,31,31,13640,14,0,0,14,0
2020-09-02,US,Wyoming,Crook,14,0,0,44.58855102,-104.56977049999999,56011.0,184.59915611814347,0.0,14,14,0,0,14,14,7450,0,0,0,0,0
2020-09-02,US,Wyoming,Fremont,610,14,0,43.04183996,-108.6296893,56013.0,1553.704694225822,2.295081967213114,596,606,0,0,606,606,39531,4,14,0,-10,0
2020-09-02,US,Wyoming,Goshen,61,1,0,42.08798185,-104.3534743,56015.0,461.7364317614109,1.639344262295082,60,61,0,0,61,61,13376,0,1,0,-1,0
2020-09-02,US,Wyoming,Hot Springs,30,0,0,43.71930657,-108.44231740000001,56017.0,679.8096532970767,0.0,30,29,0,0,29,29,4555,1,0,0,1,0
2020-09-02,US,Wyoming,Johnson,27,1,0,44.04057166,-106.58451740000001,56019.0,319.7158081705151,3.703703703703704,26,27,1,0,26,27,8460,0,0,0,0,0
2020-09-02,US,Wyoming,Laramie,577,4,0,41.30702520000001,-104.6887497,56021.0,579.8994974874373,0.6932409012131716,573,572,0,0,572,570,98976,5,4,0,1,2
2020-09-02,US,Wyoming,Lincoln,114,1,0,42.26376367,-110.6563997,56023.0,574.8865355521938,0.8771929824561403,113,114,0,0,114,112,19434,0,1,0,-1,2
2020-09-02,US,Wyoming,Natrona,298,1,0,42.96180148,-106.79788500000001,56025.0,373.16236319467055,0.3355704697986577,297,248,0,0,248,246,79115,50,1,0,49,2
2020-09-02,US,Wyoming,Niobrara,3,0,0,43.05607708,-104.47588959999999,56027.0,127.33446519524618,0.0,3,3,0,0,3,3,2388,0,0,0,0,0
2020-09-02,US,Wyoming,Park,170,1,0,44.52157546,-109.58528249999999,56029.0,582.3114338562717,0.5882352941176471,169,167,0,0,167,164,29324,3,1,0,2,3
2020-09-02,US,Wyoming,Platte,7,1,0,42.13299116,-104.96633100000001,56031.0,83.40283569641367,14.285714285714285,6,7,0,0,7,7,8566,0,1,0,-1,0
2020-09-02,US,Wyoming,Sheridan,154,1,0,44.79048913,-106.8862389,56033.0,505.1664753157289,0.6493506493506493,153,150,0,0,150,149,30233,4,1,0,3,1
2020-09-02,US,Wyoming,Sublette,48,1,0,42.76558279,-109.91309220000001,56035.0,488.2514494964907,2.083333333333333,47,48,0,0,48,48,9813,0,1,0,-1,0
2020-09-02,US,Wyoming,Sweetwater,304,2,0,41.65943896,-108.8827882,56037.0,717.9462957277472,0.6578947368421053,302,302,0,0,302,302,43051,2,2,0,0,0
2020-09-02,US,Wyoming,Teton,433,1,0,43.93522482,-110.5890801,56039.0,1845.380156836004,0.2309468822170901,432,430,0,0,430,430,23081,3,1,0,2,0
2020-09-02,US,Wyoming,Uinta,303,2,0,41.2878183,-110.54757820000002,56041.0,1498.0717887867102,0.6600660066006601,301,301,0,0,301,298,20299,2,2,0,0,3
2020-09-02,US,Wyoming,Washakie,109,6,0,43.90451606,-107.68018700000002,56043.0,1396.5406790518896,5.504587155963303,103,108,0,0,108,108,7885,1,6,0,-5,0
2020-09-02,US,Wyoming,Weston,19,0,0,43.83961191,-104.56748809999999,56045.0,274.289014003176,0.0,19,11,0,0,11,11,6967,8,0,0,8,0
