Date,Country/Region,Province/State,Admin2,Confirmed,Deaths,Recovered,Latitude,Longitude,FIPS,Incidence_Rate,Case-Fatality_Ratio,Active Cases,Previous Confirmed,Previous Deaths,Previous Recovered,Previous Active,Prev2 Confirmed,Population,Daily Confirmed,Daily Deaths,Daily Recovered,Daily Active,Previous Daily Confirmed
2020-10-24,US,Alabama,Autauga,2048,31,0,32.53952745,-86.64408227,1001.0,3665.718018937157,1.513671875,2017,2030,30,0,2000,2023,55601,18,1,0,17,7
2020-10-24,US,Alabama,Baldwin,6637,69,0,30.72774991,-87.72207058,1003.0,2973.1134146232203,1.0396263372005423,6568,6615,69,0,6546,6475,218022,22,0,0,22,140
2020-10-24,US,Alabama,Barbour,1031,9,0,31.868263,-85.3871286,1005.0,4176.45629101515,0.8729388942774006,1022,1012,9,0,1003,997,24881,19,0,0,19,15
2020-10-24,US,Alabama,Bibb,828,14,0,32.99642064,-87.12511459999996,1007.0,3697.418951504867,1.6908212560386473,814,825,14,0,811,811,22400,3,0,0,3,14
2020-10-24,US,Alabama,Blount,1925,25,0,33.98210918,-86.56790593,1009.0,3328.952374364473,1.2987012987012987,1900,1911,25,0,1886,1893,57840,14,0,0,14,18
2020-10-24,US,Alabama,Bullock,648,17,0,32.10030533,-85.71265535,1011.0,6415.206415206415,2.623456790123457,631,639,17,0,622,637,10138,9,0,0,9,2
2020-10-24,US,Alabama,Butler,1007,40,0,31.75300095,-86.68057478,1013.0,5177.910324969149,3.97219463753724,967,1002,40,0,962,1001,19680,5,0,0,5,1
2020-10-24,US,Alabama,Calhoun,4567,61,0,33.77483727,-85.82630386,1015.0,4020.0695391928166,1.3356689292752353,4506,4224,61,0,4163,4189,114277,343,0,0,343,35
2020-10-24,US,Alabama,Chambers,1350,44,0,32.91360079,-85.39072749,1017.0,4059.661995549408,3.2592592592592586,1306,1343,43,0,1300,1336,33615,7,1,0,6,7
2020-10-24,US,Alabama,Cherokee,733,14,0,34.17805983,-85.60638968,1019.0,2798.1371201710185,1.9099590723055933,719,731,14,0,717,726,26032,2,0,0,2,5
2020-10-24,US,Alabama,Chilton,1869,32,0,32.85044126,-86.7173256,1021.0,4206.806518411812,1.7121455323702517,1837,1858,32,0,1826,1841,44153,11,0,0,11,17
2020-10-24,US,Alabama,Choctaw,390,12,0,32.02227341,-88.26564429999998,1023.0,3097.942648343793,3.0769230769230766,378,390,12,0,378,388,12841,0,0,0,0,2
2020-10-24,US,Alabama,Clarke,1343,17,0,31.68099859,-87.83548597,1025.0,5685.378037422742,1.2658227848101269,1326,1336,17,0,1319,1300,23920,7,0,0,7,36
2020-10-24,US,Alabama,Clay,741,12,0,33.26984193,-85.85836077,1027.0,5598.791084246316,1.6194331983805668,729,736,12,0,724,729,13275,5,0,0,5,7
2020-10-24,US,Alabama,Cleburne,556,8,0,33.67679204,-85.52005899,1029.0,3729.0409121395037,1.4388489208633093,548,551,8,0,543,543,14987,5,0,0,5,8
2020-10-24,US,Alabama,Coffee,1763,11,0,31.39932826,-85.98901039,1031.0,3368.232012532956,0.6239364719228587,1752,1732,11,0,1721,1717,51909,31,0,0,31,15
2020-10-24,US,Alabama,Colbert,2005,32,0,34.69847452,-87.80168544,1033.0,3629.550515016021,1.5960099750623442,1973,1987,31,0,1956,1967,54762,18,1,0,17,20
2020-10-24,US,Alabama,Conecuh,561,13,0,31.43401703,-86.99320044,1035.0,4649.042844120329,2.3172905525846703,548,560,13,0,547,557,12277,1,0,0,1,3
2020-10-24,US,Alabama,Coosa,203,3,0,32.93690146,-86.24847739,1037.0,1903.779424177061,1.477832512315271,200,203,3,0,200,202,10715,0,0,0,0,1
2020-10-24,US,Alabama,Covington,1740,29,0,31.247785399999998,-86.45050893,1039.0,4696.48303597938,1.6666666666666667,1711,1714,29,0,1685,1699,36986,26,0,0,26,15
2020-10-24,US,Alabama,Crenshaw,606,30,0,31.72941803,-86.31593104,1041.0,4400.232355503921,4.950495049504951,576,603,30,0,573,602,13824,3,0,0,3,1
2020-10-24,US,Alabama,Cullman,2440,24,0,34.13020303,-86.86888037,1043.0,2912.806799732595,0.9836065573770492,2416,2399,25,0,2374,2357,83442,41,-1,0,42,42
2020-10-24,US,Alabama,Dale,1751,51,0,31.43037123,-85.61095742,1045.0,3560.969657528675,2.9126213592233015,1700,1665,51,0,1614,1654,48956,86,0,0,86,11
2020-10-24,US,Alabama,Dallas,1865,27,0,32.32688101,-87.10866709999998,1047.0,5013.979997849231,1.4477211796246652,1838,1863,27,0,1836,1862,38310,2,0,0,2,1
2020-10-24,US,Alabama,DeKalb,3388,29,0,34.45946862,-85.80782906,1049.0,4737.6001566148825,0.8559622195985832,3359,3360,29,0,3331,3302,71385,28,0,0,28,58
2020-10-24,US,Alabama,Elmore,3200,53,0,32.59785413,-86.14415284,1051.0,3940.449950128681,1.65625,3147,3173,53,0,3120,3148,81887,27,0,0,27,25
2020-10-24,US,Alabama,Escambia,1725,30,0,31.1256789,-87.15918694,1053.0,4708.869052493653,1.7391304347826086,1695,1722,30,0,1692,1719,36748,3,0,0,3,3
2020-10-24,US,Alabama,Etowah,4265,51,0,34.04567266,-86.04051873,1055.0,4170.41498807056,1.1957796014067996,4214,4214,50,0,4164,4187,102501,51,1,0,50,27
2020-10-24,US,Alabama,Fayette,574,13,0,33.72076938,-87.73886638,1057.0,3521.040363145626,2.264808362369338,561,569,13,0,556,561,16433,5,0,0,5,8
2020-10-24,US,Alabama,Franklin,2052,31,0,34.44235334,-87.84289505,1059.0,6542.950066960016,1.510721247563353,2021,2032,31,0,2001,2021,31363,20,0,0,20,11
2020-10-24,US,Alabama,Geneva,900,7,0,31.09389027,-85.83572839,1061.0,3425.8307639602613,0.7777777777777778,893,861,7,0,854,852,26314,39,0,0,39,9
2020-10-24,US,Alabama,Greene,342,16,0,32.85504247,-87.95684022,1063.0,4216.496116385156,4.678362573099415,326,342,16,0,326,342,8233,0,0,0,0,0
2020-10-24,US,Alabama,Hale,767,30,0,32.76039258,-87.63284988,1065.0,5235.137533274179,3.9113428943937416,737,758,30,0,728,749,14726,9,0,0,9,9
2020-10-24,US,Alabama,Henry,708,6,0,31.51148016,-85.24267944,1067.0,4115.082824760244,0.8474576271186439,702,643,6,0,637,639,17209,65,0,0,65,4
2020-10-24,US,Alabama,Houston,4148,34,0,31.15197924,-85.29939599,1069.0,3917.5686141176025,0.819672131147541,4114,3717,34,0,3683,3692,104722,431,0,0,431,25
2020-10-24,US,Alabama,Jackson,2149,15,0,34.78144169,-85.99750489,1071.0,4162.631232324798,0.6979990693345742,2134,2125,15,0,2110,2100,51736,24,0,0,24,25
2020-10-24,US,Alabama,Jefferson,23129,377,0,33.55554728,-86.89506300000002,1073.0,3511.98728159217,1.6299883263435513,22752,22988,375,0,22613,22861,659300,141,2,0,139,127
2020-10-24,US,Alabama,Lamar,490,5,0,33.77995024,-88.09668032,1075.0,3549.438609199565,1.020408163265306,485,474,5,0,469,466,13844,16,0,0,16,8
2020-10-24,US,Alabama,Lauderdale,2262,42,0,34.90171875,-87.65624729,1077.0,2439.366325529231,1.856763925729443,2220,2180,42,0,2138,2148,92387,82,0,0,82,32
2020-10-24,US,Alabama,Lawrence,850,32,0,34.52041498,-87.31069453,1079.0,2581.7033167294376,3.7647058823529416,818,837,32,0,805,821,32957,13,0,0,13,16
2020-10-24,US,Alabama,Lee,6534,65,0,32.60154883,-85.35132246,1081.0,3971.022596054503,0.994796449341904,6469,6517,65,0,6452,6496,163941,17,0,0,17,21
2020-10-24,US,Alabama,Limestone,2842,30,0,34.81185586,-86.98310072,1083.0,2873.1739372188244,1.0555946516537649,2812,2797,30,0,2767,2765,96174,45,0,0,45,32
2020-10-24,US,Alabama,Lowndes,709,28,0,32.1597283,-86.65158371,1085.0,7289.738844334773,3.9492242595204514,681,704,28,0,676,703,9974,5,0,0,5,1
2020-10-24,US,Alabama,Macon,534,20,0,32.38759944,-85.69267724,1087.0,2955.5014390081915,3.7453183520599245,514,530,20,0,510,529,18439,4,0,0,4,1
2020-10-24,US,Alabama,Madison,9280,96,0,34.76327133,-86.55069633,1089.0,2488.54278121472,1.0344827586206895,9184,9228,94,0,9134,9150,366519,52,2,0,50,78
2020-10-24,US,Alabama,Marengo,1008,22,0,32.24767634,-87.78796182,1091.0,5343.794730424641,2.1825396825396823,986,1002,22,0,980,992,19066,6,0,0,6,10
2020-10-24,US,Alabama,Marion,1076,29,0,34.13697363,-87.88704173,1093.0,3621.798108317345,2.6951672862453533,1047,1071,29,0,1042,1062,29763,5,0,0,5,9
2020-10-24,US,Alabama,Marshall,4381,50,0,34.36975964,-86.30486727,1095.0,4527.042387418108,1.1412919424788859,4331,4372,49,0,4323,4330,96109,9,1,0,8,42
2020-10-24,US,Alabama,Mobile,16849,315,0,30.78472347,-88.20842409,1097.0,4077.58766728782,1.8695471541337765,16534,16788,315,0,16473,14468,413757,61,0,0,61,2320
2020-10-24,US,Alabama,Monroe,646,10,0,31.56729412,-87.36995001,1099.0,3115.8057203492017,1.547987616099071,636,645,10,0,635,640,21067,1,0,0,1,5
2020-10-24,US,Alabama,Montgomery,10197,197,0,32.2206831,-86.20969272,1101.0,4502.265040664765,1.9319407668922235,10000,9978,197,0,9781,9875,225763,219,0,0,219,103
2020-10-24,US,Alabama,Morgan,4120,35,0,34.45500589,-86.85475946,1103.0,3442.542133540554,0.8495145631067961,4085,4071,35,0,4036,4036,119089,49,0,0,49,35
2020-10-24,US,Alabama,Perry,589,6,0,32.64048341,-87.29770589,1105.0,6600.918973439426,1.0186757215619695,583,585,6,0,579,583,9140,4,0,0,4,2
2020-10-24,US,Alabama,Pickens,847,18,0,33.28094866,-88.08818103,1107.0,4249.8745609633725,2.125147579693034,829,836,18,0,818,824,19938,11,0,0,11,12
2020-10-24,US,Alabama,Pike,1335,13,0,31.80396383,-85.9408295,1109.0,4031.527450625113,0.9737827715355806,1322,1327,13,0,1314,1323,33338,8,0,0,8,4
2020-10-24,US,Alabama,Randolph,823,16,0,33.29526734,-85.45708831,1111.0,3622.040313352698,1.9441069258809236,807,820,16,0,804,812,22725,3,0,0,3,8
2020-10-24,US,Alabama,Russell,1944,3,0,32.28725256,-85.18415324,1113.0,3353.9793999413396,0.15432098765432098,1941,1928,3,0,1925,1923,57781,16,0,0,16,5
2020-10-24,US,Alabama,Shelby,7338,63,0,33.26879845,-86.66232561,1117.0,3370.662648942132,0.8585445625511039,7275,7274,63,0,7211,7204,215707,64,0,0,64,70
2020-10-24,US,Alabama,St. Clair,2925,42,0,33.71902176,-86.31029372,1115.0,3267.7182947537763,1.4358974358974361,2883,2891,42,0,2849,2871,88690,34,0,0,34,20
2020-10-24,US,Alabama,Sumter,472,21,0,32.59117397,-88.19916205,1119.0,3798.181379254848,4.4491525423728815,451,472,21,0,451,470,12691,0,0,0,0,2
2020-10-24,US,Alabama,Talladega,2653,35,0,33.37823223,-86.16886178,1121.0,3317.162219610393,1.3192612137203166,2618,2636,35,0,2601,2610,79828,17,0,0,17,26
2020-10-24,US,Alabama,Tallapoosa,1317,87,0,32.86698258,-85.79833053,1123.0,3262.5659573413927,6.605922551252848,1230,1313,87,0,1226,1305,40497,4,0,0,4,8
2020-10-24,US,Alabama,Tuscaloosa,10296,140,0,33.28726072,-87.52556818,1125.0,4917.962312817941,1.3597513597513595,10156,10235,140,0,10095,10148,208911,61,0,0,61,87
2020-10-24,US,Alabama,Walker,2772,92,0,33.80270512,-87.30027177,1127.0,4363.911147494528,3.3189033189033186,2680,2755,93,0,2662,2722,63711,17,-1,0,18,33
2020-10-24,US,Alabama,Washington,744,12,0,31.4092794,-88.20689944,1129.0,4557.148107313487,1.6129032258064515,732,734,12,0,722,634,16378,10,0,0,10,100
2020-10-24,US,Alabama,Wilcox,567,12,0,31.98773215,-87.30891118,1131.0,5466.1139496770475,2.1164021164021163,555,564,12,0,552,562,10627,3,0,0,3,2
2020-10-24,US,Alabama,Winston,922,13,0,34.15030532,-87.37325922,1133.0,3901.984849126074,1.4099783080260304,909,919,13,0,906,913,23660,3,0,0,3,6
2020-10-24,US,Alaska,Aleutians East,6,0,0,55.32222414,-161.9722021,2013.0,179.80221756068326,0.0,6,5,0,0,5,5,3515,1,0,0,1,0
2020-10-24,US,Alaska,Aleutians West,5,0,0,52.3233,-174.1596,2016.0,88.74689385871494,0.0,5,6,0,0,6,6,5723,-1,0,0,-1,0
2020-10-24,US,Alaska,Anchorage,6851,42,0,61.14998174,-149.14269860000005,2020.0,2378.819444444445,0.6130491898992848,6809,6666,42,0,6624,6510,291538,185,0,0,185,156
2020-10-24,US,Alaska,Bethel,362,1,0,60.90980451,-159.8561831,2050.0,1968.889372348526,0.27624309392265195,361,328,1,0,327,309,18216,34,0,0,34,19
2020-10-24,US,Alaska,Bristol Bay plus Lake and Peninsula,37,0,0,58.62403337,-156.21405890000003,2164.0,920.3980099502487,0.0,37,37,0,0,37,37,,0,0,0,0,0
2020-10-24,US,Alaska,Denali,21,0,0,63.67264044,-150.0076108,2068.0,1001.4306151645208,0.0,21,20,0,0,20,20,2059,1,0,0,1,0
2020-10-24,US,Alaska,Dillingham,24,0,0,59.79603738,-158.23819419999995,2070.0,488.2017900732303,0.0,24,24,0,0,24,24,5000,0,0,0,0,0
2020-10-24,US,Alaska,Fairbanks North Star,1887,13,0,64.80726247,-146.5692662,2090.0,1948.3938915218537,0.6889242183359828,1874,1859,13,0,1846,1837,98971,28,0,0,28,22
2020-10-24,US,Alaska,Haines,6,0,0,59.09893571,-135.4679843,2100.0,237.15415019762847,0.0,6,5,0,0,5,5,2474,1,0,0,1,0
2020-10-24,US,Alaska,Juneau,391,3,0,58.45031811,-134.200436,2110.0,1222.8685807218365,0.7672634271099744,388,385,3,0,382,378,32113,6,0,0,6,7
2020-10-24,US,Alaska,Kenai Peninsula,656,3,0,60.24429722,-151.53888840000005,2122.0,1117.394562921578,0.4573170731707317,653,637,3,0,634,623,58533,19,0,0,19,14
2020-10-24,US,Alaska,Ketchikan Gateway,59,0,0,55.57445008,-130.975561,2130.0,424.4298971297029,0.0,59,59,0,0,59,59,13918,0,0,0,0,0
2020-10-24,US,Alaska,Kodiak Island,50,0,0,57.65529415,-153.7493579,2150.0,384.67456531774116,0.0,50,50,0,0,50,49,13345,0,0,0,0,1
2020-10-24,US,Alaska,Kusilvak,164,0,0,62.15429159999999,-163.39678830000003,2158.0,1972.5763771950928,0.0,164,108,0,0,108,97,8303,56,0,0,56,11
2020-10-24,US,Alaska,Matanuska-Susitna,989,2,0,62.31305045,-149.5741743,2170.0,913.0607383882492,0.20222446916076844,987,955,2,0,953,922,107610,34,0,0,34,33
2020-10-24,US,Alaska,Nome,122,0,0,64.90320724,-164.0353804,2180.0,1219.5121951219512,0.0,122,121,0,0,121,120,10008,1,0,0,1,1
2020-10-24,US,Alaska,North Slope,228,0,0,69.31479216,-153.4836093,2185.0,2318.958502847844,0.0,228,227,0,0,227,217,9872,1,0,0,1,10
2020-10-24,US,Alaska,Northwest Arctic,214,0,0,67.04919196,-159.7503946,2188.0,2808.0304421991864,0.0,214,210,0,0,210,207,7671,4,0,0,4,3
2020-10-24,US,Alaska,Petersburg,11,1,0,57.13978948,-132.9540995,2195.0,336.80342927127987,9.090909090909092,10,11,1,0,10,11,3221,0,0,0,0,0
2020-10-24,US,Alaska,Prince of Wales-Hyder,33,0,0,55.76261984,-133.0511621,2198.0,532.0006448492667,0.0,33,33,0,0,33,33,6422,0,0,0,0,0
2020-10-24,US,Alaska,Sitka,56,0,0,57.24124555,-135.3206587,2220.0,659.3665371482398,0.0,56,56,0,0,56,56,8647,0,0,0,0,0
2020-10-24,US,Alaska,Skagway,6,0,0,59.56149996,-135.33377480000001,2230.0,507.18512256973776,0.0,6,5,0,0,5,5,1148,1,0,0,1,0
2020-10-24,US,Alaska,Southeast Fairbanks,51,0,0,63.87692095,-143.2127643,2240.0,739.8810387349484,0.0,51,51,0,0,51,51,6918,0,0,0,0,0
2020-10-24,US,Alaska,Unassigned,3,0,0,0.0,0.0,90002.0,0.0,0.0,3,3,0,0,3,3,,0,0,0,0,0
2020-10-24,US,Alaska,Valdez-Cordova,107,1,0,61.47502768,-144.7126799,2261.0,1162.7906976744189,0.9345794392523364,106,106,1,0,105,106,9164,1,0,0,1,0
2020-10-24,US,Alaska,Wrangell,13,0,0,56.3202004,-132.05837309999998,2275.0,519.5843325339728,0.0,13,13,0,0,13,13,2503,0,0,0,0,0
2020-10-24,US,Alaska,Yakutat,29,0,0,59.890980799999994,-140.36014509999998,2282.0,5008.635578583765,0.0,29,29,0,0,29,29,604,0,0,0,0,0
2020-10-24,US,Alaska,Yukon-Koyukuk,104,2,0,65.50815459,-151.39073869999999,2290.0,1988.527724665392,1.9230769230769231,102,104,2,0,102,103,5327,0,0,0,0,1
2020-10-24,US,Arizona,Apache,3854,168,0,35.39465006,-109.4892383,4001.0,5361.191870574652,4.359107420861442,3686,3826,168,0,3658,3825,71818,28,0,0,28,1
2020-10-24,US,Arizona,Cochise,2105,73,0,31.87934684,-109.7516088,4003.0,1671.6697638220487,3.4679334916864617,2032,2098,73,0,2025,2093,126770,7,0,0,7,5
2020-10-24,US,Arizona,Coconino,4991,147,0,35.83883429,-111.77071780000001,4005.0,3478.630572360534,2.945301542776998,4844,4925,147,0,4778,4888,142854,66,0,0,66,37
2020-10-24,US,Arizona,Gila,1841,69,0,33.80190085,-110.8132779,4007.0,3408.1232181865307,3.747963063552417,1772,1830,70,0,1760,1812,53889,11,-1,0,12,18
2020-10-24,US,Arizona,Graham,1110,28,0,32.93166885,-109.8882178,4009.0,2858.0992352653398,2.5225225225225225,1082,1105,27,0,1078,1083,38072,5,1,0,4,22
2020-10-24,US,Arizona,Greenlee,100,1,0,33.21498827,-109.2405279,4011.0,1052.853232259423,1.0,99,100,1,0,99,84,9483,0,0,0,0,16
2020-10-24,US,Arizona,La Paz,611,17,0,33.72854224,-113.98100290000001,4012.0,2894.6371044153875,2.782324058919804,594,611,16,0,595,610,21098,0,1,0,-1,1
2020-10-24,US,Arizona,Maricopa,153177,3538,0,33.34835867,-112.49181540000001,4013.0,3415.0024947529932,2.309746241276432,149639,152695,3536,0,149159,152101,4410824,482,2,0,480,594
2020-10-24,US,Arizona,Mohave,4266,230,0,35.70471703,-113.7577902,4015.0,2010.5475985125906,5.391467416783873,4036,4244,230,0,4014,4234,209550,22,0,0,22,10
2020-10-24,US,Arizona,Navajo,6264,238,0,35.3997715,-110.3218983,4017.0,5647.109732790021,3.7994891443167305,6026,6238,238,0,6000,6218,110445,26,0,0,26,20
2020-10-24,US,Arizona,Pima,27417,636,0,32.0971334,-111.7890033,4019.0,2617.9270280412384,2.3197286355181093,26781,27297,635,0,26662,27208,1039073,120,1,0,119,89
2020-10-24,US,Arizona,Pinal,11689,217,0,32.90525627,-111.3449483,4021.0,2525.7730844942294,1.8564462314997008,11472,11638,217,0,11421,11583,447138,51,0,0,51,55
2020-10-24,US,Arizona,Santa Cruz,2972,65,0,31.52508998,-110.8479088,4023.0,6391.672760118715,2.1870794078061917,2907,2968,65,0,2903,2967,46511,4,0,0,4,1
2020-10-24,US,Arizona,Unassigned,1,1,0,0.0,0.0,90004.0,0.0,100.0,0,1,1,0,0,0,,0,0,0,0,1
2020-10-24,US,Arizona,Yavapai,2874,87,0,34.59933926,-112.5538588,4025.0,1222.4637280464826,3.0271398747390394,2787,2864,87,0,2777,2841,231993,10,0,0,10,23
2020-10-24,US,Arizona,Yuma,13500,354,0,32.76895712,-113.90666740000002,4027.0,6314.6964034295825,2.6222222222222222,13146,13442,354,0,13088,13359,212128,58,0,0,58,83
2020-10-24,US,Arkansas,Arkansas,655,15,0,34.29145151,-91.37277296,5001.0,3745.853825917877,2.2900763358778624,640,649,13,0,636,634,17769,6,2,0,4,15
2020-10-24,US,Arkansas,Ashley,531,11,0,33.19153461,-91.76984709999999,5003.0,2701.3277712774075,2.071563088512241,520,523,11,0,512,515,20046,8,0,0,8,8
2020-10-24,US,Arkansas,Baxter,643,9,0,36.28784385,-92.33782872,5005.0,1533.4350853763235,1.3996889580093312,634,619,9,0,610,599,41619,24,0,0,24,20
2020-10-24,US,Arkansas,Benton,8033,116,0,36.33644656,-94.25680817,5007.0,2877.757119162001,1.444043321299639,7917,7926,114,0,7812,7851,272608,107,2,0,105,75
2020-10-24,US,Arkansas,Boone,1020,30,0,36.3084504,-93.09374925,5009.0,2724.941226757854,2.9411764705882355,990,997,30,0,967,979,37480,23,0,0,23,18
2020-10-24,US,Arkansas,Bradley,369,8,0,33.46755808,-92.15980837,5011.0,3428.412152745517,2.168021680216802,361,367,8,0,359,365,10897,2,0,0,2,2
2020-10-24,US,Arkansas,Calhoun,48,0,0,33.55598792,-92.49974403,5013.0,925.0337251878976,0.0,48,48,0,0,48,47,5277,0,0,0,0,1
2020-10-24,US,Arkansas,Carroll,984,13,0,36.34038560000001,-93.54270261,5015.0,3467.23044397463,1.3211382113821135,971,977,13,0,964,970,28223,7,0,0,7,7
2020-10-24,US,Arkansas,Chicot,1049,22,0,33.26458973,-91.29539209,5017.0,10367.661593200235,2.0972354623450906,1027,1043,22,0,1021,1041,10438,6,0,0,6,2
2020-10-24,US,Arkansas,Clark,491,5,0,34.04613432,-93.17484713,5019.0,2199.820788530466,1.0183299389002036,486,484,4,0,480,480,22061,7,1,0,6,4
2020-10-24,US,Arkansas,Clay,471,12,0,36.36826212,-90.4148172,5021.0,3236.890935330905,2.5477707006369426,459,460,12,0,448,452,14847,11,0,0,11,8
2020-10-24,US,Arkansas,Cleburne,454,15,0,35.53864922,-92.02640019,5023.0,1821.902965608572,3.3039647577092515,439,448,15,0,433,442,24965,6,0,0,6,6
2020-10-24,US,Arkansas,Cleveland,226,13,0,33.89723187,-92.18537045,5025.0,2840.623428858723,5.7522123893805315,213,226,13,0,213,213,8018,0,0,0,0,13
2020-10-24,US,Arkansas,Columbia,687,19,0,33.21230701,-93.22642793,5027.0,2928.763268960225,2.7656477438136826,668,677,19,0,658,667,23537,10,0,0,10,10
2020-10-24,US,Arkansas,Conway,341,3,0,35.26205537,-92.70506566,5029.0,1635.8054302983785,0.8797653958944281,338,341,3,0,338,338,20891,0,0,0,0,3
2020-10-24,US,Arkansas,Craighead,4372,39,0,35.83018283,-90.63235729,5031.0,3962.5856505818797,0.8920402561756633,4333,4321,38,0,4283,4249,108558,51,1,0,50,72
2020-10-24,US,Arkansas,Crawford,1996,24,0,35.58928601,-94.2446814,5033.0,3155.3820130578442,1.2024048096192386,1972,1980,25,0,1955,1936,63406,16,-1,0,17,44
2020-10-24,US,Arkansas,Crittenden,2336,51,0,35.21247318,-90.30839406,5035.0,4871.23344802419,2.183219178082192,2285,2302,51,0,2251,2261,48342,34,0,0,34,41
2020-10-24,US,Arkansas,Cross,569,22,0,35.29631396,-90.77185818,5037.0,3465.497289725319,3.866432337434095,547,562,22,0,540,557,16676,7,0,0,7,5
2020-10-24,US,Arkansas,Dallas,179,5,0,33.97042763,-92.65167437,5039.0,2553.859323726637,2.793296089385475,174,179,5,0,174,178,7182,0,0,0,0,1
2020-10-24,US,Arkansas,Desha,398,7,0,33.83011025,-91.25500948,5041.0,3503.2127453569233,1.7587939698492463,391,389,7,0,382,386,11512,9,0,0,9,3
2020-10-24,US,Arkansas,Drew,426,7,0,33.59035001,-91.71777921,5043.0,2338.218343487568,1.6431924882629108,419,420,7,0,413,417,18328,6,0,0,6,3
2020-10-24,US,Arkansas,Faulkner,3296,31,0,35.14719007,-92.33717519,5045.0,2615.72769766759,0.9405339805825242,3265,3246,30,0,3216,3216,124806,50,1,0,49,30
2020-10-24,US,Arkansas,Franklin,516,2,0,35.51202821,-93.89299569,5047.0,2912.7857747671464,0.3875968992248062,514,503,2,0,501,485,17810,13,0,0,13,18
2020-10-24,US,Arkansas,Fulton,312,9,0,36.38177105,-91.81729127,5049.0,2500.601106035105,2.8846153846153846,303,304,9,0,295,299,12269,8,0,0,8,5
2020-10-24,US,Arkansas,Garland,2428,62,0,34.57692074,-93.14921604,5051.0,2443.0000201235584,2.5535420098846786,2366,2401,62,0,2339,2340,99154,27,0,0,27,61
2020-10-24,US,Arkansas,Grant,356,4,0,34.29017991,-92.42320562,5053.0,1949.0829455242267,1.1235955056179776,352,352,4,0,348,349,18188,4,0,0,4,3
2020-10-24,US,Arkansas,Greene,1423,16,0,36.11735460000001,-90.55832668,5055.0,3139.5477109762824,1.1243851018973998,1407,1385,16,0,1369,1331,45325,38,0,0,38,54
2020-10-24,US,Arkansas,Hempstead,540,5,0,33.73325583,-93.66935133,5057.0,2507.8952257105702,0.925925925925926,535,530,5,0,525,526,21741,10,0,0,10,4
2020-10-24,US,Arkansas,Hot Spring,2188,34,0,34.31709259,-92.95396325,5059.0,6478.931627727932,1.553930530164534,2154,2176,33,0,2143,2160,33701,12,1,0,11,16
2020-10-24,US,Arkansas,Howard,568,14,0,34.09007427,-93.9934871,5061.0,4302.378427510983,2.4647887323943656,554,564,14,0,550,556,13341,4,0,0,4,8
2020-10-24,US,Arkansas,Independence,1446,45,0,35.74242707,-91.57001641,5063.0,3822.8684732319894,3.1120331950207474,1401,1440,44,0,1396,1427,37678,6,1,0,5,13
2020-10-24,US,Arkansas,Izard,553,2,0,36.09604046,-91.90847954,5065.0,4057.5243965074483,0.3616636528028933,551,552,1,0,551,550,13593,1,1,0,0,2
2020-10-24,US,Arkansas,Jackson,692,6,0,35.59802983,-91.21494602,5067.0,4139.003528919194,0.8670520231213873,686,667,6,0,661,658,16811,25,0,0,25,9
2020-10-24,US,Arkansas,Jefferson,4121,102,0,34.26767081,-91.92619839,5069.0,6166.946007422483,2.475127396263043,4019,4090,102,0,3988,4064,68114,31,0,0,31,26
2020-10-24,US,Arkansas,Johnson,1004,7,0,35.56759135,-93.46036368,5071.0,3777.560388291068,0.6972111553784861,997,992,7,0,985,976,26742,12,0,0,12,16
2020-10-24,US,Arkansas,Lafayette,167,3,0,33.24116713,-93.60677071,5073.0,2521.135265700483,1.7964071856287425,164,163,3,0,160,159,6682,4,0,0,4,4
2020-10-24,US,Arkansas,Lawrence,795,17,0,36.04188196,-91.10867198,5075.0,4845.788126295258,2.1383647798742142,778,782,17,0,765,766,16434,13,0,0,13,16
2020-10-24,US,Arkansas,Lee,1107,18,0,34.78498904,-90.78383866,5077.0,12498.588686914305,1.6260162601626016,1089,1105,18,0,1087,1102,8985,2,0,0,2,3
2020-10-24,US,Arkansas,Lincoln,2304,17,0,33.95317155,-91.74002806,5079.0,17690.41769041769,0.7378472222222222,2287,2300,17,0,2283,2290,13383,4,0,0,4,10
2020-10-24,US,Arkansas,Little River,446,38,0,33.70375665,-94.23468591,5081.0,3638.143404845421,8.52017937219731,408,436,38,0,398,432,12326,10,0,0,10,4
2020-10-24,US,Arkansas,Logan,584,3,0,35.21413234,-93.71951016,5083.0,2720.581384515047,0.5136986301369864,581,578,3,0,575,567,21737,6,0,0,6,11
2020-10-24,US,Arkansas,Lonoke,1686,25,0,34.75392199,-91.88742357,5085.0,2299.854042477731,1.482799525504152,1661,1642,25,0,1617,1622,73657,44,0,0,44,20
2020-10-24,US,Arkansas,Madison,425,6,0,36.01038185,-93.72524943,5087.0,2563.9478764478768,1.4117647058823528,419,421,6,0,415,418,16481,4,0,0,4,3
2020-10-24,US,Arkansas,Marion,147,2,0,36.26844485,-92.68451899,5089.0,880.5558883431172,1.3605442176870748,145,143,2,0,141,141,16722,4,0,0,4,2
2020-10-24,US,Arkansas,Miller,1372,15,0,33.31403423,-93.89285258,5091.0,3171.7409898975893,1.0932944606413997,1357,1332,15,0,1317,1271,43592,40,0,0,40,61
2020-10-24,US,Arkansas,Mississippi,2204,68,0,35.76271485,-90.05194370000002,5093.0,5421.760842291703,3.0852994555353903,2136,2174,66,0,2108,2144,41239,30,2,0,28,30
2020-10-24,US,Arkansas,Monroe,210,1,0,34.6815935,-91.20540287,5095.0,3133.860617818237,0.4761904761904762,209,206,1,0,205,206,6900,4,0,0,4,0
2020-10-24,US,Arkansas,Montgomery,182,8,0,34.53704874,-93.65824478,5097.0,2025.3728021366571,4.395604395604397,174,182,8,0,174,181,8924,0,0,0,0,1
2020-10-24,US,Arkansas,Nevada,292,14,0,33.66340119,-93.30632432,5099.0,3538.536112457586,4.794520547945205,278,290,14,0,276,286,8326,2,0,0,2,4
2020-10-24,US,Arkansas,Newton,299,20,0,35.91947491,-93.21612969,5101.0,3856.5716496839927,6.68896321070234,279,293,20,0,273,292,7805,6,0,0,6,1
2020-10-24,US,Arkansas,Ouachita,370,9,0,33.58839816,-92.87795984,5103.0,1582.41382259858,2.4324324324324325,361,359,9,0,350,351,23606,11,0,0,11,8
2020-10-24,US,Arkansas,Perry,136,0,0,34.945915299999996,-92.94372564,5105.0,1300.8130081300812,0.0,136,135,0,0,135,132,10352,1,0,0,1,3
2020-10-24,US,Arkansas,Phillips,726,16,0,34.43268455,-90.84800154,5107.0,4082.780339669328,2.203856749311295,710,718,16,0,702,710,18029,8,0,0,8,8
2020-10-24,US,Arkansas,Pike,262,1,0,34.16250414,-93.65789349,5109.0,2444.4859115506624,0.3816793893129771,261,262,1,0,261,260,10673,0,0,0,0,2
2020-10-24,US,Arkansas,Poinsett,1017,18,0,35.57433534,-90.66268713,5111.0,4322.509350561034,1.7699115044247788,999,996,18,0,978,983,23974,21,0,0,21,13
2020-10-24,US,Arkansas,Polk,350,5,0,34.48254879,-94.22728802,5113.0,1753.155680224404,1.4285714285714286,345,346,5,0,341,342,20049,4,0,0,4,4
2020-10-24,US,Arkansas,Pope,2694,37,0,35.44871474,-93.03212219,5115.0,4204.644774628543,1.3734224201930216,2657,2660,37,0,2623,2645,64000,34,0,0,34,15
2020-10-24,US,Arkansas,Prairie,204,4,0,34.83624419,-91.55162157,5117.0,2530.389481518234,1.96078431372549,200,202,4,0,198,200,8074,2,0,0,2,2
2020-10-24,US,Arkansas,Pulaski,11721,204,0,34.77054088,-92.31355101,5119.0,2990.7300381974487,1.7404658305605325,11517,11601,201,0,11400,11485,392680,120,3,0,117,116
2020-10-24,US,Arkansas,Randolph,637,24,0,36.3415714,-91.02455531,5121.0,3547.1656086423877,3.767660910518053,613,626,24,0,602,621,17948,11,0,0,11,5
2020-10-24,US,Arkansas,Saline,2770,29,0,34.64916145,-92.67583224,5125.0,2262.388003626355,1.0469314079422385,2741,2741,29,0,2712,2693,121421,29,0,0,29,48
2020-10-24,US,Arkansas,Scott,208,1,0,34.85588887,-94.0632176,5127.0,2023.1494990759647,0.4807692307692308,207,197,1,0,196,185,10319,11,0,0,11,12
2020-10-24,US,Arkansas,Searcy,197,1,0,35.9109364,-92.69936482,5129.0,2499.6827813729224,0.5076142131979695,196,196,1,0,195,183,7958,1,0,0,1,13
2020-10-24,US,Arkansas,Sebastian,4753,89,0,35.19605503,-94.27162713,5131.0,3718.3067739992334,1.872501577950768,4664,4704,90,0,4614,4666,127753,49,-1,0,50,38
2020-10-24,US,Arkansas,Sevier,1327,16,0,33.99780401,-94.2424869,5133.0,7802.669489033927,1.205727204220045,1311,1311,16,0,1295,1301,17139,16,0,0,16,10
2020-10-24,US,Arkansas,Sharp,340,10,0,36.16258158,-91.47819342,5135.0,1949.317738791423,2.9411764705882355,330,333,10,0,323,324,17366,7,0,0,7,9
2020-10-24,US,Arkansas,St. Francis,1692,10,0,35.02201976,-90.74828138,5123.0,6769.624709930385,0.5910165484633569,1682,1682,10,0,1672,1678,25439,10,0,0,10,4
2020-10-24,US,Arkansas,Stone,396,21,0,35.86251946,-92.15684085,5137.0,3166.4800895570124,5.303030303030303,375,394,21,0,373,392,12457,2,0,0,2,2
2020-10-24,US,Arkansas,Unassigned,2071,0,0,0.0,0.0,90005.0,0.0,0.0,2071,2142,0,0,2142,2060,,-71,0,0,-71,82
2020-10-24,US,Arkansas,Union,1116,49,0,33.16887091,-92.59746952,5139.0,2885.06281991624,4.39068100358423,1067,1107,49,0,1058,1100,39126,9,0,0,9,7
2020-10-24,US,Arkansas,Van Buren,205,3,0,35.58095779,-92.51295036,5141.0,1239.04502870958,1.4634146341463414,202,205,3,0,202,204,16603,0,0,0,0,1
2020-10-24,US,Arkansas,Washington,11298,147,0,35.976844,-94.21800746,5143.0,4723.5008591604055,1.3011152416356877,11151,11188,146,0,11042,11099,236961,110,1,0,109,89
2020-10-24,US,Arkansas,White,1438,32,0,35.25688493,-91.74908296,5145.0,1825.9621855675337,2.2253129346314324,1406,1407,32,0,1375,1362,78727,31,0,0,31,45
2020-10-24,US,Arkansas,Woodruff,112,0,0,35.18902527,-91.2439489,5147.0,1772.1518987341772,0.0,112,103,0,0,103,101,6490,9,0,0,9,2
2020-10-24,US,Arkansas,Yell,1337,31,0,35.00292371,-93.41171338,5149.0,6264.936038611124,2.318623784592371,1306,1333,30,0,1303,1330,21535,4,1,0,3,3
2020-10-24,US,California,Alameda,23215,460,0,37.64629437,-121.8929271,6001.0,1389.0143711980106,1.9814774930002157,22755,23133,456,0,22677,23001,1666753,82,4,0,78,132
2020-10-24,US,California,Alpine,3,0,0,38.59678594,-119.82235940000001,6003.0,265.72187776793623,0.0,3,3,0,0,3,3,1101,0,0,0,0,0
2020-10-24,US,California,Amador,324,16,0,38.44583082,-120.65696000000001,6005.0,815.0533306500299,4.938271604938271,308,317,16,0,301,313,39383,7,0,0,7,4
2020-10-24,US,California,Butte,3059,52,0,39.66727762,-121.6005252,6007.0,1395.61833328771,1.6999019287348809,3007,3046,52,0,2994,3041,231256,13,0,0,13,5
2020-10-24,US,California,Calaveras,342,18,0,38.20537103,-120.55291299999999,6009.0,745.0168826925171,5.2631578947368425,324,339,17,0,322,339,45602,3,1,0,2,0
2020-10-24,US,California,Colusa,550,6,0,39.17881957,-122.2331726,6011.0,2552.5595210470137,1.0909090909090908,544,549,6,0,543,549,21627,1,0,0,1,0
2020-10-24,US,California,Contra Costa,18523,241,0,37.91923498,-121.9289527,6013.0,1605.7722149305694,1.30108513739675,18282,18413,240,0,18173,18342,1150215,110,1,0,109,71
2020-10-24,US,California,Del Norte,178,1,0,41.74228275,-123.89740630000001,6015.0,640.0115058248239,0.5617977528089888,177,178,1,0,177,175,27828,0,0,0,0,3
2020-10-24,US,California,El Dorado,1315,4,0,38.77965956,-120.5233166,6017.0,681.9018579881042,0.3041825095057034,1311,1308,4,0,1304,1306,190678,7,0,0,7,2
2020-10-24,US,California,Fresno,30590,436,0,36.75733899,-119.6466953,6019.0,3061.752515511445,1.4253023864007843,30154,30471,436,0,30035,30328,994400,119,0,0,119,143
2020-10-24,US,California,Glenn,657,3,0,39.59875897,-122.3938452,6021.0,2313.9506216320924,0.45662100456620996,654,652,3,0,649,649,28047,5,0,0,5,3
2020-10-24,US,California,Humboldt,562,9,0,40.69923009,-123.876044,6023.0,414.5826878531699,1.6014234875444842,553,561,9,0,552,561,136373,1,0,0,1,0
2020-10-24,US,California,Imperial,12700,336,0,33.0393082,-115.36690420000001,6025.0,7008.249868940209,2.645669291338583,12364,12700,336,0,12364,12668,181827,0,0,0,0,32
2020-10-24,US,California,Inyo,227,15,0,36.51112084,-117.41119779999998,6027.0,1258.3846111203504,6.607929515418503,212,227,15,0,212,220,17987,0,0,0,0,7
2020-10-24,US,California,Kern,33775,416,0,35.34329425,-118.72777959999999,6029.0,3751.935676659239,1.231680236861584,33359,33669,416,0,33253,33630,896764,106,0,0,106,39
2020-10-24,US,California,Kings,8218,83,0,36.07409056,-119.8159973,6031.0,5373.349025761737,1.00997809686055,8135,8201,83,0,8118,8186,151366,17,0,0,17,15
2020-10-24,US,California,Lake,689,15,0,39.10124298,-122.75362439999999,6033.0,1070.1084086602677,2.177068214804064,674,679,15,0,664,678,64382,10,0,0,10,1
2020-10-24,US,California,Lassen,766,1,0,40.67311306,-120.59350990000002,6035.0,2505.4786903476925,0.13054830287206268,765,764,1,0,763,764,30802,2,0,0,2,0
2020-10-24,US,California,Los Angeles,298937,6989,0,34.30828379,-118.22824109999999,6037.0,2977.7250108002645,2.3379508056881546,291948,296821,6974,0,289847,294065,10105518,2116,15,0,2101,2756
2020-10-24,US,California,Madera,4981,74,0,37.21513971,-119.76655890000002,6039.0,3166.0172761191657,1.485645452720337,4907,4981,74,0,4907,4945,157672,0,0,0,0,36
2020-10-24,US,California,Marin,7057,128,0,38.07122463,-122.72106310000001,6041.0,2726.542155733968,1.813801898823863,6929,7045,128,0,6917,7038,259666,12,0,0,12,7
2020-10-24,US,California,Mariposa,78,2,0,37.57978556,-119.9073334,6043.0,453.4092890774865,2.5641025641025643,76,78,2,0,76,78,17471,0,0,0,0,0
2020-10-24,US,California,Mendocino,1124,21,0,39.4381191,-123.39113130000001,6045.0,1295.6921693621828,1.8683274021352316,1103,1121,21,0,1100,1118,87606,3,0,0,3,3
2020-10-24,US,California,Merced,9465,155,0,37.18922369,-120.72090349999999,6047.0,3408.5998271391527,1.6376122556788166,9310,9439,154,0,9285,9415,274765,26,1,0,25,24
2020-10-24,US,California,Modoc,29,0,0,41.58965602,-120.7244817,6049.0,328.01719262526865,0.0,29,29,0,0,29,28,8777,0,0,0,0,1
2020-10-24,US,California,Mono,178,2,0,37.93899289,-118.8872409,6051.0,1232.3456106341735,1.1235955056179776,176,176,2,0,174,176,14250,2,0,0,2,0
2020-10-24,US,California,Monterey,11321,89,0,36.21862405,-121.24133970000001,6053.0,2608.158761095791,0.7861496334246091,11232,11284,87,0,11197,11225,435594,37,2,0,35,59
2020-10-24,US,California,Napa,1942,15,0,38.50735751,-122.33283899999999,6055.0,1409.8617725635966,0.7723995880535529,1927,1928,15,0,1913,1918,139417,14,0,0,14,10
2020-10-24,US,California,Nevada,608,8,0,39.30394768,-120.76272809999999,6057.0,609.4932584832842,1.3157894736842106,600,603,8,0,595,601,99696,5,0,0,5,2
2020-10-24,US,California,Orange,58326,1444,0,33.70147516,-117.76459979999998,6059.0,1836.6390695319321,2.475739807290059,56882,58010,1440,0,56570,57848,3185968,316,4,0,312,162
2020-10-24,US,California,Placer,4088,57,0,39.06167234,-120.72405690000001,6061.0,1026.2873152594966,1.3943248532289627,4031,4088,57,0,4031,4052,393149,0,0,0,0,36
2020-10-24,US,California,Plumas,68,0,0,40.00355989,-120.8395236,6063.0,361.5675014622215,0.0,68,63,0,0,63,63,18804,5,0,0,5,0
2020-10-24,US,California,Riverside,65757,1279,0,33.74314981,-115.9933578,6065.0,2661.638358484319,1.9450400717794305,64478,65757,1279,0,64478,65386,2450758,0,0,0,0,371
2020-10-24,US,California,Sacramento,25264,484,0,38.45106826,-121.34253740000001,6067.0,1627.7742197778693,1.9157694743508549,24780,25094,482,0,24612,24957,1540975,170,2,0,168,137
2020-10-24,US,California,San Benito,1436,15,0,36.60308176,-121.069975,6069.0,2286.332951216405,1.0445682451253482,1421,1432,15,0,1417,1419,61537,4,0,0,4,13
2020-10-24,US,California,San Bernardino,62353,1072,0,34.84060306,-116.1774685,6071.0,2860.11783944204,1.7192436610908857,61281,61726,1070,0,60656,61550,2171603,627,2,0,625,176
2020-10-24,US,California,San Diego,54314,868,0,33.03484597,-116.73653259999999,6073.0,1626.9811552482834,1.5981146665684722,53446,53928,867,0,53061,53498,3343364,386,1,0,385,430
2020-10-24,US,California,San Francisco,12069,140,0,37.75215114,-122.43856720000001,6075.0,1369.0674029464046,1.1599966857237551,11929,12032,140,0,11892,12000,883305,37,0,0,37,32
2020-10-24,US,California,San Joaquin,21630,489,0,37.93433732,-121.2730061,6077.0,2838.031458456888,2.260748959778086,21141,21528,488,0,21040,21473,752660,102,1,0,101,55
2020-10-24,US,California,San Luis Obispo,4141,32,0,35.38822029,-120.4039028,6079.0,1462.6771831543106,0.7727602028495533,4109,4121,32,0,4089,4092,284010,20,0,0,20,29
2020-10-24,US,California,San Mateo,11075,159,0,37.422880799999994,-122.32755459999998,6081.0,1444.7417271414465,1.4356659142212191,10916,11002,159,0,10843,10961,769545,73,0,0,73,41
2020-10-24,US,California,Santa Barbara,9760,120,0,34.65329488,-120.0188492,6083.0,2185.8951531806338,1.2295081967213115,9640,9715,120,0,9595,9688,446527,45,0,0,45,27
2020-10-24,US,California,Santa Clara,24014,388,0,37.23104908,-121.6970462,6085.0,1245.635038374315,1.615724160906138,23626,23881,388,0,23493,23679,1937570,133,0,0,133,202
2020-10-24,US,California,Santa Cruz,2771,25,0,37.05580291,-122.0066524,6087.0,1014.2269950551404,0.9022013713460844,2746,2753,25,0,2728,2744,274255,18,0,0,18,9
2020-10-24,US,California,Shasta,1846,30,0,40.76391419,-122.0396884,6089.0,1025.0999555753,1.6251354279523291,1816,1839,30,0,1809,1839,180040,7,0,0,7,0
2020-10-24,US,California,Sierra,6,0,0,39.57713498,-120.52007009999998,6091.0,199.6672212978369,0.0,6,6,0,0,6,6,2987,0,0,0,0,0
2020-10-24,US,California,Siskiyou,193,0,0,41.59198861,-122.54074340000001,6093.0,443.28073681067553,0.0,193,188,0,0,188,187,43724,5,0,0,5,1
2020-10-24,US,California,Solano,7286,74,0,38.26827353,-121.9357113,6095.0,1627.63630839754,1.0156464452374416,7212,7286,74,0,7212,7249,446610,0,0,0,0,37
2020-10-24,US,California,Sonoma,9163,134,0,38.52746429,-122.88625060000001,6097.0,1853.597553081305,1.4624031430754119,9029,9163,134,0,9029,9099,499942,0,0,0,0,64
2020-10-24,US,California,Stanislaus,17572,396,0,37.55862499,-120.9970722,6099.0,3191.079795154905,2.2535852492601864,17176,17509,396,0,17113,17455,549815,63,0,0,63,54
2020-10-24,US,California,Sutter,1837,12,0,39.03417539,-121.6945899,6101.0,1894.3807942580768,0.65323897659227,1825,1837,12,0,1825,1830,96807,0,0,0,0,7
2020-10-24,US,California,Tehama,862,8,0,40.12570935,-122.23701709999999,6103.0,1324.4422592342205,0.9280742459396752,854,852,8,0,844,824,63916,10,0,0,10,28
2020-10-24,US,California,Trinity,26,0,0,40.64917670000001,-123.114713,6105.0,211.64021164021165,0.0,26,26,0,0,26,25,12535,0,0,0,0,1
2020-10-24,US,California,Tulare,17495,286,0,36.22026558,-118.8020203,6107.0,3752.7215006595948,1.6347527865104317,17209,17425,284,0,17141,17365,465861,70,2,0,68,60
2020-10-24,US,California,Tuolumne,268,4,0,38.02644018,-119.95250929999999,6109.0,491.94170123719664,1.492537313432836,264,262,4,0,258,258,54539,6,0,0,6,4
2020-10-24,US,California,Ventura,14192,164,0,34.44465746,-119.09106129999999,6111.0,1677.529473786238,1.1555806087936866,14028,14124,162,0,13962,14050,850967,68,2,0,66,74
2020-10-24,US,California,Yolo,3166,58,0,38.68278902,-121.90182879999999,6113.0,1435.827664399093,1.831964624131396,3108,3144,58,0,3086,3119,220408,22,0,0,22,25
2020-10-24,US,California,Yuba,1293,10,0,39.26255932,-121.35356440000001,6115.0,1643.6162098947477,0.7733952049497294,1283,1293,10,0,1283,1288,78041,0,0,0,0,5
2020-10-24,US,Colorado,Adams,13065,254,0,39.87432092,-104.3362578,8001.0,2525.0231436296554,1.9441255262150785,12811,12818,253,0,12565,12677,511868,247,1,0,246,141
2020-10-24,US,Colorado,Alamosa,298,9,0,37.57250606,-105.7885451,8003.0,1835.7666481857943,3.0201342281879198,289,294,9,0,285,292,16683,4,0,0,4,2
2020-10-24,US,Colorado,Arapahoe,11939,378,0,39.64977461,-104.3353617,8005.0,1818.3341202272347,3.1660943127565124,11561,11766,378,0,11388,11661,651215,173,0,0,173,105
2020-10-24,US,Colorado,Archuleta,65,0,0,37.19474156,-107.04768670000001,8007.0,463.3259676384632,0.0,65,63,0,0,63,61,13765,2,0,0,2,2
2020-10-24,US,Colorado,Baca,30,0,0,37.31940883,-102.5603223,8009.0,837.7548170901982,0.0,30,29,0,0,29,27,3585,1,0,0,1,2
2020-10-24,US,Colorado,Bent,14,0,0,37.95474293,-103.0720195,8011.0,251.03102026178948,0.0,14,14,0,0,14,13,5882,0,0,0,0,1
2020-10-24,US,Colorado,Boulder,5339,85,0,40.09313619,-105.3546767,8013.0,1636.7460054691046,1.592058437909721,5254,5254,85,0,5169,5198,326078,85,0,0,85,56
2020-10-24,US,Colorado,Broomfield,887,41,0,39.95998787,-105.0566324,8014.0,1258.7809550840846,4.6223224351747465,846,879,41,0,838,862,69267,8,0,0,8,17
2020-10-24,US,Colorado,Chaffee,386,20,0,38.74745778,-106.19265729999998,8015.0,1896.2468068382784,5.181347150259066,366,381,20,0,361,375,20027,5,0,0,5,6
2020-10-24,US,Colorado,Cheyenne,15,0,0,38.82777431,-102.6032558,8017.0,819.2244675040961,0.0,15,15,0,0,15,14,1876,0,0,0,0,1
2020-10-24,US,Colorado,Clear Creek,68,1,0,39.68864463,-105.6463118,8019.0,701.0309278350516,1.4705882352941178,67,65,1,0,64,64,9605,3,0,0,3,1
2020-10-24,US,Colorado,Conejos,66,0,0,37.201606,-106.19174879999998,8021.0,804.3875685557588,0.0,66,65,0,0,65,62,8200,1,0,0,1,3
2020-10-24,US,Colorado,Costilla,36,1,0,37.27732493,-105.4276548,8023.0,926.164136866478,2.7777777777777777,35,36,1,0,35,35,3828,0,0,0,0,1
2020-10-24,US,Colorado,Crowley,89,1,0,38.32608609,-103.7844965,8025.0,1468.4045537040095,1.1235955056179776,88,85,1,0,84,83,5858,4,0,0,4,2
2020-10-24,US,Colorado,Custer,20,0,0,38.10883162,-105.3683478,8027.0,394.6329913180742,0.0,20,19,0,0,19,19,4954,1,0,0,1,0
2020-10-24,US,Colorado,Delta,199,3,0,38.86246243,-107.86313419999999,8029.0,638.5982927925037,1.5075376884422111,196,200,3,0,197,198,30953,-1,0,0,-1,2
2020-10-24,US,Colorado,Denver,17096,446,0,39.76018276,-104.87256950000001,8031.0,2350.899532597829,2.6087973795039776,16650,16812,446,0,16366,16592,716492,284,0,0,284,220
2020-10-24,US,Colorado,Dolores,3,0,0,37.75208676,-108.5211585,8033.0,145.98540145985402,0.0,3,3,0,0,3,3,2074,0,0,0,0,0
2020-10-24,US,Colorado,Douglas,3609,64,0,39.33133796,-104.930001,8035.0,1027.754204707906,1.7733444167359382,3545,3519,64,0,3455,3472,342776,90,0,0,90,47
2020-10-24,US,Colorado,Eagle,1411,10,0,39.62754308,-106.6933637,8037.0,2559.5443249224522,0.7087172218284904,1401,1399,10,0,1389,1379,54993,12,0,0,12,20
2020-10-24,US,Colorado,El Paso,9592,194,0,38.83240149,-104.5251411,8041.0,1331.4769649765476,2.022518765638032,9398,9349,194,0,9155,9172,713856,243,0,0,243,177
2020-10-24,US,Colorado,Elbert,200,3,0,39.28656773,-104.13587209999999,8039.0,748.2509633731154,1.5,197,193,3,0,190,191,26282,7,0,0,7,2
2020-10-24,US,Colorado,Fremont,628,1,0,38.47362326,-105.43996670000001,8043.0,1312.7364702439431,0.1592356687898089,627,611,1,0,610,602,48021,17,0,0,17,9
2020-10-24,US,Colorado,Garfield,1135,5,0,39.59921777,-107.902708,8045.0,1889.7454254840911,0.4405286343612335,1130,1118,5,0,1113,1107,59770,17,0,0,17,11
2020-10-24,US,Colorado,Gilpin,29,0,0,39.85646523,-105.5252597,8047.0,464.5202626942176,0.0,29,29,0,0,29,27,6121,0,0,0,0,2
2020-10-24,US,Colorado,Grand,142,1,0,40.10603347,-106.11780420000001,8049.0,902.5041311808824,0.7042253521126759,141,142,1,0,141,142,15525,0,0,0,0,0
2020-10-24,US,Colorado,Gunnison,305,7,0,38.66611652,-107.0320729,8051.0,1746.6498682854199,2.295081967213114,298,305,7,0,298,305,17246,0,0,0,0,0
2020-10-24,US,Colorado,Hinsdale,3,0,0,37.82247444,-107.3004345,8053.0,365.8536585365854,0.0,3,3,0,0,3,3,811,0,0,0,0,0
2020-10-24,US,Colorado,Huerfano,33,2,0,37.68473101,-104.9612585,8055.0,478.4688995215312,6.0606060606060606,31,29,2,0,27,29,6889,4,0,0,4,0
2020-10-24,US,Colorado,Jackson,9,0,0,40.66593870000001,-106.3408905,8057.0,646.5517241379309,0.0,9,9,0,0,9,9,1399,0,0,0,0,0
2020-10-24,US,Colorado,Jefferson,7903,307,0,39.58635604,-105.2517692,8059.0,1355.8513658877198,3.8846007845122106,7596,7721,305,0,7416,7599,580233,182,2,0,180,122
2020-10-24,US,Colorado,Kiowa,3,0,0,38.43260896,-102.7392145,8061.0,213.3712660028449,0.0,3,3,0,0,3,3,1383,0,0,0,0,0
2020-10-24,US,Colorado,Kit Carson,131,3,0,39.30497777,-102.60221990000001,8063.0,1845.8503593067487,2.2900763358778624,128,122,3,0,119,114,7163,9,0,0,9,8
2020-10-24,US,Colorado,La Plata,347,2,0,37.28632032,-107.8429014,8067.0,617.2070934348375,0.5763688760806917,345,341,2,0,339,331,56310,6,0,0,6,10
2020-10-24,US,Colorado,Lake,127,0,0,39.20278823,-106.35556969999999,8065.0,1562.692260366679,0.0,127,124,0,0,124,122,7824,3,0,0,3,2
2020-10-24,US,Colorado,Larimer,3883,56,0,40.66671597,-105.4625784,8069.0,1087.9828747068498,1.4421838784445016,3827,3801,55,0,3746,3718,350518,82,1,0,81,83
2020-10-24,US,Colorado,Las Animas,69,1,0,37.3153406,-104.03764579999999,8071.0,475.66524196884046,1.4492753623188406,68,66,1,0,65,65,14503,3,0,0,3,1
2020-10-24,US,Colorado,Lincoln,24,0,0,38.98749519,-103.51366490000001,8073.0,420.97877565339417,0.0,24,24,0,0,24,24,5610,0,0,0,0,0
2020-10-24,US,Colorado,Logan,1177,12,0,40.7249637,-103.110817,8075.0,5252.353964924807,1.0195412064570943,1165,1149,11,0,1138,1129,21528,28,1,0,27,20
2020-10-24,US,Colorado,Mesa,1281,11,0,39.01787888,-108.469799,8077.0,830.6854289605084,0.8587041373926619,1270,1209,9,0,1200,1117,153207,72,2,0,70,92
2020-10-24,US,Colorado,Mineral,21,0,0,37.66954283,-106.92816979999999,8079.0,2730.8192457737327,0.0,21,21,0,0,21,21,776,0,0,0,0,0
2020-10-24,US,Colorado,Moffat,61,1,0,40.61810999,-108.2070876,8081.0,459.23360686591883,1.639344262295082,60,58,1,0,57,56,13188,3,0,0,3,2
2020-10-24,US,Colorado,Montezuma,192,5,0,37.33859579,-108.59588570000001,8083.0,733.3002329755949,2.6041666666666665,187,189,5,0,184,187,26158,3,0,0,3,2
2020-10-24,US,Colorado,Montrose,455,13,0,38.40214114,-108.26390220000002,8085.0,1064.1283502502456,2.8571428571428568,442,441,13,0,428,431,42214,14,0,0,14,10
2020-10-24,US,Colorado,Morgan,846,48,0,40.26279810000001,-103.8093302,8087.0,2910.4169533507647,5.673758865248227,798,835,48,0,787,829,28558,11,0,0,11,6
2020-10-24,US,Colorado,Otero,125,6,0,37.9014485,-103.7173385,8089.0,683.8822628296313,4.8,119,123,6,0,117,122,18432,2,0,0,2,1
2020-10-24,US,Colorado,Ouray,36,2,0,38.14717457,-107.7675136,8091.0,726.9789983844911,5.5555555555555545,34,36,2,0,34,34,4833,0,0,0,0,2
2020-10-24,US,Colorado,Park,93,1,0,39.120926000000004,-105.7182065,8093.0,493.49960201644996,1.075268817204301,92,91,1,0,90,88,18556,2,0,0,2,3
2020-10-24,US,Colorado,Phillips,48,0,0,40.59414277,-102.3577703,8095.0,1125.4396248534583,0.0,48,44,0,0,44,42,4286,4,0,0,4,2
2020-10-24,US,Colorado,Pitkin,276,2,0,39.21720112,-106.9310027,8097.0,1553.4417740755332,0.7246376811594203,274,271,2,0,269,271,17950,5,0,0,5,0
2020-10-24,US,Colorado,Prowers,166,0,0,37.95544985,-102.3926052,8099.0,1363.7857377587907,0.0,166,158,0,0,158,138,12164,8,0,0,8,20
2020-10-24,US,Colorado,Pueblo,1790,40,0,38.17359144,-104.5127437,8101.0,1062.7939011067306,2.23463687150838,1750,1762,40,0,1722,1725,167529,28,0,0,28,37
2020-10-24,US,Colorado,Rio Blanco,27,0,0,39.97913541,-108.2179009,8103.0,426.9449715370019,0.0,27,27,0,0,27,27,6336,0,0,0,0,0
2020-10-24,US,Colorado,Rio Grande,118,3,0,37.5836865,-106.3847838,8105.0,1047.3062927132332,2.5423728813559316,115,116,3,0,113,115,11250,2,0,0,2,1
2020-10-24,US,Colorado,Routt,202,8,0,40.48596505,-106.9905548,8107.0,787.8929713706218,3.96039603960396,194,200,8,0,192,197,25733,2,0,0,2,3
2020-10-24,US,Colorado,Saguache,133,2,0,38.08054629,-106.28246599999999,8109.0,1949.0035169988282,1.5037593984962403,131,130,2,0,128,128,6843,3,0,0,3,2
2020-10-24,US,Colorado,San Juan,11,0,0,37.76248981,-107.67632890000002,8111.0,1510.989010989011,0.0,11,7,0,0,7,7,762,4,0,0,4,0
2020-10-24,US,Colorado,San Miguel,101,0,0,38.00450883,-108.4020725,8113.0,1234.8697884826995,0.0,101,100,0,0,100,100,8191,1,0,0,1,0
2020-10-24,US,Colorado,Sedgwick,40,1,0,40.87595412,-102.3519227,8115.0,1779.3594306049822,2.5,39,38,1,0,37,38,2303,2,0,0,2,0
2020-10-24,US,Colorado,Summit,653,4,0,39.63803232,-106.1150762,8117.0,2105.7044274612235,0.6125574272588055,649,636,4,0,632,620,31007,17,0,0,17,16
2020-10-24,US,Colorado,Teller,214,4,0,38.88133511,-105.16148929999999,8119.0,842.9179139751062,1.8691588785046729,210,205,4,0,201,201,25083,9,0,0,9,4
2020-10-24,US,Colorado,Washington,93,0,0,39.97015535,-103.202587,8121.0,1894.865525672372,0.0,93,85,0,0,85,83,4909,8,0,0,8,2
2020-10-24,US,Colorado,Weld,5810,159,0,40.55499405,-104.39296209999999,8123.0,1790.4909828285442,2.7366609294320137,5651,5708,159,0,5549,5639,314305,102,0,0,102,69
2020-10-24,US,Colorado,Yuma,210,1,0,40.00346839,-102.4258673,8125.0,2096.0175666234154,0.4761904761904762,209,204,1,0,203,204,10020,6,0,0,6,0
2020-10-24,US,Connecticut,Fairfield,22322,1430,0,41.26809896,-73.3881171,9001.0,2366.29309723406,6.406236000358391,20892,22322,1430,0,20892,22088,943823,0,0,0,0,234
2020-10-24,US,Connecticut,Hartford,17062,1464,0,41.80283011,-72.73103891,9003.0,1913.3808818911768,8.580471222599929,15598,17062,1464,0,15598,16911,892697,0,0,0,0,151
2020-10-24,US,Connecticut,Litchfield,2116,143,0,41.7937534,-73.2451475,9005.0,1173.3847936872342,6.758034026465029,1973,2116,143,0,1973,2086,181111,0,0,0,0,30
2020-10-24,US,Connecticut,Middlesex,1873,196,0,41.45949668,-72.53714864,9007.0,1153.0695166096186,10.464495461825948,1677,1873,196,0,1677,1853,162682,0,0,0,0,20
2020-10-24,US,Connecticut,New Haven,16073,1123,0,41.408032500000004,-72.93620426,9009.0,1880.4174753760424,6.986872394699185,14950,16073,1123,0,14950,15952,857620,0,0,0,0,121
2020-10-24,US,Connecticut,New London,3456,136,0,41.48896435,-72.10430976,9011.0,1303.1379380557,3.935185185185185,3320,3456,136,0,3320,3386,266784,0,0,0,0,70
2020-10-24,US,Connecticut,Tolland,1689,68,0,41.85853803,-72.3308481,9013.0,1120.613584039384,4.026050917702784,1621,1689,68,0,1621,1655,150921,0,0,0,0,34
2020-10-24,US,Connecticut,Unassigned,137,0,0,0.0,0.0,90009.0,0.0,0.0,137,137,0,0,137,137,,0,0,0,0,0
2020-10-24,US,Connecticut,Windham,1324,17,0,41.82972709,-71.98182316,9015.0,1133.7363634806736,1.2839879154078548,1307,1324,17,0,1307,1305,117027,0,0,0,0,19
2020-10-24,US,Delaware,Kent,3407,120,0,39.08646628,-75.56884914,10001.0,1884.5485823017264,3.5221602582917524,3287,3394,120,0,3274,3376,178550,13,0,0,13,18
2020-10-24,US,Delaware,New Castle,12579,339,0,39.57992638,-75.64054974,10003.0,2251.263080466682,2.6949678034819944,12240,12491,339,0,12152,12401,559335,88,0,0,88,90
2020-10-24,US,Delaware,Sussex,7770,221,0,38.66143781,-75.39031349,10005.0,3317.3230867755365,2.8442728442728438,7549,7711,219,0,7492,7660,229286,59,2,0,57,51
2020-10-24,US,Delaware,Unassigned,91,0,0,0.0,0.0,90010.0,0.0,0.0,91,91,0,0,91,91,,0,0,0,0,0
2020-10-24,US,District of Columbia,District of Columbia,16706,642,0,38.90417773,-77.01655992,11001.0,2367.1305237414435,3.842930683586735,16064,16609,642,0,15967,16537,702455,97,0,0,97,72
2020-10-24,US,Florida,Alachua,9989,74,0,29.67866525,-82.35928158,12001.0,3712.7894054110307,0.7408148963860246,9915,9895,74,0,9821,9807,269956,94,0,0,94,88
2020-10-24,US,Florida,Baker,1749,19,0,30.33060121,-82.28467476,12003.0,5987.675453611777,1.0863350485991996,1730,1740,19,0,1721,1723,28355,9,0,0,9,17
2020-10-24,US,Florida,Bay,6643,132,0,30.26548745,-85.62122584,12005.0,3802.409776480353,1.9870540418485625,6511,6620,132,0,6488,6579,185287,23,0,0,23,41
2020-10-24,US,Florida,Bradford,1219,15,0,29.95079741,-82.16611613,12007.0,4322.541753838516,1.2305168170631666,1204,1214,15,0,1199,1214,27732,5,0,0,5,0
2020-10-24,US,Florida,Brevard,10999,366,0,28.29409504,-80.73091022,12009.0,1827.252459539291,3.327575234112192,10633,10849,367,0,10482,10747,596849,150,-1,0,151,102
2020-10-24,US,Florida,Broward,83165,1520,0,26.15184651,-80.48725556,12011.0,4258.8046362668965,1.8276919377141827,81645,82706,1519,0,81187,82250,1951260,459,1,0,458,456
2020-10-24,US,Florida,Calhoun,701,14,0,30.40666734,-85.19394153,12013.0,4969.868840836582,1.9971469329529243,687,700,14,0,686,697,14587,1,0,0,1,3
2020-10-24,US,Florida,Charlotte,3487,157,0,26.90131002,-81.92949121,12015.0,1845.8525223651475,4.502437625466016,3330,3463,157,0,3306,3440,184998,24,0,0,24,23
2020-10-24,US,Florida,Citrus,3145,130,0,28.84804315,-82.47614748,12017.0,2101.472032714808,4.133545310015898,3015,3124,130,0,2994,3091,147929,21,0,0,21,33
2020-10-24,US,Florida,Clay,5932,117,0,29.98319144,-81.85609986,12019.0,2705.56254903034,1.9723533378287252,5815,5899,117,0,5782,5868,216072,33,0,0,33,31
2020-10-24,US,Florida,Collier,14025,253,0,26.11091986,-81.34687065,12021.0,3643.7846516775694,1.803921568627451,13772,13927,251,0,13676,13864,378488,98,2,0,96,63
2020-10-24,US,Florida,Columbia,4200,71,0,30.22509788,-82.62160164,12023.0,5858.884579973775,1.6904761904761905,4129,4175,71,0,4104,4158,70503,25,0,0,25,17
2020-10-24,US,Florida,DeSoto,1651,29,0,27.18677893,-81.80941373,12027.0,4344.622509933949,1.756511205330103,1622,1644,29,0,1615,1641,37489,7,0,0,7,3
2020-10-24,US,Florida,Dixie,881,11,0,29.60631086,-83.15724673,12029.0,5235.944371805539,1.2485811577752557,870,880,11,0,869,879,16700,1,0,0,1,1
2020-10-24,US,Florida,Duval,34177,513,0,30.33225875,-81.66976468,12031.0,3568.4491336510905,1.5010094508002458,33664,33946,512,0,33434,33676,950181,231,1,0,230,270
2020-10-24,US,Florida,Escambia,13282,269,0,30.67652764,-87.37284571,12033.0,4172.583219190992,2.0252973949706368,13013,13194,269,0,12925,13130,315534,88,0,0,88,64
2020-10-24,US,Florida,Flagler,2070,37,0,29.45933576,-81.31508595,12035.0,1798.7330662750585,1.7874396135265702,2033,2052,37,0,2015,2035,112067,18,0,0,18,17
2020-10-24,US,Florida,Franklin,747,4,0,29.83791238,-84.82731662,12037.0,6160.824742268042,0.535475234270415,743,742,4,0,738,737,11736,5,0,0,5,5
2020-10-24,US,Florida,Gadsden,3049,54,0,30.57796289,-84.61915825,12039.0,6677.617170389838,1.77107248278124,2995,3038,54,0,2984,3038,45894,11,0,0,11,0
2020-10-24,US,Florida,Gilchrist,601,18,0,29.72856978,-82.79880657,12041.0,3234.312775804542,2.9950083194675536,583,600,18,0,582,600,18256,1,0,0,1,0
2020-10-24,US,Florida,Glades,593,6,0,26.95635849,-81.18996211,12043.0,4293.678951560351,1.011804384485666,587,593,6,0,587,593,13724,0,0,0,0,0
2020-10-24,US,Florida,Gulf,933,15,0,29.93543004,-85.24270990000002,12045.0,6840.6774690226575,1.6077170418006432,918,933,15,0,918,931,16164,0,0,0,0,2
2020-10-24,US,Florida,Hamilton,901,9,0,30.49673973,-82.94998918,12047.0,6244.801774327697,0.9988901220865704,892,899,9,0,890,894,14310,2,0,0,2,5
2020-10-24,US,Florida,Hardee,1576,16,0,27.49293939,-81.80956574,12049.0,5850.68864387274,1.0152284263959392,1560,1566,16,0,1550,1558,27245,10,0,0,10,8
2020-10-24,US,Florida,Hendry,2188,43,0,26.55386945,-81.16469006,12051.0,5206.7964399600205,1.9652650822669104,2145,2180,43,0,2137,2172,41556,8,0,0,8,8
2020-10-24,US,Florida,Hernando,3594,165,0,28.55364461,-82.42700204,12053.0,1853.341584158416,4.590984974958264,3429,3560,164,0,3396,3531,190865,34,1,0,33,29
2020-10-24,US,Florida,Highlands,2528,110,0,27.34254618,-81.34071957,12055.0,2379.943702281093,4.35126582278481,2418,2513,110,0,2403,2499,105424,15,0,0,15,14
2020-10-24,US,Florida,Hillsborough,46790,759,0,27.9276559,-82.32013172,12057.0,3178.7375812517657,1.6221414832229109,46031,46518,757,0,45761,46300,1436888,272,2,0,270,218
2020-10-24,US,Florida,Holmes,881,12,0,30.86747479,-85.81319222,12059.0,4491.002701738288,1.362088535754824,869,869,12,0,857,860,19477,12,0,0,12,9
2020-10-24,US,Florida,Indian River,3674,126,0,27.69308961,-80.60556721,12061.0,2297.355602383647,3.4295046271094174,3548,3649,122,0,3527,3614,157413,25,4,0,21,35
2020-10-24,US,Florida,Jackson,3097,83,0,30.795459700000002,-85.21500423,12063.0,6672.555694402551,2.680012915724895,3014,3085,83,0,3002,3082,48305,12,0,0,12,3
2020-10-24,US,Florida,Jefferson,658,9,0,30.43669112,-83.89442308,12065.0,4618.840376245964,1.3677811550151977,649,650,9,0,641,640,14288,8,0,0,8,10
2020-10-24,US,Florida,Lafayette,1272,16,0,29.98484137,-83.18166636,12067.0,15103.300878651153,1.2578616352201255,1256,1269,16,0,1253,1265,8732,3,0,0,3,4
2020-10-24,US,Florida,Lake,8415,225,0,28.76202069,-81.7125123,12069.0,2292.178536601311,2.6737967914438503,8190,8387,227,0,8160,8336,356495,28,-2,0,30,51
2020-10-24,US,Florida,Lee,22619,506,0,26.58410348,-81.88399313,12071.0,2935.3328739373223,2.2370573411733496,22113,22480,505,0,21975,22341,754610,139,1,0,138,139
2020-10-24,US,Florida,Leon,11958,112,0,30.45955727,-84.27491114,12073.0,4073.13799892364,0.9366114734905504,11846,11902,102,0,11800,11854,292502,56,10,0,46,48
2020-10-24,US,Florida,Levy,1118,12,0,29.31829741,-82.74007147,12075.0,2693.781172445365,1.073345259391771,1106,1114,12,0,1102,1111,40770,4,0,0,4,3
2020-10-24,US,Florida,Liberty,532,10,0,30.23766008,-84.8829258,12077.0,6368.206847019392,1.8796992481203008,522,532,10,0,522,530,8457,0,0,0,0,2
2020-10-24,US,Florida,Madison,1072,24,0,30.44396917,-83.47398594,12079.0,5796.787973827934,2.238805970149253,1048,1071,24,0,1047,1068,18529,1,0,0,1,3
2020-10-24,US,Florida,Manatee,12930,327,0,27.47196942,-82.31831044,12081.0,3206.423758781708,2.5290023201856147,12603,12842,324,0,12518,12761,394855,88,3,0,85,81
2020-10-24,US,Florida,Marion,10678,340,0,29.21227113,-82.05803627,12083.0,2920.846109869549,3.184116875819442,10338,10630,341,0,10289,10593,359977,48,-1,0,49,37
2020-10-24,US,Florida,Martin,5276,164,0,27.0772071,-80.43109784,12085.0,3277.018633540373,3.10841546626232,5112,5243,164,0,5079,5227,160912,33,0,0,33,16
2020-10-24,US,Florida,Miami-Dade,181633,3605,0,25.6112362,-80.55170587,12086.0,6685.204678793054,1.9847714897623232,178028,181017,3597,0,177420,180497,2761581,616,8,0,608,520
2020-10-24,US,Florida,Monroe,2178,25,0,25.20904673,-81.07812416,12087.0,2934.202726733847,1.1478420569329657,2153,2151,25,0,2126,2131,75027,27,0,0,27,20
2020-10-24,US,Florida,Nassau,2419,50,0,30.61037141,-81.80297522,12089.0,2729.4781382228493,2.0669698222405954,2369,2401,50,0,2351,2387,85832,18,0,0,18,14
2020-10-24,US,Florida,Okaloosa,6098,130,0,30.69143028,-86.59267105,12091.0,2893.6404445330213,2.1318465070514923,5968,6032,130,0,5902,5977,207269,66,0,0,66,55
2020-10-24,US,Florida,Okeechobee,1711,38,0,27.386336199999995,-80.88944347,12093.0,4057.5792069815975,2.220923436586791,1673,1698,38,0,1660,1695,41537,13,0,0,13,3
2020-10-24,US,Florida,Orange,44921,546,0,28.51367621,-81.31799498,12095.0,3223.7206591974464,1.2154671534471628,44375,44605,537,0,44068,44435,1380645,316,9,0,307,170
2020-10-24,US,Florida,Osceola,13852,194,0,28.06312234,-81.14882926,12097.0,3686.483868306405,1.4005197805371066,13658,13778,185,0,13593,13703,367990,74,9,0,65,75
2020-10-24,US,Florida,Palm Beach,50316,1561,0,26.64676272,-80.46536002,12099.0,3361.638728729197,3.1023928770172513,48755,49988,1558,0,48430,49759,1485941,328,3,0,325,229
2020-10-24,US,Florida,Pasco,10539,236,0,28.30810945,-82.40227529,12101.0,1902.5285812541642,2.239301641521966,10303,10465,227,0,10238,10406,539630,74,9,0,65,59
2020-10-24,US,Florida,Pinellas,24986,816,0,27.93130349,-82.72239666,12103.0,2562.6771802140725,3.2658288641639315,24170,24789,815,0,23974,24650,975280,197,1,0,196,139
2020-10-24,US,Florida,Polk,22481,615,0,27.95027105,-81.69732947,12105.0,3101.781651459691,2.7356434322316625,21866,22332,602,0,21730,22256,708009,149,13,0,136,76
2020-10-24,US,Florida,Putnam,2348,50,0,29.60779729,-81.74230285,12107.0,3150.789710283007,2.1294718909710397,2298,2337,50,0,2287,2323,74163,11,0,0,11,14
2020-10-24,US,Florida,Santa Rosa,5849,86,0,30.69341450000001,-87.02458128,12113.0,3173.4061080878723,1.4703368097110616,5763,5810,86,0,5724,5789,179349,39,0,0,39,21
2020-10-24,US,Florida,Sarasota,9340,330,0,27.18546175,-82.33174248,12115.0,2153.353837073652,3.5331905781584583,9010,9280,329,0,8951,9235,426718,60,1,0,59,45
2020-10-24,US,Florida,Seminole,10009,236,0,28.7158582,-81.24060348,12117.0,2121.332864233849,2.357877909881107,9773,9928,235,0,9693,9894,467832,81,1,0,80,34
2020-10-24,US,Florida,St. Johns,6236,80,0,29.90096506,-81.43589967,12109.0,2356.123806069399,1.2828736369467608,6156,6193,78,0,6115,6150,254261,43,2,0,41,43
2020-10-24,US,Florida,St. Lucie,8857,329,0,27.37763908,-80.47106649,12111.0,2697.861996911333,3.7145760415490567,8528,8798,330,0,8468,8753,321128,59,-1,0,60,45
2020-10-24,US,Florida,Sumter,2844,84,0,28.70181754,-82.0794267,12119.0,2147.711826008156,2.9535864978902957,2760,2826,83,0,2743,2802,128754,18,1,0,17,24
2020-10-24,US,Florida,Suwannee,2967,77,0,30.19746066,-82.99099670000003,12121.0,6679.874822703019,2.5952140208965284,2890,2956,77,0,2879,2949,44191,11,0,0,11,7
2020-10-24,US,Florida,Taylor,1446,16,0,30.04848048,-83.60445406,12123.0,6704.066020677825,1.1065006915629323,1430,1436,16,0,1420,1435,21623,10,0,0,10,1
2020-10-24,US,Florida,Unassigned,1855,0,0,0.0,0.0,90012.0,0.0,0.0,1855,1853,0,0,1853,1861,,2,0,0,2,-8
2020-10-24,US,Florida,Union,1117,41,0,30.04412971,-82.37497443,12125.0,7330.83940408217,3.670546105640108,1076,1111,41,0,1070,1106,14940,6,0,0,6,5
2020-10-24,US,Florida,Volusia,12399,316,0,29.05858895,-81.18263252,12127.0,2240.982931008307,2.5485926284377767,12083,12288,316,0,11972,12180,547538,111,0,0,111,108
2020-10-24,US,Florida,Wakulla,1299,11,0,30.16548905,-84.39895211,12129.0,3850.1437505557374,0.8468052347959969,1288,1289,11,0,1278,1283,32461,10,0,0,10,6
2020-10-24,US,Florida,Walton,2347,29,0,30.64204028,-86.16935664,12131.0,3168.5814961320893,1.2356199403493822,2318,2323,29,0,2294,2305,71375,24,0,0,24,18
2020-10-24,US,Florida,Washington,1209,24,0,30.61359259,-85.66002461,12133.0,4746.201860793782,1.9851116625310172,1185,1203,24,0,1179,1196,24880,6,0,0,6,7
2020-10-24,US,Georgia,Appling,1161,36,0,31.74847232,-82.28909114,13001.0,6314.587185902317,3.1007751937984502,1125,1156,36,0,1120,1147,18507,5,0,0,5,9
2020-10-24,US,Georgia,Atkinson,480,6,0,31.29633502,-82.87545866,13003.0,5878.750765462341,1.25,474,477,5,0,472,476,8297,3,1,0,2,1
2020-10-24,US,Georgia,Bacon,634,16,0,31.55456473,-82.45936528,13005.0,5678.968111787889,2.5236593059936907,618,631,16,0,615,629,11185,3,0,0,3,2
2020-10-24,US,Georgia,Baker,90,6,0,31.32669878,-84.44218806,13007.0,2962.4753127057274,6.666666666666668,84,90,6,0,84,89,3092,0,0,0,0,1
2020-10-24,US,Georgia,Baldwin,2297,64,0,33.06882326,-83.24701748,13009.0,5116.952550679439,2.786242925555072,2233,2285,63,0,2222,2267,44823,12,1,0,11,18
2020-10-24,US,Georgia,Banks,551,8,0,34.35607081,-83.49644388,13011.0,2864.718727253821,1.4519056261343013,543,549,8,0,541,544,18988,2,0,0,2,5
2020-10-24,US,Georgia,Barrow,2563,50,0,33.99148694,-83.71436292,13013.0,3079.048534358481,1.9508388607101053,2513,2548,50,0,2498,2528,80809,15,0,0,15,20
2020-10-24,US,Georgia,Bartow,3538,94,0,34.23732119,-84.83887523,13015.0,3283.8924056507453,2.6568682871678915,3444,3511,94,0,3417,3484,106408,27,0,0,27,27
2020-10-24,US,Georgia,Ben Hill,867,33,0,31.76095874,-83.22145359,13017.0,5191.616766467066,3.8062283737024223,834,867,34,0,833,859,16787,0,-1,0,1,8
2020-10-24,US,Georgia,Berrien,490,13,0,31.27590016,-83.22529920000002,13019.0,2526.1638397690367,2.653061224489796,477,485,12,0,473,484,19252,5,1,0,4,1
2020-10-24,US,Georgia,Bibb,6566,193,0,32.80904227,-83.70489165,13021.0,4287.048100340169,2.9393847091075243,6373,6550,194,0,6356,6520,153095,16,-1,0,17,30
2020-10-24,US,Georgia,Bleckley,511,27,0,32.43829035,-83.33035166,13023.0,3969.5486677542144,5.283757338551859,484,510,24,0,486,503,12838,1,3,0,-2,7
2020-10-24,US,Georgia,Brantley,427,13,0,31.19576557,-81.97743999,13025.0,2234.5491653147733,3.0444964871194378,414,421,13,0,408,419,18897,6,0,0,6,2
2020-10-24,US,Georgia,Brooks,552,27,0,30.83922642,-83.58303423,13027.0,3571.197515688685,4.891304347826087,525,551,27,0,524,549,15513,1,0,0,1,2
2020-10-24,US,Georgia,Bryan,1283,14,0,32.00979311,-81.44002948,13029.0,3237.6914729855907,1.0911925175370225,1269,1282,14,0,1268,1285,38109,1,0,0,1,-3
2020-10-24,US,Georgia,Bulloch,3061,33,0,32.39577406,-81.74811421,13031.0,3845.090945633605,1.0780790591310028,3028,3054,33,0,3021,3037,77296,7,0,0,7,17
2020-10-24,US,Georgia,Burke,879,12,0,33.05917989,-81.99928721,13033.0,3927.087521779922,1.3651877133105803,867,877,12,0,865,873,22423,2,0,0,2,4
2020-10-24,US,Georgia,Butts,739,44,0,33.283094500000004,-83.95435040000002,13035.0,2963.586782162336,5.953991880920162,695,734,44,0,690,728,24193,5,0,0,5,6
2020-10-24,US,Georgia,Calhoun,266,9,0,31.53169785,-84.62725131,13037.0,4297.947972208757,3.3834586466165413,257,265,9,0,256,263,6352,1,0,0,1,2
2020-10-24,US,Georgia,Camden,1402,18,0,30.92951916,-81.66601818,13039.0,2564.665422749058,1.2838801711840229,1384,1398,18,0,1380,1393,53677,4,0,0,4,5
2020-10-24,US,Georgia,Candler,536,24,0,32.40209349,-82.07702563,13043.0,4961.584744978247,4.477611940298506,512,530,24,0,506,529,10836,6,0,0,6,1
2020-10-24,US,Georgia,Carroll,3310,75,0,33.58138199,-85.07976677,13045.0,2758.517234482299,2.2658610271903323,3235,3297,75,0,3222,3243,118121,13,0,0,13,54
2020-10-24,US,Georgia,Catoosa,1387,22,0,34.89872298,-85.13757014,13047.0,2052.382361645457,1.5861571737563085,1365,1377,21,0,1356,1368,67420,10,1,0,9,9
2020-10-24,US,Georgia,Charlton,646,10,0,30.78371028,-82.13951596,13049.0,4823.775388291518,1.547987616099071,636,644,10,0,634,644,12968,2,0,0,2,0
2020-10-24,US,Georgia,Chatham,9317,186,0,32.00043026,-81.12489526,13051.0,3219.0857893100238,1.9963507566813352,9131,9280,186,0,9094,9245,289195,37,0,0,37,35
2020-10-24,US,Georgia,Chattahoochee,1742,1,0,32.34341231,-84.78809239,13053.0,15971.39451728248,0.0574052812858783,1741,1735,1,0,1734,1735,10684,7,0,0,7,0
2020-10-24,US,Georgia,Chattooga,914,29,0,34.47197698,-85.34535662,13055.0,3687.1192867804266,3.1728665207877462,885,910,29,0,881,902,24790,4,0,0,4,8
2020-10-24,US,Georgia,Cherokee,6998,101,0,34.24393976,-84.47431861,13057.0,2704.3006805192194,1.443269505573021,6897,6950,100,0,6850,6881,254149,48,1,0,47,69
2020-10-24,US,Georgia,Clarke,5678,47,0,33.95436462,-83.37124007,13059.0,4424.496029797944,0.8277562522014794,5631,5656,47,0,5609,5624,127330,22,0,0,22,32
2020-10-24,US,Georgia,Clay,124,3,0,31.62221166,-84.97713865,13061.0,4375.441072688779,2.419354838709677,121,124,3,0,121,124,2887,0,0,0,0,0
2020-10-24,US,Georgia,Clayton,8102,175,0,33.54187245,-84.35594188,13063.0,2772.2270885798753,2.159960503579363,7927,8037,175,0,7862,7983,289615,65,0,0,65,54
2020-10-24,US,Georgia,Clinch,444,12,0,30.91395822,-82.70432472,13065.0,6708.97552130553,2.702702702702702,432,437,12,0,425,436,6648,7,0,0,7,1
2020-10-24,US,Georgia,Cobb,21676,454,0,33.94243204,-84.5761255,13067.0,2851.57622072747,2.094482376822292,21222,21563,452,0,21111,21453,756865,113,2,0,111,110
2020-10-24,US,Georgia,Coffee,2240,60,0,31.54892966,-82.85492059999999,13069.0,5176.437963626279,2.6785714285714284,2180,2230,60,0,2170,2215,43093,10,0,0,10,15
2020-10-24,US,Georgia,Colquitt,2114,39,0,31.18810588,-83.7677946,13071.0,4635.964912280701,1.8448438978240305,2075,2101,39,0,2062,2097,45592,13,0,0,13,4
2020-10-24,US,Georgia,Columbia,4311,64,0,33.54534185,-82.263524,13073.0,2750.8710134384933,1.4845743446996056,4247,4283,64,0,4219,4253,154291,28,0,0,28,30
2020-10-24,US,Georgia,Cook,581,16,0,31.16068491,-83.42947229,13075.0,3364.215402431963,2.753872633390705,565,581,16,0,565,578,17162,0,0,0,0,3
2020-10-24,US,Georgia,Coweta,2928,63,0,33.35334302,-84.76129976,13077.0,1971.5976809486287,2.151639344262295,2865,2915,63,0,2852,2893,145864,13,0,0,13,22
2020-10-24,US,Georgia,Crawford,194,6,0,32.71391813,-83.98061238,13079.0,1564.011609158336,3.0927835051546397,188,193,6,0,187,191,12318,1,0,0,1,2
2020-10-24,US,Georgia,Crisp,641,23,0,31.92289565,-83.76811843,13081.0,2865.1886286429467,3.588143525741029,618,637,23,0,614,635,22601,4,0,0,4,2
2020-10-24,US,Georgia,Dade,342,6,0,34.854916700000004,-85.50490424,13083.0,2122.114668652271,1.7543859649122806,336,339,5,0,334,337,16226,3,1,0,2,2
2020-10-24,US,Georgia,Dawson,907,11,0,34.44244079,-84.16964071,13085.0,3474.0309483683172,1.2127894156560088,896,903,11,0,892,900,25083,4,0,0,4,3
2020-10-24,US,Georgia,DeKalb,20883,395,0,33.76944049,-84.22396017,13089.0,2750.307192047381,1.8914906862040892,20488,20769,397,0,20372,20583,756558,114,-2,0,116,186
2020-10-24,US,Georgia,Decatur,1287,34,0,30.87967778,-84.57619536,13087.0,4874.26147553401,2.641802641802642,1253,1278,34,0,1244,1273,26575,9,0,0,9,5
2020-10-24,US,Georgia,Dodge,590,15,0,32.17265114,-83.16948926,13091.0,2863.3826741082257,2.5423728813559316,575,583,15,0,568,563,20705,7,0,0,7,20
2020-10-24,US,Georgia,Dooly,369,18,0,32.15630737,-83.79746561,13093.0,2755.7879014189693,4.878048780487805,351,368,17,0,351,364,13706,1,1,0,0,4
2020-10-24,US,Georgia,Dougherty,3293,191,0,31.53328528,-84.21722377,13095.0,3743.917413252081,5.800182204676586,3102,3289,191,0,3098,3282,91243,4,0,0,4,7
2020-10-24,US,Georgia,Douglas,4053,72,0,33.70291126,-84.77026156,13097.0,2769.5209200303398,1.7764618800888232,3981,4039,72,0,3967,4002,145331,14,0,0,14,37
2020-10-24,US,Georgia,Early,545,35,0,31.32155345,-84.90255207,13099.0,5348.38076545633,6.422018348623853,510,545,35,0,510,537,10247,0,0,0,0,8
2020-10-24,US,Georgia,Echols,244,2,0,30.71101099,-82.89687287,13101.0,6090.863704443335,0.819672131147541,242,244,2,0,242,244,4000,0,0,0,0,0
2020-10-24,US,Georgia,Effingham,1769,28,0,32.36616021,-81.34280942,13103.0,2751.337563767575,1.5828151498021483,1741,1759,27,0,1732,1745,62190,10,1,0,9,14
2020-10-24,US,Georgia,Elbert,764,9,0,34.11302332,-82.83936148,13105.0,3980.410544961968,1.1780104712041886,755,761,9,0,752,758,19120,3,0,0,3,3
2020-10-24,US,Georgia,Emanuel,1191,36,0,32.59221302,-82.30239915,13107.0,5259.206923960081,3.022670025188917,1155,1187,36,0,1151,1176,22612,4,0,0,4,11
2020-10-24,US,Georgia,Evans,479,7,0,32.15328841,-81.8870105,13109.0,4495.963957199174,1.4613778705636744,472,478,7,0,471,475,10721,1,0,0,1,3
2020-10-24,US,Georgia,Fannin,814,28,0,34.86430205,-84.316964,13111.0,3108.293875057278,3.43980343980344,786,805,28,0,777,802,25964,9,0,0,9,3
2020-10-24,US,Georgia,Fayette,2104,57,0,33.41357794,-84.49089434,13113.0,1838.8232929269973,2.7091254752851706,2047,2101,56,0,2045,2087,113459,3,1,0,2,14
2020-10-24,US,Georgia,Floyd,3866,59,0,34.26268279,-85.21577392,13115.0,3924.952790919613,1.5261251939989653,3807,3837,58,0,3779,3785,97927,29,1,0,28,52
2020-10-24,US,Georgia,Forsyth,4674,52,0,34.22604035,-84.12315129999998,13117.0,1913.597432160228,1.1125374411638853,4622,4647,52,0,4595,4607,236612,27,0,0,27,40
2020-10-24,US,Georgia,Franklin,915,17,0,34.37525597,-83.23159927,13119.0,3918.797378902737,1.85792349726776,898,887,17,0,870,862,23023,28,0,0,28,25
2020-10-24,US,Georgia,Fulton,30691,618,0,33.79216944,-84.46319413,13121.0,2884.663283634276,2.013619627903946,30073,30540,614,0,29926,30264,1050114,151,4,0,147,276
2020-10-24,US,Georgia,Gilmer,1020,23,0,34.69316688,-84.45802506,13123.0,3251.617839268067,2.2549019607843137,997,1008,23,0,985,1004,30816,12,0,0,12,4
2020-10-24,US,Georgia,Glascock,48,2,0,33.22879932,-82.61297636,13125.0,1615.6176371592055,4.166666666666667,46,48,2,0,46,46,2995,0,0,0,0,2
2020-10-24,US,Georgia,Glynn,3696,104,0,31.23279254,-81.53811412,13127.0,4333.34896590536,2.813852813852814,3592,3681,104,0,3577,3666,85219,15,0,0,15,15
2020-10-24,US,Georgia,Gordon,2307,44,0,34.50487351,-84.87296253,13129.0,3980.125252316133,1.9072388383181624,2263,2291,43,0,2248,2262,57685,16,1,0,15,29
2020-10-24,US,Georgia,Grady,850,25,0,30.87454847,-84.23418364,13131.0,3450.6556245686684,2.9411764705882355,825,849,25,0,824,846,24748,1,0,0,1,3
2020-10-24,US,Georgia,Greene,569,25,0,33.5769205,-83.17139104,13133.0,3105.2172014843927,4.393673110720561,544,566,25,0,541,561,17698,3,0,0,3,5
2020-10-24,US,Georgia,Gwinnett,30204,440,0,33.96044201,-84.02137802,13135.0,3226.0614152202947,1.4567606939478217,29764,30109,438,0,29671,29959,927781,95,2,0,93,150
2020-10-24,US,Georgia,Habersham,1868,77,0,34.63331566,-83.53094677,13137.0,4121.0730674196975,4.122055674518202,1791,1861,75,0,1786,1856,45388,7,2,0,5,5
2020-10-24,US,Georgia,Hall,10574,173,0,34.32207823,-83.81896936,13139.0,5172.152356914708,1.6360885190088896,10401,10529,173,0,10356,10485,202148,45,0,0,45,44
2020-10-24,US,Georgia,Hancock,413,44,0,33.2721566,-82.99766919,13141.0,4883.528437980372,10.653753026634384,369,414,44,0,370,412,8348,-1,0,0,-1,2
2020-10-24,US,Georgia,Haralson,630,10,0,33.79602175,-85.21005667,13143.0,2114.6616541353383,1.5873015873015872,620,625,10,0,615,616,29533,5,0,0,5,9
2020-10-24,US,Georgia,Harris,849,25,0,32.73709786,-84.90538572,13145.0,2409.467589964809,2.944640753828033,824,847,25,0,822,847,34475,2,0,0,2,0
2020-10-24,US,Georgia,Hart,570,16,0,34.34626973,-82.96567682,13147.0,2175.1574127074987,2.8070175438596485,554,566,16,0,550,564,26099,4,0,0,4,2
2020-10-24,US,Georgia,Heard,224,6,0,33.29686567,-85.12886832,13149.0,1878.7217982051493,2.6785714285714284,218,222,6,0,216,217,11879,2,0,0,2,5
2020-10-24,US,Georgia,Henry,6096,112,0,33.4533428,-84.14814659999998,13151.0,2598.89751493215,1.837270341207349,5984,6050,112,0,5938,5999,230220,46,0,0,46,51
2020-10-24,US,Georgia,Houston,3566,94,0,32.45802497,-83.66879087,13153.0,2258.9207097293224,2.636006730229949,3472,3544,92,0,3452,3514,155469,22,2,0,20,30
2020-10-24,US,Georgia,Irwin,356,8,0,31.60213036,-83.27501387,13155.0,3780.7986406117247,2.247191011235955,348,352,6,0,346,351,9398,4,2,0,2,1
2020-10-24,US,Georgia,Jackson,2337,40,0,34.13794553,-83.56814788,13157.0,3202.3788316866962,1.7115960633290543,2297,2323,40,0,2283,2307,70422,14,0,0,14,16
2020-10-24,US,Georgia,Jasper,243,4,0,33.31535543,-83.68844964,13159.0,1708.9809409944446,1.6460905349794241,239,243,4,0,239,241,14040,0,0,0,0,2
2020-10-24,US,Georgia,Jeff Davis,785,23,0,31.80405727,-82.63724870000001,13161.0,5193.516374462454,2.929936305732484,762,783,23,0,760,782,15029,2,0,0,2,1
2020-10-24,US,Georgia,Jefferson,852,32,0,33.05867328,-82.41609057,13163.0,5546.152844681682,3.755868544600939,820,849,32,0,817,844,15430,3,0,0,3,5
2020-10-24,US,Georgia,Jenkins,463,32,0,32.79248718,-81.96040187,13165.0,5336.560627017058,6.911447084233261,431,463,32,0,431,462,8683,0,0,0,0,1
2020-10-24,US,Georgia,Johnson,440,22,0,32.70211082,-82.66166794,13167.0,4562.895364513119,5.0,418,440,22,0,418,439,9708,0,0,0,0,1
2020-10-24,US,Georgia,Jones,641,16,0,33.02512137,-83.56019163,13169.0,2230.7290760396727,2.49609984399376,625,638,15,0,623,635,28616,3,1,0,2,3
2020-10-24,US,Georgia,Lamar,405,19,0,33.07841647,-84.14263877,13171.0,2122.975310583425,4.691358024691358,386,403,19,0,384,402,19000,2,0,0,2,1
2020-10-24,US,Georgia,Lanier,317,7,0,31.03828570000001,-83.06472457,13173.0,3041.350858677925,2.2082018927444795,310,316,7,0,309,316,10340,1,0,0,1,0
2020-10-24,US,Georgia,Laurens,1967,86,0,32.46325233,-82.92221316,13175.0,4137.0462289151565,4.372140315200814,1881,1944,86,0,1858,1939,47325,23,0,0,23,5
2020-10-24,US,Georgia,Lee,746,29,0,31.779330600000005,-84.14324253,13177.0,2487.3299546545745,3.8873994638069695,717,744,27,0,717,743,29764,2,2,0,0,1
2020-10-24,US,Georgia,Liberty,1232,25,0,31.82588896,-81.49251135,13179.0,2005.3715308863027,2.029220779220779,1207,1228,25,0,1203,1218,61497,4,0,0,4,10
2020-10-24,US,Georgia,Lincoln,231,7,0,33.79201475,-82.45024131,13181.0,2916.298447165762,3.0303030303030303,224,231,7,0,224,228,7915,0,0,0,0,3
2020-10-24,US,Georgia,Long,274,4,0,31.75218791,-81.74952375,13183.0,1400.8896160335394,1.45985401459854,270,274,4,0,270,273,18998,0,0,0,0,1
2020-10-24,US,Georgia,Lowndes,4423,85,0,30.83568832,-83.27056716,13185.0,3767.269134456501,1.921772552566132,4338,4399,85,0,4314,4382,116321,24,0,0,24,17
2020-10-24,US,Georgia,Lumpkin,1038,15,0,34.57286511,-84.00425681,13187.0,3088.3665575721507,1.4450867052023122,1023,1035,15,0,1020,1028,32955,3,0,0,3,7
2020-10-24,US,Georgia,Macon,248,10,0,32.35207048,-84.04234127,13193.0,1915.501660616359,4.032258064516129,238,248,10,0,238,246,13143,0,0,0,0,2
2020-10-24,US,Georgia,Madison,774,11,0,34.12920917,-83.21218732,13195.0,2590.361445783133,1.421188630490956,763,771,11,0,760,769,29650,3,0,0,3,2
2020-10-24,US,Georgia,Marion,196,9,0,32.3483402,-84.52733571,13197.0,2344.778083502811,4.591836734693878,187,196,9,0,187,196,8351,0,0,0,0,0
2020-10-24,US,Georgia,McDuffie,673,15,0,33.47851918,-82.48252774,13189.0,3157.845345345345,2.2288261515601784,658,673,15,0,658,669,21531,0,0,0,0,4
2020-10-24,US,Georgia,McIntosh,304,7,0,31.49683595,-81.40163426,13191.0,2114.341354847684,2.3026315789473686,297,303,7,0,296,303,14340,1,0,0,1,0
2020-10-24,US,Georgia,Meriwether,592,16,0,33.04163534,-84.68859732,13199.0,2796.8063495063066,2.702702702702702,576,585,16,0,569,582,21068,7,0,0,7,3
2020-10-24,US,Georgia,Miller,305,2,0,31.16568912,-84.73151117,13201.0,5334.032878628891,0.6557377049180327,303,306,2,0,304,302,5686,-1,0,0,-1,4
2020-10-24,US,Georgia,Mitchell,850,45,0,31.22483255,-84.19381821,13205.0,3887.847047523213,5.294117647058823,805,848,45,0,803,846,22192,2,0,0,2,2
2020-10-24,US,Georgia,Monroe,750,53,0,33.014289,-83.92097166,13207.0,2719.559068822975,7.066666666666666,697,749,53,0,696,747,27520,1,0,0,1,2
2020-10-24,US,Georgia,Montgomery,371,10,0,32.17201038,-82.53527476,13209.0,4044.919319668557,2.6954177897574123,361,368,9,0,359,364,9193,3,1,0,2,4
2020-10-24,US,Georgia,Morgan,524,6,0,33.59232073,-83.49129491,13211.0,2718.406308362731,1.1450381679389312,518,521,6,0,515,519,18853,3,0,0,3,2
2020-10-24,US,Georgia,Murray,1014,9,0,34.78897608,-84.74993177,13213.0,2528.930566640064,0.8875739644970414,1005,1005,9,0,996,996,39921,9,0,0,9,9
2020-10-24,US,Georgia,Muscogee,6328,174,0,32.50931999,-84.87142262,13215.0,3232.381020488433,2.74968394437421,6154,6313,173,0,6140,6304,194160,15,1,0,14,9
2020-10-24,US,Georgia,Newton,2839,95,0,33.55514538,-83.84547140000002,13217.0,2540.6285796105385,3.346248679112364,2744,2829,95,0,2734,2815,109541,10,0,0,10,14
2020-10-24,US,Georgia,Oconee,854,30,0,33.83749973,-83.43679568,13219.0,2120.158887785501,3.5128805620608903,824,851,29,0,822,843,39272,3,1,0,2,8
2020-10-24,US,Georgia,Oglethorpe,407,12,0,33.878629600000004,-83.08278123,13221.0,2667.2783275444,2.9484029484029484,395,404,11,0,393,398,15054,3,1,0,2,6
2020-10-24,US,Georgia,Out of GA,14444,183,0,0.0,0.0,80013.0,0.0,1.2669620603710885,14261,14280,182,0,14098,14219,,164,1,0,163,61
2020-10-24,US,Georgia,Paulding,3105,60,0,33.91969522,-84.86848792,13223.0,1840.9054527560227,1.932367149758454,3045,3091,60,0,3031,3065,164044,14,0,0,14,26
2020-10-24,US,Georgia,Peach,763,26,0,32.56934316,-83.82937,13225.0,2769.9121469541856,3.4076015727391877,737,758,25,0,733,749,27297,5,1,0,4,9
2020-10-24,US,Georgia,Pickens,741,10,0,34.46589159,-84.46406611,13227.0,2273.6338252891896,1.349527665317139,731,735,10,0,725,727,31980,6,0,0,6,8
2020-10-24,US,Georgia,Pierce,667,24,0,31.35928155,-82.21598442,13229.0,3426.6632417159003,3.5982008995502253,643,661,24,0,637,655,19389,6,0,0,6,6
2020-10-24,US,Georgia,Pike,382,11,0,33.09310242,-84.38790389,13231.0,2014.5554266427594,2.8795811518324608,371,381,12,0,369,380,18634,1,-1,0,2,1
2020-10-24,US,Georgia,Polk,1691,27,0,34.00267074,-85.18677781,13233.0,3968.27259287072,1.5966883500887048,1664,1688,27,0,1661,1683,42470,3,0,0,3,5
2020-10-24,US,Georgia,Pulaski,335,23,0,32.23334561,-83.47549959999998,13235.0,3007.991380084404,6.865671641791044,312,332,23,0,309,330,11069,3,0,0,3,2
2020-10-24,US,Georgia,Putnam,788,27,0,33.32056115,-83.37552891,13237.0,3562.5480356254798,3.4263959390862944,761,784,27,0,757,777,21809,4,0,0,4,7
2020-10-24,US,Georgia,Quitman,38,1,0,31.86728114,-85.01773177,13239.0,1652.892561983471,2.631578947368421,37,38,1,0,37,38,2279,0,0,0,0,0
2020-10-24,US,Georgia,Rabun,423,11,0,34.88389445,-83.40304637,13241.0,2468.343350644804,2.600472813238771,412,420,11,0,409,417,16867,3,0,0,3,3
2020-10-24,US,Georgia,Randolph,339,29,0,31.76622818,-84.75732369,13243.0,5001.475361463557,8.55457227138643,310,338,29,0,309,338,6833,1,0,0,1,0
2020-10-24,US,Georgia,Richmond,7876,181,0,33.35777107,-82.07026432,13245.0,3889.037023869483,2.2981208735398684,7695,7845,175,0,7670,7816,201554,31,6,0,25,29
2020-10-24,US,Georgia,Rockdale,2101,40,0,33.65145002,-84.02202167,13247.0,2311.432846329872,1.903855306996668,2061,2073,40,0,2033,2049,90594,28,0,0,28,24
2020-10-24,US,Georgia,Schley,109,2,0,32.2654021,-84.31258912,13249.0,2073.4259083127263,1.834862385321101,107,109,2,0,107,109,5236,0,0,0,0,0
2020-10-24,US,Georgia,Screven,448,11,0,32.74976524,-81.60779441,13251.0,3207.7903479879706,2.455357142857143,437,447,11,0,436,446,13938,1,0,0,1,1
2020-10-24,US,Georgia,Seminole,392,11,0,30.93464824,-84.86823924,13253.0,4845.48825710754,2.8061224489795915,381,390,11,0,379,386,8315,2,0,0,2,4
2020-10-24,US,Georgia,Spalding,1561,62,0,33.26310031,-84.28013991,13255.0,2340.224577605205,3.9718129404228057,1499,1549,62,0,1487,1532,66100,12,0,0,12,17
2020-10-24,US,Georgia,Stephens,1263,41,0,34.55151201,-83.29405315,13257.0,4871.745419479267,3.2462391132224866,1222,1262,41,0,1221,1258,26035,1,0,0,1,4
2020-10-24,US,Georgia,Stewart,535,16,0,32.07996777,-84.83208037,13259.0,8080.350400241657,2.9906542056074765,519,534,16,0,518,534,6199,1,0,0,1,0
2020-10-24,US,Georgia,Sumter,959,68,0,32.03650571,-84.19821492,13261.0,3248.2048502912885,7.090719499478624,891,959,69,0,890,959,29733,0,-1,0,1,0
2020-10-24,US,Georgia,Talbot,174,7,0,32.69642758,-84.53351366,13263.0,2808.716707021792,4.022988505747127,167,173,7,0,166,170,6272,1,0,0,1,3
2020-10-24,US,Georgia,Taliaferro,26,0,0,33.56543317,-82.88136816,13265.0,1691.6070266753416,0.0,26,25,0,0,25,25,1608,1,0,0,1,0
2020-10-24,US,Georgia,Tattnall,919,13,0,32.04785085,-82.05539188,13267.0,3634.422209918532,1.4145810663764962,906,915,13,0,902,914,25391,4,0,0,4,1
2020-10-24,US,Georgia,Taylor,228,12,0,32.55792548,-84.25077141,13269.0,2842.892768079801,5.2631578947368425,216,226,12,0,214,226,8039,2,0,0,2,0
2020-10-24,US,Georgia,Telfair,501,24,0,31.92829517,-82.93491155,13271.0,3158.8902900378307,4.790419161676646,477,444,24,0,420,435,15876,57,0,0,57,9
2020-10-24,US,Georgia,Terrell,340,32,0,31.77527543,-84.44069698,13273.0,3985.464775524557,9.411764705882351,308,340,32,0,308,338,8611,0,0,0,0,2
2020-10-24,US,Georgia,Thomas,1592,69,0,30.86392347,-83.91847289,13275.0,3581.4717329193945,4.334170854271357,1523,1586,69,0,1517,1582,44448,6,0,0,6,4
2020-10-24,US,Georgia,Tift,1942,63,0,31.45743864,-83.5236119,13277.0,4778.073024308631,3.2440782698249233,1879,1931,63,0,1868,1924,40571,11,0,0,11,7
2020-10-24,US,Georgia,Toombs,1471,56,0,32.12059861,-82.32957247,13279.0,5482.668654491241,3.80693405846363,1415,1468,57,0,1411,1463,26887,3,-1,0,4,5
2020-10-24,US,Georgia,Towns,428,13,0,34.91369188,-83.74107459999998,13281.0,3555.7032483176868,3.037383177570093,415,422,12,0,410,418,11852,6,1,0,5,4
2020-10-24,US,Georgia,Treutlen,302,11,0,32.40422134,-82.56904553,13283.0,4376.177365599188,3.6423841059602653,291,301,11,0,290,292,6809,1,0,0,1,9
2020-10-24,US,Georgia,Troup,3019,106,0,33.03349196,-85.02812115,13285.0,4317.668258917079,3.511096389532958,2913,3008,106,0,2902,2995,70034,11,0,0,11,13
2020-10-24,US,Georgia,Turner,333,24,0,31.71612656,-83.62069378,13287.0,4170.31934877896,7.207207207207206,309,332,24,0,308,332,7912,1,0,0,1,0
2020-10-24,US,Georgia,Twiggs,216,10,0,32.67435595,-83.43078662,13289.0,2660.098522167488,4.62962962962963,206,215,9,0,206,214,8188,1,1,0,0,1
2020-10-24,US,Georgia,Unassigned,1898,5,0,0.0,0.0,90013.0,0.0,0.26343519494204426,1893,1947,5,0,1942,1971,,-49,0,0,-49,-24
2020-10-24,US,Georgia,Union,880,25,0,34.82995757,-83.98967069,13291.0,3590.224797029905,2.8409090909090913,855,875,25,0,850,871,24001,5,0,0,5,4
2020-10-24,US,Georgia,Upson,832,70,0,32.87920671,-84.30024826,13293.0,3161.094224924012,8.413461538461537,762,830,69,0,761,829,26215,2,1,0,1,1
2020-10-24,US,Georgia,Walker,1841,43,0,34.73376362,-85.30165174,13295.0,2639.010335287625,2.3356871265616514,1798,1826,43,0,1783,1801,69410,15,0,0,15,25
2020-10-24,US,Georgia,Walton,2310,68,0,33.78017694,-83.73552314,13297.0,2442.041165836796,2.9437229437229435,2242,2271,67,0,2204,2218,93503,39,1,0,38,53
2020-10-24,US,Georgia,Ware,1722,63,0,31.05449097,-82.42224148,13299.0,4818.939945150277,3.6585365853658534,1659,1722,62,0,1660,1720,35680,0,1,0,-1,2
2020-10-24,US,Georgia,Warren,163,5,0,33.41146451,-82.67795848,13301.0,3102.398172820708,3.0674846625766867,158,163,5,0,158,163,5251,0,0,0,0,0
2020-10-24,US,Georgia,Washington,756,13,0,32.96711864,-82.79357039,13303.0,3710.6115637577295,1.7195767195767195,743,749,13,0,736,742,20386,7,0,0,7,7
2020-10-24,US,Georgia,Wayne,1221,33,0,31.5521809,-81.91894878,13305.0,4079.92782437264,2.702702702702702,1188,1215,32,0,1183,1209,29808,6,1,0,5,6
2020-10-24,US,Georgia,Webster,43,2,0,32.04066113,-84.54742852,13307.0,1649.4054468738013,4.651162790697675,41,43,2,0,41,44,2611,0,0,0,0,-1
2020-10-24,US,Georgia,Wheeler,367,16,0,32.12009104,-82.72574721,13309.0,4672.18332272438,4.359673024523161,351,363,16,0,347,359,7879,4,0,0,4,4
2020-10-24,US,Georgia,White,997,23,0,34.64624278,-83.74905525,13311.0,3237.223196311449,2.3069207622868606,974,994,23,0,971,993,29970,3,0,0,3,1
2020-10-24,US,Georgia,Whitfield,5325,64,0,34.80987459,-84.96093476,13313.0,5089.4598004358295,1.2018779342723005,5261,5268,64,0,5204,5228,104062,57,0,0,57,40
2020-10-24,US,Georgia,Wilcox,255,25,0,31.97496928,-83.43438555,13315.0,2953.0978575564563,9.803921568627453,230,251,25,0,226,251,8812,4,0,0,4,0
2020-10-24,US,Georgia,Wilkes,290,6,0,33.78290391,-82.74286107,13317.0,2966.1450342640887,2.0689655172413794,284,289,6,0,283,283,9876,1,0,0,1,6
2020-10-24,US,Georgia,Wilkinson,366,17,0,32.80291082,-83.17140684,13319.0,4087.5586330131787,4.644808743169398,349,364,17,0,347,361,9036,2,0,0,2,3
2020-10-24,US,Georgia,Worth,605,32,0,31.55162306,-83.85090513,13321.0,2988.0970020249915,5.2892561983471085,573,604,32,0,572,602,20299,1,0,0,1,2
2020-10-24,US,Hawaii,Hawaii,1170,28,0,19.60121157,-155.5210167,15001.0,580.6077027288562,2.393162393162393,1142,1154,28,0,1126,1120,200983,16,0,0,16,34
2020-10-24,US,Hawaii,Honolulu,12791,165,0,21.45803166,-157.97121819999995,15003.0,1312.4856987182973,1.2899695098115862,12626,12734,162,0,12572,12669,980080,57,3,0,54,65
2020-10-24,US,Hawaii,Kauai,60,0,0,22.03935037,-159.5966786,15007.0,82.99558740126983,0.0,60,60,0,0,60,60,72133,0,0,0,0,0
2020-10-24,US,Hawaii,Maui,480,18,0,20.86399628,-156.56890969999995,15009.0,286.7092350239223,3.75,462,464,18,0,446,435,167207,16,0,0,16,29
2020-10-24,US,Hawaii,Out of HI,52,1,0,0.0,0.0,80015.0,0.0,1.9230769230769231,51,52,1,0,51,51,,0,0,0,0,1
2020-10-24,US,Idaho,Ada,16179,164,0,43.4526575,-116.24155159999998,16001.0,3359.517594951691,1.0136596823042214,16015,15885,160,0,15725,15746,469966,294,4,0,290,139
2020-10-24,US,Idaho,Adams,48,2,0,44.89333571,-116.4545247,16003.0,1117.8388448998603,4.166666666666667,46,39,2,0,37,32,4250,9,0,0,9,7
2020-10-24,US,Idaho,Bannock,2290,10,0,42.67002716,-112.2233311,16005.0,2607.962827988338,0.4366812227074236,2280,2204,10,0,2194,2117,87138,86,0,0,86,87
2020-10-24,US,Idaho,Bear Lake,67,1,0,42.28269683,-111.32892379999998,16007.0,1093.8775510204084,1.492537313432836,66,67,1,0,66,66,6050,0,0,0,0,1
2020-10-24,US,Idaho,Benewah,170,3,0,47.21754179,-116.6586851,16009.0,1828.3501828350186,1.7647058823529411,167,169,3,0,166,168,9226,1,0,0,1,1
2020-10-24,US,Idaho,Bingham,1539,17,0,43.21672879999999,-112.3978437,16011.0,3287.6887910961104,1.1046133853151396,1522,1512,17,0,1495,1481,46236,27,0,0,27,31
2020-10-24,US,Idaho,Blaine,859,7,0,43.4085812,-113.9752658,16013.0,3731.375700447418,0.8149010477299186,852,854,7,0,847,844,22601,5,0,0,5,10
2020-10-24,US,Idaho,Boise,75,2,0,43.98829931,-115.7309284,16015.0,957.7320904099092,2.6666666666666665,73,75,2,0,73,75,7634,0,0,0,0,0
2020-10-24,US,Idaho,Bonner,470,1,0,48.29996017,-116.6017932,16017.0,1027.5694702551434,0.2127659574468085,469,460,1,0,459,454,44727,10,0,0,10,6
2020-10-24,US,Idaho,Bonneville,4249,28,0,43.38713372,-111.6161537,16019.0,3568.728897549176,0.6589785831960461,4221,4210,27,0,4183,4130,116854,39,1,0,38,80
2020-10-24,US,Idaho,Boundary,132,1,0,48.76684761,-116.4630179,16021.0,1077.9910167415273,0.7575757575757576,131,126,1,0,125,121,11948,6,0,0,6,5
2020-10-24,US,Idaho,Butte,93,0,0,43.72592209,-113.1735463,16023.0,3581.055063534848,0.0,93,92,0,0,92,86,2611,1,0,0,1,6
2020-10-24,US,Idaho,Camas,41,0,0,43.46665742,-114.8065892,16025.0,3707.052441229656,0.0,41,40,0,0,40,40,1127,1,0,0,1,0
2020-10-24,US,Idaho,Canyon,9736,108,0,43.61970148,-116.70954990000001,16027.0,4235.824389055423,1.1092851273623665,9628,9644,108,0,9536,9536,223499,92,0,0,92,108
2020-10-24,US,Idaho,Caribou,256,4,0,42.77149116,-111.5597683,16029.0,3577.9175401816915,1.5625,252,249,4,0,245,246,7060,7,0,0,7,3
2020-10-24,US,Idaho,Cassia,1324,8,0,42.28347888,-113.6012409,16031.0,5509.779442363712,0.6042296072507553,1316,1276,8,0,1268,1242,23864,48,0,0,48,34
2020-10-24,US,Idaho,Clark,40,0,0,44.28496071,-112.35057040000001,16033.0,4733.727810650888,0.0,40,40,0,0,40,40,852,0,0,0,0,0
2020-10-24,US,Idaho,Clearwater,132,0,0,46.67459924,-115.6622393,16035.0,1507.537688442211,0.0,132,132,0,0,132,130,8758,0,0,0,0,2
2020-10-24,US,Idaho,Custer,93,1,0,44.24186819,-114.2855494,16037.0,2155.2723059096174,1.075268817204301,92,93,1,0,92,93,4280,0,0,0,0,0
2020-10-24,US,Idaho,Elmore,511,4,0,43.3507101,-115.4701578,16039.0,1857.4388426447604,0.7827788649706457,507,501,4,0,497,490,27259,10,0,0,10,11
2020-10-24,US,Idaho,Franklin,337,1,0,42.18332217,-111.81496659999999,16041.0,2428.6537907177867,0.2967359050445104,336,329,1,0,328,322,13726,8,0,0,8,7
2020-10-24,US,Idaho,Fremont,462,4,0,44.22800938,-111.48099429999999,16043.0,3526.986792884953,0.8658008658008658,458,437,3,0,434,389,13168,25,1,0,24,48
2020-10-24,US,Idaho,Gem,415,6,0,44.06482372,-116.398376,16045.0,2291.298586572438,1.4457831325301205,409,412,6,0,406,408,17634,3,0,0,3,4
2020-10-24,US,Idaho,Gooding,528,7,0,42.96927962,-114.81083059999999,16047.0,3478.490019105343,1.3257575757575757,521,515,6,0,509,501,15196,13,1,0,12,14
2020-10-24,US,Idaho,Idaho,336,1,0,45.84721541,-115.4634436,16049.0,2015.959680806384,0.2976190476190476,335,337,1,0,336,323,16513,-1,0,0,-1,14
2020-10-24,US,Idaho,Jefferson,919,3,0,43.82078483,-112.3131749,16051.0,3076.5625523082595,0.3264417845484222,916,911,3,0,908,895,29439,8,0,0,8,16
2020-10-24,US,Idaho,Jerome,1043,8,0,42.68891267,-114.2655033,16053.0,4272.48893986564,0.7670182166826462,1035,1034,8,0,1026,1021,24015,9,0,0,9,13
2020-10-24,US,Idaho,Kootenai,3921,48,0,47.67282258,-116.7020872,16055.0,2366.3675262678257,1.224177505738332,3873,3801,48,0,3753,3677,161505,120,0,0,120,124
2020-10-24,US,Idaho,Latah,887,0,0,46.81587887,-116.71136979999999,16057.0,2211.5288720454773,0.0,887,886,0,0,886,862,40134,1,0,0,1,24
2020-10-24,US,Idaho,Lemhi,204,0,0,44.9438088,-113.9309747,16059.0,2541.422698392924,0.0,204,203,0,0,203,196,7961,1,0,0,1,7
2020-10-24,US,Idaho,Lewis,76,3,0,46.23315327,-116.434146,16061.0,1980.1980198019805,3.947368421052632,73,75,3,0,72,73,3861,1,0,0,1,2
2020-10-24,US,Idaho,Lincoln,163,1,0,43.0012336,-114.1358773,16063.0,3037.64442787924,0.6134969325153374,162,154,0,0,154,150,5360,9,1,0,8,4
2020-10-24,US,Idaho,Madison,2401,3,0,43.78141028,-111.65384740000002,16065.0,6016.4883353797595,0.12494793835901707,2398,2328,3,0,2325,2236,39304,73,0,0,73,92
2020-10-24,US,Idaho,Minidoka,1148,8,0,42.85518524,-113.6357257,16067.0,5456.533105185607,0.6968641114982579,1140,1126,8,0,1118,1113,20825,22,0,0,22,13
2020-10-24,US,Idaho,Nez Perce,757,24,0,46.32638236,-116.75009750000001,16069.0,1873.391407642051,3.170409511228533,733,757,24,0,733,725,40408,0,0,0,0,32
2020-10-24,US,Idaho,Oneida,45,0,0,42.19494279999999,-112.5407838,16071.0,993.1582432134187,0.0,45,44,0,0,44,38,4488,1,0,0,1,6
2020-10-24,US,Idaho,Owyhee,387,5,0,42.58016894,-116.16938710000001,16073.0,3273.280893174321,1.2919896640826871,382,384,5,0,379,380,11693,3,0,0,3,4
2020-10-24,US,Idaho,Payette,1112,10,0,44.00545243,-116.7647695,16075.0,4642.812408667696,0.8992805755395683,1102,1104,10,0,1094,1098,23551,8,0,0,8,6
2020-10-24,US,Idaho,Power,356,2,0,42.69254894,-112.83957420000002,16077.0,4634.813175367791,0.5617977528089888,354,355,2,0,353,353,7768,1,0,0,1,2
2020-10-24,US,Idaho,Shoshone,259,20,0,47.35364087,-115.89167490000001,16079.0,2010.5573668684988,7.722007722007723,239,253,20,0,233,245,12796,6,0,0,6,8
2020-10-24,US,Idaho,Teton,274,2,0,43.75303583,-111.2056773,16081.0,2256.629879756218,0.7299270072992701,272,274,2,0,272,273,11640,0,0,0,0,1
2020-10-24,US,Idaho,Twin Falls,3804,46,0,42.35440512,-114.6685381,16083.0,4378.553834112204,1.2092534174553102,3758,3734,44,0,3690,3637,86081,70,2,0,68,97
2020-10-24,US,Idaho,Valley,115,1,0,44.76728382,-115.5676773,16085.0,1009.4803370786516,0.8695652173913043,114,113,1,0,112,111,11041,2,0,0,2,2
2020-10-24,US,Idaho,Washington,441,8,0,44.45275475,-116.78476880000001,16087.0,4326.074161271336,1.8140589569161,433,436,8,0,428,434,10161,5,0,0,5,2
2020-10-24,US,Illinois,Adams,1838,19,0,39.98815591,-91.18786813,17001.0,2808.894322610224,1.0337323177366704,1819,1767,16,0,1751,1730,65691,71,3,0,68,37
2020-10-24,US,Illinois,Alexander,120,1,0,37.18049267,-89.32910838,17003.0,2082.9717063009894,0.8333333333333334,119,117,1,0,116,113,6060,3,0,0,3,4
2020-10-24,US,Illinois,Bond,488,9,0,38.88829622,-89.43534887,17005.0,2970.8997930110804,1.8442622950819672,479,484,9,0,475,483,16630,4,0,0,4,1
2020-10-24,US,Illinois,Boone,1830,25,0,42.32359279,-88.82345779,17007.0,3417.7498879426257,1.3661202185792352,1805,1790,25,0,1765,1774,53577,40,0,0,40,16
2020-10-24,US,Illinois,Brown,107,0,0,39.96209138,-90.75068024,17009.0,1626.6342353298874,0.0,107,105,0,0,105,103,6556,2,0,0,2,2
2020-10-24,US,Illinois,Bureau,895,17,0,41.40385234,-89.5283051,17011.0,2743.042785337747,1.899441340782123,878,881,17,0,864,879,32993,14,0,0,14,2
2020-10-24,US,Illinois,Calhoun,67,0,0,39.16840183,-90.66330078,17013.0,1413.8003798269674,0.0,67,67,0,0,67,67,4802,0,0,0,0,0
2020-10-24,US,Illinois,Carroll,401,11,0,42.06823429,-89.93395545,17015.0,2803.2156588605385,2.743142144638404,390,384,9,0,375,383,14312,17,2,0,15,1
2020-10-24,US,Illinois,Cass,460,11,0,39.96991073,-90.24734436,17017.0,3786.943278175682,2.391304347826087,449,459,11,0,448,455,12260,1,0,0,1,4
2020-10-24,US,Illinois,Champaign,6048,29,0,40.13919438,-88.20046615,17019.0,2884.2714686988825,0.4794973544973545,6019,5945,28,0,5917,5893,209983,103,1,0,102,52
2020-10-24,US,Illinois,Christian,811,29,0,39.54581621,-89.27780482,17021.0,2510.5250123823675,3.5758323057953145,782,803,29,0,774,800,32661,8,0,0,8,3
2020-10-24,US,Illinois,Clark,307,17,0,39.33425789,-87.78705622,17023.0,1988.213198627032,5.537459283387622,290,298,11,0,287,292,15596,9,6,0,3,6
2020-10-24,US,Illinois,Clay,307,13,0,38.75388572,-88.48914513,17025.0,2328.5800970873793,4.234527687296417,294,302,13,0,289,298,13253,5,0,0,5,4
2020-10-24,US,Illinois,Clinton,1733,26,0,38.60704876,-89.42385254,17027.0,4613.7053405036995,1.5002885170225044,1707,1709,26,0,1683,1687,37639,24,0,0,24,22
2020-10-24,US,Illinois,Coles,1896,39,0,39.51949084,-88.22358557,17029.0,3745.481124434523,2.056962025316456,1857,1864,38,0,1826,1828,50885,32,1,0,31,36
2020-10-24,US,Illinois,Cook,173817,5409,0,41.84144849,-87.81658794,17031.0,3374.934687420938,3.1118935432092374,168408,171437,5392,0,166045,170039,5180493,2380,17,0,2363,1398
2020-10-24,US,Illinois,Crawford,644,6,0,39.0032229,-87.75954624,17033.0,3449.938393957251,0.9316770186335404,638,645,6,0,639,639,18807,-1,0,0,-1,6
2020-10-24,US,Illinois,Cumberland,281,6,0,39.27432424,-88.2401158,17035.0,2610.0687349061864,2.1352313167259784,275,270,6,0,264,262,10808,11,0,0,11,8
2020-10-24,US,Illinois,De Witt,255,6,0,40.17514519,-88.90959682,17039.0,1630.6433047704306,2.3529411764705883,249,251,5,0,246,248,15769,4,1,0,3,3
2020-10-24,US,Illinois,DeKalb,2317,42,0,41.89373302,-88.76958483,17037.0,2208.8334270760847,1.8126888217522656,2275,2251,42,0,2209,2213,104143,66,0,0,66,38
2020-10-24,US,Illinois,Douglas,655,9,0,39.76768052,-88.21854195,17041.0,3365.014127921911,1.3740458015267176,646,616,8,0,608,604,19479,39,1,0,38,12
2020-10-24,US,Illinois,DuPage,22546,607,0,41.85116968,-88.08642662,17043.0,2442.89597917915,2.692273574026435,21939,22100,605,0,21495,21776,928589,446,2,0,444,324
2020-10-24,US,Illinois,Edgar,153,10,0,39.6809186,-87.74759563,17045.0,891.5564361051221,6.5359477124183005,143,151,8,0,143,150,17360,2,2,0,0,1
2020-10-24,US,Illinois,Edwards,107,0,0,38.41353228,-88.05720863,17047.0,1673.182173573104,0.0,107,105,0,0,105,101,6392,2,0,0,2,4
2020-10-24,US,Illinois,Effingham,1159,4,0,39.05935711,-88.58969584,17049.0,3408.0216419665962,0.3451251078515962,1155,1139,4,0,1135,1121,34208,20,0,0,20,18
2020-10-24,US,Illinois,Fayette,674,22,0,39.00072038,-89.02452658,17051.0,3158.9801274840643,3.264094955489614,652,666,22,0,644,660,21416,8,0,0,8,6
2020-10-24,US,Illinois,Ford,191,12,0,40.59706922,-88.22350769,17053.0,1473.6517244039812,6.282722513089006,179,187,11,0,176,187,13264,4,1,0,3,0
2020-10-24,US,Illinois,Franklin,952,9,0,37.99189086,-88.92567818,17055.0,2474.7199043385585,0.9453781512605042,943,930,8,0,922,913,38701,22,1,0,21,17
2020-10-24,US,Illinois,Fulton,498,1,0,40.47289135,-90.20862357,17057.0,1450.2038439138032,0.2008032128514056,497,473,1,0,472,460,34844,25,0,0,25,13
2020-10-24,US,Illinois,Gallatin,106,2,0,37.76430935,-88.22953869,17059.0,2195.5260977630487,1.8867924528301887,104,106,2,0,104,106,5058,0,0,0,0,0
2020-10-24,US,Illinois,Greene,287,15,0,39.35907414,-90.388865,17061.0,2212.969388541908,5.2264808362369335,272,281,15,0,266,280,13044,6,0,0,6,1
2020-10-24,US,Illinois,Grundy,960,7,0,41.28569601,-88.41905692,17063.0,1880.3619696791632,0.7291666666666666,953,936,7,0,929,923,50972,24,0,0,24,13
2020-10-24,US,Illinois,Hamilton,117,2,0,38.08163641,-88.53883373,17065.0,1441.596845736816,1.709401709401709,115,114,2,0,112,114,8163,3,0,0,3,0
2020-10-24,US,Illinois,Hancock,309,4,0,40.40423981,-91.16313899,17067.0,1744.9740230404334,1.2944983818770226,305,298,4,0,294,292,17844,11,0,0,11,6
2020-10-24,US,Illinois,Hardin,53,0,0,37.51810645,-88.26873022,17069.0,1387.071447265114,0.0,53,53,0,0,53,53,3910,0,0,0,0,0
2020-10-24,US,Illinois,Henderson,128,0,0,40.81908672,-90.92491462,17071.0,1925.9705085765875,0.0,128,121,0,0,121,121,6709,7,0,0,7,0
2020-10-24,US,Illinois,Henry,842,7,0,41.3533994,-90.13296166,17073.0,1721.4237523766687,0.831353919239905,835,831,7,0,824,820,49090,11,0,0,11,11
2020-10-24,US,Illinois,Iroquois,489,19,0,40.74717633,-87.82466784,17075.0,1803.4963487497234,3.8854805725971366,470,475,19,0,456,468,27604,14,0,0,14,7
2020-10-24,US,Illinois,Jackson,1524,26,0,37.78595185,-89.38232563,17077.0,2685.4625550660794,1.7060367454068242,1498,1511,26,0,1485,1491,57419,13,0,0,13,20
2020-10-24,US,Illinois,Jasper,261,10,0,39.01054275,-88.15437049,17079.0,2715.9209157127993,3.8314176245210727,251,260,10,0,250,258,9611,1,0,0,1,2
2020-10-24,US,Illinois,Jefferson,893,48,0,38.29980057,-88.9240025,17081.0,2369.705976011039,5.375139977603585,845,894,46,0,848,888,37820,-1,2,0,-3,6
2020-10-24,US,Illinois,Jersey,470,21,0,39.08869046,-90.35393073,17083.0,2158.636843797364,4.468085106382978,449,467,21,0,446,467,21847,3,0,0,3,0
2020-10-24,US,Illinois,Jo Daviess,486,7,0,42.36542373,-90.21094405,17085.0,2288.6743583706148,1.4403292181069958,479,472,7,0,465,461,21366,14,0,0,14,11
2020-10-24,US,Illinois,Johnson,346,0,0,37.45939802,-88.88165419,17087.0,2786.502375775147,0.0,346,340,0,0,340,332,12456,6,0,0,6,8
2020-10-24,US,Illinois,Kane,16453,347,0,41.93842729,-88.42861412,17089.0,3090.328191238592,2.1090378654348747,16106,16211,346,0,15865,16038,534216,242,1,0,241,173
2020-10-24,US,Illinois,Kankakee,3366,80,0,41.13746989,-87.86205334,17091.0,3063.8437312264477,2.3767082590612003,3286,3313,79,0,3234,3288,110024,53,1,0,52,25
2020-10-24,US,Illinois,Kendall,2630,30,0,41.59081014,-88.42869583,17093.0,2038.9177455616714,1.1406844106463878,2600,2595,28,0,2567,2555,127915,35,2,0,33,40
2020-10-24,US,Illinois,Knox,1272,16,0,40.93148779,-90.21330340000002,17095.0,2559.4076339564176,1.2578616352201255,1256,1231,16,0,1215,1190,50112,41,0,0,41,41
2020-10-24,US,Illinois,LaSalle,2378,63,0,41.34426129999999,-88.88633881,17099.0,2188.296570319042,2.6492851135407904,2315,2320,63,0,2257,2281,109430,58,0,0,58,39
2020-10-24,US,Illinois,Lake,20485,509,0,42.3224907,-88.00367925,17097.0,2940.986454377741,2.484744935318526,19976,20157,508,0,19649,20042,700832,328,1,0,327,115
2020-10-24,US,Illinois,Lawrence,332,8,0,38.71987914,-87.72884035,17101.0,2117.617042990177,2.409638554216868,324,324,8,0,316,323,15765,8,0,0,8,1
2020-10-24,US,Illinois,Lee,705,1,0,41.74583951,-89.29977132,17103.0,2067.6912247770997,0.14184397163120568,704,669,1,0,668,658,34223,36,0,0,36,11
2020-10-24,US,Illinois,Livingston,626,10,0,40.89188292,-88.55784752,17105.0,1756.0592459605027,1.597444089456869,616,608,10,0,598,597,35761,18,0,0,18,11
2020-10-24,US,Illinois,Logan,589,4,0,40.12581572,-89.36638784,17107.0,2058.145223286044,0.6791171477079796,585,568,4,0,564,566,28925,21,0,0,21,2
2020-10-24,US,Illinois,Macon,2969,51,0,39.86064913,-88.96342505,17115.0,2854.5606630195466,1.7177500842034354,2918,2832,51,0,2781,2794,104712,137,0,0,137,38
2020-10-24,US,Illinois,Macoupin,784,10,0,39.26119767,-89.92424028,17117.0,1745.0919289498286,1.2755102040816326,774,771,10,0,761,760,45313,13,0,0,13,11
2020-10-24,US,Illinois,Madison,7084,154,0,38.83042506,-89.90422563,17119.0,2693.884380490253,2.1739130434782608,6930,7021,154,0,6867,6957,264461,63,0,0,63,64
2020-10-24,US,Illinois,Marion,991,19,0,38.64963204,-88.91899208,17121.0,2663.620481118129,1.917255297679112,972,976,17,0,959,896,37620,15,2,0,13,80
2020-10-24,US,Illinois,Marshall,150,3,0,41.0327901,-89.34510444,17123.0,1311.4180800839308,2.0,147,148,3,0,145,142,11534,2,0,0,2,6
2020-10-24,US,Illinois,Mason,300,1,0,40.23917274,-89.91824452,17125.0,2245.6770716370984,0.3333333333333333,299,298,1,0,297,294,13565,2,0,0,2,4
2020-10-24,US,Illinois,Massac,154,2,0,37.22078441,-88.71036614,17127.0,1118.2108626198083,1.2987012987012987,152,147,2,0,145,146,14080,7,0,0,7,1
2020-10-24,US,Illinois,McDonough,739,20,0,40.45674722,-90.67775541,17109.0,2489.7244121016106,2.706359945872801,719,720,17,0,703,708,29955,19,3,0,16,12
2020-10-24,US,Illinois,McHenry,6225,120,0,42.32451172,-88.45248227,17111.0,2022.5880028852341,1.9277108433734942,6105,6049,120,0,5929,5943,308570,176,0,0,176,106
2020-10-24,US,Illinois,McLean,4103,34,0,40.48996987,-88.84621113,17113.0,2392.1826990910517,0.8286619546673166,4069,4041,34,0,4007,3997,172828,62,0,0,62,44
2020-10-24,US,Illinois,Menard,182,1,0,40.02742725,-89.80246001,17129.0,1492.2925549360446,0.5494505494505495,181,173,1,0,172,171,12288,9,0,0,9,2
2020-10-24,US,Illinois,Mercer,252,6,0,41.20596782,-90.74290052,17131.0,1632.441536567986,2.380952380952381,246,244,6,0,238,237,15601,8,0,0,8,7
2020-10-24,US,Illinois,Monroe,903,29,0,38.27594376,-90.17761038,17133.0,2607.0387158241188,3.2115171650055374,874,901,28,0,873,884,34335,2,1,0,1,17
2020-10-24,US,Illinois,Montgomery,609,16,0,39.23198845,-89.47809254,17135.0,2143.309636094883,2.6272577996715927,593,595,15,0,580,587,28601,14,1,0,13,8
2020-10-24,US,Illinois,Morgan,890,24,0,39.71654544,-90.20255104,17137.0,2644.2450531820073,2.696629213483146,866,868,24,0,844,865,33976,22,0,0,22,3
2020-10-24,US,Illinois,Moultrie,408,4,0,39.64187451,-88.62099969,17139.0,2813.5990621336464,0.9803921568627452,404,396,5,0,391,390,14717,12,-1,0,13,6
2020-10-24,US,Illinois,Ogle,1185,7,0,42.04165196,-89.32184679,17141.0,2339.908773176945,0.5907172995780591,1178,1147,7,0,1140,1137,50923,38,0,0,38,10
2020-10-24,US,Illinois,Out of IL,8,0,0,0.0,0.0,80017.0,0.0,0.0,8,9,0,0,9,5,,-1,0,0,-1,4
2020-10-24,US,Illinois,Peoria,4485,70,0,40.78702156,-89.76078901,17143.0,2503.083508670101,1.5607580824972132,4415,4433,68,0,4365,4388,180621,52,2,0,50,45
2020-10-24,US,Illinois,Perry,430,16,0,38.08510853,-89.36856219,17145.0,2055.8424172882005,3.72093023255814,414,421,16,0,405,415,21174,9,0,0,9,6
2020-10-24,US,Illinois,Piatt,244,0,0,40.01360584,-88.59319339,17147.0,1492.90259422418,0.0,244,234,0,0,234,224,16396,10,0,0,10,10
2020-10-24,US,Illinois,Pike,332,6,0,39.62265059,-90.8877017,17149.0,2133.5389756442387,1.8072289156626504,326,323,4,0,319,304,15611,9,2,0,7,19
2020-10-24,US,Illinois,Pope,42,1,0,37.41391284,-88.56152109,17151.0,1005.5063442662198,2.380952380952381,41,41,1,0,40,38,4212,1,0,0,1,3
2020-10-24,US,Illinois,Pulaski,235,1,0,37.22631423,-89.13085001,17153.0,4404.873477038425,0.425531914893617,234,233,1,0,232,230,5463,2,0,0,2,3
2020-10-24,US,Illinois,Putnam,90,0,0,41.2013541,-89.2869272,17155.0,1568.2174594877154,0.0,90,88,0,0,88,88,5740,2,0,0,2,0
2020-10-24,US,Illinois,Randolph,1249,15,0,38.05095369,-89.82512254,17157.0,3929.897426216097,1.200960768614892,1234,1238,15,0,1223,1220,32106,11,0,0,11,18
2020-10-24,US,Illinois,Richland,333,16,0,38.71240969,-88.08475366,17159.0,2146.586733707213,4.804804804804805,317,330,16,0,314,325,15763,3,0,0,3,5
2020-10-24,US,Illinois,Rock Island,3960,90,0,41.46613806,-90.57042164,17161.0,2791.110735203941,2.272727272727273,3870,3889,90,0,3799,3822,143477,71,0,0,71,67
2020-10-24,US,Illinois,Saline,555,9,0,37.75332999,-88.54119706,17165.0,2362.606955855434,1.6216216216216215,546,539,9,0,530,524,23906,16,0,0,16,15
2020-10-24,US,Illinois,Sangamon,3896,63,0,39.75836914,-89.65872023,17167.0,2001.3150324648639,1.6170431211498972,3833,3745,63,0,3682,3722,195348,151,0,0,151,23
2020-10-24,US,Illinois,Schuyler,91,1,0,40.157179799999994,-90.61114163,17169.0,1344.562647754137,1.0989010989010992,90,88,1,0,87,84,6907,3,0,0,3,4
2020-10-24,US,Illinois,Scott,102,0,0,39.642916899999996,-90.47814431,17171.0,2060.189860634215,0.0,102,102,0,0,102,100,4926,0,0,0,0,2
2020-10-24,US,Illinois,Shelby,653,12,0,39.39133527,-88.80611122,17173.0,3018.396967735971,1.8376722817764168,641,638,12,0,626,631,21741,15,0,0,15,7
2020-10-24,US,Illinois,St. Clair,7878,218,0,38.46996033,-89.93063427,17163.0,3033.663732353689,2.7671997969027666,7660,7814,217,0,7597,7759,261059,64,1,0,63,55
2020-10-24,US,Illinois,Stark,85,3,0,41.09309773,-89.79745866,17175.0,1591.1643579183826,3.5294117647058822,82,83,2,0,81,83,5427,2,1,0,1,0
2020-10-24,US,Illinois,Stephenson,949,7,0,42.35129217,-89.662598,17177.0,2132.680120454852,0.7376185458377239,942,900,7,0,893,865,44753,49,0,0,49,35
2020-10-24,US,Illinois,Tazewell,2594,56,0,40.50716185,-89.51404662,17179.0,1968.0887384960888,2.1588280647648417,2538,2559,53,0,2506,2522,132328,35,3,0,32,37
2020-10-24,US,Illinois,Unassigned,4787,270,0,0.0,0.0,90017.0,0.0,5.6402757468142894,4517,4765,270,0,4495,3631,,22,0,0,22,1134
2020-10-24,US,Illinois,Union,784,25,0,37.47119609,-89.25548938,17181.0,4707.860445565364,3.1887755102040822,759,751,25,0,726,746,16841,33,0,0,33,5
2020-10-24,US,Illinois,Vermilion,1697,10,0,40.18417171,-87.73384359,17183.0,2240.0274558462474,0.5892751915144372,1687,1653,10,0,1643,1619,76806,44,0,0,44,34
2020-10-24,US,Illinois,Wabash,220,5,0,38.44272901,-87.84922065,17185.0,1909.7222222222226,2.272727272727273,215,218,5,0,213,216,11549,2,0,0,2,2
2020-10-24,US,Illinois,Warren,493,8,0,40.84925021,-90.6147432,17187.0,2926.8582284492995,1.6227180527383367,485,487,8,0,479,474,17032,6,0,0,6,13
2020-10-24,US,Illinois,Washington,301,2,0,38.35309213,-89.40982703,17189.0,2167.4947792899834,0.6644518272425249,299,297,1,0,296,289,13995,4,1,0,3,8
2020-10-24,US,Illinois,Wayne,481,12,0,38.42955355,-88.42586459,17191.0,2966.389145852605,2.4948024948024954,469,473,12,0,461,473,16332,8,0,0,8,0
2020-10-24,US,Illinois,White,264,4,0,38.08706198,-88.17657461,17193.0,1950.2105340917483,1.5151515151515151,260,259,4,0,255,248,13665,5,0,0,5,11
2020-10-24,US,Illinois,Whiteside,1387,25,0,41.75509713,-89.91556058,17195.0,2513.819664703217,1.8024513338139867,1362,1321,25,0,1296,1297,55626,66,0,0,66,24
2020-10-24,US,Illinois,Will,18179,427,0,41.44619267,-87.97862712,17197.0,2631.803724395325,2.3488640739314595,17752,17862,426,0,17436,17616,692310,317,1,0,316,246
2020-10-24,US,Illinois,Williamson,1857,59,0,37.73033511,-88.92994027,17199.0,2788.4138925176812,3.1771674744211094,1798,1832,59,0,1773,1800,67056,25,0,0,25,32
2020-10-24,US,Illinois,Winnebago,10052,180,0,42.33641854,-89.16085327,17201.0,3557.3234432286285,1.7906884202148825,9872,9857,179,0,9678,9736,284081,195,1,0,194,121
2020-10-24,US,Illinois,Woodford,596,14,0,40.78579374,-89.20973757,17203.0,1549.7022803505026,2.348993288590604,582,580,14,0,566,568,38463,16,0,0,16,12
2020-10-24,US,Indiana,Adams,510,7,0,40.7457653,-84.93671406,18001.0,1425.4968275707856,1.3725490196078431,503,502,7,0,495,483,35636,8,0,0,8,19
2020-10-24,US,Indiana,Allen,8424,230,0,41.09194313,-85.06800636,18003.0,2220.939153543774,2.730294396961064,8194,8278,230,0,8048,8129,375351,146,0,0,146,149
2020-10-24,US,Indiana,Bartholomew,1453,58,0,39.20744865,-85.89558181,18005.0,1734.3248308048558,3.9917412250516175,1395,1433,58,0,1375,1415,82753,20,0,0,20,18
2020-10-24,US,Indiana,Benton,109,0,0,40.60626947,-87.31093999,18007.0,1245.9990855052586,0.0,109,112,0,0,112,110,8653,-3,0,0,-3,2
2020-10-24,US,Indiana,Blackford,231,3,0,40.47388153,-85.32499702,18009.0,1964.6198333049842,1.2987012987012987,228,219,3,0,216,209,11930,12,0,0,12,10
2020-10-24,US,Indiana,Boone,1269,50,0,40.0509304,-86.46841646,18011.0,1870.4951137184385,3.9401103230890464,1219,1245,50,0,1195,1222,66999,24,0,0,24,23
2020-10-24,US,Indiana,Brown,146,3,0,39.19605589,-86.22868909,18013.0,967.3999469917836,2.054794520547945,143,143,3,0,140,139,15234,3,0,0,3,4
2020-10-24,US,Indiana,Carroll,332,13,0,40.580783200000006,-86.56198812,18015.0,1638.9396258083625,3.9156626506024095,319,329,13,0,316,325,20127,3,0,0,3,4
2020-10-24,US,Indiana,Cass,2269,22,0,40.76135835,-86.34830753,18017.0,6020.324232534694,0.9695901278096076,2247,2255,22,0,2233,2240,37955,14,0,0,14,15
2020-10-24,US,Indiana,Clark,3007,63,0,38.48015445,-85.70510334,18019.0,2541.799800510558,2.0951114067176593,2944,2967,62,0,2905,2939,117360,40,1,0,39,28
2020-10-24,US,Indiana,Clay,456,7,0,39.39561833,-87.11723506,18021.0,1738.7988560533845,1.5350877192982455,449,453,7,0,446,446,26170,3,0,0,3,7
2020-10-24,US,Indiana,Clinton,889,16,0,40.30319754,-86.47277257,18023.0,2743.911849131146,1.7997750281214848,873,867,16,0,851,847,32250,22,0,0,22,20
2020-10-24,US,Indiana,Crawford,160,1,0,38.28814402,-86.44518825,18025.0,1512.7162711543915,0.625,159,159,1,0,158,158,10558,1,0,0,1,1
2020-10-24,US,Indiana,Daviess,902,34,0,38.70186039,-87.07185406,18027.0,2704.566579712752,3.76940133037694,868,893,34,0,859,871,33147,9,0,0,9,22
2020-10-24,US,Indiana,DeKalb,745,11,0,41.39804622,-84.99906934,18033.0,1713.6285221391604,1.4765100671140938,734,720,11,0,709,710,43226,25,0,0,25,10
2020-10-24,US,Indiana,Dearborn,1000,28,0,39.14647946,-84.97333539,18029.0,2021.9175866391688,2.8,972,980,28,0,952,949,49568,20,0,0,20,31
2020-10-24,US,Indiana,Decatur,517,39,0,39.30712658,-85.50087166,18031.0,1946.6094355962198,7.543520309477756,478,507,39,0,468,504,26794,10,0,0,10,3
2020-10-24,US,Indiana,Delaware,3034,74,0,40.22787247,-85.39732772,18035.0,2658.255574538923,2.4390243902439024,2960,2970,74,0,2896,2932,114772,64,0,0,64,38
2020-10-24,US,Indiana,Dubois,1427,26,0,38.36597551,-86.87924170000002,18037.0,3339.105204043429,1.8220042046250875,1401,1396,26,0,1370,1386,42565,31,0,0,31,10
2020-10-24,US,Indiana,Elkhart,9026,137,0,41.59761169,-85.85875695,18039.0,4374.312424578731,1.5178373587414138,8889,8890,135,0,8755,8759,205560,136,2,0,134,131
2020-10-24,US,Indiana,Fayette,732,18,0,39.63684962,-85.17797541,18041.0,3168.5568349060686,2.459016393442623,714,690,18,0,672,666,23047,42,0,0,42,24
2020-10-24,US,Indiana,Floyd,1839,68,0,38.32117957,-85.90385377,18043.0,2342.0187972797435,3.6976617727025562,1771,1801,67,0,1734,1791,77781,38,1,0,37,10
2020-10-24,US,Indiana,Fountain,319,3,0,40.12361933,-87.24217689,18045.0,1951.5477792732167,0.9404388714733544,316,307,3,0,304,294,16351,12,0,0,12,13
2020-10-24,US,Indiana,Franklin,379,25,0,39.4142482,-85.06062647,18047.0,1665.3484488970914,6.596306068601582,354,376,25,0,351,372,22736,3,0,0,3,4
2020-10-24,US,Indiana,Fulton,371,4,0,41.0469907,-86.26252745,18049.0,1857.4146390307396,1.0781671159029649,367,365,3,0,362,352,20092,6,1,0,5,13
2020-10-24,US,Indiana,Gibson,915,12,0,38.30393723,-87.58054938,18051.0,2718.440833060994,1.3114754098360657,903,886,12,0,874,871,33452,29,0,0,29,15
2020-10-24,US,Indiana,Grant,1297,39,0,40.51587228,-85.65468702,18053.0,1972.0537031124088,3.0069390902081725,1258,1278,39,0,1239,1253,65936,19,0,0,19,25
2020-10-24,US,Indiana,Greene,558,38,0,39.03630547,-86.96223202,18055.0,1748.0107762671512,6.810035842293908,520,553,37,0,516,533,32006,5,1,0,4,20
2020-10-24,US,Indiana,Hamilton,6293,114,0,40.07306535,-86.05244729,18057.0,1861.7737292573318,1.8115366279993643,6179,6215,113,0,6102,6117,330086,78,1,0,77,98
2020-10-24,US,Indiana,Hancock,1223,44,0,39.82304555,-85.77566351,18059.0,1564.578855797769,3.5977105478331963,1179,1199,44,0,1155,1182,76351,24,0,0,24,17
2020-10-24,US,Indiana,Harrison,783,24,0,38.19467379,-86.10948271,18061.0,1932.617549055905,3.0651340996168583,759,773,24,0,749,762,40350,10,0,0,10,11
2020-10-24,US,Indiana,Hendricks,3337,133,0,39.76719009,-86.51037283,18063.0,1959.3567062608993,3.9856158225951455,3204,3302,133,0,3169,3268,167009,35,0,0,35,34
2020-10-24,US,Indiana,Henry,1297,30,0,39.93029017,-85.39625719,18065.0,2703.660468606687,2.3130300693909023,1267,1284,30,0,1254,1254,48271,13,0,0,13,30
2020-10-24,US,Indiana,Howard,1670,66,0,40.48527731,-86.11351892,18067.0,2023.1634037604188,3.9520958083832336,1604,1640,66,0,1574,1624,82366,30,0,0,30,16
2020-10-24,US,Indiana,Huntington,421,5,0,40.82907273,-85.48822092,18069.0,1152.7929901423875,1.187648456057007,416,401,5,0,396,390,36240,20,0,0,20,11
2020-10-24,US,Indiana,Jackson,1164,17,0,38.90915820000001,-86.03851889,18071.0,2631.638443625512,1.4604810996563573,1147,1144,16,0,1128,1129,44111,20,1,0,19,15
2020-10-24,US,Indiana,Jasper,643,5,0,41.02078733,-87.11553319,18073.0,1915.8572194744056,0.7776049766718507,638,617,5,0,612,594,33370,26,0,0,26,23
2020-10-24,US,Indiana,Jay,325,6,0,40.43781032,-85.00576229,18075.0,1590.3307888040713,1.8461538461538465,319,311,6,0,305,305,20764,14,0,0,14,6
2020-10-24,US,Indiana,Jefferson,345,5,0,38.78576239,-85.43633383,18077.0,1067.8469728859725,1.4492753623188406,340,343,5,0,338,341,32208,2,0,0,2,2
2020-10-24,US,Indiana,Jennings,373,13,0,38.99588883,-85.62710784,18079.0,1344.8711014963044,3.4852546916890086,360,369,13,0,356,367,27611,4,0,0,4,2
2020-10-24,US,Indiana,Johnson,3207,129,0,39.48994426,-86.10149107,18081.0,2027.6037352924438,4.0224508886810115,3078,3151,129,0,3022,3105,156225,56,0,0,56,46
2020-10-24,US,Indiana,Knox,795,10,0,38.68861576,-87.4194665,18083.0,2172.4872929988524,1.2578616352201255,785,774,10,0,764,756,36895,21,0,0,21,18
2020-10-24,US,Indiana,Kosciusko,1937,27,0,41.24521668,-85.86312322,18085.0,2437.82722513089,1.393908105317501,1910,1878,26,0,1852,1826,79344,59,1,0,58,52
2020-10-24,US,Indiana,LaGrange,821,15,0,41.64232188,-85.42674232,18087.0,2072.499621345989,1.8270401948842876,806,810,15,0,795,801,39330,11,0,0,11,9
2020-10-24,US,Indiana,LaPorte,2317,60,0,41.54366008,-86.74072188,18091.0,2108.510483401281,2.5895554596460943,2257,2266,58,0,2208,2228,110007,51,2,0,49,38
2020-10-24,US,Indiana,Lake,14023,358,0,41.41874274,-87.38277575,18089.0,2888.4041582473897,2.5529487270912075,13665,13805,355,0,13450,13570,484411,218,3,0,215,235
2020-10-24,US,Indiana,Lawrence,940,37,0,38.84112637,-86.48361629,18093.0,2071.85364778488,3.9361702127659575,903,908,37,0,871,874,45668,32,0,0,32,34
2020-10-24,US,Indiana,Madison,2449,96,0,40.16143691,-85.71964711,18095.0,1890.1126040951153,3.9199673336055536,2353,2405,95,0,2310,2350,129641,44,1,0,43,55
2020-10-24,US,Indiana,Marion,25691,791,0,39.78163624,-86.13826325,18097.0,2663.4334872514733,3.0788992254096765,24900,25392,789,0,24603,25151,954670,299,2,0,297,241
2020-10-24,US,Indiana,Marshall,1427,26,0,41.32467367,-86.26185087,18099.0,3084.8718059578882,1.8220042046250875,1401,1400,26,0,1374,1374,46248,27,0,0,27,26
2020-10-24,US,Indiana,Martin,201,0,0,38.7099921,-86.80373186,18101.0,1960.0195026816186,0.0,201,200,0,0,200,199,10217,1,0,0,1,1
2020-10-24,US,Indiana,Miami,642,5,0,40.76940965,-86.04525048,18103.0,1807.635995044487,0.778816199376947,637,630,5,0,625,609,35567,12,0,0,12,21
2020-10-24,US,Indiana,Monroe,3303,38,0,39.16130004,-86.52414358,18105.0,2225.2763910503872,1.1504692703602786,3265,3266,38,0,3228,3257,146917,37,0,0,37,9
2020-10-24,US,Indiana,Montgomery,604,22,0,40.04034823,-86.89335024,18107.0,1575.4603787365018,3.6423841059602653,582,590,22,0,568,583,38346,14,0,0,14,7
2020-10-24,US,Indiana,Morgan,974,40,0,39.47899078,-86.44573375,18109.0,1381.7758799245273,4.106776180698152,934,948,40,0,908,937,70116,26,0,0,26,11
2020-10-24,US,Indiana,Newton,230,11,0,40.95610449,-87.39635768,18111.0,1644.7368421052633,4.782608695652174,219,230,11,0,219,225,14011,0,0,0,0,5
2020-10-24,US,Indiana,Noble,1191,35,0,41.39672484,-85.41966713,18113.0,2494.5542895442363,2.9387069689336687,1156,1174,34,0,1140,1159,47532,17,1,0,16,15
2020-10-24,US,Indiana,Ohio,131,7,0,38.955304999999996,-84.96515993,18115.0,2229.787234042553,5.343511450381679,124,132,7,0,125,129,5844,-1,0,0,-1,3
2020-10-24,US,Indiana,Orange,417,25,0,38.54118920000001,-86.49523093,18117.0,2122.5694797923247,5.9952038369304566,392,409,25,0,384,404,19489,8,0,0,8,5
2020-10-24,US,Indiana,Owen,210,1,0,39.31145587,-86.83900724,18119.0,1009.6639261502955,0.4761904761904762,209,207,1,0,206,205,20845,3,0,0,3,2
2020-10-24,US,Indiana,Parke,246,4,0,39.77202286,-87.20375833,18121.0,1452.4414004841476,1.6260162601626016,242,237,4,0,233,232,16927,9,0,0,9,5
2020-10-24,US,Indiana,Perry,333,14,0,38.07809328,-86.63741946,18123.0,1737.1798215869376,4.2042042042042045,319,326,14,0,312,310,19102,7,0,0,7,16
2020-10-24,US,Indiana,Pike,340,18,0,38.40112197,-87.23574907,18125.0,2744.370005650173,5.294117647058823,322,335,18,0,317,330,12410,5,0,0,5,5
2020-10-24,US,Indiana,Porter,3323,50,0,41.45986947,-87.06848888,18127.0,1950.2432668775568,1.5046644598254588,3273,3220,49,0,3171,3136,169594,103,1,0,102,84
2020-10-24,US,Indiana,Posey,755,6,0,38.02097333,-87.86480429,18129.0,2969.2846187123932,0.7947019867549668,749,723,6,0,717,714,25540,32,0,0,32,9
2020-10-24,US,Indiana,Pulaski,160,2,0,41.04166107,-86.69890683,18131.0,1295.2319274670122,1.25,158,156,2,0,154,152,12469,4,0,0,4,4
2020-10-24,US,Indiana,Putnam,756,16,0,39.66437981,-86.84517605,18133.0,2011.9225037257825,2.1164021164021163,740,737,16,0,721,728,37779,19,0,0,19,9
2020-10-24,US,Indiana,Randolph,372,10,0,40.15734772,-85.01139319,18135.0,1508.210014190148,2.6881720430107525,362,365,9,0,356,352,24851,7,1,0,6,13
2020-10-24,US,Indiana,Ripley,466,8,0,39.10235626,-85.26212744,18137.0,1645.2478463493858,1.7167381974248928,458,453,8,0,445,441,28523,13,0,0,13,12
2020-10-24,US,Indiana,Rush,225,4,0,39.62002287,-85.4655599,18139.0,1356.9748507327665,1.7777777777777777,221,218,4,0,214,215,16663,7,0,0,7,3
2020-10-24,US,Indiana,Scott,534,13,0,38.68672078,-85.74627859,18143.0,2236.836593641352,2.4344569288389515,521,524,13,0,511,518,23878,10,0,0,10,6
2020-10-24,US,Indiana,Shelby,872,31,0,39.52305623,-85.79158570000001,18145.0,1949.518209662635,3.555045871559633,841,835,31,0,804,817,44593,37,0,0,37,18
2020-10-24,US,Indiana,Spencer,404,6,0,38.01519732,-87.0079644,18147.0,1992.4051881442028,1.4851485148514851,398,395,6,0,389,390,20327,9,0,0,9,5
2020-10-24,US,Indiana,St. Joseph,9399,165,0,41.61756781,-86.29040834,18141.0,3457.7266339496587,1.7555059048834982,9234,9277,163,0,9114,9145,270771,122,2,0,120,132
2020-10-24,US,Indiana,Starke,432,8,0,41.27890281,-86.64686895,18149.0,1878.66927592955,1.851851851851852,424,415,7,0,408,407,22935,17,1,0,16,8
2020-10-24,US,Indiana,Steuben,640,8,0,41.64423868,-85.00101094,18151.0,1850.031797421518,1.25,632,633,8,0,625,627,34586,7,0,0,7,6
2020-10-24,US,Indiana,Sullivan,452,14,0,39.08952258,-87.41414469,18153.0,2186.849871788669,3.0973451327433628,438,444,14,0,430,437,20690,8,0,0,8,7
2020-10-24,US,Indiana,Switzerland,96,0,0,38.82767338,-85.03022429,18155.0,892.9401916100827,0.0,96,96,0,0,96,92,10717,0,0,0,0,4
2020-10-24,US,Indiana,Tippecanoe,3836,15,0,40.38872739,-86.89413959,18157.0,1959.8226145954675,0.3910323253388947,3821,3759,15,0,3744,3695,193048,77,0,0,77,64
2020-10-24,US,Indiana,Tipton,280,23,0,40.31123252,-86.05234925,18159.0,1848.4288354898333,8.214285714285714,257,278,23,0,255,275,15128,2,0,0,2,3
2020-10-24,US,Indiana,Unassigned,0,236,0,0.0,0.0,90018.0,0.0,0.0,-236,0,234,0,-234,0,,0,2,0,-2,0
2020-10-24,US,Indiana,Union,112,0,0,39.62550777,-84.92497066,18161.0,1587.751630280692,0.0,112,111,0,0,111,110,7037,1,0,0,1,1
2020-10-24,US,Indiana,Vanderburgh,6011,61,0,38.02658833,-87.58763124,18163.0,3312.7400785887103,1.0148061886541342,5950,5882,61,0,5821,5767,180974,129,0,0,129,115
2020-10-24,US,Indiana,Vermillion,260,1,0,39.8523352,-87.46160542,18165.0,1677.6358239772876,0.38461538461538464,259,253,1,0,252,241,15479,7,0,0,7,12
2020-10-24,US,Indiana,Vigo,2687,40,0,39.42944561,-87.39169027,18167.0,2510.323436536557,1.48864905098623,2647,2648,40,0,2608,2605,107386,39,0,0,39,43
2020-10-24,US,Indiana,Wabash,432,9,0,40.84704239,-85.79328272,18169.0,1393.7282229965156,2.083333333333333,423,421,9,0,412,411,31280,11,0,0,11,10
2020-10-24,US,Indiana,Warren,89,1,0,40.34728141,-87.35602659,18171.0,1076.8300060496067,1.1235955056179776,88,84,1,0,83,78,8263,5,0,0,5,6
2020-10-24,US,Indiana,Warrick,1995,65,0,38.08922676,-87.2716085,18173.0,3166.767198958697,3.2581453634085213,1930,1952,65,0,1887,1929,62567,43,0,0,43,23
2020-10-24,US,Indiana,Washington,384,3,0,38.60219804,-86.1049363,18175.0,1369.6675702667999,0.78125,381,378,3,0,375,375,27943,6,0,0,6,3
2020-10-24,US,Indiana,Wayne,1353,31,0,39.863344399999995,-85.01044989,18177.0,2053.609374051363,2.2912047302291203,1322,1321,30,0,1291,1269,65936,32,1,0,31,52
2020-10-24,US,Indiana,Wells,442,11,0,40.72934187,-85.22132966,18179.0,1562.0582414475546,2.4886877828054303,431,435,11,0,424,428,28206,7,0,0,7,7
2020-10-24,US,Indiana,White,599,15,0,40.74911165,-86.86492015,18181.0,2485.270931872873,2.504173622704508,584,592,15,0,577,585,24133,7,0,0,7,7
2020-10-24,US,Indiana,Whitley,469,6,0,41.13863784,-85.50791236,18183.0,1380.8738664468258,1.279317697228145,463,463,6,0,457,455,34074,6,0,0,6,8
2020-10-24,US,Iowa,Adair,155,1,0,41.33075609,-94.47105874,19001.0,2167.2259507829976,0.6451612903225806,154,152,1,0,151,148,7063,3,0,0,3,4
2020-10-24,US,Iowa,Adams,79,0,0,41.02903567,-94.69932645,19003.0,2193.225985563576,0.0,79,74,0,0,74,70,3645,5,0,0,5,4
2020-10-24,US,Iowa,Allamakee,360,8,0,43.28383218,-91.37860922,19005.0,2630.2330678746257,2.2222222222222223,352,351,8,0,343,343,13832,9,0,0,9,8
2020-10-24,US,Iowa,Appanoose,223,3,0,40.74324454,-92.86865906,19007.0,1794.6241751166904,1.345291479820628,220,220,3,0,217,217,12437,3,0,0,3,3
2020-10-24,US,Iowa,Audubon,141,1,0,41.6844628,-94.90581859,19009.0,2565.502183406113,0.7092198581560284,140,141,1,0,140,138,5506,0,0,0,0,3
2020-10-24,US,Iowa,Benton,569,2,0,42.08011739,-92.06463573,19011.0,2218.756092805615,0.351493848857645,567,553,2,0,551,538,25642,16,0,0,16,15
2020-10-24,US,Iowa,Black Hawk,5510,98,0,42.4704581,-92.30524729,19013.0,4198.799036790929,1.778584392014519,5412,5440,98,0,5342,5350,132408,70,0,0,70,90
2020-10-24,US,Iowa,Boone,711,9,0,42.03657094,-93.9313999,19015.0,2710.223374247161,1.2658227848101269,702,703,9,0,694,696,26346,8,0,0,8,7
2020-10-24,US,Iowa,Bremer,661,9,0,42.77461496,-92.31795937,19017.0,2637.459101428457,1.361573373676248,652,655,9,0,646,638,24947,6,0,0,6,17
2020-10-24,US,Iowa,Buchanan,443,4,0,42.4709188,-91.83510825,19019.0,2092.089728453365,0.9029345372460496,439,431,4,0,427,419,21199,12,0,0,12,12
2020-10-24,US,Iowa,Buena Vista,2245,12,0,42.73545875,-95.15100162,19021.0,11442.405708460754,0.534521158129176,2233,2241,12,0,2229,2225,19874,4,0,0,4,16
2020-10-24,US,Iowa,Butler,366,2,0,42.73172833,-92.79015971,19023.0,2534.801579056721,0.5464480874316939,364,359,2,0,357,354,14539,7,0,0,7,5
2020-10-24,US,Iowa,Calhoun,300,4,0,42.38521079,-94.64046046,19025.0,3103.0202730657843,1.3333333333333333,296,290,4,0,286,285,9699,10,0,0,10,5
2020-10-24,US,Iowa,Carroll,1114,12,0,42.03617207,-94.86032705,19027.0,5524.4235060748815,1.0771992818671454,1102,1099,12,0,1087,1072,20154,15,0,0,15,27
2020-10-24,US,Iowa,Cass,378,3,0,41.33149454,-94.92792482,19029.0,2944.842630102836,0.7936507936507936,375,371,2,0,369,351,12930,7,1,0,6,20
2020-10-24,US,Iowa,Cedar,444,5,0,41.77233777,-91.13246684,19031.0,2383.63665646642,1.1261261261261262,439,437,5,0,432,420,18627,7,0,0,7,17
2020-10-24,US,Iowa,Cerro Gordo,1354,25,0,43.08177563,-93.2612239,19033.0,3189.6348645465255,1.8463810930576068,1329,1314,25,0,1289,1304,42647,40,0,0,40,10
2020-10-24,US,Iowa,Cherokee,392,2,0,42.73538914,-95.62389402,19035.0,3489.096573208723,0.5102040816326531,390,388,2,0,386,383,11321,4,0,0,4,5
2020-10-24,US,Iowa,Chickasaw,346,1,0,43.06001295,-92.31773347,19037.0,2899.5223330260633,0.28901734104046245,345,341,1,0,340,338,11964,5,0,0,5,3
2020-10-24,US,Iowa,Clarke,345,3,0,41.02868181,-93.78499767,19039.0,3672.166045769026,0.8695652173913043,342,339,3,0,336,328,9423,6,0,0,6,11
2020-10-24,US,Iowa,Clay,524,4,0,43.08247182,-95.15096481,19041.0,3271.728271728272,0.7633587786259542,520,514,4,0,510,504,16134,10,0,0,10,10
2020-10-24,US,Iowa,Clayton,407,3,0,42.84443388,-91.34133693,19043.0,2319.220468402758,0.7371007371007371,404,393,3,0,390,375,17556,14,0,0,14,18
2020-10-24,US,Iowa,Clinton,1457,26,0,41.89981633,-90.53275096,19045.0,3138.1248788472717,1.7844886753603295,1431,1430,26,0,1404,1409,46518,27,0,0,27,21
2020-10-24,US,Iowa,Crawford,1352,14,0,42.03718237,-95.3819718,19047.0,8038.049940546968,1.0355029585798816,1338,1344,14,0,1330,1337,17158,8,0,0,8,7
2020-10-24,US,Iowa,Dallas,3420,44,0,41.68560356,-94.04127625,19049.0,3659.5935925010435,1.286549707602339,3376,3397,44,0,3353,3369,90180,23,0,0,23,28
2020-10-24,US,Iowa,Davis,170,4,0,40.74773536,-92.41005468,19051.0,1888.888888888889,2.3529411764705883,166,165,4,0,161,163,9017,5,0,0,5,2
2020-10-24,US,Iowa,Decatur,149,0,0,40.73742757,-93.78645949,19053.0,1893.2655654383732,0.0,149,148,0,0,148,143,7890,1,0,0,1,5
2020-10-24,US,Iowa,Delaware,762,12,0,42.47104597,-91.3664492,19055.0,4479.454470636647,1.5748031496062993,750,742,12,0,730,729,17069,20,0,0,20,13
2020-10-24,US,Iowa,Des Moines,1354,10,0,40.92012606,-91.18326592,19057.0,3474.735032206739,0.7385524372230429,1344,1336,10,0,1326,1305,39138,18,0,0,18,31
2020-10-24,US,Iowa,Dickinson,725,7,0,43.37787725,-95.1510206,19059.0,4200.950283926295,0.9655172413793104,718,721,7,0,714,711,17153,4,0,0,4,10
2020-10-24,US,Iowa,Dubuque,5109,57,0,42.46815349,-90.88181925,19061.0,5250.177266701607,1.1156782149148559,5052,5016,57,0,4959,4896,96854,93,0,0,93,120
2020-10-24,US,Iowa,Emmet,423,17,0,43.37782951,-94.67858943,19063.0,4593.83145091225,4.018912529550828,406,420,17,0,403,415,9253,3,0,0,3,5
2020-10-24,US,Iowa,Fayette,368,4,0,42.86271799,-91.84412309999999,19065.0,1872.7735368956744,1.0869565217391304,364,360,4,0,356,354,19660,8,0,0,8,6
2020-10-24,US,Iowa,Floyd,430,11,0,43.06000529999999,-92.78940097,19067.0,2749.0090781230024,2.5581395348837206,419,425,11,0,414,424,15761,5,0,0,5,1
2020-10-24,US,Iowa,Franklin,380,18,0,42.73270384,-93.26256925,19069.0,3773.584905660377,4.7368421052631575,362,378,18,0,360,378,10124,2,0,0,2,0
2020-10-24,US,Iowa,Fremont,197,1,0,40.74542720000001,-95.60129045,19071.0,2830.4597701149432,0.5076142131979695,196,194,1,0,193,188,6993,3,0,0,3,6
2020-10-24,US,Iowa,Greene,184,0,0,42.03614551,-94.39658081,19073.0,2070.20702070207,0.0,184,183,0,0,183,182,8981,1,0,0,1,1
2020-10-24,US,Iowa,Grundy,303,5,0,42.40183723,-92.78829551,19075.0,2477.1092217135383,1.6501650165016502,298,292,5,0,287,289,12304,11,0,0,11,3
2020-10-24,US,Iowa,Guthrie,384,15,0,41.68378965,-94.50111014,19077.0,3592.4782486668537,3.90625,369,380,15,0,365,376,10720,4,0,0,4,4
2020-10-24,US,Iowa,Hamilton,466,4,0,42.38382428,-93.70197703,19079.0,3154.403303323631,0.8583690987124464,462,462,4,0,458,461,14952,4,0,0,4,1
2020-10-24,US,Iowa,Hancock,312,4,0,43.08178477,-93.73454884,19081.0,2935.089369708373,1.2820512820512822,308,306,4,0,302,298,10712,6,0,0,6,8
2020-10-24,US,Iowa,Hardin,469,7,0,42.38353877,-93.23654611,19083.0,2784.0436898967114,1.492537313432836,462,460,6,0,454,449,16868,9,1,0,8,11
2020-10-24,US,Iowa,Harrison,646,11,0,41.68330137,-95.81558439,19085.0,4598.19204213823,1.7027863777089782,635,637,11,0,626,623,14134,9,0,0,9,14
2020-10-24,US,Iowa,Henry,1046,5,0,40.98767962,-91.54436349,19087.0,5242.056730480103,0.4780114722753346,1041,1032,5,0,1027,1007,20067,14,0,0,14,25
2020-10-24,US,Iowa,Howard,266,9,0,43.35671042,-92.31702714,19089.0,2904.564315352697,3.3834586466165413,257,262,9,0,253,261,9187,4,0,0,4,1
2020-10-24,US,Iowa,Humboldt,320,3,0,42.7764426,-94.20722537,19091.0,3347.9807491106926,0.9375,317,316,3,0,313,308,9547,4,0,0,4,8
2020-10-24,US,Iowa,Ida,188,2,0,42.38696136,-95.51355387,19093.0,2740.524781341108,1.0638297872340423,186,187,2,0,185,184,6841,1,0,0,1,3
2020-10-24,US,Iowa,Iowa,396,8,0,41.68630265,-92.0643373,19095.0,2446.861097380129,2.0202020202020203,388,391,8,0,383,394,16141,5,0,0,5,-3
2020-10-24,US,Iowa,Jackson,596,3,0,42.17178824,-90.57354837,19097.0,3066.001337517362,0.5033557046979866,593,576,3,0,573,558,19432,20,0,0,20,18
2020-10-24,US,Iowa,Jasper,1081,34,0,41.68576082,-93.05567785,19099.0,2907.0861906682812,3.1452358926919515,1047,1070,34,0,1036,1055,37147,11,0,0,11,15
2020-10-24,US,Iowa,Jefferson,234,1,0,41.03192394,-91.94849466,19101.0,1279.037988521454,0.4273504273504273,233,231,1,0,230,212,18381,3,0,0,3,19
2020-10-24,US,Iowa,Johnson,5803,30,0,41.67169354,-91.58754744,19103.0,3839.48656874421,0.5169739789763915,5773,5763,30,0,5733,5717,151260,40,0,0,40,46
2020-10-24,US,Iowa,Jones,434,4,0,42.12118609,-91.13139641,19105.0,2098.5445578066824,0.9216589861751152,430,428,4,0,424,422,20744,6,0,0,6,6
2020-10-24,US,Iowa,Keokuk,160,1,0,41.33649833,-92.1785067,19107.0,1561.5850087839158,0.625,159,156,1,0,155,148,10225,4,0,0,4,8
2020-10-24,US,Iowa,Kossuth,460,0,0,43.20405458,-94.20691791,19109.0,3105.380409100115,0.0,460,451,0,0,451,446,14908,9,0,0,9,5
2020-10-24,US,Iowa,Lee,943,10,0,40.64181461,-91.48183025,19111.0,2801.794574679859,1.0604453870625663,933,931,10,0,921,907,34055,12,0,0,12,24
2020-10-24,US,Iowa,Linn,5420,129,0,42.07923082,-91.59809485,19113.0,2390.7616031335738,2.380073800738008,5291,5342,129,0,5213,5245,225909,78,0,0,78,97
2020-10-24,US,Iowa,Louisa,517,15,0,41.21842119,-91.26102611,19115.0,4685.092886270956,2.9013539651837523,502,512,15,0,497,507,11169,5,0,0,5,5
2020-10-24,US,Iowa,Lucas,199,6,0,41.02958964,-93.32780803,19117.0,2313.953488372093,3.0150753768844223,193,198,6,0,192,197,8645,1,0,0,1,1
2020-10-24,US,Iowa,Lyon,542,7,0,43.38107862,-96.20926845,19119.0,4610.803913228414,1.2915129151291511,535,533,7,0,526,528,11811,9,0,0,9,5
2020-10-24,US,Iowa,Madison,356,3,0,41.33081904,-94.01554631,19121.0,2178.9692740849555,0.8426966292134831,353,353,3,0,350,351,16249,3,0,0,3,2
2020-10-24,US,Iowa,Mahaska,678,24,0,41.33521503,-92.64083907,19123.0,3068.5675492192804,3.5398230088495577,654,670,24,0,646,659,22000,8,0,0,8,11
2020-10-24,US,Iowa,Marion,983,10,0,41.33445101,-93.09934783,19125.0,2956.1242594653113,1.017293997965412,973,963,10,0,953,957,33407,20,0,0,20,6
2020-10-24,US,Iowa,Marshall,1995,36,0,42.03586837,-92.99908190000001,19127.0,5067.43884782443,1.8045112781954888,1959,1983,36,0,1947,1959,39981,12,0,0,12,24
2020-10-24,US,Iowa,Mills,387,1,0,41.03299766,-95.61920963,19129.0,2561.3872526308824,0.25839793281653745,386,371,1,0,370,355,15063,16,0,0,16,16
2020-10-24,US,Iowa,Mitchell,267,0,0,43.35638371,-92.78887719,19131.0,2522.1991309276405,0.0,267,243,0,0,243,238,10569,24,0,0,24,5
2020-10-24,US,Iowa,Monona,241,1,0,42.05220391,-95.95743843,19133.0,2797.4463145676145,0.4149377593360996,240,236,1,0,235,236,8679,5,0,0,5,0
2020-10-24,US,Iowa,Monroe,258,11,0,41.02988815,-92.8690667,19135.0,3347.6060724017134,4.263565891472869,247,258,11,0,247,251,7790,0,0,0,0,7
2020-10-24,US,Iowa,Montgomery,168,7,0,41.03018714,-95.15642896,19137.0,1694.0607038418875,4.166666666666667,161,164,7,0,157,161,10003,4,0,0,4,3
2020-10-24,US,Iowa,Muscatine,1420,58,0,41.48370744,-91.11216970000001,19139.0,3328.3330208138013,4.084507042253522,1362,1407,58,0,1349,1393,42929,13,0,0,13,14
2020-10-24,US,Iowa,O'Brien,635,14,0,43.08310673,-95.62474482,19141.0,4617.174434668799,2.204724409448819,621,622,14,0,608,616,13840,13,0,0,13,6
2020-10-24,US,Iowa,Osceola,272,1,0,43.37824276,-95.62422844,19143.0,4565.290365894594,0.36764705882352944,271,266,0,0,266,261,6040,6,1,0,5,5
2020-10-24,US,Iowa,Page,389,0,0,40.7393172,-95.1497813,19145.0,2574.965247898325,0.0,389,386,0,0,386,374,15249,3,0,0,3,12
2020-10-24,US,Iowa,Palo Alto,309,2,0,43.08193849,-94.67824621,19147.0,3477.380148548278,0.6472491909385113,307,308,2,0,306,298,8929,1,0,0,1,10
2020-10-24,US,Iowa,Plymouth,1635,27,0,42.737633,-96.21366621,19149.0,6494.022321960521,1.6513761467889911,1608,1619,27,0,1592,1594,25095,16,0,0,16,25
2020-10-24,US,Iowa,Pocahontas,221,2,0,42.73420133,-94.67862564,19151.0,3338.872941531953,0.9049773755656108,219,219,2,0,217,217,6740,2,0,0,2,2
2020-10-24,US,Iowa,Polk,18758,288,0,41.68679484,-93.57767461,19153.0,3826.905853382868,1.5353449195010132,18470,18617,286,0,18331,18419,487204,141,2,0,139,198
2020-10-24,US,Iowa,Pottawattamie,3204,44,0,41.33640314,-95.53907776,19155.0,3437.54693903826,1.373283395755306,3160,3148,44,0,3104,3091,93533,56,0,0,56,57
2020-10-24,US,Iowa,Poweshiek,454,11,0,41.68625425,-92.53155731,19157.0,2453.523562472979,2.4229074889867843,443,447,11,0,436,441,18699,7,0,0,7,6
2020-10-24,US,Iowa,Ringgold,88,2,0,40.73518949,-94.24368535,19159.0,1798.1201471189208,2.272727272727273,86,88,2,0,86,83,4968,0,0,0,0,5
2020-10-24,US,Iowa,Sac,389,4,0,42.38624071,-95.10547892,19161.0,4001.645921201522,1.0282776349614395,385,385,4,0,381,377,9719,4,0,0,4,8
2020-10-24,US,Iowa,Scott,4446,38,0,41.63935978,-90.61959493,19163.0,2570.789219569453,0.8547008547008547,4408,4337,38,0,4299,4210,173283,109,0,0,109,127
2020-10-24,US,Iowa,Shelby,367,1,0,41.6850066,-95.31015553,19165.0,3204.12083115069,0.2724795640326976,366,362,1,0,361,360,11578,5,0,0,5,2
2020-10-24,US,Iowa,Sioux,2396,16,0,43.08221074,-96.17675679999999,19167.0,6874.1930856405115,0.667779632721202,2380,2364,16,0,2348,2343,34909,32,0,0,32,21
2020-10-24,US,Iowa,Story,3973,18,0,42.03621213,-93.46499005,19169.0,4090.941853640454,0.4530581424616159,3955,3944,18,0,3926,3910,98105,29,0,0,29,34
2020-10-24,US,Iowa,Tama,937,37,0,42.07991767,-92.53266945,19171.0,5559.511095288952,3.948772678762007,900,927,37,0,890,918,16904,10,0,0,10,9
2020-10-24,US,Iowa,Taylor,231,2,0,40.73710579,-94.69778563,19173.0,3773.893154713282,0.8658008658008658,229,231,2,0,229,230,6191,0,0,0,0,1
2020-10-24,US,Iowa,Unassigned,14,0,0,0.0,0.0,90019.0,0.0,0.0,14,8,0,0,8,14,,6,0,0,6,-6
2020-10-24,US,Iowa,Union,229,4,0,41.0277278,-94.24234847,19175.0,1870.7621926313209,1.7467248908296944,225,223,4,0,219,219,12359,6,0,0,6,4
2020-10-24,US,Iowa,Van Buren,172,2,0,40.75326764,-91.95017958,19177.0,2441.794434980125,1.162790697674419,170,167,2,0,165,166,7020,5,0,0,5,1
2020-10-24,US,Iowa,Wapello,1507,62,0,41.03064984,-92.40954728,19179.0,4309.531299150676,4.11413404114134,1445,1505,62,0,1443,1494,35205,2,0,0,2,11
2020-10-24,US,Iowa,Warren,1214,7,0,41.33559454,-93.56007641,19181.0,2358.83884506276,0.5766062602965404,1207,1203,7,0,1196,1185,51056,11,0,0,11,18
2020-10-24,US,Iowa,Washington,650,11,0,41.33577126,-91.71725711,19183.0,2959.2533576143865,1.6923076923076923,639,634,11,0,623,627,22141,16,0,0,16,7
2020-10-24,US,Iowa,Wayne,117,3,0,40.73969028,-93.32752197,19185.0,1816.4881229622727,2.5641025641025643,114,116,3,0,113,113,6401,1,0,0,1,3
2020-10-24,US,Iowa,Webster,1824,15,0,42.42853483,-94.17987389,19187.0,5080.213903743314,0.8223684210526315,1809,1807,15,0,1792,1789,36277,17,0,0,17,18
2020-10-24,US,Iowa,Winnebago,474,19,0,43.37751174,-93.73407298,19189.0,4577.940892408731,4.008438818565401,455,466,19,0,447,458,10518,8,0,0,8,8
2020-10-24,US,Iowa,Winneshiek,466,9,0,43.29094334,-91.84422722,19191.0,2331.048972037417,1.931330472103004,457,460,9,0,451,455,20029,6,0,0,6,5
2020-10-24,US,Iowa,Woodbury,7122,94,0,42.38979414,-96.0459439,19193.0,6907.3874712677125,1.3198539736029204,7028,7041,94,0,6947,6979,102539,81,0,0,81,62
2020-10-24,US,Iowa,Worth,142,0,0,43.37750768,-93.26087602,19195.0,1923.858555751253,0.0,142,137,0,0,137,134,7453,5,0,0,5,3
2020-10-24,US,Iowa,Wright,716,1,0,42.73305373,-93.73515113,19197.0,5699.729342461392,0.13966480446927373,715,710,1,0,709,707,12690,6,0,0,6,3
2020-10-24,US,Kansas,Allen,112,1,0,37.88582951,-95.30030847,20001.0,905.489530277306,0.8928571428571429,111,112,1,0,111,112,12444,0,0,0,0,0
2020-10-24,US,Kansas,Anderson,167,0,0,38.21413251,-95.29272815,20003.0,2125.222702977857,0.0,167,167,0,0,167,167,7878,0,0,0,0,0
2020-10-24,US,Kansas,Atchison,512,5,0,39.53185661,-95.30870026,20005.0,3185.4663099608038,0.9765625,507,512,5,0,507,500,16193,0,0,0,0,12
2020-10-24,US,Kansas,Barber,36,0,0,37.2288586,-98.68460053,20007.0,813.1917777275808,0.0,36,36,0,0,36,31,4472,0,0,0,0,5
2020-10-24,US,Kansas,Barton,729,7,0,38.47889676,-98.75636726,20009.0,2827.8831607122074,0.9602194787379972,722,729,7,0,722,716,26111,0,0,0,0,13
2020-10-24,US,Kansas,Bourbon,306,3,0,37.85508555,-94.84865997,20011.0,2105.4080088069354,0.9803921568627452,303,306,3,0,303,306,14653,0,0,0,0,0
2020-10-24,US,Kansas,Brown,204,5,0,39.82652589,-95.56421698,20013.0,2132.998745294856,2.4509803921568634,199,204,5,0,199,193,9598,0,0,0,0,11
2020-10-24,US,Kansas,Butler,841,3,0,37.78134351,-96.83878537,20015.0,1256.8934853760966,0.35671819262782395,838,841,3,0,838,825,66765,0,0,0,0,16
2020-10-24,US,Kansas,Chase,90,2,0,38.30292938,-96.59563862,20017.0,3398.7915407854985,2.2222222222222223,88,90,2,0,88,90,2629,0,0,0,0,0
2020-10-24,US,Kansas,Chautauqua,21,0,0,37.14994405,-96.2454192,20019.0,646.1538461538463,0.0,21,21,0,0,21,21,3309,0,0,0,0,0
2020-10-24,US,Kansas,Cherokee,660,7,0,37.16928494,-94.8462897,20021.0,3310.0957921661065,1.0606060606060606,653,660,7,0,653,650,20015,0,0,0,0,10
2020-10-24,US,Kansas,Cheyenne,111,5,0,39.78580976,-101.7318201,20023.0,4177.643959352653,4.504504504504505,106,111,5,0,106,109,2660,0,0,0,0,2
2020-10-24,US,Kansas,Clark,63,4,0,37.23577007,-99.81883015,20025.0,3159.4784353059167,6.349206349206349,59,63,4,0,59,63,2005,0,0,0,0,0
2020-10-24,US,Kansas,Clay,96,3,0,39.34948772,-97.16518128,20027.0,1199.7000749812544,3.125,93,96,3,0,93,86,7997,0,0,0,0,10
2020-10-24,US,Kansas,Cloud,116,1,0,39.48028352,-97.64925343,20029.0,1320.2822672433415,0.8620689655172413,115,116,1,0,115,104,8729,0,0,0,0,12
2020-10-24,US,Kansas,Coffey,154,9,0,38.2365018,-95.73379515,20031.0,1882.870766597384,5.8441558441558445,145,154,9,0,145,148,8233,0,0,0,0,6
2020-10-24,US,Kansas,Comanche,20,0,0,37.19114520000001,-99.27113247,20033.0,1176.4705882352941,0.0,20,20,0,0,20,20,1748,0,0,0,0,0
2020-10-24,US,Kansas,Cowley,490,10,0,37.23781842,-96.83776647,20035.0,1403.6896986364154,2.0408163265306123,480,490,10,0,480,484,35218,0,0,0,0,6
2020-10-24,US,Kansas,Crawford,1384,10,0,37.50675523,-94.85245778,20037.0,3565.356278015354,0.7225433526011561,1374,1384,10,0,1374,1354,39019,0,0,0,0,30
2020-10-24,US,Kansas,Decatur,76,1,0,39.78468441,-100.45940809999999,20039.0,2688.3622214361512,1.3157894736842106,75,76,1,0,75,72,2871,0,0,0,0,4
2020-10-24,US,Kansas,Dickinson,294,3,0,38.86600962,-97.15532383,20041.0,1592.1152388172861,1.020408163265306,291,294,3,0,291,275,18717,0,0,0,0,19
2020-10-24,US,Kansas,Doniphan,201,0,0,39.79067154,-95.14056866,20043.0,2644.7368421052633,0.0,201,201,0,0,201,190,7682,0,0,0,0,11
2020-10-24,US,Kansas,Douglas,2799,17,0,38.88503636,-95.2925121,20045.0,2289.402007214193,0.6073597713469097,2782,2799,17,0,2782,2787,121436,0,0,0,0,12
2020-10-24,US,Kansas,Edwards,67,0,0,37.88735543,-99.31263309,20047.0,2394.567548248749,0.0,67,67,0,0,67,64,2849,0,0,0,0,3
2020-10-24,US,Kansas,Elk,13,0,0,37.45338105,-96.24369667,20049.0,513.8339920948616,0.0,13,13,0,0,13,13,2508,0,0,0,0,0
2020-10-24,US,Kansas,Ellis,1352,18,0,38.91458712,-99.31751551,20051.0,4735.054109900886,1.331360946745562,1334,1352,18,0,1334,1329,28710,0,0,0,0,23
2020-10-24,US,Kansas,Ellsworth,209,1,0,38.69677695,-98.20462799,20053.0,3425.106522451655,0.4784688995215311,208,209,1,0,208,178,6196,0,0,0,0,31
2020-10-24,US,Kansas,Finney,2900,18,0,38.04340344,-100.73819379999999,20055.0,7952.395316313379,0.6206896551724138,2882,2900,18,0,2882,2851,36611,0,0,0,0,49
2020-10-24,US,Kansas,Ford,3193,13,0,37.69200114,-99.88825298,20057.0,9497.605520687706,0.4071406201064829,3180,3193,13,0,3180,3171,33888,0,0,0,0,22
2020-10-24,US,Kansas,Franklin,522,3,0,38.56443815,-95.28644341,20059.0,2043.5327278421546,0.5747126436781609,519,522,3,0,519,506,25631,0,0,0,0,16
2020-10-24,US,Kansas,Geary,385,4,0,38.99871131,-96.7577178,20061.0,1215.6615093148089,1.0389610389610389,381,385,4,0,381,384,32594,0,0,0,0,1
2020-10-24,US,Kansas,Gove,162,10,0,38.91588178,-100.4829321,20063.0,6145.6752655538685,6.172839506172839,152,162,10,0,152,162,2612,0,0,0,0,0
2020-10-24,US,Kansas,Graham,56,1,0,39.34987223,-99.88332493,20065.0,2256.2449637389204,1.7857142857142858,55,56,1,0,55,56,2492,0,0,0,0,0
2020-10-24,US,Kansas,Grant,424,8,0,37.56227336,-101.3079758,20067.0,5930.069930069929,1.8867924528301887,416,422,8,0,414,417,7336,2,0,0,2,5
2020-10-24,US,Kansas,Gray,197,0,0,37.73836671,-100.4369088,20069.0,3289.9131596526386,0.0,197,197,0,0,197,197,6033,0,0,0,0,0
2020-10-24,US,Kansas,Greeley,34,0,0,38.4808095,-101.8061079,20071.0,2759.74025974026,0.0,34,34,0,0,34,27,1227,0,0,0,0,7
2020-10-24,US,Kansas,Greenwood,85,0,0,37.8774388,-96.23250453,20073.0,1420.929455031762,0.0,85,85,0,0,85,75,6055,0,0,0,0,10
2020-10-24,US,Kansas,Hamilton,60,0,0,37.99978709,-101.7921066,20075.0,2363.135092556125,0.0,60,60,0,0,60,57,2607,0,0,0,0,3
2020-10-24,US,Kansas,Harper,149,2,0,37.19175361,-98.07578384,20077.0,2740.9860191317143,1.342281879194631,147,149,2,0,147,142,5506,0,0,0,0,7
2020-10-24,US,Kansas,Harvey,518,7,0,38.04293782,-97.42747573,20079.0,1504.5455865694619,1.351351351351351,511,518,7,0,511,506,34210,0,0,0,0,12
2020-10-24,US,Kansas,Haskell,103,1,0,37.562039399999996,-100.8710738,20081.0,2595.766129032258,0.9708737864077671,102,103,1,0,102,103,3997,0,0,0,0,0
2020-10-24,US,Kansas,Hodgeman,33,0,0,38.08780079,-99.89829881,20083.0,1839.464882943144,0.0,33,33,0,0,33,32,1818,0,0,0,0,1
2020-10-24,US,Kansas,Jackson,315,4,0,39.41673394,-95.79356799,20085.0,2391.617948523271,1.2698412698412698,311,315,4,0,311,299,13280,0,0,0,0,16
2020-10-24,US,Kansas,Jefferson,269,4,0,39.2347941,-95.38289232,20087.0,1412.592553694271,1.4869888475836432,265,269,4,0,265,266,18975,0,0,0,0,3
2020-10-24,US,Kansas,Jewell,28,1,0,39.78470589,-98.21820662,20089.0,972.5599166377216,3.571428571428572,27,28,1,0,27,28,2841,0,0,0,0,0
2020-10-24,US,Kansas,Johnson,13646,192,0,38.88548175,-94.82250877,20091.0,2265.2684839500603,1.407005715960721,13454,13494,190,0,13304,13377,597555,152,2,0,150,117
2020-10-24,US,Kansas,Kearny,139,6,0,38.00017981,-101.32168100000001,20093.0,3621.677957269411,4.316546762589929,133,139,6,0,133,133,3943,0,0,0,0,6
2020-10-24,US,Kansas,Kingman,119,3,0,37.55909527,-98.13638678,20095.0,1663.8702460850106,2.5210084033613445,116,119,3,0,116,113,7310,0,0,0,0,6
2020-10-24,US,Kansas,Kiowa,69,0,0,37.55848695,-99.2856537,20097.0,2787.878787878788,0.0,69,69,0,0,69,57,2516,0,0,0,0,12
2020-10-24,US,Kansas,Labette,372,6,0,37.19113093,-95.29849679,20099.0,1896.217759200734,1.6129032258064515,366,372,6,0,366,372,19964,0,0,0,0,0
2020-10-24,US,Kansas,Lane,21,0,0,38.48119447,-100.46607540000001,20101.0,1368.0781758957655,0.0,21,21,0,0,21,20,1560,0,0,0,0,1
2020-10-24,US,Kansas,Leavenworth,2520,18,0,39.20183497,-95.03620809,20103.0,3082.2671787470344,0.7142857142857143,2502,2520,18,0,2502,2493,81352,0,0,0,0,27
2020-10-24,US,Kansas,Lincoln,20,1,0,39.04549684,-98.20756994,20105.0,675.219446320054,5.0,19,20,1,0,19,20,3023,0,0,0,0,0
2020-10-24,US,Kansas,Linn,110,1,0,38.21267844,-94.84254089,20107.0,1133.669998969391,0.9090909090909092,109,110,1,0,109,109,9750,0,0,0,0,1
2020-10-24,US,Kansas,Logan,68,0,0,38.91735806,-101.148475,20109.0,2433.78668575519,0.0,68,68,0,0,68,68,2844,0,0,0,0,0
2020-10-24,US,Kansas,Lyon,1288,39,0,38.45576156,-96.15275715,20111.0,3880.102425064016,3.027950310559006,1249,1288,39,0,1249,1277,33406,0,0,0,0,11
2020-10-24,US,Kansas,Marion,116,1,0,38.35855394,-97.09852509999999,20115.0,976.1023224503534,0.8620689655172413,115,116,1,0,115,115,11950,0,0,0,0,1
2020-10-24,US,Kansas,Marshall,65,0,0,39.78359669,-96.52278974,20117.0,669.61986195529,0.0,65,65,0,0,65,64,9722,0,0,0,0,1
2020-10-24,US,Kansas,McPherson,390,6,0,38.39184858,-97.64769869,20113.0,1366.4073996216102,1.5384615384615383,384,390,6,0,384,372,28537,0,0,0,0,18
2020-10-24,US,Kansas,Meade,141,1,0,37.23859987,-100.36483100000001,20119.0,3496.1567071658806,0.7092198581560284,140,141,1,0,140,140,4146,0,0,0,0,1
2020-10-24,US,Kansas,Miami,509,2,0,38.56383358,-94.83832189,20121.0,1486.6956801121594,0.3929273084479371,507,509,2,0,507,509,33680,0,0,0,0,0
2020-10-24,US,Kansas,Mitchell,62,0,0,39.39331582,-98.20906732,20123.0,1036.9627027931092,0.0,62,62,0,0,62,59,6150,0,0,0,0,3
2020-10-24,US,Kansas,Montgomery,656,6,0,37.19236568,-95.74329258,20125.0,2061.0135411103083,0.9146341463414634,650,656,6,0,650,656,32120,0,0,0,0,0
2020-10-24,US,Kansas,Morris,56,0,0,38.68827511,-96.65128437,20127.0,996.44128113879,0.0,56,56,0,0,56,56,5521,0,0,0,0,0
2020-10-24,US,Kansas,Morton,41,2,0,37.19141121,-101.79925190000002,20129.0,1584.8473134905296,4.878048780487805,39,41,2,0,39,41,2667,0,0,0,0,0
2020-10-24,US,Kansas,Nemaha,258,1,0,39.78345387,-96.01392079,20131.0,2521.7476297527123,0.3875968992248062,257,258,1,0,257,258,10155,0,0,0,0,0
2020-10-24,US,Kansas,Neosho,255,0,0,37.55862897,-95.30670046,20133.0,1593.0530392953085,0.0,255,255,0,0,255,255,15951,0,0,0,0,0
2020-10-24,US,Kansas,Ness,148,9,0,38.47974157,-99.91547333,20135.0,5381.818181818182,6.081081081081082,139,148,9,0,139,129,2840,0,0,0,0,19
2020-10-24,US,Kansas,Norton,477,10,0,39.78443827,-99.90286639,20137.0,8897.59373251259,2.0964360587002098,467,477,10,0,467,464,5430,0,0,0,0,13
2020-10-24,US,Kansas,Osage,156,2,0,38.65235984,-95.72707998,20139.0,978.1177503291742,1.2820512820512822,154,156,2,0,154,152,15941,0,0,0,0,4
2020-10-24,US,Kansas,Osborne,21,0,0,39.3503437,-98.76753828,20141.0,613.8555977784274,0.0,21,21,0,0,21,21,3475,0,0,0,0,0
2020-10-24,US,Kansas,Ottawa,111,0,0,39.13237408,-97.65020313,20143.0,1946.0028050490885,0.0,111,111,0,0,111,111,5802,0,0,0,0,0
2020-10-24,US,Kansas,Pawnee,413,1,0,38.18108732,-99.23692334,20145.0,6439.0396008730895,0.2421307506053269,412,413,1,0,412,413,6562,0,0,0,0,0
2020-10-24,US,Kansas,Phillips,183,9,0,39.78465501,-99.34668865,20147.0,3496.369889186091,4.918032786885246,174,178,9,0,169,175,5317,5,0,0,5,3
2020-10-24,US,Kansas,Pottawatomie,376,0,0,39.37925655,-96.34564657,20149.0,1542.0579912233936,0.0,376,376,0,0,376,367,24277,0,0,0,0,9
2020-10-24,US,Kansas,Pratt,114,0,0,37.64780729,-98.73922153,20151.0,1243.998254037538,0.0,114,114,0,0,114,105,9378,0,0,0,0,9
2020-10-24,US,Kansas,Rawlins,82,0,0,39.78525843,-101.07616170000001,20153.0,3241.106719367589,0.0,82,82,0,0,82,76,2508,0,0,0,0,6
2020-10-24,US,Kansas,Reno,2029,15,0,37.95230263,-98.08607292,20155.0,3272.6862156843767,0.7392804337111878,2014,2005,15,0,1990,1937,62342,24,0,0,24,68
2020-10-24,US,Kansas,Republic,76,1,0,39.82799632,-97.65036709,20157.0,1639.344262295082,1.3157894736842106,75,76,1,0,75,74,4664,0,0,0,0,2
2020-10-24,US,Kansas,Rice,136,1,0,38.34616184,-98.19992118,20159.0,1426.02495543672,0.7352941176470589,135,136,1,0,135,132,9531,0,0,0,0,4
2020-10-24,US,Kansas,Riley,2123,11,0,39.28935726,-96.73420026,20161.0,2859.952581097101,0.5181347150259067,2112,2123,11,0,2112,2096,73703,0,0,0,0,27
2020-10-24,US,Kansas,Rooks,145,7,0,39.35022773,-99.32484567,20163.0,2947.154471544716,4.827586206896552,138,145,7,0,138,141,5013,0,0,0,0,4
2020-10-24,US,Kansas,Rush,98,0,0,38.52275276,-99.30863983,20165.0,3227.931488801054,0.0,98,98,0,0,98,98,3093,0,0,0,0,0
2020-10-24,US,Kansas,Russell,174,4,0,38.91462787,-98.76254297,20167.0,2537.9229871645275,2.2988505747126435,170,174,4,0,170,165,6907,0,0,0,0,9
2020-10-24,US,Kansas,Saline,1068,13,0,38.78369175,-97.65185177,20169.0,1969.6075538506934,1.2172284644194755,1055,1068,13,0,1055,1030,54401,0,0,0,0,38
2020-10-24,US,Kansas,Scott,176,1,0,38.48222076,-100.90665390000001,20171.0,3649.181007671573,0.5681818181818182,175,176,1,0,175,174,4897,0,0,0,0,2
2020-10-24,US,Kansas,Sedgwick,10733,127,0,37.6842718,-97.4608198,20173.0,2079.8694679890395,1.1832665610733253,10606,10625,127,0,10498,10465,513607,108,0,0,108,160
2020-10-24,US,Kansas,Seward,2092,13,0,37.19324632,-100.85072009999999,20175.0,9762.92701138697,0.621414913957935,2079,2049,11,0,2038,2049,21780,43,2,0,41,0
2020-10-24,US,Kansas,Shawnee,3354,77,0,39.04100763,-95.75572640000001,20177.0,1896.2544169611303,2.2957662492546214,3277,3354,77,0,3277,3333,177499,0,0,0,0,21
2020-10-24,US,Kansas,Sheridan,143,0,0,39.35018161,-100.44182590000001,20179.0,5672.352241174137,0.0,143,143,0,0,143,130,2533,0,0,0,0,13
2020-10-24,US,Kansas,Sherman,171,0,0,39.35147699,-101.71976240000001,20181.0,2889.978029406793,0.0,171,171,0,0,171,159,5899,0,0,0,0,12
2020-10-24,US,Kansas,Smith,22,0,0,39.78516566,-98.78566062,20183.0,614.0106056377338,0.0,22,22,0,0,22,19,3603,0,0,0,0,3
2020-10-24,US,Kansas,Stafford,77,1,0,38.03100851,-98.71762001,20185.0,1852.7430221366697,1.2987012987012987,76,77,1,0,76,72,4178,0,0,0,0,5
2020-10-24,US,Kansas,Stanton,48,2,0,37.56304714,-101.78435340000001,20187.0,2392.8215353938185,4.166666666666667,46,48,2,0,46,48,1987,0,0,0,0,0
2020-10-24,US,Kansas,Stevens,220,1,0,37.1923008,-101.3118967,20189.0,4010.9389243391065,0.4545454545454545,219,220,1,0,219,211,5559,0,0,0,0,9
2020-10-24,US,Kansas,Sumner,262,3,0,37.23682549,-97.47721621,20191.0,1147.3112629181994,1.1450381679389312,259,262,3,0,259,246,22996,0,0,0,0,16
2020-10-24,US,Kansas,Thomas,315,2,0,39.35107575,-101.0553705,20193.0,4050.4050405040502,0.6349206349206349,313,315,2,0,313,295,7711,0,0,0,0,20
2020-10-24,US,Kansas,Trego,91,3,0,38.91467218,-99.87284448,20195.0,3246.5215840171245,3.2967032967032965,88,91,3,0,88,87,2793,0,0,0,0,4
2020-10-24,US,Kansas,Wabaunsee,81,1,0,38.95471985,-96.20350509,20197.0,1168.6625306593564,1.2345679012345678,80,81,1,0,80,81,6899,0,0,0,0,0
2020-10-24,US,Kansas,Wallace,36,0,0,38.91686134,-101.76388759999999,20199.0,2371.5415019762845,0.0,36,36,0,0,36,33,1503,0,0,0,0,3
2020-10-24,US,Kansas,Washington,31,0,0,39.78420784,-97.08753229999999,20201.0,573.4369219385867,0.0,31,31,0,0,31,31,5420,0,0,0,0,0
2020-10-24,US,Kansas,Wichita,28,0,0,38.48178252,-101.3471509,20203.0,1321.3780084945731,0.0,28,28,0,0,28,27,2105,0,0,0,0,1
2020-10-24,US,Kansas,Wilson,113,2,0,37.55937174,-95.74323255,20205.0,1325.5131964809386,1.7699115044247788,111,113,2,0,111,106,8665,0,0,0,0,7
2020-10-24,US,Kansas,Woodson,27,0,0,37.8865336,-95.74006277,20207.0,860.4206500956022,0.0,27,27,0,0,27,27,3183,0,0,0,0,0
2020-10-24,US,Kansas,Wyandotte,8111,164,0,39.11727348,-94.76378225,20209.0,4903.009750406519,2.0219455061028238,7947,8088,162,0,7926,8059,165324,23,2,0,21,29
2020-10-24,US,Kentucky,Adair,484,21,0,37.10459774,-85.28129668,21001.0,2520.570773877721,4.338842975206612,463,471,21,0,450,461,19215,13,0,0,13,10
2020-10-24,US,Kentucky,Allen,528,11,0,36.75197631,-86.19457544,21003.0,2477.128782547502,2.083333333333333,517,518,11,0,507,512,21122,10,0,0,10,6
2020-10-24,US,Kentucky,Anderson,242,1,0,38.00671029,-84.99171713,21005.0,1063.8765551501297,0.4132231404958678,241,239,1,0,238,237,22663,3,0,0,3,2
2020-10-24,US,Kentucky,Ballard,69,1,0,37.05842757,-88.99427697,21007.0,874.7464503042596,1.4492753623188406,68,69,1,0,68,69,7979,0,0,0,0,0
2020-10-24,US,Kentucky,Barren,1100,13,0,36.96469836,-85.93338945,21009.0,2485.9318854663384,1.181818181818182,1087,1084,13,0,1071,1048,44176,16,0,0,16,36
2020-10-24,US,Kentucky,Bath,114,1,0,38.14735938,-83.74588932,21011.0,912.0,0.8771929824561403,113,114,1,0,113,108,12383,0,0,0,0,6
2020-10-24,US,Kentucky,Bell,667,17,0,36.73355174,-83.67766671,21013.0,2562.231100184389,2.548725637181409,650,660,17,0,643,647,26569,7,0,0,7,13
2020-10-24,US,Kentucky,Boone,2071,25,0,38.97065142,-84.72615357,21015.0,1550.3701873769473,1.2071463061323031,2046,2027,25,0,2002,2006,131533,44,0,0,44,21
2020-10-24,US,Kentucky,Bourbon,308,1,0,38.2054607,-84.21827874,21017.0,1556.49888821508,0.3246753246753247,307,296,1,0,295,294,20184,12,0,0,12,2
2020-10-24,US,Kentucky,Boyd,634,21,0,38.36176608,-82.68652187,21019.0,1357.0786420651566,3.3123028391167186,613,632,21,0,611,621,47240,2,0,0,2,11
2020-10-24,US,Kentucky,Boyle,439,0,0,37.62680923,-84.8633779,21021.0,1460.4125083167,0.0,439,431,0,0,431,423,30100,8,0,0,8,8
2020-10-24,US,Kentucky,Bracken,68,1,0,38.69158994,-84.08532444,21023.0,818.9810911718657,1.4705882352941178,67,66,1,0,65,65,8239,2,0,0,2,1
2020-10-24,US,Kentucky,Breathitt,121,0,0,37.52333168,-83.31959161,21025.0,958.0364212193193,0.0,121,117,0,0,117,115,12726,4,0,0,4,2
2020-10-24,US,Kentucky,Breckinridge,188,2,0,37.77377239,-86.42885017,21027.0,918.1032377789716,1.0638297872340423,186,187,2,0,185,187,20388,1,0,0,1,0
2020-10-24,US,Kentucky,Bullitt,1340,14,0,37.97162523,-85.68955617,21029.0,1640.6288260933445,1.044776119402985,1326,1316,14,0,1302,1298,81069,24,0,0,24,18
2020-10-24,US,Kentucky,Butler,400,16,0,37.20946153,-86.68748787,21031.0,3105.8311980743847,4.0,384,396,16,0,380,393,12772,4,0,0,4,3
2020-10-24,US,Kentucky,Caldwell,254,0,0,37.14749129,-87.86948214,21033.0,1992.625715854711,0.0,254,249,0,0,249,246,12715,5,0,0,5,3
2020-10-24,US,Kentucky,Calloway,933,9,0,36.62093411,-88.2731593,21035.0,2392.2463526576244,0.964630225080386,924,896,9,0,887,884,39135,37,0,0,37,12
2020-10-24,US,Kentucky,Campbell,1170,16,0,38.94384345,-84.37875208,21037.0,1250.2137117455975,1.3675213675213675,1154,1139,16,0,1123,1126,93152,31,0,0,31,13
2020-10-24,US,Kentucky,Carlisle,101,1,0,36.85372876,-88.96692220000001,21039.0,2121.848739495799,0.99009900990099,100,101,1,0,100,101,4771,0,0,0,0,0
2020-10-24,US,Kentucky,Carroll,217,5,0,38.66599534,-85.12601074,21041.0,2041.2002633806796,2.3041474654377883,212,214,5,0,209,214,10737,3,0,0,3,0
2020-10-24,US,Kentucky,Carter,325,4,0,38.31690743,-83.05092385,21043.0,1212.8223308579318,1.2307692307692308,321,319,4,0,315,313,27004,6,0,0,6,6
2020-10-24,US,Kentucky,Casey,313,15,0,37.32533118,-84.92726209,21045.0,1937.0010520453,4.792332268370607,298,311,15,0,296,309,15888,2,0,0,2,2
2020-10-24,US,Kentucky,Christian,1809,27,0,36.89267803,-87.49055367,21047.0,2567.377698301188,1.492537313432836,1782,1786,27,0,1759,1769,71671,23,0,0,23,17
2020-10-24,US,Kentucky,Clark,509,11,0,37.9689263,-84.14615986,21049.0,1403.6345586410391,2.161100196463654,498,475,11,0,464,460,36249,34,0,0,34,15
2020-10-24,US,Kentucky,Clay,492,6,0,37.16451126,-83.712575,21051.0,2472.237576001206,1.2195121951219512,486,482,6,0,476,462,20105,10,0,0,10,20
2020-10-24,US,Kentucky,Clinton,224,3,0,36.72581156,-85.13377529,21053.0,2192.209825797612,1.3392857142857142,221,216,3,0,213,209,10206,8,0,0,8,7
2020-10-24,US,Kentucky,Crittenden,162,1,0,37.35839237,-88.08826090000002,21055.0,1839.654780831252,0.6172839506172839,161,161,1,0,160,161,8915,1,0,0,1,0
2020-10-24,US,Kentucky,Cumberland,132,0,0,36.78926125,-85.39050034,21057.0,1995.7665557907474,0.0,132,130,0,0,130,129,6659,2,0,0,2,1
2020-10-24,US,Kentucky,Daviess,1926,29,0,37.73028906,-87.09019479999998,21059.0,1897.3313236989093,1.505711318795431,1897,1887,29,0,1858,1861,101104,39,0,0,39,26
2020-10-24,US,Kentucky,Edmonson,183,12,0,37.21218923,-86.23955613,21061.0,1506.1728395061727,6.557377049180328,171,178,12,0,166,174,12274,5,0,0,5,4
2020-10-24,US,Kentucky,Elliott,184,0,0,38.11624059,-83.09771563,21063.0,2447.7850206199278,0.0,184,110,0,0,110,104,7508,74,0,0,74,6
2020-10-24,US,Kentucky,Estill,263,0,0,37.69241417,-83.95956369,21065.0,1864.4548419112439,0.0,263,259,0,0,259,253,14198,4,0,0,4,6
2020-10-24,US,Kentucky,Fayette,10338,87,0,38.0368225,-84.45576892,21067.0,3199.1137297618457,0.8415554265815438,10251,10245,87,0,10158,10142,323780,93,0,0,93,103
2020-10-24,US,Kentucky,Fleming,175,0,0,38.36758311,-83.69657514,21069.0,1200.1920307249159,0.0,175,166,0,0,166,155,14432,9,0,0,9,11
2020-10-24,US,Kentucky,Floyd,337,4,0,37.56213922,-82.74750924,21071.0,946.9218016802944,1.1869436201780414,333,325,4,0,321,310,35845,12,0,0,12,15
2020-10-24,US,Kentucky,Franklin,841,14,0,38.2379395,-84.87962551,21073.0,1649.3106626659608,1.6646848989298455,827,824,14,0,810,813,50815,17,0,0,17,11
2020-10-24,US,Kentucky,Fulton,231,3,0,36.55238827,-89.20140068,21075.0,3869.9949740325014,1.2987012987012987,228,228,3,0,225,229,6120,3,0,0,3,-1
2020-10-24,US,Kentucky,Gallatin,126,8,0,38.75398691,-84.8558382,21077.0,1420.6787687450671,6.349206349206349,118,123,8,0,115,121,8832,3,0,0,3,2
2020-10-24,US,Kentucky,Garrard,296,3,0,37.638866799999995,-84.53289319,21079.0,1675.5349258462586,1.0135135135135136,293,283,3,0,280,275,17560,13,0,0,13,8
2020-10-24,US,Kentucky,Grant,234,6,0,38.64962758,-84.62415957,21081.0,933.4237504487614,2.5641025641025643,228,227,6,0,221,225,25121,7,0,0,7,2
2020-10-24,US,Kentucky,Graves,871,29,0,36.72292505,-88.65143315,21083.0,2337.251113615628,3.3295063145809416,842,865,29,0,836,859,37317,6,0,0,6,6
2020-10-24,US,Kentucky,Grayson,498,15,0,37.46231118,-86.34248968,21085.0,1884.4363718923828,3.0120481927710845,483,488,15,0,473,483,26321,10,0,0,10,5
2020-10-24,US,Kentucky,Green,329,8,0,37.26484328,-85.5540745,21087.0,3007.0377479206654,2.4316109422492405,321,326,8,0,318,321,11049,3,0,0,3,5
2020-10-24,US,Kentucky,Greenup,602,11,0,38.54332505,-82.9215658,21089.0,1715.1974471479855,1.8272425249169435,591,592,10,0,582,584,35268,10,1,0,9,8
2020-10-24,US,Kentucky,Hancock,130,2,0,37.83766422,-86.78280584,21091.0,1490.4838339830317,1.5384615384615383,128,126,2,0,124,125,8758,4,0,0,4,1
2020-10-24,US,Kentucky,Hardin,1916,13,0,37.6976111,-85.96319251,21093.0,1726.7795021539682,0.6784968684759917,1903,1871,13,0,1858,1824,110356,45,0,0,45,47
2020-10-24,US,Kentucky,Harlan,583,14,0,36.85699301,-83.21899516,21095.0,2241.4455978469823,2.4013722126929675,569,579,13,0,566,572,26409,4,1,0,3,7
2020-10-24,US,Kentucky,Harrison,259,1,0,38.44188174,-84.32869741,21097.0,1371.3862120088957,0.3861003861003861,258,258,1,0,257,257,18778,1,0,0,1,1
2020-10-24,US,Kentucky,Hart,364,1,0,37.29943898,-85.88461055,21099.0,1912.266876805884,0.27472527472527475,363,349,1,0,348,323,18906,15,0,0,15,26
2020-10-24,US,Kentucky,Henderson,1280,25,0,37.79344553,-87.57392021,21101.0,2831.2320283123204,1.953125,1255,1265,24,0,1241,1248,45591,15,1,0,14,17
2020-10-24,US,Kentucky,Henry,257,2,0,38.44942688,-85.11587507,21103.0,1593.699615527719,0.7782101167315175,255,255,2,0,253,248,16106,2,0,0,2,7
2020-10-24,US,Kentucky,Hickman,111,1,0,36.67948079999999,-88.97875928,21105.0,2534.2465753424663,0.9009009009009008,110,109,1,0,108,109,4421,2,0,0,2,0
2020-10-24,US,Kentucky,Hopkins,1008,42,0,37.30939025,-87.54670406,21107.0,2255.740052812961,4.166666666666667,966,984,42,0,942,970,45068,24,0,0,24,14
2020-10-24,US,Kentucky,Jackson,444,17,0,37.41866422,-83.99825483,21109.0,3331.0826018456,3.8288288288288284,427,435,17,0,418,431,13442,9,0,0,9,4
2020-10-24,US,Kentucky,Jefferson,21128,348,0,38.18664655,-85.65931031,21111.0,2755.501417006953,1.6471033699356303,20780,20747,347,0,20400,20441,770517,381,1,0,380,306
2020-10-24,US,Kentucky,Jessamine,925,9,0,37.87119786,-84.58252003,21113.0,1709.3227386122144,0.972972972972973,916,914,7,0,907,903,53920,11,2,0,9,11
2020-10-24,US,Kentucky,Johnson,286,2,0,37.85106355,-82.8264322,21115.0,1288.9850369569135,0.6993006993006993,284,284,2,0,282,272,22386,2,0,0,2,12
2020-10-24,US,Kentucky,Kenton,2552,49,0,38.93950319,-84.53241199,21117.0,1528.1620139163342,1.9200626959247649,2503,2495,49,0,2446,2471,166051,57,0,0,57,24
2020-10-24,US,Kentucky,Knott,329,4,0,37.35388197,-82.94981134,21119.0,2222.072132919087,1.2158054711246202,325,319,4,0,315,308,15126,10,0,0,10,11
2020-10-24,US,Kentucky,Knox,807,9,0,36.89225732,-83.85403396,21121.0,2591.106116551613,1.1152416356877324,798,785,9,0,776,777,31304,22,0,0,22,8
2020-10-24,US,Kentucky,Larue,242,1,0,37.54567114,-85.70138352,21123.0,1680.7889984720098,0.4132231404958678,241,237,1,0,236,236,14307,5,0,0,5,1
2020-10-24,US,Kentucky,Laurel,1376,7,0,37.10975748,-84.11321779,21125.0,2262.674099287981,0.5087209302325582,1369,1353,7,0,1346,1333,60669,23,0,0,23,20
2020-10-24,US,Kentucky,Lawrence,141,0,0,38.07136018,-82.72882223,21127.0,920.545798785663,0.0,141,137,0,0,137,137,15571,4,0,0,4,0
2020-10-24,US,Kentucky,Lee,111,3,0,37.59645942,-83.71513901,21129.0,1499.3921383223017,2.702702702702702,108,85,2,0,83,58,7033,26,1,0,25,27
2020-10-24,US,Kentucky,Leslie,125,1,0,37.09246661,-83.37999606,21131.0,1265.5664675508758,0.8,124,125,1,0,124,123,10143,0,0,0,0,2
2020-10-24,US,Kentucky,Letcher,299,2,0,37.12306748,-82.85346474,21133.0,1387.2778731499093,0.6688963210702341,297,295,2,0,293,291,21899,4,0,0,4,4
2020-10-24,US,Kentucky,Lewis,277,15,0,38.53184419,-83.37735618,21135.0,2086.629001883239,5.415162454873647,262,273,15,0,258,271,13257,4,0,0,4,2
2020-10-24,US,Kentucky,Lincoln,313,19,0,37.45475628,-84.6565327,21137.0,1275.0010183714205,6.070287539936103,294,305,18,0,287,297,24644,8,1,0,7,8
2020-10-24,US,Kentucky,Livingston,123,1,0,37.21137452,-88.34797529,21139.0,1337.8290189253862,0.8130081300813008,122,122,1,0,121,123,9242,1,0,0,1,-1
2020-10-24,US,Kentucky,Logan,746,31,0,36.85949479,-86.877635,21141.0,2752.5643863921478,4.155495978552279,715,731,31,0,700,716,26989,15,0,0,15,15
2020-10-24,US,Kentucky,Lyon,106,4,0,37.02080035,-88.07886257,21143.0,1291.1084043848966,3.7735849056603774,102,105,4,0,101,104,8009,1,0,0,1,1
2020-10-24,US,Kentucky,Madison,2278,13,0,37.71659336,-84.27220275,21151.0,2449.804811425253,0.5706760316066726,2265,2268,13,0,2255,2245,92368,10,0,0,10,23
2020-10-24,US,Kentucky,Magoffin,153,0,0,37.70820545,-83.0657714,21153.0,1258.1202203766138,0.0,153,152,0,0,152,149,12362,1,0,0,1,3
2020-10-24,US,Kentucky,Marion,419,10,0,37.55218078,-85.26898542,21155.0,2174.0258392569917,2.386634844868735,409,403,10,0,393,391,19404,16,0,0,16,12
2020-10-24,US,Kentucky,Marshall,452,7,0,36.88007070000001,-88.32803576,21157.0,1453.3762057877814,1.5486725663716814,445,450,7,0,443,440,31191,2,0,0,2,10
2020-10-24,US,Kentucky,Martin,173,3,0,37.79990579,-82.51247478,21159.0,1545.3327378293882,1.7341040462427746,170,167,3,0,164,153,11323,6,0,0,6,14
2020-10-24,US,Kentucky,Mason,163,2,0,38.59471935,-83.82151043,21161.0,954.8916227299356,1.2269938650306749,161,166,2,0,164,161,17150,-3,0,0,-3,5
2020-10-24,US,Kentucky,McCracken,1070,12,0,37.05350953,-88.70445755,21145.0,1635.6354520162647,1.1214953271028036,1058,1031,12,0,1019,1008,65346,39,0,0,39,23
2020-10-24,US,Kentucky,McCreary,251,1,0,36.73874143,-84.48102924,21147.0,1456.6769195055426,0.398406374501992,250,251,1,0,250,249,17408,0,0,0,0,2
2020-10-24,US,Kentucky,McLean,174,3,0,37.5301951,-87.26803443,21149.0,1889.8664059954385,1.7241379310344829,171,167,3,0,164,156,9252,7,0,0,7,11
2020-10-24,US,Kentucky,Meade,367,3,0,37.96163597,-86.21028219,21163.0,1284.4743105137898,0.8174386920980926,364,360,3,0,357,355,28715,7,0,0,7,5
2020-10-24,US,Kentucky,Menifee,80,1,0,37.94090733,-83.59985712,21165.0,1232.8556017876406,1.25,79,78,1,0,77,77,6451,2,0,0,2,1
2020-10-24,US,Kentucky,Mercer,339,6,0,37.81474237,-84.87488475,21167.0,1545.6161947749968,1.7699115044247788,333,337,6,0,331,331,21774,2,0,0,2,6
2020-10-24,US,Kentucky,Metcalfe,186,2,0,36.99459295,-85.63123699,21169.0,1846.8871015787906,1.075268817204301,184,183,2,0,181,175,10030,3,0,0,3,8
2020-10-24,US,Kentucky,Monroe,269,4,0,36.71225341,-85.71596443,21171.0,2525.8215962441313,1.4869888475836432,265,264,4,0,260,258,10718,5,0,0,5,6
2020-10-24,US,Kentucky,Montgomery,425,4,0,38.03253032,-83.9145241,21173.0,1509.3937564371204,0.9411764705882352,421,414,4,0,410,397,28203,11,0,0,11,17
2020-10-24,US,Kentucky,Morgan,118,0,0,37.92465657,-83.25558245,21175.0,886.618077992336,0.0,118,114,0,0,114,114,13345,4,0,0,4,0
2020-10-24,US,Kentucky,Muhlenberg,952,13,0,37.21425819,-87.14632053,21177.0,3108.8759715237406,1.365546218487395,939,944,13,0,931,938,30774,8,0,0,8,6
2020-10-24,US,Kentucky,Nelson,835,4,0,37.80335779,-85.4657193,21179.0,1806.0692578893866,0.4790419161676647,831,796,4,0,792,776,45851,39,0,0,39,20
2020-10-24,US,Kentucky,Nicholas,104,2,0,38.33342292,-84.01889177,21181.0,1430.7332507910305,1.9230769230769231,102,104,2,0,102,103,7166,0,0,0,0,1
2020-10-24,US,Kentucky,Ohio,591,9,0,37.47751843,-86.85368087,21183.0,2463.115778944736,1.5228426395939083,582,585,9,0,576,580,24087,6,0,0,6,5
2020-10-24,US,Kentucky,Oldham,1403,26,0,38.39791089,-85.448222,21185.0,2100.3308432760973,1.8531717747683536,1377,1389,26,0,1363,1374,66470,14,0,0,14,15
2020-10-24,US,Kentucky,Owen,117,3,0,38.51679143,-84.82404619,21187.0,1073.2960278873497,2.5641025641025643,114,116,3,0,113,115,10880,1,0,0,1,1
2020-10-24,US,Kentucky,Owsley,87,1,0,37.42823949,-83.68811419,21189.0,1970.554926387316,1.1494252873563218,86,82,1,0,81,76,4472,5,0,0,5,6
2020-10-24,US,Kentucky,Pendleton,121,0,0,38.69607718,-84.35599463,21191.0,829.3351610692255,0.0,121,113,0,0,113,113,14529,8,0,0,8,0
2020-10-24,US,Kentucky,Perry,498,9,0,37.25023553,-83.22922731,21193.0,1933.3799208013047,1.8072289156626504,489,489,9,0,480,472,26092,9,0,0,9,17
2020-10-24,US,Kentucky,Pike,806,3,0,37.47088263,-82.39487445,21195.0,1392.6325247079965,0.37220843672456577,803,786,3,0,783,759,58402,20,0,0,20,27
2020-10-24,US,Kentucky,Powell,138,0,0,37.83218794,-83.82553961,21197.0,1116.595193785905,0.0,138,139,0,0,139,136,12442,-1,0,0,-1,3
2020-10-24,US,Kentucky,Pulaski,979,13,0,37.10466131,-84.57629079,21199.0,1506.6406069653272,1.3278855975485189,966,969,13,0,956,965,64623,10,0,0,10,4
2020-10-24,US,Kentucky,Robertson,19,1,0,38.51923469,-84.05055616,21201.0,901.3282732447818,5.2631578947368425,18,17,1,0,16,17,2135,2,0,0,2,0
2020-10-24,US,Kentucky,Rockcastle,320,2,0,37.36642393,-84.31176452,21203.0,1916.7415393830488,0.625,318,315,2,0,313,308,16750,5,0,0,5,7
2020-10-24,US,Kentucky,Rowan,330,1,0,38.19484205,-83.42088935,21205.0,1349.141455437449,0.30303030303030304,329,330,1,0,329,330,24583,0,0,0,0,0
2020-10-24,US,Kentucky,Russell,374,6,0,36.99308373,-85.06070117,21207.0,2086.7042347821234,1.60427807486631,368,367,6,0,361,364,17821,7,0,0,7,3
2020-10-24,US,Kentucky,Scott,1084,18,0,38.29622293,-84.5816631,21209.0,1901.6209388814816,1.6605166051660516,1066,1075,18,0,1057,1056,56031,9,0,0,9,19
2020-10-24,US,Kentucky,Shelby,1423,24,0,38.21476019,-85.194223,21211.0,2902.659921671019,1.6865776528460998,1399,1359,24,0,1335,1341,48518,64,0,0,64,18
2020-10-24,US,Kentucky,Simpson,340,8,0,36.74058474,-86.58047435,21213.0,1830.7129011415038,2.3529411764705883,332,335,8,0,327,329,18529,5,0,0,5,6
2020-10-24,US,Kentucky,Spencer,285,0,0,38.03223971,-85.32749335,21215.0,1472.7921037672472,0.0,285,284,0,0,284,280,18794,1,0,0,1,4
2020-10-24,US,Kentucky,Taylor,469,7,0,37.3677562,-85.3329931,21217.0,1820.0162986534208,1.492537313432836,462,457,7,0,450,448,25549,12,0,0,12,9
2020-10-24,US,Kentucky,Todd,280,12,0,36.8381152,-87.17878374,21219.0,2277.533756303888,4.285714285714286,268,276,12,0,264,276,12311,4,0,0,4,0
2020-10-24,US,Kentucky,Trigg,239,0,0,36.80767017,-87.87333656,21221.0,1631.287966691693,0.0,239,239,0,0,239,234,14643,0,0,0,0,5
2020-10-24,US,Kentucky,Trimble,84,0,0,38.61056487,-85.33775972,21223.0,991.6184629913824,0.0,84,84,0,0,84,84,8515,0,0,0,0,0
2020-10-24,US,Kentucky,Union,503,6,0,37.66166713,-87.94300009,21225.0,3497.670537514776,1.1928429423459244,497,496,6,0,490,493,14505,7,0,0,7,3
2020-10-24,US,Kentucky,Warren,5088,57,0,36.99903045,-86.42672751,21227.0,3828.557669154828,1.1202830188679245,5031,5058,57,0,5001,4999,131264,30,0,0,30,59
2020-10-24,US,Kentucky,Washington,221,1,0,37.75599461,-85.17407732,21229.0,1827.2013228606866,0.4524886877828054,220,217,1,0,216,214,12084,4,0,0,4,3
2020-10-24,US,Kentucky,Wayne,275,1,0,36.80310688,-84.8251971,21231.0,1352.4811882162005,0.3636363636363637,274,271,1,0,270,261,20468,4,0,0,4,10
2020-10-24,US,Kentucky,Webster,299,5,0,37.52168356,-87.67989953,21233.0,2310.307525884717,1.6722408026755853,294,297,5,0,292,297,13111,2,0,0,2,0
2020-10-24,US,Kentucky,Whitley,787,6,0,36.75700531,-84.14541217,21235.0,2170.196337966027,0.7623888182973316,781,761,6,0,755,742,36242,26,0,0,26,19
2020-10-24,US,Kentucky,Wolfe,59,0,0,37.73941626,-83.49303612,21237.0,824.3677518513342,0.0,59,59,0,0,59,58,7177,0,0,0,0,1
2020-10-24,US,Kentucky,Woodford,367,0,0,38.04178222,-84.7417556,21239.0,1372.783721104212,0.0,367,363,0,0,363,358,26533,4,0,0,4,5
2020-10-24,US,Louisiana,Acadia,3108,100,0,30.295064899999996,-92.41419698,22001.0,5009.267467160932,3.217503217503217,3008,3108,100,0,3008,3112,62190,0,0,0,0,-4
2020-10-24,US,Louisiana,Allen,1843,55,0,30.65385745,-92.82442028,22003.0,7191.6338237015625,2.9842647856755287,1788,1843,55,0,1788,1835,25605,0,0,0,0,8
2020-10-24,US,Louisiana,Ascension,4043,98,0,30.20406249,-90.91328409999998,22005.0,3193.4220087832928,2.4239426168686617,3945,4043,98,0,3945,3998,124672,0,0,0,0,45
2020-10-24,US,Louisiana,Assumption,793,24,0,29.89946234,-91.06461642,22007.0,3622.4932620711706,3.0264817150063053,769,793,24,0,769,794,22300,0,0,0,0,-1
2020-10-24,US,Louisiana,Avoyelles,1700,62,0,31.07796211,-92.00079449,22009.0,4234.754882423275,3.647058823529412,1638,1700,62,0,1638,1692,40462,0,0,0,0,8
2020-10-24,US,Louisiana,Beauregard,1065,40,0,30.64836518,-93.34173616,22011.0,2840.2272181774542,3.755868544600939,1025,1065,40,0,1025,1063,37253,0,0,0,0,2
2020-10-24,US,Louisiana,Bienville,589,33,0,32.34569994,-93.05398492,22013.0,4448.3045087229075,5.602716468590832,556,589,33,0,556,584,13308,0,0,0,0,5
2020-10-24,US,Louisiana,Bossier,4129,117,0,32.67932307,-93.60460152,22015.0,3250.183014664788,2.8336158876241218,4012,4129,117,0,4012,4082,127185,0,0,0,0,47
2020-10-24,US,Louisiana,Caddo,9928,392,0,32.57991587,-93.88375652,22017.0,4133.153486203394,3.94842868654311,9536,9928,392,0,9536,9855,242922,0,0,0,0,73
2020-10-24,US,Louisiana,Calcasieu,8302,224,0,30.22931235,-93.35400434,22019.0,4080.8903045675293,2.69814502529511,8078,8302,224,0,8078,8284,203112,0,0,0,0,18
2020-10-24,US,Louisiana,Caldwell,345,3,0,32.0902519,-92.11752148,22021.0,3478.5238959467633,0.8695652173913043,342,345,3,0,342,344,9960,0,0,0,0,1
2020-10-24,US,Louisiana,Cameron,241,2,0,29.87592238,-93.19310676,22023.0,3456.18815430948,0.8298755186721992,239,241,2,0,239,242,6968,0,0,0,0,-1
2020-10-24,US,Louisiana,Catahoula,460,14,0,31.66778967,-91.84526385,22025.0,4845.16536760059,3.0434782608695654,446,460,14,0,446,459,9608,0,0,0,0,1
2020-10-24,US,Louisiana,Claiborne,600,24,0,32.82308512,-92.99526883,22027.0,3828.972559029993,4.0,576,600,24,0,576,599,15944,0,0,0,0,1
2020-10-24,US,Louisiana,Concordia,597,16,0,31.44817835,-91.63814433,22029.0,3099.8494210498993,2.680067001675042,581,597,16,0,581,593,19572,0,0,0,0,4
2020-10-24,US,Louisiana,De Soto,1009,35,0,32.05457447,-93.74130302,22031.0,3674.0341550449693,3.468780971258672,974,1009,35,0,974,1007,27436,0,0,0,0,2
2020-10-24,US,Louisiana,East Baton Rouge,15950,457,0,30.53842039,-91.09777565,22033.0,3624.513985624655,2.865203761755486,15493,15950,457,0,15493,15869,440956,0,0,0,0,81
2020-10-24,US,Louisiana,East Carroll,578,6,0,32.73926954,-91.23425694,22035.0,8424.427925958316,1.038062283737024,572,578,6,0,572,576,7037,0,0,0,0,2
2020-10-24,US,Louisiana,East Feliciana,1795,77,0,30.84425359,-91.04976723,22037.0,9380.71596550823,4.289693593314763,1718,1795,77,0,1718,1794,19305,0,0,0,0,1
2020-10-24,US,Louisiana,Evangeline,1401,39,0,30.72985248,-92.39915924,22039.0,4195.238808204821,2.78372591006424,1362,1401,39,0,1362,1400,33443,0,0,0,0,1
2020-10-24,US,Louisiana,Franklin,1305,45,0,32.13675181,-91.67589857,22041.0,6520.109917561827,3.4482758620689653,1260,1305,45,0,1260,1299,20156,0,0,0,0,6
2020-10-24,US,Louisiana,Grant,532,30,0,31.59882456,-92.56124347,22043.0,2376.166867658225,5.639097744360902,502,532,30,0,502,528,22482,0,0,0,0,4
2020-10-24,US,Louisiana,Iberia,3059,95,0,29.86803617,-91.75871777,22045.0,4380.638693971073,3.1055900621118013,2964,3059,95,0,2964,3060,70941,0,0,0,0,-1
2020-10-24,US,Louisiana,Iberville,1470,60,0,30.25734305,-91.3499598,22047.0,4521.546553474209,4.081632653061225,1410,1470,60,0,1410,1462,32721,0,0,0,0,8
2020-10-24,US,Louisiana,Jackson,846,23,0,32.30251776,-92.55692092,22049.0,5373.475609756098,2.7186761229314422,823,846,23,0,823,847,15902,0,0,0,0,-1
2020-10-24,US,Louisiana,Jefferson,18539,583,0,29.74075478,-90.11115756,22051.0,4286.543366019797,3.144721937537084,17956,18539,583,0,17956,18491,434051,0,0,0,0,48
2020-10-24,US,Louisiana,Jefferson Davis,1335,43,0,30.26896765,-92.81210004,22053.0,4255.92960979342,3.2209737827715355,1292,1335,43,0,1292,1329,31582,0,0,0,0,6
2020-10-24,US,Louisiana,LaSalle,490,10,0,31.67884782,-92.15907765,22059.0,3290.3572387859253,2.0408163265306123,480,490,10,0,480,485,14917,0,0,0,0,5
2020-10-24,US,Louisiana,Lafayette,9380,138,0,30.2049055,-92.06959876,22055.0,3838.12758296166,1.4712153518123667,9242,9380,138,0,9242,9378,242782,0,0,0,0,2
2020-10-24,US,Louisiana,Lafourche,3871,128,0,29.52470226,-90.40976986,22057.0,3965.6196857008217,3.3066391113407385,3743,3871,128,0,3743,3862,98115,0,0,0,0,9
2020-10-24,US,Louisiana,Lincoln,1633,48,0,32.6003154,-92.66597409999999,22061.0,3493.645971503145,2.939375382731169,1585,1633,48,0,1585,1630,47196,0,0,0,0,3
2020-10-24,US,Louisiana,Livingston,4157,79,0,30.44143993,-90.73061664,22063.0,2952.645448152909,1.9004089487611255,4078,4157,79,0,4078,4132,139567,0,0,0,0,25
2020-10-24,US,Louisiana,Madison,893,9,0,32.36918118,-91.23973355,22065.0,8154.506437768241,1.0078387458006721,884,893,9,0,884,892,11161,0,0,0,0,1
2020-10-24,US,Louisiana,Morehouse,885,26,0,32.81686191,-91.80421614,22067.0,3557.9319771649107,2.9378531073446332,859,885,26,0,859,882,25398,0,0,0,0,3
2020-10-24,US,Louisiana,Natchitoches,1448,28,0,31.72321584,-93.09816516,22069.0,3794.7481524188897,1.9337016574585637,1420,1448,28,0,1420,1437,38659,0,0,0,0,11
2020-10-24,US,Louisiana,Orleans,13368,592,0,30.06971951,-89.92660315,22071.0,3426.4271653543306,4.428485936564932,12776,13368,592,0,12776,13324,391006,0,0,0,0,44
2020-10-24,US,Louisiana,Ouachita,6911,160,0,32.47645559,-92.15704172,22073.0,4508.77158645346,2.315149761250181,6751,6911,160,0,6751,6880,154475,0,0,0,0,31
2020-10-24,US,Louisiana,Plaquemines,885,19,0,29.42245447,-89.60322085,22075.0,3815.148510583265,2.146892655367232,866,885,19,0,866,884,23410,0,0,0,0,1
2020-10-24,US,Louisiana,Pointe Coupee,1129,40,0,30.71409502,-91.60209535,22077.0,5195.5821445006895,3.5429583702391496,1089,1129,40,0,1089,1127,21940,0,0,0,0,2
2020-10-24,US,Louisiana,Rapides,4646,154,0,31.19778499,-92.52997303,22079.0,3583.549302727385,3.3146792940163583,4492,4646,154,0,4492,4624,130562,0,0,0,0,22
2020-10-24,US,Louisiana,Red River,415,24,0,32.09530039,-93.34213308,22081.0,4915.896706941483,5.783132530120483,391,415,24,0,391,407,8477,0,0,0,0,8
2020-10-24,US,Louisiana,Richland,872,16,0,32.41391005,-91.76634876,22083.0,4333.565251963026,1.834862385321101,856,872,16,0,856,868,20192,0,0,0,0,4
2020-10-24,US,Louisiana,Sabine,976,15,0,31.56388699,-93.55433981,22085.0,4086.417685479819,1.536885245901639,961,976,15,0,961,972,24032,0,0,0,0,4
2020-10-24,US,Louisiana,St. Bernard,1532,32,0,29.87761636,-89.51887093,22087.0,3242.739818812972,2.0887728459530033,1500,1532,32,0,1500,1525,46721,0,0,0,0,7
2020-10-24,US,Louisiana,St. Charles,1933,63,0,29.90709658,-90.35555967,22089.0,3640.30131826742,3.259182617692705,1870,1933,63,0,1870,1928,52879,0,0,0,0,5
2020-10-24,US,Louisiana,St. Helena,434,4,0,30.82210324,-90.71013176,22091.0,4283.458349782866,0.9216589861751152,430,434,4,0,430,433,10262,0,0,0,0,1
2020-10-24,US,Louisiana,St. James,837,40,0,30.02531716,-90.80212061,22093.0,3967.576791808873,4.778972520908004,797,837,40,0,797,834,21037,0,0,0,0,3
2020-10-24,US,Louisiana,St. John the Baptist,1628,107,0,30.12597499,-90.4753503,22095.0,3800.452879520041,6.572481572481573,1521,1628,107,0,1521,1627,43184,0,0,0,0,1
2020-10-24,US,Louisiana,St. Landry,3616,135,0,30.59724262,-92.00135806,22097.0,4403.097754614973,3.7334070796460175,3481,3616,135,0,3481,3597,82764,0,0,0,0,19
2020-10-24,US,Louisiana,St. Martin,2201,63,0,30.13112107,-91.61403569,22099.0,4119.3314742378025,2.862335302135393,2138,2201,63,0,2138,2191,53621,0,0,0,0,10
2020-10-24,US,Louisiana,St. Mary,2015,85,0,29.69262097,-91.44702164,22101.0,4083.2455216016856,4.218362282878412,1930,2015,85,0,1930,2011,49774,0,0,0,0,4
2020-10-24,US,Louisiana,St. Tammany,7640,269,0,30.40942847,-89.95642711,22103.0,2933.7337137459253,3.520942408376963,7371,7640,269,0,7371,7602,258111,0,0,0,0,38
2020-10-24,US,Louisiana,Tangipahoa,4959,123,0,30.62888673,-90.40664996,22105.0,3679.9299485002734,2.4803387779794317,4836,4959,123,0,4836,4936,133777,0,0,0,0,23
2020-10-24,US,Louisiana,Tensas,187,2,0,32.00760749,-91.32915234,22107.0,4314.720812182741,1.0695187165775402,185,187,2,0,185,186,4462,0,0,0,0,1
2020-10-24,US,Louisiana,Terrebonne,3855,123,0,29.37343766,-90.82626855,22109.0,3489.919519106291,3.1906614785992216,3732,3855,123,0,3732,3841,111021,0,0,0,0,14
2020-10-24,US,Louisiana,Unassigned,249,206,0,0.0,0.0,90022.0,0.0,82.73092369477912,43,249,206,0,43,245,,0,0,0,0,4
2020-10-24,US,Louisiana,Union,1098,51,0,32.83121059,-92.3749373,22111.0,4966.527953681925,4.644808743169398,1047,1098,51,0,1047,1097,22330,0,0,0,0,1
2020-10-24,US,Louisiana,Vermilion,2114,70,0,29.83517605,-92.30292538,22113.0,3552.2844516139867,3.3112582781456954,2044,2114,70,0,2044,2104,59830,0,0,0,0,10
2020-10-24,US,Louisiana,Vernon,1112,55,0,31.10884837,-93.18153838,22115.0,2344.557127495836,4.946043165467626,1057,1112,55,0,1057,1113,48860,0,0,0,0,-1
2020-10-24,US,Louisiana,Washington,1737,71,0,30.85288548,-90.03866652,22117.0,3760.228601117028,4.087507196315486,1666,1737,71,0,1666,1732,46582,0,0,0,0,5
2020-10-24,US,Louisiana,Webster,1452,40,0,32.70847669,-93.33121835,22119.0,3787.1674491392796,2.7548209366391183,1412,1452,40,0,1412,1445,38798,0,0,0,0,7
2020-10-24,US,Louisiana,West Baton Rouge,960,42,0,30.46058217,-91.30989571,22121.0,3627.4324579633476,4.375,918,960,42,0,918,955,26427,0,0,0,0,5
2020-10-24,US,Louisiana,West Carroll,371,12,0,32.78550125,-91.461201,22123.0,3425.6694367497694,3.2345013477088953,359,371,12,0,359,371,10982,0,0,0,0,0
2020-10-24,US,Louisiana,West Feliciana,739,25,0,30.87882871,-91.41485379999999,22125.0,4746.916752312436,3.3829499323410013,714,739,25,0,714,740,15460,0,0,0,0,-1
2020-10-24,US,Louisiana,Winn,680,19,0,31.94449367,-92.63789413,22127.0,4890.678941311853,2.794117647058824,661,680,19,0,661,676,14134,0,0,0,0,4
2020-10-24,US,Maine,Androscoggin,845,10,0,44.1664747,-70.20380627,23001.0,780.4058110217312,1.183431952662722,835,841,10,0,831,840,107679,4,0,0,4,1
2020-10-24,US,Maine,Aroostook,60,1,0,46.65926321,-68.59841248,23003.0,89.47878607113562,1.6666666666666667,59,59,1,0,58,59,67111,1,0,0,1,0
2020-10-24,US,Maine,Cumberland,2463,70,0,43.8370751,-70.37226999,23005.0,834.9067636600308,2.8420625253755585,2393,2445,70,0,2375,2436,293557,18,0,0,18,9
2020-10-24,US,Maine,Franklin,74,1,0,44.97330019,-70.44381045,23007.0,245.04122653067986,1.351351351351351,73,74,1,0,73,74,29897,0,0,0,0,0
2020-10-24,US,Maine,Hancock,63,1,0,44.59816444,-68.38401854,23009.0,114.57253532653172,1.5873015873015872,62,62,1,0,61,62,54811,1,0,0,1,0
2020-10-24,US,Maine,Kennebec,309,11,0,44.40759555,-69.76738544,23011.0,252.65326813952348,3.559870550161812,298,305,11,0,294,301,122083,4,0,0,4,4
2020-10-24,US,Maine,Knox,58,1,0,44.11486325,-69.10529169,23013.0,145.8312380569245,1.7241379310344829,57,58,1,0,57,61,39771,0,0,0,0,-3
2020-10-24,US,Maine,Lincoln,60,1,0,44.05996956,-69.54227124,23015.0,173.2401686204308,1.6666666666666667,59,60,1,0,59,60,34342,0,0,0,0,0
2020-10-24,US,Maine,Oxford,158,2,0,44.49952995,-70.75682123,23017.0,272.53126347563597,1.2658227848101269,156,158,2,0,156,157,57618,0,0,0,0,1
2020-10-24,US,Maine,Penobscot,285,6,0,45.40194593,-68.65020455,23019.0,187.31761179903785,2.1052631578947367,279,284,6,0,278,284,151096,1,0,0,1,0
2020-10-24,US,Maine,Piscataquis,10,0,0,45.83839062,-69.2860223,23021.0,59.577003276735184,0.0,10,10,0,0,10,10,16800,0,0,0,0,0
2020-10-24,US,Maine,Sagadahoc,80,0,0,43.95415864,-69.85074999,23023.0,223.11468094600625,0.0,80,79,0,0,79,79,35634,1,0,0,1,0
2020-10-24,US,Maine,Somerset,133,8,0,45.51229767,-69.95995554,23025.0,263.44980587909043,6.015037593984963,125,129,8,0,121,129,50592,4,0,0,4,0
2020-10-24,US,Maine,Waldo,143,14,0,44.4858305,-69.12061935,23027.0,360.0654664484452,9.79020979020979,129,143,14,0,129,138,39694,0,0,0,0,5
2020-10-24,US,Maine,Washington,31,0,0,45.01607142,-67.62813524,23029.0,98.7921858567832,0.0,31,30,0,0,30,29,31490,1,0,0,1,1
2020-10-24,US,Maine,York,1364,20,0,43.47808377,-70.71052375,23031.0,656.903020116451,1.4662756598240467,1344,1357,20,0,1337,1344,206229,7,0,0,7,13
2020-10-24,US,Maryland,Allegany,624,23,0,39.62357628,-78.69280486,24001.0,886.1622358554872,3.685897435897436,601,614,23,0,591,604,70975,10,0,0,10,10
2020-10-24,US,Maryland,Anne Arundel,11645,268,0,39.00670238,-76.60329337,24003.0,2010.4137533363028,2.3014169171318164,11377,11568,267,0,11301,11514,576031,77,1,0,76,54
2020-10-24,US,Maryland,Baltimore,20108,662,0,39.45784712,-76.62911955,24005.0,2430.351596021127,3.292222001193555,19446,19980,661,0,19319,19897,828431,128,1,0,127,83
2020-10-24,US,Maryland,Baltimore City,17312,501,0,39.30211911,-76.61151012,24510.0,2916.98259448348,2.8939463955637708,16811,17181,499,0,16682,17079,621342,131,2,0,129,102
2020-10-24,US,Maryland,Calvert,1158,29,0,38.53961642,-76.56820632,24009.0,1251.5536341529314,2.5043177892918824,1129,1153,29,0,1124,1145,92003,5,0,0,5,8
2020-10-24,US,Maryland,Caroline,729,8,0,38.87172293,-75.82904158,24011.0,2182.2427108902593,1.0973936899862826,721,726,8,0,718,721,33304,3,0,0,3,5
2020-10-24,US,Maryland,Carroll,2192,129,0,39.56453592,-77.02373735,24013.0,1301.2995185429245,5.885036496350365,2063,2175,129,0,2046,2168,168429,17,0,0,17,7
2020-10-24,US,Maryland,Cecil,1310,36,0,39.56647682,-75.94627411,24015.0,1273.63764522872,2.7480916030534357,1274,1307,36,0,1271,1299,102826,3,0,0,3,8
2020-10-24,US,Maryland,Charles,3090,102,0,38.51092331,-76.98580666,24017.0,1892.7212921957403,3.300970873786408,2988,3078,101,0,2977,3067,161503,12,1,0,11,11
2020-10-24,US,Maryland,Dorchester,761,10,0,38.45413522,-76.02752426,24019.0,2383.413198033136,1.314060446780552,751,742,10,0,732,735,31998,19,0,0,19,7
2020-10-24,US,Maryland,Frederick,4643,138,0,39.47296601,-77.39999394,24021.0,1788.8860206436602,2.9722162395003235,4505,4610,137,0,4473,4581,255648,33,1,0,32,29
2020-10-24,US,Maryland,Garrett,123,1,0,39.52786077,-79.27355126,24023.0,423.9332735920591,0.8130081300813008,122,117,1,0,116,115,29163,6,0,0,6,2
2020-10-24,US,Maryland,Harford,3513,81,0,39.55010644,-76.30775940000002,24025.0,1375.268653035339,2.3057216054654144,3432,3492,80,0,3412,3482,253956,21,1,0,20,10
2020-10-24,US,Maryland,Howard,5743,124,0,39.25305293,-76.93126208,24027.0,1763.333230986521,2.159150269893784,5619,5716,124,0,5592,5684,323196,27,0,0,27,32
2020-10-24,US,Maryland,Kent,338,24,0,39.24976208,-76.04741541,24029.0,1740.294511378849,7.100591715976331,314,338,24,0,314,336,19383,0,0,0,0,2
2020-10-24,US,Maryland,Montgomery,24984,864,0,39.13676329,-77.20358245,24031.0,2377.870500091369,3.4582132564841497,24120,24877,863,0,24014,24772,1052567,107,1,0,106,105
2020-10-24,US,Maryland,Prince George's,32121,853,0,38.83070039,-76.8496441,24033.0,3532.392637632007,2.6555835746085115,31268,31999,853,0,31146,31844,909308,122,0,0,122,155
2020-10-24,US,Maryland,Queen Anne's,762,26,0,39.06198912,-76.03530977,24035.0,1512.4749409499616,3.4120734908136483,736,758,26,0,732,743,50251,4,0,0,4,15
2020-10-24,US,Maryland,Somerset,409,6,0,38.1163542,-75.75118623,24039.0,1596.6583385384133,1.4669926650366751,403,404,6,0,398,401,25675,5,0,0,5,3
2020-10-24,US,Maryland,St. Mary's,1443,60,0,38.30058422,-76.60629279999998,24037.0,1271.2536340410534,4.158004158004158,1383,1429,60,0,1369,1420,112664,14,0,0,14,9
2020-10-24,US,Maryland,Talbot,636,6,0,38.76618159,-76.10882561,24041.0,1710.5510879212502,0.9433962264150944,630,636,6,0,630,631,36968,0,0,0,0,5
2020-10-24,US,Maryland,Unassigned,0,18,0,0.0,0.0,90024.0,0.0,0.0,-18,0,14,0,-14,0,,0,4,0,-4,0
2020-10-24,US,Maryland,Washington,2211,42,0,39.60835778,-77.82002295,24043.0,1463.7634145211155,1.899592944369064,2169,2182,42,0,2140,2158,150926,29,0,0,29,24
2020-10-24,US,Maryland,Wicomico,2434,50,0,38.37301947,-75.62705831,24045.0,2349.2167668831853,2.054231717337716,2384,2418,49,0,2369,2397,103195,16,1,0,15,21
2020-10-24,US,Maryland,Worcester,1198,30,0,38.21274277,-75.33200012,24047.0,2291.682607697605,2.504173622704508,1168,1191,30,0,1161,1186,51823,7,0,0,7,5
2020-10-24,US,Massachusetts,Barnstable,1933,182,0,41.72980578,-70.28854339,25001.0,907.5543452744259,9.415416451112259,1751,1929,182,0,1747,1922,213413,4,0,0,4,7
2020-10-24,US,Massachusetts,Berkshire,751,51,0,42.37428441,-73.20524838,25003.0,601.0692790370085,6.790945406125166,700,747,51,0,696,744,126348,4,0,0,4,3
2020-10-24,US,Massachusetts,Bristol,11568,737,0,41.79228404,-71.10872211,25005.0,2046.6475707560105,6.371023513139695,10831,11451,735,0,10716,11334,564022,117,2,0,115,117
2020-10-24,US,Massachusetts,Dukes and Nantucket,218,2,0,41.40674725,-70.68763497,0.0,758.7623124847728,0.9174311926605504,216,213,2,0,211,209,26707,5,0,0,5,4
2020-10-24,US,Massachusetts,Essex,22939,1337,0,42.6687626,-70.94687179,25009.0,2907.2257976208894,5.828501678364358,21602,22739,1336,0,21403,22596,790638,200,1,0,199,143
2020-10-24,US,Massachusetts,Franklin,460,72,0,42.58119713,-72.58602547,25011.0,655.4573952693074,15.652173913043477,388,456,72,0,384,456,70963,4,0,0,4,0
2020-10-24,US,Massachusetts,Hampden,9501,809,0,42.13440424,-72.63235561,25013.0,2037.214927139708,8.514893169140091,8692,9379,807,0,8572,9305,470406,122,2,0,120,74
2020-10-24,US,Massachusetts,Hampshire,1441,153,0,42.33997957,-72.65898478,25015.0,895.9771186967606,10.617626648161,1288,1435,153,0,1282,1430,161355,6,0,0,6,5
2020-10-24,US,Massachusetts,Middlesex,31032,2245,0,42.48607732,-71.39049229,25017.0,1925.421558243816,7.234467646300592,28787,30831,2243,0,28588,30656,1614714,201,2,0,199,175
2020-10-24,US,Massachusetts,Norfolk,11469,1101,0,42.16073095,-71.20530408,25021.0,1622.722931626048,9.599790740256344,10368,11397,1099,0,10298,11336,705388,72,2,0,70,61
2020-10-24,US,Massachusetts,Plymouth,11067,820,0,41.94070556,-70.80802823,25023.0,2123.361000149654,7.409415379054848,10247,10975,820,0,10155,10895,518132,92,0,0,92,80
2020-10-24,US,Massachusetts,Suffolk,27346,1168,0,42.327951399999996,-71.07850442,25025.0,3401.637254060482,4.271191399107732,26178,27180,1168,0,26012,26954,807252,166,0,0,166,226
2020-10-24,US,Massachusetts,Unassigned,3786,5,0,0.0,0.0,90025.0,0.0,0.13206550449022714,3781,3693,5,0,3688,3600,,93,0,0,93,93
2020-10-24,US,Massachusetts,Worcester,15977,1157,0,42.35026951,-71.90493363,25027.0,1923.4982940495192,7.241659886086249,14820,15860,1157,0,14703,15778,830839,117,0,0,117,82
2020-10-24,US,Michigan,Alcona,52,2,0,44.6846864,-83.59507875,26001.0,499.7597308986065,3.8461538461538463,50,52,2,0,50,52,10362,0,0,0,0,0
2020-10-24,US,Michigan,Alger,105,1,0,46.41292944,-86.60260122,26003.0,1152.832674571805,0.9523809523809524,104,103,1,0,102,103,9097,2,0,0,2,0
2020-10-24,US,Michigan,Allegan,1201,7,0,42.59147037,-85.89102866,26005.0,1017.0984324319746,0.5828476269775187,1194,1165,7,0,1158,1142,117327,36,0,0,36,23
2020-10-24,US,Michigan,Alpena,152,14,0,45.03477666,-83.62212411,26007.0,535.1170568561873,9.210526315789474,138,156,14,0,142,157,28360,-4,0,0,-4,-1
2020-10-24,US,Michigan,Antrim,115,0,0,44.99690221,-85.15503082,26009.0,493.054364602984,0.0,115,109,0,0,109,107,23365,6,0,0,6,2
2020-10-24,US,Michigan,Arenac,91,3,0,44.0636262,-83.89277559,26011.0,611.43586642478,3.2967032967032965,88,90,3,0,87,89,15041,1,0,0,1,1
2020-10-24,US,Michigan,Baraga,80,4,0,46.6720582,-88.36363591,26013.0,974.5401388719696,5.0,76,77,4,0,73,78,8320,3,0,0,3,-1
2020-10-24,US,Michigan,Barry,626,5,0,42.59513984,-85.30834519,26015.0,1017.0593013809912,0.7987220447284346,621,590,5,0,585,577,61157,36,0,0,36,13
2020-10-24,US,Michigan,Bay,1347,62,0,43.70639106,-83.98731479,26017.0,1306.169152299129,4.602821083890127,1285,1312,60,0,1252,1288,103923,35,2,0,33,24
2020-10-24,US,Michigan,Benzie,115,2,0,44.63899297,-86.01608482,26019.0,647.3038387932005,1.7391304347826086,113,114,2,0,112,111,17753,1,0,0,1,3
2020-10-24,US,Michigan,Berrien,2609,80,0,41.95447397,-86.41313079999998,26021.0,1700.7711814134198,3.0663089306247606,2529,2530,81,0,2449,2489,154141,79,-1,0,80,41
2020-10-24,US,Michigan,Branch,849,11,0,41.91600556,-85.05929476,26023.0,1950.96169313142,1.2956419316843346,838,839,10,0,829,828,43622,10,1,0,9,11
2020-10-24,US,Michigan,Calhoun,2699,67,0,42.24633834,-85.00493569,26025.0,2011.7919781751505,2.482400889218229,2632,2541,65,0,2476,2493,134487,158,2,0,156,48
2020-10-24,US,Michigan,Cass,944,24,0,41.91522292,-85.99405727,26027.0,1822.8512947264762,2.5423728813559316,920,926,24,0,902,895,51653,18,0,0,18,31
2020-10-24,US,Michigan,Charlevoix,164,4,0,45.37790017,-85.19614053,26029.0,627.318976399036,2.4390243902439024,160,148,4,0,144,142,26244,16,0,0,16,6
2020-10-24,US,Michigan,Cheboygan,133,2,0,45.44787015,-84.50122149,26031.0,526.190852983067,1.5037593984962403,131,130,2,0,128,123,25413,3,0,0,3,7
2020-10-24,US,Michigan,Chippewa,128,0,0,46.29552653,-84.54353449,26033.0,342.7133256579828,0.0,128,123,0,0,123,117,37517,5,0,0,5,6
2020-10-24,US,Michigan,Clare,254,10,0,43.98794227,-84.84819859999998,26035.0,820.6785137318255,3.9370078740157477,244,244,9,0,235,235,30757,10,1,0,9,9
2020-10-24,US,Michigan,Clinton,1050,15,0,42.94400871,-84.60145248,26037.0,1319.1783403480115,1.4285714285714286,1035,1007,14,0,993,972,79332,43,1,0,42,35
2020-10-24,US,Michigan,Crawford,150,5,0,44.68255561,-84.61006219,26039.0,1069.2137714733763,3.333333333333333,145,145,5,0,140,144,13901,5,0,0,5,1
2020-10-24,US,Michigan,Delta,1140,24,0,45.90484910000001,-86.9080745,26041.0,3185.7813547954393,2.1052631578947367,1116,1111,22,0,1089,1097,35857,29,2,0,27,14
2020-10-24,US,Michigan,Dickinson,603,18,0,46.00999672,-87.86961634,26043.0,2389.159633899917,2.985074626865672,585,550,17,0,533,529,25383,53,1,0,52,21
2020-10-24,US,Michigan,Eaton,1092,11,0,42.59599185,-84.83740035,26045.0,990.3145064751332,1.0073260073260073,1081,1039,11,0,1028,1031,109826,53,0,0,53,8
2020-10-24,US,Michigan,Emmet,222,4,0,45.52625509,-84.89083249,26047.0,664.3722878946581,1.8018018018018016,218,207,4,0,203,195,33308,15,0,0,15,12
2020-10-24,US,Michigan,Federal Correctional Institution (FCI),197,5,0,0.0,0.0,0.0,0.0,2.538071065989848,192,197,5,0,192,197,,0,0,0,0,0
2020-10-24,US,Michigan,Genesee,6491,333,0,43.02244215,-83.70589709,26049.0,1599.5051908144885,5.130180249576337,6158,6356,331,0,6025,6276,406892,135,2,0,133,80
2020-10-24,US,Michigan,Gladwin,185,2,0,43.98901072,-84.38774817,26051.0,726.9440842469252,1.0810810810810811,183,178,2,0,176,176,25337,7,0,0,7,2
2020-10-24,US,Michigan,Gogebic,369,5,0,46.40862701,-89.69377193,26053.0,2640.429338103757,1.3550135501355014,364,348,2,0,346,336,15096,21,3,0,18,12
2020-10-24,US,Michigan,Grand Traverse,735,13,0,44.69565625,-85.55585247,26055.0,789.5754554829839,1.7687074829931972,722,722,13,0,709,703,92573,13,0,0,13,19
2020-10-24,US,Michigan,Gratiot,469,16,0,43.29265605,-84.60505416,26057.0,1152.0227948220386,3.411513859275053,453,445,16,0,429,434,40599,24,0,0,24,11
2020-10-24,US,Michigan,Hillsdale,500,28,0,41.88753639,-84.59312019,26059.0,1096.371011950444,5.6,472,490,28,0,462,482,45749,10,0,0,10,8
2020-10-24,US,Michigan,Houghton,906,9,0,46.89988536,-88.68495385,26061.0,2538.953032171281,0.9933774834437086,897,895,9,0,886,885,36219,11,0,0,11,10
2020-10-24,US,Michigan,Huron,264,5,0,43.83353985,-83.04078453,26063.0,852.1351796262227,1.893939393939394,259,260,5,0,255,260,31166,4,0,0,4,0
2020-10-24,US,Michigan,Ingham,4532,64,0,42.59716886,-84.37472069,26065.0,1549.8997968577935,1.4121800529567519,4468,4456,62,0,4394,4430,292735,76,2,0,74,26
2020-10-24,US,Michigan,Ionia,673,8,0,42.94502238,-85.07413319,26067.0,1040.2337048085692,1.188707280832095,665,628,8,0,620,631,64210,45,0,0,45,-3
2020-10-24,US,Michigan,Iosco,277,16,0,44.35486835,-83.63484895,26069.0,1102.3998089704305,5.776173285198556,261,273,15,0,258,273,25081,4,1,0,3,0
2020-10-24,US,Michigan,Iron,421,22,0,46.20974132,-88.53136251,26071.0,3804.4460509669257,5.225653206650831,399,404,21,0,383,398,11117,17,1,0,16,6
2020-10-24,US,Michigan,Isabella,993,15,0,43.64060976,-84.84664923,26073.0,1421.1701396839935,1.5105740181268883,978,979,15,0,964,960,70562,14,0,0,14,19
2020-10-24,US,Michigan,Jackson,1715,65,0,42.24807035,-84.42258681,26075.0,1081.95066557315,3.7900874635568513,1650,1650,64,0,1586,1630,158823,65,1,0,64,20
2020-10-24,US,Michigan,Kalamazoo,4657,102,0,42.24542231,-85.53038622,26077.0,1756.9209178091494,2.190251234700451,4555,4504,102,0,4402,4469,264870,153,0,0,153,35
2020-10-24,US,Michigan,Kalkaska,121,4,0,44.68512729,-85.09085699,26079.0,670.8060760616477,3.3057851239669422,117,118,4,0,114,118,17824,3,0,0,3,0
2020-10-24,US,Michigan,Kent,13715,184,0,43.03197711,-85.54934642,26081.0,2087.6620164242604,1.3415967918337586,13531,13390,182,0,13208,13162,653786,325,2,0,323,228
2020-10-24,US,Michigan,Keweenaw,18,0,0,47.63197653,-88.41434263,26083.0,850.6616257088847,0.0,18,18,0,0,18,18,2113,0,0,0,0,0
2020-10-24,US,Michigan,Lake,56,0,0,43.99050893,-85.802173,26085.0,472.45423099637225,0.0,56,56,0,0,56,55,11881,0,0,0,0,1
2020-10-24,US,Michigan,Lapeer,875,38,0,43.09052506,-83.22153148,26087.0,998.7786364103323,4.342857142857143,837,856,38,0,818,847,88028,19,0,0,19,9
2020-10-24,US,Michigan,Leelanau,144,2,0,44.94430054,-85.80150326,26089.0,661.7342952989292,1.3888888888888888,142,140,2,0,138,138,21764,4,0,0,4,2
2020-10-24,US,Michigan,Lenawee,1096,19,0,41.89475156,-84.06603727,26091.0,1113.2441519131344,1.7335766423357664,1077,1076,19,0,1057,1063,98266,20,0,0,20,13
2020-10-24,US,Michigan,Livingston,1942,33,0,42.60302282,-83.91297209,26093.0,1011.4846740800543,1.6992790937178166,1909,1899,33,0,1866,1883,191224,43,0,0,43,16
2020-10-24,US,Michigan,Luce,47,0,0,46.47227431,-85.54471223,26095.0,754.5352384010274,0.0,47,48,0,0,48,47,6283,-1,0,0,-1,1
2020-10-24,US,Michigan,Mackinac,154,0,0,46.07028979,-85.04980537,26097.0,1426.0579683304004,0.0,154,152,0,0,152,147,10787,2,0,0,2,5
2020-10-24,US,Michigan,Macomb,18025,1084,0,42.69158356,-82.92752801,26099.0,2062.4230524547697,6.013869625520111,16941,17709,1078,0,16631,17557,874759,316,6,0,310,152
2020-10-24,US,Michigan,Manistee,128,3,0,44.33352407,-86.05626916,26101.0,521.2150826614545,2.34375,125,120,3,0,117,117,24528,8,0,0,8,3
2020-10-24,US,Michigan,Marquette,973,14,0,46.4338914,-87.64043701,26103.0,1458.7924856444629,1.4388489208633093,959,931,13,0,918,909,66516,42,1,0,41,22
2020-10-24,US,Michigan,Mason,219,1,0,43.99509218,-86.24988902,26105.0,751.4411199560801,0.45662100456620996,218,209,1,0,208,197,29100,10,0,0,10,12
2020-10-24,US,Michigan,Mecosta,463,4,0,43.64064262,-85.32463223,26107.0,1065.5190665776815,0.8639308855291576,459,432,4,0,428,423,43545,31,0,0,31,9
2020-10-24,US,Michigan,Menominee,679,3,0,45.58038692,-87.55370409,26109.0,2980.684811237928,0.4418262150220913,676,663,3,0,660,655,22983,16,0,0,16,8
2020-10-24,US,Michigan,Michigan Department of Corrections (MDOC),6510,75,0,0.0,0.0,0.0,0.0,1.1520737327188941,6435,6459,75,0,6384,6329,,51,0,0,51,130
2020-10-24,US,Michigan,Midland,946,14,0,43.64330771,-84.38804374,26111.0,1137.6208571840878,1.4799154334038056,932,917,14,0,903,890,83209,29,0,0,29,27
2020-10-24,US,Michigan,Missaukee,85,1,0,44.33772443,-85.09256478,26113.0,562.2436830268554,1.1764705882352942,84,83,1,0,82,82,15113,2,0,0,2,1
2020-10-24,US,Michigan,Monroe,1945,32,0,41.92734151,-83.53749864,26115.0,1292.3588039867109,1.6452442159383034,1913,1928,32,0,1896,1903,150439,17,0,0,17,25
2020-10-24,US,Michigan,Montcalm,602,10,0,43.31082541,-85.15252824,26117.0,942.273979464062,1.6611295681063123,592,564,10,0,554,560,63968,38,0,0,38,4
2020-10-24,US,Michigan,Montmorency,24,0,0,45.0275929,-84.12696227,26119.0,257.2898799313893,0.0,24,23,0,0,23,22,9265,1,0,0,1,1
2020-10-24,US,Michigan,Muskegon,2021,81,0,43.29123859,-86.15176712,26121.0,1164.3985573211346,4.007916872835231,1940,1936,80,0,1856,1897,173588,85,1,0,84,39
2020-10-24,US,Michigan,Newaygo,585,3,0,43.554373999999996,-85.80070107,26123.0,1194.365046957942,0.5128205128205128,582,562,3,0,559,552,48892,23,0,0,23,10
2020-10-24,US,Michigan,Oakland,24343,1235,0,42.66090111,-83.38595416,26125.0,1935.6957467652264,5.07332703446576,23108,24025,1233,0,22792,23827,1259201,318,2,0,316,198
2020-10-24,US,Michigan,Oceana,606,6,0,43.64124435,-86.26726673,26127.0,2289.643707258095,0.99009900990099,600,597,6,0,591,584,26625,9,0,0,9,13
2020-10-24,US,Michigan,Ogemaw,102,5,0,44.33481032,-84.12725175,26129.0,485.78368338334053,4.901960784313727,97,98,5,0,93,95,20952,4,0,0,4,3
2020-10-24,US,Michigan,Ontonagon,91,0,0,46.665226200000006,-89.31390481,26131.0,1590.909090909091,0.0,91,79,0,0,79,78,5795,12,0,0,12,1
2020-10-24,US,Michigan,Osceola,144,0,0,43.98992088,-85.32566756,26133.0,613.8107416879795,0.0,144,138,0,0,138,135,23341,6,0,0,6,3
2020-10-24,US,Michigan,Oscoda,55,1,0,44.68192279,-84.12939244,26135.0,667.3947336488291,1.818181818181818,54,54,1,0,53,54,8276,1,0,0,1,0
2020-10-24,US,Michigan,Otsego,237,12,0,45.02085831,-84.59898295,26137.0,960.758877898492,5.063291139240507,225,235,12,0,223,226,24665,2,0,0,2,9
2020-10-24,US,Michigan,Ottawa,4807,72,0,42.95996803,-85.9969107,26139.0,1647.1918582736525,1.497815685458706,4735,4687,72,0,4615,4610,290494,120,0,0,120,77
2020-10-24,US,Michigan,Out of MI,305,3,0,0.0,0.0,80026.0,0.0,0.9836065573770492,302,277,3,0,274,276,,28,0,0,28,1
2020-10-24,US,Michigan,Presque Isle,50,1,0,45.34018577,-83.91498656,26141.0,397.07750952986015,2.0,49,47,1,0,46,43,12738,3,0,0,3,4
2020-10-24,US,Michigan,Roscommon,162,5,0,44.33473082,-84.61067651,26143.0,674.4660477122278,3.08641975308642,157,158,5,0,153,151,23884,4,0,0,4,7
2020-10-24,US,Michigan,Saginaw,3685,152,0,43.33433923,-84.05131209999998,26145.0,1933.987267698477,4.12483039348711,3533,3617,152,0,3465,3568,190800,68,0,0,68,49
2020-10-24,US,Michigan,Sanilac,188,7,0,43.42406072,-82.82055898,26151.0,456.643186786495,3.723404255319149,181,178,7,0,171,175,41182,10,0,0,10,3
2020-10-24,US,Michigan,Schoolcraft,66,1,0,46.19235734,-86.19972234,26153.0,815.4188287620459,1.5151515151515151,65,62,1,0,61,60,8068,4,0,0,4,2
2020-10-24,US,Michigan,Shiawassee,682,34,0,42.95392800000001,-84.14585902,26155.0,1001.1450045506592,4.98533724340176,648,667,34,0,633,663,68192,15,0,0,15,4
2020-10-24,US,Michigan,St. Clair,1474,64,0,42.92655373,-82.67937954,26147.0,926.2983258760244,4.341926729986431,1410,1435,64,0,1371,1404,159337,39,0,0,39,31
2020-10-24,US,Michigan,St. Joseph,1171,17,0,41.91441767,-85.52797979,26149.0,1920.805721409356,1.4517506404782237,1154,1144,16,0,1128,1117,61043,27,1,0,26,27
2020-10-24,US,Michigan,Tuscola,636,35,0,43.46606813,-83.41897025,26157.0,1217.341372380132,5.50314465408805,601,626,35,0,591,611,52516,10,0,0,10,15
2020-10-24,US,Michigan,Unassigned,24,0,0,0.0,0.0,90026.0,0.0,0.0,24,9,0,0,9,10,,15,0,0,15,-1
2020-10-24,US,Michigan,Van Buren,1040,18,0,42.25190229,-86.01939087,26159.0,1374.261664706582,1.7307692307692308,1022,1001,18,0,983,996,75448,39,0,0,39,5
2020-10-24,US,Michigan,Washtenaw,5238,117,0,42.253105,-83.83853204,26161.0,1424.914513290225,2.233676975945017,5121,5120,116,0,5004,5028,370963,118,1,0,117,92
2020-10-24,US,Michigan,Wayne,39660,3045,0,42.28098405,-83.281255,26163.0,2267.136862239138,7.677760968229955,36615,39324,3040,0,36284,39100,1753893,336,5,0,331,224
2020-10-24,US,Michigan,Wexford,168,4,0,44.33853602,-85.57712739,26165.0,499.5391156968273,2.380952380952381,164,162,4,0,158,160,33466,6,0,0,6,2
2020-10-24,US,Minnesota,Aitkin,177,2,0,46.60962049,-93.41168259999999,27001.0,1114.1885937303286,1.1299435028248588,175,165,2,0,163,159,15902,12,0,0,12,6
2020-10-24,US,Minnesota,Anoka,8552,150,0,45.27476015,-93.24604565,27003.0,2396.048425281785,1.7539756782039289,8402,8414,150,0,8264,8324,353813,138,0,0,138,90
2020-10-24,US,Minnesota,Becker,551,3,0,46.93479392,-95.67158144,27005.0,1600.6739679865207,0.5444646098003629,548,538,3,0,535,519,34371,13,0,0,13,19
2020-10-24,US,Minnesota,Beltrami,876,7,0,47.97373527,-94.93732139,27007.0,1856.404170551836,0.7990867579908676,869,871,7,0,864,839,46847,5,0,0,5,32
2020-10-24,US,Minnesota,Benton,923,8,0,45.69804958,-93.99514135,27009.0,2257.330822470591,0.866738894907909,915,910,7,0,903,882,40545,13,1,0,12,28
2020-10-24,US,Minnesota,Big Stone,136,0,0,45.42712824,-96.41403739,27011.0,2724.904828691645,0.0,136,132,0,0,132,131,4989,4,0,0,4,1
2020-10-24,US,Minnesota,Blue Earth,2036,7,0,44.03554215,-94.06699781,27013.0,3009.474820037545,0.34381139489194495,2029,2020,7,0,2013,2003,67427,16,0,0,16,17
2020-10-24,US,Minnesota,Brown,320,3,0,44.24205652,-94.72562874,27015.0,1279.5905310300705,0.9375,317,316,3,0,313,311,25111,4,0,0,4,5
2020-10-24,US,Minnesota,Carlton,423,1,0,46.59180601,-92.67601019,27017.0,1179.2255582503972,0.2364066193853428,422,411,1,0,410,403,35837,12,0,0,12,8
2020-10-24,US,Minnesota,Carver,1767,7,0,44.82017001,-93.80099179999999,27019.0,1681.4319291267402,0.3961516694963215,1760,1743,7,0,1736,1724,103551,24,0,0,24,19
2020-10-24,US,Minnesota,Cass,366,5,0,46.95043611,-94.32603968,27021.0,1229.0540313643844,1.3661202185792352,361,357,5,0,352,344,29519,9,0,0,9,13
2020-10-24,US,Minnesota,Chippewa,429,3,0,45.02343421,-95.56403693,27023.0,3635.593220338983,0.6993006993006993,426,424,3,0,421,415,11924,5,0,0,5,9
2020-10-24,US,Minnesota,Chisago,981,2,0,45.5021011,-92.90861945,27025.0,1733.8588522243235,0.2038735983690112,979,950,2,0,948,920,55922,31,0,0,31,30
2020-10-24,US,Minnesota,Clay,2280,43,0,46.89289518,-96.48761922,27027.0,3550.185294758805,1.8859649122807016,2237,2214,43,0,2171,2153,63955,66,0,0,66,61
2020-10-24,US,Minnesota,Clearwater,105,0,0,47.57992111,-95.37790562,27029.0,1190.746200952597,0.0,105,101,0,0,101,88,8810,4,0,0,4,13
2020-10-24,US,Minnesota,Cook,13,0,0,47.90504893,-90.52629546,27031.0,237.96448837634998,0.0,13,12,0,0,12,11,5393,1,0,0,1,1
2020-10-24,US,Minnesota,Cottonwood,276,0,0,44.00715262,-95.18138802,27033.0,2465.166130760986,0.0,276,272,0,0,272,265,11277,4,0,0,4,7
2020-10-24,US,Minnesota,Crow Wing,990,21,0,46.48096553,-94.06755609,27035.0,1521.7892552455614,2.121212121212121,969,980,21,0,959,947,64889,10,0,0,10,33
2020-10-24,US,Minnesota,Dakota,9686,137,0,44.67172617,-93.06299363,27037.0,2257.698341106845,1.4144125542019408,9549,9541,137,0,9404,9467,425423,145,0,0,145,74
2020-10-24,US,Minnesota,Dodge,392,0,0,44.02238415,-92.86244324,27039.0,1872.551829559568,0.0,392,386,0,0,386,379,20822,6,0,0,6,7
2020-10-24,US,Minnesota,Douglas,672,3,0,45.93348491,-95.45335469,27041.0,1761.8835374006976,0.44642857142857145,669,647,3,0,644,632,37964,25,0,0,25,15
2020-10-24,US,Minnesota,Faribault,228,0,0,43.67381499,-93.94787458,27043.0,1669.9626455724015,0.0,228,221,0,0,221,221,13758,7,0,0,7,0
2020-10-24,US,Minnesota,Fillmore,257,0,0,43.67394126,-92.08980382,27045.0,1219.9174063701525,0.0,257,250,0,0,250,245,21058,7,0,0,7,5
2020-10-24,US,Minnesota,Freeborn,666,4,0,43.67385583,-93.34884422,27047.0,2199.3989630461347,0.6006006006006006,662,659,4,0,655,649,30444,7,0,0,7,10
2020-10-24,US,Minnesota,Goodhue,573,11,0,44.40849741,-92.72341949999999,27049.0,1236.51273198101,1.9197207678883077,562,558,11,0,547,542,46403,15,0,0,15,16
2020-10-24,US,Minnesota,Grant,96,4,0,45.93424769,-96.01139609,27051.0,1607.5016744809107,4.166666666666667,92,92,4,0,88,92,6021,4,0,0,4,0
2020-10-24,US,Minnesota,Hennepin,33719,984,0,45.00761521,-93.47694895,27053.0,2663.7584597773966,2.9182360093715713,32735,33310,981,0,32329,33024,1259428,409,3,0,406,286
2020-10-24,US,Minnesota,Houston,197,1,0,43.67129565,-91.49143057,27055.0,1059.1397849462367,0.5076142131979695,196,195,1,0,194,186,18578,2,0,0,2,9
2020-10-24,US,Minnesota,Hubbard,379,2,0,47.10778564,-94.91693868,27057.0,1763.5289190824067,0.5277044854881267,377,369,2,0,367,346,21332,10,0,0,10,23
2020-10-24,US,Minnesota,Isanti,527,5,0,45.56181234,-93.29487636,27059.0,1298.1574539363485,0.9487666034155596,522,519,5,0,514,511,39966,8,0,0,8,8
2020-10-24,US,Minnesota,Itasca,719,17,0,47.51009045,-93.63092229,27061.0,1593.1752714380677,2.364394993045897,702,706,17,0,689,696,45108,13,0,0,13,10
2020-10-24,US,Minnesota,Jackson,208,1,0,43.67423373,-95.15398258,27063.0,2112.533008328255,0.4807692307692308,207,207,1,0,206,204,9911,1,0,0,1,3
2020-10-24,US,Minnesota,Kanabec,205,10,0,45.9459309,-93.29275192,27065.0,1254.8203464528372,4.878048780487805,195,195,10,0,185,194,16207,10,0,0,10,1
2020-10-24,US,Minnesota,Kandiyohi,1658,5,0,45.1526059,-95.00586446,27067.0,3838.051806754786,0.30156815440289503,1653,1650,5,0,1645,1639,42855,8,0,0,8,11
2020-10-24,US,Minnesota,Kittson,38,0,0,48.77754106,-96.78317184,27069.0,884.1321544904608,0.0,38,38,0,0,38,37,4248,0,0,0,0,1
2020-10-24,US,Minnesota,Koochiching,167,4,0,48.24539665,-93.78352843,27071.0,1365.6063455720011,2.395209580838323,163,165,4,0,161,164,12440,2,0,0,2,1
2020-10-24,US,Minnesota,Lac qui Parle,132,3,0,44.9973857,-96.17488219,27073.0,1993.0545070209878,2.272727272727273,129,131,3,0,128,130,6658,1,0,0,1,1
2020-10-24,US,Minnesota,Lake,118,0,0,47.64270764,-91.44557998,27075.0,1108.9183347429753,0.0,118,115,0,0,115,111,10658,3,0,0,3,4
2020-10-24,US,Minnesota,Lake of the Woods,44,1,0,48.77217001,-94.90274472,27077.0,1176.4705882352941,2.272727272727273,43,44,1,0,43,43,3758,0,0,0,0,1
2020-10-24,US,Minnesota,Le Sueur,620,5,0,44.37136597,-93.72844721,27079.0,2146.2941807733578,0.8064516129032258,615,614,5,0,609,598,28494,6,0,0,6,16
2020-10-24,US,Minnesota,Lincoln,182,0,0,44.41311883,-96.26688165,27081.0,3227.5226103919126,0.0,182,176,0,0,176,172,5673,6,0,0,6,4
2020-10-24,US,Minnesota,Lyon,959,6,0,44.41327865,-95.83806103,27083.0,3764.622752610505,0.6256517205422315,953,951,6,0,945,941,25629,8,0,0,8,10
2020-10-24,US,Minnesota,Mahnomen,110,2,0,47.32557075,-95.80921485,27087.0,1990.229781074724,1.818181818181818,108,106,2,0,104,104,5519,4,0,0,4,2
2020-10-24,US,Minnesota,Marshall,110,1,0,48.35825983,-96.37017407,27089.0,1178.234790059983,0.9090909090909092,109,103,1,0,102,97,9390,7,0,0,7,6
2020-10-24,US,Minnesota,Martin,611,17,0,43.67429718,-94.55099908,27091.0,3104.201595285272,2.782324058919804,594,606,16,0,590,602,19785,5,1,0,4,4
2020-10-24,US,Minnesota,McLeod,588,4,0,44.82367677,-94.27287017,27085.0,1638.202435015184,0.6802721088435374,584,580,4,0,576,576,35873,8,0,0,8,4
2020-10-24,US,Minnesota,Meeker,325,3,0,45.12328869,-94.52839455,27093.0,1399.5349237791752,0.9230769230769232,322,322,3,0,319,318,23141,3,0,0,3,4
2020-10-24,US,Minnesota,Mille Lacs,401,15,0,45.93705297,-93.63236823,27095.0,1526.0493968108995,3.740648379052369,386,387,14,0,373,376,26139,14,1,0,13,11
2020-10-24,US,Minnesota,Morrison,712,9,0,46.01265363,-94.27341528,27097.0,2132.6304438986404,1.2640449438202248,703,694,8,0,686,657,33169,18,1,0,17,37
2020-10-24,US,Minnesota,Mower,1508,15,0,43.67142874,-92.75234549,27099.0,3764.165543407718,0.9946949602122016,1493,1503,15,0,1488,1499,40011,5,0,0,5,4
2020-10-24,US,Minnesota,Murray,275,3,0,44.02216709,-95.76328482,27101.0,3356.1142299243347,1.0909090909090908,272,272,3,0,269,264,8276,3,0,0,3,8
2020-10-24,US,Minnesota,Nicollet,718,17,0,44.35291112,-94.24710352,27103.0,2094.882418159538,2.367688022284123,701,714,17,0,697,700,34220,4,0,0,4,14
2020-10-24,US,Minnesota,Nobles,2257,16,0,43.67434621,-95.75329576,27105.0,10435.064034398261,0.7089056269384139,2241,2219,16,0,2203,2195,21924,38,0,0,38,24
2020-10-24,US,Minnesota,Norman,114,0,0,47.32628443,-96.45620947,27107.0,1788.235294117647,0.0,114,108,0,0,108,105,6475,6,0,0,6,3
2020-10-24,US,Minnesota,Olmsted,3232,30,0,44.00374114,-92.40209944,27109.0,2041.7832753185544,0.9282178217821784,3202,3183,30,0,3153,3159,156277,49,0,0,49,24
2020-10-24,US,Minnesota,Otter Tail,851,7,0,46.40846929,-95.70835255,27111.0,1448.6092670139246,0.8225616921269095,844,818,7,0,811,789,58812,33,0,0,33,29
2020-10-24,US,Minnesota,Pennington,185,1,0,48.06642577,-96.0370814,27113.0,1310.2910971031945,0.5405405405405406,184,174,1,0,173,171,14178,11,0,0,11,3
2020-10-24,US,Minnesota,Pine,531,0,0,46.12105238,-92.74070188,27115.0,1795.1925352445996,0.0,531,523,0,0,523,519,29483,8,0,0,8,4
2020-10-24,US,Minnesota,Pipestone,345,17,0,44.02301619,-96.25841142,27117.0,3780.4076265614726,4.9275362318840585,328,342,17,0,325,336,9047,3,0,0,3,6
2020-10-24,US,Minnesota,Polk,618,4,0,47.77372465,-96.40134647,27119.0,1970.4119372529008,0.6472491909385113,614,596,4,0,592,557,31529,22,0,0,22,39
2020-10-24,US,Minnesota,Pope,155,0,0,45.58606667,-95.44451209,27121.0,1377.9002578006935,0.0,155,154,0,0,154,152,11097,1,0,0,1,2
2020-10-24,US,Minnesota,Ramsey,13909,358,0,45.01625271,-93.09872295,27123.0,2527.4339885266963,2.5738730318498813,13551,13782,357,0,13425,13609,550210,127,1,0,126,173
2020-10-24,US,Minnesota,Red Lake,77,2,0,47.87197525,-96.09561104,27125.0,1898.8902589395807,2.5974025974025974,75,69,2,0,67,66,3999,8,0,0,8,3
2020-10-24,US,Minnesota,Redwood,271,11,0,44.40555844,-95.25207021,27127.0,1786.4205669083715,4.059040590405904,260,269,11,0,258,260,15249,2,0,0,2,9
2020-10-24,US,Minnesota,Renville,250,11,0,44.72836381,-94.94553734,27129.0,1718.449271377509,4.4,239,243,11,0,232,237,14612,7,0,0,7,6
2020-10-24,US,Minnesota,Rice,1628,9,0,44.3543376,-93.29658715,27131.0,2430.866630830795,0.5528255528255528,1619,1605,9,0,1596,1592,66523,23,0,0,23,13
2020-10-24,US,Minnesota,Rock,324,4,0,43.67482683,-96.25296832,27133.0,3478.2608695652175,1.2345679012345678,320,315,4,0,311,311,9414,9,0,0,9,4
2020-10-24,US,Minnesota,Roseau,259,0,0,48.77501878,-95.81079919,27135.0,1707.8799868117374,0.0,259,228,0,0,228,216,15150,31,0,0,31,12
2020-10-24,US,Minnesota,Scott,3348,34,0,44.6490231,-93.53340251,27139.0,2246.7838376517484,1.015531660692951,3314,3293,34,0,3259,3265,147381,55,0,0,55,28
2020-10-24,US,Minnesota,Sherburne,1665,21,0,45.44447208,-93.77617511,27141.0,1712.2935477899591,1.2612612612612613,1644,1634,21,0,1613,1606,96036,31,0,0,31,28
2020-10-24,US,Minnesota,Sibley,249,3,0,44.5796592,-94.23164924,27143.0,1675.0756811301715,1.2048192771084338,246,243,3,0,240,242,15028,6,0,0,6,1
2020-10-24,US,Minnesota,St. Louis,2912,67,0,47.604840700000004,-92.46879855,27137.0,1462.8020294368814,2.300824175824176,2845,2850,65,0,2785,2797,199754,62,2,0,60,53
2020-10-24,US,Minnesota,Stearns,5743,43,0,45.55192576,-94.61078221,27145.0,3565.419835480366,0.7487375935921992,5700,5665,41,0,5624,5546,159256,78,2,0,76,119
2020-10-24,US,Minnesota,Steele,756,3,0,44.02240351,-93.22627088,27147.0,2062.812082185053,0.3968253968253968,753,741,3,0,738,734,36803,15,0,0,15,7
2020-10-24,US,Minnesota,Stevens,181,1,0,45.58613007,-96.00163705,27149.0,1845.996940336563,0.5524861878453039,180,177,1,0,176,174,9753,4,0,0,4,3
2020-10-24,US,Minnesota,Swift,201,1,0,45.2829032,-95.68264092,27151.0,2169.2208072523204,0.4975124378109453,200,194,1,0,193,193,9345,7,0,0,7,1
2020-10-24,US,Minnesota,Todd,786,5,0,46.06996226,-94.89785296,27153.0,3186.8310087577033,0.6361323155216285,781,769,5,0,764,752,24582,17,0,0,17,17
2020-10-24,US,Minnesota,Traverse,55,0,0,45.77298854,-96.47062949,27155.0,1687.6342436330165,0.0,55,54,0,0,54,54,3308,1,0,0,1,0
2020-10-24,US,Minnesota,Unassigned,201,53,0,0.0,0.0,90027.0,0.0,26.368159203980102,148,211,53,0,158,265,,-10,0,0,-10,-54
2020-10-24,US,Minnesota,Wabasha,370,0,0,44.28424356,-92.23121312,27157.0,1710.824432422435,0.0,370,359,0,0,359,343,21645,11,0,0,11,16
2020-10-24,US,Minnesota,Wadena,224,3,0,46.58589171,-94.96968506,27159.0,1637.187545680456,1.3392857142857142,221,215,3,0,212,208,13773,9,0,0,9,7
2020-10-24,US,Minnesota,Waseca,927,9,0,44.02211116,-93.58720034,27161.0,4980.657640232108,0.9708737864077671,918,922,9,0,913,919,18691,5,0,0,5,3
2020-10-24,US,Minnesota,Washington,5830,71,0,45.03864533,-92.88429635,27163.0,2221.4601432708428,1.2178387650085762,5759,5469,70,0,5399,5399,259201,361,1,0,360,70
2020-10-24,US,Minnesota,Watonwan,578,4,0,43.97823903,-94.61413846,27165.0,5304.21216848674,0.6920415224913494,574,576,4,0,572,572,10980,2,0,0,2,4
2020-10-24,US,Minnesota,Wilkin,133,4,0,46.35721532,-96.4684375,27167.0,2142.742065410021,3.0075187969924815,129,129,4,0,125,127,6254,4,0,0,4,2
2020-10-24,US,Minnesota,Winona,1243,19,0,43.98772283,-91.78081305,27169.0,2462.1662308850327,1.5285599356395816,1224,1236,18,0,1218,1225,50825,7,1,0,6,11
2020-10-24,US,Minnesota,Wright,2432,14,0,45.17297924,-93.96234781,27171.0,1757.5175065220374,0.5756578947368421,2418,2367,14,0,2353,2332,136349,65,0,0,65,35
2020-10-24,US,Minnesota,Yellow Medicine,281,5,0,44.71710183,-95.86842453,27173.0,2894.2218560098877,1.7793594306049825,276,275,5,0,270,271,9795,6,0,0,6,4
2020-10-24,US,Mississippi,Adams,1085,44,0,31.47669768,-91.35326037,28001.0,3535.007982276089,4.055299539170506,1041,1073,43,0,1030,1067,31192,12,1,0,11,6
2020-10-24,US,Mississippi,Alcorn,1001,12,0,34.88084463,-88.57996173,28003.0,2708.8463724190187,1.1988011988011988,989,987,12,0,975,981,36925,14,0,0,14,6
2020-10-24,US,Mississippi,Amite,425,13,0,31.17467303,-90.80501621,28005.0,3456.127510774985,3.0588235294117645,412,421,13,0,408,421,12326,4,0,0,4,0
2020-10-24,US,Mississippi,Attala,794,26,0,33.08658803,-89.57838564,28007.0,4368.878617805656,3.2745591939546603,768,790,26,0,764,789,18365,4,0,0,4,1
2020-10-24,US,Mississippi,Benton,341,6,0,34.81681228,-89.18945516,28009.0,4128.829156072164,1.7595307917888563,335,333,5,0,328,325,8271,8,1,0,7,8
2020-10-24,US,Mississippi,Bolivar,2016,77,0,33.79696941,-90.87372121,28011.0,6582.21235470811,3.8194444444444446,1939,2004,77,0,1927,2001,31333,12,0,0,12,3
2020-10-24,US,Mississippi,Calhoun,626,12,0,33.93683395,-89.33686647,28013.0,4359.027922846599,1.9169329073482428,614,622,12,0,610,619,14436,4,0,0,4,3
2020-10-24,US,Mississippi,Carroll,493,12,0,33.44834567,-89.91994479,28015.0,4956.268221574343,2.4340770791075053,481,480,12,0,468,476,9911,13,0,0,13,4
2020-10-24,US,Mississippi,Chickasaw,855,26,0,33.91983202,-88.9481545,28017.0,4999.122960884056,3.04093567251462,829,840,26,0,814,836,17171,15,0,0,15,4
2020-10-24,US,Mississippi,Choctaw,208,6,0,33.34598242,-89.24809382,28019.0,2533.4957369062117,2.8846153846153846,202,205,6,0,199,204,8278,3,0,0,3,1
2020-10-24,US,Mississippi,Claiborne,537,16,0,31.97061673,-90.90702196,28021.0,5974.632843791723,2.97951582867784,521,537,16,0,521,533,9002,0,0,0,0,4
2020-10-24,US,Mississippi,Clarke,758,51,0,32.04158545,-88.68896219999998,28023.0,4877.421015378676,6.728232189973616,707,743,51,0,692,734,15604,15,0,0,15,9
2020-10-24,US,Mississippi,Clay,693,21,0,33.65358105,-88.77784255,28025.0,3587.6993166287016,3.0303030303030303,672,684,21,0,663,683,19386,9,0,0,9,1
2020-10-24,US,Mississippi,Coahoma,1249,37,0,34.22772299,-90.60415045,28027.0,5645.452901826071,2.962369895916733,1212,1249,36,0,1213,1247,22628,0,1,0,-1,2
2020-10-24,US,Mississippi,Copiah,1375,36,0,31.86977774,-90.44565118,28029.0,4899.340815962943,2.6181818181818186,1339,1369,36,0,1333,1362,28543,6,0,0,6,7
2020-10-24,US,Mississippi,Covington,975,27,0,31.63225413,-89.55389939,28031.0,5231.809401159047,2.769230769230769,948,970,26,0,944,953,18853,5,1,0,4,17
2020-10-24,US,Mississippi,DeSoto,7039,79,0,34.87625235,-89.99091418,28033.0,3805.9963773013596,1.1223185111521523,6960,6932,79,0,6853,6857,182001,107,0,0,107,75
2020-10-24,US,Mississippi,Forrest,3046,78,0,31.18961454,-89.25832496,28035.0,4066.9185681669487,2.560735390676297,2968,3007,78,0,2929,2995,75036,39,0,0,39,12
2020-10-24,US,Mississippi,Franklin,242,3,0,31.47786634,-90.89672989,28037.0,3137.559963697653,1.2396694214876034,239,240,3,0,237,237,7788,2,0,0,2,3
2020-10-24,US,Mississippi,George,992,18,0,30.86259065,-88.64436789,28039.0,4048.979591836736,1.814516129032258,974,979,18,0,961,977,24250,13,0,0,13,2
2020-10-24,US,Mississippi,Greene,478,18,0,31.21444233,-88.63922281,28041.0,3518.327690269395,3.7656903765690375,460,473,18,0,455,469,13586,5,0,0,5,4
2020-10-24,US,Mississippi,Grenada,1226,38,0,33.77036166,-89.80245083,28043.0,5906.1566624915695,3.0995106035889064,1188,1216,38,0,1178,1211,21055,10,0,0,10,5
2020-10-24,US,Mississippi,Hancock,840,28,0,30.41830223,-89.48851033,28045.0,1763.5203224722875,3.333333333333333,812,816,28,0,788,798,47334,24,0,0,24,18
2020-10-24,US,Mississippi,Harrison,5223,84,0,30.51359752,-89.12467576,28047.0,2510.092272202998,1.6082711085583001,5139,5129,83,0,5046,5050,206650,94,1,0,93,79
2020-10-24,US,Mississippi,Hinds,7973,177,0,32.2656285,-90.44435448,28049.0,3439.009661835749,2.219992474601781,7796,7894,177,0,7717,7850,237085,79,0,0,79,44
2020-10-24,US,Mississippi,Holmes,1147,60,0,33.12345854,-90.08923538,28051.0,6743.092298647855,5.231037489102005,1087,1144,60,0,1084,1141,17622,3,0,0,3,3
2020-10-24,US,Mississippi,Humphreys,438,16,0,33.12825718,-90.52252707,28053.0,5431.547619047619,3.6529680365296797,422,428,16,0,412,426,8257,10,0,0,10,2
2020-10-24,US,Mississippi,Issaquena,107,4,0,32.72531359,-90.97392828,28055.0,8063.300678221552,3.7383177570093458,103,107,4,0,103,107,1308,0,0,0,0,0
2020-10-24,US,Mississippi,Itawamba,1139,25,0,34.27993475,-88.3606733,28057.0,4869.602394185548,2.1949078138718168,1114,1122,25,0,1097,1121,23517,17,0,0,17,1
2020-10-24,US,Mississippi,Jackson,4578,84,0,30.54020656,-88.64184064,28059.0,3187.644916688136,1.834862385321101,4494,4503,84,0,4419,4450,143277,75,0,0,75,53
2020-10-24,US,Mississippi,Jasper,687,17,0,32.01922104,-89.11786866,28061.0,4193.371177440029,2.4745269286754,670,679,17,0,662,677,16428,8,0,0,8,2
2020-10-24,US,Mississippi,Jefferson,276,10,0,31.73397872,-91.03764977,28063.0,3948.4978540772527,3.6231884057971016,266,275,10,0,265,274,7106,1,0,0,1,1
2020-10-24,US,Mississippi,Jefferson Davis,410,11,0,31.56884708,-89.82670990000004,28065.0,3684.399712437096,2.6829268292682933,399,405,11,0,394,400,11234,5,0,0,5,5
2020-10-24,US,Mississippi,Jones,2924,84,0,31.62257767,-89.16896899999998,28067.0,4293.8118593791305,2.8727770177838576,2840,2891,84,0,2807,2877,68461,33,0,0,33,14
2020-10-24,US,Mississippi,Kemper,326,15,0,32.75462946,-88.64105766,28069.0,3346.3354547320882,4.601226993865031,311,322,15,0,307,320,10027,4,0,0,4,2
2020-10-24,US,Mississippi,Lafayette,2504,43,0,34.35687874,-89.48490961,28071.0,4635.406060830449,1.717252396166134,2461,2483,43,0,2440,2459,54793,21,0,0,21,24
2020-10-24,US,Mississippi,Lamar,2255,38,0,31.20572971,-89.5077704,28073.0,3559.982949970794,1.6851441241685143,2217,2242,38,0,2204,2212,62447,13,0,0,13,30
2020-10-24,US,Mississippi,Lauderdale,2478,135,0,32.40419769,-88.66229662,28075.0,3343.001686340641,5.447941888619853,2343,2437,134,0,2303,2418,75317,41,1,0,40,19
2020-10-24,US,Mississippi,Lawrence,518,14,0,31.55147224,-90.10841127,28077.0,4115.684093437152,2.702702702702702,504,512,14,0,498,507,12455,6,0,0,6,5
2020-10-24,US,Mississippi,Leake,1150,41,0,32.7536828,-89.52402044,28079.0,5046.958658825594,3.565217391304348,1109,1146,40,0,1106,1143,22763,4,1,0,3,3
2020-10-24,US,Mississippi,Lee,3573,80,0,34.291877500000005,-88.68149954,28081.0,4182.077812631677,2.2390148334732722,3493,3514,79,0,3435,3507,85202,59,1,0,58,7
2020-10-24,US,Mississippi,Leflore,1671,87,0,33.55545125,-90.29900733,28083.0,5929.10619877231,5.206463195691203,1584,1658,87,0,1571,1651,28919,13,0,0,13,7
2020-10-24,US,Mississippi,Lincoln,1401,57,0,31.53288662,-90.45391915,28085.0,4102.128656340585,4.0685224839400425,1344,1389,57,0,1332,1385,34205,12,0,0,12,4
2020-10-24,US,Mississippi,Lowndes,1799,62,0,33.47386518,-88.44191529999998,28087.0,3070.227835139517,3.446359088382435,1737,1783,62,0,1721,1763,58930,16,0,0,16,20
2020-10-24,US,Mississippi,Madison,3831,94,0,32.63389156,-90.03513564,28089.0,3604.900632339657,2.453667449752023,3737,3812,93,0,3719,3779,105630,19,1,0,18,33
2020-10-24,US,Mississippi,Marion,950,42,0,31.23132643,-89.8209217,28091.0,3866.0318235461687,4.421052631578949,908,946,42,0,904,935,24715,4,0,0,4,11
2020-10-24,US,Mississippi,Marshall,1431,29,0,34.76216286,-89.50299462,28093.0,4054.51351504505,2.026554856743536,1402,1412,29,0,1383,1392,35451,19,0,0,19,20
2020-10-24,US,Mississippi,Monroe,1506,73,0,33.89236763,-88.4808438,28095.0,4272.098036990808,4.847277556440903,1433,1481,72,0,1409,1473,35564,25,1,0,24,8
2020-10-24,US,Mississippi,Montgomery,549,23,0,33.49419589,-89.61729103,28097.0,5616.368286445014,4.189435336976319,526,543,23,0,520,535,10023,6,0,0,6,8
2020-10-24,US,Mississippi,Neshoba,1849,111,0,32.75339664,-89.11726492,28099.0,6350.024040112647,6.003244997295837,1738,1842,111,0,1731,1831,29125,7,0,0,7,11
2020-10-24,US,Mississippi,Newton,866,27,0,32.40021118,-89.11843336,28101.0,4120.277857074888,3.117782909930716,839,856,27,0,829,852,21443,10,0,0,10,4
2020-10-24,US,Mississippi,Noxubee,598,17,0,33.11009499,-88.56949061,28103.0,5740.616300278392,2.8428093645484953,581,596,17,0,579,596,10535,2,0,0,2,0
2020-10-24,US,Mississippi,Oktibbeha,2024,54,0,33.42491685,-88.87905132,28105.0,4081.714965615988,2.6679841897233203,1970,2008,54,0,1954,1993,49599,16,0,0,16,15
2020-10-24,US,Mississippi,Panola,1700,40,0,34.36398677,-89.95064249,28107.0,4971.9232569022,2.3529411764705883,1660,1691,39,0,1652,1690,34178,9,1,0,8,1
2020-10-24,US,Mississippi,Pearl River,1136,60,0,30.77090935,-89.58677275,28109.0,2045.5568560367335,5.28169014084507,1076,1129,59,0,1070,1122,55387,7,1,0,6,7
2020-10-24,US,Mississippi,Perry,494,23,0,31.17161885,-88.99281835,28111.0,4125.950054288816,4.65587044534413,471,487,23,0,464,486,11931,7,0,0,7,1
2020-10-24,US,Mississippi,Pike,1384,56,0,31.17507789,-90.40392572,28113.0,3522.7041335776826,4.0462427745664735,1328,1382,56,0,1326,1377,39563,2,0,0,2,5
2020-10-24,US,Mississippi,Pontotoc,1472,20,0,34.226046000000004,-89.03636807,28115.0,4575.12276993846,1.358695652173913,1452,1461,19,0,1442,1458,31833,11,1,0,10,3
2020-10-24,US,Mississippi,Prentiss,1061,20,0,34.61810501,-88.51986294,28117.0,4222.717503780944,1.8850141376060319,1041,1048,19,0,1029,1037,25315,13,1,0,12,11
2020-10-24,US,Mississippi,Quitman,420,6,0,34.25157572,-90.28908,28119.0,6183.745583038868,1.4285714285714286,414,419,6,0,413,419,7051,1,0,0,1,0
2020-10-24,US,Mississippi,Rankin,3940,86,0,32.26469147,-89.94537876,28121.0,2537.4989534426904,2.182741116751269,3854,3894,86,0,3808,3881,153902,46,0,0,46,13
2020-10-24,US,Mississippi,Scott,1254,29,0,32.406704100000006,-89.53789439,28123.0,4458.825202673874,2.3125996810207337,1225,1249,29,0,1220,1247,28287,5,0,0,5,2
2020-10-24,US,Mississippi,Sharkey,285,14,0,32.88149103,-90.81595379999999,28125.0,6595.695440870169,4.912280701754386,271,283,14,0,269,280,4377,2,0,0,2,3
2020-10-24,US,Mississippi,Simpson,1215,49,0,31.91282117,-89.91716179,28127.0,4557.731262660363,4.032921810699588,1166,1212,49,0,1163,1204,26758,3,0,0,3,8
2020-10-24,US,Mississippi,Smith,594,16,0,32.01744532,-89.50644846,28129.0,3732.093490826841,2.6936026936026938,578,591,16,0,575,589,16002,3,0,0,3,2
2020-10-24,US,Mississippi,Stone,475,14,0,30.79187949,-89.11547539,28131.0,2590.5322862129146,2.9473684210526314,461,464,14,0,450,462,18717,11,0,0,11,2
2020-10-24,US,Mississippi,Sunflower,1623,49,0,33.60192578,-90.58882684,28133.0,6463.560334528076,3.019100431300062,1574,1609,49,0,1560,1597,25735,14,0,0,14,12
2020-10-24,US,Mississippi,Tallahatchie,845,26,0,33.95339918,-90.1729398,28135.0,6119.1976247374905,3.0769230769230766,819,840,25,0,815,830,13987,5,1,0,4,10
2020-10-24,US,Mississippi,Tate,1168,39,0,34.65133709,-89.94485778,28137.0,4124.148158610218,3.339041095890411,1129,1160,39,0,1121,1149,28759,8,0,0,8,11
2020-10-24,US,Mississippi,Tippah,903,22,0,34.76872156,-88.90988194,28139.0,4101.74880763116,2.4363233665559245,881,889,22,0,867,881,21995,14,0,0,14,8
2020-10-24,US,Mississippi,Tishomingo,812,41,0,34.74023475,-88.23917219,28141.0,4189.237992054894,5.0492610837438425,771,800,41,0,759,800,19454,12,0,0,12,0
2020-10-24,US,Mississippi,Tunica,535,17,0,34.64967704,-90.37481167,28143.0,5554.401993355482,3.177570093457944,518,529,17,0,512,528,9944,6,0,0,6,1
2020-10-24,US,Mississippi,Union,1188,25,0,34.49162015,-89.00776006,28145.0,4122.852680895367,2.104377104377104,1163,1174,25,0,1149,1165,28606,14,0,0,14,9
2020-10-24,US,Mississippi,Walthall,639,27,0,31.14971548,-90.10446654,28147.0,4472.910541789164,4.225352112676056,612,638,27,0,611,636,14465,1,0,0,1,2
2020-10-24,US,Mississippi,Warren,1548,55,0,32.35810271,-90.83352619,28149.0,3411.119190850797,3.55297157622739,1493,1543,55,0,1488,1536,46176,5,0,0,5,7
2020-10-24,US,Mississippi,Washington,2583,99,0,33.28392041,-90.94196237,28151.0,5882.62087499146,3.8327526132404177,2484,2564,99,0,2465,2551,45063,19,0,0,19,13
2020-10-24,US,Mississippi,Wayne,1017,22,0,31.64135687,-88.69573913,28153.0,5038.894118812862,2.1632251720747298,995,1008,21,0,987,998,20298,9,1,0,8,10
2020-10-24,US,Mississippi,Webster,376,13,0,33.61300486,-89.28392912,28155.0,3880.6894416348437,3.4574468085106385,363,370,13,0,357,370,9788,6,0,0,6,0
2020-10-24,US,Mississippi,Wilkinson,338,20,0,31.16078225,-91.31018819,28157.0,3916.570104287369,5.9171597633136095,318,337,20,0,317,335,8792,1,0,0,1,2
2020-10-24,US,Mississippi,Winston,841,21,0,33.08747908,-89.03391385,28159.0,4683.932052353105,2.4970273483947683,820,833,21,0,812,828,18165,8,0,0,8,5
2020-10-24,US,Mississippi,Yalobusha,545,14,0,34.02824175,-89.70762049999998,28161.0,4501.1562603237535,2.568807339449541,531,526,14,0,512,519,12392,19,0,0,19,7
2020-10-24,US,Mississippi,Yazoo,1222,34,0,32.77890365,-90.39656148,28163.0,4115.863927248231,2.782324058919804,1188,1217,33,0,1184,1207,28248,5,1,0,4,10
2020-10-24,US,Missouri,Adair,499,0,0,40.19058551,-92.60078167,29001.0,1968.9855186836605,0.0,499,493,0,0,493,482,25339,6,0,0,6,11
2020-10-24,US,Missouri,Andrew,428,8,0,39.98492163,-94.80163024,29003.0,2416.4408310749773,1.8691588785046729,420,420,4,0,416,414,17607,8,4,0,4,6
2020-10-24,US,Missouri,Atchison,75,1,0,40.43238737,-95.42970639,29005.0,1458.2928251992996,1.3333333333333333,74,75,1,0,74,74,5171,0,0,0,0,1
2020-10-24,US,Missouri,Audrain,563,11,0,39.215877,-91.84242683,29007.0,2217.5831101307704,1.9538188277087036,552,560,7,0,553,553,25473,3,4,0,-1,7
2020-10-24,US,Missouri,Barry,786,8,0,36.70978521,-93.82919888,29009.0,2196.205538014474,1.0178117048346056,778,764,8,0,756,748,35886,22,0,0,22,16
2020-10-24,US,Missouri,Barton,414,3,0,37.50207671,-94.34757022,29011.0,3522.205206738132,0.7246376811594203,411,413,3,0,410,409,11798,1,0,0,1,4
2020-10-24,US,Missouri,Bates,243,5,0,38.25271289,-94.34113157,29013.0,1502.5970813752165,2.05761316872428,238,234,5,0,229,233,16320,9,0,0,9,1
2020-10-24,US,Missouri,Benton,476,5,0,38.29503305,-93.28756116,29015.0,2448.1818649385377,1.050420168067227,471,473,5,0,468,468,19278,3,0,0,3,5
2020-10-24,US,Missouri,Bollinger,463,2,0,37.32449052,-90.02725304,29017.0,3816.0389021676415,0.4319654427645788,461,455,2,0,453,448,12169,8,0,0,8,7
2020-10-24,US,Missouri,Boone,5889,14,0,38.99186229,-92.30723575,29019.0,3263.2728038434475,0.2377313635591781,5875,5819,14,0,5805,5777,180005,70,0,0,70,42
2020-10-24,US,Missouri,Buchanan,2916,39,0,39.65816401,-94.80138942,29021.0,3337.7592601071387,1.337448559670782,2877,2858,38,0,2820,2821,88571,58,1,0,57,37
2020-10-24,US,Missouri,Butler,1121,8,0,36.71462476,-90.40421163,29023.0,2639.0131362116863,0.7136485280999108,1113,1106,8,0,1098,1067,42639,15,0,0,15,39
2020-10-24,US,Missouri,Caldwell,166,1,0,39.65620858,-93.98308093,29025.0,1840.3547671840358,0.6024096385542169,165,164,1,0,163,163,9108,2,0,0,2,1
2020-10-24,US,Missouri,Callaway,1152,5,0,38.83674754,-91.92186505,29027.0,2574.7044230382407,0.4340277777777778,1147,1105,5,0,1100,1083,44889,47,0,0,47,22
2020-10-24,US,Missouri,Camden,1544,33,0,38.02199522,-92.76083747,29029.0,3334.413130331497,2.1373056994818653,1511,1519,28,0,1491,1510,45815,25,5,0,20,9
2020-10-24,US,Missouri,Cape Girardeau,2599,49,0,37.38489388,-89.6843587,29031.0,3295.254275969621,1.8853405155829168,2550,2564,46,0,2518,2540,78753,35,3,0,32,24
2020-10-24,US,Missouri,Carroll,179,3,0,39.42762566,-93.50626255,29033.0,2062.449590966701,1.675977653631285,176,177,3,0,174,174,8743,2,0,0,2,3
2020-10-24,US,Missouri,Carter,168,3,0,36.94160441,-90.96051322,29035.0,2808.4252758274824,1.7857142857142858,165,166,3,0,163,164,6054,2,0,0,2,2
2020-10-24,US,Missouri,Cass,1993,30,0,38.64789422,-94.353399,29037.0,1884.0990735488751,1.5052684395383844,1963,1967,28,0,1939,1940,104954,26,2,0,24,27
2020-10-24,US,Missouri,Cedar,219,4,0,37.72391475,-93.85445441,29039.0,1526.2387622830859,1.8264840182648399,215,217,2,0,215,216,14165,2,2,0,0,1
2020-10-24,US,Missouri,Chariton,58,0,0,39.51499357,-92.9629191,29041.0,781.0395906275252,0.0,58,57,0,0,57,57,7451,1,0,0,1,0
2020-10-24,US,Missouri,Christian,2215,13,0,36.9711783,-93.18537118,29043.0,2500.141091483718,0.5869074492099323,2202,2183,11,0,2172,2154,86983,32,2,0,30,29
2020-10-24,US,Missouri,Clark,105,1,0,40.41040752,-91.73661677,29045.0,1544.7991761071066,0.9523809523809524,104,104,0,0,104,104,6842,1,1,0,0,0
2020-10-24,US,Missouri,Clay,2477,49,0,39.31132056,-94.41850862,29047.0,991.0061292748892,1.9781994348001612,2428,2449,46,0,2403,2412,246365,28,3,0,25,37
2020-10-24,US,Missouri,Clinton,479,15,0,39.6013098,-94.40465394,29049.0,2349.5364693186834,3.1315240083507305,464,463,14,0,449,447,20470,16,1,0,15,16
2020-10-24,US,Missouri,Cole,2849,22,0,38.50455671,-92.27860244,29051.0,3712.293960518601,0.7722007722007722,2827,2756,18,0,2738,2649,76796,93,4,0,89,107
2020-10-24,US,Missouri,Cooper,605,3,0,38.844478,-92.80896081,29053.0,3416.341973008075,0.4958677685950413,602,592,2,0,590,586,17603,13,1,0,12,6
2020-10-24,US,Missouri,Crawford,609,8,0,37.97663738,-91.30528104,29055.0,2545.9866220735785,1.3136288998357963,601,593,7,0,586,583,23957,16,1,0,15,10
2020-10-24,US,Missouri,Dade,135,0,0,37.431814,-93.8503345,29057.0,1785.478111360931,0.0,135,131,0,0,131,130,7569,4,0,0,4,1
2020-10-24,US,Missouri,Dallas,338,1,0,37.681135499999996,-93.02127031,29059.0,2002.606943950705,0.2958579881656805,337,331,1,0,330,325,16762,7,0,0,7,6
2020-10-24,US,Missouri,Daviess,220,4,0,39.96145298,-93.98519678,29061.0,2657.646774583233,1.818181818181818,216,211,4,0,207,206,8313,9,0,0,9,5
2020-10-24,US,Missouri,DeKalb,287,2,0,39.89201062,-94.40476508,29063.0,2287.3993783374513,0.6968641114982579,285,271,2,0,269,262,12630,16,0,0,16,9
2020-10-24,US,Missouri,Dent,241,3,0,37.60663134,-91.50790473,29065.0,1547.5502472227577,1.2448132780082988,238,239,3,0,236,239,15441,2,0,0,2,0
2020-10-24,US,Missouri,Douglas,280,11,0,36.9325593,-92.49905109,29067.0,2123.625331816458,3.928571428571429,269,277,9,0,268,276,13373,3,2,0,1,1
2020-10-24,US,Missouri,Dunklin,1091,12,0,36.27167174,-90.09122243,29069.0,3745.151213483917,1.0999083409715855,1079,1071,12,0,1059,1043,29423,20,0,0,20,28
2020-10-24,US,Missouri,Franklin,2542,44,0,38.41127108,-91.07522826,29071.0,2445.006588629084,1.7309205350118018,2498,2464,43,0,2421,2433,103670,78,1,0,77,31
2020-10-24,US,Missouri,Gasconade,244,24,0,38.43947277,-91.50847147,29073.0,1659.186726506188,9.836065573770492,220,237,24,0,213,235,14705,7,0,0,7,2
2020-10-24,US,Missouri,Gentry,181,10,0,40.21097916,-94.40944419,29075.0,2754.5274691827726,5.524861878453039,171,177,10,0,167,176,6628,4,0,0,4,1
2020-10-24,US,Missouri,Greene,8788,122,0,37.2575872,-93.34230916,29077.0,2998.4373187392102,1.3882567137005006,8666,8667,118,0,8549,8592,291923,121,4,0,117,75
2020-10-24,US,Missouri,Grundy,256,9,0,40.11406587,-93.56509276,29079.0,2598.984771573604,3.515625,247,255,9,0,246,254,9914,1,0,0,1,1
2020-10-24,US,Missouri,Harrison,187,1,0,40.35570088,-93.99222144,29081.0,2238.984674329502,0.5347593582887701,186,182,1,0,181,182,8414,5,0,0,5,0
2020-10-24,US,Missouri,Henry,370,6,0,38.38482826,-93.79293734,29083.0,1695.3812316715546,1.6216216216216215,364,363,6,0,357,352,21792,7,0,0,7,11
2020-10-24,US,Missouri,Hickory,193,3,0,37.94163617,-93.3203037,29085.0,2022.2129086336965,1.5544041450777202,190,188,3,0,185,190,9509,5,0,0,5,-2
2020-10-24,US,Missouri,Holt,114,1,0,40.09799248,-95.21638879999999,29087.0,2589.143765614354,0.8771929824561403,113,113,1,0,112,112,4404,1,0,0,1,1
2020-10-24,US,Missouri,Howard,244,2,0,39.1435761,-92.69756691,29089.0,2439.7560243975604,0.819672131147541,242,239,2,0,237,235,10137,5,0,0,5,4
2020-10-24,US,Missouri,Howell,1102,10,0,36.77383887,-91.88683935,29091.0,2746.965127003515,0.9074410163339384,1092,1083,7,0,1076,1066,40076,19,3,0,16,17
2020-10-24,US,Missouri,Iron,98,0,0,37.55487945,-90.7735296,29093.0,967.9012345679013,0.0,98,96,0,0,96,95,10177,2,0,0,2,1
2020-10-24,US,Missouri,Jackson,9765,122,0,39.01002188,-94.34724536,29095.0,1389.0252072869416,1.2493599590373785,9643,9662,118,0,9544,9541,700307,103,4,0,99,121
2020-10-24,US,Missouri,Jasper,5091,70,0,37.20351921,-94.34050458,29097.0,4196.063563233549,1.3749754468670203,5021,5028,68,0,4960,4955,120636,63,2,0,61,73
2020-10-24,US,Missouri,Jefferson,5420,84,0,38.25926778,-90.53870896,29099.0,2408.022000968541,1.5498154981549817,5336,5305,79,0,5226,5282,224347,115,5,0,110,23
2020-10-24,US,Missouri,Johnson,1452,10,0,38.74719601,-93.80691168,29101.0,2685.8051866375645,0.6887052341597796,1442,1428,10,0,1418,1411,53652,24,0,0,24,17
2020-10-24,US,Missouri,Kansas City,14117,195,0,39.0997,-94.5786,0.0,2887.2486158918323,1.381313310193384,13922,13989,184,0,13805,13904,491918,128,11,0,117,85
2020-10-24,US,Missouri,Knox,62,1,0,40.12699751,-92.14780832,29103.0,1566.052033341753,1.6129032258064515,61,61,1,0,60,60,3947,1,0,0,1,1
2020-10-24,US,Missouri,Laclede,1159,22,0,37.65896829,-92.5888493,29105.0,3244.4083643590975,1.8981880931837791,1137,1126,21,0,1105,1118,35713,33,1,0,32,8
2020-10-24,US,Missouri,Lafayette,797,24,0,39.06986886,-93.78076396,29107.0,2436.712730830378,3.01129234629862,773,782,24,0,758,767,32598,15,0,0,15,15
2020-10-24,US,Missouri,Lawrence,1062,20,0,37.10626634,-93.83293097,29109.0,2768.8697692608525,1.8832391713747645,1042,1034,14,0,1020,1018,38359,28,6,0,22,16
2020-10-24,US,Missouri,Lewis,192,2,0,40.09673161,-91.72070156,29111.0,1963.993453355156,1.0416666666666667,190,186,2,0,184,179,9855,6,0,0,6,7
2020-10-24,US,Missouri,Lincoln,1128,5,0,39.05345619,-90.95588181,29113.0,1911.443241319709,0.4432624113475177,1123,1102,5,0,1097,1084,57686,26,0,0,26,18
2020-10-24,US,Missouri,Linn,158,4,0,39.87001769,-93.10704106,29115.0,1325.503355704698,2.5316455696202533,154,156,2,0,154,153,12037,2,2,0,0,3
2020-10-24,US,Missouri,Livingston,556,7,0,39.78110272,-93.54645978,29117.0,3651.4086819465424,1.2589928057553956,549,553,6,0,547,551,15146,3,1,0,2,2
2020-10-24,US,Missouri,Macon,203,1,0,39.83049768,-92.56453089,29121.0,1342.8590328768935,0.4926108374384237,202,200,1,0,199,199,15153,3,0,0,3,1
2020-10-24,US,Missouri,Madison,478,3,0,37.47865134,-90.34671429999999,29123.0,3954.334877564527,0.6276150627615062,475,465,3,0,462,454,12188,13,0,0,13,11
2020-10-24,US,Missouri,Maries,175,0,0,38.16193985,-91.92249662,29125.0,2012.1881108428195,0.0,175,161,0,0,161,155,8769,14,0,0,14,6
2020-10-24,US,Missouri,Marion,890,14,0,39.80601912,-91.62203062,29127.0,3119.523308797757,1.5730337078651686,876,871,14,0,857,858,28592,19,0,0,19,13
2020-10-24,US,Missouri,McDonald,1207,11,0,36.62869595,-94.34867205,29119.0,5285.282655340017,0.911350455675228,1196,1196,11,0,1185,1195,23078,11,0,0,11,1
2020-10-24,US,Missouri,Mercer,31,0,0,40.42212303,-93.56829590000001,29129.0,857.0638650815595,0.0,31,31,0,0,31,31,3641,0,0,0,0,0
2020-10-24,US,Missouri,Miller,834,9,0,38.21450288,-92.42610898,29131.0,3255.3963854951403,1.0791366906474822,825,812,7,0,805,804,25336,22,2,0,20,8
2020-10-24,US,Missouri,Mississippi,437,6,0,36.82516239,-89.29505753,29133.0,3315.629742033384,1.3729977116704806,431,417,5,0,412,406,13336,20,1,0,19,11
2020-10-24,US,Missouri,Moniteau,601,9,0,38.63571781,-92.57976951,29135.0,3725.5145053310193,1.4975041597337768,592,583,9,0,574,523,16121,18,0,0,18,60
2020-10-24,US,Missouri,Monroe,146,2,0,39.49593978,-92.00043978,29137.0,1689.0328551596485,1.3698630136986298,144,144,1,0,143,142,8664,2,1,0,1,2
2020-10-24,US,Missouri,Montgomery,138,1,0,38.94022054,-91.47000721,29139.0,1194.7017574235995,0.7246376811594203,137,126,1,0,125,116,11534,12,0,0,12,10
2020-10-24,US,Missouri,Morgan,649,7,0,38.4181765,-92.88791859,29141.0,3146.3615649391572,1.078582434514638,642,629,6,0,623,622,20358,20,1,0,19,7
2020-10-24,US,Missouri,New Madrid,751,22,0,36.59666326,-89.66070007,29143.0,4397.9854766924345,2.929427430093209,729,736,20,0,716,725,17296,15,2,0,13,11
2020-10-24,US,Missouri,Newton,1992,21,0,36.90519407,-94.3394104,29145.0,3420.5645992169793,1.0542168674698795,1971,1979,17,0,1962,1946,58266,13,4,0,9,33
2020-10-24,US,Missouri,Nodaway,1101,11,0,40.36079813,-94.88133008,29147.0,4983.704508419337,0.9990917347865576,1090,1079,10,0,1069,1067,22304,22,1,0,21,12
2020-10-24,US,Missouri,Oregon,223,0,0,36.68710164,-91.4033755,29149.0,2117.959920220344,0.0,223,223,0,0,223,219,10541,0,0,0,0,4
2020-10-24,US,Missouri,Osage,462,3,0,38.46036182,-91.8613635,29151.0,3393.316195372751,0.6493506493506493,459,449,3,0,446,438,13714,13,0,0,13,11
2020-10-24,US,Missouri,Ozark,201,1,0,36.64916339,-92.44459066,29153.0,2190.9744931327664,0.4975124378109453,200,195,1,0,194,192,9017,6,0,0,6,3
2020-10-24,US,Missouri,Pemiscot,713,12,0,36.2130572,-89.78742322,29155.0,4511.2306232205,1.6830294530154275,701,703,12,0,691,691,16272,10,0,0,10,12
2020-10-24,US,Missouri,Perry,789,8,0,37.70660776,-89.82741088,29157.0,4123.11872909699,1.0139416983523448,781,779,8,0,771,771,19150,10,0,0,10,8
2020-10-24,US,Missouri,Pettis,1563,17,0,38.72798918,-93.28471706,29159.0,3691.6318288103166,1.0876519513755598,1546,1524,15,0,1509,1500,42542,39,2,0,37,24
2020-10-24,US,Missouri,Phelps,812,21,0,37.87736118,-91.79351727,29161.0,1821.7306441119065,2.586206896551724,791,794,21,0,773,785,44732,18,0,0,18,9
2020-10-24,US,Missouri,Pike,343,8,0,39.34310674,-91.16980779,29163.0,1874.1121188941104,2.332361516034985,335,328,8,0,320,321,18504,15,0,0,15,7
2020-10-24,US,Missouri,Platte,965,12,0,39.38154439,-94.77068479,29165.0,924.1701622325653,1.243523316062176,953,956,12,0,944,945,102985,9,0,0,9,11
2020-10-24,US,Missouri,Polk,922,10,0,37.616229600000004,-93.39828174,29167.0,2867.8963575849957,1.084598698481562,912,913,8,0,905,908,32201,9,2,0,7,5
2020-10-24,US,Missouri,Pulaski,944,9,0,37.82462075,-92.20783203,29169.0,1794.4380025471896,0.9533898305084746,935,927,9,0,918,906,52014,17,0,0,17,21
2020-10-24,US,Missouri,Putnam,53,1,0,40.47942497,-93.02042674,29171.0,1128.6201022146506,1.8867924528301887,52,52,1,0,51,49,4757,1,0,0,1,3
2020-10-24,US,Missouri,Ralls,200,0,0,39.52817427,-91.51838643,29173.0,1940.0523814142985,0.0,200,198,0,0,198,195,10212,2,0,0,2,3
2020-10-24,US,Missouri,Randolph,595,3,0,39.44007257,-92.49713740000001,29175.0,2404.234685631162,0.5042016806722689,592,575,3,0,572,562,24763,20,0,0,20,13
2020-10-24,US,Missouri,Ray,264,2,0,39.353746799999996,-93.98905745,29177.0,1146.9284907463725,0.7575757575757576,262,260,2,0,258,257,22883,4,0,0,4,3
2020-10-24,US,Missouri,Reynolds,65,1,0,37.36085952,-90.97009925,29179.0,1036.682615629984,1.5384615384615383,64,65,1,0,64,62,6254,0,0,0,0,3
2020-10-24,US,Missouri,Ripley,254,4,0,36.65460667,-90.85990261,29181.0,1911.4990969295604,1.5748031496062993,250,247,4,0,243,241,13401,7,0,0,7,6
2020-10-24,US,Missouri,Saline,934,10,0,39.13734288,-93.20259964,29195.0,4103.510390580379,1.0706638115631693,924,926,10,0,916,916,22895,8,0,0,8,10
2020-10-24,US,Missouri,Schuyler,39,0,0,40.46921489,-92.52311943,29197.0,836.9098712446353,0.0,39,36,0,0,36,35,4599,3,0,0,3,1
2020-10-24,US,Missouri,Scotland,71,1,0,40.45214695,-92.14709064,29199.0,1448.3884128926968,1.4084507042253518,70,68,1,0,67,68,4966,3,0,0,3,0
2020-10-24,US,Missouri,Scott,1377,19,0,37.05588075,-89.56474493,29201.0,3597.17868338558,1.3798111837327525,1358,1356,19,0,1337,1337,38458,21,0,0,21,19
2020-10-24,US,Missouri,Shannon,227,4,0,37.15772072,-91.40190382,29203.0,2779.8187607151604,1.7621145374449338,223,217,3,0,214,214,8189,10,1,0,9,3
2020-10-24,US,Missouri,Shelby,102,1,0,39.79742518,-92.07634971,29205.0,1720.0674536256327,0.9803921568627452,101,99,1,0,98,98,6050,3,0,0,3,1
2020-10-24,US,Missouri,St. Charles,10400,147,0,38.77875681,-90.66662425,29183.0,2586.923103710742,1.4134615384615383,10253,10150,144,0,10006,10055,399182,250,3,0,247,95
2020-10-24,US,Missouri,St. Clair,118,1,0,38.03699437,-93.77631447,29185.0,1255.7199106097694,0.8474576271186439,117,117,1,0,116,115,9395,1,0,0,1,2
2020-10-24,US,Missouri,St. Francois,2776,27,0,37.81214171,-90.47598685,29187.0,4130.030499144536,0.9726224783861672,2749,2720,24,0,2696,2699,66692,56,3,0,53,21
2020-10-24,US,Missouri,St. Louis,29396,871,0,38.63770039999999,-90.4458375,29189.0,2956.734275124345,2.9629881616546467,28525,29143,867,0,28276,28842,996945,253,4,0,249,301
2020-10-24,US,Missouri,St. Louis City,8231,221,0,38.63555736,-90.24349225,29510.0,2738.408921537315,2.684971449398615,8010,8157,218,0,7939,8103,302838,74,3,0,71,54
2020-10-24,US,Missouri,Ste. Genevieve,361,1,0,37.89090059,-90.1949941,29186.0,2017.4360120710853,0.2770083102493075,360,341,1,0,340,331,17888,20,0,0,20,10
2020-10-24,US,Missouri,Stoddard,853,15,0,36.85571651,-89.9444155,29207.0,2938.8458225667528,1.7584994138335288,838,841,15,0,826,813,29206,12,0,0,12,28
2020-10-24,US,Missouri,Stone,669,9,0,36.75000327,-93.45256475,29209.0,2093.765648472709,1.345291479820628,660,657,9,0,648,655,31749,12,0,0,12,2
2020-10-24,US,Missouri,Sullivan,293,1,0,40.2099105,-93.11150106,29211.0,4811.955986204632,0.3412969283276451,292,285,1,0,284,281,6221,8,0,0,8,4
2020-10-24,US,Missouri,Taney,1663,33,0,36.65465345,-93.04075153,29213.0,2973.4658847089117,1.984365604329525,1630,1641,33,0,1608,1626,55852,22,0,0,22,15
2020-10-24,US,Missouri,Texas,575,3,0,37.31728859,-91.96564727,29215.0,2263.957791952122,0.5217391304347826,572,553,3,0,550,550,25571,22,0,0,22,3
2020-10-24,US,Missouri,Vernon,321,3,0,37.8457799,-94.34127305,29217.0,1561.0562661090307,0.9345794392523364,318,312,3,0,309,305,20528,9,0,0,9,7
2020-10-24,US,Missouri,Warren,604,1,0,38.76529479,-91.16124662,29219.0,1694.2971752363321,0.16556291390728478,603,590,1,0,589,587,34711,14,0,0,14,3
2020-10-24,US,Missouri,Washington,638,18,0,37.96130078,-90.87948158,29221.0,2579.862515163769,2.8213166144200628,620,623,17,0,606,617,24943,15,1,0,14,6
2020-10-24,US,Missouri,Wayne,299,1,0,37.11303869,-90.46001416,29223.0,2322.690903441311,0.33444816053511706,298,297,1,0,296,295,13122,2,0,0,2,2
2020-10-24,US,Missouri,Webster,1108,13,0,37.2813734,-92.876329,29225.0,2798.545160638513,1.1732851985559567,1095,1091,11,0,1080,1080,39109,17,2,0,15,11
2020-10-24,US,Missouri,Worth,31,0,0,40.47945588,-94.42328751,29227.0,1539.9900645802286,0.0,31,29,0,0,29,29,2040,2,0,0,2,0
2020-10-24,US,Missouri,Wright,582,5,0,37.27029221,-92.46914488,29229.0,3182.2406911258136,0.8591065292096219,577,574,3,0,571,572,18378,8,2,0,6,2
2020-10-24,US,Montana,Beaverhead,263,1,0,45.13434354,-112.89846940000001,30001.0,2782.1855495609857,0.3802281368821293,262,252,1,0,251,247,9404,11,0,0,11,5
2020-10-24,US,Montana,Big Horn,1331,34,0,45.42335905,-107.492347,30003.0,9993.242735941136,2.5544703230653645,1297,1225,34,0,1191,1225,13338,106,0,0,106,0
2020-10-24,US,Montana,Blaine,271,2,0,48.43175214,-108.9582723,30005.0,4056.2790001496783,0.7380073800738007,269,266,2,0,264,256,6807,5,0,0,5,10
2020-10-24,US,Montana,Broadwater,62,0,0,46.33277565,-111.49558130000001,30007.0,994.0676607343274,0.0,62,58,0,0,58,52,6085,4,0,0,4,6
2020-10-24,US,Montana,Carbon,228,0,0,45.22850116,-109.0274047,30009.0,2125.874125874126,0.0,228,220,0,0,220,216,10714,8,0,0,8,4
2020-10-24,US,Montana,Carter,53,0,0,45.5197966,-104.53955359999999,30011.0,4233.2268370607035,0.0,53,46,0,0,46,46,1238,7,0,0,7,0
2020-10-24,US,Montana,Cascade,1706,6,0,47.30797024,-111.3467922,30013.0,2096.698866848561,0.3516998827667057,1700,1688,6,0,1682,1627,81643,18,0,0,18,61
2020-10-24,US,Montana,Chouteau,84,0,0,47.88084126,-110.4353362,30015.0,1490.6832298136646,0.0,84,84,0,0,84,79,5745,0,0,0,0,5
2020-10-24,US,Montana,Custer,252,3,0,46.25319932,-105.57375259999998,30017.0,2210.1385721803194,1.1904761904761905,249,245,3,0,242,233,11586,7,0,0,7,12
2020-10-24,US,Montana,Daniels,27,1,0,48.78420029,-105.54763429999998,30019.0,1597.6331360946745,3.703703703703704,26,26,1,0,25,27,1747,1,0,0,1,-1
2020-10-24,US,Montana,Dawson,210,3,0,47.26584855,-104.89444170000002,30021.0,2438.1748519679554,1.4285714285714286,207,196,3,0,193,185,8680,14,0,0,14,11
2020-10-24,US,Montana,Deer Lodge,394,1,0,46.05953325,-113.073353,30023.0,4310.722100656455,0.2538071065989848,393,386,1,0,385,365,9131,8,0,0,8,21
2020-10-24,US,Montana,Fallon,47,0,0,46.33478338,-104.41835649999999,30025.0,1651.440618411806,0.0,47,47,0,0,47,47,2920,0,0,0,0,0
2020-10-24,US,Montana,Fergus,194,2,0,47.26331584,-109.2245206,30027.0,1755.6561085972849,1.0309278350515465,192,192,2,0,190,172,11113,2,0,0,2,20
2020-10-24,US,Montana,Flathead,2952,26,0,48.29575866,-114.05205690000001,30029.0,2843.766256285764,0.8807588075880759,2926,2885,23,0,2862,2823,102106,67,3,0,64,62
2020-10-24,US,Montana,Gallatin,2726,6,0,45.54486106,-111.1692571,30031.0,2382.159148504815,0.22010271460014674,2720,2618,6,0,2612,2500,111876,108,0,0,108,118
2020-10-24,US,Montana,Garfield,31,0,0,47.27545948,-107.0002351,30033.0,2464.2289348171703,0.0,31,29,0,0,29,29,1268,2,0,0,2,0
2020-10-24,US,Montana,Glacier,847,10,0,48.70513576,-112.9934235,30035.0,6158.656293172397,1.180637544273908,837,841,10,0,831,827,13747,6,0,0,6,14
2020-10-24,US,Montana,Golden Valley,13,0,0,46.3816474,-109.17685220000001,30037.0,1583.4348355663824,0.0,13,12,0,0,12,12,826,1,0,0,1,0
2020-10-24,US,Montana,Granite,59,0,0,46.40605220000001,-113.4414186,30039.0,1746.078721515241,0.0,59,56,0,0,56,56,3378,3,0,0,3,0
2020-10-24,US,Montana,Hill,685,19,0,48.62879827,-110.1129252,30041.0,4155.544770686726,2.7737226277372264,666,673,16,0,657,644,16347,12,3,0,9,29
2020-10-24,US,Montana,Jefferson,141,0,0,46.14907081,-112.094396,30043.0,1153.7517388102447,0.0,141,141,0,0,141,140,12097,0,0,0,0,1
2020-10-24,US,Montana,Judith Basin,16,0,0,47.04581276,-110.26606880000001,30045.0,797.2097658196312,0.0,16,16,0,0,16,15,1952,0,0,0,0,1
2020-10-24,US,Montana,Lake,495,2,0,47.64514965,-114.0898013,30047.0,1625.1887845557815,0.404040404040404,493,492,2,0,490,485,30250,3,0,0,3,7
2020-10-24,US,Montana,Lewis and Clark,810,5,0,47.12610041,-112.39469799999999,30049.0,1166.6090563428966,0.6172839506172839,805,777,5,0,772,740,68700,33,0,0,33,37
2020-10-24,US,Montana,Liberty,28,0,0,48.56084317,-111.02430700000001,30051.0,1198.117244330338,0.0,28,28,0,0,28,28,2430,0,0,0,0,0
2020-10-24,US,Montana,Lincoln,279,3,0,48.54265777,-115.4046155,30053.0,1396.3963963963965,1.075268817204301,276,272,3,0,269,267,19794,7,0,0,7,5
2020-10-24,US,Montana,Madison,157,1,0,45.30080065,-111.9173017,30057.0,1825.5813953488373,0.6369426751592356,156,154,1,0,153,152,8768,3,0,0,3,2
2020-10-24,US,Montana,McCone,61,0,0,47.64469406,-105.79449939999999,30055.0,3665.865384615385,0.0,61,59,0,0,59,58,1675,2,0,0,2,1
2020-10-24,US,Montana,Meagher,65,3,0,46.59907074,-110.8898557,30059.0,3490.8700322234167,4.615384615384615,62,61,3,0,58,57,1866,4,0,0,4,4
2020-10-24,US,Montana,Mineral,15,0,0,47.15283992,-115.00152390000001,30061.0,341.14168751421425,0.0,15,15,0,0,15,15,4316,0,0,0,0,0
2020-10-24,US,Montana,Missoula,1957,9,0,47.03728583,-113.92135079999998,30063.0,1636.28762541806,0.4598875830352581,1948,1935,9,0,1926,1846,118791,22,0,0,22,89
2020-10-24,US,Montana,Musselshell,92,1,0,46.49684637,-108.39498,30065.0,1985.7543708180444,1.0869565217391304,91,88,1,0,87,81,4651,4,0,0,4,7
2020-10-24,US,Montana,Park,220,0,0,45.48965095,-110.52643940000002,30067.0,1324.822353366253,0.0,220,214,0,0,214,206,16736,6,0,0,6,8
2020-10-24,US,Montana,Petroleum,3,0,0,47.118246299999996,-108.2508876,30069.0,616.0164271047228,0.0,3,3,0,0,3,3,513,0,0,0,0,0
2020-10-24,US,Montana,Phillips,159,0,0,48.25936577,-107.9128511,30071.0,4021.2443095599383,0.0,159,159,0,0,159,157,4074,0,0,0,0,2
2020-10-24,US,Montana,Pondera,146,1,0,48.22773388,-112.22527029999999,30073.0,2469.9712400609037,0.6849315068493149,145,141,1,0,140,140,5972,5,0,0,5,1
2020-10-24,US,Montana,Powder River,54,5,0,45.39617714,-105.636738,30075.0,3210.463733650416,9.25925925925926,49,54,5,0,49,47,1716,0,0,0,0,7
2020-10-24,US,Montana,Powell,89,0,0,46.85538891,-112.93591640000001,30077.0,1291.7271407837445,0.0,89,89,0,0,89,89,6968,0,0,0,0,0
2020-10-24,US,Montana,Prairie,32,0,0,46.86048047,-105.379384,30079.0,2971.2163416898798,0.0,32,32,0,0,32,31,1087,0,0,0,0,1
2020-10-24,US,Montana,Ravalli,412,4,0,46.08520862,-114.11891640000002,30081.0,940.5104323608638,0.9708737864077671,408,391,4,0,387,376,43172,21,0,0,21,15
2020-10-24,US,Montana,Richland,243,5,0,47.78668011,-104.5610786,30083.0,2249.3751735628994,2.05761316872428,238,247,2,0,245,240,10913,-4,3,0,-7,7
2020-10-24,US,Montana,Roosevelt,897,19,0,48.29607488,-105.00792679999999,30085.0,8151.581243184297,2.118171683389075,878,875,17,0,858,871,11059,22,2,0,20,4
2020-10-24,US,Montana,Rosebud,743,21,0,46.23397237,-106.72928799999998,30087.0,8313.751818283541,2.826379542395693,722,742,21,0,721,739,9063,1,0,0,1,3
2020-10-24,US,Montana,Sanders,89,2,0,47.67657534,-115.1329916,30089.0,734.7477916288284,2.247191011235955,87,89,2,0,87,89,11844,0,0,0,0,0
2020-10-24,US,Montana,Sheridan,63,0,0,48.72085833,-104.50382900000001,30091.0,1903.898458748867,0.0,63,61,0,0,61,54,3424,2,0,0,2,7
2020-10-24,US,Montana,Silver Bow,534,0,0,45.90018933,-112.6620092,30093.0,1529.4286123442646,0.0,534,514,0,0,514,483,34993,20,0,0,20,31
2020-10-24,US,Montana,Stillwater,201,3,0,45.67071407,-109.3950061,30095.0,2084.629744866211,1.492537313432836,198,187,3,0,184,165,9534,14,0,0,14,22
2020-10-24,US,Montana,Sweet Grass,71,2,0,45.81367654,-109.9425686,30097.0,1899.9197217019,2.8169014084507036,69,69,2,0,67,63,3710,2,0,0,2,6
2020-10-24,US,Montana,Teton,84,0,0,47.83741052,-112.24106880000001,30099.0,1366.5202537823332,0.0,84,81,0,0,81,75,6162,3,0,0,3,6
2020-10-24,US,Montana,Toole,307,6,0,48.65577551,-111.69424140000001,30101.0,6482.263513513513,1.954397394136808,301,306,6,0,300,305,4853,1,0,0,1,1
2020-10-24,US,Montana,Treasure,18,1,0,46.20973220000001,-107.26665159999999,30103.0,2586.2068965517237,5.5555555555555545,17,17,0,0,17,11,679,1,1,0,0,6
2020-10-24,US,Montana,Valley,320,2,0,48.36435097,-106.6669635,30105.0,4326.663061114115,0.625,318,310,2,0,308,288,7437,10,0,0,10,22
2020-10-24,US,Montana,Wheatland,61,2,0,46.46652491,-109.84646359999999,30107.0,2869.2380056444026,3.278688524590164,59,60,2,0,58,60,2236,1,0,0,1,0
2020-10-24,US,Montana,Wibaux,40,0,0,46.95925154,-104.2510927,30109.0,4127.96697626419,0.0,40,39,0,0,39,39,1034,1,0,0,1,0
2020-10-24,US,Montana,Yellowstone,5805,83,0,45.93955949,-108.26914860000001,30111.0,3598.884066955983,1.429801894918174,5722,5740,83,0,5657,5557,160137,65,0,0,65,183
2020-10-24,US,Nebraska,Adams,808,15,0,40.52449420000001,-98.50117804,31001.0,2576.2841564901323,1.8564356435643563,793,803,13,0,790,778,31511,5,2,0,3,25
2020-10-24,US,Nebraska,Antelope,155,1,0,42.17695516,-98.06662829999999,31003.0,2461.098761511591,0.6451612903225806,154,153,1,0,152,147,6336,2,0,0,2,6
2020-10-24,US,Nebraska,Arthur,4,0,0,41.56896142,-101.6959559,31005.0,863.9308855291575,0.0,4,3,0,0,3,3,465,1,0,0,1,0
2020-10-24,US,Nebraska,Banner,4,0,0,41.54634427,-103.7114332,31007.0,536.9127516778524,0.0,4,4,0,0,4,3,730,0,0,0,0,1
2020-10-24,US,Nebraska,Blaine,2,0,0,41.91311716,-99.97677845,31009.0,430.1075268817205,0.0,2,2,0,0,2,2,476,0,0,0,0,0
2020-10-24,US,Nebraska,Boone,140,0,0,41.70759415,-98.06737183,31011.0,2696.4560862865947,0.0,140,136,0,0,136,136,5239,4,0,0,4,0
2020-10-24,US,Nebraska,Box Butte,225,1,0,42.22079243,-103.08788340000001,31013.0,2086.6178243531485,0.4444444444444444,224,212,1,0,211,192,10772,13,0,0,13,20
2020-10-24,US,Nebraska,Boyd,65,0,0,42.899727399999996,-98.76486568,31015.0,3387.180823345493,0.0,65,62,0,0,62,61,1955,3,0,0,3,1
2020-10-24,US,Nebraska,Brown,69,0,0,42.43018907,-99.92904055,31017.0,2335.02538071066,0.0,69,68,0,0,68,67,2973,1,0,0,1,1
2020-10-24,US,Nebraska,Buffalo,1763,14,0,40.85486962,-99.07500296,31019.0,3550.212448901508,0.7941009642654566,1749,1750,13,0,1737,1696,49615,13,1,0,12,54
2020-10-24,US,Nebraska,Burt,115,1,0,41.85056773,-96.32605633,31021.0,1780.4613717293698,0.8695652173913043,114,110,1,0,109,106,6488,5,0,0,5,4
2020-10-24,US,Nebraska,Butler,256,2,0,41.22703692,-97.13106306,31023.0,3193.612774451097,0.78125,254,250,2,0,248,247,8058,6,0,0,6,3
2020-10-24,US,Nebraska,Cass,516,4,0,40.90899107,-96.13971217,31025.0,1965.864065833588,0.7751937984496124,512,501,4,0,497,483,26159,15,0,0,15,18
2020-10-24,US,Nebraska,Cedar,138,0,0,42.598885100000004,-97.25311951,31027.0,1642.46607950488,0.0,138,138,0,0,138,133,8446,0,0,0,0,5
2020-10-24,US,Nebraska,Chase,142,0,0,40.523719799999995,-101.69780259999999,31029.0,3618.756371049949,0.0,142,141,0,0,141,139,3977,1,0,0,1,2
2020-10-24,US,Nebraska,Cherry,68,4,0,42.54502621,-101.1244332,31031.0,1195.2891545087014,5.882352941176472,64,65,4,0,61,63,5761,3,0,0,3,2
2020-10-24,US,Nebraska,Cheyenne,84,1,0,41.21999357,-102.9941693,31033.0,942.7609427609427,1.1904761904761905,83,83,1,0,82,82,9310,1,0,0,1,1
2020-10-24,US,Nebraska,Clay,159,1,0,40.52439441,-98.05126296,31035.0,2563.2758342737384,0.6289308176100629,158,156,0,0,156,146,6214,3,1,0,2,10
2020-10-24,US,Nebraska,Colfax,895,7,0,41.57486951,-97.0868542,31037.0,8357.456345130264,0.7821229050279329,888,888,7,0,881,882,10881,7,0,0,7,6
2020-10-24,US,Nebraska,Cuming,280,1,0,41.91637624,-96.78730772,31039.0,3165.2724395206874,0.35714285714285715,279,276,1,0,275,256,8940,4,0,0,4,20
2020-10-24,US,Nebraska,Custer,209,4,0,41.39374521,-99.72805369,31041.0,1939.3152083140021,1.9138755980861244,205,201,4,0,197,196,10840,8,0,0,8,5
2020-10-24,US,Nebraska,Dakota,2515,44,0,42.39040144,-96.56656425,31043.0,12558.673724158594,1.7495029821073558,2471,2507,44,0,2463,2493,20083,8,0,0,8,14
2020-10-24,US,Nebraska,Dawes,222,1,0,42.71985036,-103.1313774,31045.0,2584.701362207474,0.4504504504504505,221,210,1,0,209,206,8716,12,0,0,12,4
2020-10-24,US,Nebraska,Dawson,1261,15,0,40.87028216,-99.82014609999999,31047.0,5344.3526170798905,1.189532117367169,1246,1255,15,0,1240,1236,23709,6,0,0,6,19
2020-10-24,US,Nebraska,Deuel,8,0,0,41.11168186,-102.33333309999999,31049.0,445.9308807134894,0.0,8,8,0,0,8,8,1825,0,0,0,0,0
2020-10-24,US,Nebraska,Dixon,159,2,0,42.49188363,-96.86782408,31051.0,2821.1497515968767,1.2578616352201255,157,157,2,0,155,152,5709,2,0,0,2,5
2020-10-24,US,Nebraska,Dodge,1576,17,0,41.58071748,-96.65598179,31053.0,4310.132640503213,1.0786802030456852,1559,1548,17,0,1531,1517,36791,28,0,0,28,31
2020-10-24,US,Nebraska,Douglas,21439,217,0,41.29518299,-96.15085305,31055.0,3752.4920054539693,1.012174075283362,21222,21288,217,0,21071,20992,566880,151,0,0,151,296
2020-10-24,US,Nebraska,Dundy,19,1,0,40.17638677,-101.6876522,31057.0,1122.2681630242173,5.2631578947368425,18,19,1,0,18,18,1770,0,0,0,0,1
2020-10-24,US,Nebraska,Fillmore,93,1,0,40.52458567,-97.59646937,31059.0,1702.673013548151,1.075268817204301,92,92,1,0,91,89,5527,1,0,0,1,3
2020-10-24,US,Nebraska,Franklin,89,0,0,40.17636348,-98.95299073,31061.0,2987.579724739845,0.0,89,89,0,0,89,85,3023,0,0,0,0,4
2020-10-24,US,Nebraska,Frontier,36,0,0,40.52993007,-100.3924658,31063.0,1370.3844689760185,0.0,36,36,0,0,36,33,2608,0,0,0,0,3
2020-10-24,US,Nebraska,Furnas,90,3,0,40.17642064,-99.91247454,31065.0,1924.7219846022242,3.333333333333333,87,90,3,0,87,86,4715,0,0,0,0,4
2020-10-24,US,Nebraska,Gage,521,5,0,40.26186809,-96.68946704,31067.0,2421.79147492214,0.9596928982725528,516,513,5,0,508,496,21493,8,0,0,8,17
2020-10-24,US,Nebraska,Garden,19,0,0,41.61703149,-102.3313973,31069.0,1034.2950462710942,0.0,19,18,0,0,18,18,1897,1,0,0,1,0
2020-10-24,US,Nebraska,Garfield,25,0,0,41.91428955,-98.99111827,31071.0,1269.6800406297616,0.0,25,24,0,0,24,22,1987,1,0,0,1,2
2020-10-24,US,Nebraska,Gosper,59,0,0,40.51481965,-99.83020279,31073.0,2964.824120603015,0.0,59,60,0,0,60,55,1996,-1,0,0,-1,5
2020-10-24,US,Nebraska,Grant,4,0,0,41.91528587,-101.740701,31075.0,642.0545746388442,0.0,4,3,0,0,3,4,660,1,0,0,1,-1
2020-10-24,US,Nebraska,Greeley,47,0,0,41.56742671,-98.52150266,31077.0,1994.90662139219,0.0,47,47,0,0,47,46,2356,0,0,0,0,1
2020-10-24,US,Nebraska,Hall,2556,49,0,40.87257079,-98.50218293,31079.0,4166.055449611265,1.917057902973396,2507,2530,49,0,2481,2497,61607,26,0,0,26,33
2020-10-24,US,Nebraska,Hamilton,228,12,0,40.87349452,-98.02099117,31081.0,2445.302445302445,5.2631578947368425,216,228,12,0,216,225,9280,0,0,0,0,3
2020-10-24,US,Nebraska,Harlan,53,0,0,40.17658508,-99.40438879,31083.0,1568.0473372781064,0.0,53,53,0,0,53,52,3401,0,0,0,0,1
2020-10-24,US,Nebraska,Hayes,20,0,0,40.52451972,-101.0603568,31085.0,2169.1973969631235,0.0,20,20,0,0,20,19,916,0,0,0,0,1
2020-10-24,US,Nebraska,Hitchcock,39,0,0,40.17609175,-101.04164770000001,31087.0,1412.0202751629254,0.0,39,38,0,0,38,34,2806,1,0,0,1,4
2020-10-24,US,Nebraska,Holt,270,3,0,42.45522056,-98.78402558,31089.0,2682.0303963444917,1.1111111111111112,267,263,1,0,262,245,10178,7,2,0,5,18
2020-10-24,US,Nebraska,Hooker,21,1,0,41.91586243,-101.1354293,31091.0,3079.1788856304993,4.761904761904762,20,21,1,0,20,21,682,0,0,0,0,0
2020-10-24,US,Nebraska,Howard,135,5,0,41.2200529,-98.5166499,31093.0,2094.647013188518,3.703703703703704,130,134,5,0,129,131,6468,1,0,0,1,3
2020-10-24,US,Nebraska,Jefferson,82,0,0,40.17584531,-97.142601,31095.0,1163.7808685779166,0.0,82,80,0,0,80,80,7097,2,0,0,2,0
2020-10-24,US,Nebraska,Johnson,100,0,0,40.39257596,-96.26522753,31097.0,1971.9976336028399,0.0,100,98,0,0,98,97,5134,2,0,0,2,1
2020-10-24,US,Nebraska,Kearney,254,0,0,40.50663314,-98.94877182,31099.0,3910.7005388760585,0.0,254,251,0,0,251,249,6544,3,0,0,3,2
2020-10-24,US,Nebraska,Keith,97,0,0,41.19930341,-101.66201640000001,31101.0,1207.3686830968386,0.0,97,93,0,0,93,88,8021,4,0,0,4,5
2020-10-24,US,Nebraska,Keya Paha,9,0,0,42.87990694,-99.71343729,31103.0,1116.6253101736972,0.0,9,9,0,0,9,9,810,0,0,0,0,0
2020-10-24,US,Nebraska,Kimball,45,0,0,41.19774275,-103.7148131,31105.0,1238.9867841409693,0.0,45,45,0,0,45,42,3618,0,0,0,0,3
2020-10-24,US,Nebraska,Knox,253,1,0,42.63758421,-97.89178836,31107.0,3036.485837734037,0.3952569169960474,252,252,1,0,251,249,8419,1,0,0,1,3
2020-10-24,US,Nebraska,Lancaster,8656,42,0,40.78416049,-96.68777155,31109.0,2712.714281237269,0.4852125693160813,8614,8529,40,0,8489,8411,317272,127,2,0,125,118
2020-10-24,US,Nebraska,Lincoln,812,7,0,41.04658298,-100.74753740000001,31111.0,2325.7146130492065,0.8620689655172413,805,787,7,0,780,745,35185,25,0,0,25,42
2020-10-24,US,Nebraska,Logan,10,0,0,41.56650314,-100.4817851,31113.0,1336.8983957219252,0.0,10,9,0,0,9,9,749,1,0,0,1,0
2020-10-24,US,Nebraska,Loup,7,0,0,41.91371961,-99.45440415,31115.0,1054.2168674698796,0.0,7,6,0,0,6,6,618,1,0,0,1,0
2020-10-24,US,Nebraska,Madison,1198,9,0,41.91676024,-97.6005481,31119.0,3413.202655346306,0.7512520868113522,1189,1179,8,0,1171,1136,35392,19,1,0,18,43
2020-10-24,US,Nebraska,McPherson,10,0,0,41.56797682,-101.05993620000001,31117.0,2024.2914979757086,0.0,10,10,0,0,10,10,492,0,0,0,0,0
2020-10-24,US,Nebraska,Merrick,132,1,0,41.16624273,-98.0374887,31121.0,1702.127659574468,0.7575757575757576,131,131,1,0,130,129,7733,1,0,0,1,2
2020-10-24,US,Nebraska,Morrill,104,0,0,41.71711774,-103.0061405,31123.0,2240.4136148211983,0.0,104,104,0,0,104,102,4686,0,0,0,0,2
2020-10-24,US,Nebraska,Nance,81,0,0,41.39750195,-97.99327291,31125.0,2301.7902813299233,0.0,81,80,0,0,80,76,3532,1,0,0,1,4
2020-10-24,US,Nebraska,Nemaha,164,0,0,40.38514847,-95.85433992,31127.0,2352.2662076878946,0.0,164,164,0,0,164,163,6958,0,0,0,0,1
2020-10-24,US,Nebraska,Nuckolls,87,0,0,40.17637905,-98.04743961,31129.0,2097.3963355834135,0.0,87,82,0,0,82,79,4195,5,0,0,5,3
2020-10-24,US,Nebraska,Otoe,288,1,0,40.64843556,-96.13374142,31131.0,1798.6510117411938,0.3472222222222222,287,287,1,0,286,280,15985,1,0,0,1,7
2020-10-24,US,Nebraska,Pawnee,28,0,0,40.13141096,-96.23705437,31133.0,1071.5652506697284,0.0,28,28,0,0,28,28,2632,0,0,0,0,0
2020-10-24,US,Nebraska,Perkins,43,10,0,40.85082525,-101.6502942,31135.0,1487.3746108612936,23.255813953488367,33,42,10,0,32,41,2929,1,0,0,1,1
2020-10-24,US,Nebraska,Phelps,285,0,0,40.51156033,-99.41461667,31137.0,3154.7487270312154,0.0,285,285,0,0,285,271,8996,0,0,0,0,14
2020-10-24,US,Nebraska,Pierce,185,8,0,42.26434853,-97.60122773,31139.0,2588.136541689983,4.3243243243243255,177,181,8,0,173,167,7142,4,0,0,4,14
2020-10-24,US,Nebraska,Platte,1512,7,0,41.57246836,-97.52144359,31141.0,4517.478338810875,0.462962962962963,1505,1495,7,0,1488,1460,33363,17,0,0,17,35
2020-10-24,US,Nebraska,Polk,188,3,0,41.18813488,-97.56630712,31143.0,3606.3686936504887,1.5957446808510638,185,187,3,0,184,182,5278,1,0,0,1,5
2020-10-24,US,Nebraska,Red Willow,201,0,0,40.17556879999999,-100.476998,31145.0,1874.3006340917568,0.0,201,195,0,0,195,180,10726,6,0,0,6,15
2020-10-24,US,Nebraska,Richardson,95,2,0,40.1247415,-95.71755036,31147.0,1207.8830260648442,2.1052631578947367,93,95,2,0,93,90,7937,0,0,0,0,5
2020-10-24,US,Nebraska,Rock,55,1,0,42.42252217,-99.44832069,31149.0,4053.058216654385,1.818181818181818,54,55,1,0,54,54,1360,0,0,0,0,1
2020-10-24,US,Nebraska,Saline,902,2,0,40.52418865,-97.14085859,31151.0,6341.394825646795,0.22172949002217296,900,882,2,0,880,870,14350,20,0,0,20,12
2020-10-24,US,Nebraska,Sarpy,5547,36,0,41.11314181,-96.11156432,31153.0,2963.204341973119,0.6489994591671173,5511,5491,36,0,5455,5398,184459,56,0,0,56,93
2020-10-24,US,Nebraska,Saunders,656,4,0,41.227810299999994,-96.63773905,31155.0,3040.1334692742607,0.6097560975609756,652,650,4,0,646,637,21303,6,0,0,6,13
2020-10-24,US,Nebraska,Scotts Bluff,682,8,0,41.85070896,-103.70809859999999,31157.0,1914.7621988882024,1.1730205278592376,674,674,8,0,666,652,35989,8,0,0,8,22
2020-10-24,US,Nebraska,Seward,347,3,0,40.87241834,-97.139673,31159.0,2007.6371210367968,0.8645533141210374,344,338,3,0,335,329,17318,9,0,0,9,9
2020-10-24,US,Nebraska,Sheridan,119,0,0,42.50284406,-102.4126613,31161.0,2268.3949675943577,0.0,119,118,0,0,118,114,5190,1,0,0,1,4
2020-10-24,US,Nebraska,Sherman,39,3,0,41.22045983,-98.97588642,31163.0,1299.566811062979,7.6923076923076925,36,37,3,0,34,37,3038,2,0,0,2,0
2020-10-24,US,Nebraska,Sioux,12,0,0,42.48932059,-103.7576544,31165.0,1029.1595197255574,0.0,12,12,0,0,12,12,1187,0,0,0,0,0
2020-10-24,US,Nebraska,Stanton,68,0,0,41.9169835,-97.19394708,31167.0,1148.6486486486488,0.0,68,66,0,0,66,65,5970,2,0,0,2,1
2020-10-24,US,Nebraska,Thayer,60,0,0,40.17626377,-97.59504381,31169.0,1199.2804317409555,0.0,60,59,0,0,59,55,5039,1,0,0,1,4
2020-10-24,US,Nebraska,Thomas,11,0,0,41.91358968,-100.5556632,31171.0,1523.545706371191,0.0,11,11,0,0,11,10,720,0,0,0,0,1
2020-10-24,US,Nebraska,Thurston,317,4,0,42.15725356,-96.54157099,31173.0,4388.1506090808425,1.2618296529968454,313,316,4,0,312,311,7303,1,0,0,1,5
2020-10-24,US,Nebraska,Unassigned,439,0,0,0.0,0.0,90031.0,0.0,0.0,439,431,5,0,426,418,,8,-5,0,13,13
2020-10-24,US,Nebraska,Valley,80,1,0,41.56730777,-98.98197724,31175.0,1924.0019240019242,1.25,79,75,1,0,74,72,4190,5,0,0,5,3
2020-10-24,US,Nebraska,Washington,462,7,0,41.52815707,-96.22019892,31177.0,2228.761638284529,1.5151515151515151,455,455,7,0,448,429,20667,7,0,0,7,26
2020-10-24,US,Nebraska,Wayne,314,1,0,42.20934475,-97.11926964,31179.0,3345.7645178476287,0.3184713375796178,313,313,1,0,312,296,9403,1,0,0,1,17
2020-10-24,US,Nebraska,Webster,112,0,0,40.17642643,-98.50019851,31181.0,3211.930025810152,0.0,112,110,0,0,110,107,3533,2,0,0,2,3
2020-10-24,US,Nebraska,Wheeler,3,0,0,41.91482725,-98.52798941,31183.0,383.1417624521073,0.0,3,3,0,0,3,3,805,0,0,0,0,0
2020-10-24,US,Nebraska,York,463,2,0,40.87272618,-97.59710186,31185.0,3384.750347247606,0.4319654427645788,461,457,2,0,455,439,13772,6,0,0,6,18
2020-10-24,US,Nevada,Carson City,708,8,0,39.15509045,-119.7480219,32510.0,1266.1849917733746,1.1299435028248588,700,699,8,0,691,689,55414,9,0,0,9,10
2020-10-24,US,Nevada,Churchill,203,4,0,39.58105744,-118.3394607,32001.0,814.9664779798468,1.9704433497536944,199,200,4,0,196,198,24440,3,0,0,3,2
2020-10-24,US,Nevada,Clark,78162,1491,0,36.21458855,-115.0130241,32003.0,3448.250000551459,1.907576571735626,76671,77426,1488,0,75938,76817,2231647,736,3,0,733,609
2020-10-24,US,Nevada,Douglas,392,1,0,38.912862,-119.61713329999999,32005.0,801.5540333299252,0.2551020408163265,391,391,1,0,390,388,48467,1,0,0,1,3
2020-10-24,US,Nevada,Elko,1328,12,0,41.14531606,-115.3577619,32007.0,2516.199931789761,0.9036144578313252,1316,1302,11,0,1291,1288,52460,26,1,0,25,14
2020-10-24,US,Nevada,Eureka,11,0,0,39.98100864,-116.26832040000001,32011.0,542.1389847215377,0.0,11,11,0,0,11,10,2003,0,0,0,0,1
2020-10-24,US,Nevada,Humboldt,167,4,0,41.40692186,-118.11094270000001,32013.0,992.2167429148597,2.395209580838323,163,167,4,0,163,167,16786,0,0,0,0,0
2020-10-24,US,Nevada,Lander,102,0,0,39.933223299999995,-117.03970749999999,32015.0,1843.8177874186554,0.0,102,102,0,0,102,102,5575,0,0,0,0,0
2020-10-24,US,Nevada,Lincoln,44,0,0,37.64268459,-114.8790388,32017.0,848.9291915878835,0.0,44,44,0,0,44,44,5201,0,0,0,0,0
2020-10-24,US,Nevada,Lyon,581,12,0,39.01777974,-119.18704790000001,32019.0,1010.2590853764563,2.0654044750430294,569,575,12,0,563,569,55808,6,0,0,6,6
2020-10-24,US,Nevada,Mineral,18,0,0,38.53841696,-118.4344506,32021.0,399.5560488346282,0.0,18,18,0,0,18,14,4514,0,0,0,0,4
2020-10-24,US,Nevada,Nye,628,16,0,38.04264256,-116.47227020000001,32023.0,1349.8699567955634,2.5477707006369426,612,620,16,0,604,601,45346,8,0,0,8,19
2020-10-24,US,Nevada,Pershing,24,0,0,40.44003782,-118.40056409999998,32027.0,356.8773234200744,0.0,24,22,0,0,22,22,6666,2,0,0,2,0
2020-10-24,US,Nevada,Storey,22,0,0,39.44875482,-119.5250207,32029.0,533.5920446276983,0.0,22,21,0,0,21,21,4029,1,0,0,1,0
2020-10-24,US,Nevada,Washoe,12304,190,0,40.66562265,-119.6631594,32031.0,2609.438856122447,1.5442132639791937,12114,11954,189,0,11765,11811,465735,350,1,0,349,143
2020-10-24,US,Nevada,White Pine,118,1,0,39.44157041,-114.89996599999999,32033.0,1231.732776617954,0.8474576271186439,117,113,1,0,112,112,9475,5,0,0,5,1
2020-10-24,US,New Hampshire,Belknap,218,5,0,43.51637314,-71.41684235,33001.0,355.6106552697258,2.2935779816513757,213,210,5,0,205,202,61022,8,0,0,8,8
2020-10-24,US,New Hampshire,Carroll,140,2,0,43.87498583,-71.20430216,33003.0,286.2400327131466,1.4285714285714286,138,138,2,0,136,137,48779,2,0,0,2,1
2020-10-24,US,New Hampshire,Cheshire,181,3,0,42.92015988,-72.25311043,33005.0,237.8918315042387,1.6574585635359116,178,180,3,0,177,178,76493,1,0,0,1,2
2020-10-24,US,New Hampshire,Coos,37,0,0,44.69063265,-71.30633239,33007.0,117.22586572885972,0.0,37,37,0,0,37,36,31589,0,0,0,0,1
2020-10-24,US,New Hampshire,Grafton,194,1,0,43.93779815,-71.82057197,33009.0,215.82893887813447,0.5154639175257731,193,191,1,0,190,189,89786,3,0,0,3,2
2020-10-24,US,New Hampshire,Hillsborough,5333,315,0,42.91537785,-71.7200253,33011.0,1278.8202146154308,5.906619163697732,5018,5274,314,0,4960,5228,415247,59,1,0,58,46
2020-10-24,US,New Hampshire,Merrimack,842,27,0,43.29662971,-71.6811573,33013.0,556.1757303934844,3.2066508313539197,815,831,26,0,805,814,151132,11,1,0,10,17
2020-10-24,US,New Hampshire,Rockingham,2511,105,0,42.98499744,-71.12883377,33015.0,810.6040307454912,4.1816009557945035,2406,2484,105,0,2379,2452,309176,27,0,0,27,32
2020-10-24,US,New Hampshire,Strafford,691,14,0,43.291833000000004,-71.02336013,33017.0,528.9628195019635,2.0260492040520983,677,679,14,0,665,671,130090,12,0,0,12,8
2020-10-24,US,New Hampshire,Sullivan,75,1,0,43.36094111,-72.22203125,33019.0,173.8283966068697,1.3333333333333333,74,74,1,0,73,72,43144,1,0,0,1,2
2020-10-24,US,New Hampshire,Unassigned,16,0,0,0.0,0.0,90033.0,0.0,0.0,16,14,0,0,14,15,,2,0,0,2,-1
2020-10-24,US,New Jersey,Atlantic,4945,264,0,39.47538693,-74.65848483,34001.0,1875.4503735730268,5.338725985844287,4681,4898,264,0,4634,4845,265429,47,0,0,47,53
2020-10-24,US,New Jersey,Bergen,24408,2057,0,40.96010917,-74.07164325,34003.0,2618.3166309447947,8.427564732874467,22351,24259,2057,0,22202,24172,936692,149,0,0,149,87
2020-10-24,US,New Jersey,Burlington,8160,509,0,39.87681124,-74.66927768,34005.0,1832.2708707103864,6.237745098039214,7651,8075,509,0,7566,8028,445384,85,0,0,85,47
2020-10-24,US,New Jersey,Camden,11239,627,0,39.80343818,-74.96388753,34007.0,2219.080658122577,5.578788148411781,10612,11115,624,0,10491,11071,507078,124,3,0,121,44
2020-10-24,US,New Jersey,Cape May,1092,100,0,39.15008829,-74.80170244,34009.0,1186.4535685959213,9.157509157509157,992,1085,100,0,985,1083,92560,7,0,0,7,2
2020-10-24,US,New Jersey,Cumberland,3955,162,0,39.37199394,-75.10712559,34011.0,2645.0072562145965,4.096080910240202,3793,3945,162,0,3783,3939,150972,10,0,0,10,6
2020-10-24,US,New Jersey,Essex,23609,2140,0,40.78681335,-74.24657979,34013.0,2954.9109796927314,9.06433987038841,21469,23253,2139,0,21114,23068,799767,356,1,0,355,185
2020-10-24,US,New Jersey,Gloucester,5381,242,0,39.71581067,-75.13995546,34015.0,1845.1082856711791,4.497305333581119,5139,5327,242,0,5085,5305,291408,54,0,0,54,22
2020-10-24,US,New Jersey,Hudson,22432,1526,0,40.73766234,-74.07515667,34017.0,3336.154112711205,6.8027817403708974,20906,22236,1525,0,20711,22116,676061,196,1,0,195,120
2020-10-24,US,New Jersey,Hunterdon,1525,126,0,40.56335249,-74.91284156,34019.0,1226.1700878822232,8.262295081967213,1399,1515,126,0,1389,1509,124714,10,0,0,10,6
2020-10-24,US,New Jersey,Mercer,9116,640,0,40.28047017,-74.70479631,34021.0,2481.016792314182,7.0206230802983765,8476,9072,639,0,8433,9048,369811,44,1,0,43,24
2020-10-24,US,New Jersey,Middlesex,21578,1444,0,40.43629879,-74.41426991,34023.0,2615.3186063592802,6.692001112243951,20134,21415,1444,0,19971,21323,829685,163,0,0,163,92
2020-10-24,US,New Jersey,Monmouth,13692,870,0,40.26549699,-74.22240686,34025.0,2212.6875621166946,6.35407537248028,12822,13620,870,0,12750,13555,621354,72,0,0,72,65
2020-10-24,US,New Jersey,Morris,8785,834,0,40.86095313,-74.54553709999998,34027.0,1786.1318098181334,9.493454752418897,7951,8721,834,0,7887,8659,494228,64,0,0,64,62
2020-10-24,US,New Jersey,Ocean,16433,1063,0,39.8895449,-74.28089251,34029.0,2706.419449723808,6.468691048499969,15370,16358,1062,0,15296,16302,601651,75,1,0,74,56
2020-10-24,US,New Jersey,Passaic,20362,1261,0,41.03238628,-74.29954144,34031.0,4057.581711589276,6.192908358707397,19101,20264,1261,0,19003,20211,503310,98,0,0,98,53
2020-10-24,US,New Jersey,Salem,1157,88,0,39.58719656,-75.34696629999998,34033.0,1854.612486976036,7.605877268798617,1069,1153,88,0,1065,1152,62607,4,0,0,4,1
2020-10-24,US,New Jersey,Somerset,6305,592,0,40.56465737,-74.61683016,34035.0,1916.797898666602,9.389373513084854,5713,6255,592,0,5663,6240,331164,50,0,0,50,15
2020-10-24,US,New Jersey,Sussex,1663,197,0,41.13891592,-74.69118243,34037.0,1183.7309948180628,11.84606133493686,1466,1651,197,0,1454,1645,140799,12,0,0,12,6
2020-10-24,US,New Jersey,Unassigned,512,0,0,0.0,0.0,90034.0,0.0,0.0,512,432,0,0,432,428,,80,0,0,80,4
2020-10-24,US,New Jersey,Union,19449,1368,0,40.65835409,-74.30680092,34039.0,3495.8775283504187,7.0337806571031924,18081,19252,1367,0,17885,19161,558067,197,1,0,196,91
2020-10-24,US,New Jersey,Warren,1541,171,0,40.85951833,-74.99556527,34041.0,1463.8965677752765,11.09669046073978,1370,1529,171,0,1358,1525,105779,12,0,0,12,4
2020-10-24,US,New Mexico,Bernalillo,10130,192,0,35.05163625,-106.6703554,35001.0,1491.6340387059156,1.895360315893386,9938,9880,190,0,9690,9685,678701,250,2,0,248,195
2020-10-24,US,New Mexico,Catron,9,1,0,33.91514144,-108.4046587,35003.0,255.17436915225403,11.111111111111109,8,9,1,0,8,9,3578,0,0,0,0,0
2020-10-24,US,New Mexico,Chaves,1921,19,0,33.36406072,-104.4665365,35005.0,2972.9938868683753,0.9890681936491412,1902,1874,18,0,1856,1846,64689,47,1,0,46,28
2020-10-24,US,New Mexico,Cibola,553,21,0,34.91131525,-107.998876,35006.0,2073.1021555763823,3.79746835443038,532,538,21,0,517,532,26746,15,0,0,15,6
2020-10-24,US,New Mexico,Colfax,44,1,0,36.60569702,-104.64726740000002,35007.0,368.4783518968261,2.272727272727273,43,43,1,0,42,42,12110,1,0,0,1,1
2020-10-24,US,New Mexico,Curry,1471,10,0,34.57421077,-103.34688759999999,35009.0,3004.861706908527,0.6798096532970768,1461,1451,10,0,1441,1397,49437,20,0,0,20,54
2020-10-24,US,New Mexico,De Baca,1,0,0,34.34274529,-104.4117842,35011.0,57.20823798627003,0.0,1,1,0,0,1,1,1781,0,0,0,0,0
2020-10-24,US,New Mexico,Dona Ana,5421,67,0,32.35275771,-106.83293870000001,35013.0,2484.474896308348,1.235934329459509,5354,5298,66,0,5232,5170,217522,123,1,0,122,128
2020-10-24,US,New Mexico,Eddy,1359,22,0,32.47167456,-104.3053527,35015.0,2324.6664385904887,1.6188373804267844,1337,1339,22,0,1317,1302,57900,20,0,0,20,37
2020-10-24,US,New Mexico,Grant,183,3,0,32.73911281,-108.3827845,35017.0,677.8279872583154,1.639344262295082,180,178,3,0,175,172,27346,5,0,0,5,6
2020-10-24,US,New Mexico,Guadalupe,41,1,0,34.86319296,-104.790669,35019.0,953.4883720930233,2.4390243902439024,40,40,1,0,39,39,4341,1,0,0,1,1
2020-10-24,US,New Mexico,Harding,1,0,0,35.85751555,-103.82209379999999,35021.0,160.0,0.0,1,1,0,0,1,1,655,0,0,0,0,0
2020-10-24,US,New Mexico,Hidalgo,113,2,0,31.91383467,-108.7151824,35023.0,2691.7579799904715,1.7699115044247788,111,112,2,0,110,112,4240,1,0,0,1,0
2020-10-24,US,New Mexico,Lea,2017,28,0,32.79215361,-103.4123733,35025.0,2838.046995919516,1.3882002974714922,1989,1966,28,0,1938,1928,69611,51,0,0,51,38
2020-10-24,US,New Mexico,Lincoln,357,5,0,33.74526079,-105.4586166,35027.0,1824.0343347639484,1.4005602240896358,352,349,5,0,344,336,19556,8,0,0,8,13
2020-10-24,US,New Mexico,Los Alamos,42,0,0,35.86631386,-106.31349850000001,35028.0,216.84134441633537,0.0,42,41,0,0,41,40,19101,1,0,0,1,1
2020-10-24,US,New Mexico,Luna,760,11,0,32.18179341,-107.75088259999998,35029.0,3205.533763549707,1.4473684210526316,749,719,11,0,708,685,23963,41,0,0,41,34
2020-10-24,US,New Mexico,McKinley,4571,261,0,35.58007720000001,-108.262245,35031.0,6404.921041938151,5.709910304091007,4310,4539,261,0,4278,4509,72290,32,0,0,32,30
2020-10-24,US,New Mexico,Mora,14,0,0,36.01095101,-104.9497716,35033.0,309.66600309666,0.0,14,14,0,0,14,14,4506,0,0,0,0,0
2020-10-24,US,New Mexico,Otero,471,13,0,32.61348406,-105.7417604,35035.0,697.8811675803822,2.760084925690021,458,437,13,0,424,418,66781,34,0,0,34,19
2020-10-24,US,New Mexico,Quay,99,2,0,35.10403332,-103.54817270000001,35037.0,1199.5637949836425,2.0202020202020203,97,98,2,0,96,95,8253,1,0,0,1,3
2020-10-24,US,New Mexico,Rio Arriba,480,15,0,36.51072137,-106.69316740000001,35039.0,1233.2673877855145,3.125,465,476,15,0,461,464,39006,4,0,0,4,12
2020-10-24,US,New Mexico,Roosevelt,438,7,0,34.02097406,-103.4799493,35041.0,2367.5675675675675,1.5981735159817352,431,432,7,0,425,418,18743,6,0,0,6,14
2020-10-24,US,New Mexico,San Juan,3719,204,0,36.50838318,-108.32043700000001,35045.0,3000.209748463189,5.48534552299005,3515,3688,204,0,3484,3674,125043,31,0,0,31,14
2020-10-24,US,New Mexico,San Miguel,162,0,0,35.48014807,-104.8163562,35047.0,593.9069545771163,0.0,162,159,0,0,159,152,27591,3,0,0,3,7
2020-10-24,US,New Mexico,Sandoval,1904,46,0,35.68862401,-106.86878030000001,35043.0,1297.4623163518413,2.4159663865546217,1858,1862,46,0,1816,1825,145179,42,0,0,42,37
2020-10-24,US,New Mexico,Santa Fe,1594,13,0,35.50708973,-105.9774716,35049.0,1060.1364742813819,0.8155583437892095,1581,1546,13,0,1533,1491,150056,48,0,0,48,55
2020-10-24,US,New Mexico,Sierra,96,1,0,33.13028233,-107.1925893,35051.0,889.6302474284125,1.0416666666666667,95,89,1,0,88,89,10968,7,0,0,7,0
2020-10-24,US,New Mexico,Socorro,212,9,0,34.00715494,-106.9298354,35053.0,1274.2681973913566,4.245283018867925,203,203,8,0,195,197,16735,9,1,0,8,6
2020-10-24,US,New Mexico,Taos,201,4,0,36.58006022,-105.63101979999999,35055.0,614.2468600067231,1.9900497512437807,197,191,4,0,187,182,32835,10,0,0,10,9
2020-10-24,US,New Mexico,Torrance,98,1,0,34.64048375,-105.8508949,35057.0,633.852920250954,1.020408163265306,97,95,1,0,94,94,15591,3,0,0,3,1
2020-10-24,US,New Mexico,Unassigned,1628,0,0,0.0,0.0,90035.0,0.0,0.0,1628,1601,0,0,1601,1586,,27,0,0,27,15
2020-10-24,US,New Mexico,Union,39,2,0,36.48126404,-103.4709624,35059.0,960.8277900960827,5.128205128205129,37,39,2,0,37,39,4118,0,0,0,0,0
2020-10-24,US,New Mexico,Valencia,891,4,0,34.71669834,-106.8103733,35061.0,1161.8506154809095,0.4489337822671156,887,860,4,0,856,833,76456,31,0,0,31,27
2020-10-24,US,New York,Albany,3549,136,0,42.60060306,-73.97723916,36001.0,1161.6793123539308,3.8320653705269088,3413,3516,136,0,3380,3488,307117,33,0,0,33,28
2020-10-24,US,New York,Allegany,269,1,0,42.25748406,-78.02750466,36003.0,583.6280401813804,0.3717472118959108,268,264,1,0,263,243,46430,5,0,0,5,21
2020-10-24,US,New York,Bronx,54892,4985,0,40.85209301,-73.86282755,36005.0,3870.521017030659,9.081469066530644,49907,54792,4985,0,49807,54706,1432132,100,0,0,100,86
2020-10-24,US,New York,Broome,3330,83,0,42.15903158,-75.81326086,36007.0,1748.1416152198565,2.4924924924924925,3247,3262,83,0,3179,3166,191659,68,0,0,68,96
2020-10-24,US,New York,Cattaraugus,455,6,0,42.24778241,-78.67923096,36009.0,597.7639686272447,1.3186813186813189,449,447,6,0,441,442,76840,8,0,0,8,5
2020-10-24,US,New York,Cayuga,352,2,0,42.91261714,-76.55731592,36011.0,459.67404931048895,0.5681818181818182,350,351,2,0,349,342,77145,1,0,0,1,9
2020-10-24,US,New York,Chautauqua,877,13,0,42.22769210000001,-79.36691763,36013.0,691.0790131044971,1.4823261117445838,864,868,13,0,855,858,127939,9,0,0,9,10
2020-10-24,US,New York,Chemung,1544,3,0,42.13891056,-76.7638805,36015.0,1850.0766871165647,0.19430051813471505,1541,1510,3,0,1507,1456,84254,34,0,0,34,54
2020-10-24,US,New York,Chenango,365,7,0,42.49430041,-75.60887553,36017.0,773.190416675493,1.9178082191780816,358,358,7,0,351,347,47536,7,0,0,7,11
2020-10-24,US,New York,Clinton,236,5,0,44.74530905,-73.67875352,36019.0,293.2223395663788,2.1186440677966103,231,232,5,0,227,224,80695,4,0,0,4,8
2020-10-24,US,New York,Columbia,669,38,0,42.24819348,-73.63089095,36021.0,1125.1072131312962,5.680119581464872,631,667,38,0,629,663,59916,2,0,0,2,4
2020-10-24,US,New York,Cortland,496,0,0,42.59509207,-76.07048931,36023.0,1042.4329038902085,0.0,496,488,0,0,488,475,47823,8,0,0,8,13
2020-10-24,US,New York,Delaware,168,7,0,42.19837623,-74.96709306,36025.0,380.65027755749406,4.166666666666667,161,166,7,0,159,164,44527,2,0,0,2,2
2020-10-24,US,New York,Dutchess,5421,163,0,41.76486060000001,-73.74356679,36027.0,1842.5113351324526,3.0068253089835824,5258,5403,163,0,5240,5382,293718,18,0,0,18,21
2020-10-24,US,New York,Erie,12782,713,0,42.76249024,-78.73063652,36029.0,1391.3107841280414,5.57815678297606,12069,12705,713,0,11992,12650,919719,77,0,0,77,55
2020-10-24,US,New York,Essex,196,0,0,44.11630765,-73.77297842,36031.0,531.3813203199131,0.0,196,195,0,0,195,195,37300,1,0,0,1,0
2020-10-24,US,New York,Franklin,79,0,0,44.59040891,-74.29926032,36033.0,157.93051057534686,0.0,79,79,0,0,79,79,50293,0,0,0,0,0
2020-10-24,US,New York,Fulton,361,24,0,43.11363907,-74.41798804,36035.0,676.2452466140908,6.648199445983379,337,361,24,0,337,360,53591,0,0,0,0,1
2020-10-24,US,New York,Genesee,379,5,0,43.0022601,-78.19135193,36037.0,661.6620111731844,1.3192612137203166,374,377,5,0,372,373,57511,2,0,0,2,4
2020-10-24,US,New York,Greene,489,18,0,42.275797,-74.12384884,36039.0,1036.2804102737985,3.6809815950920246,471,488,18,0,470,487,47491,1,0,0,1,1
2020-10-24,US,New York,Hamilton,16,0,0,43.66146647,-74.49721957,36041.0,362.3188405797102,0.0,16,16,0,0,16,16,4434,0,0,0,0,0
2020-10-24,US,New York,Herkimer,384,10,0,43.42034246,-74.96145307,36043.0,626.2333045222525,2.6041666666666665,374,380,10,0,370,376,61833,4,0,0,4,4
2020-10-24,US,New York,Jefferson,199,0,0,44.04200959,-75.94653457,36045.0,181.18251179052024,0.0,199,197,0,0,197,194,111755,2,0,0,2,3
2020-10-24,US,New York,Kings,74339,7382,0,40.636182500000004,-73.94935552,36047.0,2903.977221011889,9.930184694440332,66957,74114,7381,0,66733,73935,2582830,225,1,0,224,179
2020-10-24,US,New York,Lewis,92,0,0,43.784415700000004,-75.44903992,36049.0,349.86309704898076,0.0,92,68,0,0,68,64,26447,24,0,0,24,4
2020-10-24,US,New York,Livingston,272,8,0,42.72596275,-77.77966158,36051.0,432.33620497822426,2.9411764705882355,264,266,8,0,258,261,63227,6,0,0,6,5
2020-10-24,US,New York,Madison,557,17,0,42.91653905,-75.67266639,36053.0,785.1594987383883,3.052064631956912,540,552,17,0,535,545,70795,5,0,0,5,7
2020-10-24,US,New York,Monroe,7070,300,0,43.14638895,-77.69322942,36055.0,953.1256319344271,4.243281471004243,6770,6992,300,0,6692,6917,742474,78,0,0,78,75
2020-10-24,US,New York,Montgomery,261,4,0,42.90123494,-74.44011632,36057.0,530.2614737611995,1.5325670498084292,257,261,4,0,257,259,49455,0,0,0,0,2
2020-10-24,US,New York,Nassau,49203,2208,0,40.74066522,-73.58941873,36059.0,3626.068961857849,4.487531248094628,46995,49042,2208,0,46834,48941,1358343,161,0,0,161,101
2020-10-24,US,New York,New York,35610,3192,0,40.76727260000001,-73.97152637,36061.0,2186.398281826186,8.963774220724517,32418,35459,3192,0,32267,35345,,151,0,0,151,114
2020-10-24,US,New York,Niagara,2032,101,0,43.19898042,-78.74777412,36063.0,970.9433727858716,4.9704724409448815,1931,2016,101,0,1915,1997,210433,16,0,0,16,19
2020-10-24,US,New York,Oneida,2670,128,0,43.24375382,-75.43710392,36065.0,1167.6163571244274,4.794007490636704,2542,2644,128,0,2516,2625,229577,26,0,0,26,19
2020-10-24,US,New York,Onondaga,5277,207,0,43.00491923,-76.19971155,36067.0,1145.8586665740195,3.9226833428084134,5070,5222,207,0,5015,5170,461809,55,0,0,55,52
2020-10-24,US,New York,Ontario,635,35,0,42.85145728,-77.30874425,36069.0,578.4453938438835,5.511811023622046,600,629,35,0,594,617,109864,6,0,0,6,12
2020-10-24,US,New York,Orange,13413,505,0,41.40337468,-74.30240757,36071.0,3484.4391333714343,3.765004100499516,12908,13342,505,0,12837,13303,381951,71,0,0,71,39
2020-10-24,US,New York,Orleans,385,54,0,43.2516977,-78.2320066,36073.0,954.1038858049167,14.025974025974026,331,379,54,0,325,378,40612,6,0,0,6,1
2020-10-24,US,New York,Oswego,609,4,0,43.42778894,-76.14635194,36075.0,519.9617499402343,0.6568144499178982,605,607,4,0,603,606,117898,2,0,0,2,1
2020-10-24,US,New York,Otsego,384,5,0,42.63492579,-75.03151402,36077.0,645.4540870354496,1.3020833333333333,379,378,5,0,373,374,59749,6,0,0,6,4
2020-10-24,US,New York,Putnam,1788,63,0,41.42630093,-73.74965532,36079.0,1818.551668022783,3.523489932885906,1725,1780,63,0,1717,1768,98892,8,0,0,8,12
2020-10-24,US,New York,Queens,76057,7290,0,40.71088124,-73.81684712,36081.0,3374.524925705169,9.5849165757261,68767,75853,7290,0,68563,75698,2278906,204,0,0,204,155
2020-10-24,US,New York,Rensselaer,1073,42,0,42.71348136,-73.51089874,36083.0,676.0588227881599,3.91425908667288,1031,1064,42,0,1022,1058,159442,9,0,0,9,6
2020-10-24,US,New York,Richmond,17004,1094,0,40.58582155,-74.14808598,36085.0,3571.19604824601,6.433780286991296,15910,16929,1094,0,15835,16892,476179,75,0,0,75,37
2020-10-24,US,New York,Rockland,17635,683,0,41.15027894,-74.02560498,36087.0,5413.012716819782,3.8729798695775446,16952,17581,683,0,16898,17524,325695,54,0,0,54,57
2020-10-24,US,New York,Saratoga,1295,17,0,43.10904162,-73.86653895,36091.0,563.3790562204442,1.3127413127413128,1278,1265,17,0,1248,1244,230163,30,0,0,30,21
2020-10-24,US,New York,Schenectady,1539,50,0,42.81668777,-74.05278291,36093.0,990.9915710983328,3.2488628979857053,1489,1530,50,0,1480,1522,155350,9,0,0,9,8
2020-10-24,US,New York,Schoharie,107,0,0,42.58831742,-74.44339029999998,36095.0,345.1724249169328,0.0,107,104,0,0,104,101,31097,3,0,0,3,3
2020-10-24,US,New York,Schuyler,115,0,0,42.39184015,-76.8773299,36097.0,645.8134441511766,0.0,115,111,0,0,111,109,17912,4,0,0,4,2
2020-10-24,US,New York,Seneca,140,3,0,42.78081007,-76.82497064,36099.0,411.5710253998118,2.142857142857143,137,139,3,0,136,135,34300,1,0,0,1,4
2020-10-24,US,New York,St. Lawrence,382,4,0,44.4976179,-75.06550039,36089.0,354.5572674958233,1.0471204188481675,378,379,4,0,375,376,108047,3,0,0,3,3
2020-10-24,US,New York,Steuben,951,57,0,42.2689144,-77.3829924,36101.0,997.0748277922812,5.993690851735016,894,929,57,0,872,915,95796,22,0,0,22,14
2020-10-24,US,New York,Suffolk,48562,2019,0,40.88320119,-72.8012172,36103.0,3288.769274841341,4.157571763930647,46543,48399,2019,0,46380,48308,1481093,163,0,0,163,91
2020-10-24,US,New York,Sullivan,1725,48,0,41.71579493,-74.76394559,36105.0,2286.827871460388,2.782608695652174,1677,1714,48,0,1666,1709,75498,11,0,0,11,5
2020-10-24,US,New York,Tioga,549,30,0,42.16852837,-76.30835812,36107.0,1138.9332614152645,5.464480874316941,519,512,30,0,482,502,48560,37,0,0,37,10
2020-10-24,US,New York,Tompkins,593,0,0,42.44945765,-76.47229843,36109.0,580.3484047758858,0.0,593,585,0,0,585,579,102793,8,0,0,8,6
2020-10-24,US,New York,Ulster,2459,95,0,41.89027881,-74.26252104,36111.0,1384.7825964532894,3.8633590890605936,2364,2450,95,0,2355,2436,178599,9,0,0,9,14
2020-10-24,US,New York,Unassigned,0,20,0,0.0,0.0,90036.0,0.0,0.0,-20,0,21,0,-21,0,,0,-1,0,1,0
2020-10-24,US,New York,Warren,448,33,0,43.56173026,-73.8433699,36113.0,700.6130364068559,7.366071428571429,415,445,33,0,412,444,64265,3,0,0,3,1
2020-10-24,US,New York,Washington,330,14,0,43.31153794,-73.43043448,36115.0,539.1804457225019,4.242424242424242,316,327,14,0,313,326,61197,3,0,0,3,1
2020-10-24,US,New York,Wayne,432,5,0,43.15494365,-77.02976528,36117.0,480.4377321559643,1.1574074074074074,427,408,5,0,403,400,90064,24,0,0,24,8
2020-10-24,US,New York,Westchester,40041,1470,0,41.16278376,-73.75741653,36119.0,4138.578985556679,3.6712369820933533,38571,39890,1470,0,38420,39789,967612,151,0,0,151,101
2020-10-24,US,New York,Wyoming,179,5,0,42.70145109,-78.22199579,36121.0,449.0830176371711,2.793296089385475,174,177,5,0,172,174,40085,2,0,0,2,3
2020-10-24,US,New York,Yates,111,7,0,42.63505484,-77.10369919,36123.0,445.5505157949665,6.306306306306308,104,107,7,0,100,102,24841,4,0,0,4,5
2020-10-24,US,North Carolina,Alamance,5001,72,0,36.0434701,-79.39976137,37001.0,2950.285825531388,1.4397120575884823,4929,4942,72,0,4870,4899,166436,59,0,0,59,43
2020-10-24,US,North Carolina,Alexander,817,9,0,35.922379600000006,-81.17751948,37003.0,2178.8409739445824,1.1015911872705018,808,771,9,0,762,751,37353,46,0,0,46,20
2020-10-24,US,North Carolina,Alleghany,289,2,0,36.49360862,-81.12857041,37005.0,2594.9537577444557,0.6920415224913494,287,286,2,0,284,275,11161,3,0,0,3,11
2020-10-24,US,North Carolina,Anson,716,9,0,34.97403241,-80.09953279,37007.0,2928.904524257547,1.2569832402234635,707,709,9,0,700,706,24877,7,0,0,7,3
2020-10-24,US,North Carolina,Ashe,392,3,0,36.43296207,-81.49862729,37009.0,1441.0175348307168,0.7653061224489796,389,383,3,0,380,377,27109,9,0,0,9,6
2020-10-24,US,North Carolina,Avery,597,0,0,36.07569796,-81.92308483,37011.0,3400.353135501509,0.0,597,590,0,0,590,588,17505,7,0,0,7,2
2020-10-24,US,North Carolina,Beaufort,1323,40,0,35.48531943,-76.84325809,37013.0,2815.2530110226835,3.0234315948601664,1283,1298,39,0,1259,1289,47079,25,1,0,24,9
2020-10-24,US,North Carolina,Bertie,719,19,0,36.0688473,-76.96545943,37015.0,3794.796009922415,2.642559109874826,700,714,19,0,695,710,19026,5,0,0,5,4
2020-10-24,US,North Carolina,Bladen,1073,19,0,34.61296243,-78.56180059,37017.0,3279.1394169060572,1.7707362534948743,1054,1069,19,0,1050,1068,33190,4,0,0,4,1
2020-10-24,US,North Carolina,Brunswick,2139,40,0,34.070565,-78.22814204,37019.0,1497.689399243803,1.8700327255726976,2099,2117,38,0,2079,2106,136744,22,2,0,20,11
2020-10-24,US,North Carolina,Buncombe,3961,102,0,35.61113393,-82.53305,37021.0,1516.5147344280622,2.5751072961373387,3859,3924,100,0,3824,3873,259103,37,2,0,35,51
2020-10-24,US,North Carolina,Burke,2608,47,0,35.74989637,-81.70755735,37023.0,2882.245676078908,1.802147239263804,2561,2569,47,0,2522,2556,90382,39,0,0,39,13
2020-10-24,US,North Carolina,Cabarrus,4767,89,0,35.3877799,-80.55267168,37025.0,2202.3256780917795,1.8670023075309417,4678,4719,89,0,4630,4695,211342,48,0,0,48,24
2020-10-24,US,North Carolina,Caldwell,2384,19,0,35.95204977,-81.54799522,37027.0,2901.019737642678,0.7969798657718121,2365,2328,19,0,2309,2291,82029,56,0,0,56,37
2020-10-24,US,North Carolina,Camden,135,3,0,36.33804939,-76.15568396,37029.0,1242.293181190761,2.2222222222222223,132,134,3,0,131,134,10710,1,0,0,1,0
2020-10-24,US,North Carolina,Carteret,1102,5,0,34.8932941,-76.54120135,37031.0,1586.2277431520154,0.4537205081669691,1097,1089,5,0,1084,1027,69524,13,0,0,13,62
2020-10-24,US,North Carolina,Caswell,601,5,0,36.39312665,-79.33353281,37033.0,2658.821447531411,0.8319467554076541,596,591,5,0,586,586,22698,10,0,0,10,5
2020-10-24,US,North Carolina,Catawba,4245,61,0,35.66211129,-81.2132617,37035.0,2660.591284291543,1.43698468786808,4184,4155,61,0,4094,4115,158652,90,0,0,90,40
2020-10-24,US,North Carolina,Chatham,1910,61,0,35.70394416,-79.25541492,37037.0,2564.7911910836583,3.1937172774869116,1849,1896,60,0,1836,1888,73139,14,1,0,13,8
2020-10-24,US,North Carolina,Cherokee,765,14,0,35.1349263,-84.05970864,37039.0,2673.703341255417,1.830065359477124,751,755,14,0,741,753,28383,10,0,0,10,2
2020-10-24,US,North Carolina,Chowan,503,10,0,36.12908077,-76.60118385,37041.0,3607.545004661838,1.9880715705765408,493,500,10,0,490,496,14029,3,0,0,3,4
2020-10-24,US,North Carolina,Clay,202,3,0,35.05704275,-83.74353633,37043.0,1798.5931795922006,1.4851485148514851,199,199,3,0,196,197,11139,3,0,0,3,2
2020-10-24,US,North Carolina,Cleveland,3049,81,0,35.33553364,-81.55204486,37045.0,3112.9080012659906,2.65660872417186,2968,3008,81,0,2927,2985,97645,41,0,0,41,23
2020-10-24,US,North Carolina,Columbus,1659,60,0,34.26744084,-78.65801424,37047.0,2988.7583771708587,3.6166365280289328,1599,1628,60,0,1568,1626,55655,31,0,0,31,2
2020-10-24,US,North Carolina,Craven,2279,57,0,35.11833364,-77.08398081,37049.0,2231.273069052957,2.501096972356297,2222,2238,57,0,2181,2213,102912,41,0,0,41,25
2020-10-24,US,North Carolina,Cumberland,6849,98,0,35.04762133,-78.82623165,37051.0,2041.3759392445509,1.4308658198277118,6751,6771,92,0,6679,6709,332330,78,6,0,72,62
2020-10-24,US,North Carolina,Currituck,222,4,0,36.36123664,-75.95876401,37053.0,799.6254007131794,1.8018018018018016,218,222,4,0,218,221,27072,0,0,0,0,1
2020-10-24,US,North Carolina,Dare,359,3,0,35.66520691,-75.71767334,37055.0,970.0343159771949,0.8356545961002786,356,355,3,0,352,353,36501,4,0,0,4,2
2020-10-24,US,North Carolina,Davidson,3601,43,0,35.79115496,-80.21256572,37057.0,2148.4526487241133,1.1941127464593169,3558,3559,43,0,3516,3539,166614,42,0,0,42,20
2020-10-24,US,North Carolina,Davie,742,8,0,35.93099927,-80.54496571,37059.0,1731.7835970685712,1.0781671159029649,734,734,8,0,726,730,42733,8,0,0,8,4
2020-10-24,US,North Carolina,Duplin,2743,54,0,34.93449805,-77.93140529,37061.0,4669.651521084081,1.9686474662777982,2689,2726,54,0,2672,2699,58856,17,0,0,17,27
2020-10-24,US,North Carolina,Durham,8817,99,0,36.03638492,-78.87608331,37063.0,2742.5595978699052,1.122830894862198,8718,8745,99,0,8646,8696,316739,72,0,0,72,49
2020-10-24,US,North Carolina,Edgecombe,1931,54,0,35.91230639,-77.59436892,37065.0,3751.554243083618,2.796478508544796,1877,1907,52,0,1855,1883,52005,24,2,0,22,24
2020-10-24,US,North Carolina,Forsyth,8542,118,0,36.12859861,-80.25459052,37067.0,2234.4001360206125,1.3814095059704987,8424,8388,116,0,8272,8319,379099,154,2,0,152,69
2020-10-24,US,North Carolina,Franklin,1411,31,0,36.081519,-78.28708884,37069.0,2024.8260027265555,2.1970233876683203,1380,1401,31,0,1370,1394,67560,10,0,0,10,7
2020-10-24,US,North Carolina,Gaston,7143,109,0,35.29373559,-81.17477045,37071.0,3181.326242935211,1.5259694806103878,7034,7009,109,0,6900,6956,222846,134,0,0,134,53
2020-10-24,US,North Carolina,Gates,167,3,0,36.44667547,-76.69749701,37073.0,1444.3867842933746,1.7964071856287425,164,166,3,0,163,166,11573,1,0,0,1,0
2020-10-24,US,North Carolina,Graham,244,7,0,35.3506925,-83.83369267,37075.0,2890.652766259922,2.8688524590163933,237,242,7,0,235,239,8484,2,0,0,2,3
2020-10-24,US,North Carolina,Granville,1962,50,0,36.30337451,-78.65184241,37077.0,3246.0334530053115,2.5484199796126403,1912,1938,50,0,1888,1931,60115,24,0,0,24,7
2020-10-24,US,North Carolina,Greene,930,12,0,35.48544173,-77.67578087,37079.0,4414.068062081731,1.2903225806451613,918,907,12,0,895,902,21012,23,0,0,23,5
2020-10-24,US,North Carolina,Guilford,10970,205,0,36.07959451,-79.78824948,37081.0,2042.1688317007156,1.86873290793072,10765,10821,202,0,10619,10720,533670,149,3,0,146,101
2020-10-24,US,North Carolina,Halifax,1365,27,0,36.25669272,-77.6556109,37083.0,2729.4541091781643,1.978021978021978,1338,1349,27,0,1322,1318,50574,16,0,0,16,31
2020-10-24,US,North Carolina,Harnett,2856,68,0,35.36731853,-78.87243571,37085.0,2100.3706536447608,2.380952380952381,2788,2808,68,0,2740,2791,134214,48,0,0,48,17
2020-10-24,US,North Carolina,Haywood,698,36,0,35.55269063,-82.98196486,37087.0,1120.0795930484458,5.1575931232091685,662,697,36,0,661,693,61971,1,0,0,1,4
2020-10-24,US,North Carolina,Henderson,2459,65,0,35.33788927,-82.4766782,37089.0,2094.2452966776527,2.643350955673038,2394,2435,65,0,2370,2409,116748,24,0,0,24,26
2020-10-24,US,North Carolina,Hertford,852,34,0,36.3607755,-76.98104134,37091.0,3598.428855006969,3.9906103286384975,818,851,34,0,817,849,23659,1,0,0,1,2
2020-10-24,US,North Carolina,Hoke,1515,25,0,35.01888303,-79.23651674,37093.0,2742.8757649274,1.6501650165016502,1490,1504,25,0,1479,1485,54764,11,0,0,11,19
2020-10-24,US,North Carolina,Hyde,175,5,0,35.42017674,-76.15180542,37095.0,3544.6627506582945,2.8571428571428568,170,175,5,0,170,175,5230,0,0,0,0,0
2020-10-24,US,North Carolina,Iredell,3712,34,0,35.80950511,-80.8743128,37097.0,2041.7367963653564,0.9159482758620692,3678,3667,34,0,3633,3647,178435,45,0,0,45,20
2020-10-24,US,North Carolina,Jackson,980,7,0,35.28814273,-83.14093385,37099.0,2230.415585597888,0.7142857142857143,973,967,7,0,960,928,43327,13,0,0,13,39
2020-10-24,US,North Carolina,Johnston,5448,60,0,35.51745004,-78.36622717,37101.0,2602.4773214737816,1.1013215859030836,5388,5335,60,0,5275,5285,202675,113,0,0,113,50
2020-10-24,US,North Carolina,Jones,197,15,0,35.02254606,-77.35870791,37103.0,2091.5171461938635,7.614213197969542,182,190,15,0,175,184,9637,7,0,0,7,6
2020-10-24,US,North Carolina,Lee,2054,19,0,35.47623147,-79.17569362,37105.0,3324.754366370449,0.9250243427458618,2035,2009,19,0,1990,2005,61452,45,0,0,45,4
2020-10-24,US,North Carolina,Lenoir,1380,39,0,35.24032589999999,-77.64245615,37107.0,2466.532020232712,2.8260869565217392,1341,1346,38,0,1308,1325,55976,34,1,0,33,21
2020-10-24,US,North Carolina,Lincoln,2291,16,0,35.48508185,-81.21740317,37109.0,2660.5195619607252,0.6983849847228285,2275,2261,16,0,2245,2246,83770,30,0,0,30,15
2020-10-24,US,North Carolina,Macon,744,7,0,35.14867843,-83.41696617,37113.0,2074.850800379274,0.9408602150537636,737,735,7,0,728,720,35285,9,0,0,9,15
2020-10-24,US,North Carolina,Madison,208,1,0,35.85402722,-82.71346418,37115.0,956.1020455067801,0.4807692307692308,207,198,1,0,197,192,21763,10,0,0,10,6
2020-10-24,US,North Carolina,Martin,624,16,0,35.84326734,-77.10860251,37117.0,2780.748663101604,2.5641025641025643,608,615,16,0,599,607,22671,9,0,0,9,8
2020-10-24,US,North Carolina,McDowell,1286,32,0,35.67736232,-82.0482425,37111.0,2810.560363668153,2.4883359253499218,1254,1272,32,0,1240,1256,45507,14,0,0,14,16
2020-10-24,US,North Carolina,Mecklenburg,32877,381,0,35.24469268,-80.8317671,37119.0,2960.9422563574212,1.1588648599324756,32496,32583,381,0,32202,32457,1093901,294,0,0,294,126
2020-10-24,US,North Carolina,Mitchell,205,4,0,36.01059309,-82.1582442,37121.0,1369.9545576049186,1.951219512195122,201,201,4,0,197,197,15000,4,0,0,4,4
2020-10-24,US,North Carolina,Montgomery,1169,38,0,35.33155144,-79.90416657,37123.0,4302.064549368859,3.2506415739948675,1131,1164,38,0,1126,1157,27271,5,0,0,5,7
2020-10-24,US,North Carolina,Moore,2215,40,0,35.30885257,-79.48474178,37125.0,2195.678033306899,1.8058690744920995,2175,2195,40,0,2155,2184,98682,20,0,0,20,11
2020-10-24,US,North Carolina,Nash,3272,71,0,35.96575634,-77.98422508,37127.0,3469.8508982162925,2.1699266503667483,3201,3235,71,0,3164,3205,94016,37,0,0,37,30
2020-10-24,US,North Carolina,New Hanover,5144,37,0,34.25758282,-77.87075626,37129.0,2193.8560090074343,0.7192846034214619,5107,5099,37,0,5062,5068,232274,45,0,0,45,31
2020-10-24,US,North Carolina,Northampton,552,19,0,36.41736238,-77.39769443,37131.0,2833.239234204178,3.4420289855072466,533,546,19,0,527,536,19676,6,0,0,6,10
2020-10-24,US,North Carolina,Onslow,3178,28,0,34.72607366,-77.42908179,37133.0,1605.5532540492475,0.8810572687224669,3150,3127,27,0,3100,3082,197683,51,1,0,50,45
2020-10-24,US,North Carolina,Orange,3029,58,0,36.06092947,-79.12167935,37135.0,2040.060346453299,1.9148233740508416,2971,3003,58,0,2945,2989,146027,26,0,0,26,14
2020-10-24,US,North Carolina,Pamlico,312,2,0,35.15253315,-76.66559823,37137.0,2451.673738802452,0.6410256410256411,310,307,2,0,305,304,12670,5,0,0,5,3
2020-10-24,US,North Carolina,Pasquotank,852,35,0,36.26723798,-76.25134778,37139.0,2139.4134190437926,4.107981220657277,817,840,35,0,805,835,39639,12,0,0,12,5
2020-10-24,US,North Carolina,Pender,1313,11,0,34.52265624,-77.90352133,37141.0,2082.143989850936,0.8377760853008378,1302,1242,11,0,1231,1228,62162,71,0,0,71,14
2020-10-24,US,North Carolina,Perquimans,238,4,0,36.17847453,-76.40603143,37143.0,1767.8080665527743,1.680672268907563,234,235,4,0,231,235,13422,3,0,0,3,0
2020-10-24,US,North Carolina,Person,622,10,0,36.38989032,-78.97217358,37145.0,1575.0822993162824,1.6077170418006432,612,610,10,0,600,602,39507,12,0,0,12,8
2020-10-24,US,North Carolina,Pitt,6063,38,0,35.59535426,-77.37353178,37147.0,3354.5053169711523,0.6267524327890484,6025,6007,38,0,5969,5958,179914,56,0,0,56,49
2020-10-24,US,North Carolina,Polk,381,11,0,35.27820615,-82.16812354,37149.0,1838.4481760277936,2.8871391076115485,370,378,11,0,367,378,20611,3,0,0,3,0
2020-10-24,US,North Carolina,Randolph,3651,62,0,35.71015088,-79.80570339,37151.0,2541.293407671908,1.6981648863325116,3589,3614,60,0,3554,3583,143351,37,2,0,35,31
2020-10-24,US,North Carolina,Richmond,1398,25,0,35.00417719,-79.74491009,37153.0,3118.517031385933,1.78826895565093,1373,1388,25,0,1363,1376,44887,10,0,0,10,12
2020-10-24,US,North Carolina,Robeson,5872,95,0,34.64244496,-79.10250529999998,37155.0,4495.3110047846885,1.6178474114441417,5777,5792,91,0,5701,5762,131831,80,4,0,76,30
2020-10-24,US,North Carolina,Rockingham,1879,19,0,36.39593137,-79.77504841,37157.0,2064.608284803868,1.0111761575306013,1860,1821,19,0,1802,1786,90690,58,0,0,58,35
2020-10-24,US,North Carolina,Rowan,4047,115,0,35.64003916,-80.52446628,37159.0,2848.2348966837453,2.8416110699283417,3932,4022,115,0,3907,3995,141262,25,0,0,25,27
2020-10-24,US,North Carolina,Rutherford,1688,53,0,35.40114178,-81.92112099,37161.0,2518.312969013412,3.1398104265402837,1635,1678,52,0,1626,1655,66826,10,1,0,9,23
2020-10-24,US,North Carolina,Sampson,2664,31,0,34.98820368,-78.36914061,37163.0,4193.228502620768,1.1636636636636637,2633,2630,31,0,2599,2605,63626,34,0,0,34,25
2020-10-24,US,North Carolina,Scotland,1602,23,0,34.8386299,-79.4757978,37165.0,4600.407776469575,1.4357053682896381,1579,1587,23,0,1564,1579,34810,15,0,0,15,8
2020-10-24,US,North Carolina,Stanly,2396,60,0,35.31647813,-80.25093221,37167.0,3814.922141196701,2.504173622704508,2336,2386,60,0,2326,2377,62075,10,0,0,10,9
2020-10-24,US,North Carolina,Stokes,664,9,0,36.4017975,-80.23893369,37169.0,1456.427803733193,1.355421686746988,655,653,9,0,644,643,45467,11,0,0,11,10
2020-10-24,US,North Carolina,Surry,1738,28,0,36.41689489,-80.69102283,37171.0,2421.186074697352,1.6110471806674338,1710,1694,29,0,1665,1677,71948,44,-1,0,45,17
2020-10-24,US,North Carolina,Swain,262,4,0,35.48665845,-83.48748932,37173.0,1835.890967696728,1.5267175572519085,258,259,4,0,255,237,14245,3,0,0,3,22
2020-10-24,US,North Carolina,Transylvania,405,9,0,35.20383864,-82.79638423,37175.0,1177.8391740584555,2.2222222222222223,396,401,9,0,392,400,34215,4,0,0,4,1
2020-10-24,US,North Carolina,Tyrrell,129,3,0,35.87147226,-76.17055253,37177.0,3212.1513944223107,2.3255813953488373,126,128,3,0,125,127,4131,1,0,0,1,1
2020-10-24,US,North Carolina,Union,5794,62,0,34.98960527,-80.52955873,37179.0,2415.5858233378776,1.0700724887814979,5732,5743,62,0,5681,5725,235908,51,0,0,51,18
2020-10-24,US,North Carolina,Vance,1185,47,0,36.36880673,-78.40670845,37181.0,2660.828561805321,3.9662447257383966,1138,1178,46,0,1132,1170,44582,7,1,0,6,8
2020-10-24,US,North Carolina,Wake,20494,270,0,35.78879266,-78.65249174,37183.0,1843.3818059816813,1.3174587684200254,20224,20283,269,0,20014,20165,1092305,211,1,0,210,118
2020-10-24,US,North Carolina,Warren,420,7,0,36.39728256,-78.10652228,37185.0,2128.6300745020526,1.6666666666666667,413,416,7,0,409,410,19807,4,0,0,4,6
2020-10-24,US,North Carolina,Washington,243,8,0,35.83810081,-76.57299037,37187.0,2098.4455958549224,3.2921810699588483,235,241,8,0,233,239,11859,2,0,0,2,2
2020-10-24,US,North Carolina,Watauga,1362,5,0,36.23103603,-81.70033724,37189.0,2424.4797693006035,0.3671071953010279,1357,1352,5,0,1347,1343,55945,10,0,0,10,9
2020-10-24,US,North Carolina,Wayne,4419,79,0,35.36438125,-78.00027268,37191.0,3588.860644354387,1.7877347816248017,4340,4345,79,0,4266,4313,123248,74,0,0,74,32
2020-10-24,US,North Carolina,Wilkes,1665,37,0,36.2084135,-81.16232895,37193.0,2433.783546746185,2.2222222222222223,1628,1624,37,0,1587,1606,68557,41,0,0,41,18
2020-10-24,US,North Carolina,Wilson,2891,63,0,35.70625477,-77.917978,37195.0,3534.1866236354076,2.179176755447942,2828,2828,62,0,2766,2797,81455,63,1,0,62,31
2020-10-24,US,North Carolina,Yadkin,982,9,0,36.16222629,-80.66239436,37197.0,2607.056574720578,0.9164969450101832,973,956,9,0,947,946,37543,26,0,0,26,10
2020-10-24,US,North Carolina,Yancey,307,0,0,35.90079156,-82.31237181,37199.0,1699.0425590790858,0.0,307,292,0,0,292,285,17903,15,0,0,15,7
2020-10-24,US,North Dakota,Adams,73,0,0,46.09686891,-102.5285397,38001.0,3294.223826714801,0.0,73,69,0,0,69,65,2294,4,0,0,4,4
2020-10-24,US,North Dakota,Barnes,343,1,0,46.93579637,-98.06605978,38003.0,3293.3269323091686,0.2915451895043732,342,335,1,0,334,332,10542,8,0,0,8,3
2020-10-24,US,North Dakota,Benson,503,8,0,48.0683985,-99.35916363,38005.0,7362.412177985949,1.5904572564612327,495,492,8,0,484,470,6962,11,0,0,11,22
2020-10-24,US,North Dakota,Billings,33,0,0,47.02366884,-103.3762965,38007.0,3556.0344827586205,0.0,33,32,0,0,32,32,919,1,0,0,1,0
2020-10-24,US,North Dakota,Bottineau,246,16,0,48.79106111,-100.8378166,38009.0,3915.950334288443,6.5040650406504055,230,242,16,0,226,220,6411,4,0,0,4,22
2020-10-24,US,North Dakota,Bowman,118,2,0,46.11285362,-103.5203343,38011.0,3902.116402116401,1.6949152542372878,116,114,2,0,112,111,3076,4,0,0,4,3
2020-10-24,US,North Dakota,Burke,61,1,0,48.79094471,-102.51821170000001,38013.0,2884.1607565011823,1.639344262295082,60,61,1,0,60,60,2100,0,0,0,0,1
2020-10-24,US,North Dakota,Burleigh,6284,75,0,46.97847375,-100.46452140000001,38015.0,6571.434547089703,1.1935073201782305,6209,6120,75,0,6045,6020,95273,164,0,0,164,100
2020-10-24,US,North Dakota,Cass,8480,83,0,46.93201724,-97.24447190000001,38017.0,4661.312753197782,0.9787735849056604,8397,8359,83,0,8276,8207,181516,121,0,0,121,152
2020-10-24,US,North Dakota,Cavalier,71,1,0,48.77286211,-98.46685243,38019.0,1887.293992557151,1.4084507042253518,70,69,1,0,68,66,3829,2,0,0,2,3
2020-10-24,US,North Dakota,Dickey,253,1,0,46.11017712,-98.50490079999999,38021.0,5192.939244663383,0.3952569169960474,252,240,1,0,239,228,4903,13,0,0,13,12
2020-10-24,US,North Dakota,Divide,47,1,0,48.814938700000006,-103.48736109999999,38023.0,2075.9717314487634,2.127659574468085,46,47,1,0,46,45,2283,0,0,0,0,2
2020-10-24,US,North Dakota,Dunn,199,5,0,47.35423935,-102.61604679999999,38025.0,4498.191681735985,2.512562814070352,194,197,5,0,192,195,4332,2,0,0,2,2
2020-10-24,US,North Dakota,Eddy,187,3,0,47.71701474,-98.90432337,38027.0,8176.650634018365,1.60427807486631,184,184,3,0,181,167,2313,3,0,0,3,17
2020-10-24,US,North Dakota,Emmons,275,8,0,46.28398398,-100.2389766,38029.0,8485.035482875655,2.9090909090909087,267,275,8,0,267,272,3295,0,0,0,0,3
2020-10-24,US,North Dakota,Foster,166,2,0,47.457108399999996,-98.88279923,38031.0,5171.339563862928,1.2048192771084338,164,164,2,0,162,162,3216,2,0,0,2,2
2020-10-24,US,North Dakota,Golden Valley,112,0,0,46.94022281,-103.8465421,38033.0,6360.022714366837,0.0,112,112,0,0,112,112,1769,0,0,0,0,0
2020-10-24,US,North Dakota,Grand Forks,3684,18,0,47.92093639,-97.45450447,38035.0,5304.459259045946,0.488599348534202,3666,3541,17,0,3524,3421,70770,143,1,0,142,120
2020-10-24,US,North Dakota,Grant,66,3,0,46.35821257,-101.63900129999999,38037.0,2902.374670184697,4.545454545454546,63,62,3,0,59,60,2374,4,0,0,4,2
2020-10-24,US,North Dakota,Griggs,81,1,0,47.45785838,-98.23850925,38039.0,3630.6588973554467,1.2345679012345678,80,78,1,0,77,77,2232,3,0,0,3,1
2020-10-24,US,North Dakota,Hettinger,129,2,0,46.43375068,-102.4632417,38041.0,5162.0648259303725,1.5503875968992251,127,125,2,0,123,112,2514,4,0,0,4,13
2020-10-24,US,North Dakota,Kidder,91,2,0,46.97830064,-99.77507857,38043.0,3669.3548387096776,2.1978021978021984,89,88,2,0,86,82,2450,3,0,0,3,6
2020-10-24,US,North Dakota,LaMoure,192,5,0,46.45681054,-98.53542355,38045.0,4745.4275827978245,2.6041666666666665,187,189,5,0,184,186,4062,3,0,0,3,3
2020-10-24,US,North Dakota,Logan,126,0,0,46.45729487,-99.47719806,38047.0,6810.810810810811,0.0,126,125,0,0,125,123,1903,1,0,0,1,2
2020-10-24,US,North Dakota,McHenry,173,12,0,48.23104458,-100.6324822,38049.0,3011.314186248912,6.9364161849710975,161,168,12,0,156,160,5816,5,0,0,5,8
2020-10-24,US,North Dakota,McIntosh,166,4,0,46.11182017,-99.44145858,38051.0,6647.977573087705,2.409638554216868,162,167,4,0,163,161,2585,-1,0,0,-1,6
2020-10-24,US,North Dakota,McKenzie,493,4,0,47.74133370000001,-103.395905,38053.0,3281.416400425985,0.8113590263691683,489,485,4,0,481,476,13632,8,0,0,8,9
2020-10-24,US,North Dakota,McLean,541,9,0,47.60766714,-101.3182418,38055.0,5724.867724867725,1.6635859519408502,532,520,9,0,511,503,9541,21,0,0,21,17
2020-10-24,US,North Dakota,Mercer,453,3,0,47.31213126,-101.8318399,38057.0,5533.162330524002,0.6622516556291391,450,448,3,0,445,392,8267,5,0,0,5,56
2020-10-24,US,North Dakota,Morton,2143,50,0,46.71681782,-101.2822377,38059.0,6832.67440377503,2.3331777881474567,2093,2093,50,0,2043,2069,31095,50,0,0,50,24
2020-10-24,US,North Dakota,Mountrail,494,6,0,48.20197971,-102.3555315,38061.0,4684.684684684685,1.214574898785425,488,477,6,0,471,462,10218,17,0,0,17,15
2020-10-24,US,North Dakota,Nelson,157,3,0,47.9226426,-98.19038437,38063.0,5453.282389718653,1.9108280254777068,154,153,3,0,150,151,2869,4,0,0,4,2
2020-10-24,US,North Dakota,Oliver,74,1,0,47.11530482,-101.3406158,38065.0,3777.437468095967,1.351351351351351,73,72,1,0,71,71,1952,2,0,0,2,1
2020-10-24,US,North Dakota,Pembina,193,0,0,48.76623521,-97.5523809,38067.0,2837.8179679458904,0.0,193,187,0,0,187,183,6947,6,0,0,6,4
2020-10-24,US,North Dakota,Pierce,78,1,0,48.24977025,-99.96407787,38069.0,1962.2641509433965,1.2820512820512822,77,77,0,0,77,73,4081,1,1,0,0,4
2020-10-24,US,North Dakota,Ramsey,465,4,0,48.26886249,-98.72223879,38071.0,4036.8087507596147,0.8602150537634409,461,462,4,0,458,447,11481,3,0,0,3,15
2020-10-24,US,North Dakota,Ransom,166,0,0,46.45621782,-97.65742504,38073.0,3181.295515523189,0.0,166,160,0,0,160,153,5237,6,0,0,6,7
2020-10-24,US,North Dakota,Renville,101,2,0,48.71982533,-101.6603912,38075.0,4340.352385045123,1.98019801980198,99,100,2,0,98,100,2374,1,0,0,1,0
2020-10-24,US,North Dakota,Richland,435,3,0,46.26440649,-96.94852979,38077.0,2689.0029053594612,0.6896551724137931,432,417,3,0,414,396,16239,18,0,0,18,21
2020-10-24,US,North Dakota,Rolette,336,8,0,48.77245354,-99.84097493,38079.0,2370.2031602708803,2.380952380952381,328,314,8,0,306,305,14301,22,0,0,22,9
2020-10-24,US,North Dakota,Sargent,126,2,0,46.10830372,-97.63217159,38081.0,3232.4268855823493,1.5873015873015872,124,123,2,0,121,121,3870,3,0,0,3,2
2020-10-24,US,North Dakota,Sheridan,40,1,0,47.57700669,-100.3426391,38083.0,3041.825095057034,2.5,39,39,1,0,38,38,1349,1,0,0,1,1
2020-10-24,US,North Dakota,Sioux,243,4,0,46.11323337,-101.04401490000001,38085.0,5744.680851063829,1.6460905349794241,239,236,4,0,232,233,4358,7,0,0,7,3
2020-10-24,US,North Dakota,Slope,13,0,0,46.44737738,-103.4601547,38087.0,1733.333333333333,0.0,13,13,0,0,13,12,763,0,0,0,0,1
2020-10-24,US,North Dakota,Stark,2294,34,0,46.80851182,-102.65763259999999,38089.0,7285.083680015244,1.4821272885789014,2260,2275,34,0,2241,2234,30997,19,0,0,19,41
2020-10-24,US,North Dakota,Steele,40,0,0,47.45611548,-97.72728747,38091.0,2116.4021164021165,0.0,40,38,0,0,38,38,1903,2,0,0,2,0
2020-10-24,US,North Dakota,Stutsman,810,6,0,46.97962541,-98.95637318,38093.0,3912.2874806800623,0.7407407407407407,804,780,6,0,774,757,20917,30,0,0,30,23
2020-10-24,US,North Dakota,Towner,89,2,0,48.68565745,-99.24564265,38095.0,4065.783462768387,2.247191011235955,87,87,2,0,85,84,2192,2,0,0,2,3
2020-10-24,US,North Dakota,Traill,243,3,0,47.45367788,-97.16323288,38097.0,3023.892483822797,1.2345679012345678,240,239,3,0,236,231,8037,4,0,0,4,8
2020-10-24,US,North Dakota,Walsh,412,2,0,48.36876964,-97.72574783,38099.0,3871.816558594117,0.4854368932038835,410,393,2,0,391,380,10667,19,0,0,19,13
2020-10-24,US,North Dakota,Ward,2413,33,0,48.22390169,-101.54367629999999,38101.0,3567.362989902573,1.3675922088686283,2380,2296,28,0,2268,2227,67744,117,5,0,112,69
2020-10-24,US,North Dakota,Wells,115,0,0,47.58614526,-99.65904998,38103.0,2999.478351591028,0.0,115,95,0,0,95,89,3957,20,0,0,20,6
2020-10-24,US,North Dakota,Williams,1748,13,0,48.34522353,-103.4793387,38105.0,4650.296629333048,0.7437070938215103,1735,1705,12,0,1693,1681,35350,43,1,0,42,24
2020-10-24,US,Ohio,Adams,214,6,0,38.84541072,-83.4718964,39001.0,772.6189616578813,2.803738317757009,208,212,6,0,206,209,27724,2,0,0,2,3
2020-10-24,US,Ohio,Allen,2239,73,0,40.77285242,-84.10802343,39003.0,2187.5702240329847,3.260384100044663,2166,2183,73,0,2110,2130,102663,56,0,0,56,53
2020-10-24,US,Ohio,Ashland,420,9,0,40.84772277,-82.27280781,39005.0,785.2815795378058,2.142857142857143,411,410,9,0,401,398,53745,10,0,0,10,12
2020-10-24,US,Ohio,Ashtabula,740,48,0,41.70860332,-80.74830218,39007.0,760.9958762250493,6.486486486486488,692,735,48,0,687,726,97493,5,0,0,5,9
2020-10-24,US,Ohio,Athens,1259,2,0,39.33425634,-82.04278644,39009.0,1927.227639414025,0.15885623510722796,1257,1235,2,0,1233,1205,65818,24,0,0,24,30
2020-10-24,US,Ohio,Auglaize,1054,18,0,40.55998859,-84.22421429999999,39011.0,2308.568424741545,1.7077798861480076,1036,1023,16,0,1007,1006,45804,31,2,0,29,17
2020-10-24,US,Ohio,Belmont,800,27,0,40.01625942,-80.9924051,39013.0,1193.9229322747215,3.375,773,789,27,0,762,788,67505,11,0,0,11,1
2020-10-24,US,Ohio,Brown,398,3,0,38.93416837,-83.86788395,39015.0,916.375023024498,0.7537688442211056,395,388,3,0,385,379,43602,10,0,0,10,9
2020-10-24,US,Ohio,Butler,8557,131,0,39.44012838,-84.57388716,39017.0,2233.4222491347673,1.5309103657824004,8426,8401,130,0,8271,8276,382378,156,1,0,155,125
2020-10-24,US,Ohio,Carroll,217,7,0,40.578968599999996,-81.09178213,39019.0,806.2718287879914,3.2258064516129035,210,215,7,0,208,200,27081,2,0,0,2,15
2020-10-24,US,Ohio,Champaign,413,3,0,40.13923427,-83.76875242,39021.0,1062.106210621062,0.7263922518159807,410,405,3,0,402,398,38754,8,0,0,8,7
2020-10-24,US,Ohio,Clark,2565,57,0,39.91592258,-83.78498252,39023.0,1912.9941901657928,2.2222222222222223,2508,2530,57,0,2473,2494,134585,35,0,0,35,36
2020-10-24,US,Ohio,Clermont,2550,38,0,39.04847534,-84.15375786,39025.0,1235.2975371558125,1.4901960784313726,2512,2512,38,0,2474,2459,205466,38,0,0,38,53
2020-10-24,US,Ohio,Clinton,493,13,0,39.41485808,-83.80852286,39027.0,1174.7045367899352,2.636916835699797,480,472,13,0,459,464,42057,21,0,0,21,8
2020-10-24,US,Ohio,Columbiana,2146,88,0,40.76932373,-80.78094576,39029.0,2106.337661827783,4.1006523765144465,2058,2133,87,0,2046,2128,102665,13,1,0,12,5
2020-10-24,US,Ohio,Coshocton,330,12,0,40.30096166,-81.91729018,39031.0,901.639344262295,3.636363636363636,318,324,12,0,312,321,36629,6,0,0,6,3
2020-10-24,US,Ohio,Crawford,503,8,0,40.85065156,-82.91989099,39033.0,1212.2234539933486,1.5904572564612327,495,468,8,0,460,452,41550,35,0,0,35,16
2020-10-24,US,Ohio,Cuyahoga,20088,685,0,41.424119,-81.65918339,39035.0,1626.4638822675925,3.4099960175228987,19403,19906,684,0,19222,19706,1243857,182,1,0,181,200
2020-10-24,US,Ohio,Darke,1167,51,0,40.13412966,-84.6194517,39037.0,2283.1764913035818,4.370179948586118,1116,1155,51,0,1104,1144,51323,12,0,0,12,11
2020-10-24,US,Ohio,Defiance,481,13,0,41.32398837,-84.49076944,39039.0,1262.898101714496,2.702702702702702,468,466,13,0,453,460,38165,15,0,0,15,6
2020-10-24,US,Ohio,Delaware,2937,27,0,40.27942393,-83.00457058,39041.0,1404.0740616798214,0.919305413687436,2910,2906,27,0,2879,2872,204826,31,0,0,31,34
2020-10-24,US,Ohio,Erie,1178,53,0,41.36796058,-82.62904521,39043.0,1586.1901812404062,4.4991511035653655,1125,1169,53,0,1116,1155,74615,9,0,0,9,14
2020-10-24,US,Ohio,Fairfield,2767,57,0,39.75107189,-82.63088163,39045.0,1756.000355388579,2.0599927719551863,2710,2686,57,0,2629,2644,155782,81,0,0,81,42
2020-10-24,US,Ohio,Fayette,458,10,0,39.56021306,-83.4562016,39047.0,1605.6091148115686,2.183406113537118,448,452,8,0,444,449,28666,6,2,0,4,3
2020-10-24,US,Ohio,Franklin,31999,642,0,39.96995815,-83.01115755,39049.0,2430.138917157013,2.00631269727179,31357,31703,640,0,31063,31466,1310300,296,2,0,294,237
2020-10-24,US,Ohio,Fulton,550,14,0,41.60213491,-84.12571393,39051.0,1305.606988558135,2.5454545454545454,536,545,13,0,532,537,42276,5,1,0,4,8
2020-10-24,US,Ohio,Gallia,300,13,0,38.82708533,-82.31647569,39053.0,1003.4115994380896,4.333333333333333,287,292,13,0,279,291,29979,8,0,0,8,1
2020-10-24,US,Ohio,Geauga,879,50,0,41.49952319,-81.17935342,39055.0,938.6111971297078,5.688282138794084,829,869,50,0,819,859,94031,10,0,0,10,10
2020-10-24,US,Ohio,Greene,2395,42,0,39.69116283,-83.89032084,39057.0,1417.6882506496506,1.7536534446764092,2353,2345,42,0,2303,2292,167995,50,0,0,50,53
2020-10-24,US,Ohio,Guernsey,345,8,0,40.05026529,-81.49248905,39059.0,887.459807073955,2.318840579710145,337,329,8,0,321,321,39022,16,0,0,16,8
2020-10-24,US,Ohio,Hamilton,17147,344,0,39.19673558,-84.54502924,39061.0,2097.561632004971,2.0061818393888142,16803,16878,344,0,16534,16687,816684,269,0,0,269,191
2020-10-24,US,Ohio,Hancock,1078,26,0,41.00250487,-83.66838948,39063.0,1422.4826148344614,2.411873840445269,1052,1066,26,0,1040,1047,75930,12,0,0,12,19
2020-10-24,US,Ohio,Hardin,357,13,0,40.66015414,-83.65929931,39065.0,1138.2113821138212,3.641456582633053,344,348,13,0,335,336,31480,9,0,0,9,12
2020-10-24,US,Ohio,Harrison,85,3,0,40.29380509,-81.09068544,39067.0,565.1595744680851,3.5294117647058822,82,84,3,0,81,80,15174,1,0,0,1,4
2020-10-24,US,Ohio,Henry,498,17,0,41.333964200000004,-84.06830637,39069.0,1844.0346589646745,3.4136546184738954,481,488,17,0,471,473,27086,10,0,0,10,15
2020-10-24,US,Ohio,Highland,459,6,0,39.1839264,-83.60331456,39071.0,1063.46006811705,1.30718954248366,453,444,6,0,438,430,43058,15,0,0,15,14
2020-10-24,US,Ohio,Hocking,204,9,0,39.49537927,-82.47991446,39073.0,721.7662043589019,4.411764705882354,195,199,9,0,190,197,28385,5,0,0,5,2
2020-10-24,US,Ohio,Holmes,677,10,0,40.56163713,-81.92635677,39075.0,1540.0363967242947,1.4771048744460855,667,633,10,0,623,617,43892,44,0,0,44,16
2020-10-24,US,Ohio,Huron,719,15,0,41.14651175,-82.59867951,39077.0,1233.9958123090653,2.086230876216968,704,716,14,0,702,709,58504,3,1,0,2,7
2020-10-24,US,Ohio,Jackson,478,8,0,39.01914254,-82.61818559999998,39079.0,1474.7169345632926,1.6736401673640169,470,472,8,0,464,459,32384,6,0,0,6,13
2020-10-24,US,Ohio,Jefferson,485,4,0,40.38614126,-80.76259514,39081.0,742.4416379640262,0.8247422680412371,481,477,4,0,473,469,65767,8,0,0,8,8
2020-10-24,US,Ohio,Knox,403,16,0,40.39830217,-82.42027563,39083.0,646.6416353775552,3.9702233250620353,387,394,16,0,378,384,61893,9,0,0,9,10
2020-10-24,US,Ohio,Lake,1994,59,0,41.69710807,-81.23676539,39085.0,866.3952482956694,2.958876629889669,1935,1966,59,0,1907,1936,230514,28,0,0,28,30
2020-10-24,US,Ohio,Lawrence,951,25,0,38.59743452,-82.53466552,39087.0,1599.3138590383935,2.6288117770767614,926,945,25,0,920,930,59866,6,0,0,6,15
2020-10-24,US,Ohio,Licking,2674,67,0,40.09136236,-82.48185785,39089.0,1511.913243093485,2.505609573672401,2607,2623,66,0,2557,2579,175769,51,1,0,50,44
2020-10-24,US,Ohio,Logan,442,3,0,40.38996525,-83.76784341,39091.0,967.7701874233667,0.6787330316742082,439,435,3,0,432,423,45358,7,0,0,7,12
2020-10-24,US,Ohio,Lorain,2789,89,0,41.29553751,-82.15083537,39093.0,900.1623455216197,3.1911079239870923,2700,2754,89,0,2665,2728,309461,35,0,0,35,26
2020-10-24,US,Ohio,Lucas,8454,375,0,41.62101218,-83.65468618,39095.0,1973.628918542867,4.435770049680626,8079,8364,373,0,7991,8285,429899,90,2,0,88,79
2020-10-24,US,Ohio,Madison,1070,15,0,39.89381073,-83.40178317,39097.0,2392.07708300731,1.4018691588785046,1055,1063,15,0,1048,1054,44413,7,0,0,7,9
2020-10-24,US,Ohio,Mahoning,3779,287,0,41.01631101,-80.77287029,39099.0,1652.5058705719268,7.594601746493781,3492,3739,287,0,3452,3709,229642,40,0,0,40,30
2020-10-24,US,Ohio,Marion,3427,50,0,40.58610662,-83.15736305,39101.0,5264.775014210438,1.4590020426028596,3377,3412,50,0,3362,3388,65256,15,0,0,15,24
2020-10-24,US,Ohio,Medina,1924,42,0,41.11770589,-81.89986209999998,39103.0,1070.399341292713,2.1829521829521834,1882,1889,42,0,1847,1856,179146,35,0,0,35,33
2020-10-24,US,Ohio,Meigs,210,12,0,39.09224872,-82.0305041,39105.0,916.7503383245296,5.7142857142857135,198,210,12,0,198,210,23106,0,0,0,0,0
2020-10-24,US,Ohio,Mercer,1582,28,0,40.54043046,-84.62912742,39107.0,3842.417176722044,1.7699115044247788,1554,1547,28,0,1519,1521,40959,35,0,0,35,26
2020-10-24,US,Ohio,Miami,2072,58,0,40.0543329,-84.22871271,39109.0,1936.6838961743013,2.7992277992277987,2014,2028,58,0,1970,1999,106222,44,0,0,44,29
2020-10-24,US,Ohio,Monroe,167,18,0,39.72984936,-81.08464734,39111.0,1223.0848103119965,10.778443113772457,149,163,18,0,145,161,13790,4,0,0,4,2
2020-10-24,US,Ohio,Montgomery,10686,189,0,39.75394919,-84.29050975,39113.0,2009.8290911758234,1.768669286917462,10497,10546,189,0,10357,10377,532331,140,0,0,140,169
2020-10-24,US,Ohio,Morgan,82,0,0,39.62081738,-81.85308173,39115.0,565.2054039150812,0.0,82,80,0,0,80,78,14604,2,0,0,2,2
2020-10-24,US,Ohio,Morrow,366,2,0,40.52363560000001,-82.7892599,39117.0,1036.0054347826087,0.5464480874316939,364,356,2,0,354,344,35112,10,0,0,10,12
2020-10-24,US,Ohio,Muskingum,926,4,0,39.96575964,-81.94363275,39119.0,1074.0590384503855,0.4319654427645788,922,904,4,0,900,888,86183,22,0,0,22,16
2020-10-24,US,Ohio,Noble,155,0,0,39.76818851,-81.45937183,39121.0,1074.597892401553,0.0,155,148,0,0,148,129,14354,7,0,0,7,19
2020-10-24,US,Ohio,Ottawa,600,30,0,41.53781826,-83.0940185,39123.0,1480.5675508945096,5.0,570,589,30,0,559,584,40769,11,0,0,11,5
2020-10-24,US,Ohio,Paulding,227,2,0,41.11676341,-84.5801017,39125.0,1215.7240788346187,0.8810572687224669,225,207,2,0,205,201,18760,20,0,0,20,6
2020-10-24,US,Ohio,Perry,380,11,0,39.73508655,-82.23804971,39127.0,1051.6411136325896,2.8947368421052637,369,373,11,0,362,366,36033,7,0,0,7,7
2020-10-24,US,Ohio,Pickaway,3043,46,0,39.64170392,-83.0243386,39129.0,5205.5356929024765,1.5116661189615508,2997,3024,46,0,2978,3011,58086,19,0,0,19,13
2020-10-24,US,Ohio,Pike,324,0,0,39.07634001,-83.06769584,39131.0,1166.642661673628,0.0,324,312,0,0,312,300,28067,12,0,0,12,12
2020-10-24,US,Ohio,Portage,1687,68,0,41.16793482,-81.19735782,39133.0,1038.3711053389634,4.030823947836397,1619,1654,68,0,1586,1620,162927,33,0,0,33,34
2020-10-24,US,Ohio,Preble,647,18,0,39.7420247,-84.64787018,39135.0,1582.6035908223666,2.7820710973724885,629,635,18,0,617,624,40997,12,0,0,12,11
2020-10-24,US,Ohio,Putnam,1066,28,0,41.02094889,-84.1336111,39137.0,3148.16455509288,2.626641651031895,1038,1016,27,0,989,974,33780,50,1,0,49,42
2020-10-24,US,Ohio,Richland,1385,24,0,40.77180308,-82.53799609999999,39139.0,1143.1731515261567,1.7328519855595668,1361,1351,24,0,1327,1323,121099,34,0,0,34,28
2020-10-24,US,Ohio,Ross,1442,39,0,39.33705391,-83.06000914,39141.0,1880.8859207471369,2.7045769764216367,1403,1415,37,0,1378,1394,76931,27,2,0,25,21
2020-10-24,US,Ohio,Sandusky,723,22,0,41.35624126,-83.137872,39143.0,1235.5172767353636,3.0428769017980635,701,717,22,0,695,711,58799,6,0,0,6,6
2020-10-24,US,Ohio,Scioto,890,9,0,38.80270163,-82.98907345,39145.0,1181.7192022731497,1.0112359550561798,881,871,9,0,862,859,75502,19,0,0,19,12
2020-10-24,US,Ohio,Seneca,620,14,0,41.12351311,-83.12783209,39147.0,1123.6362318315269,2.2580645161290325,606,607,14,0,593,601,55207,13,0,0,13,6
2020-10-24,US,Ohio,Shelby,950,14,0,40.33163494,-84.20258189,39149.0,1955.134801399465,1.4736842105263157,936,917,14,0,903,909,48627,33,0,0,33,8
2020-10-24,US,Ohio,Stark,3929,182,0,40.81482476,-81.36437305,39151.0,1060.1555290524168,4.63222193942479,3747,3853,182,0,3671,3796,371574,76,0,0,76,57
2020-10-24,US,Ohio,Summit,6846,266,0,41.12464734,-81.53123079,39153.0,1265.4039736568252,3.8854805725971366,6580,6780,265,0,6515,6689,541918,66,1,0,65,91
2020-10-24,US,Ohio,Trumbull,2334,134,0,41.31735028,-80.76109643,39155.0,1178.9426894440685,5.741216795201371,2200,2290,134,0,2156,2270,198627,44,0,0,44,20
2020-10-24,US,Ohio,Tuscarawas,1346,27,0,40.44214695,-81.47226262,39157.0,1463.250241882005,2.0059435364041605,1319,1308,25,0,1283,1290,92176,38,2,0,36,18
2020-10-24,US,Ohio,Union,782,3,0,40.30016061,-83.37239023,39159.0,1325.693361361633,0.3836317135549872,779,770,3,0,767,758,57835,12,0,0,12,12
2020-10-24,US,Ohio,Van Wert,282,5,0,40.8554138,-84.59111700000003,39161.0,997.3474801061008,1.7730496453900708,277,268,5,0,263,263,28281,14,0,0,14,5
2020-10-24,US,Ohio,Vinton,106,3,0,39.25208988,-82.4831444,39163.0,810.0878868933894,2.830188679245283,103,104,3,0,101,96,13139,2,0,0,2,8
2020-10-24,US,Ohio,Warren,4359,66,0,39.42581994,-84.16557457,39165.0,1858.040425912823,1.5141087405368203,4293,4284,66,0,4218,4200,232173,75,0,0,75,84
2020-10-24,US,Ohio,Washington,357,24,0,39.45690571,-81.49121382,39167.0,595.8838944434244,6.722689075630252,333,355,24,0,331,351,60155,2,0,0,2,4
2020-10-24,US,Ohio,Wayne,1484,71,0,40.82925852,-81.88844833,39169.0,1282.5166364186327,4.784366576819408,1413,1446,69,0,1377,1402,115967,38,2,0,36,44
2020-10-24,US,Ohio,Williams,350,4,0,41.56052014,-84.58429552,39171.0,953.8864057560232,1.1428571428571428,346,346,4,0,342,335,36804,4,0,0,4,11
2020-10-24,US,Ohio,Wood,2563,81,0,41.36224827,-83.62285108,39173.0,1959.225482926531,3.1603589543503707,2482,2529,81,0,2448,2496,130696,34,0,0,34,33
2020-10-24,US,Ohio,Wyandot,302,13,0,40.84339621,-83.30734173,39175.0,1387.1027007165167,4.304635761589403,289,298,13,0,285,295,21935,4,0,0,4,3
2020-10-24,US,Oklahoma,Adair,783,11,0,35.88494195,-94.65859267,40001.0,3527.9805352798053,1.40485312899106,772,769,11,0,758,752,22082,14,0,0,14,17
2020-10-24,US,Oklahoma,Alfalfa,117,0,0,36.73090616,-98.32408495,40003.0,2051.911609961417,0.0,117,115,0,0,115,115,5754,2,0,0,2,0
2020-10-24,US,Oklahoma,Atoka,432,1,0,34.37366573,-96.03802487,40005.0,3139.991277802006,0.2314814814814815,431,423,1,0,422,419,13838,9,0,0,9,4
2020-10-24,US,Oklahoma,Beaver,88,1,0,36.7496847,-100.4758872,40007.0,1656.9384296742608,1.1363636363636365,87,88,1,0,87,86,5319,0,0,0,0,2
2020-10-24,US,Oklahoma,Beckham,888,11,0,35.26862449,-99.68128023,40009.0,4062.3999268036046,1.2387387387387387,877,867,11,0,856,860,21709,21,0,0,21,7
2020-10-24,US,Oklahoma,Blaine,209,1,0,35.87518314,-98.43307003,40011.0,2216.5659136705913,0.4784688995215311,208,201,1,0,200,197,9485,8,0,0,8,4
2020-10-24,US,Oklahoma,Bryan,1492,11,0,33.96472458,-96.25903472,40013.0,3108.657151786645,0.7372654155495979,1481,1467,11,0,1456,1438,47192,25,0,0,25,29
2020-10-24,US,Oklahoma,Caddo,1135,26,0,35.17364557,-98.37534464,40015.0,3946.1789861622974,2.290748898678414,1109,1119,26,0,1093,1116,28977,16,0,0,16,3
2020-10-24,US,Oklahoma,Canadian,3813,23,0,35.5426055,-97.98465569,40017.0,2571.0355616091056,0.6031995803829006,3790,3754,22,0,3732,3674,144447,59,1,0,58,80
2020-10-24,US,Oklahoma,Carter,822,10,0,34.25103751,-97.28552485,40019.0,1708.548980482634,1.2165450121654502,812,793,10,0,783,788,48177,29,0,0,29,5
2020-10-24,US,Oklahoma,Cherokee,1374,8,0,35.90692775,-94.99980896,40021.0,2823.848572661693,0.5822416302765647,1366,1356,8,0,1348,1343,48675,18,0,0,18,13
2020-10-24,US,Oklahoma,Choctaw,444,2,0,34.02807439,-95.54771129,40023.0,3026.1723009814614,0.4504504504504505,442,439,2,0,437,427,14668,5,0,0,5,12
2020-10-24,US,Oklahoma,Cimarron,37,0,0,36.74817177,-102.5173885,40025.0,1731.3991576977066,0.0,37,36,0,0,36,36,2153,1,0,0,1,0
2020-10-24,US,Oklahoma,Cleveland,8218,89,0,35.20413532,-97.32519562,40027.0,2893.5193335539802,1.0829885616938428,8129,8037,89,0,7948,7941,281669,181,0,0,181,96
2020-10-24,US,Oklahoma,Coal,94,0,0,34.58840127,-96.29798747,40029.0,1710.6460418562326,0.0,94,91,0,0,91,89,5520,3,0,0,3,2
2020-10-24,US,Oklahoma,Comanche,2317,17,0,34.65973764,-98.47195055,40031.0,1918.8564708610425,0.7337073802330601,2300,2272,17,0,2255,2252,120422,45,0,0,45,20
2020-10-24,US,Oklahoma,Cotton,97,3,0,34.28845626,-98.37053567,40033.0,1711.9661136604307,3.0927835051546397,94,96,3,0,93,93,5776,1,0,0,1,3
2020-10-24,US,Oklahoma,Craig,614,2,0,36.76268118,-95.20916602,40035.0,4341.677273370104,0.3257328990228013,612,611,2,0,609,607,14306,3,0,0,3,4
2020-10-24,US,Oklahoma,Creek,1546,37,0,35.90230551,-96.37086028,40037.0,2161.5726629568526,2.393272962483829,1509,1536,37,0,1499,1523,71604,10,0,0,10,13
2020-10-24,US,Oklahoma,Custer,1081,4,0,35.63853802,-99.00170785,40039.0,3727.200634417129,0.3700277520814061,1077,1046,3,0,1043,1035,29036,35,1,0,34,11
2020-10-24,US,Oklahoma,Delaware,1225,27,0,36.40823634,-94.80325046,40041.0,2848.241065823432,2.204081632653061,1198,1214,27,0,1187,1190,42733,11,0,0,11,24
2020-10-24,US,Oklahoma,Dewey,93,1,0,35.98772922,-99.00730714,40043.0,1901.451645880188,1.075268817204301,92,89,1,0,88,88,4894,4,0,0,4,1
2020-10-24,US,Oklahoma,Ellis,21,0,0,36.218019399999996,-99.75324573,40045.0,544.1824306815237,0.0,21,20,0,0,20,20,3952,1,0,0,1,0
2020-10-24,US,Oklahoma,Garfield,2389,26,0,36.3791334,-97.78265517,40047.0,3912.801362683438,1.088321473419841,2363,2339,25,0,2314,2310,60913,50,1,0,49,29
2020-10-24,US,Oklahoma,Garvin,632,6,0,34.70418038,-97.30811132,40049.0,2280.682761358305,0.9493670886075948,626,613,6,0,607,606,27811,19,0,0,19,7
2020-10-24,US,Oklahoma,Grady,1598,16,0,35.0167709,-97.88339847,40051.0,2862.0553784432427,1.0012515644555695,1582,1559,16,0,1543,1547,55551,39,0,0,39,12
2020-10-24,US,Oklahoma,Grant,99,1,0,36.796296999999996,-97.78638765,40053.0,2284.791137779829,1.0101010101010102,98,88,1,0,87,84,4326,11,0,0,11,4
2020-10-24,US,Oklahoma,Greer,151,8,0,34.93535801,-99.56056120000001,40055.0,2643.557422969188,5.298013245033113,143,145,8,0,137,144,5821,6,0,0,6,1
2020-10-24,US,Oklahoma,Harmon,68,0,0,34.7440135,-99.84741652,40057.0,2563.136072370901,0.0,68,64,0,0,64,63,2664,4,0,0,4,1
2020-10-24,US,Oklahoma,Harper,66,1,0,36.78836519,-99.6679804,40059.0,1789.587852494577,1.5151515151515151,65,65,1,0,64,65,3797,1,0,0,1,0
2020-10-24,US,Oklahoma,Haskell,375,5,0,35.22257600000001,-95.11513306,40061.0,2969.8265621287715,1.3333333333333333,370,371,5,0,366,368,12668,4,0,0,4,3
2020-10-24,US,Oklahoma,Hughes,390,4,0,35.04912569,-96.24921145,40063.0,2936.968145191656,1.0256410256410255,386,379,4,0,375,378,13335,11,0,0,11,1
2020-10-24,US,Oklahoma,Jackson,1112,13,0,34.58781741,-99.41138784,40065.0,4533.22462291072,1.169064748201439,1099,1093,13,0,1080,1081,24949,19,0,0,19,12
2020-10-24,US,Oklahoma,Jefferson,76,0,0,34.11130184,-97.83182974,40067.0,1266.2445851382872,0.0,76,76,0,0,76,73,6123,0,0,0,0,3
2020-10-24,US,Oklahoma,Johnston,286,4,0,34.31440473,-96.66011537,40069.0,2580.0631483987368,1.3986013986013983,282,280,4,0,276,279,10949,6,0,0,6,1
2020-10-24,US,Oklahoma,Kay,863,16,0,36.81799745,-97.14421435,40071.0,1982.1764895034225,1.853997682502897,847,844,16,0,828,831,44161,19,0,0,19,13
2020-10-24,US,Oklahoma,Kingfisher,540,3,0,35.94530008,-97.94193268,40073.0,3425.309229305424,0.5555555555555556,537,532,3,0,529,522,15816,8,0,0,8,10
2020-10-24,US,Oklahoma,Kiowa,172,2,0,34.91671958,-98.97720696,40075.0,1975.1952227836475,1.162790697674419,170,171,2,0,169,166,8729,1,0,0,1,5
2020-10-24,US,Oklahoma,Latimer,207,2,0,34.87844729,-95.25215049,40077.0,2054.9985108706437,0.966183574879227,205,203,2,0,201,198,10231,4,0,0,4,5
2020-10-24,US,Oklahoma,Le Flore,1630,22,0,34.89851864,-94.70392124,40079.0,3269.612661223999,1.3496932515337423,1608,1615,22,0,1593,1611,49980,15,0,0,15,4
2020-10-24,US,Oklahoma,Lincoln,773,21,0,35.70270942,-96.8812462,40081.0,2216.3603520945035,2.7166882276843465,752,764,20,0,744,757,34920,9,1,0,8,7
2020-10-24,US,Oklahoma,Logan,837,2,0,35.91899576,-97.44352845,40083.0,1743.3504821811664,0.23894862604540024,835,812,2,0,810,806,47291,25,0,0,25,6
2020-10-24,US,Oklahoma,Love,267,1,0,33.95273467,-97.23906784,40085.0,2604.115868526285,0.3745318352059925,266,262,1,0,261,261,10134,5,0,0,5,1
2020-10-24,US,Oklahoma,Major,168,2,0,36.31149996,-98.53467076,40093.0,2202.1234762092013,1.1904761904761905,166,164,2,0,162,160,7644,4,0,0,4,4
2020-10-24,US,Oklahoma,Marshall,267,2,0,34.02311222,-96.76855464,40095.0,1576.9889551709882,0.7490636704119851,265,269,2,0,267,268,16806,-2,0,0,-2,1
2020-10-24,US,Oklahoma,Mayes,968,13,0,36.30179091,-95.23175116,40097.0,2355.231143552312,1.3429752066115703,955,951,13,0,938,937,41107,17,0,0,17,14
2020-10-24,US,Oklahoma,McClain,1290,9,0,35.01123903,-97.44572302,40087.0,3187.2313089884865,0.6976744186046512,1281,1267,9,0,1258,1246,39985,23,0,0,23,21
2020-10-24,US,Oklahoma,McCurtain,1614,39,0,34.11664328,-94.77222373,40089.0,4915.93567251462,2.41635687732342,1575,1595,38,0,1557,1577,32703,19,1,0,18,18
2020-10-24,US,Oklahoma,McIntosh,503,10,0,35.37235506,-95.66599306,40091.0,2566.850377628087,1.9880715705765408,493,494,9,0,485,487,19815,9,1,0,8,7
2020-10-24,US,Oklahoma,Murray,293,2,0,34.48116015,-97.06826283,40099.0,2082.000994812762,0.6825938566552902,291,287,2,0,285,277,13953,6,0,0,6,10
2020-10-24,US,Oklahoma,Muskogee,2311,28,0,35.61318461,-95.37802952,40101.0,3398.679353500889,1.2115967113803547,2283,2281,28,0,2253,2255,68362,30,0,0,30,26
2020-10-24,US,Oklahoma,Noble,175,3,0,36.38953329,-97.22928674,40103.0,1572.1857874404816,1.7142857142857142,172,173,3,0,170,172,11289,2,0,0,2,1
2020-10-24,US,Oklahoma,Nowata,248,4,0,36.79843529,-95.61902331,40105.0,2461.294164350933,1.6129032258064515,244,243,4,0,239,239,10218,5,0,0,5,4
2020-10-24,US,Oklahoma,Okfuskee,541,6,0,35.46485198,-96.32639984,40107.0,4510.964729425498,1.1090573012939002,535,535,6,0,529,336,12098,6,0,0,6,199
2020-10-24,US,Oklahoma,Oklahoma,23285,226,0,35.55140095,-97.40716948,40109.0,2919.990870717828,0.970581919690788,23059,22816,225,0,22591,22669,792582,469,1,0,468,147
2020-10-24,US,Oklahoma,Okmulgee,1209,8,0,35.64661916,-95.96432828,40111.0,3143.1171194592484,0.6617038875103392,1201,1182,8,0,1174,1153,38335,27,0,0,27,29
2020-10-24,US,Oklahoma,Osage,1372,13,0,36.62888819,-96.39635704,40113.0,2921.4488001192426,0.9475218658892128,1359,1366,13,0,1353,1368,47014,6,0,0,6,-2
2020-10-24,US,Oklahoma,Ottawa,1222,9,0,36.83532655,-94.81011909,40115.0,3925.8521540784527,0.7364975450081833,1213,1202,9,0,1193,1192,31175,20,0,0,20,10
2020-10-24,US,Oklahoma,Pawnee,331,5,0,36.31743373,-96.70331759999999,40117.0,2021.2506106497312,1.5105740181268883,326,330,5,0,325,327,16390,1,0,0,1,3
2020-10-24,US,Oklahoma,Payne,2784,12,0,36.07695283,-96.97584944,40119.0,3404.0888193289643,0.4310344827586207,2772,2772,12,0,2760,2752,82040,12,0,0,12,20
2020-10-24,US,Oklahoma,Pittsburg,1235,20,0,34.92065823,-95.75134320000001,40121.0,2829.064919594997,1.6194331983805668,1215,1221,20,0,1201,1214,43877,14,0,0,14,7
2020-10-24,US,Oklahoma,Pontotoc,754,4,0,34.72959848,-96.68337199,40123.0,1969.4911712464734,0.5305039787798409,750,742,4,0,738,722,38247,12,0,0,12,20
2020-10-24,US,Oklahoma,Pottawatomie,2093,14,0,35.20614018,-96.94923008,40125.0,2883.2378223495703,0.6688963210702341,2079,2051,14,0,2037,2002,72679,42,0,0,42,49
2020-10-24,US,Oklahoma,Pushmataha,263,5,0,34.41635232,-95.37603505,40127.0,2370.223503965393,1.9011406844106464,258,261,5,0,256,260,11179,2,0,0,2,1
2020-10-24,US,Oklahoma,Roger Mills,89,4,0,35.68711719,-99.69666167,40129.0,2483.951995534468,4.49438202247191,85,88,4,0,84,88,3656,1,0,0,1,0
2020-10-24,US,Oklahoma,Rogers,2411,54,0,36.37004357,-95.60406759,40131.0,2607.642306319558,2.2397345499792616,2357,2375,54,0,2321,2349,91984,36,0,0,36,26
2020-10-24,US,Oklahoma,Seminole,768,6,0,35.16478725,-96.61686741,40133.0,3165.9658669304968,0.78125,762,751,6,0,745,742,24578,17,0,0,17,9
2020-10-24,US,Oklahoma,Sequoyah,1228,13,0,35.49447108,-94.75463785,40135.0,2954.124467752413,1.0586319218241045,1215,1209,13,0,1196,1197,41179,19,0,0,19,12
2020-10-24,US,Oklahoma,Stephens,696,8,0,34.48556989,-97.85141892,40137.0,1613.2396912593006,1.1494252873563218,688,675,8,0,667,662,43265,21,0,0,21,13
2020-10-24,US,Oklahoma,Texas,1778,10,0,36.74777635,-101.4889765,40139.0,8897.562928489218,0.562429696287964,1768,1760,10,0,1750,1758,20455,18,0,0,18,2
2020-10-24,US,Oklahoma,Tillman,146,3,0,34.37288446,-98.92426619,40141.0,2013.793103448276,2.054794520547945,143,141,3,0,138,139,7348,5,0,0,5,2
2020-10-24,US,Oklahoma,Tulsa,21413,200,0,36.11939621,-95.94013939,40143.0,3286.4606355287074,0.9340120487554291,21213,21239,197,0,21042,21032,648360,174,3,0,171,207
2020-10-24,US,Oklahoma,Unassigned,8,0,0,0.0,0.0,90040.0,0.0,0.0,8,12,0,0,12,7,,-4,0,0,-4,5
2020-10-24,US,Oklahoma,Wagoner,1871,29,0,35.96024096,-95.51911308,40145.0,2301.664431841947,1.5499732763228218,1842,1850,28,0,1822,1834,80110,21,1,0,20,16
2020-10-24,US,Oklahoma,Washington,1293,41,0,36.71380786,-95.90514104,40147.0,2509.364022745357,3.17092034029389,1252,1275,41,0,1234,1266,51843,18,0,0,18,9
2020-10-24,US,Oklahoma,Washita,177,0,0,35.29071824,-98.99180434,40149.0,1621.4730670575302,0.0,177,175,0,0,175,171,11127,2,0,0,2,4
2020-10-24,US,Oklahoma,Woods,174,0,0,36.76705782,-98.86573064,40151.0,1978.8468099624704,0.0,174,169,0,0,169,167,8897,5,0,0,5,2
2020-10-24,US,Oklahoma,Woodward,1236,5,0,36.42316318,-99.26283045,40153.0,6115.481668398397,0.4045307443365696,1231,1221,5,0,1216,1219,20222,15,0,0,15,2
2020-10-24,US,Oregon,Baker,114,3,0,44.70915557,-117.6749883,41001.0,707.0205904242122,2.631578947368421,111,114,3,0,111,113,16006,0,0,0,0,1
2020-10-24,US,Oregon,Benton,436,6,0,44.49167306,-123.4316987,41003.0,468.55018107959984,1.3761467889908257,430,433,6,0,427,418,92101,3,0,0,3,15
2020-10-24,US,Oregon,Clackamas,3081,65,0,45.18787398,-122.2179634,41005.0,736.7517402501753,2.109704641350211,3016,3061,65,0,2996,2990,416075,20,0,0,20,71
2020-10-24,US,Oregon,Clatsop,241,0,0,45.99712889,-123.660711,41007.0,599.1447891805888,0.0,241,237,0,0,237,234,39764,4,0,0,4,3
2020-10-24,US,Oregon,Columbia,256,1,0,45.94464254,-123.08908980000001,41009.0,488.9788745845591,0.390625,255,253,1,0,252,249,52377,3,0,0,3,4
2020-10-24,US,Oregon,Coos,236,0,0,43.17406868,-124.0594514,41011.0,365.96523330283617,0.0,236,236,0,0,236,229,64389,0,0,0,0,7
2020-10-24,US,Oregon,Crook,103,2,0,44.14230227,-120.356297,41013.0,422.0619570562203,1.9417475728155342,101,100,2,0,98,87,23867,3,0,0,3,13
2020-10-24,US,Oregon,Curry,57,1,0,42.45911325,-124.15728200000001,41015.0,248.63685932388225,1.7543859649122806,56,57,1,0,56,56,22813,0,0,0,0,1
2020-10-24,US,Oregon,Deschutes,1110,13,0,43.91570171,-121.2289121,41017.0,561.4794731198025,1.1711711711711712,1097,1098,13,0,1085,1074,191996,12,0,0,12,24
2020-10-24,US,Oregon,Douglas,345,5,0,43.27941273,-123.16729099999999,41019.0,310.8668228509641,1.4492753623188406,340,342,5,0,337,331,110283,3,0,0,3,11
2020-10-24,US,Oregon,Gilliam,11,0,0,45.37160076,-120.20488689999999,41021.0,575.3138075313808,0.0,11,11,0,0,11,11,1894,0,0,0,0,0
2020-10-24,US,Oregon,Grant,11,0,0,44.49024544,-119.0068631,41023.0,152.79899986109183,0.0,11,11,0,0,11,10,7176,0,0,0,0,1
2020-10-24,US,Oregon,Harney,23,0,0,43.06422669,-118.96663059999999,41025.0,311.10509941836875,0.0,23,21,0,0,21,17,7329,2,0,0,2,4
2020-10-24,US,Oregon,Hood River,277,1,0,45.51872811,-121.65520359999998,41027.0,1184.6719698913694,0.36101083032490977,276,277,1,0,276,272,23428,0,0,0,0,5
2020-10-24,US,Oregon,Jackson,1650,6,0,42.43201126,-122.72893090000001,41029.0,746.7955681077557,0.3636363636363637,1644,1617,6,0,1611,1555,219564,33,0,0,33,62
2020-10-24,US,Oregon,Jefferson,603,9,0,44.62806839,-121.17832,41031.0,2445.453808094736,1.492537313432836,594,600,9,0,591,597,24192,3,0,0,3,3
2020-10-24,US,Oregon,Josephine,263,3,0,42.3665549,-123.5561938,41033.0,300.61609153359933,1.1406844106463878,260,262,3,0,259,258,87393,1,0,0,1,4
2020-10-24,US,Oregon,Klamath,408,3,0,42.68762984,-121.64964609999998,41035.0,597.9073243647233,0.7352941176470589,405,405,3,0,402,401,67653,3,0,0,3,4
2020-10-24,US,Oregon,Lake,34,0,0,42.79246693,-120.38501629999999,41037.0,432.0752319227348,0.0,34,34,0,0,34,34,7879,0,0,0,0,0
2020-10-24,US,Oregon,Lane,2326,27,0,43.93727035,-122.847753,41039.0,608.7937455995938,1.1607910576096303,2299,2294,27,0,2267,2212,379611,32,0,0,32,82
2020-10-24,US,Oregon,Lincoln,515,13,0,44.64252874,-123.86991200000001,41041.0,1030.783395380489,2.5242718446601944,502,511,13,0,498,509,49388,4,0,0,4,2
2020-10-24,US,Oregon,Linn,798,15,0,44.48899494,-122.53731540000001,41043.0,615.0336418777794,1.8796992481203008,783,788,15,0,773,764,127335,10,0,0,10,24
2020-10-24,US,Oregon,Malheur,1909,38,0,43.1937027,-117.62273950000001,41045.0,6244.4800628046205,1.990570979570456,1871,1897,37,0,1860,1866,30725,12,1,0,11,31
2020-10-24,US,Oregon,Marion,5733,108,0,44.90287942,-122.58151170000001,41047.0,1648.275822412871,1.8838304552590264,5625,5684,107,0,5577,5590,346868,49,1,0,48,94
2020-10-24,US,Oregon,Morrow,543,6,0,45.41846568,-119.584546,41049.0,4679.824183400845,1.1049723756906078,537,543,6,0,537,542,11372,0,0,0,0,1
2020-10-24,US,Oregon,Multnomah,9055,160,0,45.54747959,-122.4169351,41051.0,1113.9748171568117,1.7669795692987298,8895,8955,159,0,8796,8743,811880,100,1,0,99,212
2020-10-24,US,Oregon,Polk,648,15,0,44.90322804,-123.4128888,41053.0,752.7443805541037,2.314814814814815,633,643,15,0,628,639,85234,5,0,0,5,4
2020-10-24,US,Oregon,Sherman,18,0,0,45.41501554,-120.6827834,41055.0,1011.2359550561798,0.0,18,18,0,0,18,18,1708,0,0,0,0,0
2020-10-24,US,Oregon,Tillamook,70,0,0,45.46248721,-123.712066,41057.0,258.9140405385412,0.0,70,70,0,0,70,70,26787,0,0,0,0,0
2020-10-24,US,Oregon,Umatilla,3344,44,0,45.59073056,-118.7353826,41059.0,4289.929441949968,1.3157894736842106,3300,3328,44,0,3284,3295,77516,16,0,0,16,33
2020-10-24,US,Oregon,Union,465,2,0,45.30915495,-118.0068979,41061.0,1732.811626607043,0.4301075268817205,463,465,2,0,463,458,26461,0,0,0,0,7
2020-10-24,US,Oregon,Wallowa,42,2,0,45.57894064,-117.18353799999998,41063.0,582.6859045504995,4.761904761904762,40,40,2,0,38,40,7081,2,0,0,2,0
2020-10-24,US,Oregon,Wasco,347,15,0,45.16292781,-121.16709540000001,41065.0,1300.5022112285435,4.322766570605188,332,347,15,0,332,335,26505,0,0,0,0,12
2020-10-24,US,Oregon,Washington,5681,75,0,45.55972701,-123.0955257,41067.0,944.327717123898,1.3201901073754618,5606,5612,74,0,5538,5469,597695,69,1,0,68,143
2020-10-24,US,Oregon,Wheeler,1,0,0,44.72698162,-120.02814270000002,41069.0,75.07507507507508,0.0,1,1,0,0,1,1,1366,0,0,0,0,0
2020-10-24,US,Oregon,Yamhill,985,15,0,45.23330449,-123.3086963,41071.0,919.7012138188608,1.5228426395939083,970,983,15,0,968,956,107002,2,0,0,2,27
2020-10-24,US,Pennsylvania,Adams,1070,27,0,39.87140411,-77.21610347,42001.0,1038.7441874011008,2.5233644859813085,1043,1062,27,0,1035,1044,102811,8,0,0,8,18
2020-10-24,US,Pennsylvania,Allegheny,14818,405,0,40.46809875,-79.98167747,42003.0,1218.5404323030812,2.7331623700904304,14413,14687,403,0,14284,14529,1218452,131,2,0,129,158
2020-10-24,US,Pennsylvania,Armstrong,638,20,0,40.81665618,-79.46290811,42005.0,985.5564995751912,3.134796238244514,618,622,20,0,602,602,65263,16,0,0,16,20
2020-10-24,US,Pennsylvania,Beaver,2236,140,0,40.6825484,-80.34921611,42007.0,1364.0051485704178,6.2611806797853315,2096,2214,139,0,2075,2207,164742,22,1,0,21,7
2020-10-24,US,Pennsylvania,Bedford,378,6,0,40.00522157,-78.48998442,42009.0,789.3417975275643,1.5873015873015872,372,369,6,0,363,359,48176,9,0,0,9,10
2020-10-24,US,Pennsylvania,Berks,8815,419,0,40.41570541,-75.92457766,42011.0,2093.008899146176,4.753261486103233,8396,8698,418,0,8280,8632,420152,117,1,0,116,66
2020-10-24,US,Pennsylvania,Blair,1145,27,0,40.47961444,-78.34917412,42013.0,939.8419095617627,2.3580786026200875,1118,1116,27,0,1089,1100,122492,29,0,0,29,16
2020-10-24,US,Pennsylvania,Bradford,633,10,0,41.78869215,-76.51570822,42015.0,1049.3509938166203,1.5797788309636651,623,613,9,0,604,564,60833,20,1,0,19,49
2020-10-24,US,Pennsylvania,Bucks,9942,625,0,40.33682119,-75.10836643,42017.0,1582.4406704124026,6.286461476564073,9317,9848,624,0,9224,9764,628195,94,1,0,93,84
2020-10-24,US,Pennsylvania,Butler,1579,27,0,40.91152759,-79.91351055,42019.0,840.5508562546246,1.7099430018999366,1552,1555,27,0,1528,1504,187888,24,0,0,24,51
2020-10-24,US,Pennsylvania,Cambria,1014,7,0,40.49527404,-78.71377428,42021.0,778.8496989062307,0.6903353057199211,1007,986,7,0,979,936,131730,28,0,0,28,50
2020-10-24,US,Pennsylvania,Cameron,8,0,0,41.43625568,-78.20376845,42023.0,179.89655947830002,0.0,8,8,0,0,8,8,4492,0,0,0,0,0
2020-10-24,US,Pennsylvania,Carbon,567,29,0,40.91545395,-75.7068525,42025.0,883.4252594185284,5.114638447971782,538,561,29,0,532,558,64227,6,0,0,6,3
2020-10-24,US,Pennsylvania,Centre,3989,16,0,40.92058903,-77.82200624,42027.0,2456.507682359824,0.4011030333416897,3973,3908,16,0,3892,3849,162805,81,0,0,81,59
2020-10-24,US,Pennsylvania,Chester,7833,378,0,39.97291773,-75.74768357,42029.0,1492.0312616073859,4.825737265415548,7455,7833,378,0,7455,7775,522046,0,0,0,0,58
2020-10-24,US,Pennsylvania,Clarion,203,4,0,41.19265812,-79.42413524,42031.0,528.1232114053801,1.9704433497536944,199,200,3,0,197,197,38779,3,1,0,2,3
2020-10-24,US,Pennsylvania,Clearfield,434,7,0,41.00110782,-78.47592663,42033.0,547.599520534982,1.6129032258064515,427,427,7,0,420,423,79388,7,0,0,7,4
2020-10-24,US,Pennsylvania,Clinton,253,6,0,41.23255967,-77.63785995,42035.0,654.8974943052392,2.3715415019762847,247,249,6,0,243,247,38684,4,0,0,4,2
2020-10-24,US,Pennsylvania,Columbia,1044,41,0,41.04821986,-76.40565017,42037.0,1607.0439012376087,3.927203065134099,1003,1041,41,0,1000,1037,65456,3,0,0,3,4
2020-10-24,US,Pennsylvania,Crawford,449,3,0,41.68447709,-80.10760592,42039.0,530.5509931583737,0.6681514476614699,446,438,3,0,435,431,85063,11,0,0,11,7
2020-10-24,US,Pennsylvania,Cumberland,2357,79,0,40.1625372,-77.26130755,42041.0,930.2600939337727,3.3517182859567245,2278,2391,78,0,2313,2385,251423,-34,1,0,-35,6
2020-10-24,US,Pennsylvania,Dauphin,4606,192,0,40.41377078,-76.77993242,42043.0,1655.0544558191013,4.168475900998697,4414,4556,192,0,4364,4522,277097,50,0,0,50,34
2020-10-24,US,Pennsylvania,Delaware,13090,768,0,39.91680171,-75.40243663,42045.0,2309.6725699474373,5.86707410236822,12322,12972,767,0,12205,12865,564751,118,1,0,117,107
2020-10-24,US,Pennsylvania,Elk,151,2,0,41.42822061,-78.64524744,42047.0,504.847876964226,1.3245033112582782,149,143,2,0,141,134,30169,8,0,0,8,9
2020-10-24,US,Pennsylvania,Erie,1981,40,0,41.99253829,-80.03301954,42049.0,734.4435876141891,2.0191822311963654,1941,1962,40,0,1922,1926,272061,19,0,0,19,36
2020-10-24,US,Pennsylvania,Fayette,988,14,0,39.92041012,-79.64291195,42051.0,764.2681436329037,1.4170040485829958,974,974,14,0,960,957,130441,14,0,0,14,17
2020-10-24,US,Pennsylvania,Forest,18,1,0,41.51095103,-79.23229292,42053.0,248.3786394370084,5.5555555555555545,17,18,1,0,17,18,7279,0,0,0,0,0
2020-10-24,US,Pennsylvania,Franklin,2099,54,0,39.92956518,-77.72157791,42055.0,1353.95769769137,2.572653644592663,2045,2081,54,0,2027,2047,154835,18,0,0,18,34
2020-10-24,US,Pennsylvania,Fulton,67,3,0,39.92913544,-78.11163677,42057.0,461.11493461803167,4.477611940298506,64,64,3,0,61,65,14523,3,0,0,3,-1
2020-10-24,US,Pennsylvania,Greene,222,1,0,39.85746531,-80.22357106,42059.0,612.7011288052328,0.4504504504504505,221,220,1,0,219,219,36506,2,0,0,2,1
2020-10-24,US,Pennsylvania,Huntingdon,854,15,0,40.42162652,-77.97673273,42061.0,1891.7242601453129,1.7564402810304451,839,835,14,0,821,808,45168,19,1,0,18,27
2020-10-24,US,Pennsylvania,Indiana,1051,16,0,40.65241041,-79.08963285,42063.0,1250.104076219476,1.5223596574690768,1035,1028,16,0,1012,994,84501,23,0,0,23,34
2020-10-24,US,Pennsylvania,Jefferson,162,4,0,41.12913106,-78.9986361,42065.0,373.05699481865287,2.469135802469136,158,158,4,0,154,152,43641,4,0,0,4,6
2020-10-24,US,Pennsylvania,Juniata,225,8,0,40.53358749,-77.39975129999998,42067.0,908.6136574728424,3.555555555555556,217,223,8,0,215,221,24704,2,0,0,2,2
2020-10-24,US,Pennsylvania,Lackawanna,3570,218,0,41.43564672,-75.60379201,42069.0,1702.6431507959976,6.106442577030813,3352,3536,218,0,3318,3454,210793,34,0,0,34,82
2020-10-24,US,Pennsylvania,Lancaster,9279,474,0,40.03904563,-76.24770128,42071.0,1700.3100468368625,5.108309085030713,8805,9205,472,0,8733,9121,543557,74,2,0,72,84
2020-10-24,US,Pennsylvania,Lawrence,820,34,0,40.99206278,-80.33393706,42073.0,958.9297408550847,4.146341463414634,786,800,31,0,769,777,86184,20,3,0,17,23
2020-10-24,US,Pennsylvania,Lebanon,2808,66,0,40.36680311,-76.45651841,42075.0,1980.3516393616046,2.3504273504273505,2742,2760,66,0,2694,2725,141314,48,0,0,48,35
2020-10-24,US,Pennsylvania,Lehigh,6376,365,0,40.6154815,-75.59435245,42077.0,1726.4254653171522,5.7245922208281055,6011,6318,364,0,5954,6262,368100,58,1,0,57,56
2020-10-24,US,Pennsylvania,Luzerne,5052,196,0,41.17823008,-75.98447579,42079.0,1591.5971734343152,3.879651623119557,4856,5011,193,0,4818,4936,317646,41,3,0,38,75
2020-10-24,US,Pennsylvania,Lycoming,928,31,0,41.34310539,-77.06629984,42081.0,819.0716599440419,3.3405172413793105,897,914,31,0,883,910,113664,14,0,0,14,4
2020-10-24,US,Pennsylvania,McKean,118,2,0,41.80938602,-78.56478358,42083.0,290.46153846153845,1.6949152542372878,116,112,2,0,110,105,40968,6,0,0,6,7
2020-10-24,US,Pennsylvania,Mercer,984,25,0,41.30248872,-80.25816981,42085.0,899.2542769410733,2.540650406504065,959,969,25,0,944,948,110683,15,0,0,15,21
2020-10-24,US,Pennsylvania,Mifflin,360,3,0,40.61116939,-77.61070738,42087.0,780.2678919762453,0.8333333333333334,357,349,3,0,346,343,46222,11,0,0,11,6
2020-10-24,US,Pennsylvania,Monroe,1983,135,0,41.05934058,-75.34031025,42089.0,1164.6140564159489,6.80786686838124,1848,1968,135,0,1833,1961,169507,15,0,0,15,7
2020-10-24,US,Pennsylvania,Montgomery,13523,893,0,40.21053671,-75.36652296,42091.0,1627.4829555369683,6.6035642978629,12630,13428,893,0,12535,13346,828604,95,0,0,95,82
2020-10-24,US,Pennsylvania,Montour,292,9,0,41.03023987,-76.66345939,42093.0,1601.7553483269337,3.0821917808219177,283,291,9,0,282,281,18240,1,0,0,1,10
2020-10-24,US,Pennsylvania,Northampton,5232,311,0,40.75182733,-75.30471829,42095.0,1713.8084085362855,5.944189602446484,4921,5184,311,0,4873,5155,304807,48,0,0,48,29
2020-10-24,US,Pennsylvania,Northumberland,1484,110,0,40.84785433,-76.70798222,42097.0,1633.5876181984302,7.412398921832883,1374,1420,107,0,1313,1387,91083,64,3,0,61,33
2020-10-24,US,Pennsylvania,Perry,351,6,0,40.40206612,-77.26297447,42099.0,758.5580912863071,1.709401709401709,345,347,6,0,341,339,46139,4,0,0,4,8
2020-10-24,US,Pennsylvania,Philadelphia,41972,1853,0,40.00338507,-75.1379271,42101.0,2649.6404185689466,4.414847993900696,40119,41972,1853,0,40119,41561,1584138,0,0,0,0,411
2020-10-24,US,Pennsylvania,Pike,616,23,0,41.33155042,-75.03208106,42103.0,1103.7646257772044,3.7337662337662336,593,614,23,0,591,614,55933,2,0,0,2,0
2020-10-24,US,Pennsylvania,Potter,48,1,0,41.74471626,-77.89559864,42105.0,290.4514098995523,2.083333333333333,47,43,1,0,42,43,16622,5,0,0,5,0
2020-10-24,US,Pennsylvania,Schuylkill,1847,86,0,40.70497338,-76.2150785,42107.0,1306.602338726222,4.656199242014077,1761,1769,84,0,1685,1732,142067,78,2,0,76,37
2020-10-24,US,Pennsylvania,Snyder,470,17,0,40.77129231,-77.06840691,42109.0,1164.173189339146,3.6170212765957452,453,465,17,0,448,459,40540,5,0,0,5,6
2020-10-24,US,Pennsylvania,Somerset,372,3,0,39.97172723,-79.02699593,42111.0,506.487671382085,0.8064516129032258,369,355,3,0,352,344,73952,17,0,0,17,11
2020-10-24,US,Pennsylvania,Sullivan,18,1,0,41.44634738,-76.51246591,42113.0,296.7359050445104,5.5555555555555545,17,17,1,0,16,17,6071,1,0,0,1,0
2020-10-24,US,Pennsylvania,Susquehanna,393,28,0,41.82147784,-75.80071959,42115.0,974.5090259869072,7.124681933842238,365,390,28,0,362,382,40589,3,0,0,3,8
2020-10-24,US,Pennsylvania,Tioga,188,3,0,41.77255149,-77.25433032,42117.0,463.15685743145036,1.5957446808510638,185,173,3,0,170,163,40763,15,0,0,15,10
2020-10-24,US,Pennsylvania,Union,678,11,0,40.96188846,-77.05996014,42119.0,1509.2491596732184,1.6224188790560472,667,672,10,0,662,659,44785,6,1,0,5,13
2020-10-24,US,Pennsylvania,Venango,211,1,0,41.40323442,-79.75845449,42121.0,416.43640956816927,0.4739336492890995,210,203,1,0,202,192,51266,8,0,0,8,11
2020-10-24,US,Pennsylvania,Warren,62,1,0,41.81304978,-79.26969577,42123.0,158.19958663978974,1.6129032258064515,61,62,1,0,61,62,39498,0,0,0,0,0
2020-10-24,US,Pennsylvania,Washington,1847,34,0,40.19208869,-80.24582867,42125.0,892.8528267227417,1.8408229561451,1813,1818,34,0,1784,1754,207346,29,0,0,29,64
2020-10-24,US,Pennsylvania,Wayne,283,12,0,41.64938475,-75.29956506,42127.0,551.0017328323047,4.2402826855123665,271,283,12,0,271,282,51276,0,0,0,0,1
2020-10-24,US,Pennsylvania,Westmoreland,3972,81,0,40.31377979999999,-79.46615476,42129.0,1138.4383446212228,2.039274924471299,3891,3900,80,0,3820,3836,350611,72,1,0,71,64
2020-10-24,US,Pennsylvania,Wyoming,111,8,0,41.51955538,-76.01074915,42131.0,414.2718519071434,7.207207207207206,103,110,8,0,102,107,27046,1,0,0,1,3
2020-10-24,US,Pennsylvania,York,6203,201,0,39.9210089,-76.73040131,42133.0,1381.3360412240736,3.2403675640818967,6002,6137,199,0,5938,6065,448273,66,2,0,64,72
2020-10-24,US,Puerto Rico,Adjuntas,177,0,0,18.180117000000006,-66.754367,72001.0,908.4843196632962,0.0,177,177,0,0,177,174,,0,0,0,0,3
2020-10-24,US,Puerto Rico,Aguada,416,0,0,18.360255,-67.17513100000001,72003.0,991.4440286946781,0.0,416,415,0,0,415,404,,1,0,0,1,11
2020-10-24,US,Puerto Rico,Aguadilla,546,0,0,18.459681,-67.12081500000001,72005.0,895.8309406224878,0.0,546,540,0,0,540,532,,6,0,0,6,8
2020-10-24,US,Puerto Rico,Aguas Buenas,362,0,0,18.251619,-66.126806,72007.0,1263.1285111134373,0.0,362,359,0,0,359,350,,3,0,0,3,9
2020-10-24,US,Puerto Rico,Aibonito,204,0,0,18.131361,-66.264131,72009.0,787.6447876447877,0.0,204,203,0,0,203,195,,1,0,0,1,8
2020-10-24,US,Puerto Rico,Anasco,262,0,0,18.287985,-67.120611,72011.0,895.3897679505142,0.0,262,257,0,0,257,244,,5,0,0,5,13
2020-10-24,US,Puerto Rico,Arecibo,1050,0,0,18.406631,-66.675077,72013.0,1088.7598506843633,0.0,1050,1043,0,0,1043,1004,,7,0,0,7,39
2020-10-24,US,Puerto Rico,Arroyo,195,0,0,17.998457000000005,-66.056546,72015.0,996.1685823754789,0.0,195,195,0,0,195,193,,0,0,0,0,2
2020-10-24,US,Puerto Rico,Barceloneta,306,0,0,18.445532999999998,-66.56053100000001,72017.0,1233.0754352030947,0.0,306,306,0,0,306,301,,0,0,0,0,5
2020-10-24,US,Puerto Rico,Barranquitas,583,0,0,18.201592,-66.30963,72019.0,1922.9500626690408,0.0,583,581,0,0,581,546,,2,0,0,2,35
2020-10-24,US,Puerto Rico,Bayamon,4707,0,0,18.34946,-66.168435,72021.0,2261.7194257048955,0.0,4707,4693,0,0,4693,4549,,14,0,0,14,144
2020-10-24,US,Puerto Rico,Cabo Rojo,492,0,0,18.040993,-67.154391,72023.0,966.2784531688827,0.0,492,490,0,0,490,486,,2,0,0,2,4
2020-10-24,US,Puerto Rico,Caguas,2113,0,0,18.211615,-66.050779,72025.0,1478.7288390613955,0.0,2113,2095,0,0,2095,2013,,18,0,0,18,82
2020-10-24,US,Puerto Rico,Camuy,363,0,0,18.418578,-66.860206,72027.0,1032.4525725987655,0.0,363,359,0,0,359,346,,4,0,0,4,13
2020-10-24,US,Puerto Rico,Canovanas,884,0,0,18.328802,-65.887612,72029.0,1855.2719946272666,0.0,884,883,0,0,883,856,,1,0,0,1,27
2020-10-24,US,Puerto Rico,Carolina,3837,0,0,18.374986,-65.95683100000001,72031.0,2170.7154252610853,0.0,3837,3834,0,0,3834,3693,,3,0,0,3,141
2020-10-24,US,Puerto Rico,Catano,588,0,0,18.437269,-66.14330600000001,72033.0,2089.5522388059703,0.0,588,587,0,0,587,566,,1,0,0,1,21
2020-10-24,US,Puerto Rico,Cayey,481,0,0,18.102851,-66.14914,72035.0,999.6051455765912,0.0,481,484,0,0,484,461,,-3,0,0,-3,23
2020-10-24,US,Puerto Rico,Ceiba,183,0,0,18.251818,-65.666416,72037.0,1342.5280610373413,0.0,183,182,0,0,182,180,,1,0,0,1,2
2020-10-24,US,Puerto Rico,Ciales,323,0,0,18.28885,-66.516475,72039.0,1719.7316579703972,0.0,323,323,0,0,323,320,,0,0,0,0,3
2020-10-24,US,Puerto Rico,Cidra,407,0,0,18.173559,-66.161179,72041.0,936.0625574977,0.0,407,405,0,0,405,393,,2,0,0,2,12
2020-10-24,US,Puerto Rico,Coamo,383,0,0,18.097597,-66.36014,72043.0,945.3988941548184,0.0,383,383,0,0,383,363,,0,0,0,0,20
2020-10-24,US,Puerto Rico,Comerio,276,0,0,18.224687,-66.221622,72045.0,1328.3280392723073,0.0,276,275,0,0,275,273,,1,0,0,1,2
2020-10-24,US,Puerto Rico,Corozal,847,0,0,18.304264,-66.327738,72047.0,2280.4372408594045,0.0,847,843,0,0,843,815,,4,0,0,4,28
2020-10-24,US,Puerto Rico,Culebra,22,0,0,18.31586,-65.28813000000001,72049.0,1210.1210121012102,0.0,22,22,0,0,22,22,,0,0,0,0,0
2020-10-24,US,Puerto Rico,Dorado,1052,0,0,18.436115,-66.278669,72051.0,2756.4522468230048,0.0,1052,1041,0,0,1041,997,,11,0,0,11,44
2020-10-24,US,Puerto Rico,Fajardo,707,0,0,18.318373,-65.666866,72053.0,1911.1723839645333,0.0,707,707,0,0,707,689,,0,0,0,0,18
2020-10-24,US,Puerto Rico,Florida,372,0,0,18.373715,-66.560488,72054.0,2933.753943217665,0.0,372,372,0,0,372,370,,0,0,0,0,2
2020-10-24,US,Puerto Rico,Guanica,148,0,0,17.982429,-66.91964300000001,72055.0,761.8263241879857,0.0,148,145,0,0,145,143,,3,0,0,3,2
2020-10-24,US,Puerto Rico,Guayama,366,0,0,18.007516,-66.13390799999999,72057.0,806.8427318019487,0.0,366,367,0,0,367,360,,-1,0,0,-1,7
2020-10-24,US,Puerto Rico,Guayanilla,246,0,0,18.039942,-66.79186,72059.0,1139.8915712895605,0.0,246,240,0,0,240,233,,6,0,0,6,7
2020-10-24,US,Puerto Rico,Guaynabo,2190,0,0,18.345114000000002,-66.11452299999999,72061.0,2236.428250479964,0.0,2190,2183,0,0,2183,2105,,7,0,0,7,78
2020-10-24,US,Puerto Rico,Gurabo,731,0,0,18.266461,-65.97970500000001,72063.0,1611.2323392624921,0.0,731,728,0,0,728,689,,3,0,0,3,39
2020-10-24,US,Puerto Rico,Hatillo,407,0,0,18.410928,-66.79632600000001,72065.0,970.1332443448621,0.0,407,404,0,0,404,393,,3,0,0,3,11
2020-10-24,US,Puerto Rico,Hormigueros,206,0,0,18.134532,-67.113972,72067.0,1194.2028985507247,0.0,206,207,0,0,207,201,,-1,0,0,-1,6
2020-10-24,US,Puerto Rico,Humacao,755,0,0,18.145211,-65.810174,72069.0,1291.348818116512,0.0,755,748,0,0,748,722,,7,0,0,7,26
2020-10-24,US,Puerto Rico,Isabela,354,0,0,18.44981,-67.005093,72071.0,775.7883894720694,0.0,354,353,0,0,353,346,,1,0,0,1,7
2020-10-24,US,Puerto Rico,Jayuya,279,0,0,18.211446,-66.58878,72073.0,1676.4811921644034,0.0,279,277,0,0,277,276,,2,0,0,2,1
2020-10-24,US,Puerto Rico,Juana Diaz,431,0,0,18.050764,-66.49458100000001,72075.0,539.4445348386047,0.0,431,429,0,0,429,421,,2,0,0,2,8
2020-10-24,US,Puerto Rico,Juncos,565,0,0,18.223793,-65.909109,72077.0,1402.3330851327871,0.0,565,562,0,0,562,540,,3,0,0,3,22
2020-10-24,US,Puerto Rico,Lajas,204,0,0,18.011661,-67.040585,72079.0,792.1407214693434,0.0,204,204,0,0,204,200,,0,0,0,0,4
2020-10-24,US,Puerto Rico,Lares,417,0,0,18.269035000000002,-66.867236,72081.0,1355.9652716808114,0.0,417,416,0,0,416,404,,1,0,0,1,12
2020-10-24,US,Puerto Rico,Las Marias,121,0,0,18.23679,-66.98362,72083.0,1224.5724116992208,0.0,121,121,0,0,121,118,,0,0,0,0,3
2020-10-24,US,Puerto Rico,Las Piedras,666,0,0,18.187527,-65.86946800000001,72085.0,1722.0426632191336,0.0,666,652,0,0,652,620,,14,0,0,14,32
2020-10-24,US,Puerto Rico,Loiza,357,0,0,18.425688,-65.89943000000001,72087.0,1187.6247504990022,0.0,357,357,0,0,357,347,,0,0,0,0,10
2020-10-24,US,Puerto Rico,Luquillo,314,0,0,18.342114000000002,-65.72509699999999,72089.0,1564.6800877018134,0.0,314,313,0,0,313,310,,1,0,0,1,3
2020-10-24,US,Puerto Rico,Manati,705,0,0,18.420473,-66.490461,72091.0,1598.168340398522,0.0,705,704,0,0,704,695,,1,0,0,1,9
2020-10-24,US,Puerto Rico,Maricao,92,0,0,18.171795,-66.942126,72093.0,1465.9018483110262,0.0,92,91,0,0,91,91,,1,0,0,1,0
2020-10-24,US,Puerto Rico,Maunabo,172,0,0,18.017889,-65.922235,72095.0,1406.952965235174,0.0,172,173,0,0,173,166,,-1,0,0,-1,7
2020-10-24,US,Puerto Rico,Mayaguez,983,0,0,18.2013,-67.1452,72097.0,1103.5024696901662,0.0,983,980,0,0,980,970,,3,0,0,3,10
2020-10-24,US,Puerto Rico,Moca,428,0,0,18.377805,-67.080952,72099.0,1067.0921738263232,0.0,428,425,0,0,425,416,,3,0,0,3,9
2020-10-24,US,Puerto Rico,Morovis,597,0,0,18.316963,-66.420383,72101.0,1830.7267709291625,0.0,597,596,0,0,596,587,,1,0,0,1,9
2020-10-24,US,Puerto Rico,Naguabo,364,0,0,18.230636999999998,-65.753897,72103.0,1362.2754491017965,0.0,364,361,0,0,361,350,,3,0,0,3,11
2020-10-24,US,Puerto Rico,Naranjito,797,0,0,18.288019,-66.252703,72105.0,2621.5380567067955,0.0,797,800,0,0,800,777,,-3,0,0,-3,23
2020-10-24,US,Puerto Rico,Orocovis,414,0,0,18.215046,-66.433604,72107.0,1767.4934893053837,0.0,414,411,0,0,411,402,,3,0,0,3,9
2020-10-24,US,Puerto Rico,Out of PR,804,0,0,0.0,0.0,72888.0,0.0,0.0,804,804,0,0,804,804,,0,0,0,0,0
2020-10-24,US,Puerto Rico,Patillas,195,0,0,18.03174,-66.012242,72109.0,1011.5681900710692,0.0,195,195,0,0,195,193,,0,0,0,0,2
2020-10-24,US,Puerto Rico,Penuelas,153,0,0,18.059645,-66.721572,72111.0,630.0963676797627,0.0,153,149,0,0,149,147,,4,0,0,4,2
2020-10-24,US,Puerto Rico,Ponce,1195,0,0,18.059498,-66.613748,72113.0,718.4642301009458,0.0,1195,1191,0,0,1191,1171,,4,0,0,4,20
2020-10-24,US,Puerto Rico,Quebradillas,255,0,0,18.439692,-66.926113,72115.0,983.834252864694,0.0,255,254,0,0,254,242,,1,0,0,1,12
2020-10-24,US,Puerto Rico,Rincon,234,0,0,18.335442999999998,-67.23174,72117.0,1539.473684210526,0.0,234,233,0,0,233,232,,1,0,0,1,1
2020-10-24,US,Puerto Rico,Rio Grande,804,0,0,18.346329,-65.813742,72119.0,1480.5539186800236,0.0,804,802,0,0,802,780,,2,0,0,2,22
2020-10-24,US,Puerto Rico,Sabana Grande,232,0,0,18.08282,-66.943758,72121.0,918.2663764100536,0.0,232,232,0,0,232,230,,0,0,0,0,2
2020-10-24,US,Puerto Rico,Salinas,533,0,0,18.010386999999994,-66.256592,72123.0,1715.0395778364114,0.0,533,526,0,0,526,519,,7,0,0,7,7
2020-10-24,US,Puerto Rico,San German,303,0,0,18.111484,-67.03858100000001,72125.0,852.8724631970051,0.0,303,302,0,0,302,297,,1,0,0,1,5
2020-10-24,US,Puerto Rico,San Juan,9880,0,0,18.386933,-66.061128,72127.0,2499.20318926658,0.0,9880,9819,0,0,9819,9517,,61,0,0,61,302
2020-10-24,US,Puerto Rico,San Lorenzo,697,0,0,18.147987,-65.976392,72129.0,1697.5985191680065,0.0,697,696,0,0,696,667,,1,0,0,1,29
2020-10-24,US,Puerto Rico,San Sebastian,687,0,0,18.328646,-66.971214,72131.0,1619.1374027810516,0.0,687,683,0,0,683,620,,4,0,0,4,63
2020-10-24,US,Puerto Rico,Santa Isabel,221,0,0,17.994525,-66.388913,72133.0,949.5574460771677,0.0,221,221,0,0,221,216,,0,0,0,0,5
2020-10-24,US,Puerto Rico,Toa Alta,1652,0,0,18.362406,-66.246616,72135.0,2230.443118299894,0.0,1652,1646,0,0,1646,1595,,6,0,0,6,51
2020-10-24,US,Puerto Rico,Toa Baja,1873,0,0,18.431445999999998,-66.213553,72137.0,2090.1918334095903,0.0,1873,1859,0,0,1859,1799,,14,0,0,14,60
2020-10-24,US,Puerto Rico,Trujillo Alto,1452,0,0,18.336159,-65.99888399999999,72139.0,1940.0871168595165,0.0,1452,1445,0,0,1445,1373,,7,0,0,7,72
2020-10-24,US,Puerto Rico,Unassigned,1029,794,0,0.0,0.0,72999.0,0.0,77.16229348882409,235,1030,791,0,239,917,,-1,3,0,-4,113
2020-10-24,US,Puerto Rico,Utuado,226,0,0,18.271214,-66.702984,72141.0,681.7701891459773,0.0,226,224,0,0,224,198,,2,0,0,2,26
2020-10-24,US,Puerto Rico,Vega Alta,942,0,0,18.409346,-66.33725,72143.0,2357.8884133063,0.0,942,937,0,0,937,917,,5,0,0,5,20
2020-10-24,US,Puerto Rico,Vega Baja,1162,0,0,18.428262,-66.397924,72145.0,1947.638362776977,0.0,1162,1156,0,0,1156,1136,,6,0,0,6,20
2020-10-24,US,Puerto Rico,Vieques,104,0,0,18.123276,-65.44097099999999,72147.0,1118.159337705623,0.0,104,104,0,0,104,102,,0,0,0,0,2
2020-10-24,US,Puerto Rico,Villalba,205,0,0,18.127951,-66.473115,72149.0,786.2539792122119,0.0,205,200,0,0,200,191,,5,0,0,5,9
2020-10-24,US,Puerto Rico,Yabucoa,465,0,0,18.070399,-65.896289,72151.0,1225.5870957539335,0.0,465,462,0,0,462,449,,3,0,0,3,13
2020-10-24,US,Puerto Rico,Yauco,530,0,0,18.080374,-66.858814,72153.0,1260.6141331493948,0.0,530,513,0,0,513,508,,17,0,0,17,5
2020-10-24,US,Rhode Island,Bristol,498,18,0,41.71018079,-71.28652315,44001.0,1027.2489118999981,3.614457831325301,480,498,18,0,480,498,48649,0,0,0,0,0
2020-10-24,US,Rhode Island,Kent,2287,117,0,41.67106337,-71.57641596,44003.0,1392.033696102062,5.115872321818976,2170,2287,117,0,2170,2287,163861,0,0,0,0,0
2020-10-24,US,Rhode Island,Newport,631,10,0,41.5642026,-71.26569799,44005.0,768.7434516702809,1.584786053882726,621,631,10,0,621,631,82542,0,0,0,0,0
2020-10-24,US,Rhode Island,Providence,21543,930,0,41.87064746,-71.57753536,44007.0,3371.72558539185,4.3169475003481415,20613,21543,930,0,20613,21543,636084,0,0,0,0,0
2020-10-24,US,Rhode Island,Unassigned,3924,25,0,0.0,0.0,90044.0,0.0,0.6371049949031601,3899,3924,25,0,3899,3400,,0,0,0,0,524
2020-10-24,US,Rhode Island,Washington,1235,77,0,41.45961631,-71.61435303,44009.0,983.4603470380723,6.234817813765183,1158,1235,77,0,1158,1235,126179,0,0,0,0,0
2020-10-24,US,South Carolina,Abbeville,739,15,0,34.22333378,-82.46170658,45001.0,3013.0060749378235,2.029769959404601,724,733,15,0,718,723,24541,6,0,0,6,10
2020-10-24,US,South Carolina,Aiken,4907,86,0,33.54338026,-81.63645384,45003.0,2871.7402500117046,1.7525983289178724,4821,4890,86,0,4804,4864,169401,17,0,0,17,26
2020-10-24,US,South Carolina,Allendale,425,6,0,32.98837386,-81.35321066,45005.0,4891.804788213628,1.4117647058823528,419,425,6,0,419,427,8903,0,0,0,0,-2
2020-10-24,US,South Carolina,Anderson,5486,201,0,34.51828081,-82.63959517,45007.0,2708.3600746452867,3.6638716733503465,5285,5438,201,0,5237,5382,200482,48,0,0,48,56
2020-10-24,US,South Carolina,Bamberg,686,35,0,33.21927586,-81.05659969,45009.0,4877.008389023176,5.1020408163265305,651,685,35,0,650,682,14275,1,0,0,1,3
2020-10-24,US,South Carolina,Barnwell,860,25,0,33.26679302,-81.43584352,45011.0,4121.537429310841,2.9069767441860463,835,859,25,0,834,858,21112,1,0,0,1,1
2020-10-24,US,South Carolina,Beaufort,6072,91,0,32.39226291,-80.72619758,45013.0,3160.491770853937,1.4986824769433464,5981,6059,91,0,5968,6042,188715,13,0,0,13,17
2020-10-24,US,South Carolina,Berkeley,6023,93,0,33.20222596,-79.94654523,45015.0,2642.7446282913643,1.5440810227461397,5930,5996,93,0,5903,5946,221091,27,0,0,27,50
2020-10-24,US,South Carolina,Calhoun,509,17,0,33.66926881,-80.77722168,45017.0,3497.5606404177834,3.3398821218074657,492,506,17,0,489,504,14520,3,0,0,3,2
2020-10-24,US,South Carolina,Charleston,16982,275,0,32.82487866,-79.96512315,45019.0,4127.795899913954,1.6193616770698387,16707,16912,274,0,16638,16859,405905,70,1,0,69,53
2020-10-24,US,South Carolina,Cherokee,1438,52,0,35.05122251,-81.61828622,45021.0,2509.5986038394417,3.6161335187760777,1386,1433,52,0,1381,1418,57078,5,0,0,5,15
2020-10-24,US,South Carolina,Chester,1203,27,0,34.69249168,-81.1583216,45023.0,3730.926684034239,2.244389027431421,1176,1198,27,0,1171,1190,32251,5,0,0,5,8
2020-10-24,US,South Carolina,Chesterfield,1466,43,0,34.64137396,-80.15640140000002,45025.0,3211.391018619934,2.9331514324693044,1423,1455,42,0,1413,1450,45754,11,1,0,10,5
2020-10-24,US,South Carolina,Clarendon,1155,68,0,33.66610974,-80.21647898,45027.0,3422.729293228627,5.887445887445887,1087,1154,68,0,1086,1153,33700,1,0,0,1,1
2020-10-24,US,South Carolina,Colleton,1231,48,0,32.87582989,-80.67641292,45029.0,3267.245268997001,3.8992688870836716,1183,1224,48,0,1176,1215,37660,7,0,0,7,9
2020-10-24,US,South Carolina,Darlington,2430,67,0,34.33358335,-79.96027485,45031.0,3647.662793839503,2.757201646090535,2363,2417,65,0,2352,2402,66802,13,2,0,11,15
2020-10-24,US,South Carolina,Dillon,1281,48,0,34.39007791,-79.37741872,45033.0,4202.893795728206,3.747072599531616,1233,1276,48,0,1228,1273,30599,5,0,0,5,3
2020-10-24,US,South Carolina,Dorchester,4729,100,0,33.0794369,-80.40502652,45035.0,2904.6305793905744,2.114611968703743,4629,4705,98,0,4607,4685,160647,24,2,0,22,20
2020-10-24,US,South Carolina,Edgefield,902,21,0,33.77221995,-81.96231108,45037.0,3308.8774761555387,2.328159645232816,881,897,21,0,876,894,27052,5,0,0,5,3
2020-10-24,US,South Carolina,Fairfield,857,38,0,34.39287073,-81.1195624,45039.0,3834.966662191793,4.434072345390899,819,856,38,0,818,848,22402,1,0,0,1,8
2020-10-24,US,South Carolina,Florence,5487,200,0,34.02361754,-79.70189312,45041.0,3967.662860737709,3.6449790413705117,5287,5474,200,0,5274,5461,138159,13,0,0,13,13
2020-10-24,US,South Carolina,Georgetown,2287,53,0,33.43443342,-79.33202141,45043.0,3648.6917677089978,2.3174464363795364,2234,2272,53,0,2219,2257,62249,15,0,0,15,15
2020-10-24,US,South Carolina,Greenville,17009,340,0,34.89502264,-82.37295012,45045.0,3248.8319943767638,1.9989417367276148,16669,16938,337,0,16601,16799,514213,71,3,0,68,139
2020-10-24,US,South Carolina,Greenwood,2497,75,0,34.15272415,-82.12715789,45047.0,3526.288288542741,3.003604325190228,2422,2489,74,0,2415,2479,70741,8,1,0,7,10
2020-10-24,US,South Carolina,Hampton,756,31,0,32.77419582,-81.13845571,45049.0,3932.9934450109254,4.1005291005291005,725,755,31,0,724,749,19351,1,0,0,1,6
2020-10-24,US,South Carolina,Horry,12217,223,0,33.9212828,-78.99555293,45051.0,3450.3404588215694,1.8253253662928703,11994,12177,223,0,11954,12136,344147,40,0,0,40,41
2020-10-24,US,South Carolina,Jasper,906,23,0,32.43171982,-81.02487495,45053.0,3012.66917168224,2.5386313465783665,883,898,23,0,875,895,28971,8,0,0,8,3
2020-10-24,US,South Carolina,Kershaw,2423,44,0,34.33988254,-80.58763164,45055.0,3640.816817177803,1.8159306644655384,2379,2413,44,0,2369,2385,65592,10,0,0,10,28
2020-10-24,US,South Carolina,Lancaster,2506,61,0,34.68270843,-80.70513032,45057.0,2556.829775945803,2.4341580207501994,2445,2486,61,0,2425,2472,95380,20,0,0,20,14
2020-10-24,US,South Carolina,Laurens,1875,60,0,34.48244419,-82.00490796,45059.0,2778.0658734979925,3.2,1815,1860,60,0,1800,1854,66994,15,0,0,15,6
2020-10-24,US,South Carolina,Lee,778,36,0,34.16393091,-80.25690731,45061.0,4623.246969336818,4.627249357326479,742,778,36,0,742,768,17142,0,0,0,0,10
2020-10-24,US,South Carolina,Lexington,8722,203,0,33.89665987,-81.27146426,45063.0,2919.497907949791,2.3274478330658104,8519,8688,200,0,8488,8610,295032,34,3,0,31,78
2020-10-24,US,South Carolina,Marion,1104,40,0,34.07859748,-79.36400756,45067.0,3601.135140424699,3.6231884057971016,1064,1095,40,0,1055,1088,31039,9,0,0,9,7
2020-10-24,US,South Carolina,Marlboro,1108,12,0,34.59905577,-79.67561152,45069.0,4242.285014166475,1.083032490974729,1096,1101,12,0,1089,1093,26398,7,0,0,7,8
2020-10-24,US,South Carolina,McCormick,267,7,0,33.90161443,-82.30794338,45065.0,2821.5153756736768,2.621722846441948,260,265,7,0,258,265,9410,2,0,0,2,0
2020-10-24,US,South Carolina,Newberry,1591,44,0,34.28629098,-81.59935761,45071.0,4138.917793964621,2.7655562539283465,1547,1588,43,0,1545,1565,38520,3,1,0,2,23
2020-10-24,US,South Carolina,Oconee,2401,33,0,34.75225169,-83.06742317,45073.0,3018.379302541925,1.3744273219491878,2368,2381,33,0,2348,2364,78374,20,0,0,20,17
2020-10-24,US,South Carolina,Orangeburg,3314,130,0,33.4391073,-80.79886287,45075.0,3845.6628952712495,3.922751961375981,3184,3303,130,0,3173,3296,86934,11,0,0,11,7
2020-10-24,US,South Carolina,Pickens,4214,59,0,34.88807695,-82.72791551,45077.0,3321.1437218246588,1.400094921689606,4155,4146,59,0,4087,4091,124937,68,0,0,68,55
2020-10-24,US,South Carolina,Richland,16990,266,0,34.01791263,-80.90267209,45079.0,4086.502036035299,1.5656268393172454,16724,16924,265,0,16659,16851,414576,66,1,0,65,73
2020-10-24,US,South Carolina,Saluda,714,22,0,34.00795823,-81.72713237,45081.0,3487.520148488253,3.0812324929971986,692,714,22,0,692,712,20544,0,0,0,0,2
2020-10-24,US,South Carolina,Spartanburg,8648,220,0,34.92960077,-81.99225984,45083.0,2704.316962959489,2.543940795559667,8428,8602,219,0,8383,8487,313888,46,1,0,45,115
2020-10-24,US,South Carolina,Sumter,3494,88,0,33.91826534,-80.37942316,45085.0,3273.957327986057,2.518603319977104,3406,3487,88,0,3399,3450,106512,7,0,0,7,37
2020-10-24,US,South Carolina,Union,724,16,0,34.68835752,-81.61730349,45087.0,2650.4612681212475,2.209944751381216,708,721,16,0,705,713,27410,3,0,0,3,8
2020-10-24,US,South Carolina,Williamsburg,1424,49,0,33.62190129,-79.72767442,45089.0,4689.146469968388,3.441011235955056,1375,1417,49,0,1368,1415,30606,7,0,0,7,2
2020-10-24,US,South Carolina,York,6504,102,0,34.97281497,-81.18085944,45091.0,2314.7637367917177,1.5682656826568266,6402,6459,102,0,6357,6415,274118,45,0,0,45,44
2020-10-24,US,South Dakota,Aurora,164,0,0,43.71757685,-98.56050467,46003.0,5961.468556888404,0.0,164,164,0,0,164,159,2801,0,0,0,0,5
2020-10-24,US,South Dakota,Beadle,1181,13,0,44.41464384,-98.27858469,46005.0,6400.043353384272,1.1007620660457242,1168,1150,13,0,1137,1121,18883,31,0,0,31,29
2020-10-24,US,South Dakota,Bennett,154,5,0,43.19486375,-101.6665572,46007.0,4576.5230312035665,3.2467532467532467,149,151,5,0,146,143,3468,3,0,0,3,8
2020-10-24,US,South Dakota,Bon Homme,493,1,0,42.98914167,-97.88592746,46009.0,7143.892189537748,0.2028397565922921,492,485,1,0,484,354,6980,8,0,0,8,131
2020-10-24,US,South Dakota,Brookings,1344,4,0,44.36974375,-96.79079945,46011.0,3831.570544801437,0.2976190476190476,1340,1307,4,0,1303,1258,35232,37,0,0,37,49
2020-10-24,US,South Dakota,Brown,1909,4,0,45.58994323,-98.35165355,46013.0,4915.162594299544,0.20953378732320588,1905,1888,4,0,1884,1854,39316,21,0,0,21,34
2020-10-24,US,South Dakota,Brule,254,2,0,43.71756379,-99.08118954,46015.0,4795.167075703228,0.7874015748031497,252,251,2,0,249,243,5229,3,0,0,3,8
2020-10-24,US,South Dakota,Buffalo,222,4,0,44.07657829,-99.20814467,46017.0,11314.984709480124,1.8018018018018016,218,220,4,0,216,218,2036,2,0,0,2,2
2020-10-24,US,South Dakota,Butte,293,3,0,44.90608745,-103.5079318,46019.0,2809.4735832773995,1.023890784982935,290,274,3,0,271,261,10222,19,0,0,19,13
2020-10-24,US,South Dakota,Campbell,73,0,0,45.77074915,-100.0510181,46021.0,5305.232558139535,0.0,73,72,0,0,72,71,1377,1,0,0,1,1
2020-10-24,US,South Dakota,Charles Mix,360,0,0,43.20660134,-98.58856175,46023.0,3874.3004735256136,0.0,360,350,0,0,350,332,9338,10,0,0,10,18
2020-10-24,US,South Dakota,Clark,97,0,0,44.85834507,-97.72925109,46025.0,2596.3597430406853,0.0,97,95,0,0,95,88,3739,2,0,0,2,7
2020-10-24,US,South Dakota,Clay,757,8,0,42.91296147,-96.97656917,46027.0,5380.2416488983645,1.056803170409511,749,751,8,0,743,735,14041,6,0,0,6,16
2020-10-24,US,South Dakota,Codington,1387,10,0,44.97788119,-97.18827677,46029.0,4951.979720804027,0.7209805335255948,1377,1362,10,0,1352,1325,28015,25,0,0,25,37
2020-10-24,US,South Dakota,Corson,156,1,0,45.70889983,-101.1970473,46031.0,3817.91483113069,0.6410256410256411,155,148,1,0,147,143,4165,8,0,0,8,5
2020-10-24,US,South Dakota,Custer,298,3,0,43.67741105,-103.45345209999999,46033.0,3321.444493981275,1.0067114093959733,295,292,3,0,289,288,8726,6,0,0,6,4
2020-10-24,US,South Dakota,Davison,824,5,0,43.67490933,-98.14458906,46035.0,4166.8773704171945,0.6067961165048543,819,812,5,0,807,770,19790,12,0,0,12,42
2020-10-24,US,South Dakota,Day,148,2,0,45.367281,-97.60737498,46037.0,2728.613569321533,1.351351351351351,146,147,2,0,145,145,5505,1,0,0,1,2
2020-10-24,US,South Dakota,Deuel,172,0,0,44.75994309,-96.66943645,46039.0,3953.1142266145703,0.0,172,165,0,0,165,159,4337,7,0,0,7,6
2020-10-24,US,South Dakota,Dewey,291,0,0,45.15639647,-100.8709139,46041.0,4938.900203665989,0.0,291,291,0,0,291,277,5904,0,0,0,0,14
2020-10-24,US,South Dakota,Douglas,157,4,0,43.38520741,-98.36978007,46043.0,5374.871619308456,2.5477707006369426,153,155,4,0,151,154,2935,2,0,0,2,1
2020-10-24,US,South Dakota,Edmunds,133,1,0,45.41846445,-99.21545423,46045.0,3473.4917733089587,0.7518796992481203,132,132,1,0,131,127,3875,1,0,0,1,5
2020-10-24,US,South Dakota,Fall River,185,6,0,43.23929297,-103.5275691,46047.0,2755.846864293162,3.2432432432432434,179,184,6,0,178,178,6758,1,0,0,1,6
2020-10-24,US,South Dakota,Faulk,195,1,0,45.07082625,-99.14535601,46049.0,8481.948673336234,0.5128205128205128,194,192,1,0,191,189,2330,3,0,0,3,3
2020-10-24,US,South Dakota,Grant,284,2,0,45.1723937,-96.77002276,46051.0,4027.2263187748163,0.7042253521126759,282,280,2,0,278,278,7147,4,0,0,4,2
2020-10-24,US,South Dakota,Gregory,204,10,0,43.19419064,-99.18883902,46053.0,4874.551971326166,4.901960784313727,194,200,10,0,190,192,4212,4,0,0,4,8
2020-10-24,US,South Dakota,Haakon,79,1,0,44.29299053,-101.539099,46055.0,4160.084254870984,1.2658227848101269,78,75,1,0,74,73,1918,4,0,0,4,2
2020-10-24,US,South Dakota,Hamlin,179,0,0,44.67385954,-97.18829593,46057.0,2903.9584685269306,0.0,179,176,0,0,176,173,6111,3,0,0,3,3
2020-10-24,US,South Dakota,Hand,108,1,0,44.54708407,-99.00386459,46059.0,3384.518959573801,0.925925925925926,107,103,1,0,102,95,3262,5,0,0,5,8
2020-10-24,US,South Dakota,Hanson,80,1,0,43.6746384,-97.78715148,46061.0,2316.8259484506225,1.25,79,76,1,0,75,72,3376,4,0,0,4,4
2020-10-24,US,South Dakota,Harding,44,0,0,45.58015551,-103.4958629,46063.0,3389.8305084745757,0.0,44,42,0,0,42,39,1249,2,0,0,2,3
2020-10-24,US,South Dakota,Hughes,811,5,0,44.39091534,-99.99661148,46065.0,4627.41070409677,0.6165228113440198,806,793,5,0,788,766,17650,18,0,0,18,27
2020-10-24,US,South Dakota,Hutchinson,210,2,0,43.33449012,-97.75536441,46067.0,2880.263338362365,0.9523809523809524,208,207,2,0,205,200,7380,3,0,0,3,7
2020-10-24,US,South Dakota,Hyde,37,0,0,44.54747703,-99.48572582,46069.0,2843.966179861645,0.0,37,37,0,0,37,37,1282,0,0,0,0,0
2020-10-24,US,South Dakota,Jackson,105,1,0,43.69318385,-101.6255063,46071.0,3139.952153110048,0.9523809523809524,104,105,1,0,104,100,3307,0,0,0,0,5
2020-10-24,US,South Dakota,Jerauld,155,11,0,44.06637798,-98.62965972,46073.0,7699.9503229011425,7.096774193548387,144,154,7,0,147,154,2043,1,4,0,-3,0
2020-10-24,US,South Dakota,Jones,31,0,0,43.96278565,-100.6940008,46075.0,3433.0011074197123,0.0,31,29,0,0,29,27,928,2,0,0,2,2
2020-10-24,US,South Dakota,Kingsbury,162,2,0,44.36956169,-97.4913945,46077.0,3280.0161976108525,1.2345679012345678,160,158,2,0,156,151,4919,4,0,0,4,7
2020-10-24,US,South Dakota,Lake,339,8,0,44.02193107,-97.12926365,46079.0,2649.058373056185,2.359882005899705,331,335,8,0,327,320,13057,4,0,0,4,15
2020-10-24,US,South Dakota,Lawrence,814,6,0,44.35919441,-103.79294279999999,46081.0,3149.667234174277,0.7371007371007371,808,772,6,0,766,746,25741,42,0,0,42,26
2020-10-24,US,South Dakota,Lincoln,2526,18,0,43.27841182,-96.72039050000001,46083.0,4132.312524538673,0.7125890736342043,2508,2437,17,0,2420,2383,58807,89,1,0,88,54
2020-10-24,US,South Dakota,Lyman,234,5,0,43.89522709,-99.85201878,46085.0,6188.838931499603,2.1367521367521367,229,231,5,0,226,220,3821,3,0,0,3,11
2020-10-24,US,South Dakota,Marshall,62,1,0,45.75870838,-97.59855639,46091.0,1256.3323201621076,1.6129032258064515,61,60,1,0,59,60,5112,2,0,0,2,0
2020-10-24,US,South Dakota,McCook,213,1,0,43.6742571,-97.36863144,46087.0,3813.104189044039,0.4694835680751174,212,205,1,0,204,192,5546,8,0,0,8,13
2020-10-24,US,South Dakota,McPherson,63,0,0,45.76626028,-99.22118798,46089.0,2648.171500630517,0.0,63,62,0,0,62,61,2407,1,0,0,1,1
2020-10-24,US,South Dakota,Meade,885,10,0,44.56676791,-102.71627409999999,46093.0,3123.6764083015673,1.1299435028248588,875,854,9,0,845,847,28294,31,1,0,30,7
2020-10-24,US,South Dakota,Mellette,65,1,0,43.58078848,-100.7563186,46095.0,3153.808830664726,1.5384615384615383,64,60,1,0,59,58,2042,5,0,0,5,2
2020-10-24,US,South Dakota,Miner,136,1,0,44.02197882,-97.60992207,46097.0,6137.184115523465,0.7352941176470589,135,131,1,0,130,121,2213,5,0,0,5,10
2020-10-24,US,South Dakota,Minnehaha,10204,105,0,43.67441641,-96.7910885,46099.0,5283.3783797777705,1.0290082320658565,10099,9969,102,0,9867,9701,192876,235,3,0,232,268
2020-10-24,US,South Dakota,Moody,194,2,0,44.02266214,-96.67081159,46101.0,2950.121654501217,1.0309278350515465,192,189,2,0,187,183,6579,5,0,0,5,6
2020-10-24,US,South Dakota,Oglala Lakota,797,5,0,43.33749164,-102.55554980000001,46102.0,5621.7817591874145,0.6273525721455459,792,770,5,0,765,710,14309,27,0,0,27,60
2020-10-24,US,South Dakota,Pennington,4042,49,0,44.0025835,-102.8240777,46103.0,3552.625796528236,1.2122711528946066,3993,3909,49,0,3860,3835,111729,133,0,0,133,74
2020-10-24,US,South Dakota,Perkins,73,0,0,45.49049506,-102.47555859999999,46105.0,2547.993019197208,0.0,73,71,0,0,71,69,2922,2,0,0,2,2
2020-10-24,US,South Dakota,Potter,98,0,0,45.06583079,-99.95498503,46107.0,4551.788202508128,0.0,98,94,0,0,94,88,2207,4,0,0,4,6
2020-10-24,US,South Dakota,Roberts,322,4,0,45.62975048,-96.94672673,46109.0,3097.9411198768516,1.2422360248447204,318,315,4,0,311,301,10447,7,0,0,7,14
2020-10-24,US,South Dakota,Sanborn,84,0,0,44.02351092,-98.09098159999999,46111.0,3583.617747440273,0.0,84,81,0,0,81,75,2429,3,0,0,3,6
2020-10-24,US,South Dakota,Spink,244,1,0,44.93837606,-98.34626602,46115.0,3826.8506900878288,0.4098360655737705,243,238,1,0,237,232,6495,6,0,0,6,6
2020-10-24,US,South Dakota,Stanley,87,0,0,44.41381872,-100.7349153,46117.0,2808.263395739187,0.0,87,82,0,0,82,78,3022,5,0,0,5,4
2020-10-24,US,South Dakota,Sully,40,0,0,44.71571812,-100.1278092,46119.0,2875.629043853343,0.0,40,39,0,0,39,39,1392,1,0,0,1,0
2020-10-24,US,South Dakota,Todd,400,6,0,43.19338568,-100.71955030000001,46121.0,3930.4313648422913,1.5,394,395,5,0,390,381,10283,5,1,0,4,14
2020-10-24,US,South Dakota,Tripp,252,2,0,43.34459388,-99.8854891,46123.0,4631.501562212829,0.7936507936507936,250,251,2,0,249,249,5478,1,0,0,1,2
2020-10-24,US,South Dakota,Turner,436,9,0,43.3109081,-97.14865776,46125.0,5200.381679389313,2.0642201834862384,427,424,9,0,415,413,8424,12,0,0,12,11
2020-10-24,US,South Dakota,Union,708,11,0,42.83112163,-96.6557828,46127.0,4443.886517700226,1.5536723163841808,697,703,11,0,692,686,15619,5,0,0,5,17
2020-10-24,US,South Dakota,Walworth,262,2,0,45.43019636,-100.03075140000001,46129.0,4820.607175712971,0.7633587786259542,260,260,2,0,258,257,5587,2,0,0,2,3
2020-10-24,US,South Dakota,Yankton,739,5,0,43.00924485,-97.39467635,46135.0,3239.2390637327962,0.6765899864682002,734,706,5,0,701,681,22869,33,0,0,33,25
2020-10-24,US,South Dakota,Ziebach,86,1,0,44.97881876,-101.6654622,46137.0,3120.4644412191583,1.162790697674419,85,86,1,0,85,82,2742,0,0,0,0,4
2020-10-24,US,Tennessee,Anderson,1666,14,0,36.12684348,-84.19965764,47001.0,2164.2547221284008,0.8403361344537815,1652,1646,14,0,1632,1611,76482,20,0,0,20,35
2020-10-24,US,Tennessee,Bedford,1681,20,0,35.51123746,-86.45549096,47003.0,3381.409289320701,1.189767995240928,1661,1650,20,0,1630,1617,49038,31,0,0,31,33
2020-10-24,US,Tennessee,Benton,413,9,0,36.07110411,-88.06849355,47005.0,2555.693069306931,2.179176755447942,404,411,9,0,402,397,16184,2,0,0,2,14
2020-10-24,US,Tennessee,Bledsoe,1011,4,0,35.59942968,-85.20611967,47007.0,6711.364843335104,0.3956478733926805,1007,1010,4,0,1006,999,14755,1,0,0,1,11
2020-10-24,US,Tennessee,Blount,3309,36,0,35.68938198,-83.92847788,47009.0,2486.3248377013706,1.0879419764279241,3273,3273,34,0,3239,3191,131349,36,2,0,34,82
2020-10-24,US,Tennessee,Bradley,3558,23,0,35.15739424,-84.857186,47011.0,3291.092405882897,0.6464305789769533,3535,3519,23,0,3496,3479,106727,39,0,0,39,40
2020-10-24,US,Tennessee,Campbell,1000,11,0,36.40355516,-84.15108559999999,47013.0,2509.914160935696,1.1,989,975,9,0,966,911,39583,25,2,0,23,64
2020-10-24,US,Tennessee,Cannon,408,2,0,35.80990797,-86.05738983,47015.0,2779.670254803107,0.4901960784313725,406,404,2,0,402,396,14462,4,0,0,4,8
2020-10-24,US,Tennessee,Carroll,1130,25,0,35.97366108,-88.45189331,47017.0,4069.5789966507014,2.2123893805309733,1105,1125,25,0,1100,1105,28020,5,0,0,5,20
2020-10-24,US,Tennessee,Carter,1529,32,0,36.28969086,-82.12588974,47019.0,2711.425582096434,2.092871157619359,1497,1495,32,0,1463,1465,56351,34,0,0,34,30
2020-10-24,US,Tennessee,Cheatham,1041,11,0,36.26136216,-87.08903581,47021.0,2559.815083482922,1.0566762728146013,1030,1031,11,0,1020,1000,40439,10,0,0,10,31
2020-10-24,US,Tennessee,Chester,725,14,0,35.42527478,-88.6095842,47023.0,4191.478291033127,1.9310344827586208,711,721,14,0,707,715,17276,4,0,0,4,6
2020-10-24,US,Tennessee,Claiborne,518,6,0,36.48319149,-83.65947309,47025.0,1620.826684189117,1.1583011583011582,512,514,6,0,508,508,31756,4,0,0,4,6
2020-10-24,US,Tennessee,Clay,401,13,0,36.55151008,-85.53930419,47027.0,5265.922521339462,3.2418952618453867,388,394,13,0,381,383,7717,7,0,0,7,11
2020-10-24,US,Tennessee,Cocke,1035,14,0,35.9278914,-83.11828725,47029.0,2874.6805910454395,1.352657004830918,1021,1014,12,0,1002,966,35774,21,2,0,19,48
2020-10-24,US,Tennessee,Coffee,1853,23,0,35.49090731,-86.07311784,47031.0,3278.4854918612878,1.24123043712898,1830,1832,23,0,1809,1799,55700,21,0,0,21,33
2020-10-24,US,Tennessee,Crockett,833,20,0,35.81830662,-89.14916269,47033.0,5853.829936753337,2.4009603841536613,813,829,20,0,809,803,14328,4,0,0,4,26
2020-10-24,US,Tennessee,Cumberland,1595,25,0,35.95271721,-84.99840585,47035.0,2635.492399206874,1.567398119122257,1570,1584,25,0,1559,1561,59673,11,0,0,11,23
2020-10-24,US,Tennessee,Davidson,31206,336,0,36.17007426,-86.78646056,47037.0,4495.608980269224,1.0767160161507403,30870,30982,333,0,30649,30302,692587,224,3,0,221,680
2020-10-24,US,Tennessee,DeKalb,725,17,0,35.97616272,-85.83689361,47041.0,3538.311371400683,2.3448275862068964,708,711,17,0,694,690,20138,14,0,0,14,21
2020-10-24,US,Tennessee,Decatur,655,11,0,35.60048904,-88.11043779,47039.0,5616.050758809912,1.6793893129770991,644,648,11,0,637,648,11706,7,0,0,7,0
2020-10-24,US,Tennessee,Dickson,1648,19,0,36.14669837,-87.35891709,47043.0,3054.793504856529,1.1529126213592231,1629,1636,19,0,1617,1604,53446,12,0,0,12,32
2020-10-24,US,Tennessee,Dyer,2189,30,0,36.05931946,-89.41542855,47045.0,5890.901262143761,1.3704888076747372,2159,2163,29,0,2134,2096,37320,26,1,0,25,67
2020-10-24,US,Tennessee,Fayette,1667,23,0,35.19615831,-89.41399032,47047.0,4052.707072180489,1.3797240551889622,1644,1650,22,0,1628,1605,40507,17,1,0,16,45
2020-10-24,US,Tennessee,Fentress,908,11,0,36.38128818,-84.92870012,47049.0,4902.013712681531,1.2114537444933922,897,889,10,0,879,877,18217,19,1,0,18,12
2020-10-24,US,Tennessee,Franklin,1278,19,0,35.15634626,-86.09201039,47051.0,3027.8620166793025,1.486697965571205,1259,1263,17,0,1246,1244,41890,15,2,0,13,19
2020-10-24,US,Tennessee,Gibson,2130,43,0,35.99438059,-88.93358327,47053.0,4335.171880406244,2.0187793427230045,2087,2123,42,0,2081,2082,49045,7,1,0,6,41
2020-10-24,US,Tennessee,Giles,951,35,0,35.20222469,-87.03992678,47055.0,3227.6676622318764,3.6803364879074665,916,937,35,0,902,921,29503,14,0,0,14,16
2020-10-24,US,Tennessee,Grainger,603,4,0,36.27469206,-83.51254721,47057.0,2585.7632933104637,0.6633499170812603,599,566,4,0,562,551,23145,37,0,0,37,15
2020-10-24,US,Tennessee,Greene,1684,51,0,36.17470125,-82.84691273,47059.0,2438.141568576352,3.0285035629453683,1633,1654,51,0,1603,1618,69087,30,0,0,30,36
2020-10-24,US,Tennessee,Grundy,553,11,0,35.38433717,-85.72142731,47061.0,4118.567066358829,1.9891500904159127,542,545,11,0,534,535,13346,8,0,0,8,10
2020-10-24,US,Tennessee,Hamblen,2445,48,0,36.21990035,-83.26586179,47063.0,3765.3617519327317,1.96319018404908,2397,2422,48,0,2374,2379,64569,23,0,0,23,43
2020-10-24,US,Tennessee,Hamilton,11618,108,0,35.17670231,-85.16652245,47065.0,3158.7475938271473,0.92959201239456,11510,11497,105,0,11392,11368,364286,121,3,0,118,129
2020-10-24,US,Tennessee,Hancock,117,3,0,36.52692871,-83.22375847,47067.0,1767.3716012084592,2.5641025641025643,114,115,3,0,112,113,6549,2,0,0,2,2
2020-10-24,US,Tennessee,Hardeman,1864,33,0,35.20772017,-88.99161161,47069.0,7441.11776447106,1.7703862660944203,1831,1854,33,0,1821,1821,25220,10,0,0,10,33
2020-10-24,US,Tennessee,Hardin,1379,19,0,35.19732531,-88.18593755,47071.0,5375.799157960393,1.3778100072516315,1360,1375,19,0,1356,1352,25776,4,0,0,4,23
2020-10-24,US,Tennessee,Hawkins,1188,25,0,36.44355426,-82.94885298,47073.0,2092.0649455851794,2.104377104377104,1163,1170,24,0,1146,1142,56530,18,1,0,17,28
2020-10-24,US,Tennessee,Haywood,1272,27,0,35.58332824,-89.28536625,47075.0,7350.901525658807,2.1226415094339623,1245,1253,27,0,1226,1210,17335,19,0,0,19,43
2020-10-24,US,Tennessee,Henderson,1402,26,0,35.65581134,-88.38600175,47077.0,4986.307216274851,1.854493580599144,1376,1398,25,0,1373,1379,27847,4,1,0,3,19
2020-10-24,US,Tennessee,Henry,781,10,0,36.33160906,-88.30121797,47079.0,2414.592672746947,1.2804097311139564,771,771,10,0,761,756,32358,10,0,0,10,15
2020-10-24,US,Tennessee,Hickman,779,15,0,35.80609681,-87.47643507,47081.0,3093.9709269997616,1.925545571245186,764,767,15,0,752,751,25063,12,0,0,12,16
2020-10-24,US,Tennessee,Houston,409,17,0,36.28872054,-87.71878828,47083.0,4987.196683331301,4.156479217603913,392,404,17,0,387,399,8263,5,0,0,5,5
2020-10-24,US,Tennessee,Humphreys,440,4,0,36.03958805,-87.77992872,47085.0,2367.882897427618,0.9090909090909092,436,434,4,0,430,424,18486,6,0,0,6,10
2020-10-24,US,Tennessee,Jackson,452,5,0,36.36380466,-85.67239905,47087.0,3835.058544035296,1.106194690265487,447,446,5,0,441,434,11758,6,0,0,6,12
2020-10-24,US,Tennessee,Jefferson,1537,20,0,36.04818632,-83.45148924,47089.0,2820.442242407561,1.301236174365647,1517,1529,20,0,1509,1492,54012,8,0,0,8,37
2020-10-24,US,Tennessee,Johnson,1132,7,0,36.45523950000001,-81.84886538,47091.0,6363.840791544862,0.6183745583038869,1125,1127,7,0,1120,1117,17778,5,0,0,5,10
2020-10-24,US,Tennessee,Knox,12561,89,0,35.99508821,-83.94635435,47093.0,2670.774569276205,0.7085423135100709,12472,12398,89,0,12309,12174,465289,163,0,0,163,224
2020-10-24,US,Tennessee,Lake,983,3,0,36.34180170000001,-89.48921915,47095.0,14010.832383124287,0.3051881993896236,980,980,3,0,977,975,7411,3,0,0,3,5
2020-10-24,US,Tennessee,Lauderdale,1423,17,0,35.75893438,-89.63015909999999,47097.0,5551.43759996879,1.1946591707659873,1406,1404,17,0,1387,1367,25825,19,0,0,19,37
2020-10-24,US,Tennessee,Lawrence,1587,19,0,35.21675201,-87.39787695,47099.0,3595.215441076525,1.1972274732199115,1568,1556,18,0,1538,1526,43734,31,1,0,30,30
2020-10-24,US,Tennessee,Lewis,385,2,0,35.52853208,-87.49022694,47101.0,3138.245842843169,0.5194805194805194,383,375,2,0,373,360,12086,10,0,0,10,15
2020-10-24,US,Tennessee,Lincoln,880,3,0,35.13738622,-86.58910106,47103.0,2560.670430076238,0.3409090909090909,877,852,3,0,849,836,34117,28,0,0,28,16
2020-10-24,US,Tennessee,Loudon,1612,11,0,35.73939663,-84.31145275,47105.0,2981.430790855959,0.6823821339950372,1601,1588,11,0,1577,1566,53054,24,0,0,24,22
2020-10-24,US,Tennessee,Macon,1324,25,0,36.53157855,-86.00778595,47111.0,5381.676286480774,1.8882175226586104,1299,1307,25,0,1282,1286,24265,17,0,0,17,21
2020-10-24,US,Tennessee,Madison,3740,79,0,35.61181957,-88.84076036,47113.0,3816.949706074461,2.1122994652406417,3661,3711,80,0,3631,3696,97605,29,-1,0,30,15
2020-10-24,US,Tennessee,Marion,747,9,0,35.12997174,-85.62265895,47115.0,2584.149168021587,1.2048192771084338,738,741,9,0,732,724,28575,6,0,0,6,17
2020-10-24,US,Tennessee,Marshall,1126,9,0,35.45798777,-86.76420988,47117.0,3275.6363636363635,0.7992895204262878,1117,1108,9,0,1099,1085,33683,18,0,0,18,23
2020-10-24,US,Tennessee,Maury,3218,37,0,35.618741299999996,-87.07462444,47119.0,3338.6245033043874,1.1497824735860782,3181,3164,37,0,3127,3139,94340,54,0,0,54,25
2020-10-24,US,Tennessee,McMinn,1615,35,0,35.42812616,-84.61520715,47107.0,3002.19355318437,2.1671826625387,1580,1589,34,0,1555,1564,53285,26,1,0,25,25
2020-10-24,US,Tennessee,McNairy,1112,27,0,35.17468549,-88.5647812,47109.0,4327.85864404141,2.4280575539568345,1085,1111,27,0,1084,1099,25832,1,0,0,1,12
2020-10-24,US,Tennessee,Meigs,307,6,0,35.51558739,-84.81482914,47121.0,2471.4216712284656,1.954397394136808,301,306,6,0,300,300,12306,1,0,0,1,6
2020-10-24,US,Tennessee,Monroe,1443,28,0,35.44550387,-84.24902965,47123.0,3100.225588140509,1.9404019404019404,1415,1419,28,0,1391,1395,46357,24,0,0,24,24
2020-10-24,US,Tennessee,Montgomery,4115,55,0,36.49609412,-87.38550661,47125.0,1968.9654677429392,1.336573511543135,4060,4080,52,0,4028,3988,205950,35,3,0,32,92
2020-10-24,US,Tennessee,Moore,265,2,0,35.27724699,-86.36230578,47127.0,4084.4636251541297,0.7547169811320755,263,259,2,0,257,254,6411,6,0,0,6,5
2020-10-24,US,Tennessee,Morgan,435,7,0,36.13248031,-84.64880098,47129.0,2032.4253609307107,1.6091954022988506,428,431,7,0,424,422,21579,4,0,0,4,9
2020-10-24,US,Tennessee,Obion,1741,21,0,36.35732446,-89.14921589,47131.0,5790.016295852874,1.2062033314187248,1720,1730,21,0,1709,1678,30267,11,0,0,11,52
2020-10-24,US,Tennessee,Out of TN,3896,35,0,0.0,0.0,80047.0,0.0,0.8983572895277208,3861,3906,36,0,3870,3828,,-10,-1,0,-9,78
2020-10-24,US,Tennessee,Overton,1213,16,0,36.34117832,-85.28989535,47133.0,5453.891461714851,1.3190436933223413,1197,1184,16,0,1168,1165,22068,29,0,0,29,19
2020-10-24,US,Tennessee,Perry,291,2,0,35.63708728,-87.86139634,47135.0,3603.2689450222883,0.6872852233676976,289,277,2,0,275,261,8064,14,0,0,14,16
2020-10-24,US,Tennessee,Pickett,272,7,0,36.55606529,-85.07763299999998,47137.0,5388.2725832012675,2.573529411764706,265,262,7,0,255,252,5082,10,0,0,10,10
2020-10-24,US,Tennessee,Polk,503,13,0,35.12245443,-84.52075859,47139.0,2988.3555133079853,2.584493041749503,490,492,13,0,479,483,16898,11,0,0,11,9
2020-10-24,US,Tennessee,Putnam,4403,56,0,36.14005459,-85.50646123,47141.0,5486.946227179264,1.2718600953895072,4347,4329,55,0,4274,4257,78843,74,1,0,73,72
2020-10-24,US,Tennessee,Rhea,1093,17,0,35.60536161,-84.93076643,47143.0,3295.444266891789,1.555352241537054,1076,1083,17,0,1066,1063,33044,10,0,0,10,20
2020-10-24,US,Tennessee,Roane,1285,7,0,35.84923189,-84.52458689,47145.0,2407.178449664681,0.5447470817120622,1278,1257,7,0,1250,1223,53140,28,0,0,28,34
2020-10-24,US,Tennessee,Robertson,2589,41,0,36.52454807,-86.87346725,47147.0,3605.1968306574017,1.5836230204712245,2548,2577,41,0,2536,2537,71012,12,0,0,12,40
2020-10-24,US,Tennessee,Rutherford,11611,112,0,35.84591405,-86.4107263,47149.0,3494.2895406052035,0.9646025320816468,11499,11502,113,0,11389,11274,324890,109,-1,0,110,228
2020-10-24,US,Tennessee,Scott,374,5,0,36.42325673,-84.50360494,47151.0,1694.7616458220048,1.3368983957219251,369,362,5,0,357,351,22039,12,0,0,12,11
2020-10-24,US,Tennessee,Sequatchie,342,2,0,35.36979721,-85.41022136,47153.0,2276.054838280314,0.5847953216374269,340,338,4,0,334,329,14876,4,-2,0,6,9
2020-10-24,US,Tennessee,Sevier,3328,21,0,35.78077323,-83.52244332,47155.0,3387.2773536895675,0.6310096153846154,3307,3299,21,0,3278,3241,97892,29,0,0,29,58
2020-10-24,US,Tennessee,Shelby,35753,562,0,35.1864775,-89.89692423,47157.0,3815.012495118261,1.571896064665902,35191,35564,562,0,35002,34892,935764,189,0,0,189,672
2020-10-24,US,Tennessee,Smith,984,13,0,36.25359775,-85.95411046,47159.0,4881.678821253163,1.3211382113821135,971,976,13,0,963,962,19942,8,0,0,8,14
2020-10-24,US,Tennessee,Stewart,320,10,0,36.50235092,-87.83920548,47161.0,2333.211811884797,3.125,310,317,9,0,308,312,13561,3,1,0,2,5
2020-10-24,US,Tennessee,Sullivan,3653,46,0,36.51240691,-82.30412917,47163.0,2306.944198853159,1.2592389816589105,3607,3540,46,0,3494,3395,157668,113,0,0,113,145
2020-10-24,US,Tennessee,Sumner,5948,109,0,36.46824103,-86.45917204,47165.0,3109.5288133289423,1.8325487558843312,5839,5900,109,0,5791,5788,187149,48,0,0,48,112
2020-10-24,US,Tennessee,Tipton,2322,22,0,35.501942,-89.73694895,47167.0,3769.541713339502,0.9474590869939707,2300,2309,22,0,2287,2260,61581,13,0,0,13,49
2020-10-24,US,Tennessee,Trousdale,1768,7,0,36.39026213,-86.16087954,47169.0,15668.20276497696,0.3959276018099547,1761,1758,7,0,1751,1751,11012,10,0,0,10,7
2020-10-24,US,Tennessee,Unassigned,2953,9,0,0.0,0.0,90047.0,0.0,0.3047748052827633,2944,2837,8,0,2829,3822,,116,1,0,115,-985
2020-10-24,US,Tennessee,Unicoi,404,3,0,36.10890856,-82.43709629,47171.0,2259.128781524353,0.7425742574257426,401,395,3,0,392,384,17761,9,0,0,9,11
2020-10-24,US,Tennessee,Union,538,3,0,36.28590426,-83.83651902,47173.0,2693.7712797917084,0.5576208178438662,535,523,3,0,520,517,19688,15,0,0,15,6
2020-10-24,US,Tennessee,Van Buren,205,1,0,35.69864497,-85.45221699,47175.0,3491.1444141689367,0.4878048780487805,204,201,1,0,200,197,5765,4,0,0,4,4
2020-10-24,US,Tennessee,Warren,1425,10,0,35.672829899999996,-85.77969117,47177.0,3452.2857765826006,0.7017543859649122,1415,1415,10,0,1405,1387,40878,10,0,0,10,28
2020-10-24,US,Tennessee,Washington,3388,50,0,36.29472368,-82.49454720000001,47179.0,2618.7439613526567,1.4757969303423848,3338,3326,49,0,3277,3241,128607,62,1,0,61,85
2020-10-24,US,Tennessee,Wayne,1591,7,0,35.23868267,-87.78644456,47181.0,9542.373897918791,0.43997485857950974,1584,1584,7,0,1577,1569,16558,7,0,0,7,15
2020-10-24,US,Tennessee,Weakley,1523,25,0,36.29896232,-88.71990865,47183.0,4569.731156985117,1.6414970453053184,1498,1511,25,0,1486,1467,33415,12,0,0,12,44
2020-10-24,US,Tennessee,White,1175,14,0,35.92929884,-85.45591799,47185.0,4296.9464253062715,1.1914893617021276,1161,1150,14,0,1136,1133,27107,25,0,0,25,17
2020-10-24,US,Tennessee,Williamson,6971,56,0,35.89099229,-86.89281867,47187.0,2923.930003523313,0.8033280734471382,6915,6897,56,0,6841,6802,231729,74,0,0,74,95
2020-10-24,US,Tennessee,Wilson,4629,56,0,36.15496772,-86.29775884,47189.0,3199.9834090296363,1.2097645279758047,4573,4577,56,0,4521,4514,140625,52,0,0,52,63
2020-10-24,US,Texas,Anderson,2941,39,0,31.81534745,-95.65354823,48001.0,5093.963800121243,1.3260795647738863,2902,2934,39,0,2895,2922,58057,7,0,0,7,12
2020-10-24,US,Texas,Andrews,584,10,0,32.30468633,-102.63765479999999,48003.0,3122.159850307404,1.7123287671232876,574,567,10,0,557,567,18128,17,0,0,17,0
2020-10-24,US,Texas,Angelina,2277,90,0,31.25457347,-94.60901487,48005.0,2625.843279709393,3.9525691699604737,2187,2277,90,0,2187,2277,87092,0,0,0,0,0
2020-10-24,US,Texas,Aransas,346,18,0,28.10556197,-96.9995047,48007.0,1471.7141641854528,5.202312138728324,328,340,18,0,322,340,23792,6,0,0,6,0
2020-10-24,US,Texas,Archer,137,1,0,33.61569967,-98.68754589,48009.0,1601.7771542148953,0.7299270072992701,136,133,1,0,132,133,8786,4,0,0,4,0
2020-10-24,US,Texas,Armstrong,24,1,0,34.96507426,-101.35748740000001,48011.0,1271.8600953895073,4.166666666666667,23,22,1,0,21,21,1892,2,0,0,2,1
2020-10-24,US,Texas,Atascosa,1270,35,0,28.89333001,-98.52730485,48013.0,2482.747834926593,2.755905511811024,1235,1268,35,0,1233,1265,50310,2,0,0,2,3
2020-10-24,US,Texas,Austin,513,9,0,29.88548725,-96.27736949,48015.0,1708.1779435269045,1.7543859649122806,504,509,9,0,500,509,29989,4,0,0,4,0
2020-10-24,US,Texas,Bailey,280,5,0,34.06854817,-102.8299707,48017.0,4000.0,1.7857142857142858,275,271,5,0,266,264,7027,9,0,0,9,7
2020-10-24,US,Texas,Bandera,185,8,0,29.74619598,-99.24598147,48019.0,800.4499826929732,4.3243243243243255,177,185,8,0,177,184,22824,0,0,0,0,1
2020-10-24,US,Texas,Bastrop,1991,31,0,30.10370699,-97.31206354,48021.0,2244.0629825411675,1.55700652938222,1960,1976,31,0,1945,1949,86976,15,0,0,15,27
2020-10-24,US,Texas,Baylor,43,2,0,33.61640794,-99.21352901,48023.0,1225.420347677401,4.651162790697675,41,43,2,0,41,43,3582,0,0,0,0,0
2020-10-24,US,Texas,Bee,1846,39,0,28.41761668,-97.74215593,48025.0,5668.662674650699,2.112676056338028,1807,1838,39,0,1799,1845,32587,8,0,0,8,-7
2020-10-24,US,Texas,Bell,6327,99,0,31.03736027,-97.4785025,48027.0,1743.3402034585754,1.5647226173541964,6228,6183,96,0,6087,6158,355642,144,3,0,141,25
2020-10-24,US,Texas,Bexar,64476,1392,0,29.44928723,-98.52019748,48029.0,3218.08146922918,2.1589428624604503,63084,64261,1386,0,62875,64014,1986049,215,6,0,209,247
2020-10-24,US,Texas,Blanco,159,6,0,30.26640707,-98.3999852,48031.0,1332.6628111641942,3.7735849056603774,153,158,6,0,152,153,11702,1,0,0,1,5
2020-10-24,US,Texas,Borden,2,0,0,32.74363984,-101.43165090000001,48033.0,305.8103975535168,0.0,2,2,0,0,2,2,648,0,0,0,0,0
2020-10-24,US,Texas,Bosque,405,11,0,31.89978581,-97.63613524,48035.0,2167.514048702168,2.716049382716049,394,394,10,0,384,385,18691,11,1,0,10,9
2020-10-24,US,Texas,Bowie,1765,73,0,33.44626922,-94.41834132,48037.0,1892.8628880905146,4.135977337110481,1692,1759,72,0,1687,1730,94324,6,1,0,5,29
2020-10-24,US,Texas,Brazoria,12191,182,0,29.18757369,-95.44563172,48039.0,3257.3263792403222,1.4929046017553933,12009,12105,181,0,11924,12060,370200,86,1,0,85,45
2020-10-24,US,Texas,Brazos,7464,66,0,30.663644800000004,-96.30205577,48041.0,3256.3882187155073,0.8842443729903537,7398,7430,66,0,7364,7404,226758,34,0,0,34,26
2020-10-24,US,Texas,Brewster,246,5,0,29.81008251,-103.25203259999999,48043.0,2673.041399543627,2.0325203252032518,241,246,5,0,241,246,9267,0,0,0,0,0
2020-10-24,US,Texas,Briscoe,22,1,0,34.53026962,-101.2084947,48045.0,1423.0271668822766,4.545454545454546,21,20,1,0,19,20,1516,2,0,0,2,0
2020-10-24,US,Texas,Brooks,347,23,0,27.03103197,-98.21808402,48047.0,4892.147187367827,6.628242074927955,324,341,23,0,318,341,7114,6,0,0,6,0
2020-10-24,US,Texas,Brown,661,28,0,31.77430356,-98.99907113,48049.0,1745.7215296851891,4.236006051437216,633,651,28,0,623,640,37924,10,0,0,10,11
2020-10-24,US,Texas,Burleson,457,6,0,30.49273808,-96.62158484,48051.0,2477.904896166567,1.312910284463895,451,432,6,0,426,421,18389,25,0,0,25,11
2020-10-24,US,Texas,Burnet,888,15,0,30.78801353,-98.181887,48053.0,1844.0452704807392,1.6891891891891893,873,857,13,0,844,854,47542,31,2,0,29,3
2020-10-24,US,Texas,Caldwell,1689,37,0,29.83668859,-97.61814775,48055.0,3868.1751557347015,2.190645352279456,1652,1685,37,0,1648,1675,43247,4,0,0,4,10
2020-10-24,US,Texas,Calhoun,928,9,0,28.47048236,-96.61633945,48057.0,4358.853922029121,0.9698275862068966,919,881,9,0,872,880,21561,47,0,0,47,1
2020-10-24,US,Texas,Callahan,123,4,0,32.29760619,-99.37326312,48059.0,882.1630925912642,3.2520325203252027,119,113,4,0,109,112,13994,10,0,0,10,1
2020-10-24,US,Texas,Cameron,23976,1075,0,26.14524221,-97.48140372,48061.0,5665.9017919808675,4.48365031698365,22901,23937,1075,0,22862,23906,423908,39,0,0,39,31
2020-10-24,US,Texas,Camp,391,13,0,32.97195142,-94.97790104,48063.0,2986.1005040476552,3.3248081841432224,378,390,13,0,377,388,13033,1,0,0,1,2
2020-10-24,US,Texas,Carson,53,0,0,35.40365929,-101.35426690000001,48065.0,894.3638204522442,0.0,53,52,0,0,52,52,6005,1,0,0,1,0
2020-10-24,US,Texas,Cass,496,23,0,33.07499881,-94.34646905,48067.0,1651.9016852061548,4.637096774193548,473,495,22,0,473,477,30119,1,1,0,0,18
2020-10-24,US,Texas,Castro,301,6,0,34.53016752,-102.2617243,48069.0,3997.34395750332,1.9933554817275747,295,289,6,0,283,289,7665,12,0,0,12,0
2020-10-24,US,Texas,Chambers,1545,10,0,29.70972016,-94.67154501,48071.0,3524.42001049342,0.6472491909385113,1535,1536,8,0,1528,1524,42454,9,2,0,7,12
2020-10-24,US,Texas,Cherokee,1626,34,0,31.837258000000002,-95.16559897,48073.0,3088.55373627626,2.0910209102091017,1592,1618,32,0,1586,1616,52592,8,2,0,6,2
2020-10-24,US,Texas,Childress,120,0,0,34.529304100000004,-100.2077916,48075.0,1642.4856282507528,0.0,120,116,0,0,116,107,7291,4,0,0,4,9
2020-10-24,US,Texas,Clay,107,2,0,33.78686685,-98.20771198,48077.0,1021.869926463566,1.8691588785046729,105,103,2,0,101,103,10456,4,0,0,4,0
2020-10-24,US,Texas,Cochran,99,1,0,33.60425307,-102.82844990000001,48079.0,3470.031545741325,1.0101010101010102,98,98,1,0,97,90,2836,1,0,0,1,8
2020-10-24,US,Texas,Coke,109,5,0,31.88911733,-100.5297533,48081.0,3218.187186300561,4.587155963302751,104,105,5,0,100,90,3370,4,0,0,4,15
2020-10-24,US,Texas,Coleman,88,4,0,31.76736834,-99.45240766,48083.0,1076.4525993883792,4.545454545454546,84,86,4,0,82,85,8397,2,0,0,2,1
2020-10-24,US,Texas,Collin,17611,175,0,33.18820114,-96.57264368,48085.0,1701.9898910826978,0.9936971211174834,17436,17248,174,0,17074,17122,1005146,363,1,0,362,126
2020-10-24,US,Texas,Collingsworth,21,0,0,34.96489496,-100.27001109999999,48087.0,719.1780821917807,0.0,21,20,0,0,20,20,2962,1,0,0,1,0
2020-10-24,US,Texas,Colorado,499,4,0,29.622097999999998,-96.5273805,48089.0,2321.6861303680266,0.8016032064128257,495,500,4,0,496,498,21217,-1,0,0,-1,2
2020-10-24,US,Texas,Comal,2841,106,0,29.80811278,-98.27647225,48091.0,1818.7172314015202,3.7310806054206265,2735,2834,106,0,2728,2823,148373,7,0,0,7,11
2020-10-24,US,Texas,Comanche,354,5,0,31.94854689,-98.55876441,48093.0,2596.259625962596,1.4124293785310735,349,348,5,0,343,348,13534,6,0,0,6,0
2020-10-24,US,Texas,Concho,142,2,0,31.32635934,-99.86473038,48095.0,5209.09757887014,1.4084507042253518,140,141,2,0,139,141,4276,1,0,0,1,0
2020-10-24,US,Texas,Cooke,539,9,0,33.63979567,-97.21240912,48097.0,1306.4449669147054,1.6697588126159555,530,529,8,0,521,524,40574,10,1,0,9,5
2020-10-24,US,Texas,Coryell,1962,13,0,31.39078397,-97.79936155,48099.0,2583.244460244105,0.6625891946992865,1949,1947,13,0,1934,1937,74808,15,0,0,15,10
2020-10-24,US,Texas,Cottle,35,3,0,34.07783319,-100.27850620000001,48101.0,2503.576537911302,8.571428571428571,32,33,3,0,30,33,1389,2,0,0,2,0
2020-10-24,US,Texas,Crane,74,3,0,31.43052248,-102.5143314,48103.0,1542.6308109234938,4.0540540540540535,71,73,2,0,71,73,4794,1,1,0,0,0
2020-10-24,US,Texas,Crockett,166,7,0,30.72367027,-101.4134238,48105.0,4792.147806004619,4.216867469879518,159,166,7,0,159,166,3499,0,0,0,0,0
2020-10-24,US,Texas,Crosby,115,6,0,33.61431553,-101.30003640000001,48107.0,2004.5319853582007,5.217391304347826,109,113,6,0,107,108,5779,2,0,0,2,5
2020-10-24,US,Texas,Culberson,97,2,0,31.44506775,-104.5185739,48109.0,4467.987102717641,2.061855670103093,95,91,2,0,89,88,2204,6,0,0,6,3
2020-10-24,US,Texas,Dallam,362,10,0,36.27787176,-102.60207249999999,48111.0,4967.750789076436,2.7624309392265194,352,352,10,0,342,332,7200,10,0,0,10,20
2020-10-24,US,Texas,Dallas,92197,1217,0,32.76670599,-96.77796049999999,48113.0,3498.2523346471808,1.319999566146404,90980,91664,1211,0,90453,91313,2637772,533,6,0,527,351
2020-10-24,US,Texas,Dawson,787,17,0,32.74255572,-101.94772420000001,48115.0,6183.218101822753,2.16010165184244,770,787,16,0,771,762,12619,0,1,0,-1,25
2020-10-24,US,Texas,DeWitt,1078,44,0,29.08101855,-97.35681170000001,48123.0,5347.222222222223,4.081632653061225,1034,1078,42,0,1036,1072,20187,0,2,0,-2,6
2020-10-24,US,Texas,Deaf Smith,1026,25,0,34.96522957,-102.6054267,48117.0,5532.190229699128,2.4366471734892787,1001,1006,25,0,981,988,18760,20,0,0,20,18
2020-10-24,US,Texas,Delta,33,0,0,33.38570922,-95.66921122,48119.0,619.0208216094543,0.0,33,33,0,0,33,32,5349,0,0,0,0,1
2020-10-24,US,Texas,Denton,14157,169,0,33.20521901,-97.11691153,48121.0,1595.6817292920364,1.1937557392102849,13988,13904,166,0,13738,13773,859064,253,3,0,250,131
2020-10-24,US,Texas,Dickens,51,2,0,33.61616822,-100.7788855,48125.0,2306.648575305292,3.92156862745098,49,51,2,0,49,51,2249,0,0,0,0,0
2020-10-24,US,Texas,Dimmit,287,7,0,28.42270064,-99.75645095,48127.0,2834.8478862109837,2.4390243902439024,280,284,7,0,277,283,10308,3,0,0,3,1
2020-10-24,US,Texas,Donley,85,1,0,34.96517499,-100.8140093,48129.0,2593.0445393532636,1.1764705882352942,84,85,1,0,84,84,3319,0,0,0,0,1
2020-10-24,US,Texas,Duval,486,21,0,27.68184592,-98.50864568,48131.0,4356.0096800215115,4.320987654320987,465,472,21,0,451,471,11212,14,0,0,14,1
2020-10-24,US,Texas,Eastland,251,6,0,32.32743996,-98.83243566,48133.0,1367.1023965141612,2.3904382470119523,245,237,6,0,231,235,18322,14,0,0,14,2
2020-10-24,US,Texas,Ector,6025,115,0,31.86898877,-102.54294279999999,48135.0,3624.6488151459184,1.9087136929460584,5910,6025,115,0,5910,5986,162124,0,0,0,0,39
2020-10-24,US,Texas,Edwards,71,2,0,29.98202582,-100.304252,48137.0,3674.948240165632,2.8169014084507036,69,68,2,0,66,68,1928,3,0,0,3,0
2020-10-24,US,Texas,El Paso,38554,593,0,31.76980765,-106.23632749999999,48141.0,4593.929254871681,1.5381024018260103,37961,36025,581,0,35444,34760,840758,2529,12,0,2517,1265
2020-10-24,US,Texas,Ellis,4875,76,0,32.34894117,-96.79371841,48139.0,2637.615919838118,1.558974358974359,4799,4816,75,0,4741,4796,179436,59,1,0,58,20
2020-10-24,US,Texas,Erath,1017,13,0,32.23602653,-98.21773417,48143.0,2381.8445828844438,1.27826941986234,1004,993,13,0,980,991,42446,24,0,0,24,2
2020-10-24,US,Texas,Falls,663,5,0,31.25350609,-96.93630086,48145.0,3833.0346302827083,0.7541478129713424,658,646,5,0,641,639,17335,17,0,0,17,7
2020-10-24,US,Texas,Fannin,778,17,0,33.59564294,-96.10751083,48147.0,2190.6853635186126,2.185089974293059,761,758,16,0,742,755,35286,20,1,0,19,3
2020-10-24,US,Texas,Fayette,665,22,0,29.87788372,-96.92076062,48149.0,2623.6881559220387,3.3082706766917283,643,665,22,0,643,656,25349,0,0,0,0,9
2020-10-24,US,Texas,Fisher,102,3,0,32.74281316,-100.40193020000001,48151.0,2663.1853785900785,2.9411764705882355,99,96,3,0,93,91,3839,6,0,0,6,5
2020-10-24,US,Texas,Floyd,126,9,0,34.07227468,-101.3031546,48153.0,2205.8823529411766,7.142857142857142,117,125,9,0,116,121,5837,1,0,0,1,4
2020-10-24,US,Texas,Foard,21,1,0,33.97308618,-99.7767797,48155.0,1818.1818181818185,4.761904761904762,20,20,0,0,20,20,1200,1,1,0,0,0
2020-10-24,US,Texas,Fort Bend,17392,306,0,29.52704478,-95.77219463,48157.0,2142.695222794965,1.7594296228150874,17086,17392,305,0,17087,17362,787858,0,1,0,-1,30
2020-10-24,US,Texas,Franklin,215,7,0,33.17653242,-95.21917243,48159.0,2004.6620046620046,3.255813953488372,208,200,7,0,193,183,10766,15,0,0,15,17
2020-10-24,US,Texas,Freestone,458,4,0,31.70422788,-96.15072516,48161.0,2322.8685905563725,0.8733624454148472,454,449,4,0,445,440,19808,9,0,0,9,9
2020-10-24,US,Texas,Frio,1007,9,0,28.86751206,-99.10804207,48163.0,4959.125381660593,0.8937437934458788,998,1007,9,0,998,1008,19816,0,0,0,0,-1
2020-10-24,US,Texas,Gaines,503,11,0,32.74055318,-102.6353295,48165.0,2340.4057323655315,2.1868787276341948,492,503,10,0,493,493,20901,0,1,0,-1,10
2020-10-24,US,Texas,Galveston,12297,169,0,29.40167322,-94.90469073,48167.0,3594.153253502232,1.3743189395787592,12128,12222,168,0,12054,12172,337890,75,1,0,74,50
2020-10-24,US,Texas,Garza,124,6,0,33.17969345,-101.2984114,48169.0,1990.6887140793067,4.838709677419356,118,122,5,0,117,121,6578,2,1,0,1,1
2020-10-24,US,Texas,Gillespie,359,10,0,30.31824095,-98.94676915,48171.0,1330.2208388913589,2.7855153203342615,349,353,10,0,343,351,26804,6,0,0,6,2
2020-10-24,US,Texas,Glasscock,13,0,0,31.86942909,-101.5207776,48173.0,922.6401703335699,0.0,13,12,0,0,12,12,1388,1,0,0,1,0
2020-10-24,US,Texas,Goliad,157,6,0,28.65696592,-97.42760647,48175.0,2050.1436406372422,3.8216560509554136,151,157,6,0,151,157,7584,0,0,0,0,0
2020-10-24,US,Texas,Gonzales,1111,20,0,29.45634206,-97.49424032,48177.0,5331.8615923597445,1.8001800180018002,1091,1110,20,0,1090,1110,20826,1,0,0,1,0
2020-10-24,US,Texas,Gray,450,10,0,35.40081878,-100.8129222,48179.0,2056.1089280818787,2.2222222222222223,440,412,10,0,402,408,21895,38,0,0,38,4
2020-10-24,US,Texas,Grayson,2508,66,0,33.62744998,-96.67753461,48181.0,1841.247467183508,2.631578947368421,2442,2419,64,0,2355,2340,133991,89,2,0,87,79
2020-10-24,US,Texas,Gregg,2525,85,0,32.47940482,-94.81591935,48183.0,2037.1939166565808,3.366336633663366,2440,2503,84,0,2419,2470,123707,22,1,0,21,33
2020-10-24,US,Texas,Grimes,1174,35,0,30.54579585,-95.98902499,48185.0,4065.096952908587,2.9812606473594547,1139,1170,35,0,1135,1157,28360,4,0,0,4,13
2020-10-24,US,Texas,Guadalupe,3835,79,0,29.58165339,-97.94786822,48187.0,2298.513008924344,2.0599739243807043,3756,3818,79,0,3739,3806,163694,17,0,0,17,12
2020-10-24,US,Texas,Hale,2508,61,0,34.07044901,-101.82681140000001,48189.0,7507.633359276777,2.4322169059011163,2447,2444,60,0,2384,2407,33830,64,1,0,63,37
2020-10-24,US,Texas,Hall,45,1,0,34.5307555,-100.68138520000001,48191.0,1518.2186234817816,2.2222222222222223,44,44,1,0,43,41,3028,1,0,0,1,3
2020-10-24,US,Texas,Hamilton,194,4,0,31.70470573,-98.11083887,48193.0,2292.873182838908,2.061855670103093,190,185,4,0,181,182,8484,9,0,0,9,3
2020-10-24,US,Texas,Hansford,193,6,0,36.27743284,-101.3545796,48195.0,3574.736062233747,3.1088082901554404,187,193,6,0,187,187,5463,0,0,0,0,6
2020-10-24,US,Texas,Hardeman,63,1,0,34.28944521,-99.74632408,48197.0,1601.8306636155605,1.5873015873015872,62,60,1,0,59,60,3922,3,0,0,3,0
2020-10-24,US,Texas,Hardin,1429,34,0,30.33364686,-94.38931817,48199.0,2480.8166383111693,2.37928621413576,1395,1424,34,0,1390,1416,57207,5,0,0,5,8
2020-10-24,US,Texas,Harris,158379,2775,0,29.85864939,-95.39339521,48201.0,3360.2393214980934,1.7521262288560984,155604,157392,2759,0,154633,156742,4698619,987,16,0,971,650
2020-10-24,US,Texas,Harrison,1068,38,0,32.54935988,-94.36934071,48203.0,1604.7360750078885,3.5580524344569286,1030,1060,38,0,1022,1042,66726,8,0,0,8,18
2020-10-24,US,Texas,Hartley,170,0,0,35.84008013,-102.6029022,48205.0,3048.780487804879,0.0,170,169,0,0,169,168,5619,1,0,0,1,1
2020-10-24,US,Texas,Haskell,80,3,0,33.17823584,-99.73037358,48207.0,1413.9271827500886,3.75,77,78,3,0,75,78,5813,2,0,0,2,0
2020-10-24,US,Texas,Hays,6287,86,0,30.05669873,-98.02944344,48209.0,2731.210168946657,1.3679020200413552,6201,6287,86,0,6201,6268,222631,0,0,0,0,19
2020-10-24,US,Texas,Hemphill,133,0,0,35.83764858,-100.2703577,48211.0,3482.587064676617,0.0,133,133,0,0,133,133,3825,0,0,0,0,0
2020-10-24,US,Texas,Henderson,1217,34,0,32.21128872,-95.85846587,48213.0,1470.9259460700775,2.7937551355792936,1183,1213,31,0,1182,1203,82299,4,3,0,1,10
2020-10-24,US,Texas,Hidalgo,34970,1919,0,26.39418217,-98.18299696,48215.0,4025.5229899148967,5.4875607663711765,33051,34970,1919,0,33051,34343,865939,0,0,0,0,627
2020-10-24,US,Texas,Hill,798,16,0,31.99045053,-97.13423143,48217.0,2177.4127534175564,2.0050125313283207,782,780,16,0,764,762,36354,18,0,0,18,18
2020-10-24,US,Texas,Hockley,632,14,0,33.60771256,-102.3431676,48219.0,2745.319490899613,2.2151898734177213,618,557,12,0,545,519,22980,75,2,0,73,38
2020-10-24,US,Texas,Hood,1167,38,0,32.42990927,-97.83242024,48221.0,1893.1589961552813,3.2562125107112254,1129,1148,37,0,1111,1130,60537,19,1,0,18,18
2020-10-24,US,Texas,Hopkins,609,27,0,33.14875072,-95.56351139,48223.0,1642.2176679969793,4.433497536945813,582,592,26,0,566,589,36810,17,1,0,16,3
2020-10-24,US,Texas,Houston,417,13,0,31.31925973,-95.42226208,48225.0,1815.5694879832806,3.117505995203837,404,416,12,0,404,415,23169,1,1,0,0,1
2020-10-24,US,Texas,Howard,1192,21,0,32.30621324,-101.4356444,48227.0,3251.145537857299,1.761744966442953,1171,1053,21,0,1032,1044,36459,139,0,0,139,9
2020-10-24,US,Texas,Hudspeth,94,3,0,31.45628381,-105.388178,48229.0,1923.8641015145315,3.191489361702128,91,75,3,0,72,75,4795,19,0,0,19,0
2020-10-24,US,Texas,Hunt,1944,43,0,33.12351514,-96.08551032,48231.0,1971.7224171856296,2.211934156378601,1901,1934,43,0,1891,1934,96493,10,0,0,10,0
2020-10-24,US,Texas,Hutchinson,326,7,0,35.84006574,-101.3546643,48233.0,1556.9777438150732,2.147239263803681,319,306,7,0,299,294,21198,20,0,0,20,12
2020-10-24,US,Texas,Irion,13,0,0,31.30375559,-100.982439,48235.0,846.3541666666665,0.0,13,13,0,0,13,13,1522,0,0,0,0,0
2020-10-24,US,Texas,Jack,151,3,0,33.23377248,-98.17283469,48237.0,1689.983212087297,1.9867549668874167,148,150,3,0,147,149,8843,1,0,0,1,1
2020-10-24,US,Texas,Jackson,646,16,0,28.95472367,-96.57749563,48239.0,4376.693766937669,2.476780185758514,630,640,16,0,624,639,14874,6,0,0,6,1
2020-10-24,US,Texas,Jasper,512,34,0,30.74685667,-94.02667579,48241.0,1441.0763038644488,6.640625,478,512,34,0,478,511,35872,0,0,0,0,1
2020-10-24,US,Texas,Jeff Davis,21,0,0,30.71490589,-104.1399973,48243.0,923.4828496042217,0.0,21,17,0,0,17,17,2252,4,0,0,4,0
2020-10-24,US,Texas,Jefferson,8245,152,0,29.8832777,-94.16434171,48245.0,3277.4829566911135,1.8435415403274709,8093,8179,149,0,8030,8139,255001,66,3,0,63,40
2020-10-24,US,Texas,Jim Hogg,168,6,0,27.04453923,-98.69681870000001,48247.0,3230.769230769231,3.571428571428572,162,162,5,0,157,162,5248,6,1,0,5,0
2020-10-24,US,Texas,Jim Wells,1566,52,0,27.73103938,-98.0904705,48249.0,3868.3859493108052,3.3205619412515963,1514,1534,52,0,1482,1533,40822,32,0,0,32,1
2020-10-24,US,Texas,Johnson,3588,64,0,32.37877812,-97.36615819,48251.0,2040.7582884476474,1.7837235228539576,3524,3505,63,0,3442,3479,171361,83,1,0,82,26
2020-10-24,US,Texas,Jones,585,1,0,32.73997145,-99.87861576,48253.0,2912.9114176168896,0.17094017094017094,584,593,2,0,591,591,19817,-8,-1,0,-7,2
2020-10-24,US,Texas,Karnes,949,17,0,28.90705334,-97.85960149,48255.0,6082.943401064034,1.7913593256059008,932,948,17,0,931,948,15650,1,0,0,1,0
2020-10-24,US,Texas,Kaufman,3499,56,0,32.599141700000004,-96.28734728,48257.0,2569.8841018258736,1.6004572735067162,3443,3449,55,0,3394,3436,128622,50,1,0,49,13
2020-10-24,US,Texas,Kendall,381,10,0,29.94414155,-98.7113588,48259.0,803.2721216082309,2.6246719160104988,371,378,10,0,368,377,45641,3,0,0,3,1
2020-10-24,US,Texas,Kenedy,11,2,0,26.92601662,-97.66413984,48261.0,2722.772277227723,18.181818181818183,9,7,2,0,5,7,442,4,0,0,4,0
2020-10-24,US,Texas,Kent,10,0,0,33.18104136,-100.7780939,48263.0,1312.3359580052493,0.0,10,10,0,0,10,10,726,0,0,0,0,0
2020-10-24,US,Texas,Kerr,693,13,0,30.06040006,-99.34930144,48265.0,1317.4904942965782,1.8759018759018762,680,684,13,0,671,679,52405,9,0,0,9,5
2020-10-24,US,Texas,Kimble,24,1,0,30.48678918,-99.74856473,48267.0,553.377910998386,4.166666666666667,23,21,1,0,20,21,4362,3,0,0,3,0
2020-10-24,US,Texas,King,1,0,0,33.61643847,-100.2558057,48269.0,367.6470588235293,0.0,1,1,0,0,1,1,277,0,0,0,0,0
2020-10-24,US,Texas,Kinney,73,1,0,29.34967888,-100.41866379999999,48271.0,1990.7281156258523,1.3698630136986298,72,73,1,0,72,72,3767,0,0,0,0,1
2020-10-24,US,Texas,Kleberg,1015,52,0,27.42435506,-97.69894948,48273.0,3308.3441981747064,5.123152709359607,963,999,51,0,948,999,31129,16,1,0,15,0
2020-10-24,US,Texas,Knox,113,8,0,33.60519951,-99.74229059999999,48275.0,3084.0611353711793,7.079646017699115,105,111,8,0,103,111,3653,2,0,0,2,0
2020-10-24,US,Texas,La Salle,366,13,0,28.34453111,-99.09908775,48283.0,4867.021276595745,3.551912568306011,353,366,13,0,353,369,7531,0,0,0,0,-3
2020-10-24,US,Texas,Lamar,1729,46,0,33.66981763,-95.57404777,48277.0,3467.7791371668104,2.6604973973395025,1683,1695,45,0,1650,1644,49728,34,1,0,33,51
2020-10-24,US,Texas,Lamb,507,23,0,34.06859623,-102.35162890000001,48279.0,3932.3664003722947,4.5364891518737664,484,491,23,0,468,482,13158,16,0,0,16,9
2020-10-24,US,Texas,Lampasas,304,9,0,31.19531316,-98.24206613,48281.0,1418.7044987866345,2.9605263157894735,295,304,9,0,295,298,21229,0,0,0,0,6
2020-10-24,US,Texas,Lavaca,1126,39,0,29.38508402,-96.93186692,48285.0,5586.980252059146,3.463587921847247,1087,1117,39,0,1078,1110,20110,9,0,0,9,7
2020-10-24,US,Texas,Lee,239,14,0,30.31120597,-96.97045773,48287.0,1386.3913220024365,5.857740585774058,225,236,14,0,222,235,17144,3,0,0,3,1
2020-10-24,US,Texas,Leon,336,11,0,31.29872538,-95.9936328,48289.0,1930.5906688117675,3.273809523809524,325,322,11,0,311,319,17270,14,0,0,14,3
2020-10-24,US,Texas,Liberty,2283,57,0,30.15152688,-94.81205615,48291.0,2587.877894784571,2.4967148488830486,2226,2272,57,0,2215,2266,86323,11,0,0,11,6
2020-10-24,US,Texas,Limestone,671,16,0,31.5454767,-96.58095444,48293.0,2862.994410547425,2.3845007451564832,655,661,16,0,645,659,23519,10,0,0,10,2
2020-10-24,US,Texas,Lipscomb,68,1,0,36.27783108,-100.27331509999999,48295.0,2103.3096195484068,1.4705882352941178,67,66,1,0,65,66,3355,2,0,0,2,0
2020-10-24,US,Texas,Live Oak,381,10,0,28.35101362,-98.1246786,48297.0,3121.1599901695754,2.6246719160104988,371,381,10,0,371,381,12166,0,0,0,0,0
2020-10-24,US,Texas,Llano,172,3,0,30.70645047,-98.68475262,48299.0,789.1718284010094,1.7441860465116281,169,167,2,0,165,165,21646,5,1,0,4,2
2020-10-24,US,Texas,Lubbock,16911,164,0,33.61008596,-101.82047890000001,48303.0,5445.166774533195,0.969782981491337,16747,16417,158,0,16259,16130,307412,494,6,0,488,287
2020-10-24,US,Texas,Lynn,163,5,0,33.17657705,-101.8162849,48305.0,2739.0354562258444,3.0674846625766867,158,163,5,0,158,160,5877,0,0,0,0,3
2020-10-24,US,Texas,Madison,753,6,0,30.96694679,-95.93003775,48313.0,5271.632595911508,0.796812749003984,747,741,6,0,735,739,14422,12,0,0,12,2
2020-10-24,US,Texas,Marion,170,14,0,32.79868409,-94.35661230000001,48315.0,1725.1877410188754,8.235294117647058,156,170,14,0,156,168,9928,0,0,0,0,2
2020-10-24,US,Texas,Martin,89,7,0,32.30600051,-101.9513518,48317.0,1542.1937272569744,7.865168539325843,82,86,7,0,79,86,5753,3,0,0,3,0
2020-10-24,US,Texas,Mason,80,2,0,30.71780434,-99.22629416,48319.0,1871.7828731867105,2.5,78,80,2,0,78,80,4280,0,0,0,0,0
2020-10-24,US,Texas,Matagorda,1094,53,0,28.81955746,-96.01230294,48321.0,2985.563409109516,4.844606946983546,1041,1092,53,0,1039,1089,36552,2,0,0,2,3
2020-10-24,US,Texas,Maverick,4182,145,0,28.7429195,-100.3157686,48323.0,7121.692040461837,3.4672405547584884,4037,4110,144,0,3966,4084,58485,72,1,0,71,26
2020-10-24,US,Texas,McCulloch,202,4,0,31.1925468,-99.34682807,48307.0,2530.060120240481,1.98019801980198,198,196,4,0,192,194,7987,6,0,0,6,2
2020-10-24,US,Texas,McLennan,9772,130,0,31.55255453,-97.20217694,48309.0,3807.920568304479,1.3303315595579206,9642,9632,130,0,9502,9573,254607,140,0,0,140,59
2020-10-24,US,Texas,McMullen,24,1,0,28.35251708,-98.56769164,48311.0,3230.1480484522212,4.166666666666667,23,24,1,0,23,24,749,0,0,0,0,0
2020-10-24,US,Texas,Medina,1274,48,0,29.355730100000002,-99.11030298,48325.0,2469.7580645161293,3.767660910518053,1226,1262,48,0,1214,1257,50921,12,0,0,12,5
2020-10-24,US,Texas,Menard,62,0,0,30.88990665,-99.82047940000001,48327.0,2899.9064546304962,0.0,62,50,0,0,50,49,2139,12,0,0,12,1
2020-10-24,US,Texas,Midland,4979,90,0,31.86904128,-102.03156820000001,48329.0,2815.6668476293885,1.807591885920868,4889,4979,90,0,4889,4875,172578,0,0,0,0,104
2020-10-24,US,Texas,Milam,545,7,0,30.78581830000001,-96.97718698,48331.0,2195.544454739556,1.2844036697247707,538,542,7,0,535,539,25131,3,0,0,3,3
2020-10-24,US,Texas,Mills,74,1,0,31.49557106,-98.59272068,48333.0,1518.5717217319925,1.351351351351351,73,73,1,0,72,71,4921,1,0,0,1,2
2020-10-24,US,Texas,Mitchell,179,2,0,32.30623474,-100.9212058,48335.0,2094.792276184904,1.11731843575419,177,157,2,0,155,154,8145,22,0,0,22,3
2020-10-24,US,Texas,Montague,270,5,0,33.67521893,-97.72500958,48337.0,1362.3978201634875,1.851851851851852,265,249,5,0,244,245,19596,21,0,0,21,4
2020-10-24,US,Texas,Montgomery,13575,173,0,30.30079133,-95.50572772,48339.0,2234.9689080016,1.274401473296501,13402,13575,172,0,13403,13436,590925,0,1,0,-1,139
2020-10-24,US,Texas,Moore,1317,22,0,35.83769242,-101.8930281,48341.0,6289.398280802293,1.6704631738800304,1295,1305,22,0,1283,1289,21485,12,0,0,12,16
2020-10-24,US,Texas,Morris,217,5,0,33.11304005,-94.73255695,48343.0,1751.6951888924766,2.3041474654377883,212,213,5,0,208,209,12339,4,0,0,4,4
2020-10-24,US,Texas,Motley,17,0,0,34.07408766,-100.77972199999999,48345.0,1416.666666666667,0.0,17,17,0,0,17,14,1234,0,0,0,0,3
2020-10-24,US,Texas,Nacogdoches,1781,68,0,31.62017125,-94.61803994,48347.0,2731.4275197840625,3.8180797304884897,1713,1778,68,0,1710,1768,65711,3,0,0,3,10
2020-10-24,US,Texas,Navarro,1417,32,0,32.04620681,-96.47428766,48349.0,2827.6096022988045,2.2582921665490474,1385,1404,32,0,1372,1393,49565,13,0,0,13,11
2020-10-24,US,Texas,Newton,188,13,0,30.78548982,-93.74408813,48351.0,1382.8613460831189,6.914893617021277,175,188,13,0,175,188,13746,0,0,0,0,0
2020-10-24,US,Texas,Nolan,405,5,0,32.30365282,-100.4060208,48353.0,2752.480630691858,1.2345679012345678,400,383,5,0,378,378,14751,22,0,0,22,5
2020-10-24,US,Texas,Nueces,21166,440,0,27.736286,-97.5433285,48355.0,5842.216542366145,2.0788056316734385,20726,21125,439,0,20686,21087,362265,41,1,0,40,38
2020-10-24,US,Texas,Ochiltree,302,5,0,36.27829105,-100.8158184,48357.0,3070.353802358682,1.6556291390728477,297,288,5,0,283,279,9947,14,0,0,14,9
2020-10-24,US,Texas,Oldham,27,2,0,35.40425596,-102.6027606,48359.0,1278.409090909091,7.407407407407407,25,27,2,0,25,27,2131,0,0,0,0,0
2020-10-24,US,Texas,Orange,2160,46,0,30.11879481,-93.89412775,48361.0,2590.052280684925,2.1296296296296298,2114,2126,46,0,2080,2116,83572,34,0,0,34,10
2020-10-24,US,Texas,Palo Pinto,700,17,0,32.75310985,-98.31319001,48363.0,2398.163691801706,2.4285714285714284,683,678,17,0,661,677,28875,22,0,0,22,1
2020-10-24,US,Texas,Panola,466,28,0,32.163959600000005,-94.30552481,48365.0,2009.1402949038543,6.008583690987124,438,457,28,0,429,455,23148,9,0,0,9,2
2020-10-24,US,Texas,Parker,2400,47,0,32.77757172,-97.80500621,48367.0,1679.7547558056524,1.9583333333333333,2353,2350,45,0,2305,2299,138371,50,2,0,48,51
2020-10-24,US,Texas,Parmer,570,18,0,34.52993409,-102.78446679999999,48369.0,5934.409161894848,3.1578947368421053,552,552,18,0,534,547,9864,18,0,0,18,5
2020-10-24,US,Texas,Pecos,474,7,0,30.78097267,-102.72412609999999,48371.0,2995.6392593060737,1.4767932489451476,467,432,6,0,426,423,15673,42,1,0,41,9
2020-10-24,US,Texas,Polk,912,35,0,30.79472531,-94.82766240000001,48373.0,1775.9429828831812,3.8377192982456134,877,912,32,0,880,912,50031,0,3,0,-3,0
2020-10-24,US,Texas,Potter,7682,100,0,35.40133773,-101.893964,48375.0,6542.605288932419,1.3017443374121322,7582,7682,100,0,7582,7540,119648,0,0,0,0,142
2020-10-24,US,Texas,Presidio,128,7,0,29.99954402,-104.24080790000001,48377.0,1909.307875894988,5.46875,121,124,7,0,117,124,6948,4,0,0,4,0
2020-10-24,US,Texas,Rains,86,5,0,32.87109387,-95.79232691,48379.0,687.2303020616906,5.813953488372092,81,86,5,0,81,85,12159,0,0,0,0,1
2020-10-24,US,Texas,Randall,4883,54,0,34.96585996,-101.8971322,48381.0,3545.7799917219145,1.1058775343026828,4829,4662,50,0,4612,4532,136271,221,4,0,217,130
2020-10-24,US,Texas,Reagan,92,6,0,31.36607041,-101.52326590000001,48383.0,2390.231228890621,6.521739130434782,86,90,6,0,84,90,3741,2,0,0,2,0
2020-10-24,US,Texas,Real,123,8,0,29.83321503,-99.82018052,48385.0,3563.151796060255,6.5040650406504055,115,124,8,0,116,122,3478,-1,0,0,-1,2
2020-10-24,US,Texas,Red River,196,17,0,33.61886692,-95.04841765,48387.0,1630.208766530816,8.673469387755103,179,196,17,0,179,190,12175,0,0,0,0,6
2020-10-24,US,Texas,Reeves,258,6,0,31.32323325,-103.69038959999999,48389.0,1614.9223835753628,2.3255813953488373,252,257,6,0,251,249,15695,1,0,0,1,8
2020-10-24,US,Texas,Refugio,308,16,0,28.323897600000002,-97.15766311,48391.0,4432.930339666091,5.194805194805196,292,305,16,0,289,305,7032,3,0,0,3,0
2020-10-24,US,Texas,Roberts,14,0,0,35.83809685,-100.813175,48393.0,1639.344262295082,0.0,14,14,0,0,14,14,903,0,0,0,0,0
2020-10-24,US,Texas,Robertson,417,4,0,31.02539637,-96.51272246,48395.0,2442.309944945531,0.9592326139088728,413,403,4,0,399,402,17284,14,0,0,14,1
2020-10-24,US,Texas,Rockwall,1896,32,0,32.89779518,-96.40771592,48397.0,1807.177238717057,1.6877637130801688,1864,1854,32,0,1822,1838,100657,42,0,0,42,16
2020-10-24,US,Texas,Runnels,296,9,0,31.8314342,-99.97616148,48399.0,2883.8659392049885,3.0405405405405403,287,289,9,0,280,287,10234,7,0,0,7,2
2020-10-24,US,Texas,Rusk,992,21,0,32.10773545,-94.76176432,48401.0,1823.3283093776424,2.1169354838709675,971,990,21,0,969,990,54450,2,0,0,2,0
2020-10-24,US,Texas,Sabine,92,9,0,31.34318809,-93.85440451,48403.0,872.6996774805542,9.782608695652174,83,90,9,0,81,89,10589,2,0,0,2,1
2020-10-24,US,Texas,San Augustine,214,15,0,31.39457611,-94.17000399,48405.0,2598.0332645380604,7.009345794392522,199,214,15,0,199,214,8232,0,0,0,0,0
2020-10-24,US,Texas,San Jacinto,236,11,0,30.57933681,-95.16260304,48407.0,817.7691534703212,4.6610169491525415,225,236,11,0,225,236,28719,0,0,0,0,0
2020-10-24,US,Texas,San Patricio,1572,80,0,28.00880118,-97.51763891,48409.0,2355.7620260752287,5.089058524173028,1492,1549,80,0,1469,1549,66893,23,0,0,23,0
2020-10-24,US,Texas,San Saba,117,1,0,31.1577796,-98.81758731,48411.0,1932.2873658133774,0.8547008547008547,116,113,1,0,112,112,6054,4,0,0,4,1
2020-10-24,US,Texas,Schleicher,55,2,0,30.89740592,-100.5384842,48413.0,1969.2087361260294,3.636363636363636,53,55,2,0,53,55,2895,0,0,0,0,0
2020-10-24,US,Texas,Scurry,1074,14,0,32.74613808,-100.91626640000001,48415.0,6429.982637849488,1.303538175046555,1060,1035,12,0,1023,995,16866,39,2,0,37,40
2020-10-24,US,Texas,Shackelford,39,0,0,32.73587756,-99.35401337,48417.0,1194.4869831546707,0.0,39,36,0,0,36,35,3253,3,0,0,3,1
2020-10-24,US,Texas,Shelby,542,30,0,31.79211404,-94.14550696,48419.0,2144.4963203291927,5.535055350553505,512,542,30,0,512,542,25418,0,0,0,0,0
2020-10-24,US,Texas,Sherman,77,1,0,36.27751473,-101.8933156,48421.0,2547.981469225678,1.2987012987012987,76,76,1,0,75,72,3079,1,0,0,1,4
2020-10-24,US,Texas,Smith,4317,132,0,32.37474036,-95.27175679999999,48423.0,1854.771837714983,3.0576789437109104,4185,4293,127,0,4166,4269,230221,24,5,0,19,24
2020-10-24,US,Texas,Somervell,156,5,0,32.22236802,-97.77403489,48425.0,1709.0271691498685,3.2051282051282053,151,157,5,0,152,156,9016,-1,0,0,-1,1
2020-10-24,US,Texas,Starr,3534,185,0,26.56150059,-98.73892358,48427.0,5467.795089195923,5.234861346915676,3349,3496,182,0,3314,3492,64525,38,3,0,35,4
2020-10-24,US,Texas,Stephens,160,4,0,32.73553157,-98.83631615,48429.0,1708.306641042067,2.5,156,155,4,0,151,154,9433,5,0,0,5,1
2020-10-24,US,Texas,Sterling,13,0,0,31.82781912,-101.05007459999999,48431.0,1006.9713400464757,0.0,13,12,0,0,12,12,1311,1,0,0,1,0
2020-10-24,US,Texas,Stonewall,19,1,0,33.17906744,-100.25384009999999,48433.0,1407.4074074074076,5.2631578947368425,18,18,1,0,17,18,1362,1,0,0,1,0
2020-10-24,US,Texas,Sutton,108,3,0,30.49856623,-100.5382014,48435.0,2860.1694915254247,2.7777777777777777,105,102,3,0,99,97,3758,6,0,0,6,5
2020-10-24,US,Texas,Swisher,146,3,0,34.53028891,-101.73491740000001,48437.0,1973.773151277545,2.054794520547945,143,140,3,0,137,137,7462,6,0,0,6,3
2020-10-24,US,Texas,Tarrant,63150,813,0,32.77143818,-97.29101614,48439.0,3003.545753538025,1.2874109263657958,62337,62375,801,0,61574,61527,2084931,775,12,0,763,848
2020-10-24,US,Texas,Taylor,1879,64,0,32.30163422,-99.89007449,48441.0,1361.2588202906531,3.4060670569451834,1815,1811,63,0,1748,1785,137640,68,1,0,67,26
2020-10-24,US,Texas,Terrell,4,0,0,30.22429013,-102.0766732,48443.0,515.4639175257731,0.0,4,4,0,0,4,4,823,0,0,0,0,0
2020-10-24,US,Texas,Terry,493,8,0,33.17402785,-102.3354521,48445.0,3996.109264813164,1.6227180527383367,485,493,7,0,486,487,12287,0,1,0,-1,6
2020-10-24,US,Texas,Throckmorton,17,2,0,33.17751417,-99.21226795,48447.0,1132.5782811459028,11.764705882352944,15,17,2,0,15,17,1515,0,0,0,0,0
2020-10-24,US,Texas,Titus,1695,35,0,33.21339719,-94.96797273,48449.0,5175.572519083969,2.0648967551622417,1660,1695,35,0,1660,1695,33033,0,0,0,0,0
2020-10-24,US,Texas,Tom Green,4600,77,0,31.40464436,-100.46244300000001,48451.0,3859.060402684564,1.673913043478261,4523,4548,77,0,4471,4472,118189,52,0,0,52,76
2020-10-24,US,Texas,Travis,31493,449,0,30.33432034,-97.78535620000001,48453.0,2472.067280294265,1.425713650652526,31044,31411,448,0,30963,31327,1248743,82,1,0,81,84
2020-10-24,US,Texas,Trinity,206,7,0,31.0879489,-95.1367187,48455.0,1406.047368780288,3.3980582524271843,199,205,7,0,198,205,14740,1,0,0,1,0
2020-10-24,US,Texas,Tyler,260,4,0,30.77031716,-94.37690895,48457.0,1199.7046880767814,1.5384615384615383,256,259,4,0,255,259,21696,1,0,0,1,0
2020-10-24,US,Texas,Upshur,483,13,0,32.73706798,-94.93999853,48459.0,1156.803103968577,2.691511387163561,470,479,12,0,467,467,41260,4,1,0,3,12
2020-10-24,US,Texas,Upton,27,3,0,31.36868194,-102.0423217,48461.0,738.3100902378999,11.111111111111109,24,27,3,0,24,27,3671,0,0,0,0,0
2020-10-24,US,Texas,Uvalde,828,36,0,29.35739637,-99.76229172,48463.0,3096.3688717699406,4.3478260869565215,792,824,36,0,788,824,26846,4,0,0,4,0
2020-10-24,US,Texas,Val Verde,2489,125,0,29.89149232,-101.1525205,48465.0,5077.0015298317185,5.02209722780233,2364,2431,124,0,2307,2431,49208,58,1,0,57,0
2020-10-24,US,Texas,Van Zandt,668,26,0,32.56483801,-95.83766469,48467.0,1180.420569005125,3.8922155688622753,642,665,26,0,639,662,56019,3,0,0,3,3
2020-10-24,US,Texas,Victoria,4248,97,0,28.79780988,-96.96813006,48469.0,4613.1792711003,2.2834274952919023,4151,4232,97,0,4135,4224,92035,16,0,0,16,8
2020-10-24,US,Texas,Walker,3932,62,0,30.73872995,-95.57440968,48471.0,5388.441983801784,1.5768056968463886,3870,3906,62,0,3844,3854,72480,26,0,0,26,52
2020-10-24,US,Texas,Waller,959,17,0,30.01058447,-95.99011759,48473.0,1735.8722803460885,1.772679874869656,942,952,17,0,935,951,53126,7,0,0,7,1
2020-10-24,US,Texas,Ward,158,1,0,31.50999644,-103.09279090000001,48475.0,1316.8861476912818,0.6329113924050633,157,157,1,0,156,157,11720,1,0,0,1,0
2020-10-24,US,Texas,Washington,694,48,0,30.21498498,-96.40946246,48477.0,1934.1173847611608,6.916426512968299,646,692,48,0,644,692,35108,2,0,0,2,0
2020-10-24,US,Texas,Webb,15011,349,0,27.7610369,-99.33237355,48479.0,5425.950291340746,2.324961694757178,14662,15011,349,0,14662,14949,275910,0,0,0,0,62
2020-10-24,US,Texas,Wharton,1420,58,0,29.27765923,-96.22319248,48481.0,3417.0757532005005,4.084507042253522,1362,1415,58,0,1357,1415,41619,5,0,0,5,0
2020-10-24,US,Texas,Wheeler,76,0,0,35.40114335,-100.26995140000001,48483.0,1503.1645569620252,0.0,76,65,0,0,65,62,5191,11,0,0,11,3
2020-10-24,US,Texas,Wichita,3486,33,0,33.98842886,-98.70410340000001,48485.0,2636.315510852303,0.9466437177280552,3453,3217,31,0,3186,3134,132064,269,2,0,267,83
2020-10-24,US,Texas,Wilbarger,336,3,0,34.07945812,-99.24178437,48487.0,2631.3728561359544,0.8928571428571429,333,313,3,0,310,308,12820,23,0,0,23,5
2020-10-24,US,Texas,Willacy,1222,55,0,26.47411727,-97.61535848,48489.0,5721.509504635265,4.500818330605565,1167,1203,55,0,1148,1202,21515,19,0,0,19,1
2020-10-24,US,Texas,Williamson,9335,152,0,30.64655664,-97.60048540000001,48491.0,1580.7271514229928,1.628280664167113,9183,9335,151,0,9184,9289,566719,0,1,0,-1,46
2020-10-24,US,Texas,Wilson,991,28,0,29.1732598,-98.08693082,48493.0,1940.4738594086548,2.825428859737639,963,991,28,0,963,982,50224,0,0,0,0,9
2020-10-24,US,Texas,Winkler,140,4,0,31.85008651,-103.04851629999999,48495.0,1747.8152309612985,2.8571428571428568,136,137,4,0,133,136,7720,3,0,0,3,1
2020-10-24,US,Texas,Wise,908,15,0,33.21570665,-97.65460265,48497.0,1297.4394147233654,1.6519823788546255,893,885,15,0,870,881,68305,23,0,0,23,4
2020-10-24,US,Texas,Wood,626,39,0,32.78722382,-95.38236368,48499.0,1374.645907903116,6.2300319488817895,587,623,36,0,587,621,45129,3,3,0,0,2
2020-10-24,US,Texas,Yoakum,289,5,0,33.17320212,-102.82764329999999,48501.0,3316.882818776541,1.7301038062283738,284,289,5,0,284,289,8591,0,0,0,0,0
2020-10-24,US,Texas,Young,535,7,0,33.17659707,-98.68790885,48503.0,2970.5719044975012,1.308411214953271,528,507,6,0,501,497,18045,28,1,0,27,10
2020-10-24,US,Texas,Zapata,345,9,0,27.00156391,-99.16987152,48505.0,2433.1758234008043,2.608695652173913,336,342,9,0,333,342,14190,3,0,0,3,0
2020-10-24,US,Texas,Zavala,460,18,0,28.86617238,-99.76050829,48507.0,3885.135135135135,3.9130434782608696,442,458,18,0,440,452,11983,2,0,0,2,6
2020-10-24,US,Utah,Bear River,4956,15,0,41.52106798,-113.08328159999999,0.0,2652.8492971769315,0.3026634382566586,4941,4867,15,0,4852,4754,,89,0,0,89,113
2020-10-24,US,Utah,Central Utah,1203,7,0,39.37231946,-111.5758676,0.0,1467.8966249359396,0.5818786367414797,1196,1176,7,0,1169,1150,,27,0,0,27,26
2020-10-24,US,Utah,Davis,7914,41,0,40.99001837,-112.1139997,49011.0,2226.27932294553,0.5180692443770534,7873,7763,41,0,7722,7610,351713,151,0,0,151,153
2020-10-24,US,Utah,Salt Lake,44305,298,0,40.66616532,-111.92160109999999,49035.0,3817.9582346995135,0.6726103148628823,44007,43647,297,0,43350,42902,1152633,658,1,0,657,745
2020-10-24,US,Utah,San Juan,801,30,0,37.62762978,-109.80337140000002,49037.0,5232.558139534884,3.7453183520599245,771,786,30,0,756,785,15449,15,0,0,15,1
2020-10-24,US,Utah,Southeast Utah,439,3,0,38.99617072,-110.70139579999999,0.0,1091.2525789853094,0.683371298405467,436,422,3,0,419,408,,17,0,0,17,14
2020-10-24,US,Utah,Southwest Utah,5792,49,0,37.85447192,-111.4418764,0.0,2298.029693463788,0.8459944751381215,5743,5705,49,0,5656,5571,,87,0,0,87,134
2020-10-24,US,Utah,Summit,1321,1,0,40.86688146,-110.9535882,49043.0,3134.416894056235,0.0757002271006813,1320,1302,1,0,1301,1274,41933,19,0,0,19,28
2020-10-24,US,Utah,Tooele,1339,2,0,40.44862644,-113.12957150000001,49045.0,1853.0563666809671,0.14936519790888722,1337,1329,2,0,1327,1300,69907,10,0,0,10,29
2020-10-24,US,Utah,TriCounty,399,2,0,40.12491499,-109.5174415,0.0,704.6730952633252,0.5012531328320802,397,384,2,0,382,372,,15,0,0,15,12
2020-10-24,US,Utah,Utah,27326,78,0,40.116672200000004,-111.66576620000001,49049.0,4294.953908540084,0.285442435775452,27248,26948,78,0,26870,26429,622213,378,0,0,378,519
2020-10-24,US,Utah,Wasatch,1060,9,0,40.33110236,-111.1691419,49051.0,3109.3250417998884,0.8490566037735849,1051,1039,9,0,1030,1020,33240,21,0,0,21,19
2020-10-24,US,Utah,Weber-Morgan,6262,33,0,41.27116049,-111.9145117,0.0,2299.357046600352,0.5269881826892366,6229,6141,33,0,6108,5974,,121,0,0,121,167
2020-10-24,US,Vermont,Addison,120,2,0,44.03217337,-73.14130877,50001.0,326.29088832694345,1.6666666666666667,118,117,2,0,115,117,36973,3,0,0,3,0
2020-10-24,US,Vermont,Bennington,136,1,0,43.03519828,-73.09048868,50003.0,383.42261065689314,0.7352941176470589,135,134,1,0,133,134,35631,2,0,0,2,0
2020-10-24,US,Vermont,Caledonia,39,0,0,44.46548598,-72.10314651,50005.0,130.03034041276294,0.0,39,39,0,0,39,38,30302,0,0,0,0,1
2020-10-24,US,Vermont,Chittenden,941,39,0,44.46322849,-73.08359212,50007.0,574.5722764297143,4.144527098831031,902,933,39,0,894,921,164572,8,0,0,8,12
2020-10-24,US,Vermont,Essex,6,0,0,44.72736416,-71.73579864,50009.0,97.35518416355671,0.0,6,6,0,0,6,6,6250,0,0,0,0,0
2020-10-24,US,Vermont,Franklin,134,7,0,44.85627605,-72.91249563,50011.0,271.24407918707743,5.223880597014926,127,133,7,0,126,133,49421,1,0,0,1,0
2020-10-24,US,Vermont,Grand Isle,17,0,0,44.797582399999996,-73.29679772,50013.0,234.96890117484446,0.0,17,17,0,0,17,17,7090,0,0,0,0,0
2020-10-24,US,Vermont,Lamoille,63,1,0,44.60353043,-72.64356694,50015.0,248.403122782115,1.5873015873015872,62,62,1,0,61,61,25300,1,0,0,1,1
2020-10-24,US,Vermont,Orange,32,0,0,44.00470222,-72.37640104,50017.0,110.75730305967049,0.0,32,31,0,0,31,31,28999,1,0,0,1,0
2020-10-24,US,Vermont,Orleans,30,0,0,44.82964024,-72.24562697,50019.0,110.95905610829605,0.0,30,28,0,0,28,27,26907,2,0,0,2,1
2020-10-24,US,Vermont,Rutland,133,1,0,43.57723578,-73.03741676,50021.0,228.5576807410081,0.7518796992481203,132,133,1,0,132,133,58672,0,0,0,0,0
2020-10-24,US,Vermont,Unassigned,8,0,0,0.0,0.0,90050.0,0.0,0.0,8,8,0,0,8,8,,0,0,0,0,0
2020-10-24,US,Vermont,Washington,122,2,0,44.27343241,-72.61604978,50023.0,208.87192042322246,1.639344262295082,120,119,2,0,117,109,58140,3,0,0,3,10
2020-10-24,US,Vermont,Windham,145,3,0,42.986982,-72.71268875,50025.0,343.42286012031644,2.0689655172413794,142,140,3,0,137,138,42756,5,0,0,5,2
2020-10-24,US,Vermont,Windsor,117,2,0,43.58010937,-72.58595157,50027.0,212.48774109186007,1.709401709401709,115,116,2,0,114,114,55286,1,0,0,1,2
2020-10-24,US,Virginia,Accomack,1206,19,0,37.76707161,-75.63234615,51001.0,3731.8975120683253,1.5754560530679933,1187,1206,19,0,1187,1204,32412,0,0,0,0,2
2020-10-24,US,Virginia,Albemarle,1545,24,0,38.02080697,-78.55481085,51003.0,1413.1528400256104,1.5533980582524272,1521,1530,24,0,1506,1519,108718,15,0,0,15,11
2020-10-24,US,Virginia,Alexandria,4200,74,0,38.814003,-77.08183073,51510.0,2634.4180445091197,1.761904761904762,4126,4179,75,0,4104,4162,160530,21,-1,0,22,17
2020-10-24,US,Virginia,Alleghany,109,4,0,37.78636074,-80.00222498,51005.0,733.5127860026918,3.669724770642202,105,105,4,0,101,95,14910,4,0,0,4,10
2020-10-24,US,Virginia,Amelia,145,6,0,37.34081025,-77.98584649,51007.0,1103.081019399011,4.137931034482759,139,143,6,0,137,139,13013,2,0,0,2,4
2020-10-24,US,Virginia,Amherst,568,4,0,37.60308293,-79.14548696,51009.0,1797.1839898750195,0.7042253521126759,564,563,4,0,559,555,31666,5,0,0,5,8
2020-10-24,US,Virginia,Appomattox,284,6,0,37.37569884,-78.81340003,51011.0,1784.9286657029727,2.112676056338028,278,281,5,0,276,281,15841,3,1,0,2,0
2020-10-24,US,Virginia,Arlington,4508,154,0,38.8767675,-77.10139853,51013.0,1903.3786237238328,3.4161490683229814,4354,4488,153,0,4335,4457,237521,20,1,0,19,31
2020-10-24,US,Virginia,Augusta,653,8,0,38.16404586,-79.12461614,51015.0,864.2367452817704,1.2251148545176107,645,647,8,0,639,638,75457,6,0,0,6,9
2020-10-24,US,Virginia,Bath,24,0,0,38.05852573,-79.73912095,51017.0,578.7316132143717,0.0,24,24,0,0,24,23,4292,0,0,0,0,1
2020-10-24,US,Virginia,Bedford,1163,17,0,37.3080028,-79.5281964,51019.0,1472.2078053596972,1.4617368873602752,1146,1151,17,0,1134,1135,78747,12,0,0,12,16
2020-10-24,US,Virginia,Bland,64,5,0,37.13128068,-81.13599391,51021.0,1019.108280254777,7.8125,59,64,5,0,59,64,6293,0,0,0,0,0
2020-10-24,US,Virginia,Botetourt,380,12,0,37.55531756,-79.80982182,51023.0,1137.0777102845684,3.1578947368421053,368,378,12,0,366,370,33277,2,0,0,2,8
2020-10-24,US,Virginia,Bristol,257,7,0,36.616302399999995,-82.16359122,51520.0,1533.2299248299726,2.723735408560312,250,253,7,0,246,245,16482,4,0,0,4,8
2020-10-24,US,Virginia,Brunswick,420,5,0,36.76366949,-77.8593436,51025.0,2587.6409340151567,1.1904761904761905,415,419,5,0,414,416,16384,1,0,0,1,3
2020-10-24,US,Virginia,Buchanan,249,2,0,37.26818323,-82.03749726,51027.0,1185.4884783850694,0.8032128514056225,247,246,2,0,244,245,21221,3,0,0,3,1
2020-10-24,US,Virginia,Buckingham,732,9,0,37.57242268,-78.52518834,51029.0,4268.719384184745,1.2295081967213115,723,731,9,0,722,726,16999,1,0,0,1,5
2020-10-24,US,Virginia,Buena Vista,121,1,0,37.73484642,-79.35296097,51530.0,1867.8604507564066,0.8264462809917356,120,121,1,0,120,121,6237,0,0,0,0,0
2020-10-24,US,Virginia,Campbell,676,8,0,37.20553386,-79.09678609,51031.0,1231.6662111688074,1.183431952662722,668,672,8,0,664,667,54973,4,0,0,4,5
2020-10-24,US,Virginia,Caroline,410,6,0,38.02679129,-77.34901405,51033.0,1334.4182262001627,1.4634146341463414,404,406,6,0,400,402,30772,4,0,0,4,4
2020-10-24,US,Virginia,Carroll,592,28,0,36.73066666,-80.73455942,51035.0,1987.1773354368768,4.729729729729731,564,584,27,0,557,578,29636,8,1,0,7,6
2020-10-24,US,Virginia,Charles City,99,5,0,37.35358063,-77.05634116,51036.0,1421.8009478672986,5.05050505050505,94,98,5,0,93,97,6941,1,0,0,1,1
2020-10-24,US,Virginia,Charlotte,212,1,0,37.01909701,-78.66314092,51037.0,1784.5117845117843,0.4716981132075472,211,203,1,0,202,202,11938,9,0,0,9,1
2020-10-24,US,Virginia,Charlottesville,1564,31,0,38.03527919,-78.48569588,51540.0,3308.932424998942,1.9820971867007675,1533,1556,31,0,1525,1543,48117,8,0,0,8,13
2020-10-24,US,Virginia,Chesapeake,4833,78,0,36.67670048,-76.30545744,51550.0,1973.9824779953851,1.6139044072004969,4755,4823,78,0,4745,4806,242634,10,0,0,10,17
2020-10-24,US,Virginia,Chesterfield,6934,102,0,37.37373208,-77.58680140000001,51041.0,1965.4083593630414,1.4710124026535907,6832,6869,101,0,6768,6851,348556,65,1,0,64,18
2020-10-24,US,Virginia,Clarke,117,1,0,39.11271747,-77.99199425,51043.0,800.3283398317259,0.8547008547008547,116,116,1,0,115,115,14523,1,0,0,1,1
2020-10-24,US,Virginia,Colonial Heights,300,26,0,37.26420587,-77.39609676,51570.0,1727.1157167530225,8.666666666666666,274,298,26,0,272,290,17833,2,0,0,2,8
2020-10-24,US,Virginia,Covington,35,0,0,37.7824656,-79.98631446,51580.0,631.9971108703503,0.0,35,35,0,0,35,35,5460,0,0,0,0,0
2020-10-24,US,Virginia,Craig,49,0,0,37.48133648,-80.21072274,51045.0,954.9795361527968,0.0,49,50,0,0,50,47,5064,-1,0,0,-1,3
2020-10-24,US,Virginia,Culpeper,1340,18,0,38.48199985,-77.95630870000002,51047.0,2547.286379621709,1.3432835820895523,1322,1338,18,0,1320,1335,51859,2,0,0,2,3
2020-10-24,US,Virginia,Cumberland,116,2,0,37.51328851,-78.24398086,51049.0,1167.9420056383408,1.7241379310344829,114,115,2,0,113,114,9809,1,0,0,1,1
2020-10-24,US,Virginia,Danville,1167,42,0,36.58022376,-79.40395668,51590.0,2914.2942762960743,3.5989717223650386,1125,1161,42,0,1119,1157,40693,6,0,0,6,4
2020-10-24,US,Virginia,Dickenson,134,1,0,37.12560977,-82.35124171,51051.0,935.8849001257158,0.746268656716418,133,128,1,0,127,127,14523,6,0,0,6,1
2020-10-24,US,Virginia,Dinwiddie,505,12,0,37.07544585,-77.63451754,51053.0,1769.1984304932737,2.376237623762376,493,501,12,0,489,498,28529,4,0,0,4,3
2020-10-24,US,Virginia,Emporia,289,28,0,36.69455571,-77.53406129,51595.0,5405.910961466517,9.688581314878894,261,286,28,0,258,285,5121,3,0,0,3,1
2020-10-24,US,Virginia,Essex,193,2,0,37.93357639,-76.94230311,51057.0,1762.074317538574,1.0362694300518134,191,191,2,0,189,191,10919,2,0,0,2,0
2020-10-24,US,Virginia,Fairfax,23232,606,0,38.83677558,-77.27565836,51059.0,2024.5187062321568,2.6084710743801653,22626,23137,606,0,22531,23015,1150795,95,0,0,95,122
2020-10-24,US,Virginia,Fairfax,23232,606,0,38.83677558,-77.27565836,51059.0,2024.5187062321568,2.6084710743801653,22626,23137,606,0,22531,23015,24574,95,0,0,95,122
2020-10-24,US,Virginia,Fairfax City,157,8,0,38.85157547,-77.29779640000002,51600.0,653.6491943877762,5.095541401273885,149,156,8,0,148,156,24574,1,0,0,1,0
2020-10-24,US,Virginia,Falls Church,74,7,0,38.88485255,-77.17560759,51610.0,506.2598344393513,9.459459459459461,67,74,7,0,67,74,14772,0,0,0,0,0
2020-10-24,US,Virginia,Fauquier,1076,27,0,38.73564842,-77.80647472,51061.0,1510.769144365505,2.509293680297398,1049,1073,27,0,1046,1066,70675,3,0,0,3,7
2020-10-24,US,Virginia,Floyd,240,15,0,36.9302126,-80.36738849,51063.0,1523.9062797637946,6.25,225,241,15,0,226,237,15795,-1,0,0,-1,4
2020-10-24,US,Virginia,Fluvanna,419,9,0,37.84157909,-78.27715475,51065.0,1536.4869820315366,2.1479713603818618,410,416,9,0,407,415,26783,3,0,0,3,1
2020-10-24,US,Virginia,Franklin,194,1,0,36.99536167,-79.88023649,51067.0,346.1689447200313,0.5154639175257731,193,194,1,0,193,194,56195,0,0,0,0,0
2020-10-24,US,Virginia,Franklin,194,1,0,36.99536167,-79.88023649,51067.0,346.1689447200313,0.5154639175257731,193,194,1,0,193,194,8013,0,0,0,0,0
2020-10-24,US,Virginia,Franklin City,489,13,0,36.6831435,-76.93859681,51620.0,6137.8185013179345,2.6584867075664618,476,489,12,0,477,482,8013,0,1,0,-1,7
2020-10-24,US,Virginia,Frederick,1144,13,0,39.20172582,-78.25974949,51069.0,1280.8885604559246,1.1363636363636365,1131,1137,13,0,1124,1123,88355,7,0,0,7,14
2020-10-24,US,Virginia,Fredericksburg,585,6,0,38.2977863,-77.4922454,51630.0,2014.7403223584515,1.0256410256410255,579,582,6,0,576,583,29144,3,0,0,3,-1
2020-10-24,US,Virginia,Galax,439,30,0,36.66601852,-80.91703124,51640.0,6916.6535371041455,6.83371298405467,409,436,30,0,406,436,6423,3,0,0,3,0
2020-10-24,US,Virginia,Giles,122,0,0,37.31234791,-80.70636931,51071.0,729.665071770335,0.0,122,122,0,0,122,119,16844,0,0,0,0,3
2020-10-24,US,Virginia,Gloucester,343,3,0,37.40809042,-76.53524337,51073.0,918.3892042411908,0.8746355685131195,340,342,3,0,339,340,37349,1,0,0,1,2
2020-10-24,US,Virginia,Goochland,324,7,0,37.71714806,-77.90381514,51075.0,1364.0382267503053,2.1604938271604937,317,321,7,0,314,319,23244,3,0,0,3,2
2020-10-24,US,Virginia,Grayson,373,19,0,36.65677234,-81.23215889,51077.0,2398.7138263665593,5.093833780160859,354,374,19,0,355,371,15631,-1,0,0,-1,3
2020-10-24,US,Virginia,Greene,291,3,0,38.29545894,-78.46525378,51079.0,1468.288006458449,1.0309278350515465,288,280,3,0,277,279,19779,11,0,0,11,1
2020-10-24,US,Virginia,Greensville,890,14,0,36.67878901,-77.56351439,51081.0,7851.093860268173,1.5730337078651686,876,890,14,0,876,887,11627,0,0,0,0,3
2020-10-24,US,Virginia,Halifax,484,8,0,36.76654925,-78.93512622,51083.0,1427.2654890743418,1.6528925619834711,476,472,8,0,464,467,34120,12,0,0,12,5
2020-10-24,US,Virginia,Hampton,2090,32,0,37.03513786,-76.35879121,51650.0,1553.7878224667306,1.5311004784688995,2058,2079,32,0,2047,2071,134313,11,0,0,11,8
2020-10-24,US,Virginia,Hanover,1591,42,0,37.7583355,-77.49464673,51085.0,1476.3468997643042,2.6398491514770583,1549,1580,42,0,1538,1571,107239,11,0,0,11,9
2020-10-24,US,Virginia,Harrisonburg,2985,35,0,38.43542574,-78.87536254,51660.0,5630.3757356269825,1.1725293132328307,2950,2962,35,0,2927,2954,54033,23,0,0,23,8
2020-10-24,US,Virginia,Henrico,6175,232,0,37.53460572,-77.39326555,51087.0,1866.5852523139608,3.7570850202429154,5943,6136,229,0,5907,6096,329261,39,3,0,36,40
2020-10-24,US,Virginia,Henry,1283,31,0,36.68542395,-79.87634026,51089.0,2537.729691239591,2.4162120031176935,1252,1276,31,0,1245,1268,50953,7,0,0,7,8
2020-10-24,US,Virginia,Highland,10,0,0,38.35799465,-79.56124594,51091.0,456.6210045662101,0.0,10,9,0,0,9,9,2210,1,0,0,1,0
2020-10-24,US,Virginia,Hopewell,500,7,0,37.29186313,-77.29754684,51670.0,2219.361711571752,1.4,493,497,7,0,490,493,22596,3,0,0,3,4
2020-10-24,US,Virginia,Isle of Wight,856,26,0,36.90579348,-76.70842863,51093.0,2306.718046835,3.037383177570093,830,849,25,0,824,841,36953,7,1,0,6,8
2020-10-24,US,Virginia,James City,942,22,0,37.31156958,-76.76950618,51095.0,1231.0024437097345,2.335456475583864,920,936,22,0,914,933,76397,6,0,0,6,3
2020-10-24,US,Virginia,King George,267,5,0,38.26818502,-77.15852768,51099.0,994.9321806528543,1.8726591760299625,262,266,4,0,262,265,26575,1,1,0,0,1
2020-10-24,US,Virginia,King William,199,3,0,37.70965316,-77.09384941,51101.0,1160.4851877770002,1.5075376884422111,196,199,2,0,197,197,16939,0,1,0,-1,2
2020-10-24,US,Virginia,King and Queen,85,2,0,37.71044922,-76.88689628,51097.0,1209.964412811388,2.3529411764705883,83,86,2,0,84,86,7042,-1,0,0,-1,0
2020-10-24,US,Virginia,Lancaster,197,1,0,37.71889653,-76.46400482,51103.0,1857.9647269640668,0.5076142131979695,196,196,1,0,195,188,10783,1,0,0,1,8
2020-10-24,US,Virginia,Lee,437,9,0,36.70586667,-83.12606515,51105.0,1865.687572044572,2.059496567505721,428,423,9,0,414,422,23541,14,0,0,14,1
2020-10-24,US,Virginia,Lexington,223,1,0,37.78258621,-79.44262866,51678.0,2994.8965887724958,0.4484304932735426,222,217,1,0,216,210,7136,6,0,0,6,7
2020-10-24,US,Virginia,Loudoun,7730,130,0,39.08990083,-77.63481877,51107.0,1869.2357171529584,1.6817593790426908,7600,7704,130,0,7574,7680,406850,26,0,0,26,24
2020-10-24,US,Virginia,Louisa,385,8,0,37.97850256,-77.96274807,51109.0,1024.1813199968078,2.0779220779220777,377,378,8,0,370,377,36778,7,0,0,7,1
2020-10-24,US,Virginia,Lunenburg,150,4,0,36.94618528,-78.24133319,51111.0,1229.911446375861,2.6666666666666665,146,146,3,0,143,145,12086,4,1,0,3,1
2020-10-24,US,Virginia,Lynchburg,1905,25,0,37.40021399,-79.19888138,51680.0,2318.420796417097,1.3123359580052494,1880,1893,25,0,1868,1882,82126,12,0,0,12,11
2020-10-24,US,Virginia,Madison,129,3,0,38.41531222,-78.28220331,51113.0,972.7773169444237,2.3255813953488373,126,128,3,0,125,125,13295,1,0,0,1,3
2020-10-24,US,Virginia,Manassas,2026,27,0,38.7464321,-77.48509905,51683.0,4931.240111963004,1.332675222112537,1999,2029,27,0,2002,2025,41641,-3,0,0,-3,4
2020-10-24,US,Virginia,Manassas Park,640,8,0,38.77058531,-77.44399307,51685.0,3661.7461952168437,1.25,632,641,8,0,633,639,17307,-1,0,0,-1,2
2020-10-24,US,Virginia,Martinsville,477,24,0,36.68212094,-79.86352771,51690.0,3799.585789389836,5.031446540880503,453,472,23,0,449,469,12902,5,1,0,4,3
2020-10-24,US,Virginia,Mathews,131,0,0,37.44164146,-76.34098896,51115.0,1482.9069504188365,0.0,131,130,0,0,130,130,8802,1,0,0,1,0
2020-10-24,US,Virginia,Mecklenburg,865,35,0,36.67882005,-78.36131056,51117.0,2827.998823029392,4.0462427745664735,830,858,35,0,823,857,30650,7,0,0,7,1
2020-10-24,US,Virginia,Middlesex,144,11,0,37.63191998,-76.55064617,51119.0,1360.8013608013607,7.638888888888888,133,143,11,0,132,143,10769,1,0,0,1,0
2020-10-24,US,Virginia,Montgomery,2686,5,0,37.17746986,-80.37868691,51121.0,2725.934946973157,0.18615040953090095,2681,2632,5,0,2627,2597,98985,54,0,0,54,35
2020-10-24,US,Virginia,Nelson,136,2,0,37.78790447,-78.88498513,51125.0,910.9176155391827,1.4705882352941178,134,136,2,0,134,135,14836,0,0,0,0,1
2020-10-24,US,Virginia,New Kent,281,3,0,37.50694406,-76.99828634,51127.0,1216.924342817548,1.0676156583629892,278,276,3,0,273,274,22391,5,0,0,5,2
2020-10-24,US,Virginia,Newport News,3142,51,0,37.08166899,-76.51754109,51700.0,1753.103640675129,1.6231699554423933,3091,3119,50,0,3069,3103,178626,23,1,0,22,16
2020-10-24,US,Virginia,Norfolk,5306,85,0,36.89934014,-76.26420872,51710.0,2185.859884156841,1.6019600452318132,5221,5282,85,0,5197,5243,244076,24,0,0,24,39
2020-10-24,US,Virginia,Northampton,317,31,0,37.34062933,-75.87751591,51131.0,2707.0879590093937,9.779179810725553,286,316,31,0,285,316,11735,1,0,0,1,0
2020-10-24,US,Virginia,Northumberland,214,7,0,37.89202088,-76.41949732,51133.0,1769.3261678379495,3.2710280373831777,207,213,7,0,206,213,12147,1,0,0,1,0
2020-10-24,US,Virginia,Norton,48,0,0,36.93357076,-82.62750411,51720.0,1205.7272042200452,0.0,48,47,0,0,47,46,3968,1,0,0,1,1
2020-10-24,US,Virginia,Nottoway,339,21,0,37.1435975,-78.05065922,51135.0,2225.5777310924373,6.1946902654867255,318,336,21,0,315,336,15420,3,0,0,3,0
2020-10-24,US,Virginia,Orange,388,5,0,38.24530219,-78.01560400000002,51137.0,1047.2052036382283,1.2886597938144329,383,385,5,0,380,379,36644,3,0,0,3,6
2020-10-24,US,Virginia,Page,463,30,0,38.61807452,-78.48797204,51139.0,1937.0763952807295,6.479481641468682,433,464,30,0,434,463,23933,-1,0,0,-1,1
2020-10-24,US,Virginia,Patrick,317,27,0,36.680163799999995,-80.2865648,51141.0,1800.3180372557931,8.517350157728707,290,314,27,0,287,313,17673,3,0,0,3,1
2020-10-24,US,Virginia,Petersburg,912,30,0,37.20530399,-77.39368102,51730.0,2909.462132329484,3.2894736842105265,882,905,29,0,876,899,31567,7,1,0,6,6
2020-10-24,US,Virginia,Pittsylvania,1255,17,0,36.81980341,-79.39731264,51143.0,2079.3982171852736,1.3545816733067728,1238,1248,17,0,1231,1242,60949,7,0,0,7,6
2020-10-24,US,Virginia,Poquoson,94,2,0,37.14259351,-76.35798148,51735.0,766.0337380816559,2.127659574468085,92,93,2,0,91,91,12190,1,0,0,1,2
2020-10-24,US,Virginia,Portsmouth,2798,69,0,36.85914825,-76.35971629,51740.0,2964.0458484289916,2.4660471765546816,2729,2793,69,0,2724,2762,94632,5,0,0,5,31
2020-10-24,US,Virginia,Powhatan,304,5,0,37.55016038,-77.91267882,51145.0,1025.2259544044246,1.6447368421052633,299,294,5,0,289,290,29189,10,0,0,10,4
2020-10-24,US,Virginia,Prince Edward,745,13,0,37.22554789,-78.43597949,51147.0,3267.2572581352515,1.74496644295302,732,739,13,0,726,733,22950,6,0,0,6,6
2020-10-24,US,Virginia,Prince George,1067,6,0,37.18497668,-77.22922187,51149.0,2782.0509477746195,0.5623242736644799,1061,1065,6,0,1059,1055,38082,2,0,0,2,10
2020-10-24,US,Virginia,Prince William,13949,223,0,38.70916224,-77.48713689,51153.0,2965.7584487652416,1.5986809090257366,13726,13912,223,0,13689,13832,468011,37,0,0,37,80
2020-10-24,US,Virginia,Pulaski,279,6,0,37.06474963,-80.71229738,51155.0,819.9371087665677,2.150537634408602,273,278,6,0,272,280,34066,1,0,0,1,-2
2020-10-24,US,Virginia,Radford,919,1,0,37.12222899,-80.56027320000003,51750.0,5035.89237766453,0.1088139281828074,918,907,1,0,906,898,18339,12,0,0,12,9
2020-10-24,US,Virginia,Rappahannock,69,2,0,38.68295619,-78.15826963,51157.0,936.2279511533244,2.898550724637681,67,69,2,0,67,68,7252,0,0,0,0,1
2020-10-24,US,Virginia,Richmond,374,5,0,37.937575,-76.72920628,51159.0,4144.962872658761,1.3368983957219251,369,368,5,0,363,365,9038,6,0,0,6,3
2020-10-24,US,Virginia,Richmond City,5235,76,0,37.53255773,-77.47966921,51760.0,2271.7804509712023,1.4517669531996182,5159,5218,68,0,5150,5176,228783,17,8,0,9,42
2020-10-24,US,Virginia,Roanoke,1424,14,0,37.26865804,-80.06396753,51161.0,1511.9019811861635,0.9831460674157304,1410,1391,13,0,1378,1364,94073,33,1,0,32,27
2020-10-24,US,Virginia,Roanoke City,2624,37,0,37.27791025,-79.96189766,51770.0,2646.682065299617,1.4100609756097562,2587,2578,35,0,2543,2517,99920,46,2,0,44,61
2020-10-24,US,Virginia,Rockbridge,150,3,0,37.81204314,-79.44605905,51163.0,664.5106986222478,2.0,147,150,3,0,147,148,22752,0,0,0,0,2
2020-10-24,US,Virginia,Rockingham,1734,27,0,38.51006137,-78.87260325,51165.0,2115.97598477083,1.5570934256055364,1707,1721,26,0,1695,1709,81244,13,1,0,12,12
2020-10-24,US,Virginia,Russell,460,8,0,36.93028320000001,-82.10095486,51167.0,1730.2339577221094,1.7391304347826086,452,458,8,0,450,448,26748,2,0,0,2,10
2020-10-24,US,Virginia,Salem,517,6,0,37.2836193,-80.06219455,51775.0,2043.3974941701908,1.1605415860735009,511,508,6,0,502,501,25643,9,0,0,9,7
2020-10-24,US,Virginia,Scott,339,5,0,36.71466456,-82.60171704,51169.0,1571.918761012705,1.4749262536873156,334,319,5,0,314,310,21534,20,0,0,20,9
2020-10-24,US,Virginia,Shenandoah,949,61,0,38.85905135,-78.56813762,51171.0,2175.807043286867,6.42781875658588,888,941,60,0,881,936,43497,8,1,0,7,5
2020-10-24,US,Virginia,Smyth,614,25,0,36.84455636,-81.53344948,51173.0,2039.5960669678448,4.071661237785016,589,610,24,0,586,607,30472,4,1,0,3,3
2020-10-24,US,Virginia,Southampton,914,37,0,36.72231125,-77.10642712,51175.0,5184.050819579151,4.048140043763676,877,911,34,0,877,907,17586,3,3,0,0,4
2020-10-24,US,Virginia,Spotsylvania,2399,51,0,38.18574462,-77.655399,51177.0,1761.1863597988474,2.12588578574406,2348,2389,50,0,2339,2367,134238,10,1,0,9,22
2020-10-24,US,Virginia,Stafford,2316,20,0,38.41758738,-77.45917053,51179.0,1514.8938396933584,0.8635578583765112,2296,2314,20,0,2294,2307,149960,2,0,0,2,7
2020-10-24,US,Virginia,Staunton,377,3,0,38.15965544,-79.05979937,51790.0,1512.1129472164291,0.7957559681697612,374,371,1,0,370,367,24922,6,2,0,4,4
2020-10-24,US,Virginia,Suffolk,2280,78,0,36.70155394,-76.63603554,51800.0,2475.355018022321,3.421052631578948,2202,2277,77,0,2200,2266,91185,3,1,0,2,11
2020-10-24,US,Virginia,Surry,140,5,0,37.11781893,-76.88450012,51181.0,2180.0062285892245,3.571428571428572,135,140,5,0,135,140,6474,0,0,0,0,0
2020-10-24,US,Virginia,Sussex,640,13,0,36.92432914,-77.25791182,51183.0,5735.280939152253,2.03125,627,639,13,0,626,639,11237,1,0,0,1,0
2020-10-24,US,Virginia,Tazewell,473,2,0,37.12191123,-81.56685568,51185.0,1165.1681241532208,0.4228329809725159,471,466,2,0,464,447,40855,7,0,0,7,19
2020-10-24,US,Virginia,Virginia Beach,7758,104,0,36.73285734,-76.04566934,51810.0,1724.0996146444018,1.3405516885795308,7654,7722,103,0,7619,7679,450189,36,1,0,35,43
2020-10-24,US,Virginia,Warren,566,20,0,38.90847745,-78.20280433,51187.0,1409.2221890249975,3.53356890459364,546,563,20,0,543,559,40003,3,0,0,3,4
2020-10-24,US,Virginia,Washington,934,26,0,36.72341572,-81.95666289,51191.0,1737.9977670264236,2.78372591006424,908,899,26,0,873,867,54402,35,0,0,35,32
2020-10-24,US,Virginia,Waynesboro,386,4,0,38.06451466,-78.90293905,51820.0,1705.7003977021652,1.0362694300518134,382,385,3,0,382,378,22628,1,1,0,0,7
2020-10-24,US,Virginia,Westmoreland,335,5,0,38.11021557,-76.80213247,51193.0,1859.5614765473213,1.492537313432836,330,336,5,0,331,334,17830,-1,0,0,-1,2
2020-10-24,US,Virginia,Williamsburg,213,8,0,37.28131268,-76.70905141,51830.0,1424.3680620569744,3.755868544600939,205,211,8,0,203,210,14896,2,0,0,2,1
2020-10-24,US,Virginia,Winchester,594,5,0,39.17054517,-78.17325058,51840.0,2115.535294536648,0.8417508417508418,589,588,4,0,584,577,28108,6,1,0,5,11
2020-10-24,US,Virginia,Wise,569,10,0,36.9746148,-82.62410519,51195.0,1522.082229890592,1.7574692442882252,559,554,9,0,545,550,38012,15,1,0,14,4
2020-10-24,US,Virginia,Wythe,329,6,0,36.91582035,-81.07834059,51197.0,1146.980895272626,1.82370820668693,323,326,6,0,320,323,28754,3,0,0,3,3
2020-10-24,US,Virginia,York,629,9,0,37.24374789,-76.54412815,51199.0,921.2067955477446,1.4308426073131957,620,626,9,0,617,626,67846,3,0,0,3,0
2020-10-24,US,Washington,Adams,913,10,0,46.98299757,-118.56017340000001,53001.0,4568.883551018364,1.095290251916758,903,912,10,0,902,912,19759,1,0,0,1,0
2020-10-24,US,Washington,Asotin,220,7,0,46.18894415,-117.2022851,53003.0,974.2272606500752,3.1818181818181817,213,208,7,0,201,200,22610,12,0,0,12,8
2020-10-24,US,Washington,Benton,5158,134,0,46.23946995,-119.51208340000001,53005.0,2523.6068300797497,2.5979061651803024,5024,5099,134,0,4965,5085,201877,59,0,0,59,14
2020-10-24,US,Washington,Chelan,1990,16,0,47.87046092,-120.6173956,53007.0,2577.720207253886,0.8040201005025126,1974,1982,16,0,1966,1976,77036,8,0,0,8,6
2020-10-24,US,Washington,Clallam,262,1,0,48.04754642,-123.92263190000001,53009.0,338.8033259624213,0.3816793893129771,261,260,1,0,259,258,76737,2,0,0,2,2
2020-10-24,US,Washington,Clark,4250,77,0,45.77568046,-122.48292040000001,53011.0,870.4717547276857,1.811764705882353,4173,4180,77,0,4103,4108,481857,70,0,0,70,72
2020-10-24,US,Washington,Columbia,14,1,0,46.29442881,-117.9051983,53013.0,351.3174404015057,7.142857142857142,13,14,1,0,13,14,4059,0,0,0,0,0
2020-10-24,US,Washington,Cowlitz,795,7,0,46.19074721,-122.6782231,53015.0,718.8520069082132,0.8805031446540881,788,792,7,0,785,779,108987,3,0,0,3,13
2020-10-24,US,Washington,Douglas,1229,9,0,47.7361335,-119.69293700000001,53017.0,2829.9062838195678,0.7323026851098454,1220,1229,9,0,1220,1227,42907,0,0,0,0,2
2020-10-24,US,Washington,Ferry,34,0,0,48.471143100000006,-118.5154041,53019.0,445.7847122066343,0.0,34,34,0,0,34,33,7649,0,0,0,0,1
2020-10-24,US,Washington,Franklin,4754,67,0,46.53351425,-118.9018212,53021.0,4992.543739892042,1.409339503575936,4687,4721,67,0,4654,4717,94347,33,0,0,33,4
2020-10-24,US,Washington,Garfield,14,0,0,46.43197502,-117.54540320000001,53023.0,629.2134831460675,0.0,14,14,0,0,14,14,2247,0,0,0,0,0
2020-10-24,US,Washington,Grant,3316,26,0,47.20753737,-119.4500749,53025.0,3392.91743832687,0.7840772014475271,3290,3309,26,0,3283,3300,97331,7,0,0,7,9
2020-10-24,US,Washington,Grays Harbor,680,11,0,47.14003705,-123.7820567,53027.0,905.929843727102,1.6176470588235294,669,672,11,0,661,659,73901,8,0,0,8,13
2020-10-24,US,Washington,Island,376,12,0,48.14713305,-122.5216407,53029.0,441.6203709141306,3.191489361702128,364,372,12,0,360,371,84460,4,0,0,4,1
2020-10-24,US,Washington,Jefferson,86,0,0,47.75003077,-123.56097040000002,53031.0,266.90667577046025,0.0,86,84,0,0,84,82,31729,2,0,0,2,2
2020-10-24,US,Washington,King,26164,798,0,47.49137892,-121.8346131,53033.0,1161.4084274465972,3.0499923559088824,25366,25896,798,0,25098,25712,2233163,268,0,0,268,184
2020-10-24,US,Washington,Kitsap,1460,22,0,47.63479026,-122.6436061,53035.0,537.8067063759563,1.5068493150684932,1438,1453,22,0,1431,1445,269805,7,0,0,7,8
2020-10-24,US,Washington,Kittitas,710,22,0,47.12521214,-120.67943899999999,53037.0,1481.172420986753,3.0985915492957745,688,708,22,0,686,691,47364,2,0,0,2,17
2020-10-24,US,Washington,Klickitat,208,3,0,45.87325839,-120.7913598,53039.0,927.5362318840581,1.4423076923076923,205,207,3,0,204,206,22107,1,0,0,1,1
2020-10-24,US,Washington,Lewis,698,12,0,46.57756476,-122.39257690000001,53041.0,864.8568277844548,1.7191977077363896,686,688,12,0,676,685,79604,10,0,0,10,3
2020-10-24,US,Washington,Lincoln,76,2,0,47.57705241,-118.41943880000001,53043.0,694.7618612304598,2.631578947368421,74,75,2,0,73,73,10740,1,0,0,1,2
2020-10-24,US,Washington,Mason,512,9,0,47.35007586,-123.1863685,53045.0,766.8344116942247,1.7578125,503,511,9,0,502,507,65507,1,0,0,1,4
2020-10-24,US,Washington,Okanogan,1098,11,0,48.54855019,-119.73872240000001,53047.0,2599.2472125559266,1.0018214936247722,1087,1097,11,0,1086,1096,42132,1,0,0,1,1
2020-10-24,US,Washington,Pacific,117,3,0,46.55418369,-123.7285716,53049.0,520.6710871790308,2.5641025641025643,114,117,3,0,114,114,22036,0,0,0,0,3
2020-10-24,US,Washington,Pend Oreille,137,1,0,48.53234021,-117.2741804,53051.0,998.2512387059166,0.7299270072992701,136,137,1,0,136,136,13602,0,0,0,0,1
2020-10-24,US,Washington,Pierce,9792,219,0,47.03892768,-122.14059579999999,53053.0,1082.0128621626998,2.2365196078431366,9573,9664,219,0,9445,9547,891299,128,0,0,128,117
2020-10-24,US,Washington,San Juan,30,0,0,48.60182783,-122.96745,53055.0,170.62905243999546,0.0,30,30,0,0,30,30,17128,0,0,0,0,0
2020-10-24,US,Washington,Skagit,1237,23,0,48.48171488,-121.766131,53057.0,957.3932897333694,1.8593371059013744,1214,1226,23,0,1203,1224,128206,11,0,0,11,2
2020-10-24,US,Washington,Skamania,71,1,0,46.02408726,-121.91644029999999,53059.0,587.6024166183895,1.4084507042253518,70,71,1,0,70,72,11924,0,0,0,0,-1
2020-10-24,US,Washington,Snohomish,8459,228,0,48.04615983,-121.7170703,53061.0,1028.9715272058904,2.6953540607636834,8231,8363,228,0,8135,8280,814901,96,0,0,96,83
2020-10-24,US,Washington,Spokane,9034,195,0,47.62113146,-117.4046494,53063.0,1728.0096710392927,2.158512286916095,8839,8945,195,0,8750,8829,514631,89,0,0,89,116
2020-10-24,US,Washington,Stevens,247,5,0,48.40035475,-117.8542701,53065.0,540.2095225597619,2.0242914979757085,242,244,5,0,239,241,45260,3,0,0,3,3
2020-10-24,US,Washington,Thurston,1538,23,0,46.9291895,-122.82906559999999,53067.0,529.3664124239336,1.495448634590377,1515,1523,23,0,1500,1483,286419,15,0,0,15,40
2020-10-24,US,Washington,Unassigned,375,3,0,0.0,0.0,90053.0,0.0,0.8,372,374,3,0,371,357,,1,0,0,1,17
2020-10-24,US,Washington,Wahkiakum,10,0,0,46.29180039999999,-123.4250831,53069.0,222.81639928698758,0.0,10,10,0,0,10,10,4426,0,0,0,0,0
2020-10-24,US,Washington,Walla Walla,1078,6,0,46.23040051,-118.4775539,53071.0,1774.1935483870968,0.5565862708719852,1072,1049,6,0,1043,1035,60922,29,0,0,29,14
2020-10-24,US,Washington,Whatcom,1560,49,0,48.82227976,-121.74900179999999,53073.0,680.4887304959279,3.141025641025641,1511,1553,49,0,1504,1544,225685,7,0,0,7,9
2020-10-24,US,Washington,Whitman,1747,12,0,46.90022523,-117.52417630000001,53075.0,3486.7475650646657,0.6868918145392101,1735,1733,12,0,1721,1714,49791,14,0,0,14,19
2020-10-24,US,Washington,Yakima,11815,271,0,46.45738486,-120.73801259999999,53077.0,4709.5542366057725,2.2936944561997463,11544,11789,271,0,11518,11759,251446,26,0,0,26,30
2020-10-24,US,West Virginia,Barbour,172,1,0,39.1307219,-80.00350858,54001.0,1046.1650751170853,0.5813953488372093,171,166,1,0,165,166,16535,6,0,0,6,0
2020-10-24,US,West Virginia,Berkeley,1507,17,0,39.46704621,-78.02414609,54003.0,1264.5694002735565,1.12806901128069,1490,1497,17,0,1480,1473,117123,10,0,0,10,24
2020-10-24,US,West Virginia,Boone,335,3,0,38.01974191,-81.69888019,54005.0,1561.2620590017245,0.8955223880597015,332,325,3,0,322,318,21951,10,0,0,10,7
2020-10-24,US,West Virginia,Braxton,59,0,0,38.70036159,-80.72011184,54007.0,422.7269470516586,0.0,59,56,0,0,56,51,14089,3,0,0,3,5
2020-10-24,US,West Virginia,Brooke,202,4,0,40.27367263,-80.57915332,54009.0,920.7347645745019,1.98019801980198,198,201,4,0,197,199,22203,1,0,0,1,2
2020-10-24,US,West Virginia,Cabell,1317,20,0,38.42424062,-82.23855912,54011.0,1432.378052096362,1.5186028853454825,1297,1293,20,0,1273,1266,93224,24,0,0,24,27
2020-10-24,US,West Virginia,Calhoun,33,0,0,38.84315422,-81.11934872,54013.0,464.20030946687297,0.0,33,33,0,0,33,33,7254,0,0,0,0,0
2020-10-24,US,West Virginia,Clay,58,3,0,38.46231092,-81.07652217,54015.0,681.7113305124589,5.172413793103448,55,58,3,0,55,56,8632,0,0,0,0,2
2020-10-24,US,West Virginia,Doddridge,70,1,0,39.27057157,-80.70671527,54017.0,828.5984848484848,1.4285714285714286,69,69,1,0,68,67,8406,1,0,0,1,2
2020-10-24,US,West Virginia,Fayette,752,20,0,38.02974928,-81.08286634,54019.0,1773.3339621751638,2.6595744680851063,732,745,20,0,725,739,43018,7,0,0,7,6
2020-10-24,US,West Virginia,Gilmer,64,0,0,38.9251277,-80.85952723,54021.0,818.100472964336,0.0,64,64,0,0,64,64,8026,0,0,0,0,0
2020-10-24,US,West Virginia,Grant,182,8,0,39.10314817,-79.19440518,54023.0,1573.3056708160445,4.395604395604397,174,179,8,0,171,179,11626,3,0,0,3,0
2020-10-24,US,West Virginia,Greenbrier,171,4,0,37.9463652,-80.45335881,54025.0,493.33564133633377,2.3391812865497075,167,167,4,0,163,165,34786,4,0,0,4,2
2020-10-24,US,West Virginia,Hampshire,123,1,0,39.32103553,-78.60826476,54027.0,530.7443365695793,0.8130081300813008,122,123,1,0,122,122,23347,0,0,0,0,1
2020-10-24,US,West Virginia,Hancock,210,1,0,40.51943859,-80.57461608,54029.0,728.9135716765013,0.4761904761904762,209,207,1,0,206,198,29094,3,0,0,3,9
2020-10-24,US,West Virginia,Hardy,103,1,0,39.00683177,-78.85855301,54031.0,747.6771196283389,0.9708737864077671,102,102,1,0,101,102,13775,1,0,0,1,0
2020-10-24,US,West Virginia,Harrison,634,12,0,39.2853852,-80.37919577,54033.0,942.6668252646604,1.892744479495268,622,632,12,0,620,629,67554,2,0,0,2,3
2020-10-24,US,West Virginia,Jackson,376,24,0,38.84263974,-81.68148753,54035.0,1315.7894736842104,6.382978723404255,352,368,24,0,344,363,28706,8,0,0,8,5
2020-10-24,US,West Virginia,Jefferson,558,4,0,39.30776166,-77.86014147,54037.0,976.44629545375,0.7168458781362007,554,554,4,0,550,545,56811,4,0,0,4,9
2020-10-24,US,West Virginia,Kanawha,3510,101,0,38.33860077,-81.52857054,54039.0,1970.5373784554572,2.8774928774928776,3409,3459,101,0,3358,3426,180454,51,0,0,51,33
2020-10-24,US,West Virginia,Lewis,74,2,0,38.9947249,-80.49988181,54041.0,465.2039982397687,2.702702702702702,72,72,2,0,70,70,16024,2,0,0,2,2
2020-10-24,US,West Virginia,Lincoln,232,2,0,38.172154,-82.07017953,54043.0,1136.7533931108826,0.8620689655172413,230,225,2,0,223,221,20599,7,0,0,7,4
2020-10-24,US,West Virginia,Logan,740,45,0,37.8299889,-81.93528571,54045.0,2311.1277678878164,6.081081081081082,695,738,45,0,693,727,32607,2,0,0,2,11
2020-10-24,US,West Virginia,Marion,369,5,0,39.50984542,-80.24244659,54049.0,658.0824654016266,1.3550135501355014,364,367,5,0,362,366,56097,2,0,0,2,1
2020-10-24,US,West Virginia,Marshall,279,3,0,39.86064362,-80.66591062,54051.0,913.8252923258328,1.075268817204301,276,274,3,0,271,267,30785,5,0,0,5,7
2020-10-24,US,West Virginia,Mason,172,6,0,38.77071799,-82.02524219,54053.0,648.66495700709,3.4883720930232562,166,170,6,0,164,168,26718,2,0,0,2,2
2020-10-24,US,West Virginia,McDowell,113,1,0,37.38002939,-81.65083669,54047.0,641.1711302768953,0.8849557522123894,112,112,1,0,111,107,18223,1,0,0,1,5
2020-10-24,US,West Virginia,Mercer,667,30,0,37.40481169,-81.11023142,54055.0,1135.1645733346948,4.497751124437781,637,644,30,0,614,625,59131,23,0,0,23,19
2020-10-24,US,West Virginia,Mineral,207,4,0,39.41561583,-78.94104895,54057.0,770.4332291201429,1.932367149758454,203,207,4,0,203,204,26940,0,0,0,0,3
2020-10-24,US,West Virginia,Mingo,553,10,0,37.73048351,-82.13338365,54059.0,2360.8265027322404,1.8083182640144664,543,546,10,0,536,538,23785,7,0,0,7,8
2020-10-24,US,West Virginia,Monongalia,2269,5,0,39.63218457,-80.04766838,54061.0,2148.430102639852,0.22036139268400176,2264,2259,5,0,2254,2248,106420,10,0,0,10,11
2020-10-24,US,West Virginia,Monroe,223,8,0,37.56274716,-80.54577965,54063.0,1679.84934086629,3.5874439461883414,215,223,8,0,215,214,13280,0,0,0,0,9
2020-10-24,US,West Virginia,Morgan,131,0,0,39.55439028,-78.26311676,54065.0,732.4983225229256,0.0,131,123,0,0,123,114,17787,8,0,0,8,9
2020-10-24,US,West Virginia,Nicholas,183,3,0,38.29617706,-80.79759588,54067.0,747.0607446113651,1.639344262295082,180,180,3,0,177,179,24842,3,0,0,3,1
2020-10-24,US,West Virginia,Ohio,497,8,0,40.0955451,-80.62203992,54069.0,1200.1642075776967,1.6096579476861168,489,487,8,0,479,485,41755,10,0,0,10,2
2020-10-24,US,West Virginia,Pendleton,75,1,0,38.68314479,-79.35084086,54071.0,1076.194575979337,1.3333333333333333,74,75,1,0,74,73,6997,0,0,0,0,2
2020-10-24,US,West Virginia,Pleasants,24,3,0,39.37091679,-81.16771771,54073.0,321.71581769436995,12.5,21,23,3,0,20,23,7507,1,0,0,1,0
2020-10-24,US,West Virginia,Pocahontas,68,0,0,38.32758728,-80.00993811,54075.0,824.5422577907118,0.0,68,68,0,0,68,66,8414,0,0,0,0,2
2020-10-24,US,West Virginia,Preston,194,4,0,39.46770987,-79.66712803,54077.0,580.2823642019623,2.061855670103093,190,192,4,0,188,186,33839,2,0,0,2,6
2020-10-24,US,West Virginia,Putnam,835,13,0,38.50782345,-81.9082131,54079.0,1479.185119574845,1.5568862275449102,822,827,13,0,814,810,56682,8,0,0,8,17
2020-10-24,US,West Virginia,Raleigh,723,8,0,37.76936795,-81.2456041,54081.0,985.5372745736836,1.1065006915629323,715,712,8,0,704,702,74254,11,0,0,11,10
2020-10-24,US,West Virginia,Randolph,408,1,0,38.769899,-79.87919615,54083.0,1421.850496602195,0.24509803921568624,407,399,1,0,398,395,28823,9,0,0,9,4
2020-10-24,US,West Virginia,Ritchie,36,0,0,39.18094587,-81.06356878,54085.0,376.80552648105515,0.0,36,34,0,0,34,33,9721,2,0,0,2,1
2020-10-24,US,West Virginia,Roane,96,2,0,38.71622686,-81.35243568,54087.0,701.3442431326711,2.083333333333333,94,94,2,0,92,92,13932,2,0,0,2,2
2020-10-24,US,West Virginia,Summers,96,1,0,37.65390597,-80.86009693,54089.0,763.5409210212358,1.0416666666666667,95,92,1,0,91,88,12760,4,0,0,4,4
2020-10-24,US,West Virginia,Taylor,165,8,0,39.33602617,-80.0421439,54091.0,988.3198562443846,4.848484848484849,157,165,8,0,157,164,16862,0,0,0,0,1
2020-10-24,US,West Virginia,Tucker,62,0,0,39.11240885,-79.57053576,54093.0,906.565287322708,0.0,62,61,0,0,61,60,6955,1,0,0,1,1
2020-10-24,US,West Virginia,Tyler,30,1,0,39.46811972,-80.88772676,54095.0,349.20265394016997,3.333333333333333,29,30,1,0,29,28,8746,0,0,0,0,2
2020-10-24,US,West Virginia,Upshur,238,2,0,38.89285061,-80.23689136,54097.0,984.447385837194,0.8403361344537815,236,234,2,0,232,233,24415,4,0,0,4,1
2020-10-24,US,West Virginia,Wayne,551,11,0,38.14901357,-82.42287994,54099.0,1398.406172275519,1.996370235934664,540,531,11,0,520,523,39944,20,0,0,20,8
2020-10-24,US,West Virginia,Webster,25,0,0,38.49370949,-80.4202023,54101.0,308.1094404732561,0.0,25,25,0,0,25,25,8285,0,0,0,0,0
2020-10-24,US,West Virginia,Wetzel,136,1,0,39.6065771,-80.64016540000001,54103.0,902.7547295054762,0.7352941176470589,135,134,1,0,133,112,15270,2,0,0,2,22
2020-10-24,US,West Virginia,Wirt,41,0,0,39.02775007,-81.37473928,54105.0,704.3463322453186,0.0,41,37,0,0,37,35,5830,4,0,0,4,2
2020-10-24,US,West Virginia,Wood,528,6,0,39.20967886,-81.5162836,54107.0,632.199046912043,1.1363636363636365,522,519,6,0,513,513,84203,9,0,0,9,6
2020-10-24,US,West Virginia,Wyoming,240,5,0,37.612327,-81.54511071,54109.0,1176.8167107972936,2.083333333333333,235,216,5,0,211,202,20786,24,0,0,24,14
2020-10-24,US,Wisconsin,Adams,447,4,0,43.96974651,-89.76782777,55001.0,2210.6824925816018,0.8948545861297539,443,435,4,0,431,425,20348,12,0,0,12,10
2020-10-24,US,Wisconsin,Ashland,257,3,0,46.31956891,-90.67837132,55003.0,1651.4586814034185,1.1673151750972763,254,256,3,0,253,251,15600,1,0,0,1,5
2020-10-24,US,Wisconsin,Barron,970,6,0,45.42372701,-91.84833627,55005.0,2143.930686941915,0.6185567010309279,964,931,6,0,925,895,45164,39,0,0,39,36
2020-10-24,US,Wisconsin,Bayfield,204,1,0,46.52868768,-91.19716729,55007.0,1356.7438148443734,0.4901960784313725,203,200,1,0,199,192,15042,4,0,0,4,8
2020-10-24,US,Wisconsin,Brown,14433,89,0,44.452655299999996,-88.00411844,55009.0,5455.844440580324,0.6166424166839881,14344,14270,89,0,14181,13966,263378,163,0,0,163,304
2020-10-24,US,Wisconsin,Buffalo,242,3,0,44.37835084,-91.75332578,55011.0,1857.1099685365664,1.2396694214876034,239,235,3,0,232,226,13125,7,0,0,7,9
2020-10-24,US,Wisconsin,Burnett,292,6,0,45.86303537,-92.36711412,55013.0,1894.3817308939927,2.054794520547945,286,292,6,0,286,286,15392,0,0,0,0,6
2020-10-24,US,Wisconsin,Calumet,2569,11,0,44.0816316,-88.21780273,55015.0,5128.870610313642,0.42818217205138187,2558,2520,11,0,2509,2452,50159,49,0,0,49,68
2020-10-24,US,Wisconsin,Chippewa,1397,11,0,45.06939744,-91.28068855,55017.0,2160.5988431439264,0.7874015748031497,1386,1318,10,0,1308,1279,64135,79,1,0,78,39
2020-10-24,US,Wisconsin,Clark,793,15,0,44.73483377,-90.61207486,55019.0,2280.439408753666,1.8915510718789408,778,767,16,0,751,738,34709,26,-1,0,27,29
2020-10-24,US,Wisconsin,Columbia,1652,5,0,43.46492199,-89.33589004,55021.0,2871.4454564416333,0.3026634382566586,1647,1610,5,0,1605,1575,57358,42,0,0,42,35
2020-10-24,US,Wisconsin,Crawford,313,0,0,43.23870316,-90.93073686,55023.0,1940.3632756803672,0.0,313,311,0,0,311,308,16291,2,0,0,2,3
2020-10-24,US,Wisconsin,Dane,13831,48,0,43.06601594,-89.41733797,55025.0,2529.929851196737,0.3470464897693587,13783,13555,47,0,13508,13315,542364,276,1,0,275,240
2020-10-24,US,Wisconsin,Dodge,3672,27,0,43.41576662,-88.70928178,55027.0,4180.375459647765,0.7352941176470589,3645,3473,24,0,3449,3379,87847,199,3,0,196,94
2020-10-24,US,Wisconsin,Door,725,5,0,44.95856458,-87.30002707,55029.0,2620.3556455110597,0.6896551724137931,720,723,4,0,719,695,27610,2,1,0,1,28
2020-10-24,US,Wisconsin,Douglas,738,1,0,46.43222285,-91.91595768,55031.0,1710.3128621089224,0.13550135501355012,737,726,1,0,725,715,43208,12,0,0,12,11
2020-10-24,US,Wisconsin,Dunn,982,1,0,44.94562799,-91.8962481,55033.0,2164.521248457062,0.10183299389002036,981,972,1,0,971,929,45131,10,0,0,10,43
2020-10-24,US,Wisconsin,Eau Claire,3057,12,0,44.726614,-91.28609183,55035.0,2921.2774496875177,0.3925417075564279,3045,2941,12,0,2929,2850,104534,116,0,0,116,91
2020-10-24,US,Wisconsin,Florence,206,7,0,45.84963535,-88.39804137,55037.0,4796.27473806752,3.3980582524271843,199,200,6,0,194,198,4321,6,1,0,5,2
2020-10-24,US,Wisconsin,Fond du Lac,4126,19,0,43.75354908,-88.48885325,55039.0,3990.213049911512,0.4604944255937954,4107,3953,19,0,3934,3835,103066,173,0,0,173,118
2020-10-24,US,Wisconsin,Forest,442,10,0,45.66678019,-88.77084892,55041.0,4908.929364726788,2.262443438914027,432,430,10,0,420,417,8991,12,0,0,12,13
2020-10-24,US,Wisconsin,Grant,1758,29,0,42.8671731,-90.7063218,55043.0,3417.6403118256567,1.6496018202502845,1729,1727,28,0,1699,1688,51554,31,1,0,30,39
2020-10-24,US,Wisconsin,Green,904,5,0,42.6794956,-89.60243287,55045.0,2445.887445887445,0.5530973451327433,899,883,5,0,878,855,36929,21,0,0,21,28
2020-10-24,US,Wisconsin,Green Lake,692,2,0,43.80025981,-89.04679553,55047.0,3658.8589858827263,0.28901734104046245,690,675,2,0,673,653,18918,17,0,0,17,22
2020-10-24,US,Wisconsin,Iowa,432,1,0,43.00050278,-90.13469017,55049.0,1824.4784187853704,0.2314814814814815,431,417,1,0,416,407,23771,15,0,0,15,10
2020-10-24,US,Wisconsin,Iron,179,2,0,46.26302338,-90.24295041,55051.0,3147.5294531387376,1.11731843575419,177,178,2,0,176,177,5676,1,0,0,1,1
2020-10-24,US,Wisconsin,Jackson,364,1,0,44.31864893,-90.80566792,55053.0,1763.3095964733814,0.27472527472527475,363,342,1,0,341,326,20478,22,0,0,22,16
2020-10-24,US,Wisconsin,Jefferson,2545,10,0,43.02054068,-88.77529134,55055.0,3002.276775708101,0.3929273084479371,2535,2446,10,0,2436,2380,85129,99,0,0,99,66
2020-10-24,US,Wisconsin,Juneau,733,4,0,43.92456975,-90.11120239,55057.0,2746.6556750477757,0.5457025920873124,729,719,4,0,715,707,26617,14,0,0,14,12
2020-10-24,US,Wisconsin,Kenosha,4720,76,0,42.57639354,-88.04051686,55059.0,2783.658978184842,1.6101694915254237,4644,4663,74,0,4589,4603,169290,57,2,0,55,60
2020-10-24,US,Wisconsin,Kewaunee,1015,6,0,44.51727459,-87.61468386,55061.0,4967.211510228051,0.5911330049261084,1009,1004,6,0,998,981,20383,11,0,0,11,23
2020-10-24,US,Wisconsin,La Crosse,4025,20,0,43.90632465,-91.11451093,55063.0,3410.5545010845985,0.4968944099378882,4005,3984,17,0,3967,3961,118230,41,3,0,38,23
2020-10-24,US,Wisconsin,Lafayette,502,1,0,42.66005229,-90.1317729,55065.0,3012.301230123013,0.199203187250996,501,492,1,0,491,478,16665,10,0,0,10,14
2020-10-24,US,Wisconsin,Langlade,858,9,0,45.26271619,-89.07483625,55067.0,4471.311688988483,1.048951048951049,849,803,9,0,794,774,19268,55,0,0,55,29
2020-10-24,US,Wisconsin,Lincoln,713,7,0,45.33737523,-89.73411273,55069.0,2583.988692784402,0.9817671809256662,706,685,7,0,678,649,27689,28,0,0,28,36
2020-10-24,US,Wisconsin,Manitowoc,2556,10,0,44.11946801,-87.80928853,55071.0,3236.2213696965086,0.3912363067292645,2546,2424,9,0,2415,2385,79074,132,1,0,131,39
2020-10-24,US,Wisconsin,Marathon,4157,45,0,44.89792533,-89.75863384,55073.0,3063.5556996727887,1.0825114265095022,4112,4011,45,0,3966,3859,135428,146,0,0,146,152
2020-10-24,US,Wisconsin,Marinette,1599,11,0,45.38553432,-88.03324599999998,55075.0,3962.825278810409,0.6879299562226392,1588,1578,11,0,1567,1532,40434,21,0,0,21,46
2020-10-24,US,Wisconsin,Marquette,591,2,0,43.81911946,-89.40073763,55077.0,3794.786182098369,0.33840947546531297,589,576,2,0,574,556,15434,15,0,0,15,20
2020-10-24,US,Wisconsin,Menominee,283,0,0,45.00422544,-88.70950714,55078.0,6211.589113257242,0.0,283,273,0,0,273,257,4658,10,0,0,10,16
2020-10-24,US,Wisconsin,Milwaukee,38108,567,0,43.00486062,-87.96733172,55079.0,4029.496915597118,1.4878765613519471,37541,37887,565,0,37322,37082,948201,221,2,0,219,805
2020-10-24,US,Wisconsin,Monroe,1052,4,0,43.94641218,-90.61881899999999,55081.0,2274.4470628932177,0.3802281368821293,1048,1028,4,0,1024,1007,46051,24,0,0,24,21
2020-10-24,US,Wisconsin,Oconto,2014,13,0,45.02715345,-88.26807503,55083.0,5309.78117585025,0.6454816285998014,2001,1971,13,0,1958,1942,37830,43,0,0,43,29
2020-10-24,US,Wisconsin,Oneida,1158,9,0,45.70677897,-89.51944105,55085.0,3253.2659081331653,0.7772020725388601,1149,1119,8,0,1111,1072,35470,39,1,0,38,47
2020-10-24,US,Wisconsin,Outagamie,8723,62,0,44.41578887,-88.46565023,55087.0,4642.733587034622,0.7107646451908747,8661,8472,60,0,8412,8294,187365,251,2,0,249,178
2020-10-24,US,Wisconsin,Ozaukee,2084,23,0,43.38352225,-87.94625009,55089.0,2335.772968247385,1.1036468330134357,2061,2016,23,0,1993,2001,89147,68,0,0,68,15
2020-10-24,US,Wisconsin,Pepin,124,0,0,44.58307413,-91.99949611,55091.0,1701.6604912858515,0.0,124,118,0,0,118,112,7289,6,0,0,6,6
2020-10-24,US,Wisconsin,Pierce,655,7,0,44.71850291,-92.4224416,55093.0,1532.0203957524445,1.068702290076336,648,649,7,0,642,639,42555,6,0,0,6,10
2020-10-24,US,Wisconsin,Polk,491,2,0,45.46130348,-92.44182875,55095.0,1121.439828243839,0.4073319755600815,489,473,2,0,471,454,43598,18,0,0,18,19
2020-10-24,US,Wisconsin,Portage,2565,19,0,44.47558711,-89.50152965,55097.0,3624.3147007291027,0.7407407407407407,2546,2510,19,0,2491,2433,70942,55,0,0,55,77
2020-10-24,US,Wisconsin,Price,335,1,0,45.68051754,-90.36098879999999,55099.0,2509.175342670961,0.29850746268656714,334,329,1,0,328,317,13397,6,0,0,6,12
2020-10-24,US,Wisconsin,Racine,6948,107,0,42.74753117,-88.05941254,55101.0,3539.282057551538,1.5400115141047783,6841,6814,107,0,6707,6616,196584,134,0,0,134,198
2020-10-24,US,Wisconsin,Richland,433,8,0,43.3762778,-90.43012729,55103.0,2509.8539299791328,1.8475750577367205,425,422,6,0,416,415,17377,11,2,0,9,7
2020-10-24,US,Wisconsin,Rock,4607,42,0,42.67151616,-89.07147900000002,55105.0,2820.2553962559837,0.9116561753852832,4565,4520,41,0,4479,4455,163129,87,1,0,86,65
2020-10-24,US,Wisconsin,Rusk,190,1,0,45.47498854,-91.1333012,55107.0,1340.1043870785725,0.5263157894736842,189,182,1,0,181,165,14147,8,0,0,8,17
2020-10-24,US,Wisconsin,Sauk,1611,7,0,43.42574087,-89.94966132,55111.0,2499.9224108500666,0.4345127250155183,1604,1586,7,0,1579,1535,64249,25,0,0,25,51
2020-10-24,US,Wisconsin,Sawyer,362,2,0,45.87931905,-91.14504927,55113.0,2186.254378548134,0.5524861878453039,360,356,1,0,355,353,16489,6,1,0,5,3
2020-10-24,US,Wisconsin,Shawano,2287,18,0,44.78902246,-88.76443896,55115.0,5591.823760972151,0.7870572802798426,2269,2215,17,0,2198,2135,40796,72,1,0,71,80
2020-10-24,US,Wisconsin,Sheboygan,4375,24,0,43.72099677,-87.94579284,55117.0,3793.1333448933588,0.5485714285714286,4351,4202,24,0,4178,4101,115456,173,0,0,173,101
2020-10-24,US,Wisconsin,St. Croix,1669,11,0,45.03437474,-92.45000068,55109.0,1840.3960876421095,0.6590772917914919,1658,1609,10,0,1599,1582,89694,60,1,0,59,27
2020-10-24,US,Wisconsin,Taylor,449,7,0,45.21179252,-90.5004405,55119.0,2207.147421717544,1.55902004454343,442,424,7,0,417,407,20412,25,0,0,25,17
2020-10-24,US,Wisconsin,Trempealeau,965,2,0,44.30360275,-91.35893614,55121.0,3254.747209012108,0.20725388601036268,963,961,2,0,959,922,29442,4,0,0,4,39
2020-10-24,US,Wisconsin,Vernon,463,2,0,43.59422667,-90.8324691,55123.0,1502.1737719810526,0.4319654427645788,461,463,3,0,460,454,30785,0,-1,0,1,9
2020-10-24,US,Wisconsin,Vilas,521,5,0,46.05467334,-89.51719204,55125.0,2347.3755350304127,0.9596928982725528,516,509,5,0,504,479,21938,12,0,0,12,30
2020-10-24,US,Wisconsin,Walworth,3282,37,0,42.66858202,-88.54163073,55127.0,3159.779720414372,1.1273613650213286,3245,3213,37,0,3176,3186,103718,69,0,0,69,27
2020-10-24,US,Wisconsin,Washburn,223,2,0,45.89838588,-91.79050449,55129.0,1418.5750636132316,0.8968609865470852,221,217,2,0,215,212,15878,6,0,0,6,5
2020-10-24,US,Wisconsin,Washington,4198,43,0,43.36863664,-88.22974712,55131.0,3085.9932075804577,1.0242972844211529,4155,4076,43,0,4033,4044,135693,122,0,0,122,32
2020-10-24,US,Wisconsin,Waukesha,11615,112,0,43.01833055,-88.30431188,55133.0,2873.591655574743,0.9642703400774859,11503,11389,112,0,11277,11116,403072,226,0,0,226,273
2020-10-24,US,Wisconsin,Waupaca,2261,39,0,44.47068056,-88.96534501,55135.0,4434.202784859776,1.7249004865103936,2222,2149,38,0,2111,2116,51128,112,1,0,111,33
2020-10-24,US,Wisconsin,Waushara,945,5,0,44.11324419,-89.24317107,55137.0,3866.137544491265,0.5291005291005291,940,906,5,0,901,867,24263,39,0,0,39,39
2020-10-24,US,Wisconsin,Winnebago,8281,55,0,44.06886922,-88.64477096,55139.0,4817.139499845847,0.6641709938413235,8226,8159,54,0,8105,7989,171020,122,1,0,121,170
2020-10-24,US,Wisconsin,Wood,1572,9,0,44.45537896,-90.04158336,55141.0,2153.454156906259,0.5725190839694656,1563,1536,9,0,1527,1444,73055,36,0,0,36,92
2020-10-24,US,Wyoming,Albany,1247,3,0,41.65498705,-105.72354150000001,56001.0,3207.304526748971,0.24057738572574175,1244,1214,3,0,1211,1167,38601,33,0,0,33,47
2020-10-24,US,Wyoming,Big Horn,208,2,0,44.52405055,-107.9960365,56003.0,1764.2069550466495,0.9615384615384616,206,201,2,0,199,189,11881,7,0,0,7,12
2020-10-24,US,Wyoming,Campbell,805,3,0,44.24886082,-105.54744040000001,56005.0,1737.1226343842386,0.3726708074534161,802,765,3,0,762,701,46140,40,0,0,40,64
2020-10-24,US,Wyoming,Carbon,304,2,0,41.69357844,-106.9326084,56007.0,2054.054054054054,0.6578947368421053,302,299,2,0,297,295,14971,5,0,0,5,4
2020-10-24,US,Wyoming,Converse,286,0,0,42.97272268,-105.5081848,56009.0,2069.1650991173487,0.0,286,283,0,0,283,275,13640,3,0,0,3,8
2020-10-24,US,Wyoming,Crook,100,1,0,44.58855102,-104.56977049999999,56011.0,1318.565400843882,1.0,99,98,1,0,97,91,7450,2,0,0,2,7
2020-10-24,US,Wyoming,Fremont,1212,15,0,43.04183996,-108.6296893,56013.0,3087.032933445404,1.2376237623762376,1197,1189,15,0,1174,1150,39531,23,0,0,23,39
2020-10-24,US,Wyoming,Goshen,152,3,0,42.08798185,-104.3534743,56015.0,1150.556354553024,1.973684210526316,149,148,3,0,145,146,13376,4,0,0,4,2
2020-10-24,US,Wyoming,Hot Springs,50,0,0,43.71930657,-108.44231740000001,56017.0,1133.0160888284613,0.0,50,49,0,0,49,46,4555,1,0,0,1,3
2020-10-24,US,Wyoming,Johnson,88,2,0,44.04057166,-106.58451740000001,56019.0,1042.0367081113084,2.272727272727273,86,83,2,0,81,77,8460,5,0,0,5,6
2020-10-24,US,Wyoming,Laramie,1407,4,0,41.30702520000001,-104.6887497,56021.0,1414.070351758794,0.2842928216062545,1403,1366,4,0,1362,1308,98976,41,0,0,41,58
2020-10-24,US,Wyoming,Lincoln,328,2,0,42.26376367,-110.6563997,56023.0,1654.0595057992941,0.6097560975609756,326,326,2,0,324,321,19434,2,0,0,2,5
2020-10-24,US,Wyoming,Natrona,1231,9,0,42.96180148,-106.79788500000001,56025.0,1541.4861378947633,0.7311129163281884,1222,1193,9,0,1184,1136,79115,38,0,0,38,57
2020-10-24,US,Wyoming,Niobrara,7,0,0,43.05607708,-104.47588959999999,56027.0,297.11375212224107,0.0,7,7,0,0,7,7,2388,0,0,0,0,0
2020-10-24,US,Wyoming,Park,547,3,0,44.52157546,-109.58528249999999,56029.0,1873.672672466945,0.5484460694698354,544,536,3,0,533,504,29324,11,0,0,11,32
2020-10-24,US,Wyoming,Platte,117,1,0,42.13299116,-104.96633100000001,56031.0,1394.0188252114858,0.8547008547008547,116,115,1,0,114,113,8566,2,0,0,2,2
2020-10-24,US,Wyoming,Sheridan,659,4,0,44.79048913,-106.8862389,56033.0,2161.7188781367886,0.6069802731411229,655,634,4,0,630,598,30233,25,0,0,25,36
2020-10-24,US,Wyoming,Sublette,158,1,0,42.76558279,-109.91309220000001,56035.0,1607.1610212592816,0.6329113924050633,157,158,1,0,157,157,9813,0,0,0,0,1
2020-10-24,US,Wyoming,Sweetwater,456,2,0,41.65943896,-108.8827882,56037.0,1076.9194435916208,0.43859649122807015,454,451,2,0,449,443,43051,5,0,0,5,8
2020-10-24,US,Wyoming,Teton,743,1,0,43.93522482,-110.5890801,56039.0,3166.5530173883394,0.13458950201884254,742,740,1,0,739,727,23081,3,0,0,3,13
2020-10-24,US,Wyoming,Uinta,428,3,0,41.2878183,-110.54757820000002,56041.0,2116.08820330268,0.7009345794392523,425,425,3,0,422,410,20299,3,0,0,3,15
2020-10-24,US,Wyoming,Washakie,145,7,0,43.90451606,-107.68018700000002,56043.0,1857.783472133248,4.827586206896552,138,144,7,0,137,143,7885,1,0,0,1,1
2020-10-24,US,Wyoming,Weston,127,0,0,43.83961191,-104.56748809999999,56045.0,1833.4055146528078,0.0,127,121,0,0,121,115,6967,6,0,0,6,6
