Date,Country/Region,Province/State,Admin2,Confirmed,Deaths,Recovered,Latitude,Longitude,FIPS,Incidence_Rate,Case-Fatality_Ratio,Active Cases,Previous Confirmed,Previous Deaths,Previous Recovered,Previous Active,Prev2 Confirmed,Population,Daily Confirmed,Daily Deaths,Daily Recovered,Daily Active,Previous Daily Confirmed
2020-07-25,US,Alabama,Autauga,900,20,0,32.53952745,-86.64408227,1001.0,1610.9112387907426,2.2222222222222223,880,891,20,0,871,877,55601,9,0,0,9,14
2020-07-25,US,Alabama,Baldwin,2620,17,0,30.72774991,-87.72207058,1003.0,1173.656342671815,0.648854961832061,2603,2473,17,0,2456,2423,218022,147,0,0,147,50
2020-07-25,US,Alabama,Barbour,516,4,0,31.868263,-85.3871286,1005.0,2090.253585027951,0.7751937984496124,512,507,4,0,503,501,24881,9,0,0,9,6
2020-07-25,US,Alabama,Bibb,312,2,0,32.99642064,-87.12511459999996,1007.0,1393.230329552559,0.6410256410256411,310,297,2,0,295,284,22400,15,0,0,15,13
2020-07-25,US,Alabama,Blount,569,1,0,33.98210918,-86.56790593,1009.0,983.9864420848752,0.1757469244288225,568,552,1,0,551,528,57840,17,0,0,17,24
2020-07-25,US,Alabama,Bullock,408,11,0,32.10030533,-85.71265535,1011.0,4039.20403920404,2.6960784313725488,397,406,11,0,395,403,10138,2,0,0,2,3
2020-07-25,US,Alabama,Butler,710,34,0,31.75300095,-86.68057478,1013.0,3650.7610037021796,4.788732394366197,676,702,34,0,668,698,19680,8,0,0,8,4
2020-07-25,US,Alabama,Calhoun,1029,6,0,33.77483727,-85.82630386,1015.0,905.7699925179352,0.5830903790087464,1023,970,6,0,964,908,114277,59,0,0,59,62
2020-07-25,US,Alabama,Chambers,767,37,0,32.91360079,-85.39072749,1017.0,2306.489444878812,4.823989569752283,730,759,37,0,722,756,33615,8,0,0,8,3
2020-07-25,US,Alabama,Cherokee,192,7,0,34.17805983,-85.60638968,1019.0,732.9363261566652,3.6458333333333335,185,191,7,0,184,181,26032,1,0,0,1,10
2020-07-25,US,Alabama,Chilton,570,4,0,32.85044126,-86.7173256,1021.0,1282.9747006392365,0.7017543859649122,566,547,4,0,543,527,44153,23,0,0,23,20
2020-07-25,US,Alabama,Choctaw,256,12,0,32.02227341,-88.26564429999998,1023.0,2033.5213281436165,4.6875,244,253,12,0,241,245,12841,3,0,0,3,8
2020-07-25,US,Alabama,Clarke,431,9,0,31.68099859,-87.83548597,1025.0,1824.5703158072986,2.0881670533642693,422,425,9,0,416,416,23920,6,0,0,6,9
2020-07-25,US,Alabama,Clay,148,3,0,33.26984193,-85.85836077,1027.0,1118.247072157159,2.0270270270270268,145,140,3,0,137,136,13275,8,0,0,8,4
2020-07-25,US,Alabama,Cleburne,95,1,0,33.67679204,-85.52005899,1029.0,637.1562709590878,1.0526315789473684,94,89,1,0,88,84,14987,6,0,0,6,5
2020-07-25,US,Alabama,Coffee,618,5,0,31.39932826,-85.98901039,1031.0,1180.6961904397995,0.8090614886731392,613,595,5,0,590,591,51909,23,0,0,23,4
2020-07-25,US,Alabama,Colbert,866,10,0,34.69847452,-87.80168544,1033.0,1567.676182545573,1.1547344110854505,856,843,10,0,833,823,54762,23,0,0,23,20
2020-07-25,US,Alabama,Conecuh,329,9,0,31.43401703,-86.99320044,1035.0,2726.4440208834008,2.735562310030395,320,319,9,0,310,310,12277,10,0,0,10,9
2020-07-25,US,Alabama,Coosa,81,2,0,32.93690146,-86.24847739,1037.0,759.6361249179405,2.469135802469136,79,78,2,0,76,74,10715,3,0,0,3,4
2020-07-25,US,Alabama,Covington,625,18,0,31.247785399999998,-86.45050893,1039.0,1686.95511349834,2.88,607,606,18,0,588,587,36986,19,0,0,19,19
2020-07-25,US,Alabama,Crenshaw,223,3,0,31.72941803,-86.31593104,1041.0,1619.227417949463,1.345291479820628,220,219,3,0,216,210,13824,4,0,0,4,9
2020-07-25,US,Alabama,Cullman,932,8,0,34.13020303,-86.86888037,1043.0,1112.5966956355646,0.8583690987124464,924,911,8,0,903,888,83442,21,0,0,21,23
2020-07-25,US,Alabama,Dale,672,16,0,31.43037123,-85.61095742,1045.0,1366.631416253152,2.380952380952381,656,611,16,0,595,587,48956,61,0,0,61,24
2020-07-25,US,Alabama,Dallas,1184,19,0,32.32688101,-87.10866709999998,1047.0,3183.1379718249273,1.6047297297297298,1165,1170,18,0,1152,1173,38310,14,1,0,13,-3
2020-07-25,US,Alabama,DeKalb,1469,9,0,34.45946862,-85.80782906,1049.0,2054.1719687329582,0.6126616746085772,1460,1426,9,0,1417,1407,71385,43,0,0,43,19
2020-07-25,US,Alabama,Elmore,1430,34,0,32.59785413,-86.14415284,1051.0,1760.888571463754,2.377622377622377,1396,1394,34,0,1360,1371,81887,36,0,0,36,23
2020-07-25,US,Alabama,Escambia,810,15,0,31.1256789,-87.15918694,1053.0,2211.121120301368,1.851851851851852,795,772,14,0,758,744,36748,38,1,0,37,28
2020-07-25,US,Alabama,Etowah,1615,16,0,34.04567266,-86.04051873,1055.0,1579.1841045097196,0.9907120743034056,1599,1546,16,0,1530,1495,102501,69,0,0,69,51
2020-07-25,US,Alabama,Fayette,134,5,0,33.72076938,-87.73886638,1057.0,821.9850325113483,3.7313432835820897,129,132,5,0,127,128,16433,2,0,0,2,4
2020-07-25,US,Alabama,Franklin,1075,17,0,34.44235334,-87.84289505,1059.0,3427.715069192016,1.5813953488372092,1058,1064,17,0,1047,1051,31363,11,0,0,11,13
2020-07-25,US,Alabama,Geneva,183,0,0,31.09389027,-85.83572839,1061.0,696.5855886719196,0.0,183,178,0,0,178,167,26314,5,0,0,5,11
2020-07-25,US,Alabama,Greene,231,10,0,32.85504247,-87.95684022,1063.0,2847.9842189619035,4.329004329004329,221,231,10,0,221,228,8233,0,0,0,0,3
2020-07-25,US,Alabama,Hale,419,22,0,32.76039258,-87.63284988,1065.0,2859.873046208449,5.250596658711217,397,409,22,0,387,409,14726,10,0,0,10,0
2020-07-25,US,Alabama,Henry,206,3,0,31.51148016,-85.24267944,1067.0,1197.326358616681,1.4563106796116505,203,203,3,0,200,201,17209,3,0,0,3,2
2020-07-25,US,Alabama,Houston,1059,11,0,31.15197924,-85.29939599,1069.0,1000.1700005666687,1.0387157695939566,1048,1023,9,0,1014,1002,104722,36,2,0,34,21
2020-07-25,US,Alabama,Jackson,638,3,0,34.78144169,-85.99750489,1071.0,1235.8114128539885,0.4702194357366771,635,625,3,0,622,613,51736,13,0,0,13,12
2020-07-25,US,Alabama,Jefferson,10095,200,0,33.55554728,-86.89506300000002,1073.0,1532.8596829812336,1.9811788013868248,9895,9809,197,0,9612,9552,659300,286,3,0,283,257
2020-07-25,US,Alabama,Lamar,162,1,0,33.77995024,-88.09668032,1075.0,1173.4878667149585,0.6172839506172839,161,159,1,0,158,154,13844,3,0,0,3,5
2020-07-25,US,Alabama,Lauderdale,884,9,0,34.90171875,-87.65624729,1077.0,953.315575494182,1.0180995475113122,875,857,9,0,848,826,92387,27,0,0,27,31
2020-07-25,US,Alabama,Lawrence,240,0,0,34.52041498,-87.31069453,1079.0,728.9515247236058,0.0,240,227,0,0,227,216,32957,13,0,0,13,11
2020-07-25,US,Alabama,Lee,2220,40,0,32.60154883,-85.35132246,1081.0,1349.1995964556165,1.8018018018018016,2180,2194,40,0,2154,2172,163941,26,0,0,26,22
2020-07-25,US,Alabama,Limestone,1001,9,0,34.81185586,-86.98310072,1083.0,1011.9799828135268,0.8991008991008991,992,970,9,0,961,946,96174,31,0,0,31,24
2020-07-25,US,Alabama,Lowndes,530,24,0,32.1597283,-86.65158371,1085.0,5449.31112482007,4.528301886792453,506,528,24,0,504,524,9974,2,0,0,2,4
2020-07-25,US,Alabama,Macon,284,12,0,32.38759944,-85.69267724,1087.0,1571.839716626079,4.225352112676056,272,279,12,0,267,276,18439,5,0,0,5,3
2020-07-25,US,Alabama,Madison,4142,21,0,34.76327133,-86.55069633,1089.0,1110.7267456671734,0.5070014485755674,4121,4040,21,0,4019,3886,366519,102,0,0,102,154
2020-07-25,US,Alabama,Marengo,473,11,0,32.24767634,-87.78796182,1091.0,2507.5544717171183,2.3255813953488373,462,459,11,0,448,451,19066,14,0,0,14,8
2020-07-25,US,Alabama,Marion,463,23,0,34.13697363,-87.88704173,1093.0,1558.4503012555115,4.967602591792657,440,461,22,0,439,449,29763,2,1,0,1,12
2020-07-25,US,Alabama,Marshall,2621,27,0,34.36975964,-86.30486727,1095.0,2708.372083410833,1.0301411674933232,2594,2585,25,0,2560,2546,96109,36,2,0,34,39
2020-07-25,US,Alabama,Mobile,7096,175,0,30.78472347,-88.20842409,1097.0,1717.2866097141891,2.4661781285231115,6921,6901,170,0,6731,6797,413757,195,5,0,190,104
2020-07-25,US,Alabama,Monroe,348,3,0,31.56729412,-87.36995001,1099.0,1678.4835769063811,0.8620689655172413,345,343,3,0,340,347,21067,5,0,0,5,-4
2020-07-25,US,Alabama,Montgomery,5604,135,0,32.2206831,-86.20969272,1101.0,2474.3251238487146,2.4089935760171306,5469,5522,134,0,5388,5429,225763,82,1,0,81,93
2020-07-25,US,Alabama,Morgan,1914,12,0,34.45500589,-86.85475946,1103.0,1599.2780688341309,0.6269592476489029,1902,1864,12,0,1852,1830,119089,50,0,0,50,34
2020-07-25,US,Alabama,Perry,377,3,0,32.64048341,-87.29770589,1105.0,4225.036422727782,0.7957559681697612,374,366,3,0,363,359,9140,11,0,0,11,7
2020-07-25,US,Alabama,Pickens,330,9,0,33.28094866,-88.08818103,1107.0,1655.795283492223,2.727272727272727,321,323,9,0,314,314,19938,7,0,0,7,9
2020-07-25,US,Alabama,Pike,584,7,0,31.80396383,-85.9408295,1109.0,1763.6045177266412,1.1986301369863013,577,579,7,0,572,572,33338,5,0,0,5,7
2020-07-25,US,Alabama,Randolph,357,10,0,33.29526734,-85.45708831,1111.0,1571.1645101663587,2.8011204481792715,347,354,10,0,344,348,22725,3,0,0,3,6
2020-07-25,US,Alabama,Russell,1031,1,0,32.28725256,-85.18415324,1113.0,1778.7822846396716,0.09699321047526673,1030,1006,1,0,1005,991,57781,25,0,0,25,15
2020-07-25,US,Alabama,Shelby,2595,28,0,33.26879845,-86.66232561,1117.0,1191.996398746911,1.0789980732177264,2567,2533,28,0,2505,2459,215707,62,0,0,62,74
2020-07-25,US,Alabama,St. Clair,958,8,0,33.71902176,-86.31029372,1115.0,1070.2475645723478,0.8350730688935282,950,938,7,0,931,910,88690,20,1,0,19,28
2020-07-25,US,Alabama,Sumter,338,14,0,32.59117397,-88.19916205,1119.0,2719.884123279955,4.142011834319527,324,330,14,0,316,324,12691,8,0,0,8,6
2020-07-25,US,Alabama,Talladega,702,8,0,33.37823223,-86.16886178,1121.0,877.7413788791918,1.1396011396011396,694,671,8,0,663,652,79828,31,0,0,31,19
2020-07-25,US,Alabama,Tallapoosa,754,78,0,32.86698258,-85.79833053,1123.0,1867.862362821116,10.344827586206897,676,747,78,0,669,733,40497,7,0,0,7,14
2020-07-25,US,Alabama,Tuscaloosa,3506,58,0,33.28726072,-87.52556818,1125.0,1674.667430918774,1.6543069024529378,3448,3411,57,0,3354,3328,208911,95,1,0,94,83
2020-07-25,US,Alabama,Unassigned,1816,43,0,0.0,0.0,90001.0,0.0,2.36784140969163,1773,1640,43,0,1597,1516,,176,0,0,176,124
2020-07-25,US,Alabama,Walker,1356,55,0,33.80270512,-87.30027177,1127.0,2134.7270981250294,4.056047197640118,1301,1338,55,0,1283,1293,63711,18,0,0,18,45
2020-07-25,US,Alabama,Washington,269,10,0,31.4092794,-88.20689944,1129.0,1647.6785495528604,3.717472118959108,259,262,10,0,252,245,16378,7,0,0,7,17
2020-07-25,US,Alabama,Wilcox,380,9,0,31.98773215,-87.30891118,1131.0,3663.356791670683,2.3684210526315788,371,375,9,0,366,368,10627,5,0,0,5,7
2020-07-25,US,Alabama,Winston,378,10,0,34.15030532,-87.37325922,1133.0,1599.7291463879133,2.6455026455026456,368,377,10,0,367,373,23660,1,0,0,1,4
2020-07-25,US,Alaska,Aleutians East,1,0,0,55.32222414,-161.9722021,2013.0,29.96703626011388,0.0,1,1,0,0,1,1,3515,0,0,0,0,0
2020-07-25,US,Alaska,Aleutians West,2,0,0,52.3233,-174.1596,2016.0,35.49875754348597,0.0,2,1,0,0,1,1,5723,1,0,0,1,0
2020-07-25,US,Alaska,Anchorage,1180,9,0,61.14998174,-149.14269860000005,2020.0,409.72222222222223,0.7627118644067796,1171,1129,9,0,1120,1098,291538,51,0,0,51,31
2020-07-25,US,Alaska,Bethel,18,0,0,60.90980451,-159.8561831,2050.0,97.90057652561731,0.0,18,18,0,0,18,17,18216,0,0,0,0,1
2020-07-25,US,Alaska,Bristol Bay,6,0,0,58.74513976,-156.701064,2060.0,717.7033492822967,0.0,6,6,0,0,6,6,877,0,0,0,0,0
2020-07-25,US,Alaska,Denali,1,0,0,63.67264044,-150.0076108,2068.0,47.687172150691474,0.0,1,1,0,0,1,1,2059,0,0,0,0,0
2020-07-25,US,Alaska,Dillingham,1,0,0,59.79603738,-158.23819419999995,2070.0,20.34174125305126,0.0,1,1,0,0,1,1,5000,0,0,0,0,0
2020-07-25,US,Alaska,Fairbanks North Star,358,4,0,64.80726247,-146.5692662,2090.0,369.6475957418249,1.11731843575419,354,351,3,0,348,345,98971,7,1,0,6,6
2020-07-25,US,Alaska,Haines,4,0,0,59.09893571,-135.4679843,2100.0,158.10276679841897,0.0,4,3,0,0,3,3,2474,1,0,0,1,0
2020-07-25,US,Alaska,Juneau,73,2,0,58.45031811,-134.200436,2110.0,228.31050228310505,2.7397260273972597,71,72,2,0,70,70,32113,1,0,0,1,2
2020-07-25,US,Alaska,Kenai Peninsula,270,2,0,60.24429722,-151.53888840000005,2122.0,459.90324998296654,0.7407407407407407,268,262,2,0,260,256,58533,8,0,0,8,6
2020-07-25,US,Alaska,Ketchikan Gateway,32,0,0,55.57445008,-130.975561,2130.0,230.19926623983886,0.0,32,32,0,0,32,28,13918,0,0,0,0,4
2020-07-25,US,Alaska,Kodiak Island,5,0,0,57.65529415,-153.7493579,2150.0,38.46745653177412,0.0,5,5,0,0,5,5,13345,0,0,0,0,0
2020-07-25,US,Alaska,Kusilvak,3,0,0,62.15429159999999,-163.39678830000003,2158.0,36.0837142169834,0.0,3,3,0,0,3,3,8303,0,0,0,0,0
2020-07-25,US,Alaska,Matanuska-Susitna,223,2,0,62.31305045,-149.5741743,2170.0,205.87719379229483,0.8968609865470852,221,213,2,0,211,212,107610,10,0,0,10,1
2020-07-25,US,Alaska,Nome,17,0,0,64.90320724,-164.0353804,2180.0,169.93202718912434,0.0,17,17,0,0,17,16,10008,0,0,0,0,1
2020-07-25,US,Alaska,North Slope,8,0,0,69.31479216,-153.4836093,2185.0,81.36696501220504,0.0,8,8,0,0,8,8,9872,0,0,0,0,0
2020-07-25,US,Alaska,Northwest Arctic,14,0,0,67.04919196,-159.7503946,2188.0,183.70292612518043,0.0,14,10,0,0,10,10,7671,4,0,0,4,0
2020-07-25,US,Alaska,Petersburg,6,1,0,57.13978948,-132.9540995,2195.0,183.71096142069808,16.666666666666668,5,6,1,0,5,6,3221,0,0,0,0,0
2020-07-25,US,Alaska,Prince of Wales-Hyder,2,0,0,55.76261984,-133.0511621,2198.0,32.24246332419797,0.0,2,2,0,0,2,2,6422,0,0,0,0,0
2020-07-25,US,Alaska,Sitka,18,0,0,57.24124555,-135.3206587,2220.0,211.9392440833628,0.0,18,18,0,0,18,18,8647,0,0,0,0,0
2020-07-25,US,Alaska,Southeast Fairbanks,13,0,0,63.87692095,-143.2127643,2240.0,188.59712752067315,0.0,13,13,0,0,13,13,6918,0,0,0,0,0
2020-07-25,US,Alaska,Valdez-Cordova,39,0,0,61.47502768,-144.7126799,2261.0,423.82090849815256,0.0,39,35,0,0,35,33,9164,4,0,0,4,2
2020-07-25,US,Alaska,Wrangell,3,0,0,56.3202004,-132.05837309999998,2275.0,119.90407673860909,0.0,3,3,0,0,3,3,2503,0,0,0,0,0
2020-07-25,US,Alaska,Yakutat,1,0,0,59.890980799999994,-140.36014509999998,2282.0,172.71157167530225,0.0,1,1,0,0,1,,604,0,0,0,0,
2020-07-25,US,Alaska,Yukon-Koyukuk,41,0,0,65.50815459,-151.39073869999999,2290.0,783.9388145315488,0.0,41,38,0,0,38,37,5327,3,0,0,3,1
2020-07-25,US,Arizona,Apache,2908,128,0,35.39465006,-109.4892383,4001.0,4045.2376646681596,4.401650618982118,2780,2870,117,0,2753,2841,71818,38,11,0,27,29
2020-07-25,US,Arizona,Cochise,1363,43,0,31.87934684,-109.7516088,4003.0,1082.4160988548467,3.1548055759354368,1320,1319,38,0,1281,1311,126770,44,5,0,39,8
2020-07-25,US,Arizona,Coconino,2849,112,0,35.83883429,-111.77071780000001,4005.0,1985.697956452647,3.9312039312039313,2737,2821,110,0,2711,2778,142854,28,2,0,26,43
2020-07-25,US,Arizona,Gila,686,21,0,33.80190085,-110.8132779,4007.0,1269.9470546854752,3.0612244897959178,665,644,21,0,623,622,53889,42,0,0,42,22
2020-07-25,US,Arizona,Graham,362,6,0,32.93166885,-109.8882178,4009.0,932.1008316811287,1.6574585635359116,356,353,5,0,348,328,38072,9,1,0,8,25
2020-07-25,US,Arizona,Greenlee,40,1,0,33.21498827,-109.2405279,4011.0,421.14129290376917,2.5,39,40,1,0,39,39,9483,0,0,0,0,1
2020-07-25,US,Arizona,La Paz,462,9,0,33.72854224,-113.98100290000001,4012.0,2188.7436043206367,1.9480519480519483,453,457,9,0,448,448,21098,5,0,0,5,9
2020-07-25,US,Arizona,Maricopa,107291,1793,0,33.34835867,-112.49181540000001,4013.0,2391.997706343272,1.6711560149499958,105498,104613,1718,0,102895,102247,4410824,2678,75,0,2603,2366
2020-07-25,US,Arizona,Mohave,2681,134,0,35.70471703,-113.7577902,4015.0,1263.5438611374252,4.998135024244685,2547,2602,130,0,2472,2525,209550,79,4,0,75,77
2020-07-25,US,Arizona,Navajo,5049,177,0,35.3997715,-110.3218983,4017.0,4551.765172550575,3.5056446821152702,4872,5028,165,0,4863,4992,110445,21,12,0,9,36
2020-07-25,US,Arizona,Pima,14800,417,0,32.0971334,-111.7890033,4019.0,1413.1859800492514,2.8175675675675675,14383,14428,409,0,14019,14143,1039073,372,8,0,364,285
2020-07-25,US,Arizona,Pinal,7378,122,0,32.90525627,-111.3449483,4021.0,1594.2470542731135,1.6535646516671183,7256,7214,114,0,7100,6974,447138,164,8,0,156,240
2020-07-25,US,Arizona,Santa Cruz,2495,49,0,31.52508998,-110.8479088,4023.0,5365.822185900469,1.9639278557114228,2446,2452,46,0,2406,2424,46511,43,3,0,40,28
2020-07-25,US,Arizona,Yavapai,1539,54,0,34.59933926,-112.5538588,4025.0,654.6178418453503,3.5087719298245608,1485,1522,50,0,1472,1478,231993,17,4,0,13,44
2020-07-25,US,Arizona,Yuma,10138,220,0,32.76895712,-113.90666740000002,4027.0,4742.103121331043,2.170053264943776,9918,9930,210,0,9720,9794,212128,208,10,0,198,136
2020-07-25,US,Arkansas,Arkansas,168,1,0,34.29145151,-91.37277296,5001.0,960.7686148919136,0.5952380952380952,167,164,1,0,163,157,17769,4,0,0,4,7
2020-07-25,US,Arkansas,Ashley,172,4,0,33.19153461,-91.7698471,5003.0,875.0063590578419,2.3255813953488373,168,164,4,0,160,153,20046,8,0,0,8,11
2020-07-25,US,Arkansas,Baxter,55,0,0,36.28784385,-92.33782872,5005.0,131.1647429171039,0.0,55,52,0,0,52,49,41619,3,0,0,3,3
2020-07-25,US,Arkansas,Benton,4156,31,0,36.33644656,-94.25680817,5007.0,1488.853303527608,0.7459095283926853,4125,4126,31,0,4095,4068,272608,30,0,0,30,58
2020-07-25,US,Arkansas,Boone,106,1,0,36.3084504,-93.09374925,5009.0,283.1801667022868,0.9433962264150944,105,104,1,0,103,92,37480,2,0,0,2,12
2020-07-25,US,Arkansas,Bradley,114,2,0,33.46755808,-92.15980837,5011.0,1059.1842423116232,1.7543859649122806,112,112,2,0,110,106,10897,2,0,0,2,6
2020-07-25,US,Arkansas,Calhoun,10,0,0,33.55598792,-92.49974403,5013.0,192.71535941414533,0.0,10,8,0,0,8,8,5277,2,0,0,2,0
2020-07-25,US,Arkansas,Carroll,314,6,0,36.34038560000001,-93.54270261,5015.0,1106.4129668780831,1.9108280254777068,308,309,6,0,303,304,28223,5,0,0,5,5
2020-07-25,US,Arkansas,Chicot,292,3,0,33.26458973,-91.29539209,5017.0,2885.945839098636,1.0273972602739727,289,284,3,0,281,282,10438,8,0,0,8,2
2020-07-25,US,Arkansas,Clark,129,0,0,34.04613432,-93.17484713,5019.0,577.9569892473119,0.0,129,125,0,0,125,120,22061,4,0,0,4,5
2020-07-25,US,Arkansas,Clay,102,4,0,36.36826212,-90.4148172,5021.0,700.982750326438,3.92156862745098,98,101,4,0,97,101,14847,1,0,0,1,0
2020-07-25,US,Arkansas,Cleburne,173,5,0,35.53864922,-92.02640019,5023.0,694.249367952165,2.8901734104046244,168,167,5,0,162,165,24965,6,0,0,6,2
2020-07-25,US,Arkansas,Cleveland,55,1,0,33.89723187,-92.18537045,5025.0,691.3021618903972,1.818181818181818,54,55,1,0,54,50,8018,0,0,0,0,5
2020-07-25,US,Arkansas,Columbia,162,5,0,33.21230701,-93.22642793,5027.0,690.6253996674768,3.08641975308642,157,158,5,0,153,152,23537,4,0,0,4,6
2020-07-25,US,Arkansas,Conway,121,3,0,35.26205537,-92.70506566,5029.0,580.4470881703924,2.479338842975207,118,119,3,0,116,118,20891,2,0,0,2,1
2020-07-25,US,Arkansas,Craighead,931,8,0,35.83018283,-90.63235729,5031.0,843.816843708081,0.8592910848549946,923,895,8,0,887,873,108558,36,0,0,36,22
2020-07-25,US,Arkansas,Crawford,438,3,0,35.58928601,-94.2446814,5033.0,692.4134878353384,0.6849315068493149,435,429,3,0,426,393,63406,9,0,0,9,36
2020-07-25,US,Arkansas,Crittenden,1072,16,0,35.21247318,-90.30839406,5035.0,2235.429048065895,1.492537313432836,1056,1058,16,0,1042,1044,48342,14,0,0,14,14
2020-07-25,US,Arkansas,Cross,147,1,0,35.29631396,-90.77185818,5037.0,895.3042207198978,0.6802721088435374,146,137,1,0,136,131,16676,10,0,0,10,6
2020-07-25,US,Arkansas,Dallas,29,0,0,33.97042763,-92.65167437,5039.0,413.7537451847625,0.0,29,26,0,0,26,24,7182,3,0,0,3,2
2020-07-25,US,Arkansas,Desha,125,1,0,33.83011025,-91.25500948,5041.0,1100.2552592201394,0.8,124,125,1,0,124,123,11512,0,0,0,0,2
2020-07-25,US,Arkansas,Drew,129,2,0,33.59035001,-91.71777921,5043.0,708.0520335913056,1.5503875968992251,127,126,2,0,124,124,18328,3,0,0,3,2
2020-07-25,US,Arkansas,Faulkner,1046,4,0,35.14719007,-92.33717519,5045.0,830.1126127913527,0.3824091778202677,1042,1013,4,0,1009,996,124806,33,0,0,33,17
2020-07-25,US,Arkansas,Franklin,66,1,0,35.51202821,-93.89299569,5047.0,372.5656223539372,1.5151515151515151,65,63,1,0,62,61,17810,3,0,0,3,2
2020-07-25,US,Arkansas,Fulton,23,0,0,36.38177105,-91.81729127,5049.0,184.3391840987417,0.0,23,22,0,0,22,22,12269,1,0,0,1,0
2020-07-25,US,Arkansas,Garland,642,5,0,34.57692074,-93.14921604,5051.0,645.9662326685851,0.778816199376947,637,604,5,0,599,581,99154,38,0,0,38,23
2020-07-25,US,Arkansas,Grant,111,0,0,34.29017991,-92.42320562,5053.0,607.7196824527788,0.0,111,100,0,0,100,95,18188,11,0,0,11,5
2020-07-25,US,Arkansas,Greene,216,1,0,36.11735460000001,-90.55832668,5055.0,476.5581908439052,0.462962962962963,215,211,1,0,210,208,45325,5,0,0,5,3
2020-07-25,US,Arkansas,Hempstead,163,2,0,33.73325583,-93.66935133,5057.0,757.0128181311536,1.2269938650306749,161,159,2,0,157,150,21741,4,0,0,4,9
2020-07-25,US,Arkansas,Hot Spring,1392,4,0,34.31709259,-92.95396325,5059.0,4121.879719285777,0.28735632183908044,1388,1382,4,0,1378,1372,33701,10,0,0,10,10
2020-07-25,US,Arkansas,Howard,228,2,0,34.09007427,-93.9934871,5061.0,1727.0110589304654,0.8771929824561403,226,222,1,0,221,217,13341,6,1,0,5,5
2020-07-25,US,Arkansas,Independence,187,0,0,35.74242707,-91.57001641,5063.0,494.3820224719101,0.0,187,181,0,0,181,152,37678,6,0,0,6,29
2020-07-25,US,Arkansas,Izard,34,1,0,36.09604046,-91.90847954,5065.0,249.4680460782156,2.9411764705882355,33,31,1,0,30,30,13593,3,0,0,3,1
2020-07-25,US,Arkansas,Jackson,52,1,0,35.59802983,-91.21494602,5067.0,311.0233865661822,1.9230769230769231,51,48,1,0,47,47,16811,4,0,0,4,1
2020-07-25,US,Arkansas,Jefferson,1146,34,0,34.26767081,-91.92619839,5069.0,1714.9527116006225,2.9668411867364752,1112,1133,33,0,1100,1094,68114,13,1,0,12,39
2020-07-25,US,Arkansas,Johnson,560,0,0,35.56759135,-93.46036368,5071.0,2107.005794265934,0.0,560,554,0,0,554,540,26742,6,0,0,6,14
2020-07-25,US,Arkansas,Lafayette,45,2,0,33.24116713,-93.60677071,5073.0,679.3478260869565,4.4444444444444455,43,43,2,0,41,42,6682,2,0,0,2,1
2020-07-25,US,Arkansas,Lawrence,155,9,0,36.04188196,-91.10867198,5075.0,944.7763013531636,5.806451612903227,146,152,9,0,143,150,16434,3,0,0,3,2
2020-07-25,US,Arkansas,Lee,871,6,0,34.78498904,-90.78383866,5077.0,9834.029581122275,0.6888633754305397,865,869,6,0,863,868,8985,2,0,0,2,1
2020-07-25,US,Arkansas,Lincoln,1143,11,0,33.95317155,-91.74002806,5079.0,8776.105651105649,0.9623797025371827,1132,1141,11,0,1130,1138,13383,2,0,0,2,3
2020-07-25,US,Arkansas,Little River,78,1,0,33.70375665,-94.23468591,5081.0,636.2672322375397,1.2820512820512822,77,77,1,0,76,75,12326,1,0,0,1,2
2020-07-25,US,Arkansas,Logan,120,0,0,35.21413234,-93.71951016,5083.0,559.0235721606261,0.0,120,118,0,0,118,117,21737,2,0,0,2,1
2020-07-25,US,Arkansas,Lonoke,333,2,0,34.75392199,-91.88742357,5085.0,454.24163472424937,0.6006006006006006,331,324,2,0,322,291,73657,9,0,0,9,33
2020-07-25,US,Arkansas,Madison,245,1,0,36.01038185,-93.72524943,5087.0,1478.0405405405404,0.4081632653061225,244,242,1,0,241,238,16481,3,0,0,3,4
2020-07-25,US,Arkansas,Marion,18,0,0,36.26844485,-92.68451899,5089.0,107.82317000119805,0.0,18,18,0,0,18,18,16722,0,0,0,0,0
2020-07-25,US,Arkansas,Miller,403,3,0,33.31403423,-93.89285258,5091.0,931.6411216681693,0.7444168734491315,400,385,2,0,383,379,43592,18,1,0,17,6
2020-07-25,US,Arkansas,Mississippi,535,8,0,35.76271485,-90.05194370000002,5093.0,1316.0807852205355,1.4953271028037385,527,523,7,0,516,511,41239,12,1,0,11,12
2020-07-25,US,Arkansas,Monroe,41,0,0,34.6815935,-91.20540287,5095.0,611.8489777645128,0.0,41,38,0,0,38,37,6900,3,0,0,3,1
2020-07-25,US,Arkansas,Montgomery,19,0,0,34.53704874,-93.65824478,5097.0,211.4400178054752,0.0,19,19,0,0,19,18,8924,0,0,0,0,1
2020-07-25,US,Arkansas,Nevada,123,8,0,33.66340119,-93.30632432,5099.0,1490.5477460009695,6.5040650406504055,115,119,8,0,111,117,8326,4,0,0,4,2
2020-07-25,US,Arkansas,Newton,83,0,0,35.91947491,-93.21612969,5101.0,1070.5533341932157,0.0,83,73,0,0,73,18,7805,10,0,0,10,55
2020-07-25,US,Arkansas,Ouachita,61,1,0,33.58839816,-92.87795984,5103.0,260.8844410230092,1.639344262295082,60,59,1,0,58,61,23606,2,0,0,2,-2
2020-07-25,US,Arkansas,Perry,41,0,0,34.9459153,-92.94372564,5105.0,392.156862745098,0.0,41,41,0,0,41,41,10352,0,0,0,0,0
2020-07-25,US,Arkansas,Phillips,242,6,0,34.43268455,-90.84800154,5107.0,1360.926779889776,2.479338842975207,236,230,6,0,224,226,18029,12,0,0,12,4
2020-07-25,US,Arkansas,Pike,55,0,0,34.16250414,-93.65789349,5109.0,513.1554394476582,0.0,55,49,0,0,49,49,10673,6,0,0,6,0
2020-07-25,US,Arkansas,Poinsett,117,3,0,35.57433534,-90.66268713,5111.0,497.27983679020736,2.5641025641025643,114,112,3,0,109,111,23974,5,0,0,5,1
2020-07-25,US,Arkansas,Polk,120,0,0,34.48254879,-94.22728802,5113.0,601.0819475055099,0.0,120,111,0,0,111,109,20049,9,0,0,9,2
2020-07-25,US,Arkansas,Pope,1021,6,0,35.44871474,-93.03212219,5115.0,1593.5197902359846,0.5876591576885406,1015,1004,5,0,999,966,64000,17,1,0,16,38
2020-07-25,US,Arkansas,Prairie,56,0,0,34.83624419,-91.55162157,5117.0,694.61672041677,0.0,56,56,0,0,56,53,8074,0,0,0,0,3
2020-07-25,US,Arkansas,Pulaski,4297,71,0,34.77054088,-92.31355101,5119.0,1096.4224020249496,1.6523155690016291,4226,4183,71,0,4112,4044,392680,114,0,0,114,139
2020-07-25,US,Arkansas,Randolph,136,2,0,36.3415714,-91.02455531,5121.0,757.3226417195679,1.4705882352941178,134,133,2,0,131,121,17948,3,0,0,3,12
2020-07-25,US,Arkansas,Saline,733,3,0,34.64916145,-92.67583224,5125.0,598.6752370606922,0.4092769440654843,730,701,3,0,698,667,121421,32,0,0,32,34
2020-07-25,US,Arkansas,Scott,30,0,0,34.85588887,-94.0632176,5127.0,291.8004085205718,0.0,30,26,0,0,26,26,10319,4,0,0,4,0
2020-07-25,US,Arkansas,Searcy,22,0,0,35.9109364,-92.69936482,5129.0,279.1523918284482,0.0,22,22,0,0,22,21,7958,0,0,0,0,1
2020-07-25,US,Arkansas,Sebastian,1354,13,0,35.19605503,-94.27162713,5131.0,1059.244134650739,0.9601181683899556,1341,1318,13,0,1305,1278,127753,36,0,0,36,40
2020-07-25,US,Arkansas,Sevier,896,9,0,33.99780401,-94.2424869,5133.0,5268.418886340918,1.0044642857142858,887,893,9,0,884,893,17139,3,0,0,3,0
2020-07-25,US,Arkansas,Sharp,89,5,0,36.16258158,-91.47819342,5135.0,510.2625845659902,5.617977528089888,84,89,5,0,84,86,17366,0,0,0,0,3
2020-07-25,US,Arkansas,St. Francis,1050,3,0,35.02201976,-90.74828138,5123.0,4201.008241978075,0.2857142857142857,1047,998,3,0,995,981,25439,52,0,0,52,17
2020-07-25,US,Arkansas,Stone,42,1,0,35.86251946,-92.15684085,5137.0,335.83879737725886,2.380952380952381,41,40,1,0,39,39,12457,2,0,0,2,1
2020-07-25,US,Arkansas,Unassigned,1381,0,0,0.0,0.0,90005.0,0.0,0.0,1381,1398,0,0,1398,1287,,-17,0,0,-17,111
2020-07-25,US,Arkansas,Union,361,15,0,33.16887091,-92.59746952,5139.0,933.2506075177084,4.1551246537396125,346,350,15,0,335,345,39126,11,0,0,11,5
2020-07-25,US,Arkansas,Van Buren,43,2,0,35.58095779,-92.51295036,5141.0,259.8972499244485,4.651162790697675,41,42,2,0,40,41,16603,1,0,0,1,1
2020-07-25,US,Arkansas,Washington,5576,40,0,35.976844,-94.21800746,5143.0,2331.230376232822,0.7173601147776184,5536,5536,40,0,5496,5451,236961,40,0,0,40,85
2020-07-25,US,Arkansas,White,212,2,0,35.25688493,-91.74908296,5145.0,269.1960941170495,0.9433962264150944,210,189,2,0,187,185,78727,23,0,0,23,4
2020-07-25,US,Arkansas,Woodruff,17,0,0,35.18902527,-91.2439489,5147.0,268.9873417721519,0.0,17,17,0,0,17,17,6490,0,0,0,0,0
2020-07-25,US,Arkansas,Yell,951,14,0,35.00292371,-93.41171338,5149.0,4456.21104915421,1.4721345951629865,937,944,14,0,930,942,21535,7,0,0,7,2
2020-07-25,US,California,Alameda,10330,178,0,37.64629437,-121.8929271,6001.0,618.0710081617683,1.7231364956437558,10152,10214,178,0,10036,9869,1666753,116,0,0,116,345
2020-07-25,US,California,Alpine,2,0,0,38.59678594,-119.82235940000001,6003.0,177.14791851195747,0.0,2,2,0,0,2,2,1101,0,0,0,0,0
2020-07-25,US,California,Amador,71,0,0,38.44583082,-120.65696000000001,6005.0,178.60736566713626,0.0,71,71,0,0,71,65,39383,0,0,0,0,6
2020-07-25,US,California,Butte,758,5,0,39.66727762,-121.6005252,6007.0,345.82500707161955,0.6596306068601583,753,758,5,0,753,722,231256,0,0,0,0,36
2020-07-25,US,California,Calaveras,99,1,0,38.20537103,-120.55291299999999,6009.0,215.6627818320445,1.0101010101010102,98,99,1,0,98,94,45602,0,0,0,0,5
2020-07-25,US,California,Colusa,263,2,0,39.17881957,-122.2331726,6011.0,1220.5875527915719,0.7604562737642585,261,263,2,0,261,250,21627,0,0,0,0,13
2020-07-25,US,California,Contra Costa,6770,104,0,37.91923498,-121.9289527,6013.0,586.8961774593724,1.5361890694239289,6666,6627,103,0,6524,6425,1150215,143,1,0,142,202
2020-07-25,US,California,Del Norte,87,0,0,41.74228275,-123.89740630000001,6015.0,312.81461239752633,0.0,87,87,0,0,87,79,27828,0,0,0,0,8
2020-07-25,US,California,El Dorado,513,1,0,38.77965956,-120.5233166,6017.0,266.01950809726054,0.1949317738791423,512,513,1,0,512,508,190678,0,0,0,0,5
2020-07-25,US,California,Fresno,12564,112,0,36.75733899,-119.6466953,6019.0,1257.5305199374236,0.8914358484559057,12452,12148,112,0,12036,11756,994400,416,0,0,416,392
2020-07-25,US,California,Glenn,265,1,0,39.59875897,-122.3938452,6021.0,933.3286373401896,0.37735849056603776,264,265,1,0,264,251,28047,0,0,0,0,14
2020-07-25,US,California,Humboldt,205,4,0,40.69923009,-123.876044,6023.0,151.22678115640537,1.951219512195122,201,203,4,0,199,203,136373,2,0,0,2,0
2020-07-25,US,California,Imperial,9067,181,0,33.0393082,-115.36690420000001,6025.0,5003.448941864636,1.9962501378625783,8886,8967,173,0,8794,8919,181827,100,8,0,92,48
2020-07-25,US,California,Inyo,44,1,0,36.51112084,-117.41119779999998,6027.0,243.91595986473754,2.272727272727273,43,44,1,0,43,41,17987,0,0,0,0,3
2020-07-25,US,California,Kern,14192,123,0,35.34329425,-118.72777959999999,6029.0,1576.535044356711,0.866685456595265,14069,13360,123,0,13237,12323,896764,832,0,0,832,1037
2020-07-25,US,California,Kings,3772,46,0,36.07409056,-119.8159973,6031.0,2466.326664051262,1.2195121951219512,3726,3696,45,0,3651,3696,151366,76,1,0,75,0
2020-07-25,US,California,Lake,168,1,0,39.10124298,-122.75362439999999,6033.0,260.9262883235486,0.5952380952380952,167,168,1,0,167,166,64382,0,0,0,0,2
2020-07-25,US,California,Lassen,555,0,0,40.67311306,-120.59350990000002,6035.0,1815.327249533903,0.0,555,555,0,0,555,538,30802,0,0,0,0,17
2020-07-25,US,California,Los Angeles,172325,4351,0,34.30828379,-118.22824109999999,6037.0,1716.5371382135882,2.5248803133613813,167974,168935,4300,0,164635,166868,10105518,3390,51,0,3339,2067
2020-07-25,US,California,Madera,1630,19,0,37.21513971,-119.76655890000002,6039.0,1036.0586549034813,1.1656441717791408,1611,1630,19,0,1611,1530,157672,0,0,0,0,100
2020-07-25,US,California,Marin,4624,55,0,38.07122463,-122.72106310000001,6041.0,1786.5284013198057,1.189446366782007,4569,4611,54,0,4557,4522,259666,13,1,0,12,89
2020-07-25,US,California,Mariposa,46,1,0,37.57978556,-119.9073334,6043.0,267.39522176364585,2.1739130434782608,45,44,1,0,43,44,17471,2,0,0,2,0
2020-07-25,US,California,Mendocino,249,5,0,39.4381191,-123.39113130000001,6045.0,287.03500904909566,2.0080321285140563,244,234,4,0,230,234,87606,15,1,0,14,0
2020-07-25,US,California,Merced,3245,27,0,37.18922369,-120.72090349999999,6047.0,1168.611351195621,0.8320493066255779,3218,3245,27,0,3218,3123,274765,0,0,0,0,122
2020-07-25,US,California,Mono,111,1,0,37.93899289,-118.8872409,6051.0,768.4851841595126,0.9009009009009008,110,104,1,0,103,101,14250,7,0,0,7,3
2020-07-25,US,California,Monterey,3953,22,0,36.21862405,-121.24133970000001,6053.0,910.7014912650526,0.5565393372122439,3931,3865,22,0,3843,3726,435594,88,0,0,88,139
2020-07-25,US,California,Napa,737,8,0,38.50735751,-122.33283899999999,6055.0,535.0505285166686,1.0854816824966078,729,737,8,0,729,711,139417,0,0,0,0,26
2020-07-25,US,California,Nevada,255,1,0,39.30394768,-120.76272809999999,6057.0,255.6262843967721,0.392156862745098,254,255,1,0,254,251,99696,0,0,0,0,4
2020-07-25,US,California,Orange,33953,562,0,33.70147516,-117.76459979999998,6059.0,1069.1528019719797,1.6552292875445471,33391,33358,556,0,32802,32648,3185968,595,6,0,589,710
2020-07-25,US,California,Placer,1605,14,0,39.06167234,-120.72405690000001,6061.0,402.9332536671946,0.8722741433021807,1591,1559,13,0,1546,1531,393149,46,1,0,45,28
2020-07-25,US,California,Plumas,28,0,0,40.00355989,-120.8395236,6063.0,148.88073589620885,0.0,28,28,0,0,28,28,18804,0,0,0,0,0
2020-07-25,US,California,Riverside,33467,637,0,33.74314981,-115.9933578,6065.0,1354.6398245570008,1.9033674963396776,32830,33467,637,0,32830,32813,2450758,0,0,0,0,654
2020-07-25,US,California,Sacramento,8554,103,0,38.45106826,-121.34253740000001,6067.0,551.1391971176333,1.2041150339022682,8451,8554,103,0,8451,8247,1540975,0,0,0,0,307
2020-07-25,US,California,San Benito,525,2,0,36.60308176,-121.069975,6069.0,835.8807795185327,0.3809523809523809,523,521,2,0,519,513,61537,4,0,0,4,8
2020-07-25,US,California,San Bernardino,26796,372,0,34.84060306,-116.1774685,6071.0,1229.1263872738907,1.3882669055082848,26424,26796,372,0,26424,26185,2171603,0,0,0,0,611
2020-07-25,US,California,San Diego,26098,524,0,33.03484597,-116.73653259999999,6073.0,781.7681295737689,2.0078166909341717,25574,26098,524,0,25574,25608,3343364,0,0,0,0,490
2020-07-25,US,California,San Francisco,5787,56,0,37.75215114,-122.43856720000001,6075.0,656.4581208758674,0.9676861931916364,5731,5679,56,0,5623,5564,883305,108,0,0,108,115
2020-07-25,US,California,San Joaquin,10126,110,0,37.93433732,-121.2730061,6077.0,1328.613340191144,1.0863124629666203,10016,10126,110,0,10016,9826,752660,0,0,0,0,300
2020-07-25,US,California,San Luis Obispo,1500,8,0,35.38822029,-120.4039028,6079.0,529.8275234801897,0.5333333333333333,1492,1500,8,0,1492,1467,284010,0,0,0,0,33
2020-07-25,US,California,San Mateo,5022,117,0,37.422880799999994,-122.32755459999998,6081.0,655.1235172645006,2.3297491039426523,4905,4957,117,0,4840,4885,769545,65,0,0,65,72
2020-07-25,US,California,Santa Barbara,5576,32,0,34.65329488,-120.0188492,6083.0,1248.8269850548375,0.5738880918220947,5544,5576,32,0,5544,5444,446527,0,0,0,0,132
2020-07-25,US,California,Santa Clara,8833,184,0,37.23104908,-121.6970462,6085.0,458.17832489215965,2.0830974753764293,8649,8719,183,0,8536,8533,1937570,114,1,0,113,186
2020-07-25,US,California,Santa Cruz,898,4,0,37.05580291,-122.0066524,6087.0,328.6812852975517,0.44543429844098004,894,885,4,0,881,878,274255,13,0,0,13,7
2020-07-25,US,California,Shasta,291,8,0,40.76391419,-122.0396884,6089.0,161.59484673478454,2.7491408934707904,283,291,8,0,283,276,180040,0,0,0,0,15
2020-07-25,US,California,Sierra,1,0,0,39.57713498,-120.52007009999998,6091.0,33.277870216306155,0.0,1,1,0,0,1,1,2987,0,0,0,0,0
2020-07-25,US,California,Siskiyou,61,0,0,41.59198861,-122.54074340000001,6093.0,140.10427432876273,0.0,61,60,0,0,60,60,43724,1,0,0,1,0
2020-07-25,US,California,Solano,3129,35,0,38.26827353,-121.9357113,6095.0,698.9945112511533,1.1185682326621924,3094,3129,35,0,3094,3070,446610,0,0,0,0,59
2020-07-25,US,California,Sonoma,2466,24,0,38.52746429,-122.88625060000001,6097.0,498.8509839461418,0.97323600973236,2442,2404,24,0,2380,2300,499942,62,0,0,62,104
2020-07-25,US,California,Stanislaus,7603,86,0,37.55862499,-120.9970722,6099.0,1380.706788217775,1.131132447718006,7517,7603,86,0,7517,7401,549815,0,0,0,0,202
2020-07-25,US,California,Sutter,615,4,0,39.03417539,-121.6945899,6101.0,634.210227800064,0.6504065040650406,611,601,4,0,597,567,96807,14,0,0,14,34
2020-07-25,US,California,Tehama,189,1,0,40.12570935,-122.23701709999999,6103.0,290.39395243070487,0.5291005291005291,188,189,1,0,188,173,63916,0,0,0,0,16
2020-07-25,US,California,Trinity,3,0,0,40.64917670000001,-123.114713,6105.0,24.420024420024422,0.0,3,3,0,0,3,3,12535,0,0,0,0,0
2020-07-25,US,California,Tulare,8210,168,0,36.22026558,-118.8020203,6107.0,1761.0656484947283,2.0462850182704018,8042,8210,168,0,8042,7876,465861,0,0,0,0,334
2020-07-25,US,California,Tuolumne,126,0,0,38.02644018,-119.95250929999999,6109.0,231.28602371599544,0.0,126,126,0,0,126,109,54539,0,0,0,0,17
2020-07-25,US,California,Ventura,6392,67,0,34.44465746,-119.09106129999999,6111.0,755.5501970435197,1.0481852315394242,6325,6392,67,0,6325,6156,850967,0,0,0,0,236
2020-07-25,US,California,Yolo,1342,37,0,38.68278902,-121.90182879999999,6113.0,608.6167800453514,2.7570789865871834,1305,1315,37,0,1278,1275,220408,27,0,0,27,40
2020-07-25,US,California,Yuba,356,3,0,39.26255932,-121.35356440000001,6115.0,452.5347028016473,0.8426966292134831,353,338,3,0,335,319,78041,18,0,0,18,19
2020-07-25,US,Colorado,Adams,5535,167,0,39.87432092,-104.3362578,8001.0,1069.7285189429883,3.017163504968383,5368,5433,167,0,5266,5312,511868,102,0,0,102,121
2020-07-25,US,Colorado,Alamosa,219,7,0,37.57250606,-105.7885451,8003.0,1349.103677693587,3.1963470319634704,212,219,7,0,212,216,16683,0,0,0,0,3
2020-07-25,US,Colorado,Arapahoe,6470,360,0,39.64977461,-104.3353617,8005.0,985.3942338445604,5.564142194744977,6110,6373,360,0,6013,6276,651215,97,0,0,97,97
2020-07-25,US,Colorado,Archuleta,25,0,0,37.19474156,-107.0476867,8007.0,178.20229524556274,0.0,25,24,0,0,24,24,13765,1,0,0,1,0
2020-07-25,US,Colorado,Baca,14,0,0,37.31940883,-102.5603223,8009.0,390.9522479754258,0.0,14,14,0,0,14,14,3585,0,0,0,0,0
2020-07-25,US,Colorado,Bent,5,0,0,37.95474293,-103.0720195,8011.0,89.65393580778195,0.0,5,5,0,0,5,5,5882,0,0,0,0,0
2020-07-25,US,Colorado,Boulder,1751,74,0,40.09313619,-105.3546767,8013.0,536.7938294767563,4.22615648201028,1677,1721,74,0,1647,1704,326078,30,0,0,30,17
2020-07-25,US,Colorado,Broomfield,378,32,0,39.95998787,-105.0566324,8014.0,536.4365287731498,8.465608465608465,346,376,32,0,344,373,69267,2,0,0,2,3
2020-07-25,US,Colorado,Chaffee,243,19,0,38.74745778,-106.19265729999998,8015.0,1193.7512281391234,7.818930041152264,224,224,19,0,205,220,20027,19,0,0,19,4
2020-07-25,US,Colorado,Cheyenne,7,0,0,38.82777431,-102.6032558,8017.0,382.3047515019115,0.0,7,7,0,0,7,7,1876,0,0,0,0,0
2020-07-25,US,Colorado,Clear Creek,25,1,0,39.68864463,-105.6463118,8019.0,257.73195876288656,4.0,24,24,1,0,23,24,9605,1,0,0,1,0
2020-07-25,US,Colorado,Conejos,22,0,0,37.201606,-106.19174879999998,8021.0,268.1291895185862,0.0,22,22,0,0,22,21,8200,0,0,0,0,1
2020-07-25,US,Colorado,Costilla,22,0,0,37.27732493,-105.4276548,8023.0,565.9891947517366,0.0,22,22,0,0,22,22,3828,0,0,0,0,0
2020-07-25,US,Colorado,Crowley,72,1,0,38.32608609,-103.7844965,8025.0,1187.922785018974,1.3888888888888888,71,72,1,0,71,72,5858,0,0,0,0,0
2020-07-25,US,Colorado,Custer,10,0,0,38.10883162,-105.3683478,8027.0,197.3164956590371,0.0,10,10,0,0,10,10,4954,0,0,0,0,0
2020-07-25,US,Colorado,Delta,98,1,0,38.86246243,-107.8631342,8029.0,314.48559142545406,1.020408163265306,97,94,1,0,93,93,30953,4,0,0,4,1
2020-07-25,US,Colorado,Denver,9101,405,0,39.76018276,-104.8725695,8031.0,1251.49372052953,4.450060432919459,8696,8939,403,0,8536,8809,716492,162,2,0,160,130
2020-07-25,US,Colorado,Dolores,1,0,0,37.75208676,-108.5211585,8033.0,48.661800486618006,0.0,1,2,0,0,2,2,2074,-1,0,0,-1,0
2020-07-25,US,Colorado,Douglas,1494,56,0,39.33133796,-104.930001,8035.0,425.4543590561406,3.748326639892905,1438,1462,56,0,1406,1433,342776,32,0,0,32,29
2020-07-25,US,Colorado,Eagle,944,9,0,39.62754308,-106.6933637,8037.0,1712.4095270919877,0.9533898305084746,935,926,9,0,917,903,54993,18,0,0,18,23
2020-07-25,US,Colorado,El Paso,4033,125,0,38.83240149,-104.5251411,8041.0,559.8255420924122,3.099429704934292,3908,3928,125,0,3803,3864,713856,105,0,0,105,64
2020-07-25,US,Colorado,Elbert,77,2,0,39.28656773,-104.1358721,8039.0,288.07662089864937,2.5974025974025974,75,76,2,0,74,76,26282,1,0,0,1,0
2020-07-25,US,Colorado,Fremont,87,0,0,38.47362326,-105.4399667,8043.0,181.85998871213863,0.0,87,85,0,0,85,83,48021,2,0,0,2,2
2020-07-25,US,Colorado,Garfield,612,4,0,39.59921777,-107.902708,8045.0,1018.9640532125673,0.6535947712418301,608,591,4,0,587,575,59770,21,0,0,21,16
2020-07-25,US,Colorado,Gilpin,13,0,0,39.85646523,-105.5252597,8047.0,208.23322120775268,0.0,13,13,0,0,13,13,6121,0,0,0,0,0
2020-07-25,US,Colorado,Grand,40,1,0,40.10603347,-106.1178042,8049.0,254.2265158256006,2.5,39,39,1,0,38,39,15525,1,0,0,1,0
2020-07-25,US,Colorado,Gunnison,216,6,0,38.66611652,-107.0320729,8051.0,1236.9717099988547,2.7777777777777777,210,216,6,0,210,216,17246,0,0,0,0,0
2020-07-25,US,Colorado,Hinsdale,3,0,0,37.82247444,-107.3004345,8053.0,365.8536585365854,0.0,3,3,0,0,3,3,811,0,0,0,0,0
2020-07-25,US,Colorado,Huerfano,6,1,0,37.68473101,-104.9612585,8055.0,86.99434536755109,16.666666666666668,5,6,1,0,5,5,6889,0,0,0,0,1
2020-07-25,US,Colorado,Jackson,8,0,0,40.66593870000001,-106.3408905,8057.0,574.7126436781608,0.0,8,8,0,0,8,8,1399,0,0,0,0,0
2020-07-25,US,Colorado,Jefferson,3622,221,0,39.58635604,-105.2517692,8059.0,621.3961340307883,6.101601325234678,3401,3527,220,0,3307,3462,580233,95,1,0,94,65
2020-07-25,US,Colorado,Kit Carson,42,3,0,39.30497777,-102.6022199,8063.0,591.7993518388051,7.142857142857142,39,42,3,0,39,41,7163,0,0,0,0,1
2020-07-25,US,Colorado,La Plata,185,2,0,37.28632032,-107.8429014,8067.0,329.0585368456627,1.0810810810810811,183,180,2,0,178,180,56310,5,0,0,5,0
2020-07-25,US,Colorado,Lake,61,0,0,39.20278823,-106.3555697,8065.0,750.5844715147041,0.0,61,61,0,0,61,61,7824,0,0,0,0,0
2020-07-25,US,Colorado,Larimer,1238,32,0,40.66671597,-105.4625784,8069.0,346.8768475114808,2.5848142164781907,1206,1207,32,0,1175,1183,350518,31,0,0,31,24
2020-07-25,US,Colorado,Las Animas,13,0,0,37.3153406,-104.0376458,8071.0,89.61808906659313,0.0,13,13,0,0,13,13,14503,0,0,0,0,0
2020-07-25,US,Colorado,Lincoln,6,0,0,38.98749519,-103.5136649,8073.0,105.24469391334854,0.0,6,6,0,0,6,6,5610,0,0,0,0,0
2020-07-25,US,Colorado,Logan,645,5,0,40.7249637,-103.110817,8075.0,2878.307822749788,0.7751937984496124,640,643,5,0,638,643,21528,2,0,0,2,0
2020-07-25,US,Colorado,Mesa,227,1,0,39.01787888,-108.469799,8077.0,147.2018675831658,0.4405286343612335,226,219,1,0,218,213,153207,8,0,0,8,6
2020-07-25,US,Colorado,Mineral,18,0,0,37.66954283,-106.9281698,8079.0,2340.702210663199,0.0,18,18,0,0,18,17,776,0,0,0,0,1
2020-07-25,US,Colorado,Moffat,23,1,0,40.61810999,-108.2070876,8081.0,173.15365504780547,4.3478260869565215,22,21,1,0,20,20,13188,2,0,0,2,1
2020-07-25,US,Colorado,Montezuma,96,4,0,37.33859579,-108.5958857,8083.0,366.65011648779745,4.166666666666667,92,93,4,0,89,92,26158,3,0,0,3,1
2020-07-25,US,Colorado,Montrose,255,13,0,38.40214114,-108.26390220000002,8085.0,596.3796248655223,5.098039215686273,242,251,13,0,238,248,42214,4,0,0,4,3
2020-07-25,US,Colorado,Morgan,672,46,0,40.26279810000001,-103.8093302,8087.0,2311.8205586899685,6.845238095238094,626,670,46,0,624,666,28558,2,0,0,2,4
2020-07-25,US,Colorado,Otero,36,3,0,37.9014485,-103.7173385,8089.0,196.9580916949338,8.333333333333334,33,35,2,0,33,33,18432,1,1,0,0,2
2020-07-25,US,Colorado,Ouray,12,1,0,38.14717457,-107.7675136,8091.0,242.3263327948304,8.333333333333334,11,12,1,0,11,12,4833,0,0,0,0,0
2020-07-25,US,Colorado,Park,39,1,0,39.120926,-105.7182065,8093.0,206.95144600689844,2.5641025641025643,38,37,1,0,36,36,18556,2,0,0,2,1
2020-07-25,US,Colorado,Phillips,20,0,0,40.59414277,-102.3577703,8095.0,468.9331770222743,0.0,20,19,0,0,19,19,4286,1,0,0,1,0
2020-07-25,US,Colorado,Pitkin,153,2,0,39.21720112,-106.9310027,8097.0,861.1470704114371,1.30718954248366,151,148,2,0,146,150,17950,5,0,0,5,-2
2020-07-25,US,Colorado,Prowers,45,0,0,37.95544985,-102.3926052,8099.0,369.7009530069011,0.0,45,45,0,0,45,45,12164,0,0,0,0,0
2020-07-25,US,Colorado,Pueblo,552,33,0,38.17359144,-104.5127437,8101.0,327.7442644753717,5.978260869565218,519,548,33,0,515,538,167529,4,0,0,4,10
2020-07-25,US,Colorado,Rio Blanco,6,0,0,39.97913541,-108.2179009,8103.0,94.87666034155598,0.0,6,6,0,0,6,6,6336,0,0,0,0,0
2020-07-25,US,Colorado,Rio Grande,87,2,0,37.5836865,-106.3847838,8105.0,772.1665039495872,2.2988505747126435,85,86,2,0,84,84,11250,1,0,0,1,2
2020-07-25,US,Colorado,Routt,94,6,0,40.48596505,-106.9905548,8107.0,366.6432639051408,6.382978723404255,88,94,6,0,88,94,25733,0,0,0,0,0
2020-07-25,US,Colorado,Saguache,107,2,0,38.08054629,-106.282466,8109.0,1567.9953106682299,1.8691588785046729,105,107,2,0,105,106,6843,0,0,0,0,1
2020-07-25,US,Colorado,San Juan,2,0,0,37.76248981,-107.67632890000002,8111.0,274.72527472527474,0.0,2,2,0,0,2,2,762,0,0,0,0,0
2020-07-25,US,Colorado,San Miguel,73,0,0,38.00450883,-108.4020725,8113.0,892.5296491013571,0.0,73,70,0,0,70,70,8191,3,0,0,3,0
2020-07-25,US,Colorado,Sedgwick,11,0,0,40.87595412,-102.3519227,8115.0,489.32384341637015,0.0,11,11,0,0,11,11,2303,0,0,0,0,0
2020-07-25,US,Colorado,Summit,315,4,0,39.63803232,-106.1150762,8117.0,1015.7685982393344,1.2698412698412698,311,313,4,0,309,312,31007,2,0,0,2,1
2020-07-25,US,Colorado,Teller,96,2,0,38.88133511,-105.1614893,8119.0,378.13140066172997,2.083333333333333,94,89,2,0,87,89,25083,7,0,0,7,0
2020-07-25,US,Colorado,Washington,46,0,0,39.97015535,-103.202587,8121.0,937.2453137734312,0.0,46,46,0,0,46,46,4909,0,0,0,0,0
2020-07-25,US,Colorado,Weld,3386,139,0,40.55499405,-104.3929621,8123.0,1043.4771889599745,4.105138806851742,3247,3353,139,0,3214,3319,314305,33,0,0,33,34
2020-07-25,US,Colorado,Yuma,57,0,0,40.00346839,-102.4258673,8125.0,568.9190537977843,0.0,57,56,0,0,56,56,10020,1,0,0,1,0
2020-07-25,US,Connecticut,Fairfield,17421,1402,0,41.26809896,-73.3881171,9001.0,1846.7517268575648,8.047758452442455,16019,17421,1402,0,16019,17184,943823,0,0,0,0,237
2020-07-25,US,Connecticut,Hartford,12340,1408,0,41.80283011,-72.73103891,9003.0,1383.8424617592966,11.410048622366288,10932,12340,1408,0,10932,12145,892697,0,0,0,0,195
2020-07-25,US,Connecticut,Litchfield,1560,138,0,41.7937534,-73.2451475,9005.0,865.0662940227246,8.846153846153848,1422,1560,138,0,1422,1530,181111,0,0,0,0,30
2020-07-25,US,Connecticut,Middlesex,1365,188,0,41.45949668,-72.53714864,9007.0,840.3309611169938,13.772893772893774,1177,1365,188,0,1177,1360,162682,0,0,0,0,5
2020-07-25,US,Connecticut,New Haven,12884,1095,0,41.408032500000004,-72.93620426,9009.0,1507.32898355907,8.498913380937598,11789,12884,1095,0,11789,12835,857620,0,0,0,0,49
2020-07-25,US,Connecticut,New London,1362,102,0,41.48896435,-72.10430976,9011.0,513.5630415601457,7.488986784140969,1260,1362,102,0,1260,1352,266784,0,0,0,0,10
2020-07-25,US,Connecticut,Tolland,964,65,0,41.85853803,-72.3308481,9013.0,639.5923593925199,6.742738589211617,899,964,65,0,899,937,150921,0,0,0,0,27
2020-07-25,US,Connecticut,Unassigned,222,0,0,0.0,0.0,90009.0,0.0,0.0,222,222,0,0,222,234,,0,0,0,0,-12
2020-07-25,US,Connecticut,Windham,658,15,0,41.82972709,-71.98182316,9015.0,563.4429963521776,2.2796352583586628,643,658,15,0,643,655,117027,0,0,0,0,3
2020-07-25,US,Delaware,Kent,2091,95,0,39.08646628,-75.56884914,10001.0,1156.6161096545086,4.543280726924916,1996,2102,95,0,2007,2058,178550,-11,0,0,-11,44
2020-07-25,US,Delaware,New Castle,6414,284,0,39.57992638,-75.64054974,10003.0,1147.9132997943636,4.427814156532585,6130,6408,283,0,6125,6296,559335,6,1,0,5,112
2020-07-25,US,Delaware,Sussex,5488,190,0,38.66143781,-75.39031349,10005.0,2343.0462162450635,3.4620991253644315,5298,5508,190,0,5318,5407,229286,-20,0,0,-20,101
2020-07-25,US,Delaware,Unassigned,182,10,0,0.0,0.0,90010.0,0.0,5.494505494505495,172,184,10,0,174,163,,-2,0,0,-2,21
2020-07-25,US,District of Columbia,District of Columbia,11717,581,0,38.90417773,-77.01655992,11001.0,1660.2219769351427,4.958607152001366,11136,11649,581,0,11068,11571,702455,68,0,0,68,78
2020-07-25,US,Florida,Alachua,3050,18,0,29.67866525,-82.35928158,12001.0,1133.647781209695,0.5901639344262295,3032,2984,16,0,2968,2890,269956,66,2,0,64,94
2020-07-25,US,Florida,Baker,285,4,0,30.33060121,-82.28467476,12003.0,975.6932557343376,1.4035087719298245,281,265,4,0,261,254,28355,20,0,0,20,11
2020-07-25,US,Florida,Bay,2862,15,0,30.26548745,-85.62122584,12005.0,1638.1900918691504,0.5241090146750524,2847,2477,14,0,2463,2356,185287,385,1,0,384,121
2020-07-25,US,Florida,Bradford,228,3,0,29.95079741,-82.16611613,12007.0,808.4819687245132,1.3157894736842106,225,221,3,0,218,212,27732,7,0,0,7,9
2020-07-25,US,Florida,Brevard,4898,64,0,28.29409504,-80.73091022,12009.0,813.6996587711109,1.3066557778685175,4834,4756,64,0,4692,4658,596849,142,0,0,142,98
2020-07-25,US,Florida,Broward,48187,580,0,26.15184651,-80.48725556,12011.0,2467.6128059615585,1.203644136385332,47607,46576,546,0,46030,45010,1951260,1611,34,0,1577,1566
2020-07-25,US,Florida,Calhoun,247,7,0,30.40666734,-85.19394153,12013.0,1751.1520737327191,2.8340080971659916,240,242,7,0,235,232,14587,5,0,0,5,10
2020-07-25,US,Florida,Charlotte,1660,82,0,26.90131002,-81.92949121,12015.0,878.7253189349426,4.9397590361445785,1578,1606,82,0,1524,1560,184998,54,0,0,54,46
2020-07-25,US,Florida,Citrus,1056,20,0,28.84804315,-82.47614748,12017.0,705.6135028765777,1.893939393939394,1036,1009,20,0,989,954,147929,47,0,0,47,55
2020-07-25,US,Florida,Clay,2473,47,0,29.98319144,-81.85609986,12019.0,1127.9258570047252,1.900525677315002,2426,2389,47,0,2342,2330,216072,84,0,0,84,59
2020-07-25,US,Florida,Collier,8725,117,0,26.11091986,-81.34687065,12021.0,2266.8107726122494,1.340974212034384,8608,8601,117,0,8484,8401,378488,124,0,0,124,200
2020-07-25,US,Florida,Columbia,2074,10,0,30.22509788,-82.62160164,12023.0,2893.1730044918113,0.4821600771456123,2064,2009,10,0,1999,1792,70503,65,0,0,65,217
2020-07-25,US,Florida,DeSoto,1164,14,0,27.18677893,-81.80941373,12027.0,3063.0772874398053,1.2027491408934707,1150,1144,14,0,1130,1123,37489,20,0,0,20,21
2020-07-25,US,Florida,Dixie,225,4,0,29.60631086,-83.15724673,12029.0,1337.2162130036847,1.7777777777777777,221,213,4,0,209,208,16700,12,0,0,12,5
2020-07-25,US,Florida,Duval,19288,138,0,30.33225875,-81.66976468,12031.0,2013.8762000720435,0.7154707590211531,19150,18781,122,0,18659,18357,950181,507,16,0,491,424
2020-07-25,US,Florida,Escambia,6854,76,0,30.67652764,-87.37284571,12033.0,2153.2062478794655,1.1088415523781734,6778,6684,76,0,6608,6461,315534,170,0,0,170,223
2020-07-25,US,Florida,Flagler,779,8,0,29.45933576,-81.31508595,12035.0,676.9145210764593,1.0269576379974326,771,756,8,0,748,724,112067,23,0,0,23,32
2020-07-25,US,Florida,Franklin,85,1,0,29.83791238,-84.82731662,12037.0,701.0309278350516,1.1764705882352942,84,83,1,0,82,82,11736,2,0,0,2,1
2020-07-25,US,Florida,Gadsden,1142,13,0,30.57796289,-84.61915825,12039.0,2501.095050372317,1.138353765323993,1129,1090,12,0,1078,1040,45894,52,1,0,51,50
2020-07-25,US,Florida,Gilchrist,303,0,0,29.72856978,-82.79880657,12041.0,1630.6102680012916,0.0,303,290,0,0,290,283,18256,13,0,0,13,7
2020-07-25,US,Florida,Glades,384,3,0,26.95635849,-81.18996211,12043.0,2780.3924408080516,0.78125,381,293,3,0,290,292,13724,91,0,0,91,1
2020-07-25,US,Florida,Gulf,242,0,0,29.93543004,-85.24270990000002,12045.0,1774.323630764719,0.0,242,236,0,0,236,212,16164,6,0,0,6,24
2020-07-25,US,Florida,Hamilton,553,2,0,30.49673973,-82.94998918,12047.0,3832.825062378708,0.3616636528028933,551,537,2,0,535,527,14310,16,0,0,16,10
2020-07-25,US,Florida,Hardee,776,4,0,27.49293939,-81.80956574,12049.0,2880.7959312469843,0.5154639175257731,772,759,4,0,755,733,27245,17,0,0,17,26
2020-07-25,US,Florida,Hendry,1495,32,0,26.55386945,-81.16469006,12051.0,3557.660273190233,2.140468227424749,1463,1480,32,0,1448,1451,41556,15,0,0,15,29
2020-07-25,US,Florida,Hernando,1418,21,0,28.55364461,-82.42700204,12053.0,731.2293729372936,1.4809590973201692,1397,1348,20,0,1328,1296,190865,70,1,0,69,52
2020-07-25,US,Florida,Highlands,1018,22,0,27.34254618,-81.34071957,12055.0,958.3792282128767,2.161100196463654,996,968,22,0,946,912,105424,50,0,0,50,56
2020-07-25,US,Florida,Hillsborough,26626,280,0,27.9276559,-82.32013172,12057.0,1808.8708450183701,1.0516036956358448,26346,26037,280,0,25757,25432,1436888,589,0,0,589,605
2020-07-25,US,Florida,Holmes,371,1,0,30.86747479,-85.81319222,12059.0,1891.216801753581,0.2695417789757412,370,364,1,0,363,348,19477,7,0,0,7,16
2020-07-25,US,Florida,Indian River,1941,33,0,27.69308961,-80.60556721,12061.0,1213.7090975031733,1.7001545595054095,1908,1837,31,0,1806,1767,157413,104,2,0,102,70
2020-07-25,US,Florida,Jackson,1220,18,0,30.795459700000002,-85.21500423,12063.0,2628.517257723963,1.475409836065574,1202,979,17,0,962,963,48305,241,1,0,240,16
2020-07-25,US,Florida,Jefferson,169,5,0,30.43669112,-83.89442308,12065.0,1186.2979081847536,2.9585798816568047,164,160,5,0,155,156,14288,9,0,0,9,4
2020-07-25,US,Florida,Lafayette,82,0,0,29.98484137,-83.18166636,12067.0,973.6404654476372,0.0,82,79,0,0,79,75,8732,3,0,0,3,4
2020-07-25,US,Florida,Lake,3988,38,0,28.76202069,-81.7125123,12069.0,1086.2992280411204,0.9528585757271816,3950,3890,38,0,3852,3757,356495,98,0,0,98,133
2020-07-25,US,Florida,Lee,14292,258,0,26.58410348,-81.88399313,12071.0,1854.7140649149924,1.805205709487825,14034,14046,252,0,13794,13768,754610,246,6,0,240,278
2020-07-25,US,Florida,Leon,3656,13,0,30.45955727,-84.27491114,12073.0,1245.307954847368,0.3555798687089716,3643,3568,13,0,3555,3480,292502,88,0,0,88,88
2020-07-25,US,Florida,Levy,449,2,0,29.31829741,-82.74007147,12075.0,1081.8495048550708,0.44543429844098004,447,441,2,0,439,424,40770,8,0,0,8,17
2020-07-25,US,Florida,Liberty,332,2,0,30.23766008,-84.8829258,12077.0,3974.144122576011,0.6024096385542169,330,327,2,0,325,320,8457,5,0,0,5,7
2020-07-25,US,Florida,Madison,519,6,0,30.44396917,-83.47398594,12079.0,2806.467311955875,1.1560693641618498,513,514,5,0,509,504,18529,5,1,0,4,10
2020-07-25,US,Florida,Manatee,7709,154,0,27.47196942,-82.31831044,12081.0,1911.7030747446395,1.997665066805033,7555,7520,153,0,7367,7252,394855,189,1,0,188,268
2020-07-25,US,Florida,Marion,3224,48,0,29.21227113,-82.05803627,12083.0,881.888729932518,1.488833746898263,3176,3105,43,0,3062,2927,359977,119,5,0,114,178
2020-07-25,US,Florida,Martin,3388,63,0,27.0772071,-80.43109784,12085.0,2104.3478260869565,1.859504132231405,3325,3357,58,0,3299,3314,160912,31,5,0,26,43
2020-07-25,US,Florida,Miami-Dade,101854,1379,0,25.6112362,-80.55170587,12086.0,3748.849808976274,1.3538987177724982,100475,98430,1370,0,97060,95068,2761581,3424,9,0,3415,3362
2020-07-25,US,Florida,Monroe,1114,6,0,25.20904673,-81.07812416,12087.0,1500.7813763000486,0.5385996409335727,1108,1082,6,0,1076,998,75027,32,0,0,32,84
2020-07-25,US,Florida,Nassau,919,8,0,30.61037141,-81.80297522,12089.0,1036.9534555712269,0.8705114254624592,911,895,7,0,888,865,85832,24,1,0,23,30
2020-07-25,US,Florida,Okaloosa,2275,20,0,30.69143028,-86.59267105,12091.0,1079.5395230096137,0.8791208791208791,2255,2202,16,0,2186,2134,207269,73,4,0,69,68
2020-07-25,US,Florida,Okeechobee,802,2,0,27.386336199999995,-80.88944347,12093.0,1901.9161449440328,0.2493765586034913,800,797,2,0,795,770,41537,5,0,0,5,27
2020-07-25,US,Florida,Orange,26559,173,0,28.51367621,-81.31799498,12095.0,1905.985997364817,0.6513799465341316,26386,25952,164,0,25788,25254,1380645,607,9,0,598,698
2020-07-25,US,Florida,Osceola,7407,51,0,28.06312234,-81.14882926,12097.0,1971.252238849664,0.6885378695828271,7356,7150,51,0,7099,6844,367990,257,0,0,257,306
2020-07-25,US,Florida,Palm Beach,29707,752,0,26.64676272,-80.46536002,12099.0,1984.7404744883984,2.531389908102468,28955,29004,744,0,28260,28267,1485941,703,8,0,695,737
2020-07-25,US,Florida,Pasco,5674,66,0,28.30810945,-82.40227529,12101.0,1024.28571686461,1.163200563976031,5608,5526,65,0,5461,5363,539630,148,1,0,147,163
2020-07-25,US,Florida,Pinellas,14985,372,0,27.93130349,-82.72239666,12103.0,1536.9293822743896,2.4824824824824825,14613,14726,367,0,14359,14371,975280,259,5,0,254,355
2020-07-25,US,Florida,Polk,11197,216,0,27.95027105,-81.69732947,12105.0,1544.8889796447736,1.9290881486112352,10981,10909,215,0,10694,10545,708009,288,1,0,287,364
2020-07-25,US,Florida,Putnam,1150,13,0,29.60779729,-81.74230285,12107.0,1543.1891681539432,1.1304347826086956,1137,1108,13,0,1095,1083,74163,42,0,0,42,25
2020-07-25,US,Florida,Santa Rosa,2365,19,0,30.69341450000001,-87.02458128,12113.0,1283.1433485429675,0.8033826638477801,2346,2288,19,0,2269,2147,179349,77,0,0,77,141
2020-07-25,US,Florida,Sarasota,5006,113,0,27.18546175,-82.33174248,12115.0,1154.1423242388332,2.2572912504994007,4893,4837,113,0,4724,4644,426718,169,0,0,169,193
2020-07-25,US,Florida,Seminole,5969,65,0,28.7158582,-81.24060348,12117.0,1265.0850101520475,1.0889596247277602,5904,5852,60,0,5792,5736,467832,117,5,0,112,116
2020-07-25,US,Florida,St. Johns,2871,19,0,29.90096506,-81.43589967,12109.0,1084.7388465723614,0.6617903169627307,2852,2796,18,0,2778,2708,254261,75,1,0,74,88
2020-07-25,US,Florida,St. Lucie,4316,96,0,27.37763908,-80.47106649,12111.0,1314.6632469989065,2.2242817423540315,4220,4153,95,0,4058,4004,321128,163,1,0,162,149
2020-07-25,US,Florida,Sumter,968,25,0,28.70181754,-82.0794267,12119.0,731.0074006947591,2.5826446280991737,943,941,24,0,917,902,128754,27,1,0,26,39
2020-07-25,US,Florida,Suwannee,993,27,0,30.19746066,-82.99099670000003,12121.0,2235.630501834883,2.7190332326283992,966,979,27,0,952,940,44191,14,0,0,14,39
2020-07-25,US,Florida,Taylor,257,3,0,30.04848048,-83.60445406,12123.0,1191.5248736612732,1.1673151750972763,254,249,3,0,246,244,21623,8,0,0,8,5
2020-07-25,US,Florida,Unassigned,462,0,0,0.0,0.0,90012.0,0.0,0.0,462,447,0,0,447,433,,15,0,0,15,14
2020-07-25,US,Florida,Union,183,4,0,30.04412971,-82.37497443,12125.0,1201.0238235873205,2.1857923497267757,179,178,3,0,175,169,14940,5,1,0,4,9
2020-07-25,US,Florida,Volusia,6133,97,0,29.05858895,-81.18263252,12127.0,1108.4723216286752,1.5816076960704386,6036,5969,96,0,5873,5803,547538,164,1,0,163,166
2020-07-25,US,Florida,Wakulla,477,1,0,30.16548905,-84.39895211,12129.0,1413.7941254927532,0.20964360587002093,476,455,1,0,454,419,32461,22,0,0,22,36
2020-07-25,US,Florida,Walton,1016,11,0,30.64204028,-86.16935664,12131.0,1371.6569237623362,1.0826771653543308,1005,964,11,0,953,931,71375,52,0,0,52,33
2020-07-25,US,Florida,Washington,415,13,0,30.61359259,-85.66002461,12133.0,1629.1759902642013,3.132530120481928,402,402,13,0,389,389,24880,13,0,0,13,13
2020-07-25,US,Georgia,Appling,486,16,0,31.74847232,-82.28909114,13001.0,2643.315566191668,3.2921810699588483,470,475,16,0,459,465,18507,11,0,0,11,10
2020-07-25,US,Georgia,Atkinson,264,2,0,31.29633502,-82.87545866,13003.0,3233.3129210042866,0.7575757575757576,262,259,2,0,257,250,8297,5,0,0,5,9
2020-07-25,US,Georgia,Bacon,378,5,0,31.55456473,-82.45936528,13005.0,3385.883195987101,1.3227513227513228,373,371,5,0,366,362,11185,7,0,0,7,9
2020-07-25,US,Georgia,Baker,50,3,0,31.32669878,-84.44218806,13007.0,1645.8196181698486,6.0,47,47,3,0,44,47,3092,3,0,0,3,0
2020-07-25,US,Georgia,Baldwin,822,37,0,33.06882326,-83.24701748,13009.0,1831.1427934952105,4.5012165450121655,785,806,37,0,769,790,44823,16,0,0,16,16
2020-07-25,US,Georgia,Banks,203,3,0,34.35607081,-83.49644388,13011.0,1055.42268898825,1.477832512315271,200,202,3,0,199,202,18988,1,0,0,1,0
2020-07-25,US,Georgia,Barrow,910,32,0,33.99148694,-83.71436292,13013.0,1093.2244113407016,3.5164835164835164,878,877,32,0,845,852,80809,33,0,0,33,25
2020-07-25,US,Georgia,Bartow,1318,51,0,34.23732119,-84.83887523,13015.0,1223.3380979784292,3.8694992412746583,1267,1283,51,0,1232,1252,106408,35,0,0,35,31
2020-07-25,US,Georgia,Ben Hill,297,1,0,31.76095874,-83.22145359,13017.0,1778.443113772455,0.3367003367003367,296,291,1,0,290,286,16787,6,0,0,6,5
2020-07-25,US,Georgia,Berrien,224,0,0,31.27590016,-83.22529920000002,13019.0,1154.817755322988,0.0,224,222,0,0,222,212,19252,2,0,0,2,10
2020-07-25,US,Georgia,Bibb,2660,52,0,32.80904227,-83.70489165,13021.0,1736.7572261506016,1.954887218045113,2608,2614,51,0,2563,2507,153095,46,1,0,45,107
2020-07-25,US,Georgia,Bleckley,114,3,0,32.43829035,-83.33035166,13023.0,885.5744581682593,2.631578947368421,111,109,1,0,108,109,12838,5,2,0,3,0
2020-07-25,US,Georgia,Brantley,196,3,0,31.19576557,-81.97743999,13025.0,1025.6946988330103,1.5306122448979589,193,192,3,0,189,186,18897,4,0,0,4,6
2020-07-25,US,Georgia,Brooks,308,13,0,30.83922642,-83.58303423,13027.0,1992.6247007828167,4.220779220779221,295,303,12,0,291,298,15513,5,1,0,4,5
2020-07-25,US,Georgia,Bryan,461,6,0,32.00979311,-81.44002948,13029.0,1163.3482221717516,1.3015184381778742,455,437,6,0,431,421,38109,24,0,0,24,16
2020-07-25,US,Georgia,Bulloch,903,10,0,32.39577406,-81.74811421,13031.0,1134.3081097377146,1.1074197120708749,893,878,9,0,869,855,77296,25,1,0,24,23
2020-07-25,US,Georgia,Burke,316,7,0,33.05917989,-81.99928721,13033.0,1411.7857302417015,2.2151898734177213,309,306,7,0,299,302,22423,10,0,0,10,4
2020-07-25,US,Georgia,Butts,402,36,0,33.283094500000004,-83.95435040000002,13035.0,1612.1270452358035,8.955223880597012,366,393,36,0,357,380,24193,9,0,0,9,13
2020-07-25,US,Georgia,Calhoun,180,6,0,31.53169785,-84.62725131,13037.0,2908.38584585555,3.333333333333333,174,179,6,0,173,178,6352,1,0,0,1,1
2020-07-25,US,Georgia,Camden,486,4,0,30.92951916,-81.66601818,13039.0,889.0352321369772,0.8230452674897121,482,472,4,0,468,451,53677,14,0,0,14,21
2020-07-25,US,Georgia,Candler,171,1,0,32.40209349,-82.07702563,13043.0,1582.8936406553735,0.5847953216374269,170,157,1,0,156,148,10836,14,0,0,14,9
2020-07-25,US,Georgia,Carroll,1511,42,0,33.58138199,-85.07976677,13045.0,1259.2506167077804,2.7796161482461947,1469,1478,42,0,1436,1452,118121,33,0,0,33,26
2020-07-25,US,Georgia,Catoosa,447,8,0,34.89872298,-85.13757014,13047.0,661.4382953536549,1.7897091722595078,439,441,8,0,433,431,67420,6,0,0,6,10
2020-07-25,US,Georgia,Charlton,254,3,0,30.78371028,-82.13951596,13049.0,1896.6547192353644,1.1811023622047243,251,244,3,0,241,232,12968,10,0,0,10,12
2020-07-25,US,Georgia,Chatham,4154,48,0,32.00043026,-81.12489526,13051.0,1435.2347717928342,1.1555127587867116,4106,4068,44,0,4024,3928,289195,86,4,0,82,140
2020-07-25,US,Georgia,Chattahoochee,507,1,0,32.34341231,-84.78809239,13053.0,4648.390941597139,0.19723865877712032,506,507,1,0,506,505,10684,0,0,0,0,2
2020-07-25,US,Georgia,Chattooga,134,2,0,34.47197698,-85.34535662,13055.0,540.5623462019444,1.492537313432836,132,125,2,0,123,115,24790,9,0,0,9,10
2020-07-25,US,Georgia,Cherokee,2419,52,0,34.24393976,-84.47431861,13057.0,934.7961340634456,2.1496486151302188,2367,2364,51,0,2313,2312,254149,55,1,0,54,52
2020-07-25,US,Georgia,Clarke,1439,15,0,33.95436462,-83.37124007,13059.0,1121.3190889184998,1.0423905489923555,1424,1396,15,0,1381,1356,127330,43,0,0,43,40
2020-07-25,US,Georgia,Clay,69,2,0,31.62221166,-84.97713865,13061.0,2434.721242060692,2.898550724637681,67,69,2,0,67,68,2887,0,0,0,0,1
2020-07-25,US,Georgia,Clayton,3948,92,0,33.54187245,-84.35594188,13063.0,1350.8704697251724,2.3302938196555223,3856,3838,90,0,3748,3737,289615,110,2,0,108,101
2020-07-25,US,Georgia,Clinch,157,4,0,30.91395822,-82.70432472,13065.0,2372.317920822001,2.5477707006369426,153,153,4,0,149,148,6648,4,0,0,4,5
2020-07-25,US,Georgia,Cobb,10009,287,0,33.94243204,-84.5761255,13067.0,1316.7293962567473,2.867419322609652,9722,9717,282,0,9435,9380,756865,292,5,0,287,337
2020-07-25,US,Georgia,Coffee,1184,22,0,31.54892966,-82.85492059999999,13069.0,2736.1172093453188,1.858108108108108,1162,1156,22,0,1134,1099,43093,28,0,0,28,57
2020-07-25,US,Georgia,Colquitt,1405,21,0,31.18810588,-83.7677946,13071.0,3081.140350877193,1.4946619217081851,1384,1391,21,0,1370,1383,45592,14,0,0,14,8
2020-07-25,US,Georgia,Columbia,1439,18,0,33.54534185,-82.263524,13073.0,918.2332146457878,1.2508686587908269,1421,1395,18,0,1377,1361,154291,44,0,0,44,34
2020-07-25,US,Georgia,Cook,334,5,0,31.16068491,-83.42947229,13075.0,1933.9895773016794,1.497005988023952,329,329,5,0,324,312,17162,5,0,0,5,17
2020-07-25,US,Georgia,Coweta,1168,17,0,33.35334302,-84.76129976,13077.0,786.4843208155734,1.4554794520547945,1151,1136,17,0,1119,1104,145864,32,0,0,32,32
2020-07-25,US,Georgia,Crawford,81,0,0,32.71391813,-83.98061238,13079.0,653.0151564011609,0.0,81,81,0,0,81,76,12318,0,0,0,0,5
2020-07-25,US,Georgia,Crisp,349,14,0,31.92289565,-83.76811843,13081.0,1559.985696406222,4.011461318051576,335,347,14,0,333,346,22601,2,0,0,2,1
2020-07-25,US,Georgia,Dade,95,1,0,34.854916700000004,-85.50490424,13083.0,589.4762968478531,1.0526315789473684,94,92,1,0,91,89,16226,3,0,0,3,3
2020-07-25,US,Georgia,Dawson,229,3,0,34.44244079,-84.16964071,13085.0,877.1257851999388,1.310043668122271,226,226,3,0,223,217,25083,3,0,0,3,9
2020-07-25,US,Georgia,DeKalb,11025,206,0,33.76944049,-84.22396017,13089.0,1452.0009956578256,1.8684807256235827,10819,10767,204,0,10563,10480,756558,258,2,0,256,287
2020-07-25,US,Georgia,Decatur,496,8,0,30.87967778,-84.57619536,13087.0,1878.5032570822602,1.6129032258064515,488,469,8,0,461,445,26575,27,0,0,27,24
2020-07-25,US,Georgia,Dodge,195,2,0,32.17265114,-83.16948926,13091.0,946.372239747634,1.0256410256410255,193,191,2,0,189,189,20705,4,0,0,4,2
2020-07-25,US,Georgia,Dooly,230,14,0,32.15630737,-83.79746561,13093.0,1717.699775952203,6.086956521739131,216,230,14,0,216,230,13706,0,0,0,0,0
2020-07-25,US,Georgia,Dougherty,2451,162,0,31.53328528,-84.21722377,13095.0,2786.6205830187823,6.6095471236230114,2289,2428,160,0,2268,2411,91243,23,2,0,21,17
2020-07-25,US,Georgia,Douglas,2027,46,0,33.70291126,-84.77026156,13097.0,1385.102123094374,2.2693635915145536,1981,1970,45,0,1925,1914,145331,57,1,0,56,56
2020-07-25,US,Georgia,Early,326,31,0,31.32155345,-84.90255207,13099.0,3199.2149165848878,9.509202453987731,295,337,31,0,306,337,10247,-11,0,0,-11,0
2020-07-25,US,Georgia,Echols,217,0,0,30.71101099,-82.89687287,13101.0,5416.874687968048,0.0,217,217,0,0,217,217,4000,0,0,0,0,0
2020-07-25,US,Georgia,Effingham,524,1,0,32.36616021,-81.34280942,13103.0,814.9807141968396,0.19083969465648856,523,491,1,0,490,468,62190,33,0,0,33,23
2020-07-25,US,Georgia,Elbert,279,1,0,34.11302332,-82.83936148,13105.0,1453.579243513598,0.35842293906810035,278,271,1,0,270,266,19120,8,0,0,8,5
2020-07-25,US,Georgia,Emanuel,324,4,0,32.59221302,-82.30239915,13107.0,1430.716241278813,1.2345679012345678,320,295,5,0,290,286,22612,29,-1,0,30,9
2020-07-25,US,Georgia,Evans,150,1,0,32.15328841,-81.8870105,13109.0,1407.921907264877,0.6666666666666666,149,141,1,0,140,133,10721,9,0,0,9,8
2020-07-25,US,Georgia,Fannin,229,2,0,34.86430205,-84.316964,13111.0,874.4463112876126,0.8733624454148472,227,223,2,0,221,214,25964,6,0,0,6,9
2020-07-25,US,Georgia,Fayette,788,23,0,33.41357794,-84.49089434,13113.0,688.6847694042177,2.918781725888325,765,764,23,0,741,742,113459,24,0,0,24,22
2020-07-25,US,Georgia,Floyd,1017,15,0,34.26268279,-85.21577392,13115.0,1032.5082742796808,1.4749262536873156,1002,977,15,0,962,942,97927,40,0,0,40,35
2020-07-25,US,Georgia,Forsyth,1597,16,0,34.22604035,-84.12315129999998,13117.0,653.8329266495259,1.0018785222291795,1581,1556,16,0,1540,1499,236612,41,0,0,41,57
2020-07-25,US,Georgia,Franklin,321,3,0,34.37525597,-83.23159927,13119.0,1374.7912116150585,0.9345794392523364,318,319,3,0,316,315,23023,2,0,0,2,4
2020-07-25,US,Georgia,Fulton,15649,372,0,33.79216944,-84.46319413,13121.0,1470.8577669542462,2.3771486995974183,15277,15221,365,0,14856,14673,1050114,428,7,0,421,548
2020-07-25,US,Georgia,Gilmer,421,3,0,34.69316688,-84.45802506,13123.0,1342.089323854761,0.7125890736342043,418,416,3,0,413,405,30816,5,0,0,5,11
2020-07-25,US,Georgia,Glascock,19,0,0,33.22879932,-82.61297636,13125.0,639.5153147088522,0.0,19,17,0,0,17,17,2995,2,0,0,2,0
2020-07-25,US,Georgia,Glynn,2083,19,0,31.23279254,-81.53811412,13127.0,2442.198564929888,0.912145943350936,2064,2049,19,0,2030,2008,85219,34,0,0,34,41
2020-07-25,US,Georgia,Gordon,802,21,0,34.50487351,-84.87296253,13129.0,1383.6412884081226,2.6184538653366585,781,772,21,0,751,749,57685,30,0,0,30,23
2020-07-25,US,Georgia,Grady,346,4,0,30.87454847,-84.23418364,13131.0,1404.6198189420693,1.1560693641618498,342,341,4,0,337,327,24748,5,0,0,5,14
2020-07-25,US,Georgia,Greene,203,11,0,33.5769205,-83.17139104,13133.0,1107.836716874045,5.41871921182266,192,200,11,0,189,189,17698,3,0,0,3,11
2020-07-25,US,Georgia,Gwinnett,15134,216,0,33.96044201,-84.02137802,13135.0,1616.4485981308414,1.4272499008854236,14918,14801,213,0,14588,14442,927781,333,3,0,330,359
2020-07-25,US,Georgia,Habersham,931,48,0,34.63331566,-83.53094677,13137.0,2053.9181080127073,5.155746509129968,883,921,47,0,874,904,45388,10,1,0,9,17
2020-07-25,US,Georgia,Hall,4845,71,0,34.32207823,-83.81896936,13139.0,2369.876883795325,1.4654282765737874,4774,4789,70,0,4719,4706,202148,56,1,0,55,83
2020-07-25,US,Georgia,Hancock,255,34,0,33.2721566,-82.99766919,13141.0,3015.253636041149,13.333333333333336,221,253,34,0,219,249,8348,2,0,0,2,4
2020-07-25,US,Georgia,Haralson,162,6,0,33.79602175,-85.21005667,13143.0,543.7701396348011,3.703703703703704,156,151,6,0,145,146,29533,11,0,0,11,5
2020-07-25,US,Georgia,Harris,551,14,0,32.73709786,-84.90538572,13145.0,1563.7416278805767,2.5408348457350267,537,547,14,0,533,535,34475,4,0,0,4,12
2020-07-25,US,Georgia,Hart,198,0,0,34.34626973,-82.96567682,13147.0,755.5809959931311,0.0,198,191,0,0,191,185,26099,7,0,0,7,6
2020-07-25,US,Georgia,Heard,118,3,0,33.29686567,-85.12886832,13149.0,989.6838044116414,2.5423728813559316,115,117,3,0,114,112,11879,1,0,0,1,5
2020-07-25,US,Georgia,Henry,2547,38,0,33.4533428,-84.14814659999998,13151.0,1085.8582628825764,1.49195131527287,2509,2479,38,0,2441,2389,230220,68,0,0,68,90
2020-07-25,US,Georgia,Houston,1466,40,0,32.45802497,-83.66879087,13153.0,928.6533259851897,2.728512960436562,1426,1430,36,0,1394,1368,155469,36,4,0,32,62
2020-07-25,US,Georgia,Irwin,124,1,0,31.60213036,-83.27501387,13155.0,1316.9073916737468,0.8064516129032258,123,123,1,0,122,122,9398,1,0,0,1,1
2020-07-25,US,Georgia,Jackson,766,13,0,34.13794553,-83.56814788,13157.0,1049.645778807021,1.6971279373368149,753,735,13,0,722,694,70422,31,0,0,31,41
2020-07-25,US,Georgia,Jasper,106,1,0,33.31535543,-83.68844964,13159.0,745.4813981292638,0.9433962264150944,105,103,1,0,102,103,14040,3,0,0,3,0
2020-07-25,US,Georgia,Jeff Davis,276,5,0,31.80405727,-82.63724870000001,13161.0,1826.0006615944424,1.8115942028985508,271,254,4,0,250,249,15029,22,1,0,21,5
2020-07-25,US,Georgia,Jefferson,356,5,0,33.05867328,-82.41609057,13163.0,2317.4065876838954,1.404494382022472,351,349,5,0,344,337,15430,7,0,0,7,12
2020-07-25,US,Georgia,Jenkins,209,19,0,32.79248718,-81.96040187,13165.0,2408.944213923467,9.090909090909092,190,205,18,0,187,205,8683,4,1,0,3,0
2020-07-25,US,Georgia,Johnson,205,4,0,32.70211082,-82.66166794,13167.0,2125.894431193612,1.951219512195122,201,204,3,0,201,192,9708,1,1,0,0,12
2020-07-25,US,Georgia,Jones,218,1,0,33.02512137,-83.56019163,13169.0,758.6566904471898,0.4587155963302753,217,214,1,0,213,206,28616,4,0,0,4,8
2020-07-25,US,Georgia,Lamar,192,8,0,33.07841647,-84.14263877,13171.0,1006.4475546469572,4.166666666666667,184,184,8,0,176,178,19000,8,0,0,8,6
2020-07-25,US,Georgia,Lanier,192,4,0,31.03828570000001,-83.06472457,13173.0,1842.0800153506668,2.083333333333333,188,190,4,0,186,189,10340,2,0,0,2,1
2020-07-25,US,Georgia,Laurens,570,1,0,32.46325233,-82.92221316,13175.0,1198.8390190552307,0.17543859649122806,569,562,1,0,561,548,47325,8,0,0,8,14
2020-07-25,US,Georgia,Lee,480,22,0,31.779330600000005,-84.14324253,13177.0,1600.4267804747933,4.583333333333333,458,472,22,0,450,464,29764,8,0,0,8,8
2020-07-25,US,Georgia,Liberty,475,2,0,31.82588896,-81.49251135,13179.0,773.1749003011313,0.42105263157894735,473,468,2,0,466,458,61497,7,0,0,7,10
2020-07-25,US,Georgia,Lincoln,101,3,0,33.79201475,-82.45024131,13181.0,1275.0915288473675,2.9702970297029703,98,96,3,0,93,92,7915,5,0,0,5,4
2020-07-25,US,Georgia,Long,95,1,0,31.75218791,-81.74952375,13183.0,485.70990336929293,1.0526315789473684,94,94,1,0,93,94,18998,1,0,0,1,0
2020-07-25,US,Georgia,Lowndes,2608,25,0,30.83568832,-83.27056716,13185.0,2221.351549324566,0.9585889570552149,2583,2563,23,0,2540,2495,116321,45,2,0,43,68
2020-07-25,US,Georgia,Lumpkin,240,5,0,34.57286511,-84.00425681,13187.0,714.0731925022314,2.083333333333333,235,236,5,0,231,233,32955,4,0,0,4,3
2020-07-25,US,Georgia,Macon,158,10,0,32.35207048,-84.04234127,13193.0,1220.3599289410674,6.329113924050633,148,156,10,0,146,154,13143,2,0,0,2,2
2020-07-25,US,Georgia,Madison,274,4,0,34.12920917,-83.21218732,13195.0,917.0013386880856,1.45985401459854,270,265,4,0,261,248,29650,9,0,0,9,17
2020-07-25,US,Georgia,Marion,122,4,0,32.3483402,-84.52733571,13197.0,1459.5047254456274,3.278688524590164,118,117,4,0,113,113,8351,5,0,0,5,4
2020-07-25,US,Georgia,McDuffie,228,9,0,33.47851918,-82.48252774,13189.0,1069.8198198198197,3.947368421052632,219,221,8,0,213,220,21531,7,1,0,6,1
2020-07-25,US,Georgia,McIntosh,124,2,0,31.49683595,-81.40163426,13191.0,862.4287105299762,1.6129032258064515,122,117,2,0,115,114,14340,7,0,0,7,3
2020-07-25,US,Georgia,Meriwether,320,5,0,33.04163534,-84.68859732,13199.0,1511.7872159493552,1.5625,315,307,5,0,302,301,21068,13,0,0,13,6
2020-07-25,US,Georgia,Miller,94,0,0,31.16568912,-84.73151117,13201.0,1643.9314445610348,0.0,94,87,0,0,87,84,5686,7,0,0,7,3
2020-07-25,US,Georgia,Mitchell,552,41,0,31.22483255,-84.19381821,13205.0,2524.8136120386043,7.427536231884058,511,548,41,0,507,544,22192,4,0,0,4,4
2020-07-25,US,Georgia,Monroe,361,22,0,33.014289,-83.92097166,13207.0,1309.0144317934585,6.094182825484765,339,349,22,0,327,332,27520,12,0,0,12,17
2020-07-25,US,Georgia,Montgomery,105,0,0,32.17201038,-82.53527476,13209.0,1144.788486698648,0.0,105,100,0,0,100,97,9193,5,0,0,5,3
2020-07-25,US,Georgia,Morgan,147,0,0,33.59232073,-83.49129491,13211.0,762.6063498651172,0.0,147,132,0,0,132,129,18853,15,0,0,15,3
2020-07-25,US,Georgia,Murray,451,2,0,34.78897608,-84.74993177,13213.0,1124.8004788507583,0.4434589800443459,449,445,2,0,443,433,39921,6,0,0,6,12
2020-07-25,US,Georgia,Muscogee,3781,75,0,32.50931999,-84.87142262,13215.0,1931.3578758639007,1.983602221634488,3706,3700,74,0,3626,3642,194160,81,1,0,80,58
2020-07-25,US,Georgia,Newton,1355,24,0,33.55514538,-83.84547140000002,13217.0,1212.5930698739978,1.7712177121771218,1331,1328,24,0,1304,1294,109541,27,0,0,27,34
2020-07-25,US,Georgia,Oconee,338,15,0,33.83749973,-83.43679568,13219.0,839.1261171797419,4.437869822485207,323,326,15,0,311,322,39272,12,0,0,12,4
2020-07-25,US,Georgia,Oglethorpe,160,7,0,33.878629600000004,-83.08278123,13221.0,1048.5615046857592,4.375,153,160,7,0,153,158,15054,0,0,0,0,2
2020-07-25,US,Georgia,Out of GA,13926,74,0,0.0,0.0,80013.0,0.0,0.5313801522332328,13852,13669,74,0,13595,12731,,257,0,0,257,938
2020-07-25,US,Georgia,Paulding,1205,18,0,33.91969522,-84.86848792,13223.0,714.425465562321,1.4937759336099583,1187,1178,18,0,1160,1146,164044,27,0,0,27,32
2020-07-25,US,Georgia,Peach,243,10,0,32.56934316,-83.82937,13225.0,882.1607492920932,4.11522633744856,233,237,10,0,227,220,27297,6,0,0,6,17
2020-07-25,US,Georgia,Pickens,211,5,0,34.46589159,-84.46406611,13227.0,647.4179988340339,2.3696682464454977,206,206,5,0,201,200,31980,5,0,0,5,6
2020-07-25,US,Georgia,Pierce,347,5,0,31.35928155,-82.21598442,13229.0,1782.686873876188,1.4409221902017288,342,342,5,0,337,337,19389,5,0,0,5,5
2020-07-25,US,Georgia,Pike,161,3,0,33.09310242,-84.38790389,13231.0,849.0665541609535,1.8633540372670807,158,157,3,0,154,149,18634,4,0,0,4,8
2020-07-25,US,Georgia,Polk,509,5,0,34.00267074,-85.18677781,13233.0,1194.4711707694835,0.9823182711198428,504,479,4,0,475,457,42470,30,1,0,29,22
2020-07-25,US,Georgia,Pulaski,75,2,0,32.23334561,-83.47549959999998,13235.0,673.4309059890455,2.6666666666666665,73,75,2,0,73,73,11069,0,0,0,0,2
2020-07-25,US,Georgia,Putnam,303,17,0,33.32056115,-83.37552891,13237.0,1369.86301369863,5.6105610561056105,286,295,17,0,278,287,21809,8,0,0,8,8
2020-07-25,US,Georgia,Quitman,25,1,0,31.86728114,-85.01773177,13239.0,1087.4293170943888,4.0,24,25,1,0,24,25,2279,0,0,0,0,0
2020-07-25,US,Georgia,Rabun,150,3,0,34.88389445,-83.40304637,13241.0,875.2990605123417,2.0,147,147,3,0,144,139,16867,3,0,0,3,8
2020-07-25,US,Georgia,Randolph,235,26,0,31.76622818,-84.75732369,13243.0,3467.099439362645,11.063829787234043,209,231,26,0,205,230,6833,4,0,0,4,1
2020-07-25,US,Georgia,Richmond,2721,74,0,33.35777107,-82.07026432,13245.0,1343.5842739904601,2.7195883866225654,2647,2579,74,0,2505,2524,201554,142,0,0,142,55
2020-07-25,US,Georgia,Rockdale,976,12,0,33.65145002,-84.02202167,13247.0,1073.7546206653758,1.2295081967213115,964,966,12,0,954,940,90594,10,0,0,10,26
2020-07-25,US,Georgia,Schley,41,1,0,32.2654021,-84.31258912,13249.0,779.912497622218,2.4390243902439024,40,33,1,0,32,33,5236,8,0,0,8,0
2020-07-25,US,Georgia,Screven,147,9,0,32.74976524,-81.60779441,13251.0,1052.556207933553,6.1224489795918355,138,144,9,0,135,141,13938,3,0,0,3,3
2020-07-25,US,Georgia,Seminole,93,2,0,30.93464824,-84.86823924,13253.0,1149.567367119901,2.150537634408602,91,86,2,0,84,79,8315,7,0,0,7,7
2020-07-25,US,Georgia,Spalding,735,36,0,33.26310031,-84.28013991,13255.0,1101.8994647916886,4.8979591836734695,699,708,35,0,673,689,66100,27,1,0,26,19
2020-07-25,US,Georgia,Stephens,474,6,0,34.55151201,-83.29405315,13257.0,1828.3510125361624,1.2658227848101269,468,463,6,0,457,446,26035,11,0,0,11,17
2020-07-25,US,Georgia,Stewart,237,5,0,32.07996777,-84.83208037,13259.0,3579.5197100135933,2.109704641350211,232,235,4,0,231,235,6199,2,1,0,1,0
2020-07-25,US,Georgia,Sumter,693,55,0,32.03650571,-84.19821492,13261.0,2347.2429210134133,7.936507936507938,638,688,55,0,633,684,29733,5,0,0,5,4
2020-07-25,US,Georgia,Talbot,119,3,0,32.69642758,-84.53351366,13263.0,1920.9039548022602,2.5210084033613445,116,114,3,0,111,114,6272,5,0,0,5,0
2020-07-25,US,Georgia,Taliaferro,5,0,0,33.56543317,-82.88136816,13265.0,325.3090435914118,0.0,5,5,0,0,5,5,1608,0,0,0,0,0
2020-07-25,US,Georgia,Tattnall,317,1,0,32.04785085,-82.05539188,13267.0,1253.6581507553587,0.3154574132492113,316,306,0,0,306,295,25391,11,1,0,10,11
2020-07-25,US,Georgia,Taylor,55,2,0,32.55792548,-84.25077141,13269.0,685.785536159601,3.636363636363636,53,54,2,0,52,54,8039,1,0,0,1,0
2020-07-25,US,Georgia,Telfair,233,5,0,31.92829517,-82.93491155,13271.0,1469.1046658259772,2.145922746781116,228,232,5,0,227,228,15876,1,0,0,1,4
2020-07-25,US,Georgia,Terrell,274,29,0,31.77527543,-84.44069698,13273.0,3211.815730863908,10.583941605839415,245,273,29,0,244,271,8611,1,0,0,1,2
2020-07-25,US,Georgia,Thomas,821,38,0,30.86392347,-83.91847289,13275.0,1846.9775708083055,4.6285018270401945,783,809,38,0,771,789,44448,12,0,0,12,20
2020-07-25,US,Georgia,Tift,1150,34,0,31.45743864,-83.5236119,13277.0,2829.445920677099,2.9565217391304346,1116,1131,34,0,1097,1104,40571,19,0,0,19,27
2020-07-25,US,Georgia,Toombs,488,6,0,32.12059861,-82.32957247,13279.0,1818.8594856503914,1.2295081967213115,482,475,6,0,469,463,26887,13,0,0,13,12
2020-07-25,US,Georgia,Towns,98,1,0,34.91369188,-83.74107459999998,13281.0,814.1563512503116,1.020408163265306,97,94,1,0,93,94,11852,4,0,0,4,0
2020-07-25,US,Georgia,Treutlen,76,2,0,32.40422134,-82.56904553,13283.0,1101.2896681640343,2.631578947368421,74,74,2,0,72,66,6809,2,0,0,2,8
2020-07-25,US,Georgia,Troup,2069,52,0,33.03349196,-85.02812115,13285.0,2959.011469923629,2.5132914451425807,2017,2027,52,0,1975,1999,70034,42,0,0,42,28
2020-07-25,US,Georgia,Turner,205,18,0,31.71612656,-83.62069378,13287.0,2567.313713212273,8.78048780487805,187,204,18,0,186,204,7912,1,0,0,1,0
2020-07-25,US,Georgia,Twiggs,67,2,0,32.67435595,-83.43078662,13289.0,825.1231527093596,2.985074626865672,65,65,1,0,64,61,8188,2,1,0,1,4
2020-07-25,US,Georgia,Unassigned,2057,7,0,0.0,0.0,90013.0,0.0,0.3403014098201264,2050,2109,6,0,2103,2223,,-52,1,0,-53,-114
2020-07-25,US,Georgia,Union,167,6,0,34.82995757,-83.98967069,13291.0,681.3267512545387,3.5928143712574854,161,162,5,0,157,151,24001,5,1,0,4,11
2020-07-25,US,Georgia,Upson,440,45,0,32.87920671,-84.30024826,13293.0,1671.7325227963531,10.227272727272727,395,435,45,0,390,434,26215,5,0,0,5,1
2020-07-25,US,Georgia,Walker,453,14,0,34.73376362,-85.30165174,13295.0,649.3599575694155,3.0905077262693155,439,439,14,0,425,425,69410,14,0,0,14,14
2020-07-25,US,Georgia,Walton,737,32,0,33.78017694,-83.73552314,13297.0,779.1274195765013,4.341926729986431,705,729,32,0,697,705,93503,8,0,0,8,24
2020-07-25,US,Georgia,Ware,983,19,0,31.05449097,-82.42224148,13299.0,2750.881513404601,1.9328585961342828,964,972,19,0,953,947,35680,11,0,0,11,25
2020-07-25,US,Georgia,Warren,45,0,0,33.41146451,-82.67795848,13301.0,856.4902931100114,0.0,45,44,0,0,44,44,5251,1,0,0,1,0
2020-07-25,US,Georgia,Washington,326,1,0,32.96711864,-82.79357039,13303.0,1600.078531461667,0.3067484662576687,325,301,1,0,300,273,20386,25,0,0,25,28
2020-07-25,US,Georgia,Wayne,502,2,0,31.5521809,-81.91894878,13305.0,1677.4150432719614,0.398406374501992,500,489,2,0,487,475,29808,13,0,0,13,14
2020-07-25,US,Georgia,Webster,36,2,0,32.04066113,-84.54742852,13307.0,1380.8975834292291,5.5555555555555545,34,35,2,0,33,35,2611,1,0,0,1,0
2020-07-25,US,Georgia,Wheeler,80,0,0,32.12009104,-82.72574721,13309.0,1018.4595798854233,0.0,80,80,0,0,80,77,7879,0,0,0,0,3
2020-07-25,US,Georgia,White,253,5,0,34.64624278,-83.74905525,13311.0,821.4819144100267,1.9762845849802368,248,248,5,0,243,241,29970,5,0,0,5,7
2020-07-25,US,Georgia,Whitfield,2571,22,0,34.80987459,-84.96093476,13313.0,2457.2772106892994,0.8556981719175418,2549,2539,23,0,2516,2479,104062,32,-1,0,33,60
2020-07-25,US,Georgia,Wilcox,151,18,0,31.97496928,-83.43438555,13315.0,1748.6971627099015,11.920529801324506,133,150,17,0,133,150,8812,1,1,0,0,0
2020-07-25,US,Georgia,Wilkes,161,3,0,33.78290391,-82.74286107,13317.0,1646.7218983328219,1.8633540372670807,158,157,3,0,154,157,9876,4,0,0,4,0
2020-07-25,US,Georgia,Wilkinson,155,10,0,32.80291082,-83.17140684,13319.0,1731.0699128880947,6.451612903225807,145,154,10,0,144,150,9036,1,0,0,1,4
2020-07-25,US,Georgia,Worth,397,23,0,31.55162306,-83.85090513,13321.0,1960.7843137254904,5.793450881612091,374,394,23,0,371,389,20299,3,0,0,3,5
2020-07-25,US,Hawaii,Hawaii,117,0,0,19.60121157,-155.5210167,15001.0,58.06077027288562,0.0,117,117,0,0,117,117,200983,0,0,0,0,0
2020-07-25,US,Hawaii,Honolulu,1291,19,0,21.45803166,-157.97121819999995,15003.0,132.46962997774386,1.4717273431448492,1272,1225,19,0,1206,1167,980080,66,0,0,66,58
2020-07-25,US,Hawaii,Kauai,43,0,0,22.03935037,-159.5966786,15007.0,59.480170970910045,0.0,43,43,0,0,43,43,72133,0,0,0,0,0
2020-07-25,US,Hawaii,Maui,146,6,0,20.86399628,-156.56890969999995,15009.0,87.20739231977636,4.109589041095891,140,141,6,0,135,141,167207,5,0,0,5,0
2020-07-25,US,Hawaii,Out of HI,23,1,0,0.0,0.0,80015.0,0.0,4.3478260869565215,22,23,1,0,22,22,,0,0,0,0,1
2020-07-25,US,Idaho,Ada,6732,45,0,43.4526575,-116.24155159999998,16001.0,1397.8782649863888,0.6684491978609626,6687,6732,45,0,6687,6587,469966,0,0,0,0,145
2020-07-25,US,Idaho,Adams,15,0,0,44.89333571,-116.4545247,16003.0,349.32463903120635,0.0,15,15,0,0,15,15,4250,0,0,0,0,0
2020-07-25,US,Idaho,Bannock,234,1,0,42.67002716,-112.2233311,16005.0,266.4905247813411,0.4273504273504273,233,234,1,0,233,229,87138,0,0,0,0,5
2020-07-25,US,Idaho,Bear Lake,6,0,0,42.28269683,-111.32892379999998,16007.0,97.95918367346935,0.0,6,6,0,0,6,3,6050,0,0,0,0,3
2020-07-25,US,Idaho,Benewah,39,0,0,47.21754179,-116.6586851,16009.0,419.44504194450417,0.0,39,39,0,0,39,38,9226,0,0,0,0,1
2020-07-25,US,Idaho,Bingham,140,2,0,43.21672879999999,-112.3978437,16011.0,299.0750037384376,1.4285714285714286,138,140,2,0,138,133,46236,0,0,0,0,7
2020-07-25,US,Idaho,Blaine,562,6,0,43.4085812,-113.9752658,16013.0,2441.249294122757,1.0676156583629892,556,562,6,0,556,562,22601,0,0,0,0,0
2020-07-25,US,Idaho,Boise,29,0,0,43.98829931,-115.7309284,16015.0,370.3230749584983,0.0,29,29,0,0,29,26,7634,0,0,0,0,3
2020-07-25,US,Idaho,Bonner,111,0,0,48.29996017,-116.6017932,16017.0,242.68130042195938,0.0,111,111,0,0,111,104,44727,0,0,0,0,7
2020-07-25,US,Idaho,Bonneville,461,1,0,43.38713372,-111.6161537,16019.0,387.1932270581714,0.2169197396963124,460,461,1,0,460,417,116854,0,0,0,0,44
2020-07-25,US,Idaho,Boundary,27,0,0,48.76684761,-116.4630179,16021.0,220.49816251531243,0.0,27,27,0,0,27,26,11948,0,0,0,0,1
2020-07-25,US,Idaho,Camas,1,0,0,43.46665742,-114.8065892,16025.0,90.41591320072331,0.0,1,1,0,0,1,1,1127,0,0,0,0,0
2020-07-25,US,Idaho,Canyon,3814,26,0,43.61970148,-116.70954990000001,16027.0,1659.3502690897067,0.6816990036706869,3788,3814,26,0,3788,3683,223499,0,0,0,0,131
2020-07-25,US,Idaho,Caribou,21,0,0,42.77149116,-111.5597683,16029.0,293.5010482180293,0.0,21,21,0,0,21,21,7060,0,0,0,0,0
2020-07-25,US,Idaho,Cassia,398,1,0,42.28347888,-113.6012409,16031.0,1656.2630045776114,0.25125628140703515,397,398,1,0,397,384,23864,0,0,0,0,14
2020-07-25,US,Idaho,Clark,1,0,0,44.28496071,-112.35057040000001,16033.0,118.3431952662722,0.0,1,1,0,0,1,1,852,0,0,0,0,0
2020-07-25,US,Idaho,Clearwater,14,0,0,46.67459924,-115.6622393,16035.0,159.890360895386,0.0,14,14,0,0,14,14,8758,0,0,0,0,0
2020-07-25,US,Idaho,Custer,7,0,0,44.24186819,-114.2855494,16037.0,162.22479721900348,0.0,7,7,0,0,7,7,4280,0,0,0,0,0
2020-07-25,US,Idaho,Elmore,136,2,0,43.3507101,-115.4701578,16039.0,494.3477154592708,1.4705882352941178,134,136,2,0,134,132,27259,0,0,0,0,4
2020-07-25,US,Idaho,Franklin,38,0,0,42.18332217,-111.81496659999999,16041.0,273.8541366388008,0.0,38,38,0,0,38,38,13726,0,0,0,0,0
2020-07-25,US,Idaho,Fremont,36,0,0,44.22800938,-111.48099429999999,16043.0,274.830139705321,0.0,36,36,0,0,36,34,13168,0,0,0,0,2
2020-07-25,US,Idaho,Gem,117,0,0,44.06482372,-116.398376,16045.0,645.9805653710248,0.0,117,117,0,0,117,116,17634,0,0,0,0,1
2020-07-25,US,Idaho,Gooding,111,1,0,42.96927962,-114.81083059999999,16047.0,731.273469925555,0.9009009009009008,110,111,1,0,110,104,15196,0,0,0,0,7
2020-07-25,US,Idaho,Idaho,24,0,0,45.84721541,-115.4634436,16049.0,143.99712005759883,0.0,24,24,0,0,24,24,16513,0,0,0,0,0
2020-07-25,US,Idaho,Jefferson,79,1,0,43.82078483,-112.3131749,16051.0,264.4705567272605,1.2658227848101269,78,79,1,0,78,68,29439,0,0,0,0,11
2020-07-25,US,Idaho,Jerome,367,6,0,42.68891267,-114.2655033,16053.0,1503.3590037686386,1.6348773841961852,361,367,6,0,361,361,24015,0,0,0,0,6
2020-07-25,US,Idaho,Kootenai,1246,1,0,47.67282258,-116.7020872,16055.0,751.9749904946982,0.08025682182985554,1245,1246,1,0,1245,1204,161505,0,0,0,0,42
2020-07-25,US,Idaho,Latah,65,0,0,46.81587887,-116.71136979999999,16057.0,162.06243143512515,0.0,65,65,0,0,65,59,40134,0,0,0,0,6
2020-07-25,US,Idaho,Lemhi,8,0,0,44.9438088,-113.9309747,16059.0,99.66363523109509,0.0,8,8,0,0,8,7,7961,0,0,0,0,1
2020-07-25,US,Idaho,Lewis,1,0,0,46.23315327,-116.434146,16061.0,26.055237102657642,0.0,1,1,0,0,1,1,3861,0,0,0,0,0
2020-07-25,US,Idaho,Lincoln,47,0,0,43.0012336,-114.1358773,16063.0,875.8852031308238,0.0,47,47,0,0,47,45,5360,0,0,0,0,2
2020-07-25,US,Idaho,Madison,113,0,0,43.78141028,-111.65384740000002,16065.0,283.1583431478187,0.0,113,113,0,0,113,111,39304,0,0,0,0,2
2020-07-25,US,Idaho,Minidoka,355,1,0,42.85518524,-113.6357257,16067.0,1687.3425543039118,0.28169014084507044,354,355,1,0,354,334,20825,0,0,0,0,21
2020-07-25,US,Idaho,Nez Perce,122,19,0,46.32638236,-116.75009750000001,16069.0,301.92041179964366,15.573770491803279,103,122,19,0,103,120,40408,0,0,0,0,2
2020-07-25,US,Idaho,Oneida,7,0,0,42.19494279999999,-112.5407838,16071.0,154.4912822776429,0.0,7,7,0,0,7,7,4488,0,0,0,0,0
2020-07-25,US,Idaho,Owyhee,175,0,0,42.58016894,-116.16938710000001,16073.0,1480.1657785671994,0.0,175,175,0,0,175,169,11693,0,0,0,0,6
2020-07-25,US,Idaho,Payette,268,2,0,44.00545243,-116.7647695,16075.0,1118.9511920170348,0.746268656716418,266,268,2,0,266,259,23551,0,0,0,0,9
2020-07-25,US,Idaho,Power,27,0,0,42.69254894,-112.83957420000002,16077.0,351.51672959250084,0.0,27,27,0,0,27,26,7768,0,0,0,0,1
2020-07-25,US,Idaho,Shoshone,36,0,0,47.35364087,-115.89167490000001,16079.0,279.4597112249651,0.0,36,36,0,0,36,35,12796,0,0,0,0,1
2020-07-25,US,Idaho,Teton,49,0,0,43.75303583,-111.2056773,16081.0,403.55789820457915,0.0,49,49,0,0,49,49,11640,0,0,0,0,0
2020-07-25,US,Idaho,Twin Falls,1023,26,0,42.35440512,-114.6685381,16083.0,1177.5132945049381,2.541544477028348,997,1023,26,0,997,983,86081,0,0,0,0,40
2020-07-25,US,Idaho,Valley,41,1,0,44.76728382,-115.5676773,16085.0,359.90168539325845,2.4390243902439024,40,41,1,0,40,41,11041,0,0,0,0,0
2020-07-25,US,Idaho,Washington,162,2,0,44.45275475,-116.78476880000001,16087.0,1589.1701000588582,1.2345679012345678,160,162,2,0,160,159,10161,0,0,0,0,3
2020-07-25,US,Illinois,Adams,324,1,0,39.98815591,-91.18786813,17001.0,495.147856651639,0.308641975308642,323,316,1,0,315,302,65691,8,0,0,8,14
2020-07-25,US,Illinois,Alexander,35,0,0,37.18049267,-89.32910838,17003.0,607.5334143377886,0.0,35,34,0,0,34,33,6060,1,0,0,1,1
2020-07-25,US,Illinois,Bond,36,1,0,38.88829622,-89.43534887,17005.0,219.1647388286863,2.7777777777777777,35,33,1,0,32,30,16630,3,0,0,3,3
2020-07-25,US,Illinois,Boone,684,23,0,42.32359279,-88.82345779,17007.0,1277.454056476916,3.3625730994152048,661,677,22,0,655,669,53577,7,1,0,6,8
2020-07-25,US,Illinois,Brown,12,0,0,39.96209138,-90.75068024,17009.0,182.42626938279113,0.0,12,12,0,0,12,12,6556,0,0,0,0,0
2020-07-25,US,Illinois,Bureau,71,2,0,41.40385234,-89.5283051,17011.0,217.6045114625475,2.8169014084507036,69,69,2,0,67,65,32993,2,0,0,2,4
2020-07-25,US,Illinois,Calhoun,5,0,0,39.16840183,-90.66330078,17013.0,105.5074910318633,0.0,5,5,0,0,5,4,4802,0,0,0,0,1
2020-07-25,US,Illinois,Carroll,29,2,0,42.06823429,-89.93395545,17015.0,202.72631946871724,6.896551724137932,27,29,2,0,27,27,14312,0,0,0,0,2
2020-07-25,US,Illinois,Cass,167,11,0,39.96991073,-90.24734436,17017.0,1374.8250596855191,6.586826347305388,156,163,11,0,152,161,12260,4,0,0,4,2
2020-07-25,US,Illinois,Champaign,1366,17,0,40.13919438,-88.20046615,17019.0,651.4409434925055,1.2445095168374818,1349,1350,17,0,1333,1318,209983,16,0,0,16,32
2020-07-25,US,Illinois,Christian,76,4,0,39.54581621,-89.27780482,17021.0,235.26498266468548,5.2631578947368425,72,75,4,0,71,65,32661,1,0,0,1,10
2020-07-25,US,Illinois,Clark,53,0,0,39.33425789,-87.78705622,17023.0,343.24201800401534,0.0,53,52,0,0,52,51,15596,1,0,0,1,1
2020-07-25,US,Illinois,Clay,9,0,0,38.75388572,-88.48914513,17025.0,68.26456310679612,0.0,9,9,0,0,9,9,13253,0,0,0,0,0
2020-07-25,US,Illinois,Clinton,294,17,0,38.60704876,-89.42385254,17027.0,782.7059262020126,5.782312925170068,277,292,17,0,275,288,37639,2,0,0,2,4
2020-07-25,US,Illinois,Coles,290,17,0,39.51949084,-88.22358557,17029.0,572.8847711424113,5.862068965517241,273,286,17,0,269,273,50885,4,0,0,4,13
2020-07-25,US,Illinois,Cook,101955,4829,0,41.84144849,-87.81658794,17031.0,1979.6191745111328,4.736403315188073,97126,101411,4822,0,96589,100795,5180493,544,7,0,537,616
2020-07-25,US,Illinois,Crawford,29,0,0,39.0032229,-87.75954624,17033.0,155.354368671988,0.0,29,28,0,0,28,28,18807,1,0,0,1,0
2020-07-25,US,Illinois,Cumberland,39,2,0,39.27432424,-88.2401158,17035.0,362.251532602638,5.128205128205129,37,40,1,0,39,37,10808,-1,1,0,-2,3
2020-07-25,US,Illinois,De Witt,24,0,0,40.17514519,-88.90959682,17039.0,153.47231103721703,0.0,24,24,0,0,24,24,15769,0,0,0,0,0
2020-07-25,US,Illinois,DeKalb,771,24,0,41.89373302,-88.76958483,17037.0,735.0067208785762,3.1128404669260696,747,756,24,0,732,749,104143,15,0,0,15,7
2020-07-25,US,Illinois,Douglas,92,1,0,39.76768052,-88.21854195,17041.0,472.6432057539173,1.0869565217391304,91,92,1,0,91,92,19479,0,0,0,0,0
2020-07-25,US,Illinois,DuPage,10771,507,0,41.85116968,-88.08642662,17043.0,1167.0554684528795,4.707083836226905,10264,10701,506,0,10195,10627,928589,70,1,0,69,74
2020-07-25,US,Illinois,Edgar,24,0,0,39.6809186,-87.74759563,17045.0,139.85198997727406,0.0,24,24,0,0,24,20,17360,0,0,0,0,4
2020-07-25,US,Illinois,Edwards,6,0,0,38.41353228,-88.05720863,17047.0,93.82329945269743,0.0,6,6,0,0,6,6,6392,0,0,0,0,0
2020-07-25,US,Illinois,Effingham,59,1,0,39.05935711,-88.58969584,17049.0,173.4885909197836,1.6949152542372878,58,59,1,0,58,51,34208,0,0,0,0,8
2020-07-25,US,Illinois,Fayette,41,3,0,39.00072038,-89.02452658,17051.0,192.1634795650544,7.317073170731707,38,41,3,0,38,40,21416,0,0,0,0,1
2020-07-25,US,Illinois,Ford,36,1,0,40.59706922,-88.22350769,17053.0,277.75634596095983,2.7777777777777777,35,36,1,0,35,35,13264,0,0,0,0,1
2020-07-25,US,Illinois,Franklin,91,0,0,37.99189086,-88.92567818,17055.0,236.55410850295044,0.0,91,90,0,0,90,84,38701,1,0,0,1,6
2020-07-25,US,Illinois,Fulton,23,0,0,40.47289135,-90.20862357,17057.0,66.97728596389051,0.0,23,21,0,0,21,20,34844,2,0,0,2,1
2020-07-25,US,Illinois,Gallatin,32,0,0,37.76430935,-88.22953869,17059.0,662.8003314001656,0.0,32,31,0,0,31,26,5058,1,0,0,1,5
2020-07-25,US,Illinois,Greene,14,0,0,39.35907414,-90.388865,17061.0,107.94972627033695,0.0,14,14,0,0,14,14,13044,0,0,0,0,0
2020-07-25,US,Illinois,Grundy,240,5,0,41.28569601,-88.41905692,17063.0,470.0904924197908,2.083333333333333,235,233,5,0,228,231,50972,7,0,0,7,2
2020-07-25,US,Illinois,Hamilton,11,0,0,38.08163641,-88.53883373,17065.0,135.53474618038442,0.0,11,11,0,0,11,11,8163,0,0,0,0,0
2020-07-25,US,Illinois,Hancock,26,1,0,40.40423981,-91.16313899,17067.0,146.82629320081318,3.8461538461538463,25,25,1,0,24,22,17844,1,0,0,1,3
2020-07-25,US,Illinois,Hardin,9,0,0,37.51810645,-88.26873022,17069.0,235.54043444124574,0.0,9,9,0,0,9,9,3910,0,0,0,0,0
2020-07-25,US,Illinois,Henderson,9,0,0,40.81908672,-90.92491462,17071.0,135.4198013842913,0.0,9,8,0,0,8,8,6709,1,0,0,1,0
2020-07-25,US,Illinois,Henry,160,1,0,41.3533994,-90.13296166,17073.0,327.11140187680166,0.625,159,155,1,0,154,153,49090,5,0,0,5,2
2020-07-25,US,Illinois,Iroquois,205,5,0,40.74717633,-87.82466784,17075.0,756.0669764697203,2.4390243902439024,200,205,5,0,200,202,27604,0,0,0,0,3
2020-07-25,US,Illinois,Jackson,487,19,0,37.78595185,-89.38232563,17077.0,858.1497797356827,3.901437371663244,468,463,19,0,444,450,57419,24,0,0,24,13
2020-07-25,US,Illinois,Jasper,48,7,0,39.01054275,-88.15437049,17079.0,499.4797086368366,14.583333333333336,41,49,7,0,42,49,9611,-1,0,0,-1,0
2020-07-25,US,Illinois,Jefferson,153,17,0,38.29980057,-88.9240025,17081.0,406.0078547924849,11.111111111111109,136,151,17,0,134,142,37820,2,0,0,2,9
2020-07-25,US,Illinois,Jersey,59,1,0,39.08869046,-90.35393073,17083.0,270.9778165617966,1.6949152542372878,58,58,1,0,57,57,21847,1,0,0,1,1
2020-07-25,US,Illinois,Jo Daviess,92,1,0,42.36542373,-90.21094405,17085.0,433.24699788085707,1.0869565217391304,91,88,1,0,87,84,21366,4,0,0,4,4
2020-07-25,US,Illinois,Johnson,49,0,0,37.45939802,-88.88165419,17087.0,394.62027865023765,0.0,49,48,0,0,48,47,12456,1,0,0,1,1
2020-07-25,US,Illinois,Kane,8665,293,0,41.93842729,-88.42861412,17089.0,1627.5265165673372,3.3814195037507213,8372,8613,294,0,8319,8544,534216,52,-1,0,53,69
2020-07-25,US,Illinois,Kankakee,1579,66,0,41.13746989,-87.86205334,17091.0,1437.2576505069994,4.179860671310957,1513,1567,66,0,1501,1563,110024,12,0,0,12,4
2020-07-25,US,Illinois,Kendall,1191,21,0,41.59081014,-88.42869583,17093.0,923.3273897201334,1.7632241813602014,1170,1176,21,0,1155,1160,127915,15,0,0,15,16
2020-07-25,US,Illinois,Knox,216,1,0,40.93148779,-90.21330340000002,17095.0,434.6163906718445,0.462962962962963,215,211,1,0,210,199,50112,5,0,0,5,12
2020-07-25,US,Illinois,LaSalle,409,18,0,41.34426129999999,-88.88633881,17099.0,376.37228648464605,4.400977995110026,391,388,18,0,370,379,109430,21,0,0,21,9
2020-07-25,US,Illinois,Lake,11366,439,0,42.3224907,-88.00367925,17097.0,1631.7916544035834,3.862396621502728,10927,11260,438,0,10822,11159,700832,106,1,0,105,101
2020-07-25,US,Illinois,Lawrence,34,0,0,38.71987914,-87.72884035,17101.0,216.8643959688736,0.0,34,32,0,0,32,32,15765,2,0,0,2,0
2020-07-25,US,Illinois,Lee,125,2,0,41.74583951,-89.29977132,17103.0,366.61191928671997,1.6,123,121,2,0,119,120,34223,4,0,0,4,1
2020-07-25,US,Illinois,Livingston,69,2,0,40.89188292,-88.55784752,17105.0,193.5592459605027,2.898550724637681,67,66,2,0,64,65,35761,3,0,0,3,1
2020-07-25,US,Illinois,Logan,65,0,0,40.12581572,-89.36638784,17107.0,227.1297784611084,0.0,65,64,0,0,64,59,28925,1,0,0,1,5
2020-07-25,US,Illinois,Macon,325,22,0,39.86064913,-88.96342505,17115.0,312.4729590708496,6.769230769230768,303,311,22,0,289,297,104712,14,0,0,14,14
2020-07-25,US,Illinois,Macoupin,106,3,0,39.26119767,-89.92424028,17117.0,235.94355161821662,2.830188679245283,103,101,3,0,98,101,45313,5,0,0,5,0
2020-07-25,US,Illinois,Madison,1762,71,0,38.83042506,-89.90422563,17119.0,670.0485994387108,4.029511918274688,1691,1694,71,0,1623,1651,264461,68,0,0,68,43
2020-07-25,US,Illinois,Marion,113,0,0,38.64963204,-88.91899208,17121.0,303.72261792769785,0.0,113,110,0,0,110,107,37620,3,0,0,3,3
2020-07-25,US,Illinois,Marshall,16,0,0,41.0327901,-89.34510444,17123.0,139.88459520895262,0.0,16,16,0,0,16,15,11534,0,0,0,0,1
2020-07-25,US,Illinois,Mason,37,0,0,40.23917274,-89.91824452,17125.0,276.9668388352422,0.0,37,36,0,0,36,36,13565,1,0,0,1,0
2020-07-25,US,Illinois,Massac,28,0,0,37.22078441,-88.71036614,17127.0,203.31106593087426,0.0,28,26,0,0,26,26,14080,2,0,0,2,0
2020-07-25,US,Illinois,McDonough,121,15,0,40.45674722,-90.67775541,17109.0,407.65447072299713,12.396694214876034,106,119,15,0,104,119,29955,2,0,0,2,0
2020-07-25,US,Illinois,McHenry,2669,111,0,42.32451172,-88.45248227,17111.0,867.1947597912754,4.1588609966279515,2558,2621,111,0,2510,2593,308570,48,0,0,48,28
2020-07-25,US,Illinois,McLean,456,15,0,40.48996987,-88.84621113,17113.0,265.8628590751937,3.2894736842105265,441,442,15,0,427,432,172828,14,0,0,14,10
2020-07-25,US,Illinois,Menard,39,0,0,40.02742725,-89.80246001,17129.0,319.7769760577238,0.0,39,37,0,0,37,37,12288,2,0,0,2,0
2020-07-25,US,Illinois,Mercer,46,0,0,41.20596782,-90.74290052,17131.0,297.98535984971176,0.0,46,42,0,0,42,42,15601,4,0,0,4,0
2020-07-25,US,Illinois,Monroe,220,13,0,38.27594376,-90.17761038,17133.0,635.1589340878253,5.909090909090909,207,213,13,0,200,210,34335,7,0,0,7,3
2020-07-25,US,Illinois,Montgomery,125,3,0,39.23198845,-89.47809254,17135.0,439.9239811360597,2.4,122,118,3,0,115,115,28601,7,0,0,7,3
2020-07-25,US,Illinois,Morgan,153,5,0,39.71654544,-90.20255104,17137.0,454.5724641987046,3.2679738562091503,148,151,5,0,146,148,33976,2,0,0,2,3
2020-07-25,US,Illinois,Moultrie,44,0,0,39.64187451,-88.62099969,17139.0,303.4273498379422,0.0,44,43,0,0,43,37,14717,1,0,0,1,6
2020-07-25,US,Illinois,Ogle,352,5,0,42.04165196,-89.32184679,17141.0,695.0615089943327,1.4204545454545454,347,351,5,0,346,346,50923,1,0,0,1,5
2020-07-25,US,Illinois,Out of IL,1,1,0,0.0,0.0,80017.0,0.0,100.0,0,1,0,0,1,,,0,1,0,-1,
2020-07-25,US,Illinois,Peoria,984,32,0,40.78702156,-89.76078901,17143.0,549.1714988921693,3.2520325203252027,952,947,32,0,915,915,180621,37,0,0,37,32
2020-07-25,US,Illinois,Perry,87,1,0,38.08510853,-89.36856219,17145.0,415.94951233505446,1.1494252873563218,86,83,1,0,82,80,21174,4,0,0,4,3
2020-07-25,US,Illinois,Piatt,31,0,0,40.01360584,-88.59319339,17147.0,189.67205090553108,0.0,31,31,0,0,31,30,16396,0,0,0,0,1
2020-07-25,US,Illinois,Pike,10,0,0,39.62265059,-90.8877017,17149.0,64.263222157959,0.0,10,9,0,0,9,9,15611,1,0,0,1,0
2020-07-25,US,Illinois,Pope,6,0,0,37.41391284,-88.56152109,17151.0,143.64376346660282,0.0,6,3,0,0,3,3,4212,3,0,0,3,0
2020-07-25,US,Illinois,Pulaski,89,0,0,37.22631423,-89.13085001,17153.0,1668.2286785379567,0.0,89,88,0,0,88,88,5463,1,0,0,1,0
2020-07-25,US,Illinois,Putnam,7,0,0,41.2013541,-89.2869272,17155.0,121.97246907126677,0.0,7,6,0,0,6,4,5740,1,0,0,1,2
2020-07-25,US,Illinois,Randolph,399,7,0,38.05095369,-89.82512254,17157.0,1255.427600528601,1.7543859649122806,392,392,7,0,385,384,32106,7,0,0,7,8
2020-07-25,US,Illinois,Richland,11,0,0,38.71240969,-88.08475366,17159.0,70.90827048282084,0.0,11,10,0,0,10,9,15763,1,0,0,1,1
2020-07-25,US,Illinois,Rock Island,1437,30,0,41.46613806,-90.57042164,17161.0,1012.8348804262787,2.0876826722338206,1407,1431,30,0,1401,1401,143477,6,0,0,6,30
2020-07-25,US,Illinois,Saline,77,0,0,37.75332999,-88.54119706,17165.0,327.78510919075393,0.0,77,73,0,0,73,64,23906,4,0,0,4,9
2020-07-25,US,Illinois,Sangamon,775,33,0,39.75836914,-89.65872023,17167.0,398.1055313553054,4.258064516129032,742,757,33,0,724,747,195348,18,0,0,18,10
2020-07-25,US,Illinois,Schuyler,14,0,0,40.1571798,-90.61114163,17169.0,206.85579196217486,0.0,14,14,0,0,14,14,6907,0,0,0,0,0
2020-07-25,US,Illinois,Scott,6,0,0,39.6429169,-90.47814431,17171.0,121.1876388608362,0.0,6,5,0,0,5,6,4926,1,0,0,1,-1
2020-07-25,US,Illinois,Shelby,36,1,0,39.39133527,-88.80611122,17173.0,166.40473329019142,2.7777777777777777,35,34,1,0,33,32,21741,2,0,0,2,2
2020-07-25,US,Illinois,St. Clair,3106,153,0,38.46996033,-89.93063427,17163.0,1196.0598569041072,4.925949774629749,2953,3031,152,0,2879,2951,261059,75,1,0,74,80
2020-07-25,US,Illinois,Stark,6,0,0,41.09309773,-89.79745866,17175.0,112.31748408835642,0.0,6,6,0,0,6,6,5427,0,0,0,0,0
2020-07-25,US,Illinois,Stephenson,304,6,0,42.35129217,-89.662598,17177.0,683.1767719897523,1.973684210526316,298,299,6,0,293,296,44753,5,0,0,5,3
2020-07-25,US,Illinois,Tazewell,271,8,0,40.50716185,-89.51404662,17179.0,205.6098874835929,2.9520295202952034,263,260,8,0,252,251,132328,11,0,0,11,9
2020-07-25,US,Illinois,Unassigned,1292,192,0,0.0,0.0,90017.0,0.0,14.860681114551086,1100,1283,192,0,1091,1211,,9,0,0,9,72
2020-07-25,US,Illinois,Union,266,21,0,37.47119609,-89.25548938,17181.0,1597.3097940311056,7.894736842105262,245,262,21,0,241,256,16841,4,0,0,4,6
2020-07-25,US,Illinois,Vermilion,170,2,0,40.18417171,-87.73384359,17183.0,224.3987433670372,1.1764705882352942,168,164,2,0,162,146,76806,6,0,0,6,18
2020-07-25,US,Illinois,Wabash,25,0,0,38.44272901,-87.84922065,17185.0,217.01388888888889,0.0,25,25,0,0,25,25,11549,0,0,0,0,0
2020-07-25,US,Illinois,Warren,164,0,0,40.84925021,-90.6147432,17187.0,973.6404654476372,0.0,164,162,0,0,162,160,17032,2,0,0,2,2
2020-07-25,US,Illinois,Washington,43,0,0,38.35309213,-89.40982703,17189.0,309.6421113271405,0.0,43,41,0,0,41,40,13995,2,0,0,2,1
2020-07-25,US,Illinois,Wayne,28,1,0,38.42955355,-88.42586459,17191.0,172.6796176379895,3.571428571428572,27,27,1,0,26,27,16332,1,0,0,1,0
2020-07-25,US,Illinois,White,41,0,0,38.08706198,-88.17657461,17193.0,302.87360567333974,0.0,41,38,0,0,38,34,13665,3,0,0,3,4
2020-07-25,US,Illinois,Whiteside,272,16,0,41.75509713,-89.91556058,17195.0,492.9768917082012,5.882352941176472,256,266,16,0,250,264,55626,6,0,0,6,2
2020-07-25,US,Illinois,Will,8024,338,0,41.44619267,-87.97862712,17197.0,1161.647675039776,4.212362911266202,7686,7977,338,0,7639,7925,692310,47,0,0,47,52
2020-07-25,US,Illinois,Williamson,248,4,0,37.73033511,-88.92994027,17199.0,372.3891466582578,1.6129032258064515,244,240,4,0,236,222,67056,8,0,0,8,18
2020-07-25,US,Illinois,Winnebago,3486,115,0,42.33641854,-89.16085327,17201.0,1233.6678793369479,3.2989099254159493,3371,3457,115,0,3342,3418,284081,29,0,0,29,39
2020-07-25,US,Illinois,Woodford,69,3,0,40.78579374,-89.20973757,17203.0,179.41184118151799,4.3478260869565215,66,66,3,0,63,66,38463,3,0,0,3,0
2020-07-25,US,Indiana,Adams,69,1,0,40.7457653,-84.93671406,18001.0,192.86133549487099,1.4492753623188406,68,69,1,0,68,66,35636,0,0,0,0,3
2020-07-25,US,Indiana,Allen,3307,151,0,41.09194313,-85.06800636,18003.0,871.8715314303491,4.566071968551556,3156,3278,151,0,3127,3245,375351,29,0,0,29,33
2020-07-25,US,Indiana,Bartholomew,672,45,0,39.20744865,-85.89558181,18005.0,802.1103140405113,6.696428571428571,627,664,45,0,619,651,82753,8,0,0,8,13
2020-07-25,US,Indiana,Benton,56,0,0,40.60626947,-87.31093999,18007.0,640.1463191586648,0.0,56,55,0,0,55,54,8653,1,0,0,1,1
2020-07-25,US,Indiana,Blackford,48,2,0,40.47388153,-85.32499702,18009.0,408.2326926348017,4.166666666666667,46,45,2,0,43,45,11930,3,0,0,3,0
2020-07-25,US,Indiana,Boone,571,45,0,40.0509304,-86.46841646,18011.0,841.6491016022287,7.880910683012259,526,564,45,0,519,560,66999,7,0,0,7,4
2020-07-25,US,Indiana,Brown,62,1,0,39.19605589,-86.22868909,18013.0,410.8136761197987,1.6129032258064515,61,61,1,0,60,60,15234,1,0,0,1,1
2020-07-25,US,Indiana,Carroll,121,2,0,40.580783200000006,-86.56198812,18015.0,597.3243816952165,1.6528925619834711,119,120,2,0,118,120,20127,1,0,0,1,0
2020-07-25,US,Indiana,Cass,1710,9,0,40.76135835,-86.34830753,18017.0,4537.132850433814,0.5263157894736842,1701,1699,9,0,1690,1692,37955,11,0,0,11,7
2020-07-25,US,Indiana,Clark,897,45,0,38.48015445,-85.70510334,18019.0,758.2289394938379,5.016722408026756,852,869,45,0,824,840,117360,28,0,0,28,29
2020-07-25,US,Indiana,Clay,82,5,0,39.39561833,-87.11723506,18021.0,312.67874165872263,6.097560975609755,77,80,5,0,75,76,26170,2,0,0,2,4
2020-07-25,US,Indiana,Clinton,321,3,0,40.30319754,-86.47277257,18023.0,990.7713201024724,0.9345794392523364,318,318,3,0,315,316,32250,3,0,0,3,2
2020-07-25,US,Indiana,Crawford,38,0,0,38.28814402,-86.44518825,18025.0,359.270114399168,0.0,38,38,0,0,38,37,10558,0,0,0,0,1
2020-07-25,US,Indiana,Daviess,201,18,0,38.70186039,-87.07185406,18027.0,602.6805792929748,8.955223880597012,183,194,18,0,176,182,33147,7,0,0,7,12
2020-07-25,US,Indiana,DeKalb,196,4,0,41.39804622,-84.99906934,18033.0,450.8338125359402,2.0408163265306123,192,194,4,0,190,185,43226,2,0,0,2,9
2020-07-25,US,Indiana,Dearborn,391,27,0,39.14647946,-84.97333539,18029.0,790.5697763759149,6.905370843989769,364,379,25,0,354,368,49568,12,2,0,10,11
2020-07-25,US,Indiana,Decatur,274,32,0,39.30712658,-85.50087166,18031.0,1031.6653488459656,11.678832116788321,242,271,32,0,239,269,26794,3,0,0,3,2
2020-07-25,US,Indiana,Delaware,548,52,0,40.22787247,-85.39732772,18035.0,480.13317562535593,9.489051094890511,496,539,52,0,487,528,114772,9,0,0,9,11
2020-07-25,US,Indiana,Dubois,531,10,0,38.36597551,-86.87924170000002,18037.0,1242.5121677274428,1.8832391713747645,521,516,9,0,507,485,42565,15,1,0,14,31
2020-07-25,US,Indiana,Elkhart,4308,70,0,41.59761169,-85.85875695,18039.0,2087.8061073659624,1.6248839368616528,4238,4244,70,0,4174,4189,205560,64,0,0,64,55
2020-07-25,US,Indiana,Fayette,133,7,0,39.63684962,-85.17797541,18041.0,575.7077309323868,5.2631578947368425,126,128,7,0,121,127,23047,5,0,0,5,1
2020-07-25,US,Indiana,Floyd,570,44,0,38.32117957,-85.90385377,18043.0,725.9112095973102,7.719298245614035,526,543,44,0,499,522,77781,27,0,0,27,21
2020-07-25,US,Indiana,Fountain,53,2,0,40.12361933,-87.24217689,18045.0,324.23834577266615,3.7735849056603774,51,48,2,0,46,47,16351,5,0,0,5,1
2020-07-25,US,Indiana,Franklin,170,8,0,39.4142482,-85.06062647,18047.0,746.9900694261357,4.705882352941177,162,165,8,0,157,160,22736,5,0,0,5,5
2020-07-25,US,Indiana,Fulton,108,1,0,41.0469907,-86.26252745,18049.0,540.7029137879243,0.925925925925926,107,105,1,0,104,102,20092,3,0,0,3,3
2020-07-25,US,Indiana,Gibson,178,2,0,38.30393723,-87.58054938,18051.0,528.8332986719748,1.1235955056179776,176,175,2,0,173,173,33452,3,0,0,3,2
2020-07-25,US,Indiana,Grant,454,29,0,40.51587228,-85.65468702,18053.0,690.2948197479054,6.387665198237887,425,441,29,0,412,432,65936,13,0,0,13,9
2020-07-25,US,Indiana,Greene,221,34,0,39.03630547,-86.96223202,18055.0,692.3125117473842,15.384615384615385,187,219,34,0,185,218,32006,2,0,0,2,1
2020-07-25,US,Indiana,Hamilton,2182,103,0,40.07306535,-86.05244729,18057.0,645.5411214427933,4.720439963336388,2079,2134,103,0,2031,2082,330086,48,0,0,48,52
2020-07-25,US,Indiana,Hancock,568,37,0,39.82304555,-85.77566351,18059.0,726.6400573124553,6.514084507042254,531,545,37,0,508,530,76351,23,0,0,23,15
2020-07-25,US,Indiana,Harrison,244,22,0,38.19467379,-86.10948271,18061.0,602.2460816981362,9.016393442622949,222,240,22,0,218,235,40350,4,0,0,4,5
2020-07-25,US,Indiana,Hendricks,1630,105,0,39.76719009,-86.51037283,18063.0,957.0726494471878,6.441717791411043,1525,1611,105,0,1506,1594,167009,19,0,0,19,17
2020-07-25,US,Indiana,Henry,339,18,0,39.93029017,-85.39625719,18065.0,706.6622196281163,5.3097345132743365,321,335,18,0,317,330,48271,4,0,0,4,5
2020-07-25,US,Indiana,Howard,732,61,0,40.48527731,-86.11351892,18067.0,886.7997673967823,8.333333333333334,671,720,61,0,659,704,82366,12,0,0,12,16
2020-07-25,US,Indiana,Huntington,114,2,0,40.82907273,-85.48822092,18069.0,312.157721796276,1.7543859649122806,112,111,2,0,109,111,36240,3,0,0,3,0
2020-07-25,US,Indiana,Jackson,521,4,0,38.90915820000001,-86.03851889,18071.0,1177.9068978770545,0.7677543186180422,517,519,3,0,516,514,44111,2,1,0,1,5
2020-07-25,US,Indiana,Jasper,180,2,0,41.02078733,-87.11553319,18073.0,536.3208390441571,1.1111111111111112,178,168,2,0,166,165,33370,12,0,0,12,3
2020-07-25,US,Indiana,Jay,75,0,0,40.43781032,-85.00576229,18075.0,366.9994128009394,0.0,75,74,0,0,74,74,20764,1,0,0,1,0
2020-07-25,US,Indiana,Jefferson,142,2,0,38.78576239,-85.43633383,18077.0,439.5196236226322,1.4084507042253518,140,138,2,0,136,137,32208,4,0,0,4,1
2020-07-25,US,Indiana,Jennings,192,12,0,38.99588883,-85.62710784,18079.0,692.2660897782588,6.25,180,191,12,0,179,188,27611,1,0,0,1,3
2020-07-25,US,Indiana,Johnson,1529,118,0,39.48994426,-86.10149107,18081.0,966.6997540574204,7.717462393721386,1411,1516,118,0,1398,1491,156225,13,0,0,13,25
2020-07-25,US,Indiana,Knox,101,0,0,38.68861576,-87.4194665,18083.0,276.00153030551456,0.0,101,95,0,0,95,93,36895,6,0,0,6,2
2020-07-25,US,Indiana,Kosciusko,754,9,0,41.24521668,-85.86312322,18085.0,948.9528795811516,1.1936339522546422,745,731,9,0,722,718,79344,23,0,0,23,13
2020-07-25,US,Indiana,LaGrange,522,10,0,41.64232188,-85.42674232,18087.0,1317.7159590043925,1.9157088122605364,512,511,10,0,501,507,39330,11,0,0,11,4
2020-07-25,US,Indiana,LaPorte,745,29,0,41.54366008,-86.74072188,18091.0,677.9630168899242,3.8926174496644297,716,736,29,0,707,715,110007,9,0,0,9,21
2020-07-25,US,Indiana,Lake,6590,265,0,41.41874274,-87.38277575,18089.0,1357.3831136597232,4.02124430955994,6325,6526,260,0,6266,6469,484411,64,5,0,59,57
2020-07-25,US,Indiana,Lawrence,293,27,0,38.84112637,-86.48361629,18093.0,645.8011902137978,9.215017064846416,266,291,27,0,264,287,45668,2,0,0,2,4
2020-07-25,US,Indiana,Madison,753,64,0,40.16143691,-85.71964711,18095.0,581.1575299647292,8.49933598937583,689,747,64,0,683,739,129641,6,0,0,6,8
2020-07-25,US,Indiana,Marion,13549,712,0,39.78163624,-86.13826325,18097.0,1404.6498897968238,5.255000369030925,12837,13409,711,0,12698,13245,954670,140,1,0,139,164
2020-07-25,US,Indiana,Marshall,700,19,0,41.32467367,-86.26185087,18099.0,1513.2517618574084,2.7142857142857144,681,695,18,0,677,686,46248,5,1,0,4,9
2020-07-25,US,Indiana,Martin,39,0,0,38.7099921,-86.80373186,18101.0,380.3022915650902,0.0,39,38,0,0,38,38,10217,1,0,0,1,0
2020-07-25,US,Indiana,Miami,232,2,0,40.76940965,-86.04525048,18103.0,653.2267147201261,0.8620689655172413,230,231,2,0,229,225,35567,1,0,0,1,6
2020-07-25,US,Indiana,Monroe,575,29,0,39.16130004,-86.52414358,18105.0,387.3853844547298,5.043478260869565,546,562,29,0,533,530,146917,13,0,0,13,32
2020-07-25,US,Indiana,Montgomery,315,21,0,40.04034823,-86.89335024,18107.0,821.6391048046324,6.666666666666668,294,310,21,0,289,308,38346,5,0,0,5,2
2020-07-25,US,Indiana,Morgan,385,31,0,39.47899078,-86.44573375,18109.0,546.1845110584629,8.051948051948052,354,383,31,0,352,380,70116,2,0,0,2,3
2020-07-25,US,Indiana,Newton,104,10,0,40.95610449,-87.39635768,18111.0,743.7070938215103,9.615384615384617,94,104,10,0,94,103,14011,0,0,0,0,1
2020-07-25,US,Indiana,Noble,594,28,0,41.39672484,-85.41966713,18113.0,1244.1353887399464,4.713804713804714,566,591,28,0,563,588,47532,3,0,0,3,3
2020-07-25,US,Indiana,Ohio,36,2,0,38.955304999999996,-84.96515993,18115.0,612.7659574468088,5.5555555555555545,34,36,2,0,34,35,5844,0,0,0,0,1
2020-07-25,US,Indiana,Orange,157,24,0,38.54118920000001,-86.49523093,18117.0,799.1448640944722,15.286624203821654,133,153,24,0,129,153,19489,4,0,0,4,0
2020-07-25,US,Indiana,Owen,70,1,0,39.31145587,-86.83900724,18119.0,336.5546420500985,1.4285714285714286,69,69,1,0,68,65,20845,1,0,0,1,4
2020-07-25,US,Indiana,Parke,38,0,0,39.77202286,-87.20375833,18121.0,224.36086674145363,0.0,38,35,0,0,35,35,16927,3,0,0,3,0
2020-07-25,US,Indiana,Perry,163,12,0,38.07809328,-86.63741946,18123.0,850.3312640200322,7.361963190184048,151,162,12,0,150,160,19102,1,0,0,1,2
2020-07-25,US,Indiana,Pike,23,0,0,38.40112197,-87.23574907,18125.0,185.64855920574703,0.0,23,21,0,0,21,21,12410,2,0,0,2,0
2020-07-25,US,Indiana,Porter,1012,38,0,41.45986947,-87.06848888,18127.0,593.9350544929544,3.7549407114624502,974,995,38,0,957,975,169594,17,0,0,17,20
2020-07-25,US,Indiana,Posey,133,0,0,38.02097333,-87.86480429,18129.0,523.0660321705274,0.0,133,132,0,0,132,130,25540,1,0,0,1,2
2020-07-25,US,Indiana,Pulaski,69,1,0,41.04166107,-86.69890683,18131.0,558.5687687201488,1.4492753623188406,68,69,1,0,68,69,12469,0,0,0,0,0
2020-07-25,US,Indiana,Putnam,205,8,0,39.66437981,-86.84517605,18133.0,545.5609963806685,3.902439024390244,197,202,8,0,194,198,37779,3,0,0,3,4
2020-07-25,US,Indiana,Randolph,91,4,0,40.15734772,-85.01139319,18135.0,368.94384755726736,4.395604395604397,87,91,4,0,87,90,24851,0,0,0,0,1
2020-07-25,US,Indiana,Ripley,176,7,0,39.10235626,-85.26212744,18137.0,621.3811608529869,3.977272727272727,169,171,7,0,164,168,28523,5,0,0,5,3
2020-07-25,US,Indiana,Rush,75,4,0,39.62002287,-85.4655599,18139.0,452.3249502442556,5.333333333333333,71,74,4,0,70,73,16663,1,0,0,1,1
2020-07-25,US,Indiana,Scott,218,10,0,38.68672078,-85.74627859,18143.0,913.1655007749339,4.587155963302751,208,215,10,0,205,207,23878,3,0,0,3,8
2020-07-25,US,Indiana,Shelby,489,25,0,39.52305623,-85.79158570000001,18145.0,1093.2504639048493,5.112474437627811,464,483,25,0,458,482,44593,6,0,0,6,1
2020-07-25,US,Indiana,Spencer,101,1,0,38.01519732,-87.0079644,18147.0,498.1012970360507,0.99009900990099,100,100,1,0,99,99,20327,1,0,0,1,1
2020-07-25,US,Indiana,St. Joseph,2743,75,0,41.61756781,-86.29040834,18141.0,1009.1014104611038,2.734232592052497,2668,2716,75,0,2641,2650,270771,27,0,0,27,66
2020-07-25,US,Indiana,Starke,147,4,0,41.27890281,-86.64686895,18149.0,639.269406392694,2.7210884353741496,143,143,4,0,139,142,22935,4,0,0,4,1
2020-07-25,US,Indiana,Steuben,182,3,0,41.64423868,-85.00101094,18151.0,526.1027923917443,1.6483516483516485,179,175,3,0,172,168,34586,7,0,0,7,7
2020-07-25,US,Indiana,Sullivan,66,1,0,39.08952258,-87.41414469,18153.0,319.318786588611,1.5151515151515151,65,66,1,0,65,66,20690,0,0,0,0,0
2020-07-25,US,Indiana,Switzerland,37,0,0,38.82767338,-85.03022429,18155.0,344.1540321830526,0.0,37,37,0,0,37,36,10717,0,0,0,0,1
2020-07-25,US,Indiana,Tippecanoe,960,11,0,40.38872739,-86.89413959,18157.0,490.46655631169153,1.1458333333333333,949,942,11,0,931,921,193048,18,0,0,18,21
2020-07-25,US,Indiana,Tipton,67,2,0,40.31123252,-86.05234925,18159.0,442.3026142064959,2.985074626865672,65,66,2,0,64,63,15128,1,0,0,1,3
2020-07-25,US,Indiana,Unassigned,0,197,0,0.0,0.0,90018.0,0.0,0.0,-197,0,197,0,-197,0,,0,0,0,0,0
2020-07-25,US,Indiana,Union,22,0,0,39.62550777,-84.92497066,18161.0,311.8797845194216,0.0,22,22,0,0,22,20,7037,0,0,0,0,2
2020-07-25,US,Indiana,Vanderburgh,1394,7,0,38.02658833,-87.58763124,18163.0,768.2514838716787,0.5021520803443329,1387,1341,7,0,1334,1289,180974,53,0,0,53,52
2020-07-25,US,Indiana,Vermillion,22,0,0,39.8523352,-87.46160542,18165.0,141.95380049038585,0.0,22,20,0,0,20,20,15479,2,0,0,2,0
2020-07-25,US,Indiana,Vigo,359,9,0,39.42944561,-87.39169027,18167.0,335.3949064818102,2.5069637883008355,350,338,9,0,329,332,107386,21,0,0,21,6
2020-07-25,US,Indiana,Wabash,140,3,0,40.84704239,-85.79328272,18169.0,451.67118337850053,2.142857142857143,137,137,3,0,134,135,31280,3,0,0,3,2
2020-07-25,US,Indiana,Warren,19,1,0,40.34728141,-87.35602659,18171.0,229.88505747126442,5.2631578947368425,18,19,1,0,18,18,8263,0,0,0,0,1
2020-07-25,US,Indiana,Warrick,417,29,0,38.08922676,-87.2716085,18173.0,661.9257754214419,6.954436450839329,388,404,29,0,375,393,62567,13,0,0,13,11
2020-07-25,US,Indiana,Washington,84,1,0,38.60219804,-86.1049363,18175.0,299.6147809958625,1.1904761904761905,83,82,1,0,81,78,27943,2,0,0,2,4
2020-07-25,US,Indiana,Wayne,253,7,0,39.863344399999995,-85.01044989,18177.0,384.0082569364337,2.766798418972332,246,245,7,0,238,232,65936,8,0,0,8,13
2020-07-25,US,Indiana,Wells,110,1,0,40.72934187,-85.22132966,18179.0,388.74752615210633,0.9090909090909092,109,110,1,0,109,106,28206,0,0,0,0,4
2020-07-25,US,Indiana,White,320,10,0,40.74911165,-86.86492015,18181.0,1327.6906480789976,3.125,310,315,10,0,305,311,24133,5,0,0,5,4
2020-07-25,US,Indiana,Whitley,133,6,0,41.13863784,-85.50791236,18183.0,391.5910964550701,4.511278195488722,127,129,6,0,123,127,34074,4,0,0,4,2
2020-07-25,US,Iowa,Adair,20,0,0,41.33075609,-94.47105874,19001.0,279.6420581655481,0.0,20,20,0,0,20,22,7063,0,0,0,0,-2
2020-07-25,US,Iowa,Adams,12,0,0,41.02903567,-94.69932645,19003.0,333.14825097168233,0.0,12,12,0,0,12,12,3645,0,0,0,0,0
2020-07-25,US,Iowa,Allamakee,144,4,0,43.28383218,-91.37860922,19005.0,1052.0932271498502,2.7777777777777777,140,144,4,0,140,144,13832,0,0,0,0,0
2020-07-25,US,Iowa,Appanoose,36,3,0,40.74324454,-92.86865906,19007.0,289.71511347175283,8.333333333333334,33,34,3,0,31,34,12437,2,0,0,2,0
2020-07-25,US,Iowa,Audubon,26,1,0,41.6844628,-94.90581859,19009.0,473.0713245997089,3.8461538461538463,25,24,1,0,23,22,5506,2,0,0,2,2
2020-07-25,US,Iowa,Benton,110,1,0,42.08011739,-92.06463573,19011.0,428.93351530512774,0.9090909090909092,109,106,1,0,105,102,25642,4,0,0,4,4
2020-07-25,US,Iowa,Black Hawk,2838,61,0,42.4704581,-92.30524729,19013.0,2162.6482153199013,2.149400986610289,2777,2805,61,0,2744,2774,132408,33,0,0,33,31
2020-07-25,US,Iowa,Boone,212,1,0,42.03657094,-93.9313999,19015.0,808.1116108866356,0.4716981132075472,211,210,1,0,209,204,26346,2,0,0,2,6
2020-07-25,US,Iowa,Bremer,164,7,0,42.77461496,-92.31795937,19017.0,654.3771446811908,4.2682926829268295,157,157,7,0,150,152,24947,7,0,0,7,5
2020-07-25,US,Iowa,Buchanan,88,1,0,42.4709188,-91.83510825,19019.0,415.5844155844156,1.1363636363636365,87,87,1,0,86,84,21199,1,0,0,1,3
2020-07-25,US,Iowa,Buena Vista,1774,12,0,42.73545875,-95.15100162,19021.0,9041.794087665648,0.6764374295377678,1762,1773,12,0,1761,1767,19874,1,0,0,1,6
2020-07-25,US,Iowa,Butler,93,2,0,42.73172833,-92.79015971,19023.0,644.0889258258882,2.150537634408602,91,89,2,0,87,88,14539,4,0,0,4,1
2020-07-25,US,Iowa,Calhoun,72,2,0,42.38521079,-94.64046046,19025.0,744.7248655357881,2.7777777777777777,70,72,2,0,70,72,9699,0,0,0,0,0
2020-07-25,US,Iowa,Carroll,161,1,0,42.03617207,-94.86032705,19027.0,798.4130919910738,0.6211180124223602,160,161,1,0,160,149,20154,0,0,0,0,12
2020-07-25,US,Iowa,Cass,36,0,0,41.33149454,-94.92792482,19029.0,280.4612028669368,0.0,36,35,0,0,35,32,12930,1,0,0,1,3
2020-07-25,US,Iowa,Cedar,109,1,0,41.77233777,-91.13246684,19031.0,585.1720620604499,0.9174311926605504,108,106,1,0,105,106,18627,3,0,0,3,0
2020-07-25,US,Iowa,Cerro Gordo,523,16,0,43.08177563,-93.2612239,19033.0,1232.037691401649,3.0592734225621414,507,509,16,0,493,488,42647,14,0,0,14,21
2020-07-25,US,Iowa,Cherokee,94,1,0,42.73538914,-95.62389402,19035.0,836.6711170449487,1.0638297872340423,93,94,1,0,93,93,11321,0,0,0,0,1
2020-07-25,US,Iowa,Chickasaw,45,0,0,43.06001295,-92.31773347,19037.0,377.1055057403838,0.0,45,44,0,0,44,41,11964,1,0,0,1,3
2020-07-25,US,Iowa,Clarke,161,3,0,41.02868181,-93.78499767,19039.0,1713.6774880255452,1.8633540372670807,158,158,3,0,155,156,9423,3,0,0,3,2
2020-07-25,US,Iowa,Clay,165,1,0,43.08247182,-95.15096481,19041.0,1030.2197802197802,0.6060606060606061,164,164,1,0,163,162,16134,1,0,0,1,2
2020-07-25,US,Iowa,Clayton,78,3,0,42.84443388,-91.34133693,19043.0,444.4697703572853,3.8461538461538463,75,74,3,0,71,67,17556,4,0,0,4,7
2020-07-25,US,Iowa,Clinton,221,2,0,41.89981633,-90.53275096,19045.0,475.9956061944043,0.9049773755656108,219,209,2,0,207,194,46518,12,0,0,12,15
2020-07-25,US,Iowa,Crawford,693,3,0,42.03718237,-95.3819718,19047.0,4120.0951248513675,0.4329004329004329,690,689,3,0,686,689,17158,4,0,0,4,0
2020-07-25,US,Iowa,Dallas,1650,34,0,41.68560356,-94.04127625,19049.0,1765.5933998908542,2.060606060606061,1616,1637,34,0,1603,1619,90180,13,0,0,13,18
2020-07-25,US,Iowa,Davis,48,1,0,40.74773536,-92.41005468,19051.0,533.3333333333334,2.083333333333333,47,48,1,0,47,47,9017,0,0,0,0,1
2020-07-25,US,Iowa,Decatur,17,0,0,40.73742757,-93.78645949,19053.0,216.01016518424402,0.0,17,17,0,0,17,17,7890,0,0,0,0,0
2020-07-25,US,Iowa,Delaware,75,1,0,42.47104597,-91.3664492,19055.0,440.89118805478813,1.3333333333333333,74,74,1,0,73,70,17069,1,0,0,1,4
2020-07-25,US,Iowa,Des Moines,127,2,0,40.92012606,-91.18326592,19057.0,325.9168013960532,1.5748031496062993,125,127,2,0,125,125,39138,0,0,0,0,2
2020-07-25,US,Iowa,Dickinson,355,4,0,43.37787725,-95.1510206,19059.0,2057.017035577703,1.1267605633802815,351,355,4,0,351,351,17153,0,0,0,0,4
2020-07-25,US,Iowa,Dubuque,1340,26,0,42.46815349,-90.88181925,19061.0,1377.028290737943,1.9402985074626864,1314,1324,26,0,1298,1300,96854,16,0,0,16,24
2020-07-25,US,Iowa,Emmet,139,1,0,43.37782951,-94.67858943,19063.0,1509.5569070373588,0.7194244604316546,138,138,1,0,137,125,9253,1,0,0,1,13
2020-07-25,US,Iowa,Fayette,72,0,0,42.86271799,-91.8441231,19065.0,366.412213740458,0.0,72,69,0,0,69,68,19660,3,0,0,3,1
2020-07-25,US,Iowa,Floyd,95,2,0,43.06000529999999,-92.78940097,19067.0,607.3392149341516,2.1052631578947367,93,96,2,0,94,96,15761,-1,0,0,-1,0
2020-07-25,US,Iowa,Franklin,167,3,0,42.73270384,-93.26256925,19069.0,1658.3912611717974,1.7964071856287425,164,163,3,0,160,157,10124,4,0,0,4,6
2020-07-25,US,Iowa,Fremont,23,0,0,40.74542720000001,-95.60129045,19071.0,330.4597701149425,0.0,23,22,0,0,22,16,6993,1,0,0,1,6
2020-07-25,US,Iowa,Greene,37,0,0,42.03614551,-94.39658081,19073.0,416.2916291629163,0.0,37,37,0,0,37,37,8981,0,0,0,0,0
2020-07-25,US,Iowa,Grundy,65,1,0,42.40183723,-92.78829551,19075.0,531.3930673642903,1.5384615384615383,64,64,1,0,63,61,12304,1,0,0,1,3
2020-07-25,US,Iowa,Guthrie,118,5,0,41.68378965,-94.50111014,19077.0,1103.9386284965854,4.2372881355932215,113,115,5,0,110,114,10720,3,0,0,3,1
2020-07-25,US,Iowa,Hamilton,217,1,0,42.38382428,-93.70197703,19079.0,1468.8959588438368,0.4608294930875576,216,215,1,0,214,216,14952,2,0,0,2,-1
2020-07-25,US,Iowa,Hancock,102,2,0,43.08178477,-93.73454884,19081.0,959.5484477892757,1.96078431372549,100,98,2,0,96,95,10712,4,0,0,4,3
2020-07-25,US,Iowa,Hardin,129,0,0,42.38353877,-93.23654611,19083.0,765.7604179033597,0.0,129,124,0,0,124,118,16868,5,0,0,5,6
2020-07-25,US,Iowa,Harrison,82,0,0,41.68330137,-95.81558439,19085.0,583.6714356893729,0.0,82,78,0,0,78,73,14134,4,0,0,4,5
2020-07-25,US,Iowa,Henry,104,3,0,40.98767962,-91.54436349,19087.0,521.1987571414253,2.8846153846153846,101,103,3,0,100,101,20067,1,0,0,1,2
2020-07-25,US,Iowa,Howard,44,0,0,43.35671042,-92.31702714,19089.0,480.4542476523258,0.0,44,45,0,0,45,45,9187,-1,0,0,-1,0
2020-07-25,US,Iowa,Humboldt,72,1,0,42.7764426,-94.20722537,19091.0,753.2956685499057,1.3888888888888888,71,73,1,0,72,72,9547,-1,0,0,-1,1
2020-07-25,US,Iowa,Ida,28,0,0,42.38696136,-95.51355387,19093.0,408.1632653061225,0.0,28,27,0,0,27,27,6841,1,0,0,1,0
2020-07-25,US,Iowa,Iowa,73,1,0,41.68630265,-92.0643373,19095.0,451.0627780523976,1.3698630136986298,72,71,1,0,70,70,16141,2,0,0,2,1
2020-07-25,US,Iowa,Jackson,120,0,0,42.17178824,-90.57354837,19097.0,617.3157055404084,0.0,120,113,0,0,113,110,19432,7,0,0,7,3
2020-07-25,US,Iowa,Jasper,427,22,0,41.68576082,-93.05567785,19099.0,1148.3124915960734,5.152224824355971,405,424,22,0,402,416,37147,3,0,0,3,8
2020-07-25,US,Iowa,Jefferson,71,0,0,41.03192394,-91.94849466,19101.0,388.0841760043728,0.0,71,69,0,0,69,68,18381,2,0,0,2,1
2020-07-25,US,Iowa,Johnson,1735,10,0,41.67169354,-91.58754744,19103.0,1147.9423051475453,0.5763688760806917,1725,1720,10,0,1710,1701,151260,15,0,0,15,19
2020-07-25,US,Iowa,Jones,106,1,0,42.12118609,-91.13139641,19105.0,512.5477491417241,0.9433962264150944,105,106,1,0,105,105,20744,0,0,0,0,1
2020-07-25,US,Iowa,Keokuk,27,1,0,41.33649833,-92.1785067,19107.0,263.51747023228575,3.703703703703704,26,27,1,0,26,26,10225,0,0,0,0,1
2020-07-25,US,Iowa,Kossuth,72,0,0,43.20405458,-94.20691791,19109.0,486.05954229393103,0.0,72,72,0,0,72,72,14908,0,0,0,0,0
2020-07-25,US,Iowa,Lee,72,2,0,40.64181461,-91.48183025,19111.0,213.92280951956505,2.7777777777777777,70,70,2,0,68,67,34055,2,0,0,2,3
2020-07-25,US,Iowa,Linn,1800,87,0,42.07923082,-91.59809485,19113.0,793.9798681993419,4.833333333333333,1713,1754,87,0,1667,1719,225909,46,0,0,46,35
2020-07-25,US,Iowa,Louisa,374,13,0,41.21842119,-91.26102611,19115.0,3389.216130493883,3.475935828877005,361,374,13,0,361,375,11169,0,0,0,0,-1
2020-07-25,US,Iowa,Lucas,40,4,0,41.02958964,-93.32780803,19117.0,465.11627906976736,10.0,36,39,4,0,35,39,8645,1,0,0,1,0
2020-07-25,US,Iowa,Lyon,89,0,0,43.38107862,-96.20926845,19119.0,757.1246278179497,0.0,89,87,0,0,87,84,11811,2,0,0,2,3
2020-07-25,US,Iowa,Madison,85,2,0,41.33081904,-94.01554631,19121.0,520.2595176888236,2.3529411764705883,83,83,2,0,81,79,16249,2,0,0,2,4
2020-07-25,US,Iowa,Mahaska,132,17,0,41.33521503,-92.64083907,19123.0,597.4202308214527,12.87878787878788,115,131,17,0,114,131,22000,1,0,0,1,0
2020-07-25,US,Iowa,Marion,129,0,0,41.33445101,-93.09934783,19125.0,387.9349231648272,0.0,129,127,0,0,127,113,33407,2,0,0,2,14
2020-07-25,US,Iowa,Marshall,1285,22,0,42.03586837,-92.9990819,19127.0,3263.989433310473,1.7120622568093384,1263,1277,22,0,1255,1256,39981,8,0,0,8,21
2020-07-25,US,Iowa,Mills,66,0,0,41.03299766,-95.61920963,19129.0,436.8257330068171,0.0,66,66,0,0,66,63,15063,0,0,0,0,3
2020-07-25,US,Iowa,Mitchell,76,0,0,43.35638371,-92.78887719,19131.0,717.9293406385792,0.0,76,72,0,0,72,73,10569,4,0,0,4,-1
2020-07-25,US,Iowa,Monona,86,0,0,42.05220391,-95.95743843,19133.0,998.2588508415552,0.0,86,85,0,0,85,84,8679,1,0,0,1,1
2020-07-25,US,Iowa,Monroe,65,7,0,41.02988815,-92.8690667,19135.0,843.3891267678732,10.769230769230768,58,63,7,0,56,64,7790,2,0,0,2,-1
2020-07-25,US,Iowa,Montgomery,31,2,0,41.03018714,-95.15642896,19137.0,312.59453463749117,6.451612903225807,29,30,2,0,28,31,10003,1,0,0,1,-1
2020-07-25,US,Iowa,Muscatine,764,46,0,41.48370744,-91.1121697,19139.0,1790.7369210575662,6.020942408376963,718,756,46,0,710,748,42929,8,0,0,8,8
2020-07-25,US,Iowa,O'Brien,110,1,0,43.08310673,-95.62474482,19141.0,799.825492619792,0.9090909090909092,109,110,1,0,109,110,13840,0,0,0,0,0
2020-07-25,US,Iowa,Osceola,74,0,0,43.37824276,-95.62422844,19143.0,1242.0275260154415,0.0,74,74,0,0,74,73,6040,0,0,0,0,1
2020-07-25,US,Iowa,Page,41,0,0,40.7393172,-95.1497813,19145.0,271.3973654597207,0.0,41,41,0,0,41,39,15249,0,0,0,0,2
2020-07-25,US,Iowa,Palo Alto,62,0,0,43.08193849,-94.67824621,19147.0,697.7267611973891,0.0,62,62,0,0,62,62,8929,0,0,0,0,0
2020-07-25,US,Iowa,Plymouth,408,6,0,42.737633,-96.21366621,19149.0,1620.5266711681295,1.4705882352941178,402,406,6,0,400,397,25095,2,0,0,2,9
2020-07-25,US,Iowa,Pocahontas,111,1,0,42.73420133,-94.67862564,19151.0,1676.9904819459134,0.9009009009009008,110,111,1,0,110,110,6740,0,0,0,0,1
2020-07-25,US,Iowa,Polk,8985,191,0,41.68679484,-93.57767461,19153.0,1833.0711745732528,2.125765164162493,8794,8906,191,0,8715,8786,487204,79,0,0,79,120
2020-07-25,US,Iowa,Pottawattamie,1027,18,0,41.33640314,-95.53907776,19155.0,1101.8603952535243,1.7526777020447906,1009,1016,18,0,998,979,93533,11,0,0,11,37
2020-07-25,US,Iowa,Poweshiek,123,8,0,41.68625425,-92.53155731,19157.0,664.7211413748379,6.5040650406504055,115,121,8,0,113,118,18699,2,0,0,2,3
2020-07-25,US,Iowa,Ringgold,21,1,0,40.73518949,-94.24368535,19159.0,429.09685328974257,4.761904761904762,20,21,1,0,20,21,4968,0,0,0,0,0
2020-07-25,US,Iowa,Sac,75,0,0,42.38624071,-95.10547892,19161.0,771.5255632136611,0.0,75,76,0,0,76,75,9719,-1,0,0,-1,1
2020-07-25,US,Iowa,Scott,1458,11,0,41.63935978,-90.61959493,19163.0,843.0523351624522,0.7544581618655692,1447,1434,11,0,1423,1398,173283,24,0,0,24,36
2020-07-25,US,Iowa,Shelby,133,0,0,41.6850066,-95.31015553,19165.0,1161.1664047494326,0.0,133,129,0,0,129,127,11578,4,0,0,4,2
2020-07-25,US,Iowa,Sioux,557,1,0,43.08221074,-96.1767568,19167.0,1598.0490603930566,0.17953321364452424,556,555,1,0,554,551,34909,2,0,0,2,4
2020-07-25,US,Iowa,Story,1035,11,0,42.03621213,-93.46499005,19169.0,1065.7248473490738,1.0628019323671498,1024,1026,11,0,1015,998,98105,9,0,0,9,28
2020-07-25,US,Iowa,Tama,519,29,0,42.07991767,-92.53266945,19171.0,3079.3876824492704,5.5876685934489405,490,517,29,0,488,514,16904,2,0,0,2,3
2020-07-25,US,Iowa,Taylor,88,0,0,40.73710579,-94.69778563,19173.0,1437.673582747917,0.0,88,87,0,0,87,85,6191,1,0,0,1,2
2020-07-25,US,Iowa,Unassigned,8,0,0,0.0,0.0,90019.0,0.0,0.0,8,3,0,0,3,1,,5,0,0,5,2
2020-07-25,US,Iowa,Union,64,1,0,41.0277278,-94.24234847,19175.0,522.8331018707622,1.5625,63,61,1,0,60,59,12359,3,0,0,3,2
2020-07-25,US,Iowa,Van Buren,23,1,0,40.75326764,-91.95017958,19177.0,326.519023282226,4.3478260869565215,22,22,1,0,21,22,7020,1,0,0,1,0
2020-07-25,US,Iowa,Wapello,781,31,0,41.03064984,-92.40954728,19179.0,2233.406731676628,3.969270166453265,750,777,31,0,746,773,35205,4,0,0,4,4
2020-07-25,US,Iowa,Warren,457,1,0,41.33559454,-93.56007641,19181.0,887.9648700112697,0.2188183807439825,456,442,1,0,441,432,51056,15,0,0,15,10
2020-07-25,US,Iowa,Washington,277,9,0,41.33577126,-91.71725711,19183.0,1261.097200091054,3.249097472924188,268,276,9,0,267,275,22141,1,0,0,1,1
2020-07-25,US,Iowa,Wayne,13,1,0,40.73969028,-93.32752197,19185.0,201.83201366247482,7.6923076923076925,12,13,1,0,12,12,6401,0,0,0,0,1
2020-07-25,US,Iowa,Webster,581,5,0,42.42853483,-94.17987389,19187.0,1618.2040998217471,0.8605851979345955,576,578,5,0,573,566,36277,3,0,0,3,12
2020-07-25,US,Iowa,Winnebago,66,0,0,43.37751174,-93.73407298,19189.0,637.4348078037474,0.0,66,64,0,0,64,63,10518,2,0,0,2,1
2020-07-25,US,Iowa,Winneshiek,69,1,0,43.29094334,-91.84422722,19191.0,345.15531989395225,1.4492753623188406,68,67,1,0,66,66,20029,2,0,0,2,1
2020-07-25,US,Iowa,Woodbury,3539,47,0,42.38979414,-96.0459439,19193.0,3432.3566780141027,1.328058773664877,3492,3525,47,0,3478,3514,102539,14,0,0,14,11
2020-07-25,US,Iowa,Worth,48,0,0,43.37750768,-93.26087602,19195.0,650.3183850426773,0.0,48,47,0,0,47,47,7453,1,0,0,1,0
2020-07-25,US,Iowa,Wright,427,1,0,42.73305373,-93.73515113,19197.0,3399.140264289125,0.234192037470726,426,426,1,0,425,425,12690,1,0,0,1,1
2020-07-25,US,Kansas,Allen,11,0,0,37.88582951,-95.30030847,20001.0,88.9320074379497,0.0,11,11,0,0,11,11,12444,0,0,0,0,0
2020-07-25,US,Kansas,Anderson,25,0,0,38.21413251,-95.29272815,20003.0,318.14711122423006,0.0,25,25,0,0,25,25,7878,0,0,0,0,0
2020-07-25,US,Kansas,Atchison,56,0,0,39.53185661,-95.30870026,20005.0,348.4103776519629,0.0,56,56,0,0,56,50,16193,0,0,0,0,6
2020-07-25,US,Kansas,Barber,4,0,0,37.2288586,-98.68460053,20007.0,90.35464196973119,0.0,4,4,0,0,4,4,4472,0,0,0,0,0
2020-07-25,US,Kansas,Barton,92,3,0,38.47889676,-98.75636726,20009.0,356.87963070716467,3.260869565217391,89,88,3,0,85,81,26111,4,0,0,4,7
2020-07-25,US,Kansas,Bourbon,62,1,0,37.85508555,-94.84865997,20011.0,426.58593642493446,1.6129032258064515,61,62,1,0,61,62,14653,0,0,0,0,0
2020-07-25,US,Kansas,Brown,27,0,0,39.82652589,-95.56421698,20013.0,282.3086574654956,0.0,27,27,0,0,27,27,9598,0,0,0,0,0
2020-07-25,US,Kansas,Butler,155,0,0,37.78134351,-96.83878537,20015.0,231.65099908834117,0.0,155,155,0,0,155,138,66765,0,0,0,0,17
2020-07-25,US,Kansas,Chase,6,0,0,38.30292938,-96.59563862,20017.0,226.5861027190332,0.0,6,6,0,0,6,6,2629,0,0,0,0,0
2020-07-25,US,Kansas,Chautauqua,5,0,0,37.14994405,-96.2454192,20019.0,153.84615384615384,0.0,5,5,0,0,5,5,3309,0,0,0,0,0
2020-07-25,US,Kansas,Cherokee,64,1,0,37.16928494,-94.8462897,20021.0,320.97898590701635,1.5625,63,64,1,0,63,63,20015,0,0,0,0,1
2020-07-25,US,Kansas,Cheyenne,2,0,0,39.78580976,-101.7318201,20023.0,75.27286413248024,0.0,2,2,0,0,2,2,2660,0,0,0,0,0
2020-07-25,US,Kansas,Clark,40,1,0,37.23577007,-99.81883015,20025.0,2006.0180541624875,2.5,39,40,1,0,39,38,2005,0,0,0,0,2
2020-07-25,US,Kansas,Clay,15,2,0,39.34948772,-97.16518128,20027.0,187.45313671582105,13.333333333333336,13,15,2,0,13,13,7997,0,0,0,0,2
2020-07-25,US,Kansas,Cloud,26,0,0,39.48028352,-97.64925343,20029.0,295.92533576143865,0.0,26,26,0,0,26,26,8729,0,0,0,0,0
2020-07-25,US,Kansas,Coffey,63,8,0,38.2365018,-95.73379515,20031.0,770.2653136080205,12.698412698412698,55,63,8,0,55,61,8233,0,0,0,0,2
2020-07-25,US,Kansas,Comanche,3,0,0,37.19114520000001,-99.27113247,20033.0,176.47058823529412,0.0,3,3,0,0,3,3,1748,0,0,0,0,0
2020-07-25,US,Kansas,Cowley,128,2,0,37.23781842,-96.83776647,20035.0,366.6781253580841,1.5625,126,128,2,0,126,118,35218,0,0,0,0,10
2020-07-25,US,Kansas,Crawford,358,1,0,37.50675523,-94.85245778,20037.0,922.252563243856,0.2793296089385475,357,358,1,0,357,351,39019,0,0,0,0,7
2020-07-25,US,Kansas,Decatur,5,0,0,39.78468441,-100.45940809999999,20039.0,176.86593562079943,0.0,5,5,0,0,5,5,2871,0,0,0,0,0
2020-07-25,US,Kansas,Dickinson,35,1,0,38.86600962,-97.15532383,20041.0,189.53752843062927,2.8571428571428568,34,35,1,0,34,34,18717,0,0,0,0,1
2020-07-25,US,Kansas,Doniphan,43,0,0,39.79067154,-95.14056866,20043.0,565.7894736842105,0.0,43,43,0,0,43,39,7682,0,0,0,0,4
2020-07-25,US,Kansas,Douglas,588,2,0,38.88503636,-95.2925121,20045.0,480.9461880106986,0.3401360544217687,586,588,2,0,586,561,121436,0,0,0,0,27
2020-07-25,US,Kansas,Edwards,9,0,0,37.88735543,-99.31263309,20047.0,321.6583273766976,0.0,9,9,0,0,9,8,2849,0,0,0,0,1
2020-07-25,US,Kansas,Elk,1,0,0,37.45338105,-96.24369667,20049.0,39.52569169960474,0.0,1,1,0,0,1,1,2508,0,0,0,0,0
2020-07-25,US,Kansas,Ellis,105,0,0,38.91458712,-99.31751551,20051.0,367.73719048786484,0.0,105,105,0,0,105,97,28710,0,0,0,0,8
2020-07-25,US,Kansas,Ellsworth,15,0,0,38.69677695,-98.20462799,20053.0,245.8210422812193,0.0,15,15,0,0,15,15,6196,0,0,0,0,0
2020-07-25,US,Kansas,Finney,1672,10,0,38.04340344,-100.73819379999999,20055.0,4584.967230646887,0.5980861244019139,1662,1672,10,0,1662,1666,36611,0,0,0,0,6
2020-07-25,US,Kansas,Ford,1998,8,0,37.69200114,-99.88825298,20057.0,5943.067908028198,0.4004004004004004,1990,1998,8,0,1990,1994,33888,0,0,0,0,4
2020-07-25,US,Kansas,Franklin,128,1,0,38.56443815,-95.28644341,20059.0,501.0961478233637,0.78125,127,128,1,0,127,123,25631,0,0,0,0,5
2020-07-25,US,Kansas,Geary,113,1,0,38.99871131,-96.7577178,20061.0,356.8045468898011,0.8849557522123894,112,113,1,0,112,113,32594,0,0,0,0,0
2020-07-25,US,Kansas,Gove,3,0,0,38.91588178,-100.4829321,20063.0,113.80880121396058,0.0,3,3,0,0,3,2,2612,0,0,0,0,1
2020-07-25,US,Kansas,Graham,9,0,0,39.34987223,-99.88332493,20065.0,362.61079774375503,0.0,9,9,0,0,9,9,2492,0,0,0,0,0
2020-07-25,US,Kansas,Grant,88,2,0,37.56227336,-101.3079758,20067.0,1230.7692307692307,2.272727272727273,86,88,2,0,86,78,7336,0,0,0,0,10
2020-07-25,US,Kansas,Gray,51,0,0,37.73836671,-100.4369088,20069.0,851.7034068136273,0.0,51,51,0,0,51,51,6033,0,0,0,0,0
2020-07-25,US,Kansas,Greeley,3,0,0,38.4808095,-101.8061079,20071.0,243.50649350649346,0.0,3,3,0,0,3,3,1227,0,0,0,0,0
2020-07-25,US,Kansas,Greenwood,14,0,0,37.8774388,-96.23250453,20073.0,234.0354396522902,0.0,14,14,0,0,14,13,6055,0,0,0,0,1
2020-07-25,US,Kansas,Hamilton,35,0,0,37.99978709,-101.7921066,20075.0,1378.4954706577396,0.0,35,35,0,0,35,35,2607,0,0,0,0,0
2020-07-25,US,Kansas,Harper,8,0,0,37.19175361,-98.07578384,20077.0,147.16703458425312,0.0,8,8,0,0,8,6,5506,0,0,0,0,2
2020-07-25,US,Kansas,Harvey,134,1,0,38.04293782,-97.42747573,20079.0,389.20677335966775,0.746268656716418,133,129,1,0,128,129,34210,5,0,0,5,0
2020-07-25,US,Kansas,Haskell,46,0,0,37.562039399999996,-100.8710738,20081.0,1159.274193548387,0.0,46,35,0,0,35,33,3997,11,0,0,11,2
2020-07-25,US,Kansas,Hodgeman,10,0,0,38.08780079,-99.89829881,20083.0,557.4136008918617,0.0,10,10,0,0,10,10,1818,0,0,0,0,0
2020-07-25,US,Kansas,Jackson,131,1,0,39.41673394,-95.79356799,20085.0,994.609369068408,0.7633587786259542,130,131,1,0,130,131,13280,0,0,0,0,0
2020-07-25,US,Kansas,Jefferson,47,0,0,39.2347941,-95.38289232,20087.0,246.80985138896182,0.0,47,47,0,0,47,43,18975,0,0,0,0,4
2020-07-25,US,Kansas,Jewell,8,0,0,39.78470589,-98.21820662,20089.0,277.8742618964918,0.0,8,8,0,0,8,7,2841,0,0,0,0,1
2020-07-25,US,Kansas,Johnson,4387,94,0,38.88548175,-94.82250877,20091.0,728.2524431400346,2.1426943241395033,4293,4280,97,0,4183,4161,597555,107,-3,0,110,119
2020-07-25,US,Kansas,Kearny,53,1,0,38.00017981,-101.32168100000001,20093.0,1380.9275664408551,1.8867924528301887,52,53,1,0,52,53,3943,0,0,0,0,0
2020-07-25,US,Kansas,Kingman,7,0,0,37.55909527,-98.13638678,20095.0,97.87472035794184,0.0,7,7,0,0,7,5,7310,0,0,0,0,2
2020-07-25,US,Kansas,Kiowa,6,0,0,37.55848695,-99.2856537,20097.0,242.42424242424244,0.0,6,6,0,0,6,6,2516,0,0,0,0,0
2020-07-25,US,Kansas,Labette,106,0,0,37.19113093,-95.29849679,20099.0,540.3201141808544,0.0,106,106,0,0,106,102,19964,0,0,0,0,4
2020-07-25,US,Kansas,Lane,5,0,0,38.48119447,-100.46607540000001,20101.0,325.73289902280135,0.0,5,5,0,0,5,5,1560,0,0,0,0,0
2020-07-25,US,Kansas,Leavenworth,1337,7,0,39.20183497,-95.03620809,20103.0,1635.3139753907874,0.5235602094240838,1330,1337,7,0,1330,1310,81352,0,0,0,0,27
2020-07-25,US,Kansas,Lincoln,6,0,0,39.04549684,-98.20756994,20105.0,202.56583389601624,0.0,6,6,0,0,6,5,3023,0,0,0,0,1
2020-07-25,US,Kansas,Linn,26,0,0,38.21267844,-94.84254089,20107.0,267.95836339276514,0.0,26,25,0,0,25,24,9750,1,0,0,1,1
2020-07-25,US,Kansas,Logan,2,0,0,38.91735806,-101.148475,20109.0,71.58196134574086,0.0,2,2,0,0,2,2,2844,0,0,0,0,0
2020-07-25,US,Kansas,Lyon,600,8,0,38.45576156,-96.15275715,20111.0,1807.5011296882053,1.3333333333333333,592,548,7,0,541,586,33406,52,1,0,51,-38
2020-07-25,US,Kansas,Marion,40,1,0,38.35855394,-97.09852509999999,20115.0,336.5870077415012,2.5,39,34,1,0,33,34,11950,6,0,0,6,0
2020-07-25,US,Kansas,Marshall,7,0,0,39.78359669,-96.52278974,20117.0,72.11290821056969,0.0,7,7,0,0,7,7,9722,0,0,0,0,0
2020-07-25,US,Kansas,McPherson,114,0,0,38.39184858,-97.64769869,20113.0,399.4113937355476,0.0,114,114,0,0,114,114,28537,0,0,0,0,0
2020-07-25,US,Kansas,Meade,36,0,0,37.23859987,-100.36483100000001,20119.0,892.6357550210761,0.0,36,36,0,0,36,34,4146,0,0,0,0,2
2020-07-25,US,Kansas,Miami,92,0,0,38.56383358,-94.83832189,20121.0,268.71513275111715,0.0,92,92,0,0,92,92,33680,0,0,0,0,0
2020-07-25,US,Kansas,Mitchell,25,0,0,39.39331582,-98.20906732,20123.0,418.13012209399557,0.0,25,25,0,0,25,25,6150,0,0,0,0,0
2020-07-25,US,Kansas,Montgomery,120,4,0,37.19236568,-95.74329258,20125.0,377.0146721543247,3.333333333333333,116,119,4,0,115,116,32120,1,0,0,1,3
2020-07-25,US,Kansas,Morris,7,0,0,38.68827511,-96.65128437,20127.0,124.55516014234877,0.0,7,7,0,0,7,6,5521,0,0,0,0,1
2020-07-25,US,Kansas,Morton,9,2,0,37.19141121,-101.79925190000002,20129.0,347.89331271743333,22.222222222222218,7,9,2,0,7,9,2667,0,0,0,0,0
2020-07-25,US,Kansas,Nemaha,42,0,0,39.78345387,-96.01392079,20131.0,410.5170560062555,0.0,42,37,0,0,37,37,10155,5,0,0,5,0
2020-07-25,US,Kansas,Neosho,48,0,0,37.55862897,-95.30670046,20133.0,299.86880739676394,0.0,48,48,0,0,48,48,15951,0,0,0,0,0
2020-07-25,US,Kansas,Ness,5,0,0,38.47974157,-99.91547333,20135.0,181.8181818181818,0.0,5,5,0,0,5,5,2840,0,0,0,0,0
2020-07-25,US,Kansas,Norton,22,0,0,39.78443827,-99.90286639,20137.0,410.37119940309645,0.0,22,22,0,0,22,22,5430,0,0,0,0,0
2020-07-25,US,Kansas,Osage,34,0,0,38.65235984,-95.72707998,20139.0,213.17950968712773,0.0,34,34,0,0,34,34,15941,0,0,0,0,0
2020-07-25,US,Kansas,Osborne,3,0,0,39.3503437,-98.76753828,20141.0,87.69365682548961,0.0,3,3,0,0,3,3,3475,0,0,0,0,0
2020-07-25,US,Kansas,Ottawa,28,0,0,39.13237408,-97.65020313,20143.0,490.8835904628331,0.0,28,28,0,0,28,26,5802,0,0,0,0,2
2020-07-25,US,Kansas,Pawnee,7,0,0,38.18108732,-99.23692334,20145.0,109.13626442157779,0.0,7,7,0,0,7,6,6562,0,0,0,0,1
2020-07-25,US,Kansas,Phillips,41,7,0,39.78465501,-99.34668865,20147.0,783.3397019487962,17.073170731707318,34,41,7,0,34,41,5317,0,0,0,0,0
2020-07-25,US,Kansas,Pottawatomie,99,0,0,39.37925655,-96.34564657,20149.0,406.02058811467003,0.0,99,99,0,0,99,97,24277,0,0,0,0,2
2020-07-25,US,Kansas,Pratt,32,0,0,37.64780729,-98.73922153,20151.0,349.19249236141417,0.0,32,32,0,0,32,28,9378,0,0,0,0,4
2020-07-25,US,Kansas,Reno,196,1,0,37.95230263,-98.08607292,20155.0,316.1392302977516,0.5102040816326531,195,193,1,0,192,173,62342,3,0,0,3,20
2020-07-25,US,Kansas,Republic,23,0,0,39.82799632,-97.65036709,20157.0,496.11734253666947,0.0,23,23,0,0,23,21,4664,0,0,0,0,2
2020-07-25,US,Kansas,Rice,21,0,0,38.34616184,-98.19992118,20159.0,220.19502988361117,0.0,21,21,0,0,21,16,9531,0,0,0,0,5
2020-07-25,US,Kansas,Riley,419,4,0,39.28935726,-96.73420026,20161.0,564.4465998491216,0.9546539379474941,415,419,4,0,415,418,73703,0,0,0,0,1
2020-07-25,US,Kansas,Rooks,13,0,0,39.35022773,-99.32484567,20163.0,264.2276422764228,0.0,13,13,0,0,13,11,5013,0,0,0,0,2
2020-07-25,US,Kansas,Rush,5,0,0,38.52275276,-99.30863983,20165.0,164.69038208168644,0.0,5,5,0,0,5,5,3093,0,0,0,0,0
2020-07-25,US,Kansas,Russell,8,0,0,38.91462787,-98.76254297,20167.0,116.68611435239208,0.0,8,7,0,0,7,7,6907,1,0,0,1,0
2020-07-25,US,Kansas,Saline,313,3,0,38.78369175,-97.65185177,20169.0,577.2351726172913,0.9584664536741214,310,313,3,0,310,307,54401,0,0,0,0,6
2020-07-25,US,Kansas,Scott,22,0,0,38.48222076,-100.90665390000001,20171.0,456.1476259589466,0.0,22,22,0,0,22,22,4897,0,0,0,0,0
2020-07-25,US,Kansas,Sedgwick,3474,36,0,37.6842718,-97.4608198,20173.0,673.2010185217483,1.0362694300518134,3438,3303,35,0,3268,3114,513607,171,1,0,170,189
2020-07-25,US,Kansas,Seward,1154,4,0,37.19324632,-100.85072009999999,20175.0,5385.4769460518955,0.3466204506065858,1150,1154,4,0,1150,1149,21780,0,0,0,0,5
2020-07-25,US,Kansas,Shawnee,1266,17,0,39.04100763,-95.75572640000001,20177.0,715.7597173144876,1.3428120063191151,1249,1266,17,0,1249,1241,177499,0,0,0,0,25
2020-07-25,US,Kansas,Sheridan,7,0,0,39.35018161,-100.44182590000001,20179.0,277.66759222530743,0.0,7,7,0,0,7,7,2533,0,0,0,0,0
2020-07-25,US,Kansas,Sherman,9,0,0,39.35147699,-101.71976240000001,20181.0,152.1041068108839,0.0,9,9,0,0,9,9,5899,0,0,0,0,0
2020-07-25,US,Kansas,Smith,3,0,0,39.78516566,-98.78566062,20183.0,83.72871895060004,0.0,3,3,0,0,3,3,3603,0,0,0,0,0
2020-07-25,US,Kansas,Stafford,2,0,0,38.03100851,-98.71762001,20185.0,48.12319538017324,0.0,2,2,0,0,2,2,4178,0,0,0,0,0
2020-07-25,US,Kansas,Stanton,15,0,0,37.56304714,-101.78435340000001,20187.0,747.7567298105682,0.0,15,15,0,0,15,15,1987,0,0,0,0,0
2020-07-25,US,Kansas,Stevens,40,0,0,37.1923008,-101.3118967,20189.0,729.2616226071103,0.0,40,40,0,0,40,40,5559,0,0,0,0,0
2020-07-25,US,Kansas,Sumner,85,2,0,37.23682549,-97.47721621,20191.0,372.219302855141,2.3529411764705883,83,79,2,0,77,79,22996,6,0,0,6,0
2020-07-25,US,Kansas,Thomas,25,0,0,39.35107575,-101.0553705,20193.0,321.46071750032144,0.0,25,25,0,0,25,25,7711,0,0,0,0,0
2020-07-25,US,Kansas,Trego,5,0,0,38.91467218,-99.87284448,20195.0,178.38030681412772,0.0,5,5,0,0,5,5,2793,0,0,0,0,0
2020-07-25,US,Kansas,Unassigned,0,1,0,0.0,0.0,90020.0,0.0,0.0,-1,0,1,0,-1,0,,0,0,0,0,0
2020-07-25,US,Kansas,Wabaunsee,40,0,0,38.95471985,-96.20350509,20197.0,577.1172990910403,0.0,40,40,0,0,40,40,6899,0,0,0,0,0
2020-07-25,US,Kansas,Washington,2,0,0,39.78420784,-97.08753229999999,20201.0,36.99593044765076,0.0,2,2,0,0,2,2,5420,0,0,0,0,0
2020-07-25,US,Kansas,Wichita,2,0,0,38.48178252,-101.3471509,20203.0,94.38414346389808,0.0,2,2,0,0,2,1,2105,0,0,0,0,1
2020-07-25,US,Kansas,Wilson,6,0,0,37.55937174,-95.74323255,20205.0,70.38123167155425,0.0,6,6,0,0,6,6,8665,0,0,0,0,0
2020-07-25,US,Kansas,Woodson,11,0,0,37.8865336,-95.74006277,20207.0,350.54174633524536,0.0,11,11,0,0,11,11,3183,0,0,0,0,0
2020-07-25,US,Kansas,Wyandotte,4056,91,0,39.11727348,-94.76378225,20209.0,2451.8071196706746,2.243589743589744,3965,3974,91,0,3883,3894,165324,82,0,0,82,80
2020-07-25,US,Kentucky,Adair,182,19,0,37.10459774,-85.28129668,21001.0,947.817935631705,10.43956043956044,163,177,19,0,158,171,19215,5,0,0,5,6
2020-07-25,US,Kentucky,Allen,210,8,0,36.75197631,-86.19457544,21003.0,985.2216748768473,3.809523809523809,202,206,8,0,198,205,21122,4,0,0,4,1
2020-07-25,US,Kentucky,Anderson,47,1,0,38.00671029,-84.99171713,21005.0,206.62065327295903,2.127659574468085,46,42,1,0,41,42,22663,5,0,0,5,0
2020-07-25,US,Kentucky,Ballard,28,0,0,37.05842757,-88.99427697,21007.0,354.9695740365112,0.0,28,28,0,0,28,26,7979,0,0,0,0,2
2020-07-25,US,Kentucky,Barren,247,2,0,36.96469836,-85.93338945,21009.0,558.2047051910778,0.8097165991902834,245,233,2,0,231,218,44176,14,0,0,14,15
2020-07-25,US,Kentucky,Bath,27,1,0,38.14735938,-83.74588932,21011.0,216.0,3.703703703703704,26,26,1,0,25,25,12383,1,0,0,1,1
2020-07-25,US,Kentucky,Bell,221,1,0,36.73355174,-83.67766671,21013.0,848.9551321450522,0.4524886877828054,220,213,1,0,212,191,26569,8,0,0,8,22
2020-07-25,US,Kentucky,Boone,922,24,0,38.97065142,-84.72615357,21015.0,690.217920213204,2.6030368763557483,898,906,24,0,882,880,131533,16,0,0,16,26
2020-07-25,US,Kentucky,Bourbon,63,1,0,38.2054607,-84.21827874,21017.0,318.3747725894481,1.5873015873015872,62,61,1,0,60,60,20184,2,0,0,2,1
2020-07-25,US,Kentucky,Boyd,137,3,0,38.36176608,-82.68652187,21019.0,293.2488548311144,2.18978102189781,134,134,3,0,131,132,47240,3,0,0,3,2
2020-07-25,US,Kentucky,Boyle,98,0,0,37.62680923,-84.8633779,21021.0,326.01463739188284,0.0,98,94,0,0,94,89,30100,4,0,0,4,5
2020-07-25,US,Kentucky,Bracken,27,0,0,38.69158994,-84.08532444,21023.0,325.1836685535349,0.0,27,25,0,0,25,24,8239,2,0,0,2,1
2020-07-25,US,Kentucky,Breathitt,19,0,0,37.52333168,-83.31959161,21025.0,150.43547110055422,0.0,19,19,0,0,19,18,12726,0,0,0,0,1
2020-07-25,US,Kentucky,Breckinridge,41,2,0,37.77377239,-86.42885017,21027.0,200.2246422815842,4.878048780487805,39,39,2,0,37,39,20388,2,0,0,2,0
2020-07-25,US,Kentucky,Bullitt,257,4,0,37.97162523,-85.68955617,21029.0,314.6579166462608,1.5564202334630348,253,245,4,0,241,229,81069,12,0,0,12,16
2020-07-25,US,Kentucky,Butler,286,14,0,37.20946153,-86.68748787,21031.0,2220.669306623185,4.895104895104895,272,286,14,0,272,284,12772,0,0,0,0,2
2020-07-25,US,Kentucky,Caldwell,42,0,0,37.14749129,-87.86948214,21033.0,329.48929159802304,0.0,42,42,0,0,42,41,12715,0,0,0,0,1
2020-07-25,US,Kentucky,Calloway,150,2,0,36.62093411,-88.2731593,21035.0,384.60552293530935,1.3333333333333333,148,144,2,0,142,142,39135,6,0,0,6,2
2020-07-25,US,Kentucky,Campbell,458,13,0,38.94384345,-84.37875208,21037.0,489.3998974183621,2.838427947598253,445,447,13,0,434,435,93152,11,0,0,11,12
2020-07-25,US,Kentucky,Carlisle,16,1,0,36.85372876,-88.96692220000001,21039.0,336.13445378151266,6.25,15,16,1,0,15,16,4771,0,0,0,0,0
2020-07-25,US,Kentucky,Carroll,134,2,0,38.66599534,-85.12601074,21041.0,1260.4646787696358,1.492537313432836,132,134,2,0,132,133,10737,0,0,0,0,1
2020-07-25,US,Kentucky,Carter,79,1,0,38.31690743,-83.05092385,21043.0,294.80912042392805,1.2658227848101269,78,79,1,0,78,76,27004,0,0,0,0,3
2020-07-25,US,Kentucky,Casey,134,9,0,37.32533118,-84.92726209,21045.0,829.2592363388825,6.7164179104477615,125,130,8,0,122,125,15888,4,1,0,3,5
2020-07-25,US,Kentucky,Christian,402,5,0,36.89267803,-87.49055367,21047.0,570.5283774002639,1.243781094527363,397,385,4,0,381,380,71671,17,1,0,16,5
2020-07-25,US,Kentucky,Clark,128,7,0,37.9689263,-84.14615986,21049.0,352.97686346965224,5.46875,121,126,7,0,119,122,36249,2,0,0,2,4
2020-07-25,US,Kentucky,Clay,132,4,0,37.16451126,-83.712575,21051.0,663.2832520978845,3.0303030303030303,128,131,4,0,127,126,20105,1,0,0,1,5
2020-07-25,US,Kentucky,Clinton,16,0,0,36.72581156,-85.13377529,21053.0,156.58641612840088,0.0,16,15,0,0,15,14,10206,1,0,0,1,1
2020-07-25,US,Kentucky,Crittenden,23,1,0,37.35839237,-88.08826090000002,21055.0,261.1855553032024,4.3478260869565215,22,22,1,0,21,22,8915,1,0,0,1,0
2020-07-25,US,Kentucky,Cumberland,24,0,0,36.78926125,-85.39050034,21057.0,362.8666465074085,0.0,24,21,0,0,21,20,6659,3,0,0,3,1
2020-07-25,US,Kentucky,Daviess,633,7,0,37.73028906,-87.09019479999998,21059.0,623.577740343411,1.1058451816745656,626,613,7,0,606,608,101104,20,0,0,20,5
2020-07-25,US,Kentucky,Edmonson,87,12,0,37.21218923,-86.23955613,21061.0,716.0493827160492,13.79310344827586,75,87,12,0,75,86,12274,0,0,0,0,1
2020-07-25,US,Kentucky,Elliott,7,0,0,38.11624059,-83.09771563,21063.0,93.1222562192364,0.0,7,8,0,0,8,7,7508,-1,0,0,-1,1
2020-07-25,US,Kentucky,Estill,10,0,0,37.69241417,-83.95956369,21065.0,70.8918190840777,0.0,10,9,0,0,9,8,14198,1,0,0,1,1
2020-07-25,US,Kentucky,Fayette,2358,44,0,38.0368225,-84.45576892,21067.0,729.6875773629747,1.8659881255301105,2314,2309,42,0,2267,2233,323780,49,2,0,47,76
2020-07-25,US,Kentucky,Fleming,43,0,0,38.36758311,-83.69657514,21069.0,294.9043275495508,0.0,43,44,0,0,44,42,14432,-1,0,0,-1,2
2020-07-25,US,Kentucky,Floyd,74,1,0,37.56213922,-82.74750924,21071.0,207.9294163927056,1.351351351351351,73,70,1,0,69,66,35845,4,0,0,4,4
2020-07-25,US,Kentucky,Franklin,211,5,0,38.2379395,-84.87962551,21073.0,413.7985134631602,2.3696682464454977,206,200,5,0,195,200,50815,11,0,0,11,0
2020-07-25,US,Kentucky,Fulton,39,1,0,36.55238827,-89.20140068,21075.0,653.3757748366561,2.5641025641025643,38,39,1,0,38,36,6120,0,0,0,0,3
2020-07-25,US,Kentucky,Gallatin,77,8,0,38.75398691,-84.8558382,21077.0,868.1925808997631,10.389610389610391,69,77,8,0,69,77,8832,0,0,0,0,0
2020-07-25,US,Kentucky,Garrard,56,0,0,37.638866799999995,-84.53289319,21079.0,316.9930940790218,0.0,56,51,0,0,51,49,17560,5,0,0,5,2
2020-07-25,US,Kentucky,Grant,84,5,0,38.64962758,-84.62415957,21081.0,335.0751924687862,5.9523809523809526,79,83,5,0,78,80,25121,1,0,0,1,3
2020-07-25,US,Kentucky,Graves,423,21,0,36.72292505,-88.65143315,21083.0,1135.0829174046048,4.964539007092198,402,414,21,0,393,411,37317,9,0,0,9,3
2020-07-25,US,Kentucky,Grayson,166,11,0,37.46231118,-86.34248968,21085.0,628.1454572974609,6.626506024096385,155,166,11,0,155,165,26321,0,0,0,0,1
2020-07-25,US,Kentucky,Green,24,1,0,37.26484328,-85.5540745,21087.0,219.3583767480121,4.166666666666667,23,23,1,0,22,22,11049,1,0,0,1,1
2020-07-25,US,Kentucky,Greenup,64,0,0,38.54332505,-82.9215658,21089.0,182.3465724542709,0.0,64,64,0,0,64,63,35268,0,0,0,0,1
2020-07-25,US,Kentucky,Hancock,40,0,0,37.83766422,-86.78280584,21091.0,458.61041045631737,0.0,40,39,0,0,39,39,8758,1,0,0,1,0
2020-07-25,US,Kentucky,Hardin,437,8,0,37.6976111,-85.96319251,21093.0,393.8427152616305,1.8306636155606408,429,419,8,0,411,404,110356,18,0,0,18,15
2020-07-25,US,Kentucky,Harlan,157,2,0,36.85699301,-83.21899516,21095.0,603.6139946174549,1.2738853503184713,155,143,2,0,141,126,26409,14,0,0,14,17
2020-07-25,US,Kentucky,Harrison,107,0,0,38.44188174,-84.32869741,21097.0,566.5572381658371,0.0,107,107,0,0,107,107,18778,0,0,0,0,0
2020-07-25,US,Kentucky,Hart,68,0,0,37.29943898,-85.88461055,21099.0,357.2366692934069,0.0,68,67,0,0,67,61,18906,1,0,0,1,6
2020-07-25,US,Kentucky,Henderson,276,4,0,37.79344553,-87.57392021,21101.0,610.4844061048441,1.4492753623188406,272,268,4,0,264,256,45591,8,0,0,8,12
2020-07-25,US,Kentucky,Henry,73,2,0,38.44942688,-85.11587507,21103.0,452.6851047997024,2.7397260273972597,71,68,2,0,66,68,16106,5,0,0,5,0
2020-07-25,US,Kentucky,Hickman,16,0,0,36.67948079999999,-88.97875928,21105.0,365.296803652968,0.0,16,16,0,0,16,16,4421,0,0,0,0,0
2020-07-25,US,Kentucky,Hopkins,371,33,0,37.30939025,-87.54670406,21107.0,830.2376583269928,8.894878706199462,338,367,33,0,334,363,45068,4,0,0,4,4
2020-07-25,US,Kentucky,Jackson,125,14,0,37.41866422,-83.99825483,21109.0,937.8047865556308,11.2,111,125,14,0,111,124,13442,0,0,0,0,1
2020-07-25,US,Kentucky,Jefferson,6080,218,0,38.18664655,-85.65931031,21111.0,792.9500480595548,3.5855263157894735,5862,5836,218,0,5618,5635,770517,244,0,0,244,201
2020-07-25,US,Kentucky,Jessamine,230,0,0,37.87119786,-84.58252003,21113.0,425.0207890603345,0.0,230,215,0,0,215,204,53920,15,0,0,15,11
2020-07-25,US,Kentucky,Johnson,19,0,0,37.85106355,-82.8264322,21115.0,85.6318730845502,0.0,19,18,0,0,18,18,22386,1,0,0,1,0
2020-07-25,US,Kentucky,Kenton,1179,37,0,38.93950319,-84.53241199,21117.0,705.9964789997485,3.1382527565733667,1142,1143,37,0,1106,1116,166051,36,0,0,36,27
2020-07-25,US,Kentucky,Knott,31,0,0,37.35388197,-82.94981134,21119.0,209.3745778738349,0.0,31,31,0,0,31,30,15126,0,0,0,0,1
2020-07-25,US,Kentucky,Knox,159,8,0,36.89225732,-83.85403396,21121.0,510.51533151388674,5.031446540880503,151,157,8,0,149,147,31304,2,0,0,2,10
2020-07-25,US,Kentucky,Larue,39,1,0,37.54567114,-85.70138352,21123.0,270.87095429920817,2.5641025641025643,38,38,1,0,37,35,14307,1,0,0,1,3
2020-07-25,US,Kentucky,Laurel,317,4,0,37.10975748,-84.11321779,21125.0,521.2701231644551,1.2618296529968454,313,305,4,0,301,292,60669,12,0,0,12,13
2020-07-25,US,Kentucky,Lawrence,25,0,0,38.07136018,-82.72882223,21127.0,163.21734021022394,0.0,25,22,0,0,22,22,15571,3,0,0,3,0
2020-07-25,US,Kentucky,Lee,3,0,0,37.59645942,-83.71513901,21129.0,40.52411184654871,0.0,3,3,0,0,3,3,7033,0,0,0,0,0
2020-07-25,US,Kentucky,Leslie,20,0,0,37.09246661,-83.37999606,21131.0,202.4906348081401,0.0,20,19,0,0,19,19,10143,1,0,0,1,0
2020-07-25,US,Kentucky,Letcher,34,0,0,37.12306748,-82.85346474,21133.0,157.75066116085927,0.0,34,29,0,0,29,28,21899,5,0,0,5,1
2020-07-25,US,Kentucky,Lewis,29,0,0,38.53184419,-83.37735618,21135.0,218.4557438794727,0.0,29,27,0,0,27,27,13257,2,0,0,2,0
2020-07-25,US,Kentucky,Lincoln,82,1,0,37.45475628,-84.6565327,21137.0,334.025825899222,1.2195121951219512,81,81,1,0,80,75,24644,1,0,0,1,6
2020-07-25,US,Kentucky,Livingston,32,0,0,37.21137452,-88.34797529,21139.0,348.0530780944094,0.0,32,32,0,0,32,28,9242,0,0,0,0,4
2020-07-25,US,Kentucky,Logan,288,19,0,36.85949479,-86.877635,21141.0,1062.652202789462,6.597222222222222,269,286,19,0,267,282,26989,2,0,0,2,4
2020-07-25,US,Kentucky,Lyon,26,3,0,37.02080035,-88.07886257,21143.0,316.68696711327647,11.538461538461537,23,26,3,0,23,26,8009,0,0,0,0,0
2020-07-25,US,Kentucky,Madison,305,1,0,37.71659336,-84.27220275,21151.0,328.00283910654184,0.3278688524590164,304,299,1,0,298,295,92368,6,0,0,6,4
2020-07-25,US,Kentucky,Magoffin,14,0,0,37.70820545,-83.0657714,21153.0,115.12211166844831,0.0,14,10,0,0,10,10,12362,4,0,0,4,0
2020-07-25,US,Kentucky,Marion,89,0,0,37.55218078,-85.26898542,21155.0,461.7859181238001,0.0,89,88,0,0,88,86,19404,1,0,0,1,2
2020-07-25,US,Kentucky,Marshall,110,2,0,36.88007070000001,-88.32803576,21157.0,353.6977491961415,1.818181818181818,108,103,2,0,101,100,31191,7,0,0,7,3
2020-07-25,US,Kentucky,Martin,24,0,0,37.79990579,-82.51247478,21159.0,214.3814202769093,0.0,24,23,0,0,23,20,11323,1,0,0,1,3
2020-07-25,US,Kentucky,Mason,46,1,0,38.59471935,-83.82151043,21161.0,269.47861745752783,2.1739130434782608,45,46,1,0,45,45,17150,0,0,0,0,1
2020-07-25,US,Kentucky,McCracken,292,3,0,37.05350953,-88.70445755,21145.0,446.3603289614479,1.0273972602739727,289,284,3,0,281,270,65346,8,0,0,8,14
2020-07-25,US,Kentucky,McCreary,25,0,0,36.73874143,-84.48102924,21147.0,145.0873425802333,0.0,25,23,0,0,23,21,17408,2,0,0,2,2
2020-07-25,US,Kentucky,McLean,37,1,0,37.5301951,-87.26803443,21149.0,401.8681438036277,2.702702702702702,36,37,1,0,36,35,9252,0,0,0,0,2
2020-07-25,US,Kentucky,Meade,68,2,0,37.96163597,-86.21028219,21163.0,237.99524009519808,2.9411764705882355,66,60,2,0,58,55,28715,8,0,0,8,5
2020-07-25,US,Kentucky,Menifee,22,0,0,37.94090733,-83.59985712,21165.0,339.0352904916012,0.0,22,21,0,0,21,19,6451,1,0,0,1,2
2020-07-25,US,Kentucky,Mercer,37,0,0,37.81474237,-84.87488475,21167.0,168.69557288104681,0.0,37,37,0,0,37,36,21774,0,0,0,0,1
2020-07-25,US,Kentucky,Metcalfe,24,2,0,36.99459295,-85.63123699,21169.0,238.3080131069408,8.333333333333334,22,21,2,0,19,20,10030,3,0,0,3,1
2020-07-25,US,Kentucky,Monroe,77,2,0,36.71225341,-85.71596443,21171.0,723.0046948356807,2.5974025974025974,75,72,2,0,70,70,10718,5,0,0,5,2
2020-07-25,US,Kentucky,Montgomery,96,0,0,38.03253032,-83.9145241,21173.0,340.94541321873777,0.0,96,94,0,0,94,92,28203,2,0,0,2,2
2020-07-25,US,Kentucky,Morgan,27,0,0,37.92465657,-83.25558245,21175.0,202.87023818468705,0.0,27,25,0,0,25,24,13345,2,0,0,2,1
2020-07-25,US,Kentucky,Muhlenberg,595,9,0,37.21425819,-87.14632053,21177.0,1943.0474822023386,1.512605042016807,586,590,9,0,581,586,30774,5,0,0,5,4
2020-07-25,US,Kentucky,Nelson,173,2,0,37.80335779,-85.4657193,21179.0,374.19159474833987,1.1560693641618498,171,166,2,0,164,162,45851,7,0,0,7,4
2020-07-25,US,Kentucky,Nicholas,20,0,0,38.33342292,-84.01889177,21181.0,275.14100976750586,0.0,20,20,0,0,20,17,7166,0,0,0,0,3
2020-07-25,US,Kentucky,Ohio,324,4,0,37.47751843,-86.85368087,21183.0,1350.337584396099,1.2345679012345678,320,318,3,0,315,310,24087,6,1,0,5,8
2020-07-25,US,Kentucky,Oldham,468,9,0,38.39791089,-85.448222,21185.0,700.6092905582419,1.9230769230769231,459,453,9,0,444,445,66470,15,0,0,15,8
2020-07-25,US,Kentucky,Owen,28,0,0,38.51679143,-84.82404619,21187.0,256.8571690670581,0.0,28,28,0,0,28,25,10880,0,0,0,0,3
2020-07-25,US,Kentucky,Owsley,6,0,0,37.42823949,-83.68811419,21189.0,135.90033975084938,0.0,6,5,0,0,5,5,4472,1,0,0,1,0
2020-07-25,US,Kentucky,Pendleton,30,0,0,38.69607718,-84.35599463,21191.0,205.620287868403,0.0,30,29,0,0,29,28,14529,1,0,0,1,1
2020-07-25,US,Kentucky,Perry,153,2,0,37.25023553,-83.22922731,21193.0,593.9902166317262,1.30718954248366,151,151,2,0,149,144,26092,2,0,0,2,7
2020-07-25,US,Kentucky,Pike,191,3,0,37.47088263,-82.39487445,21195.0,330.0158960536319,1.5706806282722514,188,182,3,0,179,173,58402,9,0,0,9,9
2020-07-25,US,Kentucky,Powell,34,0,0,37.83218794,-83.82553961,21197.0,275.1031636863824,0.0,34,32,0,0,32,30,12442,2,0,0,2,2
2020-07-25,US,Kentucky,Pulaski,179,2,0,37.10466131,-84.57629079,21199.0,275.4736145523938,1.11731843575419,177,171,2,0,169,164,64623,8,0,0,8,7
2020-07-25,US,Kentucky,Robertson,2,0,0,38.51923469,-84.05055616,21201.0,94.87666034155598,0.0,2,2,0,0,2,2,2135,0,0,0,0,0
2020-07-25,US,Kentucky,Rockcastle,46,0,0,37.36642393,-84.31176452,21203.0,275.53159628631334,0.0,46,46,0,0,46,44,16750,0,0,0,0,2
2020-07-25,US,Kentucky,Rowan,54,0,0,38.19484205,-83.42088935,21205.0,220.76860179885531,0.0,54,48,0,0,48,46,24583,6,0,0,6,2
2020-07-25,US,Kentucky,Russell,85,5,0,36.99308373,-85.06070117,21207.0,474.2509624504826,5.882352941176472,80,81,5,0,76,79,17821,4,0,0,4,2
2020-07-25,US,Kentucky,Scott,250,0,0,38.29622293,-84.5816631,21209.0,438.56571468668864,0.0,250,220,0,0,220,205,56031,30,0,0,30,15
2020-07-25,US,Kentucky,Shelby,659,22,0,38.21476019,-85.194223,21211.0,1344.2395561357705,3.3383915022761763,637,651,22,0,629,639,48518,8,0,0,8,12
2020-07-25,US,Kentucky,Simpson,121,5,0,36.74058474,-86.58047435,21213.0,651.5184148180056,4.132231404958676,116,118,5,0,113,115,18529,3,0,0,3,3
2020-07-25,US,Kentucky,Spencer,74,0,0,38.03223971,-85.32749335,21215.0,382.4091778202677,0.0,74,71,0,0,71,65,18794,3,0,0,3,6
2020-07-25,US,Kentucky,Taylor,80,1,0,37.3677562,-85.3329931,21217.0,310.4505413481315,1.25,79,75,1,0,74,73,25549,5,0,0,5,2
2020-07-25,US,Kentucky,Todd,31,0,0,36.8381152,-87.17878374,21219.0,252.155523019359,0.0,31,31,0,0,31,30,12311,0,0,0,0,1
2020-07-25,US,Kentucky,Trigg,45,0,0,36.80767017,-87.87333656,21221.0,307.1462698791891,0.0,45,44,0,0,44,44,14643,1,0,0,1,0
2020-07-25,US,Kentucky,Trimble,27,0,0,38.61056487,-85.33775972,21223.0,318.7345059615157,0.0,27,27,0,0,27,25,8515,0,0,0,0,2
2020-07-25,US,Kentucky,Unassigned,3,0,0,0.0,0.0,90021.0,0.0,0.0,3,4,0,0,4,4,,-1,0,0,-1,0
2020-07-25,US,Kentucky,Union,45,0,0,37.66166713,-87.94300009,21225.0,312.91287114943333,0.0,45,44,0,0,44,42,14505,1,0,0,1,2
2020-07-25,US,Kentucky,Warren,2199,21,0,36.99903045,-86.42672751,21227.0,1654.677341680713,0.9549795361527968,2178,2146,21,0,2125,2105,131264,53,0,0,53,41
2020-07-25,US,Kentucky,Washington,48,0,0,37.75599461,-85.17407732,21229.0,396.8582058701943,0.0,48,47,0,0,47,45,12084,1,0,0,1,2
2020-07-25,US,Kentucky,Wayne,49,0,0,36.80310688,-84.8251971,21231.0,240.98755717306838,0.0,49,44,0,0,44,44,20468,5,0,0,5,0
2020-07-25,US,Kentucky,Webster,73,1,0,37.52168356,-87.67989953,21233.0,564.0550146808839,1.3698630136986298,72,73,1,0,72,71,13111,0,0,0,0,2
2020-07-25,US,Kentucky,Whitley,93,1,0,36.75700531,-84.14541217,21235.0,256.4526803441429,1.075268817204301,92,89,1,0,88,82,36242,4,0,0,4,7
2020-07-25,US,Kentucky,Wolfe,8,0,0,37.73941626,-83.49303612,21237.0,111.77867821713006,0.0,8,7,0,0,7,7,7177,1,0,0,1,0
2020-07-25,US,Kentucky,Woodford,109,0,0,38.04178222,-84.7417556,21239.0,407.7205057230493,0.0,109,106,0,0,106,104,26533,3,0,0,3,2
2020-07-25,US,Louisiana,Acadia,2111,62,0,30.2950649,-92.41419698,22001.0,3402.3692481263597,2.9369966840360022,2049,2111,62,0,2049,2084,62190,0,0,0,0,27
2020-07-25,US,Louisiana,Allen,917,16,0,30.65385745,-92.82442028,22003.0,3578.2573067467906,1.7448200654307524,901,917,16,0,901,847,25605,0,0,0,0,70
2020-07-25,US,Louisiana,Ascension,2175,65,0,30.20406249,-90.91328409999998,22005.0,1717.9551988878713,2.9885057471264367,2110,2175,65,0,2110,2132,124672,0,0,0,0,43
2020-07-25,US,Louisiana,Assumption,484,18,0,29.89946234,-91.06461642,22007.0,2210.954273445708,3.71900826446281,466,484,18,0,466,477,22300,0,0,0,0,7
2020-07-25,US,Louisiana,Avoyelles,781,23,0,31.07796211,-92.00079449,22009.0,1945.4962136309287,2.9449423815621,758,781,23,0,758,754,40462,0,0,0,0,27
2020-07-25,US,Louisiana,Beauregard,591,11,0,30.64836518,-93.34173616,22011.0,1576.1260900872064,1.8612521150592216,580,591,11,0,580,572,37253,0,0,0,0,19
2020-07-25,US,Louisiana,Bienville,339,28,0,32.34569994,-93.05398492,22013.0,2560.2295899101277,8.259587020648969,311,339,28,0,311,333,13308,0,0,0,0,6
2020-07-25,US,Louisiana,Bossier,1776,58,0,32.67932307,-93.60460152,22015.0,1397.9958910255905,3.265765765765766,1718,1776,58,0,1718,1742,127185,0,0,0,0,34
2020-07-25,US,Louisiana,Caddo,5469,264,0,32.57991587,-93.88375652,22017.0,2276.8147074986264,4.827207899067472,5205,5469,264,0,5205,5357,242922,0,0,0,0,112
2020-07-25,US,Louisiana,Calcasieu,5127,92,0,30.22931235,-93.35400434,22019.0,2520.202913938536,1.7944216890969378,5035,5127,92,0,5035,4995,203112,0,0,0,0,132
2020-07-25,US,Louisiana,Caldwell,168,1,0,32.0902519,-92.11752148,22021.0,1693.8898971566848,0.5952380952380952,167,168,1,0,167,166,9960,0,0,0,0,2
2020-07-25,US,Louisiana,Cameron,150,0,0,29.87592238,-93.19310676,22023.0,2151.154452889717,0.0,150,150,0,0,150,150,6968,0,0,0,0,0
2020-07-25,US,Louisiana,Catahoula,238,3,0,31.66778967,-91.84526385,22025.0,2506.8464293237835,1.2605042016806722,235,238,3,0,235,237,9608,0,0,0,0,1
2020-07-25,US,Louisiana,Claiborne,189,10,0,32.82308512,-92.99526883,22027.0,1206.1263560944478,5.291005291005291,179,189,10,0,179,186,15944,0,0,0,0,3
2020-07-25,US,Louisiana,Concordia,221,7,0,31.44817835,-91.63814433,22029.0,1147.5154473233295,3.1674208144796383,214,221,7,0,214,216,19572,0,0,0,0,5
2020-07-25,US,Louisiana,De Soto,552,23,0,32.05457447,-93.74130302,22031.0,2009.9770600444235,4.166666666666667,529,552,23,0,529,540,27436,0,0,0,0,12
2020-07-25,US,Louisiana,East Baton Rouge,9393,306,0,30.53842039,-91.09777565,22033.0,2134.486512035886,3.2577451293516453,9087,9393,306,0,9087,9169,440956,0,0,0,0,224
2020-07-25,US,Louisiana,East Carroll,483,1,0,32.73926954,-91.23425694,22035.0,7039.790118058592,0.2070393374741201,482,483,1,0,482,482,7037,0,0,0,0,1
2020-07-25,US,Louisiana,East Feliciana,442,35,0,30.84425359,-91.04976723,22037.0,2309.903318526261,7.918552036199095,407,442,35,0,407,428,19305,0,0,0,0,14
2020-07-25,US,Louisiana,Evangeline,608,2,0,30.72985248,-92.39915924,22039.0,1820.6318311124421,0.32894736842105265,606,608,2,0,606,579,33443,0,0,0,0,29
2020-07-25,US,Louisiana,Franklin,681,16,0,32.13675181,-91.67589857,22041.0,3402.448163877092,2.3494860499265786,665,681,16,0,665,669,20156,0,0,0,0,12
2020-07-25,US,Louisiana,Grant,209,3,0,31.59882456,-92.56124347,22043.0,933.4941265800168,1.4354066985645932,206,209,3,0,206,188,22482,0,0,0,0,21
2020-07-25,US,Louisiana,Iberia,1869,56,0,29.86803617,-91.75871777,22045.0,2676.5000716024633,2.9962546816479403,1813,1869,56,0,1813,1852,70941,0,0,0,0,17
2020-07-25,US,Louisiana,Iberville,999,46,0,30.25734305,-91.3499598,22047.0,3072.8061271569622,4.604604604604606,953,999,46,0,953,987,32721,0,0,0,0,12
2020-07-25,US,Louisiana,Jackson,332,18,0,32.30251776,-92.55692092,22049.0,2108.7398373983733,5.421686746987952,314,332,18,0,314,330,15902,0,0,0,0,2
2020-07-25,US,Louisiana,Jefferson,13128,507,0,29.74075478,-90.11115756,22051.0,3035.424850806834,3.8619744058500913,12621,13128,507,0,12621,12945,434051,0,0,0,0,183
2020-07-25,US,Louisiana,Jefferson Davis,866,22,0,30.26896765,-92.81210004,22053.0,2760.775312420301,2.540415704387991,844,866,22,0,844,859,31582,0,0,0,0,7
2020-07-25,US,Louisiana,LaSalle,183,1,0,31.67884782,-92.15907765,22059.0,1228.8477034649475,0.5464480874316939,182,183,1,0,182,179,14917,0,0,0,0,4
2020-07-25,US,Louisiana,Lafayette,5519,73,0,30.2049055,-92.06959876,22055.0,2258.275706861983,1.322703388294981,5446,5519,73,0,5446,5458,242782,0,0,0,0,61
2020-07-25,US,Louisiana,Lafourche,2237,94,0,29.52470226,-90.40976986,22057.0,2291.679472206856,4.202056325435851,2143,2237,94,0,2143,2194,98115,0,0,0,0,43
2020-07-25,US,Louisiana,Lincoln,610,22,0,32.6003154,-92.6659741,22061.0,1305.0361559197295,3.60655737704918,588,610,22,0,588,571,47196,0,0,0,0,39
2020-07-25,US,Louisiana,Livingston,2212,47,0,30.44143993,-90.73061664,22063.0,1571.1454730128064,2.124773960216998,2165,2212,47,0,2165,2166,139567,0,0,0,0,46
2020-07-25,US,Louisiana,Madison,515,6,0,32.36918118,-91.23973355,22065.0,4702.766870605425,1.1650485436893203,509,515,6,0,509,508,11161,0,0,0,0,7
2020-07-25,US,Louisiana,Morehouse,371,11,0,32.81686191,-91.80421614,22067.0,1491.5172469244994,2.964959568733154,360,371,11,0,360,366,25398,0,0,0,0,5
2020-07-25,US,Louisiana,Natchitoches,586,15,0,31.72321584,-93.09816516,22069.0,1535.7199014623407,2.5597269624573378,571,586,15,0,571,562,38659,0,0,0,0,24
2020-07-25,US,Louisiana,Orleans,9752,548,0,30.06971951,-89.92660315,22071.0,2499.5898950131227,5.619360131255127,9204,9752,548,0,9204,9649,391006,0,0,0,0,103
2020-07-25,US,Louisiana,Ouachita,3916,97,0,32.47645559,-92.15704172,22073.0,2554.818337802308,2.4770173646578137,3819,3916,97,0,3819,3845,154475,0,0,0,0,71
2020-07-25,US,Louisiana,Plaquemines,367,18,0,29.42245447,-89.60322085,22075.0,1582.1011337672974,4.9046321525885554,349,367,18,0,349,362,23410,0,0,0,0,5
2020-07-25,US,Louisiana,Pointe Coupee,580,29,0,30.71409502,-91.60209535,22077.0,2669.12103083295,5.0,551,580,29,0,551,568,21940,0,0,0,0,12
2020-07-25,US,Louisiana,Rapides,2585,96,0,31.19778499,-92.52997303,22079.0,1993.8602986548199,3.7137330754352034,2489,2585,96,0,2489,2538,130562,0,0,0,0,47
2020-07-25,US,Louisiana,Red River,162,9,0,32.09530039,-93.34213308,22081.0,1918.976545842217,5.5555555555555545,153,162,9,0,153,141,8477,0,0,0,0,21
2020-07-25,US,Louisiana,Richland,447,5,0,32.41391005,-91.76634876,22083.0,2221.449160123248,1.1185682326621924,442,447,5,0,442,438,20192,0,0,0,0,9
2020-07-25,US,Louisiana,Sabine,432,4,0,31.56388699,-93.55433981,22085.0,1808.7422542287725,0.925925925925926,428,432,4,0,428,426,24032,0,0,0,0,6
2020-07-25,US,Louisiana,St. Bernard,909,23,0,29.87761636,-89.51887093,22087.0,1924.053848107696,2.5302530253025304,886,909,23,0,886,891,46721,0,0,0,0,18
2020-07-25,US,Louisiana,St. Charles,1174,50,0,29.90709658,-90.35555967,22089.0,2210.922787193974,4.258943781942079,1124,1174,50,0,1124,1139,52879,0,0,0,0,35
2020-07-25,US,Louisiana,St. Helena,207,1,0,30.82210324,-90.71013176,22091.0,2043.031977891828,0.4830917874396135,206,207,1,0,206,204,10262,0,0,0,0,3
2020-07-25,US,Louisiana,St. James,556,30,0,30.02531716,-90.80212061,22093.0,2635.570724307925,5.395683453237409,526,556,30,0,526,537,21037,0,0,0,0,19
2020-07-25,US,Louisiana,St. John the Baptist,1244,88,0,30.12597499,-90.4753503,22095.0,2904.031561500572,7.07395498392283,1156,1244,88,0,1156,1203,43184,0,0,0,0,41
2020-07-25,US,Louisiana,St. Landry,1774,69,0,30.59724262,-92.00135806,22097.0,2160.148068774049,3.8895152198421648,1705,1774,69,0,1705,1737,82764,0,0,0,0,37
2020-07-25,US,Louisiana,St. Martin,1358,34,0,30.13112107,-91.61403569,22099.0,2541.595702869121,2.503681885125184,1324,1358,34,0,1324,1353,53621,0,0,0,0,5
2020-07-25,US,Louisiana,St. Mary,1238,40,0,29.69262097,-91.44702164,22101.0,2508.7136256788517,3.231017770597738,1198,1238,40,0,1198,1215,49774,0,0,0,0,23
2020-07-25,US,Louisiana,St. Tammany,4136,191,0,30.40942847,-89.95642711,22103.0,1588.209769640464,4.617988394584138,3945,4136,191,0,3945,4022,258111,0,0,0,0,114
2020-07-25,US,Louisiana,Tangipahoa,2692,54,0,30.62888673,-90.40664996,22105.0,1997.65505572953,2.0059435364041605,2638,2692,54,0,2638,2624,133777,0,0,0,0,68
2020-07-25,US,Louisiana,Tensas,47,0,0,32.00760749,-91.32915234,22107.0,1084.4485463774804,0.0,47,47,0,0,47,46,4462,0,0,0,0,1
2020-07-25,US,Louisiana,Terrebonne,2332,69,0,29.37343766,-90.82626855,22109.0,2111.1523524139748,2.9588336192109783,2263,2332,69,0,2263,2254,111021,0,0,0,0,78
2020-07-25,US,Louisiana,Unassigned,10,112,0,0.0,0.0,90022.0,0.0,1120.0,-102,10,112,0,-102,9,,0,0,0,0,1
2020-07-25,US,Louisiana,Union,533,31,0,32.83121059,-92.3749373,22111.0,2410.891984801883,5.816135084427768,502,533,31,0,502,525,22330,0,0,0,0,8
2020-07-25,US,Louisiana,Vermilion,996,12,0,29.83517605,-92.30292538,22113.0,1673.6401673640164,1.2048192771084338,984,996,12,0,984,969,59830,0,0,0,0,27
2020-07-25,US,Louisiana,Vernon,544,18,0,31.10884837,-93.18153838,22115.0,1146.9775875519197,3.3088235294117645,526,544,18,0,526,520,48860,0,0,0,0,24
2020-07-25,US,Louisiana,Washington,1059,55,0,30.85288548,-90.03866652,22117.0,2292.5055201974287,5.193578847969783,1004,1059,55,0,1004,1046,46582,0,0,0,0,13
2020-07-25,US,Louisiana,Webster,745,12,0,32.70847669,-93.33121835,22119.0,1943.1403234220136,1.6107382550335567,733,745,12,0,733,733,38798,0,0,0,0,12
2020-07-25,US,Louisiana,West Baton Rouge,524,33,0,30.46058217,-91.30989571,22121.0,1979.9735499716608,6.297709923664121,491,524,33,0,491,502,26427,0,0,0,0,22
2020-07-25,US,Louisiana,West Carroll,218,5,0,32.78550125,-91.461201,22123.0,2012.927054478301,2.2935779816513757,213,218,5,0,213,213,10982,0,0,0,0,5
2020-07-25,US,Louisiana,West Feliciana,315,15,0,30.87882871,-91.4148538,22125.0,2023.3812949640287,4.761904761904762,300,315,15,0,300,314,15460,0,0,0,0,1
2020-07-25,US,Louisiana,Winn,351,5,0,31.94449367,-92.63789413,22127.0,2524.4533947065593,1.4245014245014245,346,351,5,0,346,347,14134,0,0,0,0,4
2020-07-25,US,Maine,Androscoggin,532,5,0,44.1664747,-70.20380627,23001.0,491.3324159332083,0.9398496240601504,527,527,5,0,522,515,107679,5,0,0,5,12
2020-07-25,US,Maine,Aroostook,31,1,0,46.65926321,-68.59841248,23003.0,46.230706136753405,3.2258064516129035,30,31,1,0,30,32,67111,0,0,0,0,-1
2020-07-25,US,Maine,Cumberland,2004,68,0,43.8370751,-70.37226999,23005.0,679.3151256088921,3.393213572854292,1936,1990,68,0,1922,1986,293557,14,0,0,14,4
2020-07-25,US,Maine,Franklin,45,1,0,44.97330019,-70.44381045,23007.0,149.01155667406206,2.2222222222222223,44,45,1,0,44,45,29897,0,0,0,0,0
2020-07-25,US,Maine,Hancock,19,1,0,44.59816444,-68.38401854,23009.0,34.553621765144484,5.2631578947368425,18,19,1,0,18,19,54811,0,0,0,0,0
2020-07-25,US,Maine,Kennebec,157,10,0,44.40759555,-69.76738544,23011.0,128.37075436215272,6.369426751592357,147,154,10,0,144,154,122083,3,0,0,3,0
2020-07-25,US,Maine,Knox,25,1,0,44.11486325,-69.10529169,23013.0,62.858292265915715,4.0,24,25,1,0,24,25,39771,0,0,0,0,0
2020-07-25,US,Maine,Lincoln,33,0,0,44.05996956,-69.54227124,23015.0,95.28209274123694,0.0,33,31,0,0,31,31,34342,2,0,0,2,0
2020-07-25,US,Maine,Oxford,48,0,0,44.49952995,-70.75682123,23017.0,82.79430789133247,0.0,48,48,0,0,48,48,57618,0,0,0,0,0
2020-07-25,US,Maine,Penobscot,139,5,0,45.40194593,-68.65020455,23019.0,91.35841417567106,3.5971223021582728,134,136,5,0,131,136,151096,3,0,0,3,0
2020-07-25,US,Maine,Piscataquis,3,0,0,45.83839062,-69.2860223,23021.0,17.873100983020553,0.0,3,3,0,0,3,3,16800,0,0,0,0,0
2020-07-25,US,Maine,Sagadahoc,40,0,0,43.95415864,-69.85074999,23023.0,111.55734047300312,0.0,40,39,0,0,39,38,35634,1,0,0,1,1
2020-07-25,US,Maine,Somerset,34,1,0,45.51229767,-69.95995554,23025.0,67.34807067585771,2.9411764705882355,33,33,0,0,33,32,50592,1,1,0,0,1
2020-07-25,US,Maine,Unassigned,1,0,0,0.0,0.0,90023.0,0.0,0.0,1,2,0,0,2,3,,-1,0,0,-1,-1
2020-07-25,US,Maine,Waldo,60,14,0,44.4858305,-69.12061935,23027.0,151.07641948885808,23.33333333333333,46,60,14,0,46,60,39694,0,0,0,0,0
2020-07-25,US,Maine,Washington,5,0,0,45.01607142,-67.62813524,23029.0,15.934223525287615,0.0,5,5,0,0,5,6,31490,0,0,0,0,-1
2020-07-25,US,Maine,York,614,12,0,43.47808377,-70.71052375,23031.0,295.7026791433292,1.954397394136808,602,609,12,0,597,604,206229,5,0,0,5,5
2020-07-25,US,Maryland,Allegany,252,18,0,39.62357628,-78.69280486,24001.0,357.8732106339468,7.142857142857142,234,244,18,0,226,244,70975,8,0,0,8,0
2020-07-25,US,Maryland,Anne Arundel,6343,214,0,39.00670238,-76.60329337,24003.0,1095.0669332256048,3.3737978874349683,6129,6229,214,0,6015,6144,576031,114,0,0,114,85
2020-07-25,US,Maryland,Baltimore,10793,524,0,39.45784712,-76.62911955,24005.0,1304.494965976528,4.8549986102103215,10269,10520,521,0,9999,10345,828431,273,3,0,270,175
2020-07-25,US,Maryland,Baltimore City,10210,397,0,39.30211911,-76.61151012,24510.0,1720.3322718158688,3.8883447600391774,9813,10001,395,0,9606,9842,621342,209,2,0,207,159
2020-07-25,US,Maryland,Calvert,528,27,0,38.53961642,-76.56820632,24009.0,570.6565793028911,5.113636363636363,501,515,27,0,488,509,92003,13,0,0,13,6
2020-07-25,US,Maryland,Caroline,393,3,0,38.87172293,-75.82904158,24011.0,1176.4353708914564,0.7633587786259542,390,374,3,0,371,371,33304,19,0,0,19,3
2020-07-25,US,Maryland,Carroll,1355,115,0,39.56453592,-77.02373735,24013.0,804.4073209971091,8.487084870848706,1240,1337,115,0,1222,1316,168429,18,0,0,18,21
2020-07-25,US,Maryland,Cecil,596,30,0,39.56647682,-75.94627411,24015.0,579.4565164552039,5.033557046979865,566,583,30,0,553,576,102826,13,0,0,13,7
2020-07-25,US,Maryland,Charles,1719,90,0,38.51092331,-76.98580666,24017.0,1052.9410683768538,5.235602094240837,1629,1695,90,0,1605,1679,161503,24,0,0,24,16
2020-07-25,US,Maryland,Dorchester,305,5,0,38.45413522,-76.02752426,24019.0,955.2444486203765,1.639344262295082,300,303,5,0,298,294,31998,2,0,0,2,9
2020-07-25,US,Maryland,Frederick,2870,120,0,39.47296601,-77.39999394,24021.0,1105.7727502147973,4.181184668989547,2750,2833,120,0,2713,2820,255648,37,0,0,37,13
2020-07-25,US,Maryland,Garrett,42,0,0,39.52786077,-79.27355126,24023.0,144.75770317777625,0.0,42,41,0,0,41,38,29163,1,0,0,1,3
2020-07-25,US,Maryland,Harford,1579,67,0,39.55010644,-76.30775940000002,24025.0,618.1466561750071,4.243191893603546,1512,1540,67,0,1473,1514,253956,39,0,0,39,26
2020-07-25,US,Maryland,Howard,3313,102,0,39.25305293,-76.93126208,24027.0,1017.2249685283552,3.0787805614246917,3211,3271,100,0,3171,3242,323196,42,2,0,40,29
2020-07-25,US,Maryland,Kent,228,23,0,39.24976208,-76.04741541,24029.0,1173.9264751312946,10.087719298245617,205,224,23,0,201,223,19383,4,0,0,4,1
2020-07-25,US,Maryland,Montgomery,16922,782,0,39.13676329,-77.20358245,24031.0,1610.5637448985806,4.6212031674742935,16140,16768,782,0,15986,16654,1052567,154,0,0,154,114
2020-07-25,US,Maryland,Prince George's,21432,729,0,38.83070039,-76.8496441,24033.0,2356.907911015509,3.4014557670772683,20703,21210,726,0,20484,21038,909308,222,3,0,219,172
2020-07-25,US,Maryland,Queen Anne's,357,23,0,39.06198912,-76.03530977,24035.0,708.6004644608087,6.442577030812325,334,350,23,0,327,341,50251,7,0,0,7,9
2020-07-25,US,Maryland,Somerset,114,3,0,38.1163542,-75.75118623,24039.0,445.0343535290443,2.631578947368421,111,114,3,0,111,111,25675,0,0,0,0,3
2020-07-25,US,Maryland,St. Mary's,822,52,0,38.30058422,-76.60629279999998,24037.0,724.1652717822217,6.326034063260341,770,805,52,0,753,790,112664,17,0,0,17,15
2020-07-25,US,Maryland,Talbot,298,4,0,38.76618159,-76.10882561,24041.0,801.4846292461203,1.342281879194631,294,289,4,0,285,274,36968,9,0,0,9,15
2020-07-25,US,Maryland,Unassigned,0,15,0,0.0,0.0,90024.0,0.0,0.0,-15,0,15,0,-15,0,,0,0,0,0,0
2020-07-25,US,Maryland,Washington,864,30,0,39.60835778,-77.82002295,24043.0,571.9998146296897,3.4722222222222223,834,833,29,0,804,826,150926,31,1,0,30,7
2020-07-25,US,Maryland,Wicomico,1228,42,0,38.37301947,-75.62705831,24045.0,1185.2252217471455,3.420195439739414,1186,1219,42,0,1177,1206,103195,9,0,0,9,13
2020-07-25,US,Maryland,Worcester,491,18,0,38.21274277,-75.33200012,24047.0,939.2455428877496,3.665987780040733,473,468,18,0,450,439,51823,23,0,0,23,29
2020-07-25,US,Massachusetts,Barnstable,1684,155,0,41.72980578,-70.28854339,25001.0,790.6474482370064,9.204275534441805,1529,1680,155,0,1525,1668,213413,4,0,0,4,12
2020-07-25,US,Massachusetts,Berkshire,638,45,0,42.37428441,-73.20524838,25003.0,510.6287616852349,7.053291536050158,593,636,45,0,591,629,126348,2,0,0,2,7
2020-07-25,US,Massachusetts,Bristol,8843,616,0,41.79228404,-71.10872211,25005.0,1564.5318523682056,6.965961777677259,8227,8816,616,0,8200,8788,564022,27,0,0,27,28
2020-07-25,US,Massachusetts,Dukes and Nantucket,94,1,0,41.40674725,-70.68763497,0.0,327.1727402457276,1.0638297872340423,93,94,1,0,93,93,26707,0,0,0,0,1
2020-07-25,US,Massachusetts,Essex,16915,1162,0,42.6687626,-70.94687179,25009.0,2143.760598402604,6.869642329293527,15753,16883,1159,0,15724,16856,790638,32,3,0,29,27
2020-07-25,US,Massachusetts,Franklin,393,59,0,42.58119713,-72.58602547,25011.0,559.9886007409518,15.012722646310431,334,391,58,0,333,391,70963,2,1,0,1,0
2020-07-25,US,Massachusetts,Hampden,7259,683,0,42.13440424,-72.63235561,25013.0,1556.482807715729,9.409009505441519,6576,7228,682,0,6546,7220,470406,31,1,0,30,8
2020-07-25,US,Massachusetts,Hampshire,1082,126,0,42.33997957,-72.65898478,25015.0,672.7600572032579,11.645101663585955,956,1076,125,0,951,1065,161355,6,1,0,5,11
2020-07-25,US,Massachusetts,Middlesex,25250,1955,0,42.48607732,-71.39049229,25017.0,1566.669706936593,7.742574257425742,23295,25190,1954,0,23236,25123,1614714,60,1,0,59,67
2020-07-25,US,Massachusetts,Norfolk,9934,976,0,42.16073095,-71.20530408,25021.0,1405.5392451628875,9.82484397020334,8958,9895,975,0,8920,9849,705388,39,1,0,38,46
2020-07-25,US,Massachusetts,Plymouth,8967,702,0,41.94070556,-70.80802823,25023.0,1720.4461993622438,7.82870525259284,8265,8956,701,0,8255,8940,518132,11,1,0,10,16
2020-07-25,US,Massachusetts,Suffolk,20827,1046,0,42.327951399999996,-71.07850442,25025.0,2590.7225587039293,5.022326787343354,19781,20793,1044,0,19749,20732,807252,34,2,0,32,61
2020-07-25,US,Massachusetts,Unassigned,323,6,0,0.0,0.0,90025.0,0.0,1.8575851393188851,317,328,6,0,322,321,,-5,0,0,-5,7
2020-07-25,US,Massachusetts,Worcester,13059,978,0,42.35026951,-71.90493363,25027.0,1572.1952946105448,7.4890879852974965,12081,13019,977,0,12042,12972,830839,40,1,0,39,47
2020-07-25,US,Michigan,Alcona,27,1,0,44.6846864,-83.59507875,26001.0,259.4906295050457,3.703703703703704,26,27,1,0,26,27,10362,0,0,0,0,0
2020-07-25,US,Michigan,Alger,5,0,0,46.41292944,-86.60260122,26003.0,54.89679402722882,0.0,5,5,0,0,5,5,9097,0,0,0,0,0
2020-07-25,US,Michigan,Allegan,465,7,0,42.59147037,-85.89102866,26005.0,393.7974780023882,1.5053763440860215,458,458,7,0,451,449,117327,7,0,0,7,9
2020-07-25,US,Michigan,Alpena,125,13,0,45.03477666,-83.62212411,26007.0,440.06336912515405,10.4,112,125,13,0,112,125,28360,0,0,0,0,0
2020-07-25,US,Michigan,Antrim,34,0,0,44.99690221,-85.15503082,26009.0,145.7725947521866,0.0,34,33,0,0,33,31,23365,1,0,0,1,2
2020-07-25,US,Michigan,Arenac,40,2,0,44.0636262,-83.89277559,26011.0,268.76301820869446,5.0,38,40,2,0,38,39,15041,0,0,0,0,1
2020-07-25,US,Michigan,Baraga,5,0,0,46.6720582,-88.36363591,26013.0,60.9087586794981,0.0,5,5,0,0,5,5,8320,0,0,0,0,0
2020-07-25,US,Michigan,Barry,168,2,0,42.59513984,-85.30834519,26015.0,272.94882209585705,1.1904761904761905,166,167,2,0,165,164,61157,1,0,0,1,3
2020-07-25,US,Michigan,Bay,510,31,0,43.70639106,-83.98731479,26017.0,494.5406589996703,6.078431372549018,479,500,31,0,469,497,103923,10,0,0,10,3
2020-07-25,US,Michigan,Benzie,28,1,0,44.63899297,-86.01608482,26019.0,157.60441292356185,3.571428571428572,27,29,1,0,28,28,17753,-1,0,0,-1,1
2020-07-25,US,Michigan,Berrien,1204,63,0,41.95447397,-86.41313079999998,26021.0,784.8710243088376,5.232558139534883,1141,1196,63,0,1133,1184,154141,8,0,0,8,12
2020-07-25,US,Michigan,Branch,306,2,0,41.91600556,-85.05929476,26023.0,703.1734724360596,0.6535947712418301,304,304,2,0,302,304,43622,2,0,0,2,0
2020-07-25,US,Michigan,Calhoun,688,39,0,42.24633834,-85.00493569,26025.0,512.8243353036322,5.668604651162791,649,685,39,0,646,680,134487,3,0,0,3,5
2020-07-25,US,Michigan,Cass,258,8,0,41.91522292,-85.99405727,26027.0,498.19452758414286,3.1007751937984502,250,250,8,0,242,247,51653,8,0,0,8,3
2020-07-25,US,Michigan,Charlevoix,42,2,0,45.37790017,-85.19614053,26029.0,160.65485980950925,4.761904761904762,40,41,2,0,39,41,26244,1,0,0,1,0
2020-07-25,US,Michigan,Cheboygan,33,2,0,45.44787015,-84.50122149,26031.0,130.5586326950467,6.0606060606060606,31,34,2,0,32,32,25413,-1,0,0,-1,2
2020-07-25,US,Michigan,Chippewa,26,0,0,46.29552653,-84.54353449,26033.0,69.61364427427776,0.0,26,25,0,0,25,25,37517,1,0,0,1,0
2020-07-25,US,Michigan,Clare,48,3,0,43.98794227,-84.84819859999998,26035.0,155.08885298869146,6.25,45,47,3,0,44,44,30757,1,0,0,1,3
2020-07-25,US,Michigan,Clinton,353,12,0,42.94400871,-84.60145248,26037.0,443.4951944217602,3.39943342776204,341,349,12,0,337,338,79332,4,0,0,4,11
2020-07-25,US,Michigan,Crawford,94,5,0,44.68255561,-84.61006219,26039.0,670.040630123316,5.319148936170213,89,93,5,0,88,92,13901,1,0,0,1,1
2020-07-25,US,Michigan,Delta,58,3,0,45.90484910000001,-86.9080745,26041.0,162.08361278783815,5.172413793103448,55,56,3,0,53,56,35857,2,0,0,2,0
2020-07-25,US,Michigan,Dickinson,40,2,0,46.00999672,-87.86961634,26043.0,158.4848845041404,5.0,38,40,2,0,38,37,25383,0,0,0,0,3
2020-07-25,US,Michigan,Eaton,405,7,0,42.59599185,-84.83740035,26045.0,367.2869735553379,1.728395061728395,398,403,7,0,396,399,109826,2,0,0,2,4
2020-07-25,US,Michigan,Emmet,51,2,0,45.52625509,-84.89083249,26047.0,152.626066137962,3.92156862745098,49,50,2,0,48,51,33308,1,0,0,1,-1
2020-07-25,US,Michigan,Federal Correctional Institution (FCI),189,5,0,0.0,0.0,0.0,0.0,2.6455026455026456,184,189,5,0,184,189,,0,0,0,0,0
2020-07-25,US,Michigan,Genesee,3268,294,0,43.02244215,-83.70589709,26049.0,805.2970210417112,8.996328029375764,2974,3249,294,0,2955,3221,406892,19,0,0,19,28
2020-07-25,US,Michigan,Gladwin,31,2,0,43.98901072,-84.38774817,26051.0,121.81225195489016,6.451612903225807,29,30,2,0,28,30,25337,1,0,0,1,0
2020-07-25,US,Michigan,Gogebic,54,1,0,46.40862701,-89.69377193,26053.0,386.4042933810376,1.851851851851852,53,48,1,0,47,48,15096,6,0,0,6,0
2020-07-25,US,Michigan,Grand Traverse,158,5,0,44.69565625,-85.55585247,26055.0,169.7318666208319,3.1645569620253164,153,155,5,0,150,149,92573,3,0,0,3,6
2020-07-25,US,Michigan,Gratiot,124,15,0,43.29265605,-84.60505416,26057.0,304.58598413205283,12.096774193548386,109,124,15,0,109,120,40599,0,0,0,0,4
2020-07-25,US,Michigan,Hillsdale,224,25,0,41.88753639,-84.59312019,26059.0,491.1742133537989,11.160714285714288,199,223,25,0,198,222,45749,1,0,0,1,1
2020-07-25,US,Michigan,Houghton,41,0,0,46.89988536,-88.68495385,26061.0,114.89743302320367,0.0,41,40,0,0,40,39,36219,1,0,0,1,1
2020-07-25,US,Michigan,Huron,131,3,0,43.83353985,-83.04078453,26063.0,422.8398050417999,2.2900763358778624,128,115,3,0,112,114,31166,16,0,0,16,1
2020-07-25,US,Michigan,Ingham,1341,29,0,42.59716886,-84.37472069,26065.0,458.6089204735881,2.162565249813572,1312,1336,29,0,1307,1318,292735,5,0,0,5,18
2020-07-25,US,Michigan,Ionia,254,5,0,42.94502238,-85.07413319,26067.0,392.59934772864267,1.9685039370078738,249,250,5,0,245,241,64210,4,0,0,4,9
2020-07-25,US,Michigan,Iosco,124,11,0,44.35486835,-83.63484895,26069.0,493.49305527918176,8.870967741935484,113,124,11,0,113,124,25081,0,0,0,0,0
2020-07-25,US,Michigan,Iron,12,1,0,46.20974132,-88.53136251,26071.0,108.44026748599312,8.333333333333334,11,12,1,0,11,10,11117,0,0,0,0,2
2020-07-25,US,Michigan,Isabella,192,8,0,43.64060976,-84.84664923,26073.0,274.7881841080833,4.166666666666667,184,191,8,0,183,188,70562,1,0,0,1,3
2020-07-25,US,Michigan,Jackson,623,32,0,42.24807035,-84.42258681,26075.0,393.03513973881775,5.1364365971107535,591,614,32,0,582,608,158823,9,0,0,9,6
2020-07-25,US,Michigan,Kalamazoo,1411,76,0,42.24542231,-85.53038622,26077.0,532.3202523145179,5.386250885896528,1335,1397,74,0,1323,1391,264870,14,2,0,12,6
2020-07-25,US,Michigan,Kalkaska,48,4,0,44.68512729,-85.09085699,26079.0,266.10488967734784,8.333333333333334,44,48,4,0,44,48,17824,0,0,0,0,0
2020-07-25,US,Michigan,Kent,6648,152,0,43.03197711,-85.54934642,26081.0,1011.9414571774322,2.2864019253910954,6496,6607,151,0,6456,6568,653786,41,1,0,40,39
2020-07-25,US,Michigan,Keweenaw,2,0,0,47.63197653,-88.41434263,26083.0,94.5179584120983,0.0,2,2,0,0,2,2,2113,0,0,0,0,0
2020-07-25,US,Michigan,Lake,15,0,0,43.99050893,-85.802173,26085.0,126.55024044545685,0.0,15,15,0,0,15,15,11881,0,0,0,0,0
2020-07-25,US,Michigan,Lapeer,370,32,0,43.09052506,-83.22153148,26087.0,422.3406805392263,8.648648648648651,338,362,32,0,330,348,88028,8,0,0,8,14
2020-07-25,US,Michigan,Leelanau,59,0,0,44.94430054,-85.80150326,26089.0,271.12724599053354,0.0,59,59,0,0,59,58,21764,0,0,0,0,1
2020-07-25,US,Michigan,Lenawee,349,11,0,41.89475156,-84.06603727,26091.0,354.4910666219744,3.151862464183381,338,345,11,0,334,339,98266,4,0,0,4,6
2020-07-25,US,Michigan,Livingston,701,28,0,42.60302282,-83.91297209,26093.0,365.1136748352822,3.9942938659058487,673,695,28,0,667,690,191224,6,0,0,6,5
2020-07-25,US,Michigan,Luce,3,0,0,46.47227431,-85.54471223,26095.0,48.16182372772515,0.0,3,3,0,0,3,3,6283,0,0,0,0,0
2020-07-25,US,Michigan,Mackinac,16,0,0,46.07028979,-85.04980537,26097.0,148.1618668395222,0.0,16,14,0,0,14,13,10787,2,0,0,2,1
2020-07-25,US,Michigan,Macomb,8779,936,0,42.69158356,-82.92752801,26099.0,1004.494423162298,10.661806583893382,7843,8752,936,0,7816,8649,874759,27,0,0,27,103
2020-07-25,US,Michigan,Manistee,30,0,0,44.33352407,-86.05626916,26101.0,122.1597849987784,0.0,30,31,0,0,31,31,24528,-1,0,0,-1,0
2020-07-25,US,Michigan,Marquette,112,11,0,46.4338914,-87.64043701,26103.0,167.91855949864316,9.821428571428571,101,110,11,0,99,110,66516,2,0,0,2,0
2020-07-25,US,Michigan,Mason,93,0,0,43.99509218,-86.24988902,26105.0,319.1051331320341,0.0,93,93,0,0,93,96,29100,0,0,0,0,-3
2020-07-25,US,Michigan,Mecosta,49,2,0,43.64064262,-85.32463223,26107.0,112.76551676524059,4.081632653061225,47,48,2,0,46,48,43545,1,0,0,1,0
2020-07-25,US,Michigan,Menominee,69,0,0,45.58038692,-87.55370409,26109.0,302.8972783143108,0.0,69,65,0,0,65,62,22983,4,0,0,4,3
2020-07-25,US,Michigan,Michigan Department of Corrections (MDOC),4123,68,0,0.0,0.0,0.0,0.0,1.6492845015765218,4055,4123,68,0,4055,4120,,0,0,0,0,3
2020-07-25,US,Michigan,Midland,260,9,0,43.64330771,-84.38804374,26111.0,312.66535186877684,3.4615384615384617,251,254,9,0,245,250,83209,6,0,0,6,4
2020-07-25,US,Michigan,Missaukee,40,1,0,44.33772443,-85.09256478,26113.0,264.58526260087314,2.5,39,40,1,0,39,40,15113,0,0,0,0,0
2020-07-25,US,Michigan,Monroe,784,21,0,41.92734151,-83.53749864,26115.0,520.9302325581398,2.6785714285714284,763,773,21,0,752,765,150439,11,0,0,11,8
2020-07-25,US,Michigan,Montcalm,167,1,0,43.31082541,-85.15252824,26117.0,261.3949411470073,0.5988023952095808,166,168,1,0,167,165,63968,-1,0,0,-1,3
2020-07-25,US,Michigan,Montmorency,7,0,0,45.0275929,-84.12696227,26119.0,75.04288164665523,0.0,7,7,0,0,7,7,9265,0,0,0,0,0
2020-07-25,US,Michigan,Muskegon,1072,56,0,43.29123859,-86.15176712,26121.0,617.6324856250649,5.223880597014926,1016,1072,55,0,1017,1069,173588,0,1,0,-1,3
2020-07-25,US,Michigan,Newaygo,242,0,0,43.554373999999996,-85.80070107,26123.0,494.0792160065333,0.0,242,243,0,0,243,240,48892,-1,0,0,-1,3
2020-07-25,US,Michigan,Oakland,13823,1127,0,42.66090111,-83.38595416,26125.0,1099.1711090471888,8.153078202995008,12696,13782,1125,0,12657,13711,1259201,41,2,0,39,71
2020-07-25,US,Michigan,Oceana,456,5,0,43.64124435,-86.26726673,26127.0,1722.9002153625268,1.0964912280701755,451,455,5,0,450,452,26625,1,0,0,1,3
2020-07-25,US,Michigan,Ogemaw,49,2,0,44.33481032,-84.12725175,26129.0,233.36667142925185,4.081632653061225,47,49,2,0,47,48,20952,0,0,0,0,1
2020-07-25,US,Michigan,Ontonagon,3,0,0,46.665226200000006,-89.31390481,26131.0,52.447552447552454,0.0,3,2,0,0,2,2,5795,1,0,0,1,0
2020-07-25,US,Michigan,Osceola,64,0,0,43.98992088,-85.32566756,26133.0,272.8047740835465,0.0,64,63,0,0,63,62,23341,1,0,0,1,1
2020-07-25,US,Michigan,Oscoda,23,1,0,44.68192279,-84.12939244,26135.0,279.09234316223757,4.3478260869565215,22,23,1,0,22,23,8276,0,0,0,0,0
2020-07-25,US,Michigan,Otsego,128,10,0,45.02085831,-84.59898295,26137.0,518.8908707637426,7.8125,118,128,10,0,118,128,24665,0,0,0,0,0
2020-07-25,US,Michigan,Ottawa,1572,53,0,42.95996803,-85.9969107,26139.0,538.6697734982697,3.3715012722646316,1519,1567,53,0,1514,1555,290494,5,0,0,5,12
2020-07-25,US,Michigan,Out of MI,105,0,0,0.0,0.0,80026.0,0.0,0.0,105,69,0,0,69,53,,36,0,0,36,16
2020-07-25,US,Michigan,Presque Isle,14,1,0,45.34018577,-83.91498656,26141.0,111.18170266836088,7.142857142857142,13,14,0,0,14,14,12738,0,1,0,-1,0
2020-07-25,US,Michigan,Roscommon,45,0,0,44.33473082,-84.61067651,26143.0,187.35167992006328,0.0,45,45,0,0,45,45,23884,0,0,0,0,0
2020-07-25,US,Michigan,Saginaw,1691,124,0,43.33433923,-84.05131209999998,26145.0,887.4823526941991,7.332939089296273,1567,1684,124,0,1560,1655,190800,7,0,0,7,29
2020-07-25,US,Michigan,Sanilac,87,6,0,43.42406072,-82.82055898,26151.0,211.31892154481412,6.896551724137932,81,83,6,0,77,80,41182,4,0,0,4,3
2020-07-25,US,Michigan,Schoolcraft,8,0,0,46.19235734,-86.19972234,26153.0,98.838645910551,0.0,8,8,0,0,8,8,8068,0,0,0,0,0
2020-07-25,US,Michigan,Shiawassee,299,28,0,42.95392800000001,-84.14585902,26155.0,438.91841108599283,9.364548494983277,271,297,28,0,269,296,68192,2,0,0,2,1
2020-07-25,US,Michigan,St. Clair,687,53,0,42.92655373,-82.67937954,26147.0,431.7279171484591,7.7147016011644824,634,680,53,0,627,670,159337,7,0,0,7,10
2020-07-25,US,Michigan,St. Joseph,497,6,0,41.91441767,-85.52797979,26149.0,815.2352207860376,1.2072434607645874,491,482,6,0,476,473,61043,15,0,0,15,9
2020-07-25,US,Michigan,Tuscola,268,27,0,43.46606813,-83.41897025,26157.0,512.967748109867,10.074626865671641,241,265,27,0,238,262,52516,3,0,0,3,3
2020-07-25,US,Michigan,Unassigned,13,0,0,0.0,0.0,90026.0,0.0,0.0,13,7,0,0,7,8,,6,0,0,6,-1
2020-07-25,US,Michigan,Van Buren,350,10,0,42.25190229,-86.01939087,26159.0,462.49190639163817,2.8571428571428568,340,352,10,0,342,339,75448,-2,0,0,-2,13
2020-07-25,US,Michigan,Washtenaw,2280,110,0,42.253105,-83.83853204,26161.0,620.2377033794794,4.824561403508771,2170,2204,110,0,2094,2195,370963,76,0,0,76,9
2020-07-25,US,Michigan,Wayne,25877,2782,0,42.28098405,-83.281255,26163.0,1479.241063645037,10.750859836920817,23095,25770,2789,0,22981,25649,1753893,107,-7,0,114,121
2020-07-25,US,Michigan,Wexford,55,4,0,44.33853602,-85.57712739,26165.0,163.53959144836608,7.272727272727272,51,55,4,0,51,55,33466,0,0,0,0,0
2020-07-25,US,Minnesota,Aitkin,24,0,0,46.60962049,-93.41168259999999,27001.0,151.07641948885808,0.0,24,24,0,0,24,24,15902,0,0,0,0,0
2020-07-25,US,Minnesota,Anoka,2950,111,0,45.27476015,-93.24604565,27003.0,826.5134301428047,3.76271186440678,2839,2903,111,0,2792,2848,353813,47,0,0,47,55
2020-07-25,US,Minnesota,Becker,101,0,0,46.93479392,-95.67158144,27005.0,293.4084768904512,0.0,101,96,0,0,96,92,34371,5,0,0,5,4
2020-07-25,US,Minnesota,Beltrami,146,0,0,47.97373527,-94.93732139,27007.0,309.4006950919725,0.0,146,122,0,0,122,122,46847,24,0,0,24,0
2020-07-25,US,Minnesota,Benton,283,3,0,45.69804958,-93.99514135,27009.0,692.1176844628137,1.060070671378092,280,278,3,0,275,276,40545,5,0,0,5,2
2020-07-25,US,Minnesota,Big Stone,20,0,0,45.42712824,-96.41403739,27011.0,400.7212983370066,0.0,20,20,0,0,20,20,4989,0,0,0,0,0
2020-07-25,US,Minnesota,Blue Earth,750,3,0,44.03554215,-94.06699781,27013.0,1108.5982883242427,0.4,747,735,3,0,732,726,67427,15,0,0,15,9
2020-07-25,US,Minnesota,Brown,70,2,0,44.24205652,-94.72562874,27015.0,279.910428662828,2.8571428571428568,68,67,2,0,65,63,25111,3,0,0,3,4
2020-07-25,US,Minnesota,Carlton,112,0,0,46.59180601,-92.67601019,27017.0,312.22993504502244,0.0,112,111,0,0,111,110,35837,1,0,0,1,1
2020-07-25,US,Minnesota,Carver,643,2,0,44.82017001,-93.80099179999999,27019.0,611.8623262187289,0.3110419906687403,641,639,2,0,637,618,103551,4,0,0,4,21
2020-07-25,US,Minnesota,Cass,41,2,0,46.95043611,-94.32603968,27021.0,137.68091608180262,4.878048780487805,39,35,2,0,33,36,29519,6,0,0,6,-1
2020-07-25,US,Minnesota,Chippewa,87,1,0,45.02343421,-95.56403693,27023.0,737.2881355932202,1.1494252873563218,86,87,1,0,86,87,11924,0,0,0,0,0
2020-07-25,US,Minnesota,Chisago,147,1,0,45.5021011,-92.90861945,27025.0,259.81371180119845,0.6802721088435374,146,141,1,0,140,138,55922,6,0,0,6,3
2020-07-25,US,Minnesota,Clay,697,39,0,46.89289518,-96.48761922,27027.0,1085.2978730030209,5.595408895265424,658,692,39,0,653,686,63955,5,0,0,5,6
2020-07-25,US,Minnesota,Clearwater,14,0,0,47.57992111,-95.37790562,27029.0,158.76616012701294,0.0,14,14,0,0,14,14,8810,0,0,0,0,0
2020-07-25,US,Minnesota,Cook,2,0,0,47.90504893,-90.52629546,27031.0,36.60992128866923,0.0,2,2,0,0,2,2,5393,0,0,0,0,0
2020-07-25,US,Minnesota,Cottonwood,158,0,0,44.00715262,-95.18138802,27033.0,1411.2182922472311,0.0,158,155,0,0,155,153,11277,3,0,0,3,2
2020-07-25,US,Minnesota,Crow Wing,152,12,0,46.48096553,-94.06755609,27035.0,233.6484513104296,7.894736842105262,140,152,12,0,140,144,64889,0,0,0,0,8
2020-07-25,US,Minnesota,Dakota,3386,102,0,44.67172617,-93.06299363,27037.0,789.2387552124487,3.0124040165386887,3284,3324,102,0,3222,3263,425423,62,0,0,62,61
2020-07-25,US,Minnesota,Dodge,118,0,0,44.02238415,-92.86244324,27039.0,563.6763160408905,0.0,118,118,0,0,118,118,20822,0,0,0,0,0
2020-07-25,US,Minnesota,Douglas,113,0,0,45.93348491,-95.45335469,27041.0,296.26910673553397,0.0,113,110,0,0,110,108,37964,3,0,0,3,2
2020-07-25,US,Minnesota,Faribault,73,0,0,43.67381499,-93.94787458,27043.0,534.6810224859005,0.0,73,73,0,0,73,73,13758,0,0,0,0,0
2020-07-25,US,Minnesota,Fillmore,53,0,0,43.67394126,-92.08980382,27045.0,251.57829781174348,0.0,53,53,0,0,53,50,21058,0,0,0,0,3
2020-07-25,US,Minnesota,Freeborn,336,1,0,43.67385583,-93.34884422,27047.0,1109.6066840593112,0.2976190476190476,335,333,1,0,332,333,30444,3,0,0,3,0
2020-07-25,US,Minnesota,Goodhue,157,8,0,44.40849741,-92.72341949999999,27049.0,338.80017263703064,5.095541401273885,149,155,8,0,147,154,46403,2,0,0,2,1
2020-07-25,US,Minnesota,Grant,36,1,0,45.93424769,-96.01139609,27051.0,602.8131279303417,2.7777777777777777,35,35,1,0,34,33,6021,1,0,0,1,2
2020-07-25,US,Minnesota,Hennepin,16067,806,0,45.00761521,-93.47694895,27053.0,1269.2727297145066,5.016493433746188,15261,15810,805,0,15005,15537,1259428,257,1,0,256,273
2020-07-25,US,Minnesota,Houston,34,0,0,43.67129565,-91.49143057,27055.0,182.79569892473117,0.0,34,33,0,0,33,33,18578,1,0,0,1,0
2020-07-25,US,Minnesota,Hubbard,18,0,0,47.10778564,-94.91693868,27057.0,83.75599087990321,0.0,18,13,0,0,13,13,21332,5,0,0,5,0
2020-07-25,US,Minnesota,Isanti,99,0,0,45.56181234,-93.29487636,27059.0,243.86639077741646,0.0,99,97,0,0,97,96,39966,2,0,0,2,1
2020-07-25,US,Minnesota,Itasca,116,12,0,47.51009045,-93.63092229,27061.0,257.0352315532905,10.344827586206897,104,114,12,0,102,113,45108,2,0,0,2,1
2020-07-25,US,Minnesota,Jackson,64,0,0,43.67423373,-95.15398258,27063.0,650.0101564086939,0.0,64,61,0,0,61,60,9911,3,0,0,3,1
2020-07-25,US,Minnesota,Kanabec,22,1,0,45.9459309,-93.29275192,27065.0,134.66364693640205,4.545454545454546,21,22,1,0,21,22,16207,0,0,0,0,0
2020-07-25,US,Minnesota,Kandiyohi,633,1,0,45.1526059,-95.00586446,27067.0,1465.311697030024,0.1579778830963665,632,633,1,0,632,631,42855,0,0,0,0,2
2020-07-25,US,Minnesota,Kittson,3,0,0,48.77754106,-96.78317184,27069.0,69.79990693345742,0.0,3,3,0,0,3,3,4248,0,0,0,0,0
2020-07-25,US,Minnesota,Koochiching,55,3,0,48.24539665,-93.78352843,27071.0,449.7505928530543,5.454545454545454,52,49,3,0,46,49,12440,6,0,0,6,0
2020-07-25,US,Minnesota,Lac qui Parle,6,0,0,44.9973857,-96.17488219,27073.0,90.59338668277216,0.0,6,6,0,0,6,6,6658,0,0,0,0,0
2020-07-25,US,Minnesota,Lake,13,0,0,47.64270764,-91.44557998,27075.0,122.1689690818532,0.0,13,13,0,0,13,13,10658,0,0,0,0,0
2020-07-25,US,Minnesota,Lake of the Woods,1,0,0,48.77217001,-94.90274472,27077.0,26.73796791443851,0.0,1,,,,,,3758,,,,,
2020-07-25,US,Minnesota,Le Sueur,174,1,0,44.37136597,-93.72844721,27079.0,602.3470765396199,0.5747126436781609,173,168,1,0,167,165,28494,6,0,0,6,3
2020-07-25,US,Minnesota,Lincoln,51,0,0,44.41311883,-96.26688165,27081.0,904.4156765383932,0.0,51,51,0,0,51,51,5673,0,0,0,0,0
2020-07-25,US,Minnesota,Lyon,395,3,0,44.41327865,-95.83806103,27083.0,1550.6006123891027,0.7594936708860759,392,393,3,0,390,390,25629,2,0,0,2,3
2020-07-25,US,Minnesota,Mahnomen,17,1,0,47.32557075,-95.80921485,27087.0,307.58096616609373,5.882352941176472,16,17,1,0,16,17,5519,0,0,0,0,0
2020-07-25,US,Minnesota,Marshall,25,0,0,48.35825983,-96.37017407,27089.0,267.78063410454155,0.0,25,25,0,0,25,25,9390,0,0,0,0,0
2020-07-25,US,Minnesota,Martin,192,5,0,43.67429718,-94.55099908,27091.0,975.4610577655844,2.6041666666666665,187,192,5,0,187,190,19785,0,0,0,0,2
2020-07-25,US,Minnesota,McLeod,115,0,0,44.82367677,-94.27287017,27085.0,320.3967347393642,0.0,115,115,0,0,115,115,35873,0,0,0,0,0
2020-07-25,US,Minnesota,Meeker,79,2,0,45.12328869,-94.52839455,27093.0,340.1946430109379,2.5316455696202533,77,78,2,0,76,77,23141,1,0,0,1,1
2020-07-25,US,Minnesota,Mille Lacs,50,3,0,45.93705297,-93.63236823,27095.0,190.28047341781783,6.0,47,50,3,0,47,50,26139,0,0,0,0,0
2020-07-25,US,Minnesota,Morrison,74,1,0,46.01265363,-94.27341528,27097.0,221.64979332654408,1.351351351351351,73,74,1,0,73,74,33169,0,0,0,0,0
2020-07-25,US,Minnesota,Mower,1035,2,0,43.67142874,-92.75234549,27099.0,2583.4955818481353,0.1932367149758454,1033,1029,2,0,1027,1024,40011,6,0,0,6,5
2020-07-25,US,Minnesota,Murray,115,1,0,44.02216709,-95.76328482,27101.0,1403.4659506956311,0.8695652173913043,114,110,1,0,109,109,8276,5,0,0,5,1
2020-07-25,US,Minnesota,Nicollet,262,13,0,44.35291112,-94.24710352,27103.0,764.4278461807785,4.961832061068702,249,252,13,0,239,249,34220,10,0,0,10,3
2020-07-25,US,Minnesota,Nobles,1725,6,0,43.67434621,-95.75329576,27105.0,7975.403393591937,0.3478260869565217,1719,1721,6,0,1715,1714,21924,4,0,0,4,7
2020-07-25,US,Minnesota,Norman,30,0,0,47.32628443,-96.45620947,27107.0,470.5882352941177,0.0,30,28,0,0,28,26,6475,2,0,0,2,2
2020-07-25,US,Minnesota,Olmsted,1497,21,0,44.00374114,-92.40209944,27109.0,945.7145925593677,1.4028056112224452,1476,1487,21,0,1466,1466,156277,10,0,0,10,21
2020-07-25,US,Minnesota,Otter Tail,146,1,0,46.40846929,-95.70835255,27111.0,248.52755932318803,0.6849315068493149,145,145,1,0,144,137,58812,1,0,0,1,8
2020-07-25,US,Minnesota,Pennington,62,1,0,48.06642577,-96.0370814,27113.0,439.1245838940435,1.6129032258064515,61,60,1,0,59,60,14178,2,0,0,2,0
2020-07-25,US,Minnesota,Pine,121,0,0,46.12105238,-92.74070188,27115.0,409.0740052063964,0.0,121,121,0,0,121,119,29483,0,0,0,0,2
2020-07-25,US,Minnesota,Pipestone,130,8,0,44.02301619,-96.25841142,27117.0,1424.5014245014245,6.153846153846153,122,128,6,0,122,124,9047,2,2,0,0,4
2020-07-25,US,Minnesota,Polk,108,3,0,47.77372465,-96.40134647,27119.0,344.3438336946818,2.7777777777777777,105,105,3,0,102,104,31529,3,0,0,3,1
2020-07-25,US,Minnesota,Pope,31,0,0,45.58606667,-95.44451209,27121.0,275.5800515601386,0.0,31,31,0,0,31,30,11097,0,0,0,0,1
2020-07-25,US,Minnesota,Ramsey,6164,253,0,45.01625271,-93.09872295,27123.0,1120.0735570694194,4.104477611940299,5911,6070,253,0,5817,5985,550210,94,0,0,94,85
2020-07-25,US,Minnesota,Red Lake,8,0,0,47.87197525,-96.09561104,27125.0,197.28729963008632,0.0,8,6,0,0,6,5,3999,2,0,0,2,1
2020-07-25,US,Minnesota,Redwood,28,0,0,44.40555844,-95.25207021,27127.0,184.5748187211602,0.0,28,28,0,0,28,27,15249,0,0,0,0,1
2020-07-25,US,Minnesota,Renville,46,4,0,44.72836381,-94.94553734,27129.0,316.19466593346164,8.695652173913043,42,45,4,0,41,44,14612,1,0,0,1,1
2020-07-25,US,Minnesota,Rice,944,8,0,44.3543376,-93.29658715,27131.0,1409.5442871647854,0.8474576271186439,936,934,8,0,926,928,66523,10,0,0,10,6
2020-07-25,US,Minnesota,Rock,60,0,0,43.67482683,-96.25296832,27133.0,644.1223832528177,0.0,60,49,0,0,49,45,9414,11,0,0,11,4
2020-07-25,US,Minnesota,Roseau,34,0,0,48.77501878,-95.81079919,27135.0,224.20046158918564,0.0,34,34,0,0,34,34,15150,0,0,0,0,0
2020-07-25,US,Minnesota,Scott,1144,11,0,44.6490231,-93.53340251,27139.0,767.7182527698926,0.9615384615384616,1133,1119,10,0,1109,1094,147381,25,1,0,24,25
2020-07-25,US,Minnesota,Sherburne,499,5,0,45.44447208,-93.77617511,27141.0,513.173862070384,1.002004008016032,494,490,5,0,485,472,96036,9,0,0,9,18
2020-07-25,US,Minnesota,Sibley,71,2,0,44.5796592,-94.23164924,27143.0,477.632021527077,2.8169014084507036,69,73,2,0,71,69,15028,-2,0,0,-2,4
2020-07-25,US,Minnesota,St. Louis,319,17,0,47.604840700000004,-92.46879855,27137.0,160.24513990053748,5.329153605015674,302,308,17,0,291,305,199754,11,0,0,11,3
2020-07-25,US,Minnesota,Stearns,2712,19,0,45.55192576,-94.61078221,27145.0,1683.6877231103524,0.7005899705014751,2693,2695,19,0,2676,2678,159256,17,0,0,17,17
2020-07-25,US,Minnesota,Steele,306,1,0,44.02240351,-93.22627088,27147.0,834.9477475510927,0.32679738562091504,305,301,1,0,300,292,36803,5,0,0,5,9
2020-07-25,US,Minnesota,Stevens,15,0,0,45.58613007,-96.00163705,27149.0,152.98317185109642,0.0,15,15,0,0,15,14,9753,0,0,0,0,1
2020-07-25,US,Minnesota,Swift,48,1,0,45.2829032,-95.68264092,27151.0,518.0228793438376,2.083333333333333,47,47,1,0,46,47,9345,1,0,0,1,0
2020-07-25,US,Minnesota,Todd,407,2,0,46.06996226,-94.89785296,27153.0,1650.1783976646125,0.4914004914004914,405,407,2,0,405,405,24582,0,0,0,0,2
2020-07-25,US,Minnesota,Traverse,9,0,0,45.77298854,-96.47062949,27155.0,276.15833077631174,0.0,9,9,0,0,9,9,3308,0,0,0,0,0
2020-07-25,US,Minnesota,Unassigned,166,40,0,0.0,0.0,90027.0,0.0,24.09638554216868,126,142,40,0,102,130,,24,0,0,24,12
2020-07-25,US,Minnesota,Wabasha,65,0,0,44.28424356,-92.23121312,27157.0,300.5502381282656,0.0,65,64,0,0,64,63,21645,1,0,0,1,1
2020-07-25,US,Minnesota,Wadena,20,0,0,46.58589171,-94.96968506,27159.0,146.177459435755,0.0,20,20,0,0,20,20,13773,0,0,0,0,0
2020-07-25,US,Minnesota,Waseca,111,0,0,44.02211116,-93.58720034,27161.0,596.3894261766602,0.0,111,107,0,0,107,99,18691,4,0,0,4,8
2020-07-25,US,Minnesota,Washington,1631,41,0,45.03864533,-92.88429635,27163.0,621.4753848498706,2.5137952176578784,1590,1597,41,0,1556,1572,259201,34,0,0,34,25
2020-07-25,US,Minnesota,Watonwan,288,0,0,43.97823903,-94.61413846,27165.0,2642.929246581628,0.0,288,286,0,0,286,283,10980,2,0,0,2,3
2020-07-25,US,Minnesota,Wilkin,23,3,0,46.35721532,-96.4684375,27167.0,370.54937973256006,13.043478260869565,20,23,3,0,20,23,6254,0,0,0,0,0
2020-07-25,US,Minnesota,Winona,207,16,0,43.98772283,-91.78081305,27169.0,410.03090087948647,7.729468599033816,191,197,16,0,181,193,50825,10,0,0,10,4
2020-07-25,US,Minnesota,Wright,692,5,0,45.17297924,-93.96234781,27171.0,500.0831062965666,0.7225433526011561,687,675,4,0,671,664,136349,17,1,0,16,11
2020-07-25,US,Minnesota,Yellow Medicine,40,0,0,44.71710183,-95.86842453,27173.0,411.9888763003399,0.0,40,39,0,0,39,38,9795,1,0,0,1,1
2020-07-25,US,Mississippi,Adams,490,22,0,31.47669768,-91.35326037,28001.0,1596.4552178021047,4.489795918367347,468,480,22,0,458,466,31192,10,0,0,10,14
2020-07-25,US,Mississippi,Alcorn,267,3,0,34.88084463,-88.57996173,28003.0,722.5394419938841,1.1235955056179776,264,241,2,0,239,198,36925,26,1,0,25,43
2020-07-25,US,Mississippi,Amite,172,4,0,31.17467303,-90.80501621,28005.0,1398.715133772465,2.3255813953488373,168,165,4,0,161,156,12326,7,0,0,7,9
2020-07-25,US,Mississippi,Attala,456,23,0,33.08658803,-89.57838564,28007.0,2509.0789039286888,5.0438596491228065,433,436,23,0,413,435,18365,20,0,0,20,1
2020-07-25,US,Mississippi,Benton,88,0,0,34.81681228,-89.18945516,28009.0,1065.5042983412036,0.0,88,88,0,0,88,85,8271,0,0,0,0,3
2020-07-25,US,Mississippi,Bolivar,741,25,0,33.79696941,-90.87372121,28011.0,2419.3548387096776,3.373819163292848,716,712,25,0,687,673,31333,29,0,0,29,39
2020-07-25,US,Mississippi,Calhoun,335,8,0,33.93683395,-89.33686647,28013.0,2332.706636028132,2.388059701492537,327,326,5,0,321,315,14436,9,3,0,6,11
2020-07-25,US,Mississippi,Carroll,231,11,0,33.44834567,-89.91994479,28015.0,2322.308233638283,4.761904761904762,220,230,11,0,219,230,9911,1,0,0,1,0
2020-07-25,US,Mississippi,Chickasaw,385,19,0,33.91983202,-88.9481545,28017.0,2251.0670642577325,4.9350649350649345,366,371,19,0,352,360,17171,14,0,0,14,11
2020-07-25,US,Mississippi,Choctaw,105,4,0,33.34598242,-89.24809382,28019.0,1278.9281364190012,3.809523809523809,101,104,4,0,100,100,8278,1,0,0,1,4
2020-07-25,US,Mississippi,Claiborne,373,12,0,31.97061673,-90.90702196,28021.0,4149.9777481085885,3.2171581769437,361,368,12,0,356,363,9002,5,0,0,5,5
2020-07-25,US,Mississippi,Clarke,275,25,0,32.04158545,-88.68896219999998,28023.0,1769.5129013576984,9.090909090909092,250,267,25,0,242,263,15604,8,0,0,8,4
2020-07-25,US,Mississippi,Clay,335,13,0,33.65358105,-88.77784255,28025.0,1734.3135224684195,3.880597014925373,322,325,13,0,312,313,19386,10,0,0,10,12
2020-07-25,US,Mississippi,Coahoma,508,7,0,34.22772299,-90.60415045,28027.0,2296.1489784849027,1.3779527559055118,501,492,7,0,485,471,22628,16,0,0,16,21
2020-07-25,US,Mississippi,Copiah,810,21,0,31.86977774,-90.44565118,28029.0,2886.1571352218066,2.592592592592593,789,799,21,0,778,786,28543,11,0,0,11,13
2020-07-25,US,Mississippi,Covington,523,8,0,31.63225413,-89.55389939,28031.0,2806.3962223653143,1.5296367112810707,515,511,8,0,503,506,18853,12,0,0,12,5
2020-07-25,US,Mississippi,DeSoto,2668,21,0,34.87625235,-89.99091418,28033.0,1442.5910405796315,0.7871064467766117,2647,2668,21,0,2647,2668,182001,0,0,0,0,0
2020-07-25,US,Mississippi,Forrest,1373,46,0,31.18961454,-89.25832496,28035.0,1833.1842396891727,3.3503277494537516,1327,1353,46,0,1307,1294,75036,20,0,0,20,59
2020-07-25,US,Mississippi,Franklin,83,2,0,31.47786634,-90.89672989,28037.0,1076.1052768053937,2.409638554216868,81,80,2,0,78,79,7788,3,0,0,3,1
2020-07-25,US,Mississippi,George,233,5,0,30.86259065,-88.64436789,28039.0,951.0204081632652,2.145922746781116,228,220,4,0,216,202,24250,13,1,0,12,18
2020-07-25,US,Mississippi,Greene,187,10,0,31.21444233,-88.63922281,28041.0,1376.4168997497425,5.3475935828877015,177,181,10,0,171,173,13586,6,0,0,6,8
2020-07-25,US,Mississippi,Grenada,760,16,0,33.77036166,-89.80245083,28043.0,3661.239040369978,2.1052631578947367,744,750,16,0,734,741,21055,10,0,0,10,9
2020-07-25,US,Mississippi,Hancock,247,14,0,30.41830223,-89.48851033,28045.0,518.5589519650655,5.668016194331983,233,235,14,0,221,219,47334,12,0,0,12,16
2020-07-25,US,Mississippi,Harrison,1774,25,0,30.51359752,-89.12467576,28047.0,852.5567089580928,1.4092446448703495,1749,1694,22,0,1672,1628,206650,80,3,0,77,66
2020-07-25,US,Mississippi,Hinds,4413,82,0,32.2656285,-90.44435448,28049.0,1903.467908902692,1.8581463856786768,4331,4261,80,0,4181,4070,237085,152,2,0,150,191
2020-07-25,US,Mississippi,Holmes,737,44,0,33.12345854,-90.08923538,28051.0,4332.7454438565555,5.970149253731344,693,714,44,0,670,697,17622,23,0,0,23,17
2020-07-25,US,Mississippi,Humphreys,241,10,0,33.12825718,-90.52252707,28053.0,2988.591269841271,4.149377593360996,231,235,10,0,225,229,8257,6,0,0,6,6
2020-07-25,US,Mississippi,Issaquena,18,1,0,32.72531359,-90.97392828,28055.0,1356.443104747551,5.5555555555555545,17,17,1,0,16,16,1308,1,0,0,1,1
2020-07-25,US,Mississippi,Itawamba,243,9,0,34.27993475,-88.3606733,28057.0,1038.9055151774262,3.703703703703704,234,236,9,0,227,227,23517,7,0,0,7,9
2020-07-25,US,Mississippi,Jackson,1552,26,0,30.54020656,-88.64184064,28059.0,1080.6520119484462,1.6752577319587634,1526,1481,24,0,1457,1384,143277,71,2,0,69,97
2020-07-25,US,Mississippi,Jasper,329,6,0,32.01922104,-89.11786866,28061.0,2008.179210156869,1.82370820668693,323,318,6,0,312,311,16428,11,0,0,11,7
2020-07-25,US,Mississippi,Jefferson,158,4,0,31.73397872,-91.03764977,28063.0,2260.3719599427754,2.5316455696202533,154,154,4,0,150,152,7106,4,0,0,4,2
2020-07-25,US,Mississippi,Jefferson Davis,170,5,0,31.56884708,-89.82670990000004,28065.0,1527.6779295470885,2.9411764705882355,165,163,5,0,158,160,11234,7,0,0,7,3
2020-07-25,US,Mississippi,Jones,1522,54,0,31.62257767,-89.16896899999998,28067.0,2235.0142441775088,3.5479632063074904,1468,1495,54,0,1441,1455,68461,27,0,0,27,40
2020-07-25,US,Mississippi,Kemper,207,15,0,32.75462946,-88.64105766,28069.0,2124.820365428044,7.246376811594202,192,206,15,0,191,205,10027,1,0,0,1,1
2020-07-25,US,Mississippi,Lafayette,700,4,0,34.35687874,-89.48490961,28071.0,1295.8403524685762,0.5714285714285714,696,669,4,0,665,653,54793,31,0,0,31,16
2020-07-25,US,Mississippi,Lamar,923,10,0,31.20572971,-89.5077704,28073.0,1457.146014555673,1.0834236186348862,913,900,9,0,891,866,62447,23,1,0,22,34
2020-07-25,US,Mississippi,Lauderdale,1199,84,0,32.40419769,-88.66229662,28075.0,1617.5379426644186,7.005838198498749,1115,1159,84,0,1075,1155,75317,40,0,0,40,4
2020-07-25,US,Mississippi,Lawrence,269,3,0,31.55147224,-90.10841127,28077.0,2137.2954075957414,1.1152416356877324,266,246,3,0,243,235,12455,23,0,0,23,11
2020-07-25,US,Mississippi,Leake,723,24,0,32.7536828,-89.52402044,28079.0,3173.000965505135,3.319502074688797,699,718,24,0,694,710,22763,5,0,0,5,8
2020-07-25,US,Mississippi,Lee,968,26,0,34.291877500000005,-88.68149954,28081.0,1133.0118451238354,2.6859504132231407,942,941,26,0,915,896,85202,27,0,0,27,45
2020-07-25,US,Mississippi,Leflore,719,57,0,33.55545125,-90.29900733,28083.0,2551.1833374729445,7.927677329624478,662,708,57,0,651,691,28919,11,0,0,11,17
2020-07-25,US,Mississippi,Lincoln,661,38,0,31.53288662,-90.45391915,28085.0,1935.4083096653296,5.748865355521938,623,649,38,0,611,640,34205,12,0,0,12,9
2020-07-25,US,Mississippi,Lowndes,794,22,0,33.47386518,-88.44191529999998,28087.0,1355.0644252922605,2.7707808564231735,772,768,22,0,746,745,58930,26,0,0,26,23
2020-07-25,US,Mississippi,Madison,2026,50,0,32.63389156,-90.03513564,28089.0,1906.4287865100875,2.46791707798618,1976,1978,50,0,1928,1893,105630,48,0,0,48,85
2020-07-25,US,Mississippi,Marion,487,15,0,31.23132643,-89.8209217,28091.0,1981.8499979652465,3.0800821355236137,472,476,14,0,462,462,24715,11,1,0,10,14
2020-07-25,US,Mississippi,Marshall,443,5,0,34.76216286,-89.50299462,28093.0,1255.170850569502,1.1286681715575622,438,429,5,0,424,423,35451,14,0,0,14,6
2020-07-25,US,Mississippi,Monroe,572,44,0,33.89236763,-88.4808438,28095.0,1622.6029728809713,7.6923076923076925,528,561,44,0,517,547,35564,11,0,0,11,14
2020-07-25,US,Mississippi,Montgomery,249,3,0,33.49419589,-89.61729103,28097.0,2547.314578005115,1.2048192771084338,246,244,3,0,241,243,10023,5,0,0,5,1
2020-07-25,US,Mississippi,Neshoba,1143,82,0,32.75339664,-89.11726492,28099.0,3925.4069647640636,7.174103237095364,1061,1138,82,0,1056,1130,29125,5,0,0,5,8
2020-07-25,US,Mississippi,Newton,467,10,0,32.40021118,-89.11843336,28101.0,2221.905033780569,2.1413276231263385,457,458,10,0,448,454,21443,9,0,0,9,4
2020-07-25,US,Mississippi,Noxubee,361,10,0,33.11009499,-88.56949061,28103.0,3465.489104348661,2.770083102493075,351,348,10,0,338,343,10535,13,0,0,13,5
2020-07-25,US,Mississippi,Oktibbeha,800,31,0,33.42491685,-88.87905132,28105.0,1613.3260733660031,3.875,769,759,31,0,728,733,49599,41,0,0,41,26
2020-07-25,US,Mississippi,Panola,711,9,0,34.36398677,-89.95064249,28107.0,2079.433785680861,1.2658227848101269,702,662,8,0,654,640,34178,49,1,0,48,22
2020-07-25,US,Mississippi,Pearl River,419,34,0,30.77090935,-89.58677275,28109.0,754.4791572881967,8.1145584725537,385,403,34,0,369,392,55387,16,0,0,16,11
2020-07-25,US,Mississippi,Perry,164,6,0,31.17161885,-88.99281835,28111.0,1369.748601018959,3.6585365853658534,158,160,6,0,154,151,11931,4,0,0,4,9
2020-07-25,US,Mississippi,Pike,703,28,0,31.17507789,-90.40392572,28113.0,1789.3504377927102,3.982930298719773,675,685,28,0,657,664,39563,18,0,0,18,21
2020-07-25,US,Mississippi,Pontotoc,595,6,0,34.226046000000004,-89.03636807,28115.0,1849.3193261639835,1.0084033613445378,589,576,6,0,570,560,31833,19,0,0,19,16
2020-07-25,US,Mississippi,Prentiss,245,6,0,34.61810501,-88.51986294,28117.0,975.0855687335828,2.4489795918367347,239,231,6,0,225,224,25315,14,0,0,14,7
2020-07-25,US,Mississippi,Quitman,159,1,0,34.25157572,-90.28908,28119.0,2340.989399293286,0.6289308176100629,158,149,1,0,148,141,7051,10,0,0,10,8
2020-07-25,US,Mississippi,Rankin,1763,23,0,32.26469147,-89.94537876,28121.0,1135.4341763754985,1.3045944412932502,1740,1709,23,0,1686,1644,153902,54,0,0,54,65
2020-07-25,US,Mississippi,Scott,926,16,0,32.406704100000006,-89.53789439,28123.0,3292.5615132982507,1.7278617710583153,910,919,16,0,903,917,28287,7,0,0,7,2
2020-07-25,US,Mississippi,Sharkey,102,0,0,32.88149103,-90.8159538,28125.0,2360.5646841009025,0.0,102,92,0,0,92,91,4377,10,0,0,10,1
2020-07-25,US,Mississippi,Simpson,613,12,0,31.91282117,-89.91716179,28127.0,2299.497336634406,1.9575856443719413,601,600,12,0,588,589,26758,13,0,0,13,11
2020-07-25,US,Mississippi,Smith,347,12,0,32.01744532,-89.50644846,28129.0,2180.1960291530536,3.4582132564841497,335,341,12,0,329,331,16002,6,0,0,6,10
2020-07-25,US,Mississippi,Stone,121,2,0,30.79187949,-89.11547539,28131.0,659.9040139616055,1.6528925619834711,119,118,2,0,116,113,18717,3,0,0,3,5
2020-07-25,US,Mississippi,Sunflower,771,14,0,33.60192578,-90.58882684,28133.0,3070.489844683393,1.8158236057068744,757,751,14,0,737,721,25735,20,0,0,20,30
2020-07-25,US,Mississippi,Tallahatchie,344,5,0,33.95339918,-90.1729398,28135.0,2491.1289738576293,1.4534883720930232,339,338,5,0,333,322,13987,6,0,0,6,16
2020-07-25,US,Mississippi,Tate,550,19,0,34.65133709,-89.94485778,28137.0,1942.021821263373,3.4545454545454546,531,542,19,0,523,531,28759,8,0,0,8,11
2020-07-25,US,Mississippi,Tippah,232,11,0,34.76872156,-88.90988194,28139.0,1053.8269361798773,4.741379310344827,221,223,11,0,212,216,21995,9,0,0,9,7
2020-07-25,US,Mississippi,Tishomingo,219,3,0,34.74023475,-88.23917219,28141.0,1129.8560594335245,1.3698630136986298,216,206,3,0,203,190,19454,13,0,0,13,16
2020-07-25,US,Mississippi,Tunica,180,4,0,34.64967704,-90.37481167,28143.0,1868.7707641196012,2.2222222222222223,176,175,4,0,171,173,9944,5,0,0,5,2
2020-07-25,US,Mississippi,Union,402,12,0,34.49162015,-89.00776006,28145.0,1395.1067152524731,2.985074626865672,390,391,12,0,379,374,28606,11,0,0,11,17
2020-07-25,US,Mississippi,Walthall,386,15,0,31.14971548,-90.10446654,28147.0,2701.9459610807785,3.886010362694301,371,382,15,0,367,378,14465,4,0,0,4,4
2020-07-25,US,Mississippi,Warren,842,23,0,32.35810271,-90.83352619,28149.0,1855.4020405015315,2.7315914489311166,819,825,23,0,802,776,46176,17,0,0,17,49
2020-07-25,US,Mississippi,Washington,1261,23,0,33.28392041,-90.94196237,28151.0,2871.848595959826,1.8239492466296592,1238,1208,23,0,1185,1138,45063,53,0,0,53,70
2020-07-25,US,Mississippi,Wayne,669,21,0,31.64135687,-88.69573913,28153.0,3314.6707625229155,3.1390134529147984,648,660,21,0,639,656,20298,9,0,0,9,4
2020-07-25,US,Mississippi,Webster,161,11,0,33.61300486,-89.28392912,28155.0,1661.678191763856,6.832298136645963,150,158,11,0,147,150,9788,3,0,0,3,8
2020-07-25,US,Mississippi,Wilkinson,145,12,0,31.16078225,-91.31018819,28157.0,1680.1853997682504,8.275862068965518,133,142,12,0,130,137,8792,3,0,0,3,5
2020-07-25,US,Mississippi,Winston,475,14,0,33.08747908,-89.03391385,28159.0,2645.502645502645,2.9473684210526314,461,471,14,0,457,461,18165,4,0,0,4,10
2020-07-25,US,Mississippi,Yalobusha,275,9,0,34.02824175,-89.70762049999998,28161.0,2271.225635943178,3.272727272727273,266,270,9,0,261,260,12392,5,0,0,5,10
2020-07-25,US,Mississippi,Yazoo,688,9,0,32.77890365,-90.39656148,28163.0,2317.2785449646344,1.3081395348837208,679,673,9,0,664,664,28248,15,0,0,15,9
2020-07-25,US,Missouri,Adair,118,0,0,40.19058551,-92.60078167,29001.0,465.61180602138666,0.0,118,117,0,0,117,116,25339,1,0,0,1,1
2020-07-25,US,Missouri,Andrew,73,1,0,39.98492163,-94.80163024,29003.0,412.1499548328817,1.3698630136986298,72,72,1,0,71,72,17607,1,0,0,1,0
2020-07-25,US,Missouri,Atchison,13,0,0,40.43238737,-95.42970639,29005.0,252.77075636787868,0.0,13,11,0,0,11,9,5171,2,0,0,2,2
2020-07-25,US,Missouri,Audrain,181,1,0,39.215877,-91.84242683,29007.0,712.9352449976367,0.5524861878453039,180,178,1,0,177,178,25473,3,0,0,3,0
2020-07-25,US,Missouri,Barry,187,0,0,36.70978521,-93.82919888,29009.0,522.5069155327055,0.0,187,182,0,0,182,179,35886,5,0,0,5,3
2020-07-25,US,Missouri,Barton,52,0,0,37.50207671,-94.34757022,29011.0,442.40258635358185,0.0,52,53,0,0,53,52,11798,-1,0,0,-1,1
2020-07-25,US,Missouri,Bates,29,1,0,38.25271289,-94.34113157,29013.0,179.3222854316102,3.4482758620689653,28,28,1,0,27,24,16320,1,0,0,1,4
2020-07-25,US,Missouri,Benton,51,0,0,38.29503305,-93.28756116,29015.0,262.30519981484343,0.0,51,52,0,0,52,46,19278,-1,0,0,-1,6
2020-07-25,US,Missouri,Bollinger,49,0,0,37.32449052,-90.02725304,29017.0,403.8572488255172,0.0,49,49,0,0,49,50,12169,0,0,0,0,-1
2020-07-25,US,Missouri,Boone,893,3,0,38.99186229,-92.30723575,29019.0,494.8382770983528,0.33594624860022404,890,860,3,0,857,839,180005,33,0,0,33,21
2020-07-25,US,Missouri,Buchanan,1015,10,0,39.65816401,-94.80138942,29021.0,1161.8057781237126,0.9852216748768472,1005,1009,10,0,999,1003,88571,6,0,0,6,6
2020-07-25,US,Missouri,Butler,189,2,0,36.71462476,-90.40421163,29023.0,444.9362022694101,1.058201058201058,187,177,1,0,176,169,42639,12,1,0,11,8
2020-07-25,US,Missouri,Caldwell,27,1,0,39.65620858,-93.98308093,29025.0,299.33481152993346,3.703703703703704,26,27,1,0,26,24,9108,0,0,0,0,3
2020-07-25,US,Missouri,Callaway,90,1,0,38.83674754,-91.92186505,29027.0,201.14878304986252,1.1111111111111112,89,89,1,0,88,87,44889,1,0,0,1,2
2020-07-25,US,Missouri,Camden,187,3,0,38.02199522,-92.76083747,29029.0,403.84407731346505,1.60427807486631,184,166,3,0,163,151,45815,21,0,0,21,15
2020-07-25,US,Missouri,Cape Girardeau,520,3,0,37.38489388,-89.6843587,29031.0,659.3044338223175,0.5769230769230769,517,512,3,0,509,509,78753,8,0,0,8,3
2020-07-25,US,Missouri,Carroll,69,0,0,39.42762566,-93.50626255,29033.0,795.0224680262703,0.0,69,61,0,0,61,54,8743,8,0,0,8,7
2020-07-25,US,Missouri,Carter,10,1,0,36.94160441,-90.96051322,29035.0,167.16817118020728,10.0,9,10,1,0,9,10,6054,0,0,0,0,0
2020-07-25,US,Missouri,Cass,429,8,0,38.64789422,-94.353399,29037.0,405.5587067498582,1.8648018648018647,421,397,8,0,389,372,104954,32,0,0,32,25
2020-07-25,US,Missouri,Cedar,31,0,0,37.72391475,-93.85445441,29039.0,216.04292982089345,0.0,31,29,0,0,29,29,14165,2,0,0,2,0
2020-07-25,US,Missouri,Chariton,13,0,0,39.51499357,-92.9629191,29041.0,175.06059789927284,0.0,13,13,0,0,13,13,7451,0,0,0,0,0
2020-07-25,US,Missouri,Christian,168,1,0,36.9711783,-93.18537118,29043.0,189.62695411704948,0.5952380952380952,167,159,1,0,158,145,86983,9,0,0,9,14
2020-07-25,US,Missouri,Clark,2,0,0,40.41040752,-91.73661677,29045.0,29.424746211563924,0.0,2,2,0,0,2,2,6842,0,0,0,0,0
2020-07-25,US,Missouri,Clay,705,19,0,39.31132056,-94.41850862,29047.0,282.0586682029861,2.695035460992908,686,688,19,0,669,685,246365,17,0,0,17,3
2020-07-25,US,Missouri,Clinton,53,0,0,39.6013098,-94.40465394,29049.0,259.9695884632364,0.0,53,50,0,0,50,46,20470,3,0,0,3,4
2020-07-25,US,Missouri,Cole,211,2,0,38.50455671,-92.27860244,29051.0,274.936477946446,0.9478672985781992,209,206,2,0,204,196,76796,5,0,0,5,10
2020-07-25,US,Missouri,Cooper,43,0,0,38.844478,-92.80896081,29053.0,242.81438816421038,0.0,43,42,0,0,42,38,17603,1,0,0,1,4
2020-07-25,US,Missouri,Crawford,33,0,0,37.97663738,-91.30528104,29055.0,137.9598662207358,0.0,33,32,0,0,32,32,23957,1,0,0,1,0
2020-07-25,US,Missouri,Dade,10,0,0,37.431814,-93.8503345,29057.0,132.2576378785875,0.0,10,10,0,0,10,10,7569,0,0,0,0,0
2020-07-25,US,Missouri,Dallas,40,1,0,37.6811355,-93.02127031,29059.0,236.9949046095509,2.5,39,36,1,0,35,33,16762,4,0,0,4,3
2020-07-25,US,Missouri,Daviess,17,0,0,39.96145298,-93.98519678,29061.0,205.36361439961343,0.0,17,16,0,0,16,16,8313,1,0,0,1,0
2020-07-25,US,Missouri,DeKalb,27,1,0,39.89201062,-94.40476508,29063.0,215.19088228261737,3.703703703703704,26,25,1,0,24,23,12630,2,0,0,2,2
2020-07-25,US,Missouri,Dent,9,0,0,37.60663134,-91.50790473,29065.0,57.792332883837396,0.0,9,9,0,0,9,9,15441,0,0,0,0,0
2020-07-25,US,Missouri,Douglas,43,1,0,36.9325593,-92.49905109,29067.0,326.1281759575275,2.3255813953488373,42,40,1,0,39,36,13373,3,0,0,3,4
2020-07-25,US,Missouri,Dunklin,194,3,0,36.27167174,-90.09122243,29069.0,665.957227695582,1.5463917525773196,191,192,3,0,189,176,29423,2,0,0,2,16
2020-07-25,US,Missouri,Franklin,443,18,0,38.41127108,-91.07522826,29071.0,426.09674223551696,4.063205417607223,425,424,18,0,406,408,103670,19,0,0,19,16
2020-07-25,US,Missouri,Gasconade,13,0,0,38.43947277,-91.50847147,29073.0,88.39929280565754,0.0,13,13,0,0,13,14,14705,0,0,0,0,-1
2020-07-25,US,Missouri,Gentry,73,9,0,40.21097916,-94.40944419,29075.0,1110.942017957693,12.32876712328767,64,73,9,0,64,71,6628,0,0,0,0,2
2020-07-25,US,Missouri,Greene,830,9,0,37.2575872,-93.34230916,29077.0,283.1933289205216,1.0843373493975903,821,784,9,0,775,724,291923,46,0,0,46,60
2020-07-25,US,Missouri,Grundy,24,1,0,40.11406587,-93.56509276,29079.0,243.65482233502541,4.166666666666667,23,24,1,0,23,24,9914,0,0,0,0,0
2020-07-25,US,Missouri,Harrison,44,1,0,40.35570088,-93.99222144,29081.0,526.8199233716475,2.272727272727273,43,44,1,0,43,41,8414,0,0,0,0,3
2020-07-25,US,Missouri,Henry,49,3,0,38.38482826,-93.79293734,29083.0,224.52346041055716,6.1224489795918355,46,46,3,0,43,46,21792,3,0,0,3,0
2020-07-25,US,Missouri,Hickory,8,0,0,37.94163617,-93.3203037,29085.0,83.82229673093043,0.0,8,8,0,0,8,7,9509,0,0,0,0,1
2020-07-25,US,Missouri,Holt,2,0,0,40.09799248,-95.2163888,29087.0,45.42357483533954,0.0,2,2,0,0,2,2,4404,0,0,0,0,0
2020-07-25,US,Missouri,Howard,37,0,0,39.1435761,-92.69756691,29089.0,369.96300369963006,0.0,37,34,0,0,34,29,10137,3,0,0,3,5
2020-07-25,US,Missouri,Howell,98,0,0,36.77383887,-91.88683935,29091.0,244.28546501483163,0.0,98,78,0,0,78,72,40076,20,0,0,20,6
2020-07-25,US,Missouri,Iron,8,0,0,37.55487945,-90.7735296,29093.0,79.01234567901234,0.0,8,8,0,0,8,7,10177,0,0,0,0,1
2020-07-25,US,Missouri,Jackson,2433,53,0,39.01002188,-94.34724536,29095.0,346.08277822110887,2.1783806000822032,2380,2332,53,0,2279,2233,700307,101,0,0,101,99
2020-07-25,US,Missouri,Jasper,1487,22,0,37.20351921,-94.34050458,29097.0,1225.6033232229988,1.4794889038332213,1465,1434,21,0,1413,1366,120636,53,1,0,52,68
2020-07-25,US,Missouri,Jefferson,929,23,0,38.25926778,-90.53870896,29099.0,412.74030238003206,2.4757804090419806,906,876,23,0,853,832,224347,53,0,0,53,44
2020-07-25,US,Missouri,Johnson,416,1,0,38.74719601,-93.80691168,29101.0,769.4868854278421,0.2403846153846154,415,411,1,0,410,397,53652,5,0,0,5,14
2020-07-25,US,Missouri,Kansas City,4718,45,0,39.0997,-94.5786,0.0,964.9386533808644,0.953793980500212,4673,4558,43,0,4515,4366,491918,160,2,0,158,192
2020-07-25,US,Missouri,Knox,4,0,0,40.12699751,-92.14780832,29103.0,101.03561505430665,0.0,4,4,0,0,4,4,3947,0,0,0,0,0
2020-07-25,US,Missouri,Laclede,170,1,0,37.65896829,-92.5888493,29105.0,475.8838843322229,0.5882352941176471,169,168,1,0,167,162,35713,2,0,0,2,6
2020-07-25,US,Missouri,Lafayette,125,2,0,39.06986886,-93.78076396,29107.0,382.1694998165585,1.6,123,124,2,0,122,124,32598,1,0,0,1,0
2020-07-25,US,Missouri,Lawrence,134,2,0,37.10626634,-93.83293097,29109.0,349.36774866379875,1.492537313432836,132,125,2,0,123,122,38359,9,0,0,9,3
2020-07-25,US,Missouri,Lewis,20,1,0,40.09673161,-91.72070156,29111.0,204.582651391162,5.0,19,13,1,0,12,13,9855,7,0,0,7,0
2020-07-25,US,Missouri,Lincoln,212,1,0,39.05345619,-90.95588181,29113.0,359.24287868774684,0.4716981132075472,211,202,1,0,201,185,57686,10,0,0,10,17
2020-07-25,US,Missouri,Linn,28,1,0,39.87001769,-93.10704106,29115.0,234.8993288590604,3.571428571428572,27,27,1,0,26,27,12037,1,0,0,1,0
2020-07-25,US,Missouri,Livingston,37,0,0,39.78110272,-93.54645978,29117.0,242.98942667629868,0.0,37,34,0,0,34,31,15146,3,0,0,3,3
2020-07-25,US,Missouri,Macon,38,0,0,39.83049768,-92.56453089,29121.0,251.3726268439505,0.0,38,37,0,0,37,37,15153,1,0,0,1,0
2020-07-25,US,Missouri,Madison,15,0,0,37.47865134,-90.3467143,29123.0,124.09000661813369,0.0,15,15,0,0,15,13,12188,0,0,0,0,2
2020-07-25,US,Missouri,Maries,10,0,0,38.16193985,-91.92249662,29125.0,114.98217776244681,0.0,10,9,0,0,9,9,8769,1,0,0,1,0
2020-07-25,US,Missouri,Marion,82,1,0,39.80601912,-91.62203062,29127.0,287.4167542937259,1.2195121951219512,81,75,1,0,74,68,28592,7,0,0,7,7
2020-07-25,US,Missouri,McDonald,881,7,0,36.62869595,-94.34867205,29119.0,3857.7746639225816,0.7945516458569807,874,878,7,0,871,854,23078,3,0,0,3,24
2020-07-25,US,Missouri,Mercer,8,0,0,40.42212303,-93.5682959,29129.0,221.1777716339508,0.0,8,8,0,0,8,8,3641,0,0,0,0,0
2020-07-25,US,Missouri,Miller,60,0,0,38.21450288,-92.42610898,29131.0,234.20117881260003,0.0,60,56,0,0,56,50,25336,4,0,0,4,6
2020-07-25,US,Missouri,Mississippi,121,0,0,36.82516239,-89.29505753,29133.0,918.0576631259484,0.0,121,121,0,0,121,121,13336,0,0,0,0,0
2020-07-25,US,Missouri,Moniteau,87,2,0,38.63571781,-92.57976951,29135.0,539.3007686585668,2.2988505747126435,85,80,2,0,78,76,16121,7,0,0,7,4
2020-07-25,US,Missouri,Monroe,9,0,0,39.49593978,-92.00043978,29137.0,104.11846367422493,0.0,9,9,0,0,9,9,8664,0,0,0,0,0
2020-07-25,US,Missouri,Montgomery,27,0,0,38.94022054,-91.47000721,29139.0,233.74599601766081,0.0,27,26,0,0,26,26,11534,1,0,0,1,0
2020-07-25,US,Missouri,Morgan,42,0,0,38.4181765,-92.88791859,29141.0,203.61661899452167,0.0,42,41,0,0,41,38,20358,1,0,0,1,3
2020-07-25,US,Missouri,New Madrid,127,1,0,36.59666326,-89.66070007,29143.0,743.7338955258842,0.7874015748031497,126,124,1,0,123,122,17296,3,0,0,3,2
2020-07-25,US,Missouri,Newton,730,3,0,36.90519407,-94.3394104,29145.0,1253.5201593516038,0.410958904109589,727,723,3,0,720,707,58266,7,0,0,7,16
2020-07-25,US,Missouri,Nodaway,72,0,0,40.36079813,-94.88133008,29147.0,325.9098316132537,0.0,72,69,0,0,69,55,22304,3,0,0,3,14
2020-07-25,US,Missouri,Oregon,12,0,0,36.68710164,-91.4033755,29149.0,113.9709374109602,0.0,12,12,0,0,12,11,10541,0,0,0,0,1
2020-07-25,US,Missouri,Osage,29,0,0,38.46036182,-91.8613635,29151.0,213.0003672420125,0.0,29,31,0,0,31,28,13714,-2,0,0,-2,3
2020-07-25,US,Missouri,Ozark,4,0,0,36.64916339,-92.44459066,29153.0,43.60148245040332,0.0,4,4,0,0,4,4,9017,0,0,0,0,0
2020-07-25,US,Missouri,Pemiscot,179,6,0,36.2130572,-89.78742322,29155.0,1132.5529895602658,3.35195530726257,173,176,6,0,170,173,16272,3,0,0,3,3
2020-07-25,US,Missouri,Perry,187,3,0,37.70660776,-89.82741088,29157.0,977.2157190635452,1.60427807486631,184,186,3,0,183,185,19150,1,0,0,1,1
2020-07-25,US,Missouri,Pettis,259,3,0,38.72798918,-93.28471706,29159.0,611.7291386192401,1.1583011583011582,256,250,3,0,247,232,42542,9,0,0,9,18
2020-07-25,US,Missouri,Phelps,59,0,0,37.87736118,-91.79351727,29161.0,132.36712808202276,0.0,59,59,0,0,59,61,44732,0,0,0,0,-2
2020-07-25,US,Missouri,Pike,54,1,0,39.34310674,-91.16980779,29163.0,295.0497213419298,1.851851851851852,53,54,1,0,53,54,18504,0,0,0,0,0
2020-07-25,US,Missouri,Platte,236,6,0,39.38154439,-94.77068479,29165.0,226.01467179988128,2.5423728813559316,230,230,6,0,224,228,102985,6,0,0,6,2
2020-07-25,US,Missouri,Polk,150,0,0,37.6162296,-93.39828174,29167.0,466.57749852250464,0.0,150,144,0,0,144,137,32201,6,0,0,6,7
2020-07-25,US,Missouri,Pulaski,170,1,0,37.82462075,-92.20783203,29169.0,323.1509114756592,0.5882352941176471,169,167,1,0,166,164,52014,3,0,0,3,3
2020-07-25,US,Missouri,Putnam,4,0,0,40.47942497,-93.02042674,29171.0,85.17887563884156,0.0,4,4,0,0,4,4,4757,0,0,0,0,0
2020-07-25,US,Missouri,Ralls,16,0,0,39.52817427,-91.51838643,29173.0,155.20419051314389,0.0,16,16,0,0,16,16,10212,0,0,0,0,0
2020-07-25,US,Missouri,Randolph,26,1,0,39.44007257,-92.4971374,29175.0,105.05899466623566,3.8461538461538463,25,26,1,0,25,25,24763,0,0,0,0,1
2020-07-25,US,Missouri,Ray,47,0,0,39.3537468,-93.98905745,29177.0,204.18802676166482,0.0,47,45,0,0,45,42,22883,2,0,0,2,3
2020-07-25,US,Missouri,Reynolds,10,0,0,37.36085952,-90.97009925,29179.0,159.48963317384369,0.0,10,10,0,0,10,10,6254,0,0,0,0,0
2020-07-25,US,Missouri,Ripley,36,0,0,36.65460667,-90.85990261,29181.0,270.9211318482842,0.0,36,36,0,0,36,36,13401,0,0,0,0,0
2020-07-25,US,Missouri,Saline,368,6,0,39.13734288,-93.20259964,29195.0,1616.8006678089716,1.6304347826086956,362,365,6,0,359,359,22895,3,0,0,3,6
2020-07-25,US,Missouri,Schuyler,9,0,0,40.46921489,-92.52311943,29197.0,193.13304721030042,0.0,9,9,0,0,9,9,4599,0,0,0,0,0
2020-07-25,US,Missouri,Scotland,11,1,0,40.45214695,-92.14709064,29199.0,224.3982048143615,9.090909090909092,10,11,1,0,10,11,4966,0,0,0,0,0
2020-07-25,US,Missouri,Scott,286,13,0,37.05588075,-89.56474493,29201.0,747.1264367816092,4.545454545454546,273,282,13,0,269,272,38458,4,0,0,4,10
2020-07-25,US,Missouri,Shannon,40,0,0,37.15772072,-91.40190382,29203.0,489.8359049718345,0.0,40,40,0,0,40,37,8189,0,0,0,0,3
2020-07-25,US,Missouri,Shelby,9,0,0,39.79742518,-92.07634971,29205.0,151.7706576728499,0.0,9,9,0,0,9,9,6050,0,0,0,0,0
2020-07-25,US,Missouri,St. Charles,2547,79,0,38.77875681,-90.66662425,29183.0,633.5474178030057,3.1016882606988614,2468,2390,79,0,2311,2151,399182,157,0,0,157,239
2020-07-25,US,Missouri,St. Clair,12,0,0,38.03699437,-93.77631447,29185.0,127.70032989251892,0.0,12,12,0,0,12,12,9395,0,0,0,0,0
2020-07-25,US,Missouri,St. Francois,225,2,0,37.81214171,-90.47598685,29187.0,334.7467083240348,0.8888888888888888,223,219,2,0,217,216,66692,6,0,0,6,3
2020-07-25,US,Missouri,St. Louis,10687,628,0,38.63770039999999,-90.4458375,29189.0,1074.9292147997646,5.8762983063535135,10059,10319,627,0,9692,9944,996945,368,1,0,367,375
2020-07-25,US,Missouri,St. Louis City,3895,164,0,38.63555736,-90.24349225,29510.0,1295.8453103374854,4.2105263157894735,3731,3806,164,0,3642,3733,302838,89,0,0,89,73
2020-07-25,US,Missouri,Ste. Genevieve,37,1,0,37.89090059,-90.1949941,29186.0,206.7732200737677,2.702702702702702,36,35,1,0,34,33,17888,2,0,0,2,2
2020-07-25,US,Missouri,Stoddard,188,9,0,36.85571651,-89.9444155,29207.0,647.7174849267873,4.787234042553191,179,186,9,0,177,185,29206,2,0,0,2,1
2020-07-25,US,Missouri,Stone,58,1,0,36.75000327,-93.45256475,29209.0,181.52228342513766,1.7241379310344829,57,58,1,0,57,50,31749,0,0,0,0,8
2020-07-25,US,Missouri,Sullivan,124,0,0,40.2099105,-93.11150106,29211.0,2036.459188700936,0.0,124,124,0,0,124,125,6221,0,0,0,0,-1
2020-07-25,US,Missouri,Taney,237,3,0,36.65465345,-93.04075153,29213.0,423.75911886711486,1.2658227848101269,234,226,3,0,223,212,55852,11,0,0,11,14
2020-07-25,US,Missouri,Texas,21,0,0,37.31728859,-91.96564727,29215.0,82.68367587999055,0.0,21,20,0,0,20,18,25571,1,0,0,1,2
2020-07-25,US,Missouri,Vernon,44,0,0,37.8457799,-94.34127305,29217.0,213.97655984049013,0.0,44,44,0,0,44,44,20528,0,0,0,0,0
2020-07-25,US,Missouri,Warren,117,0,0,38.76529479,-91.16124662,29219.0,328.19994950770007,0.0,117,114,0,0,114,103,34711,3,0,0,3,11
2020-07-25,US,Missouri,Washington,46,1,0,37.96130078,-90.87948158,29221.0,186.00889607763847,2.1739130434782608,45,42,1,0,41,42,24943,4,0,0,4,0
2020-07-25,US,Missouri,Wayne,12,0,0,37.11303869,-90.46001416,29223.0,93.21836401771152,0.0,12,9,0,0,9,8,13122,3,0,0,3,1
2020-07-25,US,Missouri,Webster,93,1,0,37.2813734,-92.876329,29225.0,234.89593857344917,1.075268817204301,92,92,1,0,91,87,39109,1,0,0,1,5
2020-07-25,US,Missouri,Worth,5,0,0,40.47945588,-94.42328751,29227.0,248.38549428713364,0.0,5,5,0,0,5,5,2040,0,0,0,0,0
2020-07-25,US,Missouri,Wright,53,0,0,37.27029221,-92.46914488,29229.0,289.7916780578489,0.0,53,52,0,0,52,52,18378,1,0,0,1,0
2020-07-25,US,Montana,Beaverhead,31,0,0,45.13434354,-112.89846940000001,30001.0,327.93822067068663,0.0,31,19,0,0,19,17,9404,12,0,0,12,2
2020-07-25,US,Montana,Big Horn,217,5,0,45.42335905,-107.492347,30003.0,1629.2514453037015,2.3041474654377883,212,184,5,0,179,176,13338,33,0,0,33,8
2020-07-25,US,Montana,Blaine,7,0,0,48.43175214,-108.9582723,30005.0,104.77473432120941,0.0,7,7,0,0,7,7,6807,0,0,0,0,0
2020-07-25,US,Montana,Broadwater,9,0,0,46.33277565,-111.49558130000001,30007.0,144.3001443001443,0.0,9,9,0,0,9,9,6085,0,0,0,0,0
2020-07-25,US,Montana,Carbon,46,0,0,45.22850116,-109.0274047,30009.0,428.90442890442887,0.0,46,42,0,0,42,42,10714,4,0,0,4,0
2020-07-25,US,Montana,Cascade,111,2,0,47.30797024,-111.3467922,30013.0,136.42061794852887,1.8018018018018016,109,101,2,0,99,81,81643,10,0,0,10,20
2020-07-25,US,Montana,Chouteau,3,0,0,47.88084126,-110.4353362,30015.0,53.23868677905946,0.0,3,3,0,0,3,3,5745,0,0,0,0,0
2020-07-25,US,Montana,Custer,47,0,0,46.25319932,-105.57375259999998,30017.0,412.20838449394836,0.0,47,43,0,0,43,43,11586,4,0,0,4,0
2020-07-25,US,Montana,Daniels,1,0,0,48.78420029,-105.54763429999998,30019.0,59.1715976331361,0.0,1,,,,,,1747,,,,,
2020-07-25,US,Montana,Dawson,10,0,0,47.26584855,-104.89444170000002,30021.0,116.10356437942644,0.0,10,8,0,0,8,8,8680,2,0,0,2,0
2020-07-25,US,Montana,Deer Lodge,14,0,0,46.05953325,-113.073353,30023.0,153.17286652078775,0.0,14,10,0,0,10,10,9131,4,0,0,4,0
2020-07-25,US,Montana,Fallon,2,0,0,46.33478338,-104.41835649999999,30025.0,70.27406886858749,0.0,2,1,0,0,1,1,2920,1,0,0,1,0
2020-07-25,US,Montana,Fergus,4,0,0,47.26331584,-109.2245206,30027.0,36.199095022624434,0.0,4,4,0,0,4,4,11113,0,0,0,0,0
2020-07-25,US,Montana,Flathead,174,2,0,48.29575866,-114.05205690000001,30029.0,167.62036876481127,1.1494252873563218,172,172,2,0,170,159,102106,2,0,0,2,13
2020-07-25,US,Montana,Gallatin,760,1,0,45.54486106,-111.1692571,30031.0,664.1382805809462,0.13157894736842105,759,713,1,0,712,695,111876,47,0,0,47,18
2020-07-25,US,Montana,Garfield,12,0,0,47.27545948,-107.0002351,30033.0,953.8950715421304,0.0,12,12,0,0,12,12,1268,0,0,0,0,0
2020-07-25,US,Montana,Glacier,51,1,0,48.70513576,-112.9934235,30035.0,370.8281829419036,1.96078431372549,50,45,1,0,44,35,13747,6,0,0,6,10
2020-07-25,US,Montana,Golden Valley,3,0,0,46.3816474,-109.17685220000001,30037.0,365.4080389768576,0.0,3,3,0,0,3,3,826,0,0,0,0,0
2020-07-25,US,Montana,Granite,6,0,0,46.40605220000001,-113.4414186,30039.0,177.56732761171943,0.0,6,6,0,0,6,6,3378,0,0,0,0,0
2020-07-25,US,Montana,Hill,39,0,0,48.62879827,-110.1129252,30041.0,236.59305993690853,0.0,39,35,0,0,35,34,16347,4,0,0,4,1
2020-07-25,US,Montana,Jefferson,18,0,0,46.14907081,-112.094396,30043.0,147.2874560183291,0.0,18,18,0,0,18,18,12097,0,0,0,0,0
2020-07-25,US,Montana,Judith Basin,1,0,0,47.04581276,-110.26606880000001,30045.0,49.82561036372696,0.0,1,1,0,0,1,1,1952,0,0,0,0,0
2020-07-25,US,Montana,Lake,136,1,0,47.64514965,-114.0898013,30047.0,446.5165145446188,0.7352941176470589,135,117,1,0,116,116,30250,19,0,0,19,1
2020-07-25,US,Montana,Lewis and Clark,101,1,0,47.12610041,-112.39469799999999,30049.0,145.46606751929946,0.99009900990099,100,97,1,0,96,93,68700,4,0,0,4,4
2020-07-25,US,Montana,Liberty,1,0,0,48.56084317,-111.02430700000001,30051.0,42.78990158322636,0.0,1,1,0,0,1,1,2430,0,0,0,0,0
2020-07-25,US,Montana,Lincoln,53,1,0,48.54265777,-115.4046155,30053.0,265.26526526526527,1.8867924528301887,52,52,1,0,51,50,19794,1,0,0,1,2
2020-07-25,US,Montana,Madison,58,1,0,45.30080065,-111.9173017,30057.0,674.4186046511627,1.7241379310344829,57,53,1,0,52,51,8768,5,0,0,5,2
2020-07-25,US,Montana,Meagher,4,0,0,46.59907074,-110.8898557,30059.0,214.8227712137487,0.0,4,4,0,0,4,4,1866,0,0,0,0,0
2020-07-25,US,Montana,Missoula,204,1,0,47.03728583,-113.92135079999998,30063.0,170.56856187290967,0.4901960784313725,203,173,1,0,172,173,118791,31,0,0,31,0
2020-07-25,US,Montana,Musselshell,1,0,0,46.49684637,-108.39498,30065.0,21.58428663932657,0.0,1,1,0,0,1,1,4651,0,0,0,0,0
2020-07-25,US,Montana,Park,40,0,0,45.48965095,-110.52643940000002,30067.0,240.87679152113685,0.0,40,34,0,0,34,34,16736,6,0,0,6,0
2020-07-25,US,Montana,Pondera,8,0,0,48.22773388,-112.22527029999999,30073.0,135.34088986635086,0.0,8,8,0,0,8,8,5972,0,0,0,0,0
2020-07-25,US,Montana,Powder River,1,0,0,45.39617714,-105.636738,30075.0,59.453032104637344,0.0,1,1,0,0,1,1,1716,0,0,0,0,0
2020-07-25,US,Montana,Ravalli,51,1,0,46.08520862,-114.11891640000002,30081.0,116.42240788933023,1.96078431372549,50,51,1,0,50,51,43172,0,0,0,0,0
2020-07-25,US,Montana,Richland,41,0,0,47.78668011,-104.5610786,30083.0,379.5242062390077,0.0,41,40,0,0,40,37,10913,1,0,0,1,3
2020-07-25,US,Montana,Roosevelt,9,0,0,48.29607488,-105.00792679999999,30085.0,81.78844056706652,0.0,9,10,0,0,10,9,11059,-1,0,0,-1,1
2020-07-25,US,Montana,Rosebud,19,1,0,46.23397237,-106.72928799999998,30087.0,212.59930625489537,5.2631578947368425,18,18,1,0,17,17,9063,1,0,0,1,1
2020-07-25,US,Montana,Sanders,7,0,0,47.67657534,-115.1329916,30089.0,57.78915215058203,0.0,7,7,0,0,7,7,11844,0,0,0,0,0
2020-07-25,US,Montana,Sheridan,3,0,0,48.72085833,-104.50382900000001,30091.0,90.66183136899366,0.0,3,3,0,0,3,3,3424,0,0,0,0,0
2020-07-25,US,Montana,Silver Bow,35,0,0,45.90018933,-112.6620092,30093.0,100.24344837462408,0.0,35,34,0,0,34,32,34993,1,0,0,1,2
2020-07-25,US,Montana,Stillwater,16,0,0,45.67071407,-109.3950061,30095.0,165.94067620825555,0.0,16,16,0,0,16,15,9534,0,0,0,0,1
2020-07-25,US,Montana,Sweet Grass,4,1,0,45.81367654,-109.9425686,30097.0,107.03773080010704,25.0,3,4,1,0,3,4,3710,0,0,0,0,0
2020-07-25,US,Montana,Teton,15,0,0,47.83741052,-112.24106880000001,30099.0,244.0214738897023,0.0,15,15,0,0,15,15,6162,0,0,0,0,0
2020-07-25,US,Montana,Toole,31,6,0,48.65577551,-111.69424140000001,30101.0,654.5608108108107,19.354838709677423,25,31,6,0,25,31,4853,0,0,0,0,0
2020-07-25,US,Montana,Treasure,2,0,0,46.20973220000001,-107.26665159999999,30103.0,287.3563218390805,0.0,2,2,0,0,2,2,679,0,0,0,0,0
2020-07-25,US,Montana,Valley,7,0,0,48.36435097,-106.6669635,30105.0,94.64575446187128,0.0,7,7,0,0,7,7,7437,0,0,0,0,0
2020-07-25,US,Montana,Wheatland,2,0,0,46.46652491,-109.84646359999999,30107.0,94.07337723424273,0.0,2,2,0,0,2,2,2236,0,0,0,0,0
2020-07-25,US,Montana,Wibaux,1,0,0,46.95925154,-104.2510927,30109.0,103.19917440660471,0.0,1,1,0,0,1,1,1034,0,0,0,0,0
2020-07-25,US,Montana,Yellowstone,843,21,0,45.93955949,-108.26914860000001,30111.0,522.6286422814632,2.491103202846975,822,820,21,0,799,780,160137,23,0,0,23,40
2020-07-25,US,Nebraska,Adams,324,11,0,40.52449420000001,-98.50117804,31001.0,1033.0644389886172,3.3950617283950617,313,323,11,0,312,320,31511,1,0,0,1,3
2020-07-25,US,Nebraska,Antelope,17,1,0,42.17695516,-98.06662829999999,31003.0,269.92696093998103,5.882352941176472,16,17,1,0,16,17,6336,0,0,0,0,0
2020-07-25,US,Nebraska,Banner,2,0,0,41.54634427,-103.7114332,31007.0,268.4563758389262,0.0,2,2,0,0,2,2,730,0,0,0,0,0
2020-07-25,US,Nebraska,Boone,7,0,0,41.70759415,-98.06737183,31011.0,134.82280431432974,0.0,7,7,0,0,7,7,5239,0,0,0,0,0
2020-07-25,US,Nebraska,Box Butte,9,0,0,42.22079243,-103.08788340000001,31013.0,83.46471297412594,0.0,9,9,0,0,9,9,10772,0,0,0,0,0
2020-07-25,US,Nebraska,Boyd,1,0,0,42.899727399999996,-98.76486568,31015.0,52.110474205315285,0.0,1,1,0,0,1,1,1955,0,0,0,0,0
2020-07-25,US,Nebraska,Buffalo,273,1,0,40.85486962,-99.07500296,31019.0,549.7492901588836,0.3663003663003663,272,268,1,0,267,261,49615,5,0,0,5,7
2020-07-25,US,Nebraska,Burt,17,0,0,41.85056773,-96.32605633,31021.0,263.1986375599938,0.0,17,17,0,0,17,17,6488,0,0,0,0,0
2020-07-25,US,Nebraska,Butler,53,0,0,41.22703692,-97.13106306,31023.0,661.1776447105789,0.0,53,53,0,0,53,53,8058,0,0,0,0,0
2020-07-25,US,Nebraska,Cass,136,1,0,40.90899107,-96.13971217,31025.0,518.1347150259069,0.7352941176470589,135,131,1,0,130,129,26159,5,0,0,5,2
2020-07-25,US,Nebraska,Cedar,20,0,0,42.598885100000004,-97.25311951,31027.0,238.0385622470841,0.0,20,20,0,0,20,20,8446,0,0,0,0,0
2020-07-25,US,Nebraska,Chase,4,0,0,40.523719799999995,-101.69780259999999,31029.0,101.9367991845056,0.0,4,4,0,0,4,4,3977,0,0,0,0,0
2020-07-25,US,Nebraska,Cherry,4,0,0,42.54502621,-101.1244332,31031.0,70.31112673580594,0.0,4,3,0,0,3,3,5761,1,0,0,1,0
2020-07-25,US,Nebraska,Cheyenne,23,0,0,41.21999357,-102.9941693,31033.0,258.1369248035914,0.0,23,23,0,0,23,23,9310,0,0,0,0,0
2020-07-25,US,Nebraska,Clay,43,0,0,40.52439441,-98.05126296,31035.0,693.2129614702562,0.0,43,43,0,0,43,41,6214,0,0,0,0,2
2020-07-25,US,Nebraska,Colfax,688,4,0,41.57486951,-97.0868542,31037.0,6424.502754692315,0.5813953488372093,684,688,4,0,684,685,10881,0,0,0,0,3
2020-07-25,US,Nebraska,Cuming,47,0,0,41.91637624,-96.78730772,31039.0,531.3135880624011,0.0,47,47,0,0,47,44,8940,0,0,0,0,3
2020-07-25,US,Nebraska,Custer,41,4,0,41.39374521,-99.72805369,31041.0,380.4398255544215,9.75609756097561,37,41,4,0,37,41,10840,0,0,0,0,0
2020-07-25,US,Nebraska,Dakota,1887,39,0,42.39040144,-96.56656425,31043.0,9422.750424448217,2.066772655007949,1848,1881,39,0,1842,1880,20083,6,0,0,6,1
2020-07-25,US,Nebraska,Dawes,4,0,0,42.71985036,-103.1313774,31045.0,46.57119571545,0.0,4,4,0,0,4,4,8716,0,0,0,0,0
2020-07-25,US,Nebraska,Dawson,912,9,0,40.87028216,-99.82014609999999,31047.0,3865.225683407501,0.986842105263158,903,902,9,0,893,898,23709,10,0,0,10,4
2020-07-25,US,Nebraska,Deuel,1,0,0,41.11168186,-102.33333309999999,31049.0,55.74136008918617,0.0,1,1,0,0,1,1,1825,0,0,0,0,0
2020-07-25,US,Nebraska,Dixon,56,2,0,42.49188363,-96.86782408,31051.0,993.61249112846,3.571428571428572,54,56,2,0,54,56,5709,0,0,0,0,0
2020-07-25,US,Nebraska,Dodge,737,8,0,41.58071748,-96.65598179,31053.0,2015.5886776972518,1.0854816824966078,729,734,8,0,726,731,36791,3,0,0,3,3
2020-07-25,US,Nebraska,Douglas,9465,120,0,41.29518299,-96.15085305,31055.0,1656.6694729988253,1.2678288431061806,9345,9381,120,0,9261,9180,566880,84,0,0,84,201
2020-07-25,US,Nebraska,Fillmore,21,1,0,40.52458567,-97.59646937,31059.0,384.4745514463567,4.761904761904762,20,21,1,0,20,21,5527,0,0,0,0,0
2020-07-25,US,Nebraska,Franklin,8,0,0,40.17636348,-98.95299073,31061.0,268.5464921114468,0.0,8,8,0,0,8,8,3023,0,0,0,0,0
2020-07-25,US,Nebraska,Frontier,3,0,0,40.52993007,-100.3924658,31063.0,114.19870574800152,0.0,3,3,0,0,3,3,2608,0,0,0,0,0
2020-07-25,US,Nebraska,Furnas,12,1,0,40.17642064,-99.91247454,31065.0,256.6295979469632,8.333333333333334,11,12,1,0,11,12,4715,0,0,0,0,0
2020-07-25,US,Nebraska,Gage,74,4,0,40.26186809,-96.68946704,31067.0,343.9780597778088,5.405405405405406,70,72,4,0,68,72,21493,2,0,0,2,0
2020-07-25,US,Nebraska,Garden,4,0,0,41.61703149,-102.3313973,31069.0,217.74632553075668,0.0,4,4,0,0,4,4,1897,0,0,0,0,0
2020-07-25,US,Nebraska,Garfield,3,0,0,41.91428955,-98.99111827,31071.0,152.36160487557137,0.0,3,3,0,0,3,3,1987,0,0,0,0,0
2020-07-25,US,Nebraska,Gosper,13,0,0,40.51481965,-99.83020279,31073.0,653.2663316582915,0.0,13,13,0,0,13,13,1996,0,0,0,0,0
2020-07-25,US,Nebraska,Greeley,7,0,0,41.56742671,-98.52150266,31077.0,297.11375212224107,0.0,7,7,0,0,7,7,2356,0,0,0,0,0
2020-07-25,US,Nebraska,Hall,1672,46,0,40.87257079,-98.50218293,31079.0,2725.213111013317,2.751196172248804,1626,1665,46,0,1619,1662,61607,7,0,0,7,3
2020-07-25,US,Nebraska,Hamilton,87,12,0,40.87349452,-98.02099117,31081.0,933.0759330759332,13.79310344827586,75,85,12,0,73,84,9280,2,0,0,2,1
2020-07-25,US,Nebraska,Harlan,1,0,0,40.17658508,-99.40438879,31083.0,29.58579881656805,0.0,1,1,0,0,1,1,3401,0,0,0,0,0
2020-07-25,US,Nebraska,Hitchcock,1,0,0,40.17609175,-101.04164770000001,31087.0,36.205648081100655,0.0,1,1,0,0,1,1,2806,0,0,0,0,0
2020-07-25,US,Nebraska,Holt,6,0,0,42.45522056,-98.78402558,31089.0,59.600675474322045,0.0,6,6,0,0,6,6,10178,0,0,0,0,0
2020-07-25,US,Nebraska,Hooker,4,0,0,41.91586243,-101.1354293,31091.0,586.5102639296188,0.0,4,4,0,0,4,4,682,0,0,0,0,0
2020-07-25,US,Nebraska,Howard,51,4,0,41.2200529,-98.5166499,31093.0,791.311093871218,7.84313725490196,47,51,4,0,47,51,6468,0,0,0,0,0
2020-07-25,US,Nebraska,Jefferson,13,0,0,40.17584531,-97.142601,31095.0,184.50184501845013,0.0,13,13,0,0,13,13,7097,0,0,0,0,0
2020-07-25,US,Nebraska,Johnson,11,0,0,40.39257596,-96.26522753,31097.0,216.9197396963124,0.0,11,11,0,0,11,10,5134,0,0,0,0,1
2020-07-25,US,Nebraska,Kearney,20,0,0,40.50663314,-98.94877182,31099.0,307.92917628945344,0.0,20,20,0,0,20,20,6544,0,0,0,0,0
2020-07-25,US,Nebraska,Keith,13,0,0,41.19930341,-101.66201640000001,31101.0,161.81229773462783,0.0,13,13,0,0,13,11,8021,0,0,0,0,2
2020-07-25,US,Nebraska,Kimball,15,0,0,41.19774275,-103.7148131,31105.0,412.9955947136564,0.0,15,15,0,0,15,15,3618,0,0,0,0,0
2020-07-25,US,Nebraska,Knox,28,0,0,42.63758421,-97.89178836,31107.0,336.0537686029765,0.0,28,28,0,0,28,27,8419,0,0,0,0,1
2020-07-25,US,Nebraska,Lancaster,2744,14,0,40.78416049,-96.68777155,31109.0,859.9454699301136,0.5102040816326531,2730,2704,14,0,2690,2661,317272,40,0,0,40,43
2020-07-25,US,Nebraska,Lincoln,77,2,0,41.04658298,-100.74753740000001,31111.0,220.5419029615627,2.5974025974025974,75,77,2,0,75,74,35185,0,0,0,0,3
2020-07-25,US,Nebraska,Madison,401,5,0,41.91676024,-97.6005481,31119.0,1142.4826918145814,1.2468827930174564,396,398,5,0,393,394,35392,3,0,0,3,4
2020-07-25,US,Nebraska,McPherson,4,0,0,41.56797682,-101.05993620000001,31117.0,809.7165991902832,0.0,4,4,0,0,4,4,492,0,0,0,0,0
2020-07-25,US,Nebraska,Merrick,43,0,0,41.16624273,-98.0374887,31121.0,554.4809800128949,0.0,43,42,0,0,42,42,7733,1,0,0,1,0
2020-07-25,US,Nebraska,Morrill,56,0,0,41.71711774,-103.0061405,31123.0,1206.3765618267987,0.0,56,56,0,0,56,55,4686,0,0,0,0,1
2020-07-25,US,Nebraska,Nance,6,0,0,41.39750195,-97.99327291,31125.0,170.50298380221653,0.0,6,6,0,0,6,6,3532,0,0,0,0,0
2020-07-25,US,Nebraska,Nemaha,10,0,0,40.38514847,-95.85433992,31127.0,143.4308663224326,0.0,10,10,0,0,10,10,6958,0,0,0,0,0
2020-07-25,US,Nebraska,Nuckolls,5,0,0,40.17637905,-98.04743961,31129.0,120.54001928640308,0.0,5,5,0,0,5,5,4195,0,0,0,0,0
2020-07-25,US,Nebraska,Otoe,38,0,0,40.64843556,-96.13374142,31131.0,237.32200849362977,0.0,38,38,0,0,38,38,15985,0,0,0,0,0
2020-07-25,US,Nebraska,Pawnee,5,0,0,40.13141096,-96.23705437,31133.0,191.35093761959442,0.0,5,2,0,0,2,2,2632,3,0,0,3,0
2020-07-25,US,Nebraska,Perkins,8,0,0,40.85082525,-101.6502942,31135.0,276.7208578346593,0.0,8,8,0,0,8,8,2929,0,0,0,0,0
2020-07-25,US,Nebraska,Phelps,32,0,0,40.51156033,-99.41461667,31137.0,354.21740092982066,0.0,32,32,0,0,32,32,8996,0,0,0,0,0
2020-07-25,US,Nebraska,Pierce,16,0,0,42.26434853,-97.60122773,31139.0,223.8388360380526,0.0,16,16,0,0,16,17,7142,0,0,0,0,-1
2020-07-25,US,Nebraska,Platte,733,3,0,41.57246836,-97.52144359,31141.0,2190.0209142515687,0.4092769440654843,730,727,3,0,724,724,33363,6,0,0,6,3
2020-07-25,US,Nebraska,Polk,20,0,0,41.18813488,-97.56630712,31143.0,383.65624400537115,0.0,20,20,0,0,20,19,5278,0,0,0,0,1
2020-07-25,US,Nebraska,Red Willow,13,0,0,40.17556879999999,-100.476998,31145.0,121.22342409548678,0.0,13,13,0,0,13,12,10726,0,0,0,0,1
2020-07-25,US,Nebraska,Richardson,17,1,0,40.1247415,-95.71755036,31147.0,216.1474888747616,5.882352941176472,16,16,1,0,15,16,7937,1,0,0,1,0
2020-07-25,US,Nebraska,Rock,2,0,0,42.42252217,-99.44832069,31149.0,147.38393515106853,0.0,2,2,0,0,2,2,1360,0,0,0,0,0
2020-07-25,US,Nebraska,Saline,571,2,0,40.52418865,-97.14085859,31151.0,4014.341957255343,0.3502626970227671,569,565,2,0,563,563,14350,6,0,0,6,2
2020-07-25,US,Nebraska,Sarpy,1717,8,0,41.11314181,-96.11156432,31153.0,917.220453428492,0.4659289458357601,1709,1691,8,0,1683,1649,184459,26,0,0,26,42
2020-07-25,US,Nebraska,Saunders,112,2,0,41.227810299999994,-96.63773905,31155.0,519.0471776809713,1.7857142857142858,110,110,2,0,108,108,21303,2,0,0,2,2
2020-07-25,US,Nebraska,Scotts Bluff,274,6,0,41.85070896,-103.70809859999999,31157.0,769.2739626031781,2.18978102189781,268,272,6,0,266,269,35989,2,0,0,2,3
2020-07-25,US,Nebraska,Seward,65,1,0,40.87241834,-97.139673,31159.0,376.0703540847026,1.5384615384615383,64,62,1,0,61,61,17318,3,0,0,3,1
2020-07-25,US,Nebraska,Sheridan,9,0,0,42.50284406,-102.4126613,31161.0,171.55928326343883,0.0,9,9,0,0,9,8,5190,0,0,0,0,1
2020-07-25,US,Nebraska,Sherman,5,0,0,41.22045983,-98.97588642,31163.0,166.61112962345885,0.0,5,5,0,0,5,5,3038,0,0,0,0,0
2020-07-25,US,Nebraska,Sioux,5,0,0,42.48932059,-103.7576544,31165.0,428.8164665523156,0.0,5,5,0,0,5,5,1187,0,0,0,0,0
2020-07-25,US,Nebraska,Stanton,25,0,0,41.9169835,-97.19394708,31167.0,422.2972972972973,0.0,25,25,0,0,25,23,5970,0,0,0,0,2
2020-07-25,US,Nebraska,Thayer,24,0,0,40.17626377,-97.59504381,31169.0,479.7121726963822,0.0,24,24,0,0,24,23,5039,0,0,0,0,1
2020-07-25,US,Nebraska,Thomas,1,0,0,41.91358968,-100.5556632,31171.0,138.50415512465375,0.0,1,1,0,0,1,1,720,0,0,0,0,0
2020-07-25,US,Nebraska,Thurston,185,3,0,42.15725356,-96.54157099,31173.0,2560.908084163898,1.6216216216216215,182,184,3,0,181,182,7303,1,0,0,1,2
2020-07-25,US,Nebraska,Unassigned,130,0,0,0.0,0.0,90031.0,0.0,0.0,130,130,0,0,130,130,,0,0,0,0,0
2020-07-25,US,Nebraska,Valley,9,0,0,41.56730777,-98.98197724,31175.0,216.4502164502165,0.0,9,9,0,0,9,9,4190,0,0,0,0,0
2020-07-25,US,Nebraska,Washington,87,1,0,41.52815707,-96.22019892,31177.0,419.701866949684,1.1494252873563218,86,87,1,0,86,80,20667,0,0,0,0,7
2020-07-25,US,Nebraska,Wayne,35,0,0,42.20934475,-97.11926964,31179.0,372.9355354288759,0.0,35,35,0,0,35,35,9403,0,0,0,0,0
2020-07-25,US,Nebraska,Webster,10,0,0,40.17642643,-98.50019851,31181.0,286.77946659019216,0.0,10,10,0,0,10,9,3533,0,0,0,0,1
2020-07-25,US,Nebraska,Wheeler,1,0,0,41.91482725,-98.52798941,31183.0,127.7139208173691,0.0,1,,,,,,805,,,,,
2020-07-25,US,Nebraska,York,62,0,0,40.87272618,-97.59710186,31185.0,453.24950654287596,0.0,62,62,0,0,62,61,13772,0,0,0,0,1
2020-07-25,US,Nevada,Carson City,269,7,0,39.15509045,-119.7480219,32510.0,481.0787609986408,2.6022304832713754,262,267,7,0,260,267,55414,2,0,0,2,0
2020-07-25,US,Nevada,Churchill,44,1,0,39.58105744,-118.3394607,32001.0,176.64298044883373,2.272727272727273,43,38,1,0,37,37,24440,6,0,0,6,1
2020-07-25,US,Nevada,Clark,35786,601,0,36.21458855,-115.0130241,32003.0,1578.7604529021073,1.6794277091600067,35185,35000,592,0,34408,34209,2231647,786,9,0,777,791
2020-07-25,US,Nevada,Douglas,126,0,0,38.912862,-119.61713329999999,32005.0,257.64236785604743,0.0,126,121,0,0,121,112,48467,5,0,0,5,9
2020-07-25,US,Nevada,Elko,386,2,0,41.14531606,-115.3577619,32007.0,731.3653416196142,0.5181347150259067,384,372,2,0,370,350,52460,14,0,0,14,22
2020-07-25,US,Nevada,Eureka,2,0,0,39.98100864,-116.26832040000001,32011.0,98.57072449482504,0.0,2,2,0,0,2,2,2003,0,0,0,0,0
2020-07-25,US,Nevada,Humboldt,93,4,0,41.40692186,-118.11094270000001,32013.0,552.5518388687541,4.301075268817204,89,91,4,0,87,91,16786,2,0,0,2,0
2020-07-25,US,Nevada,Lander,47,1,0,39.933223299999995,-117.03970749999999,32015.0,849.6023138105568,2.127659574468085,46,47,1,0,46,47,5575,0,0,0,0,0
2020-07-25,US,Nevada,Lincoln,3,0,0,37.64268459,-114.8790388,32017.0,57.88153579008296,0.0,3,3,0,0,3,3,5201,0,0,0,0,0
2020-07-25,US,Nevada,Lyon,169,3,0,39.01777974,-119.18704790000001,32019.0,293.8619370544253,1.7751479289940828,166,164,2,0,162,162,55808,5,1,0,4,2
2020-07-25,US,Nevada,Mineral,11,0,0,38.53841696,-118.4344506,32021.0,244.173140954495,0.0,11,11,0,0,11,11,4514,0,0,0,0,0
2020-07-25,US,Nevada,Nye,288,7,0,38.04264256,-116.47227020000001,32023.0,619.0486426068826,2.430555555555556,281,286,7,0,279,270,45346,2,0,0,2,16
2020-07-25,US,Nevada,Pershing,13,0,0,40.44003782,-118.40056409999998,32027.0,193.3085501858736,0.0,13,13,0,0,13,13,6666,0,0,0,0,0
2020-07-25,US,Nevada,Storey,3,0,0,39.44875482,-119.5250207,32029.0,72.76255154014069,0.0,3,3,0,0,3,2,4029,0,0,0,0,1
2020-07-25,US,Nevada,Washoe,4565,105,0,40.66562265,-119.6631594,32031.0,968.1476250161712,2.300109529025192,4460,4456,105,0,4351,4332,465735,109,0,0,109,124
2020-07-25,US,Nevada,White Pine,11,1,0,39.44157041,-114.89996599999999,32033.0,114.82254697286012,9.090909090909092,10,11,1,0,10,11,9475,0,0,0,0,0
2020-07-25,US,New Hampshire,Belknap,101,4,0,43.51637314,-71.41684235,33001.0,164.75539533138672,3.96039603960396,97,99,4,0,95,98,61022,2,0,0,2,1
2020-07-25,US,New Hampshire,Carroll,79,1,0,43.87498583,-71.20430216,33003.0,161.5211613167041,1.2658227848101269,78,79,1,0,78,77,48779,0,0,0,0,2
2020-07-25,US,New Hampshire,Cheshire,80,2,0,42.92015988,-72.25311043,33005.0,105.14556088585137,2.5,78,80,2,0,78,80,76493,0,0,0,0,0
2020-07-25,US,New Hampshire,Coos,16,0,0,44.69063265,-71.30633239,33007.0,50.69226626112854,0.0,16,16,0,0,16,14,31589,0,0,0,0,2
2020-07-25,US,New Hampshire,Grafton,99,1,0,43.93779815,-71.82057197,33009.0,110.13951004605828,1.0101010101010102,98,98,1,0,97,98,89786,1,0,0,1,0
2020-07-25,US,New Hampshire,Hillsborough,3655,272,0,42.91537785,-71.7200253,33011.0,876.4462562196512,7.441860465116278,3383,3633,271,0,3362,3590,415247,22,1,0,21,43
2020-07-25,US,New Hampshire,Merrimack,450,21,0,43.29662971,-71.6811573,33013.0,297.24356137419,4.666666666666667,429,448,20,0,428,444,151132,2,1,0,1,4
2020-07-25,US,New Hampshire,Rockingham,1581,94,0,42.98499744,-71.12883377,33015.0,510.3803156545684,5.945604048070841,1487,1573,94,0,1479,1569,309176,8,0,0,8,4
2020-07-25,US,New Hampshire,Strafford,316,13,0,43.291833000000004,-71.02336013,33017.0,241.89906072738128,4.113924050632911,303,311,13,0,298,310,130090,5,0,0,5,1
2020-07-25,US,New Hampshire,Sullivan,38,1,0,43.36094111,-72.22203125,33019.0,88.07305428081398,2.631578947368421,37,38,1,0,37,38,43144,0,0,0,0,0
2020-07-25,US,New Jersey,Atlantic,3222,240,0,39.47538693,-74.65848483,34001.0,1221.9820229832746,7.4487895716946,2982,3189,240,0,2949,3169,265429,33,0,0,33,20
2020-07-25,US,New Jersey,Bergen,20192,2044,0,40.96010917,-74.07164325,34003.0,2166.054138480716,10.122820919175911,18148,20162,2041,0,18121,20133,936692,30,3,0,27,29
2020-07-25,US,New Jersey,Burlington,5567,469,0,39.87681124,-74.66927768,34005.0,1250.0308746623434,8.4246452308245,5098,5533,469,0,5064,5502,445384,34,0,0,34,31
2020-07-25,US,New Jersey,Camden,8026,566,0,39.80343818,-74.96388753,34007.0,1584.6909299841452,7.052080737602791,7460,7952,566,0,7386,7910,507078,74,0,0,74,42
2020-07-25,US,New Jersey,Cape May,780,86,0,39.15008829,-74.80170244,34009.0,847.4668347113724,11.025641025641027,694,776,86,0,690,767,92560,4,0,0,4,9
2020-07-25,US,New Jersey,Cumberland,3118,154,0,39.37199394,-75.10712559,34011.0,2085.2421301838463,4.939063502245029,2964,3108,154,0,2954,3100,150972,10,0,0,10,8
2020-07-25,US,New Jersey,Essex,19263,2101,0,40.78681335,-74.24657979,34013.0,2410.9640476860973,10.906920002076518,17162,19228,2098,0,17130,19198,799767,35,3,0,32,30
2020-07-25,US,New Jersey,Gloucester,2945,203,0,39.71581067,-75.13995546,34015.0,1009.8204611227696,6.893039049235992,2742,2920,202,0,2718,2894,291408,25,1,0,24,26
2020-07-25,US,New Jersey,Hudson,19329,1498,0,40.73766234,-74.07515667,34017.0,2874.6666745985594,7.750012933933468,17831,19313,1495,0,17818,19289,676061,16,3,0,13,24
2020-07-25,US,New Jersey,Hunterdon,1115,126,0,40.56335249,-74.91284156,34019.0,896.5112445827403,11.300448430493276,989,1113,126,0,987,1102,124714,2,0,0,2,11
2020-07-25,US,New Jersey,Mercer,7899,612,0,40.28047017,-74.70479631,34021.0,2149.797240290668,7.747816179263197,7287,7879,611,0,7268,7869,369811,20,1,0,19,10
2020-07-25,US,New Jersey,Middlesex,17514,1399,0,40.43629879,-74.41426991,34023.0,2122.74956306314,7.987895397967341,16115,17476,1398,0,16078,17442,829685,38,1,0,37,34
2020-07-25,US,New Jersey,Monmouth,9822,854,0,40.26549699,-74.22240686,34025.0,1587.2785009575061,8.694766849928731,8968,9791,854,0,8937,9748,621354,31,0,0,31,43
2020-07-25,US,New Jersey,Morris,7052,827,0,40.86095313,-74.54553709999998,34027.0,1433.7850339029571,11.727169597277367,6225,7035,827,0,6208,7016,494228,17,0,0,17,19
2020-07-25,US,New Jersey,Ocean,10171,1011,0,39.8895449,-74.28089251,34029.0,1675.1044984568155,9.940025562874839,9160,10116,1014,0,9102,10074,601651,55,-3,0,58,42
2020-07-25,US,New Jersey,Passaic,17274,1241,0,41.03238628,-74.29954144,34031.0,3442.2289797658946,7.184207479448882,16033,17237,1241,0,15996,17214,503310,37,0,0,37,23
2020-07-25,US,New Jersey,Salem,855,81,0,39.58719656,-75.34696629999998,34033.0,1370.5217600384708,9.473684210526317,774,849,81,0,768,843,62607,6,0,0,6,6
2020-07-25,US,New Jersey,Somerset,5120,555,0,40.56465737,-74.61683016,34035.0,1556.5432579180015,10.83984375,4565,5106,553,0,4553,5094,331164,14,2,0,12,12
2020-07-25,US,New Jersey,Sussex,1271,195,0,41.13891592,-74.69118243,34037.0,904.703604578327,15.342250196695517,1076,1264,195,0,1069,1259,140799,7,0,0,7,5
2020-07-25,US,New Jersey,Unassigned,680,0,0,0.0,0.0,90034.0,0.0,0.0,680,675,0,0,675,671,,5,0,0,5,4
2020-07-25,US,New Jersey,Union,16335,1345,0,40.65835409,-74.30680092,34039.0,2936.1488727237434,8.233853688399144,14990,16321,1345,0,14976,16297,558067,14,0,0,14,24
2020-07-25,US,New Jersey,Warren,1308,169,0,40.85951833,-74.99556527,34041.0,1242.5546467553936,12.920489296636086,1139,1302,169,0,1133,1296,105779,6,0,0,6,6
2020-07-25,US,New Mexico,Bernalillo,4318,110,0,35.05163625,-106.6703554,35001.0,635.8218933003103,2.5474756831866605,4208,4227,108,0,4119,4131,678701,91,2,0,89,96
2020-07-25,US,New Mexico,Catron,4,1,0,33.91514144,-108.4046587,35003.0,113.41083073433514,25.0,3,4,1,0,3,4,3578,0,0,0,0,0
2020-07-25,US,New Mexico,Chaves,260,4,0,33.36406072,-104.4665365,35005.0,402.38334751992585,1.5384615384615383,256,252,4,0,248,235,64689,8,0,0,8,17
2020-07-25,US,New Mexico,Cibola,292,17,0,34.91131525,-107.998876,35006.0,1094.6579194001874,5.821917808219178,275,287,17,0,270,283,26746,5,0,0,5,4
2020-07-25,US,New Mexico,Colfax,12,1,0,36.60569702,-104.64726740000002,35007.0,100.49409597186165,8.333333333333334,11,11,1,0,10,11,12110,1,0,0,1,0
2020-07-25,US,New Mexico,Curry,357,2,0,34.57421077,-103.34688759999999,35009.0,729.2560362789557,0.5602240896358543,355,345,2,0,343,335,49437,12,0,0,12,10
2020-07-25,US,New Mexico,Dona Ana,1968,16,0,32.35275771,-106.83293870000001,35013.0,901.9455074589245,0.8130081300813008,1952,1906,16,0,1890,1864,217522,62,0,0,62,42
2020-07-25,US,New Mexico,Eddy,217,2,0,32.47167456,-104.3053527,35015.0,371.1939787889155,0.9216589861751152,215,213,2,0,211,207,57900,4,0,0,4,6
2020-07-25,US,New Mexico,Grant,63,1,0,32.73911281,-108.3827845,35017.0,233.3506185643381,1.5873015873015872,62,64,1,0,63,63,27346,-1,0,0,-1,1
2020-07-25,US,New Mexico,Guadalupe,28,0,0,34.86319296,-104.790669,35019.0,651.1627906976744,0.0,28,27,0,0,27,27,4341,1,0,0,1,0
2020-07-25,US,New Mexico,Harding,1,0,0,35.85751555,-103.82209379999999,35021.0,160.0,0.0,1,1,0,0,1,1,655,0,0,0,0,0
2020-07-25,US,New Mexico,Hidalgo,85,0,0,31.91383467,-108.7151824,35023.0,2024.7737017627442,0.0,85,85,0,0,85,84,4240,0,0,0,0,1
2020-07-25,US,New Mexico,Lea,506,2,0,32.79215361,-103.4123733,35025.0,711.9741100323622,0.3952569169960474,504,479,2,0,477,465,69611,27,0,0,27,14
2020-07-25,US,New Mexico,Lincoln,68,1,0,33.74526079,-105.4586166,35027.0,347.43511138360924,1.4705882352941178,67,64,1,0,63,47,19556,4,0,0,4,17
2020-07-25,US,New Mexico,Los Alamos,16,0,0,35.86631386,-106.31349850000001,35028.0,82.60622644431824,0.0,16,16,0,0,16,16,19101,0,0,0,0,0
2020-07-25,US,New Mexico,Luna,185,3,0,32.18179341,-107.75088259999998,35029.0,780.2944029693367,1.6216216216216215,182,183,3,0,180,175,23963,2,0,0,2,8
2020-07-25,US,New Mexico,McKinley,3896,210,0,35.58007720000001,-108.262245,35031.0,5459.105749155772,5.3901437371663246,3686,3868,209,0,3659,3844,72290,28,1,0,27,24
2020-07-25,US,New Mexico,Mora,6,0,0,36.01095101,-104.9497716,35033.0,132.71400132713998,0.0,6,6,0,0,6,6,4506,0,0,0,0,0
2020-07-25,US,New Mexico,Otero,142,10,0,32.61348406,-105.7417604,35035.0,210.40154096903245,7.042253521126762,132,137,10,0,127,127,66781,5,0,0,5,10
2020-07-25,US,New Mexico,Quay,30,1,0,35.10403332,-103.54817270000001,35037.0,363.50418029807344,3.333333333333333,29,28,1,0,27,28,8253,2,0,0,2,0
2020-07-25,US,New Mexico,Rio Arriba,271,2,0,36.51072137,-106.69316740000001,35039.0,696.2822126872383,0.7380073800738007,269,267,1,0,266,261,39006,4,1,0,3,6
2020-07-25,US,New Mexico,Roosevelt,108,1,0,34.02097406,-103.4799493,35041.0,583.7837837837837,0.925925925925926,107,104,1,0,103,101,18743,4,0,0,4,3
2020-07-25,US,New Mexico,San Juan,2910,178,0,36.50838318,-108.32043700000001,35045.0,2347.569338001581,6.116838487972507,2732,2901,177,0,2724,2890,125043,9,1,0,8,11
2020-07-25,US,New Mexico,San Miguel,37,0,0,35.48014807,-104.8163562,35047.0,135.6454155515636,0.0,37,36,0,0,36,35,27591,1,0,0,1,1
2020-07-25,US,New Mexico,Sandoval,994,33,0,35.68862401,-106.86878030000001,35043.0,677.3516504483878,3.3199195171026163,961,983,32,0,951,972,145179,11,1,0,10,11
2020-07-25,US,New Mexico,Santa Fe,482,3,0,35.50708973,-105.9774716,35049.0,320.56824379148435,0.6224066390041494,479,474,3,0,471,462,150056,8,0,0,8,12
2020-07-25,US,New Mexico,Sierra,25,0,0,33.13028233,-107.1925893,35051.0,231.6745436011491,0.0,25,22,0,0,22,22,10968,3,0,0,3,0
2020-07-25,US,New Mexico,Socorro,68,5,0,34.00715494,-106.9298354,35053.0,408.72753501232194,7.352941176470589,63,68,5,0,63,68,16735,0,0,0,0,0
2020-07-25,US,New Mexico,Taos,83,1,0,36.58006022,-105.63101979999999,35055.0,253.64422577392048,1.2048192771084338,82,82,1,0,81,81,32835,1,0,0,1,1
2020-07-25,US,New Mexico,Torrance,52,1,0,34.64048375,-105.8508949,35057.0,336.33012094948583,1.9230769230769231,51,52,1,0,51,52,15591,0,0,0,0,0
2020-07-25,US,New Mexico,Unassigned,981,0,0,0.0,0.0,90035.0,0.0,0.0,981,967,0,0,967,964,,14,0,0,14,3
2020-07-25,US,New Mexico,Union,21,0,0,36.48126404,-103.4709624,35059.0,517.3688100517369,0.0,21,21,0,0,21,17,4118,0,0,0,0,4
2020-07-25,US,New Mexico,Valencia,302,2,0,34.71669834,-106.8103733,35061.0,393.8034633841018,0.6622516556291391,300,295,2,0,293,285,76456,7,0,0,7,10
2020-07-25,US,New York,Albany,2438,122,0,42.60060306,-73.97723916,36001.0,798.0203334795389,5.0041017227235445,2316,2426,122,0,2304,2401,307117,12,0,0,12,25
2020-07-25,US,New York,Allegany,74,1,0,42.25748406,-78.02750466,36003.0,160.55195157406,1.351351351351351,73,74,1,0,73,72,46430,0,0,0,0,2
2020-07-25,US,New York,Broome,966,62,0,42.15903158,-75.81326086,36007.0,507.11855864936376,6.418219461697722,904,954,62,0,892,934,191659,12,0,0,12,20
2020-07-25,US,New York,Cattaraugus,150,6,0,42.24778241,-78.67923096,36009.0,197.0650446023884,4.0,144,150,6,0,144,148,76840,0,0,0,0,2
2020-07-25,US,New York,Cayuga,139,2,0,42.91261714,-76.55731592,36011.0,181.5190137902215,1.4388489208633093,137,137,2,0,135,135,77145,2,0,0,2,2
2020-07-25,US,New York,Chautauqua,216,7,0,42.22769210000001,-79.36691763,36013.0,170.2087421101156,3.2407407407407414,209,212,7,0,205,212,127939,4,0,0,4,0
2020-07-25,US,New York,Chemung,160,2,0,42.13891056,-76.7638805,36015.0,191.7177914110429,1.25,158,158,2,0,156,157,84254,2,0,0,2,1
2020-07-25,US,New York,Chenango,203,6,0,42.49430041,-75.60887553,36017.0,430.0209714660961,2.955665024630542,197,196,6,0,190,194,47536,7,0,0,7,2
2020-07-25,US,New York,Clinton,119,4,0,44.74530905,-73.67875352,36019.0,147.8536373237249,3.361344537815126,115,117,4,0,113,114,80695,2,0,0,2,3
2020-07-25,US,New York,Columbia,500,37,0,42.24819348,-73.63089095,36021.0,840.8873042834799,7.4,463,498,37,0,461,497,59916,2,0,0,2,1
2020-07-25,US,New York,Cortland,84,0,0,42.59509207,-76.07048931,36023.0,176.5410563039869,0.0,84,82,0,0,82,80,47823,2,0,0,2,2
2020-07-25,US,New York,Delaware,98,4,0,42.19837623,-74.96709306,36025.0,222.0459952418716,4.081632653061225,94,97,4,0,93,95,44527,1,0,0,1,2
2020-07-25,US,New York,Dutchess,4412,153,0,41.76486060000001,-73.74356679,36027.0,1499.568347279908,3.4678150498640075,4259,4408,153,0,4255,4400,293718,4,0,0,4,8
2020-07-25,US,New York,Erie,8282,663,0,42.76249024,-78.73063652,36029.0,901.4892750859365,8.00531272639459,7619,8234,663,0,7571,8187,919719,48,0,0,48,47
2020-07-25,US,New York,Essex,54,0,0,44.11630765,-73.77297842,36031.0,146.40097600650668,0.0,54,54,0,0,54,54,37300,0,0,0,0,0
2020-07-25,US,New York,Franklin,42,0,0,44.59040891,-74.29926032,36033.0,83.96305625524771,0.0,42,42,0,0,42,42,50293,0,0,0,0,0
2020-07-25,US,New York,Fulton,270,24,0,43.11363907,-74.41798804,36035.0,505.7789933124778,8.888888888888891,246,268,24,0,244,268,53591,2,0,0,2,0
2020-07-25,US,New York,Genesee,261,5,0,43.0022601,-78.19135193,36037.0,455.65642458100564,1.9157088122605364,256,261,5,0,256,260,57511,0,0,0,0,1
2020-07-25,US,New York,Greene,279,18,0,42.275797,-74.12384884,36039.0,591.2520132237007,6.451612903225807,261,278,18,0,260,273,47491,1,0,0,1,5
2020-07-25,US,New York,Hamilton,7,0,0,43.66146647,-74.49721957,36041.0,158.5144927536232,0.0,7,7,0,0,7,6,4434,0,0,0,0,1
2020-07-25,US,New York,Herkimer,224,4,0,43.42034246,-74.96145307,36043.0,365.30276097131394,1.7857142857142858,220,223,4,0,219,213,61833,1,0,0,1,10
2020-07-25,US,New York,Jefferson,126,0,0,44.04200959,-75.94653457,36045.0,114.7185753045505,0.0,126,123,0,0,123,120,111755,3,0,0,3,3
2020-07-25,US,New York,Lewis,34,0,0,43.784415700000004,-75.44903992,36049.0,129.29723151810163,0.0,34,34,0,0,34,34,26447,0,0,0,0,0
2020-07-25,US,New York,Livingston,162,8,0,42.72596275,-77.77966158,36051.0,257.4943573767365,4.938271604938271,154,161,8,0,153,161,63227,1,0,0,1,0
2020-07-25,US,New York,Madison,390,17,0,42.91653905,-75.67266639,36053.0,549.7526113249038,4.3589743589743595,373,390,17,0,373,388,70795,0,0,0,0,2
2020-07-25,US,New York,Monroe,4569,277,0,43.14638895,-77.69322942,36055.0,615.9591247960957,6.06259575399431,4292,4537,277,0,4260,4511,742474,32,0,0,32,26
2020-07-25,US,New York,Montgomery,147,4,0,42.90123494,-74.44011632,36057.0,298.6530139574572,2.7210884353741496,143,146,4,0,142,145,49455,1,0,0,1,1
2020-07-25,US,New York,Nassau,42915,2193,0,40.74066522,-73.58941873,36059.0,3162.667916552438,5.110101363159735,40722,42860,2193,0,40667,42816,1358343,55,0,0,55,44
2020-07-25,US,New York,New York City,223532,23476,0,40.76727260000001,-73.97152637,36061.0,2681.263124763324,10.502299447059032,200056,223192,23465,0,199727,222832,1628701,340,11,0,329,360
2020-07-25,US,New York,Niagara,1420,96,0,43.19898042,-78.74777412,36063.0,678.5135774389457,6.76056338028169,1324,1408,96,0,1312,1405,210433,12,0,0,12,3
2020-07-25,US,New York,Oneida,2000,111,0,43.24375382,-75.43710392,36065.0,874.6189941006949,5.55,1889,1990,111,0,1879,1980,229577,10,0,0,10,10
2020-07-25,US,New York,Onondaga,3378,194,0,43.00491923,-76.19971155,36067.0,733.5058888927492,5.743043220840733,3184,3360,194,0,3166,3344,461809,18,0,0,18,16
2020-07-25,US,New York,Ontario,338,34,0,42.85145728,-77.30874425,36069.0,307.8969182980041,10.059171597633137,304,337,34,0,303,334,109864,1,0,0,1,3
2020-07-25,US,New York,Orange,10994,489,0,41.40337468,-74.30240757,36071.0,2856.0295110926368,4.4478806621793705,10505,10976,489,0,10487,10968,381951,18,0,0,18,8
2020-07-25,US,New York,Orleans,289,54,0,43.2516977,-78.2320066,36073.0,716.1974623314827,18.68512110726644,235,289,54,0,235,288,40612,0,0,0,0,1
2020-07-25,US,New York,Oswego,236,3,0,43.42778894,-76.14635194,36075.0,201.4958505515522,1.2711864406779658,233,234,3,0,231,234,117898,2,0,0,2,0
2020-07-25,US,New York,Otsego,103,5,0,42.63492579,-75.03151402,36077.0,173.12961188711273,4.854368932038835,98,102,5,0,97,102,59749,1,0,0,1,0
2020-07-25,US,New York,Putnam,1403,63,0,41.42630093,-73.74965532,36079.0,1426.973148901546,4.490377761938703,1340,1399,63,0,1336,1397,98892,4,0,0,4,2
2020-07-25,US,New York,Rensselaer,681,30,0,42.71348136,-73.51089874,36083.0,429.0736797005935,4.405286343612334,651,676,30,0,646,669,159442,5,0,0,5,7
2020-07-25,US,New York,Rockland,13837,673,0,41.15027894,-74.02560498,36087.0,4247.2275000076725,4.863771048637711,13164,13830,673,0,13157,13820,325695,7,0,0,7,10
2020-07-25,US,New York,Saratoga,679,17,0,43.10904162,-73.86653895,36091.0,295.39334299126,2.503681885125184,662,665,17,0,648,663,230163,14,0,0,14,2
2020-07-25,US,New York,Schenectady,975,37,0,42.81668777,-74.05278291,36093.0,627.8211707737978,3.7948717948717943,938,955,37,0,918,946,155350,20,0,0,20,9
2020-07-25,US,New York,Schoharie,67,0,0,42.58831742,-74.44339029999998,36095.0,216.1360043872383,0.0,67,67,0,0,67,66,31097,0,0,0,0,1
2020-07-25,US,New York,Schuyler,20,0,0,42.39184015,-76.8773299,36097.0,112.31538159150897,0.0,20,20,0,0,20,20,17912,0,0,0,0,0
2020-07-25,US,New York,Seneca,83,0,0,42.78081007,-76.82497064,36099.0,244.00282220131703,0.0,83,83,0,0,83,80,34300,0,0,0,0,3
2020-07-25,US,New York,St. Lawrence,257,2,0,44.4976179,-75.06550039,36089.0,238.5372192314832,0.7782101167315175,255,254,2,0,252,253,108047,3,0,0,3,1
2020-07-25,US,New York,Steuben,288,42,0,42.2689144,-77.3829924,36101.0,301.95326015160566,14.583333333333336,246,285,42,0,243,284,95796,3,0,0,3,1
2020-07-25,US,New York,Suffolk,42822,1996,0,40.88320119,-72.8012172,36103.0,2900.038669891189,4.661155480827612,40826,42773,1995,0,40778,42715,1481093,49,1,0,48,58
2020-07-25,US,New York,Sullivan,1476,48,0,41.71579493,-74.76394559,36105.0,1956.7292395800187,3.2520325203252027,1428,1475,48,0,1427,1475,75498,1,0,0,1,0
2020-07-25,US,New York,Tioga,178,24,0,42.16852837,-76.30835812,36107.0,369.27162209820966,13.483146067415731,154,176,24,0,152,175,48560,2,0,0,2,1
2020-07-25,US,New York,Tompkins,223,0,0,42.44945765,-76.47229843,36109.0,218.2423174789587,0.0,223,221,0,0,221,213,102793,2,0,0,2,8
2020-07-25,US,New York,Ulster,1916,90,0,41.89027881,-74.26252104,36111.0,1078.992864906264,4.697286012526097,1826,1912,90,0,1822,1911,178599,4,0,0,4,1
2020-07-25,US,New York,Warren,293,33,0,43.56173026,-73.8433699,36113.0,458.21343675716247,11.262798634812286,260,292,33,0,259,290,64265,1,0,0,1,2
2020-07-25,US,New York,Washington,252,14,0,43.31153794,-73.43043448,36115.0,411.737794915365,5.5555555555555545,238,252,14,0,238,252,61197,0,0,0,0,0
2020-07-25,US,New York,Wayne,240,3,0,43.15494365,-77.02976528,36117.0,266.909851197758,1.25,237,239,3,0,236,238,90064,1,0,0,1,1
2020-07-25,US,New York,Westchester,35738,1443,0,41.16278376,-73.75741653,36119.0,3693.827221743328,4.037718954614136,34295,35700,1443,0,34257,35667,967612,38,0,0,38,33
2020-07-25,US,New York,Wyoming,110,5,0,42.70145109,-78.22199579,36121.0,275.97280413457435,4.545454545454546,105,110,5,0,105,108,40085,0,0,0,0,2
2020-07-25,US,New York,Yates,51,7,0,42.63505484,-77.10369919,36123.0,204.71239914903862,13.725490196078429,44,51,7,0,44,51,24841,0,0,0,0,0
2020-07-25,US,North Carolina,Alamance,1920,40,0,36.0434701,-79.39976137,37001.0,1132.6832203599809,2.083333333333333,1880,1915,40,0,1875,1842,166436,5,0,0,5,73
2020-07-25,US,North Carolina,Alexander,250,2,0,35.922379600000006,-81.17751948,37003.0,666.720004267008,0.8,248,240,2,0,238,235,37353,10,0,0,10,5
2020-07-25,US,North Carolina,Alleghany,61,0,0,36.49360862,-81.12857041,37005.0,547.723803537757,0.0,61,56,0,0,56,55,11161,5,0,0,5,1
2020-07-25,US,North Carolina,Anson,279,2,0,34.97403241,-80.09953279,37007.0,1141.2910087539885,0.7168458781362007,277,271,2,0,269,271,24877,8,0,0,8,0
2020-07-25,US,North Carolina,Ashe,86,1,0,36.43296207,-81.49862729,37009.0,316.14160202918794,1.162790697674419,85,86,1,0,85,82,27109,0,0,0,0,4
2020-07-25,US,North Carolina,Avery,66,0,0,36.07569796,-81.92308483,37011.0,375.9184370906192,0.0,66,66,0,0,66,65,17505,0,0,0,0,1
2020-07-25,US,North Carolina,Beaufort,258,1,0,35.48531943,-76.84325809,37013.0,549.0062561178023,0.3875968992248062,257,249,1,0,248,224,47079,9,0,0,9,25
2020-07-25,US,North Carolina,Bertie,204,4,0,36.0688473,-76.96545943,37015.0,1076.6876022589329,1.96078431372549,200,194,4,0,190,191,19026,10,0,0,10,3
2020-07-25,US,North Carolina,Bladen,523,5,0,34.61296243,-78.56180059,37017.0,1598.3130615488046,0.9560229445506692,518,514,5,0,509,509,33190,9,0,0,9,5
2020-07-25,US,North Carolina,Brunswick,1037,13,0,34.070565,-78.22814204,37019.0,726.0887830836017,1.253616200578592,1024,1034,12,0,1022,1021,136744,3,1,0,2,13
2020-07-25,US,North Carolina,Buncombe,1400,43,0,35.61113393,-82.53305,37021.0,536.006217672125,3.071428571428572,1357,1344,43,0,1301,1292,259103,56,0,0,56,52
2020-07-25,US,North Carolina,Burke,1442,25,0,35.74989637,-81.70755735,37023.0,1593.634304028292,1.7337031900138695,1417,1442,25,0,1417,1419,90382,0,0,0,0,23
2020-07-25,US,North Carolina,Cabarrus,2129,38,0,35.3877799,-80.55267168,37025.0,983.5853510923848,1.7848755284170972,2091,2094,37,0,2057,2050,211342,35,1,0,34,44
2020-07-25,US,North Carolina,Caldwell,936,10,0,35.95204977,-81.54799522,37027.0,1138.9909708194407,1.0683760683760684,926,901,10,0,891,869,82029,35,0,0,35,32
2020-07-25,US,North Carolina,Camden,52,2,0,36.33804939,-76.15568396,37029.0,478.5129290512561,3.8461538461538463,50,50,2,0,48,50,10710,2,0,0,2,0
2020-07-25,US,North Carolina,Carteret,238,5,0,34.8932941,-76.54120135,37031.0,342.57913146114316,2.100840336134454,233,230,5,0,225,189,69524,8,0,0,8,41
2020-07-25,US,North Carolina,Caswell,172,2,0,36.39312665,-79.33353281,37033.0,760.9272695098214,1.162790697674419,170,171,2,0,169,170,22698,1,0,0,1,1
2020-07-25,US,North Carolina,Catawba,1694,20,0,35.66211129,-81.2132617,37035.0,1061.729478348616,1.180637544273908,1674,1685,20,0,1665,1624,158652,9,0,0,9,61
2020-07-25,US,North Carolina,Chatham,1162,49,0,35.70394416,-79.25541492,37037.0,1560.3598764603196,4.216867469879518,1113,1144,47,0,1097,1128,73139,18,2,0,16,16
2020-07-25,US,North Carolina,Cherokee,189,3,0,35.1349263,-84.05970864,37039.0,660.5620019572208,1.5873015873015872,186,189,3,0,186,178,28383,0,0,0,0,11
2020-07-25,US,North Carolina,Chowan,92,0,0,36.12908077,-76.60118385,37041.0,659.8293050276126,0.0,92,76,0,0,76,72,14029,16,0,0,16,4
2020-07-25,US,North Carolina,Clay,57,0,0,35.05704275,-83.74353633,37043.0,507.5238180037397,0.0,57,57,0,0,57,44,11139,0,0,0,0,13
2020-07-25,US,North Carolina,Cleveland,809,13,0,35.33553364,-81.55204486,37045.0,825.9568950554892,1.6069221260815822,796,788,13,0,775,753,97645,21,0,0,21,35
2020-07-25,US,North Carolina,Columbus,741,42,0,34.26744084,-78.65801424,37047.0,1334.9427109605822,5.668016194331983,699,732,41,0,691,725,55655,9,1,0,8,7
2020-07-25,US,North Carolina,Craven,581,8,0,35.11833364,-77.08398081,37049.0,568.8326692056902,1.3769363166953528,573,581,8,0,573,555,102912,0,0,0,0,26
2020-07-25,US,North Carolina,Cumberland,2276,49,0,35.04762133,-78.82623165,37051.0,678.3722642313619,2.152899824253076,2227,2257,49,0,2208,2142,332330,19,0,0,19,115
2020-07-25,US,North Carolina,Currituck,62,0,0,36.36123664,-75.95876401,37053.0,223.31880560458168,0.0,62,58,0,0,58,57,27072,4,0,0,4,1
2020-07-25,US,North Carolina,Dare,176,1,0,35.66520691,-75.71767334,37055.0,475.55999891918185,0.5681818181818182,175,176,1,0,175,163,36501,0,0,0,0,13
2020-07-25,US,North Carolina,Davidson,1510,16,0,35.79115496,-80.21256572,37057.0,900.9062759159713,1.0596026490066226,1494,1496,16,0,1480,1477,166614,14,0,0,14,19
2020-07-25,US,North Carolina,Davie,309,4,0,35.93099927,-80.54496571,37059.0,721.1875087522757,1.2944983818770226,305,309,4,0,305,294,42733,0,0,0,0,15
2020-07-25,US,North Carolina,Duplin,1859,40,0,34.93449805,-77.93140529,37061.0,3164.7401304029554,2.1516944593867677,1819,1859,40,0,1819,1820,58856,0,0,0,0,39
2020-07-25,US,North Carolina,Durham,5436,76,0,36.03638492,-78.87608331,37063.0,1690.8873737122378,1.398086828550405,5360,5370,76,0,5294,5269,316739,66,0,0,66,101
2020-07-25,US,North Carolina,Edgecombe,503,10,0,35.91230639,-77.59436892,37065.0,977.2303388249924,1.9880715705765408,493,489,10,0,479,477,52005,14,0,0,14,12
2020-07-25,US,North Carolina,Forsyth,4515,41,0,36.12859861,-80.25459052,37067.0,1181.0251245765705,0.9080841638981174,4474,4470,41,0,4429,4402,379099,45,0,0,45,68
2020-07-25,US,North Carolina,Franklin,682,25,0,36.081519,-78.28708884,37069.0,978.689818468824,3.6656891495601167,657,667,24,0,643,648,67560,15,1,0,14,19
2020-07-25,US,North Carolina,Gaston,2635,24,0,35.29373559,-81.17477045,37071.0,1173.567779663206,0.9108159392789372,2611,2569,22,0,2547,2500,222846,66,2,0,64,69
2020-07-25,US,North Carolina,Gates,36,2,0,36.44667547,-76.69749701,37073.0,311.3648157758173,5.5555555555555545,34,35,2,0,33,35,11573,1,0,0,1,0
2020-07-25,US,North Carolina,Graham,15,0,0,35.3506925,-83.83369267,37075.0,177.70406349958537,0.0,15,15,0,0,15,17,8484,0,0,0,0,-2
2020-07-25,US,North Carolina,Granville,1087,25,0,36.30337451,-78.65184241,37077.0,1798.3885644326058,2.2999080036798527,1062,1075,25,0,1050,1059,60115,12,0,0,12,16
2020-07-25,US,North Carolina,Greene,270,3,0,35.48544173,-77.67578087,37079.0,1281.5036309269542,1.1111111111111112,267,270,3,0,267,269,21012,0,0,0,0,1
2020-07-25,US,North Carolina,Guilford,4651,139,0,36.07959451,-79.78824948,37081.0,865.8274600036486,2.9886046011610405,4512,4599,135,0,4464,4486,533670,52,4,0,48,113
2020-07-25,US,North Carolina,Halifax,545,6,0,36.25669272,-77.6556109,37083.0,1089.7820435912818,1.1009174311926606,539,520,6,0,514,510,50574,25,0,0,25,10
2020-07-25,US,North Carolina,Harnett,987,35,0,35.36731853,-78.87243571,37085.0,725.8633876566452,3.5460992907801416,952,974,35,0,939,953,134214,13,0,0,13,21
2020-07-25,US,North Carolina,Haywood,219,0,0,35.55269063,-82.98196486,37087.0,351.42898406534334,0.0,219,209,0,0,209,200,61971,10,0,0,10,9
2020-07-25,US,North Carolina,Henderson,1265,53,0,35.33788927,-82.4766782,37089.0,1077.356771166015,4.1897233201581034,1212,1234,52,0,1182,1210,116748,31,1,0,30,24
2020-07-25,US,North Carolina,Hertford,228,11,0,36.3607755,-76.98104134,37091.0,962.9598344384848,4.824561403508771,217,223,11,0,212,219,23659,5,0,0,5,4
2020-07-25,US,North Carolina,Hoke,608,7,0,35.01888303,-79.23651674,37093.0,1100.7712640764746,1.1513157894736843,601,589,7,0,582,582,54764,19,0,0,19,7
2020-07-25,US,North Carolina,Hyde,35,0,0,35.42017674,-76.15180542,37095.0,708.9325501316589,0.0,35,35,0,0,35,35,5230,0,0,0,0,0
2020-07-25,US,North Carolina,Iredell,1504,18,0,35.80950511,-80.8743128,37097.0,827.2554261135498,1.1968085106382977,1486,1504,18,0,1486,1436,178435,0,0,0,0,68
2020-07-25,US,North Carolina,Jackson,348,3,0,35.28814273,-83.14093385,37099.0,792.0251263143521,0.8620689655172413,345,328,3,0,325,317,43327,20,0,0,20,11
2020-07-25,US,North Carolina,Johnston,2595,43,0,35.51745004,-78.36622717,37101.0,1239.616125041201,1.6570327552986512,2552,2559,41,0,2518,2522,202675,36,2,0,34,37
2020-07-25,US,North Carolina,Jones,46,3,0,35.02254606,-77.35870791,37103.0,488.37456205541986,6.521739130434782,43,46,3,0,43,44,9637,0,0,0,0,2
2020-07-25,US,North Carolina,Lee,1055,9,0,35.47623147,-79.17569362,37105.0,1707.7000275174412,0.8530805687203792,1046,1044,9,0,1035,1037,61452,11,0,0,11,7
2020-07-25,US,North Carolina,Lenoir,479,11,0,35.24032589999999,-77.64245615,37107.0,856.1368389068616,2.2964509394572024,468,472,11,0,461,468,55976,7,0,0,7,4
2020-07-25,US,North Carolina,Lincoln,633,2,0,35.48508185,-81.21740317,37109.0,735.0977227067392,0.315955766192733,631,620,2,0,618,611,83770,13,0,0,13,9
2020-07-25,US,North Carolina,Macon,424,2,0,35.14867843,-83.41696617,37113.0,1182.441853979586,0.4716981132075472,422,424,2,0,422,415,35285,0,0,0,0,9
2020-07-25,US,North Carolina,Madison,28,0,0,35.85402722,-82.71346418,37115.0,128.70604458745115,0.0,28,28,0,0,28,27,21763,0,0,0,0,1
2020-07-25,US,North Carolina,Martin,201,6,0,35.84326734,-77.10860251,37117.0,895.7219251336899,2.985074626865672,195,199,6,0,193,196,22671,2,0,0,2,3
2020-07-25,US,North Carolina,McDowell,454,5,0,35.67736232,-82.0482425,37111.0,992.219599615351,1.1013215859030836,449,439,5,0,434,429,45507,15,0,0,15,10
2020-07-25,US,North Carolina,Mecklenburg,19041,187,0,35.24469268,-80.8317671,37119.0,1714.8554157405372,0.9820912767186596,18854,18703,187,0,18516,18403,1093901,338,0,0,338,300
2020-07-25,US,North Carolina,Mitchell,97,2,0,36.01059309,-82.1582442,37121.0,648.2224004276933,2.061855670103093,95,97,2,0,95,90,15000,0,0,0,0,7
2020-07-25,US,North Carolina,Montgomery,543,14,0,35.33155144,-79.90416657,37123.0,1998.307143120009,2.5782688766114177,529,543,14,0,529,514,27271,0,0,0,0,29
2020-07-25,US,North Carolina,Moore,795,20,0,35.30885257,-79.48474178,37125.0,788.0650277557494,2.5157232704402515,775,771,18,0,753,755,98682,24,2,0,22,16
2020-07-25,US,North Carolina,Nash,830,10,0,35.96575634,-77.98422508,37127.0,880.1883390952088,1.2048192771084338,820,815,10,0,805,806,94016,15,0,0,15,9
2020-07-25,US,North Carolina,New Hanover,2073,15,0,34.25758282,-77.87075626,37129.0,884.1103240031903,0.723589001447178,2058,2073,15,0,2058,1991,232274,0,0,0,0,82
2020-07-25,US,North Carolina,Northampton,284,16,0,36.41736238,-77.39769443,37131.0,1457.6810552789611,5.633802816901407,268,284,16,0,268,279,19676,0,0,0,0,5
2020-07-25,US,North Carolina,Onslow,707,9,0,34.72607366,-77.42908179,37133.0,357.1825521122776,1.272984441301273,698,702,9,0,693,702,197683,5,0,0,5,0
2020-07-25,US,North Carolina,Orange,1191,45,0,36.06092947,-79.12167935,37135.0,802.1498423987715,3.778337531486146,1146,1160,45,0,1115,1137,146027,31,0,0,31,23
2020-07-25,US,North Carolina,Pamlico,51,1,0,35.15253315,-76.66559823,37137.0,400.7543611504008,1.96078431372549,50,51,1,0,50,50,12670,0,0,0,0,1
2020-07-25,US,North Carolina,Pasquotank,295,17,0,36.26723798,-76.25134778,37139.0,740.7593411008438,5.7627118644067785,278,288,17,0,271,281,39639,7,0,0,7,7
2020-07-25,US,North Carolina,Pender,552,3,0,34.52265624,-77.90352133,37141.0,875.3568030447192,0.5434782608695652,549,541,3,0,538,538,62162,11,0,0,11,3
2020-07-25,US,North Carolina,Perquimans,54,2,0,36.17847453,-76.40603143,37143.0,401.0993092178563,3.703703703703704,52,51,2,0,49,50,13422,3,0,0,3,1
2020-07-25,US,North Carolina,Person,169,1,0,36.38989032,-78.97217358,37145.0,427.9564446695366,0.591715976331361,168,167,1,0,166,159,39507,2,0,0,2,8
2020-07-25,US,North Carolina,Pitt,1421,10,0,35.59535426,-77.37353178,37147.0,786.2035387458368,0.7037297677691766,1411,1376,10,0,1366,1313,179914,45,0,0,45,63
2020-07-25,US,North Carolina,Polk,124,5,0,35.27820615,-82.16812354,37149.0,598.3400887859486,4.032258064516129,119,124,5,0,119,121,20611,0,0,0,0,3
2020-07-25,US,North Carolina,Randolph,1904,36,0,35.71015088,-79.80570339,37151.0,1325.286948290143,1.8907563025210083,1868,1870,36,0,1834,1829,143351,34,0,0,34,41
2020-07-25,US,North Carolina,Richmond,432,8,0,35.00417719,-79.74491009,37153.0,963.6619152780568,1.851851851851852,424,431,8,0,423,418,44887,1,0,0,1,13
2020-07-25,US,North Carolina,Robeson,2175,50,0,34.64244496,-79.10250529999998,37155.0,1665.0717703349285,2.2988505747126435,2125,2118,50,0,2068,2071,131831,57,0,0,57,47
2020-07-25,US,North Carolina,Rockingham,415,5,0,36.39593137,-79.77504841,37157.0,455.9938468300187,1.2048192771084338,410,415,5,0,410,383,90690,0,0,0,0,32
2020-07-25,US,North Carolina,Rowan,1842,45,0,35.64003916,-80.52446628,37159.0,1296.379708349755,2.44299674267101,1797,1822,45,0,1777,1794,141262,20,0,0,20,28
2020-07-25,US,North Carolina,Rutherford,537,13,0,35.40114178,-81.92112099,37161.0,801.1457727252382,2.4208566108007448,524,533,13,0,520,529,66826,4,0,0,4,4
2020-07-25,US,North Carolina,Sampson,1374,10,0,34.98820368,-78.36914061,37163.0,2162.723709685036,0.7278020378457059,1364,1364,8,0,1356,1351,63626,10,2,0,8,13
2020-07-25,US,North Carolina,Scotland,225,2,0,34.8386299,-79.4757978,37165.0,646.1246877064009,0.8888888888888888,223,220,2,0,218,215,34810,5,0,0,5,5
2020-07-25,US,North Carolina,Stanly,768,9,0,35.31647813,-80.25093221,37167.0,1222.813107027991,1.171875,759,768,9,0,759,723,62075,0,0,0,0,45
2020-07-25,US,North Carolina,Stokes,215,2,0,36.4017975,-80.23893369,37169.0,471.58430391963327,0.9302325581395348,213,213,2,0,211,207,45467,2,0,0,2,6
2020-07-25,US,North Carolina,Surry,748,4,0,36.41689489,-80.69102283,37171.0,1042.0294498697465,0.5347593582887701,744,737,4,0,733,712,71948,11,0,0,11,25
2020-07-25,US,North Carolina,Swain,90,2,0,35.48665845,-83.48748932,37173.0,630.6495690561278,2.2222222222222223,88,90,2,0,88,86,14245,0,0,0,0,4
2020-07-25,US,North Carolina,Transylvania,106,1,0,35.20383864,-82.79638423,37175.0,308.27395666715137,0.9433962264150944,105,105,1,0,104,101,34215,1,0,0,1,4
2020-07-25,US,North Carolina,Tyrrell,84,1,0,35.87147226,-76.17055253,37177.0,2091.633466135458,1.1904761904761905,83,84,1,0,83,83,4131,0,0,0,0,1
2020-07-25,US,North Carolina,Union,2470,35,0,34.98960527,-80.52955873,37179.0,1029.771657515457,1.4170040485829958,2435,2416,35,0,2381,2356,235908,54,0,0,54,60
2020-07-25,US,North Carolina,Vance,681,40,0,36.36880673,-78.40670845,37181.0,1529.1343886830582,5.873715124816448,641,665,40,0,625,650,44582,16,0,0,16,15
2020-07-25,US,North Carolina,Wake,9819,105,0,35.78879266,-78.65249174,37183.0,883.1934201685434,1.0693553315001527,9714,9630,104,0,9526,9377,1092305,189,1,0,188,253
2020-07-25,US,North Carolina,Warren,225,6,0,36.39728256,-78.10652228,37185.0,1140.3375399118138,2.6666666666666665,219,218,6,0,212,214,19807,7,0,0,7,4
2020-07-25,US,North Carolina,Washington,98,3,0,35.83810081,-76.57299037,37187.0,846.2867012089813,3.0612244897959178,95,98,3,0,95,95,11859,0,0,0,0,3
2020-07-25,US,North Carolina,Watauga,214,0,0,36.23103603,-81.70033724,37189.0,380.938818377628,0.0,214,214,0,0,214,203,55945,0,0,0,0,11
2020-07-25,US,North Carolina,Wayne,2217,36,0,35.36438125,-78.00027268,37191.0,1800.521395911671,1.6238159675236807,2181,2217,36,0,2181,2167,123248,0,0,0,0,50
2020-07-25,US,North Carolina,Wilkes,694,9,0,36.2084135,-81.16232895,37193.0,1014.4419107758873,1.2968299711815563,685,682,7,0,675,676,68557,12,2,0,10,6
2020-07-25,US,North Carolina,Wilson,1272,29,0,35.70625477,-77.917978,37195.0,1554.9932152418673,2.279874213836478,1243,1267,29,0,1238,1231,81455,5,0,0,5,36
2020-07-25,US,North Carolina,Yadkin,443,6,0,36.16222629,-80.66239436,37197.0,1176.095786762949,1.3544018058690743,437,443,6,0,437,434,37543,0,0,0,0,9
2020-07-25,US,North Carolina,Yancey,92,0,0,35.90079156,-82.31237181,37199.0,509.15933366539383,0.0,92,92,0,0,92,92,17903,0,0,0,0,0
2020-07-25,US,North Dakota,Barnes,30,0,0,46.93579637,-98.06605978,38003.0,288.0460873739798,0.0,30,28,0,0,28,27,10542,2,0,0,2,1
2020-07-25,US,North Dakota,Benson,47,1,0,48.0683985,-99.35916363,38005.0,687.9391100702576,2.127659574468085,46,40,1,0,39,38,6962,7,0,0,7,2
2020-07-25,US,North Dakota,Billings,1,0,0,47.02366884,-103.3762965,38007.0,107.75862068965515,0.0,1,1,0,0,1,1,919,0,0,0,0,0
2020-07-25,US,North Dakota,Bottineau,9,0,0,48.79106111,-100.8378166,38009.0,143.26647564469909,0.0,9,9,0,0,9,8,6411,0,0,0,0,1
2020-07-25,US,North Dakota,Bowman,6,0,0,46.11285362,-103.5203343,38011.0,198.4126984126984,0.0,6,5,0,0,5,5,3076,1,0,0,1,0
2020-07-25,US,North Dakota,Burke,12,0,0,48.79094471,-102.5182117,38013.0,567.3758865248228,0.0,12,11,0,0,11,11,2100,1,0,0,1,0
2020-07-25,US,North Dakota,Burleigh,729,3,0,46.97847375,-100.4645214,38015.0,762.3449689415013,0.41152263374485604,726,696,3,0,693,680,95273,33,0,0,33,16
2020-07-25,US,North Dakota,Cass,2765,75,0,46.93201724,-97.2444719,38017.0,1519.8737927584748,2.7124773960217,2690,2762,75,0,2687,2734,181516,3,0,0,3,28
2020-07-25,US,North Dakota,Cavalier,28,0,0,48.77286211,-98.46685243,38019.0,744.2849548112706,0.0,28,28,0,0,28,26,3829,0,0,0,0,2
2020-07-25,US,North Dakota,Dickey,8,0,0,46.11017712,-98.5049008,38021.0,164.20361247947451,0.0,8,8,0,0,8,8,4903,0,0,0,0,0
2020-07-25,US,North Dakota,Divide,1,0,0,48.814938700000006,-103.4873611,38023.0,44.16961130742049,0.0,1,1,0,0,1,1,2283,0,0,0,0,0
2020-07-25,US,North Dakota,Dunn,26,0,0,47.35423935,-102.6160468,38025.0,587.7034358047016,0.0,26,26,0,0,26,26,4332,0,0,0,0,0
2020-07-25,US,North Dakota,Eddy,8,0,0,47.71701474,-98.90432337,38027.0,349.80323567992997,0.0,8,8,0,0,8,8,2313,0,0,0,0,0
2020-07-25,US,North Dakota,Emmons,12,1,0,46.28398398,-100.2389766,38029.0,370.2560937982104,8.333333333333334,11,11,1,0,10,10,3295,1,0,0,1,1
2020-07-25,US,North Dakota,Foster,9,0,0,47.4571084,-98.88279923,38031.0,280.3738317757009,0.0,9,7,0,0,7,3,3216,2,0,0,2,4
2020-07-25,US,North Dakota,Golden Valley,4,0,0,46.94022281,-103.8465421,38033.0,227.14366837024414,0.0,4,3,0,0,3,3,1769,1,0,0,1,0
2020-07-25,US,North Dakota,Grand Forks,575,4,0,47.92093639,-97.45450447,38035.0,827.9218441779097,0.6956521739130435,571,569,4,0,565,560,70770,6,0,0,6,9
2020-07-25,US,North Dakota,Grant,4,0,0,46.35821257,-101.6390013,38037.0,175.9014951627089,0.0,4,4,0,0,4,4,2374,0,0,0,0,0
2020-07-25,US,North Dakota,Griggs,11,0,0,47.45785838,-98.23850925,38039.0,493.05244285073957,0.0,11,8,0,0,8,4,2232,3,0,0,3,4
2020-07-25,US,North Dakota,Hettinger,6,0,0,46.43375068,-102.4632417,38041.0,240.09603841536614,0.0,6,6,0,0,6,6,2514,0,0,0,0,0
2020-07-25,US,North Dakota,Kidder,8,0,0,46.97830064,-99.77507857,38043.0,322.5806451612903,0.0,8,7,0,0,7,6,2450,1,0,0,1,1
2020-07-25,US,North Dakota,LaMoure,14,0,0,46.45681054,-98.53542355,38045.0,346.02076124567475,0.0,14,14,0,0,14,14,4062,0,0,0,0,0
2020-07-25,US,North Dakota,Logan,1,0,0,46.45729487,-99.47719806,38047.0,54.05405405405406,0.0,1,1,0,0,1,1,1903,0,0,0,0,0
2020-07-25,US,North Dakota,McHenry,12,1,0,48.23104458,-100.6324822,38049.0,208.87728459530032,8.333333333333334,11,12,1,0,11,12,5816,0,0,0,0,0
2020-07-25,US,North Dakota,McIntosh,11,1,0,46.11182017,-99.44145858,38051.0,440.5286343612335,9.090909090909092,10,11,1,0,10,11,2585,0,0,0,0,0
2020-07-25,US,North Dakota,McKenzie,62,0,0,47.74133370000001,-103.395905,38053.0,412.6730564430245,0.0,62,61,0,0,61,61,13632,1,0,0,1,0
2020-07-25,US,North Dakota,McLean,21,0,0,47.60766714,-101.3182418,38055.0,222.22222222222226,0.0,21,20,0,0,20,17,9541,1,0,0,1,3
2020-07-25,US,North Dakota,Mercer,18,0,0,47.31213126,-101.8318399,38057.0,219.86075485525842,0.0,18,18,0,0,18,14,8267,0,0,0,0,4
2020-07-25,US,North Dakota,Morton,218,3,0,46.71681782,-101.2822377,38059.0,695.0644050503763,1.3761467889908257,215,205,3,0,202,198,31095,13,0,0,13,7
2020-07-25,US,North Dakota,Mountrail,101,1,0,48.20197971,-102.3555315,38061.0,957.7999051683264,0.99009900990099,100,100,1,0,99,98,10218,1,0,0,1,2
2020-07-25,US,North Dakota,Nelson,5,0,0,47.9226426,-98.19038437,38063.0,173.67141368530739,0.0,5,4,0,0,4,3,2869,1,0,0,1,1
2020-07-25,US,North Dakota,Oliver,5,0,0,47.11530482,-101.3406158,38065.0,255.23226135783563,0.0,5,4,0,0,4,4,1952,1,0,0,1,0
2020-07-25,US,North Dakota,Pembina,24,0,0,48.76623521,-97.5523809,38067.0,352.88928098809,0.0,24,22,0,0,22,21,6947,2,0,0,2,1
2020-07-25,US,North Dakota,Pierce,8,0,0,48.24977025,-99.96407787,38069.0,201.2578616352201,0.0,8,8,0,0,8,8,4081,0,0,0,0,0
2020-07-25,US,North Dakota,Ramsey,28,1,0,48.26886249,-98.72223879,38071.0,243.0766559597187,3.571428571428572,27,28,1,0,27,28,11481,0,0,0,0,0
2020-07-25,US,North Dakota,Ransom,25,0,0,46.45621782,-97.65742504,38073.0,479.11077041011885,0.0,25,25,0,0,25,25,5237,0,0,0,0,0
2020-07-25,US,North Dakota,Renville,9,0,0,48.71982533,-101.6603912,38075.0,386.7640739149119,0.0,9,9,0,0,9,8,2374,0,0,0,0,1
2020-07-25,US,North Dakota,Richland,69,0,0,46.26440649,-96.94852979,38077.0,426.53149533287996,0.0,69,66,0,0,66,58,16239,3,0,0,3,8
2020-07-25,US,North Dakota,Rolette,17,0,0,48.77245354,-99.84097493,38079.0,119.920993227991,0.0,17,16,0,0,16,14,14301,1,0,0,1,2
2020-07-25,US,North Dakota,Sargent,8,0,0,46.10830372,-97.63217159,38081.0,205.2334530528476,0.0,8,9,0,0,9,8,3870,-1,0,0,-1,1
2020-07-25,US,North Dakota,Sheridan,5,0,0,47.57700669,-100.3426391,38083.0,380.22813688212926,0.0,5,4,0,0,4,4,1349,1,0,0,1,0
2020-07-25,US,North Dakota,Sioux,49,0,0,46.11323337,-101.0440149,38085.0,1158.3924349881795,0.0,49,48,0,0,48,47,4358,1,0,0,1,1
2020-07-25,US,North Dakota,Slope,3,0,0,46.44737738,-103.4601547,38087.0,400.0,0.0,3,3,0,0,3,3,763,0,0,0,0,0
2020-07-25,US,North Dakota,Stark,142,3,0,46.80851182,-102.6576326,38089.0,450.9511257899583,2.112676056338028,139,132,3,0,129,126,30997,10,0,0,10,6
2020-07-25,US,North Dakota,Steele,8,0,0,47.45611548,-97.72728747,38091.0,423.2804232804233,0.0,8,7,0,0,7,6,1903,1,0,0,1,1
2020-07-25,US,North Dakota,Stutsman,93,2,0,46.97962541,-98.95637318,38093.0,449.18856259659964,2.150537634408602,91,90,2,0,88,85,20917,3,0,0,3,5
2020-07-25,US,North Dakota,Towner,5,0,0,48.68565745,-99.24564265,38095.0,228.41480127912288,0.0,5,4,0,0,4,4,2192,1,0,0,1,0
2020-07-25,US,North Dakota,Traill,35,0,0,47.45367788,-97.16323288,38097.0,435.54006968641113,0.0,35,34,0,0,34,33,8037,1,0,0,1,1
2020-07-25,US,North Dakota,Walsh,95,0,0,48.36876964,-97.72574783,38099.0,892.7732355981581,0.0,95,87,0,0,87,86,10667,8,0,0,8,1
2020-07-25,US,North Dakota,Ward,139,1,0,48.22390169,-101.5436763,38101.0,205.49666622314868,0.7194244604316546,138,132,1,0,131,130,67744,7,0,0,7,2
2020-07-25,US,North Dakota,Wells,12,0,0,47.58614526,-99.65904998,38103.0,312.9890453834116,0.0,12,12,0,0,12,12,3957,0,0,0,0,0
2020-07-25,US,North Dakota,Williams,195,2,0,48.34522353,-103.4793387,38105.0,518.7687887413871,1.0256410256410255,193,190,2,0,188,185,35350,5,0,0,5,5
2020-07-25,US,Ohio,Adams,40,2,0,38.84541072,-83.4718964,39001.0,144.41475918838904,5.0,38,40,2,0,38,40,27724,0,0,0,0,0
2020-07-25,US,Ohio,Allen,522,41,0,40.77285242,-84.10802343,39003.0,510.0096725972388,7.8544061302682,481,512,41,0,471,501,102663,10,0,0,10,11
2020-07-25,US,Ohio,Ashland,113,4,0,40.84772277,-82.27280781,39005.0,211.27813925660007,3.5398230088495577,109,110,4,0,106,107,53745,3,0,0,3,3
2020-07-25,US,Ohio,Ashtabula,507,44,0,41.70860332,-80.74830218,39007.0,521.3850124947296,8.678500986193294,463,503,44,0,459,497,97493,4,0,0,4,6
2020-07-25,US,Ohio,Athens,315,1,0,39.33425634,-82.04278644,39009.0,482.1896000122461,0.31746031746031744,314,309,1,0,308,303,65818,6,0,0,6,6
2020-07-25,US,Ohio,Auglaize,165,5,0,40.55998859,-84.22421429999999,39011.0,361.3982828105835,3.0303030303030303,160,157,5,0,152,151,45804,8,0,0,8,6
2020-07-25,US,Ohio,Belmont,584,26,0,40.01625942,-80.9924051,39013.0,871.5637405605468,4.452054794520548,558,578,26,0,552,578,67505,6,0,0,6,0
2020-07-25,US,Ohio,Brown,82,1,0,38.93416837,-83.86788395,39015.0,188.80088414072566,1.2195121951219512,81,77,1,0,76,76,43602,5,0,0,5,1
2020-07-25,US,Ohio,Butler,2382,54,0,39.44012838,-84.57388716,39017.0,621.7145959377137,2.267002518891688,2328,2347,54,0,2293,2269,382378,35,0,0,35,78
2020-07-25,US,Ohio,Carroll,93,4,0,40.5789686,-81.09178213,39019.0,345.5450694805678,4.301075268817204,89,93,4,0,89,93,27081,0,0,0,0,0
2020-07-25,US,Ohio,Champaign,83,1,0,40.13923427,-83.76875242,39021.0,213.44991642021344,1.2048192771084338,82,78,1,0,77,77,38754,5,0,0,5,1
2020-07-25,US,Ohio,Clark,988,11,0,39.91592258,-83.78498252,39023.0,736.8570213971942,1.1133603238866396,977,976,11,0,965,964,134585,12,0,0,12,12
2020-07-25,US,Ohio,Clermont,715,9,0,39.04847534,-84.15375786,39025.0,346.3677408103552,1.2587412587412588,706,705,9,0,696,689,205466,10,0,0,10,16
2020-07-25,US,Ohio,Clinton,126,4,0,39.41485808,-83.80852286,39027.0,300.2287457110179,3.1746031746031744,122,123,4,0,119,120,42057,3,0,0,3,3
2020-07-25,US,Ohio,Columbiana,1489,60,0,40.76932373,-80.78094576,39029.0,1461.4803254713738,4.029550033579584,1429,1486,60,0,1426,1483,102665,3,0,0,3,3
2020-07-25,US,Ohio,Coshocton,172,5,0,40.30096166,-81.91729018,39031.0,469.94535519125685,2.9069767441860463,167,170,5,0,165,169,36629,2,0,0,2,1
2020-07-25,US,Ohio,Crawford,155,5,0,40.85065156,-82.91989099,39033.0,373.54798284089264,3.2258064516129035,150,154,5,0,149,153,41550,1,0,0,1,1
2020-07-25,US,Ohio,Cuyahoga,11584,449,0,41.424119,-81.65918339,39035.0,937.921028085812,3.8760359116022096,11135,11404,450,0,10954,11206,1243857,180,-1,0,181,198
2020-07-25,US,Ohio,Darke,274,26,0,40.13412966,-84.6194517,39037.0,536.0671453446286,9.489051094890511,248,273,26,0,247,272,51323,1,0,0,1,1
2020-07-25,US,Ohio,Defiance,106,4,0,41.32398837,-84.49076944,39039.0,278.3101845774149,3.7735849056603774,102,102,4,0,98,96,38165,4,0,0,4,6
2020-07-25,US,Ohio,Delaware,1048,17,0,40.27942393,-83.00457058,39041.0,501.01110542746096,1.6221374045801529,1031,1024,17,0,1007,991,204826,24,0,0,24,33
2020-07-25,US,Ohio,Erie,428,23,0,41.36796058,-82.62904521,39043.0,576.3067891094175,5.3738317757009355,405,406,23,0,383,400,74615,22,0,0,22,6
2020-07-25,US,Ohio,Fairfield,1048,18,0,39.75107189,-82.63088163,39045.0,665.0843413253456,1.717557251908397,1030,1018,18,0,1000,988,155782,30,0,0,30,30
2020-07-25,US,Ohio,Fayette,66,0,0,39.56021306,-83.4562016,39047.0,231.375985977213,0.0,66,65,0,0,65,64,28666,1,0,0,1,1
2020-07-25,US,Ohio,Franklin,15548,487,0,39.96995815,-83.01115755,39049.0,1180.780645768844,3.1322356573192693,15061,15301,487,0,14814,14993,1310300,247,0,0,247,308
2020-07-25,US,Ohio,Fulton,113,0,0,41.60213491,-84.12571393,39051.0,268.2428903764896,0.0,113,109,0,0,109,105,42276,4,0,0,4,4
2020-07-25,US,Ohio,Gallia,41,1,0,38.82708533,-82.31647569,39053.0,137.13291858987222,2.4390243902439024,40,40,1,0,39,39,29979,1,0,0,1,1
2020-07-25,US,Ohio,Geauga,498,43,0,41.49952319,-81.17935342,39055.0,531.7728966673429,8.634538152610443,455,493,43,0,450,482,94031,5,0,0,5,11
2020-07-25,US,Ohio,Greene,538,11,0,39.69116283,-83.89032084,39057.0,318.46191183695703,2.044609665427509,527,526,11,0,515,507,167995,12,0,0,12,19
2020-07-25,US,Ohio,Guernsey,96,6,0,40.05026529,-81.49248905,39059.0,246.9453376205788,6.25,90,96,6,0,90,95,39022,0,0,0,0,1
2020-07-25,US,Ohio,Hamilton,8436,224,0,39.19673558,-84.54502924,39061.0,1031.960688609899,2.6552868658131814,8212,8325,224,0,8101,8203,816684,111,0,0,111,122
2020-07-25,US,Ohio,Hancock,215,2,0,41.00250487,-83.66838948,39063.0,283.7047886729214,0.9302325581395348,213,190,2,0,188,177,75930,25,0,0,25,13
2020-07-25,US,Ohio,Hardin,142,12,0,40.66015414,-83.65929931,39065.0,452.7339391040969,8.450704225352112,130,141,12,0,129,141,31480,1,0,0,1,0
2020-07-25,US,Ohio,Harrison,16,1,0,40.29380509,-81.09068544,39067.0,106.38297872340424,6.25,15,16,1,0,15,15,15174,0,0,0,0,1
2020-07-25,US,Ohio,Henry,90,0,0,41.3339642,-84.06830637,39069.0,333.25927571650743,0.0,90,86,0,0,86,85,27086,4,0,0,4,1
2020-07-25,US,Ohio,Highland,94,1,0,39.1839264,-83.60331456,39071.0,217.78920784967912,1.0638297872340423,93,90,1,0,89,87,43058,4,0,0,4,3
2020-07-25,US,Ohio,Hocking,102,9,0,39.49537927,-82.47991446,39073.0,360.88310217945093,8.823529411764708,93,101,9,0,92,98,28385,1,0,0,1,3
2020-07-25,US,Ohio,Holmes,311,5,0,40.56163713,-81.92635677,39075.0,707.4613284804367,1.6077170418006432,306,306,5,0,301,300,43892,5,0,0,5,6
2020-07-25,US,Ohio,Huron,328,3,0,41.14651175,-82.59867951,39077.0,562.9355026945389,0.9146341463414634,325,320,3,0,317,317,58504,8,0,0,8,3
2020-07-25,US,Ohio,Jackson,55,0,0,39.01914254,-82.61818559999998,39079.0,169.68500293092282,0.0,55,52,0,0,52,51,32384,3,0,0,3,1
2020-07-25,US,Ohio,Jefferson,168,2,0,40.38614126,-80.76259514,39081.0,257.1756601607348,1.1904761904761905,166,166,2,0,164,164,65767,2,0,0,2,2
2020-07-25,US,Ohio,Knox,116,2,0,40.39830217,-82.42027563,39083.0,186.13009852058656,1.7241379310344829,114,112,2,0,110,103,61893,4,0,0,4,9
2020-07-25,US,Ohio,Lake,900,27,0,41.69710807,-81.23676539,39085.0,391.0510147773833,3.0,873,878,27,0,851,851,230514,22,0,0,22,27
2020-07-25,US,Ohio,Lawrence,175,0,0,38.59743452,-82.53466552,39087.0,294.3006575517548,0.0,175,170,0,0,170,164,59866,5,0,0,5,6
2020-07-25,US,Ohio,Licking,910,24,0,40.09136236,-82.48185785,39089.0,514.5254492202961,2.6373626373626373,886,859,24,0,835,829,175769,51,0,0,51,30
2020-07-25,US,Ohio,Logan,100,1,0,40.38996525,-83.76784341,39091.0,218.95253109125943,1.0,99,98,1,0,97,94,45358,2,0,0,2,4
2020-07-25,US,Ohio,Lorain,1463,75,0,41.29553751,-82.15083537,39093.0,472.1898571165757,5.126452494873548,1388,1423,75,0,1348,1404,309461,40,0,0,40,19
2020-07-25,US,Ohio,Lucas,4006,311,0,41.62101218,-83.65468618,39095.0,935.2208951600101,7.763354967548678,3695,3927,311,0,3616,3853,429899,79,0,0,79,74
2020-07-25,US,Ohio,Madison,271,9,0,39.89381073,-83.40178317,39097.0,605.8438219579263,3.3210332103321027,262,266,9,0,257,262,44413,5,0,0,5,4
2020-07-25,US,Ohio,Mahoning,2232,244,0,41.01631101,-80.77287029,39099.0,976.0235784907492,10.93189964157706,1988,2214,244,0,1970,2188,229642,18,0,0,18,26
2020-07-25,US,Ohio,Marion,2820,41,0,40.58610662,-83.15736305,39101.0,4332.263069761725,1.453900709219858,2779,2818,41,0,2777,2807,65256,2,0,0,2,11
2020-07-25,US,Ohio,Medina,746,32,0,41.11770589,-81.89986209999998,39103.0,415.0300980272162,4.289544235924933,714,733,32,0,701,719,179146,13,0,0,13,14
2020-07-25,US,Ohio,Meigs,23,0,0,39.09224872,-82.0305041,39105.0,100.40598943554373,0.0,23,23,0,0,23,22,23106,0,0,0,0,1
2020-07-25,US,Ohio,Mercer,423,11,0,40.54043046,-84.62912742,39107.0,1027.3972602739723,2.600472813238771,412,414,11,0,403,382,40959,9,0,0,9,32
2020-07-25,US,Ohio,Miami,650,34,0,40.0543329,-84.22871271,39109.0,607.5504500546797,5.230769230769232,616,628,34,0,594,616,106222,22,0,0,22,12
2020-07-25,US,Ohio,Monroe,89,17,0,39.72984936,-81.08464734,39111.0,651.8236414237588,19.101123595505623,72,89,17,0,72,89,13790,0,0,0,0,0
2020-07-25,US,Ohio,Montgomery,3456,53,0,39.75394919,-84.29050975,39113.0,650.0064887800529,1.5335648148148149,3403,3353,53,0,3300,3283,532331,103,0,0,103,70
2020-07-25,US,Ohio,Morgan,16,0,0,39.62081738,-81.85308173,39115.0,110.28398125172319,0.0,16,16,0,0,16,16,14604,0,0,0,0,0
2020-07-25,US,Ohio,Morrow,148,1,0,40.52363560000001,-82.7892599,39117.0,418.9311594202898,0.6756756756756757,147,144,1,0,143,142,35112,4,0,0,4,2
2020-07-25,US,Ohio,Muskingum,140,1,0,39.96575964,-81.94363275,39119.0,162.38473583483153,0.7142857142857143,139,138,1,0,137,134,86183,2,0,0,2,4
2020-07-25,US,Ohio,Noble,16,0,0,39.76818851,-81.45937183,39121.0,110.92623405435387,0.0,16,16,0,0,16,16,14354,0,0,0,0,0
2020-07-25,US,Ohio,Ottawa,308,24,0,41.53781826,-83.0940185,39123.0,760.0246761258483,7.792207792207793,284,302,24,0,278,288,40769,6,0,0,6,14
2020-07-25,US,Ohio,Paulding,53,0,0,41.11676341,-84.5801017,39125.0,283.84747215081404,0.0,53,46,0,0,46,45,18760,7,0,0,7,1
2020-07-25,US,Ohio,Perry,68,1,0,39.73508655,-82.23804971,39127.0,188.18840980793712,1.4705882352941178,67,66,1,0,65,66,36033,2,0,0,2,0
2020-07-25,US,Ohio,Pickaway,2307,42,0,39.64170392,-83.0243386,39129.0,3946.4905828215615,1.820546163849155,2265,2304,42,0,2262,2298,58086,3,0,0,3,6
2020-07-25,US,Ohio,Pike,46,0,0,39.07634001,-83.06769584,39131.0,165.63445196600892,0.0,46,44,0,0,44,43,28067,2,0,0,2,1
2020-07-25,US,Ohio,Portage,635,59,0,41.16793482,-81.19735782,39133.0,390.8510088264621,9.291338582677165,576,618,59,0,559,608,162927,17,0,0,17,10
2020-07-25,US,Ohio,Preble,122,2,0,39.7420247,-84.64787018,39135.0,298.4198424734602,1.639344262295082,120,115,2,0,113,113,40997,7,0,0,7,2
2020-07-25,US,Ohio,Putnam,170,16,0,41.02094889,-84.1336111,39137.0,502.05250878591886,9.411764705882351,154,169,16,0,153,168,33780,1,0,0,1,1
2020-07-25,US,Ohio,Richland,477,8,0,40.77180308,-82.53799609999999,39139.0,393.71378576027206,1.6771488469601676,469,473,8,0,465,465,121099,4,0,0,4,8
2020-07-25,US,Ohio,Ross,253,5,0,39.33705391,-83.06000914,39141.0,330.00286959017035,1.9762845849802368,248,238,5,0,233,218,76931,15,0,0,15,20
2020-07-25,US,Ohio,Sandusky,271,15,0,41.35624126,-83.137872,39143.0,463.1053692880823,5.535055350553505,256,264,15,0,249,254,58799,7,0,0,7,10
2020-07-25,US,Ohio,Scioto,122,0,0,38.80270163,-82.98907345,39145.0,161.98847491834186,0.0,122,120,0,0,120,115,75502,2,0,0,2,5
2020-07-25,US,Ohio,Seneca,101,2,0,41.12351311,-83.12783209,39147.0,183.0439667983617,1.98019801980198,99,97,2,0,95,96,55207,4,0,0,4,1
2020-07-25,US,Ohio,Shelby,112,4,0,40.33163494,-84.20258189,39149.0,230.50010290183164,3.571428571428572,108,110,4,0,106,103,48627,2,0,0,2,7
2020-07-25,US,Ohio,Stark,1514,122,0,40.81482476,-81.36437305,39151.0,408.52009951268997,8.058124174372523,1392,1483,122,0,1361,1449,371574,31,0,0,31,34
2020-07-25,US,Ohio,Summit,2879,212,0,41.12464734,-81.53123079,39153.0,532.1498744022787,7.3636679402570335,2667,2827,212,0,2615,2771,541918,52,0,0,52,56
2020-07-25,US,Ohio,Trumbull,1286,94,0,41.31735028,-80.76109643,39155.0,649.5802479113419,7.309486780715398,1192,1262,94,0,1168,1242,198627,24,0,0,24,20
2020-07-25,US,Ohio,Tuscarawas,717,11,0,40.44214695,-81.47226262,39157.0,779.4579668866252,1.5341701534170151,706,713,11,0,702,706,92176,4,0,0,4,7
2020-07-25,US,Ohio,Union,169,1,0,40.30016061,-83.37239023,39159.0,286.4989489387672,0.591715976331361,168,168,1,0,167,163,57835,1,0,0,1,5
2020-07-25,US,Ohio,Van Wert,60,1,0,40.8554138,-84.59111700000003,39161.0,212.2015915119364,1.6666666666666667,59,59,1,0,58,58,28281,1,0,0,1,1
2020-07-25,US,Ohio,Vinton,26,2,0,39.25208988,-82.4831444,39163.0,198.7008024455484,7.6923076923076925,24,26,2,0,24,26,13139,0,0,0,0,0
2020-07-25,US,Ohio,Warren,1383,30,0,39.42581994,-84.16557457,39165.0,589.5090408436416,2.169197396963124,1353,1358,30,0,1328,1326,232173,25,0,0,25,32
2020-07-25,US,Ohio,Washington,178,21,0,39.45690571,-81.49121382,39167.0,297.1073759409791,11.797752808988767,157,177,21,0,156,177,60155,1,0,0,1,0
2020-07-25,US,Ohio,Wayne,443,58,0,40.82925852,-81.88844833,39169.0,382.8536859389854,13.09255079006772,385,432,57,0,375,421,115967,11,1,0,10,11
2020-07-25,US,Ohio,Williams,103,3,0,41.56052014,-84.58429552,39171.0,280.715142265344,2.9126213592233015,100,101,3,0,98,97,36804,2,0,0,2,4
2020-07-25,US,Ohio,Wood,713,55,0,41.36224827,-83.62285108,39173.0,545.0361956014891,7.713884992987378,658,696,55,0,641,666,130696,17,0,0,17,30
2020-07-25,US,Ohio,Wyandot,92,5,0,40.84339621,-83.30734173,39175.0,422.5610876354952,5.434782608695652,87,91,5,0,86,84,21935,1,0,0,1,7
2020-07-25,US,Oklahoma,Adair,227,5,0,35.88494195,-94.65859267,40001.0,1022.798954672434,2.202643171806167,222,215,4,0,211,209,22082,12,1,0,11,6
2020-07-25,US,Oklahoma,Alfalfa,1,0,0,36.73090616,-98.32408495,40003.0,17.5377060680463,0.0,1,1,0,0,1,1,5754,0,0,0,0,0
2020-07-25,US,Oklahoma,Atoka,55,0,0,34.37366573,-96.03802487,40005.0,399.76740805349607,0.0,55,55,0,0,55,50,13838,0,0,0,0,5
2020-07-25,US,Oklahoma,Beaver,36,0,0,36.7496847,-100.4758872,40007.0,677.8384485031067,0.0,36,34,0,0,34,33,5319,2,0,0,2,1
2020-07-25,US,Oklahoma,Beckham,30,0,0,35.26862449,-99.68128023,40009.0,137.24324077039205,0.0,30,27,0,0,27,27,21709,3,0,0,3,0
2020-07-25,US,Oklahoma,Blaine,27,0,0,35.87518314,-98.43307003,40011.0,286.3506204263443,0.0,27,26,0,0,26,24,9485,1,0,0,1,2
2020-07-25,US,Oklahoma,Bryan,303,1,0,33.96472458,-96.25903472,40013.0,631.3157620585478,0.33003300330033003,302,284,1,0,283,268,47192,19,0,0,19,16
2020-07-25,US,Oklahoma,Caddo,272,12,0,35.17364557,-98.37534464,40015.0,945.6922328071761,4.411764705882354,260,258,12,0,246,243,28977,14,0,0,14,15
2020-07-25,US,Oklahoma,Canadian,795,4,0,35.5426055,-97.98465569,40017.0,536.0538346391919,0.5031446540880503,791,786,4,0,782,744,144447,9,0,0,9,42
2020-07-25,US,Oklahoma,Carter,243,3,0,34.25103751,-97.28552485,40019.0,505.0819978799027,1.2345679012345678,240,236,3,0,233,232,48177,7,0,0,7,4
2020-07-25,US,Oklahoma,Cherokee,211,1,0,35.90692775,-94.99980896,40021.0,433.64777935343324,0.4739336492890995,210,195,1,0,194,189,48675,16,0,0,16,6
2020-07-25,US,Oklahoma,Choctaw,152,1,0,34.02807439,-95.54771129,40023.0,1035.9869138495092,0.6578947368421053,151,150,1,0,149,148,14668,2,0,0,2,2
2020-07-25,US,Oklahoma,Cimarron,1,0,0,36.74817177,-102.5173885,40025.0,46.79457182966776,0.0,1,1,0,0,1,1,2153,0,0,0,0,0
2020-07-25,US,Oklahoma,Cleveland,2048,41,0,35.20413532,-97.32519562,40027.0,721.0912138134038,2.001953125,2007,1958,40,0,1918,1887,281669,90,1,0,89,71
2020-07-25,US,Oklahoma,Coal,24,0,0,34.58840127,-96.29798747,40029.0,436.7606915377616,0.0,24,20,0,0,20,20,5520,4,0,0,4,0
2020-07-25,US,Oklahoma,Comanche,659,9,0,34.65973764,-98.47195055,40031.0,545.7602133351,1.3657056145675266,650,618,9,0,609,613,120422,41,0,0,41,5
2020-07-25,US,Oklahoma,Cotton,16,2,0,34.28845626,-98.37053567,40033.0,282.3861630780092,12.5,14,14,2,0,12,14,5776,2,0,0,2,0
2020-07-25,US,Oklahoma,Craig,53,0,0,36.76268118,-95.20916602,40035.0,374.7701880922077,0.0,53,47,0,0,47,44,14306,6,0,0,6,3
2020-07-25,US,Oklahoma,Creek,341,12,0,35.90230551,-96.37086028,40037.0,476.7763764995386,3.5190615835777126,329,321,10,0,311,308,71604,20,2,0,18,13
2020-07-25,US,Oklahoma,Custer,158,0,0,35.63853802,-99.00170785,40039.0,544.7712305623556,0.0,158,134,0,0,134,131,29036,24,0,0,24,3
2020-07-25,US,Oklahoma,Delaware,351,19,0,36.40823634,-94.80325046,40041.0,816.1082564114488,5.413105413105413,332,341,19,0,322,323,42733,10,0,0,10,18
2020-07-25,US,Oklahoma,Dewey,4,0,0,35.98772922,-99.00730714,40043.0,81.78286648947045,0.0,4,4,0,0,4,4,4894,0,0,0,0,0
2020-07-25,US,Oklahoma,Ellis,4,0,0,36.218019399999996,-99.75324573,40045.0,103.65379632029024,0.0,4,2,0,0,2,2,3952,2,0,0,2,0
2020-07-25,US,Oklahoma,Garfield,227,3,0,36.3791334,-97.78265517,40047.0,371.78983228511527,1.3215859030837005,224,220,2,0,218,201,60913,7,1,0,6,19
2020-07-25,US,Oklahoma,Garvin,172,4,0,34.70418038,-97.30811132,40049.0,620.6921439139693,2.3255813953488373,168,166,3,0,163,154,27811,6,1,0,5,12
2020-07-25,US,Oklahoma,Grady,352,6,0,35.0167709,-97.88339847,40051.0,630.4402335494501,1.7045454545454546,346,347,6,0,341,328,55551,5,0,0,5,19
2020-07-25,US,Oklahoma,Grant,6,0,0,36.796296999999996,-97.78638765,40053.0,138.4721901684745,0.0,6,6,0,0,6,5,4326,0,0,0,0,1
2020-07-25,US,Oklahoma,Greer,78,7,0,34.93535801,-99.56056120000001,40055.0,1365.546218487395,8.974358974358974,71,77,7,0,70,73,5821,1,0,0,1,4
2020-07-25,US,Oklahoma,Harmon,5,0,0,34.7440135,-99.84741652,40057.0,188.46588767433101,0.0,5,5,0,0,5,4,2664,0,0,0,0,1
2020-07-25,US,Oklahoma,Harper,4,0,0,36.78836519,-99.6679804,40059.0,108.4598698481562,0.0,4,2,0,0,2,2,3797,2,0,0,2,0
2020-07-25,US,Oklahoma,Haskell,24,0,0,35.22257600000001,-95.11513306,40061.0,190.06889997624145,0.0,24,23,0,0,23,23,12668,1,0,0,1,0
2020-07-25,US,Oklahoma,Hughes,53,1,0,35.04912569,-96.24921145,40063.0,399.1264402439943,1.8867924528301887,52,44,1,0,43,28,13335,9,0,0,9,16
2020-07-25,US,Oklahoma,Jackson,346,3,0,34.58781741,-99.41138784,40065.0,1410.5177333876886,0.8670520231213873,343,302,3,0,299,252,24949,44,0,0,44,50
2020-07-25,US,Oklahoma,Jefferson,23,0,0,34.11130184,-97.83182974,40067.0,383.20559813395516,0.0,23,23,0,0,23,23,6123,0,0,0,0,0
2020-07-25,US,Oklahoma,Johnston,28,0,0,34.31440473,-96.66011537,40069.0,252.5935949481281,0.0,28,27,0,0,27,26,10949,1,0,0,1,1
2020-07-25,US,Oklahoma,Kay,172,9,0,36.81799745,-97.14421435,40071.0,395.0571914189903,5.232558139534883,163,169,9,0,160,164,44161,3,0,0,3,5
2020-07-25,US,Oklahoma,Kingfisher,75,0,0,35.94530008,-97.94193268,40073.0,475.7373929590866,0.0,75,74,0,0,74,71,15816,1,0,0,1,3
2020-07-25,US,Oklahoma,Kiowa,23,1,0,34.91671958,-98.97720696,40075.0,264.12494258153424,4.3478260869565215,22,21,1,0,20,19,8729,2,0,0,2,2
2020-07-25,US,Oklahoma,Latimer,37,1,0,34.87844729,-95.25215049,40077.0,367.3185744068301,2.702702702702702,36,36,1,0,35,31,10231,1,0,0,1,5
2020-07-25,US,Oklahoma,Le Flore,120,1,0,34.89851864,-94.70392124,40079.0,240.70768058090786,0.8333333333333334,119,114,1,0,113,108,49980,6,0,0,6,6
2020-07-25,US,Oklahoma,Lincoln,74,2,0,35.70270942,-96.8812462,40081.0,212.17421223155662,2.702702702702702,72,71,2,0,69,66,34920,3,0,0,3,5
2020-07-25,US,Oklahoma,Logan,143,1,0,35.91899576,-97.44352845,40083.0,297.8484097394347,0.6993006993006993,142,138,1,0,137,130,47291,5,0,0,5,8
2020-07-25,US,Oklahoma,Love,60,0,0,33.95273467,-97.23906784,40085.0,585.194577196918,0.0,60,60,0,0,60,57,10134,0,0,0,0,3
2020-07-25,US,Oklahoma,Major,22,1,0,36.31149996,-98.53467076,40093.0,288.3733123607288,4.545454545454546,21,21,1,0,20,20,7644,1,0,0,1,1
2020-07-25,US,Oklahoma,Marshall,59,0,0,34.02311222,-96.76855464,40095.0,348.4732148130648,0.0,59,59,0,0,59,59,16806,0,0,0,0,0
2020-07-25,US,Oklahoma,Mayes,234,5,0,36.30179091,-95.23175116,40097.0,569.3430656934306,2.1367521367521367,229,227,5,0,222,214,41107,7,0,0,7,13
2020-07-25,US,Oklahoma,McClain,336,4,0,35.01123903,-97.44572302,40087.0,830.1625735039778,1.1904761904761905,332,332,4,0,328,322,39985,4,0,0,4,10
2020-07-25,US,Oklahoma,McCurtain,762,20,0,34.11664328,-94.77222373,40089.0,2320.906432748538,2.6246719160104988,742,755,19,0,736,739,32703,7,1,0,6,16
2020-07-25,US,Oklahoma,McIntosh,124,1,0,35.37235506,-95.66599306,40091.0,632.7822004490713,0.8064516129032258,123,119,1,0,118,110,19815,5,0,0,5,9
2020-07-25,US,Oklahoma,Murray,49,0,0,34.48116015,-97.06826283,40099.0,348.18446670930155,0.0,49,47,0,0,47,40,13953,2,0,0,2,7
2020-07-25,US,Oklahoma,Muskogee,316,16,0,35.61318461,-95.37802952,40101.0,464.726384987573,5.063291139240507,300,304,16,0,288,294,68362,12,0,0,12,10
2020-07-25,US,Oklahoma,Noble,71,2,0,36.38953329,-97.22928674,40103.0,637.8582337615668,2.8169014084507036,69,69,2,0,67,66,11289,2,0,0,2,3
2020-07-25,US,Oklahoma,Nowata,45,1,0,36.79843529,-95.61902331,40105.0,446.60579595077417,2.2222222222222223,44,44,1,0,43,44,10218,1,0,0,1,0
2020-07-25,US,Oklahoma,Okfuskee,33,0,0,35.46485198,-96.32639984,40107.0,275.1605102976736,0.0,33,31,0,0,31,25,12098,2,0,0,2,6
2020-07-25,US,Oklahoma,Oklahoma,7415,90,0,35.55140095,-97.40716948,40109.0,929.8575179889496,1.2137559002022926,7325,7239,88,0,7151,6981,792582,176,2,0,174,258
2020-07-25,US,Oklahoma,Okmulgee,280,0,0,35.64661916,-95.96432828,40111.0,727.9344858962693,0.0,280,272,0,0,272,251,38335,8,0,0,8,21
2020-07-25,US,Oklahoma,Osage,284,10,0,36.62888819,-96.39635704,40113.0,604.7313842812426,3.5211267605633805,274,277,10,0,267,270,47014,7,0,0,7,7
2020-07-25,US,Oklahoma,Ottawa,260,2,0,36.83532655,-94.81011909,40115.0,835.2876923571176,0.7692307692307693,258,248,2,0,246,244,31175,12,0,0,12,4
2020-07-25,US,Oklahoma,Pawnee,101,3,0,36.31743373,-96.70331759999999,40117.0,616.7562286272594,2.9702970297029703,98,94,3,0,91,92,16390,7,0,0,7,2
2020-07-25,US,Oklahoma,Payne,583,3,0,36.07695283,-96.97584944,40119.0,712.8533698522939,0.5145797598627787,580,575,2,0,573,565,82040,8,1,0,7,10
2020-07-25,US,Oklahoma,Pittsburg,125,3,0,34.92065823,-95.75134320000001,40121.0,286.3426031978742,2.4,122,123,3,0,120,103,43877,2,0,0,2,20
2020-07-25,US,Oklahoma,Pontotoc,124,2,0,34.72959848,-96.68337199,40123.0,323.8950997805872,1.6129032258064515,122,122,2,0,120,116,38247,2,0,0,2,6
2020-07-25,US,Oklahoma,Pottawatomie,270,6,0,35.20614018,-96.94923008,40125.0,371.94181176989196,2.2222222222222223,264,259,6,0,253,246,72679,11,0,0,11,13
2020-07-25,US,Oklahoma,Pushmataha,53,0,0,34.41635232,-95.37603505,40127.0,477.64960346070654,0.0,53,51,0,0,51,47,11179,2,0,0,2,4
2020-07-25,US,Oklahoma,Roger Mills,6,0,0,35.68711719,-99.69666167,40129.0,167.45743790120008,0.0,6,6,0,0,6,6,3656,0,0,0,0,0
2020-07-25,US,Oklahoma,Rogers,577,12,0,36.37004357,-95.60406759,40131.0,624.0603943369492,2.079722703639515,565,543,12,0,531,499,91984,34,0,0,34,44
2020-07-25,US,Oklahoma,Seminole,127,5,0,35.16478725,-96.61686741,40133.0,523.5386264325172,3.9370078740157477,122,119,5,0,114,106,24578,8,0,0,8,13
2020-07-25,US,Oklahoma,Sequoyah,138,3,0,35.49447108,-94.75463785,40135.0,331.9781567995381,2.1739130434782608,135,126,3,0,123,118,41179,12,0,0,12,8
2020-07-25,US,Oklahoma,Stephens,142,1,0,34.48556989,-97.85141892,40137.0,329.13798298681127,0.7042253521126759,141,132,1,0,131,130,43265,10,0,0,10,2
2020-07-25,US,Oklahoma,Texas,1016,7,0,36.74777635,-101.4889765,40139.0,5084.321673422409,0.6889763779527559,1009,1012,7,0,1005,1010,20455,4,0,0,4,2
2020-07-25,US,Oklahoma,Tillman,43,1,0,34.37288446,-98.92426619,40141.0,593.1034482758621,2.3255813953488373,42,39,1,0,38,38,7348,4,0,0,4,1
2020-07-25,US,Oklahoma,Tulsa,7307,90,0,36.11939621,-95.94013939,40143.0,1121.476106281617,1.2316956343232517,7217,7111,89,0,7022,6856,648360,196,1,0,195,255
2020-07-25,US,Oklahoma,Wagoner,562,20,0,35.96024096,-95.51911308,40145.0,691.3604546740642,3.5587188612099645,542,537,19,0,518,516,80110,25,1,0,24,21
2020-07-25,US,Oklahoma,Washington,526,39,0,36.71380786,-95.90514104,40147.0,1020.8240340015914,7.414448669201522,487,516,39,0,477,506,51843,10,0,0,10,10
2020-07-25,US,Oklahoma,Washita,17,0,0,35.29071824,-98.99180434,40149.0,155.734701355808,0.0,17,14,0,0,14,14,11127,3,0,0,3,0
2020-07-25,US,Oklahoma,Woods,14,0,0,36.76705782,-98.86573064,40151.0,159.21755942226773,0.0,14,14,0,0,14,16,8897,0,0,0,0,-2
2020-07-25,US,Oklahoma,Woodward,27,0,0,36.42316318,-99.26283045,40153.0,133.5906189698679,0.0,27,27,0,0,27,26,20222,0,0,0,0,1
2020-07-25,US,Oregon,Baker,17,0,0,44.70915557,-117.6749883,41001.0,105.43289506325974,0.0,17,17,0,0,17,16,16006,0,0,0,0,1
2020-07-25,US,Oregon,Benton,132,6,0,44.49167306,-123.4316987,41003.0,141.85464197822745,4.545454545454546,126,132,6,0,126,132,92101,0,0,0,0,0
2020-07-25,US,Oregon,Clackamas,1227,34,0,45.18787398,-122.2179634,41005.0,293.4094077529909,2.7709861450692745,1193,1227,34,0,1193,1201,416075,0,0,0,0,26
2020-07-25,US,Oregon,Clatsop,68,0,0,45.99712889,-123.660711,41007.0,169.0533015115354,0.0,68,68,0,0,68,68,39764,0,0,0,0,0
2020-07-25,US,Oregon,Columbia,67,0,0,45.94464254,-123.08908980000001,41009.0,127.97493983267752,0.0,67,67,0,0,67,66,52377,0,0,0,0,1
2020-07-25,US,Oregon,Coos,76,0,0,43.17406868,-124.0594514,41011.0,117.85321072464218,0.0,76,76,0,0,76,76,64389,0,0,0,0,0
2020-07-25,US,Oregon,Crook,30,1,0,44.14230227,-120.356297,41013.0,122.93066710375349,3.333333333333333,29,30,1,0,29,29,23867,0,0,0,0,1
2020-07-25,US,Oregon,Curry,13,0,0,42.45911325,-124.15728200000001,41015.0,56.70665212649946,0.0,13,13,0,0,13,11,22813,0,0,0,0,2
2020-07-25,US,Oregon,Deschutes,419,3,0,43.91570171,-121.2289121,41017.0,211.94585516864618,0.7159904534606205,416,419,3,0,416,405,191996,0,0,0,0,14
2020-07-25,US,Oregon,Douglas,111,1,0,43.27941273,-123.16729099999999,41019.0,100.0180212650928,0.9009009009009008,110,111,1,0,110,105,110283,0,0,0,0,6
2020-07-25,US,Oregon,Gilliam,3,0,0,45.37160076,-120.20488689999999,41021.0,156.90376569037656,0.0,3,3,0,0,3,2,1894,0,0,0,0,1
2020-07-25,US,Oregon,Grant,2,0,0,44.49024544,-119.0068631,41023.0,27.781636338380327,0.0,2,2,0,0,2,2,7176,0,0,0,0,0
2020-07-25,US,Oregon,Harney,5,0,0,43.06422669,-118.96663059999999,41025.0,67.63154335181929,0.0,5,5,0,0,5,5,7329,0,0,0,0,0
2020-07-25,US,Oregon,Hood River,144,0,0,45.51872811,-121.65520359999998,41027.0,615.8583525789069,0.0,144,144,0,0,144,140,23428,0,0,0,0,4
2020-07-25,US,Oregon,Jackson,269,0,0,42.43201126,-122.72893090000001,41029.0,121.75030777029474,0.0,269,269,0,0,269,265,219564,0,0,0,0,4
2020-07-25,US,Oregon,Jefferson,244,0,0,44.62806839,-121.17832,41031.0,989.5368643036743,0.0,244,244,0,0,244,222,24192,0,0,0,0,22
2020-07-25,US,Oregon,Josephine,79,1,0,42.3665549,-123.5561938,41033.0,90.2991301564804,1.2658227848101269,78,79,1,0,78,78,87393,0,0,0,0,1
2020-07-25,US,Oregon,Klamath,177,1,0,42.68762984,-121.64964609999998,41035.0,259.3862657170491,0.5649717514124294,176,177,1,0,176,175,67653,0,0,0,0,2
2020-07-25,US,Oregon,Lake,31,0,0,42.79246693,-120.38501629999999,41037.0,393.95094675308167,0.0,31,31,0,0,31,31,7879,0,0,0,0,0
2020-07-25,US,Oregon,Lane,435,3,0,43.93727035,-122.847753,41039.0,113.85437632666522,0.6896551724137931,432,435,3,0,432,419,379611,0,0,0,0,16
2020-07-25,US,Oregon,Lincoln,377,8,0,44.64252874,-123.86991200000001,41041.0,754.5734758416396,2.122015915119364,369,377,8,0,369,378,49388,0,0,0,0,-1
2020-07-25,US,Oregon,Linn,215,10,0,44.48899494,-122.53731540000001,41043.0,165.70455263624382,4.651162790697675,205,215,10,0,205,207,127335,0,0,0,0,8
2020-07-25,US,Oregon,Malheur,557,7,0,43.1937027,-117.62273950000001,41045.0,1821.9881587125049,1.2567324955116697,550,557,7,0,550,539,30725,0,0,0,0,18
2020-07-25,US,Oregon,Marion,2333,64,0,44.90287942,-122.58151170000001,41047.0,670.753095009459,2.743249035576511,2269,2333,64,0,2269,2277,346868,0,0,0,0,56
2020-07-25,US,Oregon,Morrow,222,1,0,45.41846568,-119.584546,41049.0,1913.298284926312,0.4504504504504505,221,222,1,0,221,212,11372,0,0,0,0,10
2020-07-25,US,Oregon,Multnomah,3813,78,0,45.54747959,-122.4169351,41051.0,469.0873526028627,2.045633359559402,3735,3813,78,0,3735,3743,811880,0,0,0,0,70
2020-07-25,US,Oregon,Polk,231,12,0,44.90322804,-123.4128888,41053.0,268.33943195678694,5.194805194805196,219,231,12,0,219,225,85234,0,0,0,0,6
2020-07-25,US,Oregon,Sherman,8,0,0,45.41501554,-120.6827834,41055.0,449.438202247191,0.0,8,8,0,0,8,8,1708,0,0,0,0,0
2020-07-25,US,Oregon,Tillamook,24,0,0,45.46248721,-123.712066,41057.0,88.7705281846427,0.0,24,24,0,0,24,24,26787,0,0,0,0,0
2020-07-25,US,Oregon,Umatilla,1563,15,0,45.59073056,-118.7353826,41059.0,2005.1314945477868,0.9596928982725528,1548,1563,15,0,1548,1503,77516,0,0,0,0,60
2020-07-25,US,Oregon,Union,385,2,0,45.30915495,-118.0068979,41061.0,1434.6934972983045,0.5194805194805194,383,385,2,0,383,385,26461,0,0,0,0,0
2020-07-25,US,Oregon,Wallowa,18,1,0,45.57894064,-117.18353799999998,41063.0,249.7225305216426,5.5555555555555545,17,18,1,0,17,18,7081,0,0,0,0,0
2020-07-25,US,Oregon,Wasco,139,3,0,45.16292781,-121.16709540000001,41065.0,520.9504534892437,2.1582733812949644,136,139,3,0,136,138,26505,0,0,0,0,1
2020-07-25,US,Oregon,Washington,2406,22,0,45.55972701,-123.0955257,41067.0,399.9388289737896,0.914380714879468,2384,2406,22,0,2384,2352,597695,0,0,0,0,54
2020-07-25,US,Oregon,Yamhill,264,9,0,45.23330449,-123.3086963,41071.0,246.49859943977592,3.4090909090909087,255,264,9,0,255,256,107002,0,0,0,0,8
2020-07-25,US,Pennsylvania,Adams,442,17,0,39.87140411,-77.21610347,42001.0,429.0887204030716,3.8461538461538463,425,441,17,0,424,437,102811,1,0,0,1,4
2020-07-25,US,Pennsylvania,Allegheny,7161,218,0,40.46809875,-79.98167747,42003.0,588.8762340209449,3.0442675603965927,6943,7015,216,0,6799,6817,1218452,146,2,0,144,198
2020-07-25,US,Pennsylvania,Armstrong,151,6,0,40.81665618,-79.46290811,42005.0,233.2586699621534,3.9735099337748334,145,138,6,0,132,134,65263,13,0,0,13,4
2020-07-25,US,Pennsylvania,Beaver,1101,82,0,40.6825484,-80.34921611,42007.0,671.632231026847,7.447774750227066,1019,1084,82,0,1002,1053,164742,17,0,0,17,31
2020-07-25,US,Pennsylvania,Bedford,113,4,0,40.00522157,-78.48998442,42009.0,235.96725693284333,3.5398230088495577,109,112,4,0,108,109,48176,1,0,0,1,3
2020-07-25,US,Pennsylvania,Berks,5008,362,0,40.41570541,-75.92457766,42011.0,1189.085486888718,7.2284345047923315,4646,4977,362,0,4615,4919,420152,31,0,0,31,58
2020-07-25,US,Pennsylvania,Blair,171,2,0,40.47961444,-78.34917412,42013.0,140.36066946293576,1.1695906432748535,169,165,2,0,163,157,122492,6,0,0,6,8
2020-07-25,US,Pennsylvania,Bradford,75,3,0,41.78869215,-76.51570822,42015.0,124.33068647116356,4.0,72,72,3,0,69,71,60833,3,0,0,3,1
2020-07-25,US,Pennsylvania,Bucks,6664,574,0,40.33682119,-75.10836643,42017.0,1060.6904674741752,8.61344537815126,6090,6614,574,0,6040,6542,628195,50,0,0,50,72
2020-07-25,US,Pennsylvania,Butler,544,14,0,40.91152759,-79.91351055,42019.0,289.5881354037465,2.573529411764706,530,535,14,0,521,519,187888,9,0,0,9,16
2020-07-25,US,Pennsylvania,Cambria,215,3,0,40.49527404,-78.71377428,42021.0,165.14071525132113,1.3953488372093024,212,205,3,0,202,191,131730,10,0,0,10,14
2020-07-25,US,Pennsylvania,Cameron,5,0,0,41.43625568,-78.20376845,42023.0,112.4353496739375,0.0,5,5,0,0,5,5,4492,0,0,0,0,0
2020-07-25,US,Pennsylvania,Carbon,345,28,0,40.91545395,-75.7068525,42025.0,537.5338880059829,8.115942028985508,317,342,28,0,314,336,64227,3,0,0,3,6
2020-07-25,US,Pennsylvania,Centre,313,9,0,40.92058903,-77.82200624,42027.0,192.75179357699287,2.8753993610223643,304,306,9,0,297,304,162805,7,0,0,7,2
2020-07-25,US,Pennsylvania,Chester,4580,343,0,39.97291773,-75.74768357,42029.0,872.3992312219873,7.4890829694323156,4237,4580,343,0,4237,4517,522046,0,0,0,0,63
2020-07-25,US,Pennsylvania,Clarion,72,2,0,41.19265812,-79.42413524,42031.0,187.31463655757324,2.7777777777777777,70,71,2,0,69,71,38779,1,0,0,1,0
2020-07-25,US,Pennsylvania,Clearfield,114,0,0,41.00110782,-78.47592663,42033.0,143.83950539398143,0.0,114,110,0,0,110,107,79388,4,0,0,4,3
2020-07-25,US,Pennsylvania,Clinton,107,5,0,41.23255967,-77.63785995,42035.0,276.97245806585215,4.672897196261682,102,107,5,0,102,105,38684,0,0,0,0,2
2020-07-25,US,Pennsylvania,Columbia,446,35,0,41.04821986,-76.40565017,42037.0,686.5340804137676,7.8475336322869955,411,445,35,0,410,443,65456,1,0,0,1,2
2020-07-25,US,Pennsylvania,Crawford,118,1,0,41.68447709,-80.10760592,42039.0,139.43210956055253,0.8474576271186439,117,117,1,0,116,114,85063,1,0,0,1,3
2020-07-25,US,Pennsylvania,Cumberland,1106,70,0,40.1625372,-77.26130755,42041.0,436.5157674547104,6.329113924050633,1036,1090,70,0,1020,1066,251423,16,0,0,16,24
2020-07-25,US,Pennsylvania,Dauphin,2526,152,0,40.41377078,-76.77993242,42043.0,907.6568726441703,6.0174188440221705,2374,2499,152,0,2347,2480,277097,27,0,0,27,19
2020-07-25,US,Pennsylvania,Delaware,8250,681,0,39.91680171,-75.40243663,42045.0,1455.6759894626705,8.254545454545454,7569,8140,679,0,7461,8049,564751,110,2,0,108,91
2020-07-25,US,Pennsylvania,Elk,39,2,0,41.42822061,-78.64524744,42047.0,130.3911735205617,5.128205128205129,37,38,2,0,36,38,30169,1,0,0,1,0
2020-07-25,US,Pennsylvania,Erie,847,15,0,41.99253829,-80.03301954,42049.0,314.0200498279748,1.770956316410862,832,838,14,0,824,818,272061,9,1,0,8,20
2020-07-25,US,Pennsylvania,Fayette,307,4,0,39.92041012,-79.64291195,42051.0,237.4800810681189,1.3029315960912051,303,301,4,0,297,294,130441,6,0,0,6,7
2020-07-25,US,Pennsylvania,Forest,7,0,0,41.51095103,-79.23229292,42053.0,96.59169311439214,0.0,7,7,0,0,7,7,7279,0,0,0,0,0
2020-07-25,US,Pennsylvania,Franklin,1186,46,0,39.92956518,-77.72157791,42055.0,765.0280273758765,3.87858347386172,1140,1176,46,0,1130,1146,154835,10,0,0,10,30
2020-07-25,US,Pennsylvania,Fulton,21,2,0,39.92913544,-78.11163677,42057.0,144.52856159669648,9.523809523809524,19,20,2,0,18,20,14523,1,0,0,1,0
2020-07-25,US,Pennsylvania,Greene,97,0,0,39.85746531,-80.22357106,42059.0,267.71175447796213,0.0,97,94,0,0,94,93,36506,3,0,0,3,1
2020-07-25,US,Pennsylvania,Huntingdon,279,4,0,40.42162652,-77.97673273,42061.0,618.0223285486443,1.4336917562724014,275,276,4,0,272,273,45168,3,0,0,3,3
2020-07-25,US,Pennsylvania,Indiana,206,6,0,40.65241041,-79.08963285,42063.0,245.0251567090505,2.9126213592233015,200,193,6,0,187,186,84501,13,0,0,13,7
2020-07-25,US,Pennsylvania,Jefferson,49,1,0,41.12913106,-78.9986361,42065.0,112.83822682786413,2.0408163265306123,48,48,1,0,47,48,43641,1,0,0,1,0
2020-07-25,US,Pennsylvania,Juniata,122,6,0,40.53358749,-77.39975129999998,42067.0,492.67051649638574,4.918032786885246,116,122,6,0,116,121,24704,0,0,0,0,1
2020-07-25,US,Pennsylvania,Lackawanna,1851,212,0,41.43564672,-75.60379201,42069.0,882.7990117992696,11.453268503511614,1639,1845,212,0,1633,1833,210793,6,0,0,6,12
2020-07-25,US,Pennsylvania,Lancaster,5263,401,0,40.03904563,-76.24770128,42071.0,964.4069163166728,7.619228576857307,4862,5228,400,0,4828,5122,543557,35,1,0,34,106
2020-07-25,US,Pennsylvania,Lawrence,280,11,0,40.99206278,-80.33393706,42073.0,327.43942370661426,3.928571428571429,269,272,11,0,261,261,86184,8,0,0,8,11
2020-07-25,US,Pennsylvania,Lebanon,1541,54,0,40.36680311,-76.45651841,42075.0,1086.795539977291,3.5042180402336145,1487,1533,54,0,1479,1529,141314,8,0,0,8,4
2020-07-25,US,Pennsylvania,Lehigh,4667,334,0,40.6154815,-75.59435245,42077.0,1263.680622119691,7.1566316691664875,4333,4624,334,0,4290,4609,368100,43,0,0,43,15
2020-07-25,US,Pennsylvania,Luzerne,3130,183,0,41.17823008,-75.98447579,42079.0,986.0845512370164,5.8466453674121395,2947,3107,183,0,2924,3091,317646,23,0,0,23,16
2020-07-25,US,Pennsylvania,Lycoming,292,20,0,41.34310539,-77.06629984,42081.0,257.72513437894423,6.849315068493151,272,290,20,0,270,282,113664,2,0,0,2,8
2020-07-25,US,Pennsylvania,McKean,26,1,0,41.80938602,-78.56478358,42083.0,64.0,3.8461538461538463,25,26,1,0,25,26,40968,0,0,0,0,0
2020-07-25,US,Pennsylvania,Mercer,293,9,0,41.30248872,-80.25816981,42085.0,267.76575522737244,3.0716723549488054,284,289,9,0,280,282,110683,4,0,0,4,7
2020-07-25,US,Pennsylvania,Mifflin,89,1,0,40.61116939,-77.61070738,42087.0,192.89956218301617,1.1235955056179776,88,87,1,0,86,84,46222,2,0,0,2,3
2020-07-25,US,Pennsylvania,Monroe,1551,120,0,41.05934058,-75.34031025,42089.0,910.9008580439418,7.7369439071566735,1431,1539,120,0,1419,1536,169507,12,0,0,12,3
2020-07-25,US,Pennsylvania,Montgomery,9444,844,0,40.21053671,-75.36652296,42091.0,1136.5783503727819,8.93689114781872,8600,9385,844,0,8541,9311,828604,59,0,0,59,74
2020-07-25,US,Pennsylvania,Montour,89,3,0,41.03023987,-76.66345939,42093.0,488.2062534284147,3.3707865168539324,86,87,3,0,84,86,18240,2,0,0,2,1
2020-07-25,US,Pennsylvania,Northampton,3727,289,0,40.75182733,-75.30471829,42095.0,1220.826440866731,7.754225918969682,3438,3703,289,0,3414,3686,304807,24,0,0,24,17
2020-07-25,US,Pennsylvania,Northumberland,379,11,0,40.84785433,-76.70798222,42097.0,417.20330680404646,2.9023746701846966,368,375,11,0,364,369,91083,4,0,0,4,6
2020-07-25,US,Pennsylvania,Perry,106,5,0,40.40206612,-77.26297447,42099.0,229.0802213001384,4.716981132075472,101,105,5,0,100,101,46139,1,0,0,1,4
2020-07-25,US,Pennsylvania,Philadelphia,29303,1676,0,40.00338507,-75.1379271,42101.0,1849.8621267827561,5.719550899225335,27627,29303,1676,0,27627,29102,1584138,0,0,0,0,201
2020-07-25,US,Pennsylvania,Pike,521,21,0,41.33155042,-75.03208106,42103.0,933.5411851135119,4.030710172744722,500,519,21,0,498,517,55933,2,0,0,2,2
2020-07-25,US,Pennsylvania,Potter,20,0,0,41.74471626,-77.89559864,42105.0,121.0214207914801,0.0,20,20,0,0,20,20,16622,0,0,0,0,0
2020-07-25,US,Pennsylvania,Schuylkill,843,49,0,40.70497338,-76.2150785,42107.0,596.3539640206849,5.8125741399762765,794,835,49,0,786,830,142067,8,0,0,8,5
2020-07-25,US,Pennsylvania,Snyder,87,2,0,40.77129231,-77.06840691,42109.0,215.4958882393738,2.2988505747126435,85,86,2,0,84,85,40540,1,0,0,1,1
2020-07-25,US,Pennsylvania,Somerset,106,2,0,39.97172723,-79.02699593,42111.0,144.32175582392745,1.8867924528301887,104,106,2,0,104,105,73952,0,0,0,0,1
2020-07-25,US,Pennsylvania,Sullivan,10,0,0,41.44634738,-76.51246591,42113.0,164.85328058028355,0.0,10,10,0,0,10,10,6071,0,0,0,0,0
2020-07-25,US,Pennsylvania,Susquehanna,204,26,0,41.82147784,-75.80071959,42115.0,505.8520134893871,12.745098039215687,178,203,26,0,177,203,40589,1,0,0,1,0
2020-07-25,US,Pennsylvania,Tioga,35,2,0,41.77255149,-77.25433032,42117.0,86.22601069202534,5.7142857142857135,33,34,2,0,32,33,40763,1,0,0,1,1
2020-07-25,US,Pennsylvania,Union,119,2,0,40.96188846,-77.05996014,42119.0,264.8977138659484,1.680672268907563,117,116,2,0,114,115,44785,3,0,0,3,1
2020-07-25,US,Pennsylvania,Venango,53,0,0,41.40323442,-79.75845449,42121.0,104.60251046025104,0.0,53,53,0,0,53,53,51266,0,0,0,0,0
2020-07-25,US,Pennsylvania,Warren,14,1,0,41.81304978,-79.26969577,42123.0,35.72248730575897,7.142857142857142,13,14,1,0,13,14,39498,0,0,0,0,0
2020-07-25,US,Pennsylvania,Washington,654,10,0,40.19208869,-80.24582867,42125.0,316.1482126024219,1.529051987767584,644,637,10,0,627,613,207346,17,0,0,17,24
2020-07-25,US,Pennsylvania,Wayne,152,8,0,41.64938475,-75.29956506,42127.0,295.9443936060435,5.2631578947368425,144,151,8,0,143,151,51276,1,0,0,1,0
2020-07-25,US,Pennsylvania,Westmoreland,1271,43,0,40.31377979999999,-79.46615476,42129.0,364.2888056428938,3.3831628638867035,1228,1252,42,0,1210,1234,350611,19,1,0,18,18
2020-07-25,US,Pennsylvania,Wyoming,56,7,0,41.51955538,-76.01074915,42131.0,209.00201537657685,12.5,49,56,7,0,49,56,27046,0,0,0,0,0
2020-07-25,US,Pennsylvania,York,2152,80,0,39.9210089,-76.73040131,42133.0,479.2254007277456,3.717472118959108,2072,2119,79,0,2040,2098,448273,33,1,0,32,21
2020-07-25,US,Puerto Rico,Adjuntas,74,0,0,18.180117000000006,-66.754367,72001.0,379.81830313606736,0.0,74,73,0,0,73,72,,1,0,0,1,1
2020-07-25,US,Puerto Rico,Aguada,89,0,0,18.360255,-67.17513100000001,72003.0,212.111823446698,0.0,89,84,0,0,84,82,,5,0,0,5,2
2020-07-25,US,Puerto Rico,Aguadilla,142,0,0,18.459681,-67.12081500000001,72005.0,232.98167320218545,0.0,142,135,0,0,135,130,,7,0,0,7,5
2020-07-25,US,Puerto Rico,Aguas Buenas,91,0,0,18.251619,-66.126806,72007.0,317.52678041801875,0.0,91,87,0,0,87,85,,4,0,0,4,2
2020-07-25,US,Puerto Rico,Aibonito,67,0,0,18.131361,-66.264131,72009.0,258.6872586872587,0.0,67,64,0,0,64,64,,3,0,0,3,0
2020-07-25,US,Puerto Rico,Anasco,99,0,0,18.287985,-67.120611,72011.0,338.3343016301562,0.0,99,97,0,0,97,97,,2,0,0,2,0
2020-07-25,US,Puerto Rico,Arecibo,224,0,0,18.406631,-66.675077,72013.0,232.2687681459975,0.0,224,208,0,0,208,202,,16,0,0,16,6
2020-07-25,US,Puerto Rico,Arroyo,68,0,0,17.998457000000005,-66.056546,72015.0,347.38186462324387,0.0,68,68,0,0,68,67,,0,0,0,0,1
2020-07-25,US,Puerto Rico,Barceloneta,51,0,0,18.445533,-66.56053100000001,72017.0,205.51257253384915,0.0,51,46,0,0,46,43,,5,0,0,5,3
2020-07-25,US,Puerto Rico,Barranquitas,154,0,0,18.201592,-66.30963,72019.0,507.94907315785997,0.0,154,147,0,0,147,138,,7,0,0,7,9
2020-07-25,US,Puerto Rico,Bayamon,912,0,0,18.34946,-66.168435,72021.0,438.2171481289282,0.0,912,864,0,0,864,839,,48,0,0,48,25
2020-07-25,US,Puerto Rico,Cabo Rojo,152,0,0,18.040993,-67.154391,72023.0,298.5250505725004,0.0,152,150,0,0,150,144,,2,0,0,2,6
2020-07-25,US,Puerto Rico,Caguas,486,0,0,18.211615,-66.050779,72025.0,340.1146312275618,0.0,486,470,0,0,470,456,,16,0,0,16,14
2020-07-25,US,Puerto Rico,Camuy,78,0,0,18.418578,-66.860206,72027.0,221.8493131203959,0.0,78,75,0,0,75,70,,3,0,0,3,5
2020-07-25,US,Puerto Rico,Canovanas,247,0,0,18.328802,-65.887612,72029.0,518.3848220282068,0.0,247,242,0,0,242,236,,5,0,0,5,6
2020-07-25,US,Puerto Rico,Carolina,740,0,0,18.374986,-65.95683100000001,72031.0,418.6420158178794,0.0,740,698,0,0,698,676,,42,0,0,42,22
2020-07-25,US,Puerto Rico,Catano,119,0,0,18.437269,-66.14330600000001,72033.0,422.88557213930346,0.0,119,112,0,0,112,104,,7,0,0,7,8
2020-07-25,US,Puerto Rico,Cayey,152,0,0,18.102851,-66.14914,72035.0,315.88353872690624,0.0,152,146,0,0,146,142,,6,0,0,6,4
2020-07-25,US,Puerto Rico,Ceiba,48,0,0,18.251818,-65.666416,72037.0,352.1385078130732,0.0,48,46,0,0,46,45,,2,0,0,2,1
2020-07-25,US,Puerto Rico,Ciales,102,0,0,18.28885,-66.516475,72039.0,543.0731551485463,0.0,102,96,0,0,96,89,,6,0,0,6,7
2020-07-25,US,Puerto Rico,Cidra,119,0,0,18.173559,-66.161179,72041.0,273.6890524379025,0.0,119,108,0,0,108,107,,11,0,0,11,1
2020-07-25,US,Puerto Rico,Coamo,89,0,0,18.097597,-66.36014,72043.0,219.68799368088472,0.0,89,83,0,0,83,79,,6,0,0,6,4
2020-07-25,US,Puerto Rico,Comerio,92,0,0,18.224687,-66.221622,72045.0,442.77601309076914,0.0,92,89,0,0,89,86,,3,0,0,3,3
2020-07-25,US,Puerto Rico,Corozal,107,0,0,18.304264,-66.327738,72047.0,288.08357115933444,0.0,107,98,0,0,98,92,,9,0,0,9,6
2020-07-25,US,Puerto Rico,Culebra,14,0,0,18.31586,-65.28813000000001,72049.0,770.0770077007701,0.0,14,13,0,0,13,13,,1,0,0,1,0
2020-07-25,US,Puerto Rico,Dorado,203,0,0,18.436115,-66.278669,72051.0,531.9009563736407,0.0,203,198,0,0,198,189,,5,0,0,5,9
2020-07-25,US,Puerto Rico,Fajardo,154,0,0,18.318373,-65.666866,72053.0,416.29497472494796,0.0,154,152,0,0,152,144,,2,0,0,2,8
2020-07-25,US,Puerto Rico,Florida,103,0,0,18.373715,-66.560488,72054.0,812.3028391167192,0.0,103,102,0,0,102,100,,1,0,0,1,2
2020-07-25,US,Puerto Rico,Guanica,52,0,0,17.982429,-66.91964300000001,72055.0,267.66870849848146,0.0,52,52,0,0,52,51,,0,0,0,0,1
2020-07-25,US,Puerto Rico,Guayama,114,0,0,18.007516,-66.13390799999999,72057.0,251.31167056126273,0.0,114,110,0,0,110,105,,4,0,0,4,5
2020-07-25,US,Puerto Rico,Guayanilla,97,0,0,18.039942,-66.79186,72059.0,449.4694407117372,0.0,97,97,0,0,97,94,,0,0,0,0,3
2020-07-25,US,Puerto Rico,Guaynabo,605,0,0,18.345114,-66.11452299999999,72061.0,617.8260691965198,0.0,605,581,0,0,581,568,,24,0,0,24,13
2020-07-25,US,Puerto Rico,Gurabo,172,0,0,18.266461,-65.97970500000001,72063.0,379.11349159117447,0.0,172,167,0,0,167,163,,5,0,0,5,4
2020-07-25,US,Puerto Rico,Hatillo,72,0,0,18.410928,-66.79632600000001,72065.0,171.62062307820656,0.0,72,71,0,0,71,70,,1,0,0,1,1
2020-07-25,US,Puerto Rico,Hormigueros,73,0,0,18.134532,-67.113972,72067.0,423.18840579710144,0.0,73,71,0,0,71,71,,2,0,0,2,0
2020-07-25,US,Puerto Rico,Humacao,136,0,0,18.145211,-65.810174,72069.0,232.61382683953067,0.0,136,130,0,0,130,128,,6,0,0,6,2
2020-07-25,US,Puerto Rico,Isabela,97,0,0,18.44981,-67.005093,72071.0,212.57478468584952,0.0,97,93,0,0,93,88,,4,0,0,4,5
2020-07-25,US,Puerto Rico,Jayuya,172,0,0,18.211446,-66.58878,72073.0,1033.5296238432882,0.0,172,172,0,0,172,171,,0,0,0,0,1
2020-07-25,US,Puerto Rico,Juana Diaz,152,0,0,18.050764,-66.49458100000001,72075.0,190.24494036071442,0.0,152,146,0,0,146,140,,6,0,0,6,6
2020-07-25,US,Puerto Rico,Juncos,83,0,0,18.223793,-65.909109,72077.0,206.00645321419708,0.0,83,82,0,0,82,75,,1,0,0,1,7
2020-07-25,US,Puerto Rico,Lajas,63,0,0,18.011661,-67.040585,72079.0,244.63169339494428,0.0,63,62,0,0,62,61,,1,0,0,1,1
2020-07-25,US,Puerto Rico,Lares,111,0,0,18.269035,-66.867236,72081.0,360.94039605892107,0.0,111,110,0,0,110,107,,1,0,0,1,3
2020-07-25,US,Puerto Rico,Las Marias,42,0,0,18.23679,-66.98362,72083.0,425.05819249063865,0.0,42,38,0,0,38,36,,4,0,0,4,2
2020-07-25,US,Puerto Rico,Las Piedras,116,0,0,18.187527,-65.86946800000001,72085.0,299.9353587588882,0.0,116,113,0,0,113,109,,3,0,0,3,4
2020-07-25,US,Puerto Rico,Loiza,69,0,0,18.425688,-65.89943000000001,72087.0,229.54091816367264,0.0,69,67,0,0,67,65,,2,0,0,2,2
2020-07-25,US,Puerto Rico,Luquillo,81,0,0,18.342114,-65.72509699999999,72089.0,403.62766593581824,0.0,81,77,0,0,77,73,,4,0,0,4,4
2020-07-25,US,Puerto Rico,Manati,134,0,0,18.420473,-66.490461,72091.0,303.76532994808787,0.0,134,114,0,0,114,107,,20,0,0,20,7
2020-07-25,US,Puerto Rico,Maricao,38,0,0,18.171795,-66.942126,72093.0,605.4811982154239,0.0,38,36,0,0,36,36,,2,0,0,2,0
2020-07-25,US,Puerto Rico,Maunabo,44,0,0,18.017889,-65.922235,72095.0,359.918200408998,0.0,44,41,0,0,41,41,,3,0,0,3,0
2020-07-25,US,Puerto Rico,Mayaguez,370,0,0,18.2013,-67.1452,72097.0,415.3569824876515,0.0,370,355,0,0,355,341,,15,0,0,15,14
2020-07-25,US,Puerto Rico,Moca,122,0,0,18.377805,-67.080952,72099.0,304.1711336607744,0.0,122,113,0,0,113,104,,9,0,0,9,9
2020-07-25,US,Puerto Rico,Morovis,161,0,0,18.316963,-66.420383,72101.0,493.71358478994176,0.0,161,155,0,0,155,141,,6,0,0,6,14
2020-07-25,US,Puerto Rico,Naguabo,69,0,0,18.230637,-65.753897,72103.0,258.23353293413174,0.0,69,65,0,0,65,64,,4,0,0,4,1
2020-07-25,US,Puerto Rico,Naranjito,151,0,0,18.288019,-66.252703,72105.0,496.67785014143806,0.0,151,145,0,0,145,127,,6,0,0,6,18
2020-07-25,US,Puerto Rico,Orocovis,143,0,0,18.215046,-66.433604,72107.0,610.5110361610383,0.0,143,134,0,0,134,126,,9,0,0,9,8
2020-07-25,US,Puerto Rico,Out of PR,534,0,0,0.0,0.0,72888.0,0.0,0.0,534,526,0,0,526,499,,8,0,0,8,27
2020-07-25,US,Puerto Rico,Patillas,85,0,0,18.03174,-66.012242,72109.0,440.9399802873891,0.0,85,85,0,0,85,83,,0,0,0,0,2
2020-07-25,US,Puerto Rico,Penuelas,50,0,0,18.059645,-66.721572,72111.0,205.9138456469813,0.0,50,48,0,0,48,48,,2,0,0,2,0
2020-07-25,US,Puerto Rico,Ponce,360,0,0,18.059498,-66.613748,72113.0,216.44110697601712,0.0,360,350,0,0,350,331,,10,0,0,10,19
2020-07-25,US,Puerto Rico,Quebradillas,56,0,0,18.439692,-66.926113,72115.0,216.0577182761681,0.0,56,55,0,0,55,55,,1,0,0,1,0
2020-07-25,US,Puerto Rico,Rincon,76,0,0,18.335443,-67.23174,72117.0,500.0,0.0,76,75,0,0,75,73,,1,0,0,1,2
2020-07-25,US,Puerto Rico,Rio Grande,190,0,0,18.346329,-65.813742,72119.0,349.8821449616972,0.0,190,184,0,0,184,177,,6,0,0,6,7
2020-07-25,US,Puerto Rico,Sabana Grande,98,0,0,18.08282,-66.943758,72121.0,387.88838313872947,0.0,98,97,0,0,97,95,,1,0,0,1,2
2020-07-25,US,Puerto Rico,Salinas,129,0,0,18.010386999999994,-66.256592,72123.0,415.08462578029474,0.0,129,128,0,0,128,127,,1,0,0,1,1
2020-07-25,US,Puerto Rico,San German,116,0,0,18.111484,-67.03858100000001,72125.0,326.512230134827,0.0,116,115,0,0,115,114,,1,0,0,1,1
2020-07-25,US,Puerto Rico,San Juan,1923,0,0,18.386933,-66.061128,72127.0,486.4339810687889,0.0,1923,1843,0,0,1843,1801,,80,0,0,80,42
2020-07-25,US,Puerto Rico,San Lorenzo,110,0,0,18.147987,-65.976392,72129.0,267.9136830824687,0.0,110,107,0,0,107,101,,3,0,0,3,6
2020-07-25,US,Puerto Rico,San Sebastian,151,0,0,18.328646,-66.971214,72131.0,355.8802733914683,0.0,151,144,0,0,144,142,,7,0,0,7,2
2020-07-25,US,Puerto Rico,Santa Isabel,78,0,0,17.994525,-66.388913,72133.0,335.1379221448827,0.0,78,76,0,0,76,75,,2,0,0,2,1
2020-07-25,US,Puerto Rico,Toa Alta,335,0,0,18.362406,-66.246616,72135.0,452.29930062376803,0.0,335,307,0,0,307,301,,28,0,0,28,6
2020-07-25,US,Puerto Rico,Toa Baja,316,0,0,18.431446,-66.213553,72137.0,352.64314968362555,0.0,316,308,0,0,308,296,,8,0,0,8,12
2020-07-25,US,Puerto Rico,Trujillo Alto,324,0,0,18.336159,-65.99888399999999,72139.0,432.9120012827023,0.0,324,314,0,0,314,304,,10,0,0,10,10
2020-07-25,US,Puerto Rico,Unassigned,299,201,0,0.0,0.0,72999.0,0.0,67.22408026755852,98,301,191,0,110,281,,-2,10,0,-12,20
2020-07-25,US,Puerto Rico,Utuado,51,0,0,18.271214,-66.702984,72141.0,153.85079489577362,0.0,51,47,0,0,47,45,,4,0,0,4,2
2020-07-25,US,Puerto Rico,Vega Alta,145,0,0,18.409346,-66.33725,72143.0,362.9446071437512,0.0,145,136,0,0,136,130,,9,0,0,9,6
2020-07-25,US,Puerto Rico,Vega Baja,250,0,0,18.428262,-66.397924,72145.0,419.0271864838591,0.0,250,239,0,0,239,224,,11,0,0,11,15
2020-07-25,US,Puerto Rico,Vieques,31,0,0,18.123276,-65.44097099999999,72147.0,333.29749489302225,0.0,31,31,0,0,31,31,,0,0,0,0,0
2020-07-25,US,Puerto Rico,Villalba,69,0,0,18.127951,-66.473115,72149.0,264.64158324703715,0.0,69,67,0,0,67,66,,2,0,0,2,1
2020-07-25,US,Puerto Rico,Yabucoa,74,0,0,18.070399,-65.896289,72151.0,195.03966685116364,0.0,74,69,0,0,69,65,,5,0,0,5,4
2020-07-25,US,Puerto Rico,Yauco,175,0,0,18.080374,-66.858814,72153.0,416.240515662536,0.0,175,167,0,0,167,156,,8,0,0,8,11
2020-07-25,US,Rhode Island,Bristol,290,0,0,41.71018079,-71.28652315,44001.0,598.1971575321272,0.0,290,290,0,0,290,290,48649,0,0,0,0,0
2020-07-25,US,Rhode Island,Kent,1351,0,0,41.67106337,-71.57641596,44003.0,822.3163635478294,0.0,1351,1351,0,0,1351,1351,163861,0,0,0,0,0
2020-07-25,US,Rhode Island,Newport,365,0,0,41.5642026,-71.26569799,44005.0,444.6772739455666,0.0,365,365,0,0,365,365,82542,0,0,0,0,0
2020-07-25,US,Rhode Island,Providence,14033,0,0,41.87064746,-71.57753536,44007.0,2196.324798765438,0.0,14033,14033,0,0,14033,14033,636084,0,0,0,0,0
2020-07-25,US,Rhode Island,Unassigned,1611,1002,0,0.0,0.0,90044.0,0.0,62.1973929236499,609,1611,1002,0,609,1535,,0,0,0,0,76
2020-07-25,US,Rhode Island,Washington,574,0,0,41.45961631,-71.61435303,44009.0,457.0900722266021,0.0,574,574,0,0,574,574,126179,0,0,0,0,0
2020-07-25,US,South Carolina,Abbeville,264,4,0,34.22333378,-82.46170658,45001.0,1076.3648224405756,1.5151515151515151,260,260,2,0,258,255,24541,4,2,0,2,5
2020-07-25,US,South Carolina,Aiken,1199,23,0,33.54338026,-81.63645384,45003.0,701.6948359005571,1.9182652210175144,1176,1162,22,0,1140,1123,169401,37,1,0,36,39
2020-07-25,US,South Carolina,Allendale,139,3,0,32.98837386,-81.35321066,45005.0,1599.9079189686927,2.1582733812949644,136,136,3,0,133,136,8903,3,0,0,3,0
2020-07-25,US,South Carolina,Anderson,1658,35,0,34.51828081,-82.63959517,45007.0,818.5309886551013,2.1109770808202653,1623,1625,32,0,1593,1572,200482,33,3,0,30,53
2020-07-25,US,South Carolina,Bamberg,358,6,0,33.21927586,-81.05659969,45009.0,2545.144319636002,1.675977653631285,352,349,5,0,344,336,14275,9,1,0,8,13
2020-07-25,US,South Carolina,Barnwell,269,2,0,33.26679302,-81.43584352,45011.0,1289.1785680053674,0.7434944237918215,267,252,2,0,250,240,21112,17,0,0,17,12
2020-07-25,US,South Carolina,Beaufort,2896,34,0,32.39226291,-80.72619758,45013.0,1507.375521803854,1.1740331491712708,2862,2815,33,0,2782,2725,188715,81,1,0,80,90
2020-07-25,US,South Carolina,Berkeley,3412,53,0,33.20222596,-79.94654523,45015.0,1497.1018880508277,1.5533411488862836,3359,3331,45,0,3286,3258,221091,81,8,0,73,73
2020-07-25,US,South Carolina,Calhoun,259,3,0,33.66926881,-80.77722168,45017.0,1779.7017797017795,1.1583011583011582,256,253,3,0,250,243,14520,6,0,0,6,10
2020-07-25,US,South Carolina,Charleston,10503,132,0,32.82487866,-79.96512315,45019.0,2552.9525578139355,1.2567837760639815,10371,10355,120,0,10235,10134,405905,148,12,0,136,221
2020-07-25,US,South Carolina,Cherokee,468,19,0,35.05122251,-81.61828622,45021.0,816.7539267015708,4.05982905982906,449,448,15,0,433,389,57078,20,4,0,16,59
2020-07-25,US,South Carolina,Chester,439,7,0,34.69249168,-81.1583216,45023.0,1361.4936112144894,1.5945330296127562,432,428,6,0,422,410,32251,11,1,0,10,18
2020-07-25,US,South Carolina,Chesterfield,606,19,0,34.64137396,-80.15640140000002,45025.0,1327.491785323111,3.1353135313531357,587,597,18,0,579,581,45754,9,1,0,8,16
2020-07-25,US,South Carolina,Clarendon,663,49,0,33.66610974,-80.21647898,45027.0,1964.735516372796,7.390648567119156,614,655,48,0,607,632,33700,8,1,0,7,23
2020-07-25,US,South Carolina,Colleton,657,29,0,32.87582989,-80.67641292,45029.0,1743.769408392388,4.41400304414003,628,641,29,0,612,628,37660,16,0,0,16,13
2020-07-25,US,South Carolina,Darlington,847,26,0,34.33358335,-79.96027485,45031.0,1271.4281425440572,3.0696576151121606,821,825,24,0,801,796,66802,22,2,0,20,29
2020-07-25,US,South Carolina,Dillon,486,21,0,34.39007791,-79.37741872,45033.0,1594.5405032973522,4.320987654320987,465,480,21,0,459,471,30599,6,0,0,6,9
2020-07-25,US,South Carolina,Dorchester,2417,32,0,33.0794369,-80.40502652,45035.0,1484.5616642814587,1.3239553165080675,2385,2375,29,0,2346,2287,160647,42,3,0,39,88
2020-07-25,US,South Carolina,Edgefield,218,6,0,33.77221995,-81.96231108,45037.0,799.7065297138664,2.7522935779816518,212,201,5,0,196,187,27052,17,1,0,16,14
2020-07-25,US,South Carolina,Fairfield,474,23,0,34.39287073,-81.1195624,45039.0,2121.0900792052626,4.852320675105485,451,468,23,0,445,461,22402,6,0,0,6,7
2020-07-25,US,South Carolina,Florence,2430,79,0,34.02361754,-79.70189312,45041.0,1757.138828429494,3.2510288065843618,2351,2367,75,0,2292,2258,138159,63,4,0,59,109
2020-07-25,US,South Carolina,Georgetown,1090,16,0,33.43443342,-79.33202141,45043.0,1738.9917038927888,1.4678899082568808,1074,1072,14,0,1058,1049,62249,18,2,0,16,23
2020-07-25,US,South Carolina,Greenville,9266,155,0,34.89502264,-82.37295012,45045.0,1769.867555993597,1.6727822145478093,9111,9135,151,0,8984,8965,514213,131,4,0,127,170
2020-07-25,US,South Carolina,Greenwood,1115,14,0,34.15272415,-82.12715789,45047.0,1574.6141136264139,1.2556053811659194,1101,1096,14,0,1082,1075,70741,19,0,0,19,21
2020-07-25,US,South Carolina,Hampton,249,6,0,32.77419582,-81.13845571,45049.0,1295.3906981583602,2.409638554216868,243,231,4,0,227,206,19351,18,2,0,16,25
2020-07-25,US,South Carolina,Horry,7369,105,0,33.9212828,-78.99555293,45051.0,2081.162219944024,1.4248880445107883,7264,7300,102,0,7198,7178,344147,69,3,0,66,122
2020-07-25,US,South Carolina,Jasper,407,7,0,32.43171982,-81.02487495,45053.0,1353.3734579190636,1.71990171990172,400,401,6,0,395,388,28971,6,1,0,5,13
2020-07-25,US,South Carolina,Kershaw,1127,21,0,34.33988254,-80.58763164,45055.0,1693.43811512975,1.8633540372670807,1106,1106,19,0,1087,1087,65592,21,2,0,19,19
2020-07-25,US,South Carolina,Lancaster,892,20,0,34.68270843,-80.70513032,45057.0,910.0926417173407,2.242152466367713,872,868,20,0,848,842,95380,24,0,0,24,26
2020-07-25,US,South Carolina,Laurens,1094,28,0,34.48244419,-82.00490796,45059.0,1620.9088349902952,2.5594149908592323,1066,1077,26,0,1051,1034,66994,17,2,0,15,43
2020-07-25,US,South Carolina,Lee,427,25,0,34.16393091,-80.25690731,45061.0,2537.4376039933445,5.85480093676815,402,420,25,0,395,412,17142,7,0,0,7,8
2020-07-25,US,South Carolina,Lexington,4154,85,0,33.89665987,-81.27146426,45063.0,1390.4602510460254,2.046220510351469,4069,4076,80,0,3996,3954,295032,78,5,0,73,122
2020-07-25,US,South Carolina,Marion,444,12,0,34.07859748,-79.36400756,45067.0,1448.2826108229767,2.702702702702702,432,436,12,0,424,425,31039,8,0,0,8,11
2020-07-25,US,South Carolina,Marlboro,389,4,0,34.59905577,-79.67561152,45069.0,1489.3942874645838,1.0282776349614395,385,384,4,0,380,379,26398,5,0,0,5,5
2020-07-25,US,South Carolina,McCormick,93,2,0,33.90161443,-82.30794338,45065.0,982.7750184930783,2.150537634408602,91,92,2,0,90,91,9410,1,0,0,1,1
2020-07-25,US,South Carolina,Newberry,653,6,0,34.28629098,-81.59935761,45071.0,1698.7513007284078,0.9188361408882084,647,642,6,0,636,620,38520,11,0,0,11,22
2020-07-25,US,South Carolina,Oconee,633,3,0,34.75225169,-83.06742317,45073.0,795.7659718904788,0.4739336492890995,630,632,2,0,630,615,78374,1,1,0,0,17
2020-07-25,US,South Carolina,Orangeburg,1851,47,0,33.4391073,-80.79886287,45075.0,2147.9547432550044,2.5391680172879525,1804,1808,46,0,1762,1743,86934,43,1,0,42,65
2020-07-25,US,South Carolina,Pickens,1540,16,0,34.88807695,-82.72791551,45077.0,1213.7070079757887,1.0389610389610389,1524,1516,16,0,1500,1494,124937,24,0,0,24,22
2020-07-25,US,South Carolina,Richland,6938,126,0,34.01791263,-80.90267209,45079.0,1668.755216363326,1.8160853271836264,6812,6845,124,0,6721,6687,414576,93,2,0,91,158
2020-07-25,US,South Carolina,Saluda,371,6,0,34.00795823,-81.72713237,45081.0,1812.1428222537,1.6172506738544474,365,368,6,0,362,366,20544,3,0,0,3,2
2020-07-25,US,South Carolina,Spartanburg,3405,74,0,34.92960077,-81.99225984,45083.0,1064.7778976499837,2.173274596182085,3331,3347,71,0,3276,3298,313888,58,3,0,55,49
2020-07-25,US,South Carolina,Sumter,2056,40,0,33.91826534,-80.37942316,45085.0,1926.5186795476047,1.9455252918287935,2016,2037,38,0,1999,1970,106512,19,2,0,17,67
2020-07-25,US,South Carolina,Union,262,1,0,34.68835752,-81.61730349,45087.0,959.1448235466394,0.3816793893129771,261,255,1,0,254,249,27410,7,0,0,7,6
2020-07-25,US,South Carolina,Williamsburg,729,18,0,33.62190129,-79.72767442,45089.0,2400.5532139093784,2.469135802469136,711,714,18,0,696,690,30606,15,0,0,15,24
2020-07-25,US,South Carolina,York,2792,23,0,34.97281497,-81.18085944,45091.0,993.6685659782404,0.8237822349570201,2769,2726,18,0,2708,2667,274118,66,5,0,61,59
2020-07-25,US,South Dakota,Aurora,37,0,0,43.71757685,-98.56050467,46003.0,1344.9654671028716,0.0,37,37,0,0,37,36,2801,0,0,0,0,1
2020-07-25,US,South Dakota,Beadle,580,9,0,44.41464384,-98.27858469,46005.0,3143.120359833089,1.5517241379310345,571,576,9,0,567,575,18883,4,0,0,4,1
2020-07-25,US,South Dakota,Bennett,5,0,0,43.19486375,-101.6665572,46007.0,148.5884101040119,0.0,5,5,0,0,5,5,3468,0,0,0,0,0
2020-07-25,US,South Dakota,Bon Homme,13,0,0,42.98914167,-97.88592746,46009.0,188.37849587016373,0.0,13,13,0,0,13,13,6980,0,0,0,0,0
2020-07-25,US,South Dakota,Brookings,108,0,0,44.36974375,-96.79079945,46011.0,307.89406163582976,0.0,108,108,0,0,108,107,35232,0,0,0,0,1
2020-07-25,US,South Dakota,Brown,374,2,0,45.58994323,-98.35165355,46013.0,962.9496125028966,0.5347593582887701,372,373,2,0,371,371,39316,1,0,0,1,2
2020-07-25,US,South Dakota,Brule,38,0,0,43.71756379,-99.08118954,46015.0,717.3872003020577,0.0,38,38,0,0,38,38,5229,0,0,0,0,0
2020-07-25,US,South Dakota,Buffalo,105,3,0,44.07657829,-99.20814467,46017.0,5351.681957186544,2.8571428571428568,102,104,3,0,101,104,2036,1,0,0,1,0
2020-07-25,US,South Dakota,Butte,8,1,0,44.90608745,-103.5079318,46019.0,76.7091763352191,12.5,7,8,1,0,7,7,10222,0,0,0,0,1
2020-07-25,US,South Dakota,Campbell,1,0,0,45.77074915,-100.0510181,46021.0,72.67441860465118,0.0,1,1,0,0,1,1,1377,0,0,0,0,0
2020-07-25,US,South Dakota,Charles Mix,99,0,0,43.20660134,-98.58856175,46023.0,1065.4326302195436,0.0,99,99,0,0,99,98,9338,0,0,0,0,1
2020-07-25,US,South Dakota,Clark,16,0,0,44.85834507,-97.72925109,46025.0,428.2655246252677,0.0,16,16,0,0,16,16,3739,0,0,0,0,0
2020-07-25,US,South Dakota,Clay,104,0,0,42.91296147,-96.97656917,46027.0,739.1613361762616,0.0,104,103,0,0,103,101,14041,1,0,0,1,2
2020-07-25,US,South Dakota,Codington,109,0,0,44.97788119,-97.18827677,46029.0,389.1606269413404,0.0,109,109,0,0,109,109,28015,0,0,0,0,0
2020-07-25,US,South Dakota,Corson,24,0,0,45.70889983,-101.1970473,46031.0,587.3715124816448,0.0,24,24,0,0,24,23,4165,0,0,0,0,1
2020-07-25,US,South Dakota,Custer,11,0,0,43.67741105,-103.45345209999999,46033.0,122.60365581810076,0.0,11,11,0,0,11,11,8726,0,0,0,0,0
2020-07-25,US,South Dakota,Davison,78,0,0,43.67490933,-98.14458906,46035.0,394.43742098609357,0.0,78,76,0,0,76,75,19790,2,0,0,2,1
2020-07-25,US,South Dakota,Day,21,0,0,45.367281,-97.60737498,46037.0,387.1681415929203,0.0,21,20,0,0,20,20,5505,1,0,0,1,0
2020-07-25,US,South Dakota,Deuel,7,0,0,44.75994309,-96.66943645,46039.0,160.88255573431394,0.0,7,6,0,0,6,6,4337,1,0,0,1,0
2020-07-25,US,South Dakota,Dewey,53,0,0,45.15639647,-100.8709139,46041.0,899.5247793618463,0.0,53,52,0,0,52,49,5904,1,0,0,1,3
2020-07-25,US,South Dakota,Douglas,16,0,0,43.38520741,-98.36978007,46043.0,547.757617254365,0.0,16,16,0,0,16,16,2935,0,0,0,0,0
2020-07-25,US,South Dakota,Edmunds,10,0,0,45.41846445,-99.21545423,46045.0,261.1647949856359,0.0,10,10,0,0,10,10,3875,0,0,0,0,0
2020-07-25,US,South Dakota,Fall River,14,0,0,43.23929297,-103.5275691,46047.0,208.5505735140772,0.0,14,14,0,0,14,14,6758,0,0,0,0,0
2020-07-25,US,South Dakota,Faulk,26,1,0,45.07082625,-99.14535601,46049.0,1130.9264897781645,3.8461538461538463,25,25,1,0,24,24,2330,1,0,0,1,1
2020-07-25,US,South Dakota,Grant,18,0,0,45.1723937,-96.77002276,46051.0,255.24673851389682,0.0,18,18,0,0,18,18,7147,0,0,0,0,0
2020-07-25,US,South Dakota,Gregory,6,0,0,43.19419064,-99.18883902,46053.0,143.36917562724008,0.0,6,6,0,0,6,6,4212,0,0,0,0,0
2020-07-25,US,South Dakota,Haakon,1,0,0,44.29299053,-101.539099,46055.0,52.6592943654555,0.0,1,1,0,0,1,1,1918,0,0,0,0,0
2020-07-25,US,South Dakota,Hamlin,14,0,0,44.67385954,-97.18829593,46057.0,227.125243348475,0.0,14,14,0,0,14,14,6111,0,0,0,0,0
2020-07-25,US,South Dakota,Hand,7,0,0,44.54708407,-99.00386459,46059.0,219.36696960200558,0.0,7,7,0,0,7,7,3262,0,0,0,0,0
2020-07-25,US,South Dakota,Hanson,16,0,0,43.6746384,-97.78715148,46061.0,463.3651896901245,0.0,16,15,0,0,15,15,3376,1,0,0,1,0
2020-07-25,US,South Dakota,Hughes,82,2,0,44.39091534,-99.99661148,46065.0,467.87629807143685,2.4390243902439024,80,81,2,0,79,81,17650,1,0,0,1,0
2020-07-25,US,South Dakota,Hutchinson,23,0,0,43.33449012,-97.75536441,46067.0,315.4574132492114,0.0,23,21,0,0,21,21,7380,2,0,0,2,0
2020-07-25,US,South Dakota,Hyde,3,0,0,44.54747703,-99.48572582,46069.0,230.59185242121444,0.0,3,3,0,0,3,3,1282,0,0,0,0,0
2020-07-25,US,South Dakota,Jackson,7,1,0,43.69318385,-101.6255063,46071.0,209.33014354066987,14.285714285714285,6,7,1,0,6,7,3307,0,0,0,0,0
2020-07-25,US,South Dakota,Jerauld,39,1,0,44.06637798,-98.62965972,46073.0,1937.4068554396426,2.5641025641025643,38,39,1,0,38,39,2043,0,0,0,0,0
2020-07-25,US,South Dakota,Jones,1,0,0,43.96278565,-100.6940008,46075.0,110.74197120708747,0.0,1,1,0,0,1,1,928,0,0,0,0,0
2020-07-25,US,South Dakota,Kingsbury,10,0,0,44.36956169,-97.4913945,46077.0,202.47013565499088,0.0,10,9,0,0,9,9,4919,1,0,0,1,0
2020-07-25,US,South Dakota,Lake,63,2,0,44.02193107,-97.12926365,46079.0,492.3028834883177,3.1746031746031744,61,57,2,0,55,56,13057,6,0,0,6,1
2020-07-25,US,South Dakota,Lawrence,25,0,0,44.35919441,-103.79294279999999,46081.0,96.73425166382911,0.0,25,25,0,0,25,26,25741,0,0,0,0,-1
2020-07-25,US,South Dakota,Lincoln,467,1,0,43.27841182,-96.72039050000001,46083.0,763.970684465384,0.21413276231263384,466,448,1,0,447,440,58807,19,0,0,19,8
2020-07-25,US,South Dakota,Lyman,84,1,0,43.89522709,-99.85201878,46085.0,2221.6344882306266,1.1904761904761905,83,84,1,0,83,84,3821,0,0,0,0,0
2020-07-25,US,South Dakota,Marshall,8,0,0,45.75870838,-97.59855639,46091.0,162.10739614994938,0.0,8,6,0,0,6,6,5112,2,0,0,2,0
2020-07-25,US,South Dakota,McCook,23,1,0,43.6742571,-97.36863144,46087.0,411.7436448263516,4.3478260869565215,22,23,1,0,22,22,5546,0,0,0,0,1
2020-07-25,US,South Dakota,McPherson,6,0,0,45.76626028,-99.22118798,46089.0,252.20680958385879,0.0,6,6,0,0,6,6,2407,0,0,0,0,0
2020-07-25,US,South Dakota,Meade,63,1,0,44.56676791,-102.71627409999999,46093.0,222.36340533672168,1.5873015873015872,62,64,1,0,63,63,28294,-1,0,0,-1,1
2020-07-25,US,South Dakota,Mellette,21,0,0,43.58078848,-100.7563186,46095.0,1018.9228529839884,0.0,21,21,0,0,21,21,2042,0,0,0,0,0
2020-07-25,US,South Dakota,Miner,11,0,0,44.02197882,-97.60992207,46097.0,496.38989169675085,0.0,11,11,0,0,11,11,2213,0,0,0,0,0
2020-07-25,US,South Dakota,Minnehaha,3983,62,0,43.67441641,-96.7910885,46099.0,2062.298714881896,1.5566156163695706,3921,3941,62,0,3879,3920,192876,42,0,0,42,21
2020-07-25,US,South Dakota,Moody,27,0,0,44.02266214,-96.67081159,46101.0,410.5839416058394,0.0,27,26,0,0,26,26,6579,1,0,0,1,0
2020-07-25,US,South Dakota,Oglala Lakota,132,1,0,43.33749164,-102.55554980000001,46102.0,931.085561120124,0.7575757575757576,131,131,1,0,130,132,14309,1,0,0,1,-1
2020-07-25,US,South Dakota,Pennington,774,26,0,44.0025835,-102.8240777,46103.0,680.2900461437048,3.3591731266149867,748,767,26,0,741,765,111729,7,0,0,7,2
2020-07-25,US,South Dakota,Perkins,4,0,0,45.49049506,-102.47555859999999,46105.0,139.61605584642234,0.0,4,4,0,0,4,4,2922,0,0,0,0,0
2020-07-25,US,South Dakota,Potter,1,0,0,45.06583079,-99.95498503,46107.0,46.44681839294008,0.0,1,1,0,0,1,1,2207,0,0,0,0,0
2020-07-25,US,South Dakota,Roberts,63,0,0,45.62975048,-96.94672673,46109.0,606.1189147585145,0.0,63,62,0,0,62,62,10447,1,0,0,1,0
2020-07-25,US,South Dakota,Sanborn,12,0,0,44.02351092,-98.09098159999999,46111.0,511.9453924914676,0.0,12,12,0,0,12,12,2429,0,0,0,0,0
2020-07-25,US,South Dakota,Spink,18,0,0,44.93837606,-98.34626602,46115.0,282.3086574654956,0.0,18,18,0,0,18,17,6495,0,0,0,0,1
2020-07-25,US,South Dakota,Stanley,14,0,0,44.41381872,-100.7349153,46117.0,451.9044544867656,0.0,14,14,0,0,14,14,3022,0,0,0,0,0
2020-07-25,US,South Dakota,Sully,1,0,0,44.71571812,-100.1278092,46119.0,71.89072609633357,0.0,1,1,0,0,1,1,1392,0,0,0,0,0
2020-07-25,US,South Dakota,Todd,66,3,0,43.19338568,-100.71955030000001,46121.0,648.5211751989781,4.545454545454546,63,66,3,0,63,66,10283,0,0,0,0,0
2020-07-25,US,South Dakota,Tripp,20,0,0,43.34459388,-99.8854891,46123.0,367.5794890645102,0.0,20,19,0,0,19,19,5478,1,0,0,1,0
2020-07-25,US,South Dakota,Turner,42,0,0,43.3109081,-97.14865776,46125.0,500.9541984732824,0.0,42,39,0,0,39,34,8424,3,0,0,3,5
2020-07-25,US,South Dakota,Union,172,2,0,42.83112163,-96.6557828,46127.0,1079.5882500627667,1.162790697674419,170,171,2,0,169,168,15619,1,0,0,1,3
2020-07-25,US,South Dakota,Walworth,18,0,0,45.43019636,-100.03075140000001,46129.0,331.1867525298988,0.0,18,18,0,0,18,18,5587,0,0,0,0,0
2020-07-25,US,South Dakota,Yankton,96,2,0,43.00924485,-97.39467635,46135.0,420.7942491452617,2.083333333333333,94,96,2,0,94,95,22869,0,0,0,0,1
2020-07-25,US,South Dakota,Ziebach,7,0,0,44.97881876,-101.6654622,46137.0,253.9912917271408,0.0,7,3,0,0,3,3,2742,4,0,0,4,0
2020-07-25,US,Tennessee,Anderson,396,4,0,36.12684348,-84.19965764,47001.0,514.4326950557302,1.0101010101010102,392,389,3,0,386,374,76482,7,1,0,6,15
2020-07-25,US,Tennessee,Bedford,741,10,0,35.51123746,-86.45549096,47003.0,1490.5557902359546,1.349527665317139,731,723,10,0,713,711,49038,18,0,0,18,12
2020-07-25,US,Tennessee,Benton,44,1,0,36.07110411,-88.06849355,47005.0,272.27722772277235,2.272727272727273,43,38,1,0,37,37,16184,6,0,0,6,1
2020-07-25,US,Tennessee,Bledsoe,647,1,0,35.59942968,-85.20611967,47007.0,4295.007966011684,0.1545595054095827,646,646,1,0,645,646,14755,1,0,0,1,0
2020-07-25,US,Tennessee,Blount,756,7,0,35.68938198,-83.92847788,47009.0,568.0452031738397,0.925925925925926,749,728,7,0,721,709,131349,28,0,0,28,19
2020-07-25,US,Tennessee,Bradley,1390,9,0,35.15739424,-84.857186,47011.0,1285.727499768754,0.6474820143884892,1381,1359,9,0,1350,1330,106727,31,0,0,31,29
2020-07-25,US,Tennessee,Campbell,132,1,0,36.40355516,-84.15108559999999,47013.0,331.3086692435119,0.7575757575757576,131,122,1,0,121,115,39583,10,0,0,10,7
2020-07-25,US,Tennessee,Cannon,88,0,0,35.80990797,-86.05738983,47015.0,599.5367216241996,0.0,88,87,0,0,87,87,14462,1,0,0,1,0
2020-07-25,US,Tennessee,Carroll,121,2,0,35.97366108,-88.45189331,47017.0,435.7690784024201,1.6528925619834711,119,109,2,0,107,107,28020,12,0,0,12,2
2020-07-25,US,Tennessee,Carter,274,3,0,36.28969086,-82.12588974,47019.0,485.89313897607775,1.094890510948905,271,266,3,0,263,250,56351,8,0,0,8,16
2020-07-25,US,Tennessee,Cheatham,418,4,0,36.26136216,-87.08903581,47021.0,1027.860427373546,0.9569377990430622,414,412,4,0,408,397,40439,6,0,0,6,15
2020-07-25,US,Tennessee,Chester,136,0,0,35.42527478,-88.6095842,47023.0,786.2635139041452,0.0,136,133,0,0,133,132,17276,3,0,0,3,1
2020-07-25,US,Tennessee,Claiborne,152,0,0,36.48319149,-83.65947309,47025.0,475.6093745110923,0.0,152,143,0,0,143,135,31756,9,0,0,9,8
2020-07-25,US,Tennessee,Clay,41,0,0,36.55151008,-85.53930419,47027.0,538.4110308601445,0.0,41,41,0,0,41,41,7717,0,0,0,0,0
2020-07-25,US,Tennessee,Cocke,265,1,0,35.9278914,-83.11828725,47029.0,736.0293300744362,0.37735849056603776,264,258,1,0,257,251,35774,7,0,0,7,7
2020-07-25,US,Tennessee,Coffee,261,0,0,35.49090731,-86.07311784,47031.0,461.7834394904458,0.0,261,234,0,0,234,233,55700,27,0,0,27,1
2020-07-25,US,Tennessee,Crockett,141,3,0,35.81830662,-89.14916269,47033.0,990.8643710470836,2.127659574468085,138,138,3,0,135,130,14328,3,0,0,3,8
2020-07-25,US,Tennessee,Cumberland,290,6,0,35.95271721,-84.99840585,47035.0,479.1804362194316,2.0689655172413794,284,287,6,0,281,287,59673,3,0,0,3,0
2020-07-25,US,Tennessee,Davidson,17493,186,0,36.17007426,-86.78646056,47037.0,2520.082288401254,1.063282455839479,17307,17180,179,0,17001,16956,692587,313,7,0,306,224
2020-07-25,US,Tennessee,DeKalb,198,1,0,35.97616272,-85.83689361,47041.0,966.3250366032213,0.5050505050505051,197,195,1,0,194,192,20138,3,0,0,3,3
2020-07-25,US,Tennessee,Decatur,89,0,0,35.60048904,-88.11043779,47039.0,763.0969733344765,0.0,89,88,0,0,88,85,11706,1,0,0,1,3
2020-07-25,US,Tennessee,Dickson,471,0,0,36.14669837,-87.35891709,47043.0,873.0629495069327,0.0,471,447,0,0,447,421,53446,24,0,0,24,26
2020-07-25,US,Tennessee,Dyer,424,5,0,36.05931946,-89.41542855,47045.0,1141.0425468930812,1.179245283018868,419,416,5,0,411,400,37320,8,0,0,8,16
2020-07-25,US,Tennessee,Fayette,519,8,0,35.19615831,-89.41399032,47047.0,1261.7606301509736,1.5414258188824663,511,512,8,0,504,510,40507,7,0,0,7,2
2020-07-25,US,Tennessee,Fentress,49,0,0,36.38128818,-84.92870012,47049.0,264.53598229228527,0.0,49,48,0,0,48,48,18217,1,0,0,1,0
2020-07-25,US,Tennessee,Franklin,188,3,0,35.15634626,-86.09201039,47051.0,445.41319181197883,1.5957446808510638,185,180,3,0,177,171,41890,8,0,0,8,9
2020-07-25,US,Tennessee,Gibson,379,1,0,35.99438059,-88.93358327,47053.0,771.375653837543,0.2638522427440633,378,360,1,0,359,346,49045,19,0,0,19,14
2020-07-25,US,Tennessee,Giles,256,5,0,35.20222469,-87.03992678,47055.0,868.8569101276132,1.953125,251,242,5,0,237,234,29503,14,0,0,14,8
2020-07-25,US,Tennessee,Grainger,98,0,0,36.27469206,-83.51254721,47057.0,420.2401372212693,0.0,98,98,0,0,98,97,23145,0,0,0,0,1
2020-07-25,US,Tennessee,Greene,261,5,0,36.17470125,-82.84691273,47059.0,377.88298657863874,1.9157088122605364,256,248,5,0,243,243,69087,13,0,0,13,5
2020-07-25,US,Tennessee,Grundy,78,2,0,35.38433717,-85.72142731,47061.0,580.9190437178819,2.5641025641025643,76,78,2,0,76,77,13346,0,0,0,0,1
2020-07-25,US,Tennessee,Hamblen,852,9,0,36.21990035,-83.26586179,47063.0,1312.101518464903,1.056338028169014,843,827,6,0,821,793,64569,25,3,0,22,34
2020-07-25,US,Tennessee,Hamilton,4900,43,0,35.17670231,-85.16652245,47065.0,1332.2312971038925,0.8775510204081632,4857,4720,41,0,4679,4604,364286,180,2,0,178,116
2020-07-25,US,Tennessee,Hancock,56,0,0,36.52692871,-83.22375847,47067.0,845.9214501510575,0.0,56,52,0,0,52,43,6549,4,0,0,4,9
2020-07-25,US,Tennessee,Hardeman,647,11,0,35.20772017,-88.99161161,47069.0,2582.8343313373252,1.7001545595054095,636,638,10,0,628,614,25220,9,1,0,8,24
2020-07-25,US,Tennessee,Hardin,282,7,0,35.19732531,-88.18593755,47071.0,1099.3294869795727,2.482269503546099,275,270,7,0,263,260,25776,12,0,0,12,10
2020-07-25,US,Tennessee,Hawkins,187,2,0,36.44355426,-82.94885298,47073.0,329.30651921248193,1.0695187165775402,185,175,2,0,173,162,56530,12,0,0,12,13
2020-07-25,US,Tennessee,Haywood,236,4,0,35.58332824,-89.28536625,47075.0,1363.8465094775775,1.6949152542372878,232,229,4,0,225,224,17335,7,0,0,7,5
2020-07-25,US,Tennessee,Henderson,286,0,0,35.65581134,-88.38600175,47077.0,1017.1782195824593,0.0,286,273,0,0,273,252,27847,13,0,0,13,21
2020-07-25,US,Tennessee,Henry,95,1,0,36.33160906,-88.30121797,47079.0,293.70845571185663,1.0526315789473684,94,91,1,0,90,88,32358,4,0,0,4,3
2020-07-25,US,Tennessee,Hickman,167,0,0,35.80609681,-87.47643507,47081.0,663.277464453094,0.0,167,164,0,0,164,161,25063,3,0,0,3,3
2020-07-25,US,Tennessee,Houston,39,0,0,36.28872054,-87.71878828,47083.0,475.5517619802463,0.0,39,36,0,0,36,34,8263,3,0,0,3,2
2020-07-25,US,Tennessee,Humphreys,71,3,0,36.03958805,-87.77992872,47085.0,382.0901948121838,4.225352112676056,68,67,3,0,64,63,18486,4,0,0,4,4
2020-07-25,US,Tennessee,Jackson,93,0,0,36.36380466,-85.67239905,47087.0,789.0717800780587,0.0,93,93,0,0,93,91,11758,0,0,0,0,2
2020-07-25,US,Tennessee,Jefferson,344,2,0,36.04818632,-83.45148924,47089.0,631.2505734471052,0.5813953488372093,342,330,1,0,329,317,54012,14,1,0,13,13
2020-07-25,US,Tennessee,Johnson,59,0,0,36.45523950000001,-81.84886538,47091.0,331.6842815381156,0.0,59,57,0,0,57,54,17778,2,0,0,2,3
2020-07-25,US,Tennessee,Knox,2959,23,0,35.99508821,-83.94635435,47093.0,629.1554773097915,0.777289624873268,2936,2844,21,0,2823,2703,465289,115,2,0,113,141
2020-07-25,US,Tennessee,Lake,706,0,0,36.34180170000001,-89.48921915,47095.0,10062.713797035349,0.0,706,704,0,0,704,703,7411,2,0,0,2,1
2020-07-25,US,Tennessee,Lauderdale,313,6,0,35.75893438,-89.63015909999999,47097.0,1221.082198728202,1.9169329073482428,307,302,6,0,296,287,25825,11,0,0,11,15
2020-07-25,US,Tennessee,Lawrence,353,6,0,35.21675201,-87.39787695,47099.0,799.691903402655,1.69971671388102,347,342,6,0,336,332,43734,11,0,0,11,10
2020-07-25,US,Tennessee,Lewis,29,1,0,35.52853208,-87.49022694,47101.0,236.38734920117372,3.4482758620689653,28,25,0,0,25,27,12086,4,1,0,3,-2
2020-07-25,US,Tennessee,Lincoln,181,1,0,35.13738622,-86.58910106,47103.0,526.6833498224988,0.5524861878453039,180,170,1,0,169,165,34117,11,0,0,11,5
2020-07-25,US,Tennessee,Loudon,503,3,0,35.73939663,-84.31145275,47105.0,930.3099800251537,0.5964214711729622,500,493,3,0,490,484,53054,10,0,0,10,9
2020-07-25,US,Tennessee,Macon,761,11,0,36.53157855,-86.00778595,47111.0,3093.2444516705955,1.445466491458607,750,753,11,0,742,747,24265,8,0,0,8,6
2020-07-25,US,Tennessee,Madison,585,10,0,35.61181957,-88.84076036,47113.0,597.0362508164599,1.709401709401709,575,577,9,0,568,562,97605,8,1,0,7,15
2020-07-25,US,Tennessee,Marion,153,4,0,35.12997174,-85.62265895,47115.0,529.2835645345418,2.6143790849673203,149,148,4,0,144,143,28575,5,0,0,5,5
2020-07-25,US,Tennessee,Marshall,193,2,0,35.45798777,-86.76420988,47117.0,561.4545454545455,1.0362694300518134,191,188,2,0,186,178,33683,5,0,0,5,10
2020-07-25,US,Tennessee,Maury,821,4,0,35.618741299999996,-87.07462444,47119.0,851.7746169089193,0.48721071863581,817,792,4,0,788,758,94340,29,0,0,29,34
2020-07-25,US,Tennessee,McMinn,413,20,0,35.42812616,-84.61520715,47107.0,767.7436145295012,4.842615012106537,393,402,20,0,382,393,53285,11,0,0,11,9
2020-07-25,US,Tennessee,McNairy,216,2,0,35.17468549,-88.5647812,47109.0,840.6631898497702,0.925925925925926,214,206,2,0,204,195,25832,10,0,0,10,11
2020-07-25,US,Tennessee,Meigs,66,0,0,35.51558739,-84.81482914,47121.0,531.3154081468364,0.0,66,62,0,0,62,62,12306,4,0,0,4,0
2020-07-25,US,Tennessee,Monroe,252,7,0,35.44550387,-84.24902965,47123.0,541.4115372220432,2.7777777777777777,245,239,7,0,232,225,46357,13,0,0,13,14
2020-07-25,US,Tennessee,Montgomery,1350,9,0,36.49609412,-87.38550661,47125.0,645.954649198777,0.6666666666666666,1341,1325,9,0,1316,1288,205950,25,0,0,25,37
2020-07-25,US,Tennessee,Moore,35,0,0,35.27724699,-86.36230578,47127.0,539.4574599260171,0.0,35,35,0,0,35,35,6411,0,0,0,0,0
2020-07-25,US,Tennessee,Morgan,51,1,0,36.13248031,-84.64880098,47129.0,238.28435266084202,1.96078431372549,50,50,1,0,49,50,21579,1,0,0,1,0
2020-07-25,US,Tennessee,Obion,245,4,0,36.35732446,-89.14921589,47131.0,814.7926435864179,1.6326530612244898,241,241,4,0,237,230,30267,4,0,0,4,11
2020-07-25,US,Tennessee,Out of TN,2365,11,0,0.0,0.0,80047.0,0.0,0.4651162790697674,2354,2423,12,0,2411,2345,,-58,-1,0,-57,78
2020-07-25,US,Tennessee,Overton,106,1,0,36.34117832,-85.28989535,47133.0,476.5972753023696,0.9433962264150944,105,102,1,0,101,102,22068,4,0,0,4,0
2020-07-25,US,Tennessee,Perry,58,0,0,35.63708728,-87.86139634,47135.0,718.1773155027241,0.0,58,57,0,0,57,56,8064,1,0,0,1,1
2020-07-25,US,Tennessee,Pickett,17,1,0,36.55606529,-85.07763299999998,47137.0,336.7670364500792,5.882352941176472,16,16,1,0,15,16,5082,1,0,0,1,0
2020-07-25,US,Tennessee,Polk,93,0,0,35.12245443,-84.52075859,47139.0,552.5190114068441,0.0,93,89,0,0,89,85,16898,4,0,0,4,4
2020-07-25,US,Tennessee,Putnam,1349,11,0,36.14005459,-85.50646123,47141.0,1681.1016262695496,0.815418828762046,1338,1336,9,0,1327,1313,78843,13,2,0,11,23
2020-07-25,US,Tennessee,Rhea,434,1,0,35.60536161,-84.93076643,47143.0,1308.5295625169595,0.2304147465437788,433,418,1,0,417,410,33044,16,0,0,16,8
2020-07-25,US,Tennessee,Roane,208,1,0,35.84923189,-84.52458689,47145.0,389.6444494398861,0.4807692307692308,207,196,0,0,196,189,53140,12,1,0,11,7
2020-07-25,US,Tennessee,Robertson,1236,16,0,36.52454807,-86.87346725,47147.0,1721.136841518945,1.2944983818770226,1220,1225,16,0,1209,1197,71012,11,0,0,11,28
2020-07-25,US,Tennessee,Rutherford,5202,47,0,35.84591405,-86.4107263,47149.0,1565.5235716327857,0.9034986543637062,5155,5127,45,0,5082,5016,324890,75,2,0,73,111
2020-07-25,US,Tennessee,Scott,46,0,0,36.42325673,-84.50360494,47151.0,208.4466195396048,0.0,46,43,0,0,43,39,22039,3,0,0,3,4
2020-07-25,US,Tennessee,Sequatchie,72,0,0,35.36979721,-85.41022136,47153.0,479.16943963796086,0.0,72,71,0,0,71,69,14876,1,0,0,1,2
2020-07-25,US,Tennessee,Sevier,1330,4,0,35.78077323,-83.52244332,47155.0,1353.6895674300256,0.3007518796992481,1326,1302,4,0,1298,1269,97892,28,0,0,28,33
2020-07-25,US,Tennessee,Shelby,17944,265,0,35.1864775,-89.89692423,47157.0,1914.7088135933234,1.4768167632634863,17679,17693,263,0,17430,17278,935764,251,2,0,249,415
2020-07-25,US,Tennessee,Smith,278,2,0,36.25359775,-85.95411046,47159.0,1379.1734881182715,0.7194244604316546,276,274,2,0,272,268,19942,4,0,0,4,6
2020-07-25,US,Tennessee,Stewart,54,0,0,36.50235092,-87.83920548,47161.0,393.7294932555596,0.0,54,54,0,0,54,50,13561,0,0,0,0,4
2020-07-25,US,Tennessee,Sullivan,539,6,0,36.51240691,-82.30412917,47163.0,340.3895218127164,1.1131725417439704,533,526,6,0,520,489,157668,13,0,0,13,37
2020-07-25,US,Tennessee,Sumner,2833,67,0,36.46824103,-86.45917204,47165.0,1481.0516355347836,2.3649841157783267,2766,2790,67,0,2723,2721,187149,43,0,0,43,69
2020-07-25,US,Tennessee,Tipton,912,8,0,35.501942,-89.73694895,47167.0,1480.5435153168066,0.8771929824561403,904,899,8,0,891,877,61581,13,0,0,13,22
2020-07-25,US,Tennessee,Trousdale,1559,6,0,36.39026213,-86.16087954,47169.0,13816.022686990427,0.38486209108402825,1553,1560,6,0,1554,1556,11012,-1,0,0,-1,4
2020-07-25,US,Tennessee,Unassigned,2704,4,0,0.0,0.0,90047.0,0.0,0.14792899408284024,2700,2714,3,0,2711,2721,,-10,1,0,-11,-7
2020-07-25,US,Tennessee,Unicoi,92,0,0,36.10890856,-82.43709629,47171.0,514.4550690600012,0.0,92,84,0,0,84,77,17761,8,0,0,8,7
2020-07-25,US,Tennessee,Union,76,0,0,36.28590426,-83.83651902,47173.0,380.5327458441819,0.0,76,73,0,0,73,61,19688,3,0,0,3,12
2020-07-25,US,Tennessee,Van Buren,21,0,0,35.69864497,-85.45221699,47175.0,357.6294277929155,0.0,21,20,0,0,20,19,5765,1,0,0,1,1
2020-07-25,US,Tennessee,Warren,282,3,0,35.672829899999996,-85.77969117,47177.0,683.1891852605568,1.0638297872340423,279,267,3,0,264,262,40878,15,0,0,15,5
2020-07-25,US,Tennessee,Washington,626,0,0,36.29472368,-82.49454720000001,47179.0,483.8647342995169,0.0,626,577,0,0,577,523,128607,49,0,0,49,54
2020-07-25,US,Tennessee,Wayne,178,1,0,35.23868267,-87.78644456,47181.0,1067.594314160619,0.5617977528089888,177,174,1,0,173,169,16558,4,0,0,4,5
2020-07-25,US,Tennessee,Weakley,133,1,0,36.29896232,-88.71990865,47183.0,399.06385021603455,0.7518796992481203,132,128,1,0,127,123,33415,5,0,0,5,5
2020-07-25,US,Tennessee,White,152,3,0,35.92929884,-85.45591799,47185.0,555.8603035289815,1.973684210526316,149,150,3,0,147,145,27107,2,0,0,2,5
2020-07-25,US,Tennessee,Williamson,2812,21,0,35.89099229,-86.89281867,47187.0,1179.4708320051006,0.7467994310099573,2791,2788,21,0,2767,2717,231729,24,0,0,24,71
2020-07-25,US,Tennessee,Wilson,1790,20,0,36.15496772,-86.29775884,47189.0,1237.4098730099474,1.11731843575419,1770,1777,20,0,1757,1746,140625,13,0,0,13,31
2020-07-25,US,Texas,Anderson,2140,4,0,31.81534745,-95.65354823,48001.0,3706.590456395601,0.18691588785046728,2136,2116,4,0,2112,2077,58057,24,0,0,24,39
2020-07-25,US,Texas,Andrews,225,4,0,32.30468633,-102.63765479999999,48003.0,1202.8869286287088,1.7777777777777777,221,219,3,0,216,215,18128,6,1,0,5,4
2020-07-25,US,Texas,Angelina,1405,14,0,31.25457347,-94.60901487,48005.0,1620.2502450556424,0.99644128113879,1391,1383,14,0,1369,1234,87092,22,0,0,22,149
2020-07-25,US,Texas,Aransas,123,0,0,28.10556197,-96.9995047,48007.0,523.1816248404934,0.0,123,116,0,0,116,114,23792,7,0,0,7,2
2020-07-25,US,Texas,Archer,15,0,0,33.61569967,-98.68754589,48009.0,175.377060680463,0.0,15,13,0,0,13,13,8786,2,0,0,2,0
2020-07-25,US,Texas,Armstrong,4,0,0,34.96507426,-101.35748740000001,48011.0,211.97668256491787,0.0,4,4,0,0,4,3,1892,0,0,0,0,1
2020-07-25,US,Texas,Atascosa,393,3,0,28.89333001,-98.52730485,48013.0,768.2833851387015,0.7633587786259542,390,391,3,0,388,390,50310,2,0,0,2,1
2020-07-25,US,Texas,Austin,181,0,0,29.88548725,-96.27736949,48015.0,602.690463505594,0.0,181,170,0,0,170,170,29989,11,0,0,11,0
2020-07-25,US,Texas,Bailey,132,3,0,34.06854817,-102.8299707,48017.0,1885.7142857142856,2.272727272727273,129,130,2,0,128,128,7027,2,1,0,1,2
2020-07-25,US,Texas,Bandera,71,0,0,29.74619598,-99.24598147,48019.0,307.19972308757355,0.0,71,66,0,0,66,56,22824,5,0,0,5,10
2020-07-25,US,Texas,Bastrop,1190,12,0,30.10370699,-97.31206354,48021.0,1341.2531136232997,1.0084033613445378,1178,1142,12,0,1130,1110,86976,48,0,0,48,32
2020-07-25,US,Texas,Baylor,5,0,0,33.61640794,-99.21352901,48023.0,142.4907381020234,0.0,5,3,0,0,3,2,3582,2,0,0,2,1
2020-07-25,US,Texas,Bee,369,1,0,28.41761668,-97.74215593,48025.0,1133.1183786273607,0.27100271002710025,368,369,1,0,368,285,32587,0,0,0,0,84
2020-07-25,US,Texas,Bell,2990,18,0,31.03736027,-97.4785025,48027.0,823.8639494770255,0.6020066889632107,2972,2990,18,0,2972,2931,355642,0,0,0,0,59
2020-07-25,US,Texas,Bexar,35690,322,0,29.44928723,-98.52019748,48029.0,1781.3345684718256,0.9022135051835248,35368,34932,313,0,34619,34663,1986049,758,9,0,749,269
2020-07-25,US,Texas,Blanco,85,1,0,30.26640707,-98.3999852,48031.0,712.4298047104182,1.1764705882352942,84,80,1,0,79,78,11702,5,0,0,5,2
2020-07-25,US,Texas,Bosque,103,0,0,31.89978581,-97.63613524,48035.0,551.2443136205512,0.0,103,96,0,0,96,95,18691,7,0,0,7,1
2020-07-25,US,Texas,Bowie,689,17,0,33.44626922,-94.41834132,48037.0,738.913614671028,2.467343976777939,672,677,17,0,660,661,94324,12,0,0,12,16
2020-07-25,US,Texas,Brazoria,5299,37,0,29.18757369,-95.44563172,48039.0,1415.845499433555,0.6982449518777127,5262,5277,36,0,5241,5177,370200,22,1,0,21,100
2020-07-25,US,Texas,Brazos,3635,43,0,30.663644800000004,-96.30205577,48041.0,1585.875023450009,1.1829436038514445,3592,3571,43,0,3528,3522,226758,64,0,0,64,49
2020-07-25,US,Texas,Brewster,176,1,0,29.81008251,-103.25203259999999,48043.0,1912.4198630881235,0.5681818181818182,175,164,1,0,163,164,9267,12,0,0,12,0
2020-07-25,US,Texas,Briscoe,10,1,0,34.53026962,-101.2084947,48045.0,646.8305304010348,10.0,9,10,1,0,9,9,1516,0,0,0,0,1
2020-07-25,US,Texas,Brooks,65,1,0,27.03103197,-98.21808402,48047.0,916.3964472014662,1.5384615384615383,64,58,0,0,58,57,7114,7,1,0,6,1
2020-07-25,US,Texas,Brown,311,16,0,31.77430356,-98.99907113,48049.0,821.3606592013522,5.144694533762059,295,311,16,0,295,303,37924,0,0,0,0,8
2020-07-25,US,Texas,Burleson,217,0,0,30.49273808,-96.62158484,48051.0,1176.5981673263568,0.0,217,217,0,0,217,212,18389,0,0,0,0,5
2020-07-25,US,Texas,Burnet,395,7,0,30.78801353,-98.181887,48053.0,820.2678849548332,1.7721518987341771,388,387,6,0,381,379,47542,8,1,0,7,8
2020-07-25,US,Texas,Caldwell,993,7,0,29.83668859,-97.61814775,48055.0,2274.1846830340783,0.7049345417925479,986,965,7,0,958,941,43247,28,0,0,28,24
2020-07-25,US,Texas,Calhoun,393,3,0,28.47048236,-96.61633945,48057.0,1845.937059652419,0.7633587786259542,390,373,3,0,370,322,21561,20,0,0,20,51
2020-07-25,US,Texas,Callahan,38,2,0,32.29760619,-99.37326312,48059.0,272.5381912070573,5.2631578947368425,36,38,2,0,36,37,13994,0,0,0,0,1
2020-07-25,US,Texas,Cameron,7846,169,0,26.14524221,-97.48140372,48061.0,1854.1318593544327,2.1539638032118282,7677,7162,153,0,7009,6854,423908,684,16,0,668,308
2020-07-25,US,Texas,Camp,184,2,0,32.97195142,-94.97790104,48063.0,1405.2237666106616,1.0869565217391304,182,177,2,0,175,176,13033,7,0,0,7,1
2020-07-25,US,Texas,Carson,10,0,0,35.40365929,-101.35426690000001,48065.0,168.74789065136684,0.0,10,10,0,0,10,10,6005,0,0,0,0,0
2020-07-25,US,Texas,Cass,134,4,0,33.07499881,-94.34646905,48067.0,446.2798907613402,2.985074626865672,130,105,3,0,102,99,30119,29,1,0,28,6
2020-07-25,US,Texas,Castro,147,1,0,34.53016752,-102.2617243,48069.0,1952.1912350597606,0.6802721088435374,146,147,1,0,146,146,7665,0,0,0,0,1
2020-07-25,US,Texas,Chambers,812,5,0,29.70972016,-94.67154501,48071.0,1852.3165362593247,0.6157635467980296,807,794,5,0,789,777,42454,18,0,0,18,17
2020-07-25,US,Texas,Cherokee,638,2,0,31.837258000000002,-95.16559897,48073.0,1211.867948182198,0.31347962382445144,636,610,2,0,608,583,52592,28,0,0,28,27
2020-07-25,US,Texas,Childress,20,0,0,34.529304100000004,-100.2077916,48075.0,273.7476047084588,0.0,20,16,0,0,16,14,7291,4,0,0,4,2
2020-07-25,US,Texas,Clay,25,0,0,33.78686685,-98.20771198,48077.0,238.75465571578647,0.0,25,24,0,0,24,21,10456,1,0,0,1,3
2020-07-25,US,Texas,Cochran,11,0,0,33.60425307,-102.82844990000001,48079.0,385.55906063792503,0.0,11,10,0,0,10,10,2836,1,0,0,1,0
2020-07-25,US,Texas,Coke,32,1,0,31.88911733,-100.5297533,48081.0,944.7888987304401,3.125,31,18,1,0,17,17,3370,14,0,0,14,1
2020-07-25,US,Texas,Coleman,9,0,0,31.76736834,-99.45240766,48083.0,110.09174311926607,0.0,9,8,0,0,8,8,8397,1,0,0,1,0
2020-07-25,US,Texas,Collin,5682,73,0,33.18820114,-96.57264368,48085.0,549.1287582267838,1.2847588877155929,5609,5571,72,0,5499,5748,1005146,111,1,0,110,-177
2020-07-25,US,Texas,Collingsworth,6,0,0,34.96489496,-100.27001109999999,48087.0,205.4794520547945,0.0,6,6,0,0,6,6,2962,0,0,0,0,0
2020-07-25,US,Texas,Colorado,225,0,0,29.622097999999998,-96.5273805,48089.0,1046.8524635927977,0.0,225,221,0,0,221,219,21217,4,0,0,4,2
2020-07-25,US,Texas,Comal,1539,45,0,29.80811278,-98.27647225,48091.0,985.2185213399997,2.9239766081871346,1494,1460,44,0,1416,1415,148373,79,1,0,78,45
2020-07-25,US,Texas,Comanche,204,2,0,31.94854689,-98.55876441,48093.0,1496.149614961496,0.9803921568627452,202,199,2,0,197,194,13534,5,0,0,5,5
2020-07-25,US,Texas,Concho,22,0,0,31.32635934,-99.86473038,48095.0,807.0432868672046,0.0,22,22,0,0,22,20,4276,0,0,0,0,2
2020-07-25,US,Texas,Cooke,172,0,0,33.63979567,-97.21240912,48097.0,416.8989504811305,0.0,172,169,0,0,169,166,40574,3,0,0,3,3
2020-07-25,US,Texas,Coryell,525,3,0,31.39078397,-97.79936155,48099.0,691.2351384445233,0.5714285714285714,522,518,3,0,515,490,74808,7,0,0,7,28
2020-07-25,US,Texas,Cottle,7,1,0,34.07783319,-100.27850620000001,48101.0,500.7153075822604,14.285714285714285,6,6,1,0,5,6,1389,1,0,0,1,0
2020-07-25,US,Texas,Crane,65,10,0,31.43052248,-102.5143314,48103.0,1355.0135501355016,15.384615384615385,55,65,10,0,55,65,4794,0,0,0,0,0
2020-07-25,US,Texas,Crockett,135,4,0,30.72367027,-101.4134238,48105.0,3897.2286374133946,2.962962962962963,131,136,1,0,135,126,3499,-1,3,0,-4,10
2020-07-25,US,Texas,Crosby,46,3,0,33.61431553,-101.30003640000001,48107.0,801.8127941432805,6.521739130434782,43,42,3,0,39,37,5779,4,0,0,4,5
2020-07-25,US,Texas,Culberson,14,1,0,31.44506775,-104.5185739,48109.0,644.8641179180103,7.142857142857142,13,14,1,0,13,13,2204,0,0,0,0,1
2020-07-25,US,Texas,Dallam,173,2,0,36.27787176,-102.60207249999999,48111.0,2374.090846713325,1.1560693641618498,171,173,2,0,171,171,7200,0,0,0,0,2
2020-07-25,US,Texas,Dallas,46013,604,0,32.76670599,-96.77796049999999,48113.0,1745.8820208262823,1.3126725055962445,45409,44087,579,0,43508,44087,2637772,1926,25,0,1901,0
2020-07-25,US,Texas,Dawson,122,1,0,32.74255572,-101.94772420000001,48115.0,958.5166561910747,0.819672131147541,121,122,1,0,121,112,12619,0,0,0,0,10
2020-07-25,US,Texas,DeWitt,501,14,0,29.08101855,-97.35681170000001,48123.0,2485.1190476190477,2.7944111776447107,487,443,11,0,432,442,20187,58,3,0,55,1
2020-07-25,US,Texas,Deaf Smith,510,19,0,34.96522957,-102.6054267,48117.0,2749.9191200258806,3.725490196078432,491,499,19,0,480,491,18760,11,0,0,11,8
2020-07-25,US,Texas,Delta,12,0,0,33.38570922,-95.66921122,48119.0,225.09848058525608,0.0,12,12,0,0,12,12,5349,0,0,0,0,0
2020-07-25,US,Texas,Denton,5915,47,0,33.20521901,-97.11691153,48121.0,666.6989778033762,0.7945900253592562,5868,5723,46,0,5677,5544,859064,192,1,0,191,179
2020-07-25,US,Texas,Dickens,4,0,0,33.61616822,-100.7788855,48125.0,180.91361374943463,0.0,4,4,0,0,4,4,2249,0,0,0,0,0
2020-07-25,US,Texas,Dimmit,87,0,0,28.42270064,-99.75645095,48127.0,859.3441327538523,0.0,87,82,0,0,82,72,10308,5,0,0,5,10
2020-07-25,US,Texas,Donley,38,0,0,34.96517499,-100.8140093,48129.0,1159.2434411226354,0.0,38,38,0,0,38,37,3319,0,0,0,0,1
2020-07-25,US,Texas,Duval,119,0,0,27.68184592,-98.50864568,48131.0,1066.594962803621,0.0,119,114,0,0,114,110,11212,5,0,0,5,4
2020-07-25,US,Texas,Eastland,39,0,0,32.32743996,-98.83243566,48133.0,212.41830065359486,0.0,39,38,0,0,38,35,18322,1,0,0,1,3
2020-07-25,US,Texas,Ector,2819,35,0,31.86898877,-102.54294279999999,48135.0,1695.9145244641236,1.241575026605179,2784,2819,35,0,2784,2659,162124,0,0,0,0,160
2020-07-25,US,Texas,Edwards,22,0,0,29.98202582,-100.304252,48137.0,1138.7163561076604,0.0,22,20,0,0,20,20,1928,2,0,0,2,0
2020-07-25,US,Texas,El Paso,12971,221,0,31.76980765,-106.23632749999999,48141.0,1545.5687182896866,1.7038007863695936,12750,12750,218,0,12532,12501,840758,221,3,0,218,249
2020-07-25,US,Texas,Ellis,2268,21,0,32.34894117,-96.79371841,48139.0,1227.1000833216106,0.925925925925926,2247,2216,21,0,2195,2183,179436,52,0,0,52,33
2020-07-25,US,Texas,Erath,371,4,0,32.23602653,-98.21773417,48143.0,868.8931565881306,1.0781671159029649,367,366,4,0,362,358,42446,5,0,0,5,8
2020-07-25,US,Texas,Falls,103,0,0,31.25350609,-96.93630086,48145.0,595.4789847950511,0.0,103,98,0,0,98,95,17335,5,0,0,5,3
2020-07-25,US,Texas,Fannin,186,8,0,33.59564294,-96.10751083,48147.0,523.7371177563778,4.301075268817204,178,181,8,0,173,181,35286,5,0,0,5,0
2020-07-25,US,Texas,Fayette,334,5,0,29.87788372,-96.92076062,48149.0,1317.762171545806,1.497005988023952,329,334,5,0,329,326,25349,0,0,0,0,8
2020-07-25,US,Texas,Fisher,23,1,0,32.74281316,-100.40193020000001,48151.0,600.5221932114882,4.3478260869565215,22,23,1,0,22,23,3839,0,0,0,0,0
2020-07-25,US,Texas,Floyd,65,4,0,34.07227468,-101.3031546,48153.0,1137.955182072829,6.153846153846153,61,64,4,0,60,63,5837,1,0,0,1,1
2020-07-25,US,Texas,Foard,2,0,0,33.97308618,-99.7767797,48155.0,173.16017316017312,0.0,2,2,0,0,2,1,1200,0,0,0,0,1
2020-07-25,US,Texas,Fort Bend,6530,90,0,29.52704478,-95.77219463,48157.0,804.4963089265826,1.3782542113323124,6440,6460,88,0,6372,6352,787858,70,2,0,68,108
2020-07-25,US,Texas,Franklin,78,1,0,33.17653242,-95.21917243,48159.0,727.2727272727273,1.2820512820512822,77,77,1,0,76,71,10766,1,0,0,1,6
2020-07-25,US,Texas,Freestone,128,0,0,31.70422788,-96.15072516,48161.0,649.185981640209,0.0,128,122,0,0,122,119,19808,6,0,0,6,3
2020-07-25,US,Texas,Frio,425,2,0,28.86751206,-99.10804207,48163.0,2092.9774450901214,0.4705882352941176,423,421,1,0,420,413,19816,4,1,0,3,8
2020-07-25,US,Texas,Gaines,86,0,0,32.74055318,-102.6353295,48165.0,400.14889261120425,0.0,86,86,0,0,86,77,20901,0,0,0,0,9
2020-07-25,US,Texas,Galveston,8046,68,0,29.40167322,-94.90469073,48167.0,2351.675780896069,0.8451404424558787,7978,7914,68,0,7846,7794,337890,132,0,0,132,120
2020-07-25,US,Texas,Garza,94,2,0,33.17969345,-101.2984114,48169.0,1509.0704768020548,2.127659574468085,92,90,2,0,88,88,6578,4,0,0,4,2
2020-07-25,US,Texas,Gillespie,156,0,0,30.31824095,-98.94676915,48171.0,578.0346820809249,0.0,156,152,0,0,152,143,26804,4,0,0,4,9
2020-07-25,US,Texas,Glasscock,6,0,0,31.86942909,-101.5207776,48173.0,425.83392476934,0.0,6,6,0,0,6,6,1388,0,0,0,0,0
2020-07-25,US,Texas,Goliad,68,1,0,28.65696592,-97.42760647,48175.0,887.9603029511621,1.4705882352941178,67,64,1,0,63,59,7584,4,0,0,4,5
2020-07-25,US,Texas,Gonzales,569,6,0,29.45634206,-97.49424032,48177.0,2730.719393386764,1.054481546572935,563,567,6,0,561,537,20826,2,0,0,2,30
2020-07-25,US,Texas,Gray,150,4,0,35.40081878,-100.8129222,48179.0,685.3696426939597,2.6666666666666665,146,149,4,0,145,141,21895,1,0,0,1,8
2020-07-25,US,Texas,Grayson,918,8,0,33.62744998,-96.67753461,48181.0,673.9494317681261,0.8714596949891068,910,915,8,0,907,898,133991,3,0,0,3,17
2020-07-25,US,Texas,Gregg,1195,16,0,32.47940482,-94.81591935,48183.0,964.1373189721248,1.338912133891213,1179,1162,16,0,1146,1147,123707,33,0,0,33,15
2020-07-25,US,Texas,Grimes,801,2,0,30.54579585,-95.98902499,48185.0,2773.5457063711906,0.24968789013732834,799,796,2,0,794,788,28360,5,0,0,5,8
2020-07-25,US,Texas,Guadalupe,1519,6,0,29.58165339,-97.94786822,48187.0,910.4149310446097,0.3949967083607637,1513,1485,6,0,1479,1458,163694,34,0,0,34,27
2020-07-25,US,Texas,Hale,1061,23,0,34.07044901,-101.82681140000001,48189.0,3176.076153984315,2.1677662582469366,1038,1049,22,0,1027,1032,33830,12,1,0,11,17
2020-07-25,US,Texas,Hall,6,1,0,34.5307555,-100.68138520000001,48191.0,202.4291497975709,16.666666666666668,5,5,1,0,4,4,3028,1,0,0,1,1
2020-07-25,US,Texas,Hamilton,53,2,0,31.70470573,-98.11083887,48193.0,626.4034984044439,3.7735849056603774,51,51,2,0,49,49,8484,2,0,0,2,2
2020-07-25,US,Texas,Hansford,47,2,0,36.27743284,-101.3545796,48195.0,870.5315799222078,4.25531914893617,45,47,2,0,45,45,5463,0,0,0,0,2
2020-07-25,US,Texas,Hardeman,11,0,0,34.28944521,-99.74632408,48197.0,279.68471904398683,0.0,11,10,0,0,10,10,3922,1,0,0,1,0
2020-07-25,US,Texas,Hardin,682,6,0,30.33364686,-94.38931817,48199.0,1183.9866671296136,0.8797653958944281,676,660,6,0,654,636,57207,22,0,0,22,24
2020-07-25,US,Texas,Harris,64108,637,0,29.86,-95.39,48201.0,1360.1438474961942,0.9936357396892744,63471,62612,615,0,61997,61411,4698619,1496,22,0,1474,1201
2020-07-25,US,Texas,Harrison,562,34,0,32.54935988,-94.36934071,48203.0,844.4397698075218,6.049822064056939,528,558,34,0,524,540,66726,4,0,0,4,18
2020-07-25,US,Texas,Hartley,81,2,0,35.84008013,-102.6029022,48205.0,1452.654232424677,2.469135802469136,79,78,2,0,76,74,5619,3,0,0,3,4
2020-07-25,US,Texas,Haskell,30,0,0,33.17823584,-99.73037358,48207.0,530.2226935312831,0.0,30,28,0,0,28,25,5813,2,0,0,2,3
2020-07-25,US,Texas,Hays,4133,24,0,30.05669873,-98.02944344,48209.0,1795.4655047330261,0.5806919912896201,4109,4133,24,0,4109,4091,222631,0,0,0,0,42
2020-07-25,US,Texas,Hemphill,34,0,0,35.83764858,-100.2703577,48211.0,890.2854150301126,0.0,34,33,0,0,33,28,3825,1,0,0,1,5
2020-07-25,US,Texas,Henderson,500,7,0,32.21128872,-95.85846587,48213.0,604.3245464544277,1.4,493,490,7,0,483,466,82299,10,0,0,10,24
2020-07-25,US,Texas,Hidalgo,15153,456,0,26.39418217,-98.18299696,48215.0,1744.3165532222024,3.009305088101366,14697,14589,433,0,14156,13776,865939,564,23,0,541,813
2020-07-25,US,Texas,Hill,264,2,0,31.99045053,-97.13423143,48217.0,720.3470763185901,0.7575757575757576,262,242,2,0,240,232,36354,22,0,0,22,10
2020-07-25,US,Texas,Hockley,160,4,0,33.60771256,-102.3431676,48219.0,695.0175926328136,2.5,156,151,4,0,147,145,22980,9,0,0,9,6
2020-07-25,US,Texas,Hood,308,5,0,32.42990927,-97.83242024,48221.0,499.65121749428164,1.6233766233766234,303,294,5,0,289,291,60537,14,0,0,14,3
2020-07-25,US,Texas,Hopkins,149,1,0,33.14875072,-95.56351139,48223.0,401.7905296084565,0.6711409395973155,148,144,1,0,143,142,36810,5,0,0,5,2
2020-07-25,US,Texas,Houston,236,0,0,31.31925973,-95.42226208,48225.0,1027.516544757924,0.0,236,234,0,0,234,229,23169,2,0,0,2,5
2020-07-25,US,Texas,Howard,126,3,0,32.30621324,-101.4356444,48227.0,343.6613571896138,2.380952380952381,123,116,2,0,114,113,36459,10,1,0,9,3
2020-07-25,US,Texas,Hudspeth,19,0,0,31.45628381,-105.388178,48229.0,388.8661481784692,0.0,19,18,0,0,18,18,4795,1,0,0,1,0
2020-07-25,US,Texas,Hunt,937,8,0,33.12351514,-96.08551032,48231.0,950.3620909994523,0.8537886872998933,929,922,8,0,914,908,96493,15,0,0,15,14
2020-07-25,US,Texas,Hutchinson,105,1,0,35.84006574,-101.3546643,48233.0,501.48056165822913,0.9523809523809524,104,105,1,0,104,100,21198,0,0,0,0,5
2020-07-25,US,Texas,Irion,7,0,0,31.30375559,-100.982439,48235.0,455.72916666666674,0.0,7,6,0,0,6,5,1522,1,0,0,1,1
2020-07-25,US,Texas,Jack,24,0,0,33.23377248,-98.17283469,48237.0,268.6066032456631,0.0,24,23,0,0,23,23,8843,1,0,0,1,0
2020-07-25,US,Texas,Jackson,202,1,0,28.95472367,-96.57749563,48239.0,1368.5636856368565,0.4950495049504951,201,194,1,0,193,171,14874,8,0,0,8,23
2020-07-25,US,Texas,Jasper,254,1,0,30.74685667,-94.02667579,48241.0,714.9089476202539,0.3937007874015748,253,110,1,0,109,97,35872,144,0,0,144,13
2020-07-25,US,Texas,Jeff Davis,8,0,0,30.71490589,-104.1399973,48243.0,351.8029903254178,0.0,8,7,0,0,7,7,2252,1,0,0,1,0
2020-07-25,US,Texas,Jefferson,4880,57,0,29.8832777,-94.16434171,48245.0,1939.8564983205133,1.1680327868852458,4823,4772,55,0,4717,4697,255001,108,2,0,106,75
2020-07-25,US,Texas,Jim Hogg,46,0,0,27.04453923,-98.69681870000001,48247.0,884.6153846153846,0.0,46,44,0,0,44,44,5248,2,0,0,2,0
2020-07-25,US,Texas,Jim Wells,507,0,0,27.73103938,-98.0904705,48249.0,1252.4084778420038,0.0,507,472,0,0,472,466,40822,35,0,0,35,6
2020-07-25,US,Texas,Johnson,1234,7,0,32.37877812,-97.36615819,48251.0,701.8661449120392,0.5672609400324149,1227,1179,7,0,1172,1133,171361,55,0,0,55,46
2020-07-25,US,Texas,Jones,621,0,0,32.73997145,-99.87861576,48253.0,3092.1675048548523,0.0,621,631,0,0,631,652,19817,-10,0,0,-10,-21
2020-07-25,US,Texas,Karnes,206,0,0,28.90705334,-97.85960149,48255.0,1320.428177680918,0.0,206,203,0,0,203,181,15650,3,0,0,3,22
2020-07-25,US,Texas,Kaufman,1440,5,0,32.599141700000004,-96.28734728,48257.0,1057.625923586527,0.3472222222222222,1435,1386,5,0,1381,1363,128622,54,0,0,54,23
2020-07-25,US,Texas,Kendall,137,0,0,29.94414155,-98.7113588,48259.0,288.84063165440324,0.0,137,136,0,0,136,131,45641,1,0,0,1,5
2020-07-25,US,Texas,Kenedy,4,0,0,26.92601662,-97.66413984,48261.0,990.0990099009905,0.0,4,3,0,0,3,3,442,1,0,0,1,0
2020-07-25,US,Texas,Kent,2,0,0,33.18104136,-100.7780939,48263.0,262.46719160104993,0.0,2,2,0,0,2,2,726,0,0,0,0,0
2020-07-25,US,Texas,Kerr,324,1,0,30.06040006,-99.34930144,48265.0,615.9695817490492,0.308641975308642,323,318,1,0,317,295,52405,6,0,0,6,23
2020-07-25,US,Texas,Kimble,13,0,0,30.48678918,-99.74856473,48267.0,299.7463684574591,0.0,13,13,0,0,13,13,4362,0,0,0,0,0
2020-07-25,US,Texas,Kinney,14,0,0,29.34967888,-100.41866379999999,48271.0,381.7834742296155,0.0,14,14,0,0,14,14,3767,0,0,0,0,0
2020-07-25,US,Texas,Kleberg,300,2,0,27.42435506,-97.69894948,48273.0,977.8357235984357,0.6666666666666666,298,284,2,0,282,284,31129,16,0,0,16,0
2020-07-25,US,Texas,Knox,44,0,0,33.60519951,-99.74229059999999,48275.0,1200.8733624454148,0.0,44,44,0,0,44,18,3653,0,0,0,0,26
2020-07-25,US,Texas,La Salle,351,0,0,28.34453111,-99.09908775,48283.0,4667.553191489362,0.0,351,351,0,0,351,347,7531,0,0,0,0,4
2020-07-25,US,Texas,Lamar,537,15,0,33.66981763,-95.57404777,48277.0,1077.0372450309874,2.793296089385475,522,530,15,0,515,523,49728,7,0,0,7,7
2020-07-25,US,Texas,Lamb,175,7,0,34.06859623,-102.35162890000001,48279.0,1357.325680601877,4.0,168,165,7,0,158,157,13158,10,0,0,10,8
2020-07-25,US,Texas,Lampasas,68,0,0,31.19531316,-98.24206613,48281.0,317.3417957812208,0.0,68,68,0,0,68,65,21229,0,0,0,0,3
2020-07-25,US,Texas,Lavaca,545,1,0,29.38508402,-96.93186692,48285.0,2704.1778307035825,0.1834862385321101,544,538,1,0,537,525,20110,7,0,0,7,13
2020-07-25,US,Texas,Lee,143,3,0,30.31120597,-96.97045773,48287.0,829.5144729972735,2.097902097902098,140,134,3,0,131,128,17144,9,0,0,9,6
2020-07-25,US,Texas,Leon,128,1,0,31.29872538,-95.9936328,48289.0,735.4631119282924,0.78125,127,126,0,0,126,127,17270,2,1,0,1,-1
2020-07-25,US,Texas,Liberty,733,3,0,30.15152688,-94.81205615,48291.0,830.8867704236047,0.4092769440654843,730,712,3,0,709,700,86323,21,0,0,21,12
2020-07-25,US,Texas,Limestone,144,2,0,31.5454767,-96.58095444,48293.0,614.4131074796262,1.3888888888888888,142,140,1,0,139,139,23519,4,1,0,3,1
2020-07-25,US,Texas,Lipscomb,15,0,0,36.27783108,-100.27331509999999,48295.0,463.96535725332507,0.0,15,14,0,0,14,12,3355,1,0,0,1,2
2020-07-25,US,Texas,Live Oak,115,1,0,28.35101362,-98.1246786,48297.0,942.082411730974,0.8695652173913043,114,109,1,0,108,106,12166,6,0,0,6,3
2020-07-25,US,Texas,Llano,81,0,0,30.70645047,-98.68475262,48299.0,371.6448726772196,0.0,81,72,0,0,72,71,21646,9,0,0,9,1
2020-07-25,US,Texas,Lubbock,4962,68,0,33.61008596,-101.82047890000001,48303.0,1597.7125856089954,1.3704151551793629,4894,4880,68,0,4812,4769,307412,82,0,0,82,111
2020-07-25,US,Texas,Lynn,59,3,0,33.17657705,-101.8162849,48305.0,991.430011762729,5.084745762711863,56,59,3,0,56,57,5877,0,0,0,0,2
2020-07-25,US,Texas,Madison,240,0,0,30.96694679,-95.93003775,48313.0,1680.2016241949036,0.0,240,234,0,0,234,229,14422,6,0,0,6,5
2020-07-25,US,Texas,Marion,116,7,0,32.79868409,-94.35661230000001,48315.0,1177.186929165821,6.0344827586206895,109,114,4,0,110,113,9928,2,3,0,-1,1
2020-07-25,US,Texas,Martin,42,1,0,32.30600051,-101.9513518,48317.0,727.7768151100328,2.380952380952381,41,41,1,0,40,38,5753,1,0,0,1,3
2020-07-25,US,Texas,Mason,38,0,0,30.71780434,-99.22629416,48319.0,889.0968647636874,0.0,38,38,0,0,38,38,4280,0,0,0,0,0
2020-07-25,US,Texas,Matagorda,566,5,0,28.81955746,-96.01230294,48321.0,1544.633354255929,0.8833922261484098,561,532,5,0,527,523,36552,34,0,0,34,9
2020-07-25,US,Texas,Maverick,1440,26,0,28.7429195,-100.3157686,48323.0,2452.2325533871467,1.805555555555556,1414,1440,26,0,1414,1440,58485,0,0,0,0,0
2020-07-25,US,Texas,McCulloch,35,0,0,31.1925468,-99.34682807,48307.0,438.37675350701403,0.0,35,34,0,0,34,33,7987,1,0,0,1,1
2020-07-25,US,Texas,McLennan,3885,35,0,31.55255453,-97.20217694,48309.0,1513.89392221274,0.9009009009009008,3850,3782,32,0,3750,3688,254607,103,3,0,100,94
2020-07-25,US,Texas,McMullen,6,0,0,28.35251708,-98.56769164,48311.0,807.5370121130553,0.0,6,6,0,0,6,6,749,0,0,0,0,0
2020-07-25,US,Texas,Medina,546,8,0,29.355730100000002,-99.11030298,48325.0,1058.467741935484,1.465201465201465,538,538,8,0,530,527,50921,8,0,0,8,11
2020-07-25,US,Texas,Menard,16,0,0,30.88990665,-99.82047940000001,48327.0,748.3629560336763,0.0,16,16,0,0,16,16,2139,0,0,0,0,0
2020-07-25,US,Texas,Midland,1805,33,0,31.86904128,-102.03156820000001,48329.0,1020.7428519724936,1.8282548476454292,1772,1805,33,0,1772,1738,172578,0,0,0,0,67
2020-07-25,US,Texas,Milam,273,2,0,30.78581830000001,-96.97718698,48331.0,1099.786488337429,0.7326007326007326,271,262,2,0,260,260,25131,11,0,0,11,2
2020-07-25,US,Texas,Mills,13,0,0,31.49557106,-98.59272068,48333.0,266.776113277242,0.0,13,12,0,0,12,11,4921,1,0,0,1,1
2020-07-25,US,Texas,Mitchell,41,0,0,32.30623474,-100.9212058,48335.0,479.81275599765945,0.0,41,38,0,0,38,34,8145,3,0,0,3,4
2020-07-25,US,Texas,Montague,45,1,0,33.67521893,-97.72500958,48337.0,227.06630336058132,2.2222222222222223,44,43,1,0,42,39,19596,2,0,0,2,4
2020-07-25,US,Texas,Montgomery,5597,53,0,30.30079133,-95.50572772,48339.0,921.4822083303836,0.9469358584956228,5544,5597,53,0,5544,5444,590925,0,0,0,0,153
2020-07-25,US,Texas,Moore,978,15,0,35.83769242,-101.8930281,48341.0,4670.487106017192,1.5337423312883436,963,968,15,0,953,967,21485,10,0,0,10,1
2020-07-25,US,Texas,Morris,77,0,0,33.11304005,-94.73255695,48343.0,621.5692605747497,0.0,77,70,0,0,70,70,12339,7,0,0,7,0
2020-07-25,US,Texas,Motley,4,0,0,34.07408766,-100.77972199999999,48345.0,333.3333333333333,0.0,4,3,0,0,3,3,1234,1,0,0,1,0
2020-07-25,US,Texas,Nacogdoches,866,37,0,31.62017125,-94.61803994,48347.0,1328.139377952273,4.272517321016166,829,835,36,0,799,810,65711,31,1,0,30,25
2020-07-25,US,Texas,Navarro,672,11,0,32.04620681,-96.47428766,48349.0,1340.969409135354,1.636904761904762,661,655,10,0,645,637,49565,17,1,0,16,18
2020-07-25,US,Texas,Newton,77,0,0,30.78548982,-93.74408813,48351.0,566.3847002574475,0.0,77,37,0,0,37,32,13746,40,0,0,40,5
2020-07-25,US,Texas,Nolan,122,2,0,32.30365282,-100.4060208,48353.0,829.1423134429795,1.639344262295082,120,122,1,0,121,110,14751,0,1,0,-1,12
2020-07-25,US,Texas,Nueces,10351,137,0,27.736286,-97.5433285,48355.0,2857.071880848151,1.3235436189740122,10214,10136,129,0,10007,9961,362265,215,8,0,207,175
2020-07-25,US,Texas,Ochiltree,75,2,0,36.27829105,-100.8158184,48357.0,762.5050833672225,2.6666666666666665,73,68,2,0,66,63,9947,7,0,0,7,5
2020-07-25,US,Texas,Oldham,12,1,0,35.40425596,-102.6027606,48359.0,568.1818181818181,8.333333333333334,11,12,1,0,11,12,2131,0,0,0,0,0
2020-07-25,US,Texas,Orange,827,8,0,30.11879481,-93.89412775,48361.0,991.6542759844597,0.9673518742442564,819,826,8,0,818,813,83572,1,0,0,1,13
2020-07-25,US,Texas,Palo Pinto,142,2,0,32.75310985,-98.31319001,48363.0,486.4846346226319,1.4084507042253518,140,131,2,0,129,119,28875,11,0,0,11,12
2020-07-25,US,Texas,Panola,255,24,0,32.163959600000005,-94.30552481,48365.0,1099.4222643787186,9.411764705882351,231,255,24,0,231,253,23148,0,0,0,0,2
2020-07-25,US,Texas,Parker,824,2,0,32.77757172,-97.80500621,48367.0,576.715799493274,0.2427184466019417,822,808,1,0,807,896,138371,16,1,0,15,-88
2020-07-25,US,Texas,Parmer,289,8,0,34.52993409,-102.78446679999999,48369.0,3008.849557522124,2.7681660899653977,281,288,8,0,280,284,9864,1,0,0,1,4
2020-07-25,US,Texas,Pecos,194,1,0,30.78097267,-102.72412609999999,48371.0,1226.0633255387727,0.5154639175257731,193,194,1,0,193,188,15673,0,0,0,0,6
2020-07-25,US,Texas,Polk,601,1,0,30.79472531,-94.82766240000001,48373.0,1170.330847272798,0.16638935108153075,600,592,1,0,591,533,50031,9,0,0,9,59
2020-07-25,US,Texas,Potter,3353,42,0,35.40133773,-101.893964,48375.0,2855.682834390836,1.2526096033402925,3311,3340,42,0,3298,3294,119648,13,0,0,13,46
2020-07-25,US,Texas,Presidio,35,0,0,29.99954402,-104.24080790000001,48377.0,522.0763723150358,0.0,35,32,0,0,32,32,6948,3,0,0,3,0
2020-07-25,US,Texas,Rains,37,1,0,32.87109387,-95.79232691,48379.0,295.66885088700656,2.702702702702702,36,35,1,0,34,32,12159,2,0,0,2,3
2020-07-25,US,Texas,Randall,1442,17,0,34.96585996,-101.8971322,48381.0,1047.1052115631785,1.1789181692094313,1425,1424,17,0,1407,1394,136271,18,0,0,18,30
2020-07-25,US,Texas,Reagan,51,5,0,31.36607041,-101.52326590000001,48383.0,1325.0194855806706,9.803921568627453,46,53,3,0,50,53,3741,-2,2,0,-4,0
2020-07-25,US,Texas,Real,71,0,0,29.83321503,-99.82018052,48385.0,2056.7786790266514,0.0,71,70,0,0,70,63,3478,1,0,0,1,7
2020-07-25,US,Texas,Red River,131,12,0,33.61886692,-95.04841765,48387.0,1089.5783082425348,9.16030534351145,119,131,12,0,119,129,12175,0,0,0,0,2
2020-07-25,US,Texas,Reeves,106,2,0,31.32323325,-103.69038959999999,48389.0,663.4952428642963,1.8867924528301887,104,104,2,0,102,103,15695,2,0,0,2,1
2020-07-25,US,Texas,Refugio,138,0,0,28.323897600000002,-97.15766311,48391.0,1986.1830742659758,0.0,138,125,0,0,125,123,7032,13,0,0,13,2
2020-07-25,US,Texas,Roberts,6,0,0,35.83809685,-100.813175,48393.0,702.5761124121782,0.0,6,6,0,0,6,6,903,0,0,0,0,0
2020-07-25,US,Texas,Robertson,195,0,0,31.02539637,-96.51272246,48395.0,1142.087384327047,0.0,195,191,0,0,191,186,17284,4,0,0,4,5
2020-07-25,US,Texas,Rockwall,635,17,0,32.89779518,-96.40771592,48397.0,605.2518705618834,2.677165354330709,618,625,17,0,608,622,100657,10,0,0,10,3
2020-07-25,US,Texas,Runnels,78,2,0,31.8314342,-99.97616148,48399.0,759.937646141855,2.5641025641025643,76,65,0,0,65,53,10234,13,2,0,11,12
2020-07-25,US,Texas,Rusk,294,3,0,32.10773545,-94.76176432,48401.0,540.381575561519,1.020408163265306,291,288,3,0,285,292,54450,6,0,0,6,-4
2020-07-25,US,Texas,Sabine,36,1,0,31.34318809,-93.85440451,48403.0,341.49117814456457,2.7777777777777777,35,40,1,0,39,39,10589,-4,0,0,-4,1
2020-07-25,US,Texas,San Augustine,147,12,0,31.39457611,-94.17000399,48405.0,1784.6303265752094,8.16326530612245,135,147,12,0,135,142,8232,0,0,0,0,5
2020-07-25,US,Texas,San Jacinto,135,2,0,30.57933681,-95.16260304,48407.0,467.7916767732769,1.4814814814814814,133,135,2,0,133,130,28719,0,0,0,0,5
2020-07-25,US,Texas,San Patricio,666,0,0,28.00880118,-97.51763891,48409.0,998.0518507417952,0.0,666,624,0,0,624,557,66893,42,0,0,42,67
2020-07-25,US,Texas,San Saba,19,0,0,31.1577796,-98.81758731,48411.0,313.79025598678777,0.0,19,18,0,0,18,15,6054,1,0,0,1,3
2020-07-25,US,Texas,Schleicher,33,1,0,30.89740592,-100.5384842,48413.0,1181.5252416756175,3.0303030303030303,32,33,1,0,32,33,2895,0,0,0,0,0
2020-07-25,US,Texas,Scurry,387,1,0,32.74613808,-100.91626640000001,48415.0,2316.94905106867,0.25839793281653745,386,383,1,0,382,376,16866,4,0,0,4,7
2020-07-25,US,Texas,Shackelford,16,0,0,32.73587756,-99.35401337,48417.0,490.04594180704436,0.0,16,16,0,0,16,15,3253,0,0,0,0,1
2020-07-25,US,Texas,Shelby,348,14,0,31.79211404,-94.14550696,48419.0,1376.9090765213266,4.022988505747127,334,343,14,0,329,335,25418,5,0,0,5,8
2020-07-25,US,Texas,Sherman,35,0,0,36.27751473,-101.8933156,48421.0,1158.173395102581,0.0,35,35,0,0,35,35,3079,0,0,0,0,0
2020-07-25,US,Texas,Smith,2106,13,0,32.37474036,-95.27175679999999,48423.0,904.8296247921596,0.6172839506172839,2093,2058,12,0,2046,2006,230221,48,1,0,47,52
2020-07-25,US,Texas,Somervell,46,0,0,32.22236802,-97.77403489,48425.0,503.9439088518843,0.0,46,45,0,0,45,39,9016,1,0,0,1,6
2020-07-25,US,Texas,Starr,1559,22,0,26.56150059,-98.73892358,48427.0,2412.0805161450035,1.4111610006414368,1537,1559,20,0,1539,1519,64525,0,2,0,-2,40
2020-07-25,US,Texas,Stephens,23,0,0,32.73553157,-98.83631615,48429.0,245.56907964979717,0.0,23,21,0,0,21,18,9433,2,0,0,2,3
2020-07-25,US,Texas,Sterling,1,0,0,31.82781912,-101.05007459999999,48431.0,77.45933384972889,0.0,1,1,0,0,1,1,1311,0,0,0,0,0
2020-07-25,US,Texas,Stonewall,4,0,0,33.17906744,-100.25384009999999,48433.0,296.2962962962963,0.0,4,4,0,0,4,4,1362,0,0,0,0,0
2020-07-25,US,Texas,Sutton,54,0,0,30.49856623,-100.5382014,48435.0,1430.0847457627121,0.0,54,49,0,0,49,48,3758,5,0,0,5,1
2020-07-25,US,Texas,Swisher,72,1,0,34.53028891,-101.73491740000001,48437.0,973.36758145194,1.3888888888888888,71,72,1,0,71,69,7462,0,0,0,0,3
2020-07-25,US,Texas,Tarrant,25146,344,0,32.77143818,-97.29101614,48439.0,1195.996223570343,1.3680108168297145,24802,24562,329,0,24233,23967,2084931,584,15,0,569,595
2020-07-25,US,Texas,Taylor,1007,14,0,32.30163422,-99.89007449,48441.0,729.5304055522553,1.3902681231380338,993,986,14,0,972,976,137640,21,0,0,21,10
2020-07-25,US,Texas,Terrell,2,0,0,30.22429013,-102.0766732,48443.0,257.73195876288656,0.0,2,2,0,0,2,2,823,0,0,0,0,0
2020-07-25,US,Texas,Terry,86,0,0,33.17402785,-102.3354521,48445.0,697.0900543081788,0.0,86,86,0,0,86,71,12287,0,0,0,0,15
2020-07-25,US,Texas,Throckmorton,2,0,0,33.17751417,-99.21226795,48447.0,133.24450366422386,0.0,2,2,0,0,2,2,1515,0,0,0,0,0
2020-07-25,US,Texas,Titus,1087,6,0,33.21339719,-94.96797273,48449.0,3319.083969465649,0.5519779208831647,1081,1087,6,0,1081,1087,33033,0,0,0,0,0
2020-07-25,US,Texas,Tom Green,1922,18,0,31.40464436,-100.46244300000001,48451.0,1612.4161073825503,0.9365244536940688,1904,1875,18,0,1857,1773,118189,47,0,0,47,102
2020-07-25,US,Texas,Travis,19177,241,0,30.33432034,-97.78535620000001,48453.0,1505.313378662024,1.2567137717056889,18936,18939,229,0,18710,18696,1248743,238,12,0,226,243
2020-07-25,US,Texas,Trinity,117,0,0,31.0879489,-95.1367187,48455.0,798.5803016858918,0.0,117,117,0,0,117,115,14740,0,0,0,0,2
2020-07-25,US,Texas,Tyler,94,0,0,30.77031716,-94.37690895,48457.0,433.7393872277593,0.0,94,57,0,0,57,51,21696,37,0,0,37,6
2020-07-25,US,Texas,Upshur,158,1,0,32.73706798,-94.93999853,48459.0,378.41592220918267,0.6329113924050633,157,149,0,0,149,144,41260,9,1,0,8,5
2020-07-25,US,Texas,Upton,13,0,0,31.36868194,-102.0423217,48461.0,355.48263604047025,0.0,13,13,0,0,13,14,3671,0,0,0,0,-1
2020-07-25,US,Texas,Uvalde,401,5,0,29.35739637,-99.76229172,48463.0,1499.5699487678098,1.2468827930174564,396,399,5,0,394,374,26846,2,0,0,2,25
2020-07-25,US,Texas,Val Verde,1154,22,0,29.89149232,-101.1525205,48465.0,2353.901070882203,1.9064124783362215,1132,964,8,0,956,964,49208,190,14,0,176,0
2020-07-25,US,Texas,Van Zandt,297,4,0,32.56483801,-95.83766469,48467.0,524.8277080756318,1.3468013468013469,293,286,4,0,282,281,56019,11,0,0,11,5
2020-07-25,US,Texas,Victoria,2870,27,0,28.79780988,-96.96813006,48469.0,3116.719516962773,0.940766550522648,2843,2805,26,0,2779,2681,92035,65,1,0,64,124
2020-07-25,US,Texas,Walker,2697,28,0,30.73872995,-95.57440968,48471.0,3695.988817475436,1.0381905821282906,2669,2685,28,0,2657,2661,72480,12,0,0,12,24
2020-07-25,US,Texas,Waller,348,0,0,30.01058447,-95.99011759,48473.0,629.9098577272563,0.0,348,335,0,0,335,332,53126,13,0,0,13,3
2020-07-25,US,Texas,Ward,74,2,0,31.50999644,-103.09279090000001,48475.0,616.7694615769295,2.702702702702702,72,74,1,0,73,75,11720,0,1,0,-1,-1
2020-07-25,US,Texas,Washington,441,34,0,30.21498498,-96.40946246,48477.0,1229.0284822473666,7.709750566893423,407,438,34,0,404,435,35108,3,0,0,3,3
2020-07-25,US,Texas,Webb,4872,97,0,27.7610369,-99.33237355,48479.0,1761.0572126715151,1.9909688013136289,4775,4699,90,0,4609,4472,275910,173,7,0,166,227
2020-07-25,US,Texas,Wharton,499,1,0,29.27765923,-96.22319248,48481.0,1200.7892963711618,0.2004008016032064,498,472,1,0,471,453,41619,27,0,0,27,19
2020-07-25,US,Texas,Wheeler,31,0,0,35.40114335,-100.26995140000001,48483.0,613.132911392405,0.0,31,29,0,0,29,28,5191,2,0,0,2,1
2020-07-25,US,Texas,Wichita,808,9,0,33.98842886,-98.70410340000001,48485.0,611.0564924752325,1.113861386138614,799,808,9,0,799,800,132064,0,0,0,0,8
2020-07-25,US,Texas,Wilbarger,35,0,0,34.07945812,-99.24178437,48487.0,274.1013391808286,0.0,35,31,0,0,31,28,12820,4,0,0,4,3
2020-07-25,US,Texas,Willacy,557,4,0,26.47411727,-97.61535848,48489.0,2607.922090083341,0.7181328545780971,553,542,4,0,538,535,21515,15,0,0,15,7
2020-07-25,US,Texas,Williamson,5246,92,0,30.64655664,-97.60048540000001,48491.0,888.3229390857015,1.7537171178040412,5154,5203,90,0,5113,5145,566719,43,2,0,41,58
2020-07-25,US,Texas,Wilson,403,6,0,29.1732598,-98.08693082,48493.0,789.1129821813197,1.488833746898263,397,392,6,0,386,385,50224,11,0,0,11,7
2020-07-25,US,Texas,Winkler,65,0,0,31.85008651,-103.04851629999999,48495.0,811.4856429463173,0.0,65,63,0,0,63,63,7720,2,0,0,2,0
2020-07-25,US,Texas,Wise,272,5,0,33.21570665,-97.65460265,48497.0,388.6602652034751,1.8382352941176472,267,266,5,0,261,265,68305,6,0,0,6,1
2020-07-25,US,Texas,Wood,241,6,0,32.78722382,-95.38236368,48499.0,529.2167153428928,2.489626556016597,235,225,6,0,219,205,45129,16,0,0,16,20
2020-07-25,US,Texas,Yoakum,63,1,0,33.17320212,-102.82764329999999,48501.0,723.0575002869276,1.5873015873015872,62,63,1,0,62,61,8591,0,0,0,0,2
2020-07-25,US,Texas,Young,101,1,0,33.17659707,-98.68790885,48503.0,560.7995558023322,0.99009900990099,100,92,1,0,91,85,18045,9,0,0,9,7
2020-07-25,US,Texas,Zapata,122,1,0,27.00156391,-99.16987152,48505.0,860.4273926228931,0.819672131147541,121,116,1,0,115,116,14190,6,0,0,6,0
2020-07-25,US,Texas,Zavala,143,0,0,28.86617238,-99.76050829,48507.0,1207.7702702702702,0.0,143,138,0,0,138,128,11983,5,0,0,5,10
2020-07-25,US,Utah,Bear River,2078,5,0,41.52106798,-113.0832816,0.0,1112.312518065711,0.24061597690086625,2073,2049,5,0,2044,2000,,29,0,0,29,49
2020-07-25,US,Utah,Central Utah,333,1,0,39.37231946,-111.5758676,0.0,406.3254996705469,0.3003003003003003,332,328,1,0,327,318,,5,0,0,5,10
2020-07-25,US,Utah,Davis,2660,11,0,40.99001837,-112.1139997,49011.0,748.2819053620308,0.4135338345864661,2649,2616,10,0,2606,2520,351713,44,1,0,43,96
2020-07-25,US,Utah,Salt Lake,17966,156,0,40.66616532,-111.9216011,49035.0,1548.2098554251545,0.8683068017366136,17810,17686,156,0,17530,17353,1152633,280,0,0,280,333
2020-07-25,US,Utah,San Juan,582,19,0,37.62762978,-109.80337140000002,49037.0,3801.933629474785,3.2646048109965635,563,566,19,0,547,553,15449,16,0,0,16,13
2020-07-25,US,Utah,Southeast Utah,70,0,0,38.99617072,-110.7013958,0.0,174.00382808421784,0.0,70,69,0,0,69,67,,1,0,0,1,2
2020-07-25,US,Utah,Southwest Utah,2733,22,0,37.85447192,-111.4418764,0.0,1084.3430856761968,0.8049762166117819,2711,2672,22,0,2650,2594,,61,0,0,61,78
2020-07-25,US,Utah,Summit,663,1,0,40.86688146,-110.9535882,49043.0,1573.140348795824,0.15082956259426847,662,658,1,0,657,651,41933,5,0,0,5,7
2020-07-25,US,Utah,Tooele,481,0,0,40.44862644,-113.1295715,49045.0,665.6610249242309,0.0,481,472,0,0,472,463,69907,9,0,0,9,9
2020-07-25,US,Utah,TriCounty,134,0,0,40.12491499,-109.5174415,0.0,236.65712973755782,0.0,134,132,0,0,132,128,,2,0,0,2,4
2020-07-25,US,Utah,Utah,7098,31,0,40.1166722,-111.6657662,49049.0,1115.625515729251,0.4367427444350521,7067,6938,31,0,6907,6753,622213,160,0,0,160,185
2020-07-25,US,Utah,Wasatch,512,4,0,40.33110236,-111.1691419,49051.0,1501.8626616995693,0.78125,508,508,4,0,504,498,33240,4,0,0,4,10
2020-07-25,US,Utah,Weber-Morgan,2313,24,0,41.27116049,-111.9145117,0.0,849.315370294892,1.0376134889753568,2289,2268,24,0,2244,2201,,45,0,0,45,67
2020-07-25,US,Vermont,Addison,71,2,0,44.03217337,-73.14130877,50001.0,193.0554422601081,2.8169014084507036,69,72,2,0,70,71,36973,-1,0,0,-1,1
2020-07-25,US,Vermont,Bennington,81,1,0,43.03519828,-73.09048868,50003.0,228.36199605300254,1.2345679012345678,80,81,1,0,80,80,35631,0,0,0,0,1
2020-07-25,US,Vermont,Caledonia,25,0,0,44.46548598,-72.10314651,50005.0,83.3527823158737,0.0,25,25,0,0,25,25,30302,0,0,0,0,0
2020-07-25,US,Vermont,Chittenden,711,39,0,44.46322849,-73.08359212,50007.0,434.13484435868935,5.485232067510547,672,706,39,0,667,705,164572,5,0,0,5,1
2020-07-25,US,Vermont,Essex,4,0,0,44.72736416,-71.73579864,50009.0,64.9034561090378,0.0,4,4,0,0,4,4,6250,0,0,0,0,0
2020-07-25,US,Vermont,Franklin,114,6,0,44.85627605,-72.91249563,50011.0,230.75988826363303,5.2631578947368425,108,113,6,0,107,111,49421,1,0,0,1,2
2020-07-25,US,Vermont,Grand Isle,13,0,0,44.797582399999996,-73.29679772,50013.0,179.68210089841045,0.0,13,13,0,0,13,13,7090,0,0,0,0,0
2020-07-25,US,Vermont,Lamoille,42,1,0,44.60353043,-72.64356694,50015.0,165.60208185474332,2.380952380952381,41,42,1,0,41,42,25300,0,0,0,0,0
2020-07-25,US,Vermont,Orange,14,0,0,44.00470222,-72.37640104,50017.0,48.45632008860584,0.0,14,11,0,0,11,11,28999,3,0,0,3,0
2020-07-25,US,Vermont,Orleans,14,0,0,44.82964024,-72.24562697,50019.0,51.78089285053815,0.0,14,14,0,0,14,14,26907,0,0,0,0,0
2020-07-25,US,Vermont,Rutland,83,1,0,43.57723578,-73.03741676,50021.0,142.63374061280953,1.2048192771084338,82,82,1,0,81,80,58672,1,0,0,1,2
2020-07-25,US,Vermont,Unassigned,7,0,0,0.0,0.0,90050.0,0.0,0.0,7,7,0,0,7,7,,0,0,0,0,0
2020-07-25,US,Vermont,Washington,47,1,0,44.27343241,-72.61604978,50023.0,80.4670513105857,2.127659574468085,46,46,1,0,45,45,58140,1,0,0,1,1
2020-07-25,US,Vermont,Windham,101,3,0,42.986982,-72.71268875,50025.0,239.211785325186,2.9702970297029703,98,100,3,0,97,100,42756,1,0,0,1,0
2020-07-25,US,Vermont,Windsor,69,2,0,43.58010937,-72.58595157,50027.0,125.31328320802004,2.898550724637681,67,69,2,0,67,69,55286,0,0,0,0,0
2020-07-25,US,Virginia,Accomack,1060,15,0,37.76707161,-75.63234615,51001.0,3280.1089243718293,1.4150943396226414,1045,1059,15,0,1044,1059,32412,1,0,0,1,0
2020-07-25,US,Virginia,Albemarle,695,10,0,38.02080697,-78.55481085,51003.0,635.69011250343,1.4388489208633093,685,685,10,0,675,671,108718,10,0,0,10,14
2020-07-25,US,Virginia,Alexandria,2687,57,0,38.814003,-77.08183073,51510.0,1685.400306094287,2.1213248976553776,2630,2662,56,0,2606,2639,160530,25,1,0,24,23
2020-07-25,US,Virginia,Alleghany,56,2,0,37.78636074,-80.00222498,51005.0,376.8506056527591,3.571428571428572,54,56,2,0,54,56,14910,0,0,0,0,0
2020-07-25,US,Virginia,Amelia,65,1,0,37.34081025,-77.98584649,51007.0,494.48459490300485,1.5384615384615383,64,61,1,0,60,61,13013,4,0,0,4,0
2020-07-25,US,Virginia,Amherst,76,0,0,37.60308293,-79.14548696,51009.0,240.46828033539,0.0,76,71,0,0,71,67,31666,5,0,0,5,4
2020-07-25,US,Virginia,Appomattox,56,0,0,37.37569884,-78.81340003,51011.0,351.95776506819186,0.0,56,55,0,0,55,55,15841,1,0,0,1,0
2020-07-25,US,Virginia,Arlington,2801,135,0,38.8767675,-77.10139853,51013.0,1182.6449700644314,4.819707247411639,2666,2783,135,0,2648,2776,237521,18,0,0,18,7
2020-07-25,US,Virginia,Augusta,238,3,0,38.16404586,-79.12461614,51015.0,314.9898091532333,1.2605042016806722,235,236,3,0,233,233,75457,2,0,0,2,3
2020-07-25,US,Virginia,Bath,3,0,0,38.05852573,-79.73912095,51017.0,72.34145165179649,0.0,3,3,0,0,3,3,4292,0,0,0,0,0
2020-07-25,US,Virginia,Bedford,224,4,0,37.3080028,-79.5281964,51019.0,283.555071711584,1.7857142857142858,220,217,4,0,213,212,78747,7,0,0,7,5
2020-07-25,US,Virginia,Bland,7,0,0,37.13128068,-81.13599391,51021.0,111.46496815286623,0.0,7,7,0,0,7,7,6293,0,0,0,0,0
2020-07-25,US,Virginia,Botetourt,172,4,0,37.55531756,-79.80982182,51023.0,514.6772793919627,2.3255813953488373,168,171,4,0,167,168,33277,1,0,0,1,3
2020-07-25,US,Virginia,Bristol,39,0,0,36.616302399999995,-82.16359122,51520.0,232.66913256174684,0.0,39,34,0,0,34,31,16482,5,0,0,5,3
2020-07-25,US,Virginia,Brunswick,172,1,0,36.76366949,-77.8593436,51025.0,1059.7005729776354,0.5813953488372093,171,170,1,0,169,163,16384,2,0,0,2,7
2020-07-25,US,Virginia,Buchanan,62,0,0,37.26818323,-82.03749726,51027.0,295.1818701199772,0.0,62,62,0,0,62,62,21221,0,0,0,0,0
2020-07-25,US,Virginia,Buckingham,591,6,0,37.57242268,-78.52518834,51029.0,3446.466060181945,1.0152284263959392,585,590,6,0,584,590,16999,1,0,0,1,0
2020-07-25,US,Virginia,Buena Vista,40,0,0,37.73484642,-79.35296097,51530.0,617.4745291756715,0.0,40,36,0,0,36,37,6237,4,0,0,4,-1
2020-07-25,US,Virginia,Campbell,101,1,0,37.20553386,-79.09678609,51031.0,184.02113510066502,0.99009900990099,100,94,1,0,93,89,54973,7,0,0,7,5
2020-07-25,US,Virginia,Caroline,170,4,0,38.02679129,-77.34901405,51033.0,553.2953620829943,2.3529411764705883,166,167,4,0,163,167,30772,3,0,0,3,0
2020-07-25,US,Virginia,Carroll,295,10,0,36.73066666,-80.73455942,51035.0,990.2319492464168,3.3898305084745757,285,290,10,0,280,284,29636,5,0,0,5,6
2020-07-25,US,Virginia,Charles City,45,3,0,37.35358063,-77.05634116,51036.0,646.2731581214994,6.666666666666668,42,45,3,0,42,45,6941,0,0,0,0,0
2020-07-25,US,Virginia,Charlotte,46,0,0,37.01909701,-78.66314092,51037.0,387.2053872053872,0.0,46,45,0,0,45,43,11938,1,0,0,1,2
2020-07-25,US,Virginia,Charlottesville,412,8,0,38.03527919,-78.48569588,51540.0,871.6625058181356,1.9417475728155342,404,405,8,0,397,385,48117,7,0,0,7,20
2020-07-25,US,Virginia,Chesapeake,2079,24,0,36.67670048,-76.30545744,51550.0,849.1433005901931,1.1544011544011543,2055,1953,24,0,1929,1867,242634,126,0,0,126,86
2020-07-25,US,Virginia,Chesterfield,3702,66,0,37.37373208,-77.58680140000001,51041.0,1049.3137794003437,1.7828200972447326,3636,3673,66,0,3607,3609,348556,29,0,0,29,64
2020-07-25,US,Virginia,Clarke,63,0,0,39.11271747,-77.99199425,51043.0,430.9460291401602,0.0,63,63,0,0,63,62,14523,0,0,0,0,1
2020-07-25,US,Virginia,Colonial Heights,171,20,0,37.26420587,-77.39609676,51570.0,984.4559585492227,11.695906432748536,151,171,20,0,151,168,17833,0,0,0,0,3
2020-07-25,US,Virginia,Covington,8,0,0,37.7824656,-79.98631446,51580.0,144.4564824846515,0.0,8,8,0,0,8,7,5460,0,0,0,0,1
2020-07-25,US,Virginia,Craig,11,0,0,37.48133648,-80.21072274,51045.0,214.38316117715846,0.0,11,11,0,0,11,11,5064,0,0,0,0,0
2020-07-25,US,Virginia,Culpeper,916,12,0,38.48199985,-77.95630870000002,51047.0,1741.2793460697653,1.310043668122271,904,916,12,0,904,915,51859,0,0,0,0,1
2020-07-25,US,Virginia,Cumberland,60,0,0,37.51328851,-78.24398086,51049.0,604.1079339508659,0.0,60,60,0,0,60,60,9809,0,0,0,0,0
2020-07-25,US,Virginia,Danville,241,3,0,36.58022376,-79.40395668,51590.0,601.8379782239538,1.2448132780082988,238,233,3,0,230,229,40693,8,0,0,8,4
2020-07-25,US,Virginia,Dickenson,12,0,0,37.12560977,-82.35124171,51051.0,83.81058807095962,0.0,12,12,0,0,12,11,14523,0,0,0,0,1
2020-07-25,US,Virginia,Dinwiddie,175,2,0,37.07544585,-77.63451754,51053.0,613.0885650224217,1.1428571428571428,173,173,2,0,171,172,28529,2,0,0,2,1
2020-07-25,US,Virginia,Emporia,156,15,0,36.69455571,-77.53406129,51595.0,2918.0695847362513,9.615384615384617,141,156,15,0,141,156,5121,0,0,0,0,0
2020-07-25,US,Virginia,Essex,73,1,0,37.93357639,-76.94230311,51057.0,666.4840682917923,1.3698630136986298,72,73,0,0,73,72,10919,0,1,0,-1,1
2020-07-25,US,Virginia,Fairfax,15265,515,0,38.83677558,-77.27565836,51059.0,1330.2461282125466,3.3737307566328196,14750,15231,513,0,14718,15126,1150795,34,2,0,32,105
2020-07-25,US,Virginia,Fairfax,15265,515,0,38.83677558,-77.27565836,51059.0,1330.2461282125466,3.3737307566328196,14750,15231,513,0,14718,15126,24574,34,2,0,32,105
2020-07-25,US,Virginia,Fairfax City,74,7,0,38.85157547,-77.29779640000002,51600.0,308.08942920188184,9.459459459459461,67,73,7,0,66,74,24574,1,0,0,1,-1
2020-07-25,US,Virginia,Falls Church,55,6,0,38.88485255,-77.17560759,51610.0,376.27420127249087,10.909090909090908,49,55,6,0,49,55,14772,0,0,0,0,0
2020-07-25,US,Virginia,Fauquier,557,8,0,38.73564842,-77.80647472,51061.0,782.0617225014743,1.4362657091561941,549,552,8,0,544,551,70675,5,0,0,5,1
2020-07-25,US,Virginia,Floyd,27,1,0,36.9302126,-80.36738849,51063.0,171.43945647342687,3.703703703703704,26,26,1,0,25,26,15795,1,0,0,1,0
2020-07-25,US,Virginia,Fluvanna,157,8,0,37.84157909,-78.27715475,51065.0,575.7242390905757,5.095541401273885,149,157,8,0,149,154,26783,0,0,0,0,3
2020-07-25,US,Virginia,Franklin,138,1,0,36.99536167,-79.88023649,51067.0,246.24388851218728,0.7246376811594203,137,137,1,0,136,132,56195,1,0,0,1,5
2020-07-25,US,Virginia,Franklin,138,1,0,36.99536167,-79.88023649,51067.0,246.24388851218728,0.7246376811594203,137,137,1,0,136,132,8013,1,0,0,1,5
2020-07-25,US,Virginia,Franklin City,103,4,0,36.6831435,-76.93859681,51620.0,1292.8329358604242,3.8834951456310685,99,98,4,0,94,97,8013,5,0,0,5,1
2020-07-25,US,Virginia,Frederick,634,7,0,39.20172582,-78.25974949,51069.0,709.8630658470772,1.1041009463722398,627,626,7,0,619,614,88355,8,0,0,8,12
2020-07-25,US,Virginia,Fredericksburg,318,2,0,38.2977863,-77.4922454,51630.0,1095.192175230748,0.6289308176100629,316,312,1,0,311,308,29144,6,1,0,5,4
2020-07-25,US,Virginia,Galax,317,16,0,36.66601852,-80.91703124,51640.0,4994.485583740349,5.047318611987381,301,312,16,0,296,306,6423,5,0,0,5,6
2020-07-25,US,Virginia,Giles,18,0,0,37.31234791,-80.70636931,51071.0,107.65550239234449,0.0,18,18,0,0,18,18,16844,0,0,0,0,0
2020-07-25,US,Virginia,Gloucester,123,1,0,37.40809042,-76.53524337,51073.0,329.33490414480025,0.8130081300813008,122,118,1,0,117,115,37349,5,0,0,5,3
2020-07-25,US,Virginia,Goochland,144,6,0,37.71714806,-77.90381514,51075.0,606.2392118890245,4.166666666666667,138,144,6,0,138,143,23244,0,0,0,0,1
2020-07-25,US,Virginia,Grayson,113,4,0,36.65677234,-81.23215889,51077.0,726.6881028938907,3.5398230088495577,109,113,4,0,109,110,15631,0,0,0,0,3
2020-07-25,US,Virginia,Greene,119,2,0,38.29545894,-78.46525378,51079.0,600.4339270397094,1.680672268907563,117,114,2,0,112,108,19779,5,0,0,5,6
2020-07-25,US,Virginia,Greensville,404,9,0,36.67878901,-77.56351439,51081.0,3563.8673253352154,2.227722772277228,395,398,9,0,389,394,11627,6,0,0,6,4
2020-07-25,US,Virginia,Halifax,118,1,0,36.76654925,-78.93512622,51083.0,347.96968535283537,0.8474576271186439,117,113,1,0,112,110,34120,5,0,0,5,3
2020-07-25,US,Virginia,Hampton,848,4,0,37.03513786,-76.35879121,51650.0,630.4363987807598,0.4716981132075472,844,822,4,0,818,786,134313,26,0,0,26,36
2020-07-25,US,Virginia,Hanover,557,30,0,37.7583355,-77.49464673,51085.0,516.8606053857432,5.385996409335728,527,546,30,0,516,539,107239,11,0,0,11,7
2020-07-25,US,Virginia,Harrisonburg,1021,29,0,38.43542574,-78.87536254,51660.0,1925.8337105779387,2.840352595494613,992,1018,29,0,989,1015,54033,3,0,0,3,3
2020-07-25,US,Virginia,Henrico,3261,177,0,37.53460572,-77.39326555,51087.0,985.7383818292838,5.427782888684453,3084,3190,177,0,3013,3139,329261,71,0,0,71,51
2020-07-25,US,Virginia,Henry,429,5,0,36.68542395,-79.87634026,51089.0,848.547184366161,1.1655011655011656,424,424,5,0,419,422,50953,5,0,0,5,2
2020-07-25,US,Virginia,Highland,3,0,0,38.35799465,-79.56124594,51091.0,136.98630136986299,0.0,3,3,0,0,3,3,2210,0,0,0,0,0
2020-07-25,US,Virginia,Hopewell,239,5,0,37.29186313,-77.29754684,51670.0,1060.8548981312972,2.092050209205021,234,239,5,0,234,238,22596,0,0,0,0,1
2020-07-25,US,Virginia,Isle of Wight,306,9,0,36.90579348,-76.70842863,51093.0,824.5978064620442,2.9411764705882355,297,300,9,0,291,294,36953,6,0,0,6,6
2020-07-25,US,Virginia,James City,490,16,0,37.31156958,-76.76950618,51095.0,640.3303581929616,3.26530612244898,474,484,16,0,468,471,76397,6,0,0,6,13
2020-07-25,US,Virginia,King George,113,4,0,38.26818502,-77.15852768,51099.0,421.0761663437173,3.5398230088495577,109,112,4,0,108,111,26575,1,0,0,1,1
2020-07-25,US,Virginia,King William,70,2,0,37.70965316,-77.09384941,51101.0,408.2108700723117,2.8571428571428568,68,69,2,0,67,67,16939,1,0,0,1,2
2020-07-25,US,Virginia,King and Queen,33,1,0,37.71044922,-76.88689628,51097.0,469.7508896797153,3.0303030303030303,32,33,1,0,32,32,7042,0,0,0,0,1
2020-07-25,US,Virginia,Lancaster,26,0,0,37.71889653,-76.46400482,51103.0,245.2136187871357,0.0,26,24,0,0,24,24,10783,2,0,0,2,0
2020-07-25,US,Virginia,Lee,66,0,0,36.70586667,-83.12606515,51105.0,281.77432438201765,0.0,66,61,0,0,61,58,23541,5,0,0,5,3
2020-07-25,US,Virginia,Lexington,28,0,0,37.78258621,-79.44262866,51678.0,376.04082728982,0.0,28,26,0,0,26,26,7136,2,0,0,2,0
2020-07-25,US,Virginia,Loudoun,4796,106,0,39.08990083,-77.63481877,51107.0,1159.748318171486,2.2101751459549623,4690,4769,106,0,4663,4758,406850,27,0,0,27,11
2020-07-25,US,Virginia,Louisa,160,2,0,37.97850256,-77.96274807,51109.0,425.6337953233487,1.25,158,158,2,0,156,157,36778,2,0,0,2,1
2020-07-25,US,Virginia,Lunenburg,46,0,0,36.94618528,-78.24133319,51111.0,377.17284355526397,0.0,46,45,0,0,45,45,12086,1,0,0,1,0
2020-07-25,US,Virginia,Lynchburg,312,1,0,37.40021399,-79.19888138,51680.0,379.7098627202804,0.3205128205128205,311,301,1,0,300,295,82126,11,0,0,11,6
2020-07-25,US,Virginia,Madison,53,1,0,38.41531222,-78.28220331,51113.0,399.6681999849182,1.8867924528301887,52,51,1,0,50,51,13295,2,0,0,2,0
2020-07-25,US,Virginia,Manassas,1561,20,0,38.7464321,-77.48509905,51683.0,3799.4401849823535,1.2812299807815504,1541,1559,20,0,1539,1553,41641,2,0,0,2,6
2020-07-25,US,Virginia,Manassas Park,482,7,0,38.77058531,-77.44399307,51685.0,2757.752603272685,1.4522821576763485,475,482,7,0,475,479,17307,0,0,0,0,3
2020-07-25,US,Virginia,Martinsville,149,2,0,36.68212094,-79.86352771,51690.0,1186.8727098932613,1.342281879194631,147,149,1,0,148,147,12902,0,1,0,-1,2
2020-07-25,US,Virginia,Mathews,11,0,0,37.44164146,-76.34098896,51115.0,124.51890423364271,0.0,11,11,0,0,11,9,8802,0,0,0,0,2
2020-07-25,US,Virginia,Mecklenburg,293,30,0,36.67882005,-78.36131056,51117.0,957.9233007486839,10.238907849829351,263,288,30,0,258,286,30650,5,0,0,5,2
2020-07-25,US,Virginia,Middlesex,22,1,0,37.63191998,-76.55064617,51119.0,207.9002079002079,4.545454545454546,21,20,1,0,19,21,10769,2,0,0,2,-1
2020-07-25,US,Virginia,Montgomery,239,3,0,37.17746986,-80.37868691,51121.0,242.5534074186837,1.2552301255230125,236,234,3,0,231,232,98985,5,0,0,5,2
2020-07-25,US,Virginia,Nelson,32,0,0,37.78790447,-78.88498513,51125.0,214.3335565974548,0.0,32,32,0,0,32,30,14836,0,0,0,0,2
2020-07-25,US,Virginia,New Kent,106,1,0,37.50694406,-76.99828634,51127.0,459.05331081373697,0.9433962264150944,105,103,1,0,102,99,22391,3,0,0,3,4
2020-07-25,US,Virginia,Newport News,1385,15,0,37.08166899,-76.51754109,51700.0,772.7716557399916,1.083032490974729,1370,1356,14,0,1342,1308,178626,29,1,0,28,48
2020-07-25,US,Virginia,Norfolk,2661,20,0,36.89934014,-76.26420872,51710.0,1096.2256222656154,0.7515971439308531,2641,2582,20,0,2562,2489,244076,79,0,0,79,93
2020-07-25,US,Virginia,Northampton,293,28,0,37.34062933,-75.87751591,51131.0,2502.1349274124677,9.55631399317406,265,292,28,0,264,289,11735,1,0,0,1,3
2020-07-25,US,Virginia,Northumberland,56,1,0,37.89202088,-76.41949732,51133.0,463.00124018189337,1.7857142857142858,55,56,1,0,55,55,12147,0,0,0,0,1
2020-07-25,US,Virginia,Norton,9,0,0,36.93357076,-82.62750411,51720.0,226.07385079125848,0.0,9,9,0,0,9,8,3968,0,0,0,0,1
2020-07-25,US,Virginia,Nottoway,159,6,0,37.1435975,-78.05065922,51135.0,1043.8550420168067,3.7735849056603774,153,157,6,0,151,157,15420,2,0,0,2,0
2020-07-25,US,Virginia,Orange,192,3,0,38.24530219,-78.01560400000002,51137.0,518.2046368519068,1.5625,189,191,3,0,188,188,36644,1,0,0,1,3
2020-07-25,US,Virginia,Page,328,24,0,38.61807452,-78.48797204,51139.0,1372.2701029202576,7.317073170731707,304,326,24,0,302,326,23933,2,0,0,2,0
2020-07-25,US,Virginia,Patrick,89,3,0,36.680163799999995,-80.2865648,51141.0,505.4520672421626,3.3707865168539324,86,85,3,0,82,67,17673,4,0,0,4,18
2020-07-25,US,Virginia,Petersburg,390,9,0,37.20530399,-77.39368102,51730.0,1244.1778855356345,2.3076923076923075,381,385,9,0,376,380,31567,5,0,0,5,5
2020-07-25,US,Virginia,Pittsylvania,263,2,0,36.81980341,-79.39731264,51143.0,435.76233555356725,0.7604562737642585,261,254,2,0,252,253,60949,9,0,0,9,1
2020-07-25,US,Virginia,Poquoson,32,0,0,37.14259351,-76.35798148,51735.0,260.77744275120205,0.0,32,32,0,0,32,30,12190,0,0,0,0,2
2020-07-25,US,Virginia,Portsmouth,1225,21,0,36.85914825,-76.35971629,51740.0,1297.6969851056167,1.7142857142857142,1204,1165,21,0,1144,1115,94632,60,0,0,60,50
2020-07-25,US,Virginia,Powhatan,111,3,0,37.55016038,-77.91267882,51145.0,374.3423715095104,2.702702702702702,108,110,3,0,107,108,29189,1,0,0,1,2
2020-07-25,US,Virginia,Prince Edward,246,6,0,37.22554789,-78.43597949,51147.0,1078.8527322164723,2.4390243902439024,240,242,6,0,236,242,22950,4,0,0,4,0
2020-07-25,US,Virginia,Prince George,304,2,0,37.18497668,-77.22922187,51149.0,792.6368211091701,0.6578947368421053,302,302,2,0,300,298,38082,2,0,0,2,4
2020-07-25,US,Virginia,Prince William,8417,167,0,38.70916224,-77.48713689,51153.0,1789.575515324184,1.984079838422241,8250,8370,167,0,8203,8321,468011,47,0,0,47,49
2020-07-25,US,Virginia,Pulaski,63,2,0,37.06474963,-80.71229738,51155.0,185.1470890763217,3.1746031746031744,61,63,2,0,61,62,34066,0,0,0,0,1
2020-07-25,US,Virginia,Radford,22,0,0,37.12222899,-80.56027320000003,51750.0,120.55455093429777,0.0,22,22,0,0,22,21,18339,0,0,0,0,1
2020-07-25,US,Virginia,Rappahannock,39,1,0,38.68295619,-78.15826963,51157.0,529.1723202170963,2.5641025641025643,38,39,1,0,38,36,7252,0,0,0,0,3
2020-07-25,US,Virginia,Richmond,320,4,0,37.937575,-76.72920628,51159.0,3546.492297462041,1.25,316,318,4,0,314,318,9038,2,0,0,2,0
2020-07-25,US,Virginia,Richmond City,2695,36,0,37.53255773,-77.47966921,51760.0,1169.5221232793488,1.3358070500927643,2659,2686,36,0,2650,2670,228783,9,0,0,9,16
2020-07-25,US,Virginia,Roanoke,390,6,0,37.26865804,-80.06396753,51161.0,414.07427855519927,1.5384615384615383,384,390,6,0,384,383,94073,0,0,0,0,7
2020-07-25,US,Virginia,Roanoke City,698,10,0,37.27791025,-79.96189766,51770.0,704.0335676749745,1.4326647564469914,688,690,10,0,680,684,99920,8,0,0,8,6
2020-07-25,US,Virginia,Rockbridge,57,0,0,37.81204314,-79.44605905,51163.0,252.51406547645416,0.0,57,54,0,0,54,51,22752,3,0,0,3,3
2020-07-25,US,Virginia,Rockingham,850,16,0,38.51006137,-78.87260325,51165.0,1037.2431297896228,1.8823529411764703,834,841,16,0,825,838,81244,9,0,0,9,3
2020-07-25,US,Virginia,Russell,39,1,0,36.93028320000001,-82.10095486,51167.0,146.6937485894832,2.5641025641025643,38,38,1,0,37,36,26748,1,0,0,1,2
2020-07-25,US,Virginia,Salem,119,3,0,37.2836193,-80.06219455,51775.0,470.33714082447335,2.5210084033613445,116,119,3,0,116,117,25643,0,0,0,0,2
2020-07-25,US,Virginia,Scott,34,3,0,36.71466456,-82.60171704,51169.0,157.65556895112678,8.823529411764708,31,33,3,0,30,30,21534,1,0,0,1,3
2020-07-25,US,Virginia,Shenandoah,657,40,0,38.85905135,-78.56813762,51171.0,1506.3279530447546,6.088280060882799,617,658,40,0,618,649,43497,-1,0,0,-1,9
2020-07-25,US,Virginia,Smyth,88,2,0,36.84455636,-81.53344948,51173.0,292.3199574807335,2.272727272727273,86,86,2,0,84,75,30472,2,0,0,2,11
2020-07-25,US,Virginia,Southampton,219,11,0,36.72231125,-77.10642712,51175.0,1242.1303386081333,5.0228310502283104,208,217,11,0,206,210,17586,2,0,0,2,7
2020-07-25,US,Virginia,Spotsylvania,1212,32,0,38.18574462,-77.655399,51177.0,889.7698491355577,2.64026402640264,1180,1213,33,0,1180,1212,134238,-1,-1,0,0,1
2020-07-25,US,Virginia,Stafford,1176,7,0,38.41758738,-77.45917053,51179.0,769.2207061655396,0.5952380952380952,1169,1169,7,0,1162,1163,149960,7,0,0,7,6
2020-07-25,US,Virginia,Staunton,131,0,0,38.15965544,-79.05979937,51790.0,525.4291673351516,0.0,131,128,0,0,128,124,24922,3,0,0,3,4
2020-07-25,US,Virginia,Suffolk,886,45,0,36.70155394,-76.63603554,51800.0,961.9142745472708,5.07900677200903,841,862,45,0,817,826,91185,24,0,0,24,36
2020-07-25,US,Virginia,Surry,35,1,0,37.11781893,-76.88450012,51181.0,545.0015571473061,2.8571428571428568,34,35,1,0,34,31,6474,0,0,0,0,4
2020-07-25,US,Virginia,Sussex,256,7,0,36.92432914,-77.25791182,51183.0,2294.112375660901,2.734375,249,253,7,0,246,245,11237,3,0,0,3,8
2020-07-25,US,Virginia,Tazewell,65,0,0,37.12191123,-81.56685568,51185.0,160.11824116270478,0.0,65,57,0,0,57,55,40855,8,0,0,8,2
2020-07-25,US,Virginia,Virginia Beach,3448,43,0,36.73285734,-76.04566934,51810.0,766.2664953975119,1.2470997679814386,3405,3119,41,0,3078,3030,450189,329,2,0,327,89
2020-07-25,US,Virginia,Warren,341,7,0,38.90847745,-78.20280433,51187.0,849.01902200976,2.0527859237536656,334,339,7,0,332,339,40003,2,0,0,2,0
2020-07-25,US,Virginia,Washington,136,4,0,36.72341572,-81.95666289,51191.0,253.07033866765912,2.9411764705882355,132,131,4,0,127,119,54402,5,0,0,5,12
2020-07-25,US,Virginia,Waynesboro,163,2,0,38.06451466,-78.90293905,51820.0,720.2828104286342,1.2269938650306749,161,160,2,0,158,154,22628,3,0,0,3,6
2020-07-25,US,Virginia,Westmoreland,188,2,0,38.11021557,-76.80213247,51193.0,1043.5747987787954,1.0638297872340423,186,187,2,0,185,187,17830,1,0,0,1,0
2020-07-25,US,Virginia,Williamsburg,101,6,0,37.28131268,-76.70905141,51830.0,675.4045740270162,5.9405940594059405,95,100,6,0,94,99,14896,1,0,0,1,1
2020-07-25,US,Virginia,Winchester,385,4,0,39.17054517,-78.17325058,51840.0,1371.1802834959756,1.0389610389610389,381,383,4,0,379,382,28108,2,0,0,2,1
2020-07-25,US,Virginia,Wise,62,3,0,36.9746148,-82.62410519,51195.0,165.850787791242,4.838709677419356,59,61,3,0,58,61,38012,1,0,0,1,0
2020-07-25,US,Virginia,Wythe,88,3,0,36.91582035,-81.07834059,51197.0,306.79124250453214,3.4090909090909087,85,84,3,0,81,83,28754,4,0,0,4,1
2020-07-25,US,Virginia,York,270,3,0,37.24374789,-76.54412815,51199.0,395.4305799648506,1.1111111111111112,267,259,3,0,256,243,67846,11,0,0,11,16
2020-07-25,US,Washington,Adams,342,1,0,46.98299757,-118.56017340000001,53001.0,1711.454736526047,0.29239766081871343,341,328,0,0,328,322,19759,14,1,0,13,6
2020-07-25,US,Washington,Asotin,22,2,0,46.18894415,-117.2022851,53003.0,97.42272606500751,9.090909090909092,20,22,2,0,20,22,22610,0,0,0,0,0
2020-07-25,US,Washington,Benton,3134,104,0,46.23946995,-119.51208340000001,53005.0,1533.3431185478742,3.3184428844926614,3030,3077,105,0,2972,3017,201877,57,-1,0,58,60
2020-07-25,US,Washington,Chelan,892,8,0,47.87046092,-120.6173956,53007.0,1155.4404145077722,0.8968609865470852,884,857,8,0,849,836,77036,35,0,0,35,21
2020-07-25,US,Washington,Clallam,75,0,0,48.04754642,-123.92263190000001,53009.0,96.98568491290683,0.0,75,73,0,0,73,70,76737,2,0,0,2,3
2020-07-25,US,Washington,Clark,1318,33,0,45.77568046,-122.48292040000001,53011.0,269.94865240731525,2.503793626707132,1285,1308,33,0,1275,1297,481857,10,0,0,10,11
2020-07-25,US,Washington,Columbia,12,0,0,46.29442881,-117.9051983,53013.0,301.12923462986197,0.0,12,10,0,0,10,10,4059,2,0,0,2,0
2020-07-25,US,Washington,Cowlitz,390,3,0,46.19074721,-122.6782231,53015.0,352.64438074742526,0.7692307692307693,387,389,3,0,386,378,108987,1,0,0,1,11
2020-07-25,US,Washington,Douglas,618,6,0,47.7361335,-119.69293700000001,53017.0,1423.0122729052014,0.9708737864077671,612,597,5,0,592,581,42907,21,1,0,20,16
2020-07-25,US,Washington,Ferry,7,0,0,48.471143100000006,-118.5154041,53019.0,91.77920545430706,0.0,7,7,0,0,7,7,7649,0,0,0,0,0
2020-07-25,US,Washington,Franklin,2992,44,0,46.53351425,-118.9018212,53021.0,3142.131020142405,1.4705882352941178,2948,2949,44,0,2905,2907,94347,43,0,0,43,42
2020-07-25,US,Washington,Garfield,2,0,0,46.43197502,-117.54540320000001,53023.0,89.88764044943821,0.0,2,2,0,0,2,2,2247,0,0,0,0,0
2020-07-25,US,Washington,Grant,1064,10,0,47.20753737,-119.4500749,53025.0,1088.6803843123612,0.9398496240601504,1054,1040,9,0,1031,1015,97331,24,1,0,23,25
2020-07-25,US,Washington,Grays Harbor,79,2,0,47.14003705,-123.7820567,53027.0,105.24773184476624,2.5316455696202533,77,75,2,0,73,70,73901,4,0,0,4,5
2020-07-25,US,Washington,Island,223,11,0,48.14713305,-122.5216407,53029.0,261.91846466449766,4.932735426008969,212,222,11,0,211,221,84460,1,0,0,1,1
2020-07-25,US,Washington,Jefferson,50,0,0,47.75003077,-123.56097040000002,53031.0,155.1782998665467,0.0,50,50,0,0,50,50,31729,0,0,0,0,0
2020-07-25,US,Washington,King,14249,644,0,47.49137892,-121.8346131,53033.0,632.506829333686,4.519615411607832,13605,14026,643,0,13383,13835,2233163,223,1,0,222,191
2020-07-25,US,Washington,Kitsap,494,2,0,47.63479026,-122.6436061,53035.0,181.97021434912497,0.4048582995951417,492,473,3,0,470,442,269805,21,-1,0,22,31
2020-07-25,US,Washington,Kittitas,314,8,0,47.12521214,-120.67943899999999,53037.0,655.05371857724,2.5477707006369426,306,309,6,0,303,306,47364,5,2,0,3,3
2020-07-25,US,Washington,Klickitat,88,3,0,45.87325839,-120.7913598,53039.0,392.4191750278706,3.4090909090909087,85,86,3,0,83,85,22107,2,0,0,2,1
2020-07-25,US,Washington,Lewis,145,3,0,46.57756476,-122.39257690000001,53041.0,179.6622349982034,2.0689655172413794,142,140,3,0,137,137,79604,5,0,0,5,3
2020-07-25,US,Washington,Lincoln,10,0,0,47.57705241,-118.41943880000001,53043.0,91.41603437242891,0.0,10,8,0,0,8,7,10740,2,0,0,2,1
2020-07-25,US,Washington,Mason,102,1,0,47.35007586,-123.1863685,53045.0,152.76779295470885,0.9803921568627452,101,94,1,0,93,89,65507,8,0,0,8,5
2020-07-25,US,Washington,Okanogan,575,2,0,48.54855019,-119.73872240000001,53047.0,1361.172265227375,0.3478260869565217,573,551,2,0,549,524,42132,24,0,0,24,27
2020-07-25,US,Washington,Pacific,27,1,0,46.55418369,-123.7285716,53049.0,120.154866272084,3.703703703703704,26,26,1,0,25,27,22036,1,0,0,1,-1
2020-07-25,US,Washington,Pend Oreille,32,0,0,48.53234021,-117.2741804,53051.0,233.16817254444766,0.0,32,28,0,0,28,28,13602,4,0,0,4,0
2020-07-25,US,Washington,Pierce,4355,117,0,47.03892768,-122.14059579999999,53053.0,481.2261044442971,2.6865671641791047,4238,4239,118,0,4121,4123,891299,116,-1,0,117,116
2020-07-25,US,Washington,San Juan,28,0,0,48.60182783,-122.96745,53055.0,159.2537822773291,0.0,28,26,0,0,26,25,17128,2,0,0,2,1
2020-07-25,US,Washington,Skagit,735,18,0,48.48171488,-121.766131,53057.0,568.8634340776284,2.4489795918367347,717,725,19,0,706,723,128206,10,-1,0,11,2
2020-07-25,US,Washington,Skamania,45,1,0,46.02408726,-121.91644029999999,53059.0,372.42406687081024,2.2222222222222223,44,44,1,0,43,44,11924,1,0,0,1,0
2020-07-25,US,Washington,Snohomish,4718,183,0,48.04615983,-121.7170703,53061.0,573.9079873930004,3.8787621873675286,4535,4640,183,0,4457,4562,814901,78,0,0,78,78
2020-07-25,US,Washington,Spokane,3165,46,0,47.62113146,-117.4046494,53063.0,605.3963481115077,1.453396524486572,3119,3023,47,0,2976,2970,514631,142,-1,0,143,53
2020-07-25,US,Washington,Stevens,55,1,0,48.40035475,-117.8542701,53065.0,120.28956980075674,1.818181818181818,54,51,1,0,50,50,45260,4,0,0,4,1
2020-07-25,US,Washington,Thurston,538,6,0,46.9291895,-122.82906559999999,53067.0,185.17498692072587,1.1152416356877324,532,513,6,0,507,496,286419,25,0,0,25,17
2020-07-25,US,Washington,Unassigned,163,0,0,0.0,0.0,90053.0,0.0,0.0,163,142,0,0,142,168,,21,0,0,21,-26
2020-07-25,US,Washington,Wahkiakum,5,0,0,46.29180039999999,-123.4250831,53069.0,111.40819964349377,0.0,5,6,0,0,6,6,4426,-1,0,0,-1,0
2020-07-25,US,Washington,Walla Walla,340,3,0,46.23040051,-118.4775539,53071.0,559.5786701777487,0.8823529411764706,337,325,3,0,322,314,60922,15,0,0,15,11
2020-07-25,US,Washington,Whatcom,830,37,0,48.82227976,-121.74900179999999,53073.0,362.0549014818078,4.457831325301205,793,824,37,0,787,818,225685,6,0,0,6,6
2020-07-25,US,Washington,Whitman,59,0,0,46.90022523,-117.52417630000001,53075.0,117.75506945553249,0.0,59,58,0,0,58,58,49791,1,0,0,1,0
2020-07-25,US,Washington,Yakima,9557,194,0,46.45738486,-120.73801259999999,53077.0,3809.497235653099,2.029925708904468,9363,9461,196,0,9265,9367,251446,96,-2,0,98,94
2020-07-25,US,West Virginia,Barbour,28,1,0,39.1307219,-80.00350858,54001.0,170.30594246092087,3.571428571428572,27,28,1,0,27,27,16535,0,0,0,0,1
2020-07-25,US,West Virginia,Berkeley,608,10,0,39.46704621,-78.02414609,54003.0,510.1912378011429,1.6447368421052633,598,598,10,0,588,570,117123,10,0,0,10,28
2020-07-25,US,West Virginia,Boone,69,0,0,38.01974191,-81.69888019,54005.0,321.57337931677307,0.0,69,67,0,0,67,63,21951,2,0,0,2,4
2020-07-25,US,West Virginia,Braxton,8,0,0,38.70036159,-80.72011184,54007.0,57.31890807480117,0.0,8,8,0,0,8,7,14089,0,0,0,0,1
2020-07-25,US,West Virginia,Brooke,46,0,0,40.27367263,-80.57915332,54009.0,209.67227312092618,0.0,46,43,0,0,43,41,22203,3,0,0,3,2
2020-07-25,US,West Virginia,Cabell,267,2,0,38.42424062,-82.23855912,54011.0,290.39099461634675,0.7490636704119851,265,252,2,0,250,249,93224,15,0,0,15,3
2020-07-25,US,West Virginia,Calhoun,5,0,0,38.84315422,-81.11934872,54013.0,70.33338022225348,0.0,5,5,0,0,5,5,7254,0,0,0,0,0
2020-07-25,US,West Virginia,Clay,17,1,0,38.46231092,-81.07652217,54015.0,199.8119417019276,5.882352941176472,16,17,1,0,16,17,8632,0,0,0,0,0
2020-07-25,US,West Virginia,Fayette,112,5,0,38.02974928,-81.08286634,54019.0,264.11356883459894,4.464285714285714,107,111,5,0,106,107,43018,1,0,0,1,4
2020-07-25,US,West Virginia,Gilmer,14,0,0,38.9251277,-80.85952723,54021.0,178.95947846094847,0.0,14,14,0,0,14,13,8026,0,0,0,0,1
2020-07-25,US,West Virginia,Grant,39,0,0,39.10314817,-79.19440518,54023.0,337.13692946058086,0.0,39,38,0,0,38,35,11626,1,0,0,1,3
2020-07-25,US,West Virginia,Greenbrier,82,3,0,37.9463652,-80.45335881,54025.0,236.5703075413998,3.6585365853658534,79,82,3,0,79,81,34786,0,0,0,0,1
2020-07-25,US,West Virginia,Hampshire,55,1,0,39.32103553,-78.60826476,54027.0,237.32470334412082,1.818181818181818,54,55,1,0,54,55,23347,0,0,0,0,0
2020-07-25,US,West Virginia,Hancock,85,0,0,40.51943859,-80.57461608,54029.0,295.0364456785838,0.0,85,84,0,0,84,69,29094,1,0,0,1,15
2020-07-25,US,West Virginia,Hardy,50,0,0,39.00683177,-78.85855301,54031.0,362.95005807200926,0.0,50,50,0,0,50,50,13775,0,0,0,0,0
2020-07-25,US,West Virginia,Harrison,155,1,0,39.2853852,-80.37919577,54033.0,230.46270964672297,0.6451612903225806,154,153,1,0,152,148,67554,2,0,0,2,5
2020-07-25,US,West Virginia,Jackson,153,19,0,38.84263974,-81.68148753,54035.0,535.414333706607,12.418300653594773,134,153,19,0,134,151,28706,0,0,0,0,2
2020-07-25,US,West Virginia,Jefferson,279,4,0,39.30776166,-77.86014147,54037.0,488.223147726875,1.4336917562724014,275,278,4,0,274,275,56811,1,0,0,1,3
2020-07-25,US,West Virginia,Kanawha,660,20,0,38.33860077,-81.52857054,54039.0,370.52839594888945,3.0303030303030303,640,653,20,0,633,601,180454,7,0,0,7,52
2020-07-25,US,West Virginia,Lewis,25,2,0,38.9947249,-80.49988181,54041.0,157.16351291884075,8.0,23,25,2,0,23,25,16024,0,0,0,0,0
2020-07-25,US,West Virginia,Lincoln,46,0,0,38.172154,-82.07017953,54043.0,225.39075897888188,0.0,46,39,0,0,39,37,20599,7,0,0,7,2
2020-07-25,US,West Virginia,Logan,72,1,0,37.8299889,-81.93528571,54045.0,224.86648552422,1.3888888888888888,71,66,1,0,65,59,32607,6,0,0,6,7
2020-07-25,US,West Virginia,Marion,153,2,0,39.50984542,-80.24244659,54049.0,272.86346126408904,1.30718954248366,151,150,2,0,148,148,56097,3,0,0,3,2
2020-07-25,US,West Virginia,Marshall,95,0,0,39.86064362,-80.66591062,54051.0,311.1591497166814,0.0,95,94,0,0,94,89,30785,1,0,0,1,5
2020-07-25,US,West Virginia,Mason,40,1,0,38.77071799,-82.02524219,54053.0,150.85231558304415,2.5,39,38,1,0,37,32,26718,2,0,0,2,6
2020-07-25,US,West Virginia,McDowell,14,0,0,37.38002939,-81.65083669,54047.0,79.43713118474805,0.0,14,13,0,0,13,12,18223,1,0,0,1,1
2020-07-25,US,West Virginia,Mercer,81,0,0,37.40481169,-81.11023142,54055.0,137.85356887572755,0.0,81,79,0,0,79,76,59131,2,0,0,2,3
2020-07-25,US,West Virginia,Mineral,91,3,0,39.41561583,-78.94104895,54057.0,338.6928688402561,3.2967032967032965,88,89,3,0,86,86,26940,2,0,0,2,3
2020-07-25,US,West Virginia,Mingo,83,2,0,37.73048351,-82.13338365,54059.0,354.337431693989,2.409638554216868,81,79,2,0,77,75,23785,4,0,0,4,4
2020-07-25,US,West Virginia,Monongalia,814,5,0,39.63218457,-80.04766838,54061.0,770.7457485891756,0.6142506142506142,809,806,5,0,801,799,106420,8,0,0,8,7
2020-07-25,US,West Virginia,Monroe,19,0,0,37.56274716,-80.54577965,54063.0,143.1261770244821,0.0,19,19,0,0,19,18,13280,0,0,0,0,1
2020-07-25,US,West Virginia,Morgan,25,0,0,39.55439028,-78.26311676,54065.0,139.78975620666515,0.0,25,25,0,0,25,24,17787,0,0,0,0,1
2020-07-25,US,West Virginia,Nicholas,23,1,0,38.29617706,-80.79759588,54067.0,93.89288047028086,4.3478260869565215,22,23,1,0,22,23,24842,0,0,0,0,0
2020-07-25,US,West Virginia,Ohio,227,3,0,40.0955451,-80.62203992,54069.0,548.1635314288474,1.3215859030837005,224,217,3,0,214,210,41755,10,0,0,10,7
2020-07-25,US,West Virginia,Pendleton,28,1,0,38.68314479,-79.35084086,54071.0,401.7793083656192,3.571428571428572,27,26,1,0,25,25,6997,2,0,0,2,1
2020-07-25,US,West Virginia,Pleasants,7,0,0,39.37091679,-81.16771771,54073.0,93.83378016085793,0.0,7,6,0,0,6,6,7507,1,0,0,1,0
2020-07-25,US,West Virginia,Pocahontas,40,0,0,38.32758728,-80.00993811,54075.0,485.0248575239481,0.0,40,40,0,0,40,40,8414,0,0,0,0,0
2020-07-25,US,West Virginia,Preston,117,2,0,39.46770987,-79.66712803,54077.0,349.9641062455133,1.709401709401709,115,114,2,0,112,114,33839,3,0,0,3,0
2020-07-25,US,West Virginia,Putnam,136,0,0,38.50782345,-81.9082131,54079.0,240.92116917626217,0.0,136,133,0,0,133,125,56682,3,0,0,3,8
2020-07-25,US,West Virginia,Raleigh,125,0,0,37.76936795,-81.2456041,54081.0,170.39026185575443,0.0,125,122,0,0,122,118,74254,3,0,0,3,4
2020-07-25,US,West Virginia,Randolph,205,0,0,38.769899,-79.87919615,54083.0,714.4101759888483,0.0,205,202,0,0,202,202,28823,3,0,0,3,0
2020-07-25,US,West Virginia,Ritchie,3,0,0,39.18094587,-81.06356878,54085.0,31.400460540087924,0.0,3,3,0,0,3,3,9721,0,0,0,0,0
2020-07-25,US,West Virginia,Roane,14,1,0,38.71622686,-81.35243568,54087.0,102.27936879018118,7.142857142857142,13,12,1,0,11,12,13932,2,0,0,2,0
2020-07-25,US,West Virginia,Summers,4,0,0,37.65390597,-80.86009693,54089.0,31.8142050425515,0.0,4,2,0,0,2,2,12760,2,0,0,2,0
2020-07-25,US,West Virginia,Taylor,40,0,0,39.33602617,-80.0421439,54091.0,239.5926924228811,0.0,40,36,0,0,36,34,16862,4,0,0,4,2
2020-07-25,US,West Virginia,Tucker,8,0,0,39.11240885,-79.57053576,54093.0,116.97616610615587,0.0,8,7,0,0,7,7,6955,1,0,0,1,0
2020-07-25,US,West Virginia,Tyler,11,0,0,39.46811972,-80.88772676,54095.0,128.04097311139566,0.0,11,11,0,0,11,10,8746,0,0,0,0,1
2020-07-25,US,West Virginia,Upshur,36,0,0,38.89285061,-80.23689136,54097.0,148.90800794176042,0.0,36,36,0,0,36,34,24415,0,0,0,0,2
2020-07-25,US,West Virginia,Wayne,175,9,0,38.14901357,-82.42287994,54099.0,444.1398913760723,5.142857142857143,166,168,9,0,159,166,39944,7,0,0,7,2
2020-07-25,US,West Virginia,Webster,3,0,0,38.49370949,-80.4202023,54101.0,36.973132856790734,0.0,3,3,0,0,3,3,8285,0,0,0,0,0
2020-07-25,US,West Virginia,Wetzel,41,0,0,39.6065771,-80.64016540000001,54103.0,272.15399933620984,0.0,41,41,0,0,41,42,15270,0,0,0,0,-1
2020-07-25,US,West Virginia,Wirt,6,0,0,39.02775007,-81.37473928,54105.0,103.07507301151009,0.0,6,6,0,0,6,6,5830,0,0,0,0,0
2020-07-25,US,West Virginia,Wood,221,3,0,39.20967886,-81.5162836,54107.0,264.61361622644216,1.3574660633484164,218,219,3,0,216,214,84203,2,0,0,2,5
2020-07-25,US,West Virginia,Wyoming,15,0,0,37.612327,-81.54511071,54109.0,73.55104442483083,0.0,15,15,0,0,15,12,20786,0,0,0,0,3
2020-07-25,US,Wisconsin,Adams,60,2,0,43.96974651,-89.76782777,55001.0,296.7359050445104,3.333333333333333,58,56,2,0,54,54,20348,4,0,0,4,2
2020-07-25,US,Wisconsin,Ashland,14,0,0,46.31956891,-90.67837132,55003.0,89.96272972625626,0.0,14,14,0,0,14,13,15600,0,0,0,0,1
2020-07-25,US,Wisconsin,Barron,99,2,0,45.42372701,-91.84833627,55005.0,218.81354433737067,2.0202020202020203,97,96,2,0,94,87,45164,3,0,0,3,9
2020-07-25,US,Wisconsin,Bayfield,16,1,0,46.52868768,-91.19716729,55007.0,106.41127959563715,6.25,15,16,1,0,15,15,15042,0,0,0,0,1
2020-07-25,US,Wisconsin,Brown,3735,50,0,44.452655299999996,-88.00411844,55009.0,1411.8741069471012,1.3386880856760377,3685,3688,49,0,3639,3667,263378,47,1,0,46,21
2020-07-25,US,Wisconsin,Buffalo,36,2,0,44.37835084,-91.75332578,55011.0,276.2642928401504,5.5555555555555545,34,34,2,0,32,33,13125,2,0,0,2,1
2020-07-25,US,Wisconsin,Burnett,9,1,0,45.86303537,-92.36711412,55013.0,58.38847800700662,11.111111111111109,8,9,1,0,8,7,15392,0,0,0,0,2
2020-07-25,US,Wisconsin,Calumet,214,2,0,44.0816316,-88.21780273,55015.0,427.23951366567513,0.9345794392523364,212,204,2,0,202,201,50159,10,0,0,10,3
2020-07-25,US,Wisconsin,Chippewa,188,0,0,45.06939744,-91.28068855,55017.0,290.7606174023323,0.0,188,183,0,0,183,177,64135,5,0,0,5,6
2020-07-25,US,Wisconsin,Clark,156,7,0,44.73483377,-90.61207486,55019.0,448.6110312302295,4.487179487179487,149,154,7,0,147,152,34709,2,0,0,2,2
2020-07-25,US,Wisconsin,Columbia,187,1,0,43.46492199,-89.33589004,55021.0,325.03650142529375,0.5347593582887701,186,181,1,0,180,173,57358,6,0,0,6,8
2020-07-25,US,Wisconsin,Crawford,51,0,0,43.23870316,-90.93073686,55023.0,316.1614283057467,0.0,51,50,0,0,50,49,16291,1,0,0,1,1
2020-07-25,US,Wisconsin,Dane,3781,33,0,43.06601594,-89.41733797,55025.0,691.6104957974741,0.8727849775191748,3748,3732,33,0,3699,3669,542364,49,0,0,49,63
2020-07-25,US,Wisconsin,Dodge,609,5,0,43.41576662,-88.70928178,55027.0,693.3139038468106,0.8210180623973727,604,599,5,0,594,592,87847,10,0,0,10,7
2020-07-25,US,Wisconsin,Door,82,3,0,44.95856458,-87.30002707,55029.0,296.3712592164233,3.6585365853658534,79,80,3,0,77,78,27610,2,0,0,2,2
2020-07-25,US,Wisconsin,Douglas,89,0,0,46.43222285,-91.91595768,55031.0,206.25724217844726,0.0,89,87,0,0,87,82,43208,2,0,0,2,5
2020-07-25,US,Wisconsin,Dunn,85,0,0,44.94562799,-91.8962481,55033.0,187.3567272086052,0.0,85,84,0,0,84,79,45131,1,0,0,1,5
2020-07-25,US,Wisconsin,Eau Claire,433,3,0,44.726614,-91.28609183,55035.0,413.77596850333504,0.6928406466512702,430,423,3,0,420,421,104534,10,0,0,10,2
2020-07-25,US,Wisconsin,Florence,5,0,0,45.84963535,-88.39804137,55037.0,116.41443538998837,0.0,5,6,0,0,6,5,4321,-1,0,0,-1,1
2020-07-25,US,Wisconsin,Fond du Lac,480,6,0,43.75354908,-88.48885325,55039.0,464.2031662524298,1.25,474,473,6,0,467,463,103066,7,0,0,7,10
2020-07-25,US,Wisconsin,Forest,57,4,0,45.66678019,-88.77084892,55041.0,633.0519768991559,7.0175438596491215,53,55,4,0,51,53,8991,2,0,0,2,2
2020-07-25,US,Wisconsin,Grant,282,14,0,42.8671731,-90.7063218,55043.0,548.222166060771,4.964539007092198,268,266,14,0,252,261,51554,16,0,0,16,5
2020-07-25,US,Wisconsin,Green,119,1,0,42.6794956,-89.60243287,55045.0,321.969696969697,0.8403361344537815,118,119,1,0,118,119,36929,0,0,0,0,0
2020-07-25,US,Wisconsin,Green Lake,49,0,0,43.80025981,-89.04679553,55047.0,259.081055358748,0.0,49,49,0,0,49,49,18918,0,0,0,0,0
2020-07-25,US,Wisconsin,Iowa,56,0,0,43.00050278,-90.13469017,55049.0,236.50646169439983,0.0,56,56,0,0,56,54,23771,0,0,0,0,2
2020-07-25,US,Wisconsin,Iron,47,1,0,46.26302338,-90.24295041,55051.0,826.4462809917355,2.127659574468085,46,42,1,0,41,40,5676,5,0,0,5,2
2020-07-25,US,Wisconsin,Jackson,37,1,0,44.31864893,-90.80566792,55053.0,179.23751392723926,2.702702702702702,36,38,1,0,37,38,20478,-1,0,0,-1,0
2020-07-25,US,Wisconsin,Jefferson,504,4,0,43.02054068,-88.77529134,55055.0,594.5569724781465,0.7936507936507936,500,482,4,0,478,461,85129,22,0,0,22,21
2020-07-25,US,Wisconsin,Juneau,98,1,0,43.92456975,-90.11120239,55057.0,367.2199947540001,1.020408163265306,97,86,1,0,85,84,26617,12,0,0,12,2
2020-07-25,US,Wisconsin,Kenosha,2229,50,0,42.57639354,-88.04051686,55059.0,1314.57115728263,2.2431583669807087,2179,2203,49,0,2154,2144,169290,26,1,0,25,59
2020-07-25,US,Wisconsin,Kewaunee,99,1,0,44.51727459,-87.61468386,55061.0,484.4866399138691,1.0101010101010102,98,98,1,0,97,96,20383,1,0,0,1,2
2020-07-25,US,Wisconsin,La Crosse,725,1,0,43.90632465,-91.11451093,55063.0,614.3234815618223,0.13793103448275862,724,715,1,0,714,697,118230,10,0,0,10,18
2020-07-25,US,Wisconsin,Lafayette,98,0,0,42.66005229,-90.1317729,55065.0,588.058805880588,0.0,98,94,0,0,94,94,16665,4,0,0,4,0
2020-07-25,US,Wisconsin,Langlade,26,1,0,45.26271619,-89.07483625,55067.0,135.49429360571162,3.8461538461538463,25,20,1,0,19,14,19268,6,0,0,6,6
2020-07-25,US,Wisconsin,Lincoln,52,0,0,45.33737523,-89.73411273,55069.0,188.45359330264918,0.0,52,50,0,0,50,49,27689,2,0,0,2,1
2020-07-25,US,Wisconsin,Manitowoc,228,1,0,44.11946801,-87.80928853,55071.0,288.6770235879515,0.43859649122807015,227,224,1,0,223,219,79074,4,0,0,4,5
2020-07-25,US,Wisconsin,Marathon,466,4,0,44.89792533,-89.75863384,55073.0,343.42481502225627,0.8583690987124464,462,442,3,0,439,432,135428,24,1,0,23,10
2020-07-25,US,Wisconsin,Marinette,226,3,0,45.38553432,-88.03324599999998,55075.0,560.0991325898389,1.327433628318584,223,208,3,0,205,202,40434,18,0,0,18,6
2020-07-25,US,Wisconsin,Marquette,66,1,0,43.81911946,-89.40073763,55077.0,423.7832284576859,1.5151515151515151,65,64,1,0,63,61,15434,2,0,0,2,3
2020-07-25,US,Wisconsin,Menominee,17,0,0,45.00422544,-88.70950714,55078.0,373.13432835820885,0.0,17,16,0,0,16,14,4658,1,0,0,1,2
2020-07-25,US,Wisconsin,Milwaukee,17861,427,0,43.00486062,-87.96733172,55079.0,1888.6019840841848,2.3906836123397346,17434,17537,422,0,17115,17197,948201,324,5,0,319,340
2020-07-25,US,Wisconsin,Monroe,174,1,0,43.94641218,-90.61881899999999,55081.0,376.19181458499986,0.5747126436781609,173,168,1,0,167,162,46051,6,0,0,6,6
2020-07-25,US,Wisconsin,Oconto,137,0,0,45.02715345,-88.26807503,55083.0,361.1916688636963,0.0,137,134,0,0,134,135,37830,3,0,0,3,-1
2020-07-25,US,Wisconsin,Oneida,62,0,0,45.70677897,-89.51944105,55085.0,174.18176710212109,0.0,62,60,0,0,60,59,35470,2,0,0,2,1
2020-07-25,US,Wisconsin,Outagamie,922,12,0,44.41578887,-88.46565023,55087.0,490.7257098757218,1.3015184381778742,910,903,12,0,891,883,187365,19,0,0,19,20
2020-07-25,US,Wisconsin,Ozaukee,459,16,0,43.38352225,-87.94625009,55089.0,514.4528754441219,3.4858387799564268,443,449,16,0,433,440,89147,10,0,0,10,9
2020-07-25,US,Wisconsin,Pepin,38,0,0,44.58307413,-91.99949611,55091.0,521.4766021682448,0.0,38,36,0,0,36,32,7289,2,0,0,2,4
2020-07-25,US,Wisconsin,Pierce,146,0,0,44.71850291,-92.4224416,55093.0,341.48851569443787,0.0,146,140,0,0,140,140,42555,6,0,0,6,0
2020-07-25,US,Wisconsin,Polk,95,2,0,45.46130348,-92.44182875,55095.0,216.97919283740262,2.1052631578947367,93,94,2,0,92,91,43598,1,0,0,1,3
2020-07-25,US,Wisconsin,Portage,318,0,0,44.47558711,-89.50152965,55097.0,449.3302435991635,0.0,318,316,0,0,316,310,70942,2,0,0,2,6
2020-07-25,US,Wisconsin,Price,19,0,0,45.68051754,-90.36098879999999,55099.0,142.3114373455172,0.0,19,18,0,0,18,18,13397,1,0,0,1,0
2020-07-25,US,Wisconsin,Racine,2881,72,0,42.74753117,-88.05941254,55101.0,1467.569316034252,2.499132245748004,2809,2839,69,0,2770,2794,196584,42,3,0,39,45
2020-07-25,US,Wisconsin,Richland,21,4,0,43.3762778,-90.43012729,55103.0,121.7250173892882,19.047619047619047,17,21,4,0,17,19,17377,0,0,0,0,2
2020-07-25,US,Wisconsin,Rock,1279,25,0,42.67151616,-89.07147900000002,55105.0,782.9621558088568,1.954652071931196,1254,1255,25,0,1230,1244,163129,24,0,0,24,11
2020-07-25,US,Wisconsin,Rusk,13,1,0,45.47498854,-91.1333012,55107.0,91.69135280011284,7.6923076923076925,12,13,1,0,12,13,14147,0,0,0,0,0
2020-07-25,US,Wisconsin,Sauk,273,3,0,43.42574087,-89.94966132,55111.0,423.6367586356724,1.0989010989010992,270,262,3,0,259,253,64249,11,0,0,11,9
2020-07-25,US,Wisconsin,Sawyer,21,0,0,45.87931905,-91.14504927,55113.0,126.82691146273704,0.0,21,21,0,0,21,19,16489,0,0,0,0,2
2020-07-25,US,Wisconsin,Shawano,127,0,0,44.78902246,-88.76443896,55115.0,310.52103963422087,0.0,127,124,0,0,124,119,40796,3,0,0,3,5
2020-07-25,US,Wisconsin,Sheboygan,464,5,0,43.72099677,-87.94579284,55117.0,402.2888850355471,1.0775862068965518,459,446,5,0,441,433,115456,18,0,0,18,13
2020-07-25,US,Wisconsin,St. Croix,386,2,0,45.03437474,-92.45000068,55109.0,425.63983812453824,0.5181347150259067,384,375,2,0,373,356,89694,11,0,0,11,19
2020-07-25,US,Wisconsin,Taylor,39,0,0,45.21179252,-90.5004405,55119.0,191.7121368529716,0.0,39,38,0,0,38,37,20412,1,0,0,1,1
2020-07-25,US,Wisconsin,Trempealeau,256,1,0,44.30360275,-91.35893614,55121.0,863.4355290229013,0.390625,255,255,1,0,254,245,29442,1,0,0,1,10
2020-07-25,US,Wisconsin,Vernon,47,0,0,43.59422667,-90.8324691,55123.0,152.48848225293622,0.0,47,46,0,0,46,46,30785,1,0,0,1,0
2020-07-25,US,Wisconsin,Vilas,22,0,0,46.05467334,-89.51719204,55125.0,99.1214237440865,0.0,22,22,0,0,22,21,21938,0,0,0,0,1
2020-07-25,US,Wisconsin,Walworth,1024,21,0,42.66858202,-88.54163073,55127.0,985.8666769361113,2.05078125,1003,1006,20,0,986,993,103718,18,1,0,17,13
2020-07-25,US,Wisconsin,Washburn,9,0,0,45.89838588,-91.79050449,55129.0,57.25190839694658,0.0,9,9,0,0,9,9,15878,0,0,0,0,0
2020-07-25,US,Wisconsin,Washington,675,19,0,43.36863664,-88.22974712,55131.0,496.1994795418792,2.814814814814815,656,662,19,0,643,631,135693,13,0,0,13,31
2020-07-25,US,Wisconsin,Waukesha,2863,43,0,43.01833055,-88.30431188,55133.0,708.3162212578984,1.5019210618232623,2820,2774,42,0,2732,2632,403072,89,1,0,88,142
2020-07-25,US,Wisconsin,Waupaca,275,14,0,44.47068056,-88.96534501,55135.0,539.321435575603,5.090909090909091,261,270,14,0,256,259,51128,5,0,0,5,11
2020-07-25,US,Wisconsin,Waushara,62,0,0,44.11324419,-89.24317107,55137.0,253.65135212535287,0.0,62,59,0,0,59,58,24263,3,0,0,3,1
2020-07-25,US,Wisconsin,Winnebago,931,16,0,44.06886922,-88.64477096,55139.0,541.5718964323734,1.7185821697099892,915,913,16,0,897,901,171020,18,0,0,18,12
2020-07-25,US,Wisconsin,Wood,161,1,0,44.45537896,-90.04158336,55141.0,220.55096645159526,0.6211180124223602,160,156,1,0,155,152,73055,5,0,0,5,4
2020-07-25,US,Wyoming,Albany,78,0,0,41.65498705,-105.72354150000001,56001.0,200.6172839506173,0.0,78,76,0,0,76,74,38601,2,0,0,2,2
2020-07-25,US,Wyoming,Big Horn,33,0,0,44.52405055,-107.9960365,56003.0,279.89821882951657,0.0,33,33,0,0,33,33,11881,0,0,0,0,0
2020-07-25,US,Wyoming,Campbell,107,0,0,44.24886082,-105.54744040000001,56005.0,230.8970458125634,0.0,107,103,0,0,103,101,46140,4,0,0,4,2
2020-07-25,US,Wyoming,Carbon,61,0,0,41.69357844,-106.9326084,56007.0,412.1621621621622,0.0,61,60,0,0,60,59,14971,1,0,0,1,1
2020-07-25,US,Wyoming,Converse,30,0,0,42.97272268,-105.5081848,56009.0,217.04529011720444,0.0,30,30,0,0,30,30,13640,0,0,0,0,0
2020-07-25,US,Wyoming,Crook,9,0,0,44.58855102,-104.56977049999999,56011.0,118.67088607594937,0.0,9,9,0,0,9,9,7450,0,0,0,0,0
2020-07-25,US,Wyoming,Fremont,448,0,0,43.04183996,-108.6296893,56013.0,1141.0814803494561,0.0,448,444,0,0,444,440,39531,4,0,0,4,4
2020-07-25,US,Wyoming,Goshen,11,0,0,42.08798185,-104.3534743,56015.0,83.2639467110741,0.0,11,11,0,0,11,11,13376,0,0,0,0,0
2020-07-25,US,Wyoming,Hot Springs,16,0,0,43.71930657,-108.44231740000001,56017.0,362.5651484251076,0.0,16,16,0,0,16,16,4555,0,0,0,0,0
2020-07-25,US,Wyoming,Johnson,22,1,0,44.04057166,-106.58451740000001,56019.0,260.5091770278271,4.545454545454546,21,22,1,0,21,22,8460,0,0,0,0,0
2020-07-25,US,Wyoming,Laramie,412,0,0,41.30702520000001,-104.6887497,56021.0,414.070351758794,0.0,412,409,0,0,409,400,98976,3,0,0,3,9
2020-07-25,US,Wyoming,Lincoln,85,0,0,42.26376367,-110.6563997,56023.0,428.6434694906707,0.0,85,81,0,0,81,72,19434,4,0,0,4,9
2020-07-25,US,Wyoming,Natrona,192,0,0,42.96180148,-106.79788500000001,56025.0,240.42675749455285,0.0,192,187,0,0,187,184,79115,5,0,0,5,3
2020-07-25,US,Wyoming,Niobrara,2,0,0,43.05607708,-104.47588959999999,56027.0,84.88964346349746,0.0,2,2,0,0,2,2,2388,0,0,0,0,0
2020-07-25,US,Wyoming,Park,98,0,0,44.52157546,-109.58528249999999,56029.0,335.6854148112626,0.0,98,97,0,0,97,95,29324,1,0,0,1,2
2020-07-25,US,Wyoming,Platte,5,0,0,42.13299116,-104.96633100000001,56031.0,59.57345406886692,0.0,5,5,0,0,5,5,8566,0,0,0,0,0
2020-07-25,US,Wyoming,Sheridan,40,0,0,44.79048913,-106.8862389,56033.0,131.21207151057897,0.0,40,40,0,0,40,40,30233,0,0,0,0,0
2020-07-25,US,Wyoming,Sublette,26,0,0,42.76558279,-109.91309220000001,56035.0,264.46953514393243,0.0,26,25,0,0,25,18,9813,1,0,0,1,7
2020-07-25,US,Wyoming,Sweetwater,214,0,0,41.65943896,-108.8827882,56037.0,505.39640554519053,0.0,214,210,0,0,210,206,43051,4,0,0,4,4
2020-07-25,US,Wyoming,Teton,275,0,0,43.93522482,-110.5890801,56039.0,1172.0081827480396,0.0,275,264,0,0,264,254,23081,11,0,0,11,10
2020-07-25,US,Wyoming,Uinta,232,0,0,41.2878183,-110.54757820000002,56041.0,1147.0384653416395,0.0,232,232,0,0,232,227,20299,0,0,0,0,5
2020-07-25,US,Wyoming,Unassigned,1,24,0,0.0,0.0,90056.0,0.0,2400.0,-23,0,24,0,-24,0,,1,0,0,1,0
2020-07-25,US,Wyoming,Washakie,45,0,0,43.90451606,-107.68018700000002,56043.0,576.5534913516976,0.0,45,45,0,0,45,45,7885,0,0,0,0,0
2020-07-25,US,Wyoming,Weston,4,0,0,43.83961191,-104.56748809999999,56045.0,57.74505557961599,0.0,4,4,0,0,4,4,6967,0,0,0,0,0
