Date,Country/Region,Province/State,Admin2,Confirmed,Deaths,Recovered,Latitude,Longitude,FIPS,Incidence_Rate,Case-Fatality_Ratio,Active Cases,Previous Confirmed,Previous Deaths,Previous Recovered,Previous Active,Prev2 Confirmed,Population,Daily Confirmed,Daily Deaths,Daily Recovered,Daily Active,Previous Daily Confirmed
2020-07-03,US,Alabama,Autauga,560,12,0,32.53952745,-86.64408227,1001.0,1002.3447708031288,2.142857142857143,548,553,12,0,541,545,55601,7,0,0,7,8
2020-07-03,US,Alabama,Baldwin,828,9,0,30.72774991,-87.72207058,1003.0,370.91124111918435,1.0869565217391304,819,735,9,0,726,686,218022,93,0,0,93,49
2020-07-03,US,Alabama,Barbour,345,2,0,31.868263,-85.3871286,1005.0,1397.553269059386,0.5797101449275363,343,333,1,0,332,323,24881,12,1,0,11,10
2020-07-03,US,Alabama,Bibb,186,1,0,32.99642064,-87.12511459999996,1007.0,830.5796195409482,0.5376344086021505,185,176,1,0,175,171,22400,10,0,0,10,5
2020-07-03,US,Alabama,Blount,226,1,0,33.98210918,-86.56790593,1009.0,390.8276553799329,0.4424778761061947,225,218,1,0,217,214,57840,8,0,0,8,4
2020-07-03,US,Alabama,Bullock,367,9,0,32.10030533,-85.71265535,1011.0,3633.3036333036334,2.4523160762942777,358,364,9,0,355,362,10138,3,0,0,3,2
2020-07-03,US,Alabama,Butler,623,28,0,31.75300095,-86.68057478,1013.0,3203.414232825997,4.49438202247191,595,607,27,0,580,604,19680,16,1,0,15,3
2020-07-03,US,Alabama,Calhoun,322,5,0,33.77483727,-85.82630386,1015.0,283.43822895119047,1.5527950310559009,317,280,5,0,275,270,114277,42,0,0,42,10
2020-07-03,US,Alabama,Chambers,612,27,0,32.91360079,-85.39072749,1017.0,1840.3801046490646,4.411764705882354,585,600,27,0,573,581,33615,12,0,0,12,19
2020-07-03,US,Alabama,Cherokee,85,7,0,34.17805983,-85.60638968,1019.0,324.47701939227363,8.235294117647058,78,79,7,0,72,74,26032,6,0,0,6,5
2020-07-03,US,Alabama,Chilton,228,2,0,32.85044126,-86.7173256,1021.0,513.1898802556947,0.8771929824561403,226,215,2,0,213,211,44153,13,0,0,13,4
2020-07-03,US,Alabama,Choctaw,195,12,0,32.02227341,-88.26564429999998,1023.0,1548.9713241718964,6.153846153846153,183,192,12,0,180,192,12841,3,0,0,3,0
2020-07-03,US,Alabama,Clarke,272,6,0,31.68099859,-87.83548597,1025.0,1151.468969604606,2.2058823529411766,266,268,6,0,262,266,23920,4,0,0,4,2
2020-07-03,US,Alabama,Clay,62,2,0,33.26984193,-85.85836077,1027.0,468.45485455232335,3.2258064516129035,60,61,2,0,59,58,13275,1,0,0,1,3
2020-07-03,US,Alabama,Cleburne,36,1,0,33.67679204,-85.52005899,1029.0,241.44869215291752,2.7777777777777777,35,30,1,0,29,29,14987,6,0,0,6,1
2020-07-03,US,Alabama,Coffee,370,2,0,31.39932826,-85.98901039,1031.0,706.8893049558671,0.5405405405405406,368,359,2,0,357,353,51909,11,0,0,11,6
2020-07-03,US,Alabama,Colbert,383,6,0,34.69847452,-87.80168544,1033.0,693.3256096015642,1.566579634464752,377,377,5,0,372,368,54762,6,1,0,5,9
2020-07-03,US,Alabama,Conecuh,197,7,0,31.43401703,-86.99320044,1035.0,1632.5515869727355,3.5532994923857872,190,186,6,0,180,180,12277,11,1,0,10,6
2020-07-03,US,Alabama,Coosa,58,1,0,32.93690146,-86.24847739,1037.0,543.9369783363031,1.7241379310344829,57,57,1,0,56,55,10715,1,0,0,1,2
2020-07-03,US,Alabama,Covington,343,7,0,31.247785399999998,-86.45050893,1039.0,925.800966287889,2.0408163265306123,336,332,7,0,325,308,36986,11,0,0,11,24
2020-07-03,US,Alabama,Crenshaw,125,3,0,31.72941803,-86.31593104,1041.0,907.6386871914027,2.4,122,124,3,0,121,123,13824,1,0,0,1,1
2020-07-03,US,Alabama,Cullman,435,4,0,34.13020303,-86.86888037,1043.0,519.2913761818355,0.9195402298850576,431,411,4,0,407,400,83442,24,0,0,24,11
2020-07-03,US,Alabama,Dale,268,0,0,31.43037123,-85.61095742,1045.0,545.0256243390547,0.0,268,262,0,0,262,244,48956,6,0,0,6,18
2020-07-03,US,Alabama,Dallas,868,9,0,32.32688101,-87.10866709999998,1047.0,2333.5842563716533,1.036866359447005,859,841,9,0,832,819,38310,27,0,0,27,22
2020-07-03,US,Alabama,DeKalb,694,5,0,34.45946862,-85.80782906,1049.0,970.452924643072,0.7204610951008645,689,641,5,0,636,602,71385,53,0,0,53,39
2020-07-03,US,Alabama,Elmore,864,14,0,32.59785413,-86.14415284,1051.0,1063.9214865347437,1.6203703703703705,850,836,14,0,822,813,81887,28,0,0,28,23
2020-07-03,US,Alabama,Escambia,332,6,0,31.1256789,-87.15918694,1053.0,906.286681407474,1.8072289156626504,326,293,6,0,287,263,36748,39,0,0,39,30
2020-07-03,US,Alabama,Etowah,707,13,0,34.04567266,-86.04051873,1055.0,691.3208432745337,1.8387553041018387,694,644,13,0,631,625,102501,63,0,0,63,19
2020-07-03,US,Alabama,Fayette,67,1,0,33.72076938,-87.73886638,1057.0,410.9925162556742,1.492537313432836,66,67,1,0,66,67,16433,0,0,0,0,0
2020-07-03,US,Alabama,Franklin,878,14,0,34.44235334,-87.84289505,1059.0,2799.5663541865947,1.5945330296127562,864,863,14,0,849,852,31363,15,0,0,15,11
2020-07-03,US,Alabama,Geneva,78,0,0,31.09389027,-85.83572839,1061.0,296.9053328765558,0.0,78,70,0,0,70,67,26314,8,0,0,8,3
2020-07-03,US,Alabama,Greene,183,8,0,32.85504247,-87.95684022,1063.0,2256.195290346443,4.371584699453551,175,178,8,0,170,166,8233,5,0,0,5,12
2020-07-03,US,Alabama,Hale,306,21,0,32.76039258,-87.63284988,1065.0,2088.594635178486,6.862745098039214,285,296,21,0,275,293,14726,10,0,0,10,3
2020-07-03,US,Alabama,Henry,131,3,0,31.51148016,-85.24267944,1067.0,761.4065678581807,2.2900763358778624,128,130,3,0,127,130,17209,1,0,0,1,0
2020-07-03,US,Alabama,Houston,461,4,0,31.15197924,-85.29939599,1069.0,435.39034019002287,0.8676789587852495,457,446,4,0,442,434,104722,15,0,0,15,12
2020-07-03,US,Alabama,Jackson,263,2,0,34.78144169,-85.99750489,1071.0,509.4332313175532,0.7604562737642585,261,252,2,0,250,238,51736,11,0,0,11,14
2020-07-03,US,Alabama,Jefferson,4802,152,0,33.55554728,-86.89506300000002,1073.0,729.1522731724501,3.1653477717617657,4650,4532,143,0,4389,4387,659300,270,9,0,261,145
2020-07-03,US,Alabama,Lamar,75,1,0,33.77995024,-88.09668032,1075.0,543.2814197754436,1.3333333333333333,74,71,1,0,70,71,13844,4,0,0,4,0
2020-07-03,US,Alabama,Lauderdale,473,6,0,34.90171875,-87.65624729,1077.0,510.0885375664572,1.2684989429175475,467,457,6,0,451,444,92387,16,0,0,16,13
2020-07-03,US,Alabama,Lawrence,105,0,0,34.52041498,-87.31069453,1079.0,318.9162920665776,0.0,105,100,0,0,100,101,32957,5,0,0,5,-1
2020-07-03,US,Alabama,Lee,1302,37,0,32.60154883,-85.35132246,1081.0,791.2873308942399,2.8417818740399388,1265,1245,37,0,1208,1189,163941,57,0,0,57,56
2020-07-03,US,Alabama,Limestone,466,0,0,34.81185586,-86.98310072,1083.0,471.1115604306729,0.0,466,429,0,0,429,409,96174,37,0,0,37,20
2020-07-03,US,Alabama,Lowndes,463,21,0,32.1597283,-86.65158371,1085.0,4760.435944889986,4.535637149028077,442,458,20,0,438,458,9974,5,1,0,4,0
2020-07-03,US,Alabama,Macon,181,9,0,32.38759944,-85.69267724,1087.0,1001.7710870046492,4.972375690607736,172,177,8,0,169,170,18439,4,1,0,3,7
2020-07-03,US,Alabama,Madison,1271,7,0,34.76327133,-86.55069633,1089.0,340.8338227288695,0.5507474429583006,1264,1104,7,0,1097,1057,366519,167,0,0,167,47
2020-07-03,US,Alabama,Marengo,300,11,0,32.24767634,-87.78796182,1091.0,1590.4150983406669,3.6666666666666665,289,299,11,0,288,286,19066,1,0,0,1,13
2020-07-03,US,Alabama,Marion,214,13,0,34.13697363,-87.88704173,1093.0,720.3204416170184,6.074766355140188,201,206,13,0,193,203,29763,8,0,0,8,3
2020-07-03,US,Alabama,Marshall,1680,10,0,34.36975964,-86.30486727,1095.0,1736.0034720069439,0.5952380952380952,1670,1622,10,0,1612,1537,96109,58,0,0,58,85
2020-07-03,US,Alabama,Mobile,3904,134,0,30.78472347,-88.20842409,1097.0,944.7980445778177,3.432377049180328,3770,3797,134,0,3663,3697,413757,107,0,0,107,100
2020-07-03,US,Alabama,Monroe,231,2,0,31.56729412,-87.36995001,1099.0,1114.1658226016496,0.8658008658008658,229,205,2,0,203,197,21067,26,0,0,26,8
2020-07-03,US,Alabama,Montgomery,3947,103,0,32.2206831,-86.20969272,1101.0,1742.712573845624,2.6095768938434247,3844,3875,102,0,3773,3839,225763,72,1,0,71,36
2020-07-03,US,Alabama,Morgan,1047,5,0,34.45500589,-86.85475946,1103.0,874.8401975283882,0.4775549188156638,1042,1020,3,0,1017,981,119089,27,2,0,25,39
2020-07-03,US,Alabama,Perry,162,1,0,32.64048341,-87.29770589,1105.0,1815.5328925249355,0.6172839506172839,161,154,1,0,153,145,9140,8,0,0,8,9
2020-07-03,US,Alabama,Pickens,222,6,0,33.28094866,-88.08818103,1107.0,1113.8986452584045,2.702702702702702,216,217,6,0,211,211,19938,5,0,0,5,6
2020-07-03,US,Alabama,Pike,417,5,0,31.80396383,-85.9408295,1109.0,1259.286102554811,1.1990407673860912,412,407,5,0,402,399,33338,10,0,0,10,8
2020-07-03,US,Alabama,Randolph,201,9,0,33.29526734,-85.45708831,1111.0,884.6052284129918,4.477611940298506,192,188,9,0,179,170,22725,13,0,0,13,18
2020-07-03,US,Alabama,Russell,519,0,0,32.28725256,-85.18415324,1113.0,895.4296854781662,0.0,519,503,0,0,503,484,57781,16,0,0,16,19
2020-07-03,US,Alabama,Shelby,1176,23,0,33.26879845,-86.66232561,1117.0,540.1879633627618,1.95578231292517,1153,1109,23,0,1086,1082,215707,67,0,0,67,27
2020-07-03,US,Alabama,St. Clair,347,2,0,33.71902176,-86.31029372,1115.0,387.6575207793368,0.5763688760806917,345,319,2,0,317,304,88690,28,0,0,28,15
2020-07-03,US,Alabama,Sumter,284,12,0,32.59117397,-88.19916205,1119.0,2285.346423110968,4.225352112676056,272,279,12,0,267,276,12691,5,0,0,5,3
2020-07-03,US,Alabama,Talladega,300,7,0,33.37823223,-86.16886178,1121.0,375.103153367176,2.333333333333333,293,282,7,0,275,267,79828,18,0,0,18,15
2020-07-03,US,Alabama,Tallapoosa,583,69,0,32.86698258,-85.79833053,1123.0,1444.2490152847622,11.835334476843913,514,572,69,0,503,563,40497,11,0,0,11,9
2020-07-03,US,Alabama,Tuscaloosa,2188,42,0,33.28726072,-87.52556818,1125.0,1045.1147572305417,1.919561243144424,2146,2107,39,0,2068,2049,208911,81,3,0,78,58
2020-07-03,US,Alabama,Unassigned,503,23,0,0.0,0.0,90001.0,0.0,4.572564612326044,480,507,24,0,483,520,,-4,-1,0,-3,-13
2020-07-03,US,Alabama,Walker,905,24,0,33.80270512,-87.30027177,1127.0,1424.7256812707608,2.6519337016574585,881,871,23,0,848,867,63711,34,1,0,33,4
2020-07-03,US,Alabama,Washington,104,7,0,31.4092794,-88.20689944,1129.0,637.0207031728531,6.730769230769232,97,102,7,0,95,100,16378,2,0,0,2,2
2020-07-03,US,Alabama,Wilcox,289,8,0,31.98773215,-87.30891118,1131.0,2786.0792441916515,2.7681660899653977,281,284,8,0,276,280,10627,5,0,0,5,4
2020-07-03,US,Alabama,Winston,246,3,0,34.15030532,-87.37325922,1133.0,1041.0935714588006,1.2195121951219512,243,237,3,0,234,233,23660,9,0,0,9,4
2020-07-03,US,Alaska,Anchorage,493,6,0,61.14998174,-149.14269860000005,2020.0,171.18055555555554,1.2170385395537526,487,472,6,0,466,457,291538,21,0,0,21,15
2020-07-03,US,Alaska,Bethel,10,0,0,60.90980451,-159.8561831,2050.0,54.389209180898504,0.0,10,9,0,0,9,9,18216,1,0,0,1,0
2020-07-03,US,Alaska,Fairbanks North Star,160,2,0,64.80726247,-146.5692662,2090.0,165.20562938182118,1.25,158,149,2,0,147,147,98971,11,0,0,11,2
2020-07-03,US,Alaska,Haines,2,0,0,59.09893571,-135.4679843,2100.0,79.05138339920948,0.0,2,2,0,0,2,2,2474,0,0,0,0,0
2020-07-03,US,Alaska,Juneau,45,2,0,58.45031811,-134.200436,2110.0,140.739350722462,4.4444444444444455,43,44,2,0,42,44,32113,1,0,0,1,0
2020-07-03,US,Alaska,Kenai Peninsula,159,2,0,60.24429722,-151.53888840000005,2122.0,270.83191387885813,1.2578616352201255,157,155,2,0,153,151,58533,4,0,0,4,4
2020-07-03,US,Alaska,Ketchikan Gateway,22,0,0,55.57445008,-130.975561,2130.0,158.26199553988926,0.0,22,22,0,0,22,22,13918,0,0,0,0,0
2020-07-03,US,Alaska,Kodiak Island,4,0,0,57.65529415,-153.7493579,2150.0,30.773965225419296,0.0,4,4,0,0,4,3,13345,0,0,0,0,1
2020-07-03,US,Alaska,Kusilvak,1,0,0,62.15429159999999,-163.39678830000003,2158.0,12.027904738994467,0.0,1,,,,,,8303,,,,,
2020-07-03,US,Alaska,Matanuska-Susitna,107,1,0,62.31305045,-149.5741743,2170.0,98.78412437567509,0.9345794392523364,106,102,1,0,101,88,107610,5,0,0,5,14
2020-07-03,US,Alaska,Nome,9,0,0,64.90320724,-164.0353804,2180.0,89.96401439424231,0.0,9,8,0,0,8,8,10008,1,0,0,1,0
2020-07-03,US,Alaska,North Slope,4,0,0,69.31479216,-153.4836093,2185.0,40.68348250610252,0.0,4,4,0,0,4,4,9872,0,0,0,0,0
2020-07-03,US,Alaska,Northwest Arctic,5,0,0,67.04919196,-159.7503946,2188.0,65.60818790185014,0.0,5,5,0,0,5,5,7671,0,0,0,0,0
2020-07-03,US,Alaska,Petersburg,4,1,0,57.13978948,-132.9540995,2195.0,122.47397428046541,25.0,3,4,1,0,3,4,3221,0,0,0,0,0
2020-07-03,US,Alaska,Prince of Wales-Hyder,2,0,0,55.76261984,-133.0511621,2198.0,32.24246332419797,0.0,2,2,0,0,2,2,6422,0,0,0,0,0
2020-07-03,US,Alaska,Sitka,13,0,0,57.24124555,-135.3206587,2220.0,153.06723183798422,0.0,13,13,0,0,13,12,8647,0,0,0,0,1
2020-07-03,US,Alaska,Southeast Fairbanks,10,0,0,63.87692095,-143.2127643,2240.0,145.07471347744092,0.0,10,10,0,0,10,8,6918,0,0,0,0,2
2020-07-03,US,Alaska,Unassigned,0,1,0,0.0,0.0,90002.0,0.0,0.0,-1,,,,,,,,,,,
2020-07-03,US,Alaska,Valdez-Cordova,4,0,0,61.47502768,-144.7126799,2261.0,43.46881112801565,0.0,4,3,0,0,3,3,9164,1,0,0,1,0
2020-07-03,US,Alaska,Wrangell,3,0,0,56.3202004,-132.05837309999998,2275.0,119.90407673860909,0.0,3,3,0,0,3,3,2503,0,0,0,0,0
2020-07-03,US,Alaska,Yukon-Koyukuk,3,0,0,65.50815459,-151.39073869999999,2290.0,57.361376673040155,0.0,3,3,0,0,3,3,5327,0,0,0,0,0
2020-07-03,US,Arizona,Apache,2418,91,0,35.39465006,-109.4892383,4001.0,3363.612336027377,3.7634408602150535,2327,2405,91,0,2314,2381,71818,13,0,0,13,24
2020-07-03,US,Arizona,Cochise,710,14,0,31.87934684,-109.7516088,4003.0,563.8411079874843,1.971830985915493,696,678,12,0,666,657,126770,32,2,0,30,21
2020-07-03,US,Arizona,Coconino,2087,96,0,35.83883429,-111.77071780000001,4005.0,1454.5986785246314,4.599904168663153,1991,1986,95,0,1891,1941,142854,101,1,0,100,45
2020-07-03,US,Arizona,Gila,325,6,0,33.80190085,-110.8132779,4007.0,601.6513014180457,1.8461538461538465,319,314,6,0,308,309,53889,11,0,0,11,5
2020-07-03,US,Arizona,Graham,125,1,0,32.93166885,-109.8882178,4009.0,321.85802198934005,0.8,124,117,1,0,116,108,38072,8,0,0,8,9
2020-07-03,US,Arizona,Greenlee,19,1,0,33.21498827,-109.2405279,4011.0,200.04211412929038,5.2631578947368425,18,19,1,0,18,18,9483,0,0,0,0,1
2020-07-03,US,Arizona,La Paz,351,6,0,33.72854224,-113.98100290000001,4012.0,1662.8766344513929,1.709401709401709,345,346,6,0,340,345,21098,5,0,0,5,1
2020-07-03,US,Arizona,Maricopa,57929,865,0,33.34835867,-112.49181540000001,4013.0,1291.4972843086505,1.4932072019195912,57064,54757,843,0,53914,52266,4410824,3172,22,0,3150,2491
2020-07-03,US,Arizona,Mohave,1342,88,0,35.70471703,-113.7577902,4015.0,632.4788741687521,6.557377049180328,1254,1248,88,0,1160,1142,209550,94,0,0,94,106
2020-07-03,US,Arizona,Navajo,3817,132,0,35.3997715,-110.3218983,4017.0,3441.094803649345,3.4582132564841497,3685,3744,131,0,3613,3703,110445,73,1,0,72,41
2020-07-03,US,Arizona,Pima,9024,282,0,32.0971334,-111.7890033,4019.0,861.6615056732733,3.125,8742,8577,280,0,8297,8387,1039073,447,2,0,445,190
2020-07-03,US,Arizona,Pinal,4139,75,0,32.90525627,-111.3449483,4021.0,894.3600647379259,1.812031891761295,4064,3908,74,0,3834,3777,447138,231,1,0,230,131
2020-07-03,US,Arizona,Santa Cruz,1887,24,0,31.52508998,-110.8479088,4023.0,4058.2390640457647,1.2718600953895072,1863,1849,22,0,1827,1802,46511,38,2,0,36,47
2020-07-03,US,Arizona,Yavapai,861,10,0,34.59933926,-112.5538588,4025.0,366.22869514544936,1.1614401858304295,851,814,11,0,803,771,231993,47,-1,0,48,43
2020-07-03,US,Arizona,Yuma,6838,107,0,32.76895712,-113.90666740000002,4027.0,3198.510667159369,1.5647850248610704,6731,6683,103,0,6580,6498,212128,155,4,0,151,185
2020-07-03,US,Arkansas,Arkansas,38,0,0,34.29145151,-91.37277296,5001.0,217.31671051126617,0.0,38,30,0,0,30,31,17769,8,0,0,8,-1
2020-07-03,US,Arkansas,Ashley,78,1,0,33.19153461,-91.76984709999999,5003.0,396.80520934018415,1.2820512820512822,77,77,1,0,76,74,20046,1,0,0,1,3
2020-07-03,US,Arkansas,Baxter,24,0,0,36.28784385,-92.33782872,5005.0,57.23552418200897,0.0,24,24,0,0,24,20,41619,0,0,0,0,4
2020-07-03,US,Arkansas,Benton,2917,20,0,36.33644656,-94.25680817,5007.0,1044.9915992276306,0.6856359273225917,2897,2834,20,0,2814,2752,272608,83,0,0,83,82
2020-07-03,US,Arkansas,Boone,29,1,0,36.3084504,-93.09374925,5009.0,77.47381919213507,3.4482758620689653,28,28,1,0,27,27,37480,1,0,0,1,1
2020-07-03,US,Arkansas,Bradley,52,2,0,33.46755808,-92.15980837,5011.0,483.1366719316177,3.8461538461538463,50,52,2,0,50,52,10897,0,0,0,0,0
2020-07-03,US,Arkansas,Calhoun,1,0,0,33.55598792,-92.49974403,5013.0,19.27153594141453,0.0,1,1,0,0,1,,5277,0,0,0,0,
2020-07-03,US,Arkansas,Carroll,187,5,0,36.34038560000001,-93.54270261,5015.0,658.9147286821707,2.6737967914438503,182,172,5,0,167,168,28223,15,0,0,15,4
2020-07-03,US,Arkansas,Chicot,154,3,0,33.26458973,-91.29539209,5017.0,1522.0399288396914,1.9480519480519483,151,150,3,0,147,139,10438,4,0,0,4,11
2020-07-03,US,Arkansas,Clark,58,0,0,34.04613432,-93.17484713,5019.0,259.8566308243728,0.0,58,57,0,0,57,57,22061,1,0,0,1,0
2020-07-03,US,Arkansas,Clay,64,3,0,36.36826212,-90.4148172,5021.0,439.832313930314,4.6875,61,62,3,0,59,59,14847,2,0,0,2,3
2020-07-03,US,Arkansas,Cleburne,102,4,0,35.53864922,-92.02640019,5023.0,409.326216942895,3.92156862745098,98,101,4,0,97,92,24965,1,0,0,1,9
2020-07-03,US,Arkansas,Cleveland,27,0,0,33.89723187,-92.18537045,5025.0,339.3665158371041,0.0,27,27,0,0,27,26,8018,0,0,0,0,1
2020-07-03,US,Arkansas,Columbia,85,4,0,33.21230701,-93.22642793,5027.0,362.3651788378736,4.705882352941177,81,84,4,0,80,84,23537,1,0,0,1,0
2020-07-03,US,Arkansas,Conway,66,3,0,35.26205537,-92.70506566,5029.0,316.60750263839583,4.545454545454546,63,61,3,0,58,60,20891,5,0,0,5,1
2020-07-03,US,Arkansas,Craighead,467,7,0,35.83018283,-90.63235729,5031.0,423.26795489975717,1.4989293361884368,460,458,7,0,451,453,108558,9,0,0,9,5
2020-07-03,US,Arkansas,Crawford,196,1,0,35.58928601,-94.2446814,5033.0,309.84713154275414,0.5102040816326531,195,190,1,0,189,166,63406,6,0,0,6,24
2020-07-03,US,Arkansas,Crittenden,765,13,0,35.21247318,-90.30839406,5035.0,1595.2455426962774,1.699346405228758,752,759,13,0,746,749,48342,6,0,0,6,10
2020-07-03,US,Arkansas,Cross,88,1,0,35.29631396,-90.77185818,5037.0,535.9644314513673,1.1363636363636365,87,88,1,0,87,86,16676,0,0,0,0,2
2020-07-03,US,Arkansas,Dallas,10,0,0,33.97042763,-92.65167437,5039.0,142.673705236125,0.0,10,10,0,0,10,10,7182,0,0,0,0,0
2020-07-03,US,Arkansas,Desha,54,1,0,33.83011025,-91.25500948,5041.0,475.31027198310005,1.851851851851852,53,52,1,0,51,47,11512,2,0,0,2,5
2020-07-03,US,Arkansas,Drew,70,2,0,33.59035001,-91.71777921,5043.0,384.21428179373186,2.8571428571428568,68,69,2,0,67,65,18328,1,0,0,1,4
2020-07-03,US,Arkansas,Faulkner,545,3,0,35.14719007,-92.33717519,5045.0,432.515653892244,0.5504587155963303,542,529,3,0,526,492,124806,16,0,0,16,37
2020-07-03,US,Arkansas,Franklin,26,1,0,35.51202821,-93.89299569,5047.0,146.7682754727632,3.8461538461538463,25,26,0,0,26,21,17810,0,1,0,-1,5
2020-07-03,US,Arkansas,Fulton,15,0,0,36.38177105,-91.81729127,5049.0,120.22120702091848,0.0,15,15,0,0,15,15,12269,0,0,0,0,0
2020-07-03,US,Arkansas,Garland,271,1,0,34.57692074,-93.14921604,5051.0,272.67421970901336,0.3690036900369004,270,267,1,0,266,253,99154,4,0,0,4,14
2020-07-03,US,Arkansas,Grant,44,0,0,34.29017991,-92.42320562,5053.0,240.89789214344376,0.0,44,44,0,0,44,41,18188,0,0,0,0,3
2020-07-03,US,Arkansas,Greene,121,0,0,36.11735460000001,-90.55832668,5055.0,266.96083838940984,0.0,121,119,0,0,119,119,45325,2,0,0,2,0
2020-07-03,US,Arkansas,Hempstead,57,1,0,33.73325583,-93.66935133,5057.0,264.72227382500455,1.7543859649122806,56,56,1,0,55,50,21741,1,0,0,1,6
2020-07-03,US,Arkansas,Hot Spring,582,0,0,34.31709259,-92.95396325,5059.0,1723.372124011726,0.0,582,580,0,0,580,429,33701,2,0,0,2,151
2020-07-03,US,Arkansas,Howard,98,1,0,34.09007427,-93.9934871,5061.0,742.3117709437964,1.020408163265306,97,96,1,0,95,94,13341,2,0,0,2,2
2020-07-03,US,Arkansas,Independence,61,0,0,35.74242707,-91.57001641,5063.0,161.26900198281558,0.0,61,59,0,0,59,55,37678,2,0,0,2,4
2020-07-03,US,Arkansas,Izard,23,1,0,36.09604046,-91.90847954,5065.0,168.75779587643999,4.3478260869565215,22,23,1,0,22,23,13593,0,0,0,0,0
2020-07-03,US,Arkansas,Jackson,31,0,0,35.59802983,-91.21494602,5067.0,185.417788145224,0.0,31,28,0,0,28,27,16811,3,0,0,3,1
2020-07-03,US,Arkansas,Jefferson,726,28,0,34.26767081,-91.92619839,5069.0,1086.436011014007,3.8567493112947657,698,720,28,0,692,706,68114,6,0,0,6,14
2020-07-03,US,Arkansas,Johnson,253,0,0,35.56759135,-93.46036368,5071.0,951.915117766574,0.0,253,251,0,0,251,236,26742,2,0,0,2,15
2020-07-03,US,Arkansas,Lafayette,21,1,0,33.24116713,-93.60677071,5073.0,317.0289855072464,4.761904761904762,20,19,1,0,18,19,6682,2,0,0,2,0
2020-07-03,US,Arkansas,Lawrence,102,9,0,36.04188196,-91.10867198,5075.0,621.7237596001463,8.823529411764708,93,102,9,0,93,100,16434,0,0,0,0,2
2020-07-03,US,Arkansas,Lee,761,2,0,34.78498904,-90.78383866,5077.0,8592.074065710738,0.2628120893561104,759,755,2,0,753,746,8985,6,0,0,6,9
2020-07-03,US,Arkansas,Lincoln,1041,11,0,33.95317155,-91.74002806,5079.0,7992.9361179361185,1.0566762728146013,1030,1041,11,0,1030,1040,13383,0,0,0,0,1
2020-07-03,US,Arkansas,Little River,40,0,0,33.70375665,-94.23468591,5081.0,326.29088832694345,0.0,40,40,0,0,40,38,12326,0,0,0,0,2
2020-07-03,US,Arkansas,Logan,53,0,0,35.21413234,-93.71951016,5083.0,246.90207770427654,0.0,53,49,0,0,49,46,21737,4,0,0,4,3
2020-07-03,US,Arkansas,Lonoke,162,1,0,34.75392199,-91.88742357,5085.0,220.98241689287812,0.6172839506172839,161,158,1,0,157,144,73657,4,0,0,4,14
2020-07-03,US,Arkansas,Madison,198,0,0,36.01038185,-93.72524943,5087.0,1194.4980694980695,0.0,198,197,0,0,197,194,16481,1,0,0,1,3
2020-07-03,US,Arkansas,Marion,11,0,0,36.26844485,-92.68451899,5089.0,65.89193722295435,0.0,11,11,0,0,11,6,16722,0,0,0,0,5
2020-07-03,US,Arkansas,Miller,126,2,0,33.31403423,-93.89285258,5091.0,291.28233580692137,1.5873015873015872,124,122,2,0,120,118,43592,4,0,0,4,4
2020-07-03,US,Arkansas,Mississippi,194,3,0,35.76271485,-90.05194370000002,5093.0,477.23303239772696,1.5463917525773196,191,185,3,0,182,180,41239,9,0,0,9,5
2020-07-03,US,Arkansas,Monroe,16,0,0,34.6815935,-91.20540287,5095.0,238.7703327861513,0.0,16,15,0,0,15,13,6900,1,0,0,1,2
2020-07-03,US,Arkansas,Montgomery,5,0,0,34.53704874,-93.65824478,5097.0,55.642109948809264,0.0,5,5,0,0,5,5,8924,0,0,0,0,0
2020-07-03,US,Arkansas,Nevada,104,3,0,33.66340119,-93.30632432,5099.0,1260.3005332040718,2.8846153846153846,101,104,3,0,101,102,8326,0,0,0,0,2
2020-07-03,US,Arkansas,Newton,7,0,0,35.91947491,-93.21612969,5101.0,90.28763059460856,0.0,7,6,0,0,6,6,7805,1,0,0,1,0
2020-07-03,US,Arkansas,Ouachita,20,0,0,33.58839816,-92.87795984,5103.0,85.53588230262595,0.0,20,20,0,0,20,20,23606,0,0,0,0,0
2020-07-03,US,Arkansas,Perry,34,0,0,34.945915299999996,-92.94372564,5105.0,325.2032520325203,0.0,34,33,0,0,33,32,10352,1,0,0,1,1
2020-07-03,US,Arkansas,Phillips,155,3,0,34.43268455,-90.84800154,5107.0,871.6679788550218,1.935483870967742,152,149,3,0,146,143,18029,6,0,0,6,6
2020-07-03,US,Arkansas,Pike,9,0,0,34.16250414,-93.65789349,5109.0,83.97089009143497,0.0,9,9,0,0,9,7,10673,0,0,0,0,2
2020-07-03,US,Arkansas,Poinsett,61,3,0,35.57433534,-90.66268713,5111.0,259.26555593335604,4.918032786885246,58,61,3,0,58,59,23974,0,0,0,0,2
2020-07-03,US,Arkansas,Polk,75,0,0,34.48254879,-94.22728802,5113.0,375.6762171909437,0.0,75,75,0,0,75,75,20049,0,0,0,0,0
2020-07-03,US,Arkansas,Pope,468,4,0,35.44871474,-93.03212219,5115.0,730.4282681982768,0.8547008547008547,464,451,3,0,448,442,64000,17,1,0,16,9
2020-07-03,US,Arkansas,Prairie,21,0,0,34.83624419,-91.55162157,5117.0,260.4812701562888,0.0,21,21,0,0,21,21,8074,0,0,0,0,0
2020-07-03,US,Arkansas,Pulaski,2258,59,0,34.77054088,-92.31355101,5119.0,576.1512180061287,2.612931798051373,2199,2183,59,0,2124,2080,392680,75,0,0,75,103
2020-07-03,US,Arkansas,Randolph,53,1,0,36.3415714,-91.02455531,5121.0,295.13308831718456,1.8867924528301887,52,53,1,0,52,50,17948,0,0,0,0,3
2020-07-03,US,Arkansas,Saline,319,2,0,34.64916145,-92.67583224,5125.0,260.5421563742986,0.6269592476489029,317,311,2,0,309,292,121421,8,0,0,8,19
2020-07-03,US,Arkansas,Scott,12,0,0,34.85588887,-94.0632176,5127.0,116.72016340822876,0.0,12,12,0,0,12,12,10319,0,0,0,0,0
2020-07-03,US,Arkansas,Searcy,12,0,0,35.9109364,-92.69936482,5129.0,152.26494099733537,0.0,12,7,0,0,7,7,7958,5,0,0,5,0
2020-07-03,US,Arkansas,Sebastian,548,5,0,35.19605503,-94.27162713,5131.0,428.7044208187629,0.9124087591240876,543,533,5,0,528,476,127753,15,0,0,15,57
2020-07-03,US,Arkansas,Sevier,726,7,0,33.99780401,-94.2424869,5133.0,4268.830481566414,0.9641873278236914,719,717,7,0,710,706,17139,9,0,0,9,11
2020-07-03,US,Arkansas,Sharp,57,5,0,36.16258158,-91.47819342,5135.0,326.797385620915,8.771929824561402,52,54,5,0,49,53,17366,3,0,0,3,1
2020-07-03,US,Arkansas,St. Francis,863,3,0,35.02201976,-90.74828138,5123.0,3452.8286788829328,0.3476245654692932,860,818,3,0,815,814,25439,45,0,0,45,4
2020-07-03,US,Arkansas,Stone,17,0,0,35.86251946,-92.15684085,5137.0,135.9347513193667,0.0,17,17,0,0,17,14,12457,0,0,0,0,3
2020-07-03,US,Arkansas,Unassigned,783,0,0,0.0,0.0,90005.0,0.0,0.0,783,737,0,0,737,706,,46,0,0,46,31
2020-07-03,US,Arkansas,Union,252,13,0,33.16887091,-92.59746952,5139.0,651.4657980456027,5.158730158730159,239,250,13,0,237,249,39126,2,0,0,2,1
2020-07-03,US,Arkansas,Van Buren,33,2,0,35.58095779,-92.51295036,5141.0,199.45602901178603,6.0606060606060606,31,33,2,0,31,33,16603,0,0,0,0,0
2020-07-03,US,Arkansas,Washington,3853,31,0,35.976844,-94.21800746,5143.0,1610.873500650119,0.8045678691928367,3822,3766,31,0,3735,3634,236961,87,0,0,87,132
2020-07-03,US,Arkansas,White,92,1,0,35.25688493,-91.74908296,5145.0,116.82094650362528,1.0869565217391304,91,92,1,0,91,87,78727,0,0,0,0,5
2020-07-03,US,Arkansas,Woodruff,7,0,0,35.18902527,-91.2439489,5147.0,110.75949367088607,0.0,7,7,0,0,7,6,6490,0,0,0,0,1
2020-07-03,US,Arkansas,Yell,668,3,0,35.00292371,-93.41171338,5149.0,3130.125111288131,0.4491017964071856,665,658,3,0,655,644,21535,10,0,0,10,14
2020-07-03,US,California,Alameda,6472,140,0,37.64629437,-121.8929271,6001.0,387.2367439325232,2.1631644004944377,6332,6384,138,0,6246,6156,1666753,88,2,0,86,228
2020-07-03,US,California,Alpine,2,0,0,38.59678594,-119.82235940000001,6003.0,177.14791851195747,0.0,2,2,0,0,2,2,1101,0,0,0,0,0
2020-07-03,US,California,Amador,26,0,0,38.44583082,-120.65696000000001,6005.0,65.40551418796538,0.0,26,26,0,0,26,24,39383,0,0,0,0,2
2020-07-03,US,California,Butte,206,3,0,39.66727762,-121.6005252,6007.0,93.98410482421322,1.4563106796116505,203,206,3,0,203,189,231256,0,0,0,0,17
2020-07-03,US,California,Calaveras,53,0,0,38.20537103,-120.55291299999999,6009.0,115.4558326979632,0.0,53,53,0,0,53,40,45602,0,0,0,0,13
2020-07-03,US,California,Colusa,70,0,0,39.17881957,-122.2331726,6011.0,324.8712117696199,0.0,70,70,0,0,70,59,21627,0,0,0,0,11
2020-07-03,US,California,Contra Costa,3432,79,0,37.91923498,-121.9289527,6013.0,297.5225525909256,2.301864801864802,3353,3326,78,0,3248,3248,1150215,106,1,0,105,78
2020-07-03,US,California,Del Norte,51,1,0,41.74228275,-123.89740630000001,6015.0,183.3740831295844,1.96078431372549,50,51,1,0,50,51,27828,0,0,0,0,0
2020-07-03,US,California,El Dorado,206,0,0,38.77965956,-120.5233166,6017.0,106.82264847570305,0.0,206,206,0,0,206,198,190678,0,0,0,0,8
2020-07-03,US,California,Fresno,5626,77,0,36.75733899,-119.6466953,6019.0,563.1062325030202,1.3686455741201564,5549,5626,77,0,5549,5289,994400,0,0,0,0,337
2020-07-03,US,California,Glenn,122,0,0,39.59875897,-122.3938452,6021.0,429.68337266227593,0.0,122,122,0,0,122,115,28047,0,0,0,0,7
2020-07-03,US,California,Humboldt,144,4,0,40.69923009,-123.876044,6023.0,106.22759261718231,2.7777777777777777,140,138,4,0,134,133,136373,6,0,0,6,5
2020-07-03,US,California,Imperial,6979,105,0,33.0393082,-115.36690420000001,6025.0,3851.2264437270646,1.5045135406218657,6874,6824,100,0,6724,6523,181827,155,5,0,150,301
2020-07-03,US,California,Inyo,33,1,0,36.51112084,-117.41119779999998,6027.0,182.9369698985532,3.0303030303030303,32,32,1,0,31,32,17987,1,0,0,1,0
2020-07-03,US,California,Kern,5100,80,0,35.34329425,-118.72777959999999,6029.0,566.5395100210842,1.568627450980392,5020,4939,77,0,4862,4768,896764,161,3,0,158,171
2020-07-03,US,California,Kings,2583,32,0,36.07409056,-119.8159973,6031.0,1688.897606904669,1.2388695315524585,2551,2583,32,0,2551,2504,151366,0,0,0,0,79
2020-07-03,US,California,Lake,85,0,0,39.10124298,-122.75362439999999,6033.0,132.01627683036685,0.0,85,85,0,0,85,79,64382,0,0,0,0,6
2020-07-03,US,California,Lassen,234,0,0,40.67311306,-120.59350990000002,6035.0,765.3812187224022,0.0,234,234,0,0,234,233,30802,0,0,0,0,1
2020-07-03,US,California,Los Angeles,107806,3457,0,34.30828379,-118.22824109999999,6037.0,1073.860453922844,3.206686084262472,104349,107792,3457,0,104335,105665,10105518,14,0,0,14,2127
2020-07-03,US,California,Madera,566,5,0,37.21513971,-119.76655890000002,6039.0,359.7602445861168,0.8833922261484098,561,566,5,0,561,541,157672,0,0,0,0,25
2020-07-03,US,California,Marin,2710,19,0,38.07122463,-122.72106310000001,6041.0,1047.0354601160623,0.7011070110701108,2691,2446,19,0,2427,2394,259666,264,0,0,264,52
2020-07-03,US,California,Mariposa,27,1,0,37.57978556,-119.9073334,6043.0,156.94936929605302,3.703703703703704,26,27,1,0,26,27,17471,0,0,0,0,0
2020-07-03,US,California,Mendocino,85,0,0,39.4381191,-123.39113130000001,6045.0,97.98383843041418,0.0,85,85,0,0,85,85,87606,0,0,0,0,0
2020-07-03,US,California,Merced,1272,11,0,37.18922369,-120.72090349999999,6047.0,458.0812445980985,0.8647798742138365,1261,1208,11,0,1197,1131,274765,64,0,0,64,77
2020-07-03,US,California,Mono,41,1,0,37.93899289,-118.8872409,6051.0,283.85488784270285,2.4390243902439024,40,41,1,0,40,42,14250,0,0,0,0,-1
2020-07-03,US,California,Monterey,1791,15,0,36.21862405,-121.24133970000001,6053.0,412.6148168114621,0.8375209380234506,1776,1748,15,0,1733,1691,435594,43,0,0,43,57
2020-07-03,US,California,Napa,344,4,0,38.50735751,-122.33283899999999,6055.0,249.73864560343827,1.162790697674419,340,344,4,0,340,333,139417,0,0,0,0,11
2020-07-03,US,California,Nevada,123,1,0,39.30394768,-120.76272809999999,6057.0,123.30209012079595,0.8130081300813008,122,123,1,0,122,117,99696,0,0,0,0,6
2020-07-03,US,California,Orange,15778,360,0,33.70147516,-117.76459979999998,6059.0,496.83659498465215,2.2816580048168342,15418,15065,354,0,14711,14413,3185968,713,6,0,707,652
2020-07-03,US,California,Placer,786,11,0,39.06167234,-120.72405690000001,6061.0,197.32432235664487,1.3994910941475829,775,754,11,0,743,724,393149,32,0,0,32,30
2020-07-03,US,California,Plumas,11,0,0,40.00355989,-120.8395236,6063.0,58.488860530653476,0.0,11,11,0,0,11,10,18804,0,0,0,0,1
2020-07-03,US,California,Riverside,19450,479,0,33.74314981,-115.9933578,6065.0,787.275363421689,2.462724935732648,18971,18720,465,0,18255,18041,2450758,730,14,0,716,679
2020-07-03,US,California,Sacramento,3559,69,0,38.45106826,-121.34253740000001,6067.0,229.3084407928054,1.9387468389997191,3490,3559,69,0,3490,3397,1540975,0,0,0,0,162
2020-07-03,US,California,San Benito,257,2,0,36.60308176,-121.069975,6069.0,409.18354349764365,0.7782101167315175,255,257,2,0,255,239,61537,0,0,0,0,18
2020-07-03,US,California,San Bernardino,13676,269,0,34.84060306,-116.1774685,6071.0,627.3149900118574,1.9669494004094763,13407,13152,265,0,12887,12746,2171603,524,4,0,520,406
2020-07-03,US,California,San Diego,15696,387,0,33.03484597,-116.73653259999999,6073.0,470.1752073641612,2.465596330275229,15309,15207,377,0,14830,14623,3343364,489,10,0,479,584
2020-07-03,US,California,San Francisco,3776,50,0,37.75215114,-122.43856720000001,6075.0,428.3369387294408,1.3241525423728813,3726,3719,50,0,3669,3648,883305,57,0,0,57,71
2020-07-03,US,California,San Joaquin,4474,55,0,37.93433732,-121.2730061,6077.0,587.0250922393026,1.2293249888243185,4419,4298,55,0,4243,3914,752660,176,0,0,176,384
2020-07-03,US,California,San Luis Obispo,701,2,0,35.38822029,-120.4039028,6079.0,247.60606263974202,0.28530670470756064,699,675,2,0,673,642,284010,26,0,0,26,33
2020-07-03,US,California,San Mateo,3441,108,0,37.422880799999994,-122.32755459999998,6081.0,448.8809284960467,3.1386224934612037,3333,3376,108,0,3268,3311,769545,65,0,0,65,65
2020-07-03,US,California,Santa Barbara,3261,29,0,34.65329488,-120.0188492,6083.0,730.3487801764394,0.8892977614228764,3232,3261,29,0,3232,2896,446527,0,0,0,0,365
2020-07-03,US,California,Santa Clara,4849,160,0,37.23104908,-121.6970462,6085.0,251.5234571948469,3.2996494122499485,4689,4750,159,0,4591,4572,1937570,99,1,0,98,178
2020-07-03,US,California,Santa Cruz,417,3,0,37.05580291,-122.0066524,6087.0,152.62816923060032,0.7194244604316546,414,410,3,0,407,399,274255,7,0,0,7,11
2020-07-03,US,California,Shasta,135,4,0,40.76391419,-122.0396884,6089.0,74.96668147490004,2.962962962962963,131,135,4,0,131,129,180040,0,0,0,0,6
2020-07-03,US,California,Sierra,1,0,0,39.57713498,-120.52007009999998,6091.0,33.277870216306155,0.0,1,1,0,0,1,1,2987,0,0,0,0,0
2020-07-03,US,California,Siskiyou,31,0,0,41.59198861,-122.54074340000001,6093.0,71.20053285560074,0.0,31,31,0,0,31,31,43724,0,0,0,0,0
2020-07-03,US,California,Solano,1476,25,0,38.26827353,-121.9357113,6095.0,329.7270369468528,1.6937669376693767,1451,1476,25,0,1451,1402,446610,0,0,0,0,74
2020-07-03,US,California,Sonoma,1267,10,0,38.52746429,-122.88625060000001,6097.0,256.3034049715173,0.7892659826361483,1257,1229,9,0,1220,1185,499942,38,1,0,37,44
2020-07-03,US,California,Stanislaus,2391,44,0,37.55862499,-120.9970722,6099.0,434.20622525696433,1.8402342116269343,2347,2391,44,0,2347,2310,549815,0,0,0,0,81
2020-07-03,US,California,Sutter,206,3,0,39.03417539,-121.6945899,6101.0,212.43464540945232,1.4563106796116505,203,206,3,0,203,197,96807,0,0,0,0,9
2020-07-03,US,California,Tehama,88,1,0,40.12570935,-122.23701709999999,6103.0,135.20988261323828,1.1363636363636365,87,88,1,0,87,82,63916,0,0,0,0,6
2020-07-03,US,California,Trinity,2,0,0,40.64917670000001,-123.114713,6105.0,16.28001628001628,0.0,2,2,0,0,2,2,12535,0,0,0,0,0
2020-07-03,US,California,Tulare,4627,136,0,36.22026558,-118.8020203,6107.0,992.5031370992824,2.939269505078885,4491,4521,133,0,4388,4323,465861,106,3,0,103,198
2020-07-03,US,California,Tuolumne,43,0,0,38.02644018,-119.95250929999999,6109.0,78.93094460149052,0.0,43,43,0,0,43,30,54539,0,0,0,0,13
2020-07-03,US,California,Ventura,3240,47,0,34.44465746,-119.09106129999999,6111.0,382.9760072623599,1.4506172839506173,3193,3240,47,0,3193,3096,850967,0,0,0,0,144
2020-07-03,US,California,Yolo,583,24,0,38.68278902,-121.90182879999999,6113.0,264.39909297052156,4.1166380789022305,559,583,24,0,559,555,220408,0,0,0,0,28
2020-07-03,US,California,Yuba,103,1,0,39.26255932,-121.35356440000001,6115.0,130.9299842375553,0.9708737864077671,102,103,1,0,102,94,78041,0,0,0,0,9
2020-07-03,US,Colorado,Adams,4287,156,0,39.87432092,-104.3362578,8001.0,828.5322783574692,3.6389083275017495,4131,4267,156,0,4111,4226,511868,20,0,0,20,41
2020-07-03,US,Colorado,Alamosa,199,4,0,37.57250606,-105.7885451,8003.0,1225.8978623791045,2.010050251256281,195,199,4,0,195,197,16683,0,0,0,0,2
2020-07-03,US,Colorado,Arapahoe,5300,345,0,39.64977461,-104.3353617,8005.0,807.2008407072908,6.5094339622641515,4955,5267,345,0,4922,5234,651215,33,0,0,33,33
2020-07-03,US,Colorado,Archuleta,9,0,0,37.19474156,-107.0476867,8007.0,64.15282628840261,0.0,9,9,0,0,9,8,13765,0,0,0,0,1
2020-07-03,US,Colorado,Baca,14,0,0,37.31940883,-102.5603223,8009.0,390.9522479754258,0.0,14,14,0,0,14,14,3585,0,0,0,0,0
2020-07-03,US,Colorado,Bent,5,0,0,37.95474293,-103.0720195,8011.0,89.65393580778195,0.0,5,4,0,0,4,4,5882,1,0,0,1,0
2020-07-03,US,Colorado,Boulder,1424,72,0,40.09313619,-105.3546767,8013.0,436.5473518988583,5.056179775280898,1352,1414,72,0,1342,1401,326078,10,0,0,10,13
2020-07-03,US,Colorado,Broomfield,307,30,0,39.95998787,-105.0566324,8014.0,435.67728659618246,9.77198697068404,277,307,30,0,277,301,69267,0,0,0,0,6
2020-07-03,US,Colorado,Chaffee,77,19,0,38.74745778,-106.19265729999998,8015.0,378.2668500687758,24.675324675324674,58,77,19,0,58,77,20027,0,0,0,0,0
2020-07-03,US,Colorado,Cheyenne,5,0,0,38.82777431,-102.6032558,8017.0,273.07482250136536,0.0,5,5,0,0,5,5,1876,0,0,0,0,0
2020-07-03,US,Colorado,Clear Creek,19,1,0,39.68864463,-105.6463118,8019.0,195.87628865979386,5.2631578947368425,18,19,1,0,18,19,9605,0,0,0,0,0
2020-07-03,US,Colorado,Conejos,15,0,0,37.201606,-106.19174879999998,8021.0,182.81535648994515,0.0,15,15,0,0,15,13,8200,0,0,0,0,2
2020-07-03,US,Colorado,Costilla,22,0,0,37.27732493,-105.4276548,8023.0,565.9891947517366,0.0,22,22,0,0,22,21,3828,0,0,0,0,1
2020-07-03,US,Colorado,Crowley,70,1,0,38.32608609,-103.7844965,8025.0,1154.9249298795578,1.4285714285714286,69,70,1,0,69,70,5858,0,0,0,0,0
2020-07-03,US,Colorado,Custer,2,0,0,38.10883162,-105.3683478,8027.0,39.463299131807425,0.0,2,2,0,0,2,2,4954,0,0,0,0,0
2020-07-03,US,Colorado,Delta,83,1,0,38.86246243,-107.8631342,8029.0,266.3500417174764,1.2048192771084338,82,83,1,0,82,84,30953,0,0,0,0,-1
2020-07-03,US,Colorado,Denver,7279,382,0,39.76018276,-104.8725695,8031.0,1000.9474554152783,5.2479736227503775,6897,7228,382,0,6846,7149,716492,51,0,0,51,79
2020-07-03,US,Colorado,Douglas,993,52,0,39.33133796,-104.930001,8035.0,282.7819133485593,5.236656596173212,941,984,52,0,932,964,342776,9,0,0,9,20
2020-07-03,US,Colorado,Eagle,700,8,0,39.62754308,-106.6933637,8037.0,1269.7952001741432,1.1428571428571428,692,697,8,0,689,693,54993,3,0,0,3,4
2020-07-03,US,Colorado,El Paso,2525,120,0,38.83240149,-104.5251411,8041.0,350.49826277791743,4.752475247524752,2405,2474,120,0,2354,2431,713856,51,0,0,51,43
2020-07-03,US,Colorado,Elbert,57,2,0,39.28656773,-104.1358721,8039.0,213.2515245613379,3.5087719298245608,55,57,2,0,55,57,26282,0,0,0,0,0
2020-07-03,US,Colorado,Fremont,38,0,0,38.47362326,-105.4399667,8043.0,79.43309851794561,0.0,38,38,0,0,38,37,48021,0,0,0,0,1
2020-07-03,US,Colorado,Garfield,313,2,0,39.59921777,-107.902708,8045.0,521.1368442083881,0.6389776357827476,311,303,2,0,301,300,59770,10,0,0,10,3
2020-07-03,US,Colorado,Gilpin,7,0,0,39.85646523,-105.5252597,8047.0,112.12558065032835,0.0,7,7,0,0,7,7,6121,0,0,0,0,0
2020-07-03,US,Colorado,Grand,21,1,0,40.10603347,-106.1178042,8049.0,133.46892080844032,4.761904761904762,20,21,1,0,20,21,15525,0,0,0,0,0
2020-07-03,US,Colorado,Gunnison,188,6,0,38.66611652,-107.0320729,8051.0,1076.6235253693737,3.191489361702128,182,188,6,0,182,188,17246,0,0,0,0,0
2020-07-03,US,Colorado,Hinsdale,3,0,0,37.82247444,-107.3004345,8053.0,365.8536585365854,0.0,3,3,0,0,3,3,811,0,0,0,0,0
2020-07-03,US,Colorado,Huerfano,4,1,0,37.68473101,-104.9612585,8055.0,57.99623024503408,25.0,3,4,1,0,3,4,6889,0,0,0,0,0
2020-07-03,US,Colorado,Jackson,2,0,0,40.66593870000001,-106.3408905,8057.0,143.67816091954026,0.0,2,2,0,0,2,2,1399,0,0,0,0,0
2020-07-03,US,Colorado,Jefferson,2763,212,0,39.58635604,-105.2517692,8059.0,474.02471516484496,7.672819399203764,2551,2746,212,0,2534,2711,580233,17,0,0,17,35
2020-07-03,US,Colorado,Kit Carson,33,3,0,39.30497777,-102.6022199,8063.0,464.985205016204,9.090909090909092,30,33,3,0,30,33,7163,0,0,0,0,0
2020-07-03,US,Colorado,La Plata,117,1,0,37.28632032,-107.8429014,8067.0,208.10729086995963,0.8547008547008547,116,116,1,0,115,116,56310,1,0,0,1,0
2020-07-03,US,Colorado,Lake,51,0,0,39.20278823,-106.3555697,8065.0,627.5378368401623,0.0,51,51,0,0,51,51,7824,0,0,0,0,0
2020-07-03,US,Colorado,Larimer,776,29,0,40.66671597,-105.4625784,8069.0,217.4284601525921,3.737113402061856,747,757,29,0,728,747,350518,19,0,0,19,10
2020-07-03,US,Colorado,Las Animas,9,0,0,37.3153406,-104.0376458,8071.0,62.04329243071832,0.0,9,9,0,0,9,9,14503,0,0,0,0,0
2020-07-03,US,Colorado,Lincoln,4,0,0,38.98749519,-103.5136649,8073.0,70.1631292755657,0.0,4,4,0,0,4,4,5610,0,0,0,0,0
2020-07-03,US,Colorado,Logan,638,5,0,40.7249637,-103.110817,8075.0,2847.0703735106426,0.7836990595611285,633,638,5,0,633,638,21528,0,0,0,0,0
2020-07-03,US,Colorado,Mesa,109,0,0,39.01787888,-108.469799,8077.0,70.68283509500033,0.0,109,102,0,0,102,96,153207,7,0,0,7,6
2020-07-03,US,Colorado,Mineral,9,0,0,37.66954283,-106.9281698,8079.0,1170.3511053315995,0.0,9,7,0,0,7,7,776,2,0,0,2,0
2020-07-03,US,Colorado,Moffat,13,0,0,40.61810999,-108.2070876,8081.0,97.86945720093351,0.0,13,13,0,0,13,14,13188,0,0,0,0,-1
2020-07-03,US,Colorado,Montezuma,72,3,0,37.33859579,-108.5958857,8083.0,274.98758736584807,4.166666666666667,69,71,3,0,68,72,26158,1,0,0,1,-1
2020-07-03,US,Colorado,Montrose,209,12,0,38.40214114,-108.26390220000002,8085.0,488.7974180270359,5.741626794258371,197,208,12,0,196,207,42214,1,0,0,1,1
2020-07-03,US,Colorado,Morgan,654,46,0,40.26279810000001,-103.8093302,8087.0,2249.8967937250586,7.033639143730888,608,654,46,0,608,653,28558,0,0,0,0,1
2020-07-03,US,Colorado,Otero,22,1,0,37.9014485,-103.7173385,8089.0,120.3632782580151,4.545454545454546,21,22,1,0,21,22,18432,0,0,0,0,0
2020-07-03,US,Colorado,Ouray,11,1,0,38.14717457,-107.7675136,8091.0,222.1324717285945,9.090909090909092,10,11,1,0,10,11,4833,0,0,0,0,0
2020-07-03,US,Colorado,Park,27,0,0,39.120926,-105.7182065,8093.0,143.27407800477582,0.0,27,27,0,0,27,27,18556,0,0,0,0,0
2020-07-03,US,Colorado,Phillips,16,0,0,40.59414277,-102.3577703,8095.0,375.14654161781954,0.0,16,16,0,0,16,16,4286,0,0,0,0,0
2020-07-03,US,Colorado,Pitkin,102,2,0,39.21720112,-106.9310027,8097.0,574.0980469409577,1.96078431372549,100,102,2,0,100,99,17950,0,0,0,0,3
2020-07-03,US,Colorado,Prowers,24,0,0,37.95544985,-102.3926052,8099.0,197.17384160368061,0.0,24,21,0,0,21,21,12164,3,0,0,3,0
2020-07-03,US,Colorado,Pueblo,396,30,0,38.17359144,-104.5127437,8101.0,235.12088538450573,7.575757575757576,366,393,30,0,363,393,167529,3,0,0,3,0
2020-07-03,US,Colorado,Rio Blanco,4,0,0,39.97913541,-108.2179009,8103.0,63.25110689437065,0.0,4,4,0,0,4,4,6336,0,0,0,0,0
2020-07-03,US,Colorado,Rio Grande,79,2,0,37.5836865,-106.3847838,8105.0,701.1626874944528,2.5316455696202533,77,78,2,0,76,76,11250,1,0,0,1,2
2020-07-03,US,Colorado,Routt,76,6,0,40.48596505,-106.9905548,8107.0,296.4349793275606,7.894736842105262,70,75,6,0,69,75,25733,1,0,0,1,0
2020-07-03,US,Colorado,Saguache,102,2,0,38.08054629,-106.282466,8109.0,1494.7245017584994,1.96078431372549,100,102,2,0,100,102,6843,0,0,0,0,0
2020-07-03,US,Colorado,San Juan,2,0,0,37.76248981,-107.67632890000002,8111.0,274.72527472527474,0.0,2,2,0,0,2,2,762,0,0,0,0,0
2020-07-03,US,Colorado,San Miguel,39,0,0,38.00450883,-108.4020725,8113.0,476.8309084240127,0.0,39,39,0,0,39,39,8191,0,0,0,0,0
2020-07-03,US,Colorado,Summit,277,4,0,39.63803232,-106.1150762,8117.0,893.2314340072877,1.444043321299639,273,276,4,0,272,274,31007,1,0,0,1,2
2020-07-03,US,Colorado,Teller,42,2,0,38.88133511,-105.1614893,8119.0,165.43248778950687,4.761904761904762,40,41,2,0,39,41,25083,1,0,0,1,0
2020-07-03,US,Colorado,Washington,46,0,0,39.97015535,-103.202587,8121.0,937.2453137734312,0.0,46,46,0,0,46,45,4909,0,0,0,0,1
2020-07-03,US,Colorado,Weld,2853,137,0,40.55499405,-104.3929621,8123.0,879.2204430309531,4.801962846126884,2716,2839,137,0,2702,2823,314305,14,0,0,14,16
2020-07-03,US,Colorado,Yuma,52,0,0,40.00346839,-102.4258673,8125.0,519.0138736400838,0.0,52,52,0,0,52,52,10020,0,0,0,0,0
2020-07-03,US,Connecticut,Fairfield,16757,1377,0,41.26809896,-73.3881171,9001.0,1776.3629347886006,8.21746135943188,15380,16733,1376,0,15357,16717,943823,24,1,0,23,16
2020-07-03,US,Connecticut,Hartford,11728,1378,0,41.80283011,-72.73103891,9003.0,1315.211052796842,11.749658935879946,10350,11716,1374,0,10342,11691,892697,12,4,0,8,25
2020-07-03,US,Connecticut,Litchfield,1494,137,0,41.7937534,-73.2451475,9005.0,828.4673354294556,9.170013386880855,1357,1492,137,0,1355,1490,181111,2,0,0,2,2
2020-07-03,US,Connecticut,Middlesex,1308,186,0,41.45949668,-72.53714864,9007.0,805.2402176857347,14.220183486238533,1122,1311,185,0,1126,1304,162682,-3,1,0,-4,7
2020-07-03,US,Connecticut,New Haven,12409,1077,0,41.408032500000004,-72.93620426,9009.0,1451.7576340410199,8.679184462889838,11332,12383,1074,0,11309,12368,857620,26,3,0,23,15
2020-07-03,US,Connecticut,New London,1277,102,0,41.48896435,-72.10430976,9011.0,481.5124846345858,7.987470634299139,1175,1273,102,0,1171,1268,266784,4,0,0,4,5
2020-07-03,US,Connecticut,Tolland,915,64,0,41.85853803,-72.3308481,9013.0,607.0819593819042,6.994535519125682,851,915,64,0,851,913,150921,0,0,0,0,2
2020-07-03,US,Connecticut,Unassigned,213,0,0,0.0,0.0,90009.0,0.0,0.0,213,211,0,0,211,209,,2,0,0,2,2
2020-07-03,US,Connecticut,Windham,616,14,0,41.82972709,-71.98182316,9015.0,527.4785497765066,2.272727272727273,602,612,14,0,598,612,117027,4,0,0,4,0
2020-07-03,US,Delaware,Kent,1730,92,0,39.08646628,-75.56884914,10001.0,956.9325058356288,5.317919075144508,1638,1716,90,0,1626,1699,178550,14,2,0,12,17
2020-07-03,US,Delaware,New Castle,5277,245,0,39.57992638,-75.64054974,10003.0,944.4244594659897,4.642789463710441,5032,5183,245,0,4938,5079,559335,94,0,0,94,104
2020-07-03,US,Delaware,Sussex,4847,175,0,38.66143781,-75.39031349,10005.0,2069.377735083787,3.610480709717351,4672,4779,175,0,4604,4690,229286,68,0,0,68,89
2020-07-03,US,Delaware,Unassigned,69,0,0,0.0,0.0,90010.0,0.0,0.0,69,53,0,0,53,42,,16,0,0,16,11
2020-07-03,US,District of Columbia,District of Columbia,10435,555,0,38.90417773,-77.01655992,11001.0,1478.5709933701642,5.318639195016772,9880,10390,554,0,9836,10365,702455,45,1,0,44,25
2020-07-03,US,Florida,Alachua,1423,12,0,29.67866525,-82.35928158,12001.0,528.9117352988184,0.8432888264230499,1411,1332,12,0,1320,1245,269956,91,0,0,91,87
2020-07-03,US,Florida,Baker,84,4,0,30.33060121,-82.28467476,12003.0,287.57274905854166,4.761904761904762,80,80,4,0,76,72,28355,4,0,0,4,8
2020-07-03,US,Florida,Bay,625,5,0,30.26548745,-85.62122584,12005.0,357.7459145416559,0.8,620,581,5,0,576,408,185287,44,0,0,44,173
2020-07-03,US,Florida,Bradford,92,2,0,29.95079741,-82.16611613,12007.0,326.2295663274352,2.1739130434782608,90,89,2,0,87,84,27732,3,0,0,3,5
2020-07-03,US,Florida,Brevard,2366,18,0,28.29409504,-80.73091022,12009.0,393.06112549049584,0.7607776838546071,2348,2180,17,0,2163,1962,596849,186,1,0,185,218
2020-07-03,US,Florida,Broward,18229,406,0,26.15184651,-80.48725556,12011.0,933.49064768243,2.2272203631576057,17823,17116,394,0,16722,16155,1951260,1113,12,0,1101,961
2020-07-03,US,Florida,Calhoun,97,6,0,30.40666734,-85.19394153,12013.0,687.6993973768167,6.185567010309278,91,85,6,0,79,77,14587,12,0,0,12,8
2020-07-03,US,Florida,Charlotte,860,76,0,26.90131002,-81.92949121,12015.0,455.24323752051237,8.837209302325583,784,836,76,0,760,793,184998,24,0,0,24,43
2020-07-03,US,Florida,Citrus,364,13,0,28.84804315,-82.47614748,12017.0,243.22283621882042,3.571428571428572,351,345,13,0,332,323,147929,19,0,0,19,22
2020-07-03,US,Florida,Clay,871,34,0,29.98319144,-81.85609986,12019.0,397.2597741411709,3.903559127439725,837,801,34,0,767,729,216072,70,0,0,70,72
2020-07-03,US,Florida,Collier,4701,85,0,26.11091986,-81.34687065,12021.0,1221.3498500917115,1.8081259306530528,4616,4539,82,0,4457,4376,378488,162,3,0,159,163
2020-07-03,US,Florida,Columbia,331,3,0,30.22509788,-82.62160164,12023.0,461.73590380269513,0.9063444108761328,328,316,3,0,313,296,70503,15,0,0,15,20
2020-07-03,US,Florida,DeSoto,676,10,0,27.18677893,-81.80941373,12027.0,1778.9005552485462,1.4792899408284024,666,661,10,0,651,634,37489,15,0,0,15,27
2020-07-03,US,Florida,Dixie,72,4,0,29.60631086,-83.15724673,12029.0,427.9091881611792,5.5555555555555545,68,69,4,0,65,69,16700,3,0,0,3,0
2020-07-03,US,Florida,Duval,7961,68,0,30.33225875,-81.66976468,12031.0,831.2146634577738,0.8541640497424947,7893,7247,68,0,7179,6480,950181,714,0,0,714,767
2020-07-03,US,Florida,Escambia,2397,46,0,30.67652764,-87.37284571,12033.0,753.0252956181907,1.9190654985398412,2351,2240,45,0,2195,2046,315534,157,1,0,156,194
2020-07-03,US,Florida,Flagler,359,5,0,29.45933576,-81.31508595,12035.0,311.95418878876615,1.3927576601671308,354,340,5,0,335,323,112067,19,0,0,19,17
2020-07-03,US,Florida,Franklin,11,0,0,29.83791238,-84.82731662,12037.0,90.72164948453607,0.0,11,9,0,0,9,6,11736,2,0,0,2,3
2020-07-03,US,Florida,Gadsden,428,7,0,30.57796289,-84.61915825,12039.0,937.3631187034604,1.6355140186915889,421,406,7,0,399,389,45894,22,0,0,22,17
2020-07-03,US,Florida,Gilchrist,109,0,0,29.72856978,-82.79880657,12041.0,586.5891723172962,0.0,109,106,0,0,106,102,18256,3,0,0,3,4
2020-07-03,US,Florida,Glades,172,1,0,26.95635849,-81.18996211,12043.0,1245.3841141119397,0.5813953488372093,171,167,1,0,166,164,13724,5,0,0,5,3
2020-07-03,US,Florida,Gulf,34,0,0,29.93543004,-85.24270990000002,12045.0,249.2851382066134,0.0,34,32,0,0,32,23,16164,2,0,0,2,9
2020-07-03,US,Florida,Hamilton,380,2,0,30.49673973,-82.94998918,12047.0,2633.7676739672856,0.5263157894736842,378,376,2,0,374,345,14310,4,0,0,4,31
2020-07-03,US,Florida,Hardee,496,3,0,27.49293939,-81.80956574,12049.0,1841.3334818279689,0.6048387096774194,493,468,3,0,465,440,27245,28,0,0,28,28
2020-07-03,US,Florida,Hendry,1021,27,0,26.55386945,-81.16469006,12051.0,2429.6796915901195,2.6444662095984333,994,993,25,0,968,980,41556,28,2,0,26,13
2020-07-03,US,Florida,Hernando,472,5,0,28.55364461,-82.42700204,12053.0,243.39933993399345,1.0593220338983051,467,451,5,0,446,408,190865,21,0,0,21,43
2020-07-03,US,Florida,Highlands,390,11,0,27.34254618,-81.34071957,12055.0,367.1590363487447,2.8205128205128207,379,372,11,0,361,365,105424,18,0,0,18,7
2020-07-03,US,Florida,Hillsborough,13044,148,0,27.9276559,-82.32013172,12057.0,886.1605687080155,1.134621281815394,12896,12376,145,0,12231,11465,1436888,668,3,0,665,911
2020-07-03,US,Florida,Holmes,196,0,0,30.86747479,-85.81319222,12059.0,999.1334047000051,0.0,196,191,0,0,191,181,19477,5,0,0,5,10
2020-07-03,US,Florida,Indian River,820,16,0,27.69308961,-80.60556721,12061.0,512.7467593779506,1.951219512195122,804,772,16,0,756,739,157413,48,0,0,48,33
2020-07-03,US,Florida,Jackson,394,2,0,30.795459700000002,-85.21500423,12063.0,848.8818029042961,0.5076142131979695,392,381,2,0,379,365,48305,13,0,0,13,16
2020-07-03,US,Florida,Jefferson,57,4,0,30.43669112,-83.89442308,12065.0,400.11231222799375,7.0175438596491215,53,57,4,0,53,51,14288,0,0,0,0,6
2020-07-03,US,Florida,Lafayette,34,0,0,29.98484137,-83.18166636,12067.0,403.7045832343861,0.0,34,33,0,0,33,32,8732,1,0,0,1,1
2020-07-03,US,Florida,Lake,1603,23,0,28.76202069,-81.7125123,12069.0,436.64434868352953,1.4348097317529631,1580,1508,23,0,1485,1410,356495,95,0,0,95,98
2020-07-03,US,Florida,Lee,6668,162,0,26.58410348,-81.88399313,12071.0,865.3255936785033,2.429514097180564,6506,6223,161,0,6062,5869,754610,445,1,0,444,354
2020-07-03,US,Florida,Leon,1466,8,0,30.45955727,-84.27491114,12073.0,499.3494151548802,0.5457025920873124,1458,1377,8,0,1369,1149,292502,89,0,0,89,228
2020-07-03,US,Florida,Levy,192,1,0,29.31829741,-82.74007147,12075.0,462.6171602052864,0.5208333333333334,191,182,1,0,181,181,40770,10,0,0,10,1
2020-07-03,US,Florida,Liberty,238,1,0,30.23766008,-84.8829258,12077.0,2848.934642087623,0.4201680672268908,237,230,1,0,229,222,8457,8,0,0,8,8
2020-07-03,US,Florida,Madison,220,3,0,30.44396917,-83.47398594,12079.0,1189.6393229870762,1.3636363636363635,217,218,3,0,215,200,18529,2,0,0,2,18
2020-07-03,US,Florida,Manatee,3261,131,0,27.47196942,-82.31831044,12081.0,808.6734630616513,4.0171726464274755,3130,3175,130,0,3045,3015,394855,86,1,0,85,160
2020-07-03,US,Florida,Marion,817,12,0,29.21227113,-82.05803627,12083.0,223.48110805051712,1.4687882496940023,805,789,10,0,779,727,359977,28,2,0,26,62
2020-07-03,US,Florida,Martin,2208,28,0,27.0772071,-80.43109784,12085.0,1371.4285714285713,1.2681159420289856,2180,2151,26,0,2125,2112,160912,57,2,0,55,39
2020-07-03,US,Florida,Miami-Dade,42311,1034,0,25.6112362,-80.55170587,12086.0,1557.3034369548095,2.443808938573893,41277,40265,1018,0,39247,37961,2761581,2046,16,0,2030,2304
2020-07-03,US,Florida,Monroe,322,5,0,25.20904673,-81.07812416,12087.0,433.79856657864957,1.5527950310559009,317,296,5,0,291,270,75027,26,0,0,26,26
2020-07-03,US,Florida,Nassau,253,1,0,30.61037141,-81.80297522,12089.0,285.47249647390686,0.3952569169960474,252,225,1,0,224,196,85832,28,0,0,28,29
2020-07-03,US,Florida,Okaloosa,820,8,0,30.69143028,-86.59267105,12091.0,389.108751150718,0.975609756097561,812,770,8,0,762,704,207269,50,0,0,50,66
2020-07-03,US,Florida,Okeechobee,402,0,0,27.386336199999995,-80.88944347,12093.0,953.3295389869096,0.0,402,390,0,0,390,383,41537,12,0,0,12,7
2020-07-03,US,Florida,Orange,12078,59,0,28.51367621,-81.31799498,12095.0,866.7682848063658,0.4884914720980295,12019,11458,59,0,11399,10874,1380645,620,0,0,620,584
2020-07-03,US,Florida,Osceola,2526,25,0,28.06312234,-81.14882926,12097.0,672.2536999236196,0.9897070467141726,2501,2349,26,0,2323,2164,367990,177,-1,0,178,185
2020-07-03,US,Florida,Palm Beach,15324,536,0,26.64676272,-80.46536002,12099.0,1023.8045925559703,3.497781258157139,14788,14859,523,0,14336,14447,1485941,465,13,0,452,412
2020-07-03,US,Florida,Pasco,2443,23,0,28.30810945,-82.40227529,12101.0,441.01692039130097,0.9414654113794516,2420,2274,22,0,2252,2133,539630,169,1,0,168,141
2020-07-03,US,Florida,Pinellas,7697,183,0,27.93130349,-82.72239666,12103.0,789.4391361605586,2.3775496946862416,7514,7249,180,0,7069,6861,975280,448,3,0,445,388
2020-07-03,US,Florida,Polk,4660,105,0,27.95027105,-81.69732947,12105.0,642.9563852053805,2.253218884120172,4555,4327,102,0,4225,4048,708009,333,3,0,330,279
2020-07-03,US,Florida,Putnam,489,6,0,29.60779729,-81.74230285,12107.0,656.1908723715462,1.2269938650306749,483,433,6,0,427,381,74163,56,0,0,56,52
2020-07-03,US,Florida,Santa Rosa,743,9,0,30.69341450000001,-87.02458128,12113.0,403.1186080200528,1.2113055181695829,734,676,9,0,667,617,179349,67,0,0,67,59
2020-07-03,US,Florida,Sarasota,1814,98,0,27.18546175,-82.33174248,12115.0,418.22097006976486,5.402425578831312,1716,1707,98,0,1609,1601,426718,107,0,0,107,106
2020-07-03,US,Florida,Seminole,2987,20,0,28.7158582,-81.24060348,12117.0,633.0723614213714,0.6695681285570807,2967,2837,17,0,2820,2682,467832,150,3,0,147,155
2020-07-03,US,Florida,St. Johns,1188,8,0,29.90096506,-81.43589967,12109.0,448.8574537540805,0.6734006734006734,1180,1088,8,0,1080,989,254261,100,0,0,100,99
2020-07-03,US,Florida,St. Lucie,1983,50,0,27.37763908,-80.47106649,12111.0,604.026232344493,2.5214321734745337,1933,1876,49,0,1827,1812,321128,107,1,0,106,64
2020-07-03,US,Florida,Sumter,401,17,0,28.70181754,-82.0794267,12119.0,302.82434677541164,4.239401496259352,384,387,17,0,370,368,128754,14,0,0,14,19
2020-07-03,US,Florida,Suwannee,581,21,0,30.19746066,-82.99099670000003,12121.0,1308.0577256455858,3.614457831325301,560,561,21,0,540,532,44191,20,0,0,20,29
2020-07-03,US,Florida,Taylor,91,1,0,30.04848048,-83.60445406,12123.0,421.9018035143029,1.0989010989010992,90,85,1,0,84,80,21623,6,0,0,6,5
2020-07-03,US,Florida,Unassigned,187,0,0,0.0,0.0,90012.0,0.0,0.0,187,172,0,0,172,167,,15,0,0,15,5
2020-07-03,US,Florida,Union,74,2,0,30.04412971,-82.37497443,12125.0,485.6599068058017,2.702702702702702,72,71,2,0,69,62,14940,3,0,0,3,9
2020-07-03,US,Florida,Volusia,2496,58,0,29.05858895,-81.18263252,12127.0,451.12455809313116,2.323717948717949,2438,2372,58,0,2314,2219,547538,124,0,0,124,153
2020-07-03,US,Florida,Wakulla,72,1,0,30.16548905,-84.39895211,12129.0,213.40288686683067,1.3888888888888888,71,71,1,0,70,65,32461,1,0,0,1,6
2020-07-03,US,Florida,Walton,295,9,0,30.64204028,-86.16935664,12131.0,398.26652806091454,3.0508474576271185,286,291,9,0,282,257,71375,4,0,0,4,34
2020-07-03,US,Florida,Washington,118,13,0,30.61359259,-85.66002461,12133.0,463.2355827739175,11.016949152542374,105,117,13,0,104,112,24880,1,0,0,1,5
2020-07-03,US,Georgia,Appling,274,14,0,31.74847232,-82.28909114,13001.0,1490.2643315566193,5.109489051094892,260,266,14,0,252,260,18507,8,0,0,8,6
2020-07-03,US,Georgia,Atkinson,158,2,0,31.29633502,-82.87545866,13003.0,1935.0887936313532,1.2658227848101269,156,155,2,0,153,152,8297,3,0,0,3,3
2020-07-03,US,Georgia,Bacon,274,4,0,31.55456473,-82.45936528,13005.0,2454.317448943031,1.45985401459854,270,254,4,0,250,244,11185,20,0,0,20,10
2020-07-03,US,Georgia,Baker,43,3,0,31.32669878,-84.44218806,13007.0,1415.4048716260697,6.9767441860465125,40,43,3,0,40,43,3092,0,0,0,0,0
2020-07-03,US,Georgia,Baldwin,554,34,0,33.06882326,-83.24701748,13009.0,1234.1278681220765,6.137184115523466,520,543,34,0,509,517,44823,11,0,0,11,26
2020-07-03,US,Georgia,Banks,141,1,0,34.35607081,-83.49644388,13011.0,733.0768430903609,0.7092198581560284,140,140,1,0,139,138,18988,1,0,0,1,2
2020-07-03,US,Georgia,Barrow,531,25,0,33.99148694,-83.71436292,13013.0,637.9144641999037,4.708097928436913,506,523,25,0,498,532,80809,8,0,0,8,-9
2020-07-03,US,Georgia,Bartow,746,42,0,34.23732119,-84.83887523,13015.0,692.4205015871837,5.630026809651475,704,727,42,0,685,714,106408,19,0,0,19,13
2020-07-03,US,Georgia,Ben Hill,183,1,0,31.76095874,-83.22145359,13017.0,1095.8083832335328,0.5464480874316939,182,174,1,0,173,168,16787,9,0,0,9,6
2020-07-03,US,Georgia,Berrien,127,0,0,31.27590016,-83.22529920000002,13019.0,654.7404237768728,0.0,127,121,0,0,121,119,19252,6,0,0,6,2
2020-07-03,US,Georgia,Bibb,1036,41,0,32.80904227,-83.70489165,13021.0,676.4212354481291,3.957528957528957,995,969,41,0,928,922,153095,67,0,0,67,47
2020-07-03,US,Georgia,Bleckley,67,1,0,32.43829035,-83.33035166,13023.0,520.4691990988891,1.492537313432836,66,64,1,0,63,62,12838,3,0,0,3,2
2020-07-03,US,Georgia,Brantley,104,3,0,31.19576557,-81.97743999,13025.0,544.2461667277199,2.8846153846153846,101,99,3,0,96,96,18897,5,0,0,5,3
2020-07-03,US,Georgia,Brooks,163,11,0,30.83922642,-83.58303423,13027.0,1054.5383968428544,6.7484662576687136,152,158,11,0,147,158,15513,5,0,0,5,0
2020-07-03,US,Georgia,Bryan,147,5,0,32.00979311,-81.44002948,13029.0,370.95919448860633,3.4013605442176873,142,142,5,0,137,134,38109,5,0,0,5,8
2020-07-03,US,Georgia,Bulloch,465,4,0,32.39577406,-81.74811421,13031.0,584.1121495327103,0.8602150537634409,461,411,4,0,407,391,77296,54,0,0,54,20
2020-07-03,US,Georgia,Burke,150,7,0,33.05917989,-81.99928721,13033.0,670.1514542286558,4.666666666666667,143,146,7,0,139,146,22423,4,0,0,4,0
2020-07-03,US,Georgia,Butts,288,33,0,33.283094500000004,-83.95435040000002,13035.0,1154.956689124158,11.458333333333336,255,280,33,0,247,276,24193,8,0,0,8,4
2020-07-03,US,Georgia,Calhoun,165,6,0,31.53169785,-84.62725131,13037.0,2666.020358700921,3.636363636363636,159,163,6,0,157,163,6352,2,0,0,2,0
2020-07-03,US,Georgia,Camden,170,2,0,30.92951916,-81.66601818,13039.0,310.9794021878316,1.1764705882352942,168,147,2,0,145,135,53677,23,0,0,23,12
2020-07-03,US,Georgia,Candler,57,0,0,32.40209349,-82.07702563,13043.0,527.6312135517911,0.0,57,46,0,0,46,43,10836,11,0,0,11,3
2020-07-03,US,Georgia,Carroll,770,40,0,33.58138199,-85.07976677,13045.0,641.7094472964865,5.194805194805196,730,741,40,0,701,730,118121,29,0,0,29,11
2020-07-03,US,Georgia,Catoosa,321,8,0,34.89872298,-85.13757014,13047.0,474.9926013613495,2.4922118380062304,313,319,8,0,311,314,67420,2,0,0,2,5
2020-07-03,US,Georgia,Charlton,61,2,0,30.78371028,-82.13951596,13049.0,455.4958183990442,3.278688524590164,59,58,2,0,56,56,12968,3,0,0,3,2
2020-07-03,US,Georgia,Chatham,1647,37,0,32.00043026,-81.12489526,13051.0,569.0495111080403,2.246508803885853,1610,1505,37,0,1468,1379,289195,142,0,0,142,126
2020-07-03,US,Georgia,Chattahoochee,426,0,0,32.34341231,-84.78809239,13053.0,3905.7486018153477,0.0,426,421,0,0,421,413,10684,5,0,0,5,8
2020-07-03,US,Georgia,Chattooga,67,2,0,34.47197698,-85.34535662,13055.0,270.2811731009722,2.985074626865672,65,63,2,0,61,62,24790,4,0,0,4,1
2020-07-03,US,Georgia,Cherokee,1399,44,0,34.24393976,-84.47431861,13057.0,540.6282726559572,3.1451036454610435,1355,1368,44,0,1324,1348,254149,31,0,0,31,20
2020-07-03,US,Georgia,Clarke,661,15,0,33.95436462,-83.37124007,13059.0,515.0743000522087,2.26928895612708,646,607,15,0,592,574,127330,54,0,0,54,33
2020-07-03,US,Georgia,Clay,56,2,0,31.62221166,-84.97713865,13061.0,1976.0056457304165,3.571428571428572,54,56,2,0,54,57,2887,0,0,0,0,-1
2020-07-03,US,Georgia,Clayton,2181,79,0,33.54187245,-84.35594188,13063.0,746.2635497645897,3.622191655204035,2102,2076,79,0,1997,2002,289615,105,0,0,105,74
2020-07-03,US,Georgia,Clinch,110,3,0,30.91395822,-82.70432472,13065.0,1662.1335750982169,2.727272727272727,107,108,3,0,105,108,6648,2,0,0,2,0
2020-07-03,US,Georgia,Cobb,5507,245,0,33.94243204,-84.5761255,13067.0,724.4708547493162,4.448883239513346,5262,5301,245,0,5056,5081,756865,206,0,0,206,220
2020-07-03,US,Georgia,Coffee,597,17,0,31.54892966,-82.85492059999999,13069.0,1379.613153698611,2.847571189279732,580,580,17,0,563,564,43093,17,0,0,17,16
2020-07-03,US,Georgia,Colquitt,1050,18,0,31.18810588,-83.7677946,13071.0,2302.6315789473683,1.7142857142857142,1032,1016,18,0,998,992,45592,34,0,0,34,24
2020-07-03,US,Georgia,Columbia,565,9,0,33.54534185,-82.263524,13073.0,360.52937197697713,1.5929203539823011,556,531,9,0,522,505,154291,34,0,0,34,26
2020-07-03,US,Georgia,Cook,156,2,0,31.16068491,-83.42947229,13075.0,903.3005211349159,1.2820512820512822,154,148,1,0,147,147,17162,8,1,0,7,1
2020-07-03,US,Georgia,Coweta,754,16,0,33.35334302,-84.76129976,13077.0,507.7133372388205,2.122015915119364,738,708,16,0,692,684,145864,46,0,0,46,24
2020-07-03,US,Georgia,Crawford,50,0,0,32.71391813,-83.98061238,13079.0,403.0957755562722,0.0,50,49,0,0,49,45,12318,1,0,0,1,4
2020-07-03,US,Georgia,Crisp,278,12,0,31.92289565,-83.76811843,13081.0,1242.6247094582511,4.316546762589929,266,276,12,0,264,274,22601,2,0,0,2,2
2020-07-03,US,Georgia,Dade,74,1,0,34.854916700000004,-85.50490424,13083.0,459.1710101762224,1.351351351351351,73,68,1,0,67,67,16226,6,0,0,6,1
2020-07-03,US,Georgia,Dawson,148,3,0,34.44244079,-84.16964071,13085.0,566.8760533169909,2.0270270270270268,145,146,3,0,143,144,25083,2,0,0,2,2
2020-07-03,US,Georgia,DeKalb,6381,173,0,33.76944049,-84.22396017,13089.0,840.3826170786923,2.7111737972104684,6208,6172,173,0,5999,5959,756558,209,0,0,209,213
2020-07-03,US,Georgia,Decatur,262,8,0,30.87967778,-84.57619536,13087.0,992.2738978942584,3.053435114503817,254,261,8,0,253,253,26575,1,0,0,1,8
2020-07-03,US,Georgia,Dodge,113,2,0,32.17265114,-83.16948926,13091.0,548.4105799563214,1.7699115044247788,111,107,2,0,105,104,20705,6,0,0,6,3
2020-07-03,US,Georgia,Dooly,211,12,0,32.15630737,-83.79746561,13093.0,1575.8028379387604,5.6872037914691935,199,210,12,0,198,210,13706,1,0,0,1,0
2020-07-03,US,Georgia,Dougherty,1939,155,0,31.53328528,-84.21722377,13095.0,2204.511346582382,7.993811242908716,1784,1922,155,0,1767,1914,91243,17,0,0,17,8
2020-07-03,US,Georgia,Douglas,1041,36,0,33.70291126,-84.77026156,13097.0,711.3425309034254,3.4582132564841497,1005,1021,36,0,985,971,145331,20,0,0,20,50
2020-07-03,US,Georgia,Early,273,31,0,31.32155345,-84.90255207,13099.0,2679.09715407262,11.355311355311356,242,267,31,0,236,264,10247,6,0,0,6,3
2020-07-03,US,Georgia,Echols,185,0,0,30.71101099,-82.89687287,13101.0,4618.072890664004,0.0,185,185,0,0,185,185,4000,0,0,0,0,0
2020-07-03,US,Georgia,Effingham,175,1,0,32.36616021,-81.34280942,13103.0,272.1786736344407,0.5714285714285714,174,163,1,0,162,148,62190,12,0,0,12,15
2020-07-03,US,Georgia,Elbert,110,0,0,34.11302332,-82.83936148,13105.0,573.0957590913828,0.0,110,108,0,0,108,106,19120,2,0,0,2,2
2020-07-03,US,Georgia,Emanuel,130,3,0,32.59221302,-82.30239915,13107.0,574.052812858783,2.3076923076923075,127,120,3,0,117,118,22612,10,0,0,10,2
2020-07-03,US,Georgia,Evans,30,0,0,32.15328841,-81.8870105,13109.0,281.58438145297544,0.0,30,28,0,0,28,25,10721,2,0,0,2,3
2020-07-03,US,Georgia,Fannin,104,1,0,34.86430205,-84.316964,13111.0,397.1284557812739,0.9615384615384616,103,101,1,0,100,101,25964,3,0,0,3,0
2020-07-03,US,Georgia,Fayette,384,19,0,33.41357794,-84.49089434,13113.0,335.6027302680452,4.947916666666667,365,363,19,0,344,346,113459,21,0,0,21,17
2020-07-03,US,Georgia,Floyd,582,15,0,34.26268279,-85.21577392,13115.0,590.8749416231801,2.5773195876288657,567,552,15,0,537,539,97927,30,0,0,30,13
2020-07-03,US,Georgia,Forsyth,903,15,0,34.22604035,-84.12315129999998,13117.0,369.70014575110946,1.6611295681063123,888,871,15,0,856,851,236612,32,0,0,32,20
2020-07-03,US,Georgia,Franklin,201,1,0,34.37525597,-83.23159927,13119.0,860.8505717589618,0.4975124378109453,200,198,1,0,197,197,23023,3,0,0,3,1
2020-07-03,US,Georgia,Fulton,7913,314,0,33.79216944,-84.46319413,13121.0,743.7470451727875,3.968153671174017,7599,7527,314,0,7213,7277,1050114,386,0,0,386,250
2020-07-03,US,Georgia,Gilmer,193,2,0,34.69316688,-84.45802506,13123.0,615.2571009595459,1.0362694300518134,191,191,2,0,189,189,30816,2,0,0,2,2
2020-07-03,US,Georgia,Glascock,10,0,0,33.22879932,-82.61297636,13125.0,336.5870077415012,0.0,10,8,0,0,8,7,2995,2,0,0,2,1
2020-07-03,US,Georgia,Glynn,1040,6,0,31.23279254,-81.53811412,13127.0,1219.340618111898,0.5769230769230769,1034,972,6,0,966,839,85219,68,0,0,68,133
2020-07-03,US,Georgia,Gordon,429,18,0,34.50487351,-84.87296253,13129.0,740.1273226023498,4.195804195804196,411,411,18,0,393,399,57685,18,0,0,18,12
2020-07-03,US,Georgia,Grady,219,4,0,30.87454847,-84.23418364,13131.0,889.0512726829863,1.8264840182648399,215,211,4,0,207,208,24748,8,0,0,8,3
2020-07-03,US,Georgia,Greene,101,9,0,33.5769205,-83.17139104,13133.0,551.1896965728007,8.910891089108912,92,98,9,0,89,98,17698,3,0,0,3,0
2020-07-03,US,Georgia,Gwinnett,9085,173,0,33.96044201,-84.02137802,13135.0,970.3604806408543,1.9042377545404512,8912,8619,173,0,8446,8362,927781,466,0,0,466,257
2020-07-03,US,Georgia,Habersham,710,36,0,34.63331566,-83.53094677,13137.0,1566.3607483233322,5.070422535211269,674,705,36,0,669,699,45388,5,0,0,5,6
2020-07-03,US,Georgia,Hall,3357,60,0,34.32207823,-83.81896936,13139.0,1642.0385343448722,1.7873100983020551,3297,3310,60,0,3250,3252,202148,47,0,0,47,58
2020-07-03,US,Georgia,Hancock,219,32,0,33.2721566,-82.99766919,13141.0,2589.5707697765165,14.611872146118719,187,217,32,0,185,217,8348,2,0,0,2,0
2020-07-03,US,Georgia,Haralson,83,5,0,33.79602175,-85.21005667,13143.0,278.59828141783026,6.024096385542169,78,79,5,0,74,76,29533,4,0,0,4,3
2020-07-03,US,Georgia,Harris,359,10,0,32.73709786,-84.90538572,13145.0,1018.8443637189238,2.7855153203342615,349,341,9,0,332,336,34475,18,1,0,17,5
2020-07-03,US,Georgia,Hart,69,0,0,34.34626973,-82.96567682,13147.0,263.3085289066972,0.0,69,67,0,0,67,60,26099,2,0,0,2,7
2020-07-03,US,Georgia,Heard,57,3,0,33.29686567,-85.12886832,13149.0,478.06760043613184,5.2631578947368425,54,54,3,0,51,51,11879,3,0,0,3,3
2020-07-03,US,Georgia,Henry,1369,33,0,33.4533428,-84.14814659999998,13151.0,583.6434871952285,2.4105186267348433,1336,1285,33,0,1252,1243,230220,84,0,0,84,42
2020-07-03,US,Georgia,Houston,723,24,0,32.45802497,-83.66879087,13153.0,457.9920564033371,3.319502074688797,699,688,24,0,664,652,155469,35,0,0,35,36
2020-07-03,US,Georgia,Irwin,69,1,0,31.60213036,-83.27501387,13155.0,732.7952421410365,1.4492753623188406,68,65,1,0,64,64,9398,4,0,0,4,1
2020-07-03,US,Georgia,Jackson,411,10,0,34.13794553,-83.56814788,13157.0,563.1911424147335,2.4330900243309004,401,391,10,0,381,390,70422,20,0,0,20,1
2020-07-03,US,Georgia,Jasper,76,1,0,33.31535543,-83.68844964,13159.0,534.4960967719248,1.3157894736842106,75,69,1,0,68,69,14040,7,0,0,7,0
2020-07-03,US,Georgia,Jeff Davis,120,3,0,31.80405727,-82.63724870000001,13161.0,793.9133311280185,2.5,117,114,3,0,111,112,15029,6,0,0,6,2
2020-07-03,US,Georgia,Jefferson,128,1,0,33.05867328,-82.41609057,13163.0,833.2248405155577,0.78125,127,117,1,0,116,109,15430,11,0,0,11,8
2020-07-03,US,Georgia,Jenkins,120,12,0,32.79248718,-81.96040187,13165.0,1383.1258644536654,10.0,108,117,12,0,105,109,8683,3,0,0,3,8
2020-07-03,US,Georgia,Johnson,100,2,0,32.70211082,-82.66166794,13167.0,1037.0216737529815,2.0,98,92,2,0,90,90,9708,8,0,0,8,2
2020-07-03,US,Georgia,Jones,98,0,0,33.02512137,-83.56019163,13169.0,341.047503045067,0.0,98,95,0,0,95,77,28616,3,0,0,3,18
2020-07-03,US,Georgia,Lamar,128,6,0,33.07841647,-84.14263877,13171.0,670.9650364313047,4.6875,122,125,6,0,119,121,19000,3,0,0,3,4
2020-07-03,US,Georgia,Lanier,145,3,0,31.03828570000001,-83.06472457,13173.0,1391.1541782596182,2.0689655172413794,142,145,3,0,142,137,10340,0,0,0,0,8
2020-07-03,US,Georgia,Laurens,209,1,0,32.46325233,-82.92221316,13175.0,439.5743069869178,0.4784688995215311,208,202,1,0,201,177,47325,7,0,0,7,25
2020-07-03,US,Georgia,Lee,397,22,0,31.779330600000005,-84.14324253,13177.0,1323.686316351027,5.541561712846347,375,393,22,0,371,390,29764,4,0,0,4,3
2020-07-03,US,Georgia,Liberty,139,1,0,31.82588896,-81.49251135,13179.0,226.25539187759412,0.7194244604316546,138,131,1,0,130,127,61497,8,0,0,8,4
2020-07-03,US,Georgia,Lincoln,41,1,0,33.79201475,-82.45024131,13181.0,517.6114127004166,2.4390243902439024,40,40,1,0,39,38,7915,1,0,0,1,2
2020-07-03,US,Georgia,Long,51,1,0,31.75218791,-81.74952375,13183.0,260.7495270719362,1.96078431372549,50,51,1,0,50,46,18998,0,0,0,0,5
2020-07-03,US,Georgia,Lowndes,1305,12,0,30.83568832,-83.27056716,13185.0,1111.527519888251,0.9195402298850576,1293,1263,12,0,1251,1237,116321,42,0,0,42,26
2020-07-03,US,Georgia,Lumpkin,145,3,0,34.57286511,-84.00425681,13187.0,431.4192204700982,2.0689655172413794,142,142,3,0,139,140,32955,3,0,0,3,2
2020-07-03,US,Georgia,Macon,119,9,0,32.35207048,-84.04234127,13193.0,919.1318452151078,7.563025210084032,110,118,9,0,109,116,13143,1,0,0,1,2
2020-07-03,US,Georgia,Madison,108,4,0,34.12920917,-83.21218732,13195.0,361.4457831325302,3.703703703703704,104,103,4,0,99,101,29650,5,0,0,5,2
2020-07-03,US,Georgia,Marion,86,2,0,32.3483402,-84.52733571,13197.0,1028.8311999042946,2.3255813953488373,84,83,2,0,81,82,8351,3,0,0,3,1
2020-07-03,US,Georgia,McDuffie,114,7,0,33.47851918,-82.48252774,13189.0,534.9099099099099,6.140350877192982,107,102,7,0,95,101,21531,12,0,0,12,1
2020-07-03,US,Georgia,McIntosh,55,1,0,31.49683595,-81.40163426,13191.0,382.52886354152184,1.818181818181818,54,48,1,0,47,43,14340,7,0,0,7,5
2020-07-03,US,Georgia,Meriwether,204,3,0,33.04163534,-84.68859732,13199.0,963.7643501677139,1.4705882352941178,201,195,3,0,192,187,21068,9,0,0,9,8
2020-07-03,US,Georgia,Miller,50,0,0,31.16568912,-84.73151117,13201.0,874.4316194473594,0.0,50,49,0,0,49,49,5686,1,0,0,1,0
2020-07-03,US,Georgia,Mitchell,452,38,0,31.22483255,-84.19381821,13205.0,2067.419841741756,8.407079646017701,414,451,38,0,413,451,22192,1,0,0,1,0
2020-07-03,US,Georgia,Monroe,188,18,0,33.014289,-83.92097166,13207.0,681.702806584959,9.574468085106382,170,170,18,0,152,165,27520,18,0,0,18,5
2020-07-03,US,Georgia,Montgomery,33,0,0,32.17201038,-82.53527476,13209.0,359.7906672481465,0.0,33,32,0,0,32,32,9193,1,0,0,1,0
2020-07-03,US,Georgia,Morgan,64,0,0,33.59232073,-83.49129491,13211.0,332.0190910977381,0.0,64,54,0,0,54,52,18853,10,0,0,10,2
2020-07-03,US,Georgia,Murray,232,2,0,34.78897608,-84.74993177,13213.0,578.6113328012773,0.8620689655172413,230,229,2,0,227,222,39921,3,0,0,3,7
2020-07-03,US,Georgia,Muscogee,1943,52,0,32.50931999,-84.87142262,13215.0,992.4962583452948,2.676273803396809,1891,1833,50,0,1783,1741,194160,110,2,0,108,92
2020-07-03,US,Georgia,Newton,673,12,0,33.55514538,-83.84547140000002,13217.0,602.2694730813288,1.7830609212481427,661,644,11,0,633,616,109541,29,1,0,28,28
2020-07-03,US,Georgia,Oconee,171,10,0,33.83749973,-83.43679568,13219.0,424.5283018867925,5.847953216374268,161,161,10,0,151,159,39272,10,0,0,10,2
2020-07-03,US,Georgia,Oglethorpe,95,7,0,33.878629600000004,-83.08278123,13221.0,622.5833934071695,7.36842105263158,88,91,7,0,84,91,15054,4,0,0,4,0
2020-07-03,US,Georgia,Out of GA,5414,48,0,0.0,0.0,80013.0,0.0,0.8865903213889915,5366,5234,48,0,5186,4648,,180,0,0,180,586
2020-07-03,US,Georgia,Paulding,659,16,0,33.91969522,-84.86848792,13223.0,390.7106902950785,2.427921092564492,643,638,16,0,622,627,164044,21,0,0,21,11
2020-07-03,US,Georgia,Peach,115,9,0,32.56934316,-83.82937,13225.0,417.48348217527047,7.826086956521738,106,113,9,0,104,107,27297,2,0,0,2,6
2020-07-03,US,Georgia,Pickens,97,5,0,34.46589159,-84.46406611,13227.0,297.62817955877387,5.154639175257731,92,95,5,0,90,95,31980,2,0,0,2,0
2020-07-03,US,Georgia,Pierce,187,5,0,31.35928155,-82.21598442,13229.0,960.6986899563319,2.6737967914438503,182,181,5,0,176,174,19389,6,0,0,6,7
2020-07-03,US,Georgia,Pike,97,3,0,33.09310242,-84.38790389,13231.0,511.54941461871107,3.0927835051546397,94,91,3,0,88,90,18634,6,0,0,6,1
2020-07-03,US,Georgia,Polk,224,1,0,34.00267074,-85.18677781,13233.0,525.6611832070025,0.44642857142857145,223,209,1,0,208,208,42470,15,0,0,15,1
2020-07-03,US,Georgia,Pulaski,51,2,0,32.23334561,-83.47549959999998,13235.0,457.93301607255097,3.92156862745098,49,51,2,0,49,50,11069,0,0,0,0,1
2020-07-03,US,Georgia,Putnam,165,12,0,33.32056115,-83.37552891,13237.0,745.9650074596501,7.272727272727272,153,160,12,0,148,157,21809,5,0,0,5,3
2020-07-03,US,Georgia,Quitman,17,1,0,31.86728114,-85.01773177,13239.0,739.4519356241844,5.882352941176472,16,17,1,0,16,17,2279,0,0,0,0,0
2020-07-03,US,Georgia,Rabun,53,3,0,34.88389445,-83.40304637,13241.0,309.27233471436074,5.660377358490566,50,50,3,0,47,45,16867,3,0,0,3,5
2020-07-03,US,Georgia,Randolph,201,25,0,31.76622818,-84.75732369,13243.0,2965.4765417527296,12.437810945273633,176,200,25,0,175,200,6833,1,0,0,1,0
2020-07-03,US,Georgia,Richmond,1141,54,0,33.35777107,-82.07026432,13245.0,563.4067095270542,4.732690622261174,1087,1041,53,0,988,1012,201554,100,1,0,99,29
2020-07-03,US,Georgia,Rockdale,521,11,0,33.65145002,-84.02202167,13247.0,573.1825382855131,2.111324376199616,510,495,11,0,484,471,90594,26,0,0,26,24
2020-07-03,US,Georgia,Schley,25,1,0,32.2654021,-84.31258912,13249.0,475.5564009891573,4.0,24,25,1,0,24,25,5236,0,0,0,0,0
2020-07-03,US,Georgia,Screven,97,7,0,32.74976524,-81.60779441,13251.0,694.5438923098955,7.216494845360825,90,95,7,0,88,93,13938,2,0,0,2,2
2020-07-03,US,Georgia,Seminole,51,2,0,30.93464824,-84.86823924,13253.0,630.4079110012361,3.92156862745098,49,50,2,0,48,51,8315,1,0,0,1,-1
2020-07-03,US,Georgia,Spalding,444,32,0,33.26310031,-84.28013991,13255.0,665.6372277108976,7.207207207207206,412,441,32,0,409,425,66100,3,0,0,3,16
2020-07-03,US,Georgia,Stephens,253,6,0,34.55151201,-83.29405315,13257.0,975.8919961427192,2.3715415019762847,247,240,6,0,234,234,26035,13,0,0,13,6
2020-07-03,US,Georgia,Stewart,177,3,0,32.07996777,-84.83208037,13259.0,2673.3121884911648,1.6949152542372878,174,135,3,0,132,129,6199,42,0,0,42,6
2020-07-03,US,Georgia,Sumter,565,50,0,32.03650571,-84.19821492,13261.0,1913.6973309849614,8.849557522123892,515,562,50,0,512,557,29733,3,0,0,3,5
2020-07-03,US,Georgia,Talbot,80,3,0,32.69642758,-84.53351366,13263.0,1291.36400322841,3.75,77,78,3,0,75,73,6272,2,0,0,2,5
2020-07-03,US,Georgia,Taliaferro,2,0,0,33.56543317,-82.88136816,13265.0,130.1236174365647,0.0,2,2,0,0,2,2,1608,0,0,0,0,0
2020-07-03,US,Georgia,Tattnall,148,0,0,32.04785085,-82.05539188,13267.0,585.3041208573915,0.0,148,142,0,0,142,141,25391,6,0,0,6,1
2020-07-03,US,Georgia,Taylor,30,2,0,32.55792548,-84.25077141,13269.0,374.0648379052369,6.666666666666668,28,29,2,0,27,28,8039,1,0,0,1,1
2020-07-03,US,Georgia,Telfair,125,3,0,31.92829517,-82.93491155,13271.0,788.1462799495587,2.4,122,119,3,0,116,120,15876,6,0,0,6,-1
2020-07-03,US,Georgia,Terrell,231,27,0,31.77527543,-84.44069698,13273.0,2707.771656312273,11.688311688311687,204,228,27,0,201,227,8611,3,0,0,3,1
2020-07-03,US,Georgia,Thomas,483,32,0,30.86392347,-83.91847289,13275.0,1086.5897280151178,6.625258799171842,451,468,32,0,436,459,44448,15,0,0,15,9
2020-07-03,US,Georgia,Tift,798,26,0,31.45743864,-83.5236119,13277.0,1963.3894301741955,3.2581453634085213,772,767,26,0,741,754,40571,31,0,0,31,13
2020-07-03,US,Georgia,Toombs,264,5,0,32.12059861,-82.32957247,13279.0,983.9731643682443,1.893939393939394,259,256,5,0,251,254,26887,8,0,0,8,2
2020-07-03,US,Georgia,Towns,45,1,0,34.91369188,-83.74107459999998,13281.0,373.8473041455512,2.2222222222222223,44,45,1,0,44,45,11852,0,0,0,0,0
2020-07-03,US,Georgia,Treutlen,28,1,0,32.40422134,-82.56904553,13283.0,405.73829879727583,3.571428571428572,27,27,1,0,26,23,6809,1,0,0,1,4
2020-07-03,US,Georgia,Troup,1549,35,0,33.03349196,-85.02812115,13285.0,2215.325648579846,2.2595222724338284,1514,1516,35,0,1481,1464,70034,33,0,0,33,52
2020-07-03,US,Georgia,Turner,178,16,0,31.71612656,-83.62069378,13287.0,2229.179711959925,8.98876404494382,162,177,16,0,161,177,7912,1,0,0,1,0
2020-07-03,US,Georgia,Twiggs,26,1,0,32.67435595,-83.43078662,13289.0,320.1970443349754,3.8461538461538463,25,26,1,0,25,27,8188,0,0,0,0,-1
2020-07-03,US,Georgia,Unassigned,1992,2,0,0.0,0.0,90013.0,0.0,0.1004016064257028,1990,2764,2,0,2762,2395,,-772,0,0,-772,369
2020-07-03,US,Georgia,Union,76,3,0,34.82995757,-83.98967069,13291.0,310.06486883440084,3.947368421052632,73,75,3,0,72,76,24001,1,0,0,1,-1
2020-07-03,US,Georgia,Upson,374,43,0,32.87920671,-84.30024826,13293.0,1420.9726443768998,11.497326203208553,331,369,43,0,326,363,26215,5,0,0,5,6
2020-07-03,US,Georgia,Walker,337,12,0,34.73376362,-85.30165174,13295.0,483.0779375295653,3.560830860534125,325,330,12,0,318,325,69410,7,0,0,7,5
2020-07-03,US,Georgia,Walton,442,28,0,33.78017694,-83.73552314,13297.0,467.26501961033057,6.334841628959277,414,427,28,0,399,417,93503,15,0,0,15,10
2020-07-03,US,Georgia,Ware,500,16,0,31.05449097,-82.42224148,13299.0,1399.2276263502552,3.2,484,459,16,0,443,448,35680,41,0,0,41,11
2020-07-03,US,Georgia,Warren,25,0,0,33.41146451,-82.67795848,13301.0,475.82794061667295,0.0,25,23,0,0,23,23,5251,2,0,0,2,0
2020-07-03,US,Georgia,Washington,130,1,0,32.96711864,-82.79357039,13303.0,638.068126042996,0.7692307692307693,129,126,1,0,125,110,20386,4,0,0,4,16
2020-07-03,US,Georgia,Wayne,90,0,0,31.5521809,-81.91894878,13305.0,300.731780666288,0.0,90,81,0,0,81,77,29808,9,0,0,9,4
2020-07-03,US,Georgia,Webster,23,2,0,32.04066113,-84.54742852,13307.0,882.2401227464519,8.695652173913043,21,23,2,0,21,22,2611,0,0,0,0,1
2020-07-03,US,Georgia,Wheeler,53,0,0,32.12009104,-82.72574721,13309.0,674.7294716740929,0.0,53,53,0,0,53,49,7879,0,0,0,0,4
2020-07-03,US,Georgia,White,147,4,0,34.64624278,-83.74905525,13311.0,477.3037210208455,2.7210884353741496,143,145,4,0,141,143,29970,2,0,0,2,2
2020-07-03,US,Georgia,Whitfield,1218,12,0,34.80987459,-84.96093476,13313.0,1164.1243261841955,0.9852216748768472,1206,1181,10,0,1171,1152,104062,37,2,0,35,29
2020-07-03,US,Georgia,Wilcox,131,15,0,31.97496928,-83.43438555,13315.0,1517.0816444701795,11.450381679389313,116,131,15,0,116,127,8812,0,0,0,0,4
2020-07-03,US,Georgia,Wilkes,61,1,0,33.78290391,-82.74286107,13317.0,623.9132658279636,1.639344262295082,60,59,1,0,58,57,9876,2,0,0,2,2
2020-07-03,US,Georgia,Wilkinson,79,8,0,32.80291082,-83.17140684,13319.0,882.2872459236096,10.126582278481012,71,78,8,0,70,76,9036,1,0,0,1,2
2020-07-03,US,Georgia,Worth,324,22,0,31.55162306,-83.85090513,13321.0,1600.2370721588386,6.790123456790122,302,319,22,0,297,317,20299,5,0,0,5,2
2020-07-03,US,Hawaii,Hawaii,91,0,0,19.60121157,-155.5210167,15001.0,45.158376878911035,0.0,91,90,0,0,90,87,200983,1,0,0,1,3
2020-07-03,US,Hawaii,Honolulu,701,13,0,21.45803166,-157.97121819999995,15003.0,71.92967514670678,1.854493580599144,688,676,12,0,664,659,980080,25,1,0,24,17
2020-07-03,US,Hawaii,Kauai,38,0,0,22.03935037,-159.5966786,15007.0,52.563872020804226,0.0,38,38,0,0,38,38,72133,0,0,0,0,0
2020-07-03,US,Hawaii,Maui,127,6,0,20.86399628,-156.56890969999995,15009.0,75.85848510007945,4.724409448818896,121,125,6,0,119,125,167207,2,0,0,2,0
2020-07-03,US,Hawaii,Out of HI,18,0,0,0.0,0.0,80015.0,0.0,0.0,18,17,0,0,17,17,,1,0,0,1,0
2020-07-03,US,Idaho,Ada,2507,23,0,43.4526575,-116.24155159999998,16001.0,520.5705303506946,0.9174311926605504,2484,2336,23,0,2313,2288,469966,171,0,0,171,48
2020-07-03,US,Idaho,Adams,11,0,0,44.89333571,-116.4545247,16003.0,256.171401956218,0.0,11,11,0,0,11,11,4250,0,0,0,0,0
2020-07-03,US,Idaho,Bannock,112,1,0,42.67002716,-112.2233311,16005.0,127.55102040816328,0.8928571428571429,111,105,1,0,104,104,87138,7,0,0,7,1
2020-07-03,US,Idaho,Bear Lake,2,0,0,42.28269683,-111.32892379999998,16007.0,32.6530612244898,0.0,2,2,0,0,2,2,6050,0,0,0,0,0
2020-07-03,US,Idaho,Benewah,21,0,0,47.21754179,-116.6586851,16009.0,225.85502258550227,0.0,21,21,0,0,21,21,9226,0,0,0,0,0
2020-07-03,US,Idaho,Bingham,48,0,0,43.21672879999999,-112.3978437,16011.0,102.54000128175,0.0,48,46,0,0,46,43,46236,2,0,0,2,3
2020-07-03,US,Idaho,Blaine,539,5,0,43.4085812,-113.9752658,16013.0,2341.3405151817906,0.927643784786642,534,538,5,0,533,535,22601,1,0,0,1,3
2020-07-03,US,Idaho,Boise,4,0,0,43.98829931,-115.7309284,16015.0,51.07904482186183,0.0,4,4,0,0,4,4,7634,0,0,0,0,0
2020-07-03,US,Idaho,Bonner,36,0,0,48.29996017,-116.6017932,16017.0,78.70744878550033,0.0,36,34,0,0,34,33,44727,2,0,0,2,1
2020-07-03,US,Idaho,Bonneville,121,1,0,43.38713372,-111.6161537,16019.0,101.62772337101678,0.8264462809917356,120,119,1,0,118,117,116854,2,0,0,2,2
2020-07-03,US,Idaho,Boundary,1,0,0,48.76684761,-116.4630179,16021.0,8.166598611678237,0.0,1,1,0,0,1,1,11948,0,0,0,0,0
2020-07-03,US,Idaho,Camas,1,0,0,43.46665742,-114.8065892,16025.0,90.41591320072331,0.0,1,1,0,0,1,1,1127,0,0,0,0,0
2020-07-03,US,Idaho,Canyon,1092,6,0,43.61970148,-116.70954990000001,16027.0,475.0945185752385,0.5494505494505495,1086,980,6,0,974,900,223499,112,0,0,112,80
2020-07-03,US,Idaho,Caribou,11,0,0,42.77149116,-111.5597683,16029.0,153.73864430468203,0.0,11,11,0,0,11,11,7060,0,0,0,0,0
2020-07-03,US,Idaho,Cassia,262,1,0,42.28347888,-113.6012409,16031.0,1090.3037869330003,0.3816793893129771,261,260,1,0,259,248,23864,2,0,0,2,12
2020-07-03,US,Idaho,Clearwater,2,0,0,46.67459924,-115.6622393,16035.0,22.841480127912288,0.0,2,2,0,0,2,1,8758,0,0,0,0,1
2020-07-03,US,Idaho,Custer,4,0,0,44.24186819,-114.2855494,16037.0,92.69988412514485,0.0,4,4,0,0,4,4,4280,0,0,0,0,0
2020-07-03,US,Idaho,Elmore,64,2,0,43.3507101,-115.4701578,16039.0,232.63421903965687,3.125,62,63,2,0,61,61,27259,1,0,0,1,2
2020-07-03,US,Idaho,Franklin,26,0,0,42.18332217,-111.81496659999999,16041.0,187.3738829633901,0.0,26,25,0,0,25,25,13726,1,0,0,1,0
2020-07-03,US,Idaho,Fremont,7,0,0,44.22800938,-111.48099429999999,16043.0,53.4391938315902,0.0,7,7,0,0,7,7,13168,0,0,0,0,0
2020-07-03,US,Idaho,Gem,34,0,0,44.06482372,-116.398376,16045.0,187.7208480565371,0.0,34,28,0,0,28,26,17634,6,0,0,6,2
2020-07-03,US,Idaho,Gooding,66,1,0,42.96927962,-114.81083059999999,16047.0,434.8112523881679,1.5151515151515151,65,65,1,0,64,65,15196,1,0,0,1,0
2020-07-03,US,Idaho,Idaho,5,0,0,45.84721541,-115.4634436,16049.0,29.99940001199976,0.0,5,5,0,0,5,5,16513,0,0,0,0,0
2020-07-03,US,Idaho,Jefferson,19,0,0,43.82078483,-112.3131749,16051.0,63.606842757189256,0.0,19,18,0,0,18,18,29439,1,0,0,1,0
2020-07-03,US,Idaho,Jerome,246,5,0,42.68891267,-114.2655033,16053.0,1007.7011305915124,2.0325203252032518,241,244,5,0,239,243,24015,2,0,0,2,1
2020-07-03,US,Idaho,Kootenai,357,1,0,47.67282258,-116.7020872,16055.0,215.45350851252587,0.2801120448179272,356,302,1,0,301,286,161505,55,0,0,55,16
2020-07-03,US,Idaho,Latah,25,0,0,46.81587887,-116.71136979999999,16057.0,62.33170439812507,0.0,25,25,0,0,25,24,40134,0,0,0,0,1
2020-07-03,US,Idaho,Lemhi,2,0,0,44.9438088,-113.9309747,16059.0,24.91590880777377,0.0,2,2,0,0,2,2,7961,0,0,0,0,0
2020-07-03,US,Idaho,Lincoln,36,0,0,43.0012336,-114.1358773,16063.0,670.8907938874395,0.0,36,36,0,0,36,36,5360,0,0,0,0,0
2020-07-03,US,Idaho,Madison,37,0,0,43.78141028,-111.65384740000002,16065.0,92.71556368556897,0.0,37,35,0,0,35,35,39304,2,0,0,2,0
2020-07-03,US,Idaho,Minidoka,201,0,0,42.85518524,-113.6357257,16067.0,955.3686011692572,0.0,201,201,0,0,201,188,20825,0,0,0,0,13
2020-07-03,US,Idaho,Nez Perce,98,19,0,46.32638236,-116.75009750000001,16069.0,242.52623242922195,19.387755102040817,79,98,19,0,79,97,40408,0,0,0,0,1
2020-07-03,US,Idaho,Oneida,4,0,0,42.19494279999999,-112.5407838,16071.0,88.28073273008167,0.0,4,3,0,0,3,3,4488,1,0,0,1,0
2020-07-03,US,Idaho,Owyhee,44,0,0,42.58016894,-116.16938710000001,16073.0,372.1559671826101,0.0,44,42,0,0,42,41,11693,2,0,0,2,1
2020-07-03,US,Idaho,Payette,122,2,0,44.00545243,-116.7647695,16075.0,509.3733038286501,1.639344262295082,120,115,2,0,113,111,23551,7,0,0,7,4
2020-07-03,US,Idaho,Power,17,0,0,42.69254894,-112.83957420000002,16077.0,221.32534826194507,0.0,17,17,0,0,17,17,7768,0,0,0,0,0
2020-07-03,US,Idaho,Shoshone,1,0,0,47.35364087,-115.89167490000001,16079.0,7.762769756249031,0.0,1,,,,,,12796,,,,,
2020-07-03,US,Idaho,Teton,22,0,0,43.75303583,-111.2056773,16081.0,181.18926041838245,0.0,22,22,0,0,22,20,11640,0,0,0,0,2
2020-07-03,US,Idaho,Twin Falls,656,25,0,42.35440512,-114.6685381,16083.0,755.0818389005271,3.8109756097560976,631,642,25,0,617,614,86081,14,0,0,14,28
2020-07-03,US,Idaho,Unassigned,2,0,0,0.0,0.0,90016.0,0.0,0.0,2,1,0,0,1,1,,1,0,0,1,0
2020-07-03,US,Idaho,Valley,16,0,0,44.76728382,-115.5676773,16085.0,140.4494382022472,0.0,16,14,0,0,14,14,11041,2,0,0,2,0
2020-07-03,US,Idaho,Washington,113,1,0,44.45275475,-116.78476880000001,16087.0,1108.4951932509316,0.8849557522123894,112,108,0,0,108,107,10161,5,1,0,4,1
2020-07-03,US,Illinois,Adams,106,1,0,39.98815591,-91.18786813,17001.0,161.99281729961032,0.9433962264150944,105,93,1,0,92,93,65691,13,0,0,13,0
2020-07-03,US,Illinois,Alexander,22,0,0,37.18049267,-89.32910838,17003.0,381.87814615518135,0.0,22,22,0,0,22,22,6060,0,0,0,0,0
2020-07-03,US,Illinois,Bond,13,1,0,38.88829622,-89.43534887,17005.0,79.14282235480336,7.6923076923076925,12,13,1,0,12,13,16630,0,0,0,0,0
2020-07-03,US,Illinois,Boone,602,21,0,42.32359279,-88.82345779,17007.0,1124.3089795308529,3.4883720930232562,581,595,21,0,574,595,53577,7,0,0,7,0
2020-07-03,US,Illinois,Brown,10,0,0,39.96209138,-90.75068024,17009.0,152.02189115232594,0.0,10,10,0,0,10,10,6556,0,0,0,0,0
2020-07-03,US,Illinois,Bureau,29,2,0,41.40385234,-89.5283051,17011.0,88.88071594949123,6.896551724137932,27,29,2,0,27,29,32993,0,0,0,0,0
2020-07-03,US,Illinois,Calhoun,1,0,0,39.16840183,-90.66330078,17013.0,21.101498206372653,0.0,1,1,0,0,1,1,4802,0,0,0,0,0
2020-07-03,US,Illinois,Carroll,22,2,0,42.06823429,-89.93395545,17015.0,153.7923802866131,9.090909090909092,20,21,2,0,19,21,14312,1,0,0,1,0
2020-07-03,US,Illinois,Cass,134,6,0,39.96991073,-90.24734436,17017.0,1103.1530419033506,4.477611940298506,128,130,2,0,128,130,12260,4,4,0,0,0
2020-07-03,US,Illinois,Champaign,930,12,0,40.13919438,-88.20046615,17019.0,443.51396592095915,1.2903225806451613,918,880,12,0,868,880,209983,50,0,0,50,0
2020-07-03,US,Illinois,Christian,45,4,0,39.54581621,-89.27780482,17021.0,139.30163447251115,8.888888888888891,41,43,4,0,39,43,32661,2,0,0,2,0
2020-07-03,US,Illinois,Clark,15,0,0,39.33425789,-87.78705622,17023.0,97.14396735962696,0.0,15,14,0,0,14,14,15596,1,0,0,1,0
2020-07-03,US,Illinois,Clay,2,0,0,38.75388572,-88.48914513,17025.0,15.169902912621355,0.0,2,2,0,0,2,2,13253,0,0,0,0,0
2020-07-03,US,Illinois,Clinton,240,17,0,38.60704876,-89.42385254,17027.0,638.9436132261327,7.083333333333332,223,237,17,0,220,237,37639,3,0,0,3,0
2020-07-03,US,Illinois,Coles,173,17,0,39.51949084,-88.22358557,17029.0,341.7553979573695,9.826589595375722,156,170,17,0,153,170,50885,3,0,0,3,0
2020-07-03,US,Illinois,Cook,91774,4618,0,41.84144849,-87.81658794,17031.0,1781.9387977204135,5.031926253623031,87156,90911,4581,0,86330,90911,5180493,863,37,0,826,0
2020-07-03,US,Illinois,Crawford,18,0,0,39.0032229,-87.75954624,17033.0,96.42684952054428,0.0,18,18,0,0,18,18,18807,0,0,0,0,0
2020-07-03,US,Illinois,Cumberland,12,0,0,39.27432424,-88.2401158,17035.0,111.4620100315809,0.0,12,12,0,0,12,12,10808,0,0,0,0,0
2020-07-03,US,Illinois,De Witt,9,0,0,40.17514519,-88.90959682,17039.0,57.55211663895639,0.0,9,6,0,0,6,6,15769,3,0,0,3,0
2020-07-03,US,Illinois,DeKalb,567,19,0,41.89373302,-88.76958483,17037.0,540.5302344204315,3.3509700176366843,548,558,18,0,540,558,104143,9,1,0,8,0
2020-07-03,US,Illinois,Douglas,54,0,0,39.76768052,-88.21854195,17041.0,277.42101207295144,0.0,54,52,0,0,52,52,19479,2,0,0,2,0
2020-07-03,US,Illinois,DuPage,9192,474,0,41.85116968,-88.08642662,17043.0,995.9682356344694,5.156657963446476,8718,9083,472,0,8611,9083,928589,109,2,0,107,0
2020-07-03,US,Illinois,Edgar,10,0,0,39.6809186,-87.74759563,17045.0,58.271662490530865,0.0,10,10,0,0,10,10,17360,0,0,0,0,0
2020-07-03,US,Illinois,Edwards,2,0,0,38.41353228,-88.05720863,17047.0,31.27443315089914,0.0,2,2,0,0,2,2,6392,0,0,0,0,0
2020-07-03,US,Illinois,Effingham,13,1,0,39.05935711,-88.58969584,17049.0,38.2262996941896,7.6923076923076925,12,12,1,0,11,12,34208,1,0,0,1,0
2020-07-03,US,Illinois,Fayette,23,3,0,39.00072038,-89.02452658,17051.0,107.79902512185976,13.043478260869565,20,23,3,0,20,23,21416,0,0,0,0,0
2020-07-03,US,Illinois,Ford,37,1,0,40.59706922,-88.22350769,17053.0,285.47180001543086,2.702702702702702,36,33,1,0,32,33,13264,4,0,0,4,0
2020-07-03,US,Illinois,Franklin,27,0,0,37.99189086,-88.92567818,17055.0,70.18638384153475,0.0,27,22,0,0,22,22,38701,5,0,0,5,0
2020-07-03,US,Illinois,Fulton,15,0,0,40.47289135,-90.20862357,17057.0,43.68083867210249,0.0,15,15,0,0,15,15,34844,0,0,0,0,0
2020-07-03,US,Illinois,Gallatin,2,0,0,37.76430935,-88.22953869,17059.0,41.42502071251035,0.0,2,2,0,0,2,2,5058,0,0,0,0,0
2020-07-03,US,Illinois,Greene,9,0,0,39.35907414,-90.388865,17061.0,69.39625260235947,0.0,9,9,0,0,9,9,13044,0,0,0,0,0
2020-07-03,US,Illinois,Grundy,169,5,0,41.28569601,-88.41905692,17063.0,331.0220550789361,2.9585798816568047,164,167,4,0,163,167,50972,2,1,0,1,0
2020-07-03,US,Illinois,Hamilton,5,0,0,38.08163641,-88.53883373,17065.0,61.60670280926565,0.0,5,5,0,0,5,5,8163,0,0,0,0,0
2020-07-03,US,Illinois,Hancock,19,1,0,40.40423981,-91.16313899,17067.0,107.2961373390558,5.2631578947368425,18,19,1,0,18,19,17844,0,0,0,0,0
2020-07-03,US,Illinois,Hardin,1,0,0,37.51810645,-88.26873022,17069.0,26.17115938236064,0.0,1,1,0,0,1,1,3910,0,0,0,0,0
2020-07-03,US,Illinois,Henderson,8,0,0,40.81908672,-90.92491462,17071.0,120.37315678603672,0.0,8,8,0,0,8,8,6709,0,0,0,0,0
2020-07-03,US,Illinois,Henry,93,1,0,41.3533994,-90.13296166,17073.0,190.13350234089097,1.075268817204301,92,88,1,0,87,88,49090,5,0,0,5,0
2020-07-03,US,Illinois,Iroquois,160,5,0,40.74717633,-87.82466784,17075.0,590.1010548056355,3.125,155,157,5,0,152,157,27604,3,0,0,3,0
2020-07-03,US,Illinois,Jackson,335,19,0,37.78595185,-89.38232563,17077.0,590.3083700440527,5.6716417910447765,316,332,19,0,313,332,57419,3,0,0,3,0
2020-07-03,US,Illinois,Jasper,47,7,0,39.01054275,-88.15437049,17079.0,489.0738813735692,14.893617021276595,40,46,7,0,39,46,9611,1,0,0,1,0
2020-07-03,US,Illinois,Jefferson,106,17,0,38.29980057,-88.9240025,17081.0,281.2864876340091,16.037735849056602,89,107,17,0,90,107,37820,-1,0,0,-1,0
2020-07-03,US,Illinois,Jersey,35,1,0,39.08869046,-90.35393073,17083.0,160.74955219767602,2.8571428571428568,34,35,1,0,34,35,21847,0,0,0,0,0
2020-07-03,US,Illinois,Jo Daviess,46,1,0,42.36542373,-90.21094405,17085.0,216.62349894042853,2.1739130434782608,45,44,1,0,43,44,21366,2,0,0,2,0
2020-07-03,US,Illinois,Johnson,20,0,0,37.45939802,-88.88165419,17087.0,161.0695014898929,0.0,20,20,0,0,20,20,12456,0,0,0,0,0
2020-07-03,US,Illinois,Kane,7796,274,0,41.93842729,-88.42861412,17089.0,1464.3042958059964,3.5146228835300155,7522,7733,271,0,7462,7733,534216,63,3,0,60,0
2020-07-03,US,Illinois,Kankakee,1302,65,0,41.13746989,-87.86205334,17091.0,1185.1231545029218,4.99231950844854,1237,1285,65,0,1220,1285,110024,17,0,0,17,0
2020-07-03,US,Illinois,Kendall,981,21,0,41.59081014,-88.42869583,17093.0,760.5240716334599,2.1406727828746184,960,963,20,0,943,963,127915,18,1,0,17,0
2020-07-03,US,Illinois,Knox,136,0,0,40.93148779,-90.21330340000002,17095.0,273.64735708968,0.0,136,132,0,0,132,132,50112,4,0,0,4,0
2020-07-03,US,Illinois,LaSalle,224,17,0,41.34426129999999,-88.88633881,17099.0,206.13054320919488,7.5892857142857135,207,219,17,0,202,219,109430,5,0,0,5,0
2020-07-03,US,Illinois,Lake,9864,421,0,42.3224907,-88.00367925,17097.0,1416.1528135700287,4.268045417680455,9443,9752,418,0,9334,9752,700832,112,3,0,109,0
2020-07-03,US,Illinois,Lawrence,7,0,0,38.71987914,-87.72884035,17101.0,44.64855211123868,0.0,7,7,0,0,7,7,15765,0,0,0,0,0
2020-07-03,US,Illinois,Lee,98,2,0,41.74583951,-89.29977132,17103.0,287.42374472078836,2.0408163265306123,96,97,2,0,95,97,34223,1,0,0,1,0
2020-07-03,US,Illinois,Livingston,50,2,0,40.89188292,-88.55784752,17105.0,140.26032315978458,4.0,48,45,2,0,43,45,35761,5,0,0,5,0
2020-07-03,US,Illinois,Logan,16,0,0,40.12581572,-89.36638784,17107.0,55.90886854427284,0.0,16,15,0,0,15,15,28925,1,0,0,1,0
2020-07-03,US,Illinois,Macon,232,22,0,39.86064913,-88.96342505,17115.0,223.0576200136527,9.482758620689657,210,231,22,0,209,231,104712,1,0,0,1,0
2020-07-03,US,Illinois,Macoupin,54,3,0,39.26119767,-89.92424028,17117.0,120.1976583715443,5.5555555555555545,51,52,3,0,49,52,45313,2,0,0,2,0
2020-07-03,US,Illinois,Madison,991,69,0,38.83042506,-89.90422563,17119.0,376.85480252199903,6.9626639757820366,922,947,69,0,878,947,264461,44,0,0,44,0
2020-07-03,US,Illinois,Marion,68,0,0,38.64963204,-88.91899208,17121.0,182.771132912243,0.0,68,66,0,0,66,66,37620,2,0,0,2,0
2020-07-03,US,Illinois,Marshall,9,0,0,41.0327901,-89.34510444,17123.0,78.68508480503584,0.0,9,8,0,0,8,8,11534,1,0,0,1,0
2020-07-03,US,Illinois,Mason,22,0,0,40.23917274,-89.91824452,17125.0,164.68298525338722,0.0,22,22,0,0,22,22,13565,0,0,0,0,0
2020-07-03,US,Illinois,Massac,15,0,0,37.22078441,-88.71036614,17127.0,108.91664246296837,0.0,15,13,0,0,13,13,14080,2,0,0,2,0
2020-07-03,US,Illinois,McDonough,102,15,0,40.45674722,-90.67775541,17109.0,343.6426116838488,14.705882352941178,87,101,15,0,86,101,29955,1,0,0,1,0
2020-07-03,US,Illinois,McHenry,2088,97,0,42.32451172,-88.45248227,17111.0,678.4198795219869,4.6455938697318,1991,2061,97,0,1964,2061,308570,27,0,0,27,0
2020-07-03,US,Illinois,McLean,267,13,0,40.48996987,-88.84621113,17113.0,155.6697003795542,4.868913857677903,254,261,13,0,248,261,172828,6,0,0,6,0
2020-07-03,US,Illinois,Menard,24,0,0,40.02742725,-89.80246001,17129.0,196.78583142013767,0.0,24,25,0,0,25,25,12288,-1,0,0,-1,0
2020-07-03,US,Illinois,Mercer,21,0,0,41.20596782,-90.74290052,17131.0,136.03679471399886,0.0,21,20,0,0,20,20,15601,1,0,0,1,0
2020-07-03,US,Illinois,Monroe,129,13,0,38.27594376,-90.17761038,17133.0,372.43410226058836,10.077519379844961,116,127,13,0,114,127,34335,2,0,0,2,0
2020-07-03,US,Illinois,Montgomery,46,1,0,39.23198845,-89.47809254,17135.0,161.89202505806998,2.1739130434782608,45,44,1,0,43,44,28601,2,0,0,2,0
2020-07-03,US,Illinois,Morgan,130,3,0,39.71654544,-90.20255104,17137.0,386.2380414760235,2.3076923076923075,127,128,3,0,125,128,33976,2,0,0,2,0
2020-07-03,US,Illinois,Moultrie,19,0,0,39.64187451,-88.62099969,17139.0,131.0254465209296,0.0,19,18,0,0,18,18,14717,1,0,0,1,0
2020-07-03,US,Illinois,Ogle,268,4,0,42.04165196,-89.32184679,17141.0,529.1945579843216,1.492537313432836,264,261,4,0,257,261,50923,7,0,0,7,0
2020-07-03,US,Illinois,Peoria,546,28,0,40.78702156,-89.76078901,17143.0,304.7232097511427,5.128205128205129,518,499,28,0,471,499,180621,47,0,0,47,0
2020-07-03,US,Illinois,Perry,56,1,0,38.08510853,-89.36856219,17145.0,267.7376171352075,1.7857142857142858,55,54,1,0,53,54,21174,2,0,0,2,0
2020-07-03,US,Illinois,Piatt,21,0,0,40.01360584,-88.59319339,17147.0,128.48751835535975,0.0,21,20,0,0,20,20,16396,1,0,0,1,0
2020-07-03,US,Illinois,Pike,3,0,0,39.62265059,-90.8877017,17149.0,19.2789666473877,0.0,3,2,0,0,2,2,15611,1,0,0,1,0
2020-07-03,US,Illinois,Pope,1,0,0,37.41391284,-88.56152109,17151.0,23.94062724443381,0.0,1,1,0,0,1,1,4212,0,0,0,0,0
2020-07-03,US,Illinois,Pulaski,76,0,0,37.22631423,-89.13085001,17153.0,1424.554826616682,0.0,76,76,0,0,76,76,5463,0,0,0,0,0
2020-07-03,US,Illinois,Putnam,1,0,0,41.2013541,-89.2869272,17155.0,17.424638438752392,0.0,1,1,0,0,1,1,5740,0,0,0,0,0
2020-07-03,US,Illinois,Randolph,287,7,0,38.05095369,-89.82512254,17157.0,903.0268705556604,2.4390243902439024,280,287,7,0,280,287,32106,0,0,0,0,0
2020-07-03,US,Illinois,Richland,4,0,0,38.71240969,-88.08475366,17159.0,25.784825630116682,0.0,4,4,0,0,4,4,15763,0,0,0,0,0
2020-07-03,US,Illinois,Rock Island,996,29,0,41.46613806,-90.57042164,17161.0,702.0066394603853,2.9116465863453813,967,947,29,0,918,947,143477,49,0,0,49,0
2020-07-03,US,Illinois,Saline,9,0,0,37.75332999,-88.54119706,17165.0,38.31254523008812,0.0,9,9,0,0,9,9,23906,0,0,0,0,0
2020-07-03,US,Illinois,Sangamon,440,32,0,39.75836914,-89.65872023,17167.0,226.02120489849602,7.272727272727272,408,431,32,0,399,431,195348,9,0,0,9,0
2020-07-03,US,Illinois,Schuyler,13,0,0,40.1571798,-90.61114163,17169.0,192.08037825059105,0.0,13,13,0,0,13,13,6907,0,0,0,0,0
2020-07-03,US,Illinois,Scott,1,0,0,39.6429169,-90.47814431,17171.0,20.197939810139367,0.0,1,,,,,,4926,,,,,
2020-07-03,US,Illinois,Shelby,19,1,0,39.39133527,-88.80611122,17173.0,87.82472034760097,5.2631578947368425,18,18,1,0,17,18,21741,1,0,0,1,0
2020-07-03,US,Illinois,St. Clair,1965,137,0,38.46996033,-89.93063427,17163.0,756.6830710935515,6.972010178117047,1828,1906,136,0,1770,1906,261059,59,1,0,58,0
2020-07-03,US,Illinois,Stark,4,0,0,41.09309773,-89.79745866,17175.0,74.87832272557095,0.0,4,3,0,0,3,3,5427,1,0,0,1,0
2020-07-03,US,Illinois,Stephenson,275,5,0,42.35129217,-89.662598,17177.0,618.0053036091508,1.818181818181818,270,274,5,0,269,274,44753,1,0,0,1,0
2020-07-03,US,Illinois,Tazewell,146,8,0,40.50716185,-89.51404662,17179.0,110.77137849669585,5.479452054794519,138,137,8,0,129,137,132328,9,0,0,9,0
2020-07-03,US,Illinois,Unassigned,46,0,0,0.0,0.0,90017.0,0.0,0.0,46,50,0,0,50,50,,-4,0,0,-4,0
2020-07-03,US,Illinois,Union,193,19,0,37.47119609,-89.25548938,17181.0,1158.950339278208,9.844559585492227,174,191,19,0,172,191,16841,2,0,0,2,0
2020-07-03,US,Illinois,Vermilion,77,2,0,40.18417171,-87.73384359,17183.0,101.63943081918741,2.5974025974025974,75,66,2,0,64,66,76806,11,0,0,11,0
2020-07-03,US,Illinois,Wabash,22,0,0,38.44272901,-87.84922065,17185.0,190.97222222222226,0.0,22,22,0,0,22,22,11549,0,0,0,0,0
2020-07-03,US,Illinois,Warren,143,0,0,40.84925021,-90.6147432,17187.0,848.9669912134883,0.0,143,138,0,0,138,138,17032,5,0,0,5,0
2020-07-03,US,Illinois,Washington,21,0,0,38.35309213,-89.40982703,17189.0,151.22056599697558,0.0,21,20,0,0,20,20,13995,1,0,0,1,0
2020-07-03,US,Illinois,Wayne,14,1,0,38.42955355,-88.42586459,17191.0,86.33980881899475,7.142857142857142,13,14,1,0,13,14,16332,0,0,0,0,0
2020-07-03,US,Illinois,White,6,0,0,38.08706198,-88.17657461,17193.0,44.32296668390338,0.0,6,5,0,0,5,5,13665,1,0,0,1,0
2020-07-03,US,Illinois,Whiteside,192,15,0,41.75509713,-89.91556058,17195.0,347.9836882646127,7.8125,177,191,15,0,176,191,55626,1,0,0,1,0
2020-07-03,US,Illinois,Will,6839,320,0,41.44619267,-87.97862712,17197.0,990.093276370517,4.6790466442462355,6519,6744,320,0,6424,6744,692310,95,0,0,95,0
2020-07-03,US,Illinois,Williamson,122,4,0,37.73033511,-88.92994027,17199.0,183.19143504962685,3.278688524590164,118,120,4,0,116,120,67056,2,0,0,2,0
2020-07-03,US,Illinois,Winnebago,3067,96,0,42.33641854,-89.16085327,17201.0,1085.3870871848594,3.1300945549396806,2971,3046,95,0,2951,3046,284081,21,1,0,20,0
2020-07-03,US,Illinois,Woodford,34,2,0,40.78579374,-89.20973757,17203.0,88.4058347850958,5.882352941176472,32,33,2,0,31,33,38463,1,0,0,1,0
2020-07-03,US,Indiana,Adams,48,1,0,40.7457653,-84.93671406,18001.0,134.16440730077983,2.083333333333333,47,47,1,0,46,45,35636,1,0,0,1,2
2020-07-03,US,Indiana,Allen,2717,128,0,41.09194313,-85.06800636,18003.0,716.3214245226062,4.711078395288921,2589,2695,117,0,2578,2677,375351,22,11,0,11,18
2020-07-03,US,Indiana,Bartholomew,582,44,0,39.20744865,-85.89558181,18005.0,694.6848255529428,7.560137457044673,538,580,44,0,536,578,82753,2,0,0,2,2
2020-07-03,US,Indiana,Benton,48,0,0,40.60626947,-87.31093999,18007.0,548.6968449931413,0.0,48,48,0,0,48,48,8653,0,0,0,0,0
2020-07-03,US,Indiana,Blackford,37,2,0,40.47388153,-85.32499702,18009.0,314.67936723932644,5.405405405405406,35,37,2,0,35,37,11930,0,0,0,0,0
2020-07-03,US,Indiana,Boone,434,43,0,40.0509304,-86.46841646,18011.0,639.7122768745486,9.907834101382491,391,427,43,0,384,422,66999,7,0,0,7,5
2020-07-03,US,Indiana,Brown,38,1,0,39.19605589,-86.22868909,18013.0,251.78902729923138,2.631578947368421,37,38,1,0,37,38,15234,0,0,0,0,0
2020-07-03,US,Indiana,Carroll,110,2,0,40.580783200000006,-86.56198812,18015.0,543.0221651774697,1.818181818181818,108,109,2,0,107,109,20127,1,0,0,1,0
2020-07-03,US,Indiana,Cass,1636,9,0,40.76135835,-86.34830753,18017.0,4340.789089654806,0.5501222493887531,1627,1636,9,0,1627,1636,37955,0,0,0,0,0
2020-07-03,US,Indiana,Clark,638,44,0,38.48015445,-85.70510334,18019.0,539.2977295396528,6.896551724137932,594,627,44,0,583,622,117360,11,0,0,11,5
2020-07-03,US,Indiana,Clay,60,4,0,39.39561833,-87.11723506,18021.0,228.78932316491898,6.666666666666668,56,59,4,0,55,59,26170,1,0,0,1,0
2020-07-03,US,Indiana,Clinton,285,2,0,40.30319754,-86.47277257,18023.0,879.6567795302324,0.7017543859649122,283,281,2,0,279,279,32250,4,0,0,4,2
2020-07-03,US,Indiana,Crawford,29,0,0,38.28814402,-86.44518825,18025.0,274.1798241467335,0.0,29,29,0,0,29,29,10558,0,0,0,0,0
2020-07-03,US,Indiana,Daviess,141,16,0,38.70186039,-87.07185406,18027.0,422.77592875775844,11.347517730496454,125,139,16,0,123,139,33147,2,0,0,2,0
2020-07-03,US,Indiana,DeKalb,159,4,0,41.39804622,-84.99906934,18033.0,365.7274295572168,2.5157232704402515,155,159,4,0,155,159,43226,0,0,0,0,0
2020-07-03,US,Indiana,Dearborn,227,23,0,39.14647946,-84.97333539,18029.0,458.9752921670912,10.13215859030837,204,206,22,0,184,204,49568,21,1,0,20,2
2020-07-03,US,Indiana,Decatur,248,32,0,39.30712658,-85.50087166,18031.0,933.7700967656917,12.903225806451614,216,247,32,0,215,246,26794,1,0,0,1,1
2020-07-03,US,Indiana,Delaware,429,49,0,40.22787247,-85.39732772,18035.0,375.870679458536,11.421911421911421,380,429,49,0,380,426,114772,0,0,0,0,3
2020-07-03,US,Indiana,Dubois,264,6,0,38.36597551,-86.87924170000002,18037.0,617.7461624859602,2.272727272727273,258,261,6,0,255,260,42565,3,0,0,3,1
2020-07-03,US,Indiana,Elkhart,3164,43,0,41.59761169,-85.85875695,18039.0,1533.3840584275547,1.359039190897598,3121,3133,43,0,3090,3085,205560,31,0,0,31,48
2020-07-03,US,Indiana,Fayette,98,7,0,39.63684962,-85.17797541,18041.0,424.2056964764955,7.142857142857142,91,96,7,0,89,96,23047,2,0,0,2,0
2020-07-03,US,Indiana,Floyd,371,44,0,38.32117957,-85.90385377,18043.0,472.47905045719665,11.859838274932615,327,370,44,0,326,363,77781,1,0,0,1,7
2020-07-03,US,Indiana,Fountain,30,2,0,40.12361933,-87.24217689,18045.0,183.53113911660344,6.666666666666668,28,29,2,0,27,29,16351,1,0,0,1,0
2020-07-03,US,Indiana,Franklin,124,8,0,39.4142482,-85.06062647,18047.0,544.8633447578874,6.451612903225807,116,124,8,0,116,124,22736,0,0,0,0,0
2020-07-03,US,Indiana,Fulton,68,1,0,41.0469907,-86.26252745,18049.0,340.4425753479524,1.4705882352941178,67,66,1,0,65,66,20092,2,0,0,2,0
2020-07-03,US,Indiana,Gibson,59,2,0,38.30393723,-87.58054938,18051.0,175.28744169464338,3.3898305084745757,57,46,2,0,44,44,33452,13,0,0,13,2
2020-07-03,US,Indiana,Grant,290,26,0,40.51587228,-85.65468702,18053.0,440.9372196627591,8.965517241379311,264,287,26,0,261,285,65936,3,0,0,3,2
2020-07-03,US,Indiana,Greene,184,32,0,39.03630547,-86.96223202,18055.0,576.4049871561932,17.391304347826086,152,184,32,0,152,184,32006,0,0,0,0,0
2020-07-03,US,Indiana,Hamilton,1518,100,0,40.07306535,-86.05244729,18057.0,449.0978104262878,6.587615283267457,1418,1502,100,0,1402,1484,330086,16,0,0,16,18
2020-07-03,US,Indiana,Hancock,437,35,0,39.82304555,-85.77566351,18059.0,559.0522976153925,8.009153318077804,402,425,35,0,390,429,76351,12,0,0,12,-4
2020-07-03,US,Indiana,Harrison,210,22,0,38.19467379,-86.10948271,18061.0,518.326545723806,10.476190476190476,188,208,22,0,186,208,40350,2,0,0,2,0
2020-07-03,US,Indiana,Hendricks,1386,100,0,39.76719009,-86.51037283,18063.0,813.8053325974248,7.215007215007215,1286,1371,100,0,1271,1366,167009,15,0,0,15,5
2020-07-03,US,Indiana,Henry,243,15,0,39.93029017,-85.39625719,18065.0,506.54548486617193,6.172839506172839,228,236,15,0,221,235,48271,7,0,0,7,1
2020-07-03,US,Indiana,Howard,560,57,0,40.48527731,-86.11351892,18067.0,678.42605156038,10.178571428571429,503,550,57,0,493,543,82366,10,0,0,10,7
2020-07-03,US,Indiana,Huntington,71,2,0,40.82907273,-85.48822092,18069.0,194.41401971522453,2.8169014084507036,69,70,2,0,68,70,36240,1,0,0,1,0
2020-07-03,US,Indiana,Jackson,465,3,0,38.90915820000001,-86.03851889,18071.0,1051.298862788542,0.6451612903225806,462,458,3,0,455,455,44111,7,0,0,7,3
2020-07-03,US,Indiana,Jasper,114,2,0,41.02078733,-87.11553319,18073.0,339.66986472796617,1.7543859649122806,112,113,2,0,111,109,33370,1,0,0,1,4
2020-07-03,US,Indiana,Jay,68,0,0,40.43781032,-85.00576229,18075.0,332.7461342728518,0.0,68,67,0,0,67,67,20764,1,0,0,1,0
2020-07-03,US,Indiana,Jefferson,70,1,0,38.78576239,-85.43633383,18077.0,216.6646031942553,1.4285714285714286,69,66,1,0,65,65,32208,4,0,0,4,1
2020-07-03,US,Indiana,Jennings,171,11,0,38.99588883,-85.62710784,18079.0,616.5494862087612,6.432748538011697,160,169,11,0,158,169,27611,2,0,0,2,0
2020-07-03,US,Indiana,Johnson,1254,118,0,39.48994426,-86.10149107,18081.0,792.8328918168771,9.409888357256778,1136,1244,118,0,1126,1235,156225,10,0,0,10,9
2020-07-03,US,Indiana,Knox,63,0,0,38.68861576,-87.4194665,18083.0,172.1593703885883,0.0,63,63,0,0,63,62,36895,0,0,0,0,1
2020-07-03,US,Indiana,Kosciusko,512,4,0,41.24521668,-85.86312322,18085.0,644.381796214257,0.78125,508,500,3,0,497,495,79344,12,1,0,11,5
2020-07-03,US,Indiana,LaGrange,465,7,0,41.64232188,-85.42674232,18087.0,1173.827434745292,1.5053763440860215,458,464,6,0,458,459,39330,1,1,0,0,5
2020-07-03,US,Indiana,LaPorte,553,26,0,41.54366008,-86.74072188,18091.0,503.2396622015143,4.701627486437613,527,541,25,0,516,539,110007,12,1,0,11,2
2020-07-03,US,Indiana,Lake,5053,242,0,41.41874274,-87.38277575,18089.0,1040.7977046013023,4.789234118345537,4811,4985,241,0,4744,4872,484411,68,1,0,67,113
2020-07-03,US,Indiana,Lawrence,236,24,0,38.84112637,-86.48361629,18093.0,520.1675115715229,10.169491525423727,212,236,24,0,212,231,45668,0,0,0,0,5
2020-07-03,US,Indiana,Madison,648,64,0,40.16143691,-85.71964711,18095.0,500.119627380006,9.876543209876543,584,643,63,0,580,643,129641,5,1,0,4,0
2020-07-03,US,Indiana,Marion,11499,683,0,39.78163624,-86.13826325,18097.0,1192.1225981824252,5.939646925819638,10816,11434,680,0,10754,11387,954670,65,3,0,62,47
2020-07-03,US,Indiana,Marshall,427,3,0,41.32467367,-86.26185087,18099.0,923.0835747330193,0.7025761124121779,424,418,3,0,415,412,46248,9,0,0,9,6
2020-07-03,US,Indiana,Martin,22,0,0,38.7099921,-86.80373186,18101.0,214.5294978059483,0.0,22,22,0,0,22,22,10217,0,0,0,0,0
2020-07-03,US,Indiana,Miami,181,2,0,40.76940965,-86.04525048,18103.0,509.62946277733977,1.1049723756906078,179,180,2,0,178,180,35567,1,0,0,1,0
2020-07-03,US,Indiana,Monroe,266,28,0,39.16130004,-86.52414358,18105.0,179.20784741731842,10.526315789473683,238,263,28,0,235,256,146917,3,0,0,3,7
2020-07-03,US,Indiana,Montgomery,293,20,0,40.04034823,-86.89335024,18107.0,764.2547863738328,6.825938566552901,273,290,20,0,270,287,38346,3,0,0,3,3
2020-07-03,US,Indiana,Morgan,325,31,0,39.47899078,-86.44573375,18109.0,461.0648469974038,9.538461538461537,294,323,31,0,292,320,70116,2,0,0,2,3
2020-07-03,US,Indiana,Newton,97,10,0,40.95610449,-87.39635768,18111.0,693.649885583524,10.309278350515463,87,96,10,0,86,95,14011,1,0,0,1,1
2020-07-03,US,Indiana,Noble,457,28,0,41.39672484,-85.41966713,18113.0,957.1883378016086,6.12691466083151,429,451,28,0,423,447,47532,6,0,0,6,4
2020-07-03,US,Indiana,Ohio,14,0,0,38.955305,-84.96515993,18115.0,238.2978723404256,0.0,14,14,0,0,14,14,5844,0,0,0,0,0
2020-07-03,US,Indiana,Orange,135,23,0,38.54118920000001,-86.49523093,18117.0,687.1627812277309,17.037037037037038,112,133,23,0,110,133,19489,2,0,0,2,0
2020-07-03,US,Indiana,Owen,47,1,0,39.31145587,-86.83900724,18119.0,225.972402519352,2.127659574468085,46,45,1,0,44,45,20845,2,0,0,2,0
2020-07-03,US,Indiana,Parke,22,0,0,39.77202286,-87.20375833,18121.0,129.89313337663106,0.0,22,22,0,0,22,22,16927,0,0,0,0,0
2020-07-03,US,Indiana,Perry,127,9,0,38.07809328,-86.63741946,18123.0,662.5280400646877,7.086614173228346,118,123,9,0,114,120,19102,4,0,0,4,3
2020-07-03,US,Indiana,Pike,9,0,0,38.40112197,-87.23574907,18125.0,72.64508838485753,0.0,9,8,0,0,8,8,12410,1,0,0,1,0
2020-07-03,US,Indiana,Porter,712,37,0,41.45986947,-87.06848888,18127.0,417.86735059188095,5.196629213483146,675,690,37,0,653,685,169594,22,0,0,22,5
2020-07-03,US,Indiana,Posey,36,0,0,38.02097333,-87.86480429,18129.0,141.58178314390216,0.0,36,36,0,0,36,35,25540,0,0,0,0,1
2020-07-03,US,Indiana,Pulaski,62,1,0,41.04166107,-86.69890683,18131.0,501.9023718934672,1.6129032258064515,61,62,1,0,61,63,12469,0,0,0,0,-1
2020-07-03,US,Indiana,Putnam,168,8,0,39.66437981,-86.84517605,18133.0,447.0938897168405,4.761904761904762,160,165,8,0,157,165,37779,3,0,0,3,0
2020-07-03,US,Indiana,Randolph,78,4,0,40.15734772,-85.01139319,18135.0,316.2375836205149,5.128205128205129,74,77,4,0,73,76,24851,1,0,0,1,1
2020-07-03,US,Indiana,Ripley,114,7,0,39.10235626,-85.26212744,18137.0,402.485524643412,6.140350877192982,107,114,8,0,106,112,28523,0,-1,0,1,2
2020-07-03,US,Indiana,Rush,56,3,0,39.62002287,-85.4655599,18139.0,337.7359628490441,5.357142857142857,53,56,3,0,53,57,16663,0,0,0,0,-1
2020-07-03,US,Indiana,Scott,160,7,0,38.68672078,-85.74627859,18143.0,670.2132115779333,4.375,153,155,7,0,148,154,23878,5,0,0,5,1
2020-07-03,US,Indiana,Shelby,420,25,0,39.52305623,-85.79158570000001,18145.0,938.9881285072323,5.9523809523809526,395,418,25,0,393,416,44593,2,0,0,2,2
2020-07-03,US,Indiana,Spencer,35,1,0,38.01519732,-87.0079644,18147.0,172.60936035902748,2.8571428571428568,34,33,1,0,32,31,20327,2,0,0,2,2
2020-07-03,US,Indiana,St. Joseph,1863,66,0,41.61756781,-86.29040834,18141.0,685.3649025479533,3.5426731078904994,1797,1857,66,0,1791,1849,270771,6,0,0,6,8
2020-07-03,US,Indiana,Starke,85,3,0,41.27890281,-86.64686895,18149.0,369.64557512502716,3.5294117647058822,82,77,3,0,74,73,22935,8,0,0,8,4
2020-07-03,US,Indiana,Steuben,126,2,0,41.64423868,-85.00101094,18151.0,364.22501011736136,1.5873015873015872,124,124,2,0,122,123,34586,2,0,0,2,1
2020-07-03,US,Indiana,Sullivan,44,1,0,39.08952258,-87.41414469,18153.0,212.87919105907397,2.272727272727273,43,44,1,0,43,44,20690,0,0,0,0,0
2020-07-03,US,Indiana,Switzerland,26,0,0,38.82767338,-85.03022429,18155.0,241.83796856106412,0.0,26,26,0,0,26,25,10717,0,0,0,0,1
2020-07-03,US,Indiana,Tippecanoe,677,8,0,40.38872739,-86.89413959,18157.0,345.88110273230745,1.1816838995568686,669,659,8,0,651,640,193048,18,0,0,18,19
2020-07-03,US,Indiana,Tipton,30,1,0,40.31123252,-86.05234925,18159.0,198.045946659625,3.333333333333333,29,30,1,0,29,30,15128,0,0,0,0,0
2020-07-03,US,Indiana,Unassigned,0,193,0,0.0,0.0,90018.0,0.0,0.0,-193,0,193,0,-193,0,,0,0,0,0,0
2020-07-03,US,Indiana,Union,13,0,0,39.62550777,-84.92497066,18161.0,184.2925999432946,0.0,13,13,0,0,13,13,7037,0,0,0,0,0
2020-07-03,US,Indiana,Vanderburgh,480,6,0,38.02658833,-87.58763124,18163.0,264.5342268711663,1.25,474,457,6,0,451,430,180974,23,0,0,23,27
2020-07-03,US,Indiana,Vermillion,13,0,0,39.8523352,-87.46160542,18165.0,83.88179119886435,0.0,13,13,0,0,13,13,15479,0,0,0,0,0
2020-07-03,US,Indiana,Vigo,228,8,0,39.42944561,-87.39169027,18167.0,213.0084642837124,3.5087719298245608,220,227,8,0,219,224,107386,1,0,0,1,3
2020-07-03,US,Indiana,Wabash,110,2,0,40.84704239,-85.79328272,18169.0,354.88450122596464,1.818181818181818,108,109,2,0,107,107,31280,1,0,0,1,2
2020-07-03,US,Indiana,Warren,14,1,0,40.34728141,-87.35602659,18171.0,169.38898971566852,7.142857142857142,13,14,1,0,13,14,8263,0,0,0,0,0
2020-07-03,US,Indiana,Warrick,210,29,0,38.08922676,-87.2716085,18173.0,333.34391567986285,13.809523809523812,181,207,29,0,178,201,62567,3,0,0,3,6
2020-07-03,US,Indiana,Washington,66,1,0,38.60219804,-86.1049363,18175.0,235.41161363960626,1.5151515151515151,65,65,1,0,64,64,27943,1,0,0,1,1
2020-07-03,US,Indiana,Wayne,134,6,0,39.8633444,-85.01044989,18177.0,203.38777244854592,4.477611940298506,128,129,6,0,123,128,65936,5,0,0,5,1
2020-07-03,US,Indiana,Wells,71,1,0,40.72934187,-85.22132966,18179.0,250.9188577890868,1.4084507042253518,70,68,1,0,67,68,28206,3,0,0,3,0
2020-07-03,US,Indiana,White,260,10,0,40.74911165,-86.86492015,18181.0,1078.7486515641856,3.8461538461538463,250,259,10,0,249,258,24133,1,0,0,1,1
2020-07-03,US,Indiana,Whitley,88,4,0,41.13863784,-85.50791236,18183.0,259.0978683311742,4.545454545454546,84,81,4,0,77,81,34074,7,0,0,7,0
2020-07-03,US,Iowa,Adair,15,0,0,41.33075609,-94.47105874,19001.0,209.7315436241611,0.0,15,15,0,0,15,15,7063,0,0,0,0,0
2020-07-03,US,Iowa,Adams,8,0,0,41.02903567,-94.69932645,19003.0,222.0988339811216,0.0,8,8,0,0,8,8,3645,0,0,0,0,0
2020-07-03,US,Iowa,Allamakee,126,4,0,43.28383218,-91.37860922,19005.0,920.5815737561188,3.1746031746031744,122,126,4,0,122,126,13832,0,0,0,0,0
2020-07-03,US,Iowa,Appanoose,20,3,0,40.74324454,-92.86865906,19007.0,160.95284081764044,15.0,17,20,3,0,17,20,12437,0,0,0,0,0
2020-07-03,US,Iowa,Audubon,16,1,0,41.6844628,-94.90581859,19009.0,291.12081513828235,6.25,15,16,1,0,15,16,5506,0,0,0,0,0
2020-07-03,US,Iowa,Benton,62,1,0,42.08011739,-92.06463573,19011.0,241.76252680834472,1.6129032258064515,61,62,1,0,61,59,25642,0,0,0,0,3
2020-07-03,US,Iowa,Black Hawk,2196,58,0,42.4704581,-92.30524729,19013.0,1673.4233547718475,2.6411657559198543,2138,2180,58,0,2122,2130,132408,16,0,0,16,50
2020-07-03,US,Iowa,Boone,145,1,0,42.03657094,-93.9313999,19015.0,552.7178470686895,0.6896551724137931,144,142,1,0,141,136,26346,3,0,0,3,6
2020-07-03,US,Iowa,Bremer,91,6,0,42.77461496,-92.31795937,19017.0,363.0995132072461,6.593406593406592,85,90,6,0,84,88,24947,1,0,0,1,2
2020-07-03,US,Iowa,Buchanan,50,1,0,42.4709188,-91.83510825,19019.0,236.1275088547816,2.0,49,51,1,0,50,46,21199,-1,0,0,-1,5
2020-07-03,US,Iowa,Buena Vista,1707,11,0,42.73545875,-95.15100162,19021.0,8700.305810397553,0.6444053895723492,1696,1705,11,0,1694,1697,19874,2,0,0,2,8
2020-07-03,US,Iowa,Butler,52,2,0,42.73172833,-92.79015971,19023.0,360.1357434725397,3.8461538461538463,50,52,2,0,50,47,14539,0,0,0,0,5
2020-07-03,US,Iowa,Calhoun,48,2,0,42.38521079,-94.64046046,19025.0,496.4832436905255,4.166666666666667,46,48,2,0,46,47,9699,0,0,0,0,1
2020-07-03,US,Iowa,Carroll,93,1,0,42.03617207,-94.86032705,19027.0,461.19514009422267,1.075268817204301,92,91,1,0,90,86,20154,2,0,0,2,5
2020-07-03,US,Iowa,Cass,21,0,0,41.33149454,-94.92792482,19029.0,163.6023683390464,0.0,21,21,0,0,21,17,12930,0,0,0,0,4
2020-07-03,US,Iowa,Cedar,81,1,0,41.77233777,-91.13246684,19031.0,434.8526332742794,1.2345679012345678,80,80,1,0,79,77,18627,1,0,0,1,3
2020-07-03,US,Iowa,Cerro Gordo,147,1,0,43.08177563,-93.2612239,19033.0,346.2897526501767,0.6802721088435374,146,138,1,0,137,105,42647,9,0,0,9,33
2020-07-03,US,Iowa,Cherokee,75,1,0,42.73538914,-95.62389402,19035.0,667.5567423230974,1.3333333333333333,74,75,1,0,74,73,11321,0,0,0,0,2
2020-07-03,US,Iowa,Chickasaw,28,0,0,43.06001295,-92.31773347,19037.0,234.64342579401662,0.0,28,27,0,0,27,27,11964,1,0,0,1,0
2020-07-03,US,Iowa,Clarke,129,2,0,41.02868181,-93.78499767,19039.0,1373.0707823310272,1.5503875968992251,127,127,2,0,125,126,9423,2,0,0,2,1
2020-07-03,US,Iowa,Clay,128,0,0,43.08247182,-95.15096481,19041.0,799.2007992007992,0.0,128,127,0,0,127,126,16134,1,0,0,1,1
2020-07-03,US,Iowa,Clayton,40,3,0,42.84443388,-91.34133693,19043.0,227.93321556783863,7.5,37,39,3,0,36,39,17556,1,0,0,1,0
2020-07-03,US,Iowa,Clinton,105,1,0,41.89981633,-90.53275096,19045.0,226.15175859915138,0.9523809523809524,104,104,1,0,103,99,46518,1,0,0,1,5
2020-07-03,US,Iowa,Crawford,675,2,0,42.03718237,-95.3819718,19047.0,4013.07966706302,0.2962962962962963,673,675,2,0,673,667,17158,0,0,0,0,8
2020-07-03,US,Iowa,Dallas,1235,29,0,41.68560356,-94.04127625,19049.0,1321.5199084031544,2.348178137651822,1206,1223,29,0,1194,1194,90180,12,0,0,12,29
2020-07-03,US,Iowa,Davis,39,1,0,40.74773536,-92.41005468,19051.0,433.33333333333326,2.5641025641025643,38,39,1,0,38,38,9017,0,0,0,0,1
2020-07-03,US,Iowa,Decatur,11,0,0,40.73742757,-93.78645949,19053.0,139.7712833545108,0.0,11,11,0,0,11,10,7890,0,0,0,0,1
2020-07-03,US,Iowa,Delaware,48,1,0,42.47104597,-91.3664492,19055.0,282.1703603550644,2.083333333333333,47,48,1,0,47,45,17069,0,0,0,0,3
2020-07-03,US,Iowa,Des Moines,86,2,0,40.92012606,-91.18326592,19057.0,220.69956629968948,2.3255813953488373,84,86,2,0,84,85,39138,0,0,0,0,1
2020-07-03,US,Iowa,Dickinson,260,2,0,43.37787725,-95.1510206,19059.0,1506.5476880287406,0.7692307692307693,258,259,2,0,257,249,17153,1,0,0,1,10
2020-07-03,US,Iowa,Dubuque,621,22,0,42.46815349,-90.88181925,19061.0,638.1601257822857,3.5426731078904994,599,609,22,0,587,539,96854,12,0,0,12,70
2020-07-03,US,Iowa,Emmet,80,0,0,43.37782951,-94.67858943,19063.0,868.8097306689833,0.0,80,78,0,0,78,75,9253,2,0,0,2,3
2020-07-03,US,Iowa,Fayette,37,0,0,42.86271799,-91.8441231,19065.0,188.29516539440203,0.0,37,34,0,0,34,33,19660,3,0,0,3,1
2020-07-03,US,Iowa,Floyd,70,2,0,43.06000529999999,-92.78940097,19067.0,447.51310574095385,2.8571428571428568,68,68,2,0,66,66,15761,2,0,0,2,2
2020-07-03,US,Iowa,Franklin,84,0,0,42.73270384,-93.26256925,19069.0,834.1608738828203,0.0,84,84,0,0,84,78,10124,0,0,0,0,6
2020-07-03,US,Iowa,Fremont,7,0,0,40.74542720000001,-95.60129045,19071.0,100.57471264367815,0.0,7,7,0,0,7,7,6993,0,0,0,0,0
2020-07-03,US,Iowa,Greene,29,0,0,42.03614551,-94.39658081,19073.0,326.2826282628264,0.0,29,28,0,0,28,28,8981,1,0,0,1,0
2020-07-03,US,Iowa,Grundy,35,0,0,42.40183723,-92.78829551,19075.0,286.13472858077176,0.0,35,35,0,0,35,34,12304,0,0,0,0,1
2020-07-03,US,Iowa,Guthrie,64,4,0,41.68378965,-94.50111014,19077.0,598.7463747778088,6.25,60,64,4,0,60,64,10720,0,0,0,0,0
2020-07-03,US,Iowa,Hamilton,187,1,0,42.38382428,-93.70197703,19079.0,1265.822784810127,0.5347593582887701,186,187,1,0,186,185,14952,0,0,0,0,2
2020-07-03,US,Iowa,Hancock,49,0,0,43.08178477,-93.73454884,19081.0,460.9595484477893,0.0,49,49,0,0,49,47,10712,0,0,0,0,2
2020-07-03,US,Iowa,Hardin,67,0,0,42.38353877,-93.23654611,19083.0,397.72052712810165,0.0,67,65,0,0,65,63,16868,2,0,0,2,2
2020-07-03,US,Iowa,Harrison,53,0,0,41.68330137,-95.81558439,19085.0,377.25104989678977,0.0,53,53,0,0,53,51,14134,0,0,0,0,2
2020-07-03,US,Iowa,Henry,86,3,0,40.98767962,-91.54436349,19087.0,430.99127994387084,3.4883720930232562,83,85,3,0,82,82,20067,1,0,0,1,3
2020-07-03,US,Iowa,Howard,29,0,0,43.35671042,-92.31702714,19089.0,316.66302686176016,0.0,29,28,0,0,28,27,9187,1,0,0,1,1
2020-07-03,US,Iowa,Humboldt,53,1,0,42.7764426,-94.20722537,19091.0,554.5093115714585,1.8867924528301887,52,53,1,0,52,51,9547,0,0,0,0,2
2020-07-03,US,Iowa,Ida,23,0,0,42.38696136,-95.51355387,19093.0,335.2769679300292,0.0,23,23,0,0,23,22,6841,0,0,0,0,1
2020-07-03,US,Iowa,Iowa,51,0,0,41.68630265,-92.0643373,19095.0,315.1260504201681,0.0,51,51,0,0,51,50,16141,0,0,0,0,1
2020-07-03,US,Iowa,Jackson,27,0,0,42.17178824,-90.57354837,19097.0,138.8960337465919,0.0,27,27,0,0,27,25,19432,0,0,0,0,2
2020-07-03,US,Iowa,Jasper,321,17,0,41.68576082,-93.05567785,19099.0,863.2513110125052,5.29595015576324,304,321,17,0,304,318,37147,0,0,0,0,3
2020-07-03,US,Iowa,Jefferson,59,0,0,41.03192394,-91.94849466,19101.0,322.4924842853239,0.0,59,58,0,0,58,53,18381,1,0,0,1,5
2020-07-03,US,Iowa,Johnson,1238,8,0,41.67169354,-91.58754744,19103.0,819.108111684531,0.6462035541195477,1230,1231,8,0,1223,1181,151260,7,0,0,7,50
2020-07-03,US,Iowa,Jones,56,0,0,42.12118609,-91.13139641,19105.0,270.77994294279773,0.0,56,56,0,0,56,55,20744,0,0,0,0,1
2020-07-03,US,Iowa,Keokuk,20,1,0,41.33649833,-92.1785067,19107.0,195.19812609798947,5.0,19,20,1,0,19,19,10225,0,0,0,0,1
2020-07-03,US,Iowa,Kossuth,33,0,0,43.20405458,-94.20691791,19109.0,222.7772902180517,0.0,33,33,0,0,33,32,14908,0,0,0,0,1
2020-07-03,US,Iowa,Lee,53,2,0,40.64181461,-91.48183025,19111.0,157.4709570074576,3.7735849056603774,51,50,2,0,48,49,34055,3,0,0,3,1
2020-07-03,US,Iowa,Linn,1242,82,0,42.07923082,-91.59809485,19113.0,547.8461090575457,6.602254428341385,1160,1238,82,0,1156,1215,225909,4,0,0,4,23
2020-07-03,US,Iowa,Louisa,360,13,0,41.21842119,-91.26102611,19115.0,3262.347077480743,3.611111111111111,347,360,13,0,347,360,11169,0,0,0,0,0
2020-07-03,US,Iowa,Lucas,30,4,0,41.02958964,-93.32780803,19117.0,348.8372093023256,13.333333333333336,26,30,4,0,26,30,8645,0,0,0,0,0
2020-07-03,US,Iowa,Lyon,41,0,0,43.38107862,-96.20926845,19119.0,348.78774989366235,0.0,41,40,0,0,40,40,11811,1,0,0,1,0
2020-07-03,US,Iowa,Madison,42,2,0,41.33081904,-94.01554631,19121.0,257.0694087403599,4.761904761904762,40,40,2,0,38,37,16249,2,0,0,2,3
2020-07-03,US,Iowa,Mahaska,115,17,0,41.33521503,-92.64083907,19123.0,520.479746548993,14.782608695652176,98,115,17,0,98,115,22000,0,0,0,0,0
2020-07-03,US,Iowa,Marion,68,0,0,41.33445101,-93.09934783,19125.0,204.49282771479264,0.0,68,68,0,0,68,66,33407,0,0,0,0,2
2020-07-03,US,Iowa,Marshall,1041,19,0,42.03586837,-92.9990819,19127.0,2644.212451421169,1.8251681075888568,1022,1035,19,0,1016,1016,39981,6,0,0,6,19
2020-07-03,US,Iowa,Mills,36,0,0,41.03299766,-95.61920963,19129.0,238.2685816400821,0.0,36,36,0,0,36,34,15063,0,0,0,0,2
2020-07-03,US,Iowa,Mitchell,37,0,0,43.35638371,-92.78887719,19131.0,349.51823162667677,0.0,37,34,0,0,34,28,10569,3,0,0,3,6
2020-07-03,US,Iowa,Monona,74,0,0,42.05220391,-95.95743843,19133.0,858.9669181659897,0.0,74,74,0,0,74,71,8679,0,0,0,0,3
2020-07-03,US,Iowa,Monroe,50,6,0,41.02988815,-92.8690667,19135.0,648.760866744518,12.0,44,50,6,0,44,50,7790,0,0,0,0,0
2020-07-03,US,Iowa,Montgomery,10,2,0,41.03018714,-95.15642896,19137.0,100.83694665725521,20.0,8,10,2,0,8,10,10003,0,0,0,0,0
2020-07-03,US,Iowa,Muscatine,624,44,0,41.48370744,-91.1121697,19139.0,1462.5914119632478,7.05128205128205,580,624,44,0,580,620,42929,0,0,0,0,4
2020-07-03,US,Iowa,O'Brien,86,1,0,43.08310673,-95.62474482,19141.0,625.3181124118374,1.162790697674419,85,86,1,0,85,85,13840,0,0,0,0,1
2020-07-03,US,Iowa,Osceola,59,0,0,43.37824276,-95.62422844,19143.0,990.2651896609599,0.0,59,58,0,0,58,56,6040,1,0,0,1,2
2020-07-03,US,Iowa,Page,20,0,0,40.7393172,-95.1497813,19145.0,132.38895876083936,0.0,20,20,0,0,20,20,15249,0,0,0,0,0
2020-07-03,US,Iowa,Palo Alto,36,0,0,43.08193849,-94.67824621,19147.0,405.1316677920324,0.0,36,36,0,0,36,31,8929,0,0,0,0,5
2020-07-03,US,Iowa,Plymouth,313,5,0,42.737633,-96.21366621,19149.0,1243.1981570480991,1.597444089456869,308,313,4,0,309,305,25095,0,1,0,-1,8
2020-07-03,US,Iowa,Pocahontas,93,1,0,42.73420133,-94.67862564,19151.0,1405.0460794681976,1.075268817204301,92,93,1,0,92,84,6740,0,0,0,0,9
2020-07-03,US,Iowa,Polk,6332,179,0,41.68679484,-93.57767461,19153.0,1291.8204426708776,2.826910928616551,6153,6275,178,0,6097,6120,487204,57,1,0,56,155
2020-07-03,US,Iowa,Pottawattamie,719,11,0,41.33640314,-95.53907776,19155.0,771.4095659077742,1.5299026425591098,708,719,11,0,708,701,93533,0,0,0,0,18
2020-07-03,US,Iowa,Poweshiek,104,8,0,41.68625425,-92.53155731,19157.0,562.0406398616516,7.6923076923076925,96,104,8,0,96,104,18699,0,0,0,0,0
2020-07-03,US,Iowa,Ringgold,15,0,0,40.73518949,-94.24368535,19159.0,306.49775234981615,0.0,15,15,0,0,15,15,4968,0,0,0,0,0
2020-07-03,US,Iowa,Sac,63,0,0,42.38624071,-95.10547892,19161.0,648.0814730994754,0.0,63,63,0,0,63,63,9719,0,0,0,0,0
2020-07-03,US,Iowa,Scott,719,10,0,41.63935978,-90.61959493,19163.0,415.7439156253795,1.3908205841446453,709,704,10,0,694,664,173283,15,0,0,15,40
2020-07-03,US,Iowa,Shelby,114,0,0,41.6850066,-95.31015553,19165.0,995.2854897852279,0.0,114,111,0,0,111,106,11578,3,0,0,3,5
2020-07-03,US,Iowa,Sioux,460,0,0,43.08221074,-96.1767568,19167.0,1319.7532635202986,0.0,460,461,0,0,461,457,34909,-1,0,0,-1,4
2020-07-03,US,Iowa,Story,751,3,0,42.03621213,-93.46499005,19169.0,773.2940679798593,0.3994673768308921,748,746,3,0,743,722,98105,5,0,0,5,24
2020-07-03,US,Iowa,Tama,460,29,0,42.07991767,-92.53266945,19171.0,2729.322416043669,6.304347826086956,431,458,29,0,429,451,16904,2,0,0,2,7
2020-07-03,US,Iowa,Taylor,79,0,0,40.73710579,-94.69778563,19173.0,1290.6387845123345,0.0,79,79,0,0,79,79,6191,0,0,0,0,0
2020-07-03,US,Iowa,Unassigned,7,0,0,0.0,0.0,90019.0,0.0,0.0,7,7,0,0,7,4,,0,0,0,0,3
2020-07-03,US,Iowa,Union,27,0,0,41.0277278,-94.24234847,19175.0,220.57021485172783,0.0,27,27,0,0,27,25,12359,0,0,0,0,2
2020-07-03,US,Iowa,Van Buren,19,0,0,40.75326764,-91.95017958,19177.0,269.73310618966497,0.0,19,19,0,0,19,19,7020,0,0,0,0,0
2020-07-03,US,Iowa,Wapello,705,30,0,41.03064984,-92.40954728,19179.0,2016.071377505791,4.25531914893617,675,702,30,0,672,701,35205,3,0,0,3,1
2020-07-03,US,Iowa,Warren,264,1,0,41.33559454,-93.56007641,19181.0,512.9600124353942,0.3787878787878788,263,258,1,0,257,249,51056,6,0,0,6,9
2020-07-03,US,Iowa,Washington,234,9,0,41.33577126,-91.71725711,19183.0,1065.3312087411791,3.8461538461538463,225,234,9,0,225,229,22141,0,0,0,0,5
2020-07-03,US,Iowa,Wayne,10,0,0,40.73969028,-93.32752197,19185.0,155.2553951249806,0.0,10,9,0,0,9,8,6401,1,0,0,1,1
2020-07-03,US,Iowa,Webster,171,2,0,42.42853483,-94.17987389,19187.0,476.2700534759358,1.1695906432748535,169,170,2,0,168,168,36277,1,0,0,1,2
2020-07-03,US,Iowa,Winnebago,27,0,0,43.37751174,-93.73407298,19189.0,260.7687850106239,0.0,27,27,0,0,27,26,10518,0,0,0,0,1
2020-07-03,US,Iowa,Winneshiek,37,0,0,43.29094334,-91.84422722,19191.0,185.08328747936568,0.0,37,36,0,0,36,32,20029,1,0,0,1,4
2020-07-03,US,Iowa,Woodbury,3206,44,0,42.38979414,-96.0459439,19193.0,3109.391214951458,1.372426699937617,3162,3201,44,0,3157,3177,102539,5,0,0,5,24
2020-07-03,US,Iowa,Worth,17,0,0,43.37750768,-93.26087602,19195.0,230.32109470261486,0.0,17,15,0,0,15,14,7453,2,0,0,2,1
2020-07-03,US,Iowa,Wright,377,1,0,42.73305373,-93.73515113,19197.0,3001.1144722178,0.26525198938992045,376,377,1,0,376,375,12690,0,0,0,0,2
2020-07-03,US,Kansas,Allen,4,0,0,37.88582951,-95.30030847,20001.0,32.338911795618074,0.0,4,4,0,0,4,4,12444,0,0,0,0,0
2020-07-03,US,Kansas,Anderson,4,0,0,38.21413251,-95.29272815,20003.0,50.903537795876815,0.0,4,4,0,0,4,4,7878,0,0,0,0,0
2020-07-03,US,Kansas,Atchison,39,0,0,39.53185661,-95.30870026,20005.0,242.6429415790456,0.0,39,39,0,0,39,36,16193,0,0,0,0,3
2020-07-03,US,Kansas,Barber,2,0,0,37.2288586,-98.68460053,20007.0,45.177320984865595,0.0,2,1,0,0,1,1,4472,1,0,0,1,0
2020-07-03,US,Kansas,Barton,57,2,0,38.47889676,-98.75636726,20009.0,221.1102059816129,3.5087719298245608,55,57,2,0,55,57,26111,0,0,0,0,0
2020-07-03,US,Kansas,Bourbon,28,1,0,37.85508555,-94.84865997,20011.0,192.65171322416404,3.571428571428572,27,28,1,0,27,28,14653,0,0,0,0,0
2020-07-03,US,Kansas,Brown,14,0,0,39.82652589,-95.56421698,20013.0,146.3822668339607,0.0,14,14,0,0,14,14,9598,0,0,0,0,0
2020-07-03,US,Kansas,Butler,60,0,0,37.78134351,-96.83878537,20015.0,89.6713544858095,0.0,60,60,0,0,60,56,66765,0,0,0,0,4
2020-07-03,US,Kansas,Chase,5,0,0,38.30292938,-96.59563862,20017.0,188.82175226586102,0.0,5,4,0,0,4,4,2629,1,0,0,1,0
2020-07-03,US,Kansas,Chautauqua,4,0,0,37.14994405,-96.2454192,20019.0,123.07692307692308,0.0,4,4,0,0,4,4,3309,0,0,0,0,0
2020-07-03,US,Kansas,Cherokee,38,0,0,37.16928494,-94.8462897,20021.0,190.581272882291,0.0,38,38,0,0,38,34,20015,0,0,0,0,4
2020-07-03,US,Kansas,Cheyenne,2,0,0,39.78580976,-101.7318201,20023.0,75.27286413248024,0.0,2,2,0,0,2,2,2660,0,0,0,0,0
2020-07-03,US,Kansas,Clark,34,1,0,37.23577007,-99.81883015,20025.0,1705.1153460381142,2.9411764705882355,33,34,1,0,33,34,2005,0,0,0,0,0
2020-07-03,US,Kansas,Clay,7,2,0,39.34948772,-97.16518128,20027.0,87.47813046738315,28.57142857142857,5,7,2,0,5,7,7997,0,0,0,0,0
2020-07-03,US,Kansas,Cloud,21,0,0,39.48028352,-97.64925343,20029.0,239.0166173457773,0.0,21,18,0,0,18,18,8729,3,0,0,3,0
2020-07-03,US,Kansas,Coffey,53,8,0,38.2365018,-95.73379515,20031.0,648.0009781146838,15.094339622641508,45,53,8,0,45,53,8233,0,0,0,0,0
2020-07-03,US,Kansas,Comanche,2,0,0,37.19114520000001,-99.27113247,20033.0,117.64705882352942,0.0,2,2,0,0,2,2,1748,0,0,0,0,0
2020-07-03,US,Kansas,Cowley,73,1,0,37.23781842,-96.83776647,20035.0,209.1211183682824,1.3698630136986298,72,71,1,0,70,71,35218,2,0,0,2,0
2020-07-03,US,Kansas,Crawford,266,1,0,37.50675523,-94.85245778,20037.0,685.249111237055,0.3759398496240601,265,262,1,0,261,262,39019,4,0,0,4,0
2020-07-03,US,Kansas,Dickinson,8,1,0,38.86600962,-97.15532383,20041.0,43.32286364128669,12.5,7,8,1,0,7,8,18717,0,0,0,0,0
2020-07-03,US,Kansas,Doniphan,26,0,0,39.79067154,-95.14056866,20043.0,342.10526315789474,0.0,26,26,0,0,26,26,7682,0,0,0,0,0
2020-07-03,US,Kansas,Douglas,251,0,0,38.88503636,-95.2925121,20045.0,205.30185916783225,0.0,251,190,0,0,190,190,121436,61,0,0,61,0
2020-07-03,US,Kansas,Edwards,7,0,0,37.88735543,-99.31263309,20047.0,250.17869907076482,0.0,7,7,0,0,7,7,2849,0,0,0,0,0
2020-07-03,US,Kansas,Elk,1,0,0,37.45338105,-96.24369667,20049.0,39.52569169960474,0.0,1,1,0,0,1,1,2508,0,0,0,0,0
2020-07-03,US,Kansas,Ellis,25,0,0,38.91458712,-99.31751551,20051.0,87.55647392568207,0.0,25,21,0,0,21,21,28710,4,0,0,4,0
2020-07-03,US,Kansas,Ellsworth,4,0,0,38.69677695,-98.20462799,20053.0,65.55227794165847,0.0,4,4,0,0,4,4,6196,0,0,0,0,0
2020-07-03,US,Kansas,Finney,1575,10,0,38.04340344,-100.73819379999999,20055.0,4318.973318342612,0.6349206349206349,1565,1575,10,0,1565,1574,36611,0,0,0,0,1
2020-07-03,US,Kansas,Ford,1954,8,0,37.69200114,-99.88825298,20057.0,5812.189535679228,0.4094165813715456,1946,1947,8,0,1939,1947,33888,7,0,0,7,0
2020-07-03,US,Kansas,Franklin,78,1,0,38.56443815,-95.28644341,20059.0,305.3554650798622,1.2820512820512822,77,77,0,0,77,77,25631,1,1,0,0,0
2020-07-03,US,Kansas,Geary,62,1,0,38.99871131,-96.7577178,20061.0,195.76886643511207,1.6129032258064515,61,61,1,0,60,53,32594,1,0,0,1,8
2020-07-03,US,Kansas,Gove,2,0,0,38.91588178,-100.4829321,20063.0,75.87253414264036,0.0,2,1,0,0,1,1,2612,1,0,0,1,0
2020-07-03,US,Kansas,Grant,51,1,0,37.56227336,-101.3079758,20067.0,713.2867132867133,1.96078431372549,50,51,1,0,50,48,7336,0,0,0,0,3
2020-07-03,US,Kansas,Gray,31,0,0,37.73836671,-100.4369088,20069.0,517.7020708082831,0.0,31,31,0,0,31,31,6033,0,0,0,0,0
2020-07-03,US,Kansas,Greenwood,11,0,0,37.8774388,-96.23250453,20073.0,183.884988298228,0.0,11,11,0,0,11,11,6055,0,0,0,0,0
2020-07-03,US,Kansas,Hamilton,30,0,0,37.99978709,-101.7921066,20075.0,1181.5675462780625,0.0,30,30,0,0,30,30,2607,0,0,0,0,0
2020-07-03,US,Kansas,Harper,4,0,0,37.19175361,-98.07578384,20077.0,73.58351729212656,0.0,4,4,0,0,4,4,5506,0,0,0,0,0
2020-07-03,US,Kansas,Harvey,43,0,0,38.04293782,-97.42747573,20079.0,124.89471085422173,0.0,43,38,0,0,38,37,34210,5,0,0,5,1
2020-07-03,US,Kansas,Haskell,28,0,0,37.562039399999996,-100.8710738,20081.0,705.6451612903226,0.0,28,24,0,0,24,24,3997,4,0,0,4,0
2020-07-03,US,Kansas,Hodgeman,9,0,0,38.08780079,-99.89829881,20083.0,501.6722408026756,0.0,9,9,0,0,9,9,1818,0,0,0,0,0
2020-07-03,US,Kansas,Jackson,113,1,0,39.41673394,-95.79356799,20085.0,857.9454862956495,0.8849557522123894,112,113,1,0,112,113,13280,0,0,0,0,0
2020-07-03,US,Kansas,Jefferson,28,0,0,39.2347941,-95.38289232,20087.0,147.03565614661557,0.0,28,25,0,0,25,25,18975,3,0,0,3,0
2020-07-03,US,Kansas,Jewell,4,0,0,39.78470589,-98.21820662,20089.0,138.9371309482459,0.0,4,4,0,0,4,4,2841,0,0,0,0,0
2020-07-03,US,Kansas,Johnson,1993,88,0,38.88548175,-94.82250877,20091.0,330.842744284953,4.415454089312594,1905,1816,88,0,1728,1798,597555,177,0,0,177,18
2020-07-03,US,Kansas,Kearny,48,1,0,38.00017981,-101.32168100000001,20093.0,1250.6513809275666,2.083333333333333,47,48,1,0,47,48,3943,0,0,0,0,0
2020-07-03,US,Kansas,Kiowa,3,0,0,37.55848695,-99.2856537,20097.0,121.21212121212122,0.0,3,3,0,0,3,3,2516,0,0,0,0,0
2020-07-03,US,Kansas,Labette,65,0,0,37.19113093,-95.29849679,20099.0,331.32837190335414,0.0,65,63,0,0,63,61,19964,2,0,0,2,2
2020-07-03,US,Kansas,Lane,5,0,0,38.48119447,-100.46607540000001,20101.0,325.73289902280135,0.0,5,5,0,0,5,5,1560,0,0,0,0,0
2020-07-03,US,Kansas,Leavenworth,1181,7,0,39.20183497,-95.03620809,20103.0,1444.50695956359,0.5927180355630821,1174,1171,7,0,1164,1171,81352,10,0,0,10,0
2020-07-03,US,Kansas,Lincoln,1,0,0,39.04549684,-98.20756994,20105.0,33.7609723160027,0.0,1,1,0,0,1,1,3023,0,0,0,0,0
2020-07-03,US,Kansas,Linn,15,0,0,38.21267844,-94.84254089,20107.0,154.59136349582604,0.0,15,14,0,0,14,14,9750,1,0,0,1,0
2020-07-03,US,Kansas,Logan,1,0,0,38.91735806,-101.148475,20109.0,35.79098067287043,0.0,1,1,0,0,1,1,2844,0,0,0,0,0
2020-07-03,US,Kansas,Lyon,502,7,0,38.45576156,-96.15275715,20111.0,1512.2759451724658,1.3944223107569722,495,499,7,0,492,499,33406,3,0,0,3,0
2020-07-03,US,Kansas,Marion,10,1,0,38.35855394,-97.09852509999999,20115.0,84.1467519353753,10.0,9,9,1,0,8,9,11950,1,0,0,1,0
2020-07-03,US,Kansas,Marshall,2,0,0,39.78359669,-96.52278974,20117.0,20.603688060162767,0.0,2,2,0,0,2,2,9722,0,0,0,0,0
2020-07-03,US,Kansas,McPherson,79,0,0,38.39184858,-97.64769869,20113.0,276.78508864130055,0.0,79,75,0,0,75,75,28537,4,0,0,4,0
2020-07-03,US,Kansas,Meade,30,0,0,37.23859987,-100.36483100000001,20119.0,743.86312918423,0.0,30,30,0,0,30,30,4146,0,0,0,0,0
2020-07-03,US,Kansas,Miami,35,0,0,38.56383358,-94.83832189,20121.0,102.22858311183808,0.0,35,34,0,0,34,34,33680,1,0,0,1,0
2020-07-03,US,Kansas,Mitchell,4,0,0,39.39331582,-98.20906732,20123.0,66.9008195350393,0.0,4,4,0,0,4,4,6150,0,0,0,0,0
2020-07-03,US,Kansas,Montgomery,45,3,0,37.19236568,-95.74329258,20125.0,141.38050205787175,6.666666666666668,42,45,3,0,42,44,32120,0,0,0,0,1
2020-07-03,US,Kansas,Morris,5,0,0,38.68827511,-96.65128437,20127.0,88.96797153024912,0.0,5,5,0,0,5,5,5521,0,0,0,0,0
2020-07-03,US,Kansas,Morton,7,2,0,37.19141121,-101.79925190000002,20129.0,270.5836876691148,28.57142857142857,5,7,2,0,5,6,2667,0,0,0,0,1
2020-07-03,US,Kansas,Nemaha,27,0,0,39.78345387,-96.01392079,20131.0,263.9038217183071,0.0,27,27,0,0,27,27,10155,0,0,0,0,0
2020-07-03,US,Kansas,Neosho,33,0,0,37.55862897,-95.30670046,20133.0,206.1598050852752,0.0,33,32,0,0,32,32,15951,1,0,0,1,0
2020-07-03,US,Kansas,Ness,4,0,0,38.47974157,-99.91547333,20135.0,145.45454545454547,0.0,4,4,0,0,4,4,2840,0,0,0,0,0
2020-07-03,US,Kansas,Norton,6,0,0,39.78443827,-99.90286639,20137.0,111.9194180190263,0.0,6,4,0,0,4,4,5430,2,0,0,2,0
2020-07-03,US,Kansas,Osage,15,0,0,38.65235984,-95.72707998,20139.0,94.04978368549752,0.0,15,14,0,0,14,13,15941,1,0,0,1,1
2020-07-03,US,Kansas,Osborne,2,0,0,39.3503437,-98.76753828,20141.0,58.46243788365975,0.0,2,2,0,0,2,2,3475,0,0,0,0,0
2020-07-03,US,Kansas,Ottawa,8,0,0,39.13237408,-97.65020313,20143.0,140.25245441795232,0.0,8,6,0,0,6,6,5802,2,0,0,2,0
2020-07-03,US,Kansas,Pawnee,3,0,0,38.18108732,-99.23692334,20145.0,46.772684752104766,0.0,3,3,0,0,3,3,6562,0,0,0,0,0
2020-07-03,US,Kansas,Phillips,10,0,0,39.78465501,-99.34668865,20147.0,191.05846388995042,0.0,10,10,0,0,10,3,5317,0,0,0,0,7
2020-07-03,US,Kansas,Pottawatomie,74,0,0,39.37925655,-96.34564657,20149.0,303.49013657056145,0.0,74,69,0,0,69,69,24277,5,0,0,5,0
2020-07-03,US,Kansas,Pratt,11,0,0,37.64780729,-98.73922153,20151.0,120.03491924923614,0.0,11,12,0,0,12,12,9378,-1,0,0,-1,0
2020-07-03,US,Kansas,Reno,74,0,0,37.95230263,-98.08607292,20155.0,119.35868898996742,0.0,74,73,0,0,73,66,62342,1,0,0,1,7
2020-07-03,US,Kansas,Republic,15,0,0,39.82799632,-97.65036709,20157.0,323.5547886108715,0.0,15,12,0,0,12,11,4664,3,0,0,3,1
2020-07-03,US,Kansas,Rice,4,0,0,38.34616184,-98.19992118,20159.0,41.94191045402118,0.0,4,4,0,0,4,4,9531,0,0,0,0,0
2020-07-03,US,Kansas,Riley,273,3,0,39.28935726,-96.73420026,20161.0,367.76592305205287,1.0989010989010992,270,261,3,0,258,242,73703,12,0,0,12,19
2020-07-03,US,Kansas,Rooks,7,0,0,39.35022773,-99.32484567,20163.0,142.27642276422762,0.0,7,7,0,0,7,7,5013,0,0,0,0,0
2020-07-03,US,Kansas,Rush,1,0,0,38.52275276,-99.30863983,20165.0,32.93807641633729,0.0,1,1,0,0,1,1,3093,0,0,0,0,0
2020-07-03,US,Kansas,Russell,2,0,0,38.91462787,-98.76254297,20167.0,29.171528588098017,0.0,2,2,0,0,2,2,6907,0,0,0,0,0
2020-07-03,US,Kansas,Saline,140,2,0,38.78369175,-97.65185177,20169.0,258.1882561227501,1.4285714285714286,138,123,2,0,121,123,54401,17,0,0,17,0
2020-07-03,US,Kansas,Scott,16,0,0,38.48222076,-100.90665390000001,20171.0,331.7437279701432,0.0,16,16,0,0,16,16,4897,0,0,0,0,0
2020-07-03,US,Kansas,Sedgwick,1432,28,0,37.6842718,-97.4608198,20173.0,277.49679289670223,1.9553072625698324,1404,1328,28,0,1300,1278,513607,104,0,0,104,50
2020-07-03,US,Kansas,Seward,1033,2,0,37.19324632,-100.85072009999999,20175.0,4820.795221205899,0.1936108422071636,1031,1019,2,0,1017,1019,21780,14,0,0,14,0
2020-07-03,US,Kansas,Shawnee,747,13,0,39.04100763,-95.75572640000001,20177.0,422.3321554770318,1.7402945113788488,734,709,13,0,696,670,177499,38,0,0,38,39
2020-07-03,US,Kansas,Sheridan,5,0,0,39.35018161,-100.44182590000001,20179.0,198.33399444664815,0.0,5,5,0,0,5,5,2533,0,0,0,0,0
2020-07-03,US,Kansas,Sherman,7,0,0,39.35147699,-101.71976240000001,20181.0,118.30319418624303,0.0,7,7,0,0,7,7,5899,0,0,0,0,0
2020-07-03,US,Kansas,Smith,3,0,0,39.78516566,-98.78566062,20183.0,83.72871895060004,0.0,3,3,0,0,3,3,3603,0,0,0,0,0
2020-07-03,US,Kansas,Stafford,1,0,0,38.03100851,-98.71762001,20185.0,24.06159769008662,0.0,1,1,0,0,1,1,4178,0,0,0,0,0
2020-07-03,US,Kansas,Stanton,11,0,0,37.56304714,-101.78435340000001,20187.0,548.3549351944166,0.0,11,10,0,0,10,10,1987,1,0,0,1,0
2020-07-03,US,Kansas,Stevens,32,0,0,37.1923008,-101.3118967,20189.0,583.4092980856882,0.0,32,32,0,0,32,32,5559,0,0,0,0,0
2020-07-03,US,Kansas,Sumner,13,1,0,37.23682549,-97.47721621,20191.0,56.927658083727465,7.6923076923076925,12,13,1,0,12,13,22996,0,0,0,0,0
2020-07-03,US,Kansas,Thomas,15,0,0,39.35107575,-101.0553705,20193.0,192.87643050019287,0.0,15,15,0,0,15,15,7711,0,0,0,0,0
2020-07-03,US,Kansas,Trego,1,0,0,38.91467218,-99.87284448,20195.0,35.67606136282553,0.0,1,1,0,0,1,1,2793,0,0,0,0,0
2020-07-03,US,Kansas,Unassigned,0,1,0,0.0,0.0,90020.0,0.0,0.0,-1,0,1,0,-1,0,,0,0,0,0,0
2020-07-03,US,Kansas,Wabaunsee,36,0,0,38.95471985,-96.20350509,20197.0,519.4055691819362,0.0,36,35,0,0,35,35,6899,1,0,0,1,0
2020-07-03,US,Kansas,Washington,1,0,0,39.78420784,-97.08753229999999,20201.0,18.49796522382538,0.0,1,1,0,0,1,1,5420,0,0,0,0,0
2020-07-03,US,Kansas,Wilson,3,0,0,37.55937174,-95.74323255,20205.0,35.190615835777116,0.0,3,3,0,0,3,2,8665,0,0,0,0,1
2020-07-03,US,Kansas,Woodson,10,0,0,37.8865336,-95.74006277,20207.0,318.6743148502232,0.0,10,10,0,0,10,10,3183,0,0,0,0,0
2020-07-03,US,Kansas,Wyandotte,2495,84,0,39.11727348,-94.76378225,20209.0,1508.1998924009695,3.3667334669338675,2411,2336,83,0,2253,2335,165324,159,1,0,158,1
2020-07-03,US,Kentucky,Adair,126,19,0,37.10459774,-85.28129668,21001.0,656.1816477450268,15.079365079365079,107,123,19,0,104,121,19215,3,0,0,3,2
2020-07-03,US,Kentucky,Allen,171,7,0,36.75197631,-86.19457544,21003.0,802.2519352568613,4.093567251461988,164,170,7,0,163,168,21122,1,0,0,1,2
2020-07-03,US,Kentucky,Anderson,29,1,0,38.00671029,-84.99171713,21005.0,127.48933925352794,3.4482758620689653,28,27,1,0,26,26,22663,2,0,0,2,1
2020-07-03,US,Kentucky,Ballard,14,0,0,37.05842757,-88.99427697,21007.0,177.4847870182556,0.0,14,14,0,0,14,14,7979,0,0,0,0,0
2020-07-03,US,Kentucky,Barren,92,2,0,36.96469836,-85.93338945,21009.0,207.9143031480937,2.1739130434782608,90,90,2,0,88,86,44176,2,0,0,2,4
2020-07-03,US,Kentucky,Bath,18,1,0,38.14735938,-83.74588932,21011.0,144.0,5.5555555555555545,17,15,1,0,14,15,12383,3,0,0,3,0
2020-07-03,US,Kentucky,Bell,13,0,0,36.73355174,-83.67766671,21013.0,49.93853718500307,0.0,13,9,0,0,9,8,26569,4,0,0,4,1
2020-07-03,US,Kentucky,Boone,615,23,0,38.97065142,-84.72615357,21015.0,460.3948166281134,3.739837398373984,592,606,23,0,583,602,131533,9,0,0,9,4
2020-07-03,US,Kentucky,Bourbon,34,1,0,38.2054607,-84.21827874,21017.0,171.8213058419244,2.9411764705882355,33,33,1,0,32,32,20184,1,0,0,1,1
2020-07-03,US,Kentucky,Boyd,67,3,0,38.36176608,-82.68652187,21019.0,143.41367353054497,4.477611940298506,64,64,3,0,61,62,47240,3,0,0,3,2
2020-07-03,US,Kentucky,Boyle,40,0,0,37.62680923,-84.8633779,21021.0,133.0671989354624,0.0,40,40,0,0,40,39,30100,0,0,0,0,1
2020-07-03,US,Kentucky,Bracken,17,0,0,38.69158994,-84.08532444,21023.0,204.74527279296643,0.0,17,17,0,0,17,17,8239,0,0,0,0,0
2020-07-03,US,Kentucky,Breathitt,9,0,0,37.52333168,-83.31959161,21025.0,71.25890736342043,0.0,9,8,0,0,8,8,12726,1,0,0,1,0
2020-07-03,US,Kentucky,Breckinridge,25,2,0,37.77377239,-86.42885017,21027.0,122.08819651316112,8.0,23,24,2,0,22,24,20388,1,0,0,1,0
2020-07-03,US,Kentucky,Bullitt,154,4,0,37.97162523,-85.68955617,21029.0,188.54988001371268,2.5974025974025974,150,152,4,0,148,151,81069,2,0,0,2,1
2020-07-03,US,Kentucky,Butler,257,14,0,37.20946153,-86.68748787,21031.0,1995.4965447627922,5.447470817120624,243,256,14,0,242,257,12772,1,0,0,1,-1
2020-07-03,US,Kentucky,Caldwell,15,0,0,37.14749129,-87.86948214,21033.0,117.67474699929396,0.0,15,15,0,0,15,15,12715,0,0,0,0,0
2020-07-03,US,Kentucky,Calloway,86,1,0,36.62093411,-88.2731593,21035.0,220.5071664829107,1.162790697674419,85,85,1,0,84,82,39135,1,0,0,1,3
2020-07-03,US,Kentucky,Campbell,270,13,0,38.94384345,-84.37875208,21037.0,288.51085655667634,4.814814814814816,257,267,13,0,254,262,93152,3,0,0,3,5
2020-07-03,US,Kentucky,Carlisle,5,1,0,36.85372876,-88.96692220000001,21039.0,105.04201680672269,20.0,4,5,1,0,4,5,4771,0,0,0,0,0
2020-07-03,US,Kentucky,Carroll,42,1,0,38.66599534,-85.12601074,21041.0,395.0710187188411,2.380952380952381,41,37,1,0,36,37,10737,5,0,0,5,0
2020-07-03,US,Kentucky,Carter,29,0,0,38.31690743,-83.05092385,21043.0,108.22106952270777,0.0,29,26,0,0,26,25,27004,3,0,0,3,1
2020-07-03,US,Kentucky,Casey,21,0,0,37.32533118,-84.92726209,21045.0,129.95853703818307,0.0,21,19,0,0,19,19,15888,2,0,0,2,0
2020-07-03,US,Kentucky,Christian,210,4,0,36.89267803,-87.49055367,21047.0,298.03721207476474,1.9047619047619049,206,204,4,0,200,195,71671,6,0,0,6,9
2020-07-03,US,Kentucky,Clark,99,5,0,37.9689263,-84.14615986,21049.0,273.00554283980915,5.05050505050505,94,98,5,0,93,98,36249,1,0,0,1,0
2020-07-03,US,Kentucky,Clay,68,3,0,37.16451126,-83.712575,21051.0,341.6913722928496,4.411764705882354,65,64,3,0,61,62,20105,4,0,0,4,2
2020-07-03,US,Kentucky,Clinton,5,0,0,36.72581156,-85.13377529,21053.0,48.93325504012528,0.0,5,5,0,0,5,5,10206,0,0,0,0,0
2020-07-03,US,Kentucky,Crittenden,9,1,0,37.35839237,-88.08826090000002,21055.0,102.20304337951396,11.111111111111109,8,9,1,0,8,9,8915,0,0,0,0,0
2020-07-03,US,Kentucky,Cumberland,6,0,0,36.78926125,-85.39050034,21057.0,90.71666162685213,0.0,6,6,0,0,6,6,6659,0,0,0,0,0
2020-07-03,US,Kentucky,Daviess,452,8,0,37.73028906,-87.09019479999998,21059.0,445.2719409719144,1.7699115044247788,444,440,8,0,432,435,101104,12,0,0,12,5
2020-07-03,US,Kentucky,Edmonson,75,11,0,37.21218923,-86.23955613,21061.0,617.2839506172841,14.666666666666664,64,75,11,0,64,75,12274,0,0,0,0,0
2020-07-03,US,Kentucky,Elliott,3,0,0,38.11624059,-83.09771563,21063.0,39.90953837967274,0.0,3,3,0,0,3,3,7508,0,0,0,0,0
2020-07-03,US,Kentucky,Estill,4,0,0,37.69241417,-83.95956369,21065.0,28.356727633631078,0.0,4,4,0,0,4,4,14198,0,0,0,0,0
2020-07-03,US,Kentucky,Fayette,1510,28,0,38.0368225,-84.45576892,21067.0,467.272367183245,1.854304635761589,1482,1495,27,0,1468,1467,323780,15,1,0,14,28
2020-07-03,US,Kentucky,Fleming,21,0,0,38.36758311,-83.69657514,21069.0,144.0230436869899,0.0,21,21,0,0,21,21,14432,0,0,0,0,0
2020-07-03,US,Kentucky,Floyd,32,0,0,37.56213922,-82.74750924,21071.0,89.9154233049538,0.0,32,31,0,0,31,29,35845,1,0,0,1,2
2020-07-03,US,Kentucky,Franklin,144,4,0,38.2379395,-84.87962551,21073.0,282.4027769606401,2.7777777777777777,140,140,4,0,136,138,50815,4,0,0,4,2
2020-07-03,US,Kentucky,Fulton,24,0,0,36.55238827,-89.20140068,21075.0,402.0773998994807,0.0,24,23,0,0,23,23,6120,1,0,0,1,0
2020-07-03,US,Kentucky,Gallatin,65,8,0,38.75398691,-84.8558382,21077.0,732.8898410192807,12.307692307692307,57,65,8,0,57,65,8832,0,0,0,0,0
2020-07-03,US,Kentucky,Garrard,26,0,0,37.638866799999995,-84.53289319,21079.0,147.17536510811732,0.0,26,25,0,0,25,24,17560,1,0,0,1,1
2020-07-03,US,Kentucky,Grant,59,4,0,38.64962758,-84.62415957,21081.0,235.35043280545693,6.779661016949151,55,58,4,0,54,58,25121,1,0,0,1,0
2020-07-03,US,Kentucky,Graves,219,21,0,36.72292505,-88.65143315,21083.0,587.667042344228,9.58904109589041,198,214,21,0,193,207,37317,5,0,0,5,7
2020-07-03,US,Kentucky,Grayson,140,11,0,37.46231118,-86.34248968,21085.0,529.7612290460514,7.857142857142858,129,139,11,0,128,138,26321,1,0,0,1,1
2020-07-03,US,Kentucky,Green,5,1,0,37.26484328,-85.5540745,21087.0,45.6996618225025,20.0,4,5,1,0,4,5,11049,0,0,0,0,0
2020-07-03,US,Kentucky,Greenup,33,0,0,38.54332505,-82.9215658,21089.0,94.02245142173344,0.0,33,30,0,0,30,28,35268,3,0,0,3,2
2020-07-03,US,Kentucky,Hancock,19,0,0,37.83766422,-86.78280584,21091.0,217.83994496675075,0.0,19,18,0,0,18,18,8758,1,0,0,1,0
2020-07-03,US,Kentucky,Hardin,177,6,0,37.6976111,-85.96319251,21093.0,159.51981830963066,3.3898305084745757,171,171,6,0,165,164,110356,6,0,0,6,7
2020-07-03,US,Kentucky,Harlan,27,2,0,36.85699301,-83.21899516,21095.0,103.80622837370242,7.407407407407407,25,26,2,0,24,24,26409,1,0,0,1,2
2020-07-03,US,Kentucky,Harrison,74,0,0,38.44188174,-84.32869741,21097.0,391.82463200254165,0.0,74,73,0,0,73,73,18778,1,0,0,1,0
2020-07-03,US,Kentucky,Hart,42,0,0,37.29943898,-85.88461055,21099.0,220.64617809298664,0.0,42,42,0,0,42,41,18906,0,0,0,0,1
2020-07-03,US,Kentucky,Henderson,163,3,0,37.79344553,-87.57392021,21101.0,360.53970360539705,1.8404907975460123,160,161,3,0,158,160,45591,2,0,0,2,1
2020-07-03,US,Kentucky,Henry,36,2,0,38.44942688,-85.11587507,21103.0,223.24196949026413,5.5555555555555545,34,36,2,0,34,35,16106,0,0,0,0,1
2020-07-03,US,Kentucky,Hickman,5,0,0,36.67948079999999,-88.97875928,21105.0,114.15525114155253,0.0,5,5,0,0,5,5,4421,0,0,0,0,0
2020-07-03,US,Kentucky,Hopkins,265,32,0,37.30939025,-87.54670406,21107.0,593.0268988049949,12.075471698113208,233,262,32,0,230,255,45068,3,0,0,3,7
2020-07-03,US,Kentucky,Jackson,114,14,0,37.41866422,-83.99825483,21109.0,855.277965338735,12.280701754385964,100,113,14,0,99,109,13442,1,0,0,1,4
2020-07-03,US,Kentucky,Jefferson,4034,197,0,38.18664655,-85.65931031,21111.0,526.1119233342506,4.8834903321765,3837,3991,196,0,3795,3942,770517,43,1,0,42,49
2020-07-03,US,Kentucky,Jessamine,111,0,0,37.87119786,-84.58252003,21113.0,205.11872863346576,0.0,111,108,0,0,108,106,53920,3,0,0,3,2
2020-07-03,US,Kentucky,Johnson,10,0,0,37.85106355,-82.8264322,21115.0,45.06940688660537,0.0,10,9,0,0,9,9,22386,1,0,0,1,0
2020-07-03,US,Kentucky,Kenton,814,36,0,38.93950319,-84.53241199,21117.0,487.4309871974515,4.422604422604422,778,807,36,0,771,800,166051,7,0,0,7,7
2020-07-03,US,Kentucky,Knott,11,0,0,37.35388197,-82.94981134,21119.0,74.29420505200595,0.0,11,10,0,0,10,8,15126,1,0,0,1,2
2020-07-03,US,Kentucky,Knox,73,0,0,36.89225732,-83.85403396,21121.0,234.38754214159576,0.0,73,71,0,0,71,69,31304,2,0,0,2,2
2020-07-03,US,Kentucky,Larue,15,1,0,37.54567114,-85.70138352,21123.0,104.18113626892624,6.666666666666668,14,15,1,0,14,15,14307,0,0,0,0,0
2020-07-03,US,Kentucky,Laurel,124,3,0,37.10975748,-84.11321779,21125.0,203.9037705753704,2.419354838709677,121,114,3,0,111,111,60669,10,0,0,10,3
2020-07-03,US,Kentucky,Lawrence,9,0,0,38.07136018,-82.72882223,21127.0,58.75824247568062,0.0,9,8,0,0,8,8,15571,1,0,0,1,0
2020-07-03,US,Kentucky,Lee,1,0,0,37.59645942,-83.71513901,21129.0,13.508037282182901,0.0,1,1,0,0,1,1,7033,0,0,0,0,0
2020-07-03,US,Kentucky,Leslie,10,0,0,37.09246661,-83.37999606,21131.0,101.24531740407005,0.0,10,9,0,0,9,8,10143,1,0,0,1,1
2020-07-03,US,Kentucky,Letcher,14,0,0,37.12306748,-82.85346474,21133.0,64.95615459564793,0.0,14,14,0,0,14,14,21899,0,0,0,0,0
2020-07-03,US,Kentucky,Lewis,22,0,0,38.53184419,-83.37735618,21135.0,165.72504708097932,0.0,22,22,0,0,22,22,13257,0,0,0,0,0
2020-07-03,US,Kentucky,Lincoln,30,1,0,37.45475628,-84.6565327,21137.0,122.20457045093487,3.333333333333333,29,29,1,0,28,28,24644,1,0,0,1,1
2020-07-03,US,Kentucky,Livingston,10,0,0,37.21137452,-88.34797529,21139.0,108.76658690450293,0.0,10,10,0,0,10,10,9242,0,0,0,0,0
2020-07-03,US,Kentucky,Logan,227,12,0,36.85949479,-86.877635,21141.0,837.5765626153052,5.286343612334802,215,222,12,0,210,220,26989,5,0,0,5,2
2020-07-03,US,Kentucky,Lyon,20,3,0,37.02080035,-88.07886257,21143.0,243.605359317905,15.0,17,20,3,0,17,20,8009,0,0,0,0,0
2020-07-03,US,Kentucky,Madison,130,1,0,37.71659336,-84.27220275,21151.0,139.8044887995096,0.7692307692307693,129,126,1,0,125,122,92368,4,0,0,4,4
2020-07-03,US,Kentucky,Magoffin,6,0,0,37.70820545,-83.0657714,21153.0,49.33804785790642,0.0,6,6,0,0,6,5,12362,0,0,0,0,1
2020-07-03,US,Kentucky,Marion,52,0,0,37.55218078,-85.26898542,21155.0,269.80750272401804,0.0,52,52,0,0,52,52,19404,0,0,0,0,0
2020-07-03,US,Kentucky,Marshall,60,2,0,36.88007070000001,-88.32803576,21157.0,192.92604501607718,3.333333333333333,58,60,2,0,58,59,31191,0,0,0,0,1
2020-07-03,US,Kentucky,Martin,8,0,0,37.79990579,-82.51247478,21159.0,71.46047342563645,0.0,8,8,0,0,8,7,11323,0,0,0,0,1
2020-07-03,US,Kentucky,Mason,33,0,0,38.59471935,-83.82151043,21161.0,193.32161687170475,0.0,33,31,0,0,31,31,17150,2,0,0,2,0
2020-07-03,US,Kentucky,McCracken,172,3,0,37.05350953,-88.70445755,21145.0,262.9245773334556,1.7441860465116281,169,170,3,0,167,168,65346,2,0,0,2,2
2020-07-03,US,Kentucky,McCreary,18,0,0,36.73874143,-84.48102924,21147.0,104.46288665776798,0.0,18,18,0,0,18,18,17408,0,0,0,0,0
2020-07-03,US,Kentucky,McLean,26,1,0,37.5301951,-87.26803443,21149.0,282.39383078092754,3.8461538461538463,25,25,1,0,24,24,9252,1,0,0,1,1
2020-07-03,US,Kentucky,Meade,28,2,0,37.96163597,-86.21028219,21163.0,97.9980400391992,7.142857142857142,26,28,2,0,26,26,28715,0,0,0,0,2
2020-07-03,US,Kentucky,Menifee,13,0,0,37.94090733,-83.59985712,21165.0,200.3390352904916,0.0,13,13,0,0,13,13,6451,0,0,0,0,0
2020-07-03,US,Kentucky,Mercer,24,0,0,37.81474237,-84.87488475,21167.0,109.42415538230064,0.0,24,24,0,0,24,23,21774,0,0,0,0,1
2020-07-03,US,Kentucky,Metcalfe,11,2,0,36.99459295,-85.63123699,21169.0,109.22450600734786,18.181818181818183,9,11,2,0,9,10,10030,0,0,0,0,1
2020-07-03,US,Kentucky,Monroe,40,1,0,36.71225341,-85.71596443,21171.0,375.58685446009383,2.5,39,38,1,0,37,36,10718,2,0,0,2,2
2020-07-03,US,Kentucky,Montgomery,56,0,0,38.03253032,-83.9145241,21173.0,198.88482437759706,0.0,56,52,0,0,52,52,28203,4,0,0,4,0
2020-07-03,US,Kentucky,Morgan,9,0,0,37.92465657,-83.25558245,21175.0,67.62341272822901,0.0,9,8,0,0,8,8,13345,1,0,0,1,0
2020-07-03,US,Kentucky,Muhlenberg,510,8,0,37.21425819,-87.14632053,21177.0,1665.469270459147,1.568627450980392,502,506,8,0,498,505,30774,4,0,0,4,1
2020-07-03,US,Kentucky,Nelson,81,1,0,37.80335779,-85.4657193,21179.0,175.19953280124585,1.2345679012345678,80,77,1,0,76,76,45851,4,0,0,4,1
2020-07-03,US,Kentucky,Nicholas,8,0,0,38.33342292,-84.01889177,21181.0,110.05640390700232,0.0,8,6,0,0,6,5,7166,2,0,0,2,1
2020-07-03,US,Kentucky,Ohio,188,0,0,37.47751843,-86.85368087,21183.0,783.5292156372426,0.0,188,187,0,0,187,187,24087,1,0,0,1,0
2020-07-03,US,Kentucky,Oldham,139,7,0,38.39791089,-85.448222,21185.0,208.0869474093924,5.035971223021583,132,131,7,0,124,130,66470,8,0,0,8,1
2020-07-03,US,Kentucky,Owen,7,0,0,38.51679143,-84.82404619,21187.0,64.21429226676453,0.0,7,6,0,0,6,6,10880,1,0,0,1,0
2020-07-03,US,Kentucky,Owsley,3,0,0,37.42823949,-83.68811419,21189.0,67.95016987542469,0.0,3,3,0,0,3,2,4472,0,0,0,0,1
2020-07-03,US,Kentucky,Pendleton,19,0,0,38.69607718,-84.35599463,21191.0,130.22618231665524,0.0,19,17,0,0,17,17,14529,2,0,0,2,0
2020-07-03,US,Kentucky,Perry,62,1,0,37.25023553,-83.22922731,21193.0,240.7019178507648,1.6129032258064515,61,62,1,0,61,57,26092,0,0,0,0,5
2020-07-03,US,Kentucky,Pike,99,2,0,37.47088263,-82.39487445,21195.0,171.05535973460502,2.0202020202020203,97,91,2,0,89,86,58402,8,0,0,8,5
2020-07-03,US,Kentucky,Powell,8,0,0,37.83218794,-83.82553961,21197.0,64.73015616150174,0.0,8,7,0,0,7,7,12442,1,0,0,1,0
2020-07-03,US,Kentucky,Pulaski,100,2,0,37.10466131,-84.57629079,21199.0,153.8958740516167,2.0,98,99,2,0,97,94,64623,1,0,0,1,5
2020-07-03,US,Kentucky,Robertson,1,0,0,38.51923469,-84.05055616,21201.0,47.43833017077799,0.0,1,1,0,0,1,1,2135,0,0,0,0,0
2020-07-03,US,Kentucky,Rockcastle,21,0,0,37.36642393,-84.31176452,21203.0,125.78616352201256,0.0,21,21,0,0,21,21,16750,0,0,0,0,0
2020-07-03,US,Kentucky,Rowan,23,0,0,38.19484205,-83.42088935,21205.0,94.03107113654949,0.0,23,22,0,0,22,22,24583,1,0,0,1,0
2020-07-03,US,Kentucky,Russell,47,4,0,36.99308373,-85.06070117,21207.0,262.2328851196786,8.51063829787234,43,46,4,0,42,46,17821,1,0,0,1,0
2020-07-03,US,Kentucky,Scott,99,0,0,38.29622293,-84.5816631,21209.0,173.67202301592872,0.0,99,97,0,0,97,91,56031,2,0,0,2,6
2020-07-03,US,Kentucky,Shelby,433,16,0,38.21476019,-85.194223,21211.0,883.2408616187987,3.6951501154734414,417,420,14,0,406,418,48518,13,2,0,11,2
2020-07-03,US,Kentucky,Simpson,80,3,0,36.74058474,-86.58047435,21213.0,430.75597673917724,3.75,77,78,3,0,75,78,18529,2,0,0,2,0
2020-07-03,US,Kentucky,Spencer,38,0,0,38.03223971,-85.32749335,21215.0,196.3722805022996,0.0,38,37,0,0,37,37,18794,1,0,0,1,0
2020-07-03,US,Kentucky,Taylor,43,1,0,37.3677562,-85.3329931,21217.0,166.86716597462066,2.3255813953488373,42,43,1,0,42,42,25549,0,0,0,0,1
2020-07-03,US,Kentucky,Todd,26,0,0,36.8381152,-87.17878374,21219.0,211.4852773710753,0.0,26,25,0,0,25,25,12311,1,0,0,1,0
2020-07-03,US,Kentucky,Trigg,26,0,0,36.80767017,-87.87333656,21221.0,177.4622892635315,0.0,26,26,0,0,26,26,14643,0,0,0,0,0
2020-07-03,US,Kentucky,Trimble,6,0,0,38.61056487,-85.33775972,21223.0,70.82989021367017,0.0,6,6,0,0,6,6,8515,0,0,0,0,0
2020-07-03,US,Kentucky,Unassigned,4,0,0,0.0,0.0,90021.0,0.0,0.0,4,4,0,0,4,4,,0,0,0,0,0
2020-07-03,US,Kentucky,Union,29,0,0,37.66166713,-87.94300009,21225.0,201.65496140741257,0.0,29,29,0,0,29,29,14505,0,0,0,0,0
2020-07-03,US,Kentucky,Warren,1583,14,0,36.99903045,-86.42672751,21227.0,1191.1569949434145,0.8843967150979154,1569,1558,14,0,1544,1547,131264,25,0,0,25,11
2020-07-03,US,Kentucky,Washington,25,0,0,37.75599461,-85.17407732,21229.0,206.69698222405952,0.0,25,24,0,0,24,24,12084,1,0,0,1,0
2020-07-03,US,Kentucky,Wayne,16,0,0,36.80310688,-84.8251971,21231.0,78.68981458712437,0.0,16,15,0,0,15,15,20468,1,0,0,1,0
2020-07-03,US,Kentucky,Webster,42,0,0,37.52168356,-87.67989953,21233.0,324.52480296708393,0.0,42,41,0,0,41,41,13111,1,0,0,1,0
2020-07-03,US,Kentucky,Whitley,32,0,0,36.75700531,-84.14541217,21235.0,88.2417824840062,0.0,32,29,0,0,29,28,36242,3,0,0,3,1
2020-07-03,US,Kentucky,Wolfe,4,0,0,37.73941626,-83.49303612,21237.0,55.88933910856503,0.0,4,4,0,0,4,3,7177,0,0,0,0,1
2020-07-03,US,Kentucky,Woodford,73,0,0,38.04178222,-84.7417556,21239.0,273.0605221814917,0.0,73,68,0,0,68,67,26533,5,0,0,5,1
2020-07-03,US,Louisiana,Acadia,968,39,0,30.295064899999996,-92.41419698,22001.0,1560.1579498750907,4.028925619834712,929,945,37,0,908,919,62190,23,2,0,21,26
2020-07-03,US,Louisiana,Allen,321,11,0,30.65385745,-92.82442028,22003.0,1252.5851640847545,3.4267912772585665,310,316,11,0,305,310,25605,5,0,0,5,6
2020-07-03,US,Louisiana,Ascension,1278,58,0,30.20406249,-90.91328409999998,22005.0,1009.4467789327352,4.538341158059468,1220,1246,58,0,1188,1213,124672,32,0,0,32,33
2020-07-03,US,Louisiana,Assumption,373,15,0,29.89946234,-91.06461642,22007.0,1703.896578502581,4.021447721179625,358,364,15,0,349,357,22300,9,0,0,9,7
2020-07-03,US,Louisiana,Avoyelles,378,14,0,31.07796211,-92.00079449,22009.0,941.6102032682344,3.703703703703704,364,375,14,0,361,341,40462,3,0,0,3,34
2020-07-03,US,Louisiana,Beauregard,231,9,0,30.64836518,-93.34173616,22011.0,616.0492839427154,3.8961038961038965,222,228,9,0,219,214,37253,3,0,0,3,14
2020-07-03,US,Louisiana,Bienville,233,27,0,32.34569994,-93.05398492,22013.0,1759.6858243335096,11.587982832618025,206,230,27,0,203,227,13308,3,0,0,3,3
2020-07-03,US,Louisiana,Bossier,971,33,0,32.67932307,-93.60460152,22015.0,764.3322129424823,3.3985581874356336,938,947,32,0,915,906,127185,24,1,0,23,41
2020-07-03,US,Louisiana,Caddo,3598,243,0,32.57991587,-93.88375652,22017.0,1497.8934572280234,6.753752084491384,3355,3520,235,0,3285,3418,242922,78,8,0,70,102
2020-07-03,US,Louisiana,Calcasieu,2000,59,0,30.22931235,-93.35400434,22019.0,983.1101673253503,2.95,1941,1852,59,0,1793,1729,203112,148,0,0,148,123
2020-07-03,US,Louisiana,Caldwell,106,1,0,32.0902519,-92.11752148,22021.0,1068.7638636821941,0.9433962264150944,105,105,1,0,104,105,9960,1,0,0,1,0
2020-07-03,US,Louisiana,Cameron,56,0,0,29.87592238,-93.19310676,22023.0,803.0976624121613,0.0,56,54,0,0,54,53,6968,2,0,0,2,1
2020-07-03,US,Louisiana,Catahoula,194,3,0,31.66778967,-91.84526385,22025.0,2043.3958289445968,1.5463917525773196,191,192,3,0,189,190,9608,2,0,0,2,2
2020-07-03,US,Louisiana,Claiborne,125,10,0,32.82308512,-92.99526883,22027.0,797.7026164645821,8.0,115,122,10,0,112,120,15944,3,0,0,3,2
2020-07-03,US,Louisiana,Concordia,117,6,0,31.44817835,-91.63814433,22029.0,607.5081779947037,5.128205128205129,111,113,6,0,107,111,19572,4,0,0,4,2
2020-07-03,US,Louisiana,De Soto,361,19,0,32.05457447,-93.74130302,22031.0,1314.4958671667337,5.2631578947368425,342,357,19,0,338,349,27436,4,0,0,4,8
2020-07-03,US,Louisiana,East Baton Rouge,5684,274,0,30.53842039,-91.09777565,22033.0,1291.6449839680588,4.820548909218861,5410,5531,273,0,5258,5350,440956,153,1,0,152,181
2020-07-03,US,Louisiana,East Carroll,444,1,0,32.73926954,-91.23425694,22035.0,6471.3598600787045,0.22522522522522526,443,445,1,0,444,445,7037,-1,0,0,-1,0
2020-07-03,US,Louisiana,East Feliciana,308,33,0,30.84425359,-91.04976723,22037.0,1609.6158871178463,10.714285714285714,275,302,33,0,269,300,19305,6,0,0,6,2
2020-07-03,US,Louisiana,Evangeline,216,1,0,30.72985248,-92.39915924,22039.0,646.8034136846834,0.462962962962963,215,202,1,0,201,201,33443,14,0,0,14,1
2020-07-03,US,Louisiana,Franklin,483,14,0,32.13675181,-91.67589857,22041.0,2413.190107419435,2.898550724637681,469,475,14,0,461,471,20156,8,0,0,8,4
2020-07-03,US,Louisiana,Grant,93,1,0,31.59882456,-92.56124347,22043.0,415.3825539327348,1.075268817204301,92,90,1,0,89,86,22482,3,0,0,3,4
2020-07-03,US,Louisiana,Iberia,844,44,0,29.86803617,-91.75871777,22045.0,1208.6495775454675,5.213270142180095,800,792,44,0,748,748,70941,52,0,0,52,44
2020-07-03,US,Louisiana,Iberville,740,43,0,30.25734305,-91.3499598,22047.0,2276.152686782935,5.8108108108108105,697,732,43,0,689,719,32721,8,0,0,8,13
2020-07-03,US,Louisiana,Jackson,219,16,0,32.30251776,-92.55692092,22049.0,1391.0060975609756,7.305936073059359,203,216,16,0,200,213,15902,3,0,0,3,3
2020-07-03,US,Louisiana,Jefferson,9874,486,0,29.74075478,-90.11115756,22051.0,2283.042731327444,4.922017419485519,9388,9712,486,0,9226,9637,434051,162,0,0,162,75
2020-07-03,US,Louisiana,Jefferson Davis,419,9,0,30.26896765,-92.81210004,22053.0,1335.7561846467736,2.1479713603818618,410,399,9,0,390,370,31582,20,0,0,20,29
2020-07-03,US,Louisiana,LaSalle,101,0,0,31.67884782,-92.15907765,22059.0,678.2164920762825,0.0,101,99,0,0,99,97,14917,2,0,0,2,2
2020-07-03,US,Louisiana,Lafayette,2645,47,0,30.2049055,-92.06959876,22055.0,1082.286509267973,1.7769376181474483,2598,2472,46,0,2426,2359,242782,173,1,0,172,113
2020-07-03,US,Louisiana,Lafourche,1248,89,0,29.52470226,-90.40976986,22057.0,1278.5051324605074,7.1314102564102555,1159,1201,89,0,1112,1177,98115,47,0,0,47,24
2020-07-03,US,Louisiana,Lincoln,344,19,0,32.6003154,-92.66597409999999,22061.0,735.9548157973556,5.5232558139534875,325,338,19,0,319,329,47196,6,0,0,6,9
2020-07-03,US,Louisiana,Livingston,1102,38,0,30.44143993,-90.73061664,22063.0,782.7316054521305,3.4482758620689653,1064,1025,38,0,987,983,139567,77,0,0,77,42
2020-07-03,US,Louisiana,Madison,383,2,0,32.36918118,-91.23973355,22065.0,3497.397497945393,0.5221932114882507,381,371,2,0,369,362,11161,12,0,0,12,9
2020-07-03,US,Louisiana,Morehouse,248,10,0,32.81686191,-91.80421614,22067.0,997.0250060303932,4.032258064516129,238,242,9,0,233,239,25398,6,1,0,5,3
2020-07-03,US,Louisiana,Natchitoches,319,14,0,31.72321584,-93.09816516,22069.0,835.9976937994652,4.38871473354232,305,297,14,0,283,295,38659,22,0,0,22,2
2020-07-03,US,Louisiana,Orleans,8031,534,0,30.06971951,-89.92660315,22071.0,2058.470718503937,6.649234217407546,7497,7960,534,0,7426,7919,391006,71,0,0,71,41
2020-07-03,US,Louisiana,Ouachita,2591,80,0,32.47645559,-92.15704172,22073.0,1690.3815917379418,3.087610961018912,2511,2537,78,0,2459,2474,154475,54,2,0,52,63
2020-07-03,US,Louisiana,Plaquemines,273,17,0,29.42245447,-89.60322085,22075.0,1176.8763202138207,6.227106227106228,256,272,17,0,255,270,23410,1,0,0,1,2
2020-07-03,US,Louisiana,Pointe Coupee,274,28,0,30.71409502,-91.60209535,22077.0,1260.9295904279795,10.218978102189784,246,264,28,0,236,256,21940,10,0,0,10,8
2020-07-03,US,Louisiana,Rapides,1653,66,0,31.19778499,-92.52997303,22079.0,1274.9907441688265,3.992740471869329,1587,1597,65,0,1532,1578,130562,56,1,0,55,19
2020-07-03,US,Louisiana,Red River,62,8,0,32.09530039,-93.34213308,22081.0,734.4231224828239,12.903225806451614,54,62,8,0,54,62,8477,0,0,0,0,0
2020-07-03,US,Louisiana,Richland,204,4,0,32.41391005,-91.76634876,22083.0,1013.8157240830933,1.96078431372549,200,202,4,0,198,195,20192,2,0,0,2,7
2020-07-03,US,Louisiana,Sabine,94,1,0,31.56388699,-93.55433981,22085.0,393.5689164294088,1.0638297872340423,93,90,1,0,89,89,24032,4,0,0,4,1
2020-07-03,US,Louisiana,St. Bernard,641,23,0,29.87761636,-89.51887093,22087.0,1356.7860469054272,3.588143525741029,618,629,23,0,606,621,46721,12,0,0,12,8
2020-07-03,US,Louisiana,St. Charles,789,49,0,29.90709658,-90.35555967,22089.0,1485.8757062146897,6.210392902408112,740,780,49,0,731,778,52879,9,0,0,9,2
2020-07-03,US,Louisiana,St. Helena,103,1,0,30.82210324,-90.71013176,22091.0,1016.5811290959336,0.9708737864077671,102,103,1,0,102,99,10262,0,0,0,0,4
2020-07-03,US,Louisiana,St. James,390,29,0,30.02531716,-90.80212061,22093.0,1848.6916951080773,7.435897435897436,361,377,29,0,348,375,21037,13,0,0,13,2
2020-07-03,US,Louisiana,St. John the Baptist,1000,87,0,30.12597499,-90.4753503,22095.0,2334.430515675701,8.7,913,982,87,0,895,976,43184,18,0,0,18,6
2020-07-03,US,Louisiana,St. Landry,716,57,0,30.59724262,-92.00135806,22097.0,871.8523208806198,7.960893854748603,659,672,57,0,615,653,82764,44,0,0,44,19
2020-07-03,US,Louisiana,St. Martin,779,28,0,30.13112107,-91.61403569,22099.0,1457.955119687073,3.5943517329910137,751,750,26,0,724,727,53621,29,2,0,27,23
2020-07-03,US,Louisiana,St. Mary,550,38,0,29.69262097,-91.44702164,22101.0,1114.5335170624949,6.909090909090909,512,514,38,0,476,489,49774,36,0,0,36,25
2020-07-03,US,Louisiana,St. Tammany,2509,178,0,30.40942847,-89.95642711,22103.0,963.4473675115872,7.094459944200878,2331,2440,175,0,2265,2371,258111,69,3,0,66,69
2020-07-03,US,Louisiana,Tangipahoa,1462,43,0,30.62888673,-90.40664996,22105.0,1084.9077605782218,2.9411764705882355,1419,1394,43,0,1351,1353,133777,68,0,0,68,41
2020-07-03,US,Louisiana,Tensas,26,0,0,32.00760749,-91.32915234,22107.0,599.9077065066913,0.0,26,26,0,0,26,26,4462,0,0,0,0,0
2020-07-03,US,Louisiana,Terrebonne,1147,61,0,29.37343766,-90.82626855,22109.0,1038.3755352567875,5.3182214472537055,1086,1094,61,0,1033,1068,111021,53,0,0,53,26
2020-07-03,US,Louisiana,Unassigned,7,108,0,0.0,0.0,90022.0,0.0,1542.857142857143,-101,5,108,0,-103,3,,2,0,0,2,2
2020-07-03,US,Louisiana,Union,441,24,0,32.83121059,-92.3749373,22111.0,1994.7530305771666,5.442176870748299,417,437,24,0,413,433,22330,4,0,0,4,4
2020-07-03,US,Louisiana,Vermilion,297,6,0,29.83517605,-92.30292538,22113.0,499.0673993043303,2.0202020202020203,291,273,6,0,267,265,59830,24,0,0,24,8
2020-07-03,US,Louisiana,Vernon,164,8,0,31.10884837,-93.18153838,22115.0,345.7800080119758,4.878048780487805,156,159,8,0,151,153,48860,5,0,0,5,6
2020-07-03,US,Louisiana,Washington,705,46,0,30.85288548,-90.03866652,22117.0,1526.172230159761,6.5248226950354615,659,700,46,0,654,691,46582,5,0,0,5,9
2020-07-03,US,Louisiana,Webster,431,12,0,32.70847669,-93.33121835,22119.0,1124.15232133542,2.7842227378190256,419,426,11,0,415,423,38798,5,1,0,4,3
2020-07-03,US,Louisiana,West Baton Rouge,290,30,0,30.46058217,-91.30989571,22121.0,1095.7868883430947,10.344827586206897,260,278,30,0,248,264,26427,12,0,0,12,14
2020-07-03,US,Louisiana,West Carroll,141,5,0,32.78550125,-91.461201,22123.0,1301.939058171745,3.5460992907801416,136,138,5,0,133,134,10982,3,0,0,3,4
2020-07-03,US,Louisiana,West Feliciana,247,14,0,30.87882871,-91.41485379999999,22125.0,1586.5878725590956,5.668016194331983,233,246,14,0,232,246,15460,1,0,0,1,0
2020-07-03,US,Louisiana,Winn,248,5,0,31.94449367,-92.63789413,22127.0,1783.6593785960877,2.0161290322580645,243,247,5,0,242,244,14134,1,0,0,1,3
2020-07-03,US,Maine,Androscoggin,490,4,0,44.1664747,-70.20380627,23001.0,452.5430146753235,0.8163265306122449,486,488,4,0,484,484,107679,2,0,0,2,4
2020-07-03,US,Maine,Aroostook,24,1,0,46.65926321,-68.59841248,23003.0,35.791514428454256,4.166666666666667,23,24,1,0,23,24,67111,0,0,0,0,0
2020-07-03,US,Maine,Cumberland,1780,60,0,43.8370751,-70.37226999,23005.0,603.3836944031077,3.3707865168539324,1720,1756,60,0,1696,1733,293557,24,0,0,24,23
2020-07-03,US,Maine,Franklin,40,1,0,44.97330019,-70.44381045,23007.0,132.4547170436107,2.5,39,40,1,0,39,41,29897,0,0,0,0,-1
2020-07-03,US,Maine,Hancock,16,1,0,44.59816444,-68.38401854,23009.0,29.09778674959536,6.25,15,16,1,0,15,16,54811,0,0,0,0,0
2020-07-03,US,Maine,Kennebec,147,10,0,44.40759555,-69.76738544,23011.0,120.19427319258884,6.802721088435375,137,147,10,0,137,147,122083,0,0,0,0,0
2020-07-03,US,Maine,Knox,25,1,0,44.11486325,-69.10529169,23013.0,62.858292265915715,4.0,24,24,1,0,23,25,39771,1,0,0,1,-1
2020-07-03,US,Maine,Lincoln,24,0,0,44.05996956,-69.54227124,23015.0,69.29606744817232,0.0,24,24,0,0,24,24,34342,0,0,0,0,0
2020-07-03,US,Maine,Oxford,40,0,0,44.49952995,-70.75682123,23017.0,68.99525657611039,0.0,40,38,0,0,38,37,57618,2,0,0,2,1
2020-07-03,US,Maine,Penobscot,112,2,0,45.40194593,-68.65020455,23019.0,73.61253516313063,1.7857142857142858,110,108,2,0,106,108,151096,4,0,0,4,0
2020-07-03,US,Maine,Piscataquis,3,0,0,45.83839062,-69.2860223,23021.0,17.873100983020553,0.0,3,3,0,0,3,3,16800,0,0,0,0,0
2020-07-03,US,Maine,Sagadahoc,34,0,0,43.95415864,-69.85074999,23023.0,94.82373940205264,0.0,34,34,0,0,34,34,35634,0,0,0,0,0
2020-07-03,US,Maine,Somerset,29,0,0,45.51229767,-69.95995554,23025.0,57.44394263529039,0.0,29,28,0,0,28,28,50592,1,0,0,1,0
2020-07-03,US,Maine,Unassigned,5,0,0,0.0,0.0,90023.0,0.0,0.0,5,6,0,0,6,2,,-1,0,0,-1,4
2020-07-03,US,Maine,Waldo,56,14,0,44.4858305,-69.12061935,23027.0,141.00465818960092,25.0,42,56,14,0,42,56,39694,0,0,0,0,0
2020-07-03,US,Maine,Washington,3,0,0,45.01607142,-67.62813524,23029.0,9.560534115172569,0.0,3,3,0,0,3,3,31490,0,0,0,0,0
2020-07-03,US,Maine,York,545,11,0,43.47808377,-70.71052375,23031.0,262.47224777380194,2.018348623853211,534,533,11,0,522,529,206229,12,0,0,12,4
2020-07-03,US,Maryland,Allegany,206,17,0,39.62357628,-78.69280486,24001.0,292.54714837536926,8.25242718446602,189,205,17,0,188,205,70975,1,0,0,1,0
2020-07-03,US,Maryland,Anne Arundel,5200,209,0,39.00670238,-76.60329337,24003.0,897.7373565778253,4.019230769230768,4991,5179,210,0,4969,5134,576031,21,-1,0,22,45
2020-07-03,US,Maryland,Baltimore,8183,478,0,39.45784712,-76.62911955,24005.0,989.0375527273168,5.841378467554686,7705,8105,474,0,7631,8040,828431,78,4,0,74,65
2020-07-03,US,Maryland,Baltimore City,7789,342,0,39.30211911,-76.61151012,24510.0,1312.406274747679,4.390807549107716,7447,7701,340,0,7361,7605,621342,88,2,0,86,96
2020-07-03,US,Maryland,Calvert,419,27,0,38.53961642,-76.56820632,24009.0,452.85058092407456,6.443914081145585,392,418,27,0,391,415,92003,1,0,0,1,3
2020-07-03,US,Maryland,Caroline,321,3,0,38.87172293,-75.82904158,24011.0,960.9052266059987,0.9345794392523364,318,321,3,0,318,320,33304,0,0,0,0,1
2020-07-03,US,Maryland,Carroll,1155,112,0,39.56453592,-77.02373735,24013.0,685.6756131008566,9.696969696969695,1043,1149,112,0,1037,1136,168429,6,0,0,6,13
2020-07-03,US,Maryland,Cecil,487,29,0,39.56647682,-75.94627411,24015.0,473.48208643235625,5.95482546201232,458,486,29,0,457,480,102826,1,0,0,1,6
2020-07-03,US,Maryland,Charles,1426,86,0,38.51092331,-76.98580666,24017.0,873.4694377576459,6.03085553997195,1340,1416,86,0,1330,1399,161503,10,0,0,10,17
2020-07-03,US,Maryland,Dorchester,188,5,0,38.45413522,-76.02752426,24019.0,588.8064142315764,2.6595744680851063,183,189,5,0,184,188,31998,-1,0,0,-1,1
2020-07-03,US,Maryland,Frederick,2520,119,0,39.47296601,-77.39999394,24021.0,970.9224148227487,4.722222222222221,2401,2501,118,0,2383,2493,255648,19,1,0,18,8
2020-07-03,US,Maryland,Garrett,11,0,0,39.52786077,-79.27355126,24023.0,37.91273178465568,0.0,11,11,0,0,11,11,29163,0,0,0,0,0
2020-07-03,US,Maryland,Harford,1173,63,0,39.55010644,-76.30775940000002,24025.0,459.20584401094567,5.3708439897698215,1110,1153,63,0,1090,1127,253956,20,0,0,20,26
2020-07-03,US,Maryland,Howard,2618,91,0,39.25305293,-76.93126208,24027.0,803.8318646565754,3.475935828877005,2527,2602,89,0,2513,2568,323196,16,2,0,14,34
2020-07-03,US,Maryland,Kent,200,23,0,39.24976208,-76.04741541,24029.0,1029.7600659046443,11.5,177,201,23,0,178,200,19383,-1,0,0,-1,1
2020-07-03,US,Maryland,Montgomery,15021,747,0,39.13676329,-77.20358245,24031.0,1429.6346774684778,4.9730377471539855,14274,14899,743,0,14156,14803,1052567,122,4,0,118,96
2020-07-03,US,Maryland,Prince George's,18861,687,0,38.83070039,-76.8496441,24033.0,2074.1713377035985,3.642436774296167,18174,18731,685,0,18046,18645,909308,130,2,0,128,86
2020-07-03,US,Maryland,Queen Anne's,234,19,0,39.06198912,-76.03530977,24035.0,464.460808638177,8.11965811965812,215,232,19,0,213,230,50251,2,0,0,2,2
2020-07-03,US,Maryland,Somerset,87,3,0,38.1163542,-75.75118623,24039.0,339.631480324797,3.4482758620689653,84,87,3,0,84,87,25675,0,0,0,0,0
2020-07-03,US,Maryland,St. Mary's,651,51,0,38.30058422,-76.60629279999998,24037.0,573.5177517399349,7.834101382488479,600,646,51,0,595,639,112664,5,0,0,5,7
2020-07-03,US,Maryland,Talbot,144,4,0,38.76618159,-76.10882561,24041.0,387.29458594443395,2.7777777777777777,140,141,4,0,137,137,36968,3,0,0,3,4
2020-07-03,US,Maryland,Unassigned,0,23,0,0.0,0.0,90024.0,0.0,0.0,-23,0,26,0,-26,0,,0,-3,0,3,0
2020-07-03,US,Maryland,Washington,691,28,0,39.60835778,-77.82002295,24043.0,457.4674443392541,4.052098408104197,663,687,28,0,659,697,150926,4,0,0,4,-10
2020-07-03,US,Maryland,Wicomico,1085,40,0,38.37301947,-75.62705831,24045.0,1047.2063237749617,3.6866359447004617,1045,1074,40,0,1034,1070,103195,11,0,0,11,4
2020-07-03,US,Maryland,Worcester,291,17,0,38.21274277,-75.33200012,24047.0,556.6608003672814,5.841924398625428,274,289,17,0,272,289,51823,2,0,0,2,0
2020-07-03,US,Massachusetts,Barnstable,1553,148,0,41.72980578,-70.28854339,25001.0,729.1422132494482,9.529942047649712,1405,1547,147,0,1400,1538,213413,6,1,0,5,9
2020-07-03,US,Massachusetts,Berkshire,602,45,0,42.37428441,-73.20524838,25003.0,481.81585350236907,7.4750830564784065,557,600,44,0,556,594,126348,2,1,0,1,6
2020-07-03,US,Massachusetts,Bristol,8295,587,0,41.79228404,-71.10872211,25005.0,1467.5779390924195,7.076552139843278,7708,8264,587,0,7677,8225,564022,31,0,0,31,39
2020-07-03,US,Massachusetts,Dukes and Nantucket,68,1,0,41.40674725,-70.68763497,0.0,236.67815251818595,1.4705882352941178,67,66,1,0,65,64,26707,2,0,0,2,2
2020-07-03,US,Massachusetts,Essex,16210,1116,0,42.6687626,-70.94687179,25009.0,2054.410836541898,6.884639111659468,15094,16176,1111,0,15065,16088,790638,34,5,0,29,88
2020-07-03,US,Massachusetts,Franklin,372,55,0,42.58119713,-72.58602547,25011.0,530.0655457395269,14.78494623655914,317,372,55,0,317,366,70963,0,0,0,0,6
2020-07-03,US,Massachusetts,Hampden,6834,662,0,42.13440424,-72.63235561,25013.0,1465.3538377089533,9.686859818554288,6172,6812,661,0,6151,6776,470406,22,1,0,21,36
2020-07-03,US,Massachusetts,Hampshire,976,115,0,42.33997957,-72.65898478,25015.0,606.8519554809426,11.7827868852459,861,969,114,0,855,962,161355,7,1,0,6,7
2020-07-03,US,Massachusetts,Middlesex,24083,1870,0,42.48607732,-71.39049229,25017.0,1494.26164562986,7.764813353818046,22213,24039,1867,0,22172,23962,1614714,44,3,0,41,77
2020-07-03,US,Massachusetts,Norfolk,9242,934,0,42.16073095,-71.20530408,25021.0,1307.6297265749354,10.106037654187404,8308,9200,933,0,8267,9166,705388,42,1,0,41,34
2020-07-03,US,Massachusetts,Plymouth,8722,665,0,41.94070556,-70.80802823,25023.0,1673.439472603712,7.624398073836277,8057,8707,663,0,8044,8684,518132,15,2,0,13,23
2020-07-03,US,Massachusetts,Suffolk,19936,1009,0,42.327951399999996,-71.07850442,25025.0,2479.8888428636646,5.061195826645265,18927,19892,1008,0,18884,19819,807252,44,1,0,43,73
2020-07-03,US,Massachusetts,Unassigned,292,7,0,0.0,0.0,90025.0,0.0,2.3972602739726026,285,287,7,0,280,288,,5,0,0,5,-1
2020-07-03,US,Massachusetts,Worcester,12443,935,0,42.35026951,-71.90493363,25027.0,1498.0340034335716,7.5142650486217155,11508,12407,934,0,11473,12350,830839,36,1,0,35,57
2020-07-03,US,Michigan,Alcona,22,1,0,44.6846864,-83.59507875,26001.0,211.43680922633342,4.545454545454546,21,22,1,0,21,21,10362,0,0,0,0,1
2020-07-03,US,Michigan,Alger,4,0,0,46.41292944,-86.60260122,26003.0,43.917435221783045,0.0,4,4,0,0,4,4,9097,0,0,0,0,0
2020-07-03,US,Michigan,Allegan,328,7,0,42.59147037,-85.89102866,26005.0,277.77542534362004,2.1341463414634148,321,325,7,0,318,317,117327,3,0,0,3,8
2020-07-03,US,Michigan,Alpena,123,11,0,45.03477666,-83.62212411,26007.0,433.0223552191516,8.943089430894311,112,122,11,0,111,122,28360,1,0,0,1,0
2020-07-03,US,Michigan,Antrim,21,0,0,44.99690221,-85.15503082,26009.0,90.03601440576229,0.0,21,20,0,0,20,19,23365,1,0,0,1,1
2020-07-03,US,Michigan,Arenac,38,2,0,44.0636262,-83.89277559,26011.0,255.32486729825973,5.2631578947368425,36,38,2,0,36,39,15041,0,0,0,0,-1
2020-07-03,US,Michigan,Baraga,5,0,0,46.6720582,-88.36363591,26013.0,60.9087586794981,0.0,5,5,0,0,5,5,8320,0,0,0,0,0
2020-07-03,US,Michigan,Barry,108,2,0,42.59513984,-85.30834519,26015.0,175.46709991876526,1.851851851851852,106,106,2,0,104,103,61157,2,0,0,2,3
2020-07-03,US,Michigan,Bay,401,30,0,43.70639106,-83.98731479,26017.0,388.8447142330741,7.481296758104738,371,396,30,0,366,392,103923,5,0,0,5,4
2020-07-03,US,Michigan,Benzie,10,0,0,44.63899297,-86.01608482,26019.0,56.28729032984352,0.0,10,10,0,0,10,10,17753,0,0,0,0,0
2020-07-03,US,Michigan,Berrien,906,60,0,41.95447397,-86.41313079999998,26021.0,590.6089269300721,6.622516556291392,846,901,60,0,841,899,154141,5,0,0,5,2
2020-07-03,US,Michigan,Branch,260,2,0,41.91600556,-85.05929476,26023.0,597.4676563182205,0.7692307692307693,258,257,2,0,255,257,43622,3,0,0,3,0
2020-07-03,US,Michigan,Calhoun,557,36,0,42.24633834,-85.00493569,26025.0,415.17900401762085,6.4631956912028725,521,550,36,0,514,539,134487,7,0,0,7,11
2020-07-03,US,Michigan,Cass,156,5,0,41.91522292,-85.99405727,26027.0,301.23390039971423,3.2051282051282053,151,152,5,0,147,149,51653,4,0,0,4,3
2020-07-03,US,Michigan,Charlevoix,28,2,0,45.37790017,-85.19614053,26029.0,107.10323987300616,7.142857142857142,26,27,2,0,25,27,26244,1,0,0,1,0
2020-07-03,US,Michigan,Cheboygan,27,2,0,45.44787015,-84.50122149,26031.0,106.82069947776549,7.407407407407407,25,27,2,0,25,27,25413,0,0,0,0,0
2020-07-03,US,Michigan,Chippewa,12,0,0,46.29552653,-84.54353449,26033.0,32.12937428043589,0.0,12,11,0,0,11,11,37517,1,0,0,1,0
2020-07-03,US,Michigan,Clare,30,3,0,43.98794227,-84.84819859999998,26035.0,96.93053311793214,10.0,27,29,3,0,26,28,30757,1,0,0,1,1
2020-07-03,US,Michigan,Clinton,241,12,0,42.94400871,-84.60145248,26037.0,302.78283811797223,4.979253112033195,229,236,12,0,224,226,79332,5,0,0,5,10
2020-07-03,US,Michigan,Crawford,70,5,0,44.68255561,-84.61006219,26039.0,498.9664266875757,7.142857142857142,65,70,5,0,65,70,13901,0,0,0,0,0
2020-07-03,US,Michigan,Delta,27,3,0,45.90484910000001,-86.9080745,26041.0,75.45271629778672,11.111111111111109,24,26,3,0,23,24,35857,1,0,0,1,2
2020-07-03,US,Michigan,Dickinson,9,2,0,46.00999672,-87.86961634,26043.0,35.65909901343159,22.222222222222218,7,7,2,0,5,7,25383,2,0,0,2,0
2020-07-03,US,Michigan,Eaton,328,7,0,42.59599185,-84.83740035,26045.0,297.45710450901436,2.1341463414634148,321,320,7,0,313,331,109826,8,0,0,8,-11
2020-07-03,US,Michigan,Emmet,29,2,0,45.52625509,-84.89083249,26047.0,86.78737094119406,6.896551724137932,27,29,2,0,27,29,33308,0,0,0,0,0
2020-07-03,US,Michigan,Federal Correctional Institution (FCI),184,5,0,0.0,0.0,0.0,0.0,2.717391304347826,179,184,5,0,179,183,,0,0,0,0,1
2020-07-03,US,Michigan,Genesee,2789,288,0,43.02244215,-83.70589709,26049.0,687.2623597568338,10.326281821441377,2501,2766,288,0,2478,2743,406892,23,0,0,23,23
2020-07-03,US,Michigan,Gladwin,27,1,0,43.98901072,-84.38774817,26051.0,106.09454202522691,3.703703703703704,26,27,1,0,26,27,25337,0,0,0,0,0
2020-07-03,US,Michigan,Gogebic,7,1,0,46.40862701,-89.69377193,26053.0,50.08944543828265,14.285714285714285,6,7,1,0,6,7,15096,0,0,0,0,0
2020-07-03,US,Michigan,Grand Traverse,53,5,0,44.69565625,-85.55585247,26055.0,56.935372980405646,9.433962264150944,48,52,5,0,47,49,92573,1,0,0,1,3
2020-07-03,US,Michigan,Gratiot,93,13,0,43.29265605,-84.60505416,26057.0,228.4394880990396,13.978494623655912,80,92,13,0,79,92,40599,1,0,0,1,0
2020-07-03,US,Michigan,Hillsdale,197,25,0,41.88753639,-84.59312019,26059.0,431.97017870847503,12.690355329949238,172,197,25,0,172,194,45749,0,0,0,0,3
2020-07-03,US,Michigan,Houghton,16,0,0,46.89988536,-88.68495385,26061.0,44.838022643201434,0.0,16,14,0,0,14,12,36219,2,0,0,2,2
2020-07-03,US,Michigan,Huron,66,3,0,43.83353985,-83.04078453,26063.0,213.03379490655564,4.545454545454546,63,66,3,0,63,66,31166,0,0,0,0,0
2020-07-03,US,Michigan,Ingham,1070,29,0,42.59716886,-84.37472069,26065.0,365.9295636888436,2.710280373831776,1041,1054,29,0,1025,1042,292735,16,0,0,16,12
2020-07-03,US,Michigan,Ionia,199,4,0,42.94502238,-85.07413319,26067.0,307.58767794488153,2.010050251256281,195,196,4,0,192,195,64210,3,0,0,3,1
2020-07-03,US,Michigan,Iosco,118,11,0,44.35486835,-83.63484895,26069.0,469.6143590559954,9.322033898305083,107,116,11,0,105,114,25081,2,0,0,2,2
2020-07-03,US,Michigan,Iron,6,1,0,46.20974132,-88.53136251,26071.0,54.220133742996566,16.666666666666668,5,6,1,0,5,5,11117,0,0,0,0,1
2020-07-03,US,Michigan,Isabella,129,8,0,43.64060976,-84.84664923,26073.0,184.62331119761848,6.2015503875969005,121,128,8,0,120,127,70562,1,0,0,1,1
2020-07-03,US,Michigan,Jackson,520,31,0,42.24807035,-84.42258681,26075.0,328.05501230206295,5.961538461538463,489,517,31,0,486,513,158823,3,0,0,3,4
2020-07-03,US,Michigan,Kalamazoo,1103,68,0,42.24542231,-85.53038622,26077.0,416.12277696875503,6.165004533091569,1035,1093,68,0,1025,1089,264870,10,0,0,10,4
2020-07-03,US,Michigan,Kalkaska,35,2,0,44.68512729,-85.09085699,26079.0,194.0348153897328,5.7142857142857135,33,34,2,0,32,34,17824,1,0,0,1,0
2020-07-03,US,Michigan,Kent,5159,136,0,43.03197711,-85.54934642,26081.0,785.289707818648,2.6361698003489047,5023,5064,135,0,4929,4945,653786,95,1,0,94,119
2020-07-03,US,Michigan,Keweenaw,1,0,0,47.63197653,-88.41434263,26083.0,47.25897920604915,0.0,1,1,0,0,1,1,2113,0,0,0,0,0
2020-07-03,US,Michigan,Lake,9,0,0,43.99050893,-85.802173,26085.0,75.93014426727409,0.0,9,9,0,0,9,8,11881,0,0,0,0,1
2020-07-03,US,Michigan,Lapeer,301,31,0,43.09052506,-83.22153148,26087.0,343.5798509251544,10.299003322259136,270,300,31,0,269,295,88028,1,0,0,1,5
2020-07-03,US,Michigan,Leelanau,19,0,0,44.94430054,-85.80150326,26089.0,87.31216396305317,0.0,19,19,0,0,19,19,21764,0,0,0,0,0
2020-07-03,US,Michigan,Lenawee,234,6,0,41.89475156,-84.06603727,26091.0,237.6816893683152,2.5641025641025643,228,227,6,0,221,221,98266,7,0,0,7,6
2020-07-03,US,Michigan,Livingston,584,28,0,42.60302282,-83.91297209,26093.0,304.17458787989267,4.794520547945205,556,584,28,0,556,579,191224,0,0,0,0,5
2020-07-03,US,Michigan,Luce,3,0,0,46.47227431,-85.54471223,26095.0,48.16182372772515,0.0,3,3,0,0,3,3,6283,0,0,0,0,0
2020-07-03,US,Michigan,Mackinac,9,0,0,46.07028979,-85.04980537,26097.0,83.34105009723123,0.0,9,9,0,0,9,9,10787,0,0,0,0,0
2020-07-03,US,Michigan,Macomb,7502,919,0,42.69158356,-82.92752801,26099.0,858.3799023309671,12.250066648893629,6583,7469,917,0,6552,7428,874759,33,2,0,31,41
2020-07-03,US,Michigan,Manistee,21,0,0,44.33352407,-86.05626916,26101.0,85.51184949914489,0.0,21,19,0,0,19,19,24528,2,0,0,2,0
2020-07-03,US,Michigan,Marquette,71,11,0,46.4338914,-87.64043701,26103.0,106.44837253931843,15.492957746478874,60,70,11,0,59,65,66516,1,0,0,1,5
2020-07-03,US,Michigan,Mason,58,0,0,43.99509218,-86.24988902,26105.0,199.0118034586879,0.0,58,57,0,0,57,53,29100,1,0,0,1,4
2020-07-03,US,Michigan,Mecosta,30,2,0,43.64064262,-85.32463223,26107.0,69.04011230524935,6.666666666666668,28,29,2,0,27,29,43545,1,0,0,1,0
2020-07-03,US,Michigan,Menominee,21,0,0,45.58038692,-87.55370409,26109.0,92.18612818261632,0.0,21,16,0,0,16,16,22983,5,0,0,5,0
2020-07-03,US,Michigan,Michigan Department of Corrections (MDOC),4117,68,0,0.0,0.0,0.0,0.0,1.6516881224192372,4049,4114,68,0,4046,4110,,3,0,0,3,4
2020-07-03,US,Michigan,Midland,171,9,0,43.64330771,-84.38804374,26111.0,205.6375968060032,5.2631578947368425,162,169,9,0,160,169,83209,2,0,0,2,0
2020-07-03,US,Michigan,Missaukee,29,1,0,44.33772443,-85.09256478,26113.0,191.824315385633,3.4482758620689653,28,29,1,0,28,29,15113,0,0,0,0,0
2020-07-03,US,Michigan,Monroe,626,21,0,41.92734151,-83.53749864,26115.0,415.9468438538207,3.3546325878594248,605,619,21,0,598,618,150439,7,0,0,7,1
2020-07-03,US,Michigan,Montcalm,98,1,0,43.31082541,-85.15252824,26117.0,153.39343851740549,1.020408163265306,97,96,1,0,95,91,63968,2,0,0,2,5
2020-07-03,US,Michigan,Montmorency,5,0,0,45.0275929,-84.12696227,26119.0,53.60205831903945,0.0,5,5,0,0,5,5,9265,0,0,0,0,0
2020-07-03,US,Michigan,Muskegon,842,52,0,43.29123859,-86.15176712,26121.0,485.11805307491096,6.175771971496438,790,827,52,0,775,821,173588,15,0,0,15,6
2020-07-03,US,Michigan,Newaygo,177,0,0,43.554373999999996,-85.80070107,26123.0,361.371988566762,0.0,177,176,0,0,176,169,48892,1,0,0,1,7
2020-07-03,US,Michigan,Oakland,12160,1091,0,42.66090111,-83.38595416,26125.0,966.9334215448033,8.97203947368421,11069,12108,1091,0,11017,12051,1259201,52,0,0,52,57
2020-07-03,US,Michigan,Oceana,320,3,0,43.64124435,-86.26726673,26127.0,1209.0527827105452,0.9375,317,307,3,0,304,292,26625,13,0,0,13,15
2020-07-03,US,Michigan,Ogemaw,35,2,0,44.33481032,-84.12725175,26129.0,166.6904795923227,5.7142857142857135,33,34,2,0,32,33,20952,1,0,0,1,1
2020-07-03,US,Michigan,Osceola,30,0,0,43.98992088,-85.32566756,26133.0,127.8772378516624,0.0,30,30,0,0,30,29,23341,0,0,0,0,1
2020-07-03,US,Michigan,Oscoda,21,1,0,44.68192279,-84.12939244,26135.0,254.82344375682564,4.761904761904762,20,21,1,0,20,20,8276,0,0,0,0,1
2020-07-03,US,Michigan,Otsego,123,10,0,45.02085831,-84.59898295,26137.0,498.62169612453386,8.130081300813009,113,122,10,0,112,122,24665,1,0,0,1,0
2020-07-03,US,Michigan,Ottawa,1083,51,0,42.95996803,-85.9969107,26139.0,371.10646609327347,4.709141274238228,1032,1064,51,0,1013,1046,290494,19,0,0,19,18
2020-07-03,US,Michigan,Out of MI,64,0,0,0.0,0.0,80026.0,0.0,0.0,64,45,0,0,45,38,,19,0,0,19,7
2020-07-03,US,Michigan,Presque Isle,13,0,0,45.34018577,-83.91498656,26141.0,103.24015247776366,0.0,13,13,0,0,13,13,12738,0,0,0,0,0
2020-07-03,US,Michigan,Roscommon,28,0,0,44.33473082,-84.61067651,26143.0,116.57437861692827,0.0,28,28,0,0,28,28,23884,0,0,0,0,0
2020-07-03,US,Michigan,Saginaw,1313,123,0,43.33433923,-84.05131209999998,26145.0,689.0977700103391,9.367859862909366,1190,1301,123,0,1178,1292,190800,12,0,0,12,9
2020-07-03,US,Michigan,Sanilac,50,6,0,43.42406072,-82.82055898,26151.0,121.44765606023806,12.0,44,51,6,0,45,49,41182,-1,0,0,-1,2
2020-07-03,US,Michigan,Schoolcraft,5,0,0,46.19235734,-86.19972234,26153.0,61.77415369409439,0.0,5,4,0,0,4,4,8068,1,0,0,1,0
2020-07-03,US,Michigan,Shiawassee,276,28,0,42.95392800000001,-84.14585902,26155.0,405.15545638707033,10.144927536231883,248,276,28,0,248,273,68192,0,0,0,0,3
2020-07-03,US,Michigan,St. Clair,578,50,0,42.92655373,-82.67937954,26147.0,363.22960132723335,8.650519031141869,528,572,50,0,522,561,159337,6,0,0,6,11
2020-07-03,US,Michigan,St. Joseph,339,4,0,41.91441767,-85.52797979,26149.0,556.0658749425891,1.1799410029498525,335,336,4,0,332,327,61043,3,0,0,3,9
2020-07-03,US,Michigan,Tuscola,233,26,0,43.46606813,-83.41897025,26157.0,445.9756914537276,11.158798283261802,207,232,26,0,206,232,52516,1,0,0,1,0
2020-07-03,US,Michigan,Unassigned,4,0,0,0.0,0.0,90026.0,0.0,0.0,4,3,0,0,3,4,,1,0,0,1,-1
2020-07-03,US,Michigan,Van Buren,232,8,0,42.25190229,-86.01939087,26159.0,306.56606366531435,3.4482758620689653,224,231,8,0,223,230,75448,1,0,0,1,1
2020-07-03,US,Michigan,Washtenaw,1745,106,0,42.253105,-83.83853204,26161.0,474.69947034964537,6.074498567335245,1639,1730,106,0,1624,1712,370963,15,0,0,15,18
2020-07-03,US,Michigan,Wayne,23054,2728,0,42.28098405,-83.281255,26163.0,1317.8661931936733,11.833087533616727,20326,22991,2728,0,20263,22855,1753893,63,0,0,63,136
2020-07-03,US,Michigan,Wexford,30,4,0,44.33853602,-85.57712739,26165.0,89.2034135172906,13.333333333333336,26,29,4,0,25,28,33466,1,0,0,1,1
2020-07-03,US,Minnesota,Aitkin,14,0,0,46.60962049,-93.41168259999999,27001.0,88.12791136850056,0.0,14,14,0,0,14,14,15902,0,0,0,0,0
2020-07-03,US,Minnesota,Anoka,2180,107,0,45.27476015,-93.24604565,27003.0,610.7794161733269,4.908256880733945,2073,2155,107,0,2048,2124,353813,25,0,0,25,31
2020-07-03,US,Minnesota,Becker,55,0,0,46.93479392,-95.67158144,27005.0,159.77689335618626,0.0,55,55,0,0,55,55,34371,0,0,0,0,0
2020-07-03,US,Minnesota,Beltrami,29,0,0,47.97373527,-94.93732139,27007.0,61.456302449775364,0.0,29,29,0,0,29,28,46847,0,0,0,0,1
2020-07-03,US,Minnesota,Benton,214,3,0,45.69804958,-93.99514135,27009.0,523.3681430213505,1.4018691588785046,211,212,3,0,209,208,40545,2,0,0,2,4
2020-07-03,US,Minnesota,Big Stone,14,0,0,45.42712824,-96.41403739,27011.0,280.50490883590464,0.0,14,14,0,0,14,14,4989,0,0,0,0,0
2020-07-03,US,Minnesota,Blue Earth,453,2,0,44.03554215,-94.06699781,27013.0,669.5933661478426,0.44150110375275936,451,442,2,0,440,422,67427,11,0,0,11,20
2020-07-03,US,Minnesota,Brown,30,2,0,44.24205652,-94.72562874,27015.0,119.9616122840691,6.666666666666668,28,31,2,0,29,31,25111,-1,0,0,-1,0
2020-07-03,US,Minnesota,Carlton,85,0,0,46.59180601,-92.67601019,27017.0,236.9602185609545,0.0,85,83,0,0,83,83,35837,2,0,0,2,0
2020-07-03,US,Minnesota,Carver,364,1,0,44.82017001,-93.80099179999999,27019.0,346.3730742513488,0.27472527472527475,363,361,1,0,360,348,103551,3,0,0,3,13
2020-07-03,US,Minnesota,Cass,15,2,0,46.95043611,-94.32603968,27021.0,50.371066859196084,13.333333333333336,13,14,2,0,12,12,29519,1,0,0,1,2
2020-07-03,US,Minnesota,Chippewa,78,1,0,45.02343421,-95.56403693,27023.0,661.0169491525422,1.2820512820512822,77,76,1,0,75,76,11924,2,0,0,2,0
2020-07-03,US,Minnesota,Chisago,97,1,0,45.5021011,-92.90861945,27025.0,171.44170098446418,1.0309278350515465,96,97,1,0,96,95,55922,0,0,0,0,2
2020-07-03,US,Minnesota,Clay,585,38,0,46.89289518,-96.48761922,27027.0,910.902805892062,6.495726495726496,547,580,37,0,543,576,63955,5,1,0,4,4
2020-07-03,US,Minnesota,Clearwater,7,0,0,47.57992111,-95.37790562,27029.0,79.38308006350647,0.0,7,7,0,0,7,7,8810,0,0,0,0,0
2020-07-03,US,Minnesota,Cook,1,0,0,47.90504893,-90.52629546,27031.0,18.304960644334614,0.0,1,1,0,0,1,1,5393,0,0,0,0,0
2020-07-03,US,Minnesota,Cottonwood,134,0,0,44.00715262,-95.18138802,27033.0,1196.8560200071456,0.0,134,134,0,0,134,134,11277,0,0,0,0,0
2020-07-03,US,Minnesota,Crow Wing,106,12,0,46.48096553,-94.06755609,27035.0,162.93905157174697,11.320754716981131,94,104,12,0,92,102,64889,2,0,0,2,2
2020-07-03,US,Minnesota,Dakota,2286,90,0,44.67172617,-93.06299363,27037.0,532.8410497388238,3.9370078740157477,2196,2248,90,0,2158,2218,425423,38,0,0,38,30
2020-07-03,US,Minnesota,Dodge,84,0,0,44.02238415,-92.86244324,27039.0,401.2611063341932,0.0,84,83,0,0,83,81,20822,1,0,0,1,2
2020-07-03,US,Minnesota,Douglas,62,0,0,45.93348491,-95.45335469,27041.0,162.55473112923104,0.0,62,61,0,0,61,61,37964,1,0,0,1,0
2020-07-03,US,Minnesota,Faribault,55,0,0,43.67381499,-93.94787458,27043.0,402.8418662565004,0.0,55,54,0,0,54,53,13758,1,0,0,1,1
2020-07-03,US,Minnesota,Fillmore,28,0,0,43.67394126,-92.08980382,27045.0,132.9092894099777,0.0,28,27,0,0,27,27,21058,1,0,0,1,0
2020-07-03,US,Minnesota,Freeborn,290,0,0,43.67385583,-93.34884422,27047.0,957.6962451702389,0.0,290,289,0,0,289,286,30444,1,0,0,1,3
2020-07-03,US,Minnesota,Goodhue,129,8,0,44.40849741,-92.72341949999999,27049.0,278.3772119119551,6.2015503875969005,121,127,8,0,119,124,46403,2,0,0,2,3
2020-07-03,US,Minnesota,Grant,10,0,0,45.93424769,-96.01139609,27051.0,167.44809109176154,0.0,10,10,0,0,10,8,6021,0,0,0,0,2
2020-07-03,US,Minnesota,Hennepin,12150,785,0,45.00761521,-93.47694895,27053.0,959.8346714402973,6.4609053497942375,11365,12048,782,0,11266,11892,1259428,102,3,0,99,156
2020-07-03,US,Minnesota,Houston,25,0,0,43.67129565,-91.49143057,27055.0,134.40860215053763,0.0,25,25,0,0,25,24,18578,0,0,0,0,1
2020-07-03,US,Minnesota,Hubbard,6,0,0,47.10778564,-94.91693868,27057.0,27.918663626634412,0.0,6,5,0,0,5,5,21332,1,0,0,1,0
2020-07-03,US,Minnesota,Isanti,72,0,0,45.56181234,-93.29487636,27059.0,177.35737511084838,0.0,72,65,0,0,65,64,39966,7,0,0,7,1
2020-07-03,US,Minnesota,Itasca,64,12,0,47.51009045,-93.63092229,27061.0,141.81254154664302,18.75,52,64,12,0,52,65,45108,0,0,0,0,-1
2020-07-03,US,Minnesota,Jackson,55,0,0,43.67423373,-95.15398258,27063.0,558.6024781637213,0.0,55,55,0,0,55,54,9911,0,0,0,0,1
2020-07-03,US,Minnesota,Kanabec,14,1,0,45.9459309,-93.29275192,27065.0,85.69504805043766,7.142857142857142,13,14,1,0,13,14,16207,0,0,0,0,0
2020-07-03,US,Minnesota,Kandiyohi,570,1,0,45.1526059,-95.00586446,27067.0,1319.4749878469408,0.17543859649122806,569,566,1,0,565,565,42855,4,0,0,4,1
2020-07-03,US,Minnesota,Kittson,2,0,0,48.77754106,-96.78317184,27069.0,46.533271288971605,0.0,2,2,0,0,2,2,4248,0,0,0,0,0
2020-07-03,US,Minnesota,Koochiching,14,1,0,48.24539665,-93.78352843,27071.0,114.48196908986831,7.142857142857142,13,14,1,0,13,14,12440,0,0,0,0,0
2020-07-03,US,Minnesota,Lac qui Parle,4,0,0,44.9973857,-96.17488219,27073.0,60.3955911218481,0.0,4,4,0,0,4,4,6658,0,0,0,0,0
2020-07-03,US,Minnesota,Lake,6,0,0,47.64270764,-91.44557998,27075.0,56.385678037778405,0.0,6,6,0,0,6,6,10658,0,0,0,0,0
2020-07-03,US,Minnesota,Le Sueur,98,1,0,44.37136597,-93.72844721,27079.0,339.25295115449865,1.020408163265306,97,91,1,0,90,86,28494,7,0,0,7,5
2020-07-03,US,Minnesota,Lincoln,10,0,0,44.41311883,-96.26688165,27081.0,177.33640716439086,0.0,10,10,0,0,10,9,5673,0,0,0,0,1
2020-07-03,US,Minnesota,Lyon,309,2,0,44.41327865,-95.83806103,27083.0,1213.001491717045,0.6472491909385113,307,305,2,0,303,300,25629,4,0,0,4,5
2020-07-03,US,Minnesota,Mahnomen,8,1,0,47.32557075,-95.80921485,27087.0,144.74398407816176,12.5,7,7,1,0,6,7,5519,1,0,0,1,0
2020-07-03,US,Minnesota,Marshall,12,0,0,48.35825983,-96.37017407,27089.0,128.53470437017995,0.0,12,12,0,0,12,12,9390,0,0,0,0,0
2020-07-03,US,Minnesota,Martin,163,5,0,43.67429718,-94.55099908,27091.0,828.125793832241,3.0674846625766867,158,161,5,0,156,161,19785,2,0,0,2,0
2020-07-03,US,Minnesota,McLeod,88,0,0,44.82367677,-94.27287017,27085.0,245.17315353968743,0.0,88,85,0,0,85,85,35873,3,0,0,3,0
2020-07-03,US,Minnesota,Meeker,61,1,0,45.12328869,-94.52839455,27093.0,262.6819395400913,1.639344262295082,60,59,1,0,58,58,23141,2,0,0,2,1
2020-07-03,US,Minnesota,Mille Lacs,34,2,0,45.93705297,-93.63236823,27095.0,129.39072192411615,5.882352941176472,32,34,2,0,32,34,26139,0,0,0,0,0
2020-07-03,US,Minnesota,Morrison,59,1,0,46.01265363,-94.27341528,27097.0,176.7207811657581,1.6949152542372878,58,59,1,0,58,57,33169,0,0,0,0,2
2020-07-03,US,Minnesota,Mower,945,2,0,43.67142874,-92.75234549,27099.0,2358.843792122211,0.21164021164021166,943,932,2,0,930,928,40011,13,0,0,13,4
2020-07-03,US,Minnesota,Murray,58,0,0,44.02216709,-95.76328482,27101.0,707.8350012204053,0.0,58,54,0,0,54,51,8276,4,0,0,4,3
2020-07-03,US,Minnesota,Nicollet,159,12,0,44.35291112,-94.24710352,27103.0,463.90850207154114,7.547169811320754,147,155,12,0,143,149,34220,4,0,0,4,6
2020-07-03,US,Minnesota,Nobles,1662,6,0,43.67434621,-95.75329576,27105.0,7684.127791391188,0.36101083032490977,1656,1661,6,0,1655,1655,21924,1,0,0,1,6
2020-07-03,US,Minnesota,Norman,20,0,0,47.32628443,-96.45620947,27107.0,313.72549019607845,0.0,20,20,0,0,20,20,6475,0,0,0,0,0
2020-07-03,US,Minnesota,Olmsted,1101,15,0,44.00374114,-92.40209944,27109.0,695.5456021428616,1.3623978201634876,1086,1076,15,0,1061,1058,156277,25,0,0,25,18
2020-07-03,US,Minnesota,Otter Tail,93,1,0,46.40846929,-95.70835255,27111.0,158.30865080175673,1.075268817204301,92,92,1,0,91,92,58812,1,0,0,1,0
2020-07-03,US,Minnesota,Pennington,50,0,0,48.06642577,-96.0370814,27113.0,354.13272894680915,0.0,50,51,0,0,51,51,14178,-1,0,0,-1,0
2020-07-03,US,Minnesota,Pine,103,0,0,46.12105238,-92.74070188,27115.0,348.2200209608168,0.0,103,103,0,0,103,103,29483,0,0,0,0,0
2020-07-03,US,Minnesota,Pipestone,37,1,0,44.02301619,-96.25841142,27117.0,405.4350208196362,2.702702702702702,36,31,1,0,30,26,9047,6,0,0,6,5
2020-07-03,US,Minnesota,Polk,81,2,0,47.77372465,-96.40134647,27119.0,258.2578752710114,2.469135802469136,79,81,2,0,79,81,31529,0,0,0,0,0
2020-07-03,US,Minnesota,Pope,10,0,0,45.58606667,-95.44451209,27121.0,88.89679082585121,0.0,10,10,0,0,10,10,11097,0,0,0,0,0
2020-07-03,US,Minnesota,Ramsey,4805,226,0,45.01625271,-93.09872295,27123.0,873.1267751003505,4.703433922996879,4579,4777,222,0,4555,4724,550210,28,4,0,24,53
2020-07-03,US,Minnesota,Red Lake,3,0,0,47.87197525,-96.09561104,27125.0,73.98273736128236,0.0,3,3,0,0,3,3,3999,0,0,0,0,0
2020-07-03,US,Minnesota,Redwood,18,0,0,44.40555844,-95.25207021,27127.0,118.65524060646013,0.0,18,17,0,0,17,17,15249,1,0,0,1,0
2020-07-03,US,Minnesota,Renville,32,2,0,44.72836381,-94.94553734,27129.0,219.96150673632118,6.25,30,28,2,0,26,28,14612,4,0,0,4,0
2020-07-03,US,Minnesota,Rice,835,7,0,44.3543376,-93.29658715,27131.0,1246.7897031595296,0.8383233532934131,828,827,7,0,820,824,66523,8,0,0,8,3
2020-07-03,US,Minnesota,Rock,30,0,0,43.67482683,-96.25296832,27133.0,322.06119162640886,0.0,30,29,0,0,29,29,9414,1,0,0,1,0
2020-07-03,US,Minnesota,Roseau,13,0,0,48.77501878,-95.81079919,27135.0,85.72370590174745,0.0,13,10,0,0,10,9,15150,3,0,0,3,1
2020-07-03,US,Minnesota,Scott,700,4,0,44.6490231,-93.53340251,27139.0,469.7576721494097,0.5714285714285714,696,684,4,0,680,671,147381,16,0,0,16,13
2020-07-03,US,Minnesota,Sherburne,307,5,0,45.44447208,-93.77617511,27141.0,315.720191694605,1.6286644951140066,302,303,5,0,298,297,96036,4,0,0,4,6
2020-07-03,US,Minnesota,Sibley,54,2,0,44.5796592,-94.23164924,27143.0,363.2694248234107,3.703703703703704,52,53,2,0,51,48,15028,1,0,0,1,5
2020-07-03,US,Minnesota,St. Louis,177,15,0,47.604840700000004,-92.46879855,27137.0,88.91344753101923,8.474576271186441,162,174,15,0,159,169,199754,3,0,0,3,5
2020-07-03,US,Minnesota,Stearns,2345,19,0,45.55192576,-94.61078221,27145.0,1455.8435511407733,0.8102345415778252,2326,2312,19,0,2293,2287,159256,33,0,0,33,25
2020-07-03,US,Minnesota,Steele,228,1,0,44.02240351,-93.22627088,27147.0,622.117929547873,0.43859649122807015,227,223,1,0,222,219,36803,5,0,0,5,4
2020-07-03,US,Minnesota,Stevens,4,0,0,45.58613007,-96.00163705,27149.0,40.7955124936257,0.0,4,4,0,0,4,4,9753,0,0,0,0,0
2020-07-03,US,Minnesota,Swift,21,1,0,45.2829032,-95.68264092,27151.0,226.635009712929,4.761904761904762,20,21,1,0,20,20,9345,0,0,0,0,1
2020-07-03,US,Minnesota,Todd,400,2,0,46.06996226,-94.89785296,27153.0,1621.7969510217322,0.5,398,400,2,0,398,400,24582,0,0,0,0,0
2020-07-03,US,Minnesota,Traverse,5,0,0,45.77298854,-96.47062949,27155.0,153.42129487572873,0.0,5,5,0,0,5,5,3308,0,0,0,0,0
2020-07-03,US,Minnesota,Unassigned,76,37,0,0.0,0.0,90027.0,0.0,48.68421052631579,39,82,37,0,45,81,,-6,0,0,-6,1
2020-07-03,US,Minnesota,Wabasha,31,0,0,44.28424356,-92.23121312,27157.0,143.3393443380959,0.0,31,31,0,0,31,31,21645,0,0,0,0,0
2020-07-03,US,Minnesota,Wadena,15,0,0,46.58589171,-94.96968506,27159.0,109.63309457681623,0.0,15,15,0,0,15,15,13773,0,0,0,0,0
2020-07-03,US,Minnesota,Waseca,64,0,0,44.02211116,-93.58720034,27161.0,343.8641736514077,0.0,64,62,0,0,62,58,18691,2,0,0,2,4
2020-07-03,US,Minnesota,Washington,1069,40,0,45.03864533,-92.88429635,27163.0,407.3311995122695,3.7418147801683816,1029,1048,40,0,1008,1025,259201,21,0,0,21,23
2020-07-03,US,Minnesota,Watonwan,216,0,0,43.97823903,-94.61413846,27165.0,1982.196934936221,0.0,216,215,0,0,215,206,10980,1,0,0,1,9
2020-07-03,US,Minnesota,Wilkin,20,3,0,46.35721532,-96.4684375,27167.0,322.2168519413565,15.0,17,20,3,0,17,20,6254,0,0,0,0,0
2020-07-03,US,Minnesota,Winona,122,15,0,43.98772283,-91.78081305,27169.0,241.6607241898423,12.295081967213116,107,120,15,0,105,119,50825,2,0,0,2,1
2020-07-03,US,Minnesota,Wright,456,5,0,45.17297924,-93.96234781,27171.0,329.53453247288206,1.0964912280701755,451,453,5,0,448,448,136349,3,0,0,3,5
2020-07-03,US,Minnesota,Yellow Medicine,30,0,0,44.71710183,-95.86842453,27173.0,308.99165722525487,0.0,30,29,0,0,29,29,9795,1,0,0,1,0
2020-07-03,US,Mississippi,Adams,293,18,0,31.47669768,-91.35326037,28001.0,954.6150588081972,6.143344709897611,275,280,18,0,262,267,31192,13,0,0,13,13
2020-07-03,US,Mississippi,Alcorn,63,1,0,34.88084463,-88.57996173,28003.0,170.4868346277704,1.5873015873015872,62,60,1,0,59,56,36925,3,0,0,3,4
2020-07-03,US,Mississippi,Amite,89,2,0,31.17467303,-90.80501621,28005.0,723.7537610799382,2.247191011235955,87,84,2,0,82,82,12326,5,0,0,5,2
2020-07-03,US,Mississippi,Attala,358,23,0,33.08658803,-89.57838564,28007.0,1969.8470342247167,6.424581005586593,335,355,23,0,332,352,18365,3,0,0,3,3
2020-07-03,US,Mississippi,Benton,30,0,0,34.81681228,-89.18945516,28009.0,363.24010170722846,0.0,30,27,0,0,27,27,8271,3,0,0,3,0
2020-07-03,US,Mississippi,Bolivar,321,14,0,33.79696941,-90.87372121,28011.0,1048.0605981454878,4.361370716510903,307,298,13,0,285,277,31333,23,1,0,22,21
2020-07-03,US,Mississippi,Calhoun,128,4,0,33.93683395,-89.33686647,28013.0,891.3028340644803,3.125,124,124,4,0,120,124,14436,4,0,0,4,0
2020-07-03,US,Mississippi,Carroll,164,11,0,33.44834567,-89.91994479,28015.0,1648.7383130592139,6.7073170731707314,153,161,11,0,150,160,9911,3,0,0,3,1
2020-07-03,US,Mississippi,Chickasaw,269,18,0,33.91983202,-88.9481545,28017.0,1572.8234812605976,6.691449814126393,251,264,18,0,246,259,17171,5,0,0,5,5
2020-07-03,US,Mississippi,Choctaw,72,4,0,33.34598242,-89.24809382,28019.0,876.979293544458,5.5555555555555545,68,72,4,0,68,71,8278,0,0,0,0,1
2020-07-03,US,Mississippi,Claiborne,256,10,0,31.97061673,-90.90702196,28021.0,2848.242100578549,3.90625,246,239,10,0,229,236,9002,17,0,0,17,3
2020-07-03,US,Mississippi,Clarke,205,24,0,32.04158545,-88.68896219999998,28023.0,1319.0914355575576,11.707317073170733,181,204,24,0,180,201,15604,1,0,0,1,3
2020-07-03,US,Mississippi,Clay,247,10,0,33.65358105,-88.77784255,28025.0,1278.7326568647752,4.048582995951417,237,244,10,0,234,242,19386,3,0,0,3,2
2020-07-03,US,Mississippi,Coahoma,191,6,0,34.22772299,-90.60415045,28027.0,863.3158560838907,3.141361256544503,185,190,6,0,184,186,22628,1,0,0,1,4
2020-07-03,US,Mississippi,Copiah,592,16,0,31.86977774,-90.44565118,28029.0,2109.3889185818634,2.702702702702702,576,580,16,0,564,566,28543,12,0,0,12,14
2020-07-03,US,Mississippi,Covington,334,5,0,31.63225413,-89.55389939,28031.0,1792.2300922944837,1.497005988023952,329,317,5,0,312,302,18853,17,0,0,17,15
2020-07-03,US,Mississippi,DeSoto,1486,16,0,34.87625235,-89.99091418,28033.0,803.4821163048474,1.0767160161507403,1470,1442,16,0,1426,1373,182001,44,0,0,44,69
2020-07-03,US,Mississippi,Forrest,851,42,0,31.18961454,-89.25832496,28035.0,1136.2270851970038,4.9353701527614575,809,829,42,0,787,814,75036,22,0,0,22,15
2020-07-03,US,Mississippi,Franklin,41,2,0,31.47786634,-90.89672989,28037.0,531.5700764942305,4.878048780487805,39,39,2,0,37,38,7788,2,0,0,2,1
2020-07-03,US,Mississippi,George,78,3,0,30.86259065,-88.64436789,28039.0,318.3673469387755,3.8461538461538463,75,75,3,0,72,74,24250,3,0,0,3,1
2020-07-03,US,Mississippi,Greene,101,8,0,31.21444233,-88.63922281,28041.0,743.4123362284705,7.920792079207921,93,96,8,0,88,92,13586,5,0,0,5,4
2020-07-03,US,Mississippi,Grenada,432,5,0,33.77036166,-89.80245083,28043.0,2081.125349262935,1.1574074074074074,427,396,5,0,391,380,21055,36,0,0,36,16
2020-07-03,US,Mississippi,Hancock,126,13,0,30.41830223,-89.48851033,28045.0,264.52804837084307,10.317460317460318,113,123,13,0,110,120,47334,3,0,0,3,3
2020-07-03,US,Mississippi,Harrison,842,10,0,30.51359752,-89.12467576,28047.0,404.65205690119177,1.187648456057007,832,794,10,0,784,744,206650,48,0,0,48,50
2020-07-03,US,Mississippi,Hinds,2382,39,0,32.2656285,-90.44435448,28049.0,1027.4327122153206,1.6372795969773302,2343,2247,39,0,2208,2152,237085,135,0,0,135,95
2020-07-03,US,Mississippi,Holmes,544,41,0,33.12345854,-90.08923538,28051.0,3198.118753674309,7.536764705882352,503,536,41,0,495,527,17622,8,0,0,8,9
2020-07-03,US,Mississippi,Humphreys,132,9,0,33.12825718,-90.52252707,28053.0,1636.904761904762,6.8181818181818175,123,130,9,0,121,123,8257,2,0,0,2,7
2020-07-03,US,Mississippi,Issaquena,9,1,0,32.72531359,-90.97392828,28055.0,678.2215523737755,11.111111111111109,8,8,1,0,7,7,1308,1,0,0,1,1
2020-07-03,US,Mississippi,Itawamba,134,8,0,34.27993475,-88.3606733,28057.0,572.894399315947,5.970149253731344,126,130,8,0,122,127,23517,4,0,0,4,3
2020-07-03,US,Mississippi,Jackson,584,16,0,30.54020656,-88.64184064,28059.0,406.63709727957,2.7397260273972597,568,557,16,0,541,533,143277,27,0,0,27,24
2020-07-03,US,Mississippi,Jasper,256,6,0,32.01922104,-89.11786866,28061.0,1562.595373252762,2.34375,250,251,6,0,245,250,16428,5,0,0,5,1
2020-07-03,US,Mississippi,Jefferson,99,3,0,31.73397872,-91.03764977,28063.0,1416.3090128755366,3.0303030303030303,96,96,3,0,93,92,7106,3,0,0,3,4
2020-07-03,US,Mississippi,Jefferson Davis,109,4,0,31.56884708,-89.82670990000004,28065.0,979.511143062545,3.669724770642202,105,107,4,0,103,106,11234,2,0,0,2,1
2020-07-03,US,Mississippi,Jones,1104,49,0,31.62257767,-89.16896899999998,28067.0,1621.1929865781667,4.438405797101449,1055,1091,49,0,1042,1069,68461,13,0,0,13,22
2020-07-03,US,Mississippi,Kemper,177,14,0,32.75462946,-88.64105766,28069.0,1816.8753849312257,7.909604519774011,163,176,14,0,162,176,10027,1,0,0,1,0
2020-07-03,US,Mississippi,Lafayette,377,4,0,34.35687874,-89.48490961,28071.0,697.9025898295044,1.0610079575596818,373,368,4,0,364,352,54793,9,0,0,9,16
2020-07-03,US,Mississippi,Lamar,440,7,0,31.20572971,-89.5077704,28073.0,694.6308195064963,1.5909090909090908,433,431,7,0,424,419,62447,9,0,0,9,12
2020-07-03,US,Mississippi,Lauderdale,900,79,0,32.40419769,-88.66229662,28075.0,1214.1652613827996,8.777777777777779,821,894,79,0,815,882,75317,6,0,0,6,12
2020-07-03,US,Mississippi,Lawrence,170,1,0,31.55147224,-90.10841127,28077.0,1350.7071349118069,0.5882352941176471,169,162,1,0,161,159,12455,8,0,0,8,3
2020-07-03,US,Mississippi,Leake,570,19,0,32.7536828,-89.52402044,28079.0,2501.5360308961644,3.333333333333333,551,565,19,0,546,548,22763,5,0,0,5,17
2020-07-03,US,Mississippi,Lee,532,18,0,34.291877500000005,-88.68149954,28081.0,622.6883281052484,3.3834586466165413,514,518,16,0,502,493,85202,14,2,0,12,25
2020-07-03,US,Mississippi,Leflore,480,49,0,33.55545125,-90.29900733,28083.0,1703.1543838484192,10.208333333333334,431,474,49,0,425,472,28919,6,0,0,6,2
2020-07-03,US,Mississippi,Lincoln,443,34,0,31.53288662,-90.45391915,28085.0,1297.1042075366734,7.6749435665914225,409,437,34,0,403,435,34205,6,0,0,6,2
2020-07-03,US,Mississippi,Lowndes,472,12,0,33.47386518,-88.44191529999998,28087.0,805.5294820377165,2.5423728813559316,460,459,12,0,447,453,58930,13,0,0,13,6
2020-07-03,US,Mississippi,Madison,1267,34,0,32.63389156,-90.03513564,28089.0,1192.2237277928336,2.6835043409629047,1233,1242,34,0,1208,1222,105630,25,0,0,25,20
2020-07-03,US,Mississippi,Marion,270,11,0,31.23132643,-89.8209217,28091.0,1098.766939323648,4.0740740740740735,259,263,11,0,252,248,24715,7,0,0,7,15
2020-07-03,US,Mississippi,Marshall,217,3,0,34.76216286,-89.50299462,28093.0,614.8353827846092,1.3824884792626728,214,212,3,0,209,201,35451,5,0,0,5,11
2020-07-03,US,Mississippi,Monroe,388,30,0,33.89236763,-88.4808438,28095.0,1100.6467718143651,7.731958762886598,358,375,29,0,346,367,35564,13,1,0,12,8
2020-07-03,US,Mississippi,Montgomery,124,2,0,33.49419589,-89.61729103,28097.0,1268.542199488491,1.6129032258064515,122,124,2,0,122,122,10023,0,0,0,0,2
2020-07-03,US,Mississippi,Neshoba,981,71,0,32.75339664,-89.11726492,28099.0,3369.050072120338,7.237512742099898,910,970,70,0,900,960,29125,11,1,0,10,10
2020-07-03,US,Mississippi,Newton,338,9,0,32.40021118,-89.11843336,28101.0,1608.1453991816538,2.662721893491124,329,332,9,0,323,328,21443,6,0,0,6,4
2020-07-03,US,Mississippi,Noxubee,253,8,0,33.11009499,-88.56949061,28103.0,2428.7222808870115,3.1620553359683794,245,247,8,0,239,245,10535,6,0,0,6,2
2020-07-03,US,Mississippi,Oktibbeha,532,26,0,33.42491685,-88.87905132,28105.0,1072.861838788392,4.887218045112782,506,516,25,0,491,486,49599,16,1,0,15,30
2020-07-03,US,Mississippi,Panola,325,6,0,34.36398677,-89.95064249,28107.0,950.5147402901264,1.8461538461538465,319,295,6,0,289,270,34178,30,0,0,30,25
2020-07-03,US,Mississippi,Pearl River,248,32,0,30.77090935,-89.58677275,28109.0,446.5652291347799,12.903225806451614,216,245,32,0,213,244,55387,3,0,0,3,1
2020-07-03,US,Mississippi,Perry,65,4,0,31.17161885,-88.99281835,28111.0,542.8881650380022,6.153846153846153,61,63,4,0,59,61,11931,2,0,0,2,2
2020-07-03,US,Mississippi,Pike,407,12,0,31.17507789,-90.40392572,28113.0,1035.939727143148,2.9484029484029484,395,393,12,0,381,367,39563,14,0,0,14,26
2020-07-03,US,Mississippi,Pontotoc,273,6,0,34.226046000000004,-89.03636807,28115.0,848.5112202399453,2.1978021978021984,267,261,6,0,255,247,31833,12,0,0,12,14
2020-07-03,US,Mississippi,Prentiss,102,3,0,34.61810501,-88.51986294,28117.0,405.95399188092017,2.9411764705882355,99,100,3,0,97,98,25315,2,0,0,2,2
2020-07-03,US,Mississippi,Quitman,73,0,0,34.25157572,-90.28908,28119.0,1074.793875147232,0.0,73,69,0,0,69,68,7051,4,0,0,4,1
2020-07-03,US,Mississippi,Rankin,888,12,0,32.26469147,-89.94537876,28121.0,571.9033174256622,1.351351351351351,876,860,12,0,848,841,153902,28,0,0,28,19
2020-07-03,US,Mississippi,Scott,762,15,0,32.406704100000006,-89.53789439,28123.0,2709.4296686104394,1.9685039370078738,747,757,15,0,742,750,28287,5,0,0,5,7
2020-07-03,US,Mississippi,Sharkey,34,0,0,32.88149103,-90.8159538,28125.0,786.8548947003009,0.0,34,27,0,0,27,24,4377,7,0,0,7,3
2020-07-03,US,Mississippi,Simpson,283,3,0,31.91282117,-89.91716179,28127.0,1061.595018380974,1.060070671378092,280,271,3,0,268,230,26758,12,0,0,12,41
2020-07-03,US,Mississippi,Smith,216,11,0,32.01744532,-89.50644846,28129.0,1357.124905755215,5.092592592592593,205,211,11,0,200,206,16002,5,0,0,5,5
2020-07-03,US,Mississippi,Stone,57,1,0,30.79187949,-89.11547539,28131.0,310.86387434554973,1.7543859649122806,56,54,1,0,53,52,18717,3,0,0,3,2
2020-07-03,US,Mississippi,Sunflower,346,7,0,33.60192578,-90.58882684,28133.0,1377.9370768618078,2.0231213872832368,339,321,6,0,315,306,25735,25,1,0,24,15
2020-07-03,US,Mississippi,Tallahatchie,122,4,0,33.95339918,-90.1729398,28135.0,883.4817872402057,3.278688524590164,118,115,3,0,112,104,13987,7,1,0,6,11
2020-07-03,US,Mississippi,Tate,270,9,0,34.65133709,-89.94485778,28137.0,953.3561668020196,3.333333333333333,261,264,8,0,256,257,28759,6,1,0,5,7
2020-07-03,US,Mississippi,Tippah,128,11,0,34.76872156,-88.90988194,28139.0,581.4217578923461,8.59375,117,127,11,0,116,123,21995,1,0,0,1,4
2020-07-03,US,Mississippi,Tishomingo,74,1,0,34.74023475,-88.23917219,28141.0,381.7778465665789,1.351351351351351,73,73,1,0,72,68,19454,1,0,0,1,5
2020-07-03,US,Mississippi,Tunica,93,3,0,34.64967704,-90.37481167,28143.0,965.531561461794,3.2258064516129035,90,90,3,0,87,89,9944,3,0,0,3,1
2020-07-03,US,Mississippi,Union,191,9,0,34.49162015,-89.00776006,28145.0,662.8492104806525,4.712041884816754,182,181,9,0,172,175,28606,10,0,0,10,6
2020-07-03,US,Mississippi,Walthall,180,4,0,31.14971548,-90.10446654,28147.0,1259.97480050399,2.2222222222222223,176,179,4,0,175,172,14465,1,0,0,1,7
2020-07-03,US,Mississippi,Warren,496,18,0,32.35810271,-90.83352619,28149.0,1092.9684229082657,3.629032258064516,478,463,17,0,446,443,46176,33,1,0,32,20
2020-07-03,US,Mississippi,Washington,531,9,0,33.28392041,-90.94196237,28151.0,1209.3192739529484,1.6949152542372878,522,512,9,0,503,496,45063,19,0,0,19,16
2020-07-03,US,Mississippi,Wayne,535,13,0,31.64135687,-88.69573913,28153.0,2650.745677054947,2.4299065420560746,522,522,12,0,510,521,20298,13,1,0,12,1
2020-07-03,US,Mississippi,Webster,126,10,0,33.61300486,-89.28392912,28155.0,1300.4438022499742,7.936507936507938,116,126,10,0,116,123,9788,0,0,0,0,3
2020-07-03,US,Mississippi,Wilkinson,92,9,0,31.16078225,-91.31018819,28157.0,1066.0486674391657,9.782608695652174,83,92,9,0,83,91,8792,0,0,0,0,1
2020-07-03,US,Mississippi,Winston,254,6,0,33.08747908,-89.03391385,28159.0,1414.647730437204,2.3622047244094486,248,244,6,0,238,243,18165,10,0,0,10,1
2020-07-03,US,Mississippi,Yalobusha,167,7,0,34.02824175,-89.70762049999998,28161.0,1379.2533861909478,4.1916167664670665,160,166,7,0,159,161,12392,1,0,0,1,5
2020-07-03,US,Mississippi,Yazoo,493,6,0,32.77890365,-90.39656148,28163.0,1660.491748063321,1.2170385395537526,487,478,6,0,472,473,28248,15,0,0,15,5
2020-07-03,US,Missouri,Adair,91,0,0,40.19058551,-92.60078167,29001.0,359.0735114232727,0.0,91,91,0,0,91,90,25339,0,0,0,0,1
2020-07-03,US,Missouri,Andrew,55,0,0,39.98492163,-94.80163024,29003.0,310.5239385727191,0.0,55,54,0,0,54,49,17607,1,0,0,1,5
2020-07-03,US,Missouri,Atchison,4,0,0,40.43238737,-95.42970639,29005.0,77.77561734396267,0.0,4,4,0,0,4,3,5171,0,0,0,0,1
2020-07-03,US,Missouri,Audrain,139,1,0,39.215877,-91.84242683,29007.0,547.5027572081299,0.7194244604316546,138,139,1,0,138,138,25473,0,0,0,0,1
2020-07-03,US,Missouri,Barry,71,0,0,36.70978521,-93.82919888,29009.0,198.3849786247171,0.0,71,66,0,0,66,43,35886,5,0,0,5,23
2020-07-03,US,Missouri,Barton,26,0,0,37.50207671,-94.34757022,29011.0,221.20129317679093,0.0,26,26,0,0,26,21,11798,0,0,0,0,5
2020-07-03,US,Missouri,Bates,12,1,0,38.25271289,-94.34113157,29013.0,74.20232500618353,8.333333333333334,11,12,1,0,11,12,16320,0,0,0,0,0
2020-07-03,US,Missouri,Benton,18,0,0,38.29503305,-93.28756116,29015.0,92.57830581700355,0.0,18,17,0,0,17,17,19278,1,0,0,1,0
2020-07-03,US,Missouri,Bollinger,14,0,0,37.32449052,-90.02725304,29017.0,115.3877853787192,0.0,14,12,0,0,12,12,12169,2,0,0,2,0
2020-07-03,US,Missouri,Boone,395,2,0,38.99186229,-92.30723575,29019.0,218.88143275906967,0.5063291139240507,393,372,2,0,370,313,180005,23,0,0,23,59
2020-07-03,US,Missouri,Buchanan,883,3,0,39.65816401,-94.80138942,29021.0,1010.7137951558992,0.3397508493771235,880,880,3,0,877,838,88571,3,0,0,3,42
2020-07-03,US,Missouri,Butler,108,0,0,36.71462476,-90.40421163,29023.0,254.2492584396629,0.0,108,108,0,0,108,75,42639,0,0,0,0,33
2020-07-03,US,Missouri,Caldwell,12,0,0,39.65620858,-93.98308093,29025.0,133.03769401330376,0.0,12,11,0,0,11,9,9108,1,0,0,1,2
2020-07-03,US,Missouri,Callaway,55,1,0,38.83674754,-91.92186505,29027.0,122.92425630824934,1.818181818181818,54,51,1,0,50,44,44889,4,0,0,4,7
2020-07-03,US,Missouri,Camden,66,1,0,38.02199522,-92.76083747,29029.0,142.53320375769354,1.5151515151515151,65,67,1,0,66,60,45815,-1,0,0,-1,7
2020-07-03,US,Missouri,Cape Girardeau,193,3,0,37.38489388,-89.6843587,29031.0,244.70337639943702,1.5544041450777202,190,182,3,0,179,141,78753,11,0,0,11,41
2020-07-03,US,Missouri,Carroll,14,0,0,39.42762566,-93.50626255,29033.0,161.30890655605484,0.0,14,12,0,0,12,11,8743,2,0,0,2,1
2020-07-03,US,Missouri,Carter,6,1,0,36.94160441,-90.96051322,29035.0,100.30090270812435,16.666666666666668,5,6,1,0,5,6,6054,0,0,0,0,0
2020-07-03,US,Missouri,Cass,152,8,0,38.64789422,-94.353399,29037.0,143.69446020041596,5.2631578947368425,144,141,8,0,133,125,104954,11,0,0,11,16
2020-07-03,US,Missouri,Cedar,11,0,0,37.72391475,-93.85445441,29039.0,76.66039445257509,0.0,11,9,0,0,9,9,14165,2,0,0,2,0
2020-07-03,US,Missouri,Chariton,6,0,0,39.51499357,-92.9629191,29041.0,80.79719903043363,0.0,6,6,0,0,6,6,7451,0,0,0,0,0
2020-07-03,US,Missouri,Christian,47,1,0,36.9711783,-93.18537118,29043.0,53.050397877984075,2.127659574468085,46,46,1,0,45,40,86983,1,0,0,1,6
2020-07-03,US,Missouri,Clark,2,0,0,40.41040752,-91.73661677,29045.0,29.424746211563924,0.0,2,2,0,0,2,2,6842,0,0,0,0,0
2020-07-03,US,Missouri,Clay,478,11,0,39.31132056,-94.41850862,29047.0,191.2397778737977,2.301255230125523,467,472,11,0,461,414,246365,6,0,0,6,58
2020-07-03,US,Missouri,Clinton,28,0,0,39.6013098,-94.40465394,29049.0,137.3424240937853,0.0,28,26,0,0,26,23,20470,2,0,0,2,3
2020-07-03,US,Missouri,Cole,81,2,0,38.50455671,-92.27860244,29051.0,105.54433513583948,2.469135802469136,79,79,2,0,77,72,76796,2,0,0,2,7
2020-07-03,US,Missouri,Cooper,20,0,0,38.844478,-92.80896081,29053.0,112.93692472753969,0.0,20,16,0,0,16,14,17603,4,0,0,4,2
2020-07-03,US,Missouri,Crawford,15,0,0,37.97663738,-91.30528104,29055.0,62.70903010033445,0.0,15,13,0,0,13,11,23957,2,0,0,2,2
2020-07-03,US,Missouri,Dade,1,0,0,37.431814,-93.8503345,29057.0,13.225763787858751,0.0,1,1,0,0,1,1,7569,0,0,0,0,0
2020-07-03,US,Missouri,Dallas,14,1,0,37.6811355,-93.02127031,29059.0,82.94821661334281,7.142857142857142,13,14,1,0,13,12,16762,0,0,0,0,2
2020-07-03,US,Missouri,Daviess,9,0,0,39.96145298,-93.98519678,29061.0,108.7219135056777,0.0,9,9,0,0,9,8,8313,0,0,0,0,1
2020-07-03,US,Missouri,DeKalb,14,0,0,39.89201062,-94.40476508,29063.0,111.58045747987566,0.0,14,13,0,0,13,11,12630,1,0,0,1,2
2020-07-03,US,Missouri,Dent,4,0,0,37.60663134,-91.50790473,29065.0,25.685481281705517,0.0,4,4,0,0,4,3,15441,0,0,0,0,1
2020-07-03,US,Missouri,Douglas,6,0,0,36.9325593,-92.49905109,29067.0,45.50625711035267,0.0,6,6,0,0,6,3,13373,0,0,0,0,3
2020-07-03,US,Missouri,Dunklin,108,3,0,36.27167174,-90.09122243,29069.0,370.7390752119735,2.7777777777777777,105,106,3,0,103,92,29423,2,0,0,2,14
2020-07-03,US,Missouri,Franklin,217,18,0,38.41127108,-91.07522826,29071.0,208.72007463906812,8.294930875576037,199,213,18,0,195,204,103670,4,0,0,4,9
2020-07-03,US,Missouri,Gasconade,12,0,0,38.43947277,-91.50847147,29073.0,81.59934720522236,0.0,12,12,0,0,12,11,14705,0,0,0,0,1
2020-07-03,US,Missouri,Gentry,58,9,0,40.21097916,-94.40944419,29075.0,882.6662608430985,15.517241379310345,49,58,9,0,49,57,6628,0,0,0,0,1
2020-07-03,US,Missouri,Greene,308,8,0,37.2575872,-93.34230916,29077.0,105.08860880424177,2.5974025974025974,300,298,8,0,290,265,291923,10,0,0,10,33
2020-07-03,US,Missouri,Grundy,20,0,0,40.11406587,-93.56509276,29079.0,203.0456852791878,0.0,20,20,0,0,20,18,9914,0,0,0,0,2
2020-07-03,US,Missouri,Harrison,17,0,0,40.35570088,-93.99222144,29081.0,203.544061302682,0.0,17,14,0,0,14,13,8414,3,0,0,3,1
2020-07-03,US,Missouri,Henry,20,3,0,38.38482826,-93.79293734,29083.0,91.64222873900292,15.0,17,20,3,0,17,19,21792,0,0,0,0,1
2020-07-03,US,Missouri,Holt,1,0,0,40.09799248,-95.2163888,29087.0,22.71178741766977,0.0,1,1,0,0,1,1,4404,0,0,0,0,0
2020-07-03,US,Missouri,Howard,5,0,0,39.1435761,-92.69756691,29089.0,49.99500049995,0.0,5,5,0,0,5,5,10137,0,0,0,0,0
2020-07-03,US,Missouri,Howell,45,0,0,36.77383887,-91.88683935,29091.0,112.171897200688,0.0,45,41,0,0,41,36,40076,4,0,0,4,5
2020-07-03,US,Missouri,Iron,3,0,0,37.55487945,-90.7735296,29093.0,29.62962962962963,0.0,3,2,0,0,2,3,10177,1,0,0,1,-1
2020-07-03,US,Missouri,Jackson,1289,39,0,39.01002188,-94.34724536,29095.0,183.3541722675748,3.0256012412723035,1250,1247,39,0,1208,1126,700307,42,0,0,42,121
2020-07-03,US,Missouri,Jasper,661,5,0,37.20351921,-94.34050458,29097.0,544.8041672161413,0.75642965204236,656,620,5,0,615,447,120636,41,0,0,41,173
2020-07-03,US,Missouri,Jefferson,496,22,0,38.25926778,-90.53870896,29099.0,220.36511300376307,4.435483870967742,474,488,22,0,466,445,224347,8,0,0,8,43
2020-07-03,US,Missouri,Johnson,151,0,0,38.74719601,-93.80691168,29101.0,279.30894158558687,0.0,151,141,0,0,141,112,53652,10,0,0,10,29
2020-07-03,US,Missouri,Kansas City,2601,31,0,39.0997,-94.5786,0.0,531.9638485467632,1.1918492887351022,2570,2497,31,0,2466,2242,491918,104,0,0,104,255
2020-07-03,US,Missouri,Knox,2,0,0,40.12699751,-92.14780832,29103.0,50.51780752715332,0.0,2,2,0,0,2,2,3947,0,0,0,0,0
2020-07-03,US,Missouri,Laclede,33,0,0,37.65896829,-92.5888493,29105.0,92.37745989978443,0.0,33,33,0,0,33,25,35713,0,0,0,0,8
2020-07-03,US,Missouri,Lafayette,92,2,0,39.06986886,-93.78076396,29107.0,281.27675186498715,2.1739130434782608,90,91,2,0,89,87,32598,1,0,0,1,4
2020-07-03,US,Missouri,Lawrence,41,1,0,37.10626634,-93.83293097,29109.0,106.89610220310259,2.4390243902439024,40,37,1,0,36,30,38359,4,0,0,4,7
2020-07-03,US,Missouri,Lewis,7,1,0,40.09673161,-91.72070156,29111.0,71.6039279869067,14.285714285714285,6,7,1,0,6,7,9855,0,0,0,0,0
2020-07-03,US,Missouri,Lincoln,98,1,0,39.05345619,-90.95588181,29113.0,166.06510429905276,1.020408163265306,97,99,1,0,98,96,57686,-1,0,0,-1,3
2020-07-03,US,Missouri,Linn,17,1,0,39.87001769,-93.10704106,29115.0,142.61744966442953,5.882352941176472,16,16,1,0,15,15,12037,1,0,0,1,1
2020-07-03,US,Missouri,Livingston,15,0,0,39.78110272,-93.54645978,29117.0,98.50922703093192,0.0,15,13,0,0,13,11,15146,2,0,0,2,2
2020-07-03,US,Missouri,Macon,8,0,0,39.83049768,-92.56453089,29121.0,52.920553019779064,0.0,8,8,0,0,8,7,15153,0,0,0,0,1
2020-07-03,US,Missouri,Madison,6,0,0,37.47865134,-90.3467143,29123.0,49.63600264725348,0.0,6,6,0,0,6,4,12188,0,0,0,0,2
2020-07-03,US,Missouri,Maries,6,0,0,38.16193985,-91.92249662,29125.0,68.98930665746809,0.0,6,6,0,0,6,4,8769,0,0,0,0,2
2020-07-03,US,Missouri,Marion,25,0,0,39.80601912,-91.62203062,29127.0,87.62705923589205,0.0,25,20,0,0,20,15,28592,5,0,0,5,5
2020-07-03,US,Missouri,McDonald,598,1,0,36.62869595,-94.34867205,29119.0,2618.5576038884265,0.16722408026755853,597,572,1,0,571,498,23078,26,0,0,26,74
2020-07-03,US,Missouri,Mercer,6,0,0,40.42212303,-93.5682959,29129.0,165.8833287254631,0.0,6,6,0,0,6,6,3641,0,0,0,0,0
2020-07-03,US,Missouri,Miller,19,0,0,38.21450288,-92.42610898,29131.0,74.16370662399001,0.0,19,17,0,0,17,12,25336,2,0,0,2,5
2020-07-03,US,Missouri,Mississippi,91,0,0,36.82516239,-89.29505753,29133.0,690.4400606980272,0.0,91,91,0,0,91,88,13336,0,0,0,0,3
2020-07-03,US,Missouri,Moniteau,53,1,0,38.63571781,-92.57976951,29135.0,328.53954872303495,1.8867924528301887,52,52,1,0,51,49,16121,1,0,0,1,3
2020-07-03,US,Missouri,Monroe,5,0,0,39.49593978,-92.00043978,29137.0,57.84359093012494,0.0,5,5,0,0,5,5,8664,0,0,0,0,0
2020-07-03,US,Missouri,Montgomery,20,0,0,38.94022054,-91.47000721,29139.0,173.1451822353043,0.0,20,20,0,0,20,16,11534,0,0,0,0,4
2020-07-03,US,Missouri,Morgan,15,0,0,38.4181765,-92.88791859,29141.0,72.72022106947205,0.0,15,14,0,0,14,13,20358,1,0,0,1,1
2020-07-03,US,Missouri,New Madrid,44,1,0,36.59666326,-89.66070007,29143.0,257.6715858514874,2.272727272727273,43,43,1,0,42,38,17296,1,0,0,1,5
2020-07-03,US,Missouri,Newton,451,2,0,36.90519407,-94.3394104,29145.0,774.4350573528403,0.4434589800443459,449,448,2,0,446,348,58266,3,0,0,3,100
2020-07-03,US,Missouri,Nodaway,22,0,0,40.36079813,-94.88133008,29147.0,99.58355965960527,0.0,22,21,0,0,21,17,22304,1,0,0,1,4
2020-07-03,US,Missouri,Oregon,7,0,0,36.68710164,-91.4033755,29149.0,66.48304682306012,0.0,7,7,0,0,7,7,10541,0,0,0,0,0
2020-07-03,US,Missouri,Osage,7,0,0,38.46036182,-91.8613635,29151.0,51.413881748071965,0.0,7,7,0,0,7,7,13714,0,0,0,0,0
2020-07-03,US,Missouri,Ozark,2,0,0,36.64916339,-92.44459066,29153.0,21.80074122520166,0.0,2,2,0,0,2,1,9017,0,0,0,0,1
2020-07-03,US,Missouri,Pemiscot,111,6,0,36.2130572,-89.78742322,29155.0,702.3093957608353,5.405405405405406,105,111,6,0,105,110,16272,0,0,0,0,1
2020-07-03,US,Missouri,Perry,149,0,0,37.70660776,-89.82741088,29157.0,778.6371237458194,0.0,149,147,0,0,147,123,19150,2,0,0,2,24
2020-07-03,US,Missouri,Pettis,125,1,0,38.72798918,-93.28471706,29159.0,295.23607076218144,0.8,124,122,1,0,121,116,42542,3,0,0,3,6
2020-07-03,US,Missouri,Phelps,45,0,0,37.87736118,-91.79351727,29161.0,100.95797904561056,0.0,45,44,0,0,44,21,44732,1,0,0,1,23
2020-07-03,US,Missouri,Pike,36,1,0,39.34310674,-91.16980779,29163.0,196.69981422795325,2.7777777777777777,35,36,1,0,35,36,18504,0,0,0,0,0
2020-07-03,US,Missouri,Platte,124,6,0,39.38154439,-94.77068479,29165.0,118.7534716236664,4.838709677419356,118,121,6,0,115,114,102985,3,0,0,3,7
2020-07-03,US,Missouri,Polk,15,0,0,37.6162296,-93.39828174,29167.0,46.65774985225046,0.0,15,16,0,0,16,13,32201,-1,0,0,-1,3
2020-07-03,US,Missouri,Pulaski,127,1,0,37.82462075,-92.20783203,29169.0,241.41273974946301,0.7874015748031497,126,128,1,0,127,120,52014,-1,0,0,-1,8
2020-07-03,US,Missouri,Putnam,3,0,0,40.47942497,-93.02042674,29171.0,63.884156729131185,0.0,3,3,0,0,3,2,4757,0,0,0,0,1
2020-07-03,US,Missouri,Ralls,10,0,0,39.52817427,-91.51838643,29173.0,97.00261907071491,0.0,10,10,0,0,10,9,10212,0,0,0,0,1
2020-07-03,US,Missouri,Randolph,12,0,0,39.44007257,-92.4971374,29175.0,48.48876676903184,0.0,12,12,0,0,12,12,24763,0,0,0,0,0
2020-07-03,US,Missouri,Ray,27,0,0,39.3537468,-93.98905745,29177.0,117.29950473542445,0.0,27,26,0,0,26,25,22883,1,0,0,1,1
2020-07-03,US,Missouri,Reynolds,2,0,0,37.36085952,-90.97009925,29179.0,31.89792663476873,0.0,2,2,0,0,2,2,6254,0,0,0,0,0
2020-07-03,US,Missouri,Ripley,19,0,0,36.65460667,-90.85990261,29181.0,142.98615291992775,0.0,19,19,0,0,19,17,13401,0,0,0,0,2
2020-07-03,US,Missouri,Saline,284,4,0,39.13734288,-93.20259964,29195.0,1247.7483414612716,1.4084507042253518,280,282,4,0,278,282,22895,2,0,0,2,0
2020-07-03,US,Missouri,Schuyler,5,0,0,40.46921489,-92.52311943,29197.0,107.2961373390558,0.0,5,5,0,0,5,5,4599,0,0,0,0,0
2020-07-03,US,Missouri,Scotland,11,1,0,40.45214695,-92.14709064,29199.0,224.3982048143615,9.090909090909092,10,11,1,0,10,11,4966,0,0,0,0,0
2020-07-03,US,Missouri,Scott,172,11,0,37.05588075,-89.56474493,29201.0,449.3207941483803,6.395348837209302,161,170,11,0,159,161,38458,2,0,0,2,9
2020-07-03,US,Missouri,Shannon,13,0,0,37.15772072,-91.40190382,29203.0,159.1966691158462,0.0,13,11,0,0,11,6,8189,2,0,0,2,5
2020-07-03,US,Missouri,Shelby,4,0,0,39.79742518,-92.07634971,29205.0,67.45362563237774,0.0,4,4,0,0,4,3,6050,0,0,0,0,1
2020-07-03,US,Missouri,St. Charles,1102,74,0,38.77875681,-90.66662425,29183.0,274.11435195088825,6.715063520871142,1028,1082,74,0,1008,1010,399182,20,0,0,20,72
2020-07-03,US,Missouri,St. Clair,2,0,0,38.03699437,-93.77631447,29185.0,21.283388315419813,0.0,2,2,0,0,2,2,9395,0,0,0,0,0
2020-07-03,US,Missouri,St. Francois,151,2,0,37.81214171,-90.47598685,29187.0,224.65223536412998,1.3245033112582782,149,151,2,0,149,138,66692,0,0,0,0,13
2020-07-03,US,Missouri,St. Louis,6755,583,0,38.63770039999999,-90.4458375,29189.0,679.437339381717,8.630643967431531,6172,6682,582,0,6100,6616,996945,73,1,0,72,66
2020-07-03,US,Missouri,St. Louis City,2565,158,0,38.63555736,-90.24349225,29510.0,853.3615458320025,6.159844054580897,2407,2545,157,0,2388,2493,302838,20,1,0,19,52
2020-07-03,US,Missouri,Ste. Genevieve,20,1,0,37.89090059,-90.1949941,29186.0,111.76930814798256,5.0,19,20,1,0,19,17,17888,0,0,0,0,3
2020-07-03,US,Missouri,Stoddard,141,8,0,36.85571651,-89.9444155,29207.0,485.78811369509043,5.673758865248227,133,137,8,0,129,134,29206,4,0,0,4,3
2020-07-03,US,Missouri,Stone,20,0,0,36.75000327,-93.45256475,29209.0,62.59389083625439,0.0,20,16,0,0,16,12,31749,4,0,0,4,4
2020-07-03,US,Missouri,Sullivan,115,0,0,40.2099105,-93.11150106,29211.0,1888.6516669403845,0.0,115,112,0,0,112,108,6221,3,0,0,3,4
2020-07-03,US,Missouri,Taney,74,2,0,36.65465345,-93.04075153,29213.0,132.31297382348734,2.702702702702702,72,67,2,0,65,48,55852,7,0,0,7,19
2020-07-03,US,Missouri,Texas,6,0,0,37.31728859,-91.96564727,29215.0,23.623907394283012,0.0,6,6,0,0,6,4,25571,0,0,0,0,2
2020-07-03,US,Missouri,Vernon,26,1,0,37.8457799,-94.34127305,29217.0,126.44069445119877,3.8461538461538463,25,17,0,0,17,16,20528,9,1,0,8,1
2020-07-03,US,Missouri,Warren,45,0,0,38.76529479,-91.16124662,29219.0,126.23074981065388,0.0,45,44,0,0,44,40,34711,1,0,0,1,4
2020-07-03,US,Missouri,Washington,25,1,0,37.96130078,-90.87948158,29221.0,101.09179134654266,4.0,24,23,1,0,22,21,24943,2,0,0,2,2
2020-07-03,US,Missouri,Wayne,4,0,0,37.11303869,-90.46001416,29223.0,31.072788005903824,0.0,4,4,0,0,4,3,13122,0,0,0,0,1
2020-07-03,US,Missouri,Webster,39,1,0,37.2813734,-92.876329,29225.0,98.50474843402708,2.5641025641025643,38,35,1,0,34,27,39109,4,0,0,4,8
2020-07-03,US,Missouri,Worth,4,0,0,40.47945588,-94.42328751,29227.0,198.7083954297069,0.0,4,4,0,0,4,4,2040,0,0,0,0,0
2020-07-03,US,Missouri,Wright,20,0,0,37.27029221,-92.46914488,29229.0,109.35535021050907,0.0,20,15,0,0,15,14,18378,5,0,0,5,1
2020-07-03,US,Montana,Beaverhead,1,0,0,45.13434354,-112.89846940000001,30001.0,10.578652279699568,0.0,1,1,0,0,1,1,9404,0,0,0,0,0
2020-07-03,US,Montana,Big Horn,86,4,0,45.42335905,-107.492347,30003.0,645.6941211802688,4.651162790697675,82,82,3,0,79,77,13338,4,1,0,3,5
2020-07-03,US,Montana,Broadwater,5,0,0,46.33277565,-111.49558130000001,30007.0,80.1667468334135,0.0,5,5,0,0,5,5,6085,0,0,0,0,0
2020-07-03,US,Montana,Carbon,26,0,0,45.22850116,-109.0274047,30009.0,242.42424242424244,0.0,26,26,0,0,26,23,10714,0,0,0,0,3
2020-07-03,US,Montana,Cascade,34,2,0,47.30797024,-111.3467922,30013.0,41.78649558783767,5.882352941176472,32,34,2,0,32,33,81643,0,0,0,0,1
2020-07-03,US,Montana,Custer,30,0,0,46.25319932,-105.57375259999998,30017.0,263.11173478337133,0.0,30,30,0,0,30,29,11586,0,0,0,0,1
2020-07-03,US,Montana,Dawson,8,0,0,47.26584855,-104.89444170000002,30021.0,92.88285150354116,0.0,8,8,0,0,8,8,8680,0,0,0,0,0
2020-07-03,US,Montana,Deer Lodge,4,0,0,46.05953325,-113.073353,30023.0,43.7636761487965,0.0,4,4,0,0,4,4,9131,0,0,0,0,0
2020-07-03,US,Montana,Fergus,2,0,0,47.26331584,-109.2245206,30027.0,18.099547511312217,0.0,2,2,0,0,2,2,11113,0,0,0,0,0
2020-07-03,US,Montana,Flathead,62,2,0,48.29575866,-114.05205690000001,30029.0,59.7267980656224,3.2258064516129035,60,62,2,0,60,58,102106,0,0,0,0,4
2020-07-03,US,Montana,Gallatin,282,1,0,45.54486106,-111.1692571,30031.0,246.4302567418774,0.3546099290780142,281,277,1,0,276,271,111876,5,0,0,5,6
2020-07-03,US,Montana,Glacier,22,0,0,48.70513576,-112.9934235,30035.0,159.9650985239584,0.0,22,22,0,0,22,18,13747,0,0,0,0,4
2020-07-03,US,Montana,Golden Valley,3,0,0,46.3816474,-109.17685220000001,30037.0,365.4080389768576,0.0,3,3,0,0,3,3,826,0,0,0,0,0
2020-07-03,US,Montana,Granite,4,0,0,46.40605220000001,-113.4414186,30039.0,118.37821840781295,0.0,4,4,0,0,4,4,3378,0,0,0,0,0
2020-07-03,US,Montana,Hill,1,0,0,48.62879827,-110.1129252,30041.0,6.066488716330987,0.0,1,1,0,0,1,1,16347,0,0,0,0,0
2020-07-03,US,Montana,Jefferson,3,0,0,46.14907081,-112.094396,30043.0,24.547909336388184,0.0,3,3,0,0,3,3,12097,0,0,0,0,0
2020-07-03,US,Montana,Lake,18,0,0,47.64514965,-114.0898013,30047.0,59.09777398384661,0.0,18,18,0,0,18,18,30250,0,0,0,0,0
2020-07-03,US,Montana,Lewis and Clark,30,0,0,47.12610041,-112.39469799999999,30049.0,43.207742827514686,0.0,30,29,0,0,29,28,68700,1,0,0,1,1
2020-07-03,US,Montana,Liberty,1,0,0,48.56084317,-111.02430700000001,30051.0,42.78990158322636,0.0,1,1,0,0,1,1,2430,0,0,0,0,0
2020-07-03,US,Montana,Lincoln,8,1,0,48.54265777,-115.4046155,30053.0,40.04004004004004,12.5,7,8,1,0,7,8,19794,0,0,0,0,0
2020-07-03,US,Montana,Madison,13,1,0,45.30080065,-111.9173017,30057.0,151.1627906976744,7.6923076923076925,12,11,1,0,10,8,8768,2,0,0,2,3
2020-07-03,US,Montana,Meagher,2,0,0,46.59907074,-110.8898557,30059.0,107.41138560687432,0.0,2,2,0,0,2,2,1866,0,0,0,0,0
2020-07-03,US,Montana,Missoula,105,1,0,47.03728583,-113.92135079999998,30063.0,87.79264214046823,0.9523809523809524,104,99,1,0,98,89,118791,6,0,0,6,10
2020-07-03,US,Montana,Musselshell,1,0,0,46.49684637,-108.39498,30065.0,21.58428663932657,0.0,1,1,0,0,1,1,4651,0,0,0,0,0
2020-07-03,US,Montana,Park,12,0,0,45.48965095,-110.52643940000002,30067.0,72.26303745634108,0.0,12,12,0,0,12,11,16736,0,0,0,0,1
2020-07-03,US,Montana,Pondera,3,0,0,48.22773388,-112.22527029999999,30073.0,50.75283369988159,0.0,3,2,0,0,2,2,5972,1,0,0,1,0
2020-07-03,US,Montana,Ravalli,33,0,0,46.08520862,-114.11891640000002,30081.0,75.3321462813313,0.0,33,31,0,0,31,31,43172,2,0,0,2,0
2020-07-03,US,Montana,Richland,18,0,0,47.78668011,-104.5610786,30083.0,166.62038322688142,0.0,18,18,0,0,18,12,10913,0,0,0,0,6
2020-07-03,US,Montana,Roosevelt,7,0,0,48.29607488,-105.00792679999999,30085.0,63.613231552162844,0.0,7,7,0,0,7,7,11059,0,0,0,0,0
2020-07-03,US,Montana,Rosebud,10,1,0,46.23397237,-106.72928799999998,30087.0,111.89437171310284,10.0,9,10,1,0,9,10,9063,0,0,0,0,0
2020-07-03,US,Montana,Sheridan,1,0,0,48.72085833,-104.50382900000001,30091.0,30.22061045633122,0.0,1,,,,,,3424,,,,,
2020-07-03,US,Montana,Silver Bow,18,0,0,45.90018933,-112.6620092,30093.0,51.55377344980669,0.0,18,18,0,0,18,15,34993,0,0,0,0,3
2020-07-03,US,Montana,Stillwater,6,0,0,45.67071407,-109.3950061,30095.0,62.22775357809583,0.0,6,6,0,0,6,6,9534,0,0,0,0,0
2020-07-03,US,Montana,Teton,5,0,0,47.83741052,-112.24106880000001,30099.0,81.34049129656744,0.0,5,5,0,0,5,,6162,0,0,0,0,
2020-07-03,US,Montana,Toole,31,6,0,48.65577551,-111.69424140000001,30101.0,654.5608108108107,19.354838709677423,25,31,6,0,25,31,4853,0,0,0,0,0
2020-07-03,US,Montana,Treasure,2,0,0,46.20973220000001,-107.26665159999999,30103.0,287.3563218390805,0.0,2,2,0,0,2,2,679,0,0,0,0,0
2020-07-03,US,Montana,Valley,4,0,0,48.36435097,-106.6669635,30105.0,54.08328826392645,0.0,4,4,0,0,4,4,7437,0,0,0,0,0
2020-07-03,US,Montana,Wheatland,1,0,0,46.46652491,-109.84646359999999,30107.0,47.036688617121364,0.0,1,1,0,0,1,1,2236,0,0,0,0,0
2020-07-03,US,Montana,Yellowstone,226,4,0,45.93955949,-108.26914860000001,30111.0,140.11159330440174,1.7699115044247788,222,203,4,0,199,189,160137,23,0,0,23,14
2020-07-03,US,Nebraska,Adams,298,11,0,40.52449420000001,-98.50117804,31001.0,950.1642062302712,3.6912751677852342,287,296,11,0,285,296,31511,2,0,0,2,0
2020-07-03,US,Nebraska,Antelope,9,1,0,42.17695516,-98.06662829999999,31003.0,142.9025087329311,11.111111111111109,8,9,1,0,8,9,6336,0,0,0,0,0
2020-07-03,US,Nebraska,Banner,2,0,0,41.54634427,-103.7114332,31007.0,268.4563758389262,0.0,2,1,0,0,1,1,730,1,0,0,1,0
2020-07-03,US,Nebraska,Boone,7,0,0,41.70759415,-98.06737183,31011.0,134.82280431432974,0.0,7,7,0,0,7,7,5239,0,0,0,0,0
2020-07-03,US,Nebraska,Box Butte,3,0,0,42.22079243,-103.08788340000001,31013.0,27.82157099137532,0.0,3,3,0,0,3,3,10772,0,0,0,0,0
2020-07-03,US,Nebraska,Boyd,1,0,0,42.899727399999996,-98.76486568,31015.0,52.110474205315285,0.0,1,1,0,0,1,1,1955,0,0,0,0,0
2020-07-03,US,Nebraska,Buffalo,192,1,0,40.85486962,-99.07500296,31019.0,386.6368634084456,0.5208333333333334,191,187,1,0,186,189,49615,5,0,0,5,-2
2020-07-03,US,Nebraska,Burt,14,0,0,41.85056773,-96.32605633,31021.0,216.75181916705367,0.0,14,14,0,0,14,14,6488,0,0,0,0,0
2020-07-03,US,Nebraska,Butler,51,0,0,41.22703692,-97.13106306,31023.0,636.2275449101796,0.0,51,51,0,0,51,51,8058,0,0,0,0,0
2020-07-03,US,Nebraska,Cass,70,1,0,40.90899107,-96.13971217,31025.0,266.68698567509904,1.4285714285714286,69,68,1,0,67,67,26159,2,0,0,2,1
2020-07-03,US,Nebraska,Cedar,17,0,0,42.598885100000004,-97.25311951,31027.0,202.33277791002143,0.0,17,17,0,0,17,17,8446,0,0,0,0,0
2020-07-03,US,Nebraska,Chase,1,0,0,40.523719799999995,-101.69780259999999,31029.0,25.4841997961264,0.0,1,1,0,0,1,1,3977,0,0,0,0,0
2020-07-03,US,Nebraska,Cherry,2,0,0,42.54502621,-101.1244332,31031.0,35.15556336790297,0.0,2,2,0,0,2,1,5761,0,0,0,0,1
2020-07-03,US,Nebraska,Cheyenne,19,0,0,41.21999357,-102.9941693,31033.0,213.2435465768799,0.0,19,19,0,0,19,19,9310,0,0,0,0,0
2020-07-03,US,Nebraska,Clay,27,0,0,40.52439441,-98.05126296,31035.0,435.2732548766726,0.0,27,27,0,0,27,27,6214,0,0,0,0,0
2020-07-03,US,Nebraska,Colfax,668,4,0,41.57486951,-97.0868542,31037.0,6237.743953683817,0.5988023952095808,664,670,4,0,666,670,10881,-2,0,0,-2,0
2020-07-03,US,Nebraska,Cuming,36,1,0,41.91637624,-96.78730772,31039.0,406.9635993669455,2.7777777777777777,35,35,1,0,34,35,8940,1,0,0,1,0
2020-07-03,US,Nebraska,Custer,40,4,0,41.39374521,-99.72805369,31041.0,371.16080541894775,10.0,36,40,4,0,36,40,10840,0,0,0,0,0
2020-07-03,US,Nebraska,Dakota,1772,37,0,42.39040144,-96.56656425,31043.0,8848.496953959851,2.0880361173814896,1735,1765,36,0,1729,1763,20083,7,1,0,6,2
2020-07-03,US,Nebraska,Dawes,5,0,0,42.71985036,-103.1313774,31045.0,58.21399464431249,0.0,5,4,0,0,4,4,8716,1,0,0,1,0
2020-07-03,US,Nebraska,Dawson,861,8,0,40.87028216,-99.82014609999999,31047.0,3649.07819453274,0.9291521486643438,853,860,8,0,852,859,23709,1,0,0,1,1
2020-07-03,US,Nebraska,Dixon,50,2,0,42.49188363,-96.86782408,31051.0,887.1540099361249,4.0,48,49,2,0,47,48,5709,1,0,0,1,1
2020-07-03,US,Nebraska,Dodge,690,8,0,41.58071748,-96.65598179,31053.0,1887.050458088336,1.1594202898550725,682,689,8,0,681,687,36791,1,0,0,1,2
2020-07-03,US,Nebraska,Douglas,7312,96,0,41.29518299,-96.15085305,31055.0,1279.8274893362295,1.312910284463895,7216,7200,95,0,7105,7146,566880,112,1,0,111,54
2020-07-03,US,Nebraska,Fillmore,14,1,0,40.52458567,-97.59646937,31059.0,256.31636763090444,7.142857142857142,13,14,1,0,13,14,5527,0,0,0,0,0
2020-07-03,US,Nebraska,Franklin,7,0,0,40.17636348,-98.95299073,31061.0,234.97818059751597,0.0,7,7,0,0,7,6,3023,0,0,0,0,1
2020-07-03,US,Nebraska,Frontier,1,0,0,40.52993007,-100.3924658,31063.0,38.06623524933384,0.0,1,1,0,0,1,1,2608,0,0,0,0,0
2020-07-03,US,Nebraska,Furnas,10,1,0,40.17642064,-99.91247454,31065.0,213.85799828913602,10.0,9,10,1,0,9,10,4715,0,0,0,0,0
2020-07-03,US,Nebraska,Gage,55,4,0,40.26186809,-96.68946704,31067.0,255.65936875377682,7.272727272727272,51,54,4,0,50,52,21493,1,0,0,1,2
2020-07-03,US,Nebraska,Garden,4,0,0,41.61703149,-102.3313973,31069.0,217.74632553075668,0.0,4,4,0,0,4,4,1897,0,0,0,0,0
2020-07-03,US,Nebraska,Garfield,1,0,0,41.91428955,-98.99111827,31071.0,50.787201625190455,0.0,1,1,0,0,1,1,1987,0,0,0,0,0
2020-07-03,US,Nebraska,Gosper,13,0,0,40.51481965,-99.83020279,31073.0,653.2663316582915,0.0,13,13,0,0,13,13,1996,0,0,0,0,0
2020-07-03,US,Nebraska,Greeley,3,0,0,41.56742671,-98.52150266,31077.0,127.33446519524618,0.0,3,3,0,0,3,3,2356,0,0,0,0,0
2020-07-03,US,Nebraska,Hall,1597,47,0,40.87257079,-98.50218293,31079.0,2602.9696999331736,2.9430181590482154,1550,1595,47,0,1548,1593,61607,2,0,0,2,2
2020-07-03,US,Nebraska,Hamilton,64,12,0,40.87349452,-98.02099117,31081.0,686.4006864006864,18.75,52,64,12,0,52,64,9280,0,0,0,0,0
2020-07-03,US,Nebraska,Harlan,1,0,0,40.17658508,-99.40438879,31083.0,29.58579881656805,0.0,1,1,0,0,1,1,3401,0,0,0,0,0
2020-07-03,US,Nebraska,Hitchcock,1,0,0,40.17609175,-101.04164770000001,31087.0,36.205648081100655,0.0,1,1,0,0,1,1,2806,0,0,0,0,0
2020-07-03,US,Nebraska,Holt,3,0,0,42.45522056,-98.78402558,31089.0,29.800337737161023,0.0,3,3,0,0,3,3,10178,0,0,0,0,0
2020-07-03,US,Nebraska,Hooker,1,0,0,41.91586243,-101.1354293,31091.0,146.6275659824047,0.0,1,1,0,0,1,1,682,0,0,0,0,0
2020-07-03,US,Nebraska,Howard,46,4,0,41.2200529,-98.5166499,31093.0,713.7315748642359,8.695652173913043,42,46,4,0,42,46,6468,0,0,0,0,0
2020-07-03,US,Nebraska,Jefferson,10,0,0,40.17584531,-97.142601,31095.0,141.92449616803862,0.0,10,10,0,0,10,10,7097,0,0,0,0,0
2020-07-03,US,Nebraska,Johnson,7,0,0,40.39257596,-96.26522753,31097.0,138.03983435219877,0.0,7,7,0,0,7,7,5134,0,0,0,0,0
2020-07-03,US,Nebraska,Kearney,15,0,0,40.50663314,-98.94877182,31099.0,230.94688221709012,0.0,15,15,0,0,15,14,6544,0,0,0,0,1
2020-07-03,US,Nebraska,Keith,4,0,0,41.19930341,-101.66201640000001,31101.0,49.78839930296241,0.0,4,4,0,0,4,4,8021,0,0,0,0,0
2020-07-03,US,Nebraska,Kimball,11,0,0,41.19774275,-103.7148131,31105.0,302.86343612334804,0.0,11,10,0,0,10,10,3618,1,0,0,1,0
2020-07-03,US,Nebraska,Knox,21,0,0,42.63758421,-97.89178836,31107.0,252.0403264522324,0.0,21,21,0,0,21,21,8419,0,0,0,0,0
2020-07-03,US,Nebraska,Lancaster,1787,12,0,40.78416049,-96.68777155,31109.0,560.0300855557994,0.6715165081141579,1775,1756,12,0,1744,1746,317272,31,0,0,31,10
2020-07-03,US,Nebraska,Lincoln,58,2,0,41.04658298,-100.74753740000001,31111.0,166.1224723606576,3.4482758620689653,56,58,2,0,56,59,35185,0,0,0,0,-1
2020-07-03,US,Nebraska,Madison,370,4,0,41.91676024,-97.6005481,31119.0,1054.1610872104618,1.0810810810810811,366,367,4,0,363,365,35392,3,0,0,3,2
2020-07-03,US,Nebraska,Merrick,39,0,0,41.16624273,-98.0374887,31121.0,502.9013539651838,0.0,39,39,0,0,39,38,7733,0,0,0,0,1
2020-07-03,US,Nebraska,Morrill,46,0,0,41.71711774,-103.0061405,31123.0,990.952175786299,0.0,46,44,0,0,44,38,4686,2,0,0,2,6
2020-07-03,US,Nebraska,Nance,4,0,0,41.39750195,-97.99327291,31125.0,113.66865586814436,0.0,4,4,0,0,4,4,3532,0,0,0,0,0
2020-07-03,US,Nebraska,Nemaha,6,0,0,40.38514847,-95.85433992,31127.0,86.05851979345955,0.0,6,6,0,0,6,5,6958,0,0,0,0,1
2020-07-03,US,Nebraska,Nuckolls,2,0,0,40.17637905,-98.04743961,31129.0,48.21600771456124,0.0,2,2,0,0,2,1,4195,0,0,0,0,1
2020-07-03,US,Nebraska,Otoe,25,0,0,40.64843556,-96.13374142,31131.0,156.13290032475643,0.0,25,25,0,0,25,22,15985,0,0,0,0,3
2020-07-03,US,Nebraska,Phelps,26,0,0,40.51156033,-99.41461667,31137.0,287.8016382554793,0.0,26,26,0,0,26,26,8996,0,0,0,0,0
2020-07-03,US,Nebraska,Pierce,9,0,0,42.26434853,-97.60122773,31139.0,125.90934527140459,0.0,9,8,0,0,8,8,7142,1,0,0,1,0
2020-07-03,US,Nebraska,Platte,669,3,0,41.57246836,-97.52144359,31141.0,1998.804899910368,0.4484304932735426,666,665,3,0,662,664,33363,4,0,0,4,1
2020-07-03,US,Nebraska,Polk,12,0,0,41.18813488,-97.56630712,31143.0,230.19374640322275,0.0,12,12,0,0,12,12,5278,0,0,0,0,0
2020-07-03,US,Nebraska,Red Willow,6,0,0,40.17556879999999,-100.476998,31145.0,55.949272659455424,0.0,6,6,0,0,6,6,10726,0,0,0,0,0
2020-07-03,US,Nebraska,Richardson,5,1,0,40.1247415,-95.71755036,31147.0,63.57279084551812,20.0,4,5,1,0,4,5,7937,0,0,0,0,0
2020-07-03,US,Nebraska,Rock,2,0,0,42.42252217,-99.44832069,31149.0,147.38393515106853,0.0,2,1,0,0,1,1,1360,1,0,0,1,0
2020-07-03,US,Nebraska,Saline,540,2,0,40.52418865,-97.14085859,31151.0,3796.400449943757,0.3703703703703704,538,536,2,0,534,535,14350,4,0,0,4,1
2020-07-03,US,Nebraska,Sarpy,1212,8,0,41.11314181,-96.11156432,31153.0,647.4497318318768,0.6600660066006601,1204,1192,8,0,1184,1178,184459,20,0,0,20,14
2020-07-03,US,Nebraska,Saunders,79,2,0,41.227810299999994,-96.63773905,31155.0,366.11363425711374,2.5316455696202533,77,79,2,0,77,78,21303,0,0,0,0,1
2020-07-03,US,Nebraska,Scotts Bluff,224,3,0,41.85070896,-103.70809859999999,31157.0,628.8955022741311,1.3392857142857142,221,216,3,0,213,216,35989,8,0,0,8,0
2020-07-03,US,Nebraska,Seward,37,1,0,40.87241834,-97.139673,31159.0,214.07081694052303,2.702702702702702,36,36,1,0,35,36,17318,1,0,0,1,0
2020-07-03,US,Nebraska,Sheridan,8,0,0,42.50284406,-102.4126613,31161.0,152.49714067861228,0.0,8,5,0,0,5,4,5190,3,0,0,3,1
2020-07-03,US,Nebraska,Sherman,5,0,0,41.22045983,-98.97588642,31163.0,166.61112962345885,0.0,5,5,0,0,5,5,3038,0,0,0,0,0
2020-07-03,US,Nebraska,Sioux,6,0,0,42.48932059,-103.7576544,31165.0,514.5797598627787,0.0,6,6,0,0,6,6,1187,0,0,0,0,0
2020-07-03,US,Nebraska,Stanton,21,0,0,41.9169835,-97.19394708,31167.0,354.72972972972974,0.0,21,21,0,0,21,21,5970,0,0,0,0,0
2020-07-03,US,Nebraska,Thayer,1,0,0,40.17626377,-97.59504381,31169.0,19.98800719568259,0.0,1,1,0,0,1,1,5039,0,0,0,0,0
2020-07-03,US,Nebraska,Thomas,1,0,0,41.91358968,-100.5556632,31171.0,138.50415512465375,0.0,1,1,0,0,1,1,720,0,0,0,0,0
2020-07-03,US,Nebraska,Thurston,126,1,0,42.15725356,-96.54157099,31173.0,1744.186046511628,0.7936507936507936,125,126,1,0,125,84,7303,0,0,0,0,42
2020-07-03,US,Nebraska,Unassigned,160,1,0,0.0,0.0,90031.0,0.0,0.625,159,166,1,0,165,176,,-6,0,0,-6,-10
2020-07-03,US,Nebraska,Valley,8,0,0,41.56730777,-98.98197724,31175.0,192.40019240019242,0.0,8,8,0,0,8,8,4190,0,0,0,0,0
2020-07-03,US,Nebraska,Washington,50,1,0,41.52815707,-96.22019892,31177.0,241.20796951131263,2.0,49,51,1,0,50,51,20667,-1,0,0,-1,0
2020-07-03,US,Nebraska,Wayne,28,0,0,42.20934475,-97.11926964,31179.0,298.3484283431007,0.0,28,28,0,0,28,28,9403,0,0,0,0,0
2020-07-03,US,Nebraska,Webster,7,0,0,40.17642643,-98.50019851,31181.0,200.7456266131345,0.0,7,7,0,0,7,6,3533,0,0,0,0,1
2020-07-03,US,Nebraska,York,45,0,0,40.87272618,-97.59710186,31185.0,328.97141603918413,0.0,45,44,0,0,44,42,13772,1,0,0,1,2
2020-07-03,US,Nevada,Carson City,167,5,0,39.15509045,-119.7480219,32510.0,298.6622791329852,2.9940119760479043,162,161,5,0,156,155,55414,6,0,0,6,6
2020-07-03,US,Nevada,Churchill,14,1,0,39.58105744,-118.3394607,32001.0,56.204584688265285,7.142857142857142,13,13,1,0,12,12,24440,1,0,0,1,1
2020-07-03,US,Nevada,Clark,17028,435,0,36.21458855,-115.0130241,32003.0,751.2192754713319,2.55461592670895,16593,16180,432,0,15748,15604,2231647,848,3,0,845,576
2020-07-03,US,Nevada,Douglas,70,0,0,38.912862,-119.61713329999999,32005.0,143.13464880891524,0.0,70,70,0,0,70,69,48467,0,0,0,0,1
2020-07-03,US,Nevada,Elko,135,1,0,41.14531606,-115.3577619,32007.0,255.78839668043503,0.7407407407407407,134,129,1,0,128,125,52460,6,0,0,6,4
2020-07-03,US,Nevada,Eureka,1,0,0,39.98100864,-116.26832040000001,32011.0,49.28536224741252,0.0,1,1,0,0,1,1,2003,0,0,0,0,0
2020-07-03,US,Nevada,Humboldt,85,4,0,41.40692186,-118.11094270000001,32013.0,505.02049789079666,4.705882352941177,81,85,4,0,81,83,16786,0,0,0,0,2
2020-07-03,US,Nevada,Lander,35,0,0,39.933223299999995,-117.03970749999999,32015.0,632.6825741142444,0.0,35,35,0,0,35,35,5575,0,0,0,0,0
2020-07-03,US,Nevada,Lincoln,2,0,0,37.64268459,-114.8790388,32017.0,38.58769052672198,0.0,2,2,0,0,2,2,5201,0,0,0,0,0
2020-07-03,US,Nevada,Lyon,123,2,0,39.01777974,-119.18704790000001,32019.0,213.8758476786645,1.6260162601626016,121,121,2,0,119,120,55808,2,0,0,2,1
2020-07-03,US,Nevada,Mineral,5,0,0,38.53841696,-118.4344506,32021.0,110.98779134295229,0.0,5,5,0,0,5,5,4514,0,0,0,0,0
2020-07-03,US,Nevada,Nye,116,3,0,38.04264256,-116.47227020000001,32023.0,249.33903660555,2.586206896551724,113,114,3,0,111,112,45346,2,0,0,2,2
2020-07-03,US,Nevada,Pershing,6,0,0,40.44003782,-118.40056409999998,32027.0,89.21933085501858,0.0,6,6,0,0,6,6,6666,0,0,0,0,0
2020-07-03,US,Nevada,Storey,2,0,0,39.44875482,-119.5250207,32029.0,48.508367693427104,0.0,2,2,0,0,2,2,4029,0,0,0,0,0
2020-07-03,US,Nevada,Washoe,2923,77,0,40.66562265,-119.6631594,32031.0,619.9113927540566,2.6342798494697233,2846,2804,77,0,2727,2766,465735,119,0,0,119,38
2020-07-03,US,Nevada,White Pine,6,0,0,39.44157041,-114.89996599999999,32033.0,62.63048016701461,0.0,6,5,0,0,5,4,9475,1,0,0,1,1
2020-07-03,US,New Hampshire,Belknap,82,1,0,43.51637314,-71.41684235,33001.0,133.7618061106308,1.2195121951219512,81,81,1,0,80,81,61022,1,0,0,1,0
2020-07-03,US,New Hampshire,Carroll,61,0,0,43.87498583,-71.20430216,33003.0,124.71887139644244,0.0,61,61,0,0,61,54,48779,0,0,0,0,7
2020-07-03,US,New Hampshire,Cheshire,72,2,0,42.92015988,-72.25311043,33005.0,94.6310047972662,2.7777777777777777,70,72,2,0,70,72,76493,0,0,0,0,0
2020-07-03,US,New Hampshire,Coos,7,0,0,44.69063265,-71.30633239,33007.0,22.177866489243737,0.0,7,7,0,0,7,7,31589,0,0,0,0,0
2020-07-03,US,New Hampshire,Grafton,87,1,0,43.93779815,-71.82057197,33009.0,96.78926640411188,1.1494252873563218,86,86,1,0,85,86,89786,1,0,0,1,0
2020-07-03,US,New Hampshire,Hillsborough,3312,251,0,42.91537785,-71.7200253,33011.0,794.1969905880942,7.578502415458938,3061,3295,250,0,3045,3288,415247,17,1,0,16,7
2020-07-03,US,New Hampshire,Merrimack,417,18,0,43.29662971,-71.6811573,33013.0,275.4457002067494,4.316546762589929,399,414,18,0,396,412,151132,3,0,0,3,2
2020-07-03,US,New Hampshire,Rockingham,1489,89,0,42.98499744,-71.12883377,33015.0,480.6807653444986,5.977165883143048,1400,1479,89,0,1390,1476,309176,10,0,0,10,3
2020-07-03,US,New Hampshire,Strafford,294,13,0,43.291833000000004,-71.02336013,33017.0,225.05798687927242,4.421768707482993,281,292,13,0,279,292,130090,2,0,0,2,0
2020-07-03,US,New Hampshire,Sullivan,34,1,0,43.36094111,-72.22203125,33019.0,78.80220646178094,2.9411764705882355,33,34,1,0,33,33,43144,0,0,0,0,1
2020-07-03,US,New Hampshire,Unassigned,2,0,0,0.0,0.0,90033.0,0.0,0.0,2,1,0,0,1,1,,1,0,0,1,0
2020-07-03,US,New Jersey,Atlantic,2924,220,0,39.47538693,-74.65848483,34001.0,1108.9619600257897,7.523939808481533,2704,2898,219,0,2679,2878,265429,26,1,0,25,20
2020-07-03,US,New Jersey,Bergen,19532,2000,0,40.96010917,-74.07164325,34003.0,2095.2540329241947,10.239606799098915,17532,19474,1994,0,17480,19445,936692,58,6,0,52,29
2020-07-03,US,New Jersey,Burlington,5238,431,0,39.87681124,-74.66927768,34005.0,1176.156228036888,8.228331424207713,4807,5221,429,0,4792,5189,445384,17,2,0,15,32
2020-07-03,US,New Jersey,Camden,7419,513,0,39.80343818,-74.96388753,34007.0,1464.8420146464457,6.914678528103518,6906,7406,503,0,6903,7368,507078,13,10,0,3,38
2020-07-03,US,New Jersey,Cape May,714,74,0,39.15008829,-74.80170244,34009.0,775.758102543487,10.364145658263306,640,713,73,0,640,712,92560,1,1,0,0,1
2020-07-03,US,New Jersey,Cumberland,2998,147,0,39.37199394,-75.10712559,34011.0,2004.98906551994,4.903268845897265,2851,2991,146,0,2845,2980,150972,7,1,0,6,11
2020-07-03,US,New Jersey,Essex,18842,2034,0,40.78681335,-74.24657979,34013.0,2358.271535404737,10.795032374482536,16808,18804,2030,0,16774,18771,799767,38,4,0,34,33
2020-07-03,US,New Jersey,Gloucester,2619,187,0,39.71581067,-75.13995546,34015.0,898.0372793482286,7.140129820542192,2432,2610,182,0,2428,2596,291408,9,5,0,4,14
2020-07-03,US,New Jersey,Hudson,18913,1454,0,40.73766234,-74.07515667,34017.0,2812.7979107394362,7.687833765135091,17459,18874,1454,0,17420,18842,676061,39,0,0,39,32
2020-07-03,US,New Jersey,Hunterdon,1085,124,0,40.56335249,-74.91284156,34019.0,872.3898658047293,11.428571428571427,961,1083,124,0,959,1081,124714,2,0,0,2,2
2020-07-03,US,New Jersey,Mercer,7711,585,0,40.28047017,-74.70479631,34021.0,2098.631031761152,7.58656464790559,7126,7693,585,0,7108,7676,369811,18,0,0,18,17
2020-07-03,US,New Jersey,Middlesex,16884,1328,0,40.43629879,-74.41426991,34023.0,2046.3916651112281,7.8654347311063715,15556,16852,1323,0,15529,16825,829685,32,5,0,27,27
2020-07-03,US,New Jersey,Monmouth,9248,817,0,40.26549699,-74.22240686,34025.0,1494.5175704393216,8.834342560553633,8431,9211,814,0,8397,9163,621354,37,3,0,34,48
2020-07-03,US,New Jersey,Morris,6790,805,0,40.86095313,-74.54553709999998,34027.0,1380.516219540709,11.855670103092784,5985,6777,801,0,5976,6757,494228,13,4,0,9,20
2020-07-03,US,New Jersey,Ocean,9666,967,0,39.8895449,-74.28089251,34029.0,1591.9339378707675,10.004138216428721,8699,9631,961,0,8670,9627,601651,35,6,0,29,4
2020-07-03,US,New Jersey,Passaic,16927,1192,0,41.03238628,-74.29954144,34031.0,3373.081506338851,7.04200389909612,15735,16920,1187,0,15733,16894,503310,7,5,0,2,26
2020-07-03,US,New Jersey,Salem,794,77,0,39.58719656,-75.34696629999998,34033.0,1272.7418449947904,9.697732997481108,717,779,76,0,703,778,62607,15,1,0,14,1
2020-07-03,US,New Jersey,Somerset,4919,529,0,40.56465737,-74.61683016,34035.0,1495.4367745505178,10.754218337060378,4390,4912,527,0,4385,4881,331164,7,2,0,5,31
2020-07-03,US,New Jersey,Sussex,1199,193,0,41.13891592,-74.69118243,34037.0,853.4536757587837,16.09674728940784,1006,1198,194,0,1004,1197,140799,1,-1,0,2,1
2020-07-03,US,New Jersey,Unassigned,658,0,0,0.0,0.0,90034.0,0.0,0.0,658,672,0,0,672,643,,-14,0,0,-14,29
2020-07-03,US,New Jersey,Union,16416,1326,0,40.65835409,-74.30680092,34039.0,2950.708288621547,8.07748538011696,15090,16394,1325,0,15069,16384,558067,22,1,0,21,10
2020-07-03,US,New Jersey,Warren,1246,161,0,40.85951833,-74.99556527,34041.0,1183.6567965269267,12.92134831460674,1085,1243,160,0,1083,1241,105779,3,1,0,2,2
2020-07-03,US,New Mexico,Bernalillo,2331,87,0,35.05163625,-106.6703554,35001.0,343.23780298356263,3.732303732303732,2244,2277,87,0,2190,2178,678701,54,0,0,54,99
2020-07-03,US,New Mexico,Catron,2,1,0,33.91514144,-108.4046587,35003.0,56.70541536716757,50.0,1,2,1,0,1,2,3578,0,0,0,0,0
2020-07-03,US,New Mexico,Chaves,105,2,0,33.36406072,-104.4665365,35005.0,162.5009672676623,1.9047619047619049,103,100,2,0,98,95,64689,5,0,0,5,5
2020-07-03,US,New Mexico,Cibola,221,14,0,34.91131525,-107.998876,35006.0,828.4910965323337,6.334841628959277,207,214,14,0,200,212,26746,7,0,0,7,2
2020-07-03,US,New Mexico,Colfax,10,1,0,36.60569702,-104.64726740000002,35007.0,83.74507997655137,10.0,9,10,1,0,9,9,12110,0,0,0,0,1
2020-07-03,US,New Mexico,Curry,186,0,0,34.57421077,-103.34688759999999,35009.0,379.9485231033215,0.0,186,182,0,0,182,165,49437,4,0,0,4,17
2020-07-03,US,New Mexico,Dona Ana,1039,10,0,32.35275771,-106.83293870000001,35013.0,476.1795641513325,0.9624639076034648,1029,999,9,0,990,957,217522,40,1,0,39,42
2020-07-03,US,New Mexico,Eddy,92,1,0,32.47167456,-104.3053527,35015.0,157.3725624358536,1.0869565217391304,91,84,1,0,83,82,57900,8,0,0,8,2
2020-07-03,US,New Mexico,Grant,21,0,0,32.73911281,-108.3827845,35017.0,77.78353952144603,0.0,21,20,0,0,20,19,27346,1,0,0,1,1
2020-07-03,US,New Mexico,Guadalupe,20,0,0,34.86319296,-104.790669,35019.0,465.11627906976736,0.0,20,20,0,0,20,20,4341,0,0,0,0,0
2020-07-03,US,New Mexico,Harding,1,0,0,35.85751555,-103.82209379999999,35021.0,160.0,0.0,1,1,0,0,1,1,655,0,0,0,0,0
2020-07-03,US,New Mexico,Hidalgo,54,0,0,31.91383467,-108.7151824,35023.0,1286.3268222963316,0.0,54,54,0,0,54,49,4240,0,0,0,0,5
2020-07-03,US,New Mexico,Lea,147,0,0,32.79215361,-103.4123733,35025.0,206.8383284086113,0.0,147,142,0,0,142,134,69611,5,0,0,5,8
2020-07-03,US,New Mexico,Lincoln,13,0,0,33.74526079,-105.4586166,35027.0,66.42141835274883,0.0,13,12,0,0,12,11,19556,1,0,0,1,1
2020-07-03,US,New Mexico,Los Alamos,8,0,0,35.86631386,-106.31349850000001,35028.0,41.30311322215912,0.0,8,8,0,0,8,8,19101,0,0,0,0,0
2020-07-03,US,New Mexico,Luna,93,3,0,32.18179341,-107.75088259999998,35029.0,392.2561052764773,3.2258064516129035,90,82,3,0,79,80,23963,11,0,0,11,2
2020-07-03,US,New Mexico,McKinley,3450,177,0,35.58007720000001,-108.262245,35031.0,4834.167051998823,5.130434782608695,3273,3408,172,0,3236,3395,72290,42,5,0,37,13
2020-07-03,US,New Mexico,Otero,51,7,0,32.61348406,-105.7417604,35035.0,75.56675062972292,13.725490196078429,44,44,6,0,38,43,66781,7,1,0,6,1
2020-07-03,US,New Mexico,Quay,6,1,0,35.10403332,-103.54817270000001,35037.0,72.70083605961469,16.666666666666668,5,6,1,0,5,6,8253,0,0,0,0,0
2020-07-03,US,New Mexico,Rio Arriba,106,1,0,36.51072137,-106.69316740000001,35039.0,272.34654813596774,0.9433962264150944,105,105,1,0,104,101,39006,1,0,0,1,4
2020-07-03,US,New Mexico,Roosevelt,68,1,0,34.02097406,-103.4799493,35041.0,367.5675675675676,1.4705882352941178,67,62,1,0,61,59,18743,6,0,0,6,3
2020-07-03,US,New Mexico,San Juan,2494,164,0,36.50838318,-108.32043700000001,35045.0,2011.9717968989496,6.5757818765036085,2330,2472,163,0,2309,2460,125043,22,1,0,21,12
2020-07-03,US,New Mexico,San Miguel,22,0,0,35.48014807,-104.8163562,35047.0,80.65403086849727,0.0,22,22,0,0,22,21,27591,0,0,0,0,1
2020-07-03,US,New Mexico,Sandoval,753,29,0,35.68862401,-106.86878030000001,35043.0,513.1245400278027,3.8512616201859236,724,740,29,0,711,731,145179,13,0,0,13,9
2020-07-03,US,New Mexico,Santa Fe,253,3,0,35.50708973,-105.9774716,35049.0,168.26507402333098,1.1857707509881423,250,246,3,0,243,240,150056,7,0,0,7,6
2020-07-03,US,New Mexico,Sierra,13,0,0,33.13028233,-107.1925893,35051.0,120.47076267259752,0.0,13,13,0,0,13,12,10968,0,0,0,0,1
2020-07-03,US,New Mexico,Socorro,60,5,0,34.00715494,-106.9298354,35053.0,360.6419426579311,8.333333333333334,55,60,5,0,55,60,16735,0,0,0,0,0
2020-07-03,US,New Mexico,Taos,46,1,0,36.58006022,-105.63101979999999,35055.0,140.57390826024508,2.1739130434782608,45,43,1,0,42,43,32835,3,0,0,3,0
2020-07-03,US,New Mexico,Torrance,43,1,0,34.64048375,-105.8508949,35057.0,278.1191384774594,2.3255813953488373,42,43,1,0,42,43,15591,0,0,0,0,0
2020-07-03,US,New Mexico,Unassigned,924,0,0,0.0,0.0,90035.0,0.0,0.0,924,909,0,0,909,908,,15,0,0,15,1
2020-07-03,US,New Mexico,Union,8,0,0,36.48126404,-103.4709624,35059.0,197.09288001970933,0.0,8,8,0,0,8,8,4118,0,0,0,0,0
2020-07-03,US,New Mexico,Valencia,136,2,0,34.71669834,-106.8103733,35061.0,177.34195702065514,1.4705882352941178,134,132,2,0,130,124,76456,4,0,0,4,8
2020-07-03,US,New York,Albany,2130,121,0,42.60060306,-73.97723916,36001.0,697.2039829004996,5.680751173708921,2009,2125,121,0,2004,2112,307117,5,0,0,5,13
2020-07-03,US,New York,Allegany,63,1,0,42.25748406,-78.02750466,36003.0,136.68612093467272,1.5873015873015872,62,62,0,0,62,61,46430,1,1,0,0,1
2020-07-03,US,New York,Broome,736,58,0,42.15903158,-75.81326086,36007.0,386.3760446852295,7.880434782608695,678,729,58,0,671,722,191659,7,0,0,7,7
2020-07-03,US,New York,Cattaraugus,124,6,0,42.24778241,-78.67923096,36009.0,162.90710353797442,4.838709677419356,118,124,6,0,118,123,76840,0,0,0,0,1
2020-07-03,US,New York,Cayuga,120,2,0,42.91261714,-76.55731592,36011.0,156.7070622649394,1.6666666666666667,118,119,2,0,117,119,77145,1,0,0,1,0
2020-07-03,US,New York,Chautauqua,129,7,0,42.22769210000001,-79.36691763,36013.0,101.65244320465237,5.426356589147288,122,127,7,0,120,127,127939,2,0,0,2,0
2020-07-03,US,New York,Chemung,145,2,0,42.13891056,-76.7638805,36015.0,173.74424846625766,1.3793103448275863,143,144,2,0,142,144,84254,1,0,0,1,0
2020-07-03,US,New York,Chenango,148,5,0,42.49430041,-75.60887553,36017.0,313.5128264875972,3.3783783783783785,143,148,5,0,143,146,47536,0,0,0,0,2
2020-07-03,US,New York,Clinton,101,4,0,44.74530905,-73.67875352,36019.0,125.48922159408585,3.96039603960396,97,101,4,0,97,101,80695,0,0,0,0,0
2020-07-03,US,New York,Columbia,474,37,0,42.24819348,-73.63089095,36021.0,797.161164460739,7.805907172995781,437,472,37,0,435,466,59916,2,0,0,2,6
2020-07-03,US,New York,Cortland,48,0,0,42.59509207,-76.07048931,36023.0,100.8806036022782,0.0,48,47,0,0,47,47,47823,1,0,0,1,0
2020-07-03,US,New York,Delaware,91,4,0,42.19837623,-74.96709306,36025.0,206.18556701030928,4.395604395604397,87,91,4,0,87,91,44527,0,0,0,0,0
2020-07-03,US,New York,Dutchess,4231,151,0,41.76486060000001,-73.74356679,36027.0,1438.0493375660226,3.5688962420231625,4080,4225,151,0,4074,4213,293718,6,0,0,6,12
2020-07-03,US,New York,Erie,7427,639,0,42.76249024,-78.73063652,36029.0,808.4231883679365,8.603743099501818,6788,7370,634,0,6736,7337,919719,57,5,0,52,33
2020-07-03,US,New York,Essex,46,0,0,44.11630765,-73.77297842,36031.0,124.71194252406129,0.0,46,42,0,0,42,42,37300,4,0,0,4,0
2020-07-03,US,New York,Franklin,33,0,0,44.59040891,-74.29926032,36033.0,65.97097277198033,0.0,33,32,0,0,32,31,50293,1,0,0,1,1
2020-07-03,US,New York,Fulton,261,24,0,43.11363907,-74.41798804,36035.0,488.9196935353952,9.195402298850574,237,260,24,0,236,257,53591,1,0,0,1,3
2020-07-03,US,New York,Genesee,239,5,0,43.0022601,-78.19135193,36037.0,417.24860335195535,2.092050209205021,234,238,5,0,233,238,57511,1,0,0,1,0
2020-07-03,US,New York,Greene,263,18,0,42.275797,-74.12384884,36039.0,557.3450877341697,6.844106463878328,245,260,18,0,242,260,47491,3,0,0,3,0
2020-07-03,US,New York,Hamilton,6,0,0,43.66146647,-74.49721957,36041.0,135.8695652173913,0.0,6,6,0,0,6,6,4434,0,0,0,0,0
2020-07-03,US,New York,Herkimer,172,3,0,43.42034246,-74.96145307,36043.0,280.50033431725893,1.7441860465116281,169,164,3,0,161,162,61833,8,0,0,8,2
2020-07-03,US,New York,Jefferson,93,0,0,44.04200959,-75.94653457,36045.0,84.6732341533587,0.0,93,90,0,0,90,88,111755,3,0,0,3,2
2020-07-03,US,New York,Lewis,30,0,0,43.784415700000004,-75.44903992,36049.0,114.08579251597202,0.0,30,30,0,0,30,30,26447,0,0,0,0,0
2020-07-03,US,New York,Livingston,130,8,0,42.72596275,-77.77966158,36051.0,206.63127443812192,6.153846153846153,122,130,8,0,122,130,63227,0,0,0,0,0
2020-07-03,US,New York,Madison,360,17,0,42.91653905,-75.67266639,36053.0,507.4639489152958,4.722222222222221,343,359,17,0,342,357,70795,1,0,0,1,2
2020-07-03,US,New York,Monroe,3885,273,0,43.14638895,-77.69322942,36055.0,523.7472531916901,7.027027027027027,3612,3833,266,0,3567,3780,742474,52,7,0,45,53
2020-07-03,US,New York,Montgomery,119,4,0,42.90123494,-74.44011632,36057.0,241.7667255846082,3.361344537815126,115,119,4,0,115,118,49455,0,0,0,0,1
2020-07-03,US,New York,Nassau,41947,2185,0,40.74066522,-73.58941873,36059.0,3091.330096600841,5.208954156435502,39762,41910,2184,0,39726,41853,1358343,37,1,0,36,57
2020-07-03,US,New York,New York City,216362,23140,0,40.76727260000001,-73.97152637,36061.0,2595.259077895077,10.695038870041873,193222,215902,23123,0,192779,215475,1628701,460,17,0,443,427
2020-07-03,US,New York,Niagara,1262,88,0,43.19898042,-78.74777412,36063.0,603.0169962872884,6.9730586370839935,1174,1248,88,0,1160,1237,210433,14,0,0,14,11
2020-07-03,US,New York,Oneida,1708,97,0,43.24375382,-75.43710392,36065.0,746.9246209619936,5.679156908665107,1611,1672,90,0,1582,1642,229577,36,7,0,29,30
2020-07-03,US,New York,Onondaga,2909,188,0,43.00491923,-76.19971155,36067.0,631.6662613348158,6.462701959436232,2721,2897,184,0,2713,2863,461809,12,4,0,8,34
2020-07-03,US,New York,Ontario,275,33,0,42.85145728,-77.30874425,36069.0,250.5078477276661,12.0,242,268,9,0,259,265,109864,7,24,0,-17,3
2020-07-03,US,New York,Orange,10759,478,0,41.40337468,-74.30240757,36071.0,2794.981036005612,4.442792081048425,10281,10744,478,0,10266,10730,381951,15,0,0,15,14
2020-07-03,US,New York,Orleans,282,51,0,43.2516977,-78.2320066,36073.0,698.8501189532118,18.08510638297872,231,282,51,0,231,281,40612,0,0,0,0,1
2020-07-03,US,New York,Oswego,206,3,0,43.42778894,-76.14635194,36075.0,175.8819712441515,1.4563106796116505,203,206,3,0,203,201,117898,0,0,0,0,5
2020-07-03,US,New York,Otsego,84,5,0,42.63492579,-75.03151402,36077.0,141.1930815390046,5.9523809523809526,79,84,5,0,79,84,59749,0,0,0,0,0
2020-07-03,US,New York,Putnam,1333,63,0,41.42630093,-73.74965532,36079.0,1355.7770545158667,4.726181545386346,1270,1332,63,0,1269,1329,98892,1,0,0,1,3
2020-07-03,US,New York,Rensselaer,559,30,0,42.71348136,-73.51089874,36083.0,352.2058545559938,5.366726296958856,529,556,28,0,528,555,159442,3,2,0,1,1
2020-07-03,US,New York,Rockland,13623,668,0,41.15027894,-74.02560498,36087.0,4181.540813225738,4.903472069294575,12955,13612,668,0,12944,13602,325695,11,0,0,11,10
2020-07-03,US,New York,Saratoga,561,14,0,43.10904162,-73.86653895,36091.0,244.05841740515004,2.4955436720142603,547,555,14,0,541,550,230163,6,0,0,6,5
2020-07-03,US,New York,Schenectady,824,37,0,42.81668777,-74.05278291,36093.0,530.5893791975479,4.490291262135922,787,816,37,0,779,805,155350,8,0,0,8,11
2020-07-03,US,New York,Schoharie,58,0,0,42.58831742,-74.44339029999998,36095.0,187.10280976805703,0.0,58,58,0,0,58,58,31097,0,0,0,0,0
2020-07-03,US,New York,Schuyler,13,0,0,42.39184015,-76.8773299,36097.0,73.0049980344808,0.0,13,13,0,0,13,13,17912,0,0,0,0,0
2020-07-03,US,New York,Seneca,70,0,0,42.78081007,-76.82497064,36099.0,205.7855126999059,0.0,70,70,0,0,70,70,34300,0,0,0,0,0
2020-07-03,US,New York,St. Lawrence,222,2,0,44.4976179,-75.06550039,36089.0,206.051605717468,0.9009009009009008,220,220,2,0,218,219,108047,2,0,0,2,1
2020-07-03,US,New York,Steuben,268,41,0,42.2689144,-77.3829924,36101.0,280.9842837521886,15.298507462686567,227,268,41,0,227,268,95796,0,0,0,0,0
2020-07-03,US,New York,Suffolk,41538,1983,0,40.88320119,-72.8012172,36103.0,2813.0822070417125,4.773941932688142,39555,41491,1981,0,39510,41427,1481093,47,2,0,45,64
2020-07-03,US,New York,Sullivan,1455,48,0,41.71579493,-74.76394559,36105.0,1928.8895959274573,3.2989690721649483,1407,1453,45,0,1408,1452,75498,2,3,0,-1,1
2020-07-03,US,New York,Tioga,143,24,0,42.16852837,-76.30835812,36107.0,296.66203348339315,16.783216783216783,119,143,24,0,119,143,48560,0,0,0,0,0
2020-07-03,US,New York,Tompkins,178,0,0,42.44945765,-76.47229843,36109.0,174.20238794284595,0.0,178,178,0,0,178,177,102793,0,0,0,0,1
2020-07-03,US,New York,Ulster,1815,86,0,41.89027881,-74.26252104,36111.0,1022.1148485411634,4.7382920110192845,1729,1790,86,0,1704,1782,178599,25,0,0,25,8
2020-07-03,US,New York,Warren,266,30,0,43.56173026,-73.8433699,36113.0,415.9889903665708,11.278195488721805,236,264,30,0,234,263,64265,2,0,0,2,1
2020-07-03,US,New York,Washington,246,14,0,43.31153794,-73.43043448,36115.0,401.9345140840468,5.691056910569106,232,246,14,0,232,246,61197,0,0,0,0,0
2020-07-03,US,New York,Wayne,181,3,0,43.15494365,-77.02976528,36117.0,201.29451277830918,1.6574585635359116,178,176,3,0,173,174,90064,5,0,0,5,2
2020-07-03,US,New York,Westchester,34980,1426,0,41.16278376,-73.75741653,36119.0,3615.4814543785774,4.07661520869068,33554,34912,1426,0,33486,34866,967612,68,0,0,68,46
2020-07-03,US,New York,Wyoming,95,5,0,42.70145109,-78.22199579,36121.0,238.34014902531425,5.2631578947368425,90,95,5,0,90,95,40085,0,0,0,0,0
2020-07-03,US,New York,Yates,46,6,0,42.63505484,-77.10369919,36123.0,184.6425560952113,13.043478260869565,40,46,6,0,40,46,24841,0,0,0,0,0
2020-07-03,US,North Carolina,Alamance,1207,37,0,36.0434701,-79.39976137,37001.0,712.056586965884,3.0654515327257665,1170,1179,37,0,1142,1151,166436,28,0,0,28,28
2020-07-03,US,North Carolina,Alexander,105,1,0,35.922379600000006,-81.17751948,37003.0,280.0224017921434,0.9523809523809524,104,101,1,0,100,93,37353,4,0,0,4,8
2020-07-03,US,North Carolina,Alleghany,36,0,0,36.49360862,-81.12857041,37005.0,323.2468348747418,0.0,36,36,0,0,36,32,11161,0,0,0,0,4
2020-07-03,US,North Carolina,Anson,142,2,0,34.97403241,-80.09953279,37007.0,580.8721263192342,1.4084507042253518,140,138,2,0,136,132,24877,4,0,0,4,6
2020-07-03,US,North Carolina,Ashe,54,1,0,36.43296207,-81.49862729,37009.0,198.50751755321102,1.851851851851852,53,54,1,0,53,54,27109,0,0,0,0,0
2020-07-03,US,North Carolina,Avery,13,0,0,36.07569796,-81.92308483,37011.0,74.04454063906135,0.0,13,13,0,0,13,12,17505,0,0,0,0,1
2020-07-03,US,North Carolina,Beaufort,100,0,0,35.48531943,-76.84325809,37013.0,212.79312252627997,0.0,100,93,0,0,93,83,47079,7,0,0,7,10
2020-07-03,US,North Carolina,Bertie,146,4,0,36.0688473,-76.96545943,37015.0,770.5705388715892,2.7397260273972597,142,146,4,0,142,146,19026,0,0,0,0,0
2020-07-03,US,North Carolina,Bladen,397,3,0,34.61296243,-78.56180059,37017.0,1213.2510237760528,0.7556675062972292,394,384,3,0,381,379,33190,13,0,0,13,5
2020-07-03,US,North Carolina,Brunswick,603,6,0,34.070565,-78.22814204,37019.0,422.20977454138085,0.9950248756218906,597,574,6,0,568,546,136744,29,0,0,29,28
2020-07-03,US,North Carolina,Buncombe,625,40,0,35.61113393,-82.53305,37021.0,239.28849003219867,6.4,585,624,40,0,584,603,259103,1,0,0,1,21
2020-07-03,US,North Carolina,Burke,1074,20,0,35.74989637,-81.70755735,37023.0,1186.937061391391,1.86219739292365,1054,1057,20,0,1037,1042,90382,17,0,0,17,15
2020-07-03,US,North Carolina,Cabarrus,1237,33,0,35.3877799,-80.55267168,37025.0,571.4866506816722,2.6677445432497984,1204,1187,33,0,1154,1164,211342,50,0,0,50,23
2020-07-03,US,North Carolina,Caldwell,469,4,0,35.95204977,-81.54799522,37027.0,570.7123561050403,0.8528784648187633,465,452,4,0,448,434,82029,17,0,0,17,18
2020-07-03,US,North Carolina,Camden,31,0,0,36.33804939,-76.15568396,37029.0,285.2673230882488,0.0,31,30,0,0,30,29,10710,1,0,0,1,1
2020-07-03,US,North Carolina,Carteret,100,3,0,34.8932941,-76.54120135,37031.0,143.94081153829546,3.0,97,94,3,0,91,94,69524,6,0,0,6,0
2020-07-03,US,North Carolina,Caswell,142,2,0,36.39312665,-79.33353281,37033.0,628.207396920899,1.4084507042253518,140,141,1,0,140,135,22698,1,1,0,0,6
2020-07-03,US,North Carolina,Catawba,887,14,0,35.66211129,-81.2132617,37035.0,555.9350928543223,1.5783540022547915,873,826,14,0,812,825,158652,61,0,0,61,1
2020-07-03,US,North Carolina,Chatham,975,43,0,35.70394416,-79.25541492,37037.0,1309.252047804485,4.410256410256411,932,964,43,0,921,956,73139,11,0,0,11,8
2020-07-03,US,North Carolina,Cherokee,45,2,0,35.1349263,-84.05970864,37039.0,157.27666713267158,4.4444444444444455,43,45,2,0,43,36,28383,0,0,0,0,9
2020-07-03,US,North Carolina,Chowan,26,0,0,36.12908077,-76.60118385,37041.0,186.473499246934,0.0,26,25,0,0,25,24,14029,1,0,0,1,1
2020-07-03,US,North Carolina,Clay,12,0,0,35.05704275,-83.74353633,37043.0,106.84711957973468,0.0,12,12,0,0,12,12,11139,0,0,0,0,0
2020-07-03,US,North Carolina,Cleveland,349,4,0,35.33553364,-81.55204486,37045.0,356.3151500301184,1.146131805157593,345,324,4,0,320,315,97645,25,0,0,25,9
2020-07-03,US,North Carolina,Columbus,553,39,0,34.26744084,-78.65801424,37047.0,996.252792390286,7.052441229656418,514,543,39,0,504,535,55655,10,0,0,10,8
2020-07-03,US,North Carolina,Craven,391,6,0,35.11833364,-77.08398081,37049.0,382.8116586220738,1.5345268542199488,385,382,6,0,376,372,102912,9,0,0,9,10
2020-07-03,US,North Carolina,Cumberland,1311,41,0,35.04762133,-78.82623165,37051.0,390.749577507608,3.1273836765827614,1270,1266,41,0,1225,1218,332330,45,0,0,45,48
2020-07-03,US,North Carolina,Currituck,20,0,0,36.36123664,-75.95876401,37053.0,72.03832438857471,0.0,20,19,0,0,19,19,27072,1,0,0,1,0
2020-07-03,US,North Carolina,Dare,64,1,0,35.66520691,-75.71767334,37055.0,172.93090869788432,1.5625,63,59,1,0,58,59,36501,5,0,0,5,0
2020-07-03,US,North Carolina,Davidson,1035,15,0,35.79115496,-80.21256572,37057.0,617.508606339755,1.4492753623188406,1020,1012,15,0,997,989,166614,23,0,0,23,23
2020-07-03,US,North Carolina,Davie,214,4,0,35.93099927,-80.54496571,37059.0,499.4631937637118,1.8691588785046729,210,214,4,0,210,214,42733,0,0,0,0,0
2020-07-03,US,North Carolina,Duplin,1533,28,0,34.93449805,-77.93140529,37061.0,2609.7614953780153,1.8264840182648399,1505,1509,28,0,1481,1486,58856,24,0,0,24,23
2020-07-03,US,North Carolina,Durham,3940,65,0,36.03638492,-78.87608331,37063.0,1225.5511869805405,1.6497461928934007,3875,3830,63,0,3767,3752,316739,110,2,0,108,78
2020-07-03,US,North Carolina,Edgecombe,329,9,0,35.91230639,-77.59436892,37065.0,639.1824681380167,2.735562310030395,320,326,9,0,317,317,52005,3,0,0,3,9
2020-07-03,US,North Carolina,Forsyth,3185,37,0,36.12859861,-80.25459052,37067.0,833.1262506702939,1.1616954474097332,3148,3132,37,0,3095,3077,379099,53,0,0,53,55
2020-07-03,US,North Carolina,Franklin,376,21,0,36.081519,-78.28708884,37069.0,539.5709263112578,5.585106382978723,355,371,21,0,350,357,67560,5,0,0,5,14
2020-07-03,US,North Carolina,Gaston,1250,12,0,35.29373559,-81.17477045,37071.0,556.7209580945,0.96,1238,1168,12,0,1156,1139,222846,82,0,0,82,29
2020-07-03,US,North Carolina,Gates,27,2,0,36.44667547,-76.69749701,37073.0,233.52361183186298,7.407407407407407,25,27,2,0,25,27,11573,0,0,0,0,0
2020-07-03,US,North Carolina,Graham,10,0,0,35.3506925,-83.83369267,37075.0,118.46937566639023,0.0,10,10,0,0,10,10,8484,0,0,0,0,0
2020-07-03,US,North Carolina,Granville,825,21,0,36.30337451,-78.65184241,37077.0,1364.9223235114075,2.5454545454545454,804,814,21,0,793,813,60115,11,0,0,11,1
2020-07-03,US,North Carolina,Greene,182,3,0,35.48544173,-77.67578087,37079.0,863.8283734396507,1.6483516483516485,179,183,3,0,180,175,21012,-1,0,0,-1,8
2020-07-03,US,North Carolina,Guilford,3000,118,0,36.07959451,-79.78824948,37081.0,558.4782584413988,3.933333333333333,2882,2946,117,0,2829,2891,533670,54,1,0,53,55
2020-07-03,US,North Carolina,Halifax,321,4,0,36.25669272,-77.6556109,37083.0,641.8716256748651,1.2461059190031152,317,321,4,0,317,321,50574,0,0,0,0,0
2020-07-03,US,North Carolina,Harnett,682,30,0,35.36731853,-78.87243571,37085.0,501.55909866447024,4.3988269794721395,652,667,30,0,637,648,134214,15,0,0,15,19
2020-07-03,US,North Carolina,Haywood,92,0,0,35.55269063,-82.98196486,37087.0,147.63226727859168,0.0,92,91,0,0,91,90,61971,1,0,0,1,1
2020-07-03,US,North Carolina,Henderson,675,50,0,35.33788927,-82.4766782,37089.0,574.8741664324588,7.407407407407407,625,667,50,0,617,644,116748,8,0,0,8,23
2020-07-03,US,North Carolina,Hertford,168,10,0,36.3607755,-76.98104134,37091.0,709.5493516915152,5.9523809523809526,158,166,10,0,156,164,23659,2,0,0,2,2
2020-07-03,US,North Carolina,Hoke,391,3,0,35.01888303,-79.23651674,37093.0,707.8973096281276,0.7672634271099744,388,388,3,0,385,383,54764,3,0,0,3,5
2020-07-03,US,North Carolina,Hyde,13,0,0,35.42017674,-76.15180542,37095.0,263.31780433461614,0.0,13,12,0,0,12,12,5230,1,0,0,1,0
2020-07-03,US,North Carolina,Iredell,873,9,0,35.80950511,-80.8743128,37097.0,480.1821722055377,1.0309278350515465,864,817,9,0,808,785,178435,56,0,0,56,32
2020-07-03,US,North Carolina,Jackson,126,1,0,35.28814273,-83.14093385,37099.0,286.7677181482999,0.7936507936507936,125,125,1,0,124,117,43327,1,0,0,1,8
2020-07-03,US,North Carolina,Johnston,1641,33,0,35.51745004,-78.36622717,37101.0,783.895977338193,2.010968921389397,1608,1570,32,0,1538,1541,202675,71,1,0,70,29
2020-07-03,US,North Carolina,Jones,36,3,0,35.02254606,-77.35870791,37103.0,382.2061789998937,8.333333333333334,33,35,3,0,32,35,9637,1,0,0,1,0
2020-07-03,US,North Carolina,Lee,856,8,0,35.47623147,-79.17569362,37105.0,1385.5840981563315,0.9345794392523364,848,843,8,0,835,841,61452,13,0,0,13,2
2020-07-03,US,North Carolina,Lenoir,379,11,0,35.24032589999999,-77.64245615,37107.0,677.4026345421722,2.9023746701846966,368,375,11,0,364,371,55976,4,0,0,4,4
2020-07-03,US,North Carolina,Lincoln,283,2,0,35.48508185,-81.21740317,37109.0,328.6455853491424,0.7067137809187279,281,268,2,0,266,258,83770,15,0,0,15,10
2020-07-03,US,North Carolina,Macon,288,3,0,35.14867843,-83.41696617,37113.0,803.1680517597189,1.0416666666666667,285,289,3,0,286,282,35285,-1,0,0,-1,7
2020-07-03,US,North Carolina,Madison,14,0,0,35.85402722,-82.71346418,37115.0,64.3530222937256,0.0,14,13,0,0,13,14,21763,1,0,0,1,-1
2020-07-03,US,North Carolina,Martin,140,4,0,35.84326734,-77.10860251,37117.0,623.8859180035649,2.8571428571428568,136,137,4,0,133,135,22671,3,0,0,3,2
2020-07-03,US,North Carolina,McDowell,259,2,0,35.67736232,-82.0482425,37111.0,566.0459830404756,0.7722007722007722,257,245,2,0,243,237,45507,14,0,0,14,8
2020-07-03,US,North Carolina,Mecklenburg,12233,151,0,35.24469268,-80.8317671,37119.0,1101.7187280475812,1.2343660590206815,12082,11803,150,0,11653,11534,1093901,430,1,0,429,269
2020-07-03,US,North Carolina,Mitchell,40,0,0,36.01059309,-82.1582442,37121.0,267.30820636193533,0.0,40,34,0,0,34,33,15000,6,0,0,6,1
2020-07-03,US,North Carolina,Montgomery,334,7,0,35.33155144,-79.90416657,37123.0,1229.161299819674,2.0958083832335332,327,321,7,0,314,317,27271,13,0,0,13,4
2020-07-03,US,North Carolina,Moore,506,14,0,35.30885257,-79.48474178,37125.0,501.5860428231562,2.766798418972332,492,500,14,0,486,484,98682,6,0,0,6,16
2020-07-03,US,North Carolina,Nash,502,6,0,35.96575634,-77.98422508,37127.0,532.3548749708372,1.195219123505976,496,489,6,0,483,478,94016,13,0,0,13,11
2020-07-03,US,North Carolina,New Hanover,1063,7,0,34.25758282,-77.87075626,37129.0,453.3571029500199,0.658513640639699,1056,1018,6,0,1012,1018,232274,45,1,0,44,0
2020-07-03,US,North Carolina,Northampton,199,15,0,36.41736238,-77.39769443,37131.0,1021.4032746496948,7.537688442211055,184,199,15,0,184,199,19676,0,0,0,0,0
2020-07-03,US,North Carolina,Onslow,334,3,0,34.72607366,-77.42908179,37133.0,168.73970637270256,0.8982035928143712,331,324,3,0,321,308,197683,10,0,0,10,16
2020-07-03,US,North Carolina,Orange,745,42,0,36.06092947,-79.12167935,37135.0,501.7645949513726,5.6375838926174495,703,715,41,0,674,690,146027,30,1,0,29,25
2020-07-03,US,North Carolina,Pamlico,23,1,0,35.15253315,-76.66559823,37137.0,180.7323589501807,4.3478260869565215,22,22,1,0,21,21,12670,1,0,0,1,1
2020-07-03,US,North Carolina,Pasquotank,217,17,0,36.26723798,-76.25134778,37139.0,544.8975492165529,7.834101382488479,200,212,17,0,195,210,39639,5,0,0,5,2
2020-07-03,US,North Carolina,Pender,291,2,0,34.52265624,-77.90352133,37141.0,461.46527117031405,0.6872852233676976,289,271,2,0,269,262,62162,20,0,0,20,9
2020-07-03,US,North Carolina,Perquimans,37,2,0,36.17847453,-76.40603143,37143.0,274.82730446408675,5.405405405405406,35,36,2,0,34,36,13422,1,0,0,1,0
2020-07-03,US,North Carolina,Person,112,1,0,36.38989032,-78.97217358,37145.0,283.6161053431248,0.8928571428571429,111,107,1,0,106,107,39507,5,0,0,5,0
2020-07-03,US,North Carolina,Pitt,758,7,0,35.59535426,-77.37353178,37147.0,419.3823239756117,0.9234828496042216,751,732,7,0,725,709,179914,26,0,0,26,23
2020-07-03,US,North Carolina,Polk,74,4,0,35.27820615,-82.16812354,37149.0,357.0739239529049,5.405405405405406,70,74,4,0,70,73,20611,0,0,0,0,1
2020-07-03,US,North Carolina,Randolph,1251,31,0,35.71015088,-79.80570339,37151.0,870.7636409196266,2.478017585931255,1220,1234,30,0,1204,1206,143351,17,1,0,16,28
2020-07-03,US,North Carolina,Richmond,306,7,0,35.00417719,-79.74491009,37153.0,682.5938566552901,2.2875816993464047,299,296,7,0,289,290,44887,10,0,0,10,6
2020-07-03,US,North Carolina,Robeson,1320,39,0,34.64244496,-79.10250529999998,37155.0,1010.5263157894735,2.9545454545454546,1281,1264,39,0,1225,1240,131831,56,0,0,56,24
2020-07-03,US,North Carolina,Rockingham,238,2,0,36.39593137,-79.77504841,37157.0,261.5097242061312,0.8403361344537815,236,235,2,0,233,234,90690,3,0,0,3,1
2020-07-03,US,North Carolina,Rowan,1284,42,0,35.64003916,-80.52446628,37159.0,903.6653341591127,3.2710280373831777,1242,1251,42,0,1209,1227,141262,33,0,0,33,24
2020-07-03,US,North Carolina,Rutherford,317,9,0,35.40114178,-81.92112099,37161.0,472.9296274746752,2.8391167192429023,308,307,9,0,298,306,66826,10,0,0,10,1
2020-07-03,US,North Carolina,Sampson,1084,6,0,34.98820368,-78.36914061,37163.0,1706.2536399552973,0.5535055350553506,1078,1071,6,0,1065,1060,63626,13,0,0,13,11
2020-07-03,US,North Carolina,Scotland,144,2,0,34.8386299,-79.4757978,37165.0,413.51980013209663,1.3888888888888888,142,142,2,0,140,138,34810,2,0,0,2,4
2020-07-03,US,North Carolina,Stanly,437,5,0,35.31647813,-80.25093221,37167.0,695.7933955354582,1.1441647597254003,432,411,5,0,406,394,62075,26,0,0,26,17
2020-07-03,US,North Carolina,Stokes,133,1,0,36.4017975,-80.23893369,37169.0,291.7242438200522,0.7518796992481203,132,129,1,0,128,129,45467,4,0,0,4,0
2020-07-03,US,North Carolina,Surry,496,2,0,36.41689489,-80.69102283,37171.0,690.9713999136287,0.4032258064516129,494,488,2,0,486,482,71948,8,0,0,8,6
2020-07-03,US,North Carolina,Swain,59,1,0,35.48665845,-83.48748932,37173.0,413.4258286034616,1.6949152542372878,58,58,1,0,57,58,14245,1,0,0,1,0
2020-07-03,US,North Carolina,Transylvania,25,1,0,35.20383864,-82.79638423,37175.0,72.70612185546021,4.0,24,22,1,0,21,22,34215,3,0,0,3,0
2020-07-03,US,North Carolina,Tyrrell,12,0,0,35.87147226,-76.17055253,37177.0,298.80478087649396,0.0,12,11,0,0,11,11,4131,1,0,0,1,0
2020-07-03,US,North Carolina,Union,1382,25,0,34.98960527,-80.52955873,37179.0,576.1718342859764,1.808972503617945,1357,1311,25,0,1286,1261,235908,71,0,0,71,50
2020-07-03,US,North Carolina,Vance,521,38,0,36.36880673,-78.40670845,37181.0,1169.866397215673,7.293666026871401,483,507,37,0,470,506,44582,14,1,0,13,1
2020-07-03,US,North Carolina,Wake,5651,49,0,35.78879266,-78.65249174,37183.0,508.29269960000397,0.8671031675809592,5602,5453,49,0,5404,5298,1092305,198,0,0,198,155
2020-07-03,US,North Carolina,Warren,161,5,0,36.39728256,-78.10652228,37185.0,815.9748618924533,3.1055900621118013,156,161,5,0,156,161,19807,0,0,0,0,0
2020-07-03,US,North Carolina,Washington,40,3,0,35.83810081,-76.57299037,37187.0,345.4231433506045,7.5,37,38,3,0,35,38,11859,2,0,0,2,0
2020-07-03,US,North Carolina,Watauga,77,0,0,36.23103603,-81.70033724,37189.0,137.06677109849227,0.0,77,75,0,0,75,70,55945,2,0,0,2,5
2020-07-03,US,North Carolina,Wayne,1864,28,0,35.36438125,-78.00027268,37191.0,1513.8348588089111,1.502145922746781,1836,1847,28,0,1819,1822,123248,17,0,0,17,25
2020-07-03,US,North Carolina,Wilkes,586,6,0,36.2084135,-81.16232895,37193.0,856.5748699058646,1.023890784982935,580,583,6,0,577,578,68557,3,0,0,3,5
2020-07-03,US,North Carolina,Wilson,767,20,0,35.70625477,-77.917978,37195.0,937.6413491277613,2.607561929595828,747,745,20,0,725,735,81455,22,0,0,22,10
2020-07-03,US,North Carolina,Yadkin,338,4,0,36.16222629,-80.66239436,37197.0,897.3371917062683,1.183431952662722,334,337,4,0,333,337,37543,1,0,0,1,0
2020-07-03,US,North Carolina,Yancey,44,0,0,35.90079156,-82.31237181,37199.0,243.5109856660579,0.0,44,44,0,0,44,44,17903,0,0,0,0,0
2020-07-03,US,North Dakota,Barnes,20,0,0,46.93579637,-98.06605978,38003.0,192.03072491598653,0.0,20,19,0,0,19,19,10542,1,0,0,1,0
2020-07-03,US,North Dakota,Benson,4,0,0,48.0683985,-99.35916363,38005.0,58.5480093676815,0.0,4,4,0,0,4,4,6962,0,0,0,0,0
2020-07-03,US,North Dakota,Billings,1,0,0,47.02366884,-103.3762965,38007.0,107.75862068965515,0.0,1,1,0,0,1,1,919,0,0,0,0,0
2020-07-03,US,North Dakota,Bottineau,5,0,0,48.79106111,-100.8378166,38009.0,79.59248646927729,0.0,5,5,0,0,5,5,6411,0,0,0,0,0
2020-07-03,US,North Dakota,Bowman,1,0,0,46.11285362,-103.5203343,38011.0,33.06878306878307,0.0,1,1,0,0,1,1,3076,0,0,0,0,0
2020-07-03,US,North Dakota,Burke,6,0,0,48.79094471,-102.51821170000001,38013.0,283.6879432624113,0.0,6,5,0,0,5,5,2100,1,0,0,1,0
2020-07-03,US,North Dakota,Burleigh,302,0,0,46.97847375,-100.46452140000001,38015.0,315.81369083722,0.0,302,281,0,0,281,267,95273,21,0,0,21,14
2020-07-03,US,North Dakota,Cass,2295,66,0,46.93201724,-97.24447190000001,38017.0,1261.5227321449186,2.8758169934640523,2229,2277,66,0,2211,2260,181516,18,0,0,18,17
2020-07-03,US,North Dakota,Cavalier,3,0,0,48.77286211,-98.46685243,38019.0,79.74481658692186,0.0,3,3,0,0,3,2,3829,0,0,0,0,1
2020-07-03,US,North Dakota,Dickey,4,0,0,46.11017712,-98.50490079999999,38021.0,82.10180623973726,0.0,4,4,0,0,4,4,4903,0,0,0,0,0
2020-07-03,US,North Dakota,Divide,1,0,0,48.814938700000006,-103.48736109999999,38023.0,44.16961130742049,0.0,1,1,0,0,1,1,2283,0,0,0,0,0
2020-07-03,US,North Dakota,Dunn,14,0,0,47.35423935,-102.61604679999999,38025.0,316.4556962025317,0.0,14,14,0,0,14,14,4332,0,0,0,0,0
2020-07-03,US,North Dakota,Eddy,5,0,0,47.71701474,-98.90432337,38027.0,218.62702229995628,0.0,5,5,0,0,5,5,2313,0,0,0,0,0
2020-07-03,US,North Dakota,Emmons,4,1,0,46.28398398,-100.2389766,38029.0,123.41869793273679,25.0,3,4,1,0,3,4,3295,0,0,0,0,0
2020-07-03,US,North Dakota,Foster,2,0,0,47.457108399999996,-98.88279923,38031.0,62.30529595015578,0.0,2,2,0,0,2,2,3216,0,0,0,0,0
2020-07-03,US,North Dakota,Grand Forks,397,4,0,47.92093639,-97.45450447,38035.0,571.6260385019655,1.0075566750629723,393,390,4,0,386,387,70770,7,0,0,7,3
2020-07-03,US,North Dakota,Grant,3,0,0,46.35821257,-101.63900129999999,38037.0,131.9261213720317,0.0,3,3,0,0,3,3,2374,0,0,0,0,0
2020-07-03,US,North Dakota,Griggs,2,0,0,47.45785838,-98.23850925,38039.0,89.64589870013447,0.0,2,2,0,0,2,2,2232,0,0,0,0,0
2020-07-03,US,North Dakota,Hettinger,1,0,0,46.43375068,-102.4632417,38041.0,40.01600640256103,0.0,1,1,0,0,1,1,2514,0,0,0,0,0
2020-07-03,US,North Dakota,Kidder,2,0,0,46.97830064,-99.77507857,38043.0,80.64516129032258,0.0,2,2,0,0,2,2,2450,0,0,0,0,0
2020-07-03,US,North Dakota,LaMoure,13,0,0,46.45681054,-98.53542355,38045.0,321.3049925852694,0.0,13,13,0,0,13,13,4062,0,0,0,0,0
2020-07-03,US,North Dakota,McHenry,4,1,0,48.23104458,-100.6324822,38049.0,69.62576153176676,25.0,3,4,1,0,3,3,5816,0,0,0,0,1
2020-07-03,US,North Dakota,McIntosh,2,0,0,46.11182017,-99.44145858,38051.0,80.0961153384061,0.0,2,2,0,0,2,2,2585,0,0,0,0,0
2020-07-03,US,North Dakota,McKenzie,27,0,0,47.74133370000001,-103.395905,38053.0,179.71246006389774,0.0,27,27,0,0,27,27,13632,0,0,0,0,0
2020-07-03,US,North Dakota,McLean,11,0,0,47.60766714,-101.3182418,38055.0,116.40211640211642,0.0,11,11,0,0,11,11,9541,0,0,0,0,0
2020-07-03,US,North Dakota,Mercer,7,0,0,47.31213126,-101.8318399,38057.0,85.5014046659338,0.0,7,7,0,0,7,7,8267,0,0,0,0,0
2020-07-03,US,North Dakota,Morton,100,2,0,46.71681782,-101.2822377,38059.0,318.8368830506313,2.0,98,93,2,0,91,91,31095,7,0,0,7,2
2020-07-03,US,North Dakota,Mountrail,51,0,0,48.20197971,-102.3555315,38061.0,483.64153627311515,0.0,51,50,0,0,50,50,10218,1,0,0,1,0
2020-07-03,US,North Dakota,Nelson,1,0,0,47.9226426,-98.19038437,38063.0,34.734282737061484,0.0,1,1,0,0,1,1,2869,0,0,0,0,0
2020-07-03,US,North Dakota,Oliver,2,0,0,47.11530482,-101.3406158,38065.0,102.09290454313421,0.0,2,2,0,0,2,2,1952,0,0,0,0,0
2020-07-03,US,North Dakota,Pembina,9,0,0,48.76623521,-97.5523809,38067.0,132.33348037053378,0.0,9,9,0,0,9,9,6947,0,0,0,0,0
2020-07-03,US,North Dakota,Pierce,5,0,0,48.24977025,-99.96407787,38069.0,125.78616352201256,0.0,5,5,0,0,5,5,4081,0,0,0,0,0
2020-07-03,US,North Dakota,Ramsey,11,1,0,48.26886249,-98.72223879,38071.0,95.49440055560379,9.090909090909092,10,10,1,0,9,10,11481,1,0,0,1,0
2020-07-03,US,North Dakota,Ransom,17,0,0,46.45621782,-97.65742504,38073.0,325.7953238788808,0.0,17,17,0,0,17,17,5237,0,0,0,0,0
2020-07-03,US,North Dakota,Renville,5,0,0,48.71982533,-101.6603912,38075.0,214.86892995272885,0.0,5,5,0,0,5,5,2374,0,0,0,0,0
2020-07-03,US,North Dakota,Richland,42,0,0,46.26440649,-96.94852979,38077.0,259.62786672436175,0.0,42,41,0,0,41,41,16239,1,0,0,1,0
2020-07-03,US,North Dakota,Rolette,11,0,0,48.77245354,-99.84097493,38079.0,77.59593679458239,0.0,11,10,0,0,10,10,14301,1,0,0,1,0
2020-07-03,US,North Dakota,Sargent,6,0,0,46.10830372,-97.63217159,38081.0,153.9250897896357,0.0,6,6,0,0,6,6,3870,0,0,0,0,0
2020-07-03,US,North Dakota,Sheridan,1,0,0,47.57700669,-100.3426391,38083.0,76.04562737642586,0.0,1,1,0,0,1,1,1349,0,0,0,0,0
2020-07-03,US,North Dakota,Sioux,25,0,0,46.11323337,-101.04401490000001,38085.0,591.016548463357,0.0,25,23,0,0,23,24,4358,2,0,0,2,-1
2020-07-03,US,North Dakota,Slope,3,0,0,46.44737738,-103.4601547,38087.0,400.0,0.0,3,3,0,0,3,3,763,0,0,0,0,0
2020-07-03,US,North Dakota,Stark,77,3,0,46.80851182,-102.65763259999999,38089.0,244.52983581568168,3.8961038961038965,74,77,3,0,74,75,30997,0,0,0,0,2
2020-07-03,US,North Dakota,Steele,2,0,0,47.45611548,-97.72728747,38091.0,105.82010582010582,0.0,2,2,0,0,2,2,1903,0,0,0,0,0
2020-07-03,US,North Dakota,Stutsman,63,1,0,46.97962541,-98.95637318,38093.0,304.28902627511593,1.5873015873015872,62,63,1,0,62,63,20917,0,0,0,0,0
2020-07-03,US,North Dakota,Traill,21,0,0,47.45367788,-97.16323288,38097.0,261.3240418118467,0.0,21,20,0,0,20,19,8037,1,0,0,1,1
2020-07-03,US,North Dakota,Walsh,26,0,0,48.36876964,-97.72574783,38099.0,244.3379381637064,0.0,26,25,0,0,25,24,10667,1,0,0,1,1
2020-07-03,US,North Dakota,Ward,61,1,0,48.22390169,-101.54367629999999,38101.0,90.18199021303649,1.639344262295082,60,60,1,0,59,60,67744,1,0,0,1,0
2020-07-03,US,North Dakota,Wells,9,0,0,47.58614526,-99.65904998,38103.0,234.74178403755863,0.0,9,9,0,0,9,8,3957,0,0,0,0,1
2020-07-03,US,North Dakota,Williams,38,0,0,48.34522353,-103.4793387,38105.0,101.09340498550108,0.0,38,37,0,0,37,37,35350,1,0,0,1,0
2020-07-03,US,Ohio,Adams,22,1,0,38.84541072,-83.4718964,39001.0,79.42811755361397,4.545454545454546,21,21,1,0,20,21,27724,1,0,0,1,0
2020-07-03,US,Ohio,Allen,305,40,0,40.77285242,-84.10802343,39003.0,297.9941573604557,13.114754098360656,265,297,40,0,257,297,102663,8,0,0,8,0
2020-07-03,US,Ohio,Ashland,58,1,0,40.84772277,-82.27280781,39005.0,108.44364669807793,1.7241379310344829,57,55,1,0,54,55,53745,3,0,0,3,0
2020-07-03,US,Ohio,Ashtabula,425,44,0,41.70860332,-80.74830218,39007.0,437.0584424265485,10.352941176470589,381,421,44,0,377,421,97493,4,0,0,4,0
2020-07-03,US,Ohio,Athens,43,1,0,39.33425634,-82.04278644,39009.0,65.822707303259,2.3255813953488373,42,37,1,0,36,37,65818,6,0,0,6,0
2020-07-03,US,Ohio,Auglaize,104,4,0,40.55998859,-84.22421429999999,39011.0,227.7904328018224,3.8461538461538463,100,99,3,0,96,99,45804,5,1,0,4,0
2020-07-03,US,Ohio,Belmont,543,22,0,40.01625942,-80.9924051,39013.0,810.3751902814673,4.051565377532229,521,534,21,0,513,534,67505,9,1,0,8,0
2020-07-03,US,Ohio,Brown,54,1,0,38.93416837,-83.86788395,39015.0,124.33228955608769,1.851851851851852,53,53,1,0,52,53,43602,1,0,0,1,0
2020-07-03,US,Ohio,Butler,1511,44,0,39.44012838,-84.57388716,39017.0,394.37899011833986,2.911978821972204,1467,1448,44,0,1404,1448,382378,63,0,0,63,0
2020-07-03,US,Ohio,Carroll,58,3,0,40.5789686,-81.09178213,39019.0,215.5012261276659,5.172413793103448,55,51,3,0,48,51,27081,7,0,0,7,0
2020-07-03,US,Ohio,Champaign,39,1,0,40.13923427,-83.76875242,39021.0,100.29574386010029,2.5641025641025643,38,38,1,0,37,38,38754,1,0,0,1,0
2020-07-03,US,Ohio,Clark,761,9,0,39.91592258,-83.78498252,39023.0,567.5589000842763,1.1826544021024967,752,739,9,0,730,739,134585,22,0,0,22,0
2020-07-03,US,Ohio,Clermont,390,6,0,39.04847534,-84.15375786,39025.0,188.9278586238301,1.5384615384615383,384,356,6,0,350,356,205466,34,0,0,34,0
2020-07-03,US,Ohio,Clinton,66,0,0,39.41485808,-83.80852286,39027.0,157.2626763248189,0.0,66,62,0,0,62,62,42057,4,0,0,4,0
2020-07-03,US,Ohio,Columbiana,1288,60,0,40.76932373,-80.78094576,39029.0,1264.195204302975,4.658385093167702,1228,1209,60,0,1149,1209,102665,79,0,0,79,0
2020-07-03,US,Ohio,Coshocton,90,2,0,40.30096166,-81.91729018,39031.0,245.90163934426232,2.2222222222222223,88,81,1,0,80,81,36629,9,1,0,8,0
2020-07-03,US,Ohio,Crawford,134,5,0,40.85065156,-82.91989099,39033.0,322.93825613341687,3.7313432835820897,129,135,7,0,128,135,41550,-1,-2,0,1,0
2020-07-03,US,Ohio,Cuyahoga,7392,372,0,41.424119,-81.65918339,39035.0,598.5076173696756,5.032467532467534,7020,7013,366,0,6647,7013,1243857,379,6,0,373,0
2020-07-03,US,Ohio,Darke,245,25,0,40.13412966,-84.6194517,39037.0,479.3301117132628,10.20408163265306,220,236,25,0,211,236,51323,9,0,0,9,0
2020-07-03,US,Ohio,Defiance,49,3,0,41.32398837,-84.49076944,39039.0,128.65282117257857,6.1224489795918355,46,48,3,0,45,48,38165,1,0,0,1,0
2020-07-03,US,Ohio,Delaware,541,15,0,40.27942393,-83.00457058,39041.0,258.6326412559698,2.7726432532347505,526,518,15,0,503,518,204826,23,0,0,23,0
2020-07-03,US,Ohio,Erie,234,22,0,41.36796058,-82.62904521,39043.0,315.0836183448685,9.401709401709402,212,229,22,0,207,229,74615,5,0,0,5,0
2020-07-03,US,Ohio,Fairfield,529,16,0,39.75107189,-82.63088163,39045.0,335.71528297815627,3.0245746691871456,513,503,16,0,487,503,155782,26,0,0,26,0
2020-07-03,US,Ohio,Fayette,46,0,0,39.56021306,-83.4562016,39047.0,161.26205083260297,0.0,46,46,0,0,46,46,28666,0,0,0,0,0
2020-07-03,US,Ohio,Franklin,9825,417,0,39.96995815,-83.01115755,39049.0,746.1519066554472,4.244274809160306,9408,9338,407,0,8931,9338,1310300,487,10,0,477,0
2020-07-03,US,Ohio,Fulton,61,0,0,41.60213491,-84.12571393,39051.0,144.80368418553863,0.0,61,57,0,0,57,57,42276,4,0,0,4,0
2020-07-03,US,Ohio,Gallia,14,1,0,38.82708533,-82.31647569,39053.0,46.825874640444184,7.142857142857142,13,14,1,0,13,14,29979,0,0,0,0,0
2020-07-03,US,Ohio,Geauga,399,42,0,41.49952319,-81.17935342,39055.0,426.059007570823,10.526315789473683,357,390,42,0,348,390,94031,9,0,0,9,0
2020-07-03,US,Ohio,Greene,244,9,0,39.69116283,-83.89032084,39057.0,144.43253994092473,3.6885245901639343,235,222,9,0,213,222,167995,22,0,0,22,0
2020-07-03,US,Ohio,Guernsey,67,3,0,40.05026529,-81.49248905,39059.0,172.3472668810289,4.477611940298506,64,60,3,0,57,60,39022,7,0,0,7,0
2020-07-03,US,Ohio,Hamilton,5605,197,0,39.19673558,-84.54502924,39061.0,685.6495566214419,3.514719000892061,5408,5224,198,0,5026,5224,816684,381,-1,0,382,0
2020-07-03,US,Ohio,Hancock,78,1,0,41.00250487,-83.66838948,39063.0,102.92545821622265,1.2820512820512822,77,76,1,0,75,76,75930,2,0,0,2,0
2020-07-03,US,Ohio,Hardin,120,12,0,40.66015414,-83.65929931,39065.0,382.59206121472977,10.0,108,113,12,0,101,113,31480,7,0,0,7,0
2020-07-03,US,Ohio,Harrison,12,1,0,40.29380509,-81.09068544,39067.0,79.78723404255321,8.333333333333334,11,12,1,0,11,12,15174,0,0,0,0,0
2020-07-03,US,Ohio,Henry,29,0,0,41.3339642,-84.06830637,39069.0,107.38354439754127,0.0,29,29,0,0,29,29,27086,0,0,0,0,0
2020-07-03,US,Ohio,Highland,44,1,0,39.1839264,-83.60331456,39071.0,101.9438845253817,2.272727272727273,43,43,1,0,42,43,43058,1,0,0,1,0
2020-07-03,US,Ohio,Hocking,78,8,0,39.49537927,-82.47991446,39073.0,275.9694310784036,10.256410256410255,70,76,7,0,69,76,28385,2,1,0,1,0
2020-07-03,US,Ohio,Holmes,220,3,0,40.56163713,-81.92635677,39075.0,500.4549590536852,1.3636363636363635,217,204,3,0,201,204,43892,16,0,0,16,0
2020-07-03,US,Ohio,Huron,199,2,0,41.14651175,-82.59867951,39077.0,341.53708852504036,1.0050251256281406,197,177,2,0,175,177,58504,22,0,0,22,0
2020-07-03,US,Ohio,Jackson,18,0,0,39.01914254,-82.61818559999998,39079.0,55.533273686483824,0.0,18,17,0,0,17,17,32384,1,0,0,1,0
2020-07-03,US,Ohio,Jefferson,83,2,0,40.38614126,-80.76259514,39081.0,127.05702257941064,2.409638554216868,81,80,2,0,78,80,65767,3,0,0,3,0
2020-07-03,US,Ohio,Knox,45,1,0,40.39830217,-82.42027563,39083.0,72.20564166746895,2.2222222222222223,44,39,1,0,38,39,61893,6,0,0,6,0
2020-07-03,US,Ohio,Lake,480,18,0,41.69710807,-81.23676539,39085.0,208.56054121460446,3.75,462,443,16,0,427,443,230514,37,2,0,35,0
2020-07-03,US,Ohio,Lawrence,67,0,0,38.59743452,-82.53466552,39087.0,112.67510889124331,0.0,67,65,0,0,65,65,59866,2,0,0,2,0
2020-07-03,US,Ohio,Licking,442,12,0,40.09136236,-82.48185785,39089.0,249.9123610498581,2.7149321266968327,430,416,11,0,405,416,175769,26,1,0,25,0
2020-07-03,US,Ohio,Logan,58,1,0,40.38996525,-83.76784341,39091.0,126.99246803293043,1.7241379310344829,57,58,1,0,57,58,45358,0,0,0,0,0
2020-07-03,US,Ohio,Lorain,983,67,0,41.29553751,-82.15083537,39093.0,317.2676893681434,6.8158697863682605,916,962,67,0,895,962,309461,21,0,0,21,0
2020-07-03,US,Ohio,Lucas,2669,302,0,41.62101218,-83.65468618,39095.0,623.0915050379598,11.315099288122893,2367,2628,302,0,2326,2628,429899,41,0,0,41,0
2020-07-03,US,Ohio,Madison,192,8,0,39.89381073,-83.40178317,39097.0,429.2325233059847,4.166666666666667,184,188,8,0,180,188,44413,4,0,0,4,0
2020-07-03,US,Ohio,Mahoning,1805,231,0,41.01631101,-80.77287029,39099.0,789.302221852958,12.797783933518007,1574,1752,228,0,1524,1752,229642,53,3,0,50,0
2020-07-03,US,Ohio,Marion,2730,38,0,40.58610662,-83.15736305,39101.0,4193.99935476933,1.391941391941392,2692,2731,38,0,2693,2731,65256,-1,0,0,-1,0
2020-07-03,US,Ohio,Medina,506,32,0,41.11770589,-81.89986209999998,39103.0,281.5083506726158,6.324110671936759,474,491,32,0,459,491,179146,15,0,0,15,0
2020-07-03,US,Ohio,Meigs,11,0,0,39.09224872,-82.0305041,39105.0,48.02025581699917,0.0,11,11,0,0,11,11,23106,0,0,0,0,0
2020-07-03,US,Ohio,Mercer,278,8,0,40.54043046,-84.62912742,39107.0,675.2161663266297,2.8776978417266186,270,272,8,0,264,272,40959,6,0,0,6,0
2020-07-03,US,Ohio,Miami,455,31,0,40.0543329,-84.22871271,39109.0,425.28531503827566,6.813186813186812,424,442,31,0,411,442,106222,13,0,0,13,0
2020-07-03,US,Ohio,Monroe,88,17,0,39.72984936,-81.08464734,39111.0,644.4997802841657,19.318181818181817,71,86,17,0,69,86,13790,2,0,0,2,0
2020-07-03,US,Ohio,Montgomery,1918,26,0,39.75394919,-84.29050975,39113.0,360.7385548264298,1.3555787278415017,1892,1784,26,0,1758,1784,532331,134,0,0,134,0
2020-07-03,US,Ohio,Morgan,11,0,0,39.62081738,-81.85308173,39115.0,75.82023711055969,0.0,11,9,0,0,9,9,14604,2,0,0,2,0
2020-07-03,US,Ohio,Morrow,116,1,0,40.52363560000001,-82.7892599,39117.0,328.3514492753623,0.8620689655172413,115,115,1,0,114,115,35112,1,0,0,1,0
2020-07-03,US,Ohio,Muskingum,76,1,0,39.96575964,-81.94363275,39119.0,88.15171373890854,1.3157894736842106,75,73,1,0,72,73,86183,3,0,0,3,0
2020-07-03,US,Ohio,Noble,11,0,0,39.76818851,-81.45937183,39121.0,76.26178591236828,0.0,11,11,0,0,11,11,14354,0,0,0,0,0
2020-07-03,US,Ohio,Ottawa,139,23,0,41.53781826,-83.0940185,39123.0,342.9981492905613,16.546762589928058,116,130,23,0,107,130,40769,9,0,0,9,0
2020-07-03,US,Ohio,Paulding,23,0,0,41.11676341,-84.5801017,39125.0,123.17909168808912,0.0,23,23,0,0,23,23,18760,0,0,0,0,0
2020-07-03,US,Ohio,Perry,32,1,0,39.73508655,-82.23804971,39127.0,88.55925167432335,3.125,31,30,1,0,29,30,36033,2,0,0,2,0
2020-07-03,US,Ohio,Pickaway,2184,41,0,39.64170392,-83.0243386,39129.0,3736.079511435756,1.8772893772893773,2143,2176,41,0,2135,2176,58086,8,0,0,8,0
2020-07-03,US,Ohio,Pike,22,0,0,39.07634001,-83.06769584,39131.0,79.21647702722166,0.0,22,20,0,0,20,20,28067,2,0,0,2,0
2020-07-03,US,Ohio,Portage,428,58,0,41.16793482,-81.19735782,39133.0,263.4397350830328,13.551401869158877,370,418,58,0,360,418,162927,10,0,0,10,0
2020-07-03,US,Ohio,Preble,70,1,0,39.7420247,-84.64787018,39135.0,171.22449977985426,1.4285714285714286,69,66,1,0,65,66,40997,4,0,0,4,0
2020-07-03,US,Ohio,Putnam,126,15,0,41.02094889,-84.1336111,39137.0,372.1095065119164,11.904761904761903,111,115,16,0,99,115,33780,11,-1,0,12,0
2020-07-03,US,Ohio,Richland,325,5,0,40.77180308,-82.53799609999999,39139.0,268.25362761444114,1.5384615384615383,320,318,5,0,313,318,121099,7,0,0,7,0
2020-07-03,US,Ohio,Ross,113,3,0,39.33705391,-83.06000914,39141.0,147.39258602248717,2.6548672566371683,110,109,2,0,107,109,76931,4,1,0,3,0
2020-07-03,US,Ohio,Sandusky,126,14,0,41.35624126,-83.137872,39143.0,215.31836358043682,11.111111111111109,112,122,13,0,109,122,58799,4,1,0,3,0
2020-07-03,US,Ohio,Scioto,38,0,0,38.80270163,-82.98907345,39145.0,50.45542661390977,0.0,38,36,0,0,36,36,75502,2,0,0,2,0
2020-07-03,US,Ohio,Seneca,33,2,0,41.12351311,-83.12783209,39147.0,59.806444597484514,6.0606060606060606,31,33,2,0,31,33,55207,0,0,0,0,0
2020-07-03,US,Ohio,Shelby,64,4,0,40.33163494,-84.20258189,39149.0,131.7143445153324,6.25,60,59,4,0,55,59,48627,5,0,0,5,0
2020-07-03,US,Ohio,Stark,1079,112,0,40.81482476,-81.36437305,39151.0,291.14477369497524,10.379981464318814,967,1052,112,0,940,1052,371574,27,0,0,27,0
2020-07-03,US,Ohio,Summit,2079,206,0,41.12464734,-81.53123079,39153.0,384.27912083443465,9.90860990860991,1873,1969,206,0,1763,1969,541918,110,0,0,110,0
2020-07-03,US,Ohio,Trumbull,916,65,0,41.31735028,-80.76109643,39155.0,462.68701950761215,7.096069868995633,851,863,62,0,801,863,198627,53,3,0,50,0
2020-07-03,US,Ohio,Tuscarawas,529,10,0,40.44214695,-81.47226262,39157.0,575.0812614826008,1.8903591682419658,519,515,10,0,505,515,92176,14,0,0,14,0
2020-07-03,US,Ohio,Union,80,1,0,40.30016061,-83.37239023,39159.0,135.62080423136908,1.25,79,80,1,0,79,80,57835,0,0,0,0,0
2020-07-03,US,Ohio,Van Wert,32,0,0,40.8554138,-84.59111700000003,39161.0,113.17418213969938,0.0,32,27,0,0,27,27,28281,5,0,0,5,0
2020-07-03,US,Ohio,Vinton,22,2,0,39.25208988,-82.4831444,39163.0,168.13144822315633,9.090909090909092,20,22,2,0,20,22,13139,0,0,0,0,0
2020-07-03,US,Ohio,Warren,814,21,0,39.42581994,-84.16557457,39165.0,346.9706140612612,2.57985257985258,793,757,21,0,736,757,232173,57,0,0,57,0
2020-07-03,US,Ohio,Washington,130,20,0,39.45690571,-81.49121382,39167.0,216.98853299060272,15.384615384615385,110,127,20,0,107,127,60155,3,0,0,3,0
2020-07-03,US,Ohio,Wayne,359,51,0,40.82925852,-81.88844833,39169.0,310.2584046322704,14.206128133704734,308,354,52,0,302,354,115967,5,-1,0,6,0
2020-07-03,US,Ohio,Williams,68,2,0,41.56052014,-84.58429552,39171.0,185.32650168974163,2.9411764705882355,66,65,2,0,63,65,36804,3,0,0,3,0
2020-07-03,US,Ohio,Wood,404,51,0,41.36224827,-83.62285108,39173.0,308.82836328611717,12.623762376237625,353,384,51,0,333,384,130696,20,0,0,20,0
2020-07-03,US,Ohio,Wyandot,58,5,0,40.84339621,-83.30734173,39175.0,266.3972074223774,8.620689655172415,53,58,4,0,54,58,21935,0,1,0,-1,0
2020-07-03,US,Oklahoma,Adair,119,4,0,35.88494195,-94.65859267,40001.0,536.1809498062539,3.361344537815126,115,119,4,0,115,115,22082,0,0,0,0,4
2020-07-03,US,Oklahoma,Alfalfa,1,0,0,36.73090616,-98.32408495,40003.0,17.5377060680463,0.0,1,1,0,0,1,1,5754,0,0,0,0,0
2020-07-03,US,Oklahoma,Atoka,24,0,0,34.37366573,-96.03802487,40005.0,174.44395987788926,0.0,24,20,0,0,20,22,13838,4,0,0,4,-2
2020-07-03,US,Oklahoma,Beaver,30,0,0,36.7496847,-100.4758872,40007.0,564.865373752589,0.0,30,30,0,0,30,30,5319,0,0,0,0,0
2020-07-03,US,Oklahoma,Beckham,11,0,0,35.26862449,-99.68128023,40009.0,50.32252161581042,0.0,11,11,0,0,11,11,21709,0,0,0,0,0
2020-07-03,US,Oklahoma,Blaine,14,0,0,35.87518314,-98.43307003,40011.0,148.47809948032662,0.0,14,14,0,0,14,14,9485,0,0,0,0,0
2020-07-03,US,Oklahoma,Bryan,113,1,0,33.96472458,-96.25903472,40013.0,235.4411917908116,0.8849557522123894,112,108,1,0,107,100,47192,5,0,0,5,8
2020-07-03,US,Oklahoma,Caddo,191,11,0,35.17364557,-98.37534464,40015.0,664.0706487726861,5.7591623036649215,180,190,11,0,179,189,28977,1,0,0,1,1
2020-07-03,US,Oklahoma,Canadian,307,3,0,35.5426055,-97.98465569,40017.0,207.00443677261882,0.977198697068404,304,293,3,0,290,289,144447,14,0,0,14,4
2020-07-03,US,Oklahoma,Carter,120,1,0,34.25103751,-97.28552485,40019.0,249.4232088295816,0.8333333333333334,119,96,1,0,95,95,48177,24,0,0,24,1
2020-07-03,US,Oklahoma,Cherokee,87,1,0,35.90692775,-94.99980896,40021.0,178.80263888032556,1.1494252873563218,86,83,1,0,82,79,48675,4,0,0,4,4
2020-07-03,US,Oklahoma,Choctaw,114,1,0,34.02807439,-95.54771129,40023.0,776.990185387132,0.8771929824561403,113,114,1,0,113,112,14668,0,0,0,0,2
2020-07-03,US,Oklahoma,Cimarron,1,0,0,36.74817177,-102.5173885,40025.0,46.79457182966776,0.0,1,1,0,0,1,1,2153,0,0,0,0,0
2020-07-03,US,Oklahoma,Cleveland,1003,40,0,35.20413532,-97.32519562,40027.0,353.1516052025605,3.9880358923230315,963,935,40,0,895,911,281669,68,0,0,68,24
2020-07-03,US,Oklahoma,Coal,8,0,0,34.58840127,-96.29798747,40029.0,145.5868971792539,0.0,8,8,0,0,8,8,5520,0,0,0,0,0
2020-07-03,US,Oklahoma,Comanche,427,7,0,34.65973764,-98.47195055,40031.0,353.62611698647606,1.639344262295082,420,418,7,0,411,408,120422,9,0,0,9,10
2020-07-03,US,Oklahoma,Cotton,6,2,0,34.28845626,-98.37053567,40033.0,105.89481115425345,33.333333333333336,4,5,2,0,3,6,5776,1,0,0,1,-1
2020-07-03,US,Oklahoma,Craig,22,0,0,36.76268118,-95.20916602,40035.0,155.56498373638806,0.0,22,22,0,0,22,22,14306,0,0,0,0,0
2020-07-03,US,Oklahoma,Creek,158,7,0,35.90230551,-96.37086028,40037.0,220.91104834875983,4.4303797468354436,151,151,7,0,144,147,71604,7,0,0,7,4
2020-07-03,US,Oklahoma,Custer,63,0,0,35.63853802,-99.00170785,40039.0,217.21890838878738,0.0,63,54,0,0,54,55,29036,9,0,0,9,-1
2020-07-03,US,Oklahoma,Delaware,165,16,0,36.40823634,-94.80325046,40041.0,383.64063335580926,9.696969696969695,149,162,16,0,146,153,42733,3,0,0,3,9
2020-07-03,US,Oklahoma,Dewey,4,0,0,35.98772922,-99.00730714,40043.0,81.78286648947045,0.0,4,4,0,0,4,5,4894,0,0,0,0,-1
2020-07-03,US,Oklahoma,Ellis,1,0,0,36.218019399999996,-99.75324573,40045.0,25.91344908007256,0.0,1,1,0,0,1,1,3952,0,0,0,0,0
2020-07-03,US,Oklahoma,Garfield,75,2,0,36.3791334,-97.78265517,40047.0,122.8380503144654,2.6666666666666665,73,75,2,0,73,68,60913,0,0,0,0,7
2020-07-03,US,Oklahoma,Garvin,81,1,0,34.70418038,-97.30811132,40049.0,292.3026956804157,1.2345679012345678,80,73,1,0,72,73,27811,8,0,0,8,0
2020-07-03,US,Oklahoma,Grady,153,5,0,35.0167709,-97.88339847,40051.0,274.026578787119,3.2679738562091503,148,144,5,0,139,139,55551,9,0,0,9,5
2020-07-03,US,Oklahoma,Grant,2,0,0,36.796296999999996,-97.78638765,40053.0,46.15739672282484,0.0,2,2,0,0,2,2,4326,0,0,0,0,0
2020-07-03,US,Oklahoma,Greer,66,7,0,34.93535801,-99.56056120000001,40055.0,1155.4621848739494,10.606060606060606,59,66,7,0,59,66,5821,0,0,0,0,0
2020-07-03,US,Oklahoma,Harmon,1,0,0,34.7440135,-99.84741652,40057.0,37.69317753486619,0.0,1,1,0,0,1,1,2664,0,0,0,0,0
2020-07-03,US,Oklahoma,Harper,1,0,0,36.78836519,-99.6679804,40059.0,27.11496746203905,0.0,1,1,0,0,1,1,3797,0,0,0,0,0
2020-07-03,US,Oklahoma,Haskell,11,0,0,35.22257600000001,-95.11513306,40061.0,87.11491248911064,0.0,11,9,0,0,9,10,12668,2,0,0,2,-1
2020-07-03,US,Oklahoma,Hughes,13,0,0,35.04912569,-96.24921145,40063.0,97.89893817305521,0.0,13,11,0,0,11,11,13335,2,0,0,2,0
2020-07-03,US,Oklahoma,Jackson,43,3,0,34.58781741,-99.41138784,40065.0,175.29555646147574,6.9767441860465125,40,38,3,0,35,38,24949,5,0,0,5,0
2020-07-03,US,Oklahoma,Jefferson,10,0,0,34.11130184,-97.83182974,40067.0,166.61112962345885,0.0,10,9,0,0,9,8,6123,1,0,0,1,1
2020-07-03,US,Oklahoma,Johnston,13,0,0,34.31440473,-96.66011537,40069.0,117.27559765448805,0.0,13,13,0,0,13,13,10949,0,0,0,0,0
2020-07-03,US,Oklahoma,Kay,106,7,0,36.81799745,-97.14421435,40071.0,243.4654784326336,6.60377358490566,99,104,7,0,97,98,44161,2,0,0,2,6
2020-07-03,US,Oklahoma,Kingfisher,29,0,0,35.94530008,-97.94193268,40073.0,183.95179194418012,0.0,29,27,0,0,27,26,15816,2,0,0,2,1
2020-07-03,US,Oklahoma,Kiowa,11,1,0,34.91671958,-98.97720696,40075.0,126.3206247129077,9.090909090909092,10,10,1,0,9,10,8729,1,0,0,1,0
2020-07-03,US,Oklahoma,Latimer,14,1,0,34.87844729,-95.25215049,40077.0,138.9854065323141,7.142857142857142,13,11,1,0,10,11,10231,3,0,0,3,0
2020-07-03,US,Oklahoma,Le Flore,34,1,0,34.89851864,-94.70392124,40079.0,68.2005094979239,2.9411764705882355,33,33,1,0,32,33,49980,1,0,0,1,0
2020-07-03,US,Oklahoma,Lincoln,32,2,0,35.70270942,-96.8812462,40081.0,91.75101069472721,6.25,30,30,2,0,28,30,34920,2,0,0,2,0
2020-07-03,US,Oklahoma,Logan,54,1,0,35.91899576,-97.44352845,40083.0,112.47422465684949,1.851851851851852,53,52,1,0,51,49,47291,2,0,0,2,3
2020-07-03,US,Oklahoma,Love,31,0,0,33.95273467,-97.23906784,40085.0,302.35053155174097,0.0,31,30,0,0,30,30,10134,1,0,0,1,0
2020-07-03,US,Oklahoma,Major,8,1,0,36.31149996,-98.53467076,40093.0,104.86302267662865,12.5,7,8,1,0,7,8,7644,0,0,0,0,0
2020-07-03,US,Oklahoma,Marshall,33,0,0,34.02311222,-96.76855464,40095.0,194.9087472683244,0.0,33,33,0,0,33,32,16806,0,0,0,0,1
2020-07-03,US,Oklahoma,Mayes,86,5,0,36.30179091,-95.23175116,40097.0,209.24574209245742,5.813953488372092,81,83,5,0,78,82,41107,3,0,0,3,1
2020-07-03,US,Oklahoma,McClain,191,4,0,35.01123903,-97.44572302,40087.0,471.9078914858922,2.094240837696335,187,170,4,0,166,167,39985,21,0,0,21,3
2020-07-03,US,Oklahoma,McCurtain,522,7,0,34.11664328,-94.77222373,40089.0,1589.9122807017545,1.3409961685823757,515,501,7,0,494,483,32703,21,0,0,21,18
2020-07-03,US,Oklahoma,McIntosh,64,1,0,35.37235506,-95.66599306,40091.0,326.59726474790773,1.5625,63,63,1,0,62,59,19815,1,0,0,1,4
2020-07-03,US,Oklahoma,Murray,18,0,0,34.48116015,-97.06826283,40099.0,127.90449797484543,0.0,18,18,0,0,18,18,13953,0,0,0,0,0
2020-07-03,US,Oklahoma,Muskogee,133,11,0,35.61318461,-95.37802952,40101.0,195.59686456755446,8.270676691729323,122,127,11,0,116,123,68362,6,0,0,6,4
2020-07-03,US,Oklahoma,Noble,40,1,0,36.38953329,-97.22928674,40103.0,359.3567514149672,2.5,39,40,0,0,40,39,11289,0,1,0,-1,1
2020-07-03,US,Oklahoma,Nowata,36,1,0,36.79843529,-95.61902331,40105.0,357.28463676061926,2.7777777777777777,35,34,1,0,33,34,10218,2,0,0,2,0
2020-07-03,US,Oklahoma,Okfuskee,15,0,0,35.46485198,-96.32639984,40107.0,125.07295922621529,0.0,15,14,0,0,14,14,12098,1,0,0,1,0
2020-07-03,US,Oklahoma,Oklahoma,3263,70,0,35.55140095,-97.40716948,40109.0,409.1874688061959,2.145265093472265,3193,3135,70,0,3065,3029,792582,128,0,0,128,106
2020-07-03,US,Oklahoma,Okmulgee,68,0,0,35.64661916,-95.96432828,40111.0,176.78408943195114,0.0,68,64,0,0,64,62,38335,4,0,0,4,2
2020-07-03,US,Oklahoma,Osage,176,8,0,36.62888819,-96.39635704,40113.0,374.7631113855588,4.545454545454546,168,174,8,0,166,168,47014,2,0,0,2,6
2020-07-03,US,Oklahoma,Ottawa,77,2,0,36.83532655,-94.81011909,40115.0,247.3736627365309,2.5974025974025974,75,76,2,0,74,73,31175,1,0,0,1,3
2020-07-03,US,Oklahoma,Pawnee,57,2,0,36.31743373,-96.70331759999999,40117.0,348.0703468490474,3.5087719298245608,55,57,2,0,55,57,16390,0,0,0,0,0
2020-07-03,US,Oklahoma,Payne,407,1,0,36.07695283,-96.97584944,40119.0,497.65235253839376,0.2457002457002457,406,398,1,0,397,387,82040,9,0,0,9,11
2020-07-03,US,Oklahoma,Pittsburg,61,3,0,34.92065823,-95.75134320000001,40121.0,139.7351903605626,4.918032786885246,58,59,3,0,56,58,43877,2,0,0,2,1
2020-07-03,US,Oklahoma,Pontotoc,44,2,0,34.72959848,-96.68337199,40123.0,114.93051927698255,4.545454545454546,42,44,2,0,42,42,38247,0,0,0,0,2
2020-07-03,US,Oklahoma,Pottawatomie,112,4,0,35.20614018,-96.94923008,40125.0,154.28697377121446,3.571428571428572,108,109,4,0,105,105,72679,3,0,0,3,4
2020-07-03,US,Oklahoma,Pushmataha,16,0,0,34.41635232,-95.37603505,40127.0,144.19610670511895,0.0,16,15,0,0,15,13,11179,1,0,0,1,2
2020-07-03,US,Oklahoma,Rogers,202,6,0,36.37004357,-95.60406759,40131.0,218.47521604170498,2.9702970297029703,196,192,6,0,186,186,91984,10,0,0,10,6
2020-07-03,US,Oklahoma,Seminole,43,3,0,35.16478725,-96.61686741,40133.0,177.26110973699397,6.9767441860465125,40,43,3,0,40,41,24578,0,0,0,0,2
2020-07-03,US,Oklahoma,Sequoyah,44,3,0,35.49447108,-94.75463785,40135.0,105.84810796507013,6.8181818181818175,41,41,3,0,38,40,41179,3,0,0,3,1
2020-07-03,US,Oklahoma,Stephens,64,1,0,34.48556989,-97.85141892,40137.0,148.3438796560276,1.5625,63,63,1,0,62,63,43265,1,0,0,1,0
2020-07-03,US,Oklahoma,Texas,990,6,0,36.74777635,-101.4889765,40139.0,4954.211079417505,0.6060606060606061,984,986,6,0,980,987,20455,4,0,0,4,-1
2020-07-03,US,Oklahoma,Tillman,24,1,0,34.37288446,-98.92426619,40141.0,331.0344827586207,4.166666666666667,23,24,1,0,23,23,7348,0,0,0,0,1
2020-07-03,US,Oklahoma,Tulsa,3792,72,0,36.11939621,-95.94013939,40143.0,581.9949904228673,1.8987341772151896,3720,3680,70,0,3610,3544,648360,112,2,0,110,136
2020-07-03,US,Oklahoma,Wagoner,289,19,0,35.96024096,-95.51911308,40145.0,355.52165729680524,6.57439446366782,270,277,19,0,258,269,80110,12,0,0,12,8
2020-07-03,US,Oklahoma,Washington,401,39,0,36.71380786,-95.90514104,40147.0,778.2327711685136,9.725685785536161,362,401,39,0,362,400,51843,0,0,0,0,1
2020-07-03,US,Oklahoma,Washita,5,0,0,35.29071824,-98.99180434,40149.0,45.80432392817882,0.0,5,4,0,0,4,3,11127,1,0,0,1,1
2020-07-03,US,Oklahoma,Woods,7,0,0,36.76705782,-98.86573064,40151.0,79.60877971113386,0.0,7,7,0,0,7,7,8897,0,0,0,0,0
2020-07-03,US,Oklahoma,Woodward,12,0,0,36.42316318,-99.26283045,40153.0,59.373608431052396,0.0,12,12,0,0,12,12,20222,0,0,0,0,0
2020-07-03,US,Oregon,Baker,4,0,0,44.70915557,-117.6749883,41001.0,24.807740014884644,0.0,4,4,0,0,4,4,16006,0,0,0,0,0
2020-07-03,US,Oregon,Benton,91,5,0,44.49167306,-123.4316987,41003.0,97.79373045468712,5.494505494505495,86,83,5,0,78,84,92101,8,0,0,8,-1
2020-07-03,US,Oregon,Clackamas,795,24,0,45.18787398,-122.2179634,41005.0,190.10633998665668,3.018867924528302,771,773,24,0,749,751,416075,22,0,0,22,22
2020-07-03,US,Oregon,Clatsop,49,0,0,45.99712889,-123.660711,41007.0,121.81782020684167,0.0,49,49,0,0,49,49,39764,0,0,0,0,0
2020-07-03,US,Oregon,Columbia,35,0,0,45.94464254,-123.0890898,41009.0,66.85258050960768,0.0,35,31,0,0,31,30,52377,4,0,0,4,1
2020-07-03,US,Oregon,Coos,42,0,0,43.17406868,-124.0594514,41011.0,65.12940592677595,0.0,42,41,0,0,41,41,64389,1,0,0,1,0
2020-07-03,US,Oregon,Crook,12,0,0,44.14230227,-120.356297,41013.0,49.17226684150139,0.0,12,11,0,0,11,10,23867,1,0,0,1,1
2020-07-03,US,Oregon,Curry,8,0,0,42.45911325,-124.157282,41015.0,34.89640130861505,0.0,8,7,0,0,7,7,22813,1,0,0,1,0
2020-07-03,US,Oregon,Deschutes,201,0,0,43.91570171,-121.2289121,41017.0,101.67330999736963,0.0,201,192,0,0,192,183,191996,9,0,0,9,9
2020-07-03,US,Oregon,Douglas,45,0,0,43.27941273,-123.167291,41019.0,40.547846458821404,0.0,45,44,0,0,44,42,110283,1,0,0,1,2
2020-07-03,US,Oregon,Grant,1,0,0,44.49024544,-119.0068631,41023.0,13.890818169190164,0.0,1,1,0,0,1,1,7176,0,0,0,0,0
2020-07-03,US,Oregon,Harney,1,0,0,43.06422669,-118.9666306,41025.0,13.526308670363855,0.0,1,1,0,0,1,1,7329,0,0,0,0,0
2020-07-03,US,Oregon,Hood River,88,0,0,45.51872811,-121.65520359999998,41027.0,376.35788213155416,0.0,88,88,0,0,88,88,23428,0,0,0,0,0
2020-07-03,US,Oregon,Jackson,140,0,0,42.43201126,-122.7289309,41029.0,63.364472445506564,0.0,140,131,0,0,131,117,219564,9,0,0,9,14
2020-07-03,US,Oregon,Jefferson,131,0,0,44.62806839,-121.17832,41031.0,531.2677427204153,0.0,131,126,0,0,126,118,24192,5,0,0,5,8
2020-07-03,US,Oregon,Josephine,44,1,0,42.3665549,-123.5561938,41033.0,50.29318641626757,2.272727272727273,43,41,1,0,40,33,87393,3,0,0,3,8
2020-07-03,US,Oregon,Klamath,125,1,0,42.68762984,-121.64964609999998,41035.0,183.18239104311385,0.8,124,123,1,0,122,123,67653,2,0,0,2,0
2020-07-03,US,Oregon,Lake,20,0,0,42.79246693,-120.3850163,41037.0,254.16190113102047,0.0,20,19,0,0,19,19,7879,1,0,0,1,0
2020-07-03,US,Oregon,Lane,196,3,0,43.93727035,-122.847753,41039.0,51.299902896612366,1.5306122448979589,193,180,3,0,177,165,379611,16,0,0,16,15
2020-07-03,US,Oregon,Lincoln,345,2,0,44.64252874,-123.869912,41041.0,690.5247988471239,0.5797101449275363,343,327,2,0,325,324,49388,18,0,0,18,3
2020-07-03,US,Oregon,Linn,156,9,0,44.48899494,-122.5373154,41043.0,120.23214051746064,5.769230769230768,147,154,9,0,145,151,127335,2,0,0,2,3
2020-07-03,US,Oregon,Malheur,160,1,0,43.1937027,-117.6227395,41045.0,523.3718229694808,0.625,159,140,1,0,139,124,30725,20,0,0,20,16
2020-07-03,US,Oregon,Marion,1595,47,0,44.90287942,-122.5815117,41047.0,458.5731618260125,2.946708463949843,1548,1564,47,0,1517,1539,346868,31,0,0,31,25
2020-07-03,US,Oregon,Morrow,82,1,0,45.41846568,-119.584546,41049.0,706.7137809187277,1.2195121951219512,81,72,1,0,71,64,11372,10,0,0,10,8
2020-07-03,US,Oregon,Multnomah,2361,69,0,45.54747959,-122.4169351,41051.0,290.457707709247,2.922490470139772,2292,2301,69,0,2232,2239,811880,60,0,0,60,62
2020-07-03,US,Oregon,Polk,154,12,0,44.90322804,-123.4128888,41053.0,178.89295463785794,7.792207792207793,142,149,12,0,137,149,85234,5,0,0,5,0
2020-07-03,US,Oregon,Sherman,2,0,0,45.41501554,-120.6827834,41055.0,112.35955056179779,0.0,2,1,0,0,1,1,1708,1,0,0,1,0
2020-07-03,US,Oregon,Tillamook,13,0,0,45.46248721,-123.712066,41057.0,48.08403610001479,0.0,13,12,0,0,12,11,26787,1,0,0,1,1
2020-07-03,US,Oregon,Umatilla,667,4,0,45.59073056,-118.7353826,41059.0,855.6767158434894,0.5997001499250375,663,620,4,0,616,533,77516,47,0,0,47,87
2020-07-03,US,Oregon,Union,355,1,0,45.30915495,-118.0068979,41061.0,1322.8991988075275,0.28169014084507044,354,347,1,0,346,342,26461,8,0,0,8,5
2020-07-03,US,Oregon,Wallowa,10,0,0,45.57894064,-117.18353799999998,41063.0,138.73473917869035,0.0,10,10,0,0,10,10,7081,0,0,0,0,0
2020-07-03,US,Oregon,Wasco,85,1,0,45.16292781,-121.1670954,41065.0,318.5668240761562,1.1764705882352942,84,75,1,0,74,73,26505,10,0,0,10,2
2020-07-03,US,Oregon,Washington,1491,20,0,45.55972701,-123.0955257,41067.0,247.84239152116382,1.3413816230717641,1471,1446,20,0,1426,1379,597695,45,0,0,45,67
2020-07-03,US,Oregon,Yamhill,132,8,0,45.23330449,-123.3086963,41071.0,123.24929971988796,6.0606060606060606,124,131,8,0,123,126,107002,1,0,0,1,5
2020-07-03,US,Pennsylvania,Adams,344,13,0,39.87140411,-77.21610347,42001.0,333.951402304653,3.779069767441861,331,342,13,0,329,341,102811,2,0,0,2,1
2020-07-03,US,Pennsylvania,Allegheny,3280,190,0,40.46809875,-79.98167747,42003.0,269.72686043690817,5.7926829268292686,3090,3103,188,0,2915,2870,1218452,177,2,0,175,233
2020-07-03,US,Pennsylvania,Armstrong,78,6,0,40.81665618,-79.46290811,42005.0,120.49123349038388,7.6923076923076925,72,77,6,0,71,76,65263,1,0,0,1,1
2020-07-03,US,Pennsylvania,Beaver,706,79,0,40.6825484,-80.34921611,42007.0,430.674255317851,11.189801699716714,627,688,79,0,609,678,164742,18,0,0,18,10
2020-07-03,US,Pennsylvania,Bedford,89,4,0,40.00522157,-78.48998442,42009.0,185.85031740728363,4.49438202247191,85,88,4,0,84,87,48176,1,0,0,1,1
2020-07-03,US,Pennsylvania,Berks,4569,352,0,40.41570541,-75.92457766,42011.0,1084.8505570276661,7.7040927992996275,4217,4563,351,0,4212,4559,420152,6,1,0,5,4
2020-07-03,US,Pennsylvania,Blair,79,1,0,40.47961444,-78.34917412,42013.0,64.84498764661943,1.2658227848101269,78,74,1,0,73,72,122492,5,0,0,5,2
2020-07-03,US,Pennsylvania,Bradford,57,3,0,41.78869215,-76.51570822,42015.0,94.49132171808432,5.2631578947368425,54,58,3,0,55,58,60833,-1,0,0,-1,0
2020-07-03,US,Pennsylvania,Bucks,5829,567,0,40.33682119,-75.10836643,42017.0,927.7858245658714,9.727225939269172,5262,5801,565,0,5236,5777,628195,28,2,0,26,24
2020-07-03,US,Pennsylvania,Butler,330,13,0,40.91152759,-79.91351055,42019.0,175.66927331477268,3.939393939393939,317,319,13,0,306,311,187888,11,0,0,11,8
2020-07-03,US,Pennsylvania,Cambria,90,3,0,40.49527404,-78.71377428,42021.0,69.12867150055304,3.333333333333333,87,85,3,0,82,83,131730,5,0,0,5,2
2020-07-03,US,Pennsylvania,Cameron,3,0,0,41.43625568,-78.20376845,42023.0,67.4612098043625,0.0,3,3,0,0,3,3,4492,0,0,0,0,0
2020-07-03,US,Pennsylvania,Carbon,284,26,0,40.91545395,-75.7068525,42025.0,442.4916643295628,9.154929577464786,258,283,26,0,257,280,64227,1,0,0,1,3
2020-07-03,US,Pennsylvania,Centre,218,7,0,40.92058903,-77.82200624,42027.0,134.24885303445515,3.2110091743119265,211,211,7,0,204,205,162805,7,0,0,7,6
2020-07-03,US,Pennsylvania,Chester,3781,329,0,39.97291773,-75.74768357,42029.0,720.2055662118636,8.701401745569955,3452,3751,328,0,3423,3731,522046,30,1,0,29,20
2020-07-03,US,Pennsylvania,Clarion,40,2,0,41.19265812,-79.42413524,42031.0,104.06368697642958,5.0,38,36,2,0,34,35,38779,4,0,0,4,1
2020-07-03,US,Pennsylvania,Clearfield,74,0,0,41.00110782,-78.47592663,42033.0,93.36950350135638,0.0,74,75,0,0,75,72,79388,-1,0,0,-1,3
2020-07-03,US,Pennsylvania,Clinton,80,4,0,41.23255967,-77.63785995,42035.0,207.08221163802028,5.0,76,80,4,0,76,80,38684,0,0,0,0,0
2020-07-03,US,Pennsylvania,Columbia,407,34,0,41.04821986,-76.40565017,42037.0,626.500831229604,8.353808353808352,373,405,34,0,371,403,65456,2,0,0,2,2
2020-07-03,US,Pennsylvania,Crawford,62,0,0,41.68447709,-80.10760592,42039.0,73.26093892164623,0.0,62,59,0,0,59,57,85063,3,0,0,3,2
2020-07-03,US,Pennsylvania,Cumberland,871,64,0,40.1625372,-77.26130755,42041.0,343.76603386351974,7.347876004592424,807,866,64,0,802,856,251423,5,0,0,5,10
2020-07-03,US,Pennsylvania,Dauphin,2161,140,0,40.41377078,-76.77993242,42043.0,776.5029698274159,6.478482184173994,2021,2120,136,0,1984,2059,277097,41,4,0,37,61
2020-07-03,US,Pennsylvania,Delaware,7288,659,0,39.91680171,-75.40243663,42045.0,1285.935346812599,9.042261251372118,6629,7253,657,0,6596,7230,564751,35,2,0,33,23
2020-07-03,US,Pennsylvania,Elk,16,0,0,41.42822061,-78.64524744,42047.0,53.49381477766633,0.0,16,15,0,0,15,15,30169,1,0,0,1,0
2020-07-03,US,Pennsylvania,Erie,642,12,0,41.99253829,-80.03301954,42049.0,238.0175584292324,1.8691588785046729,630,626,12,0,614,620,272061,16,0,0,16,6
2020-07-03,US,Pennsylvania,Fayette,132,4,0,39.92041012,-79.64291195,42051.0,102.10869935176449,3.0303030303030303,128,127,4,0,123,117,130441,5,0,0,5,10
2020-07-03,US,Pennsylvania,Forest,7,0,0,41.51095103,-79.23229292,42053.0,96.59169311439214,0.0,7,7,0,0,7,7,7279,0,0,0,0,0
2020-07-03,US,Pennsylvania,Franklin,954,44,0,39.92956518,-77.72157791,42055.0,615.3766763208989,4.612159329140461,910,950,44,0,906,940,154835,4,0,0,4,10
2020-07-03,US,Pennsylvania,Fulton,18,1,0,39.92913544,-78.11163677,42057.0,123.88162422573986,5.5555555555555545,17,18,1,0,17,18,14523,0,0,0,0,0
2020-07-03,US,Pennsylvania,Greene,41,0,0,39.85746531,-80.22357106,42059.0,113.15651477934479,0.0,41,41,0,0,41,41,36506,0,0,0,0,0
2020-07-03,US,Pennsylvania,Huntingdon,254,4,0,40.42162652,-77.97673273,42061.0,562.6439836966152,1.5748031496062993,250,252,4,0,248,252,45168,2,0,0,2,0
2020-07-03,US,Pennsylvania,Indiana,114,6,0,40.65241041,-79.08963285,42063.0,135.5964459457852,5.2631578947368425,108,112,6,0,106,111,84501,2,0,0,2,1
2020-07-03,US,Pennsylvania,Jefferson,25,1,0,41.12913106,-78.9986361,42065.0,57.57052389176742,4.0,24,24,1,0,23,24,43641,1,0,0,1,0
2020-07-03,US,Pennsylvania,Juniata,113,6,0,40.53358749,-77.39975129999998,42067.0,456.325970197472,5.3097345132743365,107,113,6,0,107,111,24704,0,0,0,0,2
2020-07-03,US,Pennsylvania,Lackawanna,1719,207,0,41.43564672,-75.60379201,42069.0,819.8441389967282,12.041884816753926,1512,1714,204,0,1510,1707,210793,5,3,0,2,7
2020-07-03,US,Pennsylvania,Lancaster,4530,365,0,40.03904563,-76.24770128,42071.0,830.0899355718277,8.05739514348786,4165,4504,365,0,4139,4464,543557,26,0,0,26,40
2020-07-03,US,Pennsylvania,Lawrence,110,9,0,40.99206278,-80.33393706,42073.0,128.6369164561699,8.181818181818182,101,107,9,0,98,103,86184,3,0,0,3,4
2020-07-03,US,Pennsylvania,Lebanon,1375,43,0,40.36680311,-76.45651841,42075.0,969.7234701289908,3.1272727272727274,1332,1361,43,0,1318,1350,141314,14,0,0,14,11
2020-07-03,US,Pennsylvania,Lehigh,4292,307,0,40.6154815,-75.59435245,42077.0,1162.142110593039,7.152842497670084,3985,4280,305,0,3975,4258,368100,12,2,0,10,22
2020-07-03,US,Pennsylvania,Luzerne,2939,178,0,41.17823008,-75.98447579,42079.0,925.9113406024252,6.056481796529432,2761,2927,177,0,2750,2915,317646,12,1,0,11,12
2020-07-03,US,Pennsylvania,Lycoming,196,20,0,41.34310539,-77.06629984,42081.0,172.99358335025022,10.20408163265306,176,193,20,0,173,187,113664,3,0,0,3,6
2020-07-03,US,Pennsylvania,McKean,20,1,0,41.80938602,-78.56478358,42083.0,49.23076923076921,5.0,19,18,1,0,17,18,40968,2,0,0,2,0
2020-07-03,US,Pennsylvania,Mercer,143,6,0,41.30248872,-80.25816981,42085.0,130.684310571721,4.195804195804196,137,142,6,0,136,140,110683,1,0,0,1,2
2020-07-03,US,Pennsylvania,Mifflin,63,1,0,40.61116939,-77.61070738,42087.0,136.5468810958429,1.5873015873015872,62,63,1,0,62,63,46222,0,0,0,0,0
2020-07-03,US,Pennsylvania,Monroe,1430,109,0,41.05934058,-75.34031025,42089.0,839.8376705369675,7.6223776223776225,1321,1428,108,0,1320,1423,169507,2,1,0,1,5
2020-07-03,US,Pennsylvania,Montgomery,8562,810,0,40.21053671,-75.36652296,42091.0,1030.43030875601,9.4604064470918,7752,8514,806,0,7708,8483,828604,48,4,0,44,31
2020-07-03,US,Pennsylvania,Montour,75,1,0,41.03023987,-76.66345939,42093.0,411.4097641250686,1.3333333333333333,74,75,1,0,74,74,18240,0,0,0,0,1
2020-07-03,US,Pennsylvania,Northampton,3458,272,0,40.75182733,-75.30471829,42095.0,1132.712055947721,7.865818392134183,3186,3441,270,0,3171,3425,304807,17,2,0,15,16
2020-07-03,US,Pennsylvania,Northumberland,320,8,0,40.84785433,-76.70798222,42097.0,352.2560901775592,2.5,312,316,6,0,310,314,91083,4,2,0,2,2
2020-07-03,US,Pennsylvania,Perry,86,5,0,40.40206612,-77.26297447,42099.0,185.85753803596126,5.813953488372092,81,86,5,0,81,86,46139,0,0,0,0,0
2020-07-03,US,Pennsylvania,Philadelphia,26536,1619,0,40.00338507,-75.1379271,42101.0,1675.1848410165244,6.10114561350618,24917,26400,1615,0,24785,26257,1584138,136,4,0,132,143
2020-07-03,US,Pennsylvania,Pike,500,21,0,41.33155042,-75.03208106,42103.0,895.9128455983803,4.2,479,498,20,0,478,496,55933,2,1,0,1,2
2020-07-03,US,Pennsylvania,Potter,17,0,0,41.74471626,-77.89559864,42105.0,102.86820767275809,0.0,17,16,0,0,16,16,16622,1,0,0,1,0
2020-07-03,US,Pennsylvania,Schuylkill,753,44,0,40.70497338,-76.2150785,42107.0,532.6862810291527,5.843293492695882,709,750,44,0,706,747,142067,3,0,0,3,3
2020-07-03,US,Pennsylvania,Snyder,67,2,0,40.77129231,-77.06840691,42109.0,165.95660358664418,2.985074626865672,65,67,2,0,65,66,40540,0,0,0,0,1
2020-07-03,US,Pennsylvania,Somerset,63,1,0,39.97172723,-79.02699593,42111.0,85.77613789535313,1.5873015873015872,62,62,1,0,61,61,73952,1,0,0,1,1
2020-07-03,US,Pennsylvania,Sullivan,6,0,0,41.44634738,-76.51246591,42113.0,98.91196834817013,0.0,6,6,0,0,6,5,6071,0,0,0,0,1
2020-07-03,US,Pennsylvania,Susquehanna,185,24,0,41.82147784,-75.80071959,42115.0,458.738345566356,12.972972972972975,161,183,24,0,159,182,40589,2,0,0,2,1
2020-07-03,US,Pennsylvania,Tioga,26,2,0,41.77255149,-77.25433032,42117.0,64.05360794264739,7.6923076923076925,24,25,2,0,23,25,40763,1,0,0,1,0
2020-07-03,US,Pennsylvania,Union,94,2,0,40.96188846,-77.05996014,42119.0,209.2469336420096,2.127659574468085,92,93,2,0,91,91,44785,1,0,0,1,2
2020-07-03,US,Pennsylvania,Venango,23,0,0,41.40323442,-79.75845449,42121.0,45.39354227520329,0.0,23,23,0,0,23,19,51266,0,0,0,0,4
2020-07-03,US,Pennsylvania,Warren,7,1,0,41.81304978,-79.26969577,42123.0,17.861243652879487,14.285714285714285,6,7,1,0,6,7,39498,0,0,0,0,0
2020-07-03,US,Pennsylvania,Washington,259,6,0,40.19208869,-80.24582867,42125.0,125.20242670340559,2.3166023166023164,253,244,6,0,238,230,207346,15,0,0,15,14
2020-07-03,US,Pennsylvania,Wayne,142,9,0,41.64938475,-75.29956506,42127.0,276.47436771090906,6.338028169014086,133,140,9,0,131,140,51276,2,0,0,2,0
2020-07-03,US,Pennsylvania,Westmoreland,744,38,0,40.31377979999999,-79.46615476,42129.0,213.24222769340125,5.10752688172043,706,711,38,0,673,675,350611,33,0,0,33,36
2020-07-03,US,Pennsylvania,Wyoming,39,7,0,41.51955538,-76.01074915,42131.0,145.55497499440173,17.94871794871795,32,38,7,0,31,38,27046,1,0,0,1,0
2020-07-03,US,Pennsylvania,York,1577,54,0,39.9210089,-76.73040131,42133.0,351.1795803660106,3.4242232086239697,1523,1555,52,0,1503,1531,448273,22,2,0,20,24
2020-07-03,US,Rhode Island,Bristol,256,0,0,41.71018079,-71.28652315,44001.0,528.0636976835331,0.0,256,253,0,0,253,253,48649,3,0,0,3,0
2020-07-03,US,Rhode Island,Kent,1234,0,0,41.67106337,-71.57641596,44003.0,751.1016969785504,0.0,1234,1199,0,0,1199,1199,163861,35,0,0,35,0
2020-07-03,US,Rhode Island,Newport,331,0,0,41.5642026,-71.26569799,44005.0,403.25528130406167,0.0,331,308,0,0,308,308,82542,23,0,0,23,0
2020-07-03,US,Rhode Island,Providence,13144,0,0,41.87064746,-71.57753536,44007.0,2057.1861437307,0.0,13144,12937,0,0,12937,12937,636084,207,0,0,207,0
2020-07-03,US,Rhode Island,Unassigned,1488,960,0,0.0,0.0,90044.0,0.0,64.51612903225806,528,1712,959,0,753,1624,,-224,1,0,-225,88
2020-07-03,US,Rhode Island,Washington,538,0,0,41.45961631,-71.61435303,44009.0,428.4224021914842,0.0,538,532,0,0,532,532,126179,6,0,0,6,0
2020-07-03,US,South Carolina,Abbeville,118,0,0,34.22333378,-82.46170658,45001.0,481.1024585151058,0.0,118,119,0,0,119,113,24541,-1,0,0,-1,6
2020-07-03,US,South Carolina,Aiken,451,10,0,33.54338026,-81.63645384,45003.0,263.9402593754389,2.217294900221729,441,434,10,0,424,406,169401,17,0,0,17,28
2020-07-03,US,South Carolina,Allendale,58,3,0,32.98837386,-81.35321066,45005.0,667.5874769797423,5.172413793103448,55,58,3,0,55,50,8903,0,0,0,0,8
2020-07-03,US,South Carolina,Anderson,742,12,0,34.51828081,-82.63959517,45007.0,366.3148332823191,1.6172506738544474,730,676,11,0,665,635,200482,66,1,0,65,41
2020-07-03,US,South Carolina,Bamberg,140,1,0,33.21927586,-81.05659969,45009.0,995.3078344945258,0.7142857142857143,139,130,1,0,129,117,14275,10,0,0,10,13
2020-07-03,US,South Carolina,Barnwell,88,1,0,33.26679302,-81.43584352,45011.0,421.73871369692324,1.1363636363636365,87,86,1,0,85,82,21112,2,0,0,2,4
2020-07-03,US,South Carolina,Beaufort,1376,21,0,32.39226291,-80.72619758,45013.0,716.2115738957538,1.5261627906976745,1355,1325,20,0,1305,1282,188715,51,1,0,50,43
2020-07-03,US,South Carolina,Berkeley,1392,23,0,33.20222596,-79.94654523,45015.0,610.7754478800564,1.6522988505747127,1369,1278,23,0,1255,1170,221091,114,0,0,114,108
2020-07-03,US,South Carolina,Calhoun,103,2,0,33.66926881,-80.77722168,45017.0,707.7578506149935,1.9417475728155342,101,99,2,0,97,99,14520,4,0,0,4,0
2020-07-03,US,South Carolina,Charleston,5033,34,0,32.82487866,-79.96512315,45019.0,1223.365726314152,0.675541426584542,4999,4615,34,0,4581,4289,405905,418,0,0,418,326
2020-07-03,US,South Carolina,Cherokee,173,7,0,35.05122251,-81.61828622,45021.0,301.9197207678883,4.0462427745664735,166,169,8,0,161,158,57078,4,-1,0,5,11
2020-07-03,US,South Carolina,Chester,217,1,0,34.69249168,-81.1583216,45023.0,672.9934251333582,0.4608294930875576,216,201,1,0,200,189,32251,16,0,0,16,12
2020-07-03,US,South Carolina,Chesterfield,385,14,0,34.64137396,-80.15640140000002,45025.0,843.3734939759038,3.636363636363636,371,376,14,0,362,373,45754,9,0,0,9,3
2020-07-03,US,South Carolina,Clarendon,435,43,0,33.66610974,-80.21647898,45027.0,1289.0798636835084,9.885057471264368,392,423,43,0,380,418,33700,12,0,0,12,5
2020-07-03,US,South Carolina,Colleton,352,22,0,32.87582989,-80.67641292,45029.0,934.2569737505639,6.25,330,343,22,0,321,333,37660,9,0,0,9,10
2020-07-03,US,South Carolina,Darlington,469,15,0,34.33358335,-79.96027485,45031.0,704.0139301690234,3.1982942430703623,454,461,15,0,446,452,66802,8,0,0,8,9
2020-07-03,US,South Carolina,Dillon,321,10,0,34.39007791,-79.37741872,45033.0,1053.1841595852882,3.115264797507788,311,316,10,0,306,307,30599,5,0,0,5,9
2020-07-03,US,South Carolina,Dorchester,928,3,0,33.0794369,-80.40502652,45035.0,569.9930593517557,0.3232758620689655,925,844,3,0,841,773,160647,84,0,0,84,71
2020-07-03,US,South Carolina,Edgefield,90,3,0,33.77221995,-81.96231108,45037.0,330.1540719002201,3.333333333333333,87,86,3,0,83,83,27052,4,0,0,4,3
2020-07-03,US,South Carolina,Fairfield,305,22,0,34.39287073,-81.1195624,45039.0,1364.8364433704746,7.213114754098362,283,303,22,0,281,302,22402,2,0,0,2,1
2020-07-03,US,South Carolina,Florence,1296,55,0,34.02361754,-79.70189312,45041.0,937.14070849573,4.2438271604938285,1241,1266,55,0,1211,1230,138159,30,0,0,30,36
2020-07-03,US,South Carolina,Georgetown,549,4,0,33.43443342,-79.33202141,45043.0,875.877472878111,0.7285974499089253,545,506,3,0,503,489,62249,43,1,0,42,17
2020-07-03,US,South Carolina,Greenville,5497,86,0,34.89502264,-82.37295012,45045.0,1049.9635177311468,1.5644897216663636,5411,5371,83,0,5288,5118,514213,126,3,0,123,253
2020-07-03,US,South Carolina,Greenwood,528,7,0,34.15272415,-82.12715789,45047.0,745.6468627755576,1.3257575757575757,521,527,7,0,520,506,70741,1,0,0,1,21
2020-07-03,US,South Carolina,Hampton,79,2,0,32.77419582,-81.13845571,45049.0,410.9874102590782,2.5316455696202533,77,74,2,0,72,73,19351,5,0,0,5,1
2020-07-03,US,South Carolina,Horry,3966,50,0,33.9212828,-78.99555293,45051.0,1120.08269294314,1.2607160867372669,3916,3730,50,0,3680,3550,344147,236,0,0,236,180
2020-07-03,US,South Carolina,Jasper,170,3,0,32.43171982,-81.02487495,45053.0,565.2911249293386,1.7647058823529411,167,142,3,0,139,138,28971,28,0,0,28,4
2020-07-03,US,South Carolina,Kershaw,725,17,0,34.33988254,-80.58763164,45055.0,1089.3900918092888,2.3448275862068964,708,708,15,0,693,695,65592,17,2,0,15,13
2020-07-03,US,South Carolina,Lancaster,519,13,0,34.68270843,-80.70513032,45057.0,529.5269966942824,2.5048169556840083,506,506,13,0,493,493,95380,13,0,0,13,13
2020-07-03,US,South Carolina,Laurens,546,8,0,34.48244419,-82.00490796,45059.0,808.9727823626154,1.465201465201465,538,521,7,0,514,489,66994,25,1,0,24,32
2020-07-03,US,South Carolina,Lee,301,22,0,34.16393091,-80.25690731,45061.0,1788.685524126456,7.308970099667773,279,295,22,0,273,293,17142,6,0,0,6,2
2020-07-03,US,South Carolina,Lexington,2281,53,0,33.89665987,-81.27146426,45063.0,763.5146443514644,2.323542306006137,2228,2236,53,0,2183,2161,295032,45,0,0,45,75
2020-07-03,US,South Carolina,Marion,234,8,0,34.07859748,-79.36400756,45067.0,763.2840786769742,3.418803418803418,226,214,7,0,207,212,31039,20,1,0,19,2
2020-07-03,US,South Carolina,Marlboro,311,4,0,34.59905577,-79.67561152,45069.0,1190.7496745539474,1.2861736334405145,307,310,4,0,306,307,26398,1,0,0,1,3
2020-07-03,US,South Carolina,McCormick,18,2,0,33.90161443,-82.30794338,45065.0,190.21451970833766,11.111111111111109,16,17,2,0,15,17,9410,1,0,0,1,0
2020-07-03,US,South Carolina,Newberry,287,4,0,34.28629098,-81.59935761,45071.0,746.618106139438,1.3937282229965158,283,270,4,0,266,264,38520,17,0,0,17,6
2020-07-03,US,South Carolina,Oconee,304,1,0,34.75225169,-83.06742317,45073.0,382.1688079853167,0.32894736842105265,303,290,1,0,289,271,78374,14,0,0,14,19
2020-07-03,US,South Carolina,Orangeburg,853,14,0,33.4391073,-80.79886287,45075.0,989.8462431099507,1.64126611957796,839,813,14,0,799,777,86934,40,0,0,40,36
2020-07-03,US,South Carolina,Pickens,921,5,0,34.88807695,-82.72791551,45077.0,725.8598404842218,0.5428881650380022,916,896,5,0,891,855,124937,25,0,0,25,41
2020-07-03,US,South Carolina,Richland,3866,86,0,34.01791263,-80.90267209,45079.0,929.8656192650067,2.22452146921883,3780,3757,86,0,3671,3632,414576,109,0,0,109,125
2020-07-03,US,South Carolina,Saluda,224,1,0,34.00795823,-81.72713237,45081.0,1094.1239681531774,0.44642857142857145,223,219,1,0,218,215,20544,5,0,0,5,4
2020-07-03,US,South Carolina,Spartanburg,1798,49,0,34.92960077,-81.99225984,45083.0,562.2527635755273,2.725250278086763,1749,1767,49,0,1718,1663,313888,31,0,0,31,104
2020-07-03,US,South Carolina,Sumter,1158,25,0,33.91826534,-80.37942316,45085.0,1085.0722913016182,2.158894645941278,1133,1115,25,0,1090,1080,106512,43,0,0,43,35
2020-07-03,US,South Carolina,Union,98,0,0,34.68835752,-81.61730349,45087.0,358.76409430370484,0.0,98,95,0,0,95,91,27410,3,0,0,3,4
2020-07-03,US,South Carolina,Williamsburg,421,15,0,33.62190129,-79.72767442,45089.0,1386.327713382508,3.5629453681710213,406,413,15,0,398,412,30606,8,0,0,8,1
2020-07-03,US,South Carolina,York,1406,12,0,34.97281497,-81.18085944,45091.0,500.39326782428566,0.8534850640113798,1394,1301,12,0,1289,1257,274118,105,0,0,105,44
2020-07-03,US,South Dakota,Aurora,34,0,0,43.71757685,-98.56050467,46003.0,1235.9142130134496,0.0,34,34,0,0,34,34,2801,0,0,0,0,0
2020-07-03,US,South Dakota,Beadle,539,7,0,44.41464384,-98.27858469,46005.0,2920.9342654310954,1.2987012987012987,532,532,7,0,525,527,18883,7,0,0,7,5
2020-07-03,US,South Dakota,Bennett,4,0,0,43.19486375,-101.6665572,46007.0,118.87072808320951,0.0,4,4,0,0,4,4,3468,0,0,0,0,0
2020-07-03,US,South Dakota,Bon Homme,11,0,0,42.98914167,-97.88592746,46009.0,159.39718881321548,0.0,11,11,0,0,11,11,6980,0,0,0,0,0
2020-07-03,US,South Dakota,Brookings,70,0,0,44.36974375,-96.79079945,46011.0,199.56096587507488,0.0,70,68,0,0,68,65,35232,2,0,0,2,3
2020-07-03,US,South Dakota,Brown,344,2,0,45.58994323,-98.35165355,46013.0,885.7076649759263,0.5813953488372093,342,344,2,0,342,342,39316,0,0,0,0,2
2020-07-03,US,South Dakota,Brule,29,0,0,43.71756379,-99.08118954,46015.0,547.4797054936756,0.0,29,26,0,0,26,24,5229,3,0,0,3,2
2020-07-03,US,South Dakota,Buffalo,76,3,0,44.07657829,-99.20814467,46017.0,3873.598369011213,3.947368421052632,73,72,3,0,69,71,2036,4,0,0,4,1
2020-07-03,US,South Dakota,Campbell,1,0,0,45.77074915,-100.0510181,46021.0,72.67441860465118,0.0,1,,,,,,1377,,,,,
2020-07-03,US,South Dakota,Charles Mix,90,0,0,43.20660134,-98.58856175,46023.0,968.5751183814034,0.0,90,86,0,0,86,85,9338,4,0,0,4,1
2020-07-03,US,South Dakota,Clark,15,0,0,44.85834507,-97.72925109,46025.0,401.4989293361885,0.0,15,15,0,0,15,15,3739,0,0,0,0,0
2020-07-03,US,South Dakota,Clay,87,0,0,42.91296147,-96.97656917,46027.0,618.3368869936036,0.0,87,85,0,0,85,83,14041,2,0,0,2,2
2020-07-03,US,South Dakota,Codington,75,0,0,44.97788119,-97.18827677,46029.0,267.77107358349105,0.0,75,72,0,0,72,70,28015,3,0,0,3,2
2020-07-03,US,South Dakota,Corson,18,0,0,45.70889983,-101.1970473,46031.0,440.5286343612335,0.0,18,18,0,0,18,18,4165,0,0,0,0,0
2020-07-03,US,South Dakota,Custer,10,0,0,43.67741105,-103.45345209999999,46033.0,111.45786892554614,0.0,10,10,0,0,10,9,8726,0,0,0,0,1
2020-07-03,US,South Dakota,Davison,44,0,0,43.67490933,-98.14458906,46035.0,222.5031605562579,0.0,44,43,0,0,43,41,19790,1,0,0,1,2
2020-07-03,US,South Dakota,Day,17,0,0,45.367281,-97.60737498,46037.0,313.42182890855463,0.0,17,17,0,0,17,16,5505,0,0,0,0,1
2020-07-03,US,South Dakota,Deuel,3,0,0,44.75994309,-96.66943645,46039.0,68.94966674327739,0.0,3,3,0,0,3,3,4337,0,0,0,0,0
2020-07-03,US,South Dakota,Dewey,8,0,0,45.15639647,-100.8709139,46041.0,135.77732518669382,0.0,8,6,0,0,6,5,5904,2,0,0,2,1
2020-07-03,US,South Dakota,Douglas,7,0,0,43.38520741,-98.36978007,46043.0,239.64395754878467,0.0,7,5,0,0,5,4,2935,2,0,0,2,1
2020-07-03,US,South Dakota,Edmunds,7,0,0,45.41846445,-99.21545423,46045.0,182.81535648994515,0.0,7,7,0,0,7,7,3875,0,0,0,0,0
2020-07-03,US,South Dakota,Fall River,12,0,0,43.23929297,-103.5275691,46047.0,178.75763444063756,0.0,12,12,0,0,12,12,6758,0,0,0,0,0
2020-07-03,US,South Dakota,Faulk,23,1,0,45.07082625,-99.14535601,46049.0,1000.4349717268376,4.3478260869565215,22,23,1,0,22,23,2330,0,0,0,0,0
2020-07-03,US,South Dakota,Grant,13,0,0,45.1723937,-96.77002276,46051.0,184.344866704481,0.0,13,13,0,0,13,13,7147,0,0,0,0,0
2020-07-03,US,South Dakota,Gregory,4,0,0,43.19419064,-99.18883902,46053.0,95.57945041816008,0.0,4,4,0,0,4,4,4212,0,0,0,0,0
2020-07-03,US,South Dakota,Hamlin,13,0,0,44.67385954,-97.18829593,46057.0,210.90201168072682,0.0,13,12,0,0,12,12,6111,1,0,0,1,0
2020-07-03,US,South Dakota,Hand,7,0,0,44.54708407,-99.00386459,46059.0,219.36696960200558,0.0,7,7,0,0,7,7,3262,0,0,0,0,0
2020-07-03,US,South Dakota,Hanson,8,0,0,43.6746384,-97.78715148,46061.0,231.68259484506225,0.0,8,8,0,0,8,7,3376,0,0,0,0,1
2020-07-03,US,South Dakota,Hughes,64,0,0,44.39091534,-99.99661148,46065.0,365.1717448362433,0.0,64,60,0,0,60,58,17650,4,0,0,4,2
2020-07-03,US,South Dakota,Hutchinson,13,0,0,43.33449012,-97.75536441,46067.0,178.30201618433685,0.0,13,13,0,0,13,12,7380,0,0,0,0,1
2020-07-03,US,South Dakota,Hyde,3,0,0,44.54747703,-99.48572582,46069.0,230.59185242121444,0.0,3,3,0,0,3,3,1282,0,0,0,0,0
2020-07-03,US,South Dakota,Jackson,6,1,0,43.69318385,-101.6255063,46071.0,179.42583732057415,16.666666666666668,5,6,1,0,5,6,3307,0,0,0,0,0
2020-07-03,US,South Dakota,Jerauld,39,1,0,44.06637798,-98.62965972,46073.0,1937.4068554396426,2.5641025641025643,38,39,1,0,38,39,2043,0,0,0,0,0
2020-07-03,US,South Dakota,Kingsbury,6,0,0,44.36956169,-97.4913945,46077.0,121.48208139299452,0.0,6,6,0,0,6,6,4919,0,0,0,0,0
2020-07-03,US,South Dakota,Lake,22,1,0,44.02193107,-97.12926365,46079.0,171.9152926467141,4.545454545454546,21,22,1,0,21,21,13057,0,0,0,0,1
2020-07-03,US,South Dakota,Lawrence,19,0,0,44.35919441,-103.79294279999999,46081.0,73.51803126451014,0.0,19,19,0,0,19,19,25741,0,0,0,0,0
2020-07-03,US,South Dakota,Lincoln,357,1,0,43.27841182,-96.72039050000001,46083.0,584.0204161758933,0.2801120448179272,356,352,1,0,351,347,58807,5,0,0,5,5
2020-07-03,US,South Dakota,Lyman,69,1,0,43.89522709,-99.85201878,46085.0,1824.9140439037287,1.4492753623188406,68,68,1,0,67,65,3821,1,0,0,1,3
2020-07-03,US,South Dakota,Marshall,5,0,0,45.75870838,-97.59855639,46091.0,101.31712259371834,0.0,5,5,0,0,5,5,5112,0,0,0,0,0
2020-07-03,US,South Dakota,McCook,12,1,0,43.6742571,-97.36863144,46087.0,214.8227712137487,8.333333333333334,11,10,1,0,9,10,5546,2,0,0,2,0
2020-07-03,US,South Dakota,McPherson,4,0,0,45.76626028,-99.22118798,46089.0,168.13787305590589,0.0,4,4,0,0,4,4,2407,0,0,0,0,0
2020-07-03,US,South Dakota,Meade,50,1,0,44.56676791,-102.71627409999999,46093.0,176.47889312438232,2.0,49,49,1,0,48,49,28294,1,0,0,1,0
2020-07-03,US,South Dakota,Mellette,5,0,0,43.58078848,-100.7563186,46095.0,242.60067928190202,0.0,5,5,0,0,5,4,2042,0,0,0,0,1
2020-07-03,US,South Dakota,Miner,9,0,0,44.02197882,-97.60992207,46097.0,406.1371841155234,0.0,9,9,0,0,9,9,2213,0,0,0,0,0
2020-07-03,US,South Dakota,Minnehaha,3655,58,0,43.67441641,-96.7910885,46099.0,1892.4684416001328,1.5868673050615596,3597,3638,58,0,3580,3627,192876,17,0,0,17,11
2020-07-03,US,South Dakota,Moody,23,0,0,44.02266214,-96.67081159,46101.0,349.7566909975669,0.0,23,23,0,0,23,23,6579,0,0,0,0,0
2020-07-03,US,South Dakota,Oglala Lakota,89,0,0,43.33749164,-102.55554980000001,46102.0,627.7773859067504,0.0,89,88,0,0,88,87,14309,1,0,0,1,1
2020-07-03,US,South Dakota,Pennington,546,17,0,44.0025835,-102.8240777,46103.0,479.8945286750165,3.1135531135531136,529,536,17,0,519,523,111729,10,0,0,10,13
2020-07-03,US,South Dakota,Roberts,49,0,0,45.62975048,-96.94672673,46109.0,471.42582258995577,0.0,49,47,0,0,47,47,10447,2,0,0,2,0
2020-07-03,US,South Dakota,Sanborn,12,0,0,44.02351092,-98.09098159999999,46111.0,511.9453924914676,0.0,12,12,0,0,12,12,2429,0,0,0,0,0
2020-07-03,US,South Dakota,Spink,12,0,0,44.93837606,-98.34626602,46115.0,188.20577164366367,0.0,12,11,0,0,11,11,6495,1,0,0,1,0
2020-07-03,US,South Dakota,Stanley,13,0,0,44.41381872,-100.7349153,46117.0,419.62556488056816,0.0,13,12,0,0,12,12,3022,1,0,0,1,0
2020-07-03,US,South Dakota,Sully,1,0,0,44.71571812,-100.1278092,46119.0,71.89072609633357,0.0,1,1,0,0,1,1,1392,0,0,0,0,0
2020-07-03,US,South Dakota,Todd,57,1,0,43.19338568,-100.71955030000001,46121.0,560.0864694900265,1.7543859649122806,56,57,1,0,56,57,10283,0,0,0,0,0
2020-07-03,US,South Dakota,Tripp,18,0,0,43.34459388,-99.8854891,46123.0,330.8215401580592,0.0,18,17,0,0,17,16,5478,1,0,0,1,1
2020-07-03,US,South Dakota,Turner,25,0,0,43.3109081,-97.14865776,46125.0,298.18702290076334,0.0,25,25,0,0,25,25,8424,0,0,0,0,0
2020-07-03,US,South Dakota,Union,132,1,0,42.83112163,-96.6557828,46127.0,828.5212151644489,0.7575757575757576,131,126,1,0,125,124,15619,6,0,0,6,2
2020-07-03,US,South Dakota,Walworth,14,0,0,45.43019636,-100.03075140000001,46129.0,257.5896964121435,0.0,14,14,0,0,14,13,5587,0,0,0,0,1
2020-07-03,US,South Dakota,Yankton,79,0,0,43.00924485,-97.39467635,46135.0,346.27860085912164,0.0,79,78,0,0,78,77,22869,1,0,0,1,1
2020-07-03,US,South Dakota,Ziebach,1,0,0,44.97881876,-101.6654622,46137.0,36.2844702467344,0.0,1,1,0,0,1,2,2742,0,0,0,0,-1
2020-07-03,US,Tennessee,Anderson,116,2,0,36.12684348,-84.19965764,47001.0,150.69240562238562,1.7241379310344829,114,105,2,0,103,104,76482,11,0,0,11,1
2020-07-03,US,Tennessee,Bedford,545,5,0,35.51123746,-86.45549096,47003.0,1096.2927202140286,0.9174311926605504,540,520,5,0,515,520,49038,25,0,0,25,0
2020-07-03,US,Tennessee,Benton,13,1,0,36.07110411,-88.06849355,47005.0,80.44554455445545,7.6923076923076925,12,12,1,0,11,12,16184,1,0,0,1,0
2020-07-03,US,Tennessee,Bledsoe,618,1,0,35.59942968,-85.20611967,47007.0,4102.496016994159,0.16181229773462782,617,618,1,0,617,618,14755,0,0,0,0,0
2020-07-03,US,Tennessee,Blount,212,3,0,35.68938198,-83.92847788,47009.0,159.293099302717,1.4150943396226414,209,205,3,0,202,188,131349,7,0,0,7,17
2020-07-03,US,Tennessee,Bradley,662,3,0,35.15739424,-84.857186,47011.0,612.3392840625288,0.4531722054380665,659,604,3,0,601,580,106727,58,0,0,58,24
2020-07-03,US,Tennessee,Campbell,44,1,0,36.40355516,-84.15108559999999,47013.0,110.4362230811706,2.272727272727273,43,41,1,0,40,39,39583,3,0,0,3,2
2020-07-03,US,Tennessee,Cannon,36,0,0,35.80990797,-86.05738983,47015.0,245.2650224826271,0.0,36,34,0,0,34,31,14462,2,0,0,2,3
2020-07-03,US,Tennessee,Carroll,44,1,0,35.97366108,-88.45189331,47017.0,158.4614830554255,2.272727272727273,43,40,1,0,39,39,28020,4,0,0,4,1
2020-07-03,US,Tennessee,Carter,56,1,0,36.28969086,-82.12588974,47019.0,99.30662694401589,1.7857142857142858,55,56,1,0,55,56,56351,0,0,0,0,0
2020-07-03,US,Tennessee,Cheatham,225,1,0,36.26136216,-87.08903581,47021.0,553.2741534905451,0.4444444444444444,224,220,1,0,219,214,40439,5,0,0,5,6
2020-07-03,US,Tennessee,Chester,30,0,0,35.42527478,-88.6095842,47023.0,173.4404810082673,0.0,30,26,0,0,26,23,17276,4,0,0,4,3
2020-07-03,US,Tennessee,Claiborne,41,0,0,36.48319149,-83.65947309,47025.0,128.2893707562815,0.0,41,32,0,0,32,28,31756,9,0,0,9,4
2020-07-03,US,Tennessee,Clay,16,0,0,36.55151008,-85.53930419,47027.0,210.11162179908072,0.0,16,16,0,0,16,16,7717,0,0,0,0,0
2020-07-03,US,Tennessee,Cocke,90,0,0,35.9278914,-83.11828725,47029.0,249.9722253082991,0.0,90,76,0,0,76,70,35774,14,0,0,14,6
2020-07-03,US,Tennessee,Coffee,117,0,0,35.49090731,-86.07311784,47031.0,207.0063694267516,0.0,117,115,0,0,115,109,55700,2,0,0,2,6
2020-07-03,US,Tennessee,Crockett,34,3,0,35.81830662,-89.14916269,47033.0,238.93183415319743,8.823529411764708,31,32,3,0,29,31,14328,2,0,0,2,1
2020-07-03,US,Tennessee,Cumberland,178,4,0,35.95271721,-84.99840585,47035.0,294.11764705882354,2.247191011235955,174,174,4,0,170,173,59673,4,0,0,4,1
2020-07-03,US,Tennessee,Davidson,10450,118,0,36.17007426,-86.78646056,47037.0,1505.4513184584173,1.1291866028708133,10332,10125,115,0,10010,9769,692587,325,3,0,322,356
2020-07-03,US,Tennessee,DeKalb,60,0,0,35.97616272,-85.83689361,47041.0,292.8257686676428,0.0,60,57,0,0,57,54,20138,3,0,0,3,3
2020-07-03,US,Tennessee,Decatur,22,0,0,35.60048904,-88.11043779,47039.0,188.63071250964592,0.0,22,21,0,0,21,21,11706,1,0,0,1,0
2020-07-03,US,Tennessee,Dickson,201,0,0,36.14669837,-87.35891709,47043.0,372.58100392971016,0.0,201,194,0,0,194,180,53446,7,0,0,7,14
2020-07-03,US,Tennessee,Dyer,240,1,0,36.05931946,-89.41542855,47045.0,645.8731397508006,0.4166666666666667,239,232,1,0,231,225,37320,8,0,0,8,7
2020-07-03,US,Tennessee,Fayette,310,2,0,35.19615831,-89.41399032,47047.0,753.652784868597,0.6451612903225806,308,301,2,0,299,292,40507,9,0,0,9,9
2020-07-03,US,Tennessee,Fentress,22,0,0,36.38128818,-84.92870012,47049.0,118.77125735571992,0.0,22,19,0,0,19,18,18217,3,0,0,3,1
2020-07-03,US,Tennessee,Franklin,82,3,0,35.15634626,-86.09201039,47051.0,194.275966641395,3.6585365853658534,79,82,3,0,79,80,41890,0,0,0,0,2
2020-07-03,US,Tennessee,Gibson,121,1,0,35.99438059,-88.93358327,47053.0,246.27032747847682,0.8264462809917356,120,110,1,0,109,106,49045,11,0,0,11,4
2020-07-03,US,Tennessee,Giles,56,1,0,35.20222469,-87.03992678,47055.0,190.0624490904154,1.7857142857142858,55,55,1,0,54,50,29503,1,0,0,1,5
2020-07-03,US,Tennessee,Grainger,40,0,0,36.27469206,-83.51254721,47057.0,171.52658662092625,0.0,40,39,0,0,39,37,23145,1,0,0,1,2
2020-07-03,US,Tennessee,Greene,95,2,0,36.17470125,-82.84691273,47059.0,137.54361580448537,2.1052631578947367,93,86,2,0,84,85,69087,9,0,0,9,1
2020-07-03,US,Tennessee,Grundy,59,1,0,35.38433717,-85.72142731,47061.0,439.413122812244,1.6949152542372878,58,58,1,0,57,58,13346,1,0,0,1,0
2020-07-03,US,Tennessee,Hamblen,314,4,0,36.21990035,-83.26586179,47063.0,483.5679305140605,1.2738853503184713,310,296,4,0,292,263,64569,18,0,0,18,33
2020-07-03,US,Tennessee,Hamilton,2665,33,0,35.17670231,-85.16652245,47065.0,724.5706952616067,1.2382739212007503,2632,2577,30,0,2547,2532,364286,88,3,0,85,45
2020-07-03,US,Tennessee,Hancock,3,0,0,36.52692871,-83.22375847,47067.0,45.31722054380665,0.0,3,3,0,0,3,3,6549,0,0,0,0,0
2020-07-03,US,Tennessee,Hardeman,325,5,0,35.20772017,-88.99161161,47069.0,1297.4051896207586,1.5384615384615383,320,314,3,0,311,304,25220,11,2,0,9,10
2020-07-03,US,Tennessee,Hardin,104,7,0,35.19732531,-88.18593755,47071.0,405.42647746764396,6.730769230769232,97,103,7,0,96,100,25776,1,0,0,1,3
2020-07-03,US,Tennessee,Hawkins,57,2,0,36.44355426,-82.94885298,47073.0,100.37685344979396,3.5087719298245608,55,55,2,0,53,51,56530,2,0,0,2,4
2020-07-03,US,Tennessee,Haywood,92,2,0,35.58332824,-89.28536625,47075.0,531.66897827092,2.1739130434782608,90,81,2,0,79,74,17335,11,0,0,11,7
2020-07-03,US,Tennessee,Henderson,44,0,0,35.65581134,-88.38600175,47077.0,156.48895685883988,0.0,44,39,0,0,39,35,27847,5,0,0,5,4
2020-07-03,US,Tennessee,Henry,45,0,0,36.33160906,-88.30121797,47079.0,139.12505796877414,0.0,45,42,0,0,42,42,32358,3,0,0,3,0
2020-07-03,US,Tennessee,Hickman,80,0,0,35.80609681,-87.47643507,47081.0,317.73770752244025,0.0,80,73,0,0,73,72,25063,7,0,0,7,1
2020-07-03,US,Tennessee,Houston,14,0,0,36.28872054,-87.71878828,47083.0,170.71088891598586,0.0,14,13,0,0,13,12,8263,1,0,0,1,1
2020-07-03,US,Tennessee,Humphreys,27,1,0,36.03958805,-87.77992872,47085.0,145.30190506942205,3.703703703703704,26,26,1,0,25,23,18486,1,0,0,1,3
2020-07-03,US,Tennessee,Jackson,26,0,0,36.36380466,-85.67239905,47087.0,220.6007127099949,0.0,26,26,0,0,26,26,11758,0,0,0,0,0
2020-07-03,US,Tennessee,Jefferson,125,0,0,36.04818632,-83.45148924,47089.0,229.37884209560508,0.0,125,121,0,0,121,107,54012,4,0,0,4,14
2020-07-03,US,Tennessee,Johnson,39,0,0,36.45523950000001,-81.84886538,47091.0,219.24893186417808,0.0,39,38,0,0,38,37,17778,1,0,0,1,1
2020-07-03,US,Tennessee,Knox,1086,5,0,35.99508821,-83.94635435,47093.0,230.9100535175511,0.4604051565377532,1081,1022,5,0,1017,982,465289,64,0,0,64,40
2020-07-03,US,Tennessee,Lake,691,0,0,36.34180170000001,-89.48921915,47095.0,9848.916761687571,0.0,691,690,0,0,690,690,7411,1,0,0,1,0
2020-07-03,US,Tennessee,Lauderdale,139,3,0,35.75893438,-89.63015909999999,47097.0,542.2697304256233,2.1582733812949644,136,136,2,0,134,120,25825,3,1,0,2,16
2020-07-03,US,Tennessee,Lawrence,152,6,0,35.21675201,-87.39787695,47099.0,344.3432558561008,3.947368421052632,146,143,5,0,138,133,43734,9,1,0,8,10
2020-07-03,US,Tennessee,Lewis,6,0,0,35.52853208,-87.49022694,47101.0,48.90772742093251,0.0,6,7,0,0,7,7,12086,-1,0,0,-1,0
2020-07-03,US,Tennessee,Lincoln,61,0,0,35.13738622,-86.58910106,47103.0,177.50101844846645,0.0,61,58,0,0,58,59,34117,3,0,0,3,-1
2020-07-03,US,Tennessee,Loudon,277,1,0,35.73939663,-84.31145275,47105.0,512.3178220019236,0.36101083032490977,276,271,1,0,270,265,53054,6,0,0,6,6
2020-07-03,US,Tennessee,Macon,436,3,0,36.53157855,-86.00778595,47111.0,1772.2136411673846,0.6880733944954128,433,421,3,0,418,409,24265,15,0,0,15,12
2020-07-03,US,Tennessee,Madison,280,2,0,35.61181957,-88.84076036,47113.0,285.76094056172434,0.7142857142857143,278,264,2,0,262,255,97605,16,0,0,16,9
2020-07-03,US,Tennessee,Marion,71,4,0,35.12997174,-85.62265895,47115.0,245.6152489016501,5.633802816901407,67,67,4,0,63,67,28575,4,0,0,4,0
2020-07-03,US,Tennessee,Marshall,81,1,0,35.45798777,-86.76420988,47117.0,235.63636363636363,1.2345679012345678,80,74,1,0,73,73,33683,7,0,0,7,1
2020-07-03,US,Tennessee,Maury,326,3,0,35.618741299999996,-87.07462444,47119.0,338.2198844242481,0.9202453987730062,323,311,3,0,308,297,94340,15,0,0,15,14
2020-07-03,US,Tennessee,McMinn,227,18,0,35.42812616,-84.61520715,47107.0,421.98014648473816,7.929515418502202,209,218,17,0,201,216,53285,9,1,0,8,2
2020-07-03,US,Tennessee,McNairy,68,0,0,35.17468549,-88.5647812,47109.0,264.653226434187,0.0,68,64,0,0,64,62,25832,4,0,0,4,2
2020-07-03,US,Tennessee,Meigs,33,0,0,35.51558739,-84.81482914,47121.0,265.65770407341813,0.0,33,32,0,0,32,32,12306,1,0,0,1,0
2020-07-03,US,Tennessee,Monroe,137,6,0,35.44550387,-84.24902965,47123.0,294.33881190246,4.37956204379562,131,136,5,0,131,135,46357,1,1,0,0,1
2020-07-03,US,Tennessee,Montgomery,534,7,0,36.49609412,-87.38550661,47125.0,255.51095012751625,1.310861423220974,527,513,7,0,506,493,205950,21,0,0,21,20
2020-07-03,US,Tennessee,Moore,12,0,0,35.27724699,-86.36230578,47127.0,184.9568434032059,0.0,12,10,0,0,10,8,6411,2,0,0,2,2
2020-07-03,US,Tennessee,Morgan,25,1,0,36.13248031,-84.64880098,47129.0,116.80605522590292,4.0,24,24,1,0,23,24,21579,1,0,0,1,0
2020-07-03,US,Tennessee,Obion,113,2,0,36.35732446,-89.14921589,47131.0,375.80232132761313,1.7699115044247788,111,106,2,0,104,98,30267,7,0,0,7,8
2020-07-03,US,Tennessee,Out of TN,1065,7,0,0.0,0.0,80047.0,0.0,0.6572769953051644,1058,1009,8,0,1001,1044,,56,-1,0,57,-35
2020-07-03,US,Tennessee,Overton,59,1,0,36.34117832,-85.28989535,47133.0,265.275841913583,1.6949152542372878,58,58,1,0,57,57,22068,1,0,0,1,1
2020-07-03,US,Tennessee,Perry,33,0,0,35.63708728,-87.86139634,47135.0,408.6181277860327,0.0,33,31,0,0,31,32,8064,2,0,0,2,-1
2020-07-03,US,Tennessee,Pickett,6,0,0,36.55606529,-85.07763299999998,47137.0,118.85895404120443,0.0,6,6,0,0,6,6,5082,0,0,0,0,0
2020-07-03,US,Tennessee,Polk,44,0,0,35.12245443,-84.52075859,47139.0,261.4068441064639,0.0,44,41,0,0,41,41,16898,3,0,0,3,0
2020-07-03,US,Tennessee,Putnam,853,7,0,36.14005459,-85.50646123,47141.0,1062.9945791015016,0.82063305978898,846,814,7,0,807,805,78843,39,0,0,39,9
2020-07-03,US,Tennessee,Rhea,276,0,0,35.60536161,-84.93076643,47143.0,832.1524406789882,0.0,276,274,0,0,274,272,33044,2,0,0,2,2
2020-07-03,US,Tennessee,Roane,59,0,0,35.84923189,-84.52458689,47145.0,110.52414671612154,0.0,59,50,0,0,50,46,53140,9,0,0,9,4
2020-07-03,US,Tennessee,Robertson,815,11,0,36.52454807,-86.87346725,47147.0,1134.8920111957445,1.3496932515337423,804,801,11,0,790,792,71012,14,0,0,14,9
2020-07-03,US,Tennessee,Rutherford,2854,35,0,35.84591405,-86.4107263,47149.0,858.9012444136812,1.2263489838822703,2819,2733,35,0,2698,2648,324890,121,0,0,121,85
2020-07-03,US,Tennessee,Scott,18,0,0,36.42325673,-84.50360494,47151.0,81.56606851549755,0.0,18,15,0,0,15,15,22039,3,0,0,3,0
2020-07-03,US,Tennessee,Sequatchie,33,0,0,35.36979721,-85.41022136,47153.0,219.6193265007321,0.0,33,29,0,0,29,28,14876,4,0,0,4,1
2020-07-03,US,Tennessee,Sevier,768,3,0,35.78077323,-83.52244332,47155.0,781.6793893129773,0.390625,765,733,3,0,730,657,97892,35,0,0,35,76
2020-07-03,US,Tennessee,Shelby,11145,197,0,35.1864775,-89.89692423,47157.0,1189.2236807566642,1.7676087931807989,10948,10765,195,0,10570,10344,935764,380,2,0,378,421
2020-07-03,US,Tennessee,Smith,111,1,0,36.25359775,-85.95411046,47159.0,550.6771841047776,0.9009009009009008,110,103,1,0,102,96,19942,8,0,0,8,7
2020-07-03,US,Tennessee,Stewart,23,0,0,36.50235092,-87.83920548,47161.0,167.69959897921984,0.0,23,21,0,0,21,21,13561,2,0,0,2,0
2020-07-03,US,Tennessee,Sullivan,108,2,0,36.51240691,-82.30412917,47163.0,68.20420845226968,1.851851851851852,106,101,2,0,99,91,157668,7,0,0,7,10
2020-07-03,US,Tennessee,Sumner,1559,52,0,36.46824103,-86.45917204,47165.0,815.0227673133525,3.3354714560615784,1507,1507,52,0,1455,1469,187149,52,0,0,52,38
2020-07-03,US,Tennessee,Tipton,633,5,0,35.501942,-89.73694895,47167.0,1027.6140846442313,0.7898894154818326,628,620,5,0,615,611,61581,13,0,0,13,9
2020-07-03,US,Tennessee,Trousdale,1494,5,0,36.39026213,-86.16087954,47169.0,13239.985820630982,0.33467202141900937,1489,1490,5,0,1485,1489,11012,4,0,0,4,1
2020-07-03,US,Tennessee,Unassigned,581,1,0,0.0,0.0,90047.0,0.0,0.1721170395869191,580,516,1,0,515,425,,65,0,0,65,91
2020-07-03,US,Tennessee,Unicoi,55,0,0,36.10890856,-82.43709629,47171.0,307.5546608510876,0.0,55,55,0,0,55,54,17761,0,0,0,0,1
2020-07-03,US,Tennessee,Union,16,0,0,36.28590426,-83.83651902,47173.0,80.11215701982776,0.0,16,15,0,0,15,13,19688,1,0,0,1,2
2020-07-03,US,Tennessee,Van Buren,8,0,0,35.69864497,-85.45221699,47175.0,136.23978201634878,0.0,8,7,0,0,7,7,5765,1,0,0,1,0
2020-07-03,US,Tennessee,Warren,72,0,0,35.672829899999996,-85.77969117,47177.0,174.43128134312087,0.0,72,69,0,0,69,65,40878,3,0,0,3,4
2020-07-03,US,Tennessee,Washington,142,0,0,36.29472368,-82.49454720000001,47179.0,109.75845410628021,0.0,142,134,0,0,134,134,128607,8,0,0,8,0
2020-07-03,US,Tennessee,Wayne,82,0,0,35.23868267,-87.78644456,47181.0,491.81311101781324,0.0,82,80,0,0,80,77,16558,2,0,0,2,3
2020-07-03,US,Tennessee,Weakley,63,1,0,36.29896232,-88.71990865,47183.0,189.03024483917423,1.5873015873015872,62,62,1,0,61,61,33415,1,0,0,1,1
2020-07-03,US,Tennessee,White,70,3,0,35.92929884,-85.45591799,47185.0,255.98829767782044,4.285714285714286,67,65,3,0,62,64,27107,5,0,0,5,1
2020-07-03,US,Tennessee,Williamson,1226,14,0,35.89099229,-86.89281867,47187.0,514.2358606110431,1.1419249592169658,1212,1148,14,0,1134,1090,231729,78,0,0,78,58
2020-07-03,US,Tennessee,Wilson,891,17,0,36.15496772,-86.29775884,47189.0,615.9397747775773,1.9079685746352413,874,859,17,0,842,829,140625,32,0,0,32,30
2020-07-03,US,Texas,Anderson,1072,2,0,31.81534745,-95.65354823,48001.0,1856.7593314280768,0.1865671641791045,1070,1063,2,0,1061,1040,58057,9,0,0,9,23
2020-07-03,US,Texas,Andrews,90,0,0,32.30468633,-102.63765479999999,48003.0,481.1547714514836,0.0,90,89,0,0,89,82,18128,1,0,0,1,7
2020-07-03,US,Texas,Angelina,541,9,0,31.25457347,-94.60901487,48005.0,623.8828345730267,1.6635859519408502,532,519,9,0,510,507,87092,22,0,0,22,12
2020-07-03,US,Texas,Aransas,31,0,0,28.10556197,-96.9995047,48007.0,131.85878349638452,0.0,31,28,0,0,28,24,23792,3,0,0,3,4
2020-07-03,US,Texas,Archer,8,0,0,33.61569967,-98.68754589,48009.0,93.53443236291359,0.0,8,8,0,0,8,7,8786,0,0,0,0,1
2020-07-03,US,Texas,Armstrong,3,0,0,34.96507426,-101.35748740000001,48011.0,158.9825119236884,0.0,3,3,0,0,3,3,1892,0,0,0,0,0
2020-07-03,US,Texas,Atascosa,116,2,0,28.89333001,-98.52730485,48013.0,226.77066838699588,1.7241379310344829,114,116,2,0,114,108,50310,0,0,0,0,8
2020-07-03,US,Texas,Austin,77,0,0,29.88548725,-96.27736949,48015.0,256.3931806073522,0.0,77,73,0,0,73,72,29989,4,0,0,4,1
2020-07-03,US,Texas,Bailey,102,1,0,34.06854817,-102.8299707,48017.0,1457.142857142857,0.9803921568627452,101,101,1,0,100,100,7027,1,0,0,1,1
2020-07-03,US,Texas,Bandera,23,0,0,29.74619598,-99.24598147,48019.0,99.515403253721,0.0,23,22,0,0,22,21,22824,1,0,0,1,1
2020-07-03,US,Texas,Bastrop,457,6,0,30.10370699,-97.31206354,48021.0,515.0862797696201,1.312910284463895,451,458,6,0,452,446,86976,-1,0,0,-1,12
2020-07-03,US,Texas,Baylor,1,0,0,33.61640794,-99.21352901,48023.0,28.498147620404676,0.0,1,1,0,0,1,1,3582,0,0,0,0,0
2020-07-03,US,Texas,Bee,55,0,0,28.41761668,-97.74215593,48025.0,168.89298326424074,0.0,55,51,0,0,51,47,32587,4,0,0,4,4
2020-07-03,US,Texas,Bell,1480,13,0,31.03736027,-97.4785025,48027.0,407.798878002006,0.8783783783783784,1467,1394,13,0,1381,1315,355642,86,0,0,86,79
2020-07-03,US,Texas,Bexar,12878,115,0,29.44928723,-98.52019748,48029.0,642.7578193550063,0.8929958068022985,12763,12504,111,0,12393,12504,1986049,374,4,0,370,0
2020-07-03,US,Texas,Blanco,31,1,0,30.26640707,-98.3999852,48031.0,259.82734054144663,3.2258064516129035,30,29,1,0,28,27,11702,2,0,0,2,2
2020-07-03,US,Texas,Bosque,16,0,0,31.89978581,-97.63613524,48035.0,85.63018464008562,0.0,16,15,0,0,15,14,18691,1,0,0,1,1
2020-07-03,US,Texas,Bowie,444,12,0,33.44626922,-94.41834132,48037.0,476.1649418199367,2.702702702702702,432,439,12,0,427,438,94324,5,0,0,5,1
2020-07-03,US,Texas,Brazoria,2516,22,0,29.18757369,-95.44563172,48039.0,672.2527413804161,0.8744038155802861,2494,2438,22,0,2416,2336,370200,78,0,0,78,102
2020-07-03,US,Texas,Brazos,2228,31,0,30.663644800000004,-96.30205577,48041.0,972.0301381696339,1.3913824057450628,2197,2228,31,0,2197,2127,226758,0,0,0,0,101
2020-07-03,US,Texas,Brewster,143,1,0,29.81008251,-103.25203259999999,48043.0,1553.8411387591007,0.6993006993006993,142,142,1,0,141,136,9267,1,0,0,1,6
2020-07-03,US,Texas,Briscoe,3,0,0,34.53026962,-101.2084947,48045.0,194.04915912031052,0.0,3,3,0,0,3,3,1516,0,0,0,0,0
2020-07-03,US,Texas,Brooks,6,0,0,27.03103197,-98.21808402,48047.0,84.59044128013535,0.0,6,6,0,0,6,3,7114,0,0,0,0,3
2020-07-03,US,Texas,Brown,99,13,0,31.77430356,-98.99907113,48049.0,261.4620747939996,13.131313131313133,86,87,11,0,76,77,37924,12,2,0,10,10
2020-07-03,US,Texas,Burleson,86,0,0,30.49273808,-96.62158484,48051.0,466.3015778344087,0.0,86,84,0,0,84,83,18389,2,0,0,2,1
2020-07-03,US,Texas,Burnet,143,3,0,30.78801353,-98.181887,48053.0,296.95774062921816,2.097902097902098,140,141,3,0,138,135,47542,2,0,0,2,6
2020-07-03,US,Texas,Caldwell,383,2,0,29.83668859,-97.61814775,48055.0,877.1528032246242,0.5221932114882507,381,377,2,0,375,346,43247,6,0,0,6,31
2020-07-03,US,Texas,Calhoun,96,3,0,28.47048236,-96.61633945,48057.0,450.9159229685298,3.125,93,94,3,0,91,90,21561,2,0,0,2,4
2020-07-03,US,Texas,Callahan,18,2,0,32.29760619,-99.37326312,48059.0,129.09703794018506,11.111111111111109,16,17,2,0,15,17,13994,1,0,0,1,0
2020-07-03,US,Texas,Cameron,2611,60,0,26.14524221,-97.48140372,48061.0,617.0199190382903,2.297970126388357,2551,2510,56,0,2454,2399,423908,101,4,0,97,111
2020-07-03,US,Texas,Camp,122,1,0,32.97195142,-94.97790104,48063.0,931.7244539483733,0.819672131147541,121,120,1,0,119,118,13033,2,0,0,2,2
2020-07-03,US,Texas,Carson,7,0,0,35.40365929,-101.35426690000001,48065.0,118.1235234559568,0.0,7,7,0,0,7,6,6005,0,0,0,0,1
2020-07-03,US,Texas,Cass,44,2,0,33.07499881,-94.34646905,48067.0,146.5396656231266,4.545454545454546,42,44,2,0,42,41,30119,0,0,0,0,3
2020-07-03,US,Texas,Castro,97,1,0,34.53016752,-102.2617243,48069.0,1288.1806108897742,1.0309278350515465,96,93,1,0,92,87,7665,4,0,0,4,6
2020-07-03,US,Texas,Chambers,352,2,0,29.70972016,-94.67154501,48071.0,802.9746561124165,0.5681818181818182,350,334,2,0,332,308,42454,18,0,0,18,26
2020-07-03,US,Texas,Cherokee,188,2,0,31.837258000000002,-95.16559897,48073.0,357.1021540098013,1.0638297872340423,186,172,2,0,170,147,52592,16,0,0,16,25
2020-07-03,US,Texas,Childress,7,0,0,34.529304100000004,-100.2077916,48075.0,95.81166164796059,0.0,7,7,0,0,7,7,7291,0,0,0,0,0
2020-07-03,US,Texas,Clay,9,0,0,33.78686685,-98.20771198,48077.0,85.95167605768313,0.0,9,8,0,0,8,8,10456,1,0,0,1,0
2020-07-03,US,Texas,Cochran,1,0,0,33.60425307,-102.82844990000001,48079.0,35.05082369435681,0.0,1,1,0,0,1,1,2836,0,0,0,0,0
2020-07-03,US,Texas,Coke,5,1,0,31.88911733,-100.5297533,48081.0,147.62326542663124,20.0,4,5,1,0,4,5,3370,0,0,0,0,0
2020-07-03,US,Texas,Coleman,3,0,0,31.76736834,-99.45240766,48083.0,36.697247706422026,0.0,3,3,0,0,3,3,8397,0,0,0,0,0
2020-07-03,US,Texas,Collin,3199,45,0,33.18820114,-96.57264368,48085.0,309.1627767630203,1.4066895904970302,3154,3114,43,0,3071,2997,1005146,85,2,0,83,117
2020-07-03,US,Texas,Collingsworth,6,0,0,34.96489496,-100.27001109999999,48087.0,205.4794520547945,0.0,6,6,0,0,6,6,2962,0,0,0,0,0
2020-07-03,US,Texas,Colorado,100,0,0,29.622097999999998,-96.5273805,48089.0,465.26776159679895,0.0,100,95,0,0,95,93,21217,5,0,0,5,2
2020-07-03,US,Texas,Comal,635,8,0,29.80811278,-98.27647225,48091.0,406.5066673495125,1.2598425196850394,627,599,8,0,591,525,148373,36,0,0,36,74
2020-07-03,US,Texas,Comanche,41,1,0,31.94854689,-98.55876441,48093.0,300.6967363403007,2.4390243902439024,40,41,1,0,40,31,13534,0,0,0,0,10
2020-07-03,US,Texas,Concho,9,0,0,31.32635934,-99.86473038,48095.0,330.1540719002201,0.0,9,9,0,0,9,9,4276,0,0,0,0,0
2020-07-03,US,Texas,Cooke,60,0,0,33.63979567,-97.21240912,48097.0,145.42986644690598,0.0,60,43,0,0,43,43,40574,17,0,0,17,0
2020-07-03,US,Texas,Coryell,336,2,0,31.39078397,-97.79936155,48099.0,442.39048860449515,0.5952380952380952,334,335,2,0,333,331,74808,1,0,0,1,4
2020-07-03,US,Texas,Cottle,4,1,0,34.07783319,-100.27850620000001,48101.0,286.12303290414883,25.0,3,4,1,0,3,4,1389,0,0,0,0,0
2020-07-03,US,Texas,Crane,58,9,0,31.43052248,-102.5143314,48103.0,1209.0890139670628,15.517241379310345,49,57,9,0,48,57,4794,1,0,0,1,0
2020-07-03,US,Texas,Crockett,13,0,0,30.72367027,-101.4134238,48105.0,375.28868360277136,0.0,13,11,0,0,11,10,3499,2,0,0,2,1
2020-07-03,US,Texas,Crosby,26,1,0,33.61431553,-101.30003640000001,48107.0,453.1985358201151,3.8461538461538463,25,26,1,0,25,25,5779,0,0,0,0,1
2020-07-03,US,Texas,Culberson,3,0,0,31.44506775,-104.5185739,48109.0,138.18516812528787,0.0,3,3,0,0,3,3,2204,0,0,0,0,0
2020-07-03,US,Texas,Dallam,91,1,0,36.27787176,-102.60207249999999,48111.0,1248.7992315081653,1.0989010989010992,90,91,1,0,90,85,7200,0,0,0,0,6
2020-07-03,US,Texas,Dallas,23675,393,0,32.76670599,-96.77796049999999,48113.0,898.3060622663644,1.6599788806758184,23282,22590,387,0,22203,21882,2637772,1085,6,0,1079,708
2020-07-03,US,Texas,Dawson,59,1,0,32.74255572,-101.94772420000001,48115.0,463.54494028912626,1.6949152542372878,58,59,1,0,58,52,12619,0,0,0,0,7
2020-07-03,US,Texas,DeWitt,96,1,0,29.08101855,-97.35681170000001,48123.0,476.19047619047615,1.0416666666666667,95,70,1,0,69,70,20187,26,0,0,26,0
2020-07-03,US,Texas,Deaf Smith,337,17,0,34.96522957,-102.6054267,48117.0,1817.1034185269061,5.044510385756675,320,324,17,0,307,305,18760,13,0,0,13,19
2020-07-03,US,Texas,Delta,7,0,0,33.38570922,-95.66921122,48119.0,131.30744700806602,0.0,7,7,0,0,7,6,5349,0,0,0,0,1
2020-07-03,US,Texas,Denton,3032,37,0,33.20521901,-97.11691153,48121.0,341.7466273372505,1.220316622691293,2995,2951,37,0,2914,2845,859064,81,0,0,81,106
2020-07-03,US,Texas,Dickens,2,0,0,33.61616822,-100.7788855,48125.0,90.45680687471732,0.0,2,2,0,0,2,2,2249,0,0,0,0,0
2020-07-03,US,Texas,Dimmit,13,0,0,28.42270064,-99.75645095,48127.0,128.40774397471355,0.0,13,13,0,0,13,13,10308,0,0,0,0,0
2020-07-03,US,Texas,Donley,27,0,0,34.96517499,-100.8140093,48129.0,823.672971323978,0.0,27,27,0,0,27,27,3319,0,0,0,0,0
2020-07-03,US,Texas,Duval,54,0,0,27.68184592,-98.50864568,48131.0,484.0010755579457,0.0,54,54,0,0,54,50,11212,0,0,0,0,4
2020-07-03,US,Texas,Eastland,11,0,0,32.32743996,-98.83243566,48133.0,59.91285403050109,0.0,11,10,0,0,10,10,18322,1,0,0,1,0
2020-07-03,US,Texas,Ector,718,9,0,31.86898877,-102.54294279999999,48135.0,431.9498505020365,1.2534818941504178,709,670,9,0,661,558,162124,48,0,0,48,112
2020-07-03,US,Texas,Edwards,2,0,0,29.98202582,-100.304252,48137.0,103.51966873706004,0.0,2,2,0,0,2,2,1928,0,0,0,0,0
2020-07-03,US,Texas,El Paso,6665,135,0,31.76980765,-106.23632749999999,48141.0,794.1728091435326,2.0255063765941483,6530,6389,132,0,6257,6124,840758,276,3,0,273,265
2020-07-03,US,Texas,Ellis,978,19,0,32.34894117,-96.79371841,48139.0,529.1463322259855,1.9427402862985683,959,901,19,0,882,862,179436,77,0,0,77,39
2020-07-03,US,Texas,Erath,207,1,0,32.23602653,-98.21773417,48143.0,484.8002248348869,0.4830917874396135,206,166,1,0,165,152,42446,41,0,0,41,14
2020-07-03,US,Texas,Falls,31,0,0,31.25350609,-96.93630086,48145.0,179.22183037520958,0.0,31,31,0,0,31,31,17335,0,0,0,0,0
2020-07-03,US,Texas,Fannin,109,7,0,33.59564294,-96.10751083,48147.0,306.92121416906014,6.422018348623853,102,96,7,0,89,91,35286,13,0,0,13,5
2020-07-03,US,Texas,Fayette,96,2,0,29.87788372,-96.92076062,48149.0,378.75798942633935,2.083333333333333,94,95,2,0,93,90,25349,1,0,0,1,5
2020-07-03,US,Texas,Fisher,10,1,0,32.74281316,-100.40193020000001,48151.0,261.0966057441253,10.0,9,8,1,0,7,5,3839,2,0,0,2,3
2020-07-03,US,Texas,Floyd,34,1,0,34.07227468,-101.3031546,48153.0,595.2380952380953,2.9411764705882355,33,34,1,0,33,31,5837,0,0,0,0,3
2020-07-03,US,Texas,Fort Bend,3999,56,0,29.52704478,-95.77219463,48157.0,492.6769891879638,1.4003500875218804,3943,3868,54,0,3814,3782,787858,131,2,0,129,86
2020-07-03,US,Texas,Franklin,50,0,0,33.17653242,-95.21917243,48159.0,466.20046620046617,0.0,50,47,0,0,47,41,10766,3,0,0,3,6
2020-07-03,US,Texas,Freestone,33,0,0,31.70422788,-96.15072516,48161.0,167.36826089161642,0.0,33,31,0,0,31,29,19808,2,0,0,2,2
2020-07-03,US,Texas,Frio,225,0,0,28.86751206,-99.10804207,48163.0,1108.04688269477,0.0,225,225,0,0,225,218,19816,0,0,0,0,7
2020-07-03,US,Texas,Gaines,26,0,0,32.74055318,-102.6353295,48165.0,120.9752466033873,0.0,26,26,0,0,26,16,20901,0,0,0,0,10
2020-07-03,US,Texas,Galveston,3778,46,0,29.40167322,-94.90469073,48167.0,1104.2295675149574,1.2175754367390152,3732,3565,45,0,3520,3293,337890,213,1,0,212,272
2020-07-03,US,Texas,Garza,12,0,0,33.17969345,-101.2984114,48169.0,192.6472949109006,0.0,12,12,0,0,12,12,6578,0,0,0,0,0
2020-07-03,US,Texas,Gillespie,42,0,0,30.31824095,-98.94676915,48171.0,155.62472209871055,0.0,42,41,0,0,41,42,26804,1,0,0,1,-1
2020-07-03,US,Texas,Glasscock,5,0,0,31.86942909,-101.5207776,48173.0,354.86160397445,0.0,5,5,0,0,5,5,1388,0,0,0,0,0
2020-07-03,US,Texas,Goliad,15,0,0,28.65696592,-97.42760647,48175.0,195.8735962392269,0.0,15,15,0,0,15,14,7584,0,0,0,0,1
2020-07-03,US,Texas,Gonzales,301,4,0,29.45634206,-97.49424032,48177.0,1444.5457599462493,1.32890365448505,297,297,4,0,293,261,20826,4,0,0,4,36
2020-07-03,US,Texas,Gray,119,4,0,35.40081878,-100.8129222,48179.0,543.7265832038746,3.361344537815126,115,117,4,0,113,117,21895,2,0,0,2,0
2020-07-03,US,Texas,Grayson,617,5,0,33.62744998,-96.67753461,48181.0,452.97036971779283,0.8103727714748784,612,594,5,0,589,580,133991,23,0,0,23,14
2020-07-03,US,Texas,Gregg,399,13,0,32.47940482,-94.81591935,48183.0,321.91697930533707,3.2581453634085213,386,389,13,0,376,375,123707,10,0,0,10,14
2020-07-03,US,Texas,Grimes,551,2,0,30.54579585,-95.98902499,48185.0,1907.8947368421047,0.3629764065335753,549,545,2,0,543,539,28360,6,0,0,6,6
2020-07-03,US,Texas,Guadalupe,768,2,0,29.58165339,-97.94786822,48187.0,460.30195328654406,0.2604166666666667,766,737,2,0,735,705,163694,31,0,0,31,32
2020-07-03,US,Texas,Hale,427,7,0,34.07044901,-101.82681140000001,48189.0,1278.2134945818116,1.639344262295082,420,369,7,0,362,300,33830,58,0,0,58,69
2020-07-03,US,Texas,Hall,2,1,0,34.5307555,-100.68138520000001,48191.0,67.47638326585695,50.0,1,2,1,0,1,2,3028,0,0,0,0,0
2020-07-03,US,Texas,Hamilton,21,1,0,31.70470573,-98.11083887,48193.0,248.1976125753457,4.761904761904762,20,24,1,0,23,24,8484,-3,0,0,-3,0
2020-07-03,US,Texas,Hansford,31,2,0,36.27743284,-101.3545796,48195.0,574.1804037784775,6.451612903225807,29,31,2,0,29,28,5463,0,0,0,0,3
2020-07-03,US,Texas,Hardeman,5,0,0,34.28944521,-99.74632408,48197.0,127.12941774726671,0.0,5,5,0,0,5,5,3922,0,0,0,0,0
2020-07-03,US,Texas,Hardin,260,5,0,30.33364686,-94.38931817,48199.0,451.37321620777055,1.9230769230769231,255,257,5,0,252,254,57207,3,0,0,3,3
2020-07-03,US,Texas,Harris,34108,387,0,29.86,-95.39,48201.0,723.6505015037155,1.1346311715726516,33721,34108,387,0,33721,32859,4698619,0,0,0,0,1249
2020-07-03,US,Texas,Harrison,327,30,0,32.54935988,-94.36934071,48203.0,491.33773083106695,9.174311926605503,297,325,30,0,295,314,66726,2,0,0,2,11
2020-07-03,US,Texas,Hartley,36,2,0,35.84008013,-102.6029022,48205.0,645.6241032998565,5.5555555555555545,34,31,2,0,29,28,5619,5,0,0,5,3
2020-07-03,US,Texas,Haskell,5,0,0,33.17823584,-99.73037358,48207.0,88.37044892188051,0.0,5,5,0,0,5,5,5813,0,0,0,0,0
2020-07-03,US,Texas,Hays,3050,7,0,30.05669873,-98.02944344,48209.0,1324.9866415281226,0.2295081967213115,3043,3050,7,0,3043,2819,222631,0,0,0,0,231
2020-07-03,US,Texas,Hemphill,14,0,0,35.83764858,-100.2703577,48211.0,366.58811207122284,0.0,14,10,0,0,10,8,3825,4,0,0,4,2
2020-07-03,US,Texas,Henderson,159,4,0,32.21128872,-95.85846587,48213.0,192.1752057725081,2.5157232704402515,155,143,4,0,139,137,82299,16,0,0,16,6
2020-07-03,US,Texas,Hidalgo,4520,57,0,26.39418217,-98.18299696,48215.0,520.3135234319511,1.2610619469026552,4463,4252,49,0,4203,3982,865939,268,8,0,260,270
2020-07-03,US,Texas,Hill,75,1,0,31.99045053,-97.13423143,48217.0,204.6440557723267,1.3333333333333333,74,74,1,0,73,70,36354,1,0,0,1,4
2020-07-03,US,Texas,Hockley,60,1,0,33.60771256,-102.3431676,48219.0,260.63159723730513,1.6666666666666667,59,56,1,0,55,50,22980,4,0,0,4,6
2020-07-03,US,Texas,Hood,92,4,0,32.42990927,-97.83242024,48221.0,149.24646756322696,4.3478260869565215,88,83,4,0,79,67,60537,9,0,0,9,16
2020-07-03,US,Texas,Hopkins,70,1,0,33.14875072,-95.56351139,48223.0,188.76065149390573,1.4285714285714286,69,69,1,0,68,63,36810,1,0,0,1,6
2020-07-03,US,Texas,Houston,165,0,0,31.31925973,-95.42226208,48225.0,718.3908045977013,0.0,165,165,0,0,165,162,23169,0,0,0,0,3
2020-07-03,US,Texas,Howard,42,1,0,32.30621324,-101.4356444,48227.0,114.55378572987128,2.380952380952381,41,43,1,0,42,40,36459,-1,0,0,-1,3
2020-07-03,US,Texas,Hudspeth,16,0,0,31.45628381,-105.388178,48229.0,327.46623004502663,0.0,16,16,0,0,16,15,4795,0,0,0,0,1
2020-07-03,US,Texas,Hunt,505,8,0,33.12351514,-96.08551032,48231.0,512.20155384709,1.5841584158415842,497,480,8,0,472,452,96493,25,0,0,25,28
2020-07-03,US,Texas,Hutchinson,68,0,0,35.84006574,-101.3546643,48233.0,324.76836374056734,0.0,68,68,0,0,68,65,21198,0,0,0,0,3
2020-07-03,US,Texas,Irion,2,0,0,31.30375559,-100.982439,48235.0,130.20833333333334,0.0,2,2,0,0,2,2,1522,0,0,0,0,0
2020-07-03,US,Texas,Jack,11,0,0,33.23377248,-98.17283469,48237.0,123.11135982092891,0.0,11,11,0,0,11,11,8843,0,0,0,0,0
2020-07-03,US,Texas,Jackson,47,1,0,28.95472367,-96.57749563,48239.0,318.4281842818428,2.127659574468085,46,47,1,0,46,47,14874,0,0,0,0,0
2020-07-03,US,Texas,Jasper,60,1,0,30.74685667,-94.02667579,48241.0,168.87612935911508,1.6666666666666667,59,52,1,0,51,52,35872,8,0,0,8,0
2020-07-03,US,Texas,Jeff Davis,4,0,0,30.71490589,-104.1399973,48243.0,175.9014951627089,0.0,4,4,0,0,4,4,2252,0,0,0,0,0
2020-07-03,US,Texas,Jefferson,2240,34,0,29.8832777,-94.16434171,48245.0,890.4259336553176,1.5178571428571428,2206,1947,34,0,1913,1875,255001,293,0,0,293,72
2020-07-03,US,Texas,Jim Hogg,16,0,0,27.04453923,-98.69681870000001,48247.0,307.6923076923077,0.0,16,16,0,0,16,15,5248,0,0,0,0,1
2020-07-03,US,Texas,Jim Wells,176,0,0,27.73103938,-98.0904705,48249.0,434.76112840274686,0.0,176,166,0,0,166,147,40822,10,0,0,10,19
2020-07-03,US,Texas,Johnson,526,4,0,32.37877812,-97.36615819,48251.0,299.1747100678546,0.7604562737642585,522,478,4,0,474,448,171361,48,0,0,48,30
2020-07-03,US,Texas,Jones,610,0,0,32.73997145,-99.87861576,48253.0,3037.394811532142,0.0,610,610,0,0,610,613,19817,0,0,0,0,-3
2020-07-03,US,Texas,Karnes,52,0,0,28.90705334,-97.85960149,48255.0,333.31196718159094,0.0,52,51,0,0,51,48,15650,1,0,0,1,3
2020-07-03,US,Texas,Kaufman,724,5,0,32.599141700000004,-96.28734728,48257.0,531.7508115810039,0.6906077348066298,719,676,4,0,672,627,128622,48,1,0,47,49
2020-07-03,US,Texas,Kendall,70,0,0,29.94414155,-98.7113588,48259.0,147.58280449495055,0.0,70,68,0,0,68,67,45641,2,0,0,2,1
2020-07-03,US,Texas,Kenedy,1,0,0,26.92601662,-97.66413984,48261.0,247.52475247524762,0.0,1,,,,,,442,,,,,
2020-07-03,US,Texas,Kerr,109,1,0,30.06040006,-99.34930144,48265.0,207.22433460076041,0.9174311926605504,108,94,1,0,93,90,52405,15,0,0,15,4
2020-07-03,US,Texas,Kimble,6,0,0,30.48678918,-99.74856473,48267.0,138.3444777495965,0.0,6,5,0,0,5,5,4362,1,0,0,1,0
2020-07-03,US,Texas,Kinney,2,0,0,29.34967888,-100.41866379999999,48271.0,54.5404963185165,0.0,2,2,0,0,2,2,3767,0,0,0,0,0
2020-07-03,US,Texas,Kleberg,79,1,0,27.42435506,-97.69894948,48273.0,257.496740547588,1.2658227848101269,78,77,1,0,76,71,31129,2,0,0,2,6
2020-07-03,US,Texas,Knox,3,0,0,33.60519951,-99.74229059999999,48275.0,81.87772925764193,0.0,3,3,0,0,3,3,3653,0,0,0,0,0
2020-07-03,US,Texas,La Salle,21,0,0,28.34453111,-99.09908775,48283.0,279.25531914893617,0.0,21,19,0,0,19,14,7531,2,0,0,2,5
2020-07-03,US,Texas,Lamar,316,13,0,33.66981763,-95.57404777,48277.0,633.7872801299665,4.113924050632911,303,296,13,0,283,296,49728,20,0,0,20,0
2020-07-03,US,Texas,Lamb,50,0,0,34.06859623,-102.35162890000001,48279.0,387.807337314822,0.0,50,44,0,0,44,41,13158,6,0,0,6,3
2020-07-03,US,Texas,Lampasas,20,0,0,31.19531316,-98.24206613,48281.0,93.33582228859436,0.0,20,20,0,0,20,20,21229,0,0,0,0,0
2020-07-03,US,Texas,Lavaca,175,1,0,29.38508402,-96.93186692,48285.0,868.3139823360127,0.5714285714285714,174,150,1,0,149,134,20110,25,0,0,25,16
2020-07-03,US,Texas,Lee,63,3,0,30.31120597,-96.97045773,48287.0,365.450432159638,4.761904761904762,60,62,3,0,59,60,17144,1,0,0,1,2
2020-07-03,US,Texas,Leon,33,0,0,31.29872538,-95.9936328,48289.0,189.61158354401286,0.0,33,31,0,0,31,31,17270,2,0,0,2,0
2020-07-03,US,Texas,Liberty,376,3,0,30.15152688,-94.81205615,48291.0,426.212040490144,0.7978723404255319,373,361,3,0,358,331,86323,15,0,0,15,30
2020-07-03,US,Texas,Limestone,60,1,0,31.5454767,-96.58095444,48293.0,256.00546144984435,1.6666666666666667,59,56,1,0,55,52,23519,4,0,0,4,4
2020-07-03,US,Texas,Lipscomb,11,0,0,36.27783108,-100.27331509999999,48295.0,340.24126198577176,0.0,11,11,0,0,11,11,3355,0,0,0,0,0
2020-07-03,US,Texas,Live Oak,31,0,0,28.35101362,-98.1246786,48297.0,253.9526501187843,0.0,31,31,0,0,31,31,12166,0,0,0,0,0
2020-07-03,US,Texas,Llano,11,0,0,30.70645047,-98.68475262,48299.0,50.47029135122735,0.0,11,10,0,0,10,11,21646,1,0,0,1,-1
2020-07-03,US,Texas,Lubbock,2620,52,0,33.61008596,-101.82047890000001,48303.0,843.6128525384053,1.984732824427481,2568,2457,52,0,2405,2273,307412,163,0,0,163,184
2020-07-03,US,Texas,Lynn,38,1,0,33.17657705,-101.8162849,48305.0,638.5481431692152,2.631578947368421,37,38,1,0,37,33,5877,0,0,0,0,5
2020-07-03,US,Texas,Madison,38,0,0,30.96694679,-95.93003775,48313.0,266.0319238308597,0.0,38,36,0,0,36,33,14422,2,0,0,2,3
2020-07-03,US,Texas,Marion,28,1,0,32.79868409,-94.35661230000001,48315.0,284.1485691089913,3.571428571428572,27,28,1,0,27,28,9928,0,0,0,0,0
2020-07-03,US,Texas,Martin,17,1,0,32.30600051,-101.9513518,48317.0,294.5763299254895,5.882352941176472,16,17,1,0,16,17,5753,0,0,0,0,0
2020-07-03,US,Texas,Mason,34,0,0,30.71780434,-99.22629416,48319.0,795.5077211043518,0.0,34,34,0,0,34,34,4280,0,0,0,0,0
2020-07-03,US,Texas,Matagorda,261,5,0,28.81955746,-96.01230294,48321.0,712.2779248423982,1.9157088122605364,256,240,5,0,235,213,36552,21,0,0,21,27
2020-07-03,US,Texas,Maverick,455,5,0,28.7429195,-100.3157686,48323.0,774.8373692994107,1.0989010989010992,450,434,3,0,431,434,58485,21,2,0,19,0
2020-07-03,US,Texas,McCulloch,17,0,0,31.1925468,-99.34682807,48307.0,212.92585170340683,0.0,17,17,0,0,17,13,7987,0,0,0,0,4
2020-07-03,US,Texas,McLennan,1292,9,0,31.55255453,-97.20217694,48309.0,503.46227734848395,0.6965944272445821,1283,1068,9,0,1059,957,254607,224,0,0,224,111
2020-07-03,US,Texas,Medina,293,2,0,29.355730100000002,-99.11030298,48325.0,568.0055831265507,0.6825938566552902,291,282,2,0,280,278,50921,11,0,0,11,4
2020-07-03,US,Texas,Menard,8,0,0,30.88990665,-99.82047940000001,48327.0,374.1814780168381,0.0,8,6,0,0,6,6,2139,2,0,0,2,0
2020-07-03,US,Texas,Midland,772,15,0,31.86904128,-102.03156820000001,48329.0,436.57256605139344,1.9430051813471505,757,734,15,0,719,701,172578,38,0,0,38,33
2020-07-03,US,Texas,Milam,92,1,0,30.78581830000001,-96.97718698,48331.0,370.6240180477783,1.0869565217391304,91,90,1,0,89,88,25131,2,0,0,2,2
2020-07-03,US,Texas,Mills,1,0,0,31.49557106,-98.59272068,48333.0,20.521239482864765,0.0,1,1,0,0,1,1,4921,0,0,0,0,0
2020-07-03,US,Texas,Mitchell,10,0,0,32.30623474,-100.9212058,48335.0,117.02750146284376,0.0,10,9,0,0,9,9,8145,1,0,0,1,0
2020-07-03,US,Texas,Montague,21,1,0,33.67521893,-97.72500958,48337.0,105.9642749016046,4.761904761904762,20,18,1,0,17,18,19596,3,0,0,3,0
2020-07-03,US,Texas,Montgomery,2353,37,0,30.30079133,-95.50572772,48339.0,387.3946107202774,1.572460688482788,2316,2353,37,0,2316,2257,590925,0,0,0,0,96
2020-07-03,US,Texas,Moore,897,15,0,35.83769242,-101.8930281,48341.0,4283.667621776504,1.6722408026755853,882,896,15,0,881,893,21485,1,0,0,1,3
2020-07-03,US,Texas,Morris,41,0,0,33.11304005,-94.73255695,48343.0,330.96545043590567,0.0,41,40,0,0,40,39,12339,1,0,0,1,1
2020-07-03,US,Texas,Motley,1,0,0,34.07408766,-100.77972199999999,48345.0,83.33333333333333,0.0,1,1,0,0,1,1,1234,0,0,0,0,0
2020-07-03,US,Texas,Nacogdoches,425,26,0,31.62017125,-94.61803994,48347.0,651.8005030366236,6.117647058823528,399,416,26,0,390,407,65711,9,0,0,9,9
2020-07-03,US,Texas,Navarro,262,6,0,32.04620681,-96.47428766,48349.0,522.8184303474147,2.2900763358778624,256,247,6,0,241,241,49565,15,0,0,15,6
2020-07-03,US,Texas,Newton,12,0,0,30.78548982,-93.74408813,48351.0,88.26774549466715,0.0,12,12,0,0,12,12,13746,0,0,0,0,0
2020-07-03,US,Texas,Nolan,42,0,0,32.30365282,-100.4060208,48353.0,285.44243577545194,0.0,42,42,0,0,42,36,14751,0,0,0,0,6
2020-07-03,US,Texas,Nueces,3272,10,0,27.736286,-97.5433285,48355.0,903.1339188614772,0.3056234718826406,3262,3018,9,0,3009,2756,362265,254,1,0,253,262
2020-07-03,US,Texas,Ochiltree,53,2,0,36.27829105,-100.8158184,48357.0,538.8369255795038,3.7735849056603774,51,53,2,0,51,53,9947,0,0,0,0,0
2020-07-03,US,Texas,Oldham,4,1,0,35.40425596,-102.6027606,48359.0,189.3939393939394,25.0,3,4,1,0,3,4,2131,0,0,0,0,0
2020-07-03,US,Texas,Orange,303,5,0,30.11879481,-93.89412775,48361.0,363.32677826274636,1.6501650165016502,298,273,3,0,270,272,83572,30,2,0,28,1
2020-07-03,US,Texas,Palo Pinto,34,2,0,32.75310985,-98.31319001,48363.0,116.48223645894,5.882352941176472,32,25,2,0,23,21,28875,9,0,0,9,4
2020-07-03,US,Texas,Panola,213,24,0,32.163959600000005,-94.30552481,48365.0,918.3409502457532,11.267605633802814,189,212,24,0,188,209,23148,1,0,0,1,3
2020-07-03,US,Texas,Parker,333,1,0,32.77757172,-97.80500621,48367.0,233.06597236803432,0.3003003003003003,332,304,1,0,303,291,138371,29,0,0,29,13
2020-07-03,US,Texas,Parmer,213,8,0,34.52993409,-102.78446679999999,48369.0,2217.595002602811,3.755868544600939,205,205,8,0,197,199,9864,8,0,0,8,6
2020-07-03,US,Texas,Pecos,131,0,0,30.78097267,-102.72412609999999,48371.0,827.9087404411299,0.0,131,130,0,0,130,127,15673,1,0,0,1,3
2020-07-03,US,Texas,Polk,170,0,0,30.79472531,-94.82766240000001,48373.0,331.04200338831225,0.0,170,155,0,0,155,121,50031,15,0,0,15,34
2020-07-03,US,Texas,Potter,2937,39,0,35.40133773,-101.893964,48375.0,2501.3839799003536,1.3278855975485189,2898,2913,39,0,2874,2885,119648,24,0,0,24,28
2020-07-03,US,Texas,Presidio,19,0,0,29.99954402,-104.24080790000001,48377.0,283.4128878281623,0.0,19,19,0,0,19,19,6948,0,0,0,0,0
2020-07-03,US,Texas,Rains,13,0,0,32.87109387,-95.79232691,48379.0,103.88365031165094,0.0,13,13,0,0,13,12,12159,0,0,0,0,1
2020-07-03,US,Texas,Randall,918,7,0,34.96585996,-101.8971322,48381.0,666.603733852287,0.7625272331154684,911,899,7,0,892,863,136271,19,0,0,19,36
2020-07-03,US,Texas,Reagan,10,0,0,31.36607041,-101.52326590000001,48383.0,259.80774227071964,0.0,10,9,0,0,9,6,3741,1,0,0,1,3
2020-07-03,US,Texas,Real,2,0,0,29.83321503,-99.82018052,48385.0,57.93742757821554,0.0,2,1,0,0,1,1,3478,1,0,0,1,0
2020-07-03,US,Texas,Red River,115,12,0,33.61886692,-95.04841765,48387.0,956.5000415869583,10.434782608695652,103,112,12,0,100,112,12175,3,0,0,3,0
2020-07-03,US,Texas,Reeves,47,0,0,31.32323325,-103.69038959999999,48389.0,294.1912869303956,0.0,47,39,0,0,39,31,15695,8,0,0,8,8
2020-07-03,US,Texas,Refugio,18,0,0,28.323897600000002,-97.15766311,48391.0,259.06735751295344,0.0,18,14,0,0,14,13,7032,4,0,0,4,1
2020-07-03,US,Texas,Roberts,4,0,0,35.83809685,-100.813175,48393.0,468.384074941452,0.0,4,3,0,0,3,3,903,1,0,0,1,0
2020-07-03,US,Texas,Robertson,54,0,0,31.02539637,-96.51272246,48395.0,316.27035258287447,0.0,54,53,0,0,53,52,17284,1,0,0,1,1
2020-07-03,US,Texas,Rockwall,377,16,0,32.89779518,-96.40771592,48397.0,359.33851212886617,4.244031830238727,361,375,16,0,359,375,100657,2,0,0,2,0
2020-07-03,US,Texas,Runnels,17,0,0,31.8314342,-99.97616148,48399.0,165.62743569758382,0.0,17,11,0,0,11,8,10234,6,0,0,6,3
2020-07-03,US,Texas,Rusk,281,3,0,32.10773545,-94.76176432,48401.0,516.4871521523362,1.0676156583629892,278,279,3,0,276,277,54450,2,0,0,2,2
2020-07-03,US,Texas,Sabine,26,1,0,31.34318809,-93.85440451,48403.0,246.6325175488522,3.8461538461538463,25,25,1,0,24,24,10589,1,0,0,1,1
2020-07-03,US,Texas,San Augustine,114,7,0,31.39457611,-94.17000399,48405.0,1383.9990287726114,6.140350877192982,107,110,7,0,103,105,8232,4,0,0,4,5
2020-07-03,US,Texas,San Jacinto,57,0,0,30.57933681,-95.16260304,48407.0,197.5120413042725,0.0,57,36,0,0,36,35,28719,21,0,0,21,1
2020-07-03,US,Texas,San Patricio,187,0,0,28.00880118,-97.51763891,48409.0,280.23377791098454,0.0,187,177,0,0,177,161,66893,10,0,0,10,16
2020-07-03,US,Texas,San Saba,5,0,0,31.1577796,-98.81758731,48411.0,82.57638315441784,0.0,5,4,0,0,4,4,6054,1,0,0,1,0
2020-07-03,US,Texas,Schleicher,21,0,0,30.89740592,-100.5384842,48413.0,751.8796992481202,0.0,21,21,0,0,21,20,2895,0,0,0,0,1
2020-07-03,US,Texas,Scurry,45,0,0,32.74613808,-100.91626640000001,48415.0,269.41268035682214,0.0,45,42,0,0,42,36,16866,3,0,0,3,6
2020-07-03,US,Texas,Shackelford,5,0,0,32.73587756,-99.35401337,48417.0,153.13935681470142,0.0,5,3,0,0,3,1,3253,2,0,0,2,2
2020-07-03,US,Texas,Shelby,281,9,0,31.79211404,-94.14550696,48419.0,1111.8145129381974,3.2028469750889683,272,281,9,0,272,278,25418,0,0,0,0,3
2020-07-03,US,Texas,Sherman,30,0,0,36.27751473,-101.8933156,48421.0,992.7200529450696,0.0,30,30,0,0,30,30,3079,0,0,0,0,0
2020-07-03,US,Texas,Smith,699,4,0,32.37474036,-95.27175679999999,48423.0,300.32094384127237,0.5722460658082976,695,654,4,0,650,618,230221,45,0,0,45,36
2020-07-03,US,Texas,Somervell,9,0,0,32.22236802,-97.77403489,48425.0,98.5977212971078,0.0,9,9,0,0,9,8,9016,0,0,0,0,1
2020-07-03,US,Texas,Starr,823,3,0,26.56150059,-98.73892358,48427.0,1273.3433385422306,0.3645200486026732,820,742,4,0,738,721,64525,81,-1,0,82,21
2020-07-03,US,Texas,Stephens,8,0,0,32.73553157,-98.83631615,48429.0,85.41533205210335,0.0,8,8,0,0,8,8,9433,0,0,0,0,0
2020-07-03,US,Texas,Sutton,11,0,0,30.49856623,-100.5382014,48435.0,291.3135593220339,0.0,11,6,0,0,6,5,3758,5,0,0,5,1
2020-07-03,US,Texas,Swisher,37,1,0,34.53028891,-101.73491740000001,48437.0,500.2027849128025,2.702702702702702,36,35,1,0,34,35,7462,2,0,0,2,0
2020-07-03,US,Texas,Tarrant,13423,233,0,32.77143818,-97.29101614,48439.0,638.4258851898798,1.7358265663413543,13190,12950,231,0,12719,12950,2084931,473,2,0,471,0
2020-07-03,US,Texas,Taylor,446,6,0,32.30163422,-99.89007449,48441.0,323.10879928133653,1.345291479820628,440,423,5,0,418,423,137640,23,1,0,22,0
2020-07-03,US,Texas,Terrell,2,0,0,30.22429013,-102.0766732,48443.0,257.73195876288656,0.0,2,2,0,0,2,3,823,0,0,0,0,-1
2020-07-03,US,Texas,Terry,21,0,0,33.17402785,-102.3354521,48445.0,170.21966442409013,0.0,21,21,0,0,21,17,12287,0,0,0,0,4
2020-07-03,US,Texas,Throckmorton,1,0,0,33.17751417,-99.21226795,48447.0,66.62225183211193,0.0,1,1,0,0,1,1,1515,0,0,0,0,0
2020-07-03,US,Texas,Titus,845,5,0,33.21339719,-94.96797273,48449.0,2580.152671755725,0.591715976331361,840,828,5,0,823,799,33033,17,0,0,17,29
2020-07-03,US,Texas,Tom Green,504,3,0,31.40464436,-100.46244300000001,48451.0,422.8187919463088,0.5952380952380952,501,463,2,0,461,423,118189,41,1,0,40,40
2020-07-03,US,Texas,Travis,10695,133,0,30.33432034,-97.78535620000001,48453.0,839.5122586843794,1.2435717625058438,10562,10124,128,0,9996,9527,1248743,571,5,0,566,597
2020-07-03,US,Texas,Trinity,42,0,0,31.0879489,-95.1367187,48455.0,286.66985188724317,0.0,42,39,0,0,39,36,14740,3,0,0,3,3
2020-07-03,US,Texas,Tyler,27,0,0,30.77031716,-94.37690895,48457.0,124.58471760797342,0.0,27,25,0,0,25,25,21696,2,0,0,2,0
2020-07-03,US,Texas,Upshur,65,0,0,32.73706798,-94.93999853,48459.0,155.6774363518789,0.0,65,62,0,0,62,58,41260,3,0,0,3,4
2020-07-03,US,Texas,Upton,6,0,0,31.36868194,-102.0423217,48461.0,164.06890894175552,0.0,6,4,0,0,4,3,3671,2,0,0,2,1
2020-07-03,US,Texas,Uvalde,97,1,0,29.35739637,-99.76229172,48463.0,362.7388654126622,1.0309278350515465,96,97,1,0,96,85,26846,0,0,0,0,12
2020-07-03,US,Texas,Val Verde,256,0,0,29.89149232,-101.1525205,48465.0,522.182559918409,0.0,256,256,0,0,256,256,49208,0,0,0,0,0
2020-07-03,US,Texas,Van Zandt,101,3,0,32.56483801,-95.83766469,48467.0,178.47676267891853,2.9702970297029703,98,98,3,0,95,91,56019,3,0,0,3,7
2020-07-03,US,Texas,Victoria,793,8,0,28.79780988,-96.96813006,48469.0,861.1702358715953,1.008827238335435,785,793,8,0,785,697,92035,0,0,0,0,96
2020-07-03,US,Texas,Walker,2080,28,0,30.73872995,-95.57440968,48471.0,2850.447438023324,1.3461538461538465,2052,2048,28,0,2020,2028,72480,32,0,0,32,20
2020-07-03,US,Texas,Waller,165,0,0,30.01058447,-95.99011759,48473.0,298.66415668102667,0.0,165,160,0,0,160,156,53126,5,0,0,5,4
2020-07-03,US,Texas,Ward,21,0,0,31.50999644,-103.09279090000001,48475.0,175.0291715285881,0.0,21,20,0,0,20,20,11720,1,0,0,1,0
2020-07-03,US,Texas,Washington,282,31,0,30.21498498,-96.40946246,48477.0,785.9093696003567,10.99290780141844,251,275,31,0,244,275,35108,7,0,0,7,0
2020-07-03,US,Texas,Webb,1703,27,0,27.7610369,-99.33237355,48479.0,615.5748015557451,1.5854374633000587,1676,1604,26,0,1578,1538,275910,99,1,0,98,66
2020-07-03,US,Texas,Wharton,226,1,0,29.27765923,-96.22319248,48481.0,543.8444508614881,0.4424778761061947,225,215,1,0,214,203,41619,11,0,0,11,12
2020-07-03,US,Texas,Wheeler,19,0,0,35.40114335,-100.26995140000001,48483.0,375.7911392405063,0.0,19,18,0,0,18,16,5191,1,0,0,1,2
2020-07-03,US,Texas,Wichita,420,2,0,33.98842886,-98.70410340000001,48485.0,317.62837480148227,0.4761904761904762,418,397,2,0,395,363,132064,23,0,0,23,34
2020-07-03,US,Texas,Wilbarger,11,0,0,34.07945812,-99.24178437,48487.0,86.14613517111755,0.0,11,10,0,0,10,10,12820,1,0,0,1,0
2020-07-03,US,Texas,Willacy,207,3,0,26.47411727,-97.61535848,48489.0,969.1918718981177,1.4492753623188406,204,168,3,0,165,156,21515,39,0,0,39,12
2020-07-03,US,Texas,Williamson,2469,42,0,30.64655664,-97.60048540000001,48491.0,418.084128212466,1.7010935601458081,2427,2388,39,0,2349,2339,566719,81,3,0,78,49
2020-07-03,US,Texas,Wilson,113,5,0,29.1732598,-98.08693082,48493.0,221.26493048756612,4.424778761061948,108,111,5,0,106,101,50224,2,0,0,2,10
2020-07-03,US,Texas,Winkler,26,0,0,31.85008651,-103.04851629999999,48495.0,324.5942571785268,0.0,26,26,0,0,26,24,7720,0,0,0,0,2
2020-07-03,US,Texas,Wise,125,5,0,33.21570665,-97.65460265,48497.0,178.61225422953817,4.0,120,116,5,0,111,107,68305,9,0,0,9,9
2020-07-03,US,Texas,Wood,94,5,0,32.78722382,-95.38236368,48499.0,206.416478183535,5.319148936170213,89,92,5,0,87,92,45129,2,0,0,2,0
2020-07-03,US,Texas,Yoakum,30,0,0,33.17320212,-102.82764329999999,48501.0,344.3130953747274,0.0,30,30,0,0,30,24,8591,0,0,0,0,6
2020-07-03,US,Texas,Young,33,1,0,33.17659707,-98.68790885,48503.0,183.2315380344253,3.0303030303030303,32,30,1,0,29,25,18045,3,0,0,3,5
2020-07-03,US,Texas,Zapata,55,0,0,27.00156391,-99.16987152,48505.0,387.8975950349108,0.0,55,55,0,0,55,52,14190,0,0,0,0,3
2020-07-03,US,Texas,Zavala,23,0,0,28.86617238,-99.76050829,48507.0,194.25675675675674,0.0,23,23,0,0,23,21,11983,0,0,0,0,2
2020-07-03,US,Utah,Bear River,1568,3,0,41.52106798,-113.08328159999999,0.0,839.3195516491987,0.1913265306122449,1565,1556,3,0,1553,1538,,12,0,0,12,18
2020-07-03,US,Utah,Central Utah,194,0,0,39.37231946,-111.5758676,0.0,236.71815896722552,0.0,194,180,0,0,180,173,,14,0,0,14,7
2020-07-03,US,Utah,Davis,1322,5,0,40.99001837,-112.1139997,49011.0,371.89048078518965,0.37821482602118,1317,1268,5,0,1263,1218,351713,54,0,0,54,50
2020-07-03,US,Utah,Salt Lake,12050,112,0,40.66616532,-111.92160109999999,49035.0,1038.4019123830074,0.9294605809128632,11938,11728,110,0,11618,11437,1152633,322,2,0,320,291
2020-07-03,US,Utah,San Juan,403,9,0,37.62762978,-109.80337140000002,49037.0,2632.610399790959,2.2332506203473947,394,404,9,0,395,402,15449,-1,0,0,-1,2
2020-07-03,US,Utah,Southeast Utah,40,0,0,38.99617072,-110.70139579999999,0.0,99.43075890526735,0.0,40,39,0,0,39,37,,1,0,0,1,2
2020-07-03,US,Utah,Southwest Utah,1625,12,0,37.85447192,-111.4418764,0.0,644.7338142055688,0.7384615384615385,1613,1584,11,0,1573,1553,,41,1,0,40,31
2020-07-03,US,Utah,Summit,508,1,0,40.86688146,-110.9535882,49043.0,1205.3624391980068,0.1968503937007874,507,498,0,0,498,493,41933,10,1,0,9,5
2020-07-03,US,Utah,Tooele,255,0,0,40.44862644,-113.12957150000001,49045.0,352.8972169556733,0.0,255,256,0,0,256,247,69907,-1,0,0,-1,9
2020-07-03,US,Utah,TriCounty,53,0,0,40.12491499,-109.5174415,0.0,93.60319310515348,0.0,53,52,0,0,52,50,,1,0,0,1,2
2020-07-03,US,Utah,Utah,4340,22,0,40.116672200000004,-111.66576620000001,49049.0,682.1378893019089,0.5069124423963134,4318,4249,22,0,4227,4154,622213,91,0,0,91,95
2020-07-03,US,Utah,Wasatch,418,3,0,40.33110236,-111.1691419,49051.0,1226.1300636531635,0.7177033492822966,415,414,3,0,411,410,33240,4,0,0,4,4
2020-07-03,US,Utah,Weber-Morgan,1090,14,0,41.27116049,-111.9145117,0.0,400.2394092613197,1.2844036697247707,1076,1042,13,0,1029,1004,,48,1,0,47,38
2020-07-03,US,Vermont,Addison,68,2,0,44.03217337,-73.14130877,50001.0,184.89817005193456,2.9411764705882355,66,68,2,0,66,68,36973,0,0,0,0,0
2020-07-03,US,Vermont,Bennington,73,1,0,43.03519828,-73.09048868,50003.0,205.8077248378912,1.3698630136986298,72,72,1,0,71,72,35631,1,0,0,1,0
2020-07-03,US,Vermont,Caledonia,20,0,0,44.46548598,-72.10314651,50005.0,66.68222585269896,0.0,20,20,0,0,20,19,30302,0,0,0,0,1
2020-07-03,US,Vermont,Chittenden,622,39,0,44.46322849,-73.08359212,50007.0,379.7916641225103,6.270096463022507,583,617,39,0,578,608,164572,5,0,0,5,9
2020-07-03,US,Vermont,Essex,3,0,0,44.72736416,-71.73579864,50009.0,48.67759208177836,0.0,3,3,0,0,3,3,6250,0,0,0,0,0
2020-07-03,US,Vermont,Franklin,110,6,0,44.85627605,-72.91249563,50011.0,222.66305007894417,5.454545454545454,104,108,6,0,102,105,49421,2,0,0,2,3
2020-07-03,US,Vermont,Grand Isle,10,0,0,44.797582399999996,-73.29679772,50013.0,138.217000691085,0.0,10,10,0,0,10,10,7090,0,0,0,0,0
2020-07-03,US,Vermont,Lamoille,31,1,0,44.60353043,-72.64356694,50015.0,122.23010803564388,3.2258064516129035,30,31,1,0,30,30,25300,0,0,0,0,1
2020-07-03,US,Vermont,Orange,9,0,0,44.00470222,-72.37640104,50017.0,31.150491485532328,0.0,9,9,0,0,9,9,28999,0,0,0,0,0
2020-07-03,US,Vermont,Orleans,14,0,0,44.82964024,-72.24562697,50019.0,51.78089285053815,0.0,14,14,0,0,14,14,26907,0,0,0,0,0
2020-07-03,US,Vermont,Rutland,74,1,0,43.57723578,-73.03741676,50021.0,127.16743138973379,1.351351351351351,73,73,1,0,72,73,58672,1,0,0,1,0
2020-07-03,US,Vermont,Unassigned,5,0,0,0.0,0.0,90050.0,0.0,0.0,5,5,0,0,5,6,,0,0,0,0,-1
2020-07-03,US,Vermont,Washington,41,1,0,44.27343241,-72.61604978,50023.0,70.19466178157475,2.4390243902439024,40,41,1,0,40,41,58140,0,0,0,0,0
2020-07-03,US,Vermont,Windham,97,3,0,42.986982,-72.71268875,50025.0,229.7380512529013,3.0927835051546397,94,97,3,0,94,94,42756,0,0,0,0,3
2020-07-03,US,Vermont,Windsor,59,2,0,43.58010937,-72.58595157,50027.0,107.15193781555338,3.3898305084745757,57,59,2,0,57,58,55286,0,0,0,0,1
2020-07-03,US,Virginia,Accomack,1042,14,0,37.76707161,-75.63234615,51001.0,3224.4089615051366,1.343570057581574,1028,1042,14,0,1028,1043,32412,0,0,0,0,-1
2020-07-03,US,Virginia,Albemarle,420,9,0,38.02080697,-78.55481085,51003.0,384.1580535991951,2.142857142857143,411,412,9,0,403,407,108718,8,0,0,8,5
2020-07-03,US,Virginia,Alexandria,2338,57,0,38.814003,-77.08183073,51510.0,1466.4927114434101,2.43798118049615,2281,2327,57,0,2270,2325,160530,11,0,0,11,2
2020-07-03,US,Virginia,Alleghany,34,2,0,37.78636074,-80.00222498,51005.0,228.80215343203238,5.882352941176472,32,33,2,0,31,33,14910,1,0,0,1,0
2020-07-03,US,Virginia,Amelia,45,1,0,37.34081025,-77.98584649,51007.0,342.33548877900336,2.2222222222222223,44,44,1,0,43,44,13013,1,0,0,1,0
2020-07-03,US,Virginia,Amherst,37,0,0,37.60308293,-79.14548696,51009.0,117.07008384749248,0.0,37,36,0,0,36,36,31666,1,0,0,1,0
2020-07-03,US,Virginia,Appomattox,43,0,0,37.37569884,-78.81340003,51011.0,270.2532838916473,0.0,43,41,0,0,41,40,15841,2,0,0,2,1
2020-07-03,US,Virginia,Arlington,2500,132,0,38.8767675,-77.10139853,51013.0,1055.5560246915666,5.28,2368,2496,132,0,2364,2484,237521,4,0,0,4,12
2020-07-03,US,Virginia,Augusta,190,2,0,38.16404586,-79.12461614,51015.0,251.46245268535432,1.0526315789473684,188,189,2,0,187,184,75457,1,0,0,1,5
2020-07-03,US,Virginia,Bedford,131,3,0,37.3080028,-79.5281964,51019.0,165.82908211704242,2.2900763358778624,128,125,3,0,122,119,78747,6,0,0,6,6
2020-07-03,US,Virginia,Bland,2,0,0,37.13128068,-81.13599391,51021.0,31.84713375796178,0.0,2,2,0,0,2,2,6293,0,0,0,0,0
2020-07-03,US,Virginia,Botetourt,133,4,0,37.55531756,-79.80982182,51023.0,397.97719859959915,3.0075187969924815,129,125,4,0,121,123,33277,8,0,0,8,2
2020-07-03,US,Virginia,Bristol,5,0,0,36.616302399999995,-82.16359122,51520.0,29.829375969454716,0.0,5,4,0,0,4,4,16482,1,0,0,1,0
2020-07-03,US,Virginia,Brunswick,107,1,0,36.76366949,-77.8593436,51025.0,659.2323331895755,0.9345794392523364,106,107,1,0,106,106,16384,0,0,0,0,1
2020-07-03,US,Virginia,Buchanan,31,0,0,37.26818323,-82.03749726,51027.0,147.59093505998857,0.0,31,31,0,0,31,31,21221,0,0,0,0,0
2020-07-03,US,Virginia,Buckingham,566,4,0,37.57242268,-78.52518834,51029.0,3300.6764637275483,0.7067137809187279,562,560,4,0,556,559,16999,6,0,0,6,1
2020-07-03,US,Virginia,Buena Vista,16,0,0,37.73484642,-79.35296097,51530.0,246.98981167026852,0.0,16,16,0,0,16,16,6237,0,0,0,0,0
2020-07-03,US,Virginia,Campbell,48,1,0,37.20553386,-79.09678609,51031.0,87.4555889587319,2.083333333333333,47,45,1,0,44,45,54973,3,0,0,3,0
2020-07-03,US,Virginia,Caroline,128,4,0,38.02679129,-77.34901405,51033.0,416.5988608624898,3.125,124,128,4,0,124,125,30772,0,0,0,0,3
2020-07-03,US,Virginia,Carroll,225,9,0,36.73066666,-80.73455942,51035.0,755.2616562048938,4.0,216,224,8,0,216,221,29636,1,1,0,0,3
2020-07-03,US,Virginia,Charles City,41,3,0,37.35358063,-77.05634116,51036.0,588.8266551773661,7.317073170731707,38,39,3,0,36,39,6941,2,0,0,2,0
2020-07-03,US,Virginia,Charlotte,33,0,0,37.01909701,-78.66314092,51037.0,277.77777777777777,0.0,33,32,0,0,32,32,11938,1,0,0,1,0
2020-07-03,US,Virginia,Charlottesville,220,6,0,38.03527919,-78.48569588,51540.0,465.45085262133455,2.727272727272727,214,218,5,0,213,216,48117,2,1,0,1,2
2020-07-03,US,Virginia,Chesapeake,972,21,0,36.67670048,-76.30545744,51550.0,397.0020626135969,2.1604938271604937,951,959,21,0,938,925,242634,13,0,0,13,34
2020-07-03,US,Virginia,Chesterfield,2974,53,0,37.37373208,-77.58680140000001,51041.0,842.9657428245872,1.782111634162744,2921,2939,53,0,2886,2914,348556,35,0,0,35,25
2020-07-03,US,Virginia,Clarke,54,0,0,39.11271747,-77.99199425,51043.0,369.3823106915658,0.0,54,54,0,0,54,51,14523,0,0,0,0,3
2020-07-03,US,Virginia,Colonial Heights,145,18,0,37.26420587,-77.39609676,51570.0,834.7725964306276,12.413793103448276,127,145,18,0,127,144,17833,0,0,0,0,1
2020-07-03,US,Virginia,Covington,5,0,0,37.7824656,-79.98631446,51580.0,90.2853015529072,0.0,5,5,0,0,5,5,5460,0,0,0,0,0
2020-07-03,US,Virginia,Craig,7,0,0,37.48133648,-80.21072274,51045.0,136.4256480218281,0.0,7,7,0,0,7,7,5064,0,0,0,0,0
2020-07-03,US,Virginia,Culpeper,814,11,0,38.48199985,-77.95630870000002,51047.0,1547.3814276209494,1.351351351351351,803,812,11,0,801,811,51859,2,0,0,2,1
2020-07-03,US,Virginia,Cumberland,57,0,0,37.51328851,-78.24398086,51049.0,573.9025372533226,0.0,57,52,0,0,52,52,9809,5,0,0,5,0
2020-07-03,US,Virginia,Danville,91,2,0,36.58022376,-79.40395668,51590.0,227.25002497253018,2.1978021978021984,89,89,2,0,87,87,40693,2,0,0,2,2
2020-07-03,US,Virginia,Dickenson,5,0,0,37.12560977,-82.35124171,51051.0,34.92107836289985,0.0,5,5,0,0,5,4,14523,0,0,0,0,1
2020-07-03,US,Virginia,Dinwiddie,148,2,0,37.07544585,-77.63451754,51053.0,518.4977578475336,1.351351351351351,146,143,0,0,143,142,28529,5,2,0,3,1
2020-07-03,US,Virginia,Emporia,141,15,0,36.69455571,-77.53406129,51595.0,2637.485970819304,10.638297872340424,126,140,14,0,126,137,5121,1,1,0,0,3
2020-07-03,US,Virginia,Essex,59,0,0,37.93357639,-76.94230311,51057.0,538.6652058796676,0.0,59,59,0,0,59,59,10919,0,0,0,0,0
2020-07-03,US,Virginia,Fairfax,13965,494,0,38.83677558,-77.27565836,51059.0,1216.9595270545833,3.5374149659863945,13471,13886,492,0,13394,13864,1150795,79,2,0,77,22
2020-07-03,US,Virginia,Fairfax,13965,494,0,38.83677558,-77.27565836,51059.0,1216.9595270545833,3.5374149659863945,13471,13886,492,0,13394,13864,24574,79,2,0,77,22
2020-07-03,US,Virginia,Fairfax City,70,7,0,38.85157547,-77.29779640000002,51600.0,291.4359465423206,10.0,63,71,7,0,64,70,24574,-1,0,0,-1,1
2020-07-03,US,Virginia,Falls Church,54,8,0,38.88485255,-77.17560759,51610.0,369.43285215844566,14.814814814814815,46,53,8,0,45,52,14772,1,0,0,1,1
2020-07-03,US,Virginia,Fauquier,427,7,0,38.73564842,-77.80647472,51061.0,599.5338518996939,1.639344262295082,420,421,7,0,414,420,70675,6,0,0,6,1
2020-07-03,US,Virginia,Floyd,19,1,0,36.9302126,-80.36738849,51063.0,120.64258048130041,5.2631578947368425,18,18,1,0,17,18,15795,1,0,0,1,0
2020-07-03,US,Virginia,Fluvanna,116,8,0,37.84157909,-78.27715475,51065.0,425.3758709204253,6.896551724137932,108,114,7,0,107,112,26783,2,1,0,1,2
2020-07-03,US,Virginia,Franklin,92,1,0,36.99536167,-79.88023649,51067.0,164.16259234145818,1.0869565217391304,91,92,1,0,91,91,56195,0,0,0,0,1
2020-07-03,US,Virginia,Franklin,92,1,0,36.99536167,-79.88023649,51067.0,164.16259234145818,1.0869565217391304,91,92,1,0,91,91,8013,0,0,0,0,1
2020-07-03,US,Virginia,Franklin City,52,2,0,36.6831435,-76.93859681,51620.0,652.6923559683695,3.8461538461538463,50,51,2,0,49,52,8013,1,0,0,1,-1
2020-07-03,US,Virginia,Frederick,517,6,0,39.20172582,-78.25974949,51069.0,578.8630994368121,1.1605415860735009,511,512,6,0,506,505,88355,5,0,0,5,7
2020-07-03,US,Virginia,Fredericksburg,254,0,0,38.2977863,-77.4922454,51630.0,874.7761399641824,0.0,254,250,0,0,250,249,29144,4,0,0,4,1
2020-07-03,US,Virginia,Galax,263,15,0,36.66601852,-80.91703124,51640.0,4143.689932251457,5.70342205323194,248,261,15,0,246,256,6423,2,0,0,2,5
2020-07-03,US,Virginia,Giles,17,0,0,37.31234791,-80.70636931,51071.0,101.67464114832536,0.0,17,17,0,0,17,15,16844,0,0,0,0,2
2020-07-03,US,Virginia,Gloucester,49,1,0,37.40809042,-76.53524337,51073.0,131.19845774874156,2.0408163265306123,48,49,1,0,48,49,37349,0,0,0,0,0
2020-07-03,US,Virginia,Goochland,126,6,0,37.71714806,-77.90381514,51075.0,530.4593104028963,4.761904761904762,120,121,6,0,115,120,23244,5,0,0,5,1
2020-07-03,US,Virginia,Grayson,87,2,0,36.65677234,-81.23215889,51077.0,559.4855305466236,2.2988505747126435,85,87,2,0,85,86,15631,0,0,0,0,1
2020-07-03,US,Virginia,Greene,67,1,0,38.29545894,-78.46525378,51079.0,338.0594379131137,1.492537313432836,66,67,1,0,66,66,19779,0,0,0,0,1
2020-07-03,US,Virginia,Greensville,366,7,0,36.67878901,-77.56351439,51081.0,3228.6520818630897,1.9125683060109289,359,366,7,0,359,361,11627,0,0,0,0,5
2020-07-03,US,Virginia,Halifax,59,1,0,36.76654925,-78.93512622,51083.0,173.98484267641768,1.6949152542372878,58,57,1,0,56,54,34120,2,0,0,2,3
2020-07-03,US,Virginia,Hampton,354,5,0,37.03513786,-76.35879121,51650.0,263.177458924987,1.4124293785310735,349,339,5,0,334,336,134313,15,0,0,15,3
2020-07-03,US,Virginia,Hanover,442,29,0,37.7583355,-77.49464673,51085.0,410.14791307091286,6.561085972850679,413,435,27,0,408,429,107239,7,2,0,5,6
2020-07-03,US,Virginia,Harrisonburg,957,27,0,38.43542574,-78.87536254,51660.0,1805.115436849253,2.8213166144200628,930,941,26,0,915,937,54033,16,1,0,15,4
2020-07-03,US,Virginia,Henrico,2629,157,0,37.53460572,-77.39326555,51087.0,794.6967819163408,5.97185241536706,2472,2615,152,0,2463,2603,329261,14,5,0,9,12
2020-07-03,US,Virginia,Henry,280,4,0,36.68542395,-79.87634026,51089.0,553.8303301224362,1.4285714285714286,276,273,4,0,269,264,50953,7,0,0,7,9
2020-07-03,US,Virginia,Highland,3,0,0,38.35799465,-79.56124594,51091.0,136.98630136986299,0.0,3,3,0,0,3,3,2210,0,0,0,0,0
2020-07-03,US,Virginia,Hopewell,184,2,0,37.29186313,-77.29754684,51670.0,816.7251098584047,1.0869565217391304,182,182,2,0,180,176,22596,2,0,0,2,6
2020-07-03,US,Virginia,Isle of Wight,186,9,0,36.90579348,-76.70842863,51093.0,501.22611765339946,4.838709677419356,177,181,8,0,173,181,36953,5,1,0,4,0
2020-07-03,US,Virginia,James City,270,15,0,37.31156958,-76.76950618,51095.0,352.83509533081565,5.5555555555555545,255,268,15,0,253,265,76397,2,0,0,2,3
2020-07-03,US,Virginia,King George,99,4,0,38.26818502,-77.15852768,51099.0,368.9074377701595,4.040404040404041,95,99,4,0,95,97,26575,0,0,0,0,2
2020-07-03,US,Virginia,King William,42,0,0,37.70965316,-77.09384941,51101.0,244.926522043387,0.0,42,42,0,0,42,42,16939,0,0,0,0,0
2020-07-03,US,Virginia,King and Queen,24,1,0,37.71044922,-76.88689628,51097.0,341.6370106761566,4.166666666666667,23,24,1,0,23,23,7042,0,0,0,0,1
2020-07-03,US,Virginia,Lancaster,11,0,0,37.71889653,-76.46400482,51103.0,103.74422333301895,0.0,11,11,0,0,11,11,10783,0,0,0,0,0
2020-07-03,US,Virginia,Lee,12,0,0,36.70586667,-83.12606515,51105.0,51.23169534218504,0.0,12,12,0,0,12,11,23541,0,0,0,0,1
2020-07-03,US,Virginia,Lexington,11,0,0,37.78258621,-79.44262866,51678.0,147.73032500671502,0.0,11,11,0,0,11,10,7136,0,0,0,0,1
2020-07-03,US,Virginia,Loudoun,4113,91,0,39.08990083,-77.63481877,51107.0,994.5881636028612,2.212496960855823,4022,4083,89,0,3994,4047,406850,30,2,0,28,36
2020-07-03,US,Virginia,Louisa,119,1,0,37.97850256,-77.96274807,51109.0,316.5651352717406,0.8403361344537815,118,119,1,0,118,119,36778,0,0,0,0,0
2020-07-03,US,Virginia,Lunenburg,37,0,0,36.94618528,-78.24133319,51111.0,303.3781567727124,0.0,37,36,0,0,36,34,12086,1,0,0,1,2
2020-07-03,US,Virginia,Lynchburg,159,1,0,37.40021399,-79.19888138,51680.0,193.5059877324506,0.6289308176100629,158,146,1,0,145,145,82126,13,0,0,13,1
2020-07-03,US,Virginia,Madison,43,1,0,38.41531222,-78.28220331,51113.0,324.2591056481412,2.3255813953488373,42,43,1,0,42,43,13295,0,0,0,0,0
2020-07-03,US,Virginia,Manassas,1430,18,0,38.7464321,-77.48509905,51683.0,3480.589022757697,1.2587412587412588,1412,1417,18,0,1399,1414,41641,13,0,0,13,3
2020-07-03,US,Virginia,Manassas Park,434,6,0,38.77058531,-77.44399307,51685.0,2483.1216386314222,1.3824884792626728,428,431,6,0,425,430,17307,3,0,0,3,1
2020-07-03,US,Virginia,Martinsville,81,1,0,36.68212094,-79.86352771,51690.0,645.2126812171421,1.2345679012345678,80,80,1,0,79,78,12902,1,0,0,1,2
2020-07-03,US,Virginia,Mathews,6,0,0,37.44164146,-76.34098896,51115.0,67.91940230925968,0.0,6,6,0,0,6,6,8802,0,0,0,0,0
2020-07-03,US,Virginia,Mecklenburg,248,28,0,36.67882005,-78.36131056,51117.0,810.8019746951319,11.290322580645164,220,246,28,0,218,242,30650,2,0,0,2,4
2020-07-03,US,Virginia,Middlesex,15,0,0,37.63191998,-76.55064617,51119.0,141.75014175014175,0.0,15,15,0,0,15,15,10769,0,0,0,0,0
2020-07-03,US,Virginia,Montgomery,154,2,0,37.17746986,-80.37868691,51121.0,156.28964327396358,1.2987012987012987,152,149,2,0,147,147,98985,5,0,0,5,2
2020-07-03,US,Virginia,Nelson,18,0,0,37.78790447,-78.88498513,51125.0,120.56262558606831,0.0,18,18,0,0,18,18,14836,0,0,0,0,0
2020-07-03,US,Virginia,New Kent,60,1,0,37.50694406,-76.99828634,51127.0,259.84149668702094,1.6666666666666667,59,57,1,0,56,57,22391,3,0,0,3,0
2020-07-03,US,Virginia,Newport News,549,10,0,37.08166899,-76.51754109,51700.0,306.3188729250942,1.8214936247723128,539,541,10,0,531,535,178626,8,0,0,8,6
2020-07-03,US,Virginia,Norfolk,1000,11,0,36.89934014,-76.26420872,51710.0,411.9600233993293,1.1,989,987,11,0,976,934,244076,13,0,0,13,53
2020-07-03,US,Virginia,Northampton,271,28,0,37.34062933,-75.87751591,51131.0,2314.261315115286,10.33210332103321,243,271,28,0,243,269,11735,0,0,0,0,2
2020-07-03,US,Virginia,Northumberland,36,1,0,37.89202088,-76.41949732,51133.0,297.64365440264567,2.7777777777777777,35,37,1,0,36,37,12147,-1,0,0,-1,0
2020-07-03,US,Virginia,Norton,4,0,0,36.93357076,-82.62750411,51720.0,100.4772670183371,0.0,4,4,0,0,4,4,3968,0,0,0,0,0
2020-07-03,US,Virginia,Nottoway,114,2,0,37.1435975,-78.05065922,51135.0,748.4243697478993,1.7543859649122806,112,112,2,0,110,111,15420,2,0,0,2,1
2020-07-03,US,Virginia,Orange,152,3,0,38.24530219,-78.01560400000002,51137.0,410.2453375077597,1.973684210526316,149,152,3,0,149,150,36644,0,0,0,0,2
2020-07-03,US,Virginia,Page,281,23,0,38.61807452,-78.48797204,51139.0,1175.633838172538,8.185053380782918,258,278,23,0,255,275,23933,3,0,0,3,3
2020-07-03,US,Virginia,Patrick,48,1,0,36.680163799999995,-80.2865648,51141.0,272.6033621081327,2.083333333333333,47,47,1,0,46,47,17673,1,0,0,1,0
2020-07-03,US,Virginia,Petersburg,256,5,0,37.20530399,-77.39368102,51730.0,816.6911248644168,1.953125,251,249,4,0,245,239,31567,7,1,0,6,10
2020-07-03,US,Virginia,Pittsylvania,132,1,0,36.81980341,-79.39731264,51143.0,218.7096132816384,0.7575757575757576,131,123,1,0,122,122,60949,9,0,0,9,1
2020-07-03,US,Virginia,Poquoson,19,0,0,37.14259351,-76.35798148,51735.0,154.8366066335262,0.0,19,19,0,0,19,19,12190,0,0,0,0,0
2020-07-03,US,Virginia,Portsmouth,526,18,0,36.85914825,-76.35971629,51740.0,557.2151952371872,3.4220532319391634,508,513,18,0,495,497,94632,13,0,0,13,16
2020-07-03,US,Virginia,Powhatan,84,2,0,37.55016038,-77.91267882,51145.0,283.28611898017004,2.380952380952381,82,82,2,0,80,82,29189,2,0,0,2,0
2020-07-03,US,Virginia,Prince Edward,213,6,0,37.22554789,-78.43597949,51147.0,934.1285852118236,2.8169014084507036,207,194,5,0,189,191,22950,19,1,0,18,3
2020-07-03,US,Virginia,Prince George,243,1,0,37.18497668,-77.22922187,51149.0,633.5879852945011,0.41152263374485604,242,238,1,0,237,239,38082,5,0,0,5,-1
2020-07-03,US,Virginia,Prince William,7442,146,0,38.70916224,-77.48713689,51153.0,1582.2764625213943,1.9618382155334588,7296,7390,143,0,7247,7331,468011,52,3,0,49,59
2020-07-03,US,Virginia,Pulaski,48,2,0,37.06474963,-80.71229738,51155.0,141.06444882005462,4.166666666666667,46,46,2,0,44,46,34066,2,0,0,2,0
2020-07-03,US,Virginia,Radford,14,0,0,37.12222899,-80.56027320000003,51750.0,76.71653241273496,0.0,14,13,0,0,13,12,18339,1,0,0,1,1
2020-07-03,US,Virginia,Rappahannock,21,0,0,38.68295619,-78.15826963,51157.0,284.9389416553596,0.0,21,20,0,0,20,20,7252,1,0,0,1,0
2020-07-03,US,Virginia,Richmond,298,4,0,37.937575,-76.72920628,51159.0,3302.670952011526,1.342281879194631,294,298,4,0,294,298,9038,0,0,0,0,0
2020-07-03,US,Virginia,Richmond City,2248,30,0,37.53255773,-77.47966921,51760.0,975.5420160044438,1.334519572953737,2218,2227,30,0,2197,2213,228783,21,0,0,21,14
2020-07-03,US,Virginia,Roanoke,274,6,0,37.26865804,-80.06396753,51161.0,290.91372390801183,2.18978102189781,268,260,6,0,254,253,94073,14,0,0,14,7
2020-07-03,US,Virginia,Roanoke City,465,10,0,37.27791025,-79.96189766,51770.0,469.0194970900618,2.150537634408602,455,436,10,0,426,438,99920,29,0,0,29,-2
2020-07-03,US,Virginia,Rockbridge,32,0,0,37.81204314,-79.44605905,51163.0,141.76228237274617,0.0,32,32,0,0,32,31,22752,0,0,0,0,1
2020-07-03,US,Virginia,Rockingham,739,11,0,38.51006137,-78.87260325,51165.0,901.7913798994484,1.4884979702300405,728,730,11,0,719,720,81244,9,0,0,9,10
2020-07-03,US,Virginia,Russell,13,0,0,36.93028320000001,-82.10095486,51167.0,48.897916196494386,0.0,13,13,0,0,13,12,26748,0,0,0,0,1
2020-07-03,US,Virginia,Salem,78,3,0,37.2836193,-80.06219455,51775.0,308.2882099521758,3.8461538461538463,75,70,3,0,67,69,25643,8,0,0,8,1
2020-07-03,US,Virginia,Scott,10,2,0,36.71466456,-82.60171704,51169.0,46.36928498562554,20.0,8,10,2,0,8,10,21534,0,0,0,0,0
2020-07-03,US,Virginia,Shenandoah,584,30,0,38.85905135,-78.56813762,51171.0,1338.958180484226,5.136986301369864,554,582,29,0,553,567,43497,2,1,0,1,15
2020-07-03,US,Virginia,Smyth,42,1,0,36.84455636,-81.53344948,51173.0,139.51634334307732,2.380952380952381,41,40,1,0,39,39,30472,2,0,0,2,1
2020-07-03,US,Virginia,Southampton,162,7,0,36.72231125,-77.10642712,51175.0,918.8361408882083,4.320987654320987,155,160,6,0,154,157,17586,2,1,0,1,3
2020-07-03,US,Virginia,Spotsylvania,1010,31,0,38.18574462,-77.655399,51177.0,741.4748742796312,3.0693069306930694,979,1001,31,0,970,994,134238,9,0,0,9,7
2020-07-03,US,Virginia,Stafford,998,5,0,38.41758738,-77.45917053,51179.0,652.7910414568098,0.501002004008016,993,1000,5,0,995,990,149960,-2,0,0,-2,10
2020-07-03,US,Virginia,Staunton,74,0,0,38.15965544,-79.05979937,51790.0,296.80731589924596,0.0,74,74,0,0,74,74,24922,0,0,0,0,0
2020-07-03,US,Virginia,Suffolk,441,37,0,36.70155394,-76.63603554,51800.0,478.7857732227385,8.390022675736963,404,425,36,0,389,420,91185,16,1,0,15,5
2020-07-03,US,Virginia,Surry,16,1,0,37.11781893,-76.88450012,51181.0,249.14356898162566,6.25,15,16,1,0,15,16,6474,0,0,0,0,0
2020-07-03,US,Virginia,Sussex,208,5,0,36.92432914,-77.25791182,51183.0,1863.9663052244823,2.4038461538461537,203,205,4,0,201,200,11237,3,1,0,2,5
2020-07-03,US,Virginia,Tazewell,16,0,0,37.12191123,-81.56685568,51185.0,39.41372090158887,0.0,16,16,0,0,16,15,40855,0,0,0,0,1
2020-07-03,US,Virginia,Virginia Beach,1254,30,0,36.73285734,-76.04566934,51810.0,278.68276833772615,2.392344497607656,1224,1225,30,0,1195,1203,450189,29,0,0,29,22
2020-07-03,US,Virginia,Warren,294,7,0,38.90847745,-78.20280433,51187.0,731.9988048999104,2.380952380952381,287,292,6,0,286,290,40003,2,1,0,1,2
2020-07-03,US,Virginia,Washington,65,4,0,36.72341572,-81.95666289,51191.0,120.95273539263118,6.153846153846153,61,65,4,0,61,64,54402,0,0,0,0,1
2020-07-03,US,Virginia,Waynesboro,89,0,0,38.06451466,-78.90293905,51820.0,393.28325231992926,0.0,89,86,0,0,86,84,22628,3,0,0,3,2
2020-07-03,US,Virginia,Westmoreland,108,2,0,38.11021557,-76.80213247,51193.0,599.5004163197335,1.851851851851852,106,108,2,0,106,108,17830,0,0,0,0,0
2020-07-03,US,Virginia,Williamsburg,61,6,0,37.28131268,-76.70905141,51830.0,407.9176140163167,9.836065573770492,55,61,6,0,55,61,14896,0,0,0,0,0
2020-07-03,US,Virginia,Winchester,330,3,0,39.17054517,-78.17325058,51840.0,1175.2973858536932,0.9090909090909092,327,330,3,0,327,326,28108,0,0,0,0,4
2020-07-03,US,Virginia,Wise,29,2,0,36.9746148,-82.62410519,51195.0,77.5753684830003,6.896551724137932,27,28,2,0,26,28,38012,1,0,0,1,0
2020-07-03,US,Virginia,Wythe,54,1,0,36.91582035,-81.07834059,51197.0,188.2582624459629,1.851851851851852,53,53,1,0,52,53,28754,1,0,0,1,0
2020-07-03,US,Virginia,York,120,3,0,37.24374789,-76.54412815,51199.0,175.74692442882252,2.5,117,116,3,0,113,115,67846,4,0,0,4,1
2020-07-03,US,Washington,Adams,147,0,0,46.98299757,-118.56017340000001,53001.0,735.6252814892657,0.0,147,146,0,0,146,142,19759,1,0,0,1,4
2020-07-03,US,Washington,Asotin,21,2,0,46.18894415,-117.2022851,53003.0,92.99442033477993,9.523809523809524,19,21,2,0,19,21,22610,0,0,0,0,0
2020-07-03,US,Washington,Benton,1889,84,0,46.23946995,-119.51208340000001,53005.0,924.2135133812808,4.446797247220752,1805,1854,82,0,1772,1798,201877,35,2,0,33,56
2020-07-03,US,Washington,Chelan,388,6,0,47.87046092,-120.6173956,53007.0,502.5906735751295,1.5463917525773196,382,375,6,0,369,347,77036,13,0,0,13,28
2020-07-03,US,Washington,Clallam,42,0,0,48.04754642,-123.92263190000001,53009.0,54.311983551227854,0.0,42,41,0,0,41,36,76737,1,0,0,1,5
2020-07-03,US,Washington,Clark,790,30,0,45.77568046,-122.48292040000001,53011.0,161.80533793761688,3.79746835443038,760,768,30,0,738,749,481857,22,0,0,22,19
2020-07-03,US,Washington,Columbia,8,0,0,46.29442881,-117.9051983,53013.0,200.75282308657467,0.0,8,8,0,0,8,8,4059,0,0,0,0,0
2020-07-03,US,Washington,Cowlitz,207,0,0,46.19074721,-122.6782231,53015.0,187.17278670440263,0.0,207,202,0,0,202,187,108987,5,0,0,5,15
2020-07-03,US,Washington,Douglas,265,3,0,47.7361335,-119.69293700000001,53017.0,610.1913467959197,1.1320754716981132,262,253,3,0,250,242,42907,12,0,0,12,11
2020-07-03,US,Washington,Ferry,1,0,0,48.471143100000006,-118.5154041,53019.0,13.111315064901008,0.0,1,1,0,0,1,1,7649,0,0,0,0,0
2020-07-03,US,Washington,Franklin,1793,33,0,46.53351425,-118.9018212,53021.0,1882.9682216294555,1.8404907975460123,1760,1754,33,0,1721,1697,94347,39,0,0,39,57
2020-07-03,US,Washington,Grant,529,6,0,47.20753737,-119.4500749,53025.0,541.2706046064277,1.1342155009451795,523,518,6,0,512,511,97331,11,0,0,11,7
2020-07-03,US,Washington,Grays Harbor,26,0,0,47.14003705,-123.7820567,53027.0,34.63849402485978,0.0,26,26,0,0,26,26,73901,0,0,0,0,0
2020-07-03,US,Washington,Island,196,12,0,48.14713305,-122.5216407,53029.0,230.2063635616213,6.1224489795918355,184,195,12,0,183,193,84460,1,0,0,1,2
2020-07-03,US,Washington,Jefferson,38,0,0,47.75003077,-123.56097040000002,53031.0,117.93550789857548,0.0,38,38,0,0,38,38,31729,0,0,0,0,0
2020-07-03,US,Washington,King,10684,618,0,47.49137892,-121.8346131,53033.0,474.25805071240796,5.784350430550356,10066,10535,615,0,9920,10304,2233163,149,3,0,146,231
2020-07-03,US,Washington,Kitsap,239,2,0,47.63479026,-122.6436061,53035.0,88.03822111222847,0.8368200836820083,237,230,2,0,228,225,269805,9,0,0,9,5
2020-07-03,US,Washington,Kittitas,140,0,0,47.12521214,-120.67943899999999,53037.0,292.0621675185146,0.0,140,140,0,0,140,131,47364,0,0,0,0,9
2020-07-03,US,Washington,Klickitat,66,3,0,45.87325839,-120.7913598,53039.0,294.314381270903,4.545454545454546,63,66,3,0,63,59,22107,0,0,0,0,7
2020-07-03,US,Washington,Lewis,70,3,0,46.57756476,-122.39257690000001,53041.0,86.73349275775335,4.285714285714286,67,71,3,0,68,68,79604,-1,0,0,-1,3
2020-07-03,US,Washington,Lincoln,4,0,0,47.57705241,-118.41943880000001,53043.0,36.56641374897157,0.0,4,4,0,0,4,4,10740,0,0,0,0,0
2020-07-03,US,Washington,Mason,53,1,0,47.35007586,-123.1863685,53045.0,79.37934339803498,1.8867924528301887,52,52,1,0,51,51,65507,1,0,0,1,1
2020-07-03,US,Washington,Okanogan,88,2,0,48.54855019,-119.73872240000001,53047.0,208.31853798262435,2.272727272727273,86,87,2,0,85,85,42132,1,0,0,1,2
2020-07-03,US,Washington,Pacific,18,1,0,46.55418369,-123.7285716,53049.0,80.10324418138934,5.5555555555555545,17,18,1,0,17,17,22036,0,0,0,0,1
2020-07-03,US,Washington,Pend Oreille,4,0,0,48.53234021,-117.2741804,53051.0,29.146021568055957,0.0,4,4,0,0,4,4,13602,0,0,0,0,0
2020-07-03,US,Washington,Pierce,2701,105,0,47.03892768,-122.14059579999999,53053.0,298.45963446706,3.887449092928545,2596,2647,104,0,2543,2590,891299,54,1,0,53,57
2020-07-03,US,Washington,San Juan,19,0,0,48.60182783,-122.96745,53055.0,108.06506654533042,0.0,19,19,0,0,19,19,17128,0,0,0,0,0
2020-07-03,US,Washington,Skagit,532,15,0,48.48171488,-121.766131,53057.0,411.74877133237885,2.819548872180451,517,528,15,0,513,527,128206,4,0,0,4,1
2020-07-03,US,Washington,Skamania,7,0,0,46.02408726,-121.91644029999999,53059.0,57.93263262434826,0.0,7,6,0,0,6,5,11924,1,0,0,1,1
2020-07-03,US,Washington,Snohomish,3639,173,0,48.04615983,-121.7170703,53061.0,442.65603351486396,4.754053311349272,3466,3588,171,0,3417,3535,814901,51,2,0,49,53
2020-07-03,US,Washington,Spokane,1529,41,0,47.62113146,-117.4046494,53063.0,292.4647760702987,2.681491170699804,1488,1443,41,0,1402,1389,514631,86,0,0,86,54
2020-07-03,US,Washington,Stevens,19,1,0,48.40035475,-117.8542701,53065.0,41.554578658443226,5.2631578947368425,18,18,1,0,17,18,45260,1,0,0,1,0
2020-07-03,US,Washington,Thurston,282,7,0,46.9291895,-122.82906559999999,53067.0,97.06198199190462,2.482269503546099,275,272,7,0,265,261,286419,10,0,0,10,11
2020-07-03,US,Washington,Unassigned,117,0,0,0.0,0.0,90053.0,0.0,0.0,117,88,0,0,88,171,,29,0,0,29,-83
2020-07-03,US,Washington,Wahkiakum,5,0,0,46.29180039999999,-123.4250831,53069.0,111.40819964349377,0.0,5,5,0,0,5,5,4426,0,0,0,0,0
2020-07-03,US,Washington,Walla Walla,176,3,0,46.23040051,-118.4775539,53071.0,289.66425279789337,1.7045454545454546,173,171,3,0,168,170,60922,5,0,0,5,1
2020-07-03,US,Washington,Whatcom,659,41,0,48.82227976,-121.74900179999999,53073.0,287.4628675620619,6.22154779969651,618,649,40,0,609,635,225685,10,1,0,9,14
2020-07-03,US,Washington,Whitman,38,0,0,46.90022523,-117.52417630000001,53075.0,75.84224812390228,0.0,38,40,0,0,40,38,49791,-2,0,0,-2,2
2020-07-03,US,Washington,Yakima,7349,160,0,46.45738486,-120.73801259999999,53077.0,2929.3706377330363,2.17716696149136,7189,7270,159,0,7111,7128,251446,79,1,0,78,142
2020-07-03,US,West Virginia,Barbour,15,1,0,39.1307219,-80.00350858,54001.0,91.23532631835043,6.666666666666668,14,15,1,0,14,15,16535,0,0,0,0,0
2020-07-03,US,West Virginia,Berkeley,468,10,0,39.46704621,-78.02414609,54003.0,392.7129922548271,2.1367521367521367,458,461,10,0,451,460,117123,7,0,0,7,1
2020-07-03,US,West Virginia,Boone,23,0,0,38.01974191,-81.69888019,54005.0,107.19112643892436,0.0,23,20,0,0,20,21,21951,3,0,0,3,-1
2020-07-03,US,West Virginia,Braxton,3,0,0,38.70036159,-80.72011184,54007.0,21.49459052805044,0.0,3,3,0,0,3,3,14089,0,0,0,0,0
2020-07-03,US,West Virginia,Brooke,9,0,0,40.27367263,-80.57915332,54009.0,41.022836045398606,0.0,9,9,0,0,9,9,22203,0,0,0,0,0
2020-07-03,US,West Virginia,Cabell,149,0,0,38.42424062,-82.23855912,54011.0,162.0534014900212,0.0,149,142,0,0,142,130,93224,7,0,0,7,12
2020-07-03,US,West Virginia,Calhoun,2,0,0,38.84315422,-81.11934872,54013.0,28.1333520889014,0.0,2,2,0,0,2,2,7254,0,0,0,0,0
2020-07-03,US,West Virginia,Clay,10,1,0,38.46231092,-81.07652217,54015.0,117.53643629525152,10.0,9,10,1,0,9,10,8632,0,0,0,0,0
2020-07-03,US,West Virginia,Fayette,67,4,0,38.02974928,-81.08286634,54019.0,157.9965099278404,5.970149253731344,63,67,4,0,63,66,43018,0,0,0,0,1
2020-07-03,US,West Virginia,Gilmer,13,0,0,38.9251277,-80.85952723,54021.0,166.17665857088068,0.0,13,13,0,0,13,13,8026,0,0,0,0,0
2020-07-03,US,West Virginia,Grant,16,0,0,39.10314817,-79.19440518,54023.0,138.31258644536652,0.0,16,16,0,0,16,16,11626,0,0,0,0,0
2020-07-03,US,West Virginia,Greenbrier,60,1,0,37.9463652,-80.45335881,54025.0,173.10022503029256,1.6666666666666667,59,60,1,0,59,59,34786,0,0,0,0,1
2020-07-03,US,West Virginia,Hampshire,42,1,0,39.32103553,-78.60826476,54027.0,181.2297734627832,2.380952380952381,41,42,1,0,41,42,23347,0,0,0,0,0
2020-07-03,US,West Virginia,Hancock,26,0,0,40.51943859,-80.57461608,54029.0,90.24644220756682,0.0,26,23,0,0,23,23,29094,3,0,0,3,0
2020-07-03,US,West Virginia,Hardy,45,0,0,39.00683177,-78.85855301,54031.0,326.6550522648084,0.0,45,45,0,0,45,44,13775,0,0,0,0,1
2020-07-03,US,West Virginia,Harrison,69,1,0,39.2853852,-80.37919577,54033.0,102.59307719757344,1.4492753623188406,68,66,1,0,65,65,67554,3,0,0,3,1
2020-07-03,US,West Virginia,Jackson,143,18,0,38.84263974,-81.68148753,54035.0,500.41993281075025,12.587412587412588,125,143,18,0,125,143,28706,0,0,0,0,0
2020-07-03,US,West Virginia,Jefferson,238,4,0,39.30776166,-77.86014147,54037.0,416.4770937598432,1.680672268907563,234,234,4,0,230,232,56811,4,0,0,4,2
2020-07-03,US,West Virginia,Kanawha,333,20,0,38.33860077,-81.52857054,54039.0,186.94841795603062,6.006006006006006,313,333,20,0,313,328,180454,0,0,0,0,5
2020-07-03,US,West Virginia,Lewis,20,2,0,38.9947249,-80.49988181,54041.0,125.73081033507259,10.0,18,20,2,0,18,19,16024,0,0,0,0,1
2020-07-03,US,West Virginia,Lincoln,8,0,0,38.172154,-82.07017953,54043.0,39.1983928658925,0.0,8,8,0,0,8,8,20599,0,0,0,0,0
2020-07-03,US,West Virginia,Logan,26,1,0,37.8299889,-81.93528571,54045.0,81.20178643930167,3.8461538461538463,25,25,1,0,24,24,32607,1,0,0,1,1
2020-07-03,US,West Virginia,Marion,66,2,0,39.50984542,-80.24244659,54049.0,117.70580681980313,3.0303030303030303,64,63,2,0,61,61,56097,3,0,0,3,2
2020-07-03,US,West Virginia,Marshall,42,0,0,39.86064362,-80.66591062,54051.0,137.56509776948022,0.0,42,41,0,0,41,41,30785,1,0,0,1,0
2020-07-03,US,West Virginia,Mason,19,0,0,38.77071799,-82.02524219,54053.0,71.65484990194602,0.0,19,19,0,0,19,19,26718,0,0,0,0,0
2020-07-03,US,West Virginia,McDowell,6,0,0,37.38002939,-81.65083669,54047.0,34.04448479346346,0.0,6,6,0,0,6,6,18223,0,0,0,0,0
2020-07-03,US,West Virginia,Mercer,45,0,0,37.40481169,-81.11023142,54055.0,76.58531604207087,0.0,45,45,0,0,45,44,59131,0,0,0,0,1
2020-07-03,US,West Virginia,Mineral,57,3,0,39.41561583,-78.94104895,54057.0,212.14828048235816,5.2631578947368425,54,57,3,0,54,57,26940,0,0,0,0,0
2020-07-03,US,West Virginia,Mingo,22,2,0,37.73048351,-82.13338365,54059.0,93.9207650273224,9.090909090909092,20,22,2,0,20,23,23785,0,0,0,0,-1
2020-07-03,US,West Virginia,Monongalia,207,5,0,39.63218457,-80.04766838,54061.0,196.00045449380752,2.415458937198068,202,193,5,0,188,180,106420,14,0,0,14,13
2020-07-03,US,West Virginia,Monroe,14,0,0,37.56274716,-80.54577965,54063.0,105.4613935969868,0.0,14,14,0,0,14,12,13280,0,0,0,0,2
2020-07-03,US,West Virginia,Morgan,20,0,0,39.55439028,-78.26311676,54065.0,111.83180496533214,0.0,20,20,0,0,20,20,17787,0,0,0,0,0
2020-07-03,US,West Virginia,Nicholas,13,1,0,38.29617706,-80.79759588,54067.0,53.069888961463086,7.6923076923076925,12,12,1,0,11,10,24842,1,0,0,1,2
2020-07-03,US,West Virginia,Ohio,103,1,0,40.0955451,-80.62203992,54069.0,248.7261838641907,0.9708737864077671,102,100,1,0,99,96,41755,3,0,0,3,4
2020-07-03,US,West Virginia,Pendleton,13,1,0,38.68314479,-79.35084086,54071.0,186.5403931697517,7.6923076923076925,12,13,1,0,12,13,6997,0,0,0,0,0
2020-07-03,US,West Virginia,Pleasants,5,0,0,39.37091679,-81.16771771,54073.0,67.02412868632706,0.0,5,5,0,0,5,5,7507,0,0,0,0,0
2020-07-03,US,West Virginia,Pocahontas,29,0,0,38.32758728,-80.00993811,54075.0,351.64302170486235,0.0,29,28,0,0,28,25,8414,1,0,0,1,3
2020-07-03,US,West Virginia,Preston,84,2,0,39.46770987,-79.66712803,54077.0,251.25628140703517,2.380952380952381,82,82,2,0,80,79,33839,2,0,0,2,3
2020-07-03,US,West Virginia,Putnam,61,0,0,38.50782345,-81.9082131,54079.0,108.06023029229408,0.0,61,60,0,0,60,58,56682,1,0,0,1,2
2020-07-03,US,West Virginia,Raleigh,56,0,0,37.76936795,-81.2456041,54081.0,76.33483731137798,0.0,56,54,0,0,54,53,74254,2,0,0,2,1
2020-07-03,US,West Virginia,Randolph,167,0,0,38.769899,-79.87919615,54083.0,581.98292385433,0.0,167,162,0,0,162,162,28823,5,0,0,5,0
2020-07-03,US,West Virginia,Ritchie,2,0,0,39.18094587,-81.06356878,54085.0,20.933640360058615,0.0,2,2,0,0,2,2,9721,0,0,0,0,0
2020-07-03,US,West Virginia,Roane,11,1,0,38.71622686,-81.35243568,54087.0,80.3623611922852,9.090909090909092,10,11,1,0,10,11,13932,0,0,0,0,0
2020-07-03,US,West Virginia,Summers,2,0,0,37.65390597,-80.86009693,54089.0,15.90710252127575,0.0,2,2,0,0,2,2,12760,0,0,0,0,0
2020-07-03,US,West Virginia,Taylor,17,0,0,39.33602617,-80.0421439,54091.0,101.82689427972448,0.0,17,16,0,0,16,16,16862,1,0,0,1,0
2020-07-03,US,West Virginia,Tucker,6,0,0,39.11240885,-79.57053576,54093.0,87.73212457961691,0.0,6,6,0,0,6,6,6955,0,0,0,0,0
2020-07-03,US,West Virginia,Tyler,4,0,0,39.46811972,-80.88772676,54095.0,46.560353858689325,0.0,4,4,0,0,4,4,8746,0,0,0,0,0
2020-07-03,US,West Virginia,Upshur,21,0,0,38.89285061,-80.23689136,54097.0,86.86300463269356,0.0,21,21,0,0,21,21,24415,0,0,0,0,0
2020-07-03,US,West Virginia,Wayne,115,9,0,38.14901357,-82.42287994,54099.0,291.8633571899904,7.826086956521738,106,115,9,0,106,112,39944,0,0,0,0,3
2020-07-03,US,West Virginia,Wetzel,12,0,0,39.6065771,-80.64016540000001,54103.0,79.65482907401261,0.0,12,10,0,0,10,10,15270,2,0,0,2,0
2020-07-03,US,West Virginia,Wirt,4,0,0,39.02775007,-81.37473928,54105.0,68.7167153410067,0.0,4,4,0,0,4,4,5830,0,0,0,0,0
2020-07-03,US,West Virginia,Wood,111,2,0,39.20967886,-81.5162836,54107.0,132.90548145309992,1.8018018018018016,109,102,2,0,100,87,84203,9,0,0,9,15
2020-07-03,US,West Virginia,Wyoming,7,0,0,37.612327,-81.54511071,54109.0,34.32382073158772,0.0,7,7,0,0,7,7,20786,0,0,0,0,0
2020-07-03,US,Wisconsin,Adams,23,2,0,43.96974651,-89.76782777,55001.0,113.74876360039565,8.695652173913043,21,20,2,0,18,19,20348,3,0,0,3,1
2020-07-03,US,Wisconsin,Ashland,3,0,0,46.31956891,-90.67837132,55003.0,19.27772779848349,0.0,3,3,0,0,3,3,15600,0,0,0,0,0
2020-07-03,US,Wisconsin,Barron,36,1,0,45.42372701,-91.84833627,55005.0,79.56856157722571,2.7777777777777777,35,35,1,0,34,34,45164,1,0,0,1,1
2020-07-03,US,Wisconsin,Bayfield,3,1,0,46.52868768,-91.19716729,55007.0,19.952114924181963,33.333333333333336,2,3,1,0,2,3,15042,0,0,0,0,0
2020-07-03,US,Wisconsin,Brown,2968,42,0,44.452655299999996,-88.00411844,55009.0,1121.9390493759024,1.4150943396226414,2926,2937,42,0,2895,2916,263378,31,0,0,31,21
2020-07-03,US,Wisconsin,Buffalo,8,2,0,44.37835084,-91.75332578,55011.0,61.39206507558898,25.0,6,7,2,0,5,8,13125,1,0,0,1,-1
2020-07-03,US,Wisconsin,Burnett,3,1,0,45.86303537,-92.36711412,55013.0,19.46282600233554,33.333333333333336,2,3,1,0,2,3,15392,0,0,0,0,0
2020-07-03,US,Wisconsin,Calumet,113,2,0,44.0816316,-88.21780273,55015.0,225.59843478608082,1.7699115044247788,111,112,2,0,110,111,50159,1,0,0,1,1
2020-07-03,US,Wisconsin,Chippewa,95,0,0,45.06939744,-91.28068855,55017.0,146.92690772990196,0.0,95,91,0,0,91,88,64135,4,0,0,4,3
2020-07-03,US,Wisconsin,Clark,82,7,0,44.73483377,-90.61207486,55019.0,235.80836256973598,8.536585365853659,75,81,7,0,74,77,34709,1,0,0,1,4
2020-07-03,US,Wisconsin,Columbia,91,1,0,43.46492199,-89.33589004,55021.0,158.17284293958144,1.0989010989010992,90,89,1,0,88,88,57358,2,0,0,2,1
2020-07-03,US,Wisconsin,Crawford,39,0,0,43.23870316,-90.93073686,55023.0,241.77050399851208,0.0,39,36,0,0,36,34,16291,3,0,0,3,2
2020-07-03,US,Wisconsin,Dane,2175,32,0,43.06601594,-89.41733797,55025.0,397.84523363118376,1.4712643678160917,2143,2061,32,0,2029,1953,542364,114,0,0,114,108
2020-07-03,US,Wisconsin,Dodge,476,5,0,43.41576662,-88.70928178,55027.0,541.9005225469325,1.050420168067227,471,467,5,0,462,461,87847,9,0,0,9,6
2020-07-03,US,Wisconsin,Door,45,3,0,44.95856458,-87.30002707,55029.0,162.64276420413475,6.666666666666668,42,44,3,0,41,43,27610,1,0,0,1,1
2020-07-03,US,Wisconsin,Douglas,39,0,0,46.43222285,-91.91595768,55031.0,90.38238702201622,0.0,39,31,0,0,31,30,43208,8,0,0,8,1
2020-07-03,US,Wisconsin,Dunn,41,0,0,44.94562799,-91.8962481,55033.0,90.37206841826836,0.0,41,41,0,0,41,38,45131,0,0,0,0,3
2020-07-03,US,Wisconsin,Eau Claire,263,1,0,44.726614,-91.28609183,55035.0,251.3235097375915,0.3802281368821293,262,249,1,0,248,240,104534,14,0,0,14,9
2020-07-03,US,Wisconsin,Florence,3,0,0,45.84963535,-88.39804137,55037.0,69.848661233993,0.0,3,3,0,0,3,3,4321,0,0,0,0,0
2020-07-03,US,Wisconsin,Fond du Lac,314,6,0,43.75354908,-88.48885325,55039.0,303.6662379234645,1.9108280254777068,308,314,6,0,308,313,103066,0,0,0,0,1
2020-07-03,US,Wisconsin,Forest,39,3,0,45.66678019,-88.77084892,55041.0,433.14082629942254,7.6923076923076925,36,39,3,0,36,39,8991,0,0,0,0,0
2020-07-03,US,Wisconsin,Grant,165,13,0,42.8671731,-90.7063218,55043.0,320.7682886525788,7.878787878787879,152,162,13,0,149,161,51554,3,0,0,3,1
2020-07-03,US,Wisconsin,Green,93,1,0,42.6794956,-89.60243287,55045.0,251.62337662337663,1.075268817204301,92,90,1,0,89,89,36929,3,0,0,3,1
2020-07-03,US,Wisconsin,Green Lake,35,0,0,43.80025981,-89.04679553,55047.0,185.05789668481998,0.0,35,34,0,0,34,33,18918,1,0,0,1,1
2020-07-03,US,Wisconsin,Iowa,33,0,0,43.00050278,-90.13469017,55049.0,139.36987921277134,0.0,33,32,0,0,32,32,23771,1,0,0,1,0
2020-07-03,US,Wisconsin,Iron,7,1,0,46.26302338,-90.24295041,55051.0,123.08774397749252,14.285714285714285,6,7,1,0,6,7,5676,0,0,0,0,0
2020-07-03,US,Wisconsin,Jackson,27,1,0,44.31864893,-90.80566792,55053.0,130.79494259555298,3.703703703703704,26,27,1,0,26,27,20478,0,0,0,0,0
2020-07-03,US,Wisconsin,Jefferson,260,4,0,43.02054068,-88.77529134,55055.0,306.71589850063117,1.5384615384615383,256,257,4,0,253,242,85129,3,0,0,3,15
2020-07-03,US,Wisconsin,Juneau,42,1,0,43.92456975,-90.11120239,55057.0,157.3799977517143,2.380952380952381,41,40,1,0,39,39,26617,2,0,0,2,1
2020-07-03,US,Wisconsin,Kenosha,1547,44,0,42.57639354,-88.04051686,55059.0,912.3560252652437,2.8442146089204914,1503,1531,44,0,1487,1522,169290,16,0,0,16,9
2020-07-03,US,Wisconsin,Kewaunee,61,1,0,44.51727459,-87.61468386,55061.0,298.5220710580405,1.639344262295082,60,60,1,0,59,59,20383,1,0,0,1,1
2020-07-03,US,Wisconsin,La Crosse,497,0,0,43.90632465,-91.11451093,55063.0,421.12933839479393,0.0,497,492,0,0,492,455,118230,5,0,0,5,37
2020-07-03,US,Wisconsin,Lafayette,74,0,0,42.66005229,-90.1317729,55065.0,444.04440444044405,0.0,74,74,0,0,74,74,16665,0,0,0,0,0
2020-07-03,US,Wisconsin,Langlade,11,0,0,45.26271619,-89.07483625,55067.0,57.32450883318568,0.0,11,10,0,0,10,10,19268,1,0,0,1,0
2020-07-03,US,Wisconsin,Lincoln,12,0,0,45.33737523,-89.73411273,55069.0,43.48929076214982,0.0,12,11,0,0,11,10,27689,1,0,0,1,1
2020-07-03,US,Wisconsin,Manitowoc,104,1,0,44.11946801,-87.80928853,55071.0,131.67723882959191,0.9615384615384616,103,100,1,0,99,99,79074,4,0,0,4,1
2020-07-03,US,Wisconsin,Marathon,189,1,0,44.89792533,-89.75863384,55073.0,139.28603012705244,0.5291005291005291,188,186,1,0,185,174,135428,3,0,0,3,12
2020-07-03,US,Wisconsin,Marinette,64,3,0,45.38553432,-88.03324599999998,55075.0,158.61214374225526,4.6875,61,60,3,0,57,60,40434,4,0,0,4,0
2020-07-03,US,Wisconsin,Marquette,17,1,0,43.81911946,-89.40073763,55077.0,109.15628611788877,5.882352941176472,16,17,1,0,16,16,15434,0,0,0,0,1
2020-07-03,US,Wisconsin,Menominee,7,0,0,45.00422544,-88.70950714,55078.0,153.64354697102718,0.0,7,7,0,0,7,7,4658,0,0,0,0,0
2020-07-03,US,Wisconsin,Milwaukee,11823,391,0,43.00486062,-87.96733172,55079.0,1250.1506778919052,3.3071132538272856,11432,11649,391,0,11258,11510,948201,174,0,0,174,139
2020-07-03,US,Wisconsin,Monroe,73,1,0,43.94641218,-90.61881899999999,55081.0,157.82760037186776,1.3698630136986298,72,66,1,0,65,65,46051,7,0,0,7,1
2020-07-03,US,Wisconsin,Oconto,62,0,0,45.02715345,-88.26807503,55083.0,163.45900342736618,0.0,62,61,0,0,61,61,37830,1,0,0,1,0
2020-07-03,US,Wisconsin,Oneida,20,0,0,45.70677897,-89.51944105,55085.0,56.18766680713584,0.0,20,20,0,0,20,20,35470,0,0,0,0,0
2020-07-03,US,Wisconsin,Outagamie,508,9,0,44.41578887,-88.46565023,55087.0,270.37815685126543,1.7716535433070866,499,500,9,0,491,491,187365,8,0,0,8,9
2020-07-03,US,Wisconsin,Ozaukee,242,15,0,43.38352225,-87.94625009,55089.0,271.2365922820861,6.198347107438017,227,241,15,0,226,238,89147,1,0,0,1,3
2020-07-03,US,Wisconsin,Pepin,1,0,0,44.58307413,-91.99949611,55091.0,13.723068478111706,0.0,1,1,0,0,1,1,7289,0,0,0,0,0
2020-07-03,US,Wisconsin,Pierce,72,0,0,44.71850291,-92.4224416,55093.0,168.4052954109557,0.0,72,68,0,0,68,68,42555,4,0,0,4,0
2020-07-03,US,Wisconsin,Polk,59,1,0,45.46130348,-92.44182875,55095.0,134.75549870954478,1.6949152542372878,58,57,1,0,56,52,43598,2,0,0,2,5
2020-07-03,US,Wisconsin,Portage,168,0,0,44.47558711,-89.50152965,55097.0,237.38201548635053,0.0,168,162,0,0,162,147,70942,6,0,0,6,15
2020-07-03,US,Wisconsin,Price,2,0,0,45.68051754,-90.36098879999999,55099.0,14.980151299528124,0.0,2,2,0,0,2,2,13397,0,0,0,0,0
2020-07-03,US,Wisconsin,Racine,2194,65,0,42.74753117,-88.05941254,55101.0,1117.6143975630505,2.962625341841385,2129,2187,64,0,2123,2176,196584,7,1,0,6,11
2020-07-03,US,Wisconsin,Richland,15,4,0,43.3762778,-90.43012729,55103.0,86.94644099234871,26.66666666666667,11,15,4,0,11,15,17377,0,0,0,0,0
2020-07-03,US,Wisconsin,Rock,897,24,0,42.67151616,-89.07147900000002,55105.0,549.1141937142647,2.6755852842809364,873,882,24,0,858,873,163129,15,0,0,15,9
2020-07-03,US,Wisconsin,Rusk,11,0,0,45.47498854,-91.1333012,55107.0,77.58499083086474,0.0,11,11,0,0,11,11,14147,0,0,0,0,0
2020-07-03,US,Wisconsin,Sauk,117,3,0,43.42574087,-89.94966132,55111.0,181.55861084385958,2.5641025641025643,114,109,3,0,106,108,64249,8,0,0,8,1
2020-07-03,US,Wisconsin,Sawyer,12,0,0,45.87931905,-91.14504927,55113.0,72.47252083584974,0.0,12,12,0,0,12,12,16489,0,0,0,0,0
2020-07-03,US,Wisconsin,Shawano,81,0,0,44.78902246,-88.76443896,55115.0,198.04885205017243,0.0,81,78,0,0,78,78,40796,3,0,0,3,0
2020-07-03,US,Wisconsin,Sheboygan,223,4,0,43.72099677,-87.94579284,55117.0,193.34142535113568,1.7937219730941705,219,214,4,0,210,208,115456,9,0,0,9,6
2020-07-03,US,Wisconsin,St. Croix,191,1,0,45.03437474,-92.45000068,55109.0,210.61453129996585,0.5235602094240838,190,179,1,0,178,171,89694,12,0,0,12,8
2020-07-03,US,Wisconsin,Taylor,16,0,0,45.21179252,-90.5004405,55119.0,78.65113306788577,0.0,16,14,0,0,14,13,20412,2,0,0,2,1
2020-07-03,US,Wisconsin,Trempealeau,126,0,0,44.30360275,-91.35893614,55121.0,424.9721744409592,0.0,126,122,0,0,122,118,29442,4,0,0,4,4
2020-07-03,US,Wisconsin,Vernon,38,0,0,43.59422667,-90.8324691,55123.0,123.28856011939524,0.0,38,37,0,0,37,36,30785,1,0,0,1,1
2020-07-03,US,Wisconsin,Vilas,10,0,0,46.05467334,-89.51719204,55125.0,45.05519261094841,0.0,10,10,0,0,10,10,21938,0,0,0,0,0
2020-07-03,US,Wisconsin,Walworth,650,18,0,42.66858202,-88.54163073,55127.0,625.7942773520238,2.769230769230769,632,622,18,0,604,612,103718,28,0,0,28,10
2020-07-03,US,Wisconsin,Washburn,4,0,0,45.89838588,-91.79050449,55129.0,25.44529262086514,0.0,4,4,0,0,4,4,15878,0,0,0,0,0
2020-07-03,US,Wisconsin,Washington,411,16,0,43.36863664,-88.22974712,55131.0,302.13034976549983,3.892944038929441,395,395,16,0,379,380,135693,16,0,0,16,15
2020-07-03,US,Wisconsin,Waukesha,1272,39,0,43.01833055,-88.30431188,55133.0,314.69725233672614,3.0660377358490565,1233,1250,39,0,1211,1210,403072,22,0,0,22,40
2020-07-03,US,Wisconsin,Waupaca,122,10,0,44.47068056,-88.96534501,55135.0,239.2626005099039,8.196721311475411,112,121,10,0,111,116,51128,1,0,0,1,5
2020-07-03,US,Wisconsin,Waushara,32,0,0,44.11324419,-89.24317107,55137.0,130.91682690340792,0.0,32,31,0,0,31,29,24263,1,0,0,1,2
2020-07-03,US,Wisconsin,Winnebago,692,13,0,44.06886922,-88.64477096,55139.0,402.5432355866835,1.8786127167630056,679,692,11,0,681,683,171020,0,2,0,-2,9
2020-07-03,US,Wisconsin,Wood,69,1,0,44.45537896,-90.04158336,55141.0,94.52184276496936,1.4492753623188406,68,63,1,0,62,61,73055,6,0,0,6,2
2020-07-03,US,Wyoming,Albany,35,0,0,41.65498705,-105.72354150000001,56001.0,90.02057613168724,0.0,35,34,0,0,34,34,38601,1,0,0,1,0
2020-07-03,US,Wyoming,Big Horn,21,0,0,44.52405055,-107.9960365,56003.0,178.11704834605598,0.0,21,20,0,0,20,20,11881,1,0,0,1,0
2020-07-03,US,Wyoming,Campbell,58,0,0,44.24886082,-105.54744040000001,56005.0,125.15914632830538,0.0,58,57,0,0,57,56,46140,1,0,0,1,1
2020-07-03,US,Wyoming,Carbon,24,0,0,41.69357844,-106.9326084,56007.0,162.16216216216216,0.0,24,23,0,0,23,23,14971,1,0,0,1,0
2020-07-03,US,Wyoming,Converse,26,0,0,42.97272268,-105.5081848,56009.0,188.10591810157717,0.0,26,26,0,0,26,26,13640,0,0,0,0,0
2020-07-03,US,Wyoming,Crook,7,0,0,44.58855102,-104.56977049999999,56011.0,92.2995780590717,0.0,7,7,0,0,7,7,7450,0,0,0,0,0
2020-07-03,US,Wyoming,Fremont,362,0,0,43.04183996,-108.6296893,56013.0,922.0345890323732,0.0,362,361,0,0,361,358,39531,1,0,0,1,3
2020-07-03,US,Wyoming,Goshen,6,0,0,42.08798185,-104.3534743,56015.0,45.41669820604042,0.0,6,5,0,0,5,5,13376,1,0,0,1,0
2020-07-03,US,Wyoming,Hot Springs,12,0,0,43.71930657,-108.44231740000001,56017.0,271.92386131883075,0.0,12,12,0,0,12,12,4555,0,0,0,0,0
2020-07-03,US,Wyoming,Johnson,20,1,0,44.04057166,-106.58451740000001,56019.0,236.82652457075199,5.0,19,20,1,0,19,20,8460,0,0,0,0,0
2020-07-03,US,Wyoming,Laramie,286,0,0,41.30702520000001,-104.6887497,56021.0,287.43718592964825,0.0,286,282,0,0,282,270,98976,4,0,0,4,12
2020-07-03,US,Wyoming,Lincoln,33,0,0,42.26376367,-110.6563997,56023.0,166.4145234493192,0.0,33,27,0,0,27,24,19434,6,0,0,6,3
2020-07-03,US,Wyoming,Natrona,134,0,0,42.96180148,-106.79788500000001,56025.0,167.79784116807332,0.0,134,131,0,0,131,126,79115,3,0,0,3,5
2020-07-03,US,Wyoming,Niobrara,2,0,0,43.05607708,-104.47588959999999,56027.0,84.88964346349746,0.0,2,2,0,0,2,2,2388,0,0,0,0,0
2020-07-03,US,Wyoming,Park,61,0,0,44.52157546,-109.58528249999999,56029.0,208.94704391313286,0.0,61,57,0,0,57,56,29324,4,0,0,4,1
2020-07-03,US,Wyoming,Platte,4,0,0,42.13299116,-104.96633100000001,56031.0,47.658763255093525,0.0,4,4,0,0,4,4,8566,0,0,0,0,0
2020-07-03,US,Wyoming,Sheridan,27,0,0,44.79048913,-106.8862389,56033.0,88.56814826964079,0.0,27,27,0,0,27,27,30233,0,0,0,0,0
2020-07-03,US,Wyoming,Sublette,6,0,0,42.76558279,-109.91309220000001,56035.0,61.03143118706135,0.0,6,6,0,0,6,6,9813,0,0,0,0,0
2020-07-03,US,Wyoming,Sweetwater,100,0,0,41.65943896,-108.8827882,56037.0,236.16654464728526,0.0,100,92,0,0,92,89,43051,8,0,0,8,3
2020-07-03,US,Wyoming,Teton,135,0,0,43.93522482,-110.5890801,56039.0,575.3494715308557,0.0,135,136,0,0,136,131,23081,-1,0,0,-1,5
2020-07-03,US,Wyoming,Uinta,182,0,0,41.2878183,-110.54757820000002,56041.0,899.8318995352516,0.0,182,180,0,0,180,177,20299,2,0,0,2,3
2020-07-03,US,Wyoming,Unassigned,0,19,0,0.0,0.0,90056.0,0.0,0.0,-19,0,19,0,-19,0,,0,0,0,0,0
2020-07-03,US,Wyoming,Washakie,39,0,0,43.90451606,-107.68018700000002,56043.0,499.6796925048046,0.0,39,39,0,0,39,39,7885,0,0,0,0,0
2020-07-03,US,Wyoming,Weston,2,0,0,43.83961191,-104.56748809999999,56045.0,28.872527789808,0.0,2,2,0,0,2,2,6967,0,0,0,0,0
