Date,Country/Region,Province/State,Admin2,Confirmed,Deaths,Recovered,Latitude,Longitude,FIPS,Incidence_Rate,Case-Fatality_Ratio,Active Cases,Previous Confirmed,Previous Deaths,Previous Recovered,Previous Active,Prev2 Confirmed,Population,Daily Confirmed,Daily Deaths,Daily Recovered,Daily Active,Previous Daily Confirmed
2020-06-24,US,Alabama,Autauga,463,10,0,32.53952745,-86.64408227,1001.0,828.7243372890154,2.159827213822894,453,447,8,0,439,436,55601,16,2,0,14,11
2020-06-24,US,Alabama,Baldwin,449,9,0,30.72774991,-87.72207058,1003.0,201.134235824292,2.0044543429844097,440,435,9,0,426,422,218022,14,0,0,14,13
2020-06-24,US,Alabama,Barbour,287,1,0,31.868263,-85.3871286,1005.0,1162.602284695779,0.3484320557491289,286,279,1,0,278,276,24881,8,0,0,8,3
2020-06-24,US,Alabama,Bibb,138,1,0,32.99642064,-87.12511459999996,1007.0,616.2364919174779,0.7246376811594203,137,132,1,0,131,126,22400,6,0,0,6,6
2020-06-24,US,Alabama,Blount,165,1,0,33.98210918,-86.56790593,1009.0,285.3387749455262,0.6060606060606061,164,156,1,0,155,150,57840,9,0,0,9,6
2020-06-24,US,Alabama,Bullock,332,10,0,32.10030533,-85.71265535,1011.0,3286.803286803287,3.0120481927710845,322,325,9,0,316,325,10138,7,1,0,6,0
2020-06-24,US,Alabama,Butler,582,27,0,31.75300095,-86.68057478,1013.0,2992.595639654463,4.639175257731959,555,579,27,0,552,576,19680,3,0,0,3,3
2020-06-24,US,Alabama,Calhoun,212,5,0,33.77483727,-85.82630386,1015.0,186.611504775318,2.358490566037736,207,208,5,0,203,207,114277,4,0,0,4,1
2020-06-24,US,Alabama,Chambers,529,27,0,32.91360079,-85.39072749,1017.0,1590.7860708486194,5.103969754253309,502,520,27,0,493,514,33615,9,0,0,9,6
2020-06-24,US,Alabama,Cherokee,56,7,0,34.17805983,-85.60638968,1019.0,213.77309512902733,12.5,49,56,7,0,49,56,26032,0,0,0,0,0
2020-06-24,US,Alabama,Chilton,178,2,0,32.85044126,-86.7173256,1021.0,400.64823984874397,1.1235955056179776,176,169,2,0,167,163,44153,9,0,0,9,6
2020-06-24,US,Alabama,Choctaw,185,12,0,32.02227341,-88.26564429999998,1023.0,1469.536897291286,6.486486486486488,173,185,12,0,173,185,12841,0,0,0,0,0
2020-06-24,US,Alabama,Clarke,230,5,0,31.68099859,-87.83548597,1025.0,973.6686140038946,2.1739130434782608,225,221,4,0,217,217,23920,9,1,0,8,4
2020-06-24,US,Alabama,Clay,34,2,0,33.26984193,-85.85836077,1027.0,256.89459765772574,5.882352941176472,32,34,2,0,32,33,13275,0,0,0,0,1
2020-06-24,US,Alabama,Cleburne,23,1,0,33.67679204,-85.52005899,1029.0,154.25888665325286,4.3478260869565215,22,23,1,0,22,22,14987,0,0,0,0,1
2020-06-24,US,Alabama,Coffee,326,1,0,31.39932826,-85.98901039,1031.0,622.8267930151694,0.3067484662576687,325,315,1,0,314,313,51909,11,0,0,11,2
2020-06-24,US,Alabama,Colbert,314,5,0,34.69847452,-87.80168544,1033.0,568.4183848952771,1.5923566878980893,309,303,5,0,298,298,54762,11,0,0,11,5
2020-06-24,US,Alabama,Conecuh,151,3,0,31.43401703,-86.99320044,1035.0,1251.3466478826551,1.9867549668874167,148,144,1,0,143,141,12277,7,2,0,5,3
2020-06-24,US,Alabama,Coosa,52,1,0,32.93690146,-86.24847739,1037.0,487.667635749789,1.9230769230769231,51,52,1,0,51,50,10715,0,0,0,0,2
2020-06-24,US,Alabama,Covington,254,4,0,31.247785399999998,-86.45050893,1039.0,685.5785581257254,1.5748031496062993,250,238,2,0,236,224,36986,16,2,0,14,14
2020-06-24,US,Alabama,Crenshaw,118,3,0,31.72941803,-86.31593104,1041.0,856.8109207086842,2.5423728813559316,115,116,3,0,113,115,13824,2,0,0,2,1
2020-06-24,US,Alabama,Cullman,326,3,0,34.13020303,-86.86888037,1043.0,389.170088816732,0.9202453987730062,323,312,3,0,309,305,83442,14,0,0,14,7
2020-06-24,US,Alabama,Dale,209,0,0,31.43037123,-85.61095742,1045.0,425.03863987635236,0.0,209,206,0,0,206,202,48956,3,0,0,3,4
2020-06-24,US,Alabama,Dallas,687,7,0,32.32688101,-87.10866709999998,1047.0,1846.9727927734168,1.0189228529839884,680,660,6,0,654,640,38310,27,1,0,26,20
2020-06-24,US,Alabama,DeKalb,445,5,0,34.45946862,-85.80782906,1049.0,622.264483380644,1.1235955056179776,440,427,5,0,422,414,71385,18,0,0,18,13
2020-06-24,US,Alabama,Elmore,706,12,0,32.59785413,-86.14415284,1051.0,869.36177024714,1.69971671388102,694,689,12,0,677,677,81887,17,0,0,17,12
2020-06-24,US,Alabama,Escambia,172,6,0,31.1256789,-87.15918694,1053.0,469.52201566893234,3.4883720930232562,166,166,6,0,160,158,36748,6,0,0,6,8
2020-06-24,US,Alabama,Etowah,453,12,0,34.04567266,-86.04051873,1055.0,442.95380764266434,2.6490066225165565,441,429,12,0,417,415,102501,24,0,0,24,14
2020-06-24,US,Alabama,Fayette,60,1,0,33.72076938,-87.73886638,1057.0,368.0529996319471,1.6666666666666667,59,59,1,0,58,58,16433,1,0,0,1,1
2020-06-24,US,Alabama,Franklin,799,10,0,34.44235334,-87.84289505,1059.0,2547.6691537529496,1.2515644555694618,789,784,10,0,774,779,31363,15,0,0,15,5
2020-06-24,US,Alabama,Geneva,53,0,0,31.09389027,-85.83572839,1061.0,201.74336721099309,0.0,53,51,0,0,51,51,26314,2,0,0,2,0
2020-06-24,US,Alabama,Greene,157,6,0,32.85504247,-87.95684022,1063.0,1935.642954013069,3.8216560509554136,151,157,6,0,151,154,8233,0,0,0,0,3
2020-06-24,US,Alabama,Hale,264,19,0,32.76039258,-87.63284988,1065.0,1801.9247832912424,7.196969696969697,245,264,18,0,246,262,14726,0,1,0,-1,2
2020-06-24,US,Alabama,Henry,123,4,0,31.51148016,-85.24267944,1067.0,714.9084568439407,3.2520325203252027,119,121,3,0,118,119,17209,2,1,0,1,2
2020-06-24,US,Alabama,Houston,372,4,0,31.15197924,-85.29939599,1069.0,351.3345044483482,1.075268817204301,368,354,4,0,350,348,104722,18,0,0,18,6
2020-06-24,US,Alabama,Jackson,163,3,0,34.78144169,-85.99750489,1071.0,315.7323829078371,1.8404907975460123,160,159,3,0,156,152,51736,4,0,0,4,7
2020-06-24,US,Alabama,Jefferson,3187,129,0,33.55554728,-86.89506300000002,1073.0,483.92509258654695,4.047693755883277,3058,3100,126,0,2974,3025,659300,87,3,0,84,75
2020-06-24,US,Alabama,Lamar,59,0,0,33.77995024,-88.09668032,1075.0,427.38138355668235,0.0,59,57,0,0,57,55,13844,2,0,0,2,2
2020-06-24,US,Alabama,Lauderdale,323,4,0,34.90171875,-87.65624729,1077.0,348.32684489210493,1.238390092879257,319,306,4,0,302,297,92387,17,0,0,17,9
2020-06-24,US,Alabama,Lawrence,81,0,0,34.52041498,-87.31069453,1079.0,246.0211395942169,0.0,81,77,0,0,77,76,32957,4,0,0,4,1
2020-06-24,US,Alabama,Lee,959,36,0,32.60154883,-85.35132246,1081.0,582.8299157661874,3.7539103232533884,923,900,35,0,865,865,163941,59,1,0,58,35
2020-06-24,US,Alabama,Limestone,294,0,0,34.81185586,-86.98310072,1083.0,297.22489005711975,0.0,294,283,0,0,283,273,96174,11,0,0,11,10
2020-06-24,US,Alabama,Lowndes,424,17,0,32.1597283,-86.65158371,1085.0,4359.4488998560555,4.0094339622641515,407,423,15,0,408,420,9974,1,2,0,-1,3
2020-06-24,US,Alabama,Macon,150,7,0,32.38759944,-85.69267724,1087.0,830.1970334292673,4.666666666666667,143,147,7,0,140,148,18439,3,0,0,3,-1
2020-06-24,US,Alabama,Madison,753,6,0,34.76327133,-86.55069633,1089.0,201.9259390360651,0.796812749003984,747,727,6,0,721,711,366519,26,0,0,26,16
2020-06-24,US,Alabama,Marengo,248,11,0,32.24767634,-87.78796182,1091.0,1314.743147961618,4.435483870967742,237,243,11,0,232,237,19066,5,0,0,5,6
2020-06-24,US,Alabama,Marion,179,12,0,34.13697363,-87.88704173,1093.0,602.5110235955434,6.70391061452514,167,171,12,0,159,168,29763,8,0,0,8,3
2020-06-24,US,Alabama,Marshall,1182,9,0,34.36975964,-86.30486727,1095.0,1221.4024428048856,0.7614213197969543,1173,1140,9,0,1131,1097,96109,42,0,0,42,43
2020-06-24,US,Alabama,Mobile,3164,134,0,30.78472347,-88.20842409,1097.0,765.712349652719,4.235145385587863,3030,3052,132,0,2920,3014,413757,112,2,0,110,38
2020-06-24,US,Alabama,Monroe,171,2,0,31.56729412,-87.36995001,1099.0,824.7721024453772,1.1695906432748535,169,168,2,0,166,162,21067,3,0,0,3,6
2020-06-24,US,Alabama,Montgomery,3394,87,0,32.2206831,-86.20969272,1101.0,1498.5473715814665,2.563347083087802,3307,3307,85,0,3222,3254,225763,87,2,0,85,53
2020-06-24,US,Alabama,Morgan,818,2,0,34.45500589,-86.85475946,1103.0,683.4950158340226,0.2444987775061125,816,775,2,0,773,759,119089,43,0,0,43,16
2020-06-24,US,Alabama,Perry,96,0,0,32.64048341,-87.29770589,1105.0,1075.8713437184804,0.0,96,91,0,0,91,88,9140,5,0,0,5,3
2020-06-24,US,Alabama,Pickens,174,6,0,33.28094866,-88.08818103,1107.0,873.0556949322629,3.4482758620689653,168,171,6,0,165,169,19938,3,0,0,3,2
2020-06-24,US,Alabama,Pike,373,4,0,31.80396383,-85.9408295,1109.0,1126.4117895754061,1.0723860589812333,369,366,4,0,362,357,33338,7,0,0,7,9
2020-06-24,US,Alabama,Randolph,147,9,0,33.29526734,-85.45708831,1111.0,646.9500924214417,6.1224489795918355,138,144,9,0,135,142,22725,3,0,0,3,2
2020-06-24,US,Alabama,Russell,391,0,0,32.28725256,-85.18415324,1113.0,674.59153568779,0.0,391,378,0,0,378,366,57781,13,0,0,13,12
2020-06-24,US,Alabama,Shelby,843,23,0,33.26879845,-86.66232561,1117.0,387.22657577789823,2.7283511269276395,820,811,22,0,789,779,215707,32,1,0,31,32
2020-06-24,US,Alabama,St. Clair,219,2,0,33.71902176,-86.31029372,1115.0,244.65993386361612,0.9132420091324199,217,210,2,0,208,204,88690,9,0,0,9,6
2020-06-24,US,Alabama,Sumter,271,12,0,32.59117397,-88.19916205,1119.0,2180.7354952925084,4.428044280442805,259,269,12,0,257,268,12691,2,0,0,2,1
2020-06-24,US,Alabama,Talladega,193,6,0,33.37823223,-86.16886178,1121.0,241.31636199954983,3.1088082901554404,187,189,6,0,183,185,79828,4,0,0,4,4
2020-06-24,US,Alabama,Tallapoosa,524,69,0,32.86698258,-85.79833053,1123.0,1298.0900240295289,13.16793893129771,455,518,69,0,449,513,40497,6,0,0,6,5
2020-06-24,US,Alabama,Tuscaloosa,1665,35,0,33.28726072,-87.52556818,1125.0,795.2998495378662,2.1021021021021022,1630,1637,35,0,1602,1604,208911,28,0,0,28,33
2020-06-24,US,Alabama,Unassigned,440,12,0,0.0,0.0,90001.0,0.0,2.727272727272727,428,427,10,0,417,423,,13,2,0,11,4
2020-06-24,US,Alabama,Walker,731,12,0,33.80270512,-87.30027177,1127.0,1150.8005226617968,1.6415868673050615,719,712,10,0,702,695,63711,19,2,0,17,17
2020-06-24,US,Alabama,Washington,94,6,0,31.4092794,-88.20689944,1129.0,575.7687124831557,6.382978723404255,88,94,6,0,88,94,16378,0,0,0,0,0
2020-06-24,US,Alabama,Wilcox,257,8,0,31.98773215,-87.30891118,1131.0,2477.586040682541,3.1128404669260696,249,251,8,0,243,246,10627,6,0,0,6,5
2020-06-24,US,Alabama,Winston,193,2,0,34.15030532,-87.37325922,1133.0,816.7929239493843,1.0362694300518134,191,178,1,0,177,177,23660,15,1,0,14,1
2020-06-24,US,Alaska,Anchorage,373,6,0,61.14998174,-149.14269860000005,2020.0,129.51388888888889,1.6085790884718498,367,355,6,0,349,355,291538,18,0,0,18,0
2020-06-24,US,Alaska,Bethel,7,0,0,60.90980451,-159.8561831,2050.0,38.072446426628964,0.0,7,6,0,0,6,6,18216,1,0,0,1,0
2020-06-24,US,Alaska,Fairbanks North Star,122,2,0,64.80726247,-146.5692662,2090.0,125.96929240363865,1.639344262295082,120,117,2,0,115,117,98971,5,0,0,5,0
2020-06-24,US,Alaska,Haines,2,0,0,59.09893571,-135.4679843,2100.0,79.05138339920948,0.0,2,3,0,0,3,2,2474,-1,0,0,-1,1
2020-06-24,US,Alaska,Juneau,39,0,0,58.45031811,-134.200436,2110.0,121.97410395946709,0.0,39,39,0,0,39,39,32113,0,0,0,0,0
2020-06-24,US,Alaska,Kenai Peninsula,121,2,0,60.24429722,-151.53888840000005,2122.0,206.10478980718133,1.6528925619834711,119,120,2,0,118,120,58533,1,0,0,1,0
2020-06-24,US,Alaska,Ketchikan Gateway,22,0,0,55.57445008,-130.975561,2130.0,158.26199553988926,0.0,22,21,0,0,21,21,13918,1,0,0,1,0
2020-06-24,US,Alaska,Kodiak Island,3,0,0,57.65529415,-153.7493579,2150.0,23.08047391906447,0.0,3,3,0,0,3,3,13345,0,0,0,0,0
2020-06-24,US,Alaska,Matanuska-Susitna,61,1,0,62.31305045,-149.5741743,2170.0,56.316183055291404,1.639344262295082,60,57,1,0,56,57,107610,4,0,0,4,0
2020-06-24,US,Alaska,Nome,6,0,0,64.90320724,-164.0353804,2180.0,59.976009596161525,0.0,6,5,0,0,5,5,10008,1,0,0,1,0
2020-06-24,US,Alaska,North Slope,4,0,0,69.31479216,-153.4836093,2185.0,40.68348250610252,0.0,4,4,0,0,4,4,9872,0,0,0,0,0
2020-06-24,US,Alaska,Northwest Arctic,4,0,0,67.04919196,-159.7503946,2188.0,52.48655032148013,0.0,4,4,0,0,4,4,7671,0,0,0,0,0
2020-06-24,US,Alaska,Petersburg,4,1,0,57.13978948,-132.9540995,2195.0,122.47397428046541,25.0,3,4,1,0,3,4,3221,0,0,0,0,0
2020-06-24,US,Alaska,Prince of Wales-Hyder,2,0,0,55.76261984,-133.0511621,2198.0,32.24246332419797,0.0,2,2,0,0,2,2,6422,0,0,0,0,0
2020-06-24,US,Alaska,Sitka,11,0,0,57.24124555,-135.3206587,2220.0,129.5184269398328,0.0,11,11,0,0,11,11,8647,0,0,0,0,0
2020-06-24,US,Alaska,Southeast Fairbanks,3,0,0,63.87692095,-143.2127643,2240.0,43.52241404323227,0.0,3,4,0,0,4,3,6918,-1,0,0,-1,1
2020-06-24,US,Alaska,Wrangell,3,0,0,56.3202004,-132.05837309999998,2275.0,119.90407673860909,0.0,3,3,0,0,3,3,2503,0,0,0,0,0
2020-06-24,US,Alaska,Yukon-Koyukuk,2,0,0,65.50815459,-151.39073869999999,2290.0,38.24091778202677,0.0,2,2,0,0,2,2,5327,0,0,0,0,0
2020-06-24,US,Arizona,Apache,2194,73,0,35.39465006,-109.4892383,4001.0,3052.0121857915888,3.3272561531449414,2121,2165,67,0,2098,2121,71818,29,6,0,23,44
2020-06-24,US,Arizona,Cochise,441,6,0,31.87934684,-109.7516088,4003.0,350.21680087673315,1.3605442176870748,435,432,6,0,426,372,126770,9,0,0,9,60
2020-06-24,US,Arizona,Coconino,1611,91,0,35.83883429,-111.77071780000001,4005.0,1122.8358749895453,5.648665425201738,1520,1595,90,0,1505,1541,142854,16,1,0,15,54
2020-06-24,US,Arizona,Gila,201,5,0,33.80190085,-110.8132779,4007.0,372.0981894923914,2.487562189054726,196,192,5,0,187,176,53889,9,0,0,9,16
2020-06-24,US,Arizona,Graham,71,1,0,32.93166885,-109.8882178,4009.0,182.81535648994515,1.4084507042253518,70,66,1,0,65,65,38072,5,0,0,5,1
2020-06-24,US,Arizona,Greenlee,16,1,0,33.21498827,-109.2405279,4011.0,168.4565171615077,6.25,15,16,1,0,15,13,9483,0,0,0,0,3
2020-06-24,US,Arizona,La Paz,289,4,0,33.72854224,-113.98100290000001,4012.0,1369.1491377676712,1.3840830449826989,285,286,3,0,283,279,21098,3,1,0,2,7
2020-06-24,US,Arizona,Maricopa,34992,690,0,33.34835867,-112.49181540000001,4013.0,780.1286570202884,1.9718792866941013,34302,33883,663,0,33220,31650,4410824,1109,27,0,1082,2233
2020-06-24,US,Arizona,Mohave,841,78,0,35.70471703,-113.7577902,4015.0,396.3597117555295,9.274673008323424,763,813,75,0,738,723,209550,28,3,0,25,90
2020-06-24,US,Arizona,Navajo,3248,114,0,35.3997715,-110.3218983,4017.0,2928.1309725577867,3.5098522167487687,3134,3166,97,0,3069,3037,110445,82,17,0,65,129
2020-06-24,US,Arizona,Pima,6318,255,0,32.0971334,-111.7890033,4019.0,603.2776366183224,4.036087369420703,6063,6089,247,0,5842,5587,1039073,229,8,0,221,502
2020-06-24,US,Arizona,Pinal,2778,55,0,32.90525627,-111.3449483,4021.0,600.2735587924518,1.9798416126709864,2723,2704,51,0,2653,2459,447138,74,4,0,70,245
2020-06-24,US,Arizona,Santa Cruz,1538,14,0,31.52508998,-110.8479088,4023.0,3307.669147060089,0.9102730819245772,1524,1521,13,0,1508,1482,46511,17,1,0,16,39
2020-06-24,US,Arizona,Unassigned,0,1,0,0.0,0.0,90004.0,0.0,0.0,-1,0,1,0,-1,0,,0,0,0,0,0
2020-06-24,US,Arizona,Yavapai,521,7,0,34.59933926,-112.5538588,4025.0,221.60876907175282,1.343570057581574,514,510,7,0,503,490,231993,11,0,0,11,20
2020-06-24,US,Arizona,Yuma,5131,72,0,32.76895712,-113.90666740000002,4027.0,2400.052388592384,1.4032352367959462,5059,4940,69,0,4871,4604,212128,191,3,0,188,336
2020-06-24,US,Arkansas,Arkansas,22,0,0,34.29145151,-91.37277296,5001.0,125.81493766441723,0.0,22,21,0,0,21,19,17769,1,0,0,1,2
2020-06-24,US,Arkansas,Ashley,58,1,0,33.19153461,-91.76984709999999,5003.0,295.06028386834214,1.7241379310344829,57,57,1,0,56,56,20046,1,0,0,1,1
2020-06-24,US,Arkansas,Baxter,15,0,0,36.28784385,-92.33782872,5005.0,35.7722026137556,0.0,15,15,0,0,15,15,41619,0,0,0,0,0
2020-06-24,US,Arkansas,Benton,2196,14,0,36.33644656,-94.25680817,5007.0,786.6991950304684,0.6375227686703097,2182,2128,14,0,2114,2087,272608,68,0,0,68,41
2020-06-24,US,Arkansas,Boone,16,1,0,36.3084504,-93.09374925,5009.0,42.74417610600555,6.25,15,14,1,0,13,13,37480,2,0,0,2,1
2020-06-24,US,Arkansas,Bradley,38,2,0,33.46755808,-92.15980837,5011.0,353.06141410387437,5.2631578947368425,36,38,2,0,36,38,10897,0,0,0,0,0
2020-06-24,US,Arkansas,Carroll,141,4,0,36.34038560000001,-93.54270261,5015.0,496.8287526427062,2.8368794326241136,137,136,4,0,132,136,28223,5,0,0,5,0
2020-06-24,US,Arkansas,Chicot,96,2,0,33.26458973,-91.29539209,5017.0,948.8041114844832,2.083333333333333,94,93,2,0,91,88,10438,3,0,0,3,5
2020-06-24,US,Arkansas,Clark,54,0,0,34.04613432,-93.17484713,5019.0,241.9354838709677,0.0,54,53,0,0,53,53,22061,1,0,0,1,0
2020-06-24,US,Arkansas,Clay,49,3,0,36.36826212,-90.4148172,5021.0,336.7466153528967,6.1224489795918355,46,48,3,0,45,46,14847,1,0,0,1,2
2020-06-24,US,Arkansas,Cleburne,78,4,0,35.53864922,-92.02640019,5023.0,313.01416589750795,5.128205128205129,74,77,4,0,73,77,24965,1,0,0,1,0
2020-06-24,US,Arkansas,Cleveland,25,0,0,33.89723187,-92.18537045,5025.0,314.228255404726,0.0,25,25,0,0,25,25,8018,0,0,0,0,0
2020-06-24,US,Arkansas,Columbia,72,3,0,33.21230701,-93.22642793,5027.0,306.94462207443405,4.166666666666667,69,44,3,0,41,43,23537,28,0,0,28,1
2020-06-24,US,Arkansas,Conway,39,3,0,35.26205537,-92.70506566,5029.0,187.08625155905207,7.6923076923076925,36,36,3,0,33,34,20891,3,0,0,3,2
2020-06-24,US,Arkansas,Craighead,415,6,0,35.83018283,-90.63235729,5031.0,376.1374759815829,1.4457831325301205,409,404,6,0,398,401,108558,11,0,0,11,3
2020-06-24,US,Arkansas,Crawford,112,0,0,35.58928601,-94.2446814,5033.0,177.05550373871662,0.0,112,105,0,0,105,98,63406,7,0,0,7,7
2020-06-24,US,Arkansas,Crittenden,621,10,0,35.21247318,-90.30839406,5035.0,1294.9640287769785,1.6103059581320451,611,604,10,0,594,600,48342,17,0,0,17,4
2020-06-24,US,Arkansas,Cross,83,1,0,35.29631396,-90.77185818,5037.0,505.5119069370851,1.2048192771084338,82,83,1,0,82,82,16676,0,0,0,0,1
2020-06-24,US,Arkansas,Dallas,6,0,0,33.97042763,-92.65167437,5039.0,85.60422314167499,0.0,6,6,0,0,6,6,7182,0,0,0,0,0
2020-06-24,US,Arkansas,Desha,37,0,0,33.83011025,-91.25500948,5041.0,325.6755567291612,0.0,37,29,0,0,29,29,11512,8,0,0,8,0
2020-06-24,US,Arkansas,Drew,41,1,0,33.59035001,-91.71777921,5043.0,225.03979362204294,2.4390243902439024,40,39,1,0,38,39,18328,2,0,0,2,0
2020-06-24,US,Arkansas,Faulkner,339,3,0,35.14719007,-92.33717519,5045.0,269.03267278801974,0.8849557522123894,336,305,3,0,302,290,124806,34,0,0,34,15
2020-06-24,US,Arkansas,Franklin,13,0,0,35.51202821,-93.89299569,5047.0,73.3841377363816,0.0,13,13,0,0,13,13,17810,0,0,0,0,0
2020-06-24,US,Arkansas,Fulton,10,0,0,36.38177105,-91.81729127,5049.0,80.147471347279,0.0,10,10,0,0,10,10,12269,0,0,0,0,0
2020-06-24,US,Arkansas,Garland,191,1,0,34.57692074,-93.14921604,5051.0,192.1799851085666,0.5235602094240838,190,183,1,0,182,180,99154,8,0,0,8,3
2020-06-24,US,Arkansas,Grant,28,0,0,34.29017991,-92.42320562,5053.0,153.29865863673692,0.0,28,28,0,0,28,27,18188,0,0,0,0,1
2020-06-24,US,Arkansas,Greene,99,0,0,36.11735460000001,-90.55832668,5055.0,218.42250413678985,0.0,99,97,0,0,97,94,45325,2,0,0,2,3
2020-06-24,US,Arkansas,Hempstead,46,1,0,33.73325583,-93.66935133,5057.0,213.63551922719674,2.1739130434782608,45,46,1,0,45,45,21741,0,0,0,0,1
2020-06-24,US,Arkansas,Hot Spring,396,0,0,34.31709259,-92.95396325,5059.0,1172.603713245092,0.0,396,226,0,0,226,138,33701,170,0,0,170,88
2020-06-24,US,Arkansas,Howard,70,0,0,34.09007427,-93.9934871,5061.0,530.2226935312831,0.0,70,70,0,0,70,68,13341,0,0,0,0,2
2020-06-24,US,Arkansas,Independence,48,0,0,35.74242707,-91.57001641,5063.0,126.9001982815598,0.0,48,46,0,0,46,46,37678,2,0,0,2,0
2020-06-24,US,Arkansas,Izard,20,1,0,36.09604046,-91.90847954,5065.0,146.74590945777388,5.0,19,20,1,0,19,20,13593,0,0,0,0,0
2020-06-24,US,Arkansas,Jackson,25,0,0,35.59802983,-91.21494602,5067.0,149.53047431066454,0.0,25,24,0,0,24,24,16811,1,0,0,1,0
2020-06-24,US,Arkansas,Jefferson,661,28,0,34.26767081,-91.92619839,5069.0,989.1655692565544,4.236006051437216,633,657,28,0,629,657,68114,4,0,0,4,0
2020-06-24,US,Arkansas,Johnson,166,0,0,35.56759135,-93.46036368,5071.0,624.5767175859734,0.0,166,166,0,0,166,158,26742,0,0,0,0,8
2020-06-24,US,Arkansas,Lafayette,14,1,0,33.24116713,-93.60677071,5073.0,211.35265700483086,7.142857142857142,13,13,1,0,12,13,6682,1,0,0,1,0
2020-06-24,US,Arkansas,Lawrence,98,9,0,36.04188196,-91.10867198,5075.0,597.3424356942581,9.183673469387756,89,96,9,0,87,94,16434,2,0,0,2,2
2020-06-24,US,Arkansas,Lee,621,1,0,34.78498904,-90.78383866,5077.0,7011.403409732415,0.1610305958132045,620,621,1,0,620,576,8985,0,0,0,0,45
2020-06-24,US,Arkansas,Lincoln,1036,11,0,33.95317155,-91.74002806,5079.0,7954.545454545455,1.061776061776062,1025,1036,11,0,1025,1036,13383,0,0,0,0,0
2020-06-24,US,Arkansas,Little River,37,0,0,33.70375665,-94.23468591,5081.0,301.81907170242266,0.0,37,36,0,0,36,35,12326,1,0,0,1,1
2020-06-24,US,Arkansas,Logan,36,0,0,35.21413234,-93.71951016,5083.0,167.70707164818782,0.0,36,34,0,0,34,32,21737,2,0,0,2,2
2020-06-24,US,Arkansas,Lonoke,96,0,0,34.75392199,-91.88742357,5085.0,130.95254334392777,0.0,96,91,0,0,91,89,73657,5,0,0,5,2
2020-06-24,US,Arkansas,Madison,163,0,0,36.01038185,-93.72524943,5087.0,983.3494208494208,0.0,163,162,0,0,162,154,16481,1,0,0,1,8
2020-06-24,US,Arkansas,Marion,2,0,0,36.26844485,-92.68451899,5089.0,11.980352222355338,0.0,2,2,0,0,2,2,16722,0,0,0,0,0
2020-06-24,US,Arkansas,Miller,97,2,0,33.31403423,-93.89285258,5091.0,224.2411632799316,2.061855670103093,95,94,2,0,92,92,43592,3,0,0,3,2
2020-06-24,US,Arkansas,Mississippi,128,3,0,35.76271485,-90.05194370000002,5093.0,314.8754028191188,2.34375,125,121,3,0,118,115,41239,7,0,0,7,6
2020-06-24,US,Arkansas,Monroe,8,0,0,34.6815935,-91.20540287,5095.0,119.38516639307564,0.0,8,8,0,0,8,7,6900,0,0,0,0,1
2020-06-24,US,Arkansas,Montgomery,2,0,0,34.53704874,-93.65824478,5097.0,22.256843979523698,0.0,2,2,0,0,2,2,8924,0,0,0,0,0
2020-06-24,US,Arkansas,Nevada,95,2,0,33.66340119,-93.30632432,5099.0,1151.2360639844885,2.1052631578947367,93,95,2,0,93,94,8326,0,0,0,0,1
2020-06-24,US,Arkansas,Newton,4,0,0,35.91947491,-93.21612969,5101.0,51.59293176834774,0.0,4,4,0,0,4,4,7805,0,0,0,0,0
2020-06-24,US,Arkansas,Ouachita,18,0,0,33.58839816,-92.87795984,5103.0,76.98229407236336,0.0,18,17,0,0,17,17,23606,1,0,0,1,0
2020-06-24,US,Arkansas,Perry,22,0,0,34.945915299999996,-92.94372564,5105.0,210.42563366810143,0.0,22,21,0,0,21,21,10352,1,0,0,1,0
2020-06-24,US,Arkansas,Phillips,91,3,0,34.43268455,-90.84800154,5107.0,511.75345855359353,3.2967032967032965,88,90,3,0,87,87,18029,1,0,0,1,3
2020-06-24,US,Arkansas,Pike,7,0,0,34.16250414,-93.65789349,5109.0,65.31069229333829,0.0,7,7,0,0,7,7,10673,0,0,0,0,0
2020-06-24,US,Arkansas,Poinsett,53,3,0,35.57433534,-90.66268713,5111.0,225.26351581094863,5.660377358490566,50,53,3,0,50,53,23974,0,0,0,0,0
2020-06-24,US,Arkansas,Polk,69,0,0,34.48254879,-94.22728802,5113.0,345.62211981566816,0.0,69,67,0,0,67,67,20049,2,0,0,2,0
2020-06-24,US,Arkansas,Pope,363,3,0,35.44871474,-93.03212219,5115.0,566.5501311025098,0.8264462809917356,360,349,2,0,347,333,64000,14,1,0,13,16
2020-06-24,US,Arkansas,Prairie,18,0,0,34.83624419,-91.55162157,5117.0,223.26966013396182,0.0,18,16,0,0,16,16,8074,2,0,0,2,0
2020-06-24,US,Arkansas,Pulaski,1607,53,0,34.77054088,-92.31355101,5119.0,410.04207587947263,3.298070939639078,1554,1556,53,0,1503,1531,392680,51,0,0,51,25
2020-06-24,US,Arkansas,Randolph,39,1,0,36.3415714,-91.02455531,5121.0,217.17340461075844,2.5641025641025643,38,39,1,0,38,39,17948,0,0,0,0,0
2020-06-24,US,Arkansas,Saline,217,2,0,34.64916145,-92.67583224,5125.0,177.23400606025956,0.9216589861751152,215,211,2,0,209,210,121421,6,0,0,6,1
2020-06-24,US,Arkansas,Scott,8,0,0,34.85588887,-94.0632176,5127.0,77.81344227215251,0.0,8,8,0,0,8,8,10319,0,0,0,0,0
2020-06-24,US,Arkansas,Searcy,7,0,0,35.9109364,-92.69936482,5129.0,88.82121558177894,0.0,7,7,0,0,7,7,7958,0,0,0,0,0
2020-06-24,US,Arkansas,Sebastian,298,2,0,35.19605503,-94.27162713,5131.0,233.1275865036338,0.6711409395973155,296,258,2,0,256,250,127753,40,0,0,40,8
2020-06-24,US,Arkansas,Sevier,614,6,0,33.99780401,-94.2424869,5133.0,3610.278120773799,0.977198697068404,608,606,6,0,600,592,17139,8,0,0,8,14
2020-06-24,US,Arkansas,Sharp,52,4,0,36.16258158,-91.47819342,5135.0,298.13094828574697,7.6923076923076925,48,51,4,0,47,51,17366,1,0,0,1,0
2020-06-24,US,Arkansas,St. Francis,795,3,0,35.02201976,-90.74828138,5123.0,3180.763383211971,0.37735849056603776,792,793,3,0,790,792,25439,2,0,0,2,1
2020-06-24,US,Arkansas,Stone,13,0,0,35.86251946,-92.15684085,5137.0,103.95010395010395,0.0,13,13,0,0,13,13,12457,0,0,0,0,0
2020-06-24,US,Arkansas,Unassigned,731,0,0,0.0,0.0,90005.0,0.0,0.0,731,683,0,0,683,584,,48,0,0,48,99
2020-06-24,US,Arkansas,Union,232,13,0,33.16887091,-92.59746952,5139.0,599.7621632800785,5.603448275862068,219,232,13,0,219,227,39126,0,0,0,0,5
2020-06-24,US,Arkansas,Van Buren,30,2,0,35.58095779,-92.51295036,5141.0,181.3236627379873,6.666666666666668,28,30,2,0,28,30,16603,0,0,0,0,0
2020-06-24,US,Arkansas,Washington,2767,23,0,35.976844,-94.21800746,5143.0,1156.835446742507,0.8312251535959523,2744,2680,21,0,2659,2531,236961,87,2,0,85,149
2020-06-24,US,Arkansas,White,80,1,0,35.25688493,-91.74908296,5145.0,101.58343174228285,1.25,79,76,1,0,75,76,78727,4,0,0,4,0
2020-06-24,US,Arkansas,Woodruff,6,0,0,35.18902527,-91.2439489,5147.0,94.93670886075951,0.0,6,6,0,0,6,6,6490,0,0,0,0,0
2020-06-24,US,Arkansas,Yell,475,3,0,35.00292371,-93.41171338,5149.0,2225.762616559674,0.631578947368421,472,448,3,0,445,435,21535,27,0,0,27,13
2020-06-24,US,California,Alameda,5275,122,0,37.64629437,-121.8929271,6001.0,315.61709274475584,2.3127962085308056,5153,5267,121,0,5146,5007,1666753,8,1,0,7,260
2020-06-24,US,California,Alpine,2,0,0,38.59678594,-119.82235940000001,6003.0,177.14791851195747,0.0,2,2,0,0,2,2,1101,0,0,0,0,0
2020-06-24,US,California,Amador,19,0,0,38.44583082,-120.65696000000001,6005.0,47.796337291205475,0.0,19,16,0,0,16,22,39383,3,0,0,3,-6
2020-06-24,US,California,Butte,127,1,0,39.66727762,-121.6005252,6007.0,57.941656857646024,0.7874015748031497,126,119,1,0,118,111,231256,8,0,0,8,8
2020-06-24,US,California,Calaveras,29,0,0,38.20537103,-120.55291299999999,6009.0,63.17394619322515,0.0,29,29,0,0,29,28,45602,0,0,0,0,1
2020-06-24,US,California,Colusa,14,0,0,39.17881957,-122.2331726,6011.0,64.97424235392398,0.0,14,11,0,0,11,7,21627,3,0,0,3,4
2020-06-24,US,California,Contra Costa,2523,67,0,37.91923498,-121.9289527,6013.0,218.72068770014718,2.655568767340468,2456,2454,62,0,2392,2369,1150215,69,5,0,64,85
2020-06-24,US,California,Del Norte,49,1,0,41.74228275,-123.89740630000001,6015.0,176.18294261469867,2.0408163265306123,48,49,1,0,48,48,27828,0,0,0,0,1
2020-06-24,US,California,El Dorado,153,0,0,38.77965956,-120.5233166,6017.0,79.33915153777943,0.0,153,150,0,0,150,145,190678,3,0,0,3,5
2020-06-24,US,California,Fresno,3892,71,0,36.75733899,-119.6466953,6019.0,389.55020563486573,1.8242548818088389,3821,3672,70,0,3602,3485,994400,220,1,0,219,187
2020-06-24,US,California,Glenn,74,0,0,39.59875897,-122.3938452,6021.0,260.6276194836756,0.0,74,66,0,0,66,42,28047,8,0,0,8,24
2020-06-24,US,California,Humboldt,122,4,0,40.69923009,-123.876044,6023.0,89.99837707844613,3.278688524590164,118,113,4,0,109,112,136373,9,0,0,9,1
2020-06-24,US,California,Imperial,5549,70,0,33.0393082,-115.36690420000001,6025.0,3062.108545098364,1.261488556496666,5479,5270,68,0,5202,4800,181827,279,2,0,277,470
2020-06-24,US,California,Inyo,27,1,0,36.51112084,-117.41119779999998,6027.0,149.67570264427076,3.703703703703704,26,27,1,0,26,25,17987,0,0,0,0,2
2020-06-24,US,California,Kern,4108,63,0,35.34329425,-118.72777959999999,6029.0,456.3420210130615,1.5335929892891915,4045,4049,60,0,3989,3965,896764,59,3,0,56,84
2020-06-24,US,California,Kings,2234,20,0,36.07409056,-119.8159973,6031.0,1460.7035438734147,0.8952551477170994,2214,2158,18,0,2140,2158,151366,76,2,0,74,0
2020-06-24,US,California,Lake,41,0,0,39.10124298,-122.75362439999999,6033.0,63.6784394122946,0.0,41,41,0,0,41,40,64382,0,0,0,0,1
2020-06-24,US,California,Lassen,15,0,0,40.67311306,-120.59350990000002,6035.0,49.06289863605143,0.0,15,15,0,0,15,11,30802,0,0,0,0,4
2020-06-24,US,California,Los Angeles,89633,3207,0,34.30828379,-118.22824109999999,6037.0,892.8383769592256,3.5779233094953864,86426,88512,3171,0,85341,86017,10105518,1121,36,0,1085,2495
2020-06-24,US,California,Madera,370,5,0,37.21513971,-119.76655890000002,6039.0,235.17895847502342,1.351351351351351,365,359,5,0,354,334,157672,11,0,0,11,25
2020-06-24,US,California,Marin,1470,18,0,38.07122463,-122.72106310000001,6041.0,567.949124121997,1.2244897959183674,1452,1349,18,0,1331,1250,259666,121,0,0,121,99
2020-06-24,US,California,Mariposa,21,1,0,37.57978556,-119.9073334,6043.0,122.0717316747079,4.761904761904762,20,21,1,0,20,18,17471,0,0,0,0,3
2020-06-24,US,California,Mendocino,72,0,0,39.4381191,-123.39113130000001,6045.0,82.99807490576259,0.0,72,62,0,0,62,62,87606,10,0,0,10,0
2020-06-24,US,California,Merced,741,10,0,37.18922369,-120.72090349999999,6047.0,266.85393258426967,1.349527665317139,731,710,9,0,701,661,274765,31,1,0,30,49
2020-06-24,US,California,Mono,40,1,0,37.93899289,-118.8872409,6051.0,276.93159789531984,2.5,39,40,1,0,39,40,14250,0,0,0,0,0
2020-06-24,US,California,Monterey,1397,12,0,36.21862405,-121.24133970000001,6053.0,321.84416476025257,0.8589835361488904,1385,1341,12,0,1329,1291,435594,56,0,0,56,50
2020-06-24,US,California,Napa,251,4,0,38.50735751,-122.33283899999999,6055.0,182.22209315832268,1.593625498007968,247,239,4,0,235,239,139417,12,0,0,12,0
2020-06-24,US,California,Nevada,92,1,0,39.30394768,-120.76272809999999,6057.0,92.22595358628641,1.0869565217391304,91,92,1,0,91,82,99696,0,0,0,0,10
2020-06-24,US,California,Orange,11016,299,0,33.70147516,-117.76459979999998,6059.0,346.88502537399717,2.714233841684822,10717,10737,273,0,10464,10595,3185968,279,26,0,253,142
2020-06-24,US,California,Placer,556,10,0,39.06167234,-120.72405690000001,6061.0,139.58310843548927,1.7985611510791366,546,534,10,0,524,519,393149,22,0,0,22,15
2020-06-24,US,California,Plumas,7,0,0,40.00355989,-120.8395236,6063.0,37.22018397405221,0.0,7,6,0,0,6,6,18804,1,0,0,1,0
2020-06-24,US,California,Riverside,14905,432,0,33.74314981,-115.9933578,6065.0,603.307932740374,2.898356256289836,14473,14431,431,0,14000,13800,2450758,474,1,0,473,631
2020-06-24,US,California,Sacramento,2440,66,0,38.45106826,-121.34253740000001,6067.0,157.2106197062223,2.7049180327868854,2374,2374,66,0,2308,2243,1540975,66,0,0,66,131
2020-06-24,US,California,San Benito,191,2,0,36.60308176,-121.069975,6069.0,304.10138835817094,1.0471204188481675,189,185,2,0,183,181,61537,6,0,0,6,4
2020-06-24,US,California,San Bernardino,10407,245,0,34.84060306,-116.1774685,6071.0,477.3667081788095,2.3541846833861824,10162,10010,234,0,9776,9361,2171603,397,11,0,386,649
2020-06-24,US,California,San Diego,11626,347,0,33.03484597,-116.73653259999999,6073.0,348.2579613159874,2.9846894890762083,11279,11294,341,0,10953,11096,3343364,332,6,0,326,198
2020-06-24,US,California,San Francisco,3249,48,0,37.75215114,-122.43856720000001,6075.0,368.555803477742,1.477377654662973,3201,3219,48,0,3171,3185,883305,30,0,0,30,34
2020-06-24,US,California,San Joaquin,2742,49,0,37.93433732,-121.2730061,6077.0,359.7726425838552,1.787016776075857,2693,2560,48,0,2512,2400,752660,182,1,0,181,160
2020-06-24,US,California,San Luis Obispo,473,1,0,35.38822029,-120.4039028,6079.0,167.07227907075315,0.21141649048625796,472,453,1,0,452,442,284010,20,0,0,20,11
2020-06-24,US,California,San Mateo,2961,104,0,37.422880799999994,-122.32755459999998,6081.0,386.2645827598937,3.512326916582236,2857,2901,104,0,2797,2825,769545,60,0,0,60,76
2020-06-24,US,California,Santa Barbara,2590,27,0,34.65329488,-120.0188492,6083.0,580.0684883952707,1.0424710424710424,2563,2509,27,0,2482,2446,446527,81,0,0,81,63
2020-06-24,US,California,Santa Clara,3832,154,0,37.23104908,-121.6970462,6085.0,198.7704450341624,4.018789144050103,3678,3727,154,0,3573,3606,1937570,105,0,0,105,121
2020-06-24,US,California,Santa Cruz,330,2,0,37.05580291,-122.0066524,6087.0,120.78488212493549,0.6060606060606061,328,322,2,0,320,296,274255,8,0,0,8,26
2020-06-24,US,California,Shasta,92,4,0,40.76391419,-122.0396884,6089.0,51.08840515326522,4.3478260869565215,88,88,4,0,84,86,180040,4,0,0,4,2
2020-06-24,US,California,Sierra,1,0,0,39.57713498,-120.52007009999998,6091.0,33.277870216306155,0.0,1,1,0,0,1,1,2987,0,0,0,0,0
2020-06-24,US,California,Siskiyou,26,0,0,41.59198861,-122.54074340000001,6093.0,59.71657594340706,0.0,26,25,0,0,25,24,43724,1,0,0,1,1
2020-06-24,US,California,Solano,1064,23,0,38.26827353,-121.9357113,6095.0,237.68940874759568,2.1616541353383463,1041,1020,23,0,997,933,446610,44,0,0,44,87
2020-06-24,US,California,Sonoma,956,5,0,38.52746429,-122.88625060000001,6097.0,193.39073019161057,0.5230125523012552,951,935,5,0,930,885,499942,21,0,0,21,50
2020-06-24,US,California,Stanislaus,1789,38,0,37.55862499,-120.9970722,6099.0,324.8828678313297,2.1240916713247624,1751,1714,37,0,1677,1639,549815,75,1,0,74,75
2020-06-24,US,California,Sutter,127,3,0,39.03417539,-121.6945899,6101.0,130.9669901310701,2.3622047244094486,124,125,3,0,122,161,96807,2,0,0,2,-36
2020-06-24,US,California,Tehama,59,1,0,40.12570935,-122.23701709999999,6103.0,90.65208038842111,1.6949152542372878,58,54,1,0,53,53,63916,5,0,0,5,1
2020-06-24,US,California,Trinity,2,0,0,40.64917670000001,-123.114713,6105.0,16.28001628001628,0.0,2,2,0,0,2,2,12535,0,0,0,0,0
2020-06-24,US,California,Tulare,3533,118,0,36.22026558,-118.8020203,6107.0,757.8373856433467,3.339937729974526,3415,3434,116,0,3318,3177,465861,99,2,0,97,257
2020-06-24,US,California,Tuolumne,15,0,0,38.02644018,-119.95250929999999,6109.0,27.53405044238041,0.0,15,14,0,0,14,12,54539,1,0,0,1,2
2020-06-24,US,California,Ventura,2161,43,0,34.44465746,-119.09106129999999,6111.0,255.43554064628384,1.989819527996298,2118,2161,43,0,2118,2030,850967,0,0,0,0,131
2020-06-24,US,California,Yolo,386,24,0,38.68278902,-121.90182879999999,6113.0,175.05668934240364,6.217616580310881,362,366,24,0,342,347,220408,20,0,0,20,19
2020-06-24,US,California,Yuba,49,1,0,39.26255932,-121.35356440000001,6115.0,62.28707988000203,2.0408163265306123,48,43,1,0,42,43,78041,6,0,0,6,0
2020-06-24,US,Colorado,Adams,3971,154,0,39.87432092,-104.3362578,8001.0,767.4601533374176,3.878116343490305,3817,3941,154,0,3787,3932,511868,30,0,0,30,9
2020-06-24,US,Colorado,Alamosa,177,3,0,37.57250606,-105.7885451,8003.0,1090.3714655331733,1.6949152542372878,174,175,3,0,172,169,16683,2,0,0,2,6
2020-06-24,US,Colorado,Arapahoe,5022,342,0,39.64977461,-104.3353617,8005.0,764.8608720815123,6.810035842293908,4680,4993,342,0,4651,4975,651215,29,0,0,29,18
2020-06-24,US,Colorado,Archuleta,8,0,0,37.19474156,-107.0476867,8007.0,57.02473447858009,0.0,8,9,0,0,9,8,13765,-1,0,0,-1,1
2020-06-24,US,Colorado,Baca,12,0,0,37.31940883,-102.5603223,8009.0,335.1019268360793,0.0,12,12,0,0,12,12,3585,0,0,0,0,0
2020-06-24,US,Colorado,Bent,4,0,0,37.95474293,-103.0720195,8011.0,71.72314864622557,0.0,4,4,0,0,4,4,5882,0,0,0,0,0
2020-06-24,US,Colorado,Boulder,1305,71,0,40.09313619,-105.3546767,8013.0,400.06621785674866,5.440613026819923,1234,1282,71,0,1211,1259,326078,23,0,0,23,23
2020-06-24,US,Colorado,Broomfield,284,29,0,39.95998787,-105.0566324,8014.0,403.03696870786916,10.211267605633802,255,282,29,0,253,280,69267,2,0,0,2,2
2020-06-24,US,Colorado,Chaffee,78,20,0,38.74745778,-106.19265729999998,8015.0,383.17940656317535,25.64102564102564,58,78,20,0,58,78,20027,0,0,0,0,0
2020-06-24,US,Colorado,Cheyenne,5,0,0,38.82777431,-102.6032558,8017.0,273.07482250136536,0.0,5,5,0,0,5,5,1876,0,0,0,0,0
2020-06-24,US,Colorado,Clear Creek,18,1,0,39.68864463,-105.6463118,8019.0,185.5670103092784,5.5555555555555545,17,18,1,0,17,18,9605,0,0,0,0,0
2020-06-24,US,Colorado,Conejos,12,0,0,37.201606,-106.19174879999998,8021.0,146.25228519195613,0.0,12,12,0,0,12,12,8200,0,0,0,0,0
2020-06-24,US,Colorado,Costilla,18,0,0,37.27732493,-105.4276548,8023.0,463.082068433239,0.0,18,18,0,0,18,17,3828,0,0,0,0,1
2020-06-24,US,Colorado,Crowley,69,1,0,38.32608609,-103.7844965,8025.0,1138.4260023098498,1.4492753623188406,68,69,1,0,68,69,5858,0,0,0,0,0
2020-06-24,US,Colorado,Custer,2,0,0,38.10883162,-105.3683478,8027.0,39.463299131807425,0.0,2,2,0,0,2,2,4954,0,0,0,0,0
2020-06-24,US,Colorado,Delta,81,1,0,38.86246243,-107.8631342,8029.0,259.9319684230794,1.2345679012345678,80,80,1,0,79,80,30953,1,0,0,1,0
2020-06-24,US,Colorado,Denver,6775,369,0,39.76018276,-104.8725695,8031.0,931.6415730785153,5.4464944649446485,6406,6700,369,0,6331,6663,716492,75,0,0,75,37
2020-06-24,US,Colorado,Douglas,873,52,0,39.33133796,-104.930001,8035.0,248.6088724605159,5.956471935853378,821,869,51,0,818,864,342776,4,1,0,3,5
2020-06-24,US,Colorado,Eagle,665,8,0,39.62754308,-106.6933637,8037.0,1206.3054401654365,1.2030075187969924,657,660,8,0,652,656,54993,5,0,0,5,4
2020-06-24,US,Colorado,El Paso,2173,120,0,38.83240149,-104.5251411,8041.0,301.636722778778,5.522319374137138,2053,2139,120,0,2019,2113,713856,34,0,0,34,26
2020-06-24,US,Colorado,Elbert,54,2,0,39.28656773,-104.1358721,8039.0,202.02776011074118,3.703703703703704,52,54,2,0,52,54,26282,0,0,0,0,0
2020-06-24,US,Colorado,Fremont,31,0,0,38.47362326,-105.4399667,8043.0,64.8006856330609,0.0,31,31,0,0,31,31,48021,0,0,0,0,0
2020-06-24,US,Colorado,Garfield,243,2,0,39.59921777,-107.902708,8045.0,404.58866818734293,0.8230452674897121,241,236,2,0,234,224,59770,7,0,0,7,12
2020-06-24,US,Colorado,Gilpin,6,0,0,39.85646523,-105.5252597,8047.0,96.10764055742432,0.0,6,6,0,0,6,6,6121,0,0,0,0,0
2020-06-24,US,Colorado,Grand,18,0,0,40.10603347,-106.1178042,8049.0,114.40193212152029,0.0,18,18,0,0,18,18,15525,0,0,0,0,0
2020-06-24,US,Colorado,Gunnison,186,6,0,38.66611652,-107.0320729,8051.0,1065.170083610125,3.2258064516129035,180,184,6,0,178,182,17246,2,0,0,2,2
2020-06-24,US,Colorado,Hinsdale,3,0,0,37.82247444,-107.3004345,8053.0,365.8536585365854,0.0,3,3,0,0,3,3,811,0,0,0,0,0
2020-06-24,US,Colorado,Huerfano,4,0,0,37.68473101,-104.9612585,8055.0,57.99623024503408,0.0,4,4,0,0,4,4,6889,0,0,0,0,0
2020-06-24,US,Colorado,Jefferson,2569,207,0,39.58635604,-105.2517692,8059.0,440.7417637562384,8.057609964966913,2362,2555,206,0,2349,2543,580233,14,1,0,13,12
2020-06-24,US,Colorado,Kit Carson,31,3,0,39.30497777,-102.6022199,8063.0,436.80428350007037,9.677419354838712,28,31,3,0,28,31,7163,0,0,0,0,0
2020-06-24,US,Colorado,La Plata,89,1,0,37.28632032,-107.8429014,8067.0,158.30383664467013,1.1235955056179776,88,88,1,0,87,86,56310,1,0,0,1,2
2020-06-24,US,Colorado,Lake,48,0,0,39.20278823,-106.3555697,8065.0,590.6238464377999,0.0,48,48,0,0,48,48,7824,0,0,0,0,0
2020-06-24,US,Colorado,Larimer,686,29,0,40.66671597,-105.4625784,8069.0,192.2112418359256,4.227405247813412,657,683,29,0,654,680,350518,3,0,0,3,3
2020-06-24,US,Colorado,Las Animas,8,0,0,37.3153406,-104.0376458,8071.0,55.14959327174962,0.0,8,7,0,0,7,8,14503,1,0,0,1,-1
2020-06-24,US,Colorado,Lincoln,4,0,0,38.98749519,-103.5136649,8073.0,70.1631292755657,0.0,4,4,0,0,4,4,5610,0,0,0,0,0
2020-06-24,US,Colorado,Logan,635,5,0,40.7249637,-103.110817,8075.0,2833.682895265295,0.7874015748031497,630,635,5,0,630,635,21528,0,0,0,0,0
2020-06-24,US,Colorado,Mesa,85,0,0,39.01787888,-108.469799,8077.0,55.11964204655989,0.0,85,85,0,0,85,80,153207,0,0,0,0,5
2020-06-24,US,Colorado,Mineral,3,0,0,37.66954283,-106.9281698,8079.0,390.1170351105332,0.0,3,3,0,0,3,2,776,0,0,0,0,1
2020-06-24,US,Colorado,Moffat,9,0,0,40.61810999,-108.2070876,8081.0,67.75577806218476,0.0,9,9,0,0,9,9,13188,0,0,0,0,0
2020-06-24,US,Colorado,Montezuma,68,3,0,37.33859579,-108.5958857,8083.0,259.71049917885654,4.411764705882354,65,68,3,0,65,68,26158,0,0,0,0,0
2020-06-24,US,Colorado,Montrose,201,12,0,38.40214114,-108.26390220000002,8085.0,470.0874690116469,5.970149253731344,189,201,12,0,189,201,42214,0,0,0,0,0
2020-06-24,US,Colorado,Morgan,649,46,0,40.26279810000001,-103.8093302,8087.0,2232.6957479014723,7.0878274268104775,603,649,46,0,603,649,28558,0,0,0,0,0
2020-06-24,US,Colorado,Otero,22,1,0,37.9014485,-103.7173385,8089.0,120.3632782580151,4.545454545454546,21,22,1,0,21,22,18432,0,0,0,0,0
2020-06-24,US,Colorado,Ouray,10,1,0,38.14717457,-107.7675136,8091.0,201.93861066235863,10.0,9,10,1,0,9,10,4833,0,0,0,0,0
2020-06-24,US,Colorado,Park,27,0,0,39.120926,-105.7182065,8093.0,143.27407800477582,0.0,27,26,0,0,26,25,18556,1,0,0,1,1
2020-06-24,US,Colorado,Phillips,15,0,0,40.59414277,-102.3577703,8095.0,351.6998827667058,0.0,15,15,0,0,15,15,4286,0,0,0,0,0
2020-06-24,US,Colorado,Pitkin,86,2,0,39.21720112,-106.9310027,8097.0,484.04345134237633,2.3255813953488373,84,85,2,0,83,80,17950,1,0,0,1,5
2020-06-24,US,Colorado,Prowers,16,0,0,37.95544985,-102.3926052,8099.0,131.44922773578705,0.0,16,16,0,0,16,16,12164,0,0,0,0,0
2020-06-24,US,Colorado,Pueblo,368,26,0,38.17359144,-104.5127437,8101.0,218.49617631691444,7.065217391304348,342,358,26,0,332,358,167529,10,0,0,10,0
2020-06-24,US,Colorado,Rio Blanco,2,0,0,39.97913541,-108.2179009,8103.0,31.625553447185325,0.0,2,2,0,0,2,2,6336,0,0,0,0,0
2020-06-24,US,Colorado,Rio Grande,67,1,0,37.5836865,-106.3847838,8105.0,594.6569628117511,1.492537313432836,66,66,1,0,65,65,11250,1,0,0,1,1
2020-06-24,US,Colorado,Routt,67,6,0,40.48596505,-106.9905548,8107.0,261.3308370387706,8.955223880597012,61,67,6,0,61,65,25733,0,0,0,0,2
2020-06-24,US,Colorado,Saguache,99,2,0,38.08054629,-106.282466,8109.0,1450.762016412661,2.0202020202020203,97,99,2,0,97,99,6843,0,0,0,0,0
2020-06-24,US,Colorado,San Juan,1,0,0,37.76248981,-107.67632890000002,8111.0,137.36263736263737,0.0,1,1,0,0,1,1,762,0,0,0,0,0
2020-06-24,US,Colorado,San Miguel,32,0,0,38.00450883,-108.4020725,8113.0,391.2458735786772,0.0,32,32,0,0,32,28,8191,0,0,0,0,4
2020-06-24,US,Colorado,Summit,264,3,0,39.63803232,-106.1150762,8117.0,851.3108251910612,1.1363636363636365,261,264,3,0,261,263,31007,0,0,0,0,1
2020-06-24,US,Colorado,Teller,40,2,0,38.88133511,-105.1614893,8119.0,157.5547502757208,5.0,38,40,2,0,38,40,25083,0,0,0,0,0
2020-06-24,US,Colorado,Washington,44,0,0,39.97015535,-103.202587,8121.0,896.4955175224122,0.0,44,44,0,0,44,44,4909,0,0,0,0,0
2020-06-24,US,Colorado,Weld,2746,136,0,40.55499405,-104.3929621,8123.0,846.2458242422001,4.952658412235981,2610,2730,136,0,2594,2724,314305,16,0,0,16,6
2020-06-24,US,Colorado,Yuma,51,0,0,40.00346839,-102.4258673,8125.0,509.0328376085438,0.0,51,50,0,0,50,50,10020,1,0,0,1,0
2020-06-24,US,Connecticut,Fairfield,16527,1370,0,41.26809896,-73.3881171,9001.0,1751.9812748851941,8.2894657227567,15157,16522,1367,0,15155,16483,943823,5,3,0,2,39
2020-06-24,US,Connecticut,Hartford,11450,1356,0,41.80283011,-72.73103891,9003.0,1284.0353474184724,11.842794759825328,10094,11443,1352,0,10091,11414,892697,7,4,0,3,29
2020-06-24,US,Connecticut,Litchfield,1469,136,0,41.7937534,-73.2451475,9005.0,814.6040935380657,9.257998638529614,1333,1469,136,0,1333,1467,181111,0,0,0,0,2
2020-06-24,US,Connecticut,Middlesex,1273,179,0,41.45949668,-72.53714864,9007.0,783.6932699647862,14.06127258444619,1094,1272,177,0,1095,1259,162682,1,2,0,-1,13
2020-06-24,US,Connecticut,New Haven,12227,1066,0,41.408032500000004,-72.93620426,9009.0,1430.465032751999,8.718410076061176,11161,12225,1065,0,11160,12196,857620,2,1,0,1,29
2020-06-24,US,Connecticut,New London,1221,102,0,41.48896435,-72.10430976,9011.0,460.396823601276,8.353808353808352,1119,1221,102,0,1119,1214,266784,0,0,0,0,7
2020-06-24,US,Connecticut,Tolland,898,64,0,41.85853803,-72.3308481,9013.0,595.8028410108744,7.126948775055681,834,898,64,0,834,895,150921,0,0,0,0,3
2020-06-24,US,Connecticut,Unassigned,260,0,0,0.0,0.0,90009.0,0.0,0.0,260,262,0,0,262,270,,-2,0,0,-2,-8
2020-06-24,US,Connecticut,Windham,588,14,0,41.82972709,-71.98182316,9015.0,503.5022520593928,2.380952380952381,574,587,14,0,573,584,117027,1,0,0,1,3
2020-06-24,US,Delaware,Kent,1628,89,0,39.08646628,-75.56884914,10001.0,900.5122078037016,5.466830466830467,1539,1624,89,0,1535,1620,178550,4,0,0,4,4
2020-06-24,US,Delaware,New Castle,4720,240,0,39.57992638,-75.64054974,10003.0,844.7381937994069,5.084745762711863,4480,4697,239,0,4458,4682,559335,23,1,0,22,15
2020-06-24,US,Delaware,Sussex,4522,176,0,38.66143781,-75.39031349,10005.0,1930.622264916213,3.8920831490490935,4346,4509,176,0,4333,4501,229286,13,0,0,13,8
2020-06-24,US,Delaware,Unassigned,19,0,0,0.0,0.0,90010.0,0.0,0.0,19,17,0,0,17,17,,2,0,0,2,0
2020-06-24,US,District of Columbia,District of Columbia,10128,541,0,38.90417773,-77.01655992,11001.0,1435.0711088503135,5.341627172195894,9587,10094,537,0,9557,10058,702455,34,4,0,30,36
2020-06-24,US,Florida,Alachua,807,11,0,29.67866525,-82.35928158,12001.0,299.95205227417176,1.3630731102850062,796,760,11,0,749,738,269956,47,0,0,47,22
2020-06-24,US,Florida,Baker,42,4,0,30.33060121,-82.28467476,12003.0,143.78637452927083,9.523809523809524,38,42,4,0,38,44,28355,0,0,0,0,-2
2020-06-24,US,Florida,Bay,240,4,0,30.26548745,-85.62122584,12005.0,137.37443118399588,1.6666666666666667,236,230,4,0,226,205,185287,10,0,0,10,25
2020-06-24,US,Florida,Bradford,69,2,0,29.95079741,-82.16611613,12007.0,244.6721747455764,2.898550724637681,67,64,2,0,62,63,27732,5,0,0,5,1
2020-06-24,US,Florida,Brevard,1022,17,0,28.29409504,-80.73091022,12009.0,169.78379976808398,1.6634050880626223,1005,918,17,0,901,878,596849,104,0,0,104,40
2020-06-24,US,Florida,Broward,12217,378,0,26.15184651,-80.48725556,12011.0,625.621550427135,3.0940492755995743,11839,11744,377,0,11367,11327,1951260,473,1,0,472,417
2020-06-24,US,Florida,Calhoun,70,6,0,30.40666734,-85.19394153,12013.0,496.27791563275434,8.571428571428571,64,88,6,0,82,69,14587,-18,0,0,-18,19
2020-06-24,US,Florida,Charlotte,617,76,0,26.90131002,-81.92949121,12015.0,326.61055529087923,12.317666126418152,541,605,75,0,530,597,184998,12,1,0,11,8
2020-06-24,US,Florida,Citrus,219,12,0,28.84804315,-82.47614748,12017.0,146.33461849429028,5.479452054794519,207,204,12,0,192,199,147929,15,0,0,15,5
2020-06-24,US,Florida,Clay,523,33,0,29.98319144,-81.85609986,12019.0,238.53830295732757,6.309751434034418,490,511,33,0,478,519,216072,12,0,0,12,-8
2020-06-24,US,Florida,Collier,3456,67,0,26.11091986,-81.34687065,12021.0,897.8908917074997,1.9386574074074077,3389,3375,65,0,3310,3206,378488,81,2,0,79,169
2020-06-24,US,Florida,Columbia,243,3,0,30.22509788,-82.62160164,12023.0,338.97832212705407,1.2345679012345678,240,233,3,0,230,232,70503,10,0,0,10,1
2020-06-24,US,Florida,DeSoto,513,10,0,27.18677893,-81.80941373,12027.0,1349.964474619089,1.9493177387914231,503,487,10,0,477,468,37489,26,0,0,26,19
2020-06-24,US,Florida,Dixie,62,3,0,29.60631086,-83.15724673,12029.0,368.4773564721265,4.838709677419356,59,62,3,0,59,61,16700,0,0,0,0,1
2020-06-24,US,Florida,Duval,3419,62,0,30.33225875,-81.66976468,12031.0,356.98064745159246,1.81339572974554,3357,3202,62,0,3140,3085,950181,217,0,0,217,117
2020-06-24,US,Florida,Escambia,1312,43,0,30.67652764,-87.37284571,12033.0,412.16903957074095,3.277439024390244,1269,1244,43,0,1201,1202,315534,68,0,0,68,42
2020-06-24,US,Florida,Flagler,250,5,0,29.45933576,-81.31508595,12035.0,217.23829302838868,2.0,245,244,5,0,239,237,112067,6,0,0,6,7
2020-06-24,US,Florida,Franklin,4,0,0,29.83791238,-84.82731662,12037.0,32.98969072164948,0.0,4,4,0,0,4,4,11736,0,0,0,0,0
2020-06-24,US,Florida,Gadsden,332,6,0,30.57796289,-84.61915825,12039.0,727.1134472185721,1.8072289156626504,326,329,6,0,323,326,45894,3,0,0,3,3
2020-06-24,US,Florida,Gilchrist,88,0,0,29.72856978,-82.79880657,12041.0,473.5765794855236,0.0,88,86,0,0,86,86,18256,2,0,0,2,0
2020-06-24,US,Florida,Glades,143,1,0,26.95635849,-81.18996211,12043.0,1035.406559988415,0.6993006993006993,142,142,1,0,141,142,13724,1,0,0,1,0
2020-06-24,US,Florida,Gulf,14,0,0,29.93543004,-85.24270990000002,12045.0,102.64682161448786,0.0,14,13,0,0,13,11,16164,1,0,0,1,2
2020-06-24,US,Florida,Hamilton,315,2,0,30.49673973,-82.94998918,12047.0,2183.254782367618,0.6349206349206349,313,304,2,0,302,302,14310,11,0,0,11,2
2020-06-24,US,Florida,Hardee,334,2,0,27.49293939,-81.80956574,12049.0,1239.9302075212536,0.5988023952095808,332,318,2,0,316,305,27245,16,0,0,16,13
2020-06-24,US,Florida,Hendry,796,24,0,26.55386945,-81.16469006,12051.0,1894.2458712103187,3.0150753768844223,772,780,24,0,756,763,41556,16,0,0,16,17
2020-06-24,US,Florida,Hernando,218,5,0,28.55364461,-82.42700204,12053.0,112.41749174917491,2.2935779816513757,213,206,5,0,201,200,190865,12,0,0,12,6
2020-06-24,US,Florida,Highlands,270,10,0,27.34254618,-81.34071957,12055.0,254.1870251645155,3.703703703703704,260,258,10,0,248,238,105424,12,0,0,12,20
2020-06-24,US,Florida,Hillsborough,6892,121,0,27.9276559,-82.32013172,12057.0,468.21670036305136,1.7556587347649448,6771,6176,119,0,6057,5973,1436888,716,2,0,714,203
2020-06-24,US,Florida,Holmes,137,0,0,30.86747479,-85.81319222,12059.0,698.3738594076566,0.0,137,121,0,0,121,58,19477,16,0,0,16,63
2020-06-24,US,Florida,Indian River,457,15,0,27.69308961,-80.60556721,12061.0,285.7625232142969,3.2822757111597376,442,422,15,0,407,409,157413,35,0,0,35,13
2020-06-24,US,Florida,Jackson,342,2,0,30.795459700000002,-85.21500423,12063.0,736.8466410996683,0.5847953216374269,340,341,2,0,339,338,48305,1,0,0,1,3
2020-06-24,US,Florida,Jefferson,38,4,0,30.43669112,-83.89442308,12065.0,266.74154148532915,10.526315789473683,34,38,4,0,34,36,14288,0,0,0,0,2
2020-06-24,US,Florida,Lafayette,20,0,0,29.98484137,-83.18166636,12067.0,237.47328425552126,0.0,20,20,0,0,20,20,8732,0,0,0,0,0
2020-06-24,US,Florida,Lake,838,21,0,28.76202069,-81.7125123,12069.0,228.264481719774,2.505966587112172,817,795,21,0,774,763,356495,43,0,0,43,32
2020-06-24,US,Florida,Lee,3944,148,0,26.58410348,-81.88399313,12071.0,511.82425636892873,3.752535496957404,3796,3745,149,0,3596,3666,754610,199,-1,0,200,79
2020-06-24,US,Florida,Leon,614,8,0,30.45955727,-84.27491114,12073.0,209.140887384104,1.3029315960912051,606,596,8,0,588,587,292502,18,0,0,18,9
2020-06-24,US,Florida,Levy,154,1,0,29.31829741,-82.74007147,12075.0,371.0575139146569,0.6493506493506493,153,151,1,0,150,147,40770,3,0,0,3,4
2020-06-24,US,Florida,Liberty,220,1,0,30.23766008,-84.8829258,12077.0,2633.468996887719,0.4545454545454545,219,220,1,0,219,221,8457,0,0,0,0,-1
2020-06-24,US,Florida,Madison,143,3,0,30.44396917,-83.47398594,12079.0,773.2655599415996,2.097902097902098,140,143,3,0,140,142,18529,0,0,0,0,1
2020-06-24,US,Florida,Manatee,2132,127,0,27.47196942,-82.31831044,12081.0,528.7003444487704,5.9568480300187625,2005,2013,127,0,1886,1977,394855,119,0,0,119,36
2020-06-24,US,Florida,Marion,467,10,0,29.21227113,-82.05803627,12083.0,127.74256727000186,2.1413276231263385,457,424,10,0,414,412,359977,43,0,0,43,12
2020-06-24,US,Florida,Martin,1639,22,0,27.0772071,-80.43109784,12085.0,1018.0124223602484,1.342281879194631,1617,1611,22,0,1589,1582,160912,28,0,0,28,29
2020-06-24,US,Florida,Miami-Dade,27779,926,0,25.6112362,-80.55170587,12086.0,1022.4370063380127,3.3334533280535656,26853,26822,902,0,25920,26239,2761581,957,24,0,933,583
2020-06-24,US,Florida,Monroe,174,4,0,25.20904673,-81.07812416,12087.0,234.41289001454976,2.2988505747126435,170,166,4,0,162,165,75027,8,0,0,8,1
2020-06-24,US,Florida,Nassau,128,1,0,30.61037141,-81.80297522,12089.0,144.4287729196051,0.78125,127,126,1,0,125,120,85832,2,0,0,2,6
2020-06-24,US,Florida,Okaloosa,457,6,0,30.69143028,-86.59267105,12091.0,216.85695033643668,1.312910284463895,451,436,6,0,430,421,207269,21,0,0,21,15
2020-06-24,US,Florida,Okeechobee,276,0,0,27.386336199999995,-80.88944347,12093.0,654.5247581104155,0.0,276,256,0,0,256,250,41537,20,0,0,20,6
2020-06-24,US,Florida,Orange,6056,53,0,28.51367621,-81.31799498,12095.0,434.6041341933558,0.8751651254953765,6003,5502,51,0,5451,5157,1380645,554,2,0,552,345
2020-06-24,US,Florida,Osceola,1222,24,0,28.06312234,-81.14882926,12097.0,325.2153686883069,1.9639934533551555,1198,1147,23,0,1124,1080,367990,75,1,0,74,67
2020-06-24,US,Florida,Palm Beach,11536,482,0,26.64676272,-80.46536002,12099.0,770.7262972935054,4.178224687933427,11054,11180,476,0,10704,10943,1485941,356,6,0,350,237
2020-06-24,US,Florida,Pasco,1084,17,0,28.30810945,-82.40227529,12101.0,195.68659095545243,1.5682656826568266,1067,954,17,0,937,872,539630,130,0,0,130,82
2020-06-24,US,Florida,Pinellas,4387,132,0,27.93130349,-82.72239666,12103.0,449.9505638997492,3.0088899019831317,4255,4033,129,0,3904,3854,975280,354,3,0,351,179
2020-06-24,US,Florida,Polk,2454,80,0,27.95027105,-81.69732947,12105.0,338.58690328197497,3.2599837000814995,2374,2279,78,0,2201,2225,708009,175,2,0,173,54
2020-06-24,US,Florida,Putnam,261,6,0,29.60779729,-81.74230285,12107.0,350.236845989721,2.2988505747126435,255,242,6,0,236,238,74163,19,0,0,19,4
2020-06-24,US,Florida,Santa Rosa,371,9,0,30.69341450000001,-87.02458128,12113.0,201.2880263464867,2.4258760107816717,362,355,9,0,346,350,179349,16,0,0,16,5
2020-06-24,US,Florida,Sarasota,1091,95,0,27.18546175,-82.33174248,12115.0,251.5320167288388,8.707607699358388,996,1031,95,0,936,992,426718,60,0,0,60,39
2020-06-24,US,Florida,Seminole,1624,16,0,28.7158582,-81.24060348,12117.0,344.194681937833,0.9852216748768472,1608,1451,16,0,1435,1361,467832,173,0,0,173,90
2020-06-24,US,Florida,St. Johns,548,7,0,29.90096506,-81.43589967,12109.0,207.04872445895302,1.2773722627737227,541,510,7,0,503,496,254261,38,0,0,38,14
2020-06-24,US,Florida,St. Lucie,1333,43,0,27.37763908,-80.47106649,12111.0,406.0347794832118,3.2258064516129035,1290,1249,42,0,1207,1226,321128,84,1,0,83,23
2020-06-24,US,Florida,Sumter,299,17,0,28.70181754,-82.0794267,12119.0,225.79670744600517,5.685618729096991,282,290,17,0,273,286,128754,9,0,0,9,4
2020-06-24,US,Florida,Suwannee,349,18,0,30.19746066,-82.99099670000003,12121.0,785.7351914807393,5.1575931232091685,331,339,19,0,320,290,44191,10,-1,0,11,49
2020-06-24,US,Florida,Taylor,70,0,0,30.04848048,-83.60445406,12123.0,324.53984885715613,0.0,70,69,0,0,69,68,21623,1,0,0,1,1
2020-06-24,US,Florida,Unassigned,130,0,0,0.0,0.0,90012.0,0.0,0.0,130,126,0,0,126,119,,4,0,0,4,7
2020-06-24,US,Florida,Union,44,2,0,30.04412971,-82.37497443,12125.0,288.77075539804423,4.545454545454546,42,43,2,0,41,42,14940,1,0,0,1,1
2020-06-24,US,Florida,Volusia,1369,53,0,29.05858895,-81.18263252,12127.0,247.43169872976628,3.8714390065741418,1316,1301,53,0,1248,1263,547538,68,0,0,68,38
2020-06-24,US,Florida,Wakulla,41,1,0,30.16548905,-84.39895211,12129.0,121.52108835472302,2.4390243902439024,40,41,1,0,40,40,32461,0,0,0,0,1
2020-06-24,US,Florida,Walton,198,9,0,30.64204028,-86.16935664,12131.0,267.31109341037654,4.545454545454546,189,188,9,0,179,186,71375,10,0,0,10,2
2020-06-24,US,Florida,Washington,101,11,0,30.61359259,-85.66002461,12133.0,396.49825305225136,10.891089108910892,90,98,11,0,87,96,24880,3,0,0,3,2
2020-06-24,US,Georgia,Appling,227,13,0,31.74847232,-82.28909114,13001.0,1234.6350484063962,5.7268722466960345,214,223,13,0,210,220,18507,4,0,0,4,3
2020-06-24,US,Georgia,Atkinson,108,2,0,31.29633502,-82.87545866,13003.0,1322.7189222290262,1.851851851851852,106,99,2,0,97,97,8297,9,0,0,9,2
2020-06-24,US,Georgia,Bacon,210,4,0,31.55456473,-82.45936528,13005.0,1881.0462199928336,1.9047619047619049,206,207,4,0,203,204,11185,3,0,0,3,3
2020-06-24,US,Georgia,Baker,37,3,0,31.32669878,-84.44218806,13007.0,1217.906517445688,8.108108108108109,34,36,3,0,33,36,3092,1,0,0,1,0
2020-06-24,US,Georgia,Baldwin,463,32,0,33.06882326,-83.24701748,13009.0,1031.4101136110492,6.911447084233261,431,457,33,0,424,450,44823,6,-1,0,7,7
2020-06-24,US,Georgia,Banks,122,0,0,34.35607081,-83.49644388,13011.0,634.293438702298,0.0,122,116,0,0,116,114,18988,6,0,0,6,2
2020-06-24,US,Georgia,Barrow,446,25,0,33.99148694,-83.71436292,13013.0,535.8000961076406,5.605381165919282,421,432,25,0,407,423,80809,14,0,0,14,9
2020-06-24,US,Georgia,Bartow,633,39,0,34.23732119,-84.83887523,13015.0,587.5364309714307,6.161137440758294,594,625,39,0,586,604,106408,8,0,0,8,21
2020-06-24,US,Georgia,Ben Hill,132,1,0,31.76095874,-83.22145359,13017.0,790.4191616766467,0.7575757575757576,131,125,1,0,124,125,16787,7,0,0,7,0
2020-06-24,US,Georgia,Berrien,102,0,0,31.27590016,-83.22529920000002,13019.0,525.854513584575,0.0,102,99,0,0,99,95,19252,3,0,0,3,4
2020-06-24,US,Georgia,Bibb,644,38,0,32.80904227,-83.70489165,13021.0,420.4780652785666,5.900621118012422,606,627,37,0,590,609,153095,17,1,0,16,18
2020-06-24,US,Georgia,Bleckley,55,1,0,32.43829035,-83.33035166,13023.0,427.2508350811777,1.818181818181818,54,54,1,0,53,54,12838,1,0,0,1,0
2020-06-24,US,Georgia,Brantley,79,2,0,31.19576557,-81.97743999,13025.0,413.4177612643257,2.5316455696202533,77,78,2,0,76,76,18897,1,0,0,1,2
2020-06-24,US,Georgia,Brooks,123,11,0,30.83922642,-83.58303423,13027.0,795.7559681697612,8.943089430894311,112,121,11,0,110,119,15513,2,0,0,2,2
2020-06-24,US,Georgia,Bryan,108,5,0,32.00979311,-81.44002948,13029.0,272.5414490120372,4.62962962962963,103,107,5,0,102,101,38109,1,0,0,1,6
2020-06-24,US,Georgia,Bulloch,219,3,0,32.39577406,-81.74811421,13031.0,275.0979801025024,1.3698630136986298,216,183,3,0,180,164,77296,36,0,0,36,19
2020-06-24,US,Georgia,Burke,136,6,0,33.05917989,-81.99928721,13033.0,607.6039851673145,4.411764705882354,130,135,6,0,129,135,22423,1,0,0,1,0
2020-06-24,US,Georgia,Butts,254,33,0,33.283094500000004,-83.95435040000002,13035.0,1018.6076355470004,12.992125984251967,221,249,33,0,216,247,24193,5,0,0,5,2
2020-06-24,US,Georgia,Calhoun,161,5,0,31.53169785,-84.62725131,13037.0,2601.389562126353,3.1055900621118013,156,162,6,0,156,159,6352,-1,-1,0,0,3
2020-06-24,US,Georgia,Camden,104,1,0,30.92951916,-81.66601818,13039.0,190.24622251490868,0.9615384615384616,103,102,1,0,101,99,53677,2,0,0,2,3
2020-06-24,US,Georgia,Candler,26,0,0,32.40209349,-82.07702563,13043.0,240.6738868832732,0.0,26,22,0,0,22,21,10836,4,0,0,4,1
2020-06-24,US,Georgia,Carroll,650,39,0,33.58138199,-85.07976677,13045.0,541.7027801853457,6.0,611,646,39,0,607,635,118121,4,0,0,4,11
2020-06-24,US,Georgia,Catoosa,291,6,0,34.89872298,-85.13757014,13047.0,430.60076945841973,2.061855670103093,285,283,6,0,277,276,67420,8,0,0,8,7
2020-06-24,US,Georgia,Charlton,43,2,0,30.78371028,-82.13951596,13049.0,321.08721624850665,4.651162790697675,41,43,2,0,41,41,12968,0,0,0,0,2
2020-06-24,US,Georgia,Chatham,935,35,0,32.00043026,-81.12489526,13051.0,323.04875099333174,3.7433155080213902,900,872,35,0,837,807,289195,63,0,0,63,65
2020-06-24,US,Georgia,Chattahoochee,345,0,0,32.34341231,-84.78809239,13053.0,3163.1062620335565,0.0,345,317,1,0,316,317,10684,28,-1,0,29,0
2020-06-24,US,Georgia,Chattooga,52,2,0,34.47197698,-85.34535662,13055.0,209.7704627052321,3.8461538461538463,50,50,2,0,48,49,24790,2,0,0,2,1
2020-06-24,US,Georgia,Cherokee,1156,42,0,34.24393976,-84.47431861,13057.0,446.7235762618202,3.633217993079585,1114,1126,41,0,1085,1114,254149,30,1,0,29,12
2020-06-24,US,Georgia,Clarke,419,15,0,33.95436462,-83.37124007,13059.0,326.4994428470128,3.5799522673031032,404,408,15,0,393,391,127330,11,0,0,11,17
2020-06-24,US,Georgia,Clay,56,2,0,31.62221166,-84.97713865,13061.0,1976.0056457304165,3.571428571428572,54,56,2,0,54,56,2887,0,0,0,0,0
2020-06-24,US,Georgia,Clayton,1726,78,0,33.54187245,-84.35594188,13063.0,590.5781232891711,4.519119351100811,1648,1687,77,0,1610,1631,289615,39,1,0,38,56
2020-06-24,US,Georgia,Clinch,97,3,0,30.91395822,-82.70432472,13065.0,1465.6996071320639,3.0927835051546397,94,87,2,0,85,86,6648,10,1,0,9,1
2020-06-24,US,Georgia,Cobb,4269,236,0,33.94243204,-84.5761255,13067.0,561.6063335617997,5.528226750995549,4033,4134,234,0,3900,3969,756865,135,2,0,133,165
2020-06-24,US,Georgia,Coffee,474,15,0,31.54892966,-82.85492059999999,13069.0,1095.3712476602036,3.1645569620253164,459,444,15,0,429,418,43093,30,0,0,30,26
2020-06-24,US,Georgia,Colquitt,785,18,0,31.18810588,-83.7677946,13071.0,1721.4912280701749,2.2929936305732483,767,764,18,0,746,748,45592,21,0,0,21,16
2020-06-24,US,Georgia,Columbia,367,9,0,33.54534185,-82.263524,13073.0,234.18456551424887,2.4523160762942777,358,359,8,0,351,345,154291,8,1,0,7,14
2020-06-24,US,Georgia,Cook,110,1,0,31.16068491,-83.42947229,13075.0,636.9426751592358,0.9090909090909092,109,104,1,0,103,97,17162,6,0,0,6,7
2020-06-24,US,Georgia,Coweta,599,15,0,33.35334302,-84.76129976,13077.0,403.3425583634662,2.504173622704508,584,569,15,0,554,554,145864,30,0,0,30,15
2020-06-24,US,Georgia,Crawford,39,0,0,32.71391813,-83.98061238,13079.0,314.41470493389227,0.0,39,37,0,0,37,36,12318,2,0,0,2,1
2020-06-24,US,Georgia,Crisp,261,12,0,31.92289565,-83.76811843,13081.0,1166.636867512963,4.597701149425287,249,261,12,0,249,258,22601,0,0,0,0,3
2020-06-24,US,Georgia,Dade,60,1,0,34.854916700000004,-85.50490424,13083.0,372.3008190618019,1.6666666666666667,59,60,1,0,59,60,16226,0,0,0,0,0
2020-06-24,US,Georgia,Dawson,127,3,0,34.44244079,-84.16964071,13085.0,486.440937643634,2.3622047244094486,124,125,3,0,122,124,25083,2,0,0,2,1
2020-06-24,US,Georgia,DeKalb,5158,166,0,33.76944049,-84.22396017,13089.0,679.3125746578742,3.2183016673129123,4992,5042,166,0,4876,4791,756558,116,0,0,116,251
2020-06-24,US,Georgia,Decatur,246,8,0,30.87967778,-84.57619536,13087.0,931.6770186335403,3.2520325203252027,238,245,8,0,237,244,26575,1,0,0,1,1
2020-06-24,US,Georgia,Dodge,71,2,0,32.17265114,-83.16948926,13091.0,344.5765590876001,2.8169014084507036,69,70,2,0,68,67,20705,1,0,0,1,3
2020-06-24,US,Georgia,Dooly,195,12,0,32.15630737,-83.79746561,13093.0,1456.3106796116504,6.153846153846153,183,194,12,0,182,194,13706,1,0,0,1,0
2020-06-24,US,Georgia,Dougherty,1866,153,0,31.53328528,-84.21722377,13095.0,2121.5153031060986,8.19935691318328,1713,1865,153,0,1712,1854,91243,1,0,0,1,11
2020-06-24,US,Georgia,Douglas,793,35,0,33.70291126,-84.77026156,13097.0,541.8776436180754,4.4136191677175285,758,778,36,0,742,740,145331,15,-1,0,16,38
2020-06-24,US,Georgia,Early,257,31,0,31.32155345,-84.90255207,13099.0,2522.0804710500493,12.06225680933852,226,255,31,0,224,255,10247,2,0,0,2,0
2020-06-24,US,Georgia,Echols,177,0,0,30.71101099,-82.89687287,13101.0,4418.372441337993,0.0,177,177,0,0,177,177,4000,0,0,0,0,0
2020-06-24,US,Georgia,Effingham,114,1,0,32.36616021,-81.34280942,13103.0,177.3049645390071,0.8771929824561403,113,111,1,0,110,101,62190,3,0,0,3,10
2020-06-24,US,Georgia,Elbert,94,0,0,34.11302332,-82.83936148,13105.0,489.73637595081794,0.0,94,94,0,0,94,92,19120,0,0,0,0,2
2020-06-24,US,Georgia,Emanuel,78,3,0,32.59221302,-82.30239915,13107.0,344.4316877152698,3.8461538461538463,75,72,3,0,69,66,22612,6,0,0,6,6
2020-06-24,US,Georgia,Evans,17,0,0,32.15328841,-81.8870105,13109.0,159.56448282335268,0.0,17,17,0,0,17,17,10721,0,0,0,0,0
2020-06-24,US,Georgia,Fannin,92,1,0,34.86430205,-84.316964,13111.0,351.30594165266535,1.0869565217391304,91,82,1,0,81,79,25964,10,0,0,10,3
2020-06-24,US,Georgia,Fayette,305,16,0,33.41357794,-84.49089434,13113.0,266.55946023894217,5.245901639344262,289,299,16,0,283,292,113459,6,0,0,6,7
2020-06-24,US,Georgia,Floyd,457,15,0,34.26268279,-85.21577392,13115.0,463.96881154947306,3.2822757111597376,442,433,15,0,418,426,97927,24,0,0,24,7
2020-06-24,US,Georgia,Forsyth,721,14,0,34.22604035,-84.12315129999998,13117.0,295.18693808034317,1.9417475728155342,707,694,14,0,680,660,236612,27,0,0,27,34
2020-06-24,US,Georgia,Franklin,168,1,0,34.37525597,-83.23159927,13119.0,719.5168957985353,0.5952380952380952,167,160,1,0,159,158,23023,8,0,0,8,2
2020-06-24,US,Georgia,Fulton,6052,302,0,33.79216944,-84.46319413,13121.0,568.8306732447504,4.9900859220092535,5750,5885,304,0,5581,5705,1050114,167,-2,0,169,180
2020-06-24,US,Georgia,Gilmer,180,2,0,34.69316688,-84.45802506,13123.0,573.8149128120117,1.1111111111111112,178,178,2,0,176,178,30816,2,0,0,2,0
2020-06-24,US,Georgia,Glascock,3,0,0,33.22879932,-82.61297636,13125.0,100.97610232245034,0.0,3,3,0,0,3,3,2995,0,0,0,0,0
2020-06-24,US,Georgia,Glynn,404,3,0,31.23279254,-81.53811412,13127.0,473.66693242039116,0.7425742574257426,401,411,3,0,408,308,85219,-7,0,0,-7,103
2020-06-24,US,Georgia,Gordon,325,18,0,34.50487351,-84.87296253,13129.0,560.7025171229923,5.538461538461538,307,318,18,0,300,298,57685,7,0,0,7,20
2020-06-24,US,Georgia,Grady,168,4,0,30.87454847,-84.23418364,13131.0,682.0119352088661,2.380952380952381,164,165,4,0,161,164,24748,3,0,0,3,1
2020-06-24,US,Georgia,Greene,91,9,0,33.5769205,-83.17139104,13133.0,496.61645928836487,9.89010989010989,82,90,9,0,81,89,17698,1,0,0,1,1
2020-06-24,US,Georgia,Gwinnett,7036,164,0,33.96044201,-84.02137802,13135.0,751.5086782376503,2.3308698123934053,6872,6636,163,0,6473,6407,927781,400,1,0,399,229
2020-06-24,US,Georgia,Habersham,647,35,0,34.63331566,-83.53094677,13137.0,1427.3738086833746,5.4095826893353935,612,644,35,0,609,639,45388,3,0,0,3,5
2020-06-24,US,Georgia,Hall,3032,58,0,34.32207823,-83.81896936,13139.0,1483.0684647404385,1.9129287598944589,2974,2982,58,0,2924,2946,202148,50,0,0,50,36
2020-06-24,US,Georgia,Hancock,209,32,0,33.2721566,-82.99766919,13141.0,2471.325529147452,15.311004784688995,177,208,32,0,176,208,8348,1,0,0,1,0
2020-06-24,US,Georgia,Haralson,67,4,0,33.79602175,-85.21005667,13143.0,224.8925886143932,5.970149253731344,63,66,4,0,62,65,29533,1,0,0,1,1
2020-06-24,US,Georgia,Harris,281,9,0,32.73709786,-84.90538572,13145.0,797.4798501532523,3.2028469750889683,272,269,8,0,261,252,34475,12,1,0,11,17
2020-06-24,US,Georgia,Hart,52,0,0,34.34626973,-82.96567682,13147.0,198.43541308910514,0.0,52,50,0,0,50,50,26099,2,0,0,2,0
2020-06-24,US,Georgia,Heard,47,3,0,33.29686567,-85.12886832,13149.0,394.1960915876877,6.382978723404255,44,47,3,0,44,46,11879,0,0,0,0,1
2020-06-24,US,Georgia,Henry,1062,31,0,33.4533428,-84.14814659999998,13151.0,452.7606891171168,2.919020715630885,1031,1013,31,0,982,964,230220,49,0,0,49,49
2020-06-24,US,Georgia,Houston,533,20,0,32.45802497,-83.66879087,13153.0,337.6345312074393,3.75234521575985,513,519,20,0,499,513,155469,14,0,0,14,6
2020-06-24,US,Georgia,Irwin,47,1,0,31.60213036,-83.27501387,13155.0,499.15038232795234,2.127659574468085,46,46,1,0,45,46,9398,1,0,0,1,0
2020-06-24,US,Georgia,Jackson,329,7,0,34.13794553,-83.56814788,13157.0,450.82697288186694,2.127659574468085,322,314,7,0,307,305,70422,15,0,0,15,9
2020-06-24,US,Georgia,Jasper,65,1,0,33.31535543,-83.68844964,13159.0,457.13481960756735,1.5384615384615383,64,65,1,0,64,63,14040,0,0,0,0,2
2020-06-24,US,Georgia,Jeff Davis,76,2,0,31.80405727,-82.63724870000001,13161.0,502.81177638107835,2.631578947368421,74,76,2,0,74,75,15029,0,0,0,0,1
2020-06-24,US,Georgia,Jefferson,74,1,0,33.05867328,-82.41609057,13163.0,481.7081109230569,1.351351351351351,73,73,1,0,72,70,15430,1,0,0,1,3
2020-06-24,US,Georgia,Jenkins,87,9,0,32.79248718,-81.96040187,13165.0,1002.7662517289073,10.344827586206897,78,78,9,0,69,75,8683,9,0,0,9,3
2020-06-24,US,Georgia,Johnson,82,2,0,32.70211082,-82.66166794,13167.0,850.3577724774448,2.4390243902439024,80,81,2,0,79,80,9708,1,0,0,1,1
2020-06-24,US,Georgia,Jones,52,0,0,33.02512137,-83.56019163,13169.0,180.96398120758656,0.0,52,51,0,0,51,51,28616,1,0,0,1,0
2020-06-24,US,Georgia,Lamar,102,6,0,33.07841647,-84.14263877,13171.0,534.675263406196,5.882352941176472,96,95,6,0,89,91,19000,7,0,0,7,4
2020-06-24,US,Georgia,Lanier,118,3,0,31.03828570000001,-83.06472457,13173.0,1132.1116761009307,2.5423728813559316,115,116,3,0,113,116,10340,2,0,0,2,0
2020-06-24,US,Georgia,Laurens,140,0,0,32.46325233,-82.92221316,13175.0,294.45168889075836,0.0,140,135,1,0,134,133,47325,5,-1,0,6,2
2020-06-24,US,Georgia,Lee,386,22,0,31.779330600000005,-84.14324253,13177.0,1287.0098692984795,5.699481865284973,364,385,22,0,363,381,29764,1,0,0,1,4
2020-06-24,US,Georgia,Liberty,112,1,0,31.82588896,-81.49251135,13179.0,182.30650280784567,0.8928571428571429,111,110,1,0,109,102,61497,2,0,0,2,8
2020-06-24,US,Georgia,Lincoln,30,1,0,33.79201475,-82.45024131,13181.0,378.7400580734757,3.333333333333333,29,25,1,0,24,24,7915,5,0,0,5,1
2020-06-24,US,Georgia,Long,33,1,0,31.75218791,-81.74952375,13183.0,168.72028222301753,3.0303030303030303,32,35,1,0,34,32,18998,-2,0,0,-2,3
2020-06-24,US,Georgia,Lowndes,1017,7,0,30.83568832,-83.27056716,13185.0,866.2248948094646,0.688298918387414,1010,975,6,0,969,939,116321,42,1,0,41,36
2020-06-24,US,Georgia,Lumpkin,123,3,0,34.57286511,-84.00425681,13187.0,365.96251115739364,2.4390243902439024,120,121,3,0,118,120,32955,2,0,0,2,1
2020-06-24,US,Georgia,Macon,112,9,0,32.35207048,-84.04234127,13193.0,865.0652660848073,8.035714285714286,103,112,9,0,103,112,13143,0,0,0,0,0
2020-06-24,US,Georgia,Madison,83,4,0,34.12920917,-83.21218732,13195.0,277.77777777777777,4.819277108433735,79,78,4,0,74,78,29650,5,0,0,5,0
2020-06-24,US,Georgia,Marion,77,2,0,32.3483402,-84.52733571,13197.0,921.1628185189617,2.5974025974025974,75,78,3,0,75,75,8351,-1,-1,0,0,3
2020-06-24,US,Georgia,McDuffie,84,5,0,33.47851918,-82.48252774,13189.0,394.1441441441442,5.9523809523809526,79,81,5,0,76,78,21531,3,0,0,3,3
2020-06-24,US,Georgia,McIntosh,27,1,0,31.49683595,-81.40163426,13191.0,187.78689664765614,3.703703703703704,26,27,1,0,26,25,14340,0,0,0,0,2
2020-06-24,US,Georgia,Meriwether,165,2,0,33.04163534,-84.68859732,13199.0,779.5152832238863,1.2121212121212122,163,160,2,0,158,154,21068,5,0,0,5,6
2020-06-24,US,Georgia,Miller,45,0,0,31.16568912,-84.73151117,13201.0,786.9884575026233,0.0,45,45,0,0,45,45,5686,0,0,0,0,0
2020-06-24,US,Georgia,Mitchell,442,38,0,31.22483255,-84.19381821,13205.0,2021.6804647120707,8.597285067873303,404,441,38,0,403,436,22192,1,0,0,1,5
2020-06-24,US,Georgia,Monroe,139,16,0,33.014289,-83.92097166,13207.0,504.024947421858,11.510791366906474,123,138,16,0,122,137,27520,1,0,0,1,1
2020-06-24,US,Georgia,Montgomery,28,0,0,32.17201038,-82.53527476,13209.0,305.27692978630614,0.0,28,28,0,0,28,27,9193,0,0,0,0,1
2020-06-24,US,Georgia,Morgan,45,0,0,33.59232073,-83.49129491,13211.0,233.45092342809718,0.0,45,45,0,0,45,45,18853,0,0,0,0,0
2020-06-24,US,Georgia,Murray,178,1,0,34.78897608,-84.74993177,13213.0,443.93455706304877,0.5617977528089888,177,172,1,0,171,168,39921,6,0,0,6,4
2020-06-24,US,Georgia,Muscogee,1392,39,0,32.50931999,-84.87142262,13215.0,711.0420955309575,2.8017241379310347,1353,1341,39,0,1302,1213,194160,51,0,0,51,128
2020-06-24,US,Georgia,Newton,525,11,0,33.55514538,-83.84547140000002,13217.0,469.823883161512,2.095238095238096,514,516,11,0,505,493,109541,9,0,0,9,23
2020-06-24,US,Georgia,Oconee,138,10,0,33.83749973,-83.43679568,13219.0,342.6017874875869,7.246376811594202,128,136,10,0,126,134,39272,2,0,0,2,2
2020-06-24,US,Georgia,Oglethorpe,86,7,0,33.878629600000004,-83.08278123,13221.0,563.6018087685958,8.13953488372093,79,85,7,0,78,81,15054,1,0,0,1,4
2020-06-24,US,Georgia,Out of GA,3091,40,0,0.0,0.0,80013.0,0.0,1.2940795858945324,3051,3223,41,0,3182,3223,,-132,-1,0,-131,0
2020-06-24,US,Georgia,Paulding,505,15,0,33.91969522,-84.86848792,13223.0,299.40652291201013,2.9702970297029703,490,493,13,0,480,470,164044,12,2,0,10,23
2020-06-24,US,Georgia,Peach,95,9,0,32.56934316,-83.82937,13225.0,344.87765918826693,9.473684210526317,86,95,9,0,86,93,27297,0,0,0,0,2
2020-06-24,US,Georgia,Pickens,84,5,0,34.46589159,-84.46406611,13227.0,257.7398668344021,5.9523809523809526,79,83,5,0,78,80,31980,1,0,0,1,3
2020-06-24,US,Georgia,Pierce,148,4,0,31.35928155,-82.21598442,13229.0,760.3390701258669,2.702702702702702,144,143,4,0,139,140,19389,5,0,0,5,3
2020-06-24,US,Georgia,Pike,86,3,0,33.09310242,-84.38790389,13231.0,453.53865625988817,3.4883720930232562,83,84,3,0,81,81,18634,2,0,0,2,3
2020-06-24,US,Georgia,Polk,192,1,0,34.00267074,-85.18677781,13233.0,450.56672846314507,0.5208333333333334,191,188,1,0,187,184,42470,4,0,0,4,4
2020-06-24,US,Georgia,Pulaski,47,2,0,32.23334561,-83.47549959999998,13235.0,422.0167010864685,4.25531914893617,45,48,2,0,46,46,11069,-1,0,0,-1,2
2020-06-24,US,Georgia,Putnam,127,11,0,33.32056115,-83.37552891,13237.0,574.1670057416701,8.661417322834646,116,123,11,0,112,120,21809,4,0,0,4,3
2020-06-24,US,Georgia,Quitman,15,1,0,31.86728114,-85.01773177,13239.0,652.4575902566334,6.666666666666668,14,15,1,0,14,15,2279,0,0,0,0,0
2020-06-24,US,Georgia,Rabun,40,3,0,34.88389445,-83.40304637,13241.0,233.41308280329122,7.5,37,36,4,0,32,35,16867,4,-1,0,5,1
2020-06-24,US,Georgia,Randolph,198,25,0,31.76622818,-84.75732369,13243.0,2921.2156978459725,12.626262626262625,173,197,25,0,172,195,6833,1,0,0,1,2
2020-06-24,US,Georgia,Richmond,785,48,0,33.35777107,-82.07026432,13245.0,387.6198658884642,6.114649681528663,737,776,48,0,728,755,201554,9,0,0,9,21
2020-06-24,US,Georgia,Rockdale,401,10,0,33.65145002,-84.02202167,13247.0,441.16352754796685,2.4937655860349133,391,390,10,0,380,379,90594,11,0,0,11,11
2020-06-24,US,Georgia,Schley,22,1,0,32.2654021,-84.31258912,13249.0,418.48963287045837,4.545454545454546,21,22,1,0,21,22,5236,0,0,0,0,0
2020-06-24,US,Georgia,Screven,86,5,0,32.74976524,-81.60779441,13251.0,615.7811828726907,5.813953488372092,81,85,5,0,80,79,13938,1,0,0,1,6
2020-06-24,US,Georgia,Seminole,48,2,0,30.93464824,-84.86823924,13253.0,593.3250927070458,4.166666666666667,46,48,2,0,46,48,8315,0,0,0,0,0
2020-06-24,US,Georgia,Spalding,361,32,0,33.26310031,-84.28013991,13255.0,541.2050432514278,8.86426592797784,329,353,32,0,321,343,66100,8,0,0,8,10
2020-06-24,US,Georgia,Stephens,184,6,0,34.55151201,-83.29405315,13257.0,709.7396335583412,3.260869565217391,178,182,6,0,176,165,26035,2,0,0,2,17
2020-06-24,US,Georgia,Stewart,91,3,0,32.07996777,-84.83208037,13259.0,1374.4147409756833,3.2967032967032965,88,93,3,0,90,84,6199,-2,0,0,-2,9
2020-06-24,US,Georgia,Sumter,540,50,0,32.03650571,-84.19821492,13261.0,1829.0204579325296,9.25925925925926,490,540,50,0,490,536,29733,0,0,0,0,4
2020-06-24,US,Georgia,Talbot,66,2,0,32.69642758,-84.53351366,13263.0,1065.3753026634383,3.0303030303030303,64,64,2,0,62,62,6272,2,0,0,2,2
2020-06-24,US,Georgia,Taliaferro,2,0,0,33.56543317,-82.88136816,13265.0,130.1236174365647,0.0,2,2,0,0,2,2,1608,0,0,0,0,0
2020-06-24,US,Georgia,Tattnall,100,0,0,32.04785085,-82.05539188,13267.0,395.4757573360753,0.0,100,92,0,0,92,88,25391,8,0,0,8,4
2020-06-24,US,Georgia,Taylor,26,2,0,32.55792548,-84.25077141,13269.0,324.18952618453864,7.6923076923076925,24,26,2,0,24,26,8039,0,0,0,0,0
2020-06-24,US,Georgia,Telfair,65,2,0,31.92829517,-82.93491155,13271.0,409.8360655737705,3.0769230769230766,63,65,2,0,63,64,15876,0,0,0,0,1
2020-06-24,US,Georgia,Terrell,219,27,0,31.77527543,-84.44069698,13273.0,2567.1081936467003,12.32876712328767,192,219,27,0,192,218,8611,0,0,0,0,1
2020-06-24,US,Georgia,Thomas,394,33,0,30.86392347,-83.91847289,13275.0,886.3692605340711,8.375634517766498,361,388,33,0,355,372,44448,6,0,0,6,16
2020-06-24,US,Georgia,Tift,600,25,0,31.45743864,-83.5236119,13277.0,1476.2326542663125,4.166666666666667,575,569,25,0,544,549,40571,31,0,0,31,20
2020-06-24,US,Georgia,Toombs,207,5,0,32.12059861,-82.32957247,13279.0,771.5244129705553,2.415458937198068,202,170,5,0,165,163,26887,37,0,0,37,7
2020-06-24,US,Georgia,Towns,37,1,0,34.91369188,-83.74107459999998,13281.0,307.3855611863421,2.702702702702702,36,36,1,0,35,36,11852,1,0,0,1,0
2020-06-24,US,Georgia,Treutlen,19,1,0,32.40422134,-82.56904553,13283.0,275.3224170410086,5.2631578947368425,18,19,1,0,18,19,6809,0,0,0,0,0
2020-06-24,US,Georgia,Troup,1209,29,0,33.03349196,-85.02812115,13285.0,1729.0695346242953,2.3986765922249798,1180,1158,29,0,1129,1027,70034,51,0,0,51,131
2020-06-24,US,Georgia,Turner,172,16,0,31.71612656,-83.62069378,13287.0,2154.0388227927365,9.30232558139535,156,171,16,0,155,170,7912,1,0,0,1,1
2020-06-24,US,Georgia,Twiggs,23,1,0,32.67435595,-83.43078662,13289.0,283.25123152709364,4.3478260869565215,22,24,1,0,23,23,8188,-1,0,0,-1,1
2020-06-24,US,Georgia,Unassigned,1249,2,0,0.0,0.0,90013.0,0.0,0.16012810248198558,1247,1482,2,0,1480,1792,,-233,0,0,-233,-310
2020-06-24,US,Georgia,Union,62,3,0,34.82995757,-83.98967069,13291.0,252.9476561543797,4.838709677419356,59,60,3,0,57,56,24001,2,0,0,2,4
2020-06-24,US,Georgia,Upson,341,43,0,32.87920671,-84.30024826,13293.0,1295.5927051671733,12.609970674486805,298,328,43,0,285,323,26215,13,0,0,13,5
2020-06-24,US,Georgia,Walker,298,6,0,34.73376362,-85.30165174,13295.0,427.1727756196156,2.0134228187919465,292,294,5,0,289,287,69410,4,1,0,3,7
2020-06-24,US,Georgia,Walton,361,26,0,33.78017694,-83.73552314,13297.0,381.63500470436486,7.202216066481994,335,352,26,0,326,346,93503,9,0,0,9,6
2020-06-24,US,Georgia,Ware,365,15,0,31.05449097,-82.42224148,13299.0,1021.4361672356861,4.109589041095891,350,352,15,0,337,331,35680,13,0,0,13,21
2020-06-24,US,Georgia,Warren,19,0,0,33.41146451,-82.67795848,13301.0,361.62923486867135,0.0,19,19,0,0,19,19,5251,0,0,0,0,0
2020-06-24,US,Georgia,Washington,83,1,0,32.96711864,-82.79357039,13303.0,407.38195739668197,1.2048192771084338,82,81,1,0,80,81,20386,2,0,0,2,0
2020-06-24,US,Georgia,Wayne,51,0,0,31.5521809,-81.91894878,13305.0,170.41467571089652,0.0,51,49,0,0,49,48,29808,2,0,0,2,1
2020-06-24,US,Georgia,Webster,18,1,0,32.04066113,-84.54742852,13307.0,690.4487917146146,5.5555555555555545,17,18,1,0,17,17,2611,0,0,0,0,1
2020-06-24,US,Georgia,Wheeler,41,0,0,32.12009104,-82.72574721,13309.0,521.9605346912796,0.0,41,41,0,0,41,38,7879,0,0,0,0,3
2020-06-24,US,Georgia,White,134,4,0,34.64624278,-83.74905525,13311.0,435.0931878693422,2.985074626865672,130,132,4,0,128,129,29970,2,0,0,2,3
2020-06-24,US,Georgia,Whitfield,846,10,0,34.80987459,-84.96093476,13313.0,808.5789654776922,1.182033096926714,836,819,10,0,809,800,104062,27,0,0,27,19
2020-06-24,US,Georgia,Wilcox,123,15,0,31.97496928,-83.43438555,13315.0,1424.4354371742909,12.19512195121951,108,122,15,0,107,122,8812,1,0,0,1,0
2020-06-24,US,Georgia,Wilkes,50,1,0,33.78290391,-82.74286107,13317.0,511.4043162524292,2.0,49,49,1,0,48,49,9876,1,0,0,1,0
2020-06-24,US,Georgia,Wilkinson,74,8,0,32.80291082,-83.17140684,13319.0,826.4462809917355,10.810810810810812,66,74,8,0,66,74,9036,0,0,0,0,0
2020-06-24,US,Georgia,Worth,294,21,0,31.55162306,-83.85090513,13321.0,1452.0669728848718,7.142857142857142,273,291,21,0,270,288,20299,3,0,0,3,3
2020-06-24,US,Hawaii,Hawaii,86,0,0,19.60121157,-155.5210167,15001.0,42.677147380069776,0.0,86,85,0,0,85,85,200983,1,0,0,1,0
2020-06-24,US,Hawaii,Honolulu,584,11,0,21.45803166,-157.97121819999995,15003.0,59.92429427343333,1.8835616438356164,573,571,11,0,560,568,980080,13,0,0,13,3
2020-06-24,US,Hawaii,Kauai,29,0,0,22.03935037,-159.5966786,15007.0,40.11453391061375,0.0,29,29,0,0,29,29,72133,0,0,0,0,0
2020-06-24,US,Hawaii,Maui,122,6,0,20.86399628,-156.56890969999995,15009.0,72.87193056858024,4.918032786885246,116,122,6,0,116,122,167207,0,0,0,0,0
2020-06-24,US,Hawaii,Out of HI,14,0,0,0.0,0.0,80015.0,0.0,0.0,14,12,0,0,12,12,,2,0,0,2,0
2020-06-24,US,Idaho,Ada,1383,22,0,43.4526575,-116.24155159999998,16001.0,287.1755259174355,1.5907447577729574,1361,1307,22,0,1285,1307,469966,76,0,0,76,0
2020-06-24,US,Idaho,Adams,10,0,0,44.89333571,-116.4545247,16003.0,232.8830926874709,0.0,10,10,0,0,10,10,4250,0,0,0,0,0
2020-06-24,US,Idaho,Bannock,84,1,0,42.67002716,-112.2233311,16005.0,95.66326530612244,1.1904761904761905,83,82,1,0,81,82,87138,2,0,0,2,0
2020-06-24,US,Idaho,Benewah,21,0,0,47.21754179,-116.6586851,16009.0,225.85502258550227,0.0,21,21,0,0,21,21,9226,0,0,0,0,0
2020-06-24,US,Idaho,Bingham,32,0,0,43.21672879999999,-112.3978437,16011.0,68.36000085450003,0.0,32,32,0,0,32,32,46236,0,0,0,0,0
2020-06-24,US,Idaho,Blaine,523,5,0,43.4085812,-113.9752658,16013.0,2271.838755918509,0.9560229445506692,518,520,5,0,515,520,22601,3,0,0,3,0
2020-06-24,US,Idaho,Bonner,15,0,0,48.29996017,-116.6017932,16017.0,32.79477032729181,0.0,15,15,0,0,15,15,44727,0,0,0,0,0
2020-06-24,US,Idaho,Bonneville,96,1,0,43.38713372,-111.6161537,16019.0,80.63025986460836,1.0416666666666667,95,95,1,0,94,95,116854,1,0,0,1,0
2020-06-24,US,Idaho,Camas,1,0,0,43.46665742,-114.8065892,16025.0,90.41591320072331,0.0,1,1,0,0,1,1,1127,0,0,0,0,0
2020-06-24,US,Idaho,Canyon,494,6,0,43.61970148,-116.70954990000001,16027.0,214.92371078403647,1.214574898785425,488,470,6,0,464,470,223499,24,0,0,24,0
2020-06-24,US,Idaho,Caribou,8,0,0,42.77149116,-111.5597683,16029.0,111.80992313067786,0.0,8,8,0,0,8,8,7060,0,0,0,0,0
2020-06-24,US,Idaho,Cassia,178,1,0,42.28347888,-113.6012409,16031.0,740.7407407407408,0.5617977528089888,177,173,1,0,172,173,23864,5,0,0,5,0
2020-06-24,US,Idaho,Custer,2,0,0,44.24186819,-114.2855494,16037.0,46.349942062572424,0.0,2,2,0,0,2,2,4280,0,0,0,0,0
2020-06-24,US,Idaho,Elmore,43,2,0,43.3507101,-115.4701578,16039.0,156.30111591726944,4.651162790697675,41,42,2,0,40,42,27259,1,0,0,1,0
2020-06-24,US,Idaho,Franklin,20,0,0,42.18332217,-111.81496659999999,16041.0,144.13375612568458,0.0,20,19,0,0,19,19,13726,1,0,0,1,0
2020-06-24,US,Idaho,Fremont,4,0,0,44.22800938,-111.48099429999999,16043.0,30.536682189480114,0.0,4,4,0,0,4,4,13168,0,0,0,0,0
2020-06-24,US,Idaho,Gem,19,0,0,44.06482372,-116.398376,16045.0,104.90282685512369,0.0,19,19,0,0,19,19,17634,0,0,0,0,0
2020-06-24,US,Idaho,Gooding,61,1,0,42.96927962,-114.81083059999999,16047.0,401.8710059951249,1.639344262295082,60,61,1,0,60,61,15196,0,0,0,0,0
2020-06-24,US,Idaho,Idaho,3,0,0,45.84721541,-115.4634436,16049.0,17.999640007199854,0.0,3,3,0,0,3,3,16513,0,0,0,0,0
2020-06-24,US,Idaho,Jefferson,16,0,0,43.82078483,-112.3131749,16051.0,53.563657058685685,0.0,16,15,0,0,15,15,29439,1,0,0,1,0
2020-06-24,US,Idaho,Jerome,227,3,0,42.68891267,-114.2655033,16053.0,929.8705554645256,1.3215859030837005,224,225,3,0,222,225,24015,2,0,0,2,0
2020-06-24,US,Idaho,Kootenai,134,1,0,47.67282258,-116.7020872,16055.0,80.870504595738,0.746268656716418,133,129,1,0,128,129,161505,5,0,0,5,0
2020-06-24,US,Idaho,Latah,9,0,0,46.81587887,-116.71136979999999,16057.0,22.439413583325024,0.0,9,9,0,0,9,9,40134,0,0,0,0,0
2020-06-24,US,Idaho,Lemhi,2,0,0,44.9438088,-113.9309747,16059.0,24.91590880777377,0.0,2,2,0,0,2,2,7961,0,0,0,0,0
2020-06-24,US,Idaho,Lincoln,36,0,0,43.0012336,-114.1358773,16063.0,670.8907938874395,0.0,36,35,0,0,35,35,5360,1,0,0,1,0
2020-06-24,US,Idaho,Madison,31,0,0,43.78141028,-111.65384740000002,16065.0,77.68060741223344,0.0,31,31,0,0,31,31,39304,0,0,0,0,0
2020-06-24,US,Idaho,Minidoka,130,0,0,42.85518524,-113.6357257,16067.0,617.9000903084748,0.0,130,124,0,0,124,124,20825,6,0,0,6,0
2020-06-24,US,Idaho,Nez Perce,90,19,0,46.32638236,-116.75009750000001,16069.0,222.72817263908138,21.11111111111111,71,89,19,0,70,89,40408,1,0,0,1,0
2020-06-24,US,Idaho,Owyhee,30,0,0,42.58016894,-116.16938710000001,16073.0,253.7427048972342,0.0,30,28,0,0,28,28,11693,2,0,0,2,0
2020-06-24,US,Idaho,Payette,48,2,0,44.00545243,-116.7647695,16075.0,200.4091687194689,4.166666666666667,46,43,2,0,41,43,23551,5,0,0,5,0
2020-06-24,US,Idaho,Power,16,0,0,42.69254894,-112.83957420000002,16077.0,208.30621012888943,0.0,16,16,0,0,16,16,7768,0,0,0,0,0
2020-06-24,US,Idaho,Teton,14,0,0,43.75303583,-111.2056773,16081.0,115.30225662987976,0.0,14,14,0,0,14,14,11640,0,0,0,0,0
2020-06-24,US,Idaho,Twin Falls,522,25,0,42.35440512,-114.6685381,16083.0,600.8425608324317,4.789272030651341,497,518,25,0,493,518,86081,4,0,0,4,0
2020-06-24,US,Idaho,Unassigned,1,0,0,0.0,0.0,90016.0,0.0,0.0,1,,,,,,,,,,,
2020-06-24,US,Idaho,Valley,3,0,0,44.76728382,-115.5676773,16085.0,26.33426966292135,0.0,3,3,0,0,3,3,11041,0,0,0,0,0
2020-06-24,US,Idaho,Washington,96,0,0,44.45275475,-116.78476880000001,16087.0,941.7304296645084,0.0,96,89,0,0,89,89,10161,7,0,0,7,0
2020-06-24,US,Illinois,Adams,67,1,0,39.98815591,-91.18786813,17001.0,102.39168640635744,1.492537313432836,66,63,1,0,62,57,65691,4,0,0,4,6
2020-06-24,US,Illinois,Alexander,21,0,0,37.18049267,-89.32910838,17003.0,364.52004860267317,0.0,21,20,0,0,20,20,6060,1,0,0,1,0
2020-06-24,US,Illinois,Bond,12,1,0,38.88829622,-89.43534887,17005.0,73.0549129428954,8.333333333333334,11,12,1,0,11,12,16630,0,0,0,0,0
2020-06-24,US,Illinois,Boone,560,21,0,42.32359279,-88.82345779,17007.0,1045.8688181682355,3.75,539,562,21,0,541,556,53577,-2,0,0,-2,6
2020-06-24,US,Illinois,Brown,10,0,0,39.96209138,-90.75068024,17009.0,152.02189115232594,0.0,10,10,0,0,10,10,6556,0,0,0,0,0
2020-06-24,US,Illinois,Bureau,24,1,0,41.40385234,-89.5283051,17011.0,73.55645457888929,4.166666666666667,23,24,1,0,23,24,32993,0,0,0,0,0
2020-06-24,US,Illinois,Calhoun,1,0,0,39.16840183,-90.66330078,17013.0,21.101498206372653,0.0,1,1,0,0,1,1,4802,0,0,0,0,0
2020-06-24,US,Illinois,Carroll,21,2,0,42.06823429,-89.93395545,17015.0,146.8018175463125,9.523809523809524,19,19,2,0,17,19,14312,2,0,0,2,0
2020-06-24,US,Illinois,Cass,117,0,0,39.96991073,-90.24734436,17017.0,963.2007903185972,0.0,117,100,0,0,100,100,12260,17,0,0,17,0
2020-06-24,US,Illinois,Champaign,801,12,0,40.13919438,-88.20046615,17019.0,381.9942867770842,1.49812734082397,789,787,12,0,775,781,209983,14,0,0,14,6
2020-06-24,US,Illinois,Christian,42,4,0,39.54581621,-89.27780482,17021.0,130.0148588410104,9.523809523809524,38,42,4,0,38,42,32661,0,0,0,0,0
2020-06-24,US,Illinois,Clark,14,0,0,39.33425789,-87.78705622,17023.0,90.66770286898516,0.0,14,14,0,0,14,14,15596,0,0,0,0,0
2020-06-24,US,Illinois,Clay,2,0,0,38.75388572,-88.48914513,17025.0,15.169902912621355,0.0,2,2,0,0,2,2,13253,0,0,0,0,0
2020-06-24,US,Illinois,Clinton,224,17,0,38.60704876,-89.42385254,17027.0,596.3473723443907,7.5892857142857135,207,225,17,0,208,224,37639,-1,0,0,-1,1
2020-06-24,US,Illinois,Coles,154,17,0,39.51949084,-88.22358557,17029.0,304.2215681239012,11.03896103896104,137,151,17,0,134,151,50885,3,0,0,3,0
2020-06-24,US,Illinois,Cook,88138,4478,0,41.84144849,-87.81658794,17031.0,1711.3400500521045,5.080668950963262,83660,87784,4439,0,83345,87424,5180493,354,39,0,315,360
2020-06-24,US,Illinois,Crawford,18,0,0,39.0032229,-87.75954624,17033.0,96.42684952054428,0.0,18,18,0,0,18,18,18807,0,0,0,0,0
2020-06-24,US,Illinois,Cumberland,10,0,0,39.27432424,-88.2401158,17035.0,92.88500835965077,0.0,10,10,0,0,10,10,10808,0,0,0,0,0
2020-06-24,US,Illinois,De Witt,4,0,0,40.17514519,-88.90959682,17039.0,25.57871850620284,0.0,4,4,0,0,4,4,15769,0,0,0,0,0
2020-06-24,US,Illinois,DeKalb,527,18,0,41.89373302,-88.76958483,17037.0,502.3975900168737,3.415559772296015,509,525,18,0,507,524,104143,2,0,0,2,1
2020-06-24,US,Illinois,Douglas,43,0,0,39.76768052,-88.21854195,17041.0,220.9093244284613,0.0,43,42,0,0,42,42,19479,1,0,0,1,0
2020-06-24,US,Illinois,DuPage,8780,458,0,41.85116968,-88.08642662,17043.0,951.327361713516,5.216400911161731,8322,8736,455,0,8281,8715,928589,44,3,0,41,21
2020-06-24,US,Illinois,Edgar,7,0,0,39.6809186,-87.74759563,17045.0,40.7901637433716,0.0,7,7,0,0,7,7,17360,0,0,0,0,0
2020-06-24,US,Illinois,Edwards,2,0,0,38.41353228,-88.05720863,17047.0,31.27443315089914,0.0,2,2,0,0,2,2,6392,0,0,0,0,0
2020-06-24,US,Illinois,Effingham,12,1,0,39.05935711,-88.58969584,17049.0,35.28581510232886,8.333333333333334,11,11,1,0,10,12,34208,1,0,0,1,-1
2020-06-24,US,Illinois,Fayette,23,3,0,39.00072038,-89.02452658,17051.0,107.79902512185976,13.043478260869565,20,23,3,0,20,23,21416,0,0,0,0,0
2020-06-24,US,Illinois,Ford,26,1,0,40.59706922,-88.22350769,17053.0,200.60180541624874,3.8461538461538463,25,26,1,0,25,25,13264,0,0,0,0,1
2020-06-24,US,Illinois,Franklin,12,0,0,37.99189086,-88.92567818,17055.0,31.19394837401544,0.0,12,12,0,0,12,12,38701,0,0,0,0,0
2020-06-24,US,Illinois,Fulton,15,0,0,40.47289135,-90.20862357,17057.0,43.68083867210249,0.0,15,13,0,0,13,12,34844,2,0,0,2,1
2020-06-24,US,Illinois,Gallatin,2,0,0,37.76430935,-88.22953869,17059.0,41.42502071251035,0.0,2,2,0,0,2,2,5058,0,0,0,0,0
2020-06-24,US,Illinois,Greene,9,0,0,39.35907414,-90.388865,17061.0,69.39625260235947,0.0,9,9,0,0,9,8,13044,0,0,0,0,1
2020-06-24,US,Illinois,Grundy,144,4,0,41.28569601,-88.41905692,17063.0,282.0542954518745,2.7777777777777777,140,143,3,0,140,142,50972,1,1,0,0,1
2020-06-24,US,Illinois,Hamilton,2,0,0,38.08163641,-88.53883373,17065.0,24.64268112370626,0.0,2,2,0,0,2,2,8163,0,0,0,0,0
2020-06-24,US,Illinois,Hancock,18,1,0,40.40423981,-91.16313899,17067.0,101.6489722159476,5.5555555555555545,17,18,1,0,17,18,17844,0,0,0,0,0
2020-06-24,US,Illinois,Hardin,1,0,0,37.51810645,-88.26873022,17069.0,26.17115938236064,0.0,1,1,0,0,1,1,3910,0,0,0,0,0
2020-06-24,US,Illinois,Henderson,8,0,0,40.81908672,-90.92491462,17071.0,120.37315678603672,0.0,8,8,0,0,8,8,6709,0,0,0,0,0
2020-06-24,US,Illinois,Henry,77,1,0,41.3533994,-90.13296166,17073.0,157.4223621532108,1.2987012987012987,76,76,1,0,75,75,49090,1,0,0,1,1
2020-06-24,US,Illinois,Iroquois,144,5,0,40.74717633,-87.82466784,17075.0,531.0909493250721,3.4722222222222223,139,143,5,0,138,143,27604,1,0,0,1,0
2020-06-24,US,Illinois,Jackson,325,19,0,37.78595185,-89.38232563,17077.0,572.6872246696038,5.846153846153847,306,325,18,0,307,324,57419,0,1,0,-1,1
2020-06-24,US,Illinois,Jasper,46,7,0,39.01054275,-88.15437049,17079.0,478.6680541103018,15.217391304347824,39,46,7,0,39,46,9611,0,0,0,0,0
2020-06-24,US,Illinois,Jefferson,107,17,0,38.29980057,-88.9240025,17081.0,283.9401337437639,15.88785046728972,90,104,17,0,87,104,37820,3,0,0,3,0
2020-06-24,US,Illinois,Jersey,33,1,0,39.08869046,-90.35393073,17083.0,151.56386350066597,3.0303030303030303,32,32,1,0,31,33,21847,1,0,0,1,-1
2020-06-24,US,Illinois,Jo Daviess,39,1,0,42.36542373,-90.21094405,17085.0,183.65905344949368,2.5641025641025643,38,38,1,0,37,38,21366,1,0,0,1,0
2020-06-24,US,Illinois,Johnson,20,0,0,37.45939802,-88.88165419,17087.0,161.0695014898929,0.0,20,20,0,0,20,20,12456,0,0,0,0,0
2020-06-24,US,Illinois,Kane,7496,255,0,41.93842729,-88.42861412,17089.0,1407.9560032531747,3.4018143009605124,7241,7457,254,0,7203,7430,534216,39,1,0,38,27
2020-06-24,US,Illinois,Kankakee,1168,62,0,41.13746989,-87.86205334,17091.0,1063.1519542699023,5.308219178082191,1106,1158,62,0,1096,1149,110024,10,0,0,10,9
2020-06-24,US,Illinois,Kendall,928,21,0,41.59081014,-88.42869583,17093.0,719.4356151639662,2.2629310344827585,907,924,21,0,903,918,127915,4,0,0,4,6
2020-06-24,US,Illinois,Knox,119,0,0,40.93148779,-90.21330340000002,17095.0,239.44143745346992,0.0,119,117,0,0,117,117,50112,2,0,0,2,0
2020-06-24,US,Illinois,LaSalle,195,16,0,41.34426129999999,-88.88633881,17099.0,179.44399966871876,8.205128205128204,179,191,16,0,175,190,109430,4,0,0,4,1
2020-06-24,US,Illinois,Lake,9447,409,0,42.3224907,-88.00367925,17097.0,1356.2850395170378,4.32941674605695,9038,9404,405,0,8999,9356,700832,43,4,0,39,48
2020-06-24,US,Illinois,Lawrence,6,0,0,38.71987914,-87.72884035,17101.0,38.270187523918864,0.0,6,5,0,0,5,5,15765,1,0,0,1,0
2020-06-24,US,Illinois,Lee,96,2,0,41.74583951,-89.29977132,17103.0,281.55795401220087,2.083333333333333,94,96,2,0,94,96,34223,0,0,0,0,0
2020-06-24,US,Illinois,Livingston,40,2,0,40.89188292,-88.55784752,17105.0,112.20825852782764,5.0,38,38,2,0,36,37,35761,2,0,0,2,1
2020-06-24,US,Illinois,Logan,13,0,0,40.12581572,-89.36638784,17107.0,45.42595569222168,0.0,13,13,0,0,13,13,28925,0,0,0,0,0
2020-06-24,US,Illinois,Macon,223,22,0,39.86064913,-88.96342505,17115.0,214.4045226855368,9.865470852017935,201,220,22,0,198,219,104712,3,0,0,3,1
2020-06-24,US,Illinois,Macoupin,48,3,0,39.26119767,-89.92424028,17117.0,106.84236299692827,6.25,45,47,3,0,44,47,45313,1,0,0,1,0
2020-06-24,US,Illinois,Madison,841,68,0,38.83042506,-89.90422563,17119.0,319.81320779112133,8.085612366230677,773,826,67,0,759,815,264461,15,1,0,14,11
2020-06-24,US,Illinois,Marion,63,0,0,38.64963204,-88.91899208,17121.0,169.33207902163687,0.0,63,62,0,0,62,60,37620,1,0,0,1,2
2020-06-24,US,Illinois,Marshall,6,0,0,41.0327901,-89.34510444,17123.0,52.45672320335723,0.0,6,6,0,0,6,6,11534,0,0,0,0,0
2020-06-24,US,Illinois,Mason,21,0,0,40.23917274,-89.91824452,17125.0,157.1973950145969,0.0,21,19,0,0,19,19,13565,2,0,0,2,0
2020-06-24,US,Illinois,Massac,8,0,0,37.22078441,-88.71036614,17127.0,58.088875980249774,0.0,8,7,0,0,7,7,14080,1,0,0,1,0
2020-06-24,US,Illinois,McDonough,101,15,0,40.45674722,-90.67775541,17109.0,340.27356647126203,14.851485148514852,86,101,15,0,86,101,29955,0,0,0,0,0
2020-06-24,US,Illinois,McHenry,1937,93,0,42.32451172,-88.45248227,17111.0,629.3579054760961,4.801239029426949,1844,1922,92,0,1830,1921,308570,15,1,0,14,1
2020-06-24,US,Illinois,McLean,253,13,0,40.48996987,-88.84621113,17113.0,147.50724417987718,5.138339920948616,240,253,13,0,240,254,172828,0,0,0,0,-1
2020-06-24,US,Illinois,Menard,23,0,0,40.02742725,-89.80246001,17129.0,188.58642177763198,0.0,23,23,0,0,23,23,12288,0,0,0,0,0
2020-06-24,US,Illinois,Mercer,20,0,0,41.20596782,-90.74290052,17131.0,129.55885210857028,0.0,20,20,0,0,20,20,15601,0,0,0,0,0
2020-06-24,US,Illinois,Monroe,117,12,0,38.27594376,-90.17761038,17133.0,337.7890694921616,10.256410256410255,105,116,12,0,104,116,34335,1,0,0,1,0
2020-06-24,US,Illinois,Montgomery,41,1,0,39.23198845,-89.47809254,17135.0,144.29506581262757,2.4390243902439024,40,41,1,0,40,41,28601,0,0,0,0,0
2020-06-24,US,Illinois,Morgan,123,3,0,39.71654544,-90.20255104,17137.0,365.4406084734685,2.4390243902439024,120,121,3,0,118,119,33976,2,0,0,2,2
2020-06-24,US,Illinois,Moultrie,15,0,0,39.64187451,-88.62099969,17139.0,103.44114199020756,0.0,15,15,0,0,15,15,14717,0,0,0,0,0
2020-06-24,US,Illinois,Ogle,238,4,0,42.04165196,-89.32184679,17141.0,469.9563611950319,1.680672268907563,234,237,4,0,233,236,50923,1,0,0,1,1
2020-06-24,US,Illinois,Out of IL,1,0,0,0.0,0.0,80017.0,0.0,0.0,1,7,0,0,7,6,,-6,0,0,-6,1
2020-06-24,US,Illinois,Peoria,447,26,0,40.78702156,-89.76078901,17143.0,249.47119919186957,5.8165548098434,421,442,25,0,417,434,180621,5,1,0,4,8
2020-06-24,US,Illinois,Perry,46,0,0,38.08510853,-89.36856219,17145.0,219.9273283610633,0.0,46,44,0,0,44,44,21174,2,0,0,2,0
2020-06-24,US,Illinois,Piatt,17,0,0,40.01360584,-88.59319339,17147.0,104.01370533529123,0.0,17,18,0,0,18,18,16396,-1,0,0,-1,0
2020-06-24,US,Illinois,Pike,2,0,0,39.62265059,-90.8877017,17149.0,12.852644431591802,0.0,2,2,0,0,2,2,15611,0,0,0,0,0
2020-06-24,US,Illinois,Pope,1,0,0,37.41391284,-88.56152109,17151.0,23.94062724443381,0.0,1,1,0,0,1,1,4212,0,0,0,0,0
2020-06-24,US,Illinois,Pulaski,67,0,0,37.22631423,-89.13085001,17153.0,1255.8575445173385,0.0,67,67,0,0,67,66,5463,0,0,0,0,1
2020-06-24,US,Illinois,Putnam,1,0,0,41.2013541,-89.2869272,17155.0,17.424638438752392,0.0,1,1,0,0,1,1,5740,0,0,0,0,0
2020-06-24,US,Illinois,Randolph,278,7,0,38.05095369,-89.82512254,17157.0,874.7089547542635,2.5179856115107917,271,278,7,0,271,278,32106,0,0,0,0,0
2020-06-24,US,Illinois,Richland,4,0,0,38.71240969,-88.08475366,17159.0,25.784825630116682,0.0,4,4,0,0,4,4,15763,0,0,0,0,0
2020-06-24,US,Illinois,Rock Island,809,28,0,41.46613806,-90.57042164,17161.0,570.2041880757548,3.4610630407911,781,797,28,0,769,789,143477,12,0,0,12,8
2020-06-24,US,Illinois,Saline,8,0,0,37.75332999,-88.54119706,17165.0,34.05559576007833,0.0,8,8,0,0,8,8,23906,0,0,0,0,0
2020-06-24,US,Illinois,Sangamon,397,31,0,39.75836914,-89.65872023,17167.0,203.93276896523383,7.8085642317380355,366,392,31,0,361,388,195348,5,0,0,5,4
2020-06-24,US,Illinois,Schuyler,13,0,0,40.1571798,-90.61114163,17169.0,192.08037825059105,0.0,13,13,0,0,13,13,6907,0,0,0,0,0
2020-06-24,US,Illinois,Shelby,16,1,0,39.39133527,-88.80611122,17173.0,73.95765924008505,6.25,15,16,1,0,15,16,21741,0,0,0,0,0
2020-06-24,US,Illinois,St. Clair,1671,130,0,38.46996033,-89.93063427,17163.0,643.4694207619972,7.779772591262717,1541,1624,127,0,1497,1610,261059,47,3,0,44,14
2020-06-24,US,Illinois,Stark,3,0,0,41.09309773,-89.79745866,17175.0,56.15874204417821,0.0,3,3,0,0,3,3,5427,0,0,0,0,0
2020-06-24,US,Illinois,Stephenson,257,5,0,42.35129217,-89.662598,17177.0,577.5540473729156,1.9455252918287935,252,255,5,0,250,248,44753,2,0,0,2,7
2020-06-24,US,Illinois,Tazewell,113,7,0,40.50716185,-89.51404662,17179.0,85.73401212415499,6.1946902654867255,106,113,7,0,106,112,132328,0,0,0,0,1
2020-06-24,US,Illinois,Unassigned,45,0,0,0.0,0.0,90017.0,0.0,0.0,45,44,0,0,44,51,,1,0,0,1,-7
2020-06-24,US,Illinois,Union,182,18,0,37.47119609,-89.25548938,17181.0,1092.896174863388,9.89010989010989,164,182,18,0,164,182,16841,0,0,0,0,0
2020-06-24,US,Illinois,Vermilion,50,2,0,40.18417171,-87.73384359,17183.0,65.99963040206976,4.0,48,50,2,0,48,50,76806,0,0,0,0,0
2020-06-24,US,Illinois,Wabash,22,0,0,38.44272901,-87.84922065,17185.0,190.97222222222226,0.0,22,22,0,0,22,22,11549,0,0,0,0,0
2020-06-24,US,Illinois,Warren,130,0,0,40.84925021,-90.6147432,17187.0,771.7881738304442,0.0,130,129,0,0,129,129,17032,1,0,0,1,0
2020-06-24,US,Illinois,Washington,19,0,0,38.35309213,-89.40982703,17189.0,136.81860733059696,0.0,19,19,0,0,19,19,13995,0,0,0,0,0
2020-06-24,US,Illinois,Wayne,11,1,0,38.42955355,-88.42586459,17191.0,67.83842121492445,9.090909090909092,10,11,1,0,10,11,16332,0,0,0,0,0
2020-06-24,US,Illinois,White,3,0,0,38.08706198,-88.17657461,17193.0,22.16148334195169,0.0,3,3,0,0,3,3,13665,0,0,0,0,0
2020-06-24,US,Illinois,Whiteside,178,15,0,41.75509713,-89.91556058,17195.0,322.60987766198457,8.426966292134832,163,176,15,0,161,173,55626,2,0,0,2,3
2020-06-24,US,Illinois,Will,6459,313,0,41.44619267,-87.97862712,17197.0,935.0800514807968,4.845951385663415,6146,6433,310,0,6123,6398,692310,26,3,0,23,35
2020-06-24,US,Illinois,Williamson,99,4,0,37.73033511,-88.92994027,17199.0,148.6553448353529,4.040404040404041,95,95,4,0,91,93,67056,4,0,0,4,2
2020-06-24,US,Illinois,Winnebago,2911,88,0,42.33641854,-89.16085327,17201.0,1030.1799187463728,3.0230161456544145,2823,2893,83,0,2810,2883,284081,18,5,0,13,10
2020-06-24,US,Illinois,Woodford,32,2,0,40.78579374,-89.20973757,17203.0,83.20549156244311,6.25,30,32,2,0,30,32,38463,0,0,0,0,0
2020-06-24,US,Indiana,Adams,38,1,0,40.7457653,-84.93671406,18001.0,106.21348911311735,2.631578947368421,37,36,1,0,35,36,35636,2,0,0,2,0
2020-06-24,US,Indiana,Allen,2466,97,0,41.09194313,-85.06800636,18003.0,650.1467180245662,3.933495539334956,2369,2436,97,0,2339,2427,375351,30,0,0,30,9
2020-06-24,US,Indiana,Bartholomew,568,43,0,39.20744865,-85.89558181,18005.0,677.9741940104323,7.570422535211267,525,568,43,0,525,566,82753,0,0,0,0,2
2020-06-24,US,Indiana,Benton,44,0,0,40.60626947,-87.31093999,18007.0,502.9721079103794,0.0,44,44,0,0,44,43,8653,0,0,0,0,1
2020-06-24,US,Indiana,Blackford,33,2,0,40.47388153,-85.32499702,18009.0,280.65997618642626,6.0606060606060606,31,33,2,0,31,32,11930,0,0,0,0,1
2020-06-24,US,Indiana,Boone,400,41,0,40.0509304,-86.46841646,18011.0,589.5965685479711,10.25,359,396,41,0,355,393,66999,4,0,0,4,3
2020-06-24,US,Indiana,Brown,37,1,0,39.19605589,-86.22868909,18013.0,245.1630002650411,2.702702702702702,36,37,1,0,36,37,15234,0,0,0,0,0
2020-06-24,US,Indiana,Carroll,103,2,0,40.580783200000006,-86.56198812,18015.0,508.46620921163054,1.9417475728155342,101,103,2,0,101,103,20127,0,0,0,0,0
2020-06-24,US,Indiana,Cass,1625,9,0,40.76135835,-86.34830753,18017.0,4311.602854944415,0.5538461538461539,1616,1625,9,0,1616,1625,37955,0,0,0,0,0
2020-06-24,US,Indiana,Clark,600,43,0,38.48015445,-85.70510334,18019.0,507.17654815641333,7.166666666666668,557,597,43,0,554,592,117360,3,0,0,3,5
2020-06-24,US,Indiana,Clay,56,4,0,39.39561833,-87.11723506,18021.0,213.53670162059106,7.142857142857142,52,56,4,0,52,56,26170,0,0,0,0,0
2020-06-24,US,Indiana,Clinton,274,1,0,40.30319754,-86.47277257,18023.0,845.7051143553813,0.36496350364963503,273,273,1,0,272,273,32250,1,0,0,1,0
2020-06-24,US,Indiana,Crawford,27,0,0,38.28814402,-86.44518825,18025.0,255.27087075730358,0.0,27,27,0,0,27,27,10558,0,0,0,0,0
2020-06-24,US,Indiana,Daviess,132,16,0,38.70186039,-87.07185406,18027.0,395.79023117747596,12.12121212121212,116,132,16,0,116,132,33147,0,0,0,0,0
2020-06-24,US,Indiana,DeKalb,140,4,0,41.39804622,-84.99906934,18033.0,322.0241518113859,2.8571428571428568,136,139,4,0,135,139,43226,1,0,0,1,0
2020-06-24,US,Indiana,Dearborn,190,23,0,39.14647946,-84.97333539,18029.0,384.164341461442,12.105263157894735,167,190,22,0,168,189,49568,0,1,0,-1,1
2020-06-24,US,Indiana,Decatur,241,32,0,39.30712658,-85.50087166,18031.0,907.4136827440793,13.278008298755188,209,239,32,0,207,239,26794,2,0,0,2,0
2020-06-24,US,Indiana,Delaware,412,47,0,40.22787247,-85.39732772,18035.0,360.9760371489903,11.407766990291266,365,410,47,0,363,407,114772,2,0,0,2,3
2020-06-24,US,Indiana,Dubois,255,6,0,38.36597551,-86.87924170000002,18037.0,596.6866342193935,2.3529411764705883,249,251,6,0,245,252,42565,4,0,0,4,-1
2020-06-24,US,Indiana,Elkhart,2705,40,0,41.59761169,-85.85875695,18039.0,1310.9367503307628,1.478743068391867,2665,2665,39,0,2626,2625,205560,40,1,0,39,40
2020-06-24,US,Indiana,Fayette,86,7,0,39.63684962,-85.17797541,18041.0,372.26214180590426,8.13953488372093,79,86,7,0,79,85,23047,0,0,0,0,1
2020-06-24,US,Indiana,Floyd,351,43,0,38.32117957,-85.90385377,18043.0,447.00848169939627,12.250712250712251,308,347,43,0,304,345,77781,4,0,0,4,2
2020-06-24,US,Indiana,Fountain,24,2,0,40.12361933,-87.24217689,18045.0,146.82491129328275,8.333333333333334,22,24,2,0,22,24,16351,0,0,0,0,0
2020-06-24,US,Indiana,Franklin,121,8,0,39.4142482,-85.06062647,18047.0,531.6811670621321,6.6115702479338845,113,121,8,0,113,121,22736,0,0,0,0,0
2020-06-24,US,Indiana,Fulton,64,1,0,41.0469907,-86.26252745,18049.0,320.4165415039552,1.5625,63,63,1,0,62,62,20092,1,0,0,1,1
2020-06-24,US,Indiana,Gibson,29,2,0,38.30393723,-87.58054938,18051.0,86.15823405329927,6.896551724137932,27,27,2,0,25,27,33452,2,0,0,2,0
2020-06-24,US,Indiana,Grant,280,26,0,40.51587228,-85.65468702,18053.0,425.7324879502501,9.285714285714286,254,277,26,0,251,278,65936,3,0,0,3,-1
2020-06-24,US,Indiana,Greene,184,29,0,39.03630547,-86.96223202,18055.0,576.4049871561932,15.76086956521739,155,184,29,0,155,184,32006,0,0,0,0,0
2020-06-24,US,Indiana,Hamilton,1398,97,0,40.07306535,-86.05244729,18057.0,413.5960072305339,6.938483547925607,1301,1393,97,0,1296,1374,330086,5,0,0,5,19
2020-06-24,US,Indiana,Hancock,394,34,0,39.82304555,-85.77566351,18059.0,504.0425749667383,8.629441624365482,360,392,34,0,358,393,76351,2,0,0,2,-1
2020-06-24,US,Indiana,Harrison,201,22,0,38.19467379,-86.10948271,18061.0,496.11255090707147,10.945273631840797,179,200,22,0,178,200,40350,1,0,0,1,0
2020-06-24,US,Indiana,Hendricks,1337,95,0,39.76719009,-86.51037283,18063.0,785.0344370005461,7.105459985041138,1242,1327,94,0,1233,1320,167009,10,1,0,9,7
2020-06-24,US,Indiana,Henry,211,15,0,39.93029017,-85.39625719,18065.0,439.8399066121904,7.109004739336492,196,211,15,0,196,210,48271,0,0,0,0,1
2020-06-24,US,Indiana,Howard,509,50,0,40.48527731,-86.11351892,18067.0,616.6408218647025,9.823182711198431,459,501,50,0,451,500,82366,8,0,0,8,1
2020-06-24,US,Indiana,Huntington,63,2,0,40.82907273,-85.48822092,18069.0,172.50821467688942,3.1746031746031744,61,62,2,0,60,61,36240,1,0,0,1,1
2020-06-24,US,Indiana,Jackson,433,3,0,38.90915820000001,-86.03851889,18071.0,978.9514141665347,0.6928406466512702,430,432,3,0,429,430,44111,1,0,0,1,2
2020-06-24,US,Indiana,Jasper,96,2,0,41.02078733,-87.11553319,18073.0,286.03778082355046,2.083333333333333,94,93,2,0,91,92,33370,3,0,0,3,1
2020-06-24,US,Indiana,Jay,65,0,0,40.43781032,-85.00576229,18075.0,318.06615776081424,0.0,65,65,0,0,65,64,20764,0,0,0,0,1
2020-06-24,US,Indiana,Jefferson,58,1,0,38.78576239,-85.43633383,18077.0,179.52209978952578,1.7241379310344829,57,58,1,0,57,56,32208,0,0,0,0,2
2020-06-24,US,Indiana,Jennings,164,9,0,38.99588883,-85.62710784,18079.0,591.3106183522625,5.487804878048781,155,164,9,0,155,163,27611,0,0,0,0,1
2020-06-24,US,Indiana,Johnson,1205,117,0,39.48994426,-86.10149107,18081.0,761.8529781812894,9.709543568464731,1088,1205,117,0,1088,1200,156225,0,0,0,0,5
2020-06-24,US,Indiana,Knox,47,0,0,38.68861576,-87.4194665,18083.0,128.4363556867246,0.0,47,47,0,0,47,46,36895,0,0,0,0,1
2020-06-24,US,Indiana,Kosciusko,406,2,0,41.24521668,-85.86312322,18085.0,510.97462746677405,0.4926108374384237,404,397,2,0,395,390,79344,9,0,0,9,7
2020-06-24,US,Indiana,LaGrange,412,6,0,41.64232188,-85.42674232,18087.0,1040.036350785076,1.4563106796116505,406,408,6,0,402,396,39330,4,0,0,4,12
2020-06-24,US,Indiana,LaPorte,494,25,0,41.54366008,-86.74072188,18091.0,449.54863133372163,5.060728744939271,469,492,25,0,467,489,110007,2,0,0,2,3
2020-06-24,US,Indiana,Lake,4525,238,0,41.41874274,-87.38277575,18089.0,932.0422745539073,5.259668508287293,4287,4489,238,0,4251,4437,484411,36,0,0,36,52
2020-06-24,US,Indiana,Lawrence,197,24,0,38.84112637,-86.48361629,18093.0,434.20762618470354,12.182741116751268,173,197,24,0,173,196,45668,0,0,0,0,1
2020-06-24,US,Indiana,Madison,624,63,0,40.16143691,-85.71964711,18095.0,481.5966782177837,10.096153846153848,561,621,63,0,558,621,129641,3,0,0,3,0
2020-06-24,US,Indiana,Marion,10996,673,0,39.78163624,-86.13826325,18097.0,1139.9756578497215,6.12040742088032,10323,10977,669,0,10308,10962,954670,19,4,0,15,15
2020-06-24,US,Indiana,Marshall,374,3,0,41.32467367,-86.26185087,18099.0,808.5087984781012,0.8021390374331551,371,369,3,0,366,365,46248,5,0,0,5,4
2020-06-24,US,Indiana,Martin,22,0,0,38.7099921,-86.80373186,18101.0,214.5294978059483,0.0,22,22,0,0,22,21,10217,0,0,0,0,1
2020-06-24,US,Indiana,Miami,176,2,0,40.76940965,-86.04525048,18103.0,495.5513008221648,1.1363636363636365,174,177,2,0,175,177,35567,-1,0,0,-1,0
2020-06-24,US,Indiana,Monroe,214,26,0,39.16130004,-86.52414358,18105.0,144.17473438836902,12.149532710280376,188,213,26,0,187,209,146917,1,0,0,1,4
2020-06-24,US,Indiana,Montgomery,275,19,0,40.04034823,-86.89335024,18107.0,717.3039803849966,6.909090909090909,256,274,19,0,255,273,38346,1,0,0,1,1
2020-06-24,US,Indiana,Morgan,307,30,0,39.47899078,-86.44573375,18109.0,435.52894777908614,9.77198697068404,277,305,30,0,275,305,70116,2,0,0,2,0
2020-06-24,US,Indiana,Newton,90,10,0,40.95610449,-87.39635768,18111.0,643.5926773455377,11.111111111111109,80,89,10,0,79,89,14011,1,0,0,1,0
2020-06-24,US,Indiana,Noble,383,28,0,41.39672484,-85.41966713,18113.0,802.1950402144772,7.310704960835509,355,376,27,0,349,374,47532,7,1,0,6,2
2020-06-24,US,Indiana,Ohio,13,0,0,38.955305,-84.96515993,18115.0,221.27659574468086,0.0,13,13,0,0,13,13,5844,0,0,0,0,0
2020-06-24,US,Indiana,Orange,132,23,0,38.54118920000001,-86.49523093,18117.0,671.8924972004478,17.424242424242426,109,132,23,0,109,132,19489,0,0,0,0,0
2020-06-24,US,Indiana,Owen,40,1,0,39.31145587,-86.83900724,18119.0,192.316938314342,2.5,39,40,1,0,39,40,20845,0,0,0,0,0
2020-06-24,US,Indiana,Parke,20,0,0,39.77202286,-87.20375833,18121.0,118.08466670602822,0.0,20,20,0,0,20,20,16927,0,0,0,0,0
2020-06-24,US,Indiana,Perry,108,4,0,38.07809328,-86.63741946,18123.0,563.4096718660338,3.703703703703704,104,109,4,0,105,107,19102,-1,0,0,-1,2
2020-06-24,US,Indiana,Pike,6,0,0,38.40112197,-87.23574907,18125.0,48.43005892323836,0.0,6,6,0,0,6,6,12410,0,0,0,0,0
2020-06-24,US,Indiana,Porter,630,36,0,41.45986947,-87.06848888,18127.0,369.7421781922542,5.7142857142857135,594,626,36,0,590,622,169594,4,0,0,4,4
2020-06-24,US,Indiana,Posey,26,0,0,38.02097333,-87.86480429,18129.0,102.25351004837376,0.0,26,26,0,0,26,26,25540,0,0,0,0,0
2020-06-24,US,Indiana,Pulaski,54,1,0,41.04166107,-86.69890683,18131.0,437.14077552011656,1.851851851851852,53,54,1,0,53,54,12469,0,0,0,0,0
2020-06-24,US,Indiana,Putnam,159,8,0,39.66437981,-86.84517605,18133.0,423.14243133915284,5.031446540880503,151,159,8,0,151,159,37779,0,0,0,0,0
2020-06-24,US,Indiana,Randolph,74,4,0,40.15734772,-85.01139319,18135.0,300.02027163997565,5.405405405405406,70,74,4,0,70,72,24851,0,0,0,0,2
2020-06-24,US,Indiana,Ripley,113,7,0,39.10235626,-85.26212744,18137.0,398.95494986583816,6.1946902654867255,106,112,7,0,105,112,28523,1,0,0,1,0
2020-06-24,US,Indiana,Rush,52,3,0,39.62002287,-85.4655599,18139.0,313.61196550268386,5.769230769230768,49,52,3,0,49,52,16663,0,0,0,0,0
2020-06-24,US,Indiana,Scott,152,6,0,38.68672078,-85.74627859,18143.0,636.7025509990366,3.947368421052632,146,151,6,0,145,149,23878,1,0,0,1,2
2020-06-24,US,Indiana,Shelby,408,24,0,39.52305623,-85.79158570000001,18145.0,912.1598962641687,5.882352941176472,384,407,24,0,383,407,44593,1,0,0,1,0
2020-06-24,US,Indiana,Spencer,27,1,0,38.01519732,-87.0079644,18147.0,133.15579227696406,3.703703703703704,26,25,1,0,24,25,20327,2,0,0,2,0
2020-06-24,US,Indiana,St. Joseph,1705,59,0,41.61756781,-86.29040834,18141.0,627.2394840817287,3.4604105571847508,1646,1687,58,0,1629,1677,270771,18,1,0,17,10
2020-06-24,US,Indiana,Starke,62,3,0,41.27890281,-86.64686895,18149.0,269.6238312676669,4.838709677419356,59,61,3,0,58,60,22935,1,0,0,1,1
2020-06-24,US,Indiana,Steuben,112,2,0,41.64423868,-85.00101094,18151.0,323.7555645487657,1.7857142857142858,110,111,2,0,109,110,34586,1,0,0,1,1
2020-06-24,US,Indiana,Sullivan,41,1,0,39.08952258,-87.41414469,18153.0,198.36470075959167,2.4390243902439024,40,41,1,0,40,41,20690,0,0,0,0,0
2020-06-24,US,Indiana,Switzerland,22,0,0,38.82767338,-85.03022429,18155.0,204.63212724397727,0.0,22,22,0,0,22,22,10717,0,0,0,0,0
2020-06-24,US,Indiana,Tippecanoe,544,8,0,40.38872739,-86.89413959,18157.0,277.9310485766252,1.4705882352941178,536,541,8,0,533,539,193048,3,0,0,3,2
2020-06-24,US,Indiana,Tipton,28,1,0,40.31123252,-86.05234925,18159.0,184.84288354898342,3.571428571428572,27,28,1,0,27,28,15128,0,0,0,0,0
2020-06-24,US,Indiana,Unassigned,0,192,0,0.0,0.0,90018.0,0.0,0.0,-192,0,192,0,-192,0,,0,0,0,0,0
2020-06-24,US,Indiana,Union,12,0,0,39.62550777,-84.92497066,18161.0,170.1162461015027,0.0,12,12,0,0,12,12,7037,0,0,0,0,0
2020-06-24,US,Indiana,Vanderburgh,359,6,0,38.02658833,-87.58763124,18163.0,197.84955718072646,1.6713091922005572,353,347,6,0,341,343,180974,12,0,0,12,4
2020-06-24,US,Indiana,Vermillion,13,0,0,39.8523352,-87.46160542,18165.0,83.88179119886435,0.0,13,13,0,0,13,13,15479,0,0,0,0,0
2020-06-24,US,Indiana,Vigo,214,8,0,39.42944561,-87.39169027,18167.0,199.92899717857208,3.7383177570093458,206,212,8,0,204,212,107386,2,0,0,2,0
2020-06-24,US,Indiana,Wabash,96,2,0,40.84704239,-85.79328272,18169.0,309.71738288811457,2.083333333333333,94,95,2,0,93,95,31280,1,0,0,1,0
2020-06-24,US,Indiana,Warren,14,1,0,40.34728141,-87.35602659,18171.0,169.38898971566852,7.142857142857142,13,14,1,0,13,14,8263,0,0,0,0,0
2020-06-24,US,Indiana,Warrick,182,29,0,38.08922676,-87.2716085,18173.0,288.8980602558812,15.934065934065936,153,182,29,0,153,181,62567,0,0,0,0,1
2020-06-24,US,Indiana,Washington,62,1,0,38.60219804,-86.1049363,18175.0,221.14424311599373,1.6129032258064515,61,62,1,0,61,62,27943,0,0,0,0,0
2020-06-24,US,Indiana,Wayne,112,6,0,39.8633444,-85.01044989,18177.0,169.99575010624736,5.357142857142857,106,110,6,0,104,110,65936,2,0,0,2,0
2020-06-24,US,Indiana,Wells,66,1,0,40.72934187,-85.22132966,18179.0,233.2485156912637,1.5151515151515151,65,65,1,0,64,65,28206,1,0,0,1,0
2020-06-24,US,Indiana,White,249,10,0,40.74911165,-86.86492015,18181.0,1033.1092855364698,4.016064257028113,239,249,10,0,239,249,24133,0,0,0,0,0
2020-06-24,US,Indiana,Whitley,72,4,0,41.13863784,-85.50791236,18183.0,211.98916499823346,5.5555555555555545,68,71,4,0,67,72,34074,1,0,0,1,-1
2020-06-24,US,Iowa,Adair,12,0,0,41.33075609,-94.47105874,19001.0,167.78523489932888,0.0,12,12,0,0,12,12,7063,0,0,0,0,0
2020-06-24,US,Iowa,Adams,7,0,0,41.02903567,-94.69932645,19003.0,194.3364797334814,0.0,7,7,0,0,7,7,3645,0,0,0,0,0
2020-06-24,US,Iowa,Allamakee,122,4,0,43.28383218,-91.37860922,19005.0,891.3567618908452,3.278688524590164,118,122,4,0,118,121,13832,0,0,0,0,1
2020-06-24,US,Iowa,Appanoose,20,3,0,40.74324454,-92.86865906,19007.0,160.95284081764044,15.0,17,20,3,0,17,20,12437,0,0,0,0,0
2020-06-24,US,Iowa,Audubon,15,1,0,41.6844628,-94.90581859,19009.0,272.9257641921397,6.666666666666668,14,15,1,0,14,15,5506,0,0,0,0,0
2020-06-24,US,Iowa,Benton,52,1,0,42.08011739,-92.06463573,19011.0,202.7685708715149,1.9230769230769231,51,52,1,0,51,52,25642,0,0,0,0,0
2020-06-24,US,Iowa,Black Hawk,1919,56,0,42.4704581,-92.30524729,19013.0,1457.7681592343095,2.9273392577104027,1863,1913,56,0,1857,1897,132408,6,0,0,6,16
2020-06-24,US,Iowa,Boone,117,1,0,42.03657094,-93.9313999,19015.0,438.36243043378823,0.8695652173913043,116,115,1,0,114,115,26346,2,0,0,2,0
2020-06-24,US,Iowa,Bremer,85,6,0,42.77461496,-92.31795937,19017.0,339.15888596281223,7.0588235294117645,79,85,6,0,79,82,24947,0,0,0,0,3
2020-06-24,US,Iowa,Buchanan,40,1,0,42.4709188,-91.83510825,19019.0,188.90200708382525,2.5,39,40,1,0,39,38,21199,0,0,0,0,2
2020-06-24,US,Iowa,Buena Vista,1673,10,0,42.73545875,-95.15100162,19021.0,8511.72273190622,0.5988023952095808,1663,1670,10,0,1660,1668,19874,3,0,0,3,2
2020-06-24,US,Iowa,Butler,36,2,0,42.73172833,-92.79015971,19023.0,249.32474548098892,5.5555555555555545,34,36,2,0,34,35,14539,0,0,0,0,1
2020-06-24,US,Iowa,Calhoun,27,0,0,42.38521079,-94.64046046,19025.0,268.9284236657013,0.0,27,26,0,0,26,25,9699,1,0,0,1,1
2020-06-24,US,Iowa,Carroll,70,1,0,42.03617207,-94.86032705,19027.0,342.17703942474583,1.4492753623188406,69,69,1,0,68,69,20154,1,0,0,1,0
2020-06-24,US,Iowa,Cass,16,0,0,41.33149454,-94.92792482,19029.0,124.64942349641632,0.0,16,16,0,0,16,16,12930,0,0,0,0,0
2020-06-24,US,Iowa,Cedar,64,1,0,41.77233777,-91.13246684,19031.0,332.8501637408064,1.6129032258064515,63,62,1,0,61,61,18627,2,0,0,2,1
2020-06-24,US,Iowa,Cerro Gordo,62,1,0,43.08177563,-93.2612239,19033.0,146.05418138987042,1.6129032258064515,61,62,1,0,61,60,42647,0,0,0,0,2
2020-06-24,US,Iowa,Cherokee,69,0,0,42.73538914,-95.62389402,19035.0,605.2514463729417,0.0,69,68,0,0,68,66,11321,1,0,0,1,2
2020-06-24,US,Iowa,Chickasaw,20,0,0,43.06001295,-92.31773347,19037.0,167.60244699572613,0.0,20,20,0,0,20,20,11964,0,0,0,0,0
2020-06-24,US,Iowa,Clarke,111,2,0,41.02868181,-93.78499767,19039.0,1181.4795103778606,1.8018018018018016,109,111,2,0,109,111,9423,0,0,0,0,0
2020-06-24,US,Iowa,Clay,110,0,0,43.08247182,-95.15096481,19041.0,680.5694305694308,0.0,110,109,0,0,109,105,16134,1,0,0,1,4
2020-06-24,US,Iowa,Clayton,35,3,0,42.84443388,-91.34133693,19043.0,199.44156362185882,8.571428571428571,32,35,3,0,32,35,17556,0,0,0,0,0
2020-06-24,US,Iowa,Clinton,75,1,0,41.89981633,-90.53275096,19045.0,161.53697042796531,1.3333333333333333,74,75,1,0,74,75,46518,0,0,0,0,0
2020-06-24,US,Iowa,Crawford,643,2,0,42.03718237,-95.3819718,19047.0,3816.8846611177173,0.3115264797507788,641,642,2,0,640,640,17158,1,0,0,1,2
2020-06-24,US,Iowa,Dallas,1084,29,0,41.68560356,-94.04127625,19049.0,1159.9413608979914,2.675276752767528,1055,1084,29,0,1055,1079,90180,0,0,0,0,5
2020-06-24,US,Iowa,Davis,36,1,0,40.74773536,-92.41005468,19051.0,400.0,2.7777777777777777,35,36,1,0,35,36,9017,0,0,0,0,0
2020-06-24,US,Iowa,Decatur,9,0,0,40.73742757,-93.78645949,19053.0,114.35832274459976,0.0,9,9,0,0,9,9,7890,0,0,0,0,0
2020-06-24,US,Iowa,Delaware,34,1,0,42.47104597,-91.3664492,19055.0,199.8706719181706,2.9411764705882355,33,34,1,0,33,33,17069,0,0,0,0,1
2020-06-24,US,Iowa,Des Moines,79,2,0,40.92012606,-91.18326592,19057.0,200.16937408576487,2.5641025641025643,77,78,2,0,76,78,39138,1,0,0,1,0
2020-06-24,US,Iowa,Dickinson,212,2,0,43.37787725,-95.1510206,19059.0,1228.4158071618958,0.9433962264150944,210,212,2,0,210,205,17153,0,0,0,0,7
2020-06-24,US,Iowa,Dubuque,462,22,0,42.46815349,-90.88181925,19061.0,466.5454059664376,4.845814977973569,440,454,22,0,432,421,96854,8,0,0,8,33
2020-06-24,US,Iowa,Emmet,63,0,0,43.37782951,-94.67858943,19063.0,684.1876629018245,0.0,63,63,0,0,63,58,9253,0,0,0,0,5
2020-06-24,US,Iowa,Fayette,30,0,0,42.86271799,-91.84412309999999,19065.0,152.67175572519085,0.0,30,30,0,0,30,29,19660,0,0,0,0,1
2020-06-24,US,Iowa,Floyd,50,1,0,43.06000529999999,-92.78940097,19067.0,294.08004091548395,2.1739130434782608,49,46,1,0,45,36,15761,4,0,0,4,10
2020-06-24,US,Iowa,Franklin,66,0,0,42.73270384,-93.26256925,19069.0,655.4121151936445,0.0,66,66,0,0,66,66,10124,0,0,0,0,0
2020-06-24,US,Iowa,Fremont,4,0,0,40.74542720000001,-95.60129045,19071.0,57.471264367816104,0.0,4,4,0,0,4,4,6993,0,0,0,0,0
2020-06-24,US,Iowa,Greene,28,0,0,42.03614551,-94.39658081,19073.0,315.031503150315,0.0,28,28,0,0,28,28,8981,0,0,0,0,0
2020-06-24,US,Iowa,Grundy,26,0,0,42.40183723,-92.78829551,19075.0,212.55722694571617,0.0,26,26,0,0,26,26,12304,0,0,0,0,0
2020-06-24,US,Iowa,Guthrie,63,4,0,41.68378965,-94.50111014,19077.0,589.3909626719058,6.349206349206349,59,63,4,0,59,63,10720,0,0,0,0,0
2020-06-24,US,Iowa,Hamilton,171,0,0,42.38382428,-93.70197703,19079.0,1150.7479861910242,0.0,171,170,0,0,170,168,14952,1,0,0,1,2
2020-06-24,US,Iowa,Hancock,38,0,0,43.08178477,-93.73454884,19081.0,357.4788334901222,0.0,38,38,0,0,38,38,10712,0,0,0,0,0
2020-06-24,US,Iowa,Hardin,56,0,0,42.38353877,-93.23654611,19083.0,320.55087261070884,0.0,56,54,0,0,54,53,16868,2,0,0,2,1
2020-06-24,US,Iowa,Harrison,44,0,0,41.68330137,-95.81558439,19085.0,313.1895508577124,0.0,44,44,0,0,44,44,14134,0,0,0,0,0
2020-06-24,US,Iowa,Henry,79,3,0,40.98767962,-91.54436349,19087.0,395.9105943670442,3.79746835443038,76,79,3,0,76,78,20067,0,0,0,0,1
2020-06-24,US,Iowa,Howard,14,0,0,43.35671042,-92.31702714,19089.0,152.87180607119458,0.0,14,14,0,0,14,14,9187,0,0,0,0,0
2020-06-24,US,Iowa,Humboldt,43,1,0,42.7764426,-94.20722537,19091.0,439.42247332077835,2.380952380952381,42,42,1,0,41,41,9547,1,0,0,1,1
2020-06-24,US,Iowa,Ida,21,0,0,42.38696136,-95.51355387,19093.0,306.1224489795918,0.0,21,21,0,0,21,20,6841,0,0,0,0,1
2020-06-24,US,Iowa,Iowa,40,0,0,41.68630265,-92.0643373,19095.0,247.15768660405342,0.0,40,40,0,0,40,40,16141,0,0,0,0,0
2020-06-24,US,Iowa,Jackson,21,0,0,42.17178824,-90.57354837,19097.0,97.74165337723134,0.0,21,19,0,0,19,19,19432,2,0,0,2,0
2020-06-24,US,Iowa,Jasper,304,17,0,41.68576082,-93.05567785,19099.0,817.5339518623102,5.592105263157895,287,304,17,0,287,297,37147,0,0,0,0,7
2020-06-24,US,Iowa,Jefferson,49,0,0,41.03192394,-91.94849466,19101.0,267.83274118611644,0.0,49,49,0,0,49,48,18381,0,0,0,0,1
2020-06-24,US,Iowa,Johnson,833,8,0,41.67169354,-91.58754744,19103.0,536.5885933571524,0.9864364981504316,825,811,8,0,803,775,151260,22,0,0,22,36
2020-06-24,US,Iowa,Jones,47,0,0,42.12118609,-91.13139641,19105.0,227.2617378269909,0.0,47,47,0,0,47,47,20744,0,0,0,0,0
2020-06-24,US,Iowa,Keokuk,17,1,0,41.33649833,-92.1785067,19107.0,165.91840718329104,5.882352941176472,16,17,1,0,16,16,10225,0,0,0,0,1
2020-06-24,US,Iowa,Kossuth,27,0,0,43.20405458,-94.20691791,19109.0,182.27232836022407,0.0,27,27,0,0,27,25,14908,0,0,0,0,2
2020-06-24,US,Iowa,Lee,44,1,0,40.64181461,-91.48183025,19111.0,127.75945568529578,2.3255813953488373,43,43,1,0,42,44,34055,1,0,0,1,-1
2020-06-24,US,Iowa,Linn,1112,80,0,42.07923082,-91.59809485,19113.0,488.2976189425952,7.226738934056008,1032,1107,80,0,1027,1099,225909,5,0,0,5,8
2020-06-24,US,Iowa,Louisa,356,13,0,41.21842119,-91.26102611,19115.0,3226.098776619847,3.651685393258427,343,356,13,0,343,355,11169,0,0,0,0,1
2020-06-24,US,Iowa,Lucas,28,3,0,41.02958964,-93.32780803,19117.0,325.5813953488372,10.714285714285714,25,28,3,0,25,26,8645,0,0,0,0,2
2020-06-24,US,Iowa,Lyon,37,0,0,43.38107862,-96.20926845,19119.0,314.75967673330496,0.0,37,37,0,0,37,36,11811,0,0,0,0,1
2020-06-24,US,Iowa,Madison,35,2,0,41.33081904,-94.01554631,19121.0,214.22450728363324,5.7142857142857135,33,35,2,0,33,34,16249,0,0,0,0,1
2020-06-24,US,Iowa,Mahaska,112,15,0,41.33521503,-92.64083907,19123.0,506.9020140303237,13.392857142857142,97,112,15,0,97,112,22000,0,0,0,0,0
2020-06-24,US,Iowa,Marion,50,0,0,41.33445101,-93.09934783,19125.0,144.34787838691247,0.0,50,48,0,0,48,46,33407,2,0,0,2,2
2020-06-24,US,Iowa,Marshall,988,18,0,42.03586837,-92.99908190000001,19127.0,2484.188066753029,1.8404907975460123,970,978,18,0,960,974,39981,10,0,0,10,4
2020-06-24,US,Iowa,Mills,31,0,0,41.03299766,-95.61920963,19129.0,205.17572307895958,0.0,31,31,0,0,31,31,15063,0,0,0,0,0
2020-06-24,US,Iowa,Mitchell,9,0,0,43.35638371,-92.78887719,19131.0,85.01794823351597,0.0,9,9,0,0,9,9,10569,0,0,0,0,0
2020-06-24,US,Iowa,Monona,64,0,0,42.05220391,-95.95743843,19133.0,731.2826465467207,0.0,64,63,0,0,63,59,8679,1,0,0,1,4
2020-06-24,US,Iowa,Monroe,49,6,0,41.02988815,-92.8690667,19135.0,635.7856494096276,12.244897959183671,43,49,6,0,43,49,7790,0,0,0,0,0
2020-06-24,US,Iowa,Montgomery,10,2,0,41.03018714,-95.15642896,19137.0,100.83694665725521,20.0,8,10,2,0,8,10,10003,0,0,0,0,0
2020-06-24,US,Iowa,Muscatine,590,43,0,41.48370744,-91.11216970000001,19139.0,1382.8989311831988,7.288135593220339,547,590,43,0,547,585,42929,0,0,0,0,5
2020-06-24,US,Iowa,O'Brien,74,1,0,43.08310673,-95.62474482,19141.0,538.0644223078601,1.351351351351351,73,74,1,0,73,73,13840,0,0,0,0,1
2020-06-24,US,Iowa,Osceola,49,0,0,43.37824276,-95.62422844,19143.0,822.4236320913056,0.0,49,49,0,0,49,49,6040,0,0,0,0,0
2020-06-24,US,Iowa,Page,18,0,0,40.7393172,-95.1497813,19145.0,119.1500628847554,0.0,18,18,0,0,18,18,15249,0,0,0,0,0
2020-06-24,US,Iowa,Palo Alto,23,0,0,43.08193849,-94.67824621,19147.0,258.83412108935397,0.0,23,23,0,0,23,22,8929,0,0,0,0,1
2020-06-24,US,Iowa,Plymouth,254,4,0,42.737633,-96.21366621,19149.0,1004.8854112880805,1.5810276679841897,250,253,4,0,249,249,25095,1,0,0,1,4
2020-06-24,US,Iowa,Pocahontas,41,1,0,42.73420133,-94.67862564,19151.0,589.2128720350506,2.5641025641025643,40,39,1,0,38,39,6740,2,0,0,2,0
2020-06-24,US,Iowa,Polk,5593,169,0,41.68679484,-93.57767461,19153.0,1138.8094932073336,3.0096739519885345,5424,5582,168,0,5414,5532,487204,11,1,0,10,50
2020-06-24,US,Iowa,Pottawattamie,626,11,0,41.33640314,-95.53907776,19155.0,671.6305817222067,1.757188498402556,615,626,11,0,615,626,93533,0,0,0,0,0
2020-06-24,US,Iowa,Poweshiek,97,8,0,41.68625425,-92.53155731,19157.0,524.210981409425,8.24742268041237,89,97,8,0,89,97,18699,0,0,0,0,0
2020-06-24,US,Iowa,Ringgold,12,0,0,40.73518949,-94.24368535,19159.0,245.19820187985286,0.0,12,12,0,0,12,11,4968,0,0,0,0,1
2020-06-24,US,Iowa,Sac,52,0,0,42.38624071,-95.10547892,19161.0,493.7763604567431,0.0,52,48,0,0,48,47,9719,4,0,0,4,1
2020-06-24,US,Iowa,Scott,467,10,0,41.63935978,-90.61959493,19163.0,265.98358996894933,2.1739130434782608,457,460,10,0,450,451,173283,7,0,0,7,9
2020-06-24,US,Iowa,Shelby,85,0,0,41.6850066,-95.31015553,19165.0,742.0988301030208,0.0,85,85,0,0,85,78,11578,0,0,0,0,7
2020-06-24,US,Iowa,Sioux,423,0,0,43.08221074,-96.17675679999999,19167.0,1213.5991966719266,0.0,423,423,0,0,423,422,34909,0,0,0,0,1
2020-06-24,US,Iowa,Story,542,3,0,42.03621213,-93.46499005,19169.0,536.4663241245097,0.5758157389635317,539,521,3,0,518,483,98105,21,0,0,21,38
2020-06-24,US,Iowa,Tama,432,29,0,42.07991767,-92.53266945,19171.0,2563.189747241011,6.712962962962963,403,432,29,0,403,432,16904,0,0,0,0,0
2020-06-24,US,Iowa,Taylor,76,0,0,40.73710579,-94.69778563,19173.0,1241.6271851004738,0.0,76,76,0,0,76,76,6191,0,0,0,0,0
2020-06-24,US,Iowa,Unassigned,5,0,0,0.0,0.0,90019.0,0.0,0.0,5,5,0,0,5,8,,0,0,0,0,-3
2020-06-24,US,Iowa,Union,14,0,0,41.0277278,-94.24234847,19175.0,114.36974103422924,0.0,14,14,0,0,14,14,12359,0,0,0,0,0
2020-06-24,US,Iowa,Van Buren,16,0,0,40.75326764,-91.95017958,19177.0,227.14366837024414,0.0,16,16,0,0,16,13,7020,0,0,0,0,3
2020-06-24,US,Iowa,Wapello,691,28,0,41.03064984,-92.40954728,19179.0,1970.316566101404,4.063860667634253,663,689,28,0,661,689,35205,2,0,0,2,0
2020-06-24,US,Iowa,Warren,215,2,0,41.33559454,-93.56007641,19181.0,415.8084949286908,0.9345794392523364,213,214,2,0,212,213,51056,1,0,0,1,1
2020-06-24,US,Iowa,Washington,216,9,0,41.33577126,-91.71725711,19183.0,974.2772592761212,4.205607476635514,207,214,9,0,205,214,22141,2,0,0,2,0
2020-06-24,US,Iowa,Wayne,6,0,0,40.73969028,-93.32752197,19185.0,93.15323707498837,0.0,6,6,0,0,6,5,6401,0,0,0,0,1
2020-06-24,US,Iowa,Webster,132,1,0,42.42853483,-94.17987389,19187.0,370.43226381461676,0.7518796992481203,131,133,1,0,132,126,36277,-1,0,0,-1,7
2020-06-24,US,Iowa,Winnebago,17,0,0,43.37751174,-93.73407298,19189.0,164.18775352520763,0.0,17,17,0,0,17,15,10518,0,0,0,0,2
2020-06-24,US,Iowa,Winneshiek,24,0,0,43.29094334,-91.84422722,19191.0,120.05402431093992,0.0,24,24,0,0,24,24,20029,0,0,0,0,0
2020-06-24,US,Iowa,Woodbury,3087,43,0,42.38979414,-96.0459439,19193.0,2990.097665531923,1.3947453778786896,3044,3083,43,0,3040,3069,102539,4,0,0,4,14
2020-06-24,US,Iowa,Worth,8,0,0,43.37750768,-93.26087602,19195.0,108.38639750711286,0.0,8,8,0,0,8,8,7453,0,0,0,0,0
2020-06-24,US,Iowa,Wright,341,0,0,42.73305373,-93.73515113,19197.0,2714.535901926445,0.0,341,341,0,0,341,335,12690,0,0,0,0,6
2020-06-24,US,Kansas,Allen,2,0,0,37.88582951,-95.30030847,20001.0,16.169455897809037,0.0,2,2,0,0,2,2,12444,0,0,0,0,0
2020-06-24,US,Kansas,Anderson,3,0,0,38.21413251,-95.29272815,20003.0,38.17765334690761,0.0,3,3,0,0,3,3,7878,0,0,0,0,0
2020-06-24,US,Kansas,Atchison,28,0,0,39.53185661,-95.30870026,20005.0,174.20518882598145,0.0,28,28,0,0,28,28,16193,0,0,0,0,0
2020-06-24,US,Kansas,Barber,1,0,0,37.2288586,-98.68460053,20007.0,22.588660492432798,0.0,1,1,0,0,1,1,4472,0,0,0,0,0
2020-06-24,US,Kansas,Barton,54,2,0,38.47889676,-98.75636726,20009.0,209.47282671942278,3.703703703703704,52,54,2,0,52,54,26111,0,0,0,0,0
2020-06-24,US,Kansas,Bourbon,14,1,0,37.85508555,-94.84865997,20011.0,96.32585661208202,7.142857142857142,13,14,1,0,13,14,14653,0,0,0,0,0
2020-06-24,US,Kansas,Brown,14,0,0,39.82652589,-95.56421698,20013.0,146.3822668339607,0.0,14,14,0,0,14,14,9598,0,0,0,0,0
2020-06-24,US,Kansas,Butler,52,0,0,37.78134351,-96.83878537,20015.0,77.71517388770155,0.0,52,51,0,0,51,50,66765,1,0,0,1,1
2020-06-24,US,Kansas,Chase,4,0,0,38.30292938,-96.59563862,20017.0,151.0574018126888,0.0,4,4,0,0,4,4,2629,0,0,0,0,0
2020-06-24,US,Kansas,Chautauqua,4,0,0,37.14994405,-96.2454192,20019.0,123.07692307692308,0.0,4,4,0,0,4,4,3309,0,0,0,0,0
2020-06-24,US,Kansas,Cherokee,25,0,0,37.16928494,-94.8462897,20021.0,125.38241636992828,0.0,25,21,0,0,21,18,20015,4,0,0,4,3
2020-06-24,US,Kansas,Cheyenne,2,0,0,39.78580976,-101.7318201,20023.0,75.27286413248024,0.0,2,2,0,0,2,2,2660,0,0,0,0,0
2020-06-24,US,Kansas,Clark,34,1,0,37.23577007,-99.81883015,20025.0,1705.1153460381142,2.9411764705882355,33,34,1,0,33,34,2005,0,0,0,0,0
2020-06-24,US,Kansas,Clay,6,2,0,39.34948772,-97.16518128,20027.0,74.9812546863284,33.333333333333336,4,6,2,0,4,6,7997,0,0,0,0,0
2020-06-24,US,Kansas,Cloud,8,0,0,39.48028352,-97.64925343,20029.0,91.05394946505804,0.0,8,8,0,0,8,7,8729,0,0,0,0,1
2020-06-24,US,Kansas,Coffey,53,8,0,38.2365018,-95.73379515,20031.0,648.0009781146838,15.094339622641508,45,53,8,0,45,53,8233,0,0,0,0,0
2020-06-24,US,Kansas,Comanche,2,0,0,37.19114520000001,-99.27113247,20033.0,117.64705882352942,0.0,2,2,0,0,2,2,1748,0,0,0,0,0
2020-06-24,US,Kansas,Cowley,62,1,0,37.23781842,-96.83776647,20035.0,177.60971697032195,1.6129032258064515,61,60,1,0,59,59,35218,2,0,0,2,1
2020-06-24,US,Kansas,Crawford,220,1,0,37.50675523,-94.85245778,20037.0,566.7473852336544,0.4545454545454545,219,192,1,0,191,192,39019,28,0,0,28,0
2020-06-24,US,Kansas,Dickinson,8,1,0,38.86600962,-97.15532383,20041.0,43.32286364128669,12.5,7,6,1,0,5,6,18717,2,0,0,2,0
2020-06-24,US,Kansas,Doniphan,25,0,0,39.79067154,-95.14056866,20043.0,328.9473684210526,0.0,25,24,0,0,24,24,7682,1,0,0,1,0
2020-06-24,US,Kansas,Douglas,105,0,0,38.88503636,-95.2925121,20045.0,85.88324785905333,0.0,105,102,0,0,102,102,121436,3,0,0,3,0
2020-06-24,US,Kansas,Edwards,6,0,0,37.88735543,-99.31263309,20047.0,214.43888491779842,0.0,6,6,0,0,6,6,2849,0,0,0,0,0
2020-06-24,US,Kansas,Ellis,14,0,0,38.91458712,-99.31751551,20051.0,49.031625398381955,0.0,14,14,0,0,14,14,28710,0,0,0,0,0
2020-06-24,US,Kansas,Ellsworth,3,0,0,38.69677695,-98.20462799,20053.0,49.164208456243855,0.0,3,3,0,0,3,3,6196,0,0,0,0,0
2020-06-24,US,Kansas,Finney,1558,10,0,38.04340344,-100.73819379999999,20055.0,4272.3558285573245,0.6418485237483954,1548,1558,10,0,1548,1554,36611,0,0,0,0,4
2020-06-24,US,Kansas,Ford,1927,8,0,37.69200114,-99.88825298,20057.0,5731.877807192362,0.4151530877010898,1919,1898,8,0,1890,1898,33888,29,0,0,29,0
2020-06-24,US,Kansas,Franklin,66,0,0,38.56443815,-95.28644341,20059.0,258.3777012214219,0.0,66,65,0,0,65,65,25631,1,0,0,1,0
2020-06-24,US,Kansas,Geary,39,1,0,38.99871131,-96.7577178,20061.0,123.14493211240921,2.5641025641025643,38,38,1,0,37,36,32594,1,0,0,1,2
2020-06-24,US,Kansas,Gove,1,0,0,38.91588178,-100.4829321,20063.0,37.93626707132018,0.0,1,1,0,0,1,1,2612,0,0,0,0,0
2020-06-24,US,Kansas,Grant,37,1,0,37.56227336,-101.3079758,20067.0,517.4825174825174,2.702702702702702,36,24,1,0,23,24,7336,13,0,0,13,0
2020-06-24,US,Kansas,Gray,24,0,0,37.73836671,-100.4369088,20069.0,400.80160320641284,0.0,24,24,0,0,24,24,6033,0,0,0,0,0
2020-06-24,US,Kansas,Greenwood,11,0,0,37.8774388,-96.23250453,20073.0,183.884988298228,0.0,11,11,0,0,11,11,6055,0,0,0,0,0
2020-06-24,US,Kansas,Hamilton,29,0,0,37.99978709,-101.7921066,20075.0,1142.1819614021267,0.0,29,28,0,0,28,28,2607,1,0,0,1,0
2020-06-24,US,Kansas,Harper,2,0,0,37.19175361,-98.07578384,20077.0,36.79175864606328,0.0,2,2,0,0,2,2,5506,0,0,0,0,0
2020-06-24,US,Kansas,Harvey,24,0,0,38.04293782,-97.42747573,20079.0,69.70867582561213,0.0,24,20,0,0,20,20,34210,4,0,0,4,0
2020-06-24,US,Kansas,Haskell,23,0,0,37.562039399999996,-100.8710738,20081.0,579.6370967741935,0.0,23,23,0,0,23,23,3997,0,0,0,0,0
2020-06-24,US,Kansas,Hodgeman,9,0,0,38.08780079,-99.89829881,20083.0,501.6722408026756,0.0,9,9,0,0,9,9,1818,0,0,0,0,0
2020-06-24,US,Kansas,Jackson,105,1,0,39.41673394,-95.79356799,20085.0,797.2059828410902,0.9523809523809524,104,104,1,0,103,104,13280,1,0,0,1,0
2020-06-24,US,Kansas,Jefferson,25,0,0,39.2347941,-95.38289232,20087.0,131.28183584519246,0.0,25,22,0,0,22,22,18975,3,0,0,3,0
2020-06-24,US,Kansas,Jewell,4,0,0,39.78470589,-98.21820662,20089.0,138.9371309482459,0.0,4,4,0,0,4,4,2841,0,0,0,0,0
2020-06-24,US,Kansas,Johnson,1370,81,0,38.88548175,-94.82250877,20091.0,227.4232612495663,5.912408759124088,1289,1316,81,0,1235,1277,597555,54,0,0,54,39
2020-06-24,US,Kansas,Kearny,47,1,0,38.00017981,-101.32168100000001,20093.0,1224.5961438249087,2.127659574468085,46,48,1,0,47,48,3943,-1,0,0,-1,0
2020-06-24,US,Kansas,Kiowa,3,0,0,37.55848695,-99.2856537,20097.0,121.21212121212122,0.0,3,3,0,0,3,3,2516,0,0,0,0,0
2020-06-24,US,Kansas,Labette,50,0,0,37.19113093,-95.29849679,20099.0,254.86797838719542,0.0,50,28,0,0,28,28,19964,22,0,0,22,0
2020-06-24,US,Kansas,Lane,5,0,0,38.48119447,-100.46607540000001,20101.0,325.73289902280135,0.0,5,5,0,0,5,5,1560,0,0,0,0,0
2020-06-24,US,Kansas,Leavenworth,1137,7,0,39.20183497,-95.03620809,20103.0,1390.6895961251498,0.6156552330694811,1130,1132,7,0,1125,1132,81352,5,0,0,5,0
2020-06-24,US,Kansas,Linn,12,0,0,38.21267844,-94.84254089,20107.0,123.67309079666084,0.0,12,12,0,0,12,12,9750,0,0,0,0,0
2020-06-24,US,Kansas,Logan,1,0,0,38.91735806,-101.148475,20109.0,35.79098067287043,0.0,1,1,0,0,1,,2844,0,0,0,0,
2020-06-24,US,Kansas,Lyon,479,6,0,38.45576156,-96.15275715,20111.0,1442.9884018677512,1.2526096033402925,473,479,6,0,473,476,33406,0,0,0,0,3
2020-06-24,US,Kansas,Marion,7,1,0,38.35855394,-97.09852509999999,20115.0,58.902726354762706,14.285714285714285,6,7,1,0,6,7,11950,0,0,0,0,0
2020-06-24,US,Kansas,Marshall,1,0,0,39.78359669,-96.52278974,20117.0,10.301844030081384,0.0,1,,,,,,9722,,,,,
2020-06-24,US,Kansas,McPherson,49,0,0,38.39184858,-97.64769869,20113.0,171.6768271319459,0.0,49,49,0,0,49,49,28537,0,0,0,0,0
2020-06-24,US,Kansas,Meade,30,0,0,37.23859987,-100.36483100000001,20119.0,743.86312918423,0.0,30,30,0,0,30,30,4146,0,0,0,0,0
2020-06-24,US,Kansas,Miami,26,0,0,38.56383358,-94.83832189,20121.0,75.941233168794,0.0,26,20,0,0,20,20,33680,6,0,0,6,0
2020-06-24,US,Kansas,Mitchell,4,0,0,39.39331582,-98.20906732,20123.0,66.9008195350393,0.0,4,4,0,0,4,4,6150,0,0,0,0,0
2020-06-24,US,Kansas,Montgomery,26,3,0,37.19236568,-95.74329258,20125.0,81.68651230010367,11.538461538461537,23,26,3,0,23,26,32120,0,0,0,0,0
2020-06-24,US,Kansas,Morris,5,0,0,38.68827511,-96.65128437,20127.0,88.96797153024912,0.0,5,5,0,0,5,5,5521,0,0,0,0,0
2020-06-24,US,Kansas,Morton,6,1,0,37.19141121,-101.79925190000002,20129.0,231.92887514495555,16.666666666666668,5,6,1,0,5,6,2667,0,0,0,0,0
2020-06-24,US,Kansas,Nemaha,24,0,0,39.78345387,-96.01392079,20131.0,234.58117486071743,0.0,24,23,0,0,23,23,10155,1,0,0,1,0
2020-06-24,US,Kansas,Neosho,17,0,0,37.55862897,-95.30670046,20133.0,106.20353595302055,0.0,17,17,0,0,17,17,15951,0,0,0,0,0
2020-06-24,US,Kansas,Ness,4,0,0,38.47974157,-99.91547333,20135.0,145.45454545454547,0.0,4,4,0,0,4,4,2840,0,0,0,0,0
2020-06-24,US,Kansas,Norton,3,0,0,39.78443827,-99.90286639,20137.0,55.95970900951315,0.0,3,3,0,0,3,3,5430,0,0,0,0,0
2020-06-24,US,Kansas,Osage,10,0,0,38.65235984,-95.72707998,20139.0,62.699855790331675,0.0,10,10,0,0,10,10,15941,0,0,0,0,0
2020-06-24,US,Kansas,Osborne,2,0,0,39.3503437,-98.76753828,20141.0,58.46243788365975,0.0,2,2,0,0,2,2,3475,0,0,0,0,0
2020-06-24,US,Kansas,Ottawa,4,0,0,39.13237408,-97.65020313,20143.0,70.12622720897616,0.0,4,4,0,0,4,4,5802,0,0,0,0,0
2020-06-24,US,Kansas,Pawnee,3,0,0,38.18108732,-99.23692334,20145.0,46.772684752104766,0.0,3,3,0,0,3,3,6562,0,0,0,0,0
2020-06-24,US,Kansas,Phillips,3,0,0,39.78465501,-99.34668865,20147.0,57.3175391669851,0.0,3,3,0,0,3,3,5317,0,0,0,0,0
2020-06-24,US,Kansas,Pottawatomie,51,0,0,39.37925655,-96.34564657,20149.0,209.16212114998157,0.0,51,48,0,0,48,48,24277,3,0,0,3,0
2020-06-24,US,Kansas,Pratt,6,0,0,37.64780729,-98.73922153,20151.0,65.47359231776517,0.0,6,6,0,0,6,6,9378,0,0,0,0,0
2020-06-24,US,Kansas,Reno,58,0,0,37.95230263,-98.08607292,20155.0,93.55140488402851,0.0,58,58,0,0,58,60,62342,0,0,0,0,-2
2020-06-24,US,Kansas,Republic,8,0,0,39.82799632,-97.65036709,20157.0,172.5625539257981,0.0,8,8,0,0,8,4,4664,0,0,0,0,4
2020-06-24,US,Kansas,Rice,4,0,0,38.34616184,-98.19992118,20159.0,41.94191045402118,0.0,4,4,0,0,4,4,9531,0,0,0,0,0
2020-06-24,US,Kansas,Riley,156,3,0,39.28935726,-96.73420026,20161.0,210.15195602974453,1.9230769230769231,153,132,3,0,129,132,73703,24,0,0,24,0
2020-06-24,US,Kansas,Rooks,6,0,0,39.35022773,-99.32484567,20163.0,121.95121951219512,0.0,6,6,0,0,6,6,5013,0,0,0,0,0
2020-06-24,US,Kansas,Saline,72,2,0,38.78369175,-97.65185177,20169.0,132.78253172027146,2.7777777777777777,70,50,2,0,48,50,54401,22,0,0,22,0
2020-06-24,US,Kansas,Scott,16,0,0,38.48222076,-100.90665390000001,20171.0,331.7437279701432,0.0,16,16,0,0,16,16,4897,0,0,0,0,0
2020-06-24,US,Kansas,Sedgwick,958,26,0,37.6842718,-97.4608198,20173.0,185.6438041864809,2.7139874739039667,932,937,26,0,911,896,513607,21,0,0,21,41
2020-06-24,US,Kansas,Seward,991,2,0,37.19324632,-100.85072009999999,20175.0,4624.789994399851,0.20181634712411706,989,968,2,0,966,968,21780,23,0,0,23,0
2020-06-24,US,Kansas,Shawnee,535,9,0,39.04100763,-95.75572640000001,20177.0,302.47349823321554,1.6822429906542056,526,509,9,0,500,503,177499,26,0,0,26,6
2020-06-24,US,Kansas,Sheridan,3,0,0,39.35018161,-100.44182590000001,20179.0,119.00039666798892,0.0,3,3,0,0,3,3,2533,0,0,0,0,0
2020-06-24,US,Kansas,Sherman,7,0,0,39.35147699,-101.71976240000001,20181.0,118.30319418624303,0.0,7,7,0,0,7,7,5899,0,0,0,0,0
2020-06-24,US,Kansas,Smith,3,0,0,39.78516566,-98.78566062,20183.0,83.72871895060004,0.0,3,3,0,0,3,3,3603,0,0,0,0,0
2020-06-24,US,Kansas,Stafford,1,0,0,38.03100851,-98.71762001,20185.0,24.06159769008662,0.0,1,1,0,0,1,1,4178,0,0,0,0,0
2020-06-24,US,Kansas,Stanton,10,0,0,37.56304714,-101.78435340000001,20187.0,498.5044865403789,0.0,10,10,0,0,10,10,1987,0,0,0,0,0
2020-06-24,US,Kansas,Stevens,30,0,0,37.1923008,-101.3118967,20189.0,546.9462169553327,0.0,30,30,0,0,30,30,5559,0,0,0,0,0
2020-06-24,US,Kansas,Sumner,10,1,0,37.23682549,-97.47721621,20191.0,43.790506218251885,10.0,9,10,1,0,9,10,22996,0,0,0,0,0
2020-06-24,US,Kansas,Thomas,14,0,0,39.35107575,-101.0553705,20193.0,180.01800180018,0.0,14,12,0,0,12,10,7711,2,0,0,2,2
2020-06-24,US,Kansas,Trego,1,0,0,38.91467218,-99.87284448,20195.0,35.67606136282553,0.0,1,1,0,0,1,1,2793,0,0,0,0,0
2020-06-24,US,Kansas,Unassigned,0,1,0,0.0,0.0,90020.0,0.0,0.0,-1,0,1,0,-1,0,,0,0,0,0,0
2020-06-24,US,Kansas,Wabaunsee,33,0,0,38.95471985,-96.20350509,20197.0,476.12177175010817,0.0,33,32,0,0,32,32,6899,1,0,0,1,0
2020-06-24,US,Kansas,Washington,1,0,0,39.78420784,-97.08753229999999,20201.0,18.49796522382538,0.0,1,1,0,0,1,1,5420,0,0,0,0,0
2020-06-24,US,Kansas,Wilson,1,0,0,37.55937174,-95.74323255,20205.0,11.730205278592374,0.0,1,1,0,0,1,1,8665,0,0,0,0,0
2020-06-24,US,Kansas,Woodson,6,0,0,37.8865336,-95.74006277,20207.0,191.20458891013385,0.0,6,6,0,0,6,6,3183,0,0,0,0,0
2020-06-24,US,Kansas,Wyandotte,1988,78,0,39.11727348,-94.76378225,20209.0,1201.7240024421353,3.9235412474849096,1910,1899,78,0,1821,1896,165324,89,0,0,89,3
2020-06-24,US,Kentucky,Adair,108,19,0,37.10459774,-85.28129668,21001.0,562.4414123528799,17.592592592592588,89,108,19,0,89,105,19215,0,0,0,0,3
2020-06-24,US,Kentucky,Allen,157,5,0,36.75197631,-86.19457544,21003.0,736.5704902650716,3.1847133757961785,152,156,5,0,151,152,21122,1,0,0,1,4
2020-06-24,US,Kentucky,Anderson,26,1,0,38.00671029,-84.99171713,21005.0,114.30078691695608,3.8461538461538463,25,26,1,0,25,27,22663,0,0,0,0,-1
2020-06-24,US,Kentucky,Ballard,14,0,0,37.05842757,-88.99427697,21007.0,177.4847870182556,0.0,14,14,0,0,14,14,7979,0,0,0,0,0
2020-06-24,US,Kentucky,Barren,76,2,0,36.96469836,-85.93338945,21009.0,171.755293904947,2.631578947368421,74,74,2,0,72,71,44176,2,0,0,2,3
2020-06-24,US,Kentucky,Bath,11,1,0,38.14735938,-83.74588932,21011.0,88.0,9.090909090909092,10,11,1,0,10,10,12383,0,0,0,0,1
2020-06-24,US,Kentucky,Bell,6,0,0,36.73355174,-83.67766671,21013.0,23.04855562384757,0.0,6,6,0,0,6,5,26569,0,0,0,0,1
2020-06-24,US,Kentucky,Boone,580,23,0,38.97065142,-84.72615357,21015.0,434.19348560049707,3.9655172413793114,557,575,23,0,552,571,131533,5,0,0,5,4
2020-06-24,US,Kentucky,Bourbon,27,1,0,38.2054607,-84.21827874,21017.0,136.44633110976352,3.703703703703704,26,27,1,0,26,27,20184,0,0,0,0,0
2020-06-24,US,Kentucky,Boyd,54,3,0,38.36176608,-82.68652187,21019.0,115.58713986043924,5.5555555555555545,51,49,3,0,46,49,47240,5,0,0,5,0
2020-06-24,US,Kentucky,Boyle,37,0,0,37.62680923,-84.8633779,21021.0,123.08715901530272,0.0,37,36,0,0,36,34,30100,1,0,0,1,2
2020-06-24,US,Kentucky,Bracken,17,0,0,38.69158994,-84.08532444,21023.0,204.74527279296643,0.0,17,17,0,0,17,16,8239,0,0,0,0,1
2020-06-24,US,Kentucky,Breathitt,6,0,0,37.52333168,-83.31959161,21025.0,47.505938242280294,0.0,6,4,0,0,4,4,12726,2,0,0,2,0
2020-06-24,US,Kentucky,Breckinridge,24,2,0,37.77377239,-86.42885017,21027.0,117.2046686526347,8.333333333333334,22,24,2,0,22,24,20388,0,0,0,0,0
2020-06-24,US,Kentucky,Bullitt,148,4,0,37.97162523,-85.68955617,21029.0,181.20378079239924,2.702702702702702,144,148,4,0,144,145,81069,0,0,0,0,3
2020-06-24,US,Kentucky,Butler,247,14,0,37.20946153,-86.68748787,21031.0,1917.8507648109326,5.668016194331983,233,246,14,0,232,246,12772,1,0,0,1,0
2020-06-24,US,Kentucky,Caldwell,13,0,0,37.14749129,-87.86948214,21033.0,101.98478073272142,0.0,13,13,0,0,13,13,12715,0,0,0,0,0
2020-06-24,US,Kentucky,Calloway,71,1,0,36.62093411,-88.2731593,21035.0,182.04661418937977,1.4084507042253518,70,71,1,0,70,68,39135,0,0,0,0,3
2020-06-24,US,Kentucky,Campbell,236,12,0,38.94384345,-84.37875208,21037.0,252.17985980509488,5.084745762711863,224,234,12,0,222,232,93152,2,0,0,2,2
2020-06-24,US,Kentucky,Carlisle,5,1,0,36.85372876,-88.96692220000001,21039.0,105.04201680672269,20.0,4,5,1,0,4,5,4771,0,0,0,0,0
2020-06-24,US,Kentucky,Carroll,30,0,0,38.66599534,-85.12601074,21041.0,282.19358479917224,0.0,30,30,0,0,30,29,10737,0,0,0,0,1
2020-06-24,US,Kentucky,Carter,21,0,0,38.31690743,-83.05092385,21043.0,78.36698137851252,0.0,21,21,0,0,21,21,27004,0,0,0,0,0
2020-06-24,US,Kentucky,Casey,13,0,0,37.32533118,-84.92726209,21045.0,80.45052292839905,0.0,13,13,0,0,13,13,15888,0,0,0,0,0
2020-06-24,US,Kentucky,Christian,183,3,0,36.89267803,-87.49055367,21047.0,259.71814195086637,1.639344262295082,180,163,3,0,160,147,71671,20,0,0,20,16
2020-06-24,US,Kentucky,Clark,94,4,0,37.9689263,-84.14615986,21049.0,259.21738411052587,4.25531914893617,90,91,4,0,87,89,36249,3,0,0,3,2
2020-06-24,US,Kentucky,Clay,39,3,0,37.16451126,-83.712575,21051.0,195.9700517561932,7.6923076923076925,36,37,3,0,34,32,20105,2,0,0,2,5
2020-06-24,US,Kentucky,Clinton,5,0,0,36.72581156,-85.13377529,21053.0,48.93325504012528,0.0,5,5,0,0,5,5,10206,0,0,0,0,0
2020-06-24,US,Kentucky,Crittenden,8,1,0,37.35839237,-88.08826090000002,21055.0,90.84714967067907,12.5,7,8,1,0,7,7,8915,0,0,0,0,1
2020-06-24,US,Kentucky,Cumberland,6,0,0,36.78926125,-85.39050034,21057.0,90.71666162685213,0.0,6,6,0,0,6,6,6659,0,0,0,0,0
2020-06-24,US,Kentucky,Daviess,407,8,0,37.73028906,-87.09019479999998,21059.0,400.94176985745383,1.9656019656019657,399,404,8,0,396,382,101104,3,0,0,3,22
2020-06-24,US,Kentucky,Edmonson,74,11,0,37.21218923,-86.23955613,21061.0,609.0534979423868,14.864864864864865,63,73,11,0,62,71,12274,1,0,0,1,2
2020-06-24,US,Kentucky,Elliott,3,0,0,38.11624059,-83.09771563,21063.0,39.90953837967274,0.0,3,2,0,0,2,2,7508,1,0,0,1,0
2020-06-24,US,Kentucky,Estill,5,0,0,37.69241417,-83.95956369,21065.0,35.44590954203885,0.0,5,5,0,0,5,5,14198,0,0,0,0,0
2020-06-24,US,Kentucky,Fayette,1240,20,0,38.0368225,-84.45576892,21067.0,383.7203545080954,1.6129032258064515,1220,1200,20,0,1180,1156,323780,40,0,0,40,44
2020-06-24,US,Kentucky,Fleming,14,0,0,38.36758311,-83.69657514,21069.0,96.01536245799328,0.0,14,13,0,0,13,12,14432,1,0,0,1,1
2020-06-24,US,Kentucky,Floyd,26,0,0,37.56213922,-82.74750924,21071.0,73.05628143527494,0.0,26,26,0,0,26,26,35845,0,0,0,0,0
2020-06-24,US,Kentucky,Franklin,120,3,0,38.2379395,-84.87962551,21073.0,235.3356474672001,2.5,117,120,3,0,117,112,50815,0,0,0,0,8
2020-06-24,US,Kentucky,Fulton,16,0,0,36.55238827,-89.20140068,21075.0,268.0515999329871,0.0,16,16,0,0,16,16,6120,0,0,0,0,0
2020-06-24,US,Kentucky,Gallatin,58,7,0,38.75398691,-84.8558382,21077.0,653.9632427556658,12.06896551724138,51,58,7,0,51,57,8832,0,0,0,0,1
2020-06-24,US,Kentucky,Garrard,16,0,0,37.638866799999995,-84.53289319,21079.0,90.5694554511491,0.0,16,16,0,0,16,16,17560,0,0,0,0,0
2020-06-24,US,Kentucky,Grant,55,4,0,38.64962758,-84.62415957,21081.0,219.39447125932426,7.272727272727272,51,54,4,0,50,53,25121,1,0,0,1,1
2020-06-24,US,Kentucky,Graves,188,21,0,36.72292505,-88.65143315,21083.0,504.4812966242688,11.170212765957446,167,185,21,0,164,185,37317,3,0,0,3,0
2020-06-24,US,Kentucky,Grayson,137,10,0,37.46231118,-86.34248968,21085.0,518.4092027093503,7.299270072992702,127,137,10,0,127,137,26321,0,0,0,0,0
2020-06-24,US,Kentucky,Green,4,1,0,37.26484328,-85.5540745,21087.0,36.55972945800201,25.0,3,4,1,0,3,6,11049,0,0,0,0,-2
2020-06-24,US,Kentucky,Greenup,22,0,0,38.54332505,-82.9215658,21089.0,62.68163428115562,0.0,22,21,0,0,21,20,35268,1,0,0,1,1
2020-06-24,US,Kentucky,Hancock,15,0,0,37.83766422,-86.78280584,21091.0,171.978903921119,0.0,15,15,0,0,15,11,8758,0,0,0,0,4
2020-06-24,US,Kentucky,Hardin,136,5,0,37.6976111,-85.96319251,21093.0,122.568899944123,3.6764705882352944,131,134,5,0,129,134,110356,2,0,0,2,0
2020-06-24,US,Kentucky,Harlan,18,2,0,36.85699301,-83.21899516,21095.0,69.20415224913495,11.111111111111109,16,18,2,0,16,17,26409,0,0,0,0,1
2020-06-24,US,Kentucky,Harrison,65,0,0,38.44188174,-84.32869741,21097.0,344.17028486709734,0.0,65,65,0,0,65,59,18778,0,0,0,0,6
2020-06-24,US,Kentucky,Hart,39,0,0,37.29943898,-85.88461055,21099.0,204.8857368006304,0.0,39,37,0,0,37,36,18906,2,0,0,2,1
2020-06-24,US,Kentucky,Henderson,154,3,0,37.79344553,-87.57392021,21101.0,340.63260340632604,1.9480519480519483,151,150,3,0,147,144,45591,4,0,0,4,6
2020-06-24,US,Kentucky,Henry,31,2,0,38.44942688,-85.11587507,21103.0,192.2361403943941,6.451612903225807,29,30,2,0,28,29,16106,1,0,0,1,1
2020-06-24,US,Kentucky,Hickman,5,0,0,36.67948079999999,-88.97875928,21105.0,114.15525114155253,0.0,5,5,0,0,5,5,4421,0,0,0,0,0
2020-06-24,US,Kentucky,Hopkins,241,32,0,37.30939025,-87.54670406,21107.0,539.3188023094482,13.278008298755188,209,240,32,0,208,233,45068,1,0,0,1,7
2020-06-24,US,Kentucky,Jackson,94,13,0,37.41866422,-83.99825483,21109.0,705.2291994898343,13.829787234042554,81,92,13,0,79,90,13442,2,0,0,2,2
2020-06-24,US,Kentucky,Jefferson,3682,185,0,38.18664655,-85.65931031,21111.0,480.2042889729081,5.024443237370994,3497,3651,185,0,3466,3609,770517,31,0,0,31,42
2020-06-24,US,Kentucky,Jessamine,100,0,0,37.87119786,-84.58252003,21113.0,184.79164741753672,0.0,100,100,0,0,100,99,53920,0,0,0,0,1
2020-06-24,US,Kentucky,Johnson,10,0,0,37.85106355,-82.8264322,21115.0,45.06940688660537,0.0,10,10,0,0,10,10,22386,0,0,0,0,0
2020-06-24,US,Kentucky,Kenton,741,36,0,38.93950319,-84.53241199,21117.0,443.717888836992,4.8582995951417,705,735,36,0,699,726,166051,6,0,0,6,9
2020-06-24,US,Kentucky,Knott,5,0,0,37.35388197,-82.94981134,21119.0,33.77009320545725,0.0,5,4,0,0,4,4,15126,1,0,0,1,0
2020-06-24,US,Kentucky,Knox,16,0,0,36.89225732,-83.85403396,21121.0,51.372611976240165,0.0,16,15,0,0,15,13,31304,1,0,0,1,2
2020-06-24,US,Kentucky,Larue,11,1,0,37.54567114,-85.70138352,21123.0,76.3994999305459,9.090909090909092,10,11,1,0,10,11,14307,0,0,0,0,0
2020-06-24,US,Kentucky,Laurel,63,3,0,37.10975748,-84.11321779,21125.0,103.59627053426077,4.761904761904762,60,57,2,0,55,55,60669,6,1,0,5,2
2020-06-24,US,Kentucky,Lawrence,5,0,0,38.07136018,-82.72882223,21127.0,32.64346804204479,0.0,5,5,0,0,5,5,15571,0,0,0,0,0
2020-06-24,US,Kentucky,Lee,1,0,0,37.59645942,-83.71513901,21129.0,13.508037282182901,0.0,1,1,0,0,1,1,7033,0,0,0,0,0
2020-06-24,US,Kentucky,Leslie,8,0,0,37.09246661,-83.37999606,21131.0,80.99625392325605,0.0,8,8,0,0,8,8,10143,0,0,0,0,0
2020-06-24,US,Kentucky,Letcher,13,0,0,37.12306748,-82.85346474,21133.0,60.31642926738737,0.0,13,13,0,0,13,8,21899,0,0,0,0,5
2020-06-24,US,Kentucky,Lewis,16,0,0,38.53184419,-83.37735618,21135.0,120.52730696798493,0.0,16,16,0,0,16,17,13257,0,0,0,0,-1
2020-06-24,US,Kentucky,Lincoln,21,1,0,37.45475628,-84.6565327,21137.0,85.5431993156544,4.761904761904762,20,21,1,0,20,20,24644,0,0,0,0,1
2020-06-24,US,Kentucky,Livingston,8,0,0,37.21137452,-88.34797529,21139.0,87.01326952360235,0.0,8,8,0,0,8,8,9242,0,0,0,0,0
2020-06-24,US,Kentucky,Logan,208,11,0,36.85949479,-86.877635,21141.0,767.4710353479448,5.288461538461538,197,206,11,0,195,202,26989,2,0,0,2,4
2020-06-24,US,Kentucky,Lyon,17,3,0,37.02080035,-88.07886257,21143.0,207.06455542021928,17.647058823529417,14,17,3,0,14,18,8009,0,0,0,0,-1
2020-06-24,US,Kentucky,Madison,103,1,0,37.71659336,-84.27220275,21151.0,110.76817189499607,0.9708737864077671,102,100,1,0,99,95,92368,3,0,0,3,5
2020-06-24,US,Kentucky,Magoffin,5,0,0,37.70820545,-83.0657714,21153.0,41.115039881588686,0.0,5,5,0,0,5,5,12362,0,0,0,0,0
2020-06-24,US,Kentucky,Marion,48,0,0,37.55218078,-85.26898542,21155.0,249.0530794375552,0.0,48,48,0,0,48,48,19404,0,0,0,0,0
2020-06-24,US,Kentucky,Marshall,53,2,0,36.88007070000001,-88.32803576,21157.0,170.41800643086816,3.7735849056603774,51,53,2,0,51,52,31191,0,0,0,0,1
2020-06-24,US,Kentucky,Martin,5,0,0,37.79990579,-82.51247478,21159.0,44.662795891022775,0.0,5,5,0,0,5,4,11323,0,0,0,0,1
2020-06-24,US,Kentucky,Mason,28,0,0,38.59471935,-83.82151043,21161.0,164.03046280023432,0.0,28,25,0,0,25,24,17150,3,0,0,3,1
2020-06-24,US,Kentucky,McCracken,150,3,0,37.05350953,-88.70445755,21145.0,229.29468953499043,2.0,147,149,3,0,146,148,65346,1,0,0,1,1
2020-06-24,US,Kentucky,McCreary,16,0,0,36.73874143,-84.48102924,21147.0,92.85589925134931,0.0,16,15,0,0,15,14,17408,1,0,0,1,1
2020-06-24,US,Kentucky,McLean,24,1,0,37.5301951,-87.26803443,21149.0,260.671228413164,4.166666666666667,23,24,1,0,23,24,9252,0,0,0,0,0
2020-06-24,US,Kentucky,Meade,25,2,0,37.96163597,-86.21028219,21163.0,87.49825003499929,8.0,23,25,2,0,23,24,28715,0,0,0,0,1
2020-06-24,US,Kentucky,Menifee,12,0,0,37.94090733,-83.59985712,21165.0,184.9283402681461,0.0,12,12,0,0,12,10,6451,0,0,0,0,2
2020-06-24,US,Kentucky,Mercer,17,0,0,37.81474237,-84.87488475,21167.0,77.50877672912964,0.0,17,17,0,0,17,17,21774,0,0,0,0,0
2020-06-24,US,Kentucky,Metcalfe,9,2,0,36.99459295,-85.63123699,21169.0,89.3655049151028,22.222222222222218,7,8,2,0,6,8,10030,1,0,0,1,0
2020-06-24,US,Kentucky,Monroe,34,0,0,36.71225341,-85.71596443,21171.0,319.2488262910798,0.0,34,34,0,0,34,34,10718,0,0,0,0,0
2020-06-24,US,Kentucky,Montgomery,46,0,0,38.03253032,-83.9145241,21173.0,163.3696771673119,0.0,46,44,0,0,44,45,28203,2,0,0,2,-1
2020-06-24,US,Kentucky,Morgan,8,0,0,37.92465657,-83.25558245,21175.0,60.10970020287024,0.0,8,7,0,0,7,7,13345,1,0,0,1,0
2020-06-24,US,Kentucky,Muhlenberg,492,8,0,37.21425819,-87.14632053,21177.0,1606.6880020900005,1.6260162601626016,484,492,8,0,484,492,30774,0,0,0,0,0
2020-06-24,US,Kentucky,Nelson,65,1,0,37.80335779,-85.4657193,21179.0,140.59221768001208,1.5384615384615383,64,60,1,0,59,54,45851,5,0,0,5,6
2020-06-24,US,Kentucky,Nicholas,5,0,0,38.33342292,-84.01889177,21181.0,68.78525244187647,0.0,5,5,0,0,5,5,7166,0,0,0,0,0
2020-06-24,US,Kentucky,Ohio,173,0,0,37.47751843,-86.85368087,21183.0,721.0135867300157,0.0,173,172,0,0,172,171,24087,1,0,0,1,1
2020-06-24,US,Kentucky,Oldham,126,6,0,38.39791089,-85.448222,21185.0,188.62557822721897,4.761904761904762,120,119,6,0,113,117,66470,7,0,0,7,2
2020-06-24,US,Kentucky,Owen,6,0,0,38.51679143,-84.82404619,21187.0,55.04082194294103,0.0,6,6,0,0,6,5,10880,0,0,0,0,1
2020-06-24,US,Kentucky,Owsley,2,0,0,37.42823949,-83.68811419,21189.0,45.30011325028314,0.0,2,2,0,0,2,2,4472,0,0,0,0,0
2020-06-24,US,Kentucky,Pendleton,15,0,0,38.69607718,-84.35599463,21191.0,102.8101439342015,0.0,15,15,0,0,15,14,14529,0,0,0,0,1
2020-06-24,US,Kentucky,Perry,53,1,0,37.25023553,-83.22922731,21193.0,205.761316872428,1.8867924528301887,52,49,1,0,48,43,26092,4,0,0,4,6
2020-06-24,US,Kentucky,Pike,68,2,0,37.47088263,-82.39487445,21195.0,117.492570322759,2.9411764705882355,66,68,2,0,66,63,58402,0,0,0,0,5
2020-06-24,US,Kentucky,Powell,5,0,0,37.83218794,-83.82553961,21197.0,40.456347600938585,0.0,5,5,0,0,5,5,12442,0,0,0,0,0
2020-06-24,US,Kentucky,Pulaski,83,2,0,37.10466131,-84.57629079,21199.0,127.73357546284184,2.409638554216868,81,82,2,0,80,77,64623,1,0,0,1,5
2020-06-24,US,Kentucky,Rockcastle,18,0,0,37.36642393,-84.31176452,21203.0,107.81671159029648,0.0,18,18,0,0,18,17,16750,0,0,0,0,1
2020-06-24,US,Kentucky,Rowan,18,0,0,38.19484205,-83.42088935,21205.0,73.58953393295175,0.0,18,18,0,0,18,17,24583,0,0,0,0,1
2020-06-24,US,Kentucky,Russell,39,4,0,36.99308373,-85.06070117,21207.0,217.59750041845672,10.256410256410255,35,39,4,0,35,38,17821,0,0,0,0,1
2020-06-24,US,Kentucky,Scott,76,0,0,38.29622293,-84.5816631,21209.0,133.32397726475335,0.0,76,75,0,0,75,67,56031,1,0,0,1,8
2020-06-24,US,Kentucky,Shelby,378,7,0,38.21476019,-85.194223,21211.0,771.0509138381201,1.851851851851852,371,370,7,0,363,365,48518,8,0,0,8,5
2020-06-24,US,Kentucky,Simpson,69,3,0,36.74058474,-86.58047435,21213.0,371.52702993754036,4.3478260869565215,66,65,3,0,62,62,18529,4,0,0,4,3
2020-06-24,US,Kentucky,Spencer,33,0,0,38.03223971,-85.32749335,21215.0,170.53382254147073,0.0,33,31,0,0,31,29,18794,2,0,0,2,2
2020-06-24,US,Kentucky,Taylor,34,1,0,37.3677562,-85.3329931,21217.0,131.94148007295587,2.9411764705882355,33,34,1,0,33,29,25549,0,0,0,0,5
2020-06-24,US,Kentucky,Todd,24,0,0,36.8381152,-87.17878374,21219.0,195.21717911176185,0.0,24,24,0,0,24,23,12311,0,0,0,0,1
2020-06-24,US,Kentucky,Trigg,23,0,0,36.80767017,-87.87333656,21221.0,156.98587127158555,0.0,23,23,0,0,23,23,14643,0,0,0,0,0
2020-06-24,US,Kentucky,Trimble,6,0,0,38.61056487,-85.33775972,21223.0,70.82989021367017,0.0,6,6,0,0,6,5,8515,0,0,0,0,1
2020-06-24,US,Kentucky,Unassigned,14,0,0,0.0,0.0,90021.0,0.0,0.0,14,14,0,0,14,21,,0,0,0,0,-7
2020-06-24,US,Kentucky,Union,25,0,0,37.66166713,-87.94300009,21225.0,173.84048397190742,0.0,25,25,0,0,25,25,14505,0,0,0,0,0
2020-06-24,US,Kentucky,Warren,1398,10,0,36.99903045,-86.42672751,21227.0,1051.9503973031544,0.7153075822603719,1388,1376,10,0,1366,1361,131264,22,0,0,22,15
2020-06-24,US,Kentucky,Washington,21,0,0,37.75599461,-85.17407732,21229.0,173.62546506821,0.0,21,21,0,0,21,21,12084,0,0,0,0,0
2020-06-24,US,Kentucky,Wayne,13,0,0,36.80310688,-84.8251971,21231.0,63.935474352038575,0.0,13,13,0,0,13,12,20468,0,0,0,0,1
2020-06-24,US,Kentucky,Webster,39,0,0,37.52168356,-87.67989953,21233.0,301.3444598980065,0.0,39,39,0,0,39,39,13111,0,0,0,0,0
2020-06-24,US,Kentucky,Whitley,24,0,0,36.75700531,-84.14541217,21235.0,66.18133686300463,0.0,24,23,0,0,23,21,36242,1,0,0,1,2
2020-06-24,US,Kentucky,Wolfe,2,0,0,37.73941626,-83.49303612,21237.0,27.944669554282516,0.0,2,2,0,0,2,1,7177,0,0,0,0,1
2020-06-24,US,Kentucky,Woodford,63,0,0,38.04178222,-84.7417556,21239.0,235.65497119772573,0.0,63,63,0,0,63,61,26533,0,0,0,0,2
2020-06-24,US,Louisiana,Acadia,726,35,0,30.295064899999996,-92.41419698,22001.0,1170.118462406318,4.8209366391184565,691,705,34,0,671,669,62190,21,1,0,20,36
2020-06-24,US,Louisiana,Allen,257,10,0,30.65385745,-92.82442028,22003.0,1002.8485581613144,3.891050583657588,247,256,10,0,246,228,25605,1,0,0,1,28
2020-06-24,US,Louisiana,Ascension,1070,58,0,30.20406249,-90.91328409999998,22005.0,845.1549714069066,5.420560747663552,1012,1044,58,0,986,1008,124672,26,0,0,26,36
2020-06-24,US,Louisiana,Assumption,334,14,0,29.89946234,-91.06461642,22007.0,1525.741172171212,4.1916167664670665,320,334,14,0,320,330,22300,0,0,0,0,4
2020-06-24,US,Louisiana,Avoyelles,254,11,0,31.07796211,-92.00079449,22009.0,632.7222000797129,4.330708661417323,243,238,11,0,227,206,40462,16,0,0,16,32
2020-06-24,US,Louisiana,Beauregard,168,8,0,30.64836518,-93.34173616,22011.0,448.03584286742927,4.761904761904762,160,165,7,0,158,159,37253,3,1,0,2,6
2020-06-24,US,Louisiana,Bienville,210,26,0,32.34569994,-93.05398492,22013.0,1585.9829318027341,12.38095238095238,184,209,26,0,183,200,13308,1,0,0,1,9
2020-06-24,US,Louisiana,Bossier,720,28,0,32.67932307,-93.60460152,22015.0,566.7550909563205,3.888888888888889,692,697,28,0,669,668,127185,23,0,0,23,29
2020-06-24,US,Louisiana,Caddo,2995,228,0,32.57991587,-93.88375652,22017.0,1246.8568383540658,7.612687813021702,2767,2953,223,0,2730,2920,242922,42,5,0,37,33
2020-06-24,US,Louisiana,Calcasieu,1010,54,0,30.22931235,-93.35400434,22019.0,496.470634499302,5.346534653465347,956,971,53,0,918,921,203112,39,1,0,38,50
2020-06-24,US,Louisiana,Caldwell,102,1,0,32.0902519,-92.11752148,22021.0,1028.4331518451304,0.9803921568627452,101,99,1,0,98,97,9960,3,0,0,3,2
2020-06-24,US,Louisiana,Cameron,36,0,0,29.87592238,-93.19310676,22023.0,516.2770686935322,0.0,36,35,0,0,35,28,6968,1,0,0,1,7
2020-06-24,US,Louisiana,Catahoula,154,3,0,31.66778967,-91.84526385,22025.0,1622.077101327154,1.9480519480519483,151,154,3,0,151,153,9608,0,0,0,0,1
2020-06-24,US,Louisiana,Claiborne,109,11,0,32.82308512,-92.99526883,22027.0,695.5966815571155,10.091743119266058,98,108,11,0,97,106,15944,1,0,0,1,2
2020-06-24,US,Louisiana,Concordia,105,5,0,31.44817835,-91.63814433,22029.0,545.1996469183239,4.761904761904762,100,105,5,0,100,102,19572,0,0,0,0,3
2020-06-24,US,Louisiana,De Soto,324,18,0,32.05457447,-93.74130302,22031.0,1179.769143939118,5.5555555555555545,306,320,18,0,302,318,27436,4,0,0,4,2
2020-06-24,US,Louisiana,East Baton Rouge,4637,266,0,30.53842039,-91.09777565,22033.0,1053.722341776898,5.736467543670478,4371,4514,265,0,4249,4398,440956,123,1,0,122,116
2020-06-24,US,Louisiana,East Carroll,381,0,0,32.73926954,-91.23425694,22035.0,5553.126366418889,0.0,381,357,0,0,357,339,7037,24,0,0,24,18
2020-06-24,US,Louisiana,East Feliciana,276,33,0,30.84425359,-91.04976723,22037.0,1442.3830676770315,11.956521739130435,243,273,33,0,240,271,19305,3,0,0,3,2
2020-06-24,US,Louisiana,Evangeline,140,1,0,30.72985248,-92.39915924,22039.0,419.2244347956282,0.7142857142857143,139,139,1,0,138,125,33443,1,0,0,1,14
2020-06-24,US,Louisiana,Franklin,447,14,0,32.13675181,-91.67589857,22041.0,2233.3250062453158,3.131991051454139,433,443,14,0,429,421,20156,4,0,0,4,22
2020-06-24,US,Louisiana,Grant,81,1,0,31.59882456,-92.56124347,22043.0,361.7848050381884,1.2345679012345678,80,78,1,0,77,76,22482,3,0,0,3,2
2020-06-24,US,Louisiana,Iberia,535,42,0,29.86803617,-91.75871777,22045.0,766.1463554346269,7.850467289719626,493,531,42,0,489,482,70941,4,0,0,4,49
2020-06-24,US,Louisiana,Iberville,677,43,0,30.25734305,-91.3499598,22047.0,2082.372120205469,6.3515509601181686,634,674,43,0,631,666,32721,3,0,0,3,8
2020-06-24,US,Louisiana,Jackson,202,16,0,32.30251776,-92.55692092,22049.0,1283.0284552845528,7.920792079207921,186,194,16,0,178,191,15902,8,0,0,8,3
2020-06-24,US,Louisiana,Jefferson,9003,479,0,29.74075478,-90.11115756,22051.0,2081.652188590336,5.32044873930912,8524,8888,479,0,8409,8741,434051,115,0,0,115,147
2020-06-24,US,Louisiana,Jefferson Davis,250,7,0,30.26896765,-92.81210004,22053.0,796.9905636317267,2.8,243,247,7,0,240,240,31582,3,0,0,3,7
2020-06-24,US,Louisiana,LaSalle,88,0,0,31.67884782,-92.15907765,22059.0,590.9213000268601,0.0,88,87,0,0,87,86,14917,1,0,0,1,1
2020-06-24,US,Louisiana,Lafayette,1654,36,0,30.2049055,-92.06959876,22055.0,676.7871025819388,2.176541717049577,1618,1574,36,0,1538,1440,242782,80,0,0,80,134
2020-06-24,US,Louisiana,Lafourche,1056,83,0,29.52470226,-90.40976986,22057.0,1081.8120351588914,7.8598484848484835,973,1034,83,0,951,1027,98115,22,0,0,22,7
2020-06-24,US,Louisiana,Lincoln,290,18,0,32.6003154,-92.66597409999999,22061.0,620.4270249454453,6.206896551724138,272,281,18,0,263,274,47196,9,0,0,9,7
2020-06-24,US,Louisiana,Livingston,768,36,0,30.44143993,-90.73061664,22063.0,545.4971624203597,4.6875,732,751,36,0,715,690,139567,17,0,0,17,61
2020-06-24,US,Louisiana,Madison,322,2,0,32.36918118,-91.23973355,22065.0,2940.370742397955,0.6211180124223602,320,320,2,0,318,320,11161,2,0,0,2,0
2020-06-24,US,Louisiana,Morehouse,216,7,0,32.81686191,-91.80421614,22067.0,868.3766181555037,3.2407407407407414,209,213,7,0,206,188,25398,3,0,0,3,25
2020-06-24,US,Louisiana,Natchitoches,197,14,0,31.72321584,-93.09816516,22069.0,516.2744378636197,7.1065989847715745,183,193,14,0,179,192,38659,4,0,0,4,1
2020-06-24,US,Louisiana,Orleans,7610,529,0,30.06971951,-89.92660315,22071.0,1950.561843832021,6.951379763469119,7081,7571,529,0,7042,7536,391006,39,0,0,39,35
2020-06-24,US,Louisiana,Ouachita,2066,71,0,32.47645559,-92.15704172,22073.0,1347.868918769042,3.436592449177154,1995,2022,69,0,1953,1980,154475,44,2,0,42,42
2020-06-24,US,Louisiana,Plaquemines,245,17,0,29.42245447,-89.60322085,22075.0,1056.1710566021468,6.938775510204081,228,244,17,0,227,239,23410,1,0,0,1,5
2020-06-24,US,Louisiana,Pointe Coupee,226,27,0,30.71409502,-91.60209535,22077.0,1040.0368154624944,11.946902654867255,199,225,27,0,198,224,21940,1,0,0,1,1
2020-06-24,US,Louisiana,Rapides,1408,55,0,31.19778499,-92.52997303,22079.0,1086.0175243736887,3.90625,1353,1358,53,0,1305,1323,130562,50,2,0,48,35
2020-06-24,US,Louisiana,Red River,54,8,0,32.09530039,-93.34213308,22081.0,639.6588486140722,14.814814814814815,46,54,8,0,46,54,8477,0,0,0,0,0
2020-06-24,US,Louisiana,Richland,155,4,0,32.41391005,-91.76634876,22083.0,770.3011629062718,2.5806451612903225,151,152,4,0,148,150,20192,3,0,0,3,2
2020-06-24,US,Louisiana,Sabine,66,1,0,31.56388699,-93.55433981,22085.0,276.33562217384025,1.5151515151515151,65,66,1,0,65,61,24032,0,0,0,0,5
2020-06-24,US,Louisiana,St. Bernard,601,23,0,29.87761636,-89.51887093,22087.0,1272.1192109050885,3.826955074875208,578,601,23,0,578,601,46721,0,0,0,0,0
2020-06-24,US,Louisiana,St. Charles,699,46,0,29.90709658,-90.35555967,22089.0,1316.3841807909605,6.580829756795423,653,697,46,0,651,691,52879,2,0,0,2,6
2020-06-24,US,Louisiana,St. Helena,88,1,0,30.82210324,-90.71013176,22091.0,868.5353335965259,1.1363636363636365,87,88,1,0,87,86,10262,0,0,0,0,2
2020-06-24,US,Louisiana,St. James,338,28,0,30.02531716,-90.80212061,22093.0,1602.199469093667,8.284023668639053,310,338,28,0,310,334,21037,0,0,0,0,4
2020-06-24,US,Louisiana,St. John the Baptist,930,86,0,30.12597499,-90.4753503,22095.0,2171.0203795784023,9.24731182795699,844,928,85,0,843,926,43184,2,1,0,1,2
2020-06-24,US,Louisiana,St. Landry,530,57,0,30.59724262,-92.00135806,22097.0,645.3655447859335,10.754716981132075,473,517,57,0,460,484,82764,13,0,0,13,33
2020-06-24,US,Louisiana,St. Martin,586,26,0,30.13112107,-91.61403569,22099.0,1096.7415919597238,4.436860068259387,560,581,26,0,555,526,53621,5,0,0,5,55
2020-06-24,US,Louisiana,St. Mary,410,37,0,29.69262097,-91.44702164,22101.0,830.8340763556779,9.024390243902438,373,405,36,0,369,393,49774,5,1,0,4,12
2020-06-24,US,Louisiana,St. Tammany,2131,172,0,30.40942847,-89.95642711,22103.0,818.2966680618541,8.071328015016425,1959,2096,172,0,1924,2043,258111,35,0,0,35,53
2020-06-24,US,Louisiana,Tangipahoa,1184,43,0,30.62888673,-90.40664996,22105.0,878.6120304545926,3.631756756756757,1141,1163,42,0,1121,1123,133777,21,1,0,20,40
2020-06-24,US,Louisiana,Tensas,24,0,0,32.00760749,-91.32915234,22107.0,553.7609598523304,0.0,24,24,0,0,24,24,4462,0,0,0,0,0
2020-06-24,US,Louisiana,Terrebonne,874,60,0,29.37343766,-90.82626855,22109.0,791.2294837091824,6.864988558352403,814,866,60,0,806,857,111021,8,0,0,8,9
2020-06-24,US,Louisiana,Unassigned,8,113,0,0.0,0.0,90022.0,0.0,1412.5,-105,3,113,0,-110,8,,5,0,0,5,-5
2020-06-24,US,Louisiana,Union,395,23,0,32.83121059,-92.3749373,22111.0,1786.6835534648092,5.822784810126582,372,391,21,0,370,378,22330,4,2,0,2,13
2020-06-24,US,Louisiana,Vermilion,175,5,0,29.83517605,-92.30292538,22113.0,294.06328241837645,2.8571428571428568,170,172,5,0,167,139,59830,3,0,0,3,33
2020-06-24,US,Louisiana,Vernon,91,6,0,31.10884837,-93.18153838,22115.0,191.86573615298656,6.593406593406592,85,89,6,0,83,77,48860,2,0,0,2,12
2020-06-24,US,Louisiana,Washington,607,45,0,30.85288548,-90.03866652,22117.0,1314.0234662510284,7.413509060955518,562,596,45,0,551,585,46582,11,0,0,11,11
2020-06-24,US,Louisiana,Webster,361,9,0,32.70847669,-93.33121835,22119.0,941.5753781950964,2.4930747922437675,352,352,9,0,343,323,38798,9,0,0,9,29
2020-06-24,US,Louisiana,West Baton Rouge,239,30,0,30.46058217,-91.30989571,22121.0,903.0795390137918,12.552301255230123,209,234,30,0,204,234,26427,5,0,0,5,0
2020-06-24,US,Louisiana,West Carroll,111,3,0,32.78550125,-91.461201,22123.0,1024.9307479224376,2.702702702702702,108,107,3,0,104,108,10982,4,0,0,4,-1
2020-06-24,US,Louisiana,West Feliciana,241,14,0,30.87882871,-91.41485379999999,22125.0,1548.0472764645426,5.809128630705394,227,241,14,0,227,226,15460,0,0,0,0,15
2020-06-24,US,Louisiana,Winn,230,5,0,31.94449367,-92.63789413,22127.0,1654.2002301495972,2.1739130434782608,225,230,5,0,225,226,14134,0,0,0,0,4
2020-06-24,US,Maine,Androscoggin,454,4,0,44.1664747,-70.20380627,23001.0,419.2949564542793,0.8810572687224669,450,454,4,0,450,453,107679,0,0,0,0,1
2020-06-24,US,Maine,Aroostook,22,1,0,46.65926321,-68.59841248,23003.0,32.808888226083056,4.545454545454546,21,21,1,0,20,19,67111,1,0,0,1,2
2020-06-24,US,Maine,Cumberland,1566,59,0,43.8370751,-70.37226999,23005.0,530.8420592332959,3.7675606641123878,1507,1554,58,0,1496,1542,293557,12,1,0,11,12
2020-06-24,US,Maine,Franklin,38,1,0,44.97330019,-70.44381045,23007.0,125.83198119143015,2.631578947368421,37,38,1,0,37,38,29897,0,0,0,0,0
2020-06-24,US,Maine,Hancock,15,1,0,44.59816444,-68.38401854,23009.0,27.27917507774565,6.666666666666668,14,15,1,0,14,15,54811,0,0,0,0,0
2020-06-24,US,Maine,Kennebec,140,9,0,44.40759555,-69.76738544,23011.0,114.47073637389411,6.428571428571429,131,141,9,0,132,138,122083,-1,0,0,-1,3
2020-06-24,US,Maine,Knox,24,1,0,44.11486325,-69.10529169,23013.0,60.34396057527909,4.166666666666667,23,24,1,0,23,24,39771,0,0,0,0,0
2020-06-24,US,Maine,Lincoln,21,0,0,44.05996956,-69.54227124,23015.0,60.63405901715078,0.0,21,21,0,0,21,21,34342,0,0,0,0,0
2020-06-24,US,Maine,Oxford,35,0,0,44.49952995,-70.75682123,23017.0,60.37084950409661,0.0,35,34,0,0,34,34,57618,1,0,0,1,0
2020-06-24,US,Maine,Penobscot,104,2,0,45.40194593,-68.65020455,23019.0,68.35449693719275,1.9230769230769231,102,104,2,0,102,103,151096,0,0,0,0,1
2020-06-24,US,Maine,Piscataquis,2,0,0,45.83839062,-69.2860223,23021.0,11.915400655347035,0.0,2,2,0,0,2,2,16800,0,0,0,0,0
2020-06-24,US,Maine,Sagadahoc,32,0,0,43.95415864,-69.85074999,23023.0,89.2458723784025,0.0,32,31,0,0,31,31,35634,1,0,0,1,0
2020-06-24,US,Maine,Somerset,26,0,0,45.51229767,-69.95995554,23025.0,51.50146581095,0.0,26,26,0,0,26,26,50592,0,0,0,0,0
2020-06-24,US,Maine,Unassigned,2,0,0,0.0,0.0,90023.0,0.0,0.0,2,2,0,0,2,2,,0,0,0,0,0
2020-06-24,US,Maine,Waldo,55,14,0,44.4858305,-69.12061935,23027.0,138.48671786478658,25.45454545454545,41,55,14,0,41,55,39694,0,0,0,0,0
2020-06-24,US,Maine,Washington,2,0,0,45.01607142,-67.62813524,23029.0,6.373689410115046,0.0,2,2,0,0,2,2,31490,0,0,0,0,0
2020-06-24,US,Maine,York,479,11,0,43.47808377,-70.71052375,23031.0,230.6866177681672,2.2964509394572024,468,472,11,0,461,466,206229,7,0,0,7,6
2020-06-24,US,Maryland,Allegany,194,17,0,39.62357628,-78.69280486,24001.0,275.50556691660984,8.762886597938143,177,192,17,0,175,189,70975,2,0,0,2,3
2020-06-24,US,Maryland,Anne Arundel,4956,202,0,39.00670238,-76.60329337,24003.0,855.6127575384041,4.075867635189669,4754,4946,201,0,4745,4916,576031,10,1,0,9,30
2020-06-24,US,Maryland,Baltimore,7652,460,0,39.45784712,-76.62911955,24005.0,924.8582858938563,6.0115002613695765,7192,7635,458,0,7177,7585,828431,17,2,0,15,50
2020-06-24,US,Maryland,Baltimore City,7210,325,0,39.30211911,-76.61151012,24510.0,1214.8477649160056,4.507628294036062,6885,7148,319,0,6829,7095,621342,62,6,0,56,53
2020-06-24,US,Maryland,Calvert,402,25,0,38.53961642,-76.56820632,24009.0,434.47716833288285,6.218905472636816,377,398,24,0,374,397,92003,4,1,0,3,1
2020-06-24,US,Maryland,Caroline,297,3,0,38.87172293,-75.82904158,24011.0,889.0618451775131,1.0101010101010102,294,296,3,0,293,294,33304,1,0,0,1,2
2020-06-24,US,Maryland,Carroll,1082,109,0,39.56453592,-77.02373735,24013.0,642.3385397187246,10.073937153419593,973,1061,109,0,952,1031,168429,21,0,0,21,30
2020-06-24,US,Maryland,Cecil,464,29,0,39.56647682,-75.94627411,24015.0,451.12050945505814,6.25,435,461,29,0,432,461,102826,3,0,0,3,0
2020-06-24,US,Maryland,Charles,1341,86,0,38.51092331,-76.98580666,24017.0,821.4042889432001,6.413124533929902,1255,1333,86,0,1247,1328,161503,8,0,0,8,5
2020-06-24,US,Maryland,Dorchester,183,5,0,38.45413522,-76.02752426,24019.0,573.1466691722259,2.7322404371584703,178,183,5,0,178,183,31998,0,0,0,0,0
2020-06-24,US,Maryland,Frederick,2425,116,0,39.47296601,-77.39999394,24021.0,934.3201809306212,4.783505154639175,2309,2419,116,0,2303,2407,255648,6,0,0,6,12
2020-06-24,US,Maryland,Garrett,10,1,0,39.52786077,-79.27355126,24023.0,34.46611980423244,10.0,9,10,0,0,10,10,29163,0,1,0,-1,0
2020-06-24,US,Maryland,Harford,1072,61,0,39.55010644,-76.30775940000002,24025.0,419.66638088638877,5.690298507462686,1011,1064,61,0,1003,1060,253956,8,0,0,8,4
2020-06-24,US,Maryland,Howard,2436,81,0,39.25305293,-76.93126208,24027.0,747.9505050815193,3.3251231527093594,2355,2423,80,0,2343,2436,323196,13,1,0,12,-13
2020-06-24,US,Maryland,Kent,195,23,0,39.24976208,-76.04741541,24029.0,1004.016064257028,11.794871794871796,172,194,23,0,171,194,19383,1,0,0,1,0
2020-06-24,US,Maryland,Montgomery,14283,728,0,39.13676329,-77.20358245,24031.0,1359.3949869038192,5.0969684240005595,13555,14204,725,0,13479,14141,1052567,79,3,0,76,63
2020-06-24,US,Maryland,Prince George's,18151,662,0,38.83070039,-76.8496441,24033.0,1996.0916150075825,3.647181973444989,17489,18080,661,0,17419,17935,909308,71,1,0,70,145
2020-06-24,US,Maryland,Queen Anne's,213,15,0,39.06198912,-76.03530977,24035.0,422.77842837577657,7.042253521126762,198,211,15,0,196,211,50251,2,0,0,2,0
2020-06-24,US,Maryland,Somerset,84,3,0,38.1163542,-75.75118623,24039.0,327.92004996876955,3.571428571428572,81,84,3,0,81,83,25675,0,0,0,0,1
2020-06-24,US,Maryland,St. Mary's,606,48,0,38.30058422,-76.60629279999998,24037.0,533.8736675182803,7.920792079207921,558,605,48,0,557,599,112664,1,0,0,1,6
2020-06-24,US,Maryland,Talbot,116,4,0,38.76618159,-76.10882561,24041.0,311.9873053441274,3.4482758620689653,112,116,4,0,112,117,36968,0,0,0,0,-1
2020-06-24,US,Maryland,Unassigned,0,24,0,0.0,0.0,90024.0,0.0,0.0,-24,0,25,0,-25,0,,0,-1,0,1,0
2020-06-24,US,Maryland,Washington,634,26,0,39.60835778,-77.82002295,24043.0,419.7313454574343,4.100946372239748,608,616,25,0,591,611,150926,18,1,0,17,5
2020-06-24,US,Maryland,Wicomico,1053,39,0,38.37301947,-75.62705831,24045.0,1016.3209759769903,3.703703703703704,1014,1051,38,0,1013,1046,103195,2,1,0,1,5
2020-06-24,US,Maryland,Worcester,278,16,0,38.21274277,-75.33200012,24047.0,531.7927921034509,5.755395683453237,262,277,17,0,260,274,51823,1,-1,0,2,3
2020-06-24,US,Massachusetts,Barnstable,1525,140,0,41.72980578,-70.28854339,25001.0,715.9960561528709,9.18032786885246,1385,1523,140,0,1383,1517,213413,2,0,0,2,6
2020-06-24,US,Massachusetts,Berkshire,591,44,0,42.37428441,-73.20524838,25003.0,473.0119093353823,7.4450084602368864,547,591,44,0,547,591,126348,0,0,0,0,0
2020-06-24,US,Massachusetts,Bristol,8086,555,0,41.79228404,-71.10872211,25005.0,1430.6009904160705,6.863715063071977,7531,8081,548,0,7533,8057,564022,5,7,0,-2,24
2020-06-24,US,Massachusetts,Dukes and Nantucket,59,0,0,41.40674725,-70.68763497,0.0,205.35310292019074,0.0,59,59,0,0,59,59,26707,0,0,0,0,0
2020-06-24,US,Massachusetts,Essex,15920,1083,0,42.6687626,-70.94687179,25009.0,2017.657033790685,6.802763819095478,14837,15885,1081,0,14804,15851,790638,35,2,0,33,34
2020-06-24,US,Massachusetts,Franklin,359,53,0,42.58119713,-72.58602547,25011.0,511.5417497862639,14.763231197771587,306,359,53,0,306,358,70963,0,0,0,0,1
2020-06-24,US,Massachusetts,Hampden,6633,654,0,42.13440424,-72.63235561,25013.0,1422.255195423396,9.859791949344189,5979,6620,649,0,5971,6610,470406,13,5,0,8,10
2020-06-24,US,Massachusetts,Hampshire,950,108,0,42.33997957,-72.65898478,25015.0,590.6858173226389,11.36842105263158,842,947,107,0,840,946,161355,3,1,0,2,1
2020-06-24,US,Massachusetts,Middlesex,23697,1820,0,42.48607732,-71.39049229,25017.0,1470.311764169364,7.680297084019075,21877,23647,1812,0,21835,23609,1614714,50,8,0,42,38
2020-06-24,US,Massachusetts,Norfolk,9056,923,0,42.16073095,-71.20530408,25021.0,1281.313006260833,10.19213780918728,8133,9042,919,0,8123,9010,705388,14,4,0,10,32
2020-06-24,US,Massachusetts,Plymouth,8610,651,0,41.94070556,-70.80802823,25023.0,1651.9506832283835,7.560975609756098,7959,8604,647,0,7957,8592,518132,6,4,0,2,12
2020-06-24,US,Massachusetts,Suffolk,19628,984,0,42.327951399999996,-71.07850442,25025.0,2441.5759534373997,5.013246382718566,18644,19601,976,0,18625,19567,807252,27,8,0,19,34
2020-06-24,US,Massachusetts,Unassigned,290,8,0,0.0,0.0,90025.0,0.0,2.7586206896551726,282,288,8,0,280,300,,2,0,0,2,-12
2020-06-24,US,Massachusetts,Worcester,12207,914,0,42.35026951,-71.90493363,25027.0,1469.6215607099261,7.487507168018349,11293,12192,905,0,11287,12143,830839,15,9,0,6,49
2020-06-24,US,Michigan,Alcona,21,1,0,44.6846864,-83.59507875,26001.0,201.8260451705911,4.761904761904762,20,21,1,0,20,21,10362,0,0,0,0,0
2020-06-24,US,Michigan,Alger,2,0,0,46.41292944,-86.60260122,26003.0,21.95871761089152,0.0,2,2,0,0,2,2,9097,0,0,0,0,0
2020-06-24,US,Michigan,Allegan,303,6,0,42.59147037,-85.89102866,26005.0,256.60351792413684,1.98019801980198,297,301,6,0,295,301,117327,2,0,0,2,0
2020-06-24,US,Michigan,Alpena,116,11,0,45.03477666,-83.62212411,26007.0,408.37880654814285,9.482758620689657,105,116,11,0,105,116,28360,0,0,0,0,0
2020-06-24,US,Michigan,Antrim,16,0,0,44.99690221,-85.15503082,26009.0,68.59886811867604,0.0,16,16,0,0,16,16,23365,0,0,0,0,0
2020-06-24,US,Michigan,Arenac,38,2,0,44.0636262,-83.89277559,26011.0,255.32486729825973,5.2631578947368425,36,38,2,0,36,38,15041,0,0,0,0,0
2020-06-24,US,Michigan,Baraga,1,0,0,46.6720582,-88.36363591,26013.0,12.181751735899622,0.0,1,1,0,0,1,1,8320,0,0,0,0,0
2020-06-24,US,Michigan,Barry,96,2,0,42.59513984,-85.30834519,26015.0,155.9707554833469,2.083333333333333,94,95,2,0,93,95,61157,1,0,0,1,0
2020-06-24,US,Michigan,Bay,381,29,0,43.70639106,-83.98731479,26017.0,369.45096289975373,7.6115485564304475,352,379,29,0,350,379,103923,2,0,0,2,0
2020-06-24,US,Michigan,Benzie,6,0,0,44.63899297,-86.01608482,26019.0,33.77237419790611,0.0,6,5,0,0,5,5,17753,1,0,0,1,0
2020-06-24,US,Michigan,Berrien,855,60,0,41.95447397,-86.41313079999998,26021.0,557.3627290565249,7.0175438596491215,795,854,60,0,794,852,154141,1,0,0,1,2
2020-06-24,US,Michigan,Branch,254,2,0,41.91600556,-85.05929476,26023.0,583.6799411724154,0.7874015748031497,252,250,2,0,248,250,43622,4,0,0,4,0
2020-06-24,US,Michigan,Calhoun,514,31,0,42.24633834,-85.00493569,26025.0,383.1274830611439,6.031128404669262,483,507,31,0,476,506,134487,7,0,0,7,1
2020-06-24,US,Michigan,Cass,126,4,0,41.91522292,-85.99405727,26027.0,243.304304169,3.1746031746031744,122,126,4,0,122,124,51653,0,0,0,0,2
2020-06-24,US,Michigan,Charlevoix,22,2,0,45.37790017,-85.19614053,26029.0,84.15254561450485,9.090909090909092,20,22,2,0,20,22,26244,0,0,0,0,0
2020-06-24,US,Michigan,Cheboygan,26,2,0,45.44787015,-84.50122149,26031.0,102.86437727488527,7.6923076923076925,24,26,2,0,24,26,25413,0,0,0,0,0
2020-06-24,US,Michigan,Chippewa,3,0,0,46.29552653,-84.54353449,26033.0,8.032343570108972,0.0,3,3,0,0,3,3,37517,0,0,0,0,0
2020-06-24,US,Michigan,Clare,27,2,0,43.98794227,-84.84819859999998,26035.0,87.23747980613894,7.407407407407407,25,27,2,0,25,27,30757,0,0,0,0,0
2020-06-24,US,Michigan,Clinton,205,11,0,42.94400871,-84.60145248,26037.0,257.55386644889757,5.365853658536587,194,204,11,0,193,201,79332,1,0,0,1,3
2020-06-24,US,Michigan,Crawford,68,5,0,44.68255561,-84.61006219,26039.0,484.7102430679306,7.352941176470589,63,66,5,0,61,66,13901,2,0,0,2,0
2020-06-24,US,Michigan,Delta,21,2,0,45.90484910000001,-86.9080745,26041.0,58.685446009389665,9.523809523809524,19,21,2,0,19,21,35857,0,0,0,0,0
2020-06-24,US,Michigan,Dickinson,7,2,0,46.00999672,-87.86961634,26043.0,27.734854788224567,28.57142857142857,5,7,2,0,5,7,25383,0,0,0,0,0
2020-06-24,US,Michigan,Eaton,287,7,0,42.59599185,-84.83740035,26045.0,260.27496644538763,2.4390243902439024,280,274,7,0,267,271,109826,13,0,0,13,3
2020-06-24,US,Michigan,Emmet,28,2,0,45.52625509,-84.89083249,26047.0,83.79470297770462,7.142857142857142,26,26,2,0,24,26,33308,2,0,0,2,0
2020-06-24,US,Michigan,Federal Correctional Institution (FCI),170,5,0,0.0,0.0,0.0,0.0,2.9411764705882355,165,170,5,0,165,169,,0,0,0,0,1
2020-06-24,US,Michigan,Genesee,2668,285,0,43.02244215,-83.70589709,26049.0,657.4456707892551,10.682158920539733,2383,2640,285,0,2355,2634,406892,28,0,0,28,6
2020-06-24,US,Michigan,Gladwin,26,1,0,43.98901072,-84.38774817,26051.0,102.16511454281112,3.8461538461538463,25,26,1,0,25,26,25337,0,0,0,0,0
2020-06-24,US,Michigan,Gogebic,6,1,0,46.40862701,-89.69377193,26053.0,42.93381037567085,16.666666666666668,5,6,1,0,5,6,15096,0,0,0,0,0
2020-06-24,US,Michigan,Grand Traverse,39,5,0,44.69565625,-85.55585247,26055.0,41.89584049501547,12.82051282051282,34,40,6,0,34,39,92573,-1,-1,0,0,1
2020-06-24,US,Michigan,Gratiot,93,13,0,43.29265605,-84.60505416,26057.0,228.4394880990396,13.978494623655912,80,93,13,0,80,93,40599,0,0,0,0,0
2020-06-24,US,Michigan,Hillsdale,187,25,0,41.88753639,-84.59312019,26059.0,410.0427584694661,13.368983957219253,162,184,25,0,159,183,45749,3,0,0,3,1
2020-06-24,US,Michigan,Houghton,11,0,0,46.89988536,-88.68495385,26061.0,30.82614056720099,0.0,11,11,0,0,11,11,36219,0,0,0,0,0
2020-06-24,US,Michigan,Huron,64,3,0,43.83353985,-83.04078453,26063.0,206.5782253639328,4.6875,61,63,3,0,60,63,31166,1,0,0,1,0
2020-06-24,US,Michigan,Ingham,896,29,0,42.59716886,-84.37472069,26065.0,306.42326080860175,3.2366071428571432,867,867,29,0,838,859,292735,29,0,0,29,8
2020-06-24,US,Michigan,Ionia,191,4,0,42.94502238,-85.07413319,26067.0,295.2223441581526,2.094240837696335,187,191,4,0,187,192,64210,0,0,0,0,-1
2020-06-24,US,Michigan,Iosco,111,10,0,44.35486835,-83.63484895,26069.0,441.75588012894485,9.00900900900901,101,111,10,0,101,111,25081,0,0,0,0,0
2020-06-24,US,Michigan,Iron,4,0,0,46.20974132,-88.53136251,26071.0,36.146755828664375,0.0,4,4,0,0,4,4,11117,0,0,0,0,0
2020-06-24,US,Michigan,Isabella,120,8,0,43.64060976,-84.84664923,26073.0,171.7426150675521,6.666666666666668,112,116,8,0,108,113,70562,4,0,0,4,3
2020-06-24,US,Michigan,Jackson,489,30,0,42.24807035,-84.42258681,26075.0,308.4978865686708,6.1349693251533735,459,489,30,0,459,488,158823,0,0,0,0,1
2020-06-24,US,Michigan,Kalamazoo,1017,67,0,42.24542231,-85.53038622,26077.0,383.67802735922373,6.588003933136678,950,1002,66,0,936,996,264870,15,1,0,14,6
2020-06-24,US,Michigan,Kalkaska,30,2,0,44.68512729,-85.09085699,26079.0,166.3155560483424,6.666666666666668,28,30,2,0,28,30,17824,0,0,0,0,0
2020-06-24,US,Michigan,Kent,4666,129,0,43.03197711,-85.54934642,26081.0,710.246516123631,2.7646806686669523,4537,4628,128,0,4500,4603,653786,38,1,0,37,25
2020-06-24,US,Michigan,Keweenaw,1,0,0,47.63197653,-88.41434263,26083.0,47.25897920604915,0.0,1,1,0,0,1,1,2113,0,0,0,0,0
2020-06-24,US,Michigan,Lake,7,0,0,43.99050893,-85.802173,26085.0,59.05677887454653,0.0,7,7,0,0,7,7,11881,0,0,0,0,0
2020-06-24,US,Michigan,Lapeer,274,31,0,43.09052506,-83.22153148,26087.0,312.7603958587784,11.313868613138686,243,268,31,0,237,266,88028,6,0,0,6,2
2020-06-24,US,Michigan,Leelanau,12,0,0,44.94430054,-85.80150326,26089.0,55.144524608244105,0.0,12,12,0,0,12,12,21764,0,0,0,0,0
2020-06-24,US,Michigan,Lenawee,200,6,0,41.89475156,-84.06603727,26091.0,203.14674304984212,3.0,194,198,6,0,192,199,98266,2,0,0,2,-1
2020-06-24,US,Michigan,Livingston,548,28,0,42.60302282,-83.91297209,26093.0,285.42409958592674,5.109489051094892,520,546,28,0,518,541,191224,2,0,0,2,5
2020-06-24,US,Michigan,Luce,3,0,0,46.47227431,-85.54471223,26095.0,48.16182372772515,0.0,3,3,0,0,3,3,6283,0,0,0,0,0
2020-06-24,US,Michigan,Mackinac,8,0,0,46.07028979,-85.04980537,26097.0,74.0809334197611,0.0,8,8,0,0,8,8,10787,0,0,0,0,0
2020-06-24,US,Michigan,Macomb,7191,898,0,42.69158356,-82.92752801,26099.0,822.7952382913869,12.48783201223752,6293,7175,898,0,6277,7165,874759,16,0,0,16,10
2020-06-24,US,Michigan,Manistee,16,1,0,44.33352407,-86.05626916,26101.0,65.15188533268181,6.25,15,15,1,0,14,15,24528,1,0,0,1,0
2020-06-24,US,Michigan,Marquette,63,11,0,46.4338914,-87.64043701,26103.0,94.45418971798678,17.460317460317462,52,63,11,0,52,63,66516,0,0,0,0,0
2020-06-24,US,Michigan,Mason,43,0,0,43.99509218,-86.24988902,26105.0,147.5432335986824,0.0,43,42,0,0,42,41,29100,1,0,0,1,1
2020-06-24,US,Michigan,Mecosta,28,2,0,43.64064262,-85.32463223,26107.0,64.43743815156607,7.142857142857142,26,28,2,0,26,29,43545,0,0,0,0,-1
2020-06-24,US,Michigan,Menominee,11,0,0,45.58038692,-87.55370409,26109.0,48.28797190517998,0.0,11,9,0,0,9,9,22983,2,0,0,2,0
2020-06-24,US,Michigan,Michigan Department of Corrections (MDOC),4098,68,0,0.0,0.0,0.0,0.0,1.6593460224499756,4030,4097,68,0,4029,4084,,1,0,0,1,13
2020-06-24,US,Michigan,Midland,160,9,0,43.64330771,-84.38804374,26111.0,192.4094473038626,5.625,151,160,9,0,151,159,83209,0,0,0,0,1
2020-06-24,US,Michigan,Missaukee,24,1,0,44.33772443,-85.09256478,26113.0,158.75115756052386,4.166666666666667,23,24,1,0,23,24,15113,0,0,0,0,0
2020-06-24,US,Michigan,Monroe,583,21,0,41.92734151,-83.53749864,26115.0,387.37541528239205,3.6020583190394517,562,580,21,0,559,581,150439,3,0,0,3,-1
2020-06-24,US,Michigan,Montcalm,83,1,0,43.31082541,-85.15252824,26117.0,129.91485098923116,1.2048192771084338,82,83,1,0,82,83,63968,0,0,0,0,0
2020-06-24,US,Michigan,Montmorency,5,0,0,45.0275929,-84.12696227,26119.0,53.60205831903945,0.0,5,5,0,0,5,5,9265,0,0,0,0,0
2020-06-24,US,Michigan,Muskegon,793,49,0,43.29123859,-86.15176712,26121.0,456.8867174446608,6.17906683480454,744,790,49,0,741,786,173588,3,0,0,3,4
2020-06-24,US,Michigan,Newaygo,151,0,0,43.554373999999996,-85.80070107,26123.0,308.28909759085343,0.0,151,145,0,0,145,142,48892,6,0,0,6,3
2020-06-24,US,Michigan,Oakland,11805,1081,0,42.66090111,-83.38595416,26125.0,938.7046908993754,9.157136806437949,10724,11791,1081,0,10710,11740,1259201,14,0,0,14,51
2020-06-24,US,Michigan,Oceana,210,3,0,43.64124435,-86.26726673,26127.0,793.4408886537954,1.4285714285714286,207,199,3,0,196,186,26625,11,0,0,11,13
2020-06-24,US,Michigan,Ogemaw,32,2,0,44.33481032,-84.12725175,26129.0,152.40272419869504,6.25,30,32,2,0,30,32,20952,0,0,0,0,0
2020-06-24,US,Michigan,Osceola,25,0,0,43.98992088,-85.32566756,26133.0,106.56436487638534,0.0,25,26,0,0,26,26,23341,-1,0,0,-1,0
2020-06-24,US,Michigan,Oscoda,12,1,0,44.68192279,-84.12939244,26135.0,145.61339643247175,8.333333333333334,11,10,1,0,9,9,8276,2,0,0,2,1
2020-06-24,US,Michigan,Otsego,122,10,0,45.02085831,-84.59898295,26137.0,494.5678611966922,8.196721311475411,112,121,10,0,111,121,24665,1,0,0,1,0
2020-06-24,US,Michigan,Ottawa,977,51,0,42.95996803,-85.9969107,26139.0,334.7839495596752,5.220061412487206,926,972,51,0,921,971,290494,5,0,0,5,1
2020-06-24,US,Michigan,Out of MI,65,0,0,0.0,0.0,80026.0,0.0,0.0,65,64,0,0,64,59,,1,0,0,1,5
2020-06-24,US,Michigan,Presque Isle,12,0,0,45.34018577,-83.91498656,26141.0,95.29860228716646,0.0,12,12,0,0,12,12,12738,0,0,0,0,0
2020-06-24,US,Michigan,Roscommon,26,0,0,44.33473082,-84.61067651,26143.0,108.2476372871477,0.0,26,26,0,0,26,26,23884,0,0,0,0,0
2020-06-24,US,Michigan,Saginaw,1224,123,0,43.33433923,-84.05131209999998,26145.0,642.3881725001181,10.049019607843137,1101,1214,122,0,1092,1202,190800,10,1,0,9,12
2020-06-24,US,Michigan,Sanilac,43,6,0,43.42406072,-82.82055898,26151.0,104.44498421180471,13.953488372093025,37,43,6,0,37,43,41182,0,0,0,0,0
2020-06-24,US,Michigan,Schoolcraft,4,0,0,46.19235734,-86.19972234,26153.0,49.4193229552755,0.0,4,4,0,0,4,4,8068,0,0,0,0,0
2020-06-24,US,Michigan,Shiawassee,265,27,0,42.95392800000001,-84.14585902,26155.0,389.0079563136725,10.18867924528302,238,265,27,0,238,265,68192,0,0,0,0,0
2020-06-24,US,Michigan,St. Clair,532,49,0,42.92655373,-82.67937954,26147.0,334.3220552008446,9.210526315789474,483,528,49,0,479,527,159337,4,0,0,4,1
2020-06-24,US,Michigan,St. Joseph,242,3,0,41.91441767,-85.52797979,26149.0,396.95558034249717,1.2396694214876034,239,232,3,0,229,228,61043,10,0,0,10,4
2020-06-24,US,Michigan,Tuscola,229,26,0,43.46606813,-83.41897025,26157.0,438.3194564073117,11.353711790393016,203,229,26,0,203,248,52516,0,0,0,0,-19
2020-06-24,US,Michigan,Unassigned,21,0,0,0.0,0.0,90026.0,0.0,0.0,21,4,0,0,4,2,,17,0,0,17,2
2020-06-24,US,Michigan,Van Buren,221,7,0,42.25190229,-86.01939087,26159.0,292.0306037501486,3.1674208144796383,214,217,7,0,210,217,75448,4,0,0,4,0
2020-06-24,US,Michigan,Washtenaw,1633,103,0,42.253105,-83.83853204,26161.0,444.2316533415306,6.307409675443967,1530,1628,103,0,1525,1622,370963,5,0,0,5,6
2020-06-24,US,Michigan,Wayne,22324,2693,0,42.28098405,-83.281255,26163.0,1276.1362408629982,12.063250313563875,19631,22245,2690,0,19555,22180,1753893,79,3,0,76,65
2020-06-24,US,Michigan,Wexford,18,3,0,44.33853602,-85.57712739,26165.0,53.52204811037436,16.666666666666668,15,18,3,0,15,18,33466,0,0,0,0,0
2020-06-24,US,Minnesota,Aitkin,13,0,0,46.60962049,-93.41168259999999,27001.0,81.83306055646482,0.0,13,13,0,0,13,13,15902,0,0,0,0,0
2020-06-24,US,Minnesota,Anoka,1940,103,0,45.27476015,-93.24604565,27003.0,543.5376455854376,5.309278350515464,1837,1919,103,0,1816,1910,353813,21,0,0,21,9
2020-06-24,US,Minnesota,Becker,53,0,0,46.93479392,-95.67158144,27005.0,153.9668245068704,0.0,53,50,0,0,50,50,34371,3,0,0,3,0
2020-06-24,US,Minnesota,Beltrami,27,0,0,47.97373527,-94.93732139,27007.0,57.217936763583964,0.0,27,25,0,0,25,25,46847,2,0,0,2,0
2020-06-24,US,Minnesota,Benton,204,3,0,45.69804958,-93.99514135,27009.0,498.91168773997896,1.4705882352941178,201,204,3,0,201,202,40545,0,0,0,0,2
2020-06-24,US,Minnesota,Big Stone,14,0,0,45.42712824,-96.41403739,27011.0,280.50490883590464,0.0,14,14,0,0,14,14,4989,0,0,0,0,0
2020-06-24,US,Minnesota,Blue Earth,265,2,0,44.03554215,-94.06699781,27013.0,391.70472854123256,0.7547169811320755,263,243,2,0,241,227,67427,22,0,0,22,16
2020-06-24,US,Minnesota,Brown,23,2,0,44.24205652,-94.72562874,27015.0,91.97056941778631,8.695652173913043,21,21,2,0,19,21,25111,2,0,0,2,0
2020-06-24,US,Minnesota,Carlton,81,0,0,46.59180601,-92.67601019,27017.0,225.80914945220368,0.0,81,81,0,0,81,81,35837,0,0,0,0,0
2020-06-24,US,Minnesota,Carver,305,1,0,44.82017001,-93.80099179999999,27019.0,290.2301858424764,0.3278688524590164,304,299,1,0,298,297,103551,6,0,0,6,2
2020-06-24,US,Minnesota,Cass,11,2,0,46.95043611,-94.32603968,27021.0,36.93878236341045,18.181818181818183,9,11,2,0,9,12,29519,0,0,0,0,-1
2020-06-24,US,Minnesota,Chippewa,69,1,0,45.02343421,-95.56403693,27023.0,584.7457627118644,1.4492753623188406,68,68,1,0,67,67,11924,1,0,0,1,1
2020-06-24,US,Minnesota,Chisago,87,1,0,45.5021011,-92.90861945,27025.0,153.76729882111738,1.1494252873563218,86,87,1,0,86,87,55922,0,0,0,0,0
2020-06-24,US,Minnesota,Clay,537,37,0,46.89289518,-96.48761922,27027.0,836.162062844508,6.890130353817503,500,530,37,0,493,528,63955,7,0,0,7,2
2020-06-24,US,Minnesota,Clearwater,7,0,0,47.57992111,-95.37790562,27029.0,79.38308006350647,0.0,7,6,0,0,6,6,8810,1,0,0,1,0
2020-06-24,US,Minnesota,Cook,1,0,0,47.90504893,-90.52629546,27031.0,18.304960644334614,0.0,1,1,0,0,1,1,5393,0,0,0,0,0
2020-06-24,US,Minnesota,Cottonwood,126,0,0,44.00715262,-95.18138802,27033.0,1125.40192926045,0.0,126,125,0,0,125,123,11277,1,0,0,1,2
2020-06-24,US,Minnesota,Crow Wing,97,11,0,46.48096553,-94.06755609,27035.0,149.10460379678733,11.340206185567009,86,97,11,0,86,94,64889,0,0,0,0,3
2020-06-24,US,Minnesota,Dakota,1982,84,0,44.67172617,-93.06299363,27037.0,461.9820474988404,4.238143289606458,1898,1956,84,0,1872,1941,425423,26,0,0,26,15
2020-06-24,US,Minnesota,Dodge,67,0,0,44.02238415,-92.86244324,27039.0,320.0535014808445,0.0,67,66,0,0,66,66,20822,1,0,0,1,0
2020-06-24,US,Minnesota,Douglas,54,0,0,45.93348491,-95.45335469,27041.0,141.57992711255605,0.0,54,54,0,0,54,54,37964,0,0,0,0,0
2020-06-24,US,Minnesota,Faribault,35,0,0,43.67381499,-93.94787458,27043.0,256.3539148905003,0.0,35,35,0,0,35,33,13758,0,0,0,0,2
2020-06-24,US,Minnesota,Fillmore,23,0,0,43.67394126,-92.08980382,27045.0,109.17548772962454,0.0,23,23,0,0,23,23,21058,0,0,0,0,0
2020-06-24,US,Minnesota,Freeborn,259,0,0,43.67385583,-93.34884422,27047.0,855.3218189623857,0.0,259,259,0,0,259,258,30444,0,0,0,0,1
2020-06-24,US,Minnesota,Goodhue,109,8,0,44.40849741,-92.72341949999999,27049.0,235.21795425118682,7.339449541284404,101,108,8,0,100,107,46403,1,0,0,1,1
2020-06-24,US,Minnesota,Grant,6,0,0,45.93424769,-96.01139609,27051.0,100.46885465505692,0.0,6,6,0,0,6,6,6021,0,0,0,0,0
2020-06-24,US,Minnesota,Hennepin,11057,752,0,45.00761521,-93.47694895,27053.0,873.4890503798656,6.801121461517591,10305,10988,751,0,10237,10920,1259428,69,1,0,68,68
2020-06-24,US,Minnesota,Houston,15,0,0,43.67129565,-91.49143057,27055.0,80.64516129032258,0.0,15,15,0,0,15,13,18578,0,0,0,0,2
2020-06-24,US,Minnesota,Hubbard,5,0,0,47.10778564,-94.91693868,27057.0,23.26555302219533,0.0,5,5,0,0,5,5,21332,0,0,0,0,0
2020-06-24,US,Minnesota,Isanti,56,0,0,45.56181234,-93.29487636,27059.0,137.94462508621538,0.0,56,56,0,0,56,56,39966,0,0,0,0,0
2020-06-24,US,Minnesota,Itasca,60,12,0,47.51009045,-93.63092229,27061.0,132.94925769997784,20.0,48,59,12,0,47,59,45108,1,0,0,1,0
2020-06-24,US,Minnesota,Jackson,53,0,0,43.67423373,-95.15398258,27063.0,538.2896607759496,0.0,53,53,0,0,53,53,9911,0,0,0,0,0
2020-06-24,US,Minnesota,Kanabec,13,1,0,45.9459309,-93.29275192,27065.0,79.57397318969211,7.6923076923076925,12,13,1,0,12,13,16207,0,0,0,0,0
2020-06-24,US,Minnesota,Kandiyohi,561,1,0,45.1526059,-95.00586446,27067.0,1298.6411722493574,0.17825311942959002,560,561,1,0,560,560,42855,0,0,0,0,1
2020-06-24,US,Minnesota,Kittson,1,0,0,48.77754106,-96.78317184,27069.0,23.266635644485806,0.0,1,1,0,0,1,1,4248,0,0,0,0,0
2020-06-24,US,Minnesota,Koochiching,9,0,0,48.24539665,-93.78352843,27071.0,73.59555155777251,0.0,9,9,0,0,9,9,12440,0,0,0,0,0
2020-06-24,US,Minnesota,Lac qui Parle,4,0,0,44.9973857,-96.17488219,27073.0,60.3955911218481,0.0,4,4,0,0,4,4,6658,0,0,0,0,0
2020-06-24,US,Minnesota,Lake,5,0,0,47.64270764,-91.44557998,27075.0,46.988065031482,0.0,5,5,0,0,5,5,10658,0,0,0,0,0
2020-06-24,US,Minnesota,Le Sueur,70,1,0,44.37136597,-93.72844721,27079.0,242.3235365389276,1.4285714285714286,69,66,1,0,65,62,28494,4,0,0,4,4
2020-06-24,US,Minnesota,Lincoln,7,0,0,44.41311883,-96.26688165,27081.0,124.13548501507358,0.0,7,6,0,0,6,6,5673,1,0,0,1,0
2020-06-24,US,Minnesota,Lyon,279,2,0,44.41327865,-95.83806103,27083.0,1095.2343565988851,0.7168458781362007,277,277,2,0,275,276,25629,2,0,0,2,1
2020-06-24,US,Minnesota,Mahnomen,6,1,0,47.32557075,-95.80921485,27087.0,108.55798805862128,16.666666666666668,5,6,1,0,5,6,5519,0,0,0,0,0
2020-06-24,US,Minnesota,Marshall,12,0,0,48.35825983,-96.37017407,27089.0,128.53470437017995,0.0,12,12,0,0,12,12,9390,0,0,0,0,0
2020-06-24,US,Minnesota,Martin,149,5,0,43.67429718,-94.55099908,27091.0,756.9984250368339,3.355704697986577,144,148,5,0,143,148,19785,1,0,0,1,0
2020-06-24,US,Minnesota,McLeod,71,0,0,44.82367677,-94.27287017,27085.0,197.81015796952053,0.0,71,69,0,0,69,68,35873,2,0,0,2,1
2020-06-24,US,Minnesota,Meeker,57,1,0,45.12328869,-94.52839455,27093.0,245.45689432434762,1.7543859649122806,56,57,1,0,56,51,23141,0,0,0,0,6
2020-06-24,US,Minnesota,Mille Lacs,30,1,0,45.93705297,-93.63236823,27095.0,114.16828405069073,3.333333333333333,29,30,1,0,29,30,26139,0,0,0,0,0
2020-06-24,US,Minnesota,Morrison,56,1,0,46.01265363,-94.27341528,27097.0,167.7349787336009,1.7857142857142858,55,56,1,0,55,56,33169,0,0,0,0,0
2020-06-24,US,Minnesota,Mower,828,2,0,43.67142874,-92.75234549,27099.0,2066.7964654785087,0.24154589371980675,826,813,2,0,811,802,40011,15,0,0,15,11
2020-06-24,US,Minnesota,Murray,47,0,0,44.02216709,-95.76328482,27101.0,573.5904320234317,0.0,47,47,0,0,47,47,8276,0,0,0,0,0
2020-06-24,US,Minnesota,Nicollet,112,12,0,44.35291112,-94.24710352,27103.0,326.7783159246076,10.714285714285714,100,109,12,0,97,109,34220,3,0,0,3,0
2020-06-24,US,Minnesota,Nobles,1635,6,0,43.67434621,-95.75329576,27105.0,7559.295390448009,0.3669724770642202,1629,1634,6,0,1628,1632,21924,1,0,0,1,2
2020-06-24,US,Minnesota,Norman,18,0,0,47.32628443,-96.45620947,27107.0,282.35294117647067,0.0,18,18,0,0,18,18,6475,0,0,0,0,0
2020-06-24,US,Minnesota,Olmsted,938,15,0,44.00374114,-92.40209944,27109.0,592.5720025522293,1.5991471215351811,923,916,15,0,901,910,156277,22,0,0,22,6
2020-06-24,US,Minnesota,Otter Tail,85,1,0,46.40846929,-95.70835255,27111.0,144.69070234569162,1.1764705882352942,84,85,1,0,84,85,58812,0,0,0,0,0
2020-06-24,US,Minnesota,Pennington,50,0,0,48.06642577,-96.0370814,27113.0,354.13272894680915,0.0,50,50,0,0,50,50,14178,0,0,0,0,0
2020-06-24,US,Minnesota,Pine,97,0,0,46.12105238,-92.74070188,27115.0,327.9353595456236,0.0,97,97,0,0,97,97,29483,0,0,0,0,0
2020-06-24,US,Minnesota,Pipestone,15,0,0,44.02301619,-96.25841142,27117.0,164.3655489809336,0.0,15,15,0,0,15,15,9047,0,0,0,0,0
2020-06-24,US,Minnesota,Polk,75,2,0,47.77372465,-96.40134647,27119.0,239.12766228797344,2.6666666666666665,73,73,2,0,71,72,31529,2,0,0,2,1
2020-06-24,US,Minnesota,Pope,10,0,0,45.58606667,-95.44451209,27121.0,88.89679082585121,0.0,10,10,0,0,10,10,11097,0,0,0,0,0
2020-06-24,US,Minnesota,Ramsey,4424,215,0,45.01625271,-93.09872295,27123.0,803.8944543275653,4.859855334538879,4209,4394,213,0,4181,4352,550210,30,2,0,28,42
2020-06-24,US,Minnesota,Red Lake,3,0,0,47.87197525,-96.09561104,27125.0,73.98273736128236,0.0,3,3,0,0,3,3,3999,0,0,0,0,0
2020-06-24,US,Minnesota,Redwood,12,0,0,44.40555844,-95.25207021,27127.0,79.10349373764008,0.0,12,12,0,0,12,12,15249,0,0,0,0,0
2020-06-24,US,Minnesota,Renville,18,1,0,44.72836381,-94.94553734,27129.0,123.72834753918065,5.5555555555555545,17,18,1,0,17,16,14612,0,0,0,0,2
2020-06-24,US,Minnesota,Rice,761,4,0,44.3543376,-93.29658715,27131.0,1136.2957653944932,0.5256241787122208,757,758,4,0,754,754,66523,3,0,0,3,4
2020-06-24,US,Minnesota,Rock,28,0,0,43.67482683,-96.25296832,27133.0,300.5904455179818,0.0,28,28,0,0,28,28,9414,0,0,0,0,0
2020-06-24,US,Minnesota,Roseau,6,0,0,48.77501878,-95.81079919,27135.0,39.564787339268044,0.0,6,6,0,0,6,6,15150,0,0,0,0,0
2020-06-24,US,Minnesota,Scott,603,4,0,44.6490231,-93.53340251,27139.0,404.6626804372773,0.6633499170812603,599,595,4,0,591,587,147381,8,0,0,8,8
2020-06-24,US,Minnesota,Sherburne,277,4,0,45.44447208,-93.77617511,27141.0,284.8680556983895,1.444043321299639,273,277,4,0,273,276,96036,0,0,0,0,1
2020-06-24,US,Minnesota,Sibley,30,2,0,44.5796592,-94.23164924,27143.0,201.81634712411704,6.666666666666668,28,29,2,0,27,29,15028,1,0,0,1,0
2020-06-24,US,Minnesota,St. Louis,146,14,0,47.604840700000004,-92.46879855,27137.0,73.34103581654695,9.58904109589041,132,145,14,0,131,143,199754,1,0,0,1,2
2020-06-24,US,Minnesota,Stearns,2140,19,0,45.55192576,-94.61078221,27145.0,1328.573645817166,0.8878504672897196,2121,2139,19,0,2120,2137,159256,1,0,0,1,2
2020-06-24,US,Minnesota,Steele,202,0,0,44.02240351,-93.22627088,27147.0,551.1746568801332,0.0,202,200,0,0,200,199,36803,2,0,0,2,1
2020-06-24,US,Minnesota,Stevens,3,0,0,45.58613007,-96.00163705,27149.0,30.596634370219284,0.0,3,3,0,0,3,2,9753,0,0,0,0,1
2020-06-24,US,Minnesota,Swift,20,1,0,45.2829032,-95.68264092,27151.0,215.8428663932657,5.0,19,20,1,0,19,20,9345,0,0,0,0,0
2020-06-24,US,Minnesota,Todd,394,2,0,46.06996226,-94.89785296,27153.0,1597.4699967564059,0.5076142131979695,392,392,2,0,390,390,24582,2,0,0,2,2
2020-06-24,US,Minnesota,Traverse,5,0,0,45.77298854,-96.47062949,27155.0,153.42129487572873,0.0,5,5,0,0,5,5,3308,0,0,0,0,0
2020-06-24,US,Minnesota,Unassigned,80,35,0,0.0,0.0,90027.0,0.0,43.75,45,77,32,0,45,80,,3,3,0,0,-3
2020-06-24,US,Minnesota,Wabasha,28,0,0,44.28424356,-92.23121312,27157.0,129.4677948860221,0.0,28,28,0,0,28,28,21645,0,0,0,0,0
2020-06-24,US,Minnesota,Wadena,14,0,0,46.58589171,-94.96968506,27159.0,102.3242216050285,0.0,14,14,0,0,14,12,13773,0,0,0,0,2
2020-06-24,US,Minnesota,Waseca,45,0,0,44.02211116,-93.58720034,27161.0,241.7794970986461,0.0,45,44,0,0,44,41,18691,1,0,0,1,3
2020-06-24,US,Minnesota,Washington,917,39,0,45.03864533,-92.88429635,27163.0,349.4131992074379,4.252998909487459,878,905,38,0,867,898,259201,12,1,0,11,7
2020-06-24,US,Minnesota,Watonwan,173,0,0,43.97823903,-94.61413846,27165.0,1587.5929154813255,0.0,173,166,0,0,166,157,10980,7,0,0,7,9
2020-06-24,US,Minnesota,Wilkin,20,3,0,46.35721532,-96.4684375,27167.0,322.2168519413565,15.0,17,20,3,0,17,20,6254,0,0,0,0,0
2020-06-24,US,Minnesota,Winona,100,15,0,43.98772283,-91.78081305,27169.0,198.08256081134616,15.0,85,99,15,0,84,99,50825,1,0,0,1,0
2020-06-24,US,Minnesota,Wright,409,3,0,45.17297924,-93.96234781,27171.0,295.5693503978262,0.7334963325183375,406,405,3,0,402,403,136349,4,0,0,4,2
2020-06-24,US,Minnesota,Yellow Medicine,24,0,0,44.71710183,-95.86842453,27173.0,247.19332578020402,0.0,24,23,0,0,23,24,9795,1,0,0,1,-1
2020-06-24,US,Mississippi,Adams,234,18,0,31.47669768,-91.35326037,28001.0,762.3888182973317,7.6923076923076925,216,233,18,0,215,227,31192,1,0,0,1,6
2020-06-24,US,Mississippi,Alcorn,41,1,0,34.88084463,-88.57996173,28003.0,110.95174951966013,2.4390243902439024,40,38,1,0,37,35,36925,3,0,0,3,3
2020-06-24,US,Mississippi,Amite,79,2,0,31.17467303,-90.80501621,28005.0,642.4331137675856,2.5316455696202533,77,76,2,0,74,75,12326,3,0,0,3,1
2020-06-24,US,Mississippi,Attala,338,23,0,33.08658803,-89.57838564,28007.0,1859.7997138769672,6.8047337278106514,315,337,23,0,314,336,18365,1,0,0,1,1
2020-06-24,US,Mississippi,Benton,22,0,0,34.81681228,-89.18945516,28009.0,266.3760745853009,0.0,22,23,0,0,23,20,8271,-1,0,0,-1,3
2020-06-24,US,Mississippi,Bolivar,230,13,0,33.79696941,-90.87372121,28011.0,750.9468460232467,5.652173913043479,217,223,13,0,210,208,31333,7,0,0,7,15
2020-06-24,US,Mississippi,Calhoun,100,4,0,33.93683395,-89.33686647,28013.0,696.3303391128751,4.0,96,99,4,0,95,96,14436,1,0,0,1,3
2020-06-24,US,Mississippi,Carroll,138,11,0,33.44834567,-89.91994479,28015.0,1387.3529707449482,7.971014492753622,127,135,11,0,124,133,9911,3,0,0,3,2
2020-06-24,US,Mississippi,Chickasaw,203,18,0,33.91983202,-88.9481545,28017.0,1186.9262702449862,8.866995073891626,185,202,17,0,185,196,17171,1,1,0,0,6
2020-06-24,US,Mississippi,Choctaw,67,3,0,33.34598242,-89.24809382,28019.0,816.0779537149817,4.477611940298506,64,65,3,0,62,71,8278,2,0,0,2,-6
2020-06-24,US,Mississippi,Claiborne,180,9,0,31.97061673,-90.90702196,28021.0,2002.6702269692926,5.0,171,172,9,0,163,168,9002,8,0,0,8,4
2020-06-24,US,Mississippi,Clarke,190,22,0,32.04158545,-88.68896219999998,28023.0,1222.5725500289554,11.578947368421053,168,183,21,0,162,182,15604,7,1,0,6,1
2020-06-24,US,Mississippi,Clay,222,7,0,33.65358105,-88.77784255,28025.0,1149.3062745910127,3.1531531531531534,215,218,6,0,212,210,19386,4,1,0,3,8
2020-06-24,US,Mississippi,Coahoma,167,6,0,34.22772299,-90.60415045,28027.0,754.8363767853914,3.5928143712574854,161,160,6,0,154,161,22628,7,0,0,7,-1
2020-06-24,US,Mississippi,Copiah,503,12,0,31.86977774,-90.44565118,28029.0,1792.2679494031713,2.3856858846918487,491,492,11,0,481,476,28543,11,1,0,10,16
2020-06-24,US,Mississippi,Covington,248,5,0,31.63225413,-89.55389939,28031.0,1330.757673320455,2.0161290322580645,243,246,5,0,241,238,18853,2,0,0,2,8
2020-06-24,US,Mississippi,DeSoto,990,15,0,34.87625235,-89.99091418,28033.0,535.2942766768499,1.5151515151515151,975,948,15,0,933,912,182001,42,0,0,42,36
2020-06-24,US,Mississippi,Forrest,742,42,0,31.18961454,-89.25832496,28035.0,990.6938862704782,5.660377358490566,700,737,42,0,695,729,75036,5,0,0,5,8
2020-06-24,US,Mississippi,Franklin,32,2,0,31.47786634,-90.89672989,28037.0,414.88396214183854,6.25,30,31,2,0,29,30,7788,1,0,0,1,1
2020-06-24,US,Mississippi,George,58,3,0,30.86259065,-88.64436789,28039.0,236.73469387755105,5.172413793103448,55,58,3,0,55,53,24250,0,0,0,0,5
2020-06-24,US,Mississippi,Greene,71,5,0,31.21444233,-88.63922281,28041.0,522.5967908140733,7.042253521126762,66,71,5,0,66,70,13586,0,0,0,0,1
2020-06-24,US,Mississippi,Grenada,226,4,0,33.77036166,-89.80245083,28043.0,1088.7368725310723,1.7699115044247788,222,211,4,0,207,195,21055,15,0,0,15,16
2020-06-24,US,Mississippi,Hancock,106,13,0,30.41830223,-89.48851033,28045.0,222.5394692643601,12.264150943396224,93,103,13,0,90,103,47334,3,0,0,3,0
2020-06-24,US,Mississippi,Harrison,514,7,0,30.51359752,-89.12467576,28047.0,247.02037677816224,1.3618677042801557,507,499,7,0,492,464,206650,15,0,0,15,35
2020-06-24,US,Mississippi,Hinds,1646,34,0,32.2656285,-90.44435448,28049.0,709.9723947550035,2.0656136087484813,1612,1589,33,0,1556,1536,237085,57,1,0,56,53
2020-06-24,US,Mississippi,Holmes,496,39,0,33.12345854,-90.08923538,28051.0,2915.931804820693,7.862903225806452,457,491,37,0,454,489,17622,5,2,0,3,2
2020-06-24,US,Mississippi,Humphreys,101,9,0,33.12825718,-90.52252707,28053.0,1252.4801587301588,8.910891089108912,92,95,9,0,86,93,8257,6,0,0,6,2
2020-06-24,US,Mississippi,Itawamba,112,8,0,34.27993475,-88.3606733,28057.0,478.8371098760154,7.142857142857142,104,112,8,0,104,109,23517,0,0,0,0,3
2020-06-24,US,Mississippi,Jackson,439,16,0,30.54020656,-88.64184064,28059.0,305.6741193591288,3.644646924829157,423,425,16,0,409,402,143277,14,0,0,14,23
2020-06-24,US,Mississippi,Jasper,218,6,0,32.01922104,-89.11786866,28061.0,1330.6476225355552,2.7522935779816518,212,216,6,0,210,212,16428,2,0,0,2,4
2020-06-24,US,Mississippi,Jefferson,65,3,0,31.73397872,-91.03764977,28063.0,929.8998569384836,4.615384615384615,62,64,2,0,62,63,7106,1,1,0,0,1
2020-06-24,US,Mississippi,Jefferson Davis,93,3,0,31.56884708,-89.82670990000004,28065.0,835.7296908698778,3.2258064516129035,90,92,3,0,89,90,11234,1,0,0,1,2
2020-06-24,US,Mississippi,Jones,965,48,0,31.62257767,-89.16896899999998,28067.0,1417.0753913477633,4.974093264248705,917,952,47,0,905,928,68461,13,1,0,12,24
2020-06-24,US,Mississippi,Kemper,169,13,0,32.75462946,-88.64105766,28069.0,1734.7567234654075,7.6923076923076925,156,168,13,0,155,169,10027,1,0,0,1,-1
2020-06-24,US,Mississippi,Lafayette,289,4,0,34.35687874,-89.48490961,28071.0,534.9969455191691,1.3840830449826989,285,269,4,0,265,254,54793,20,0,0,20,15
2020-06-24,US,Mississippi,Lamar,355,7,0,31.20572971,-89.5077704,28073.0,560.4407748291052,1.971830985915493,348,353,7,0,346,341,62447,2,0,0,2,12
2020-06-24,US,Mississippi,Lauderdale,856,78,0,32.40419769,-88.66229662,28075.0,1154.8060708263072,9.11214953271028,778,850,77,0,773,847,75317,6,1,0,5,3
2020-06-24,US,Mississippi,Lawrence,135,1,0,31.55147224,-90.10841127,28077.0,1072.620371841729,0.7407407407407407,134,134,1,0,133,129,12455,1,0,0,1,5
2020-06-24,US,Mississippi,Leake,510,17,0,32.7536828,-89.52402044,28079.0,2238.216448696568,3.333333333333333,493,505,16,0,489,503,22763,5,1,0,4,2
2020-06-24,US,Mississippi,Lee,403,15,0,34.291877500000005,-88.68149954,28081.0,471.6981132075471,3.7220843672456576,388,388,14,0,374,374,85202,15,1,0,14,14
2020-06-24,US,Mississippi,Leflore,434,48,0,33.55545125,-90.29900733,28083.0,1539.9354220629455,11.059907834101384,386,430,48,0,382,420,28919,4,0,0,4,10
2020-06-24,US,Mississippi,Lincoln,396,32,0,31.53288662,-90.45391915,28085.0,1159.4881855181095,8.080808080808081,364,384,32,0,352,378,34205,12,0,0,12,6
2020-06-24,US,Mississippi,Lowndes,399,10,0,33.47386518,-88.44191529999998,28087.0,680.9454731632392,2.506265664160401,389,392,10,0,382,384,58930,7,0,0,7,8
2020-06-24,US,Mississippi,Madison,1034,31,0,32.63389156,-90.03513564,28089.0,972.9750075278532,2.998065764023212,1003,1014,31,0,983,995,105630,20,0,0,20,19
2020-06-24,US,Mississippi,Marion,203,10,0,31.23132643,-89.8209217,28091.0,826.109958084076,4.9261083743842375,193,196,10,0,186,186,24715,7,0,0,7,10
2020-06-24,US,Mississippi,Marshall,148,3,0,34.76216286,-89.50299462,28093.0,419.33473111577035,2.0270270270270268,145,144,3,0,141,142,35451,4,0,0,4,2
2020-06-24,US,Mississippi,Monroe,318,28,0,33.89236763,-88.4808438,28095.0,902.0764779303302,8.805031446540882,290,314,28,0,286,311,35564,4,0,0,4,3
2020-06-24,US,Mississippi,Montgomery,107,2,0,33.49419589,-89.61729103,28097.0,1094.6291560102302,1.8691588785046729,105,105,1,0,104,104,10023,2,1,0,1,1
2020-06-24,US,Mississippi,Neshoba,916,62,0,32.75339664,-89.11726492,28099.0,3145.8204547015594,6.7685589519650655,854,907,60,0,847,921,29125,9,2,0,7,-14
2020-06-24,US,Mississippi,Newton,326,8,0,32.40021118,-89.11843336,28101.0,1551.0514796840805,2.4539877300613497,318,324,8,0,316,325,21443,2,0,0,2,-1
2020-06-24,US,Mississippi,Noxubee,227,7,0,33.11009499,-88.56949061,28103.0,2179.1302678314296,3.0837004405286343,220,224,6,0,218,223,10535,3,1,0,2,1
2020-06-24,US,Mississippi,Oktibbeha,431,20,0,33.42491685,-88.87905132,28105.0,869.1794220259343,4.640371229698376,411,426,20,0,406,420,49599,5,0,0,5,6
2020-06-24,US,Mississippi,Panola,204,5,0,34.36398677,-89.95064249,28107.0,596.6307908282638,2.4509803921568634,199,190,5,0,185,179,34178,14,0,0,14,11
2020-06-24,US,Mississippi,Pearl River,228,32,0,30.77090935,-89.58677275,28109.0,410.5519042045557,14.035087719298243,196,227,32,0,195,226,55387,1,0,0,1,1
2020-06-24,US,Mississippi,Perry,56,4,0,31.17161885,-88.99281835,28111.0,467.7190344942788,7.142857142857142,52,55,4,0,51,55,11931,1,0,0,1,0
2020-06-24,US,Mississippi,Pike,298,11,0,31.17507789,-90.40392572,28113.0,758.5013235593567,3.6912751677852342,287,289,11,0,278,278,39563,9,0,0,9,11
2020-06-24,US,Mississippi,Pontotoc,156,3,0,34.226046000000004,-89.03636807,28115.0,484.86355442282576,1.9230769230769231,153,146,3,0,143,128,31833,10,0,0,10,18
2020-06-24,US,Mississippi,Prentiss,81,3,0,34.61810501,-88.51986294,28117.0,322.3752288466132,3.703703703703704,78,80,3,0,77,78,25315,1,0,0,1,2
2020-06-24,US,Mississippi,Quitman,49,0,0,34.25157572,-90.28908,28119.0,721.4369846878682,0.0,49,49,0,0,49,52,7051,0,0,0,0,-3
2020-06-24,US,Mississippi,Rankin,636,12,0,32.26469147,-89.94537876,28121.0,409.60643004810936,1.8867924528301887,624,620,12,0,608,611,153902,16,0,0,16,9
2020-06-24,US,Mississippi,Scott,709,14,0,32.406704100000006,-89.53789439,28123.0,2520.978523680842,1.9746121297602257,695,707,14,0,693,700,28287,2,0,0,2,7
2020-06-24,US,Mississippi,Sharkey,18,0,0,32.88149103,-90.8159538,28125.0,416.5702383707475,0.0,18,16,0,0,16,13,4377,2,0,0,2,3
2020-06-24,US,Mississippi,Simpson,177,2,0,31.91282117,-89.91716179,28127.0,663.9657888813863,1.1299435028248588,175,170,2,0,168,166,26758,7,0,0,7,4
2020-06-24,US,Mississippi,Smith,192,11,0,32.01744532,-89.50644846,28129.0,1206.333249560191,5.729166666666668,181,190,11,0,179,187,16002,2,0,0,2,3
2020-06-24,US,Mississippi,Stone,44,1,0,30.79187949,-89.11547539,28131.0,239.9650959860384,2.272727272727273,43,43,1,0,42,42,18717,1,0,0,1,1
2020-06-24,US,Mississippi,Sunflower,189,6,0,33.60192578,-90.58882684,28133.0,752.6881720430107,3.1746031746031744,183,172,5,0,167,155,25735,17,1,0,16,17
2020-06-24,US,Mississippi,Tallahatchie,72,1,0,33.95339918,-90.1729398,28135.0,521.3990875515968,1.3888888888888888,71,68,1,0,67,64,13987,4,0,0,4,4
2020-06-24,US,Mississippi,Tate,211,5,0,34.65133709,-89.94485778,28137.0,745.0301896119487,2.3696682464454977,206,192,4,0,188,182,28759,19,1,0,18,10
2020-06-24,US,Mississippi,Tippah,109,11,0,34.76872156,-88.90988194,28139.0,495.11696570520104,10.091743119266058,98,107,11,0,96,106,21995,2,0,0,2,1
2020-06-24,US,Mississippi,Tishomingo,55,1,0,34.74023475,-88.23917219,28141.0,283.75380488056544,1.818181818181818,54,55,1,0,54,52,19454,0,0,0,0,3
2020-06-24,US,Mississippi,Tunica,78,3,0,34.64967704,-90.37481167,28143.0,809.8006644518273,3.8461538461538463,75,77,3,0,74,76,9944,1,0,0,1,1
2020-06-24,US,Mississippi,Union,138,8,0,34.49162015,-89.00776006,28145.0,478.91723060905787,5.797101449275362,130,131,8,0,123,128,28606,7,0,0,7,3
2020-06-24,US,Mississippi,Walthall,147,3,0,31.14971548,-90.10446654,28147.0,1028.9794204115917,2.0408163265306123,144,140,1,0,139,133,14465,7,2,0,5,7
2020-06-24,US,Mississippi,Warren,358,15,0,32.35810271,-90.83352619,28149.0,788.8764020184659,4.189944134078212,343,347,14,0,333,331,46176,11,1,0,10,16
2020-06-24,US,Mississippi,Washington,329,9,0,33.28392041,-90.94196237,28151.0,749.2769136167984,2.735562310030395,320,323,9,0,314,302,45063,6,0,0,6,21
2020-06-24,US,Mississippi,Wayne,446,8,0,31.64135687,-88.69573913,28153.0,2209.78050834861,1.7937219730941705,438,441,8,0,433,434,20298,5,0,0,5,7
2020-06-24,US,Mississippi,Webster,124,10,0,33.61300486,-89.28392912,28155.0,1279.8018371348953,8.064516129032258,114,122,10,0,112,118,9788,2,0,0,2,4
2020-06-24,US,Mississippi,Wilkinson,86,9,0,31.16078225,-91.31018819,28157.0,996.5237543453073,10.465116279069766,77,85,9,0,76,85,8792,1,0,0,1,0
2020-06-24,US,Mississippi,Winston,194,4,0,33.08747908,-89.03391385,28159.0,1080.4789752158174,2.061855670103093,190,193,3,0,190,178,18165,1,1,0,0,15
2020-06-24,US,Mississippi,Yalobusha,136,7,0,34.02824175,-89.70762049999998,28161.0,1123.224314502808,5.147058823529412,129,133,7,0,126,139,12392,3,0,0,3,-6
2020-06-24,US,Mississippi,Yazoo,412,6,0,32.77890365,-90.39656148,28163.0,1387.6726170427753,1.4563106796116505,406,407,6,0,401,395,28248,5,0,0,5,12
2020-06-24,US,Missouri,Adair,87,0,0,40.19058551,-92.60078167,29001.0,343.29006037170035,0.0,87,86,0,0,86,86,25339,1,0,0,1,0
2020-06-24,US,Missouri,Andrew,45,0,0,39.98492163,-94.80163024,29003.0,254.0650406504065,0.0,45,43,0,0,43,42,17607,2,0,0,2,1
2020-06-24,US,Missouri,Atchison,3,0,0,40.43238737,-95.42970639,29005.0,58.331713007972,0.0,3,3,0,0,3,3,5171,0,0,0,0,0
2020-06-24,US,Missouri,Audrain,137,1,0,39.215877,-91.84242683,29007.0,539.6250196943438,0.7299270072992701,136,137,1,0,136,134,25473,0,0,0,0,3
2020-06-24,US,Missouri,Barry,32,0,0,36.70978521,-93.82919888,29009.0,89.41294811254855,0.0,32,31,0,0,31,31,35886,1,0,0,1,0
2020-06-24,US,Missouri,Barton,17,0,0,37.50207671,-94.34757022,29011.0,144.6316147694402,0.0,17,16,0,0,16,15,11798,1,0,0,1,1
2020-06-24,US,Missouri,Bates,12,1,0,38.25271289,-94.34113157,29013.0,74.20232500618353,8.333333333333334,11,12,1,0,11,12,16320,0,0,0,0,0
2020-06-24,US,Missouri,Benton,16,0,0,38.29503305,-93.28756116,29015.0,82.29182739289205,0.0,16,16,0,0,16,15,19278,0,0,0,0,1
2020-06-24,US,Missouri,Bollinger,12,0,0,37.32449052,-90.02725304,29017.0,98.90381603890215,0.0,12,12,0,0,12,12,12169,0,0,0,0,0
2020-06-24,US,Missouri,Boone,288,2,0,38.99186229,-92.30723575,29019.0,159.5895003407901,0.6944444444444444,286,280,2,0,278,266,180005,8,0,0,8,14
2020-06-24,US,Missouri,Buchanan,819,3,0,39.65816401,-94.80138942,29021.0,937.4570761412024,0.3663003663003663,816,812,3,0,809,809,88571,7,0,0,7,3
2020-06-24,US,Missouri,Butler,68,0,0,36.71462476,-90.40421163,29023.0,160.0828664249729,0.0,68,67,0,0,67,62,42639,1,0,0,1,5
2020-06-24,US,Missouri,Caldwell,9,0,0,39.65620858,-93.98308093,29025.0,99.77827050997783,0.0,9,9,0,0,9,9,9108,0,0,0,0,0
2020-06-24,US,Missouri,Callaway,46,1,0,38.83674754,-91.92186505,29027.0,102.80937800326308,2.1739130434782608,45,45,1,0,44,42,44889,1,0,0,1,3
2020-06-24,US,Missouri,Camden,55,1,0,38.02199522,-92.76083747,29029.0,118.77766979807795,1.818181818181818,54,54,1,0,53,50,45815,1,0,0,1,4
2020-06-24,US,Missouri,Cape Girardeau,123,3,0,37.38489388,-89.6843587,29031.0,155.9508564618174,2.4390243902439024,120,123,3,0,120,121,78753,0,0,0,0,2
2020-06-24,US,Missouri,Carroll,11,0,0,39.42762566,-93.50626255,29033.0,126.74271229404309,0.0,11,11,0,0,11,11,8743,0,0,0,0,0
2020-06-24,US,Missouri,Carter,6,1,0,36.94160441,-90.96051322,29035.0,100.30090270812435,16.666666666666668,5,6,1,0,5,6,6054,0,0,0,0,0
2020-06-24,US,Missouri,Cass,116,8,0,38.64789422,-94.353399,29037.0,109.66156173189638,6.896551724137932,108,116,8,0,108,116,104954,0,0,0,0,0
2020-06-24,US,Missouri,Cedar,9,0,0,37.72391475,-93.85445441,29039.0,62.722140915743246,0.0,9,9,0,0,9,9,14165,0,0,0,0,0
2020-06-24,US,Missouri,Chariton,6,0,0,39.51499357,-92.9629191,29041.0,80.79719903043363,0.0,6,6,0,0,6,6,7451,0,0,0,0,0
2020-06-24,US,Missouri,Christian,37,0,0,36.9711783,-93.18537118,29043.0,41.76307918054066,0.0,37,35,0,0,35,32,86983,2,0,0,2,3
2020-06-24,US,Missouri,Clark,2,0,0,40.41040752,-91.73661677,29045.0,29.424746211563924,0.0,2,1,0,0,1,1,6842,1,0,0,1,0
2020-06-24,US,Missouri,Clay,375,8,0,39.31132056,-94.41850862,29047.0,150.03120649095013,2.1333333333333333,367,367,8,0,359,348,246365,8,0,0,8,19
2020-06-24,US,Missouri,Clinton,23,0,0,39.6013098,-94.40465394,29049.0,112.81699121989504,0.0,23,23,0,0,23,23,20470,0,0,0,0,0
2020-06-24,US,Missouri,Cole,64,2,0,38.50455671,-92.27860244,29051.0,83.39305492214477,3.125,62,63,2,0,61,61,76796,1,0,0,1,2
2020-06-24,US,Missouri,Cooper,13,0,0,38.844478,-92.80896081,29053.0,73.40900107290078,0.0,13,13,0,0,13,13,17603,0,0,0,0,0
2020-06-24,US,Missouri,Crawford,10,0,0,37.97663738,-91.30528104,29055.0,41.80602006688964,0.0,10,10,0,0,10,10,23957,0,0,0,0,0
2020-06-24,US,Missouri,Dade,1,0,0,37.431814,-93.8503345,29057.0,13.225763787858751,0.0,1,1,0,0,1,1,7569,0,0,0,0,0
2020-06-24,US,Missouri,Dallas,12,1,0,37.6811355,-93.02127031,29059.0,71.09847138286527,8.333333333333334,11,12,0,0,12,10,16762,0,1,0,-1,2
2020-06-24,US,Missouri,Daviess,7,0,0,39.96145298,-93.98519678,29061.0,84.56148828219376,0.0,7,7,0,0,7,7,8313,0,0,0,0,0
2020-06-24,US,Missouri,DeKalb,10,0,0,39.89201062,-94.40476508,29063.0,79.70032677133977,0.0,10,10,0,0,10,10,12630,0,0,0,0,0
2020-06-24,US,Missouri,Dent,2,0,0,37.60663134,-91.50790473,29065.0,12.842740640852758,0.0,2,2,0,0,2,1,15441,0,0,0,0,1
2020-06-24,US,Missouri,Douglas,3,0,0,36.9325593,-92.49905109,29067.0,22.75312855517633,0.0,3,3,0,0,3,3,13373,0,0,0,0,0
2020-06-24,US,Missouri,Dunklin,82,3,0,36.27167174,-90.09122243,29069.0,281.4870756239058,3.6585365853658534,79,81,3,0,78,79,29423,1,0,0,1,2
2020-06-24,US,Missouri,Franklin,192,18,0,38.41127108,-91.07522826,29071.0,184.67398309078843,9.375,174,193,18,0,175,191,103670,-1,0,0,-1,2
2020-06-24,US,Missouri,Gasconade,6,0,0,38.43947277,-91.50847147,29073.0,40.79967360261118,0.0,6,5,0,0,5,4,14705,1,0,0,1,1
2020-06-24,US,Missouri,Gentry,57,9,0,40.21097916,-94.40944419,29075.0,867.4478770354589,15.789473684210524,48,56,9,0,47,55,6628,1,0,0,1,1
2020-06-24,US,Missouri,Greene,238,8,0,37.2575872,-93.34230916,29077.0,81.204834076005,3.361344537815126,230,233,8,0,225,228,291923,5,0,0,5,5
2020-06-24,US,Missouri,Grundy,18,0,0,40.11406587,-93.56509276,29079.0,182.74111675126903,0.0,18,17,0,0,17,17,9914,1,0,0,1,0
2020-06-24,US,Missouri,Harrison,12,0,0,40.35570088,-93.99222144,29081.0,143.67816091954026,0.0,12,12,0,0,12,11,8414,0,0,0,0,1
2020-06-24,US,Missouri,Henry,17,3,0,38.38482826,-93.79293734,29083.0,77.89589442815249,17.647058823529417,14,17,3,0,14,17,21792,0,0,0,0,0
2020-06-24,US,Missouri,Holt,1,0,0,40.09799248,-95.2163888,29087.0,22.71178741766977,0.0,1,1,0,0,1,1,4404,0,0,0,0,0
2020-06-24,US,Missouri,Howard,5,0,0,39.1435761,-92.69756691,29089.0,49.99500049995,0.0,5,5,0,0,5,5,10137,0,0,0,0,0
2020-06-24,US,Missouri,Howell,34,0,0,36.77383887,-91.88683935,29091.0,84.7521001071865,0.0,34,30,0,0,30,30,40076,4,0,0,4,0
2020-06-24,US,Missouri,Iron,2,0,0,37.55487945,-90.7735296,29093.0,19.753086419753085,0.0,2,2,0,0,2,2,10177,0,0,0,0,0
2020-06-24,US,Missouri,Jackson,1076,23,0,39.01002188,-94.34724536,29095.0,153.05592657867373,2.137546468401487,1053,1054,23,0,1031,1030,700307,22,0,0,22,24
2020-06-24,US,Missouri,Jasper,334,0,0,37.20351921,-94.34050458,29097.0,275.2868257945404,0.0,334,324,0,0,324,269,120636,10,0,0,10,55
2020-06-24,US,Missouri,Jefferson,428,19,0,38.25926778,-90.53870896,29099.0,190.1537668661504,4.439252336448599,409,407,19,0,388,401,224347,21,0,0,21,6
2020-06-24,US,Missouri,Johnson,91,0,0,38.74719601,-93.80691168,29101.0,168.32525618734047,0.0,91,91,0,0,91,89,53652,0,0,0,0,2
2020-06-24,US,Missouri,Kansas City,2057,31,0,39.0997,-94.5786,0.0,420.7034357788127,1.5070491006319884,2026,2014,31,0,1983,1945,491918,43,0,0,43,69
2020-06-24,US,Missouri,Knox,2,0,0,40.12699751,-92.14780832,29103.0,50.51780752715332,0.0,2,2,0,0,2,2,3947,0,0,0,0,0
2020-06-24,US,Missouri,Laclede,20,0,0,37.65896829,-92.5888493,29105.0,55.986339333202714,0.0,20,19,0,0,19,20,35713,1,0,0,1,-1
2020-06-24,US,Missouri,Lafayette,86,2,0,39.06986886,-93.78076396,29107.0,262.93261587379243,2.3255813953488373,84,86,2,0,84,86,32598,0,0,0,0,0
2020-06-24,US,Missouri,Lawrence,20,0,0,37.10626634,-93.83293097,29109.0,52.14444009907444,0.0,20,19,0,0,19,13,38359,1,0,0,1,6
2020-06-24,US,Missouri,Lewis,7,1,0,40.09673161,-91.72070156,29111.0,71.6039279869067,14.285714285714285,6,7,1,0,6,7,9855,0,0,0,0,0
2020-06-24,US,Missouri,Lincoln,95,1,0,39.05345619,-90.95588181,29113.0,160.98147865724502,1.0526315789473684,94,94,1,0,93,92,57686,1,0,0,1,2
2020-06-24,US,Missouri,Linn,14,1,0,39.87001769,-93.10704106,29115.0,117.4496644295302,7.142857142857142,13,14,1,0,13,13,12037,0,0,0,0,1
2020-06-24,US,Missouri,Livingston,10,0,0,39.78110272,-93.54645978,29117.0,65.67281802062126,0.0,10,7,0,0,7,7,15146,3,0,0,3,0
2020-06-24,US,Missouri,Macon,7,0,0,39.83049768,-92.56453089,29121.0,46.30548389230668,0.0,7,7,0,0,7,7,15153,0,0,0,0,0
2020-06-24,US,Missouri,Madison,3,0,0,37.47865134,-90.3467143,29123.0,24.81800132362674,0.0,3,3,0,0,3,3,12188,0,0,0,0,0
2020-06-24,US,Missouri,Maries,4,0,0,38.16193985,-91.92249662,29125.0,45.992871104978725,0.0,4,4,0,0,4,3,8769,0,0,0,0,1
2020-06-24,US,Missouri,Marion,13,0,0,39.80601912,-91.62203062,29127.0,45.56607080266386,0.0,13,13,0,0,13,11,28592,0,0,0,0,2
2020-06-24,US,Missouri,McDonald,422,1,0,36.62869595,-94.34867205,29119.0,1847.878442877786,0.23696682464454974,421,403,0,0,403,371,23078,19,1,0,18,32
2020-06-24,US,Missouri,Mercer,5,0,0,40.42212303,-93.5682959,29129.0,138.23610727121923,0.0,5,5,0,0,5,5,3641,0,0,0,0,0
2020-06-24,US,Missouri,Miller,11,0,0,38.21450288,-92.42610898,29131.0,42.93688278231001,0.0,11,11,0,0,11,11,25336,0,0,0,0,0
2020-06-24,US,Missouri,Mississippi,80,0,0,36.82516239,-89.29505753,29133.0,606.9802731411229,0.0,80,80,0,0,80,79,13336,0,0,0,0,1
2020-06-24,US,Missouri,Moniteau,49,1,0,38.63571781,-92.57976951,29135.0,303.74411108356065,2.0408163265306123,48,49,1,0,48,49,16121,0,0,0,0,0
2020-06-24,US,Missouri,Monroe,5,0,0,39.49593978,-92.00043978,29137.0,57.84359093012494,0.0,5,5,0,0,5,5,8664,0,0,0,0,0
2020-06-24,US,Missouri,Montgomery,15,0,0,38.94022054,-91.47000721,29139.0,129.85888667647822,0.0,15,15,0,0,15,13,11534,0,0,0,0,2
2020-06-24,US,Missouri,Morgan,13,0,0,38.4181765,-92.88791859,29141.0,63.024191593542454,0.0,13,11,0,0,11,12,20358,2,0,0,2,-1
2020-06-24,US,Missouri,New Madrid,36,1,0,36.59666326,-89.66070007,29143.0,210.8222066057625,2.7777777777777777,35,36,1,0,35,34,17296,0,0,0,0,2
2020-06-24,US,Missouri,Newton,301,2,0,36.90519407,-94.3394104,29145.0,516.8624218696339,0.6644518272425249,299,284,2,0,282,268,58266,17,0,0,17,16
2020-06-24,US,Missouri,Nodaway,17,0,0,40.36079813,-94.88133008,29147.0,76.95093246424045,0.0,17,18,0,0,18,17,22304,-1,0,0,-1,1
2020-06-24,US,Missouri,Oregon,6,0,0,36.68710164,-91.4033755,29149.0,56.9854687054801,0.0,6,6,0,0,6,6,10541,0,0,0,0,0
2020-06-24,US,Missouri,Osage,6,0,0,38.46036182,-91.8613635,29151.0,44.06904149834741,0.0,6,6,0,0,6,5,13714,0,0,0,0,1
2020-06-24,US,Missouri,Ozark,1,0,0,36.64916339,-92.44459066,29153.0,10.90037061260083,0.0,1,1,0,0,1,1,9017,0,0,0,0,0
2020-06-24,US,Missouri,Pemiscot,108,6,0,36.2130572,-89.78742322,29155.0,683.3280607402721,5.5555555555555545,102,106,6,0,100,106,16272,2,0,0,2,0
2020-06-24,US,Missouri,Perry,111,0,0,37.70660776,-89.82741088,29157.0,580.0585284280936,0.0,111,111,0,0,111,104,19150,0,0,0,0,7
2020-06-24,US,Missouri,Pettis,102,1,0,38.72798918,-93.28471706,29159.0,240.91263374194008,0.9803921568627452,101,102,1,0,101,100,42542,0,0,0,0,2
2020-06-24,US,Missouri,Phelps,12,0,0,37.87736118,-91.79351727,29161.0,26.922127745496148,0.0,12,8,0,0,8,7,44732,4,0,0,4,1
2020-06-24,US,Missouri,Pike,34,1,0,39.34310674,-91.16980779,29163.0,185.77204677084472,2.9411764705882355,33,34,1,0,33,34,18504,0,0,0,0,0
2020-06-24,US,Missouri,Platte,107,4,0,39.38154439,-94.77068479,29165.0,102.47275373977665,3.7383177570093458,103,105,4,0,101,102,102985,2,0,0,2,3
2020-06-24,US,Missouri,Polk,11,0,0,37.6162296,-93.39828174,29167.0,34.21568322498367,0.0,11,12,0,0,12,10,32201,-1,0,0,-1,2
2020-06-24,US,Missouri,Pulaski,115,1,0,37.82462075,-92.20783203,29169.0,218.6020871747106,0.8695652173913043,114,106,1,0,105,106,52014,9,0,0,9,0
2020-06-24,US,Missouri,Putnam,2,0,0,40.47942497,-93.02042674,29171.0,42.58943781942078,0.0,2,2,0,0,2,2,4757,0,0,0,0,0
2020-06-24,US,Missouri,Ralls,9,0,0,39.52817427,-91.51838643,29173.0,87.30235716364342,0.0,9,7,0,0,7,6,10212,2,0,0,2,1
2020-06-24,US,Missouri,Randolph,12,0,0,39.44007257,-92.4971374,29175.0,48.48876676903184,0.0,12,12,0,0,12,12,24763,0,0,0,0,0
2020-06-24,US,Missouri,Ray,25,0,0,39.3537468,-93.98905745,29177.0,108.61065253280044,0.0,25,25,0,0,25,25,22883,0,0,0,0,0
2020-06-24,US,Missouri,Reynolds,2,0,0,37.36085952,-90.97009925,29179.0,31.89792663476873,0.0,2,2,0,0,2,2,6254,0,0,0,0,0
2020-06-24,US,Missouri,Ripley,16,0,0,36.65460667,-90.85990261,29181.0,120.40939193257074,0.0,16,14,0,0,14,14,13401,2,0,0,2,0
2020-06-24,US,Missouri,Saline,278,4,0,39.13734288,-93.20259964,29195.0,1221.3874610078644,1.4388489208633093,274,278,4,0,274,278,22895,0,0,0,0,0
2020-06-24,US,Missouri,Schuyler,4,0,0,40.46921489,-92.52311943,29197.0,85.83690987124461,0.0,4,4,0,0,4,4,4599,0,0,0,0,0
2020-06-24,US,Missouri,Scotland,8,1,0,40.45214695,-92.14709064,29199.0,163.19869441044472,12.5,7,8,1,0,7,8,4966,0,0,0,0,0
2020-06-24,US,Missouri,Scott,159,11,0,37.05588075,-89.56474493,29201.0,415.3605015673982,6.918238993710692,148,159,11,0,148,160,38458,0,0,0,0,-1
2020-06-24,US,Missouri,Shannon,6,0,0,37.15772072,-91.40190382,29203.0,73.47538574577517,0.0,6,6,0,0,6,6,8189,0,0,0,0,0
2020-06-24,US,Missouri,Shelby,3,0,0,39.79742518,-92.07634971,29205.0,50.590219224283295,0.0,3,2,0,0,2,2,6050,1,0,0,1,0
2020-06-24,US,Missouri,St. Charles,974,73,0,38.77875681,-90.66662425,29183.0,242.2752983667561,7.494866529774129,901,968,69,0,899,957,399182,6,4,0,2,11
2020-06-24,US,Missouri,St. Clair,2,0,0,38.03699437,-93.77631447,29185.0,21.283388315419813,0.0,2,2,0,0,2,2,9395,0,0,0,0,0
2020-06-24,US,Missouri,St. Francois,97,2,0,37.81214171,-90.47598685,29187.0,144.3130253663617,2.061855670103093,95,84,2,0,82,68,66692,13,0,0,13,16
2020-06-24,US,Missouri,St. Louis,6004,558,0,38.63770039999999,-90.4458375,29189.0,603.8995981714032,9.293804130579613,5446,5941,555,0,5386,5878,996945,63,3,0,60,63
2020-06-24,US,Missouri,St. Louis City,2142,154,0,38.63555736,-90.24349225,29510.0,712.6317470456723,7.189542483660131,1988,2319,154,0,2165,2319,302838,-177,0,0,-177,0
2020-06-24,US,Missouri,Ste. Genevieve,16,1,0,37.89090059,-90.1949941,29186.0,89.41544651838603,6.25,15,16,1,0,15,16,17888,0,0,0,0,0
2020-06-24,US,Missouri,Stoddard,129,8,0,36.85571651,-89.9444155,29207.0,444.4444444444445,6.2015503875969005,121,129,8,0,121,127,29206,0,0,0,0,2
2020-06-24,US,Missouri,Stone,11,0,0,36.75000327,-93.45256475,29209.0,34.42663995993991,0.0,11,11,0,0,11,10,31749,0,0,0,0,1
2020-06-24,US,Missouri,Sullivan,102,0,0,40.2099105,-93.11150106,29211.0,1675.1519132862534,0.0,102,103,0,0,103,102,6221,-1,0,0,-1,1
2020-06-24,US,Missouri,Taney,35,2,0,36.65465345,-93.04075153,29213.0,62.58046059218996,5.7142857142857135,33,34,2,0,32,32,55852,1,0,0,1,2
2020-06-24,US,Missouri,Texas,5,0,0,37.31728859,-91.96564727,29215.0,19.686589495235847,0.0,5,2,0,0,2,2,25571,3,0,0,3,0
2020-06-24,US,Missouri,Vernon,13,0,0,37.8457799,-94.34127305,29217.0,63.22034722559938,0.0,13,13,0,0,13,13,20528,0,0,0,0,0
2020-06-24,US,Missouri,Warren,34,0,0,38.76529479,-91.16124662,29219.0,95.37434430138292,0.0,34,34,0,0,34,33,34711,0,0,0,0,1
2020-06-24,US,Missouri,Washington,17,1,0,37.96130078,-90.87948158,29221.0,68.74241811564902,5.882352941176472,16,15,1,0,14,14,24943,2,0,0,2,1
2020-06-24,US,Missouri,Wayne,3,0,0,37.11303869,-90.46001416,29223.0,23.30459100442788,0.0,3,3,0,0,3,1,13122,0,0,0,0,2
2020-06-24,US,Missouri,Webster,23,1,0,37.2813734,-92.876329,29225.0,58.09254394827238,4.3478260869565215,22,22,1,0,21,21,39109,1,0,0,1,1
2020-06-24,US,Missouri,Worth,4,0,0,40.47945588,-94.42328751,29227.0,198.7083954297069,0.0,4,4,0,0,4,4,2040,0,0,0,0,0
2020-06-24,US,Missouri,Wright,14,0,0,37.27029221,-92.46914488,29229.0,76.54874514735633,0.0,14,14,0,0,14,14,18378,0,0,0,0,0
2020-06-24,US,Montana,Beaverhead,1,0,0,45.13434354,-112.89846940000001,30001.0,10.578652279699568,0.0,1,1,0,0,1,1,9404,0,0,0,0,0
2020-06-24,US,Montana,Big Horn,68,3,0,45.42335905,-107.492347,30003.0,510.54884000300325,4.411764705882354,65,66,3,0,63,63,13338,2,0,0,2,3
2020-06-24,US,Montana,Broadwater,5,0,0,46.33277565,-111.49558130000001,30007.0,80.1667468334135,0.0,5,5,0,0,5,5,6085,0,0,0,0,0
2020-06-24,US,Montana,Carbon,15,0,0,45.22850116,-109.0274047,30009.0,139.86013986013987,0.0,15,15,0,0,15,15,10714,0,0,0,0,0
2020-06-24,US,Montana,Cascade,26,2,0,47.30797024,-111.3467922,30013.0,31.95437897893469,7.6923076923076925,24,25,2,0,23,22,81643,1,0,0,1,3
2020-06-24,US,Montana,Custer,23,0,0,46.25319932,-105.57375259999998,30017.0,201.71899666725136,0.0,23,22,0,0,22,22,11586,1,0,0,1,0
2020-06-24,US,Montana,Dawson,3,0,0,47.26584855,-104.89444170000002,30021.0,34.83106931382793,0.0,3,2,0,0,2,1,8680,1,0,0,1,1
2020-06-24,US,Montana,Deer Lodge,3,0,0,46.05953325,-113.073353,30023.0,32.822757111597376,0.0,3,3,0,0,3,3,9131,0,0,0,0,0
2020-06-24,US,Montana,Fergus,2,0,0,47.26331584,-109.2245206,30027.0,18.099547511312217,0.0,2,2,0,0,2,2,11113,0,0,0,0,0
2020-06-24,US,Montana,Flathead,49,2,0,48.29575866,-114.05205690000001,30029.0,47.20343718089513,4.081632653061225,47,48,2,0,46,48,102106,1,0,0,1,0
2020-06-24,US,Montana,Gallatin,216,1,0,45.54486106,-111.1692571,30031.0,188.7550902703741,0.462962962962963,215,213,1,0,212,213,111876,3,0,0,3,0
2020-06-24,US,Montana,Glacier,7,0,0,48.70513576,-112.9934235,30035.0,50.89798589398677,0.0,7,7,0,0,7,7,13747,0,0,0,0,0
2020-06-24,US,Montana,Golden Valley,3,0,0,46.3816474,-109.17685220000001,30037.0,365.4080389768576,0.0,3,3,0,0,3,3,826,0,0,0,0,0
2020-06-24,US,Montana,Hill,1,0,0,48.62879827,-110.1129252,30041.0,6.066488716330987,0.0,1,1,0,0,1,1,16347,0,0,0,0,0
2020-06-24,US,Montana,Jefferson,3,0,0,46.14907081,-112.094396,30043.0,24.547909336388184,0.0,3,3,0,0,3,3,12097,0,0,0,0,0
2020-06-24,US,Montana,Lake,12,0,0,47.64514965,-114.0898013,30047.0,39.39851598923107,0.0,12,12,0,0,12,12,30250,0,0,0,0,0
2020-06-24,US,Montana,Lewis and Clark,24,0,0,47.12610041,-112.39469799999999,30049.0,34.56619426201176,0.0,24,24,0,0,24,23,68700,0,0,0,0,1
2020-06-24,US,Montana,Liberty,1,0,0,48.56084317,-111.02430700000001,30051.0,42.78990158322636,0.0,1,1,0,0,1,1,2430,0,0,0,0,0
2020-06-24,US,Montana,Lincoln,7,1,0,48.54265777,-115.4046155,30053.0,35.03503503503504,14.285714285714285,6,7,1,0,6,7,19794,0,0,0,0,0
2020-06-24,US,Montana,Madison,8,1,0,45.30080065,-111.9173017,30057.0,93.02325581395347,12.5,7,8,1,0,7,8,8768,0,0,0,0,0
2020-06-24,US,Montana,Meagher,1,0,0,46.59907074,-110.8898557,30059.0,53.705692803437174,0.0,1,1,0,0,1,1,1866,0,0,0,0,0
2020-06-24,US,Montana,Missoula,54,1,0,47.03728583,-113.92135079999998,30063.0,45.1505016722408,1.851851851851852,53,49,1,0,48,49,118791,5,0,0,5,0
2020-06-24,US,Montana,Musselshell,1,0,0,46.49684637,-108.39498,30065.0,21.58428663932657,0.0,1,1,0,0,1,1,4651,0,0,0,0,0
2020-06-24,US,Montana,Park,9,0,0,45.48965095,-110.52643940000002,30067.0,54.197278092255814,0.0,9,9,0,0,9,9,16736,0,0,0,0,0
2020-06-24,US,Montana,Pondera,2,0,0,48.22773388,-112.22527029999999,30073.0,33.83522246658772,0.0,2,2,0,0,2,2,5972,0,0,0,0,0
2020-06-24,US,Montana,Ravalli,17,0,0,46.08520862,-114.11891640000002,30081.0,38.80746929644341,0.0,17,17,0,0,17,17,43172,0,0,0,0,0
2020-06-24,US,Montana,Richland,9,0,0,47.78668011,-104.5610786,30083.0,83.31019161344071,0.0,9,8,0,0,8,8,10913,1,0,0,1,0
2020-06-24,US,Montana,Roosevelt,7,0,0,48.29607488,-105.00792679999999,30085.0,63.613231552162844,0.0,7,7,0,0,7,7,11059,0,0,0,0,0
2020-06-24,US,Montana,Rosebud,10,0,0,46.23397237,-106.72928799999998,30087.0,111.89437171310284,0.0,10,7,0,0,7,7,9063,3,0,0,3,0
2020-06-24,US,Montana,Silver Bow,11,0,0,45.90018933,-112.6620092,30093.0,31.50508377488185,0.0,11,11,0,0,11,11,34993,0,0,0,0,0
2020-06-24,US,Montana,Stillwater,4,0,0,45.67071407,-109.3950061,30095.0,41.48516905206389,0.0,4,4,0,0,4,4,9534,0,0,0,0,0
2020-06-24,US,Montana,Toole,31,6,0,48.65577551,-111.69424140000001,30101.0,654.5608108108107,19.354838709677423,25,31,6,0,25,31,4853,0,0,0,0,0
2020-06-24,US,Montana,Unassigned,2,0,0,0.0,0.0,90030.0,0.0,0.0,2,,,,,,,,,,,
2020-06-24,US,Montana,Valley,1,0,0,48.36435097,-106.6669635,30105.0,13.520822065981612,0.0,1,1,0,0,1,1,7437,0,0,0,0,0
2020-06-24,US,Montana,Wheatland,1,0,0,46.46652491,-109.84646359999999,30107.0,47.036688617121364,0.0,1,1,0,0,1,1,2236,0,0,0,0,0
2020-06-24,US,Montana,Yellowstone,129,4,0,45.93955949,-108.26914860000001,30111.0,79.97520148791072,3.1007751937984502,125,126,4,0,122,125,160137,3,0,0,3,1
2020-06-24,US,Nebraska,Adams,283,11,0,40.52449420000001,-98.50117804,31001.0,902.3371488696872,3.886925795053004,272,282,11,0,271,282,31511,1,0,0,1,0
2020-06-24,US,Nebraska,Antelope,9,1,0,42.17695516,-98.06662829999999,31003.0,142.9025087329311,11.111111111111109,8,8,0,0,8,8,6336,1,1,0,0,0
2020-06-24,US,Nebraska,Banner,1,0,0,41.54634427,-103.7114332,31007.0,134.2281879194631,0.0,1,1,0,0,1,1,730,0,0,0,0,0
2020-06-24,US,Nebraska,Boone,7,0,0,41.70759415,-98.06737183,31011.0,134.82280431432974,0.0,7,7,0,0,7,7,5239,0,0,0,0,0
2020-06-24,US,Nebraska,Box Butte,3,0,0,42.22079243,-103.08788340000001,31013.0,27.82157099137532,0.0,3,3,0,0,3,3,10772,0,0,0,0,0
2020-06-24,US,Nebraska,Boyd,1,0,0,42.899727399999996,-98.76486568,31015.0,52.110474205315285,0.0,1,1,0,0,1,1,1955,0,0,0,0,0
2020-06-24,US,Nebraska,Buffalo,181,1,0,40.85486962,-99.07500296,31019.0,364.4857931090034,0.5524861878453039,180,181,1,0,180,180,49615,0,0,0,0,1
2020-06-24,US,Nebraska,Burt,11,0,0,41.85056773,-96.32605633,31021.0,170.3050007741136,0.0,11,11,0,0,11,11,6488,0,0,0,0,0
2020-06-24,US,Nebraska,Butler,51,0,0,41.22703692,-97.13106306,31023.0,636.2275449101796,0.0,51,51,0,0,51,51,8058,0,0,0,0,0
2020-06-24,US,Nebraska,Cass,62,0,0,40.90899107,-96.13971217,31025.0,236.20847302651632,0.0,62,61,0,0,61,61,26159,1,0,0,1,0
2020-06-24,US,Nebraska,Cedar,11,0,0,42.598885100000004,-97.25311951,31027.0,130.9212092358962,0.0,11,11,0,0,11,10,8446,0,0,0,0,1
2020-06-24,US,Nebraska,Chase,1,0,0,40.523719799999995,-101.69780259999999,31029.0,25.4841997961264,0.0,1,1,0,0,1,1,3977,0,0,0,0,0
2020-06-24,US,Nebraska,Cherry,1,0,0,42.54502621,-101.1244332,31031.0,17.577781683951486,0.0,1,1,0,0,1,1,5761,0,0,0,0,0
2020-06-24,US,Nebraska,Cheyenne,18,0,0,41.21999357,-102.9941693,31033.0,202.020202020202,0.0,18,18,0,0,18,14,9310,0,0,0,0,4
2020-06-24,US,Nebraska,Clay,27,0,0,40.52439441,-98.05126296,31035.0,435.2732548766726,0.0,27,27,0,0,27,27,6214,0,0,0,0,0
2020-06-24,US,Nebraska,Colfax,663,4,0,41.57486951,-97.0868542,31037.0,6191.054253431693,0.6033182503770739,659,661,4,0,657,661,10881,2,0,0,2,0
2020-06-24,US,Nebraska,Cuming,34,0,0,41.91637624,-96.78730772,31039.0,384.35451051322633,0.0,34,34,0,0,34,34,8940,0,0,0,0,0
2020-06-24,US,Nebraska,Custer,41,4,0,41.39374521,-99.72805369,31041.0,380.4398255544215,9.75609756097561,37,34,4,0,30,34,10840,7,0,0,7,0
2020-06-24,US,Nebraska,Dakota,1745,30,0,42.39040144,-96.56656425,31043.0,8713.672226106062,1.7191977077363896,1715,1744,30,0,1714,1741,20083,1,0,0,1,3
2020-06-24,US,Nebraska,Dawes,2,0,0,42.71985036,-103.1313774,31045.0,23.285597857725,0.0,2,2,0,0,2,2,8716,0,0,0,0,0
2020-06-24,US,Nebraska,Dawson,854,8,0,40.87028216,-99.82014609999999,31047.0,3619.4108921381653,0.936768149882904,846,851,8,0,843,850,23709,3,0,0,3,1
2020-06-24,US,Nebraska,Dixon,43,1,0,42.49188363,-96.86782408,31051.0,762.9524485450675,2.3255813953488373,42,44,1,0,43,44,5709,-1,0,0,-1,0
2020-06-24,US,Nebraska,Dodge,664,8,0,41.58071748,-96.65598179,31053.0,1815.9442089429785,1.2048192771084338,656,660,8,0,652,655,36791,4,0,0,4,5
2020-06-24,US,Nebraska,Douglas,6524,83,0,41.29518299,-96.15085305,31055.0,1141.9029732534955,1.2722256284488045,6441,6461,83,0,6378,6386,566880,63,0,0,63,75
2020-06-24,US,Nebraska,Fillmore,13,1,0,40.52458567,-97.59646937,31059.0,238.00805565726841,7.6923076923076925,12,13,1,0,12,13,5527,0,0,0,0,0
2020-06-24,US,Nebraska,Franklin,6,0,0,40.17636348,-98.95299073,31061.0,201.40986908358508,0.0,6,6,0,0,6,6,3023,0,0,0,0,0
2020-06-24,US,Nebraska,Frontier,1,0,0,40.52993007,-100.3924658,31063.0,38.06623524933384,0.0,1,1,0,0,1,1,2608,0,0,0,0,0
2020-06-24,US,Nebraska,Furnas,10,1,0,40.17642064,-99.91247454,31065.0,213.85799828913602,10.0,9,9,1,0,8,9,4715,1,0,0,1,0
2020-06-24,US,Nebraska,Gage,47,4,0,40.26186809,-96.68946704,31067.0,218.47255148050016,8.51063829787234,43,47,4,0,43,47,21493,0,0,0,0,0
2020-06-24,US,Nebraska,Garden,4,0,0,41.61703149,-102.3313973,31069.0,217.74632553075668,0.0,4,4,0,0,4,4,1897,0,0,0,0,0
2020-06-24,US,Nebraska,Garfield,1,0,0,41.91428955,-98.99111827,31071.0,50.787201625190455,0.0,1,1,0,0,1,1,1987,0,0,0,0,0
2020-06-24,US,Nebraska,Gosper,13,0,0,40.51481965,-99.83020279,31073.0,653.2663316582915,0.0,13,13,0,0,13,13,1996,0,0,0,0,0
2020-06-24,US,Nebraska,Greeley,3,0,0,41.56742671,-98.52150266,31077.0,127.33446519524618,0.0,3,3,0,0,3,3,2356,0,0,0,0,0
2020-06-24,US,Nebraska,Hall,1577,46,0,40.87257079,-98.50218293,31079.0,2570.371456978469,2.9169308814204187,1531,1574,46,0,1528,1574,61607,3,0,0,3,0
2020-06-24,US,Nebraska,Hamilton,59,11,0,40.87349452,-98.02099117,31081.0,632.7756327756327,18.644067796610173,48,58,11,0,47,58,9280,1,0,0,1,0
2020-06-24,US,Nebraska,Harlan,1,0,0,40.17658508,-99.40438879,31083.0,29.58579881656805,0.0,1,1,0,0,1,,3401,0,0,0,0,
2020-06-24,US,Nebraska,Hitchcock,1,0,0,40.17609175,-101.04164770000001,31087.0,36.205648081100655,0.0,1,1,0,0,1,1,2806,0,0,0,0,0
2020-06-24,US,Nebraska,Holt,3,0,0,42.45522056,-98.78402558,31089.0,29.800337737161023,0.0,3,3,0,0,3,2,10178,0,0,0,0,1
2020-06-24,US,Nebraska,Howard,46,4,0,41.2200529,-98.5166499,31093.0,713.7315748642359,8.695652173913043,42,45,4,0,41,45,6468,1,0,0,1,0
2020-06-24,US,Nebraska,Jefferson,9,0,0,40.17584531,-97.142601,31095.0,127.73204655123476,0.0,9,9,0,0,9,9,7097,0,0,0,0,0
2020-06-24,US,Nebraska,Johnson,6,0,0,40.39257596,-96.26522753,31097.0,118.3198580161704,0.0,6,6,0,0,6,6,5134,0,0,0,0,0
2020-06-24,US,Nebraska,Kearney,13,0,0,40.50663314,-98.94877182,31099.0,200.1539645881448,0.0,13,13,0,0,13,13,6544,0,0,0,0,0
2020-06-24,US,Nebraska,Keith,2,0,0,41.19930341,-101.66201640000001,31101.0,24.894199651481205,0.0,2,2,0,0,2,2,8021,0,0,0,0,0
2020-06-24,US,Nebraska,Kimball,8,0,0,41.19774275,-103.7148131,31105.0,220.26431718061679,0.0,8,8,0,0,8,8,3618,0,0,0,0,0
2020-06-24,US,Nebraska,Knox,17,0,0,42.63758421,-97.89178836,31107.0,204.0326452232357,0.0,17,17,0,0,17,16,8419,0,0,0,0,1
2020-06-24,US,Nebraska,Lancaster,1649,10,0,40.78416049,-96.68777155,31109.0,516.7820990942994,0.6064281382656155,1639,1634,10,0,1624,1617,317272,15,0,0,15,17
2020-06-24,US,Nebraska,Lincoln,54,2,0,41.04658298,-100.74753740000001,31111.0,154.66575012888813,3.703703703703704,52,54,2,0,52,54,35185,0,0,0,0,0
2020-06-24,US,Nebraska,Loup,1,0,0,41.91371961,-99.45440415,31115.0,150.60240963855418,0.0,1,,,,,,618,,,,,
2020-06-24,US,Nebraska,Madison,355,4,0,41.91676024,-97.6005481,31119.0,1011.4248269181461,1.1267605633802815,351,350,4,0,346,350,35392,5,0,0,5,0
2020-06-24,US,Nebraska,Merrick,38,0,0,41.16624273,-98.0374887,31121.0,490.006447453256,0.0,38,38,0,0,38,37,7733,0,0,0,0,1
2020-06-24,US,Nebraska,Morrill,14,0,0,41.71711774,-103.0061405,31123.0,301.5941404566997,0.0,14,14,0,0,14,14,4686,0,0,0,0,0
2020-06-24,US,Nebraska,Nance,4,0,0,41.39750195,-97.99327291,31125.0,113.66865586814436,0.0,4,4,0,0,4,4,3532,0,0,0,0,0
2020-06-24,US,Nebraska,Nemaha,5,0,0,40.38514847,-95.85433992,31127.0,71.7154331612163,0.0,5,5,0,0,5,5,6958,0,0,0,0,0
2020-06-24,US,Nebraska,Nuckolls,1,0,0,40.17637905,-98.04743961,31129.0,24.108003857280607,0.0,1,1,0,0,1,1,4195,0,0,0,0,0
2020-06-24,US,Nebraska,Otoe,15,0,0,40.64843556,-96.13374142,31131.0,93.67974019485386,0.0,15,15,0,0,15,15,15985,0,0,0,0,0
2020-06-24,US,Nebraska,Phelps,23,0,0,40.51156033,-99.41461667,31137.0,254.5937569183086,0.0,23,22,0,0,22,21,8996,1,0,0,1,1
2020-06-24,US,Nebraska,Pierce,7,0,0,42.26434853,-97.60122773,31139.0,97.929490766648,0.0,7,6,0,0,6,6,7142,1,0,0,1,0
2020-06-24,US,Nebraska,Platte,651,3,0,41.57246836,-97.52144359,31141.0,1945.0253958769047,0.4608294930875576,648,652,3,0,649,652,33363,-1,0,0,-1,0
2020-06-24,US,Nebraska,Polk,12,0,0,41.18813488,-97.56630712,31143.0,230.19374640322275,0.0,12,12,0,0,12,12,5278,0,0,0,0,0
2020-06-24,US,Nebraska,Red Willow,6,0,0,40.17556879999999,-100.476998,31145.0,55.949272659455424,0.0,6,6,0,0,6,6,10726,0,0,0,0,0
2020-06-24,US,Nebraska,Richardson,5,1,0,40.1247415,-95.71755036,31147.0,63.57279084551812,20.0,4,5,1,0,4,5,7937,0,0,0,0,0
2020-06-24,US,Nebraska,Rock,1,0,0,42.42252217,-99.44832069,31149.0,73.69196757553426,0.0,1,,,,,,1360,,,,,
2020-06-24,US,Nebraska,Saline,530,2,0,40.52418865,-97.14085859,31151.0,3726.096737907761,0.37735849056603776,528,530,2,0,528,530,14350,0,0,0,0,0
2020-06-24,US,Nebraska,Sarpy,1060,8,0,41.11314181,-96.11156432,31153.0,566.2514156285391,0.7547169811320755,1052,1049,8,0,1041,1038,184459,11,0,0,11,11
2020-06-24,US,Nebraska,Saunders,66,2,0,41.227810299999994,-96.63773905,31155.0,305.86708684771526,3.0303030303030303,64,65,2,0,63,63,21303,1,0,0,1,2
2020-06-24,US,Nebraska,Scotts Bluff,202,3,0,41.85070896,-103.70809859999999,31157.0,567.1289797293504,1.4851485148514851,199,199,3,0,196,193,35989,3,0,0,3,6
2020-06-24,US,Nebraska,Seward,32,1,0,40.87241834,-97.139673,31159.0,185.1423281647767,3.125,31,32,1,0,31,32,17318,0,0,0,0,0
2020-06-24,US,Nebraska,Sherman,5,0,0,41.22045983,-98.97588642,31163.0,166.61112962345885,0.0,5,5,0,0,5,5,3038,0,0,0,0,0
2020-06-24,US,Nebraska,Sioux,3,0,0,42.48932059,-103.7576544,31165.0,257.2898799313893,0.0,3,3,0,0,3,1,1187,0,0,0,0,2
2020-06-24,US,Nebraska,Stanton,21,0,0,41.9169835,-97.19394708,31167.0,354.72972972972974,0.0,21,21,0,0,21,21,5970,0,0,0,0,0
2020-06-24,US,Nebraska,Thayer,1,0,0,40.17626377,-97.59504381,31169.0,19.98800719568259,0.0,1,1,0,0,1,1,5039,0,0,0,0,0
2020-06-24,US,Nebraska,Thomas,1,0,0,41.91358968,-100.5556632,31171.0,138.50415512465375,0.0,1,1,0,0,1,1,720,0,0,0,0,0
2020-06-24,US,Nebraska,Thurston,73,1,0,42.15725356,-96.54157099,31173.0,1010.5204872646733,1.3698630136986298,72,73,1,0,72,72,7303,0,0,0,0,1
2020-06-24,US,Nebraska,Unassigned,183,1,0,0.0,0.0,90031.0,0.0,0.5464480874316939,182,187,1,0,186,187,,-4,0,0,-4,0
2020-06-24,US,Nebraska,Valley,7,0,0,41.56730777,-98.98197724,31175.0,168.3501683501684,0.0,7,7,0,0,7,7,4190,0,0,0,0,0
2020-06-24,US,Nebraska,Washington,45,1,0,41.52815707,-96.22019892,31177.0,217.0871725601814,2.2222222222222223,44,45,1,0,44,45,20667,0,0,0,0,0
2020-06-24,US,Nebraska,Wayne,27,0,0,42.20934475,-97.11926964,31179.0,287.6931273308471,0.0,27,26,0,0,26,26,9403,1,0,0,1,0
2020-06-24,US,Nebraska,Webster,6,0,0,40.17642643,-98.50019851,31181.0,172.0676799541153,0.0,6,6,0,0,6,6,3533,0,0,0,0,0
2020-06-24,US,Nebraska,York,41,0,0,40.87272618,-97.59710186,31185.0,299.72951239125666,0.0,41,41,0,0,41,40,13772,0,0,0,0,1
2020-06-24,US,Nevada,Carson City,128,5,0,39.15509045,-119.7480219,32510.0,228.91480077258743,3.90625,123,128,5,0,123,128,55414,0,0,0,0,0
2020-06-24,US,Nevada,Churchill,10,1,0,39.58105744,-118.3394607,32001.0,40.14613192018949,10.0,9,10,1,0,9,10,24440,0,0,0,0,0
2020-06-24,US,Nevada,Clark,10774,400,0,36.21458855,-115.0130241,32003.0,475.3133940526268,3.7126415444588825,10374,10774,400,0,10374,10774,2231647,0,0,0,0,0
2020-06-24,US,Nevada,Douglas,52,0,0,38.912862,-119.61713329999999,32005.0,106.32859625805132,0.0,52,52,0,0,52,52,48467,0,0,0,0,0
2020-06-24,US,Nevada,Elko,60,1,0,41.14531606,-115.3577619,32007.0,113.68373185797114,1.6666666666666667,59,60,1,0,59,60,52460,0,0,0,0,0
2020-06-24,US,Nevada,Humboldt,79,4,0,41.40692186,-118.11094270000001,32013.0,469.3719921573288,5.063291139240507,75,79,4,0,75,79,16786,0,0,0,0,0
2020-06-24,US,Nevada,Lander,24,0,0,39.933223299999995,-117.03970749999999,32015.0,433.8394793926248,0.0,24,24,0,0,24,24,5575,0,0,0,0,0
2020-06-24,US,Nevada,Lincoln,2,0,0,37.64268459,-114.8790388,32017.0,38.58769052672198,0.0,2,2,0,0,2,2,5201,0,0,0,0,0
2020-06-24,US,Nevada,Lyon,99,2,0,39.01777974,-119.18704790000001,32019.0,172.1439749608764,2.0202020202020203,97,99,2,0,97,99,55808,0,0,0,0,0
2020-06-24,US,Nevada,Mineral,4,0,0,38.53841696,-118.4344506,32021.0,88.79023307436182,0.0,4,4,0,0,4,4,4514,0,0,0,0,0
2020-06-24,US,Nevada,Nye,78,3,0,38.04264256,-116.47227020000001,32023.0,167.65900737269737,3.8461538461538463,75,78,3,0,75,78,45346,0,0,0,0,0
2020-06-24,US,Nevada,Pershing,5,0,0,40.44003782,-118.40056409999998,32027.0,74.34944237918216,0.0,5,5,0,0,5,5,6666,0,0,0,0,0
2020-06-24,US,Nevada,Storey,1,0,0,39.44875482,-119.5250207,32029.0,24.254183846713556,0.0,1,1,0,0,1,1,4029,0,0,0,0,0
2020-06-24,US,Nevada,Washoe,2209,73,0,40.66562265,-119.6631594,32031.0,468.485893463466,3.3046627433227704,2136,2209,73,0,2136,2209,465735,0,0,0,0,0
2020-06-24,US,Nevada,White Pine,3,0,0,39.44157041,-114.89996599999999,32033.0,31.315240083507305,0.0,3,3,0,0,3,3,9475,0,0,0,0,0
2020-06-24,US,New Hampshire,Belknap,78,1,0,43.51637314,-71.41684235,33001.0,127.23683995889273,1.2820512820512822,77,78,1,0,77,78,61022,0,0,0,0,0
2020-06-24,US,New Hampshire,Carroll,52,0,0,43.87498583,-71.20430216,33003.0,106.31772643631159,0.0,52,52,0,0,52,52,48779,0,0,0,0,0
2020-06-24,US,New Hampshire,Cheshire,66,2,0,42.92015988,-72.25311043,33005.0,86.74508773082735,3.0303030303030303,64,64,2,0,62,64,76493,2,0,0,2,0
2020-06-24,US,New Hampshire,Coos,6,0,0,44.69063265,-71.30633239,33007.0,19.0095998479232,0.0,6,6,0,0,6,6,31589,0,0,0,0,0
2020-06-24,US,New Hampshire,Grafton,77,1,0,43.93779815,-71.82057197,33009.0,85.66406336915648,1.2987012987012987,76,76,1,0,75,76,89786,1,0,0,1,0
2020-06-24,US,New Hampshire,Hillsborough,3163,226,0,42.91537785,-71.7200253,33011.0,758.4677177627243,7.145115396775213,2937,3145,224,0,2921,3134,415247,18,2,0,16,11
2020-06-24,US,New Hampshire,Merrimack,400,18,0,43.29662971,-71.6811573,33013.0,264.21649899927996,4.5,382,398,18,0,380,397,151132,2,0,0,2,1
2020-06-24,US,New Hampshire,Rockingham,1443,85,0,42.98499744,-71.12883377,33015.0,465.83099018946365,5.8905058905058905,1358,1442,83,0,1359,1439,309176,1,2,0,-1,3
2020-06-24,US,New Hampshire,Strafford,286,13,0,43.291833000000004,-71.02336013,33017.0,218.9339600254147,4.545454545454546,273,285,13,0,272,285,130090,1,0,0,1,0
2020-06-24,US,New Hampshire,Sullivan,25,1,0,43.36094111,-72.22203125,33019.0,57.942798868956565,4.0,24,24,1,0,23,24,43144,1,0,0,1,0
2020-06-24,US,New Hampshire,Unassigned,2,0,0,0.0,0.0,90033.0,0.0,0.0,2,1,0,0,1,3,,1,0,0,1,-2
2020-06-24,US,New Jersey,Atlantic,2771,192,0,39.47538693,-74.65848483,34001.0,1050.9348807221147,6.928906531937928,2579,2750,190,0,2560,2722,265429,21,2,0,19,28
2020-06-24,US,New Jersey,Bergen,19097,1714,0,40.96010917,-74.07164325,34003.0,2048.5903269892146,8.975231711787194,17383,19069,1706,0,17363,19037,936692,28,8,0,20,32
2020-06-24,US,New Jersey,Burlington,5068,373,0,39.87681124,-74.66927768,34005.0,1137.9839182304215,7.359905288082084,4695,5056,372,0,4684,5046,445384,12,1,0,11,10
2020-06-24,US,New Jersey,Camden,7185,425,0,39.80343818,-74.96388753,34007.0,1418.639961616756,5.915100904662491,6760,7163,421,0,6742,7153,507078,22,4,0,18,10
2020-06-24,US,New Jersey,Cape May,697,63,0,39.15008829,-74.80170244,34009.0,757.2876715305467,9.038737446197992,634,694,63,0,631,692,92560,3,0,0,3,2
2020-06-24,US,New Jersey,Cumberland,2908,126,0,39.37199394,-75.10712559,34011.0,1944.7992670220087,4.332874828060523,2782,2894,126,0,2768,2876,150972,14,0,0,14,18
2020-06-24,US,New Jersey,Essex,18617,1764,0,40.78681335,-74.24657979,34013.0,2330.1104540192127,9.475210828812378,16853,18592,1765,0,16827,18578,799767,25,-1,0,26,14
2020-06-24,US,New Jersey,Gloucester,2497,172,0,39.71581067,-75.13995546,34015.0,856.2043094816827,6.888265919102922,2325,2489,172,0,2317,2471,291408,8,0,0,8,18
2020-06-24,US,New Jersey,Hudson,19333,1316,0,40.73766234,-74.07515667,34017.0,2875.261566558743,6.807013914033001,18017,19316,1308,0,18008,19316,676061,17,8,0,9,0
2020-06-24,US,New Jersey,Hunterdon,1064,67,0,40.56335249,-74.91284156,34019.0,855.5049006601217,6.296992481203008,997,1062,67,0,995,1060,124714,2,0,0,2,2
2020-06-24,US,New Jersey,Mercer,7572,535,0,40.28047017,-74.70479631,34021.0,2060.8006967313504,7.065504490227152,7037,7560,530,0,7030,7549,369811,12,5,0,7,11
2020-06-24,US,New Jersey,Middlesex,16640,1107,0,40.43629879,-74.41426991,34023.0,2016.8181300314402,6.652644230769232,15533,16640,1104,0,15536,16618,829685,0,3,0,-3,22
2020-06-24,US,New Jersey,Monmouth,9008,702,0,40.26549699,-74.22240686,34025.0,1455.7325123829376,7.7930728241563045,8306,8998,700,0,8298,8965,621354,10,2,0,8,33
2020-06-24,US,New Jersey,Morris,6724,644,0,40.86095313,-74.54553709999998,34027.0,1367.097357907471,9.57763236168947,6080,6727,642,0,6085,6718,494228,-3,2,0,-5,9
2020-06-24,US,New Jersey,Ocean,9486,866,0,39.8895449,-74.28089251,34029.0,1562.2889855826716,9.129243095087498,8620,9466,860,0,8606,9440,601651,20,6,0,14,26
2020-06-24,US,New Jersey,Passaic,16788,1025,0,41.03238628,-74.29954144,34031.0,3345.3826625164893,6.105551584465093,15763,16794,1019,0,15775,16772,503310,-6,6,0,-12,22
2020-06-24,US,New Jersey,Salem,750,67,0,39.58719656,-75.34696629999998,34033.0,1202.212070209185,8.933333333333334,683,752,67,0,685,752,62607,-2,0,0,-2,0
2020-06-24,US,New Jersey,Somerset,4819,444,0,40.56465737,-74.61683016,34035.0,1465.0355390443067,9.213529777962233,4375,4818,441,0,4377,4819,331164,1,3,0,-2,-1
2020-06-24,US,New Jersey,Sussex,1224,190,0,41.13891592,-74.69118243,34037.0,871.2487899322361,15.522875816993466,1034,1220,189,0,1031,1220,140799,4,1,0,3,0
2020-06-24,US,New Jersey,Unassigned,92,0,0,0.0,0.0,90034.0,0.0,0.0,92,112,0,0,112,53,,-20,0,0,-20,59
2020-06-24,US,New Jersey,Union,16330,1140,0,40.65835409,-74.30680092,34039.0,2935.2501433473353,6.981016533986528,15190,16341,1139,0,15202,16340,558067,-11,1,0,-12,1
2020-06-24,US,New Jersey,Warren,1222,144,0,40.85951833,-74.99556527,34041.0,1160.8576286965524,11.783960720130933,1078,1221,144,0,1077,1218,105779,1,0,0,1,3
2020-06-24,US,New Mexico,Bernalillo,1879,84,0,35.05163625,-106.6703554,35001.0,276.68118052600346,4.470463012240553,1795,1848,82,0,1766,1828,678701,31,2,0,29,20
2020-06-24,US,New Mexico,Catron,2,1,0,33.91514144,-108.4046587,35003.0,56.70541536716757,50.0,1,2,1,0,1,2,3578,0,0,0,0,0
2020-06-24,US,New Mexico,Chaves,69,2,0,33.36406072,-104.4665365,35005.0,106.78634991874952,2.898550724637681,67,65,2,0,63,66,64689,4,0,0,4,-1
2020-06-24,US,New Mexico,Cibola,200,13,0,34.91131525,-107.998876,35006.0,749.7656982193065,6.5,187,198,13,0,185,197,26746,2,0,0,2,1
2020-06-24,US,New Mexico,Colfax,9,1,0,36.60569702,-104.64726740000002,35007.0,75.37057197889624,11.111111111111109,8,9,0,0,9,9,12110,0,1,0,-1,0
2020-06-24,US,New Mexico,Curry,123,0,0,34.57421077,-103.34688759999999,35009.0,251.25628140703517,0.0,123,115,0,0,115,111,49437,8,0,0,8,4
2020-06-24,US,New Mexico,Dona Ana,760,8,0,32.35275771,-106.83293870000001,35013.0,348.3122894658448,1.0526315789473684,752,740,8,0,732,734,217522,20,0,0,20,6
2020-06-24,US,New Mexico,Eddy,61,1,0,32.47167456,-104.3053527,35015.0,104.34485118029421,1.639344262295082,60,58,1,0,57,56,57900,3,0,0,3,2
2020-06-24,US,New Mexico,Grant,17,0,0,32.73911281,-108.3827845,35017.0,62.96762723164679,0.0,17,17,0,0,17,17,27346,0,0,0,0,0
2020-06-24,US,New Mexico,Guadalupe,20,0,0,34.86319296,-104.790669,35019.0,465.11627906976736,0.0,20,20,0,0,20,20,4341,0,0,0,0,0
2020-06-24,US,New Mexico,Harding,1,0,0,35.85751555,-103.82209379999999,35021.0,160.0,0.0,1,1,0,0,1,1,655,0,0,0,0,0
2020-06-24,US,New Mexico,Hidalgo,39,0,0,31.91383467,-108.7151824,35023.0,929.0138161029062,0.0,39,39,0,0,39,39,4240,0,0,0,0,0
2020-06-24,US,New Mexico,Lea,86,0,0,32.79215361,-103.4123733,35025.0,121.00745743633036,0.0,86,79,0,0,79,75,69611,7,0,0,7,4
2020-06-24,US,New Mexico,Lincoln,8,0,0,33.74526079,-105.4586166,35027.0,40.874718986306966,0.0,8,7,0,0,7,7,19556,1,0,0,1,0
2020-06-24,US,New Mexico,Los Alamos,7,0,0,35.86631386,-106.31349850000001,35028.0,36.14022406938923,0.0,7,7,0,0,7,7,19101,0,0,0,0,0
2020-06-24,US,New Mexico,Luna,57,2,0,32.18179341,-107.75088259999998,35029.0,240.415032266228,3.5087719298245608,55,57,2,0,55,55,23963,0,0,0,0,2
2020-06-24,US,New Mexico,McKinley,3179,161,0,35.58007720000001,-108.262245,35031.0,4454.439727044713,5.0644856873230575,3018,3155,161,0,2994,3105,72290,24,0,0,24,50
2020-06-24,US,New Mexico,Otero,33,6,0,32.61348406,-105.7417604,35035.0,48.89613276040895,18.181818181818183,27,32,6,0,26,32,66781,1,0,0,1,0
2020-06-24,US,New Mexico,Quay,5,1,0,35.10403332,-103.54817270000001,35037.0,60.5840300496789,20.0,4,5,1,0,4,5,8253,0,0,0,0,0
2020-06-24,US,New Mexico,Rio Arriba,86,1,0,36.51072137,-106.69316740000001,35039.0,220.96040697823798,1.162790697674419,85,82,1,0,81,79,39006,4,0,0,4,3
2020-06-24,US,New Mexico,Roosevelt,54,1,0,34.02097406,-103.4799493,35041.0,291.8918918918919,1.851851851851852,53,53,1,0,52,54,18743,1,0,0,1,-1
2020-06-24,US,New Mexico,San Juan,2250,157,0,36.50838318,-108.32043700000001,35045.0,1815.1309314445216,6.977777777777778,2093,2235,156,0,2079,2194,125043,15,1,0,14,41
2020-06-24,US,New Mexico,San Miguel,18,0,0,35.48014807,-104.8163562,35047.0,65.98966161967958,0.0,18,18,0,0,18,18,27591,0,0,0,0,0
2020-06-24,US,New Mexico,Sandoval,693,29,0,35.68862401,-106.86878030000001,35043.0,472.2381224957069,4.1847041847041835,664,685,29,0,656,681,145179,8,0,0,8,4
2020-06-24,US,New Mexico,Santa Fe,203,3,0,35.50708973,-105.9774716,35049.0,135.01110682504424,1.477832512315271,200,202,3,0,199,201,150056,1,0,0,1,1
2020-06-24,US,New Mexico,Sierra,7,0,0,33.13028233,-107.1925893,35051.0,64.86887220832175,0.0,7,7,0,0,7,7,10968,0,0,0,0,0
2020-06-24,US,New Mexico,Socorro,58,5,0,34.00715494,-106.9298354,35053.0,348.62054456933333,8.620689655172415,53,58,5,0,53,58,16735,0,0,0,0,0
2020-06-24,US,New Mexico,Taos,37,1,0,36.58006022,-105.63101979999999,35055.0,113.0703175136754,2.702702702702702,36,35,1,0,34,35,32835,2,0,0,2,0
2020-06-24,US,New Mexico,Torrance,40,1,0,34.64048375,-105.8508949,35057.0,258.7154776534506,2.5,39,38,1,0,37,36,15591,2,0,0,2,2
2020-06-24,US,New Mexico,Unassigned,885,0,0,0.0,0.0,90035.0,0.0,0.0,885,869,0,0,869,863,,16,0,0,16,6
2020-06-24,US,New Mexico,Union,6,0,0,36.48126404,-103.4709624,35059.0,147.81966001478196,0.0,6,5,0,0,5,5,4118,1,0,0,1,0
2020-06-24,US,New Mexico,Valencia,98,2,0,34.71669834,-106.8103733,35061.0,127.79052785311913,2.0408163265306123,96,97,2,0,95,97,76456,1,0,0,1,0
2020-06-24,US,New York,Albany,2065,120,0,42.60060306,-73.97723916,36001.0,675.9278050185593,5.811138014527844,1945,2062,120,0,1942,2060,307117,3,0,0,3,2
2020-06-24,US,New York,Allegany,58,0,0,42.25748406,-78.02750466,36003.0,125.83801609858757,0.0,58,58,0,0,58,58,46430,0,0,0,0,0
2020-06-24,US,New York,Broome,671,58,0,42.15903158,-75.81326086,36007.0,352.2531603040612,8.64381520119225,613,671,58,0,613,670,191659,0,0,0,0,1
2020-06-24,US,New York,Cattaraugus,120,6,0,42.24778241,-78.67923096,36009.0,157.65203568191075,5.0,114,118,6,0,112,115,76840,2,0,0,2,3
2020-06-24,US,New York,Cayuga,109,2,0,42.91261714,-76.55731592,36011.0,142.34224822398662,1.834862385321101,107,108,2,0,106,108,77145,1,0,0,1,0
2020-06-24,US,New York,Chautauqua,118,4,0,42.22769210000001,-79.36691763,36013.0,92.9844054120076,3.3898305084745757,114,116,4,0,112,116,127939,2,0,0,2,0
2020-06-24,US,New York,Chemung,139,2,0,42.13891056,-76.7638805,36015.0,166.55483128834356,1.4388489208633093,137,139,2,0,137,139,84254,0,0,0,0,0
2020-06-24,US,New York,Chenango,142,5,0,42.49430041,-75.60887553,36017.0,300.8028470353973,3.5211267605633805,137,141,5,0,136,140,47536,1,0,0,1,1
2020-06-24,US,New York,Clinton,100,4,0,44.74530905,-73.67875352,36019.0,124.24675405355036,4.0,96,100,4,0,96,100,80695,0,0,0,0,0
2020-06-24,US,New York,Columbia,454,37,0,42.24819348,-73.63089095,36021.0,763.5256722893997,8.14977973568282,417,454,37,0,417,452,59916,0,0,0,0,2
2020-06-24,US,New York,Cortland,44,0,0,42.59509207,-76.07048931,36023.0,92.47388663542169,0.0,44,44,0,0,44,44,47823,0,0,0,0,0
2020-06-24,US,New York,Delaware,91,4,0,42.19837623,-74.96709306,36025.0,206.18556701030928,4.395604395604397,87,91,4,0,87,90,44527,0,0,0,0,1
2020-06-24,US,New York,Dutchess,4158,151,0,41.76486060000001,-73.74356679,36027.0,1413.237803261527,3.631553631553632,4007,4150,151,0,3999,4145,293718,8,0,0,8,5
2020-06-24,US,New York,Erie,7108,632,0,42.76249024,-78.73063652,36029.0,773.7002858380629,8.891389983117614,6476,7073,632,0,6441,7035,919719,35,0,0,35,38
2020-06-24,US,New York,Essex,41,0,0,44.11630765,-73.77297842,36031.0,111.15629659753289,0.0,41,41,0,0,41,41,37300,0,0,0,0,0
2020-06-24,US,New York,Franklin,28,0,0,44.59040891,-74.29926032,36033.0,55.97537083683178,0.0,28,28,0,0,28,27,50293,0,0,0,0,1
2020-06-24,US,New York,Fulton,244,24,0,43.11363907,-74.41798804,36035.0,457.0743495120169,9.836065573770492,220,244,24,0,220,244,53591,0,0,0,0,0
2020-06-24,US,New York,Genesee,230,5,0,43.0022601,-78.19135193,36037.0,401.53631284916196,2.1739130434782608,225,229,5,0,224,225,57511,1,0,0,1,4
2020-06-24,US,New York,Greene,256,18,0,42.275797,-74.12384884,36039.0,542.5108078324998,7.03125,238,256,18,0,238,256,47491,0,0,0,0,0
2020-06-24,US,New York,Hamilton,6,0,0,43.66146647,-74.49721957,36041.0,135.8695652173913,0.0,6,6,0,0,6,6,4434,0,0,0,0,0
2020-06-24,US,New York,Herkimer,142,3,0,43.42034246,-74.96145307,36043.0,231.57585740145802,2.112676056338028,139,137,3,0,134,137,61833,5,0,0,5,0
2020-06-24,US,New York,Jefferson,84,0,0,44.04200959,-75.94653457,36045.0,76.47905020303368,0.0,84,84,0,0,84,84,111755,0,0,0,0,0
2020-06-24,US,New York,Lewis,24,0,0,43.784415700000004,-75.44903992,36049.0,91.2686340127776,0.0,24,24,0,0,24,23,26447,0,0,0,0,1
2020-06-24,US,New York,Livingston,125,8,0,42.72596275,-77.77966158,36051.0,198.6839177289633,6.4,117,125,8,0,117,124,63227,0,0,0,0,1
2020-06-24,US,New York,Madison,347,17,0,42.91653905,-75.67266639,36053.0,489.13886187113235,4.899135446685879,330,347,17,0,330,347,70795,0,0,0,0,0
2020-06-24,US,New York,Monroe,3567,259,0,43.14638895,-77.69322942,36055.0,480.8768216563086,7.261003644519204,3308,3540,259,0,3281,3512,742474,27,0,0,27,28
2020-06-24,US,New York,Montgomery,110,4,0,42.90123494,-74.44011632,36057.0,223.4818471790496,3.636363636363636,106,109,4,0,105,108,49455,1,0,0,1,1
2020-06-24,US,New York,Nassau,41585,2180,0,40.74066522,-73.58941873,36059.0,3064.6521102139836,5.242274858723097,39405,41544,2179,0,39365,41513,1358343,41,1,0,40,31
2020-06-24,US,New York,New York City,213348,22365,0,40.76727260000001,-73.97152637,36061.0,2559.106191247811,10.482873052477641,190983,213056,22343,0,190713,212741,1628701,292,22,0,270,315
2020-06-24,US,New York,Niagara,1199,88,0,43.19898042,-78.74777412,36063.0,572.9139291192225,7.339449541284404,1111,1195,88,0,1107,1193,210433,4,0,0,4,2
2020-06-24,US,New York,Oneida,1445,87,0,43.24375382,-75.43710392,36065.0,631.9122232377522,6.02076124567474,1358,1421,87,0,1334,1416,229577,24,0,0,24,5
2020-06-24,US,New York,Onondaga,2734,182,0,43.00491923,-76.19971155,36067.0,593.666400305736,6.656912948061447,2552,2702,182,0,2520,2675,461809,32,0,0,32,27
2020-06-24,US,New York,Ontario,246,9,0,42.85145728,-77.30874425,36069.0,224.09065651274844,3.6585365853658534,237,242,9,0,233,242,109864,4,0,0,4,0
2020-06-24,US,New York,Orange,10669,473,0,41.40337468,-74.30240757,36071.0,2771.600768951005,4.433405192614115,10196,10666,473,0,10193,10654,381951,3,0,0,3,12
2020-06-24,US,New York,Orleans,277,51,0,43.2516977,-78.2320066,36073.0,686.4591593973038,18.4115523465704,226,277,51,0,226,276,40612,0,0,0,0,1
2020-06-24,US,New York,Oswego,188,3,0,43.42778894,-76.14635194,36075.0,160.5136436597111,1.5957446808510638,185,179,3,0,176,173,117898,9,0,0,9,6
2020-06-24,US,New York,Otsego,83,5,0,42.63492579,-75.03151402,36077.0,139.5122115206831,6.024096385542169,78,83,5,0,78,83,59749,0,0,0,0,0
2020-06-24,US,New York,Putnam,1306,62,0,41.42630093,-73.74965532,36079.0,1328.3157038242473,4.747320061255743,1244,1305,62,0,1243,1305,98892,1,0,0,1,0
2020-06-24,US,New York,Rensselaer,534,28,0,42.71348136,-73.51089874,36083.0,336.45425104275614,5.243445692883896,506,533,28,0,505,528,159442,1,0,0,1,5
2020-06-24,US,New York,Rockland,13534,667,0,41.15027894,-74.02560498,36087.0,4154.22251825568,4.928328653760898,12867,13529,667,0,12862,13514,325695,5,0,0,5,15
2020-06-24,US,New York,Saratoga,538,14,0,43.10904162,-73.86653895,36091.0,234.05245733328118,2.6022304832713754,524,538,14,0,524,535,230163,0,0,0,0,3
2020-06-24,US,New York,Schenectady,772,37,0,42.81668777,-74.05278291,36093.0,497.1055834229454,4.7927461139896375,735,770,37,0,733,761,155350,2,0,0,2,9
2020-06-24,US,New York,Schoharie,57,0,0,42.58831742,-74.44339029999998,36095.0,183.87689925481467,0.0,57,57,0,0,57,57,31097,0,0,0,0,0
2020-06-24,US,New York,Schuyler,12,0,0,42.39184015,-76.8773299,36097.0,67.38922895490539,0.0,12,12,0,0,12,12,17912,0,0,0,0,0
2020-06-24,US,New York,Seneca,64,0,0,42.78081007,-76.82497064,36099.0,188.14675446848545,0.0,64,64,0,0,64,64,34300,0,0,0,0,0
2020-06-24,US,New York,St. Lawrence,217,2,0,44.4976179,-75.06550039,36089.0,201.4108037868944,0.9216589861751152,215,217,2,0,215,217,108047,0,0,0,0,0
2020-06-24,US,New York,Steuben,263,41,0,42.2689144,-77.3829924,36101.0,275.7420396523344,15.5893536121673,222,263,41,0,222,263,95796,0,0,0,0,0
2020-06-24,US,New York,Suffolk,41101,1972,0,40.88320119,-72.8012172,36103.0,2783.487211508051,4.7979367898591265,39129,41056,1970,0,39086,41010,1481093,45,2,0,43,46
2020-06-24,US,New York,Sullivan,1447,45,0,41.71579493,-74.76394559,36105.0,1918.2840173931488,3.1098825155494128,1402,1440,45,0,1395,1438,75498,7,0,0,7,2
2020-06-24,US,New York,Tioga,141,24,0,42.16852837,-76.30835812,36107.0,292.5129141339752,17.02127659574468,117,141,24,0,117,140,48560,0,0,0,0,1
2020-06-24,US,New York,Tompkins,175,0,0,42.44945765,-76.47229843,36109.0,171.26639264043845,0.0,175,175,0,0,175,175,102793,0,0,0,0,0
2020-06-24,US,New York,Ulster,1760,85,0,41.89027881,-74.26252104,36111.0,991.1416713126433,4.829545454545454,1675,1757,85,0,1672,1756,178599,3,0,0,3,1
2020-06-24,US,New York,Warren,262,30,0,43.56173026,-73.8433699,36113.0,409.7335168272238,11.450381679389313,232,262,30,0,232,262,64265,0,0,0,0,0
2020-06-24,US,New York,Washington,244,14,0,43.31153794,-73.43043448,36115.0,398.66675380694085,5.737704918032787,230,244,14,0,230,244,61197,0,0,0,0,0
2020-06-24,US,New York,Wayne,150,3,0,43.15494365,-77.02976528,36117.0,166.81865699859873,2.0,147,145,3,0,142,143,90064,5,0,0,5,2
2020-06-24,US,New York,Westchester,34597,1416,0,41.16278376,-73.75741653,36119.0,3575.895136567629,4.092840419689568,33181,34581,1416,0,33165,34557,967612,16,0,0,16,24
2020-06-24,US,New York,Wyoming,93,5,0,42.70145109,-78.22199579,36121.0,233.32246167741286,5.376344086021504,88,93,5,0,88,93,40085,0,0,0,0,0
2020-06-24,US,New York,Yates,44,6,0,42.63505484,-77.10369919,36123.0,176.61461887368043,13.636363636363635,38,43,6,0,37,42,24841,1,0,0,1,1
2020-06-24,US,North Carolina,Alamance,1004,36,0,36.0434701,-79.39976137,37001.0,592.2989339799068,3.585657370517928,968,969,36,0,933,951,166436,35,0,0,35,18
2020-06-24,US,North Carolina,Alexander,73,0,0,35.922379600000006,-81.17751948,37003.0,194.68224124596642,0.0,73,68,0,0,68,66,37353,5,0,0,5,2
2020-06-24,US,North Carolina,Alleghany,31,0,0,36.49360862,-81.12857041,37005.0,278.3514411421388,0.0,31,30,0,0,30,30,11161,1,0,0,1,0
2020-06-24,US,North Carolina,Anson,108,2,0,34.97403241,-80.09953279,37007.0,441.79006790476967,1.851851851851852,106,107,2,0,105,106,24877,1,0,0,1,1
2020-06-24,US,North Carolina,Ashe,49,1,0,36.43296207,-81.49862729,37009.0,180.1271918538396,2.0408163265306123,48,49,1,0,48,47,27109,0,0,0,0,2
2020-06-24,US,North Carolina,Avery,8,0,0,36.07569796,-81.92308483,37011.0,45.565871162499285,0.0,8,8,0,0,8,8,17505,0,0,0,0,0
2020-06-24,US,North Carolina,Beaufort,64,0,0,35.48531943,-76.84325809,37013.0,136.18759841681916,0.0,64,61,0,0,61,59,47079,3,0,0,3,2
2020-06-24,US,North Carolina,Bertie,138,4,0,36.0688473,-76.96545943,37015.0,728.3474956457487,2.898550724637681,134,137,4,0,133,136,19026,1,0,0,1,1
2020-06-24,US,North Carolina,Bladen,333,2,0,34.61296243,-78.56180059,37017.0,1017.6639569708452,0.6006006006006006,331,321,2,0,319,310,33190,12,0,0,12,11
2020-06-24,US,North Carolina,Brunswick,391,3,0,34.070565,-78.22814204,37019.0,273.7711805069318,0.7672634271099744,388,367,3,0,364,356,136744,24,0,0,24,11
2020-06-24,US,North Carolina,Buncombe,514,37,0,35.61113393,-82.53305,37021.0,196.79085420248018,7.198443579766537,477,509,37,0,472,504,259103,5,0,0,5,5
2020-06-24,US,North Carolina,Burke,934,19,0,35.74989637,-81.70755735,37023.0,1032.2152843012655,2.034261241970021,915,918,19,0,899,912,90382,16,0,0,16,6
2020-06-24,US,North Carolina,Cabarrus,930,31,0,35.3877799,-80.55267168,37025.0,429.65447464345596,3.333333333333333,899,888,30,0,858,888,211342,42,1,0,41,0
2020-06-24,US,North Carolina,Caldwell,328,4,0,35.95204977,-81.54799522,37027.0,399.13358806493216,1.2195121951219512,324,322,4,0,318,315,82029,6,0,0,6,7
2020-06-24,US,North Carolina,Camden,23,0,0,36.33804939,-76.15568396,37029.0,211.6499493880556,0.0,23,22,0,0,22,19,10710,1,0,0,1,3
2020-06-24,US,North Carolina,Carteret,64,3,0,34.8932941,-76.54120135,37031.0,92.12211938450909,4.6875,61,61,3,0,58,61,69524,3,0,0,3,0
2020-06-24,US,North Carolina,Caswell,122,1,0,36.39312665,-79.33353281,37033.0,539.7274818616173,0.819672131147541,121,121,1,0,120,116,22698,1,0,0,1,5
2020-06-24,US,North Carolina,Catawba,639,13,0,35.66211129,-81.2132617,37035.0,400.49890003823236,2.0344287949921758,626,600,13,0,587,600,158652,39,0,0,39,0
2020-06-24,US,North Carolina,Chatham,901,42,0,35.70394416,-79.25541492,37037.0,1209.8831744326574,4.661487236403995,859,890,42,0,848,882,73139,11,0,0,11,8
2020-06-24,US,North Carolina,Cherokee,36,1,0,35.1349263,-84.05970864,37039.0,125.82133370613728,2.7777777777777777,35,34,1,0,33,34,28383,2,0,0,2,0
2020-06-24,US,North Carolina,Chowan,19,0,0,36.12908077,-76.60118385,37041.0,136.26909560352863,0.0,19,19,0,0,19,19,14029,0,0,0,0,0
2020-06-24,US,North Carolina,Clay,12,0,0,35.05704275,-83.74353633,37043.0,106.84711957973468,0.0,12,12,0,0,12,12,11139,0,0,0,0,0
2020-06-24,US,North Carolina,Cleveland,242,2,0,35.33553364,-81.55204486,37045.0,247.072396295956,0.8264462809917356,240,239,2,0,237,227,97645,3,0,0,3,12
2020-06-24,US,North Carolina,Columbus,484,35,0,34.26744084,-78.65801424,37047.0,871.9463861065071,7.231404958677686,449,471,35,0,436,468,55655,13,0,0,13,3
2020-06-24,US,North Carolina,Craven,328,6,0,35.11833364,-77.08398081,37049.0,321.1310077443484,1.8292682926829267,322,318,6,0,312,315,102912,10,0,0,10,3
2020-06-24,US,North Carolina,Cumberland,1053,39,0,35.04762133,-78.82623165,37051.0,313.8514913161793,3.703703703703704,1014,1031,36,0,995,1014,332330,22,3,0,19,17
2020-06-24,US,North Carolina,Currituck,16,0,0,36.36123664,-75.95876401,37053.0,57.630659510859786,0.0,16,16,0,0,16,16,27072,0,0,0,0,0
2020-06-24,US,North Carolina,Dare,31,1,0,35.66520691,-75.71767334,37055.0,83.7634089005377,3.2258064516129035,30,29,1,0,28,29,36501,2,0,0,2,0
2020-06-24,US,North Carolina,Davidson,797,15,0,35.79115496,-80.21256572,37057.0,475.51145821525085,1.8820577164366372,782,772,15,0,757,771,166614,25,0,0,25,1
2020-06-24,US,North Carolina,Davie,172,4,0,35.93099927,-80.54496571,37059.0,401.437707137189,2.3255813953488373,168,164,4,0,160,164,42733,8,0,0,8,0
2020-06-24,US,North Carolina,Duplin,1369,28,0,34.93449805,-77.93140529,37061.0,2330.569789414549,2.0452885317750185,1341,1355,28,0,1327,1345,58856,14,0,0,14,10
2020-06-24,US,North Carolina,Durham,3340,62,0,36.03638492,-78.87608331,37063.0,1038.9190265266514,1.8562874251497008,3278,3244,60,0,3184,3212,316739,96,2,0,94,32
2020-06-24,US,North Carolina,Edgecombe,284,9,0,35.91230639,-77.59436892,37065.0,551.7562946844887,3.1690140845070425,275,276,9,0,267,274,52005,8,0,0,8,2
2020-06-24,US,North Carolina,Forsyth,2679,31,0,36.12859861,-80.25459052,37067.0,700.7677317255002,1.1571481896229936,2648,2615,29,0,2586,2575,379099,64,2,0,62,40
2020-06-24,US,North Carolina,Franklin,295,21,0,36.081519,-78.28708884,37069.0,423.33357250484323,7.118644067796611,274,287,21,0,266,284,67560,8,0,0,8,3
2020-06-24,US,North Carolina,Gaston,842,12,0,35.29373559,-81.17477045,37071.0,375.0072373724552,1.4251781472684086,830,803,11,0,792,771,222846,39,1,0,38,32
2020-06-24,US,North Carolina,Gates,26,2,0,36.44667547,-76.69749701,37073.0,224.8745891714236,7.6923076923076925,24,25,2,0,23,25,11573,1,0,0,1,0
2020-06-24,US,North Carolina,Graham,8,0,0,35.3506925,-83.83369267,37075.0,94.77550053311221,0.0,8,6,0,0,6,6,8484,2,0,0,2,0
2020-06-24,US,North Carolina,Granville,761,17,0,36.30337451,-78.65184241,37077.0,1259.0374402329467,2.2339027595269383,744,742,17,0,725,742,60115,19,0,0,19,0
2020-06-24,US,North Carolina,Greene,159,2,0,35.48544173,-77.67578087,37079.0,754.6632493236508,1.2578616352201255,157,151,2,0,149,147,21012,8,0,0,8,4
2020-06-24,US,North Carolina,Guilford,2527,110,0,36.07959451,-79.78824948,37081.0,470.42485302713834,4.352987732489118,2417,2462,106,0,2356,2434,533670,65,4,0,61,28
2020-06-24,US,North Carolina,Halifax,296,4,0,36.25669272,-77.6556109,37083.0,591.8816236752649,1.351351351351351,292,272,4,0,268,272,50574,24,0,0,24,0
2020-06-24,US,North Carolina,Harnett,536,30,0,35.36731853,-78.87243571,37085.0,394.18720950756017,5.597014925373133,506,515,30,0,485,509,134214,21,0,0,21,6
2020-06-24,US,North Carolina,Haywood,74,0,0,35.55269063,-82.98196486,37087.0,118.74769324582377,0.0,74,72,0,0,72,72,61971,2,0,0,2,0
2020-06-24,US,North Carolina,Henderson,540,50,0,35.33788927,-82.4766782,37089.0,459.89933314596686,9.25925925925926,490,514,49,0,465,514,116748,26,1,0,25,0
2020-06-24,US,North Carolina,Hertford,156,8,0,36.3607755,-76.98104134,37091.0,658.8672551421209,5.128205128205129,148,156,8,0,148,156,23659,0,0,0,0,0
2020-06-24,US,North Carolina,Hoke,332,3,0,35.01888303,-79.23651674,37093.0,601.0790455154432,0.9036144578313252,329,330,3,0,327,326,54764,2,0,0,2,4
2020-06-24,US,North Carolina,Hyde,6,0,0,35.42017674,-76.15180542,37095.0,121.5312943082844,0.0,6,6,0,0,6,6,5230,0,0,0,0,0
2020-06-24,US,North Carolina,Iredell,593,7,0,35.80950511,-80.8743128,37097.0,326.17185351418544,1.1804384485666104,586,575,7,0,568,569,178435,18,0,0,18,6
2020-06-24,US,North Carolina,Jackson,86,1,0,35.28814273,-83.14093385,37099.0,195.73034730756973,1.162790697674419,85,77,1,0,76,77,43327,9,0,0,9,0
2020-06-24,US,North Carolina,Johnston,1208,29,0,35.51745004,-78.36622717,37101.0,577.054442793746,2.4006622516556293,1179,1178,28,0,1150,1135,202675,30,1,0,29,43
2020-06-24,US,North Carolina,Jones,29,3,0,35.02254606,-77.35870791,37103.0,307.8883108610256,10.344827586206897,26,29,3,0,26,28,9637,0,0,0,0,1
2020-06-24,US,North Carolina,Lee,731,8,0,35.47623147,-79.17569362,37105.0,1183.2499716732225,1.0943912448700408,723,718,7,0,711,718,61452,13,1,0,12,0
2020-06-24,US,North Carolina,Lenoir,344,10,0,35.24032589999999,-77.64245615,37107.0,614.845663014531,2.9069767441860463,334,343,10,0,333,342,55976,1,0,0,1,1
2020-06-24,US,North Carolina,Lincoln,204,2,0,35.48508185,-81.21740317,37109.0,236.9035314884277,0.9803921568627452,202,196,1,0,195,189,83770,8,1,0,7,7
2020-06-24,US,North Carolina,Macon,262,3,0,35.14867843,-83.41696617,37113.0,730.6598248647442,1.1450381679389312,259,256,3,0,253,253,35285,6,0,0,6,3
2020-06-24,US,North Carolina,Madison,8,0,0,35.85402722,-82.71346418,37115.0,36.77315559641462,0.0,8,7,0,0,7,6,21763,1,0,0,1,1
2020-06-24,US,North Carolina,Martin,119,4,0,35.84326734,-77.10860251,37117.0,530.3030303030304,3.361344537815126,115,117,4,0,113,113,22671,2,0,0,2,4
2020-06-24,US,North Carolina,McDowell,206,2,0,35.67736232,-82.0482425,37111.0,450.2141795611504,0.9708737864077671,204,202,2,0,200,197,45507,4,0,0,4,5
2020-06-24,US,North Carolina,Mecklenburg,9333,143,0,35.24469268,-80.8317671,37119.0,840.5412318211456,1.5321975784849462,9190,9086,143,0,8943,8956,1093901,247,0,0,247,130
2020-06-24,US,North Carolina,Mitchell,26,0,0,36.01059309,-82.1582442,37121.0,173.75033413525796,0.0,26,26,0,0,26,26,15000,0,0,0,0,0
2020-06-24,US,North Carolina,Montgomery,283,7,0,35.33155144,-79.90416657,37123.0,1041.4749935597836,2.4734982332155475,276,253,7,0,246,252,27271,30,0,0,30,1
2020-06-24,US,North Carolina,Moore,407,18,0,35.30885257,-79.48474178,37125.0,403.44964314036486,4.422604422604422,389,377,12,0,365,371,98682,30,6,0,24,6
2020-06-24,US,North Carolina,Nash,378,4,0,35.96575634,-77.98422508,37127.0,400.8568580457698,1.058201058201058,374,357,4,0,353,352,94016,21,0,0,21,5
2020-06-24,US,North Carolina,New Hanover,715,5,0,34.25758282,-77.87075626,37129.0,304.93916143863044,0.6993006993006993,710,611,5,0,606,611,232274,104,0,0,104,0
2020-06-24,US,North Carolina,Northampton,191,15,0,36.41736238,-77.39769443,37131.0,980.3418364728224,7.853403141361255,176,190,15,0,175,190,19676,1,0,0,1,0
2020-06-24,US,North Carolina,Onslow,224,3,0,34.72607366,-77.42908179,37133.0,113.16674918408795,1.3392857142857142,221,215,3,0,212,213,197683,9,0,0,9,2
2020-06-24,US,North Carolina,Orange,568,41,0,36.06092947,-79.12167935,37135.0,382.5534093052076,7.21830985915493,527,546,41,0,505,548,146027,22,0,0,22,-2
2020-06-24,US,North Carolina,Pamlico,16,0,0,35.15253315,-76.66559823,37137.0,125.72685840012569,0.0,16,17,0,0,17,17,12670,-1,0,0,-1,0
2020-06-24,US,North Carolina,Pasquotank,172,15,0,36.26723798,-76.25134778,37139.0,431.9003615910004,8.720930232558139,157,168,15,0,153,164,39639,4,0,0,4,4
2020-06-24,US,North Carolina,Pender,197,1,0,34.52265624,-77.90352133,37141.0,312.40088804313353,0.5076142131979695,196,182,1,0,181,182,62162,15,0,0,15,0
2020-06-24,US,North Carolina,Perquimans,32,2,0,36.17847453,-76.40603143,37143.0,237.68847953650746,6.25,30,30,2,0,28,30,13422,2,0,0,2,0
2020-06-24,US,North Carolina,Person,97,1,0,36.38989032,-78.97217358,37145.0,245.63180552038486,1.0309278350515465,96,96,1,0,95,96,39507,1,0,0,1,0
2020-06-24,US,North Carolina,Pitt,602,6,0,35.59535426,-77.37353178,37147.0,333.0714499120293,0.9966777408637874,596,579,6,0,573,567,179914,23,0,0,23,12
2020-06-24,US,North Carolina,Polk,67,4,0,35.27820615,-82.16812354,37149.0,323.29666087627874,5.970149253731344,63,67,4,0,63,65,20611,0,0,0,0,2
2020-06-24,US,North Carolina,Randolph,1089,28,0,35.71015088,-79.80570339,37151.0,758.0028816638478,2.5711662075298443,1061,1068,27,0,1041,1058,143351,21,1,0,20,10
2020-06-24,US,North Carolina,Richmond,242,5,0,35.00417719,-79.74491009,37153.0,539.8291284659484,2.066115702479338,237,234,5,0,229,234,44887,8,0,0,8,0
2020-06-24,US,North Carolina,Robeson,1205,38,0,34.64244496,-79.10250529999998,37155.0,922.488038277512,3.1535269709543567,1167,1160,34,0,1126,1160,131831,45,4,0,41,0
2020-06-24,US,North Carolina,Rockingham,179,2,0,36.39593137,-79.77504841,37157.0,196.68168333150203,1.11731843575419,177,173,2,0,171,172,90690,6,0,0,6,1
2020-06-24,US,North Carolina,Rowan,1076,40,0,35.64003916,-80.52446628,37159.0,757.2771803389447,3.717472118959108,1036,1037,40,0,997,1025,141262,39,0,0,39,12
2020-06-24,US,North Carolina,Rutherford,269,9,0,35.40114178,-81.92112099,37161.0,401.3188321472795,3.3457249070631967,260,263,9,0,254,263,66826,6,0,0,6,0
2020-06-24,US,North Carolina,Sampson,940,6,0,34.98820368,-78.36914061,37163.0,1479.5926398136346,0.6382978723404256,934,907,6,0,901,894,63626,33,0,0,33,13
2020-06-24,US,North Carolina,Scotland,129,1,0,34.8386299,-79.4757978,37165.0,370.44482095166984,0.7751937984496124,128,124,1,0,123,123,34810,5,0,0,5,1
2020-06-24,US,North Carolina,Stanly,298,5,0,35.31647813,-80.25093221,37167.0,474.47696079992363,1.6778523489932886,293,282,5,0,277,277,62075,16,0,0,16,5
2020-06-24,US,North Carolina,Stokes,112,1,0,36.4017975,-80.23893369,37169.0,245.66252111162294,0.8928571428571429,111,110,1,0,109,109,45467,2,0,0,2,1
2020-06-24,US,North Carolina,Surry,413,2,0,36.41689489,-80.69102283,37171.0,575.3451374280819,0.4842615012106538,411,392,2,0,390,386,71948,21,0,0,21,6
2020-06-24,US,North Carolina,Swain,50,0,0,35.48665845,-83.48748932,37173.0,350.36087169784884,0.0,50,42,0,0,42,42,14245,8,0,0,8,0
2020-06-24,US,North Carolina,Transylvania,19,1,0,35.20383864,-82.79638423,37175.0,55.25665261014977,5.2631578947368425,18,19,1,0,18,19,34215,0,0,0,0,0
2020-06-24,US,North Carolina,Tyrrell,6,0,0,35.87147226,-76.17055253,37177.0,149.40239043824698,0.0,6,5,0,0,5,5,4131,1,0,0,1,0
2020-06-24,US,North Carolina,Union,1032,24,0,34.98960527,-80.52955873,37179.0,430.25277350443366,2.3255813953488373,1008,965,24,0,941,949,235908,67,0,0,67,16
2020-06-24,US,North Carolina,Vance,475,35,0,36.36880673,-78.40670845,37181.0,1066.5768496688002,7.36842105263158,440,462,35,0,427,453,44582,13,0,0,13,9
2020-06-24,US,North Carolina,Wake,4333,44,0,35.78879266,-78.65249174,37183.0,389.74203988087373,1.0154627279021464,4289,4106,44,0,4062,4035,1092305,227,0,0,227,71
2020-06-24,US,North Carolina,Warren,154,5,0,36.39728256,-78.10652228,37185.0,780.4976939840857,3.2467532467532467,149,150,5,0,145,148,19807,4,0,0,4,2
2020-06-24,US,North Carolina,Washington,37,3,0,35.83810081,-76.57299037,37187.0,319.5164075993092,8.108108108108109,34,37,3,0,34,37,11859,0,0,0,0,0
2020-06-24,US,North Carolina,Watauga,51,0,0,36.23103603,-81.70033724,37189.0,90.78448475354679,0.0,51,50,0,0,50,49,55945,1,0,0,1,1
2020-06-24,US,North Carolina,Wayne,1703,24,0,35.36438125,-78.00027268,37191.0,1383.0798093087853,1.4092777451556078,1679,1673,23,0,1650,1658,123248,30,1,0,29,15
2020-06-24,US,North Carolina,Wilkes,560,6,0,36.2084135,-81.16232895,37193.0,818.5698415482665,1.0714285714285714,554,557,6,0,551,555,68557,3,0,0,3,2
2020-06-24,US,North Carolina,Wilson,655,18,0,35.70625477,-77.917978,37195.0,800.7237075341377,2.7480916030534357,637,622,18,0,604,622,81455,33,0,0,33,0
2020-06-24,US,North Carolina,Yadkin,287,4,0,36.16222629,-80.66239436,37197.0,761.9401598215945,1.3937282229965158,283,284,4,0,280,284,37543,3,0,0,3,0
2020-06-24,US,North Carolina,Yancey,41,0,0,35.90079156,-82.31237181,37199.0,226.9079639160994,0.0,41,35,0,0,35,35,17903,6,0,0,6,0
2020-06-24,US,North Dakota,Barnes,18,0,0,46.93579637,-98.06605978,38003.0,172.8276524243879,0.0,18,18,0,0,18,18,10542,0,0,0,0,0
2020-06-24,US,North Dakota,Benson,3,0,0,48.0683985,-99.35916363,38005.0,43.911007025761116,0.0,3,3,0,0,3,3,6962,0,0,0,0,0
2020-06-24,US,North Dakota,Billings,1,0,0,47.02366884,-103.3762965,38007.0,107.75862068965515,0.0,1,1,0,0,1,1,919,0,0,0,0,0
2020-06-24,US,North Dakota,Bottineau,5,0,0,48.79106111,-100.8378166,38009.0,79.59248646927729,0.0,5,5,0,0,5,5,6411,0,0,0,0,0
2020-06-24,US,North Dakota,Bowman,1,0,0,46.11285362,-103.5203343,38011.0,33.06878306878307,0.0,1,1,0,0,1,1,3076,0,0,0,0,0
2020-06-24,US,North Dakota,Burke,5,0,0,48.79094471,-102.51821170000001,38013.0,236.40661938534282,0.0,5,5,0,0,5,5,2100,0,0,0,0,0
2020-06-24,US,North Dakota,Burleigh,214,0,0,46.97847375,-100.46452140000001,38015.0,223.78850940120887,0.0,214,202,0,0,202,202,95273,12,0,0,12,0
2020-06-24,US,North Dakota,Cass,2165,65,0,46.93201724,-97.24447190000001,38017.0,1190.0639281454241,3.0023094688221708,2100,2146,65,0,2081,2143,181516,19,0,0,19,3
2020-06-24,US,North Dakota,Cavalier,2,0,0,48.77286211,-98.46685243,38019.0,53.163211057947905,0.0,2,3,0,0,3,2,3829,-1,0,0,-1,1
2020-06-24,US,North Dakota,Dickey,4,0,0,46.11017712,-98.50490079999999,38021.0,82.10180623973726,0.0,4,4,0,0,4,4,4903,0,0,0,0,0
2020-06-24,US,North Dakota,Divide,1,0,0,48.814938700000006,-103.48736109999999,38023.0,44.16961130742049,0.0,1,1,0,0,1,1,2283,0,0,0,0,0
2020-06-24,US,North Dakota,Dunn,13,0,0,47.35423935,-102.61604679999999,38025.0,293.8517179023508,0.0,13,13,0,0,13,13,4332,0,0,0,0,0
2020-06-24,US,North Dakota,Eddy,5,0,0,47.71701474,-98.90432337,38027.0,218.62702229995628,0.0,5,5,0,0,5,5,2313,0,0,0,0,0
2020-06-24,US,North Dakota,Emmons,4,1,0,46.28398398,-100.2389766,38029.0,123.41869793273679,25.0,3,4,1,0,3,4,3295,0,0,0,0,0
2020-06-24,US,North Dakota,Foster,2,0,0,47.457108399999996,-98.88279923,38031.0,62.30529595015578,0.0,2,2,0,0,2,1,3216,0,0,0,0,1
2020-06-24,US,North Dakota,Grand Forks,366,4,0,47.92093639,-97.45450447,38035.0,526.9902521201999,1.0928961748633879,362,365,4,0,361,365,70770,1,0,0,1,0
2020-06-24,US,North Dakota,Grant,2,0,0,46.35821257,-101.63900129999999,38037.0,87.95074758135445,0.0,2,2,0,0,2,2,2374,0,0,0,0,0
2020-06-24,US,North Dakota,Griggs,2,0,0,47.45785838,-98.23850925,38039.0,89.64589870013447,0.0,2,2,0,0,2,2,2232,0,0,0,0,0
2020-06-24,US,North Dakota,Kidder,2,0,0,46.97830064,-99.77507857,38043.0,80.64516129032258,0.0,2,2,0,0,2,2,2450,0,0,0,0,0
2020-06-24,US,North Dakota,LaMoure,11,0,0,46.45681054,-98.53542355,38045.0,271.8734552644587,0.0,11,11,0,0,11,11,4062,0,0,0,0,0
2020-06-24,US,North Dakota,McHenry,3,1,0,48.23104458,-100.6324822,38049.0,52.219321148825074,33.333333333333336,2,3,1,0,2,3,5816,0,0,0,0,0
2020-06-24,US,North Dakota,McIntosh,1,0,0,46.11182017,-99.44145858,38051.0,40.04805766920305,0.0,1,1,0,0,1,1,2585,0,0,0,0,0
2020-06-24,US,North Dakota,McKenzie,25,0,0,47.74133370000001,-103.395905,38053.0,166.40042598509052,0.0,25,24,0,0,24,24,13632,1,0,0,1,0
2020-06-24,US,North Dakota,McLean,11,0,0,47.60766714,-101.3182418,38055.0,116.40211640211642,0.0,11,11,0,0,11,11,9541,0,0,0,0,0
2020-06-24,US,North Dakota,Mercer,6,0,0,47.31213126,-101.8318399,38057.0,73.28691828508613,0.0,6,6,0,0,6,6,8267,0,0,0,0,0
2020-06-24,US,North Dakota,Morton,72,2,0,46.71681782,-101.2822377,38059.0,229.56255579645455,2.7777777777777777,70,70,2,0,68,70,31095,2,0,0,2,0
2020-06-24,US,North Dakota,Mountrail,43,0,0,48.20197971,-102.3555315,38061.0,407.77619724988153,0.0,43,43,0,0,43,43,10218,0,0,0,0,0
2020-06-24,US,North Dakota,Nelson,1,0,0,47.9226426,-98.19038437,38063.0,34.734282737061484,0.0,1,1,0,0,1,1,2869,0,0,0,0,0
2020-06-24,US,North Dakota,Oliver,1,0,0,47.11530482,-101.3406158,38065.0,51.04645227156715,0.0,1,1,0,0,1,1,1952,0,0,0,0,0
2020-06-24,US,North Dakota,Pembina,9,0,0,48.76623521,-97.5523809,38067.0,132.33348037053378,0.0,9,7,0,0,7,7,6947,2,0,0,2,0
2020-06-24,US,North Dakota,Pierce,4,0,0,48.24977025,-99.96407787,38069.0,100.62893081761007,0.0,4,4,0,0,4,4,4081,0,0,0,0,0
2020-06-24,US,North Dakota,Ramsey,11,1,0,48.26886249,-98.72223879,38071.0,95.49440055560379,9.090909090909092,10,9,1,0,8,9,11481,2,0,0,2,0
2020-06-24,US,North Dakota,Ransom,16,0,0,46.45621782,-97.65742504,38073.0,306.63089306247605,0.0,16,15,0,0,15,15,5237,1,0,0,1,0
2020-06-24,US,North Dakota,Renville,4,0,0,48.71982533,-101.6603912,38075.0,171.89514396218308,0.0,4,4,0,0,4,3,2374,0,0,0,0,1
2020-06-24,US,North Dakota,Richland,39,0,0,46.26440649,-96.94852979,38077.0,241.08301910119306,0.0,39,39,0,0,39,39,16239,0,0,0,0,0
2020-06-24,US,North Dakota,Rolette,9,0,0,48.77245354,-99.84097493,38079.0,63.487584650112865,0.0,9,9,0,0,9,9,14301,0,0,0,0,0
2020-06-24,US,North Dakota,Sargent,4,0,0,46.10830372,-97.63217159,38081.0,102.6167265264238,0.0,4,4,0,0,4,4,3870,0,0,0,0,0
2020-06-24,US,North Dakota,Sheridan,1,0,0,47.57700669,-100.3426391,38083.0,76.04562737642586,0.0,1,1,0,0,1,1,1349,0,0,0,0,0
2020-06-24,US,North Dakota,Sioux,20,0,0,46.11323337,-101.04401490000001,38085.0,472.81323877068564,0.0,20,19,0,0,19,19,4358,1,0,0,1,0
2020-06-24,US,North Dakota,Slope,3,0,0,46.44737738,-103.4601547,38087.0,400.0,0.0,3,3,0,0,3,3,763,0,0,0,0,0
2020-06-24,US,North Dakota,Stark,68,2,0,46.80851182,-102.65763259999999,38089.0,215.948426434628,2.9411764705882355,66,68,2,0,66,68,30997,0,0,0,0,0
2020-06-24,US,North Dakota,Steele,1,0,0,47.45611548,-97.72728747,38091.0,52.91005291005291,0.0,1,1,0,0,1,1,1903,0,0,0,0,0
2020-06-24,US,North Dakota,Stutsman,62,1,0,46.97962541,-98.95637318,38093.0,299.4590417310665,1.6129032258064515,61,62,1,0,61,62,20917,0,0,0,0,0
2020-06-24,US,North Dakota,Traill,15,0,0,47.45367788,-97.16323288,38097.0,186.66002986560486,0.0,15,15,0,0,15,15,8037,0,0,0,0,0
2020-06-24,US,North Dakota,Walsh,19,0,0,48.36876964,-97.72574783,38099.0,178.55464711963162,0.0,19,17,0,0,17,17,10667,2,0,0,2,0
2020-06-24,US,North Dakota,Ward,54,1,0,48.22390169,-101.54367629999999,38101.0,79.83323723776998,1.851851851851852,53,54,1,0,53,53,67744,0,0,0,0,1
2020-06-24,US,North Dakota,Wells,8,0,0,47.58614526,-99.65904998,38103.0,208.65936358894103,0.0,8,8,0,0,8,8,3957,0,0,0,0,0
2020-06-24,US,North Dakota,Williams,26,0,0,48.34522353,-103.4793387,38105.0,69.16917183218493,0.0,26,26,0,0,26,26,35350,0,0,0,0,0
2020-06-24,US,Ohio,Adams,19,1,0,38.84541072,-83.4718964,39001.0,68.5970106144848,5.2631578947368425,18,19,1,0,18,19,27724,0,0,0,0,0
2020-06-24,US,Ohio,Allen,257,38,0,40.77285242,-84.10802343,39003.0,251.09671620208888,14.785992217898832,219,255,38,0,217,253,102663,2,0,0,2,2
2020-06-24,US,Ohio,Ashland,45,0,0,40.84772277,-82.27280781,39005.0,84.13731209333632,0.0,45,44,0,0,44,40,53745,1,0,0,1,4
2020-06-24,US,Ohio,Ashtabula,412,42,0,41.70860332,-80.74830218,39007.0,423.6895959523246,10.194174757281553,370,411,42,0,369,410,97493,1,0,0,1,1
2020-06-24,US,Ohio,Athens,28,1,0,39.33425634,-82.04278644,39009.0,42.86129777886632,3.571428571428572,27,26,1,0,25,25,65818,2,0,0,2,1
2020-06-24,US,Ohio,Auglaize,91,3,0,40.55998859,-84.22421429999999,39011.0,199.31662870159454,3.2967032967032965,88,91,3,0,88,90,45804,0,0,0,0,1
2020-06-24,US,Ohio,Belmont,506,21,0,40.01625942,-80.9924051,39013.0,755.1562546637614,4.150197628458498,485,500,21,0,479,493,67505,6,0,0,6,7
2020-06-24,US,Ohio,Brown,47,1,0,38.93416837,-83.86788395,39015.0,108.21514090992815,2.127659574468085,46,45,1,0,44,45,43602,2,0,0,2,0
2020-06-24,US,Ohio,Butler,1269,40,0,39.44012838,-84.57388716,39017.0,331.2157104302933,3.1520882584712373,1229,1248,39,0,1209,1223,382378,21,1,0,20,25
2020-06-24,US,Ohio,Carroll,43,3,0,40.5789686,-81.09178213,39019.0,159.7681504049937,6.9767441860465125,40,42,3,0,39,42,27081,1,0,0,1,0
2020-06-24,US,Ohio,Champaign,37,1,0,40.13923427,-83.76875242,39021.0,95.15237238009516,2.702702702702702,36,37,1,0,36,37,38754,0,0,0,0,0
2020-06-24,US,Ohio,Clark,697,8,0,39.91592258,-83.78498252,39023.0,519.8272711678586,1.147776183644189,689,688,8,0,680,670,134585,9,0,0,9,18
2020-06-24,US,Ohio,Clermont,294,6,0,39.04847534,-84.15375786,39025.0,142.42253957796422,2.0408163265306123,288,288,6,0,282,287,205466,6,0,0,6,1
2020-06-24,US,Ohio,Clinton,55,0,0,39.41485808,-83.80852286,39027.0,131.05223027068243,0.0,55,55,0,0,55,55,42057,0,0,0,0,0
2020-06-24,US,Ohio,Columbiana,984,60,0,40.76932373,-80.78094576,39029.0,965.8137275109683,6.097560975609755,924,983,59,0,924,975,102665,1,1,0,0,8
2020-06-24,US,Ohio,Coshocton,64,0,0,40.30096166,-81.91729018,39031.0,174.8633879781421,0.0,64,60,0,0,60,60,36629,4,0,0,4,0
2020-06-24,US,Ohio,Crawford,125,5,0,40.85065156,-82.91989099,39033.0,301.2483732587844,4.0,120,125,5,0,120,122,41550,0,0,0,0,3
2020-06-24,US,Ohio,Cuyahoga,5964,343,0,41.424119,-81.65918339,39035.0,482.88682765053375,5.751173708920188,5621,5820,341,0,5479,5734,1243857,144,2,0,142,86
2020-06-24,US,Ohio,Darke,228,25,0,40.13412966,-84.6194517,39037.0,446.0704713086689,10.964912280701757,203,228,25,0,203,228,51323,0,0,0,0,0
2020-06-24,US,Ohio,Defiance,43,3,0,41.32398837,-84.49076944,39039.0,112.89941449838528,6.9767441860465125,40,43,3,0,40,42,38165,0,0,0,0,1
2020-06-24,US,Ohio,Delaware,441,15,0,40.27942393,-83.00457058,39041.0,210.8262380663266,3.4013605442176873,426,439,15,0,424,433,204826,2,0,0,2,6
2020-06-24,US,Ohio,Erie,219,22,0,41.36796058,-82.62904521,39043.0,294.8859505022486,10.04566210045662,197,218,22,0,196,218,74615,1,0,0,1,0
2020-06-24,US,Ohio,Fairfield,433,15,0,39.75107189,-82.63088163,39045.0,274.7915265208727,3.4642032332563515,418,426,14,0,412,414,155782,7,1,0,6,12
2020-06-24,US,Ohio,Fayette,45,0,0,39.56021306,-83.4562016,39047.0,157.75635407537246,0.0,45,45,0,0,45,45,28666,0,0,0,0,0
2020-06-24,US,Ohio,Franklin,8144,376,0,39.96995815,-83.01115755,39049.0,618.4896822190292,4.616895874263261,7768,8029,370,0,7659,7915,1310300,115,6,0,109,114
2020-06-24,US,Ohio,Fulton,54,0,0,41.60213491,-84.12571393,39051.0,128.18686796752598,0.0,54,54,0,0,54,53,42276,0,0,0,0,1
2020-06-24,US,Ohio,Gallia,9,1,0,38.82708533,-82.31647569,39053.0,30.102347983142685,11.111111111111109,8,9,1,0,8,9,29979,0,0,0,0,0
2020-06-24,US,Ohio,Geauga,369,40,0,41.49952319,-81.17935342,39055.0,394.0244957233927,10.840108401084011,329,363,37,0,326,361,94031,6,3,0,3,2
2020-06-24,US,Ohio,Greene,183,9,0,39.69116283,-83.89032084,39057.0,108.32440495569357,4.918032786885246,174,177,8,0,169,175,167995,6,1,0,5,2
2020-06-24,US,Ohio,Guernsey,47,3,0,40.05026529,-81.49248905,39059.0,120.90032154340835,6.382978723404255,44,46,3,0,43,46,39022,1,0,0,1,0
2020-06-24,US,Ohio,Hamilton,4189,189,0,39.19673558,-84.54502924,39061.0,512.432826527604,4.511816662687992,4000,4098,188,0,3910,4020,816684,91,1,0,90,78
2020-06-24,US,Ohio,Hancock,65,1,0,41.00250487,-83.66838948,39063.0,85.77121518018555,1.5384615384615383,64,64,1,0,63,63,75930,1,0,0,1,1
2020-06-24,US,Ohio,Hardin,107,11,0,40.66015414,-83.65929931,39065.0,341.14458791646734,10.280373831775703,96,107,10,0,97,107,31480,0,1,0,-1,0
2020-06-24,US,Ohio,Harrison,12,1,0,40.29380509,-81.09068544,39067.0,79.78723404255321,8.333333333333334,11,11,1,0,10,11,15174,1,0,0,1,0
2020-06-24,US,Ohio,Henry,23,0,0,41.3339642,-84.06830637,39069.0,85.16625934977412,0.0,23,23,0,0,23,23,27086,0,0,0,0,0
2020-06-24,US,Ohio,Highland,39,1,0,39.1839264,-83.60331456,39071.0,90.35935219295195,2.5641025641025643,38,39,1,0,38,39,43058,0,0,0,0,0
2020-06-24,US,Ohio,Hocking,74,7,0,39.49537927,-82.47991446,39073.0,261.8171525615624,9.459459459459461,67,74,7,0,67,74,28385,0,0,0,0,0
2020-06-24,US,Ohio,Holmes,162,3,0,40.56163713,-81.92635677,39075.0,368.51683348498636,1.851851851851852,159,152,3,0,149,136,43892,10,0,0,10,16
2020-06-24,US,Ohio,Huron,129,1,0,41.14651175,-82.59867951,39077.0,221.3984141694985,0.7751937984496124,128,127,1,0,126,122,58504,2,0,0,2,5
2020-06-24,US,Ohio,Jackson,16,0,0,39.01914254,-82.61818559999998,39079.0,49.36290994354118,0.0,16,16,0,0,16,16,32384,0,0,0,0,0
2020-06-24,US,Ohio,Jefferson,74,2,0,40.38614126,-80.76259514,39081.0,113.27975507079985,2.702702702702702,72,74,2,0,72,74,65767,0,0,0,0,0
2020-06-24,US,Ohio,Knox,34,1,0,40.39830217,-82.42027563,39083.0,54.555373704309865,2.9411764705882355,33,34,1,0,33,34,61893,0,0,0,0,0
2020-06-24,US,Ohio,Lake,381,14,0,41.69710807,-81.23676539,39085.0,165.54492958909228,3.674540682414698,367,373,15,0,358,369,230514,8,-1,0,9,4
2020-06-24,US,Ohio,Lawrence,52,0,0,38.59743452,-82.53466552,39087.0,87.44933824395002,0.0,52,48,0,0,48,45,59866,4,0,0,4,3
2020-06-24,US,Ohio,Licking,344,11,0,40.09136236,-82.48185785,39089.0,194.50192805690315,3.197674418604651,333,340,11,0,329,337,175769,4,0,0,4,3
2020-06-24,US,Ohio,Logan,50,0,0,40.38996525,-83.76784341,39091.0,109.47626554562972,0.0,50,50,0,0,50,50,45358,0,0,0,0,0
2020-06-24,US,Ohio,Lorain,878,66,0,41.29553751,-82.15083537,39093.0,283.37846517317394,7.517084282460138,812,867,66,0,801,854,309461,11,0,0,11,13
2020-06-24,US,Ohio,Lucas,2527,299,0,41.62101218,-83.65468618,39095.0,589.940889183561,11.83221210922042,2228,2516,298,0,2218,2511,429899,11,1,0,10,5
2020-06-24,US,Ohio,Madison,177,8,0,39.89381073,-83.40178317,39097.0,395.6987324227046,4.519774011299434,169,176,8,0,168,175,44413,1,0,0,1,1
2020-06-24,US,Ohio,Mahoning,1680,226,0,41.01631101,-80.77287029,39099.0,734.6414031650801,13.452380952380953,1454,1669,225,0,1444,1665,229642,11,1,0,10,4
2020-06-24,US,Ohio,Marion,2714,35,0,40.58610662,-83.15736305,39101.0,4169.4191387706815,1.2896094325718497,2679,2713,35,0,2678,2713,65256,1,0,0,1,0
2020-06-24,US,Ohio,Medina,434,31,0,41.11770589,-81.89986209999998,39103.0,241.4518264662357,7.142857142857142,403,426,31,0,395,416,179146,8,0,0,8,10
2020-06-24,US,Ohio,Meigs,9,0,0,39.09224872,-82.0305041,39105.0,39.289300213908405,0.0,9,9,0,0,9,9,23106,0,0,0,0,0
2020-06-24,US,Ohio,Mercer,259,8,0,40.54043046,-84.62912742,39107.0,629.0682988438745,3.088803088803089,251,258,8,0,250,257,40959,1,0,0,1,1
2020-06-24,US,Ohio,Miami,411,30,0,40.0543329,-84.22871271,39109.0,384.15882303457425,7.299270072992702,381,410,30,0,380,405,106222,1,0,0,1,5
2020-06-24,US,Ohio,Monroe,83,16,0,39.72984936,-81.08464734,39111.0,607.8804745862019,19.27710843373494,67,83,16,0,67,82,13790,0,0,0,0,1
2020-06-24,US,Ohio,Montgomery,1392,21,0,39.75394919,-84.29050975,39113.0,261.80816909196574,1.5086206896551724,1371,1345,20,0,1325,1292,532331,47,1,0,46,53
2020-06-24,US,Ohio,Morgan,6,0,0,39.62081738,-81.85308173,39115.0,41.356492969396186,0.0,6,6,0,0,6,6,14604,0,0,0,0,0
2020-06-24,US,Ohio,Morrow,110,1,0,40.52363560000001,-82.7892599,39117.0,311.3677536231884,0.9090909090909092,109,110,1,0,109,110,35112,0,0,0,0,0
2020-06-24,US,Ohio,Muskingum,69,1,0,39.96575964,-81.94363275,39119.0,80.03247694716697,1.4492753623188406,68,67,1,0,66,65,86183,2,0,0,2,2
2020-06-24,US,Ohio,Noble,6,0,0,39.76818851,-81.45937183,39121.0,41.59733777038269,0.0,6,6,0,0,6,6,14354,0,0,0,0,0
2020-06-24,US,Ohio,Ottawa,123,22,0,41.53781826,-83.0940185,39123.0,303.51634793337445,17.886178861788622,101,122,22,0,100,122,40769,1,0,0,1,0
2020-06-24,US,Ohio,Paulding,21,0,0,41.11676341,-84.5801017,39125.0,112.46786632390746,0.0,21,21,0,0,21,19,18760,0,0,0,0,2
2020-06-24,US,Ohio,Perry,26,1,0,39.73508655,-82.23804971,39127.0,71.95439198538773,3.8461538461538463,25,26,1,0,25,26,36033,0,0,0,0,0
2020-06-24,US,Ohio,Pickaway,2148,41,0,39.64170392,-83.0243386,39129.0,3674.495783225277,1.9087523277467409,2107,2144,41,0,2103,2141,58086,4,0,0,4,3
2020-06-24,US,Ohio,Pike,17,0,0,39.07634001,-83.06769584,39131.0,61.212732248307645,0.0,17,17,0,0,17,17,28067,0,0,0,0,0
2020-06-24,US,Ohio,Portage,379,58,0,41.16793482,-81.19735782,39133.0,233.27957849642388,15.303430079155671,321,371,58,0,313,369,162927,8,0,0,8,2
2020-06-24,US,Ohio,Preble,51,1,0,39.7420247,-84.64787018,39135.0,124.74927841103664,1.96078431372549,50,51,1,0,50,52,40997,0,0,0,0,-1
2020-06-24,US,Ohio,Putnam,106,15,0,41.02094889,-84.1336111,39137.0,313.04450547827884,14.150943396226413,91,105,15,0,90,105,33780,1,0,0,1,0
2020-06-24,US,Ohio,Richland,285,4,0,40.77180308,-82.53799609999999,39139.0,235.237796523433,1.4035087719298245,281,280,4,0,276,277,121099,5,0,0,5,3
2020-06-24,US,Ohio,Ross,87,2,0,39.33705391,-83.06000914,39141.0,113.4792476456317,2.2988505747126435,85,86,2,0,84,85,76931,1,0,0,1,1
2020-06-24,US,Ohio,Sandusky,110,13,0,41.35624126,-83.137872,39143.0,187.9763491575241,11.818181818181818,97,110,13,0,97,110,58799,0,0,0,0,0
2020-06-24,US,Ohio,Scioto,28,0,0,38.80270163,-82.98907345,39145.0,37.17768276814404,0.0,28,27,0,0,27,22,75502,1,0,0,1,5
2020-06-24,US,Ohio,Seneca,31,2,0,41.12351311,-83.12783209,39147.0,56.181811591576356,6.451612903225807,29,32,2,0,30,31,55207,-1,0,0,-1,1
2020-06-24,US,Ohio,Shelby,52,4,0,40.33163494,-84.20258189,39149.0,107.01790491870756,7.6923076923076925,48,52,4,0,48,52,48627,0,0,0,0,0
2020-06-24,US,Ohio,Stark,963,107,0,40.81482476,-81.36437305,39151.0,259.8446868102513,11.111111111111109,856,960,106,0,854,957,371574,3,1,0,2,3
2020-06-24,US,Ohio,Summit,1809,202,0,41.12464734,-81.53123079,39153.0,334.3727415052873,11.166390270867883,1607,1796,202,0,1594,1780,541918,13,0,0,13,16
2020-06-24,US,Ohio,Trumbull,756,56,0,41.31735028,-80.76109643,39155.0,381.86832614383707,7.407407407407407,700,742,56,0,686,726,198627,14,0,0,14,16
2020-06-24,US,Ohio,Tuscarawas,449,10,0,40.44214695,-81.47226262,39157.0,488.11245067237763,2.2271714922049,439,444,10,0,434,436,92176,5,0,0,5,8
2020-06-24,US,Ohio,Union,73,1,0,40.30016061,-83.37239023,39159.0,123.75398386112431,1.3698630136986298,72,73,1,0,72,71,57835,0,0,0,0,2
2020-06-24,US,Ohio,Van Wert,19,0,0,40.8554138,-84.59111700000003,39161.0,67.1971706454465,0.0,19,18,0,0,18,16,28281,1,0,0,1,2
2020-06-24,US,Ohio,Vinton,22,2,0,39.25208988,-82.4831444,39163.0,168.13144822315633,9.090909090909092,20,22,2,0,20,22,13139,0,0,0,0,0
2020-06-24,US,Ohio,Warren,629,20,0,39.42581994,-84.16557457,39165.0,268.11365632006545,3.1796502384737684,609,614,20,0,594,594,232173,15,0,0,15,20
2020-06-24,US,Ohio,Washington,120,20,0,39.45690571,-81.49121382,39167.0,200.29710737594098,16.666666666666668,100,120,20,0,100,120,60155,0,0,0,0,0
2020-06-24,US,Ohio,Wayne,338,52,0,40.82925852,-81.88844833,39169.0,292.1095843055916,15.384615384615385,286,332,52,0,280,330,115967,6,0,0,6,2
2020-06-24,US,Ohio,Williams,60,1,0,41.56052014,-84.58429552,39171.0,163.5233838438897,1.6666666666666667,59,60,1,0,59,60,36804,0,0,0,0,0
2020-06-24,US,Ohio,Wood,344,51,0,41.36224827,-83.62285108,39173.0,262.96276477827803,14.825581395348838,293,342,51,0,291,337,130696,2,0,0,2,5
2020-06-24,US,Ohio,Wyandot,55,4,0,40.84339621,-83.30734173,39175.0,252.6180415212199,7.272727272727272,51,55,4,0,51,55,21935,0,0,0,0,0
2020-06-24,US,Oklahoma,Adair,110,4,0,35.88494195,-94.65859267,40001.0,495.6294494007389,3.636363636363636,106,110,4,0,106,108,22082,0,0,0,0,2
2020-06-24,US,Oklahoma,Alfalfa,1,0,0,36.73090616,-98.32408495,40003.0,17.5377060680463,0.0,1,1,0,0,1,1,5754,0,0,0,0,0
2020-06-24,US,Oklahoma,Atoka,14,0,0,34.37366573,-96.03802487,40005.0,101.75897659543541,0.0,14,14,0,0,14,14,13838,0,0,0,0,0
2020-06-24,US,Oklahoma,Beaver,30,0,0,36.7496847,-100.4758872,40007.0,564.865373752589,0.0,30,30,0,0,30,30,5319,0,0,0,0,0
2020-06-24,US,Oklahoma,Beckham,11,0,0,35.26862449,-99.68128023,40009.0,50.32252161581042,0.0,11,9,0,0,9,9,21709,2,0,0,2,0
2020-06-24,US,Oklahoma,Blaine,14,0,0,35.87518314,-98.43307003,40011.0,148.47809948032662,0.0,14,14,0,0,14,14,9485,0,0,0,0,0
2020-06-24,US,Oklahoma,Bryan,75,1,0,33.96472458,-96.25903472,40013.0,156.26627773726432,1.3333333333333333,74,72,1,0,71,72,47192,3,0,0,3,0
2020-06-24,US,Oklahoma,Caddo,182,10,0,35.17364557,-98.37534464,40015.0,632.7793616577428,5.494505494505495,172,181,10,0,171,181,28977,1,0,0,1,0
2020-06-24,US,Oklahoma,Canadian,218,3,0,35.5426055,-97.98465569,40017.0,146.9933785551495,1.3761467889908257,215,207,3,0,204,200,144447,11,0,0,11,7
2020-06-24,US,Oklahoma,Carter,75,1,0,34.25103751,-97.28552485,40019.0,155.8895055184885,1.3333333333333333,74,74,1,0,73,70,48177,1,0,0,1,4
2020-06-24,US,Oklahoma,Cherokee,68,1,0,35.90692775,-94.99980896,40021.0,139.75378671105906,1.4705882352941178,67,66,1,0,65,66,48675,2,0,0,2,0
2020-06-24,US,Oklahoma,Choctaw,108,1,0,34.02807439,-95.54771129,40023.0,736.0959651035988,0.925925925925926,107,108,1,0,107,108,14668,0,0,0,0,0
2020-06-24,US,Oklahoma,Cimarron,1,0,0,36.74817177,-102.5173885,40025.0,46.79457182966776,0.0,1,1,0,0,1,1,2153,0,0,0,0,0
2020-06-24,US,Oklahoma,Cleveland,735,40,0,35.20413532,-97.32519562,40027.0,258.790059644947,5.442176870748299,695,711,40,0,671,684,281669,24,0,0,24,27
2020-06-24,US,Oklahoma,Coal,6,0,0,34.58840127,-96.29798747,40029.0,109.1901728844404,0.0,6,6,0,0,6,6,5520,0,0,0,0,0
2020-06-24,US,Oklahoma,Comanche,381,5,0,34.65973764,-98.47195055,40031.0,315.5305634001109,1.3123359580052494,376,377,5,0,372,377,120422,4,0,0,4,0
2020-06-24,US,Oklahoma,Cotton,5,2,0,34.28845626,-98.37053567,40033.0,88.24567596187786,40.0,3,5,2,0,3,5,5776,0,0,0,0,0
2020-06-24,US,Oklahoma,Craig,18,0,0,36.76268118,-95.20916602,40035.0,127.28044123886295,0.0,18,18,0,0,18,18,14306,0,0,0,0,0
2020-06-24,US,Oklahoma,Creek,128,7,0,35.90230551,-96.37086028,40037.0,178.96591258633708,5.46875,121,127,7,0,120,124,71604,1,0,0,1,3
2020-06-24,US,Oklahoma,Custer,51,0,0,35.63853802,-99.00170785,40039.0,175.8438782194945,0.0,51,51,0,0,51,50,29036,0,0,0,0,1
2020-06-24,US,Oklahoma,Delaware,119,16,0,36.40823634,-94.80325046,40041.0,276.68627496570485,13.445378151260504,103,118,16,0,102,117,42733,1,0,0,1,1
2020-06-24,US,Oklahoma,Dewey,4,0,0,35.98772922,-99.00730714,40043.0,81.78286648947045,0.0,4,4,0,0,4,4,4894,0,0,0,0,0
2020-06-24,US,Oklahoma,Ellis,1,0,0,36.218019399999996,-99.75324573,40045.0,25.91344908007256,0.0,1,1,0,0,1,1,3952,0,0,0,0,0
2020-06-24,US,Oklahoma,Garfield,62,2,0,36.3791334,-97.78265517,40047.0,101.5461215932914,3.2258064516129035,60,60,1,0,59,55,60913,2,1,0,1,5
2020-06-24,US,Oklahoma,Garvin,52,1,0,34.70418038,-97.30811132,40049.0,187.6511132763163,1.9230769230769231,51,51,1,0,50,49,27811,1,0,0,1,2
2020-06-24,US,Oklahoma,Grady,124,5,0,35.0167709,-97.88339847,40051.0,222.08690045492,4.032258064516129,119,125,5,0,120,125,55551,-1,0,0,-1,0
2020-06-24,US,Oklahoma,Grant,2,0,0,36.796296999999996,-97.78638765,40053.0,46.15739672282484,0.0,2,2,0,0,2,2,4326,0,0,0,0,0
2020-06-24,US,Oklahoma,Greer,66,7,0,34.93535801,-99.56056120000001,40055.0,1155.4621848739494,10.606060606060606,59,66,7,0,59,66,5821,0,0,0,0,0
2020-06-24,US,Oklahoma,Harmon,1,0,0,34.7440135,-99.84741652,40057.0,37.69317753486619,0.0,1,1,0,0,1,1,2664,0,0,0,0,0
2020-06-24,US,Oklahoma,Harper,1,0,0,36.78836519,-99.6679804,40059.0,27.11496746203905,0.0,1,1,0,0,1,1,3797,0,0,0,0,0
2020-06-24,US,Oklahoma,Haskell,7,0,0,35.22257600000001,-95.11513306,40061.0,55.436762493070404,0.0,7,7,0,0,7,7,12668,0,0,0,0,0
2020-06-24,US,Oklahoma,Hughes,6,0,0,35.04912569,-96.24921145,40063.0,45.18412531064086,0.0,6,5,0,0,5,5,13335,1,0,0,1,0
2020-06-24,US,Oklahoma,Jackson,33,3,0,34.58781741,-99.41138784,40065.0,134.52914798206277,9.090909090909092,30,34,3,0,31,34,24949,-1,0,0,-1,0
2020-06-24,US,Oklahoma,Jefferson,4,0,0,34.11130184,-97.83182974,40067.0,66.64445184938353,0.0,4,4,0,0,4,4,6123,0,0,0,0,0
2020-06-24,US,Oklahoma,Johnston,10,0,0,34.31440473,-96.66011537,40069.0,90.21199819576005,0.0,10,10,0,0,10,9,10949,0,0,0,0,1
2020-06-24,US,Oklahoma,Kay,83,7,0,36.81799745,-97.14421435,40071.0,190.6380633010244,8.433734939759036,76,81,7,0,74,80,44161,2,0,0,2,1
2020-06-24,US,Oklahoma,Kingfisher,21,0,0,35.94530008,-97.94193268,40073.0,133.20647002854423,0.0,21,20,0,0,20,19,15816,1,0,0,1,1
2020-06-24,US,Oklahoma,Kiowa,6,1,0,34.91671958,-98.97720696,40075.0,68.90215893431328,16.666666666666668,5,6,1,0,5,6,8729,0,0,0,0,0
2020-06-24,US,Oklahoma,Latimer,7,1,0,34.87844729,-95.25215049,40077.0,69.49270326615705,14.285714285714285,6,7,1,0,6,7,10231,0,0,0,0,0
2020-06-24,US,Oklahoma,Le Flore,29,1,0,34.89851864,-94.70392124,40079.0,58.17102280705274,3.4482758620689653,28,28,1,0,27,27,49980,1,0,0,1,1
2020-06-24,US,Oklahoma,Lincoln,28,2,0,35.70270942,-96.8812462,40081.0,80.28213435788629,7.142857142857142,26,28,2,0,26,27,34920,0,0,0,0,1
2020-06-24,US,Oklahoma,Logan,35,1,0,35.91899576,-97.44352845,40083.0,72.89996042573577,2.8571428571428568,34,33,1,0,32,30,47291,2,0,0,2,3
2020-06-24,US,Oklahoma,Love,27,0,0,33.95273467,-97.23906784,40085.0,263.3375597386131,0.0,27,26,0,0,26,26,10134,1,0,0,1,0
2020-06-24,US,Oklahoma,Major,8,1,0,36.31149996,-98.53467076,40093.0,104.86302267662865,12.5,7,8,1,0,7,8,7644,0,0,0,0,0
2020-06-24,US,Oklahoma,Marshall,25,0,0,34.02311222,-96.76855464,40095.0,147.65814186994268,0.0,25,25,0,0,25,23,16806,0,0,0,0,2
2020-06-24,US,Oklahoma,Mayes,71,4,0,36.30179091,-95.23175116,40097.0,172.7493917274939,5.633802816901407,67,70,4,0,66,70,41107,1,0,0,1,0
2020-06-24,US,Oklahoma,McClain,133,4,0,35.01123903,-97.44572302,40087.0,328.6060186786578,3.0075187969924815,129,133,4,0,129,130,39985,0,0,0,0,3
2020-06-24,US,Oklahoma,McCurtain,363,2,0,34.11664328,-94.77222373,40089.0,1105.6286549707602,0.5509641873278237,361,349,2,0,347,331,32703,14,0,0,14,18
2020-06-24,US,Oklahoma,McIntosh,43,1,0,35.37235506,-95.66599306,40091.0,219.4325372525005,2.3255813953488373,42,40,1,0,39,40,19815,3,0,0,3,0
2020-06-24,US,Oklahoma,Murray,14,0,0,34.48116015,-97.06826283,40099.0,99.48127620265757,0.0,14,14,0,0,14,14,13953,0,0,0,0,0
2020-06-24,US,Oklahoma,Muskogee,102,9,0,35.61318461,-95.37802952,40101.0,150.00661793902668,8.823529411764708,93,100,9,0,91,97,68362,2,0,0,2,3
2020-06-24,US,Oklahoma,Noble,31,0,0,36.38953329,-97.22928674,40103.0,278.5014823465996,0.0,31,30,0,0,30,29,11289,1,0,0,1,1
2020-06-24,US,Oklahoma,Nowata,32,1,0,36.79843529,-95.61902331,40105.0,317.5863437872172,3.125,31,29,1,0,28,28,10218,3,0,0,3,1
2020-06-24,US,Oklahoma,Okfuskee,11,0,0,35.46485198,-96.32639984,40107.0,91.72017009922456,0.0,11,11,0,0,11,11,12098,0,0,0,0,0
2020-06-24,US,Oklahoma,Oklahoma,2317,65,0,35.55140095,-97.40716948,40109.0,290.55696145386327,2.8053517479499352,2252,2230,65,0,2165,2147,792582,87,0,0,87,83
2020-06-24,US,Oklahoma,Okmulgee,50,0,0,35.64661916,-95.96432828,40111.0,129.98830105290523,0.0,50,48,0,0,48,48,38335,2,0,0,2,0
2020-06-24,US,Oklahoma,Osage,155,8,0,36.62888819,-96.39635704,40113.0,330.0470583225092,5.161290322580644,147,146,8,0,138,142,47014,9,0,0,9,4
2020-06-24,US,Oklahoma,Ottawa,43,2,0,36.83532655,-94.81011909,40115.0,138.14373373598482,4.651162790697675,41,44,2,0,42,44,31175,-1,0,0,-1,0
2020-06-24,US,Oklahoma,Pawnee,51,2,0,36.31743373,-96.70331759999999,40117.0,311.4313629702002,3.92156862745098,49,51,2,0,49,50,16390,0,0,0,0,1
2020-06-24,US,Oklahoma,Payne,294,1,0,36.07695283,-96.97584944,40119.0,359.48351755844664,0.3401360544217687,293,278,1,0,277,264,82040,16,0,0,16,14
2020-06-24,US,Oklahoma,Pittsburg,51,3,0,34.92065823,-95.75134320000001,40121.0,116.82778210473269,5.882352941176472,48,50,3,0,47,50,43877,1,0,0,1,0
2020-06-24,US,Oklahoma,Pontotoc,29,2,0,34.72959848,-96.68337199,40123.0,75.74966043255668,6.896551724137932,27,28,2,0,26,27,38247,1,0,0,1,1
2020-06-24,US,Oklahoma,Pottawatomie,89,4,0,35.20614018,-96.94923008,40125.0,122.60304165748293,4.49438202247191,85,90,4,0,86,88,72679,-1,0,0,-1,2
2020-06-24,US,Oklahoma,Pushmataha,8,0,0,34.41635232,-95.37603505,40127.0,72.09805335255948,0.0,8,8,0,0,8,8,11179,0,0,0,0,0
2020-06-24,US,Oklahoma,Rogers,142,5,0,36.37004357,-95.60406759,40131.0,153.58158751446587,3.5211267605633805,137,132,5,0,127,128,91984,10,0,0,10,4
2020-06-24,US,Oklahoma,Seminole,35,3,0,35.16478725,-96.61686741,40133.0,144.28229862313464,8.571428571428571,32,35,3,0,32,35,24578,0,0,0,0,0
2020-06-24,US,Oklahoma,Sequoyah,28,3,0,35.49447108,-94.75463785,40135.0,67.35788688686279,10.714285714285714,25,27,3,0,24,26,41179,1,0,0,1,1
2020-06-24,US,Oklahoma,Stephens,50,1,0,34.48556989,-97.85141892,40137.0,115.89365598127158,2.0,49,49,1,0,48,49,43265,1,0,0,1,0
2020-06-24,US,Oklahoma,Texas,983,6,0,36.74777635,-101.4889765,40139.0,4919.1813041084915,0.6103763987792472,977,983,6,0,977,980,20455,0,0,0,0,3
2020-06-24,US,Oklahoma,Tillman,23,1,0,34.37288446,-98.92426619,40141.0,317.2413793103448,4.3478260869565215,22,23,1,0,22,23,7348,0,0,0,0,0
2020-06-24,US,Oklahoma,Tulsa,2742,66,0,36.11939621,-95.94013939,40143.0,420.8413142772948,2.4070021881838075,2676,2483,66,0,2417,2392,648360,259,0,0,259,91
2020-06-24,US,Oklahoma,Wagoner,223,18,0,35.96024096,-95.51911308,40145.0,274.32986012867667,8.071748878923767,205,216,18,0,198,215,80110,7,0,0,7,1
2020-06-24,US,Oklahoma,Washington,385,38,0,36.71380786,-95.90514104,40147.0,747.1810895258798,9.870129870129869,347,381,38,0,343,377,51843,4,0,0,4,4
2020-06-24,US,Oklahoma,Washita,3,0,0,35.29071824,-98.99180434,40149.0,27.482594356907292,0.0,3,3,0,0,3,3,11127,0,0,0,0,0
2020-06-24,US,Oklahoma,Woods,5,0,0,36.76705782,-98.86573064,40151.0,56.86341407938134,0.0,5,5,0,0,5,5,8897,0,0,0,0,0
2020-06-24,US,Oklahoma,Woodward,12,0,0,36.42316318,-99.26283045,40153.0,59.373608431052396,0.0,12,12,0,0,12,12,20222,0,0,0,0,0
2020-06-24,US,Oregon,Baker,1,0,0,44.70915557,-117.6749883,41001.0,6.201935003721161,0.0,1,1,0,0,1,1,16006,0,0,0,0,0
2020-06-24,US,Oregon,Benton,70,5,0,44.49167306,-123.4316987,41003.0,75.22594650360547,7.142857142857142,65,68,5,0,63,69,92101,2,0,0,2,-1
2020-06-24,US,Oregon,Clackamas,640,24,0,45.18787398,-122.2179634,41005.0,153.04158187605066,3.75,616,632,23,0,609,607,416075,8,1,0,7,25
2020-06-24,US,Oregon,Clatsop,47,0,0,45.99712889,-123.660711,41007.0,116.84566428003185,0.0,47,46,0,0,46,46,39764,1,0,0,1,0
2020-06-24,US,Oregon,Columbia,26,0,0,45.94464254,-123.08908980000001,41009.0,49.66191694999428,0.0,26,26,0,0,26,26,52377,0,0,0,0,0
2020-06-24,US,Oregon,Coos,37,0,0,43.17406868,-124.0594514,41011.0,57.37590522120738,0.0,37,37,0,0,37,36,64389,0,0,0,0,1
2020-06-24,US,Oregon,Crook,9,0,0,44.14230227,-120.356297,41013.0,36.87920013112605,0.0,9,9,0,0,9,9,23867,0,0,0,0,0
2020-06-24,US,Oregon,Curry,7,0,0,42.45911325,-124.15728200000001,41015.0,30.53435114503817,0.0,7,7,0,0,7,7,22813,0,0,0,0,0
2020-06-24,US,Oregon,Deschutes,153,0,0,43.91570171,-121.2289121,41017.0,77.39311656516198,0.0,153,149,0,0,149,147,191996,4,0,0,4,2
2020-06-24,US,Oregon,Douglas,34,0,0,43.27941273,-123.16729099999999,41019.0,30.63615065777617,0.0,34,34,0,0,34,34,110283,0,0,0,0,0
2020-06-24,US,Oregon,Grant,1,0,0,44.49024544,-119.0068631,41023.0,13.890818169190164,0.0,1,1,0,0,1,1,7176,0,0,0,0,0
2020-06-24,US,Oregon,Harney,1,0,0,43.06422669,-118.96663059999999,41025.0,13.526308670363855,0.0,1,1,0,0,1,1,7329,0,0,0,0,0
2020-06-24,US,Oregon,Hood River,88,0,0,45.51872811,-121.65520359999998,41027.0,376.35788213155416,0.0,88,89,0,0,89,88,23428,-1,0,0,-1,1
2020-06-24,US,Oregon,Jackson,94,0,0,42.43201126,-122.72893090000001,41029.0,42.544717213411545,0.0,94,92,0,0,92,91,219564,2,0,0,2,1
2020-06-24,US,Oregon,Jefferson,84,0,0,44.62806839,-121.17832,41031.0,340.6602319733961,0.0,84,81,0,0,81,79,24192,3,0,0,3,2
2020-06-24,US,Oregon,Josephine,26,1,0,42.3665549,-123.5561938,41033.0,29.71870106415811,3.8461538461538463,25,26,1,0,25,26,87393,0,0,0,0,0
2020-06-24,US,Oregon,Klamath,98,0,0,42.68762984,-121.64964609999998,41035.0,143.61499457780118,0.0,98,95,0,0,95,88,67653,3,0,0,3,7
2020-06-24,US,Oregon,Lake,6,0,0,42.79246693,-120.38501629999999,41037.0,76.24857033930614,0.0,6,6,0,0,6,6,7879,0,0,0,0,0
2020-06-24,US,Oregon,Lane,107,3,0,43.93727035,-122.847753,41039.0,28.005559234375124,2.803738317757009,104,107,3,0,104,106,379611,0,0,0,0,1
2020-06-24,US,Oregon,Lincoln,301,2,0,44.64252874,-123.86991200000001,41041.0,602.4578679796646,0.6644518272425249,299,292,1,0,291,292,49388,9,1,0,8,0
2020-06-24,US,Oregon,Linn,130,9,0,44.48899494,-122.53731540000001,41043.0,100.19345043121719,6.9230769230769225,121,129,9,0,120,129,127335,1,0,0,1,0
2020-06-24,US,Oregon,Malheur,58,1,0,43.1937027,-117.62273950000001,41045.0,189.72228582643683,1.7241379310344829,57,53,1,0,52,51,30725,5,0,0,5,2
2020-06-24,US,Oregon,Marion,1378,36,0,44.90287942,-122.58151170000001,41047.0,396.1842112829123,2.6124818577648767,1342,1365,35,0,1330,1348,346868,13,1,0,12,17
2020-06-24,US,Oregon,Morrow,35,1,0,45.41846568,-119.584546,41049.0,301.64612600189605,2.8571428571428568,34,35,1,0,34,32,11372,0,0,0,0,3
2020-06-24,US,Oregon,Multnomah,1938,68,0,45.54747959,-122.4169351,41051.0,238.4189062009829,3.5087719298245608,1870,1893,68,0,1825,1849,811880,45,0,0,45,44
2020-06-24,US,Oregon,Polk,132,12,0,44.90322804,-123.4128888,41053.0,153.3368182610211,9.090909090909092,120,131,12,0,119,130,85234,1,0,0,1,1
2020-06-24,US,Oregon,Sherman,1,0,0,45.41501554,-120.6827834,41055.0,56.179775280898866,0.0,1,1,0,0,1,1,1708,0,0,0,0,0
2020-06-24,US,Oregon,Tillamook,7,0,0,45.46248721,-123.712066,41057.0,25.89140405385412,0.0,7,7,0,0,7,6,26787,0,0,0,0,1
2020-06-24,US,Oregon,Umatilla,333,4,0,45.59073056,-118.7353826,41059.0,427.1969211032714,1.2012012012012012,329,298,4,0,294,279,77516,35,0,0,35,19
2020-06-24,US,Oregon,Union,287,0,0,45.30915495,-118.0068979,41061.0,1069.4987888950998,0.0,287,282,0,0,282,263,26461,5,0,0,5,19
2020-06-24,US,Oregon,Wallowa,8,0,0,45.57894064,-117.18353799999998,41063.0,110.98779134295229,0.0,8,8,0,0,8,8,7081,0,0,0,0,0
2020-06-24,US,Oregon,Wasco,54,1,0,45.16292781,-121.16709540000001,41065.0,202.38362941308748,1.851851851851852,53,52,1,0,51,48,26505,2,0,0,2,4
2020-06-24,US,Oregon,Washington,1151,20,0,45.55972701,-123.0955257,41067.0,191.325682522374,1.737619461337967,1131,1120,20,0,1100,1078,597695,31,0,0,31,42
2020-06-24,US,Oregon,Yamhill,102,8,0,45.23330449,-123.3086963,41071.0,95.23809523809523,7.84313725490196,94,101,8,0,93,101,107002,1,0,0,1,0
2020-06-24,US,Pennsylvania,Adams,321,12,0,39.87140411,-77.21610347,42001.0,311.6232562203303,3.7383177570093458,309,322,12,0,310,317,102811,-1,0,0,-1,5
2020-06-24,US,Pennsylvania,Allegheny,2284,180,0,40.46809875,-79.98167747,42003.0,187.82199671887142,7.880910683012259,2104,2239,179,0,2060,2220,1218452,45,1,0,44,19
2020-06-24,US,Pennsylvania,Armstrong,70,6,0,40.81665618,-79.46290811,42005.0,108.13315826060094,8.571428571428571,64,70,6,0,64,69,65263,0,0,0,0,1
2020-06-24,US,Pennsylvania,Beaver,634,78,0,40.6825484,-80.34921611,42007.0,386.75280151773023,12.302839116719243,556,630,78,0,552,625,164742,4,0,0,4,5
2020-06-24,US,Pennsylvania,Bedford,71,2,0,40.00522157,-78.48998442,42009.0,148.26261276311394,2.8169014084507036,69,69,2,0,67,66,48176,2,0,0,2,3
2020-06-24,US,Pennsylvania,Berks,4453,347,0,40.41570541,-75.92457766,42011.0,1057.3078420757706,7.792499438580732,4106,4444,345,0,4099,4419,420152,9,2,0,7,25
2020-06-24,US,Pennsylvania,Blair,69,1,0,40.47961444,-78.34917412,42013.0,56.63676136223725,1.4492753623188406,68,61,1,0,60,58,122492,8,0,0,8,3
2020-06-24,US,Pennsylvania,Bradford,51,3,0,41.78869215,-76.51570822,42015.0,84.54486680039123,5.882352941176472,48,50,3,0,47,50,60833,1,0,0,1,0
2020-06-24,US,Pennsylvania,Bucks,5619,559,0,40.33682119,-75.10836643,42017.0,894.3607047925258,9.94838939313045,5060,5580,555,0,5025,5567,628195,39,4,0,35,13
2020-06-24,US,Pennsylvania,Butler,277,13,0,40.91152759,-79.91351055,42019.0,147.45572335815768,4.693140794223827,264,273,13,0,260,271,187888,4,0,0,4,2
2020-06-24,US,Pennsylvania,Cambria,62,3,0,40.49527404,-78.71377428,42021.0,47.62197370038098,4.838709677419356,59,62,3,0,59,61,131730,0,0,0,0,1
2020-06-24,US,Pennsylvania,Cameron,2,0,0,41.43625568,-78.20376845,42023.0,44.974139869575005,0.0,2,2,0,0,2,2,4492,0,0,0,0,0
2020-06-24,US,Pennsylvania,Carbon,271,25,0,40.91545395,-75.7068525,42025.0,422.2367642018011,9.22509225092251,246,268,24,0,244,267,64227,3,1,0,2,1
2020-06-24,US,Pennsylvania,Centre,196,6,0,40.92058903,-77.82200624,42027.0,120.70080364565693,3.0612244897959178,190,195,6,0,189,184,162805,1,0,0,1,11
2020-06-24,US,Pennsylvania,Chester,3559,319,0,39.97291773,-75.74768357,42029.0,677.9189659211908,8.963191907839281,3240,3537,317,0,3220,3513,522046,22,2,0,20,24
2020-06-24,US,Pennsylvania,Clarion,33,2,0,41.19265812,-79.42413524,42031.0,85.85254175555441,6.0606060606060606,31,33,2,0,31,31,38779,0,0,0,0,2
2020-06-24,US,Pennsylvania,Clearfield,70,0,0,41.00110782,-78.47592663,42033.0,88.32250331209387,0.0,70,70,0,0,70,67,79388,0,0,0,0,3
2020-06-24,US,Pennsylvania,Clinton,73,3,0,41.23255967,-77.63785995,42035.0,188.9625181196936,4.109589041095891,70,73,3,0,70,71,38684,0,0,0,0,2
2020-06-24,US,Pennsylvania,Columbia,398,33,0,41.04821986,-76.40565017,42037.0,612.6470044947971,8.291457286432161,365,397,33,0,364,397,65456,1,0,0,1,0
2020-06-24,US,Pennsylvania,Crawford,48,0,0,41.68447709,-80.10760592,42039.0,56.71814626191967,0.0,48,43,0,0,43,42,85063,5,0,0,5,1
2020-06-24,US,Pennsylvania,Cumberland,809,61,0,40.1625372,-77.26130755,42041.0,319.2958913841418,7.540173053152039,748,801,61,0,740,792,251423,8,0,0,8,9
2020-06-24,US,Pennsylvania,Dauphin,1864,127,0,40.41377078,-76.77993242,42043.0,669.7832187683032,6.813304721030043,1737,1851,122,0,1729,1810,277097,13,5,0,8,41
2020-06-24,US,Pennsylvania,Delaware,7079,643,0,39.91680171,-75.40243663,42045.0,1249.0582217462113,9.083203842350617,6436,7065,637,0,6428,7051,564751,14,6,0,8,14
2020-06-24,US,Pennsylvania,Elk,10,0,0,41.42822061,-78.64524744,42047.0,33.433634236041456,0.0,10,9,0,0,9,9,30169,1,0,0,1,0
2020-06-24,US,Pennsylvania,Erie,551,9,0,41.99253829,-80.03301954,42049.0,204.2798671254004,1.6333938294010892,542,542,9,0,533,535,272061,9,0,0,9,7
2020-06-24,US,Pennsylvania,Fayette,104,4,0,39.92041012,-79.64291195,42051.0,80.44927827714777,3.8461538461538463,100,104,4,0,100,104,130441,0,0,0,0,0
2020-06-24,US,Pennsylvania,Forest,7,0,0,41.51095103,-79.23229292,42053.0,96.59169311439214,0.0,7,7,0,0,7,7,7279,0,0,0,0,0
2020-06-24,US,Pennsylvania,Franklin,896,42,0,39.92956518,-77.72157791,42055.0,577.9638385571544,4.6875,854,891,42,0,849,882,154835,5,0,0,5,9
2020-06-24,US,Pennsylvania,Fulton,18,1,0,39.92913544,-78.11163677,42057.0,123.88162422573986,5.5555555555555545,17,18,1,0,17,18,14523,0,0,0,0,0
2020-06-24,US,Pennsylvania,Greene,35,0,0,39.85746531,-80.22357106,42059.0,96.5970248116358,0.0,35,35,0,0,35,35,36506,0,0,0,0,0
2020-06-24,US,Pennsylvania,Huntingdon,242,4,0,40.42162652,-77.97673273,42061.0,536.0623781676413,1.6528925619834711,238,240,4,0,236,240,45168,2,0,0,2,0
2020-06-24,US,Pennsylvania,Indiana,98,6,0,40.65241041,-79.08963285,42063.0,116.56536581304344,6.1224489795918355,92,98,5,0,93,98,84501,0,1,0,-1,0
2020-06-24,US,Pennsylvania,Jefferson,21,1,0,41.12913106,-78.9986361,42065.0,48.35924006908464,4.761904761904762,20,21,1,0,20,20,43641,0,0,0,0,1
2020-06-24,US,Pennsylvania,Juniata,109,5,0,40.53358749,-77.39975129999998,42067.0,440.172838509066,4.587155963302751,104,108,5,0,103,108,24704,1,0,0,1,0
2020-06-24,US,Pennsylvania,Lackawanna,1638,201,0,41.43564672,-75.60379201,42069.0,781.2127397769873,12.271062271062274,1437,1630,200,0,1430,1627,210793,8,1,0,7,3
2020-06-24,US,Pennsylvania,Lancaster,4152,352,0,40.03904563,-76.24770128,42071.0,760.824152868483,8.477842003853565,3800,4106,350,0,3756,4029,543557,46,2,0,44,77
2020-06-24,US,Pennsylvania,Lawrence,94,9,0,40.99206278,-80.33393706,42073.0,109.92609224436336,9.574468085106382,85,92,9,0,83,92,86184,2,0,0,2,0
2020-06-24,US,Pennsylvania,Lebanon,1278,42,0,40.36680311,-76.45651841,42075.0,901.3138871453456,3.286384976525821,1236,1272,41,0,1231,1261,141314,6,1,0,5,11
2020-06-24,US,Pennsylvania,Lehigh,4130,284,0,40.6154815,-75.59435245,42077.0,1118.2774736135254,6.876513317191282,3846,4109,281,0,3828,4091,368100,21,3,0,18,18
2020-06-24,US,Pennsylvania,Luzerne,2874,173,0,41.17823008,-75.98447579,42079.0,905.4335464074072,6.019485038274183,2701,2873,172,0,2701,2870,317646,1,1,0,0,3
2020-06-24,US,Pennsylvania,Lycoming,175,19,0,41.34310539,-77.06629984,42081.0,154.4585565627234,10.857142857142858,156,173,19,0,154,173,113664,2,0,0,2,0
2020-06-24,US,Pennsylvania,McKean,15,1,0,41.80938602,-78.56478358,42083.0,36.92307692307692,6.666666666666668,14,15,1,0,14,15,40968,0,0,0,0,0
2020-06-24,US,Pennsylvania,Mercer,120,6,0,41.30248872,-80.25816981,42085.0,109.66515572452113,5.0,114,119,6,0,113,119,110683,1,0,0,1,0
2020-06-24,US,Pennsylvania,Mifflin,61,1,0,40.61116939,-77.61070738,42087.0,132.21205947375265,1.639344262295082,60,61,1,0,60,61,46222,0,0,0,0,0
2020-06-24,US,Pennsylvania,Monroe,1384,108,0,41.05934058,-75.34031025,42089.0,812.8219133029112,7.803468208092487,1276,1379,108,0,1271,1378,169507,5,0,0,5,1
2020-06-24,US,Pennsylvania,Montgomery,8188,791,0,40.21053671,-75.36652296,42091.0,985.4196879343857,9.66047874938935,7397,8159,787,0,7372,8123,828604,29,4,0,25,36
2020-06-24,US,Pennsylvania,Montour,68,0,0,41.03023987,-76.66345939,42093.0,373.0115194733955,0.0,68,68,0,0,68,68,18240,0,0,0,0,0
2020-06-24,US,Pennsylvania,Northampton,3339,259,0,40.75182733,-75.30471829,42095.0,1093.7320864110586,7.756813417190775,3080,3327,255,0,3072,3312,304807,12,4,0,8,15
2020-06-24,US,Pennsylvania,Northumberland,281,5,0,40.84785433,-76.70798222,42097.0,309.3248791871692,1.7793594306049825,276,280,4,0,276,279,91083,1,1,0,0,1
2020-06-24,US,Pennsylvania,Perry,85,5,0,40.40206612,-77.26297447,42099.0,183.69640387275243,5.882352941176472,80,85,5,0,80,83,46139,0,0,0,0,2
2020-06-24,US,Pennsylvania,Philadelphia,25443,1576,0,40.00338507,-75.1379271,42101.0,1606.1851036321766,6.194238100852887,23867,25335,1564,0,23771,25116,1584138,108,12,0,96,219
2020-06-24,US,Pennsylvania,Pike,489,20,0,41.33155042,-75.03208106,42103.0,876.2027629952157,4.08997955010225,469,489,20,0,469,489,55933,0,0,0,0,0
2020-06-24,US,Pennsylvania,Potter,14,0,0,41.74471626,-77.89559864,42105.0,84.71499455403607,0.0,14,13,0,0,13,13,16622,1,0,0,1,0
2020-06-24,US,Pennsylvania,Schuylkill,721,43,0,40.70497338,-76.2150785,42107.0,510.0488826321634,5.963938973647712,678,719,43,0,676,715,142067,2,0,0,2,4
2020-06-24,US,Pennsylvania,Snyder,61,2,0,40.77129231,-77.06840691,42109.0,151.09481819082532,3.278688524590164,59,61,1,0,60,61,40540,0,1,0,-1,0
2020-06-24,US,Pennsylvania,Somerset,49,1,0,39.97172723,-79.02699593,42111.0,66.71477391860797,2.0408163265306123,48,48,1,0,47,48,73952,1,0,0,1,0
2020-06-24,US,Pennsylvania,Sullivan,3,0,0,41.44634738,-76.51246591,42113.0,49.455984174085074,0.0,3,3,0,0,3,3,6071,0,0,0,0,0
2020-06-24,US,Pennsylvania,Susquehanna,178,21,0,41.82147784,-75.80071959,42115.0,441.3806784368182,11.797752808988767,157,178,20,0,158,178,40589,0,1,0,-1,0
2020-06-24,US,Pennsylvania,Tioga,23,2,0,41.77255149,-77.25433032,42117.0,56.66280702618807,8.695652173913043,21,23,2,0,21,23,40763,0,0,0,0,0
2020-06-24,US,Pennsylvania,Union,89,2,0,40.96188846,-77.05996014,42119.0,198.11677759722198,2.247191011235955,87,89,2,0,87,89,44785,0,0,0,0,0
2020-06-24,US,Pennsylvania,Venango,17,0,0,41.40323442,-79.75845449,42121.0,33.55174863819373,0.0,17,17,0,0,17,17,51266,0,0,0,0,0
2020-06-24,US,Pennsylvania,Warren,5,0,0,41.81304978,-79.26969577,42123.0,12.758031180628205,0.0,5,5,0,0,5,5,39498,0,0,0,0,0
2020-06-24,US,Pennsylvania,Washington,176,6,0,40.19208869,-80.24582867,42125.0,85.07964131196674,3.4090909090909087,170,171,6,0,165,168,207346,5,0,0,5,3
2020-06-24,US,Pennsylvania,Wayne,131,9,0,41.64938475,-75.29956506,42127.0,255.05733922626118,6.870229007633588,122,131,9,0,122,130,51276,0,0,0,0,1
2020-06-24,US,Pennsylvania,Westmoreland,563,38,0,40.31377979999999,-79.46615476,42129.0,161.36475025723774,6.749555950266429,525,552,38,0,514,546,350611,11,0,0,11,6
2020-06-24,US,Pennsylvania,Wyoming,37,7,0,41.51955538,-76.01074915,42131.0,138.09061730238113,18.918918918918923,30,37,7,0,30,37,27046,0,0,0,0,0
2020-06-24,US,Pennsylvania,York,1400,40,0,39.9210089,-76.73040131,42133.0,311.76373653292006,2.8571428571428568,1360,1381,39,0,1342,1351,448273,19,1,0,18,30
2020-06-24,US,Rhode Island,Bristol,247,0,0,41.71018079,-71.28652315,44001.0,509.49895831184637,0.0,247,247,0,0,247,247,48649,0,0,0,0,0
2020-06-24,US,Rhode Island,Kent,1169,0,0,41.67106337,-71.57641596,44003.0,711.5379933289508,0.0,1169,1169,0,0,1169,1169,163861,0,0,0,0,0
2020-06-24,US,Rhode Island,Newport,294,0,0,41.5642026,-71.26569799,44005.0,358.17840695889475,0.0,294,294,0,0,294,294,82542,0,0,0,0,0
2020-06-24,US,Rhode Island,Providence,12712,0,0,41.87064746,-71.57753536,44007.0,1989.5732090006588,0.0,12712,12712,0,0,12712,12712,636084,0,0,0,0,0
2020-06-24,US,Rhode Island,Unassigned,1661,912,0,0.0,0.0,90044.0,0.0,54.90668272125226,749,1588,906,0,682,1514,,73,6,0,67,74
2020-06-24,US,Rhode Island,Washington,523,0,0,41.45961631,-71.61435303,44009.0,416.4775396768517,0.0,523,523,0,0,523,523,126179,0,0,0,0,0
2020-06-24,US,South Carolina,Abbeville,91,0,0,34.22333378,-82.46170658,45001.0,371.0196925836833,0.0,91,86,0,0,86,87,24541,5,0,0,5,-1
2020-06-24,US,South Carolina,Aiken,302,9,0,33.54338026,-81.63645384,45003.0,176.7404841050611,2.9801324503311264,293,281,9,0,272,279,169401,21,0,0,21,2
2020-06-24,US,South Carolina,Allendale,46,3,0,32.98837386,-81.35321066,45005.0,529.4659300184162,6.521739130434782,43,46,3,0,43,46,8903,0,0,0,0,0
2020-06-24,US,South Carolina,Anderson,505,10,0,34.51828081,-82.63959517,45007.0,249.31130836599888,1.98019801980198,495,483,10,0,473,461,200482,22,0,0,22,22
2020-06-24,US,South Carolina,Bamberg,76,0,0,33.21927586,-81.05659969,45009.0,540.3099672970283,0.0,76,67,0,0,67,66,14275,9,0,0,9,1
2020-06-24,US,South Carolina,Barnwell,66,1,0,33.26679302,-81.43584352,45011.0,316.30403527269243,1.5151515151515151,65,62,1,0,61,60,21112,4,0,0,4,2
2020-06-24,US,South Carolina,Beaufort,951,17,0,32.39226291,-80.72619758,45013.0,494.99797003987055,1.7875920084121977,934,911,16,0,895,884,188715,40,1,0,39,27
2020-06-24,US,South Carolina,Berkeley,740,20,0,33.20222596,-79.94654523,45015.0,324.6938444189955,2.702702702702702,720,695,20,0,675,644,221091,45,0,0,45,51
2020-06-24,US,South Carolina,Calhoun,74,1,0,33.66926881,-80.77722168,45017.0,508.48622277193687,1.351351351351351,73,74,1,0,73,73,14520,0,0,0,0,1
2020-06-24,US,South Carolina,Charleston,2417,21,0,32.82487866,-79.96512315,45019.0,587.4975085438715,0.8688456764584195,2396,2251,20,0,2231,2044,405905,166,1,0,165,207
2020-06-24,US,South Carolina,Cherokee,121,6,0,35.05122251,-81.61828622,45021.0,211.16928446771385,4.958677685950414,115,113,6,0,107,112,57078,8,0,0,8,1
2020-06-24,US,South Carolina,Chester,154,1,0,34.69249168,-81.1583216,45023.0,477.6082371914154,0.6493506493506493,153,151,1,0,150,146,32251,3,0,0,3,5
2020-06-24,US,South Carolina,Chesterfield,335,12,0,34.64137396,-80.15640140000002,45025.0,733.8444687842277,3.582089552238806,323,328,12,0,316,322,45754,7,0,0,7,6
2020-06-24,US,South Carolina,Clarendon,378,42,0,33.66610974,-80.21647898,45027.0,1120.1659505111866,11.111111111111109,336,373,42,0,331,365,33700,5,0,0,5,8
2020-06-24,US,South Carolina,Colleton,258,20,0,32.87582989,-80.67641292,45029.0,684.7678955330837,7.751937984496124,238,252,20,0,232,245,37660,6,0,0,6,7
2020-06-24,US,South Carolina,Darlington,393,14,0,34.33358335,-79.96027485,45031.0,589.930649374043,3.5623409669211195,379,386,14,0,372,384,66802,7,0,0,7,2
2020-06-24,US,South Carolina,Dillon,237,6,0,34.39007791,-79.37741872,45033.0,777.5845664227829,2.5316455696202533,231,231,5,0,226,230,30599,6,1,0,5,1
2020-06-24,US,South Carolina,Dorchester,452,3,0,33.0794369,-80.40502652,45035.0,277.62592977046717,0.6637168141592921,449,423,3,0,420,390,160647,29,0,0,29,33
2020-06-24,US,South Carolina,Edgefield,73,2,0,33.77221995,-81.96231108,45037.0,267.7916360968452,2.7397260273972597,71,71,2,0,69,70,27052,2,0,0,2,1
2020-06-24,US,South Carolina,Fairfield,269,21,0,34.39287073,-81.1195624,45039.0,1203.7409943169105,7.806691449814126,248,266,21,0,245,259,22402,3,0,0,3,7
2020-06-24,US,South Carolina,Florence,1014,47,0,34.02361754,-79.70189312,45041.0,733.2258321100851,4.635108481262328,967,995,47,0,948,977,138159,19,0,0,19,18
2020-06-24,US,South Carolina,Georgetown,303,3,0,33.43443342,-79.33202141,45043.0,483.4077855775367,0.99009900990099,300,286,3,0,283,269,62249,17,0,0,17,17
2020-06-24,US,South Carolina,Greenville,4072,77,0,34.89502264,-82.37295012,45045.0,777.7790511553993,1.8909626719056976,3995,3822,75,0,3747,3768,514213,250,2,0,248,54
2020-06-24,US,South Carolina,Greenwood,392,6,0,34.15272415,-82.12715789,45047.0,553.5863072121563,1.5306122448979589,386,382,6,0,376,374,70741,10,0,0,10,8
2020-06-24,US,South Carolina,Hampton,58,1,0,32.77419582,-81.13845571,45049.0,301.737592342108,1.7241379310344829,57,58,1,0,57,55,19351,0,0,0,0,3
2020-06-24,US,South Carolina,Horry,2372,42,0,33.9212828,-78.99555293,45051.0,669.9032142362905,1.7706576728499157,2330,2189,42,0,2147,2054,344147,183,0,0,183,135
2020-06-24,US,South Carolina,Jasper,92,3,0,32.43171982,-81.02487495,45053.0,305.9222558441127,3.260869565217391,89,87,3,0,84,82,28971,5,0,0,5,5
2020-06-24,US,South Carolina,Kershaw,581,15,0,34.33988254,-80.58763164,45055.0,873.0146804706166,2.5817555938037864,566,570,15,0,555,557,65592,11,0,0,11,13
2020-06-24,US,South Carolina,Lancaster,352,10,0,34.68270843,-80.70513032,45057.0,359.1396971799373,2.8409090909090913,342,344,10,0,334,335,95380,8,0,0,8,9
2020-06-24,US,South Carolina,Laurens,278,4,0,34.48244419,-82.00490796,45059.0,411.89456684396896,1.4388489208633093,274,269,4,0,265,254,66994,9,0,0,9,15
2020-06-24,US,South Carolina,Lee,264,21,0,34.16393091,-80.25690731,45061.0,1568.8138816258618,7.954545454545454,243,265,21,0,244,256,17142,-1,0,0,-1,9
2020-06-24,US,South Carolina,Lexington,1625,44,0,33.89665987,-81.27146426,45063.0,543.9330543933054,2.707692307692308,1581,1555,43,0,1512,1513,295032,70,1,0,69,42
2020-06-24,US,South Carolina,Marion,164,6,0,34.07859748,-79.36400756,45067.0,534.9512346283068,3.6585365853658534,158,159,6,0,153,155,31039,5,0,0,5,4
2020-06-24,US,South Carolina,Marlboro,287,4,0,34.59905577,-79.67561152,45069.0,1098.859024427598,1.3937282229965158,283,280,4,0,276,274,26398,7,0,0,7,6
2020-06-24,US,South Carolina,McCormick,11,1,0,33.90161443,-82.30794338,45065.0,116.24220648842865,9.090909090909092,10,11,1,0,10,11,9410,0,0,0,0,0
2020-06-24,US,South Carolina,Newberry,175,4,0,34.28629098,-81.59935761,45071.0,455.25494276795007,2.2857142857142856,171,143,3,0,140,137,38520,32,1,0,31,6
2020-06-24,US,South Carolina,Oconee,157,1,0,34.75225169,-83.06742317,45073.0,197.37007517662727,0.6369426751592356,156,142,1,0,141,154,78374,15,0,0,15,-12
2020-06-24,US,South Carolina,Orangeburg,567,9,0,33.4391073,-80.79886287,45075.0,657.9634464751957,1.5873015873015872,558,539,8,0,531,524,86934,28,1,0,27,15
2020-06-24,US,South Carolina,Pickens,642,4,0,34.88807695,-82.72791551,45077.0,505.97396046782893,0.6230529595015576,638,570,4,0,566,529,124937,72,0,0,72,41
2020-06-24,US,South Carolina,Richland,2880,80,0,34.01791263,-80.90267209,45079.0,692.7089972796741,2.7777777777777777,2800,2778,80,0,2698,2704,414576,102,0,0,102,74
2020-06-24,US,South Carolina,Saluda,192,1,0,34.00795823,-81.72713237,45081.0,937.8205441312947,0.5208333333333334,191,187,1,0,186,185,20544,5,0,0,5,2
2020-06-24,US,South Carolina,Spartanburg,1278,44,0,34.92960077,-81.99225984,45083.0,399.6435104836062,3.442879499217528,1234,1257,42,0,1215,1247,313888,21,2,0,19,10
2020-06-24,US,South Carolina,Sumter,867,21,0,33.91826534,-80.37942316,45085.0,812.3986844201235,2.4221453287197234,846,842,21,0,821,825,106512,25,0,0,25,17
2020-06-24,US,South Carolina,Union,68,0,0,34.68835752,-81.61730349,45087.0,248.93835114950943,0.0,68,62,0,0,62,62,27410,6,0,0,6,0
2020-06-24,US,South Carolina,Williamsburg,354,15,0,33.62190129,-79.72767442,45089.0,1165.700737618546,4.2372881355932215,339,345,15,0,330,339,30606,9,0,0,9,6
2020-06-24,US,South Carolina,York,914,11,0,34.97281497,-81.18085944,45091.0,325.29121393413743,1.2035010940919038,903,885,11,0,874,859,274118,29,0,0,29,26
2020-06-24,US,South Dakota,Aurora,34,0,0,43.71757685,-98.56050467,46003.0,1235.9142130134496,0.0,34,34,0,0,34,34,2801,0,0,0,0,0
2020-06-24,US,South Dakota,Beadle,504,6,0,44.41464384,-98.27858469,46005.0,2731.263209234271,1.1904761904761905,498,495,6,0,489,494,18883,9,0,0,9,1
2020-06-24,US,South Dakota,Bennett,3,0,0,43.19486375,-101.6665572,46007.0,89.15304606240713,0.0,3,3,0,0,3,2,3468,0,0,0,0,1
2020-06-24,US,South Dakota,Bon Homme,11,0,0,42.98914167,-97.88592746,46009.0,159.39718881321548,0.0,11,11,0,0,11,11,6980,0,0,0,0,0
2020-06-24,US,South Dakota,Brookings,54,0,0,44.36974375,-96.79079945,46011.0,153.94703081791488,0.0,54,54,0,0,54,52,35232,0,0,0,0,2
2020-06-24,US,South Dakota,Brown,330,2,0,45.58994323,-98.35165355,46013.0,849.6614227966734,0.6060606060606061,328,327,2,0,325,326,39316,3,0,0,3,1
2020-06-24,US,South Dakota,Brule,16,0,0,43.71756379,-99.08118954,46015.0,302.05776854823483,0.0,16,16,0,0,16,15,5229,0,0,0,0,1
2020-06-24,US,South Dakota,Buffalo,68,0,0,44.07657829,-99.20814467,46017.0,3465.8511722731905,0.0,68,66,0,0,66,66,2036,2,0,0,2,0
2020-06-24,US,South Dakota,Charles Mix,56,0,0,43.20660134,-98.58856175,46023.0,602.6689625484287,0.0,56,49,0,0,49,49,9338,7,0,0,7,0
2020-06-24,US,South Dakota,Clark,13,0,0,44.85834507,-97.72925109,46025.0,347.96573875803,0.0,13,12,0,0,12,12,3739,1,0,0,1,0
2020-06-24,US,South Dakota,Clay,76,0,0,42.91296147,-96.97656917,46027.0,540.1563610518834,0.0,76,77,0,0,77,73,14041,-1,0,0,-1,4
2020-06-24,US,South Dakota,Codington,49,0,0,44.97788119,-97.18827677,46029.0,174.94376807454742,0.0,49,49,0,0,49,49,28015,0,0,0,0,0
2020-06-24,US,South Dakota,Corson,16,0,0,45.70889983,-101.1970473,46031.0,391.58100832109636,0.0,16,16,0,0,16,15,4165,0,0,0,0,1
2020-06-24,US,South Dakota,Custer,7,0,0,43.67741105,-103.45345209999999,46033.0,78.0205082478823,0.0,7,7,0,0,7,7,8726,0,0,0,0,0
2020-06-24,US,South Dakota,Davison,35,0,0,43.67490933,-98.14458906,46035.0,176.99115044247787,0.0,35,35,0,0,35,35,19790,0,0,0,0,0
2020-06-24,US,South Dakota,Day,13,0,0,45.367281,-97.60737498,46037.0,239.6755162241888,0.0,13,13,0,0,13,13,5505,0,0,0,0,0
2020-06-24,US,South Dakota,Deuel,1,0,0,44.75994309,-96.66943645,46039.0,22.983222247759137,0.0,1,1,0,0,1,1,4337,0,0,0,0,0
2020-06-24,US,South Dakota,Dewey,4,0,0,45.15639647,-100.8709139,46041.0,67.88866259334691,0.0,4,4,0,0,4,4,5904,0,0,0,0,0
2020-06-24,US,South Dakota,Douglas,4,0,0,43.38520741,-98.36978007,46043.0,136.93940431359124,0.0,4,4,0,0,4,4,2935,0,0,0,0,0
2020-06-24,US,South Dakota,Edmunds,6,0,0,45.41846445,-99.21545423,46045.0,156.69887699138158,0.0,6,6,0,0,6,5,3875,0,0,0,0,1
2020-06-24,US,South Dakota,Fall River,7,0,0,43.23929297,-103.5275691,46047.0,104.2752867570386,0.0,7,7,0,0,7,7,6758,0,0,0,0,0
2020-06-24,US,South Dakota,Faulk,23,0,0,45.07082625,-99.14535601,46049.0,1000.4349717268376,0.0,23,22,0,0,22,22,2330,1,0,0,1,0
2020-06-24,US,South Dakota,Grant,13,0,0,45.1723937,-96.77002276,46051.0,184.344866704481,0.0,13,13,0,0,13,13,7147,0,0,0,0,0
2020-06-24,US,South Dakota,Gregory,1,0,0,43.19419064,-99.18883902,46053.0,23.894862604540023,0.0,1,1,0,0,1,1,4212,0,0,0,0,0
2020-06-24,US,South Dakota,Hamlin,11,0,0,44.67385954,-97.18829593,46057.0,178.45554834523037,0.0,11,11,0,0,11,11,6111,0,0,0,0,0
2020-06-24,US,South Dakota,Hand,7,0,0,44.54708407,-99.00386459,46059.0,219.36696960200558,0.0,7,7,0,0,7,7,3262,0,0,0,0,0
2020-06-24,US,South Dakota,Hanson,5,0,0,43.6746384,-97.78715148,46061.0,144.8016217781639,0.0,5,5,0,0,5,5,3376,0,0,0,0,0
2020-06-24,US,South Dakota,Hughes,38,0,0,44.39091534,-99.99661148,46065.0,216.82072349651943,0.0,38,33,0,0,33,32,17650,5,0,0,5,1
2020-06-24,US,South Dakota,Hutchinson,10,0,0,43.33449012,-97.75536441,46067.0,137.1553970648745,0.0,10,10,0,0,10,10,7380,0,0,0,0,0
2020-06-24,US,South Dakota,Hyde,3,0,0,44.54747703,-99.48572582,46069.0,230.59185242121444,0.0,3,3,0,0,3,3,1282,0,0,0,0,0
2020-06-24,US,South Dakota,Jackson,6,1,0,43.69318385,-101.6255063,46071.0,179.42583732057415,16.666666666666668,5,6,1,0,5,6,3307,0,0,0,0,0
2020-06-24,US,South Dakota,Jerauld,39,1,0,44.06637798,-98.62965972,46073.0,1937.4068554396426,2.5641025641025643,38,39,1,0,38,39,2043,0,0,0,0,0
2020-06-24,US,South Dakota,Kingsbury,6,0,0,44.36956169,-97.4913945,46077.0,121.48208139299452,0.0,6,5,0,0,5,5,4919,1,0,0,1,0
2020-06-24,US,South Dakota,Lake,18,1,0,44.02193107,-97.12926365,46079.0,140.65796671094787,5.5555555555555545,17,18,1,0,17,17,13057,0,0,0,0,1
2020-06-24,US,South Dakota,Lawrence,17,0,0,44.35919441,-103.79294279999999,46081.0,65.77929113140381,0.0,17,16,0,0,16,16,25741,1,0,0,1,0
2020-06-24,US,South Dakota,Lincoln,326,1,0,43.27841182,-96.72039050000001,46083.0,533.3071587488548,0.3067484662576687,325,325,1,0,324,323,58807,1,0,0,1,2
2020-06-24,US,South Dakota,Lyman,55,0,0,43.89522709,-99.85201878,46085.0,1454.641629198625,0.0,55,49,0,0,49,48,3821,6,0,0,6,1
2020-06-24,US,South Dakota,Marshall,5,0,0,45.75870838,-97.59855639,46091.0,101.31712259371834,0.0,5,5,0,0,5,5,5112,0,0,0,0,0
2020-06-24,US,South Dakota,McCook,8,1,0,43.6742571,-97.36863144,46087.0,143.21518080916576,12.5,7,8,1,0,7,8,5546,0,0,0,0,0
2020-06-24,US,South Dakota,McPherson,4,0,0,45.76626028,-99.22118798,46089.0,168.13787305590589,0.0,4,4,0,0,4,4,2407,0,0,0,0,0
2020-06-24,US,South Dakota,Meade,43,1,0,44.56676791,-102.71627409999999,46093.0,151.77184808696882,2.3255813953488373,42,43,1,0,42,43,28294,0,0,0,0,0
2020-06-24,US,South Dakota,Mellette,3,0,0,43.58078848,-100.7563186,46095.0,145.56040756914118,0.0,3,2,0,0,2,2,2042,1,0,0,1,0
2020-06-24,US,South Dakota,Miner,5,0,0,44.02197882,-97.60992207,46097.0,225.6317689530686,0.0,5,5,0,0,5,5,2213,0,0,0,0,0
2020-06-24,US,South Dakota,Minnehaha,3550,56,0,43.67441641,-96.7910885,46099.0,1838.102043141032,1.5774647887323945,3494,3537,55,0,3482,3534,192876,13,1,0,12,3
2020-06-24,US,South Dakota,Moody,21,0,0,44.02266214,-96.67081159,46101.0,319.3430656934307,0.0,21,21,0,0,21,21,6579,0,0,0,0,0
2020-06-24,US,South Dakota,Oglala Lakota,60,0,0,43.33749164,-102.55554980000001,46102.0,423.2207096000564,0.0,60,59,0,0,59,56,14309,1,0,0,1,3
2020-06-24,US,South Dakota,Pennington,475,12,0,44.0025835,-102.8240777,46103.0,417.49066139310037,2.526315789473684,463,466,12,0,454,462,111729,9,0,0,9,4
2020-06-24,US,South Dakota,Roberts,40,0,0,45.62975048,-96.94672673,46109.0,384.83740619588224,0.0,40,40,0,0,40,40,10447,0,0,0,0,0
2020-06-24,US,South Dakota,Sanborn,12,0,0,44.02351092,-98.09098159999999,46111.0,511.9453924914676,0.0,12,12,0,0,12,12,2429,0,0,0,0,0
2020-06-24,US,South Dakota,Spink,9,0,0,44.93837606,-98.34626602,46115.0,141.1543287327478,0.0,9,8,0,0,8,8,6495,1,0,0,1,0
2020-06-24,US,South Dakota,Stanley,12,0,0,44.41381872,-100.7349153,46117.0,387.34667527437057,0.0,12,12,0,0,12,12,3022,0,0,0,0,0
2020-06-24,US,South Dakota,Sully,1,0,0,44.71571812,-100.1278092,46119.0,71.89072609633357,0.0,1,1,0,0,1,1,1392,0,0,0,0,0
2020-06-24,US,South Dakota,Todd,51,1,0,43.19338568,-100.71955030000001,46121.0,501.1299990173922,1.96078431372549,50,50,1,0,49,50,10283,1,0,0,1,0
2020-06-24,US,South Dakota,Tripp,13,0,0,43.34459388,-99.8854891,46123.0,238.9266678919316,0.0,13,13,0,0,13,12,5478,0,0,0,0,1
2020-06-24,US,South Dakota,Turner,24,0,0,43.3109081,-97.14865776,46125.0,286.25954198473283,0.0,24,24,0,0,24,24,8424,0,0,0,0,0
2020-06-24,US,South Dakota,Union,118,1,0,42.83112163,-96.6557828,46127.0,740.6477529500377,0.8474576271186439,117,117,1,0,116,117,15619,1,0,0,1,0
2020-06-24,US,South Dakota,Walworth,8,0,0,45.43019636,-100.03075140000001,46129.0,147.19411223551054,0.0,8,7,0,0,7,7,5587,1,0,0,1,0
2020-06-24,US,South Dakota,Yankton,70,0,0,43.00924485,-97.39467635,46135.0,306.82914000175333,0.0,70,68,0,0,68,69,22869,2,0,0,2,-1
2020-06-24,US,South Dakota,Ziebach,2,0,0,44.97881876,-101.6654622,46137.0,72.5689404934688,0.0,2,2,0,0,2,2,2742,0,0,0,0,0
2020-06-24,US,Tennessee,Anderson,79,2,0,36.12684348,-84.19965764,47001.0,102.62672451869363,2.5316455696202533,77,78,2,0,76,75,76482,1,0,0,1,3
2020-06-24,US,Tennessee,Bedford,445,4,0,35.51123746,-86.45549096,47003.0,895.1380926518215,0.8988764044943821,441,436,4,0,432,432,49038,9,0,0,9,4
2020-06-24,US,Tennessee,Benton,9,1,0,36.07110411,-88.06849355,47005.0,55.6930693069307,11.111111111111109,8,8,1,0,7,8,16184,1,0,0,1,0
2020-06-24,US,Tennessee,Bledsoe,616,1,0,35.59942968,-85.20611967,47007.0,4089.2193308550177,0.16233766233766234,615,613,1,0,612,613,14755,3,0,0,3,0
2020-06-24,US,Tennessee,Blount,142,3,0,35.68938198,-83.92847788,47009.0,106.69632123106516,2.112676056338028,139,139,3,0,136,130,131349,3,0,0,3,9
2020-06-24,US,Tennessee,Bradley,406,3,0,35.15739424,-84.857186,47011.0,375.54342799001023,0.7389162561576355,403,393,3,0,390,349,106727,13,0,0,13,44
2020-06-24,US,Tennessee,Campbell,27,1,0,36.40355516,-84.15108559999999,47013.0,67.7676823452638,3.703703703703704,26,27,1,0,26,26,39583,0,0,0,0,1
2020-06-24,US,Tennessee,Cannon,23,0,0,35.80990797,-86.05738983,47015.0,156.69709769723394,0.0,23,23,0,0,23,23,14462,0,0,0,0,0
2020-06-24,US,Tennessee,Carroll,36,1,0,35.97366108,-88.45189331,47017.0,129.6503043180754,2.7777777777777777,35,36,1,0,35,36,28020,0,0,0,0,0
2020-06-24,US,Tennessee,Carter,34,1,0,36.28969086,-82.12588974,47019.0,60.293309216009646,2.9411764705882355,33,32,1,0,31,30,56351,2,0,0,2,2
2020-06-24,US,Tennessee,Cheatham,177,0,0,36.26136216,-87.08903581,47021.0,435.24233407922884,0.0,177,175,0,0,175,167,40439,2,0,0,2,8
2020-06-24,US,Tennessee,Chester,16,0,0,35.42527478,-88.6095842,47023.0,92.50158987107592,0.0,16,16,0,0,16,14,17276,0,0,0,0,2
2020-06-24,US,Tennessee,Claiborne,18,0,0,36.48319149,-83.65947309,47025.0,56.32216277105041,0.0,18,18,0,0,18,16,31756,0,0,0,0,2
2020-06-24,US,Tennessee,Clay,12,0,0,36.55151008,-85.53930419,47027.0,157.58371634931058,0.0,12,14,0,0,14,13,7717,-2,0,0,-2,1
2020-06-24,US,Tennessee,Cocke,32,0,0,35.9278914,-83.11828725,47029.0,88.87901344295078,0.0,32,31,0,0,31,31,35774,1,0,0,1,0
2020-06-24,US,Tennessee,Coffee,102,0,0,35.49090731,-86.07311784,47031.0,180.4670912951168,0.0,102,99,0,0,99,99,55700,3,0,0,3,0
2020-06-24,US,Tennessee,Crockett,28,3,0,35.81830662,-89.14916269,47033.0,196.76739283204498,10.714285714285714,25,26,3,0,23,25,14328,2,0,0,2,1
2020-06-24,US,Tennessee,Cumberland,152,3,0,35.95271721,-84.99840585,47035.0,251.1566424322538,1.973684210526316,149,148,3,0,145,145,59673,4,0,0,4,3
2020-06-24,US,Tennessee,Davidson,8062,102,0,36.17007426,-86.78646056,47037.0,1161.4304812834225,1.2651947407591169,7960,7867,98,0,7769,7716,692587,195,4,0,191,151
2020-06-24,US,Tennessee,DeKalb,44,0,0,35.97616272,-85.83689361,47041.0,214.738897022938,0.0,44,43,0,0,43,42,20138,1,0,0,1,1
2020-06-24,US,Tennessee,Decatur,16,0,0,35.60048904,-88.11043779,47039.0,137.18597273428793,0.0,16,15,0,0,15,15,11706,1,0,0,1,0
2020-06-24,US,Tennessee,Dickson,150,0,0,36.14669837,-87.35891709,47043.0,278.0455253206792,0.0,150,150,0,0,150,146,53446,0,0,0,0,4
2020-06-24,US,Tennessee,Dyer,181,0,0,36.05931946,-89.41542855,47045.0,487.09599289539545,0.0,181,174,0,0,174,164,37320,7,0,0,7,10
2020-06-24,US,Tennessee,Fayette,224,2,0,35.19615831,-89.41399032,47047.0,544.574915517954,0.8928571428571429,222,213,2,0,211,203,40507,11,0,0,11,10
2020-06-24,US,Tennessee,Fentress,15,0,0,36.38128818,-84.92870012,47049.0,80.98040274253631,0.0,15,15,0,0,15,15,18217,0,0,0,0,0
2020-06-24,US,Tennessee,Franklin,69,3,0,35.15634626,-86.09201039,47051.0,163.4761182714177,4.3478260869565215,66,69,3,0,66,69,41890,0,0,0,0,0
2020-06-24,US,Tennessee,Gibson,80,1,0,35.99438059,-88.93358327,47053.0,162.82335701056317,1.25,79,80,1,0,79,77,49045,0,0,0,0,3
2020-06-24,US,Tennessee,Giles,42,0,0,35.20222469,-87.03992678,47055.0,142.54683681781157,0.0,42,38,0,0,38,24,29503,4,0,0,4,14
2020-06-24,US,Tennessee,Grainger,25,0,0,36.27469206,-83.51254721,47057.0,107.2041166380789,0.0,25,25,0,0,25,25,23145,0,0,0,0,0
2020-06-24,US,Tennessee,Greene,58,2,0,36.17470125,-82.84691273,47059.0,83.97399701747528,3.4482758620689653,56,56,2,0,54,56,69087,2,0,0,2,0
2020-06-24,US,Tennessee,Grundy,55,1,0,35.38433717,-85.72142731,47061.0,409.62240262158343,1.818181818181818,54,51,1,0,50,48,13346,4,0,0,4,3
2020-06-24,US,Tennessee,Hamblen,156,4,0,36.21990035,-83.26586179,47063.0,240.243940000616,2.5641025641025643,152,134,4,0,130,121,64569,22,0,0,22,13
2020-06-24,US,Tennessee,Hamilton,2176,29,0,35.17670231,-85.16652245,47065.0,591.619449489402,1.3327205882352942,2147,2120,28,0,2092,2103,364286,56,1,0,55,17
2020-06-24,US,Tennessee,Hancock,3,0,0,36.52692871,-83.22375847,47067.0,45.31722054380665,0.0,3,3,0,0,3,3,6549,0,0,0,0,0
2020-06-24,US,Tennessee,Hardeman,260,1,0,35.20772017,-88.99161161,47069.0,1037.9241516966067,0.38461538461538464,259,257,1,0,256,257,25220,3,0,0,3,0
2020-06-24,US,Tennessee,Hardin,76,5,0,35.19732531,-88.18593755,47071.0,296.27319507250894,6.578947368421053,71,71,5,0,66,69,25776,5,0,0,5,2
2020-06-24,US,Tennessee,Hawkins,42,2,0,36.44355426,-82.94885298,47073.0,73.96189201563766,4.761904761904762,40,42,2,0,40,40,56530,0,0,0,0,2
2020-06-24,US,Tennessee,Haywood,57,2,0,35.58332824,-89.28536625,47075.0,329.40360610263525,3.5087719298245608,55,54,2,0,52,48,17335,3,0,0,3,6
2020-06-24,US,Tennessee,Henderson,26,0,0,35.65581134,-88.38600175,47077.0,92.47074723476901,0.0,26,25,0,0,25,22,27847,1,0,0,1,3
2020-06-24,US,Tennessee,Henry,37,0,0,36.33160906,-88.30121797,47079.0,114.39171432988097,0.0,37,37,0,0,37,36,32358,0,0,0,0,1
2020-06-24,US,Tennessee,Hickman,66,0,0,35.80609681,-87.47643507,47081.0,262.1336087060132,0.0,66,65,0,0,65,64,25063,1,0,0,1,1
2020-06-24,US,Tennessee,Houston,10,0,0,36.28872054,-87.71878828,47083.0,121.9363492257042,0.0,10,10,0,0,10,10,8263,0,0,0,0,0
2020-06-24,US,Tennessee,Humphreys,18,1,0,36.03958805,-87.77992872,47085.0,96.867936712948,5.5555555555555545,17,18,1,0,17,18,18486,0,0,0,0,0
2020-06-24,US,Tennessee,Jackson,22,0,0,36.36380466,-85.67239905,47087.0,186.66214152384185,0.0,22,22,0,0,22,22,11758,0,0,0,0,0
2020-06-24,US,Tennessee,Jefferson,73,0,0,36.04818632,-83.45148924,47089.0,133.95724378383338,0.0,73,64,0,0,64,64,54012,9,0,0,9,0
2020-06-24,US,Tennessee,Johnson,27,0,0,36.45523950000001,-81.84886538,47091.0,151.7877220598156,0.0,27,26,0,0,26,26,17778,1,0,0,1,0
2020-06-24,US,Tennessee,Knox,740,5,0,35.99508821,-83.94635435,47093.0,157.34202541711585,0.6756756756756757,735,716,5,0,711,693,465289,24,0,0,24,23
2020-06-24,US,Tennessee,Lake,690,0,0,36.34180170000001,-89.48921915,47095.0,9834.66362599772,0.0,690,689,0,0,689,689,7411,1,0,0,1,0
2020-06-24,US,Tennessee,Lauderdale,84,1,0,35.75893438,-89.63015909999999,47097.0,327.7025709046932,1.1904761904761905,83,82,1,0,81,75,25825,2,0,0,2,7
2020-06-24,US,Tennessee,Lawrence,97,3,0,35.21675201,-87.39787695,47099.0,219.74536722395905,3.0927835051546397,94,95,3,0,92,81,43734,2,0,0,2,14
2020-06-24,US,Tennessee,Lewis,5,0,0,35.52853208,-87.49022694,47101.0,40.75643951744376,0.0,5,5,0,0,5,5,12086,0,0,0,0,0
2020-06-24,US,Tennessee,Lincoln,51,0,0,35.13738622,-86.58910106,47103.0,148.4024908339638,0.0,51,49,0,0,49,49,34117,2,0,0,2,0
2020-06-24,US,Tennessee,Loudon,243,1,0,35.73939663,-84.31145275,47105.0,449.4340460161279,0.41152263374485604,242,239,1,0,238,234,53054,4,0,0,4,5
2020-06-24,US,Tennessee,Macon,235,3,0,36.53157855,-86.00778595,47111.0,955.2068937484756,1.2765957446808511,232,230,3,0,227,223,24265,5,0,0,5,7
2020-06-24,US,Tennessee,Madison,201,2,0,35.61181957,-88.84076036,47113.0,205.13553233180926,0.9950248756218906,199,202,2,0,200,196,97605,-1,0,0,-1,6
2020-06-24,US,Tennessee,Marion,54,4,0,35.12997174,-85.62265895,47115.0,186.8059639533677,7.407407407407407,50,53,4,0,49,50,28575,1,0,0,1,3
2020-06-24,US,Tennessee,Marshall,49,1,0,35.45798777,-86.76420988,47117.0,142.54545454545453,2.0408163265306123,48,48,1,0,47,46,33683,1,0,0,1,2
2020-06-24,US,Tennessee,Maury,248,2,0,35.618741299999996,-87.07462444,47119.0,257.2961083963605,0.8064516129032258,246,241,2,0,239,224,94340,7,0,0,7,17
2020-06-24,US,Tennessee,McMinn,192,17,0,35.42812616,-84.61520715,47107.0,356.91712830427184,8.854166666666666,175,183,16,0,167,175,53285,9,1,0,8,8
2020-06-24,US,Tennessee,McNairy,47,0,0,35.17468549,-88.5647812,47109.0,182.9220829765704,0.0,47,45,0,0,45,42,25832,2,0,0,2,3
2020-06-24,US,Tennessee,Meigs,31,0,0,35.51558739,-84.81482914,47121.0,249.5572371598776,0.0,31,31,0,0,31,31,12306,0,0,0,0,0
2020-06-24,US,Tennessee,Monroe,115,4,0,35.44550387,-84.24902965,47123.0,247.0727253195832,3.4782608695652173,111,110,4,0,106,109,46357,5,0,0,5,1
2020-06-24,US,Tennessee,Montgomery,407,6,0,36.49609412,-87.38550661,47125.0,194.74336461029802,1.4742014742014742,401,392,5,0,387,385,205950,15,1,0,14,7
2020-06-24,US,Tennessee,Moore,5,0,0,35.27724699,-86.36230578,47127.0,77.06535141800245,0.0,5,5,0,0,5,5,6411,0,0,0,0,0
2020-06-24,US,Tennessee,Morgan,22,1,0,36.13248031,-84.64880098,47129.0,102.78932859879455,4.545454545454546,21,22,1,0,21,22,21579,0,0,0,0,0
2020-06-24,US,Tennessee,Obion,74,1,0,36.35732446,-89.14921589,47131.0,246.10063520569358,1.351351351351351,73,73,1,0,72,71,30267,1,0,0,1,2
2020-06-24,US,Tennessee,Out of TN,604,8,0,0.0,0.0,80047.0,0.0,1.3245033112582782,596,537,8,0,529,632,,67,0,0,67,-95
2020-06-24,US,Tennessee,Overton,45,0,0,36.34117832,-85.28989535,47133.0,202.32903196798702,0.0,45,44,0,0,44,43,22068,1,0,0,1,1
2020-06-24,US,Tennessee,Perry,28,0,0,35.63708728,-87.86139634,47135.0,346.7062902426944,0.0,28,28,0,0,28,28,8064,0,0,0,0,0
2020-06-24,US,Tennessee,Pickett,5,0,0,36.55606529,-85.07763299999998,47137.0,99.04912836767036,0.0,5,5,0,0,5,5,5082,0,0,0,0,0
2020-06-24,US,Tennessee,Polk,36,0,0,35.12245443,-84.52075859,47139.0,213.8783269961977,0.0,36,36,0,0,36,36,16898,0,0,0,0,0
2020-06-24,US,Tennessee,Putnam,675,7,0,36.14005459,-85.50646123,47141.0,841.1739049161941,1.037037037037037,668,676,7,0,669,673,78843,-1,0,0,-1,3
2020-06-24,US,Tennessee,Rhea,257,0,0,35.60536161,-84.93076643,47143.0,774.8665842554345,0.0,257,256,0,0,256,255,33044,1,0,0,1,1
2020-06-24,US,Tennessee,Roane,41,0,0,35.84923189,-84.52458689,47145.0,76.80491551459293,0.0,41,35,0,0,35,34,53140,6,0,0,6,1
2020-06-24,US,Tennessee,Robertson,722,10,0,36.52454807,-86.87346725,47147.0,1005.3889964212607,1.3850415512465375,712,715,10,0,705,708,71012,7,0,0,7,7
2020-06-24,US,Tennessee,Rutherford,2211,33,0,35.84591405,-86.4107263,47149.0,665.392659915434,1.492537313432836,2178,2150,33,0,2117,2100,324890,61,0,0,61,50
2020-06-24,US,Tennessee,Scott,14,0,0,36.42325673,-84.50360494,47151.0,63.44027551205365,0.0,14,14,0,0,14,14,22039,0,0,0,0,0
2020-06-24,US,Tennessee,Sequatchie,24,0,0,35.36979721,-85.41022136,47153.0,159.72314654598696,0.0,24,24,0,0,24,24,14876,0,0,0,0,0
2020-06-24,US,Tennessee,Sevier,489,3,0,35.78077323,-83.52244332,47155.0,497.7099236641222,0.6134969325153374,486,464,3,0,461,422,97892,25,0,0,25,42
2020-06-24,US,Tennessee,Shelby,8490,170,0,35.1864775,-89.89692423,47157.0,905.9227500784281,2.0023557126030624,8320,8268,166,0,8102,8064,935764,222,4,0,218,204
2020-06-24,US,Tennessee,Smith,53,1,0,36.25359775,-85.95411046,47159.0,262.93595277074957,1.8867924528301887,52,51,1,0,50,50,19942,2,0,0,2,1
2020-06-24,US,Tennessee,Stewart,19,0,0,36.50235092,-87.83920548,47161.0,138.53445133065986,0.0,19,19,0,0,19,17,13561,0,0,0,0,2
2020-06-24,US,Tennessee,Sullivan,77,2,0,36.51240691,-82.30412917,47163.0,48.62707454467376,2.5974025974025974,75,75,2,0,73,73,157668,2,0,0,2,2
2020-06-24,US,Tennessee,Sumner,1231,51,0,36.46824103,-86.45917204,47165.0,643.5490869549308,4.1429731925264015,1180,1212,49,0,1163,1196,187149,19,2,0,17,16
2020-06-24,US,Tennessee,Tipton,571,4,0,35.501942,-89.73694895,47167.0,926.9631000503256,0.7005253940455342,567,565,4,0,561,563,61581,6,0,0,6,2
2020-06-24,US,Tennessee,Trousdale,1469,5,0,36.39026213,-86.16087954,47169.0,13018.433179723503,0.34036759700476515,1464,1468,5,0,1463,1466,11012,1,0,0,1,2
2020-06-24,US,Tennessee,Unassigned,271,0,0,0.0,0.0,90047.0,0.0,0.0,271,253,0,0,253,225,,18,0,0,18,28
2020-06-24,US,Tennessee,Unicoi,53,0,0,36.10890856,-82.43709629,47171.0,296.3708550019572,0.0,53,53,0,0,53,53,17761,0,0,0,0,0
2020-06-24,US,Tennessee,Union,9,0,0,36.28590426,-83.83651902,47173.0,45.063088323653105,0.0,9,9,0,0,9,10,19688,0,0,0,0,-1
2020-06-24,US,Tennessee,Van Buren,6,0,0,35.69864497,-85.45221699,47175.0,102.17983651226156,0.0,6,6,0,0,6,5,5765,0,0,0,0,1
2020-06-24,US,Tennessee,Warren,46,0,0,35.672829899999996,-85.77969117,47177.0,111.44220752477163,0.0,46,39,0,0,39,34,40878,7,0,0,7,5
2020-06-24,US,Tennessee,Washington,109,0,0,36.29472368,-82.49454720000001,47179.0,84.25120772946859,0.0,109,107,0,0,107,103,128607,2,0,0,2,4
2020-06-24,US,Tennessee,Wayne,69,0,0,35.23868267,-87.78644456,47181.0,413.8427397588917,0.0,69,67,0,0,67,65,16558,2,0,0,2,2
2020-06-24,US,Tennessee,Weakley,44,1,0,36.29896232,-88.71990865,47183.0,132.02112337974077,2.272727272727273,43,44,0,0,44,43,33415,0,1,0,-1,1
2020-06-24,US,Tennessee,White,55,3,0,35.92929884,-85.45591799,47185.0,201.13366246114464,5.454545454545454,52,55,3,0,52,54,27107,0,0,0,0,1
2020-06-24,US,Tennessee,Williamson,840,14,0,35.89099229,-86.89281867,47187.0,352.33125849370003,1.6666666666666667,826,813,14,0,799,793,231729,27,0,0,27,20
2020-06-24,US,Tennessee,Wilson,658,15,0,36.15496772,-86.29775884,47189.0,454.86910415672935,2.2796352583586628,643,649,15,0,634,625,140625,9,0,0,9,24
2020-06-24,US,Texas,Anderson,1013,2,0,31.81534745,-95.65354823,48001.0,1754.5682861349273,0.1974333662388944,1011,1009,2,0,1007,1006,58057,4,0,0,4,3
2020-06-24,US,Texas,Andrews,46,0,0,32.30468633,-102.63765479999999,48003.0,245.9235498529805,0.0,46,44,0,0,44,44,18128,2,0,0,2,0
2020-06-24,US,Texas,Angelina,426,6,0,31.25457347,-94.60901487,48005.0,491.26448711295626,1.4084507042253518,420,415,6,0,409,380,87092,11,0,0,11,35
2020-06-24,US,Texas,Aransas,10,0,0,28.10556197,-96.9995047,48007.0,42.535091450446615,0.0,10,10,0,0,10,7,23792,0,0,0,0,3
2020-06-24,US,Texas,Archer,5,0,0,33.61569967,-98.68754589,48009.0,58.459020226821,0.0,5,4,0,0,4,3,8786,1,0,0,1,1
2020-06-24,US,Texas,Armstrong,3,0,0,34.96507426,-101.35748740000001,48011.0,158.9825119236884,0.0,3,3,0,0,3,3,1892,0,0,0,0,0
2020-06-24,US,Texas,Atascosa,84,2,0,28.89333001,-98.52730485,48013.0,164.213242625066,2.380952380952381,82,79,2,0,77,70,50310,5,0,0,5,9
2020-06-24,US,Texas,Austin,57,0,0,29.88548725,-96.27736949,48015.0,189.79754928076719,0.0,57,56,0,0,56,48,29989,1,0,0,1,8
2020-06-24,US,Texas,Bailey,86,1,0,34.06854817,-102.8299707,48017.0,1228.5714285714287,1.162790697674419,85,88,1,0,87,86,7027,-2,0,0,-2,2
2020-06-24,US,Texas,Bandera,15,0,0,29.74619598,-99.24598147,48019.0,64.90134994807892,0.0,15,16,0,0,16,15,22824,-1,0,0,-1,1
2020-06-24,US,Texas,Bastrop,373,5,0,30.10370699,-97.31206354,48021.0,420.4095893962106,1.3404825737265416,368,369,4,0,365,363,86976,4,1,0,3,6
2020-06-24,US,Texas,Baylor,2,0,0,33.61640794,-99.21352901,48023.0,56.99629524080935,0.0,2,1,0,0,1,1,3582,1,0,0,1,0
2020-06-24,US,Texas,Bee,36,0,0,28.41761668,-97.74215593,48025.0,110.54813450023028,0.0,36,36,0,0,36,36,32587,0,0,0,0,0
2020-06-24,US,Texas,Bell,925,11,0,31.03736027,-97.4785025,48027.0,254.8742987512537,1.1891891891891893,914,875,10,0,865,822,355642,50,1,0,49,53
2020-06-24,US,Texas,Bexar,7467,100,0,29.44928723,-98.52019748,48029.0,372.68773389686515,1.3392259274139546,7367,7156,97,0,7059,6882,1986049,311,3,0,308,274
2020-06-24,US,Texas,Blanco,27,1,0,30.26640707,-98.3999852,48031.0,226.3012320844858,3.703703703703704,26,24,1,0,23,22,11702,3,0,0,3,2
2020-06-24,US,Texas,Bosque,10,0,0,31.89978581,-97.63613524,48035.0,53.51886540005352,0.0,10,10,0,0,10,10,18691,0,0,0,0,0
2020-06-24,US,Texas,Bowie,406,13,0,33.44626922,-94.41834132,48037.0,435.4120864389512,3.2019704433497536,393,404,13,0,391,400,94324,2,0,0,2,4
2020-06-24,US,Texas,Brazoria,1838,19,0,29.18757369,-95.44563172,48039.0,491.09719342496214,1.0337323177366704,1819,1814,19,0,1795,1762,370200,24,0,0,24,52
2020-06-24,US,Texas,Brazos,1305,25,0,30.663644800000004,-96.30205577,48041.0,569.3444031918189,1.9157088122605364,1280,1260,25,0,1235,1244,226758,45,0,0,45,16
2020-06-24,US,Texas,Brewster,61,0,0,29.81008251,-103.25203259999999,48043.0,662.8273389112246,0.0,61,45,0,0,45,39,9267,16,0,0,16,6
2020-06-24,US,Texas,Briscoe,1,0,0,34.53026962,-101.2084947,48045.0,64.68305304010349,0.0,1,1,0,0,1,1,1516,0,0,0,0,0
2020-06-24,US,Texas,Brooks,3,0,0,27.03103197,-98.21808402,48047.0,42.295220640067676,0.0,3,3,0,0,3,3,7114,0,0,0,0,0
2020-06-24,US,Texas,Brown,65,10,0,31.77430356,-98.99907113,48049.0,171.66701880414115,15.384615384615385,55,65,10,0,55,62,37924,0,0,0,0,3
2020-06-24,US,Texas,Burleson,67,0,0,30.49273808,-96.62158484,48051.0,363.28146180122536,0.0,67,67,0,0,67,60,18389,0,0,0,0,7
2020-06-24,US,Texas,Burnet,100,3,0,30.78801353,-98.181887,48053.0,207.66275568476794,3.0,97,97,3,0,94,89,47542,3,0,0,3,8
2020-06-24,US,Texas,Caldwell,286,1,0,29.83668859,-97.61814775,48055.0,655.0018321729573,0.34965034965034963,285,275,1,0,274,226,43247,11,0,0,11,49
2020-06-24,US,Texas,Calhoun,58,3,0,28.47048236,-96.61633945,48057.0,272.4283701268201,5.172413793103448,55,56,3,0,53,55,21561,2,0,0,2,1
2020-06-24,US,Texas,Callahan,16,2,0,32.29760619,-99.37326312,48059.0,114.75292261349782,12.5,14,13,2,0,11,13,13994,3,0,0,3,0
2020-06-24,US,Texas,Cameron,1758,50,0,26.14524221,-97.48140372,48061.0,415.4427490116102,2.844141069397042,1708,1647,49,0,1598,1546,423908,111,1,0,110,101
2020-06-24,US,Texas,Camp,113,1,0,32.97195142,-94.97790104,48063.0,862.9906827554605,0.8849557522123894,112,110,1,0,109,110,13033,3,0,0,3,0
2020-06-24,US,Texas,Carson,6,0,0,35.40365929,-101.35426690000001,48065.0,101.24873439082012,0.0,6,6,0,0,6,6,6005,0,0,0,0,0
2020-06-24,US,Texas,Cass,36,2,0,33.07499881,-94.34646905,48067.0,119.89609005528541,5.5555555555555545,34,36,2,0,34,36,30119,0,0,0,0,0
2020-06-24,US,Texas,Castro,65,1,0,34.53016752,-102.2617243,48069.0,863.2138114209828,1.5384615384615383,64,63,1,0,62,58,7665,2,0,0,2,5
2020-06-24,US,Texas,Chambers,181,2,0,29.70972016,-94.67154501,48071.0,412.893218057805,1.1049723756906078,179,175,1,0,174,156,42454,6,1,0,5,19
2020-06-24,US,Texas,Cherokee,82,2,0,31.837258000000002,-95.16559897,48073.0,155.75732249363674,2.4390243902439024,80,77,2,0,75,67,52592,5,0,0,5,10
2020-06-24,US,Texas,Childress,7,0,0,34.529304100000004,-100.2077916,48075.0,95.81166164796059,0.0,7,6,0,0,6,6,7291,1,0,0,1,0
2020-06-24,US,Texas,Clay,5,0,0,33.78686685,-98.20771198,48077.0,47.75093114315729,0.0,5,5,0,0,5,5,10456,0,0,0,0,0
2020-06-24,US,Texas,Cochran,1,0,0,33.60425307,-102.82844990000001,48079.0,35.05082369435681,0.0,1,1,0,0,1,1,2836,0,0,0,0,0
2020-06-24,US,Texas,Coke,5,1,0,31.88911733,-100.5297533,48081.0,147.62326542663124,20.0,4,5,1,0,4,4,3370,0,0,0,0,1
2020-06-24,US,Texas,Coleman,3,0,0,31.76736834,-99.45240766,48083.0,36.697247706422026,0.0,3,3,0,0,3,3,8397,0,0,0,0,0
2020-06-24,US,Texas,Collin,2359,38,0,33.18820114,-96.57264368,48085.0,227.98217892590336,1.6108520559559136,2321,2250,38,0,2212,2223,1005146,109,0,0,109,27
2020-06-24,US,Texas,Collingsworth,5,0,0,34.96489496,-100.27001109999999,48087.0,171.23287671232876,0.0,5,5,0,0,5,5,2962,0,0,0,0,0
2020-06-24,US,Texas,Colorado,58,0,0,29.622097999999998,-96.5273805,48089.0,269.8553017261434,0.0,58,55,0,0,55,55,21217,3,0,0,3,0
2020-06-24,US,Texas,Comal,332,7,0,29.80811278,-98.27647225,48091.0,212.53576938588685,2.108433734939759,325,280,7,0,273,280,148373,52,0,0,52,0
2020-06-24,US,Texas,Comanche,14,1,0,31.94854689,-98.55876441,48093.0,102.67693436010269,7.142857142857142,13,14,1,0,13,14,13534,0,0,0,0,0
2020-06-24,US,Texas,Concho,2,0,0,31.32635934,-99.86473038,48095.0,73.36757153338225,0.0,2,2,0,0,2,2,4276,0,0,0,0,0
2020-06-24,US,Texas,Cooke,30,0,0,33.63979567,-97.21240912,48097.0,72.71493322345299,0.0,30,30,0,0,30,27,40574,0,0,0,0,3
2020-06-24,US,Texas,Coryell,322,2,0,31.39078397,-97.79936155,48099.0,423.95755157930773,0.6211180124223602,320,321,2,0,319,315,74808,1,0,0,1,6
2020-06-24,US,Texas,Cottle,4,1,0,34.07783319,-100.27850620000001,48101.0,286.12303290414883,25.0,3,4,1,0,3,4,1389,0,0,0,0,0
2020-06-24,US,Texas,Crane,48,6,0,31.43052248,-102.5143314,48103.0,1000.6253908692933,12.5,42,47,6,0,41,47,4794,1,0,0,1,0
2020-06-24,US,Texas,Crockett,5,0,0,30.72367027,-101.4134238,48105.0,144.3418013856813,0.0,5,5,0,0,5,5,3499,0,0,0,0,0
2020-06-24,US,Texas,Crosby,13,1,0,33.61431553,-101.30003640000001,48107.0,226.5992679100576,7.6923076923076925,12,9,1,0,8,8,5779,4,0,0,4,1
2020-06-24,US,Texas,Culberson,3,0,0,31.44506775,-104.5185739,48109.0,138.18516812528787,0.0,3,3,0,0,3,1,2204,0,0,0,0,2
2020-06-24,US,Texas,Dallam,76,1,0,36.27787176,-102.60207249999999,48111.0,1042.9532043364895,1.3157894736842106,75,62,1,0,61,58,7200,14,0,0,14,4
2020-06-24,US,Texas,Dallas,18135,328,0,32.76670599,-96.77796049999999,48113.0,688.1005465343408,1.80865729252826,17807,17744,324,0,17420,17299,2637772,391,4,0,387,445
2020-06-24,US,Texas,Dawson,45,1,0,32.74255572,-101.94772420000001,48115.0,353.55122564424886,2.2222222222222223,44,45,1,0,44,45,12619,0,0,0,0,0
2020-06-24,US,Texas,DeWitt,42,1,0,29.08101855,-97.35681170000001,48123.0,208.33333333333331,2.380952380952381,41,42,1,0,41,37,20187,0,0,0,0,5
2020-06-24,US,Texas,Deaf Smith,262,16,0,34.96522957,-102.6054267,48117.0,1412.7035479348651,6.106870229007634,246,254,16,0,238,242,18760,8,0,0,8,12
2020-06-24,US,Texas,Delta,5,0,0,33.38570922,-95.66921122,48119.0,93.79103357719002,0.0,5,4,0,0,4,4,5349,1,0,0,1,0
2020-06-24,US,Texas,Denton,2302,36,0,33.20521901,-97.11691153,48121.0,259.4659419954982,1.5638575152041705,2266,2219,36,0,2183,2163,859064,83,0,0,83,56
2020-06-24,US,Texas,Dickens,2,0,0,33.61616822,-100.7788855,48125.0,90.45680687471732,0.0,2,2,0,0,2,2,2249,0,0,0,0,0
2020-06-24,US,Texas,Dimmit,3,0,0,28.42270064,-99.75645095,48127.0,29.632556301856972,0.0,3,3,0,0,3,3,10308,0,0,0,0,0
2020-06-24,US,Texas,Donley,27,0,0,34.96517499,-100.8140093,48129.0,823.672971323978,0.0,27,27,0,0,27,27,3319,0,0,0,0,0
2020-06-24,US,Texas,Duval,7,0,0,27.68184592,-98.50864568,48131.0,62.74088016491889,0.0,7,6,0,0,6,5,11212,1,0,0,1,1
2020-06-24,US,Texas,Eastland,8,0,0,32.32743996,-98.83243566,48133.0,43.572984749455344,0.0,8,7,0,0,7,7,18322,1,0,0,1,0
2020-06-24,US,Texas,Ector,396,7,0,31.86898877,-102.54294279999999,48135.0,238.23417938552436,1.7676767676767675,389,359,7,0,352,325,162124,37,0,0,37,34
2020-06-24,US,Texas,El Paso,4809,122,0,31.76980765,-106.23632749999999,48141.0,573.0198108283944,2.5369099604907466,4687,4677,122,0,4555,4553,840758,132,0,0,132,124
2020-06-24,US,Texas,Ellis,684,19,0,32.34894117,-96.79371841,48139.0,370.0778029065175,2.7777777777777777,665,539,19,0,520,510,179436,145,0,0,145,29
2020-06-24,US,Texas,Erath,100,1,0,32.23602653,-98.21773417,48143.0,234.20300716661203,1.0,99,85,1,0,84,44,42446,15,0,0,15,41
2020-06-24,US,Texas,Falls,25,0,0,31.25350609,-96.93630086,48145.0,144.5337341735561,0.0,25,25,0,0,25,23,17335,0,0,0,0,2
2020-06-24,US,Texas,Fannin,82,7,0,33.59564294,-96.10751083,48147.0,230.89485836571487,8.536585365853659,75,67,7,0,60,65,35286,15,0,0,15,2
2020-06-24,US,Texas,Fayette,75,2,0,29.87788372,-96.92076062,48149.0,295.9046792393277,2.6666666666666665,73,71,2,0,69,66,25349,4,0,0,4,5
2020-06-24,US,Texas,Fisher,2,1,0,32.74281316,-100.40193020000001,48151.0,52.219321148825074,50.0,1,2,1,0,1,2,3839,0,0,0,0,0
2020-06-24,US,Texas,Floyd,21,1,0,34.07227468,-101.3031546,48153.0,367.6470588235293,4.761904761904762,20,21,1,0,20,19,5837,0,0,0,0,2
2020-06-24,US,Texas,Fort Bend,3176,50,0,29.52704478,-95.77219463,48157.0,391.2833502528065,1.5743073047858942,3126,3132,50,0,3082,3069,787858,44,0,0,44,63
2020-06-24,US,Texas,Franklin,35,0,0,33.17653242,-95.21917243,48159.0,326.3403263403263,0.0,35,35,0,0,35,33,10766,0,0,0,0,2
2020-06-24,US,Texas,Freestone,20,0,0,31.70422788,-96.15072516,48161.0,101.43530963128264,0.0,20,20,0,0,20,19,19808,0,0,0,0,1
2020-06-24,US,Texas,Frio,157,0,0,28.86751206,-99.10804207,48163.0,773.1704914803506,0.0,157,142,0,0,142,139,19816,15,0,0,15,3
2020-06-24,US,Texas,Gaines,14,0,0,32.74055318,-102.6353295,48165.0,65.14051740182393,0.0,14,14,0,0,14,14,20901,0,0,0,0,0
2020-06-24,US,Texas,Galveston,2040,40,0,29.40167322,-94.90469073,48167.0,596.2488929937832,1.96078431372549,2000,1968,40,0,1928,1867,337890,72,0,0,72,101
2020-06-24,US,Texas,Garza,7,0,0,33.17969345,-101.2984114,48169.0,112.37758869802536,0.0,7,7,0,0,7,7,6578,0,0,0,0,0
2020-06-24,US,Texas,Gillespie,29,0,0,30.31824095,-98.94676915,48171.0,107.45516525863349,0.0,29,23,0,0,23,17,26804,6,0,0,6,6
2020-06-24,US,Texas,Glasscock,5,0,0,31.86942909,-101.5207776,48173.0,354.86160397445,0.0,5,5,0,0,5,5,1388,0,0,0,0,0
2020-06-24,US,Texas,Goliad,7,0,0,28.65696592,-97.42760647,48175.0,91.40767824497256,0.0,7,7,0,0,7,7,7584,0,0,0,0,0
2020-06-24,US,Texas,Gonzales,231,4,0,29.45634206,-97.49424032,48177.0,1108.604885540145,1.7316017316017316,227,217,4,0,213,215,20826,14,0,0,14,2
2020-06-24,US,Texas,Gray,113,4,0,35.40081878,-100.8129222,48179.0,516.3117974961161,3.5398230088495577,109,113,4,0,109,113,21895,0,0,0,0,0
2020-06-24,US,Texas,Grayson,537,5,0,33.62744998,-96.67753461,48181.0,394.23839309311967,0.931098696461825,532,521,5,0,516,518,133991,16,0,0,16,3
2020-06-24,US,Texas,Gregg,313,12,0,32.47940482,-94.81591935,48183.0,252.53136471822185,3.8338658146964857,301,310,12,0,298,305,123707,3,0,0,3,5
2020-06-24,US,Texas,Grimes,312,2,0,30.54579585,-95.98902499,48185.0,1080.3324099722993,0.6410256410256411,310,312,2,0,310,303,28360,0,0,0,0,9
2020-06-24,US,Texas,Guadalupe,467,1,0,29.58165339,-97.94786822,48187.0,279.89715128231256,0.21413276231263384,466,417,1,0,416,323,163694,50,0,0,50,94
2020-06-24,US,Texas,Hale,178,6,0,34.07044901,-101.82681140000001,48189.0,532.8384122612704,3.3707865168539324,172,176,6,0,170,139,33830,2,0,0,2,37
2020-06-24,US,Texas,Hall,2,1,0,34.5307555,-100.68138520000001,48191.0,67.47638326585695,50.0,1,2,1,0,1,2,3028,0,0,0,0,0
2020-06-24,US,Texas,Hamilton,19,1,0,31.70470573,-98.11083887,48193.0,224.5597447110271,5.2631578947368425,18,19,1,0,18,19,8484,0,0,0,0,0
2020-06-24,US,Texas,Hansford,24,2,0,36.27743284,-101.3545796,48195.0,444.52676421559545,8.333333333333334,22,24,2,0,22,23,5463,0,0,0,0,1
2020-06-24,US,Texas,Hardeman,4,0,0,34.28944521,-99.74632408,48197.0,101.70353419781335,0.0,4,4,0,0,4,4,3922,0,0,0,0,0
2020-06-24,US,Texas,Hardin,205,5,0,30.33364686,-94.38931817,48199.0,355.8904204715114,2.4390243902439024,200,194,5,0,189,172,57207,11,0,0,11,22
2020-06-24,US,Texas,Harris,25786,346,0,29.86,-95.39,48201.0,547.0872473254018,1.3418133871092843,25440,24421,335,0,24086,23047,4698619,1365,11,0,1354,1374
2020-06-24,US,Texas,Harrison,279,33,0,32.54935988,-94.36934071,48203.0,419.2147611677912,11.827956989247312,246,276,33,0,243,274,66726,3,0,0,3,2
2020-06-24,US,Texas,Hartley,13,2,0,35.84008013,-102.6029022,48205.0,233.14203730272598,15.384615384615385,11,13,2,0,11,13,5619,0,0,0,0,0
2020-06-24,US,Texas,Haskell,4,0,0,33.17823584,-99.73037358,48207.0,70.69635913750443,0.0,4,4,0,0,4,4,5813,0,0,0,0,0
2020-06-24,US,Texas,Hays,2001,5,0,30.05669873,-98.02944344,48209.0,869.2781212123845,0.2498750624687656,1996,1871,5,0,1866,1711,222631,130,0,0,130,160
2020-06-24,US,Texas,Hemphill,3,0,0,35.83764858,-100.2703577,48211.0,78.55459544383345,0.0,3,3,0,0,3,3,3825,0,0,0,0,0
2020-06-24,US,Texas,Henderson,104,4,0,32.21128872,-95.85846587,48213.0,125.699505662521,3.8461538461538463,100,102,3,0,99,97,82299,2,1,0,1,5
2020-06-24,US,Texas,Hidalgo,2130,25,0,26.39418217,-98.18299696,48215.0,245.1919922367381,1.1737089201877935,2105,1882,23,0,1859,1689,865939,248,2,0,246,193
2020-06-24,US,Texas,Hill,50,1,0,31.99045053,-97.13423143,48217.0,136.42937051488443,2.0,49,50,1,0,49,49,36354,0,0,0,0,1
2020-06-24,US,Texas,Hockley,33,1,0,33.60771256,-102.3431676,48219.0,143.34737848051782,3.0303030303030303,32,30,1,0,29,30,22980,3,0,0,3,0
2020-06-24,US,Texas,Hood,45,4,0,32.42990927,-97.83242024,48221.0,73.00098956896971,8.888888888888891,41,36,4,0,32,35,60537,9,0,0,9,1
2020-06-24,US,Texas,Hopkins,51,1,0,33.14875072,-95.56351139,48223.0,137.52561751698846,1.96078431372549,50,51,1,0,50,50,36810,0,0,0,0,1
2020-06-24,US,Texas,Houston,157,0,0,31.31925973,-95.42226208,48225.0,683.5597352838732,0.0,157,153,0,0,153,148,23169,4,0,0,4,5
2020-06-24,US,Texas,Howard,32,1,0,32.30621324,-101.4356444,48227.0,87.27907484180668,3.125,31,29,1,0,28,27,36459,3,0,0,3,2
2020-06-24,US,Texas,Hudspeth,14,0,0,31.45628381,-105.388178,48229.0,286.5329512893983,0.0,14,14,0,0,14,14,4795,0,0,0,0,0
2020-06-24,US,Texas,Hunt,319,5,0,33.12351514,-96.08551032,48231.0,323.54910035093417,1.567398119122257,314,258,5,0,253,258,96493,61,0,0,61,0
2020-06-24,US,Texas,Hutchinson,54,0,0,35.84006574,-101.3546643,48233.0,257.9042888528035,0.0,54,53,0,0,53,51,21198,1,0,0,1,2
2020-06-24,US,Texas,Irion,1,0,0,31.30375559,-100.982439,48235.0,65.10416666666667,0.0,1,1,0,0,1,1,1522,0,0,0,0,0
2020-06-24,US,Texas,Jack,7,0,0,33.23377248,-98.17283469,48237.0,78.3435926133184,0.0,7,6,0,0,6,4,8843,1,0,0,1,2
2020-06-24,US,Texas,Jackson,27,1,0,28.95472367,-96.57749563,48239.0,182.9268292682927,3.703703703703704,26,27,1,0,26,25,14874,0,0,0,0,2
2020-06-24,US,Texas,Jasper,41,1,0,30.74685667,-94.02667579,48241.0,115.39868839539531,2.4390243902439024,40,39,1,0,38,36,35872,2,0,0,2,3
2020-06-24,US,Texas,Jefferson,1486,32,0,29.8832777,-94.16434171,48245.0,590.7022042016972,2.1534320323014806,1454,1447,32,0,1415,1393,255001,39,0,0,39,54
2020-06-24,US,Texas,Jim Hogg,9,0,0,27.04453923,-98.69681870000001,48247.0,173.0769230769231,0.0,9,9,0,0,9,9,5248,0,0,0,0,0
2020-06-24,US,Texas,Jim Wells,50,0,0,27.73103938,-98.0904705,48249.0,123.51168420532579,0.0,50,46,0,0,46,34,40822,4,0,0,4,12
2020-06-24,US,Texas,Johnson,314,4,0,32.37877812,-97.36615819,48251.0,178.59478889982196,1.2738853503184713,310,267,4,0,263,254,171361,47,0,0,47,13
2020-06-24,US,Texas,Jones,604,0,0,32.73997145,-99.87861576,48253.0,3007.518796992481,0.0,604,604,0,0,604,650,19817,0,0,0,0,-46
2020-06-24,US,Texas,Karnes,15,0,0,28.90705334,-97.85960149,48255.0,96.14768284084353,0.0,15,14,0,0,14,14,15650,1,0,0,1,0
2020-06-24,US,Texas,Kaufman,490,4,0,32.599141700000004,-96.28734728,48257.0,359.8865989981932,0.8163265306122449,486,374,4,0,370,360,128622,116,0,0,116,14
2020-06-24,US,Texas,Kendall,56,0,0,29.94414155,-98.7113588,48259.0,118.06624359596044,0.0,56,47,0,0,47,44,45641,9,0,0,9,3
2020-06-24,US,Texas,Kerr,50,1,0,30.06040006,-99.34930144,48265.0,95.05703422053232,2.0,49,43,1,0,42,33,52405,7,0,0,7,10
2020-06-24,US,Texas,Kimble,1,0,0,30.48678918,-99.74856473,48267.0,23.057412958266077,0.0,1,1,0,0,1,1,4362,0,0,0,0,0
2020-06-24,US,Texas,Kinney,2,0,0,29.34967888,-100.41866379999999,48271.0,54.5404963185165,0.0,2,3,0,0,3,2,3767,-1,0,0,-1,1
2020-06-24,US,Texas,Kleberg,32,1,0,27.42435506,-97.69894948,48273.0,104.30247718383312,3.125,31,32,1,0,31,29,31129,0,0,0,0,3
2020-06-24,US,Texas,Knox,1,0,0,33.60519951,-99.74229059999999,48275.0,27.29257641921397,0.0,1,1,0,0,1,1,3653,0,0,0,0,0
2020-06-24,US,Texas,La Salle,8,0,0,28.34453111,-99.09908775,48283.0,106.38297872340424,0.0,8,7,0,0,7,7,7531,1,0,0,1,0
2020-06-24,US,Texas,Lamar,230,13,0,33.66981763,-95.57404777,48277.0,461.3008684490263,5.652173913043479,217,227,13,0,214,205,49728,3,0,0,3,22
2020-06-24,US,Texas,Lamb,32,0,0,34.06859623,-102.35162890000001,48279.0,248.19669588148608,0.0,32,32,0,0,32,31,13158,0,0,0,0,1
2020-06-24,US,Texas,Lampasas,19,0,0,31.19531316,-98.24206613,48281.0,88.66903117416464,0.0,19,19,0,0,19,18,21229,0,0,0,0,1
2020-06-24,US,Texas,Lavaca,99,1,0,29.38508402,-96.93186692,48285.0,491.2176242929443,1.0101010101010102,98,86,1,0,85,85,20110,13,0,0,13,1
2020-06-24,US,Texas,Lee,53,4,0,30.31120597,-96.97045773,48287.0,307.4424270549336,7.547169811320754,49,53,3,0,50,53,17144,0,1,0,-1,0
2020-06-24,US,Texas,Leon,19,0,0,31.29872538,-95.9936328,48289.0,109.17030567685588,0.0,19,19,0,0,19,16,17270,0,0,0,0,3
2020-06-24,US,Texas,Liberty,207,3,0,30.15152688,-94.81205615,48291.0,234.6433308017548,1.4492753623188406,204,196,3,0,193,186,86323,11,0,0,11,10
2020-06-24,US,Texas,Limestone,42,1,0,31.5454767,-96.58095444,48293.0,179.20382301489101,2.380952380952381,41,42,1,0,41,42,23519,0,0,0,0,0
2020-06-24,US,Texas,Lipscomb,9,0,0,36.27783108,-100.27331509999999,48295.0,278.3792143519951,0.0,9,9,0,0,9,9,3355,0,0,0,0,0
2020-06-24,US,Texas,Live Oak,15,0,0,28.35101362,-98.1246786,48297.0,122.88031457360529,0.0,15,15,0,0,15,15,12166,0,0,0,0,0
2020-06-24,US,Texas,Llano,8,0,0,30.70645047,-98.68475262,48299.0,36.70566643725625,0.0,8,8,0,0,8,8,21646,0,0,0,0,0
2020-06-24,US,Texas,Lubbock,1547,51,0,33.61008596,-101.82047890000001,48303.0,498.1179705637073,3.2967032967032965,1496,1407,51,0,1356,1320,307412,140,0,0,140,87
2020-06-24,US,Texas,Lynn,23,1,0,33.17657705,-101.8162849,48305.0,386.4896656024197,4.3478260869565215,22,23,1,0,22,21,5877,0,0,0,0,2
2020-06-24,US,Texas,Madison,27,0,0,30.96694679,-95.93003775,48313.0,189.02268272192657,0.0,27,28,0,0,28,29,14422,-1,0,0,-1,-1
2020-06-24,US,Texas,Marion,23,1,0,32.79868409,-94.35661230000001,48315.0,233.40775319667145,4.3478260869565215,22,21,1,0,20,21,9928,2,0,0,2,0
2020-06-24,US,Texas,Martin,8,1,0,32.30600051,-101.9513518,48317.0,138.62415525905388,12.5,7,7,1,0,6,7,5753,1,0,0,1,0
2020-06-24,US,Texas,Mason,33,0,0,30.71780434,-99.22629416,48319.0,772.1104351895183,0.0,33,33,0,0,33,33,4280,0,0,0,0,0
2020-06-24,US,Texas,Matagorda,131,5,0,28.81955746,-96.01230294,48321.0,357.5034795185984,3.816793893129771,126,117,5,0,112,110,36552,14,0,0,14,7
2020-06-24,US,Texas,Maverick,250,2,0,28.7429195,-100.3157686,48323.0,425.7348182963796,0.8,248,250,2,0,248,250,58485,0,0,0,0,0
2020-06-24,US,Texas,McCulloch,7,0,0,31.1925468,-99.34682807,48307.0,87.67535070140279,0.0,7,6,0,0,6,5,7987,1,0,0,1,1
2020-06-24,US,Texas,McLennan,421,5,0,31.55255453,-97.20217694,48309.0,164.05388449203699,1.187648456057007,416,371,5,0,366,354,254607,50,0,0,50,17
2020-06-24,US,Texas,Medina,255,2,0,29.355730100000002,-99.11030298,48325.0,494.3393300248138,0.7843137254901961,253,251,2,0,249,250,50921,4,0,0,4,1
2020-06-24,US,Texas,Menard,3,0,0,30.88990665,-99.82047940000001,48327.0,140.31805425631433,0.0,3,2,0,0,2,1,2139,1,0,0,1,1
2020-06-24,US,Texas,Midland,454,14,0,31.86904128,-102.03156820000001,48329.0,256.7408613825552,3.0837004405286343,440,417,13,0,404,322,172578,37,1,0,36,95
2020-06-24,US,Texas,Milam,68,1,0,30.78581830000001,-96.97718698,48331.0,273.93949160053177,1.4705882352941178,67,63,1,0,62,57,25131,5,0,0,5,6
2020-06-24,US,Texas,Mills,1,0,0,31.49557106,-98.59272068,48333.0,20.521239482864765,0.0,1,1,0,0,1,1,4921,0,0,0,0,0
2020-06-24,US,Texas,Mitchell,3,0,0,32.30623474,-100.9212058,48335.0,35.10825043885313,0.0,3,3,0,0,3,2,8145,0,0,0,0,1
2020-06-24,US,Texas,Montague,17,1,0,33.67521893,-97.72500958,48337.0,85.78060349177515,5.882352941176472,16,14,1,0,13,12,19596,3,0,0,3,2
2020-06-24,US,Texas,Montgomery,1831,36,0,30.30079133,-95.50572772,48339.0,301.45326486563016,1.9661387220098308,1795,1737,34,0,1703,1647,590925,94,2,0,92,90
2020-06-24,US,Texas,Moore,881,14,0,35.83769242,-101.8930281,48341.0,4207.258834765999,1.5891032917139614,867,881,14,0,867,879,21485,0,0,0,0,2
2020-06-24,US,Texas,Morris,37,0,0,33.11304005,-94.73255695,48343.0,298.67613819825635,0.0,37,35,0,0,35,34,12339,2,0,0,2,1
2020-06-24,US,Texas,Motley,1,0,0,34.07408766,-100.77972199999999,48345.0,83.33333333333333,0.0,1,1,0,0,1,1,1234,0,0,0,0,0
2020-06-24,US,Texas,Nacogdoches,353,26,0,31.62017125,-94.61803994,48347.0,541.3778295810073,7.36543909348442,327,349,26,0,323,346,65711,4,0,0,4,3
2020-06-24,US,Texas,Navarro,156,4,0,32.04620681,-96.47428766,48349.0,311.29646997785005,2.5641025641025643,152,148,4,0,144,120,49565,8,0,0,8,28
2020-06-24,US,Texas,Newton,12,0,0,30.78548982,-93.74408813,48351.0,88.26774549466715,0.0,12,11,0,0,11,11,13746,1,0,0,1,0
2020-06-24,US,Texas,Nolan,16,0,0,32.30365282,-100.4060208,48353.0,108.7399755335055,0.0,16,13,0,0,13,13,14751,3,0,0,3,0
2020-06-24,US,Texas,Nueces,813,6,0,27.736286,-97.5433285,48355.0,224.4033850960822,0.7380073800738007,807,742,6,0,736,633,362265,71,0,0,71,109
2020-06-24,US,Texas,Ochiltree,53,2,0,36.27829105,-100.8158184,48357.0,538.8369255795038,3.7735849056603774,51,53,2,0,51,53,9947,0,0,0,0,0
2020-06-24,US,Texas,Oldham,4,1,0,35.40425596,-102.6027606,48359.0,189.3939393939394,25.0,3,4,1,0,3,4,2131,0,0,0,0,0
2020-06-24,US,Texas,Orange,164,3,0,30.11879481,-93.89412775,48361.0,196.65211760755912,1.8292682926829267,161,155,3,0,152,143,83572,9,0,0,9,12
2020-06-24,US,Texas,Palo Pinto,17,2,0,32.75310985,-98.31319001,48363.0,58.24111822947,11.764705882352944,15,14,2,0,12,14,28875,3,0,0,3,0
2020-06-24,US,Texas,Panola,209,24,0,32.163959600000005,-94.30552481,48365.0,901.0951108045184,11.483253588516742,185,209,23,0,186,209,23148,0,1,0,-1,0
2020-06-24,US,Texas,Parker,177,1,0,32.77757172,-97.80500621,48367.0,123.88191324066686,0.5649717514124294,176,138,1,0,137,124,138371,39,0,0,39,14
2020-06-24,US,Texas,Parmer,167,3,0,34.52993409,-102.78446679999999,48369.0,1738.6777719937534,1.7964071856287425,164,165,2,0,163,158,9864,2,1,0,1,7
2020-06-24,US,Texas,Pecos,113,0,0,30.78097267,-102.72412609999999,48371.0,714.1502875560893,0.0,113,112,0,0,112,112,15673,1,0,0,1,0
2020-06-24,US,Texas,Polk,88,0,0,30.79472531,-94.82766240000001,48373.0,171.3629194010087,0.0,88,85,0,0,85,75,50031,3,0,0,3,10
2020-06-24,US,Texas,Potter,2838,39,0,35.40133773,-101.893964,48375.0,2417.067665971128,1.3742071881606766,2799,2831,39,0,2792,2822,119648,7,0,0,7,9
2020-06-24,US,Texas,Presidio,14,0,0,29.99954402,-104.24080790000001,48377.0,208.83054892601442,0.0,14,14,0,0,14,13,6948,0,0,0,0,1
2020-06-24,US,Texas,Rains,8,0,0,32.87109387,-95.79232691,48379.0,63.9284001917852,0.0,8,8,0,0,8,8,12159,0,0,0,0,0
2020-06-24,US,Texas,Randall,793,6,0,34.96585996,-101.8971322,48381.0,575.8352515739255,0.7566204287515763,787,780,6,0,774,775,136271,13,0,0,13,5
2020-06-24,US,Texas,Reagan,2,0,0,31.36607041,-101.52326590000001,48383.0,51.96154845414394,0.0,2,2,0,0,2,2,3741,0,0,0,0,0
2020-06-24,US,Texas,Real,1,0,0,29.83321503,-99.82018052,48385.0,28.96871378910777,0.0,1,1,0,0,1,1,3478,0,0,0,0,0
2020-06-24,US,Texas,Red River,99,8,0,33.61886692,-95.04841765,48387.0,823.4217749313815,8.080808080808081,91,99,8,0,91,99,12175,0,0,0,0,0
2020-06-24,US,Texas,Reeves,17,0,0,31.32323325,-103.69038959999999,48389.0,106.40961442163244,0.0,17,15,0,0,15,14,15695,2,0,0,2,1
2020-06-24,US,Texas,Refugio,9,0,0,28.323897600000002,-97.15766311,48391.0,129.53367875647672,0.0,9,6,0,0,6,6,7032,3,0,0,3,0
2020-06-24,US,Texas,Roberts,3,0,0,35.83809685,-100.813175,48393.0,351.2880562060891,0.0,3,3,0,0,3,3,903,0,0,0,0,0
2020-06-24,US,Texas,Robertson,33,0,0,31.02539637,-96.51272246,48395.0,193.27632657842327,0.0,33,33,0,0,33,30,17284,0,0,0,0,3
2020-06-24,US,Texas,Rockwall,276,16,0,32.89779518,-96.40771592,48397.0,263.07010437020443,5.797101449275362,260,264,16,0,248,264,100657,12,0,0,12,0
2020-06-24,US,Texas,Runnels,5,0,0,31.8314342,-99.97616148,48399.0,48.71395167575994,0.0,5,3,0,0,3,3,10234,2,0,0,2,0
2020-06-24,US,Texas,Rusk,253,2,0,32.10773545,-94.76176432,48401.0,465.02224019409624,0.7905138339920948,251,253,2,0,251,250,54450,0,0,0,0,3
2020-06-24,US,Texas,Sabine,21,1,0,31.34318809,-93.85440451,48403.0,199.20318725099602,4.761904761904762,20,21,1,0,20,19,10589,0,0,0,0,2
2020-06-24,US,Texas,San Augustine,99,6,0,31.39457611,-94.17000399,48405.0,1201.8938934077942,6.0606060606060606,93,88,6,0,82,87,8232,11,0,0,11,1
2020-06-24,US,Texas,San Jacinto,25,0,0,30.57933681,-95.16260304,48407.0,86.62808829134758,0.0,25,24,0,0,24,24,28719,1,0,0,1,0
2020-06-24,US,Texas,San Patricio,85,0,0,28.00880118,-97.51763891,48409.0,127.37898995953844,0.0,85,80,0,0,80,66,66893,5,0,0,5,14
2020-06-24,US,Texas,San Saba,4,0,0,31.1577796,-98.81758731,48411.0,66.06110652353426,0.0,4,4,0,0,4,3,6054,0,0,0,0,1
2020-06-24,US,Texas,Schleicher,12,0,0,30.89740592,-100.5384842,48413.0,429.6455424274973,0.0,12,12,0,0,12,12,2895,0,0,0,0,0
2020-06-24,US,Texas,Scurry,29,0,0,32.74613808,-100.91626640000001,48415.0,173.6215051188409,0.0,29,29,0,0,29,29,16866,0,0,0,0,0
2020-06-24,US,Texas,Shackelford,1,0,0,32.73587756,-99.35401337,48417.0,30.627871362940283,0.0,1,1,0,0,1,1,3253,0,0,0,0,0
2020-06-24,US,Texas,Shelby,260,9,0,31.79211404,-94.14550696,48419.0,1028.7251721136342,3.4615384615384617,251,259,9,0,250,254,25418,1,0,0,1,5
2020-06-24,US,Texas,Sherman,30,0,0,36.27751473,-101.8933156,48421.0,992.7200529450696,0.0,30,30,0,0,30,30,3079,0,0,0,0,0
2020-06-24,US,Texas,Smith,392,4,0,32.37474036,-95.27175679999999,48423.0,168.42032902114278,1.020408163265306,388,378,4,0,374,340,230221,14,0,0,14,38
2020-06-24,US,Texas,Somervell,5,0,0,32.22236802,-97.77403489,48425.0,54.77651183172656,0.0,5,3,0,0,3,3,9016,2,0,0,2,0
2020-06-24,US,Texas,Starr,379,3,0,26.56150059,-98.73892358,48427.0,586.3877585753407,0.7915567282321899,376,379,3,0,376,370,64525,0,0,0,0,9
2020-06-24,US,Texas,Stephens,7,0,0,32.73553157,-98.83631615,48429.0,74.73841554559044,0.0,7,5,0,0,5,5,9433,2,0,0,2,0
2020-06-24,US,Texas,Sutton,3,0,0,30.49856623,-100.5382014,48435.0,79.4491525423729,0.0,3,3,0,0,3,1,3758,0,0,0,0,2
2020-06-24,US,Texas,Swisher,24,1,0,34.53028891,-101.73491740000001,48437.0,324.45586048397996,4.166666666666667,23,23,1,0,22,23,7462,1,0,0,1,0
2020-06-24,US,Texas,Tarrant,9386,211,0,32.77143818,-97.29101614,48439.0,446.4177425606952,2.2480289793309183,9175,9386,211,0,9175,8955,2084931,0,0,0,0,431
2020-06-24,US,Texas,Taylor,313,5,0,32.30163422,-99.89007449,48441.0,226.75572684990655,1.597444089456869,308,298,5,0,293,289,137640,15,0,0,15,9
2020-06-24,US,Texas,Terrell,1,0,0,30.22429013,-102.0766732,48443.0,128.86597938144328,0.0,1,1,0,0,1,,823,0,0,0,0,
2020-06-24,US,Texas,Terry,14,0,0,33.17402785,-102.3354521,48445.0,113.47977628272676,0.0,14,14,0,0,14,14,12287,0,0,0,0,0
2020-06-24,US,Texas,Throckmorton,1,0,0,33.17751417,-99.21226795,48447.0,66.62225183211193,0.0,1,1,0,0,1,1,1515,0,0,0,0,0
2020-06-24,US,Texas,Titus,752,5,0,33.21339719,-94.96797273,48449.0,2296.1832061068703,0.6648936170212766,747,744,5,0,739,729,33033,8,0,0,8,15
2020-06-24,US,Texas,Tom Green,272,2,0,31.40464436,-100.46244300000001,48451.0,228.18791946308724,0.7352941176470589,270,256,2,0,254,250,118189,16,0,0,16,6
2020-06-24,US,Texas,Travis,6596,114,0,30.33432034,-97.78535620000001,48453.0,517.7580980160981,1.7283201940570043,6482,6339,112,0,6227,6210,1248743,257,2,0,255,129
2020-06-24,US,Texas,Trinity,26,0,0,31.0879489,-95.1367187,48455.0,177.4622892635315,0.0,26,24,0,0,24,23,14740,2,0,0,2,1
2020-06-24,US,Texas,Tyler,21,0,0,30.77031716,-94.37690895,48457.0,96.89922480620156,0.0,21,20,0,0,20,18,21696,1,0,0,1,2
2020-06-24,US,Texas,Upshur,46,0,0,32.73706798,-94.93999853,48459.0,110.17172418748352,0.0,46,44,0,0,44,43,41260,2,0,0,2,1
2020-06-24,US,Texas,Upton,2,0,0,31.36868194,-102.0423217,48461.0,54.689636313918506,0.0,2,2,0,0,2,1,3671,0,0,0,0,1
2020-06-24,US,Texas,Uvalde,42,0,0,29.35739637,-99.76229172,48463.0,157.06218914775062,0.0,42,41,0,0,41,38,26846,1,0,0,1,3
2020-06-24,US,Texas,Val Verde,108,0,0,29.89149232,-101.1525205,48465.0,220.2957674655788,0.0,108,85,0,0,85,85,49208,23,0,0,23,0
2020-06-24,US,Texas,Van Zandt,59,3,0,32.56483801,-95.83766469,48467.0,104.25870295105145,5.084745762711863,56,59,3,0,56,54,56019,0,0,0,0,5
2020-06-24,US,Texas,Victoria,346,8,0,28.79780988,-96.96813006,48469.0,375.7438860171148,2.3121387283237,338,309,8,0,301,241,92035,37,0,0,37,68
2020-06-24,US,Texas,Walker,1950,28,0,30.73872995,-95.57440968,48471.0,2672.2944731468665,1.4358974358974361,1922,1928,28,0,1900,1912,72480,22,0,0,22,16
2020-06-24,US,Texas,Waller,128,0,0,30.01058447,-95.99011759,48473.0,231.69098215255403,0.0,128,119,0,0,119,114,53126,9,0,0,9,5
2020-06-24,US,Texas,Ward,9,0,0,31.50999644,-103.09279090000001,48475.0,75.01250208368063,0.0,9,8,0,0,8,8,11720,1,0,0,1,0
2020-06-24,US,Texas,Washington,241,27,0,30.21498498,-96.40946246,48477.0,671.6459506159077,11.203319502074688,214,239,27,0,212,235,35108,2,0,0,2,4
2020-06-24,US,Texas,Webb,1003,23,0,27.7610369,-99.33237355,48479.0,362.54933996501023,2.2931206380857434,980,948,22,0,926,929,275910,55,1,0,54,19
2020-06-24,US,Texas,Wharton,144,1,0,29.27765923,-96.22319248,48481.0,346.5203580710367,0.6944444444444444,143,120,1,0,119,118,41619,24,0,0,24,2
2020-06-24,US,Texas,Wheeler,16,0,0,35.40114335,-100.26995140000001,48483.0,316.4556962025317,0.0,16,16,0,0,16,16,5191,0,0,0,0,0
2020-06-24,US,Texas,Wichita,230,2,0,33.98842886,-98.70410340000001,48485.0,173.93934810557363,0.8695652173913043,228,201,2,0,199,169,132064,29,0,0,29,32
2020-06-24,US,Texas,Wilbarger,9,0,0,34.07945812,-99.24178437,48487.0,70.48320150364164,0.0,9,8,0,0,8,7,12820,1,0,0,1,1
2020-06-24,US,Texas,Willacy,114,3,0,26.47411727,-97.61535848,48489.0,533.7578424946156,2.631578947368421,111,103,3,0,100,93,21515,11,0,0,11,10
2020-06-24,US,Texas,Williamson,1614,32,0,30.64655664,-97.60048540000001,48491.0,273.3040838132524,1.982651796778191,1582,1498,32,0,1466,1411,566719,116,0,0,116,87
2020-06-24,US,Texas,Wilson,80,5,0,29.1732598,-98.08693082,48493.0,156.64773839827689,6.25,75,76,5,0,71,72,50224,4,0,0,4,4
2020-06-24,US,Texas,Winkler,8,0,0,31.85008651,-103.04851629999999,48495.0,99.87515605493134,0.0,8,6,0,0,6,6,7720,2,0,0,2,0
2020-06-24,US,Texas,Wise,88,5,0,33.21570665,-97.65460265,48497.0,125.74302697759487,5.6818181818181825,83,63,5,0,58,62,68305,25,0,0,25,1
2020-06-24,US,Texas,Wood,77,5,0,32.78722382,-95.38236368,48499.0,169.08583851204463,6.493506493506493,72,76,5,0,71,71,45129,1,0,0,1,5
2020-06-24,US,Texas,Yoakum,15,0,0,33.17320212,-102.82764329999999,48501.0,172.1565476873637,0.0,15,15,0,0,15,13,8591,0,0,0,0,2
2020-06-24,US,Texas,Young,22,1,0,33.17659707,-98.68790885,48503.0,122.15435868961687,4.545454545454546,21,17,1,0,16,16,18045,5,0,0,5,1
2020-06-24,US,Texas,Zapata,40,0,0,27.00156391,-99.16987152,48505.0,282.10734184357153,0.0,40,40,0,0,40,33,14190,0,0,0,0,7
2020-06-24,US,Texas,Zavala,16,0,0,28.86617238,-99.76050829,48507.0,135.13513513513513,0.0,16,14,0,0,14,13,11983,2,0,0,2,1
2020-06-24,US,Utah,Bear River,1356,2,0,41.52106798,-113.08328159999999,0.0,725.8401224721388,0.14749262536873156,1354,1337,2,0,1335,1316,,19,0,0,19,21
2020-06-24,US,Utah,Central Utah,117,0,0,39.37231946,-111.5758676,0.0,142.76301339775972,0.0,117,114,0,0,114,110,,3,0,0,3,4
2020-06-24,US,Utah,Davis,938,4,0,40.99001837,-112.1139997,49011.0,263.86782978555823,0.4264392324093816,934,905,4,0,901,877,351713,33,0,0,33,28
2020-06-24,US,Utah,Salt Lake,9460,105,0,40.66616532,-111.92160109999999,49035.0,815.210132045083,1.109936575052854,9355,9207,105,0,9102,9052,1152633,253,0,0,253,155
2020-06-24,US,Utah,San Juan,389,7,0,37.62762978,-109.80337140000002,49037.0,2541.154951659263,1.7994858611825193,382,388,7,0,381,386,15449,1,0,0,1,2
2020-06-24,US,Utah,Southeast Utah,32,0,0,38.99617072,-110.70139579999999,0.0,79.54460712421388,0.0,32,31,0,0,31,31,,1,0,0,1,0
2020-06-24,US,Utah,Southwest Utah,1200,10,0,37.85447192,-111.4418764,0.0,476.1111243364201,0.8333333333333334,1190,1151,10,0,1141,1104,,49,0,0,49,47
2020-06-24,US,Utah,Summit,474,0,0,40.86688146,-110.9535882,49043.0,1124.6885751571954,0.0,474,470,0,0,470,466,41933,4,0,0,4,4
2020-06-24,US,Utah,Tooele,208,0,0,40.44862644,-113.12957150000001,49045.0,287.8534161834512,0.0,208,208,0,0,208,202,69907,0,0,0,0,6
2020-06-24,US,Utah,TriCounty,40,0,0,40.12491499,-109.5174415,0.0,70.64391932464413,0.0,40,39,0,0,39,39,,1,0,0,1,0
2020-06-24,US,Utah,Utah,3447,22,0,40.116672200000004,-111.66576620000001,49049.0,541.7809457197419,0.6382361473745286,3425,3355,22,0,3333,3263,622213,92,0,0,92,92
2020-06-24,US,Utah,Wasatch,389,3,0,40.33110236,-111.1691419,49051.0,1141.0636238303364,0.7712082262210797,386,387,3,0,384,384,33240,2,0,0,2,3
2020-06-24,US,Utah,Weber-Morgan,734,10,0,41.27116049,-111.9145117,0.0,269.5190150438611,1.3623978201634876,724,708,10,0,698,676,,26,0,0,26,32
2020-06-24,US,Vermont,Addison,68,2,0,44.03217337,-73.14130877,50001.0,184.89817005193456,2.9411764705882355,66,68,2,0,66,67,36973,0,0,0,0,1
2020-06-24,US,Vermont,Bennington,69,1,0,43.03519828,-73.09048868,50003.0,194.5305892303355,1.4492753623188406,68,69,1,0,68,69,35631,0,0,0,0,0
2020-06-24,US,Vermont,Caledonia,18,0,0,44.46548598,-72.10314651,50005.0,60.01400326742907,0.0,18,18,0,0,18,18,30302,0,0,0,0,0
2020-06-24,US,Vermont,Chittenden,598,39,0,44.46322849,-73.08359212,50007.0,365.13732338466417,6.521739130434782,559,590,39,0,551,590,164572,8,0,0,8,0
2020-06-24,US,Vermont,Essex,3,0,0,44.72736416,-71.73579864,50009.0,48.67759208177836,0.0,3,3,0,0,3,3,6250,0,0,0,0,0
2020-06-24,US,Vermont,Franklin,102,6,0,44.85627605,-72.91249563,50011.0,206.4693737095664,5.882352941176472,96,102,6,0,96,102,49421,0,0,0,0,0
2020-06-24,US,Vermont,Grand Isle,9,0,0,44.797582399999996,-73.29679772,50013.0,124.3953006219765,0.0,9,8,0,0,8,8,7090,1,0,0,1,0
2020-06-24,US,Vermont,Lamoille,30,1,0,44.60353043,-72.64356694,50015.0,118.28720132481665,3.333333333333333,29,30,1,0,29,30,25300,0,0,0,0,0
2020-06-24,US,Vermont,Orange,9,0,0,44.00470222,-72.37640104,50017.0,31.150491485532328,0.0,9,9,0,0,9,9,28999,0,0,0,0,0
2020-06-24,US,Vermont,Orleans,14,0,0,44.82964024,-72.24562697,50019.0,51.78089285053815,0.0,14,14,0,0,14,14,26907,0,0,0,0,0
2020-06-24,US,Vermont,Rutland,71,1,0,43.57723578,-73.03741676,50021.0,122.01199498204193,1.4084507042253518,70,61,1,0,60,61,58672,10,0,0,10,0
2020-06-24,US,Vermont,Unassigned,5,0,0,0.0,0.0,90050.0,0.0,0.0,5,5,0,0,5,5,,0,0,0,0,0
2020-06-24,US,Vermont,Washington,41,1,0,44.27343241,-72.61604978,50023.0,70.19466178157475,2.4390243902439024,40,41,1,0,40,41,58140,0,0,0,0,0
2020-06-24,US,Vermont,Windham,92,3,0,42.986982,-72.71268875,50025.0,217.89588366254557,3.260869565217391,89,91,3,0,88,91,42756,1,0,0,1,0
2020-06-24,US,Vermont,Windsor,55,2,0,43.58010937,-72.58595157,50027.0,99.88739965856672,3.636363636363636,53,55,2,0,53,55,55286,0,0,0,0,0
2020-06-24,US,Virginia,Accomack,1034,14,0,37.76707161,-75.63234615,51001.0,3199.653422453274,1.3539651837524178,1020,1033,14,0,1019,1032,32412,1,0,0,1,1
2020-06-24,US,Virginia,Albemarle,359,8,0,38.02080697,-78.55481085,51003.0,328.36366962407385,2.2284122562674096,351,352,8,0,344,340,108718,7,0,0,7,12
2020-06-24,US,Virginia,Alexandria,2258,50,0,38.814003,-77.08183073,51510.0,1416.3133201194269,2.214348981399469,2208,2248,49,0,2199,2236,160530,10,1,0,9,12
2020-06-24,US,Virginia,Alleghany,31,2,0,37.78636074,-80.00222498,51005.0,208.6137281292059,6.451612903225807,29,31,2,0,29,31,14910,0,0,0,0,0
2020-06-24,US,Virginia,Amelia,42,1,0,37.34081025,-77.98584649,51007.0,319.5131228604032,2.380952380952381,41,42,1,0,41,42,13013,0,0,0,0,0
2020-06-24,US,Virginia,Amherst,31,0,0,37.60308293,-79.14548696,51009.0,98.08574592627748,0.0,31,31,0,0,31,29,31666,0,0,0,0,2
2020-06-24,US,Virginia,Appomattox,36,0,0,37.37569884,-78.81340003,51011.0,226.25856325812333,0.0,36,36,0,0,36,36,15841,0,0,0,0,0
2020-06-24,US,Virginia,Arlington,2438,126,0,38.8767675,-77.10139853,51013.0,1029.3782352792157,5.1681706316653,2312,2431,126,0,2305,2424,237521,7,0,0,7,7
2020-06-24,US,Virginia,Augusta,174,2,0,38.16404586,-79.12461614,51015.0,230.28666719606133,1.1494252873563218,172,171,2,0,169,171,75457,3,0,0,3,0
2020-06-24,US,Virginia,Bedford,104,3,0,37.3080028,-79.5281964,51019.0,131.6505690089497,2.8846153846153846,101,103,3,0,100,99,78747,1,0,0,1,4
2020-06-24,US,Virginia,Bland,2,0,0,37.13128068,-81.13599391,51021.0,31.84713375796178,0.0,2,2,0,0,2,2,6293,0,0,0,0,0
2020-06-24,US,Virginia,Botetourt,69,4,0,37.55531756,-79.80982182,51023.0,206.4693737095664,5.797101449275362,65,67,4,0,63,59,33277,2,0,0,2,8
2020-06-24,US,Virginia,Bristol,4,0,0,36.616302399999995,-82.16359122,51520.0,23.863500775563768,0.0,4,4,0,0,4,4,16482,0,0,0,0,0
2020-06-24,US,Virginia,Brunswick,93,1,0,36.76366949,-77.8593436,51025.0,572.9776353890703,1.075268817204301,92,92,1,0,91,92,16384,1,0,0,1,0
2020-06-24,US,Virginia,Buchanan,18,0,0,37.26818323,-82.03749726,51027.0,85.69796229289659,0.0,18,18,0,0,18,18,21221,0,0,0,0,0
2020-06-24,US,Virginia,Buckingham,553,4,0,37.57242268,-78.52518834,51029.0,3224.865873571262,0.7233273056057866,549,553,4,0,549,553,16999,0,0,0,0,0
2020-06-24,US,Virginia,Buena Vista,14,0,0,37.73484642,-79.35296097,51530.0,216.11608521148503,0.0,14,14,0,0,14,12,6237,0,0,0,0,2
2020-06-24,US,Virginia,Campbell,32,1,0,37.20553386,-79.09678609,51031.0,58.303725972487925,3.125,31,33,1,0,32,32,54973,-1,0,0,-1,1
2020-06-24,US,Virginia,Caroline,125,4,0,38.02679129,-77.34901405,51033.0,406.83482506102524,3.2,121,124,4,0,120,126,30772,1,0,0,1,-2
2020-06-24,US,Virginia,Carroll,196,6,0,36.73066666,-80.73455942,51035.0,657.9168205162633,3.0612244897959178,190,193,5,0,188,189,29636,3,1,0,2,4
2020-06-24,US,Virginia,Charles City,40,4,0,37.35358063,-77.05634116,51036.0,574.4650294413328,10.0,36,37,3,0,34,37,6941,3,1,0,2,0
2020-06-24,US,Virginia,Charlotte,31,0,0,37.01909701,-78.66314092,51037.0,260.94276094276097,0.0,31,31,0,0,31,31,11938,0,0,0,0,0
2020-06-24,US,Virginia,Charlottesville,182,3,0,38.03527919,-78.48569588,51540.0,385.0547962594677,1.6483516483516485,179,176,3,0,173,172,48117,6,0,0,6,4
2020-06-24,US,Virginia,Chesapeake,792,16,0,36.67670048,-76.30545744,51550.0,323.48316212959753,2.0202020202020203,776,774,16,0,758,759,242634,18,0,0,18,15
2020-06-24,US,Virginia,Chesterfield,2710,49,0,37.37373208,-77.58680140000001,51041.0,768.1362350553568,1.808118081180812,2661,2651,49,0,2602,2577,348556,59,0,0,59,74
2020-06-24,US,Virginia,Clarke,48,0,0,39.11271747,-77.99199425,51043.0,328.33983172583623,0.0,48,48,0,0,48,46,14523,0,0,0,0,2
2020-06-24,US,Virginia,Colonial Heights,139,17,0,37.26420587,-77.39609676,51570.0,800.2302820955673,12.23021582733813,122,132,17,0,115,131,17833,7,0,0,7,1
2020-06-24,US,Virginia,Covington,4,0,0,37.7824656,-79.98631446,51580.0,72.22824124232575,0.0,4,4,0,0,4,4,5460,0,0,0,0,0
2020-06-24,US,Virginia,Craig,6,0,0,37.48133648,-80.21072274,51045.0,116.93626973299551,0.0,6,6,0,0,6,6,5064,0,0,0,0,0
2020-06-24,US,Virginia,Culpeper,803,9,0,38.48199985,-77.95630870000002,51047.0,1526.4708677882336,1.1207970112079702,794,802,9,0,793,795,51859,1,0,0,1,7
2020-06-24,US,Virginia,Cumberland,51,0,0,37.51328851,-78.24398086,51049.0,513.491743858236,0.0,51,51,0,0,51,51,9809,0,0,0,0,0
2020-06-24,US,Virginia,Danville,73,2,0,36.58022376,-79.40395668,51590.0,182.29947058235942,2.7397260273972597,71,72,2,0,70,73,40693,1,0,0,1,-1
2020-06-24,US,Virginia,Dickenson,1,0,0,37.12560977,-82.35124171,51051.0,6.984215672579969,0.0,1,1,0,0,1,1,14523,0,0,0,0,0
2020-06-24,US,Virginia,Dinwiddie,130,0,0,37.07544585,-77.63451754,51053.0,455.4372197309417,0.0,130,127,0,0,127,123,28529,3,0,0,3,4
2020-06-24,US,Virginia,Emporia,123,6,0,36.69455571,-77.53406129,51595.0,2300.785634118968,4.878048780487805,117,118,6,0,112,116,5121,5,0,0,5,2
2020-06-24,US,Virginia,Essex,54,0,0,37.93357639,-76.94230311,51057.0,493.0156121610517,0.0,54,54,0,0,54,54,10919,0,0,0,0,0
2020-06-24,US,Virginia,Fairfax,13588,450,0,38.83677558,-77.27565836,51059.0,1184.1064127187738,3.3117456579334705,13138,13579,445,0,13134,13499,1150795,9,5,0,4,80
2020-06-24,US,Virginia,Fairfax,13588,450,0,38.83677558,-77.27565836,51059.0,1184.1064127187738,3.3117456579334705,13138,13579,445,0,13134,13499,24574,9,5,0,4,80
2020-06-24,US,Virginia,Fairfax City,69,7,0,38.85157547,-77.29779640000002,51600.0,287.27257587743037,10.144927536231883,62,68,7,0,61,68,24574,1,0,0,1,0
2020-06-24,US,Virginia,Falls Church,57,7,0,38.88485255,-77.17560759,51610.0,389.9568995005815,12.280701754385964,50,58,7,0,51,59,14772,-1,0,0,-1,-1
2020-06-24,US,Virginia,Fauquier,417,6,0,38.73564842,-77.80647472,51061.0,585.4932464687878,1.4388489208633093,411,413,6,0,407,409,70675,4,0,0,4,4
2020-06-24,US,Virginia,Floyd,15,1,0,36.9302126,-80.36738849,51063.0,95.24414248523716,6.666666666666668,14,14,1,0,13,14,15795,1,0,0,1,0
2020-06-24,US,Virginia,Fluvanna,107,6,0,37.84157909,-78.27715475,51065.0,392.3725705903924,5.607476635514018,101,108,6,0,102,105,26783,-1,0,0,-1,3
2020-06-24,US,Virginia,Franklin,53,1,0,36.99536167,-79.88023649,51067.0,94.57192819670959,1.8867924528301887,52,52,1,0,51,50,56195,1,0,0,1,2
2020-06-24,US,Virginia,Franklin,53,1,0,36.99536167,-79.88023649,51067.0,94.57192819670959,1.8867924528301887,52,52,1,0,51,50,8013,1,0,0,1,2
2020-06-24,US,Virginia,Franklin City,46,2,0,36.6831435,-76.93859681,51620.0,577.3816995104808,4.3478260869565215,44,46,2,0,44,45,8013,0,0,0,0,1
2020-06-24,US,Virginia,Frederick,461,4,0,39.20172582,-78.25974949,51069.0,516.1622608130955,0.8676789587852495,457,461,4,0,457,460,88355,0,0,0,0,1
2020-06-24,US,Virginia,Fredericksburg,235,0,0,38.2977863,-77.4922454,51630.0,809.3401294944208,0.0,235,234,1,0,233,232,29144,1,-1,0,2,2
2020-06-24,US,Virginia,Galax,233,13,0,36.66601852,-80.91703124,51640.0,3671.025681424295,5.579399141630901,220,227,11,0,216,224,6423,6,2,0,4,3
2020-06-24,US,Virginia,Giles,7,0,0,37.31234791,-80.70636931,51071.0,41.86602870813398,0.0,7,7,0,0,7,7,16844,0,0,0,0,0
2020-06-24,US,Virginia,Gloucester,45,1,0,37.40809042,-76.53524337,51073.0,120.48837956517085,2.2222222222222223,44,42,1,0,41,42,37349,3,0,0,3,0
2020-06-24,US,Virginia,Goochland,118,6,0,37.71714806,-77.90381514,51075.0,496.7793541868396,5.084745762711863,112,118,6,0,112,116,23244,0,0,0,0,2
2020-06-24,US,Virginia,Grayson,81,2,0,36.65677234,-81.23215889,51077.0,520.9003215434084,2.469135802469136,79,81,2,0,79,80,15631,0,0,0,0,1
2020-06-24,US,Virginia,Greene,55,1,0,38.29545894,-78.46525378,51079.0,277.5114788838993,1.818181818181818,54,55,1,0,54,55,19779,0,0,0,0,0
2020-06-24,US,Virginia,Greensville,350,7,0,36.67878901,-77.56351439,51081.0,3087.5088214537755,2.0,343,347,7,0,340,346,11627,3,0,0,3,1
2020-06-24,US,Virginia,Halifax,41,1,0,36.76654925,-78.93512622,51083.0,120.90472118191737,2.4390243902439024,40,41,1,0,40,39,34120,0,0,0,0,2
2020-06-24,US,Virginia,Hampton,276,5,0,37.03513786,-76.35879121,51650.0,205.18920526354918,1.8115942028985508,271,271,5,0,266,271,134313,5,0,0,5,0
2020-06-24,US,Virginia,Hanover,410,25,0,37.7583355,-77.49464673,51085.0,380.4539465137426,6.097560975609755,385,410,25,0,385,405,107239,0,0,0,0,5
2020-06-24,US,Virginia,Harrisonburg,901,23,0,38.43542574,-78.87536254,51660.0,1699.4869473366532,2.5527192008879025,878,896,23,0,873,893,54033,5,0,0,5,3
2020-06-24,US,Virginia,Henrico,2463,138,0,37.53460572,-77.39326555,51087.0,744.5181338379411,5.602923264311816,2325,2448,138,0,2310,2426,329261,15,0,0,15,22
2020-06-24,US,Virginia,Henry,230,4,0,36.68542395,-79.87634026,51089.0,454.93205688628683,1.7391304347826086,226,228,4,0,224,227,50953,2,0,0,2,1
2020-06-24,US,Virginia,Highland,3,0,0,38.35799465,-79.56124594,51091.0,136.98630136986299,0.0,3,3,0,0,3,3,2210,0,0,0,0,0
2020-06-24,US,Virginia,Hopewell,163,2,0,37.29186313,-77.29754684,51670.0,723.5119179723912,1.2269938650306749,161,155,2,0,153,152,22596,8,0,0,8,3
2020-06-24,US,Virginia,Isle of Wight,165,8,0,36.90579348,-76.70842863,51093.0,444.6360721118866,4.848484848484849,157,165,8,0,157,163,36953,0,0,0,0,2
2020-06-24,US,Virginia,James City,247,15,0,37.31156958,-76.76950618,51095.0,322.77877239522763,6.0728744939271255,232,245,15,0,230,245,76397,2,0,0,2,0
2020-06-24,US,Virginia,King George,96,4,0,38.26818502,-77.15852768,51099.0,357.7284245043972,4.166666666666667,92,96,4,0,92,96,26575,0,0,0,0,0
2020-06-24,US,Virginia,King William,37,0,0,37.70965316,-77.09384941,51101.0,215.7686027525076,0.0,37,36,0,0,36,37,16939,1,0,0,1,-1
2020-06-24,US,Virginia,King and Queen,24,1,0,37.71044922,-76.88689628,51097.0,341.6370106761566,4.166666666666667,23,24,1,0,23,24,7042,0,0,0,0,0
2020-06-24,US,Virginia,Lancaster,12,0,0,37.71889653,-76.46400482,51103.0,113.1755163632934,0.0,12,12,0,0,12,12,10783,0,0,0,0,0
2020-06-24,US,Virginia,Lee,9,0,0,36.70586667,-83.12606515,51105.0,38.42377150663877,0.0,9,9,0,0,9,9,23541,0,0,0,0,0
2020-06-24,US,Virginia,Lexington,10,0,0,37.78258621,-79.44262866,51678.0,134.30029546065,0.0,10,10,0,0,10,10,7136,0,0,0,0,0
2020-06-24,US,Virginia,Loudoun,3683,84,0,39.08990083,-77.63481877,51107.0,890.607392790989,2.2807493890849853,3599,3632,84,0,3548,3612,406850,51,0,0,51,20
2020-06-24,US,Virginia,Louisa,111,1,0,37.97850256,-77.96274807,51109.0,295.2834455055731,0.9009009009009008,110,110,1,0,109,109,36778,1,0,0,1,1
2020-06-24,US,Virginia,Lunenburg,30,0,0,36.94618528,-78.24133319,51111.0,245.9822892751721,0.0,30,28,0,0,28,28,12086,2,0,0,2,0
2020-06-24,US,Virginia,Lynchburg,116,1,0,37.40021399,-79.19888138,51680.0,141.174179729335,0.8620689655172413,115,113,1,0,112,108,82126,3,0,0,3,5
2020-06-24,US,Virginia,Madison,43,1,0,38.41531222,-78.28220331,51113.0,324.2591056481412,2.3255813953488373,42,43,1,0,42,43,13295,0,0,0,0,0
2020-06-24,US,Virginia,Manassas,1370,16,0,38.7464321,-77.48509905,51683.0,3334.5503225021307,1.167883211678832,1354,1367,16,0,1351,1366,41641,3,0,0,3,1
2020-06-24,US,Virginia,Manassas Park,416,5,0,38.77058531,-77.44399307,51685.0,2380.135026890949,1.2019230769230769,411,416,5,0,411,414,17307,0,0,0,0,2
2020-06-24,US,Virginia,Martinsville,70,1,0,36.68212094,-79.86352771,51690.0,557.5912059901227,1.4285714285714286,69,61,1,0,60,60,12902,9,0,0,9,1
2020-06-24,US,Virginia,Mathews,5,0,0,37.44164146,-76.34098896,51115.0,56.599501924383055,0.0,5,5,0,0,5,5,8802,0,0,0,0,0
2020-06-24,US,Virginia,Mecklenburg,237,26,0,36.67882005,-78.36131056,51117.0,774.8389838820414,10.970464135021095,211,237,24,0,213,235,30650,0,2,0,-2,2
2020-06-24,US,Virginia,Middlesex,15,0,0,37.63191998,-76.55064617,51119.0,141.75014175014175,0.0,15,15,0,0,15,15,10769,0,0,0,0,0
2020-06-24,US,Virginia,Montgomery,116,2,0,37.17746986,-80.37868691,51121.0,117.72466636220629,1.7241379310344829,114,112,2,0,110,110,98985,4,0,0,4,2
2020-06-24,US,Virginia,Nelson,18,0,0,37.78790447,-78.88498513,51125.0,120.56262558606831,0.0,18,18,0,0,18,18,14836,0,0,0,0,0
2020-06-24,US,Virginia,New Kent,50,1,0,37.50694406,-76.99828634,51127.0,216.53458057251743,2.0,49,50,1,0,49,49,22391,0,0,0,0,1
2020-06-24,US,Virginia,Newport News,463,10,0,37.08166899,-76.51754109,51700.0,258.3344957455712,2.159827213822894,453,452,10,0,442,447,178626,11,0,0,11,5
2020-06-24,US,Virginia,Norfolk,771,7,0,36.89934014,-76.26420872,51710.0,317.6211780408828,0.9079118028534372,764,747,7,0,740,746,244076,24,0,0,24,1
2020-06-24,US,Virginia,Northampton,270,28,0,37.34062933,-75.87751591,51131.0,2305.721605465414,10.370370370370368,242,271,28,0,243,271,11735,-1,0,0,-1,0
2020-06-24,US,Virginia,Northumberland,28,1,0,37.89202088,-76.41949732,51133.0,231.50062009094668,3.571428571428572,27,28,1,0,27,28,12147,0,0,0,0,0
2020-06-24,US,Virginia,Norton,4,0,0,36.93357076,-82.62750411,51720.0,100.4772670183371,0.0,4,4,0,0,4,4,3968,0,0,0,0,0
2020-06-24,US,Virginia,Nottoway,106,2,0,37.1435975,-78.05065922,51135.0,695.9033613445378,1.8867924528301887,104,102,2,0,100,99,15420,4,0,0,4,3
2020-06-24,US,Virginia,Orange,141,2,0,38.24530219,-78.01560400000002,51137.0,380.5565301881191,1.4184397163120568,139,141,2,0,139,138,36644,0,0,0,0,3
2020-06-24,US,Virginia,Page,264,24,0,38.61807452,-78.48797204,51139.0,1104.5100828382563,9.090909090909092,240,264,24,0,240,263,23933,0,0,0,0,1
2020-06-24,US,Virginia,Patrick,39,1,0,36.680163799999995,-80.2865648,51141.0,221.49023171285785,2.5641025641025643,38,40,0,0,40,39,17673,-1,1,0,-2,1
2020-06-24,US,Virginia,Petersburg,211,3,0,37.20530399,-77.39368102,51730.0,673.1321380718433,1.4218009478672986,208,201,3,0,198,199,31567,10,0,0,10,2
2020-06-24,US,Virginia,Pittsylvania,88,1,0,36.81980341,-79.39731264,51143.0,145.80640885442557,1.1363636363636365,87,88,1,0,87,87,60949,0,0,0,0,1
2020-06-24,US,Virginia,Poquoson,16,0,0,37.14259351,-76.35798148,51735.0,130.38872137560102,0.0,16,16,0,0,16,16,12190,0,0,0,0,0
2020-06-24,US,Virginia,Portsmouth,426,16,0,36.85914825,-76.35971629,51740.0,451.28074747346335,3.755868544600939,410,421,16,0,405,419,94632,5,0,0,5,2
2020-06-24,US,Virginia,Powhatan,71,2,0,37.55016038,-77.91267882,51145.0,239.44421961419133,2.8169014084507036,69,66,2,0,64,62,29189,5,0,0,5,4
2020-06-24,US,Virginia,Prince Edward,176,3,0,37.22554789,-78.43597949,51147.0,771.8621173581265,1.7045454545454546,173,175,3,0,172,173,22950,1,0,0,1,2
2020-06-24,US,Virginia,Prince George,215,0,0,37.18497668,-77.22922187,51149.0,560.5819622976038,0.0,215,207,0,0,207,215,38082,8,0,0,8,-8
2020-06-24,US,Virginia,Prince William,7038,136,0,38.70916224,-77.48713689,51153.0,1496.3802396164435,1.932367149758454,6902,6962,134,0,6828,6904,468011,76,2,0,74,58
2020-06-24,US,Virginia,Pulaski,39,1,0,37.06474963,-80.71229738,51155.0,114.61486466629441,2.5641025641025643,38,37,1,0,36,36,34066,2,0,0,2,1
2020-06-24,US,Virginia,Radford,11,0,0,37.12222899,-80.56027320000003,51750.0,60.27727546714888,0.0,11,10,0,0,10,10,18339,1,0,0,1,0
2020-06-24,US,Virginia,Rappahannock,19,0,0,38.68295619,-78.15826963,51157.0,257.80189959294444,0.0,19,18,0,0,18,17,7252,1,0,0,1,1
2020-06-24,US,Virginia,Richmond,295,6,0,37.937575,-76.72920628,51159.0,3269.4225867228197,2.0338983050847457,289,318,8,0,310,317,9038,-23,-2,0,-21,1
2020-06-24,US,Virginia,Richmond City,2071,31,0,37.53255773,-77.47966921,51760.0,898.7311010432397,1.496861419604056,2040,2031,30,0,2001,2008,228783,40,1,0,39,23
2020-06-24,US,Virginia,Roanoke,200,5,0,37.26865804,-80.06396753,51161.0,212.34578387446118,2.5,195,195,5,0,190,177,94073,5,0,0,5,18
2020-06-24,US,Virginia,Roanoke City,359,10,0,37.27791025,-79.96189766,51770.0,362.103224635123,2.7855153203342615,349,343,10,0,333,324,99920,16,0,0,16,19
2020-06-24,US,Virginia,Rockbridge,24,0,0,37.81204314,-79.44605905,51163.0,106.32171177955964,0.0,24,23,0,0,23,21,22752,1,0,0,1,2
2020-06-24,US,Virginia,Rockingham,663,9,0,38.51006137,-78.87260325,51165.0,809.0496412359057,1.3574660633484164,654,660,9,0,651,657,81244,3,0,0,3,3
2020-06-24,US,Virginia,Russell,9,0,0,36.93028320000001,-82.10095486,51167.0,33.852403520649965,0.0,9,9,0,0,9,9,26748,0,0,0,0,0
2020-06-24,US,Virginia,Salem,50,3,0,37.2836193,-80.06219455,51775.0,197.6206474052409,6.0,47,50,3,0,47,50,25643,0,0,0,0,0
2020-06-24,US,Virginia,Scott,9,2,0,36.71466456,-82.60171704,51169.0,41.73235648706297,22.222222222222218,7,9,2,0,7,8,21534,0,0,0,0,1
2020-06-24,US,Virginia,Shenandoah,547,27,0,38.85905135,-78.56813762,51171.0,1254.1269258987527,4.936014625228519,520,546,27,0,519,542,43497,1,0,0,1,4
2020-06-24,US,Virginia,Smyth,34,1,0,36.84455636,-81.53344948,51173.0,112.94180175391978,2.9411764705882355,33,34,0,0,34,33,30472,0,1,0,-1,1
2020-06-24,US,Virginia,Southampton,155,2,0,36.72231125,-77.10642712,51175.0,879.1333446769894,1.2903225806451613,153,154,2,0,152,154,17586,1,0,0,1,0
2020-06-24,US,Virginia,Spotsylvania,924,26,0,38.18574462,-77.655399,51177.0,678.3393899350292,2.813852813852814,898,917,24,0,893,909,134238,7,2,0,5,8
2020-06-24,US,Virginia,Stafford,949,5,0,38.41758738,-77.45917053,51179.0,620.7401786999122,0.5268703898840885,944,936,5,0,931,930,149960,13,0,0,13,6
2020-06-24,US,Virginia,Staunton,68,0,0,38.15965544,-79.05979937,51790.0,272.74185785336107,0.0,68,68,0,0,68,67,24922,0,0,0,0,1
2020-06-24,US,Virginia,Suffolk,385,34,0,36.70155394,-76.63603554,51800.0,417.9875797976289,8.831168831168831,351,380,34,0,346,377,91185,5,0,0,5,3
2020-06-24,US,Virginia,Surry,14,1,0,37.11781893,-76.88450012,51181.0,218.0006228589224,7.142857142857142,13,13,1,0,12,13,6474,1,0,0,1,0
2020-06-24,US,Virginia,Sussex,191,2,0,36.92432914,-77.25791182,51183.0,1711.6229052782508,1.0471204188481675,189,187,2,0,185,186,11237,4,0,0,4,1
2020-06-24,US,Virginia,Tazewell,11,0,0,37.12191123,-81.56685568,51185.0,27.096933119842344,0.0,11,9,0,0,9,9,40855,2,0,0,2,0
2020-06-24,US,Virginia,Virginia Beach,1038,27,0,36.73285734,-76.04566934,51810.0,230.67999484414656,2.601156069364162,1011,1020,27,0,993,1006,450189,18,0,0,18,14
2020-06-24,US,Virginia,Warren,266,4,0,38.90847745,-78.20280433,51187.0,662.2846330046808,1.5037593984962403,262,266,4,0,262,265,40003,0,0,0,0,1
2020-06-24,US,Virginia,Washington,60,4,0,36.72341572,-81.95666289,51191.0,111.64867882396723,6.666666666666668,56,60,4,0,56,60,54402,0,0,0,0,0
2020-06-24,US,Virginia,Waynesboro,67,0,0,38.06451466,-78.90293905,51820.0,296.0671674768007,0.0,67,66,0,0,66,63,22628,1,0,0,1,3
2020-06-24,US,Virginia,Westmoreland,92,1,0,38.11021557,-76.80213247,51193.0,510.6855398279212,1.0869565217391304,91,92,1,0,91,91,17830,0,0,0,0,1
2020-06-24,US,Virginia,Williamsburg,54,5,0,37.28131268,-76.70905141,51830.0,361.10739601444425,9.25925925925926,49,54,5,0,49,54,14896,0,0,0,0,0
2020-06-24,US,Virginia,Winchester,300,3,0,39.17054517,-78.17325058,51840.0,1068.452168957903,1.0,297,297,3,0,294,292,28108,3,0,0,3,5
2020-06-24,US,Virginia,Wise,27,2,0,36.9746148,-82.62410519,51195.0,72.22534307037958,7.407407407407407,25,27,2,0,25,27,38012,0,0,0,0,0
2020-06-24,US,Virginia,Wythe,46,1,0,36.91582035,-81.07834059,51197.0,160.36814949100545,2.1739130434782608,45,46,1,0,45,44,28754,0,0,0,0,2
2020-06-24,US,Virginia,York,106,3,0,37.24374789,-76.54412815,51199.0,155.24311657879318,2.830188679245283,103,106,3,0,103,101,67846,0,0,0,0,5
2020-06-24,US,Washington,Adams,109,0,0,46.98299757,-118.56017340000001,53001.0,545.4636440974829,0.0,109,109,0,0,109,108,19759,0,0,0,0,1
2020-06-24,US,Washington,Asotin,20,2,0,46.18894415,-117.2022851,53003.0,88.56611460455228,10.0,18,20,2,0,18,20,22610,0,0,0,0,0
2020-06-24,US,Washington,Benton,1524,76,0,46.23946995,-119.51208340000001,53005.0,745.6333480111551,4.986876640419948,1448,1463,76,0,1387,1437,201877,61,0,0,61,26
2020-06-24,US,Washington,Chelan,293,6,0,47.87046092,-120.6173956,53007.0,379.5336787564767,2.04778156996587,287,289,6,0,283,286,77036,4,0,0,4,3
2020-06-24,US,Washington,Clallam,33,0,0,48.04754642,-123.92263190000001,53009.0,42.673701361679015,0.0,33,33,0,0,33,33,76737,0,0,0,0,0
2020-06-24,US,Washington,Clark,671,30,0,45.77568046,-122.48292040000001,53011.0,137.43212880524166,4.4709388971684065,641,660,30,0,630,654,481857,11,0,0,11,6
2020-06-24,US,Washington,Columbia,8,0,0,46.29442881,-117.9051983,53013.0,200.75282308657467,0.0,8,8,0,0,8,2,4059,0,0,0,0,6
2020-06-24,US,Washington,Cowlitz,153,0,0,46.19074721,-122.6782231,53015.0,138.3451032162976,0.0,153,149,0,0,149,145,108987,4,0,0,4,4
2020-06-24,US,Washington,Douglas,205,3,0,47.7361335,-119.69293700000001,53017.0,472.03481544590016,1.4634146341463414,202,195,3,0,192,196,42907,10,0,0,10,-1
2020-06-24,US,Washington,Ferry,1,0,0,48.471143100000006,-118.5154041,53019.0,13.111315064901008,0.0,1,1,0,0,1,1,7649,0,0,0,0,0
2020-06-24,US,Washington,Franklin,1406,31,0,46.53351425,-118.9018212,53021.0,1476.5495368717313,2.204836415362731,1375,1335,30,0,1305,1306,94347,71,1,0,70,29
2020-06-24,US,Washington,Grant,414,6,0,47.20753737,-119.4500749,53025.0,423.6030818659,1.4492753623188406,408,405,6,0,399,376,97331,9,0,0,9,29
2020-06-24,US,Washington,Grays Harbor,24,0,0,47.14003705,-123.7820567,53027.0,31.97399448448596,0.0,24,23,0,0,23,23,73901,1,0,0,1,0
2020-06-24,US,Washington,Island,188,12,0,48.14713305,-122.5216407,53029.0,220.8101854570653,6.382978723404255,176,187,12,0,175,187,84460,1,0,0,1,0
2020-06-24,US,Washington,Jefferson,35,0,0,47.75003077,-123.56097040000002,53031.0,108.62480990658268,0.0,35,33,0,0,33,33,31729,2,0,0,2,0
2020-06-24,US,Washington,King,9453,604,0,47.49137892,-121.8346131,53033.0,419.6145033119049,6.389505976938537,8849,9366,604,0,8762,9253,2233163,87,0,0,87,113
2020-06-24,US,Washington,Kitsap,198,2,0,47.63479026,-122.6436061,53035.0,72.93543004276668,1.0101010101010102,196,195,2,0,193,191,269805,3,0,0,3,4
2020-06-24,US,Washington,Kittitas,109,0,0,47.12521214,-120.67943899999999,53037.0,227.39125899655784,0.0,109,100,0,0,100,99,47364,9,0,0,9,1
2020-06-24,US,Washington,Klickitat,55,3,0,45.87325839,-120.7913598,53039.0,245.2619843924192,5.454545454545454,52,53,3,0,50,52,22107,2,0,0,2,1
2020-06-24,US,Washington,Lewis,52,3,0,46.57756476,-122.39257690000001,53041.0,64.43059462004534,5.769230769230768,49,50,3,0,47,49,79604,2,0,0,2,1
2020-06-24,US,Washington,Lincoln,2,0,0,47.57705241,-118.41943880000001,53043.0,18.283206874485785,0.0,2,2,0,0,2,2,10740,0,0,0,0,0
2020-06-24,US,Washington,Mason,43,1,0,47.35007586,-123.1863685,53045.0,64.40210879463216,2.3255813953488373,42,43,1,0,42,43,65507,0,0,0,0,0
2020-06-24,US,Washington,Okanogan,63,2,0,48.54855019,-119.73872240000001,53047.0,149.1371351466515,3.1746031746031744,61,63,2,0,61,63,42132,0,0,0,0,0
2020-06-24,US,Washington,Pacific,13,1,0,46.55418369,-123.7285716,53049.0,57.8523430198923,7.6923076923076925,12,13,1,0,12,13,22036,0,0,0,0,0
2020-06-24,US,Washington,Pend Oreille,3,0,0,48.53234021,-117.2741804,53051.0,21.85951617604197,0.0,3,3,0,0,3,3,13602,0,0,0,0,0
2020-06-24,US,Washington,Pierce,2361,96,0,47.03892768,-122.14059579999999,53053.0,260.8897434197441,4.066073697585769,2265,2321,93,0,2228,2288,891299,40,3,0,37,33
2020-06-24,US,Washington,San Juan,20,0,0,48.60182783,-122.96745,53055.0,113.75270162666365,0.0,20,19,0,0,19,19,17128,1,0,0,1,0
2020-06-24,US,Washington,Skagit,488,15,0,48.48171488,-121.766131,53057.0,377.6943616733098,3.0737704918032787,473,486,15,0,471,485,128206,2,0,0,2,1
2020-06-24,US,Washington,Skamania,3,0,0,46.02408726,-121.91644029999999,53059.0,24.828271124720683,0.0,3,4,0,0,4,3,11924,-1,0,0,-1,1
2020-06-24,US,Washington,Snohomish,3346,165,0,48.04615983,-121.7170703,53061.0,407.01486346269166,4.931261207411835,3181,3329,164,0,3165,3249,814901,17,1,0,16,80
2020-06-24,US,Washington,Spokane,1069,38,0,47.62113146,-117.4046494,53063.0,204.47668124208585,3.5547240411599628,1031,1021,38,0,983,985,514631,48,0,0,48,36
2020-06-24,US,Washington,Stevens,16,1,0,48.40035475,-117.8542701,53065.0,34.993329396583775,6.25,15,16,1,0,15,17,45260,0,0,0,0,-1
2020-06-24,US,Washington,Thurston,226,7,0,46.9291895,-122.82906559999999,53067.0,77.78726216372499,3.0973451327433628,219,221,7,0,214,216,286419,5,0,0,5,5
2020-06-24,US,Washington,Unassigned,43,0,0,0.0,0.0,90053.0,0.0,0.0,43,36,0,0,36,36,,7,0,0,7,0
2020-06-24,US,Washington,Wahkiakum,4,0,0,46.29180039999999,-123.4250831,53069.0,89.12655971479502,0.0,4,4,0,0,4,4,4426,0,0,0,0,0
2020-06-24,US,Washington,Walla Walla,144,3,0,46.23040051,-118.4775539,53071.0,236.9980250164582,2.083333333333333,141,144,3,0,141,140,60922,0,0,0,0,4
2020-06-24,US,Washington,Whatcom,554,40,0,48.82227976,-121.74900179999999,53073.0,241.66074147098985,7.220216606498194,514,521,40,0,481,499,225685,33,0,0,33,22
2020-06-24,US,Washington,Whitman,30,0,0,46.90022523,-117.52417630000001,53075.0,59.875459045186005,0.0,30,31,0,0,31,28,49791,-1,0,0,-1,3
2020-06-24,US,Washington,Yakima,6490,146,0,46.45738486,-120.73801259999999,53077.0,2586.9663136327945,2.249614791987673,6344,6435,142,0,6293,6326,251446,55,4,0,51,109
2020-06-24,US,West Virginia,Barbour,15,1,0,39.1307219,-80.00350858,54001.0,91.23532631835043,6.666666666666668,14,15,1,0,14,13,16535,0,0,0,0,2
2020-06-24,US,West Virginia,Berkeley,440,10,0,39.46704621,-78.02414609,54003.0,369.2173431455639,2.272727272727273,430,438,10,0,428,433,117123,2,0,0,2,5
2020-06-24,US,West Virginia,Boone,19,0,0,38.01974191,-81.69888019,54005.0,88.54919140606796,0.0,19,19,0,0,19,19,21951,0,0,0,0,0
2020-06-24,US,West Virginia,Braxton,3,0,0,38.70036159,-80.72011184,54007.0,21.49459052805044,0.0,3,3,0,0,3,3,14089,0,0,0,0,0
2020-06-24,US,West Virginia,Brooke,11,0,0,40.27367263,-80.57915332,54009.0,50.13902183326496,0.0,11,7,0,0,7,6,22203,4,0,0,4,1
2020-06-24,US,West Virginia,Cabell,100,0,0,38.42424062,-82.23855912,54011.0,108.76067214095384,0.0,100,91,0,0,91,84,93224,9,0,0,9,7
2020-06-24,US,West Virginia,Calhoun,2,0,0,38.84315422,-81.11934872,54013.0,28.1333520889014,0.0,2,2,0,0,2,2,7254,0,0,0,0,0
2020-06-24,US,West Virginia,Clay,10,1,0,38.46231092,-81.07652217,54015.0,117.53643629525152,10.0,9,10,1,0,9,10,8632,0,0,0,0,0
2020-06-24,US,West Virginia,Fayette,62,4,0,38.02974928,-81.08286634,54019.0,146.20572560486724,6.451612903225807,58,59,4,0,55,58,43018,3,0,0,3,1
2020-06-24,US,West Virginia,Gilmer,10,0,0,38.9251277,-80.85952723,54021.0,127.82819890067749,0.0,10,10,0,0,10,10,8026,0,0,0,0,0
2020-06-24,US,West Virginia,Grant,16,0,0,39.10314817,-79.19440518,54023.0,138.31258644536652,0.0,16,16,0,0,16,16,11626,0,0,0,0,0
2020-06-24,US,West Virginia,Greenbrier,52,0,0,37.9463652,-80.45335881,54025.0,150.02019502625353,0.0,52,51,0,0,51,51,34786,1,0,0,1,0
2020-06-24,US,West Virginia,Hampshire,40,1,0,39.32103553,-78.60826476,54027.0,172.5997842502697,2.5,39,40,1,0,39,40,23347,0,0,0,0,0
2020-06-24,US,West Virginia,Hancock,20,0,0,40.51943859,-80.57461608,54029.0,69.42034015966678,0.0,20,20,0,0,20,21,29094,0,0,0,0,-1
2020-06-24,US,West Virginia,Hardy,42,0,0,39.00683177,-78.85855301,54031.0,304.8780487804878,0.0,42,42,0,0,42,42,13775,0,0,0,0,0
2020-06-24,US,West Virginia,Harrison,53,1,0,39.2853852,-80.37919577,54033.0,78.80337813726656,1.8867924528301887,52,50,1,0,49,50,67554,3,0,0,3,0
2020-06-24,US,West Virginia,Jackson,142,18,0,38.84263974,-81.68148753,54035.0,496.92049272116463,12.676056338028172,124,141,18,0,123,141,28706,1,0,0,1,0
2020-06-24,US,West Virginia,Jefferson,217,4,0,39.30776166,-77.86014147,54037.0,379.72911489868056,1.8433179723502304,213,216,4,0,212,216,56811,1,0,0,1,0
2020-06-24,US,West Virginia,Kanawha,271,20,0,38.33860077,-81.52857054,54039.0,152.14120500325615,7.380073800738008,251,270,20,0,250,268,180454,1,0,0,1,2
2020-06-24,US,West Virginia,Lewis,15,2,0,38.9947249,-80.49988181,54041.0,94.29810775130446,13.333333333333336,13,15,2,0,13,15,16024,0,0,0,0,0
2020-06-24,US,West Virginia,Lincoln,5,0,0,38.172154,-82.07017953,54043.0,24.498995541182808,0.0,5,5,0,0,5,5,20599,0,0,0,0,0
2020-06-24,US,West Virginia,Logan,21,1,0,37.8299889,-81.93528571,54045.0,65.58605827789751,4.761904761904762,20,21,1,0,20,21,32607,0,0,0,0,0
2020-06-24,US,West Virginia,Marion,54,2,0,39.50984542,-80.24244659,54049.0,96.30475103438437,3.703703703703704,52,55,2,0,53,55,56097,-1,0,0,-1,0
2020-06-24,US,West Virginia,Marshall,39,0,0,39.86064362,-80.66591062,54051.0,127.73901935737447,0.0,39,39,0,0,39,37,30785,0,0,0,0,2
2020-06-24,US,West Virginia,Mason,16,0,0,38.77071799,-82.02524219,54053.0,60.34092623321768,0.0,16,16,0,0,16,15,26718,0,0,0,0,1
2020-06-24,US,West Virginia,McDowell,6,0,0,37.38002939,-81.65083669,54047.0,34.04448479346346,0.0,6,6,0,0,6,6,18223,0,0,0,0,0
2020-06-24,US,West Virginia,Mercer,27,0,0,37.40481169,-81.11023142,54055.0,45.95118962524252,0.0,27,22,0,0,22,22,59131,5,0,0,5,0
2020-06-24,US,West Virginia,Mineral,54,3,0,39.41561583,-78.94104895,54057.0,200.9825815096025,5.5555555555555545,51,54,3,0,51,53,26940,0,0,0,0,1
2020-06-24,US,West Virginia,Mingo,15,2,0,37.73048351,-82.13338365,54059.0,64.03688524590164,13.333333333333336,13,15,2,0,13,14,23785,0,0,0,0,1
2020-06-24,US,West Virginia,Monongalia,159,5,0,39.63218457,-80.04766838,54061.0,150.55107374162026,3.1446540880503147,154,160,5,0,155,154,106420,-1,0,0,-1,6
2020-06-24,US,West Virginia,Monroe,9,0,0,37.56274716,-80.54577965,54063.0,67.79661016949153,0.0,9,9,0,0,9,9,13280,0,0,0,0,0
2020-06-24,US,West Virginia,Morgan,20,0,0,39.55439028,-78.26311676,54065.0,111.83180496533214,0.0,20,20,0,0,20,20,17787,0,0,0,0,0
2020-06-24,US,West Virginia,Nicholas,8,1,0,38.29617706,-80.79759588,54067.0,32.65839320705421,12.5,7,7,1,0,6,7,24842,1,0,0,1,0
2020-06-24,US,West Virginia,Ohio,76,1,0,40.0955451,-80.62203992,54069.0,183.5261162493057,1.3157894736842106,75,74,1,0,73,72,41755,2,0,0,2,2
2020-06-24,US,West Virginia,Pendleton,13,1,0,38.68314479,-79.35084086,54071.0,186.5403931697517,7.6923076923076925,12,13,1,0,12,13,6997,0,0,0,0,0
2020-06-24,US,West Virginia,Pleasants,5,0,0,39.37091679,-81.16771771,54073.0,67.02412868632706,0.0,5,5,0,0,5,5,7507,0,0,0,0,0
2020-06-24,US,West Virginia,Pocahontas,24,0,0,38.32758728,-80.00993811,54075.0,291.0149145143688,0.0,24,24,0,0,24,24,8414,0,0,0,0,0
2020-06-24,US,West Virginia,Preston,64,2,0,39.46770987,-79.66712803,54077.0,191.43335726250302,3.125,62,64,2,0,62,63,33839,0,0,0,0,1
2020-06-24,US,West Virginia,Putnam,45,0,0,38.50782345,-81.9082131,54079.0,79.71656333038086,0.0,45,44,0,0,44,44,56682,1,0,0,1,0
2020-06-24,US,West Virginia,Raleigh,35,0,0,37.76936795,-81.2456041,54081.0,47.70927331961124,0.0,35,34,0,0,34,34,74254,1,0,0,1,0
2020-06-24,US,West Virginia,Randolph,154,0,0,38.769899,-79.87919615,54083.0,536.6788639135739,0.0,154,154,0,0,154,150,28823,0,0,0,0,4
2020-06-24,US,West Virginia,Ritchie,2,0,0,39.18094587,-81.06356878,54085.0,20.933640360058615,0.0,2,3,0,0,3,3,9721,-1,0,0,-1,0
2020-06-24,US,West Virginia,Roane,11,1,0,38.71622686,-81.35243568,54087.0,80.3623611922852,9.090909090909092,10,11,1,0,10,12,13932,0,0,0,0,-1
2020-06-24,US,West Virginia,Summers,1,0,0,37.65390597,-80.86009693,54089.0,7.953551260637875,0.0,1,1,0,0,1,1,12760,0,0,0,0,0
2020-06-24,US,West Virginia,Taylor,14,0,0,39.33602617,-80.0421439,54091.0,83.85744234800839,0.0,14,14,0,0,14,13,16862,0,0,0,0,1
2020-06-24,US,West Virginia,Tucker,6,0,0,39.11240885,-79.57053576,54093.0,87.73212457961691,0.0,6,6,0,0,6,5,6955,0,0,0,0,1
2020-06-24,US,West Virginia,Tyler,3,0,0,39.46811972,-80.88772676,54095.0,34.920265394016994,0.0,3,3,0,0,3,3,8746,0,0,0,0,0
2020-06-24,US,West Virginia,Unassigned,2,0,0,0.0,0.0,90054.0,0.0,0.0,2,2,0,0,2,1,,0,0,0,0,1
2020-06-24,US,West Virginia,Upshur,14,0,0,38.89285061,-80.23689136,54097.0,57.90866975512906,0.0,14,11,0,0,11,11,24415,3,0,0,3,0
2020-06-24,US,West Virginia,Wayne,108,9,0,38.14901357,-82.42287994,54099.0,274.09776153494744,8.333333333333334,99,107,9,0,98,106,39944,1,0,0,1,1
2020-06-24,US,West Virginia,Wetzel,9,0,0,39.6065771,-80.64016540000001,54103.0,59.741121805509465,0.0,9,9,0,0,9,9,15270,0,0,0,0,0
2020-06-24,US,West Virginia,Wirt,4,0,0,39.02775007,-81.37473928,54105.0,68.7167153410067,0.0,4,4,0,0,4,4,5830,0,0,0,0,0
2020-06-24,US,West Virginia,Wood,61,2,0,39.20967886,-81.5162836,54107.0,73.03814746521708,3.278688524590164,59,59,2,0,57,56,84203,2,0,0,2,3
2020-06-24,US,West Virginia,Wyoming,7,0,0,37.612327,-81.54511071,54109.0,34.32382073158772,0.0,7,7,0,0,7,7,20786,0,0,0,0,0
2020-06-24,US,Wisconsin,Adams,11,2,0,43.96974651,-89.76782777,55001.0,54.40158259149357,18.181818181818183,9,11,2,0,9,11,20348,0,0,0,0,0
2020-06-24,US,Wisconsin,Ashland,3,0,0,46.31956891,-90.67837132,55003.0,19.27772779848349,0.0,3,3,0,0,3,3,15600,0,0,0,0,0
2020-06-24,US,Wisconsin,Barron,32,0,0,45.42372701,-91.84833627,55005.0,70.7276102908673,0.0,32,31,0,0,31,31,45164,1,0,0,1,0
2020-06-24,US,Wisconsin,Bayfield,3,1,0,46.52868768,-91.19716729,55007.0,19.952114924181963,33.333333333333336,2,3,1,0,2,3,15042,0,0,0,0,0
2020-06-24,US,Wisconsin,Brown,2661,40,0,44.452655299999996,-88.00411844,55009.0,1005.8894239856053,1.5031942878617062,2621,2620,39,0,2581,2581,263378,41,1,0,40,39
2020-06-24,US,Wisconsin,Buffalo,7,2,0,44.37835084,-91.75332578,55011.0,53.718056941140354,28.57142857142857,5,7,2,0,5,6,13125,0,0,0,0,1
2020-06-24,US,Wisconsin,Burnett,2,1,0,45.86303537,-92.36711412,55013.0,12.975217334890358,50.0,1,2,1,0,1,2,15392,0,0,0,0,0
2020-06-24,US,Wisconsin,Calumet,92,2,0,44.0816316,-88.21780273,55015.0,183.6730619497295,2.1739130434782608,90,92,2,0,90,92,50159,0,0,0,0,0
2020-06-24,US,Wisconsin,Chippewa,71,0,0,45.06939744,-91.28068855,55017.0,109.80853104024251,0.0,71,70,0,0,70,70,64135,1,0,0,1,0
2020-06-24,US,Wisconsin,Clark,64,6,0,44.73483377,-90.61207486,55019.0,184.0455512739403,9.375,58,60,6,0,54,60,34709,4,0,0,4,0
2020-06-24,US,Wisconsin,Columbia,70,1,0,43.46492199,-89.33589004,55021.0,121.67141764583187,1.4285714285714286,69,70,1,0,69,69,57358,0,0,0,0,1
2020-06-24,US,Wisconsin,Crawford,32,0,0,43.23870316,-90.93073686,55023.0,198.37579815262538,0.0,32,31,0,0,31,31,16291,1,0,0,1,0
2020-06-24,US,Wisconsin,Dane,1235,32,0,43.06601594,-89.41733797,55025.0,225.90292576299402,2.591093117408907,1203,1172,32,0,1140,1139,542364,63,0,0,63,33
2020-06-24,US,Wisconsin,Dodge,444,5,0,43.41576662,-88.70928178,55027.0,505.4702353168866,1.1261261261261262,439,440,5,0,435,437,87847,4,0,0,4,3
2020-06-24,US,Wisconsin,Door,40,3,0,44.95856458,-87.30002707,55029.0,144.57134595923088,7.5,37,40,3,0,37,40,27610,0,0,0,0,0
2020-06-24,US,Wisconsin,Douglas,20,0,0,46.43222285,-91.91595768,55031.0,46.349942062572424,0.0,20,20,0,0,20,20,43208,0,0,0,0,0
2020-06-24,US,Wisconsin,Dunn,29,0,0,44.94562799,-91.8962481,55033.0,63.921706929994706,0.0,29,29,0,0,29,29,45131,0,0,0,0,0
2020-06-24,US,Wisconsin,Eau Claire,170,1,0,44.726614,-91.28609183,55035.0,162.45245876574356,0.5882352941176471,169,167,1,0,166,163,104534,3,0,0,3,4
2020-06-24,US,Wisconsin,Florence,3,0,0,45.84963535,-88.39804137,55037.0,69.848661233993,0.0,3,2,0,0,2,2,4321,1,0,0,1,0
2020-06-24,US,Wisconsin,Fond du Lac,297,6,0,43.75354908,-88.48885325,55039.0,287.22570911869093,2.0202020202020203,291,296,6,0,290,295,103066,1,0,0,1,1
2020-06-24,US,Wisconsin,Forest,35,3,0,45.66678019,-88.77084892,55041.0,388.7161261661484,8.571428571428571,32,35,3,0,32,35,8991,0,0,0,0,0
2020-06-24,US,Wisconsin,Grant,134,12,0,42.8671731,-90.7063218,55043.0,260.50273139057913,8.955223880597012,122,130,12,0,118,129,51554,4,0,0,4,1
2020-06-24,US,Wisconsin,Green,81,1,0,42.6794956,-89.60243287,55045.0,219.15584415584416,1.2345679012345678,80,80,1,0,79,80,36929,1,0,0,1,0
2020-06-24,US,Wisconsin,Green Lake,26,0,0,43.80025981,-89.04679553,55047.0,137.4715803944377,0.0,26,25,0,0,25,24,18918,1,0,0,1,1
2020-06-24,US,Wisconsin,Iowa,23,0,0,43.00050278,-90.13469017,55049.0,97.13658248162851,0.0,23,21,0,0,21,22,23771,2,0,0,2,-1
2020-06-24,US,Wisconsin,Iron,2,1,0,46.26302338,-90.24295041,55051.0,35.16792685071215,50.0,1,2,1,0,1,2,5676,0,0,0,0,0
2020-06-24,US,Wisconsin,Jackson,24,1,0,44.31864893,-90.80566792,55053.0,116.26217119604708,4.166666666666667,23,24,1,0,23,24,20478,0,0,0,0,0
2020-06-24,US,Wisconsin,Jefferson,194,4,0,43.02054068,-88.77529134,55055.0,228.85724734277855,2.061855670103093,190,185,4,0,181,181,85129,9,0,0,9,4
2020-06-24,US,Wisconsin,Juneau,31,1,0,43.92456975,-90.11120239,55057.0,116.16142691197962,3.2258064516129035,30,29,1,0,28,29,26617,2,0,0,2,0
2020-06-24,US,Wisconsin,Kenosha,1436,40,0,42.57639354,-88.04051686,55059.0,846.8928586172528,2.7855153203342615,1396,1424,39,0,1385,1421,169290,12,1,0,11,3
2020-06-24,US,Wisconsin,Kewaunee,46,1,0,44.51727459,-87.61468386,55061.0,225.115004404424,2.1739130434782608,45,46,1,0,45,44,20383,0,0,0,0,2
2020-06-24,US,Wisconsin,La Crosse,316,0,0,43.90632465,-91.11451093,55063.0,267.7603036876356,0.0,316,294,0,0,294,274,118230,22,0,0,22,20
2020-06-24,US,Wisconsin,Lafayette,61,0,0,42.66005229,-90.1317729,55065.0,366.03660366036604,0.0,61,60,0,0,60,56,16665,1,0,0,1,4
2020-06-24,US,Wisconsin,Langlade,7,0,0,45.26271619,-89.07483625,55067.0,36.47923289384544,0.0,7,7,0,0,7,7,19268,0,0,0,0,0
2020-06-24,US,Wisconsin,Lincoln,8,0,0,45.33737523,-89.73411273,55069.0,28.99286050809988,0.0,8,8,0,0,8,8,27689,0,0,0,0,0
2020-06-24,US,Wisconsin,Manitowoc,81,1,0,44.11946801,-87.80928853,55071.0,102.5563110115091,1.2345679012345678,80,76,1,0,75,70,79074,5,0,0,5,6
2020-06-24,US,Wisconsin,Marathon,130,1,0,44.89792533,-89.75863384,55073.0,95.80520590749641,0.7692307692307693,129,121,1,0,120,115,135428,9,0,0,9,6
2020-06-24,US,Wisconsin,Marinette,45,3,0,45.38553432,-88.03324599999998,55075.0,111.52416356877323,6.666666666666668,42,45,3,0,42,42,40434,0,0,0,0,3
2020-06-24,US,Wisconsin,Marquette,10,1,0,43.81911946,-89.40073763,55077.0,64.20958006934634,10.0,9,10,1,0,9,10,15434,0,0,0,0,0
2020-06-24,US,Wisconsin,Menominee,4,0,0,45.00422544,-88.70950714,55078.0,87.7963125548727,0.0,4,4,0,0,4,4,4658,0,0,0,0,0
2020-06-24,US,Wisconsin,Milwaukee,10544,377,0,43.00486062,-87.96733172,55079.0,1114.910661227459,3.5754931714719267,10167,10406,373,0,10033,10355,948201,138,4,0,134,51
2020-06-24,US,Wisconsin,Monroe,51,1,0,43.94641218,-90.61881899999999,55081.0,110.26311806801719,1.96078431372549,50,49,1,0,48,50,46051,2,0,0,2,-1
2020-06-24,US,Wisconsin,Oconto,50,0,0,45.02715345,-88.26807503,55083.0,131.8217769575534,0.0,50,49,0,0,49,49,37830,1,0,0,1,0
2020-06-24,US,Wisconsin,Oneida,17,0,0,45.70677897,-89.51944105,55085.0,47.75951678606546,0.0,17,17,0,0,17,17,35470,0,0,0,0,0
2020-06-24,US,Wisconsin,Outagamie,415,8,0,44.41578887,-88.46565023,55087.0,220.8797934906991,1.9277108433734942,407,412,8,0,404,402,187365,3,0,0,3,10
2020-06-24,US,Wisconsin,Ozaukee,210,15,0,43.38352225,-87.94625009,55089.0,235.37059660842166,7.142857142857142,195,208,15,0,193,209,89147,2,0,0,2,-1
2020-06-24,US,Wisconsin,Pepin,1,0,0,44.58307413,-91.99949611,55091.0,13.723068478111706,0.0,1,1,0,0,1,1,7289,0,0,0,0,0
2020-06-24,US,Wisconsin,Pierce,57,0,0,44.71850291,-92.4224416,55093.0,133.3208588670066,0.0,57,57,0,0,57,57,42555,0,0,0,0,0
2020-06-24,US,Wisconsin,Polk,41,1,0,45.46130348,-92.44182875,55095.0,93.64365164561589,2.4390243902439024,40,40,1,0,39,40,43598,1,0,0,1,0
2020-06-24,US,Wisconsin,Portage,101,0,0,44.47558711,-89.50152965,55097.0,142.71180692929408,0.0,101,99,0,0,99,96,70942,2,0,0,2,3
2020-06-24,US,Wisconsin,Price,2,0,0,45.68051754,-90.36098879999999,55099.0,14.980151299528124,0.0,2,2,0,0,2,2,13397,0,0,0,0,0
2020-06-24,US,Wisconsin,Racine,2114,61,0,42.74753117,-88.05941254,55101.0,1076.8627331122555,2.8855250709555347,2053,2107,60,0,2047,2090,196584,7,1,0,6,17
2020-06-24,US,Wisconsin,Richland,15,4,0,43.3762778,-90.43012729,55103.0,86.94644099234871,26.66666666666667,11,15,4,0,11,15,17377,0,0,0,0,0
2020-06-24,US,Wisconsin,Rock,816,23,0,42.67151616,-89.07147900000002,55105.0,499.52863107117065,2.8186274509803924,793,800,23,0,777,791,163129,16,0,0,16,9
2020-06-24,US,Wisconsin,Rusk,11,0,0,45.47498854,-91.1333012,55107.0,77.58499083086474,0.0,11,11,0,0,11,11,14147,0,0,0,0,0
2020-06-24,US,Wisconsin,Sauk,97,3,0,43.42574087,-89.94966132,55111.0,150.52295087055026,3.0927835051546397,94,97,3,0,94,96,64249,0,0,0,0,1
2020-06-24,US,Wisconsin,Sawyer,9,0,0,45.87931905,-91.14504927,55113.0,54.35439062688731,0.0,9,9,0,0,9,9,16489,0,0,0,0,0
2020-06-24,US,Wisconsin,Shawano,70,0,0,44.78902246,-88.76443896,55115.0,171.15332893224775,0.0,70,70,0,0,70,70,40796,0,0,0,0,0
2020-06-24,US,Wisconsin,Sheboygan,187,4,0,43.72099677,-87.94579284,55117.0,162.1293566845847,2.1390374331550803,183,186,4,0,182,185,115456,1,0,0,1,1
2020-06-24,US,Wisconsin,St. Croix,135,1,0,45.03437474,-92.45000068,55109.0,148.86367395547322,0.7407407407407407,134,134,1,0,133,131,89694,1,0,0,1,3
2020-06-24,US,Wisconsin,Taylor,10,0,0,45.21179252,-90.5004405,55119.0,49.1569581674286,0.0,10,9,0,0,9,8,20412,1,0,0,1,1
2020-06-24,US,Wisconsin,Trempealeau,98,0,0,44.30360275,-91.35893614,55121.0,330.53391345407937,0.0,98,92,0,0,92,92,29442,6,0,0,6,0
2020-06-24,US,Wisconsin,Vernon,31,0,0,43.59422667,-90.8324691,55123.0,100.57750957108559,0.0,31,31,0,0,31,30,30785,0,0,0,0,1
2020-06-24,US,Wisconsin,Vilas,10,0,0,46.05467334,-89.51719204,55125.0,45.05519261094841,0.0,10,11,0,0,11,10,21938,-1,0,0,-1,1
2020-06-24,US,Wisconsin,Walworth,522,18,0,42.66858202,-88.54163073,55127.0,502.56094273500986,3.4482758620689653,504,509,18,0,491,498,103718,13,0,0,13,11
2020-06-24,US,Wisconsin,Washburn,4,0,0,45.89838588,-91.79050449,55129.0,25.44529262086514,0.0,4,4,0,0,4,4,15878,0,0,0,0,0
2020-06-24,US,Wisconsin,Washington,330,14,0,43.36863664,-88.22974712,55131.0,242.5864122204744,4.242424242424242,316,326,13,0,313,322,135693,4,1,0,3,4
2020-06-24,US,Wisconsin,Waukesha,1056,37,0,43.01833055,-88.30431188,55133.0,261.2580962795462,3.503787878787879,1019,1020,38,0,982,1015,403072,36,-1,0,37,5
2020-06-24,US,Wisconsin,Waupaca,96,6,0,44.47068056,-88.96534501,55135.0,188.27221023730144,6.25,90,95,6,0,89,91,51128,1,0,0,1,4
2020-06-24,US,Wisconsin,Waushara,20,0,0,44.11324419,-89.24317107,55137.0,81.82301681462995,0.0,20,20,0,0,20,20,24263,0,0,0,0,0
2020-06-24,US,Wisconsin,Winnebago,626,11,0,44.06886922,-88.64477096,55139.0,364.15038363766456,1.757188498402556,615,619,11,0,608,608,171020,7,0,0,7,11
2020-06-24,US,Wisconsin,Wood,37,1,0,44.45537896,-90.04158336,55141.0,50.68562583049083,2.702702702702702,36,34,1,0,33,33,73055,3,0,0,3,1
2020-06-24,US,Wyoming,Albany,31,0,0,41.65498705,-105.72354150000001,56001.0,79.73251028806584,0.0,31,29,0,0,29,29,38601,2,0,0,2,0
2020-06-24,US,Wyoming,Big Horn,11,0,0,44.52405055,-107.9960365,56003.0,93.29940627650551,0.0,11,11,0,0,11,11,11881,0,0,0,0,0
2020-06-24,US,Wyoming,Campbell,54,0,0,44.24886082,-105.54744040000001,56005.0,116.5274810642843,0.0,54,50,0,0,50,47,46140,4,0,0,4,3
2020-06-24,US,Wyoming,Carbon,22,0,0,41.69357844,-106.9326084,56007.0,148.64864864864862,0.0,22,22,0,0,22,22,14971,0,0,0,0,0
2020-06-24,US,Wyoming,Converse,25,0,0,42.97272268,-105.5081848,56009.0,180.8710750976704,0.0,25,25,0,0,25,25,13640,0,0,0,0,0
2020-06-24,US,Wyoming,Crook,7,0,0,44.58855102,-104.56977049999999,56011.0,92.2995780590717,0.0,7,7,0,0,7,6,7450,0,0,0,0,1
2020-06-24,US,Wyoming,Fremont,340,0,0,43.04183996,-108.6296893,56013.0,865.9993377652122,0.0,340,339,0,0,339,335,39531,1,0,0,1,4
2020-06-24,US,Wyoming,Goshen,5,0,0,42.08798185,-104.3534743,56015.0,37.847248505033676,0.0,5,5,0,0,5,5,13376,0,0,0,0,0
2020-06-24,US,Wyoming,Hot Springs,12,0,0,43.71930657,-108.44231740000001,56017.0,271.92386131883075,0.0,12,12,0,0,12,12,4555,0,0,0,0,0
2020-06-24,US,Wyoming,Johnson,19,1,0,44.04057166,-106.58451740000001,56019.0,224.98519834221432,5.2631578947368425,18,19,1,0,18,19,8460,0,0,0,0,0
2020-06-24,US,Wyoming,Laramie,219,0,0,41.30702520000001,-104.6887497,56021.0,220.10050251256283,0.0,219,215,0,0,215,211,98976,4,0,0,4,4
2020-06-24,US,Wyoming,Lincoln,15,0,0,42.26376367,-110.6563997,56023.0,75.642965204236,0.0,15,15,0,0,15,15,19434,0,0,0,0,0
2020-06-24,US,Wyoming,Natrona,102,0,0,42.96180148,-106.79788500000001,56025.0,127.72671491898123,0.0,102,98,0,0,98,98,79115,4,0,0,4,0
2020-06-24,US,Wyoming,Niobrara,2,0,0,43.05607708,-104.47588959999999,56027.0,84.88964346349746,0.0,2,2,0,0,2,2,2388,0,0,0,0,0
2020-06-24,US,Wyoming,Park,17,0,0,44.52157546,-109.58528249999999,56029.0,58.231143385627185,0.0,17,16,0,0,16,12,29324,1,0,0,1,4
2020-06-24,US,Wyoming,Platte,2,0,0,42.13299116,-104.96633100000001,56031.0,23.82938162754677,0.0,2,2,0,0,2,2,8566,0,0,0,0,0
2020-06-24,US,Wyoming,Sheridan,19,0,0,44.79048913,-106.8862389,56033.0,62.325733967525004,0.0,19,19,0,0,19,19,30233,0,0,0,0,0
2020-06-24,US,Wyoming,Sublette,5,0,0,42.76558279,-109.91309220000001,56035.0,50.85952598921778,0.0,5,5,0,0,5,5,9813,0,0,0,0,0
2020-06-24,US,Wyoming,Sweetwater,65,0,0,41.65943896,-108.8827882,56037.0,153.5082540207354,0.0,65,58,0,0,58,56,43051,7,0,0,7,2
2020-06-24,US,Wyoming,Teton,113,0,0,43.93522482,-110.5890801,56039.0,481.58881691101266,0.0,113,113,0,0,113,111,23081,0,0,0,0,2
2020-06-24,US,Wyoming,Uinta,157,0,0,41.2878183,-110.54757820000002,56041.0,776.2286166320578,0.0,157,152,0,0,152,148,20299,5,0,0,5,4
2020-06-24,US,Wyoming,Unassigned,0,19,0,0.0,0.0,90056.0,0.0,0.0,-19,0,19,0,-19,0,,0,0,0,0,0
2020-06-24,US,Wyoming,Washakie,39,0,0,43.90451606,-107.68018700000002,56043.0,499.6796925048046,0.0,39,39,0,0,39,39,7885,0,0,0,0,0
2020-06-24,US,Wyoming,Weston,1,0,0,43.83961191,-104.56748809999999,56045.0,14.436263894903998,0.0,1,1,0,0,1,1,6967,0,0,0,0,0
