Date,Country/Region,Province/State,Admin2,Confirmed,Deaths,Recovered,Latitude,Longitude,FIPS,Incidence_Rate,Case-Fatality_Ratio,Active Cases,Previous Confirmed,Previous Deaths,Previous Recovered,Previous Active,Prev2 Confirmed,Population,Daily Confirmed,Daily Deaths,Daily Recovered,Daily Active,Previous Daily Confirmed
2020-07-11,US,Alabama,Autauga,676,14,0,32.53952745,-86.64408227,1001.0,1209.9733304694912,2.0710059171597632,662,662,14,0,648,653,55601,14,0,0,14,9
2020-07-11,US,Alabama,Baldwin,1207,11,0,30.72774991,-87.72207058,1003.0,540.6882464140767,0.911350455675228,1196,1170,11,0,1159,1114,218022,37,0,0,37,56
2020-07-11,US,Alabama,Barbour,394,2,0,31.868263,-85.3871286,1005.0,1596.0463420562262,0.5076142131979695,392,377,2,0,375,367,24881,17,0,0,17,10
2020-07-11,US,Alabama,Bibb,221,1,0,32.99642064,-87.12511459999996,1007.0,986.8714834330624,0.4524886877828054,220,215,1,0,214,208,22400,6,0,0,6,7
2020-07-11,US,Alabama,Blount,296,1,0,33.98210918,-86.56790593,1009.0,511.88046899318647,0.33783783783783783,295,281,1,0,280,273,57840,15,0,0,15,8
2020-07-11,US,Alabama,Bullock,377,10,0,32.10030533,-85.71265535,1011.0,3732.303732303733,2.6525198938992043,367,376,10,0,366,370,10138,1,0,0,1,6
2020-07-11,US,Alabama,Butler,651,29,0,31.75300095,-86.68057478,1013.0,3347.387906211436,4.45468509984639,622,645,29,0,616,643,19680,6,0,0,6,2
2020-07-11,US,Alabama,Calhoun,490,5,0,33.77483727,-85.82630386,1015.0,431.3190440561595,1.020408163265306,485,456,5,0,451,436,114277,34,0,0,34,20
2020-07-11,US,Alabama,Chambers,674,27,0,32.91360079,-85.39072749,1017.0,2026.8238407409635,4.0059347181008915,647,664,27,0,637,657,33615,10,0,0,10,7
2020-07-11,US,Alabama,Cherokee,123,7,0,34.17805983,-85.60638968,1019.0,469.53733394411364,5.691056910569106,116,115,7,0,108,112,26032,8,0,0,8,3
2020-07-11,US,Alabama,Chilton,323,2,0,32.85044126,-86.7173256,1021.0,727.0189970289008,0.6191950464396285,321,295,2,0,293,287,44153,28,0,0,28,8
2020-07-11,US,Alabama,Choctaw,212,12,0,32.02227341,-88.26564429999998,1023.0,1684.009849868933,5.660377358490566,200,209,12,0,197,202,12841,3,0,0,3,7
2020-07-11,US,Alabama,Clarke,312,6,0,31.68099859,-87.83548597,1025.0,1320.8026416052833,1.9230769230769231,306,303,6,0,297,294,23920,9,0,0,9,9
2020-07-11,US,Alabama,Clay,85,2,0,33.26984193,-85.85836077,1027.0,642.2364941443143,2.3529411764705883,83,82,2,0,80,74,13275,3,0,0,3,8
2020-07-11,US,Alabama,Cleburne,42,1,0,33.67679204,-85.52005899,1029.0,281.6901408450704,2.380952380952381,41,42,1,0,41,41,14987,0,0,0,0,1
2020-07-11,US,Alabama,Coffee,424,4,0,31.39932826,-85.98901039,1031.0,810.0569332467235,0.9433962264150944,420,416,4,0,412,407,51909,8,0,0,8,9
2020-07-11,US,Alabama,Colbert,495,6,0,34.69847452,-87.80168544,1033.0,896.0735685451024,1.2121212121212122,489,481,6,0,475,465,54762,14,0,0,14,16
2020-07-11,US,Alabama,Conecuh,230,8,0,31.43401703,-86.99320044,1035.0,1906.0246954504016,3.4782608695652173,222,227,8,0,219,227,12277,3,0,0,3,0
2020-07-11,US,Alabama,Coosa,65,1,0,32.93690146,-86.24847739,1037.0,609.5845446872363,1.5384615384615383,64,63,1,0,62,62,10715,2,0,0,2,1
2020-07-11,US,Alabama,Covington,414,12,0,31.2477854,-86.45050893,1039.0,1117.4390671813003,2.898550724637681,402,403,12,0,391,399,36986,11,0,0,11,4
2020-07-11,US,Alabama,Crenshaw,127,3,0,31.72941803,-86.31593104,1041.0,922.1609061864654,2.3622047244094486,124,126,3,0,123,127,13824,1,0,0,1,-1
2020-07-11,US,Alabama,Cullman,571,6,0,34.13020303,-86.86888037,1043.0,681.6445420685702,1.0507880910683012,565,554,6,0,548,539,83442,17,0,0,17,15
2020-07-11,US,Alabama,Dale,391,1,0,31.43037123,-85.61095742,1045.0,795.1679817782477,0.2557544757033248,390,372,1,0,371,362,48956,19,0,0,19,10
2020-07-11,US,Alabama,Dallas,996,9,0,32.32688101,-87.10866709999998,1047.0,2677.7072803527262,0.9036144578313252,987,978,9,0,969,963,38310,18,0,0,18,15
2020-07-11,US,Alabama,DeKalb,941,7,0,34.45946862,-85.80782906,1049.0,1315.8446715981709,0.7438894792773645,934,864,7,0,857,841,71385,77,0,0,77,23
2020-07-11,US,Alabama,Elmore,1029,20,0,32.59785413,-86.14415284,1051.0,1267.1009370882534,1.9436345966958213,1009,1007,21,0,986,989,81887,22,-1,0,23,18
2020-07-11,US,Alabama,Escambia,480,8,0,31.1256789,-87.15918694,1053.0,1310.2939972156253,1.6666666666666667,472,468,8,0,460,452,36748,12,0,0,12,16
2020-07-11,US,Alabama,Etowah,951,14,0,34.04567266,-86.04051873,1055.0,929.9096491571167,1.4721345951629865,937,919,14,0,905,882,102501,32,0,0,32,37
2020-07-11,US,Alabama,Fayette,82,1,0,33.72076938,-87.73886638,1057.0,503.0057661636609,1.2195121951219512,81,81,1,0,80,78,16433,1,0,0,1,3
2020-07-11,US,Alabama,Franklin,932,16,0,34.44235334,-87.84289505,1059.0,2971.7492506855433,1.7167381974248928,916,928,16,0,912,922,31363,4,0,0,4,6
2020-07-11,US,Alabama,Geneva,96,0,0,31.09389027,-85.83572839,1061.0,365.42194815576113,0.0,96,95,0,0,95,92,26314,1,0,0,1,3
2020-07-11,US,Alabama,Greene,195,9,0,32.85504247,-87.95684022,1063.0,2404.142522500308,4.615384615384615,186,192,9,0,183,192,8233,3,0,0,3,0
2020-07-11,US,Alabama,Hale,348,23,0,32.76039258,-87.63284988,1065.0,2375.264487065729,6.609195402298851,325,343,23,0,320,337,14726,5,0,0,5,6
2020-07-11,US,Alabama,Henry,153,3,0,31.51148016,-85.24267944,1067.0,889.2763731473409,1.96078431372549,150,146,3,0,143,143,17209,7,0,0,7,3
2020-07-11,US,Alabama,Houston,585,7,0,31.15197924,-85.29939599,1069.0,552.5018416728054,1.1965811965811963,578,561,6,0,555,552,104722,24,1,0,23,9
2020-07-11,US,Alabama,Jackson,418,2,0,34.78144169,-85.99750489,1071.0,809.6695463526131,0.4784688995215311,416,402,2,0,400,374,51736,16,0,0,16,28
2020-07-11,US,Alabama,Jefferson,6433,170,0,33.55554728,-86.89506300000002,1073.0,976.8089490458916,2.642623970153894,6263,6219,167,0,6052,6030,659300,214,3,0,211,189
2020-07-11,US,Alabama,Lamar,87,1,0,33.77995024,-88.09668032,1075.0,630.2064469395146,1.1494252873563218,86,87,1,0,86,81,13844,0,0,0,0,6
2020-07-11,US,Alabama,Lauderdale,568,6,0,34.90171875,-87.65624729,1077.0,612.5376095935468,1.056338028169014,562,555,6,0,549,537,92387,13,0,0,13,18
2020-07-11,US,Alabama,Lawrence,125,0,0,34.52041498,-87.31069453,1079.0,379.6622524602114,0.0,125,121,0,0,121,117,32957,4,0,0,4,4
2020-07-11,US,Alabama,Lee,1572,37,0,32.60154883,-85.35132246,1081.0,955.3791737064093,2.3536895674300253,1535,1535,37,0,1498,1494,163941,37,0,0,37,41
2020-07-11,US,Alabama,Limestone,622,3,0,34.81185586,-86.98310072,1083.0,628.8227265834303,0.482315112540193,619,596,3,0,593,574,96174,26,0,0,26,22
2020-07-11,US,Alabama,Lowndes,481,22,0,32.1597283,-86.65158371,1085.0,4945.506888751799,4.573804573804574,459,480,22,0,458,480,9974,1,0,0,1,0
2020-07-11,US,Alabama,Macon,215,9,0,32.38759944,-85.69267724,1087.0,1189.9490812486165,4.186046511627906,206,212,9,0,203,206,18439,3,0,0,3,6
2020-07-11,US,Alabama,Madison,2119,9,0,34.76327133,-86.55069633,1089.0,568.2351458398698,0.4247286455875413,2110,1983,9,0,1974,1907,366519,136,0,0,136,76
2020-07-11,US,Alabama,Marengo,352,11,0,32.24767634,-87.78796182,1091.0,1866.087048719716,3.125,341,342,11,0,331,330,19066,10,0,0,10,12
2020-07-11,US,Alabama,Marion,275,14,0,34.13697363,-87.88704173,1093.0,925.6454273115892,5.090909090909091,261,267,14,0,253,245,29763,8,0,0,8,22
2020-07-11,US,Alabama,Marshall,1926,11,0,34.36975964,-86.30486727,1095.0,1990.2039804079611,0.5711318795430945,1915,1904,11,0,1893,1866,96109,22,0,0,22,38
2020-07-11,US,Alabama,Mobile,4753,139,0,30.78472347,-88.20842409,1097.0,1150.2625783499914,2.9244687565747944,4614,4625,138,0,4487,4418,413757,128,1,0,127,207
2020-07-11,US,Alabama,Monroe,255,3,0,31.56729412,-87.36995001,1099.0,1229.9233106641584,1.1764705882352942,252,255,3,0,252,249,21067,0,0,0,0,6
2020-07-11,US,Alabama,Montgomery,4430,112,0,32.2206831,-86.20969272,1101.0,1955.9707884814072,2.5282167042889387,4318,4397,111,0,4286,4339,225763,33,1,0,32,58
2020-07-11,US,Alabama,Morgan,1269,5,0,34.45500589,-86.85475946,1103.0,1060.3363998696514,0.3940110323089047,1264,1241,5,0,1236,1220,119089,28,0,0,28,21
2020-07-11,US,Alabama,Perry,236,2,0,32.64048341,-87.29770589,1105.0,2644.850386641265,0.8474576271186439,234,224,2,0,222,209,9140,12,0,0,12,15
2020-07-11,US,Alabama,Pickens,269,6,0,33.28094866,-88.08818103,1107.0,1349.724034119418,2.2304832713754648,263,262,6,0,256,255,19938,7,0,0,7,7
2020-07-11,US,Alabama,Pike,472,5,0,31.80396383,-85.9408295,1109.0,1425.378993779066,1.0593220338983051,467,467,5,0,462,459,33338,5,0,0,5,8
2020-07-11,US,Alabama,Randolph,258,9,0,33.29526734,-85.45708831,1111.0,1135.4634275151836,3.4883720930232562,249,248,9,0,239,244,22725,10,0,0,10,4
2020-07-11,US,Alabama,Russell,675,0,0,32.28725256,-85.18415324,1113.0,1164.5761805351876,0.0,675,665,0,0,665,657,57781,10,0,0,10,8
2020-07-11,US,Alabama,Shelby,1642,25,0,33.26879845,-86.66232561,1117.0,754.2420372803191,1.5225334957369059,1617,1557,24,0,1533,1509,215707,85,1,0,84,48
2020-07-11,US,Alabama,St. Clair,513,3,0,33.71902176,-86.31029372,1115.0,573.1075163106623,0.5847953216374269,510,484,2,0,482,469,88690,29,1,0,28,15
2020-07-11,US,Alabama,Sumter,291,13,0,32.59117397,-88.19916205,1119.0,2341.675384243985,4.4673539518900345,278,287,13,0,274,285,12691,4,0,0,4,2
2020-07-11,US,Alabama,Talladega,389,7,0,33.37823223,-86.16886178,1121.0,486.38375553277154,1.7994858611825193,382,367,7,0,360,349,79828,22,0,0,22,18
2020-07-11,US,Alabama,Tallapoosa,628,69,0,32.86698258,-85.79833053,1123.0,1555.7262120048556,10.987261146496815,559,625,69,0,556,616,40497,3,0,0,3,9
2020-07-11,US,Alabama,Tuscaloosa,2632,53,0,33.28726072,-87.52556818,1125.0,1257.1947171073055,2.013677811550152,2579,2586,52,0,2534,2544,208911,46,1,0,45,42
2020-07-11,US,Alabama,Unassigned,653,28,0,0.0,0.0,90001.0,0.0,4.287901990811639,625,616,27,0,589,586,,37,1,0,36,30
2020-07-11,US,Alabama,Walker,1061,31,0,33.80270512,-87.30027177,1127.0,1670.3137545063835,2.9217719132893496,1030,1056,31,0,1025,1051,63711,5,0,0,5,5
2020-07-11,US,Alabama,Washington,141,8,0,31.4092794,-88.20689944,1129.0,863.6530687247334,5.673758865248227,133,136,7,0,129,127,16378,5,1,0,4,9
2020-07-11,US,Alabama,Wilcox,303,8,0,31.98773215,-87.30891118,1131.0,2921.0450207268873,2.64026402640264,295,299,8,0,291,296,10627,4,0,0,4,3
2020-07-11,US,Alabama,Winston,296,5,0,34.15030532,-87.37325922,1133.0,1252.6979559016465,1.6891891891891893,291,292,5,0,287,289,23660,4,0,0,4,3
2020-07-11,US,Alaska,Aleutians West,1,0,0,52.3233,-174.1596,2016.0,17.749378771742986,0.0,1,1,0,0,1,1,5723,0,0,0,0,0
2020-07-11,US,Alaska,Anchorage,671,8,0,61.14998174,-149.14269860000005,2020.0,232.98611111111111,1.1922503725782414,663,641,8,0,633,619,291538,30,0,0,30,22
2020-07-11,US,Alaska,Bethel,13,0,0,60.90980451,-159.8561831,2050.0,70.70597193516807,0.0,13,12,0,0,12,12,18216,1,0,0,1,0
2020-07-11,US,Alaska,Bristol Bay,3,0,0,58.74513976,-156.701064,2060.0,358.85167464114835,0.0,3,3,0,0,3,,877,0,0,0,0,
2020-07-11,US,Alaska,Fairbanks North Star,224,2,0,64.80726247,-146.5692662,2090.0,231.28788113454965,0.8928571428571429,222,201,2,0,199,185,98971,23,0,0,23,16
2020-07-11,US,Alaska,Haines,2,0,0,59.09893571,-135.4679843,2100.0,79.05138339920948,0.0,2,2,0,0,2,2,2474,0,0,0,0,0
2020-07-11,US,Alaska,Juneau,48,2,0,58.45031811,-134.200436,2110.0,150.12197410395947,4.166666666666667,46,47,2,0,45,46,32113,1,0,0,1,1
2020-07-11,US,Alaska,Kenai Peninsula,191,2,0,60.24429722,-151.53888840000005,2122.0,325.33896572869116,1.0471204188481675,189,189,2,0,187,182,58533,2,0,0,2,7
2020-07-11,US,Alaska,Ketchikan Gateway,23,0,0,55.57445008,-130.975561,2130.0,165.4557226098842,0.0,23,23,0,0,23,23,13918,0,0,0,0,0
2020-07-11,US,Alaska,Kodiak Island,4,0,0,57.65529415,-153.7493579,2150.0,30.773965225419296,0.0,4,4,0,0,4,4,13345,0,0,0,0,0
2020-07-11,US,Alaska,Kusilvak,2,0,0,62.15429159999999,-163.39678830000003,2158.0,24.05580947798893,0.0,2,2,0,0,2,2,8303,0,0,0,0,0
2020-07-11,US,Alaska,Matanuska-Susitna,134,2,0,62.31305045,-149.5741743,2170.0,123.71095949850901,1.492537313432836,132,131,2,0,129,127,107610,3,0,0,3,4
2020-07-11,US,Alaska,Nome,12,0,0,64.90320724,-164.0353804,2180.0,119.95201919232305,0.0,12,12,0,0,12,10,10008,0,0,0,0,2
2020-07-11,US,Alaska,North Slope,4,0,0,69.31479216,-153.4836093,2185.0,40.68348250610252,0.0,4,4,0,0,4,4,9872,0,0,0,0,0
2020-07-11,US,Alaska,Northwest Arctic,6,0,0,67.04919196,-159.7503946,2188.0,78.72982548222019,0.0,6,6,0,0,6,6,7671,0,0,0,0,0
2020-07-11,US,Alaska,Petersburg,6,1,0,57.13978948,-132.9540995,2195.0,183.71096142069808,16.666666666666668,5,6,1,0,5,6,3221,0,0,0,0,0
2020-07-11,US,Alaska,Prince of Wales-Hyder,2,0,0,55.76261984,-133.0511621,2198.0,32.24246332419797,0.0,2,2,0,0,2,2,6422,0,0,0,0,0
2020-07-11,US,Alaska,Sitka,13,0,0,57.24124555,-135.3206587,2220.0,153.06723183798422,0.0,13,13,0,0,13,13,8647,0,0,0,0,0
2020-07-11,US,Alaska,Southeast Fairbanks,10,0,0,63.87692095,-143.2127643,2240.0,145.07471347744092,0.0,10,10,0,0,10,10,6918,0,0,0,0,0
2020-07-11,US,Alaska,Valdez-Cordova,6,0,0,61.47502768,-144.7126799,2261.0,65.20321669202347,0.0,6,6,0,0,6,6,9164,0,0,0,0,0
2020-07-11,US,Alaska,Wrangell,3,0,0,56.3202004,-132.05837309999998,2275.0,119.90407673860909,0.0,3,3,0,0,3,3,2503,0,0,0,0,0
2020-07-11,US,Alaska,Yukon-Koyukuk,7,0,0,65.50815459,-151.3907387,2290.0,133.8432122370937,0.0,7,5,0,0,5,5,5327,2,0,0,2,0
2020-07-11,US,Arizona,Apache,2551,101,0,35.39465006,-109.4892383,4001.0,3548.624925229875,3.9592316738533913,2450,2534,101,0,2433,2520,71818,17,0,0,17,14
2020-07-11,US,Arizona,Cochise,1020,22,0,31.87934684,-109.7516088,4003.0,810.0252537284987,2.156862745098039,998,980,20,0,960,905,126770,40,2,0,38,75
2020-07-11,US,Arizona,Coconino,2427,98,0,35.83883429,-111.7707178,4005.0,1691.5721096211216,4.03790688092295,2329,2379,97,0,2282,2338,142854,48,1,0,47,41
2020-07-11,US,Arizona,Gila,439,12,0,33.80190085,-110.8132779,4007.0,812.6920656077604,2.733485193621868,427,424,12,0,412,385,53889,15,0,0,15,39
2020-07-11,US,Arizona,Graham,201,1,0,32.93166885,-109.8882178,4009.0,517.5476993588588,0.4975124378109453,200,184,1,0,183,180,38072,17,0,0,17,4
2020-07-11,US,Arizona,Greenlee,32,1,0,33.21498827,-109.2405279,4011.0,336.9130343230154,3.125,31,29,1,0,28,27,9483,3,0,0,3,2
2020-07-11,US,Arizona,La Paz,398,7,0,33.72854224,-113.9810029,4012.0,1885.5410270987304,1.7587939698492463,391,394,7,0,387,384,21098,4,0,0,4,10
2020-07-11,US,Arizona,Maricopa,78481,1093,0,33.34835867,-112.4918154,4013.0,1749.6935622887875,1.3926937730151248,77388,76328,1049,0,75279,73165,4410824,2153,44,0,2109,3163
2020-07-11,US,Arizona,Mohave,1759,97,0,35.70471703,-113.7577902,4015.0,829.0091949797577,5.514496873223423,1662,1696,97,0,1599,1595,209550,63,0,0,63,101
2020-07-11,US,Arizona,Navajo,4279,134,0,35.3997715,-110.3218983,4017.0,3857.5961919873066,3.1315727973825664,4145,4255,134,0,4121,4150,110445,24,0,0,24,105
2020-07-11,US,Arizona,Pima,11443,326,0,32.0971334,-111.7890033,4019.0,1092.641024979972,2.848903259634711,11117,11172,313,0,10859,10835,1039073,271,13,0,258,337
2020-07-11,US,Arizona,Pinal,5513,84,0,32.90525627,-111.3449483,4021.0,1191.2556262141065,1.5236713223290403,5429,5332,83,0,5249,5156,447138,181,1,0,180,176
2020-07-11,US,Arizona,Santa Cruz,2162,27,0,31.52508998,-110.8479088,4023.0,4649.662351068863,1.2488436632747455,2135,2133,27,0,2106,2095,46511,29,0,0,29,38
2020-07-11,US,Arizona,Unassigned,0,1,0,0.0,0.0,90004.0,0.0,0.0,-1,0,1,0,-1,0,,0,0,0,0,0
2020-07-11,US,Arizona,Yavapai,1082,11,0,34.59933926,-112.5538588,4025.0,460.2316470933522,1.0166358595194085,1071,1058,11,0,1047,1037,231993,24,0,0,24,21
2020-07-11,US,Arizona,Yuma,8143,136,0,32.76895712,-113.90666740000002,4027.0,3808.9313194908946,1.6701461377870563,8007,7994,128,0,7866,7899,212128,149,8,0,141,95
2020-07-11,US,Arkansas,Arkansas,56,0,0,34.29145151,-91.37277296,5001.0,320.2562049639712,0.0,56,52,0,0,52,51,17769,4,0,0,4,1
2020-07-11,US,Arkansas,Ashley,97,3,0,33.19153461,-91.7698471,5003.0,493.4628885384341,3.0927835051546397,94,93,3,0,90,90,20046,4,0,0,4,3
2020-07-11,US,Arkansas,Baxter,29,0,0,36.28784385,-92.33782872,5005.0,69.1595917199275,0.0,29,28,0,0,28,26,41619,1,0,0,1,2
2020-07-11,US,Arkansas,Benton,3416,22,0,36.33644656,-94.25680817,5007.0,1223.7543033807287,0.6440281030444965,3394,3355,22,0,3333,3270,272608,61,0,0,61,85
2020-07-11,US,Arkansas,Boone,46,1,0,36.3084504,-93.09374925,5009.0,122.88950630476593,2.1739130434782608,45,45,1,0,44,42,37480,1,0,0,1,3
2020-07-11,US,Arkansas,Bradley,75,2,0,33.46755808,-92.15980837,5011.0,696.83173836291,2.6666666666666665,73,69,2,0,67,58,10897,6,0,0,6,11
2020-07-11,US,Arkansas,Calhoun,2,0,0,33.55598792,-92.49974403,5013.0,38.54307188282906,0.0,2,2,0,0,2,2,5277,0,0,0,0,0
2020-07-11,US,Arkansas,Carroll,225,6,0,36.34038560000001,-93.54270261,5015.0,792.8118393234672,2.6666666666666665,219,220,6,0,214,212,28223,5,0,0,5,8
2020-07-11,US,Arkansas,Chicot,210,3,0,33.26458973,-91.29539209,5017.0,2075.5089938723067,1.4285714285714286,207,207,3,0,204,201,10438,3,0,0,3,6
2020-07-11,US,Arkansas,Clark,75,0,0,34.04613432,-93.17484713,5019.0,336.02150537634407,0.0,75,70,0,0,70,66,22061,5,0,0,5,4
2020-07-11,US,Arkansas,Clay,80,3,0,36.36826212,-90.4148172,5021.0,549.7903924128926,3.75,77,78,3,0,75,77,14847,2,0,0,2,1
2020-07-11,US,Arkansas,Cleburne,130,4,0,35.53864922,-92.02640019,5023.0,521.6902764958464,3.0769230769230766,126,128,4,0,124,124,24965,2,0,0,2,4
2020-07-11,US,Arkansas,Cleveland,35,0,0,33.89723187,-92.18537045,5025.0,439.9195575666164,0.0,35,31,0,0,31,32,8018,4,0,0,4,-1
2020-07-11,US,Arkansas,Columbia,107,5,0,33.21230701,-93.22642793,5027.0,456.1538133606173,4.672897196261682,102,105,5,0,100,103,23537,2,0,0,2,2
2020-07-11,US,Arkansas,Conway,89,3,0,35.26205537,-92.70506566,5029.0,426.9404202245035,3.3707865168539324,86,86,3,0,83,84,20891,3,0,0,3,2
2020-07-11,US,Arkansas,Craighead,541,7,0,35.83018283,-90.63235729,5031.0,490.3382518217743,1.2939001848428835,534,524,7,0,517,514,108558,17,0,0,17,10
2020-07-11,US,Arkansas,Crawford,270,2,0,35.58928601,-94.2446814,5033.0,426.8302322272634,0.7407407407407407,268,260,2,0,258,247,63406,10,0,0,10,13
2020-07-11,US,Arkansas,Crittenden,833,14,0,35.21247318,-90.30839406,5035.0,1737.0451464915025,1.680672268907563,819,817,13,0,804,815,48342,16,1,0,15,2
2020-07-11,US,Arkansas,Cross,95,1,0,35.29631396,-90.77185818,5037.0,578.5979657713624,1.0526315789473684,94,94,1,0,93,93,16676,1,0,0,1,1
2020-07-11,US,Arkansas,Dallas,10,0,0,33.97042763,-92.65167437,5039.0,142.673705236125,0.0,10,10,0,0,10,10,7182,0,0,0,0,0
2020-07-11,US,Arkansas,Desha,79,1,0,33.83011025,-91.25500948,5041.0,695.3613238271279,1.2658227848101269,78,75,1,0,74,71,11512,4,0,0,4,4
2020-07-11,US,Arkansas,Drew,89,2,0,33.59035001,-91.71777921,5043.0,488.501015423459,2.247191011235955,87,85,2,0,83,85,18328,4,0,0,4,0
2020-07-11,US,Arkansas,Faulkner,757,3,0,35.14719007,-92.33717519,5045.0,600.760275222805,0.3963011889035667,754,727,3,0,724,701,124806,30,0,0,30,26
2020-07-11,US,Arkansas,Franklin,30,1,0,35.51202821,-93.89299569,5047.0,169.34801016088062,3.333333333333333,29,28,1,0,27,28,17810,2,0,0,2,0
2020-07-11,US,Arkansas,Fulton,17,0,0,36.38177105,-91.81729127,5049.0,136.25070129037428,0.0,17,17,0,0,17,17,12269,0,0,0,0,0
2020-07-11,US,Arkansas,Garland,320,3,0,34.57692074,-93.14921604,5051.0,321.976938401787,0.9375,317,311,3,0,308,303,99154,9,0,0,9,8
2020-07-11,US,Arkansas,Grant,53,0,0,34.29017991,-92.42320562,5053.0,290.1724609909664,0.0,53,52,0,0,52,51,18188,1,0,0,1,1
2020-07-11,US,Arkansas,Greene,147,0,0,36.11735460000001,-90.55832668,5055.0,324.3243243243243,0.0,147,145,0,0,145,141,45325,2,0,0,2,4
2020-07-11,US,Arkansas,Hempstead,76,1,0,33.73325583,-93.66935133,5057.0,352.9630317666729,1.3157894736842106,75,70,1,0,69,70,21741,6,0,0,6,0
2020-07-11,US,Arkansas,Hot Spring,1213,1,0,34.31709259,-92.95396325,5059.0,3591.839151935092,0.08244023083264633,1212,887,1,0,886,743,33701,326,0,0,326,144
2020-07-11,US,Arkansas,Howard,135,1,0,34.09007427,-93.9934871,5061.0,1022.5723375246176,0.7407407407407407,134,131,1,0,130,121,13341,4,0,0,4,10
2020-07-11,US,Arkansas,Independence,71,0,0,35.74242707,-91.57001641,5063.0,187.706543291474,0.0,71,66,0,0,66,66,37678,5,0,0,5,0
2020-07-11,US,Arkansas,Izard,25,1,0,36.09604046,-91.90847954,5065.0,183.4323868222173,4.0,24,24,1,0,23,24,13593,1,0,0,1,0
2020-07-11,US,Arkansas,Jackson,41,0,0,35.59802983,-91.21494602,5067.0,245.22997786948986,0.0,41,38,0,0,38,39,16811,3,0,0,3,-1
2020-07-11,US,Arkansas,Jefferson,850,29,0,34.26767081,-91.92619839,5069.0,1271.9980845205314,3.4117647058823533,821,831,28,0,803,808,68114,19,1,0,18,23
2020-07-11,US,Arkansas,Johnson,363,0,0,35.56759135,-93.46036368,5071.0,1365.7912559259535,0.0,363,351,0,0,351,339,26742,12,0,0,12,12
2020-07-11,US,Arkansas,Lafayette,24,2,0,33.24116713,-93.60677071,5073.0,362.3188405797102,8.333333333333334,22,24,2,0,22,24,6682,0,0,0,0,0
2020-07-11,US,Arkansas,Lawrence,115,9,0,36.04188196,-91.10867198,5075.0,700.9630622942827,7.826086956521738,106,112,9,0,103,111,16434,3,0,0,3,1
2020-07-11,US,Arkansas,Lee,825,3,0,34.78498904,-90.78383866,5077.0,9314.666365586541,0.3636363636363637,822,818,3,0,815,817,8985,7,0,0,7,1
2020-07-11,US,Arkansas,Lincoln,1048,11,0,33.95317155,-91.74002806,5079.0,8046.683046683047,1.049618320610687,1037,1048,11,0,1037,1046,13383,0,0,0,0,2
2020-07-11,US,Arkansas,Little River,42,0,0,33.70375665,-94.23468591,5081.0,342.60543274329063,0.0,42,40,0,0,40,40,12326,2,0,0,2,0
2020-07-11,US,Arkansas,Logan,77,0,0,35.21413234,-93.71951016,5083.0,358.70679213640176,0.0,77,72,0,0,72,65,21737,5,0,0,5,7
2020-07-11,US,Arkansas,Lonoke,194,1,0,34.75392199,-91.88742357,5085.0,264.63326467418733,0.5154639175257731,193,189,1,0,188,182,73657,5,0,0,5,7
2020-07-11,US,Arkansas,Madison,222,1,0,36.01038185,-93.72524943,5087.0,1339.2857142857142,0.4504504504504505,221,215,0,0,215,214,16481,7,1,0,6,1
2020-07-11,US,Arkansas,Marion,13,0,0,36.26844485,-92.68451899,5089.0,77.87228944530969,0.0,13,12,0,0,12,12,16722,1,0,0,1,0
2020-07-11,US,Arkansas,Miller,254,2,0,33.31403423,-93.89285258,5091.0,587.1882007536352,0.7874015748031497,252,241,2,0,239,237,43592,13,0,0,13,4
2020-07-11,US,Arkansas,Mississippi,304,3,0,35.76271485,-90.05194370000002,5093.0,747.8290816954072,0.986842105263158,301,290,3,0,287,275,41239,14,0,0,14,15
2020-07-11,US,Arkansas,Monroe,20,0,0,34.6815935,-91.20540287,5095.0,298.4629159826892,0.0,20,19,0,0,19,19,6900,1,0,0,1,0
2020-07-11,US,Arkansas,Montgomery,8,0,0,34.53704874,-93.65824478,5097.0,89.02737591809479,0.0,8,8,0,0,8,8,8924,0,0,0,0,0
2020-07-11,US,Arkansas,Nevada,109,3,0,33.66340119,-93.30632432,5099.0,1320.891904992729,2.7522935779816518,106,108,3,0,105,107,8326,1,0,0,1,1
2020-07-11,US,Arkansas,Newton,8,0,0,35.91947491,-93.21612969,5101.0,103.18586353669548,0.0,8,8,0,0,8,7,7805,0,0,0,0,1
2020-07-11,US,Arkansas,Ouachita,33,0,0,33.58839816,-92.87795984,5103.0,141.13420579933282,0.0,33,32,0,0,32,29,23606,1,0,0,1,3
2020-07-11,US,Arkansas,Perry,33,0,0,34.9459153,-92.94372564,5105.0,315.63845050215207,0.0,33,33,0,0,33,32,10352,0,0,0,0,1
2020-07-11,US,Arkansas,Phillips,172,5,0,34.43268455,-90.84800154,5107.0,967.2702733100888,2.9069767441860463,167,171,5,0,166,165,18029,1,0,0,1,6
2020-07-11,US,Arkansas,Pike,23,0,0,34.16250414,-93.65789349,5109.0,214.5922746781116,0.0,23,20,0,0,20,19,10673,3,0,0,3,1
2020-07-11,US,Arkansas,Poinsett,72,3,0,35.57433534,-90.66268713,5111.0,306.01836110166613,4.166666666666667,69,69,3,0,66,64,23974,3,0,0,3,5
2020-07-11,US,Arkansas,Polk,86,0,0,34.48254879,-94.22728802,5113.0,430.7753957122821,0.0,86,86,0,0,86,84,20049,0,0,0,0,2
2020-07-11,US,Arkansas,Pope,641,4,0,35.44871474,-93.03212219,5115.0,1000.4370083655887,0.62402496099844,637,626,4,0,622,585,64000,15,0,0,15,41
2020-07-11,US,Arkansas,Prairie,28,0,0,34.83624419,-91.55162157,5117.0,347.308360208385,0.0,28,28,0,0,28,26,8074,0,0,0,0,2
2020-07-11,US,Arkansas,Pulaski,2886,65,0,34.77054088,-92.31355101,5119.0,736.3916807642552,2.2522522522522523,2821,2810,63,0,2747,2713,392680,76,2,0,74,97
2020-07-11,US,Arkansas,Randolph,75,1,0,36.3415714,-91.02455531,5121.0,417.6411627129969,1.3333333333333333,74,64,1,0,63,61,17948,11,0,0,11,3
2020-07-11,US,Arkansas,Saline,458,3,0,34.64916145,-92.67583224,5125.0,374.0699298414695,0.6550218340611353,455,433,3,0,430,420,121421,25,0,0,25,13
2020-07-11,US,Arkansas,Scott,16,0,0,34.85588887,-94.0632176,5127.0,155.62688454430503,0.0,16,16,0,0,16,16,10319,0,0,0,0,0
2020-07-11,US,Arkansas,Searcy,16,0,0,35.9109364,-92.69936482,5129.0,203.01992132978046,0.0,16,16,0,0,16,16,7958,0,0,0,0,0
2020-07-11,US,Arkansas,Sebastian,806,7,0,35.19605503,-94.27162713,5131.0,630.539713831976,0.8684863523573201,799,747,7,0,740,705,127753,59,0,0,59,42
2020-07-11,US,Arkansas,Sevier,800,9,0,33.99780401,-94.2424869,5133.0,4703.945434232964,1.125,791,788,9,0,779,781,17139,12,0,0,12,7
2020-07-11,US,Arkansas,Sharp,64,5,0,36.16258158,-91.47819342,5135.0,366.93039789015023,7.8125,59,62,5,0,57,61,17366,2,0,0,2,1
2020-07-11,US,Arkansas,St. Francis,903,3,0,35.02201976,-90.74828138,5123.0,3612.867088101144,0.3322259136212625,900,901,3,0,898,898,25439,2,0,0,2,3
2020-07-11,US,Arkansas,Stone,22,1,0,35.86251946,-92.15684085,5137.0,175.91556053094516,4.545454545454546,21,19,1,0,18,19,12457,3,0,0,3,0
2020-07-11,US,Arkansas,Unassigned,1048,0,0,0.0,0.0,90005.0,0.0,0.0,1048,966,0,0,966,935,,82,0,0,82,31
2020-07-11,US,Arkansas,Union,273,14,0,33.16887091,-92.59746952,5139.0,705.7546145494027,5.128205128205129,259,267,13,0,254,266,39126,6,1,0,5,1
2020-07-11,US,Arkansas,Van Buren,35,2,0,35.58095779,-92.51295036,5141.0,211.54427319431846,5.7142857142857135,33,36,2,0,34,36,16603,-1,0,0,-1,0
2020-07-11,US,Arkansas,Washington,4456,36,0,35.976844,-94.21800746,5143.0,1862.9775029579366,0.8078994614003591,4420,4344,36,0,4308,4309,236961,112,0,0,112,35
2020-07-11,US,Arkansas,White,128,2,0,35.25688493,-91.74908296,5145.0,162.53349078765254,1.5625,126,121,2,0,119,115,78727,7,0,0,7,6
2020-07-11,US,Arkansas,Woodruff,12,0,0,35.18902527,-91.2439489,5147.0,189.87341772151902,0.0,12,10,0,0,10,10,6490,2,0,0,2,0
2020-07-11,US,Arkansas,Yell,828,5,0,35.00292371,-93.41171338,5149.0,3879.855676866126,0.6038647342995169,823,822,5,0,817,799,21535,6,0,0,6,23
2020-07-11,US,California,Alameda,7725,148,0,37.64629437,-121.8929271,6001.0,462.2070220764434,1.9158576051779932,7577,7485,147,0,7338,7407,1666753,240,1,0,239,78
2020-07-11,US,California,Alpine,2,0,0,38.59678594,-119.8223594,6003.0,177.14791851195747,0.0,2,2,0,0,2,2,1101,0,0,0,0,0
2020-07-11,US,California,Amador,40,0,0,38.44583082,-120.65696,6005.0,100.62386798148519,0.0,40,36,0,0,36,36,39383,4,0,0,4,0
2020-07-11,US,California,Butte,338,4,0,39.66727762,-121.6005252,6007.0,154.20692927467996,1.183431952662722,334,338,4,0,334,319,231256,0,0,0,0,19
2020-07-11,US,California,Calaveras,67,0,0,38.20537103,-120.552913,6009.0,145.95359982572703,0.0,67,67,0,0,67,61,45602,0,0,0,0,6
2020-07-11,US,California,Colusa,113,0,0,39.17881957,-122.2331726,6011.0,524.4349561423865,0.0,113,103,0,0,103,103,21627,10,0,0,10,0
2020-07-11,US,California,Contra Costa,4605,89,0,37.91923498,-121.9289527,6013.0,399.2107676810058,1.932681867535288,4516,4460,88,0,4372,4357,1150215,145,1,0,144,103
2020-07-11,US,California,Del Norte,60,0,0,41.74228275,-123.89740630000001,6015.0,215.73421544656986,0.0,60,60,0,0,60,58,27828,0,0,0,0,2
2020-07-11,US,California,El Dorado,307,0,0,38.77965956,-120.5233166,6017.0,159.1968596215574,0.0,307,307,0,0,307,292,190678,0,0,0,0,15
2020-07-11,US,California,Fresno,7906,87,0,36.75733899,-119.6466953,6019.0,791.3113889386557,1.1004300531242095,7819,7627,87,0,7540,7627,994400,279,0,0,279,0
2020-07-11,US,California,Glenn,164,0,0,39.59875897,-122.3938452,6021.0,577.6071566935512,0.0,164,164,0,0,164,159,28047,0,0,0,0,5
2020-07-11,US,California,Humboldt,165,4,0,40.69923009,-123.876044,6023.0,121.71911654052141,2.4242424242424243,161,165,4,0,161,161,136373,0,0,0,0,4
2020-07-11,US,California,Imperial,7827,135,0,33.0393082,-115.3669042,6025.0,4319.1788759208675,1.7247987734764278,7692,7759,132,0,7627,7654,181827,68,3,0,65,105
2020-07-11,US,California,Inyo,34,1,0,36.51112084,-117.41119779999998,6027.0,188.4805144409336,2.9411764705882355,33,34,1,0,33,34,17987,0,0,0,0,0
2020-07-11,US,California,Kern,6339,97,0,35.34329425,-118.7277796,6029.0,704.175285102677,1.5302098122732293,6242,6195,97,0,6098,5979,896764,144,0,0,144,216
2020-07-11,US,California,Kings,2898,39,0,36.07409056,-119.8159973,6031.0,1894.8607296979208,1.3457556935817805,2859,2855,39,0,2816,2855,151366,43,0,0,43,0
2020-07-11,US,California,Lake,108,1,0,39.10124298,-122.7536244,6033.0,167.73832820799552,0.925925925925926,107,108,1,0,107,101,64382,0,0,0,0,7
2020-07-11,US,California,Lassen,275,0,0,40.67311306,-120.59350990000002,6035.0,899.486474994276,0.0,275,261,0,0,261,269,30802,14,0,0,14,-8
2020-07-11,US,California,Los Angeles,130394,3795,0,34.30828379,-118.2282411,6037.0,1298.8605460625133,2.9104099881896413,126599,127439,3744,0,123695,124992,10105518,2955,51,0,2904,2447
2020-07-11,US,California,Madera,893,8,0,37.21513971,-119.76655890000002,6039.0,567.6075943735024,0.8958566629339306,885,857,8,0,849,857,157672,36,0,0,36,0
2020-07-11,US,California,Marin,3434,30,0,38.07122463,-122.7210631,6041.0,1326.7600627448555,0.8736167734420501,3404,3364,30,0,3334,3227,259666,70,0,0,70,137
2020-07-11,US,California,Mariposa,31,1,0,37.57978556,-119.9073334,6043.0,180.2011277102831,3.2258064516129035,30,31,1,0,30,31,17471,0,0,0,0,0
2020-07-11,US,California,Mendocino,113,0,0,39.4381191,-123.3911313,6045.0,130.26086756043298,0.0,113,107,0,0,107,107,87606,6,0,0,6,0
2020-07-11,US,California,Merced,1884,12,0,37.18922369,-120.7209035,6047.0,678.4788245462403,0.6369426751592356,1872,1793,12,0,1781,1793,274765,91,0,0,91,0
2020-07-11,US,California,Mono,50,1,0,37.93899289,-118.8872409,6051.0,346.1644973691498,2.0,49,49,1,0,48,49,14250,1,0,0,1,0
2020-07-11,US,California,Monterey,2540,18,0,36.21862405,-121.2413397,6053.0,585.1712086550048,0.7086614173228346,2522,2419,18,0,2401,2343,435594,121,0,0,121,76
2020-07-11,US,California,Napa,477,4,0,38.50735751,-122.332839,6055.0,346.2945754443025,0.8385744234800838,473,477,4,0,473,466,139417,0,0,0,0,11
2020-07-11,US,California,Nevada,163,1,0,39.30394768,-120.7627281,6057.0,163.40033081048568,0.6134969325153374,162,163,1,0,162,159,99696,0,0,0,0,4
2020-07-11,US,California,Orange,23901,421,0,33.70147516,-117.76459979999998,6059.0,752.6233652381906,1.761432576042843,23480,22650,412,0,22238,21517,3185968,1251,9,0,1242,1133
2020-07-11,US,California,Placer,1055,11,0,39.06167234,-120.7240569,6061.0,264.85643776877913,1.042654028436019,1044,1021,11,0,1010,993,393149,34,0,0,34,28
2020-07-11,US,California,Plumas,17,0,0,40.00355989,-120.8395236,6063.0,90.39187536555538,0.0,17,17,0,0,17,15,18804,0,0,0,0,2
2020-07-11,US,California,Riverside,24765,537,0,33.74314981,-115.9933578,6065.0,1002.4099935803664,2.1683827983040582,24228,24765,537,0,24228,23334,2450758,0,0,0,0,1431
2020-07-11,US,California,Sacramento,5339,81,0,38.45106826,-121.3425374,6067.0,343.99487648013155,1.5171380408316164,5258,5152,79,0,5073,4932,1540975,187,2,0,185,220
2020-07-11,US,California,San Benito,336,2,0,36.60308176,-121.069975,6069.0,534.9636988918609,0.5952380952380952,334,311,2,0,309,311,61537,25,0,0,25,0
2020-07-11,US,California,San Bernardino,18912,304,0,34.84060306,-116.1774685,6071.0,867.4891116630772,1.6074450084602367,18608,18275,304,0,17971,17414,2171603,637,0,0,637,861
2020-07-11,US,California,San Diego,19371,422,0,33.03484597,-116.7365326,6073.0,580.2601899752271,2.178514273914615,18949,18863,420,0,18443,18402,3343364,508,2,0,506,461
2020-07-11,US,California,San Francisco,4426,50,0,37.75215114,-122.4385672,6075.0,502.0707867628458,1.1296882060551288,4376,4316,50,0,4266,4145,883305,110,0,0,110,171
2020-07-11,US,California,San Joaquin,6279,68,0,37.93433732,-121.2730061,6077.0,823.8557340569023,1.0829749960184742,6211,6279,68,0,6211,6065,752660,0,0,0,0,214
2020-07-11,US,California,San Luis Obispo,905,4,0,35.38822029,-120.4039028,6079.0,319.66260583304785,0.4419889502762431,901,905,4,0,901,877,284010,0,0,0,0,28
2020-07-11,US,California,San Mateo,3949,112,0,37.4228808,-122.32755459999998,6081.0,515.1498944001419,2.8361610534312485,3837,3846,112,0,3734,3787,769545,103,0,0,103,59
2020-07-11,US,California,Santa Barbara,3931,31,0,34.65329488,-120.0188492,6083.0,880.4051072902739,0.7886034088018316,3900,3868,29,0,3839,3868,446527,63,2,0,61,0
2020-07-11,US,California,Santa Clara,5983,166,0,37.23104908,-121.6970462,6085.0,310.34539995808814,2.774527828848404,5817,5863,166,0,5697,5678,1937570,120,0,0,120,185
2020-07-11,US,California,Santa Cruz,568,3,0,37.05580291,-122.0066524,6087.0,207.89640317261623,0.528169014084507,565,537,3,0,534,506,274255,31,0,0,31,31
2020-07-11,US,California,Shasta,187,6,0,40.76391419,-122.0396884,6089.0,103.84273656152821,3.2085561497326203,181,176,6,0,170,176,180040,11,0,0,11,0
2020-07-11,US,California,Sierra,1,0,0,39.57713498,-120.52007009999998,6091.0,33.277870216306155,0.0,1,1,0,0,1,1,2987,0,0,0,0,0
2020-07-11,US,California,Siskiyou,41,0,0,41.59198861,-122.54074340000001,6093.0,94.16844667998804,0.0,41,41,0,0,41,33,43724,0,0,0,0,8
2020-07-11,US,California,Solano,2075,28,0,38.26827353,-121.9357113,6095.0,463.5390255181026,1.3493975903614457,2047,2075,28,0,2047,1985,446610,0,0,0,0,90
2020-07-11,US,California,Sonoma,1650,14,0,38.52746429,-122.8862506,6097.0,333.78107198342826,0.8484848484848485,1636,1561,14,0,1547,1519,499942,89,0,0,89,42
2020-07-11,US,California,Stanislaus,4633,51,0,37.55862499,-120.9970722,6099.0,841.3540115497766,1.100798618605655,4582,4364,50,0,4314,4364,549815,269,1,0,268,0
2020-07-11,US,California,Sutter,372,4,0,39.03417539,-121.6945899,6101.0,383.6198451083312,1.075268817204301,368,337,4,0,333,337,96807,35,0,0,35,0
2020-07-11,US,California,Tehama,104,1,0,40.12570935,-122.2370171,6103.0,159.79349763382706,0.9615384615384616,103,98,1,0,97,98,63916,6,0,0,6,0
2020-07-11,US,California,Trinity,2,0,0,40.64917670000001,-123.114713,6105.0,16.28001628001628,0.0,2,2,0,0,2,2,12535,0,0,0,0,0
2020-07-11,US,California,Tulare,5678,152,0,36.22026558,-118.8020203,6107.0,1217.9452804084128,2.6769989432898913,5526,5678,152,0,5526,5509,465861,0,0,0,0,169
2020-07-11,US,California,Tuolumne,64,0,0,38.02644018,-119.9525093,6109.0,117.47861522082307,0.0,64,64,0,0,64,60,54539,0,0,0,0,4
2020-07-11,US,California,Ventura,4246,53,0,34.44465746,-119.0910613,6111.0,501.88769346789496,1.248233631653321,4193,4093,53,0,4040,4093,850967,153,0,0,153,0
2020-07-11,US,California,Yolo,839,28,0,38.68278902,-121.9018288,6113.0,380.49886621315187,3.3373063170441,811,839,28,0,811,802,220408,0,0,0,0,37
2020-07-11,US,California,Yuba,180,3,0,39.26255932,-121.3535644,6115.0,228.80968119184425,1.6666666666666667,177,163,3,0,160,163,78041,17,0,0,17,0
2020-07-11,US,Colorado,Adams,4719,158,0,39.87432092,-104.3362578,8001.0,912.0232847139947,3.348166984530621,4561,4669,157,0,4512,4588,511868,50,1,0,49,81
2020-07-11,US,Colorado,Alamosa,204,6,0,37.57250606,-105.7885451,8003.0,1256.6993162077251,2.9411764705882355,198,204,6,0,198,204,16683,0,0,0,0,0
2020-07-11,US,Colorado,Arapahoe,5627,349,0,39.64977461,-104.3353617,8005.0,857.0036095584762,6.2022392038386345,5278,5583,349,0,5234,5510,651215,44,0,0,44,73
2020-07-11,US,Colorado,Archuleta,12,0,0,37.19474156,-107.04768670000001,8007.0,85.53710171787012,0.0,12,12,0,0,12,12,13765,0,0,0,0,0
2020-07-11,US,Colorado,Baca,14,0,0,37.31940883,-102.5603223,8009.0,390.9522479754258,0.0,14,14,0,0,14,14,3585,0,0,0,0,0
2020-07-11,US,Colorado,Bent,4,0,0,37.95474293,-103.0720195,8011.0,71.72314864622557,0.0,4,4,0,0,4,4,5882,0,0,0,0,0
2020-07-11,US,Colorado,Boulder,1513,73,0,40.09313619,-105.3546767,8013.0,463.831561392537,4.824851288830138,1440,1498,73,0,1425,1486,326078,15,0,0,15,12
2020-07-11,US,Colorado,Broomfield,341,30,0,39.95998787,-105.0566324,8014.0,483.92819130064566,8.797653958944279,311,336,30,0,306,333,69267,5,0,0,5,3
2020-07-11,US,Colorado,Chaffee,93,19,0,38.74745778,-106.19265729999998,8015.0,456.86775397917074,20.43010752688172,74,82,19,0,63,81,20027,11,0,0,11,1
2020-07-11,US,Colorado,Cheyenne,5,0,0,38.82777431,-102.6032558,8017.0,273.07482250136536,0.0,5,5,0,0,5,5,1876,0,0,0,0,0
2020-07-11,US,Colorado,Clear Creek,21,1,0,39.68864463,-105.6463118,8019.0,216.49484536082474,4.761904761904762,20,21,1,0,20,21,9605,0,0,0,0,0
2020-07-11,US,Colorado,Conejos,18,0,0,37.201606,-106.19174879999998,8021.0,219.37842778793416,0.0,18,17,0,0,17,15,8200,1,0,0,1,2
2020-07-11,US,Colorado,Costilla,22,0,0,37.27732493,-105.4276548,8023.0,565.9891947517366,0.0,22,22,0,0,22,22,3828,0,0,0,0,0
2020-07-11,US,Colorado,Crowley,71,1,0,38.32608609,-103.7844965,8025.0,1171.4238574492658,1.4084507042253518,70,71,1,0,70,71,5858,0,0,0,0,0
2020-07-11,US,Colorado,Custer,3,0,0,38.10883162,-105.3683478,8027.0,59.19494869771113,0.0,3,3,0,0,3,3,4954,0,0,0,0,0
2020-07-11,US,Colorado,Delta,83,1,0,38.86246243,-107.86313419999999,8029.0,266.3500417174764,1.2048192771084338,82,84,1,0,83,83,30953,-1,0,0,-1,1
2020-07-11,US,Colorado,Denver,7832,394,0,39.76018276,-104.87256950000001,8031.0,1076.9914096458938,5.030643513789581,7438,7759,394,0,7365,7651,716492,73,0,0,73,108
2020-07-11,US,Colorado,Douglas,1134,52,0,39.33133796,-104.930001,8035.0,322.9352363920103,4.5855379188712515,1082,1120,52,0,1068,1078,342776,14,0,0,14,42
2020-07-11,US,Colorado,Eagle,761,8,0,39.62754308,-106.6933637,8037.0,1380.4487819036044,1.0512483574244416,753,758,8,0,750,738,54993,3,0,0,3,20
2020-07-11,US,Colorado,El Paso,3000,115,0,38.83240149,-104.5251411,8041.0,416.43357953811966,3.8333333333333335,2885,2935,115,0,2820,2804,713856,65,0,0,65,131
2020-07-11,US,Colorado,Elbert,62,2,0,39.28656773,-104.13587209999999,8039.0,231.9577986456657,3.2258064516129035,60,61,2,0,59,60,26282,1,0,0,1,1
2020-07-11,US,Colorado,Fremont,43,0,0,38.47362326,-105.43996670000001,8043.0,89.884822007149,0.0,43,42,0,0,42,41,48021,1,0,0,1,1
2020-07-11,US,Colorado,Garfield,403,3,0,39.59921777,-107.902708,8045.0,670.9844990925893,0.7444168734491315,400,379,3,0,376,349,59770,24,0,0,24,30
2020-07-11,US,Colorado,Gilpin,8,0,0,39.85646523,-105.5252597,8047.0,128.14352074323241,0.0,8,8,0,0,8,8,6121,0,0,0,0,0
2020-07-11,US,Colorado,Grand,27,1,0,40.10603347,-106.11780420000001,8049.0,171.6028981822804,3.703703703703704,26,26,1,0,25,23,15525,1,0,0,1,3
2020-07-11,US,Colorado,Gunnison,192,6,0,38.66611652,-107.0320729,8051.0,1099.5304088878709,3.125,186,192,6,0,186,190,17246,0,0,0,0,2
2020-07-11,US,Colorado,Hinsdale,3,0,0,37.82247444,-107.3004345,8053.0,365.8536585365854,0.0,3,3,0,0,3,3,811,0,0,0,0,0
2020-07-11,US,Colorado,Huerfano,4,1,0,37.68473101,-104.9612585,8055.0,57.99623024503408,25.0,3,4,1,0,3,4,6889,0,0,0,0,0
2020-07-11,US,Colorado,Jackson,7,0,0,40.66593870000001,-106.3408905,8057.0,502.8735632183908,0.0,7,7,0,0,7,2,1399,0,0,0,0,5
2020-07-11,US,Colorado,Jefferson,3007,215,0,39.58635604,-105.2517692,8059.0,515.8857468334016,7.149983372131692,2792,2970,215,0,2755,2922,580233,37,0,0,37,48
2020-07-11,US,Colorado,Kit Carson,36,3,0,39.30497777,-102.60221990000001,8063.0,507.25658729040435,8.333333333333334,33,36,3,0,33,35,7163,0,0,0,0,1
2020-07-11,US,Colorado,La Plata,134,1,0,37.28632032,-107.8429014,8067.0,238.34510236388542,0.746268656716418,133,133,1,0,132,130,56310,1,0,0,1,3
2020-07-11,US,Colorado,Lake,54,0,0,39.20278823,-106.35556969999999,8065.0,664.4518272425249,0.0,54,53,0,0,53,52,7824,1,0,0,1,1
2020-07-11,US,Colorado,Larimer,899,30,0,40.66671597,-105.4625784,8069.0,251.8919918520365,3.3370411568409337,869,884,30,0,854,869,350518,15,0,0,15,15
2020-07-11,US,Colorado,Las Animas,9,0,0,37.3153406,-104.03764579999999,8071.0,62.04329243071832,0.0,9,9,0,0,9,10,14503,0,0,0,0,-1
2020-07-11,US,Colorado,Lincoln,4,0,0,38.98749519,-103.51366490000001,8073.0,70.1631292755657,0.0,4,4,0,0,4,4,5610,0,0,0,0,0
2020-07-11,US,Colorado,Logan,641,5,0,40.7249637,-103.110817,8075.0,2860.457851755991,0.7800312012480499,636,641,5,0,636,640,21528,0,0,0,0,1
2020-07-11,US,Colorado,Mesa,140,0,0,39.01787888,-108.469799,8077.0,90.78529278256924,0.0,140,137,0,0,137,129,153207,3,0,0,3,8
2020-07-11,US,Colorado,Mineral,16,0,0,37.66954283,-106.92816979999999,8079.0,2080.6241872561773,0.0,16,15,0,0,15,15,776,1,0,0,1,0
2020-07-11,US,Colorado,Moffat,15,1,0,40.61810999,-108.2070876,8081.0,112.92629677030793,6.666666666666668,14,15,1,0,14,14,13188,0,0,0,0,1
2020-07-11,US,Colorado,Montezuma,77,3,0,37.33859579,-108.59588570000001,8083.0,294.08394759958753,3.8961038961038965,74,77,3,0,74,76,26158,0,0,0,0,1
2020-07-11,US,Colorado,Montrose,218,12,0,38.40214114,-108.26390220000002,8085.0,509.8461106693484,5.504587155963303,206,216,12,0,204,214,42214,2,0,0,2,2
2020-07-11,US,Colorado,Morgan,656,46,0,40.26279810000001,-103.8093302,8087.0,2256.7772120544932,7.012195121951219,610,656,46,0,610,655,28558,0,0,0,0,1
2020-07-11,US,Colorado,Otero,23,1,0,37.9014485,-103.7173385,8089.0,125.83433636065216,4.3478260869565215,22,22,1,0,21,22,18432,1,0,0,1,0
2020-07-11,US,Colorado,Ouray,12,1,0,38.14717457,-107.7675136,8091.0,242.3263327948304,8.333333333333334,11,12,1,0,11,12,4833,0,0,0,0,0
2020-07-11,US,Colorado,Park,33,0,0,39.120926000000004,-105.7182065,8093.0,175.11276200583708,0.0,33,33,0,0,33,32,18556,0,0,0,0,1
2020-07-11,US,Colorado,Phillips,16,0,0,40.59414277,-102.3577703,8095.0,375.14654161781954,0.0,16,16,0,0,16,16,4286,0,0,0,0,0
2020-07-11,US,Colorado,Pitkin,130,2,0,39.21720112,-106.9310027,8097.0,731.6935892384759,1.5384615384615383,128,124,2,0,122,117,17950,6,0,0,6,7
2020-07-11,US,Colorado,Prowers,36,0,0,37.95544985,-102.3926052,8099.0,295.76076240552084,0.0,36,36,0,0,36,33,12164,0,0,0,0,3
2020-07-11,US,Colorado,Pueblo,430,31,0,38.17359144,-104.5127437,8101.0,255.3080321094381,7.209302325581397,399,422,31,0,391,417,167529,8,0,0,8,5
2020-07-11,US,Colorado,Rio Blanco,6,0,0,39.97913541,-108.2179009,8103.0,94.87666034155598,0.0,6,6,0,0,6,4,6336,0,0,0,0,2
2020-07-11,US,Colorado,Rio Grande,80,2,0,37.5836865,-106.3847838,8105.0,710.0381645513446,2.5,78,80,2,0,78,80,11250,0,0,0,0,0
2020-07-11,US,Colorado,Routt,81,6,0,40.48596505,-106.9905548,8107.0,315.9372805991107,7.407407407407407,75,81,6,0,75,79,25733,0,0,0,0,2
2020-07-11,US,Colorado,Saguache,103,2,0,38.08054629,-106.28246599999999,8109.0,1509.3786635404456,1.9417475728155342,101,103,2,0,101,103,6843,0,0,0,0,0
2020-07-11,US,Colorado,San Juan,2,0,0,37.76248981,-107.67632890000002,8111.0,274.72527472527474,0.0,2,2,0,0,2,2,762,0,0,0,0,0
2020-07-11,US,Colorado,San Miguel,48,0,0,38.00450883,-108.4020725,8113.0,586.8688103680156,0.0,48,45,0,0,45,43,8191,3,0,0,3,2
2020-07-11,US,Colorado,Summit,293,4,0,39.63803232,-106.1150762,8117.0,944.8260294734126,1.3651877133105803,289,294,4,0,290,289,31007,-1,0,0,-1,5
2020-07-11,US,Colorado,Teller,60,2,0,38.88133511,-105.16148929999999,8119.0,236.3321254135812,3.333333333333333,58,59,2,0,57,53,25083,1,0,0,1,6
2020-07-11,US,Colorado,Washington,46,0,0,39.97015535,-103.202587,8121.0,937.2453137734312,0.0,46,46,0,0,46,46,4909,0,0,0,0,0
2020-07-11,US,Colorado,Weld,2988,138,0,40.55499405,-104.39296209999999,8123.0,920.8239340261084,4.618473895582329,2850,2973,138,0,2835,2937,314305,15,0,0,15,36
2020-07-11,US,Colorado,Yuma,54,0,0,40.00346839,-102.4258673,8125.0,538.975945703164,0.0,54,54,0,0,54,54,10020,0,0,0,0,0
2020-07-11,US,Connecticut,Fairfield,16906,1380,0,41.26809896,-73.3881171,9001.0,1792.1580101173288,8.162782444102683,15526,16906,1380,0,15526,16886,943823,0,0,0,0,20
2020-07-11,US,Connecticut,Hartford,11892,1385,0,41.80283011,-72.73103891,9003.0,1333.6024761135782,11.646485031954255,10507,11892,1385,0,10507,11866,892697,0,0,0,0,26
2020-07-11,US,Connecticut,Litchfield,1510,137,0,41.7937534,-73.2451475,9005.0,837.3398102399451,9.072847682119203,1373,1510,137,0,1373,1510,181111,0,0,0,0,0
2020-07-11,US,Connecticut,Middlesex,1335,187,0,41.45949668,-72.53714864,9007.0,821.8621487847522,14.007490636704118,1148,1335,187,0,1148,1334,162682,0,0,0,0,1
2020-07-11,US,Connecticut,New Haven,12532,1079,0,41.4080325,-72.93620426,9009.0,1466.1476887583256,8.609958506224066,11453,12532,1079,0,11453,12509,857620,0,0,0,0,23
2020-07-11,US,Connecticut,New London,1322,102,0,41.48896435,-72.10430976,9011.0,498.48042653635287,7.715582450832072,1220,1322,102,0,1220,1319,266784,0,0,0,0,3
2020-07-11,US,Connecticut,Tolland,928,64,0,41.85853803,-72.3308481,9013.0,615.707167547986,6.896551724137932,864,928,64,0,864,928,150921,0,0,0,0,0
2020-07-11,US,Connecticut,Unassigned,230,0,0,0.0,0.0,90009.0,0.0,0.0,230,230,0,0,230,227,,0,0,0,0,3
2020-07-11,US,Connecticut,Windham,632,14,0,41.82972709,-71.98182316,9015.0,541.1792913291432,2.2151898734177213,618,632,14,0,618,630,117027,0,0,0,0,2
2020-07-11,US,Delaware,Kent,1829,83,0,39.08646628,-75.56884914,10001.0,1011.6933833372052,4.537998906506288,1746,1815,83,0,1732,1795,178550,14,0,0,14,20
2020-07-11,US,Delaware,New Castle,5732,249,0,39.57992638,-75.64054974,10003.0,1025.8557895886017,4.344033496161898,5483,5688,249,0,5439,5626,559335,44,0,0,44,62
2020-07-11,US,Delaware,Sussex,5076,176,0,38.66143781,-75.39031349,10005.0,2167.146974063401,3.4672970843183615,4900,5045,176,0,4869,5008,229286,31,0,0,31,37
2020-07-11,US,Delaware,Unassigned,106,9,0,0.0,0.0,90010.0,0.0,8.49056603773585,97,104,9,0,95,102,,2,0,0,2,2
2020-07-11,US,District of Columbia,District of Columbia,10801,568,0,38.90417773,-77.01655992,11001.0,1530.4307905501817,5.258772335894824,10233,10743,568,0,10175,10679,702455,58,0,0,58,64
2020-07-11,US,Florida,Alachua,2043,12,0,29.67866525,-82.35928158,12001.0,759.3581695119368,0.5873715124816447,2031,1978,12,0,1966,1871,269956,65,0,0,65,107
2020-07-11,US,Florida,Baker,151,4,0,30.33060121,-82.28467476,12003.0,516.9462512838069,2.6490066225165565,147,135,4,0,131,127,28355,16,0,0,16,8
2020-07-11,US,Florida,Bay,1107,8,0,30.26548745,-85.62122584,12005.0,633.6395638361811,0.7226738934056007,1099,1027,5,0,1022,940,185287,80,3,0,77,87
2020-07-11,US,Florida,Bradford,130,2,0,29.95079741,-82.16611613,12007.0,460.97656111485406,1.5384615384615383,128,119,2,0,117,113,27732,11,0,0,11,6
2020-07-11,US,Florida,Brevard,3237,28,0,28.29409504,-80.73091022,12009.0,537.7594519073267,0.8649984553599012,3209,3104,27,0,3077,2985,596849,133,1,0,132,119
2020-07-11,US,Florida,Broward,28253,455,0,26.15184651,-80.48725556,12011.0,1446.8106461666407,1.61044844795243,27798,26705,438,0,26267,25102,1951260,1548,17,0,1531,1603
2020-07-11,US,Florida,Calhoun,152,7,0,30.40666734,-85.19394153,12013.0,1077.6320453739806,4.605263157894737,145,133,7,0,126,122,14587,19,0,0,19,11
2020-07-11,US,Florida,Charlotte,1074,78,0,26.90131002,-81.92949121,12015.0,568.5246942988725,7.2625698324022325,996,1048,78,0,970,1004,184998,26,0,0,26,44
2020-07-11,US,Florida,Citrus,523,14,0,28.84804315,-82.47614748,12017.0,349.4657784133052,2.676864244741874,509,500,13,0,487,469,147929,23,1,0,22,31
2020-07-11,US,Florida,Clay,1403,36,0,29.98319144,-81.85609986,12019.0,639.9029427325635,2.5659301496792586,1367,1328,35,0,1293,1254,216072,75,1,0,74,74
2020-07-11,US,Florida,Collier,5968,94,0,26.11091986,-81.34687065,12021.0,1550.524549106006,1.5750670241286864,5874,5777,91,0,5686,5577,378488,191,3,0,188,200
2020-07-11,US,Florida,Columbia,462,4,0,30.22509788,-82.62160164,12023.0,644.4773037971153,0.8658008658008658,458,433,4,0,429,421,70503,29,0,0,29,12
2020-07-11,US,Florida,DeSoto,830,11,0,27.18677893,-81.80941373,12027.0,2184.153048603984,1.3253012048192772,819,809,11,0,798,799,37489,21,0,0,21,10
2020-07-11,US,Florida,Dixie,106,4,0,29.60631086,-83.15724673,12029.0,629.9774159039581,3.7735849056603774,102,103,4,0,99,95,16700,3,0,0,3,8
2020-07-11,US,Florida,Duval,12287,76,0,30.33225875,-81.66976468,12031.0,1282.8959389405431,0.6185399202409051,12211,11772,74,0,11698,11028,950181,515,2,0,513,744
2020-07-11,US,Florida,Escambia,3662,53,0,30.67652764,-87.37284571,12033.0,1150.4291333140652,1.4472965592572364,3609,3485,53,0,3432,3332,315534,177,0,0,177,153
2020-07-11,US,Florida,Flagler,473,5,0,29.45933576,-81.31508595,12035.0,411.01485040971136,1.0570824524312896,468,456,5,0,451,434,112067,17,0,0,17,22
2020-07-11,US,Florida,Franklin,31,0,0,29.83791238,-84.82731662,12037.0,255.6701030927835,0.0,31,25,0,0,25,24,11736,6,0,0,6,1
2020-07-11,US,Florida,Gadsden,574,8,0,30.57796289,-84.61915825,12039.0,1257.117827420061,1.3937282229965158,566,528,7,0,521,495,45894,46,1,0,45,33
2020-07-11,US,Florida,Gilchrist,134,0,0,29.72856978,-82.79880657,12041.0,721.1279733075019,0.0,134,133,0,0,133,129,18256,1,0,0,1,4
2020-07-11,US,Florida,Glades,200,1,0,26.95635849,-81.18996211,12043.0,1448.12106292086,0.5,199,196,1,0,195,189,13724,4,0,0,4,7
2020-07-11,US,Florida,Gulf,88,0,0,29.93543004,-85.24270990000002,12045.0,645.2085930053522,0.0,88,79,0,0,79,66,16164,9,0,0,9,13
2020-07-11,US,Florida,Hamilton,417,2,0,30.49673973,-82.94998918,12047.0,2890.213473800943,0.4796163069544365,415,412,2,0,410,409,14310,5,0,0,5,3
2020-07-11,US,Florida,Hardee,596,4,0,27.49293939,-81.80956574,12049.0,2212.5700709061884,0.6711409395973155,592,595,4,0,591,548,27245,1,0,0,1,47
2020-07-11,US,Florida,Hendry,1163,28,0,26.55386945,-81.16469006,12051.0,2767.597924896483,2.407566638005159,1135,1146,28,0,1118,1135,41556,17,0,0,17,11
2020-07-11,US,Florida,Hernando,818,7,0,28.55364461,-82.42700204,12053.0,421.8234323432344,0.8557457212713936,811,766,6,0,760,708,190865,52,1,0,51,58
2020-07-11,US,Florida,Highlands,517,13,0,27.34254618,-81.34071957,12055.0,486.7210815187204,2.514506769825919,504,488,13,0,475,473,105424,29,0,0,29,15
2020-07-11,US,Florida,Hillsborough,18360,187,0,27.9276559,-82.32013172,12057.0,1247.3097241244375,1.0185185185185186,18173,17662,186,0,17476,16666,1436888,698,1,0,697,996
2020-07-11,US,Florida,Holmes,225,0,0,30.86747479,-85.81319222,12059.0,1146.964367640312,0.0,225,223,0,0,223,212,19477,2,0,0,2,11
2020-07-11,US,Florida,Indian River,1158,20,0,27.69308961,-80.60556721,12061.0,724.0984723898376,1.7271157167530224,1138,1112,20,0,1092,1045,157413,46,0,0,46,67
2020-07-11,US,Florida,Jackson,581,2,0,30.7954597,-85.21500423,12063.0,1251.7774809324776,0.3442340791738382,579,556,2,0,554,517,48305,25,0,0,25,39
2020-07-11,US,Florida,Jefferson,80,4,0,30.43669112,-83.89442308,12065.0,561.5611399691142,5.0,76,77,4,0,73,72,14288,3,0,0,3,5
2020-07-11,US,Florida,Lafayette,53,0,0,29.98484137,-83.18166636,12067.0,629.3042032771314,0.0,53,52,0,0,52,49,8732,1,0,0,1,3
2020-07-11,US,Florida,Lake,2394,27,0,28.76202069,-81.7125123,12069.0,652.1064072042233,1.1278195488721805,2367,2298,26,0,2272,2181,356495,96,1,0,95,117
2020-07-11,US,Florida,Lee,8848,186,0,26.58410348,-81.88399313,12071.0,1148.2304818337427,2.1021699819168167,8662,8574,179,0,8395,8340,754610,274,7,0,267,234
2020-07-11,US,Florida,Leon,2246,8,0,30.45955727,-84.27491114,12073.0,765.033278606999,0.3561887800534283,2238,2161,8,0,2153,2047,292502,85,0,0,85,114
2020-07-11,US,Florida,Levy,255,2,0,29.31829741,-82.74007147,12075.0,614.4134158976459,0.7843137254901961,253,241,2,0,239,235,40770,14,0,0,14,6
2020-07-11,US,Florida,Liberty,273,1,0,30.23766008,-84.8829258,12077.0,3267.895618865214,0.3663003663003663,272,262,1,0,261,257,8457,11,0,0,11,5
2020-07-11,US,Florida,Madison,320,4,0,30.44396917,-83.47398594,12079.0,1730.3844697993836,1.25,316,302,4,0,298,283,18529,18,0,0,18,19
2020-07-11,US,Florida,Manatee,4632,138,0,27.47196942,-82.31831044,12081.0,1148.6585344684356,2.979274611398964,4494,4432,138,0,4294,4266,394855,200,0,0,200,166
2020-07-11,US,Florida,Marion,1403,15,0,29.21227113,-82.05803627,12083.0,383.77477918589415,1.0691375623663577,1388,1307,15,0,1292,1162,359977,96,0,0,96,145
2020-07-11,US,Florida,Martin,2680,40,0,27.0772071,-80.43109784,12085.0,1664.5962732919254,1.492537313432836,2640,2634,38,0,2596,2545,160912,46,2,0,44,89
2020-07-11,US,Florida,Miami-Dade,60868,1132,0,25.6112362,-80.55170587,12086.0,2240.3144714274144,1.859762108168496,59736,58341,1118,0,57223,55961,2761581,2527,14,0,2513,2380
2020-07-11,US,Florida,Monroe,544,6,0,25.20904673,-81.07812416,12087.0,732.8770814247991,1.1029411764705883,538,470,6,0,464,445,75027,74,0,0,74,25
2020-07-11,US,Florida,Nassau,482,2,0,30.61037141,-81.80297522,12089.0,543.8645980253879,0.4149377593360996,480,438,2,0,436,405,85832,44,0,0,44,33
2020-07-11,US,Florida,Okaloosa,1130,10,0,30.69143028,-86.59267105,12091.0,536.2108400003797,0.8849557522123894,1120,1083,10,0,1073,1015,207269,47,0,0,47,68
2020-07-11,US,Florida,Okeechobee,518,2,0,27.386336199999995,-80.88944347,12093.0,1228.4196547144757,0.3861003861003861,516,501,0,0,501,459,41537,17,2,0,15,42
2020-07-11,US,Florida,Orange,16630,80,0,28.51367621,-81.31799498,12095.0,1193.439027680896,0.4810583283223091,16550,16148,78,0,16070,15595,1380645,482,2,0,480,553
2020-07-11,US,Florida,Osceola,3861,31,0,28.06312234,-81.14882926,12097.0,1027.5421755364591,0.8029008029008029,3830,3658,31,0,3627,3466,367990,203,0,0,203,192
2020-07-11,US,Florida,Palm Beach,19847,594,0,26.64676272,-80.46536002,12099.0,1325.9886288474515,2.9928956517357785,19253,19233,586,0,18647,18656,1485941,614,8,0,606,577
2020-07-11,US,Florida,Pasco,3748,28,0,28.30810945,-82.40227529,12101.0,676.5990248164536,0.7470651013874067,3720,3559,27,0,3532,3330,539630,189,1,0,188,229
2020-07-11,US,Florida,Pinellas,10596,229,0,27.93130349,-82.72239666,12103.0,1086.7736893279562,2.1611929029822576,10367,10293,223,0,10070,9826,975280,303,6,0,297,467
2020-07-11,US,Florida,Polk,6983,138,0,27.95027105,-81.69732947,12105.0,963.4687634955304,1.9762279822425888,6845,6611,129,0,6482,6206,708009,372,9,0,363,405
2020-07-11,US,Florida,Putnam,695,7,0,29.60779729,-81.74230285,12107.0,932.6230190147743,1.0071942446043165,688,653,7,0,646,619,74163,42,0,0,42,34
2020-07-11,US,Florida,Santa Rosa,1142,11,0,30.69341450000001,-87.02458128,12113.0,619.598183524765,0.9632224168126094,1131,1085,10,0,1075,1033,179349,57,1,0,56,52
2020-07-11,US,Florida,Sarasota,2641,100,0,27.18546175,-82.33174248,12115.0,608.8873108898837,3.786444528587656,2541,2548,100,0,2448,2431,426718,93,0,0,93,117
2020-07-11,US,Florida,Seminole,4083,23,0,28.7158582,-81.24060348,12117.0,865.3613832217809,0.5633112907176095,4060,3967,21,0,3946,3806,467832,116,2,0,114,161
2020-07-11,US,Florida,St. Johns,1788,12,0,29.90096506,-81.43589967,12109.0,675.5531374682624,0.6711409395973155,1776,1730,10,0,1720,1632,254261,58,2,0,56,98
2020-07-11,US,Florida,St. Lucie,2739,61,0,27.37763908,-80.47106649,12111.0,834.3055221339214,2.2270901788974085,2678,2661,60,0,2601,2483,321128,78,1,0,77,178
2020-07-11,US,Florida,Sumter,622,18,0,28.70181754,-82.0794267,12119.0,469.7175653224588,2.893890675241157,604,589,18,0,571,549,128754,33,0,0,33,40
2020-07-11,US,Florida,Suwannee,724,22,0,30.19746066,-82.99099670000003,12121.0,1630.006529031677,3.0386740331491717,702,710,21,0,689,686,44191,14,1,0,13,24
2020-07-11,US,Florida,Taylor,130,1,0,30.04848048,-83.60445406,12123.0,602.7168621632899,0.7692307692307693,129,123,1,0,122,116,21623,7,0,0,7,7
2020-07-11,US,Florida,Unassigned,279,0,0,0.0,0.0,90012.0,0.0,0.0,279,271,0,0,271,262,,8,0,0,8,9
2020-07-11,US,Florida,Union,109,2,0,30.04412971,-82.37497443,12125.0,715.3639167815187,1.834862385321101,107,105,2,0,103,101,14940,4,0,0,4,4
2020-07-11,US,Florida,Volusia,3634,77,0,29.05858895,-81.18263252,12127.0,656.8055465186053,2.118877270225646,3557,3454,72,0,3382,3234,547538,180,5,0,175,220
2020-07-11,US,Florida,Wakulla,122,1,0,30.16548905,-84.39895211,12129.0,361.5993360799075,0.819672131147541,121,116,1,0,115,102,32461,6,0,0,6,14
2020-07-11,US,Florida,Walton,538,9,0,30.64204028,-86.16935664,12131.0,726.3301427009221,1.6728624535315986,529,484,9,0,475,434,71375,54,0,0,54,50
2020-07-11,US,Florida,Washington,151,13,0,30.61359259,-85.66002461,12133.0,592.7845169395048,8.609271523178807,138,147,13,0,134,140,24880,4,0,0,4,7
2020-07-11,US,Georgia,Appling,340,14,0,31.74847232,-82.28909114,13001.0,1849.2331121505488,4.117647058823529,326,317,14,0,303,313,18507,23,0,0,23,4
2020-07-11,US,Georgia,Atkinson,194,2,0,31.29633502,-82.87545866,13003.0,2375.995101041029,1.0309278350515465,192,190,2,0,188,182,8297,4,0,0,4,8
2020-07-11,US,Georgia,Bacon,301,5,0,31.55456473,-82.45936528,13005.0,2696.1662486563955,1.6611295681063123,296,293,5,0,288,289,11185,8,0,0,8,4
2020-07-11,US,Georgia,Baker,44,3,0,31.32669878,-84.44218806,13007.0,1448.3212639894668,6.8181818181818175,41,43,3,0,40,43,3092,1,0,0,1,0
2020-07-11,US,Georgia,Baldwin,647,35,0,33.06882326,-83.24701748,13009.0,1441.3009578970816,5.4095826893353935,612,641,35,0,606,617,44823,6,0,0,6,24
2020-07-11,US,Georgia,Banks,153,1,0,34.35607081,-83.49644388,13011.0,795.4663616512427,0.6535947712418301,152,151,1,0,150,147,18988,2,0,0,2,4
2020-07-11,US,Georgia,Barrow,625,27,0,33.99148694,-83.71436292,13013.0,750.8409418548773,4.32,598,606,26,0,580,589,80809,19,1,0,18,17
2020-07-11,US,Georgia,Bartow,926,42,0,34.23732119,-84.83887523,13015.0,859.4924724795337,4.535637149028077,884,879,42,0,837,859,106408,47,0,0,47,20
2020-07-11,US,Georgia,Ben Hill,229,1,0,31.76095874,-83.22145359,13017.0,1371.2574850299402,0.4366812227074236,228,228,1,0,227,209,16787,1,0,0,1,19
2020-07-11,US,Georgia,Berrien,170,0,0,31.27590016,-83.22529920000002,13019.0,876.4241893076248,0.0,170,167,0,0,167,162,19252,3,0,0,3,5
2020-07-11,US,Georgia,Bibb,1663,42,0,32.80904227,-83.70489165,13021.0,1085.7997244693422,2.5255562236921225,1621,1622,41,0,1581,1564,153095,41,1,0,40,58
2020-07-11,US,Georgia,Bleckley,87,1,0,32.43829035,-83.33035166,13023.0,675.8331391284083,1.1494252873563218,86,84,1,0,83,81,12838,3,0,0,3,3
2020-07-11,US,Georgia,Brantley,137,3,0,31.19576557,-81.97743999,13025.0,716.9396619394001,2.18978102189781,134,129,3,0,126,122,18897,8,0,0,8,7
2020-07-11,US,Georgia,Brooks,223,11,0,30.83922642,-83.58303423,13027.0,1442.712039852494,4.932735426008969,212,218,11,0,207,204,15513,5,0,0,5,14
2020-07-11,US,Georgia,Bryan,243,5,0,32.00979311,-81.44002948,13029.0,613.2182602770837,2.05761316872428,238,230,5,0,225,209,38109,13,0,0,13,21
2020-07-11,US,Georgia,Bulloch,609,6,0,32.39577406,-81.74811421,13031.0,764.9984926138077,0.9852216748768472,603,581,5,0,576,561,77296,28,1,0,27,20
2020-07-11,US,Georgia,Burke,168,7,0,33.05917989,-81.99928721,13033.0,750.5696287360944,4.166666666666667,161,167,7,0,160,161,22423,1,0,0,1,6
2020-07-11,US,Georgia,Butts,339,35,0,33.283094500000004,-83.95435040000002,13035.0,1359.4802694898942,10.324483775811212,304,334,35,0,299,329,24193,5,0,0,5,5
2020-07-11,US,Georgia,Calhoun,169,6,0,31.53169785,-84.62725131,13037.0,2730.6511552754887,3.5502958579881656,163,169,6,0,163,168,6352,0,0,0,0,1
2020-07-11,US,Georgia,Camden,265,2,0,30.92951916,-81.66601818,13039.0,484.76200929279634,0.7547169811320755,263,255,2,0,253,235,53677,10,0,0,10,20
2020-07-11,US,Georgia,Candler,88,0,0,32.40209349,-82.07702563,13043.0,814.5885402203091,0.0,88,82,0,0,82,74,10836,6,0,0,6,8
2020-07-11,US,Georgia,Carroll,1024,40,0,33.58138199,-85.07976677,13045.0,853.3902260150677,3.90625,984,1008,40,0,968,946,118121,16,0,0,16,62
2020-07-11,US,Georgia,Catoosa,357,8,0,34.89872298,-85.13757014,13047.0,528.2627996448654,2.2408963585434174,349,352,8,0,344,339,67420,5,0,0,5,13
2020-07-11,US,Georgia,Charlton,99,2,0,30.78371028,-82.13951596,13049.0,739.247311827957,2.0202020202020203,97,97,2,0,95,81,12968,2,0,0,2,16
2020-07-11,US,Georgia,Chatham,2452,38,0,32.00043026,-81.12489526,13051.0,847.1823929793042,1.5497553017944534,2414,2334,38,0,2296,2117,289195,118,0,0,118,217
2020-07-11,US,Georgia,Chattahoochee,463,0,0,32.34341231,-84.78809239,13053.0,4244.980287888512,0.0,463,462,0,0,462,433,10684,1,0,0,1,29
2020-07-11,US,Georgia,Chattooga,80,2,0,34.47197698,-85.34535662,13055.0,322.7237887772802,2.5,78,81,2,0,79,77,24790,-1,0,0,-1,4
2020-07-11,US,Georgia,Cherokee,1734,48,0,34.24393976,-84.47431861,13057.0,670.0853643927303,2.7681660899653977,1686,1674,47,0,1627,1621,254149,60,1,0,59,53
2020-07-11,US,Georgia,Clarke,925,15,0,33.95436462,-83.37124007,13059.0,720.7923260942407,1.6216216216216215,910,897,15,0,882,841,127330,28,0,0,28,56
2020-07-11,US,Georgia,Clay,61,2,0,31.62221166,-84.97713865,13061.0,2152.4347212420607,3.278688524590164,59,59,2,0,57,56,2887,2,0,0,2,3
2020-07-11,US,Georgia,Clayton,2759,82,0,33.54187245,-84.35594188,13063.0,944.0353662542427,2.9720913374411024,2677,2708,81,0,2627,2580,289615,51,1,0,50,128
2020-07-11,US,Georgia,Clinch,115,3,0,30.91395822,-82.70432472,13065.0,1737.685101239045,2.608695652173913,112,115,3,0,112,115,6648,0,0,0,0,0
2020-07-11,US,Georgia,Cobb,6940,253,0,33.94243204,-84.5761255,13067.0,912.9885113419748,3.645533141210375,6687,6708,250,0,6458,6369,756865,232,3,0,229,339
2020-07-11,US,Georgia,Coffee,920,17,0,31.54892966,-82.85492059999999,13069.0,2126.03702077508,1.8478260869565215,903,908,17,0,891,734,43093,12,0,0,12,174
2020-07-11,US,Georgia,Colquitt,1265,20,0,31.18810588,-83.7677946,13071.0,2774.122807017544,1.5810276679841897,1245,1227,20,0,1207,1189,45592,38,0,0,38,38
2020-07-11,US,Georgia,Columbia,829,12,0,33.54534185,-82.263524,13073.0,528.9891139272818,1.4475271411338964,817,783,12,0,771,709,154291,46,0,0,46,74
2020-07-11,US,Georgia,Cook,238,4,0,31.16068491,-83.42947229,13075.0,1378.1123335263462,1.680672268907563,234,235,4,0,231,205,17162,3,0,0,3,30
2020-07-11,US,Georgia,Coweta,881,16,0,33.35334302,-84.76129976,13077.0,593.23003993024,1.8161180476730987,865,856,16,0,840,821,145864,25,0,0,25,35
2020-07-11,US,Georgia,Crawford,57,0,0,32.71391813,-83.98061238,13079.0,459.5291841341504,0.0,57,57,0,0,57,56,12318,0,0,0,0,1
2020-07-11,US,Georgia,Crisp,309,13,0,31.92289565,-83.76811843,13081.0,1381.1907741820132,4.207119741100324,296,308,13,0,295,301,22601,1,0,0,1,7
2020-07-11,US,Georgia,Dade,79,1,0,34.854916700000004,-85.50490424,13083.0,490.19607843137254,1.2658227848101269,78,78,1,0,77,77,16226,1,0,0,1,1
2020-07-11,US,Georgia,Dawson,173,3,0,34.44244079,-84.16964071,13085.0,662.6321434043206,1.7341040462427746,170,170,3,0,167,167,25083,3,0,0,3,3
2020-07-11,US,Georgia,DeKalb,8144,181,0,33.76944049,-84.22396017,13089.0,1072.5710756133637,2.2224950884086443,7963,7973,177,0,7796,7472,756558,171,4,0,167,501
2020-07-11,US,Georgia,Decatur,310,8,0,30.87967778,-84.57619536,13087.0,1174.0645356764126,2.5806451612903225,302,301,8,0,293,282,26575,9,0,0,9,19
2020-07-11,US,Georgia,Dodge,138,2,0,32.17265114,-83.16948926,13091.0,669.740354282941,1.4492753623188406,136,136,2,0,134,131,20705,2,0,0,2,5
2020-07-11,US,Georgia,Dooly,220,13,0,32.15630737,-83.79746561,13093.0,1643.0171769977594,5.909090909090909,207,220,13,0,207,219,13706,0,0,0,0,1
2020-07-11,US,Georgia,Dougherty,2146,156,0,31.53328528,-84.21722377,13095.0,2439.8562917822546,7.269338303821063,1990,2138,155,0,1983,2042,91243,8,1,0,7,96
2020-07-11,US,Georgia,Douglas,1388,39,0,33.70291126,-84.77026156,13097.0,948.456707871234,2.8097982708933724,1349,1347,39,0,1308,1259,145331,41,0,0,41,88
2020-07-11,US,Georgia,Early,306,31,0,31.32155345,-84.90255207,13099.0,3002.944062806673,10.130718954248367,275,296,31,0,265,290,10247,10,0,0,10,6
2020-07-11,US,Georgia,Echols,192,0,0,30.71101099,-82.89687287,13101.0,4792.810783824264,0.0,192,192,0,0,192,191,4000,0,0,0,0,1
2020-07-11,US,Georgia,Effingham,273,1,0,32.36616021,-81.34280942,13103.0,424.5987308697275,0.3663003663003663,272,260,1,0,259,224,62190,13,0,0,13,36
2020-07-11,US,Georgia,Elbert,172,0,0,34.11302332,-82.83936148,13105.0,896.1133687610711,0.0,172,151,0,0,151,143,19120,21,0,0,21,8
2020-07-11,US,Georgia,Emanuel,209,3,0,32.59221302,-82.30239915,13107.0,922.9002914421973,1.4354066985645932,206,190,3,0,187,181,22612,19,0,0,19,9
2020-07-11,US,Georgia,Evans,48,0,0,32.15328841,-81.8870105,13109.0,450.5350103247607,0.0,48,42,0,0,42,38,10721,6,0,0,6,4
2020-07-11,US,Georgia,Fannin,123,1,0,34.86430205,-84.316964,13111.0,469.68076981823737,0.8130081300813008,122,121,1,0,120,115,25964,2,0,0,2,6
2020-07-11,US,Georgia,Fayette,509,19,0,33.41357794,-84.49089434,13113.0,444.8484106938412,3.7328094302554033,490,498,19,0,479,476,113459,11,0,0,11,22
2020-07-11,US,Georgia,Floyd,716,15,0,34.26268279,-85.21577392,13115.0,726.9183130621941,2.094972067039106,701,693,15,0,678,670,97927,23,0,0,23,23
2020-07-11,US,Georgia,Forsyth,1123,15,0,34.22604035,-84.12315129999998,13117.0,459.7710561223655,1.3357079252003559,1108,1096,15,0,1081,1057,236612,27,0,0,27,39
2020-07-11,US,Georgia,Franklin,250,1,0,34.37525597,-83.23159927,13119.0,1070.709666366868,0.4,249,248,1,0,247,239,23023,2,0,0,2,9
2020-07-11,US,Georgia,Fulton,10354,324,0,33.79216944,-84.46319413,13121.0,973.1779231289073,3.1292254201274865,10030,10021,321,0,9700,9586,1050114,333,3,0,330,435
2020-07-11,US,Georgia,Gilmer,239,2,0,34.69316688,-84.45802506,13123.0,761.8986897892827,0.8368200836820083,237,229,2,0,227,216,30816,10,0,0,10,13
2020-07-11,US,Georgia,Glascock,14,0,0,33.22879932,-82.61297636,13125.0,471.22181083810165,0.0,14,14,0,0,14,13,2995,0,0,0,0,1
2020-07-11,US,Georgia,Glynn,1529,9,0,31.23279254,-81.53811412,13127.0,1792.6651972048962,0.5886200130804448,1520,1487,9,0,1478,1332,85219,42,0,0,42,155
2020-07-11,US,Georgia,Gordon,519,18,0,34.50487351,-84.87296253,13129.0,895.398788882563,3.4682080924855487,501,491,18,0,473,480,57685,28,0,0,28,11
2020-07-11,US,Georgia,Grady,251,4,0,30.87454847,-84.23418364,13131.0,1018.9583079608657,1.593625498007968,247,248,4,0,244,242,24748,3,0,0,3,6
2020-07-11,US,Georgia,Greene,117,10,0,33.5769205,-83.17139104,13133.0,638.5068762278977,8.547008547008549,107,111,9,0,102,109,17698,6,1,0,5,2
2020-07-11,US,Georgia,Gwinnett,11074,182,0,33.96044201,-84.02137802,13135.0,1182.803738317757,1.6434892541087232,10892,10741,178,0,10563,10415,927781,333,4,0,329,326
2020-07-11,US,Georgia,Habersham,759,41,0,34.63331566,-83.53094677,13137.0,1674.4617013766324,5.4018445322793145,718,751,41,0,710,740,45388,8,0,0,8,11
2020-07-11,US,Georgia,Hall,3774,63,0,34.32207823,-83.81896936,13139.0,1846.009362114253,1.669316375198728,3711,3713,63,0,3650,3620,202148,61,0,0,61,93
2020-07-11,US,Georgia,Hancock,227,33,0,33.2721566,-82.99766919,13141.0,2684.166962279768,14.537444933920705,194,226,33,0,193,225,8348,1,0,0,1,1
2020-07-11,US,Georgia,Haralson,105,5,0,33.79602175,-85.21005667,13143.0,352.44360902255636,4.761904761904762,100,105,5,0,100,101,29533,0,0,0,0,4
2020-07-11,US,Georgia,Harris,421,12,0,32.73709786,-84.90538572,13145.0,1194.8007719377906,2.8503562945368173,409,415,12,0,403,410,34475,6,0,0,6,5
2020-07-11,US,Georgia,Hart,109,0,0,34.34626973,-82.96567682,13147.0,415.95115435985497,0.0,109,101,0,0,101,92,26099,8,0,0,8,9
2020-07-11,US,Georgia,Heard,80,3,0,33.29686567,-85.12886832,13149.0,670.9720707875534,3.75,77,79,3,0,76,79,11879,1,0,0,1,0
2020-07-11,US,Georgia,Henry,1749,34,0,33.4533428,-84.14814659999998,13151.0,745.6482535459859,1.943967981703831,1715,1692,34,0,1658,1611,230220,57,0,0,57,81
2020-07-11,US,Georgia,Houston,966,30,0,32.45802497,-83.66879087,13153.0,611.922996522301,3.1055900621118013,936,938,30,0,908,871,155469,28,0,0,28,67
2020-07-11,US,Georgia,Irwin,101,1,0,31.60213036,-83.27501387,13155.0,1072.642310960068,0.99009900990099,100,99,1,0,98,89,9398,2,0,0,2,10
2020-07-11,US,Georgia,Jackson,512,12,0,34.13794553,-83.56814788,13157.0,701.5909122052153,2.34375,500,499,11,0,488,483,70422,13,1,0,12,16
2020-07-11,US,Georgia,Jasper,88,1,0,33.31535543,-83.68844964,13159.0,618.8902173148604,1.1363636363636365,87,83,1,0,82,83,14040,5,0,0,5,0
2020-07-11,US,Georgia,Jeff Davis,154,3,0,31.80405727,-82.63724870000001,13161.0,1018.8554416142903,1.9480519480519483,151,144,3,0,141,142,15029,10,0,0,10,2
2020-07-11,US,Georgia,Jefferson,192,2,0,33.05867328,-82.41609057,13163.0,1249.8372607733368,1.0416666666666667,190,173,2,0,171,164,15430,19,0,0,19,9
2020-07-11,US,Georgia,Jenkins,138,13,0,32.79248718,-81.96040187,13165.0,1590.5947441217154,9.420289855072463,125,137,12,0,125,135,8683,1,1,0,0,2
2020-07-11,US,Georgia,Johnson,125,2,0,32.70211082,-82.66166794,13167.0,1296.2770921912268,1.6,123,121,2,0,119,113,9708,4,0,0,4,8
2020-07-11,US,Georgia,Jones,133,0,0,33.02512137,-83.56019163,13169.0,462.85018270401946,0.0,133,131,0,0,131,130,28616,2,0,0,2,1
2020-07-11,US,Georgia,Lamar,147,6,0,33.07841647,-84.14263877,13171.0,770.5614090265765,4.081632653061225,141,144,6,0,138,140,19000,3,0,0,3,4
2020-07-11,US,Georgia,Lanier,165,3,0,31.03828570000001,-83.06472457,13173.0,1583.0375131919793,1.818181818181818,162,163,3,0,160,160,10340,2,0,0,2,3
2020-07-11,US,Georgia,Laurens,362,1,0,32.46325233,-82.92221316,13175.0,761.3679384175325,0.27624309392265195,361,344,1,0,343,297,47325,18,0,0,18,47
2020-07-11,US,Georgia,Lee,418,22,0,31.779330600000005,-84.14324253,13177.0,1393.7049879967992,5.2631578947368425,396,418,22,0,396,414,29764,0,0,0,0,4
2020-07-11,US,Georgia,Liberty,238,1,0,31.82588896,-81.49251135,13179.0,387.4013184666722,0.4201680672268908,237,195,1,0,194,178,61497,43,0,0,43,17
2020-07-11,US,Georgia,Lincoln,62,2,0,33.79201475,-82.45024131,13181.0,782.7294533518495,3.2258064516129035,60,59,1,0,58,56,7915,3,1,0,2,3
2020-07-11,US,Georgia,Long,68,1,0,31.75218791,-81.74952375,13183.0,347.66603609591493,1.4705882352941178,67,62,1,0,61,59,18998,6,0,0,6,3
2020-07-11,US,Georgia,Lowndes,1830,18,0,30.83568832,-83.27056716,13185.0,1558.6937635214554,0.9836065573770492,1812,1810,17,0,1793,1743,116321,20,1,0,19,67
2020-07-11,US,Georgia,Lumpkin,165,4,0,34.57286511,-84.00425681,13187.0,490.9253198452842,2.4242424242424243,161,161,4,0,157,158,32955,4,0,0,4,3
2020-07-11,US,Georgia,Macon,138,9,0,32.35207048,-84.04234127,13193.0,1065.8839885687803,6.521739130434782,129,137,9,0,128,132,13143,1,0,0,1,5
2020-07-11,US,Georgia,Madison,162,4,0,34.12920917,-83.21218732,13195.0,542.1686746987951,2.469135802469136,158,158,4,0,154,143,29650,4,0,0,4,15
2020-07-11,US,Georgia,Marion,99,3,0,32.3483402,-84.52733571,13197.0,1184.352195238665,3.0303030303030303,96,97,3,0,94,88,8351,2,0,0,2,9
2020-07-11,US,Georgia,McDuffie,150,8,0,33.47851918,-82.48252774,13189.0,703.8288288288287,5.333333333333333,142,145,8,0,137,136,21531,5,0,0,5,9
2020-07-11,US,Georgia,McIntosh,79,1,0,31.49683595,-81.40163426,13191.0,549.4505494505495,1.2658227848101269,78,79,1,0,78,71,14340,0,0,0,0,8
2020-07-11,US,Georgia,Meriwether,248,3,0,33.04163534,-84.68859732,13199.0,1171.63509236075,1.2096774193548387,245,241,3,0,238,233,21068,7,0,0,7,8
2020-07-11,US,Georgia,Miller,60,0,0,31.16568912,-84.73151117,13201.0,1049.3179433368311,0.0,60,58,0,0,58,55,5686,2,0,0,2,3
2020-07-11,US,Georgia,Mitchell,488,40,0,31.22483255,-84.19381821,13205.0,2232.081599048621,8.196721311475411,448,486,40,0,446,477,22192,2,0,0,2,9
2020-07-11,US,Georgia,Monroe,229,19,0,33.014289,-83.92097166,13207.0,830.3720356806149,8.296943231441048,210,229,19,0,210,226,27520,0,0,0,0,3
2020-07-11,US,Georgia,Montgomery,52,0,0,32.17201038,-82.53527476,13209.0,566.94286960314,0.0,52,51,0,0,51,48,9193,1,0,0,1,3
2020-07-11,US,Georgia,Morgan,78,0,0,33.59232073,-83.49129491,13211.0,404.64826727536837,0.0,78,74,0,0,74,71,18853,4,0,0,4,3
2020-07-11,US,Georgia,Murray,290,2,0,34.78897608,-84.74993177,13213.0,723.2641660015962,0.6896551724137931,288,282,2,0,280,274,39921,8,0,0,8,8
2020-07-11,US,Georgia,Muscogee,2698,56,0,32.50931999,-84.87142262,13215.0,1378.1548661943414,2.075611564121572,2642,2628,55,0,2573,2438,194160,70,1,0,69,190
2020-07-11,US,Georgia,Newton,876,15,0,33.55514538,-83.84547140000002,13217.0,783.9347079037799,1.7123287671232876,861,863,14,0,849,812,109541,13,1,0,12,51
2020-07-11,US,Georgia,Oconee,227,13,0,33.83749973,-83.43679568,13219.0,563.5551142005959,5.7268722466960345,214,224,12,0,212,213,39272,3,1,0,2,11
2020-07-11,US,Georgia,Oglethorpe,105,7,0,33.878629600000004,-83.08278123,13221.0,688.1184874500294,6.666666666666668,98,104,7,0,97,101,15054,1,0,0,1,3
2020-07-11,US,Georgia,Out of GA,7827,50,0,0.0,0.0,80013.0,0.0,0.6388143605468249,7777,7614,50,0,7564,8034,,213,0,0,213,-420
2020-07-11,US,Georgia,Paulding,838,16,0,33.91969522,-84.86848792,13223.0,496.8369627728009,1.9093078758949882,822,812,16,0,796,778,164044,26,0,0,26,34
2020-07-11,US,Georgia,Peach,145,10,0,32.56934316,-83.82937,13225.0,526.3922166557759,6.896551724137932,135,145,10,0,135,133,27297,0,0,0,0,12
2020-07-11,US,Georgia,Pickens,113,5,0,34.46589159,-84.46406611,13227.0,346.72148752723143,4.424778761061948,108,112,5,0,107,112,31980,1,0,0,1,0
2020-07-11,US,Georgia,Pierce,250,5,0,31.35928155,-82.21598442,13229.0,1284.3565373747751,2.0,245,238,5,0,233,230,19389,12,0,0,12,8
2020-07-11,US,Georgia,Pike,113,3,0,33.09310242,-84.38790389,13231.0,595.9286995042718,2.6548672566371683,110,112,3,0,109,110,18634,1,0,0,1,2
2020-07-11,US,Georgia,Polk,319,1,0,34.00267074,-85.18677781,13233.0,748.5978457278294,0.31347962382445144,318,297,1,0,296,283,42470,22,0,0,22,14
2020-07-11,US,Georgia,Pulaski,60,2,0,32.23334561,-83.47549959999998,13235.0,538.7447247912363,3.333333333333333,58,60,2,0,58,57,11069,0,0,0,0,3
2020-07-11,US,Georgia,Putnam,212,12,0,33.32056115,-83.37552891,13237.0,958.4520095845199,5.660377358490566,200,204,12,0,192,197,21809,8,0,0,8,7
2020-07-11,US,Georgia,Quitman,22,1,0,31.86728114,-85.01773177,13239.0,956.9377990430625,4.545454545454546,21,20,1,0,19,20,2279,2,0,0,2,0
2020-07-11,US,Georgia,Rabun,71,3,0,34.88389445,-83.40304637,13241.0,414.30822197584166,4.225352112676056,68,67,3,0,64,61,16867,4,0,0,4,6
2020-07-11,US,Georgia,Randolph,212,25,0,31.76622818,-84.75732369,13243.0,3127.7663027441718,11.79245283018868,187,211,25,0,186,205,6833,1,0,0,1,6
2020-07-11,US,Georgia,Richmond,1563,60,0,33.35777107,-82.07026432,13245.0,771.7832488963942,3.838771593090211,1503,1517,60,0,1457,1448,201554,46,0,0,46,69
2020-07-11,US,Georgia,Rockdale,679,10,0,33.65145002,-84.02202167,13247.0,747.0075690899489,1.4727540500736378,669,654,11,0,643,625,90594,25,-1,0,26,29
2020-07-11,US,Georgia,Schley,29,1,0,32.2654021,-84.31258912,13249.0,551.6454251474224,3.4482758620689653,28,29,1,0,28,27,5236,0,0,0,0,2
2020-07-11,US,Georgia,Screven,108,7,0,32.74976524,-81.60779441,13251.0,773.3066017471001,6.481481481481483,101,107,7,0,100,105,13938,1,0,0,1,2
2020-07-11,US,Georgia,Seminole,55,2,0,30.93464824,-84.86823924,13253.0,679.8516687268233,3.636363636363636,53,54,2,0,52,54,8315,1,0,0,1,0
2020-07-11,US,Georgia,Spalding,555,33,0,33.26310031,-84.28013991,13255.0,832.046534638622,5.945945945945946,522,538,33,0,505,527,66100,17,0,0,17,11
2020-07-11,US,Georgia,Stephens,303,6,0,34.55151201,-83.29405315,13257.0,1168.7560270009644,1.98019801980198,297,303,6,0,297,286,26035,0,0,0,0,17
2020-07-11,US,Georgia,Stewart,212,3,0,32.07996777,-84.83208037,13259.0,3201.933242712581,1.4150943396226414,209,211,3,0,208,207,6199,1,0,0,1,4
2020-07-11,US,Georgia,Sumter,607,50,0,32.03650571,-84.19821492,13261.0,2055.954477713047,8.237232289950576,557,603,50,0,553,598,29733,4,0,0,4,5
2020-07-11,US,Georgia,Talbot,93,3,0,32.69642758,-84.53351366,13263.0,1501.2106537530267,3.2258064516129035,90,93,3,0,90,88,6272,0,0,0,0,5
2020-07-11,US,Georgia,Taliaferro,2,0,0,33.56543317,-82.88136816,13265.0,130.1236174365647,0.0,2,2,0,0,2,2,1608,0,0,0,0,0
2020-07-11,US,Georgia,Tattnall,191,0,0,32.04785085,-82.05539188,13267.0,755.3586965119039,0.0,191,179,0,0,179,174,25391,12,0,0,12,5
2020-07-11,US,Georgia,Taylor,35,2,0,32.55792548,-84.25077141,13269.0,436.4089775561097,5.7142857142857135,33,39,2,0,37,39,8039,-4,0,0,-4,0
2020-07-11,US,Georgia,Telfair,175,3,0,31.92829517,-82.93491155,13271.0,1103.404791929382,1.7142857142857142,172,172,3,0,169,137,15876,3,0,0,3,35
2020-07-11,US,Georgia,Terrell,245,28,0,31.77527543,-84.44069698,13273.0,2871.879029422108,11.428571428571427,217,238,28,0,210,238,8611,7,0,0,7,0
2020-07-11,US,Georgia,Thomas,586,32,0,30.86392347,-83.91847289,13275.0,1318.305549931385,5.460750853242321,554,578,32,0,546,536,44448,8,0,0,8,42
2020-07-11,US,Georgia,Tift,969,28,0,31.45743864,-83.5236119,13277.0,2384.1157366400944,2.8895768833849327,941,950,28,0,922,924,40571,19,0,0,19,26
2020-07-11,US,Georgia,Toombs,321,5,0,32.12059861,-82.32957247,13279.0,1196.4219157659336,1.557632398753894,316,315,5,0,310,304,26887,6,0,0,6,11
2020-07-11,US,Georgia,Towns,65,1,0,34.91369188,-83.74107459999998,13281.0,540.001661543574,1.5384615384615383,64,64,1,0,63,58,11852,1,0,0,1,6
2020-07-11,US,Georgia,Treutlen,46,1,0,32.40422134,-82.56904553,13283.0,666.5700623098103,2.1739130434782608,45,45,1,0,44,41,6809,1,0,0,1,4
2020-07-11,US,Georgia,Troup,1744,38,0,33.03349196,-85.02812115,13285.0,2494.207831583765,2.1788990825688077,1706,1716,38,0,1678,1698,70034,28,0,0,28,18
2020-07-11,US,Georgia,Turner,189,18,0,31.71612656,-83.62069378,13287.0,2366.938008766437,9.523809523809524,171,188,17,0,171,185,7912,1,1,0,0,3
2020-07-11,US,Georgia,Twiggs,41,1,0,32.67435595,-83.43078662,13289.0,504.92610837438417,2.4390243902439024,40,41,1,0,40,41,8188,0,0,0,0,0
2020-07-11,US,Georgia,Unassigned,1485,2,0,0.0,0.0,90013.0,0.0,0.13468013468013468,1483,1363,1,0,1362,1211,,122,1,0,121,152
2020-07-11,US,Georgia,Union,99,4,0,34.82995757,-83.98967069,13291.0,403.9002896658643,4.040404040404041,95,98,3,0,95,92,24001,1,1,0,0,6
2020-07-11,US,Georgia,Upson,387,45,0,32.87920671,-84.30024826,13293.0,1470.3647416413373,11.627906976744184,342,384,45,0,339,383,26215,3,0,0,3,1
2020-07-11,US,Georgia,Walker,372,12,0,34.73376362,-85.30165174,13295.0,533.2492366795201,3.2258064516129035,360,367,12,0,355,364,69410,5,0,0,5,3
2020-07-11,US,Georgia,Walton,538,29,0,33.78017694,-83.73552314,13297.0,568.7524446840675,5.390334572490707,509,527,28,0,499,504,93503,11,1,0,10,23
2020-07-11,US,Georgia,Ware,622,16,0,31.05449097,-82.42224148,13299.0,1740.6391671797169,2.5723472668810294,606,596,16,0,580,576,35680,26,0,0,26,20
2020-07-11,US,Georgia,Warren,30,0,0,33.41146451,-82.67795848,13301.0,570.9935287400076,0.0,30,30,0,0,30,30,5251,0,0,0,0,0
2020-07-11,US,Georgia,Washington,183,1,0,32.96711864,-82.79357039,13303.0,898.2035928143712,0.5464480874316939,182,177,1,0,176,163,20386,6,0,0,6,14
2020-07-11,US,Georgia,Wayne,158,0,0,31.5521809,-81.91894878,13305.0,527.9513482808167,0.0,158,139,0,0,139,134,29808,19,0,0,19,5
2020-07-11,US,Georgia,Webster,31,2,0,32.04066113,-84.54742852,13307.0,1189.1062523973915,6.451612903225807,29,32,2,0,30,31,2611,-1,0,0,-1,1
2020-07-11,US,Georgia,Wheeler,57,0,0,32.12009104,-82.72574721,13309.0,725.6524506683638,0.0,57,56,0,0,56,56,7879,1,0,0,1,0
2020-07-11,US,Georgia,White,169,4,0,34.64624278,-83.74905525,13311.0,548.7369309695434,2.366863905325444,165,167,4,0,163,159,29970,2,0,0,2,8
2020-07-11,US,Georgia,Whitfield,1765,15,0,34.80987459,-84.96093476,13313.0,1686.9289291585426,0.8498583569405099,1750,1705,15,0,1690,1610,104062,60,0,0,60,95
2020-07-11,US,Georgia,Wilcox,134,15,0,31.97496928,-83.43438555,13315.0,1551.8239722061378,11.194029850746267,119,134,15,0,119,132,8812,0,0,0,0,2
2020-07-11,US,Georgia,Wilkes,98,1,0,33.78290391,-82.74286107,13317.0,1002.3524598547612,1.020408163265306,97,88,1,0,87,87,9876,10,0,0,10,1
2020-07-11,US,Georgia,Wilkinson,113,9,0,32.80291082,-83.17140684,13319.0,1262.005807460353,7.9646017699115035,104,109,9,0,100,102,9036,4,0,0,4,7
2020-07-11,US,Georgia,Worth,354,22,0,31.55162306,-83.85090513,13321.0,1748.407171432805,6.214689265536723,332,351,22,0,329,346,20299,3,0,0,3,5
2020-07-11,US,Hawaii,Hawaii,100,0,0,19.60121157,-155.5210167,15001.0,49.62458997682532,0.0,100,98,0,0,98,97,200983,2,0,0,2,1
2020-07-11,US,Hawaii,Honolulu,905,13,0,21.45803166,-157.97121819999995,15003.0,92.86213410523486,1.4364640883977902,892,867,13,0,854,842,980080,38,0,0,38,25
2020-07-11,US,Hawaii,Kauai,43,0,0,22.03935037,-159.5966786,15007.0,59.480170970910045,0.0,43,43,0,0,43,43,72133,0,0,0,0,0
2020-07-11,US,Hawaii,Maui,133,6,0,20.86399628,-156.56890969999995,15009.0,79.44235053787847,4.511278195488722,127,131,6,0,125,130,167207,2,0,0,2,1
2020-07-11,US,Hawaii,Out of HI,19,0,0,0.0,0.0,80015.0,0.0,0.0,19,19,0,0,19,18,,0,0,0,0,1
2020-07-11,US,Idaho,Ada,3975,25,0,43.4526575,-116.24155159999998,16001.0,825.3960343613928,0.6289308176100629,3950,3790,25,0,3765,3596,469966,185,0,0,185,194
2020-07-11,US,Idaho,Adams,12,0,0,44.89333571,-116.4545247,16003.0,279.4597112249651,0.0,12,12,0,0,12,12,4250,0,0,0,0,0
2020-07-11,US,Idaho,Bannock,140,1,0,42.67002716,-112.2233311,16005.0,159.4387755102041,0.7142857142857143,139,137,1,0,136,134,87138,3,0,0,3,3
2020-07-11,US,Idaho,Bear Lake,2,0,0,42.28269683,-111.32892379999998,16007.0,32.6530612244898,0.0,2,2,0,0,2,2,6050,0,0,0,0,0
2020-07-11,US,Idaho,Benewah,29,0,0,47.21754179,-116.6586851,16009.0,311.8950311895032,0.0,29,24,0,0,24,23,9226,5,0,0,5,1
2020-07-11,US,Idaho,Bingham,78,1,0,43.21672879999999,-112.3978437,16011.0,166.62750208284373,1.2820512820512822,77,76,1,0,75,69,46236,2,0,0,2,7
2020-07-11,US,Idaho,Blaine,549,5,0,43.4085812,-113.9752658,16013.0,2384.7791147213416,0.9107468123861566,544,548,5,0,543,546,22601,1,0,0,1,2
2020-07-11,US,Idaho,Boise,8,0,0,43.98829931,-115.7309284,16015.0,102.15808964372366,0.0,8,8,0,0,8,7,7634,0,0,0,0,1
2020-07-11,US,Idaho,Bonner,59,0,0,48.29996017,-116.6017932,16017.0,128.99276328734777,0.0,59,59,0,0,59,54,44727,0,0,0,0,5
2020-07-11,US,Idaho,Bonneville,190,1,0,43.38713372,-111.6161537,16019.0,159.58072264870404,0.5263157894736842,189,177,1,0,176,164,116854,13,0,0,13,13
2020-07-11,US,Idaho,Boundary,5,0,0,48.76684761,-116.4630179,16021.0,40.83299305839118,0.0,5,5,0,0,5,2,11948,0,0,0,0,3
2020-07-11,US,Idaho,Camas,1,0,0,43.46665742,-114.8065892,16025.0,90.41591320072331,0.0,1,1,0,0,1,1,1127,0,0,0,0,0
2020-07-11,US,Idaho,Canyon,2010,11,0,43.61970148,-116.7095499,16027.0,874.4871633115654,0.5472636815920398,1999,1777,10,0,1767,1665,223499,233,1,0,232,112
2020-07-11,US,Idaho,Caribou,16,0,0,42.77149116,-111.5597683,16029.0,223.61984626135572,0.0,16,15,0,0,15,15,7060,1,0,0,1,0
2020-07-11,US,Idaho,Cassia,323,1,0,42.28347888,-113.6012409,16031.0,1344.1531419059509,0.30959752321981426,322,311,1,0,310,307,23864,12,0,0,12,4
2020-07-11,US,Idaho,Clearwater,5,0,0,46.67459924,-115.6622393,16035.0,57.10370031978072,0.0,5,5,0,0,5,5,8758,0,0,0,0,0
2020-07-11,US,Idaho,Custer,5,0,0,44.24186819,-114.2855494,16037.0,115.87485515643104,0.0,5,5,0,0,5,4,4280,0,0,0,0,1
2020-07-11,US,Idaho,Elmore,91,2,0,43.3507101,-115.4701578,16039.0,330.77678019701216,2.1978021978021984,89,85,2,0,83,82,27259,6,0,0,6,3
2020-07-11,US,Idaho,Franklin,32,0,0,42.18332217,-111.8149666,16041.0,230.61400980109542,0.0,32,32,0,0,32,31,13726,0,0,0,0,1
2020-07-11,US,Idaho,Fremont,11,0,0,44.22800938,-111.4809943,16043.0,83.9758760210703,0.0,11,11,0,0,11,9,13168,0,0,0,0,2
2020-07-11,US,Idaho,Gem,57,0,0,44.06482372,-116.398376,16045.0,314.708480565371,0.0,57,48,0,0,48,44,17634,9,0,0,9,4
2020-07-11,US,Idaho,Gooding,84,1,0,42.96927962,-114.8108306,16047.0,553.3961394031228,1.1904761904761905,83,82,1,0,81,79,15196,2,0,0,2,3
2020-07-11,US,Idaho,Idaho,11,0,0,45.84721541,-115.4634436,16049.0,65.99868002639947,0.0,11,11,0,0,11,11,16513,0,0,0,0,0
2020-07-11,US,Idaho,Jefferson,24,0,0,43.82078483,-112.3131749,16051.0,80.34548558802852,0.0,24,23,0,0,23,21,29439,1,0,0,1,2
2020-07-11,US,Idaho,Jerome,296,5,0,42.68891267,-114.2655033,16053.0,1212.518433557267,1.6891891891891893,291,289,5,0,284,280,24015,7,0,0,7,9
2020-07-11,US,Idaho,Kootenai,678,1,0,47.67282258,-116.7020872,16055.0,409.1806128053012,0.14749262536873156,677,630,1,0,629,559,161505,48,0,0,48,71
2020-07-11,US,Idaho,Latah,36,0,0,46.81587887,-116.7113698,16057.0,89.7576543333001,0.0,36,34,0,0,34,34,40134,2,0,0,2,0
2020-07-11,US,Idaho,Lemhi,3,0,0,44.9438088,-113.9309747,16059.0,37.37386321166065,0.0,3,3,0,0,3,2,7961,0,0,0,0,1
2020-07-11,US,Idaho,Lewis,1,0,0,46.23315327,-116.434146,16061.0,26.055237102657642,0.0,1,1,0,0,1,1,3861,0,0,0,0,0
2020-07-11,US,Idaho,Lincoln,43,0,0,43.0012336,-114.1358773,16063.0,801.3417815877748,0.0,43,40,0,0,40,40,5360,3,0,0,3,0
2020-07-11,US,Idaho,Madison,66,0,0,43.78141028,-111.65384740000002,16065.0,165.38451900669057,0.0,66,56,0,0,56,48,39304,10,0,0,10,8
2020-07-11,US,Idaho,Minidoka,264,0,0,42.85518524,-113.6357257,16067.0,1254.8124910879794,0.0,264,253,0,0,253,250,20825,11,0,0,11,3
2020-07-11,US,Idaho,Nez Perce,108,19,0,46.32638236,-116.7500975,16069.0,267.2738071668976,17.592592592592588,89,108,19,0,89,108,40408,0,0,0,0,0
2020-07-11,US,Idaho,Oneida,6,0,0,42.19494279999999,-112.5407838,16071.0,132.42109909512249,0.0,6,6,0,0,6,5,4488,0,0,0,0,1
2020-07-11,US,Idaho,Owyhee,87,0,0,42.58016894,-116.1693871,16073.0,735.8538442019792,0.0,87,76,0,0,76,72,11693,11,0,0,11,4
2020-07-11,US,Idaho,Payette,172,2,0,44.00545243,-116.7647695,16075.0,718.132854578097,1.162790697674419,170,166,2,0,164,154,23551,6,0,0,6,12
2020-07-11,US,Idaho,Power,20,0,0,42.69254894,-112.83957420000002,16077.0,260.38276266111177,0.0,20,20,0,0,20,19,7768,0,0,0,0,1
2020-07-11,US,Idaho,Shoshone,8,0,0,47.35364087,-115.8916749,16079.0,62.10215804999225,0.0,8,8,0,0,8,7,12796,0,0,0,0,1
2020-07-11,US,Idaho,Teton,29,0,0,43.75303583,-111.2056773,16081.0,238.8403887333224,0.0,29,28,0,0,28,26,11640,1,0,0,1,2
2020-07-11,US,Idaho,Twin Falls,816,25,0,42.35440512,-114.6685381,16083.0,939.2481410713872,3.063725490196078,791,812,25,0,787,788,86081,4,0,0,4,24
2020-07-11,US,Idaho,Unassigned,1,0,0,0.0,0.0,90016.0,0.0,0.0,1,1,0,0,1,1,,0,0,0,0,0
2020-07-11,US,Idaho,Valley,24,0,0,44.76728382,-115.5676773,16085.0,210.6741573033708,0.0,24,24,0,0,24,23,11041,0,0,0,0,1
2020-07-11,US,Idaho,Washington,131,2,0,44.45275475,-116.7847688,16087.0,1285.0696488130272,1.5267175572519085,129,130,2,0,128,129,10161,1,0,0,1,1
2020-07-11,US,Illinois,Adams,167,1,0,39.98815591,-91.18786813,17001.0,255.2150989531596,0.5988023952095808,166,151,1,0,150,142,65691,16,0,0,16,9
2020-07-11,US,Illinois,Alexander,24,0,0,37.18049267,-89.32910838,17003.0,416.5943412601979,0.0,24,22,0,0,22,22,6060,2,0,0,2,0
2020-07-11,US,Illinois,Bond,20,1,0,38.88829622,-89.43534887,17005.0,121.75818823815901,5.0,19,19,1,0,18,19,16630,1,0,0,1,0
2020-07-11,US,Illinois,Boone,635,21,0,42.32359279,-88.82345779,17007.0,1185.9405348871953,3.307086614173228,614,630,21,0,609,629,53577,5,0,0,5,1
2020-07-11,US,Illinois,Brown,10,0,0,39.96209138,-90.75068024,17009.0,152.02189115232594,0.0,10,10,0,0,10,10,6556,0,0,0,0,0
2020-07-11,US,Illinois,Bureau,37,2,0,41.40385234,-89.5283051,17011.0,113.39953414245431,5.405405405405406,35,35,2,0,33,31,32993,2,0,0,2,4
2020-07-11,US,Illinois,Calhoun,1,0,0,39.16840183,-90.66330078,17013.0,21.101498206372653,0.0,1,1,0,0,1,1,4802,0,0,0,0,0
2020-07-11,US,Illinois,Carroll,20,2,0,42.06823429,-89.93395545,17015.0,139.81125480601187,10.0,18,21,2,0,19,21,14312,-1,0,0,-1,0
2020-07-11,US,Illinois,Cass,138,8,0,39.96991073,-90.24734436,17017.0,1136.0829834527044,5.797101449275362,130,137,8,0,129,136,12260,1,0,0,1,1
2020-07-11,US,Illinois,Champaign,1038,17,0,40.13919438,-88.20046615,17019.0,495.01881357629634,1.6377649325626205,1021,1018,17,0,1001,1010,209983,20,0,0,20,8
2020-07-11,US,Illinois,Christian,50,4,0,39.54581621,-89.27780482,17021.0,154.77959385834572,8.0,46,49,4,0,45,48,32661,1,0,0,1,1
2020-07-11,US,Illinois,Clark,40,0,0,39.33425789,-87.78705622,17023.0,259.0505796256719,0.0,40,36,0,0,36,21,15596,4,0,0,4,15
2020-07-11,US,Illinois,Clay,5,0,0,38.75388572,-88.48914513,17025.0,37.9247572815534,0.0,5,2,0,0,2,2,13253,3,0,0,3,0
2020-07-11,US,Illinois,Clinton,247,17,0,38.60704876,-89.42385254,17027.0,657.579468611895,6.882591093117409,230,245,17,0,228,244,37639,2,0,0,2,1
2020-07-11,US,Illinois,Coles,190,17,0,39.51949084,-88.22358557,17029.0,375.33829833468315,8.947368421052632,173,190,17,0,173,188,50885,0,0,0,0,2
2020-07-11,US,Illinois,Cook,95138,4711,0,41.84144849,-87.81658794,17031.0,1847.256230931688,4.951754293762745,90427,94605,4693,0,89912,94005,5180493,533,18,0,515,600
2020-07-11,US,Illinois,Crawford,20,0,0,39.0032229,-87.75954624,17033.0,107.14094391171587,0.0,20,19,0,0,19,18,18807,1,0,0,1,1
2020-07-11,US,Illinois,Cumberland,29,0,0,39.27432424,-88.2401158,17035.0,269.36652424298717,0.0,29,30,0,0,30,24,10808,-1,0,0,-1,6
2020-07-11,US,Illinois,De Witt,18,0,0,40.17514519,-88.90959682,17039.0,115.10423327791278,0.0,18,16,0,0,16,16,15769,2,0,0,2,0
2020-07-11,US,Illinois,DeKalb,637,20,0,41.89373302,-88.76958483,17037.0,607.2623621266575,3.1397174254317117,617,619,20,0,599,602,104143,18,0,0,18,17
2020-07-11,US,Illinois,Douglas,61,0,0,39.76768052,-88.21854195,17041.0,313.3829951194452,0.0,61,55,0,0,55,55,19479,6,0,0,6,0
2020-07-11,US,Illinois,DuPage,9641,485,0,41.85116968,-88.08642662,17043.0,1044.6181200774497,5.03059848563427,9156,9571,483,0,9088,9502,928589,70,2,0,68,69
2020-07-11,US,Illinois,Edgar,19,0,0,39.6809186,-87.74759563,17045.0,110.71615873200862,0.0,19,17,0,0,17,16,17360,2,0,0,2,1
2020-07-11,US,Illinois,Edwards,5,0,0,38.41353228,-88.05720863,17047.0,78.18608287724786,0.0,5,3,0,0,3,2,6392,2,0,0,2,1
2020-07-11,US,Illinois,Effingham,30,1,0,39.05935711,-88.58969584,17049.0,88.21453775582216,3.333333333333333,29,27,1,0,26,20,34208,3,0,0,3,7
2020-07-11,US,Illinois,Fayette,24,3,0,39.00072038,-89.02452658,17051.0,112.48593925759279,12.5,21,23,3,0,20,23,21416,1,0,0,1,0
2020-07-11,US,Illinois,Ford,42,1,0,40.59706922,-88.22350769,17053.0,324.04907028778644,2.380952380952381,41,42,1,0,41,42,13264,0,0,0,0,0
2020-07-11,US,Illinois,Franklin,45,0,0,37.99189086,-88.92567818,17055.0,116.9773064025579,0.0,45,40,0,0,40,40,38701,5,0,0,5,0
2020-07-11,US,Illinois,Fulton,16,0,0,40.47289135,-90.20862357,17057.0,46.59289458357601,0.0,16,16,0,0,16,16,34844,0,0,0,0,0
2020-07-11,US,Illinois,Gallatin,6,0,0,37.76430935,-88.22953869,17059.0,124.27506213753107,0.0,6,5,0,0,5,4,5058,1,0,0,1,1
2020-07-11,US,Illinois,Greene,8,0,0,39.35907414,-90.388865,17061.0,61.68555786876398,0.0,8,8,0,0,8,8,13044,0,0,0,0,0
2020-07-11,US,Illinois,Grundy,193,5,0,41.28569601,-88.41905692,17063.0,378.0311043209151,2.5906735751295336,188,188,5,0,183,187,50972,5,0,0,5,1
2020-07-11,US,Illinois,Hamilton,7,0,0,38.08163641,-88.53883373,17065.0,86.2493839329719,0.0,7,7,0,0,7,7,8163,0,0,0,0,0
2020-07-11,US,Illinois,Hancock,20,1,0,40.40423981,-91.16313899,17067.0,112.943302462164,5.0,19,20,1,0,19,19,17844,0,0,0,0,1
2020-07-11,US,Illinois,Hardin,2,0,0,37.51810645,-88.26873022,17069.0,52.34231876472128,0.0,2,2,0,0,2,1,3910,0,0,0,0,1
2020-07-11,US,Illinois,Henderson,8,0,0,40.81908672,-90.92491462,17071.0,120.37315678603672,0.0,8,8,0,0,8,8,6709,0,0,0,0,0
2020-07-11,US,Illinois,Henry,111,1,0,41.3533994,-90.13296166,17073.0,226.93353505203117,0.9009009009009008,110,106,1,0,105,103,49090,5,0,0,5,3
2020-07-11,US,Illinois,Iroquois,175,5,0,40.74717633,-87.82466784,17075.0,645.4230286936638,2.8571428571428568,170,172,5,0,167,170,27604,3,0,0,3,2
2020-07-11,US,Illinois,Jackson,351,19,0,37.78595185,-89.38232563,17077.0,618.5022026431718,5.413105413105413,332,347,19,0,328,345,57419,4,0,0,4,2
2020-07-11,US,Illinois,Jasper,47,7,0,39.01054275,-88.15437049,17079.0,489.0738813735692,14.893617021276595,40,47,7,0,40,47,9611,0,0,0,0,0
2020-07-11,US,Illinois,Jefferson,114,17,0,38.29980057,-88.9240025,17081.0,302.5156565120476,14.912280701754383,97,115,17,0,98,113,37820,-1,0,0,-1,2
2020-07-11,US,Illinois,Jersey,40,1,0,39.08869046,-90.35393073,17083.0,183.71377394020118,2.5,39,40,1,0,39,38,21847,0,0,0,0,2
2020-07-11,US,Illinois,Jo Daviess,54,1,0,42.36542373,-90.21094405,17085.0,254.29715093006828,1.851851851851852,53,52,1,0,51,49,21366,2,0,0,2,3
2020-07-11,US,Illinois,Johnson,27,0,0,37.45939802,-88.88165419,17087.0,217.4438270113554,0.0,27,24,0,0,24,23,12456,3,0,0,3,1
2020-07-11,US,Illinois,Kane,8078,281,0,41.93842729,-88.42861412,17089.0,1517.271690805649,3.4785838078732367,7797,8028,281,0,7747,7971,534216,50,0,0,50,57
2020-07-11,US,Illinois,Kankakee,1414,66,0,41.13746989,-87.86205334,17091.0,1287.0692323096248,4.6676096181046685,1348,1401,65,0,1336,1344,110024,13,1,0,12,57
2020-07-11,US,Illinois,Kendall,1048,23,0,41.59081014,-88.42869583,17093.0,812.4660826420653,2.1946564885496183,1025,1032,23,0,1009,1024,127915,16,0,0,16,8
2020-07-11,US,Illinois,Knox,168,0,0,40.93148779,-90.21330340000002,17095.0,338.03497052254573,0.0,168,157,0,0,157,152,50112,11,0,0,11,5
2020-07-11,US,Illinois,LaSalle,254,17,0,41.34426129999999,-88.88633881,17099.0,233.7373123889978,6.692913385826771,237,246,17,0,229,239,109430,8,0,0,8,7
2020-07-11,US,Illinois,Lake,10318,428,0,42.3224907,-88.00367925,17097.0,1481.3325963519421,4.148090715254893,9890,10253,428,0,9825,10175,700832,65,0,0,65,78
2020-07-11,US,Illinois,Lawrence,12,0,0,38.71987914,-87.72884035,17101.0,76.54037504783773,0.0,12,9,0,0,9,8,15765,3,0,0,3,1
2020-07-11,US,Illinois,Lee,105,2,0,41.74583951,-89.29977132,17103.0,307.9540122008446,1.9047619047619049,103,105,2,0,103,104,34223,0,0,0,0,1
2020-07-11,US,Illinois,Livingston,54,2,0,40.89188292,-88.55784752,17105.0,151.4811490125673,3.703703703703704,52,54,2,0,52,54,35761,0,0,0,0,0
2020-07-11,US,Illinois,Logan,20,0,0,40.12581572,-89.36638784,17107.0,69.88608568034104,0.0,20,18,0,0,18,18,28925,2,0,0,2,0
2020-07-11,US,Illinois,Macon,250,22,0,39.86064913,-88.96342505,17115.0,240.36381466988442,8.8,228,243,22,0,221,242,104712,7,0,0,7,1
2020-07-11,US,Illinois,Macoupin,67,3,0,39.26119767,-89.92424028,17117.0,149.13413168321242,4.477611940298506,64,66,3,0,63,62,45313,1,0,0,1,4
2020-07-11,US,Illinois,Madison,1167,70,0,38.83042506,-89.90422563,17119.0,443.78360700622886,5.998286203941731,1097,1133,70,0,1063,1095,264461,34,0,0,34,38
2020-07-11,US,Illinois,Marion,77,0,0,38.64963204,-88.91899208,17121.0,206.961429915334,0.0,77,77,0,0,77,77,37620,0,0,0,0,0
2020-07-11,US,Illinois,Marshall,12,0,0,41.0327901,-89.34510444,17123.0,104.91344640671446,0.0,12,12,0,0,12,12,11534,0,0,0,0,0
2020-07-11,US,Illinois,Mason,24,0,0,40.23917274,-89.91824452,17125.0,179.6541657309679,0.0,24,24,0,0,24,23,13565,0,0,0,0,1
2020-07-11,US,Illinois,Massac,16,0,0,37.22078441,-88.71036614,17127.0,116.17775196049955,0.0,16,15,0,0,15,15,14080,1,0,0,1,0
2020-07-11,US,Illinois,McDonough,106,15,0,40.45674722,-90.67775541,17109.0,357.1187925341958,14.150943396226413,91,104,15,0,89,103,29955,2,0,0,2,1
2020-07-11,US,Illinois,McHenry,2248,102,0,42.32451172,-88.45248227,17111.0,730.406077186507,4.537366548042705,2146,2229,101,0,2128,2208,308570,19,1,0,18,21
2020-07-11,US,Illinois,McLean,315,15,0,40.48996987,-88.84621113,17113.0,183.6552644927325,4.761904761904762,300,308,15,0,293,301,172828,7,0,0,7,7
2020-07-11,US,Illinois,Menard,31,0,0,40.02742725,-89.80246001,17129.0,254.18169891767792,0.0,31,31,0,0,31,28,12288,0,0,0,0,3
2020-07-11,US,Illinois,Mercer,29,0,0,41.20596782,-90.74290052,17131.0,187.860335557427,0.0,29,28,0,0,28,28,15601,1,0,0,1,0
2020-07-11,US,Illinois,Monroe,155,13,0,38.27594376,-90.17761038,17133.0,447.49833992551316,8.387096774193548,142,150,13,0,137,147,34335,5,0,0,5,3
2020-07-11,US,Illinois,Montgomery,73,1,0,39.23198845,-89.47809254,17135.0,256.9156049834589,1.3698630136986298,72,69,1,0,68,64,28601,4,0,0,4,5
2020-07-11,US,Illinois,Morgan,134,3,0,39.71654544,-90.20255104,17137.0,398.122288906055,2.238805970149253,131,132,3,0,129,132,33976,2,0,0,2,0
2020-07-11,US,Illinois,Moultrie,24,0,0,39.64187451,-88.62099969,17139.0,165.50582718433208,0.0,24,20,0,0,20,19,14717,4,0,0,4,1
2020-07-11,US,Illinois,Ogle,296,4,0,42.04165196,-89.32184679,17141.0,584.4835416543252,1.351351351351351,292,286,4,0,282,283,50923,10,0,0,10,3
2020-07-11,US,Illinois,Peoria,644,30,0,40.78702156,-89.76078901,17143.0,359.4171191936555,4.658385093167702,614,628,30,0,598,609,180621,16,0,0,16,19
2020-07-11,US,Illinois,Perry,61,1,0,38.08510853,-89.36856219,17145.0,291.6427615222796,1.639344262295082,60,61,1,0,60,60,21174,0,0,0,0,1
2020-07-11,US,Illinois,Piatt,21,0,0,40.01360584,-88.59319339,17147.0,128.48751835535975,0.0,21,21,0,0,21,21,16396,0,0,0,0,0
2020-07-11,US,Illinois,Pike,6,0,0,39.62265059,-90.8877017,17149.0,38.5579332947754,0.0,6,6,0,0,6,5,15611,0,0,0,0,1
2020-07-11,US,Illinois,Pope,1,0,0,37.41391284,-88.56152109,17151.0,23.94062724443381,0.0,1,1,0,0,1,1,4212,0,0,0,0,0
2020-07-11,US,Illinois,Pulaski,84,0,0,37.22631423,-89.13085001,17153.0,1574.5079662605435,0.0,84,81,0,0,81,79,5463,3,0,0,3,2
2020-07-11,US,Illinois,Putnam,1,0,0,41.2013541,-89.2869272,17155.0,17.424638438752392,0.0,1,1,0,0,1,1,5740,0,0,0,0,0
2020-07-11,US,Illinois,Randolph,310,7,0,38.05095369,-89.82512254,17157.0,975.3948776036748,2.2580645161290325,303,299,7,0,292,292,32106,11,0,0,11,7
2020-07-11,US,Illinois,Richland,9,0,0,38.71240969,-88.08475366,17159.0,58.015857667762525,0.0,9,8,0,0,8,8,15763,1,0,0,1,0
2020-07-11,US,Illinois,Rock Island,1169,30,0,41.46613806,-90.57042164,17161.0,823.9415276397493,2.5662959794696323,1139,1142,30,0,1112,1107,143477,27,0,0,27,35
2020-07-11,US,Illinois,Saline,16,0,0,37.75332999,-88.54119706,17165.0,68.11119152015665,0.0,16,16,0,0,16,11,23906,0,0,0,0,5
2020-07-11,US,Illinois,Sangamon,519,33,0,39.75836914,-89.65872023,17167.0,266.6022848689077,6.3583815028901745,486,509,33,0,476,493,195348,10,0,0,10,16
2020-07-11,US,Illinois,Schuyler,13,0,0,40.157179799999994,-90.61114163,17169.0,192.08037825059105,0.0,13,13,0,0,13,13,6907,0,0,0,0,0
2020-07-11,US,Illinois,Scott,1,0,0,39.642916899999996,-90.47814431,17171.0,20.197939810139367,0.0,1,1,0,0,1,1,4926,0,0,0,0,0
2020-07-11,US,Illinois,Shelby,20,1,0,39.39133527,-88.80611122,17173.0,92.44707405010631,5.0,19,20,1,0,19,20,21741,0,0,0,0,0
2020-07-11,US,Illinois,St. Clair,2265,144,0,38.46996033,-89.93063427,17163.0,872.2072040849333,6.357615894039736,2121,2202,144,0,2058,2128,261059,63,0,0,63,74
2020-07-11,US,Illinois,Stark,6,0,0,41.09309773,-89.79745866,17175.0,112.31748408835642,0.0,6,7,0,0,7,6,5427,-1,0,0,-1,1
2020-07-11,US,Illinois,Stephenson,283,6,0,42.35129217,-89.662598,17177.0,635.9836397141445,2.120141342756184,277,282,6,0,276,282,44753,1,0,0,1,0
2020-07-11,US,Illinois,Tazewell,172,8,0,40.50716185,-89.51404662,17179.0,130.49778836597042,4.651162790697675,164,167,8,0,159,164,132328,5,0,0,5,3
2020-07-11,US,Illinois,Unassigned,1180,201,0,0.0,0.0,90017.0,0.0,17.033898305084747,979,1175,201,0,974,1170,,5,0,0,5,5
2020-07-11,US,Illinois,Union,205,19,0,37.47119609,-89.25548938,17181.0,1231.0094277307394,9.268292682926827,186,202,19,0,183,196,16841,3,0,0,3,6
2020-07-11,US,Illinois,Vermilion,89,2,0,40.18417171,-87.73384359,17183.0,117.47934211568415,2.247191011235955,87,86,2,0,84,85,76806,3,0,0,3,1
2020-07-11,US,Illinois,Wabash,23,0,0,38.44272901,-87.84922065,17185.0,199.65277777777766,0.0,23,23,0,0,23,23,11549,0,0,0,0,0
2020-07-11,US,Illinois,Warren,149,0,0,40.84925021,-90.6147432,17187.0,884.5879838518167,0.0,149,147,0,0,147,147,17032,2,0,0,2,0
2020-07-11,US,Illinois,Washington,25,0,0,38.35309213,-89.40982703,17189.0,180.02448332973285,0.0,25,25,0,0,25,25,13995,0,0,0,0,0
2020-07-11,US,Illinois,Wayne,18,1,0,38.42955355,-88.42586459,17191.0,111.00832562442184,5.5555555555555545,17,16,1,0,15,15,16332,2,0,0,2,1
2020-07-11,US,Illinois,White,10,0,0,38.08706198,-88.17657461,17193.0,73.87161113983895,0.0,10,9,0,0,9,8,13665,1,0,0,1,1
2020-07-11,US,Illinois,Whiteside,209,15,0,41.75509713,-89.91556058,17195.0,378.7947439963752,7.177033492822965,194,208,15,0,193,203,55626,1,0,0,1,5
2020-07-11,US,Illinois,Will,7223,325,0,41.44619267,-87.97862712,17197.0,1045.6855878380236,4.499515436799113,6898,7171,324,0,6847,7120,692310,52,1,0,51,51
2020-07-11,US,Illinois,Williamson,155,4,0,37.73033511,-88.92994027,17199.0,232.74321666141117,2.5806451612903225,151,145,4,0,141,139,67056,10,0,0,10,6
2020-07-11,US,Illinois,Winnebago,3156,105,0,42.33641854,-89.16085327,17201.0,1116.8834845632264,3.3269961977186315,3051,3161,104,0,3057,3143,284081,-5,1,0,-6,18
2020-07-11,US,Illinois,Woodford,46,2,0,40.78579374,-89.20973757,17203.0,119.60789412101198,4.3478260869565215,44,44,2,0,42,41,38463,2,0,0,2,3
2020-07-11,US,Indiana,Adams,49,1,0,40.7457653,-84.93671406,18001.0,136.95949911954608,2.0408163265306123,48,49,1,0,48,49,35636,0,0,0,0,0
2020-07-11,US,Indiana,Allen,2939,134,0,41.09194313,-85.06800636,18003.0,774.8504477997569,4.5593739367131665,2805,2902,133,0,2769,2867,375351,37,1,0,36,35
2020-07-11,US,Indiana,Bartholomew,597,45,0,39.20744865,-85.89558181,18005.0,712.5890736342043,7.537688442211055,552,593,45,0,548,592,82753,4,0,0,4,1
2020-07-11,US,Indiana,Benton,51,0,0,40.60626947,-87.31093999,18007.0,582.9903978052126,0.0,51,51,0,0,51,48,8653,0,0,0,0,3
2020-07-11,US,Indiana,Blackford,40,2,0,40.47388153,-85.32499702,18009.0,340.1939105290015,5.0,38,40,2,0,38,39,11930,0,0,0,0,1
2020-07-11,US,Indiana,Boone,482,44,0,40.0509304,-86.46841646,18011.0,710.4638651003052,9.128630705394189,438,474,44,0,430,459,66999,8,0,0,8,15
2020-07-11,US,Indiana,Brown,43,1,0,39.19605589,-86.22868909,18013.0,284.91916247018287,2.3255813953488373,42,43,1,0,42,42,15234,0,0,0,0,1
2020-07-11,US,Indiana,Carroll,114,2,0,40.580783200000006,-86.56198812,18015.0,562.7684257293776,1.7543859649122806,112,113,2,0,111,112,20127,1,0,0,1,1
2020-07-11,US,Indiana,Cass,1644,9,0,40.76135835,-86.34830753,18017.0,4362.015442171456,0.5474452554744526,1635,1644,9,0,1635,1643,37955,0,0,0,0,1
2020-07-11,US,Indiana,Clark,695,44,0,38.48015445,-85.70510334,18019.0,587.4795016145121,6.330935251798562,651,681,44,0,637,671,117360,14,0,0,14,10
2020-07-11,US,Indiana,Clay,64,5,0,39.39561833,-87.11723506,18021.0,244.0419447092469,7.8125,59,66,5,0,61,64,26170,-2,0,0,-2,2
2020-07-11,US,Indiana,Clinton,290,3,0,40.30319754,-86.47277257,18023.0,895.0893546097102,1.0344827586206895,287,289,3,0,286,288,32250,1,0,0,1,1
2020-07-11,US,Indiana,Crawford,33,0,0,38.28814402,-86.44518825,18025.0,311.99773092559326,0.0,33,33,0,0,33,32,10558,0,0,0,0,1
2020-07-11,US,Indiana,Daviess,150,17,0,38.70186039,-87.07185406,18027.0,449.76162633804086,11.333333333333336,133,150,17,0,133,150,33147,0,0,0,0,0
2020-07-11,US,Indiana,DeKalb,169,4,0,41.39804622,-84.99906934,18033.0,388.7291546866015,2.366863905325444,165,167,4,0,163,163,43226,2,0,0,2,4
2020-07-11,US,Indiana,Dearborn,258,23,0,39.14647946,-84.97333539,18029.0,521.6547373529055,8.914728682170542,235,254,23,0,231,247,49568,4,0,0,4,7
2020-07-11,US,Indiana,Decatur,256,32,0,39.30712658,-85.50087166,18031.0,963.8917127903912,12.5,224,255,32,0,223,255,26794,1,0,0,1,0
2020-07-11,US,Indiana,Delaware,471,52,0,40.22787247,-85.39732772,18035.0,412.6692075174136,11.040339702760084,419,469,52,0,417,460,114772,2,0,0,2,9
2020-07-11,US,Indiana,Dubois,304,6,0,38.36597551,-86.87924170000002,18037.0,711.344065892924,1.973684210526316,298,297,6,0,291,290,42565,7,0,0,7,7
2020-07-11,US,Indiana,Elkhart,3539,59,0,41.59761169,-85.85875695,18039.0,1715.1220552386585,1.6671376094942074,3480,3470,58,0,3412,3432,205560,69,1,0,68,38
2020-07-11,US,Indiana,Fayette,106,7,0,39.63684962,-85.17797541,18041.0,458.8347329235564,6.60377358490566,99,105,7,0,98,103,23047,1,0,0,1,2
2020-07-11,US,Indiana,Floyd,406,44,0,38.32117957,-85.90385377,18043.0,517.0525457833473,10.83743842364532,362,404,44,0,360,391,77781,2,0,0,2,13
2020-07-11,US,Indiana,Fountain,35,2,0,40.12361933,-87.24217689,18045.0,214.11966230270409,5.7142857142857135,33,35,2,0,33,33,16351,0,0,0,0,2
2020-07-11,US,Indiana,Franklin,127,8,0,39.4142482,-85.06062647,18047.0,558.0455224536427,6.299212598425197,119,127,8,0,119,127,22736,0,0,0,0,0
2020-07-11,US,Indiana,Fulton,73,1,0,41.0469907,-86.26252745,18049.0,365.4751176529488,1.3698630136986298,72,73,1,0,72,73,20092,0,0,0,0,0
2020-07-11,US,Indiana,Gibson,120,2,0,38.30393723,-87.58054938,18051.0,356.51683056537627,1.6666666666666667,118,113,2,0,111,103,33452,7,0,0,7,10
2020-07-11,US,Indiana,Grant,318,26,0,40.51587228,-85.65468702,18053.0,483.510468457784,8.176100628930818,292,309,26,0,283,302,65936,9,0,0,9,7
2020-07-11,US,Indiana,Greene,194,32,0,39.03630547,-86.96223202,18055.0,607.7313451538124,16.49484536082474,162,193,32,0,161,191,32006,1,0,0,1,2
2020-07-11,US,Indiana,Hamilton,1691,101,0,40.07306535,-86.05244729,18057.0,500.27957670016656,5.972797161442933,1590,1665,101,0,1564,1629,330086,26,0,0,26,36
2020-07-11,US,Indiana,Hancock,467,36,0,39.82304555,-85.77566351,18059.0,597.4311738818956,7.708779443254818,431,460,36,0,424,457,76351,7,0,0,7,3
2020-07-11,US,Indiana,Harrison,217,22,0,38.19467379,-86.10948271,18061.0,535.6040972479328,10.138248847926267,195,217,22,0,195,217,40350,0,0,0,0,0
2020-07-11,US,Indiana,Hendricks,1454,100,0,39.76719009,-86.51037283,18063.0,853.7322897522768,6.87757909215956,1354,1446,100,0,1346,1439,167009,8,0,0,8,7
2020-07-11,US,Indiana,Henry,300,18,0,39.93029017,-85.39625719,18065.0,625.3647961310763,6.0,282,297,17,0,280,293,48271,3,1,0,2,4
2020-07-11,US,Indiana,Howard,598,58,0,40.48527731,-86.11351892,18067.0,724.4621050591202,9.698996655518394,540,594,58,0,536,582,82366,4,0,0,4,12
2020-07-11,US,Indiana,Huntington,94,2,0,40.82907273,-85.48822092,18069.0,257.3932092004381,2.127659574468085,92,93,2,0,91,82,36240,1,0,0,1,11
2020-07-11,US,Indiana,Jackson,478,3,0,38.90915820000001,-86.03851889,18071.0,1080.6900137912323,0.6276150627615062,475,478,3,0,475,477,44111,0,0,0,0,1
2020-07-11,US,Indiana,Jasper,135,2,0,41.02078733,-87.11553319,18073.0,402.2406292831178,1.4814814814814814,133,133,2,0,131,125,33370,2,0,0,2,8
2020-07-11,US,Indiana,Jay,70,0,0,40.43781032,-85.00576229,18075.0,342.5327852808769,0.0,70,68,0,0,68,68,20764,2,0,0,2,0
2020-07-11,US,Indiana,Jefferson,86,2,0,38.78576239,-85.43633383,18077.0,266.187941067228,2.3255813953488373,84,78,2,0,76,78,32208,8,0,0,8,0
2020-07-11,US,Indiana,Jennings,179,12,0,38.99588883,-85.62710784,18079.0,645.3939066161889,6.70391061452514,167,179,12,0,167,179,27611,0,0,0,0,0
2020-07-11,US,Indiana,Johnson,1340,118,0,39.48994426,-86.10149107,18081.0,847.2058014630105,8.805970149253731,1222,1325,118,0,1207,1306,156225,15,0,0,15,19
2020-07-11,US,Indiana,Knox,71,0,0,38.68861576,-87.4194665,18083.0,194.0208777395201,0.0,71,67,0,0,67,65,36895,4,0,0,4,2
2020-07-11,US,Indiana,Kosciusko,575,4,0,41.24521668,-85.86312322,18085.0,723.670962545308,0.6956521739130435,571,570,4,0,566,565,79344,5,0,0,5,5
2020-07-11,US,Indiana,LaGrange,484,9,0,41.64232188,-85.42674232,18087.0,1221.790276164992,1.859504132231405,475,482,9,0,473,482,39330,2,0,0,2,0
2020-07-11,US,Indiana,LaPorte,616,28,0,41.54366008,-86.74072188,18091.0,560.5707629586489,4.545454545454546,588,605,27,0,578,597,110007,11,1,0,10,8
2020-07-11,US,Indiana,Lake,5588,248,0,41.41874274,-87.38277575,18089.0,1150.9949680015984,4.438081603435935,5340,5432,248,0,5184,5337,484411,156,0,0,156,95
2020-07-11,US,Indiana,Lawrence,252,25,0,38.84112637,-86.48361629,18093.0,555.4331055763721,9.92063492063492,227,252,25,0,227,251,45668,0,0,0,0,1
2020-07-11,US,Indiana,Madison,674,64,0,40.16143691,-85.71964711,18095.0,520.1861556390803,9.495548961424332,610,672,64,0,608,668,129641,2,0,0,2,4
2020-07-11,US,Indiana,Marion,12019,693,0,39.78163624,-86.13826325,18097.0,1246.0319599577851,5.76587070471753,11326,11920,692,0,11228,11812,954670,99,1,0,98,108
2020-07-11,US,Indiana,Marshall,544,9,0,41.32467367,-86.26185087,18099.0,1176.0127977863287,1.6544117647058822,535,530,8,0,522,521,46248,14,1,0,13,9
2020-07-11,US,Indiana,Martin,26,0,0,38.7099921,-86.80373186,18101.0,253.53486104339348,0.0,26,24,0,0,24,22,10217,2,0,0,2,2
2020-07-11,US,Indiana,Miami,193,2,0,40.76940965,-86.04525048,18103.0,543.4170514697599,1.0362694300518134,191,192,2,0,190,189,35567,1,0,0,1,3
2020-07-11,US,Indiana,Monroe,340,28,0,39.16130004,-86.52414358,18105.0,229.06266211236198,8.235294117647058,312,329,28,0,301,315,146917,11,0,0,11,14
2020-07-11,US,Indiana,Montgomery,297,20,0,40.04034823,-86.89335024,18107.0,774.6882988157962,6.7340067340067336,277,297,20,0,277,297,38346,0,0,0,0,0
2020-07-11,US,Indiana,Morgan,342,31,0,39.47899078,-86.44573375,18109.0,485.18208514803734,9.064327485380117,311,336,31,0,305,328,70116,6,0,0,6,8
2020-07-11,US,Indiana,Newton,100,10,0,40.95610449,-87.39635768,18111.0,715.1029748283753,10.0,90,100,10,0,90,99,14011,0,0,0,0,1
2020-07-11,US,Indiana,Noble,513,28,0,41.39672484,-85.41966713,18113.0,1074.480563002681,5.458089668615984,485,501,28,0,473,491,47532,12,0,0,12,10
2020-07-11,US,Indiana,Ohio,23,0,0,38.955304999999996,-84.96515993,18115.0,391.48936170212767,0.0,23,22,0,0,22,21,5844,1,0,0,1,1
2020-07-11,US,Indiana,Orange,137,23,0,38.54118920000001,-86.49523093,18117.0,697.3429705792528,16.78832116788321,114,137,23,0,114,136,19489,0,0,0,0,1
2020-07-11,US,Indiana,Owen,52,1,0,39.31145587,-86.83900724,18119.0,250.01201980864465,1.9230769230769231,51,52,1,0,51,51,20845,0,0,0,0,1
2020-07-11,US,Indiana,Parke,27,0,0,39.77202286,-87.20375833,18121.0,159.41430005313808,0.0,27,23,0,0,23,24,16927,4,0,0,4,-1
2020-07-11,US,Indiana,Perry,147,10,0,38.07809328,-86.63741946,18123.0,766.8631644843234,6.802721088435375,137,145,9,0,136,140,19102,2,1,0,1,5
2020-07-11,US,Indiana,Pike,11,0,0,38.40112197,-87.23574907,18125.0,88.78844135927031,0.0,11,11,0,0,11,11,12410,0,0,0,0,0
2020-07-11,US,Indiana,Porter,826,38,0,41.45986947,-87.06848888,18127.0,484.7730780742888,4.600484261501211,788,802,38,0,764,780,169594,24,0,0,24,22
2020-07-11,US,Indiana,Posey,57,0,0,38.02097333,-87.86480429,18129.0,224.17115664451168,0.0,57,55,0,0,55,49,25540,2,0,0,2,6
2020-07-11,US,Indiana,Pulaski,66,1,0,41.04166107,-86.69890683,18131.0,534.2831700801423,1.5151515151515151,65,66,1,0,65,66,12469,0,0,0,0,0
2020-07-11,US,Indiana,Putnam,173,8,0,39.66437981,-86.84517605,18133.0,460.4002554822227,4.624277456647398,165,172,8,0,164,170,37779,1,0,0,1,2
2020-07-11,US,Indiana,Randolph,79,4,0,40.15734772,-85.01139319,18135.0,320.29191161564967,5.063291139240507,75,79,4,0,75,80,24851,0,0,0,0,-1
2020-07-11,US,Indiana,Ripley,130,7,0,39.10235626,-85.26212744,18137.0,458.9747210845926,5.384615384615384,123,127,7,0,120,124,28523,3,0,0,3,3
2020-07-11,US,Indiana,Rush,61,3,0,39.62002287,-85.4655599,18139.0,367.8909595319944,4.918032786885246,58,61,3,0,58,60,16663,0,0,0,0,1
2020-07-11,US,Indiana,Scott,164,9,0,38.68672078,-85.74627859,18143.0,686.9685418673815,5.487804878048781,155,163,9,0,154,162,23878,1,0,0,1,1
2020-07-11,US,Indiana,Shelby,454,25,0,39.52305623,-85.79158570000001,18145.0,1015.0014531959132,5.506607929515418,429,435,25,0,410,434,44593,19,0,0,19,1
2020-07-11,US,Indiana,Spencer,54,1,0,38.01519732,-87.0079644,18147.0,266.3115845539281,1.851851851851852,53,50,1,0,49,46,20327,4,0,0,4,4
2020-07-11,US,Indiana,St. Joseph,2106,69,0,41.61756781,-86.29040834,18141.0,774.7603246194258,3.276353276353277,2037,2051,69,0,1982,2025,270771,55,0,0,55,26
2020-07-11,US,Indiana,Starke,104,3,0,41.27890281,-86.64686895,18149.0,452.27223309415086,2.8846153846153846,101,98,3,0,95,96,22935,6,0,0,6,2
2020-07-11,US,Indiana,Steuben,136,2,0,41.64423868,-85.00101094,18151.0,393.1317569520726,1.4705882352941178,134,136,2,0,134,133,34586,0,0,0,0,3
2020-07-11,US,Indiana,Sullivan,50,1,0,39.08952258,-87.41414469,18153.0,241.90817165803853,2.0,49,47,1,0,46,45,20690,3,0,0,3,2
2020-07-11,US,Indiana,Switzerland,32,0,0,38.82767338,-85.03022429,18155.0,297.64673053669424,0.0,32,30,0,0,30,28,10717,2,0,0,2,2
2020-07-11,US,Indiana,Tippecanoe,770,9,0,40.38872739,-86.89413959,18157.0,393.3950503750026,1.1688311688311688,761,759,9,0,750,743,193048,11,0,0,11,16
2020-07-11,US,Indiana,Tipton,32,1,0,40.31123252,-86.05234925,18159.0,211.2490097702667,3.125,31,32,1,0,31,31,15128,0,0,0,0,1
2020-07-11,US,Indiana,Unassigned,0,193,0,0.0,0.0,90018.0,0.0,0.0,-193,0,193,0,-193,0,,0,0,0,0,0
2020-07-11,US,Indiana,Union,14,0,0,39.62550777,-84.92497066,18161.0,198.46895378508648,0.0,14,13,0,0,13,13,7037,1,0,0,1,0
2020-07-11,US,Indiana,Vanderburgh,727,6,0,38.02658833,-87.58763124,18163.0,400.6591311152873,0.8253094910591472,721,681,6,0,675,629,180974,46,0,0,46,52
2020-07-11,US,Indiana,Vermillion,20,0,0,39.8523352,-87.46160542,18165.0,129.0489095367144,0.0,20,20,0,0,20,17,15479,0,0,0,0,3
2020-07-11,US,Indiana,Vigo,252,8,0,39.42944561,-87.39169027,18167.0,235.43040789252416,3.1746031746031744,244,247,8,0,239,240,107386,5,0,0,5,7
2020-07-11,US,Indiana,Wabash,116,2,0,40.84704239,-85.79328272,18169.0,374.2418376564718,1.7241379310344829,114,115,2,0,113,115,31280,1,0,0,1,0
2020-07-11,US,Indiana,Warren,15,1,0,40.34728141,-87.35602659,18171.0,181.48820326678765,6.666666666666668,14,15,1,0,14,15,8263,0,0,0,0,0
2020-07-11,US,Indiana,Warrick,250,29,0,38.08922676,-87.2716085,18173.0,396.8379948569796,11.6,221,243,29,0,214,232,62567,7,0,0,7,11
2020-07-11,US,Indiana,Washington,68,1,0,38.60219804,-86.1049363,18175.0,242.54529890141248,1.4705882352941178,67,68,1,0,67,67,27943,0,0,0,0,1
2020-07-11,US,Indiana,Wayne,154,6,0,39.863344399999995,-85.01044989,18177.0,233.7441563960901,3.8961038961038965,148,153,6,0,147,149,65936,1,0,0,1,4
2020-07-11,US,Indiana,Wells,82,1,0,40.72934187,-85.22132966,18179.0,289.79361040429745,1.2195121951219512,81,79,1,0,78,79,28206,3,0,0,3,0
2020-07-11,US,Indiana,White,274,10,0,40.74911165,-86.86492015,18181.0,1136.8351174176414,3.6496350364963503,264,268,10,0,258,268,24133,6,0,0,6,0
2020-07-11,US,Indiana,Whitley,106,6,0,41.13863784,-85.50791236,18183.0,312.0951595807325,5.660377358490566,100,104,5,0,99,99,34074,2,1,0,1,5
2020-07-11,US,Iowa,Adair,17,0,0,41.33075609,-94.47105874,19001.0,237.69574944071587,0.0,17,17,0,0,17,16,7063,0,0,0,0,1
2020-07-11,US,Iowa,Adams,8,0,0,41.02903567,-94.69932645,19003.0,222.0988339811216,0.0,8,8,0,0,8,8,3645,0,0,0,0,0
2020-07-11,US,Iowa,Allamakee,138,4,0,43.28383218,-91.37860922,19005.0,1008.2560093519397,2.898550724637681,134,138,4,0,134,135,13832,0,0,0,0,3
2020-07-11,US,Iowa,Appanoose,21,3,0,40.74324454,-92.86865906,19007.0,169.00048285852245,14.285714285714285,18,21,3,0,18,21,12437,0,0,0,0,0
2020-07-11,US,Iowa,Audubon,18,1,0,41.6844628,-94.90581859,19009.0,327.5109170305677,5.5555555555555545,17,16,1,0,15,16,5506,2,0,0,2,0
2020-07-11,US,Iowa,Benton,75,1,0,42.08011739,-92.06463573,19011.0,292.45466952622337,1.3333333333333333,74,74,1,0,73,72,25642,1,0,0,1,2
2020-07-11,US,Iowa,Black Hawk,2492,59,0,42.4704581,-92.30524729,19013.0,1898.9849727192368,2.3675762439807384,2433,2457,59,0,2398,2397,132408,35,0,0,35,60
2020-07-11,US,Iowa,Boone,168,1,0,42.03657094,-93.9313999,19015.0,640.3903331554471,0.5952380952380952,167,164,1,0,163,160,26346,4,0,0,4,4
2020-07-11,US,Iowa,Bremer,110,7,0,42.77461496,-92.31795937,19017.0,438.9114994812864,6.363636363636362,103,106,7,0,99,102,24947,4,0,0,4,4
2020-07-11,US,Iowa,Buchanan,63,1,0,42.4709188,-91.83510825,19019.0,297.5206611570248,1.5873015873015872,62,62,1,0,61,61,21199,1,0,0,1,1
2020-07-11,US,Iowa,Buena Vista,1737,11,0,42.73545875,-95.15100162,19021.0,8853.211009174309,0.6332757628094415,1726,1733,11,0,1722,1727,19874,4,0,0,4,6
2020-07-11,US,Iowa,Butler,68,2,0,42.73172833,-92.79015971,19023.0,470.94674146409034,2.9411764705882355,66,64,2,0,62,60,14539,4,0,0,4,4
2020-07-11,US,Iowa,Calhoun,63,2,0,42.38521079,-94.64046046,19025.0,651.6342573438146,3.1746031746031744,61,61,2,0,59,58,9699,2,0,0,2,3
2020-07-11,US,Iowa,Carroll,113,1,0,42.03617207,-94.86032705,19027.0,560.3768906521201,0.8849557522123894,112,110,1,0,109,104,20154,3,0,0,3,6
2020-07-11,US,Iowa,Cass,28,0,0,41.33149454,-94.92792482,19029.0,218.13649111872857,0.0,28,27,0,0,27,27,12930,1,0,0,1,0
2020-07-11,US,Iowa,Cedar,95,1,0,41.77233777,-91.13246684,19031.0,510.01234766736457,1.0526315789473684,94,94,1,0,93,85,18627,1,0,0,1,9
2020-07-11,US,Iowa,Cerro Gordo,284,1,0,43.08177563,-93.2612239,19033.0,669.0223792697292,0.35211267605633795,283,266,1,0,265,223,42647,18,0,0,18,43
2020-07-11,US,Iowa,Cherokee,83,1,0,42.73538914,-95.62389402,19035.0,738.7627948375612,1.2048192771084338,82,82,1,0,81,81,11321,1,0,0,1,1
2020-07-11,US,Iowa,Chickasaw,29,0,0,43.06001295,-92.31773347,19037.0,243.0235481438029,0.0,29,29,0,0,29,29,11964,0,0,0,0,0
2020-07-11,US,Iowa,Clarke,143,3,0,41.02868181,-93.78499767,19039.0,1522.0862160723789,2.097902097902098,140,143,3,0,140,140,9423,0,0,0,0,3
2020-07-11,US,Iowa,Clay,149,1,0,43.08247182,-95.15096481,19041.0,930.3196803196803,0.6711409395973155,148,148,1,0,147,143,16134,1,0,0,1,5
2020-07-11,US,Iowa,Clayton,50,3,0,42.84443388,-91.34133693,19043.0,284.9165194597984,6.0,47,48,3,0,45,47,17556,2,0,0,2,1
2020-07-11,US,Iowa,Clinton,132,1,0,41.89981633,-90.53275096,19045.0,284.3050679532189,0.7575757575757576,131,130,1,0,129,121,46518,2,0,0,2,9
2020-07-11,US,Iowa,Crawford,680,3,0,42.03718237,-95.3819718,19047.0,4042.8061831153386,0.4411764705882353,677,679,3,0,676,679,17158,1,0,0,1,0
2020-07-11,US,Iowa,Dallas,1385,31,0,41.68560356,-94.04127625,19049.0,1482.0283993023236,2.2382671480144403,1354,1365,31,0,1334,1330,90180,20,0,0,20,35
2020-07-11,US,Iowa,Davis,42,1,0,40.74773536,-92.41005468,19051.0,466.66666666666674,2.380952380952381,41,42,1,0,41,42,9017,0,0,0,0,0
2020-07-11,US,Iowa,Decatur,13,0,0,40.73742757,-93.78645949,19053.0,165.18424396442185,0.0,13,13,0,0,13,12,7890,0,0,0,0,1
2020-07-11,US,Iowa,Delaware,56,1,0,42.47104597,-91.3664492,19055.0,329.1987537475751,1.7857142857142858,55,56,1,0,55,54,17069,0,0,0,0,2
2020-07-11,US,Iowa,Des Moines,100,2,0,40.92012606,-91.18326592,19057.0,256.6274026740575,2.0,98,100,2,0,98,95,39138,0,0,0,0,5
2020-07-11,US,Iowa,Dickinson,299,3,0,43.37787725,-95.1510206,19059.0,1732.5298412330512,1.0033444816053512,296,295,3,0,292,285,17153,4,0,0,4,10
2020-07-11,US,Iowa,Dubuque,940,23,0,42.46815349,-90.88181925,19061.0,965.9750696221396,2.4468085106382977,917,918,22,0,896,834,96854,22,1,0,21,84
2020-07-11,US,Iowa,Emmet,95,0,0,43.37782951,-94.67858943,19063.0,1031.7115551694178,0.0,95,95,0,0,95,92,9253,0,0,0,0,3
2020-07-11,US,Iowa,Fayette,57,0,0,42.86271799,-91.84412309999999,19065.0,290.0763358778626,0.0,57,56,0,0,56,54,19660,1,0,0,1,2
2020-07-11,US,Iowa,Floyd,81,2,0,43.06000529999999,-92.78940097,19067.0,517.8365937859609,2.469135802469136,79,76,2,0,74,74,15761,5,0,0,5,2
2020-07-11,US,Iowa,Franklin,104,0,0,42.73270384,-93.26256925,19069.0,1032.7706057596822,0.0,104,104,0,0,104,99,10124,0,0,0,0,5
2020-07-11,US,Iowa,Fremont,10,0,0,40.74542720000001,-95.60129045,19071.0,143.67816091954026,0.0,10,10,0,0,10,8,6993,0,0,0,0,2
2020-07-11,US,Iowa,Greene,30,0,0,42.03614551,-94.39658081,19073.0,337.53375337533754,0.0,30,30,0,0,30,29,8981,0,0,0,0,1
2020-07-11,US,Iowa,Grundy,47,0,0,42.40183723,-92.78829551,19075.0,384.23806409417915,0.0,47,47,0,0,47,42,12304,0,0,0,0,5
2020-07-11,US,Iowa,Guthrie,75,4,0,41.68378965,-94.50111014,19077.0,701.6559079427449,5.333333333333333,71,73,4,0,69,72,10720,2,0,0,2,1
2020-07-11,US,Iowa,Hamilton,201,1,0,42.38382428,-93.70197703,19079.0,1360.590266025858,0.4975124378109453,200,198,1,0,197,193,14952,3,0,0,3,5
2020-07-11,US,Iowa,Hancock,60,1,0,43.08178477,-93.73454884,19081.0,564.4402634054562,1.6666666666666667,59,58,1,0,57,57,10712,2,0,0,2,1
2020-07-11,US,Iowa,Hardin,90,0,0,42.38353877,-93.23654611,19083.0,534.2514543511813,0.0,90,89,0,0,89,88,16868,1,0,0,1,1
2020-07-11,US,Iowa,Harrison,60,0,0,41.68330137,-95.81558439,19085.0,427.0766602605168,0.0,60,58,0,0,58,56,14134,2,0,0,2,2
2020-07-11,US,Iowa,Henry,93,3,0,40.98767962,-91.54436349,19087.0,466.07196552069763,3.2258064516129035,90,93,3,0,90,90,20067,0,0,0,0,3
2020-07-11,US,Iowa,Howard,37,0,0,43.35671042,-92.31702714,19089.0,404.01834461672854,0.0,37,37,0,0,37,37,9187,0,0,0,0,0
2020-07-11,US,Iowa,Humboldt,60,1,0,42.7764426,-94.20722537,19091.0,627.7463904582547,1.6666666666666667,59,59,1,0,58,59,9547,1,0,0,1,0
2020-07-11,US,Iowa,Ida,23,0,0,42.38696136,-95.51355387,19093.0,335.2769679300292,0.0,23,23,0,0,23,23,6841,0,0,0,0,0
2020-07-11,US,Iowa,Iowa,63,1,0,41.68630265,-92.0643373,19095.0,389.2733564013842,1.5873015873015872,62,61,1,0,60,62,16141,2,0,0,2,-1
2020-07-11,US,Iowa,Jackson,57,0,0,42.17178824,-90.57354837,19097.0,293.224960131694,0.0,57,56,0,0,56,48,19432,1,0,0,1,8
2020-07-11,US,Iowa,Jasper,344,17,0,41.68576082,-93.05567785,19099.0,925.1042086862982,4.941860465116279,327,337,17,0,320,332,37147,7,0,0,7,5
2020-07-11,US,Iowa,Jefferson,62,0,0,41.03192394,-91.94849466,19101.0,338.89040721508616,0.0,62,62,0,0,62,62,18381,0,0,0,0,0
2020-07-11,US,Iowa,Johnson,1426,8,0,41.67169354,-91.58754744,19103.0,943.4960963345244,0.5610098176718092,1418,1405,8,0,1397,1384,151260,21,0,0,21,21
2020-07-11,US,Iowa,Jones,71,0,0,42.12118609,-91.13139641,19105.0,343.3102848024757,0.0,71,69,0,0,69,68,20744,2,0,0,2,1
2020-07-11,US,Iowa,Keokuk,23,1,0,41.33649833,-92.1785067,19107.0,224.47784501268788,4.3478260869565215,22,23,1,0,22,20,10225,0,0,0,0,3
2020-07-11,US,Iowa,Kossuth,41,0,0,43.20405458,-94.20691791,19109.0,276.7839060284885,0.0,41,41,0,0,41,39,14908,0,0,0,0,2
2020-07-11,US,Iowa,Lee,54,2,0,40.64181461,-91.48183025,19111.0,160.44210713967374,3.703703703703704,52,54,2,0,52,54,34055,0,0,0,0,0
2020-07-11,US,Iowa,Linn,1381,83,0,42.07923082,-91.59809485,19113.0,609.1589988796062,6.0101375814627085,1298,1366,83,0,1283,1341,225909,15,0,0,15,25
2020-07-11,US,Iowa,Louisa,365,13,0,41.21842119,-91.26102611,19115.0,3307.657453556865,3.5616438356164384,352,365,13,0,352,363,11169,0,0,0,0,2
2020-07-11,US,Iowa,Lucas,35,4,0,41.02958964,-93.32780803,19117.0,406.9767441860465,11.428571428571427,31,34,4,0,30,32,8645,1,0,0,1,2
2020-07-11,US,Iowa,Lyon,57,0,0,43.38107862,-96.20926845,19119.0,484.9000425350915,0.0,57,50,0,0,50,48,11811,7,0,0,7,2
2020-07-11,US,Iowa,Madison,55,2,0,41.33081904,-94.01554631,19121.0,336.63851144570936,3.636363636363636,53,53,2,0,51,51,16249,2,0,0,2,2
2020-07-11,US,Iowa,Mahaska,119,17,0,41.33521503,-92.64083907,19123.0,538.5833899072188,14.285714285714285,102,119,17,0,102,118,22000,0,0,0,0,1
2020-07-11,US,Iowa,Marion,80,0,0,41.33445101,-93.09934783,19125.0,240.5797973115208,0.0,80,77,0,0,77,75,33407,3,0,0,3,2
2020-07-11,US,Iowa,Marshall,1092,19,0,42.03586837,-92.99908190000001,19127.0,2773.756000914425,1.73992673992674,1073,1080,19,0,1061,1068,39981,12,0,0,12,12
2020-07-11,US,Iowa,Mills,47,0,0,41.03299766,-95.61920963,19129.0,311.0728704745516,0.0,47,47,0,0,47,46,15063,0,0,0,0,1
2020-07-11,US,Iowa,Mitchell,44,0,0,43.35638371,-92.78887719,19131.0,415.64330247496696,0.0,44,44,0,0,44,43,10569,0,0,0,0,1
2020-07-11,US,Iowa,Monona,78,0,0,42.05220391,-95.95743843,19133.0,905.3975623911784,0.0,78,78,0,0,78,77,8679,0,0,0,0,1
2020-07-11,US,Iowa,Monroe,52,7,0,41.02988815,-92.8690667,19135.0,674.7113014142986,13.461538461538463,45,51,7,0,44,51,7790,1,0,0,1,0
2020-07-11,US,Iowa,Montgomery,12,2,0,41.03018714,-95.15642896,19137.0,121.00433598870626,16.666666666666668,10,11,2,0,9,11,10003,1,0,0,1,0
2020-07-11,US,Iowa,Muscatine,687,45,0,41.48370744,-91.11216970000001,19139.0,1610.2568910556906,6.5502183406113526,642,685,44,0,641,683,42929,2,1,0,1,2
2020-07-11,US,Iowa,O'Brien,94,1,0,43.08310673,-95.62474482,19141.0,683.4872391478223,1.0638297872340423,93,92,1,0,91,92,13840,2,0,0,2,0
2020-07-11,US,Iowa,Osceola,68,0,0,43.37824276,-95.62422844,19143.0,1141.3225914736486,0.0,68,66,0,0,66,64,6040,2,0,0,2,2
2020-07-11,US,Iowa,Page,21,0,0,40.7393172,-95.1497813,19145.0,139.00840669888132,0.0,21,20,0,0,20,20,15249,1,0,0,1,0
2020-07-11,US,Iowa,Palo Alto,51,0,0,43.08193849,-94.67824621,19147.0,573.9365293720459,0.0,51,48,0,0,48,46,8929,3,0,0,3,2
2020-07-11,US,Iowa,Plymouth,346,5,0,42.737633,-96.21366621,19149.0,1374.27016721611,1.4450867052023122,341,345,5,0,340,336,25095,1,0,0,1,9
2020-07-11,US,Iowa,Pocahontas,107,1,0,42.73420133,-94.67862564,19151.0,1616.558392506421,0.9345794392523364,106,106,1,0,105,104,6740,1,0,0,1,2
2020-07-11,US,Iowa,Polk,7332,184,0,41.68679484,-93.57767461,19153.0,1495.8350419556025,2.5095471903982536,7148,7196,182,0,7014,6990,487204,136,2,0,134,206
2020-07-11,US,Iowa,Pottawattamie,821,12,0,41.33640314,-95.53907776,19155.0,880.8445808209773,1.4616321559074301,809,806,12,0,794,780,93533,15,0,0,15,26
2020-07-11,US,Iowa,Poweshiek,112,8,0,41.68625425,-92.53155731,19157.0,605.2745352356247,7.142857142857142,104,110,8,0,102,108,18699,2,0,0,2,2
2020-07-11,US,Iowa,Ringgold,16,1,0,40.73518949,-94.24368535,19159.0,326.9309358398038,6.25,15,15,1,0,14,15,4968,1,0,0,1,0
2020-07-11,US,Iowa,Sac,68,0,0,42.38624071,-95.10547892,19161.0,699.5165106470528,0.0,68,65,0,0,65,65,9719,3,0,0,3,0
2020-07-11,US,Iowa,Scott,1031,10,0,41.63935978,-90.61959493,19163.0,596.1501766477973,0.9699321047526672,1021,1002,10,0,992,926,173283,29,0,0,29,76
2020-07-11,US,Iowa,Shelby,120,0,0,41.6850066,-95.31015553,19165.0,1047.6689366160294,0.0,120,120,0,0,120,118,11578,0,0,0,0,2
2020-07-11,US,Iowa,Sioux,501,0,0,43.08221074,-96.17675679999999,19167.0,1437.3834457036294,0.0,501,497,0,0,497,493,34909,4,0,0,4,4
2020-07-11,US,Iowa,Story,857,5,0,42.03621213,-93.46499005,19169.0,882.4407673218901,0.5834305717619603,852,851,5,0,846,825,98105,6,0,0,6,26
2020-07-11,US,Iowa,Tama,483,29,0,42.07991767,-92.53266945,19171.0,2865.7885368458533,6.004140786749482,454,482,29,0,453,478,16904,1,0,0,1,4
2020-07-11,US,Iowa,Taylor,81,0,0,40.73710579,-94.69778563,19173.0,1323.313184120242,0.0,81,81,0,0,81,81,6191,0,0,0,0,0
2020-07-11,US,Iowa,Unassigned,35,0,0,0.0,0.0,90019.0,0.0,0.0,35,27,0,0,27,22,,8,0,0,8,5
2020-07-11,US,Iowa,Union,38,0,0,41.0277278,-94.24234847,19175.0,310.4321542357651,0.0,38,38,0,0,38,37,12359,0,0,0,0,1
2020-07-11,US,Iowa,Van Buren,21,0,0,40.75326764,-91.95017958,19177.0,298.12606473594553,0.0,21,21,0,0,21,21,7020,0,0,0,0,0
2020-07-11,US,Iowa,Wapello,714,31,0,41.03064984,-92.40954728,19179.0,2041.8084589207583,4.341736694677871,683,714,31,0,683,712,35205,0,0,0,0,2
2020-07-11,US,Iowa,Warren,319,1,0,41.33559454,-93.56007641,19181.0,619.826681692768,0.31347962382445144,318,311,1,0,310,300,51056,8,0,0,8,11
2020-07-11,US,Iowa,Washington,251,9,0,41.33577126,-91.71725711,19183.0,1142.7270657864785,3.585657370517928,242,249,9,0,240,248,22141,2,0,0,2,1
2020-07-11,US,Iowa,Wayne,11,0,0,40.73969028,-93.32752197,19185.0,170.78093463747862,0.0,11,11,0,0,11,10,6401,0,0,0,0,1
2020-07-11,US,Iowa,Webster,365,5,0,42.42853483,-94.17987389,19187.0,1016.5998217468806,1.3698630136986298,360,345,4,0,341,284,36277,20,1,0,19,61
2020-07-11,US,Iowa,Winnebago,34,0,0,43.37751174,-93.73407298,19189.0,328.3755070504153,0.0,34,33,0,0,33,31,10518,1,0,0,1,2
2020-07-11,US,Iowa,Winneshiek,46,0,0,43.29094334,-91.84422722,19191.0,230.10354659596817,0.0,46,45,0,0,45,43,20029,1,0,0,1,2
2020-07-11,US,Iowa,Woodbury,3329,44,0,42.38979414,-96.0459439,19193.0,3228.684764370993,1.321718233703815,3285,3317,44,0,3273,3282,102539,12,0,0,12,35
2020-07-11,US,Iowa,Worth,22,0,0,43.37750768,-93.26087602,19195.0,298.06259314456037,0.0,22,22,0,0,22,21,7453,0,0,0,0,1
2020-07-11,US,Iowa,Wright,397,1,0,42.73305373,-93.73515113,19197.0,3160.3247890463304,0.2518891687657431,396,397,1,0,396,389,12690,0,0,0,0,8
2020-07-11,US,Kansas,Allen,6,0,0,37.88582951,-95.30030847,20001.0,48.508367693427104,0.0,6,6,0,0,6,5,12444,0,0,0,0,1
2020-07-11,US,Kansas,Anderson,8,0,0,38.21413251,-95.29272815,20003.0,101.80707559175363,0.0,8,8,0,0,8,8,7878,0,0,0,0,0
2020-07-11,US,Kansas,Atchison,42,0,0,39.53185661,-95.30870026,20005.0,261.3077832389722,0.0,42,42,0,0,42,42,16193,0,0,0,0,0
2020-07-11,US,Kansas,Barber,2,0,0,37.2288586,-98.68460053,20007.0,45.177320984865595,0.0,2,2,0,0,2,2,4472,0,0,0,0,0
2020-07-11,US,Kansas,Barton,63,2,0,38.47889676,-98.75636726,20009.0,244.3849645059932,3.1746031746031744,61,62,2,0,60,62,26111,1,0,0,1,0
2020-07-11,US,Kansas,Bourbon,50,1,0,37.85508555,-94.84865997,20011.0,344.0209164717215,2.0,49,50,1,0,49,50,14653,0,0,0,0,0
2020-07-11,US,Kansas,Brown,19,0,0,39.82652589,-95.56421698,20013.0,198.66164784608952,0.0,19,19,0,0,19,18,9598,0,0,0,0,1
2020-07-11,US,Kansas,Butler,88,0,0,37.78134351,-96.83878537,20015.0,131.51798657918727,0.0,88,88,0,0,88,82,66765,0,0,0,0,6
2020-07-11,US,Kansas,Chase,5,0,0,38.30292938,-96.59563862,20017.0,188.82175226586102,0.0,5,5,0,0,5,5,2629,0,0,0,0,0
2020-07-11,US,Kansas,Chautauqua,5,0,0,37.14994405,-96.2454192,20019.0,153.84615384615384,0.0,5,5,0,0,5,5,3309,0,0,0,0,0
2020-07-11,US,Kansas,Cherokee,52,1,0,37.16928494,-94.8462897,20021.0,260.79542604945084,1.9230769230769231,51,52,1,0,51,48,20015,0,0,0,0,4
2020-07-11,US,Kansas,Cheyenne,2,0,0,39.78580976,-101.7318201,20023.0,75.27286413248024,0.0,2,2,0,0,2,2,2660,0,0,0,0,0
2020-07-11,US,Kansas,Clark,34,1,0,37.23577007,-99.81883015,20025.0,1705.1153460381142,2.9411764705882355,33,34,1,0,33,34,2005,0,0,0,0,0
2020-07-11,US,Kansas,Clay,10,2,0,39.34948772,-97.16518128,20027.0,124.96875781054734,20.0,8,10,2,0,8,9,7997,0,0,0,0,1
2020-07-11,US,Kansas,Cloud,26,0,0,39.48028352,-97.64925343,20029.0,295.92533576143865,0.0,26,26,0,0,26,25,8729,0,0,0,0,1
2020-07-11,US,Kansas,Coffey,54,8,0,38.2365018,-95.73379515,20031.0,660.2274116640176,14.814814814814815,46,53,8,0,45,53,8233,1,0,0,1,0
2020-07-11,US,Kansas,Comanche,3,0,0,37.19114520000001,-99.27113247,20033.0,176.47058823529412,0.0,3,3,0,0,3,3,1748,0,0,0,0,0
2020-07-11,US,Kansas,Cowley,83,1,0,37.23781842,-96.83776647,20035.0,237.76784691188263,1.2048192771084338,82,83,1,0,82,79,35218,0,0,0,0,4
2020-07-11,US,Kansas,Crawford,298,1,0,37.50675523,-94.85245778,20037.0,767.6850945437683,0.3355704697986577,297,298,1,0,297,291,39019,0,0,0,0,7
2020-07-11,US,Kansas,Dickinson,23,1,0,38.86600962,-97.15532383,20041.0,124.55323296869922,4.3478260869565215,22,23,1,0,22,19,18717,0,0,0,0,4
2020-07-11,US,Kansas,Doniphan,26,0,0,39.79067154,-95.14056866,20043.0,342.10526315789474,0.0,26,26,0,0,26,26,7682,0,0,0,0,0
2020-07-11,US,Kansas,Douglas,415,0,0,38.88503636,-95.2925121,20045.0,339.4433129667345,0.0,415,415,0,0,415,377,121436,0,0,0,0,38
2020-07-11,US,Kansas,Edwards,8,0,0,37.88735543,-99.31263309,20047.0,285.91851322373117,0.0,8,8,0,0,8,7,2849,0,0,0,0,1
2020-07-11,US,Kansas,Elk,1,0,0,37.45338105,-96.24369667,20049.0,39.52569169960474,0.0,1,1,0,0,1,1,2508,0,0,0,0,0
2020-07-11,US,Kansas,Ellis,42,0,0,38.91458712,-99.31751551,20051.0,147.09487619514587,0.0,42,42,0,0,42,33,28710,0,0,0,0,9
2020-07-11,US,Kansas,Ellsworth,11,0,0,38.69677695,-98.20462799,20053.0,180.26876433956082,0.0,11,11,0,0,11,11,6196,0,0,0,0,0
2020-07-11,US,Kansas,Finney,1604,10,0,38.04340344,-100.7381938,20055.0,4398.497271505746,0.6234413965087282,1594,1604,10,0,1594,1595,36611,0,0,0,0,9
2020-07-11,US,Kansas,Ford,1965,8,0,37.69200114,-99.88825298,20057.0,5844.9091287664705,0.4071246819338422,1957,1965,8,0,1957,1960,33888,0,0,0,0,5
2020-07-11,US,Kansas,Franklin,88,1,0,38.56443815,-95.28644341,20059.0,344.5036016285625,1.1363636363636365,87,88,1,0,87,88,25631,0,0,0,0,0
2020-07-11,US,Kansas,Geary,85,1,0,38.99871131,-96.7577178,20061.0,268.3928007578149,1.1764705882352942,84,82,1,0,81,79,32594,3,0,0,3,3
2020-07-11,US,Kansas,Gove,2,0,0,38.91588178,-100.4829321,20063.0,75.87253414264036,0.0,2,2,0,0,2,2,2612,0,0,0,0,0
2020-07-11,US,Kansas,Graham,6,0,0,39.34987223,-99.88332493,20065.0,241.74053182917004,0.0,6,6,0,0,6,5,2492,0,0,0,0,1
2020-07-11,US,Kansas,Grant,61,2,0,37.56227336,-101.3079758,20067.0,853.1468531468532,3.278688524590164,59,57,2,0,55,57,7336,4,0,0,4,0
2020-07-11,US,Kansas,Gray,37,0,0,37.73836671,-100.4369088,20069.0,617.9024716098864,0.0,37,37,0,0,37,34,6033,0,0,0,0,3
2020-07-11,US,Kansas,Greenwood,11,0,0,37.8774388,-96.23250453,20073.0,183.884988298228,0.0,11,11,0,0,11,11,6055,0,0,0,0,0
2020-07-11,US,Kansas,Hamilton,33,0,0,37.99978709,-101.7921066,20075.0,1299.7243009058686,0.0,33,32,0,0,32,32,2607,1,0,0,1,0
2020-07-11,US,Kansas,Harper,2,0,0,37.19175361,-98.07578384,20077.0,36.79175864606328,0.0,2,2,0,0,2,2,5506,0,0,0,0,0
2020-07-11,US,Kansas,Harvey,64,0,0,38.04293782,-97.42747573,20079.0,185.88980220163242,0.0,64,64,0,0,64,59,34210,0,0,0,0,5
2020-07-11,US,Kansas,Haskell,32,0,0,37.5620394,-100.8710738,20081.0,806.4516129032259,0.0,32,32,0,0,32,30,3997,0,0,0,0,2
2020-07-11,US,Kansas,Hodgeman,9,0,0,38.08780079,-99.89829881,20083.0,501.6722408026756,0.0,9,9,0,0,9,9,1818,0,0,0,0,0
2020-07-11,US,Kansas,Jackson,117,1,0,39.41673394,-95.79356799,20085.0,888.3152380229292,0.8547008547008547,116,117,1,0,116,117,13280,0,0,0,0,0
2020-07-11,US,Kansas,Jefferson,37,0,0,39.2347941,-95.38289232,20087.0,194.29711705088485,0.0,37,37,0,0,37,36,18975,0,0,0,0,1
2020-07-11,US,Kansas,Jewell,4,0,0,39.78470589,-98.21820662,20089.0,138.9371309482459,0.0,4,4,0,0,4,4,2841,0,0,0,0,0
2020-07-11,US,Kansas,Johnson,2857,92,0,38.88548175,-94.82250877,20091.0,474.26880101460654,3.2201610080504026,2765,2724,92,0,2632,2633,597555,133,0,0,133,91
2020-07-11,US,Kansas,Kearny,48,1,0,38.00017981,-101.321681,20093.0,1250.6513809275666,2.083333333333333,47,48,1,0,47,48,3943,0,0,0,0,0
2020-07-11,US,Kansas,Kingman,4,0,0,37.55909527,-98.13638678,20095.0,55.92841163310962,0.0,4,4,0,0,4,1,7310,0,0,0,0,3
2020-07-11,US,Kansas,Kiowa,3,0,0,37.55848695,-99.2856537,20097.0,121.21212121212122,0.0,3,3,0,0,3,3,2516,0,0,0,0,0
2020-07-11,US,Kansas,Labette,66,0,0,37.19113093,-95.29849679,20099.0,336.42573147109795,0.0,66,66,0,0,66,65,19964,0,0,0,0,1
2020-07-11,US,Kansas,Lane,5,0,0,38.48119447,-100.4660754,20101.0,325.73289902280135,0.0,5,5,0,0,5,5,1560,0,0,0,0,0
2020-07-11,US,Kansas,Leavenworth,1213,7,0,39.20183497,-95.03620809,20103.0,1483.6468602460916,0.5770816158285244,1206,1213,7,0,1206,1196,81352,0,0,0,0,17
2020-07-11,US,Kansas,Lincoln,2,0,0,39.04549684,-98.20756994,20105.0,67.5219446320054,0.0,2,2,0,0,2,1,3023,0,0,0,0,1
2020-07-11,US,Kansas,Linn,16,0,0,38.21267844,-94.84254089,20107.0,164.89745439554778,0.0,16,16,0,0,16,15,9750,0,0,0,0,1
2020-07-11,US,Kansas,Logan,2,0,0,38.91735806,-101.148475,20109.0,71.58196134574086,0.0,2,1,0,0,1,1,2844,1,0,0,1,0
2020-07-11,US,Kansas,Lyon,523,7,0,38.45576156,-96.15275715,20111.0,1575.5384847115527,1.338432122370937,516,523,7,0,516,515,33406,0,0,0,0,8
2020-07-11,US,Kansas,Marion,20,1,0,38.35855394,-97.0985251,20115.0,168.2935038707506,5.0,19,20,1,0,19,20,11950,0,0,0,0,0
2020-07-11,US,Kansas,Marshall,2,0,0,39.78359669,-96.52278974,20117.0,20.603688060162767,0.0,2,2,0,0,2,2,9722,0,0,0,0,0
2020-07-11,US,Kansas,McPherson,85,0,0,38.39184858,-97.64769869,20113.0,297.8067409431714,0.0,85,82,0,0,82,81,28537,3,0,0,3,1
2020-07-11,US,Kansas,Meade,30,0,0,37.23859987,-100.364831,20119.0,743.86312918423,0.0,30,30,0,0,30,30,4146,0,0,0,0,0
2020-07-11,US,Kansas,Miami,52,0,0,38.56383358,-94.83832189,20121.0,151.882466337588,0.0,52,52,0,0,52,52,33680,0,0,0,0,0
2020-07-11,US,Kansas,Mitchell,11,0,0,39.39331582,-98.20906732,20123.0,183.9772537213581,0.0,11,11,0,0,11,5,6150,0,0,0,0,6
2020-07-11,US,Kansas,Montgomery,64,3,0,37.19236568,-95.74329258,20125.0,201.07449181563985,4.6875,61,64,3,0,61,60,32120,0,0,0,0,4
2020-07-11,US,Kansas,Morris,5,0,0,38.68827511,-96.65128437,20127.0,88.96797153024912,0.0,5,5,0,0,5,5,5521,0,0,0,0,0
2020-07-11,US,Kansas,Morton,7,2,0,37.19141121,-101.79925190000002,20129.0,270.5836876691148,28.57142857142857,5,7,2,0,5,7,2667,0,0,0,0,0
2020-07-11,US,Kansas,Nemaha,30,0,0,39.78345387,-96.01392079,20131.0,293.2264685758968,0.0,30,30,0,0,30,29,10155,0,0,0,0,1
2020-07-11,US,Kansas,Neosho,37,0,0,37.55862897,-95.30670046,20133.0,231.14887236833889,0.0,37,37,0,0,37,35,15951,0,0,0,0,2
2020-07-11,US,Kansas,Ness,4,0,0,38.47974157,-99.91547333,20135.0,145.45454545454547,0.0,4,4,0,0,4,4,2840,0,0,0,0,0
2020-07-11,US,Kansas,Norton,18,0,0,39.78443827,-99.90286639,20137.0,335.75825405707883,0.0,18,13,0,0,13,13,5430,5,0,0,5,0
2020-07-11,US,Kansas,Osage,28,0,0,38.65235984,-95.72707998,20139.0,175.55959621292868,0.0,28,28,0,0,28,25,15941,0,0,0,0,3
2020-07-11,US,Kansas,Osborne,3,0,0,39.3503437,-98.76753828,20141.0,87.69365682548961,0.0,3,3,0,0,3,3,3475,0,0,0,0,0
2020-07-11,US,Kansas,Ottawa,15,0,0,39.13237408,-97.65020313,20143.0,262.9733520336606,0.0,15,15,0,0,15,12,5802,0,0,0,0,3
2020-07-11,US,Kansas,Pawnee,4,0,0,38.18108732,-99.23692334,20145.0,62.363579669473026,0.0,4,4,0,0,4,4,6562,0,0,0,0,0
2020-07-11,US,Kansas,Phillips,36,4,0,39.78465501,-99.34668865,20147.0,687.8104700038211,11.111111111111109,32,28,2,0,26,27,5317,8,2,0,6,1
2020-07-11,US,Kansas,Pottawatomie,83,0,0,39.37925655,-96.34564657,20149.0,340.40109912644056,0.0,83,83,0,0,83,78,24277,0,0,0,0,5
2020-07-11,US,Kansas,Pratt,14,0,0,37.64780729,-98.73922153,20151.0,152.77171540811872,0.0,14,14,0,0,14,12,9378,0,0,0,0,2
2020-07-11,US,Kansas,Reno,123,0,0,37.95230263,-98.08607292,20155.0,198.39349656440532,0.0,123,119,0,0,119,109,62342,4,0,0,4,10
2020-07-11,US,Kansas,Republic,17,0,0,39.82799632,-97.65036709,20157.0,366.69542709232087,0.0,17,17,0,0,17,17,4664,0,0,0,0,0
2020-07-11,US,Kansas,Rice,8,0,0,38.34616184,-98.19992118,20159.0,83.88382090804237,0.0,8,8,0,0,8,8,9531,0,0,0,0,0
2020-07-11,US,Kansas,Riley,337,3,0,39.28935726,-96.73420026,20161.0,453.98211014117896,0.8902077151335311,334,337,3,0,334,332,73703,0,0,0,0,5
2020-07-11,US,Kansas,Rooks,9,0,0,39.35022773,-99.32484567,20163.0,182.9268292682927,0.0,9,9,0,0,9,9,5013,0,0,0,0,0
2020-07-11,US,Kansas,Rush,3,0,0,38.52275276,-99.30863983,20165.0,98.81422924901186,0.0,3,3,0,0,3,2,3093,0,0,0,0,1
2020-07-11,US,Kansas,Russell,2,0,0,38.91462787,-98.76254297,20167.0,29.171528588098017,0.0,2,1,0,0,1,1,6907,1,0,0,1,0
2020-07-11,US,Kansas,Saline,210,2,0,38.78369175,-97.65185177,20169.0,387.28238418412514,0.9523809523809524,208,210,2,0,208,185,54401,0,0,0,0,25
2020-07-11,US,Kansas,Scott,17,0,0,38.48222076,-100.9066539,20171.0,352.477710968277,0.0,17,17,0,0,17,16,4897,0,0,0,0,1
2020-07-11,US,Kansas,Sedgwick,1959,28,0,37.6842718,-97.4608198,20173.0,379.6202634669271,1.4293006636038796,1931,1844,28,0,1816,1792,513607,115,0,0,115,52
2020-07-11,US,Kansas,Seward,1082,2,0,37.19324632,-100.8507201,20175.0,5049.467985812955,0.18484288354898334,1080,1082,2,0,1080,1048,21780,0,0,0,0,34
2020-07-11,US,Kansas,Shawnee,990,13,0,39.04100763,-95.7557264,20177.0,559.7173144876325,1.3131313131313131,977,964,13,0,951,918,177499,26,0,0,26,46
2020-07-11,US,Kansas,Sheridan,6,0,0,39.35018161,-100.4418259,20179.0,238.00079333597785,0.0,6,6,0,0,6,5,2533,0,0,0,0,1
2020-07-11,US,Kansas,Sherman,8,0,0,39.35147699,-101.7197624,20181.0,135.20365049856346,0.0,8,7,0,0,7,7,5899,1,0,0,1,0
2020-07-11,US,Kansas,Smith,3,0,0,39.78516566,-98.78566062,20183.0,83.72871895060004,0.0,3,3,0,0,3,3,3603,0,0,0,0,0
2020-07-11,US,Kansas,Stafford,1,0,0,38.03100851,-98.71762001,20185.0,24.06159769008662,0.0,1,1,0,0,1,1,4178,0,0,0,0,0
2020-07-11,US,Kansas,Stanton,12,0,0,37.56304714,-101.7843534,20187.0,598.2053838484546,0.0,12,12,0,0,12,12,1987,0,0,0,0,0
2020-07-11,US,Kansas,Stevens,34,0,0,37.1923008,-101.3118967,20189.0,619.8723792160438,0.0,34,34,0,0,34,33,5559,0,0,0,0,1
2020-07-11,US,Kansas,Sumner,32,1,0,37.23682549,-97.47721621,20191.0,140.12961989840602,3.125,31,26,1,0,25,20,22996,6,0,0,6,6
2020-07-11,US,Kansas,Thomas,18,0,0,39.35107575,-101.0553705,20193.0,231.45171660023144,0.0,18,17,0,0,17,17,7711,1,0,0,1,0
2020-07-11,US,Kansas,Trego,2,0,0,38.91467218,-99.87284448,20195.0,71.35212272565109,0.0,2,2,0,0,2,2,2793,0,0,0,0,0
2020-07-11,US,Kansas,Unassigned,0,1,0,0.0,0.0,90020.0,0.0,0.0,-1,0,1,0,-1,0,,0,0,0,0,0
2020-07-11,US,Kansas,Wabaunsee,38,0,0,38.95471985,-96.20350509,20197.0,548.2614341364882,0.0,38,38,0,0,38,37,6899,0,0,0,0,1
2020-07-11,US,Kansas,Washington,1,0,0,39.78420784,-97.0875323,20201.0,18.49796522382538,0.0,1,1,0,0,1,1,5420,0,0,0,0,0
2020-07-11,US,Kansas,Wilson,4,0,0,37.55937174,-95.74323255,20205.0,46.920821114369495,0.0,4,4,0,0,4,4,8665,0,0,0,0,0
2020-07-11,US,Kansas,Woodson,12,0,0,37.8865336,-95.74006277,20207.0,382.4091778202677,0.0,12,12,0,0,12,12,3183,0,0,0,0,0
2020-07-11,US,Kansas,Wyandotte,2939,87,0,39.11727348,-94.76378225,20209.0,1776.5929794655108,2.9601905410003404,2852,2869,87,0,2782,2790,165324,70,0,0,70,79
2020-07-11,US,Kentucky,Adair,141,19,0,37.10459774,-85.28129668,21001.0,734.2985105718152,13.47517730496454,122,136,19,0,117,131,19215,5,0,0,5,5
2020-07-11,US,Kentucky,Allen,190,7,0,36.75197631,-86.19457544,21003.0,891.3910391742903,3.684210526315789,183,185,7,0,178,183,21122,5,0,0,5,2
2020-07-11,US,Kentucky,Anderson,31,1,0,38.00671029,-84.99171713,21005.0,136.28170747790918,3.2258064516129035,30,30,1,0,29,30,22663,1,0,0,1,0
2020-07-11,US,Kentucky,Ballard,17,0,0,37.05842757,-88.99427697,21007.0,215.5172413793104,0.0,17,16,0,0,16,15,7979,1,0,0,1,1
2020-07-11,US,Kentucky,Barren,124,2,0,36.96469836,-85.93338945,21009.0,280.23232163438723,1.6129032258064515,122,116,2,0,114,107,44176,8,0,0,8,9
2020-07-11,US,Kentucky,Bath,21,1,0,38.14735938,-83.74588932,21011.0,168.0,4.761904761904762,20,18,1,0,17,18,12383,3,0,0,3,0
2020-07-11,US,Kentucky,Bell,92,0,0,36.73355174,-83.67766671,21013.0,353.4111862323294,0.0,92,74,0,0,74,69,26569,18,0,0,18,5
2020-07-11,US,Kentucky,Boone,712,23,0,38.97065142,-84.72615357,21015.0,533.0099340475067,3.230337078651685,689,694,23,0,671,683,131533,18,0,0,18,11
2020-07-11,US,Kentucky,Bourbon,41,1,0,38.2054607,-84.21827874,21017.0,207.1962805740853,2.4390243902439024,40,38,1,0,37,37,20184,3,0,0,3,1
2020-07-11,US,Kentucky,Boyd,81,3,0,38.36176608,-82.68652187,21019.0,173.38070979065884,3.703703703703704,78,78,3,0,75,73,47240,3,0,0,3,5
2020-07-11,US,Kentucky,Boyle,43,0,0,37.62680923,-84.8633779,21021.0,143.0472388556221,0.0,43,43,0,0,43,43,30100,0,0,0,0,0
2020-07-11,US,Kentucky,Bracken,19,0,0,38.69158994,-84.08532444,21023.0,228.8329519450801,0.0,19,19,0,0,19,17,8239,0,0,0,0,2
2020-07-11,US,Kentucky,Breathitt,15,0,0,37.52333168,-83.31959161,21025.0,118.76484560570073,0.0,15,15,0,0,15,12,12726,0,0,0,0,3
2020-07-11,US,Kentucky,Breckinridge,29,2,0,37.77377239,-86.42885017,21027.0,141.62230795526688,6.896551724137932,27,29,2,0,27,28,20388,0,0,0,0,1
2020-07-11,US,Kentucky,Bullitt,173,4,0,37.97162523,-85.68955617,21029.0,211.8125275478721,2.3121387283237,169,169,4,0,165,166,81069,4,0,0,4,3
2020-07-11,US,Kentucky,Butler,264,14,0,37.20946153,-86.68748787,21031.0,2049.8485907290938,5.303030303030303,250,264,14,0,250,262,12772,0,0,0,0,2
2020-07-11,US,Kentucky,Caldwell,32,0,0,37.14749129,-87.86948214,21033.0,251.03946026516044,0.0,32,31,0,0,31,29,12715,1,0,0,1,2
2020-07-11,US,Kentucky,Calloway,107,1,0,36.62093411,-88.2731593,21035.0,274.351939693854,0.9345794392523364,106,108,1,0,107,102,39135,-1,0,0,-1,6
2020-07-11,US,Kentucky,Campbell,323,13,0,38.94384345,-84.37875208,21037.0,345.14446914002394,4.0247678018575845,310,314,13,0,301,307,93152,9,0,0,9,7
2020-07-11,US,Kentucky,Carlisle,10,1,0,36.85372876,-88.96692220000001,21039.0,210.08403361344537,10.0,9,10,1,0,9,9,4771,0,0,0,0,1
2020-07-11,US,Kentucky,Carroll,77,1,0,38.66599534,-85.12601074,21041.0,724.2968676512088,1.2987012987012987,76,69,1,0,68,65,10737,8,0,0,8,4
2020-07-11,US,Kentucky,Carter,37,0,0,38.31690743,-83.05092385,21043.0,138.075157666903,0.0,37,37,0,0,37,32,27004,0,0,0,0,5
2020-07-11,US,Kentucky,Casey,41,1,0,37.32533118,-84.92726209,21045.0,253.72857231264308,2.4390243902439024,40,39,1,0,38,33,15888,2,0,0,2,6
2020-07-11,US,Kentucky,Christian,277,4,0,36.89267803,-87.49055367,21047.0,393.1252749748088,1.444043321299639,273,251,4,0,247,248,71671,26,0,0,26,3
2020-07-11,US,Kentucky,Clark,112,6,0,37.9689263,-84.14615986,21049.0,308.85475553594574,5.357142857142857,106,105,6,0,99,104,36249,7,0,0,7,1
2020-07-11,US,Kentucky,Clay,82,4,0,37.16451126,-83.712575,21051.0,412.039596000201,4.878048780487805,78,81,4,0,77,80,20105,1,0,0,1,1
2020-07-11,US,Kentucky,Clinton,6,0,0,36.72581156,-85.13377529,21053.0,58.71990604815032,0.0,6,6,0,0,6,6,10206,0,0,0,0,0
2020-07-11,US,Kentucky,Crittenden,11,1,0,37.35839237,-88.08826090000002,21055.0,124.91483079718374,9.090909090909092,10,11,1,0,10,11,8915,0,0,0,0,0
2020-07-11,US,Kentucky,Cumberland,6,0,0,36.78926125,-85.39050034,21057.0,90.71666162685213,0.0,6,6,0,0,6,6,6659,0,0,0,0,0
2020-07-11,US,Kentucky,Daviess,499,8,0,37.73028906,-87.09019479999998,21059.0,491.57234191368417,1.6032064128256514,491,493,8,0,485,483,101104,6,0,0,6,10
2020-07-11,US,Kentucky,Edmonson,76,12,0,37.21218923,-86.23955613,21061.0,625.5144032921811,15.789473684210524,64,76,12,0,64,75,12274,0,0,0,0,1
2020-07-11,US,Kentucky,Elliott,3,0,0,38.11624059,-83.09771563,21063.0,39.90953837967274,0.0,3,3,0,0,3,3,7508,0,0,0,0,0
2020-07-11,US,Kentucky,Estill,6,0,0,37.69241417,-83.95956369,21065.0,42.535091450446615,0.0,6,5,0,0,5,5,14198,1,0,0,1,0
2020-07-11,US,Kentucky,Fayette,1814,31,0,38.0368225,-84.45576892,21067.0,561.3457444174877,1.708930540242558,1783,1778,31,0,1747,1736,323780,36,0,0,36,42
2020-07-11,US,Kentucky,Fleming,27,0,0,38.36758311,-83.69657514,21069.0,185.1724847404156,0.0,27,26,0,0,26,25,14432,1,0,0,1,1
2020-07-11,US,Kentucky,Floyd,40,0,0,37.56213922,-82.74750924,21071.0,112.39427913119222,0.0,40,39,0,0,39,38,35845,1,0,0,1,1
2020-07-11,US,Kentucky,Franklin,163,4,0,38.2379395,-84.87962551,21073.0,319.6642544762801,2.4539877300613497,159,159,4,0,155,156,50815,4,0,0,4,3
2020-07-11,US,Kentucky,Fulton,27,1,0,36.55238827,-89.20140068,21075.0,452.3370748869157,3.703703703703704,26,26,1,0,25,25,6120,1,0,0,1,1
2020-07-11,US,Kentucky,Gallatin,68,8,0,38.75398691,-84.8558382,21077.0,766.7155259894013,11.764705882352944,60,67,8,0,59,67,8832,1,0,0,1,0
2020-07-11,US,Kentucky,Garrard,39,0,0,37.6388668,-84.53289319,21079.0,220.7630476621759,0.0,39,37,0,0,37,33,17560,2,0,0,2,4
2020-07-11,US,Kentucky,Grant,64,5,0,38.64962758,-84.62415957,21081.0,255.29538473812283,7.8125,59,62,5,0,57,62,25121,2,0,0,2,0
2020-07-11,US,Kentucky,Graves,287,21,0,36.72292505,-88.65143315,21083.0,770.1390006976869,7.317073170731707,266,270,21,0,249,250,37317,17,0,0,17,20
2020-07-11,US,Kentucky,Grayson,147,11,0,37.46231118,-86.34248968,21085.0,556.2492904983541,7.482993197278912,136,146,11,0,135,143,26321,1,0,0,1,3
2020-07-11,US,Kentucky,Green,9,1,0,37.26484328,-85.5540745,21087.0,82.25939128050453,11.111111111111109,8,8,1,0,7,8,11049,1,0,0,1,0
2020-07-11,US,Kentucky,Greenup,44,0,0,38.54332505,-82.9215658,21089.0,125.36326856231123,0.0,44,40,0,0,40,40,35268,4,0,0,4,0
2020-07-11,US,Kentucky,Hancock,26,0,0,37.83766422,-86.78280584,21091.0,298.09676679660635,0.0,26,25,0,0,25,22,8758,1,0,0,1,3
2020-07-11,US,Kentucky,Hardin,259,6,0,37.6976111,-85.96319251,21093.0,233.42165504064602,2.3166023166023164,253,246,6,0,240,229,110356,13,0,0,13,17
2020-07-11,US,Kentucky,Harlan,37,2,0,36.85699301,-83.21899516,21095.0,142.25297962322185,5.405405405405406,35,35,2,0,33,33,26409,2,0,0,2,2
2020-07-11,US,Kentucky,Harrison,81,0,0,38.44188174,-84.32869741,21097.0,428.8891242189982,0.0,81,81,0,0,81,81,18778,0,0,0,0,0
2020-07-11,US,Kentucky,Hart,47,0,0,37.29943898,-85.88461055,21099.0,246.9135802469136,0.0,47,47,0,0,47,47,18906,0,0,0,0,0
2020-07-11,US,Kentucky,Henderson,199,3,0,37.79344553,-87.57392021,21101.0,440.1681044016809,1.5075376884422111,196,190,3,0,187,178,45591,9,0,0,9,12
2020-07-11,US,Kentucky,Henry,43,2,0,38.44942688,-85.11587507,21103.0,266.6501302244822,4.651162790697675,41,43,2,0,41,41,16106,0,0,0,0,2
2020-07-11,US,Kentucky,Hickman,7,0,0,36.67948079999999,-88.97875928,21105.0,159.8173515981735,0.0,7,7,0,0,7,7,4421,0,0,0,0,0
2020-07-11,US,Kentucky,Hopkins,305,33,0,37.30939025,-87.54670406,21107.0,682.5403929642392,10.81967213114754,272,297,33,0,264,291,45068,8,0,0,8,6
2020-07-11,US,Kentucky,Jackson,116,14,0,37.41866422,-83.99825483,21109.0,870.2828419236251,12.06896551724138,102,115,14,0,101,115,13442,1,0,0,1,0
2020-07-11,US,Kentucky,Jefferson,4522,206,0,38.18664655,-85.65931031,21111.0,589.7565982442939,4.5555064130915515,4316,4458,204,0,4254,4395,770517,64,2,0,62,63
2020-07-11,US,Kentucky,Jessamine,135,0,0,37.87119786,-84.58252003,21113.0,249.46872401367455,0.0,135,127,0,0,127,125,53920,8,0,0,8,2
2020-07-11,US,Kentucky,Johnson,11,0,0,37.85106355,-82.8264322,21115.0,49.576347575265906,0.0,11,11,0,0,11,10,22386,0,0,0,0,1
2020-07-11,US,Kentucky,Kenton,879,37,0,38.93950319,-84.53241199,21117.0,526.3536090252578,4.209328782707623,842,864,37,0,827,857,166051,15,0,0,15,7
2020-07-11,US,Kentucky,Knott,16,0,0,37.35388197,-82.94981134,21119.0,108.06429825746321,0.0,16,15,0,0,15,14,15126,1,0,0,1,1
2020-07-11,US,Kentucky,Knox,94,5,0,36.89225732,-83.85403396,21121.0,301.814095360411,5.319148936170213,89,92,5,0,87,88,31304,2,0,0,2,4
2020-07-11,US,Kentucky,Larue,19,1,0,37.54567114,-85.70138352,21123.0,131.96277260730656,5.2631578947368425,18,19,1,0,18,17,14307,0,0,0,0,2
2020-07-11,US,Kentucky,Laurel,187,3,0,37.10975748,-84.11321779,21125.0,307.5000411096312,1.60427807486631,184,177,3,0,174,165,60669,10,0,0,10,12
2020-07-11,US,Kentucky,Lawrence,11,0,0,38.07136018,-82.72882223,21127.0,71.81562969249853,0.0,11,11,0,0,11,11,15571,0,0,0,0,0
2020-07-11,US,Kentucky,Lee,1,0,0,37.59645942,-83.71513901,21129.0,13.508037282182901,0.0,1,1,0,0,1,1,7033,0,0,0,0,0
2020-07-11,US,Kentucky,Leslie,11,0,0,37.09246661,-83.37999606,21131.0,111.36984914447709,0.0,11,11,0,0,11,11,10143,0,0,0,0,0
2020-07-11,US,Kentucky,Letcher,19,0,0,37.12306748,-82.85346474,21133.0,88.15478123695074,0.0,19,19,0,0,19,18,21899,0,0,0,0,1
2020-07-11,US,Kentucky,Lewis,22,0,0,38.53184419,-83.37735618,21135.0,165.72504708097932,0.0,22,22,0,0,22,22,13257,0,0,0,0,0
2020-07-11,US,Kentucky,Lincoln,51,1,0,37.45475628,-84.6565327,21137.0,207.74776976658927,1.96078431372549,50,48,1,0,47,42,24644,3,0,0,3,6
2020-07-11,US,Kentucky,Livingston,16,0,0,37.21137452,-88.34797529,21139.0,174.0265390472047,0.0,16,14,0,0,14,14,9242,2,0,0,2,0
2020-07-11,US,Kentucky,Logan,245,13,0,36.85949479,-86.877635,21141.0,903.9923252896463,5.306122448979592,232,245,13,0,232,244,26989,0,0,0,0,1
2020-07-11,US,Kentucky,Lyon,21,3,0,37.02080035,-88.07886257,21143.0,255.78562728380024,14.285714285714285,18,21,3,0,18,21,8009,0,0,0,0,0
2020-07-11,US,Kentucky,Madison,183,1,0,37.71659336,-84.27220275,21151.0,196.8017034639251,0.5464480874316939,182,178,1,0,177,169,92368,5,0,0,5,9
2020-07-11,US,Kentucky,Magoffin,7,0,0,37.70820545,-83.0657714,21153.0,57.561055834224156,0.0,7,7,0,0,7,7,12362,0,0,0,0,0
2020-07-11,US,Kentucky,Marion,63,0,0,37.55218078,-85.26898542,21155.0,326.8821667617911,0.0,63,63,0,0,63,60,19404,0,0,0,0,3
2020-07-11,US,Kentucky,Marshall,69,2,0,36.88007070000001,-88.32803576,21157.0,221.86495176848874,2.898550724637681,67,68,2,0,66,66,31191,1,0,0,1,2
2020-07-11,US,Kentucky,Martin,12,0,0,37.79990579,-82.51247478,21159.0,107.19071013845465,0.0,12,12,0,0,12,10,11323,0,0,0,0,2
2020-07-11,US,Kentucky,Mason,39,1,0,38.59471935,-83.82151043,21161.0,228.47100175746925,2.5641025641025643,38,39,1,0,38,39,17150,0,0,0,0,0
2020-07-11,US,Kentucky,McCracken,193,3,0,37.05350953,-88.70445755,21145.0,295.02583386835425,1.5544041450777202,190,192,3,0,189,184,65346,1,0,0,1,8
2020-07-11,US,Kentucky,McCreary,18,0,0,36.73874143,-84.48102924,21147.0,104.46288665776798,0.0,18,18,0,0,18,18,17408,0,0,0,0,0
2020-07-11,US,Kentucky,McLean,28,1,0,37.5301951,-87.26803443,21149.0,304.11643314869116,3.571428571428572,27,27,1,0,26,27,9252,1,0,0,1,0
2020-07-11,US,Kentucky,Meade,32,2,0,37.96163597,-86.21028219,21163.0,111.99776004479912,6.25,30,31,2,0,29,31,28715,1,0,0,1,0
2020-07-11,US,Kentucky,Menifee,14,0,0,37.94090733,-83.59985712,21165.0,215.7497303128371,0.0,14,13,0,0,13,13,6451,1,0,0,1,0
2020-07-11,US,Kentucky,Mercer,29,0,0,37.81474237,-84.87488475,21167.0,132.22085442027995,0.0,29,29,0,0,29,29,21774,0,0,0,0,0
2020-07-11,US,Kentucky,Metcalfe,16,2,0,36.99459295,-85.63123699,21169.0,158.87200873796047,12.5,14,15,2,0,13,14,10030,1,0,0,1,1
2020-07-11,US,Kentucky,Monroe,48,2,0,36.71225341,-85.71596443,21171.0,450.70422535211264,4.166666666666667,46,44,2,0,42,44,10718,4,0,0,4,0
2020-07-11,US,Kentucky,Montgomery,64,0,0,38.03253032,-83.9145241,21173.0,227.2969421458252,0.0,64,63,0,0,63,61,28203,1,0,0,1,2
2020-07-11,US,Kentucky,Morgan,13,0,0,37.92465657,-83.25558245,21175.0,97.67826282966412,0.0,13,12,0,0,12,12,13345,1,0,0,1,0
2020-07-11,US,Kentucky,Muhlenberg,534,8,0,37.21425819,-87.14632053,21177.0,1743.844294951342,1.49812734082397,526,532,8,0,524,532,30774,2,0,0,2,0
2020-07-11,US,Kentucky,Nelson,114,2,0,37.80335779,-85.4657193,21179.0,246.57712023879049,1.7543859649122806,112,108,2,0,106,102,45851,6,0,0,6,6
2020-07-11,US,Kentucky,Nicholas,13,0,0,38.33342292,-84.01889177,21181.0,178.84165634887881,0.0,13,13,0,0,13,11,7166,0,0,0,0,2
2020-07-11,US,Kentucky,Ohio,217,0,0,37.47751843,-86.85368087,21183.0,904.3927648578813,0.0,217,205,0,0,205,204,24087,12,0,0,12,1
2020-07-11,US,Kentucky,Oldham,167,7,0,38.39791089,-85.448222,21185.0,250.00374257099656,4.1916167664670665,160,163,7,0,156,159,66470,4,0,0,4,4
2020-07-11,US,Kentucky,Owen,10,0,0,38.51679143,-84.82404619,21187.0,91.73470323823506,0.0,10,10,0,0,10,10,10880,0,0,0,0,0
2020-07-11,US,Kentucky,Owsley,3,0,0,37.42823949,-83.68811419,21189.0,67.95016987542469,0.0,3,3,0,0,3,3,4472,0,0,0,0,0
2020-07-11,US,Kentucky,Pendleton,22,0,0,38.69607718,-84.35599463,21191.0,150.78821110349554,0.0,22,22,0,0,22,21,14529,0,0,0,0,1
2020-07-11,US,Kentucky,Perry,83,2,0,37.25023553,-83.22922731,21193.0,322.22998680021743,2.409638554216868,81,81,2,0,79,74,26092,2,0,0,2,7
2020-07-11,US,Kentucky,Pike,120,3,0,37.47088263,-82.39487445,21195.0,207.33982998133945,2.5,117,118,3,0,115,115,58402,2,0,0,2,3
2020-07-11,US,Kentucky,Powell,10,0,0,37.83218794,-83.82553961,21197.0,80.91269520187717,0.0,10,9,0,0,9,9,12442,1,0,0,1,0
2020-07-11,US,Kentucky,Pulaski,125,2,0,37.10466131,-84.57629079,21199.0,192.36984256452084,1.6,123,120,2,0,118,117,64623,5,0,0,5,3
2020-07-11,US,Kentucky,Robertson,1,0,0,38.51923469,-84.05055616,21201.0,47.43833017077799,0.0,1,1,0,0,1,1,2135,0,0,0,0,0
2020-07-11,US,Kentucky,Rockcastle,32,0,0,37.36642393,-84.31176452,21203.0,191.67415393830487,0.0,32,32,0,0,32,31,16750,0,0,0,0,1
2020-07-11,US,Kentucky,Rowan,30,0,0,38.19484205,-83.42088935,21205.0,122.64922322158628,0.0,30,24,0,0,24,24,24583,6,0,0,6,0
2020-07-11,US,Kentucky,Russell,62,5,0,36.99308373,-85.06070117,21207.0,345.9242314344697,8.064516129032258,57,58,5,0,53,58,17821,4,0,0,4,0
2020-07-11,US,Kentucky,Scott,126,0,0,38.29622293,-84.5816631,21209.0,221.0371202020911,0.0,126,117,0,0,117,113,56031,9,0,0,9,4
2020-07-11,US,Kentucky,Shelby,565,18,0,38.21476019,-85.194223,21211.0,1152.4967362924285,3.1858407079646023,547,559,18,0,541,545,48518,6,0,0,6,14
2020-07-11,US,Kentucky,Simpson,87,3,0,36.74058474,-86.58047435,21213.0,468.4471247038553,3.4482758620689653,84,86,3,0,83,85,18529,1,0,0,1,1
2020-07-11,US,Kentucky,Spencer,48,0,0,38.03223971,-85.32749335,21215.0,248.04919642395745,0.0,48,43,0,0,43,41,18794,5,0,0,5,2
2020-07-11,US,Kentucky,Taylor,51,1,0,37.3677562,-85.3329931,21217.0,197.91222010943386,1.96078431372549,50,46,1,0,45,46,25549,5,0,0,5,0
2020-07-11,US,Kentucky,Todd,28,0,0,36.8381152,-87.17878374,21219.0,227.7533756303888,0.0,28,26,0,0,26,26,12311,2,0,0,2,0
2020-07-11,US,Kentucky,Trigg,28,0,0,36.80767017,-87.87333656,21221.0,191.11323459149543,0.0,28,26,0,0,26,26,14643,2,0,0,2,0
2020-07-11,US,Kentucky,Trimble,15,0,0,38.61056487,-85.33775972,21223.0,177.07472553417546,0.0,15,13,0,0,13,9,8515,2,0,0,2,4
2020-07-11,US,Kentucky,Unassigned,3,0,0,0.0,0.0,90021.0,0.0,0.0,3,4,0,0,4,4,,-1,0,0,-1,0
2020-07-11,US,Kentucky,Union,31,0,0,37.66166713,-87.94300009,21225.0,215.56220012516516,0.0,31,30,0,0,30,30,14505,1,0,0,1,0
2020-07-11,US,Kentucky,Warren,1722,17,0,36.99903045,-86.42672751,21227.0,1295.7500601974475,0.9872241579558652,1705,1709,17,0,1692,1685,131264,13,0,0,13,24
2020-07-11,US,Kentucky,Washington,30,0,0,37.75599461,-85.17407732,21229.0,248.03637866887144,0.0,30,30,0,0,30,28,12084,0,0,0,0,2
2020-07-11,US,Kentucky,Wayne,20,0,0,36.80310688,-84.8251971,21231.0,98.36226823390548,0.0,20,20,0,0,20,20,20468,0,0,0,0,0
2020-07-11,US,Kentucky,Webster,53,0,0,37.52168356,-87.67989953,21233.0,409.5193942203678,0.0,53,52,0,0,52,49,13111,1,0,0,1,3
2020-07-11,US,Kentucky,Whitley,51,0,0,36.75700531,-84.14541217,21235.0,140.63534083388484,0.0,51,49,0,0,49,49,36242,2,0,0,2,0
2020-07-11,US,Kentucky,Wolfe,4,0,0,37.73941626,-83.49303612,21237.0,55.88933910856503,0.0,4,4,0,0,4,4,7177,0,0,0,0,0
2020-07-11,US,Kentucky,Woodford,81,0,0,38.04178222,-84.7417556,21239.0,302.9849629685045,0.0,81,80,0,0,80,76,26533,1,0,0,1,4
2020-07-11,US,Louisiana,Acadia,1297,45,0,30.2950649,-92.41419698,22001.0,2090.4182448223064,3.469545104086353,1252,1232,44,0,1188,1166,62190,65,1,0,64,66
2020-07-11,US,Louisiana,Allen,444,12,0,30.65385745,-92.82442028,22003.0,1732.547703593866,2.702702702702702,432,432,12,0,420,410,25605,12,0,0,12,22
2020-07-11,US,Louisiana,Ascension,1564,63,0,30.20406249,-90.91328409999998,22005.0,1235.348014280749,4.028132992327365,1501,1532,63,0,1469,1480,124672,32,0,0,32,52
2020-07-11,US,Louisiana,Assumption,415,16,0,29.89946234,-91.06461642,22007.0,1895.7562468594397,3.8554216867469884,399,410,16,0,394,404,22300,5,0,0,5,6
2020-07-11,US,Louisiana,Avoyelles,475,16,0,31.07796211,-92.00079449,22009.0,1183.2403347947388,3.3684210526315788,459,460,16,0,444,447,40462,15,0,0,15,13
2020-07-11,US,Louisiana,Beauregard,350,9,0,30.64836518,-93.34173616,22011.0,933.4080059738112,2.571428571428572,341,319,9,0,310,291,37253,31,0,0,31,28
2020-07-11,US,Louisiana,Bienville,261,28,0,32.34569994,-93.05398492,22013.0,1971.1502152405408,10.727969348659004,233,258,28,0,230,254,13308,3,0,0,3,4
2020-07-11,US,Louisiana,Bossier,1254,38,0,32.67932307,-93.60460152,22015.0,987.0984500822583,3.0303030303030303,1216,1219,37,0,1182,1177,127185,35,1,0,34,42
2020-07-11,US,Louisiana,Caddo,4276,247,0,32.57991587,-93.88375652,22017.0,1780.1535361609301,5.776426566884939,4029,4213,247,0,3966,4055,242922,63,0,0,63,158
2020-07-11,US,Louisiana,Calcasieu,3061,70,0,30.22931235,-93.35400434,22019.0,1504.650111091449,2.2868343678536425,2991,2975,63,0,2912,2797,203112,86,7,0,79,178
2020-07-11,US,Louisiana,Caldwell,126,1,0,32.0902519,-92.11752148,22021.0,1270.4174228675133,0.7936507936507936,125,121,1,0,120,118,9960,5,0,0,5,3
2020-07-11,US,Louisiana,Cameron,97,0,0,29.87592238,-93.19310676,22023.0,1391.0798795353508,0.0,97,97,0,0,97,93,6968,0,0,0,0,4
2020-07-11,US,Louisiana,Catahoula,214,3,0,31.66778967,-91.84526385,22025.0,2254.055192753318,1.4018691588785046,211,211,3,0,208,210,9608,3,0,0,3,1
2020-07-11,US,Louisiana,Claiborne,147,10,0,32.82308512,-92.99526883,22027.0,938.0982769623483,6.802721088435375,137,144,10,0,134,140,15944,3,0,0,3,4
2020-07-11,US,Louisiana,Concordia,147,7,0,31.44817835,-91.63814433,22029.0,763.2795056856537,4.761904761904762,140,140,7,0,133,134,19572,7,0,0,7,6
2020-07-11,US,Louisiana,De Soto,423,20,0,32.05457447,-93.74130302,22031.0,1540.2541601427374,4.728132387706856,403,422,20,0,402,408,27436,1,0,0,1,14
2020-07-11,US,Louisiana,East Baton Rouge,6989,278,0,30.53842039,-91.09777565,22033.0,1588.1961282464395,3.977679210187437,6711,6747,277,0,6470,6468,440956,242,1,0,241,279
2020-07-11,US,Louisiana,East Carroll,454,1,0,32.73926954,-91.23425694,22035.0,6617.111208278677,0.22026431718061676,453,453,1,0,452,451,7037,1,0,0,1,2
2020-07-11,US,Louisiana,East Feliciana,354,33,0,30.84425359,-91.04976723,22037.0,1850.0130650640187,9.322033898305083,321,351,33,0,318,343,19305,3,0,0,3,8
2020-07-11,US,Louisiana,Evangeline,322,1,0,30.72985248,-92.39915924,22039.0,964.2162000299446,0.3105590062111801,321,306,1,0,305,282,33443,16,0,0,16,24
2020-07-11,US,Louisiana,Franklin,554,14,0,32.13675181,-91.67589857,22041.0,2767.924056957282,2.527075812274368,540,538,14,0,524,527,20156,16,0,0,16,11
2020-07-11,US,Louisiana,Grant,124,2,0,31.59882456,-92.56124347,22043.0,553.8434052436464,1.6129032258064515,122,122,2,0,120,115,22482,2,0,0,2,7
2020-07-11,US,Louisiana,Iberia,1228,51,0,29.86803617,-91.75871777,22045.0,1758.5564943434051,4.153094462540716,1177,1181,49,0,1132,1157,70941,47,2,0,45,24
2020-07-11,US,Louisiana,Iberville,820,43,0,30.25734305,-91.3499598,22047.0,2522.223247516225,5.243902439024391,777,816,43,0,773,786,32721,4,0,0,4,30
2020-07-11,US,Louisiana,Jackson,234,17,0,32.30251776,-92.55692092,22049.0,1486.280487804878,7.264957264957265,217,230,16,0,214,221,15902,4,1,0,3,9
2020-07-11,US,Louisiana,Jefferson,10995,491,0,29.74075478,-90.11115756,22051.0,2542.237677835248,4.465666211914507,10504,10812,490,0,10322,10544,434051,183,1,0,182,268
2020-07-11,US,Louisiana,Jefferson Davis,597,12,0,30.26896765,-92.81210004,22053.0,1903.2134659525632,2.010050251256281,585,574,11,0,563,549,31582,23,1,0,22,25
2020-07-11,US,Louisiana,LaSalle,120,0,0,31.67884782,-92.15907765,22059.0,805.8017727639003,0.0,120,116,0,0,116,115,14917,4,0,0,4,1
2020-07-11,US,Louisiana,Lafayette,3707,52,0,30.2049055,-92.06959876,22055.0,1516.83784115553,1.4027515511195037,3655,3493,51,0,3442,3293,242782,214,1,0,213,200
2020-07-11,US,Louisiana,Lafourche,1531,91,0,29.52470226,-90.40976986,22057.0,1568.4225623373693,5.943827563683866,1440,1479,90,0,1389,1422,98115,52,1,0,51,57
2020-07-11,US,Louisiana,Lincoln,432,19,0,32.6003154,-92.6659741,22061.0,924.222326815284,4.398148148148149,413,401,19,0,382,383,47196,31,0,0,31,18
2020-07-11,US,Louisiana,Livingston,1484,40,0,30.44143993,-90.73061664,22063.0,1054.059621135174,2.6954177897574123,1444,1424,40,0,1384,1344,139567,60,0,0,60,80
2020-07-11,US,Louisiana,Madison,415,4,0,32.36918118,-91.23973355,22065.0,3789.6082549538855,0.9638554216867471,411,411,4,0,407,406,11161,4,0,0,4,5
2020-07-11,US,Louisiana,Morehouse,282,10,0,32.81686191,-91.80421614,22067.0,1133.7139181474631,3.5460992907801416,272,273,10,0,263,265,25398,9,0,0,9,8
2020-07-11,US,Louisiana,Natchitoches,401,14,0,31.72321584,-93.09816516,22069.0,1050.8936527071648,3.491271820448878,387,376,14,0,362,362,38659,25,0,0,25,14
2020-07-11,US,Louisiana,Orleans,8598,540,0,30.06971951,-89.92660315,22071.0,2203.8016732283468,6.28053035589672,8058,8476,541,0,7935,8344,391006,122,-1,0,123,132
2020-07-11,US,Louisiana,Ouachita,3079,86,0,32.47645559,-92.15704172,22073.0,2008.7552763261765,2.7931146476128608,2993,2988,85,0,2903,2849,154475,91,1,0,90,139
2020-07-11,US,Louisiana,Plaquemines,306,18,0,29.42245447,-89.60322085,22075.0,1319.136095184722,5.882352941176472,288,298,17,0,281,294,23410,8,1,0,7,4
2020-07-11,US,Louisiana,Pointe Coupee,371,28,0,30.71409502,-91.60209535,22077.0,1707.3170731707314,7.547169811320754,343,342,28,0,314,329,21940,29,0,0,29,13
2020-07-11,US,Louisiana,Rapides,1978,79,0,31.19778499,-92.52997303,22079.0,1525.66950512156,3.9939332659251767,1899,1909,79,0,1830,1870,130562,69,0,0,69,39
2020-07-11,US,Louisiana,Red River,78,9,0,32.09530039,-93.34213308,22081.0,923.951670220327,11.538461538461537,69,72,9,0,63,69,8477,6,0,0,6,3
2020-07-11,US,Louisiana,Richland,272,5,0,32.41391005,-91.76634876,22083.0,1351.7542987774575,1.8382352941176472,267,257,5,0,252,249,20192,15,0,0,15,8
2020-07-11,US,Louisiana,Sabine,194,1,0,31.56388699,-93.55433981,22085.0,812.2592530564392,0.5154639175257731,193,181,1,0,180,157,24032,13,0,0,13,24
2020-07-11,US,Louisiana,St. Bernard,702,24,0,29.87761636,-89.51887093,22087.0,1485.9029718059437,3.418803418803418,678,689,23,0,666,678,46721,13,1,0,12,11
2020-07-11,US,Louisiana,St. Charles,866,49,0,29.90709658,-90.35555967,22089.0,1630.885122410546,5.658198614318707,817,854,49,0,805,834,52879,12,0,0,12,20
2020-07-11,US,Louisiana,St. Helena,120,1,0,30.82210324,-90.71013176,22091.0,1184.3663639952624,0.8333333333333334,119,117,1,0,116,116,10262,3,0,0,3,1
2020-07-11,US,Louisiana,St. James,441,30,0,30.02531716,-90.80212061,22093.0,2090.443686006826,6.802721088435375,411,439,30,0,409,432,21037,2,0,0,2,7
2020-07-11,US,Louisiana,St. John the Baptist,1076,87,0,30.12597499,-90.4753503,22095.0,2511.8472348670543,8.085501858736059,989,1063,87,0,976,1049,43184,13,0,0,13,14
2020-07-11,US,Louisiana,St. Landry,1080,59,0,30.59724262,-92.00135806,22097.0,1315.0845063562415,5.462962962962963,1021,1023,59,0,964,944,82764,57,0,0,57,79
2020-07-11,US,Louisiana,St. Martin,999,27,0,30.13112107,-91.61403569,22099.0,1869.7011098426008,2.702702702702702,972,963,27,0,936,939,53621,36,0,0,36,24
2020-07-11,US,Louisiana,St. Mary,741,39,0,29.69262097,-91.44702164,22101.0,1501.580611169652,5.2631578947368425,702,704,39,0,665,664,49774,37,0,0,37,40
2020-07-11,US,Louisiana,St. Tammany,3101,185,0,30.40942847,-89.95642711,22103.0,1190.7733306709572,5.965817478232827,2916,3004,184,0,2820,2908,258111,97,1,0,96,96
2020-07-11,US,Louisiana,Tangipahoa,1874,44,0,30.62888673,-90.40664996,22105.0,1390.6410009053266,2.3479188900747063,1830,1802,44,0,1758,1742,133777,72,0,0,72,60
2020-07-11,US,Louisiana,Tensas,32,0,0,32.00760749,-91.32915234,22107.0,738.3479464697739,0.0,32,32,0,0,32,30,4462,0,0,0,0,2
2020-07-11,US,Louisiana,Terrebonne,1588,66,0,29.37343766,-90.82626855,22109.0,1437.6114646798417,4.156171284634762,1522,1535,65,0,1470,1415,111021,53,1,0,52,120
2020-07-11,US,Louisiana,Unassigned,4,108,0,0.0,0.0,90022.0,0.0,2700.0,-104,2,108,0,-106,0,,2,0,0,2,2
2020-07-11,US,Louisiana,Union,474,28,0,32.83121059,-92.3749373,22111.0,2144.0202641577707,5.907172995780591,446,471,27,0,444,463,22330,3,1,0,2,8
2020-07-11,US,Louisiana,Vermilion,532,7,0,29.83517605,-92.30292538,22113.0,893.9523785518643,1.3157894736842106,525,493,6,0,487,467,59830,39,1,0,38,26
2020-07-11,US,Louisiana,Vernon,263,9,0,31.10884837,-93.18153838,22115.0,554.5130616289612,3.4220532319391634,254,247,9,0,238,237,48860,16,0,0,16,10
2020-07-11,US,Louisiana,Washington,824,49,0,30.85288548,-90.03866652,22117.0,1783.781443477508,5.946601941747573,775,812,49,0,763,778,46582,12,0,0,12,34
2020-07-11,US,Louisiana,Webster,528,12,0,32.70847669,-93.33121835,22119.0,1377.1517996870111,2.272727272727273,516,513,12,0,501,490,38798,15,0,0,15,23
2020-07-11,US,Louisiana,West Baton Rouge,371,31,0,30.46058217,-91.30989571,22121.0,1401.851501983752,8.355795148247978,340,356,31,0,325,342,26427,15,0,0,15,14
2020-07-11,US,Louisiana,West Carroll,169,5,0,32.78550125,-91.461201,22123.0,1560.4801477377655,2.9585798816568047,164,166,5,0,161,161,10982,3,0,0,3,5
2020-07-11,US,Louisiana,West Feliciana,261,14,0,30.87882871,-91.4148538,22125.0,1676.5159301130523,5.363984674329502,247,257,14,0,243,254,15460,4,0,0,4,3
2020-07-11,US,Louisiana,Winn,287,5,0,31.94449367,-92.63789413,22127.0,2064.1542002301494,1.7421602787456445,282,283,5,0,278,273,14134,4,0,0,4,10
2020-07-11,US,Maine,Androscoggin,501,4,0,44.1664747,-70.20380627,23001.0,462.70214357619807,0.7984031936127745,497,503,4,0,499,502,107679,-2,0,0,-2,1
2020-07-11,US,Maine,Aroostook,24,1,0,46.65926321,-68.59841248,23003.0,35.791514428454256,4.166666666666667,23,24,1,0,23,24,67111,0,0,0,0,0
2020-07-11,US,Maine,Cumberland,1861,66,0,43.8370751,-70.37226999,23005.0,630.8410422944852,3.5464803868887693,1795,1851,65,0,1786,1844,293557,10,1,0,9,7
2020-07-11,US,Maine,Franklin,42,1,0,44.97330019,-70.44381045,23007.0,139.07745289579123,2.380952380952381,41,41,1,0,40,41,29897,1,0,0,1,0
2020-07-11,US,Maine,Hancock,18,1,0,44.59816444,-68.38401854,23009.0,32.73501009329477,5.5555555555555545,17,18,1,0,17,18,54811,0,0,0,0,0
2020-07-11,US,Maine,Kennebec,146,10,0,44.40759555,-69.76738544,23011.0,119.37662507563243,6.849315068493151,136,145,10,0,135,147,122083,1,0,0,1,-2
2020-07-11,US,Maine,Knox,25,1,0,44.11486325,-69.10529169,23013.0,62.858292265915715,4.0,24,25,1,0,24,25,39771,0,0,0,0,0
2020-07-11,US,Maine,Lincoln,26,0,0,44.05996956,-69.54227124,23015.0,75.07073973552002,0.0,26,26,0,0,26,26,34342,0,0,0,0,0
2020-07-11,US,Maine,Oxford,44,0,0,44.49952995,-70.75682123,23017.0,75.89478223372144,0.0,44,44,0,0,44,44,57618,0,0,0,0,0
2020-07-11,US,Maine,Penobscot,122,3,0,45.40194593,-68.65020455,23019.0,80.18508294555302,2.459016393442623,119,122,3,0,119,122,151096,0,0,0,0,0
2020-07-11,US,Maine,Piscataquis,5,0,0,45.83839062,-69.2860223,23021.0,29.788501638367592,0.0,5,5,0,0,5,5,16800,0,0,0,0,0
2020-07-11,US,Maine,Sagadahoc,35,0,0,43.95415864,-69.85074999,23023.0,97.61267291387772,0.0,35,34,0,0,34,34,35634,1,0,0,1,0
2020-07-11,US,Maine,Somerset,31,0,0,45.51229767,-69.95995554,23025.0,61.405593851517324,0.0,31,31,0,0,31,31,50592,0,0,0,0,0
2020-07-11,US,Maine,Unassigned,6,0,0,0.0,0.0,90023.0,0.0,0.0,6,3,0,0,3,3,,3,0,0,3,0
2020-07-11,US,Maine,Waldo,59,14,0,44.4858305,-69.12061935,23027.0,148.5584791640438,23.728813559322035,45,59,14,0,45,58,39694,0,0,0,0,1
2020-07-11,US,Maine,Washington,5,0,0,45.01607142,-67.62813524,23029.0,15.934223525287615,0.0,5,5,0,0,5,5,31490,0,0,0,0,0
2020-07-11,US,Maine,York,570,11,0,43.47808377,-70.71052375,23031.0,274.5122591395726,1.9298245614035088,559,563,11,0,552,557,206229,7,0,0,7,6
2020-07-11,US,Maryland,Allegany,216,18,0,39.62357628,-78.69280486,24001.0,306.74846625766867,8.333333333333334,198,213,18,0,195,212,70975,3,0,0,3,1
2020-07-11,US,Maryland,Anne Arundel,5471,210,0,39.00670238,-76.60329337,24003.0,944.5232841994772,3.8384207640285135,5261,5423,210,0,5213,5391,576031,48,0,0,48,32
2020-07-11,US,Maryland,Baltimore,8675,497,0,39.45784712,-76.62911955,24005.0,1048.5030880984323,5.729106628242075,8178,8581,495,0,8086,8497,828431,94,2,0,92,84
2020-07-11,US,Maryland,Baltimore City,8367,364,0,39.30211911,-76.61151012,24510.0,1409.7962897437194,4.350424285885024,8003,8249,363,0,7886,8155,621342,118,1,0,117,94
2020-07-11,US,Maryland,Calvert,445,27,0,38.53961642,-76.56820632,24009.0,480.951094298838,6.0674157303370775,418,438,27,0,411,435,92003,7,0,0,7,3
2020-07-11,US,Maryland,Caroline,334,3,0,38.87172293,-75.82904158,24011.0,999.8203915464287,0.8982035928143712,331,332,3,0,329,329,33304,2,0,0,2,3
2020-07-11,US,Maryland,Carroll,1210,115,0,39.56453592,-77.02373735,24013.0,718.326832772326,9.504132231404961,1095,1200,115,0,1085,1190,168429,10,0,0,10,10
2020-07-11,US,Maryland,Cecil,526,29,0,39.56647682,-75.94627411,24015.0,511.3995430460357,5.513307984790875,497,518,29,0,489,514,102826,8,0,0,8,4
2020-07-11,US,Maryland,Charles,1502,89,0,38.51092331,-76.98580666,24017.0,920.0218061093857,5.9254327563249,1413,1496,89,0,1407,1483,161503,6,0,0,6,13
2020-07-11,US,Maryland,Dorchester,209,5,0,38.45413522,-76.02752426,24019.0,654.5773434808482,2.392344497607656,204,203,5,0,198,199,31998,6,0,0,6,4
2020-07-11,US,Maryland,Frederick,2586,120,0,39.47296601,-77.39999394,24021.0,996.3513352109636,4.640371229698376,2466,2577,120,0,2457,2567,255648,9,0,0,9,10
2020-07-11,US,Maryland,Garrett,22,0,0,39.52786077,-79.27355126,24023.0,75.82546356931137,0.0,22,19,0,0,19,17,29163,3,0,0,3,2
2020-07-11,US,Maryland,Harford,1262,65,0,39.55010644,-76.30775940000002,24025.0,494.04754914050596,5.150554675118858,1197,1246,65,0,1181,1225,253956,16,0,0,16,21
2020-07-11,US,Maryland,Howard,2793,95,0,39.25305293,-76.93126208,24027.0,857.5639411710522,3.4013605442176873,2698,2770,95,0,2675,2751,323196,23,0,0,23,19
2020-07-11,US,Maryland,Kent,204,23,0,39.24976208,-76.04741541,24029.0,1050.3552672227372,11.274509803921571,181,204,23,0,181,203,19383,0,0,0,0,1
2020-07-11,US,Maryland,Montgomery,15623,757,0,39.13676329,-77.20358245,24031.0,1486.9304684168849,4.8454202137873645,14866,15568,755,0,14813,15503,1052567,55,2,0,53,65
2020-07-11,US,Maryland,Prince George's,19598,706,0,38.83070039,-76.8496441,24033.0,2155.2202892908717,3.602408409021329,18892,19510,703,0,18807,19456,909308,88,3,0,85,54
2020-07-11,US,Maryland,Queen Anne's,287,23,0,39.06198912,-76.03530977,24035.0,569.6591969194736,8.013937282229966,264,273,23,0,250,268,50251,14,0,0,14,5
2020-07-11,US,Maryland,Somerset,98,3,0,38.1163542,-75.75118623,24039.0,382.5733916302311,3.0612244897959178,95,98,3,0,95,94,25675,0,0,0,0,4
2020-07-11,US,Maryland,St. Mary's,689,51,0,38.30058422,-76.60629279999998,24037.0,606.9949784159986,7.402031930333817,638,679,51,0,628,673,112664,10,0,0,10,6
2020-07-11,US,Maryland,Talbot,184,4,0,38.76618159,-76.10882561,24041.0,494.87641537344336,2.1739130434782608,180,170,4,0,166,165,36968,14,0,0,14,5
2020-07-11,US,Maryland,Unassigned,0,18,0,0.0,0.0,90024.0,0.0,0.0,-18,0,20,0,-20,0,,0,-2,0,2,0
2020-07-11,US,Maryland,Washington,720,29,0,39.60835778,-77.82002295,24043.0,476.66651219140806,4.027777777777779,691,710,29,0,681,702,150926,10,0,0,10,8
2020-07-11,US,Maryland,Wicomico,1130,41,0,38.37301947,-75.62705831,24045.0,1090.6388441158588,3.628318584070796,1089,1119,41,0,1078,1109,103195,11,0,0,11,10
2020-07-11,US,Maryland,Worcester,316,18,0,38.21274277,-75.33200012,24047.0,604.4838931823399,5.69620253164557,298,314,17,0,297,309,51823,2,1,0,1,5
2020-07-11,US,Massachusetts,Barnstable,1574,151,0,41.72980578,-70.28854339,25001.0,739.0018310718813,9.593392630241423,1423,1570,151,0,1419,1566,213413,4,0,0,4,4
2020-07-11,US,Massachusetts,Berkshire,611,45,0,42.37428441,-73.20524838,25003.0,489.01908054808547,7.3649754500818325,566,610,45,0,565,609,126348,1,0,0,1,1
2020-07-11,US,Massachusetts,Bristol,8442,598,0,41.79228404,-71.10872211,25005.0,1493.5856494054494,7.083629471689173,7844,8426,596,0,7830,8399,564022,16,2,0,14,27
2020-07-11,US,Massachusetts,Dukes and Nantucket,81,1,0,41.40674725,-70.68763497,0.0,281.9254463819568,1.2345679012345678,80,78,1,0,77,77,26707,3,0,0,3,1
2020-07-11,US,Massachusetts,Essex,16452,1136,0,42.6687626,-70.94687179,25009.0,2085.0812512515304,6.904935570143447,15316,16414,1136,0,15278,16379,790638,38,0,0,38,35
2020-07-11,US,Massachusetts,Franklin,384,57,0,42.58119713,-72.58602547,25011.0,547.1644343117697,14.84375,327,383,56,0,327,381,70963,1,1,0,0,2
2020-07-11,US,Massachusetts,Hampden,6974,674,0,42.13440424,-72.63235561,25013.0,1495.3727925347143,9.664468024089476,6300,6943,672,0,6271,6932,470406,31,2,0,29,11
2020-07-11,US,Massachusetts,Hampshire,1001,117,0,42.33997957,-72.65898478,25015.0,622.3963190946963,11.688311688311687,884,995,117,0,878,993,161355,6,0,0,6,2
2020-07-11,US,Massachusetts,Middlesex,24436,1913,0,42.48607732,-71.39049229,25017.0,1516.1639983644586,7.828613521034539,22523,24377,1908,0,22469,24348,1614714,59,5,0,54,29
2020-07-11,US,Massachusetts,Norfolk,9440,957,0,42.16073095,-71.20530408,25021.0,1335.6442998125287,10.137711864406779,8483,9403,956,0,8447,9384,705388,37,1,0,36,19
2020-07-11,US,Massachusetts,Plymouth,8802,678,0,41.94070556,-70.80802823,25023.0,1688.7886078718038,7.7027948193592355,8124,8786,677,0,8109,8777,518132,16,1,0,15,9
2020-07-11,US,Massachusetts,Suffolk,20272,1018,0,42.3279514,-71.07850442,25025.0,2521.6847222377714,5.021704814522495,19254,20228,1016,0,19212,20172,807252,44,2,0,42,56
2020-07-11,US,Massachusetts,Unassigned,300,7,0,0.0,0.0,90025.0,0.0,2.333333333333333,293,294,7,0,287,297,,6,0,0,6,-3
2020-07-11,US,Massachusetts,Worcester,12629,958,0,42.35026951,-71.90493363,25027.0,1520.426860834411,7.585715416897616,11671,12603,958,0,11645,12583,830839,26,0,0,26,20
2020-07-11,US,Michigan,Alcona,24,1,0,44.6846864,-83.59507875,26001.0,230.6583373378184,4.166666666666667,23,24,1,0,23,24,10362,0,0,0,0,0
2020-07-11,US,Michigan,Alger,4,0,0,46.41292944,-86.60260122,26003.0,43.917435221783045,0.0,4,4,0,0,4,4,9097,0,0,0,0,0
2020-07-11,US,Michigan,Allegan,371,7,0,42.59147037,-85.89102866,26005.0,314.1911061051312,1.8867924528301887,364,362,7,0,355,358,117327,9,0,0,9,4
2020-07-11,US,Michigan,Alpena,123,12,0,45.03477666,-83.62212411,26007.0,433.0223552191516,9.75609756097561,111,123,12,0,111,123,28360,0,0,0,0,0
2020-07-11,US,Michigan,Antrim,24,0,0,44.99690221,-85.15503082,26009.0,102.89830217801406,0.0,24,24,0,0,24,24,23365,0,0,0,0,0
2020-07-11,US,Michigan,Arenac,38,2,0,44.0636262,-83.89277559,26011.0,255.32486729825973,5.2631578947368425,36,38,2,0,36,38,15041,0,0,0,0,0
2020-07-11,US,Michigan,Baraga,5,0,0,46.6720582,-88.36363591,26013.0,60.9087586794981,0.0,5,5,0,0,5,5,8320,0,0,0,0,0
2020-07-11,US,Michigan,Barry,131,2,0,42.59513984,-85.30834519,26015.0,212.83509341998368,1.5267175572519085,129,130,2,0,128,123,61157,1,0,0,1,7
2020-07-11,US,Michigan,Bay,427,31,0,43.70639106,-83.98731479,26017.0,414.0565909663906,7.259953161592506,396,418,31,0,387,415,103923,9,0,0,9,3
2020-07-11,US,Michigan,Benzie,14,0,0,44.63899297,-86.01608482,26019.0,78.80220646178094,0.0,14,11,0,0,11,11,17753,3,0,0,3,0
2020-07-11,US,Michigan,Berrien,1000,60,0,41.95447397,-86.41313079999998,26021.0,651.8862328146491,6.0,940,983,60,0,923,967,154141,17,0,0,17,16
2020-07-11,US,Michigan,Branch,267,2,0,41.91600556,-85.05929476,26023.0,613.5533239883264,0.7490636704119851,265,266,2,0,264,266,43622,1,0,0,1,0
2020-07-11,US,Michigan,Calhoun,607,39,0,42.24633834,-85.00493569,26025.0,452.4482144321289,6.42504118616145,568,598,39,0,559,594,134487,9,0,0,9,4
2020-07-11,US,Michigan,Cass,186,6,0,41.91522292,-85.99405727,26027.0,359.1634966304285,3.2258064516129035,180,182,6,0,176,179,51653,4,0,0,4,3
2020-07-11,US,Michigan,Charlevoix,31,2,0,45.37790017,-85.19614053,26029.0,118.5785870022568,6.451612903225807,29,31,2,0,29,30,26244,0,0,0,0,1
2020-07-11,US,Michigan,Cheboygan,28,2,0,45.44787015,-84.50122149,26031.0,110.77702168064569,7.142857142857142,26,27,2,0,25,27,25413,1,0,0,1,0
2020-07-11,US,Michigan,Chippewa,18,0,0,46.29552653,-84.54353449,26033.0,48.19406142065383,0.0,18,18,0,0,18,16,37517,0,0,0,0,2
2020-07-11,US,Michigan,Clare,32,3,0,43.98794227,-84.84819859999998,26035.0,103.39256865912762,9.375,29,32,3,0,29,32,30757,0,0,0,0,0
2020-07-11,US,Michigan,Clinton,290,12,0,42.94400871,-84.60145248,26037.0,364.34449400087954,4.137931034482759,278,282,12,0,270,279,79332,8,0,0,8,3
2020-07-11,US,Michigan,Crawford,82,5,0,44.68255561,-84.61006219,26039.0,584.5035284054459,6.097560975609755,77,82,5,0,77,81,13901,0,0,0,0,1
2020-07-11,US,Michigan,Delta,30,3,0,45.90484910000001,-86.9080745,26041.0,83.83635144198523,10.0,27,30,3,0,27,30,35857,0,0,0,0,0
2020-07-11,US,Michigan,Dickinson,17,2,0,46.00999672,-87.86961634,26043.0,67.35607591425968,11.764705882352944,15,18,2,0,16,16,25383,-1,0,0,-1,2
2020-07-11,US,Michigan,Eaton,357,7,0,42.59599185,-84.83740035,26045.0,323.75666557840896,1.96078431372549,350,349,7,0,342,348,109826,8,0,0,8,1
2020-07-11,US,Michigan,Emmet,39,2,0,45.52625509,-84.89083249,26047.0,116.71405057608858,5.128205128205129,37,36,2,0,34,35,33308,3,0,0,3,1
2020-07-11,US,Michigan,Federal Correctional Institution (FCI),186,5,0,0.0,0.0,0.0,0.0,2.6881720430107525,181,186,5,0,181,186,,0,0,0,0,0
2020-07-11,US,Michigan,Genesee,2891,291,0,43.02244215,-83.70589709,26049.0,712.3970892997513,10.065721203735732,2600,2882,291,0,2591,2870,406892,9,0,0,9,12
2020-07-11,US,Michigan,Gladwin,27,1,0,43.98901072,-84.38774817,26051.0,106.09454202522691,3.703703703703704,26,27,1,0,26,27,25337,0,0,0,0,0
2020-07-11,US,Michigan,Gogebic,12,1,0,46.40862701,-89.69377193,26053.0,85.86762075134169,8.333333333333334,11,11,1,0,10,11,15096,1,0,0,1,0
2020-07-11,US,Michigan,Grand Traverse,91,5,0,44.69565625,-85.55585247,26055.0,97.75696115503608,5.494505494505495,86,83,5,0,78,78,92573,8,0,0,8,5
2020-07-11,US,Michigan,Gratiot,105,14,0,43.29265605,-84.60505416,26057.0,257.9155510795608,13.333333333333336,91,105,14,0,91,105,40599,0,0,0,0,0
2020-07-11,US,Michigan,Hillsdale,205,25,0,41.88753639,-84.59312019,26059.0,449.51211489968216,12.19512195121951,180,205,25,0,180,206,45749,0,0,0,0,-1
2020-07-11,US,Michigan,Houghton,27,0,0,46.89988536,-88.68495385,26061.0,75.66416321040242,0.0,27,27,0,0,27,27,36219,0,0,0,0,0
2020-07-11,US,Michigan,Huron,76,3,0,43.83353985,-83.04078453,26063.0,245.3116426196701,3.947368421052632,73,73,3,0,70,73,31166,3,0,0,3,0
2020-07-11,US,Michigan,Ingham,1163,30,0,42.59716886,-84.37472069,26065.0,397.7346566075936,2.5795356835769563,1133,1153,30,0,1123,1142,292735,10,0,0,10,11
2020-07-11,US,Michigan,Ionia,208,5,0,42.94502238,-85.07413319,26067.0,321.4986784549515,2.4038461538461537,203,207,4,0,203,205,64210,1,1,0,0,2
2020-07-11,US,Michigan,Iosco,121,11,0,44.35486835,-83.63484895,26069.0,481.55370716758864,9.090909090909092,110,121,11,0,110,120,25081,0,0,0,0,1
2020-07-11,US,Michigan,Iron,7,1,0,46.20974132,-88.53136251,26071.0,63.25682270016266,14.285714285714285,6,6,1,0,5,6,11117,1,0,0,1,0
2020-07-11,US,Michigan,Isabella,158,8,0,43.64060976,-84.84664923,26073.0,226.12777650561023,5.063291139240507,150,152,8,0,144,146,70562,6,0,0,6,6
2020-07-11,US,Michigan,Jackson,547,32,0,42.24807035,-84.42258681,26075.0,345.0886379408239,5.850091407678245,515,540,32,0,508,535,158823,7,0,0,7,5
2020-07-11,US,Michigan,Kalamazoo,1216,70,0,42.24542231,-85.53038622,26077.0,458.7536688975576,5.75657894736842,1146,1194,70,0,1124,1172,264870,22,0,0,22,22
2020-07-11,US,Michigan,Kalkaska,42,2,0,44.68512729,-85.09085699,26079.0,232.84177846767932,4.761904761904762,40,41,2,0,39,41,17824,1,0,0,1,0
2020-07-11,US,Michigan,Kent,5785,144,0,43.03197711,-85.54934642,26081.0,880.5778173543089,2.4891961970613656,5641,5675,141,0,5534,5575,653786,110,3,0,107,100
2020-07-11,US,Michigan,Keweenaw,1,0,0,47.63197653,-88.41434263,26083.0,47.25897920604915,0.0,1,1,0,0,1,1,2113,0,0,0,0,0
2020-07-11,US,Michigan,Lake,12,0,0,43.99050893,-85.802173,26085.0,101.24019235636548,0.0,12,12,0,0,12,12,11881,0,0,0,0,0
2020-07-11,US,Michigan,Lapeer,318,31,0,43.09052506,-83.22153148,26087.0,362.9846930039837,9.748427672955977,287,315,31,0,284,313,88028,3,0,0,3,2
2020-07-11,US,Michigan,Leelanau,40,0,0,44.94430054,-85.80150326,26089.0,183.8150820274804,0.0,40,35,0,0,35,32,21764,5,0,0,5,3
2020-07-11,US,Michigan,Lenawee,275,11,0,41.89475156,-84.06603727,26091.0,279.3267716935328,4.0,264,263,10,0,253,258,98266,12,1,0,11,5
2020-07-11,US,Michigan,Livingston,612,28,0,42.60302282,-83.91297209,26093.0,318.7583009974218,4.575163398692809,584,609,28,0,581,607,191224,3,0,0,3,2
2020-07-11,US,Michigan,Luce,3,0,0,46.47227431,-85.54471223,26095.0,48.16182372772515,0.0,3,3,0,0,3,3,6283,0,0,0,0,0
2020-07-11,US,Michigan,Mackinac,9,0,0,46.07028979,-85.04980537,26097.0,83.34105009723123,0.0,9,9,0,0,9,9,10787,0,0,0,0,0
2020-07-11,US,Michigan,Macomb,7784,928,0,42.69158356,-82.92752801,26099.0,890.6463822639627,11.921891058581705,6856,7739,924,0,6815,7690,874759,45,4,0,41,49
2020-07-11,US,Michigan,Manistee,28,0,0,44.33352407,-86.05626916,26101.0,114.01579933219317,0.0,28,26,0,0,26,25,24528,2,0,0,2,1
2020-07-11,US,Michigan,Marquette,87,11,0,46.4338914,-87.64043701,26103.0,130.43673818198178,12.64367816091954,76,86,11,0,75,85,66516,1,0,0,1,1
2020-07-11,US,Michigan,Mason,74,0,0,43.99509218,-86.24988902,26105.0,253.91161130936038,0.0,74,72,0,0,72,72,29100,2,0,0,2,0
2020-07-11,US,Michigan,Mecosta,37,2,0,43.64064262,-85.32463223,26107.0,85.14947184314086,5.405405405405406,35,34,2,0,32,34,43545,3,0,0,3,0
2020-07-11,US,Michigan,Menominee,41,0,0,45.58038692,-87.55370409,26109.0,179.98244073748901,0.0,41,39,0,0,39,32,22983,2,0,0,2,7
2020-07-11,US,Michigan,Michigan Department of Corrections (MDOC),4111,68,0,0.0,0.0,0.0,0.0,1.6540987594259304,4043,4111,68,0,4043,4116,,0,0,0,0,-5
2020-07-11,US,Michigan,Midland,182,9,0,43.64330771,-84.38804374,26111.0,218.86574630814374,4.945054945054945,173,182,9,0,173,178,83209,0,0,0,0,4
2020-07-11,US,Michigan,Missaukee,36,1,0,44.33772443,-85.09256478,26113.0,238.12673634078584,2.7777777777777777,35,36,1,0,35,34,15113,0,0,0,0,2
2020-07-11,US,Michigan,Monroe,659,21,0,41.92734151,-83.53749864,26115.0,437.8737541528239,3.1866464339908958,638,655,21,0,634,656,150439,4,0,0,4,-1
2020-07-11,US,Michigan,Montcalm,125,1,0,43.31082541,-85.15252824,26117.0,195.6548960681192,0.8,124,122,1,0,121,120,63968,3,0,0,3,2
2020-07-11,US,Michigan,Montmorency,7,0,0,45.0275929,-84.12696227,26119.0,75.04288164665523,0.0,7,6,0,0,6,5,9265,1,0,0,1,1
2020-07-11,US,Michigan,Muskegon,914,54,0,43.29123859,-86.15176712,26121.0,526.6008319601765,5.908096280087527,860,907,54,0,853,881,173588,7,0,0,7,26
2020-07-11,US,Michigan,Newaygo,194,0,0,43.554374,-85.80070107,26123.0,396.0800326663945,0.0,194,190,0,0,190,189,48892,4,0,0,4,1
2020-07-11,US,Michigan,Oakland,12642,1108,0,42.66090111,-83.38595416,26125.0,1005.2608811816943,8.764436006960924,11534,12568,1102,0,11466,12488,1259201,74,6,0,68,80
2020-07-11,US,Michigan,Oceana,397,5,0,43.64124435,-86.26726673,26127.0,1499.9811085502704,1.2594458438287153,392,381,4,0,377,372,26625,16,1,0,15,9
2020-07-11,US,Michigan,Ogemaw,46,2,0,44.33481032,-84.12725175,26129.0,219.07891603562413,4.3478260869565215,44,46,2,0,44,45,20952,0,0,0,0,1
2020-07-11,US,Michigan,Ontonagon,1,0,0,46.665226200000006,-89.31390481,26131.0,17.482517482517483,0.0,1,1,0,0,1,1,5795,0,0,0,0,0
2020-07-11,US,Michigan,Osceola,45,0,0,43.98992088,-85.32566756,26133.0,191.8158567774936,0.0,45,45,0,0,45,44,23341,0,0,0,0,1
2020-07-11,US,Michigan,Oscoda,23,1,0,44.68192279,-84.12939244,26135.0,279.09234316223757,4.3478260869565215,22,22,1,0,21,22,8276,1,0,0,1,0
2020-07-11,US,Michigan,Otsego,125,10,0,45.02085831,-84.59898295,26137.0,506.72936598021727,8.0,115,124,10,0,114,124,24665,1,0,0,1,0
2020-07-11,US,Michigan,Ottawa,1274,52,0,42.95996803,-85.9969107,26139.0,436.5555289038138,4.081632653061225,1222,1236,52,0,1184,1204,290494,38,0,0,38,32
2020-07-11,US,Michigan,Out of MI,59,0,0,0.0,0.0,80026.0,0.0,0.0,59,41,0,0,41,39,,18,0,0,18,2
2020-07-11,US,Michigan,Presque Isle,13,0,0,45.34018577,-83.91498656,26141.0,103.24015247776366,0.0,13,13,0,0,13,13,12738,0,0,0,0,0
2020-07-11,US,Michigan,Roscommon,31,0,0,44.33473082,-84.61067651,26143.0,129.06449061159915,0.0,31,30,0,0,30,29,23884,1,0,0,1,1
2020-07-11,US,Michigan,Saginaw,1392,124,0,43.33433923,-84.05131209999998,26145.0,730.5590981373892,8.908045977011492,1268,1372,124,0,1248,1361,190800,20,0,0,20,11
2020-07-11,US,Michigan,Sanilac,57,6,0,43.42406072,-82.82055898,26151.0,138.45032790867137,10.526315789473683,51,56,6,0,50,55,41182,1,0,0,1,1
2020-07-11,US,Michigan,Schoolcraft,7,0,0,46.19235734,-86.19972234,26153.0,86.48381517173216,0.0,7,7,0,0,7,7,8068,0,0,0,0,0
2020-07-11,US,Michigan,Shiawassee,284,28,0,42.95392800000001,-84.14585902,26155.0,416.8990928040868,9.859154929577462,256,283,28,0,255,283,68192,1,0,0,1,0
2020-07-11,US,Michigan,St. Clair,606,53,0,42.92655373,-82.67937954,26147.0,380.82549896938315,8.745874587458745,553,605,53,0,552,599,159337,1,0,0,1,6
2020-07-11,US,Michigan,St. Joseph,381,5,0,41.91441767,-85.52797979,26149.0,624.9589921921132,1.3123359580052494,376,376,5,0,371,368,61043,5,0,0,5,8
2020-07-11,US,Michigan,Tuscola,246,27,0,43.46606813,-83.41897025,26157.0,470.8584553545794,10.975609756097562,219,242,26,0,216,243,52516,4,1,0,3,-1
2020-07-11,US,Michigan,Unassigned,50,0,0,0.0,0.0,90026.0,0.0,0.0,50,18,0,0,18,5,,32,0,0,32,13
2020-07-11,US,Michigan,Van Buren,270,9,0,42.25190229,-86.01939087,26159.0,356.779470644978,3.333333333333333,261,263,9,0,254,257,75448,7,0,0,7,6
2020-07-11,US,Michigan,Washtenaw,1909,108,0,42.253105,-83.83853204,26161.0,519.3130595400992,5.657412257726557,1801,1879,107,0,1772,1849,370963,30,1,0,29,30
2020-07-11,US,Michigan,Wayne,23898,2758,0,42.28098405,-83.281255,26163.0,1366.112877806125,11.540714704159345,21140,23811,2748,0,21063,23701,1753893,87,10,0,77,110
2020-07-11,US,Michigan,Wexford,53,4,0,44.33853602,-85.57712739,26165.0,157.59269721388006,7.547169811320754,49,53,4,0,49,52,33466,0,0,0,0,1
2020-07-11,US,Minnesota,Aitkin,15,0,0,46.60962049,-93.4116826,27001.0,94.42276218053631,0.0,15,15,0,0,15,15,15902,0,0,0,0,0
2020-07-11,US,Minnesota,Anoka,2393,111,0,45.27476015,-93.24604565,27003.0,670.4564875700785,4.638529043042206,2282,2360,111,0,2249,2328,353813,33,0,0,33,32
2020-07-11,US,Minnesota,Becker,62,0,0,46.93479392,-95.67158144,27005.0,180.1121343287918,0.0,62,57,0,0,57,57,34371,5,0,0,5,0
2020-07-11,US,Minnesota,Beltrami,47,0,0,47.97373527,-94.93732139,27007.0,99.60159362549801,0.0,47,43,0,0,43,41,46847,4,0,0,4,2
2020-07-11,US,Minnesota,Benton,236,3,0,45.69804958,-93.99514135,27009.0,577.1723446403678,1.2711864406779658,233,235,3,0,232,228,40545,1,0,0,1,7
2020-07-11,US,Minnesota,Big Stone,17,0,0,45.42712824,-96.41403739,27011.0,340.6131035864556,0.0,17,17,0,0,17,17,4989,0,0,0,0,0
2020-07-11,US,Minnesota,Blue Earth,563,2,0,44.03554215,-94.06699781,27013.0,832.1877817687317,0.3552397868561279,561,544,2,0,542,535,67427,19,0,0,19,9
2020-07-11,US,Minnesota,Brown,44,2,0,44.24205652,-94.72562874,27015.0,175.94369801663467,4.545454545454546,42,43,2,0,41,39,25111,1,0,0,1,4
2020-07-11,US,Minnesota,Carlton,90,0,0,46.59180601,-92.67601019,27017.0,250.89905494689305,0.0,90,89,0,0,89,89,35837,1,0,0,1,0
2020-07-11,US,Minnesota,Carver,469,1,0,44.82017001,-93.8009918,27019.0,446.2883841315456,0.2132196162046908,468,442,1,0,441,433,103551,27,0,0,27,9
2020-07-11,US,Minnesota,Cass,19,2,0,46.95043611,-94.32603968,27021.0,63.8033513549817,10.526315789473683,17,19,2,0,17,19,29519,0,0,0,0,0
2020-07-11,US,Minnesota,Chippewa,80,1,0,45.02343421,-95.56403693,27023.0,677.9661016949152,1.25,79,79,1,0,78,79,11924,1,0,0,1,0
2020-07-11,US,Minnesota,Chisago,107,1,0,45.5021011,-92.90861945,27025.0,189.116103147811,0.9345794392523364,106,105,1,0,104,103,55922,2,0,0,2,2
2020-07-11,US,Minnesota,Clay,612,38,0,46.89289518,-96.48761922,27027.0,952.9444738563108,6.209150326797387,574,601,38,0,563,598,63955,11,0,0,11,3
2020-07-11,US,Minnesota,Clearwater,12,0,0,47.57992111,-95.37790562,27029.0,136.08528010886823,0.0,12,10,0,0,10,10,8810,2,0,0,2,0
2020-07-11,US,Minnesota,Cook,1,0,0,47.90504893,-90.52629546,27031.0,18.304960644334614,0.0,1,1,0,0,1,1,5393,0,0,0,0,0
2020-07-11,US,Minnesota,Cottonwood,142,0,0,44.00715262,-95.18138802,27033.0,1268.3101107538407,0.0,142,138,0,0,138,138,11277,4,0,0,4,0
2020-07-11,US,Minnesota,Crow Wing,113,12,0,46.48096553,-94.06755609,27035.0,173.6991776189378,10.619469026548671,101,110,12,0,98,108,64889,3,0,0,3,2
2020-07-11,US,Minnesota,Dakota,2655,96,0,44.67172617,-93.06299363,27037.0,618.8508254840673,3.6158192090395485,2559,2570,94,0,2476,2524,425423,85,2,0,83,46
2020-07-11,US,Minnesota,Dodge,96,0,0,44.02238415,-92.86244324,27039.0,458.5841215247922,0.0,96,97,0,0,97,93,20822,-1,0,0,-1,4
2020-07-11,US,Minnesota,Douglas,70,0,0,45.93348491,-95.45335469,27041.0,183.52953514590598,0.0,70,69,0,0,69,67,37964,1,0,0,1,2
2020-07-11,US,Minnesota,Faribault,61,0,0,43.67381499,-93.94787458,27043.0,446.78825166630037,0.0,61,61,0,0,61,60,13758,0,0,0,0,1
2020-07-11,US,Minnesota,Fillmore,35,0,0,43.67394126,-92.08980382,27045.0,166.13661176247209,0.0,35,31,0,0,31,30,21058,4,0,0,4,1
2020-07-11,US,Minnesota,Freeborn,312,0,0,43.67385583,-93.34884422,27047.0,1030.3490637693603,0.0,312,309,0,0,309,302,30444,3,0,0,3,7
2020-07-11,US,Minnesota,Goodhue,140,8,0,44.40849741,-92.7234195,27049.0,302.1148036253776,5.7142857142857135,132,138,8,0,130,137,46403,2,0,0,2,1
2020-07-11,US,Minnesota,Grant,25,0,0,45.93424769,-96.01139609,27051.0,418.62022772940384,0.0,25,24,0,0,24,22,6021,1,0,0,1,2
2020-07-11,US,Minnesota,Hennepin,13328,790,0,45.00761521,-93.47694895,27053.0,1052.8951852638913,5.927370948379352,12538,13054,790,0,12264,12867,1259428,274,0,0,274,187
2020-07-11,US,Minnesota,Houston,32,0,0,43.67129565,-91.49143057,27055.0,172.04301075268813,0.0,32,29,0,0,29,29,18578,3,0,0,3,0
2020-07-11,US,Minnesota,Hubbard,10,0,0,47.10778564,-94.91693868,27057.0,46.531106044390675,0.0,10,8,0,0,8,8,21332,2,0,0,2,0
2020-07-11,US,Minnesota,Isanti,81,0,0,45.56181234,-93.29487636,27059.0,199.5270469997044,0.0,81,80,0,0,80,78,39966,1,0,0,1,2
2020-07-11,US,Minnesota,Itasca,71,12,0,47.51009045,-93.63092229,27061.0,157.3232882783071,16.901408450704224,59,69,12,0,57,68,45108,2,0,0,2,1
2020-07-11,US,Minnesota,Jackson,57,0,0,43.67423373,-95.15398258,27063.0,578.915295551493,0.0,57,57,0,0,57,57,9911,0,0,0,0,0
2020-07-11,US,Minnesota,Kanabec,17,1,0,45.9459309,-93.29275192,27065.0,104.05827263267427,5.882352941176472,16,16,1,0,15,16,16207,1,0,0,1,0
2020-07-11,US,Minnesota,Kandiyohi,590,1,0,45.1526059,-95.00586446,27067.0,1365.7723558415705,0.1694915254237288,589,587,1,0,586,584,42855,3,0,0,3,3
2020-07-11,US,Minnesota,Kittson,2,0,0,48.77754106,-96.78317184,27069.0,46.533271288971605,0.0,2,2,0,0,2,2,4248,0,0,0,0,0
2020-07-11,US,Minnesota,Koochiching,21,1,0,48.24539665,-93.78352843,27071.0,171.7229536348025,4.761904761904762,20,17,1,0,16,17,12440,4,0,0,4,0
2020-07-11,US,Minnesota,Lac qui Parle,5,0,0,44.9973857,-96.17488219,27073.0,75.49448890231014,0.0,5,4,0,0,4,4,6658,1,0,0,1,0
2020-07-11,US,Minnesota,Lake,6,0,0,47.64270764,-91.44557998,27075.0,56.385678037778405,0.0,6,6,0,0,6,6,10658,0,0,0,0,0
2020-07-11,US,Minnesota,Le Sueur,125,1,0,44.37136597,-93.72844721,27079.0,432.7206009623706,0.8,124,119,1,0,118,117,28494,6,0,0,6,2
2020-07-11,US,Minnesota,Lincoln,17,0,0,44.41311883,-96.26688165,27081.0,301.47189217946436,0.0,17,13,0,0,13,11,5673,4,0,0,4,2
2020-07-11,US,Minnesota,Lyon,333,2,0,44.41327865,-95.83806103,27083.0,1307.2151998115726,0.6006006006006006,331,332,2,0,330,331,25629,1,0,0,1,1
2020-07-11,US,Minnesota,Mahnomen,10,1,0,47.32557075,-95.80921485,27087.0,180.92998009770213,10.0,9,10,1,0,9,10,5519,0,0,0,0,0
2020-07-11,US,Minnesota,Marshall,13,0,0,48.35825983,-96.37017407,27089.0,139.24592973436162,0.0,13,12,0,0,12,12,9390,1,0,0,1,0
2020-07-11,US,Minnesota,Martin,175,5,0,43.67429718,-94.55099908,27091.0,889.09210994259,2.8571428571428568,170,172,5,0,167,171,19785,3,0,0,3,1
2020-07-11,US,Minnesota,McLeod,100,0,0,44.82367677,-94.27287017,27085.0,278.6058562950993,0.0,100,99,0,0,99,96,35873,1,0,0,1,3
2020-07-11,US,Minnesota,Meeker,62,1,0,45.12328869,-94.52839455,27093.0,266.98820084402723,1.6129032258064515,61,62,1,0,61,62,23141,0,0,0,0,0
2020-07-11,US,Minnesota,Mille Lacs,39,2,0,45.93705297,-93.63236823,27095.0,148.41876926589794,5.128205128205129,37,36,2,0,34,34,26139,3,0,0,3,2
2020-07-11,US,Minnesota,Morrison,64,1,0,46.01265363,-94.27341528,27097.0,191.69711855268682,1.5625,63,62,1,0,61,61,33169,2,0,0,2,1
2020-07-11,US,Minnesota,Mower,982,2,0,43.67142874,-92.75234549,27099.0,2451.200639009536,0.20366598778004075,980,974,2,0,972,972,40011,8,0,0,8,2
2020-07-11,US,Minnesota,Murray,73,0,0,44.02216709,-95.76328482,27101.0,890.8957773980961,0.0,73,68,0,0,68,67,8276,5,0,0,5,1
2020-07-11,US,Minnesota,Nicollet,203,12,0,44.35291112,-94.24710352,27103.0,592.2856976133513,5.911330049261084,191,191,12,0,179,187,34220,12,0,0,12,4
2020-07-11,US,Minnesota,Nobles,1684,6,0,43.67434621,-95.75329576,27105.0,7785.8430810485925,0.35629453681710216,1678,1676,6,0,1670,1676,21924,8,0,0,8,0
2020-07-11,US,Minnesota,Norman,21,0,0,47.32628443,-96.45620947,27107.0,329.4117647058824,0.0,21,21,0,0,21,21,6475,0,0,0,0,0
2020-07-11,US,Minnesota,Olmsted,1259,20,0,44.00374114,-92.40209944,27109.0,795.3605023595484,1.5885623510722795,1239,1235,18,0,1217,1196,156277,24,2,0,22,39
2020-07-11,US,Minnesota,Otter Tail,111,1,0,46.40846929,-95.70835255,27111.0,188.94903482790318,0.9009009009009008,110,104,1,0,103,102,58812,7,0,0,7,2
2020-07-11,US,Minnesota,Pennington,53,0,0,48.06642577,-96.0370814,27113.0,375.3806926836178,0.0,53,53,0,0,53,53,14178,0,0,0,0,0
2020-07-11,US,Minnesota,Pine,112,0,0,46.12105238,-92.74070188,27115.0,378.6470130836066,0.0,112,111,0,0,111,111,29483,1,0,0,1,0
2020-07-11,US,Minnesota,Pipestone,69,4,0,44.02301619,-96.25841142,27117.0,756.0815253122945,5.797101449275362,65,67,4,0,63,66,9047,2,0,0,2,1
2020-07-11,US,Minnesota,Polk,88,3,0,47.77372465,-96.40134647,27119.0,280.5764570845556,3.4090909090909087,85,86,3,0,83,86,31529,2,0,0,2,0
2020-07-11,US,Minnesota,Pope,13,0,0,45.58606667,-95.44451209,27121.0,115.56582807360657,0.0,13,12,0,0,12,12,11097,1,0,0,1,0
2020-07-11,US,Minnesota,Ramsey,5169,232,0,45.01625271,-93.09872295,27123.0,939.2699896969223,4.4882956084349015,4937,5127,233,0,4894,5066,550210,42,-1,0,43,61
2020-07-11,US,Minnesota,Red Lake,4,0,0,47.87197525,-96.09561104,27125.0,98.64364981504316,0.0,4,4,0,0,4,4,3999,0,0,0,0,0
2020-07-11,US,Minnesota,Redwood,23,0,0,44.40555844,-95.25207021,27127.0,151.61502966381016,0.0,23,21,0,0,21,21,15249,2,0,0,2,0
2020-07-11,US,Minnesota,Renville,37,2,0,44.72836381,-94.94553734,27129.0,254.3304921638713,5.405405405405406,35,37,2,0,35,37,14612,0,0,0,0,0
2020-07-11,US,Minnesota,Rice,879,8,0,44.3543376,-93.29658715,27131.0,1312.4888012900915,0.9101251422070534,871,873,8,0,865,862,66523,6,0,0,6,11
2020-07-11,US,Minnesota,Rock,34,0,0,43.67482683,-96.25296832,27133.0,365.00268384326347,0.0,34,31,0,0,31,31,9414,3,0,0,3,0
2020-07-11,US,Minnesota,Roseau,25,0,0,48.77501878,-95.81079919,27135.0,164.85328058028355,0.0,25,21,0,0,21,19,15150,4,0,0,4,2
2020-07-11,US,Minnesota,Scott,858,4,0,44.6490231,-93.53340251,27139.0,575.7886895774194,0.4662004662004662,854,823,4,0,819,803,147381,35,0,0,35,20
2020-07-11,US,Minnesota,Sherburne,362,5,0,45.44447208,-93.77617511,27141.0,372.282441021,1.3812154696132597,357,344,5,0,339,340,96036,18,0,0,18,4
2020-07-11,US,Minnesota,Sibley,58,2,0,44.5796592,-94.23164924,27143.0,390.17827110662626,3.4482758620689653,56,57,2,0,55,56,15028,1,0,0,1,1
2020-07-11,US,Minnesota,St. Louis,223,16,0,47.6048407,-92.46879855,27137.0,112.0208971718491,7.174887892376683,207,218,16,0,202,203,199754,5,0,0,5,15
2020-07-11,US,Minnesota,Stearns,2496,19,0,45.55192576,-94.61078221,27145.0,1549.5887009157223,0.7612179487179487,2477,2481,19,0,2462,2448,159256,15,0,0,15,33
2020-07-11,US,Minnesota,Steele,245,1,0,44.02240351,-93.22627088,27147.0,668.5039155229338,0.4081632653061225,244,243,1,0,242,240,36803,2,0,0,2,3
2020-07-11,US,Minnesota,Stevens,11,0,0,45.58613007,-96.00163705,27149.0,112.18765935747068,0.0,11,10,0,0,10,8,9753,1,0,0,1,2
2020-07-11,US,Minnesota,Swift,33,1,0,45.2829032,-95.68264092,27151.0,356.1407295488885,3.0303030303030303,32,29,1,0,28,25,9345,4,0,0,4,4
2020-07-11,US,Minnesota,Todd,402,2,0,46.06996226,-94.89785296,27153.0,1629.9059357768408,0.4975124378109453,400,402,2,0,400,402,24582,0,0,0,0,0
2020-07-11,US,Minnesota,Traverse,6,0,0,45.77298854,-96.47062949,27155.0,184.1055538508745,0.0,6,6,0,0,6,6,3308,0,0,0,0,0
2020-07-11,US,Minnesota,Unassigned,88,38,0,0.0,0.0,90027.0,0.0,43.18181818181818,50,86,38,0,48,84,,2,0,0,2,2
2020-07-11,US,Minnesota,Wabasha,38,0,0,44.28424356,-92.23121312,27157.0,175.7062930596014,0.0,38,35,0,0,35,34,21645,3,0,0,3,1
2020-07-11,US,Minnesota,Wadena,17,0,0,46.58589171,-94.96968506,27159.0,124.25084052039179,0.0,17,16,0,0,16,16,13773,1,0,0,1,0
2020-07-11,US,Minnesota,Waseca,77,0,0,44.02211116,-93.58720034,27161.0,413.7115839243499,0.0,77,75,0,0,75,73,18691,2,0,0,2,2
2020-07-11,US,Minnesota,Washington,1255,41,0,45.03864533,-92.88429635,27163.0,478.20454199055024,3.266932270916335,1214,1228,40,0,1188,1190,259201,27,1,0,26,38
2020-07-11,US,Minnesota,Watonwan,267,0,0,43.97823903,-94.61413846,27165.0,2450.215655685051,0.0,267,245,0,0,245,242,10980,22,0,0,22,3
2020-07-11,US,Minnesota,Wilkin,22,3,0,46.35721532,-96.4684375,27167.0,354.4385371354922,13.636363636363635,19,21,3,0,18,21,6254,1,0,0,1,0
2020-07-11,US,Minnesota,Winona,141,15,0,43.98772283,-91.78081305,27169.0,279.2964107439981,10.638297872340424,126,136,15,0,121,133,50825,5,0,0,5,3
2020-07-11,US,Minnesota,Wright,528,5,0,45.17297924,-93.96234781,27171.0,381.566300758074,0.946969696969697,523,516,5,0,511,505,136349,12,0,0,12,11
2020-07-11,US,Minnesota,Yellow Medicine,31,0,0,44.71710183,-95.86842453,27173.0,319.29137913276344,0.0,31,31,0,0,31,31,9795,0,0,0,0,0
2020-07-11,US,Mississippi,Adams,351,20,0,31.47669768,-91.35326037,28001.0,1143.5832274459974,5.698005698005698,331,347,19,0,328,340,31192,4,1,0,3,7
2020-07-11,US,Mississippi,Alcorn,100,2,0,34.88084463,-88.57996173,28003.0,270.6140232186832,2.0,98,94,2,0,92,85,36925,6,0,0,6,9
2020-07-11,US,Mississippi,Amite,110,3,0,31.17467303,-90.80501621,28005.0,894.5271204358787,2.727272727272727,107,108,3,0,105,106,12326,2,0,0,2,2
2020-07-11,US,Mississippi,Attala,384,24,0,33.08658803,-89.57838564,28007.0,2112.908550676791,6.25,360,383,24,0,359,375,18365,1,0,0,1,8
2020-07-11,US,Mississippi,Benton,46,0,0,34.81681228,-89.18945516,28009.0,556.9681559510836,0.0,46,44,0,0,44,42,8271,2,0,0,2,2
2020-07-11,US,Mississippi,Bolivar,405,18,0,33.79696941,-90.87372121,28011.0,1322.3194462583258,4.4444444444444455,387,394,18,0,376,380,31333,11,0,0,11,14
2020-07-11,US,Mississippi,Calhoun,164,5,0,33.93683395,-89.33686647,28013.0,1141.9817561451152,3.0487804878048776,159,160,5,0,155,147,14436,4,0,0,4,13
2020-07-11,US,Mississippi,Carroll,181,11,0,33.44834567,-89.91994479,28015.0,1819.6441138031566,6.077348066298343,170,174,11,0,163,173,9911,7,0,0,7,1
2020-07-11,US,Mississippi,Chickasaw,297,19,0,33.91983202,-88.9481545,28017.0,1736.5374495702508,6.397306397306397,278,293,19,0,274,292,17171,4,0,0,4,1
2020-07-11,US,Mississippi,Choctaw,75,4,0,33.34598242,-89.24809382,28019.0,913.5200974421435,5.333333333333333,71,75,4,0,71,75,8278,0,0,0,0,0
2020-07-11,US,Mississippi,Claiborne,301,11,0,31.97061673,-90.90702196,28021.0,3348.909657320872,3.6544850498338866,290,300,11,0,289,293,9002,1,0,0,1,7
2020-07-11,US,Mississippi,Clarke,223,25,0,32.04158545,-88.68896219999998,28023.0,1434.9140981918795,11.210762331838565,198,217,25,0,192,214,15604,6,0,0,6,3
2020-07-11,US,Mississippi,Clay,258,11,0,33.65358105,-88.77784255,28025.0,1335.680265065231,4.263565891472869,247,256,11,0,245,255,19386,2,0,0,2,1
2020-07-11,US,Mississippi,Coahoma,222,6,0,34.22772299,-90.60415045,28027.0,1003.4351835111192,2.702702702702702,216,219,6,0,213,215,22628,3,0,0,3,4
2020-07-11,US,Mississippi,Copiah,653,15,0,31.86977774,-90.44565118,28029.0,2326.741492962765,2.2970903522205206,638,642,15,0,627,631,28543,11,0,0,11,11
2020-07-11,US,Mississippi,Covington,435,5,0,31.63225413,-89.55389939,28031.0,2334.1918866709593,1.1494252873563218,430,429,5,0,424,419,18853,6,0,0,6,10
2020-07-11,US,Mississippi,DeSoto,1900,19,0,34.87625235,-89.99091418,28033.0,1027.3324501878938,1.0,1881,1865,19,0,1846,1818,182001,35,0,0,35,47
2020-07-11,US,Mississippi,Forrest,993,43,0,31.18961454,-89.25832496,28035.0,1325.820793890276,4.330312185297078,950,972,43,0,929,939,75036,21,0,0,21,33
2020-07-11,US,Mississippi,Franklin,54,2,0,31.47786634,-90.89672989,28037.0,700.1166861143524,3.703703703703704,52,54,2,0,52,49,7788,0,0,0,0,5
2020-07-11,US,Mississippi,George,116,3,0,30.86259065,-88.64436789,28039.0,473.46938775510216,2.586206896551724,113,112,3,0,109,102,24250,4,0,0,4,10
2020-07-11,US,Mississippi,Greene,113,10,0,31.21444233,-88.63922281,28041.0,831.7385543942295,8.849557522123892,103,112,10,0,102,108,13586,1,0,0,1,4
2020-07-11,US,Mississippi,Grenada,594,9,0,33.77036166,-89.80245083,28043.0,2861.547355236535,1.5151515151515151,585,569,8,0,561,535,21055,25,1,0,24,34
2020-07-11,US,Mississippi,Hancock,144,13,0,30.41830223,-89.48851033,28045.0,302.31776956667784,9.027777777777779,131,141,13,0,128,138,47334,3,0,0,3,3
2020-07-11,US,Mississippi,Harrison,1136,16,0,30.51359752,-89.12467576,28047.0,545.9438677431757,1.4084507042253518,1120,1096,15,0,1081,1040,206650,40,1,0,39,56
2020-07-11,US,Mississippi,Hinds,2908,51,0,32.2656285,-90.44435448,28049.0,1254.3133195307112,1.7537826685006876,2857,2824,49,0,2775,2697,237085,84,2,0,82,127
2020-07-11,US,Mississippi,Holmes,586,41,0,33.12345854,-90.08923538,28051.0,3445.032333921223,6.996587030716723,545,579,41,0,538,573,17622,7,0,0,7,6
2020-07-11,US,Mississippi,Humphreys,163,10,0,33.12825718,-90.52252707,28053.0,2021.3293650793646,6.1349693251533735,153,161,10,0,151,159,8257,2,0,0,2,2
2020-07-11,US,Mississippi,Issaquena,10,1,0,32.72531359,-90.97392828,28055.0,753.5795026375282,10.0,9,10,1,0,9,10,1308,0,0,0,0,0
2020-07-11,US,Mississippi,Itawamba,146,8,0,34.27993475,-88.3606733,28057.0,624.1983753740915,5.479452054794519,138,145,8,0,137,141,23517,1,0,0,1,4
2020-07-11,US,Mississippi,Jackson,775,19,0,30.54020656,-88.64184064,28059.0,539.6297095747718,2.4516129032258065,756,744,18,0,726,727,143277,31,1,0,30,17
2020-07-11,US,Mississippi,Jasper,277,6,0,32.01922104,-89.11786866,28061.0,1690.7770249649027,2.166064981949458,271,271,6,0,265,267,16428,6,0,0,6,4
2020-07-11,US,Mississippi,Jefferson,126,3,0,31.73397872,-91.03764977,28063.0,1802.5751072961375,2.380952380952381,123,122,3,0,119,117,7106,4,0,0,4,5
2020-07-11,US,Mississippi,Jefferson Davis,120,4,0,31.56884708,-89.82670990000004,28065.0,1078.3608914450037,3.333333333333333,116,118,4,0,114,116,11234,2,0,0,2,2
2020-07-11,US,Mississippi,Jones,1203,49,0,31.62257767,-89.16896899999998,28067.0,1766.5717054832742,4.073150457190358,1154,1185,49,0,1136,1173,68461,18,0,0,18,12
2020-07-11,US,Mississippi,Kemper,184,14,0,32.75462946,-88.64105766,28069.0,1888.7292137138165,7.608695652173912,170,183,14,0,169,180,10027,1,0,0,1,3
2020-07-11,US,Mississippi,Lafayette,497,4,0,34.35687874,-89.48490961,28071.0,920.0466502526888,0.8048289738430584,493,464,4,0,460,437,54793,33,0,0,33,27
2020-07-11,US,Mississippi,Lamar,534,7,0,31.20572971,-89.5077704,28073.0,843.0292218556116,1.310861423220974,527,522,7,0,515,502,62447,12,0,0,12,20
2020-07-11,US,Mississippi,Lauderdale,963,81,0,32.40419769,-88.66229662,28075.0,1299.1568296795956,8.411214953271028,882,954,81,0,873,942,75317,9,0,0,9,12
2020-07-11,US,Mississippi,Lawrence,209,2,0,31.55147224,-90.10841127,28077.0,1660.5752423327506,0.9569377990430622,207,202,2,0,200,199,12455,7,0,0,7,3
2020-07-11,US,Mississippi,Leake,635,20,0,32.7536828,-89.52402044,28079.0,2786.798911612394,3.1496062992125986,615,621,20,0,601,613,22763,14,0,0,14,8
2020-07-11,US,Mississippi,Lee,612,22,0,34.291877500000005,-88.68149954,28081.0,716.3256706774663,3.594771241830065,590,600,22,0,578,586,85202,12,0,0,12,14
2020-07-11,US,Mississippi,Leflore,531,56,0,33.55545125,-90.29900733,28083.0,1884.1145371323141,10.546139359698682,475,528,56,0,472,522,28919,3,0,0,3,6
2020-07-11,US,Mississippi,Lincoln,529,35,0,31.53288662,-90.45391915,28085.0,1548.9122478259594,6.616257088846881,494,519,35,0,484,509,34205,10,0,0,10,10
2020-07-11,US,Mississippi,Lowndes,548,13,0,33.47386518,-88.44191529999998,28087.0,935.2333816878572,2.372262773722628,535,536,13,0,523,526,58930,12,0,0,12,10
2020-07-11,US,Mississippi,Madison,1446,38,0,32.63389156,-90.03513564,28089.0,1360.6594399277326,2.627939142461964,1408,1419,36,0,1383,1382,105630,27,2,0,25,37
2020-07-11,US,Mississippi,Marion,327,12,0,31.23132643,-89.8209217,28091.0,1330.728848736418,3.669724770642202,315,324,12,0,312,313,24715,3,0,0,3,11
2020-07-11,US,Mississippi,Marshall,277,3,0,34.76216286,-89.50299462,28093.0,784.8359494531649,1.083032490974729,274,276,3,0,273,269,35451,1,0,0,1,7
2020-07-11,US,Mississippi,Monroe,456,35,0,33.89236763,-88.4808438,28095.0,1293.5436287302848,7.675438596491227,421,439,35,0,404,436,35564,17,0,0,17,3
2020-07-11,US,Mississippi,Montgomery,171,3,0,33.49419589,-89.61729103,28097.0,1749.3606138107416,1.7543859649122806,168,151,3,0,148,149,10023,20,0,0,20,2
2020-07-11,US,Mississippi,Neshoba,1045,77,0,32.75339664,-89.11726492,28099.0,3588.845387732673,7.36842105263158,968,1039,76,0,963,1022,29125,6,1,0,5,17
2020-07-11,US,Mississippi,Newton,375,10,0,32.40021118,-89.11843336,28101.0,1784.1849842991721,2.6666666666666665,365,367,10,0,357,357,21443,8,0,0,8,10
2020-07-11,US,Mississippi,Noxubee,278,8,0,33.11009499,-88.56949061,28103.0,2668.714601132764,2.8776978417266186,270,277,8,0,269,275,10535,1,0,0,1,2
2020-07-11,US,Mississippi,Oktibbeha,611,28,0,33.42491685,-88.87905132,28105.0,1232.1777885332851,4.582651391162028,583,589,28,0,561,568,49599,22,0,0,22,21
2020-07-11,US,Mississippi,Panola,448,6,0,34.36398677,-89.95064249,28107.0,1310.248011230697,1.3392857142857142,442,432,6,0,426,399,34178,16,0,0,16,33
2020-07-11,US,Mississippi,Pearl River,288,32,0,30.77090935,-89.58677275,28109.0,518.5918789952284,11.111111111111109,256,281,32,0,249,276,55387,7,0,0,7,5
2020-07-11,US,Mississippi,Perry,87,4,0,31.17161885,-88.99281835,28111.0,726.634928589326,4.597701149425287,83,79,4,0,75,76,11931,8,0,0,8,3
2020-07-11,US,Mississippi,Pike,499,20,0,31.17507789,-90.40392572,28113.0,1270.1079209936875,4.008016032064128,479,488,20,0,468,470,39563,11,0,0,11,18
2020-07-11,US,Mississippi,Pontotoc,346,6,0,34.226046000000004,-89.03636807,28115.0,1075.4024989121651,1.7341040462427746,340,339,6,0,333,326,31833,7,0,0,7,13
2020-07-11,US,Mississippi,Prentiss,120,4,0,34.61810501,-88.51986294,28117.0,477.592931624612,3.333333333333333,116,117,3,0,114,112,25315,3,1,0,2,5
2020-07-11,US,Mississippi,Quitman,99,1,0,34.25157572,-90.28908,28119.0,1457.5971731448765,1.0101010101010102,98,97,1,0,96,89,7051,2,0,0,2,8
2020-07-11,US,Mississippi,Rankin,1087,15,0,32.26469147,-89.94537876,28121.0,700.0663356325392,1.3799448022079115,1072,1063,15,0,1048,1035,153902,24,0,0,24,28
2020-07-11,US,Mississippi,Scott,819,15,0,32.406704100000006,-89.53789439,28123.0,2912.1035414592516,1.8315018315018317,804,809,15,0,794,792,28287,10,0,0,10,17
2020-07-11,US,Mississippi,Sharkey,48,0,0,32.88149103,-90.81595379999999,28125.0,1110.85396898866,0.0,48,47,0,0,47,42,4377,1,0,0,1,5
2020-07-11,US,Mississippi,Simpson,393,3,0,31.91282117,-89.91716179,28127.0,1474.2291244654514,0.7633587786259542,390,384,3,0,381,373,26758,9,0,0,9,11
2020-07-11,US,Mississippi,Smith,246,12,0,32.01744532,-89.50644846,28129.0,1545.6144759989947,4.878048780487805,234,237,12,0,225,234,16002,9,0,0,9,3
2020-07-11,US,Mississippi,Stone,74,2,0,30.79187949,-89.11547539,28131.0,403.5776614310646,2.702702702702702,72,73,2,0,71,73,18717,1,0,0,1,0
2020-07-11,US,Mississippi,Sunflower,477,8,0,33.60192578,-90.58882684,28133.0,1899.641577060932,1.6771488469601676,469,470,8,0,462,452,25735,7,0,0,7,18
2020-07-11,US,Mississippi,Tallahatchie,195,4,0,33.95339918,-90.1729398,28135.0,1412.1225287855746,2.051282051282051,191,178,4,0,174,166,13987,17,0,0,17,12
2020-07-11,US,Mississippi,Tate,352,13,0,34.65133709,-89.94485778,28137.0,1242.893965608559,3.6931818181818175,339,333,13,0,320,323,28759,19,0,0,19,10
2020-07-11,US,Mississippi,Tippah,145,11,0,34.76872156,-88.90988194,28139.0,658.6418351124232,7.586206896551723,134,144,11,0,133,144,21995,1,0,0,1,0
2020-07-11,US,Mississippi,Tishomingo,97,1,0,34.74023475,-88.23917219,28141.0,500.4385286075427,1.0309278350515465,96,97,1,0,96,92,19454,0,0,0,0,5
2020-07-11,US,Mississippi,Tunica,123,3,0,34.64967704,-90.37481167,28143.0,1276.9933554817273,2.4390243902439024,120,121,3,0,118,119,9944,2,0,0,2,2
2020-07-11,US,Mississippi,Union,252,11,0,34.49162015,-89.00776006,28145.0,874.5445080687143,4.365079365079366,241,246,11,0,235,238,28606,6,0,0,6,8
2020-07-11,US,Mississippi,Walthall,262,7,0,31.14971548,-90.10446654,28147.0,1833.9633207335853,2.6717557251908395,255,249,7,0,242,226,14465,13,0,0,13,23
2020-07-11,US,Mississippi,Warren,594,21,0,32.35810271,-90.83352619,28149.0,1308.9178290473988,3.5353535353535355,573,577,20,0,557,553,46176,17,1,0,16,24
2020-07-11,US,Mississippi,Washington,722,13,0,33.28392041,-90.94196237,28151.0,1644.3098225876245,1.8005540166204983,709,700,10,0,690,643,45063,22,3,0,19,57
2020-07-11,US,Mississippi,Wayne,562,18,0,31.64135687,-88.69573913,28153.0,2784.5216271119257,3.2028469750889683,544,560,18,0,542,554,20298,2,0,0,2,6
2020-07-11,US,Mississippi,Webster,134,11,0,33.61300486,-89.28392912,28155.0,1383.01166271029,8.208955223880597,123,134,11,0,123,128,9788,0,0,0,0,6
2020-07-11,US,Mississippi,Wilkinson,98,9,0,31.16078225,-91.31018819,28157.0,1135.5735805330244,9.183673469387756,89,96,9,0,87,95,8792,2,0,0,2,1
2020-07-11,US,Mississippi,Winston,295,11,0,33.08747908,-89.03391385,28159.0,1642.9963798384852,3.7288135593220337,284,296,11,0,285,287,18165,-1,0,0,-1,9
2020-07-11,US,Mississippi,Yalobusha,207,9,0,34.02824175,-89.70762049999998,28161.0,1709.613478691774,4.3478260869565215,198,202,8,0,194,193,12392,5,1,0,4,9
2020-07-11,US,Mississippi,Yazoo,553,6,0,32.77890365,-90.39656148,28163.0,1862.5799932637246,1.08499095840868,547,548,6,0,542,543,28248,5,0,0,5,5
2020-07-11,US,Missouri,Adair,100,0,0,40.19058551,-92.60078167,29001.0,394.5862762893106,0.0,100,100,0,0,100,99,25339,0,0,0,0,1
2020-07-11,US,Missouri,Andrew,55,1,0,39.98492163,-94.80163024,29003.0,310.5239385727191,1.818181818181818,54,55,1,0,54,58,17607,0,0,0,0,-3
2020-07-11,US,Missouri,Atchison,6,0,0,40.43238737,-95.42970639,29005.0,116.663426015944,0.0,6,6,0,0,6,6,5171,0,0,0,0,0
2020-07-11,US,Missouri,Audrain,142,1,0,39.215877,-91.84242683,29007.0,559.3193634788089,0.7042253521126759,141,142,1,0,141,142,25473,0,0,0,0,0
2020-07-11,US,Missouri,Barry,96,0,0,36.70978521,-93.82919888,29009.0,268.2388443376457,0.0,96,91,0,0,91,87,35886,5,0,0,5,4
2020-07-11,US,Missouri,Barton,33,0,0,37.50207671,-94.34757022,29011.0,280.75548749361917,0.0,33,31,0,0,31,31,11798,2,0,0,2,0
2020-07-11,US,Missouri,Bates,13,1,0,38.25271289,-94.34113157,29013.0,80.38585209003216,7.6923076923076925,12,13,1,0,12,12,16320,0,0,0,0,1
2020-07-11,US,Missouri,Benton,22,0,0,38.29503305,-93.28756116,29015.0,113.15126266522655,0.0,22,22,0,0,22,21,19278,0,0,0,0,1
2020-07-11,US,Missouri,Bollinger,21,0,0,37.32449052,-90.02725304,29017.0,173.08167806807882,0.0,21,21,0,0,21,20,12169,0,0,0,0,1
2020-07-11,US,Missouri,Boone,566,2,0,38.99186229,-92.30723575,29019.0,313.6376985864138,0.353356890459364,564,534,2,0,532,504,180005,32,0,0,32,30
2020-07-11,US,Missouri,Buchanan,938,5,0,39.65816401,-94.80138942,29021.0,1073.6687880591548,0.5330490405117271,933,938,5,0,933,927,88571,0,0,0,0,11
2020-07-11,US,Missouri,Butler,117,0,0,36.71462476,-90.40421163,29023.0,275.4366966429681,0.0,117,116,0,0,116,116,42639,1,0,0,1,0
2020-07-11,US,Missouri,Caldwell,15,1,0,39.65620858,-93.98308093,29025.0,166.29711751662973,6.666666666666668,14,15,1,0,14,14,9108,0,0,0,0,1
2020-07-11,US,Missouri,Callaway,63,1,0,38.83674754,-91.92186505,29027.0,140.80414813490378,1.5873015873015872,62,63,1,0,62,61,44889,0,0,0,0,2
2020-07-11,US,Missouri,Camden,83,2,0,38.02199522,-92.76083747,29029.0,179.2463016952813,2.409638554216868,81,78,2,0,76,77,45815,5,0,0,5,1
2020-07-11,US,Missouri,Cape Girardeau,329,3,0,37.38489388,-89.6843587,29031.0,417.1368437068124,0.9118541033434652,326,314,3,0,311,292,78753,15,0,0,15,22
2020-07-11,US,Missouri,Carroll,26,0,0,39.42762566,-93.50626255,29033.0,299.5736836041018,0.0,26,25,0,0,25,25,8743,1,0,0,1,0
2020-07-11,US,Missouri,Carter,7,1,0,36.94160441,-90.96051322,29035.0,117.0177198261451,14.285714285714285,6,7,1,0,6,7,6054,0,0,0,0,0
2020-07-11,US,Missouri,Cass,205,8,0,38.64789422,-94.353399,29037.0,193.79844961240312,3.902439024390244,197,195,8,0,187,190,104954,10,0,0,10,5
2020-07-11,US,Missouri,Cedar,12,0,0,37.72391475,-93.85445441,29039.0,83.62952122099102,0.0,12,12,0,0,12,12,14165,0,0,0,0,0
2020-07-11,US,Missouri,Chariton,6,0,0,39.51499357,-92.9629191,29041.0,80.79719903043363,0.0,6,6,0,0,6,6,7451,0,0,0,0,0
2020-07-11,US,Missouri,Christian,73,1,0,36.9711783,-93.18537118,29043.0,82.39742649133699,1.3698630136986298,72,71,1,0,70,67,86983,2,0,0,2,4
2020-07-11,US,Missouri,Clark,2,0,0,40.41040752,-91.73661677,29045.0,29.424746211563924,0.0,2,2,0,0,2,2,6842,0,0,0,0,0
2020-07-11,US,Missouri,Clay,557,13,0,39.31132056,-94.41850862,29047.0,222.8463520412245,2.3339317773788157,544,550,13,0,537,539,246365,7,0,0,7,11
2020-07-11,US,Missouri,Clinton,33,0,0,39.6013098,-94.40465394,29049.0,161.8678569676755,0.0,33,33,0,0,33,31,20470,0,0,0,0,2
2020-07-11,US,Missouri,Cole,103,2,0,38.50455671,-92.27860244,29051.0,134.2106977653267,1.9417475728155342,101,100,2,0,98,99,76796,3,0,0,3,1
2020-07-11,US,Missouri,Cooper,28,0,0,38.844478,-92.80896081,29053.0,158.11169461855553,0.0,28,28,0,0,28,25,17603,0,0,0,0,3
2020-07-11,US,Missouri,Crawford,21,0,0,37.97663738,-91.30528104,29055.0,87.79264214046823,0.0,21,21,0,0,21,19,23957,0,0,0,0,2
2020-07-11,US,Missouri,Dade,2,0,0,37.431814,-93.8503345,29057.0,26.451527575717503,0.0,2,2,0,0,2,2,7569,0,0,0,0,0
2020-07-11,US,Missouri,Dallas,18,1,0,37.681135499999996,-93.02127031,29059.0,106.6477070742979,5.5555555555555545,17,17,1,0,16,17,16762,1,0,0,1,0
2020-07-11,US,Missouri,Daviess,11,0,0,39.96145298,-93.98519678,29061.0,132.88233872916163,0.0,11,11,0,0,11,11,8313,0,0,0,0,0
2020-07-11,US,Missouri,DeKalb,16,0,0,39.89201062,-94.40476508,29063.0,127.52052283414362,0.0,16,16,0,0,16,15,12630,0,0,0,0,1
2020-07-11,US,Missouri,Dent,5,0,0,37.60663134,-91.50790473,29065.0,32.106851602131904,0.0,5,5,0,0,5,5,15441,0,0,0,0,0
2020-07-11,US,Missouri,Douglas,12,0,0,36.9325593,-92.49905109,29067.0,91.01251422070534,0.0,12,11,0,0,11,8,13373,1,0,0,1,3
2020-07-11,US,Missouri,Dunklin,127,3,0,36.27167174,-90.09122243,29069.0,435.96169029556137,2.3622047244094486,124,128,3,0,125,119,29423,-1,0,0,-1,9
2020-07-11,US,Missouri,Franklin,273,18,0,38.41127108,-91.07522826,29071.0,262.5833197072148,6.593406593406592,255,264,18,0,246,248,103670,9,0,0,9,16
2020-07-11,US,Missouri,Gasconade,15,0,0,38.43947277,-91.50847147,29073.0,101.99918400652795,0.0,15,14,0,0,14,13,14705,1,0,0,1,1
2020-07-11,US,Missouri,Gentry,67,9,0,40.21097916,-94.40944419,29075.0,1019.6317151118553,13.432835820895527,58,67,9,0,58,66,6628,0,0,0,0,1
2020-07-11,US,Missouri,Greene,431,8,0,37.2575872,-93.34230916,29077.0,147.05581296957206,1.8561484918793505,423,425,8,0,417,407,291923,6,0,0,6,18
2020-07-11,US,Missouri,Grundy,21,1,0,40.11406587,-93.56509276,29079.0,213.1979695431472,4.761904761904762,20,21,1,0,20,20,9914,0,0,0,0,1
2020-07-11,US,Missouri,Harrison,28,0,0,40.35570088,-93.99222144,29081.0,335.2490421455939,0.0,28,28,0,0,28,28,8414,0,0,0,0,0
2020-07-11,US,Missouri,Henry,25,3,0,38.38482826,-93.79293734,29083.0,114.55278592375366,12.0,22,22,3,0,19,20,21792,3,0,0,3,2
2020-07-11,US,Missouri,Hickory,1,0,0,37.94163617,-93.3203037,29085.0,10.477787091366304,0.0,1,1,0,0,1,1,9509,0,0,0,0,0
2020-07-11,US,Missouri,Holt,1,0,0,40.09799248,-95.21638879999999,29087.0,22.71178741766977,0.0,1,1,0,0,1,1,4404,0,0,0,0,0
2020-07-11,US,Missouri,Howard,5,0,0,39.1435761,-92.69756691,29089.0,49.99500049995,0.0,5,5,0,0,5,5,10137,0,0,0,0,0
2020-07-11,US,Missouri,Howell,49,0,0,36.77383887,-91.88683935,29091.0,122.14273250741579,0.0,49,49,0,0,49,48,40076,0,0,0,0,1
2020-07-11,US,Missouri,Iron,3,0,0,37.55487945,-90.7735296,29093.0,29.62962962962963,0.0,3,3,0,0,3,3,10177,0,0,0,0,0
2020-07-11,US,Missouri,Jackson,1558,43,0,39.01002188,-94.34724536,29095.0,221.6181539122432,2.7599486521181,1515,1543,42,0,1501,1490,700307,15,1,0,14,53
2020-07-11,US,Missouri,Jasper,985,11,0,37.20351921,-94.34050458,29097.0,811.8488724779111,1.116751269035533,974,969,10,0,959,940,120636,16,1,0,15,29
2020-07-11,US,Missouri,Jefferson,564,22,0,38.25926778,-90.53870896,29099.0,250.5764591413757,3.9007092198581566,542,558,22,0,536,539,224347,6,0,0,6,19
2020-07-11,US,Missouri,Johnson,236,1,0,38.74719601,-93.80691168,29101.0,436.53582923310273,0.42372881355932196,235,219,1,0,218,208,53652,17,0,0,17,11
2020-07-11,US,Missouri,Kansas City,3086,34,0,39.0997,-94.5786,0.0,631.1574150770131,1.101749837977965,3052,3040,32,0,3008,2957,491918,46,2,0,44,83
2020-07-11,US,Missouri,Knox,2,0,0,40.12699751,-92.14780832,29103.0,50.51780752715332,0.0,2,2,0,0,2,2,3947,0,0,0,0,0
2020-07-11,US,Missouri,Laclede,85,1,0,37.65896829,-92.5888493,29105.0,237.94194216611146,1.1764705882352942,84,84,1,0,83,76,35713,1,0,0,1,8
2020-07-11,US,Missouri,Lafayette,102,2,0,39.06986886,-93.78076396,29107.0,311.85031185031187,1.96078431372549,100,101,2,0,99,100,32598,1,0,0,1,1
2020-07-11,US,Missouri,Lawrence,58,1,0,37.10626634,-93.83293097,29109.0,151.21887628731585,1.7241379310344829,57,54,1,0,53,53,38359,4,0,0,4,1
2020-07-11,US,Missouri,Lewis,8,1,0,40.09673161,-91.72070156,29111.0,81.83306055646482,12.5,7,8,1,0,7,8,9855,0,0,0,0,0
2020-07-11,US,Missouri,Lincoln,112,1,0,39.05345619,-90.95588181,29113.0,189.78869062748885,0.8928571428571429,111,110,1,0,109,110,57686,2,0,0,2,0
2020-07-11,US,Missouri,Linn,20,1,0,39.87001769,-93.10704106,29115.0,167.78523489932888,5.0,19,20,1,0,19,20,12037,0,0,0,0,0
2020-07-11,US,Missouri,Livingston,25,0,0,39.78110272,-93.54645978,29117.0,164.18204505155316,0.0,25,24,0,0,24,24,15146,1,0,0,1,0
2020-07-11,US,Missouri,Macon,24,0,0,39.83049768,-92.56453089,29121.0,158.7616590593372,0.0,24,20,0,0,20,17,15153,4,0,0,4,3
2020-07-11,US,Missouri,Madison,7,0,0,37.47865134,-90.34671429999999,29123.0,57.90866975512906,0.0,7,7,0,0,7,7,12188,0,0,0,0,0
2020-07-11,US,Missouri,Maries,7,0,0,38.16193985,-91.92249662,29125.0,80.48752443371278,0.0,7,6,0,0,6,6,8769,1,0,0,1,0
2020-07-11,US,Missouri,Marion,31,0,0,39.80601912,-91.62203062,29127.0,108.65755345250614,0.0,31,29,0,0,29,29,28592,2,0,0,2,0
2020-07-11,US,Missouri,McDonald,705,1,0,36.62869595,-94.34867205,29119.0,3087.095502911941,0.14184397163120568,704,688,1,0,687,678,23078,17,0,0,17,10
2020-07-11,US,Missouri,Mercer,7,0,0,40.42212303,-93.56829590000001,29129.0,193.53055017970692,0.0,7,6,0,0,6,6,3641,1,0,0,1,0
2020-07-11,US,Missouri,Miller,24,0,0,38.21450288,-92.42610898,29131.0,93.68047152503999,0.0,24,23,0,0,23,22,25336,1,0,0,1,1
2020-07-11,US,Missouri,Mississippi,100,0,0,36.82516239,-89.29505753,29133.0,758.7253414264038,0.0,100,98,0,0,98,98,13336,2,0,0,2,0
2020-07-11,US,Missouri,Moniteau,65,1,0,38.63571781,-92.57976951,29135.0,402.92586164145797,1.5384615384615383,64,65,1,0,64,66,16121,0,0,0,0,-1
2020-07-11,US,Missouri,Monroe,5,0,0,39.49593978,-92.00043978,29137.0,57.84359093012494,0.0,5,5,0,0,5,5,8664,0,0,0,0,0
2020-07-11,US,Missouri,Montgomery,22,0,0,38.94022054,-91.47000721,29139.0,190.4597004588348,0.0,22,23,0,0,23,23,11534,-1,0,0,-1,0
2020-07-11,US,Missouri,Morgan,27,0,0,38.4181765,-92.88791859,29141.0,130.89639792504968,0.0,27,27,0,0,27,26,20358,0,0,0,0,1
2020-07-11,US,Missouri,New Madrid,51,1,0,36.59666326,-89.66070007,29143.0,298.6647926914968,1.96078431372549,50,49,1,0,48,47,17296,2,0,0,2,2
2020-07-11,US,Missouri,Newton,550,2,0,36.90519407,-94.3394104,29145.0,944.4329967717564,0.3636363636363637,548,548,2,0,546,540,58266,2,0,0,2,8
2020-07-11,US,Missouri,Nodaway,26,0,0,40.36079813,-94.88133008,29147.0,117.68966141589716,0.0,26,26,0,0,26,25,22304,0,0,0,0,1
2020-07-11,US,Missouri,Oregon,9,0,0,36.68710164,-91.4033755,29149.0,85.47820305822016,0.0,9,9,0,0,9,9,10541,0,0,0,0,0
2020-07-11,US,Missouri,Osage,13,0,0,38.46036182,-91.8613635,29151.0,95.48292324641943,0.0,13,12,0,0,12,11,13714,1,0,0,1,1
2020-07-11,US,Missouri,Ozark,2,0,0,36.64916339,-92.44459066,29153.0,21.80074122520166,0.0,2,2,0,0,2,2,9017,0,0,0,0,0
2020-07-11,US,Missouri,Pemiscot,116,6,0,36.2130572,-89.78742322,29155.0,733.9449541284404,5.172413793103448,110,116,6,0,110,115,16272,0,0,0,0,1
2020-07-11,US,Missouri,Perry,170,3,0,37.70660776,-89.82741088,29157.0,888.3779264214047,1.7647058823529411,167,168,3,0,165,168,19150,2,0,0,2,0
2020-07-11,US,Missouri,Pettis,144,1,0,38.72798918,-93.28471706,29159.0,340.1119535180332,0.6944444444444444,143,143,1,0,142,142,42542,1,0,0,1,1
2020-07-11,US,Missouri,Phelps,53,0,0,37.87736118,-91.79351727,29161.0,118.90606420927469,0.0,53,53,0,0,53,53,44732,0,0,0,0,0
2020-07-11,US,Missouri,Pike,40,1,0,39.34310674,-91.16980779,29163.0,218.55534914217026,2.5,39,39,1,0,38,38,18504,1,0,0,1,1
2020-07-11,US,Missouri,Platte,152,6,0,39.38154439,-94.77068479,29165.0,145.56877166772009,3.947368421052632,146,151,6,0,145,143,102985,1,0,0,1,8
2020-07-11,US,Missouri,Polk,20,0,0,37.616229600000004,-93.39828174,29167.0,62.21033313633393,0.0,20,19,0,0,19,19,32201,1,0,0,1,0
2020-07-11,US,Missouri,Pulaski,140,1,0,37.82462075,-92.20783203,29169.0,266.12428003877807,0.7142857142857143,139,137,1,0,136,134,52014,3,0,0,3,3
2020-07-11,US,Missouri,Putnam,3,0,0,40.47942497,-93.02042674,29171.0,63.884156729131185,0.0,3,3,0,0,3,3,4757,0,0,0,0,0
2020-07-11,US,Missouri,Ralls,10,0,0,39.52817427,-91.51838643,29173.0,97.00261907071491,0.0,10,10,0,0,10,10,10212,0,0,0,0,0
2020-07-11,US,Missouri,Randolph,17,0,0,39.44007257,-92.49713740000001,29175.0,68.69241958946178,0.0,17,17,0,0,17,14,24763,0,0,0,0,3
2020-07-11,US,Missouri,Ray,30,0,0,39.353746799999996,-93.98905745,29177.0,130.3327830393605,0.0,30,30,0,0,30,30,22883,0,0,0,0,0
2020-07-11,US,Missouri,Reynolds,6,0,0,37.36085952,-90.97009925,29179.0,95.69377990430624,0.0,6,5,0,0,5,5,6254,1,0,0,1,0
2020-07-11,US,Missouri,Ripley,20,0,0,36.65460667,-90.85990261,29181.0,150.51173991571343,0.0,20,20,0,0,20,20,13401,0,0,0,0,0
2020-07-11,US,Missouri,Saline,309,5,0,39.13734288,-93.20259964,29195.0,1357.5853433504676,1.6181229773462784,304,307,5,0,302,299,22895,2,0,0,2,8
2020-07-11,US,Missouri,Schuyler,5,0,0,40.46921489,-92.52311943,29197.0,107.2961373390558,0.0,5,5,0,0,5,5,4599,0,0,0,0,0
2020-07-11,US,Missouri,Scotland,11,1,0,40.45214695,-92.14709064,29199.0,224.3982048143615,9.090909090909092,10,11,1,0,10,11,4966,0,0,0,0,0
2020-07-11,US,Missouri,Scott,206,12,0,37.05588075,-89.56474493,29201.0,538.1400208986416,5.825242718446603,194,198,12,0,186,192,38458,8,0,0,8,6
2020-07-11,US,Missouri,Shannon,27,0,0,37.15772072,-91.40190382,29203.0,330.63923585598826,0.0,27,24,0,0,24,23,8189,3,0,0,3,1
2020-07-11,US,Missouri,Shelby,5,0,0,39.79742518,-92.07634971,29205.0,84.31703204047217,0.0,5,5,0,0,5,4,6050,0,0,0,0,1
2020-07-11,US,Missouri,St. Charles,1315,75,0,38.77875681,-90.66662425,29183.0,327.09652705573325,5.70342205323194,1240,1265,75,0,1190,1230,399182,50,0,0,50,35
2020-07-11,US,Missouri,St. Clair,5,0,0,38.03699437,-93.77631447,29185.0,53.20847078854954,0.0,5,4,0,0,4,3,9395,1,0,0,1,1
2020-07-11,US,Missouri,St. Francois,165,2,0,37.81214171,-90.47598685,29187.0,245.48091943762557,1.2121212121212122,163,163,2,0,161,162,66692,2,0,0,2,1
2020-07-11,US,Missouri,St. Louis,7761,597,0,38.63770039999999,-90.4458375,29189.0,780.6237144250937,7.6923076923076925,7164,7586,595,0,6991,7469,996945,175,2,0,173,117
2020-07-11,US,Missouri,St. Louis City,2916,158,0,38.63555736,-90.24349225,29510.0,970.1373363142766,5.41838134430727,2758,2884,158,0,2726,2811,302838,32,0,0,32,73
2020-07-11,US,Missouri,Ste. Genevieve,24,1,0,37.89090059,-90.1949941,29186.0,134.12316977757908,4.166666666666667,23,23,1,0,22,23,17888,1,0,0,1,0
2020-07-11,US,Missouri,Stoddard,154,9,0,36.85571651,-89.9444155,29207.0,530.5770887166236,5.8441558441558445,145,153,9,0,144,150,29206,1,0,0,1,3
2020-07-11,US,Missouri,Stone,22,0,0,36.75000327,-93.45256475,29209.0,68.85327991987982,0.0,22,22,0,0,22,21,31749,0,0,0,0,1
2020-07-11,US,Missouri,Sullivan,117,0,0,40.2099105,-93.11150106,29211.0,1921.4977828871736,0.0,117,117,0,0,117,118,6221,0,0,0,0,-1
2020-07-11,US,Missouri,Taney,123,3,0,36.65465345,-93.04075153,29213.0,219.92561865255328,2.4390243902439024,120,122,2,0,120,119,55852,1,1,0,0,3
2020-07-11,US,Missouri,Texas,11,0,0,37.31728859,-91.96564727,29215.0,43.31049688951886,0.0,11,11,0,0,11,10,25571,0,0,0,0,1
2020-07-11,US,Missouri,Vernon,32,0,0,37.8457799,-94.34127305,29217.0,155.61931624762923,0.0,32,29,0,0,29,28,20528,3,0,0,3,1
2020-07-11,US,Missouri,Warren,57,0,0,38.76529479,-91.16124662,29219.0,159.8922830934949,0.0,57,54,0,0,54,54,34711,3,0,0,3,0
2020-07-11,US,Missouri,Washington,26,1,0,37.96130078,-90.87948158,29221.0,105.13546300040436,3.8461538461538463,25,26,1,0,25,26,24943,0,0,0,0,0
2020-07-11,US,Missouri,Wayne,5,0,0,37.11303869,-90.46001416,29223.0,38.84098500737978,0.0,5,5,0,0,5,5,13122,0,0,0,0,0
2020-07-11,US,Missouri,Webster,51,1,0,37.2813734,-92.876329,29225.0,128.8139017983431,1.96078431372549,50,50,1,0,49,47,39109,1,0,0,1,3
2020-07-11,US,Missouri,Worth,4,0,0,40.47945588,-94.42328751,29227.0,198.7083954297069,0.0,4,4,0,0,4,4,2040,0,0,0,0,0
2020-07-11,US,Missouri,Wright,36,0,0,37.27029221,-92.46914488,29229.0,196.83963037891635,0.0,36,36,0,0,36,31,18378,0,0,0,0,5
2020-07-11,US,Montana,Beaverhead,3,0,0,45.13434354,-112.8984694,30001.0,31.735956839098698,0.0,3,3,0,0,3,3,9404,0,0,0,0,0
2020-07-11,US,Montana,Big Horn,111,4,0,45.42335905,-107.492347,30003.0,833.3959005931376,3.603603603603604,107,107,4,0,103,102,13338,4,0,0,4,5
2020-07-11,US,Montana,Broadwater,7,0,0,46.33277565,-111.4955813,30007.0,112.23344556677893,0.0,7,6,0,0,6,5,6085,1,0,0,1,1
2020-07-11,US,Montana,Carbon,32,0,0,45.22850116,-109.0274047,30009.0,298.3682983682984,0.0,32,31,0,0,31,30,10714,1,0,0,1,1
2020-07-11,US,Montana,Cascade,47,2,0,47.30797024,-111.3467922,30013.0,57.76368507730502,4.25531914893617,45,43,2,0,41,41,81643,4,0,0,4,2
2020-07-11,US,Montana,Custer,38,0,0,46.25319932,-105.57375259999998,30017.0,333.27486405893706,0.0,38,34,0,0,34,34,11586,4,0,0,4,0
2020-07-11,US,Montana,Dawson,8,0,0,47.26584855,-104.89444170000002,30021.0,92.88285150354116,0.0,8,8,0,0,8,8,8680,0,0,0,0,0
2020-07-11,US,Montana,Deer Lodge,6,0,0,46.05953325,-113.073353,30023.0,65.64551422319475,0.0,6,4,0,0,4,4,9131,2,0,0,2,0
2020-07-11,US,Montana,Fergus,2,0,0,47.26331584,-109.2245206,30027.0,18.099547511312217,0.0,2,2,0,0,2,2,11113,0,0,0,0,0
2020-07-11,US,Montana,Flathead,67,2,0,48.29575866,-114.0520569,30029.0,64.54347532897906,2.985074626865672,65,64,2,0,62,64,102106,3,0,0,3,0
2020-07-11,US,Montana,Gallatin,404,1,0,45.54486106,-111.1692571,30031.0,353.0419280982925,0.2475247524752475,403,373,1,0,372,334,111876,31,0,0,31,39
2020-07-11,US,Montana,Glacier,28,0,0,48.70513576,-112.9934235,30035.0,203.59194357594703,0.0,28,27,0,0,27,25,13747,1,0,0,1,2
2020-07-11,US,Montana,Golden Valley,3,0,0,46.3816474,-109.1768522,30037.0,365.4080389768576,0.0,3,3,0,0,3,3,826,0,0,0,0,0
2020-07-11,US,Montana,Granite,6,0,0,46.40605220000001,-113.4414186,30039.0,177.56732761171943,0.0,6,5,0,0,5,5,3378,1,0,0,1,0
2020-07-11,US,Montana,Hill,13,0,0,48.62879827,-110.1129252,30041.0,78.86435331230285,0.0,13,13,0,0,13,8,16347,0,0,0,0,5
2020-07-11,US,Montana,Jefferson,6,0,0,46.14907081,-112.094396,30043.0,49.09581867277637,0.0,6,6,0,0,6,5,12097,0,0,0,0,1
2020-07-11,US,Montana,Lake,48,0,0,47.64514965,-114.0898013,30047.0,157.59406395692432,0.0,48,40,0,0,40,38,30250,8,0,0,8,2
2020-07-11,US,Montana,Lewis and Clark,45,0,0,47.12610041,-112.394698,30049.0,64.81161424127204,0.0,45,41,0,0,41,40,68700,4,0,0,4,1
2020-07-11,US,Montana,Liberty,1,0,0,48.56084317,-111.024307,30051.0,42.78990158322636,0.0,1,1,0,0,1,1,2430,0,0,0,0,0
2020-07-11,US,Montana,Lincoln,13,1,0,48.54265777,-115.4046155,30053.0,65.06506506506507,7.6923076923076925,12,12,1,0,11,11,19794,1,0,0,1,1
2020-07-11,US,Montana,Madison,29,1,0,45.30080065,-111.9173017,30057.0,337.20930232558135,3.4482758620689653,28,25,1,0,24,22,8768,4,0,0,4,3
2020-07-11,US,Montana,Meagher,4,0,0,46.59907074,-110.8898557,30059.0,214.8227712137487,0.0,4,4,0,0,4,4,1866,0,0,0,0,0
2020-07-11,US,Montana,Missoula,123,1,0,47.03728583,-113.92135079999998,30063.0,102.84280936454849,0.8130081300813008,122,123,1,0,122,123,118791,0,0,0,0,0
2020-07-11,US,Montana,Musselshell,1,0,0,46.49684637,-108.39498,30065.0,21.58428663932657,0.0,1,1,0,0,1,1,4651,0,0,0,0,0
2020-07-11,US,Montana,Park,16,0,0,45.48965095,-110.52643940000002,30067.0,96.35071660845476,0.0,16,16,0,0,16,16,16736,0,0,0,0,0
2020-07-11,US,Montana,Pondera,2,0,0,48.22773388,-112.2252703,30073.0,33.83522246658772,0.0,2,2,0,0,2,2,5972,0,0,0,0,0
2020-07-11,US,Montana,Ravalli,42,1,0,46.08520862,-114.11891640000002,30081.0,95.87727708533077,2.380952380952381,41,38,0,0,38,38,43172,4,1,0,3,0
2020-07-11,US,Montana,Richland,28,0,0,47.78668011,-104.5610786,30083.0,259.1872627973711,0.0,28,28,0,0,28,22,10913,0,0,0,0,6
2020-07-11,US,Montana,Roosevelt,10,0,0,48.29607488,-105.0079268,30085.0,90.87604507451836,0.0,10,8,0,0,8,8,11059,2,0,0,2,0
2020-07-11,US,Montana,Rosebud,12,1,0,46.23397237,-106.72928799999998,30087.0,134.2732460557234,8.333333333333334,11,12,1,0,11,10,9063,0,0,0,0,2
2020-07-11,US,Montana,Sheridan,1,0,0,48.72085833,-104.503829,30091.0,30.22061045633122,0.0,1,1,0,0,1,1,3424,0,0,0,0,0
2020-07-11,US,Montana,Silver Bow,24,0,0,45.90018933,-112.6620092,30093.0,68.73836459974223,0.0,24,22,0,0,22,22,34993,2,0,0,2,0
2020-07-11,US,Montana,Stillwater,9,0,0,45.67071407,-109.3950061,30095.0,93.34163036714376,0.0,9,8,0,0,8,8,9534,1,0,0,1,0
2020-07-11,US,Montana,Teton,14,0,0,47.83741052,-112.2410688,30099.0,227.7533756303888,0.0,14,12,0,0,12,10,6162,2,0,0,2,2
2020-07-11,US,Montana,Toole,31,6,0,48.65577551,-111.6942414,30101.0,654.5608108108107,19.354838709677423,25,31,6,0,25,31,4853,0,0,0,0,0
2020-07-11,US,Montana,Treasure,2,0,0,46.20973220000001,-107.2666516,30103.0,287.3563218390805,0.0,2,2,0,0,2,2,679,0,0,0,0,0
2020-07-11,US,Montana,Valley,4,0,0,48.36435097,-106.6669635,30105.0,54.08328826392645,0.0,4,4,0,0,4,4,7437,0,0,0,0,0
2020-07-11,US,Montana,Wheatland,2,0,0,46.46652491,-109.8464636,30107.0,94.07337723424273,0.0,2,2,0,0,2,2,2236,0,0,0,0,0
2020-07-11,US,Montana,Yellowstone,435,9,0,45.93955949,-108.2691486,30111.0,269.6838189708617,2.0689655172413794,426,431,9,0,422,377,160137,4,0,0,4,54
2020-07-11,US,Nebraska,Adams,312,11,0,40.52449420000001,-98.50117804,31001.0,994.80279310015,3.525641025641025,301,309,11,0,298,309,31511,3,0,0,3,0
2020-07-11,US,Nebraska,Antelope,12,1,0,42.17695516,-98.0666283,31003.0,190.53667831057479,8.333333333333334,11,11,1,0,10,11,6336,1,0,0,1,0
2020-07-11,US,Nebraska,Banner,2,0,0,41.54634427,-103.7114332,31007.0,268.4563758389262,0.0,2,2,0,0,2,2,730,0,0,0,0,0
2020-07-11,US,Nebraska,Boone,7,0,0,41.70759415,-98.06737183,31011.0,134.82280431432974,0.0,7,7,0,0,7,7,5239,0,0,0,0,0
2020-07-11,US,Nebraska,Box Butte,4,0,0,42.22079243,-103.0878834,31013.0,37.095427988500425,0.0,4,4,0,0,4,4,10772,0,0,0,0,0
2020-07-11,US,Nebraska,Boyd,1,0,0,42.8997274,-98.76486568,31015.0,52.110474205315285,0.0,1,1,0,0,1,1,1955,0,0,0,0,0
2020-07-11,US,Nebraska,Buffalo,206,1,0,40.85486962,-99.07500296,31019.0,414.8291346986448,0.4854368932038835,205,205,1,0,204,202,49615,1,0,0,1,3
2020-07-11,US,Nebraska,Burt,14,0,0,41.85056773,-96.32605633,31021.0,216.75181916705367,0.0,14,14,0,0,14,14,6488,0,0,0,0,0
2020-07-11,US,Nebraska,Butler,51,0,0,41.22703692,-97.13106306,31023.0,636.2275449101796,0.0,51,51,0,0,51,51,8058,0,0,0,0,0
2020-07-11,US,Nebraska,Cass,84,1,0,40.90899107,-96.13971217,31025.0,320.0243828101189,1.1904761904761905,83,80,1,0,79,80,26159,4,0,0,4,0
2020-07-11,US,Nebraska,Cedar,19,0,0,42.5988851,-97.25311951,31027.0,226.13663413472983,0.0,19,19,0,0,19,18,8446,0,0,0,0,1
2020-07-11,US,Nebraska,Chase,1,0,0,40.5237198,-101.6978026,31029.0,25.4841997961264,0.0,1,1,0,0,1,1,3977,0,0,0,0,0
2020-07-11,US,Nebraska,Cherry,3,0,0,42.54502621,-101.1244332,31031.0,52.73334505185446,0.0,3,2,0,0,2,2,5761,1,0,0,1,0
2020-07-11,US,Nebraska,Cheyenne,20,0,0,41.21999357,-102.9941693,31033.0,224.46689113355785,0.0,20,20,0,0,20,20,9310,0,0,0,0,0
2020-07-11,US,Nebraska,Clay,29,0,0,40.52439441,-98.05126296,31035.0,467.5157182008706,0.0,29,28,0,0,28,28,6214,1,0,0,1,0
2020-07-11,US,Nebraska,Colfax,678,4,0,41.57486951,-97.0868542,31037.0,6331.1233541880665,0.5899705014749262,674,676,4,0,672,676,10881,2,0,0,2,0
2020-07-11,US,Nebraska,Cuming,38,0,0,41.91637624,-96.78730772,31039.0,429.5726882206648,0.0,38,38,0,0,38,38,8940,0,0,0,0,0
2020-07-11,US,Nebraska,Custer,40,4,0,41.39374521,-99.72805369,31041.0,371.16080541894775,10.0,36,40,4,0,36,40,10840,0,0,0,0,0
2020-07-11,US,Nebraska,Dakota,1786,36,0,42.39040144,-96.56656425,31043.0,8918.406072106261,2.0156774916013442,1750,1783,36,0,1747,1781,20083,3,0,0,3,2
2020-07-11,US,Nebraska,Dawes,4,0,0,42.71985036,-103.1313774,31045.0,46.57119571545,0.0,4,4,0,0,4,4,8716,0,0,0,0,0
2020-07-11,US,Nebraska,Dawson,870,8,0,40.87028216,-99.8201461,31047.0,3687.2218690400514,0.9195402298850576,862,870,8,0,862,869,23709,0,0,0,0,1
2020-07-11,US,Nebraska,Dixon,52,2,0,42.49188363,-96.86782408,31051.0,922.6401703335699,3.8461538461538463,50,52,2,0,50,52,5709,0,0,0,0,0
2020-07-11,US,Nebraska,Dodge,709,8,0,41.58071748,-96.65598179,31053.0,1939.0127170791736,1.1283497884344147,701,708,8,0,700,706,36791,1,0,0,1,2
2020-07-11,US,Nebraska,Douglas,7954,97,0,41.29518299,-96.15085305,31055.0,1392.1974630990658,1.2195121951219512,7857,7864,98,0,7766,7773,566880,90,-1,0,91,91
2020-07-11,US,Nebraska,Fillmore,18,1,0,40.52458567,-97.59646937,31059.0,329.5496155254485,5.5555555555555545,17,18,1,0,17,18,5527,0,0,0,0,0
2020-07-11,US,Nebraska,Franklin,8,0,0,40.17636348,-98.95299073,31061.0,268.5464921114468,0.0,8,8,0,0,8,8,3023,0,0,0,0,0
2020-07-11,US,Nebraska,Frontier,2,0,0,40.52993007,-100.3924658,31063.0,76.13247049866769,0.0,2,1,0,0,1,1,2608,1,0,0,1,0
2020-07-11,US,Nebraska,Furnas,10,1,0,40.17642064,-99.91247454,31065.0,213.85799828913602,10.0,9,10,1,0,9,10,4715,0,0,0,0,0
2020-07-11,US,Nebraska,Gage,62,3,0,40.26186809,-96.68946704,31067.0,288.19783386789385,4.838709677419356,59,61,3,0,58,61,21493,1,0,0,1,0
2020-07-11,US,Nebraska,Garden,4,0,0,41.61703149,-102.3313973,31069.0,217.74632553075668,0.0,4,4,0,0,4,4,1897,0,0,0,0,0
2020-07-11,US,Nebraska,Garfield,2,0,0,41.91428955,-98.99111827,31071.0,101.57440325038091,0.0,2,2,0,0,2,1,1987,0,0,0,0,1
2020-07-11,US,Nebraska,Gosper,13,0,0,40.51481965,-99.83020279,31073.0,653.2663316582915,0.0,13,13,0,0,13,13,1996,0,0,0,0,0
2020-07-11,US,Nebraska,Greeley,5,0,0,41.56742671,-98.52150266,31077.0,212.22410865874363,0.0,5,5,0,0,5,5,2356,0,0,0,0,0
2020-07-11,US,Nebraska,Hall,1615,47,0,40.87257079,-98.50218293,31079.0,2632.308118592408,2.9102167182662537,1568,1611,47,0,1564,1608,61607,4,0,0,4,3
2020-07-11,US,Nebraska,Hamilton,69,12,0,40.87349452,-98.02099117,31081.0,740.0257400257401,17.391304347826086,57,69,12,0,57,69,9280,0,0,0,0,0
2020-07-11,US,Nebraska,Harlan,1,0,0,40.17658508,-99.40438879,31083.0,29.58579881656805,0.0,1,1,0,0,1,1,3401,0,0,0,0,0
2020-07-11,US,Nebraska,Hitchcock,1,0,0,40.17609175,-101.0416477,31087.0,36.205648081100655,0.0,1,1,0,0,1,1,2806,0,0,0,0,0
2020-07-11,US,Nebraska,Holt,4,0,0,42.45522056,-98.78402558,31089.0,39.73378364954803,0.0,4,4,0,0,4,4,10178,0,0,0,0,0
2020-07-11,US,Nebraska,Hooker,2,0,0,41.91586243,-101.1354293,31091.0,293.2551319648094,0.0,2,2,0,0,2,2,682,0,0,0,0,0
2020-07-11,US,Nebraska,Howard,47,4,0,41.2200529,-98.5166499,31093.0,729.2474786656323,8.51063829787234,43,47,4,0,43,44,6468,0,0,0,0,3
2020-07-11,US,Nebraska,Jefferson,11,0,0,40.17584531,-97.142601,31095.0,156.11694578484247,0.0,11,10,0,0,10,10,7097,1,0,0,1,0
2020-07-11,US,Nebraska,Johnson,8,0,0,40.39257596,-96.26522753,31097.0,157.75981068822716,0.0,8,7,0,0,7,7,5134,1,0,0,1,0
2020-07-11,US,Nebraska,Kearney,18,0,0,40.50663314,-98.94877182,31099.0,277.1362586605081,0.0,18,18,0,0,18,18,6544,0,0,0,0,0
2020-07-11,US,Nebraska,Keith,4,0,0,41.19930341,-101.6620164,31101.0,49.78839930296241,0.0,4,4,0,0,4,4,8021,0,0,0,0,0
2020-07-11,US,Nebraska,Kimball,11,0,0,41.19774275,-103.7148131,31105.0,302.86343612334804,0.0,11,11,0,0,11,11,3618,0,0,0,0,0
2020-07-11,US,Nebraska,Knox,25,0,0,42.63758421,-97.89178836,31107.0,300.04800768122897,0.0,25,25,0,0,25,25,8419,0,0,0,0,0
2020-07-11,US,Nebraska,Lancaster,2076,13,0,40.78416049,-96.68777155,31109.0,650.6001441599549,0.6262042389210021,2063,2019,13,0,2006,1990,317272,57,0,0,57,29
2020-07-11,US,Nebraska,Lincoln,66,2,0,41.04658298,-100.7475374,31111.0,189.0359168241966,3.0303030303030303,64,66,2,0,64,65,35185,0,0,0,0,1
2020-07-11,US,Nebraska,Madison,382,4,0,41.91676024,-97.6005481,31119.0,1088.3500954443143,1.0471204188481675,378,381,4,0,377,379,35392,1,0,0,1,2
2020-07-11,US,Nebraska,McPherson,3,0,0,41.56797682,-101.0599362,31117.0,607.2874493927128,0.0,3,3,0,0,3,,492,0,0,0,0,
2020-07-11,US,Nebraska,Merrick,39,0,0,41.16624273,-98.0374887,31121.0,502.9013539651838,0.0,39,39,0,0,39,39,7733,0,0,0,0,0
2020-07-11,US,Nebraska,Morrill,52,0,0,41.71711774,-103.0061405,31123.0,1120.2068074105991,0.0,52,52,0,0,52,52,4686,0,0,0,0,0
2020-07-11,US,Nebraska,Nance,6,0,0,41.39750195,-97.99327291,31125.0,170.50298380221653,0.0,6,5,0,0,5,4,3532,1,0,0,1,1
2020-07-11,US,Nebraska,Nemaha,5,0,0,40.38514847,-95.85433992,31127.0,71.7154331612163,0.0,5,5,0,0,5,5,6958,0,0,0,0,0
2020-07-11,US,Nebraska,Nuckolls,1,0,0,40.17637905,-98.04743961,31129.0,24.108003857280607,0.0,1,1,0,0,1,1,4195,0,0,0,0,0
2020-07-11,US,Nebraska,Otoe,28,0,0,40.64843556,-96.13374142,31131.0,174.86884836372718,0.0,28,27,0,0,27,27,15985,1,0,0,1,0
2020-07-11,US,Nebraska,Pawnee,1,0,0,40.13141096,-96.23705437,31133.0,38.270187523918864,0.0,1,,,,,,2632,,,,,
2020-07-11,US,Nebraska,Phelps,27,0,0,40.51156033,-99.41461667,31137.0,298.87093203453617,0.0,27,27,0,0,27,27,8996,0,0,0,0,0
2020-07-11,US,Nebraska,Pierce,11,0,0,42.26434853,-97.60122773,31139.0,153.8891997761612,0.0,11,11,0,0,11,10,7142,0,0,0,0,1
2020-07-11,US,Nebraska,Platte,688,3,0,41.57246836,-97.52144359,31141.0,2055.572154167912,0.43604651162790703,685,684,3,0,681,684,33363,4,0,0,4,0
2020-07-11,US,Nebraska,Polk,13,0,0,41.18813488,-97.56630712,31143.0,249.37655860349128,0.0,13,13,0,0,13,13,5278,0,0,0,0,0
2020-07-11,US,Nebraska,Red Willow,8,0,0,40.17556879999999,-100.476998,31145.0,74.59903021260723,0.0,8,8,0,0,8,8,10726,0,0,0,0,0
2020-07-11,US,Nebraska,Richardson,8,1,0,40.1247415,-95.71755036,31147.0,101.716465352829,12.5,7,6,1,0,5,6,7937,2,0,0,2,0
2020-07-11,US,Nebraska,Rock,2,0,0,42.42252217,-99.44832069,31149.0,147.38393515106853,0.0,2,2,0,0,2,2,1360,0,0,0,0,0
2020-07-11,US,Nebraska,Saline,546,2,0,40.52418865,-97.14085859,31151.0,3838.582677165354,0.3663003663003663,544,545,2,0,543,545,14350,1,0,0,1,0
2020-07-11,US,Nebraska,Sarpy,1335,8,0,41.11314181,-96.11156432,31153.0,713.1562640227354,0.599250936329588,1327,1311,8,0,1303,1299,184459,24,0,0,24,12
2020-07-11,US,Nebraska,Saunders,89,2,0,41.2278103,-96.63773905,31155.0,412.4571322643433,2.247191011235955,87,86,2,0,84,85,21303,3,0,0,3,1
2020-07-11,US,Nebraska,Scotts Bluff,241,5,0,41.85070896,-103.7080986,31157.0,676.6241787860072,2.074688796680498,236,235,5,0,230,233,35989,6,0,0,6,2
2020-07-11,US,Nebraska,Seward,47,1,0,40.87241834,-97.139673,31159.0,271.92779449201566,2.127659574468085,46,47,1,0,46,46,17318,0,0,0,0,1
2020-07-11,US,Nebraska,Sheridan,8,0,0,42.50284406,-102.4126613,31161.0,152.49714067861228,0.0,8,8,0,0,8,8,5190,0,0,0,0,0
2020-07-11,US,Nebraska,Sherman,5,0,0,41.22045983,-98.97588642,31163.0,166.61112962345885,0.0,5,5,0,0,5,5,3038,0,0,0,0,0
2020-07-11,US,Nebraska,Sioux,6,0,0,42.48932059,-103.7576544,31165.0,514.5797598627787,0.0,6,6,0,0,6,6,1187,0,0,0,0,0
2020-07-11,US,Nebraska,Stanton,21,0,0,41.9169835,-97.19394708,31167.0,354.72972972972974,0.0,21,21,0,0,21,21,5970,0,0,0,0,0
2020-07-11,US,Nebraska,Thayer,9,0,0,40.17626377,-97.59504381,31169.0,179.8920647611433,0.0,9,7,0,0,7,7,5039,2,0,0,2,0
2020-07-11,US,Nebraska,Thomas,1,0,0,41.91358968,-100.5556632,31171.0,138.50415512465375,0.0,1,1,0,0,1,1,720,0,0,0,0,0
2020-07-11,US,Nebraska,Thurston,169,1,0,42.15725356,-96.54157099,31173.0,2339.424141749724,0.591715976331361,168,169,1,0,168,167,7303,0,0,0,0,2
2020-07-11,US,Nebraska,Unassigned,114,1,0,0.0,0.0,90031.0,0.0,0.8771929824561403,113,116,1,0,115,123,,-2,0,0,-2,-7
2020-07-11,US,Nebraska,Valley,8,0,0,41.56730777,-98.98197724,31175.0,192.40019240019242,0.0,8,8,0,0,8,8,4190,0,0,0,0,0
2020-07-11,US,Nebraska,Washington,58,1,0,41.52815707,-96.22019892,31177.0,279.8012446331227,1.7241379310344829,57,56,1,0,55,55,20667,2,0,0,2,1
2020-07-11,US,Nebraska,Wayne,31,0,0,42.20934475,-97.11926964,31179.0,330.31433137986147,0.0,31,30,0,0,30,31,9403,1,0,0,1,-1
2020-07-11,US,Nebraska,Webster,7,0,0,40.17642643,-98.50019851,31181.0,200.7456266131345,0.0,7,7,0,0,7,7,3533,0,0,0,0,0
2020-07-11,US,Nebraska,York,51,0,0,40.87272618,-97.59710186,31185.0,372.83427151107537,0.0,51,49,0,0,49,50,13772,2,0,0,2,-1
2020-07-11,US,Nevada,Carson City,208,6,0,39.15509045,-119.7480219,32510.0,371.9865512554546,2.8846153846153846,202,200,6,0,194,194,55414,8,0,0,8,6
2020-07-11,US,Nevada,Churchill,24,1,0,39.58105744,-118.3394607,32001.0,96.35071660845476,4.166666666666667,23,26,1,0,25,26,24440,-2,0,0,-2,0
2020-07-11,US,Nevada,Clark,22286,483,0,36.21458855,-115.0130241,32003.0,983.1849173804384,2.167279906667863,21803,21449,473,0,20976,20622,2231647,837,10,0,827,827
2020-07-11,US,Nevada,Douglas,84,0,0,38.912862,-119.6171333,32005.0,171.7615785706983,0.0,84,82,0,0,82,80,48467,2,0,0,2,2
2020-07-11,US,Nevada,Elko,240,1,0,41.14531606,-115.3577619,32007.0,454.73492743188456,0.4166666666666667,239,213,1,0,212,184,52460,27,0,0,27,29
2020-07-11,US,Nevada,Eureka,1,0,0,39.98100864,-116.2683204,32011.0,49.28536224741252,0.0,1,1,0,0,1,1,2003,0,0,0,0,0
2020-07-11,US,Nevada,Humboldt,90,4,0,41.40692186,-118.1109427,32013.0,534.7275860020201,4.4444444444444455,86,90,4,0,86,89,16786,0,0,0,0,1
2020-07-11,US,Nevada,Lander,43,0,0,39.9332233,-117.0397075,32015.0,777.295733911786,0.0,43,40,0,0,40,38,5575,3,0,0,3,2
2020-07-11,US,Nevada,Lincoln,2,0,0,37.64268459,-114.8790388,32017.0,38.58769052672198,0.0,2,2,0,0,2,2,5201,0,0,0,0,0
2020-07-11,US,Nevada,Lyon,140,2,0,39.01777974,-119.1870479,32019.0,243.4359241870979,1.4285714285714286,138,140,2,0,138,136,55808,0,0,0,0,4
2020-07-11,US,Nevada,Mineral,6,0,0,38.53841696,-118.4344506,32021.0,133.18534961154273,0.0,6,6,0,0,6,5,4514,0,0,0,0,1
2020-07-11,US,Nevada,Nye,186,3,0,38.04264256,-116.4722702,32023.0,399.8022483502784,1.6129032258064515,183,182,3,0,179,181,45346,4,0,0,4,1
2020-07-11,US,Nevada,Pershing,12,0,0,40.44003782,-118.40056409999998,32027.0,178.43866171003717,0.0,12,10,0,0,10,10,6666,2,0,0,2,0
2020-07-11,US,Nevada,Storey,2,0,0,39.44875482,-119.5250207,32029.0,48.508367693427104,0.0,2,2,0,0,2,2,4029,0,0,0,0,0
2020-07-11,US,Nevada,Washoe,3507,92,0,40.66562265,-119.6631594,32031.0,743.7664229861364,2.6233247790134016,3415,3459,89,0,3370,3328,465735,48,3,0,45,131
2020-07-11,US,Nevada,White Pine,7,0,0,39.44157041,-114.899966,32033.0,73.06889352818372,0.0,7,6,0,0,6,6,9475,1,0,0,1,0
2020-07-11,US,New Hampshire,Belknap,90,3,0,43.51637314,-71.41684235,33001.0,146.81173841410697,3.333333333333333,87,88,3,0,85,87,61022,2,0,0,2,1
2020-07-11,US,New Hampshire,Carroll,66,0,0,43.87498583,-71.20430216,33003.0,134.94172970762622,0.0,66,66,0,0,66,65,48779,0,0,0,0,1
2020-07-11,US,New Hampshire,Cheshire,75,2,0,42.92015988,-72.25311043,33005.0,98.57396333048565,2.6666666666666665,73,75,2,0,73,75,76493,0,0,0,0,0
2020-07-11,US,New Hampshire,Coos,11,0,0,44.69063265,-71.30633239,33007.0,34.85093305452587,0.0,11,9,0,0,9,9,31589,2,0,0,2,0
2020-07-11,US,New Hampshire,Grafton,91,1,0,43.93779815,-71.82057197,33009.0,101.23934761809404,1.0989010989010992,90,90,1,0,89,90,89786,1,0,0,1,0
2020-07-11,US,New Hampshire,Hillsborough,3410,260,0,42.91537785,-71.7200253,33011.0,817.6967807685388,7.624633431085044,3150,3391,259,0,3132,3387,415247,19,1,0,18,4
2020-07-11,US,New Hampshire,Merrimack,425,19,0,43.29662971,-71.6811573,33013.0,280.730030186735,4.470588235294118,406,423,19,0,404,422,151132,2,0,0,2,1
2020-07-11,US,New Hampshire,Rockingham,1520,92,0,42.98499744,-71.12883377,33015.0,490.68822251419607,6.052631578947367,1428,1514,92,0,1422,1505,309176,6,0,0,6,9
2020-07-11,US,New Hampshire,Strafford,299,13,0,43.291833,-71.02336013,33017.0,228.8855036629336,4.3478260869565215,286,298,13,0,285,297,130090,1,0,0,1,1
2020-07-11,US,New Hampshire,Sullivan,35,1,0,43.36094111,-72.22203125,33019.0,81.11991841653919,2.8571428571428568,34,35,1,0,34,35,43144,0,0,0,0,0
2020-07-11,US,New Hampshire,Unassigned,2,0,0,0.0,0.0,90033.0,0.0,0.0,2,2,0,0,2,1,,0,0,0,0,1
2020-07-11,US,New Jersey,Atlantic,3001,232,0,39.47538693,-74.65848483,34001.0,1138.165130655744,7.73075641452849,2769,2987,229,0,2758,2976,265429,14,3,0,11,11
2020-07-11,US,New Jersey,Bergen,19847,2028,0,40.96010917,-74.07164325,34003.0,2129.0449923943524,10.218168992794881,17819,19827,2023,0,17804,19771,936692,20,5,0,15,56
2020-07-11,US,New Jersey,Burlington,5360,447,0,39.87681124,-74.66927768,34005.0,1203.5504738979992,8.33955223880597,4913,5332,447,0,4885,5316,445384,28,0,0,28,16
2020-07-11,US,New Jersey,Camden,7670,546,0,39.80343818,-74.96388753,34007.0,1514.4006270842756,7.118644067796611,7124,7631,541,0,7090,7600,507078,39,5,0,34,31
2020-07-11,US,New Jersey,Cape May,732,77,0,39.15008829,-74.80170244,34009.0,795.3150294983649,10.519125683060107,655,726,76,0,650,723,92560,6,1,0,5,3
2020-07-11,US,New Jersey,Cumberland,3046,149,0,39.37199394,-75.10712559,34011.0,2037.0902913855027,4.891661195009848,2897,3043,149,0,2894,3032,150972,3,0,0,3,11
2020-07-11,US,New Jersey,Essex,18988,2070,0,40.78681335,-74.24657979,34013.0,2376.5449482148997,10.901622077101328,16918,18954,2061,0,16893,18928,799767,34,9,0,25,26
2020-07-11,US,New Jersey,Gloucester,2739,193,0,39.71581067,-75.13995546,34015.0,939.1844628235198,7.046367287331142,2546,2712,193,0,2519,2697,291408,27,0,0,27,15
2020-07-11,US,New Jersey,Hudson,19089,1482,0,40.73766234,-74.07515667,34017.0,2838.973156987526,7.763633506207763,17607,19056,1481,0,17575,19037,676061,33,1,0,32,19
2020-07-11,US,New Jersey,Hunterdon,1094,125,0,40.56335249,-74.91284156,34019.0,879.6262794381328,11.425959780621572,969,1096,125,0,971,1094,124714,-2,0,0,-2,2
2020-07-11,US,New Jersey,Mercer,7778,600,0,40.28047017,-74.70479631,34021.0,2116.8657975668834,7.7140653124196445,7178,7773,597,0,7176,7765,369811,5,3,0,2,8
2020-07-11,US,New Jersey,Middlesex,17020,1375,0,40.43629879,-74.41426991,34023.0,2062.875274827831,8.078730904817862,15645,17005,1366,0,15639,16952,829685,15,9,0,6,53
2020-07-11,US,New Jersey,Monmouth,9437,834,0,40.26549699,-74.22240686,34025.0,1525.0608036587241,8.837554307512981,8603,9404,832,0,8572,9371,621354,33,2,0,31,33
2020-07-11,US,New Jersey,Morris,6887,818,0,40.86095313,-74.54553709999998,34027.0,1400.237879819862,11.877450268622043,6069,6875,818,0,6057,6864,494228,12,0,0,12,11
2020-07-11,US,New Jersey,Ocean,9804,997,0,39.8895449,-74.28089251,34029.0,1614.661734624975,10.169318645450836,8807,9781,995,0,8786,9773,601651,23,2,0,21,8
2020-07-11,US,New Jersey,Passaic,17050,1219,0,41.03238628,-74.29954144,34031.0,3397.591994037774,7.149560117302053,15831,17030,1218,0,15812,17000,503310,20,1,0,19,30
2020-07-11,US,New Jersey,Salem,813,78,0,39.58719656,-75.34696629999998,34033.0,1303.1978841067564,9.594095940959411,735,812,77,0,735,811,62607,1,1,0,0,1
2020-07-11,US,New Jersey,Somerset,4998,551,0,40.56465737,-74.61683016,34035.0,1519.4537506004244,11.024409763905561,4447,4974,549,0,4425,4952,331164,24,2,0,22,22
2020-07-11,US,New Jersey,Sussex,1225,194,0,41.13891592,-74.69118243,34037.0,871.9605944991744,15.83673469387755,1031,1221,194,0,1027,1220,140799,4,0,0,4,1
2020-07-11,US,New Jersey,Unassigned,647,0,0,0.0,0.0,90034.0,0.0,0.0,647,667,0,0,667,665,,-20,0,0,-20,2
2020-07-11,US,New Jersey,Union,16471,1343,0,40.65835409,-74.30680092,34039.0,2960.5943117620313,8.153724728310364,15128,16460,1341,0,15119,16462,558067,11,2,0,9,-2
2020-07-11,US,New Jersey,Warren,1263,167,0,40.85951833,-74.99556527,34041.0,1199.8062070734418,13.222486144101346,1096,1262,167,0,1095,1261,105779,1,0,0,1,1
2020-07-11,US,New Mexico,Bernalillo,2966,95,0,35.05163625,-106.6703554,35001.0,436.7410225865494,3.202966958867161,2871,2886,95,0,2791,2816,678701,80,0,0,80,70
2020-07-11,US,New Mexico,Catron,3,1,0,33.91514144,-108.4046587,35003.0,85.05812305075135,33.333333333333336,2,2,1,0,1,2,3578,1,0,0,1,0
2020-07-11,US,New Mexico,Chaves,160,2,0,33.36406072,-104.4665365,35005.0,247.6205215507235,1.25,158,158,2,0,156,151,64689,2,0,0,2,7
2020-07-11,US,New Mexico,Cibola,247,14,0,34.91131525,-107.998876,35006.0,925.9606373008437,5.668016194331983,233,245,14,0,231,244,26746,2,0,0,2,1
2020-07-11,US,New Mexico,Colfax,9,1,0,36.60569702,-104.64726740000002,35007.0,75.37057197889624,11.111111111111109,8,9,1,0,8,9,12110,0,0,0,0,0
2020-07-11,US,New Mexico,Curry,247,1,0,34.57421077,-103.3468876,35009.0,504.5552968092495,0.4048582995951417,246,235,1,0,234,227,49437,12,0,0,12,8
2020-07-11,US,New Mexico,Dona Ana,1378,11,0,32.35275771,-106.83293870000001,35013.0,631.5451774788606,0.7982583454281568,1367,1350,11,0,1339,1306,217522,28,0,0,28,44
2020-07-11,US,New Mexico,Eddy,138,1,0,32.47167456,-104.3053527,35015.0,236.0588436537804,0.7246376811594203,137,125,1,0,124,122,57900,13,0,0,13,3
2020-07-11,US,New Mexico,Grant,32,0,0,32.73911281,-108.3827845,35017.0,118.52729831839396,0.0,32,30,0,0,30,29,27346,2,0,0,2,1
2020-07-11,US,New Mexico,Guadalupe,20,0,0,34.86319296,-104.790669,35019.0,465.11627906976736,0.0,20,20,0,0,20,20,4341,0,0,0,0,0
2020-07-11,US,New Mexico,Harding,1,0,0,35.85751555,-103.8220938,35021.0,160.0,0.0,1,1,0,0,1,1,655,0,0,0,0,0
2020-07-11,US,New Mexico,Hidalgo,72,0,0,31.91383467,-108.7151824,35023.0,1715.102429728442,0.0,72,72,0,0,72,64,4240,0,0,0,0,8
2020-07-11,US,New Mexico,Lea,269,0,0,32.79215361,-103.4123733,35025.0,378.50007035317293,0.0,269,262,0,0,262,230,69611,7,0,0,7,32
2020-07-11,US,New Mexico,Lincoln,22,0,0,33.74526079,-105.4586166,35027.0,112.40547721234415,0.0,22,19,0,0,19,18,19556,3,0,0,3,1
2020-07-11,US,New Mexico,Los Alamos,11,0,0,35.86631386,-106.3134985,35028.0,56.79178068046879,0.0,11,11,0,0,11,11,19101,0,0,0,0,0
2020-07-11,US,New Mexico,Luna,122,3,0,32.18179341,-107.75088259999998,35029.0,514.5725252014004,2.459016393442623,119,115,3,0,112,113,23963,7,0,0,7,2
2020-07-11,US,New Mexico,McKinley,3614,190,0,35.58007720000001,-108.262245,35031.0,5063.965137948911,5.257332595462092,3424,3600,188,0,3412,3567,72290,14,2,0,12,33
2020-07-11,US,New Mexico,Mora,2,0,0,36.01095101,-104.9497716,35033.0,44.238000442380006,0.0,2,1,0,0,1,,4506,1,0,0,1,
2020-07-11,US,New Mexico,Otero,73,9,0,32.61348406,-105.7417604,35035.0,108.16417246999555,12.32876712328767,64,72,8,0,64,67,66781,1,1,0,0,5
2020-07-11,US,New Mexico,Quay,14,1,0,35.10403332,-103.5481727,35037.0,169.63528413910097,7.142857142857142,13,12,1,0,11,12,8253,2,0,0,2,0
2020-07-11,US,New Mexico,Rio Arriba,137,1,0,36.51072137,-106.6931674,35039.0,351.99506693044884,0.7299270072992701,136,136,1,0,135,128,39006,1,0,0,1,8
2020-07-11,US,New Mexico,Roosevelt,78,1,0,34.02097406,-103.4799493,35041.0,421.6216216216216,1.2820512820512822,77,78,1,0,77,76,18743,0,0,0,0,2
2020-07-11,US,New Mexico,San Juan,2687,170,0,36.50838318,-108.320437,35045.0,2167.6696945739686,6.326758466691477,2517,2659,169,0,2490,2628,125043,28,1,0,27,31
2020-07-11,US,New Mexico,San Miguel,25,0,0,35.48014807,-104.8163562,35047.0,91.65230780511057,0.0,25,25,0,0,25,23,27591,0,0,0,0,2
2020-07-11,US,New Mexico,Sandoval,821,30,0,35.68862401,-106.8687803,35043.0,559.4624798975113,3.654080389768575,791,813,30,0,783,802,145179,8,0,0,8,11
2020-07-11,US,New Mexico,Santa Fe,328,3,0,35.50708973,-105.9774716,35049.0,218.1460248207611,0.9146341463414634,325,322,3,0,319,302,150056,6,0,0,6,20
2020-07-11,US,New Mexico,Sierra,14,0,0,33.13028233,-107.1925893,35051.0,129.7377444166435,0.0,14,14,0,0,14,14,10968,0,0,0,0,0
2020-07-11,US,New Mexico,Socorro,63,5,0,34.00715494,-106.9298354,35053.0,378.6740397908277,7.936507936507938,58,62,5,0,57,61,16735,1,0,0,1,1
2020-07-11,US,New Mexico,Taos,52,1,0,36.58006022,-105.6310198,35055.0,158.9096354246249,1.9230769230769231,51,51,1,0,50,51,32835,1,0,0,1,0
2020-07-11,US,New Mexico,Torrance,47,1,0,34.64048375,-105.8508949,35057.0,303.9906862428045,2.127659574468085,46,47,1,0,46,47,15591,0,0,0,0,0
2020-07-11,US,New Mexico,Unassigned,935,0,0,0.0,0.0,90035.0,0.0,0.0,935,934,0,0,934,934,,1,0,0,1,0
2020-07-11,US,New Mexico,Union,8,0,0,36.48126404,-103.4709624,35059.0,197.09288001970933,0.0,8,8,0,0,8,8,4118,0,0,0,0,0
2020-07-11,US,New Mexico,Valencia,178,2,0,34.71669834,-106.8103733,35061.0,232.10932610056327,1.1235955056179776,176,175,2,0,173,168,76456,3,0,0,3,7
2020-07-11,US,New York,Albany,2208,121,0,42.60060306,-73.97723916,36001.0,722.7353963588276,5.480072463768116,2087,2190,121,0,2069,2183,307117,18,0,0,18,7
2020-07-11,US,New York,Allegany,66,1,0,42.25748406,-78.02750466,36003.0,143.19498383632381,1.5151515151515151,65,64,1,0,63,64,46430,2,0,0,2,0
2020-07-11,US,New York,Broome,807,60,0,42.15903158,-75.81326086,36007.0,423.6487337785058,7.434944237918216,747,784,60,0,724,770,191659,23,0,0,23,14
2020-07-11,US,New York,Cattaraugus,138,6,0,42.24778241,-78.67923096,36009.0,181.29984103419739,4.3478260869565215,132,134,6,0,128,131,76840,4,0,0,4,3
2020-07-11,US,New York,Cayuga,126,2,0,42.91261714,-76.55731592,36011.0,164.54241537818638,1.5873015873015872,124,124,2,0,122,124,77145,2,0,0,2,0
2020-07-11,US,New York,Chautauqua,170,7,0,42.22769210000001,-79.36691763,36013.0,133.96058406814655,4.117647058823529,163,155,7,0,148,152,127939,15,0,0,15,3
2020-07-11,US,New York,Chemung,148,2,0,42.13891056,-76.7638805,36015.0,177.33895705521473,1.351351351351351,146,148,2,0,146,148,84254,0,0,0,0,0
2020-07-11,US,New York,Chenango,166,6,0,42.49430041,-75.60887553,36017.0,351.6427648441968,3.614457831325301,160,166,6,0,160,163,47536,0,0,0,0,3
2020-07-11,US,New York,Clinton,108,4,0,44.74530905,-73.67875352,36019.0,134.18649437783438,3.703703703703704,104,107,4,0,103,107,80695,1,0,0,1,0
2020-07-11,US,New York,Columbia,485,37,0,42.24819348,-73.63089095,36021.0,815.6606851549756,7.628865979381443,448,482,37,0,445,482,59916,3,0,0,3,0
2020-07-11,US,New York,Cortland,58,0,0,42.59509207,-76.07048931,36023.0,121.89739601941952,0.0,58,56,0,0,56,55,47823,2,0,0,2,1
2020-07-11,US,New York,Delaware,91,4,0,42.19837623,-74.96709306,36025.0,206.18556701030928,4.395604395604397,87,91,4,0,87,91,44527,0,0,0,0,0
2020-07-11,US,New York,Dutchess,4269,152,0,41.76486060000001,-73.74356679,36027.0,1450.964930765623,3.5605528226750995,4117,4262,152,0,4110,4255,293718,7,0,0,7,7
2020-07-11,US,New York,Erie,7711,644,0,42.76249024,-78.73063652,36029.0,839.3363680497049,8.351705355984956,7067,7660,644,0,7016,7624,919719,51,0,0,51,36
2020-07-11,US,New York,Essex,51,0,0,44.11630765,-73.77297842,36031.0,138.2675884505897,0.0,51,51,0,0,51,51,37300,0,0,0,0,0
2020-07-11,US,New York,Franklin,35,0,0,44.59040891,-74.29926032,36033.0,69.96921354603974,0.0,35,35,0,0,35,34,50293,0,0,0,0,1
2020-07-11,US,New York,Fulton,265,24,0,43.11363907,-74.41798804,36035.0,496.412715658543,9.056603773584905,241,264,24,0,240,263,53591,1,0,0,1,1
2020-07-11,US,New York,Genesee,247,5,0,43.0022601,-78.19135193,36037.0,431.2150837988827,2.0242914979757085,242,246,5,0,241,244,57511,1,0,0,1,2
2020-07-11,US,New York,Greene,265,18,0,42.275797,-74.12384884,36039.0,561.5834534203611,6.79245283018868,247,264,18,0,246,263,47491,1,0,0,1,1
2020-07-11,US,New York,Hamilton,6,0,0,43.66146647,-74.49721957,36041.0,135.8695652173913,0.0,6,6,0,0,6,6,4434,0,0,0,0,0
2020-07-11,US,New York,Herkimer,188,4,0,43.42034246,-74.96145307,36043.0,306.59338867235283,2.127659574468085,184,184,4,0,180,182,61833,4,0,0,4,2
2020-07-11,US,New York,Jefferson,95,0,0,44.04200959,-75.94653457,36045.0,86.4941639200976,0.0,95,95,0,0,95,95,111755,0,0,0,0,0
2020-07-11,US,New York,Lewis,31,0,0,43.7844157,-75.44903992,36049.0,117.88865226650441,0.0,31,31,0,0,31,31,26447,0,0,0,0,0
2020-07-11,US,New York,Livingston,145,8,0,42.72596275,-77.77966158,36051.0,230.47334456559747,5.517241379310344,137,144,8,0,136,140,63227,1,0,0,1,4
2020-07-11,US,New York,Madison,374,17,0,42.91653905,-75.67266639,36053.0,527.1986580397795,4.545454545454546,357,371,17,0,354,368,70795,3,0,0,3,3
2020-07-11,US,New York,Monroe,4153,277,0,43.14638895,-77.69322942,36055.0,559.8770508378608,6.669877197206838,3876,4120,277,0,3843,4074,742474,33,0,0,33,46
2020-07-11,US,New York,Montgomery,130,4,0,42.90123494,-74.44011632,36057.0,264.1149103025132,3.0769230769230766,126,128,4,0,124,125,49455,2,0,0,2,3
2020-07-11,US,New York,Nassau,42267,2190,0,40.74066522,-73.58941873,36059.0,3114.9128469980633,5.181347150259066,40077,42232,2190,0,40042,42164,1358343,35,0,0,35,68
2020-07-11,US,New York,New York City,218710,23278,0,40.76727260000001,-73.97152637,36061.0,2623.423304121945,10.643317635224726,195432,218403,23267,0,195136,218052,1628701,307,11,0,296,351
2020-07-11,US,New York,Niagara,1334,94,0,43.19898042,-78.74777412,36063.0,637.4205016222209,7.04647676161919,1240,1327,94,0,1233,1315,210433,7,0,0,7,12
2020-07-11,US,New York,Oneida,1818,104,0,43.24375382,-75.43710392,36065.0,795.0286656375316,5.720572057205721,1714,1806,104,0,1702,1791,229577,12,0,0,12,15
2020-07-11,US,New York,Onondaga,3100,190,0,43.00491923,-76.19971155,36067.0,673.1403953722684,6.129032258064517,2910,3078,190,0,2888,3050,461809,22,0,0,22,28
2020-07-11,US,New York,Ontario,296,33,0,42.85145728,-77.30874425,36069.0,269.63753791777884,11.148648648648651,263,293,33,0,260,290,109864,3,0,0,3,3
2020-07-11,US,New York,Orange,10830,484,0,41.40337468,-74.30240757,36071.0,2813.425468904245,4.469067405355494,10346,10820,484,0,10336,10810,381951,10,0,0,10,10
2020-07-11,US,New York,Orleans,287,54,0,43.2516977,-78.2320066,36073.0,711.2410785091197,18.81533101045296,233,287,54,0,233,286,40612,0,0,0,0,1
2020-07-11,US,New York,Oswego,219,3,0,43.42778894,-76.14635194,36075.0,186.9813189440252,1.3698630136986298,216,216,3,0,213,211,117898,3,0,0,3,5
2020-07-11,US,New York,Otsego,88,5,0,42.63492579,-75.03151402,36077.0,147.9165616122905,5.6818181818181825,83,88,5,0,83,86,59749,0,0,0,0,2
2020-07-11,US,New York,Putnam,1361,63,0,41.42630093,-73.74965532,36079.0,1384.2554922701386,4.628949301983836,1298,1355,63,0,1292,1348,98892,6,0,0,6,7
2020-07-11,US,New York,Rensselaer,593,30,0,42.71348136,-73.51089874,36083.0,373.628035333997,5.059021922428331,563,588,30,0,558,586,159442,5,0,0,5,2
2020-07-11,US,New York,Rockland,13700,670,0,41.15027894,-74.02560498,36087.0,4205.175742581855,4.890510948905108,13030,13691,670,0,13021,13683,325695,9,0,0,9,8
2020-07-11,US,New York,Saratoga,595,17,0,43.10904162,-73.86653895,36091.0,258.84983664182585,2.8571428571428568,578,587,17,0,570,585,230163,8,0,0,8,2
2020-07-11,US,New York,Schenectady,856,37,0,42.81668777,-74.05278291,36093.0,551.1947919819188,4.322429906542056,819,852,37,0,815,848,155350,4,0,0,4,4
2020-07-11,US,New York,Schoharie,62,0,0,42.58831742,-74.44339029999998,36095.0,200.00645182102642,0.0,62,62,0,0,62,61,31097,0,0,0,0,1
2020-07-11,US,New York,Schuyler,15,0,0,42.39184015,-76.8773299,36097.0,84.23653619363172,0.0,15,13,0,0,13,13,17912,2,0,0,2,0
2020-07-11,US,New York,Seneca,74,0,0,42.78081007,-76.82497064,36099.0,217.54468485418636,0.0,74,73,0,0,73,73,34300,1,0,0,1,0
2020-07-11,US,New York,St. Lawrence,230,2,0,44.4976179,-75.06550039,36089.0,213.4768888063857,0.8695652173913043,228,227,2,0,225,227,108047,3,0,0,3,0
2020-07-11,US,New York,Steuben,274,41,0,42.2689144,-77.3829924,36101.0,287.27497667201374,14.963503649635037,233,272,41,0,231,272,95796,2,0,0,2,0
2020-07-11,US,New York,Suffolk,41987,1993,0,40.88320119,-72.8012172,36103.0,2843.4898797982664,4.74670731416867,39994,41911,1992,0,39919,41849,1481093,76,1,0,75,62
2020-07-11,US,New York,Sullivan,1464,48,0,41.71579493,-74.76394559,36105.0,1940.820871778556,3.278688524590164,1416,1464,48,0,1416,1460,75498,0,0,0,0,4
2020-07-11,US,New York,Tioga,160,24,0,42.16852837,-76.30835812,36107.0,331.9295479534469,15.0,136,159,24,0,135,151,48560,1,0,0,1,8
2020-07-11,US,New York,Tompkins,183,0,0,42.44945765,-76.47229843,36109.0,179.09571344685847,0.0,183,181,0,0,181,180,102793,2,0,0,2,1
2020-07-11,US,New York,Ulster,1855,86,0,41.89027881,-74.26252104,36111.0,1044.6407956164508,4.636118598382749,1769,1853,86,0,1767,1851,178599,2,0,0,2,2
2020-07-11,US,New York,Warren,274,33,0,43.56173026,-73.8433699,36113.0,428.4999374452646,12.043795620437956,241,274,33,0,241,273,64265,0,0,0,0,1
2020-07-11,US,New York,Washington,249,14,0,43.31153794,-73.43043448,36115.0,406.8361544997059,5.622489959839356,235,249,14,0,235,248,61197,0,0,0,0,1
2020-07-11,US,New York,Wayne,203,3,0,43.15494365,-77.02976528,36117.0,225.7612491381036,1.477832512315271,200,201,3,0,198,195,90064,2,0,0,2,6
2020-07-11,US,New York,Westchester,35260,1433,0,41.16278376,-73.75741653,36119.0,3644.4218433787487,4.064095292115712,33827,35226,1433,0,33793,35183,967612,34,0,0,34,43
2020-07-11,US,New York,Wyoming,101,5,0,42.70145109,-78.22199579,36121.0,253.39321106901832,4.950495049504951,96,101,5,0,96,99,40085,0,0,0,0,2
2020-07-11,US,New York,Yates,48,6,0,42.63505484,-77.10369919,36123.0,192.67049331674232,12.5,42,48,6,0,42,48,24841,0,0,0,0,0
2020-07-11,US,North Carolina,Alamance,1405,37,0,36.0434701,-79.39976137,37001.0,828.8645440655067,2.6334519572953736,1368,1405,37,0,1368,1357,166436,0,0,0,0,48
2020-07-11,US,North Carolina,Alexander,156,1,0,35.922379600000006,-81.17751948,37003.0,416.03328266261286,0.6410256410256411,155,151,1,0,150,140,37353,5,0,0,5,11
2020-07-11,US,North Carolina,Alleghany,41,0,0,36.49360862,-81.12857041,37005.0,368.1422286073449,0.0,41,41,0,0,41,39,11161,0,0,0,0,2
2020-07-11,US,North Carolina,Anson,189,2,0,34.97403241,-80.09953279,37007.0,773.132618833347,1.058201058201058,187,184,2,0,182,176,24877,5,0,0,5,8
2020-07-11,US,North Carolina,Ashe,63,1,0,36.43296207,-81.49862729,37009.0,231.59210381207959,1.5873015873015872,62,63,1,0,62,61,27109,0,0,0,0,2
2020-07-11,US,North Carolina,Avery,27,0,0,36.07569796,-81.92308483,37011.0,153.7848151734351,0.0,27,27,0,0,27,27,17505,0,0,0,0,0
2020-07-11,US,North Carolina,Beaufort,139,0,0,35.48531943,-76.84325809,37013.0,295.7824403115291,0.0,139,134,0,0,134,123,47079,5,0,0,5,11
2020-07-11,US,North Carolina,Bertie,155,4,0,36.0688473,-76.96545943,37015.0,818.0714625006598,2.5806451612903225,151,155,4,0,151,154,19026,0,0,0,0,1
2020-07-11,US,North Carolina,Bladen,430,5,0,34.61296243,-78.56180059,37017.0,1314.100605097488,1.162790697674419,425,424,5,0,419,419,33190,6,0,0,6,5
2020-07-11,US,North Carolina,Brunswick,753,8,0,34.070565,-78.22814204,37019.0,527.2370816412266,1.0624169986719787,745,751,8,0,743,727,136744,2,0,0,2,24
2020-07-11,US,North Carolina,Buncombe,845,31,0,35.61113393,-82.53305,37021.0,323.51803852353265,3.668639053254438,814,802,30,0,772,777,259103,43,1,0,42,25
2020-07-11,US,North Carolina,Burke,1186,21,0,35.74989637,-81.70755735,37023.0,1310.7144830634911,1.7706576728499157,1165,1164,20,0,1144,1144,90382,22,1,0,21,20
2020-07-11,US,North Carolina,Cabarrus,1580,33,0,35.3877799,-80.55267168,37025.0,729.9506128351187,2.088607594936709,1547,1521,33,0,1488,1454,211342,59,0,0,59,67
2020-07-11,US,North Carolina,Caldwell,601,6,0,35.95204977,-81.54799522,37027.0,731.3392878872687,0.9983361064891848,595,591,6,0,585,563,82029,10,0,0,10,28
2020-07-11,US,North Carolina,Camden,35,1,0,36.33804939,-76.15568396,37029.0,322.07600993834546,2.8571428571428568,34,34,1,0,33,34,10710,1,0,0,1,0
2020-07-11,US,North Carolina,Carteret,133,4,0,34.8932941,-76.54120135,37031.0,191.4412793459329,3.0075187969924815,129,133,4,0,129,124,69524,0,0,0,0,9
2020-07-11,US,North Carolina,Caswell,149,2,0,36.39312665,-79.33353281,37033.0,659.1753671916475,1.342281879194631,147,149,2,0,147,149,22698,0,0,0,0,0
2020-07-11,US,North Carolina,Catawba,1142,14,0,35.66211129,-81.2132617,37035.0,715.7585975644151,1.2259194395796849,1128,1132,14,0,1118,1093,158652,10,0,0,10,39
2020-07-11,US,North Carolina,Chatham,1041,45,0,35.70394416,-79.25541492,37037.0,1397.8783402712506,4.322766570605188,996,1035,44,0,991,1009,73139,6,1,0,5,26
2020-07-11,US,North Carolina,Cherokee,62,2,0,35.1349263,-84.05970864,37039.0,216.69229693834754,3.2258064516129035,60,62,2,0,60,62,28383,0,0,0,0,0
2020-07-11,US,North Carolina,Chowan,35,0,0,36.12908077,-76.60118385,37041.0,251.02201821702647,0.0,35,34,0,0,34,31,14029,1,0,0,1,3
2020-07-11,US,North Carolina,Clay,18,0,0,35.05704275,-83.74353633,37043.0,160.270679369602,0.0,18,18,0,0,18,18,11139,0,0,0,0,0
2020-07-11,US,North Carolina,Cleveland,498,8,0,35.33553364,-81.55204486,37045.0,508.4382370057276,1.606425702811245,490,463,8,0,455,448,97645,35,0,0,35,15
2020-07-11,US,North Carolina,Columbus,607,39,0,34.26744084,-78.65801424,37047.0,1093.5360668732435,6.42504118616145,568,602,39,0,563,585,55655,5,0,0,5,17
2020-07-11,US,North Carolina,Craven,443,8,0,35.11833364,-77.08398081,37049.0,433.72267204495836,1.8058690744920995,435,427,8,0,419,426,102912,16,0,0,16,1
2020-07-11,US,North Carolina,Cumberland,1558,41,0,35.04762133,-78.82623165,37051.0,464.3690631249832,2.631578947368421,1517,1572,41,0,1531,1490,332330,-14,0,0,-14,82
2020-07-11,US,North Carolina,Currituck,26,0,0,36.36123664,-75.95876401,37053.0,93.64982170514713,0.0,26,23,0,0,23,22,27072,3,0,0,3,1
2020-07-11,US,North Carolina,Dare,103,1,0,35.66520691,-75.71767334,37055.0,278.3106811856576,0.9708737864077671,102,103,1,0,102,87,36501,0,0,0,0,16
2020-07-11,US,North Carolina,Davidson,1228,15,0,35.79115496,-80.21256572,37057.0,732.6575541886176,1.221498371335505,1213,1210,15,0,1195,1175,166614,18,0,0,18,35
2020-07-11,US,North Carolina,Davie,251,4,0,35.93099927,-80.54496571,37059.0,585.818979601363,1.593625498007968,247,251,4,0,247,251,42733,0,0,0,0,0
2020-07-11,US,North Carolina,Duplin,1672,33,0,34.93449805,-77.93140529,37061.0,2846.3934900665636,1.973684210526316,1639,1646,32,0,1614,1637,58856,26,1,0,25,9
2020-07-11,US,North Carolina,Durham,4425,68,0,36.03638492,-78.87608331,37063.0,1376.4121833474344,1.5367231638418082,4357,4326,67,0,4259,4277,316739,99,1,0,98,49
2020-07-11,US,North Carolina,Edgecombe,377,9,0,35.91230639,-77.59436892,37065.0,732.4370531551134,2.3872679045092844,368,370,9,0,361,363,52005,7,0,0,7,7
2020-07-11,US,North Carolina,Forsyth,3622,39,0,36.12859861,-80.25459052,37067.0,947.4358806680704,1.0767531750414137,3583,3580,39,0,3541,3525,379099,42,0,0,42,55
2020-07-11,US,North Carolina,Franklin,478,21,0,36.081519,-78.28708884,37069.0,685.9438903637797,4.393305439330544,457,441,21,0,420,435,67560,37,0,0,37,6
2020-07-11,US,North Carolina,Gaston,1742,15,0,35.29373559,-81.17477045,37071.0,775.8463272004954,0.8610792192881745,1727,1640,15,0,1625,1547,222846,102,0,0,102,93
2020-07-11,US,North Carolina,Gates,30,2,0,36.44667547,-76.69749701,37073.0,259.47067981318105,6.666666666666668,28,29,2,0,27,29,11573,1,0,0,1,0
2020-07-11,US,North Carolina,Graham,10,0,0,35.3506925,-83.83369267,37075.0,118.46937566639023,0.0,10,10,0,0,10,10,8484,0,0,0,0,0
2020-07-11,US,North Carolina,Granville,931,24,0,36.30337451,-78.65184241,37077.0,1540.294161441358,2.577873254564984,907,884,23,0,861,877,60115,47,1,0,46,7
2020-07-11,US,North Carolina,Greene,202,3,0,35.48544173,-77.67578087,37079.0,958.7545683231289,1.4851485148514851,199,200,3,0,197,196,21012,2,0,0,2,4
2020-07-11,US,North Carolina,Guilford,3495,125,0,36.07959451,-79.78824948,37081.0,650.6271710842296,3.57653791130186,3370,3440,123,0,3317,3361,533670,55,2,0,53,79
2020-07-11,US,North Carolina,Halifax,408,4,0,36.25669272,-77.6556109,37083.0,815.8368326334733,0.9803921568627452,404,365,4,0,361,365,50574,43,0,0,43,0
2020-07-11,US,North Carolina,Harnett,771,32,0,35.36731853,-78.87243571,37085.0,567.0118256162853,4.150453955901427,739,757,31,0,726,744,134214,14,1,0,13,13
2020-07-11,US,North Carolina,Haywood,123,0,0,35.55269063,-82.98196486,37087.0,197.3779225572476,0.0,123,117,0,0,117,113,61971,6,0,0,6,4
2020-07-11,US,North Carolina,Henderson,871,51,0,35.33788927,-82.4766782,37089.0,741.8005910558096,5.855338691159588,820,883,51,0,832,820,116748,-12,0,0,-12,63
2020-07-11,US,North Carolina,Hertford,179,10,0,36.3607755,-76.98104134,37091.0,756.007940195126,5.58659217877095,169,178,10,0,168,174,23659,1,0,0,1,4
2020-07-11,US,North Carolina,Hoke,454,5,0,35.01888303,-79.23651674,37093.0,821.9574899518412,1.1013215859030836,449,444,5,0,439,434,54764,10,0,0,10,10
2020-07-11,US,North Carolina,Hyde,34,0,0,35.42017674,-76.15180542,37095.0,688.6773344136116,0.0,34,28,0,0,28,25,5230,6,0,0,6,3
2020-07-11,US,North Carolina,Iredell,1093,10,0,35.80950511,-80.8743128,37097.0,601.1902797487431,0.9149130832570904,1083,1031,10,0,1021,985,178435,62,0,0,62,46
2020-07-11,US,North Carolina,Jackson,189,1,0,35.28814273,-83.14093385,37099.0,430.1515772224498,0.5291005291005291,188,165,1,0,164,161,43327,24,0,0,24,4
2020-07-11,US,North Carolina,Johnston,1980,35,0,35.51745004,-78.36622717,37101.0,945.8342688175636,1.7676767676767675,1945,1934,35,0,1899,1879,202675,46,0,0,46,55
2020-07-11,US,North Carolina,Jones,39,3,0,35.02254606,-77.35870791,37103.0,414.0566939165517,7.6923076923076925,36,39,3,0,36,39,9637,0,0,0,0,0
2020-07-11,US,North Carolina,Lee,918,8,0,35.47623147,-79.17569362,37105.0,1485.9418248919535,0.8714596949891068,910,909,8,0,901,901,61452,9,0,0,9,8
2020-07-11,US,North Carolina,Lenoir,422,11,0,35.24032589999999,-77.64245615,37107.0,754.2583424189888,2.6066350710900474,411,416,11,0,405,406,55976,6,0,0,6,10
2020-07-11,US,North Carolina,Lincoln,390,2,0,35.48508185,-81.21740317,37109.0,452.90381019846484,0.5128205128205128,388,360,2,0,358,347,83770,30,0,0,30,13
2020-07-11,US,North Carolina,Macon,322,3,0,35.14867843,-83.41696617,37113.0,897.9865023146858,0.9316770186335404,319,322,3,0,319,315,35285,0,0,0,0,7
2020-07-11,US,North Carolina,Madison,17,0,0,35.85402722,-82.71346418,37115.0,78.14295564238105,0.0,17,17,0,0,17,17,21763,0,0,0,0,0
2020-07-11,US,North Carolina,Martin,165,5,0,35.84326734,-77.10860251,37117.0,735.2941176470587,3.0303030303030303,160,165,5,0,160,157,22671,0,0,0,0,8
2020-07-11,US,North Carolina,McDowell,316,2,0,35.67736232,-82.0482425,37111.0,690.6198094239007,0.6329113924050633,314,310,2,0,308,299,45507,6,0,0,6,11
2020-07-11,US,North Carolina,Mecklenburg,14607,159,0,35.24469268,-80.8317671,37119.0,1315.524030130877,1.088519203121791,14448,14157,158,0,13999,13757,1093901,450,1,0,449,400
2020-07-11,US,North Carolina,Mitchell,59,0,0,36.01059309,-82.1582442,37121.0,394.2796043838546,0.0,59,59,0,0,59,59,15000,0,0,0,0,0
2020-07-11,US,North Carolina,Montgomery,393,9,0,35.33155144,-79.90416657,37123.0,1446.288595296802,2.2900763358778624,384,393,9,0,384,393,27271,0,0,0,0,0
2020-07-11,US,North Carolina,Moore,618,15,0,35.30885257,-79.48474178,37125.0,612.609040444092,2.4271844660194173,603,613,15,0,598,594,98682,5,0,0,5,19
2020-07-11,US,North Carolina,Nash,602,6,0,35.96575634,-77.98422508,37127.0,638.4016628136334,0.9966777408637874,596,591,6,0,585,586,94016,11,0,0,11,5
2020-07-11,US,North Carolina,New Hanover,1438,8,0,34.25758282,-77.87075626,37129.0,613.2902295786722,0.5563282336578581,1430,1430,7,0,1423,1371,232274,8,1,0,7,59
2020-07-11,US,North Carolina,Northampton,211,16,0,36.41736238,-77.39769443,37131.0,1082.9954319150027,7.582938388625592,195,211,16,0,195,211,19676,0,0,0,0,0
2020-07-11,US,North Carolina,Onslow,448,4,0,34.72607366,-77.42908179,37133.0,226.3334983681759,0.8928571428571429,444,448,4,0,444,399,197683,0,0,0,0,49
2020-07-11,US,North Carolina,Orange,933,42,0,36.06092947,-79.12167935,37135.0,628.3843853552089,4.501607717041801,891,910,42,0,868,892,146027,23,0,0,23,18
2020-07-11,US,North Carolina,Pamlico,35,1,0,35.15253315,-76.66559823,37137.0,275.027502750275,2.8571428571428568,34,28,1,0,27,28,12670,7,0,0,7,0
2020-07-11,US,North Carolina,Pasquotank,242,17,0,36.26723798,-76.25134778,37139.0,607.6737645640819,7.024793388429752,225,234,17,0,217,233,39639,8,0,0,8,1
2020-07-11,US,North Carolina,Pender,353,2,0,34.52265624,-77.90352133,37141.0,559.7843323818586,0.56657223796034,351,340,2,0,338,330,62162,13,0,0,13,10
2020-07-11,US,North Carolina,Perquimans,39,2,0,36.17847453,-76.40603143,37143.0,289.6828344351185,5.128205128205129,37,39,2,0,37,37,13422,0,0,0,0,2
2020-07-11,US,North Carolina,Person,128,1,0,36.38989032,-78.97217358,37145.0,324.1326918207141,0.78125,127,127,1,0,126,125,39507,1,0,0,1,2
2020-07-11,US,North Carolina,Pitt,913,9,0,35.59535426,-77.37353178,37147.0,505.1399232054531,0.9857612267250822,904,894,9,0,885,876,179914,19,0,0,19,18
2020-07-11,US,North Carolina,Polk,95,4,0,35.27820615,-82.16812354,37149.0,458.4057131827832,4.2105263157894735,91,93,4,0,89,92,20611,2,0,0,2,1
2020-07-11,US,North Carolina,Randolph,1443,32,0,35.71015088,-79.80570339,37151.0,1004.4060222598092,2.217602217602217,1411,1405,32,0,1373,1387,143351,38,0,0,38,18
2020-07-11,US,North Carolina,Richmond,356,7,0,35.00417719,-79.74491009,37153.0,794.1288005532132,1.9662921348314608,349,356,7,0,349,345,44887,0,0,0,0,11
2020-07-11,US,North Carolina,Robeson,1620,44,0,34.64244496,-79.10250529999998,37155.0,1240.1913875598084,2.716049382716049,1576,1582,44,0,1538,1504,131831,38,0,0,38,78
2020-07-11,US,North Carolina,Rockingham,293,2,0,36.39593137,-79.77504841,37157.0,321.94264366553125,0.6825938566552902,291,293,2,0,291,293,90690,0,0,0,0,0
2020-07-11,US,North Carolina,Rowan,1494,44,0,35.64003916,-80.52446628,37159.0,1051.4610663813974,2.9451137884872827,1450,1449,44,0,1405,1426,141262,45,0,0,45,23
2020-07-11,US,North Carolina,Rutherford,381,10,0,35.40114178,-81.92112099,37161.0,568.4106879112028,2.6246719160104988,371,366,10,0,356,364,66826,15,0,0,15,2
2020-07-11,US,North Carolina,Sampson,1185,7,0,34.98820368,-78.36914061,37163.0,1865.2311469991027,0.5907172995780591,1178,1181,7,0,1174,1149,63626,4,0,0,4,32
2020-07-11,US,North Carolina,Scotland,165,2,0,34.8386299,-79.4757978,37165.0,473.824770984694,1.2121212121212122,163,163,2,0,161,157,34810,2,0,0,2,6
2020-07-11,US,North Carolina,Stanly,558,5,0,35.31647813,-80.25093221,37167.0,888.4501480750247,0.8960573476702509,553,558,5,0,553,531,62075,0,0,0,0,27
2020-07-11,US,North Carolina,Stokes,164,1,0,36.4017975,-80.23893369,37169.0,359.7201201991621,0.6097560975609756,163,162,1,0,161,155,45467,2,0,0,2,7
2020-07-11,US,North Carolina,Surry,574,2,0,36.41689489,-80.69102283,37171.0,799.6322249000459,0.3484320557491289,572,565,2,0,563,552,71948,9,0,0,9,13
2020-07-11,US,North Carolina,Swain,72,1,0,35.48665845,-83.48748932,37173.0,504.51965524490237,1.3888888888888888,71,71,1,0,70,69,14245,1,0,0,1,2
2020-07-11,US,North Carolina,Transylvania,43,1,0,35.20383864,-82.79638423,37175.0,125.0545295913916,2.3255813953488373,42,41,1,0,40,38,34215,2,0,0,2,3
2020-07-11,US,North Carolina,Tyrrell,38,1,0,35.87147226,-76.17055253,37177.0,946.215139442231,2.631578947368421,37,34,1,0,33,32,4131,4,0,0,4,2
2020-07-11,US,North Carolina,Union,1778,25,0,34.98960527,-80.52955873,37179.0,741.2688287702357,1.40607424071991,1753,1712,25,0,1687,1643,235908,66,0,0,66,69
2020-07-11,US,North Carolina,Vance,563,40,0,36.36880673,-78.40670845,37181.0,1264.1742449758615,7.104795737122557,523,555,40,0,515,548,44582,8,0,0,8,7
2020-07-11,US,North Carolina,Wake,7204,66,0,35.78879266,-78.65249174,37183.0,647.9809959154891,0.9161576901721266,7138,7065,61,0,7004,6704,1092305,139,5,0,134,361
2020-07-11,US,North Carolina,Warren,186,6,0,36.39728256,-78.10652228,37185.0,942.679032993766,3.2258064516129035,180,181,6,0,175,179,19807,5,0,0,5,2
2020-07-11,US,North Carolina,Washington,46,3,0,35.83810081,-76.57299037,37187.0,397.2366148531952,6.521739130434782,43,43,3,0,40,43,11859,3,0,0,3,0
2020-07-11,US,North Carolina,Watauga,116,0,0,36.23103603,-81.70033724,37189.0,206.49020061591042,0.0,116,116,0,0,116,108,55945,0,0,0,0,8
2020-07-11,US,North Carolina,Wayne,1980,30,0,35.36438125,-78.00027268,37191.0,1608.0434659021691,1.5151515151515151,1950,1971,30,0,1941,1942,123248,9,0,0,9,29
2020-07-11,US,North Carolina,Wilkes,617,6,0,36.2084135,-81.16232895,37193.0,901.8885575630006,0.9724473257698542,611,608,6,0,602,602,68557,9,0,0,9,6
2020-07-11,US,North Carolina,Wilson,907,24,0,35.70625477,-77.917978,37195.0,1108.7884011197907,2.6460859977949283,883,886,24,0,862,875,81455,21,0,0,21,11
2020-07-11,US,North Carolina,Yadkin,376,5,0,36.16222629,-80.66239436,37197.0,998.221254679162,1.3297872340425532,371,376,5,0,371,365,37543,0,0,0,0,11
2020-07-11,US,North Carolina,Yancey,59,0,0,35.90079156,-82.31237181,37199.0,326.52609441585037,0.0,59,59,0,0,59,59,17903,0,0,0,0,0
2020-07-11,US,North Dakota,Barnes,24,0,0,46.93579637,-98.06605978,38003.0,230.43686989918388,0.0,24,23,0,0,23,23,10542,1,0,0,1,0
2020-07-11,US,North Dakota,Benson,14,0,0,48.0683985,-99.35916363,38005.0,204.91803278688525,0.0,14,11,0,0,11,11,6962,3,0,0,3,0
2020-07-11,US,North Dakota,Billings,1,0,0,47.02366884,-103.3762965,38007.0,107.75862068965515,0.0,1,1,0,0,1,1,919,0,0,0,0,0
2020-07-11,US,North Dakota,Bottineau,5,0,0,48.79106111,-100.8378166,38009.0,79.59248646927729,0.0,5,5,0,0,5,5,6411,0,0,0,0,0
2020-07-11,US,North Dakota,Bowman,1,0,0,46.11285362,-103.5203343,38011.0,33.06878306878307,0.0,1,1,0,0,1,1,3076,0,0,0,0,0
2020-07-11,US,North Dakota,Burke,7,0,0,48.79094471,-102.5182117,38013.0,330.9692671394799,0.0,7,6,0,0,6,6,2100,1,0,0,1,0
2020-07-11,US,North Dakota,Burleigh,425,0,0,46.97847375,-100.4645214,38015.0,444.43979670800826,0.0,425,409,0,0,409,385,95273,16,0,0,16,24
2020-07-11,US,North Dakota,Cass,2442,72,0,46.93201724,-97.2444719,38017.0,1342.3261489751158,2.9484029484029484,2370,2421,70,0,2351,2402,181516,21,2,0,19,19
2020-07-11,US,North Dakota,Cavalier,14,0,0,48.77286211,-98.46685243,38019.0,372.1424774056353,0.0,14,13,0,0,13,10,3829,1,0,0,1,3
2020-07-11,US,North Dakota,Dickey,5,0,0,46.11017712,-98.5049008,38021.0,102.6272577996716,0.0,5,5,0,0,5,5,4903,0,0,0,0,0
2020-07-11,US,North Dakota,Divide,1,0,0,48.814938700000006,-103.4873611,38023.0,44.16961130742049,0.0,1,1,0,0,1,1,2283,0,0,0,0,0
2020-07-11,US,North Dakota,Dunn,23,0,0,47.35423935,-102.6160468,38025.0,519.8915009041591,0.0,23,19,0,0,19,18,4332,4,0,0,4,1
2020-07-11,US,North Dakota,Eddy,5,0,0,47.71701474,-98.90432337,38027.0,218.62702229995628,0.0,5,5,0,0,5,5,2313,0,0,0,0,0
2020-07-11,US,North Dakota,Emmons,4,1,0,46.28398398,-100.2389766,38029.0,123.41869793273679,25.0,3,4,1,0,3,4,3295,0,0,0,0,0
2020-07-11,US,North Dakota,Foster,3,0,0,47.4571084,-98.88279923,38031.0,93.45794392523364,0.0,3,3,0,0,3,4,3216,0,0,0,0,-1
2020-07-11,US,North Dakota,Grand Forks,431,4,0,47.92093639,-97.45450447,38035.0,620.5814171142245,0.9280742459396752,427,422,4,0,418,412,70770,9,0,0,9,10
2020-07-11,US,North Dakota,Grant,3,0,0,46.35821257,-101.6390013,38037.0,131.9261213720317,0.0,3,3,0,0,3,3,2374,0,0,0,0,0
2020-07-11,US,North Dakota,Griggs,2,0,0,47.45785838,-98.23850925,38039.0,89.64589870013447,0.0,2,2,0,0,2,2,2232,0,0,0,0,0
2020-07-11,US,North Dakota,Hettinger,1,0,0,46.43375068,-102.4632417,38041.0,40.01600640256103,0.0,1,1,0,0,1,1,2514,0,0,0,0,0
2020-07-11,US,North Dakota,Kidder,2,0,0,46.97830064,-99.77507857,38043.0,80.64516129032258,0.0,2,2,0,0,2,2,2450,0,0,0,0,0
2020-07-11,US,North Dakota,LaMoure,13,0,0,46.45681054,-98.53542355,38045.0,321.3049925852694,0.0,13,13,0,0,13,13,4062,0,0,0,0,0
2020-07-11,US,North Dakota,McHenry,9,1,0,48.23104458,-100.6324822,38049.0,156.65796344647518,11.111111111111109,8,6,1,0,5,6,5816,3,0,0,3,0
2020-07-11,US,North Dakota,McIntosh,6,0,0,46.11182017,-99.44145858,38051.0,240.28834601521825,0.0,6,5,0,0,5,4,2585,1,0,0,1,1
2020-07-11,US,North Dakota,McKenzie,33,0,0,47.74133370000001,-103.395905,38053.0,219.64856230031955,0.0,33,31,0,0,31,31,13632,2,0,0,2,0
2020-07-11,US,North Dakota,McLean,11,0,0,47.60766714,-101.3182418,38055.0,116.40211640211642,0.0,11,11,0,0,11,11,9541,0,0,0,0,0
2020-07-11,US,North Dakota,Mercer,9,0,0,47.31213126,-101.8318399,38057.0,109.93037742762917,0.0,9,8,0,0,8,7,8267,1,0,0,1,1
2020-07-11,US,North Dakota,Morton,126,2,0,46.71681782,-101.2822377,38059.0,401.7344726437954,1.5873015873015872,124,123,2,0,121,121,31095,3,0,0,3,2
2020-07-11,US,North Dakota,Mountrail,61,0,0,48.20197971,-102.3555315,38061.0,578.4732100521575,0.0,61,59,0,0,59,55,10218,2,0,0,2,4
2020-07-11,US,North Dakota,Nelson,2,0,0,47.9226426,-98.19038437,38063.0,69.46856547412295,0.0,2,2,0,0,2,2,2869,0,0,0,0,0
2020-07-11,US,North Dakota,Oliver,2,0,0,47.11530482,-101.3406158,38065.0,102.09290454313421,0.0,2,2,0,0,2,2,1952,0,0,0,0,0
2020-07-11,US,North Dakota,Pembina,14,0,0,48.76623521,-97.5523809,38067.0,205.85208057638584,0.0,14,14,0,0,14,14,6947,0,0,0,0,0
2020-07-11,US,North Dakota,Pierce,8,0,0,48.24977025,-99.96407787,38069.0,201.2578616352201,0.0,8,7,0,0,7,6,4081,1,0,0,1,1
2020-07-11,US,North Dakota,Ramsey,19,1,0,48.26886249,-98.72223879,38071.0,164.94487368695195,5.2631578947368425,18,19,1,0,18,18,11481,0,0,0,0,1
2020-07-11,US,North Dakota,Ransom,21,0,0,46.45621782,-97.65742504,38073.0,402.4530471444998,0.0,21,21,0,0,21,21,5237,0,0,0,0,0
2020-07-11,US,North Dakota,Renville,5,0,0,48.71982533,-101.6603912,38075.0,214.86892995272885,0.0,5,5,0,0,5,5,2374,0,0,0,0,0
2020-07-11,US,North Dakota,Richland,47,0,0,46.26440649,-96.94852979,38077.0,290.5359460963096,0.0,47,45,0,0,45,44,16239,2,0,0,2,1
2020-07-11,US,North Dakota,Rolette,12,0,0,48.77245354,-99.84097493,38079.0,84.65011286681715,0.0,12,11,0,0,11,11,14301,1,0,0,1,0
2020-07-11,US,North Dakota,Sargent,7,0,0,46.10830372,-97.63217159,38081.0,179.57927142124166,0.0,7,7,0,0,7,7,3870,0,0,0,0,0
2020-07-11,US,North Dakota,Sheridan,2,0,0,47.57700669,-100.3426391,38083.0,152.09125475285168,0.0,2,2,0,0,2,2,1349,0,0,0,0,0
2020-07-11,US,North Dakota,Sioux,36,0,0,46.11323337,-101.0440149,38085.0,851.063829787234,0.0,36,33,0,0,33,32,4358,3,0,0,3,1
2020-07-11,US,North Dakota,Slope,3,0,0,46.44737738,-103.4601547,38087.0,400.0,0.0,3,3,0,0,3,3,763,0,0,0,0,0
2020-07-11,US,North Dakota,Stark,92,3,0,46.80851182,-102.6576326,38089.0,292.16551811743784,3.260869565217391,89,89,3,0,86,85,30997,3,0,0,3,4
2020-07-11,US,North Dakota,Steele,4,0,0,47.45611548,-97.72728747,38091.0,211.64021164021165,0.0,4,4,0,0,4,3,1903,0,0,0,0,1
2020-07-11,US,North Dakota,Stutsman,66,2,0,46.97962541,-98.95637318,38093.0,318.7789799072644,3.0303030303030303,64,66,2,0,64,66,20917,0,0,0,0,0
2020-07-11,US,North Dakota,Towner,3,0,0,48.68565745,-99.24564265,38095.0,137.04888076747372,0.0,3,2,0,0,2,1,2192,1,0,0,1,1
2020-07-11,US,North Dakota,Traill,27,0,0,47.45367788,-97.16323288,38097.0,335.9880537580886,0.0,27,25,0,0,25,23,8037,2,0,0,2,2
2020-07-11,US,North Dakota,Walsh,46,0,0,48.36876964,-97.72574783,38099.0,432.2901982896344,0.0,46,44,0,0,44,41,10667,2,0,0,2,3
2020-07-11,US,North Dakota,Ward,71,1,0,48.22390169,-101.5436763,38101.0,104.96592303484572,1.4084507042253518,70,69,1,0,68,67,67744,2,0,0,2,2
2020-07-11,US,North Dakota,Wells,10,0,0,47.58614526,-99.65904998,38103.0,260.8242044861763,0.0,10,9,0,0,9,9,3957,1,0,0,1,0
2020-07-11,US,North Dakota,Williams,65,0,0,48.34522353,-103.4793387,38105.0,172.92292958046238,0.0,65,62,0,0,62,59,35350,3,0,0,3,3
2020-07-11,US,Ohio,Adams,26,1,0,38.84541072,-83.4718964,39001.0,93.86959347245285,3.8461538461538463,25,25,1,0,24,24,27724,1,0,0,1,1
2020-07-11,US,Ohio,Allen,356,41,0,40.77285242,-84.10802343,39003.0,347.8226885912204,11.516853932584269,315,348,41,0,307,338,102663,8,0,0,8,10
2020-07-11,US,Ohio,Ashland,67,2,0,40.84772277,-82.27280781,39005.0,125.27110911674521,2.985074626865672,65,63,2,0,61,62,53745,4,0,0,4,1
2020-07-11,US,Ohio,Ashtabula,447,44,0,41.70860332,-80.74830218,39007.0,459.68264415215805,9.843400447427292,403,445,44,0,401,438,97493,2,0,0,2,7
2020-07-11,US,Ohio,Athens,139,1,0,39.33425634,-82.04278644,39009.0,212.7757282593721,0.7194244604316546,138,111,1,0,110,91,65818,28,0,0,28,20
2020-07-11,US,Ohio,Auglaize,109,4,0,40.55998859,-84.22421429999999,39011.0,238.74189591729458,3.669724770642202,105,109,4,0,105,109,45804,0,0,0,0,0
2020-07-11,US,Ohio,Belmont,569,22,0,40.01625942,-80.9924051,39013.0,849.1776855803959,3.866432337434095,547,567,22,0,545,558,67505,2,0,0,2,9
2020-07-11,US,Ohio,Brown,61,1,0,38.93416837,-83.86788395,39015.0,140.4494382022472,1.639344262295082,60,60,1,0,59,59,43602,1,0,0,1,1
2020-07-11,US,Ohio,Butler,1821,47,0,39.44012838,-84.57388716,39017.0,475.2906293881514,2.5809994508511807,1774,1767,47,0,1720,1721,382378,54,0,0,54,46
2020-07-11,US,Ohio,Carroll,67,3,0,40.578968599999996,-81.09178213,39019.0,248.94107156126927,4.477611940298506,64,64,3,0,61,60,27081,3,0,0,3,4
2020-07-11,US,Ohio,Champaign,51,1,0,40.13923427,-83.76875242,39021.0,131.15597274013115,1.96078431372549,50,51,1,0,50,46,38754,0,0,0,0,5
2020-07-11,US,Ohio,Clark,800,10,0,39.91592258,-83.78498252,39023.0,596.645361455218,1.25,790,793,10,0,783,784,134585,7,0,0,7,9
2020-07-11,US,Ohio,Clermont,473,7,0,39.04847534,-84.15375786,39025.0,229.13558238223496,1.4799154334038056,466,453,7,0,446,436,205466,20,0,0,20,17
2020-07-11,US,Ohio,Clinton,81,1,0,39.41485808,-83.80852286,39027.0,193.00419367136863,1.2345679012345678,80,79,1,0,78,70,42057,2,0,0,2,9
2020-07-11,US,Ohio,Columbiana,1378,60,0,40.76932373,-80.78094576,39029.0,1352.531825721661,4.354136429608127,1318,1350,60,0,1290,1324,102665,28,0,0,28,26
2020-07-11,US,Ohio,Coshocton,142,3,0,40.30096166,-81.91729018,39031.0,387.9781420765027,2.112676056338028,139,141,3,0,138,132,36629,1,0,0,1,9
2020-07-11,US,Ohio,Crawford,138,5,0,40.85065156,-82.91989099,39033.0,332.578204077698,3.6231884057971016,133,138,5,0,133,137,41550,0,0,0,0,1
2020-07-11,US,Ohio,Cuyahoga,8979,393,0,41.424119,-81.65918339,39035.0,727.0021504819152,4.3768793852322085,8586,8786,393,0,8393,8518,1243857,193,0,0,193,268
2020-07-11,US,Ohio,Darke,256,26,0,40.13412966,-84.6194517,39037.0,500.8510555044706,10.15625,230,253,26,0,227,253,51323,3,0,0,3,0
2020-07-11,US,Ohio,Defiance,53,3,0,41.32398837,-84.49076944,39039.0,139.15509228870744,5.660377358490566,50,53,3,0,50,54,38165,0,0,0,0,-1
2020-07-11,US,Ohio,Delaware,698,15,0,40.27942393,-83.00457058,39041.0,333.6886942637097,2.1489971346704877,683,675,15,0,660,645,204826,23,0,0,23,30
2020-07-11,US,Ohio,Erie,271,22,0,41.36796058,-82.62904521,39043.0,364.9045323566639,8.118081180811808,249,267,22,0,245,260,74615,4,0,0,4,7
2020-07-11,US,Ohio,Fairfield,667,17,0,39.75107189,-82.63088163,39045.0,423.2931828855014,2.548725637181409,650,643,17,0,626,614,155782,24,0,0,24,29
2020-07-11,US,Ohio,Fayette,55,0,0,39.56021306,-83.4562016,39047.0,192.81332164767747,0.0,55,55,0,0,55,51,28666,0,0,0,0,4
2020-07-11,US,Ohio,Franklin,11724,445,0,39.96995815,-83.01115755,39049.0,890.369969834958,3.795632889798704,11279,11433,443,0,10990,11122,1310300,291,2,0,289,311
2020-07-11,US,Ohio,Fulton,67,0,0,41.60213491,-84.12571393,39051.0,159.04666951526374,0.0,67,66,0,0,66,65,42276,1,0,0,1,1
2020-07-11,US,Ohio,Gallia,20,1,0,38.82708533,-82.31647569,39053.0,66.89410662920596,5.0,19,20,1,0,19,20,29979,0,0,0,0,0
2020-07-11,US,Ohio,Geauga,425,43,0,41.49952319,-81.17935342,39055.0,453.82225117192917,10.117647058823527,382,425,43,0,382,415,94031,0,0,0,0,10
2020-07-11,US,Ohio,Greene,343,9,0,39.69116283,-83.89032084,39057.0,203.03426721203763,2.623906705539359,334,322,9,0,313,300,167995,21,0,0,21,22
2020-07-11,US,Ohio,Guernsey,82,3,0,40.05026529,-81.49248905,39059.0,210.9324758842444,3.6585365853658534,79,79,3,0,76,76,39022,3,0,0,3,3
2020-07-11,US,Ohio,Hamilton,6781,207,0,39.19673558,-84.54502924,39061.0,829.507518902765,3.0526471021973163,6574,6563,207,0,6356,6396,816684,218,0,0,218,167
2020-07-11,US,Ohio,Hancock,86,1,0,41.00250487,-83.66838948,39063.0,113.48191546916857,1.162790697674419,85,85,1,0,84,84,75930,1,0,0,1,1
2020-07-11,US,Ohio,Hardin,123,12,0,40.66015414,-83.65929931,39065.0,392.156862745098,9.75609756097561,111,123,12,0,111,123,31480,0,0,0,0,0
2020-07-11,US,Ohio,Harrison,13,1,0,40.29380509,-81.09068544,39067.0,86.43617021276596,7.6923076923076925,12,12,1,0,11,12,15174,1,0,0,1,0
2020-07-11,US,Ohio,Henry,33,0,0,41.333964200000004,-84.06830637,39069.0,122.1950677627194,0.0,33,33,0,0,33,32,27086,0,0,0,0,1
2020-07-11,US,Ohio,Highland,50,1,0,39.1839264,-83.60331456,39071.0,115.84532332429741,2.0,49,49,1,0,48,47,43058,1,0,0,1,2
2020-07-11,US,Ohio,Hocking,80,9,0,39.49537927,-82.47991446,39073.0,283.04557033682426,11.25,71,80,9,0,71,79,28385,0,0,0,0,1
2020-07-11,US,Ohio,Holmes,259,5,0,40.56163713,-81.92635677,39075.0,589.171974522293,1.9305019305019304,254,257,5,0,252,252,43892,2,0,0,2,5
2020-07-11,US,Ohio,Huron,240,2,0,41.14651175,-82.59867951,39077.0,411.9040263618577,0.8333333333333334,238,238,2,0,236,234,58504,2,0,0,2,4
2020-07-11,US,Ohio,Jackson,28,0,0,39.01914254,-82.61818559999998,39079.0,86.38509240119707,0.0,28,27,0,0,27,27,32384,1,0,0,1,0
2020-07-11,US,Ohio,Jefferson,109,2,0,40.38614126,-80.76259514,39081.0,166.85801760428626,1.834862385321101,107,105,2,0,103,95,65767,4,0,0,4,10
2020-07-11,US,Ohio,Knox,53,1,0,40.39830217,-82.42027563,39083.0,85.04220018613009,1.8867924528301887,52,53,1,0,52,53,61893,0,0,0,0,0
2020-07-11,US,Ohio,Lake,589,23,0,41.69710807,-81.23676539,39085.0,255.92116411542088,3.9049235993208833,566,570,22,0,548,551,230514,19,1,0,18,19
2020-07-11,US,Ohio,Lawrence,83,0,0,38.59743452,-82.53466552,39087.0,139.58259758168944,0.0,83,82,0,0,82,79,59866,1,0,0,1,3
2020-07-11,US,Ohio,Licking,568,12,0,40.09136236,-82.48185785,39089.0,321.1543463265145,2.112676056338028,556,560,12,0,548,536,175769,8,0,0,8,24
2020-07-11,US,Ohio,Logan,71,1,0,40.38996525,-83.76784341,39091.0,155.45629707479418,1.4084507042253518,70,68,1,0,67,66,45358,3,0,0,3,2
2020-07-11,US,Ohio,Lorain,1120,69,0,41.29553751,-82.15083537,39093.0,361.48505807967524,6.1607142857142865,1051,1097,69,0,1028,1073,309461,23,0,0,23,24
2020-07-11,US,Ohio,Lucas,2952,305,0,41.62101218,-83.65468618,39095.0,689.1592817055292,10.331978319783198,2647,2889,305,0,2584,2859,429899,63,0,0,63,30
2020-07-11,US,Ohio,Madison,216,9,0,39.89381073,-83.40178317,39097.0,482.8865887192328,4.166666666666667,207,213,9,0,204,206,44413,3,0,0,3,7
2020-07-11,US,Ohio,Mahoning,1928,239,0,41.01631101,-80.77287029,39099.0,843.08846744183,12.396265560165975,1689,1907,239,0,1668,1885,229642,21,0,0,21,22
2020-07-11,US,Ohio,Marion,2745,39,0,40.58610662,-83.15736305,39101.0,4217.043307268063,1.4207650273224044,2706,2740,39,0,2701,2737,65256,5,0,0,5,3
2020-07-11,US,Ohio,Medina,582,32,0,41.11770589,-81.89986209999998,39103.0,323.7902373349059,5.498281786941581,550,566,32,0,534,548,179146,16,0,0,16,18
2020-07-11,US,Ohio,Meigs,13,0,0,39.09224872,-82.0305041,39105.0,56.75121142008993,0.0,13,12,0,0,12,12,23106,1,0,0,1,0
2020-07-11,US,Ohio,Mercer,299,10,0,40.54043046,-84.62912742,39107.0,726.2217040707277,3.3444816053511706,289,295,10,0,285,294,40959,4,0,0,4,1
2020-07-11,US,Ohio,Miami,506,31,0,40.0543329,-84.22871271,39109.0,472.95465804256594,6.126482213438735,475,503,31,0,472,486,106222,3,0,0,3,17
2020-07-11,US,Ohio,Monroe,89,17,0,39.72984936,-81.08464734,39111.0,651.8236414237588,19.101123595505623,72,89,17,0,72,89,13790,0,0,0,0,0
2020-07-11,US,Ohio,Montgomery,2440,35,0,39.75394919,-84.29050975,39113.0,458.916618235917,1.4344262295081966,2405,2378,35,0,2343,2283,532331,62,0,0,62,95
2020-07-11,US,Ohio,Morgan,11,0,0,39.62081738,-81.85308173,39115.0,75.82023711055969,0.0,11,12,0,0,12,11,14604,-1,0,0,-1,1
2020-07-11,US,Ohio,Morrow,120,1,0,40.52363560000001,-82.7892599,39117.0,339.67391304347825,0.8333333333333334,119,121,1,0,120,120,35112,-1,0,0,-1,1
2020-07-11,US,Ohio,Muskingum,100,1,0,39.96575964,-81.94363275,39119.0,115.98909702487964,1.0,99,96,1,0,95,92,86183,4,0,0,4,4
2020-07-11,US,Ohio,Noble,14,0,0,39.76818851,-81.45937183,39121.0,97.06045479755964,0.0,14,13,0,0,13,13,14354,1,0,0,1,0
2020-07-11,US,Ohio,Ottawa,173,24,0,41.53781826,-83.0940185,39123.0,426.8969771745836,13.872832369942195,149,166,24,0,142,161,40769,7,0,0,7,5
2020-07-11,US,Ohio,Paulding,30,0,0,41.11676341,-84.5801017,39125.0,160.66838046272494,0.0,30,28,0,0,28,27,18760,2,0,0,2,1
2020-07-11,US,Ohio,Perry,44,1,0,39.73508655,-82.23804971,39127.0,121.76897105219463,2.272727272727273,43,41,1,0,40,40,36033,3,0,0,3,1
2020-07-11,US,Ohio,Pickaway,2222,41,0,39.64170392,-83.0243386,39129.0,3801.084557880152,1.8451845184518447,2181,2216,41,0,2175,2206,58086,6,0,0,6,10
2020-07-11,US,Ohio,Pike,28,0,0,39.07634001,-83.06769584,39131.0,100.82097076191849,0.0,28,27,0,0,27,27,28067,1,0,0,1,0
2020-07-11,US,Ohio,Portage,492,59,0,41.16793482,-81.19735782,39133.0,302.8325926655424,11.991869918699189,433,487,59,0,428,477,162927,5,0,0,5,10
2020-07-11,US,Ohio,Preble,90,1,0,39.7420247,-84.64787018,39135.0,220.14578543124114,1.1111111111111112,89,82,1,0,81,81,40997,8,0,0,8,1
2020-07-11,US,Ohio,Putnam,137,15,0,41.02094889,-84.1336111,39137.0,404.595257080417,10.94890510948905,122,134,15,0,119,133,33780,3,0,0,3,1
2020-07-11,US,Ohio,Richland,371,5,0,40.77180308,-82.53799609999999,39139.0,306.2218333691005,1.3477088948787062,366,363,5,0,358,359,121099,8,0,0,8,4
2020-07-11,US,Ohio,Ross,144,3,0,39.33705391,-83.06000914,39141.0,187.8277202410456,2.083333333333333,141,139,3,0,136,136,76931,5,0,0,5,3
2020-07-11,US,Ohio,Sandusky,160,15,0,41.35624126,-83.137872,39143.0,273.4201442291261,9.375,145,157,15,0,142,142,58799,3,0,0,3,15
2020-07-11,US,Ohio,Scioto,67,0,0,38.80270163,-82.98907345,39145.0,88.96088376663039,0.0,67,65,0,0,65,56,75502,2,0,0,2,9
2020-07-11,US,Ohio,Seneca,41,2,0,41.12351311,-83.12783209,39147.0,74.30497662111709,4.878048780487805,39,40,2,0,38,36,55207,1,0,0,1,4
2020-07-11,US,Ohio,Shelby,74,4,0,40.33163494,-84.20258189,39149.0,152.29471084585302,5.405405405405406,70,74,4,0,70,72,48627,0,0,0,0,2
2020-07-11,US,Ohio,Stark,1214,114,0,40.81482476,-81.36437305,39151.0,327.57159894874883,9.39044481054366,1100,1196,114,0,1082,1171,371574,18,0,0,18,25
2020-07-11,US,Ohio,Summit,2327,209,0,41.12464734,-81.53123079,39153.0,430.1190544404663,8.981521272024064,2118,2299,209,0,2090,2269,541918,28,0,0,28,30
2020-07-11,US,Ohio,Trumbull,1045,78,0,41.31735028,-80.76109643,39155.0,527.8470910321557,7.464114832535884,967,1032,77,0,955,1014,198627,13,1,0,12,18
2020-07-11,US,Ohio,Tuscarawas,604,10,0,40.44214695,-81.47226262,39157.0,656.614521617185,1.6556291390728477,594,601,10,0,591,590,92176,3,0,0,3,11
2020-07-11,US,Ohio,Union,93,1,0,40.30016061,-83.37239023,39159.0,157.65918491896656,1.075268817204301,92,93,1,0,92,92,57835,0,0,0,0,1
2020-07-11,US,Ohio,Van Wert,47,1,0,40.8554138,-84.59111700000003,39161.0,166.22458001768348,2.127659574468085,46,45,1,0,44,43,28281,2,0,0,2,2
2020-07-11,US,Ohio,Vinton,23,2,0,39.25208988,-82.4831444,39163.0,175.7737867787543,8.695652173913043,21,23,2,0,21,22,13139,0,0,0,0,1
2020-07-11,US,Ohio,Warren,977,25,0,39.42581994,-84.16557457,39165.0,416.44998763863913,2.55885363357216,952,945,25,0,920,918,232173,32,0,0,32,27
2020-07-11,US,Ohio,Washington,146,20,0,39.45690571,-81.49121382,39167.0,243.6948139740616,13.698630136986301,126,144,20,0,124,142,60155,2,0,0,2,2
2020-07-11,US,Ohio,Wayne,372,53,0,40.82925852,-81.88844833,39169.0,321.49338864402387,14.247311827956992,319,372,53,0,319,367,115967,0,0,0,0,5
2020-07-11,US,Ohio,Williams,76,2,0,41.56052014,-84.58429552,39171.0,207.1296195355936,2.631578947368421,74,74,2,0,72,72,36804,2,0,0,2,2
2020-07-11,US,Ohio,Wood,488,51,0,41.36224827,-83.62285108,39173.0,373.0402011970921,10.450819672131148,437,474,51,0,423,461,130696,14,0,0,14,13
2020-07-11,US,Ohio,Wyandot,63,5,0,40.84339621,-83.30734173,39175.0,289.36248392430645,7.936507936507938,58,62,5,0,57,61,21935,1,0,0,1,1
2020-07-11,US,Oklahoma,Adair,136,4,0,35.88494195,-94.65859267,40001.0,612.7782283500045,2.9411764705882355,132,136,4,0,132,136,22082,0,0,0,0,0
2020-07-11,US,Oklahoma,Alfalfa,1,0,0,36.73090616,-98.32408495,40003.0,17.5377060680463,0.0,1,1,0,0,1,1,5754,0,0,0,0,0
2020-07-11,US,Oklahoma,Atoka,34,0,0,34.37366573,-96.03802487,40005.0,247.12894316034308,0.0,34,34,0,0,34,31,13838,0,0,0,0,3
2020-07-11,US,Oklahoma,Beaver,32,0,0,36.7496847,-100.4758872,40007.0,602.5230653360949,0.0,32,32,0,0,32,32,5319,0,0,0,0,0
2020-07-11,US,Oklahoma,Beckham,14,0,0,35.26862449,-99.68128023,40009.0,64.04684569284963,0.0,14,14,0,0,14,13,21709,0,0,0,0,1
2020-07-11,US,Oklahoma,Blaine,22,0,0,35.87518314,-98.43307003,40011.0,233.32272775479905,0.0,22,21,0,0,21,18,9485,1,0,0,1,3
2020-07-11,US,Oklahoma,Bryan,180,1,0,33.96472458,-96.25903472,40013.0,375.03906656943434,0.5555555555555556,179,173,1,0,172,154,47192,7,0,0,7,19
2020-07-11,US,Oklahoma,Caddo,206,11,0,35.17364557,-98.37534464,40015.0,716.2227939642586,5.339805825242719,195,204,11,0,193,202,28977,2,0,0,2,2
2020-07-11,US,Oklahoma,Canadian,479,3,0,35.5426055,-97.98465569,40017.0,322.98086388952566,0.6263048016701461,476,456,3,0,453,430,144447,23,0,0,23,26
2020-07-11,US,Oklahoma,Carter,170,2,0,34.25103751,-97.28552485,40019.0,353.34954584190734,1.1764705882352942,168,163,2,0,161,159,48177,7,0,0,7,4
2020-07-11,US,Oklahoma,Cherokee,118,1,0,35.90692775,-94.99980896,40021.0,242.51392399860245,0.8474576271186439,117,111,1,0,110,105,48675,7,0,0,7,6
2020-07-11,US,Oklahoma,Choctaw,122,1,0,34.02807439,-95.54771129,40023.0,831.515812431843,0.819672131147541,121,122,1,0,121,123,14668,0,0,0,0,-1
2020-07-11,US,Oklahoma,Cimarron,1,0,0,36.74817177,-102.5173885,40025.0,46.79457182966776,0.0,1,1,0,0,1,1,2153,0,0,0,0,0
2020-07-11,US,Oklahoma,Cleveland,1277,40,0,35.20413532,-97.32519562,40027.0,449.62572267564275,3.1323414252153485,1237,1238,40,0,1198,1208,281669,39,0,0,39,30
2020-07-11,US,Oklahoma,Coal,10,0,0,34.58840127,-96.29798747,40029.0,181.98362147406726,0.0,10,10,0,0,10,10,5520,0,0,0,0,0
2020-07-11,US,Oklahoma,Comanche,489,8,0,34.65973764,-98.47195055,40031.0,404.97229790722906,1.6359918200408998,481,479,7,0,472,474,120422,10,1,0,9,5
2020-07-11,US,Oklahoma,Cotton,11,2,0,34.28845626,-98.37053567,40033.0,194.1404871161313,18.181818181818183,9,11,2,0,9,10,5776,0,0,0,0,1
2020-07-11,US,Oklahoma,Craig,27,0,0,36.76268118,-95.20916602,40035.0,190.92066185829444,0.0,27,27,0,0,27,26,14306,0,0,0,0,1
2020-07-11,US,Oklahoma,Creek,210,8,0,35.90230551,-96.37086028,40037.0,293.61595033695926,3.809523809523809,202,204,7,0,197,201,71604,6,1,0,5,3
2020-07-11,US,Oklahoma,Custer,76,0,0,35.63853802,-99.00170785,40039.0,262.0418577388546,0.0,76,72,0,0,72,70,29036,4,0,0,4,2
2020-07-11,US,Oklahoma,Delaware,239,17,0,36.40823634,-94.80325046,40041.0,555.6976446790206,7.112970711297071,222,229,17,0,212,218,42733,10,0,0,10,11
2020-07-11,US,Oklahoma,Dewey,4,0,0,35.98772922,-99.00730714,40043.0,81.78286648947045,0.0,4,4,0,0,4,4,4894,0,0,0,0,0
2020-07-11,US,Oklahoma,Ellis,2,0,0,36.2180194,-99.75324573,40045.0,51.82689816014511,0.0,2,2,0,0,2,2,3952,0,0,0,0,0
2020-07-11,US,Oklahoma,Garfield,104,2,0,36.3791334,-97.78265517,40047.0,170.33542976939202,1.9230769230769231,102,102,2,0,100,93,60913,2,0,0,2,9
2020-07-11,US,Oklahoma,Garvin,122,3,0,34.70418038,-97.30811132,40049.0,440.2583811482805,2.459016393442623,119,111,3,0,108,106,27811,11,0,0,11,5
2020-07-11,US,Oklahoma,Grady,236,5,0,35.0167709,-97.88339847,40051.0,422.68152022065414,2.1186440677966103,231,228,5,0,223,224,55551,8,0,0,8,4
2020-07-11,US,Oklahoma,Grant,2,0,0,36.796297,-97.78638765,40053.0,46.15739672282484,0.0,2,2,0,0,2,2,4326,0,0,0,0,0
2020-07-11,US,Oklahoma,Greer,68,7,0,34.93535801,-99.5605612,40055.0,1190.4761904761906,10.294117647058824,61,68,7,0,61,67,5821,0,0,0,0,1
2020-07-11,US,Oklahoma,Harmon,3,0,0,34.7440135,-99.84741652,40057.0,113.07953260459855,0.0,3,3,0,0,3,3,2664,0,0,0,0,0
2020-07-11,US,Oklahoma,Harper,1,0,0,36.78836519,-99.6679804,40059.0,27.11496746203905,0.0,1,1,0,0,1,1,3797,0,0,0,0,0
2020-07-11,US,Oklahoma,Haskell,16,0,0,35.22257600000001,-95.11513306,40061.0,126.71259998416092,0.0,16,16,0,0,16,16,12668,0,0,0,0,0
2020-07-11,US,Oklahoma,Hughes,14,0,0,35.04912569,-96.24921145,40063.0,105.42962572482868,0.0,14,14,0,0,14,13,13335,0,0,0,0,1
2020-07-11,US,Oklahoma,Jackson,57,3,0,34.58781741,-99.41138784,40065.0,232.36852833265388,5.2631578947368425,54,55,3,0,52,54,24949,2,0,0,2,1
2020-07-11,US,Oklahoma,Jefferson,16,0,0,34.11130184,-97.83182974,40067.0,266.5778073975342,0.0,16,15,0,0,15,13,6123,1,0,0,1,2
2020-07-11,US,Oklahoma,Johnston,16,0,0,34.31440473,-96.66011537,40069.0,144.33919711321604,0.0,16,15,0,0,15,15,10949,1,0,0,1,0
2020-07-11,US,Oklahoma,Kay,124,8,0,36.81799745,-97.14421435,40071.0,284.80867288345814,6.451612903225807,116,123,8,0,115,120,44161,1,0,0,1,3
2020-07-11,US,Oklahoma,Kingfisher,44,0,0,35.94530008,-97.94193268,40073.0,279.09927053599745,0.0,44,40,0,0,40,39,15816,4,0,0,4,1
2020-07-11,US,Oklahoma,Kiowa,16,1,0,34.91671958,-98.97720696,40075.0,183.73909049150203,6.25,15,14,1,0,13,15,8729,2,0,0,2,-1
2020-07-11,US,Oklahoma,Latimer,20,1,0,34.87844729,-95.25215049,40077.0,198.55058076044872,5.0,19,19,1,0,18,18,10231,1,0,0,1,1
2020-07-11,US,Oklahoma,Le Flore,56,1,0,34.89851864,-94.70392124,40079.0,112.330250937757,1.7857142857142858,55,54,1,0,53,53,49980,2,0,0,2,1
2020-07-11,US,Oklahoma,Lincoln,43,2,0,35.70270942,-96.8812462,40081.0,123.29042062103966,4.651162790697675,41,41,2,0,39,40,34920,2,0,0,2,1
2020-07-11,US,Oklahoma,Logan,90,1,0,35.91899576,-97.44352845,40083.0,187.45704109474912,1.1111111111111112,89,85,1,0,84,75,47291,5,0,0,5,10
2020-07-11,US,Oklahoma,Love,46,0,0,33.95273467,-97.23906784,40085.0,448.6491758509704,0.0,46,46,0,0,46,45,10134,0,0,0,0,1
2020-07-11,US,Oklahoma,Major,14,1,0,36.31149996,-98.53467076,40093.0,183.5102896841001,7.142857142857142,13,14,1,0,13,10,7644,0,0,0,0,4
2020-07-11,US,Oklahoma,Marshall,43,0,0,34.02311222,-96.76855464,40095.0,253.97200401630147,0.0,43,43,0,0,43,43,16806,0,0,0,0,0
2020-07-11,US,Oklahoma,Mayes,117,5,0,36.30179091,-95.23175116,40097.0,284.6715328467153,4.2735042735042725,112,114,5,0,109,109,41107,3,0,0,3,5
2020-07-11,US,Oklahoma,McClain,235,4,0,35.01123903,-97.44572302,40087.0,580.6196570637941,1.702127659574468,231,230,4,0,226,229,39985,5,0,0,5,1
2020-07-11,US,Oklahoma,McCurtain,606,11,0,34.11664328,-94.77222373,40089.0,1845.7602339181287,1.8151815181518152,595,600,10,0,590,596,32703,6,1,0,5,4
2020-07-11,US,Oklahoma,McIntosh,85,1,0,35.37235506,-95.66599306,40091.0,433.761992243315,1.1764705882352942,84,84,1,0,83,79,19815,1,0,0,1,5
2020-07-11,US,Oklahoma,Murray,25,0,0,34.48116015,-97.06826283,40099.0,177.64513607617425,0.0,25,25,0,0,25,24,13953,0,0,0,0,1
2020-07-11,US,Oklahoma,Muskogee,193,14,0,35.61318461,-95.37802952,40101.0,283.8360515905114,7.253886010362693,179,182,14,0,168,174,68362,11,0,0,11,8
2020-07-11,US,Oklahoma,Noble,52,1,0,36.38953329,-97.22928674,40103.0,467.1637768394574,1.9230769230769231,51,51,1,0,50,50,11289,1,0,0,1,1
2020-07-11,US,Oklahoma,Nowata,38,1,0,36.79843529,-95.61902331,40105.0,377.1337832473204,2.631578947368421,37,38,1,0,37,37,10218,0,0,0,0,1
2020-07-11,US,Oklahoma,Okfuskee,19,0,0,35.46485198,-96.32639984,40107.0,158.42574835320602,0.0,19,17,0,0,17,17,12098,2,0,0,2,0
2020-07-11,US,Oklahoma,Oklahoma,4613,74,0,35.55140095,-97.40716948,40109.0,578.4804761271779,1.6041621504443964,4539,4379,72,0,4307,4194,792582,234,2,0,232,185
2020-07-11,US,Oklahoma,Okmulgee,146,0,0,35.64661916,-95.96432828,40111.0,379.56583907448334,0.0,146,136,0,0,136,127,38335,10,0,0,10,9
2020-07-11,US,Oklahoma,Osage,214,8,0,36.62888819,-96.39635704,40113.0,455.6778740710772,3.7383177570093458,206,203,8,0,195,194,47014,11,0,0,11,9
2020-07-11,US,Oklahoma,Ottawa,141,2,0,36.83532655,-94.81011909,40115.0,452.9829408552062,1.4184397163120568,139,137,2,0,135,132,31175,4,0,0,4,5
2020-07-11,US,Oklahoma,Pawnee,68,3,0,36.31743373,-96.7033176,40117.0,415.2418172936004,4.411764705882354,65,68,3,0,65,65,16390,0,0,0,0,3
2020-07-11,US,Oklahoma,Payne,478,1,0,36.07695283,-96.97584944,40119.0,584.4663992957057,0.20920502092050208,477,476,1,0,475,465,82040,2,0,0,2,11
2020-07-11,US,Oklahoma,Pittsburg,71,3,0,34.92065823,-95.7513432,40121.0,162.64259861639255,4.225352112676056,68,71,3,0,68,69,43877,0,0,0,0,2
2020-07-11,US,Oklahoma,Pontotoc,70,2,0,34.72959848,-96.68337199,40123.0,182.844007940654,2.8571428571428568,68,69,2,0,67,67,38247,1,0,0,1,2
2020-07-11,US,Oklahoma,Pottawatomie,158,4,0,35.20614018,-96.94923008,40125.0,217.65483799867755,2.5316455696202533,154,151,4,0,147,142,72679,7,0,0,7,9
2020-07-11,US,Oklahoma,Pushmataha,25,0,0,34.41635232,-95.37603505,40127.0,225.30641672674838,0.0,25,22,0,0,22,20,11179,3,0,0,3,2
2020-07-11,US,Oklahoma,Roger Mills,1,0,0,35.68711719,-99.69666167,40129.0,27.909572983533355,0.0,1,1,0,0,1,,3656,0,0,0,0,
2020-07-11,US,Oklahoma,Rogers,324,7,0,36.37004357,-95.60406759,40131.0,350.4255940470911,2.1604938271604937,317,304,7,0,297,291,91984,20,0,0,20,13
2020-07-11,US,Oklahoma,Seminole,64,3,0,35.16478725,-96.61686741,40133.0,263.83048891087475,4.6875,61,58,3,0,55,53,24578,6,0,0,6,5
2020-07-11,US,Oklahoma,Sequoyah,62,3,0,35.49447108,-94.75463785,40135.0,149.14960667805337,4.838709677419356,59,60,3,0,57,59,41179,2,0,0,2,1
2020-07-11,US,Oklahoma,Stephens,81,1,0,34.48556989,-97.85141892,40137.0,187.74772268966,1.2345679012345678,80,78,1,0,77,76,43265,3,0,0,3,2
2020-07-11,US,Oklahoma,Texas,1005,6,0,36.74777635,-101.4889765,40139.0,5029.274883651105,0.5970149253731343,999,1004,6,0,998,1001,20455,1,0,0,1,3
2020-07-11,US,Oklahoma,Tillman,26,1,0,34.37288446,-98.92426619,40141.0,358.62068965517244,3.8461538461538463,25,26,1,0,25,26,7348,0,0,0,0,0
2020-07-11,US,Oklahoma,Tulsa,5005,75,0,36.11939621,-95.94013939,40143.0,768.1658562938952,1.4985014985014986,4930,4828,75,0,4753,4693,648360,177,0,0,177,135
2020-07-11,US,Oklahoma,Wagoner,366,19,0,35.96024096,-95.51911308,40145.0,450.2454206596218,5.191256830601093,347,350,19,0,331,344,80110,16,0,0,16,6
2020-07-11,US,Oklahoma,Washington,448,39,0,36.71380786,-95.90514104,40147.0,869.4470859937509,8.705357142857142,409,445,39,0,406,440,51843,3,0,0,3,5
2020-07-11,US,Oklahoma,Washita,8,0,0,35.29071824,-98.99180434,40149.0,73.28691828508613,0.0,8,8,0,0,8,7,11127,0,0,0,0,1
2020-07-11,US,Oklahoma,Woods,9,0,0,36.76705782,-98.86573064,40151.0,102.35414534288635,0.0,9,9,0,0,9,9,8897,0,0,0,0,0
2020-07-11,US,Oklahoma,Woodward,15,0,0,36.42316318,-99.26283045,40153.0,74.2170105388155,0.0,15,15,0,0,15,15,20222,0,0,0,0,0
2020-07-11,US,Oregon,Baker,11,0,0,44.70915557,-117.6749883,41001.0,68.22128504093277,0.0,11,9,0,0,9,8,16006,2,0,0,2,1
2020-07-11,US,Oregon,Benton,112,6,0,44.49167306,-123.4316987,41003.0,120.36151440576876,5.357142857142857,106,105,6,0,99,99,92101,7,0,0,7,6
2020-07-11,US,Oregon,Clackamas,955,27,0,45.18787398,-122.2179634,41005.0,228.36673545566936,2.8272251308900525,928,925,27,0,898,914,416075,30,0,0,30,11
2020-07-11,US,Oregon,Clatsop,55,0,0,45.99712889,-123.660711,41007.0,136.7342879872713,0.0,55,55,0,0,55,55,39764,0,0,0,0,0
2020-07-11,US,Oregon,Columbia,48,0,0,45.94464254,-123.0890898,41009.0,91.6835389846048,0.0,48,47,0,0,47,47,52377,1,0,0,1,0
2020-07-11,US,Oregon,Coos,54,0,0,43.17406868,-124.0594514,41011.0,83.73780762014049,0.0,54,52,0,0,52,52,64389,2,0,0,2,0
2020-07-11,US,Oregon,Crook,18,1,0,44.14230227,-120.356297,41013.0,73.7584002622521,5.5555555555555545,17,18,1,0,17,17,23867,0,0,0,0,1
2020-07-11,US,Oregon,Curry,9,0,0,42.45911325,-124.157282,41015.0,39.25845147219193,0.0,9,9,0,0,9,9,22813,0,0,0,0,0
2020-07-11,US,Oregon,Deschutes,252,0,0,43.91570171,-121.2289121,41017.0,127.47101551909029,0.0,252,237,0,0,237,229,191996,15,0,0,15,8
2020-07-11,US,Oregon,Douglas,60,0,0,43.27941273,-123.167291,41019.0,54.063795278428536,0.0,60,58,0,0,58,56,110283,2,0,0,2,2
2020-07-11,US,Oregon,Gilliam,1,0,0,45.37160076,-120.2048869,41021.0,52.30125523012552,0.0,1,1,0,0,1,1,1894,0,0,0,0,0
2020-07-11,US,Oregon,Grant,1,0,0,44.49024544,-119.0068631,41023.0,13.890818169190164,0.0,1,1,0,0,1,1,7176,0,0,0,0,0
2020-07-11,US,Oregon,Harney,2,0,0,43.06422669,-118.9666306,41025.0,27.052617340727714,0.0,2,2,0,0,2,2,7329,0,0,0,0,0
2020-07-11,US,Oregon,Hood River,104,0,0,45.51872811,-121.65520359999998,41027.0,444.78658797365495,0.0,104,103,0,0,103,99,23428,1,0,0,1,4
2020-07-11,US,Oregon,Jackson,178,0,0,42.43201126,-122.7289309,41029.0,80.56340068071546,0.0,178,173,0,0,173,164,219564,5,0,0,5,9
2020-07-11,US,Oregon,Jefferson,163,0,0,44.62806839,-121.17832,41031.0,661.0430691864709,0.0,163,160,0,0,160,145,24192,3,0,0,3,15
2020-07-11,US,Oregon,Josephine,57,1,0,42.3665549,-123.5561938,41033.0,65.15253694834661,1.7543859649122806,56,55,1,0,54,54,87393,2,0,0,2,1
2020-07-11,US,Oregon,Klamath,135,1,0,42.68762984,-121.64964609999998,41035.0,197.8369823265629,0.7407407407407407,134,131,1,0,130,131,67653,4,0,0,4,0
2020-07-11,US,Oregon,Lake,24,0,0,42.79246693,-120.3850163,41037.0,304.99428135722457,0.0,24,24,0,0,24,24,7879,0,0,0,0,0
2020-07-11,US,Oregon,Lane,294,3,0,43.93727035,-122.847753,41039.0,76.94985434491856,1.020408163265306,291,281,3,0,278,271,379611,13,0,0,13,10
2020-07-11,US,Oregon,Lincoln,361,5,0,44.64252874,-123.869912,41041.0,722.5491373443817,1.3850415512465375,356,362,5,0,357,363,49388,-1,0,0,-1,-1
2020-07-11,US,Oregon,Linn,174,10,0,44.48899494,-122.5373154,41043.0,134.10507980793687,5.747126436781608,164,172,10,0,162,168,127335,2,0,0,2,4
2020-07-11,US,Oregon,Malheur,302,1,0,43.1937027,-117.6227395,41045.0,987.8643158548954,0.3311258278145696,301,286,1,0,285,266,30725,16,0,0,16,20
2020-07-11,US,Oregon,Marion,1831,53,0,44.90287942,-122.5815117,41047.0,526.4247393751905,2.8945931185144733,1778,1770,53,0,1717,1743,346868,61,0,0,61,27
2020-07-11,US,Oregon,Morrow,138,1,0,45.41846568,-119.584546,41049.0,1189.3475825217615,0.7246376811594203,137,131,1,0,130,132,11372,7,0,0,7,-1
2020-07-11,US,Oregon,Multnomah,2824,72,0,45.54747959,-122.4169351,41051.0,347.4174360740845,2.54957507082153,2752,2730,72,0,2658,2694,811880,94,0,0,94,36
2020-07-11,US,Oregon,Polk,173,12,0,44.90322804,-123.4128888,41053.0,200.96416332694432,6.9364161849710975,161,171,12,0,159,168,85234,2,0,0,2,3
2020-07-11,US,Oregon,Sherman,4,0,0,45.41501554,-120.6827834,41055.0,224.7191011235955,0.0,4,3,0,0,3,3,1708,1,0,0,1,0
2020-07-11,US,Oregon,Tillamook,16,0,0,45.46248721,-123.712066,41057.0,59.18035212309513,0.0,16,16,0,0,16,15,26787,0,0,0,0,1
2020-07-11,US,Oregon,Umatilla,987,7,0,45.59073056,-118.7353826,41059.0,1266.196279666453,0.7092198581560284,980,937,7,0,930,886,77516,50,0,0,50,51
2020-07-11,US,Oregon,Union,369,2,0,45.30915495,-118.0068979,41061.0,1375.0698714365567,0.5420054200542005,367,368,2,0,366,367,26461,1,0,0,1,1
2020-07-11,US,Oregon,Wallowa,14,0,0,45.57894064,-117.18353799999998,41063.0,194.22863485016651,0.0,14,13,0,0,13,12,7081,1,0,0,1,1
2020-07-11,US,Oregon,Wasco,116,1,0,45.16292781,-121.1670954,41065.0,434.75001873922486,0.8620689655172413,115,106,1,0,105,102,26505,10,0,0,10,4
2020-07-11,US,Oregon,Washington,1815,20,0,45.55972701,-123.0955257,41067.0,301.6994906847166,1.1019283746556474,1795,1764,20,0,1744,1720,597695,51,0,0,51,44
2020-07-11,US,Oregon,Yamhill,194,9,0,45.23330449,-123.3086963,41071.0,181.1391223155929,4.639175257731959,185,179,9,0,170,171,107002,15,0,0,15,8
2020-07-11,US,Pennsylvania,Adams,385,14,0,39.87140411,-77.21610347,42001.0,373.7537496723587,3.636363636363636,371,377,14,0,363,366,102811,8,0,0,8,11
2020-07-11,US,Pennsylvania,Allegheny,4762,193,0,40.46809875,-79.98167747,42003.0,391.5973504269989,4.052918941621169,4569,4547,193,0,4354,4367,1218452,215,0,0,215,180
2020-07-11,US,Pennsylvania,Armstrong,84,6,0,40.81665618,-79.46290811,42005.0,129.7597899127211,7.142857142857142,78,84,6,0,78,80,65263,0,0,0,0,4
2020-07-11,US,Pennsylvania,Beaver,823,79,0,40.6825484,-80.34921611,42007.0,502.0466177430473,9.599027946537062,744,809,79,0,730,796,164742,14,0,0,14,13
2020-07-11,US,Pennsylvania,Bedford,92,4,0,40.00522157,-78.48998442,42009.0,192.11493484797862,4.3478260869565215,88,92,4,0,88,91,48176,0,0,0,0,1
2020-07-11,US,Pennsylvania,Berks,4680,358,0,40.41570541,-75.92457766,42011.0,1111.2060859902556,7.64957264957265,4322,4663,357,0,4306,4647,420152,17,1,0,16,16
2020-07-11,US,Pennsylvania,Blair,102,1,0,40.47961444,-78.34917412,42013.0,83.72390810069852,0.9803921568627452,101,99,1,0,98,93,122492,3,0,0,3,6
2020-07-11,US,Pennsylvania,Bradford,59,3,0,41.78869215,-76.51570822,42015.0,97.80680669064868,5.084745762711863,56,59,3,0,56,59,60833,0,0,0,0,0
2020-07-11,US,Pennsylvania,Bucks,6064,572,0,40.33682119,-75.10836643,42017.0,965.1901252646156,9.432717678100264,5492,6030,572,0,5458,6003,628195,34,0,0,34,27
2020-07-11,US,Pennsylvania,Butler,410,13,0,40.91152759,-79.91351055,42019.0,218.2557638153237,3.1707317073170733,397,403,13,0,390,396,187888,7,0,0,7,7
2020-07-11,US,Pennsylvania,Cambria,132,3,0,40.49527404,-78.71377428,42021.0,101.38871820081111,2.272727272727273,129,123,3,0,120,113,131730,9,0,0,9,10
2020-07-11,US,Pennsylvania,Cameron,4,0,0,41.43625568,-78.20376845,42023.0,89.94827973915001,0.0,4,4,0,0,4,4,4492,0,0,0,0,0
2020-07-11,US,Pennsylvania,Carbon,297,27,0,40.91545395,-75.7068525,42025.0,462.7465644573245,9.090909090909092,270,296,27,0,269,293,64227,1,0,0,1,3
2020-07-11,US,Pennsylvania,Centre,241,8,0,40.92058903,-77.82200624,42027.0,148.4127228500169,3.319502074688797,233,239,8,0,231,235,162805,2,0,0,2,4
2020-07-11,US,Pennsylvania,Chester,3992,333,0,39.97291773,-75.74768357,42029.0,760.3968845061514,8.341683366733466,3659,3954,333,0,3621,3918,522046,38,0,0,38,36
2020-07-11,US,Pennsylvania,Clarion,60,2,0,41.19265812,-79.42413524,42031.0,156.09553046464438,3.333333333333333,58,60,2,0,58,49,38779,0,0,0,0,11
2020-07-11,US,Pennsylvania,Clearfield,85,0,0,41.00110782,-78.47592663,42033.0,107.24875402182829,0.0,85,85,0,0,85,82,79388,0,0,0,0,3
2020-07-11,US,Pennsylvania,Clinton,95,4,0,41.23255967,-77.63785995,42035.0,245.9101263201491,4.2105263157894735,91,95,4,0,91,91,38684,0,0,0,0,4
2020-07-11,US,Pennsylvania,Columbia,419,35,0,41.04821986,-76.40565017,42037.0,644.9726002093468,8.353221957040573,384,417,35,0,382,416,65456,2,0,0,2,1
2020-07-11,US,Pennsylvania,Crawford,77,1,0,41.68447709,-80.10760592,42039.0,90.98535962849613,1.2987012987012987,76,77,1,0,76,76,85063,0,0,0,0,1
2020-07-11,US,Pennsylvania,Cumberland,935,66,0,40.1625372,-77.26130755,42041.0,369.02553577771636,7.0588235294117645,869,930,66,0,864,922,251423,5,0,0,5,8
2020-07-11,US,Pennsylvania,Dauphin,2279,149,0,40.41377078,-76.77993242,42043.0,818.9034096421475,6.537955243527862,2130,2268,149,0,2119,2247,277097,11,0,0,11,21
2020-07-11,US,Pennsylvania,Delaware,7513,668,0,39.91680171,-75.40243663,42045.0,1325.6356010706718,8.891255157726608,6845,7495,667,0,6828,7447,564751,18,1,0,17,48
2020-07-11,US,Pennsylvania,Elk,29,0,0,41.42822061,-78.64524744,42047.0,96.95753928452022,0.0,29,29,0,0,29,29,30169,0,0,0,0,0
2020-07-11,US,Pennsylvania,Erie,707,13,0,41.99253829,-80.03301954,42049.0,262.11590936054097,1.8387553041018387,694,704,12,0,692,699,272061,3,1,0,2,5
2020-07-11,US,Pennsylvania,Fayette,194,4,0,39.92041012,-79.64291195,42051.0,150.06884601698718,2.061855670103093,190,178,4,0,174,163,130441,16,0,0,16,15
2020-07-11,US,Pennsylvania,Forest,7,0,0,41.51095103,-79.23229292,42053.0,96.59169311439214,0.0,7,7,0,0,7,7,7279,0,0,0,0,0
2020-07-11,US,Pennsylvania,Franklin,997,46,0,39.92956518,-77.72157791,42055.0,643.1137801802266,4.613841524573722,951,993,46,0,947,989,154835,4,0,0,4,4
2020-07-11,US,Pennsylvania,Fulton,19,1,0,39.92913544,-78.11163677,42057.0,130.76393668272544,5.2631578947368425,18,19,1,0,18,19,14523,0,0,0,0,0
2020-07-11,US,Pennsylvania,Greene,67,0,0,39.85746531,-80.22357106,42059.0,184.91430463941708,0.0,67,61,0,0,61,56,36506,6,0,0,6,5
2020-07-11,US,Pennsylvania,Huntingdon,257,4,0,40.42162652,-77.97673273,42061.0,569.2893850788587,1.5564202334630348,253,256,4,0,252,254,45168,1,0,0,1,2
2020-07-11,US,Pennsylvania,Indiana,141,6,0,40.65241041,-79.08963285,42063.0,167.71139366978696,4.25531914893617,135,121,6,0,115,121,84501,20,0,0,20,0
2020-07-11,US,Pennsylvania,Jefferson,37,1,0,41.12913106,-78.9986361,42065.0,85.20437535981577,2.702702702702702,36,37,1,0,36,34,43641,0,0,0,0,3
2020-07-11,US,Pennsylvania,Juniata,116,6,0,40.53358749,-77.39975129999998,42067.0,468.4408189637766,5.172413793103448,110,114,6,0,108,114,24704,2,0,0,2,0
2020-07-11,US,Pennsylvania,Lackawanna,1756,209,0,41.43564672,-75.60379201,42069.0,837.4905806156222,11.902050113895216,1547,1753,209,0,1544,1749,210793,3,0,0,3,4
2020-07-11,US,Pennsylvania,Lancaster,4816,383,0,40.03904563,-76.24770128,42071.0,882.4973796277973,7.952657807308969,4433,4783,382,0,4401,4711,543557,33,1,0,32,72
2020-07-11,US,Pennsylvania,Lawrence,171,9,0,40.99206278,-80.33393706,42073.0,199.97193376368242,5.2631578947368425,162,159,9,0,150,146,86184,12,0,0,12,13
2020-07-11,US,Pennsylvania,Lebanon,1429,50,0,40.36680311,-76.45651841,42075.0,1007.8071555013294,3.4989503149055285,1379,1419,48,0,1371,1404,141314,10,2,0,8,15
2020-07-11,US,Pennsylvania,Lehigh,4424,324,0,40.6154815,-75.59435245,42077.0,1197.8836666504205,7.32368896925859,4100,4391,319,0,4072,4370,368100,33,5,0,28,21
2020-07-11,US,Pennsylvania,Luzerne,3002,181,0,41.17823008,-75.98447579,42079.0,945.7590488222118,6.029313790806129,2821,2992,181,0,2811,2979,317646,10,0,0,10,13
2020-07-11,US,Pennsylvania,Lycoming,240,20,0,41.34310539,-77.06629984,42081.0,211.8288775717349,8.333333333333334,220,239,20,0,219,234,113664,1,0,0,1,5
2020-07-11,US,Pennsylvania,McKean,20,1,0,41.80938602,-78.56478358,42083.0,49.23076923076921,5.0,19,20,1,0,19,20,40968,0,0,0,0,0
2020-07-11,US,Pennsylvania,Mercer,166,6,0,41.30248872,-80.25816981,42085.0,151.7034654189209,3.614457831325301,160,162,6,0,156,161,110683,4,0,0,4,1
2020-07-11,US,Pennsylvania,Mifflin,72,1,0,40.61116939,-77.61070738,42087.0,156.05357839524902,1.3888888888888888,71,70,1,0,69,70,46222,2,0,0,2,0
2020-07-11,US,Pennsylvania,Monroe,1470,111,0,41.05934058,-75.34031025,42089.0,863.3296333491902,7.551020408163265,1359,1462,111,0,1351,1456,169507,8,0,0,8,6
2020-07-11,US,Pennsylvania,Montgomery,8828,829,0,40.21053671,-75.36652296,42091.0,1062.4432101959887,9.390575441776166,7999,8790,826,0,7964,8749,828604,38,3,0,35,41
2020-07-11,US,Pennsylvania,Montour,77,2,0,41.03023987,-76.66345939,42093.0,422.38069116840376,2.5974025974025974,75,77,2,0,75,76,18240,0,0,0,0,1
2020-07-11,US,Pennsylvania,Northampton,3546,279,0,40.75182733,-75.30471829,42095.0,1161.5375796386982,7.868020304568528,3267,3527,278,0,3249,3513,304807,19,1,0,18,14
2020-07-11,US,Pennsylvania,Northumberland,343,8,0,40.84785433,-76.70798222,42097.0,377.5744966590712,2.332361516034985,335,342,8,0,334,339,91083,1,0,0,1,3
2020-07-11,US,Pennsylvania,Perry,91,5,0,40.40206612,-77.26297447,42099.0,196.66320885200557,5.494505494505495,86,90,5,0,85,89,46139,1,0,0,1,1
2020-07-11,US,Pennsylvania,Philadelphia,27367,1636,0,40.00338507,-75.1379271,42101.0,1727.6448426326208,5.9780027039865535,25731,27341,1635,0,25706,27228,1584138,26,1,0,25,113
2020-07-11,US,Pennsylvania,Pike,504,21,0,41.33155042,-75.03208106,42103.0,903.0801483631673,4.166666666666667,483,504,21,0,483,504,55933,0,0,0,0,0
2020-07-11,US,Pennsylvania,Potter,18,0,0,41.74471626,-77.89559864,42105.0,108.91927871233207,0.0,18,17,0,0,17,17,16622,1,0,0,1,0
2020-07-11,US,Pennsylvania,Schuylkill,773,47,0,40.70497338,-76.2150785,42107.0,546.834655027271,6.0802069857697285,726,769,47,0,722,765,142067,4,0,0,4,4
2020-07-11,US,Pennsylvania,Snyder,72,2,0,40.77129231,-77.06840691,42109.0,178.3414247498266,2.7777777777777777,70,72,2,0,70,72,40540,0,0,0,0,0
2020-07-11,US,Pennsylvania,Somerset,76,1,0,39.97172723,-79.02699593,42111.0,103.47597587375931,1.3157894736842106,75,73,1,0,72,69,73952,3,0,0,3,4
2020-07-11,US,Pennsylvania,Sullivan,10,0,0,41.44634738,-76.51246591,42113.0,164.85328058028355,0.0,10,10,0,0,10,10,6071,0,0,0,0,0
2020-07-11,US,Pennsylvania,Susquehanna,193,25,0,41.82147784,-75.80071959,42115.0,478.57567942868485,12.953367875647668,168,192,25,0,167,190,40589,1,0,0,1,2
2020-07-11,US,Pennsylvania,Tioga,29,2,0,41.77255149,-77.25433032,42117.0,71.4444088591067,6.896551724137932,27,27,2,0,25,27,40763,2,0,0,2,0
2020-07-11,US,Pennsylvania,Union,98,2,0,40.96188846,-77.05996014,42119.0,218.15105847783985,2.0408163265306123,96,97,2,0,95,97,44785,1,0,0,1,0
2020-07-11,US,Pennsylvania,Venango,35,0,0,41.40323442,-79.75845449,42121.0,69.07712954922239,0.0,35,34,0,0,34,35,51266,1,0,0,1,-1
2020-07-11,US,Pennsylvania,Warren,9,1,0,41.81304978,-79.26969577,42123.0,22.964456125130766,11.111111111111109,8,9,1,0,8,7,39498,0,0,0,0,2
2020-07-11,US,Pennsylvania,Washington,430,6,0,40.19208869,-80.24582867,42125.0,207.86503275082782,1.3953488372093024,424,410,6,0,404,366,207346,20,0,0,20,44
2020-07-11,US,Pennsylvania,Wayne,141,8,0,41.64938475,-75.29956506,42127.0,274.52736512139563,5.673758865248227,133,141,8,0,133,141,51276,0,0,0,0,0
2020-07-11,US,Pennsylvania,Westmoreland,975,39,0,40.31377979999999,-79.46615476,42129.0,279.45050000143306,4.0,936,952,39,0,913,917,350611,23,0,0,23,35
2020-07-11,US,Pennsylvania,Wyoming,44,7,0,41.51955538,-76.01074915,42131.0,164.21586922445326,15.909090909090908,37,42,7,0,35,41,27046,2,0,0,2,1
2020-07-11,US,Pennsylvania,York,1830,62,0,39.9210089,-76.73040131,42133.0,407.51974132517404,3.387978142076503,1768,1791,61,0,1730,1714,448273,39,1,0,38,77
2020-07-11,US,Rhode Island,Bristol,256,0,0,41.71018079,-71.28652315,44001.0,528.0636976835331,0.0,256,256,0,0,256,256,48649,0,0,0,0,0
2020-07-11,US,Rhode Island,Kent,1234,0,0,41.67106337,-71.57641596,44003.0,751.1016969785504,0.0,1234,1234,0,0,1234,1234,163861,0,0,0,0,0
2020-07-11,US,Rhode Island,Newport,331,0,0,41.5642026,-71.26569799,44005.0,403.25528130406167,0.0,331,331,0,0,331,331,82542,0,0,0,0,0
2020-07-11,US,Rhode Island,Providence,13144,0,0,41.87064746,-71.57753536,44007.0,2057.1861437307,0.0,13144,13144,0,0,13144,13144,636084,0,0,0,0,0
2020-07-11,US,Rhode Island,Unassigned,1809,976,0,0.0,0.0,90044.0,0.0,53.95245992260918,833,1809,976,0,833,1740,,0,0,0,0,69
2020-07-11,US,Rhode Island,Washington,538,0,0,41.45961631,-71.61435303,44009.0,428.4224021914842,0.0,538,538,0,0,538,538,126179,0,0,0,0,0
2020-07-11,US,South Carolina,Abbeville,150,1,0,34.22333378,-82.46170658,45001.0,611.5709218412362,0.6666666666666666,149,141,1,0,140,138,24541,9,0,0,9,3
2020-07-11,US,South Carolina,Aiken,636,13,0,33.54338026,-81.63645384,45003.0,372.2084367245657,2.0440251572327046,623,599,11,0,588,575,169401,37,2,0,35,24
2020-07-11,US,South Carolina,Allendale,83,3,0,32.98837386,-81.35321066,45005.0,955.340699815838,3.614457831325301,80,75,3,0,72,73,8903,8,0,0,8,2
2020-07-11,US,South Carolina,Anderson,995,19,0,34.51828081,-82.63959517,45007.0,491.21733034488886,1.9095477386934676,976,943,19,0,924,908,200482,52,0,0,52,35
2020-07-11,US,South Carolina,Bamberg,171,2,0,33.21927586,-81.05659969,45009.0,1215.6974264183134,1.1695906432748535,169,160,2,0,158,158,14275,11,0,0,11,2
2020-07-11,US,South Carolina,Barnwell,130,1,0,33.26679302,-81.43584352,45011.0,623.0230997795456,0.7692307692307693,129,114,1,0,113,106,21112,16,0,0,16,8
2020-07-11,US,South Carolina,Beaufort,1919,23,0,32.39226291,-80.72619758,45013.0,998.8444842339765,1.1985409067222512,1896,1814,23,0,1791,1723,188715,105,0,0,105,91
2020-07-11,US,South Carolina,Berkeley,2106,25,0,33.20222596,-79.94654523,45015.0,924.0611301978439,1.1870845204178535,2081,2019,25,0,1994,1908,221091,87,0,0,87,111
2020-07-11,US,South Carolina,Calhoun,148,2,0,33.66926881,-80.77722168,45017.0,1016.9724455438741,1.351351351351351,146,140,2,0,138,117,14520,8,0,0,8,23
2020-07-11,US,South Carolina,Charleston,7272,59,0,32.82487866,-79.96512315,45019.0,1767.596972333899,0.8113311331133113,7213,6961,52,0,6909,6699,405905,311,7,0,304,262
2020-07-11,US,South Carolina,Cherokee,240,9,0,35.05122251,-81.61828622,45021.0,418.84816753926697,3.75,231,235,9,0,226,226,57078,5,0,0,5,9
2020-07-11,US,South Carolina,Chester,273,3,0,34.69249168,-81.1583216,45023.0,846.6691477484183,1.0989010989010992,270,261,2,0,259,247,32251,12,1,0,11,14
2020-07-11,US,South Carolina,Chesterfield,438,15,0,34.64137396,-80.15640140000002,45025.0,959.4742606790801,3.4246575342465757,423,432,15,0,417,422,45754,6,0,0,6,10
2020-07-11,US,South Carolina,Clarendon,481,45,0,33.66610974,-80.21647898,45027.0,1425.396355015558,9.355509355509355,436,463,45,0,418,462,33700,18,0,0,18,1
2020-07-11,US,South Carolina,Colleton,458,22,0,32.87582989,-80.67641292,45029.0,1215.5957215277224,4.80349344978166,436,432,22,0,410,423,37660,26,0,0,26,9
2020-07-11,US,South Carolina,Darlington,548,17,0,34.33358335,-79.96027485,45031.0,822.6004983638057,3.102189781021898,531,531,17,0,514,519,66802,17,0,0,17,12
2020-07-11,US,South Carolina,Dillon,376,14,0,34.39007791,-79.37741872,45033.0,1233.6362741559765,3.723404255319149,362,370,13,0,357,363,30599,6,1,0,5,7
2020-07-11,US,South Carolina,Dorchester,1442,8,0,33.0794369,-80.40502652,45035.0,885.7004219668446,0.5547850208044383,1434,1357,8,0,1349,1295,160647,85,0,0,85,62
2020-07-11,US,South Carolina,Edgefield,121,4,0,33.77221995,-81.96231108,45037.0,443.87380777696256,3.3057851239669422,117,110,4,0,106,108,27052,11,0,0,11,2
2020-07-11,US,South Carolina,Fairfield,360,22,0,34.39287073,-81.1195624,45039.0,1610.9544905356424,6.111111111111112,338,335,22,0,313,331,22402,25,0,0,25,4
2020-07-11,US,South Carolina,Florence,1570,58,0,34.02361754,-79.70189312,45041.0,1135.2707656931298,3.694267515923567,1512,1525,58,0,1467,1492,138159,45,0,0,45,33
2020-07-11,US,South Carolina,Georgetown,768,7,0,33.43443342,-79.33202141,45043.0,1225.271218889598,0.9114583333333334,761,729,7,0,722,724,62249,39,0,0,39,5
2020-07-11,US,South Carolina,Greenville,6929,103,0,34.89502264,-82.37295012,45045.0,1323.4850308093714,1.486505989320248,6826,6653,103,0,6550,6443,514213,276,0,0,276,210
2020-07-11,US,South Carolina,Greenwood,767,7,0,34.15272415,-82.12715789,45047.0,1083.1650449788874,0.9126466753585396,760,697,7,0,690,669,70741,70,0,0,70,28
2020-07-11,US,South Carolina,Hampton,101,3,0,32.77419582,-81.13845571,45049.0,525.4396004578089,2.9702970297029703,98,92,3,0,89,93,19351,9,0,0,9,-1
2020-07-11,US,South Carolina,Horry,5585,72,0,33.9212828,-78.99555293,45051.0,1577.3227029973368,1.2891674127126231,5513,5377,67,0,5310,5205,344147,208,5,0,203,172
2020-07-11,US,South Carolina,Jasper,258,3,0,32.43171982,-81.02487495,45053.0,857.9124131280548,1.162790697674419,255,248,3,0,245,221,28971,10,0,0,10,27
2020-07-11,US,South Carolina,Kershaw,846,17,0,34.33988254,-80.58763164,45055.0,1271.2055416147016,2.0094562647754137,829,832,17,0,815,822,65592,14,0,0,14,10
2020-07-11,US,South Carolina,Lancaster,634,15,0,34.68270843,-80.70513032,45057.0,646.8595682161368,2.3659305993690847,619,612,14,0,598,594,95380,22,1,0,21,18
2020-07-11,US,South Carolina,Laurens,733,14,0,34.48244419,-82.00490796,45059.0,1086.0385521461483,1.9099590723055933,719,692,14,0,678,667,66994,41,0,0,41,25
2020-07-11,US,South Carolina,Lee,337,22,0,34.16393091,-80.25690731,45061.0,2002.6146898027093,6.528189910979228,315,340,22,0,318,331,17142,-3,0,0,-3,9
2020-07-11,US,South Carolina,Lexington,2834,59,0,33.89665987,-81.27146426,45063.0,948.6192468619247,2.0818630910374027,2775,2750,57,0,2693,2677,295032,84,2,0,82,73
2020-07-11,US,South Carolina,Marion,304,9,0,34.07859748,-79.36400756,45067.0,991.6169227256418,2.9605263157894735,295,299,9,0,290,294,31039,5,0,0,5,5
2020-07-11,US,South Carolina,Marlboro,329,4,0,34.59905577,-79.67561152,45069.0,1259.6676621487095,1.2158054711246202,325,328,4,0,324,328,26398,1,0,0,1,0
2020-07-11,US,South Carolina,McCormick,43,2,0,33.90161443,-82.30794338,45065.0,454.40135263658476,4.651162790697675,41,36,2,0,34,32,9410,7,0,0,7,4
2020-07-11,US,South Carolina,Newberry,393,5,0,34.28629098,-81.59935761,45071.0,1022.372528616025,1.272264631043257,388,377,5,0,372,355,38520,16,0,0,16,22
2020-07-11,US,South Carolina,Oconee,428,1,0,34.75225169,-83.06742317,45073.0,538.0534533477485,0.2336448598130841,427,411,1,0,410,373,78374,17,0,0,17,38
2020-07-11,US,South Carolina,Orangeburg,1140,21,0,33.4391073,-80.79886287,45075.0,1322.8894691035682,1.8421052631578947,1119,1066,20,0,1046,1028,86934,74,1,0,73,38
2020-07-11,US,South Carolina,Pickens,1150,7,0,34.88807695,-82.72791551,45077.0,906.3396488130893,0.6086956521739131,1143,1115,7,0,1108,1072,124937,35,0,0,35,43
2020-07-11,US,South Carolina,Richland,4722,98,0,34.01791263,-80.90267209,45079.0,1135.7541267897984,2.0753917831427358,4624,4571,97,0,4474,4470,414576,151,1,0,150,101
2020-07-11,US,South Carolina,Saluda,272,2,0,34.00795823,-81.72713237,45081.0,1328.5791041860014,0.7352941176470589,270,259,2,0,257,254,20544,13,0,0,13,5
2020-07-11,US,South Carolina,Spartanburg,2363,58,0,34.92960077,-81.99225984,45083.0,738.9339712619417,2.4545069826491748,2305,2238,58,0,2180,2158,313888,125,0,0,125,80
2020-07-11,US,South Carolina,Sumter,1373,30,0,33.91826534,-80.37942316,45085.0,1286.532172674544,2.184996358339403,1343,1313,29,0,1284,1305,106512,60,1,0,59,8
2020-07-11,US,South Carolina,Union,153,0,0,34.68835752,-81.61730349,45087.0,560.1112900863964,0.0,153,138,0,0,138,133,27410,15,0,0,15,5
2020-07-11,US,South Carolina,Williamsburg,481,15,0,33.62190129,-79.72767442,45089.0,1583.9041095890411,3.1185031185031185,466,469,15,0,454,465,30606,12,0,0,12,4
2020-07-11,US,South Carolina,York,1839,12,0,34.97281497,-81.18085944,45091.0,654.4973111869571,0.6525285481239804,1827,1760,12,0,1748,1685,274118,79,0,0,79,75
2020-07-11,US,South Dakota,Aurora,34,0,0,43.71757685,-98.56050467,46003.0,1235.9142130134496,0.0,34,34,0,0,34,34,2801,0,0,0,0,0
2020-07-11,US,South Dakota,Beadle,551,8,0,44.41464384,-98.27858469,46005.0,2985.964341841435,1.4519056261343013,543,551,7,0,544,551,18883,0,1,0,-1,0
2020-07-11,US,South Dakota,Bennett,4,0,0,43.19486375,-101.6665572,46007.0,118.87072808320951,0.0,4,4,0,0,4,4,3468,0,0,0,0,0
2020-07-11,US,South Dakota,Bon Homme,13,0,0,42.98914167,-97.88592746,46009.0,188.37849587016373,0.0,13,13,0,0,13,13,6980,0,0,0,0,0
2020-07-11,US,South Dakota,Brookings,94,0,0,44.36974375,-96.79079945,46011.0,267.98186846081484,0.0,94,90,0,0,90,86,35232,4,0,0,4,4
2020-07-11,US,South Dakota,Brown,356,2,0,45.58994323,-98.35165355,46013.0,916.6044439867143,0.5617977528089888,354,354,2,0,352,352,39316,2,0,0,2,2
2020-07-11,US,South Dakota,Brule,33,0,0,43.71756379,-99.08118954,46015.0,622.9941476307342,0.0,33,33,0,0,33,33,5229,0,0,0,0,0
2020-07-11,US,South Dakota,Buffalo,85,3,0,44.07657829,-99.20814467,46017.0,4332.313965341488,3.5294117647058822,82,83,3,0,80,84,2036,2,0,0,2,-1
2020-07-11,US,South Dakota,Butte,3,0,0,44.90608745,-103.5079318,46019.0,28.765941125707158,0.0,3,2,0,0,2,1,10222,1,0,0,1,1
2020-07-11,US,South Dakota,Campbell,1,0,0,45.77074915,-100.0510181,46021.0,72.67441860465118,0.0,1,1,0,0,1,1,1377,0,0,0,0,0
2020-07-11,US,South Dakota,Charles Mix,96,0,0,43.20660134,-98.58856175,46023.0,1033.1467929401636,0.0,96,96,0,0,96,96,9338,0,0,0,0,0
2020-07-11,US,South Dakota,Clark,15,0,0,44.85834507,-97.72925109,46025.0,401.4989293361885,0.0,15,15,0,0,15,15,3739,0,0,0,0,0
2020-07-11,US,South Dakota,Clay,93,0,0,42.91296147,-96.97656917,46027.0,660.9808102345414,0.0,93,93,0,0,93,92,14041,0,0,0,0,1
2020-07-11,US,South Dakota,Codington,92,0,0,44.97788119,-97.18827677,46029.0,328.46585026241564,0.0,92,92,0,0,92,90,28015,0,0,0,0,2
2020-07-11,US,South Dakota,Corson,20,0,0,45.70889983,-101.1970473,46031.0,489.47626040137055,0.0,20,19,0,0,19,19,4165,1,0,0,1,0
2020-07-11,US,South Dakota,Custer,10,0,0,43.67741105,-103.4534521,46033.0,111.45786892554614,0.0,10,10,0,0,10,10,8726,0,0,0,0,0
2020-07-11,US,South Dakota,Davison,54,0,0,43.67490933,-98.14458906,46035.0,273.07206068268016,0.0,54,52,0,0,52,51,19790,2,0,0,2,1
2020-07-11,US,South Dakota,Day,19,0,0,45.367281,-97.60737498,46037.0,350.29498525073745,0.0,19,19,0,0,19,19,5505,0,0,0,0,0
2020-07-11,US,South Dakota,Deuel,5,0,0,44.75994309,-96.66943645,46039.0,114.91611123879568,0.0,5,4,0,0,4,4,4337,1,0,0,1,0
2020-07-11,US,South Dakota,Dewey,33,0,0,45.15639647,-100.8709139,46041.0,560.081466395112,0.0,33,33,0,0,33,27,5904,0,0,0,0,6
2020-07-11,US,South Dakota,Douglas,10,0,0,43.38520741,-98.36978007,46043.0,342.3485107839781,0.0,10,10,0,0,10,10,2935,0,0,0,0,0
2020-07-11,US,South Dakota,Edmunds,8,0,0,45.41846445,-99.21545423,46045.0,208.9318359885088,0.0,8,8,0,0,8,8,3875,0,0,0,0,0
2020-07-11,US,South Dakota,Fall River,13,0,0,43.23929297,-103.5275691,46047.0,193.65410397735738,0.0,13,13,0,0,13,13,6758,0,0,0,0,0
2020-07-11,US,South Dakota,Faulk,24,1,0,45.07082625,-99.14535601,46049.0,1043.9321444106133,4.166666666666667,23,24,1,0,23,23,2330,0,0,0,0,1
2020-07-11,US,South Dakota,Grant,16,0,0,45.1723937,-96.77002276,46051.0,226.88598979013042,0.0,16,16,0,0,16,16,7147,0,0,0,0,0
2020-07-11,US,South Dakota,Gregory,5,0,0,43.19419064,-99.18883902,46053.0,119.47431302270012,0.0,5,5,0,0,5,5,4212,0,0,0,0,0
2020-07-11,US,South Dakota,Haakon,1,0,0,44.29299053,-101.539099,46055.0,52.6592943654555,0.0,1,1,0,0,1,1,1918,0,0,0,0,0
2020-07-11,US,South Dakota,Hamlin,13,0,0,44.67385954,-97.18829593,46057.0,210.90201168072682,0.0,13,13,0,0,13,13,6111,0,0,0,0,0
2020-07-11,US,South Dakota,Hand,7,0,0,44.54708407,-99.00386459,46059.0,219.36696960200558,0.0,7,7,0,0,7,7,3262,0,0,0,0,0
2020-07-11,US,South Dakota,Hanson,13,0,0,43.6746384,-97.78715148,46061.0,376.4842166232262,0.0,13,13,0,0,13,13,3376,0,0,0,0,0
2020-07-11,US,South Dakota,Hughes,69,2,0,44.39091534,-99.99661148,46065.0,393.70078740157476,2.898550724637681,67,68,2,0,66,68,17650,1,0,0,1,0
2020-07-11,US,South Dakota,Hutchinson,15,0,0,43.33449012,-97.75536441,46067.0,205.73309559731172,0.0,15,15,0,0,15,15,7380,0,0,0,0,0
2020-07-11,US,South Dakota,Hyde,3,0,0,44.54747703,-99.48572582,46069.0,230.59185242121444,0.0,3,3,0,0,3,3,1282,0,0,0,0,0
2020-07-11,US,South Dakota,Jackson,6,1,0,43.69318385,-101.6255063,46071.0,179.42583732057415,16.666666666666668,5,6,1,0,5,6,3307,0,0,0,0,0
2020-07-11,US,South Dakota,Jerauld,39,1,0,44.06637798,-98.62965972,46073.0,1937.4068554396426,2.5641025641025643,38,39,1,0,38,39,2043,0,0,0,0,0
2020-07-11,US,South Dakota,Jones,1,0,0,43.96278565,-100.6940008,46075.0,110.74197120708747,0.0,1,1,0,0,1,1,928,0,0,0,0,0
2020-07-11,US,South Dakota,Kingsbury,6,0,0,44.36956169,-97.4913945,46077.0,121.48208139299452,0.0,6,6,0,0,6,6,4919,0,0,0,0,0
2020-07-11,US,South Dakota,Lake,29,1,0,44.02193107,-97.12926365,46079.0,226.6156130343049,3.4482758620689653,28,26,1,0,25,23,13057,3,0,0,3,3
2020-07-11,US,South Dakota,Lawrence,20,0,0,44.35919441,-103.7929428,46081.0,77.3874013310633,0.0,20,19,0,0,19,19,25741,1,0,0,1,0
2020-07-11,US,South Dakota,Lincoln,390,1,0,43.27841182,-96.7203905,46083.0,638.0054966627405,0.2564102564102564,389,384,1,0,383,381,58807,6,0,0,6,3
2020-07-11,US,South Dakota,Lyman,82,1,0,43.89522709,-99.85201878,46085.0,2168.7384289870406,1.2195121951219512,81,84,1,0,83,80,3821,-2,0,0,-2,4
2020-07-11,US,South Dakota,Marshall,5,0,0,45.75870838,-97.59855639,46091.0,101.31712259371834,0.0,5,5,0,0,5,5,5112,0,0,0,0,0
2020-07-11,US,South Dakota,McCook,16,1,0,43.6742571,-97.36863144,46087.0,286.4303616183315,6.25,15,15,1,0,14,15,5546,1,0,0,1,0
2020-07-11,US,South Dakota,McPherson,5,0,0,45.76626028,-99.22118798,46089.0,210.17234131988232,0.0,5,5,0,0,5,5,2407,0,0,0,0,0
2020-07-11,US,South Dakota,Meade,53,1,0,44.56676791,-102.7162741,46093.0,187.0676267118453,1.8867924528301887,52,53,1,0,52,53,28294,0,0,0,0,0
2020-07-11,US,South Dakota,Mellette,9,0,0,43.58078848,-100.7563186,46095.0,436.6812227074236,0.0,9,6,0,0,6,6,2042,3,0,0,3,0
2020-07-11,US,South Dakota,Miner,10,0,0,44.02197882,-97.60992207,46097.0,451.2635379061372,0.0,10,10,0,0,10,10,2213,0,0,0,0,0
2020-07-11,US,South Dakota,Minnehaha,3751,60,0,43.67441641,-96.7910885,46099.0,1942.1748630484533,1.5995734470807783,3691,3738,60,0,3678,3723,192876,13,0,0,13,15
2020-07-11,US,South Dakota,Moody,23,0,0,44.02266214,-96.67081159,46101.0,349.7566909975669,0.0,23,23,0,0,23,23,6579,0,0,0,0,0
2020-07-11,US,South Dakota,Oglala Lakota,109,0,0,43.33749164,-102.5555498,46102.0,768.8509557734358,0.0,109,108,0,0,108,108,14309,1,0,0,1,0
2020-07-11,US,South Dakota,Pennington,630,21,0,44.0025835,-102.8240777,46103.0,553.7244561634806,3.333333333333333,609,624,21,0,603,616,111729,6,0,0,6,8
2020-07-11,US,South Dakota,Perkins,1,0,0,45.49049506,-102.4755586,46105.0,34.904013961605585,0.0,1,,,,,,2922,,,,,
2020-07-11,US,South Dakota,Roberts,56,0,0,45.62975048,-96.94672673,46109.0,538.7723686742352,0.0,56,53,0,0,53,53,10447,3,0,0,3,0
2020-07-11,US,South Dakota,Sanborn,12,0,0,44.02351092,-98.0909816,46111.0,511.9453924914676,0.0,12,12,0,0,12,12,2429,0,0,0,0,0
2020-07-11,US,South Dakota,Spink,12,0,0,44.93837606,-98.34626602,46115.0,188.20577164366367,0.0,12,12,0,0,12,12,6495,0,0,0,0,0
2020-07-11,US,South Dakota,Stanley,14,0,0,44.41381872,-100.7349153,46117.0,451.9044544867656,0.0,14,14,0,0,14,14,3022,0,0,0,0,0
2020-07-11,US,South Dakota,Sully,1,0,0,44.71571812,-100.1278092,46119.0,71.89072609633357,0.0,1,1,0,0,1,1,1392,0,0,0,0,0
2020-07-11,US,South Dakota,Todd,65,2,0,43.19338568,-100.7195503,46121.0,638.6950967868722,3.0769230769230766,63,65,2,0,63,61,10283,0,0,0,0,4
2020-07-11,US,South Dakota,Tripp,19,0,0,43.34459388,-99.8854891,46123.0,349.2005146112847,0.0,19,19,0,0,19,18,5478,0,0,0,0,1
2020-07-11,US,South Dakota,Turner,29,0,0,43.3109081,-97.14865776,46125.0,345.89694656488547,0.0,29,28,0,0,28,28,8424,1,0,0,1,0
2020-07-11,US,South Dakota,Union,150,1,0,42.83112163,-96.6557828,46127.0,941.501380868692,0.6666666666666666,149,148,1,0,147,140,15619,2,0,0,2,8
2020-07-11,US,South Dakota,Walworth,16,0,0,45.43019636,-100.0307514,46129.0,294.3882244710212,0.0,16,16,0,0,16,16,5587,0,0,0,0,0
2020-07-11,US,South Dakota,Yankton,84,2,0,43.00924485,-97.39467635,46135.0,368.194968002104,2.380952380952381,82,84,1,0,83,83,22869,0,1,0,-1,1
2020-07-11,US,South Dakota,Ziebach,3,0,0,44.97881876,-101.6654622,46137.0,108.8534107402032,0.0,3,3,0,0,3,2,2742,0,0,0,0,1
2020-07-11,US,Tennessee,Anderson,195,2,0,36.12684348,-84.19965764,47001.0,253.31913014107928,1.0256410256410255,193,189,2,0,187,178,76482,6,0,0,6,11
2020-07-11,US,Tennessee,Bedford,623,9,0,35.51123746,-86.45549096,47003.0,1253.19332971255,1.4446227929373996,614,598,9,0,589,595,49038,25,0,0,25,3
2020-07-11,US,Tennessee,Benton,15,1,0,36.07110411,-88.06849355,47005.0,92.82178217821782,6.666666666666668,14,15,1,0,14,15,16184,0,0,0,0,0
2020-07-11,US,Tennessee,Bledsoe,629,1,0,35.59942968,-85.20611967,47007.0,4175.517790759426,0.1589825119236884,628,627,1,0,626,625,14755,2,0,0,2,2
2020-07-11,US,Tennessee,Blount,340,3,0,35.68938198,-83.92847788,47009.0,255.47006491945183,0.8823529411764706,337,306,3,0,303,280,131349,34,0,0,34,26
2020-07-11,US,Tennessee,Bradley,959,4,0,35.15739424,-84.857186,47011.0,887.0594764591617,0.4171011470281543,955,925,4,0,921,889,106727,34,0,0,34,36
2020-07-11,US,Tennessee,Campbell,69,1,0,36.40355516,-84.15108559999999,47013.0,173.18407710456302,1.4492753623188406,68,67,1,0,66,65,39583,2,0,0,2,2
2020-07-11,US,Tennessee,Cannon,49,0,0,35.80990797,-86.05738983,47015.0,333.8329472680202,0.0,49,46,0,0,46,45,14462,3,0,0,3,1
2020-07-11,US,Tennessee,Carroll,52,1,0,35.97366108,-88.45189331,47017.0,187.2726617927756,1.9230769230769231,51,52,1,0,51,51,28020,0,0,0,0,1
2020-07-11,US,Tennessee,Carter,103,1,0,36.28969086,-82.12588974,47019.0,182.65326027202926,0.9708737864077671,102,87,1,0,86,77,56351,16,0,0,16,10
2020-07-11,US,Tennessee,Cheatham,269,3,0,36.26136216,-87.08903581,47021.0,661.4699879509184,1.1152416356877324,266,264,3,0,261,252,40439,5,0,0,5,12
2020-07-11,US,Tennessee,Chester,63,0,0,35.42527478,-88.6095842,47023.0,364.22501011736136,0.0,63,59,0,0,59,53,17276,4,0,0,4,6
2020-07-11,US,Tennessee,Claiborne,68,0,0,36.48319149,-83.65947309,47025.0,212.77261491285708,0.0,68,68,0,0,68,61,31756,0,0,0,0,7
2020-07-11,US,Tennessee,Clay,20,0,0,36.55151008,-85.53930419,47027.0,262.6395272488509,0.0,20,18,0,0,18,18,7717,2,0,0,2,0
2020-07-11,US,Tennessee,Cocke,136,0,0,35.9278914,-83.11828725,47029.0,377.7358071325409,0.0,136,130,0,0,130,126,35774,6,0,0,6,4
2020-07-11,US,Tennessee,Coffee,141,0,0,35.49090731,-86.07311784,47031.0,249.46921443736733,0.0,141,137,0,0,137,134,55700,4,0,0,4,3
2020-07-11,US,Tennessee,Crockett,52,3,0,35.81830662,-89.14916269,47033.0,365.42515811665487,5.769230769230768,49,49,3,0,46,48,14328,3,0,0,3,1
2020-07-11,US,Tennessee,Cumberland,213,4,0,35.95271721,-84.99840585,47035.0,351.9497686715136,1.8779342723004693,209,200,4,0,196,196,59673,13,0,0,13,4
2020-07-11,US,Tennessee,Davidson,13162,143,0,36.17007426,-86.78646056,47037.0,1896.1483496219805,1.086461024160462,13019,12935,142,0,12793,12549,692587,227,1,0,226,386
2020-07-11,US,Tennessee,DeKalb,85,0,0,35.97616272,-85.83689361,47041.0,414.8365056124939,0.0,85,82,0,0,82,76,20138,3,0,0,3,6
2020-07-11,US,Tennessee,Decatur,27,0,0,35.60048904,-88.11043779,47039.0,231.50132898911087,0.0,27,28,0,0,28,28,11706,-1,0,0,-1,0
2020-07-11,US,Tennessee,Dickson,258,0,0,36.14669837,-87.35891709,47043.0,478.2383035515682,0.0,258,251,0,0,251,243,53446,7,0,0,7,8
2020-07-11,US,Tennessee,Dyer,291,3,0,36.05931946,-89.41542855,47045.0,783.1211819478458,1.0309278350515465,288,280,3,0,277,274,37320,11,0,0,11,6
2020-07-11,US,Tennessee,Fayette,368,5,0,35.19615831,-89.41399032,47047.0,894.6587897794957,1.358695652173913,363,357,3,0,354,346,40507,11,2,0,9,11
2020-07-11,US,Tennessee,Fentress,26,0,0,36.38128818,-84.92870012,47049.0,140.3660314203963,0.0,26,27,0,0,27,25,18217,-1,0,0,-1,2
2020-07-11,US,Tennessee,Franklin,116,3,0,35.15634626,-86.09201039,47051.0,274.8294162244124,2.586206896551724,113,110,3,0,107,104,41890,6,0,0,6,6
2020-07-11,US,Tennessee,Gibson,177,1,0,35.99438059,-88.93358327,47053.0,360.24667738587095,0.5649717514124294,176,166,1,0,165,158,49045,11,0,0,11,8
2020-07-11,US,Tennessee,Giles,103,1,0,35.20222469,-87.03992678,47055.0,349.57914743415694,0.9708737864077671,102,89,1,0,88,80,29503,14,0,0,14,9
2020-07-11,US,Tennessee,Grainger,56,0,0,36.27469206,-83.51254721,47057.0,240.1372212692968,0.0,56,55,0,0,55,50,23145,1,0,0,1,5
2020-07-11,US,Tennessee,Greene,151,2,0,36.17470125,-82.84691273,47059.0,218.62195775239255,1.3245033112582782,149,138,2,0,136,123,69087,13,0,0,13,15
2020-07-11,US,Tennessee,Grundy,65,2,0,35.38433717,-85.72142731,47061.0,484.09920309823485,3.0769230769230766,63,65,2,0,63,65,13346,0,0,0,0,0
2020-07-11,US,Tennessee,Hamblen,472,4,0,36.21990035,-83.26586179,47063.0,726.8919210275047,0.8474576271186439,468,447,4,0,443,422,64569,25,0,0,25,25
2020-07-11,US,Tennessee,Hamilton,3305,38,0,35.17670231,-85.16652245,47065.0,898.5764156996661,1.1497730711043872,3267,3196,37,0,3159,3088,364286,109,1,0,108,108
2020-07-11,US,Tennessee,Hancock,11,0,0,36.52692871,-83.22375847,47067.0,166.16314199395768,0.0,11,11,0,0,11,10,6549,0,0,0,0,1
2020-07-11,US,Tennessee,Hardeman,411,4,0,35.20772017,-88.99161161,47069.0,1640.7185628742511,0.97323600973236,407,400,4,0,396,381,25220,11,0,0,11,19
2020-07-11,US,Tennessee,Hardin,125,7,0,35.19732531,-88.18593755,47071.0,487.2914392639949,5.6,118,125,7,0,118,120,25776,0,0,0,0,5
2020-07-11,US,Tennessee,Hawkins,86,2,0,36.44355426,-82.94885298,47073.0,151.4457788891628,2.3255813953488373,84,83,2,0,81,79,56530,3,0,0,3,4
2020-07-11,US,Tennessee,Haywood,118,3,0,35.58332824,-89.28536625,47075.0,681.9232547387887,2.5423728813559316,115,113,2,0,111,111,17335,5,1,0,4,2
2020-07-11,US,Tennessee,Henderson,71,0,0,35.65581134,-88.38600175,47077.0,252.5162712949461,0.0,71,65,0,0,65,62,27847,6,0,0,6,3
2020-07-11,US,Tennessee,Henry,51,0,0,36.33160906,-88.30121797,47079.0,157.67506569794404,0.0,51,50,0,0,50,48,32358,1,0,0,1,2
2020-07-11,US,Tennessee,Hickman,103,0,0,35.80609681,-87.47643507,47081.0,409.0872984351418,0.0,103,101,0,0,101,98,25063,2,0,0,2,3
2020-07-11,US,Tennessee,Houston,20,0,0,36.28872054,-87.71878828,47083.0,243.8726984514084,0.0,20,20,0,0,20,19,8263,0,0,0,0,1
2020-07-11,US,Tennessee,Humphreys,39,2,0,36.03958805,-87.77992872,47085.0,209.8805295447207,5.128205128205129,37,39,2,0,37,38,18486,0,0,0,0,1
2020-07-11,US,Tennessee,Jackson,47,0,0,36.36380466,-85.67239905,47087.0,398.7782114372985,0.0,47,46,0,0,46,41,11758,1,0,0,1,5
2020-07-11,US,Tennessee,Jefferson,182,1,0,36.04818632,-83.45148924,47089.0,333.975594091201,0.5494505494505495,181,164,1,0,163,157,54012,18,0,0,18,7
2020-07-11,US,Tennessee,Johnson,46,0,0,36.45523950000001,-81.84886538,47091.0,258.6013042500562,0.0,46,45,0,0,45,44,17778,1,0,0,1,1
2020-07-11,US,Tennessee,Knox,1591,9,0,35.99508821,-83.94635435,47093.0,338.285354646799,0.5656819610307983,1582,1506,9,0,1497,1471,465289,85,0,0,85,35
2020-07-11,US,Tennessee,Lake,697,0,0,36.34180170000001,-89.48921915,47095.0,9934.43557582668,0.0,697,696,0,0,696,697,7411,1,0,0,1,-1
2020-07-11,US,Tennessee,Lauderdale,180,4,0,35.75893438,-89.63015909999999,47097.0,702.2197947957712,2.2222222222222223,176,175,4,0,171,172,25825,5,0,0,5,3
2020-07-11,US,Tennessee,Lawrence,232,6,0,35.21675201,-87.39787695,47099.0,525.5765484119432,2.586206896551724,226,227,6,0,221,202,43734,5,0,0,5,25
2020-07-11,US,Tennessee,Lewis,11,0,0,35.52853208,-87.49022694,47101.0,89.66416693837627,0.0,11,10,0,0,10,10,12086,1,0,0,1,0
2020-07-11,US,Tennessee,Lincoln,86,0,0,35.13738622,-86.58910106,47103.0,250.2473374847233,0.0,86,84,0,0,84,80,34117,2,0,0,2,4
2020-07-11,US,Tennessee,Loudon,332,2,0,35.73939663,-84.31145275,47105.0,614.0415772730637,0.6024096385542169,330,320,1,0,319,308,53054,12,1,0,11,12
2020-07-11,US,Tennessee,Macon,597,7,0,36.53157855,-86.00778595,47111.0,2426.6319811397448,1.1725293132328307,590,568,6,0,562,546,24265,29,1,0,28,22
2020-07-11,US,Tennessee,Madison,352,2,0,35.61181957,-88.84076036,47113.0,359.24232527759636,0.5681818181818182,350,347,2,0,345,340,97605,5,0,0,5,7
2020-07-11,US,Tennessee,Marion,94,4,0,35.12997174,-85.62265895,47115.0,325.1807520669733,4.25531914893617,90,91,4,0,87,90,28575,3,0,0,3,1
2020-07-11,US,Tennessee,Marshall,115,2,0,35.45798777,-86.76420988,47117.0,334.54545454545456,1.7391304347826086,113,108,2,0,106,104,33683,7,0,0,7,4
2020-07-11,US,Tennessee,Maury,454,3,0,35.6187413,-87.07462444,47119.0,471.0178758546277,0.6607929515418502,451,431,3,0,428,420,94340,23,0,0,23,11
2020-07-11,US,Tennessee,McMinn,276,19,0,35.42812616,-84.61520715,47107.0,513.0683719373908,6.884057971014492,257,270,18,0,252,257,53285,6,1,0,5,13
2020-07-11,US,Tennessee,McNairy,101,1,0,35.17468549,-88.5647812,47109.0,393.0878804390129,0.99009900990099,100,100,1,0,99,91,25832,1,0,0,1,9
2020-07-11,US,Tennessee,Meigs,38,0,0,35.51558739,-84.81482914,47121.0,305.90887135726933,0.0,38,37,0,0,37,35,12306,1,0,0,1,2
2020-07-11,US,Tennessee,Monroe,155,6,0,35.44550387,-84.24902965,47123.0,333.01106456117736,3.870967741935484,149,152,6,0,146,146,46357,3,0,0,3,6
2020-07-11,US,Tennessee,Montgomery,732,7,0,36.49609412,-87.38550661,47125.0,350.2509653433369,0.9562841530054644,725,712,7,0,705,658,205950,20,0,0,20,54
2020-07-11,US,Tennessee,Moore,21,0,0,35.27724699,-86.36230578,47127.0,323.6744759556104,0.0,21,17,0,0,17,17,6411,4,0,0,4,0
2020-07-11,US,Tennessee,Morgan,31,1,0,36.13248031,-84.64880098,47129.0,144.8395084801196,3.2258064516129035,30,30,1,0,29,29,21579,1,0,0,1,1
2020-07-11,US,Tennessee,Obion,119,2,0,36.35732446,-89.14921589,47131.0,395.7564268848316,1.680672268907563,117,118,2,0,116,118,30267,1,0,0,1,0
2020-07-11,US,Tennessee,Out of TN,1384,10,0,0.0,0.0,80047.0,0.0,0.7225433526011561,1374,1397,10,0,1387,1256,,-13,0,0,-13,141
2020-07-11,US,Tennessee,Overton,72,1,0,36.34117832,-85.28989535,47133.0,323.7264511487793,1.3888888888888888,71,70,1,0,69,68,22068,2,0,0,2,2
2020-07-11,US,Tennessee,Perry,37,0,0,35.63708728,-87.86139634,47135.0,458.14759782070325,0.0,37,37,0,0,37,35,8064,0,0,0,0,2
2020-07-11,US,Tennessee,Pickett,7,0,0,36.55606529,-85.07763299999998,47137.0,138.66877971473852,0.0,7,7,0,0,7,7,5082,0,0,0,0,0
2020-07-11,US,Tennessee,Polk,55,0,0,35.12245443,-84.52075859,47139.0,326.7585551330798,0.0,55,55,0,0,55,51,16898,0,0,0,0,4
2020-07-11,US,Tennessee,Putnam,1011,7,0,36.14005459,-85.50646123,47141.0,1259.8915820300329,0.6923837784371909,1004,1002,7,0,995,989,78843,9,0,0,9,13
2020-07-11,US,Tennessee,Rhea,315,0,0,35.60536161,-84.93076643,47143.0,949.7391986010193,0.0,315,303,0,0,303,294,33044,12,0,0,12,9
2020-07-11,US,Tennessee,Roane,81,0,0,35.84923189,-84.52458689,47145.0,151.73654040687873,0.0,81,80,0,0,80,75,53140,1,0,0,1,5
2020-07-11,US,Tennessee,Robertson,924,13,0,36.52454807,-86.87346725,47147.0,1286.6751145335804,1.406926406926407,911,901,13,0,888,882,71012,23,0,0,23,19
2020-07-11,US,Tennessee,Rutherford,3525,39,0,35.84591405,-86.4107263,47149.0,1060.8363302586636,1.1063829787234043,3486,3428,39,0,3389,3326,324890,97,0,0,97,102
2020-07-11,US,Tennessee,Scott,26,0,0,36.42325673,-84.50360494,47151.0,117.81765452238537,0.0,26,26,0,0,26,22,22039,0,0,0,0,4
2020-07-11,US,Tennessee,Sequatchie,49,0,0,35.36979721,-85.41022136,47153.0,326.1014241980567,0.0,49,45,0,0,45,43,14876,4,0,0,4,2
2020-07-11,US,Tennessee,Sevier,915,3,0,35.78077323,-83.52244332,47155.0,931.2977099236639,0.3278688524590164,912,884,3,0,881,863,97892,31,0,0,31,21
2020-07-11,US,Tennessee,Shelby,13423,223,0,35.1864775,-89.89692423,47157.0,1432.2969463254108,1.6613275720777767,13200,13113,219,0,12894,12842,935764,310,4,0,306,271
2020-07-11,US,Tennessee,Smith,150,2,0,36.25359775,-85.95411046,47159.0,744.158356898348,1.3333333333333333,148,148,2,0,146,139,19942,2,0,0,2,9
2020-07-11,US,Tennessee,Stewart,26,0,0,36.50235092,-87.83920548,47161.0,189.5734597156398,0.0,26,27,0,0,27,26,13561,-1,0,0,-1,1
2020-07-11,US,Tennessee,Sullivan,210,4,0,36.51240691,-82.30412917,47163.0,132.6192942127466,1.9047619047619049,206,189,2,0,187,178,157668,21,2,0,19,11
2020-07-11,US,Tennessee,Sumner,1897,56,0,36.46824103,-86.45917204,47165.0,991.7243037802627,2.9520295202952034,1841,1874,56,0,1818,1802,187149,23,0,0,23,72
2020-07-11,US,Tennessee,Tipton,696,7,0,35.501942,-89.73694895,47167.0,1129.888472215458,1.0057471264367817,689,692,6,0,686,674,61581,4,1,0,3,18
2020-07-11,US,Tennessee,Trousdale,1508,5,0,36.39026213,-86.16087954,47169.0,13364.05529953917,0.3315649867374005,1503,1506,5,0,1501,1505,11012,2,0,0,2,1
2020-07-11,US,Tennessee,Unassigned,910,2,0,0.0,0.0,90047.0,0.0,0.21978021978021975,908,936,2,0,934,837,,-26,0,0,-26,99
2020-07-11,US,Tennessee,Unicoi,59,0,0,36.10890856,-82.43709629,47171.0,329.92227254934846,0.0,59,56,0,0,56,56,17761,3,0,0,3,0
2020-07-11,US,Tennessee,Union,25,0,0,36.28590426,-83.83651902,47173.0,125.17524534348087,0.0,25,22,0,0,22,20,19688,3,0,0,3,2
2020-07-11,US,Tennessee,Van Buren,9,0,0,35.69864497,-85.45221699,47175.0,153.26975476839237,0.0,9,9,0,0,9,7,5765,0,0,0,0,2
2020-07-11,US,Tennessee,Warren,123,0,0,35.6728299,-85.77969117,47177.0,297.98677229449817,0.0,123,120,0,0,120,106,40878,3,0,0,3,14
2020-07-11,US,Tennessee,Washington,261,0,0,36.29472368,-82.49454720000001,47179.0,201.7391304347826,0.0,261,235,0,0,235,212,128607,26,0,0,26,23
2020-07-11,US,Tennessee,Wayne,115,0,0,35.23868267,-87.78644456,47181.0,689.7378995981528,0.0,115,110,0,0,110,99,16558,5,0,0,5,11
2020-07-11,US,Tennessee,Weakley,70,1,0,36.29896232,-88.71990865,47183.0,210.03360537686032,1.4285714285714286,69,69,1,0,68,69,33415,1,0,0,1,0
2020-07-11,US,Tennessee,White,85,3,0,35.92929884,-85.45591799,47185.0,310.84293289449624,3.5294117647058822,82,81,3,0,78,80,27107,4,0,0,4,1
2020-07-11,US,Tennessee,Williamson,1708,16,0,35.89099229,-86.89281867,47187.0,716.4068922705233,0.936768149882904,1692,1670,16,0,1654,1591,231729,38,0,0,38,79
2020-07-11,US,Tennessee,Wilson,1148,17,0,36.15496772,-86.29775884,47189.0,793.6014157628044,1.4808362369337982,1131,1130,17,0,1113,1099,140625,18,0,0,18,31
2020-07-11,US,Texas,Anderson,1796,3,0,31.81534745,-95.65354823,48001.0,3110.764700788084,0.16703786191536749,1793,1761,3,0,1758,1533,58057,35,0,0,35,228
2020-07-11,US,Texas,Andrews,155,2,0,32.30468633,-102.6376548,48003.0,828.6554397219994,1.2903225806451613,153,132,2,0,130,132,18128,23,0,0,23,0
2020-07-11,US,Texas,Angelina,743,9,0,31.25457347,-94.60901487,48005.0,856.8298448941936,1.2113055181695829,734,683,9,0,674,645,87092,60,0,0,60,38
2020-07-11,US,Texas,Aransas,50,0,0,28.10556197,-96.9995047,48007.0,212.6754572522331,0.0,50,50,0,0,50,49,23792,0,0,0,0,1
2020-07-11,US,Texas,Archer,10,0,0,33.61569967,-98.68754589,48009.0,116.918040453642,0.0,10,10,0,0,10,11,8786,0,0,0,0,-1
2020-07-11,US,Texas,Armstrong,3,0,0,34.96507426,-101.3574874,48011.0,158.9825119236884,0.0,3,3,0,0,3,3,1892,0,0,0,0,0
2020-07-11,US,Texas,Atascosa,207,2,0,28.89333001,-98.52730485,48013.0,404.66834789748395,0.966183574879227,205,197,2,0,195,188,50310,10,0,0,10,9
2020-07-11,US,Texas,Austin,128,0,0,29.88548725,-96.27736949,48015.0,426.212040490144,0.0,128,124,0,0,124,117,29989,4,0,0,4,7
2020-07-11,US,Texas,Bailey,112,1,0,34.06854817,-102.8299707,48017.0,1600.0,0.8928571428571429,111,112,1,0,111,111,7027,0,0,0,0,1
2020-07-11,US,Texas,Bandera,44,0,0,29.74619598,-99.24598147,48019.0,190.3772931810315,0.0,44,38,0,0,38,33,22824,6,0,0,6,5
2020-07-11,US,Texas,Bastrop,727,11,0,30.10370699,-97.31206354,48021.0,819.4042131127217,1.5130674002751032,716,689,8,0,681,659,86976,38,3,0,35,30
2020-07-11,US,Texas,Baylor,1,0,0,33.61640794,-99.21352901,48023.0,28.498147620404676,0.0,1,1,0,0,1,1,3582,0,0,0,0,0
2020-07-11,US,Texas,Bee,135,0,0,28.41761668,-97.74215593,48025.0,414.55550437586373,0.0,135,133,0,0,133,135,32587,2,0,0,2,-2
2020-07-11,US,Texas,Bell,2083,14,0,31.03736027,-97.4785025,48027.0,573.9493668095798,0.672107537205953,2069,1992,13,0,1979,1852,355642,91,1,0,90,140
2020-07-11,US,Texas,Bexar,18602,166,0,29.44928723,-98.52019748,48029.0,928.450144093945,0.8923771637458338,18436,18602,166,0,18436,17679,1986049,0,0,0,0,923
2020-07-11,US,Texas,Blanco,49,1,0,30.26640707,-98.3999852,48031.0,410.69482859777054,2.0408163265306123,48,49,1,0,48,50,11702,0,0,0,0,-1
2020-07-11,US,Texas,Bosque,41,0,0,31.89978581,-97.63613524,48035.0,219.4273481402194,0.0,41,37,0,0,37,36,18691,4,0,0,4,1
2020-07-11,US,Texas,Bowie,496,15,0,33.44626922,-94.41834132,48037.0,531.9320070781275,3.0241935483870965,481,484,15,0,469,471,94324,12,0,0,12,13
2020-07-11,US,Texas,Brazoria,3358,25,0,29.18757369,-95.44563172,48039.0,897.2276254194901,0.7444907683144729,3333,3272,24,0,3248,3146,370200,86,1,0,85,126
2020-07-11,US,Texas,Brazos,2901,35,0,30.663644800000004,-96.30205577,48041.0,1265.6460641068707,1.206480523957256,2866,2804,34,0,2770,2704,226758,97,1,0,96,100
2020-07-11,US,Texas,Brewster,150,1,0,29.81008251,-103.2520326,48043.0,1629.903292404651,0.6666666666666666,149,150,1,0,149,148,9267,0,0,0,0,2
2020-07-11,US,Texas,Briscoe,9,1,0,34.53026962,-101.2084947,48045.0,582.1474773609315,11.111111111111109,8,9,1,0,8,9,1516,0,0,0,0,0
2020-07-11,US,Texas,Brooks,37,0,0,27.03103197,-98.21808402,48047.0,521.6410545608346,0.0,37,35,0,0,35,29,7114,2,0,0,2,6
2020-07-11,US,Texas,Brown,171,13,0,31.77430356,-98.99907113,48049.0,451.61631100781744,7.60233918128655,158,156,13,0,143,156,37924,15,0,0,15,0
2020-07-11,US,Texas,Burleson,148,0,0,30.49273808,-96.62158484,48051.0,802.4724827847964,0.0,148,134,0,0,134,131,18389,14,0,0,14,3
2020-07-11,US,Texas,Burnet,230,3,0,30.78801353,-98.181887,48053.0,477.62433807496626,1.3043478260869563,227,217,3,0,214,215,47542,13,0,0,13,2
2020-07-11,US,Texas,Caldwell,645,5,0,29.83668859,-97.61814775,48055.0,1477.1894466837668,0.7751937984496124,640,604,5,0,599,580,43247,41,0,0,41,24
2020-07-11,US,Texas,Calhoun,153,3,0,28.47048236,-96.61633945,48057.0,718.6472522310944,1.96078431372549,150,143,3,0,140,126,21561,10,0,0,10,17
2020-07-11,US,Texas,Callahan,27,2,0,32.29760619,-99.37326312,48059.0,193.64555691027755,7.407407407407407,25,26,2,0,24,25,13994,1,0,0,1,1
2020-07-11,US,Texas,Cameron,3496,77,0,26.14524221,-97.48140372,48061.0,826.1591868854318,2.202517162471396,3419,3246,71,0,3175,3246,423908,250,6,0,244,0
2020-07-11,US,Texas,Camp,131,2,0,32.97195142,-94.97790104,48063.0,1000.458225141286,1.5267175572519085,129,130,2,0,128,130,13033,1,0,0,1,0
2020-07-11,US,Texas,Carson,10,0,0,35.40365929,-101.3542669,48065.0,168.74789065136684,0.0,10,10,0,0,10,10,6005,0,0,0,0,0
2020-07-11,US,Texas,Cass,52,2,0,33.07499881,-94.34646905,48067.0,173.18324119096783,3.8461538461538463,50,52,2,0,50,52,30119,0,0,0,0,0
2020-07-11,US,Texas,Castro,120,1,0,34.53016752,-102.2617243,48069.0,1593.6254980079682,0.8333333333333334,119,112,1,0,111,110,7665,8,0,0,8,2
2020-07-11,US,Texas,Chambers,555,2,0,29.70972016,-94.67154501,48071.0,1266.0537901772475,0.3603603603603603,553,548,2,0,546,469,42454,7,0,0,7,79
2020-07-11,US,Texas,Cherokee,357,2,0,31.837258,-95.16559897,48073.0,678.1141967101014,0.5602240896358543,355,331,2,0,329,286,52592,26,0,0,26,45
2020-07-11,US,Texas,Childress,7,0,0,34.529304100000004,-100.2077916,48075.0,95.81166164796059,0.0,7,7,0,0,7,7,7291,0,0,0,0,0
2020-07-11,US,Texas,Clay,16,0,0,33.78686685,-98.20771198,48077.0,152.80297965810334,0.0,16,14,0,0,14,13,10456,2,0,0,2,1
2020-07-11,US,Texas,Cochran,6,0,0,33.60425307,-102.8284499,48079.0,210.3049421661409,0.0,6,6,0,0,6,5,2836,0,0,0,0,1
2020-07-11,US,Texas,Coke,6,1,0,31.88911733,-100.5297533,48081.0,177.14791851195747,16.666666666666668,5,6,1,0,5,5,3370,0,0,0,0,1
2020-07-11,US,Texas,Coleman,5,0,0,31.76736834,-99.45240766,48083.0,61.162079510703364,0.0,5,5,0,0,5,4,8397,0,0,0,0,1
2020-07-11,US,Texas,Collin,4308,56,0,33.18820114,-96.57264368,48085.0,416.34049462178535,1.2999071494893222,4252,4108,56,0,4052,3948,1005146,200,0,0,200,160
2020-07-11,US,Texas,Collingsworth,6,0,0,34.96489496,-100.2700111,48087.0,205.4794520547945,0.0,6,6,0,0,6,6,2962,0,0,0,0,0
2020-07-11,US,Texas,Colorado,161,0,0,29.622098,-96.5273805,48089.0,749.0810961708463,0.0,161,152,0,0,152,143,21217,9,0,0,9,9
2020-07-11,US,Texas,Comal,952,21,0,29.80811278,-98.27647225,48091.0,609.4399170342298,2.2058823529411766,931,866,18,0,848,825,148373,86,3,0,83,41
2020-07-11,US,Texas,Comanche,102,2,0,31.94854689,-98.55876441,48093.0,748.0748074807483,1.96078431372549,100,95,2,0,93,85,13534,7,0,0,7,10
2020-07-11,US,Texas,Concho,13,0,0,31.32635934,-99.86473038,48095.0,476.88921496698464,0.0,13,13,0,0,13,13,4276,0,0,0,0,0
2020-07-11,US,Texas,Cooke,87,0,0,33.63979567,-97.21240912,48097.0,210.8733063480137,0.0,87,86,0,0,86,83,40574,1,0,0,1,3
2020-07-11,US,Texas,Coryell,398,2,0,31.39078397,-97.79936155,48099.0,524.0220668588959,0.5025125628140703,396,374,2,0,372,356,74808,24,0,0,24,18
2020-07-11,US,Texas,Cottle,4,1,0,34.07783319,-100.2785062,48101.0,286.12303290414883,25.0,3,4,1,0,3,4,1389,0,0,0,0,0
2020-07-11,US,Texas,Crane,64,9,0,31.43052248,-102.5143314,48103.0,1334.1671878257246,14.0625,55,63,9,0,54,62,4794,1,0,0,1,1
2020-07-11,US,Texas,Crockett,35,0,0,30.72367027,-101.4134238,48105.0,1010.3926096997693,0.0,35,29,0,0,29,18,3499,6,0,0,6,11
2020-07-11,US,Texas,Crosby,35,2,0,33.61431553,-101.3000364,48107.0,610.0749520655395,5.7142857142857135,33,33,1,0,32,34,5779,2,1,0,1,-1
2020-07-11,US,Texas,Culberson,6,1,0,31.44506775,-104.5185739,48109.0,276.3703362505757,16.666666666666668,5,6,0,0,6,6,2204,0,1,0,-1,0
2020-07-11,US,Texas,Dallam,116,1,0,36.27787176,-102.6020725,48111.0,1591.8759434609576,0.8620689655172413,115,116,1,0,115,104,7200,0,0,0,0,12
2020-07-11,US,Texas,Dallas,32626,449,0,32.76670599,-96.7779605,48113.0,1237.9359487857407,1.3762030282596702,32177,30361,436,0,29925,30361,2637772,2265,13,0,2252,0
2020-07-11,US,Texas,Dawson,83,1,0,32.74255572,-101.9477242,48115.0,652.1055939660591,1.2048192771084338,82,75,1,0,74,75,12619,8,0,0,8,0
2020-07-11,US,Texas,DeWitt,159,3,0,29.08101855,-97.3568117,48123.0,788.690476190476,1.8867924528301887,156,131,3,0,128,131,20187,28,0,0,28,0
2020-07-11,US,Texas,Deaf Smith,409,17,0,34.96522957,-102.6054267,48117.0,2205.3272942952663,4.156479217603913,392,403,17,0,386,401,18760,6,0,0,6,2
2020-07-11,US,Texas,Delta,7,0,0,33.38570922,-95.66921122,48119.0,131.30744700806602,0.0,7,7,0,0,7,7,5349,0,0,0,0,0
2020-07-11,US,Texas,Denton,3810,39,0,33.20521901,-97.11691153,48121.0,429.437549523392,1.0236220472440944,3771,3697,38,0,3659,3582,859064,113,1,0,112,115
2020-07-11,US,Texas,Dickens,2,0,0,33.61616822,-100.7788855,48125.0,90.45680687471732,0.0,2,2,0,0,2,2,2249,0,0,0,0,0
2020-07-11,US,Texas,Dimmit,31,0,0,28.42270064,-99.75645095,48127.0,306.2030817858554,0.0,31,30,0,0,30,25,10308,1,0,0,1,5
2020-07-11,US,Texas,Donley,32,0,0,34.96517499,-100.8140093,48129.0,976.2050030506406,0.0,32,28,0,0,28,28,3319,4,0,0,4,0
2020-07-11,US,Texas,Duval,75,0,0,27.68184592,-98.50864568,48131.0,672.2237160527022,0.0,75,74,0,0,74,70,11212,1,0,0,1,4
2020-07-11,US,Texas,Eastland,20,0,0,32.32743996,-98.83243566,48133.0,108.93246187363836,0.0,20,17,0,0,17,17,18322,3,0,0,3,0
2020-07-11,US,Texas,Ector,1235,14,0,31.86898877,-102.5429428,48135.0,742.9778069220264,1.1336032388663968,1221,1105,13,0,1092,1105,162124,130,1,0,129,0
2020-07-11,US,Texas,Edwards,4,0,0,29.98202582,-100.304252,48137.0,207.0393374741201,0.0,4,2,0,0,2,2,1928,2,0,0,2,0
2020-07-11,US,Texas,El Paso,9099,150,0,31.76980765,-106.2363275,48141.0,1084.1978080115534,1.6485328058028357,8949,8746,150,0,8596,8385,840758,353,0,0,353,361
2020-07-11,US,Texas,Ellis,1510,20,0,32.34894117,-96.79371841,48139.0,816.9846233754993,1.3245033112582782,1490,1485,20,0,1465,1424,179436,25,0,0,25,61
2020-07-11,US,Texas,Erath,272,1,0,32.23602653,-98.21773417,48143.0,637.0321794931847,0.36764705882352944,271,257,1,0,256,250,42446,15,0,0,15,7
2020-07-11,US,Texas,Falls,56,0,0,31.25350609,-96.93630086,48145.0,323.7555645487657,0.0,56,50,0,0,50,46,17335,6,0,0,6,4
2020-07-11,US,Texas,Fannin,137,8,0,33.59564294,-96.10751083,48147.0,385.7633609280847,5.8394160583941614,129,135,8,0,127,130,35286,2,0,0,2,5
2020-07-11,US,Texas,Fayette,151,3,0,29.87788372,-96.92076062,48149.0,595.7547542018465,1.9867549668874167,148,142,3,0,139,136,25349,9,0,0,9,6
2020-07-11,US,Texas,Fisher,13,1,0,32.74281316,-100.4019302,48151.0,339.42558746736285,7.6923076923076925,12,11,1,0,10,11,3839,2,0,0,2,0
2020-07-11,US,Texas,Floyd,52,1,0,34.07227468,-101.3031546,48153.0,910.3641456582633,1.9230769230769231,51,50,1,0,49,49,5837,2,0,0,2,1
2020-07-11,US,Texas,Foard,1,0,0,33.97308618,-99.7767797,48155.0,86.5800865800866,0.0,1,1,0,0,1,,1200,0,0,0,0,
2020-07-11,US,Texas,Fort Bend,4617,61,0,29.52704478,-95.77219463,48157.0,568.8146184248135,1.3212042451808534,4556,4524,61,0,4463,4413,787858,93,0,0,93,111
2020-07-11,US,Texas,Franklin,55,1,0,33.17653242,-95.21917243,48159.0,512.8205128205128,1.818181818181818,54,55,1,0,54,53,10766,0,0,0,0,2
2020-07-11,US,Texas,Freestone,73,0,0,31.70422788,-96.15072516,48161.0,370.2388801541817,0.0,73,69,0,0,69,64,19808,4,0,0,4,5
2020-07-11,US,Texas,Frio,338,0,0,28.86751206,-99.10804207,48163.0,1664.5326504481436,0.0,338,298,0,0,298,293,19816,40,0,0,40,5
2020-07-11,US,Texas,Gaines,43,0,0,32.74055318,-102.6353295,48165.0,200.07444630560212,0.0,43,39,0,0,39,39,20901,4,0,0,4,0
2020-07-11,US,Texas,Galveston,5630,54,0,29.40167322,-94.90469073,48167.0,1645.530033115196,0.9591474245115452,5576,5320,50,0,5270,5063,337890,310,4,0,306,257
2020-07-11,US,Texas,Garza,21,1,0,33.17969345,-101.2984114,48169.0,337.13276609407615,4.761904761904762,20,20,1,0,19,19,6578,1,0,0,1,1
2020-07-11,US,Texas,Gillespie,65,0,0,30.31824095,-98.94676915,48171.0,240.84778420038532,0.0,65,63,0,0,63,55,26804,2,0,0,2,8
2020-07-11,US,Texas,Glasscock,6,0,0,31.86942909,-101.5207776,48173.0,425.83392476934,0.0,6,6,0,0,6,6,1388,0,0,0,0,0
2020-07-11,US,Texas,Goliad,30,0,0,28.65696592,-97.42760647,48175.0,391.7471924784539,0.0,30,27,0,0,27,21,7584,3,0,0,3,6
2020-07-11,US,Texas,Gonzales,323,4,0,29.45634206,-97.49424032,48177.0,1550.1271776167391,1.238390092879257,319,318,4,0,314,316,20826,5,0,0,5,2
2020-07-11,US,Texas,Gray,133,4,0,35.40081878,-100.8129222,48179.0,607.6944165219775,3.0075187969924815,129,130,4,0,126,126,21895,3,0,0,3,4
2020-07-11,US,Texas,Grayson,731,7,0,33.62744998,-96.67753461,48181.0,536.6634364079523,0.957592339261286,724,708,7,0,701,695,133991,23,0,0,23,13
2020-07-11,US,Texas,Gregg,762,13,0,32.47940482,-94.81591935,48183.0,614.7888176207189,1.7060367454068242,749,728,13,0,715,682,123707,34,0,0,34,46
2020-07-11,US,Texas,Grimes,642,2,0,30.54579585,-95.98902499,48185.0,2222.9916897506923,0.3115264797507788,640,644,2,0,642,638,28360,-2,0,0,-2,6
2020-07-11,US,Texas,Guadalupe,1014,3,0,29.58165339,-97.94786822,48187.0,607.7424226986401,0.2958579881656805,1011,966,3,0,963,929,163694,48,0,0,48,37
2020-07-11,US,Texas,Hale,763,11,0,34.07044901,-101.8268114,48189.0,2284.020834580614,1.4416775884665791,752,707,8,0,699,661,33830,56,3,0,53,46
2020-07-11,US,Texas,Hall,2,1,0,34.5307555,-100.6813852,48191.0,67.47638326585695,50.0,1,2,1,0,1,2,3028,0,0,0,0,0
2020-07-11,US,Texas,Hamilton,32,1,0,31.70470573,-98.11083887,48193.0,378.2058858290983,3.125,31,28,1,0,27,28,8484,4,0,0,4,0
2020-07-11,US,Texas,Hansford,35,2,0,36.27743284,-101.3545796,48195.0,648.2681978144101,5.7142857142857135,33,32,2,0,30,31,5463,3,0,0,3,1
2020-07-11,US,Texas,Hardeman,5,0,0,34.28944521,-99.74632408,48197.0,127.12941774726671,0.0,5,5,0,0,5,5,3922,0,0,0,0,0
2020-07-11,US,Texas,Hardin,404,5,0,30.33364686,-94.38931817,48199.0,701.3645359536129,1.2376237623762376,399,369,5,0,364,306,57207,35,0,0,35,63
2020-07-11,US,Texas,Harris,43939,455,0,29.86,-95.39,48201.0,932.2293709854507,1.0355265254102275,43484,41999,439,0,41560,40918,4698619,1940,16,0,1924,1081
2020-07-11,US,Texas,Harrison,401,31,0,32.54935988,-94.36934071,48203.0,602.5273090619506,7.730673316708231,370,398,31,0,367,392,66726,3,0,0,3,6
2020-07-11,US,Texas,Hartley,55,2,0,35.84008013,-102.6029022,48205.0,986.3701578192253,3.636363636363636,53,55,2,0,53,45,5619,0,0,0,0,10
2020-07-11,US,Texas,Haskell,6,0,0,33.17823584,-99.73037358,48207.0,106.04453870625663,0.0,6,6,0,0,6,7,5813,0,0,0,0,-1
2020-07-11,US,Texas,Hays,3534,11,0,30.05669873,-98.02944344,48209.0,1535.2468167738964,0.31126202603282394,3523,3501,11,0,3490,3409,222631,33,0,0,33,92
2020-07-11,US,Texas,Hemphill,20,0,0,35.83764858,-100.2703577,48211.0,523.6973029588897,0.0,20,20,0,0,20,18,3825,0,0,0,0,2
2020-07-11,US,Texas,Henderson,256,4,0,32.21128872,-95.85846587,48213.0,309.4141677846672,1.5625,252,230,4,0,226,225,82299,26,0,0,26,5
2020-07-11,US,Texas,Hidalgo,7334,123,0,26.39418217,-98.18299696,48215.0,844.2432258517543,1.6771202617943823,7211,7334,123,0,7211,7334,865939,0,0,0,0,0
2020-07-11,US,Texas,Hill,143,2,0,31.99045053,-97.13423143,48217.0,390.1879996725695,1.3986013986013983,141,139,2,0,137,130,36354,4,0,0,4,9
2020-07-11,US,Texas,Hockley,108,1,0,33.60771256,-102.3431676,48219.0,469.13687502714913,0.925925925925926,107,99,1,0,98,96,22980,9,0,0,9,3
2020-07-11,US,Texas,Hood,185,5,0,32.42990927,-97.83242024,48221.0,300.11517933909766,2.702702702702702,180,169,5,0,164,162,60537,16,0,0,16,7
2020-07-11,US,Texas,Hopkins,79,1,0,33.14875072,-95.56351139,48223.0,213.02987811455074,1.2658227848101269,78,80,1,0,79,77,36810,-1,0,0,-1,3
2020-07-11,US,Texas,Houston,176,0,0,31.31925973,-95.42226208,48225.0,766.2835249042146,0.0,176,175,0,0,175,175,23169,1,0,0,1,0
2020-07-11,US,Texas,Howard,67,1,0,32.30621324,-101.4356444,48227.0,182.7405629500328,1.492537313432836,66,64,1,0,63,64,36459,3,0,0,3,0
2020-07-11,US,Texas,Hudspeth,17,0,0,31.45628381,-105.388178,48229.0,347.9328694228408,0.0,17,17,0,0,17,16,4795,0,0,0,0,1
2020-07-11,US,Texas,Hunt,697,8,0,33.12351514,-96.08551032,48231.0,706.9395703592511,1.147776183644189,689,666,8,0,658,637,96493,31,0,0,31,29
2020-07-11,US,Texas,Hutchinson,73,0,0,35.84006574,-101.3546643,48233.0,348.6483904861973,0.0,73,72,0,0,72,71,21198,1,0,0,1,1
2020-07-11,US,Texas,Irion,3,0,0,31.30375559,-100.982439,48235.0,195.3125,0.0,3,3,0,0,3,3,1522,0,0,0,0,0
2020-07-11,US,Texas,Jack,12,0,0,33.23377248,-98.17283469,48237.0,134.30330162283155,0.0,12,12,0,0,12,12,8843,0,0,0,0,0
2020-07-11,US,Texas,Jackson,89,1,0,28.95472367,-96.57749563,48239.0,602.9810298102982,1.1235955056179776,88,79,1,0,78,73,14874,10,0,0,10,6
2020-07-11,US,Texas,Jasper,70,1,0,30.74685667,-94.02667579,48241.0,197.02215091896758,1.4285714285714286,69,70,1,0,69,70,35872,0,0,0,0,0
2020-07-11,US,Texas,Jeff Davis,5,0,0,30.71490589,-104.1399973,48243.0,219.87686895338607,0.0,5,5,0,0,5,5,2252,0,0,0,0,0
2020-07-11,US,Texas,Jefferson,3532,39,0,29.8832777,-94.16434171,48245.0,1404.010891817224,1.1041902604756513,3493,3438,37,0,3401,3235,255001,94,2,0,92,203
2020-07-11,US,Texas,Jim Hogg,32,0,0,27.04453923,-98.6968187,48247.0,615.3846153846154,0.0,32,32,0,0,32,27,5248,0,0,0,0,5
2020-07-11,US,Texas,Jim Wells,261,0,0,27.73103938,-98.0904705,48249.0,644.7309915518008,0.0,261,260,0,0,260,242,40822,1,0,0,1,18
2020-07-11,US,Texas,Johnson,788,4,0,32.37877812,-97.36615819,48251.0,448.1932918887252,0.5076142131979695,784,769,4,0,765,782,171361,19,0,0,19,-13
2020-07-11,US,Texas,Jones,604,0,0,32.73997145,-99.87861576,48253.0,3007.518796992481,0.0,604,604,0,0,604,607,19817,0,0,0,0,-3
2020-07-11,US,Texas,Karnes,80,0,0,28.90705334,-97.85960149,48255.0,512.7876418178322,0.0,80,66,0,0,66,62,15650,14,0,0,14,4
2020-07-11,US,Texas,Kaufman,971,5,0,32.599141700000004,-96.28734728,48257.0,713.1630359739706,0.5149330587023687,966,952,5,0,947,927,128622,19,0,0,19,25
2020-07-11,US,Texas,Kendall,101,0,0,29.94414155,-98.7113588,48259.0,212.9409036284286,0.0,101,97,0,0,97,95,45641,4,0,0,4,2
2020-07-11,US,Texas,Kenedy,1,0,0,26.92601662,-97.66413984,48261.0,247.52475247524762,0.0,1,1,0,0,1,1,442,0,0,0,0,0
2020-07-11,US,Texas,Kerr,143,1,0,30.06040006,-99.34930144,48265.0,271.86311787072236,0.6993006993006993,142,134,1,0,133,129,52405,9,0,0,9,5
2020-07-11,US,Texas,Kimble,9,0,0,30.48678918,-99.74856473,48267.0,207.51671662439475,0.0,9,9,0,0,9,9,4362,0,0,0,0,0
2020-07-11,US,Texas,Kinney,3,0,0,29.34967888,-100.4186638,48271.0,81.81074447777475,0.0,3,3,0,0,3,3,3767,0,0,0,0,0
2020-07-11,US,Texas,Kleberg,159,1,0,27.42435506,-97.69894948,48273.0,518.2529335071708,0.6289308176100629,158,145,1,0,144,111,31129,14,0,0,14,34
2020-07-11,US,Texas,Knox,6,0,0,33.60519951,-99.7422906,48275.0,163.75545851528386,0.0,6,6,0,0,6,5,3653,0,0,0,0,1
2020-07-11,US,Texas,La Salle,76,0,0,28.34453111,-99.09908775,48283.0,1010.6382978723404,0.0,76,68,0,0,68,51,7531,8,0,0,8,17
2020-07-11,US,Texas,Lamar,392,14,0,33.66981763,-95.57404777,48277.0,786.217132313123,3.571428571428572,378,377,14,0,363,354,49728,15,0,0,15,23
2020-07-11,US,Texas,Lamb,75,0,0,34.06859623,-102.3516289,48279.0,581.711005972233,0.0,75,73,0,0,73,71,13158,2,0,0,2,2
2020-07-11,US,Texas,Lampasas,39,0,0,31.19531316,-98.24206613,48281.0,182.00485346275903,0.0,39,37,0,0,37,32,21229,2,0,0,2,5
2020-07-11,US,Texas,Lavaca,238,1,0,29.38508402,-96.93186692,48285.0,1180.9070159769772,0.4201680672268908,237,228,1,0,227,212,20110,10,0,0,10,16
2020-07-11,US,Texas,Lee,92,3,0,30.31120597,-96.97045773,48287.0,533.6736469632808,3.260869565217391,89,89,3,0,86,92,17144,3,0,0,3,-3
2020-07-11,US,Texas,Leon,96,0,0,31.29872538,-95.9936328,48289.0,551.5973339462191,0.0,96,87,0,0,87,82,17270,9,0,0,9,5
2020-07-11,US,Texas,Liberty,508,3,0,30.15152688,-94.81205615,48291.0,575.8396717260454,0.5905511811023622,505,482,3,0,479,464,86323,26,0,0,26,18
2020-07-11,US,Texas,Limestone,102,1,0,31.5454767,-96.58095444,48293.0,435.20928446473516,0.9803921568627452,101,93,1,0,92,86,23519,9,0,0,9,7
2020-07-11,US,Texas,Lipscomb,11,0,0,36.27783108,-100.2733151,48295.0,340.24126198577176,0.0,11,11,0,0,11,11,3355,0,0,0,0,0
2020-07-11,US,Texas,Live Oak,65,0,0,28.35101362,-98.1246786,48297.0,532.4813631522896,0.0,65,65,0,0,65,63,12166,0,0,0,0,2
2020-07-11,US,Texas,Llano,34,0,0,30.70645047,-98.68475262,48299.0,155.9990823583391,0.0,34,29,0,0,29,27,21646,5,0,0,5,2
2020-07-11,US,Texas,Lubbock,3524,60,0,33.61008596,-101.8204789,48303.0,1134.6914856279925,1.70261066969353,3464,3376,59,0,3317,3231,307412,148,1,0,147,145
2020-07-11,US,Texas,Lynn,53,1,0,33.17657705,-101.8162849,48305.0,890.6066207360108,1.8867924528301887,52,49,1,0,48,49,5877,4,0,0,4,0
2020-07-11,US,Texas,Madison,107,0,0,30.96694679,-95.93003775,48313.0,749.0898907868942,0.0,107,97,0,0,97,96,14422,10,0,0,10,1
2020-07-11,US,Texas,Marion,37,1,0,32.79868409,-94.3566123,48315.0,375.482037751167,2.702702702702702,36,37,1,0,36,37,9928,0,0,0,0,0
2020-07-11,US,Texas,Martin,25,1,0,32.30600051,-101.9513518,48317.0,433.20048518454337,4.0,24,24,1,0,23,22,5753,1,0,0,1,2
2020-07-11,US,Texas,Mason,35,0,0,30.71780434,-99.22629416,48319.0,818.9050070191857,0.0,35,35,0,0,35,35,4280,0,0,0,0,0
2020-07-11,US,Texas,Matagorda,348,5,0,28.81955746,-96.01230294,48321.0,949.7038997898643,1.4367816091954022,343,337,5,0,332,295,36552,11,0,0,11,42
2020-07-11,US,Texas,Maverick,776,7,0,28.7429195,-100.3157686,48323.0,1321.4808759919622,0.9020618556701032,769,720,7,0,713,677,58485,56,0,0,56,43
2020-07-11,US,Texas,McCulloch,23,0,0,31.1925468,-99.34682807,48307.0,288.0761523046092,0.0,23,23,0,0,23,23,7987,0,0,0,0,0
2020-07-11,US,Texas,McLennan,2442,15,0,31.55255453,-97.20217694,48309.0,951.5904653908653,0.6142506142506142,2427,2438,15,0,2423,2283,254607,4,0,0,4,155
2020-07-11,US,Texas,Medina,343,3,0,29.3557301,-99.11030298,48325.0,664.9348635235732,0.8746355685131195,340,338,3,0,335,338,50921,5,0,0,5,0
2020-07-11,US,Texas,Menard,14,0,0,30.88990665,-99.8204794,48327.0,654.8175865294668,0.0,14,14,0,0,14,12,2139,0,0,0,0,2
2020-07-11,US,Texas,Midland,1104,19,0,31.86904128,-102.0315682,48329.0,624.3213897937025,1.7210144927536233,1085,1070,19,0,1051,1020,172578,34,0,0,34,50
2020-07-11,US,Texas,Milam,149,1,0,30.78581830000001,-96.97718698,48331.0,600.2497683599888,0.6711409395973155,148,137,1,0,136,133,25131,12,0,0,12,4
2020-07-11,US,Texas,Mills,7,0,0,31.49557106,-98.59272068,48333.0,143.64867638005336,0.0,7,6,0,0,6,6,4921,1,0,0,1,0
2020-07-11,US,Texas,Mitchell,25,0,0,32.30623474,-100.9212058,48335.0,292.56875365710937,0.0,25,23,0,0,23,21,8145,2,0,0,2,2
2020-07-11,US,Texas,Montague,26,1,0,33.67521893,-97.72500958,48337.0,131.19386416389142,3.8461538461538463,25,26,1,0,25,25,19596,0,0,0,0,1
2020-07-11,US,Texas,Montgomery,3007,41,0,30.30079133,-95.50572772,48339.0,495.06825092897316,1.3634852011972065,2966,3007,41,0,2966,2876,590925,0,0,0,0,131
2020-07-11,US,Texas,Moore,916,15,0,35.83769242,-101.8930281,48341.0,4374.403056351481,1.6375545851528384,901,915,15,0,900,912,21485,1,0,0,1,3
2020-07-11,US,Texas,Morris,48,0,0,33.11304005,-94.73255695,48343.0,387.471746851792,0.0,48,51,0,0,51,50,12339,-3,0,0,-3,1
2020-07-11,US,Texas,Motley,2,0,0,34.07408766,-100.779722,48345.0,166.66666666666666,0.0,2,2,0,0,2,2,1234,0,0,0,0,0
2020-07-11,US,Texas,Nacogdoches,554,31,0,31.62017125,-94.61803994,48347.0,849.6411263112692,5.5956678700361016,523,525,29,0,496,516,65711,29,2,0,27,9
2020-07-11,US,Texas,Navarro,433,7,0,32.04620681,-96.47428766,48349.0,864.0472532077506,1.6166281755196306,426,433,7,0,426,421,49565,0,0,0,0,12
2020-07-11,US,Texas,Newton,12,0,0,30.78548982,-93.74408813,48351.0,88.26774549466715,0.0,12,12,0,0,12,12,13746,0,0,0,0,0
2020-07-11,US,Texas,Nolan,70,0,0,32.30365282,-100.4060208,48353.0,475.7373929590866,0.0,70,60,0,0,60,55,14751,10,0,0,10,5
2020-07-11,US,Texas,Nueces,5672,42,0,27.736286,-97.5433285,48355.0,1565.5793361192843,0.7404795486600846,5630,5672,42,0,5630,5260,362265,0,0,0,0,412
2020-07-11,US,Texas,Ochiltree,63,2,0,36.27829105,-100.8158184,48357.0,640.5042700284669,3.1746031746031744,61,60,2,0,58,60,9947,3,0,0,3,0
2020-07-11,US,Texas,Oldham,4,1,0,35.40425596,-102.6027606,48359.0,189.3939393939394,25.0,3,4,1,0,3,4,2131,0,0,0,0,0
2020-07-11,US,Texas,Orange,498,5,0,30.11879481,-93.89412775,48361.0,597.1509424912466,1.0040160642570282,493,493,5,0,488,443,83572,5,0,0,5,50
2020-07-11,US,Texas,Palo Pinto,61,2,0,32.75310985,-98.31319001,48363.0,208.98283599986297,3.278688524590164,59,55,2,0,53,55,28875,6,0,0,6,0
2020-07-11,US,Texas,Panola,228,24,0,32.163959600000005,-94.30552481,48365.0,983.0128481503838,10.526315789473683,204,223,24,0,199,221,23148,5,0,0,5,2
2020-07-11,US,Texas,Parker,556,1,0,32.77757172,-97.80500621,48367.0,389.1431850949762,0.17985611510791366,555,516,1,0,515,507,138371,40,0,0,40,9
2020-07-11,US,Texas,Parmer,236,8,0,34.52993409,-102.7844668,48369.0,2457.0536179073397,3.3898305084745757,228,236,8,0,228,236,9864,0,0,0,0,0
2020-07-11,US,Texas,Pecos,139,1,0,30.78097267,-102.7241261,48371.0,878.4680528344815,0.7194244604316546,138,138,1,0,137,138,15673,1,0,0,1,0
2020-07-11,US,Texas,Polk,321,0,0,30.79472531,-94.8276624,48373.0,625.0851946332249,0.0,321,288,0,0,288,268,50031,33,0,0,33,20
2020-07-11,US,Texas,Potter,3048,39,0,35.40133773,-101.893964,48375.0,2595.9204530937272,1.279527559055118,3009,3038,39,0,2999,3025,119648,10,0,0,10,13
2020-07-11,US,Texas,Presidio,26,0,0,29.99954402,-104.2408079,48377.0,387.8281622911695,0.0,26,26,0,0,26,26,6948,0,0,0,0,0
2020-07-11,US,Texas,Rains,17,0,0,32.87109387,-95.79232691,48379.0,135.84785040754358,0.0,17,17,0,0,17,17,12159,0,0,0,0,0
2020-07-11,US,Texas,Randall,1045,7,0,34.96585996,-101.8971322,48381.0,758.8245118471023,0.6698564593301436,1038,1026,7,0,1019,1001,136271,19,0,0,19,25
2020-07-11,US,Texas,Reagan,31,0,0,31.36607041,-101.5232659,48383.0,805.4040010392308,0.0,31,28,0,0,28,23,3741,3,0,0,3,5
2020-07-11,US,Texas,Real,6,0,0,29.83321503,-99.82018052,48385.0,173.81228273464657,0.0,6,4,0,0,4,4,3478,2,0,0,2,0
2020-07-11,US,Texas,Red River,119,12,0,33.61886692,-95.04841765,48387.0,989.7696082508528,10.084033613445378,107,119,12,0,107,117,12175,0,0,0,0,2
2020-07-11,US,Texas,Reeves,77,1,0,31.32323325,-103.6903896,48389.0,481.9729594391587,1.2987012987012987,76,77,1,0,76,63,15695,0,0,0,0,14
2020-07-11,US,Texas,Refugio,43,0,0,28.3238976,-97.15766311,48391.0,618.8831318364998,0.0,43,42,0,0,42,39,7032,1,0,0,1,3
2020-07-11,US,Texas,Roberts,6,0,0,35.83809685,-100.813175,48393.0,702.5761124121782,0.0,6,6,0,0,6,6,903,0,0,0,0,0
2020-07-11,US,Texas,Robertson,111,0,0,31.02539637,-96.51272246,48395.0,650.1112803092421,0.0,111,86,0,0,86,86,17284,25,0,0,25,0
2020-07-11,US,Texas,Rockwall,433,17,0,32.89779518,-96.40771592,48397.0,412.71505504456,3.9260969976905313,416,430,17,0,413,423,100657,3,0,0,3,7
2020-07-11,US,Texas,Runnels,24,0,0,31.8314342,-99.97616148,48399.0,233.8269680436477,0.0,24,20,0,0,20,19,10234,4,0,0,4,1
2020-07-11,US,Texas,Rusk,266,3,0,32.10773545,-94.76176432,48401.0,488.9166636032791,1.1278195488721805,263,266,3,0,263,266,54450,0,0,0,0,0
2020-07-11,US,Texas,Sabine,31,1,0,31.34318809,-93.85440451,48403.0,294.06184784670836,3.2258064516129035,30,29,1,0,28,28,10589,2,0,0,2,1
2020-07-11,US,Texas,San Augustine,126,9,0,31.39457611,-94.17000399,48405.0,1529.6831370644657,7.142857142857142,117,121,7,0,114,119,8232,5,2,0,3,2
2020-07-11,US,Texas,San Jacinto,63,0,0,30.57933681,-95.16260304,48407.0,218.3027824941959,0.0,63,63,0,0,63,61,28719,0,0,0,0,2
2020-07-11,US,Texas,San Patricio,310,0,0,28.00880118,-97.51763891,48409.0,464.558669264199,0.0,310,284,0,0,284,267,66893,26,0,0,26,17
2020-07-11,US,Texas,San Saba,10,0,0,31.1577796,-98.81758731,48411.0,165.15276630883568,0.0,10,10,0,0,10,7,6054,0,0,0,0,3
2020-07-11,US,Texas,Schleicher,24,1,0,30.89740592,-100.5384842,48413.0,859.2910848549948,4.166666666666667,23,23,1,0,22,21,2895,1,0,0,1,2
2020-07-11,US,Texas,Scurry,321,1,0,32.74613808,-100.9162664,48415.0,1921.8104532119974,0.3115264797507788,320,90,1,0,89,84,16866,231,0,0,231,6
2020-07-11,US,Texas,Shackelford,8,0,0,32.73587756,-99.35401337,48417.0,245.02297090352212,0.0,8,8,0,0,8,6,3253,0,0,0,0,2
2020-07-11,US,Texas,Shelby,294,14,0,31.79211404,-94.14550696,48419.0,1163.2507715438792,4.761904761904762,280,292,14,0,278,292,25418,2,0,0,2,0
2020-07-11,US,Texas,Sherman,32,0,0,36.27751473,-101.8933156,48421.0,1058.901389808074,0.0,32,32,0,0,32,32,3079,0,0,0,0,0
2020-07-11,US,Texas,Smith,1299,7,0,32.37474036,-95.2717568,48423.0,558.1071617307766,0.5388760585065435,1292,1220,7,0,1213,1164,230221,79,0,0,79,56
2020-07-11,US,Texas,Somervell,25,0,0,32.22236802,-97.77403489,48425.0,273.88255915863283,0.0,25,23,0,0,23,22,9016,2,0,0,2,1
2020-07-11,US,Texas,Starr,1005,4,0,26.56150059,-98.73892358,48427.0,1554.9332384385684,0.39800995024875613,1001,1005,4,0,1001,1005,64525,0,0,0,0,0
2020-07-11,US,Texas,Stephens,15,0,0,32.73553157,-98.83631615,48429.0,160.15374759769378,0.0,15,13,0,0,13,12,9433,2,0,0,2,1
2020-07-11,US,Texas,Sterling,1,0,0,31.82781912,-101.0500746,48431.0,77.45933384972889,0.0,1,1,0,0,1,1,1311,0,0,0,0,0
2020-07-11,US,Texas,Sutton,21,0,0,30.49856623,-100.5382014,48435.0,556.1440677966102,0.0,21,20,0,0,20,16,3758,1,0,0,1,4
2020-07-11,US,Texas,Swisher,53,1,0,34.53028891,-101.7349174,48437.0,716.5066919021225,1.8867924528301887,52,53,1,0,52,51,7462,0,0,0,0,2
2020-07-11,US,Texas,Tarrant,17334,262,0,32.77143818,-97.29101614,48439.0,824.4412049378958,1.5114803276797046,17072,16700,259,0,16441,16180,2084931,634,3,0,631,520
2020-07-11,US,Texas,Taylor,708,7,0,32.30163422,-99.89007449,48441.0,512.9171073793414,0.9887005649717514,701,654,7,0,647,622,137640,54,0,0,54,32
2020-07-11,US,Texas,Terrell,2,0,0,30.22429013,-102.0766732,48443.0,257.73195876288656,0.0,2,2,0,0,2,2,823,0,0,0,0,0
2020-07-11,US,Texas,Terry,48,0,0,33.17402785,-102.3354521,48445.0,389.07351868363463,0.0,48,47,0,0,47,47,12287,1,0,0,1,0
2020-07-11,US,Texas,Throckmorton,1,0,0,33.17751417,-99.21226795,48447.0,66.62225183211193,0.0,1,1,0,0,1,1,1515,0,0,0,0,0
2020-07-11,US,Texas,Titus,965,6,0,33.21339719,-94.96797273,48449.0,2946.5648854961833,0.6217616580310881,959,965,6,0,959,965,33033,0,0,0,0,0
2020-07-11,US,Texas,Tom Green,919,3,0,31.40464436,-100.462443,48451.0,770.9731543624163,0.3264417845484222,916,807,3,0,804,770,118189,112,0,0,112,37
2020-07-11,US,Texas,Travis,14304,166,0,30.33432034,-97.7853562,48453.0,1122.8034921198096,1.1605145413870246,14138,13864,159,0,13705,13161,1248743,440,7,0,433,703
2020-07-11,US,Texas,Trinity,60,0,0,31.0879489,-95.1367187,48455.0,409.52835983891885,0.0,60,56,0,0,56,52,14740,4,0,0,4,4
2020-07-11,US,Texas,Tyler,36,0,0,30.77031716,-94.37690895,48457.0,166.11295681063126,0.0,36,36,0,0,36,30,21696,0,0,0,0,6
2020-07-11,US,Texas,Upshur,90,0,0,32.73706798,-94.93999853,48459.0,215.55337341029386,0.0,90,86,0,0,86,82,41260,4,0,0,4,4
2020-07-11,US,Texas,Upton,10,0,0,31.36868194,-102.0423217,48461.0,273.4481815695926,0.0,10,11,0,0,11,10,3671,-1,0,0,-1,1
2020-07-11,US,Texas,Uvalde,224,2,0,29.35739637,-99.76229172,48463.0,837.6650087880034,0.8928571428571429,222,207,1,0,206,190,26846,17,1,0,16,17
2020-07-11,US,Texas,Val Verde,622,3,0,29.89149232,-101.1525205,48465.0,1268.740438551759,0.482315112540193,619,622,3,0,619,588,49208,0,0,0,0,34
2020-07-11,US,Texas,Van Zandt,182,3,0,32.56483801,-95.83766469,48467.0,321.61159215409083,1.6483516483516485,179,167,3,0,164,158,56019,15,0,0,15,9
2020-07-11,US,Texas,Victoria,1599,10,0,28.79780988,-96.96813006,48469.0,1736.458016593545,0.6253908692933083,1589,1599,10,0,1589,1334,92035,0,0,0,0,265
2020-07-11,US,Texas,Walker,2223,28,0,30.73872995,-95.57440968,48471.0,3046.415699387428,1.2595591542959963,2195,2194,28,0,2166,2172,72480,29,0,0,29,22
2020-07-11,US,Texas,Waller,235,0,0,30.01058447,-95.99011759,48473.0,425.3701625457047,0.0,235,226,0,0,226,216,53126,9,0,0,9,10
2020-07-11,US,Texas,Ward,46,0,0,31.50999644,-103.0927909,48475.0,383.39723287214537,0.0,46,36,0,0,36,31,11720,10,0,0,10,5
2020-07-11,US,Texas,Washington,349,33,0,30.21498498,-96.40946246,48477.0,972.6325176968954,9.455587392550145,316,349,32,0,317,337,35108,0,1,0,-1,12
2020-07-11,US,Texas,Webb,2547,40,0,27.7610369,-99.33237355,48479.0,920.6512152451455,1.5704750687082842,2507,2405,39,0,2366,2163,275910,142,1,0,141,242
2020-07-11,US,Texas,Wharton,328,1,0,29.27765923,-96.22319248,48481.0,789.2963711618057,0.3048780487804878,327,312,1,0,311,262,41619,16,0,0,16,50
2020-07-11,US,Texas,Wheeler,20,0,0,35.40114335,-100.2699514,48483.0,395.56962025316454,0.0,20,19,0,0,19,19,5191,1,0,0,1,0
2020-07-11,US,Texas,Wichita,585,3,0,33.98842886,-98.7041034,48485.0,442.4109506163503,0.5128205128205128,582,567,3,0,564,548,132064,18,0,0,18,19
2020-07-11,US,Texas,Wilbarger,17,0,0,34.07945812,-99.24178437,48487.0,133.1349361735453,0.0,17,17,0,0,17,17,12820,0,0,0,0,0
2020-07-11,US,Texas,Willacy,267,3,0,26.47411727,-97.61535848,48489.0,1250.1170521584418,1.1235955056179776,264,256,3,0,253,251,21515,11,0,0,11,5
2020-07-11,US,Texas,Williamson,3745,52,0,30.64655664,-97.6004854,48491.0,634.1535278070819,1.3885180240320427,3693,3654,51,0,3603,3617,566719,91,1,0,90,37
2020-07-11,US,Texas,Wilson,190,5,0,29.1732598,-98.08693082,48493.0,372.03837869590757,2.631578947368421,185,173,5,0,168,166,50224,17,0,0,17,7
2020-07-11,US,Texas,Winkler,40,0,0,31.85008651,-103.0485163,48495.0,499.3757802746567,0.0,40,40,0,0,40,40,7720,0,0,0,0,0
2020-07-11,US,Texas,Wise,184,5,0,33.21570665,-97.65460265,48497.0,262.9172382258802,2.717391304347826,179,174,5,0,169,164,68305,10,0,0,10,10
2020-07-11,US,Texas,Wood,123,5,0,32.78722382,-95.38236368,48499.0,270.09815762313616,4.0650406504065035,118,120,5,0,115,118,45129,3,0,0,3,2
2020-07-11,US,Texas,Yoakum,42,0,0,33.17320212,-102.8276433,48501.0,482.0383335246184,0.0,42,40,0,0,40,40,8591,2,0,0,2,0
2020-07-11,US,Texas,Young,53,1,0,33.17659707,-98.68790885,48503.0,294.2809550249861,1.8867924528301887,52,46,1,0,45,42,18045,7,0,0,7,4
2020-07-11,US,Texas,Zapata,66,0,0,27.00156391,-99.16987152,48505.0,465.47711404189295,0.0,66,66,0,0,66,64,14190,0,0,0,0,2
2020-07-11,US,Texas,Zavala,49,0,0,28.86617238,-99.76050829,48507.0,413.8513513513514,0.0,49,46,0,0,46,41,11983,3,0,0,3,5
2020-07-11,US,Utah,Bear River,1745,3,0,41.52106798,-113.08328159999999,0.0,934.0641694055175,0.17191977077363896,1742,1724,3,0,1721,1697,,21,0,0,21,27
2020-07-11,US,Utah,Central Utah,266,0,0,39.37231946,-111.5758676,0.0,324.57232105815456,0.0,266,263,0,0,263,243,,3,0,0,3,20
2020-07-11,US,Utah,Davis,1794,6,0,40.99001837,-112.1139997,49011.0,504.66832263890336,0.33444816053511706,1788,1723,6,0,1717,1644,351713,71,0,0,71,79
2020-07-11,US,Utah,Salt Lake,14336,130,0,40.66616532,-111.92160109999999,49035.0,1235.3966652218087,0.9068080357142856,14206,14066,125,0,13941,13646,1152633,270,5,0,265,420
2020-07-11,US,Utah,San Juan,465,11,0,37.62762978,-109.80337140000002,49037.0,3037.6273843741833,2.3655913978494625,454,451,11,0,440,441,15449,14,0,0,14,10
2020-07-11,US,Utah,Southeast Utah,54,0,0,38.99617072,-110.70139579999999,0.0,134.2315245221109,0.0,54,50,0,0,50,47,,4,0,0,4,3
2020-07-11,US,Utah,Southwest Utah,2005,16,0,37.85447192,-111.4418764,0.0,795.5023369121019,0.7980049875311721,1989,1949,16,0,1933,1881,,56,0,0,56,68
2020-07-11,US,Utah,Summit,574,1,0,40.86688146,-110.9535882,49043.0,1361.9646458654645,0.17421602787456447,573,560,1,0,559,553,41933,14,0,0,14,7
2020-07-11,US,Utah,Tooele,334,0,0,40.44862644,-113.12957150000001,49045.0,462.2261586791957,0.0,334,327,0,0,327,315,69907,7,0,0,7,12
2020-07-11,US,Utah,TriCounty,65,0,0,40.12491499,-109.5174415,0.0,114.79636890254672,0.0,65,63,0,0,63,63,,2,0,0,2,0
2020-07-11,US,Utah,Utah,5271,27,0,40.116672200000004,-111.66576620000001,49049.0,828.4674687811894,0.5122367672168469,5244,5143,27,0,5116,4988,622213,128,0,0,128,155
2020-07-11,US,Utah,Wasatch,452,4,0,40.33110236,-111.1691419,49051.0,1325.8631310316505,0.8849557522123894,448,448,4,0,444,442,33240,4,0,0,4,6
2020-07-11,US,Utah,Weber-Morgan,1494,14,0,41.27116049,-111.9145117,0.0,548.5850251710198,0.9370816599732262,1480,1456,14,0,1442,1396,,38,0,0,38,60
2020-07-11,US,Vermont,Addison,68,2,0,44.03217337,-73.14130877,50001.0,184.89817005193456,2.9411764705882355,66,68,2,0,66,68,36973,0,0,0,0,0
2020-07-11,US,Vermont,Bennington,74,1,0,43.03519828,-73.09048868,50003.0,208.62700873978008,1.351351351351351,73,74,1,0,73,74,35631,0,0,0,0,0
2020-07-11,US,Vermont,Caledonia,21,0,0,44.46548598,-72.10314651,50005.0,70.0163371453339,0.0,21,21,0,0,21,21,30302,0,0,0,0,0
2020-07-11,US,Vermont,Chittenden,650,39,0,44.46322849,-73.08359212,50007.0,396.8883949833306,6.0,611,645,39,0,606,643,164572,5,0,0,5,2
2020-07-11,US,Vermont,Essex,5,0,0,44.72736416,-71.73579864,50009.0,81.12932013629725,0.0,5,5,0,0,5,5,6250,0,0,0,0,0
2020-07-11,US,Vermont,Franklin,110,6,0,44.85627605,-72.91249563,50011.0,222.66305007894417,5.454545454545454,104,110,6,0,104,110,49421,0,0,0,0,0
2020-07-11,US,Vermont,Grand Isle,10,0,0,44.7975824,-73.29679772,50013.0,138.217000691085,0.0,10,10,0,0,10,10,7090,0,0,0,0,0
2020-07-11,US,Vermont,Lamoille,37,1,0,44.60353043,-72.64356694,50015.0,145.88754830060722,2.702702702702702,36,37,1,0,36,36,25300,0,0,0,0,1
2020-07-11,US,Vermont,Orange,10,0,0,44.00470222,-72.37640104,50017.0,34.61165720614703,0.0,10,10,0,0,10,10,28999,0,0,0,0,0
2020-07-11,US,Vermont,Orleans,14,0,0,44.82964024,-72.24562697,50019.0,51.78089285053815,0.0,14,14,0,0,14,14,26907,0,0,0,0,0
2020-07-11,US,Vermont,Rutland,75,1,0,43.57723578,-73.03741676,50021.0,128.8859101922978,1.3333333333333333,74,75,1,0,74,75,58672,0,0,0,0,0
2020-07-11,US,Vermont,Unassigned,5,0,0,0.0,0.0,90050.0,0.0,0.0,5,5,0,0,5,5,,0,0,0,0,0
2020-07-11,US,Vermont,Washington,43,1,0,44.27343241,-72.61604978,50023.0,73.6187916245784,2.3255813953488373,42,42,1,0,41,42,58140,1,0,0,1,0
2020-07-11,US,Vermont,Windham,99,3,0,42.986982,-72.71268875,50025.0,234.4749182890436,3.0303030303030303,96,99,3,0,96,98,42756,0,0,0,0,1
2020-07-11,US,Vermont,Windsor,62,2,0,43.58010937,-72.58595157,50027.0,112.60034143329338,3.2258064516129035,60,62,2,0,60,61,55286,0,0,0,0,1
2020-07-11,US,Virginia,Accomack,1042,14,0,37.76707161,-75.63234615,51001.0,3224.4089615051366,1.343570057581574,1028,1042,14,0,1028,1042,32412,0,0,0,0,0
2020-07-11,US,Virginia,Albemarle,533,10,0,38.02080697,-78.55481085,51003.0,487.51486325802597,1.876172607879925,523,520,10,0,510,512,108718,13,0,0,13,8
2020-07-11,US,Virginia,Alexandria,2453,57,0,38.814003,-77.08183073,51510.0,1538.625586471636,2.323685283326539,2396,2439,57,0,2382,2419,160530,14,0,0,14,20
2020-07-11,US,Virginia,Alleghany,40,2,0,37.78636074,-80.00222498,51005.0,269.179004037685,5.0,38,39,2,0,37,39,14910,1,0,0,1,0
2020-07-11,US,Virginia,Amelia,49,1,0,37.34081025,-77.98584649,51007.0,372.76531000380373,2.0408163265306123,48,49,1,0,48,49,13013,0,0,0,0,0
2020-07-11,US,Virginia,Amherst,40,0,0,37.60308293,-79.14548696,51009.0,126.56225280809996,0.0,40,38,0,0,38,38,31666,2,0,0,2,0
2020-07-11,US,Virginia,Appomattox,47,0,0,37.37569884,-78.81340003,51011.0,295.39312425366114,0.0,47,46,0,0,46,44,15841,1,0,0,1,2
2020-07-11,US,Virginia,Arlington,2597,134,0,38.8767675,-77.10139853,51013.0,1096.5115984495992,5.159799768964191,2463,2582,133,0,2449,2567,237521,15,1,0,14,15
2020-07-11,US,Virginia,Augusta,205,2,0,38.16404586,-79.12461614,51015.0,271.3147515815665,0.975609756097561,203,204,2,0,202,200,75457,1,0,0,1,4
2020-07-11,US,Virginia,Bath,1,0,0,38.05852573,-79.73912095,51017.0,24.11381721726549,0.0,1,1,0,0,1,1,4292,0,0,0,0,0
2020-07-11,US,Virginia,Bedford,156,4,0,37.3080028,-79.5281964,51019.0,197.47585351342457,2.5641025641025643,152,144,4,0,140,142,78747,12,0,0,12,2
2020-07-11,US,Virginia,Bland,3,0,0,37.13128068,-81.13599391,51021.0,47.77070063694269,0.0,3,3,0,0,3,2,6293,0,0,0,0,1
2020-07-11,US,Virginia,Botetourt,152,4,0,37.55531756,-79.80982182,51023.0,454.8310841138274,2.631578947368421,148,151,4,0,147,150,33277,1,0,0,1,1
2020-07-11,US,Virginia,Bristol,12,0,0,36.6163024,-82.16359122,51520.0,71.59050232669131,0.0,12,10,0,0,10,8,16482,2,0,0,2,2
2020-07-11,US,Virginia,Brunswick,127,1,0,36.76366949,-77.8593436,51025.0,782.4533300474402,0.7874015748031497,126,123,1,0,122,116,16384,4,0,0,4,7
2020-07-11,US,Virginia,Buchanan,39,0,0,37.26818323,-82.03749726,51027.0,185.678918301276,0.0,39,39,0,0,39,38,21221,0,0,0,0,1
2020-07-11,US,Virginia,Buckingham,576,6,0,37.57242268,-78.52518834,51029.0,3358.9923023093074,1.0416666666666667,570,574,6,0,568,572,16999,2,0,0,2,2
2020-07-11,US,Virginia,Buena Vista,18,0,0,37.73484642,-79.35296097,51530.0,277.8635381290522,0.0,18,18,0,0,18,15,6237,0,0,0,0,3
2020-07-11,US,Virginia,Campbell,63,1,0,37.20553386,-79.09678609,51031.0,114.78546050833565,1.5873015873015872,62,56,1,0,55,54,54973,7,0,0,7,2
2020-07-11,US,Virginia,Caroline,137,4,0,38.02679129,-77.34901405,51033.0,445.8909682668837,2.9197080291970803,133,135,4,0,131,132,30772,2,0,0,2,3
2020-07-11,US,Virginia,Carroll,245,9,0,36.73066666,-80.73455942,51035.0,822.3960256453291,3.673469387755102,236,244,9,0,235,241,29636,1,0,0,1,3
2020-07-11,US,Virginia,Charles City,41,3,0,37.35358063,-77.05634116,51036.0,588.8266551773661,7.317073170731707,38,41,3,0,38,41,6941,0,0,0,0,0
2020-07-11,US,Virginia,Charlotte,36,0,0,37.01909701,-78.66314092,51037.0,303.030303030303,0.0,36,35,0,0,35,33,11938,1,0,0,1,2
2020-07-11,US,Virginia,Charlottesville,270,7,0,38.03527919,-78.48569588,51540.0,571.2351373080015,2.592592592592593,263,260,7,0,253,251,48117,10,0,0,10,9
2020-07-11,US,Virginia,Chesapeake,1204,22,0,36.67670048,-76.30545744,51550.0,491.75975657075173,1.8272425249169435,1182,1162,22,0,1140,1117,242634,42,0,0,42,45
2020-07-11,US,Virginia,Chesterfield,3169,62,0,37.37373208,-77.58680140000001,51041.0,898.2375383359505,1.9564531397917324,3107,3135,62,0,3073,3108,348556,34,0,0,34,27
2020-07-11,US,Virginia,Clarke,60,0,0,39.11271747,-77.99199425,51043.0,410.4247896572953,0.0,60,58,0,0,58,58,14523,2,0,0,2,0
2020-07-11,US,Virginia,Colonial Heights,156,20,0,37.26420587,-77.39609676,51570.0,898.1001727115716,12.82051282051282,136,152,20,0,132,151,17833,4,0,0,4,1
2020-07-11,US,Virginia,Covington,5,0,0,37.7824656,-79.98631446,51580.0,90.2853015529072,0.0,5,5,0,0,5,5,5460,0,0,0,0,0
2020-07-11,US,Virginia,Craig,9,0,0,37.48133648,-80.21072274,51045.0,175.4044045994933,0.0,9,9,0,0,9,9,5064,0,0,0,0,0
2020-07-11,US,Virginia,Culpeper,852,12,0,38.48199985,-77.95630870000002,51047.0,1619.6179070430567,1.4084507042253518,840,841,12,0,829,837,51859,11,0,0,11,4
2020-07-11,US,Virginia,Cumberland,59,0,0,37.51328851,-78.24398086,51049.0,594.0394683850183,0.0,59,59,0,0,59,59,9809,0,0,0,0,0
2020-07-11,US,Virginia,Danville,113,2,0,36.58022376,-79.40395668,51590.0,282.18959144940567,1.7699115044247788,111,104,2,0,102,102,40693,9,0,0,9,2
2020-07-11,US,Virginia,Dickenson,5,0,0,37.12560977,-82.35124171,51051.0,34.92107836289985,0.0,5,5,0,0,5,5,14523,0,0,0,0,0
2020-07-11,US,Virginia,Dinwiddie,154,2,0,37.07544585,-77.63451754,51053.0,539.5179372197309,1.2987012987012987,152,154,2,0,152,154,28529,0,0,0,0,0
2020-07-11,US,Virginia,Emporia,146,15,0,36.69455571,-77.53406129,51595.0,2731.013842124953,10.273972602739725,131,147,15,0,132,147,5121,-1,0,0,-1,0
2020-07-11,US,Virginia,Essex,63,0,0,37.93357639,-76.94230311,51057.0,575.1848808545604,0.0,63,63,0,0,63,64,10919,0,0,0,0,-1
2020-07-11,US,Virginia,Fairfax,14403,498,0,38.83677558,-77.27565836,51059.0,1255.1283972908816,3.4576129972922307,13905,14356,499,0,13857,14284,1150795,47,-1,0,48,72
2020-07-11,US,Virginia,Fairfax,14403,498,0,38.83677558,-77.27565836,51059.0,1255.1283972908816,3.4576129972922307,13905,14356,499,0,13857,14284,24574,47,-1,0,48,72
2020-07-11,US,Virginia,Fairfax City,72,7,0,38.85157547,-77.29779640000002,51600.0,299.76268787210125,9.722222222222221,65,72,7,0,65,72,24574,0,0,0,0,0
2020-07-11,US,Virginia,Falls Church,53,7,0,38.88485255,-77.17560759,51610.0,362.5915030444004,13.20754716981132,46,51,7,0,44,53,14772,2,0,0,2,-2
2020-07-11,US,Virginia,Fauquier,476,8,0,38.73564842,-77.80647472,51061.0,668.3328185111343,1.680672268907563,468,471,8,0,463,460,70675,5,0,0,5,11
2020-07-11,US,Virginia,Floyd,20,1,0,36.9302126,-80.36738849,51063.0,126.9921899803162,5.0,19,20,1,0,19,20,15795,0,0,0,0,0
2020-07-11,US,Virginia,Fluvanna,130,8,0,37.84157909,-78.27715475,51065.0,476.7143381004767,6.153846153846153,122,128,8,0,120,126,26783,2,0,0,2,2
2020-07-11,US,Virginia,Franklin,106,1,0,36.99536167,-79.88023649,51067.0,189.14385639341918,0.9433962264150944,105,105,1,0,104,106,56195,1,0,0,1,-1
2020-07-11,US,Virginia,Franklin,106,1,0,36.99536167,-79.88023649,51067.0,189.14385639341918,0.9433962264150944,105,105,1,0,104,106,8013,1,0,0,1,-1
2020-07-11,US,Virginia,Franklin City,70,3,0,36.6831435,-76.93859681,51620.0,878.624325342036,4.285714285714286,67,69,3,0,66,66,8013,1,0,0,1,3
2020-07-11,US,Virginia,Frederick,543,6,0,39.20172582,-78.25974949,51069.0,607.9742030835376,1.1049723756906078,537,536,6,0,530,534,88355,7,0,0,7,2
2020-07-11,US,Virginia,Fredericksburg,277,0,0,38.2977863,-77.4922454,51630.0,953.9881526381045,0.0,277,264,0,0,264,264,29144,13,0,0,13,0
2020-07-11,US,Virginia,Galax,287,16,0,36.66601852,-80.91703124,51640.0,4521.821332913188,5.574912891986064,271,283,16,0,267,282,6423,4,0,0,4,1
2020-07-11,US,Virginia,Giles,18,0,0,37.31234791,-80.70636931,51071.0,107.65550239234449,0.0,18,18,0,0,18,18,16844,0,0,0,0,0
2020-07-11,US,Virginia,Gloucester,67,1,0,37.40809042,-76.53524337,51073.0,179.39380957480992,1.492537313432836,66,65,1,0,64,64,37349,2,0,0,2,1
2020-07-11,US,Virginia,Goochland,129,6,0,37.71714806,-77.90381514,51075.0,543.0892939839179,4.651162790697675,123,129,6,0,123,129,23244,0,0,0,0,0
2020-07-11,US,Virginia,Grayson,91,4,0,36.65677234,-81.23215889,51077.0,585.2090032154341,4.395604395604397,87,91,4,0,87,91,15631,0,0,0,0,0
2020-07-11,US,Virginia,Greene,80,2,0,38.29545894,-78.46525378,51079.0,403.65306019476265,2.5,78,80,2,0,78,78,19779,0,0,0,0,2
2020-07-11,US,Virginia,Greensville,375,9,0,36.67878901,-77.56351439,51081.0,3308.0451658433312,2.4,366,374,9,0,365,373,11627,1,0,0,1,1
2020-07-11,US,Virginia,Halifax,80,1,0,36.76654925,-78.93512622,51083.0,235.911651086668,1.25,79,76,1,0,75,73,34120,4,0,0,4,3
2020-07-11,US,Virginia,Hampton,469,4,0,37.03513786,-76.35879121,51650.0,348.6729611181325,0.8528784648187633,465,454,4,0,450,424,134313,15,0,0,15,30
2020-07-11,US,Virginia,Hanover,469,31,0,37.7583355,-77.49464673,51085.0,435.20219735352515,6.609808102345417,438,467,31,0,436,459,107239,2,0,0,2,8
2020-07-11,US,Virginia,Harrisonburg,978,28,0,38.43542574,-78.87536254,51660.0,1844.726120416478,2.8629856850715747,950,976,28,0,948,975,54033,2,0,0,2,1
2020-07-11,US,Virginia,Henrico,2822,173,0,37.53460572,-77.39326555,51087.0,853.0370173327933,6.1304039688164425,2649,2784,172,0,2612,2725,329261,38,1,0,37,59
2020-07-11,US,Virginia,Henry,350,5,0,36.68542395,-79.87634026,51089.0,692.287912653045,1.4285714285714286,345,339,5,0,334,330,50953,11,0,0,11,9
2020-07-11,US,Virginia,Highland,3,0,0,38.35799465,-79.56124594,51091.0,136.98630136986299,0.0,3,3,0,0,3,3,2210,0,0,0,0,0
2020-07-11,US,Virginia,Hopewell,198,5,0,37.29186313,-77.29754684,51670.0,878.8672377824138,2.525252525252525,193,193,5,0,188,192,22596,5,0,0,5,1
2020-07-11,US,Virginia,Isle of Wight,222,9,0,36.90579348,-76.70842863,51093.0,598.2376242959929,4.0540540540540535,213,215,9,0,206,209,36953,7,0,0,7,6
2020-07-11,US,Virginia,James City,336,16,0,37.31156958,-76.76950618,51095.0,439.0836741894594,4.761904761904762,320,332,16,0,316,323,76397,4,0,0,4,9
2020-07-11,US,Virginia,King George,105,4,0,38.26818502,-77.15852768,51099.0,391.26546430168435,3.809523809523809,101,104,4,0,100,102,26575,1,0,0,1,2
2020-07-11,US,Virginia,King William,54,2,0,37.70965316,-77.09384941,51101.0,314.9055283414976,3.703703703703704,52,54,2,0,52,54,16939,0,0,0,0,0
2020-07-11,US,Virginia,King and Queen,26,1,0,37.71044922,-76.88689628,51097.0,370.10676156583634,3.8461538461538463,25,26,1,0,25,26,7042,0,0,0,0,0
2020-07-11,US,Virginia,Lancaster,13,0,0,37.71889653,-76.46400482,51103.0,122.60680939356787,0.0,13,12,0,0,12,12,10783,1,0,0,1,0
2020-07-11,US,Virginia,Lee,17,0,0,36.70586667,-83.12606515,51105.0,72.57823506809547,0.0,17,17,0,0,17,15,23541,0,0,0,0,2
2020-07-11,US,Virginia,Lexington,16,0,0,37.78258621,-79.44262866,51678.0,214.88047273703998,0.0,16,13,0,0,13,12,7136,3,0,0,3,1
2020-07-11,US,Virginia,Loudoun,4373,99,0,39.08990083,-77.63481877,51107.0,1057.4602575821327,2.2638920649439744,4274,4349,99,0,4250,4319,406850,24,0,0,24,30
2020-07-11,US,Virginia,Louisa,135,2,0,37.97850256,-77.96274807,51109.0,359.12851480407545,1.4814814814814814,133,134,2,0,132,134,36778,1,0,0,1,0
2020-07-11,US,Virginia,Lunenburg,40,0,0,36.94618528,-78.24133319,51111.0,327.9763857002296,0.0,40,40,0,0,40,39,12086,0,0,0,0,1
2020-07-11,US,Virginia,Lynchburg,187,1,0,37.40021399,-79.19888138,51680.0,227.5825138740142,0.5347593582887701,186,177,1,0,176,169,82126,10,0,0,10,8
2020-07-11,US,Virginia,Madison,47,1,0,38.41531222,-78.28220331,51113.0,354.4227433828521,2.127659574468085,46,46,1,0,45,46,13295,1,0,0,1,0
2020-07-11,US,Virginia,Manassas,1482,19,0,38.7464321,-77.48509905,51683.0,3607.1558963125226,1.2820512820512822,1463,1472,18,0,1454,1464,41641,10,1,0,9,8
2020-07-11,US,Virginia,Manassas Park,457,6,0,38.77058531,-77.44399307,51685.0,2614.715642522028,1.312910284463895,451,455,6,0,449,451,17307,2,0,0,2,4
2020-07-11,US,Virginia,Martinsville,112,1,0,36.68212094,-79.86352771,51690.0,892.1459295841963,0.8928571428571429,111,107,1,0,106,104,12902,5,0,0,5,3
2020-07-11,US,Virginia,Mathews,7,0,0,37.44164146,-76.34098896,51115.0,79.23930269413628,0.0,7,7,0,0,7,7,8802,0,0,0,0,0
2020-07-11,US,Virginia,Mecklenburg,257,29,0,36.67882005,-78.36131056,51117.0,840.2262399058425,11.284046692607006,228,253,29,0,224,252,30650,4,0,0,4,1
2020-07-11,US,Virginia,Middlesex,17,0,0,37.63191998,-76.55064617,51119.0,160.6501606501606,0.0,17,16,0,0,16,15,10769,1,0,0,1,1
2020-07-11,US,Virginia,Montgomery,182,3,0,37.17746986,-80.37868691,51121.0,184.70594205104786,1.6483516483516485,179,177,3,0,174,172,98985,5,0,0,5,5
2020-07-11,US,Virginia,Nelson,25,0,0,37.78790447,-78.88498513,51125.0,167.44809109176154,0.0,25,22,0,0,22,22,14836,3,0,0,3,0
2020-07-11,US,Virginia,New Kent,68,1,0,37.50694406,-76.99828634,51127.0,294.4870295786237,1.4705882352941178,67,63,1,0,62,62,22391,5,0,0,5,1
2020-07-11,US,Virginia,Newport News,693,10,0,37.08166899,-76.51754109,51700.0,386.66480680708605,1.443001443001443,683,679,10,0,669,659,178626,14,0,0,14,20
2020-07-11,US,Virginia,Norfolk,1448,15,0,36.89934014,-76.26420872,51710.0,596.5181138822288,1.0359116022099448,1433,1360,15,0,1345,1289,244076,88,0,0,88,71
2020-07-11,US,Virginia,Northampton,274,28,0,37.34062933,-75.87751591,51131.0,2339.880444064902,10.218978102189784,246,273,28,0,245,272,11735,1,0,0,1,1
2020-07-11,US,Virginia,Northumberland,40,1,0,37.89202088,-76.41949732,51133.0,330.71517155849523,2.5,39,38,1,0,37,37,12147,2,0,0,2,1
2020-07-11,US,Virginia,Norton,4,0,0,36.93357076,-82.62750411,51720.0,100.4772670183371,0.0,4,4,0,0,4,4,3968,0,0,0,0,0
2020-07-11,US,Virginia,Nottoway,120,5,0,37.1435975,-78.05065922,51135.0,787.8151260504202,4.166666666666667,115,117,5,0,112,114,15420,3,0,0,3,3
2020-07-11,US,Virginia,Orange,159,3,0,38.24530219,-78.01560400000002,51137.0,429.13821489298516,1.8867924528301887,156,158,3,0,155,155,36644,1,0,0,1,3
2020-07-11,US,Virginia,Page,298,23,0,38.61807452,-78.48797204,51139.0,1246.7575935068194,7.718120805369128,275,296,23,0,273,295,23933,2,0,0,2,1
2020-07-11,US,Virginia,Patrick,48,1,0,36.6801638,-80.2865648,51141.0,272.6033621081327,2.083333333333333,47,48,1,0,47,48,17673,0,0,0,0,0
2020-07-11,US,Virginia,Petersburg,331,8,0,37.20530399,-77.39368102,51730.0,1055.9561028520386,2.416918429003021,323,320,8,0,312,314,31567,11,0,0,11,6
2020-07-11,US,Virginia,Pittsylvania,159,2,0,36.81980341,-79.39731264,51143.0,263.4456705437916,1.2578616352201255,157,148,2,0,146,146,60949,11,0,0,11,2
2020-07-11,US,Virginia,Poquoson,20,0,0,37.14259351,-76.35798148,51735.0,162.9859017195013,0.0,20,20,0,0,20,20,12190,0,0,0,0,0
2020-07-11,US,Virginia,Portsmouth,662,19,0,36.85914825,-76.35971629,51740.0,701.2860441958516,2.8700906344410875,643,627,18,0,609,605,94632,35,1,0,34,22
2020-07-11,US,Virginia,Powhatan,91,2,0,37.55016038,-77.91267882,51145.0,306.89329556185083,2.1978021978021984,89,87,2,0,85,86,29189,4,0,0,4,1
2020-07-11,US,Virginia,Prince Edward,237,6,0,37.22554789,-78.43597949,51147.0,1039.3825103061135,2.5316455696202533,231,236,6,0,230,234,22950,1,0,0,1,2
2020-07-11,US,Virginia,Prince George,258,2,0,37.18497668,-77.22922187,51149.0,672.6983547571248,0.7751937984496124,256,255,2,0,253,254,38082,3,0,0,3,1
2020-07-11,US,Virginia,Prince William,7769,156,0,38.70916224,-77.48713689,51153.0,1651.801375615253,2.007980435062428,7613,7742,156,0,7586,7687,468011,27,0,0,27,55
2020-07-11,US,Virginia,Pulaski,51,2,0,37.06474963,-80.71229738,51155.0,149.8809768713081,3.92156862745098,49,51,2,0,49,48,34066,0,0,0,0,3
2020-07-11,US,Virginia,Radford,16,0,0,37.12222899,-80.56027320000003,51750.0,87.67603704312565,0.0,16,16,0,0,16,16,18339,0,0,0,0,0
2020-07-11,US,Virginia,Rappahannock,32,1,0,38.68295619,-78.15826963,51157.0,434.19267299864316,3.125,31,31,0,0,31,31,7252,1,1,0,0,0
2020-07-11,US,Virginia,Richmond,311,6,0,37.937575,-76.72920628,51159.0,3446.747201595921,1.929260450160772,305,308,6,0,302,304,9038,3,0,0,3,4
2020-07-11,US,Virginia,Richmond City,2386,35,0,37.53255773,-77.47966921,51760.0,1035.428492075891,1.4668901927912823,2351,2361,35,0,2326,2333,228783,25,0,0,25,28
2020-07-11,US,Virginia,Roanoke,311,6,0,37.26865804,-80.06396753,51161.0,330.1976939247872,1.929260450160772,305,309,6,0,303,301,94073,2,0,0,2,8
2020-07-11,US,Virginia,Roanoke City,557,10,0,37.27791025,-79.96189766,51770.0,561.8147524283106,1.7953321364452424,547,552,10,0,542,542,99920,5,0,0,5,10
2020-07-11,US,Virginia,Rockbridge,34,0,0,37.81204314,-79.44605905,51163.0,150.62242502104283,0.0,34,32,0,0,32,33,22752,2,0,0,2,-1
2020-07-11,US,Virginia,Rockingham,778,12,0,38.51006137,-78.87260325,51165.0,949.3825352662664,1.5424164524421593,766,771,12,0,759,763,81244,7,0,0,7,8
2020-07-11,US,Virginia,Russell,21,0,0,36.93028320000001,-82.10095486,51167.0,78.98894154818325,0.0,21,18,0,0,18,15,26748,3,0,0,3,3
2020-07-11,US,Virginia,Salem,87,3,0,37.2836193,-80.06219455,51775.0,343.85992648511916,3.4482758620689653,84,87,3,0,84,84,25643,0,0,0,0,3
2020-07-11,US,Virginia,Scott,11,2,0,36.71466456,-82.60171704,51169.0,51.00621348418807,18.181818181818183,9,11,2,0,9,11,21534,0,0,0,0,0
2020-07-11,US,Virginia,Shenandoah,609,35,0,38.85905135,-78.56813762,51171.0,1396.2765957446813,5.747126436781608,574,606,35,0,571,604,43497,3,0,0,3,2
2020-07-11,US,Virginia,Smyth,43,1,0,36.84455636,-81.53344948,51173.0,142.83816104172203,2.3255813953488373,42,43,1,0,42,42,30472,0,0,0,0,1
2020-07-11,US,Virginia,Southampton,173,10,0,36.72231125,-77.10642712,51175.0,981.2262492201236,5.780346820809249,163,170,10,0,160,168,17586,3,0,0,3,2
2020-07-11,US,Virginia,Spotsylvania,1076,31,0,38.18574462,-77.655399,51177.0,789.9276878464192,2.8810408921933086,1045,1077,31,0,1046,1060,134238,-1,0,0,-1,17
2020-07-11,US,Virginia,Stafford,1056,6,0,38.41758738,-77.45917053,51179.0,690.7287973731375,0.5681818181818182,1050,1048,6,0,1042,1038,149960,8,0,0,8,10
2020-07-11,US,Virginia,Staunton,95,0,0,38.15965544,-79.05979937,51790.0,381.0364190598429,0.0,95,90,0,0,90,85,24922,5,0,0,5,5
2020-07-11,US,Virginia,Suffolk,535,42,0,36.70155394,-76.63603554,51800.0,580.8398836148867,7.850467289719626,493,526,42,0,484,504,91185,9,0,0,9,22
2020-07-11,US,Virginia,Surry,18,1,0,37.11781893,-76.88450012,51181.0,280.28651510432894,5.5555555555555545,17,17,1,0,16,17,6474,1,0,0,1,0
2020-07-11,US,Virginia,Sussex,211,7,0,36.92432914,-77.25791182,51183.0,1890.8504346267587,3.3175355450236967,204,211,7,0,204,210,11237,0,0,0,0,1
2020-07-11,US,Virginia,Tazewell,26,0,0,37.12191123,-81.56685568,51185.0,64.0472964650819,0.0,26,24,0,0,24,23,40855,2,0,0,2,1
2020-07-11,US,Virginia,Virginia Beach,1759,30,0,36.73285734,-76.04566934,51810.0,390.9114748852156,1.7055144968732234,1729,1663,30,0,1633,1547,450189,96,0,0,96,116
2020-07-11,US,Virginia,Warren,308,8,0,38.90847745,-78.20280433,51187.0,766.8558908475252,2.5974025974025974,300,304,8,0,296,303,40003,4,0,0,4,1
2020-07-11,US,Virginia,Washington,80,4,0,36.72341572,-81.95666289,51191.0,148.864905098623,5.0,76,76,4,0,72,74,54402,4,0,0,4,2
2020-07-11,US,Virginia,Waynesboro,121,0,0,38.06451466,-78.90293905,51820.0,534.6884666372073,0.0,121,117,0,0,117,114,22628,4,0,0,4,3
2020-07-11,US,Virginia,Westmoreland,183,2,0,38.11021557,-76.80213247,51193.0,1015.8201498751041,1.0928961748633879,181,171,2,0,169,124,17830,12,0,0,12,47
2020-07-11,US,Virginia,Williamsburg,78,6,0,37.28131268,-76.70905141,51830.0,521.599572020864,7.6923076923076925,72,78,6,0,72,78,14896,0,0,0,0,0
2020-07-11,US,Virginia,Winchester,340,3,0,39.17054517,-78.17325058,51840.0,1210.9124581522901,0.8823529411764706,337,336,3,0,333,334,28108,4,0,0,4,2
2020-07-11,US,Virginia,Wise,38,2,0,36.9746148,-82.62410519,51195.0,101.6504828397935,5.2631578947368425,36,36,2,0,34,34,38012,2,0,0,2,2
2020-07-11,US,Virginia,Wythe,57,1,0,36.91582035,-81.07834059,51197.0,198.71705480407195,1.7543859649122806,56,57,1,0,56,57,28754,0,0,0,0,0
2020-07-11,US,Virginia,York,149,3,0,37.24374789,-76.54412815,51199.0,218.2190978324546,2.0134228187919465,146,144,3,0,141,140,67846,5,0,0,5,4
2020-07-11,US,Washington,Adams,222,0,0,46.98299757,-118.5601734,53001.0,1110.9443026572587,0.0,222,222,0,0,222,218,19759,0,0,0,0,4
2020-07-11,US,Washington,Asotin,21,2,0,46.18894415,-117.2022851,53003.0,92.99442033477993,9.523809523809524,19,21,2,0,19,21,22610,0,0,0,0,0
2020-07-11,US,Washington,Benton,2238,92,0,46.23946995,-119.5120834,53005.0,1094.9655071187435,4.110813226094727,2146,2238,92,0,2146,2183,201877,0,0,0,0,55
2020-07-11,US,Washington,Chelan,514,7,0,47.87046092,-120.6173956,53007.0,665.8031088082903,1.3618677042801557,507,514,7,0,507,491,77036,0,0,0,0,23
2020-07-11,US,Washington,Clallam,50,0,0,48.04754642,-123.9226319,53009.0,64.65712327527123,0.0,50,50,0,0,50,47,76737,0,0,0,0,3
2020-07-11,US,Washington,Clark,1033,32,0,45.77568046,-122.4829204,53011.0,211.575840619694,3.0977734753146176,1001,1033,32,0,1001,1004,481857,0,0,0,0,29
2020-07-11,US,Washington,Columbia,8,0,0,46.29442881,-117.9051983,53013.0,200.75282308657467,0.0,8,8,0,0,8,8,4059,0,0,0,0,0
2020-07-11,US,Washington,Cowlitz,241,0,0,46.19074721,-122.6782231,53015.0,217.91614297469098,0.0,241,241,0,0,241,234,108987,0,0,0,0,7
2020-07-11,US,Washington,Douglas,348,3,0,47.7361335,-119.692937,53017.0,801.3078818301135,0.8620689655172413,345,348,3,0,345,332,42907,0,0,0,0,16
2020-07-11,US,Washington,Ferry,2,0,0,48.471143100000006,-118.5154041,53019.0,26.222630129802017,0.0,2,2,0,0,2,1,7649,0,0,0,0,1
2020-07-11,US,Washington,Franklin,2281,36,0,46.53351425,-118.9018212,53021.0,2395.454831866585,1.578255151249452,2245,2281,36,0,2245,2212,94347,0,0,0,0,69
2020-07-11,US,Washington,Grant,760,8,0,47.20753737,-119.4500749,53025.0,777.6288459374008,1.0526315789473684,752,760,8,0,752,738,97331,0,0,0,0,22
2020-07-11,US,Washington,Grays Harbor,38,0,0,47.14003705,-123.7820567,53027.0,50.62549126710276,0.0,38,38,0,0,38,33,73901,0,0,0,0,5
2020-07-11,US,Washington,Island,203,12,0,48.14713305,-122.5216407,53029.0,238.42801940310773,5.911330049261084,191,203,12,0,191,202,84460,0,0,0,0,1
2020-07-11,US,Washington,Jefferson,41,0,0,47.75003077,-123.56097040000002,53031.0,127.24620589056826,0.0,41,41,0,0,41,41,31729,0,0,0,0,0
2020-07-11,US,Washington,King,11568,633,0,47.49137892,-121.8346131,53033.0,513.4984210633785,5.471991701244813,10935,11568,633,0,10935,11419,2233163,0,0,0,0,149
2020-07-11,US,Washington,Kitsap,277,2,0,47.63479026,-122.6436061,53035.0,102.035929908315,0.7220216606498195,275,277,2,0,275,269,269805,0,0,0,0,8
2020-07-11,US,Washington,Kittitas,165,0,0,47.12521214,-120.679439,53037.0,344.2161260039637,0.0,165,165,0,0,165,165,47364,0,0,0,0,0
2020-07-11,US,Washington,Klickitat,76,3,0,45.87325839,-120.7913598,53039.0,338.90746934225194,3.947368421052632,73,76,3,0,73,76,22107,0,0,0,0,0
2020-07-11,US,Washington,Lewis,89,3,0,46.57756476,-122.3925769,53041.0,110.2754407920007,3.3707865168539324,86,89,3,0,86,85,79604,0,0,0,0,4
2020-07-11,US,Washington,Lincoln,4,0,0,47.57705241,-118.4194388,53043.0,36.56641374897157,0.0,4,4,0,0,4,4,10740,0,0,0,0,0
2020-07-11,US,Washington,Mason,55,1,0,47.35007586,-123.1863685,53045.0,82.37479031871554,1.818181818181818,54,55,1,0,54,55,65507,0,0,0,0,0
2020-07-11,US,Washington,Okanogan,179,2,0,48.54855019,-119.7387224,53047.0,423.73884430556535,1.11731843575419,177,179,2,0,177,161,42132,0,0,0,0,18
2020-07-11,US,Washington,Pacific,18,1,0,46.55418369,-123.7285716,53049.0,80.10324418138934,5.5555555555555545,17,18,1,0,17,18,22036,0,0,0,0,0
2020-07-11,US,Washington,Pend Oreille,8,0,0,48.53234021,-117.2741804,53051.0,58.292043136111914,0.0,8,8,0,0,8,7,13602,0,0,0,0,1
2020-07-11,US,Washington,Pierce,3059,111,0,47.03892768,-122.1405958,53053.0,338.01851974629267,3.6286368094148416,2948,3059,111,0,2948,2995,891299,0,0,0,0,64
2020-07-11,US,Washington,San Juan,20,0,0,48.60182783,-122.96745,53055.0,113.75270162666365,0.0,20,20,0,0,20,20,17128,0,0,0,0,0
2020-07-11,US,Washington,Skagit,573,16,0,48.48171488,-121.766131,53057.0,443.4812894237839,2.7923211169284468,557,573,16,0,557,571,128206,0,0,0,0,2
2020-07-11,US,Washington,Skamania,22,0,0,46.02408726,-121.9164403,53059.0,182.0739882479517,0.0,22,22,0,0,22,19,11924,0,0,0,0,3
2020-07-11,US,Washington,Snohomish,3859,179,0,48.04615983,-121.7170703,53061.0,469.4173216086454,4.638507385332988,3680,3859,179,0,3680,3819,814901,0,0,0,0,40
2020-07-11,US,Washington,Spokane,1903,43,0,47.62113146,-117.4046494,53063.0,364.002922734976,2.259590120861797,1860,1903,43,0,1860,1852,514631,0,0,0,0,51
2020-07-11,US,Washington,Stevens,23,1,0,48.40035475,-117.8542701,53065.0,50.30291100758918,4.3478260869565215,22,23,1,0,22,21,45260,0,0,0,0,2
2020-07-11,US,Washington,Thurston,322,8,0,46.9291895,-122.8290656,53067.0,110.82963901203293,2.4844720496894412,314,322,8,0,314,310,286419,0,0,0,0,12
2020-07-11,US,Washington,Unassigned,119,0,0,0.0,0.0,90053.0,0.0,0.0,119,119,0,0,119,145,,0,0,0,0,-26
2020-07-11,US,Washington,Wahkiakum,5,0,0,46.29180039999999,-123.4250831,53069.0,111.40819964349377,0.0,5,5,0,0,5,5,4426,0,0,0,0,0
2020-07-11,US,Washington,Walla Walla,204,3,0,46.23040051,-118.4775539,53071.0,335.7472021066491,1.4705882352941178,201,204,3,0,201,199,60922,0,0,0,0,5
2020-07-11,US,Washington,Whatcom,692,41,0,48.82227976,-121.7490018,53073.0,301.8578214763988,5.92485549132948,651,692,41,0,651,689,225685,0,0,0,0,3
2020-07-11,US,Washington,Whitman,44,0,0,46.90022523,-117.5241763,53075.0,87.81733993293949,0.0,44,44,0,0,44,44,49791,0,0,0,0,0
2020-07-11,US,Washington,Yakima,7934,185,0,46.45738486,-120.7380126,53077.0,3162.556353214575,2.331736828837913,7749,7934,185,0,7749,7868,251446,0,0,0,0,66
2020-07-11,US,West Virginia,Barbour,19,1,0,39.1307219,-80.00350858,54001.0,115.5647466699106,5.2631578947368425,18,18,1,0,17,17,16535,1,0,0,1,1
2020-07-11,US,West Virginia,Berkeley,531,10,0,39.46704621,-78.02414609,54003.0,445.57820275066916,1.8832391713747645,521,523,10,0,513,517,117123,8,0,0,8,6
2020-07-11,US,West Virginia,Boone,33,0,0,38.01974191,-81.69888019,54005.0,153.79596402106537,0.0,33,31,0,0,31,29,21951,2,0,0,2,2
2020-07-11,US,West Virginia,Braxton,5,0,0,38.70036159,-80.72011184,54007.0,35.82431754675073,0.0,5,4,0,0,4,3,14089,1,0,0,1,1
2020-07-11,US,West Virginia,Brooke,24,0,0,40.27367263,-80.57915332,54009.0,109.39422945439628,0.0,24,25,0,0,25,19,22203,-1,0,0,-1,6
2020-07-11,US,West Virginia,Cabell,198,0,0,38.42424062,-82.23855912,54011.0,215.3461308390885,0.0,198,194,0,0,194,186,93224,4,0,0,4,8
2020-07-11,US,West Virginia,Calhoun,4,0,0,38.84315422,-81.11934872,54013.0,56.2667041778028,0.0,4,4,0,0,4,4,7254,0,0,0,0,0
2020-07-11,US,West Virginia,Clay,12,1,0,38.46231092,-81.07652217,54015.0,141.04372355430186,8.333333333333334,11,11,1,0,10,11,8632,1,0,0,1,0
2020-07-11,US,West Virginia,Fayette,79,4,0,38.02974928,-81.08286634,54019.0,186.294392302976,5.063291139240507,75,79,4,0,75,79,43018,0,0,0,0,0
2020-07-11,US,West Virginia,Gilmer,13,0,0,38.9251277,-80.85952723,54021.0,166.17665857088068,0.0,13,13,0,0,13,13,8026,0,0,0,0,0
2020-07-11,US,West Virginia,Grant,19,0,0,39.10314817,-79.19440518,54023.0,164.24619640387274,0.0,19,19,0,0,19,16,11626,0,0,0,0,3
2020-07-11,US,West Virginia,Greenbrier,71,3,0,37.9463652,-80.45335881,54025.0,204.83526628584613,4.225352112676056,68,69,3,0,66,68,34786,2,0,0,2,1
2020-07-11,US,West Virginia,Hampshire,42,1,0,39.32103553,-78.60826476,54027.0,181.2297734627832,2.380952380952381,41,42,1,0,41,42,23347,0,0,0,0,0
2020-07-11,US,West Virginia,Hancock,41,0,0,40.51943859,-80.57461608,54029.0,142.31169732731692,0.0,41,38,0,0,38,35,29094,3,0,0,3,3
2020-07-11,US,West Virginia,Hardy,46,0,0,39.00683177,-78.85855301,54031.0,333.91405342624853,0.0,46,46,0,0,46,46,13775,0,0,0,0,0
2020-07-11,US,West Virginia,Harrison,115,1,0,39.2853852,-80.37919577,54033.0,170.98846199595576,0.8695652173913043,114,109,1,0,108,104,67554,6,0,0,6,5
2020-07-11,US,West Virginia,Jackson,148,18,0,38.84263974,-81.68148753,54035.0,517.9171332586786,12.162162162162161,130,148,18,0,130,149,28706,0,0,0,0,-1
2020-07-11,US,West Virginia,Jefferson,253,4,0,39.30776166,-77.86014147,54037.0,442.7256500892452,1.5810276679841897,249,253,4,0,249,252,56811,0,0,0,0,1
2020-07-11,US,West Virginia,Kanawha,410,20,0,38.33860077,-81.52857054,54039.0,230.1767308167344,4.878048780487805,390,393,20,0,373,384,180454,17,0,0,17,9
2020-07-11,US,West Virginia,Lewis,22,2,0,38.9947249,-80.49988181,54041.0,138.30389136857988,9.090909090909092,20,20,2,0,18,20,16024,2,0,0,2,0
2020-07-11,US,West Virginia,Lincoln,9,0,0,38.172154,-82.07017953,54043.0,44.098191974129065,0.0,9,10,0,0,10,10,20599,-1,0,0,-1,0
2020-07-11,US,West Virginia,Logan,36,1,0,37.8299889,-81.93528571,54045.0,112.43324276211,2.7777777777777777,35,35,1,0,34,31,32607,1,0,0,1,4
2020-07-11,US,West Virginia,Marion,108,2,0,39.50984542,-80.24244659,54049.0,192.60950206876882,1.851851851851852,106,98,2,0,96,96,56097,10,0,0,10,2
2020-07-11,US,West Virginia,Marshall,63,0,0,39.86064362,-80.66591062,54051.0,206.3476466542203,0.0,63,58,0,0,58,55,30785,5,0,0,5,3
2020-07-11,US,West Virginia,Mason,24,0,0,38.77071799,-82.02524219,54053.0,90.5113893498265,0.0,24,23,0,0,23,23,26718,1,0,0,1,0
2020-07-11,US,West Virginia,McDowell,8,0,0,37.38002939,-81.65083669,54047.0,45.39264639128462,0.0,8,8,0,0,8,8,18223,0,0,0,0,0
2020-07-11,US,West Virginia,Mercer,62,0,0,37.40481169,-81.11023142,54055.0,105.5175465468532,0.0,62,62,0,0,62,61,59131,0,0,0,0,1
2020-07-11,US,West Virginia,Mineral,65,3,0,39.41561583,-78.94104895,54057.0,241.92347774304005,4.615384615384615,62,64,3,0,61,62,26940,1,0,0,1,2
2020-07-11,US,West Virginia,Mingo,30,2,0,37.73048351,-82.13338365,54059.0,128.07377049180332,6.666666666666668,28,29,2,0,27,27,23785,1,0,0,1,2
2020-07-11,US,West Virginia,Monongalia,524,5,0,39.63218457,-80.04766838,54061.0,496.1557398780442,0.9541984732824428,519,468,5,0,463,419,106420,56,0,0,56,49
2020-07-11,US,West Virginia,Monroe,15,0,0,37.56274716,-80.54577965,54063.0,112.99435028248587,0.0,15,15,0,0,15,15,13280,0,0,0,0,0
2020-07-11,US,West Virginia,Morgan,20,0,0,39.55439028,-78.26311676,54065.0,111.83180496533214,0.0,20,20,0,0,20,20,17787,0,0,0,0,0
2020-07-11,US,West Virginia,Nicholas,21,1,0,38.29617706,-80.79759588,54067.0,85.72828216851731,4.761904761904762,20,16,1,0,15,16,24842,5,0,0,5,0
2020-07-11,US,West Virginia,Ohio,140,2,0,40.0955451,-80.62203992,54069.0,338.07442466977375,1.4285714285714286,138,138,1,0,137,122,41755,2,1,0,1,16
2020-07-11,US,West Virginia,Pendleton,16,1,0,38.68314479,-79.35084086,54071.0,229.58817620892523,6.25,15,16,1,0,15,14,6997,0,0,0,0,2
2020-07-11,US,West Virginia,Pleasants,5,0,0,39.37091679,-81.16771771,54073.0,67.02412868632706,0.0,5,5,0,0,5,6,7507,0,0,0,0,-1
2020-07-11,US,West Virginia,Pocahontas,37,0,0,38.32758728,-80.00993811,54075.0,448.64799320965204,0.0,37,37,0,0,37,37,8414,0,0,0,0,0
2020-07-11,US,West Virginia,Preston,93,2,0,39.46770987,-79.66712803,54077.0,278.1765972720747,2.150537634408602,91,95,2,0,93,94,33839,-2,0,0,-2,1
2020-07-11,US,West Virginia,Putnam,86,0,0,38.50782345,-81.9082131,54079.0,152.34720992028343,0.0,86,79,0,0,79,78,56682,7,0,0,7,1
2020-07-11,US,West Virginia,Raleigh,76,0,0,37.76936795,-81.2456041,54081.0,103.59727920829869,0.0,76,71,0,0,71,68,74254,5,0,0,5,3
2020-07-11,US,West Virginia,Randolph,187,0,0,38.769899,-79.87919615,54083.0,651.6814776093396,0.0,187,186,0,0,186,176,28823,1,0,0,1,10
2020-07-11,US,West Virginia,Ritchie,2,0,0,39.18094587,-81.06356878,54085.0,20.933640360058615,0.0,2,2,0,0,2,2,9721,0,0,0,0,0
2020-07-11,US,West Virginia,Roane,12,1,0,38.71622686,-81.35243568,54087.0,87.66803039158388,8.333333333333334,11,12,1,0,11,12,13932,0,0,0,0,0
2020-07-11,US,West Virginia,Summers,2,0,0,37.65390597,-80.86009693,54089.0,15.90710252127575,0.0,2,2,0,0,2,2,12760,0,0,0,0,0
2020-07-11,US,West Virginia,Taylor,23,0,0,39.33602617,-80.0421439,54091.0,137.76579814315664,0.0,23,23,0,0,23,20,16862,0,0,0,0,3
2020-07-11,US,West Virginia,Tucker,6,0,0,39.11240885,-79.57053576,54093.0,87.73212457961691,0.0,6,6,0,0,6,6,6955,0,0,0,0,0
2020-07-11,US,West Virginia,Tyler,10,0,0,39.46811972,-80.88772676,54095.0,116.40088464672331,0.0,10,9,0,0,9,7,8746,1,0,0,1,2
2020-07-11,US,West Virginia,Upshur,25,0,0,38.89285061,-80.23689136,54097.0,103.40833884844471,0.0,25,23,0,0,23,23,24415,2,0,0,2,0
2020-07-11,US,West Virginia,Wayne,124,9,0,38.14901357,-82.42287994,54099.0,314.7048373179027,7.258064516129032,115,122,9,0,113,121,39944,2,0,0,2,1
2020-07-11,US,West Virginia,Webster,1,0,0,38.49370949,-80.4202023,54101.0,12.324377618930244,0.0,1,1,0,0,1,1,8285,0,0,0,0,0
2020-07-11,US,West Virginia,Wetzel,34,0,0,39.6065771,-80.64016540000001,54103.0,225.68868237636903,0.0,34,30,0,0,30,26,15270,4,0,0,4,4
2020-07-11,US,West Virginia,Wirt,6,0,0,39.02775007,-81.37473928,54105.0,103.07507301151009,0.0,6,6,0,0,6,5,5830,0,0,0,0,1
2020-07-11,US,West Virginia,Wood,184,2,0,39.20967886,-81.5162836,54107.0,220.31178907540885,1.0869565217391304,182,168,2,0,166,162,84203,16,0,0,16,6
2020-07-11,US,West Virginia,Wyoming,7,0,0,37.612327,-81.54511071,54109.0,34.32382073158772,0.0,7,7,0,0,7,7,20786,0,0,0,0,0
2020-07-11,US,Wisconsin,Adams,37,2,0,43.96974651,-89.76782777,55001.0,182.9871414441148,5.405405405405406,35,37,2,0,35,35,20348,0,0,0,0,2
2020-07-11,US,Wisconsin,Ashland,7,0,0,46.31956891,-90.67837132,55003.0,44.98136486312813,0.0,7,5,0,0,5,3,15600,2,0,0,2,2
2020-07-11,US,Wisconsin,Barron,43,1,0,45.42372701,-91.84833627,55005.0,95.04022632835293,2.3255813953488373,42,41,1,0,40,39,45164,2,0,0,2,2
2020-07-11,US,Wisconsin,Bayfield,6,1,0,46.52868768,-91.19716729,55007.0,39.904229848363926,16.666666666666668,5,5,1,0,4,4,15042,1,0,0,1,1
2020-07-11,US,Wisconsin,Brown,3197,44,0,44.4526553,-88.00411844,55009.0,1208.5037536572645,1.3762902721301222,3153,3144,44,0,3100,3123,263378,53,0,0,53,21
2020-07-11,US,Wisconsin,Buffalo,13,2,0,44.37835084,-91.75332578,55011.0,99.7621057478321,15.384615384615385,11,11,2,0,9,11,13125,2,0,0,2,0
2020-07-11,US,Wisconsin,Burnett,5,1,0,45.86303537,-92.36711412,55013.0,32.4380433372259,20.0,4,5,1,0,4,6,15392,0,0,0,0,-1
2020-07-11,US,Wisconsin,Calumet,151,2,0,44.0816316,-88.21780273,55015.0,301.46339515662123,1.3245033112582782,149,143,2,0,141,133,50159,8,0,0,8,10
2020-07-11,US,Wisconsin,Chippewa,132,0,0,45.06939744,-91.28068855,55017.0,204.1510717931269,0.0,132,130,0,0,130,127,64135,2,0,0,2,3
2020-07-11,US,Wisconsin,Clark,99,7,0,44.73483377,-90.61207486,55019.0,284.69546212687635,7.070707070707071,92,98,7,0,91,93,34709,1,0,0,1,5
2020-07-11,US,Wisconsin,Columbia,116,1,0,43.46492199,-89.33589004,55021.0,201.62692067023568,0.8620689655172413,115,113,1,0,112,110,57358,3,0,0,3,3
2020-07-11,US,Wisconsin,Crawford,45,0,0,43.23870316,-90.93073686,55023.0,278.96596615212945,0.0,45,45,0,0,45,44,16291,0,0,0,0,1
2020-07-11,US,Wisconsin,Dane,2884,33,0,43.06601594,-89.41733797,55025.0,527.5336339275099,1.144244105409154,2851,2771,33,0,2738,2652,542364,113,0,0,113,119
2020-07-11,US,Wisconsin,Dodge,511,5,0,43.41576662,-88.70928178,55027.0,581.7461492047952,0.9784735812133072,506,501,5,0,496,492,87847,10,0,0,10,9
2020-07-11,US,Wisconsin,Door,53,3,0,44.95856458,-87.30002707,55029.0,191.5570333959809,5.660377358490566,50,53,3,0,50,52,27610,0,0,0,0,1
2020-07-11,US,Wisconsin,Douglas,56,0,0,46.43222285,-91.91595768,55031.0,129.7798377752028,0.0,56,50,0,0,50,48,43208,6,0,0,6,2
2020-07-11,US,Wisconsin,Dunn,54,0,0,44.94562799,-91.8962481,55033.0,119.02662669723152,0.0,54,54,0,0,54,50,45131,0,0,0,0,4
2020-07-11,US,Wisconsin,Eau Claire,332,1,0,44.726614,-91.28609183,55035.0,317.26009594251093,0.3012048192771085,331,323,1,0,322,314,104534,9,0,0,9,9
2020-07-11,US,Wisconsin,Florence,4,0,0,45.84963535,-88.39804137,55037.0,93.13154831199068,0.0,4,4,0,0,4,4,4321,0,0,0,0,0
2020-07-11,US,Wisconsin,Fond du Lac,374,6,0,43.75354908,-88.48885325,55039.0,361.69163370501815,1.60427807486631,368,364,6,0,358,354,103066,10,0,0,10,10
2020-07-11,US,Wisconsin,Forest,48,3,0,45.66678019,-88.77084892,55041.0,533.0964015992892,6.25,45,47,3,0,44,45,8991,1,0,0,1,2
2020-07-11,US,Wisconsin,Grant,198,13,0,42.8671731,-90.7063218,55043.0,384.92194638309456,6.565656565656567,185,188,13,0,175,185,51554,10,0,0,10,3
2020-07-11,US,Wisconsin,Green,106,1,0,42.6794956,-89.60243287,55045.0,286.7965367965368,0.9433962264150944,105,105,1,0,104,103,36929,1,0,0,1,2
2020-07-11,US,Wisconsin,Green Lake,42,0,0,43.80025981,-89.04679553,55047.0,222.06947602178397,0.0,42,41,0,0,41,41,18918,1,0,0,1,0
2020-07-11,US,Wisconsin,Iowa,45,0,0,43.00050278,-90.13469017,55049.0,190.04983529014274,0.0,45,41,0,0,41,38,23771,4,0,0,4,3
2020-07-11,US,Wisconsin,Iron,10,2,0,46.26302338,-90.24295041,55051.0,175.83963425356075,20.0,8,9,1,0,8,9,5676,1,1,0,0,0
2020-07-11,US,Wisconsin,Jackson,34,1,0,44.31864893,-90.80566792,55053.0,164.70474252773337,2.9411764705882355,33,34,1,0,33,32,20478,0,0,0,0,2
2020-07-11,US,Wisconsin,Jefferson,352,4,0,43.02054068,-88.77529134,55055.0,415.24613950854683,1.1363636363636365,348,338,4,0,334,315,85129,14,0,0,14,23
2020-07-11,US,Wisconsin,Juneau,50,1,0,43.92456975,-90.11120239,55057.0,187.3571401806123,2.0,49,50,1,0,49,47,26617,0,0,0,0,3
2020-07-11,US,Wisconsin,Kenosha,1717,46,0,42.57639354,-88.04051686,55059.0,1012.6149291405452,2.6790914385556204,1671,1697,46,0,1651,1666,169290,20,0,0,20,31
2020-07-11,US,Wisconsin,Kewaunee,75,1,0,44.51727459,-87.61468386,55061.0,367.03533326808264,1.3333333333333333,74,69,1,0,68,69,20383,6,0,0,6,0
2020-07-11,US,Wisconsin,La Crosse,582,0,0,43.90632465,-91.11451093,55063.0,493.15347071583517,0.0,582,565,0,0,565,556,118230,17,0,0,17,9
2020-07-11,US,Wisconsin,Lafayette,78,0,0,42.66005229,-90.1317729,55065.0,468.046804680468,0.0,78,76,0,0,76,76,16665,2,0,0,2,0
2020-07-11,US,Wisconsin,Langlade,10,1,0,45.26271619,-89.07483625,55067.0,52.11318984835062,10.0,9,10,1,0,9,10,19268,0,0,0,0,0
2020-07-11,US,Wisconsin,Lincoln,21,0,0,45.33737523,-89.73411273,55069.0,76.10625883376218,0.0,21,20,0,0,20,21,27689,1,0,0,1,-1
2020-07-11,US,Wisconsin,Manitowoc,147,1,0,44.11946801,-87.80928853,55071.0,186.12071257644246,0.6802721088435374,146,139,1,0,138,132,79074,8,0,0,8,7
2020-07-11,US,Wisconsin,Marathon,268,1,0,44.89792533,-89.75863384,55073.0,197.5061167939156,0.373134328358209,267,257,1,0,256,240,135428,11,0,0,11,17
2020-07-11,US,Wisconsin,Marinette,89,3,0,45.38553432,-88.03324599999998,55075.0,220.57001239157373,3.3707865168539324,86,82,3,0,79,75,40434,7,0,0,7,7
2020-07-11,US,Wisconsin,Marquette,49,1,0,43.81911946,-89.40073763,55077.0,314.62694233979715,2.0408163265306123,48,44,1,0,43,44,15434,5,0,0,5,0
2020-07-11,US,Wisconsin,Menominee,9,0,0,45.00422544,-88.70950714,55078.0,197.5417032484636,0.0,9,9,0,0,9,9,4658,0,0,0,0,0
2020-07-11,US,Wisconsin,Milwaukee,13661,398,0,43.00486062,-87.96733172,55079.0,1444.4987237318207,2.913403118366152,13263,13312,398,0,12914,13004,948201,349,0,0,349,308
2020-07-11,US,Wisconsin,Monroe,130,1,0,43.94641218,-90.618819,55081.0,281.06284997729875,0.7692307692307693,129,120,1,0,119,110,46051,10,0,0,10,10
2020-07-11,US,Wisconsin,Oconto,78,0,0,45.02715345,-88.26807503,55083.0,205.6419720537833,0.0,78,75,0,0,75,73,37830,3,0,0,3,2
2020-07-11,US,Wisconsin,Oneida,28,0,0,45.70677897,-89.51944105,55085.0,78.66273352999016,0.0,28,24,0,0,24,24,35470,4,0,0,4,0
2020-07-11,US,Wisconsin,Outagamie,633,9,0,44.41578887,-88.46565023,55087.0,336.9082151315965,1.4218009478672986,624,615,9,0,606,597,187365,18,0,0,18,18
2020-07-11,US,Wisconsin,Ozaukee,303,16,0,43.38352225,-87.94625009,55089.0,339.60614653500863,5.2805280528052805,287,287,15,0,272,281,89147,16,1,0,15,6
2020-07-11,US,Wisconsin,Pepin,14,0,0,44.58307413,-91.99949611,55091.0,192.12295869356387,0.0,14,5,0,0,5,4,7289,9,0,0,9,1
2020-07-11,US,Wisconsin,Pierce,99,0,0,44.71850291,-92.4224416,55093.0,231.5572811900641,0.0,99,92,0,0,92,83,42555,7,0,0,7,9
2020-07-11,US,Wisconsin,Polk,68,2,0,45.46130348,-92.44182875,55095.0,155.31142224150923,2.9411764705882355,66,66,2,0,64,63,43598,2,0,0,2,3
2020-07-11,US,Wisconsin,Portage,234,0,0,44.47558711,-89.50152965,55097.0,330.63923585598826,0.0,234,224,0,0,224,211,70942,10,0,0,10,13
2020-07-11,US,Wisconsin,Price,8,0,0,45.68051754,-90.3609888,55099.0,59.9206051981125,0.0,8,6,0,0,6,4,13397,2,0,0,2,2
2020-07-11,US,Wisconsin,Racine,2326,65,0,42.74753117,-88.05941254,55101.0,1184.854643906862,2.7944969905417025,2261,2306,65,0,2241,2294,196584,20,0,0,20,12
2020-07-11,US,Wisconsin,Richland,16,4,0,43.3762778,-90.43012729,55103.0,92.74287039183862,25.0,12,16,4,0,12,15,17377,0,0,0,0,1
2020-07-11,US,Wisconsin,Rock,1023,24,0,42.67151616,-89.07147900000002,55105.0,626.2472911590778,2.3460410557184748,999,1008,24,0,984,982,163129,15,0,0,15,26
2020-07-11,US,Wisconsin,Rusk,11,1,0,45.47498854,-91.1333012,55107.0,77.58499083086474,9.090909090909092,10,11,1,0,10,11,14147,0,0,0,0,0
2020-07-11,US,Wisconsin,Sauk,147,3,0,43.42574087,-89.94966132,55111.0,228.11210080382358,2.0408163265306123,144,144,3,0,141,137,64249,3,0,0,3,7
2020-07-11,US,Wisconsin,Sawyer,15,0,0,45.87931905,-91.14504927,55113.0,90.59065104481218,0.0,15,15,0,0,15,15,16489,0,0,0,0,0
2020-07-11,US,Wisconsin,Shawano,94,0,0,44.78902246,-88.76443896,55115.0,229.83447028044696,0.0,94,91,0,0,91,89,40796,3,0,0,3,2
2020-07-11,US,Wisconsin,Sheboygan,283,4,0,43.72099677,-87.94579284,55117.0,245.3615397953876,1.413427561837456,279,275,4,0,271,265,115456,8,0,0,8,10
2020-07-11,US,Wisconsin,St. Croix,263,2,0,45.03437474,-92.45000068,55109.0,290.0084907428849,0.7604562737642585,261,257,1,0,256,243,89694,6,1,0,5,14
2020-07-11,US,Wisconsin,Taylor,17,0,0,45.21179252,-90.5004405,55119.0,83.56682888462863,0.0,17,19,0,0,19,18,20412,-2,0,0,-2,1
2020-07-11,US,Wisconsin,Trempealeau,178,0,0,44.30360275,-91.35893614,55121.0,600.357516273736,0.0,178,172,0,0,172,168,29442,6,0,0,6,4
2020-07-11,US,Wisconsin,Vernon,40,0,0,43.59422667,-90.8324691,55123.0,129.77743170462657,0.0,40,41,0,0,41,40,30785,-1,0,0,-1,1
2020-07-11,US,Wisconsin,Vilas,16,0,0,46.05467334,-89.51719204,55125.0,72.08830817751745,0.0,16,15,0,0,15,14,21938,1,0,0,1,1
2020-07-11,US,Wisconsin,Walworth,752,18,0,42.66858202,-88.54163073,55127.0,723.9958408749568,2.3936170212765955,734,734,18,0,716,723,103718,18,0,0,18,11
2020-07-11,US,Wisconsin,Washburn,6,0,0,45.89838588,-91.79050449,55129.0,38.16793893129771,0.0,6,5,0,0,5,5,15878,1,0,0,1,0
2020-07-11,US,Wisconsin,Washington,482,19,0,43.36863664,-88.22974712,55131.0,354.32318390990486,3.941908713692946,463,466,17,0,449,461,135693,16,2,0,14,5
2020-07-11,US,Wisconsin,Waukesha,1630,40,0,43.01833055,-88.30431188,55133.0,403.2677054314965,2.4539877300613497,1590,1576,40,0,1536,1526,403072,54,0,0,54,50
2020-07-11,US,Wisconsin,Waupaca,169,13,0,44.47068056,-88.96534501,55135.0,331.43753677191614,7.6923076923076925,156,161,11,0,150,157,51128,8,2,0,6,4
2020-07-11,US,Wisconsin,Waushara,43,0,0,44.11324419,-89.24317107,55137.0,175.91948615145438,0.0,43,41,0,0,41,38,24263,2,0,0,2,3
2020-07-11,US,Wisconsin,Winnebago,760,13,0,44.06886922,-88.64477096,55139.0,442.0995072917334,1.7105263157894737,747,755,13,0,742,747,171020,5,0,0,5,8
2020-07-11,US,Wisconsin,Wood,103,1,0,44.45537896,-90.04158336,55141.0,141.09782325785284,0.9708737864077671,102,101,1,0,100,99,73055,2,0,0,2,2
2020-07-11,US,Wyoming,Albany,49,0,0,41.65498705,-105.7235415,56001.0,126.02880658436214,0.0,49,45,0,0,45,45,38601,4,0,0,4,0
2020-07-11,US,Wyoming,Big Horn,30,0,0,44.52405055,-107.9960365,56003.0,254.45292620865138,0.0,30,29,0,0,29,26,11881,1,0,0,1,3
2020-07-11,US,Wyoming,Campbell,85,0,0,44.24886082,-105.5474404,56005.0,183.4228868604476,0.0,85,82,0,0,82,75,46140,3,0,0,3,7
2020-07-11,US,Wyoming,Carbon,29,0,0,41.69357844,-106.9326084,56007.0,195.945945945946,0.0,29,29,0,0,29,29,14971,0,0,0,0,0
2020-07-11,US,Wyoming,Converse,28,0,0,42.97272268,-105.5081848,56009.0,202.57560410939084,0.0,28,27,0,0,27,27,13640,1,0,0,1,0
2020-07-11,US,Wyoming,Crook,7,0,0,44.58855102,-104.5697705,56011.0,92.2995780590717,0.0,7,7,0,0,7,7,7450,0,0,0,0,0
2020-07-11,US,Wyoming,Fremont,384,0,0,43.04183996,-108.6296893,56013.0,978.069840299534,0.0,384,378,0,0,378,379,39531,6,0,0,6,-1
2020-07-11,US,Wyoming,Goshen,9,0,0,42.08798185,-104.3534743,56015.0,68.12504730906063,0.0,9,9,0,0,9,9,13376,0,0,0,0,0
2020-07-11,US,Wyoming,Hot Springs,12,0,0,43.71930657,-108.4423174,56017.0,271.92386131883075,0.0,12,12,0,0,12,12,4555,0,0,0,0,0
2020-07-11,US,Wyoming,Johnson,21,1,0,44.04057166,-106.5845174,56019.0,248.6678507992895,4.761904761904762,20,20,1,0,19,20,8460,1,0,0,1,0
2020-07-11,US,Wyoming,Laramie,323,0,0,41.30702520000001,-104.6887497,56021.0,324.62311557788945,0.0,323,310,0,0,310,307,98976,13,0,0,13,3
2020-07-11,US,Wyoming,Lincoln,41,0,0,42.26376367,-110.6563997,56023.0,206.75743822491174,0.0,41,41,0,0,41,39,19434,0,0,0,0,2
2020-07-11,US,Wyoming,Natrona,159,0,0,42.96180148,-106.797885,56025.0,199.10340855017654,0.0,159,158,0,0,158,158,79115,1,0,0,1,0
2020-07-11,US,Wyoming,Niobrara,2,0,0,43.05607708,-104.4758896,56027.0,84.88964346349746,0.0,2,2,0,0,2,2,2388,0,0,0,0,0
2020-07-11,US,Wyoming,Park,84,0,0,44.52157546,-109.5852825,56029.0,287.7303555525108,0.0,84,81,0,0,81,80,29324,3,0,0,3,1
2020-07-11,US,Wyoming,Platte,4,0,0,42.13299116,-104.966331,56031.0,47.658763255093525,0.0,4,4,0,0,4,4,8566,0,0,0,0,0
2020-07-11,US,Wyoming,Sheridan,29,0,0,44.79048913,-106.8862389,56033.0,95.12875184516977,0.0,29,29,0,0,29,27,30233,0,0,0,0,2
2020-07-11,US,Wyoming,Sublette,7,0,0,42.76558279,-109.9130922,56035.0,71.20333638490489,0.0,7,6,0,0,6,6,9813,1,0,0,1,0
2020-07-11,US,Wyoming,Sweetwater,136,0,0,41.65943896,-108.8827882,56037.0,321.18650072030795,0.0,136,128,0,0,128,126,43051,8,0,0,8,2
2020-07-11,US,Wyoming,Teton,155,0,0,43.93522482,-110.5890801,56039.0,660.5864302761678,0.0,155,150,0,0,150,149,23081,5,0,0,5,1
2020-07-11,US,Wyoming,Uinta,201,0,0,41.2878183,-110.54757820000002,56041.0,993.7703945416788,0.0,201,200,0,0,200,198,20299,1,0,0,1,2
2020-07-11,US,Wyoming,Unassigned,0,20,0,0.0,0.0,90056.0,0.0,0.0,-20,0,20,0,-20,0,,0,0,0,0,0
2020-07-11,US,Wyoming,Washakie,43,0,0,43.90451606,-107.68018700000002,56043.0,550.9288917360666,0.0,43,42,0,0,42,43,7885,1,0,0,1,-1
2020-07-11,US,Wyoming,Weston,1,0,0,43.83961191,-104.5674881,56045.0,14.436263894903998,0.0,1,1,0,0,1,1,6967,0,0,0,0,0
